[name]
unknown

[dist]
# distance from previous block
# <min> <max>
0	1

[block]
# block no. 0 follows, 24 sequences, length 69
# corresponding to MSA columns:
# 1-69
name=unknown_A
#
# <colnr> <probs for GDERKNQSTAVLIFYWHMCP>
#	G	D	E	R	K	N	Q	S	T	A	V	L	I	F	Y	W	H	M	C	P
0	0.01278	0.00913	0.01278	0.01460	0.01643	0.00913	0.01278	0.01643	0.01825	0.02373	0.04199	0.08945	0.04564	0.02191	0.01095	0.00365	0.00730	0.61847	0.00730	0.00730
1	0.03499	0.01444	0.01899	0.01456	0.02072	0.01306	0.01203	0.10467	0.02428	0.60908	0.02995	0.02613	0.01896	0.00978	0.00797	0.00245	0.00696	0.00788	0.00961	0.01349
2	0.39933	0.01524	0.01551	0.01271	0.01820	0.01602	0.01046	0.08136	0.04172	0.28725	0.02035	0.01949	0.01385	0.00862	0.00647	0.00246	0.00659	0.00613	0.00718	0.01105
3	0.03092	0.02097	0.02303	0.01766	0.02397	0.02275	0.01459	0.55913	0.03521	0.13918	0.02078	0.02017	0.01436	0.00956	0.00794	0.00239	0.00844	0.00726	0.00820	0.01349
4	0.01963	0.01884	0.03219	0.04867	0.67185	0.01884	0.02434	0.02434	0.01806	0.02591	0.01492	0.01963	0.01256	0.00707	0.00785	0.00236	0.00942	0.00707	0.00393	0.01256
5	0.01122	0.00811	0.01060	0.00998	0.01185	0.00748	0.00748	0.01496	0.02245	0.03180	0.66766	0.05923	0.07482	0.01621	0.00935	0.00249	0.00374	0.01434	0.00873	0.00748
6	0.01963	0.01884	0.03219	0.04867	0.67185	0.01884	0.02434	0.02434	0.01806	0.02591	0.01492	0.01963	0.01256	0.00707	0.00785	0.00236	0.00942	0.00707	0.00393	0.01256
7	0.01872	0.02139	0.04679	0.03342	0.04144	0.02005	0.64305	0.02540	0.01872	0.02540	0.01604	0.02139	0.01203	0.00668	0.00936	0.00267	0.01337	0.00936	0.00401	0.01070
8	0.02120	0.72609	0.04155	0.01357	0.02035	0.03138	0.01357	0.02374	0.01611	0.01866	0.01102	0.01272	0.01018	0.00678	0.00509	0.00170	0.00848	0.00424	0.00339	0.01018
9	0.01278	0.00913	0.01278	0.01460	0.01643	0.00913	0.01278	0.01643	0.01825	0.02373	0.04199	0.08945	0.04564	0.02191	0.01095	0.00365	0.00730	0.61847	0.00730	0.00730
10	0.01907	0.01401	0.01671	0.01207	0.01899	0.01072	0.00971	0.02254	0.01730	0.11543	0.01646	0.01789	0.01283	0.00641	0.00616	0.00135	0.00599	0.00515	0.00540	0.66579
11	0.01644	0.01409	0.01644	0.01175	0.01879	0.01057	0.00940	0.01997	0.01644	0.02584	0.01409	0.01644	0.01175	0.00587	0.00587	0.00117	0.00587	0.00470	0.00470	0.76979
12	0.02042	0.01558	0.01873	0.01392	0.02060	0.01359	0.03187	0.10421	0.07585	0.09266	0.01805	0.01911	0.01383	0.00718	0.00665	0.00164	0.00661	0.00586	0.00588	0.50777
13	0.77733	0.01534	0.01166	0.01043	0.01534	0.01779	0.00859	0.02331	0.01350	0.03558	0.01104	0.01288	0.00859	0.00736	0.00491	0.00245	0.00613	0.00429	0.00491	0.00859
14	0.77733	0.01534	0.01166	0.01043	0.01534	0.01779	0.00859	0.02331	0.01350	0.03558	0.01104	0.01288	0.00859	0.00736	0.00491	0.00245	0.00613	0.00429	0.00491	0.00859
15	0.01133	0.00850	0.01274	0.01274	0.01416	0.00991	0.00991	0.01416	0.01274	0.01841	0.02124	0.03115	0.01982	0.05947	0.68989	0.01274	0.02124	0.00850	0.00425	0.00708
16	0.26705	0.01409	0.01622	0.01287	0.01866	0.01354	0.01062	0.03319	0.01960	0.45349	0.02434	0.02220	0.01590	0.00891	0.00694	0.00241	0.00652	0.00671	0.00810	0.03866
17	0.02357	0.01536	0.01818	0.01355	0.02016	0.01345	0.01100	0.12633	0.04566	0.19337	0.01989	0.02000	0.01447	0.00763	0.00682	0.00175	0.00657	0.00607	0.00663	0.42953
18	0.01091	0.00779	0.00896	0.00896	0.00991	0.00736	0.00577	0.01217	0.01532	0.02028	0.16920	0.10366	0.16689	0.38974	0.02578	0.00532	0.00594	0.01389	0.00629	0.00584
19	0.02108	0.69150	0.04181	0.01454	0.02139	0.03082	0.04447	0.02383	0.01624	0.01899	0.01127	0.01315	0.01027	0.00678	0.00530	0.00174	0.00872	0.00449	0.00342	0.01020
20	0.01133	0.00850	0.01274	0.01274	0.01416	0.00991	0.00991	0.01416	0.01274	0.01841	0.02124	0.03115	0.01982	0.05947	0.68989	0.01274	0.02124	0.00850	0.00425	0.00708
21	0.01919	0.01840	0.03141	0.10950	0.61440	0.01873	0.02412	0.02396	0.01785	0.02538	0.01484	0.01977	0.01238	0.00715	0.00786	0.00238	0.00953	0.00706	0.00389	0.01221
22	0.01498	0.01409	0.02378	0.70226	0.05462	0.01762	0.02202	0.02026	0.01586	0.02026	0.01409	0.02114	0.01057	0.00793	0.00793	0.00264	0.01057	0.00705	0.00352	0.00881
23	0.02967	0.03634	0.02260	0.02023	0.02452	0.62757	0.01530	0.08881	0.02385	0.02225	0.01289	0.01474	0.01052	0.00830	0.00722	0.00207	0.01378	0.00530	0.00444	0.00959
24	0.00974	0.00703	0.00922	0.01081	0.01148	0.00652	0.00730	0.01130	0.01578	0.02101	0.08340	0.64188	0.08707	0.02406	0.01003	0.00315	0.00452	0.02173	0.00744	0.00652
25	0.01675	0.01437	0.01658	0.01215	0.01896	0.01142	0.00969	0.02203	0.07613	0.02652	0.01579	0.01767	0.01291	0.00633	0.00608	0.00132	0.00591	0.00510	0.00501	0.69928
26	0.01926	0.01838	0.03082	0.09885	0.59099	0.01879	0.02357	0.02489	0.04927	0.02582	0.01570	0.02024	0.01297	0.00732	0.00787	0.00239	0.00936	0.00716	0.00410	0.01226
27	0.01498	0.01409	0.02378	0.70226	0.05462	0.01762	0.02202	0.02026	0.01586	0.02026	0.01409	0.02114	0.01057	0.00793	0.00793	0.00264	0.01057	0.00705	0.00352	0.00881
28	0.75002	0.01527	0.01190	0.01056	0.01552	0.01756	0.00870	0.02387	0.01383	0.05921	0.01179	0.01340	0.00899	0.00745	0.00502	0.00245	0.00616	0.00443	0.00509	0.00877
29	0.00988	0.00719	0.00894	0.01024	0.01098	0.00666	0.00680	0.01116	0.01511	0.01974	0.04669	0.52415	0.14373	0.12240	0.01427	0.00377	0.00495	0.02010	0.00700	0.00625
30	0.03014	0.02221	0.02380	0.01825	0.02459	0.02459	0.01507	0.64541	0.03728	0.04998	0.01904	0.01904	0.01349	0.00952	0.00793	0.00238	0.00873	0.00714	0.00793	0.01349
31	0.77733	0.01534	0.01166	0.01043	0.01534	0.01779	0.00859	0.02331	0.01350	0.03558	0.01104	0.01288	0.00859	0.00736	0.00491	0.00245	0.00613	0.00429	0.00491	0.00859
32	0.01133	0.00850	0.01274	0.01274	0.01416	0.00991	0.00991	0.01416	0.01274	0.01841	0.02124	0.03115	0.01982	0.05947	0.68989	0.01274	0.02124	0.00850	0.00425	0.00708
33	0.02834	0.02086	0.02244	0.01767	0.02365	0.02313	0.01445	0.50413	0.15691	0.07190	0.02210	0.02140	0.01581	0.00977	0.00796	0.00244	0.00817	0.00753	0.00803	0.01330
34	0.01266	0.00936	0.01343	0.07826	0.01947	0.00964	0.01307	0.01622	0.01771	0.02304	0.03957	0.14901	0.04309	0.02091	0.01058	0.00351	0.00732	0.49886	0.00696	0.00735
35	0.01146	0.00766	0.00867	0.00874	0.00876	0.00764	0.00490	0.01151	0.01167	0.01556	0.02571	0.07759	0.02974	0.69437	0.03919	0.00752	0.00757	0.01196	0.00490	0.00487
36	0.62118	0.01495	0.01308	0.01120	0.01637	0.01650	0.00923	0.02654	0.01543	0.17068	0.01530	0.01585	0.01091	0.00788	0.00555	0.00245	0.00626	0.00507	0.00594	0.00962
37	0.00961	0.00803	0.00827	0.00822	0.01072	0.00680	0.00610	0.01169	0.01818	0.02204	0.12713	0.07390	0.59320	0.04810	0.01062	0.00286	0.00414	0.01633	0.00737	0.00668
38	0.73642	0.01543	0.01199	0.01074	0.01562	0.01789	0.00880	0.02433	0.04827	0.03545	0.01219	0.01378	0.00943	0.00754	0.00508	0.00247	0.00614	0.00455	0.00508	0.00880
39	0.01063	0.00810	0.00881	0.00877	0.01111	0.00699	0.00643	0.01268	0.01805	0.04443	0.13657	0.13085	0.48510	0.06214	0.01127	0.00300	0.00436	0.01640	0.00744	0.00687
40	0.74735	0.01526	0.01193	0.01058	0.01553	0.01754	0.00871	0.02393	0.01387	0.06151	0.01186	0.01345	0.00903	0.00746	0.00503	0.00245	0.00616	0.00444	0.00511	0.00879
41	0.01203	0.00821	0.01010	0.00991	0.01202	0.00733	0.00732	0.01474	0.01972	0.07040	0.32655	0.19507	0.23981	0.01865	0.00942	0.00269	0.00420	0.01627	0.00813	0.00745
42	0.01247	0.00891	0.01240	0.01408	0.01581	0.00884	0.01208	0.01597	0.01830	0.02398	0.07993	0.13102	0.04787	0.02177	0.01080	0.00355	0.00690	0.54069	0.00739	0.00725
43	0.01318	0.00834	0.01043	0.01053	0.01261	0.00754	0.00786	0.01569	0.01864	0.09481	0.19488	0.26611	0.19820	0.01928	0.00942	0.00282	0.00466	0.06015	0.03726	0.00760
44	0.01134	0.00763	0.00879	0.00894	0.00907	0.00756	0.00517	0.01165	0.01240	0.01662	0.05781	0.11410	0.03325	0.62237	0.03605	0.00702	0.00721	0.01269	0.00523	0.00509
45	0.77733	0.01534	0.01166	0.01043	0.01534	0.01779	0.00859	0.02331	0.01350	0.03558	0.01104	0.01288	0.00859	0.00736	0.00491	0.00245	0.00613	0.00429	0.00491	0.00859
46	0.01359	0.01029	0.01409	0.01346	0.01552	0.01187	0.01055	0.07463	0.05401	0.02224	0.02170	0.02993	0.01950	0.05188	0.58518	0.01117	0.01917	0.00840	0.00482	0.00801
47	0.01364	0.00697	0.01046	0.01046	0.01054	0.00705	0.00705	0.01054	0.01046	0.01402	0.01418	0.02449	0.01410	0.02927	0.06657	0.72844	0.00766	0.00697	0.00349	0.00364
48	0.01566	0.01479	0.02502	0.60611	0.14541	0.01780	0.02236	0.02086	0.01618	0.02109	0.01422	0.02092	0.01086	0.00780	0.00792	0.00260	0.01040	0.00705	0.00358	0.00936
49	0.01039	0.00748	0.00971	0.01123	0.01208	0.00707	0.00801	0.01211	0.01565	0.02053	0.04467	0.48597	0.09990	0.08876	0.01303	0.00367	0.00534	0.13083	0.00711	0.00647
50	0.01150	0.00775	0.00883	0.00874	0.00925	0.00759	0.00529	0.01232	0.01371	0.01871	0.11975	0.05342	0.07367	0.54704	0.03253	0.00639	0.00673	0.01206	0.03929	0.00541
51	0.02013	0.01957	0.03103	0.12216	0.44342	0.05163	0.08023	0.06438	0.04126	0.02664	0.01565	0.02002	0.01262	0.00747	0.00798	0.00242	0.01001	0.00725	0.00429	0.01183
52	0.01368	0.00710	0.01056	0.01073	0.01090	0.00710	0.00744	0.01090	0.01107	0.01470	0.01640	0.03019	0.01674	0.02702	0.02913	0.69800	0.00693	0.06383	0.00380	0.00380
53	0.02962	0.03779	0.02247	0.02043	0.02451	0.68948	0.01532	0.03166	0.02247	0.01941	0.01226	0.01430	0.01021	0.00817	0.00715	0.00204	0.01430	0.00511	0.00409	0.00919
54	0.01498	0.01409	0.02378	0.70226	0.05462	0.01762	0.02202	0.02026	0.01586	0.02026	0.01409	0.02114	0.01057	0.00793	0.00793	0.00264	0.01057	0.00705	0.00352	0.00881
55	0.01590	0.04102	0.68023	0.02260	0.03432	0.01842	0.02930	0.02511	0.01674	0.02511	0.01423	0.01674	0.01005	0.00753	0.00753	0.00251	0.01172	0.00586	0.00335	0.01172
56	0.01498	0.01409	0.02378	0.70226	0.05462	0.01762	0.02202	0.02026	0.01586	0.02026	0.01409	0.02114	0.01057	0.00793	0.00793	0.00264	0.01057	0.00705	0.00352	0.00881
57	0.01498	0.01409	0.02378	0.70226	0.05462	0.01762	0.02202	0.02026	0.01586	0.02026	0.01409	0.02114	0.01057	0.00793	0.00793	0.00264	0.01057	0.00705	0.00352	0.00881
58	0.01540	0.06277	0.02500	0.65517	0.05227	0.01856	0.02144	0.02050	0.01587	0.02015	0.01388	0.02057	0.01054	0.00785	0.00773	0.00258	0.01043	0.00686	0.00351	0.00890
59	0.06318	0.00831	0.01075	0.07518	0.01572	0.00849	0.00882	0.01345	0.01518	0.02178	0.03666	0.50190	0.04216	0.05468	0.01078	0.00327	0.00548	0.04487	0.05253	0.00682
60	0.01511	0.01600	0.05778	0.02130	0.02510	0.01581	0.22486	0.02012	0.05453	0.02263	0.02443	0.22229	0.02478	0.01837	0.07565	0.00390	0.13082	0.01247	0.00512	0.00894
61	0.00964	0.00795	0.00849	0.00879	0.01112	0.00681	0.00657	0.01171	0.01788	0.02175	0.09418	0.15465	0.54270	0.02062	0.00954	0.00278	0.00424	0.04646	0.00741	0.00672
62	0.01725	0.03914	0.63498	0.02202	0.03336	0.01795	0.02809	0.02604	0.01715	0.06970	0.01540	0.01744	0.01070	0.00769	0.00756	0.00251	0.01138	0.00600	0.00379	0.01184
63	0.01689	0.16903	0.56088	0.02091	0.03171	0.02084	0.02636	0.02486	0.01662	0.02391	0.01363	0.01599	0.01007	0.00739	0.00708	0.00236	0.01111	0.00556	0.00336	0.01143
64	0.00978	0.00699	0.00934	0.01118	0.01169	0.00654	0.00757	0.01125	0.01530	0.02038	0.04364	0.69239	0.05219	0.02473	0.01015	0.00324	0.00470	0.04512	0.00736	0.00647
65	0.01590	0.04102	0.68023	0.02260	0.03432	0.01842	0.02930	0.02511	0.01674	0.02511	0.01423	0.01674	0.01005	0.00753	0.00753	0.00251	0.01172	0.00586	0.00335	0.01172
66	0.03598	0.01704	0.02102	0.01710	0.02305	0.01545	0.01344	0.06472	0.10591	0.52903	0.03377	0.03192	0.02327	0.01249	0.00964	0.00322	0.00810	0.00923	0.01053	0.01510
67	0.01530	0.01430	0.02338	0.65535	0.05229	0.01776	0.02138	0.02176	0.05972	0.02114	0.01534	0.02172	0.01150	0.00812	0.00794	0.00265	0.01028	0.00718	0.00383	0.00906
68	0.00976	0.00845	0.00911	0.05549	0.01371	0.00744	0.00712	0.01199	0.01792	0.02134	0.07580	0.07254	0.62364	0.01925	0.00927	0.00268	0.00446	0.01607	0.00710	0.00684

[dist]
# distance from previous block
# <min> <max>
0	4

[block]
# block no. 1 follows, 24 sequences, length 70
# corresponding to MSA columns:
# 74-143
name=unknown_B
#
# <colnr> <probs for GDERKNQSTAVLIFYWHMCP>
#	G	D	E	R	K	N	Q	S	T	A	V	L	I	F	Y	W	H	M	C	P
0	0.00977	0.00699	0.00930	0.01096	0.01153	0.00652	0.00737	0.01133	0.01571	0.02108	0.08901	0.66845	0.05407	0.02422	0.01007	0.00317	0.00454	0.02195	0.00746	0.00652
1	0.01109	0.00776	0.01024	0.01185	0.01299	0.00744	0.00902	0.01344	0.01649	0.02217	0.04367	0.41917	0.07895	0.02246	0.01004	0.00324	0.00543	0.22537	0.06237	0.00682
2	0.01817	0.02043	0.04416	0.03172	0.03930	0.01914	0.59691	0.02464	0.01899	0.02587	0.06335	0.02414	0.01659	0.00738	0.00936	0.00266	0.01267	0.00972	0.00435	0.01046
3	0.03407	0.01305	0.01760	0.01362	0.01944	0.01135	0.01121	0.03718	0.02226	0.63031	0.03089	0.02718	0.01968	0.00977	0.00780	0.00241	0.00653	0.00793	0.06467	0.01305
4	0.07118	0.03915	0.63169	0.02172	0.03294	0.01837	0.02779	0.02498	0.01651	0.02587	0.01400	0.01646	0.00994	0.00752	0.00734	0.00251	0.01131	0.00575	0.00346	0.01149
5	0.01853	0.01777	0.02634	0.04976	0.06649	0.04148	0.11767	0.09517	0.01734	0.02434	0.01604	0.06855	0.01487	0.01569	0.06968	0.00377	0.31395	0.00853	0.00448	0.00957
6	0.02059	0.67403	0.03946	0.01364	0.02007	0.02976	0.01351	0.02321	0.01627	0.01903	0.01327	0.01829	0.01275	0.00788	0.00551	0.00184	0.00839	0.04883	0.00368	0.00997
7	0.01498	0.01409	0.02378	0.70226	0.05462	0.01762	0.02202	0.02026	0.01586	0.02026	0.01409	0.02114	0.01057	0.00793	0.00793	0.00264	0.01057	0.00705	0.00352	0.00881
8	0.01705	0.01572	0.02596	0.55004	0.07715	0.01859	0.07035	0.08595	0.01841	0.02400	0.01480	0.02088	0.01108	0.00796	0.00804	0.00261	0.01055	0.00724	0.00404	0.00961
9	0.01903	0.01802	0.01850	0.01640	0.02069	0.09235	0.04844	0.03461	0.43337	0.02914	0.03632	0.03641	0.11455	0.01200	0.00834	0.00265	0.00730	0.03360	0.00726	0.01103
10	0.00966	0.00690	0.00920	0.01104	0.01150	0.00644	0.00736	0.01104	0.01518	0.02024	0.04371	0.71614	0.05245	0.02484	0.01012	0.00322	0.00460	0.02254	0.00736	0.00644
11	0.01532	0.01460	0.02511	0.64766	0.07829	0.01777	0.04897	0.02064	0.01607	0.02070	0.01421	0.02109	0.01071	0.00784	0.00799	0.00263	0.01065	0.00715	0.00356	0.00904
12	0.01367	0.01013	0.01353	0.01526	0.04417	0.01014	0.01205	0.06487	0.01924	0.02514	0.04245	0.17863	0.09417	0.02060	0.01032	0.00335	0.00681	0.40043	0.00722	0.00783
13	0.01027	0.00733	0.00990	0.01173	0.01246	0.00696	0.00841	0.01209	0.01578	0.02092	0.04337	0.59458	0.05113	0.02427	0.01028	0.00330	0.00512	0.13814	0.00735	0.00661
14	0.01498	0.01409	0.02378	0.70226	0.05462	0.01762	0.02202	0.02026	0.01586	0.02026	0.01409	0.02114	0.01057	0.00793	0.00793	0.00264	0.01057	0.00705	0.00352	0.00881
15	0.01590	0.04102	0.68023	0.02260	0.03432	0.01842	0.02930	0.02511	0.01674	0.02511	0.01423	0.01674	0.01005	0.00753	0.00753	0.00251	0.01172	0.00586	0.00335	0.01172
16	0.02962	0.03779	0.02247	0.02043	0.02451	0.68948	0.01532	0.03166	0.02247	0.01941	0.01226	0.01430	0.01021	0.00817	0.00715	0.00204	0.01430	0.00511	0.00409	0.00919
17	0.00966	0.00690	0.00920	0.01104	0.01150	0.00644	0.00736	0.01104	0.01518	0.02024	0.04371	0.71614	0.05245	0.02484	0.01012	0.00322	0.00460	0.02254	0.00736	0.00644
18	0.01624	0.08481	0.63940	0.02202	0.03343	0.01924	0.02829	0.02503	0.01670	0.02470	0.01403	0.01648	0.01005	0.00749	0.00738	0.00246	0.01151	0.00576	0.00335	0.01162
19	0.01590	0.04102	0.68023	0.02260	0.03432	0.01842	0.02930	0.02511	0.01674	0.02511	0.01423	0.01674	0.01005	0.00753	0.00753	0.00251	0.01172	0.00586	0.00335	0.01172
20	0.01590	0.04102	0.68023	0.02260	0.03432	0.01842	0.02930	0.02511	0.01674	0.02511	0.01423	0.01674	0.01005	0.00753	0.00753	0.00251	0.01172	0.00586	0.00335	0.01172
21	0.03530	0.01394	0.01868	0.01432	0.02046	0.01231	0.01183	0.06934	0.02343	0.64561	0.03067	0.02659	0.01932	0.00980	0.00797	0.00245	0.00685	0.00793	0.00972	0.01349
22	0.01100	0.00919	0.01124	0.01286	0.08165	0.00822	0.00827	0.01360	0.01878	0.02403	0.20676	0.06516	0.43134	0.05020	0.01064	0.00283	0.00470	0.01491	0.00719	0.00742
23	0.00965	0.00783	0.00855	0.00882	0.01099	0.00674	0.00644	0.01174	0.01806	0.02244	0.14330	0.19229	0.48450	0.02050	0.00951	0.00276	0.00409	0.01752	0.00753	0.00674
24	0.01278	0.00913	0.01278	0.01460	0.01643	0.00913	0.01278	0.01643	0.01825	0.02373	0.04199	0.08945	0.04564	0.02191	0.01095	0.00365	0.00730	0.61847	0.00730	0.00730
25	0.01963	0.01884	0.03219	0.04867	0.67185	0.01884	0.02434	0.02434	0.01806	0.02591	0.01492	0.01963	0.01256	0.00707	0.00785	0.00236	0.00942	0.00707	0.00393	0.01256
26	0.02120	0.72609	0.04155	0.01357	0.02035	0.03138	0.01357	0.02374	0.01611	0.01866	0.01102	0.01272	0.01018	0.00678	0.00509	0.00170	0.00848	0.00424	0.00339	0.01018
27	0.01122	0.00811	0.01060	0.00998	0.01185	0.00748	0.00748	0.01496	0.02245	0.03180	0.66766	0.05923	0.07482	0.01621	0.00935	0.00249	0.00374	0.01434	0.00873	0.00748
28	0.01615	0.01378	0.01613	0.01171	0.01848	0.01039	0.00931	0.01958	0.01639	0.02560	0.01538	0.04671	0.01351	0.00669	0.00606	0.00126	0.00582	0.00547	0.00481	0.73678
29	0.72116	0.04470	0.01323	0.01090	0.01585	0.04147	0.00902	0.02362	0.01391	0.03434	0.01108	0.01292	0.00871	0.00737	0.00499	0.00241	0.00651	0.00432	0.00482	0.00867
30	0.01377	0.00689	0.01033	0.01033	0.01033	0.00689	0.00689	0.01033	0.01033	0.01377	0.01377	0.02410	0.01377	0.02755	0.03099	0.76928	0.00689	0.00689	0.00344	0.00344
31	0.01963	0.01869	0.03101	0.04599	0.61811	0.01891	0.02336	0.02581	0.07083	0.02651	0.01635	0.02045	0.01352	0.00737	0.00787	0.00238	0.00916	0.00722	0.00427	0.01256
32	0.01115	0.00810	0.01050	0.00990	0.01180	0.00745	0.00743	0.01483	0.02228	0.03140	0.64528	0.05989	0.09745	0.01636	0.00935	0.00250	0.00375	0.01443	0.00868	0.00745
33	0.77733	0.01534	0.01166	0.01043	0.01534	0.01779	0.00859	0.02331	0.01350	0.03558	0.01104	0.01288	0.00859	0.00736	0.00491	0.00245	0.00613	0.00429	0.00491	0.00859
34	0.01601	0.04027	0.65609	0.02301	0.03459	0.01848	0.05269	0.02512	0.01682	0.02512	0.01430	0.01692	0.01012	0.00750	0.00760	0.00252	0.01178	0.00599	0.00337	0.01168
35	0.02769	0.02553	0.02422	0.05689	0.10067	0.20591	0.01648	0.35476	0.04934	0.03678	0.01687	0.01824	0.01267	0.00882	0.00771	0.00231	0.01035	0.00663	0.00620	0.01193
36	0.01305	0.00852	0.01131	0.01092	0.01298	0.00790	0.00841	0.01654	0.02136	0.07674	0.49492	0.11473	0.06547	0.01714	0.00951	0.00269	0.00446	0.08702	0.00852	0.00781
37	0.01150	0.00780	0.00923	0.00923	0.00943	0.00800	0.00553	0.01191	0.01170	0.01581	0.02445	0.04894	0.02755	0.62706	0.13286	0.00841	0.00962	0.01110	0.00473	0.00513
38	0.01989	0.02159	0.02391	0.02074	0.02158	0.16214	0.01693	0.02169	0.01428	0.01915	0.01079	0.01672	0.01037	0.01270	0.02211	0.00317	0.56329	0.00656	0.00360	0.00878
39	0.01972	0.01703	0.01793	0.01614	0.02062	0.01972	0.01255	0.04214	0.65752	0.03317	0.03228	0.02959	0.02421	0.01076	0.00807	0.00269	0.00628	0.00897	0.00807	0.01255
40	0.02065	0.62213	0.09573	0.01659	0.06319	0.02946	0.01561	0.02390	0.01629	0.01967	0.01155	0.01351	0.01032	0.00687	0.00547	0.00181	0.00882	0.00456	0.00342	0.01046
41	0.01498	0.01409	0.02378	0.70226	0.05462	0.01762	0.02202	0.02026	0.01586	0.02026	0.01409	0.02114	0.01057	0.00793	0.00793	0.00264	0.01057	0.00705	0.00352	0.00881
42	0.01377	0.00689	0.01033	0.01033	0.01033	0.00689	0.00689	0.01033	0.01033	0.01377	0.01377	0.02410	0.01377	0.02755	0.03099	0.76928	0.00689	0.00689	0.00344	0.00344
43	0.01334	0.00904	0.01158	0.01064	0.01296	0.00855	0.00808	0.01826	0.06408	0.07315	0.58535	0.05523	0.06798	0.01545	0.00918	0.00250	0.00410	0.01358	0.00876	0.00820
44	0.02273	0.01685	0.01872	0.01519	0.02067	0.01754	0.01214	0.19124	0.26369	0.09805	0.06564	0.02580	0.02167	0.00969	0.00765	0.00226	0.00671	0.00786	0.00755	0.16833
45	0.01644	0.01409	0.01644	0.01175	0.01879	0.01057	0.00940	0.01997	0.01644	0.02584	0.01409	0.01644	0.01175	0.00587	0.00587	0.00117	0.00587	0.00470	0.00470	0.76979
46	0.01326	0.01015	0.01201	0.01211	0.01424	0.01028	0.00901	0.06899	0.11335	0.02669	0.13476	0.33127	0.12866	0.01941	0.00949	0.00293	0.00519	0.06232	0.00771	0.00817
47	0.08506	0.01944	0.01946	0.06984	0.02377	0.08609	0.01339	0.20958	0.21028	0.03447	0.02182	0.05416	0.01733	0.00978	0.00753	0.00237	0.00799	0.00770	0.00662	0.09333
48	0.01755	0.22218	0.38171	0.01892	0.02766	0.02114	0.03878	0.02486	0.06639	0.02306	0.01479	0.01739	0.01155	0.00921	0.00890	0.06559	0.01006	0.00584	0.00376	0.01065
49	0.01590	0.04102	0.68023	0.02260	0.03432	0.01842	0.02930	0.02511	0.01674	0.02511	0.01423	0.01674	0.01005	0.00753	0.00753	0.00251	0.01172	0.00586	0.00335	0.01172
50	0.00981	0.00705	0.00934	0.01112	0.01172	0.00659	0.00759	0.01133	0.01543	0.02046	0.04484	0.66308	0.07267	0.02454	0.01014	0.00322	0.00472	0.05249	0.00736	0.00649
51	0.01133	0.00785	0.00981	0.00996	0.01038	0.00820	0.00640	0.01221	0.01215	0.01659	0.02543	0.09836	0.02822	0.48577	0.21550	0.00872	0.01115	0.01157	0.00485	0.00556
52	0.02814	0.03459	0.02174	0.01968	0.02366	0.59977	0.01486	0.06127	0.02242	0.02087	0.01334	0.01593	0.01117	0.01247	0.06353	0.00294	0.01459	0.00549	0.00429	0.00924
53	0.00966	0.00690	0.00920	0.01104	0.01150	0.00644	0.00736	0.01104	0.01518	0.02024	0.04371	0.71614	0.05245	0.02484	0.01012	0.00322	0.00460	0.02254	0.00736	0.00644
54	0.01534	0.01447	0.02444	0.65096	0.10306	0.01771	0.02220	0.02058	0.01603	0.02070	0.01416	0.02102	0.01073	0.00786	0.00792	0.00262	0.01048	0.00705	0.00356	0.00910
55	0.01612	0.01375	0.01610	0.01171	0.01845	0.01037	0.00930	0.01954	0.01638	0.02557	0.01550	0.04970	0.01368	0.00677	0.00607	0.00127	0.00581	0.00555	0.00482	0.73351
56	0.01718	0.01620	0.02768	0.49319	0.10966	0.01864	0.10509	0.07293	0.01822	0.02395	0.01484	0.02086	0.01120	0.00781	0.00811	0.00260	0.01068	0.00737	0.00399	0.00981
57	0.01643	0.03786	0.58794	0.02631	0.12511	0.01848	0.02859	0.02500	0.01693	0.02523	0.01433	0.01715	0.01040	0.00747	0.00758	0.00249	0.01139	0.00603	0.00343	0.01184
58	0.01689	0.09265	0.47765	0.02340	0.03321	0.02020	0.12239	0.02457	0.01664	0.02415	0.01395	0.01718	0.01039	0.00784	0.00907	0.00254	0.06626	0.00635	0.00346	0.01119
59	0.01254	0.00947	0.01200	0.01243	0.01348	0.01007	0.00884	0.06525	0.03743	0.02248	0.03580	0.48463	0.04115	0.08892	0.04833	0.00405	0.06124	0.01786	0.00673	0.00728
60	0.01181	0.00988	0.01079	0.01191	0.01309	0.06323	0.00853	0.01381	0.01715	0.02203	0.12048	0.48106	0.08033	0.02186	0.00983	0.00305	0.00555	0.08146	0.00726	0.00690
61	0.02008	0.01844	0.02633	0.04596	0.07773	0.04840	0.07192	0.05108	0.01572	0.07334	0.01350	0.01873	0.01159	0.01175	0.01948	0.00310	0.45157	0.00718	0.00428	0.00980
62	0.01995	0.02042	0.03292	0.09535	0.47519	0.07427	0.11644	0.02478	0.01835	0.02485	0.01480	0.01957	0.01213	0.00717	0.00803	0.00240	0.01051	0.00725	0.00392	0.01171
63	0.01739	0.01662	0.02784	0.33629	0.34707	0.01873	0.02276	0.02212	0.01662	0.02287	0.01420	0.02012	0.01151	0.00798	0.00931	0.00257	0.06467	0.00705	0.00371	0.01059
64	0.01191	0.03612	0.01011	0.00901	0.00933	0.00871	0.00536	0.01212	0.01176	0.01563	0.02428	0.04951	0.02773	0.66644	0.06509	0.00765	0.00826	0.01112	0.00473	0.00511
65	0.68205	0.10490	0.01542	0.01082	0.01597	0.01950	0.00922	0.02336	0.01383	0.03345	0.01104	0.01286	0.00879	0.00729	0.00493	0.00236	0.00643	0.00429	0.00472	0.00879
66	0.01145	0.00765	0.00867	0.00876	0.00878	0.00763	0.00492	0.01151	0.01170	0.01560	0.02585	0.08259	0.02992	0.68912	0.03896	0.00748	0.00755	0.01204	0.00492	0.00488
67	0.01251	0.00940	0.01533	0.01448	0.01633	0.00880	0.10086	0.01450	0.01595	0.04740	0.05629	0.49077	0.04264	0.02142	0.01156	0.06323	0.00622	0.03843	0.00670	0.00717
68	0.07789	0.01017	0.01442	0.08159	0.07819	0.01079	0.01105	0.03505	0.01384	0.02015	0.01754	0.03017	0.01686	0.02027	0.02057	0.42207	0.00743	0.07875	0.02706	0.00614
69	0.01175	0.00896	0.01305	0.01266	0.01454	0.00997	0.00987	0.01464	0.01305	0.01902	0.02065	0.02994	0.01916	0.05505	0.63344	0.01179	0.01997	0.00818	0.00429	0.07002

[dist]
# distance from previous block
# <min> <max>
0	1

# created by:
# /st0/software/busco_prod/Augustus/scripts/msa2prfl.pl ./align_prep/131172.fa
