[name]
unknown

[dist]
# distance from previous block
# <min> <max>
0	70

[block]
# block no. 0 follows, 23 sequences, length 55
# corresponding to MSA columns:
# 73-127
name=unknown_A
#
# <colnr> <probs for GDERKNQSTAVLIFYWHMCP>
#	G	D	E	R	K	N	Q	S	T	A	V	L	I	F	Y	W	H	M	C	P
0	0.05848	0.01468	0.01665	0.01222	0.01915	0.01180	0.00977	0.02202	0.05578	0.02745	0.01540	0.01746	0.01263	0.00640	0.00609	0.00137	0.00605	0.00505	0.00503	0.67651
1	0.03043	0.01847	0.02120	0.01653	0.02273	0.01910	0.01353	0.31554	0.11422	0.25783	0.02526	0.02354	0.01731	0.00978	0.00802	0.00243	0.00772	0.00769	0.00859	0.06008
2	0.07677	0.01391	0.01845	0.01423	0.02044	0.01227	0.01175	0.03868	0.02271	0.63508	0.03088	0.02683	0.01947	0.00991	0.00799	0.00251	0.00687	0.00795	0.00977	0.01353
3	0.01177	0.00841	0.01158	0.01345	0.01475	0.00822	0.01081	0.01456	0.01740	0.02283	0.04368	0.34397	0.04955	0.02364	0.01086	0.00356	0.00634	0.37001	0.00750	0.00711
4	0.72632	0.01613	0.01269	0.01117	0.01628	0.01863	0.00920	0.06177	0.01531	0.03732	0.01180	0.01357	0.00910	0.00767	0.00521	0.00251	0.00644	0.00457	0.00521	0.00910
5	0.01180	0.00787	0.00885	0.00885	0.00885	0.00787	0.00492	0.01180	0.01180	0.01573	0.02557	0.05310	0.02950	0.71483	0.04130	0.00787	0.00787	0.01180	0.00492	0.00492
6	0.01024	0.00879	0.00885	0.00873	0.01159	0.00767	0.00658	0.01359	0.05751	0.02266	0.07916	0.07513	0.62159	0.01996	0.00951	0.00274	0.00425	0.01663	0.00758	0.00722
7	0.00959	0.00822	0.00822	0.00822	0.01096	0.00685	0.00617	0.01165	0.01850	0.02192	0.08220	0.07809	0.66092	0.02055	0.00959	0.00274	0.00411	0.01713	0.00754	0.00685
8	0.03085	0.02273	0.02435	0.01867	0.02516	0.02516	0.01542	0.63716	0.03815	0.05114	0.01948	0.01948	0.01380	0.00974	0.00812	0.00244	0.00893	0.00731	0.00812	0.01380
9	0.01683	0.01442	0.01683	0.01202	0.01923	0.01082	0.00961	0.02043	0.01683	0.02644	0.01442	0.01683	0.01202	0.00601	0.00601	0.00120	0.00601	0.00481	0.00481	0.76444
10	0.01409	0.00705	0.01057	0.01057	0.01057	0.00705	0.00705	0.01057	0.01057	0.01409	0.01409	0.02467	0.01409	0.02819	0.03171	0.76392	0.00705	0.00705	0.00352	0.00352
11	0.03016	0.02239	0.02397	0.01853	0.02490	0.02484	0.01526	0.59906	0.07737	0.05004	0.02035	0.02017	0.01450	0.00982	0.00813	0.00246	0.00877	0.00743	0.00813	0.01374
12	0.00989	0.00706	0.00942	0.01130	0.01177	0.00659	0.00753	0.01130	0.01554	0.02071	0.04472	0.70954	0.05367	0.02542	0.01036	0.00330	0.00471	0.02307	0.00753	0.00659
13	0.00989	0.00706	0.00942	0.01130	0.01177	0.00659	0.00753	0.01130	0.01554	0.02071	0.04472	0.70954	0.05367	0.02542	0.01036	0.00330	0.00471	0.02307	0.00753	0.00659
14	0.00989	0.00706	0.00942	0.01130	0.01177	0.00659	0.00753	0.01130	0.01554	0.02071	0.04472	0.70954	0.05367	0.02542	0.01036	0.00330	0.00471	0.02307	0.00753	0.00659
15	0.01272	0.00909	0.01267	0.01454	0.01625	0.00904	0.01246	0.01620	0.01833	0.02389	0.04316	0.16002	0.04747	0.02275	0.01111	0.00369	0.00717	0.54460	0.00748	0.00737
16	0.01683	0.01442	0.01683	0.01202	0.01923	0.01082	0.00961	0.02043	0.01683	0.02644	0.01442	0.01683	0.01202	0.00601	0.00601	0.00120	0.00601	0.00481	0.00481	0.76444
17	0.03085	0.02273	0.02435	0.01867	0.02516	0.02516	0.01542	0.63716	0.03815	0.05114	0.01948	0.01948	0.01380	0.00974	0.00812	0.00244	0.00893	0.00731	0.00812	0.01380
18	0.77215	0.01569	0.01193	0.01067	0.01569	0.01820	0.00879	0.02385	0.01381	0.03641	0.01130	0.01318	0.00879	0.00753	0.00502	0.00251	0.00628	0.00439	0.00502	0.00879
19	0.03036	0.03727	0.02311	0.02071	0.02509	0.62466	0.01566	0.08541	0.02432	0.02260	0.01315	0.01506	0.01075	0.00848	0.00739	0.00212	0.01413	0.00541	0.00453	0.00979
20	0.00971	0.00822	0.00839	0.00835	0.01103	0.00690	0.00626	0.01188	0.01878	0.02260	0.11926	0.07697	0.62344	0.02030	0.00959	0.00273	0.00409	0.01697	0.00762	0.00690
21	0.03085	0.02273	0.02435	0.01867	0.02516	0.02516	0.01542	0.63716	0.03815	0.05114	0.01948	0.01948	0.01380	0.00974	0.00812	0.00244	0.00893	0.00731	0.00812	0.01380
22	0.01180	0.00787	0.00885	0.00885	0.00885	0.00787	0.00492	0.01180	0.01180	0.01573	0.02557	0.05310	0.02950	0.71483	0.04130	0.00787	0.00787	0.01180	0.00492	0.00492
23	0.02304	0.01634	0.01820	0.01603	0.02082	0.01805	0.01267	0.04119	0.49686	0.15862	0.03329	0.03261	0.02487	0.01135	0.00838	0.00275	0.00657	0.03700	0.00857	0.01278
24	0.02211	0.68709	0.04158	0.01422	0.02103	0.06326	0.01397	0.02469	0.01680	0.01913	0.01134	0.01309	0.01041	0.00701	0.00531	0.00175	0.00896	0.00438	0.00351	0.01036
25	0.01627	0.04197	0.67279	0.02313	0.03512	0.01884	0.02998	0.02570	0.01713	0.02570	0.01456	0.01713	0.01028	0.00771	0.00771	0.00257	0.01199	0.00600	0.00343	0.01199
26	0.01924	0.02094	0.01711	0.01625	0.01882	0.28469	0.01240	0.02181	0.01711	0.01925	0.01798	0.02483	0.01627	0.03941	0.40681	0.00857	0.01883	0.00728	0.00428	0.00813
27	0.01148	0.00829	0.01085	0.01021	0.01212	0.00766	0.00766	0.01531	0.02297	0.03254	0.65994	0.06061	0.07656	0.01659	0.00957	0.00255	0.00383	0.01467	0.00893	0.00766
28	0.02090	0.01727	0.01837	0.01642	0.02108	0.01982	0.01280	0.04296	0.62172	0.06220	0.03298	0.03016	0.02456	0.01097	0.00825	0.00274	0.00644	0.00913	0.00834	0.01289
29	0.01915	0.02189	0.04788	0.03420	0.04241	0.02052	0.63475	0.02599	0.01915	0.02599	0.01642	0.02189	0.01231	0.00684	0.00958	0.00274	0.01368	0.00958	0.00410	0.01094
30	0.01911	0.02252	0.07377	0.03520	0.10109	0.02033	0.55045	0.02588	0.01900	0.02603	0.01623	0.02151	0.01227	0.00691	0.00935	0.00270	0.01322	0.00920	0.00407	0.01117
31	0.02169	0.71972	0.04252	0.01388	0.02083	0.03211	0.01388	0.02430	0.01649	0.01909	0.01128	0.01302	0.01041	0.00694	0.00521	0.00174	0.00868	0.00434	0.00347	0.01041
32	0.00989	0.00706	0.00942	0.01130	0.01177	0.00659	0.00753	0.01130	0.01554	0.02071	0.04472	0.70954	0.05367	0.02542	0.01036	0.00330	0.00471	0.02307	0.00753	0.00659
33	0.01553	0.01463	0.02470	0.66787	0.08176	0.01808	0.02264	0.02091	0.01632	0.02098	0.01446	0.02157	0.01090	0.00807	0.00811	0.00269	0.01077	0.00721	0.00362	0.00918
34	0.03641	0.01381	0.01883	0.01444	0.02071	0.01193	0.01193	0.03954	0.02322	0.66984	0.03201	0.02762	0.02009	0.01004	0.00816	0.00251	0.00690	0.00816	0.01004	0.01381
35	0.01180	0.00787	0.00885	0.00885	0.00885	0.00787	0.00492	0.01180	0.01180	0.01573	0.02557	0.05310	0.02950	0.71483	0.04130	0.00787	0.00787	0.01180	0.00492	0.00492
36	0.02018	0.01743	0.01835	0.01651	0.02110	0.02018	0.01284	0.04312	0.64956	0.03394	0.03303	0.03027	0.02477	0.01101	0.00826	0.00275	0.00642	0.00917	0.00826	0.01284
37	0.03505	0.01431	0.01901	0.01453	0.02087	0.01257	0.01199	0.07015	0.02367	0.60216	0.03039	0.02660	0.01932	0.00981	0.00804	0.00244	0.00696	0.00793	0.00966	0.05455
38	0.01683	0.01442	0.01683	0.01202	0.01923	0.01082	0.00961	0.02043	0.01683	0.02644	0.01442	0.01683	0.01202	0.00601	0.00601	0.00120	0.00601	0.00481	0.00481	0.76444
39	0.01627	0.04197	0.67279	0.02313	0.03512	0.01884	0.02998	0.02570	0.01713	0.02570	0.01456	0.01713	0.01028	0.00771	0.00771	0.00257	0.01199	0.00600	0.00343	0.01199
40	0.01138	0.00829	0.01071	0.01010	0.01206	0.00761	0.00758	0.01512	0.02273	0.03198	0.62935	0.06154	0.10750	0.01680	0.00957	0.00256	0.00384	0.01480	0.00886	0.00761
41	0.01033	0.00738	0.00992	0.01180	0.01247	0.00697	0.00830	0.01206	0.01597	0.02121	0.04448	0.62418	0.05270	0.02501	0.01047	0.00336	0.00509	0.10408	0.00752	0.00671
42	0.05469	0.09943	0.49584	0.02302	0.05526	0.01989	0.06542	0.02598	0.01731	0.04955	0.01489	0.01736	0.01080	0.00764	0.00750	0.00249	0.01125	0.00612	0.00382	0.01172
43	0.77215	0.01569	0.01193	0.01067	0.01569	0.01820	0.00879	0.02385	0.01381	0.03641	0.01130	0.01318	0.00879	0.00753	0.00502	0.00251	0.00628	0.00439	0.00502	0.00879
44	0.01752	0.01403	0.01367	0.01319	0.01562	0.11816	0.00970	0.04880	0.02054	0.09695	0.18178	0.31149	0.07036	0.01794	0.00930	0.00278	0.00654	0.01556	0.00762	0.00845
45	0.02784	0.02371	0.02214	0.01798	0.02373	0.14656	0.01438	0.33741	0.14851	0.06515	0.02084	0.02072	0.01535	0.00944	0.00783	0.00233	0.00922	0.00710	0.00722	0.07254
46	0.01049	0.00764	0.01007	0.01152	0.01249	0.00700	0.00794	0.01215	0.01577	0.02126	0.04269	0.63497	0.05066	0.02403	0.01012	0.00318	0.00493	0.05050	0.00735	0.05525
47	0.02627	0.05603	0.02231	0.01760	0.02303	0.10413	0.01413	0.25609	0.28500	0.07260	0.02446	0.02344	0.01806	0.00997	0.00794	0.00249	0.00848	0.00772	0.00757	0.01270
48	0.02994	0.02228	0.02384	0.01849	0.02482	0.02474	0.01520	0.58676	0.09002	0.04968	0.02063	0.02040	0.01473	0.00985	0.00813	0.00246	0.00872	0.00746	0.00813	0.01372
49	0.01078	0.00785	0.01015	0.01045	0.01191	0.00722	0.00750	0.01362	0.02001	0.02757	0.39964	0.29185	0.11123	0.02001	0.00985	0.00283	0.00416	0.01783	0.00833	0.00722
50	0.03141	0.02183	0.02379	0.01824	0.02471	0.02383	0.01507	0.57689	0.03665	0.11354	0.02075	0.02030	0.01443	0.00977	0.00812	0.00244	0.00872	0.00739	0.00831	0.01380
51	0.02169	0.71972	0.04252	0.01388	0.02083	0.03211	0.01388	0.02430	0.01649	0.01909	0.01128	0.01302	0.01041	0.00694	0.00521	0.00174	0.00868	0.00434	0.00347	0.01041
52	0.00978	0.00828	0.00848	0.00858	0.01128	0.00699	0.00654	0.01193	0.01851	0.02205	0.08007	0.07882	0.62759	0.02065	0.00968	0.00279	0.00429	0.04928	0.00753	0.00688
53	0.01627	0.04197	0.67279	0.02313	0.03512	0.01884	0.02998	0.02570	0.01713	0.02570	0.01456	0.01713	0.01028	0.00771	0.00771	0.00257	0.01199	0.00600	0.00343	0.01199
54	0.02008	0.01928	0.03294	0.04981	0.66422	0.01928	0.02490	0.02490	0.01848	0.02651	0.01526	0.02008	0.01285	0.00723	0.00803	0.00241	0.00964	0.00723	0.00402	0.01285

[dist]
# distance from previous block
# <min> <max>
0	6

[block]
# block no. 1 follows, 23 sequences, length 90
# corresponding to MSA columns:
# 134-223
name=unknown_B
#
# <colnr> <probs for GDERKNQSTAVLIFYWHMCP>
#	G	D	E	R	K	N	Q	S	T	A	V	L	I	F	Y	W	H	M	C	P
0	0.01308	0.00934	0.01308	0.01494	0.01681	0.00934	0.01308	0.01681	0.01868	0.02428	0.04296	0.09153	0.04670	0.02242	0.01121	0.00374	0.00747	0.60960	0.00747	0.00747
1	0.01775	0.01775	0.02485	0.02130	0.02130	0.02485	0.01775	0.01953	0.01243	0.01953	0.01065	0.01775	0.01065	0.01420	0.02663	0.00355	0.69998	0.00710	0.00355	0.00888
2	0.01282	0.00922	0.01272	0.01435	0.01626	0.00913	0.01243	0.01649	0.01894	0.02470	0.08366	0.08899	0.07530	0.02197	0.01103	0.00362	0.00710	0.54623	0.00757	0.00746
3	0.01159	0.00869	0.01304	0.01304	0.01449	0.01014	0.01014	0.01449	0.01304	0.01884	0.02173	0.03188	0.02029	0.06086	0.68268	0.01304	0.02173	0.00869	0.00435	0.00724
4	0.03085	0.02273	0.02435	0.01867	0.02516	0.02516	0.01542	0.63716	0.03815	0.05114	0.01948	0.01948	0.01380	0.00974	0.00812	0.00244	0.00893	0.00731	0.00812	0.01380
5	0.00989	0.00706	0.00942	0.01130	0.01177	0.00659	0.00753	0.01130	0.01554	0.02071	0.04472	0.70954	0.05367	0.02542	0.01036	0.00330	0.00471	0.02307	0.00753	0.00659
6	0.77215	0.01569	0.01193	0.01067	0.01569	0.01820	0.00879	0.02385	0.01381	0.03641	0.01130	0.01318	0.00879	0.00753	0.00502	0.00251	0.00628	0.00439	0.00502	0.00879
7	0.01308	0.00934	0.01308	0.01494	0.01681	0.00934	0.01308	0.01681	0.01868	0.02428	0.04296	0.09153	0.04670	0.02242	0.01121	0.00374	0.00747	0.60960	0.00747	0.00747
8	0.02018	0.01743	0.01835	0.01651	0.02110	0.02018	0.01284	0.04312	0.64956	0.03394	0.03303	0.03027	0.02477	0.01101	0.00826	0.00275	0.00642	0.00917	0.00826	0.01284
9	0.00989	0.00706	0.00942	0.01130	0.01177	0.00659	0.00753	0.01130	0.01554	0.02071	0.04472	0.70954	0.05367	0.02542	0.01036	0.00330	0.00471	0.02307	0.00753	0.00659
10	0.01179	0.00790	0.00900	0.00900	0.00906	0.00795	0.00511	0.01190	0.01185	0.01585	0.02543	0.05233	0.02916	0.69102	0.06465	0.00806	0.00837	0.01169	0.00490	0.00500
11	0.01409	0.00705	0.01057	0.01057	0.01057	0.00705	0.00705	0.01057	0.01057	0.01409	0.01409	0.02467	0.01409	0.02819	0.03171	0.76392	0.00705	0.00705	0.00352	0.00352
12	0.77215	0.01569	0.01193	0.01067	0.01569	0.01820	0.00879	0.02385	0.01381	0.03641	0.01130	0.01318	0.00879	0.00753	0.00502	0.00251	0.00628	0.00439	0.00502	0.00879
13	0.03641	0.01381	0.01883	0.01444	0.02071	0.01193	0.01193	0.03954	0.02322	0.66984	0.03201	0.02762	0.02009	0.01004	0.00816	0.00251	0.00690	0.00816	0.01004	0.01381
14	0.02169	0.71972	0.04252	0.01388	0.02083	0.03211	0.01388	0.02430	0.01649	0.01909	0.01128	0.01302	0.01041	0.00694	0.00521	0.00174	0.00868	0.00434	0.00347	0.01041
15	0.01159	0.00869	0.01304	0.01304	0.01449	0.01014	0.01014	0.01449	0.01304	0.01884	0.02173	0.03188	0.02029	0.06086	0.68268	0.01304	0.02173	0.00869	0.00435	0.00724
16	0.01706	0.03700	0.52695	0.02776	0.11996	0.01906	0.08762	0.02562	0.01751	0.02583	0.01483	0.01798	0.01082	0.00756	0.00793	0.00256	0.01184	0.00651	0.00357	0.01201
17	0.00993	0.00823	0.00869	0.00858	0.01117	0.00700	0.00643	0.01230	0.01930	0.02383	0.18613	0.07495	0.55580	0.01984	0.00959	0.00271	0.00406	0.01668	0.00779	0.00700
18	0.01683	0.01442	0.01683	0.01202	0.01923	0.01082	0.00961	0.02043	0.01683	0.02644	0.01442	0.01683	0.01202	0.00601	0.00601	0.00120	0.00601	0.00481	0.00481	0.76444
19	0.01898	0.02136	0.04537	0.03259	0.04032	0.02035	0.57602	0.02542	0.01870	0.02567	0.01603	0.02146	0.01221	0.00720	0.01033	0.00272	0.04979	0.00925	0.00410	0.04215
20	0.03085	0.02273	0.02435	0.01867	0.02516	0.02516	0.01542	0.63716	0.03815	0.05114	0.01948	0.01948	0.01380	0.00974	0.00812	0.00244	0.00893	0.00731	0.00812	0.01380
21	0.01915	0.02189	0.04788	0.03420	0.04241	0.02052	0.63475	0.02599	0.01915	0.02599	0.01642	0.02189	0.01231	0.00684	0.00958	0.00274	0.01368	0.00958	0.00410	0.01094
22	0.01683	0.01442	0.01683	0.01202	0.01923	0.01082	0.00961	0.02043	0.01683	0.02644	0.01442	0.01683	0.01202	0.00601	0.00601	0.00120	0.00601	0.00481	0.00481	0.76444
23	0.01245	0.00914	0.01220	0.01374	0.01576	0.00889	0.01183	0.01588	0.01865	0.02386	0.05001	0.08911	0.15708	0.02208	0.01092	0.00356	0.00687	0.50312	0.00748	0.00736
24	0.02044	0.02276	0.09404	0.04305	0.51681	0.06606	0.02399	0.02666	0.05855	0.02643	0.01612	0.02005	0.01318	0.00760	0.00796	0.00242	0.01002	0.00709	0.00424	0.01252
25	0.01006	0.00719	0.00962	0.01150	0.01205	0.00674	0.00784	0.01160	0.01571	0.02091	0.04463	0.67562	0.05328	0.02526	0.01040	0.00332	0.00486	0.05526	0.00753	0.00664
26	0.68952	0.01622	0.01302	0.01145	0.01655	0.01874	0.00940	0.06353	0.04559	0.03722	0.01285	0.01439	0.00986	0.00784	0.00537	0.00252	0.00645	0.00481	0.00537	0.00930
27	0.01627	0.04197	0.67279	0.02313	0.03512	0.01884	0.02998	0.02570	0.01713	0.02570	0.01456	0.01713	0.01028	0.00771	0.00771	0.00257	0.01199	0.00600	0.00343	0.01199
28	0.01760	0.01754	0.02482	0.06393	0.02349	0.02442	0.01805	0.01960	0.01267	0.01960	0.01089	0.01800	0.01066	0.01382	0.02546	0.00350	0.65640	0.00711	0.00355	0.00888
29	0.00987	0.00712	0.00935	0.01113	0.01173	0.00660	0.00746	0.01132	0.01569	0.02078	0.04671	0.67602	0.08590	0.02516	0.01032	0.00327	0.00468	0.02275	0.00753	0.00660
30	0.03031	0.03867	0.02299	0.02090	0.02508	0.68226	0.01568	0.03240	0.02299	0.01986	0.01254	0.01463	0.01045	0.00836	0.00732	0.00209	0.01463	0.00523	0.00418	0.00941
31	0.10166	0.02171	0.02277	0.01776	0.02399	0.02418	0.01462	0.54045	0.07447	0.04863	0.01955	0.01956	0.01401	0.00961	0.00783	0.00246	0.00851	0.00714	0.00783	0.01326
32	0.01018	0.00752	0.00956	0.01085	0.01194	0.00690	0.00761	0.01209	0.01702	0.02239	0.11764	0.49681	0.16057	0.02346	0.01019	0.00314	0.00466	0.05298	0.00768	0.00680
33	0.01011	0.00722	0.00967	0.01156	0.01212	0.00678	0.00792	0.01169	0.01576	0.02097	0.04460	0.66595	0.05318	0.02521	0.01042	0.00333	0.00490	0.06444	0.00753	0.00665
34	0.01046	0.00712	0.00921	0.01089	0.01152	0.00670	0.00733	0.01213	0.01570	0.02175	0.04273	0.63537	0.05008	0.02368	0.00985	0.00314	0.00461	0.02137	0.08967	0.00670
35	0.02868	0.03359	0.02480	0.02543	0.13097	0.49520	0.01718	0.10224	0.02403	0.02464	0.01381	0.01611	0.01124	0.00834	0.00753	0.00218	0.01314	0.00580	0.00462	0.01049
36	0.01308	0.00934	0.01308	0.01494	0.01681	0.00934	0.01308	0.01681	0.01868	0.02428	0.04296	0.09153	0.04670	0.02242	0.01121	0.00374	0.00747	0.60960	0.00747	0.00747
37	0.01657	0.00843	0.00868	0.00828	0.01053	0.00846	0.00631	0.04537	0.01813	0.05494	0.02639	0.02971	0.02048	0.00949	0.00587	0.00194	0.00411	0.00757	0.70072	0.00805
38	0.02075	0.60177	0.15220	0.01549	0.02331	0.02980	0.01669	0.02454	0.01660	0.02024	0.01185	0.01373	0.01039	0.00708	0.00564	0.00188	0.00925	0.00463	0.00346	0.01069
39	0.02217	0.61347	0.06812	0.01629	0.05675	0.02973	0.01508	0.02522	0.01699	0.05512	0.01277	0.01438	0.01107	0.00716	0.00563	0.00185	0.00878	0.00478	0.00386	0.01080
40	0.10068	0.01314	0.01445	0.01242	0.01627	0.01349	0.00981	0.15502	0.05869	0.08026	0.27250	0.04541	0.14766	0.01401	0.00859	0.00256	0.00562	0.01159	0.00813	0.00970
41	0.02029	0.06697	0.02005	0.01633	0.02108	0.02102	0.01292	0.04179	0.60490	0.03290	0.03149	0.02906	0.02376	0.01072	0.00804	0.00268	0.00658	0.00883	0.00792	0.01267
42	0.01162	0.00922	0.01251	0.01313	0.01374	0.01011	0.00963	0.01348	0.01596	0.02200	0.10835	0.48434	0.04823	0.02227	0.01323	0.00328	0.12968	0.04507	0.00697	0.00716
43	0.06899	0.02066	0.02202	0.01751	0.02349	0.02293	0.01429	0.43662	0.17438	0.08040	0.02279	0.02203	0.01635	0.00992	0.00798	0.00252	0.00811	0.00762	0.00809	0.01331
44	0.01532	0.01442	0.02434	0.69533	0.05589	0.01803	0.02253	0.02073	0.01622	0.02073	0.01442	0.02163	0.01082	0.00811	0.00811	0.00270	0.01082	0.00721	0.00361	0.00901
45	0.01235	0.00887	0.01219	0.01382	0.01550	0.00871	0.01160	0.01567	0.01849	0.02423	0.08807	0.18515	0.07047	0.02241	0.01091	0.00355	0.00667	0.45644	0.00759	0.00733
46	0.03085	0.02273	0.02435	0.01867	0.02516	0.02516	0.01542	0.63716	0.03815	0.05114	0.01948	0.01948	0.01380	0.00974	0.00812	0.00244	0.00893	0.00731	0.00812	0.01380
47	0.01072	0.00770	0.01019	0.01093	0.01210	0.00717	0.00778	0.01330	0.01901	0.02619	0.32346	0.39447	0.06381	0.02132	0.01003	0.00297	0.00440	0.03919	0.00816	0.00710
48	0.01503	0.01402	0.02352	0.65806	0.05348	0.01740	0.02172	0.02022	0.01619	0.02073	0.01607	0.05911	0.01315	0.00906	0.00823	0.00274	0.01048	0.00807	0.00382	0.00888
49	0.02184	0.01826	0.01928	0.01685	0.02173	0.02096	0.01325	0.13563	0.55434	0.03662	0.03092	0.02859	0.02306	0.01081	0.00823	0.00270	0.00681	0.00888	0.00823	0.01299
50	0.01294	0.00864	0.01119	0.01035	0.01259	0.00788	0.00783	0.01661	0.02270	0.07217	0.58371	0.05963	0.10993	0.01642	0.00948	0.00256	0.00404	0.01442	0.00891	0.00799
51	0.01065	0.00812	0.01205	0.01295	0.01398	0.00762	0.04750	0.01253	0.01594	0.02124	0.04284	0.63238	0.05067	0.02408	0.01035	0.00328	0.00543	0.05417	0.00731	0.00691
52	0.02224	0.67667	0.04129	0.01433	0.02110	0.07320	0.01400	0.02481	0.01690	0.01914	0.01136	0.01312	0.01042	0.00703	0.00534	0.00176	0.00905	0.00439	0.00352	0.01035
53	0.01880	0.01088	0.01260	0.01106	0.01501	0.00984	0.00867	0.02352	0.08837	0.21644	0.08944	0.05707	0.37371	0.01620	0.00902	0.00266	0.00518	0.01348	0.00843	0.00961
54	0.01596	0.00837	0.00845	0.00815	0.01029	0.00850	0.00619	0.05172	0.01814	0.03136	0.02610	0.02968	0.02043	0.00947	0.00580	0.00192	0.00405	0.00755	0.71998	0.00789
55	0.03085	0.02273	0.02435	0.01867	0.02516	0.02516	0.01542	0.63716	0.03815	0.05114	0.01948	0.01948	0.01380	0.00974	0.00812	0.00244	0.00893	0.00731	0.00812	0.01380
56	0.02373	0.01742	0.02612	0.05827	0.35003	0.01772	0.01914	0.03217	0.15843	0.17785	0.02305	0.02414	0.01709	0.00875	0.00811	0.00252	0.00834	0.00787	0.00634	0.01293
57	0.01775	0.01775	0.02485	0.02130	0.02130	0.02485	0.01775	0.01953	0.01243	0.01953	0.01065	0.01775	0.01065	0.01420	0.02663	0.00355	0.69998	0.00710	0.00355	0.00888
58	0.00981	0.00823	0.00853	0.00845	0.01110	0.00695	0.00634	0.01208	0.01902	0.02317	0.15044	0.07603	0.59190	0.02008	0.00959	0.00272	0.00408	0.01684	0.00770	0.00695
59	0.01532	0.01442	0.02434	0.69533	0.05589	0.01803	0.02253	0.02073	0.01622	0.02073	0.01442	0.02163	0.01082	0.00811	0.00811	0.00270	0.01082	0.00721	0.00361	0.00901
60	0.02992	0.03584	0.02295	0.02044	0.02491	0.57526	0.01552	0.10396	0.05295	0.02417	0.01428	0.01591	0.01149	0.00864	0.00745	0.00216	0.01359	0.00565	0.00483	0.01008
61	0.03009	0.02235	0.02393	0.01852	0.02488	0.02481	0.01524	0.59526	0.08128	0.04993	0.02044	0.02024	0.01457	0.00983	0.00813	0.00246	0.00875	0.00744	0.00813	0.01373
62	0.02807	0.02354	0.02265	0.01843	0.02412	0.11278	0.01480	0.40499	0.19087	0.04256	0.02197	0.02156	0.01612	0.00988	0.00804	0.00247	0.00907	0.00750	0.00762	0.01296
63	0.04939	0.00831	0.00847	0.00813	0.01044	0.00830	0.00620	0.02043	0.01727	0.07097	0.02616	0.02934	0.02023	0.00941	0.00580	0.00196	0.00409	0.00746	0.67963	0.00801
64	0.01988	0.49289	0.25345	0.01698	0.02561	0.02767	0.01927	0.02477	0.01670	0.02130	0.01238	0.01439	0.01037	0.00720	0.00604	0.00201	0.00979	0.00489	0.00346	0.01094
65	0.01683	0.01442	0.01683	0.01202	0.01923	0.01082	0.00961	0.02043	0.01683	0.02644	0.01442	0.01683	0.01202	0.00601	0.00601	0.00120	0.00601	0.00481	0.00481	0.76444
66	0.02353	0.01762	0.01989	0.01477	0.02164	0.01648	0.01203	0.26214	0.02555	0.07674	0.01751	0.01854	0.01322	0.00772	0.00697	0.00177	0.00720	0.00599	0.00643	0.42427
67	0.01180	0.00787	0.00885	0.00885	0.00885	0.00787	0.00492	0.01180	0.01180	0.01573	0.02557	0.05310	0.02950	0.71483	0.04130	0.00787	0.00787	0.01180	0.00492	0.00492
68	0.03057	0.02196	0.02372	0.01832	0.02470	0.02417	0.01509	0.57235	0.07065	0.08379	0.02090	0.02051	0.01474	0.00983	0.00813	0.00246	0.00868	0.00745	0.00823	0.01375
69	0.01193	0.00919	0.01368	0.01349	0.01486	0.01094	0.01056	0.01476	0.01301	0.01887	0.02113	0.03111	0.01976	0.05831	0.64693	0.01252	0.05869	0.00861	0.00430	0.00733
70	0.01038	0.00825	0.00932	0.00905	0.01145	0.00719	0.00679	0.01318	0.02036	0.02636	0.32357	0.07079	0.41679	0.01889	0.00958	0.00266	0.00399	0.01610	0.00812	0.00719
71	0.01532	0.01442	0.02434	0.69533	0.05589	0.01803	0.02253	0.02073	0.01622	0.02073	0.01442	0.02163	0.01082	0.00811	0.00811	0.00270	0.01082	0.00721	0.00361	0.00901
72	0.01932	0.01850	0.03155	0.15391	0.56611	0.01908	0.02452	0.02423	0.01811	0.02558	0.01513	0.02033	0.01252	0.00737	0.00805	0.00246	0.00983	0.00723	0.00395	0.01223
73	0.00989	0.00706	0.00942	0.01130	0.01177	0.00659	0.00753	0.01130	0.01554	0.02071	0.04472	0.70954	0.05367	0.02542	0.01036	0.00330	0.00471	0.02307	0.00753	0.00659
74	0.01148	0.00829	0.01085	0.01021	0.01212	0.00766	0.00766	0.01531	0.02297	0.03254	0.65994	0.06061	0.07656	0.01659	0.00957	0.00255	0.00383	0.01467	0.00893	0.00766
75	0.01532	0.01442	0.02434	0.69533	0.05589	0.01803	0.02253	0.02073	0.01622	0.02073	0.01442	0.02163	0.01082	0.00811	0.00811	0.00270	0.01082	0.00721	0.00361	0.00901
76	0.01043	0.00761	0.00989	0.01158	0.01226	0.00731	0.00781	0.01299	0.04919	0.02142	0.04410	0.67348	0.05213	0.02466	0.01025	0.00327	0.00480	0.02233	0.00757	0.00692
77	0.01148	0.00829	0.01085	0.01021	0.01212	0.00766	0.00766	0.01531	0.02297	0.03254	0.65994	0.06061	0.07656	0.01659	0.00957	0.00255	0.00383	0.01467	0.00893	0.00766
78	0.01003	0.00716	0.00958	0.01146	0.01199	0.00671	0.00778	0.01154	0.01567	0.02087	0.04465	0.68232	0.05336	0.02529	0.01039	0.00331	0.00483	0.04890	0.00753	0.00663
79	0.77215	0.01569	0.01193	0.01067	0.01569	0.01820	0.00879	0.02385	0.01381	0.03641	0.01130	0.01318	0.00879	0.00753	0.00502	0.00251	0.00628	0.00439	0.00502	0.00879
80	0.03085	0.02273	0.02435	0.01867	0.02516	0.02516	0.01542	0.63716	0.03815	0.05114	0.01948	0.01948	0.01380	0.00974	0.00812	0.00244	0.00893	0.00731	0.00812	0.01380
81	0.00989	0.00706	0.00942	0.01130	0.01177	0.00659	0.00753	0.01130	0.01554	0.02071	0.04472	0.70954	0.05367	0.02542	0.01036	0.00330	0.00471	0.02307	0.00753	0.00659
82	0.03085	0.02273	0.02435	0.01867	0.02516	0.02516	0.01542	0.63716	0.03815	0.05114	0.01948	0.01948	0.01380	0.00974	0.00812	0.00244	0.00893	0.00731	0.00812	0.01380
83	0.01915	0.02189	0.04788	0.03420	0.04241	0.02052	0.63475	0.02599	0.01915	0.02599	0.01642	0.02189	0.01231	0.00684	0.00958	0.00274	0.01368	0.00958	0.00410	0.01094
84	0.00996	0.00712	0.00948	0.01125	0.01178	0.00664	0.00754	0.01148	0.01586	0.02123	0.07181	0.68096	0.05468	0.02503	0.01032	0.00326	0.00467	0.02270	0.00759	0.00664
85	0.02134	0.65119	0.06555	0.01550	0.02271	0.03090	0.05373	0.02445	0.01668	0.01976	0.01172	0.01373	0.01053	0.00696	0.00557	0.00183	0.00911	0.00473	0.00351	0.01050
86	0.71986	0.01619	0.01280	0.01123	0.01636	0.01869	0.00926	0.06711	0.01553	0.03745	0.01188	0.01363	0.00914	0.00769	0.00524	0.00251	0.00646	0.00460	0.00524	0.00914
87	0.00989	0.00706	0.00942	0.01130	0.01177	0.00659	0.00753	0.01130	0.01554	0.02071	0.04472	0.70954	0.05367	0.02542	0.01036	0.00330	0.00471	0.02307	0.00753	0.00659
88	0.01001	0.00716	0.00953	0.01121	0.01180	0.00667	0.00754	0.01161	0.01611	0.02163	0.09241	0.65924	0.05544	0.02474	0.01030	0.00324	0.00464	0.02242	0.00764	0.00667
89	0.02501	0.01983	0.02107	0.01749	0.02294	0.02244	0.01401	0.31232	0.37248	0.04174	0.02689	0.02538	0.01980	0.01043	0.00819	0.00261	0.00756	0.00833	0.00819	0.01328

[dist]
# distance from previous block
# <min> <max>
0	2

[block]
# block no. 2 follows, 23 sequences, length 59
# corresponding to MSA columns:
# 226-284
name=unknown_C
#
# <colnr> <probs for GDERKNQSTAVLIFYWHMCP>
#	G	D	E	R	K	N	Q	S	T	A	V	L	I	F	Y	W	H	M	C	P
0	0.02004	0.51343	0.23435	0.01670	0.02518	0.02807	0.01878	0.02472	0.01668	0.02110	0.01228	0.01427	0.01037	0.00718	0.00597	0.00199	0.00969	0.00484	0.00346	0.01089
1	0.01582	0.01493	0.02524	0.62781	0.11951	0.01816	0.02278	0.02117	0.01646	0.02134	0.01451	0.02147	0.01103	0.00802	0.00810	0.00267	0.01069	0.00721	0.00365	0.00942
2	0.01680	0.10809	0.61130	0.02223	0.03372	0.02014	0.02841	0.02556	0.01707	0.02505	0.01424	0.01673	0.01029	0.00763	0.00746	0.00249	0.01167	0.00583	0.00343	0.01184
3	0.03085	0.02273	0.02435	0.01867	0.02516	0.02516	0.01542	0.63716	0.03815	0.05114	0.01948	0.01948	0.01380	0.00974	0.00812	0.00244	0.00893	0.00731	0.00812	0.01380
4	0.00986	0.00716	0.00931	0.01103	0.01170	0.00661	0.00741	0.01133	0.01579	0.02082	0.04797	0.65482	0.10629	0.02500	0.01029	0.00325	0.00466	0.02255	0.00753	0.00661
5	0.01683	0.01442	0.01683	0.01202	0.01923	0.01082	0.00961	0.02043	0.01683	0.02644	0.01442	0.01683	0.01202	0.00601	0.00601	0.00120	0.00601	0.00481	0.00481	0.76444
6	0.01627	0.04197	0.67279	0.02313	0.03512	0.01884	0.02998	0.02570	0.01713	0.02570	0.01456	0.01713	0.01028	0.00771	0.00771	0.00257	0.01199	0.00600	0.00343	0.01199
7	0.01532	0.01442	0.02434	0.69533	0.05589	0.01803	0.02253	0.02073	0.01622	0.02073	0.01442	0.02163	0.01082	0.00811	0.00811	0.00270	0.01082	0.00721	0.00361	0.00901
8	0.03085	0.02273	0.02435	0.01867	0.02516	0.02516	0.01542	0.63716	0.03815	0.05114	0.01948	0.01948	0.01380	0.00974	0.00812	0.00244	0.00893	0.00731	0.00812	0.01380
9	0.02052	0.02011	0.03251	0.04857	0.63686	0.04766	0.02451	0.02522	0.01867	0.02622	0.01515	0.01985	0.01275	0.00728	0.00800	0.00240	0.00985	0.00714	0.00402	0.01271
10	0.01627	0.04197	0.67279	0.02313	0.03512	0.01884	0.02998	0.02570	0.01713	0.02570	0.01456	0.01713	0.01028	0.00771	0.00771	0.00257	0.01199	0.00600	0.00343	0.01199
11	0.00959	0.00822	0.00822	0.00822	0.01096	0.00685	0.00617	0.01165	0.01850	0.02192	0.08220	0.07809	0.66092	0.02055	0.00959	0.00274	0.00411	0.01713	0.00754	0.00685
12	0.01532	0.01442	0.02434	0.69533	0.05589	0.01803	0.02253	0.02073	0.01622	0.02073	0.01442	0.02163	0.01082	0.00811	0.00811	0.00270	0.01082	0.00721	0.00361	0.00901
13	0.01683	0.11177	0.60788	0.02218	0.03365	0.02021	0.02832	0.02555	0.01707	0.02502	0.01422	0.01671	0.01029	0.00763	0.00745	0.00248	0.01165	0.00583	0.00343	0.01183
14	0.01532	0.01442	0.02434	0.69533	0.05589	0.01803	0.02253	0.02073	0.01622	0.02073	0.01442	0.02163	0.01082	0.00811	0.00811	0.00270	0.01082	0.00721	0.00361	0.00901
15	0.00989	0.00706	0.00942	0.01130	0.01177	0.00659	0.00753	0.01130	0.01554	0.02071	0.04472	0.70954	0.05367	0.02542	0.01036	0.00330	0.00471	0.02307	0.00753	0.00659
16	0.01532	0.01442	0.02434	0.69533	0.05589	0.01803	0.02253	0.02073	0.01622	0.02073	0.01442	0.02163	0.01082	0.00811	0.00811	0.00270	0.01082	0.00721	0.00361	0.00901
17	0.77215	0.01569	0.01193	0.01067	0.01569	0.01820	0.00879	0.02385	0.01381	0.03641	0.01130	0.01318	0.00879	0.00753	0.00502	0.00251	0.00628	0.00439	0.00502	0.00879
18	0.02008	0.01928	0.03294	0.04981	0.66422	0.01928	0.02490	0.02490	0.01848	0.02651	0.01526	0.02008	0.01285	0.00723	0.00803	0.00241	0.00964	0.00723	0.00402	0.01285
19	0.77215	0.01569	0.01193	0.01067	0.01569	0.01820	0.00879	0.02385	0.01381	0.03641	0.01130	0.01318	0.00879	0.00753	0.00502	0.00251	0.00628	0.00439	0.00502	0.00879
20	0.00989	0.00706	0.00942	0.01130	0.01177	0.00659	0.00753	0.01130	0.01554	0.02071	0.04472	0.70954	0.05367	0.02542	0.01036	0.00330	0.00471	0.02307	0.00753	0.00659
21	0.01633	0.01389	0.01629	0.01197	0.01869	0.01051	0.00946	0.01977	0.01673	0.02603	0.01660	0.06671	0.01502	0.00741	0.00632	0.00135	0.00592	0.00612	0.00500	0.70986
22	0.03097	0.02006	0.02240	0.01744	0.02368	0.02153	0.01432	0.43243	0.10188	0.19360	0.02389	0.02257	0.01647	0.00995	0.00814	0.00249	0.00818	0.00771	0.00858	0.01370
23	0.77215	0.01569	0.01193	0.01067	0.01569	0.01820	0.00879	0.02385	0.01381	0.03641	0.01130	0.01318	0.00879	0.00753	0.00502	0.00251	0.00628	0.00439	0.00502	0.00879
24	0.01532	0.01442	0.02434	0.69533	0.05589	0.01803	0.02253	0.02073	0.01622	0.02073	0.01442	0.02163	0.01082	0.00811	0.00811	0.00270	0.01082	0.00721	0.00361	0.00901
25	0.03085	0.02273	0.02435	0.01867	0.02516	0.02516	0.01542	0.63716	0.03815	0.05114	0.01948	0.01948	0.01380	0.00974	0.00812	0.00244	0.00893	0.00731	0.00812	0.01380
26	0.03641	0.01381	0.01883	0.01444	0.02071	0.01193	0.01193	0.03954	0.02322	0.66984	0.03201	0.02762	0.02009	0.01004	0.00816	0.00251	0.00690	0.00816	0.01004	0.01381
27	0.03641	0.01381	0.01883	0.01444	0.02071	0.01193	0.01193	0.03954	0.02322	0.66984	0.03201	0.02762	0.02009	0.01004	0.00816	0.00251	0.00690	0.00816	0.01004	0.01381
28	0.01701	0.01510	0.01845	0.01390	0.01965	0.01366	0.01126	0.02025	0.01593	0.02504	0.01366	0.01701	0.01174	0.00767	0.01019	0.00168	0.14655	0.00527	0.00455	0.61142
29	0.01532	0.01442	0.02434	0.69533	0.05589	0.01803	0.02253	0.02073	0.01622	0.02073	0.01442	0.02163	0.01082	0.00811	0.00811	0.00270	0.01082	0.00721	0.00361	0.00901
30	0.01148	0.00829	0.01085	0.01021	0.01212	0.00766	0.00766	0.01531	0.02297	0.03254	0.65994	0.06061	0.07656	0.01659	0.00957	0.00255	0.00383	0.01467	0.00893	0.00766
31	0.00989	0.00706	0.00942	0.01130	0.01177	0.00659	0.00753	0.01130	0.01554	0.02071	0.04472	0.70954	0.05367	0.02542	0.01036	0.00330	0.00471	0.02307	0.00753	0.00659
32	0.07071	0.04008	0.62520	0.02223	0.03372	0.01880	0.02845	0.02556	0.01689	0.02647	0.01433	0.01685	0.01017	0.00770	0.00752	0.00257	0.01158	0.00588	0.00354	0.01176
33	0.01532	0.01442	0.02434	0.69533	0.05589	0.01803	0.02253	0.02073	0.01622	0.02073	0.01442	0.02163	0.01082	0.00811	0.00811	0.00270	0.01082	0.00721	0.00361	0.00901
34	0.01159	0.00869	0.01304	0.01304	0.01449	0.01014	0.01014	0.01449	0.01304	0.01884	0.02173	0.03188	0.02029	0.06086	0.68268	0.01304	0.02173	0.00869	0.00435	0.00724
35	0.01607	0.01519	0.02569	0.59375	0.15162	0.01822	0.02291	0.02139	0.01658	0.02164	0.01455	0.02139	0.01114	0.00797	0.00810	0.00266	0.01063	0.00721	0.00367	0.00962
36	0.03608	0.01434	0.01916	0.01469	0.02098	0.01271	0.01213	0.07484	0.02411	0.63329	0.03127	0.02714	0.01971	0.01003	0.00816	0.00251	0.00702	0.00811	0.00993	0.01381
37	0.01607	0.01519	0.02569	0.59350	0.15185	0.01823	0.02291	0.02139	0.01658	0.02164	0.01455	0.02139	0.01114	0.00797	0.00810	0.00266	0.01063	0.00721	0.00367	0.00962
38	0.02252	0.01849	0.01895	0.01641	0.02128	0.04780	0.01292	0.15045	0.43739	0.06287	0.03314	0.03094	0.06774	0.01131	0.00828	0.00265	0.00709	0.00919	0.00808	0.01249
39	0.01915	0.02189	0.04788	0.03420	0.04241	0.02052	0.63475	0.02599	0.01915	0.02599	0.01642	0.02189	0.01231	0.00684	0.00958	0.00274	0.01368	0.00958	0.00410	0.01094
40	0.01657	0.07839	0.63892	0.02263	0.03435	0.01956	0.02911	0.02562	0.01710	0.02534	0.01439	0.01691	0.01029	0.00767	0.00757	0.00252	0.01181	0.00591	0.00343	0.01191
41	0.01862	0.02093	0.04470	0.03235	0.03972	0.02008	0.56948	0.02491	0.01860	0.02537	0.01749	0.05552	0.01426	0.00817	0.01056	0.00281	0.05148	0.01010	0.00424	0.01061
42	0.02687	0.01529	0.01821	0.01536	0.02050	0.01575	0.01234	0.06269	0.29751	0.30810	0.05936	0.03302	0.02561	0.01134	0.00841	0.00268	0.00667	0.03847	0.00901	0.01281
43	0.06946	0.01921	0.02045	0.01583	0.02196	0.04929	0.01283	0.31924	0.02806	0.15079	0.02014	0.02122	0.01477	0.03868	0.00889	0.00242	0.00806	0.00688	0.00730	0.16453
44	0.00989	0.00706	0.00942	0.01130	0.01177	0.00659	0.00753	0.01130	0.01554	0.02071	0.04472	0.70954	0.05367	0.02542	0.01036	0.00330	0.00471	0.02307	0.00753	0.00659
45	0.03034	0.03773	0.02307	0.02077	0.02509	0.64344	0.01566	0.06812	0.02389	0.02171	0.01295	0.01492	0.01065	0.00844	0.00736	0.00211	0.01430	0.00535	0.00441	0.00967
46	0.01567	0.01477	0.02496	0.64884	0.09970	0.01812	0.02271	0.02103	0.01639	0.02115	0.01448	0.02152	0.01096	0.00805	0.00811	0.00268	0.01073	0.00721	0.00364	0.00929
47	0.77215	0.01569	0.01193	0.01067	0.01569	0.01820	0.00879	0.02385	0.01381	0.03641	0.01130	0.01318	0.00879	0.00753	0.00502	0.00251	0.00628	0.00439	0.00502	0.00879
48	0.00989	0.00706	0.00942	0.01130	0.01177	0.00659	0.00753	0.01130	0.01554	0.02071	0.04472	0.70954	0.05367	0.02542	0.01036	0.00330	0.00471	0.02307	0.00753	0.00659
49	0.03085	0.02273	0.02435	0.01867	0.02516	0.02516	0.01542	0.63716	0.03815	0.05114	0.01948	0.01948	0.01380	0.00974	0.00812	0.00244	0.00893	0.00731	0.00812	0.01380
50	0.01532	0.01442	0.02434	0.69533	0.05589	0.01803	0.02253	0.02073	0.01622	0.02073	0.01442	0.02163	0.01082	0.00811	0.00811	0.00270	0.01082	0.00721	0.00361	0.00901
51	0.03085	0.02273	0.02435	0.01867	0.02516	0.02516	0.01542	0.63716	0.03815	0.05114	0.01948	0.01948	0.01380	0.00974	0.00812	0.00244	0.00893	0.00731	0.00812	0.01380
52	0.01308	0.00934	0.01308	0.01494	0.01681	0.00934	0.01308	0.01681	0.01868	0.02428	0.04296	0.09153	0.04670	0.02242	0.01121	0.00374	0.00747	0.60960	0.00747	0.00747
53	0.73085	0.01608	0.01262	0.01112	0.01622	0.01859	0.00916	0.05802	0.01517	0.03723	0.01175	0.01353	0.00907	0.00766	0.00519	0.00251	0.00642	0.00456	0.00519	0.00907
54	0.03125	0.02209	0.02395	0.01836	0.02484	0.02421	0.01517	0.59412	0.03708	0.09570	0.02038	0.02007	0.01425	0.00976	0.00812	0.00244	0.00878	0.00737	0.00826	0.01380
55	0.00989	0.00706	0.00942	0.01130	0.01177	0.00659	0.00753	0.01130	0.01554	0.02071	0.04472	0.70954	0.05367	0.02542	0.01036	0.00330	0.00471	0.02307	0.00753	0.00659
56	0.01837	0.01534	0.01765	0.01275	0.01988	0.01239	0.01025	0.08822	0.01917	0.02916	0.01498	0.01712	0.01221	0.00642	0.00624	0.00134	0.00633	0.00508	0.00517	0.68193
57	0.01081	0.00925	0.01074	0.01014	0.01306	0.00821	0.03184	0.01427	0.04843	0.02377	0.13061	0.07259	0.52128	0.01927	0.00960	0.00277	0.00473	0.04369	0.00756	0.00740
58	0.02042	0.05008	0.03933	0.02845	0.03506	0.08809	0.41539	0.05633	0.01960	0.02563	0.01649	0.04664	0.01356	0.00847	0.01047	0.00265	0.07203	0.00894	0.00440	0.03795

[dist]
# distance from previous block
# <min> <max>
21	49

[block]
# block no. 3 follows, 23 sequences, length 18
# corresponding to MSA columns:
# 335-352
name=unknown_D
#
# <colnr> <probs for GDERKNQSTAVLIFYWHMCP>
#	G	D	E	R	K	N	Q	S	T	A	V	L	I	F	Y	W	H	M	C	P
0	0.01772	0.01655	0.02660	0.01978	0.02630	0.01490	0.21069	0.05825	0.04466	0.02708	0.01822	0.05283	0.01546	0.01272	0.07069	0.00303	0.01007	0.00788	0.00500	0.34158
1	0.01917	0.02143	0.04528	0.03500	0.09973	0.02063	0.54540	0.02555	0.01874	0.02570	0.01601	0.02150	0.01228	0.00726	0.01032	0.00275	0.04896	0.00923	0.00407	0.01102
2	0.01991	0.01728	0.03328	0.02791	0.10497	0.01622	0.32570	0.02519	0.01992	0.11574	0.08428	0.03596	0.04708	0.01049	0.00938	0.00276	0.01030	0.07703	0.00587	0.01072
3	0.01770	0.01700	0.02935	0.36649	0.33853	0.01872	0.04984	0.02290	0.01740	0.02365	0.01490	0.02092	0.01183	0.00765	0.00814	0.00257	0.01039	0.00732	0.00382	0.01088
4	0.61103	0.01565	0.01335	0.01170	0.01634	0.01805	0.00958	0.07158	0.01654	0.03651	0.07243	0.01830	0.01559	0.00883	0.00659	0.00255	0.03504	0.00570	0.00557	0.00908
5	0.01586	0.01547	0.02765	0.60243	0.05399	0.01838	0.10856	0.02147	0.01664	0.02147	0.01470	0.02167	0.01103	0.00793	0.00832	0.00271	0.01122	0.00754	0.00368	0.00929
6	0.01564	0.01327	0.01625	0.07596	0.02139	0.01140	0.01067	0.02045	0.06398	0.02540	0.02149	0.14797	0.02066	0.01021	0.00719	0.00185	0.00624	0.00878	0.00546	0.49572
7	0.01336	0.01052	0.01252	0.01164	0.01453	0.01020	0.00889	0.02036	0.13806	0.02983	0.34658	0.10277	0.11994	0.01590	0.00913	0.00259	0.00478	0.04074	0.00810	0.07955
8	0.01891	0.13347	0.52426	0.02103	0.03179	0.02004	0.02606	0.02679	0.01761	0.08487	0.01573	0.01754	0.01121	0.00782	0.00740	0.00245	0.01106	0.00597	0.00405	0.01194
9	0.01790	0.01164	0.01424	0.01319	0.01643	0.01133	0.01003	0.06851	0.10753	0.12533	0.10181	0.29372	0.03973	0.01699	0.00912	0.00278	0.00577	0.04556	0.00795	0.08045
10	0.09229	0.54194	0.07445	0.01487	0.02164	0.09922	0.01454	0.02520	0.01697	0.02117	0.01161	0.01344	0.01026	0.00719	0.00556	0.00189	0.00928	0.00454	0.00369	0.01025
11	0.01573	0.01522	0.02684	0.62497	0.05445	0.01829	0.08769	0.02129	0.01654	0.02129	0.01463	0.02166	0.01098	0.00798	0.00827	0.00271	0.01112	0.00746	0.00366	0.00922
12	0.01685	0.01598	0.02709	0.48874	0.25057	0.01843	0.02329	0.02207	0.01695	0.02258	0.01469	0.02114	0.01147	0.00783	0.00809	0.00261	0.01044	0.00722	0.00374	0.01024
13	0.02595	0.01835	0.02054	0.01598	0.02198	0.01870	0.01294	0.37497	0.02952	0.10001	0.02219	0.09307	0.01822	0.01059	0.00788	0.00225	0.00763	0.00850	0.00748	0.18325
14	0.01324	0.01077	0.01377	0.01294	0.01565	0.01014	0.00981	0.01561	0.01591	0.02276	0.03123	0.35617	0.03511	0.01773	0.01078	0.00269	0.07937	0.07063	0.00623	0.24945
15	0.02129	0.01721	0.01932	0.01476	0.02072	0.03421	0.01194	0.19447	0.02329	0.04881	0.06435	0.02113	0.01741	0.00863	0.00850	0.00188	0.05890	0.00652	0.00606	0.40061
16	0.01434	0.01257	0.01877	0.01636	0.01752	0.01512	0.06921	0.01634	0.01303	0.01876	0.01888	0.03304	0.01933	0.24520	0.20891	0.00742	0.23434	0.00924	0.00425	0.00739
17	0.01631	0.01578	0.02511	0.19919	0.03158	0.01926	0.09658	0.01984	0.01501	0.02139	0.04423	0.02402	0.01562	0.05521	0.04907	0.00375	0.28786	0.00804	0.00407	0.04807

[dist]
# distance from previous block
# <min> <max>
0	8

[block]
# block no. 4 follows, 23 sequences, length 31
# corresponding to MSA columns:
# 361-391
name=unknown_E
#
# <colnr> <probs for GDERKNQSTAVLIFYWHMCP>
#	G	D	E	R	K	N	Q	S	T	A	V	L	I	F	Y	W	H	M	C	P
0	0.02101	0.01443	0.01993	0.15124	0.02759	0.01400	0.03910	0.04909	0.06630	0.16599	0.03919	0.02412	0.01720	0.01328	0.07053	0.00316	0.00903	0.00728	0.00613	0.24141
1	0.01710	0.01700	0.02514	0.56918	0.11820	0.07455	0.02221	0.02217	0.01704	0.02127	0.01435	0.02087	0.01100	0.00804	0.00804	0.00262	0.01101	0.00704	0.00370	0.00946
2	0.02008	0.01928	0.03294	0.04981	0.66422	0.01928	0.02490	0.02490	0.01848	0.02651	0.01526	0.02008	0.01285	0.00723	0.00803	0.00241	0.00964	0.00723	0.00402	0.01285
3	0.02742	0.03135	0.02176	0.01935	0.02392	0.44356	0.01476	0.08439	0.17778	0.02611	0.01820	0.01894	0.01429	0.00905	0.00757	0.00225	0.01186	0.00635	0.00553	0.03556
4	0.01409	0.00705	0.01057	0.01057	0.01057	0.00705	0.00705	0.01057	0.01057	0.01409	0.01409	0.02467	0.01409	0.02819	0.03171	0.76392	0.00705	0.00705	0.00352	0.00352
5	0.03548	0.01530	0.01975	0.01514	0.02146	0.01414	0.01251	0.13937	0.02572	0.56649	0.02992	0.02626	0.01904	0.00999	0.00815	0.00250	0.00724	0.00802	0.00972	0.01381
6	0.03085	0.02273	0.02435	0.01867	0.02516	0.02516	0.01542	0.63716	0.03815	0.05114	0.01948	0.01948	0.01380	0.00974	0.00812	0.00244	0.00893	0.00731	0.00812	0.01380
7	0.03128	0.02203	0.02392	0.01834	0.02481	0.02412	0.01515	0.59005	0.03697	0.09991	0.02047	0.02012	0.01429	0.00976	0.00812	0.00244	0.00877	0.00737	0.00827	0.01380
8	0.01252	0.00844	0.01118	0.01103	0.01290	0.00783	0.00834	0.01590	0.02134	0.05919	0.47064	0.17037	0.06735	0.01831	0.00979	0.00278	0.00446	0.07128	0.00861	0.00774
9	0.02169	0.71972	0.04252	0.01388	0.02083	0.03211	0.01388	0.02430	0.01649	0.01909	0.01128	0.01302	0.01041	0.00694	0.00521	0.00174	0.00868	0.00434	0.00347	0.01041
10	0.00989	0.00706	0.00942	0.01130	0.01177	0.00659	0.00753	0.01130	0.01554	0.02071	0.04472	0.70954	0.05367	0.02542	0.01036	0.00330	0.00471	0.02307	0.00753	0.00659
11	0.03641	0.01381	0.01883	0.01444	0.02071	0.01193	0.01193	0.03954	0.02322	0.66984	0.03201	0.02762	0.02009	0.01004	0.00816	0.00251	0.00690	0.00816	0.01004	0.01381
12	0.14062	0.00995	0.01131	0.03621	0.01427	0.01124	0.00869	0.01848	0.01505	0.02699	0.02138	0.02705	0.01784	0.02497	0.21316	0.00550	0.03883	0.00735	0.34333	0.00778
13	0.01044	0.00802	0.00974	0.01038	0.01196	0.00759	0.00755	0.01238	0.01616	0.02065	0.05388	0.24305	0.28684	0.09352	0.12530	0.00516	0.00779	0.05613	0.00675	0.00671
14	0.02250	0.65618	0.04070	0.01454	0.02122	0.09276	0.01405	0.02505	0.01709	0.01916	0.01140	0.01317	0.01042	0.00707	0.00540	0.00177	0.00923	0.00442	0.00354	0.01032
