[name]
unknown

[dist]
# distance from previous block
# <min> <max>
0	6

[block]
# block no. 0 follows, 25 sequences, length 53
# corresponding to MSA columns:
# 6-58
name=unknown_A
#
# <colnr> <probs for GDERKNQSTAVLIFYWHMCP>
#	G	D	E	R	K	N	Q	S	T	A	V	L	I	F	Y	W	H	M	C	P
0	0.02813	0.01192	0.01635	0.01394	0.01868	0.01066	0.01172	0.03130	0.02089	0.48695	0.03372	0.04464	0.02679	0.01313	0.00867	0.00275	0.00676	0.19277	0.00886	0.01139
1	0.03270	0.01293	0.01746	0.01357	0.01924	0.01134	0.01114	0.03629	0.04069	0.62078	0.07495	0.02863	0.02303	0.01005	0.00789	0.00241	0.00638	0.00825	0.00947	0.01276
2	0.02503	0.01693	0.01972	0.06290	0.02336	0.01738	0.01297	0.24748	0.13977	0.16893	0.02205	0.02167	0.01574	0.00876	0.00738	0.00218	0.00727	0.00698	0.00722	0.16629
3	0.06854	0.01662	0.02039	0.13657	0.09407	0.01818	0.01461	0.28365	0.04133	0.03404	0.01922	0.06961	0.01630	0.05569	0.00957	0.00269	0.00804	0.00802	0.03103	0.05183
4	0.01819	0.01726	0.02859	0.19195	0.49017	0.01822	0.02242	0.02423	0.06639	0.02465	0.01570	0.02026	0.01272	0.00737	0.00771	0.00239	0.00923	0.00705	0.00406	0.01147
5	0.23275	0.01433	0.01625	0.01304	0.01841	0.01431	0.01069	0.09868	0.03952	0.37795	0.06850	0.02410	0.01950	0.00938	0.00708	0.00240	0.00643	0.00720	0.00799	0.01147
6	0.07750	0.01562	0.01851	0.04360	0.06336	0.01597	0.01255	0.08078	0.23884	0.18391	0.02394	0.02317	0.01733	0.00879	0.00724	0.00225	0.00671	0.00715	0.00704	0.14571
7	0.01069	0.00784	0.01003	0.00964	0.01145	0.00717	0.00717	0.01403	0.02105	0.02934	0.57411	0.10524	0.12970	0.01680	0.00920	0.00250	0.00374	0.01480	0.00831	0.00717
8	0.01062	0.00775	0.00999	0.00978	0.01146	0.00711	0.00720	0.01382	0.02060	0.02872	0.54027	0.15794	0.11102	0.01737	0.00926	0.00256	0.00380	0.01538	0.00825	0.00711
9	0.00945	0.00675	0.00900	0.01080	0.01125	0.00630	0.00720	0.01080	0.01484	0.01979	0.04274	0.72245	0.05128	0.02429	0.00990	0.00315	0.00450	0.02204	0.00720	0.00630
10	0.01919	0.01842	0.03147	0.04759	0.67914	0.01842	0.02380	0.02380	0.01765	0.02533	0.01458	0.01919	0.01228	0.00691	0.00768	0.00230	0.00921	0.00691	0.00384	0.01228
11	0.02972	0.01577	0.01811	0.01479	0.02017	0.05782	0.01189	0.03838	0.21682	0.44432	0.02969	0.02636	0.01996	0.00977	0.00777	0.00244	0.00693	0.00791	0.00872	0.01265
12	0.01086	0.00792	0.01020	0.00963	0.01151	0.00727	0.00722	0.01441	0.02167	0.03044	0.63670	0.05899	0.11191	0.01609	0.00915	0.00245	0.00368	0.01417	0.00845	0.00727
13	0.01919	0.01842	0.03147	0.04759	0.67914	0.01842	0.02380	0.02380	0.01765	0.02533	0.01458	0.01919	0.01228	0.00691	0.00768	0.00230	0.00921	0.00691	0.00384	0.01228
14	0.01994	0.02120	0.05692	0.04189	0.52466	0.08453	0.06763	0.02512	0.03738	0.02486	0.01489	0.01899	0.01226	0.00711	0.00771	0.00231	0.00995	0.00689	0.00396	0.01180
15	0.00918	0.00780	0.00792	0.00801	0.01051	0.00653	0.00596	0.01111	0.01752	0.02088	0.07662	0.10953	0.64233	0.01989	0.00920	0.00265	0.00396	0.01667	0.00720	0.00653
16	0.01943	0.01187	0.01428	0.01248	0.01620	0.01182	0.00983	0.04530	0.18428	0.19400	0.25318	0.04419	0.10364	0.01331	0.00850	0.00253	0.00530	0.03129	0.00844	0.01013
17	0.01223	0.00827	0.01035	0.00963	0.01191	0.00743	0.00729	0.01548	0.02105	0.07402	0.50247	0.05933	0.19889	0.01623	0.00906	0.00247	0.00392	0.01410	0.00832	0.00756
18	0.01880	0.02301	0.08608	0.05126	0.06239	0.07097	0.49465	0.02487	0.01811	0.02402	0.01499	0.01986	0.01142	0.00701	0.00935	0.00257	0.03809	0.00836	0.00385	0.01036
19	0.01128	0.00752	0.00846	0.00846	0.00846	0.00752	0.00470	0.01128	0.01128	0.01503	0.02443	0.05074	0.02819	0.72751	0.03946	0.00752	0.00752	0.01128	0.00470	0.00470
20	0.01557	0.00830	0.00841	0.00801	0.01014	0.00847	0.00611	0.06508	0.01775	0.03038	0.02480	0.02815	0.01938	0.00905	0.00559	0.00185	0.00398	0.00721	0.71409	0.00767
21	0.01685	0.01376	0.01616	0.01158	0.01843	0.01038	0.00928	0.02028	0.01633	0.05241	0.01447	0.01650	0.01180	0.00590	0.00583	0.00120	0.00578	0.00473	0.00480	0.74354
22	0.01128	0.00752	0.00846	0.00846	0.00846	0.00752	0.00470	0.01128	0.01128	0.01503	0.02443	0.05074	0.02819	0.72751	0.03946	0.00752	0.00752	0.01128	0.00470	0.00470
23	0.01592	0.08959	0.64109	0.02147	0.03258	0.01891	0.02755	0.02446	0.01633	0.02410	0.01369	0.01609	0.00983	0.00731	0.00720	0.00240	0.01123	0.00562	0.00328	0.01135
24	0.02785	0.02144	0.02203	0.01700	0.02313	0.06984	0.01390	0.50223	0.03219	0.06654	0.01793	0.01823	0.01295	0.00875	0.00744	0.00215	0.00848	0.00655	0.00713	0.11425
25	0.02898	0.03638	0.02202	0.01989	0.02397	0.67117	0.01497	0.05430	0.02252	0.02010	0.01223	0.01416	0.01011	0.00804	0.00702	0.00201	0.01378	0.00507	0.00414	0.00915
26	0.01328	0.00893	0.01143	0.01048	0.01279	0.00847	0.00796	0.01820	0.06832	0.07791	0.58259	0.05357	0.06573	0.01502	0.00896	0.00245	0.00405	0.01320	0.00856	0.00809
27	0.06764	0.01387	0.02244	0.66064	0.05075	0.01724	0.02063	0.02002	0.01534	0.02084	0.01358	0.02011	0.01020	0.00771	0.00755	0.00257	0.01004	0.00670	0.00354	0.00860
28	0.02986	0.02111	0.02289	0.01755	0.02374	0.02314	0.01450	0.60912	0.03543	0.09448	0.01947	0.01917	0.01362	0.00933	0.00776	0.00233	0.00839	0.00704	0.00789	0.01319
29	0.01995	0.01594	0.01718	0.01531	0.01967	0.01808	0.01194	0.03952	0.58450	0.07899	0.06617	0.03031	0.02602	0.01074	0.00795	0.00260	0.00604	0.00898	0.00805	0.01207
30	0.01464	0.01378	0.02326	0.70887	0.05340	0.01723	0.02153	0.01981	0.01550	0.01981	0.01378	0.02067	0.01034	0.00775	0.00775	0.00258	0.01034	0.00689	0.00345	0.00861
31	0.01591	0.11357	0.57009	0.02059	0.03086	0.01876	0.02585	0.02382	0.01640	0.02377	0.01545	0.02085	0.01224	0.00826	0.00734	0.00245	0.01081	0.04844	0.00355	0.01100
32	0.01128	0.00752	0.00846	0.00846	0.00846	0.00752	0.00470	0.01128	0.01128	0.01503	0.02443	0.05074	0.02819	0.72751	0.03946	0.00752	0.00752	0.01128	0.00470	0.00470
33	0.00945	0.00675	0.00900	0.01080	0.01125	0.00630	0.00720	0.01080	0.01484	0.01979	0.04274	0.72245	0.05128	0.02429	0.00990	0.00315	0.00450	0.02204	0.00720	0.00630
34	0.02738	0.01340	0.01685	0.01350	0.01847	0.01274	0.01093	0.11903	0.06823	0.39815	0.15965	0.03333	0.05049	0.01119	0.00811	0.00242	0.00616	0.00927	0.00893	0.01174
35	0.01231	0.00835	0.01119	0.01239	0.03993	0.00775	0.00872	0.01481	0.01787	0.06906	0.19918	0.33670	0.11719	0.01966	0.00950	0.00289	0.00490	0.09267	0.00755	0.00740
36	0.01108	0.00799	0.01051	0.01007	0.01189	0.00743	0.00767	0.01473	0.02166	0.03055	0.63128	0.05996	0.07119	0.01624	0.00925	0.00252	0.00390	0.05634	0.00844	0.00730
37	0.63619	0.01477	0.01247	0.01091	0.01552	0.01678	0.00887	0.06620	0.01505	0.06826	0.01256	0.01452	0.00966	0.00888	0.00698	0.05760	0.00626	0.00476	0.00515	0.00862
38	0.02893	0.02145	0.02296	0.01773	0.02384	0.02379	0.01460	0.62030	0.07034	0.04798	0.01931	0.01917	0.01375	0.00937	0.00776	0.00234	0.00840	0.00708	0.00776	0.01314
39	0.01581	0.08585	0.54886	0.02081	0.03047	0.01868	0.02563	0.02347	0.01612	0.02360	0.01530	0.02102	0.01225	0.00871	0.00867	0.00254	0.05939	0.04842	0.00355	0.01085
40	0.01870	0.01792	0.03059	0.11875	0.61180	0.01829	0.02355	0.02337	0.01742	0.02474	0.01450	0.01935	0.01207	0.00700	0.00768	0.00233	0.00933	0.00691	0.00380	0.01189
41	0.02858	0.01184	0.01587	0.01263	0.01762	0.01030	0.01026	0.03163	0.02184	0.51690	0.15418	0.03559	0.07445	0.01145	0.00814	0.00242	0.00587	0.00955	0.00923	0.01164
42	0.01483	0.01397	0.02360	0.68148	0.07932	0.01728	0.02163	0.01998	0.01559	0.02004	0.01381	0.02061	0.01042	0.00772	0.00775	0.00257	0.01029	0.00689	0.00346	0.00877
43	0.11781	0.01794	0.01997	0.01554	0.02147	0.01888	0.01281	0.35709	0.04500	0.26151	0.02209	0.02081	0.01493	0.00919	0.00743	0.00237	0.00753	0.00698	0.00804	0.01261
44	0.01854	0.01590	0.01688	0.01540	0.01948	0.01830	0.01189	0.03889	0.61571	0.03147	0.03241	0.08164	0.02577	0.01157	0.00804	0.00267	0.00601	0.00978	0.00784	0.01182
45	0.02762	0.03472	0.02095	0.01910	0.02279	0.64402	0.01420	0.02947	0.02116	0.01868	0.01293	0.01678	0.01137	0.06268	0.00946	0.00242	0.01349	0.00547	0.00405	0.00866
46	0.01301	0.00944	0.01388	0.01399	0.01612	0.00906	0.05859	0.01639	0.03566	0.05786	0.04166	0.30155	0.08921	0.02022	0.00995	0.00319	0.00636	0.26928	0.00707	0.00752
47	0.02798	0.03621	0.07263	0.02000	0.02470	0.60160	0.01600	0.07048	0.02248	0.02132	0.01256	0.01446	0.01018	0.00803	0.00707	0.00205	0.01344	0.00518	0.00418	0.00945
48	0.01445	0.00723	0.00723	0.00723	0.00903	0.00723	0.00542	0.01807	0.01626	0.02891	0.02529	0.02891	0.01987	0.00903	0.00542	0.00181	0.00361	0.00723	0.77055	0.00723
49	0.07362	0.03550	0.57141	0.02075	0.03096	0.01733	0.04614	0.02379	0.01655	0.02576	0.05624	0.01890	0.01385	0.00787	0.00734	0.00246	0.01060	0.00626	0.00375	0.01093
50	0.01110	0.00796	0.01037	0.00997	0.01165	0.00744	0.00747	0.01448	0.02085	0.02933	0.58199	0.05940	0.06778	0.07032	0.01156	0.00290	0.00419	0.05598	0.00815	0.00710
51	0.01295	0.01063	0.01198	0.01206	0.03969	0.01045	0.00880	0.05856	0.12536	0.02624	0.14154	0.08109	0.36463	0.01672	0.00891	0.00263	0.00495	0.04715	0.00739	0.00826
52	0.02466	0.01910	0.07011	0.01624	0.02214	0.01859	0.01389	0.21627	0.27599	0.15708	0.02524	0.02376	0.01803	0.00948	0.00767	0.00240	0.00730	0.00759	0.00763	0.05683

[dist]
# distance from previous block
# <min> <max>
0	9

[block]
# block no. 1 follows, 25 sequences, length 14
# corresponding to MSA columns:
# 68-81
name=unknown_B
#
# <colnr> <probs for GDERKNQSTAVLIFYWHMCP>
#	G	D	E	R	K	N	Q	S	T	A	V	L	I	F	Y	W	H	M	C	P
0	0.01494	0.09802	0.13806	0.01729	0.04209	0.03165	0.07726	0.02106	0.08654	0.02401	0.09757	0.19084	0.04798	0.01385	0.00844	0.00264	0.00769	0.06519	0.00577	0.00912
1	0.01168	0.00789	0.01039	0.01017	0.01187	0.00726	0.00747	0.01478	0.02034	0.05734	0.50252	0.20798	0.06579	0.01750	0.00926	0.00260	0.00398	0.01558	0.00828	0.00734
2	0.01656	0.01566	0.02546	0.08884	0.47915	0.01562	0.01954	0.02061	0.01750	0.02391	0.02910	0.03194	0.16340	0.00987	0.00802	0.00240	0.00809	0.00906	0.00457	0.01070
3	0.01727	0.01786	0.02876	0.02316	0.02495	0.02281	0.16146	0.02007	0.01334	0.02007	0.01143	0.01786	0.01054	0.01197	0.02173	0.00322	0.55373	0.00732	0.00351	0.00893
4	0.02073	0.73217	0.04063	0.01327	0.01990	0.03068	0.01327	0.02322	0.01575	0.01824	0.01078	0.01244	0.00995	0.00663	0.00498	0.00166	0.00829	0.00415	0.00332	0.00995
5	0.07648	0.01719	0.02819	0.18941	0.38166	0.01817	0.07089	0.05612	0.01789	0.02595	0.01526	0.02130	0.01259	0.00768	0.00769	0.00244	0.00942	0.02663	0.00414	0.01090
6	0.02947	0.02172	0.02327	0.01784	0.02404	0.02404	0.01474	0.65329	0.03646	0.04887	0.01862	0.01862	0.01319	0.00931	0.00776	0.00233	0.00853	0.00698	0.00776	0.01319
7	0.01609	0.13365	0.44297	0.17735	0.03612	0.01965	0.02481	0.02328	0.01608	0.02257	0.01343	0.01678	0.00996	0.00735	0.00711	0.00237	0.01075	0.00577	0.00332	0.01059
8	0.01450	0.01243	0.01420	0.01066	0.01657	0.00947	0.00844	0.01761	0.01644	0.02428	0.02854	0.02942	0.16293	0.00891	0.00652	0.00148	0.00533	0.00728	0.00519	0.59979
9	0.01543	0.01264	0.01609	0.01426	0.01744	0.01270	0.05834	0.02411	0.21591	0.03101	0.35346	0.07131	0.09377	0.01486	0.00936	0.00281	0.00573	0.01277	0.00825	0.00974
10	0.01474	0.01105	0.01268	0.01112	0.01415	0.01094	0.00865	0.15931	0.02419	0.03261	0.37626	0.05314	0.21026	0.01531	0.00883	0.00246	0.00484	0.01300	0.00802	0.00846
11	0.02114	0.66818	0.06881	0.01369	0.02051	0.02923	0.01388	0.02394	0.01608	0.04886	0.01182	0.01325	0.01037	0.00680	0.00521	0.00173	0.00836	0.00438	0.00360	0.01017
12	0.01125	0.00775	0.00894	0.00864	0.01069	0.00708	0.00648	0.01442	0.01944	0.02771	0.35745	0.05605	0.23233	0.01537	0.00830	0.00235	0.00372	0.01314	0.18182	0.00708
13	0.19368	0.01574	0.01593	0.01433	0.01878	0.01796	0.01135	0.03567	0.45255	0.06720	0.02721	0.02777	0.02092	0.01022	0.00731	0.00261	0.00618	0.03617	0.00724	0.01120

[dist]
# distance from previous block
# <min> <max>
0	13

[block]
# block no. 2 follows, 25 sequences, length 38
# corresponding to MSA columns:
# 95-132
name=unknown_C
#
# <colnr> <probs for GDERKNQSTAVLIFYWHMCP>
#	G	D	E	R	K	N	Q	S	T	A	V	L	I	F	Y	W	H	M	C	P
0	0.01151	0.00826	0.01071	0.01064	0.01147	0.00902	0.00736	0.01370	0.03847	0.01714	0.02300	0.04031	0.02386	0.38340	0.34741	0.00964	0.01369	0.00978	0.00457	0.00605
1	0.01432	0.00981	0.01228	0.01178	0.01415	0.00963	0.00915	0.07197	0.05271	0.06898	0.31727	0.17095	0.07993	0.01710	0.00925	0.00274	0.00506	0.10673	0.00800	0.00819
2	0.02120	0.69270	0.03957	0.01365	0.02013	0.06848	0.01336	0.02366	0.01611	0.01828	0.01085	0.01253	0.00995	0.00671	0.00509	0.00168	0.00862	0.00419	0.00336	0.00990
3	0.78228	0.01499	0.01140	0.01020	0.01499	0.01739	0.00840	0.02279	0.01320	0.03479	0.01080	0.01260	0.00840	0.00720	0.00480	0.00240	0.00600	0.00420	0.00480	0.00840
4	0.01614	0.11842	0.61416	0.02110	0.03201	0.01944	0.02691	0.02440	0.01630	0.02384	0.01356	0.01593	0.00984	0.00728	0.00710	0.00237	0.01110	0.00555	0.00328	0.01129
5	0.01606	0.01549	0.02706	0.49140	0.20828	0.01771	0.07119	0.02120	0.01626	0.02158	0.01413	0.02032	0.01093	0.00745	0.00784	0.00252	0.01027	0.00707	0.00358	0.00967
6	0.00945	0.00675	0.00900	0.01080	0.01125	0.00630	0.00720	0.01080	0.01484	0.01979	0.04274	0.72245	0.05128	0.02429	0.00990	0.00315	0.00450	0.02204	0.00720	0.00630
7	0.01088	0.00796	0.01033	0.01083	0.01231	0.00757	0.00806	0.01432	0.04175	0.02589	0.33232	0.28650	0.08424	0.01939	0.00956	0.00284	0.00449	0.09583	0.00783	0.00709
8	0.01213	0.00866	0.01208	0.01386	0.01549	0.00861	0.01186	0.01543	0.01749	0.02280	0.04125	0.16347	0.04542	0.02176	0.01061	0.00352	0.00682	0.55455	0.00715	0.00704
9	0.01938	0.02054	0.07126	0.04485	0.61160	0.04736	0.02372	0.02415	0.01776	0.02501	0.01443	0.01879	0.01203	0.00698	0.00763	0.00230	0.00955	0.00675	0.00381	0.01209
10	0.73668	0.01488	0.01180	0.01042	0.01529	0.01703	0.00858	0.02371	0.01374	0.07442	0.01200	0.01344	0.00906	0.00734	0.00498	0.00240	0.00603	0.00442	0.00509	0.00869
11	0.03251	0.01574	0.04434	0.01637	0.05326	0.01389	0.01315	0.12945	0.02390	0.53179	0.02738	0.02449	0.01760	0.00934	0.00777	0.00239	0.00720	0.00755	0.00880	0.01308
12	0.02187	0.02434	0.02656	0.12078	0.26761	0.26967	0.05399	0.02528	0.01850	0.02152	0.01336	0.01762	0.01111	0.00841	0.00906	0.03100	0.03921	0.00631	0.00381	0.01000
13	0.00945	0.00675	0.00900	0.01080	0.01125	0.00630	0.00720	0.01080	0.01484	0.01979	0.04274	0.72245	0.05128	0.02429	0.00990	0.00315	0.00450	0.02204	0.00720	0.00630
14	0.02171	0.01898	0.01883	0.01643	0.02110	0.06912	0.01289	0.14425	0.51196	0.03425	0.02795	0.02610	0.02090	0.01013	0.00780	0.00253	0.00711	0.00819	0.00758	0.01219
15	0.04880	0.01708	0.01839	0.04744	0.02109	0.01884	0.01232	0.39211	0.08089	0.04033	0.02300	0.02378	0.04170	0.00962	0.00723	0.00227	0.00711	0.00746	0.16935	0.01121
16	0.02015	0.01803	0.02823	0.18118	0.13920	0.01936	0.15608	0.18054	0.08413	0.03000	0.01777	0.02224	0.01383	0.04327	0.00961	0.00273	0.00976	0.00781	0.00517	0.01091
17	0.01555	0.04011	0.68733	0.02210	0.03356	0.01801	0.02865	0.02455	0.01637	0.02455	0.01391	0.01637	0.00982	0.00737	0.00737	0.00246	0.01146	0.00573	0.00327	0.01146
18	0.01224	0.00880	0.01217	0.01389	0.01565	0.00873	0.01202	0.01566	0.01773	0.02298	0.04262	0.11157	0.07015	0.02146	0.01062	0.00352	0.00691	0.57906	0.00714	0.00708
19	0.00975	0.00694	0.00924	0.01097	0.01150	0.00654	0.00750	0.01121	0.01493	0.01986	0.04190	0.64869	0.04988	0.05144	0.01111	0.00335	0.00481	0.06699	0.00710	0.00630
20	0.09512	0.04945	0.02232	0.01687	0.02271	0.04897	0.01390	0.49185	0.09110	0.04374	0.01855	0.01861	0.01348	0.00908	0.00737	0.00232	0.00828	0.00671	0.00719	0.01239
21	0.03332	0.01352	0.01795	0.01398	0.01983	0.01215	0.01148	0.03811	0.08327	0.62257	0.03068	0.02663	0.01962	0.00968	0.00781	0.00242	0.00655	0.00789	0.00943	0.01311
22	0.01058	0.00722	0.00866	0.00935	0.00952	0.00705	0.00565	0.01109	0.01264	0.01685	0.03143	0.30759	0.03702	0.45860	0.02816	0.00585	0.00636	0.01539	0.00565	0.00531
23	0.01808	0.02048	0.04438	0.07393	0.04131	0.01946	0.61258	0.02453	0.01813	0.02453	0.01557	0.02090	0.01168	0.00661	0.00907	0.00261	0.01290	0.00901	0.00389	0.01035
24	0.02821	0.02076	0.02231	0.01743	0.02338	0.02301	0.01429	0.54946	0.12403	0.06531	0.02078	0.02029	0.01483	0.00949	0.00778	0.00237	0.00814	0.00725	0.00783	0.01306
25	0.01434	0.01321	0.02147	0.53231	0.04402	0.01648	0.01933	0.01880	0.01515	0.01986	0.01684	0.05243	0.01480	0.01232	0.04234	0.00322	0.07843	0.05243	0.00388	0.00833
26	0.01445	0.00723	0.00723	0.00723	0.00903	0.00723	0.00542	0.01807	0.01626	0.02891	0.02529	0.02891	0.01987	0.00903	0.00542	0.00181	0.00361	0.00723	0.77055	0.00723
27	0.01786	0.01387	0.04804	0.01509	0.05974	0.01285	0.01149	0.11060	0.11087	0.10795	0.14333	0.10311	0.16681	0.01415	0.00855	0.00257	0.00601	0.02986	0.00747	0.00980
28	0.03049	0.12034	0.06223	0.01456	0.02082	0.03922	0.01290	0.03482	0.05740	0.48694	0.02609	0.02346	0.01721	0.00903	0.00734	0.00229	0.00737	0.00710	0.00800	0.01242
29	0.01919	0.01842	0.03147	0.04759	0.67914	0.01842	0.02380	0.02380	0.01765	0.02533	0.01458	0.01919	0.01228	0.00691	0.00768	0.00230	0.00921	0.00691	0.00384	0.01228
30	0.02035	0.68206	0.08746	0.01391	0.02089	0.02976	0.01438	0.02331	0.01580	0.01870	0.01101	0.01272	0.00994	0.00669	0.00515	0.00172	0.00852	0.00426	0.00331	0.01006
31	0.01628	0.01423	0.01845	0.01365	0.02005	0.01156	0.06639	0.03745	0.03976	0.02573	0.01681	0.06818	0.01487	0.00742	0.00648	0.00151	0.00639	0.00648	0.00493	0.60340
32	0.01883	0.01958	0.04123	0.02988	0.03688	0.01868	0.55028	0.02466	0.01806	0.06472	0.01761	0.05423	0.01401	0.00791	0.00990	0.00266	0.04658	0.00956	0.00440	0.01033
33	0.09511	0.01468	0.01911	0.01496	0.02068	0.01410	0.05048	0.08320	0.09380	0.44103	0.02893	0.02633	0.04226	0.00966	0.00768	0.00244	0.00694	0.00793	0.00841	0.01226
34	0.01861	0.01785	0.03016	0.04348	0.59385	0.01754	0.04297	0.02312	0.01758	0.02516	0.01684	0.02102	0.03575	0.00728	0.00766	0.00225	0.00894	0.00718	0.00401	0.05875
35	0.02565	0.01530	0.08982	0.01403	0.01966	0.01172	0.01249	0.03052	0.06380	0.39800	0.07353	0.08069	0.04799	0.01134	0.00801	0.00245	0.00662	0.02538	0.00811	0.05491
36	0.36430	0.01487	0.01607	0.01456	0.05826	0.01549	0.01101	0.05445	0.06012	0.28885	0.02042	0.01969	0.01404	0.00842	0.00646	0.00241	0.00654	0.00618	0.00693	0.01095
37	0.13945	0.07143	0.03893	0.01832	0.11381	0.01488	0.01340	0.03119	0.01938	0.39733	0.02380	0.02445	0.01667	0.00905	0.00723	0.00238	0.00717	0.03202	0.00730	0.01181

[dist]
# distance from previous block
# <min> <max>
0	3

# created by:
# /st0/software/busco_prod/Augustus/scripts/msa2prfl.pl ./align_prep/131203.fa
