[name]
unknown

[dist]
# distance from previous block
# <min> <max>
4	153

[block]
# block no. 0 follows, 23 sequences, length 25
# corresponding to MSA columns:
# 162-186
name=unknown_A
#
# <colnr> <probs for GDERKNQSTAVLIFYWHMCP>
#	G	D	E	R	K	N	Q	S	T	A	V	L	I	F	Y	W	H	M	C	P
0	0.18360	0.07982	0.05089	0.10521	0.07541	0.02116	0.01575	0.23564	0.02426	0.10857	0.01729	0.01874	0.01256	0.00858	0.00719	0.00244	0.00854	0.00646	0.00619	0.01169
1	0.16465	0.05733	0.05648	0.24836	0.03328	0.01946	0.01664	0.11666	0.08119	0.10340	0.01820	0.02050	0.01322	0.00865	0.00736	0.00255	0.00875	0.00676	0.00570	0.01083
2	0.10984	0.08456	0.02078	0.05679	0.02220	0.01679	0.03956	0.06075	0.13218	0.17187	0.06390	0.07954	0.02292	0.01064	0.00766	0.00245	0.00713	0.00880	0.00702	0.07461
3	0.02361	0.05665	0.25481	0.05854	0.03024	0.09462	0.04680	0.16426	0.07180	0.09318	0.01848	0.01970	0.01327	0.00867	0.00785	0.00248	0.01056	0.00681	0.00560	0.01207
4	0.18263	0.08375	0.04844	0.02762	0.22985	0.08600	0.06736	0.07019	0.01907	0.02904	0.01410	0.01715	0.01139	0.00744	0.00701	0.00227	0.00937	0.00611	0.00456	0.07663
5	0.01644	0.01325	0.01689	0.08556	0.02114	0.01250	0.03590	0.08863	0.01767	0.02500	0.02016	0.06517	0.01975	0.23009	0.01792	0.00377	0.00769	0.00869	0.00521	0.28857
6	0.01440	0.01255	0.01436	0.01391	0.01549	0.05330	0.01042	0.06073	0.01781	0.02356	0.06714	0.36657	0.10665	0.01958	0.01273	0.00304	0.13329	0.01624	0.00662	0.03160
7	0.01373	0.00710	0.01040	0.01050	0.01053	0.00707	0.00694	0.01069	0.01091	0.01455	0.01644	0.06305	0.01716	0.07049	0.03116	0.67650	0.00697	0.00820	0.00382	0.00377
8	0.02113	0.01696	0.02088	0.01963	0.07879	0.01844	0.04574	0.11389	0.35212	0.07075	0.12197	0.03188	0.02906	0.01106	0.00848	0.00264	0.00706	0.00954	0.00785	0.01215
9	0.01698	0.01508	0.02209	0.35755	0.06841	0.01684	0.01774	0.05361	0.01731	0.02441	0.01498	0.02032	0.01187	0.00832	0.00932	0.00235	0.07810	0.00663	0.04338	0.19469
10	0.02873	0.02113	0.02257	0.01766	0.02364	0.02342	0.01447	0.53812	0.09166	0.04805	0.02122	0.02125	0.01530	0.00983	0.00795	0.00242	0.00832	0.00749	0.06350	0.01325
11	0.02259	0.60317	0.06602	0.01518	0.02197	0.11610	0.01478	0.02541	0.01736	0.01946	0.01158	0.01340	0.01041	0.00716	0.00558	0.00182	0.00959	0.00452	0.00356	0.01035
12	0.02972	0.03618	0.02281	0.02047	0.02484	0.59292	0.01548	0.07761	0.06285	0.02303	0.01432	0.01596	0.01158	0.00863	0.00743	0.00216	0.01371	0.00562	0.00472	0.00994
13	0.06730	0.02080	0.02219	0.01752	0.02350	0.02303	0.01433	0.47505	0.12801	0.06985	0.04105	0.02233	0.01733	0.01004	0.00802	0.00249	0.00818	0.00769	0.00807	0.01321
14	0.01180	0.00787	0.00885	0.00885	0.00885	0.00787	0.00492	0.01180	0.01180	0.01573	0.02557	0.05310	0.02950	0.71483	0.04130	0.00787	0.00787	0.01180	0.00492	0.00492
15	0.01930	0.01527	0.02203	0.28199	0.11667	0.01715	0.01788	0.05354	0.15596	0.08906	0.05896	0.03114	0.02147	0.01041	0.00845	0.00271	0.00862	0.05253	0.00606	0.01081
16	0.01180	0.00787	0.00885	0.00885	0.00885	0.00787	0.00492	0.01180	0.01180	0.01573	0.02557	0.05310	0.02950	0.71483	0.04130	0.00787	0.00787	0.01180	0.00492	0.00492
17	0.02906	0.14094	0.02615	0.01955	0.02444	0.50129	0.01537	0.10613	0.02388	0.02362	0.01321	0.01499	0.01086	0.00832	0.00709	0.00208	0.01301	0.00535	0.00456	0.01011
18	0.01180	0.00787	0.00885	0.00885	0.00885	0.00787	0.00492	0.01180	0.01180	0.01573	0.02557	0.05310	0.02950	0.71483	0.04130	0.00787	0.00787	0.01180	0.00492	0.00492
19	0.01207	0.00846	0.01009	0.01029	0.01115	0.00830	0.00671	0.04463	0.01619	0.02177	0.12454	0.25661	0.06747	0.33748	0.02421	0.00521	0.00622	0.01567	0.00657	0.00637
20	0.01962	0.01541	0.01859	0.01402	0.02052	0.01356	0.03708	0.07416	0.10641	0.06899	0.01920	0.02049	0.01490	0.00746	0.00675	0.00170	0.00656	0.00617	0.04622	0.48218
21	0.04637	0.45260	0.20849	0.01717	0.02542	0.02669	0.04580	0.02541	0.01699	0.05061	0.01331	0.01516	0.01084	0.00730	0.00619	0.00206	0.00962	0.00519	0.00383	0.01095
22	0.27919	0.05494	0.01813	0.01476	0.01962	0.18340	0.01176	0.07914	0.08742	0.08799	0.02065	0.02112	0.04669	0.00923	0.00674	0.00238	0.00856	0.00645	0.03165	0.01017
23	0.02423	0.05366	0.02030	0.01523	0.02045	0.01731	0.03356	0.19412	0.13340	0.14966	0.08386	0.02822	0.02345	0.03225	0.00884	0.00252	0.00709	0.00837	0.07572	0.06778
24	0.02261	0.01607	0.01934	0.01472	0.02118	0.01465	0.03109	0.13168	0.09106	0.13559	0.02127	0.04403	0.01645	0.00853	0.00723	0.00192	0.00690	0.00703	0.00667	0.38198

[dist]
# distance from previous block
# <min> <max>
9	24

[block]
# block no. 1 follows, 23 sequences, length 6
# corresponding to MSA columns:
# 212-217
name=unknown_B
#
# <colnr> <probs for GDERKNQSTAVLIFYWHMCP>
#	G	D	E	R	K	N	Q	S	T	A	V	L	I	F	Y	W	H	M	C	P
0	0.10147	0.01316	0.01513	0.01336	0.01677	0.01398	0.01040	0.08081	0.09965	0.14367	0.09044	0.13250	0.10286	0.05766	0.01202	0.00309	0.06406	0.01169	0.00749	0.00979
1	0.02317	0.08308	0.15281	0.01718	0.02363	0.01945	0.01624	0.20119	0.09150	0.11289	0.02273	0.07964	0.01862	0.04117	0.00990	0.00274	0.02910	0.00851	0.00658	0.03985
2	0.09787	0.05028	0.01391	0.01152	0.01438	0.01338	0.00864	0.09912	0.07713	0.02804	0.06664	0.12679	0.10670	0.16819	0.01527	0.00374	0.00630	0.01167	0.07207	0.00836
3	0.02228	0.02079	0.07480	0.01840	0.02486	0.02000	0.06643	0.20615	0.26826	0.03630	0.02325	0.02324	0.01735	0.00922	0.00792	0.00239	0.00812	0.00771	0.00692	0.13560
4	0.29955	0.09948	0.20120	0.06020	0.08080	0.01929	0.01753	0.02399	0.01585	0.02881	0.01303	0.01571	0.01015	0.00739	0.00633	0.00232	0.00867	0.00529	0.00422	0.08019
5	0.02180	0.02056	0.07997	0.02544	0.03246	0.01853	0.32180	0.02928	0.08743	0.13880	0.02021	0.02277	0.01472	0.00845	0.01017	0.00264	0.06612	0.00849	0.00555	0.06482

[dist]
# distance from previous block
# <min> <max>
0	1

[block]
# block no. 2 follows, 23 sequences, length 12
# corresponding to MSA columns:
# 219-230
name=unknown_C
#
# <colnr> <probs for GDERKNQSTAVLIFYWHMCP>
#	G	D	E	R	K	N	Q	S	T	A	V	L	I	F	Y	W	H	M	C	P
0	0.47815	0.08379	0.01797	0.01335	0.01871	0.07892	0.01106	0.11189	0.04115	0.05994	0.01413	0.01534	0.01079	0.00808	0.00591	0.00240	0.00764	0.00519	0.00555	0.01003
1	0.02718	0.02149	0.05864	0.01791	0.02361	0.02240	0.01516	0.44960	0.06605	0.07105	0.02049	0.02316	0.01567	0.07225	0.01220	0.00301	0.05243	0.00776	0.00738	0.01255
2	0.28507	0.07219	0.06040	0.01458	0.02046	0.05835	0.01281	0.06509	0.01948	0.25972	0.01942	0.01921	0.01351	0.00885	0.00755	0.00247	0.03678	0.00617	0.00666	0.01124
3	0.01180	0.00787	0.00885	0.00885	0.00885	0.00787	0.00492	0.01180	0.01180	0.01573	0.02557	0.05310	0.02950	0.71483	0.04130	0.00787	0.00787	0.01180	0.00492	0.00492
4	0.03025	0.01401	0.01787	0.01453	0.01993	0.01329	0.01170	0.03775	0.16235	0.46438	0.06739	0.06022	0.02573	0.01130	0.00836	0.00260	0.00653	0.00940	0.00947	0.01294
5	0.01180	0.00787	0.00885	0.00885	0.00885	0.00787	0.00492	0.01180	0.01180	0.01573	0.02557	0.05310	0.02950	0.71483	0.04130	0.00787	0.00787	0.01180	0.00492	0.00492
6	0.02949	0.03730	0.02312	0.02093	0.02484	0.63908	0.01581	0.03156	0.02230	0.01984	0.01242	0.01484	0.01047	0.00875	0.00858	0.00219	0.05965	0.00535	0.00414	0.00937
7	0.01180	0.00787	0.00885	0.00885	0.00885	0.00787	0.00492	0.01180	0.01180	0.01573	0.02557	0.05310	0.02950	0.71483	0.04130	0.00787	0.00787	0.01180	0.00492	0.00492
8	0.02004	0.02051	0.04185	0.03181	0.07767	0.01953	0.48294	0.02603	0.01883	0.06507	0.01685	0.02156	0.01271	0.00742	0.01011	0.00265	0.05082	0.00889	0.00448	0.06025
9	0.01026	0.00863	0.00896	0.00892	0.01159	0.00756	0.00667	0.01346	0.05055	0.02316	0.11555	0.10535	0.56103	0.02005	0.00956	0.00276	0.00424	0.01685	0.00766	0.00719
10	0.01726	0.07670	0.01909	0.01218	0.01937	0.01270	0.00999	0.02077	0.01680	0.02579	0.01414	0.01649	0.01188	0.00609	0.00594	0.00125	0.00624	0.00477	0.00469	0.69786
11	0.04858	0.01688	0.05780	0.01421	0.02050	0.01435	0.01217	0.15608	0.02337	0.14222	0.11891	0.02594	0.02360	0.00930	0.00745	0.00203	0.00683	0.00751	0.00697	0.28530

[dist]
# distance from previous block
# <min> <max>
18	33

[block]
# block no. 3 follows, 23 sequences, length 6
# corresponding to MSA columns:
# 266-271
name=unknown_D
#
# <colnr> <probs for GDERKNQSTAVLIFYWHMCP>
#	G	D	E	R	K	N	Q	S	T	A	V	L	I	F	Y	W	H	M	C	P
0	0.01828	0.09274	0.13636	0.01763	0.06966	0.01486	0.01484	0.06775	0.01885	0.09866	0.02750	0.26822	0.02769	0.01426	0.00836	0.00259	0.00750	0.01232	0.00619	0.07575
1	0.02093	0.01817	0.03427	0.02504	0.03189	0.01684	0.36384	0.06104	0.02114	0.11852	0.10962	0.02755	0.02255	0.00876	0.00895	0.00252	0.01034	0.00952	0.00592	0.08259
2	0.11508	0.13520	0.18386	0.01901	0.02667	0.02115	0.08774	0.10491	0.09389	0.10875	0.01874	0.01964	0.01367	0.00839	0.00736	0.00245	0.00931	0.00674	0.00566	0.01177
3	0.11169	0.03437	0.01693	0.01343	0.01739	0.01266	0.06410	0.04456	0.04877	0.09150	0.28686	0.04168	0.07417	0.05206	0.01020	0.00277	0.00612	0.01087	0.00735	0.05253
4	0.02247	0.02102	0.07718	0.01921	0.08610	0.10961	0.01472	0.15722	0.07250	0.09770	0.08304	0.03502	0.14559	0.01189	0.00838	0.00250	0.00833	0.00962	0.00690	0.01101
5	0.02472	0.02034	0.06564	0.05663	0.05802	0.02043	0.05085	0.26266	0.11852	0.09765	0.02123	0.02223	0.01553	0.00957	0.00919	0.00252	0.05299	0.00759	0.04056	0.04313

[dist]
# distance from previous block
# <min> <max>
30	44

[block]
# block no. 4 follows, 23 sequences, length 116
# corresponding to MSA columns:
# 318-433
name=unknown_E
#
# <colnr> <probs for GDERKNQSTAVLIFYWHMCP>
#	G	D	E	R	K	N	Q	S	T	A	V	L	I	F	Y	W	H	M	C	P
0	0.09848	0.13094	0.32309	0.04284	0.08755	0.01953	0.02159	0.02634	0.01745	0.09816	0.01575	0.01770	0.01159	0.00772	0.00707	0.00235	0.00976	0.00592	0.00448	0.05169
1	0.08669	0.17498	0.09563	0.01731	0.02337	0.12495	0.05369	0.11980	0.02188	0.07793	0.07322	0.05798	0.01973	0.00979	0.00740	0.00233	0.00935	0.00765	0.00566	0.01066
2	0.02056	0.02123	0.15924	0.01782	0.05058	0.01686	0.01599	0.10522	0.20341	0.09543	0.07410	0.02991	0.06064	0.01056	0.00804	0.00251	0.00763	0.00868	0.04707	0.04451
3	0.06307	0.02932	0.38836	0.02069	0.05449	0.01606	0.04564	0.02485	0.01863	0.08810	0.12027	0.02817	0.02337	0.00988	0.00811	0.00261	0.00965	0.03240	0.00524	0.01109
4	0.01113	0.00892	0.01413	0.01417	0.01562	0.00836	0.08201	0.01328	0.01610	0.02150	0.04129	0.60055	0.04846	0.02309	0.01030	0.00325	0.00589	0.04767	0.00712	0.00715
5	0.05269	0.02113	0.02239	0.01785	0.02380	0.02365	0.01454	0.46336	0.19528	0.04621	0.02271	0.02206	0.01647	0.00999	0.00805	0.00252	0.00819	0.00769	0.00805	0.01339
6	0.02714	0.01638	0.04796	0.01521	0.02196	0.01373	0.03430	0.07045	0.07565	0.32726	0.02458	0.02335	0.01691	0.00865	0.00753	0.00213	0.00717	0.00712	0.00766	0.24485
7	0.01652	0.07224	0.64464	0.02271	0.03448	0.01944	0.02926	0.02563	0.01710	0.02540	0.01442	0.01695	0.01028	0.00767	0.00760	0.00253	0.01184	0.00592	0.00343	0.01192
8	0.01749	0.03346	0.40810	0.02782	0.03821	0.01955	0.28614	0.02582	0.01799	0.02582	0.01535	0.01915	0.01114	0.00734	0.00850	0.00264	0.01271	0.00751	0.00371	0.01155
9	0.01886	0.02113	0.04553	0.03369	0.06168	0.01988	0.58140	0.02547	0.01910	0.02592	0.01779	0.02554	0.01416	0.00768	0.00961	0.00278	0.01322	0.04145	0.00428	0.01082
10	0.00997	0.00710	0.00939	0.01119	0.01164	0.00665	0.00742	0.01132	0.01537	0.02050	0.04389	0.68102	0.05262	0.05537	0.01170	0.00349	0.00484	0.02258	0.00742	0.00652
11	0.02764	0.02922	0.02461	0.02472	0.12890	0.39053	0.04414	0.06700	0.02302	0.09346	0.05636	0.02042	0.01632	0.00889	0.00782	0.00227	0.01193	0.00678	0.00531	0.01066
12	0.01532	0.01442	0.02434	0.69533	0.05589	0.01803	0.02253	0.02073	0.01622	0.02073	0.01442	0.02163	0.01082	0.00811	0.00811	0.00270	0.01082	0.00721	0.00361	0.00901
13	0.01749	0.03348	0.40859	0.02781	0.03820	0.01955	0.28566	0.02582	0.01799	0.02582	0.01535	0.01914	0.01114	0.00734	0.00850	0.00264	0.01271	0.00751	0.00371	0.01155
14	0.00989	0.00706	0.00942	0.01130	0.01177	0.00659	0.00753	0.01130	0.01554	0.02071	0.04472	0.70954	0.05367	0.02542	0.01036	0.00330	0.00471	0.02307	0.00753	0.00659
15	0.02170	0.64954	0.08135	0.01475	0.02190	0.05759	0.01497	0.02471	0.01679	0.01954	0.01154	0.01334	0.01041	0.00705	0.00545	0.00180	0.00913	0.00448	0.00350	0.01047
16	0.01409	0.00705	0.01057	0.01057	0.01057	0.00705	0.00705	0.01057	0.01057	0.01409	0.01409	0.02467	0.01409	0.02819	0.03171	0.76392	0.00705	0.00705	0.00352	0.00352
17	0.01513	0.00756	0.00756	0.00756	0.00945	0.00756	0.00567	0.01891	0.01702	0.03025	0.02647	0.03025	0.02080	0.00945	0.00567	0.00189	0.00378	0.00756	0.75988	0.00756
18	0.00969	0.00822	0.00836	0.00833	0.01102	0.00689	0.00625	0.01184	0.01874	0.02249	0.11326	0.07715	0.62951	0.02034	0.00959	0.00273	0.00409	0.01699	0.00761	0.00689
19	0.01627	0.04197	0.67279	0.02313	0.03512	0.01884	0.02998	0.02570	0.01713	0.02570	0.01456	0.01713	0.01028	0.00771	0.00771	0.00257	0.01199	0.00600	0.00343	0.01199
20	0.01915	0.02189	0.04788	0.03420	0.04241	0.02052	0.63475	0.02599	0.01915	0.02599	0.01642	0.02189	0.01231	0.00684	0.00958	0.00274	0.01368	0.00958	0.00410	0.01094
21	0.00989	0.00706	0.00942	0.01130	0.01177	0.00659	0.00753	0.01130	0.01554	0.02071	0.04472	0.70954	0.05367	0.02542	0.01036	0.00330	0.00471	0.02307	0.00753	0.00659
22	0.01627	0.04197	0.67279	0.02313	0.03512	0.01884	0.02998	0.02570	0.01713	0.02570	0.01456	0.01713	0.01028	0.00771	0.00771	0.00257	0.01199	0.00600	0.00343	0.01199
23	0.01162	0.00835	0.01072	0.01204	0.01304	0.00812	0.00841	0.05843	0.01739	0.02318	0.04274	0.62558	0.05032	0.02409	0.01023	0.00325	0.00517	0.05255	0.00757	0.00718
24	0.73340	0.01606	0.01258	0.01109	0.01619	0.01857	0.00913	0.05591	0.01508	0.03718	0.01173	0.01351	0.00905	0.00765	0.00518	0.00251	0.00642	0.00455	0.00518	0.00905
25	0.01085	0.00782	0.01031	0.01195	0.01295	0.00744	0.00883	0.01287	0.01643	0.02153	0.04601	0.45775	0.09544	0.06027	0.01215	0.00361	0.00559	0.18407	0.00738	0.00677
26	0.01753	0.01511	0.02454	0.39226	0.19271	0.01707	0.02106	0.04314	0.01816	0.05026	0.01963	0.03151	0.01696	0.01010	0.00854	0.00277	0.00983	0.09410	0.00468	0.01007
27	0.02638	0.02038	0.02154	0.01811	0.02342	0.02241	0.01426	0.30100	0.32356	0.04259	0.02809	0.02793	0.02123	0.01161	0.00886	0.00292	0.00803	0.00880	0.05504	0.01383
28	0.01813	0.01965	0.04092	0.10209	0.08792	0.01901	0.46717	0.02428	0.01862	0.02518	0.01867	0.05354	0.01569	0.00858	0.00943	0.00278	0.01239	0.04107	0.00436	0.01053
29	0.02008	0.01928	0.03294	0.04981	0.66422	0.01928	0.02490	0.02490	0.01848	0.02651	0.01526	0.02008	0.01285	0.00723	0.00803	0.00241	0.00964	0.00723	0.00402	0.01285
30	0.29026	0.01782	0.01813	0.01466	0.02030	0.01943	0.01202	0.25779	0.06334	0.15117	0.04550	0.02100	0.01633	0.00937	0.00711	0.00250	0.00729	0.00684	0.00741	0.01174
31	0.02230	0.01848	0.01954	0.01694	0.02191	0.02117	0.01336	0.16107	0.52815	0.03736	0.03034	0.02813	0.02259	0.01076	0.00823	0.00269	0.00692	0.00880	0.00823	0.01303
32	0.01832	0.01518	0.01850	0.01378	0.02059	0.01273	0.03737	0.02502	0.11459	0.05631	0.01816	0.01960	0.01435	0.00699	0.00661	0.00157	0.00645	0.00584	0.00554	0.58250
33	0.02008	0.01928	0.03294	0.04981	0.66422	0.01928	0.02490	0.02490	0.01848	0.02651	0.01526	0.02008	0.01285	0.00723	0.00803	0.00241	0.00964	0.00723	0.00402	0.01285
34	0.01915	0.02189	0.04788	0.03420	0.04241	0.02052	0.63475	0.02599	0.01915	0.02599	0.01642	0.02189	0.01231	0.00684	0.00958	0.00274	0.01368	0.00958	0.00410	0.01094
35	0.01829	0.01689	0.02763	0.11189	0.44893	0.01742	0.02162	0.02409	0.05660	0.02639	0.05411	0.03134	0.02071	0.00982	0.00851	0.00262	0.00901	0.07769	0.00489	0.01153
36	0.01715	0.06497	0.62847	0.02251	0.03413	0.01908	0.02880	0.02611	0.01731	0.04718	0.01503	0.01734	0.01061	0.00776	0.00764	0.00254	0.01170	0.00601	0.00365	0.01200
37	0.01675	0.10082	0.61806	0.02232	0.03388	0.02000	0.02858	0.02558	0.01708	0.02512	0.01428	0.01677	0.01029	0.00764	0.00749	0.00250	0.01170	0.00585	0.00343	0.01185
38	0.03606	0.01437	0.01918	0.01470	0.02099	0.01276	0.01215	0.07711	0.02416	0.63094	0.03122	0.02711	0.01969	0.01002	0.00816	0.00251	0.00703	0.00811	0.00992	0.01381
39	0.02799	0.02151	0.02249	0.01779	0.02345	0.05814	0.01451	0.51356	0.03426	0.04556	0.05798	0.02277	0.01797	0.01448	0.06617	0.00334	0.01003	0.00776	0.00763	0.01263
40	0.01552	0.01458	0.02500	0.63758	0.05362	0.01781	0.05397	0.02095	0.01640	0.02133	0.01493	0.02194	0.01123	0.00809	0.00811	0.00268	0.01073	0.00735	0.02913	0.00907
41	0.03641	0.01381	0.01883	0.01444	0.02071	0.01193	0.01193	0.03954	0.02322	0.66984	0.03201	0.02762	0.02009	0.01004	0.00816	0.00251	0.00690	0.00816	0.01004	0.01381
42	0.00987	0.00711	0.00936	0.01116	0.01173	0.00660	0.00747	0.01131	0.01566	0.02077	0.04635	0.68208	0.08007	0.02521	0.01032	0.00327	0.00468	0.02281	0.00753	0.00660
43	0.02008	0.01928	0.03294	0.04981	0.66422	0.01928	0.02490	0.02490	0.01848	0.02651	0.01526	0.02008	0.01285	0.00723	0.00803	0.00241	0.00964	0.00723	0.00402	0.01285
44	0.02018	0.01743	0.01835	0.01651	0.02110	0.02018	0.01284	0.04312	0.64956	0.03394	0.03303	0.03027	0.02477	0.01101	0.00826	0.00275	0.00642	0.00917	0.00826	0.01284
45	0.00989	0.00706	0.00942	0.01130	0.01177	0.00659	0.00753	0.01130	0.01554	0.02071	0.04472	0.70954	0.05367	0.02542	0.01036	0.00330	0.00471	0.02307	0.00753	0.00659
46	0.01590	0.01540	0.02635	0.56878	0.05109	0.01896	0.07286	0.02104	0.01606	0.02104	0.01419	0.02124	0.01092	0.00865	0.01020	0.00280	0.08432	0.00740	0.00364	0.00916
47	0.03081	0.02369	0.02427	0.01880	0.02516	0.06484	0.01544	0.60064	0.03724	0.04925	0.01906	0.01919	0.01360	0.00966	0.00807	0.00241	0.00927	0.00718	0.00788	0.01353
48	0.06855	0.05910	0.02397	0.01750	0.02390	0.02410	0.01453	0.51028	0.05913	0.04644	0.01885	0.01907	0.01369	0.00930	0.00767	0.00234	0.00850	0.00692	0.00751	0.05864
49	0.02008	0.01928	0.03294	0.04981	0.66422	0.01928	0.02490	0.02490	0.01848	0.02651	0.01526	0.02008	0.01285	0.00723	0.00803	0.00241	0.00964	0.00723	0.00402	0.01285
50	0.03641	0.01381	0.01883	0.01444	0.02071	0.01193	0.01193	0.03954	0.02322	0.66984	0.03201	0.02762	0.02009	0.01004	0.00816	0.00251	0.00690	0.00816	0.01004	0.01381
51	0.01699	0.01496	0.01876	0.01359	0.02047	0.01204	0.04045	0.02065	0.01670	0.02605	0.01432	0.01712	0.01196	0.00649	0.00728	0.00140	0.04334	0.00516	0.00471	0.68755
52	0.01023	0.00731	0.00981	0.01170	0.01232	0.00689	0.00814	0.01190	0.01588	0.02110	0.04453	0.64226	0.05291	0.02509	0.01045	0.00334	0.00501	0.08692	0.00753	0.00669
53	0.01934	0.01021	0.01352	0.01157	0.01502	0.00908	0.00904	0.02295	0.02283	0.22851	0.44383	0.04891	0.05690	0.01420	0.00901	0.00249	0.00485	0.01232	0.00913	0.03629
54	0.02008	0.01928	0.03294	0.04981	0.66422	0.01928	0.02490	0.02490	0.01848	0.02651	0.01526	0.02008	0.01285	0.00723	0.00803	0.00241	0.00964	0.00723	0.00402	0.01285
55	0.02008	0.01928	0.03294	0.04981	0.66422	0.01928	0.02490	0.02490	0.01848	0.02651	0.01526	0.02008	0.01285	0.00723	0.00803	0.00241	0.00964	0.00723	0.00402	0.01285
56	0.01532	0.01442	0.02434	0.69533	0.05589	0.01803	0.02253	0.02073	0.01622	0.02073	0.01442	0.02163	0.01082	0.00811	0.00811	0.00270	0.01082	0.00721	0.00361	0.00901
57	0.01915	0.02189	0.04788	0.03420	0.04241	0.02052	0.63475	0.02599	0.01915	0.02599	0.01642	0.02189	0.01231	0.00684	0.00958	0.00274	0.01368	0.00958	0.00410	0.01094
58	0.01121	0.00808	0.01060	0.01040	0.01206	0.00747	0.00763	0.01461	0.02167	0.03048	0.55271	0.17372	0.07257	0.01813	0.00971	0.00268	0.00398	0.01614	0.00869	0.00747
59	0.01308	0.00934	0.01308	0.01494	0.01681	0.00934	0.01308	0.01681	0.01868	0.02428	0.04296	0.09153	0.04670	0.02242	0.01121	0.00374	0.00747	0.60960	0.00747	0.00747
60	0.01532	0.01442	0.02434	0.69533	0.05589	0.01803	0.02253	0.02073	0.01622	0.02073	0.01442	0.02163	0.01082	0.00811	0.00811	0.00270	0.01082	0.00721	0.00361	0.00901
61	0.03404	0.01544	0.01958	0.01524	0.02139	0.01462	0.01252	0.12560	0.08595	0.51959	0.03031	0.02671	0.01964	0.01009	0.00816	0.00252	0.00715	0.00814	0.00959	0.01371
62	0.01284	0.00932	0.01258	0.01366	0.01559	0.00925	0.01147	0.01730	0.04575	0.02663	0.19925	0.10616	0.05365	0.02059	0.01064	0.00338	0.00639	0.40998	0.00788	0.00771
63	0.02403	0.01548	0.01748	0.01485	0.01929	0.01652	0.01157	0.14827	0.25574	0.17548	0.02968	0.06680	0.02356	0.09298	0.01203	0.00322	0.00695	0.00957	0.04475	0.01173
64	0.77215	0.01569	0.01193	0.01067	0.01569	0.01820	0.00879	0.02385	0.01381	0.03641	0.01130	0.01318	0.00879	0.00753	0.00502	0.00251	0.00628	0.00439	0.00502	0.00879
65	0.02125	0.66438	0.09398	0.01464	0.02199	0.03102	0.01520	0.02441	0.01654	0.01963	0.01155	0.01335	0.01040	0.00700	0.00541	0.00180	0.00895	0.00447	0.00347	0.01054
66	0.01159	0.00869	0.01304	0.01304	0.01449	0.01014	0.01014	0.01449	0.01304	0.01884	0.02173	0.03188	0.02029	0.06086	0.68268	0.01304	0.02173	0.00869	0.00435	0.00724
67	0.01532	0.01442	0.02434	0.69533	0.05589	0.01803	0.02253	0.02073	0.01622	0.02073	0.01442	0.02163	0.01082	0.00811	0.00811	0.00270	0.01082	0.00721	0.00361	0.00901
68	0.02046	0.01931	0.03218	0.07713	0.53692	0.01968	0.05559	0.06248	0.04571	0.02800	0.01627	0.02064	0.01328	0.00756	0.00813	0.00246	0.00973	0.00744	0.00442	0.01262
69	0.02008	0.01928	0.03294	0.04981	0.66422	0.01928	0.02490	0.02490	0.01848	0.02651	0.01526	0.02008	0.01285	0.00723	0.00803	0.00241	0.00964	0.00723	0.00402	0.01285
70	0.01308	0.00934	0.01308	0.01494	0.01681	0.00934	0.01308	0.01681	0.01868	0.02428	0.04296	0.09153	0.04670	0.02242	0.01121	0.00374	0.00747	0.60960	0.00747	0.00747
71	0.01834	0.11749	0.52104	0.02218	0.03300	0.02005	0.06341	0.02642	0.01756	0.06544	0.01539	0.01760	0.01103	0.00771	0.00756	0.00248	0.01139	0.00616	0.00389	0.01186
72	0.01720	0.11898	0.53628	0.02317	0.03419	0.02056	0.08908	0.02556	0.01726	0.02496	0.01437	0.01713	0.01050	0.00753	0.00761	0.00249	0.01178	0.00616	0.00350	0.01170
73	0.01660	0.08279	0.63483	0.02257	0.03426	0.01964	0.02901	0.02561	0.01709	0.02530	0.01436	0.01688	0.01029	0.00766	0.00756	0.00252	0.01179	0.00590	0.00343	0.01190
74	0.01986	0.01958	0.03097	0.14513	0.47597	0.05450	0.04993	0.02566	0.05139	0.02563	0.01597	0.02064	0.01301	0.00761	0.00809	0.00247	0.01009	0.00732	0.00419	0.01200
75	0.06093	0.10832	0.02445	0.01906	0.05620	0.20684	0.01468	0.13670	0.07795	0.15941	0.01932	0.01961	0.01428	0.00914	0.00818	0.00234	0.03810	0.00656	0.00632	0.01161
76	0.01931	0.01849	0.03154	0.15446	0.56559	0.01908	0.02452	0.02423	0.01811	0.02557	0.01513	0.02033	0.01252	0.00737	0.00805	0.00246	0.00983	0.00723	0.00395	0.01223
77	0.01915	0.02189	0.04788	0.03420	0.04241	0.02052	0.63475	0.02599	0.01915	0.02599	0.01642	0.02189	0.01231	0.00684	0.00958	0.00274	0.01368	0.00958	0.00410	0.01094
78	0.01186	0.00838	0.01036	0.01027	0.01072	0.00879	0.00666	0.01285	0.01344	0.01845	0.09349	0.09062	0.03394	0.47237	0.12958	0.00760	0.03727	0.01217	0.00537	0.00582
79	0.01968	0.01901	0.03288	0.09888	0.59220	0.01923	0.04941	0.02463	0.01833	0.02604	0.01524	0.02028	0.01267	0.00728	0.00810	0.00245	0.00989	0.00732	0.00399	0.01248
80	0.01009	0.00720	0.00965	0.01153	0.01209	0.00676	0.00788	0.01164	0.01573	0.02094	0.04461	0.67069	0.05323	0.02523	0.01041	0.00332	0.00488	0.05994	0.00753	0.00665
81	0.00978	0.00828	0.00848	0.00858	0.01127	0.00698	0.00654	0.01192	0.01850	0.02205	0.08009	0.07881	0.62791	0.02065	0.00968	0.00279	0.00429	0.04897	0.00753	0.00688
82	0.01880	0.02074	0.04329	0.10240	0.10132	0.02030	0.49417	0.02513	0.01856	0.02528	0.01591	0.02155	0.01215	0.00726	0.00987	0.00273	0.03662	0.00903	0.00403	0.01086
83	0.02929	0.02289	0.05709	0.01814	0.02444	0.07272	0.01532	0.38301	0.12322	0.13599	0.02252	0.02176	0.01589	0.00976	0.00806	0.00247	0.00887	0.00748	0.00787	0.01323
84	0.02444	0.07370	0.36841	0.01928	0.02865	0.01767	0.02186	0.06731	0.02046	0.24903	0.02067	0.02063	0.01388	0.00859	0.00773	0.00249	0.00984	0.00672	0.00599	0.01263
85	0.01188	0.00908	0.01121	0.01194	0.01398	0.00874	0.00944	0.01620	0.06544	0.02502	0.14829	0.19052	0.20901	0.02073	0.01017	0.00314	0.00546	0.21438	0.00778	0.00758
86	0.03008	0.01646	0.02181	0.02132	0.13063	0.01624	0.01472	0.10977	0.13554	0.37290	0.02784	0.02583	0.01893	0.00970	0.00815	0.00253	0.00753	0.00808	0.00847	0.01347
87	0.03056	0.02219	0.02390	0.01843	0.02483	0.02450	0.01519	0.59058	0.06496	0.07113	0.02051	0.02024	0.01450	0.00981	0.00812	0.00245	0.00875	0.00742	0.00819	0.01376
88	0.03641	0.01381	0.01883	0.01444	0.02071	0.01193	0.01193	0.03954	0.02322	0.66984	0.03201	0.02762	0.02009	0.01004	0.00816	0.00251	0.00690	0.00816	0.01004	0.01381
89	0.01791	0.01836	0.03539	0.19744	0.13466	0.01932	0.29585	0.02298	0.01717	0.02344	0.01506	0.02133	0.01197	0.00920	0.01194	0.04872	0.07702	0.00825	0.00388	0.01011
90	0.01141	0.00824	0.01078	0.01026	0.01211	0.00761	0.00765	0.01513	0.02263	0.03201	0.63223	0.08984	0.07553	0.01699	0.00961	0.00259	0.00387	0.01505	0.00887	0.00761
91	0.02035	0.01879	0.02860	0.06768	0.40815	0.01978	0.04147	0.05717	0.19518	0.02940	0.02040	0.02303	0.01611	0.00842	0.00815	0.00253	0.00890	0.00785	0.00537	0.01266
92	0.02325	0.01253	0.04131	0.01284	0.01717	0.01069	0.01061	0.02807	0.06006	0.31007	0.26191	0.06371	0.04193	0.01292	0.00859	0.00253	0.00569	0.01101	0.05433	0.01079
93	0.01148	0.00829	0.01085	0.01021	0.01212	0.00766	0.00766	0.01531	0.02297	0.03254	0.65994	0.06061	0.07656	0.01659	0.00957	0.00255	0.00383	0.01467	0.00893	0.00766
94	0.02896	0.02076	0.02257	0.01777	0.02371	0.02278	0.01450	0.51157	0.08746	0.08513	0.02297	0.06426	0.01761	0.01085	0.00827	0.00252	0.00833	0.00851	0.00821	0.01327
95	0.02051	0.40208	0.25877	0.01729	0.02580	0.02566	0.01931	0.02679	0.05687	0.05730	0.01490	0.01632	0.01179	0.00763	0.00643	0.00213	0.00959	0.00542	0.00411	0.01130
96	0.02271	0.01679	0.01924	0.04285	0.02217	0.01648	0.01228	0.25187	0.05095	0.07460	0.04792	0.05274	0.01859	0.00938	0.00744	0.00204	0.00714	0.00756	0.03085	0.28640
97	0.06768	0.01556	0.01776	0.01333	0.01989	0.01382	0.01081	0.13446	0.02163	0.13690	0.02164	0.02212	0.04803	0.00821	0.00687	0.00180	0.00660	0.00644	0.00642	0.42003
98	0.01914	0.01783	0.02963	0.10521	0.52908	0.01795	0.02260	0.02388	0.01808	0.02619	0.01581	0.02064	0.01309	0.00737	0.00778	0.00233	0.00918	0.00710	0.04955	0.05756
99	0.01938	0.01848	0.03106	0.14421	0.54734	0.01913	0.02405	0.02504	0.04426	0.02596	0.01587	0.02073	0.01304	0.00752	0.00805	0.00247	0.00968	0.00731	0.00413	0.01228
100	0.02580	0.01770	0.01974	0.01515	0.02113	0.01780	0.01229	0.33419	0.02816	0.11217	0.02048	0.02203	0.01531	0.03735	0.00872	0.00230	0.00747	0.00698	0.07253	0.20271
101	0.01228	0.00894	0.01135	0.01051	0.01266	0.00841	0.00794	0.04317	0.02347	0.03294	0.60742	0.05948	0.09767	0.01644	0.00951	0.00255	0.00407	0.01444	0.00884	0.00790
102	0.01179	0.00792	0.00910	0.00910	0.00919	0.00800	0.00523	0.01196	0.01187	0.01592	0.02534	0.05182	0.02894	0.67544	0.07993	0.00818	0.00870	0.01161	0.00488	0.00506
103	0.01828	0.01767	0.02538	0.05723	0.02403	0.02361	0.05059	0.05220	0.01451	0.02200	0.01223	0.01875	0.01130	0.01307	0.02296	0.00334	0.56367	0.00727	0.03271	0.00920
104	0.01547	0.01471	0.02524	0.67008	0.05537	0.01812	0.04592	0.02093	0.01634	0.02093	0.01450	0.02164	0.01087	0.00806	0.00817	0.00271	0.01093	0.00730	0.00362	0.00909
105	0.01705	0.01622	0.02726	0.44465	0.25955	0.01878	0.02310	0.02208	0.01680	0.02262	0.01452	0.02092	0.01150	0.00811	0.00899	0.00265	0.04394	0.00721	0.00374	0.01030
106	0.07388	0.01413	0.01844	0.01437	0.02047	0.01275	0.01182	0.03894	0.06055	0.59833	0.03099	0.02702	0.01978	0.00997	0.00800	0.00253	0.00684	0.00802	0.00967	0.01349
107	0.09082	0.09146	0.46451	0.02149	0.05463	0.02002	0.02463	0.02718	0.08247	0.02709	0.01592	0.01789	0.01175	0.00795	0.00731	0.00251	0.01050	0.00608	0.00411	0.01167
108	0.05096	0.01353	0.01484	0.01266	0.01676	0.04121	0.00992	0.05382	0.11813	0.14096	0.22577	0.03601	0.03666	0.01154	0.00792	0.00232	0.00579	0.00960	0.09534	0.09627
109	0.01908	0.01885	0.03125	0.14145	0.44884	0.04528	0.08115	0.02387	0.01821	0.02498	0.01691	0.06179	0.01486	0.00847	0.00830	0.00253	0.01011	0.00832	0.00418	0.01158
110	0.02251	0.01768	0.02085	0.12592	0.06723	0.04554	0.01532	0.12386	0.28012	0.10004	0.05357	0.02902	0.02206	0.01052	0.00830	0.00265	0.00800	0.02760	0.00726	0.01195
111	0.05051	0.08239	0.06479	0.02749	0.06008	0.02000	0.37125	0.02562	0.01826	0.06443	0.01608	0.02010	0.01230	0.00739	0.00923	0.00248	0.04486	0.00795	0.00446	0.09032
112	0.02007	0.04052	0.02129	0.01864	0.07605	0.01715	0.05027	0.08330	0.25416	0.06573	0.06823	0.03023	0.06809	0.01030	0.00798	0.00236	0.00706	0.00881	0.00695	0.14282
113	0.09413	0.01682	0.02102	0.01853	0.06214	0.04474	0.07122	0.07875	0.13394	0.16772	0.02538	0.10348	0.02079	0.01076	0.00798	0.00249	0.00771	0.00924	0.00701	0.09613
114	0.06270	0.07404	0.09183	0.01698	0.02219	0.07315	0.01504	0.10151	0.07424	0.11434	0.02024	0.07387	0.01687	0.01082	0.01060	0.00254	0.12012	0.00785	0.00593	0.08516
115	0.02384	0.08063	0.06605	0.01892	0.02490	0.05326	0.08100	0.21015	0.19064	0.07521	0.02408	0.07417	0.01926	0.01053	0.00817	0.00255	0.00878	0.00885	0.00692	0.01208

[dist]
# distance from previous block
# <min> <max>
6	36

[block]
# block no. 5 follows, 23 sequences, length 20
# corresponding to MSA columns:
# 471-490
name=unknown_F
#
# <colnr> <probs for GDERKNQSTAVLIFYWHMCP>
#	G	D	E	R	K	N	Q	S	T	A	V	L	I	F	Y	W	H	M	C	P
0	0.08477	0.04319	0.24399	0.05770	0.05308	0.01874	0.05697	0.06006	0.14680	0.09159	0.02000	0.02112	0.01455	0.00854	0.00766	0.00252	0.00932	0.00701	0.00555	0.04684
1	0.05386	0.09056	0.29044	0.01955	0.02790	0.01843	0.07202	0.05520	0.01926	0.13961	0.05301	0.02134	0.01605	0.00872	0.00839	0.00245	0.03758	0.00698	0.00532	0.05333
2	0.09960	0.11506	0.02354	0.01825	0.06025	0.04341	0.03803	0.07972	0.26337	0.11012	0.02464	0.02606	0.01896	0.00987	0.00761	0.00253	0.00778	0.03243	0.00688	0.01187
3	0.02210	0.06022	0.10812	0.02055	0.08974	0.01909	0.03970	0.19277	0.08363	0.05024	0.01805	0.01947	0.01372	0.00804	0.00737	0.00211	0.00845	0.00655	0.00582	0.22426
4	0.02798	0.01676	0.02061	0.07557	0.02492	0.05235	0.03842	0.08647	0.14165	0.32127	0.02760	0.05375	0.01980	0.01026	0.00817	0.00252	0.00790	0.00855	0.00807	0.04738
5	0.01168	0.00772	0.00887	0.00916	0.00934	0.00765	0.00537	0.01211	0.01268	0.01732	0.02863	0.15499	0.03282	0.56743	0.03446	0.00682	0.00714	0.01334	0.04714	0.00533
6	0.01440	0.00951	0.01217	0.01110	0.01353	0.00898	0.00844	0.05497	0.02347	0.07973	0.53760	0.09470	0.06719	0.01622	0.00943	0.00259	0.00442	0.01425	0.00888	0.00842
7	0.01276	0.00901	0.01004	0.00989	0.01048	0.00933	0.00600	0.01564	0.09051	0.01818	0.02725	0.07663	0.02989	0.60047	0.03599	0.00705	0.00756	0.01193	0.00543	0.00596
8	0.01689	0.01507	0.02058	0.10991	0.02597	0.01646	0.08926	0.03011	0.31408	0.03002	0.15832	0.03756	0.07676	0.01190	0.00876	0.00270	0.00723	0.01063	0.00719	0.01061
9	0.01700	0.01497	0.01910	0.01365	0.02093	0.01153	0.05548	0.02084	0.01700	0.02641	0.01457	0.01720	0.01204	0.00607	0.00627	0.00131	0.00657	0.00516	0.00476	0.70915
10	0.02912	0.02109	0.02606	0.01989	0.02640	0.02258	0.09107	0.43823	0.08813	0.12011	0.02179	0.02170	0.01533	0.00953	0.00831	0.00251	0.00905	0.00785	0.00786	0.01336
11	0.06388	0.02338	0.10872	0.03442	0.29403	0.07817	0.14209	0.02763	0.01918	0.10551	0.01701	0.02014	0.01289	0.00768	0.00808	0.00248	0.01064	0.00732	0.00478	0.01196
12	0.01846	0.08893	0.54704	0.02191	0.03285	0.02059	0.02702	0.10092	0.01967	0.02835	0.01493	0.01712	0.01072	0.00790	0.00758	0.00249	0.01137	0.00604	0.00401	0.01210
13	0.10915	0.06561	0.51533	0.02032	0.03039	0.01844	0.02502	0.02435	0.01658	0.02636	0.01623	0.06727	0.01328	0.00895	0.00746	0.00258	0.01061	0.00698	0.00393	0.01113
14	0.01180	0.00787	0.00885	0.00885	0.00885	0.00787	0.00492	0.01180	0.01180	0.01573	0.02557	0.05310	0.02950	0.71483	0.04130	0.00787	0.00787	0.01180	0.00492	0.00492
15	0.01908	0.01373	0.01947	0.24298	0.02994	0.01654	0.01544	0.04661	0.01723	0.10404	0.01896	0.02355	0.01460	0.01025	0.01202	0.00267	0.17718	0.00740	0.19893	0.00939
16	0.01180	0.00787	0.00885	0.00885	0.00885	0.00787	0.00492	0.01180	0.01180	0.01573	0.02557	0.05310	0.02950	0.71483	0.04130	0.00787	0.00787	0.01180	0.00492	0.00492
17	0.02982	0.07885	0.02424	0.02037	0.02483	0.61069	0.01556	0.06179	0.02335	0.02136	0.01281	0.01478	0.01062	0.00834	0.00723	0.00209	0.01399	0.00528	0.00433	0.00968
18	0.01180	0.00787	0.00885	0.00885	0.00885	0.00787	0.00492	0.01180	0.01180	0.01573	0.02557	0.05310	0.02950	0.71483	0.04130	0.00787	0.00787	0.01180	0.00492	0.00492
19	0.01388	0.06852	0.01740	0.01359	0.01583	0.01194	0.08464	0.04893	0.01602	0.02103	0.03184	0.23422	0.06987	0.29089	0.02181	0.00481	0.00757	0.01422	0.00578	0.00720

[dist]
# distance from previous block
# <min> <max>
0	57

# created by:
# /st0/software/busco_prod/Augustus/scripts/msa2prfl.pl ./align_prep/131304.fa
