[name]
unknown

[dist]
# distance from previous block
# <min> <max>
0	8

[block]
# block no. 0 follows, 20 sequences, length 52
# corresponding to MSA columns:
# 18-44,46-70
name=unknown_A
#
# <colnr> <probs for GDERKNQSTAVLIFYWHMCP>
#	G	D	E	R	K	N	Q	S	T	A	V	L	I	F	Y	W	H	M	C	P
0	0.01818	0.01826	0.08063	0.02397	0.02982	0.01538	0.22595	0.02385	0.02029	0.05987	0.03143	0.05770	0.03053	0.01529	0.01067	0.00333	0.01070	0.27257	0.00640	0.04516
1	0.12733	0.04562	0.02136	0.07991	0.02479	0.14929	0.05758	0.07399	0.02103	0.03065	0.04273	0.02370	0.01717	0.00982	0.00869	0.00251	0.05070	0.00737	0.19584	0.00991
2	0.16430	0.17539	0.14372	0.09418	0.02830	0.02182	0.01749	0.05377	0.04120	0.08035	0.01841	0.05428	0.01504	0.00947	0.00731	0.00252	0.00916	0.00715	0.00538	0.05078
3	0.01531	0.00800	0.01172	0.01145	0.01186	0.00779	0.00772	0.01193	0.01172	0.01586	0.01517	0.02607	0.01503	0.02904	0.03262	0.70665	0.00752	0.00745	0.00386	0.04325
4	0.01596	0.01172	0.01515	0.12580	0.02246	0.01207	0.01150	0.04124	0.01930	0.02908	0.10368	0.13552	0.03147	0.01328	0.00911	0.00250	0.03806	0.01118	0.22479	0.12612
5	0.01822	0.07094	0.09182	0.10593	0.06421	0.05115	0.09433	0.05288	0.01906	0.02533	0.02477	0.21363	0.02535	0.01459	0.01154	0.00304	0.08507	0.01254	0.00545	0.01016
6	0.01707	0.01336	0.01846	0.06140	0.11461	0.01380	0.01462	0.11121	0.02219	0.02983	0.06280	0.27995	0.04079	0.01938	0.01039	0.00328	0.00762	0.14206	0.00741	0.00976
7	0.37696	0.01684	0.01923	0.02282	0.16519	0.01832	0.01472	0.06778	0.01888	0.03497	0.02080	0.06341	0.01951	0.01160	0.00771	0.00291	0.00793	0.09394	0.00593	0.01055
8	0.01809	0.01550	0.01809	0.01292	0.02067	0.01163	0.01034	0.02196	0.01809	0.02842	0.01550	0.01809	0.01292	0.00646	0.00646	0.00129	0.00646	0.00517	0.00517	0.74677
9	0.01642	0.01332	0.02314	0.06810	0.02585	0.01256	0.16179	0.02004	0.01852	0.07592	0.03477	0.37343	0.03720	0.01820	0.01025	0.00313	0.00828	0.01730	0.00689	0.05489
10	0.01751	0.05979	0.30371	0.13535	0.03796	0.01983	0.10984	0.02556	0.04588	0.02599	0.02016	0.09581	0.01745	0.01076	0.00964	0.00291	0.03650	0.00942	0.00456	0.01137
11	0.01515	0.00758	0.01136	0.01136	0.01136	0.00758	0.00758	0.01136	0.01136	0.01515	0.01515	0.02652	0.01515	0.03030	0.03409	0.74621	0.00758	0.00758	0.00379	0.00379
12	0.01849	0.01573	0.02081	0.08006	0.02480	0.04409	0.08851	0.10695	0.07360	0.02931	0.03280	0.13972	0.07599	0.08304	0.04930	0.00408	0.00955	0.03054	0.06286	0.00978
13	0.02117	0.02176	0.10986	0.23798	0.17676	0.02026	0.05266	0.05143	0.08360	0.07922	0.01955	0.02350	0.01466	0.00924	0.00963	0.00284	0.04039	0.00802	0.00527	0.01220
14	0.01259	0.00892	0.01232	0.01249	0.01364	0.00986	0.00911	0.01494	0.01421	0.02043	0.02666	0.09366	0.02705	0.19983	0.42643	0.01115	0.01729	0.01131	0.05092	0.00719
15	0.01268	0.00957	0.01181	0.01142	0.01364	0.00911	0.00849	0.01796	0.07298	0.03223	0.44948	0.13823	0.14150	0.01897	0.01027	0.00288	0.00450	0.01667	0.00918	0.00845
16	0.03019	0.07036	0.02616	0.02201	0.02615	0.49607	0.01706	0.06797	0.02372	0.02334	0.01358	0.01645	0.01149	0.00992	0.01082	0.00248	0.11123	0.00600	0.00462	0.01038
17	0.02196	0.02260	0.03497	0.08392	0.40924	0.08279	0.09781	0.02685	0.01963	0.02662	0.01574	0.02113	0.01313	0.00863	0.01073	0.00274	0.07685	0.00787	0.00427	0.01253
18	0.01865	0.03338	0.34499	0.08147	0.06239	0.05222	0.15295	0.02633	0.01885	0.02635	0.01782	0.06137	0.01459	0.00962	0.00981	0.00287	0.04177	0.00859	0.00420	0.01177
19	0.01235	0.00892	0.01166	0.01097	0.01303	0.00823	0.00823	0.01646	0.02469	0.03498	0.63443	0.06516	0.08230	0.01783	0.01029	0.00274	0.00412	0.01578	0.00960	0.00823
20	0.02167	0.01829	0.03033	0.16579	0.42954	0.01887	0.02357	0.02674	0.01970	0.07892	0.01863	0.02340	0.01468	0.00838	0.00847	0.00262	0.00989	0.00788	0.05993	0.01268
21	0.01215	0.00877	0.01149	0.01111	0.01299	0.00810	0.00822	0.01598	0.02379	0.03355	0.56843	0.13524	0.07953	0.01890	0.01038	0.00283	0.00422	0.01679	0.00943	0.00810
22	0.02148	0.01878	0.02531	0.09745	0.19113	0.02109	0.01886	0.10120	0.22240	0.03329	0.05703	0.03033	0.02280	0.01132	0.01062	0.00291	0.06435	0.03033	0.00669	0.01262
23	0.03520	0.01445	0.01930	0.01517	0.02131	0.01288	0.01239	0.03997	0.06213	0.54220	0.09845	0.03365	0.02838	0.01161	0.00894	0.00272	0.00704	0.00959	0.01055	0.01408
24	0.31541	0.11077	0.02520	0.06645	0.02480	0.02287	0.07066	0.02407	0.01619	0.02978	0.04773	0.01974	0.01478	0.01021	0.01186	0.00289	0.16512	0.00678	0.00483	0.00988
25	0.02317	0.18077	0.17607	0.03226	0.24667	0.10639	0.02346	0.06395	0.02099	0.02723	0.01518	0.01837	0.01233	0.00814	0.00778	0.00243	0.01136	0.00650	0.00434	0.01260
26	0.11659	0.15823	0.03521	0.03056	0.19544	0.09726	0.12907	0.02825	0.04682	0.02733	0.01553	0.01919	0.01280	0.00838	0.00886	0.00256	0.04459	0.00708	0.00456	0.01171
27	0.01858	0.02919	0.25519	0.06266	0.03756	0.02154	0.22725	0.02561	0.01841	0.02649	0.04485	0.02280	0.01530	0.00982	0.01312	0.00304	0.14438	0.00853	0.00425	0.01145
28	0.01950	0.03464	0.37059	0.02795	0.03854	0.02085	0.22595	0.07080	0.02112	0.03010	0.04376	0.02239	0.01519	0.00855	0.00909	0.00281	0.01288	0.00827	0.00457	0.01245
29	0.01518	0.01306	0.01841	0.06848	0.02051	0.01653	0.01378	0.01755	0.01442	0.02108	0.02216	0.11325	0.02289	0.10707	0.19415	0.00689	0.25923	0.01088	0.03626	0.00823
30	0.01751	0.04891	0.15770	0.28526	0.04165	0.01925	0.07839	0.02482	0.06286	0.02507	0.01905	0.05348	0.01553	0.01079	0.01050	0.03534	0.03543	0.00854	0.03944	0.01047
31	0.75506	0.01687	0.01282	0.01147	0.01687	0.01957	0.00945	0.02564	0.01484	0.03914	0.01215	0.01417	0.00945	0.00810	0.00540	0.00270	0.00675	0.00472	0.00540	0.00945
32	0.01475	0.00821	0.01227	0.06078	0.01502	0.00846	0.00875	0.01231	0.01233	0.01637	0.01854	0.08285	0.01927	0.06212	0.03081	0.59135	0.00771	0.00928	0.00423	0.00458
33	0.01165	0.00838	0.01104	0.01145	0.01288	0.00777	0.00818	0.01472	0.02148	0.02986	0.39847	0.31570	0.07240	0.02165	0.01063	0.00307	0.00450	0.01941	0.00900	0.00777
34	0.01182	0.00819	0.01018	0.01094	0.01139	0.00802	0.00696	0.01294	0.01537	0.02075	0.08606	0.31033	0.04585	0.33550	0.06111	0.00630	0.00753	0.01764	0.00674	0.00639
35	0.02221	0.01899	0.02001	0.01785	0.02288	0.02193	0.01393	0.07145	0.59735	0.03731	0.03485	0.03203	0.02610	0.01177	0.00887	0.00294	0.00702	0.00977	0.00887	0.01385
36	0.01235	0.00892	0.01166	0.01097	0.01303	0.00823	0.00823	0.01646	0.02469	0.03498	0.63443	0.06516	0.08230	0.01783	0.01029	0.00274	0.00412	0.01578	0.00960	0.00823
37	0.02332	0.69869	0.04571	0.01493	0.02239	0.03451	0.01493	0.02612	0.01772	0.02052	0.01213	0.01399	0.01119	0.00746	0.00560	0.00187	0.00933	0.00466	0.00373	0.01119
38	0.01809	0.01550	0.01809	0.01292	0.02067	0.01163	0.01034	0.02196	0.01809	0.02842	0.01550	0.01809	0.01292	0.00646	0.00646	0.00129	0.00646	0.00517	0.00517	0.74677
39	0.01235	0.00892	0.01166	0.01097	0.01303	0.00823	0.00823	0.01646	0.02469	0.03498	0.63443	0.06516	0.08230	0.01783	0.01029	0.00274	0.00412	0.01578	0.00960	0.00823
40	0.03316	0.02443	0.02618	0.02007	0.02705	0.02705	0.01658	0.60995	0.04101	0.05497	0.02094	0.02094	0.01483	0.01047	0.00873	0.00262	0.00960	0.00785	0.00873	0.01483
41	0.11064	0.01580	0.02019	0.01580	0.02200	0.01510	0.01306	0.06827	0.02403	0.51448	0.03003	0.02700	0.01938	0.01078	0.00966	0.00276	0.04912	0.00824	0.00971	0.01396
42	0.03313	0.02540	0.02610	0.02020	0.02705	0.06254	0.01659	0.57762	0.04010	0.05308	0.02052	0.02065	0.01463	0.01039	0.00868	0.00260	0.00994	0.00773	0.00849	0.01457
43	0.01174	0.00863	0.01108	0.01155	0.01326	0.00796	0.00856	0.01483	0.02124	0.02885	0.33139	0.25522	0.14379	0.02182	0.01072	0.00313	0.00482	0.07486	0.00881	0.00776
44	0.01235	0.00892	0.01166	0.01097	0.01303	0.00823	0.00823	0.01646	0.02469	0.03498	0.63443	0.06516	0.08230	0.01783	0.01029	0.00274	0.00412	0.01578	0.00960	0.00823
45	0.01063	0.00759	0.01012	0.01215	0.01265	0.00709	0.00810	0.01215	0.01670	0.02227	0.04808	0.68775	0.05769	0.02733	0.01113	0.00354	0.00506	0.02480	0.00810	0.00709
46	0.01233	0.00888	0.01173	0.01161	0.01349	0.00829	0.00880	0.01615	0.02336	0.03270	0.51141	0.13671	0.07640	0.01950	0.01056	0.00296	0.00461	0.07316	0.00928	0.00809
47	0.02823	0.24742	0.03050	0.01798	0.02421	0.15520	0.01520	0.13927	0.13861	0.09114	0.02061	0.02065	0.01580	0.00947	0.00756	0.00237	0.01003	0.00682	0.00646	0.01249
48	0.01269	0.00872	0.01006	0.01006	0.01054	0.00844	0.00594	0.01311	0.01352	0.01826	0.02966	0.14119	0.03426	0.56558	0.03782	0.00740	0.00789	0.01394	0.00566	0.04528
49	0.08210	0.07344	0.10055	0.15544	0.11332	0.02167	0.17982	0.07439	0.02050	0.02953	0.01613	0.02064	0.01240	0.00805	0.00844	0.00264	0.01137	0.00767	0.00465	0.05724
50	0.01981	0.06838	0.51603	0.02310	0.03449	0.02056	0.02832	0.07612	0.02051	0.05867	0.01810	0.04515	0.01370	0.00930	0.00834	0.00274	0.01190	0.00731	0.00461	0.01285
51	0.07116	0.31054	0.03409	0.02245	0.13380	0.02612	0.01646	0.10362	0.04763	0.10304	0.01782	0.01909	0.01399	0.00849	0.00709	0.00227	0.00895	0.00637	0.00570	0.04134

[dist]
# distance from previous block
# <min> <max>
0	43

[block]
# block no. 1 follows, 20 sequences, length 17
# corresponding to MSA columns:
# 115-131
name=unknown_B
#
# <colnr> <probs for GDERKNQSTAVLIFYWHMCP>
#	G	D	E	R	K	N	Q	S	T	A	V	L	I	F	Y	W	H	M	C	P
0	0.02847	0.02179	0.06133	0.01866	0.02453	0.02248	0.01600	0.33034	0.09250	0.11166	0.02343	0.02398	0.01701	0.01097	0.01049	0.00273	0.07738	0.00808	0.08480	0.01337
1	0.01216	0.00891	0.01141	0.01078	0.01292	0.00815	0.00809	0.01611	0.02426	0.03395	0.58528	0.06685	0.13210	0.01822	0.01029	0.00276	0.00414	0.01601	0.00947	0.00815
2	0.01930	0.05433	0.03090	0.25502	0.07099	0.04761	0.15393	0.02841	0.12975	0.02749	0.07514	0.02790	0.02116	0.00969	0.00905	0.00281	0.01079	0.00919	0.00547	0.01109
3	0.01454	0.00929	0.01224	0.01153	0.01382	0.00850	0.00863	0.01827	0.02373	0.08832	0.50782	0.13905	0.07379	0.01837	0.01026	0.00284	0.00453	0.01626	0.00952	0.00868
4	0.01235	0.00892	0.01166	0.01097	0.01303	0.00823	0.00823	0.01646	0.02469	0.03498	0.63443	0.06516	0.08230	0.01783	0.01029	0.00274	0.00412	0.01578	0.00960	0.00823
5	0.01376	0.01016	0.01340	0.01500	0.01684	0.01031	0.01215	0.01911	0.08106	0.02596	0.04568	0.27758	0.05014	0.02385	0.01143	0.00376	0.00698	0.34636	0.00814	0.00833
6	0.75506	0.01687	0.01282	0.01147	0.01687	0.01957	0.00945	0.02564	0.01484	0.03914	0.01215	0.01417	0.00945	0.00810	0.00540	0.00270	0.00675	0.00472	0.00540	0.00945
7	0.01908	0.01908	0.02672	0.02290	0.02290	0.02672	0.01908	0.02099	0.01336	0.02099	0.01145	0.01908	0.01145	0.01527	0.02863	0.00382	0.67748	0.00763	0.00382	0.00954
8	0.03914	0.01484	0.02024	0.01552	0.02227	0.01282	0.01282	0.04251	0.02497	0.64507	0.03441	0.02969	0.02159	0.01080	0.00877	0.00270	0.00742	0.00877	0.01080	0.01484
9	0.01235	0.00892	0.01166	0.01097	0.01303	0.00823	0.00823	0.01646	0.02469	0.03498	0.63443	0.06516	0.08230	0.01783	0.01029	0.00274	0.00412	0.01578	0.00960	0.00823
10	0.01940	0.03229	0.33479	0.14548	0.13675	0.02085	0.08798	0.06831	0.02031	0.02881	0.01633	0.02049	0.01209	0.00834	0.00866	0.00277	0.01222	0.00738	0.00425	0.01249
11	0.02389	0.18663	0.30202	0.02212	0.06365	0.02280	0.02302	0.05715	0.02039	0.14150	0.01842	0.01981	0.01339	0.00895	0.00870	0.00257	0.04017	0.00666	0.00529	0.01286
12	0.01235	0.00892	0.01166	0.01097	0.01303	0.00823	0.00823	0.01646	0.02469	0.03498	0.63443	0.06516	0.08230	0.01783	0.01029	0.00274	0.00412	0.01578	0.00960	0.00823
13	0.01890	0.03530	0.37683	0.03028	0.04132	0.02108	0.29380	0.02777	0.01940	0.02777	0.01656	0.02074	0.01204	0.00786	0.00920	0.00284	0.01372	0.00820	0.00401	0.01238
14	0.01169	0.00876	0.01084	0.01059	0.01270	0.00791	0.00784	0.01509	0.02274	0.03098	0.44555	0.13377	0.20986	0.01981	0.01038	0.00287	0.00428	0.01732	0.00909	0.00791
15	0.01128	0.00863	0.01282	0.01376	0.01481	0.00806	0.04728	0.01318	0.01695	0.02264	0.04609	0.64432	0.05479	0.02602	0.01108	0.00350	0.00569	0.02385	0.00786	0.00739
16	0.02062	0.06290	0.04170	0.20392	0.07933	0.02240	0.34177	0.06798	0.02100	0.02795	0.01691	0.02258	0.01283	0.00797	0.00938	0.00282	0.01295	0.00896	0.00453	0.01151

[dist]
# distance from previous block
# <min> <max>
0	1

[block]
# block no. 2 follows, 20 sequences, length 19
# corresponding to MSA columns:
# 133-151
name=unknown_C
#
# <colnr> <probs for GDERKNQSTAVLIFYWHMCP>
#	G	D	E	R	K	N	Q	S	T	A	V	L	I	F	Y	W	H	M	C	P
0	0.02324	0.11940	0.41146	0.02185	0.03227	0.07952	0.02543	0.03061	0.02002	0.13028	0.01819	0.01953	0.01286	0.00867	0.00800	0.00259	0.01180	0.00654	0.00496	0.01276
1	0.34083	0.01825	0.07279	0.01426	0.02051	0.01637	0.01261	0.05364	0.01931	0.18850	0.02206	0.08114	0.01764	0.01051	0.00728	0.00265	0.00741	0.00792	0.00697	0.07934
2	0.10099	0.45429	0.03692	0.01636	0.02303	0.14660	0.01485	0.07446	0.02058	0.02535	0.01308	0.01489	0.01131	0.00805	0.00624	0.00208	0.01026	0.00510	0.00444	0.01111
3	0.05683	0.09633	0.32565	0.02430	0.08649	0.02051	0.06285	0.05083	0.01934	0.02892	0.01554	0.01845	0.01187	0.00786	0.00774	0.00240	0.01086	0.00640	0.00436	0.14247
4	0.11819	0.18927	0.30323	0.02274	0.06444	0.02322	0.06978	0.02790	0.01844	0.06519	0.01571	0.01809	0.01184	0.00812	0.00749	0.00255	0.01092	0.00633	0.00445	0.01212
5	0.01916	0.01717	0.01722	0.01643	0.02015	0.07418	0.01282	0.03372	0.34301	0.03126	0.07613	0.10710	0.07244	0.01597	0.00968	0.00310	0.00739	0.10360	0.00827	0.01119
6	0.02625	0.02107	0.13756	0.02086	0.08089	0.01623	0.01739	0.05313	0.13149	0.25890	0.03087	0.11633	0.02450	0.01247	0.00901	0.00286	0.00837	0.01059	0.00809	0.01314
7	0.05161	0.07245	0.18662	0.09366	0.10919	0.05621	0.07286	0.07421	0.07620	0.02939	0.02057	0.08099	0.01754	0.01038	0.00857	0.00276	0.01074	0.00893	0.00525	0.01188
8	0.01721	0.01626	0.02750	0.58281	0.14395	0.01957	0.02459	0.02294	0.01779	0.02319	0.01563	0.02301	0.01195	0.00858	0.00871	0.00286	0.01144	0.00775	0.00394	0.01029
9	0.01140	0.00814	0.01100	0.01302	0.01387	0.00775	0.00943	0.01347	0.01746	0.02313	0.04765	0.55560	0.05601	0.02660	0.01134	0.00365	0.00573	0.14936	0.00808	0.00730
10	0.02131	0.02082	0.08809	0.34137	0.07175	0.02022	0.13363	0.08623	0.02132	0.08360	0.01822	0.02314	0.01319	0.00875	0.00898	0.00284	0.01169	0.00822	0.00510	0.01154
11	0.02855	0.05561	0.02423	0.01849	0.02450	0.02410	0.01506	0.39109	0.15924	0.06750	0.02634	0.08024	0.02102	0.01205	0.00881	0.00273	0.00856	0.00959	0.00852	0.01377
12	0.01577	0.01157	0.01363	0.01318	0.01539	0.01179	0.00953	0.12196	0.05283	0.03049	0.14474	0.32302	0.07400	0.10301	0.01447	0.00378	0.00619	0.01767	0.00817	0.00881
13	0.01237	0.00832	0.00961	0.00992	0.01000	0.00824	0.00572	0.01260	0.01331	0.01774	0.03067	0.15470	0.03573	0.59034	0.03925	0.00770	0.00793	0.01456	0.00572	0.00556
14	0.01493	0.01177	0.01509	0.07495	0.02042	0.01264	0.01211	0.05560	0.10007	0.02748	0.07480	0.31635	0.07636	0.02077	0.01116	0.00336	0.03145	0.10391	0.00777	0.00901
15	0.02067	0.07901	0.02350	0.01525	0.02297	0.01468	0.05884	0.02468	0.01887	0.08325	0.01707	0.01919	0.01357	0.00701	0.00690	0.00160	0.00747	0.00586	0.00548	0.55412
16	0.02281	0.05665	0.02016	0.01495	0.02043	0.01528	0.01208	0.02866	0.09324	0.17125	0.05912	0.08709	0.02437	0.01154	0.00988	0.00237	0.06715	0.00918	0.00724	0.26655
17	0.36505	0.01684	0.01871	0.11439	0.06339	0.01938	0.01437	0.02758	0.08319	0.06598	0.01817	0.02291	0.01458	0.00992	0.00883	0.00285	0.06156	0.03062	0.00575	0.03593
18	0.06155	0.01746	0.02004	0.05619	0.02396	0.01873	0.01367	0.13992	0.20262	0.11783	0.06301	0.02820	0.02288	0.01084	0.00912	0.00262	0.03537	0.00857	0.04521	0.10223

[dist]
# distance from previous block
# <min> <max>
0	2

[block]
# block no. 3 follows, 20 sequences, length 29
# corresponding to MSA columns:
# 154-182
name=unknown_D
#
# <colnr> <probs for GDERKNQSTAVLIFYWHMCP>
#	G	D	E	R	K	N	Q	S	T	A	V	L	I	F	Y	W	H	M	C	P
0	0.01954	0.10982	0.06437	0.07643	0.03045	0.02090	0.16965	0.04868	0.01923	0.02750	0.04709	0.02389	0.01704	0.00971	0.01136	0.00263	0.11526	0.00813	0.10195	0.07636
1	0.10018	0.04979	0.02489	0.07319	0.02731	0.01934	0.09273	0.14995	0.08349	0.13353	0.09865	0.02899	0.02456	0.01061	0.00854	0.00269	0.00860	0.00903	0.04189	0.01204
2	0.01276	0.09993	0.01505	0.01221	0.01370	0.01116	0.00878	0.01445	0.01654	0.02182	0.06669	0.45304	0.04743	0.11439	0.04681	0.00445	0.00694	0.01932	0.00704	0.00748
3	0.06752	0.26008	0.03189	0.10469	0.02901	0.05637	0.01649	0.23919	0.05709	0.03518	0.01703	0.01878	0.01326	0.00905	0.00741	0.00240	0.00975	0.00655	0.00596	0.01230
4	0.05919	0.05112	0.02183	0.04742	0.05490	0.01701	0.01336	0.12423	0.05089	0.08612	0.01974	0.04147	0.01578	0.00873	0.00742	0.00203	0.00764	0.00698	0.00636	0.35778
5	0.01711	0.06823	0.42028	0.02495	0.08239	0.01876	0.05574	0.02488	0.01869	0.02701	0.05069	0.11021	0.02115	0.01117	0.00876	0.00282	0.01112	0.00957	0.00466	0.01182
6	0.01830	0.16412	0.50287	0.02228	0.03359	0.02226	0.02775	0.02675	0.01862	0.02670	0.04794	0.02009	0.01487	0.00864	0.00790	0.00260	0.01176	0.00661	0.00401	0.01233
7	0.01072	0.00767	0.01021	0.01208	0.01267	0.00715	0.00810	0.01239	0.01715	0.02298	0.08109	0.65270	0.05908	0.02679	0.01109	0.00350	0.00501	0.02429	0.00818	0.00715
8	0.02057	0.10996	0.06168	0.24764	0.12420	0.02154	0.10780	0.05119	0.05191	0.05695	0.01932	0.05471	0.01576	0.00945	0.00863	0.00273	0.01080	0.00866	0.00501	0.01148
9	0.01883	0.02107	0.10917	0.25698	0.12161	0.02031	0.04965	0.05312	0.08092	0.02726	0.01942	0.05139	0.01589	0.01041	0.01089	0.00294	0.08201	0.00865	0.02821	0.01125
10	0.01655	0.01543	0.02464	0.47357	0.12240	0.01807	0.02164	0.02281	0.05032	0.02397	0.02639	0.03163	0.09581	0.01055	0.00893	0.00288	0.01026	0.00929	0.00476	0.01010
11	0.05159	0.01748	0.02896	0.41531	0.27087	0.01988	0.02450	0.02409	0.01821	0.02533	0.01568	0.02223	0.01233	0.00834	0.00854	0.00278	0.01094	0.00762	0.00411	0.01120
12	0.12651	0.09034	0.19219	0.01854	0.02586	0.01933	0.04884	0.03046	0.12537	0.10133	0.05638	0.05994	0.02263	0.01115	0.00828	0.00279	0.00902	0.03281	0.00642	0.01182
13	0.11187	0.05033	0.02336	0.19919	0.03286	0.02117	0.01651	0.23731	0.02682	0.09664	0.05139	0.02413	0.01762	0.00996	0.00815	0.00266	0.00907	0.00782	0.04120	0.01194
14	0.01115	0.00807	0.01054	0.01161	0.01273	0.00746	0.00806	0.01352	0.01937	0.02631	0.23370	0.46160	0.09532	0.02408	0.01083	0.00326	0.00473	0.02164	0.00857	0.00746
15	0.01604	0.01461	0.02430	0.43726	0.06719	0.01738	0.05067	0.02094	0.01728	0.02314	0.02075	0.11246	0.01887	0.01389	0.03753	0.00346	0.04407	0.01024	0.04049	0.00943
16	0.06133	0.13277	0.02974	0.11209	0.03088	0.02165	0.09971	0.15325	0.02458	0.12088	0.05312	0.03044	0.02078	0.01078	0.00863	0.00272	0.00970	0.05838	0.00670	0.01186
17	0.01515	0.00758	0.01136	0.01136	0.01136	0.00758	0.00758	0.01136	0.01136	0.01515	0.01515	0.02652	0.01515	0.03030	0.03409	0.74621	0.00758	0.00758	0.00379	0.00379
18	0.01057	0.00782	0.00988	0.01153	0.01249	0.00714	0.00782	0.01222	0.01729	0.02251	0.05556	0.57553	0.16508	0.02635	0.01098	0.00343	0.00494	0.02361	0.00810	0.00714
19	0.01792	0.03726	0.45725	0.11330	0.04215	0.02047	0.13535	0.02697	0.01868	0.02697	0.01599	0.01999	0.01152	0.00818	0.00871	0.00281	0.01305	0.00732	0.00384	0.01226
20	0.02002	0.05437	0.06120	0.04473	0.49632	0.01958	0.02394	0.02483	0.01927	0.02722	0.02038	0.10981	0.01940	0.01039	0.00880	0.00269	0.00972	0.00982	0.00476	0.01274
21	0.03258	0.04157	0.02472	0.02247	0.02697	0.65843	0.01685	0.03483	0.02472	0.02135	0.01348	0.01573	0.01124	0.00899	0.00787	0.00225	0.01573	0.00562	0.00449	0.01011
22	0.01556	0.01397	0.02277	0.49488	0.04776	0.01712	0.02043	0.01998	0.01680	0.02186	0.02073	0.13461	0.01952	0.01325	0.01143	0.03983	0.04537	0.01059	0.00458	0.00895
23	0.01082	0.00874	0.00962	0.00964	0.01216	0.00754	0.00714	0.01341	0.02073	0.02614	0.21342	0.13467	0.45231	0.02157	0.01038	0.00295	0.00441	0.01837	0.00845	0.00754
24	0.01809	0.01550	0.01809	0.01292	0.02067	0.01163	0.01034	0.02196	0.01809	0.02842	0.01550	0.01809	0.01292	0.00646	0.00646	0.00129	0.00646	0.00517	0.00517	0.74677
25	0.01592	0.00971	0.01280	0.01158	0.01426	0.00884	0.00884	0.01993	0.02473	0.11626	0.55449	0.06043	0.07422	0.01690	0.01009	0.00274	0.00456	0.01484	0.00976	0.00911
26	0.01881	0.06270	0.38412	0.02422	0.06443	0.02070	0.05483	0.03125	0.15719	0.02978	0.05164	0.02426	0.01850	0.00947	0.00853	0.00277	0.01088	0.00789	0.00524	0.01278
27	0.01835	0.12778	0.48445	0.02195	0.03344	0.02100	0.02702	0.02667	0.01828	0.02679	0.01517	0.01779	0.01132	0.00793	0.00769	0.00245	0.01156	0.00604	0.00389	0.11044
28	0.01866	0.16021	0.41985	0.11093	0.07175	0.02279	0.02767	0.02659	0.01824	0.02565	0.01503	0.01842	0.01131	0.00816	0.00787	0.00261	0.01192	0.00637	0.00375	0.01220

[dist]
# distance from previous block
# <min> <max>
0	3

[block]
# block no. 4 follows, 20 sequences, length 8
# corresponding to MSA columns:
# 186-193
name=unknown_E
#
# <colnr> <probs for GDERKNQSTAVLIFYWHMCP>
#	G	D	E	R	K	N	Q	S	T	A	V	L	I	F	Y	W	H	M	C	P
0	0.59820	0.06005	0.01691	0.06900	0.02160	0.02098	0.01153	0.06386	0.01697	0.03756	0.01301	0.01538	0.01010	0.00827	0.00591	0.00266	0.00752	0.00519	0.00538	0.00993
1	0.07449	0.30566	0.26143	0.01983	0.02901	0.02605	0.02138	0.02983	0.01994	0.10188	0.01847	0.02082	0.01448	0.00976	0.00798	0.00279	0.01088	0.00660	0.00549	0.01321
2	0.07609	0.04966	0.14075	0.02486	0.15618	0.01768	0.01881	0.05089	0.08451	0.06105	0.09278	0.08720	0.02897	0.01270	0.00891	0.00286	0.00865	0.05937	0.00646	0.01162
3	0.01063	0.00759	0.01012	0.01215	0.01265	0.00709	0.00810	0.01215	0.01670	0.02227	0.04808	0.68775	0.05769	0.02733	0.01113	0.00354	0.00506	0.02480	0.00810	0.00709
4	0.01837	0.01777	0.07183	0.40744	0.09488	0.01838	0.02143	0.07319	0.01988	0.02768	0.01817	0.02406	0.01379	0.00900	0.00825	0.00270	0.01021	0.00772	0.12477	0.01046
5	0.01235	0.00892	0.01166	0.01097	0.01303	0.00823	0.00823	0.01646	0.02469	0.03498	0.63443	0.06516	0.08230	0.01783	0.01029	0.00274	0.00412	0.01578	0.00960	0.00823
6	0.03914	0.01484	0.02024	0.01552	0.02227	0.01282	0.01282	0.04251	0.02497	0.64507	0.03441	0.02969	0.02159	0.01080	0.00877	0.00270	0.00742	0.00877	0.01080	0.01484
7	0.52324	0.02293	0.01678	0.01502	0.01976	0.17233	0.01199	0.02745	0.01708	0.03343	0.01241	0.01494	0.01004	0.00889	0.00787	0.00268	0.06331	0.00517	0.00505	0.00961

[dist]
# distance from previous block
# <min> <max>
0	1

[block]
# block no. 5 follows, 20 sequences, length 35
# corresponding to MSA columns:
# 195-229
name=unknown_F
#
# <colnr> <probs for GDERKNQSTAVLIFYWHMCP>
#	G	D	E	R	K	N	Q	S	T	A	V	L	I	F	Y	W	H	M	C	P
0	0.01522	0.00955	0.01258	0.01146	0.01402	0.00872	0.00872	0.01926	0.02472	0.10043	0.57006	0.06135	0.07579	0.01708	0.01013	0.00274	0.00447	0.01502	0.00973	0.00894
1	0.01082	0.00774	0.01030	0.01201	0.01270	0.00722	0.00811	0.01264	0.01762	0.02373	0.11544	0.61623	0.06052	0.02624	0.01104	0.00345	0.00495	0.02376	0.00827	0.00722
2	0.02136	0.01822	0.01983	0.05181	0.02429	0.02101	0.01416	0.07070	0.52882	0.03585	0.03446	0.06854	0.02702	0.01248	0.00899	0.00297	0.00718	0.01050	0.00856	0.01326
3	0.01091	0.00886	0.00968	0.00947	0.01215	0.00762	0.00710	0.01369	0.02131	0.02696	0.25075	0.07836	0.47099	0.02082	0.01030	0.00289	0.00433	0.01763	0.00855	0.00762
4	0.02693	0.08536	0.02605	0.11137	0.05853	0.12900	0.01708	0.21841	0.07513	0.07324	0.02221	0.05369	0.01818	0.01104	0.00856	0.00266	0.01030	0.03326	0.00676	0.01223
5	0.03249	0.01547	0.01985	0.01493	0.02199	0.01309	0.01223	0.06134	0.02359	0.43189	0.02808	0.02578	0.01866	0.00947	0.00807	0.00227	0.00723	0.00764	0.00900	0.23695
6	0.01809	0.01550	0.01809	0.01292	0.02067	0.01163	0.01034	0.02196	0.01809	0.02842	0.01550	0.01809	0.01292	0.00646	0.00646	0.00129	0.00646	0.00517	0.00517	0.74677
7	0.01249	0.00924	0.01350	0.01350	0.01488	0.01062	0.01026	0.01524	0.01387	0.01987	0.02384	0.03689	0.02294	0.13757	0.58829	0.01338	0.02165	0.00973	0.00474	0.00750
8	0.43700	0.01740	0.01943	0.18943	0.03069	0.02023	0.04240	0.06268	0.05185	0.03497	0.01517	0.01849	0.01152	0.00859	0.00692	0.00278	0.00861	0.00628	0.00535	0.01021
9	0.06794	0.01489	0.01754	0.01336	0.01984	0.01260	0.01071	0.05574	0.02136	0.14123	0.11738	0.02754	0.02538	0.00935	0.00753	0.00193	0.00644	0.00761	0.00708	0.41455
10	0.09964	0.12429	0.32996	0.02428	0.03438	0.02214	0.15666	0.02806	0.01877	0.06028	0.01623	0.01911	0.01194	0.00807	0.00809	0.00267	0.01187	0.00701	0.00441	0.01214
11	0.02354	0.57689	0.04516	0.01805	0.02550	0.07016	0.08757	0.02686	0.01849	0.02148	0.01288	0.01526	0.01145	0.00754	0.00631	0.00202	0.01037	0.00541	0.00386	0.01120
12	0.01626	0.00813	0.00813	0.00813	0.01016	0.00813	0.00610	0.02033	0.01829	0.03252	0.02846	0.03252	0.02236	0.01016	0.00610	0.00203	0.00407	0.00813	0.74187	0.00813
13	0.02172	0.01539	0.01726	0.05534	0.02089	0.01660	0.01200	0.24196	0.05417	0.03947	0.10003	0.03612	0.08207	0.01444	0.03427	0.00299	0.00755	0.00995	0.20685	0.01093
14	0.11501	0.02252	0.02349	0.01832	0.02480	0.02499	0.01509	0.50525	0.03656	0.05172	0.02041	0.02090	0.01469	0.01018	0.00818	0.00259	0.00892	0.00751	0.05507	0.01379
15	0.03046	0.02164	0.02368	0.01877	0.02490	0.02362	0.01525	0.48092	0.06219	0.08803	0.02554	0.09860	0.02069	0.01249	0.00901	0.00274	0.00882	0.00994	0.00879	0.01390
16	0.03258	0.04157	0.02472	0.02247	0.02697	0.65843	0.01685	0.03483	0.02472	0.02135	0.01348	0.01573	0.01124	0.00899	0.00787	0.00225	0.01573	0.00562	0.00449	0.01011
17	0.01933	0.03228	0.29333	0.03194	0.04241	0.02133	0.37427	0.02781	0.01971	0.02781	0.01684	0.02146	0.01235	0.00773	0.00948	0.00287	0.01397	0.00873	0.00412	0.01222
18	0.01054	0.00885	0.00916	0.00908	0.01193	0.00746	0.00681	0.01297	0.02043	0.02488	0.15110	0.08179	0.57194	0.02160	0.01031	0.00292	0.00438	0.01811	0.00827	0.00746
19	0.01054	0.00885	0.00916	0.00908	0.01193	0.00746	0.00681	0.01297	0.02043	0.02488	0.15110	0.08179	0.57194	0.02160	0.01031	0.00292	0.00438	0.01811	0.00827	0.00746
20	0.01063	0.00759	0.01012	0.01215	0.01265	0.00709	0.00810	0.01215	0.01670	0.02227	0.04808	0.68775	0.05769	0.02733	0.01113	0.00354	0.00506	0.02480	0.00810	0.00709
21	0.02961	0.37977	0.03488	0.01606	0.02323	0.02702	0.01465	0.14065	0.02414	0.20232	0.02004	0.01971	0.01480	0.00896	0.00708	0.00224	0.00884	0.00642	0.00665	0.01290
22	0.01647	0.01550	0.02616	0.67248	0.06008	0.01938	0.02422	0.02229	0.01744	0.02229	0.01550	0.02326	0.01163	0.00872	0.00872	0.00291	0.01163	0.00775	0.00388	0.00969
23	0.01150	0.00888	0.01048	0.01008	0.01251	0.00787	0.00756	0.01482	0.02269	0.03023	0.40720	0.07298	0.31250	0.01960	0.01030	0.00283	0.00424	0.01687	0.00898	0.00787
24	0.02059	0.02353	0.05147	0.03676	0.04559	0.02206	0.60735	0.02794	0.02059	0.02794	0.01765	0.02353	0.01324	0.00735	0.01029	0.00294	0.01471	0.01029	0.00441	0.01176
25	0.02521	0.02168	0.02779	0.25228	0.15156	0.06084	0.02113	0.26447	0.02797	0.03676	0.01778	0.02155	0.01332	0.00928	0.00866	0.00269	0.01081	0.00767	0.00598	0.01258
26	0.01063	0.00759	0.01012	0.01215	0.01265	0.00709	0.00810	0.01215	0.01670	0.02227	0.04808	0.68775	0.05769	0.02733	0.01113	0.00354	0.00506	0.02480	0.00810	0.00709
27	0.01139	0.00886	0.01040	0.01036	0.01273	0.00786	0.00783	0.01445	0.02168	0.02835	0.30874	0.11553	0.33540	0.02079	0.01046	0.00296	0.00455	0.05120	0.00872	0.00774
28	0.06545	0.05626	0.24715	0.05965	0.03964	0.02192	0.29205	0.02696	0.01883	0.02758	0.01596	0.02058	0.01200	0.00823	0.01009	0.00287	0.05072	0.00816	0.00414	0.01175
29	0.07164	0.02705	0.02173	0.01863	0.02358	0.25119	0.01452	0.25141	0.02940	0.03617	0.05125	0.08273	0.05885	0.01232	0.00859	0.00260	0.01069	0.00935	0.00694	0.01137
30	0.02368	0.02716	0.03101	0.02711	0.07798	0.26498	0.19523	0.02779	0.02150	0.02509	0.04658	0.08835	0.02032	0.01094	0.00993	0.00270	0.04196	0.00976	0.03752	0.01041
31	0.01814	0.09639	0.02061	0.01283	0.02000	0.01403	0.01050	0.02164	0.01788	0.02676	0.01875	0.02215	0.04014	0.03778	0.00821	0.00175	0.00680	0.00601	0.00513	0.59450
32	0.19138	0.12831	0.11971	0.01726	0.02428	0.02045	0.06739	0.05770	0.01897	0.03127	0.04559	0.02047	0.01561	0.00875	0.00795	0.00238	0.03782	0.00660	0.05127	0.12681
33	0.01926	0.09445	0.02604	0.04548	0.05446	0.01885	0.09650	0.04665	0.12252	0.04981	0.05678	0.09986	0.08358	0.01311	0.01053	0.00279	0.06441	0.01117	0.03805	0.04570
34	0.05384	0.05122	0.05355	0.02605	0.10562	0.09587	0.14155	0.06464	0.07794	0.02927	0.02220	0.07780	0.01969	0.01114	0.00975	0.00277	0.04209	0.03716	0.03722	0.04064

[dist]
# distance from previous block
# <min> <max>
0	21

# created by:
# /st0/software/busco_prod/Augustus/scripts/msa2prfl.pl ./align_prep/131442.fa
