[name]
unknown

[dist]
# distance from previous block
# <min> <max>
0	22

[block]
# block no. 0 follows, 22 sequences, length 9
# corresponding to MSA columns:
# 22-30
name=unknown_A
#
# <colnr> <probs for GDERKNQSTAVLIFYWHMCP>
#	G	D	E	R	K	N	Q	S	T	A	V	L	I	F	Y	W	H	M	C	P
0	0.01971	0.02005	0.05380	0.14198	0.44232	0.04927	0.02355	0.02557	0.04757	0.02610	0.01797	0.02554	0.01538	0.00877	0.00841	0.00261	0.01009	0.04485	0.00446	0.01201
1	0.01784	0.01307	0.01519	0.01512	0.05564	0.01384	0.01013	0.15436	0.08727	0.02908	0.02844	0.15300	0.02855	0.25321	0.02020	0.00455	0.00732	0.01210	0.07209	0.00898
2	0.01391	0.00891	0.01057	0.01031	0.01226	0.00899	0.00754	0.01742	0.03640	0.02496	0.02708	0.10566	0.02543	0.12020	0.16647	0.00555	0.00909	0.01014	0.31058	0.06854
3	0.01244	0.00915	0.01208	0.07075	0.01649	0.00941	0.00923	0.01603	0.07413	0.02306	0.12603	0.35227	0.04535	0.09888	0.01563	0.07205	0.00598	0.01683	0.00697	0.00724
4	0.01577	0.01541	0.05503	0.29787	0.03325	0.07101	0.01595	0.01822	0.01596	0.01978	0.02394	0.07149	0.08364	0.01619	0.01486	0.20110	0.00934	0.00921	0.00440	0.00757
5	0.01173	0.00984	0.01048	0.00987	0.01305	0.00886	0.00749	0.01650	0.08636	0.02563	0.15654	0.06811	0.46156	0.01846	0.00944	0.00268	0.00454	0.01549	0.00782	0.05553
6	0.01740	0.00936	0.01239	0.01182	0.01417	0.00851	0.00865	0.01991	0.01984	0.18099	0.22460	0.29496	0.05177	0.07104	0.01221	0.00330	0.00534	0.01642	0.00857	0.00875
7	0.05443	0.01151	0.01309	0.01264	0.01491	0.01195	0.00921	0.15413	0.02115	0.02998	0.05578	0.36769	0.03873	0.08324	0.01229	0.00341	0.00607	0.01614	0.07511	0.00852
8	0.01053	0.00746	0.00969	0.01113	0.01168	0.00702	0.00736	0.01201	0.01608	0.02161	0.09802	0.55689	0.05372	0.11750	0.01482	0.00394	0.00518	0.02128	0.00748	0.00661

[dist]
# distance from previous block
# <min> <max>
0	1

[block]
# block no. 1 follows, 22 sequences, length 8
# corresponding to MSA columns:
# 32-39
name=unknown_B
#
# <colnr> <probs for GDERKNQSTAVLIFYWHMCP>
#	G	D	E	R	K	N	Q	S	T	A	V	L	I	F	Y	W	H	M	C	P
0	0.09120	0.01181	0.01323	0.01237	0.01549	0.01205	0.00921	0.02475	0.15380	0.12457	0.07888	0.18274	0.11710	0.09969	0.01292	0.00349	0.00596	0.01354	0.00778	0.00940
1	0.06301	0.00953	0.01113	0.01147	0.01281	0.00961	0.00786	0.06667	0.01752	0.02479	0.08870	0.38325	0.04429	0.18966	0.01773	0.00432	0.00602	0.01737	0.00706	0.00721
2	0.01756	0.01055	0.01311	0.01229	0.01523	0.01006	0.00925	0.02305	0.10350	0.15908	0.20839	0.23092	0.11784	0.01780	0.00955	0.00286	0.00521	0.01556	0.00873	0.00946
3	0.02069	0.01352	0.01545	0.01357	0.01744	0.01386	0.01042	0.09296	0.18979	0.14978	0.09449	0.09840	0.13382	0.08271	0.01226	0.00328	0.00632	0.01227	0.00832	0.01064
4	0.37973	0.01446	0.01571	0.13456	0.02403	0.01579	0.01194	0.02497	0.01748	0.12937	0.10115	0.02402	0.02059	0.00938	0.00688	0.00255	0.00702	0.00704	0.00619	0.04716
5	0.02699	0.01602	0.01874	0.01572	0.02099	0.01673	0.01253	0.07480	0.32132	0.27635	0.08030	0.03170	0.02695	0.01126	0.00851	0.00269	0.00671	0.00932	0.00920	0.01318
6	0.01644	0.01448	0.02355	0.12509	0.15406	0.01490	0.09704	0.07843	0.01939	0.02619	0.02864	0.30504	0.03027	0.01549	0.00945	0.00294	0.00843	0.01448	0.00597	0.00973
7	0.12758	0.01629	0.01845	0.01504	0.02087	0.01661	0.01215	0.08321	0.21202	0.28654	0.02776	0.02557	0.01930	0.00987	0.00777	0.00253	0.00692	0.00780	0.00844	0.07532

[dist]
# distance from previous block
# <min> <max>
24	125

[block]
# block no. 2 follows, 22 sequences, length 13
# corresponding to MSA columns:
# 174-186
name=unknown_C
#
# <colnr> <probs for GDERKNQSTAVLIFYWHMCP>
#	G	D	E	R	K	N	Q	S	T	A	V	L	I	F	Y	W	H	M	C	P
0	0.20229	0.22525	0.02680	0.01701	0.06763	0.02276	0.01354	0.13240	0.02143	0.13911	0.01706	0.01777	0.01281	0.00826	0.00657	0.00225	0.00798	0.00589	0.00600	0.04718
1	0.35093	0.20224	0.13468	0.01428	0.02096	0.02135	0.01426	0.02500	0.01612	0.06614	0.01554	0.05844	0.01327	0.00889	0.00620	0.00242	0.00803	0.00620	0.00490	0.01016
2	0.27237	0.20070	0.02036	0.01204	0.01612	0.06029	0.00986	0.02119	0.01527	0.02501	0.01912	0.02933	0.03892	0.19128	0.01541	0.00381	0.00801	0.02778	0.00481	0.00833
3	0.41204	0.12568	0.23176	0.01560	0.02338	0.02091	0.01690	0.02511	0.01565	0.03110	0.01267	0.01480	0.00974	0.00768	0.00607	0.00248	0.00871	0.00503	0.00437	0.01032
4	0.01476	0.00861	0.01052	0.01046	0.01141	0.00823	0.00667	0.01556	0.01460	0.09962	0.03230	0.22569	0.03564	0.43556	0.02943	0.00610	0.00706	0.01471	0.00642	0.00665
5	0.02372	0.59924	0.04026	0.01529	0.02206	0.10423	0.01451	0.05951	0.01886	0.02147	0.01216	0.01388	0.01086	0.00743	0.00574	0.00186	0.00958	0.00471	0.00390	0.01074
6	0.01285	0.00927	0.01158	0.01253	0.01379	0.00917	0.00874	0.09003	0.01885	0.02517	0.04250	0.61580	0.04975	0.02398	0.01031	0.00326	0.00537	0.02156	0.00779	0.00769
7	0.23623	0.02440	0.16547	0.01712	0.02379	0.04719	0.01652	0.21171	0.02348	0.03684	0.01941	0.07205	0.01667	0.01073	0.00763	0.00267	0.00892	0.04199	0.00605	0.01112
8	0.02221	0.71304	0.04353	0.01421	0.02132	0.03287	0.01421	0.02488	0.01688	0.01955	0.01155	0.01333	0.01066	0.00711	0.00533	0.00178	0.00888	0.00444	0.00355	0.01066
9	0.03727	0.01414	0.01928	0.01478	0.02121	0.01221	0.01221	0.04049	0.02378	0.66198	0.03277	0.02828	0.02056	0.01028	0.00835	0.00257	0.00707	0.00835	0.01028	0.01414
10	0.01403	0.00839	0.01064	0.01114	0.01242	0.00778	0.00753	0.01540	0.01618	0.10153	0.04200	0.41402	0.08631	0.19126	0.01805	0.00438	0.00586	0.01842	0.00738	0.00728
11	0.40205	0.06774	0.01777	0.01516	0.04014	0.11004	0.01163	0.02696	0.09565	0.03105	0.01762	0.07538	0.01558	0.01003	0.00723	0.00259	0.03117	0.00707	0.00547	0.00968
12	0.05286	0.06692	0.02116	0.01397	0.02130	0.01373	0.05323	0.02177	0.01722	0.02696	0.01452	0.01713	0.01205	0.00636	0.00630	0.00144	0.00692	0.00521	0.00478	0.61618

[dist]
# distance from previous block
# <min> <max>
7	31

[block]
# block no. 3 follows, 22 sequences, length 7
# corresponding to MSA columns:
# 218-224
name=unknown_D
#
# <colnr> <probs for GDERKNQSTAVLIFYWHMCP>
#	G	D	E	R	K	N	Q	S	T	A	V	L	I	F	Y	W	H	M	C	P
0	0.01773	0.01039	0.01332	0.01164	0.01519	0.00912	0.00915	0.02127	0.02219	0.16797	0.35580	0.05423	0.12127	0.01528	0.00923	0.00256	0.00508	0.04796	0.00874	0.08189
1	0.02091	0.01887	0.01817	0.01812	0.07936	0.17150	0.01258	0.08192	0.02460	0.07437	0.33342	0.04035	0.04565	0.01290	0.00885	0.00247	0.00787	0.01078	0.00749	0.00982
2	0.02119	0.01599	0.01974	0.06927	0.05296	0.01430	0.01269	0.11639	0.02151	0.09229	0.04346	0.02110	0.01604	0.00781	0.00712	0.00179	0.00718	0.00637	0.00600	0.44682
3	0.01723	0.01944	0.11777	0.01499	0.02240	0.01375	0.01387	0.02166	0.01683	0.02626	0.01441	0.01737	0.01189	0.00724	0.00849	0.00168	0.07456	0.00534	0.00458	0.57023
4	0.02276	0.02522	0.12701	0.03490	0.33218	0.07250	0.02233	0.14779	0.02301	0.03156	0.01610	0.01926	0.01268	0.00799	0.00797	0.00237	0.01020	0.00686	0.00495	0.07235
5	0.18399	0.14450	0.18233	0.01692	0.02460	0.08028	0.01696	0.11067	0.02023	0.03078	0.01412	0.01601	0.01098	0.00784	0.00665	0.00222	0.00941	0.00545	0.00481	0.11126
6	0.46436	0.01627	0.01605	0.07546	0.02187	0.01785	0.01152	0.08572	0.01850	0.13279	0.01616	0.01745	0.01169	0.00829	0.00631	0.00250	0.00721	0.00568	0.00609	0.05824

[dist]
# distance from previous block
# <min> <max>
0	2

[block]
# block no. 4 follows, 22 sequences, length 15
# corresponding to MSA columns:
# 227-241
name=unknown_E
#
# <colnr> <probs for GDERKNQSTAVLIFYWHMCP>
#	G	D	E	R	K	N	Q	S	T	A	V	L	I	F	Y	W	H	M	C	P
0	0.58451	0.01539	0.01412	0.01418	0.06559	0.01715	0.01031	0.02435	0.01608	0.06872	0.08606	0.02036	0.01784	0.00888	0.00608	0.00257	0.00644	0.00613	0.00579	0.00946
1	0.72594	0.01600	0.01290	0.04770	0.01830	0.01863	0.00976	0.02425	0.01427	0.03640	0.01174	0.01397	0.00911	0.00774	0.00531	0.00258	0.00668	0.00466	0.00506	0.00901
2	0.69822	0.01592	0.01312	0.04192	0.01818	0.01833	0.00979	0.02503	0.01470	0.06594	0.01271	0.01458	0.00964	0.00786	0.00544	0.00258	0.00667	0.00481	0.00532	0.00925
3	0.13647	0.02191	0.02080	0.01736	0.02289	0.08570	0.01390	0.28038	0.24124	0.04097	0.02280	0.02232	0.01691	0.00995	0.00781	0.00258	0.00842	0.00749	0.00750	0.01260
4	0.01195	0.00800	0.00910	0.00922	0.00925	0.00797	0.00521	0.01205	0.01233	0.01644	0.02745	0.09643	0.03181	0.66378	0.04023	0.00775	0.00784	0.01283	0.00521	0.00514
5	0.23799	0.42223	0.03208	0.01391	0.02039	0.02784	0.01292	0.10347	0.01898	0.02893	0.01265	0.01424	0.01063	0.00766	0.00566	0.00210	0.00821	0.00485	0.00463	0.01063
6	0.02074	0.53607	0.03591	0.01411	0.01997	0.07807	0.01312	0.02319	0.01741	0.01998	0.02011	0.09629	0.05597	0.01025	0.00638	0.00205	0.00860	0.00752	0.00435	0.00991
7	0.05839	0.14918	0.04881	0.01922	0.04820	0.15816	0.01565	0.28128	0.02779	0.06827	0.01717	0.01889	0.01326	0.02989	0.00849	0.00247	0.01018	0.00651	0.00619	0.01201
8	0.02221	0.71304	0.04353	0.01421	0.02132	0.03287	0.01421	0.02488	0.01688	0.01955	0.01155	0.01333	0.01066	0.00711	0.00533	0.00178	0.00888	0.00444	0.00355	0.01066
9	0.01322	0.00802	0.01074	0.01193	0.01309	0.00737	0.00822	0.01487	0.01680	0.09433	0.04430	0.62567	0.05102	0.02423	0.01035	0.00328	0.00508	0.02188	0.00800	0.00759
10	0.07360	0.03445	0.03483	0.01135	0.01366	0.01017	0.00844	0.01756	0.01612	0.10319	0.05680	0.23676	0.08218	0.24107	0.01977	0.00457	0.00660	0.01444	0.00674	0.00769
11	0.06465	0.45495	0.14792	0.01610	0.02338	0.06994	0.01665	0.02487	0.01700	0.02181	0.01306	0.01569	0.01133	0.01166	0.05789	0.00290	0.01078	0.00515	0.00376	0.01053
12	0.01421	0.01008	0.01239	0.01119	0.01422	0.00915	0.00849	0.01895	0.06219	0.06993	0.38813	0.09958	0.13246	0.01608	0.00926	0.00254	0.00464	0.01399	0.00841	0.09411
13	0.26688	0.01780	0.01884	0.01628	0.04473	0.01919	0.01265	0.23436	0.05024	0.16066	0.02180	0.06467	0.01680	0.01031	0.00745	0.00260	0.00751	0.00782	0.00748	0.01192
14	0.28568	0.13941	0.13655	0.01858	0.05655	0.11874	0.03783	0.02671	0.03892	0.02848	0.01461	0.01840	0.01202	0.00837	0.00666	0.00244	0.00963	0.02552	0.00458	0.01034

[dist]
# distance from previous block
# <min> <max>
0	3

[block]
# block no. 5 follows, 22 sequences, length 8
# corresponding to MSA columns:
# 245-252
name=unknown_F
#
# <colnr> <probs for GDERKNQSTAVLIFYWHMCP>
#	G	D	E	R	K	N	Q	S	T	A	V	L	I	F	Y	W	H	M	C	P
0	0.43965	0.13758	0.06398	0.01334	0.01958	0.02044	0.01219	0.05458	0.01749	0.13224	0.01550	0.01636	0.01144	0.00813	0.00601	0.00243	0.00747	0.00534	0.00571	0.01055
1	0.24044	0.32836	0.08324	0.01512	0.02183	0.07417	0.01439	0.09144	0.01905	0.02893	0.01285	0.01458	0.01055	0.00777	0.00598	0.00219	0.00893	0.00500	0.00459	0.01061
2	0.01534	0.01171	0.01589	0.01476	0.01697	0.01370	0.01170	0.11149	0.01735	0.02452	0.02121	0.02978	0.01914	0.05123	0.53164	0.01106	0.06036	0.00858	0.00501	0.00857
3	0.02101	0.13141	0.08138	0.04088	0.44676	0.05480	0.05601	0.02590	0.01877	0.02552	0.01486	0.01902	0.01242	0.00743	0.00779	0.00237	0.01037	0.00687	0.00399	0.01242
4	0.01723	0.01477	0.01723	0.01230	0.01969	0.01107	0.00984	0.02092	0.01723	0.02707	0.01477	0.01723	0.01230	0.00615	0.00615	0.00123	0.00615	0.00492	0.00492	0.75883
5	0.01995	0.52771	0.10774	0.01468	0.02155	0.02743	0.01505	0.02359	0.01800	0.02246	0.11244	0.02145	0.02128	0.00875	0.00632	0.00200	0.00848	0.00629	0.00443	0.01040
6	0.36001	0.02155	0.14081	0.02091	0.13485	0.01770	0.01637	0.02569	0.01663	0.07506	0.01472	0.01694	0.01118	0.00770	0.00654	0.00242	0.00816	0.00564	0.00498	0.09214
7	0.69609	0.01623	0.01283	0.01149	0.01659	0.01883	0.00939	0.02629	0.07351	0.03703	0.01367	0.01515	0.01055	0.00805	0.00545	0.00259	0.00644	0.00496	0.00545	0.00939

[dist]
# distance from previous block
# <min> <max>
8	22

[block]
# block no. 6 follows, 22 sequences, length 9
# corresponding to MSA columns:
# 275-283
name=unknown_G
#
# <colnr> <probs for GDERKNQSTAVLIFYWHMCP>
#	G	D	E	R	K	N	Q	S	T	A	V	L	I	F	Y	W	H	M	C	P
0	0.12632	0.06778	0.02206	0.01656	0.02211	0.11054	0.03706	0.09013	0.09327	0.14597	0.02005	0.02085	0.01499	0.01098	0.03280	0.00275	0.04038	0.00674	0.00639	0.11225
1	0.11227	0.04647	0.02707	0.02033	0.02622	0.12004	0.16319	0.05000	0.01929	0.08207	0.01655	0.01980	0.01299	0.01205	0.05735	0.00313	0.05163	0.00695	0.00511	0.14748
2	0.42912	0.12948	0.02002	0.01309	0.01896	0.02058	0.01120	0.09600	0.01918	0.15045	0.01640	0.01691	0.01197	0.00834	0.00612	0.00243	0.00725	0.00553	0.00618	0.01079
3	0.45085	0.19567	0.02171	0.01285	0.01858	0.06335	0.01113	0.02682	0.01648	0.09894	0.01393	0.01514	0.01078	0.00789	0.00569	0.00234	0.00767	0.00495	0.00523	0.01002
4	0.08068	0.01708	0.02485	0.01887	0.02547	0.01639	0.12482	0.10355	0.06906	0.38964	0.02707	0.02548	0.01796	0.00955	0.00841	0.00262	0.00849	0.00834	0.00847	0.01319
5	0.02022	0.36969	0.20767	0.01668	0.02523	0.02484	0.01799	0.05293	0.01817	0.02431	0.01345	0.01550	0.01109	0.00728	0.00632	0.00194	0.00932	0.00514	0.00402	0.14820
6	0.01912	0.02579	0.15037	0.03315	0.04219	0.02073	0.52810	0.02656	0.01927	0.02656	0.01649	0.02161	0.01226	0.00715	0.00949	0.00277	0.01372	0.00920	0.00409	0.01138
7	0.01792	0.02102	0.13826	0.01679	0.02465	0.01502	0.05665	0.02656	0.13195	0.02831	0.01843	0.02017	0.01439	0.00747	0.00714	0.00189	0.00789	0.00630	0.00526	0.43393
8	0.15647	0.02091	0.04037	0.03260	0.11500	0.02042	0.43806	0.02607	0.01852	0.02863	0.01570	0.02055	0.01201	0.00718	0.00875	0.00272	0.01210	0.00853	0.00436	0.01104

[dist]
# distance from previous block
# <min> <max>
0	4

[block]
# block no. 7 follows, 22 sequences, length 37
# corresponding to MSA columns:
# 288-324
name=unknown_H
#
# <colnr> <probs for GDERKNQSTAVLIFYWHMCP>
#	G	D	E	R	K	N	Q	S	T	A	V	L	I	F	Y	W	H	M	C	P
0	0.10329	0.01818	0.01966	0.01521	0.02124	0.01851	0.01224	0.30504	0.02707	0.08575	0.01927	0.02247	0.01513	0.07550	0.01067	0.00271	0.00782	0.00701	0.00693	0.20631
1	0.70984	0.01662	0.01319	0.01156	0.01682	0.01919	0.00952	0.07116	0.01607	0.03844	0.01222	0.01399	0.00939	0.00789	0.00539	0.00256	0.00664	0.00473	0.00539	0.00939
2	0.02268	0.02065	0.03275	0.02623	0.08357	0.07954	0.26888	0.02764	0.01990	0.11704	0.01808	0.02103	0.01353	0.00743	0.00829	0.00227	0.01071	0.00770	0.00526	0.20682
3	0.01002	0.00825	0.00885	0.00928	0.01162	0.00707	0.00686	0.01208	0.01839	0.02232	0.07549	0.19383	0.51863	0.02203	0.01003	0.00295	0.00446	0.04313	0.00771	0.00699
4	0.03727	0.01414	0.01928	0.01478	0.02121	0.01221	0.01221	0.04049	0.02378	0.66198	0.03277	0.02828	0.02056	0.01028	0.00835	0.00257	0.00707	0.00835	0.01028	0.01414
5	0.69043	0.01586	0.01295	0.01133	0.01660	0.01796	0.00933	0.02610	0.01515	0.10261	0.01379	0.01504	0.01021	0.00798	0.00548	0.00257	0.00649	0.00490	0.00568	0.00953
6	0.00982	0.00842	0.00842	0.00842	0.01122	0.00701	0.00631	0.01192	0.01894	0.02244	0.08416	0.07995	0.65285	0.02104	0.00982	0.00281	0.00421	0.01753	0.00771	0.00701
7	0.01557	0.00937	0.01155	0.01067	0.01357	0.00825	0.00811	0.01853	0.02133	0.14207	0.29520	0.12309	0.25488	0.01797	0.00962	0.00274	0.00467	0.01547	0.00874	0.00860
8	0.06955	0.02290	0.02427	0.01869	0.02526	0.02539	0.01544	0.59732	0.03777	0.05158	0.01951	0.01961	0.01386	0.00986	0.00815	0.00250	0.00900	0.00733	0.00815	0.01386
9	0.13398	0.01535	0.01893	0.01472	0.02100	0.01448	0.01216	0.09984	0.02409	0.51489	0.02860	0.02543	0.01835	0.00991	0.00792	0.00256	0.00720	0.00775	0.00939	0.01345
10	0.01061	0.00845	0.00951	0.00924	0.01170	0.00735	0.00693	0.01345	0.02079	0.02685	0.31454	0.07269	0.41972	0.01939	0.00981	0.00273	0.00409	0.01651	0.00829	0.00735
11	0.70831	0.01548	0.01212	0.01089	0.01578	0.01780	0.00891	0.02374	0.01486	0.03697	0.06111	0.01725	0.01437	0.00843	0.00550	0.00257	0.00623	0.00531	0.00545	0.00891
12	0.01305	0.00884	0.01167	0.01106	0.01321	0.00818	0.00850	0.01693	0.02316	0.06102	0.57266	0.06319	0.07320	0.01718	0.00987	0.00271	0.00438	0.06402	0.00907	0.00811
13	0.03727	0.01414	0.01928	0.01478	0.02121	0.01221	0.01221	0.04049	0.02378	0.66198	0.03277	0.02828	0.02056	0.01028	0.00835	0.00257	0.00707	0.00835	0.01028	0.01414
14	0.01047	0.00756	0.00991	0.01119	0.01209	0.00700	0.00768	0.01248	0.01770	0.02392	0.18042	0.53566	0.08543	0.02383	0.01039	0.00318	0.00460	0.02147	0.00803	0.00700
15	0.01216	0.00816	0.01065	0.01110	0.01262	0.00748	0.00791	0.01472	0.01953	0.05921	0.28928	0.37427	0.09893	0.02130	0.01012	0.00299	0.00454	0.01903	0.00842	0.00758
16	0.76672	0.01607	0.01221	0.01092	0.01607	0.01864	0.00900	0.02442	0.01414	0.03727	0.01157	0.01350	0.00900	0.00771	0.00514	0.00257	0.00643	0.00450	0.00514	0.00900
17	0.03727	0.01414	0.01928	0.01478	0.02121	0.01221	0.01221	0.04049	0.02378	0.66198	0.03277	0.02828	0.02056	0.01028	0.00835	0.00257	0.00707	0.00835	0.01028	0.01414
18	0.09371	0.01429	0.01873	0.01448	0.02081	0.01271	0.01196	0.03924	0.02303	0.61364	0.03113	0.02713	0.01967	0.01008	0.00811	0.00257	0.00702	0.00806	0.00988	0.01374
19	0.06580	0.02207	0.02381	0.01832	0.02488	0.02414	0.01514	0.54463	0.03646	0.10994	0.02079	0.02045	0.01451	0.00990	0.00817	0.00250	0.00882	0.00743	0.00835	0.01389
20	0.17985	0.02182	0.02237	0.01746	0.02381	0.02433	0.01442	0.50668	0.03403	0.04931	0.01826	0.01864	0.01309	0.00952	0.00767	0.00251	0.00859	0.00688	0.00767	0.01309
21	0.01187	0.00890	0.01335	0.01335	0.01483	0.01038	0.01038	0.01483	0.01335	0.01928	0.02225	0.03264	0.02077	0.06231	0.67512	0.01335	0.02225	0.00890	0.00445	0.00742
22	0.01194	0.00808	0.00902	0.00902	0.00919	0.00799	0.00511	0.01207	0.01250	0.01649	0.02971	0.05592	0.06811	0.66622	0.04031	0.00773	0.00782	0.01241	0.00520	0.00515
23	0.03568	0.01449	0.01923	0.01498	0.02124	0.01302	0.01230	0.04084	0.08280	0.60201	0.03287	0.02854	0.02102	0.01038	0.00836	0.00259	0.00702	0.00845	0.01011	0.01404
24	0.01187	0.00890	0.01335	0.01335	0.01483	0.01038	0.01038	0.01483	0.01335	0.01928	0.02225	0.03264	0.02077	0.06231	0.67512	0.01335	0.02225	0.00890	0.00445	0.00742
25	0.01961	0.02241	0.04902	0.03501	0.04342	0.02101	0.62605	0.02661	0.01961	0.02661	0.01681	0.02241	0.01261	0.00700	0.00980	0.00280	0.01401	0.00980	0.00420	0.01120
26	0.02056	0.01974	0.03372	0.05099	0.65622	0.01974	0.02550	0.02550	0.01892	0.02714	0.01563	0.02056	0.01316	0.00740	0.00822	0.00247	0.00987	0.00740	0.00411	0.01316
27	0.02056	0.01974	0.03372	0.05099	0.65622	0.01974	0.02550	0.02550	0.01892	0.02714	0.01563	0.02056	0.01316	0.00740	0.00822	0.00247	0.00987	0.00740	0.00411	0.01316
28	0.02056	0.01974	0.03372	0.05099	0.65622	0.01974	0.02550	0.02550	0.01892	0.02714	0.01563	0.02056	0.01316	0.00740	0.00822	0.00247	0.00987	0.00740	0.00411	0.01316
29	0.01012	0.00723	0.00964	0.01157	0.01205	0.00675	0.00771	0.01157	0.01591	0.02121	0.04579	0.70262	0.05495	0.02603	0.01060	0.00337	0.00482	0.02362	0.00771	0.00675
30	0.01549	0.00774	0.00774	0.00774	0.00968	0.00774	0.00581	0.01936	0.01742	0.03097	0.02710	0.03097	0.02129	0.00968	0.00581	0.00194	0.00387	0.00774	0.75416	0.00774
31	0.01208	0.00805	0.00906	0.00906	0.00906	0.00805	0.00503	0.01208	0.01208	0.01611	0.02618	0.05436	0.03020	0.70804	0.04228	0.00805	0.00805	0.01208	0.00503	0.00503
32	0.02056	0.01974	0.03372	0.05099	0.65622	0.01974	0.02550	0.02550	0.01892	0.02714	0.01563	0.02056	0.01316	0.00740	0.00822	0.00247	0.00987	0.00740	0.00411	0.01316
33	0.01305	0.00858	0.01061	0.01096	0.01303	0.00768	0.00807	0.01537	0.01889	0.08480	0.14275	0.31474	0.24194	0.02148	0.01008	0.00304	0.00489	0.05414	0.00816	0.00775
34	0.02018	0.02245	0.04786	0.03425	0.04257	0.02124	0.59666	0.05560	0.02054	0.02785	0.01696	0.02229	0.01268	0.00715	0.00973	0.00279	0.01377	0.00969	0.00440	0.01135
35	0.76672	0.01607	0.01221	0.01092	0.01607	0.01864	0.00900	0.02442	0.01414	0.03727	0.01157	0.01350	0.00900	0.00771	0.00514	0.00257	0.00643	0.00450	0.00514	0.00900
36	0.69699	0.01588	0.01289	0.01129	0.01656	0.01802	0.00930	0.02596	0.01506	0.09699	0.01359	0.01491	0.01010	0.00796	0.00545	0.00257	0.00649	0.00487	0.00563	0.00949

[dist]
# distance from previous block
# <min> <max>
0	1

[block]
# block no. 8 follows, 22 sequences, length 7
# corresponding to MSA columns:
# 326-332
name=unknown_I
#
# <colnr> <probs for GDERKNQSTAVLIFYWHMCP>
#	G	D	E	R	K	N	Q	S	T	A	V	L	I	F	Y	W	H	M	C	P
0	0.01988	0.38679	0.03124	0.01332	0.02056	0.02269	0.01217	0.02303	0.01704	0.02306	0.01305	0.01515	0.01143	0.00666	0.00571	0.00152	0.00761	0.00467	0.00419	0.36022
1	0.01696	0.02794	0.31988	0.01762	0.02729	0.01491	0.01959	0.02344	0.01737	0.02671	0.01483	0.01737	0.01147	0.00697	0.00697	0.00188	0.00901	0.00549	0.00426	0.41002
2	0.02075	0.03222	0.36594	0.14291	0.03690	0.02099	0.02505	0.19750	0.02352	0.03283	0.01632	0.01906	0.01165	0.00856	0.00809	0.00262	0.01116	0.00675	0.00491	0.01225
3	0.39781	0.01888	0.01857	0.07661	0.02381	0.02153	0.01306	0.27047	0.02453	0.04195	0.01528	0.01692	0.01128	0.00869	0.00672	0.00256	0.00796	0.00598	0.00630	0.01111
4	0.41741	0.01795	0.01556	0.01390	0.01752	0.09906	0.01115	0.02320	0.01678	0.03166	0.12778	0.02325	0.02211	0.01060	0.00986	0.00270	0.11816	0.00696	0.00552	0.00888
5	0.02145	0.02239	0.02967	0.14603	0.38518	0.13890	0.02270	0.02568	0.01880	0.02428	0.01454	0.01958	0.01216	0.00843	0.00989	0.00257	0.07522	0.00701	0.00403	0.01150
6	0.12264	0.14915	0.05840	0.01847	0.05222	0.05354	0.04317	0.05055	0.24558	0.03040	0.05704	0.02399	0.01997	0.00971	0.00806	0.00253	0.02949	0.00756	0.00611	0.01142

[dist]
# distance from previous block
# <min> <max>
0	2

[block]
# block no. 9 follows, 22 sequences, length 17
# corresponding to MSA columns:
# 335-351
name=unknown_J
#
# <colnr> <probs for GDERKNQSTAVLIFYWHMCP>
#	G	D	E	R	K	N	Q	S	T	A	V	L	I	F	Y	W	H	M	C	P
0	0.02042	0.01893	0.03209	0.09666	0.03311	0.02079	0.23141	0.09951	0.01963	0.05435	0.01648	0.02173	0.01311	0.01342	0.06080	0.00363	0.18190	0.00824	0.00484	0.04895
1	0.61789	0.01651	0.01532	0.01296	0.01842	0.01844	0.04825	0.02573	0.05922	0.03576	0.01369	0.01554	0.01060	0.00782	0.00574	0.00252	0.00690	0.00521	0.00530	0.05820
2	0.14204	0.01860	0.01726	0.01538	0.02003	0.09118	0.01202	0.03598	0.34407	0.09254	0.05348	0.03090	0.06941	0.01123	0.00795	0.00267	0.00727	0.00886	0.00760	0.01154
3	0.01948	0.02157	0.04062	0.05873	0.03746	0.04653	0.41201	0.02482	0.01775	0.02434	0.01496	0.02097	0.01201	0.00917	0.01441	0.00300	0.19880	0.00884	0.00403	0.01048
4	0.03118	0.02289	0.02383	0.01842	0.02495	0.06394	0.01509	0.49788	0.03528	0.10609	0.02038	0.02025	0.01440	0.00967	0.00813	0.00240	0.00912	0.00727	0.00803	0.06080
5	0.02045	0.38739	0.30364	0.01866	0.02776	0.06890	0.02127	0.02602	0.01759	0.02244	0.01305	0.01521	0.01061	0.00753	0.00655	0.00216	0.01071	0.00521	0.00358	0.01127
6	0.01975	0.01788	0.01847	0.01375	0.02077	0.07696	0.01094	0.07200	0.01963	0.02849	0.01500	0.01723	0.01230	0.00670	0.00646	0.00142	0.00726	0.00517	0.00514	0.62467
7	0.02055	0.02382	0.04693	0.03390	0.04196	0.07468	0.57597	0.02715	0.01993	0.02610	0.01648	0.02180	0.01245	0.00713	0.00961	0.00275	0.01409	0.00944	0.00421	0.01108
8	0.01165	0.00849	0.01096	0.01034	0.01235	0.00779	0.00776	0.01548	0.02327	0.03273	0.62152	0.06301	0.10906	0.01720	0.00980	0.00262	0.00393	0.01516	0.00907	0.00779
9	0.01133	0.00799	0.01047	0.01161	0.01229	0.00796	0.00809	0.01290	0.01496	0.02005	0.03710	0.35398	0.04274	0.21897	0.10461	0.00601	0.00834	0.09757	0.00654	0.00648
10	0.03158	0.02327	0.02493	0.01911	0.02576	0.02576	0.01579	0.62852	0.03906	0.05236	0.01995	0.01995	0.01413	0.00997	0.00831	0.00249	0.00914	0.00748	0.00831	0.01413
11	0.02878	0.08658	0.02430	0.02017	0.02473	0.52618	0.01547	0.03424	0.11800	0.02249	0.01597	0.01732	0.01295	0.00887	0.00748	0.00222	0.01323	0.00590	0.00487	0.01025
12	0.01012	0.00723	0.00964	0.01157	0.01205	0.00675	0.00771	0.01157	0.01591	0.02121	0.04579	0.70262	0.05495	0.02603	0.01060	0.00337	0.00482	0.02362	0.00771	0.00675
13	0.01009	0.00737	0.00949	0.01119	0.01195	0.00678	0.00755	0.01161	0.01626	0.02135	0.05032	0.62902	0.12562	0.02544	0.01051	0.00331	0.00475	0.02290	0.00771	0.00678
14	0.01826	0.01767	0.03128	0.39818	0.17809	0.01958	0.13643	0.05421	0.01880	0.02507	0.01559	0.02175	0.01195	0.00796	0.00857	0.00270	0.01127	0.00785	0.00411	0.01067
15	0.02397	0.01967	0.02101	0.01899	0.06158	0.04333	0.01421	0.26934	0.26596	0.03920	0.03276	0.03154	0.09791	0.01164	0.00852	0.00264	0.00779	0.00939	0.00789	0.01265
16	0.03079	0.07741	0.02610	0.01911	0.02542	0.12949	0.01571	0.48874	0.03493	0.04481	0.01819	0.01866	0.01332	0.00953	0.00796	0.00238	0.01005	0.00691	0.00731	0.01315

[dist]
# distance from previous block
# <min> <max>
0	2

# created by:
# /st0/software/busco_prod/Augustus/scripts/msa2prfl.pl ./align_prep/131401.fa
