[name]
unknown

[dist]
# distance from previous block
# <min> <max>
0	21

[block]
# block no. 0 follows, 26 sequences, length 7
# corresponding to MSA columns:
# 21-27
name=unknown_A
#
# <colnr> <probs for GDERKNQSTAVLIFYWHMCP>
#	G	D	E	R	K	N	Q	S	T	A	V	L	I	F	Y	W	H	M	C	P
0	0.01222	0.00873	0.01222	0.01397	0.01572	0.00873	0.01222	0.01572	0.01746	0.02270	0.04016	0.08556	0.04365	0.02095	0.01048	0.00349	0.00698	0.63506	0.00698	0.00698
1	0.03403	0.01291	0.01760	0.01350	0.01936	0.01115	0.01115	0.03697	0.02171	0.69137	0.02992	0.02582	0.01878	0.00939	0.00763	0.00235	0.00645	0.00763	0.00939	0.01291
2	0.02700	0.01815	0.02011	0.01608	0.02159	0.01971	0.01307	0.35707	0.21659	0.17182	0.02421	0.02264	0.01703	0.00950	0.00763	0.00238	0.00729	0.00749	0.00799	0.01264
3	0.01749	0.01559	0.02429	0.47630	0.16874	0.01814	0.02043	0.12233	0.01883	0.02494	0.01439	0.01963	0.01092	0.00767	0.00757	0.00244	0.00962	0.00676	0.00412	0.00982
4	0.02740	0.01149	0.01518	0.01212	0.01700	0.00994	0.00984	0.03025	0.02098	0.50968	0.11119	0.03682	0.13059	0.01165	0.00799	0.00239	0.00571	0.00965	0.00890	0.01122
5	0.01573	0.01348	0.01573	0.01123	0.01798	0.01011	0.00899	0.01910	0.01573	0.02472	0.01348	0.01573	0.01123	0.00562	0.00562	0.00112	0.00562	0.00449	0.00449	0.77980
6	0.02128	0.01127	0.01444	0.01176	0.01612	0.00998	0.00935	0.02575	0.06373	0.29091	0.27463	0.03607	0.03788	0.01117	0.00781	0.00218	0.00520	0.00950	0.00810	0.13287

[dist]
# distance from previous block
# <min> <max>
0	3

[block]
# block no. 1 follows, 26 sequences, length 102
# corresponding to MSA columns:
# 31-132
name=unknown_B
#
# <colnr> <probs for GDERKNQSTAVLIFYWHMCP>
#	G	D	E	R	K	N	Q	S	T	A	V	L	I	F	Y	W	H	M	C	P
0	0.04948	0.01784	0.01898	0.01587	0.02089	0.02007	0.01270	0.26188	0.38791	0.07181	0.02559	0.02401	0.01874	0.00971	0.00756	0.00245	0.00686	0.00775	0.00765	0.01224
1	0.61115	0.01513	0.01298	0.01113	0.01593	0.01712	0.00914	0.10749	0.01679	0.06982	0.04379	0.01586	0.01233	0.00783	0.00543	0.00234	0.00612	0.00510	0.00549	0.00903
2	0.01475	0.01392	0.02353	0.65064	0.11344	0.01697	0.02128	0.01976	0.01537	0.01990	0.01356	0.02008	0.01030	0.00750	0.00758	0.00250	0.01001	0.00674	0.00341	0.00877
3	0.01068	0.00702	0.00912	0.01033	0.01095	0.00659	0.00684	0.01186	0.01429	0.04984	0.03836	0.58609	0.04506	0.13782	0.01426	0.00374	0.00497	0.01921	0.00675	0.00622
4	0.05038	0.00757	0.00979	0.01127	0.01230	0.00737	0.00831	0.01255	0.01547	0.02145	0.07149	0.50853	0.04753	0.02183	0.00957	0.00310	0.00504	0.16295	0.00697	0.00651
5	0.01222	0.04501	0.01276	0.01179	0.01343	0.01030	0.00886	0.03640	0.07549	0.02326	0.15055	0.34139	0.04368	0.04723	0.05255	0.00356	0.03210	0.06528	0.00676	0.00738
6	0.50507	0.05952	0.04997	0.03751	0.01795	0.01754	0.01060	0.09444	0.01679	0.03320	0.08144	0.01807	0.01556	0.00815	0.00571	0.00231	0.00648	0.00559	0.00519	0.00889
7	0.01079	0.00733	0.00860	0.00871	0.00901	0.00719	0.00523	0.01145	0.01291	0.01746	0.11979	0.12570	0.03635	0.55253	0.03118	0.00617	0.00649	0.01258	0.00540	0.00513
8	0.01561	0.01436	0.02364	0.55708	0.08561	0.01727	0.04750	0.05459	0.01642	0.02174	0.01414	0.02019	0.01076	0.00782	0.00819	0.00250	0.03574	0.00685	0.03106	0.00891
9	0.01877	0.01802	0.03079	0.04656	0.68612	0.01802	0.02328	0.02328	0.01727	0.02478	0.01427	0.01877	0.01201	0.00676	0.00751	0.00225	0.00901	0.00676	0.00375	0.01201
10	0.01318	0.00659	0.00988	0.00988	0.00988	0.00659	0.00659	0.00988	0.00988	0.01318	0.01318	0.02306	0.01318	0.02635	0.02964	0.77931	0.00659	0.00659	0.00329	0.00329
11	0.01085	0.00808	0.01198	0.01198	0.01326	0.00937	0.00922	0.01341	0.01213	0.01745	0.02051	0.03088	0.01943	0.09366	0.66724	0.01193	0.01961	0.00828	0.00409	0.00665
12	0.01084	0.00813	0.01219	0.01219	0.01354	0.00948	0.00948	0.01354	0.01219	0.01761	0.02032	0.02980	0.01896	0.05689	0.70337	0.01219	0.02032	0.00813	0.00406	0.00677
13	0.05759	0.03479	0.02114	0.01910	0.02311	0.65241	0.01440	0.05237	0.02167	0.02020	0.01191	0.01379	0.00982	0.00783	0.00678	0.00198	0.01319	0.00492	0.00407	0.00892
14	0.02055	0.00971	0.01331	0.01249	0.01547	0.00884	0.00987	0.02274	0.01790	0.30224	0.03473	0.25088	0.03333	0.01727	0.01019	0.04963	0.00596	0.14809	0.00779	0.00900
15	0.02148	0.01000	0.01158	0.00988	0.01326	0.00963	0.00784	0.07432	0.01927	0.23578	0.02584	0.02672	0.01872	0.00903	0.00620	0.00199	0.00482	0.00722	0.47708	0.00934
16	0.78701	0.01467	0.01115	0.00997	0.01467	0.01702	0.00821	0.02230	0.01291	0.03403	0.01056	0.01232	0.00821	0.00704	0.00469	0.00235	0.00587	0.00411	0.00469	0.00821
17	0.01103	0.00735	0.00827	0.00827	0.00827	0.00735	0.00460	0.01103	0.01103	0.01471	0.02390	0.04964	0.02758	0.73343	0.03861	0.00735	0.00735	0.01103	0.00460	0.00460
18	0.02833	0.03615	0.02149	0.01954	0.02345	0.70298	0.01466	0.03029	0.02149	0.01856	0.01172	0.01368	0.00977	0.00782	0.00684	0.00195	0.01368	0.00489	0.00391	0.00879
19	0.01877	0.01802	0.03079	0.04656	0.68612	0.01802	0.02328	0.02328	0.01727	0.02478	0.01427	0.01877	0.01201	0.00676	0.00751	0.00225	0.00901	0.00676	0.00375	0.01201
20	0.00945	0.00702	0.00875	0.00997	0.01099	0.00643	0.00694	0.01105	0.01542	0.02001	0.07138	0.49929	0.19270	0.04768	0.01057	0.00311	0.00449	0.05150	0.00700	0.00624
21	0.78701	0.01467	0.01115	0.00997	0.01467	0.01702	0.00821	0.02230	0.01291	0.03403	0.01056	0.01232	0.00821	0.00704	0.00469	0.00235	0.00587	0.00411	0.00469	0.00821
22	0.00924	0.00660	0.00880	0.01056	0.01100	0.00616	0.00704	0.01056	0.01452	0.01936	0.04181	0.72848	0.05017	0.02376	0.00968	0.00308	0.00440	0.02156	0.00704	0.00616
23	0.01216	0.00869	0.01213	0.01378	0.01553	0.00866	0.01201	0.01565	0.01763	0.02303	0.06774	0.08432	0.04485	0.02072	0.01041	0.00344	0.00684	0.60837	0.00704	0.00699
24	0.01464	0.01379	0.02279	0.57933	0.08571	0.01716	0.02026	0.01924	0.01483	0.01952	0.01353	0.02025	0.01062	0.01034	0.04148	0.00303	0.07471	0.00680	0.00342	0.00855
25	0.01971	0.69402	0.03809	0.01293	0.01911	0.02878	0.01277	0.02216	0.01522	0.01783	0.01113	0.01323	0.01029	0.00953	0.04695	0.00226	0.00885	0.00430	0.00329	0.00956
26	0.02028	0.73799	0.03975	0.01298	0.01947	0.03001	0.01298	0.02271	0.01541	0.01785	0.01055	0.01217	0.00973	0.00649	0.00487	0.00162	0.00811	0.00406	0.00324	0.00973
27	0.01793	0.01531	0.01635	0.01476	0.01876	0.01752	0.01145	0.03733	0.59781	0.03158	0.10551	0.03155	0.02870	0.01089	0.00786	0.00255	0.00573	0.00916	0.00779	0.01145
28	0.00931	0.00735	0.00853	0.00907	0.01078	0.00657	0.00653	0.01121	0.01639	0.02074	0.11044	0.28804	0.38241	0.02270	0.05104	0.00330	0.00500	0.01720	0.00697	0.00641
29	0.01441	0.04907	0.01704	0.01478	0.01629	0.08378	0.01181	0.01672	0.01323	0.01793	0.01723	0.04892	0.01651	0.03773	0.40998	0.00817	0.18728	0.00772	0.00393	0.00747
30	0.01521	0.03923	0.69413	0.02162	0.03283	0.01762	0.02802	0.02402	0.01601	0.02402	0.01361	0.01601	0.00961	0.00721	0.00721	0.00240	0.01121	0.00560	0.00320	0.01121
31	0.05883	0.64965	0.03697	0.01332	0.01953	0.07975	0.01287	0.02326	0.01574	0.01870	0.01063	0.01229	0.00966	0.00662	0.00501	0.00168	0.00842	0.00412	0.00337	0.00959
32	0.08079	0.04206	0.08396	0.05356	0.02292	0.03959	0.01410	0.16645	0.12539	0.18945	0.02148	0.04003	0.01577	0.00923	0.00783	0.00236	0.03198	0.00713	0.00664	0.03927
33	0.02028	0.73799	0.03975	0.01298	0.01947	0.03001	0.01298	0.02271	0.01541	0.01785	0.01055	0.01217	0.00973	0.00649	0.00487	0.00162	0.00811	0.00406	0.00324	0.00973
34	0.01074	0.00775	0.01014	0.00954	0.01133	0.00716	0.00716	0.01431	0.02147	0.03042	0.68211	0.05666	0.07157	0.01551	0.00895	0.00239	0.00358	0.01372	0.00835	0.00716
35	0.01900	0.01940	0.06562	0.04314	0.58690	0.01831	0.05765	0.05239	0.01808	0.02576	0.01447	0.01870	0.01190	0.00687	0.00758	0.00228	0.00930	0.00682	0.00390	0.01192
36	0.01521	0.03923	0.69413	0.02162	0.03283	0.01762	0.02802	0.02402	0.01601	0.02402	0.01361	0.01601	0.00961	0.00721	0.00721	0.00240	0.01121	0.00560	0.00320	0.01121
37	0.03403	0.01291	0.01760	0.01350	0.01936	0.01115	0.01115	0.03697	0.02171	0.69137	0.02992	0.02582	0.01878	0.00939	0.00763	0.00235	0.00645	0.00763	0.00939	0.01291
38	0.00954	0.00713	0.00887	0.00965	0.01091	0.00646	0.00677	0.01155	0.01686	0.02232	0.20592	0.41260	0.20236	0.02069	0.00934	0.00279	0.00407	0.01836	0.00736	0.00646
39	0.01497	0.01417	0.02380	0.60575	0.13236	0.01722	0.02120	0.01984	0.01532	0.02003	0.01346	0.01991	0.01035	0.00767	0.00817	0.00252	0.03422	0.00674	0.00342	0.00888
40	0.01432	0.01348	0.02275	0.71520	0.05224	0.01685	0.02107	0.01938	0.01517	0.01938	0.01348	0.02022	0.01011	0.00758	0.00758	0.00253	0.01011	0.00674	0.00337	0.00843
41	0.00923	0.00665	0.00875	0.01043	0.01097	0.00617	0.00698	0.01058	0.01465	0.01941	0.04340	0.69865	0.07897	0.02356	0.00965	0.00306	0.00438	0.02131	0.00704	0.00617
42	0.01573	0.01348	0.01573	0.01123	0.01798	0.01011	0.00899	0.01910	0.01573	0.02472	0.01348	0.01573	0.01123	0.00562	0.00562	0.00112	0.00562	0.00449	0.00449	0.77980
43	0.01521	0.03923	0.69413	0.02162	0.03283	0.01762	0.02802	0.02402	0.01601	0.02402	0.01361	0.01601	0.00961	0.00721	0.00721	0.00240	0.01121	0.00560	0.00320	0.01121
44	0.02260	0.08384	0.02577	0.09338	0.09830	0.34192	0.08172	0.02667	0.04928	0.02100	0.01350	0.01633	0.01097	0.00735	0.00698	0.00204	0.01121	0.00576	0.00400	0.07737
45	0.01331	0.00948	0.01411	0.01237	0.01476	0.00902	0.06481	0.01671	0.01986	0.08263	0.45772	0.13984	0.05669	0.01523	0.00955	0.00253	0.03232	0.01358	0.00767	0.00781
46	0.03451	0.00853	0.01228	0.01203	0.01366	0.00970	0.00933	0.01491	0.01266	0.05294	0.02068	0.02992	0.01900	0.08136	0.61915	0.01119	0.01864	0.00811	0.00438	0.00704
47	0.02836	0.03538	0.02156	0.01943	0.02345	0.66771	0.01464	0.06302	0.02223	0.02008	0.01206	0.01391	0.00993	0.00788	0.00688	0.00197	0.01340	0.00499	0.00410	0.00901
48	0.01975	0.66543	0.10770	0.01388	0.02086	0.02873	0.01454	0.02285	0.01547	0.01849	0.01086	0.01257	0.00972	0.00656	0.00511	0.00170	0.00843	0.00422	0.00324	0.00989
49	0.01432	0.01348	0.02275	0.71520	0.05224	0.01685	0.02107	0.01938	0.01517	0.01938	0.01348	0.02022	0.01011	0.00758	0.00758	0.00253	0.01011	0.00674	0.00337	0.00843
50	0.01180	0.00886	0.01131	0.01191	0.01394	0.00872	0.00976	0.01649	0.07255	0.02503	0.21320	0.09845	0.13869	0.01852	0.00960	0.00298	0.00546	0.30799	0.00741	0.00733
51	0.01103	0.00735	0.00827	0.00827	0.00827	0.00735	0.00460	0.01103	0.01103	0.01471	0.02390	0.04964	0.02758	0.73343	0.03861	0.00735	0.00735	0.01103	0.00460	0.00460
52	0.01432	0.01348	0.02275	0.71520	0.05224	0.01685	0.02107	0.01938	0.01517	0.01938	0.01348	0.02022	0.01011	0.00758	0.00758	0.00253	0.01011	0.00674	0.00337	0.00843
53	0.00924	0.00744	0.00824	0.00857	0.01055	0.00644	0.00623	0.01122	0.01716	0.02143	0.14175	0.22203	0.46352	0.01981	0.00913	0.00266	0.00394	0.01701	0.00720	0.00644
54	0.01874	0.01812	0.03137	0.04595	0.65900	0.01807	0.04993	0.02332	0.01730	0.02476	0.01431	0.01884	0.01199	0.00674	0.00757	0.00227	0.00917	0.00685	0.00376	0.01194
55	0.01432	0.01348	0.02275	0.71520	0.05224	0.01685	0.02107	0.01938	0.01517	0.01938	0.01348	0.02022	0.01011	0.00758	0.00758	0.00253	0.01011	0.00674	0.00337	0.00843
56	0.03381	0.01326	0.01782	0.01366	0.01954	0.01167	0.01129	0.06313	0.02230	0.66438	0.02943	0.02550	0.01853	0.00938	0.00763	0.00234	0.00653	0.00759	0.00931	0.01291
57	0.00963	0.00697	0.00920	0.01084	0.01160	0.00653	0.00767	0.01129	0.01512	0.01990	0.04397	0.59504	0.09247	0.02306	0.00974	0.00310	0.00472	0.10583	0.00703	0.00629
58	0.02006	0.69453	0.03875	0.01340	0.01949	0.02960	0.01320	0.02244	0.01518	0.01787	0.01051	0.01243	0.00975	0.00690	0.00607	0.00172	0.05098	0.00421	0.00325	0.00965
59	0.00924	0.00660	0.00880	0.01056	0.01100	0.00616	0.00704	0.01056	0.01452	0.01936	0.04181	0.72848	0.05017	0.02376	0.00968	0.00308	0.00440	0.02156	0.00704	0.00616
60	0.02809	0.02087	0.02234	0.01730	0.02324	0.02317	0.01424	0.61423	0.08348	0.04660	0.01916	0.01897	0.01367	0.00919	0.00760	0.00230	0.00817	0.00696	0.00760	0.01283
61	0.01222	0.00873	0.01222	0.01397	0.01572	0.00873	0.01222	0.01572	0.01746	0.02270	0.04016	0.08556	0.04365	0.02095	0.01048	0.00349	0.00698	0.63506	0.00698	0.00698
62	0.01877	0.01802	0.03079	0.04656	0.68612	0.01802	0.02328	0.02328	0.01727	0.02478	0.01427	0.01877	0.01201	0.00676	0.00751	0.00225	0.00901	0.00676	0.00375	0.01201
63	0.01724	0.01866	0.03590	0.02702	0.03173	0.02027	0.40581	0.02183	0.01563	0.02207	0.01428	0.02135	0.01208	0.00937	0.01472	0.00286	0.26597	0.03002	0.00376	0.00942
64	0.01829	0.01964	0.04159	0.07196	0.03905	0.01875	0.57670	0.02496	0.03864	0.04787	0.01624	0.02088	0.01205	0.00670	0.00878	0.00255	0.01219	0.00876	0.00413	0.01027
65	0.00942	0.00767	0.00833	0.00824	0.01054	0.00659	0.00615	0.01174	0.01825	0.02295	0.22773	0.08910	0.51000	0.01842	0.00898	0.00253	0.00379	0.01560	0.00737	0.00659
66	0.00924	0.00660	0.00880	0.01056	0.01100	0.00616	0.00704	0.01056	0.01452	0.01936	0.04181	0.72848	0.05017	0.02376	0.00968	0.00308	0.00440	0.02156	0.00704	0.00616
67	0.01573	0.01348	0.01573	0.01123	0.01798	0.01011	0.00899	0.01910	0.01573	0.02472	0.01348	0.01573	0.01123	0.00562	0.00562	0.00112	0.00562	0.00449	0.00449	0.77980
68	0.01861	0.01786	0.03049	0.07116	0.66280	0.01798	0.02320	0.02314	0.01719	0.02458	0.01424	0.01883	0.01194	0.00679	0.00751	0.00226	0.00905	0.00676	0.00374	0.01188
69	0.01957	0.34281	0.28054	0.01722	0.02507	0.10272	0.01880	0.04707	0.04239	0.02182	0.01288	0.01461	0.01032	0.00715	0.00617	0.00201	0.00984	0.00500	0.00363	0.01037
70	0.01770	0.02147	0.08319	0.03096	0.03859	0.01922	0.59985	0.02409	0.01759	0.02409	0.01507	0.02007	0.01134	0.00666	0.00936	0.00257	0.03551	0.00868	0.00378	0.01023
71	0.01318	0.00659	0.00988	0.00988	0.00988	0.00659	0.00659	0.00988	0.00988	0.01318	0.01318	0.02306	0.01318	0.02635	0.02964	0.77931	0.00659	0.00659	0.00329	0.00329
72	0.01833	0.01583	0.01664	0.01501	0.01921	0.01819	0.01167	0.03871	0.63680	0.03112	0.03337	0.03073	0.05902	0.01078	0.00779	0.00257	0.00589	0.00898	0.00768	0.01170
73	0.01874	0.01811	0.03128	0.04604	0.66321	0.01806	0.04579	0.02331	0.01729	0.02476	0.01431	0.01883	0.01200	0.00675	0.00756	0.00226	0.00914	0.00684	0.00376	0.01195
74	0.01088	0.00794	0.01125	0.01125	0.01228	0.00897	0.00831	0.01294	0.01191	0.01691	0.02117	0.03455	0.02102	0.21878	0.54429	0.01103	0.01721	0.00882	0.00419	0.00625
75	0.01541	0.06616	0.66891	0.02129	0.03231	0.01809	0.02744	0.02397	0.01599	0.02378	0.01349	0.01587	0.00961	0.00718	0.00712	0.00237	0.01109	0.00555	0.00320	0.01115
76	0.01535	0.03831	0.66199	0.02213	0.03317	0.01769	0.05923	0.02403	0.01611	0.02403	0.01370	0.01623	0.00970	0.00717	0.00729	0.00241	0.01129	0.00577	0.00323	0.01116
77	0.01994	0.69110	0.08366	0.01356	0.02036	0.02918	0.01399	0.02280	0.01545	0.01826	0.01075	0.01243	0.00973	0.00654	0.00502	0.00167	0.00832	0.00416	0.00324	0.00983
78	0.01236	0.01020	0.03342	0.01184	0.03468	0.02926	0.00902	0.01568	0.01941	0.04689	0.41296	0.05446	0.11996	0.05092	0.04631	0.00323	0.00578	0.06892	0.00728	0.00744
79	0.01689	0.01663	0.02205	0.22233	0.06273	0.08202	0.04536	0.03968	0.01556	0.02101	0.01342	0.01889	0.01133	0.01353	0.08059	0.00340	0.18113	0.00645	0.00381	0.12318
80	0.01084	0.00813	0.01219	0.01219	0.01354	0.00948	0.00948	0.01354	0.01219	0.01761	0.02032	0.02980	0.01896	0.05689	0.70337	0.01219	0.02032	0.00813	0.00406	0.00677
81	0.00924	0.00660	0.00880	0.01056	0.01100	0.00616	0.00704	0.01056	0.01452	0.01936	0.04181	0.72848	0.05017	0.02376	0.00968	0.00308	0.00440	0.02156	0.00704	0.00616
82	0.01786	0.04988	0.28126	0.05719	0.09522	0.01834	0.01992	0.10207	0.17433	0.02812	0.02138	0.02389	0.03919	0.00899	0.00751	0.00243	0.00884	0.02728	0.00512	0.01117
83	0.01573	0.01348	0.01573	0.01123	0.01798	0.01011	0.00899	0.01910	0.01573	0.02472	0.01348	0.01573	0.01123	0.00562	0.00562	0.00112	0.00562	0.00449	0.00449	0.77980
84	0.01084	0.00813	0.01219	0.01219	0.01354	0.00948	0.00948	0.01354	0.01219	0.01761	0.02032	0.02980	0.01896	0.05689	0.70337	0.01219	0.02032	0.00813	0.00406	0.00677
85	0.00931	0.00665	0.00886	0.01051	0.01102	0.00621	0.00705	0.01074	0.01485	0.01988	0.07156	0.69726	0.05116	0.02338	0.00965	0.00305	0.00436	0.02120	0.00710	0.00621
86	0.01805	0.15381	0.26470	0.02886	0.25544	0.04118	0.05377	0.02450	0.04711	0.02339	0.01412	0.01700	0.01119	0.00705	0.00699	0.00221	0.00981	0.00601	0.00366	0.01114
87	0.01521	0.03923	0.69413	0.02162	0.03283	0.01762	0.02802	0.02402	0.01601	0.02402	0.01361	0.01601	0.00961	0.00721	0.00721	0.00240	0.01121	0.00560	0.00320	0.01121
88	0.01074	0.00775	0.01014	0.00954	0.01133	0.00716	0.00716	0.01431	0.02147	0.03042	0.68211	0.05666	0.07157	0.01551	0.00895	0.00239	0.00358	0.01372	0.00835	0.00716
89	0.00962	0.00774	0.00859	0.00847	0.01077	0.00672	0.00642	0.01210	0.01856	0.02358	0.25919	0.06849	0.47462	0.01815	0.00901	0.00254	0.00387	0.03746	0.00744	0.00665
90	0.01504	0.01387	0.02319	0.63186	0.04901	0.01687	0.04926	0.04428	0.01611	0.02102	0.01415	0.02044	0.01062	0.00763	0.00756	0.00249	0.00993	0.00686	0.03117	0.00863
91	0.01521	0.03923	0.69413	0.02162	0.03283	0.01762	0.02802	0.02402	0.01601	0.02402	0.01361	0.01601	0.00961	0.00721	0.00721	0.00240	0.01121	0.00560	0.00320	0.01121
92	0.01432	0.01348	0.02275	0.71520	0.05224	0.01685	0.02107	0.01938	0.01517	0.01938	0.01348	0.02022	0.01011	0.00758	0.00758	0.00253	0.01011	0.00674	0.00337	0.00843
93	0.01859	0.01896	0.05933	0.04379	0.60893	0.01808	0.04758	0.02397	0.04102	0.02498	0.01488	0.01907	0.01230	0.00689	0.00756	0.00228	0.00914	0.00686	0.00388	0.01191
94	0.01521	0.03923	0.69413	0.02162	0.03283	0.01762	0.02802	0.02402	0.01601	0.02402	0.01361	0.01601	0.00961	0.00721	0.00721	0.00240	0.01121	0.00560	0.00320	0.01121
95	0.01597	0.01485	0.02486	0.31398	0.33682	0.01618	0.02053	0.02057	0.01671	0.02282	0.06094	0.02647	0.01743	0.00865	0.00784	0.00246	0.00895	0.04996	0.00413	0.00988
96	0.01533	0.03843	0.66623	0.02206	0.03312	0.01768	0.05512	0.02403	0.01610	0.02403	0.01369	0.01621	0.00969	0.00717	0.00728	0.00241	0.01128	0.00575	0.00323	0.01117
97	0.01549	0.07722	0.65856	0.02115	0.03210	0.01829	0.02721	0.02395	0.01598	0.02369	0.01345	0.01580	0.00962	0.00717	0.00708	0.00236	0.01104	0.00552	0.00321	0.01113
98	0.01318	0.00659	0.00988	0.00988	0.00988	0.00659	0.00659	0.00988	0.00988	0.01318	0.01318	0.02306	0.01318	0.02635	0.02964	0.77931	0.00659	0.00659	0.00329	0.00329
99	0.01700	0.04883	0.02134	0.01746	0.02129	0.01371	0.14040	0.08660	0.03934	0.07063	0.02971	0.07777	0.02946	0.05208	0.01075	0.00317	0.00819	0.29719	0.00630	0.00878
100	0.01877	0.01802	0.03079	0.04656	0.68612	0.01802	0.02328	0.02328	0.01727	0.02478	0.01427	0.01877	0.01201	0.00676	0.00751	0.00225	0.00901	0.00676	0.00375	0.01201
101	0.01921	0.01885	0.03036	0.04533	0.65596	0.04920	0.02289	0.02360	0.01746	0.02450	0.01415	0.01854	0.01191	0.00681	0.00748	0.00224	0.00922	0.00667	0.00376	0.01187

[dist]
# distance from previous block
# <min> <max>
0	0

# created by:
# /st0/software/busco_prod/Augustus/scripts/msa2prfl.pl ./align_prep/131577.fa
