[name]
unknown

[dist]
# distance from previous block
# <min> <max>
0	41

[block]
# block no. 0 follows, 26 sequences, length 43
# corresponding to MSA columns:
# 41-83
name=unknown_A
#
# <colnr> <probs for GDERKNQSTAVLIFYWHMCP>
#	G	D	E	R	K	N	Q	S	T	A	V	L	I	F	Y	W	H	M	C	P
0	0.01257	0.00843	0.01129	0.01272	0.01447	0.00843	0.01097	0.01607	0.01718	0.02371	0.03738	0.07522	0.03928	0.01877	0.00954	0.00318	0.00636	0.52171	0.14571	0.00700
1	0.03049	0.01441	0.02248	0.01691	0.02304	0.01292	0.12804	0.03482	0.04827	0.54334	0.02733	0.02495	0.01765	0.00889	0.00787	0.00239	0.00758	0.00791	0.00832	0.01239
2	0.01947	0.55555	0.09022	0.01706	0.02412	0.02712	0.13065	0.02310	0.01591	0.01948	0.01164	0.01396	0.01004	0.00653	0.00578	0.00185	0.00919	0.00506	0.00335	0.00994
3	0.01465	0.01254	0.01575	0.01202	0.01766	0.00979	0.03699	0.01778	0.01561	0.02373	0.01868	0.14458	0.01827	0.00893	0.00650	0.00154	0.00571	0.00777	0.00492	0.60657
4	0.01336	0.01244	0.02003	0.58750	0.04466	0.01497	0.01830	0.01785	0.01555	0.01958	0.02492	0.02975	0.13157	0.00968	0.00783	0.00253	0.00898	0.00841	0.00403	0.00806
5	0.00954	0.00796	0.00837	0.00846	0.01082	0.00699	0.00627	0.01237	0.04730	0.02137	0.10079	0.14574	0.54928	0.01914	0.00899	0.00261	0.00399	0.01619	0.00714	0.00667
6	0.01341	0.01224	0.02023	0.58802	0.04480	0.01492	0.01853	0.01779	0.01505	0.01938	0.01859	0.14806	0.01734	0.01050	0.00796	0.00263	0.00908	0.00942	0.00403	0.00802
7	0.01751	0.01920	0.03952	0.02823	0.03573	0.01754	0.54132	0.02336	0.01751	0.02437	0.01501	0.01961	0.01146	0.00625	0.00835	0.00230	0.01149	0.00815	0.00396	0.14914
8	0.01277	0.01020	0.01071	0.00987	0.01301	0.00965	0.00776	0.12852	0.02062	0.02557	0.06381	0.06395	0.51946	0.01750	0.00882	0.00257	0.00486	0.05562	0.00714	0.00761
9	0.01864	0.01756	0.02806	0.06316	0.54477	0.01814	0.02117	0.02622	0.13545	0.02586	0.01724	0.02054	0.01396	0.00742	0.00755	0.00232	0.00850	0.00709	0.00446	0.01189
10	0.01255	0.01013	0.01041	0.00945	0.01264	0.00949	0.00732	0.12820	0.02061	0.02542	0.06626	0.06311	0.56208	0.01739	0.00872	0.00251	0.00466	0.01435	0.00714	0.00758
11	0.01879	0.01771	0.02833	0.04094	0.56583	0.01817	0.02124	0.02635	0.13552	0.02603	0.01726	0.02049	0.01403	0.00740	0.00755	0.00231	0.00847	0.00709	0.00447	0.01201
12	0.01801	0.01463	0.01533	0.01393	0.01776	0.01674	0.01080	0.03622	0.55391	0.03111	0.02977	0.02830	0.02248	0.01003	0.00728	0.00243	0.00556	0.00830	0.14631	0.01111
13	0.64836	0.01496	0.01223	0.01096	0.01558	0.01735	0.00890	0.02555	0.13195	0.03362	0.01423	0.01521	0.01091	0.00763	0.00524	0.00239	0.00589	0.00491	0.00524	0.00890
14	0.01082	0.00876	0.01001	0.00899	0.01203	0.00734	0.00684	0.01359	0.01850	0.02480	0.28157	0.05683	0.34341	0.01543	0.00835	0.00224	0.00407	0.01311	0.00705	0.14627
15	0.01037	0.00747	0.00981	0.00979	0.01125	0.00692	0.00713	0.01340	0.01979	0.02774	0.52683	0.21958	0.06638	0.01751	0.00912	0.00255	0.00378	0.01562	0.00803	0.00692
16	0.01855	0.01747	0.02790	0.07642	0.53220	0.01811	0.02113	0.02614	0.13541	0.02575	0.01722	0.02057	0.01392	0.00744	0.00755	0.00233	0.00853	0.00709	0.00445	0.01182
17	0.01513	0.01430	0.02420	0.59451	0.16665	0.01706	0.02146	0.02008	0.01555	0.02035	0.01362	0.01996	0.01045	0.00743	0.00757	0.00248	0.00991	0.00674	0.00344	0.00907
18	0.00923	0.00664	0.00876	0.01046	0.01097	0.00617	0.00699	0.01057	0.01462	0.01940	0.04307	0.70476	0.07307	0.02360	0.00966	0.00306	0.00438	0.02136	0.00704	0.00617
19	0.03130	0.01232	0.01667	0.01298	0.01841	0.01067	0.01065	0.03426	0.02155	0.61531	0.08497	0.02988	0.04472	0.01021	0.00778	0.00236	0.00613	0.00840	0.00923	0.01222
20	0.01877	0.01802	0.03079	0.04656	0.68612	0.01802	0.02328	0.02328	0.01727	0.02478	0.01427	0.01877	0.01201	0.00676	0.00751	0.00225	0.00901	0.00676	0.00375	0.01201
21	0.01521	0.03923	0.69413	0.02162	0.03283	0.01762	0.02802	0.02402	0.01601	0.02402	0.01361	0.01601	0.00961	0.00721	0.00721	0.00240	0.01121	0.00560	0.00320	0.01121
22	0.01596	0.03477	0.55437	0.02687	0.17048	0.01770	0.02702	0.02386	0.01628	0.02418	0.01375	0.01660	0.01012	0.00711	0.00727	0.00237	0.01075	0.00585	0.00332	0.01138
23	0.01255	0.00891	0.01035	0.00962	0.01214	0.00824	0.00727	0.04334	0.04444	0.06743	0.30805	0.07969	0.30022	0.04186	0.00984	0.00265	0.00432	0.01390	0.00767	0.00753
24	0.02382	0.01423	0.01707	0.01446	0.01860	0.01470	0.01157	0.24031	0.05257	0.22210	0.02889	0.19120	0.02575	0.01359	0.00880	0.00261	0.02751	0.05366	0.00781	0.01075
25	0.01084	0.00813	0.01219	0.01219	0.01354	0.00948	0.00948	0.01354	0.01219	0.01761	0.02032	0.02980	0.01896	0.05689	0.70337	0.01219	0.02032	0.00813	0.00406	0.00677
26	0.01119	0.01054	0.03475	0.05780	0.10466	0.00919	0.01033	0.01413	0.01751	0.02218	0.11656	0.05985	0.43219	0.01619	0.00872	0.00255	0.00534	0.05242	0.00637	0.00755
27	0.01982	0.04405	0.02478	0.03015	0.33020	0.05730	0.01754	0.05718	0.28115	0.02794	0.02082	0.02205	0.01632	0.00832	0.00747	0.00234	0.00800	0.00729	0.00550	0.01179
28	0.01521	0.03923	0.69413	0.02162	0.03283	0.01762	0.02802	0.02402	0.01601	0.02402	0.01361	0.01601	0.00961	0.00721	0.00721	0.00240	0.01121	0.00560	0.00320	0.01121
29	0.03074	0.01460	0.04595	0.01423	0.02004	0.01269	0.01213	0.06475	0.08823	0.54472	0.02913	0.02727	0.01938	0.00976	0.00771	0.00241	0.00671	0.02819	0.00880	0.01255
30	0.01832	0.01960	0.08500	0.06862	0.60957	0.01795	0.02359	0.02320	0.01709	0.02452	0.01419	0.01860	0.01175	0.00682	0.00749	0.00227	0.00923	0.00666	0.00370	0.01182
31	0.01765	0.02249	0.12012	0.03182	0.08597	0.01891	0.53809	0.02419	0.01763	0.02430	0.01506	0.01981	0.01132	0.00652	0.00864	0.00252	0.01233	0.00840	0.00376	0.01048
32	0.01758	0.01994	0.04340	0.03116	0.03856	0.01869	0.63399	0.02378	0.01778	0.02411	0.01634	0.04717	0.01297	0.00705	0.00898	0.00258	0.01247	0.00943	0.00396	0.01008
33	0.01521	0.03923	0.69413	0.02162	0.03283	0.01762	0.02802	0.02402	0.01601	0.02402	0.01361	0.01601	0.00961	0.00721	0.00721	0.00240	0.01121	0.00560	0.00320	0.01121
34	0.01570	0.06326	0.59715	0.02245	0.03309	0.01825	0.09788	0.02400	0.01620	0.02382	0.01369	0.01637	0.00983	0.00709	0.00731	0.00239	0.01127	0.00592	0.00328	0.01105
35	0.01842	0.01767	0.03016	0.09890	0.63650	0.01793	0.02311	0.02297	0.01711	0.02436	0.01421	0.01889	0.01187	0.00682	0.00752	0.00227	0.00910	0.00676	0.00372	0.01173
36	0.00934	0.00770	0.00821	0.00808	0.01048	0.00657	0.00606	0.01162	0.01819	0.02262	0.20677	0.06949	0.55178	0.01841	0.00896	0.00252	0.00379	0.01552	0.00732	0.00657
37	0.01553	0.08257	0.65355	0.02108	0.03200	0.01838	0.02709	0.02394	0.01598	0.02364	0.01342	0.01578	0.00962	0.00716	0.00706	0.00235	0.01102	0.00551	0.00321	0.01112
38	0.01480	0.01422	0.02436	0.61411	0.06677	0.01740	0.06040	0.01972	0.01519	0.01977	0.01341	0.01999	0.01024	0.00782	0.00868	0.00257	0.05166	0.00687	0.00341	0.00863
39	0.01000	0.00714	0.00967	0.01142	0.01220	0.00681	0.00835	0.01187	0.01527	0.02021	0.04139	0.56570	0.04852	0.02305	0.00988	0.00318	0.00505	0.17690	0.00703	0.00637
40	0.01854	0.01778	0.03036	0.08204	0.65248	0.01796	0.02316	0.02307	0.01716	0.02449	0.01423	0.01885	0.01191	0.00680	0.00751	0.00227	0.00907	0.00676	0.00373	0.01182
41	0.02906	0.01539	0.05944	0.01449	0.02029	0.01349	0.01241	0.03700	0.18471	0.48439	0.02915	0.02583	0.01931	0.00948	0.00762	0.00241	0.00664	0.00774	0.00859	0.01258
42	0.01582	0.06895	0.58760	0.02139	0.03176	0.01835	0.05980	0.02499	0.05679	0.02423	0.01463	0.01683	0.01056	0.00732	0.00722	0.00239	0.01083	0.00590	0.00352	0.01114

[dist]
# distance from previous block
# <min> <max>
0	7

[block]
# block no. 1 follows, 26 sequences, length 16
# corresponding to MSA columns:
# 91-106
name=unknown_B
#
# <colnr> <probs for GDERKNQSTAVLIFYWHMCP>
#	G	D	E	R	K	N	Q	S	T	A	V	L	I	F	Y	W	H	M	C	P
0	0.32594	0.07680	0.01745	0.01243	0.01791	0.01616	0.01045	0.08561	0.01898	0.31972	0.01966	0.01870	0.01336	0.00820	0.00624	0.00228	0.00654	0.00588	0.00687	0.01080
1	0.53953	0.01758	0.10272	0.01219	0.01798	0.01596	0.01140	0.02536	0.01502	0.15965	0.01470	0.01542	0.01044	0.00752	0.00559	0.00235	0.00669	0.00499	0.00540	0.00952
2	0.02068	0.57003	0.07259	0.01301	0.01931	0.02564	0.01302	0.02362	0.01605	0.07912	0.01368	0.01500	0.01137	0.00699	0.00529	0.00174	0.00775	0.00472	0.07052	0.00987
3	0.01875	0.12700	0.41154	0.02085	0.08615	0.01785	0.02201	0.02518	0.01716	0.12145	0.05001	0.01926	0.01437	0.00782	0.00707	0.00227	0.00950	0.00621	0.00443	0.01112
4	0.01112	0.00836	0.01198	0.01183	0.01289	0.00970	0.00893	0.01331	0.01196	0.01713	0.02050	0.03272	0.02009	0.17393	0.55726	0.01096	0.04820	0.00857	0.00412	0.00646
5	0.01120	0.00895	0.01024	0.01046	0.01181	0.04682	0.00747	0.01373	0.01856	0.02513	0.38486	0.30380	0.05868	0.04058	0.01003	0.00277	0.00458	0.01604	0.00749	0.00680
6	0.00899	0.00759	0.00778	0.00793	0.01031	0.00638	0.00587	0.01086	0.01705	0.02039	0.07381	0.12964	0.62835	0.01960	0.00903	0.00261	0.00389	0.01649	0.00704	0.00638
7	0.01825	0.01749	0.02985	0.12492	0.61183	0.01788	0.02302	0.02282	0.01702	0.02415	0.01418	0.01894	0.01179	0.00685	0.00752	0.00228	0.00914	0.00676	0.00371	0.01159
8	0.01865	0.01838	0.03284	0.04442	0.59130	0.01819	0.11645	0.02343	0.01736	0.02471	0.01443	0.01902	0.01194	0.00670	0.00772	0.00230	0.00956	0.00708	0.00377	0.01175
9	0.01771	0.01989	0.04160	0.03020	0.03675	0.01978	0.56441	0.02341	0.01698	0.02341	0.01455	0.01989	0.01128	0.00740	0.01129	0.00267	0.11645	0.00861	0.00376	0.00995
10	0.01231	0.00927	0.01211	0.01253	0.01497	0.00865	0.01034	0.01592	0.03489	0.02338	0.09235	0.16438	0.05816	0.01813	0.00934	0.00291	0.00599	0.35810	0.00674	0.12954
11	0.01728	0.03044	0.48677	0.01893	0.02780	0.01538	0.02261	0.02426	0.01624	0.12088	0.01707	0.01964	0.01244	0.01540	0.11766	0.00395	0.01196	0.00630	0.00425	0.01076
12	0.01708	0.01055	0.01317	0.01133	0.01439	0.01019	0.00885	0.11273	0.02359	0.13777	0.48133	0.04613	0.05459	0.01360	0.00854	0.00236	0.00473	0.01174	0.00840	0.00891
13	0.01019	0.01178	0.11747	0.01231	0.01446	0.00798	0.01037	0.01270	0.01476	0.02010	0.03734	0.61551	0.04374	0.02114	0.00929	0.00297	0.00548	0.01903	0.00643	0.00696
14	0.01956	0.02295	0.04107	0.03000	0.03707	0.12761	0.55647	0.02525	0.01847	0.02339	0.01477	0.01938	0.01123	0.00662	0.00862	0.00246	0.01293	0.00831	0.00385	0.01000
15	0.01507	0.03515	0.58767	0.13160	0.03591	0.01749	0.02692	0.02329	0.01588	0.02329	0.01359	0.01668	0.00969	0.00727	0.00727	0.00242	0.01104	0.00579	0.00323	0.01077

[dist]
# distance from previous block
# <min> <max>
0	1

[block]
# block no. 2 follows, 26 sequences, length 14
# corresponding to MSA columns:
# 108-121
name=unknown_C
#
# <colnr> <probs for GDERKNQSTAVLIFYWHMCP>
#	G	D	E	R	K	N	Q	S	T	A	V	L	I	F	Y	W	H	M	C	P
0	0.02826	0.01711	0.01940	0.01523	0.02072	0.01801	0.01246	0.36039	0.09144	0.23941	0.02350	0.02230	0.01619	0.00928	0.00743	0.00229	0.00716	0.00726	0.06982	0.01235
1	0.01847	0.01580	0.02273	0.34114	0.15382	0.01783	0.01821	0.19035	0.02122	0.02803	0.02101	0.02453	0.07628	0.00897	0.00770	0.00241	0.00884	0.00766	0.00492	0.01007
2	0.01273	0.00829	0.01085	0.01213	0.01388	0.00829	0.01038	0.01624	0.01705	0.02419	0.03605	0.07028	0.03719	0.01772	0.00910	0.00303	0.00606	0.46755	0.21199	0.00701
3	0.01143	0.00816	0.01131	0.01306	0.01446	0.00805	0.01084	0.01434	0.01668	0.02181	0.04060	0.25705	0.04539	0.02170	0.01026	0.00338	0.00630	0.47142	0.00700	0.00676
4	0.00970	0.00771	0.00870	0.00846	0.01070	0.00672	0.00634	0.01231	0.01903	0.02462	0.32858	0.06620	0.42873	0.01767	0.00896	0.00249	0.00373	0.01506	0.00759	0.00672
5	0.01406	0.01186	0.01439	0.01164	0.01625	0.00995	0.00898	0.01676	0.01513	0.02285	0.02080	0.20590	0.02153	0.01098	0.00801	0.00179	0.05369	0.00919	0.00509	0.52115
6	0.02028	0.73799	0.03975	0.01298	0.01947	0.03001	0.01298	0.02271	0.01541	0.01785	0.01055	0.01217	0.00973	0.00649	0.00487	0.00162	0.00811	0.00406	0.00324	0.00973
7	0.01656	0.00940	0.00965	0.00878	0.01125	0.00978	0.00680	0.12347	0.01916	0.03149	0.02367	0.02662	0.01837	0.00888	0.00568	0.00185	0.00433	0.00703	0.64921	0.00803
8	0.01719	0.20857	0.02840	0.15293	0.02683	0.02365	0.04196	0.01990	0.01356	0.01860	0.01101	0.01627	0.00999	0.01009	0.01557	0.00268	0.36462	0.00606	0.00333	0.00878
9	0.01528	0.01534	0.02862	0.53296	0.04888	0.01747	0.19111	0.02069	0.01590	0.02069	0.01398	0.02029	0.01048	0.00727	0.00795	0.00254	0.01083	0.00733	0.00349	0.00891
10	0.01345	0.01185	0.01889	0.52664	0.04051	0.01432	0.01667	0.01715	0.01406	0.01813	0.01626	0.02807	0.01477	0.20119	0.01586	0.00382	0.00938	0.00789	0.00370	0.00740
11	0.01184	0.01050	0.01872	0.01660	0.01910	0.00988	0.18133	0.01472	0.01571	0.02100	0.03459	0.47745	0.03923	0.01886	0.00956	0.00298	0.00689	0.07753	0.00618	0.00733
12	0.01952	0.01159	0.01412	0.01280	0.01613	0.01168	0.00978	0.04741	0.19705	0.21057	0.11145	0.24049	0.03550	0.01466	0.00842	0.00263	0.00543	0.01276	0.00805	0.00995
13	0.01382	0.20362	0.01828	0.01096	0.01454	0.01455	0.00928	0.01871	0.09614	0.02346	0.18095	0.04896	0.23870	0.01410	0.00785	0.00235	0.00545	0.06372	0.00639	0.00817

[dist]
# distance from previous block
# <min> <max>
0	2

[block]
# block no. 3 follows, 26 sequences, length 10
# corresponding to MSA columns:
# 124-133
name=unknown_D
#
# <colnr> <probs for GDERKNQSTAVLIFYWHMCP>
#	G	D	E	R	K	N	Q	S	T	A	V	L	I	F	Y	W	H	M	C	P
0	0.02717	0.01116	0.01517	0.01268	0.01705	0.00977	0.01001	0.02965	0.01972	0.50530	0.03321	0.22037	0.02747	0.01337	0.00820	0.00255	0.00589	0.01149	0.00874	0.01104
1	0.01497	0.01415	0.01961	0.01704	0.01754	0.01878	0.01398	0.01716	0.01434	0.02162	0.19606	0.02769	0.02702	0.01389	0.02048	0.00306	0.52131	0.00860	0.00471	0.00798
2	0.07582	0.01582	0.02516	0.01873	0.02504	0.01479	0.19050	0.08550	0.02129	0.41128	0.02369	0.02285	0.01561	0.00839	0.00781	0.00240	0.00833	0.00771	0.00741	0.01188
3	0.02339	0.44292	0.06953	0.01532	0.02131	0.21405	0.01413	0.02609	0.01766	0.07556	0.01269	0.01396	0.01050	0.00714	0.00578	0.00182	0.00969	0.00468	0.00395	0.00983
4	0.01188	0.00976	0.01489	0.02053	0.19793	0.00945	0.01154	0.01408	0.01528	0.02086	0.03418	0.53198	0.03960	0.01906	0.00908	0.00285	0.00568	0.01746	0.00613	0.00778
5	0.01729	0.01343	0.01852	0.01489	0.01947	0.01249	0.09189	0.13410	0.02019	0.06536	0.07998	0.19594	0.02760	0.01229	0.00793	0.00224	0.00664	0.03088	0.00627	0.22259
6	0.01691	0.01853	0.03866	0.22114	0.04313	0.01854	0.48205	0.02294	0.01715	0.02294	0.01483	0.02039	0.01112	0.00672	0.00857	0.00255	0.01205	0.00834	0.00371	0.00973
7	0.00924	0.00713	0.00828	0.00915	0.01048	0.00635	0.00631	0.01074	0.01549	0.01953	0.05586	0.39555	0.32476	0.07082	0.01137	0.00315	0.00436	0.01841	0.00687	0.00616
8	0.00922	0.00669	0.00871	0.01031	0.01094	0.00618	0.00693	0.01059	0.01476	0.01946	0.04482	0.67215	0.10455	0.02337	0.00962	0.00304	0.00435	0.02109	0.00704	0.00618
9	0.01521	0.03923	0.69413	0.02162	0.03283	0.01762	0.02802	0.02402	0.01601	0.02402	0.01361	0.01601	0.00961	0.00721	0.00721	0.00240	0.01121	0.00560	0.00320	0.01121

[dist]
# distance from previous block
# <min> <max>
0	1

[block]
# block no. 4 follows, 26 sequences, length 25
# corresponding to MSA columns:
# 135-159
name=unknown_E
#
# <colnr> <probs for GDERKNQSTAVLIFYWHMCP>
#	G	D	E	R	K	N	Q	S	T	A	V	L	I	F	Y	W	H	M	C	P
0	0.06446	0.01493	0.01642	0.01454	0.01892	0.01642	0.01160	0.06231	0.42248	0.14142	0.03112	0.03292	0.04116	0.01111	0.00781	0.00259	0.00620	0.06448	0.00774	0.01138
1	0.01521	0.03923	0.69413	0.02162	0.03283	0.01762	0.02802	0.02402	0.01601	0.02402	0.01361	0.01601	0.00961	0.00721	0.00721	0.00240	0.01121	0.00560	0.00320	0.01121
2	0.01711	0.03413	0.56357	0.02131	0.05893	0.01648	0.02511	0.02488	0.01691	0.09351	0.04613	0.01902	0.01352	0.00780	0.00734	0.00239	0.01027	0.00624	0.00411	0.01123
3	0.01922	0.59131	0.17712	0.01479	0.02227	0.02741	0.01614	0.02299	0.01554	0.01914	0.01119	0.01297	0.00971	0.00664	0.00536	0.00179	0.00876	0.00438	0.00324	0.01004
4	0.00947	0.00677	0.00904	0.01062	0.01121	0.00634	0.00725	0.01104	0.01516	0.02033	0.08997	0.65282	0.05153	0.02303	0.00966	0.00304	0.00444	0.04488	0.00714	0.00627
5	0.08178	0.01681	0.04870	0.01425	0.01993	0.07086	0.01208	0.10313	0.02209	0.45448	0.02478	0.02272	0.01627	0.00894	0.00722	0.00228	0.00730	0.00695	0.04758	0.01187
6	0.01556	0.08770	0.64874	0.02102	0.03190	0.01848	0.02698	0.02393	0.01597	0.02359	0.01340	0.01575	0.00962	0.00716	0.00704	0.00235	0.01099	0.00550	0.00321	0.01111
7	0.02635	0.01727	0.01947	0.01568	0.02082	0.01844	0.01273	0.39863	0.08495	0.16528	0.02475	0.09865	0.01986	0.01120	0.00792	0.00244	0.00732	0.02847	0.00786	0.01192
8	0.01694	0.03626	0.61128	0.02131	0.03192	0.01712	0.05030	0.02515	0.01658	0.08164	0.01509	0.01703	0.01047	0.00736	0.00731	0.00240	0.01086	0.00591	0.00376	0.01132
9	0.01521	0.03923	0.69413	0.02162	0.03283	0.01762	0.02802	0.02402	0.01601	0.02402	0.01361	0.01601	0.00961	0.00721	0.00721	0.00240	0.01121	0.00560	0.00320	0.01121
10	0.01085	0.00807	0.01192	0.01192	0.01318	0.00933	0.00914	0.01337	0.01211	0.01741	0.02057	0.03117	0.01956	0.10381	0.65727	0.01185	0.01942	0.00833	0.00410	0.00662
11	0.01851	0.01804	0.03165	0.07395	0.60314	0.01807	0.07803	0.02320	0.01724	0.02451	0.01433	0.01898	0.01189	0.00676	0.00764	0.00229	0.00938	0.00695	0.00375	0.01171
12	0.01521	0.03923	0.69413	0.02162	0.03283	0.01762	0.02802	0.02402	0.01601	0.02402	0.01361	0.01601	0.00961	0.00721	0.00721	0.00240	0.01121	0.00560	0.00320	0.01121
13	0.06410	0.01298	0.01734	0.01335	0.01918	0.01138	0.01103	0.03638	0.02136	0.66512	0.02915	0.02528	0.01835	0.00929	0.00751	0.00235	0.00643	0.00749	0.00920	0.01272
14	0.01582	0.01520	0.02634	0.48173	0.23617	0.01732	0.05782	0.02079	0.01593	0.02123	0.01382	0.01981	0.01074	0.00728	0.00764	0.00245	0.00994	0.00687	0.00351	0.00957
15	0.02547	0.02589	0.02093	0.01874	0.04513	0.30240	0.01414	0.20365	0.20889	0.03041	0.01897	0.01921	0.01447	0.00883	0.00731	0.00223	0.00991	0.00652	0.00597	0.01092
16	0.01049	0.00809	0.00968	0.00965	0.01169	0.00747	0.00734	0.01408	0.04746	0.02542	0.33292	0.12163	0.27465	0.01775	0.00910	0.00261	0.00415	0.07116	0.00764	0.00701
17	0.00924	0.00660	0.00880	0.01056	0.01100	0.00616	0.00704	0.01056	0.01452	0.01936	0.04181	0.72848	0.05017	0.02376	0.00968	0.00308	0.00440	0.02156	0.00704	0.00616
18	0.05169	0.70836	0.03858	0.01286	0.01927	0.02948	0.01278	0.02270	0.01531	0.01851	0.01055	0.01217	0.00967	0.00651	0.00486	0.00165	0.00802	0.00406	0.00330	0.00967
19	0.02883	0.02125	0.02276	0.01745	0.02352	0.02352	0.01442	0.66082	0.03566	0.04780	0.01821	0.01821	0.01290	0.00911	0.00759	0.00228	0.00835	0.00683	0.00759	0.01290
20	0.01046	0.00765	0.00982	0.00947	0.01121	0.00701	0.00703	0.01370	0.02053	0.02864	0.57632	0.11425	0.12257	0.01652	0.00901	0.00246	0.00367	0.01457	0.00813	0.00701
21	0.01859	0.01911	0.06494	0.04527	0.65248	0.01800	0.02352	0.02332	0.01721	0.02474	0.01423	0.01863	0.01189	0.00678	0.00749	0.00226	0.00912	0.00670	0.00373	0.01197
22	0.00978	0.00718	0.00938	0.01062	0.01158	0.00649	0.00720	0.01128	0.01462	0.01981	0.03944	0.66888	0.04691	0.02225	0.00934	0.00292	0.00450	0.02014	0.00683	0.07085
23	0.01527	0.09639	0.58095	0.01987	0.02989	0.01780	0.02499	0.02310	0.01642	0.02403	0.06925	0.01908	0.01480	0.00784	0.00715	0.00233	0.01031	0.00615	0.00364	0.01074
24	0.61351	0.01541	0.05048	0.01127	0.01619	0.01585	0.00992	0.02311	0.01422	0.08926	0.01488	0.01982	0.01217	0.00842	0.00557	0.00245	0.00631	0.05726	0.00521	0.00869

[dist]
# distance from previous block
# <min> <max>
0	0

# created by:
# /st0/software/busco_prod/Augustus/scripts/msa2prfl.pl ./align_prep/131763.fa
