[name]
unknown

[dist]
# distance from previous block
# <min> <max>
0	0

[block]
# block no. 0 follows, 24 sequences, length 91
# corresponding to MSA columns:
# 0-90
name=unknown_A
#
# <colnr> <probs for GDERKNQSTAVLIFYWHMCP>
#	G	D	E	R	K	N	Q	S	T	A	V	L	I	F	Y	W	H	M	C	P
0	0.01278	0.00913	0.01278	0.01460	0.01643	0.00913	0.01278	0.01643	0.01825	0.02373	0.04199	0.08945	0.04564	0.02191	0.01095	0.00365	0.00730	0.61847	0.00730	0.00730
1	0.03014	0.02221	0.02380	0.01825	0.02459	0.02459	0.01507	0.64541	0.03728	0.04998	0.01904	0.01904	0.01349	0.00952	0.00793	0.00238	0.00873	0.00714	0.00793	0.01349
2	0.01972	0.01703	0.01793	0.01614	0.02062	0.01972	0.01255	0.04214	0.65752	0.03317	0.03228	0.02959	0.02421	0.01076	0.00807	0.00269	0.00628	0.00897	0.00807	0.01255
3	0.03531	0.01392	0.01867	0.01431	0.02046	0.01229	0.01182	0.06839	0.02341	0.64658	0.03068	0.02660	0.01933	0.00980	0.00797	0.00245	0.00684	0.00793	0.00972	0.01349
4	0.01278	0.00913	0.01278	0.01460	0.01643	0.00913	0.01278	0.01643	0.01825	0.02373	0.04199	0.08945	0.04564	0.02191	0.01095	0.00365	0.00730	0.61847	0.00730	0.00730
5	0.02962	0.03779	0.02247	0.02043	0.02451	0.68948	0.01532	0.03166	0.02247	0.01941	0.01226	0.01430	0.01021	0.00817	0.00715	0.00204	0.01430	0.00511	0.00409	0.00919
6	0.01153	0.00769	0.00865	0.00865	0.00865	0.00769	0.00480	0.01153	0.01153	0.01538	0.02499	0.05189	0.02883	0.72131	0.04036	0.00769	0.00769	0.01153	0.00480	0.00480
7	0.50375	0.01785	0.01610	0.01329	0.01872	0.02028	0.01096	0.25109	0.02221	0.04085	0.01397	0.01514	0.01038	0.00815	0.00602	0.00243	0.00708	0.00534	0.00602	0.01038
8	0.02550	0.02179	0.02094	0.01742	0.02261	0.10942	0.01387	0.31911	0.26033	0.03909	0.04998	0.02393	0.01951	0.01007	0.00794	0.00245	0.00836	0.00784	0.00751	0.01233
9	0.01963	0.01884	0.03219	0.04867	0.67185	0.01884	0.02434	0.02434	0.01806	0.02591	0.01492	0.01963	0.01256	0.00707	0.00785	0.00236	0.00942	0.00707	0.00393	0.01256
10	0.02765	0.02050	0.02204	0.01752	0.02337	0.02278	0.01427	0.46263	0.19857	0.07176	0.02300	0.02212	0.01654	0.00986	0.00797	0.00246	0.00800	0.00765	0.00805	0.01324
11	0.01153	0.00769	0.00865	0.00865	0.00865	0.00769	0.00480	0.01153	0.01153	0.01538	0.02499	0.05189	0.02883	0.72131	0.04036	0.00769	0.00769	0.01153	0.00480	0.00480
12	0.01832	0.01749	0.02918	0.22314	0.40501	0.01866	0.05391	0.02509	0.08251	0.02508	0.01651	0.02114	0.01317	0.00766	0.00797	0.00248	0.00962	0.00737	0.00424	0.01144
13	0.01732	0.01451	0.01836	0.01315	0.02022	0.01119	0.04787	0.02102	0.01682	0.05093	0.01488	0.01715	0.01207	0.00607	0.00616	0.00131	0.00636	0.00511	0.00485	0.69466
14	0.01498	0.01409	0.02378	0.70226	0.05462	0.01762	0.02202	0.02026	0.01586	0.02026	0.01409	0.02114	0.01057	0.00793	0.00793	0.00264	0.01057	0.00705	0.00352	0.00881
15	0.02360	0.01387	0.01718	0.01263	0.01934	0.01098	0.01024	0.02696	0.01878	0.26963	0.02053	0.02039	0.01470	0.00735	0.00666	0.00165	0.00620	0.00592	0.00661	0.48679
16	0.01644	0.01409	0.01644	0.01175	0.01879	0.01057	0.00940	0.01997	0.01644	0.02584	0.01409	0.01644	0.01175	0.00587	0.00587	0.00117	0.00587	0.00470	0.00470	0.76979
17	0.02120	0.72609	0.04155	0.01357	0.02035	0.03138	0.01357	0.02374	0.01611	0.01866	0.01102	0.01272	0.01018	0.00678	0.00509	0.00170	0.00848	0.00424	0.00339	0.01018
18	0.01963	0.01884	0.03219	0.04867	0.67185	0.01884	0.02434	0.02434	0.01806	0.02591	0.01492	0.01963	0.01256	0.00707	0.00785	0.00236	0.00942	0.00707	0.00393	0.01256
19	0.77733	0.01534	0.01166	0.01043	0.01534	0.01779	0.00859	0.02331	0.01350	0.03558	0.01104	0.01288	0.00859	0.00736	0.00491	0.00245	0.00613	0.00429	0.00491	0.00859
20	0.03181	0.01955	0.02215	0.01698	0.02326	0.02063	0.01403	0.45979	0.03282	0.24189	0.02278	0.02147	0.01537	0.00961	0.00795	0.00240	0.00812	0.00739	0.00851	0.01349
21	0.01153	0.00769	0.00865	0.00865	0.00865	0.00769	0.00480	0.01153	0.01153	0.01538	0.02499	0.05189	0.02883	0.72131	0.04036	0.00769	0.00769	0.01153	0.00480	0.00480
22	0.01644	0.01409	0.01644	0.01175	0.01879	0.01057	0.00940	0.01997	0.01644	0.02584	0.01409	0.01644	0.01175	0.00587	0.00587	0.00117	0.00587	0.00470	0.00470	0.76979
23	0.00966	0.00690	0.00920	0.01104	0.01150	0.00644	0.00736	0.01104	0.01518	0.02024	0.04371	0.71614	0.05245	0.02484	0.01012	0.00322	0.00460	0.02254	0.00736	0.00644
24	0.02120	0.72609	0.04155	0.01357	0.02035	0.03138	0.01357	0.02374	0.01611	0.01866	0.01102	0.01272	0.01018	0.00678	0.00509	0.00170	0.00848	0.00424	0.00339	0.01018
25	0.01735	0.01735	0.02429	0.02082	0.02082	0.02429	0.01735	0.01908	0.01214	0.01908	0.01041	0.01735	0.01041	0.01388	0.02602	0.00347	0.70680	0.00694	0.00347	0.00867
26	0.01134	0.00761	0.00870	0.00889	0.00894	0.00756	0.00506	0.01148	0.01190	0.01587	0.02688	0.11913	0.03122	0.65082	0.03730	0.00724	0.00738	0.01265	0.00506	0.00497
27	0.77733	0.01534	0.01166	0.01043	0.01534	0.01779	0.00859	0.02331	0.01350	0.03558	0.01104	0.01288	0.00859	0.00736	0.00491	0.00245	0.00613	0.00429	0.00491	0.00859
28	0.01612	0.06929	0.65387	0.02223	0.03374	0.01895	0.02865	0.02506	0.01672	0.02485	0.01410	0.01658	0.01005	0.00750	0.00743	0.00248	0.01159	0.00579	0.00335	0.01166
29	0.01478	0.00739	0.00739	0.00739	0.00924	0.00739	0.00554	0.01848	0.01663	0.02956	0.02587	0.02956	0.02033	0.00924	0.00554	0.00185	0.00370	0.00739	0.76534	0.00739
30	0.01944	0.01855	0.03111	0.07425	0.61308	0.01884	0.02364	0.02507	0.05042	0.02604	0.01576	0.02019	0.01307	0.00729	0.00786	0.00238	0.00931	0.00716	0.00412	0.01240
31	0.02905	0.11133	0.04811	0.01700	0.05542	0.01802	0.01387	0.17671	0.04739	0.32911	0.05574	0.02415	0.01910	0.00946	0.00763	0.00234	0.00760	0.00751	0.00785	0.01261
32	0.01153	0.00769	0.00865	0.00865	0.00865	0.00769	0.00480	0.01153	0.01153	0.01538	0.02499	0.05189	0.02883	0.72131	0.04036	0.00769	0.00769	0.01153	0.00480	0.00480
33	0.01963	0.01884	0.03219	0.04867	0.67185	0.01884	0.02434	0.02434	0.01806	0.02591	0.01492	0.01963	0.01256	0.00707	0.00785	0.00236	0.00942	0.00707	0.00393	0.01256
34	0.01652	0.12075	0.60589	0.02155	0.03270	0.01992	0.02747	0.02495	0.01667	0.02436	0.01386	0.01627	0.01006	0.00745	0.00725	0.00242	0.01134	0.00567	0.00335	0.01154
35	0.01837	0.01732	0.02243	0.06245	0.27118	0.06704	0.01667	0.02770	0.20211	0.02790	0.12326	0.03105	0.05765	0.01030	0.00817	0.00248	0.00780	0.00906	0.00601	0.01104
36	0.01151	0.00778	0.00911	0.00911	0.00927	0.00794	0.00538	0.01183	0.01167	0.01572	0.02456	0.04955	0.02781	0.64644	0.11384	0.00826	0.00922	0.01119	0.00474	0.00506
37	0.01278	0.00913	0.01278	0.01460	0.01643	0.00913	0.01278	0.01643	0.01825	0.02373	0.04199	0.08945	0.04564	0.02191	0.01095	0.00365	0.00730	0.61847	0.00730	0.00730
38	0.01891	0.01949	0.06501	0.15976	0.36644	0.01930	0.09871	0.05526	0.04155	0.02596	0.01552	0.02020	0.01238	0.00774	0.00881	0.00251	0.03943	0.00735	0.00416	0.01149
39	0.01478	0.00739	0.00739	0.00739	0.00924	0.00739	0.00554	0.01848	0.01663	0.02956	0.02587	0.02956	0.02033	0.00924	0.00554	0.00185	0.00370	0.00739	0.76534	0.00739
40	0.00966	0.00690	0.00920	0.01104	0.01150	0.00644	0.00736	0.01104	0.01518	0.02024	0.04371	0.71614	0.05245	0.02484	0.01012	0.00322	0.00460	0.02254	0.00736	0.00644
41	0.01755	0.01614	0.02629	0.45401	0.23607	0.01853	0.02217	0.07048	0.01819	0.02427	0.01473	0.02053	0.01139	0.00780	0.00791	0.00254	0.01008	0.00706	0.00399	0.01029
42	0.01921	0.29572	0.29127	0.01950	0.02790	0.08367	0.07985	0.02479	0.01745	0.02247	0.04052	0.01724	0.01303	0.00759	0.00683	0.00218	0.01055	0.00587	0.00372	0.01063
43	0.02913	0.03625	0.02301	0.02178	0.05738	0.63071	0.01577	0.05412	0.02280	0.02087	0.01264	0.01475	0.01046	0.00817	0.00721	0.00207	0.01385	0.00528	0.00422	0.00952
44	0.06487	0.02449	0.02309	0.07779	0.05807	0.20795	0.01599	0.26702	0.02583	0.05595	0.01559	0.01771	0.01191	0.00928	0.00960	0.00244	0.08924	0.00643	0.00570	0.01106
45	0.01148	0.00791	0.00979	0.00979	0.01018	0.00831	0.00623	0.01226	0.01187	0.01622	0.02394	0.04613	0.02633	0.53727	0.22098	0.00909	0.01146	0.01069	0.00465	0.00544
46	0.02094	0.69181	0.07350	0.01402	0.02105	0.03073	0.01436	0.02381	0.01614	0.01898	0.01118	0.01292	0.01017	0.00682	0.00521	0.00174	0.00864	0.00432	0.00339	0.01025
47	0.02973	0.03449	0.02275	0.01997	0.02453	0.54834	0.01527	0.16195	0.02562	0.02590	0.01370	0.01531	0.01091	0.00846	0.00732	0.00211	0.01312	0.00554	0.00490	0.01010
48	0.02967	0.02198	0.02353	0.01815	0.02441	0.02437	0.01496	0.61793	0.06554	0.04921	0.01964	0.01952	0.01397	0.00958	0.00794	0.00239	0.00861	0.00722	0.00794	0.01344
49	0.01472	0.01319	0.02170	0.14359	0.18362	0.01398	0.06320	0.01847	0.01691	0.02305	0.05804	0.20221	0.02990	0.01465	0.01018	0.00291	0.05038	0.10488	0.00543	0.00898
50	0.01478	0.00739	0.00739	0.00739	0.00924	0.00739	0.00554	0.01848	0.01663	0.02956	0.02587	0.02956	0.02033	0.00924	0.00554	0.00185	0.00370	0.00739	0.76534	0.00739
51	0.01498	0.01409	0.02378	0.70226	0.05462	0.01762	0.02202	0.02026	0.01586	0.02026	0.01409	0.02114	0.01057	0.00793	0.00793	0.00264	0.01057	0.00705	0.00352	0.00881
52	0.01120	0.00897	0.01039	0.01171	0.01285	0.04111	0.00847	0.01316	0.01673	0.02154	0.08310	0.48568	0.10846	0.02259	0.00998	0.00313	0.00539	0.11147	0.00727	0.00680
53	0.01840	0.02361	0.11845	0.03220	0.04064	0.01987	0.57362	0.02537	0.01849	0.02537	0.01584	0.02086	0.01181	0.00678	0.00915	0.00266	0.01318	0.00896	0.00394	0.01081
54	0.02951	0.02190	0.02344	0.01812	0.02435	0.02430	0.01492	0.60886	0.07485	0.04896	0.01984	0.01968	0.01414	0.00959	0.00794	0.00240	0.00858	0.00725	0.00794	0.01343
55	0.01963	0.01884	0.03219	0.04867	0.67185	0.01884	0.02434	0.02434	0.01806	0.02591	0.01492	0.01963	0.01256	0.00707	0.00785	0.00236	0.00942	0.00707	0.00393	0.01256
56	0.01961	0.35373	0.32663	0.01827	0.02702	0.08737	0.02080	0.02510	0.01699	0.02163	0.01258	0.01468	0.01012	0.00725	0.00638	0.00209	0.01048	0.00505	0.00344	0.01078
57	0.01133	0.00850	0.01274	0.01274	0.01416	0.00991	0.00991	0.01416	0.01274	0.01841	0.02124	0.03115	0.01982	0.05947	0.68989	0.01274	0.02124	0.00850	0.00425	0.00708
58	0.00966	0.00690	0.00920	0.01104	0.01150	0.00644	0.00736	0.01104	0.01518	0.02024	0.04371	0.71614	0.05245	0.02484	0.01012	0.00322	0.00460	0.02254	0.00736	0.00644
59	0.01590	0.04102	0.68023	0.02260	0.03432	0.01842	0.02930	0.02511	0.01674	0.02511	0.01423	0.01674	0.01005	0.00753	0.00753	0.00251	0.01172	0.00586	0.00335	0.01172
60	0.01478	0.00739	0.00739	0.00739	0.00924	0.00739	0.00554	0.01848	0.01663	0.02956	0.02587	0.02956	0.02033	0.00924	0.00554	0.00185	0.00370	0.00739	0.76534	0.00739
61	0.01498	0.01409	0.02378	0.70226	0.05462	0.01762	0.02202	0.02026	0.01586	0.02026	0.01409	0.02114	0.01057	0.00793	0.00793	0.00264	0.01057	0.00705	0.00352	0.00881
62	0.01278	0.00913	0.01278	0.01460	0.01643	0.00913	0.01278	0.01643	0.01825	0.02373	0.04199	0.08945	0.04564	0.02191	0.01095	0.00365	0.00730	0.61847	0.00730	0.00730
63	0.01950	0.44321	0.28172	0.01722	0.02577	0.04995	0.01956	0.02454	0.01658	0.02112	0.01228	0.01429	0.01013	0.00712	0.00608	0.00202	0.00991	0.00488	0.00340	0.01072
64	0.02005	0.02187	0.02432	0.23164	0.08689	0.19706	0.01883	0.02320	0.01650	0.02010	0.01240	0.01790	0.01059	0.00998	0.01398	0.00275	0.25257	0.00650	0.00369	0.00918
65	0.01926	0.02220	0.04559	0.03278	0.04061	0.05317	0.61199	0.02571	0.01890	0.02510	0.01586	0.02104	0.01194	0.00676	0.00925	0.00264	0.01342	0.00915	0.00401	0.01062
66	0.00966	0.00690	0.00920	0.01104	0.01150	0.00644	0.00736	0.01104	0.01518	0.02024	0.04371	0.71614	0.05245	0.02484	0.01012	0.00322	0.00460	0.02254	0.00736	0.00644
67	0.01278	0.00913	0.01278	0.01460	0.01643	0.00913	0.01278	0.01643	0.01825	0.02373	0.04199	0.08945	0.04564	0.02191	0.01095	0.00365	0.00730	0.61847	0.00730	0.00730
68	0.03205	0.01428	0.01830	0.01456	0.02033	0.01345	0.01185	0.03942	0.16418	0.53378	0.03151	0.02757	0.02065	0.01003	0.00800	0.00251	0.00664	0.00820	0.00943	0.01328
69	0.01888	0.01808	0.03083	0.15386	0.57251	0.01864	0.02396	0.02368	0.01770	0.02500	0.01478	0.01987	0.01224	0.00720	0.00786	0.00240	0.00961	0.00706	0.00386	0.01196
70	0.01590	0.04102	0.68023	0.02260	0.03432	0.01842	0.02930	0.02511	0.01674	0.02511	0.01423	0.01674	0.01005	0.00753	0.00753	0.00251	0.01172	0.00586	0.00335	0.01172
71	0.01644	0.01409	0.01644	0.01175	0.01879	0.01057	0.00940	0.01997	0.01644	0.02584	0.01409	0.01644	0.01175	0.00587	0.00587	0.00117	0.00587	0.00470	0.00470	0.76979
72	0.00977	0.00695	0.00917	0.01090	0.01133	0.00652	0.00721	0.01107	0.01496	0.01995	0.04257	0.67590	0.05102	0.06703	0.01195	0.00349	0.00479	0.02188	0.00721	0.00634
73	0.01660	0.10444	0.57559	0.02250	0.03350	0.01976	0.07067	0.02500	0.01682	0.02452	0.01405	0.01669	0.01020	0.00740	0.00743	0.00245	0.01153	0.00595	0.00340	0.01150
74	0.01963	0.01884	0.03219	0.04867	0.67185	0.01884	0.02434	0.02434	0.01806	0.02591	0.01492	0.01963	0.01256	0.00707	0.00785	0.00236	0.00942	0.00707	0.00393	0.01256
75	0.00966	0.00690	0.00920	0.01104	0.01150	0.00644	0.00736	0.01104	0.01518	0.02024	0.04371	0.71614	0.05245	0.02484	0.01012	0.00322	0.00460	0.02254	0.00736	0.00644
76	0.77733	0.01534	0.01166	0.01043	0.01534	0.01779	0.00859	0.02331	0.01350	0.03558	0.01104	0.01288	0.00859	0.00736	0.00491	0.00245	0.00613	0.00429	0.00491	0.00859
77	0.01153	0.00769	0.00865	0.00865	0.00865	0.00769	0.00480	0.01153	0.01153	0.01538	0.02499	0.05189	0.02883	0.72131	0.04036	0.00769	0.00769	0.01153	0.00480	0.00480
78	0.01996	0.01964	0.03133	0.07446	0.61208	0.05403	0.02377	0.02455	0.01820	0.02533	0.01474	0.01941	0.01235	0.00716	0.00782	0.00235	0.00973	0.00696	0.00392	0.01223
79	0.02094	0.69250	0.07286	0.01401	0.02104	0.03074	0.01434	0.02381	0.01614	0.01897	0.01118	0.01292	0.01017	0.00682	0.00521	0.00174	0.00864	0.00432	0.00339	0.01025
80	0.00962	0.00705	0.00905	0.01065	0.01140	0.00647	0.00719	0.01109	0.01556	0.02040	0.04847	0.63298	0.13253	0.02422	0.01002	0.00315	0.00452	0.02179	0.00736	0.00647
81	0.01312	0.00977	0.01360	0.01598	0.04933	0.00985	0.01270	0.01753	0.05147	0.02392	0.04031	0.15832	0.04365	0.02092	0.01054	0.00348	0.00703	0.48356	0.00718	0.00774
82	0.02078	0.57876	0.14441	0.01540	0.02284	0.06362	0.01622	0.02438	0.01655	0.01975	0.01161	0.01346	0.01016	0.00698	0.00559	0.00185	0.00931	0.00455	0.00342	0.01038
83	0.01874	0.05744	0.09662	0.05735	0.10593	0.01748	0.17811	0.07805	0.01905	0.02715	0.01499	0.01839	0.01176	0.00687	0.00742	0.00204	0.00945	0.00661	0.00445	0.26211
84	0.05726	0.01508	0.01712	0.01281	0.01925	0.01306	0.01028	0.12280	0.01992	0.05966	0.01709	0.05394	0.01437	0.00772	0.00648	0.00160	0.00633	0.00616	0.00561	0.53346
85	0.06213	0.06085	0.02207	0.01583	0.02206	0.05037	0.05890	0.18034	0.05162	0.08399	0.01837	0.04488	0.01461	0.00835	0.00704	0.00198	0.00778	0.00676	0.00602	0.27603
86	0.08554	0.02606	0.16390	0.02177	0.06043	0.07852	0.09250	0.26094	0.02549	0.08365	0.01715	0.01855	0.01232	0.00837	0.00771	0.00242	0.01007	0.00679	0.00586	0.01197
87	0.01756	0.02653	0.24774	0.02828	0.09585	0.01847	0.28305	0.02430	0.01747	0.02514	0.01488	0.01895	0.01133	0.00720	0.00890	0.00245	0.04046	0.00735	0.00384	0.10023
88	0.02718	0.02507	0.12007	0.02015	0.07819	0.18858	0.01643	0.06329	0.07424	0.23730	0.02104	0.02084	0.01484	0.00868	0.00758	0.00230	0.00967	0.00671	0.00637	0.05145
89	0.07216	0.12853	0.16663	0.02601	0.17931	0.08726	0.07042	0.02686	0.06383	0.05234	0.01566	0.01805	0.01223	0.00755	0.00717	0.00227	0.00987	0.00627	0.00439	0.04318
90	0.08889	0.05753	0.15437	0.05446	0.17998	0.01901	0.06860	0.09175	0.01969	0.10211	0.04000	0.02040	0.01451	0.00844	0.00854	0.00248	0.04571	0.00699	0.00511	0.01144

[dist]
# distance from previous block
# <min> <max>
0	15

# created by:
# /st0/software/busco_prod/Augustus/scripts/msa2prfl.pl ./align_prep/131805.fa
