[name]
unknown

[dist]
# distance from previous block
# <min> <max>
10	15

[block]
# block no. 0 follows, 26 sequences, length 31
# corresponding to MSA columns:
# 17-47
name=unknown_A
#
# <colnr> <probs for GDERKNQSTAVLIFYWHMCP>
#	G	D	E	R	K	N	Q	S	T	A	V	L	I	F	Y	W	H	M	C	P
0	0.42455	0.01563	0.01660	0.01497	0.05356	0.01738	0.04307	0.13674	0.01800	0.03338	0.04205	0.05804	0.01470	0.00896	0.00713	0.00239	0.04349	0.00654	0.00533	0.03750
1	0.05805	0.01348	0.01562	0.03220	0.01792	0.01395	0.01055	0.16152	0.08151	0.07750	0.07733	0.16613	0.04547	0.03213	0.00943	0.00251	0.04180	0.01040	0.00664	0.12587
2	0.15498	0.07182	0.01880	0.01502	0.04324	0.01589	0.01147	0.07833	0.08796	0.20425	0.04031	0.09986	0.02130	0.01113	0.00765	0.00257	0.00687	0.00857	0.00722	0.09276
3	0.59770	0.01508	0.01307	0.01118	0.01613	0.01688	0.00917	0.07453	0.04858	0.09082	0.01394	0.01486	0.01034	0.00752	0.00536	0.00231	0.00611	0.00486	0.00547	0.03612
4	0.01629	0.01747	0.05426	0.22409	0.05890	0.01787	0.23576	0.02113	0.01568	0.02194	0.01356	0.01889	0.01076	0.00782	0.01065	0.00247	0.12875	0.00713	0.00368	0.11289
5	0.02610	0.01900	0.02067	0.01626	0.02200	0.02062	0.01326	0.43588	0.16696	0.08901	0.02135	0.02069	0.01535	0.00911	0.00747	0.00225	0.00751	0.00707	0.00751	0.07193
6	0.01674	0.01846	0.09949	0.23606	0.31706	0.01716	0.06200	0.02250	0.05131	0.02285	0.01487	0.01974	0.01182	0.00823	0.00874	0.04251	0.00953	0.00686	0.00378	0.01031
7	0.00983	0.00702	0.00948	0.01124	0.01194	0.00667	0.00807	0.01158	0.01510	0.02002	0.04148	0.60115	0.04888	0.02321	0.00984	0.00316	0.00491	0.14306	0.00703	0.00632
8	0.01521	0.03923	0.69413	0.02162	0.03283	0.01762	0.02802	0.02402	0.01601	0.02402	0.01361	0.01601	0.00961	0.00721	0.00721	0.00240	0.01121	0.00560	0.00320	0.01121
9	0.02806	0.02083	0.02276	0.05487	0.02506	0.02316	0.01477	0.62643	0.03456	0.04628	0.01796	0.01832	0.01275	0.00902	0.00759	0.00229	0.00844	0.00682	0.00736	0.01266
10	0.01184	0.00919	0.01072	0.01062	0.01143	0.04423	0.00731	0.01316	0.01209	0.01621	0.02166	0.03885	0.02278	0.39153	0.33610	0.00925	0.01351	0.00941	0.00432	0.00579
11	0.01049	0.00774	0.00995	0.01022	0.01174	0.00695	0.00718	0.01267	0.01666	0.02317	0.23672	0.41305	0.05160	0.05010	0.01027	0.00284	0.00441	0.01682	0.00706	0.09037
12	0.01103	0.00735	0.00827	0.00827	0.00827	0.00735	0.00460	0.01103	0.01103	0.01471	0.02390	0.04964	0.02758	0.73343	0.03861	0.00735	0.00735	0.01103	0.00460	0.00460
13	0.02830	0.02194	0.02240	0.01748	0.02333	0.06608	0.01431	0.59004	0.06666	0.04516	0.01844	0.01843	0.01322	0.00908	0.00755	0.00227	0.00857	0.00679	0.00736	0.01260
14	0.01430	0.00764	0.00868	0.00814	0.01016	0.00759	0.03329	0.01796	0.01599	0.02811	0.02434	0.02794	0.01910	0.00873	0.00546	0.00180	0.00393	0.00715	0.74248	0.00721
15	0.01488	0.03472	0.58206	0.02091	0.03089	0.01657	0.06250	0.02298	0.01672	0.02473	0.08627	0.02068	0.01644	0.00806	0.00750	0.00241	0.01047	0.00668	0.00380	0.01071
16	0.00924	0.00660	0.00880	0.01056	0.01100	0.00616	0.00704	0.01056	0.01452	0.01936	0.04181	0.72848	0.05017	0.02376	0.00968	0.00308	0.00440	0.02156	0.00704	0.00616
17	0.02775	0.02071	0.02215	0.01723	0.02311	0.02302	0.01416	0.59348	0.10477	0.04606	0.01958	0.01931	0.01401	0.00923	0.00760	0.00231	0.00809	0.00702	0.00760	0.01280
18	0.02883	0.02125	0.02276	0.01745	0.02352	0.02352	0.01442	0.66082	0.03566	0.04780	0.01821	0.01821	0.01290	0.00911	0.00759	0.00228	0.00835	0.00683	0.00759	0.01290
19	0.04939	0.02138	0.15384	0.11292	0.46671	0.01778	0.02331	0.02295	0.01663	0.02443	0.01391	0.01814	0.01120	0.00694	0.00734	0.00231	0.00941	0.00643	0.00365	0.01132
20	0.01211	0.00835	0.01058	0.00996	0.01201	0.00777	0.00747	0.03868	0.02089	0.05776	0.50714	0.12821	0.11769	0.01622	0.00892	0.00247	0.00399	0.01425	0.00811	0.00745
21	0.01573	0.01348	0.01573	0.01123	0.01798	0.01011	0.00899	0.01910	0.01573	0.02472	0.01348	0.01573	0.01123	0.00562	0.00562	0.00112	0.00562	0.00449	0.00449	0.77980
22	0.01196	0.00818	0.00947	0.00919	0.00966	0.00845	0.00565	0.04614	0.01248	0.01680	0.02321	0.04580	0.02585	0.62118	0.10909	0.00761	0.00881	0.01049	0.00470	0.00528
23	0.01085	0.00805	0.01181	0.01181	0.01304	0.00928	0.00901	0.01330	0.01208	0.01733	0.02066	0.03171	0.01979	0.12215	0.63925	0.01172	0.01907	0.00841	0.00411	0.00656
24	0.01916	0.01609	0.01694	0.01512	0.01937	0.01852	0.01179	0.07242	0.60490	0.03242	0.02988	0.02776	0.02242	0.01015	0.00759	0.00252	0.00600	0.00841	0.04675	0.01180
25	0.01093	0.00737	0.00824	0.00824	0.00837	0.00731	0.00466	0.01102	0.01135	0.01500	0.02659	0.05082	0.06090	0.69712	0.03710	0.00711	0.00718	0.01128	0.00472	0.00469
26	0.01769	0.01983	0.04127	0.03001	0.03644	0.01984	0.55448	0.02332	0.01688	0.02332	0.01447	0.01983	0.01126	0.00751	0.01154	0.00268	0.12738	0.00858	0.00375	0.00992
27	0.60104	0.01602	0.06327	0.01123	0.01647	0.01593	0.01000	0.02425	0.01443	0.12168	0.01389	0.01496	0.01013	0.00743	0.00530	0.00233	0.00627	0.00480	0.03154	0.00903
28	0.01998	0.69728	0.07787	0.01348	0.02025	0.02929	0.01386	0.02279	0.01545	0.01821	0.01072	0.01239	0.00973	0.00653	0.00500	0.00167	0.00829	0.00415	0.00324	0.00982
29	0.01589	0.09085	0.57340	0.02208	0.03254	0.01874	0.09530	0.02395	0.01617	0.02358	0.01356	0.01620	0.00982	0.00706	0.00722	0.00236	0.01114	0.00585	0.00327	0.01099
30	0.01628	0.18658	0.55615	0.01980	0.03001	0.02023	0.02485	0.02375	0.01589	0.02272	0.01297	0.01520	0.00963	0.00706	0.00671	0.00224	0.01056	0.00528	0.00321	0.01090

[dist]
# distance from previous block
# <min> <max>
0	7

[block]
# block no. 1 follows, 26 sequences, length 92
# corresponding to MSA columns:
# 55-146
name=unknown_B
#
# <colnr> <probs for GDERKNQSTAVLIFYWHMCP>
#	G	D	E	R	K	N	Q	S	T	A	V	L	I	F	Y	W	H	M	C	P
0	0.01609	0.16062	0.58045	0.02012	0.03051	0.01977	0.02541	0.02379	0.01591	0.02295	0.01308	0.01535	0.00963	0.00708	0.00680	0.00227	0.01067	0.00534	0.00321	0.01095
1	0.04495	0.68661	0.03810	0.01315	0.01948	0.05685	0.01290	0.02301	0.01558	0.01839	0.01059	0.01223	0.00969	0.00656	0.00494	0.00166	0.00827	0.00409	0.00332	0.00965
2	0.08304	0.00790	0.00953	0.01060	0.01176	0.00784	0.00738	0.01336	0.04342	0.02249	0.10868	0.55720	0.04741	0.02070	0.00905	0.00291	0.00452	0.01850	0.00699	0.00671
3	0.01569	0.10502	0.63252	0.02081	0.03157	0.01878	0.02661	0.02390	0.01596	0.02344	0.01332	0.01565	0.00962	0.00714	0.00699	0.00233	0.01092	0.00546	0.00321	0.01107
4	0.01667	0.01681	0.02443	0.02058	0.02101	0.02301	0.05228	0.01859	0.01197	0.01859	0.01026	0.01681	0.01004	0.01289	0.02401	0.00328	0.68026	0.00677	0.00335	0.00840
5	0.01083	0.00727	0.00833	0.00853	0.00858	0.00722	0.00487	0.01098	0.01142	0.01523	0.02591	0.12584	0.03011	0.65376	0.03536	0.00687	0.00702	0.01221	0.00487	0.00477
6	0.00928	0.00670	0.00879	0.01037	0.01097	0.00621	0.00698	0.01071	0.01492	0.01982	0.06655	0.66930	0.08492	0.02322	0.00962	0.00303	0.00434	0.02098	0.00709	0.00621
7	0.01521	0.03923	0.69413	0.02162	0.03283	0.01762	0.02802	0.02402	0.01601	0.02402	0.01361	0.01601	0.00961	0.00721	0.00721	0.00240	0.01121	0.00560	0.00320	0.01121
8	0.00941	0.00667	0.00875	0.01034	0.01074	0.00628	0.00680	0.01061	0.01418	0.01891	0.04007	0.66284	0.04798	0.09239	0.01248	0.00349	0.00469	0.02054	0.00680	0.00601
9	0.01466	0.01414	0.02482	0.65088	0.05106	0.01707	0.08108	0.01984	0.01542	0.01984	0.01366	0.02024	0.01024	0.00747	0.00771	0.00253	0.01036	0.00695	0.00341	0.00860
10	0.01887	0.01629	0.01715	0.01544	0.01972	0.01887	0.01201	0.04031	0.67241	0.03173	0.03087	0.02830	0.02315	0.01029	0.00772	0.00257	0.00600	0.00858	0.00772	0.01201
11	0.00984	0.00772	0.00889	0.00860	0.01078	0.00677	0.00645	0.01257	0.01935	0.02538	0.37501	0.06495	0.38181	0.01739	0.00896	0.00247	0.00371	0.01488	0.00769	0.00677
12	0.01414	0.00707	0.00707	0.00707	0.00884	0.00707	0.00530	0.01767	0.01591	0.02828	0.02474	0.02828	0.01944	0.00884	0.00530	0.00177	0.00353	0.00707	0.77554	0.00707
13	0.00933	0.00667	0.00888	0.01050	0.01102	0.00622	0.00705	0.01078	0.01493	0.02000	0.07895	0.68951	0.05141	0.02328	0.00964	0.00304	0.00435	0.02111	0.00712	0.00622
14	0.78701	0.01467	0.01115	0.00997	0.01467	0.01702	0.00821	0.02230	0.01291	0.03403	0.01056	0.01232	0.00821	0.00704	0.00469	0.00235	0.00587	0.00411	0.00469	0.00821
15	0.01734	0.19474	0.42856	0.02028	0.05041	0.06860	0.04528	0.02381	0.01657	0.02250	0.03680	0.01668	0.01201	0.00734	0.00679	0.00219	0.01039	0.00565	0.00349	0.01055
16	0.78701	0.01467	0.01115	0.00997	0.01467	0.01702	0.00821	0.02230	0.01291	0.03403	0.01056	0.01232	0.00821	0.00704	0.00469	0.00235	0.00587	0.00411	0.00469	0.00821
17	0.03321	0.01273	0.01734	0.01336	0.01908	0.01101	0.01101	0.03617	0.02170	0.66808	0.05291	0.02690	0.02064	0.00960	0.00767	0.00235	0.00635	0.00784	0.00935	0.01271
18	0.01814	0.01774	0.03149	0.04265	0.56254	0.01754	0.10822	0.02273	0.01721	0.02442	0.01589	0.05711	0.01400	0.00762	0.00782	0.00234	0.00927	0.00785	0.00394	0.01146
19	0.01568	0.08671	0.62163	0.02146	0.03219	0.01854	0.05350	0.02394	0.01605	0.02361	0.01347	0.01594	0.00970	0.00712	0.00712	0.00235	0.01106	0.00564	0.00323	0.01107
20	0.01521	0.03923	0.69413	0.02162	0.03283	0.01762	0.02802	0.02402	0.01601	0.02402	0.01361	0.01601	0.00961	0.00721	0.00721	0.00240	0.01121	0.00560	0.00320	0.01121
21	0.02764	0.02502	0.02176	0.01778	0.02292	0.22929	0.01420	0.43156	0.02999	0.03716	0.01636	0.01750	0.01230	0.01149	0.04772	0.00275	0.01066	0.00631	0.00626	0.01130
22	0.02723	0.03431	0.02166	0.01958	0.02312	0.63899	0.01484	0.02916	0.02056	0.01853	0.01156	0.01395	0.00979	0.00833	0.00854	0.00208	0.08013	0.00505	0.00385	0.00875
23	0.01116	0.01072	0.07453	0.01068	0.01336	0.00814	0.00912	0.01523	0.02096	0.02981	0.61918	0.05283	0.06574	0.01473	0.00878	0.00239	0.00430	0.01295	0.00787	0.00754
24	0.01074	0.00775	0.01014	0.00954	0.01133	0.00716	0.00716	0.01431	0.02147	0.03042	0.68211	0.05666	0.07157	0.01551	0.00895	0.00239	0.00358	0.01372	0.00835	0.00716
25	0.01699	0.03676	0.63044	0.02085	0.03156	0.01701	0.02644	0.02524	0.01655	0.08685	0.01515	0.01694	0.01047	0.00741	0.00725	0.00240	0.01076	0.00580	0.00379	0.01137
26	0.01074	0.00775	0.01014	0.00954	0.01133	0.00716	0.00716	0.01431	0.02147	0.03042	0.68211	0.05666	0.07157	0.01551	0.00895	0.00239	0.00358	0.01372	0.00835	0.00716
27	0.01800	0.01531	0.01651	0.01525	0.01920	0.01755	0.01203	0.03711	0.58730	0.03056	0.03208	0.03574	0.02582	0.01168	0.00808	0.00269	0.00613	0.08999	0.00762	0.01135
28	0.03403	0.01291	0.01760	0.01350	0.01936	0.01115	0.01115	0.03697	0.02171	0.69137	0.02992	0.02582	0.01878	0.00939	0.00763	0.00235	0.00645	0.00763	0.00939	0.01291
29	0.01145	0.00823	0.01131	0.01300	0.01449	0.00808	0.01086	0.01441	0.01681	0.02189	0.04183	0.22596	0.06797	0.02151	0.01025	0.00337	0.00631	0.47850	0.00700	0.00678
30	0.02833	0.03615	0.02149	0.01954	0.02345	0.70298	0.01466	0.03029	0.02149	0.01856	0.01172	0.01368	0.00977	0.00782	0.00684	0.00195	0.01368	0.00489	0.00391	0.00879
31	0.01626	0.01610	0.02259	0.01947	0.01954	0.02243	0.01618	0.01798	0.01165	0.01822	0.01056	0.01736	0.01048	0.01581	0.06425	0.00383	0.67899	0.00672	0.00336	0.00821
32	0.01642	0.01799	0.03770	0.02781	0.03388	0.01728	0.51668	0.02172	0.01700	0.02316	0.01936	0.13566	0.01772	0.00961	0.00996	0.00269	0.05071	0.01088	0.00433	0.00946
33	0.78701	0.01467	0.01115	0.00997	0.01467	0.01702	0.00821	0.02230	0.01291	0.03403	0.01056	0.01232	0.00821	0.00704	0.00469	0.00235	0.00587	0.00411	0.00469	0.00821
34	0.01877	0.01802	0.03079	0.04656	0.68612	0.01802	0.02328	0.02328	0.01727	0.02478	0.01427	0.01877	0.01201	0.00676	0.00751	0.00225	0.00901	0.00676	0.00375	0.01201
35	0.01989	0.01932	0.02392	0.03023	0.32704	0.09535	0.01749	0.03134	0.29756	0.02705	0.02107	0.02227	0.01652	0.00839	0.00752	0.00236	0.00825	0.00732	0.00546	0.01165
36	0.01119	0.00926	0.01001	0.00955	0.01223	0.00884	0.00724	0.01705	0.13657	0.02500	0.21996	0.06084	0.41097	0.01667	0.00874	0.00252	0.00417	0.01409	0.00749	0.00760
37	0.02904	0.02091	0.02255	0.01729	0.02335	0.02302	0.01428	0.63556	0.03510	0.07386	0.01869	0.01852	0.01314	0.00912	0.00759	0.00228	0.00827	0.00686	0.00766	0.01290
38	0.01074	0.00775	0.01014	0.00954	0.01133	0.00716	0.00716	0.01431	0.02147	0.03042	0.68211	0.05666	0.07157	0.01551	0.00895	0.00239	0.00358	0.01372	0.00835	0.00716
39	0.01573	0.01348	0.01573	0.01123	0.01798	0.01011	0.00899	0.01910	0.01573	0.02472	0.01348	0.01573	0.01123	0.00562	0.00562	0.00112	0.00562	0.00449	0.00449	0.77980
40	0.00981	0.00767	0.00889	0.00868	0.01079	0.00675	0.00647	0.01249	0.01915	0.02512	0.36080	0.09213	0.36881	0.01765	0.00899	0.00250	0.00374	0.01516	0.00766	0.00675
41	0.03308	0.01270	0.01730	0.01333	0.01903	0.01098	0.01098	0.03604	0.02170	0.66429	0.05664	0.02708	0.02094	0.00964	0.00768	0.00235	0.00634	0.00788	0.00935	0.01267
42	0.02749	0.03281	0.02121	0.01895	0.02311	0.57132	0.01438	0.09364	0.08418	0.02270	0.01417	0.01550	0.01134	0.00818	0.00700	0.00204	0.01243	0.00543	0.00463	0.00950
43	0.00924	0.00660	0.00880	0.01056	0.01100	0.00616	0.00704	0.01056	0.01452	0.01936	0.04181	0.72848	0.05017	0.02376	0.00968	0.00308	0.00440	0.02156	0.00704	0.00616
44	0.01750	0.01809	0.02310	0.01989	0.02018	0.07538	0.01645	0.01918	0.01237	0.01828	0.01009	0.01637	0.00994	0.01286	0.02351	0.00321	0.66540	0.00650	0.00336	0.00834
45	0.00982	0.00809	0.00885	0.00861	0.01119	0.00680	0.00639	0.01197	0.01720	0.02177	0.12922	0.15573	0.46927	0.01817	0.00875	0.00248	0.00406	0.01545	0.00694	0.07926
46	0.06677	0.02152	0.02371	0.02409	0.17975	0.09303	0.01612	0.38793	0.05067	0.03799	0.01662	0.01790	0.01247	0.00834	0.00734	0.00225	0.00885	0.00652	0.00614	0.01198
47	0.01415	0.00744	0.00798	0.04815	0.01135	0.00764	0.00622	0.01777	0.01586	0.02776	0.02409	0.02781	0.01890	0.00876	0.00543	0.00181	0.00392	0.00705	0.73074	0.00715
48	0.00924	0.00660	0.00880	0.01056	0.01100	0.00616	0.00704	0.01056	0.01452	0.01936	0.04181	0.72848	0.05017	0.02376	0.00968	0.00308	0.00440	0.02156	0.00704	0.00616
49	0.01573	0.01348	0.01573	0.01123	0.01798	0.01011	0.00899	0.01910	0.01573	0.02472	0.01348	0.01573	0.01123	0.00562	0.00562	0.00112	0.00562	0.00449	0.00449	0.77980
50	0.01222	0.00873	0.01222	0.01397	0.01572	0.00873	0.01222	0.01572	0.01746	0.02270	0.04016	0.08556	0.04365	0.02095	0.01048	0.00349	0.00698	0.63506	0.00698	0.00698
51	0.01080	0.00779	0.01022	0.00972	0.01151	0.00722	0.00736	0.01437	0.02131	0.03010	0.65582	0.05784	0.07043	0.01573	0.00901	0.00243	0.00372	0.03917	0.00829	0.00715
52	0.02883	0.02125	0.02276	0.01745	0.02352	0.02352	0.01442	0.66082	0.03566	0.04780	0.01821	0.01821	0.01290	0.00911	0.00759	0.00228	0.00835	0.00683	0.00759	0.01290
53	0.00924	0.00660	0.00880	0.01056	0.01100	0.00616	0.00704	0.01056	0.01452	0.01936	0.04181	0.72848	0.05017	0.02376	0.00968	0.00308	0.00440	0.02156	0.00704	0.00616
54	0.78701	0.01467	0.01115	0.00997	0.01467	0.01702	0.00821	0.02230	0.01291	0.03403	0.01056	0.01232	0.00821	0.00704	0.00469	0.00235	0.00587	0.00411	0.00469	0.00821
55	0.13265	0.03550	0.59021	0.01985	0.03007	0.01752	0.02501	0.02376	0.01554	0.02554	0.01315	0.01545	0.00940	0.00718	0.00682	0.00239	0.01040	0.00538	0.00343	0.01075
56	0.01103	0.00735	0.00827	0.00827	0.00827	0.00735	0.00460	0.01103	0.01103	0.01471	0.02390	0.04964	0.02758	0.73343	0.03861	0.00735	0.00735	0.01103	0.00460	0.00460
57	0.01521	0.03923	0.69413	0.02162	0.03283	0.01762	0.02802	0.02402	0.01601	0.02402	0.01361	0.01601	0.00961	0.00721	0.00721	0.00240	0.01121	0.00560	0.00320	0.01121
58	0.00932	0.00666	0.00887	0.01051	0.01102	0.00621	0.00705	0.01076	0.01490	0.01996	0.07619	0.69241	0.05132	0.02332	0.00964	0.00304	0.00436	0.02114	0.00711	0.00621
59	0.01684	0.01543	0.02571	0.09966	0.47163	0.01574	0.02049	0.02115	0.01712	0.02380	0.02026	0.03454	0.01925	0.01016	0.00821	0.00257	0.00864	0.15381	0.00448	0.01051
60	0.03319	0.01310	0.01758	0.01360	0.01938	0.01158	0.01120	0.03715	0.05788	0.65470	0.02998	0.02596	0.01902	0.00944	0.00763	0.00236	0.00643	0.00768	0.00930	0.01286
61	0.01573	0.01348	0.01573	0.01123	0.01798	0.01011	0.00899	0.01910	0.01573	0.02472	0.01348	0.01573	0.01123	0.00562	0.00562	0.00112	0.00562	0.00449	0.00449	0.77980
62	0.01066	0.00769	0.01007	0.00960	0.01131	0.00710	0.00715	0.01411	0.02110	0.02982	0.64773	0.09273	0.07042	0.01595	0.00899	0.00242	0.00362	0.01414	0.00828	0.00710
63	0.01887	0.01629	0.01715	0.01544	0.01972	0.01887	0.01201	0.04031	0.67241	0.03173	0.03087	0.02830	0.02315	0.01029	0.00772	0.00257	0.00600	0.00858	0.00772	0.01201
64	0.00919	0.00723	0.00817	0.00888	0.01044	0.00636	0.00622	0.01076	0.01582	0.01971	0.05971	0.33713	0.39033	0.06076	0.01090	0.00304	0.00426	0.01798	0.00691	0.00620
65	0.01385	0.01283	0.02144	0.64886	0.04836	0.01585	0.01974	0.01855	0.01511	0.01938	0.01615	0.08690	0.01388	0.00911	0.00778	0.00258	0.00957	0.00814	0.00372	0.00821
66	0.00924	0.00660	0.00880	0.01056	0.01100	0.00616	0.00704	0.01056	0.01452	0.01936	0.04181	0.72848	0.05017	0.02376	0.00968	0.00308	0.00440	0.02156	0.00704	0.00616
67	0.01835	0.01759	0.03003	0.10951	0.62644	0.01791	0.02307	0.02291	0.01707	0.02427	0.01419	0.01891	0.01184	0.00684	0.00752	0.00228	0.00911	0.00676	0.00372	0.01168
68	0.03150	0.01697	0.02011	0.01542	0.02139	0.01717	0.01274	0.34059	0.02850	0.37815	0.02422	0.02212	0.01592	0.00925	0.00761	0.00231	0.00738	0.00724	0.00851	0.01290
69	0.78701	0.01467	0.01115	0.00997	0.01467	0.01702	0.00821	0.02230	0.01291	0.03403	0.01056	0.01232	0.00821	0.00704	0.00469	0.00235	0.00587	0.00411	0.00469	0.00821
70	0.02379	0.01861	0.01985	0.01630	0.02144	0.02093	0.01311	0.36163	0.32214	0.04003	0.04405	0.02392	0.01930	0.00983	0.00769	0.00241	0.00715	0.00782	0.00767	0.01232
71	0.78701	0.01467	0.01115	0.00997	0.01467	0.01702	0.00821	0.02230	0.01291	0.03403	0.01056	0.01232	0.00821	0.00704	0.00469	0.00235	0.00587	0.00411	0.00469	0.00821
72	0.01573	0.01348	0.01573	0.01123	0.01798	0.01011	0.00899	0.01910	0.01573	0.02472	0.01348	0.01573	0.01123	0.00562	0.00562	0.00112	0.00562	0.00449	0.00449	0.77980
73	0.01067	0.00770	0.01008	0.00959	0.01132	0.00712	0.00715	0.01416	0.02118	0.02995	0.65519	0.08491	0.07067	0.01585	0.00898	0.00241	0.00361	0.01405	0.00829	0.00712
74	0.01969	0.01787	0.01659	0.01479	0.01866	0.11559	0.01141	0.09313	0.38611	0.03012	0.07759	0.02968	0.04743	0.03436	0.00860	0.00255	0.00698	0.00853	0.04976	0.01054
75	0.01025	0.00773	0.00946	0.00903	0.01103	0.00695	0.00677	0.01337	0.02031	0.02767	0.51460	0.06118	0.24080	0.01653	0.00895	0.00243	0.00365	0.01435	0.00799	0.00695
76	0.02883	0.02125	0.02276	0.01745	0.02352	0.02352	0.01442	0.66082	0.03566	0.04780	0.01821	0.01821	0.01290	0.00911	0.00759	0.00228	0.00835	0.00683	0.00759	0.01290
77	0.78701	0.01467	0.01115	0.00997	0.01467	0.01702	0.00821	0.02230	0.01291	0.03403	0.01056	0.01232	0.00821	0.00704	0.00469	0.00235	0.00587	0.00411	0.00469	0.00821
78	0.01036	0.00824	0.01293	0.01310	0.01441	0.00773	0.07855	0.01236	0.01506	0.02010	0.03882	0.61381	0.04556	0.02170	0.00965	0.00305	0.00547	0.05577	0.00669	0.00665
79	0.01659	0.01659	0.02323	0.01991	0.01991	0.02323	0.01659	0.01825	0.01162	0.01825	0.00996	0.01659	0.00996	0.01328	0.02489	0.00332	0.71955	0.00664	0.00332	0.00830
80	0.00932	0.00663	0.00878	0.01046	0.01088	0.00621	0.00694	0.01058	0.01437	0.01916	0.04104	0.69929	0.04920	0.05428	0.01093	0.00326	0.00453	0.02111	0.00694	0.00609
81	0.00962	0.00771	0.00859	0.00837	0.01065	0.00668	0.00628	0.01215	0.01883	0.02415	0.30027	0.06697	0.45732	0.01784	0.00896	0.00250	0.00374	0.01516	0.00753	0.00668
82	0.02967	0.01522	0.08076	0.01403	0.01999	0.01188	0.01247	0.06027	0.02175	0.53366	0.09420	0.02770	0.02303	0.00979	0.00772	0.00235	0.00669	0.00802	0.00862	0.01216
83	0.02455	0.08641	0.02220	0.01597	0.02121	0.02168	0.01319	0.44652	0.10070	0.03910	0.01929	0.02100	0.01485	0.03974	0.07563	0.00339	0.00919	0.00704	0.00675	0.01161
84	0.01651	0.07532	0.41026	0.02497	0.05435	0.01908	0.21884	0.02379	0.01643	0.02354	0.01384	0.01724	0.01028	0.00712	0.00824	0.00243	0.03699	0.00660	0.00342	0.01074
85	0.04771	0.06319	0.07249	0.01674	0.02128	0.27035	0.07347	0.02382	0.01993	0.05262	0.20959	0.02755	0.02842	0.00980	0.00750	0.00216	0.00931	0.00795	0.00539	0.03074
86	0.04365	0.13446	0.44150	0.02186	0.09067	0.04721	0.02319	0.05040	0.01713	0.04338	0.01371	0.01588	0.01021	0.00722	0.00683	0.00225	0.01023	0.00552	0.00370	0.01100
87	0.01871	0.30048	0.31607	0.01752	0.02550	0.04323	0.01962	0.08311	0.01751	0.02334	0.01292	0.01517	0.01029	0.00899	0.03000	0.00244	0.03570	0.00523	0.00369	0.01049
88	0.02523	0.02600	0.20033	0.01855	0.02598	0.02196	0.01802	0.49240	0.03047	0.04151	0.01699	0.01763	0.01203	0.00860	0.00749	0.00231	0.00910	0.00651	0.00643	0.01245
89	0.05283	0.47401	0.10168	0.01404	0.02091	0.02509	0.01405	0.08579	0.01759	0.04358	0.01249	0.01392	0.01039	0.00685	0.00553	0.00177	0.00808	0.00464	0.00404	0.08273
90	0.01436	0.05881	0.15493	0.01450	0.01865	0.05485	0.03442	0.01799	0.01675	0.05878	0.07022	0.27597	0.08298	0.01584	0.00856	0.00269	0.00718	0.07834	0.00593	0.00825
91	0.02555	0.01996	0.05799	0.01972	0.08522	0.02028	0.01543	0.43224	0.06572	0.08726	0.02102	0.02503	0.01627	0.00988	0.00782	0.00241	0.00818	0.06079	0.00708	0.01217

[dist]
# distance from previous block
# <min> <max>
1	15

[block]
# block no. 2 follows, 26 sequences, length 17
# corresponding to MSA columns:
# 162-178
name=unknown_C
#
# <colnr> <probs for GDERKNQSTAVLIFYWHMCP>
#	G	D	E	R	K	N	Q	S	T	A	V	L	I	F	Y	W	H	M	C	P
0	0.01683	0.15534	0.54560	0.02006	0.03005	0.06006	0.02473	0.02417	0.01624	0.02267	0.01299	0.01524	0.00964	0.00712	0.00680	0.00225	0.01084	0.00530	0.00325	0.01082
1	0.09228	0.31569	0.23197	0.01570	0.02297	0.04402	0.01685	0.05509	0.05558	0.02428	0.05023	0.01711	0.01392	0.00765	0.00615	0.00207	0.00865	0.00550	0.00415	0.01015
2	0.01769	0.09559	0.35707	0.01892	0.02681	0.01799	0.07265	0.11653	0.01861	0.04340	0.01715	0.06004	0.01452	0.07794	0.01035	0.00283	0.00974	0.00739	0.00442	0.01037
3	0.01564	0.08638	0.47997	0.02299	0.10933	0.01791	0.02411	0.02260	0.01603	0.02336	0.03491	0.05503	0.01394	0.00846	0.00794	0.00240	0.03791	0.00676	0.00364	0.01069
4	0.01752	0.03612	0.59397	0.02079	0.03122	0.01784	0.02583	0.08573	0.01820	0.06163	0.01492	0.01674	0.01041	0.00750	0.00727	0.00239	0.01068	0.00583	0.00395	0.01146
5	0.01645	0.16578	0.51809	0.01952	0.02929	0.02000	0.02394	0.02512	0.06997	0.02352	0.01447	0.01632	0.01075	0.00733	0.00682	0.00227	0.01021	0.00556	0.00358	0.01100
6	0.00974	0.00764	0.00895	0.00977	0.01163	0.00685	0.00749	0.01186	0.01664	0.02069	0.06010	0.23914	0.38572	0.02073	0.00947	0.00289	0.00467	0.15251	0.00703	0.00647
7	0.01882	0.01551	0.05181	0.01326	0.01878	0.01382	0.01112	0.10717	0.17543	0.09275	0.04527	0.02899	0.10968	0.00976	0.00719	0.00203	0.00614	0.00795	0.00651	0.25800
8	0.02068	0.01445	0.01693	0.01269	0.01897	0.01252	0.01023	0.09058	0.08179	0.14780	0.01860	0.01901	0.01391	0.00710	0.00638	0.00160	0.00609	0.00569	0.00600	0.48899
9	0.02066	0.01550	0.01632	0.01591	0.01864	0.01314	0.01096	0.01950	0.02326	0.03118	0.18172	0.13613	0.37174	0.05874	0.01447	0.00465	0.00788	0.01741	0.01019	0.01200
10	0.01739	0.01625	0.02723	0.04018	0.56986	0.01615	0.02050	0.02173	0.01799	0.02575	0.12933	0.02530	0.02227	0.00827	0.00776	0.00228	0.00808	0.00796	0.00455	0.01118
11	0.01537	0.01348	0.01752	0.19050	0.02670	0.01183	0.01206	0.01917	0.01559	0.02336	0.01348	0.01687	0.01095	0.00612	0.00612	0.00148	0.00676	0.00507	0.00421	0.58337
12	0.02976	0.01182	0.01609	0.01299	0.01792	0.01029	0.01044	0.03242	0.02047	0.57559	0.03197	0.14687	0.02418	0.01186	0.00798	0.00247	0.00610	0.01003	0.00898	0.01175
13	0.01713	0.01605	0.02700	0.04036	0.56981	0.01598	0.02048	0.02109	0.01680	0.02385	0.01901	0.14104	0.01859	0.00969	0.00788	0.00240	0.00822	0.00931	0.00432	0.01101
14	0.01764	0.01642	0.02759	0.04094	0.57062	0.01642	0.02137	0.02198	0.01730	0.02442	0.01873	0.03028	0.01747	0.00920	0.00802	0.00247	0.00866	0.11500	0.00431	0.01115
15	0.15088	0.01707	0.02616	0.03735	0.51540	0.01720	0.01951	0.02277	0.01639	0.02637	0.01356	0.01741	0.01130	0.00671	0.00687	0.00218	0.00819	0.00612	0.00398	0.07460
16	0.01691	0.01791	0.03265	0.06233	0.13899	0.05658	0.34780	0.02198	0.01836	0.02466	0.13078	0.05380	0.02329	0.00885	0.00855	0.00246	0.01018	0.00956	0.00471	0.00966

[dist]
# distance from previous block
# <min> <max>
0	5

# created by:
# /st0/software/busco_prod/Augustus/scripts/msa2prfl.pl ./align_prep/131950.fa
