[name]
unknown

[dist]
# distance from previous block
# <min> <max>
0	25

[block]
# block no. 0 follows, 23 sequences, length 62
# corresponding to MSA columns:
# 29-90
name=unknown_A
#
# <colnr> <probs for GDERKNQSTAVLIFYWHMCP>
#	G	D	E	R	K	N	Q	S	T	A	V	L	I	F	Y	W	H	M	C	P
0	0.04835	0.03048	0.33742	0.05171	0.10213	0.05127	0.05176	0.09787	0.02042	0.06718	0.01772	0.02269	0.01369	0.00886	0.00800	0.00259	0.01076	0.04056	0.00480	0.01174
1	0.09079	0.02139	0.04748	0.01825	0.04971	0.06678	0.01452	0.31608	0.09301	0.07177	0.02077	0.05385	0.01622	0.00987	0.00772	0.00240	0.00843	0.00765	0.00701	0.07627
2	0.04722	0.07696	0.02170	0.01640	0.05234	0.04474	0.01271	0.14740	0.02222	0.14455	0.01942	0.05087	0.01542	0.00893	0.00777	0.00204	0.03124	0.00690	0.00631	0.26486
3	0.28682	0.01735	0.02016	0.04537	0.11739	0.04620	0.04377	0.08734	0.01972	0.10797	0.06246	0.02105	0.01668	0.00856	0.00700	0.00239	0.00783	0.00672	0.00590	0.06933
4	0.01724	0.09968	0.53624	0.02565	0.11273	0.02008	0.02791	0.02547	0.01724	0.02521	0.01436	0.01713	0.01061	0.00758	0.00753	0.00248	0.01140	0.00600	0.00350	0.01196
5	0.02213	0.05454	0.08129	0.06196	0.29113	0.09014	0.05082	0.12106	0.04808	0.02926	0.01610	0.01923	0.01276	0.00786	0.00777	0.00233	0.01008	0.00684	0.00481	0.06183
6	0.52292	0.08515	0.01927	0.04339	0.02076	0.01909	0.06341	0.02561	0.01563	0.10058	0.01407	0.01581	0.01054	0.00771	0.00590	0.00246	0.00741	0.00535	0.00526	0.00968
7	0.01267	0.00911	0.01198	0.01175	0.01292	0.00999	0.00842	0.04846	0.01413	0.01963	0.02412	0.07213	0.02490	0.29307	0.37938	0.01009	0.01515	0.01045	0.00492	0.00674
8	0.01618	0.01543	0.02650	0.57436	0.14620	0.01831	0.04567	0.02155	0.01667	0.02179	0.01462	0.02141	0.01118	0.00793	0.00816	0.00266	0.01075	0.00730	0.00369	0.00966
9	0.02312	0.01796	0.01875	0.01606	0.02087	0.04930	0.01268	0.15884	0.35753	0.09537	0.08677	0.03174	0.05176	0.01142	0.00835	0.00262	0.00703	0.00933	0.00824	0.01227
10	0.01683	0.01442	0.01683	0.01202	0.01923	0.01082	0.00961	0.02043	0.01683	0.02644	0.01442	0.01683	0.01202	0.00601	0.00601	0.00120	0.00601	0.00481	0.00481	0.76444
11	0.77215	0.01569	0.01193	0.01067	0.01569	0.01820	0.00879	0.02385	0.01381	0.03641	0.01130	0.01318	0.00879	0.00753	0.00502	0.00251	0.00628	0.00439	0.00502	0.00879
12	0.00997	0.00710	0.00939	0.01119	0.01163	0.00665	0.00741	0.01132	0.01536	0.02048	0.04384	0.67928	0.05255	0.05720	0.01178	0.00351	0.00485	0.02255	0.00741	0.00651
13	0.01561	0.01471	0.02485	0.65669	0.09230	0.01810	0.02268	0.02098	0.01636	0.02108	0.01447	0.02154	0.01094	0.00806	0.00811	0.00269	0.01075	0.00721	0.00363	0.00924
14	0.61767	0.01604	0.01404	0.04032	0.01857	0.01822	0.01017	0.07436	0.01668	0.09134	0.01387	0.01528	0.01025	0.00795	0.00567	0.00251	0.00673	0.00507	0.00564	0.00963
15	0.02391	0.01138	0.01510	0.01272	0.01684	0.01031	0.01017	0.02821	0.04927	0.33882	0.30388	0.04485	0.04588	0.01347	0.00891	0.00259	0.00558	0.03792	0.00937	0.01083
16	0.01929	0.02079	0.03877	0.15240	0.19964	0.05351	0.34395	0.02513	0.01867	0.02489	0.01558	0.02102	0.01209	0.00724	0.00882	0.00262	0.01222	0.00836	0.00400	0.01101
17	0.02218	0.01842	0.01947	0.01692	0.02186	0.02112	0.01333	0.15446	0.53496	0.03717	0.03049	0.02825	0.02271	0.01077	0.00823	0.00269	0.00689	0.00882	0.00823	0.01302
18	0.02018	0.01743	0.01835	0.01651	0.02110	0.02018	0.01284	0.04312	0.64956	0.03394	0.03303	0.03027	0.02477	0.01101	0.00826	0.00275	0.00642	0.00917	0.00826	0.01284
19	0.02243	0.01855	0.01962	0.01697	0.02196	0.02123	0.01339	0.16852	0.52049	0.03757	0.03017	0.02800	0.02245	0.01074	0.00823	0.00269	0.00695	0.00878	0.00823	0.01305
20	0.01018	0.00727	0.00976	0.01164	0.01224	0.00685	0.00805	0.01181	0.01583	0.02105	0.04456	0.65202	0.05302	0.02514	0.01044	0.00334	0.00496	0.07765	0.00753	0.00667
21	0.01180	0.00787	0.00885	0.00885	0.00885	0.00787	0.00492	0.01180	0.01180	0.01573	0.02557	0.05310	0.02950	0.71483	0.04130	0.00787	0.00787	0.01180	0.00492	0.00492
22	0.01532	0.01442	0.02434	0.69533	0.05589	0.01803	0.02253	0.02073	0.01622	0.02073	0.01442	0.02163	0.01082	0.00811	0.00811	0.00270	0.01082	0.00721	0.00361	0.00901
23	0.03641	0.01381	0.01883	0.01444	0.02071	0.01193	0.01193	0.03954	0.02322	0.66984	0.03201	0.02762	0.02009	0.01004	0.00816	0.00251	0.00690	0.00816	0.01004	0.01381
24	0.01131	0.00825	0.01037	0.00986	0.01169	0.00759	0.00724	0.01459	0.02144	0.02982	0.53784	0.06182	0.13597	0.08200	0.01253	0.00307	0.00423	0.01467	0.00841	0.00731
25	0.03031	0.03867	0.02299	0.02090	0.02508	0.68226	0.01568	0.03240	0.02299	0.01986	0.01254	0.01463	0.01045	0.00836	0.00732	0.00209	0.01463	0.00523	0.00418	0.00941
26	0.01683	0.01442	0.01683	0.01202	0.01923	0.01082	0.00961	0.02043	0.01683	0.02644	0.01442	0.01683	0.01202	0.00601	0.00601	0.00120	0.00601	0.00481	0.00481	0.76444
27	0.01627	0.04197	0.67279	0.02313	0.03512	0.01884	0.02998	0.02570	0.01713	0.02570	0.01456	0.01713	0.01028	0.00771	0.00771	0.00257	0.01199	0.00600	0.00343	0.01199
28	0.00989	0.00706	0.00942	0.01130	0.01177	0.00659	0.00753	0.01130	0.01554	0.02071	0.04472	0.70954	0.05367	0.02542	0.01036	0.00330	0.00471	0.02307	0.00753	0.00659
29	0.01180	0.00787	0.00885	0.00885	0.00885	0.00787	0.00492	0.01180	0.01180	0.01573	0.02557	0.05310	0.02950	0.71483	0.04130	0.00787	0.00787	0.01180	0.00492	0.00492
30	0.00959	0.00822	0.00822	0.00822	0.01096	0.00685	0.00617	0.01165	0.01850	0.02192	0.08220	0.07809	0.66092	0.02055	0.00959	0.00274	0.00411	0.01713	0.00754	0.00685
31	0.01886	0.01803	0.03072	0.21581	0.50778	0.01896	0.02429	0.02383	0.01790	0.02502	0.01505	0.02048	0.01233	0.00746	0.00805	0.00249	0.00994	0.00722	0.00391	0.01187
32	0.01683	0.01442	0.01683	0.01202	0.01923	0.01082	0.00961	0.02043	0.01683	0.02644	0.01442	0.01683	0.01202	0.00601	0.00601	0.00120	0.00601	0.00481	0.00481	0.76444
33	0.03031	0.03867	0.02299	0.02090	0.02508	0.68226	0.01568	0.03240	0.02299	0.01986	0.01254	0.01463	0.01045	0.00836	0.00732	0.00209	0.01463	0.00523	0.00418	0.00941
34	0.02008	0.01928	0.03294	0.04981	0.66422	0.01928	0.02490	0.02490	0.01848	0.02651	0.01526	0.02008	0.01285	0.00723	0.00803	0.00241	0.00964	0.00723	0.00402	0.01285
35	0.01697	0.01455	0.01689	0.01222	0.01931	0.01123	0.00976	0.02143	0.04471	0.02677	0.01524	0.01742	0.01258	0.00623	0.00611	0.00127	0.00603	0.00500	0.00496	0.73131
36	0.01157	0.00835	0.01097	0.01048	0.01239	0.00775	0.00796	0.01540	0.02273	0.03207	0.62515	0.06235	0.07488	0.01692	0.00966	0.00262	0.00403	0.04821	0.00885	0.00765
37	0.01308	0.00934	0.01308	0.01494	0.01681	0.00934	0.01308	0.01681	0.01868	0.02428	0.04296	0.09153	0.04670	0.02242	0.01121	0.00374	0.00747	0.60960	0.00747	0.00747
38	0.03174	0.01279	0.01726	0.01358	0.01909	0.01111	0.01108	0.03494	0.02301	0.55196	0.12619	0.03435	0.05232	0.01140	0.00842	0.00253	0.00635	0.00945	0.00979	0.01264
39	0.01138	0.00778	0.00901	0.00927	0.00957	0.00761	0.00552	0.01190	0.01328	0.01767	0.06396	0.15576	0.06677	0.53854	0.03334	0.00664	0.00699	0.01394	0.00566	0.00541
40	0.77215	0.01569	0.01193	0.01067	0.01569	0.01820	0.00879	0.02385	0.01381	0.03641	0.01130	0.01318	0.00879	0.00753	0.00502	0.00251	0.00628	0.00439	0.00502	0.00879
41	0.00997	0.00712	0.00949	0.01124	0.01179	0.00665	0.00754	0.01150	0.01591	0.02132	0.07609	0.67645	0.05483	0.02497	0.01032	0.00326	0.00466	0.02264	0.00760	0.00665
42	0.01092	0.00804	0.01023	0.01018	0.01190	0.00734	0.00744	0.01404	0.02091	0.02882	0.46346	0.19329	0.14556	0.01886	0.00973	0.00273	0.00404	0.01667	0.00847	0.00734
43	0.02585	0.01715	0.01924	0.01624	0.02152	0.01863	0.01293	0.11810	0.40537	0.20471	0.03103	0.02819	0.02213	0.01059	0.00821	0.00265	0.00687	0.00867	0.00871	0.01322
44	0.00977	0.00793	0.00867	0.00911	0.01123	0.00683	0.00659	0.01176	0.01800	0.02221	0.10533	0.23609	0.47509	0.02155	0.00978	0.00287	0.00424	0.01848	0.00761	0.00683
45	0.02304	0.01885	0.01996	0.01709	0.02219	0.02152	0.01353	0.20238	0.48564	0.03855	0.02939	0.02738	0.02183	0.01067	0.00822	0.00267	0.00709	0.00867	0.00822	0.01310
46	0.00999	0.00714	0.00951	0.01123	0.01179	0.00666	0.00754	0.01156	0.01603	0.02149	0.08535	0.66668	0.05518	0.02484	0.01030	0.00325	0.00465	0.02251	0.00762	0.00666
47	0.01635	0.00874	0.00887	0.00843	0.01068	0.00893	0.00643	0.06705	0.01866	0.03188	0.02593	0.02941	0.02025	0.00948	0.00586	0.00193	0.00418	0.00754	0.70133	0.00805
48	0.01156	0.00835	0.01096	0.01044	0.01235	0.00774	0.00792	0.01539	0.02276	0.03213	0.62965	0.06213	0.07510	0.01687	0.00965	0.00261	0.00401	0.04388	0.00886	0.00765
49	0.72811	0.01558	0.01234	0.01090	0.01599	0.01783	0.00898	0.02479	0.01437	0.07432	0.01254	0.01405	0.00946	0.00768	0.00521	0.00251	0.00631	0.00462	0.00532	0.00909
50	0.01159	0.00869	0.01304	0.01304	0.01449	0.01014	0.01014	0.01449	0.01304	0.01884	0.02173	0.03188	0.02029	0.06086	0.68268	0.01304	0.02173	0.00869	0.00435	0.00724
51	0.00987	0.00713	0.00934	0.01111	0.01172	0.00661	0.00745	0.01132	0.01571	0.02079	0.04697	0.67174	0.09002	0.02513	0.01031	0.00326	0.00467	0.02271	0.00753	0.00661
52	0.77215	0.01569	0.01193	0.01067	0.01569	0.01820	0.00879	0.02385	0.01381	0.03641	0.01130	0.01318	0.00879	0.00753	0.00502	0.00251	0.00628	0.00439	0.00502	0.00879
53	0.01159	0.00869	0.01304	0.01304	0.01449	0.01014	0.01014	0.01449	0.01304	0.01884	0.02173	0.03188	0.02029	0.06086	0.68268	0.01304	0.02173	0.00869	0.00435	0.00724
54	0.01069	0.00764	0.01034	0.01222	0.01304	0.00728	0.00893	0.01269	0.01633	0.02161	0.04428	0.55385	0.05191	0.02466	0.01057	0.00341	0.00540	0.17082	0.00752	0.00681
55	0.01775	0.01775	0.02485	0.02130	0.02130	0.02485	0.01775	0.01953	0.01243	0.01953	0.01065	0.01775	0.01065	0.01420	0.02663	0.00355	0.69998	0.00710	0.00355	0.00888
56	0.03641	0.01381	0.01883	0.01444	0.02071	0.01193	0.01193	0.03954	0.02322	0.66984	0.03201	0.02762	0.02009	0.01004	0.00816	0.00251	0.00690	0.00816	0.01004	0.01381
57	0.01419	0.01104	0.01341	0.01338	0.01603	0.01147	0.01081	0.02287	0.18507	0.02932	0.24228	0.06463	0.09117	0.01743	0.00980	0.00303	0.00580	0.22122	0.00815	0.00890
58	0.01935	0.01843	0.03088	0.14847	0.53799	0.01913	0.02394	0.02515	0.04923	0.02598	0.01601	0.02083	0.01312	0.00755	0.00806	0.00247	0.00966	0.00732	0.00416	0.01226
59	0.01691	0.12162	0.59872	0.02204	0.03344	0.02040	0.02809	0.02553	0.01706	0.02492	0.01418	0.01665	0.01029	0.00762	0.00742	0.00247	0.01160	0.00580	0.00343	0.01181
60	0.03035	0.03762	0.02308	0.02076	0.02509	0.63886	0.01566	0.07234	0.02400	0.02192	0.01300	0.01495	0.01067	0.00845	0.00737	0.00211	0.01426	0.00536	0.00444	0.00970
61	0.05021	0.43983	0.06056	0.04839	0.05619	0.08409	0.04739	0.06029	0.04389	0.02325	0.01345	0.01557	0.01136	0.00750	0.00626	0.00203	0.00955	0.00538	0.00411	0.01070

[dist]
# distance from previous block
# <min> <max>
0	1

[block]
# block no. 1 follows, 23 sequences, length 22
# corresponding to MSA columns:
# 92-113
name=unknown_B
#
# <colnr> <probs for GDERKNQSTAVLIFYWHMCP>
#	G	D	E	R	K	N	Q	S	T	A	V	L	I	F	Y	W	H	M	C	P
0	0.01872	0.07541	0.18036	0.03041	0.03933	0.02098	0.46235	0.02581	0.01853	0.02544	0.01566	0.02025	0.01175	0.00703	0.00887	0.00263	0.01297	0.00845	0.00392	0.01113
1	0.00989	0.00706	0.00942	0.01130	0.01177	0.00659	0.00753	0.01130	0.01554	0.02071	0.04472	0.70954	0.05367	0.02542	0.01036	0.00330	0.00471	0.02307	0.00753	0.00659
2	0.01159	0.00869	0.01304	0.01304	0.01449	0.01014	0.01014	0.01449	0.01304	0.01884	0.02173	0.03188	0.02029	0.06086	0.68268	0.01304	0.02173	0.00869	0.00435	0.00724
3	0.01627	0.04197	0.67279	0.02313	0.03512	0.01884	0.02998	0.02570	0.01713	0.02570	0.01456	0.01713	0.01028	0.00771	0.00771	0.00257	0.01199	0.00600	0.00343	0.01199
4	0.03512	0.01352	0.01842	0.01422	0.02027	0.01171	0.01171	0.03829	0.02321	0.63687	0.06449	0.02932	0.02301	0.01038	0.00823	0.00251	0.00675	0.00850	0.00999	0.01349
5	0.01027	0.00829	0.00916	0.00906	0.01154	0.00718	0.00688	0.01288	0.01973	0.02495	0.23945	0.07387	0.47299	0.01954	0.00966	0.00273	0.00418	0.04262	0.00792	0.00710
6	0.02169	0.71972	0.04252	0.01388	0.02083	0.03211	0.01388	0.02430	0.01649	0.01909	0.01128	0.01302	0.01041	0.00694	0.00521	0.00174	0.00868	0.00434	0.00347	0.01041
7	0.07503	0.02231	0.02361	0.01819	0.02460	0.02475	0.01503	0.60060	0.03670	0.05026	0.01899	0.01911	0.01350	0.00961	0.00793	0.00244	0.00877	0.00713	0.00793	0.01350
8	0.01747	0.10863	0.46978	0.02458	0.03522	0.02060	0.16081	0.02561	0.01751	0.02507	0.01462	0.01774	0.01074	0.00744	0.00786	0.00252	0.01201	0.00661	0.00358	0.01160
9	0.77215	0.01569	0.01193	0.01067	0.01569	0.01820	0.00879	0.02385	0.01381	0.03641	0.01130	0.01318	0.00879	0.00753	0.00502	0.00251	0.00628	0.00439	0.00502	0.00879
10	0.01655	0.04024	0.62660	0.02266	0.03413	0.01894	0.02877	0.02693	0.06176	0.02628	0.01586	0.01806	0.01130	0.00794	0.00775	0.00258	0.01160	0.00622	0.00377	0.01205
11	0.01682	0.01584	0.02616	0.49052	0.20840	0.01848	0.02255	0.02314	0.05482	0.02299	0.01575	0.02176	0.01217	0.00806	0.00810	0.00263	0.01025	0.00733	0.00399	0.01022
12	0.01319	0.01096	0.01563	0.01491	0.01608	0.01358	0.01176	0.01652	0.03850	0.01974	0.02148	0.08158	0.02090	0.04558	0.45527	0.00973	0.17275	0.00948	0.00457	0.00779
13	0.01367	0.01002	0.01352	0.01508	0.01717	0.01025	0.01306	0.01903	0.07187	0.02510	0.04212	0.08636	0.04485	0.02145	0.01096	0.00365	0.00738	0.55898	0.00754	0.00792
14	0.01567	0.01446	0.02419	0.61444	0.09924	0.01763	0.02191	0.02096	0.01643	0.02162	0.01506	0.02193	0.01144	0.00811	0.00799	0.00264	0.01040	0.00723	0.03943	0.00923
15	0.01560	0.01471	0.02484	0.65760	0.09145	0.01810	0.02267	0.02098	0.01636	0.02107	0.01447	0.02154	0.01094	0.00806	0.00811	0.00269	0.01075	0.00721	0.00363	0.00924
16	0.02046	0.01907	0.03142	0.11090	0.55441	0.01962	0.02393	0.07234	0.01979	0.02787	0.01551	0.02019	0.01273	0.00751	0.00805	0.00244	0.00970	0.00723	0.00430	0.01255
17	0.02472	0.01968	0.02090	0.01743	0.02283	0.02230	0.01394	0.29587	0.38941	0.04126	0.02726	0.02568	0.02010	0.01047	0.00820	0.00262	0.00749	0.00838	0.00820	0.01325
18	0.03032	0.02247	0.02405	0.01856	0.02496	0.02492	0.01529	0.60770	0.06847	0.05029	0.02015	0.02002	0.01434	0.00980	0.00812	0.00245	0.00880	0.00740	0.00812	0.01375
19	0.01872	0.01789	0.03047	0.23486	0.48983	0.01892	0.02422	0.02371	0.01783	0.02485	0.01502	0.02053	0.01227	0.00748	0.00806	0.00249	0.00998	0.00722	0.00390	0.01175
20	0.01409	0.00705	0.01057	0.01057	0.01057	0.00705	0.00705	0.01057	0.01057	0.01409	0.01409	0.02467	0.01409	0.02819	0.03171	0.76392	0.00705	0.00705	0.00352	0.00352
21	0.08034	0.66470	0.04013	0.01363	0.02042	0.03102	0.01349	0.02426	0.01628	0.02044	0.01128	0.01303	0.01029	0.00699	0.00519	0.00180	0.00849	0.00434	0.00359	0.01029

[dist]
# distance from previous block
# <min> <max>
0	0

# created by:
# /st0/software/busco_prod/Augustus/scripts/msa2prfl.pl ./align_prep/132089.fa
