[name]
unknown

[dist]
# distance from previous block
# <min> <max>
0	19

[block]
# block no. 0 follows, 25 sequences, length 37
# corresponding to MSA columns:
# 21-35,37-58
name=unknown_A
#
# <colnr> <probs for GDERKNQSTAVLIFYWHMCP>
#	G	D	E	R	K	N	Q	S	T	A	V	L	I	F	Y	W	H	M	C	P
0	0.01444	0.00964	0.01370	0.01564	0.04424	0.00951	0.01289	0.01801	0.01817	0.07275	0.03916	0.08002	0.04136	0.01992	0.01036	0.00343	0.00719	0.55457	0.00718	0.00781
1	0.02641	0.01535	0.02321	0.06360	0.26815	0.01478	0.01654	0.06168	0.02085	0.33737	0.05529	0.02457	0.01852	0.00879	0.00781	0.00237	0.00773	0.00769	0.00697	0.01231
2	0.01988	0.01719	0.01800	0.06757	0.02256	0.05835	0.01292	0.03794	0.52944	0.05808	0.05114	0.02832	0.02338	0.01031	0.00787	0.00257	0.00685	0.00854	0.00742	0.01167
3	0.01583	0.01346	0.01569	0.01133	0.01787	0.01019	0.00896	0.01910	0.01583	0.02475	0.01432	0.01784	0.01233	0.04238	0.00745	0.00147	0.00583	0.00493	0.00460	0.73581
4	0.01106	0.00798	0.01048	0.01000	0.01182	0.00740	0.00759	0.01471	0.02173	0.03067	0.64116	0.05950	0.07163	0.01615	0.00923	0.00250	0.00384	0.04678	0.00846	0.00731
5	0.05723	0.01997	0.02044	0.01594	0.02195	0.05974	0.01293	0.38211	0.08813	0.03936	0.01794	0.01844	0.01336	0.00840	0.00712	0.00206	0.00786	0.00634	0.00667	0.19400
6	0.01097	0.00793	0.01036	0.00975	0.01158	0.00732	0.00732	0.01463	0.02195	0.03109	0.67505	0.05792	0.07316	0.01585	0.00914	0.00244	0.00366	0.01402	0.00854	0.00732
7	0.00966	0.00698	0.00918	0.01086	0.01155	0.00651	0.00751	0.01121	0.01526	0.02013	0.04501	0.63145	0.09274	0.02376	0.00991	0.00314	0.00466	0.06690	0.00719	0.00638
8	0.01464	0.01378	0.02326	0.70887	0.05340	0.01723	0.02153	0.01981	0.01550	0.01981	0.01378	0.02067	0.01034	0.00775	0.00775	0.00258	0.01034	0.00689	0.00345	0.00861
9	0.00960	0.00686	0.00917	0.01097	0.01149	0.00643	0.00746	0.01106	0.01499	0.01996	0.04265	0.69072	0.05095	0.02415	0.00994	0.00317	0.00463	0.05227	0.00719	0.00634
10	0.01608	0.01378	0.01608	0.01148	0.01837	0.01034	0.00919	0.01952	0.01608	0.02527	0.01378	0.01608	0.01148	0.00574	0.00574	0.00115	0.00574	0.00459	0.00459	0.77491
11	0.01690	0.01608	0.02733	0.38105	0.36360	0.01782	0.02265	0.02179	0.01657	0.02255	0.01418	0.01994	0.01130	0.00733	0.00771	0.00244	0.00978	0.00690	0.00364	0.01043
12	0.78228	0.01499	0.01140	0.01020	0.01499	0.01739	0.00840	0.02279	0.01320	0.03479	0.01080	0.01260	0.00840	0.00720	0.00480	0.00240	0.00600	0.00420	0.00480	0.00840
13	0.01608	0.01378	0.01608	0.01148	0.01837	0.01034	0.00919	0.01952	0.01608	0.02527	0.01378	0.01608	0.01148	0.00574	0.00574	0.00115	0.00574	0.00459	0.00459	0.77491
14	0.01986	0.63574	0.10691	0.01407	0.02104	0.02857	0.01467	0.02307	0.01603	0.01933	0.03349	0.01438	0.01207	0.00702	0.00536	0.00177	0.00847	0.00464	0.00349	0.01002
15	0.01762	0.01343	0.01597	0.01168	0.01822	0.01027	0.00932	0.02094	0.01662	0.08913	0.01661	0.04622	0.01388	0.00688	0.00611	0.00135	0.00577	0.00562	0.00519	0.66915
16	0.02675	0.10218	0.02400	0.01937	0.02315	0.55226	0.01505	0.02876	0.02018	0.01887	0.01165	0.01418	0.01001	0.00852	0.00897	0.00213	0.09598	0.00512	0.00386	0.00902
17	0.19717	0.02022	0.02062	0.01614	0.02203	0.02256	0.01332	0.51284	0.03127	0.04573	0.01687	0.01727	0.01212	0.00884	0.00710	0.00234	0.00797	0.00636	0.00710	0.01212
18	0.01464	0.01378	0.02326	0.70887	0.05340	0.01723	0.02153	0.01981	0.01550	0.01981	0.01378	0.02067	0.01034	0.00775	0.00775	0.00258	0.01034	0.00689	0.00345	0.00861
19	0.78228	0.01499	0.01140	0.01020	0.01499	0.01739	0.00840	0.02279	0.01320	0.03479	0.01080	0.01260	0.00840	0.00720	0.00480	0.00240	0.00600	0.00420	0.00480	0.00840
20	0.01128	0.00752	0.00846	0.00846	0.00846	0.00752	0.00470	0.01128	0.01128	0.01503	0.02443	0.05074	0.02819	0.72751	0.03946	0.00752	0.00752	0.01128	0.00470	0.00470
21	0.02135	0.68018	0.03923	0.01377	0.02020	0.08046	0.01340	0.02380	0.01622	0.01830	0.01087	0.01255	0.00995	0.00673	0.00513	0.00168	0.00872	0.00421	0.00337	0.00988
22	0.01608	0.01378	0.01608	0.01148	0.01837	0.01034	0.00919	0.01952	0.01608	0.02527	0.01378	0.01608	0.01148	0.00574	0.00574	0.00115	0.00574	0.00459	0.00459	0.77491
23	0.02464	0.06524	0.02566	0.02481	0.14681	0.34790	0.06352	0.03064	0.12106	0.05146	0.01655	0.01826	0.01308	0.00807	0.00735	0.00220	0.01117	0.00633	0.00477	0.01046
24	0.02887	0.02142	0.02293	0.01772	0.02382	0.02376	0.01459	0.61716	0.07356	0.04790	0.01938	0.01922	0.01380	0.00938	0.00776	0.00234	0.00839	0.00709	0.00776	0.01313
25	0.01863	0.01370	0.01634	0.01180	0.01857	0.01048	0.00949	0.02201	0.01691	0.11512	0.01607	0.01748	0.01254	0.00627	0.00602	0.00132	0.00586	0.00503	0.00528	0.67108
26	0.01464	0.01378	0.02326	0.70887	0.05340	0.01723	0.02153	0.01981	0.01550	0.01981	0.01378	0.02067	0.01034	0.00775	0.00775	0.00258	0.01034	0.00689	0.00345	0.00861
27	0.01123	0.00770	0.00939	0.00939	0.00971	0.00802	0.00586	0.01187	0.01155	0.01572	0.02358	0.04603	0.02614	0.57195	0.19222	0.00867	0.01060	0.01059	0.00457	0.00522
28	0.01057	0.00960	0.01338	0.01165	0.01479	0.00840	0.09614	0.01323	0.01782	0.02203	0.10362	0.11267	0.50154	0.01791	0.00921	0.00264	0.00523	0.01562	0.00682	0.00712
29	0.03479	0.01320	0.01799	0.01380	0.01979	0.01140	0.01140	0.03779	0.02219	0.68451	0.03059	0.02639	0.01919	0.00960	0.00780	0.00240	0.00660	0.00780	0.00960	0.01320
30	0.00945	0.00675	0.00900	0.01080	0.01125	0.00630	0.00720	0.01080	0.01484	0.01979	0.04274	0.72245	0.05128	0.02429	0.00990	0.00315	0.00450	0.02204	0.00720	0.00630
31	0.01591	0.00864	0.00879	0.00826	0.01049	0.00886	0.00633	0.07982	0.01822	0.03085	0.02464	0.02791	0.01922	0.00906	0.00565	0.00186	0.00409	0.00720	0.69639	0.00781
32	0.01848	0.01515	0.02034	0.34596	0.03581	0.04415	0.01585	0.05580	0.01774	0.08774	0.01560	0.01932	0.01171	0.00737	0.00706	0.00206	0.00853	0.00615	0.00467	0.26051
33	0.02123	0.01647	0.01784	0.01549	0.02027	0.01835	0.01218	0.07591	0.53309	0.09644	0.02981	0.02743	0.02201	0.01012	0.00777	0.00252	0.00630	0.00836	0.00788	0.05052
34	0.09982	0.01965	0.02051	0.01652	0.02208	0.02207	0.01343	0.42122	0.20959	0.04291	0.02147	0.02091	0.01565	0.00944	0.00751	0.00242	0.00762	0.00721	0.00751	0.01247
35	0.01021	0.00904	0.01181	0.01065	0.01354	0.00785	0.06882	0.01268	0.01780	0.02196	0.11231	0.12239	0.51583	0.01848	0.00922	0.00265	0.00484	0.01597	0.00698	0.00696
36	0.02315	0.01638	0.01869	0.01414	0.02047	0.01547	0.01147	0.21877	0.07882	0.12755	0.01920	0.01944	0.01416	0.00780	0.00684	0.00182	0.00676	0.00614	0.00656	0.36638

[dist]
# distance from previous block
# <min> <max>
0	12

[block]
# block no. 1 follows, 25 sequences, length 78
# corresponding to MSA columns:
# 71-148
name=unknown_B
#
# <colnr> <probs for GDERKNQSTAVLIFYWHMCP>
#	G	D	E	R	K	N	Q	S	T	A	V	L	I	F	Y	W	H	M	C	P
0	0.16101	0.02209	0.16463	0.05376	0.07573	0.01752	0.26823	0.02322	0.01698	0.02694	0.06150	0.02080	0.01511	0.00755	0.00770	0.00246	0.01014	0.00749	0.00428	0.03286
1	0.01625	0.05706	0.31507	0.18175	0.13770	0.01827	0.09543	0.02294	0.01660	0.02326	0.01598	0.01986	0.03038	0.00762	0.00766	0.00245	0.01068	0.00681	0.00359	0.01062
2	0.01555	0.04011	0.68733	0.02210	0.03356	0.01801	0.02865	0.02455	0.01637	0.02455	0.01391	0.01637	0.00982	0.00737	0.00737	0.00246	0.01146	0.00573	0.00327	0.01146
3	0.01830	0.02092	0.04575	0.03268	0.04052	0.01961	0.65098	0.02484	0.01830	0.02484	0.01569	0.02092	0.01176	0.00654	0.00915	0.00261	0.01307	0.00915	0.00392	0.01046
4	0.01504	0.01410	0.02213	0.33249	0.05401	0.01773	0.04101	0.01862	0.01447	0.02019	0.01658	0.10111	0.01556	0.01152	0.01361	0.00287	0.23426	0.00871	0.03758	0.00842
5	0.02756	0.01182	0.01584	0.01322	0.01776	0.01058	0.01058	0.05358	0.02105	0.47150	0.05851	0.16837	0.02868	0.01331	0.00840	0.00260	0.00616	0.04027	0.00889	0.01131
6	0.01464	0.01378	0.02326	0.70887	0.05340	0.01723	0.02153	0.01981	0.01550	0.01981	0.01378	0.02067	0.01034	0.00775	0.00775	0.00258	0.01034	0.00689	0.00345	0.00861
7	0.03014	0.02065	0.02261	0.01733	0.02351	0.02246	0.01432	0.57603	0.03466	0.12865	0.02012	0.01959	0.01394	0.00934	0.00776	0.00234	0.00829	0.00708	0.00799	0.01319
8	0.01574	0.02277	0.28960	0.01776	0.02440	0.01330	0.07971	0.02168	0.01874	0.08538	0.20974	0.06504	0.03351	0.01171	0.00845	0.00257	0.00831	0.05592	0.00588	0.00978
9	0.01008	0.00776	0.01163	0.01237	0.01335	0.00725	0.05339	0.01180	0.01509	0.02015	0.04079	0.67211	0.04845	0.02302	0.00984	0.00311	0.00511	0.02112	0.00696	0.00660
10	0.01464	0.01378	0.02326	0.70887	0.05340	0.01723	0.02153	0.01981	0.01550	0.01981	0.01378	0.02067	0.01034	0.00775	0.00775	0.00258	0.01034	0.00689	0.00345	0.00861
11	0.01555	0.04011	0.68733	0.02210	0.03356	0.01801	0.02865	0.02455	0.01637	0.02455	0.01391	0.01637	0.00982	0.00737	0.00737	0.00246	0.01146	0.00573	0.00327	0.01146
12	0.03816	0.01649	0.02228	0.41905	0.06435	0.05656	0.01853	0.10474	0.05793	0.02519	0.01551	0.02030	0.01186	0.00856	0.00882	0.00253	0.06008	0.00684	0.03268	0.00953
13	0.01126	0.00758	0.00879	0.00879	0.00891	0.00770	0.00511	0.01149	0.01137	0.01528	0.02413	0.04905	0.02746	0.67182	0.09415	0.00793	0.00862	0.01103	0.00465	0.00488
14	0.00945	0.00675	0.00900	0.01080	0.01125	0.00630	0.00720	0.01080	0.01484	0.01979	0.04274	0.72245	0.05128	0.02429	0.00990	0.00315	0.00450	0.02204	0.00720	0.00630
15	0.01464	0.01378	0.02326	0.70887	0.05340	0.01723	0.02153	0.01981	0.01550	0.01981	0.01378	0.02067	0.01034	0.00775	0.00775	0.00258	0.01034	0.00689	0.00345	0.00861
16	0.01856	0.01282	0.01338	0.01189	0.01530	0.01411	0.00929	0.12931	0.24261	0.03337	0.02636	0.02724	0.02009	0.00959	0.00665	0.00217	0.00528	0.00772	0.38433	0.00993
17	0.00950	0.00679	0.00904	0.01076	0.01126	0.00633	0.00720	0.01092	0.01508	0.02016	0.06338	0.70075	0.05200	0.02402	0.00987	0.00313	0.00447	0.02178	0.00724	0.00633
18	0.00966	0.00716	0.00897	0.01031	0.01130	0.00658	0.00718	0.01125	0.01553	0.02010	0.04966	0.51414	0.18469	0.04948	0.01090	0.00323	0.00467	0.06174	0.00710	0.00635
19	0.02926	0.01480	0.01867	0.01575	0.04453	0.01440	0.01219	0.18734	0.04292	0.39943	0.02856	0.11163	0.02159	0.01129	0.00805	0.00248	0.00690	0.00938	0.00857	0.01227
20	0.01296	0.00945	0.01284	0.01438	0.01634	0.00963	0.01248	0.01778	0.06207	0.02383	0.04040	0.08346	0.04319	0.02067	0.01052	0.00351	0.00707	0.58472	0.00719	0.00749
21	0.02223	0.01693	0.01847	0.06294	0.02257	0.03708	0.01293	0.12407	0.41365	0.10787	0.02761	0.02621	0.02024	0.00992	0.00772	0.00251	0.00692	0.00811	0.04006	0.01195
22	0.18523	0.13234	0.02251	0.01688	0.02151	0.43161	0.01335	0.05272	0.01981	0.02336	0.01182	0.01365	0.00978	0.00768	0.00627	0.00205	0.01128	0.00478	0.00421	0.00917
23	0.01950	0.01813	0.02979	0.12519	0.54887	0.01875	0.02277	0.07569	0.01896	0.02662	0.01482	0.01932	0.01212	0.00721	0.00769	0.00234	0.00929	0.00691	0.00412	0.01191
24	0.01811	0.05171	0.02946	0.11676	0.27539	0.03927	0.13193	0.02267	0.01718	0.02399	0.01422	0.01845	0.01157	0.00669	0.00734	0.00208	0.00933	0.00656	0.00396	0.19333
25	0.01097	0.00793	0.01036	0.00975	0.01158	0.00732	0.00732	0.01463	0.02195	0.03109	0.67505	0.05792	0.07316	0.01585	0.00914	0.00244	0.00366	0.01402	0.00854	0.00732
26	0.01740	0.06967	0.06775	0.26153	0.03871	0.01989	0.21386	0.06479	0.01734	0.02330	0.01435	0.01973	0.01124	0.00993	0.03582	0.00296	0.09082	0.00737	0.00389	0.00967
27	0.01115	0.00746	0.00849	0.00862	0.00865	0.00743	0.00487	0.01124	0.01152	0.01536	0.02568	0.09663	0.02977	0.67947	0.03744	0.00722	0.00731	0.01201	0.00487	0.00481
28	0.02178	0.10771	0.02659	0.01950	0.02312	0.14627	0.07724	0.14930	0.01988	0.02535	0.01425	0.03819	0.01250	0.01244	0.04345	0.00303	0.23813	0.00693	0.00457	0.00976
29	0.01193	0.00852	0.01184	0.01363	0.01517	0.00844	0.01151	0.01509	0.01729	0.02257	0.04137	0.20538	0.04586	0.02195	0.01056	0.00349	0.00665	0.51462	0.00715	0.00698
30	0.01341	0.01180	0.01692	0.01563	0.01637	0.01531	0.01254	0.01563	0.01239	0.01840	0.01793	0.07449	0.01784	0.03714	0.36765	0.00801	0.30829	0.00866	0.00405	0.00753
31	0.13172	0.03630	0.58492	0.02030	0.03075	0.01791	0.02558	0.02429	0.01589	0.02611	0.01344	0.01580	0.00961	0.00734	0.00698	0.00245	0.01063	0.00550	0.00350	0.01100
32	0.11184	0.06838	0.02661	0.14645	0.32620	0.10965	0.01930	0.02365	0.01689	0.02386	0.01315	0.01737	0.01091	0.00757	0.00802	0.00234	0.04745	0.00613	0.00385	0.01039
33	0.01086	0.00784	0.01027	0.00983	0.01156	0.00724	0.00731	0.01436	0.02144	0.03028	0.62968	0.10560	0.07159	0.01646	0.00920	0.00249	0.00372	0.01460	0.00844	0.00724
34	0.01914	0.04075	0.04841	0.17479	0.24968	0.09601	0.14171	0.02570	0.08142	0.02384	0.01588	0.01993	0.01250	0.00750	0.00783	0.00240	0.01047	0.00719	0.00416	0.01070
35	0.01103	0.00800	0.01044	0.01002	0.01187	0.00741	0.00765	0.01463	0.02153	0.03023	0.61240	0.06052	0.08845	0.01636	0.00926	0.00252	0.00392	0.05807	0.00840	0.00728
36	0.01863	0.07717	0.32899	0.09836	0.06418	0.04858	0.11106	0.02501	0.01705	0.07803	0.01507	0.01810	0.01108	0.00777	0.00850	0.00246	0.04868	0.00648	0.00398	0.01082
37	0.08842	0.01332	0.01752	0.01354	0.01945	0.01183	0.01118	0.03671	0.02155	0.63789	0.02917	0.02540	0.01842	0.00942	0.00758	0.00240	0.00655	0.00754	0.00925	0.01285
38	0.01831	0.01636	0.02147	0.11059	0.19118	0.01828	0.01614	0.03293	0.39105	0.02899	0.05328	0.02669	0.02128	0.00949	0.00787	0.00253	0.00733	0.00829	0.00633	0.01160
39	0.01128	0.00752	0.00846	0.00846	0.00846	0.00752	0.00470	0.01128	0.01128	0.01503	0.02443	0.05074	0.02819	0.72751	0.03946	0.00752	0.00752	0.01128	0.00470	0.00470
40	0.74841	0.01468	0.01135	0.01018	0.01484	0.01695	0.00835	0.02243	0.01358	0.03463	0.03997	0.01459	0.01124	0.00758	0.00499	0.00240	0.00590	0.00463	0.00496	0.00835
41	0.03324	0.01304	0.01742	0.01347	0.01919	0.01149	0.01109	0.05494	0.02222	0.62062	0.02987	0.02633	0.01906	0.00955	0.00763	0.00236	0.00645	0.00773	0.06153	0.01279
42	0.02845	0.02073	0.02217	0.01711	0.02302	0.02290	0.01410	0.60989	0.03508	0.04750	0.01907	0.01932	0.01364	0.00929	0.00760	0.00229	0.00820	0.00700	0.05987	0.01278
43	0.02073	0.73217	0.04063	0.01327	0.01990	0.03068	0.01327	0.02322	0.01575	0.01824	0.01078	0.01244	0.00995	0.00663	0.00498	0.00166	0.00829	0.00415	0.00332	0.00995
44	0.00931	0.00786	0.00806	0.00801	0.01057	0.00661	0.00601	0.01142	0.01803	0.02179	0.12818	0.07323	0.62584	0.01932	0.00916	0.00260	0.00390	0.01617	0.00731	0.00661
45	0.02073	0.73217	0.04063	0.01327	0.01990	0.03068	0.01327	0.02322	0.01575	0.01824	0.01078	0.01244	0.00995	0.00663	0.00498	0.00166	0.00829	0.00415	0.00332	0.00995
46	0.01075	0.00792	0.01006	0.00952	0.01145	0.00722	0.00714	0.01420	0.02142	0.02985	0.60186	0.05997	0.14713	0.01632	0.00915	0.00246	0.00369	0.01431	0.00837	0.00722
47	0.00956	0.00683	0.00912	0.01092	0.01142	0.00639	0.00739	0.01099	0.01495	0.01992	0.04267	0.69959	0.05104	0.02419	0.00993	0.00316	0.00459	0.04382	0.00720	0.00633
48	0.02844	0.03586	0.02173	0.01975	0.02377	0.65997	0.01484	0.03151	0.05656	0.01970	0.01304	0.01479	0.01072	0.00813	0.00704	0.00203	0.01356	0.00520	0.00420	0.00917
49	0.01105	0.00742	0.00852	0.00874	0.00880	0.00737	0.00500	0.01122	0.01171	0.01562	0.02667	0.13275	0.03101	0.64166	0.03585	0.00698	0.00715	0.01259	0.00500	0.00489
50	0.01830	0.02092	0.04575	0.03268	0.04052	0.01961	0.65098	0.02484	0.01830	0.02484	0.01569	0.02092	0.01176	0.00654	0.00915	0.00261	0.01307	0.00915	0.00392	0.01046
51	0.01097	0.00793	0.01036	0.00975	0.01158	0.00732	0.00732	0.01463	0.02195	0.03109	0.67505	0.05792	0.07316	0.01585	0.00914	0.00244	0.00366	0.01402	0.00854	0.00732
52	0.02992	0.02101	0.02283	0.01750	0.02369	0.02299	0.01446	0.60208	0.03527	0.10175	0.01961	0.01926	0.01369	0.00933	0.00776	0.00233	0.00837	0.00705	0.00791	0.01319
53	0.01979	0.60619	0.15836	0.01487	0.02239	0.02837	0.01607	0.02346	0.01587	0.01939	0.01135	0.01315	0.00993	0.00677	0.00541	0.00180	0.00887	0.00443	0.00331	0.01022
54	0.00945	0.00675	0.00900	0.01080	0.01125	0.00630	0.00720	0.01080	0.01484	0.01979	0.04274	0.72245	0.05128	0.02429	0.00990	0.00315	0.00450	0.02204	0.00720	0.00630
55	0.01730	0.02137	0.11542	0.02527	0.02969	0.02145	0.25990	0.02175	0.01489	0.02175	0.01274	0.01839	0.01074	0.01011	0.01697	0.00298	0.35852	0.00755	0.00358	0.00961
56	0.01929	0.01666	0.01753	0.01578	0.02016	0.01929	0.01227	0.04120	0.66513	0.03243	0.03156	0.02893	0.02367	0.01052	0.00789	0.00263	0.00614	0.00877	0.00789	0.01227
57	0.01608	0.01378	0.01608	0.01148	0.01837	0.01034	0.00919	0.01952	0.01608	0.02527	0.01378	0.01608	0.01148	0.00574	0.00574	0.00115	0.00574	0.00459	0.00459	0.77491
58	0.00925	0.00750	0.00822	0.00880	0.01072	0.00647	0.00631	0.01102	0.01676	0.02058	0.06705	0.28267	0.47537	0.02113	0.00940	0.00279	0.00411	0.01819	0.00720	0.00647
59	0.78228	0.01499	0.01140	0.01020	0.01499	0.01739	0.00840	0.02279	0.01320	0.03479	0.01080	0.01260	0.00840	0.00720	0.00480	0.00240	0.00600	0.00420	0.00480	0.00840
60	0.01089	0.00792	0.01024	0.00966	0.01153	0.00728	0.00725	0.01447	0.02174	0.03061	0.64670	0.05871	0.10181	0.01603	0.00915	0.00245	0.00367	0.01413	0.00847	0.00728
61	0.01830	0.02092	0.04575	0.03268	0.04052	0.01961	0.65098	0.02484	0.01830	0.02484	0.01569	0.02092	0.01176	0.00654	0.00915	0.00261	0.01307	0.00915	0.00392	0.01046
62	0.01857	0.01779	0.03035	0.13817	0.59343	0.01826	0.02349	0.02325	0.01736	0.02457	0.01447	0.01939	0.01202	0.00702	0.00769	0.00234	0.00937	0.00691	0.00378	0.01178
63	0.01715	0.03787	0.63165	0.02141	0.03241	0.01746	0.02721	0.02566	0.01685	0.07946	0.01530	0.01720	0.01060	0.00755	0.00740	0.00245	0.01105	0.00590	0.00380	0.01160
64	0.03479	0.01320	0.01799	0.01380	0.01979	0.01140	0.01140	0.03779	0.02219	0.68451	0.03059	0.02639	0.01919	0.00960	0.00780	0.00240	0.00660	0.00780	0.00960	0.01320
65	0.00957	0.00685	0.00911	0.01071	0.01127	0.00638	0.00721	0.01112	0.01544	0.02073	0.09534	0.66716	0.05310	0.02359	0.00983	0.00309	0.00443	0.02138	0.00731	0.00638
66	0.00931	0.00729	0.00843	0.00934	0.01086	0.00642	0.00655	0.01096	0.01624	0.02036	0.06041	0.40267	0.35965	0.02199	0.00953	0.00289	0.00422	0.01924	0.00720	0.00642
67	0.01555	0.01427	0.02326	0.66650	0.05160	0.01764	0.02112	0.05865	0.01679	0.02159	0.01408	0.02055	0.01051	0.00785	0.00775	0.00257	0.01023	0.00690	0.00371	0.00889
68	0.01689	0.01001	0.01036	0.00941	0.01193	0.01051	0.00719	0.12043	0.05003	0.03142	0.02447	0.02860	0.01949	0.05320	0.00800	0.00228	0.00476	0.00751	0.56524	0.00827
69	0.01774	0.01932	0.03877	0.05405	0.03602	0.01881	0.47741	0.02331	0.01721	0.02403	0.01477	0.01987	0.01150	0.00725	0.01045	0.00251	0.08857	0.00823	0.00393	0.10625
70	0.02015	0.68774	0.03866	0.01297	0.01920	0.02926	0.01274	0.02249	0.01548	0.01805	0.01162	0.01479	0.01107	0.05083	0.00709	0.00202	0.00824	0.00458	0.00340	0.00963
71	0.01189	0.00981	0.01082	0.01052	0.01263	0.04960	0.00809	0.01510	0.02064	0.02745	0.44438	0.06189	0.18506	0.01675	0.00919	0.00258	0.00474	0.08378	0.00783	0.00725
72	0.00948	0.00787	0.00830	0.00819	0.01067	0.00668	0.00614	0.01175	0.01843	0.02274	0.18422	0.07166	0.56920	0.01897	0.00916	0.00259	0.00388	0.01595	0.00744	0.00668
73	0.02754	0.01990	0.02211	0.05960	0.02489	0.02197	0.01454	0.52713	0.06016	0.07929	0.02057	0.05050	0.01545	0.00994	0.00786	0.00240	0.00826	0.00776	0.00757	0.01256
74	0.01193	0.00810	0.01016	0.00995	0.01121	0.00832	0.00698	0.01383	0.01324	0.01959	0.04089	0.07027	0.02511	0.28588	0.25336	0.00754	0.01104	0.00978	0.12960	0.05324
75	0.02299	0.01868	0.01956	0.01642	0.02105	0.04890	0.01308	0.30010	0.27241	0.03758	0.05563	0.06731	0.02212	0.01110	0.00864	0.00252	0.03382	0.00883	0.00749	0.01178
76	0.01138	0.00948	0.05025	0.00961	0.01040	0.00813	0.00653	0.01213	0.01192	0.01611	0.02519	0.10389	0.02871	0.60404	0.05546	0.00700	0.00792	0.01174	0.00480	0.00531
77	0.06589	0.34925	0.26300	0.01760	0.02545	0.06580	0.04377	0.02403	0.01615	0.02178	0.01212	0.01442	0.00989	0.00726	0.00684	0.00210	0.03583	0.00505	0.00346	0.01029

[dist]
# distance from previous block
# <min> <max>
1	29

# created by:
# /st0/software/busco_prod/Augustus/scripts/msa2prfl.pl ./align_prep/132114.fa
