[name]
unknown

[dist]
# distance from previous block
# <min> <max>
6	74

[block]
# block no. 0 follows, 12 sequences, length 20
# corresponding to MSA columns:
# 78-97
name=unknown_A
#
# <colnr> <probs for GDERKNQSTAVLIFYWHMCP>
#	G	D	E	R	K	N	Q	S	T	A	V	L	I	F	Y	W	H	M	C	P
0	0.02057	0.01186	0.01560	0.01501	0.01777	0.01085	0.01092	0.02411	0.02655	0.12536	0.26302	0.23901	0.07490	0.07347	0.01638	0.00432	0.00668	0.02143	0.01122	0.01096
1	0.08647	0.01210	0.01412	0.01335	0.01610	0.01174	0.00982	0.02081	0.02715	0.04026	0.38966	0.07506	0.11572	0.10064	0.01790	0.00439	0.00624	0.01798	0.01060	0.00988
2	0.02590	0.01496	0.01864	0.01675	0.02088	0.01464	0.01286	0.03392	0.10635	0.16650	0.20113	0.06616	0.05771	0.12702	0.02002	0.00490	0.00818	0.05964	0.01107	0.01276
3	0.03546	0.01652	0.02065	0.01688	0.02238	0.01551	0.01302	0.08381	0.02852	0.29933	0.06495	0.04718	0.03340	0.16242	0.02170	0.00506	0.00922	0.01244	0.07721	0.01434
4	0.01409	0.00983	0.01241	0.01415	0.01458	0.00940	0.00902	0.01539	0.01930	0.02573	0.05200	0.44048	0.06191	0.21730	0.02699	0.00636	0.00766	0.02624	0.00902	0.00815
5	0.02383	0.01401	0.02105	0.01886	0.02239	0.01289	0.06330	0.02672	0.02303	0.15753	0.04730	0.31154	0.04937	0.13066	0.02052	0.00519	0.00908	0.02145	0.00984	0.01146
6	0.03474	0.02026	0.02487	0.02298	0.06304	0.02051	0.01693	0.04979	0.23267	0.25692	0.04907	0.04497	0.08314	0.01524	0.01121	0.00353	0.00888	0.01270	0.01160	0.01696
7	0.13421	0.22982	0.31214	0.02441	0.03685	0.03081	0.02879	0.03353	0.02202	0.03408	0.01746	0.02040	0.01354	0.00999	0.00870	0.00309	0.01345	0.00700	0.00497	0.01474
8	0.20066	0.03832	0.02709	0.02371	0.03021	0.29882	0.01844	0.12685	0.06926	0.04122	0.02022	0.02195	0.01577	0.01157	0.00936	0.00310	0.01467	0.00766	0.00727	0.01386
9	0.10715	0.01950	0.08246	0.07550	0.03014	0.01635	0.06806	0.02332	0.02216	0.03335	0.07816	0.30764	0.04843	0.02251	0.01208	0.00395	0.00968	0.02025	0.00820	0.01111
10	0.04636	0.02266	0.02785	0.02135	0.02988	0.02212	0.01764	0.21056	0.03808	0.38921	0.03724	0.03336	0.02410	0.01336	0.01095	0.00334	0.01021	0.01057	0.01261	0.01855
11	0.01383	0.01023	0.01282	0.01466	0.01612	0.00945	0.01037	0.01616	0.02192	0.02834	0.06923	0.41524	0.17106	0.06543	0.01619	0.00468	0.00681	0.07861	0.00991	0.00894
12	0.02261	0.01938	0.02261	0.01615	0.02584	0.01453	0.01292	0.02745	0.02261	0.03553	0.01938	0.02261	0.01615	0.00807	0.00807	0.00161	0.00807	0.00646	0.00646	0.68346
13	0.01522	0.01098	0.01438	0.01386	0.01624	0.01015	0.01027	0.02004	0.02987	0.04215	0.49521	0.13376	0.09983	0.02347	0.01296	0.00353	0.00526	0.02084	0.01182	0.01015
14	0.42515	0.03015	0.15163	0.01949	0.02850	0.02479	0.01962	0.07958	0.02359	0.04704	0.04738	0.02348	0.01815	0.01117	0.00840	0.00339	0.01049	0.00761	0.00693	0.01345
15	0.02655	0.02712	0.05119	0.05968	0.37897	0.02648	0.19773	0.03397	0.02514	0.03538	0.02104	0.02782	0.01702	0.00953	0.01151	0.00339	0.01483	0.01080	0.00544	0.01639
16	0.02443	0.25549	0.38362	0.02672	0.04045	0.03158	0.03269	0.03387	0.02272	0.03141	0.01802	0.02108	0.01388	0.01000	0.00918	0.00306	0.01455	0.00728	0.00463	0.01537
17	0.37332	0.02824	0.09861	0.07495	0.03312	0.02686	0.01981	0.15030	0.02755	0.04973	0.01891	0.02164	0.01401	0.01096	0.00868	0.00339	0.01099	0.00754	0.00729	0.01410
18	0.02505	0.02807	0.06012	0.11856	0.05940	0.02713	0.44535	0.03398	0.02521	0.03398	0.02170	0.02937	0.01628	0.00942	0.01261	0.00367	0.01787	0.01244	0.00543	0.01436
19	0.02160	0.02041	0.03453	0.50784	0.14996	0.02449	0.03078	0.02874	0.02228	0.02909	0.01956	0.02874	0.01497	0.01071	0.01088	0.00357	0.01428	0.00969	0.00493	0.01293

[dist]
# distance from previous block
# <min> <max>
0	1

[block]
# block no. 1 follows, 12 sequences, length 20
# corresponding to MSA columns:
# 99-117,119
name=unknown_B
#
# <colnr> <probs for GDERKNQSTAVLIFYWHMCP>
#	G	D	E	R	K	N	Q	S	T	A	V	L	I	F	Y	W	H	M	C	P
0	0.13046	0.53157	0.05087	0.01800	0.02693	0.04030	0.01761	0.03256	0.02161	0.02920	0.01516	0.01752	0.01366	0.00945	0.00696	0.00249	0.01117	0.00584	0.00498	0.01366
1	0.01735	0.01124	0.01484	0.01456	0.01702	0.01032	0.01067	0.02151	0.02807	0.07784	0.36914	0.22714	0.08849	0.02498	0.01302	0.00371	0.00579	0.02224	0.01158	0.01051
2	0.01451	0.01067	0.01360	0.01380	0.01596	0.00975	0.01000	0.01845	0.02731	0.03750	0.35386	0.23335	0.14822	0.02629	0.01316	0.00374	0.00552	0.02330	0.01124	0.00975
3	0.02945	0.02290	0.02472	0.02189	0.02830	0.02593	0.01713	0.05742	0.47579	0.10029	0.04423	0.04030	0.03261	0.01465	0.01108	0.00366	0.00870	0.01218	0.01135	0.01740
4	0.02223	0.02168	0.03857	0.44014	0.14495	0.02492	0.09288	0.02963	0.02277	0.02996	0.01990	0.02880	0.01521	0.01050	0.01114	0.00358	0.01479	0.01011	0.00502	0.01324
5	0.02033	0.01016	0.01016	0.01016	0.01270	0.01016	0.00762	0.02541	0.02287	0.04065	0.03557	0.04065	0.02795	0.01270	0.00762	0.00254	0.00508	0.01016	0.67734	0.01016
6	0.01328	0.00949	0.01265	0.01518	0.01581	0.00886	0.01012	0.01518	0.02088	0.02783	0.06010	0.60969	0.07212	0.03416	0.01392	0.00443	0.00633	0.03100	0.01012	0.00886
7	0.01862	0.01185	0.01560	0.01426	0.01739	0.01083	0.01083	0.02367	0.03090	0.09251	0.49546	0.07723	0.09566	0.02145	0.01268	0.00342	0.00554	0.01889	0.01214	0.01107
8	0.02213	0.05218	0.49197	0.03076	0.04478	0.02637	0.03815	0.03346	0.02220	0.03346	0.01889	0.02313	0.01388	0.01149	0.01366	0.00362	0.09143	0.00825	0.00463	0.01557
9	0.01471	0.01112	0.01358	0.01296	0.01585	0.00998	0.00972	0.01919	0.02917	0.03970	0.42100	0.08807	0.22743	0.02379	0.01287	0.00350	0.00525	0.02065	0.01147	0.00998
10	0.01328	0.00949	0.01265	0.01518	0.01581	0.00886	0.01012	0.01518	0.02088	0.02783	0.06010	0.60969	0.07212	0.03416	0.01392	0.00443	0.00633	0.03100	0.01012	0.00886
11	0.03991	0.02978	0.03186	0.02478	0.03323	0.03310	0.02035	0.46378	0.10242	0.06624	0.02813	0.02773	0.02012	0.01327	0.01093	0.00332	0.01164	0.01009	0.01093	0.01841
12	0.02699	0.02591	0.04426	0.06693	0.54879	0.02591	0.03346	0.03346	0.02483	0.03562	0.02051	0.02699	0.01727	0.00972	0.01079	0.00324	0.01295	0.00972	0.00540	0.01727
13	0.04480	0.02432	0.10685	0.02118	0.03078	0.01744	0.01972	0.05030	0.02996	0.47681	0.03944	0.03496	0.02498	0.01302	0.01087	0.00339	0.01032	0.01052	0.01214	0.01818
14	0.01328	0.00949	0.01265	0.01518	0.01581	0.00886	0.01012	0.01518	0.02088	0.02783	0.06010	0.60969	0.07212	0.03416	0.01392	0.00443	0.00633	0.03100	0.01012	0.00886
15	0.03205	0.02418	0.02725	0.02253	0.02897	0.02714	0.01821	0.30676	0.11176	0.05309	0.02970	0.03300	0.02316	0.03272	0.16968	0.00736	0.01636	0.01071	0.00951	0.01587
16	0.02675	0.02551	0.04154	0.05966	0.45834	0.02661	0.03116	0.03522	0.07217	0.03583	0.02229	0.02804	0.01856	0.01094	0.01279	0.00340	0.05848	0.00995	0.00589	0.01685
17	0.02422	0.02082	0.02334	0.01831	0.02674	0.01903	0.01447	0.03835	0.20364	0.03913	0.02832	0.02907	0.02227	0.01048	0.00915	0.00236	0.00827	0.00856	0.00812	0.44535
18	0.02915	0.62337	0.05714	0.01866	0.02799	0.04314	0.01866	0.03265	0.02215	0.02565	0.01516	0.01749	0.01399	0.00933	0.00700	0.00233	0.01166	0.00583	0.00466	0.01399
19	0.03370	0.19176	0.03452	0.02022	0.02770	0.02873	0.01727	0.18284	0.06475	0.13447	0.08475	0.07203	0.03230	0.01462	0.01024	0.00315	0.01010	0.01154	0.00967	0.01564

[dist]
# distance from previous block
# <min> <max>
0	1

[block]
# block no. 2 follows, 12 sequences, length 18
# corresponding to MSA columns:
# 121-138
name=unknown_C
#
# <colnr> <probs for GDERKNQSTAVLIFYWHMCP>
#	G	D	E	R	K	N	Q	S	T	A	V	L	I	F	Y	W	H	M	C	P
0	0.02453	0.02559	0.04775	0.03453	0.04413	0.02377	0.30139	0.03167	0.02389	0.03435	0.02048	0.02666	0.01621	0.00970	0.01332	0.00309	0.06654	0.01045	0.00576	0.23618
1	0.01351	0.00966	0.01285	0.01503	0.01586	0.00900	0.01014	0.01574	0.02191	0.02948	0.11008	0.55502	0.07530	0.03293	0.01381	0.00432	0.00620	0.02983	0.01032	0.00900
2	0.02753	0.43989	0.04987	0.02171	0.02818	0.04016	0.02025	0.03069	0.02048	0.02583	0.01490	0.01944	0.01409	0.01231	0.01581	0.00308	0.19075	0.00697	0.00470	0.01336
3	0.02465	0.02944	0.09865	0.03755	0.04872	0.02428	0.34960	0.03312	0.02475	0.03503	0.02120	0.02723	0.01621	0.00903	0.01151	0.00317	0.01573	0.01092	0.00566	0.17356
4	0.02227	0.05361	0.50898	0.03262	0.04821	0.02556	0.08882	0.03457	0.02330	0.03457	0.01983	0.02368	0.01409	0.01024	0.01062	0.00348	0.01635	0.00855	0.00470	0.01597
5	0.02033	0.01016	0.01016	0.01016	0.01270	0.01016	0.00762	0.02541	0.02287	0.04065	0.03557	0.04065	0.02795	0.01270	0.00762	0.00254	0.00508	0.01016	0.67734	0.01016
6	0.02571	0.02460	0.04194	0.17181	0.45392	0.02557	0.03283	0.03234	0.02422	0.03407	0.02028	0.02740	0.01672	0.00995	0.01082	0.00332	0.01327	0.00971	0.00529	0.01624
7	0.10603	0.38435	0.07808	0.02120	0.02978	0.16569	0.01983	0.03529	0.02388	0.02907	0.01584	0.01838	0.01375	0.00994	0.00785	0.00263	0.01348	0.00626	0.00512	0.01356
8	0.01289	0.01105	0.01105	0.01105	0.01473	0.00920	0.00828	0.01565	0.02485	0.02946	0.11046	0.10493	0.54437	0.02761	0.01289	0.00368	0.00552	0.02301	0.01013	0.00920
9	0.01362	0.01013	0.01205	0.01340	0.01481	0.00926	0.00897	0.01544	0.02115	0.02713	0.07021	0.36867	0.20359	0.13444	0.02091	0.00529	0.00684	0.02602	0.00951	0.00856
10	0.02775	0.02763	0.05043	0.08159	0.13415	0.02781	0.28064	0.09770	0.08377	0.04004	0.02459	0.02981	0.01862	0.01051	0.01194	0.00355	0.01533	0.01167	0.00675	0.01573
11	0.04156	0.02037	0.02995	0.02263	0.03137	0.01811	0.07875	0.04833	0.06409	0.39724	0.03784	0.03479	0.02490	0.01244	0.01090	0.00324	0.01026	0.01081	0.01154	0.09088
12	0.62146	0.02080	0.01707	0.01491	0.02184	0.02351	0.01228	0.03442	0.01998	0.10586	0.01831	0.01989	0.01351	0.01050	0.00722	0.00337	0.00853	0.00647	0.00750	0.01257
13	0.02399	0.01642	0.01882	0.01614	0.02106	0.01608	0.01270	0.13889	0.03391	0.09359	0.24146	0.07131	0.21023	0.02090	0.01223	0.00346	0.00728	0.01755	0.01131	0.01270
14	0.10079	0.10268	0.03950	0.04154	0.25006	0.06663	0.06963	0.06513	0.02614	0.03673	0.02882	0.03247	0.07059	0.01186	0.01022	0.00320	0.01246	0.01029	0.00635	0.01493
15	0.02434	0.02492	0.03167	0.09065	0.03350	0.08143	0.02340	0.02745	0.01868	0.02638	0.01645	0.02574	0.01547	0.02302	0.07849	0.00560	0.42653	0.00951	0.00495	0.01182
16	0.04342	0.08961	0.03059	0.02086	0.02931	0.02406	0.01752	0.16019	0.06947	0.34564	0.03599	0.03256	0.02396	0.01302	0.01051	0.00326	0.01015	0.01021	0.01172	0.01795
17	0.02908	0.02217	0.02747	0.02457	0.09426	0.01964	0.01726	0.11902	0.02892	0.09064	0.02299	0.02518	0.01775	0.00971	0.00921	0.00229	0.00953	0.00791	0.00780	0.41459

[dist]
# distance from previous block
# <min> <max>
0	4

[block]
# block no. 3 follows, 12 sequences, length 7
# corresponding to MSA columns:
# 145-151
name=unknown_D
#
# <colnr> <probs for GDERKNQSTAVLIFYWHMCP>
#	G	D	E	R	K	N	Q	S	T	A	V	L	I	F	Y	W	H	M	C	P
0	0.02741	0.14408	0.04680	0.05738	0.44578	0.02932	0.03053	0.03330	0.02430	0.03365	0.01945	0.02511	0.01662	0.00964	0.01004	0.00306	0.01270	0.00895	0.00525	0.01662
1	0.03296	0.03067	0.08679	0.02351	0.03139	0.06953	0.02058	0.29033	0.07986	0.05492	0.12837	0.03739	0.03550	0.01460	0.01116	0.00332	0.01143	0.01156	0.01003	0.01608
2	0.20494	0.02808	0.08916	0.03516	0.18938	0.02617	0.02386	0.11757	0.06733	0.08337	0.02348	0.02579	0.01763	0.01114	0.00974	0.00335	0.01135	0.00885	0.00763	0.01602
3	0.10089	0.18210	0.28020	0.02579	0.03725	0.13766	0.02839	0.03561	0.02389	0.03251	0.01754	0.02050	0.01368	0.01027	0.00909	0.00306	0.01495	0.00710	0.00505	0.01447
4	0.30433	0.02492	0.07536	0.01936	0.02718	0.02385	0.01713	0.04408	0.17880	0.13763	0.02964	0.02882	0.02137	0.01219	0.00921	0.00348	0.00942	0.00901	0.00908	0.01514
5	0.02296	0.01758	0.02292	0.02636	0.12512	0.01754	0.01660	0.06378	0.10378	0.07794	0.10714	0.14732	0.16530	0.02052	0.01207	0.00364	0.00830	0.01784	0.00984	0.01346
6	0.02163	0.02981	0.18488	0.02091	0.02821	0.07667	0.02088	0.02829	0.02702	0.06464	0.21594	0.10930	0.09060	0.01850	0.01176	0.00348	0.01049	0.01563	0.00878	0.01258

[dist]
# distance from previous block
# <min> <max>
5	17

[block]
# block no. 4 follows, 12 sequences, length 13
# corresponding to MSA columns:
# 183-195
name=unknown_E
#
# <colnr> <probs for GDERKNQSTAVLIFYWHMCP>
#	G	D	E	R	K	N	Q	S	T	A	V	L	I	F	Y	W	H	M	C	P
0	0.03570	0.14465	0.03867	0.03583	0.20336	0.02690	0.02286	0.07955	0.05735	0.20564	0.02854	0.02907	0.02078	0.01142	0.01011	0.00313	0.01118	0.00949	0.00864	0.01713
1	0.02694	0.41338	0.13103	0.02262	0.03112	0.03838	0.02309	0.03165	0.02119	0.02716	0.01568	0.01964	0.01403	0.01146	0.01335	0.00300	0.13077	0.00693	0.00468	0.01391
2	0.02437	0.02785	0.20006	0.02070	0.02901	0.01650	0.02153	0.03185	0.02830	0.14436	0.26603	0.05285	0.05761	0.01650	0.01164	0.00343	0.00967	0.01403	0.00982	0.01392
3	0.02501	0.03686	0.22166	0.05064	0.28079	0.02605	0.13202	0.03412	0.02440	0.03511	0.02051	0.02614	0.01596	0.00983	0.01107	0.00340	0.01511	0.00980	0.00515	0.01636
4	0.02382	0.41717	0.04219	0.01749	0.02390	0.03163	0.01579	0.02678	0.02173	0.02639	0.03025	0.21641	0.03352	0.01767	0.00932	0.00304	0.00987	0.01428	0.00650	0.01227
5	0.01289	0.01105	0.01105	0.01105	0.01473	0.00920	0.00828	0.01565	0.02485	0.02946	0.11046	0.10493	0.54437	0.02761	0.01289	0.00368	0.00552	0.02301	0.01013	0.00920
6	0.02292	0.15067	0.36324	0.14207	0.04939	0.02830	0.03438	0.03284	0.02262	0.03159	0.01874	0.02325	0.01399	0.01028	0.00987	0.00329	0.01500	0.00799	0.00466	0.01492
7	0.03447	0.12370	0.16743	0.02390	0.03291	0.02574	0.02400	0.04039	0.02511	0.24585	0.02756	0.02809	0.01934	0.01305	0.01464	0.00348	0.11685	0.00917	0.00829	0.01603
8	0.01328	0.00949	0.01265	0.01518	0.01581	0.00886	0.01012	0.01518	0.02088	0.02783	0.06010	0.60969	0.07212	0.03416	0.01392	0.00443	0.00633	0.03100	0.01012	0.00886
9	0.01770	0.01610	0.02683	0.02382	0.02645	0.01705	0.11357	0.02116	0.02111	0.02898	0.04418	0.38712	0.05050	0.02640	0.01763	0.00434	0.11476	0.02348	0.00823	0.01059
10	0.02981	0.02713	0.04354	0.05678	0.40508	0.02764	0.06910	0.13050	0.03025	0.04226	0.02178	0.02702	0.01747	0.01036	0.01098	0.00328	0.01320	0.00999	0.00652	0.01732
11	0.04435	0.02588	0.02984	0.02288	0.03149	0.02690	0.01890	0.33400	0.04347	0.25816	0.03272	0.03043	0.02182	0.01325	0.01093	0.00331	0.01094	0.01026	0.01191	0.01855
12	0.02540	0.01886	0.01905	0.01699	0.02109	0.09934	0.01300	0.03001	0.03093	0.13307	0.37099	0.06383	0.07536	0.01898	0.01205	0.00332	0.00816	0.01616	0.01127	0.01214

[dist]
# distance from previous block
# <min> <max>
0	2

[block]
# block no. 5 follows, 12 sequences, length 7
# corresponding to MSA columns:
# 198-204
name=unknown_F
#
# <colnr> <probs for GDERKNQSTAVLIFYWHMCP>
#	G	D	E	R	K	N	Q	S	T	A	V	L	I	F	Y	W	H	M	C	P
0	0.02910	0.03527	0.11040	0.05425	0.37721	0.13699	0.03185	0.03565	0.02582	0.03366	0.01964	0.02497	0.01615	0.01011	0.01054	0.00318	0.01474	0.00895	0.00534	0.01618
1	0.02219	0.02101	0.03560	0.45942	0.19376	0.02465	0.03108	0.02926	0.02256	0.02980	0.01966	0.02855	0.01522	0.01060	0.01087	0.00353	0.01414	0.00970	0.00498	0.01340
2	0.02641	0.12380	0.42463	0.02793	0.04215	0.02636	0.03428	0.03677	0.02400	0.10302	0.02213	0.02419	0.01559	0.01065	0.01001	0.00330	0.01463	0.00816	0.00580	0.01617
3	0.03201	0.03800	0.12263	0.02714	0.03625	0.17001	0.06509	0.13660	0.10622	0.04122	0.02408	0.02591	0.01826	0.01141	0.01037	0.00307	0.01427	0.00899	0.00743	0.10102
4	0.02512	0.01620	0.02013	0.01652	0.02319	0.01311	0.01270	0.02894	0.02383	0.13900	0.03657	0.20419	0.03538	0.01711	0.01044	0.00283	0.00779	0.01484	0.00900	0.34311
5	0.08093	0.09562	0.36599	0.03587	0.14523	0.02689	0.03462	0.03394	0.02293	0.03522	0.01901	0.02290	0.01436	0.01012	0.00985	0.00331	0.01444	0.00802	0.00495	0.01580
6	0.09169	0.33811	0.04344	0.02144	0.02970	0.14392	0.01896	0.13222	0.02948	0.03663	0.01773	0.01970	0.01474	0.01054	0.00833	0.00271	0.01302	0.00688	0.00630	0.01446

[dist]
# distance from previous block
# <min> <max>
0	1

[block]
# block no. 6 follows, 12 sequences, length 15
# corresponding to MSA columns:
# 206-220
name=unknown_G
#
# <colnr> <probs for GDERKNQSTAVLIFYWHMCP>
#	G	D	E	R	K	N	Q	S	T	A	V	L	I	F	Y	W	H	M	C	P
0	0.02263	0.05185	0.48337	0.03642	0.12198	0.02541	0.03927	0.03437	0.02329	0.03469	0.01971	0.02361	0.01433	0.01026	0.01042	0.00342	0.01564	0.00830	0.00472	0.01629
1	0.02207	0.02186	0.03757	0.38630	0.06222	0.02673	0.10028	0.02856	0.02127	0.02856	0.01867	0.02798	0.01479	0.01244	0.01664	0.00389	0.14266	0.01013	0.00493	0.01246
2	0.20774	0.03400	0.02796	0.02317	0.03054	0.17920	0.01854	0.26134	0.03734	0.05215	0.02082	0.02223	0.01559	0.01182	0.00955	0.00317	0.01319	0.00805	0.00840	0.01521
3	0.02516	0.03344	0.13829	0.04374	0.05553	0.02724	0.43928	0.03487	0.02533	0.03487	0.02169	0.02846	0.01614	0.00937	0.01249	0.00364	0.01804	0.01215	0.00538	0.01492
4	0.02231	0.05335	0.50429	0.03276	0.04830	0.02558	0.09325	0.03458	0.02333	0.03458	0.01985	0.02374	0.01412	0.01023	0.01064	0.00348	0.01637	0.00860	0.00471	0.01596
5	0.03542	0.03468	0.14020	0.02537	0.03572	0.03002	0.02392	0.36265	0.04241	0.05816	0.02410	0.02515	0.01732	0.01200	0.01049	0.00313	0.01243	0.00910	0.00914	0.08859
6	0.01831	0.00970	0.01373	0.01373	0.01373	0.00970	0.00888	0.01454	0.01454	0.01939	0.02211	0.04101	0.02320	0.15700	0.04526	0.54446	0.00970	0.01078	0.00512	0.00512
7	0.03654	0.07542	0.03205	0.02338	0.03173	0.13737	0.01904	0.28499	0.03923	0.05044	0.02213	0.02352	0.01683	0.01142	0.00983	0.00277	0.01269	0.00828	0.00849	0.15385
8	0.01940	0.01395	0.01669	0.01682	0.01904	0.01420	0.01187	0.11758	0.02651	0.03542	0.04995	0.42339	0.05710	0.10152	0.01841	0.00495	0.00802	0.02478	0.00985	0.01057
9	0.36455	0.05422	0.06849	0.01638	0.02245	0.06131	0.01416	0.02869	0.01992	0.03775	0.02616	0.03533	0.05437	0.13621	0.01777	0.00479	0.01036	0.00940	0.00656	0.01113
10	0.12496	0.31359	0.07575	0.02301	0.07487	0.03103	0.01956	0.03050	0.02309	0.03317	0.07187	0.03645	0.02789	0.01307	0.00899	0.00305	0.01079	0.05869	0.00634	0.01333
11	0.02431	0.03264	0.17864	0.16516	0.31841	0.02541	0.03462	0.03259	0.02373	0.03374	0.02003	0.02636	0.01579	0.01013	0.01070	0.00338	0.01412	0.00927	0.00507	0.01590
12	0.02242	0.01993	0.02922	0.25358	0.11938	0.02300	0.02443	0.03520	0.15512	0.03388	0.03107	0.04306	0.02613	0.02037	0.06359	0.00503	0.01365	0.05998	0.00720	0.01375
13	0.02583	0.17143	0.16988	0.08693	0.04002	0.02911	0.07002	0.08818	0.07613	0.03768	0.07745	0.03125	0.02606	0.01207	0.01026	0.00323	0.01276	0.01001	0.00686	0.01482
14	0.13130	0.02554	0.09156	0.04337	0.29330	0.02238	0.02632	0.03027	0.02364	0.03665	0.03326	0.04370	0.07806	0.01396	0.01077	0.00352	0.01147	0.05977	0.00653	0.01462

[dist]
# distance from previous block
# <min> <max>
0	84

[block]
# block no. 7 follows, 12 sequences, length 6
# corresponding to MSA columns:
# 305-310
name=unknown_H
#
# <colnr> <probs for GDERKNQSTAVLIFYWHMCP>
#	G	D	E	R	K	N	Q	S	T	A	V	L	I	F	Y	W	H	M	C	P
0	0.03391	0.02831	0.04056	0.12906	0.04678	0.03059	0.14361	0.30929	0.03978	0.05319	0.02397	0.02749	0.01735	0.01174	0.01139	0.00344	0.01403	0.01055	0.00851	0.01647
1	0.09377	0.03403	0.15815	0.02329	0.03258	0.06122	0.02258	0.23107	0.03521	0.04878	0.03761	0.03793	0.10829	0.01455	0.01065	0.00337	0.01204	0.01113	0.00847	0.01529
2	0.02382	0.02500	0.15314	0.02040	0.02601	0.01790	0.01919	0.11121	0.02323	0.03200	0.02043	0.02935	0.01759	0.02647	0.02876	0.38878	0.01159	0.00918	0.00584	0.01011
3	0.02053	0.01833	0.02956	0.35551	0.14216	0.02113	0.02496	0.02586	0.02086	0.02755	0.02329	0.03920	0.02124	0.16105	0.02195	0.00529	0.01327	0.01122	0.00538	0.01165
4	0.02138	0.01682	0.01945	0.01496	0.02255	0.01324	0.01170	0.02601	0.02251	0.03581	0.02589	0.07677	0.02317	0.01119	0.00850	0.00203	0.00737	0.00927	0.13060	0.50079
5	0.29277	0.02325	0.02282	0.01877	0.02558	0.02580	0.01530	0.23306	0.03466	0.05633	0.11726	0.03306	0.03146	0.01362	0.00963	0.00334	0.00933	0.01011	0.00948	0.01438

[dist]
# distance from previous block
# <min> <max>
0	2

[block]
# block no. 8 follows, 12 sequences, length 10
# corresponding to MSA columns:
# 313-322
name=unknown_I
#
# <colnr> <probs for GDERKNQSTAVLIFYWHMCP>
#	G	D	E	R	K	N	Q	S	T	A	V	L	I	F	Y	W	H	M	C	P
0	0.01574	0.01103	0.01422	0.01422	0.01503	0.01184	0.00951	0.01735	0.01655	0.02287	0.03222	0.05956	0.03452	0.39548	0.26982	0.01345	0.01828	0.01413	0.00629	0.00790
1	0.02193	0.02050	0.02913	0.07043	0.03066	0.02713	0.02269	0.02540	0.01933	0.02807	0.02626	0.05064	0.02722	0.02138	0.02832	0.00475	0.39507	0.13349	0.00618	0.01144
2	0.02582	0.02775	0.05495	0.04927	0.18411	0.02789	0.31909	0.03340	0.02431	0.03397	0.02063	0.02804	0.01645	0.01063	0.01532	0.00370	0.09267	0.01159	0.00539	0.01502
3	0.02274	0.02129	0.03584	0.35114	0.24772	0.02395	0.03048	0.02954	0.02319	0.03112	0.02277	0.03556	0.01929	0.01195	0.01118	0.00359	0.01360	0.04573	0.00545	0.01388
4	0.11460	0.02424	0.03816	0.12673	0.37679	0.02605	0.02944	0.03199	0.02298	0.03566	0.01919	0.02580	0.01596	0.01063	0.01213	0.00342	0.05612	0.00919	0.00546	0.01546
5	0.02359	0.01964	0.02333	0.01991	0.02416	0.02168	0.01591	0.13767	0.02831	0.03847	0.04929	0.12253	0.16411	0.02064	0.01773	0.00372	0.15545	0.01564	0.00855	0.08967
6	0.02699	0.02591	0.04426	0.06693	0.54879	0.02591	0.03346	0.03346	0.02483	0.03562	0.02051	0.02699	0.01727	0.00972	0.01079	0.00324	0.01295	0.00972	0.00540	0.01727
7	0.11074	0.02512	0.10076	0.36595	0.05812	0.02560	0.02831	0.02909	0.02086	0.03134	0.01818	0.02607	0.01405	0.01180	0.01353	0.00372	0.09017	0.00895	0.00506	0.01258
8	0.35261	0.09233	0.03196	0.03571	0.23136	0.02718	0.02119	0.03268	0.02146	0.04096	0.01729	0.02137	0.01423	0.00987	0.00838	0.00320	0.01060	0.00741	0.00597	0.01423
9	0.02244	0.07639	0.25758	0.25647	0.11471	0.02615	0.03407	0.03163	0.02269	0.03141	0.01930	0.02551	0.01451	0.01043	0.01040	0.00342	0.01482	0.00875	0.00480	0.01452

[dist]
# distance from previous block
# <min> <max>
18	131

[block]
# block no. 9 follows, 12 sequences, length 6
# corresponding to MSA columns:
# 486-491
name=unknown_J
#
# <colnr> <probs for GDERKNQSTAVLIFYWHMCP>
#	G	D	E	R	K	N	Q	S	T	A	V	L	I	F	Y	W	H	M	C	P
0	0.02366	0.13829	0.11211	0.02445	0.09200	0.02120	0.01905	0.02613	0.01985	0.05792	0.02288	0.03517	0.02135	0.13186	0.02705	0.18879	0.01158	0.00987	0.00567	0.01113
1	0.07069	0.13839	0.28158	0.08272	0.04098	0.02611	0.02845	0.03202	0.02236	0.03356	0.01846	0.02226	0.01422	0.00980	0.00916	0.00293	0.01315	0.00740	0.00514	0.14063
2	0.01955	0.10893	0.24301	0.02130	0.02925	0.02053	0.02269	0.02557	0.02061	0.02854	0.03087	0.15070	0.03211	0.17390	0.02246	0.00537	0.01215	0.01434	0.00623	0.01191
3	0.24560	0.16276	0.07229	0.01914	0.02668	0.02843	0.01756	0.11352	0.02524	0.04140	0.02008	0.02429	0.01655	0.02396	0.11450	0.00579	0.01432	0.00783	0.00665	0.01344
4	0.11155	0.15017	0.30723	0.02513	0.03711	0.02878	0.02875	0.03780	0.10733	0.03664	0.02236	0.02428	0.01686	0.01088	0.00940	0.00328	0.01304	0.00809	0.00598	0.01536
5	0.02240	0.10921	0.31255	0.03310	0.12402	0.02531	0.03159	0.03130	0.02219	0.03194	0.02102	0.02677	0.01695	0.02357	0.11604	0.00593	0.01753	0.00876	0.00498	0.01486

[dist]
# distance from previous block
# <min> <max>
0	13

[block]
# block no. 10 follows, 12 sequences, length 7
# corresponding to MSA columns:
# 505-511
name=unknown_K
#
# <colnr> <probs for GDERKNQSTAVLIFYWHMCP>
#	G	D	E	R	K	N	Q	S	T	A	V	L	I	F	Y	W	H	M	C	P
0	0.11077	0.02732	0.05226	0.04817	0.19842	0.02668	0.30495	0.03413	0.02456	0.03691	0.02073	0.02721	0.01616	0.00946	0.01148	0.00351	0.01551	0.01105	0.00564	0.01510
1	0.02233	0.02115	0.03584	0.44832	0.20380	0.02468	0.03115	0.02938	0.02262	0.02997	0.01969	0.02850	0.01528	0.01058	0.01087	0.00353	0.01411	0.00970	0.00500	0.01351
2	0.03006	0.02647	0.04030	0.10437	0.23810	0.02732	0.08789	0.17470	0.03227	0.04451	0.02217	0.02691	0.01717	0.01064	0.01087	0.00321	0.01312	0.00987	0.00708	0.07298
3	0.02718	0.02512	0.03327	0.02796	0.02961	0.03348	0.02326	0.11808	0.02323	0.03426	0.01655	0.02429	0.01511	0.01795	0.03108	0.00449	0.48638	0.00959	0.00593	0.01318
4	0.02292	0.02103	0.03488	0.05157	0.39059	0.02085	0.02653	0.02804	0.02365	0.03331	0.03226	0.19995	0.03355	0.01697	0.01172	0.00359	0.01099	0.01603	0.00680	0.01477
5	0.01842	0.01644	0.02675	0.41980	0.05750	0.01966	0.02430	0.02410	0.02153	0.02785	0.03147	0.20141	0.03163	0.01780	0.01180	0.00387	0.01210	0.01601	0.00641	0.01115
6	0.10539	0.37566	0.04274	0.01921	0.02730	0.03623	0.01745	0.04009	0.17221	0.03427	0.02383	0.02440	0.01947	0.01104	0.00818	0.00286	0.01039	0.00777	0.00681	0.01471

[dist]
# distance from previous block
# <min> <max>
2	8

[block]
# block no. 11 follows, 12 sequences, length 16
# corresponding to MSA columns:
# 520-522,524-536
name=unknown_L
#
# <colnr> <probs for GDERKNQSTAVLIFYWHMCP>
#	G	D	E	R	K	N	Q	S	T	A	V	L	I	F	Y	W	H	M	C	P
0	0.07931	0.14487	0.34324	0.02722	0.03966	0.12384	0.03117	0.03560	0.02390	0.03285	0.01803	0.02112	0.01372	0.01033	0.00944	0.00315	0.01541	0.00735	0.00496	0.01482
1	0.02314	0.15546	0.47240	0.02891	0.04384	0.02844	0.03651	0.03420	0.02287	0.03298	0.01880	0.02205	0.01384	0.01018	0.00977	0.00326	0.01534	0.00767	0.00461	0.01574
2	0.02025	0.01681	0.02005	0.01573	0.02311	0.01311	0.01216	0.02461	0.02315	0.03502	0.08004	0.13120	0.03480	0.01409	0.00958	0.00229	0.00747	0.01210	0.00767	0.49676
3	0.02573	0.35737	0.29321	0.02448	0.03700	0.03478	0.02880	0.03353	0.02256	0.02982	0.01723	0.02008	0.01391	0.00981	0.00857	0.00286	0.01375	0.00687	0.00464	0.01499
4	0.02001	0.04321	0.40027	0.02708	0.03902	0.02187	0.03243	0.03009	0.02140	0.03181	0.02241	0.02886	0.01778	0.03142	0.17643	0.00760	0.01997	0.00913	0.00497	0.01423
5	0.02444	0.25672	0.38253	0.02669	0.04041	0.03162	0.03264	0.03387	0.02271	0.03139	0.01801	0.02107	0.01388	0.00999	0.00917	0.00306	0.01454	0.00727	0.00463	0.01536
6	0.02085	0.01973	0.03276	0.54668	0.07147	0.02494	0.02978	0.02773	0.02140	0.02773	0.01898	0.02866	0.01452	0.01154	0.01285	0.00372	0.06004	0.00968	0.00484	0.01210
7	0.04145	0.03054	0.03272	0.02509	0.03381	0.03381	0.02072	0.51243	0.05127	0.06872	0.02618	0.02618	0.01854	0.01309	0.01091	0.00327	0.01200	0.00982	0.01091	0.01854
8	0.02574	0.02941	0.06434	0.04596	0.05699	0.02757	0.50919	0.03493	0.02574	0.03493	0.02206	0.02941	0.01654	0.00919	0.01287	0.00368	0.01838	0.01287	0.00551	0.01471
9	0.02187	0.05640	0.56031	0.03108	0.04719	0.02532	0.04029	0.03453	0.02302	0.03453	0.01957	0.02302	0.01381	0.01036	0.01036	0.00345	0.01611	0.00806	0.00460	0.01611
10	0.03596	0.02270	0.02728	0.07940	0.03287	0.02427	0.01834	0.25654	0.03663	0.16989	0.03066	0.03578	0.02334	0.09090	0.06063	0.00533	0.01280	0.01095	0.00998	0.01576
11	0.01803	0.00979	0.01352	0.01352	0.01352	0.00979	0.00863	0.01469	0.01469	0.01959	0.02348	0.04441	0.02504	0.20858	0.04641	0.48457	0.00979	0.01135	0.00529	0.00529
12	0.07757	0.29031	0.09319	0.01942	0.02931	0.03067	0.01884	0.07308	0.02464	0.03498	0.01782	0.02034	0.01484	0.00945	0.00798	0.00240	0.01085	0.00660	0.00589	0.21184
13	0.02871	0.01785	0.02146	0.01841	0.02345	0.01796	0.01437	0.17034	0.03480	0.14051	0.19664	0.17029	0.05768	0.02053	0.01217	0.00359	0.00817	0.01763	0.01155	0.01391
14	0.08381	0.35429	0.04021	0.01854	0.02524	0.06642	0.01673	0.02940	0.02103	0.02765	0.01941	0.02512	0.01772	0.03088	0.17422	0.00693	0.01706	0.00764	0.00525	0.01246
15	0.02672	0.07051	0.03704	0.04635	0.31025	0.07270	0.02654	0.03532	0.08578	0.03477	0.02916	0.04405	0.02661	0.01399	0.01121	0.00350	0.01241	0.09086	0.00686	0.01536

[dist]
# distance from previous block
# <min> <max>
0	16

[block]
# block no. 12 follows, 12 sequences, length 11
# corresponding to MSA columns:
# 559-569
name=unknown_M
#
# <colnr> <probs for GDERKNQSTAVLIFYWHMCP>
#	G	D	E	R	K	N	Q	S	T	A	V	L	I	F	Y	W	H	M	C	P
0	0.07533	0.03175	0.25223	0.02056	0.02974	0.01775	0.02293	0.02618	0.02459	0.03588	0.13991	0.05749	0.18810	0.01763	0.01125	0.00351	0.01033	0.01443	0.00776	0.01264
1	0.22112	0.01918	0.02587	0.36898	0.05381	0.02301	0.02289	0.02807	0.02109	0.03429	0.02589	0.03214	0.05890	0.01209	0.00983	0.00356	0.01194	0.00969	0.00586	0.01177
2	0.02462	0.16317	0.15986	0.02971	0.03953	0.02815	0.16910	0.06146	0.02434	0.03302	0.02167	0.02784	0.01763	0.02412	0.12212	0.00605	0.01814	0.00983	0.00553	0.01411
3	0.02563	0.02487	0.04026	0.08956	0.36253	0.02804	0.03038	0.03094	0.02220	0.03231	0.01858	0.02619	0.01621	0.01259	0.01827	0.00372	0.18754	0.00966	0.00517	0.01534
4	0.01829	0.01689	0.02623	0.41741	0.05706	0.01974	0.02371	0.02421	0.02271	0.02834	0.04660	0.05174	0.17286	0.01590	0.01149	0.00365	0.01184	0.01367	0.00642	0.01124
5	0.01679	0.02164	0.11568	0.18781	0.03857	0.01657	0.02058	0.02267	0.02361	0.02989	0.06700	0.06762	0.29122	0.01954	0.01184	0.00363	0.01011	0.01636	0.00756	0.01131
6	0.01793	0.01013	0.01520	0.01520	0.01578	0.01071	0.01071	0.01578	0.01520	0.02084	0.02201	0.03604	0.02143	0.05100	0.20129	0.48397	0.01537	0.01013	0.00507	0.00623
7	0.03017	0.02613	0.03875	0.14801	0.31024	0.02797	0.02909	0.17559	0.03219	0.04412	0.02200	0.02712	0.01716	0.01094	0.01085	0.00332	0.01295	0.00974	0.00695	0.01673
8	0.02133	0.01791	0.02117	0.01572	0.02413	0.01378	0.01245	0.02623	0.02409	0.03699	0.11297	0.03313	0.03165	0.01062	0.00893	0.00194	0.00755	0.00883	0.00745	0.56315
9	0.34632	0.02286	0.02213	0.02119	0.05522	0.02617	0.01579	0.07038	0.22864	0.04795	0.02801	0.02809	0.02125	0.01217	0.00899	0.00349	0.00898	0.00896	0.00868	0.01473
10	0.02400	0.02339	0.03647	0.17603	0.19531	0.02894	0.02828	0.02879	0.02036	0.02944	0.01739	0.02605	0.01525	0.01430	0.02230	0.00404	0.28148	0.00963	0.00498	0.01357

[dist]
# distance from previous block
# <min> <max>
1	8

[block]
# block no. 13 follows, 12 sequences, length 6
# corresponding to MSA columns:
# 578-583
name=unknown_N
#
# <colnr> <probs for GDERKNQSTAVLIFYWHMCP>
#	G	D	E	R	K	N	Q	S	T	A	V	L	I	F	Y	W	H	M	C	P
0	0.02528	0.02632	0.03307	0.08259	0.03362	0.08813	0.02419	0.02818	0.01865	0.02644	0.01506	0.02392	0.01431	0.01749	0.03072	0.00446	0.48139	0.00930	0.00487	0.01202
1	0.02621	0.02511	0.04285	0.13075	0.49106	0.02570	0.03308	0.03278	0.02446	0.03468	0.02037	0.02724	0.01694	0.00986	0.01081	0.00329	0.01315	0.00971	0.00533	0.01664
2	0.02059	0.01938	0.03270	0.59060	0.07510	0.02422	0.03028	0.02786	0.02180	0.02786	0.01938	0.02907	0.01453	0.01090	0.01090	0.00363	0.01453	0.00969	0.00484	0.01211
3	0.17519	0.15873	0.03437	0.02169	0.02988	0.07747	0.01844	0.27009	0.03647	0.05185	0.02074	0.02200	0.01578	0.01150	0.00910	0.00305	0.01180	0.00791	0.00826	0.01567
4	0.12399	0.41227	0.16097	0.02074	0.03118	0.03654	0.02238	0.03297	0.02182	0.03097	0.01612	0.01873	0.01364	0.00967	0.00769	0.00273	0.01216	0.00633	0.00495	0.01414
5	0.12272	0.09744	0.36217	0.02719	0.03984	0.10698	0.03155	0.03534	0.02346	0.03473	0.01817	0.02130	0.01357	0.01037	0.00948	0.00325	0.01515	0.00741	0.00507	0.01480

[dist]
# distance from previous block
# <min> <max>
5	8

[block]
# block no. 14 follows, 12 sequences, length 12
# corresponding to MSA columns:
# 592-603
name=unknown_O
#
# <colnr> <probs for GDERKNQSTAVLIFYWHMCP>
#	G	D	E	R	K	N	Q	S	T	A	V	L	I	F	Y	W	H	M	C	P
0	0.02675	0.36100	0.13412	0.02064	0.02965	0.03229	0.02123	0.03197	0.02209	0.06719	0.02075	0.02484	0.01751	0.02387	0.11773	0.00555	0.01565	0.00774	0.00555	0.01388
1	0.14624	0.08619	0.28782	0.02370	0.03413	0.02385	0.02683	0.03032	0.02081	0.03428	0.02068	0.02629	0.01666	0.02724	0.14357	0.00670	0.01743	0.00833	0.00530	0.01362
2	0.02668	0.43068	0.22815	0.02288	0.03451	0.03709	0.02601	0.03329	0.02245	0.02867	0.01666	0.01937	0.01393	0.00968	0.00814	0.00271	0.01317	0.00659	0.00464	0.01471
3	0.02059	0.01938	0.03270	0.59060	0.07510	0.02422	0.03028	0.02786	0.02180	0.02786	0.01938	0.02907	0.01453	0.01090	0.01090	0.00363	0.01453	0.00969	0.00484	0.01211
4	0.04145	0.03054	0.03272	0.02509	0.03381	0.03381	0.02072	0.51243	0.05127	0.06872	0.02618	0.02618	0.01854	0.01309	0.01091	0.00327	0.01200	0.00982	0.01091	0.01854
5	0.02574	0.02941	0.06434	0.04596	0.05699	0.02757	0.50919	0.03493	0.02574	0.03493	0.02206	0.02941	0.01654	0.00919	0.01287	0.00368	0.01838	0.01287	0.00551	0.01471
6	0.02187	0.05640	0.56031	0.03108	0.04719	0.02532	0.04029	0.03453	0.02302	0.03453	0.01957	0.02302	0.01381	0.01036	0.01036	0.00345	0.01611	0.00806	0.00460	0.01611
7	0.03598	0.16990	0.03704	0.02281	0.03102	0.03405	0.01953	0.34971	0.04102	0.05419	0.02385	0.02575	0.01832	0.01894	0.06527	0.00445	0.01361	0.00905	0.00892	0.01659
8	0.01821	0.00973	0.01365	0.01365	0.01365	0.00973	0.00879	0.01460	0.01460	0.01946	0.02261	0.04225	0.02387	0.17578	0.04568	0.52265	0.00973	0.01099	0.00518	0.00518
9	0.21979	0.21245	0.03325	0.01785	0.02643	0.02949	0.01566	0.10786	0.02588	0.04154	0.01793	0.02016	0.01461	0.00986	0.00781	0.00261	0.00994	0.00664	0.00669	0.17356
10	0.02093	0.01500	0.01751	0.01651	0.01918	0.01543	0.01179	0.13454	0.02823	0.03808	0.11195	0.26306	0.05544	0.17365	0.02348	0.00556	0.00858	0.02060	0.00969	0.01080
11	0.08757	0.36996	0.04052	0.01739	0.02442	0.03168	0.01577	0.03083	0.02133	0.07395	0.02158	0.02867	0.01958	0.09074	0.08058	0.00531	0.01312	0.00818	0.00600	0.01281

[dist]
# distance from previous block
# <min> <max>
17	46

[block]
# block no. 15 follows, 12 sequences, length 11
# corresponding to MSA columns:
# 671-681
name=unknown_P
#
# <colnr> <probs for GDERKNQSTAVLIFYWHMCP>
#	G	D	E	R	K	N	Q	S	T	A	V	L	I	F	Y	W	H	M	C	P
0	0.51321	0.03058	0.16232	0.01884	0.02810	0.02469	0.01946	0.03272	0.01976	0.04505	0.01636	0.01914	0.01235	0.01019	0.00772	0.00340	0.01050	0.00648	0.00617	0.01297
1	0.02101	0.01900	0.02943	0.43578	0.06128	0.02301	0.02633	0.03138	0.09553	0.03173	0.05878	0.04006	0.02593	0.01341	0.01132	0.00372	0.01280	0.04038	0.00653	0.01260
2	0.02800	0.04406	0.39212	0.02729	0.04054	0.02224	0.03251	0.03799	0.02462	0.16064	0.02594	0.02784	0.01796	0.01615	0.05018	0.00442	0.01538	0.00902	0.00685	0.01626
3	0.02699	0.02591	0.04426	0.06693	0.54879	0.02591	0.03346	0.03346	0.02483	0.03562	0.02051	0.02699	0.01727	0.00972	0.01079	0.00324	0.01295	0.00972	0.00540	0.01727
4	0.02123	0.02003	0.03385	0.53869	0.12206	0.02439	0.03060	0.02841	0.02210	0.02863	0.01949	0.02886	0.01481	0.01078	0.01089	0.00359	0.01438	0.00969	0.00490	0.01262
5	0.02404	0.11767	0.13021	0.02430	0.05666	0.13100	0.02139	0.02935	0.02309	0.02840	0.03138	0.03679	0.07664	0.03384	0.18033	0.00743	0.01879	0.01036	0.00584	0.01249
6	0.11624	0.01271	0.01740	0.10559	0.02485	0.01396	0.01310	0.01893	0.01603	0.02466	0.01847	0.03028	0.01722	0.02961	0.03243	0.47743	0.01012	0.00899	0.00504	0.00692
7	0.02254	0.02104	0.03404	0.36650	0.18763	0.02312	0.02834	0.02922	0.02270	0.03105	0.01967	0.02752	0.01549	0.01015	0.01043	0.00321	0.01311	0.00918	0.00524	0.11984
8	0.02658	0.02090	0.02395	0.01806	0.02703	0.01824	0.01446	0.07446	0.10584	0.07308	0.02542	0.02670	0.01976	0.00990	0.00897	0.00220	0.00857	0.00796	0.00801	0.47992
9	0.36066	0.02005	0.01985	0.06501	0.02719	0.02340	0.01503	0.03628	0.14837	0.04258	0.02517	0.02848	0.01994	0.02273	0.09805	0.00572	0.01229	0.00877	0.00755	0.01289
10	0.02142	0.02052	0.03288	0.44783	0.06329	0.02656	0.02865	0.02745	0.02051	0.02745	0.01809	0.02774	0.01448	0.01298	0.01722	0.00392	0.16248	0.00965	0.00483	0.01207

[dist]
# distance from previous block
# <min> <max>
0	1

[block]
# block no. 16 follows, 12 sequences, length 14
# corresponding to MSA columns:
# 685-698
name=unknown_Q
#
# <colnr> <probs for GDERKNQSTAVLIFYWHMCP>
#	G	D	E	R	K	N	Q	S	T	A	V	L	I	F	Y	W	H	M	C	P
0	0.01686	0.01360	0.01927	0.01824	0.02067	0.01564	0.01438	0.02058	0.01831	0.02646	0.03229	0.04337	0.06002	0.06546	0.43210	0.01394	0.09054	0.01182	0.00606	0.06040
1	0.02718	0.02619	0.03451	0.02868	0.03129	0.06312	0.05894	0.10208	0.02355	0.03338	0.01776	0.02553	0.01589	0.02074	0.06113	0.00511	0.39615	0.00982	0.00588	0.01306
2	0.02442	0.02535	0.04473	0.03361	0.04051	0.02685	0.23503	0.03032	0.02192	0.03203	0.01879	0.02604	0.01568	0.01240	0.01985	0.00362	0.21792	0.01035	0.00546	0.15512
3	0.12611	0.02192	0.03417	0.31958	0.23199	0.02485	0.02856	0.03046	0.02236	0.03380	0.01913	0.02660	0.01507	0.01037	0.01023	0.00346	0.01305	0.00912	0.00533	0.01386
4	0.02419	0.02305	0.03920	0.29611	0.34148	0.02517	0.03207	0.03101	0.02350	0.03222	0.02002	0.02790	0.01607	0.01023	0.01084	0.00341	0.01365	0.00970	0.00516	0.01501
5	0.02459	0.02459	0.03737	0.03731	0.13454	0.03156	0.05392	0.02819	0.01885	0.02862	0.01600	0.02480	0.01504	0.01663	0.02945	0.00440	0.44627	0.00977	0.00494	0.01316
6	0.02569	0.02570	0.04339	0.05026	0.29180	0.02880	0.10060	0.03112	0.02209	0.03220	0.01855	0.02624	0.01612	0.01295	0.01994	0.00385	0.22038	0.01012	0.00519	0.01500
7	0.02317	0.02225	0.03633	0.31997	0.20869	0.02657	0.02995	0.02922	0.02169	0.02988	0.01871	0.02740	0.01532	0.01218	0.01586	0.00374	0.13078	0.00967	0.00500	0.01363
8	0.02613	0.32139	0.04718	0.20088	0.14659	0.03398	0.02513	0.03137	0.02258	0.02832	0.01750	0.02289	0.01481	0.00988	0.00894	0.00291	0.01279	0.00777	0.00487	0.01408
9	0.02381	0.22003	0.30275	0.13948	0.04699	0.03048	0.03175	0.03263	0.02252	0.03051	0.01820	0.02256	0.01401	0.01016	0.00945	0.00315	0.01445	0.00771	0.00467	0.01467
10	0.02870	0.04738	0.37634	0.02899	0.04253	0.02828	0.03346	0.20118	0.03287	0.04645	0.02187	0.02412	0.01546	0.01131	0.01055	0.00339	0.01468	0.00867	0.00680	0.01696
11	0.02113	0.02988	0.21010	0.02234	0.03027	0.01877	0.02256	0.09659	0.02626	0.03679	0.03796	0.27577	0.03975	0.02084	0.01182	0.00372	0.01075	0.01808	0.00804	0.05860
12	0.13755	0.03520	0.10639	0.02397	0.03241	0.13654	0.02141	0.21291	0.03485	0.08652	0.02472	0.05512	0.01940	0.01301	0.01014	0.00329	0.01309	0.00961	0.00843	0.01545
13	0.15628	0.07232	0.34156	0.02538	0.03718	0.02412	0.02996	0.03210	0.02240	0.03666	0.02431	0.03700	0.02093	0.01329	0.01018	0.00362	0.01341	0.07921	0.00587	0.01421

[dist]
# distance from previous block
# <min> <max>
68	241

[block]
# block no. 17 follows, 12 sequences, length 12
# corresponding to MSA columns:
# 1043-1054
name=unknown_R
#
# <colnr> <probs for GDERKNQSTAVLIFYWHMCP>
#	G	D	E	R	K	N	Q	S	T	A	V	L	I	F	Y	W	H	M	C	P
0	0.20889	0.03453	0.22089	0.02779	0.09023	0.02469	0.02564	0.03748	0.11952	0.04125	0.05105	0.02849	0.02211	0.01171	0.00968	0.00345	0.01162	0.00908	0.00692	0.01496
1	0.15401	0.13481	0.32123	0.02566	0.03779	0.08846	0.02942	0.03477	0.02290	0.03508	0.01776	0.02079	0.01348	0.01025	0.00910	0.00320	0.01436	0.00719	0.00514	0.01458
2	0.01836	0.01536	0.01948	0.16193	0.03256	0.01593	0.01558	0.07441	0.02778	0.03527	0.13470	0.07362	0.29183	0.02101	0.01215	0.00359	0.00851	0.01769	0.00910	0.01113
3	0.02263	0.04214	0.38159	0.02585	0.03801	0.02087	0.03090	0.03274	0.02563	0.08163	0.14889	0.03844	0.03661	0.01353	0.01102	0.00344	0.01286	0.01114	0.00717	0.01491
4	0.02298	0.02119	0.03554	0.15541	0.32915	0.02260	0.02803	0.02898	0.02247	0.03162	0.02241	0.03124	0.01917	0.02747	0.14769	0.00679	0.01721	0.01019	0.00540	0.01445
5	0.02146	0.02915	0.16114	0.35795	0.06032	0.02607	0.03161	0.02920	0.02122	0.02920	0.01855	0.02670	0.01432	0.01218	0.01505	0.00379	0.11500	0.00927	0.00477	0.01305
6	0.02076	0.01903	0.01668	0.01639	0.01984	0.11812	0.01212	0.02351	0.02480	0.06041	0.06913	0.20184	0.25162	0.02986	0.06064	0.00487	0.01070	0.02017	0.00910	0.01040
7	0.02424	0.01980	0.01826	0.01758	0.01895	0.14653	0.01229	0.02134	0.01826	0.02082	0.01843	0.02987	0.01775	0.03140	0.03464	0.51740	0.01195	0.00887	0.00495	0.00666
8	0.02451	0.03207	0.16754	0.15871	0.33590	0.02544	0.03451	0.03265	0.02381	0.03387	0.02006	0.02642	0.01590	0.01010	0.01071	0.00337	0.01403	0.00931	0.00510	0.01600
9	0.02367	0.02097	0.02787	0.02850	0.15302	0.01730	0.01792	0.02892	0.02315	0.03555	0.01965	0.02367	0.01642	0.00847	0.00874	0.00201	0.00926	0.00725	0.00620	0.52145
10	0.15595	0.02464	0.02626	0.15962	0.03928	0.06221	0.02001	0.09502	0.22241	0.04325	0.02889	0.03047	0.02172	0.01253	0.01011	0.00352	0.01112	0.00983	0.00836	0.01480
11	0.02323	0.02300	0.03326	0.13648	0.03754	0.03164	0.02509	0.02655	0.01768	0.02655	0.01529	0.02486	0.01436	0.01751	0.03101	0.00455	0.48510	0.00957	0.00479	0.01196

[dist]
# distance from previous block
# <min> <max>
14	32

[block]
# block no. 18 follows, 12 sequences, length 17
# corresponding to MSA columns:
# 1146-1162
name=unknown_S
#
# <colnr> <probs for GDERKNQSTAVLIFYWHMCP>
#	G	D	E	R	K	N	Q	S	T	A	V	L	I	F	Y	W	H	M	C	P
0	0.02144	0.15634	0.24727	0.07976	0.06635	0.02501	0.02716	0.02888	0.02267	0.03068	0.03288	0.11732	0.07037	0.01525	0.01050	0.00339	0.01247	0.01260	0.00600	0.01366
1	0.02913	0.20263	0.03526	0.02192	0.02766	0.13897	0.01841	0.10379	0.02665	0.03237	0.02109	0.02687	0.01847	0.03145	0.17027	0.00704	0.06023	0.00860	0.00615	0.01306
2	0.03442	0.03282	0.18373	0.03096	0.11184	0.02391	0.02643	0.11068	0.08453	0.20354	0.03064	0.03036	0.02121	0.01211	0.01077	0.00340	0.01212	0.00992	0.00909	0.01752
3	0.19416	0.08335	0.38920	0.02601	0.03930	0.02623	0.03163	0.03378	0.02182	0.03765	0.01817	0.02131	0.01331	0.01023	0.00922	0.00336	0.01387	0.00737	0.00516	0.01488
4	0.02976	0.07174	0.19864	0.02880	0.03911	0.10395	0.09804	0.04329	0.14340	0.09350	0.02769	0.02887	0.02027	0.01163	0.01071	0.00338	0.01420	0.00982	0.00739	0.01583
