[name]
unknown

[dist]
# distance from previous block
# <min> <max>
0	0

[block]
# block no. 0 follows, 26 sequences, length 38
# corresponding to MSA columns:
# 0-37
name=unknown_A
#
# <colnr> <probs for GDERKNQSTAVLIFYWHMCP>
#	G	D	E	R	K	N	Q	S	T	A	V	L	I	F	Y	W	H	M	C	P
0	0.01222	0.00873	0.01222	0.01397	0.01572	0.00873	0.01222	0.01572	0.01746	0.02270	0.04016	0.08556	0.04365	0.02095	0.01048	0.00349	0.00698	0.63506	0.00698	0.00698
1	0.03403	0.01291	0.01760	0.01350	0.01936	0.01115	0.01115	0.03697	0.02171	0.69137	0.02992	0.02582	0.01878	0.00939	0.00763	0.00235	0.00645	0.00763	0.00939	0.01291
2	0.06565	0.02093	0.02220	0.01709	0.02309	0.02321	0.01412	0.62982	0.03456	0.04713	0.01784	0.01792	0.01267	0.00901	0.00745	0.00228	0.00823	0.00670	0.00745	0.01267
3	0.02528	0.01948	0.02076	0.01673	0.02217	0.02186	0.01356	0.43935	0.26292	0.04207	0.02273	0.02181	0.01656	0.00953	0.00763	0.00238	0.00751	0.00745	0.00763	0.01258
4	0.01240	0.00852	0.01166	0.01281	0.01463	0.00829	0.01080	0.01564	0.01791	0.04681	0.12952	0.13330	0.07204	0.01997	0.01004	0.00323	0.00616	0.45187	0.00726	0.00712
5	0.01065	0.00775	0.01003	0.00946	0.01128	0.00712	0.00709	0.01416	0.02128	0.02996	0.65445	0.05741	0.09951	0.01568	0.00895	0.00239	0.00359	0.01382	0.00829	0.00712
6	0.03259	0.01259	0.01714	0.01325	0.01886	0.01090	0.01090	0.03556	0.02169	0.65038	0.07037	0.02773	0.02205	0.00977	0.00771	0.00235	0.00628	0.00801	0.00932	0.01255
7	0.01323	0.00831	0.01094	0.00997	0.01219	0.00759	0.00759	0.01674	0.02150	0.10131	0.61216	0.05335	0.06591	0.01485	0.00880	0.00238	0.00389	0.01306	0.00846	0.00777
8	0.78701	0.01467	0.01115	0.00997	0.01467	0.01702	0.00821	0.02230	0.01291	0.03403	0.01056	0.01232	0.00821	0.00704	0.00469	0.00235	0.00587	0.00411	0.00469	0.00821
9	0.00929	0.00674	0.00877	0.01029	0.01096	0.00622	0.00695	0.01075	0.01505	0.01994	0.07314	0.64733	0.10050	0.02304	0.00959	0.00301	0.00432	0.02078	0.00710	0.00622
10	0.07671	0.01391	0.01708	0.01379	0.01917	0.01356	0.01119	0.03694	0.19350	0.47590	0.02897	0.02564	0.01928	0.00948	0.00747	0.00241	0.00630	0.00766	0.00865	0.01238
11	0.00934	0.00673	0.00886	0.01037	0.01100	0.00625	0.00700	0.01086	0.01515	0.02024	0.09134	0.65244	0.07640	0.02297	0.00960	0.00301	0.00432	0.02076	0.00714	0.00625
12	0.03403	0.01291	0.01760	0.01350	0.01936	0.01115	0.01115	0.03697	0.02171	0.69137	0.02992	0.02582	0.01878	0.00939	0.00763	0.00235	0.00645	0.00763	0.00939	0.01291
13	0.03403	0.01291	0.01760	0.01350	0.01936	0.01115	0.01115	0.03697	0.02171	0.69137	0.02992	0.02582	0.01878	0.00939	0.00763	0.00235	0.00645	0.00763	0.00939	0.01291
14	0.03236	0.01254	0.01707	0.01321	0.01879	0.01086	0.01086	0.03534	0.02169	0.64398	0.07669	0.02803	0.02256	0.00983	0.00772	0.00235	0.00625	0.00806	0.00931	0.01250
15	0.78701	0.01467	0.01115	0.00997	0.01467	0.01702	0.00821	0.02230	0.01291	0.03403	0.01056	0.01232	0.00821	0.00704	0.00469	0.00235	0.00587	0.00411	0.00469	0.00821
16	0.01102	0.00741	0.00855	0.00855	0.00865	0.00751	0.00495	0.01121	0.01111	0.01492	0.02364	0.04821	0.02696	0.68492	0.08627	0.00770	0.00828	0.01082	0.00456	0.00475
17	0.03172	0.01297	0.01724	0.01349	0.01904	0.01163	0.01105	0.03625	0.07678	0.60648	0.05867	0.02738	0.02147	0.00973	0.00769	0.00237	0.00629	0.00798	0.00920	0.01258
18	0.78701	0.01467	0.01115	0.00997	0.01467	0.01702	0.00821	0.02230	0.01291	0.03403	0.01056	0.01232	0.00821	0.00704	0.00469	0.00235	0.00587	0.00411	0.00469	0.00821
19	0.01432	0.01348	0.02275	0.71520	0.05224	0.01685	0.02107	0.01938	0.01517	0.01938	0.01348	0.02022	0.01011	0.00758	0.00758	0.00253	0.01011	0.00674	0.00337	0.00843
20	0.01085	0.00808	0.01195	0.01195	0.01322	0.00935	0.00918	0.01339	0.01212	0.01743	0.02054	0.03103	0.01950	0.09885	0.66214	0.01189	0.01951	0.00831	0.00410	0.00664
21	0.03233	0.01253	0.01706	0.01321	0.01878	0.01086	0.01086	0.03531	0.02169	0.64305	0.07760	0.02807	0.02264	0.00984	0.00772	0.00235	0.00624	0.00807	0.00931	0.01249
22	0.01168	0.00842	0.01150	0.01278	0.01451	0.00824	0.01084	0.01502	0.01799	0.02373	0.14874	0.10887	0.07967	0.02009	0.01011	0.00324	0.00615	0.47426	0.00722	0.00695
23	0.01753	0.01944	0.04110	0.11542	0.08751	0.01882	0.53613	0.02363	0.01753	0.02374	0.01504	0.02031	0.01138	0.00656	0.00868	0.00253	0.01219	0.00853	0.00377	0.01014
24	0.03403	0.01291	0.01760	0.01350	0.01936	0.01115	0.01115	0.03697	0.02171	0.69137	0.02992	0.02582	0.01878	0.00939	0.00763	0.00235	0.00645	0.00763	0.00939	0.01291
25	0.01194	0.00858	0.01186	0.01353	0.01525	0.00851	0.01170	0.01526	0.01732	0.02245	0.04185	0.11504	0.07215	0.02101	0.01037	0.00343	0.00673	0.57911	0.00699	0.00692
26	0.01825	0.01749	0.02985	0.12482	0.61192	0.01789	0.02302	0.02282	0.01702	0.02415	0.01418	0.01894	0.01179	0.00685	0.00752	0.00228	0.00914	0.00676	0.00371	0.01159
27	0.01742	0.02034	0.07059	0.02825	0.03405	0.02019	0.45670	0.02267	0.01613	0.02267	0.01382	0.01921	0.01100	0.00827	0.01312	0.00275	0.20120	0.00817	0.00367	0.00976
28	0.01208	0.00864	0.01203	0.01356	0.01531	0.00858	0.01175	0.01559	0.01783	0.02341	0.09968	0.08288	0.04624	0.02045	0.01033	0.00339	0.00667	0.57746	0.00711	0.00700
29	0.01521	0.03923	0.69413	0.02162	0.03283	0.01762	0.02802	0.02402	0.01601	0.02402	0.01361	0.01601	0.00961	0.00721	0.00721	0.00240	0.01121	0.00560	0.00320	0.01121
30	0.01573	0.01348	0.01573	0.01123	0.01798	0.01011	0.00899	0.01910	0.01573	0.02472	0.01348	0.01573	0.01123	0.00562	0.00562	0.00112	0.00562	0.00449	0.00449	0.77980
31	0.01790	0.02046	0.04476	0.03197	0.03964	0.01918	0.65857	0.02430	0.01790	0.02430	0.01535	0.02046	0.01151	0.00639	0.00895	0.00256	0.01279	0.00895	0.00384	0.01023
32	0.01116	0.00803	0.01073	0.01080	0.01258	0.00760	0.00860	0.01471	0.02033	0.02822	0.49968	0.06487	0.06364	0.01705	0.00938	0.00270	0.00455	0.19030	0.00796	0.00711
33	0.01877	0.01802	0.03079	0.04656	0.68612	0.01802	0.02328	0.02328	0.01727	0.02478	0.01427	0.01877	0.01201	0.00676	0.00751	0.00225	0.00901	0.00676	0.00375	0.01201
34	0.01719	0.01919	0.04117	0.02985	0.03693	0.01800	0.59007	0.02323	0.01785	0.02405	0.01921	0.02691	0.03660	0.00787	0.00906	0.00262	0.01207	0.05408	0.00417	0.00987
35	0.03403	0.01291	0.01760	0.01350	0.01936	0.01115	0.01115	0.03697	0.02171	0.69137	0.02992	0.02582	0.01878	0.00939	0.00763	0.00235	0.00645	0.00763	0.00939	0.01291
36	0.00964	0.00702	0.00897	0.01038	0.01121	0.00654	0.00725	0.01117	0.01496	0.01955	0.04511	0.52779	0.13259	0.07086	0.01162	0.00334	0.00480	0.08417	0.00687	0.00617
37	0.01744	0.02054	0.08375	0.03103	0.11277	0.01883	0.45040	0.02319	0.01709	0.02370	0.01576	0.02264	0.01280	0.00781	0.01022	0.00263	0.07786	0.03750	0.00388	0.01018

[dist]
# distance from previous block
# <min> <max>
3	5

[block]
# block no. 1 follows, 26 sequences, length 29
# corresponding to MSA columns:
# 43-71
name=unknown_B
#
# <colnr> <probs for GDERKNQSTAVLIFYWHMCP>
#	G	D	E	R	K	N	Q	S	T	A	V	L	I	F	Y	W	H	M	C	P
0	0.03323	0.01309	0.01758	0.01360	0.01938	0.01156	0.01119	0.03714	0.05603	0.65658	0.02997	0.02595	0.01901	0.00944	0.00763	0.00236	0.00643	0.00768	0.00930	0.01286
1	0.01103	0.00735	0.00827	0.00827	0.00827	0.00735	0.00460	0.01103	0.01103	0.01471	0.02390	0.04964	0.02758	0.73343	0.03861	0.00735	0.00735	0.01103	0.00460	0.00460
2	0.75002	0.01499	0.01171	0.01034	0.01510	0.01733	0.00852	0.05345	0.01402	0.03470	0.01093	0.01261	0.00844	0.00714	0.00484	0.00234	0.00599	0.00424	0.00484	0.00844
3	0.50269	0.01714	0.01550	0.01278	0.01799	0.01946	0.01054	0.26175	0.02144	0.03920	0.01343	0.01453	0.00997	0.00782	0.00578	0.00232	0.00680	0.00513	0.00578	0.00997
4	0.74592	0.01461	0.01139	0.01004	0.01484	0.01665	0.00826	0.02213	0.01306	0.03354	0.01072	0.01250	0.00838	0.00697	0.00474	0.00228	0.00585	0.00413	0.00468	0.04932
5	0.01085	0.00808	0.01198	0.01198	0.01326	0.00936	0.00921	0.01341	0.01213	0.01745	0.02051	0.03088	0.01943	0.09392	0.66698	0.01193	0.01961	0.00829	0.00409	0.00665
6	0.01084	0.00813	0.01219	0.01219	0.01354	0.00948	0.00948	0.01354	0.01219	0.01761	0.02032	0.02980	0.01896	0.05689	0.70337	0.01219	0.02032	0.00813	0.00406	0.00677
7	0.01511	0.01428	0.02417	0.59722	0.16409	0.01706	0.02146	0.02007	0.01554	0.02033	0.01362	0.01997	0.01045	0.00744	0.00757	0.00248	0.00992	0.00674	0.00344	0.00906
8	0.78701	0.01467	0.01115	0.00997	0.01467	0.01702	0.00821	0.02230	0.01291	0.03403	0.01056	0.01232	0.00821	0.00704	0.00469	0.00235	0.00587	0.00411	0.00469	0.00821
9	0.78701	0.01467	0.01115	0.00997	0.01467	0.01702	0.00821	0.02230	0.01291	0.03403	0.01056	0.01232	0.00821	0.00704	0.00469	0.00235	0.00587	0.00411	0.00469	0.00821
10	0.01103	0.00735	0.00827	0.00827	0.00827	0.00735	0.00460	0.01103	0.01103	0.01471	0.02390	0.04964	0.02758	0.73343	0.03861	0.00735	0.00735	0.01103	0.00460	0.00460
11	0.01657	0.22645	0.51880	0.01930	0.02925	0.02094	0.02399	0.02367	0.01585	0.02237	0.01279	0.01498	0.00964	0.00701	0.00658	0.00219	0.01038	0.00519	0.00321	0.01081
12	0.01573	0.01348	0.01573	0.01123	0.01798	0.01011	0.00899	0.01910	0.01573	0.02472	0.01348	0.01573	0.01123	0.00562	0.00562	0.00112	0.00562	0.00449	0.00449	0.77980
13	0.01877	0.01802	0.03079	0.04656	0.68612	0.01802	0.02328	0.02328	0.01727	0.02478	0.01427	0.01877	0.01201	0.00676	0.00751	0.00225	0.00901	0.00676	0.00375	0.01201
14	0.01206	0.00868	0.01199	0.01365	0.01544	0.00861	0.01190	0.01547	0.01745	0.02259	0.04201	0.08492	0.07597	0.02087	0.01040	0.00345	0.00683	0.60377	0.00699	0.00696
15	0.02274	0.02069	0.01878	0.01642	0.02095	0.15251	0.01281	0.12245	0.43025	0.06057	0.02538	0.02397	0.01896	0.00961	0.00753	0.00240	0.00784	0.00758	0.00703	0.01154
16	0.01841	0.01765	0.03014	0.10071	0.63478	0.01793	0.02310	0.02296	0.01710	0.02434	0.01420	0.01889	0.01186	0.00683	0.00752	0.00228	0.00910	0.00676	0.00372	0.01172
17	0.01432	0.01348	0.02275	0.71520	0.05224	0.01685	0.02107	0.01938	0.01517	0.01938	0.01348	0.02022	0.01011	0.00758	0.00758	0.00253	0.01011	0.00674	0.00337	0.00843
18	0.01521	0.03923	0.69413	0.02162	0.03283	0.01762	0.02802	0.02402	0.01601	0.02402	0.01361	0.01601	0.00961	0.00721	0.00721	0.00240	0.01121	0.00560	0.00320	0.01121
19	0.03403	0.01291	0.01760	0.01350	0.01936	0.01115	0.01115	0.03697	0.02171	0.69137	0.02992	0.02582	0.01878	0.00939	0.00763	0.00235	0.00645	0.00763	0.00939	0.01291
20	0.03173	0.01659	0.01988	0.01524	0.02120	0.01662	0.01259	0.31278	0.02788	0.40684	0.02475	0.02245	0.01618	0.00926	0.00761	0.00232	0.00729	0.00727	0.00859	0.01290
21	0.00924	0.00660	0.00880	0.01056	0.01100	0.00616	0.00704	0.01056	0.01452	0.01936	0.04181	0.72848	0.05017	0.02376	0.00968	0.00308	0.00440	0.02156	0.00704	0.00616
22	0.00987	0.00772	0.00894	0.00863	0.01080	0.00679	0.00647	0.01264	0.01942	0.02556	0.38589	0.06466	0.37083	0.01732	0.00896	0.00247	0.00371	0.01484	0.00771	0.00679
23	0.00924	0.00660	0.00880	0.01056	0.01100	0.00616	0.00704	0.01056	0.01452	0.01936	0.04181	0.72848	0.05017	0.02376	0.00968	0.00308	0.00440	0.02156	0.00704	0.00616
24	0.78701	0.01467	0.01115	0.00997	0.01467	0.01702	0.00821	0.02230	0.01291	0.03403	0.01056	0.01232	0.00821	0.00704	0.00469	0.00235	0.00587	0.00411	0.00469	0.00821
25	0.01050	0.00774	0.00982	0.00930	0.01119	0.00706	0.00697	0.01386	0.02092	0.02911	0.60227	0.05881	0.15222	0.01600	0.00895	0.00241	0.00361	0.01402	0.00818	0.00706
26	0.02768	0.02063	0.02276	0.07294	0.02581	0.02299	0.01495	0.60981	0.03403	0.04554	0.01783	0.01837	0.01268	0.00898	0.00759	0.00230	0.00849	0.00682	0.00725	0.01254
27	0.01534	0.01306	0.01545	0.01131	0.01762	0.01006	0.00903	0.01866	0.01545	0.02415	0.01403	0.01685	0.01185	0.00969	0.06111	0.00200	0.00679	0.00478	0.00446	0.71833
28	0.01822	0.01561	0.01659	0.01497	0.01906	0.01794	0.01162	0.03824	0.62065	0.03163	0.08266	0.03055	0.02700	0.01071	0.00782	0.00256	0.00581	0.00898	0.00777	0.01162

[dist]
# distance from previous block
# <min> <max>
0	4

[block]
# block no. 2 follows, 26 sequences, length 44
# corresponding to MSA columns:
# 76-119
name=unknown_C
#
# <colnr> <probs for GDERKNQSTAVLIFYWHMCP>
#	G	D	E	R	K	N	Q	S	T	A	V	L	I	F	Y	W	H	M	C	P
0	0.03349	0.01378	0.01814	0.01391	0.01980	0.01244	0.01149	0.10204	0.02317	0.62424	0.02870	0.02502	0.01816	0.00936	0.00762	0.00234	0.00665	0.00754	0.00920	0.01291
1	0.02841	0.03382	0.02169	0.01921	0.02346	0.59669	0.01462	0.12892	0.02371	0.02314	0.01274	0.01439	0.01026	0.00802	0.00696	0.00200	0.01284	0.00519	0.00448	0.00944
2	0.01731	0.01605	0.02708	0.06810	0.55465	0.01614	0.02062	0.02110	0.01651	0.02339	0.01705	0.09308	0.01598	0.00959	0.00889	0.04285	0.00845	0.00829	0.00406	0.01080
3	0.02398	0.02401	0.01878	0.01665	0.02087	0.30245	0.01290	0.10209	0.21821	0.07024	0.02494	0.02614	0.06240	0.01008	0.00752	0.00230	0.00938	0.03064	0.00615	0.01025
4	0.01855	0.01787	0.03000	0.04378	0.61663	0.01857	0.02258	0.02275	0.01668	0.02410	0.01382	0.01855	0.01180	0.00744	0.00932	0.00236	0.08312	0.00675	0.00371	0.01163
5	0.00979	0.00829	0.00869	0.00818	0.01113	0.00684	0.00620	0.01198	0.01741	0.02162	0.11195	0.06590	0.57082	0.01754	0.00861	0.00240	0.00401	0.01465	0.00687	0.08712
6	0.01584	0.01429	0.02275	0.64242	0.04925	0.01755	0.02037	0.08628	0.01730	0.02234	0.01397	0.02001	0.01040	0.00774	0.00758	0.00250	0.00993	0.00675	0.00381	0.00889
7	0.01559	0.03684	0.62352	0.02097	0.03146	0.01775	0.02635	0.02572	0.08448	0.02483	0.01541	0.01730	0.01102	0.00753	0.00726	0.00242	0.01067	0.00591	0.00367	0.01129
8	0.03226	0.01356	0.01774	0.01384	0.01955	0.01240	0.01136	0.05981	0.09008	0.59936	0.02960	0.02580	0.01902	0.00947	0.00764	0.00237	0.00648	0.00770	0.00915	0.01281
9	0.01659	0.01659	0.02323	0.01991	0.01991	0.02323	0.01659	0.01825	0.01162	0.01825	0.00996	0.01659	0.00996	0.01328	0.02489	0.00332	0.71955	0.00664	0.00332	0.00830
10	0.01432	0.01348	0.02275	0.71520	0.05224	0.01685	0.02107	0.01938	0.01517	0.01938	0.01348	0.02022	0.01011	0.00758	0.00758	0.00253	0.01011	0.00674	0.00337	0.00843
11	0.01873	0.01814	0.03147	0.04585	0.65474	0.01808	0.05412	0.02333	0.01730	0.02476	0.01432	0.01885	0.01199	0.00674	0.00758	0.00227	0.00919	0.00686	0.00376	0.01193
12	0.00922	0.00668	0.00872	0.01035	0.01095	0.00618	0.00695	0.01059	0.01472	0.01944	0.04435	0.68086	0.09614	0.02343	0.00963	0.00304	0.00436	0.02116	0.00704	0.00618
13	0.01222	0.00873	0.01222	0.01397	0.01572	0.00873	0.01222	0.01572	0.01746	0.02270	0.04016	0.08556	0.04365	0.02095	0.01048	0.00349	0.00698	0.63506	0.00698	0.00698
14	0.01001	0.00829	0.00884	0.00860	0.01112	0.00742	0.00648	0.01361	0.06329	0.02328	0.19676	0.06659	0.51321	0.01784	0.00887	0.00253	0.00394	0.01503	0.00736	0.00694
15	0.00924	0.00660	0.00880	0.01056	0.01100	0.00616	0.00704	0.01056	0.01452	0.01936	0.04181	0.72848	0.05017	0.02376	0.00968	0.00308	0.00440	0.02156	0.00704	0.00616
16	0.02833	0.03615	0.02149	0.01954	0.02345	0.70298	0.01466	0.03029	0.02149	0.01856	0.01172	0.01368	0.00977	0.00782	0.00684	0.00195	0.01368	0.00489	0.00391	0.00879
17	0.01659	0.01659	0.02323	0.01991	0.01991	0.02323	0.01659	0.01825	0.01162	0.01825	0.00996	0.01659	0.00996	0.01328	0.02489	0.00332	0.71955	0.00664	0.00332	0.00830
18	0.01573	0.01348	0.01573	0.01123	0.01798	0.01011	0.00899	0.01910	0.01573	0.02472	0.01348	0.01573	0.01123	0.00562	0.00562	0.00112	0.00562	0.00449	0.00449	0.77980
19	0.02028	0.73799	0.03975	0.01298	0.01947	0.03001	0.01298	0.02271	0.01541	0.01785	0.01055	0.01217	0.00973	0.00649	0.00487	0.00162	0.00811	0.00406	0.00324	0.00973
20	0.01432	0.01348	0.02275	0.71520	0.05224	0.01685	0.02107	0.01938	0.01517	0.01938	0.01348	0.02022	0.01011	0.00758	0.00758	0.00253	0.01011	0.00674	0.00337	0.00843
21	0.78701	0.01467	0.01115	0.00997	0.01467	0.01702	0.00821	0.02230	0.01291	0.03403	0.01056	0.01232	0.00821	0.00704	0.00469	0.00235	0.00587	0.00411	0.00469	0.00821
22	0.78701	0.01467	0.01115	0.00997	0.01467	0.01702	0.00821	0.02230	0.01291	0.03403	0.01056	0.01232	0.00821	0.00704	0.00469	0.00235	0.00587	0.00411	0.00469	0.00821
23	0.02883	0.02125	0.02276	0.01745	0.02352	0.02352	0.01442	0.66082	0.03566	0.04780	0.01821	0.01821	0.01290	0.00911	0.00759	0.00228	0.00835	0.00683	0.00759	0.01290
24	0.01573	0.01348	0.01573	0.01123	0.01798	0.01011	0.00899	0.01910	0.01573	0.02472	0.01348	0.01573	0.01123	0.00562	0.00562	0.00112	0.00562	0.00449	0.00449	0.77980
25	0.01084	0.00813	0.01219	0.01219	0.01354	0.00948	0.00948	0.01354	0.01219	0.01761	0.02032	0.02980	0.01896	0.05689	0.70337	0.01219	0.02032	0.00813	0.00406	0.00677
26	0.00940	0.00699	0.00882	0.01020	0.01119	0.00640	0.00715	0.01101	0.01533	0.01985	0.04913	0.54205	0.18409	0.02259	0.00959	0.00300	0.00447	0.06544	0.00704	0.00627
27	0.03403	0.01291	0.01760	0.01350	0.01936	0.01115	0.01115	0.03697	0.02171	0.69137	0.02992	0.02582	0.01878	0.00939	0.00763	0.00235	0.00645	0.00763	0.00939	0.01291
28	0.03339	0.01305	0.01758	0.01358	0.01938	0.01147	0.01118	0.03711	0.04916	0.66355	0.02996	0.02592	0.01896	0.00943	0.00763	0.00236	0.00644	0.00767	0.00932	0.01287
29	0.01877	0.01802	0.03079	0.04656	0.68612	0.01802	0.02328	0.02328	0.01727	0.02478	0.01427	0.01877	0.01201	0.00676	0.00751	0.00225	0.00901	0.00676	0.00375	0.01201
30	0.00905	0.00769	0.00780	0.00777	0.01030	0.00644	0.00583	0.01105	0.01749	0.02096	0.10530	0.07223	0.65428	0.01904	0.00896	0.00255	0.00383	0.01590	0.00711	0.00644
31	0.02833	0.03615	0.02149	0.01954	0.02345	0.70298	0.01466	0.03029	0.02149	0.01856	0.01172	0.01368	0.00977	0.00782	0.00684	0.00195	0.01368	0.00489	0.00391	0.00879
32	0.01521	0.03923	0.69413	0.02162	0.03283	0.01762	0.02802	0.02402	0.01601	0.02402	0.01361	0.01601	0.00961	0.00721	0.00721	0.00240	0.01121	0.00560	0.00320	0.01121
33	0.03403	0.01291	0.01760	0.01350	0.01936	0.01115	0.01115	0.03697	0.02171	0.69137	0.02992	0.02582	0.01878	0.00939	0.00763	0.00235	0.00645	0.00763	0.00939	0.01291
34	0.01877	0.01802	0.03079	0.04656	0.68612	0.01802	0.02328	0.02328	0.01727	0.02478	0.01427	0.01877	0.01201	0.00676	0.00751	0.00225	0.00901	0.00676	0.00375	0.01201
35	0.02028	0.73799	0.03975	0.01298	0.01947	0.03001	0.01298	0.02271	0.01541	0.01785	0.01055	0.01217	0.00973	0.00649	0.00487	0.00162	0.00811	0.00406	0.00324	0.00973
36	0.00957	0.00678	0.00888	0.01043	0.01087	0.00641	0.00696	0.01083	0.01423	0.01895	0.03964	0.62257	0.04725	0.10701	0.01311	0.00360	0.00485	0.04529	0.00675	0.00601
37	0.01081	0.00778	0.01055	0.01222	0.01346	0.00753	0.00972	0.01331	0.01622	0.02119	0.04276	0.35400	0.07971	0.02204	0.01007	0.00327	0.00574	0.34602	0.00701	0.00661
38	0.01984	0.67790	0.09603	0.01372	0.02062	0.02895	0.01427	0.02283	0.01546	0.01838	0.01081	0.01250	0.00972	0.00655	0.00507	0.00169	0.00838	0.00419	0.00324	0.00986
39	0.66014	0.05947	0.01378	0.01068	0.01561	0.01765	0.00894	0.04658	0.01450	0.07884	0.01217	0.01346	0.00921	0.00724	0.00501	0.00230	0.00614	0.00445	0.00503	0.00880
40	0.01901	0.01994	0.04289	0.03070	0.03824	0.01863	0.61395	0.02517	0.01817	0.07027	0.01635	0.02083	0.01201	0.00660	0.00886	0.00254	0.01235	0.00886	0.00422	0.01041
41	0.07803	0.01409	0.01653	0.01394	0.01866	0.01445	0.01116	0.08918	0.21687	0.31044	0.02921	0.08934	0.02241	0.01111	0.00772	0.00251	0.00628	0.02843	0.00812	0.01153
42	0.01840	0.01764	0.03012	0.10214	0.63342	0.01792	0.02309	0.02295	0.01710	0.02433	0.01420	0.01889	0.01186	0.00683	0.00752	0.00228	0.00910	0.00676	0.00372	0.01172
43	0.01977	0.01983	0.02918	0.04228	0.58566	0.08951	0.02185	0.02481	0.04852	0.02446	0.01478	0.01869	0.01230	0.00703	0.00745	0.00224	0.00936	0.00665	0.00396	0.01168

[dist]
# distance from previous block
# <min> <max>
0	2

# created by:
# /st0/software/busco_prod/Augustus/scripts/msa2prfl.pl ./align_prep/132325.fa
