[name]
unknown

[dist]
# distance from previous block
# <min> <max>
2	19

[block]
# block no. 0 follows, 25 sequences, length 83
# corresponding to MSA columns:
# 20-102
name=unknown_A
#
# <colnr> <probs for GDERKNQSTAVLIFYWHMCP>
#	G	D	E	R	K	N	Q	S	T	A	V	L	I	F	Y	W	H	M	C	P
0	0.02107	0.01855	0.02774	0.06041	0.40810	0.01915	0.03769	0.17566	0.04888	0.03095	0.01814	0.02110	0.03266	0.00799	0.00772	0.00231	0.00878	0.00726	0.00507	0.04078
1	0.02793	0.03297	0.02204	0.02021	0.04322	0.54286	0.01499	0.10330	0.07654	0.02372	0.01444	0.01590	0.01155	0.00832	0.00717	0.00210	0.01257	0.00559	0.00474	0.00984
2	0.02365	0.01460	0.06091	0.01402	0.01876	0.01290	0.01200	0.07917	0.08869	0.30232	0.13302	0.06667	0.06740	0.01231	0.00891	0.00255	0.03247	0.03057	0.00812	0.01098
3	0.10998	0.01498	0.02483	0.36273	0.06357	0.01653	0.13651	0.02183	0.01626	0.05263	0.01604	0.02270	0.01258	0.00802	0.00761	0.00251	0.00957	0.03147	0.03235	0.03729
4	0.01808	0.01729	0.02947	0.20881	0.52659	0.01813	0.02324	0.02282	0.01713	0.02399	0.01439	0.01955	0.01181	0.00711	0.00769	0.00237	0.00949	0.00690	0.00374	0.01139
5	0.01122	0.00765	0.01003	0.01044	0.01186	0.00705	0.00754	0.01377	0.01852	0.05127	0.32597	0.35016	0.08539	0.01965	0.00948	0.00279	0.00427	0.03796	0.00789	0.00706
6	0.01526	0.01411	0.02326	0.68029	0.05219	0.01751	0.02125	0.04601	0.01637	0.02101	0.01398	0.02059	0.01045	0.00782	0.00775	0.00257	0.01026	0.00689	0.00362	0.00880
7	0.02827	0.09712	0.02369	0.01925	0.02362	0.59639	0.01482	0.06867	0.02232	0.02076	0.01229	0.01413	0.01018	0.00795	0.00686	0.00199	0.01315	0.00504	0.00417	0.00933
8	0.01883	0.02130	0.13325	0.02684	0.05182	0.01698	0.39644	0.02488	0.01861	0.09745	0.07256	0.04700	0.01870	0.00836	0.00872	0.00256	0.01095	0.00926	0.00494	0.01056
9	0.02073	0.73217	0.04063	0.01327	0.01990	0.03068	0.01327	0.02322	0.01575	0.01824	0.01078	0.01244	0.00995	0.00663	0.00498	0.00166	0.00829	0.00415	0.00332	0.00995
10	0.04872	0.01503	0.01437	0.03795	0.01756	0.07605	0.01010	0.14671	0.11064	0.02881	0.06880	0.04644	0.32004	0.01417	0.00827	0.00249	0.00639	0.01146	0.00692	0.00907
11	0.02896	0.03695	0.02197	0.01998	0.02397	0.69638	0.01498	0.03096	0.02197	0.01898	0.01199	0.01398	0.00999	0.00799	0.00699	0.00200	0.01398	0.00499	0.00400	0.00899
12	0.01608	0.01378	0.01608	0.01148	0.01837	0.01034	0.00919	0.01952	0.01608	0.02527	0.01378	0.01608	0.01148	0.00574	0.00574	0.00115	0.00574	0.00459	0.00459	0.77491
13	0.01445	0.00723	0.00723	0.00723	0.00903	0.00723	0.00542	0.01807	0.01626	0.02891	0.02529	0.02891	0.01987	0.00903	0.00542	0.00181	0.00361	0.00723	0.77055	0.00723
14	0.00990	0.00805	0.00887	0.00934	0.01152	0.00717	0.00703	0.01257	0.03851	0.02134	0.06631	0.19730	0.47048	0.02040	0.00942	0.00282	0.00444	0.08056	0.00722	0.00675
15	0.01598	0.09687	0.63429	0.02137	0.03244	0.01905	0.02739	0.02445	0.01632	0.02404	0.01366	0.01605	0.00983	0.00731	0.00717	0.00239	0.01120	0.00560	0.00328	0.01134
16	0.01555	0.04011	0.68733	0.02210	0.03356	0.01801	0.02865	0.02455	0.01637	0.02455	0.01391	0.01637	0.00982	0.00737	0.00737	0.00246	0.01146	0.00573	0.00327	0.01146
17	0.09299	0.02066	0.02170	0.01699	0.02290	0.02302	0.01396	0.54053	0.09480	0.04608	0.01919	0.01909	0.01378	0.00924	0.00752	0.00236	0.00809	0.00691	0.00752	0.01269
18	0.02073	0.73217	0.04063	0.01327	0.01990	0.03068	0.01327	0.02322	0.01575	0.01824	0.01078	0.01244	0.00995	0.00663	0.00498	0.00166	0.00829	0.00415	0.00332	0.00995
19	0.24591	0.07052	0.01829	0.01320	0.01883	0.04688	0.01101	0.06048	0.01978	0.38822	0.02202	0.02046	0.01471	0.00860	0.00669	0.00232	0.00699	0.00632	0.00740	0.01139
20	0.02972	0.02132	0.02303	0.01765	0.02385	0.02346	0.01458	0.62489	0.03580	0.07819	0.01917	0.01897	0.01346	0.00932	0.00776	0.00233	0.00844	0.00702	0.00784	0.01319
21	0.01690	0.01839	0.03725	0.15756	0.03936	0.01861	0.43953	0.02249	0.01723	0.02315	0.01909	0.02415	0.05574	0.00819	0.01016	0.00267	0.06680	0.00902	0.00401	0.00969
22	0.01831	0.01767	0.03086	0.10399	0.52853	0.01786	0.07738	0.02308	0.01753	0.02467	0.01615	0.02346	0.01395	0.00780	0.00799	0.00243	0.00953	0.04333	0.00400	0.01149
23	0.01445	0.00723	0.00723	0.00723	0.00903	0.00723	0.00542	0.01807	0.01626	0.02891	0.02529	0.02891	0.01987	0.00903	0.00542	0.00181	0.00361	0.00723	0.77055	0.00723
24	0.01007	0.00720	0.00969	0.01132	0.01209	0.00681	0.00811	0.01195	0.01583	0.02113	0.08469	0.56954	0.05161	0.02324	0.00999	0.00317	0.00489	0.12488	0.00728	0.00651
25	0.02096	0.54168	0.09596	0.01531	0.02164	0.10567	0.01511	0.02393	0.01627	0.01893	0.01116	0.01327	0.00996	0.00732	0.00679	0.00189	0.05633	0.00456	0.00340	0.00988
26	0.02796	0.01408	0.01835	0.04331	0.02081	0.01419	0.01228	0.08011	0.09157	0.41462	0.08914	0.02801	0.02322	0.01056	0.00955	0.00252	0.07117	0.00831	0.00835	0.01191
27	0.01946	0.02016	0.01763	0.01615	0.01868	0.24969	0.01255	0.07036	0.01770	0.02121	0.01658	0.02231	0.01467	0.03036	0.30637	0.00668	0.09217	0.00685	0.03211	0.00831
28	0.02833	0.03502	0.02267	0.02172	0.06774	0.62034	0.01556	0.05894	0.02235	0.02077	0.01246	0.01454	0.01029	0.00798	0.00707	0.00203	0.01341	0.00521	0.00416	0.00940
29	0.01095	0.00828	0.01215	0.01215	0.01362	0.00948	0.00944	0.01366	0.01281	0.01820	0.02463	0.03341	0.06325	0.05558	0.65085	0.01180	0.01964	0.00885	0.00436	0.00690
30	0.02268	0.50113	0.07330	0.01562	0.02181	0.21246	0.01464	0.02542	0.01750	0.01881	0.01129	0.01309	0.00995	0.00705	0.00567	0.00180	0.01004	0.00447	0.00350	0.00977
31	0.01808	0.01751	0.03052	0.19973	0.49158	0.01822	0.06517	0.02294	0.01720	0.02402	0.01447	0.01965	0.01180	0.00708	0.00779	0.00239	0.00973	0.00705	0.00375	0.01131
32	0.05735	0.21244	0.02697	0.04216	0.02351	0.14136	0.01429	0.30815	0.04781	0.03335	0.01532	0.01635	0.01182	0.00826	0.00677	0.00211	0.00929	0.00583	0.00565	0.01120
33	0.01310	0.00998	0.01469	0.05772	0.07776	0.01016	0.01383	0.01677	0.01758	0.02306	0.03714	0.10251	0.03997	0.01943	0.01023	0.00338	0.00741	0.51098	0.00663	0.00766
34	0.01445	0.00723	0.00723	0.00723	0.00903	0.00723	0.00542	0.01807	0.01626	0.02891	0.02529	0.02891	0.01987	0.00903	0.00542	0.00181	0.00361	0.00723	0.77055	0.00723
35	0.07217	0.02069	0.02185	0.01713	0.02303	0.02305	0.01406	0.53908	0.11456	0.04597	0.01979	0.01957	0.01423	0.00934	0.00760	0.00237	0.00808	0.00704	0.00760	0.01279
36	0.06443	0.06322	0.04319	0.01391	0.01952	0.04478	0.01178	0.03359	0.06690	0.45870	0.02829	0.02667	0.03968	0.03926	0.00878	0.00257	0.00712	0.00768	0.00806	0.01186
37	0.01108	0.00831	0.01246	0.01246	0.01385	0.00969	0.00969	0.01385	0.01246	0.01800	0.02077	0.03046	0.01938	0.05815	0.69678	0.01246	0.02077	0.00831	0.00415	0.00692
38	0.01128	0.00752	0.00846	0.00846	0.00846	0.00752	0.00470	0.01128	0.01128	0.01503	0.02443	0.05074	0.02819	0.72751	0.03946	0.00752	0.00752	0.01128	0.00470	0.00470
39	0.01487	0.01515	0.03033	0.02357	0.02851	0.01423	0.37475	0.01948	0.01733	0.02316	0.02885	0.21045	0.05833	0.01358	0.00954	0.00287	0.00969	0.09119	0.00532	0.00879
40	0.01681	0.01697	0.02458	0.47225	0.14682	0.09087	0.04363	0.02142	0.01662	0.02078	0.01512	0.05210	0.01255	0.00836	0.00781	0.00250	0.01039	0.00747	0.00376	0.00920
41	0.01108	0.00831	0.01246	0.01246	0.01385	0.00969	0.00969	0.01385	0.01246	0.01800	0.02077	0.03046	0.01938	0.05815	0.69678	0.01246	0.02077	0.00831	0.00415	0.00692
42	0.01913	0.01859	0.03243	0.04660	0.63648	0.01850	0.06569	0.02387	0.01770	0.02530	0.01466	0.01931	0.01225	0.00688	0.00777	0.00232	0.00947	0.00706	0.00384	0.01216
43	0.02784	0.08831	0.05112	0.01927	0.02407	0.53081	0.01538	0.11022	0.02313	0.02300	0.01283	0.01456	0.01039	0.00803	0.00695	0.00203	0.01274	0.00522	0.00440	0.00970
44	0.01445	0.00723	0.00723	0.00723	0.00903	0.00723	0.00542	0.01807	0.01626	0.02891	0.02529	0.02891	0.01987	0.00903	0.00542	0.00181	0.00361	0.00723	0.77055	0.00723
45	0.01464	0.01378	0.02326	0.70887	0.05340	0.01723	0.02153	0.01981	0.01550	0.01981	0.01378	0.02067	0.01034	0.00775	0.00775	0.00258	0.01034	0.00689	0.00345	0.00861
46	0.01998	0.01816	0.03079	0.04589	0.64595	0.01807	0.02317	0.02450	0.01788	0.05851	0.01539	0.01955	0.01263	0.00704	0.00768	0.00231	0.00908	0.00695	0.00413	0.01233
47	0.01110	0.00820	0.01194	0.01194	0.01314	0.00941	0.00904	0.01351	0.01231	0.01761	0.02124	0.03310	0.02053	0.14526	0.61124	0.01182	0.01904	0.00869	0.00422	0.00663
48	0.01347	0.00673	0.01010	0.01010	0.01010	0.00673	0.00673	0.01010	0.01010	0.01347	0.01347	0.02357	0.01347	0.02694	0.03030	0.77441	0.00673	0.00673	0.00337	0.00337
49	0.01702	0.01714	0.02476	0.02092	0.02128	0.02356	0.04596	0.01894	0.01217	0.01894	0.01043	0.01714	0.01025	0.01325	0.02470	0.00336	0.68129	0.00689	0.00342	0.00857
50	0.15047	0.06340	0.02088	0.01768	0.02206	0.47462	0.01363	0.06131	0.06531	0.02395	0.01342	0.01495	0.01083	0.00804	0.00664	0.00211	0.01161	0.00519	0.00455	0.00937
51	0.00966	0.00787	0.00854	0.00837	0.01078	0.00676	0.00628	0.01208	0.01884	0.02371	0.24108	0.07007	0.51174	0.01861	0.00916	0.00257	0.00385	0.01573	0.00756	0.00676
52	0.01237	0.00884	0.01235	0.01414	0.01587	0.00882	0.01228	0.01585	0.01773	0.02306	0.04112	0.11355	0.04490	0.02154	0.01068	0.00355	0.00703	0.60210	0.00714	0.00711
53	0.01028	0.00748	0.00974	0.01049	0.01175	0.00694	0.00762	0.01275	0.01803	0.02447	0.28450	0.36196	0.10828	0.02047	0.00963	0.00288	0.00438	0.07386	0.00770	0.00678
54	0.01838	0.02154	0.06456	0.05604	0.08103	0.06053	0.49455	0.02431	0.01815	0.02408	0.01649	0.05228	0.01337	0.00754	0.00884	0.00257	0.01232	0.00913	0.00403	0.01027
55	0.01464	0.01378	0.02326	0.70887	0.05340	0.01723	0.02153	0.01981	0.01550	0.01981	0.01378	0.02067	0.01034	0.00775	0.00775	0.00258	0.01034	0.00689	0.00345	0.00861
56	0.01485	0.01400	0.02364	0.67826	0.08237	0.01728	0.02164	0.01999	0.01560	0.02007	0.01382	0.02060	0.01043	0.00771	0.00775	0.00257	0.01028	0.00689	0.00346	0.00878
57	0.01509	0.01400	0.02348	0.61761	0.11374	0.01698	0.02117	0.02014	0.01574	0.02069	0.01428	0.02083	0.01088	0.00772	0.00766	0.00253	0.00998	0.00690	0.03166	0.00893
58	0.01996	0.38572	0.27449	0.01729	0.02544	0.08387	0.01910	0.05355	0.01748	0.02203	0.01239	0.01430	0.01006	0.00714	0.00615	0.00201	0.00996	0.00493	0.00357	0.01057
59	0.78228	0.01499	0.01140	0.01020	0.01499	0.01739	0.00840	0.02279	0.01320	0.03479	0.01080	0.01260	0.00840	0.00720	0.00480	0.00240	0.00600	0.00420	0.00480	0.00840
60	0.01070	0.00791	0.00999	0.00947	0.01142	0.00720	0.00710	0.01410	0.02130	0.02956	0.58510	0.06044	0.16406	0.01642	0.00915	0.00247	0.00370	0.01438	0.00833	0.00720
61	0.01891	0.01777	0.02936	0.14774	0.53130	0.01850	0.02265	0.04967	0.04159	0.02570	0.01524	0.01975	0.01243	0.00727	0.00770	0.00236	0.00925	0.00698	0.00409	0.01175
62	0.01608	0.01378	0.01608	0.01148	0.01837	0.01034	0.00919	0.01952	0.01608	0.02527	0.01378	0.01608	0.01148	0.00574	0.00574	0.00115	0.00574	0.00459	0.00459	0.77491
63	0.01908	0.45690	0.12876	0.01476	0.02103	0.08224	0.01483	0.02252	0.01659	0.02014	0.05753	0.04626	0.01633	0.01079	0.04080	0.00246	0.00940	0.00605	0.00392	0.00961
64	0.01233	0.00887	0.01227	0.01397	0.01579	0.00881	0.01217	0.01582	0.01784	0.02309	0.04288	0.08684	0.07536	0.02133	0.01063	0.00352	0.00698	0.59722	0.00714	0.00711
65	0.01608	0.01378	0.01608	0.01148	0.01837	0.01034	0.00919	0.01952	0.01608	0.02527	0.01378	0.01608	0.01148	0.00574	0.00574	0.00115	0.00574	0.00459	0.00459	0.77491
66	0.02129	0.01754	0.01800	0.01591	0.02046	0.05023	0.01243	0.06467	0.56276	0.08089	0.03007	0.02764	0.02229	0.01029	0.00784	0.00257	0.00663	0.00845	0.00783	0.01223
67	0.03173	0.01247	0.01703	0.01350	0.01885	0.01091	0.01099	0.03458	0.02118	0.60222	0.03113	0.08210	0.02176	0.01290	0.03821	0.00290	0.00705	0.00896	0.00917	0.01237
68	0.02669	0.05427	0.19165	0.01890	0.07613	0.01560	0.01709	0.05833	0.06467	0.36124	0.02370	0.02246	0.01587	0.00873	0.00755	0.00238	0.00818	0.00706	0.00704	0.01246
69	0.01555	0.04011	0.68733	0.02210	0.03356	0.01801	0.02865	0.02455	0.01637	0.02455	0.01391	0.01637	0.00982	0.00737	0.00737	0.00246	0.01146	0.00573	0.00327	0.01146
70	0.01464	0.01378	0.02326	0.70887	0.05340	0.01723	0.02153	0.01981	0.01550	0.01981	0.01378	0.02067	0.01034	0.00775	0.00775	0.00258	0.01034	0.00689	0.00345	0.00861
71	0.01615	0.02020	0.15529	0.09474	0.03247	0.01584	0.27570	0.02155	0.01686	0.05339	0.02169	0.17611	0.02033	0.01112	0.00926	0.00271	0.03127	0.01100	0.00472	0.00960
72	0.01617	0.06463	0.53436	0.05403	0.05889	0.01869	0.09776	0.02429	0.01657	0.02415	0.01400	0.01701	0.01016	0.00724	0.00750	0.00244	0.01138	0.00615	0.00338	0.01119
73	0.01132	0.00883	0.01161	0.01217	0.01446	0.00826	0.02888	0.01436	0.01794	0.02267	0.07813	0.07940	0.28966	0.02008	0.01001	0.00313	0.00594	0.34901	0.00712	0.00702
74	0.00940	0.00692	0.00881	0.01033	0.01112	0.00634	0.00699	0.01085	0.01530	0.01998	0.04845	0.61899	0.15105	0.02355	0.00978	0.00306	0.00441	0.02114	0.00720	0.00634
75	0.05019	0.02020	0.10023	0.05001	0.02410	0.05933	0.01489	0.15483	0.11897	0.29053	0.02380	0.02257	0.01622	0.00914	0.00761	0.00241	0.00812	0.00720	0.00742	0.01222
76	0.03402	0.01442	0.01875	0.01438	0.02040	0.01321	0.01188	0.12628	0.02424	0.59312	0.02887	0.02527	0.01833	0.00956	0.00779	0.00239	0.00688	0.00768	0.00933	0.01319
77	0.01071	0.00794	0.00974	0.04375	0.01351	0.00728	0.00773	0.01276	0.01678	0.04531	0.08221	0.33137	0.31487	0.02049	0.00941	0.00286	0.00470	0.04458	0.00716	0.00685
78	0.78228	0.01499	0.01140	0.01020	0.01499	0.01739	0.00840	0.02279	0.01320	0.03479	0.01080	0.01260	0.00840	0.00720	0.00480	0.00240	0.00600	0.00420	0.00480	0.00840
79	0.69833	0.01655	0.04186	0.01123	0.01641	0.01787	0.00971	0.06499	0.01489	0.03528	0.01146	0.01316	0.00878	0.00735	0.00511	0.00240	0.00641	0.00445	0.00493	0.00885
80	0.01892	0.01815	0.03099	0.08623	0.64258	0.01835	0.02366	0.02356	0.01753	0.02501	0.01454	0.01928	0.01217	0.00696	0.00768	0.00232	0.00928	0.00691	0.00382	0.01207
81	0.01642	0.01429	0.01775	0.01541	0.09024	0.01122	0.01078	0.01999	0.01625	0.02527	0.01387	0.01642	0.01157	0.00587	0.00595	0.00127	0.00612	0.00485	0.00451	0.69196
82	0.01162	0.00890	0.01285	0.01235	0.01434	0.00976	0.00964	0.01446	0.01285	0.01879	0.02001	0.02890	0.01852	0.05245	0.62162	0.01123	0.01913	0.00790	0.00420	0.09045

[dist]
# distance from previous block
# <min> <max>
0	1

# created by:
# /st0/software/busco_prod/Augustus/scripts/msa2prfl.pl ./align_prep/132357.fa
