[name]
unknown

[dist]
# distance from previous block
# <min> <max>
0	28

[block]
# block no. 0 follows, 26 sequences, length 92
# corresponding to MSA columns:
# 28-119
name=unknown_A
#
# <colnr> <probs for GDERKNQSTAVLIFYWHMCP>
#	G	D	E	R	K	N	Q	S	T	A	V	L	I	F	Y	W	H	M	C	P
0	0.01222	0.00873	0.01222	0.01397	0.01572	0.00873	0.01222	0.01572	0.01746	0.02270	0.04016	0.08556	0.04365	0.02095	0.01048	0.00349	0.00698	0.63506	0.00698	0.00698
1	0.01887	0.01629	0.01715	0.01544	0.01972	0.01887	0.01201	0.04031	0.67241	0.03173	0.03087	0.02830	0.02315	0.01029	0.00772	0.00257	0.00600	0.00858	0.00772	0.01201
2	0.01877	0.01802	0.03079	0.04656	0.68612	0.01802	0.02328	0.02328	0.01727	0.02478	0.01427	0.01877	0.01201	0.00676	0.00751	0.00225	0.00901	0.00676	0.00375	0.01201
3	0.00924	0.00660	0.00880	0.01056	0.01100	0.00616	0.00704	0.01056	0.01452	0.01936	0.04181	0.72848	0.05017	0.02376	0.00968	0.00308	0.00440	0.02156	0.00704	0.00616
4	0.01119	0.00746	0.01008	0.01139	0.01248	0.00704	0.00840	0.01323	0.01601	0.05276	0.08585	0.50404	0.04872	0.02187	0.00971	0.00309	0.00502	0.15769	0.00723	0.00674
5	0.01636	0.03121	0.41674	0.02604	0.03574	0.01828	0.29737	0.02414	0.01682	0.02414	0.01435	0.01791	0.01042	0.00686	0.00795	0.00247	0.01188	0.00703	0.00347	0.01079
6	0.01318	0.00659	0.00988	0.00988	0.00988	0.00659	0.00659	0.00988	0.00988	0.01318	0.01318	0.02306	0.01318	0.02635	0.02964	0.77931	0.00659	0.00659	0.00329	0.00329
7	0.00936	0.00669	0.00891	0.01048	0.01103	0.00624	0.00705	0.01085	0.01506	0.02022	0.09173	0.67610	0.05184	0.02312	0.00962	0.00303	0.00434	0.02095	0.00714	0.00624
8	0.01033	0.00703	0.00853	0.00929	0.00960	0.00681	0.00579	0.01116	0.01310	0.01776	0.05550	0.34807	0.03884	0.37181	0.02373	0.00511	0.00579	0.01564	0.03065	0.00546
9	0.72440	0.01430	0.01135	0.01009	0.01470	0.01636	0.00828	0.02250	0.01362	0.05873	0.04082	0.01478	0.01140	0.00750	0.00499	0.00235	0.00579	0.00466	0.00503	0.00835
10	0.01215	0.00812	0.01025	0.00950	0.01173	0.00732	0.00720	0.01538	0.02074	0.07771	0.52473	0.05731	0.17773	0.01572	0.00885	0.00241	0.00384	0.01368	0.00819	0.00745
11	0.02798	0.02022	0.02192	0.01708	0.02290	0.02225	0.01411	0.58714	0.05727	0.07106	0.02005	0.02171	0.01479	0.00966	0.00772	0.00234	0.00813	0.03343	0.00764	0.01262
12	0.00998	0.00730	0.00941	0.01030	0.01135	0.00687	0.00718	0.01263	0.03787	0.02304	0.23029	0.48169	0.08226	0.02072	0.00937	0.00284	0.00419	0.01861	0.00745	0.00665
13	0.00985	0.00733	0.00918	0.00953	0.01100	0.00665	0.00684	0.01230	0.01818	0.02453	0.33500	0.29701	0.18641	0.01916	0.00921	0.00267	0.00392	0.01694	0.00763	0.00665
14	0.47985	0.01230	0.01139	0.01058	0.01431	0.01340	0.00841	0.02091	0.01500	0.09951	0.07394	0.14157	0.02312	0.01141	0.00644	0.00252	0.00554	0.03559	0.00598	0.00822
15	0.02474	0.01219	0.01542	0.01275	0.01724	0.01150	0.01027	0.05749	0.10764	0.37707	0.16411	0.03709	0.07554	0.01175	0.00808	0.00243	0.00574	0.02928	0.00865	0.01101
16	0.02213	0.01047	0.01380	0.01178	0.01551	0.00945	0.00924	0.02582	0.04879	0.34929	0.23317	0.12833	0.06243	0.01351	0.00835	0.00247	0.00519	0.01164	0.00861	0.01000
17	0.01318	0.00659	0.00988	0.00988	0.00988	0.00659	0.00659	0.00988	0.00988	0.01318	0.01318	0.02306	0.01318	0.02635	0.02964	0.77931	0.00659	0.00659	0.00329	0.00329
18	0.28808	0.01326	0.01506	0.01212	0.01739	0.01295	0.00997	0.03093	0.01872	0.43757	0.05402	0.02269	0.01768	0.00888	0.00670	0.00235	0.00612	0.00672	0.00775	0.01105
19	0.00949	0.00679	0.00902	0.01039	0.01106	0.00633	0.00706	0.01118	0.01567	0.02119	0.14789	0.61717	0.05371	0.02240	0.00956	0.00297	0.00426	0.02026	0.00726	0.00633
20	0.01110	0.00817	0.01045	0.00999	0.01181	0.00778	0.00744	0.01556	0.06031	0.02953	0.58647	0.11388	0.06676	0.01591	0.00894	0.00246	0.00380	0.01409	0.00820	0.00736
21	0.02363	0.01670	0.01838	0.01550	0.02044	0.01843	0.01234	0.16658	0.42517	0.15367	0.02811	0.02579	0.02027	0.00989	0.00768	0.00247	0.00656	0.00805	0.00799	0.01235
22	0.01110	0.00737	0.00857	0.00857	0.00865	0.00745	0.00497	0.01114	0.01106	0.01483	0.02328	0.04744	0.02652	0.66609	0.07856	0.03640	0.00811	0.01069	0.00452	0.00468
23	0.02028	0.73799	0.03975	0.01298	0.01947	0.03001	0.01298	0.02271	0.01541	0.01785	0.01055	0.01217	0.00973	0.00649	0.00487	0.00162	0.00811	0.00406	0.00324	0.00973
24	0.00977	0.00716	0.00937	0.01062	0.01157	0.00648	0.00720	0.01126	0.01462	0.01980	0.03949	0.67008	0.04698	0.02228	0.00935	0.00292	0.00450	0.02016	0.00683	0.06955
25	0.00924	0.00660	0.00880	0.01056	0.01100	0.00616	0.00704	0.01056	0.01452	0.01936	0.04181	0.72848	0.05017	0.02376	0.00968	0.00308	0.00440	0.02156	0.00704	0.00616
26	0.09006	0.48940	0.13211	0.01599	0.05282	0.06984	0.01536	0.02338	0.01575	0.02061	0.01125	0.01316	0.00969	0.00674	0.00545	0.00185	0.00877	0.00447	0.00344	0.00986
27	0.00943	0.00660	0.00885	0.01053	0.01095	0.00618	0.00702	0.01053	0.01430	0.01906	0.04043	0.69448	0.04838	0.02389	0.01064	0.04050	0.00451	0.02084	0.00686	0.00602
28	0.02197	0.01941	0.02585	0.18902	0.12162	0.06194	0.07718	0.27177	0.02381	0.03154	0.01522	0.01857	0.01156	0.00844	0.00907	0.00242	0.06776	0.00686	0.00514	0.01084
29	0.00952	0.00681	0.00905	0.01037	0.01106	0.00634	0.00706	0.01125	0.01580	0.02139	0.15931	0.60519	0.05409	0.02225	0.00955	0.00295	0.00425	0.02012	0.00728	0.00634
30	0.01606	0.01356	0.01578	0.01148	0.01796	0.01055	0.00915	0.04700	0.01656	0.02553	0.01476	0.04279	0.01278	0.00646	0.00586	0.00125	0.00569	0.00524	0.00473	0.71682
31	0.01928	0.07065	0.08039	0.14555	0.04931	0.01728	0.17875	0.02387	0.01674	0.12429	0.01594	0.01920	0.01192	0.00769	0.00908	0.00230	0.07705	0.00682	0.00455	0.11935
32	0.01966	0.01421	0.01773	0.01485	0.01923	0.01487	0.05557	0.06125	0.31974	0.13477	0.17823	0.03293	0.03186	0.01084	0.00798	0.00242	0.00608	0.00940	0.00773	0.04065
33	0.01095	0.00805	0.01208	0.01208	0.01337	0.00934	0.00934	0.01337	0.01208	0.01740	0.01998	0.02948	0.01869	0.05544	0.67142	0.04857	0.01967	0.00805	0.00403	0.00661
34	0.01548	0.01482	0.02558	0.53418	0.19253	0.01722	0.05179	0.02048	0.01576	0.02081	0.01374	0.01991	0.01060	0.00734	0.00763	0.00247	0.00999	0.00685	0.00348	0.00931
35	0.01582	0.10682	0.60270	0.02121	0.03181	0.01889	0.05316	0.02390	0.01603	0.02343	0.01339	0.01583	0.00970	0.00710	0.00705	0.00233	0.01097	0.00559	0.00323	0.01102
36	0.01336	0.00829	0.01085	0.01002	0.01223	0.00754	0.00757	0.01664	0.02085	0.10876	0.53548	0.10016	0.08778	0.01549	0.00884	0.00244	0.00399	0.01362	0.00833	0.00775
37	0.03300	0.01268	0.01727	0.01332	0.01901	0.01097	0.01097	0.03596	0.02170	0.66207	0.05884	0.02718	0.02112	0.00966	0.00769	0.00235	0.00633	0.00790	0.00934	0.01265
38	0.01318	0.00659	0.00988	0.00988	0.00988	0.00659	0.00659	0.00988	0.00988	0.01318	0.01318	0.02306	0.01318	0.02635	0.02964	0.77931	0.00659	0.00659	0.00329	0.00329
39	0.01573	0.01348	0.01573	0.01123	0.01798	0.01011	0.00899	0.01910	0.01573	0.02472	0.01348	0.01573	0.01123	0.00562	0.00562	0.00112	0.00562	0.00449	0.00449	0.77980
40	0.01210	0.00869	0.01205	0.01373	0.01551	0.00864	0.01198	0.01553	0.01745	0.02262	0.04153	0.08509	0.06753	0.02089	0.01042	0.00346	0.00687	0.61195	0.00699	0.00696
41	0.01573	0.01348	0.01573	0.01123	0.01798	0.01011	0.00899	0.01910	0.01573	0.02472	0.01348	0.01573	0.01123	0.00562	0.00562	0.00112	0.00562	0.00449	0.00449	0.77980
42	0.01147	0.00752	0.00991	0.01021	0.01156	0.00695	0.00726	0.01385	0.01793	0.06485	0.32576	0.36329	0.05703	0.04356	0.01022	0.00287	0.00426	0.01686	0.00768	0.00696
43	0.01084	0.00813	0.01219	0.01219	0.01354	0.00948	0.00948	0.01354	0.01219	0.01761	0.02032	0.02980	0.01896	0.05689	0.70337	0.01219	0.02032	0.00813	0.00406	0.00677
44	0.00924	0.00660	0.00880	0.01056	0.01100	0.00616	0.00704	0.01056	0.01452	0.01936	0.04181	0.72848	0.05017	0.02376	0.00968	0.00308	0.00440	0.02156	0.00704	0.00616
45	0.00924	0.00660	0.00880	0.01056	0.01100	0.00616	0.00704	0.01056	0.01452	0.01936	0.04181	0.72848	0.05017	0.02376	0.00968	0.00308	0.00440	0.02156	0.00704	0.00616
46	0.01067	0.00775	0.01005	0.00948	0.01129	0.00713	0.00711	0.01420	0.02133	0.03008	0.66135	0.05722	0.09254	0.01563	0.00895	0.00239	0.00359	0.01380	0.00830	0.00713
47	0.02459	0.01597	0.01827	0.01456	0.01939	0.01677	0.01181	0.35247	0.05442	0.15887	0.19664	0.03016	0.02990	0.01090	0.00796	0.00233	0.00665	0.00887	0.00812	0.01135
48	0.01096	0.00732	0.00829	0.00836	0.00838	0.00731	0.00469	0.01101	0.01117	0.01489	0.02459	0.07589	0.02845	0.70598	0.03749	0.00719	0.00724	0.01144	0.00469	0.00466
49	0.78701	0.01467	0.01115	0.00997	0.01467	0.01702	0.00821	0.02230	0.01291	0.03403	0.01056	0.01232	0.00821	0.00704	0.00469	0.00235	0.00587	0.00411	0.00469	0.00821
50	0.01414	0.00707	0.00707	0.00707	0.00884	0.00707	0.00530	0.01767	0.01591	0.02828	0.02474	0.02828	0.01944	0.00884	0.00530	0.00177	0.00353	0.00707	0.77554	0.00707
51	0.01085	0.00809	0.01200	0.01200	0.01329	0.00938	0.00925	0.01342	0.01213	0.01747	0.02049	0.03075	0.01938	0.08950	0.67133	0.01196	0.01969	0.00827	0.00409	0.00667
52	0.02883	0.02125	0.02276	0.01745	0.02352	0.02352	0.01442	0.66082	0.03566	0.04780	0.01821	0.01821	0.01290	0.00911	0.00759	0.00228	0.00835	0.00683	0.00759	0.01290
53	0.00923	0.00665	0.00875	0.01043	0.01097	0.00617	0.00698	0.01058	0.01464	0.01941	0.04336	0.69942	0.07823	0.02356	0.00965	0.00306	0.00438	0.02132	0.00704	0.00617
54	0.06968	0.01299	0.01730	0.01333	0.01914	0.01143	0.01101	0.03627	0.02129	0.66025	0.02901	0.02518	0.01828	0.00928	0.00749	0.00235	0.00643	0.00746	0.00917	0.01269
55	0.01904	0.01563	0.01675	0.01499	0.01920	0.01782	0.01167	0.03858	0.60435	0.06066	0.07030	0.02991	0.02590	0.01057	0.00779	0.00255	0.00588	0.00885	0.00783	0.01175
56	0.01057	0.00775	0.00991	0.00937	0.01123	0.00709	0.00703	0.01400	0.02109	0.02950	0.62648	0.05816	0.12777	0.01585	0.00895	0.00240	0.00360	0.01393	0.00823	0.00709
57	0.78701	0.01467	0.01115	0.00997	0.01467	0.01702	0.00821	0.02230	0.01291	0.03403	0.01056	0.01232	0.00821	0.00704	0.00469	0.00235	0.00587	0.00411	0.00469	0.00821
58	0.01086	0.00805	0.01180	0.01180	0.01301	0.00927	0.00899	0.01329	0.01207	0.01732	0.02068	0.03179	0.01983	0.12497	0.63648	0.01170	0.01901	0.00842	0.00412	0.00655
59	0.01432	0.01348	0.02275	0.71520	0.05224	0.01685	0.02107	0.01938	0.01517	0.01938	0.01348	0.02022	0.01011	0.00758	0.00758	0.00253	0.01011	0.00674	0.00337	0.00843
60	0.01074	0.00775	0.01014	0.00954	0.01133	0.00716	0.00716	0.01431	0.02147	0.03042	0.68211	0.05666	0.07157	0.01551	0.00895	0.00239	0.00358	0.01372	0.00835	0.00716
61	0.03403	0.01291	0.01760	0.01350	0.01936	0.01115	0.01115	0.03697	0.02171	0.69137	0.02992	0.02582	0.01878	0.00939	0.00763	0.00235	0.00645	0.00763	0.00939	0.01291
62	0.01887	0.01629	0.01715	0.01544	0.01972	0.01887	0.01201	0.04031	0.67241	0.03173	0.03087	0.02830	0.02315	0.01029	0.00772	0.00257	0.00600	0.00858	0.00772	0.01201
63	0.01103	0.00735	0.00827	0.00827	0.00827	0.00735	0.00460	0.01103	0.01103	0.01471	0.02390	0.04964	0.02758	0.73343	0.03861	0.00735	0.00735	0.01103	0.00460	0.00460
64	0.02833	0.03615	0.02149	0.01954	0.02345	0.70298	0.01466	0.03029	0.02149	0.01856	0.01172	0.01368	0.00977	0.00782	0.00684	0.00195	0.01368	0.00489	0.00391	0.00879
65	0.02028	0.73799	0.03975	0.01298	0.01947	0.03001	0.01298	0.02271	0.01541	0.01785	0.01055	0.01217	0.00973	0.00649	0.00487	0.00162	0.00811	0.00406	0.00324	0.00973
66	0.01414	0.00707	0.00707	0.00707	0.00884	0.00707	0.00530	0.01767	0.01591	0.02828	0.02474	0.02828	0.01944	0.00884	0.00530	0.00177	0.00353	0.00707	0.77554	0.00707
67	0.01737	0.17215	0.48376	0.02028	0.02983	0.07540	0.05370	0.02429	0.01643	0.02241	0.01295	0.01530	0.00973	0.00708	0.00681	0.00222	0.01089	0.00541	0.00330	0.01069
68	0.01630	0.18869	0.55417	0.01977	0.02997	0.02027	0.02481	0.02374	0.01589	0.02270	0.01296	0.01519	0.00964	0.00705	0.00671	0.00224	0.01055	0.00527	0.00321	0.01089
69	0.03403	0.01291	0.01760	0.01350	0.01936	0.01115	0.01115	0.03697	0.02171	0.69137	0.02992	0.02582	0.01878	0.00939	0.00763	0.00235	0.00645	0.00763	0.00939	0.01291
70	0.03284	0.01482	0.01879	0.01440	0.02032	0.01399	0.01190	0.18002	0.02491	0.54380	0.02724	0.02407	0.01743	0.00932	0.00762	0.00233	0.00689	0.00744	0.00898	0.01291
71	0.01765	0.01585	0.02681	0.24642	0.32340	0.01671	0.07608	0.04562	0.01747	0.05510	0.01867	0.04841	0.04147	0.00835	0.00781	0.00241	0.00915	0.00793	0.00431	0.01037
72	0.01521	0.03923	0.69413	0.02162	0.03283	0.01762	0.02802	0.02402	0.01601	0.02402	0.01361	0.01601	0.00961	0.00721	0.00721	0.00240	0.01121	0.00560	0.00320	0.01121
73	0.00924	0.00660	0.00880	0.01056	0.01100	0.00616	0.00704	0.01056	0.01452	0.01936	0.04181	0.72848	0.05017	0.02376	0.00968	0.00308	0.00440	0.02156	0.00704	0.00616
74	0.01723	0.01924	0.04092	0.07191	0.03831	0.01858	0.56512	0.02312	0.01734	0.02354	0.01628	0.05382	0.01320	0.00755	0.00950	0.00261	0.03862	0.00933	0.00394	0.00986
75	0.11518	0.07036	0.27804	0.01703	0.02467	0.01625	0.04169	0.05499	0.01827	0.21911	0.01964	0.02263	0.01438	0.00866	0.00715	0.00240	0.00866	0.04423	0.00562	0.01102
76	0.01782	0.02023	0.04345	0.03124	0.03845	0.01943	0.61966	0.02393	0.01752	0.02393	0.01502	0.02023	0.01141	0.00681	0.00992	0.00260	0.05562	0.00881	0.00380	0.01011
77	0.00896	0.00768	0.00768	0.00768	0.01025	0.00640	0.00576	0.01089	0.01729	0.02049	0.07684	0.07300	0.68304	0.01921	0.00896	0.00256	0.00384	0.01601	0.00704	0.00640
78	0.01838	0.01825	0.03283	0.07447	0.49214	0.01824	0.15757	0.02398	0.04307	0.02469	0.01511	0.01958	0.01225	0.00686	0.00783	0.00234	0.00975	0.00729	0.00391	0.01146
79	0.01610	0.03800	0.66233	0.02124	0.03220	0.01731	0.02723	0.02463	0.01628	0.05539	0.01438	0.01647	0.01004	0.00731	0.00723	0.00240	0.01099	0.00570	0.00349	0.01129
80	0.03403	0.01291	0.01760	0.01350	0.01936	0.01115	0.01115	0.03697	0.02171	0.69137	0.02992	0.02582	0.01878	0.00939	0.00763	0.00235	0.00645	0.00763	0.00939	0.01291
81	0.01812	0.01736	0.02961	0.14465	0.59312	0.01785	0.02295	0.02271	0.01696	0.02399	0.01415	0.01899	0.01174	0.00688	0.00752	0.00229	0.00917	0.00676	0.00370	0.01149
82	0.01593	0.08161	0.50662	0.02129	0.05819	0.01736	0.05421	0.02324	0.01648	0.04376	0.04695	0.04989	0.01482	0.00829	0.00735	0.00238	0.01017	0.00686	0.00386	0.01073
83	0.02028	0.73799	0.03975	0.01298	0.01947	0.03001	0.01298	0.02271	0.01541	0.01785	0.01055	0.01217	0.00973	0.00649	0.00487	0.00162	0.00811	0.00406	0.00324	0.00973
84	0.00924	0.00660	0.00880	0.01056	0.01100	0.00616	0.00704	0.01056	0.01452	0.01936	0.04181	0.72848	0.05017	0.02376	0.00968	0.00308	0.00440	0.02156	0.00704	0.00616
85	0.01545	0.01478	0.02546	0.53954	0.19011	0.01721	0.04921	0.02044	0.01575	0.02077	0.01373	0.01992	0.01059	0.00735	0.00763	0.00247	0.00999	0.00684	0.00347	0.00929
86	0.01816	0.01706	0.02845	0.20854	0.50011	0.01799	0.02232	0.05229	0.01762	0.02454	0.01426	0.01910	0.01159	0.00707	0.00753	0.00232	0.00925	0.00676	0.00384	0.01118
87	0.01856	0.01780	0.03040	0.07879	0.65556	0.01797	0.02317	0.02309	0.01717	0.02452	0.01423	0.01884	0.01192	0.00680	0.00751	0.00227	0.00906	0.00676	0.00374	0.01184
88	0.78701	0.01467	0.01115	0.00997	0.01467	0.01702	0.00821	0.02230	0.01291	0.03403	0.01056	0.01232	0.00821	0.00704	0.00469	0.00235	0.00587	0.00411	0.00469	0.00821
89	0.00930	0.00663	0.00878	0.01048	0.01091	0.00620	0.00696	0.01058	0.01440	0.01920	0.04119	0.70523	0.04939	0.04807	0.01067	0.00323	0.00450	0.02120	0.00696	0.00611
90	0.01863	0.01818	0.02959	0.11782	0.59394	0.04240	0.02273	0.02311	0.01719	0.02397	0.01409	0.01875	0.01173	0.00689	0.00749	0.00227	0.00930	0.00669	0.00372	0.01151
91	0.01151	0.00818	0.01086	0.01218	0.01348	0.00807	0.00985	0.01400	0.01587	0.02066	0.03890	0.14882	0.07149	0.16065	0.01582	0.00416	0.00662	0.41596	0.00653	0.00640

[dist]
# distance from previous block
# <min> <max>
0	2

# created by:
# /st0/software/busco_prod/Augustus/scripts/msa2prfl.pl ./align_prep/132707.fa
