[name]
unknown

[dist]
# distance from previous block
# <min> <max>
0	28

[block]
# block no. 0 follows, 24 sequences, length 30
# corresponding to MSA columns:
# 28-57
name=unknown_A
#
# <colnr> <probs for GDERKNQSTAVLIFYWHMCP>
#	G	D	E	R	K	N	Q	S	T	A	V	L	I	F	Y	W	H	M	C	P
0	0.02956	0.01234	0.01692	0.01424	0.01924	0.01099	0.01195	0.03278	0.02152	0.50479	0.03411	0.04348	0.02650	0.01301	0.00876	0.00277	0.00689	0.16915	0.00915	0.01186
1	0.11088	0.01217	0.01499	0.01246	0.01691	0.01157	0.00998	0.02925	0.06951	0.33993	0.24152	0.03634	0.03714	0.01174	0.00809	0.00248	0.00564	0.00975	0.00876	0.01086
2	0.02698	0.01762	0.08152	0.01530	0.02130	0.01518	0.01348	0.18097	0.05878	0.30157	0.12497	0.02880	0.02572	0.01041	0.00806	0.00241	0.00718	0.00848	0.00827	0.04302
3	0.02094	0.01827	0.03368	0.02562	0.06206	0.01669	0.34697	0.02721	0.05525	0.12660	0.01886	0.02160	0.01386	0.00725	0.00827	0.00231	0.01018	0.00803	0.00528	0.17108
4	0.01870	0.01513	0.05379	0.01538	0.02100	0.01267	0.08640	0.02531	0.10163	0.12764	0.18600	0.03126	0.03058	0.00992	0.00787	0.00215	0.00672	0.00882	0.00679	0.23225
5	0.01986	0.01748	0.02759	0.11185	0.37486	0.01740	0.04688	0.05730	0.04558	0.05809	0.01647	0.02010	0.01305	0.00737	0.00762	0.00223	0.00885	0.00690	0.00468	0.13586
6	0.01322	0.01290	0.04697	0.01693	0.02071	0.01103	0.16997	0.01715	0.01844	0.02569	0.22171	0.25751	0.04401	0.01542	0.00926	0.00267	0.00696	0.01463	0.00655	0.06828
7	0.01529	0.13527	0.40720	0.01803	0.02625	0.01737	0.02116	0.02180	0.01736	0.02464	0.11804	0.09918	0.02472	0.01066	0.00773	0.00246	0.00922	0.00875	0.00463	0.01025
8	0.01857	0.06015	0.16744	0.06848	0.39239	0.01906	0.02311	0.02552	0.06900	0.02567	0.01589	0.01939	0.01271	0.00744	0.00757	0.00234	0.00951	0.00671	0.00412	0.04492
9	0.04335	0.14149	0.52896	0.02022	0.03049	0.01982	0.02517	0.02436	0.01680	0.02483	0.04457	0.01801	0.01308	0.00783	0.00716	0.00239	0.01066	0.00596	0.00366	0.01118
10	0.10462	0.10612	0.02168	0.03938	0.02174	0.06862	0.01287	0.18252	0.13455	0.13945	0.07202	0.02364	0.01993	0.00959	0.00735	0.00236	0.00775	0.00735	0.00701	0.01145
11	0.01684	0.14509	0.52971	0.02106	0.03110	0.02088	0.02592	0.02443	0.01628	0.02364	0.01343	0.01617	0.01009	0.00792	0.00861	0.00246	0.06606	0.00569	0.00336	0.01124
12	0.02057	0.64444	0.11767	0.01465	0.02202	0.02983	0.01544	0.02391	0.01619	0.01943	0.01141	0.01320	0.01016	0.00687	0.00538	0.00179	0.00887	0.00443	0.00339	0.01036
13	0.01407	0.00911	0.01153	0.01109	0.01289	0.00999	0.00847	0.06529	0.01580	0.02421	0.02249	0.03056	0.01975	0.07541	0.34623	0.03973	0.01311	0.00813	0.25476	0.00741
14	0.03014	0.02221	0.02380	0.01825	0.02459	0.02459	0.01507	0.64541	0.03728	0.04998	0.01904	0.01904	0.01349	0.00952	0.00793	0.00238	0.00873	0.00714	0.00793	0.01349
15	0.01016	0.00711	0.00906	0.01041	0.01075	0.00677	0.00669	0.01117	0.01422	0.01896	0.03876	0.54078	0.04621	0.20871	0.01810	0.00440	0.00542	0.01964	0.00669	0.00601
16	0.00966	0.00690	0.00920	0.01104	0.01150	0.00644	0.00736	0.01104	0.01518	0.02024	0.04371	0.71614	0.05245	0.02484	0.01012	0.00322	0.00460	0.02254	0.00736	0.00644
17	0.01644	0.01409	0.01644	0.01175	0.01879	0.01057	0.00940	0.01997	0.01644	0.02584	0.01409	0.01644	0.01175	0.00587	0.00587	0.00117	0.00587	0.00470	0.00470	0.76979
18	0.00971	0.00708	0.00914	0.01067	0.01143	0.00652	0.00722	0.01127	0.01584	0.02092	0.07756	0.61655	0.11905	0.02392	0.01000	0.00313	0.00450	0.02153	0.00743	0.00652
19	0.01073	0.00809	0.00992	0.00946	0.01155	0.00727	0.00710	0.01402	0.02129	0.02906	0.51261	0.06374	0.23159	0.01723	0.00936	0.00254	0.00381	0.01497	0.00837	0.00727
20	0.01735	0.01735	0.02429	0.02082	0.02082	0.02429	0.01735	0.01908	0.01214	0.01908	0.01041	0.01735	0.01041	0.01388	0.02602	0.00347	0.70680	0.00694	0.00347	0.00867
21	0.02120	0.72609	0.04155	0.01357	0.02035	0.03138	0.01357	0.02374	0.01611	0.01866	0.01102	0.01272	0.01018	0.00678	0.00509	0.00170	0.00848	0.00424	0.00339	0.01018
22	0.00954	0.00804	0.00827	0.00821	0.01082	0.00677	0.00616	0.01171	0.01848	0.02238	0.13452	0.07474	0.61385	0.01973	0.00937	0.00266	0.00399	0.01651	0.00749	0.00677
23	0.00937	0.00803	0.00803	0.00803	0.01071	0.00669	0.00602	0.01138	0.01807	0.02142	0.08033	0.07632	0.66863	0.02008	0.00937	0.00268	0.00402	0.01674	0.00736	0.00669
24	0.01963	0.01884	0.03219	0.04867	0.67185	0.01884	0.02434	0.02434	0.01806	0.02591	0.01492	0.01963	0.01256	0.00707	0.00785	0.00236	0.00942	0.00707	0.00393	0.01256
25	0.01478	0.00739	0.00739	0.00739	0.00924	0.00739	0.00554	0.01848	0.01663	0.02956	0.02587	0.02956	0.02033	0.00924	0.00554	0.00185	0.00370	0.00739	0.76534	0.00739
26	0.01263	0.00902	0.01261	0.01444	0.01620	0.00900	0.01253	0.01618	0.01811	0.02357	0.04207	0.11834	0.04595	0.02204	0.01091	0.00363	0.00718	0.59100	0.00730	0.00726
27	0.02078	0.67203	0.09195	0.01428	0.02145	0.03035	0.01481	0.02385	0.01616	0.01917	0.01128	0.01304	0.01017	0.00684	0.00528	0.00176	0.00874	0.00437	0.00339	0.01030
28	0.01963	0.01884	0.03219	0.04867	0.67185	0.01884	0.02434	0.02434	0.01806	0.02591	0.01492	0.01963	0.01256	0.00707	0.00785	0.00236	0.00942	0.00707	0.00393	0.01256
29	0.02027	0.60528	0.15418	0.01516	0.02282	0.02909	0.01634	0.02399	0.01622	0.01980	0.01159	0.01343	0.01015	0.00692	0.00552	0.00184	0.00905	0.00453	0.00338	0.01045

[dist]
# distance from previous block
# <min> <max>
0	2

[block]
# block no. 1 follows, 24 sequences, length 67
# corresponding to MSA columns:
# 60-126
name=unknown_B
#
# <colnr> <probs for GDERKNQSTAVLIFYWHMCP>
#	G	D	E	R	K	N	Q	S	T	A	V	L	I	F	Y	W	H	M	C	P
0	0.13104	0.02502	0.02184	0.01771	0.02332	0.18334	0.01426	0.41391	0.03051	0.04069	0.01633	0.01707	0.01204	0.00890	0.00734	0.00231	0.00971	0.00627	0.00660	0.01179
1	0.01822	0.01930	0.03738	0.02692	0.03447	0.01769	0.44468	0.02517	0.06063	0.02603	0.01664	0.02071	0.01277	0.00675	0.00841	0.00230	0.01105	0.00818	0.00445	0.19824
2	0.02120	0.72609	0.04155	0.01357	0.02035	0.03138	0.01357	0.02374	0.01611	0.01866	0.01102	0.01272	0.01018	0.00678	0.00509	0.00170	0.00848	0.00424	0.00339	0.01018
3	0.01114	0.00810	0.01049	0.00989	0.01180	0.00745	0.00742	0.01481	0.02226	0.03135	0.64217	0.05998	0.10059	0.01638	0.00935	0.00250	0.00375	0.01444	0.00867	0.00745
4	0.01814	0.01886	0.02514	0.02130	0.02217	0.07497	0.05846	0.02021	0.01348	0.01957	0.01203	0.04055	0.01190	0.01332	0.02293	0.00330	0.58375	0.00748	0.00368	0.00878
5	0.01938	0.02108	0.04568	0.03267	0.04062	0.01973	0.61838	0.02592	0.01887	0.05087	0.01664	0.02161	0.01233	0.00681	0.00930	0.00267	0.01311	0.00930	0.00424	0.01080
6	0.01609	0.06515	0.65773	0.02228	0.03383	0.01887	0.02874	0.02506	0.01672	0.02489	0.01412	0.01660	0.01005	0.00751	0.00745	0.00248	0.01161	0.00580	0.00335	0.01167
7	0.00964	0.00697	0.00913	0.01087	0.01146	0.00646	0.00728	0.01106	0.01535	0.02031	0.04581	0.67932	0.08791	0.02457	0.01008	0.00319	0.00457	0.02221	0.00736	0.00646
8	0.07717	0.02321	0.01943	0.01659	0.02160	0.25511	0.01305	0.07444	0.11080	0.22023	0.02215	0.02304	0.01633	0.00942	0.00750	0.00232	0.00944	0.02724	0.00678	0.04413
9	0.01912	0.01833	0.03128	0.11954	0.60492	0.01871	0.02409	0.02389	0.01782	0.02529	0.01483	0.01979	0.01235	0.00716	0.00786	0.00239	0.00955	0.00706	0.00388	0.01215
10	0.00966	0.00690	0.00920	0.01104	0.01150	0.00644	0.00736	0.01104	0.01518	0.02024	0.04371	0.71614	0.05245	0.02484	0.01012	0.00322	0.00460	0.02254	0.00736	0.00644
11	0.01885	0.01804	0.03078	0.15843	0.56819	0.01864	0.02395	0.02365	0.01769	0.02496	0.01478	0.01988	0.01223	0.00721	0.00786	0.00240	0.00961	0.00706	0.00386	0.01193
12	0.02568	0.01591	0.01790	0.01504	0.01997	0.03987	0.01196	0.08236	0.28962	0.26723	0.09921	0.03053	0.02675	0.01082	0.00813	0.00254	0.00664	0.00892	0.00862	0.01229
13	0.01805	0.01723	0.02933	0.27077	0.46211	0.01843	0.02355	0.02295	0.01731	0.02399	0.01464	0.02014	0.01188	0.00736	0.00788	0.00245	0.00981	0.00706	0.00379	0.01129
14	0.00937	0.00803	0.00803	0.00803	0.01071	0.00669	0.00602	0.01138	0.01807	0.02142	0.08033	0.07632	0.66863	0.02008	0.00937	0.00268	0.00402	0.01674	0.00736	0.00669
15	0.01872	0.02139	0.04679	0.03342	0.04144	0.02005	0.64305	0.02540	0.01872	0.02540	0.01604	0.02139	0.01203	0.00668	0.00936	0.00267	0.01337	0.00936	0.00401	0.01070
16	0.01672	0.11175	0.56833	0.02344	0.07666	0.01981	0.02730	0.02492	0.01677	0.02449	0.01394	0.01652	0.01023	0.00742	0.00730	0.00241	0.01122	0.00577	0.00339	0.01161
17	0.03427	0.01429	0.01873	0.01450	0.02055	0.01300	0.01194	0.07919	0.06144	0.59730	0.03053	0.02662	0.01949	0.00985	0.00798	0.00246	0.00685	0.00798	0.00959	0.01344
18	0.01498	0.01409	0.02378	0.70226	0.05462	0.01762	0.02202	0.02026	0.01586	0.02026	0.01409	0.02114	0.01057	0.00793	0.00793	0.00264	0.01057	0.00705	0.00352	0.00881
19	0.01615	0.07320	0.65022	0.02218	0.03366	0.01903	0.02856	0.02505	0.01671	0.02481	0.01408	0.01655	0.01005	0.00750	0.00742	0.00247	0.01157	0.00578	0.00335	0.01165
20	0.01872	0.02139	0.04679	0.03342	0.04144	0.02005	0.64305	0.02540	0.01872	0.02540	0.01604	0.02139	0.01203	0.00668	0.00936	0.00267	0.01337	0.00936	0.00401	0.01070
21	0.00937	0.00803	0.00803	0.00803	0.01071	0.00669	0.00602	0.01138	0.01807	0.02142	0.08033	0.07632	0.66863	0.02008	0.00937	0.00268	0.00402	0.01674	0.00736	0.00669
22	0.06279	0.01930	0.02098	0.01654	0.02225	0.02090	0.01351	0.46566	0.05422	0.11782	0.02421	0.06357	0.04017	0.01079	0.00799	0.00246	0.00788	0.00843	0.00796	0.01257
23	0.02862	0.02509	0.01991	0.01720	0.02188	0.32045	0.01333	0.06257	0.11880	0.21013	0.06455	0.02340	0.01944	0.00962	0.00770	0.00230	0.00999	0.00721	0.00680	0.01100
24	0.01278	0.00913	0.01278	0.01460	0.01643	0.00913	0.01278	0.01643	0.01825	0.02373	0.04199	0.08945	0.04564	0.02191	0.01095	0.00365	0.00730	0.61847	0.00730	0.00730
25	0.01698	0.01441	0.01673	0.01200	0.01902	0.01112	0.00962	0.04439	0.01726	0.02678	0.01429	0.01654	0.01181	0.00602	0.00595	0.00122	0.00598	0.00479	0.00482	0.74026
26	0.77733	0.01534	0.01166	0.01043	0.01534	0.01779	0.00859	0.02331	0.01350	0.03558	0.01104	0.01288	0.00859	0.00736	0.00491	0.00245	0.00613	0.00429	0.00491	0.00859
27	0.00946	0.00804	0.00815	0.00812	0.01076	0.00673	0.00609	0.01155	0.01828	0.02191	0.10792	0.07551	0.64073	0.01990	0.00937	0.00267	0.00400	0.01662	0.00743	0.00673
28	0.02047	0.63145	0.12978	0.01482	0.02228	0.02959	0.01574	0.02393	0.01620	0.01955	0.01147	0.01328	0.01016	0.00689	0.00543	0.00181	0.00893	0.00446	0.00339	0.01039
29	0.02412	0.01676	0.02038	0.02000	0.11095	0.01773	0.01416	0.29055	0.06900	0.10716	0.02502	0.06991	0.02080	0.01134	0.00810	0.00252	0.00754	0.06604	0.08625	0.01166
30	0.03014	0.02221	0.02380	0.01825	0.02459	0.02459	0.01507	0.64541	0.03728	0.04998	0.01904	0.01904	0.01349	0.00952	0.00793	0.00238	0.00873	0.00714	0.00793	0.01349
31	0.01726	0.01458	0.01688	0.01213	0.01914	0.01141	0.00973	0.05718	0.01768	0.02728	0.01439	0.01660	0.01185	0.00609	0.00600	0.00125	0.00604	0.00484	0.00489	0.72479
32	0.01997	0.01740	0.12077	0.01708	0.02252	0.01325	0.09837	0.08099	0.02060	0.17239	0.10903	0.18634	0.03088	0.01314	0.00868	0.00262	0.00767	0.01180	0.00697	0.03953
33	0.01642	0.03012	0.45033	0.01868	0.02732	0.01498	0.02216	0.02357	0.01838	0.08510	0.15176	0.06006	0.02629	0.01036	0.00807	0.00254	0.00929	0.00860	0.00523	0.01075
34	0.01872	0.02139	0.04679	0.03342	0.04144	0.02005	0.64305	0.02540	0.01872	0.02540	0.01604	0.02139	0.01203	0.00668	0.00936	0.00267	0.01337	0.00936	0.00401	0.01070
35	0.01845	0.02324	0.10664	0.03240	0.04077	0.01990	0.58506	0.02537	0.01853	0.02537	0.01587	0.02095	0.01184	0.00676	0.00919	0.00266	0.01321	0.00903	0.00395	0.01079
36	0.01971	0.02123	0.04328	0.03124	0.03862	0.02073	0.54649	0.08360	0.02008	0.02735	0.01599	0.02093	0.01207	0.00738	0.01022	0.00269	0.05419	0.00900	0.00435	0.01084
37	0.01880	0.02202	0.07071	0.10644	0.10848	0.05179	0.45179	0.02502	0.01843	0.02460	0.01545	0.02062	0.01175	0.00697	0.00885	0.00260	0.01262	0.00850	0.00392	0.01066
38	0.00966	0.00690	0.00920	0.01104	0.01150	0.00644	0.00736	0.01104	0.01518	0.02024	0.04371	0.71614	0.05245	0.02484	0.01012	0.00322	0.00460	0.02254	0.00736	0.00644
39	0.02538	0.01802	0.09784	0.11697	0.02961	0.01548	0.11047	0.03070	0.04438	0.32249	0.02316	0.02375	0.01574	0.00908	0.00916	0.00257	0.05186	0.00777	0.03393	0.01165
40	0.01979	0.01688	0.01855	0.01764	0.05050	0.01926	0.01323	0.06875	0.55890	0.03306	0.03144	0.03231	0.02448	0.01122	0.00823	0.00272	0.00660	0.04634	0.00782	0.01227
41	0.00966	0.00690	0.00920	0.01104	0.01150	0.00644	0.00736	0.01104	0.01518	0.02024	0.04371	0.71614	0.05245	0.02484	0.01012	0.00322	0.00460	0.02254	0.00736	0.00644
42	0.01522	0.01458	0.02531	0.65779	0.05374	0.01778	0.06331	0.02060	0.01605	0.02060	0.01422	0.02116	0.01067	0.00785	0.00802	0.00264	0.01076	0.00720	0.00356	0.00893
43	0.01648	0.11530	0.61097	0.02162	0.03281	0.01982	0.02759	0.02496	0.01667	0.02441	0.01388	0.01631	0.01006	0.00745	0.00727	0.00242	0.01137	0.00568	0.00335	0.01155
44	0.01872	0.02139	0.04679	0.03342	0.04144	0.02005	0.64305	0.02540	0.01872	0.02540	0.01604	0.02139	0.01203	0.00668	0.00936	0.00267	0.01337	0.00936	0.00401	0.01070
45	0.01122	0.00811	0.01060	0.00998	0.01185	0.00748	0.00748	0.01496	0.02245	0.03180	0.66766	0.05923	0.07482	0.01621	0.00935	0.00249	0.00374	0.01434	0.00873	0.00748
46	0.01530	0.01464	0.02488	0.62830	0.05188	0.01815	0.05053	0.02042	0.01576	0.02042	0.01395	0.02091	0.01063	0.00825	0.00913	0.00270	0.05457	0.00715	0.00354	0.00889
47	0.01972	0.01703	0.01793	0.01614	0.02062	0.01972	0.01255	0.04214	0.65752	0.03317	0.03228	0.02959	0.02421	0.01076	0.00807	0.00269	0.00628	0.00897	0.00807	0.01255
48	0.01963	0.01884	0.03219	0.04867	0.67185	0.01884	0.02434	0.02434	0.01806	0.02591	0.01492	0.01963	0.01256	0.00707	0.00785	0.00236	0.00942	0.00707	0.00393	0.01256
49	0.02899	0.03564	0.02319	0.02218	0.06756	0.60663	0.01591	0.06650	0.02303	0.02160	0.01282	0.01493	0.01056	0.00818	0.00724	0.00208	0.01366	0.00535	0.00430	0.00966
50	0.01820	0.02056	0.04463	0.03213	0.03972	0.01927	0.60646	0.02457	0.01851	0.02510	0.01763	0.06137	0.01436	0.00773	0.00940	0.00271	0.01286	0.01012	0.00420	0.01045
51	0.00966	0.00690	0.00920	0.01104	0.01150	0.00644	0.00736	0.01104	0.01518	0.02024	0.04371	0.71614	0.05245	0.02484	0.01012	0.00322	0.00460	0.02254	0.00736	0.00644
52	0.00966	0.00690	0.00920	0.01104	0.01150	0.00644	0.00736	0.01104	0.01518	0.02024	0.04371	0.71614	0.05245	0.02484	0.01012	0.00322	0.00460	0.02254	0.00736	0.00644
53	0.01846	0.02062	0.04249	0.03101	0.03750	0.02086	0.52338	0.02419	0.01746	0.02419	0.01497	0.02062	0.01172	0.00806	0.01255	0.00283	0.14599	0.00890	0.00391	0.01031
54	0.01963	0.01884	0.03219	0.04867	0.67185	0.01884	0.02434	0.02434	0.01806	0.02591	0.01492	0.01963	0.01256	0.00707	0.00785	0.00236	0.00942	0.00707	0.00393	0.01256
55	0.01133	0.00850	0.01274	0.01274	0.01416	0.00991	0.00991	0.01416	0.01274	0.01841	0.02124	0.03115	0.01982	0.05947	0.68989	0.01274	0.02124	0.00850	0.00425	0.00708
56	0.01963	0.01884	0.03219	0.04867	0.67185	0.01884	0.02434	0.02434	0.01806	0.02591	0.01492	0.01963	0.01256	0.00707	0.00785	0.00236	0.00942	0.00707	0.00393	0.01256
57	0.27587	0.01995	0.01980	0.01567	0.02155	0.02235	0.01294	0.44082	0.02946	0.04524	0.01641	0.01701	0.01187	0.00881	0.00694	0.00240	0.00787	0.00620	0.00694	0.01187
58	0.00966	0.00690	0.00920	0.01104	0.01150	0.00644	0.00736	0.01104	0.01518	0.02024	0.04371	0.71614	0.05245	0.02484	0.01012	0.00322	0.00460	0.02254	0.00736	0.00644
59	0.01478	0.00739	0.00739	0.00739	0.00924	0.00739	0.00554	0.01848	0.01663	0.02956	0.02587	0.02956	0.02033	0.00924	0.00554	0.00185	0.00370	0.00739	0.76534	0.00739
60	0.01269	0.00907	0.01265	0.01434	0.01617	0.00903	0.01247	0.01635	0.01850	0.02420	0.07799	0.08771	0.04732	0.02158	0.01086	0.00358	0.00710	0.58371	0.00738	0.00731
61	0.01153	0.00769	0.00865	0.00865	0.00865	0.00769	0.00480	0.01153	0.01153	0.01538	0.02499	0.05189	0.02883	0.72131	0.04036	0.00769	0.00769	0.01153	0.00480	0.00480
62	0.02061	0.64904	0.11338	0.01458	0.02192	0.02992	0.01534	0.02390	0.01618	0.01938	0.01139	0.01317	0.01016	0.00687	0.00536	0.00179	0.00884	0.00442	0.00339	0.01035
63	0.01162	0.00831	0.01003	0.00946	0.01181	0.00738	0.00714	0.01472	0.02090	0.05612	0.43104	0.06391	0.28374	0.01731	0.00930	0.00256	0.00397	0.01492	0.00829	0.00746
64	0.01658	0.01454	0.01831	0.01308	0.02019	0.01116	0.04844	0.02030	0.01658	0.02581	0.01421	0.01675	0.01176	0.00592	0.00609	0.00127	0.00633	0.00499	0.00466	0.72302
65	0.01963	0.01884	0.03219	0.04867	0.67185	0.01884	0.02434	0.02434	0.01806	0.02591	0.01492	0.01963	0.01256	0.00707	0.00785	0.00236	0.00942	0.00707	0.00393	0.01256
66	0.02846	0.01303	0.01707	0.01319	0.01903	0.01091	0.01069	0.03155	0.02072	0.45576	0.05240	0.06816	0.02188	0.01004	0.00766	0.00220	0.00629	0.00833	0.00839	0.19424

[dist]
# distance from previous block
# <min> <max>
0	1

# created by:
# /st0/software/busco_prod/Augustus/scripts/msa2prfl.pl ./align_prep/132835.fa
