[name]
unknown

[dist]
# distance from previous block
# <min> <max>
5	52

[block]
# block no. 0 follows, 26 sequences, length 40
# corresponding to MSA columns:
# 52-91
name=unknown_A
#
# <colnr> <probs for GDERKNQSTAVLIFYWHMCP>
#	G	D	E	R	K	N	Q	S	T	A	V	L	I	F	Y	W	H	M	C	P
0	0.11096	0.01312	0.01659	0.01310	0.01857	0.01214	0.01074	0.03475	0.06636	0.54958	0.05429	0.02582	0.02011	0.00945	0.00738	0.00236	0.00625	0.00757	0.00874	0.01212
1	0.02797	0.01386	0.01780	0.05683	0.02096	0.01346	0.01180	0.16331	0.02420	0.40825	0.13162	0.02885	0.02552	0.01020	0.00783	0.00235	0.00661	0.00839	0.00847	0.01170
2	0.53938	0.01447	0.01350	0.01131	0.01640	0.01565	0.00933	0.05526	0.01643	0.22097	0.01639	0.01641	0.01142	0.00780	0.00566	0.00234	0.00615	0.00523	0.00616	0.00976
3	0.03294	0.01315	0.01757	0.01364	0.01939	0.01171	0.01121	0.03721	0.06875	0.64368	0.02999	0.02600	0.01909	0.00945	0.00763	0.00236	0.00642	0.00770	0.00927	0.01284
4	0.02694	0.01192	0.01567	0.01254	0.01715	0.01078	0.01007	0.06961	0.02204	0.45760	0.18837	0.03399	0.03172	0.04459	0.00939	0.00259	0.00591	0.00922	0.00880	0.01111
5	0.01782	0.01705	0.02906	0.19039	0.54976	0.01777	0.02280	0.02244	0.01682	0.02362	0.01410	0.01908	0.01161	0.00694	0.00753	0.00231	0.00925	0.00675	0.00367	0.01124
6	0.01639	0.00902	0.01188	0.01045	0.01326	0.00811	0.00809	0.01975	0.02138	0.19226	0.50026	0.04968	0.08064	0.01414	0.00862	0.00238	0.00429	0.01231	0.00856	0.00854
7	0.01074	0.00775	0.01014	0.00954	0.01133	0.00716	0.00716	0.01431	0.02147	0.03042	0.68211	0.05666	0.07157	0.01551	0.00895	0.00239	0.00358	0.01372	0.00835	0.00716
8	0.01877	0.01802	0.03079	0.04656	0.68612	0.01802	0.02328	0.02328	0.01727	0.02478	0.01427	0.01877	0.01201	0.00676	0.00751	0.00225	0.00901	0.00676	0.00375	0.01201
9	0.01573	0.01348	0.01573	0.01123	0.01798	0.01011	0.00899	0.01910	0.01573	0.02472	0.01348	0.01573	0.01123	0.00562	0.00562	0.00112	0.00562	0.00449	0.00449	0.77980
10	0.00901	0.00750	0.00787	0.00817	0.01037	0.00636	0.00598	0.01083	0.01682	0.02030	0.07092	0.18366	0.57619	0.01998	0.00909	0.00265	0.00394	0.01695	0.00704	0.00636
11	0.01050	0.00728	0.00828	0.00854	0.00893	0.00705	0.00511	0.01094	0.01234	0.01614	0.03324	0.15508	0.11313	0.53675	0.03052	0.00611	0.00647	0.01324	0.00527	0.00506
12	0.02883	0.02125	0.02276	0.01745	0.02352	0.02352	0.01442	0.66082	0.03566	0.04780	0.01821	0.01821	0.01290	0.00911	0.00759	0.00228	0.00835	0.00683	0.00759	0.01290
13	0.01450	0.01373	0.02279	0.66045	0.04970	0.01735	0.02071	0.01929	0.01489	0.01929	0.01320	0.01994	0.01010	0.00803	0.00895	0.00259	0.06597	0.00673	0.00337	0.00842
14	0.01988	0.68297	0.09127	0.01366	0.02052	0.02904	0.01416	0.02282	0.01546	0.01833	0.01079	0.01247	0.00972	0.00655	0.00505	0.00168	0.00836	0.00418	0.00324	0.00985
15	0.00979	0.00707	0.00934	0.01068	0.01157	0.00662	0.00761	0.01172	0.01599	0.02139	0.13456	0.52628	0.08193	0.02204	0.00964	0.00301	0.00456	0.09257	0.00722	0.00641
16	0.08142	0.51924	0.09021	0.01430	0.02080	0.08642	0.01410	0.06030	0.01697	0.02143	0.01135	0.01299	0.00979	0.00686	0.00538	0.00181	0.00870	0.00442	0.00366	0.00984
17	0.01521	0.03923	0.69413	0.02162	0.03283	0.01762	0.02802	0.02402	0.01601	0.02402	0.01361	0.01601	0.00961	0.00721	0.00721	0.00240	0.01121	0.00560	0.00320	0.01121
18	0.03403	0.01291	0.01760	0.01350	0.01936	0.01115	0.01115	0.03697	0.02171	0.69137	0.02992	0.02582	0.01878	0.00939	0.00763	0.00235	0.00645	0.00763	0.00939	0.01291
19	0.01852	0.01776	0.03032	0.08516	0.64952	0.01795	0.02315	0.02305	0.01715	0.02447	0.01422	0.01886	0.01190	0.00681	0.00751	0.00227	0.00907	0.00676	0.00373	0.01181
20	0.01547	0.01409	0.02275	0.66026	0.04998	0.01738	0.02054	0.06989	0.01678	0.02162	0.01385	0.02006	0.01033	0.00770	0.00758	0.00251	0.00997	0.00675	0.00370	0.00878
21	0.01432	0.01348	0.02275	0.71520	0.05224	0.01685	0.02107	0.01938	0.01517	0.01938	0.01348	0.02022	0.01011	0.00758	0.00758	0.00253	0.01011	0.00674	0.00337	0.00843
22	0.01313	0.00828	0.01091	0.00995	0.01216	0.00757	0.00757	0.01664	0.02150	0.09839	0.61504	0.05349	0.06614	0.01488	0.00881	0.00238	0.00387	0.01309	0.00846	0.00775
23	0.01432	0.01348	0.02275	0.71520	0.05224	0.01685	0.02107	0.01938	0.01517	0.01938	0.01348	0.02022	0.01011	0.00758	0.00758	0.00253	0.01011	0.00674	0.00337	0.00843
24	0.01521	0.03923	0.69413	0.02162	0.03283	0.01762	0.02802	0.02402	0.01601	0.02402	0.01361	0.01601	0.00961	0.00721	0.00721	0.00240	0.01121	0.00560	0.00320	0.01121
25	0.00924	0.00660	0.00880	0.01056	0.01100	0.00616	0.00704	0.01056	0.01452	0.01936	0.04181	0.72848	0.05017	0.02376	0.00968	0.00308	0.00440	0.02156	0.00704	0.00616
26	0.01084	0.00813	0.01219	0.01219	0.01354	0.00948	0.00948	0.01354	0.01219	0.01761	0.02032	0.02980	0.01896	0.05689	0.70337	0.01219	0.02032	0.00813	0.00406	0.00677
27	0.01806	0.01599	0.02472	0.67380	0.05260	0.01858	0.02187	0.02175	0.01739	0.02280	0.01719	0.02513	0.01372	0.01007	0.00912	0.00319	0.01112	0.00788	0.00470	0.01032
28	0.03371	0.01343	0.01792	0.01374	0.01962	0.01192	0.01135	0.07589	0.02258	0.65122	0.02919	0.02534	0.01841	0.00937	0.00763	0.00234	0.00657	0.00758	0.00928	0.01291
29	0.01293	0.00659	0.00981	0.00992	0.00995	0.00656	0.00662	0.00992	0.01017	0.01356	0.01496	0.06707	0.01548	0.02619	0.02840	0.73089	0.00645	0.00752	0.00353	0.00347
30	0.01083	0.00810	0.01206	0.01202	0.01341	0.00934	0.00934	0.01359	0.01277	0.01841	0.06161	0.03147	0.02224	0.05431	0.66005	0.01158	0.01927	0.00848	0.00433	0.00680
31	0.01432	0.01348	0.02275	0.71520	0.05224	0.01685	0.02107	0.01938	0.01517	0.01938	0.01348	0.02022	0.01011	0.00758	0.00758	0.00253	0.01011	0.00674	0.00337	0.00843
32	0.01521	0.03923	0.69413	0.02162	0.03283	0.01762	0.02802	0.02402	0.01601	0.02402	0.01361	0.01601	0.00961	0.00721	0.00721	0.00240	0.01121	0.00560	0.00320	0.01121
33	0.01141	0.00798	0.00990	0.00928	0.01145	0.00716	0.00701	0.01456	0.02048	0.05917	0.50691	0.05911	0.21506	0.01610	0.00889	0.00243	0.00378	0.01398	0.00809	0.00725
34	0.01573	0.01348	0.01573	0.01123	0.01798	0.01011	0.00899	0.01910	0.01573	0.02472	0.01348	0.01573	0.01123	0.00562	0.00562	0.00112	0.00562	0.00449	0.00449	0.77980
35	0.02757	0.03352	0.02254	0.01983	0.02393	0.59199	0.03879	0.08624	0.02228	0.02139	0.01238	0.01444	0.01012	0.00807	0.00763	0.00205	0.03852	0.00527	0.00421	0.00920
36	0.02002	0.01604	0.01719	0.01529	0.01970	0.01828	0.01194	0.04005	0.62306	0.08176	0.03080	0.02811	0.02282	0.01022	0.00771	0.00256	0.00604	0.00850	0.00784	0.01207
37	0.04968	0.00810	0.01019	0.00956	0.01150	0.00765	0.00721	0.01471	0.02104	0.03060	0.64842	0.05443	0.06839	0.01508	0.00873	0.00238	0.00369	0.01324	0.00817	0.00721
38	0.02575	0.01515	0.04370	0.01649	0.05303	0.01474	0.01299	0.06966	0.13745	0.35243	0.02684	0.07945	0.02008	0.01086	0.00959	0.00254	0.08138	0.00862	0.00765	0.01162
39	0.01357	0.00977	0.01252	0.04770	0.01635	0.01003	0.01023	0.04251	0.10329	0.05546	0.08519	0.29542	0.06399	0.01843	0.00928	0.00296	0.00576	0.18247	0.00716	0.00792

[dist]
# distance from previous block
# <min> <max>
0	1

[block]
# block no. 1 follows, 26 sequences, length 79
# corresponding to MSA columns:
# 93-171
name=unknown_B
#
# <colnr> <probs for GDERKNQSTAVLIFYWHMCP>
#	G	D	E	R	K	N	Q	S	T	A	V	L	I	F	Y	W	H	M	C	P
0	0.01070	0.00743	0.00934	0.00962	0.01003	0.00770	0.00621	0.01159	0.01187	0.01617	0.02582	0.15147	0.02897	0.45167	0.20118	0.00790	0.01015	0.01196	0.00485	0.00539
1	0.01721	0.02283	0.14469	0.07156	0.03851	0.01896	0.49329	0.02370	0.01717	0.02370	0.01473	0.01958	0.01106	0.00689	0.00927	0.00256	0.04224	0.00819	0.00369	0.01019
2	0.01314	0.00759	0.01019	0.01102	0.01232	0.00695	0.00769	0.01472	0.01565	0.12511	0.03994	0.61791	0.04523	0.02150	0.00936	0.00297	0.00472	0.01937	0.00741	0.00722
3	0.02028	0.73799	0.03975	0.01298	0.01947	0.03001	0.01298	0.02271	0.01541	0.01785	0.01055	0.01217	0.00973	0.00649	0.00487	0.00162	0.00811	0.00406	0.00324	0.00973
4	0.13146	0.00879	0.00833	0.00812	0.01098	0.00810	0.00620	0.01282	0.01676	0.02301	0.09012	0.06281	0.55290	0.01715	0.00829	0.00252	0.00415	0.01405	0.00673	0.00672
5	0.05384	0.01759	0.01802	0.01512	0.02017	0.04484	0.01198	0.16602	0.38196	0.03359	0.02387	0.02295	0.01797	0.00907	0.00720	0.00225	0.00673	0.00723	0.00691	0.13272
6	0.01969	0.01468	0.04082	0.01854	0.12280	0.01428	0.01287	0.06296	0.21542	0.15110	0.15189	0.03448	0.08509	0.01113	0.00798	0.00242	0.00623	0.00951	0.00730	0.01081
7	0.04164	0.12851	0.02664	0.48950	0.04319	0.01950	0.06521	0.05953	0.01658	0.02171	0.01335	0.01859	0.01026	0.00740	0.00716	0.00237	0.00974	0.00640	0.00369	0.00903
8	0.02048	0.01911	0.03942	0.02842	0.03568	0.01791	0.53169	0.02691	0.04381	0.12955	0.01824	0.02161	0.01310	0.00702	0.00870	0.00253	0.01153	0.00873	0.00486	0.01072
9	0.63531	0.01407	0.01199	0.01040	0.01516	0.01567	0.00855	0.02441	0.01442	0.13722	0.01422	0.01513	0.01036	0.00749	0.00518	0.00232	0.00586	0.00479	0.03856	0.00890
10	0.01456	0.01369	0.02258	0.66617	0.04996	0.01715	0.02060	0.02005	0.03727	0.01976	0.01394	0.02036	0.01055	0.00788	0.00822	0.00256	0.03585	0.00680	0.00352	0.00854
11	0.01868	0.45845	0.17223	0.12529	0.02739	0.02483	0.01732	0.02286	0.01568	0.03846	0.01219	0.01462	0.01002	0.00689	0.00586	0.00195	0.00902	0.00490	0.00343	0.00992
12	0.02117	0.01722	0.02871	0.04135	0.58120	0.01694	0.02137	0.02543	0.01797	0.12967	0.01673	0.01988	0.01308	0.00717	0.00753	0.00227	0.00861	0.00690	0.00464	0.01216
13	0.01420	0.00841	0.01113	0.01030	0.01255	0.00765	0.00777	0.01737	0.02056	0.13291	0.49194	0.14366	0.06034	0.01567	0.00884	0.00247	0.00414	0.01383	0.00833	0.00793
14	0.01661	0.01470	0.02275	0.60541	0.04772	0.01790	0.02002	0.12032	0.01839	0.02385	0.01423	0.01991	0.01055	0.00782	0.00758	0.00249	0.00983	0.00675	0.00403	0.00913
15	0.01817	0.03509	0.58767	0.02034	0.03071	0.01660	0.02537	0.02606	0.01691	0.12903	0.01618	0.01756	0.01105	0.00755	0.00727	0.00239	0.01046	0.00592	0.00418	0.01148
16	0.01147	0.00825	0.01127	0.01259	0.01419	0.00805	0.01050	0.01463	0.01770	0.02339	0.14276	0.16600	0.07273	0.02040	0.01007	0.00323	0.00599	0.43268	0.00721	0.00688
17	0.01103	0.00735	0.00827	0.00827	0.00827	0.00735	0.00460	0.01103	0.01103	0.01471	0.02390	0.04964	0.02758	0.73343	0.03861	0.00735	0.00735	0.01103	0.00460	0.00460
18	0.02017	0.40591	0.05462	0.01725	0.02307	0.14500	0.11488	0.02331	0.01667	0.01922	0.01343	0.04299	0.01216	0.01049	0.04878	0.00255	0.01053	0.00596	0.00365	0.00937
19	0.01750	0.01634	0.02606	0.19504	0.40838	0.01752	0.02056	0.02476	0.11988	0.02454	0.01771	0.02322	0.01457	0.00806	0.00768	0.00242	0.00871	0.03165	0.00442	0.01099
20	0.02923	0.03249	0.02088	0.01859	0.02281	0.59412	0.01410	0.03134	0.02153	0.12443	0.01459	0.01559	0.01119	0.00806	0.00696	0.00202	0.01254	0.00532	0.00477	0.00944
21	0.02003	0.01820	0.02893	0.09107	0.53531	0.01880	0.02172	0.12331	0.02001	0.02801	0.01483	0.01879	0.01201	0.00719	0.00753	0.00228	0.00899	0.00677	0.00433	0.01189
22	0.01767	0.13094	0.02576	0.01881	0.01999	0.05302	0.01594	0.01946	0.01263	0.01820	0.01012	0.01577	0.00991	0.01198	0.02098	0.00299	0.57777	0.00616	0.00333	0.00854
23	0.01015	0.00749	0.00949	0.00949	0.01110	0.00683	0.00693	0.01299	0.01934	0.02655	0.45352	0.20580	0.15654	0.01785	0.00911	0.00256	0.00380	0.01577	0.00787	0.00683
24	0.01977	0.01786	0.02040	0.05200	0.15235	0.06799	0.01478	0.03524	0.44967	0.04757	0.02544	0.02495	0.01931	0.00927	0.00760	0.00246	0.00734	0.00784	0.00652	0.01165
25	0.02004	0.62470	0.03834	0.01826	0.12437	0.02813	0.01460	0.02280	0.01570	0.01894	0.01113	0.01321	0.01009	0.00653	0.00528	0.00172	0.00825	0.00448	0.00332	0.01009
26	0.01509	0.01313	0.01634	0.12179	0.02290	0.01095	0.01069	0.01864	0.01574	0.02362	0.01735	0.01993	0.05209	0.00676	0.00613	0.00143	0.00622	0.00555	0.00447	0.61119
27	0.01348	0.01257	0.02038	0.60387	0.04563	0.01521	0.01866	0.01804	0.01550	0.01955	0.02345	0.02853	0.11600	0.00941	0.00780	0.00253	0.00912	0.00820	0.00395	0.00811
28	0.01196	0.00909	0.01116	0.01041	0.01262	0.00897	0.00787	0.01829	0.12376	0.03030	0.55987	0.05273	0.08392	0.01481	0.00875	0.00242	0.00397	0.01298	0.00821	0.00790
29	0.01080	0.12261	0.01280	0.00857	0.01173	0.01014	0.00694	0.01285	0.01712	0.02037	0.08431	0.06294	0.55901	0.01710	0.00832	0.00241	0.00451	0.01406	0.00648	0.00695
30	0.02163	0.62521	0.03707	0.01368	0.02011	0.02899	0.01320	0.12312	0.01860	0.02256	0.01175	0.01312	0.01023	0.00690	0.00530	0.00173	0.00815	0.00449	0.00393	0.01023
31	0.01174	0.00846	0.01158	0.01288	0.01463	0.00829	0.01097	0.01511	0.01798	0.02370	0.14282	0.10255	0.07601	0.02012	0.01014	0.00326	0.00622	0.48936	0.00720	0.00696
32	0.01001	0.00667	0.00853	0.01001	0.01066	0.00630	0.00677	0.01168	0.01474	0.02077	0.03912	0.61830	0.04533	0.02141	0.00899	0.00287	0.00426	0.01928	0.12797	0.00630
33	0.01066	0.00775	0.01003	0.00946	0.01128	0.00712	0.00710	0.01417	0.02129	0.02999	0.65599	0.05736	0.09796	0.01567	0.00895	0.00239	0.00359	0.01382	0.00829	0.00712
34	0.01215	0.00982	0.01014	0.00928	0.01237	0.00912	0.00717	0.11328	0.02032	0.02513	0.08840	0.06382	0.55659	0.01749	0.00875	0.00251	0.00454	0.01449	0.00717	0.00745
35	0.01864	0.01841	0.03299	0.04426	0.58439	0.01820	0.12325	0.02344	0.01737	0.02470	0.01444	0.01904	0.01194	0.00670	0.00774	0.00230	0.00961	0.00710	0.00377	0.01173
36	0.75429	0.01495	0.01165	0.01030	0.01505	0.01730	0.00848	0.04986	0.01389	0.03463	0.01089	0.01258	0.00842	0.00713	0.00482	0.00234	0.00597	0.00422	0.00482	0.00842
37	0.01850	0.01774	0.03030	0.08739	0.64740	0.01795	0.02314	0.02304	0.01714	0.02445	0.01422	0.01886	0.01190	0.00681	0.00751	0.00227	0.00908	0.00676	0.00373	0.01180
38	0.01200	0.00862	0.01193	0.01360	0.01535	0.00856	0.01180	0.01536	0.01737	0.02251	0.04176	0.10374	0.07086	0.02096	0.01039	0.00344	0.00678	0.59105	0.00699	0.00694
39	0.01565	0.09907	0.63809	0.02088	0.03168	0.01868	0.02674	0.02391	0.01596	0.02349	0.01335	0.01568	0.00962	0.00714	0.00701	0.00234	0.01094	0.00547	0.00321	0.01108
40	0.00924	0.00660	0.00880	0.01056	0.01100	0.00616	0.00704	0.01056	0.01452	0.01936	0.04181	0.72848	0.05017	0.02376	0.00968	0.00308	0.00440	0.02156	0.00704	0.00616
41	0.01743	0.02380	0.16013	0.03013	0.03843	0.01890	0.54654	0.02425	0.01757	0.02425	0.01504	0.01967	0.01117	0.00654	0.00864	0.00253	0.01251	0.00836	0.00372	0.01040
42	0.01521	0.03923	0.69413	0.02162	0.03283	0.01762	0.02802	0.02402	0.01601	0.02402	0.01361	0.01601	0.00961	0.00721	0.00721	0.00240	0.01121	0.00560	0.00320	0.01121
43	0.01887	0.01629	0.01715	0.01544	0.01972	0.01887	0.01201	0.04031	0.67241	0.03173	0.03087	0.02830	0.02315	0.01029	0.00772	0.00257	0.00600	0.00858	0.00772	0.01201
44	0.00896	0.00768	0.00768	0.00768	0.01025	0.00640	0.00576	0.01089	0.01729	0.02049	0.07684	0.07300	0.68304	0.01921	0.00896	0.00256	0.00384	0.01601	0.00704	0.00640
45	0.02003	0.02279	0.04813	0.02669	0.16834	0.18924	0.07068	0.02300	0.01595	0.02044	0.01190	0.01665	0.01048	0.00974	0.01476	0.00266	0.30906	0.00639	0.00360	0.00949
46	0.05790	0.00817	0.00986	0.00931	0.01139	0.00766	0.00703	0.01433	0.02038	0.02928	0.55830	0.05619	0.15135	0.01550	0.00869	0.00241	0.00375	0.01344	0.00795	0.00712
47	0.01318	0.00659	0.00988	0.00988	0.00988	0.00659	0.00659	0.00988	0.00988	0.01318	0.01318	0.02306	0.01318	0.02635	0.02964	0.77931	0.00659	0.00659	0.00329	0.00329
48	0.01877	0.01802	0.03079	0.04656	0.68612	0.01802	0.02328	0.02328	0.01727	0.02478	0.01427	0.01877	0.01201	0.00676	0.00751	0.00225	0.00901	0.00676	0.00375	0.01201
49	0.01790	0.02046	0.04476	0.03197	0.03964	0.01918	0.65857	0.02430	0.01790	0.02430	0.01535	0.02046	0.01151	0.00639	0.00895	0.00256	0.01279	0.00895	0.00384	0.01023
50	0.01779	0.01753	0.02738	0.28092	0.42191	0.05944	0.02197	0.02233	0.01679	0.02249	0.01383	0.01897	0.01121	0.00711	0.00749	0.00233	0.00968	0.00664	0.00363	0.01055
51	0.01887	0.01629	0.01715	0.01544	0.01972	0.01887	0.01201	0.04031	0.67241	0.03173	0.03087	0.02830	0.02315	0.01029	0.00772	0.00257	0.00600	0.00858	0.00772	0.01201
52	0.01659	0.01659	0.02323	0.01991	0.01991	0.02323	0.01659	0.01825	0.01162	0.01825	0.00996	0.01659	0.00996	0.01328	0.02489	0.00332	0.71955	0.00664	0.00332	0.00830
53	0.01067	0.00791	0.00901	0.00878	0.01115	0.00689	0.00665	0.01314	0.01859	0.05223	0.24875	0.09427	0.43042	0.01795	0.00898	0.00255	0.00399	0.03363	0.00752	0.00691
54	0.01222	0.00873	0.01222	0.01397	0.01572	0.00873	0.01222	0.01572	0.01746	0.02270	0.04016	0.08556	0.04365	0.02095	0.01048	0.00349	0.00698	0.63506	0.00698	0.00698
55	0.01432	0.01348	0.02275	0.71520	0.05224	0.01685	0.02107	0.01938	0.01517	0.01938	0.01348	0.02022	0.01011	0.00758	0.00758	0.00253	0.01011	0.00674	0.00337	0.00843
56	0.01088	0.00795	0.01131	0.01131	0.01236	0.00900	0.00838	0.01298	0.01193	0.01696	0.02112	0.03426	0.02090	0.20891	0.55399	0.01110	0.01740	0.00878	0.00418	0.00628
57	0.01103	0.00735	0.00827	0.00827	0.00827	0.00735	0.00460	0.01103	0.01103	0.01471	0.02390	0.04964	0.02758	0.73343	0.03861	0.00735	0.00735	0.01103	0.00460	0.00460
58	0.03934	0.01887	0.02326	0.03983	0.02181	0.10935	0.04362	0.02006	0.01331	0.01901	0.01084	0.01677	0.01022	0.01324	0.04103	0.00333	0.53777	0.00649	0.00348	0.00840
59	0.01495	0.03782	0.66440	0.02114	0.03188	0.01712	0.02711	0.02344	0.01595	0.02382	0.01484	0.04692	0.01137	0.00792	0.00731	0.00243	0.01091	0.00630	0.00337	0.01099
60	0.02174	0.01818	0.01874	0.01608	0.02082	0.04090	0.01271	0.20087	0.48752	0.03550	0.02701	0.02524	0.02009	0.00991	0.00766	0.00248	0.00684	0.00801	0.00757	0.01214
61	0.01542	0.03609	0.60859	0.02117	0.03152	0.01720	0.05075	0.04114	0.01697	0.02508	0.05463	0.01873	0.01356	0.00773	0.00739	0.00240	0.01073	0.00626	0.00366	0.01097
62	0.01813	0.02567	0.29642	0.01845	0.02568	0.04219	0.05766	0.02966	0.22823	0.07991	0.08077	0.02459	0.02040	0.00909	0.00765	0.00244	0.00866	0.00763	0.00567	0.01109
63	0.01697	0.01370	0.01691	0.01213	0.01885	0.01051	0.03282	0.02042	0.01619	0.06700	0.01459	0.01654	0.01172	0.00588	0.00587	0.00125	0.00593	0.00486	0.00478	0.70307
64	0.01432	0.01324	0.02217	0.68882	0.05062	0.01649	0.02048	0.01932	0.01519	0.01971	0.01390	0.02052	0.01046	0.00763	0.00750	0.00250	0.00987	0.00675	0.03214	0.00838
65	0.03749	0.01371	0.01596	0.01156	0.01816	0.01078	0.00929	0.04030	0.01671	0.07414	0.01475	0.01645	0.01176	0.00604	0.00580	0.00128	0.00577	0.00478	0.00495	0.68033
66	0.02293	0.01776	0.01823	0.01668	0.04581	0.08908	0.01255	0.03792	0.44677	0.16388	0.02803	0.02589	0.02043	0.00971	0.00760	0.00245	0.00702	0.00793	0.00750	0.01185
67	0.02028	0.73799	0.03975	0.01298	0.01947	0.03001	0.01298	0.02271	0.01541	0.01785	0.01055	0.01217	0.00973	0.00649	0.00487	0.00162	0.00811	0.00406	0.00324	0.00973
68	0.01103	0.00735	0.00827	0.00827	0.00827	0.00735	0.00460	0.01103	0.01103	0.01471	0.02390	0.04964	0.02758	0.73343	0.03861	0.00735	0.00735	0.01103	0.00460	0.00460
69	0.00924	0.00660	0.00880	0.01056	0.01100	0.00616	0.00704	0.01056	0.01452	0.01936	0.04181	0.72848	0.05017	0.02376	0.00968	0.00308	0.00440	0.02156	0.00704	0.00616
70	0.02883	0.02125	0.02276	0.01745	0.02352	0.02352	0.01442	0.66082	0.03566	0.04780	0.01821	0.01821	0.01290	0.00911	0.00759	0.00228	0.00835	0.00683	0.00759	0.01290
71	0.01832	0.01756	0.02997	0.11422	0.62197	0.01790	0.02305	0.02288	0.01706	0.02423	0.01419	0.01892	0.01182	0.00684	0.00752	0.00228	0.00912	0.00676	0.00372	0.01165
72	0.01103	0.00735	0.00827	0.00827	0.00827	0.00735	0.00460	0.01103	0.01103	0.01471	0.02390	0.04964	0.02758	0.73343	0.03861	0.00735	0.00735	0.01103	0.00460	0.00460
73	0.01084	0.00813	0.01219	0.01219	0.01354	0.00948	0.00948	0.01354	0.01219	0.01761	0.02032	0.02980	0.01896	0.05689	0.70337	0.01219	0.02032	0.00813	0.00406	0.00677
74	0.02108	0.04885	0.02576	0.10070	0.14645	0.04149	0.08404	0.18644	0.02178	0.07070	0.06037	0.02255	0.03310	0.00925	0.00972	0.00243	0.09176	0.00756	0.00537	0.01062
75	0.78701	0.01467	0.01115	0.00997	0.01467	0.01702	0.00821	0.02230	0.01291	0.03403	0.01056	0.01232	0.00821	0.00704	0.00469	0.00235	0.00587	0.00411	0.00469	0.00821
76	0.01665	0.01676	0.02417	0.02044	0.02077	0.02306	0.04445	0.01852	0.01189	0.01852	0.01019	0.01676	0.01002	0.01298	0.02420	0.00329	0.68889	0.00674	0.00334	0.00838
77	0.02023	0.62999	0.08172	0.01394	0.02054	0.05762	0.01401	0.02388	0.04407	0.01889	0.01168	0.01319	0.01031	0.00676	0.00523	0.00173	0.00847	0.00439	0.00346	0.00989
78	0.01597	0.01419	0.01652	0.01211	0.01853	0.03366	0.02843	0.01930	0.01594	0.02429	0.01459	0.04372	0.01272	0.00643	0.00592	0.00127	0.00606	0.00531	0.00455	0.70052

[dist]
# distance from previous block
# <min> <max>
0	0

# created by:
# /st0/software/busco_prod/Augustus/scripts/msa2prfl.pl ./align_prep/133155.fa
