[name]
unknown

[dist]
# distance from previous block
# <min> <max>
0	40

[block]
# block no. 0 follows, 25 sequences, length 83
# corresponding to MSA columns:
# 40-122
name=unknown_A
#
# <colnr> <probs for GDERKNQSTAVLIFYWHMCP>
#	G	D	E	R	K	N	Q	S	T	A	V	L	I	F	Y	W	H	M	C	P
0	0.01420	0.00921	0.01281	0.01396	0.01609	0.00903	0.01209	0.01773	0.01845	0.07716	0.07880	0.08072	0.04430	0.02012	0.01038	0.00341	0.00688	0.53958	0.00742	0.00764
1	0.06899	0.01328	0.01769	0.01363	0.01957	0.01167	0.01126	0.03710	0.02178	0.65479	0.02968	0.02576	0.01870	0.00949	0.00766	0.00240	0.00657	0.00763	0.00938	0.01298
2	0.48539	0.01469	0.01559	0.11712	0.06201	0.01634	0.01184	0.02514	0.01545	0.15036	0.01508	0.01671	0.01089	0.00770	0.00596	0.00242	0.00695	0.00542	0.00541	0.00954
3	0.00974	0.00786	0.00855	0.00839	0.01068	0.00679	0.00622	0.01207	0.01853	0.02338	0.23475	0.06912	0.48708	0.04993	0.01050	0.00279	0.00401	0.01552	0.00744	0.00667
4	0.55247	0.01352	0.01223	0.03356	0.01629	0.01507	0.00915	0.02251	0.01498	0.09443	0.05672	0.06849	0.01795	0.00976	0.00605	0.00251	0.00600	0.03397	0.00571	0.00860
5	0.06421	0.01484	0.01881	0.07210	0.04341	0.04034	0.01272	0.07742	0.02209	0.48516	0.04991	0.02520	0.01896	0.00940	0.00767	0.00239	0.00728	0.00760	0.00831	0.01219
6	0.01119	0.00748	0.00848	0.00856	0.00859	0.00746	0.00481	0.01125	0.01144	0.01525	0.02527	0.08171	0.02925	0.69508	0.03810	0.00732	0.00738	0.01177	0.00481	0.00477
7	0.00945	0.00675	0.00900	0.01080	0.01125	0.00630	0.00720	0.01080	0.01484	0.01979	0.04274	0.72245	0.05128	0.02429	0.00990	0.00315	0.00450	0.02204	0.00720	0.00630
8	0.01842	0.01764	0.03008	0.15967	0.57308	0.01822	0.02341	0.02312	0.01729	0.02440	0.01445	0.01944	0.01195	0.00705	0.00769	0.00235	0.00940	0.00691	0.00377	0.01166
9	0.02741	0.03442	0.02164	0.01965	0.02328	0.62377	0.01486	0.02942	0.02092	0.01891	0.01228	0.01492	0.01043	0.01064	0.03992	0.00256	0.05686	0.00526	0.00397	0.00886
10	0.03145	0.01246	0.01688	0.01334	0.01863	0.01090	0.01089	0.03432	0.02132	0.58927	0.05436	0.03185	0.02289	0.05407	0.00991	0.00277	0.00657	0.03679	0.00915	0.01218
11	0.01347	0.00673	0.01010	0.01010	0.01010	0.00673	0.00673	0.01010	0.01010	0.01347	0.01347	0.02357	0.01347	0.02694	0.03030	0.77441	0.00673	0.00673	0.00337	0.00337
12	0.02804	0.16340	0.02502	0.01809	0.02278	0.50234	0.01429	0.03023	0.02084	0.08745	0.01368	0.01498	0.01093	0.00790	0.00670	0.00198	0.01217	0.00513	0.00445	0.00960
13	0.01919	0.01842	0.03147	0.04759	0.67914	0.01842	0.02380	0.02380	0.01765	0.02533	0.01458	0.01919	0.01228	0.00691	0.00768	0.00230	0.00921	0.00691	0.00384	0.01228
14	0.01555	0.04011	0.68733	0.02210	0.03356	0.01801	0.02865	0.02455	0.01637	0.02455	0.01391	0.01637	0.00982	0.00737	0.00737	0.00246	0.01146	0.00573	0.00327	0.01146
15	0.01608	0.01378	0.01608	0.01148	0.01837	0.01034	0.00919	0.01952	0.01608	0.02527	0.01378	0.01608	0.01148	0.00574	0.00574	0.00115	0.00574	0.00459	0.00459	0.77491
16	0.01067	0.00785	0.00999	0.00960	0.01143	0.00716	0.00714	0.01399	0.02102	0.02922	0.56694	0.10032	0.14219	0.01681	0.00919	0.00250	0.00374	0.01478	0.00830	0.00716
17	0.00976	0.00778	0.00857	0.00853	0.01065	0.00678	0.00623	0.01197	0.01810	0.02293	0.21701	0.10839	0.44808	0.06712	0.01126	0.00294	0.00414	0.01580	0.00735	0.00659
18	0.01667	0.01109	0.01324	0.01248	0.01523	0.01141	0.00930	0.02512	0.22256	0.12322	0.15683	0.23767	0.04074	0.05486	0.01044	0.00298	0.00533	0.01364	0.00789	0.00930
19	0.02107	0.01059	0.01362	0.01166	0.01524	0.00972	0.00906	0.02528	0.06542	0.29485	0.25968	0.07359	0.08503	0.05689	0.01039	0.00279	0.00532	0.01148	0.00854	0.00979
20	0.03192	0.01779	0.02084	0.01598	0.02209	0.01822	0.01320	0.36967	0.02988	0.34177	0.02413	0.02220	0.01595	0.00944	0.00778	0.00236	0.00764	0.00736	0.00860	0.01319
21	0.06665	0.00775	0.00751	0.00743	0.00944	0.00792	0.00562	0.01839	0.01605	0.02931	0.02431	0.02780	0.01909	0.00891	0.00538	0.00185	0.00378	0.00702	0.71850	0.00731
22	0.45089	0.01420	0.01349	0.01167	0.01637	0.01551	0.00945	0.02764	0.10870	0.16408	0.08072	0.02198	0.01887	0.00897	0.00625	0.00244	0.00592	0.00650	0.00655	0.00981
23	0.00954	0.00777	0.00849	0.00885	0.01104	0.00672	0.00662	0.01163	0.01752	0.02154	0.10696	0.17123	0.50308	0.02022	0.00938	0.00275	0.00421	0.05857	0.00728	0.00660
24	0.72985	0.01451	0.01133	0.01017	0.01476	0.01671	0.00832	0.02224	0.01379	0.03454	0.05595	0.01568	0.01280	0.00779	0.00509	0.00240	0.00584	0.00487	0.00505	0.00832
25	0.01236	0.00775	0.01014	0.01060	0.01202	0.00711	0.00748	0.01442	0.01732	0.08735	0.20031	0.43282	0.08072	0.04850	0.01065	0.00305	0.00459	0.01797	0.00767	0.00717
26	0.01525	0.00945	0.01201	0.01172	0.01403	0.00905	0.00893	0.04374	0.05062	0.12153	0.19052	0.24974	0.08651	0.04401	0.01038	0.00300	0.00528	0.09825	0.00782	0.00818
27	0.42682	0.01472	0.01489	0.01218	0.01756	0.01540	0.01005	0.07175	0.01844	0.30024	0.01939	0.01862	0.01312	0.00832	0.00622	0.00239	0.00641	0.00585	0.00695	0.01068
28	0.01276	0.00872	0.01053	0.01047	0.01234	0.00843	0.00775	0.04361	0.04673	0.04404	0.18753	0.20504	0.15039	0.05286	0.01173	0.04989	0.00491	0.05516	0.06988	0.00722
29	0.01257	0.00931	0.01043	0.00993	0.01267	0.00872	0.00751	0.01760	0.10588	0.06682	0.19453	0.11115	0.36929	0.01731	0.00896	0.00261	0.00438	0.01472	0.00773	0.00789
30	0.00995	0.00716	0.00921	0.01033	0.01116	0.00668	0.00708	0.01166	0.01596	0.02137	0.14497	0.48642	0.09649	0.08673	0.01245	0.00341	0.00469	0.04072	0.00718	0.00636
31	0.01608	0.01378	0.01608	0.01148	0.01837	0.01034	0.00919	0.01952	0.01608	0.02527	0.01378	0.01608	0.01148	0.00574	0.00574	0.00115	0.00574	0.00459	0.00459	0.77491
32	0.01259	0.00775	0.00952	0.00972	0.01046	0.00743	0.00620	0.01347	0.01391	0.07213	0.06666	0.26722	0.03743	0.40143	0.02561	0.00540	0.00625	0.01464	0.00612	0.00606
33	0.01104	0.00802	0.00949	0.00917	0.01141	0.00708	0.00686	0.01378	0.01963	0.05193	0.34936	0.10990	0.32846	0.01781	0.00915	0.00256	0.00395	0.01534	0.00791	0.00715
34	0.02947	0.02172	0.02327	0.01784	0.02404	0.02404	0.01474	0.65329	0.03646	0.04887	0.01862	0.01862	0.01319	0.00931	0.00776	0.00233	0.00853	0.00698	0.00776	0.01319
35	0.01608	0.01378	0.01608	0.01148	0.01837	0.01034	0.00919	0.01952	0.01608	0.02527	0.01378	0.01608	0.01148	0.00574	0.00574	0.00115	0.00574	0.00459	0.00459	0.77491
36	0.01060	0.00777	0.01066	0.01109	0.01210	0.00831	0.00801	0.01251	0.01316	0.01811	0.03033	0.20239	0.07030	0.16100	0.37719	0.00877	0.01356	0.01261	0.00517	0.00637
37	0.01929	0.01666	0.01753	0.01578	0.02016	0.01929	0.01227	0.04120	0.66513	0.03243	0.03156	0.02893	0.02367	0.01052	0.00789	0.00263	0.00614	0.00877	0.00789	0.01227
38	0.01919	0.01842	0.03147	0.04759	0.67914	0.01842	0.02380	0.02380	0.01765	0.02533	0.01458	0.01919	0.01228	0.00691	0.00768	0.00230	0.00921	0.00691	0.00384	0.01228
39	0.01108	0.00831	0.01246	0.01246	0.01385	0.00969	0.00969	0.01385	0.01246	0.01800	0.02077	0.03046	0.01938	0.05815	0.69678	0.01246	0.02077	0.00831	0.00415	0.00692
40	0.02436	0.01917	0.02039	0.01680	0.02209	0.02165	0.01350	0.34577	0.35230	0.04061	0.02512	0.02380	0.01845	0.00992	0.00782	0.00248	0.00733	0.00788	0.00782	0.01273
41	0.39794	0.01617	0.01563	0.03826	0.04071	0.06198	0.01101	0.02916	0.06984	0.22269	0.01859	0.01856	0.01311	0.00823	0.00628	0.00239	0.00699	0.00586	0.00632	0.01029
42	0.01295	0.00957	0.01378	0.01654	0.06114	0.00957	0.01326	0.01659	0.01784	0.02335	0.03925	0.08282	0.04242	0.02043	0.01050	0.00348	0.00728	0.58481	0.00692	0.00749
43	0.01028	0.00795	0.00958	0.01054	0.01242	0.00725	0.00828	0.01262	0.01711	0.02141	0.05875	0.22125	0.33787	0.02123	0.00982	0.00304	0.00507	0.21168	0.00718	0.00668
44	0.02896	0.03695	0.02197	0.01998	0.02397	0.69638	0.01498	0.03096	0.02197	0.01898	0.01199	0.01398	0.00999	0.00799	0.00699	0.00200	0.01398	0.00499	0.00400	0.00899
45	0.02665	0.01992	0.09186	0.06868	0.15223	0.01812	0.01738	0.24176	0.02512	0.22886	0.02059	0.02094	0.01426	0.00863	0.00771	0.00237	0.00851	0.00707	0.00680	0.01253
46	0.03211	0.01438	0.01835	0.01419	0.01996	0.01340	0.01168	0.14844	0.02463	0.52299	0.05277	0.02771	0.04219	0.01010	0.00788	0.00239	0.00676	0.00816	0.00914	0.01276
47	0.01302	0.01015	0.01215	0.01158	0.01408	0.01034	0.00899	0.02097	0.17704	0.02976	0.40241	0.05549	0.10356	0.01547	0.00902	0.00263	0.00467	0.08209	0.00812	0.00844
48	0.01608	0.01378	0.01608	0.01148	0.01837	0.01034	0.00919	0.01952	0.01608	0.02527	0.01378	0.01608	0.01148	0.00574	0.00574	0.00115	0.00574	0.00459	0.00459	0.77491
49	0.01109	0.00827	0.01228	0.01228	0.01361	0.00960	0.00947	0.01373	0.01241	0.01787	0.02093	0.03136	0.01977	0.08774	0.66772	0.01224	0.02018	0.00844	0.00418	0.00682
50	0.02617	0.03109	0.02023	0.01831	0.02230	0.51762	0.01384	0.05314	0.11835	0.02246	0.01857	0.01960	0.04236	0.00897	0.00720	0.00213	0.01182	0.00621	0.03015	0.00946
51	0.01108	0.00831	0.01246	0.01246	0.01385	0.00969	0.00969	0.01385	0.01246	0.01800	0.02077	0.03046	0.01938	0.05815	0.69678	0.01246	0.02077	0.00831	0.00415	0.00692
52	0.01608	0.01378	0.01608	0.01148	0.01837	0.01034	0.00919	0.01952	0.01608	0.02527	0.01378	0.01608	0.01148	0.00574	0.00574	0.00115	0.00574	0.00459	0.00459	0.77491
53	0.01097	0.00793	0.01036	0.00975	0.01158	0.00732	0.00732	0.01463	0.02195	0.03109	0.67505	0.05792	0.07316	0.01585	0.00914	0.00244	0.00366	0.01402	0.00854	0.00732
54	0.01608	0.01378	0.01608	0.01148	0.01837	0.01034	0.00919	0.01952	0.01608	0.02527	0.01378	0.01608	0.01148	0.00574	0.00574	0.00115	0.00574	0.00459	0.00459	0.77491
55	0.01111	0.00802	0.01056	0.01016	0.01199	0.00746	0.00778	0.01476	0.02158	0.03038	0.61806	0.06057	0.07059	0.01635	0.00929	0.00254	0.00397	0.06912	0.00841	0.00730
56	0.01464	0.01378	0.02326	0.70887	0.05340	0.01723	0.02153	0.01981	0.01550	0.01981	0.01378	0.02067	0.01034	0.00775	0.00775	0.00258	0.01034	0.00689	0.00345	0.00861
57	0.02140	0.67558	0.03911	0.01381	0.02023	0.08487	0.01341	0.02385	0.01626	0.01830	0.01088	0.01256	0.00995	0.00674	0.00514	0.00169	0.00876	0.00421	0.00337	0.00987
58	0.02230	0.59996	0.03708	0.01454	0.02067	0.15728	0.01359	0.02469	0.01694	0.01838	0.01101	0.01273	0.00996	0.00689	0.00536	0.00172	0.00937	0.00431	0.00345	0.00977
59	0.78228	0.01499	0.01140	0.01020	0.01499	0.01739	0.00840	0.02279	0.01320	0.03479	0.01080	0.01260	0.00840	0.00720	0.00480	0.00240	0.00600	0.00420	0.00480	0.00840
60	0.02794	0.05808	0.02355	0.02174	0.07717	0.53935	0.01561	0.10274	0.02309	0.02296	0.01293	0.01489	0.01055	0.00801	0.00707	0.00205	0.01276	0.00535	0.00440	0.00978
61	0.01233	0.00880	0.01230	0.01409	0.01580	0.00878	0.01220	0.01577	0.01768	0.02302	0.04115	0.12239	0.04499	0.02158	0.01066	0.00355	0.00699	0.59368	0.00714	0.00709
62	0.01646	0.07226	0.01808	0.01163	0.01850	0.01199	0.00952	0.01982	0.01605	0.02469	0.01354	0.01578	0.01136	0.00581	0.00568	0.00119	0.00595	0.00456	0.00449	0.71263
63	0.02073	0.73217	0.04063	0.01327	0.01990	0.03068	0.01327	0.02322	0.01575	0.01824	0.01078	0.01244	0.00995	0.00663	0.00498	0.00166	0.00829	0.00415	0.00332	0.00995
64	0.01055	0.00791	0.00977	0.00931	0.01132	0.00713	0.00698	0.01380	0.02094	0.02869	0.53404	0.06187	0.21567	0.01675	0.00915	0.00248	0.00372	0.01458	0.00822	0.00713
65	0.01608	0.01378	0.01608	0.01148	0.01837	0.01034	0.00919	0.01952	0.01608	0.02527	0.01378	0.01608	0.01148	0.00574	0.00574	0.00115	0.00574	0.00459	0.00459	0.77491
66	0.03082	0.04042	0.02050	0.01522	0.02109	0.01702	0.01261	0.28911	0.02783	0.36495	0.06045	0.02446	0.01938	0.00972	0.00776	0.00235	0.00729	0.00768	0.00857	0.01276
67	0.01696	0.01696	0.02375	0.02036	0.02036	0.02375	0.01696	0.01866	0.01187	0.01866	0.01018	0.01696	0.01018	0.01357	0.02545	0.00339	0.71332	0.00679	0.00339	0.00848
68	0.01608	0.01378	0.01608	0.01148	0.01837	0.01034	0.00919	0.01952	0.01608	0.02527	0.01378	0.01608	0.01148	0.00574	0.00574	0.00115	0.00574	0.00459	0.00459	0.77491
69	0.01921	0.01238	0.01321	0.03396	0.01571	0.01337	0.00918	0.20566	0.07059	0.03471	0.02343	0.02563	0.01789	0.00918	0.00636	0.00205	0.00546	0.00726	0.46535	0.00939
70	0.01804	0.29020	0.42306	0.01881	0.02818	0.05362	0.02246	0.02436	0.01640	0.02202	0.01269	0.01484	0.00988	0.00713	0.00648	0.00215	0.01043	0.00512	0.00332	0.01080
71	0.01883	0.01424	0.01803	0.01317	0.01987	0.01142	0.04493	0.02329	0.04864	0.11280	0.01698	0.01833	0.01311	0.00653	0.00631	0.00147	0.00628	0.00547	0.00538	0.59493
72	0.01785	0.01971	0.08423	0.10953	0.40000	0.01804	0.15787	0.02315	0.01736	0.02437	0.01580	0.04746	0.01333	0.00764	0.00806	0.00244	0.01015	0.00790	0.00390	0.01121
73	0.78228	0.01499	0.01140	0.01020	0.01499	0.01739	0.00840	0.02279	0.01320	0.03479	0.01080	0.01260	0.00840	0.00720	0.00480	0.00240	0.00600	0.00420	0.00480	0.00840
74	0.01865	0.05756	0.02200	0.27849	0.05664	0.12273	0.01588	0.05177	0.04067	0.02317	0.01421	0.01797	0.01127	0.00728	0.00689	0.00200	0.00918	0.00584	0.00423	0.23356
75	0.02768	0.02849	0.02262	0.09059	0.02705	0.35832	0.01556	0.27750	0.02707	0.03096	0.01481	0.01652	0.01130	0.00849	0.00737	0.00219	0.01143	0.00598	0.00544	0.01062
76	0.00945	0.00675	0.00900	0.01080	0.01125	0.00630	0.00720	0.01080	0.01484	0.01979	0.04274	0.72245	0.05128	0.02429	0.00990	0.00315	0.00450	0.02204	0.00720	0.00630
77	0.01823	0.25993	0.41448	0.01947	0.02894	0.02187	0.05717	0.02473	0.01654	0.05216	0.01375	0.01581	0.01039	0.00719	0.00672	0.00221	0.01031	0.00550	0.00361	0.01100
78	0.01347	0.00673	0.01010	0.01010	0.01010	0.00673	0.00673	0.01010	0.01010	0.01347	0.01347	0.02357	0.01347	0.02694	0.03030	0.77441	0.00673	0.00673	0.00337	0.00337
79	0.00977	0.00704	0.00909	0.01052	0.01122	0.00657	0.00716	0.01127	0.01525	0.02019	0.07232	0.56597	0.09643	0.07549	0.01203	0.00342	0.00476	0.04814	0.00707	0.00628
80	0.01897	0.01820	0.03107	0.07982	0.64864	0.01836	0.02369	0.02360	0.01755	0.02506	0.01455	0.01926	0.01219	0.00695	0.00768	0.00232	0.00927	0.00691	0.00382	0.01210
81	0.02641	0.06993	0.02455	0.02407	0.13758	0.46172	0.01628	0.07575	0.05081	0.02285	0.01374	0.01582	0.01123	0.00794	0.00710	0.00208	0.01208	0.00560	0.00438	0.01007
82	0.01011	0.00714	0.00939	0.01094	0.01150	0.00682	0.00756	0.01157	0.01475	0.01959	0.03998	0.54495	0.04720	0.12101	0.01409	0.00381	0.00527	0.10129	0.00684	0.00619

[dist]
# distance from previous block
# <min> <max>
0	0

# created by:
# /st0/software/busco_prod/Augustus/scripts/msa2prfl.pl ./align_prep/133707.fa
