[name]
unknown

[dist]
# distance from previous block
# <min> <max>
0	2

[block]
# block no. 0 follows, 25 sequences, length 20
# corresponding to MSA columns:
# 2-21
name=unknown_A
#
# <colnr> <probs for GDERKNQSTAVLIFYWHMCP>
#	G	D	E	R	K	N	Q	S	T	A	V	L	I	F	Y	W	H	M	C	P
0	0.01030	0.00758	0.00952	0.01054	0.01188	0.00703	0.00781	0.01224	0.01647	0.02134	0.10359	0.33080	0.20660	0.05046	0.01160	0.02565	0.00499	0.13805	0.00709	0.00646
1	0.03052	0.02004	0.02223	0.01704	0.02321	0.02156	0.01408	0.53220	0.03365	0.17391	0.02097	0.02015	0.01437	0.00936	0.00776	0.00234	0.00815	0.00714	0.00812	0.01319
2	0.01411	0.01277	0.01828	0.01653	0.01720	0.01694	0.01344	0.01633	0.01216	0.01834	0.01531	0.02350	0.01464	0.03516	0.35061	0.00779	0.37788	0.00752	0.00376	0.00773
3	0.01035	0.00681	0.00924	0.01055	0.01094	0.00646	0.00703	0.01080	0.01403	0.01877	0.05744	0.54092	0.04382	0.04747	0.01485	0.15499	0.00501	0.01841	0.00641	0.00570
4	0.01682	0.00914	0.01208	0.01077	0.01346	0.00827	0.00820	0.01998	0.02104	0.19235	0.44177	0.09500	0.05618	0.04734	0.01024	0.00271	0.00462	0.01289	0.00853	0.00859
5	0.03479	0.01320	0.01799	0.01380	0.01979	0.01140	0.01140	0.03779	0.02219	0.68451	0.03059	0.02639	0.01919	0.00960	0.00780	0.00240	0.00660	0.00780	0.00960	0.01320
6	0.01383	0.00728	0.00747	0.00747	0.00892	0.00728	0.00528	0.01673	0.01528	0.02618	0.02512	0.03320	0.02151	0.15037	0.01212	0.00293	0.00438	0.00802	0.61989	0.00673
7	0.78228	0.01499	0.01140	0.01020	0.01499	0.01739	0.00840	0.02279	0.01320	0.03479	0.01080	0.01260	0.00840	0.00720	0.00480	0.00240	0.00600	0.00420	0.00480	0.00840
8	0.00959	0.00686	0.00913	0.01070	0.01128	0.00639	0.00721	0.01116	0.01551	0.02086	0.10219	0.65997	0.05334	0.02350	0.00983	0.00308	0.00442	0.02129	0.00732	0.00639
9	0.01030	0.00750	0.00987	0.01134	0.01245	0.00707	0.00846	0.01243	0.01632	0.02142	0.07977	0.44997	0.11789	0.02258	0.00999	0.00317	0.00509	0.18054	0.00725	0.00660
10	0.01058	0.00785	0.00992	0.00989	0.01168	0.00718	0.00744	0.01366	0.02003	0.02735	0.44584	0.14368	0.17434	0.01796	0.00936	0.00264	0.00407	0.06147	0.00803	0.00704
11	0.02321	0.01641	0.01812	0.01557	0.02042	0.01814	0.01231	0.09326	0.48449	0.16213	0.03025	0.02754	0.02189	0.01023	0.00786	0.00256	0.00643	0.00842	0.00821	0.01253
12	0.00945	0.00675	0.00900	0.01080	0.01125	0.00630	0.00720	0.01080	0.01484	0.01979	0.04274	0.72245	0.05128	0.02429	0.00990	0.00315	0.00450	0.02204	0.00720	0.00630
13	0.00955	0.00679	0.00897	0.01067	0.01109	0.00636	0.00706	0.01082	0.01465	0.01953	0.04173	0.68547	0.05001	0.06301	0.01152	0.00339	0.00466	0.02145	0.00706	0.00621
14	0.02535	0.01818	0.01962	0.01547	0.02058	0.01987	0.01262	0.49469	0.03205	0.04413	0.09136	0.02435	0.02068	0.00999	0.00758	0.00227	0.00731	0.00779	0.11439	0.01171
15	0.03997	0.01457	0.13898	0.01268	0.01663	0.00991	0.02894	0.01631	0.01912	0.02708	0.34183	0.09785	0.15198	0.01510	0.00877	0.00257	0.00572	0.03708	0.00691	0.00802
16	0.02151	0.01787	0.02400	0.26209	0.14266	0.02023	0.01833	0.26214	0.09484	0.03309	0.01769	0.02055	0.01319	0.00850	0.00776	0.00245	0.00901	0.00713	0.00563	0.01135
17	0.01635	0.01127	0.01368	0.01332	0.01641	0.01149	0.01096	0.04289	0.16413	0.09876	0.09804	0.06106	0.13268	0.01656	0.00930	0.00295	0.00612	0.25725	0.00773	0.00906
18	0.34995	0.05469	0.29670	0.04130	0.02473	0.01831	0.01783	0.02469	0.05912	0.02912	0.01363	0.01558	0.01017	0.00749	0.00620	0.00242	0.00855	0.00525	0.00426	0.01002
19	0.03161	0.01689	0.06460	0.01526	0.02159	0.01475	0.01328	0.15815	0.05879	0.47984	0.02715	0.02431	0.01761	0.00944	0.00776	0.00240	0.00728	0.00755	0.00871	0.01303

[dist]
# distance from previous block
# <min> <max>
2	3

[block]
# block no. 1 follows, 25 sequences, length 32
# corresponding to MSA columns:
# 25-56
name=unknown_B
#
# <colnr> <probs for GDERKNQSTAVLIFYWHMCP>
#	G	D	E	R	K	N	Q	S	T	A	V	L	I	F	Y	W	H	M	C	P
0	0.01386	0.00790	0.01059	0.01128	0.01273	0.00721	0.00792	0.01557	0.01633	0.13463	0.06044	0.58175	0.04644	0.02150	0.00951	0.00300	0.00483	0.01934	0.00765	0.00752
1	0.02223	0.01857	0.01916	0.01644	0.02129	0.04040	0.01300	0.20056	0.48227	0.03633	0.02761	0.02580	0.02053	0.01013	0.00783	0.00253	0.00699	0.00819	0.00774	0.01241
2	0.01768	0.01944	0.07564	0.02560	0.03231	0.01723	0.39540	0.02302	0.01722	0.04832	0.01724	0.06788	0.01445	0.00837	0.00986	0.00247	0.06846	0.00889	0.00437	0.12613
3	0.02833	0.01581	0.06349	0.01477	0.02055	0.01388	0.01268	0.03700	0.19945	0.43574	0.05272	0.02753	0.02171	0.00992	0.00784	0.00247	0.00670	0.00815	0.00865	0.01261
4	0.01794	0.02345	0.13041	0.03128	0.03960	0.01940	0.56886	0.02480	0.01805	0.02480	0.01545	0.02032	0.01151	0.00665	0.00891	0.00259	0.01286	0.00870	0.00384	0.01059
5	0.01818	0.02056	0.04377	0.03157	0.03870	0.01998	0.59378	0.02428	0.01772	0.02428	0.01519	0.02056	0.01162	0.00717	0.01062	0.00268	0.07625	0.00894	0.00387	0.01028
6	0.01774	0.02289	0.18397	0.12888	0.44540	0.01817	0.02463	0.02345	0.01707	0.02442	0.01432	0.01873	0.01145	0.00713	0.00761	0.00238	0.00989	0.00663	0.00365	0.01160
7	0.02772	0.02085	0.02228	0.01748	0.02338	0.02323	0.01431	0.54786	0.14474	0.04604	0.02084	0.02039	0.01499	0.00952	0.00778	0.00238	0.00812	0.00729	0.00778	0.01303
8	0.00952	0.00678	0.00898	0.01070	0.01113	0.00635	0.00710	0.01082	0.01470	0.01960	0.04200	0.69550	0.05036	0.05250	0.01108	0.00332	0.00462	0.02161	0.00710	0.00623
9	0.01480	0.01395	0.02355	0.68527	0.07574	0.01727	0.02161	0.01995	0.01558	0.02001	0.01381	0.02062	0.01041	0.00772	0.00775	0.00257	0.01030	0.00689	0.00346	0.00874
10	0.04446	0.04987	0.13637	0.01752	0.02395	0.04573	0.01629	0.39774	0.02888	0.03918	0.06021	0.02488	0.01820	0.01001	0.00777	0.00241	0.00876	0.04947	0.00661	0.01170
11	0.00965	0.00686	0.00904	0.01059	0.01109	0.00643	0.00705	0.01104	0.01502	0.02013	0.07718	0.64346	0.05108	0.06737	0.01169	0.00338	0.00464	0.02092	0.00712	0.00626
12	0.00945	0.00675	0.00900	0.01080	0.01125	0.00630	0.00720	0.01080	0.01484	0.01979	0.04274	0.72245	0.05128	0.02429	0.00990	0.00315	0.00450	0.02204	0.00720	0.00630
13	0.78228	0.01499	0.01140	0.01020	0.01499	0.01739	0.00840	0.02279	0.01320	0.03479	0.01080	0.01260	0.00840	0.00720	0.00480	0.00240	0.00600	0.00420	0.00480	0.00840
14	0.01676	0.20217	0.53589	0.02003	0.03036	0.02097	0.02505	0.02424	0.01623	0.02308	0.01318	0.01545	0.00985	0.00719	0.00681	0.00227	0.01072	0.00536	0.00328	0.01111
15	0.01555	0.04011	0.68733	0.02210	0.03356	0.01801	0.02865	0.02455	0.01637	0.02455	0.01391	0.01637	0.00982	0.00737	0.00737	0.00246	0.01146	0.00573	0.00327	0.01146
16	0.00945	0.00675	0.00900	0.01080	0.01125	0.00630	0.00720	0.01080	0.01484	0.01979	0.04274	0.72245	0.05128	0.02429	0.00990	0.00315	0.00450	0.02204	0.00720	0.00630
17	0.03183	0.01662	0.01995	0.01544	0.02142	0.01665	0.01271	0.26986	0.06739	0.40467	0.02614	0.02362	0.01721	0.00954	0.00779	0.00239	0.00730	0.00755	0.00880	0.01313
18	0.01728	0.24276	0.45993	0.02093	0.06586	0.02176	0.02384	0.02412	0.01626	0.02274	0.01303	0.01537	0.01000	0.00712	0.00668	0.00221	0.01040	0.00533	0.00332	0.01106
19	0.01089	0.00790	0.00978	0.01013	0.01055	0.00818	0.00664	0.01175	0.01289	0.01730	0.03223	0.25197	0.07379	0.37395	0.08321	0.00607	0.04721	0.01435	0.00549	0.00570
20	0.00984	0.00704	0.00938	0.01077	0.01151	0.00659	0.00744	0.01168	0.01620	0.02189	0.15157	0.58086	0.05477	0.02272	0.00980	0.00304	0.00447	0.04651	0.00743	0.00651
21	0.02000	0.02678	0.37712	0.01725	0.02561	0.01412	0.01975	0.02606	0.01827	0.21441	0.02986	0.02929	0.12726	0.01012	0.00780	0.00247	0.00876	0.00816	0.00578	0.01111
22	0.02981	0.02118	0.02293	0.01758	0.02378	0.02324	0.01453	0.61427	0.03555	0.08916	0.01937	0.01911	0.01357	0.00933	0.00776	0.00233	0.00841	0.00703	0.00787	0.01319
23	0.24823	0.09896	0.34430	0.01690	0.02520	0.03999	0.01919	0.02518	0.01601	0.08095	0.01397	0.01559	0.01018	0.00745	0.00638	0.00234	0.00919	0.00526	0.00428	0.01045
24	0.01677	0.20317	0.53496	0.02002	0.03034	0.02099	0.02502	0.02424	0.01622	0.02307	0.01318	0.01544	0.00985	0.00719	0.00680	0.00227	0.01071	0.00536	0.00328	0.01110
25	0.02072	0.01482	0.02167	0.38462	0.06421	0.01682	0.01757	0.12072	0.05028	0.13921	0.01827	0.02183	0.01318	0.00948	0.00903	0.04593	0.00897	0.00714	0.00539	0.01013
26	0.01643	0.10611	0.53864	0.02262	0.03312	0.01947	0.10924	0.02446	0.01656	0.02397	0.01384	0.01658	0.01009	0.00718	0.00737	0.00240	0.01136	0.00602	0.00336	0.01118
27	0.05169	0.01517	0.02636	0.53182	0.10117	0.01765	0.10479	0.02095	0.01594	0.02164	0.01396	0.02020	0.01059	0.00749	0.00779	0.00256	0.01040	0.00707	0.00360	0.00915
28	0.01744	0.01470	0.02396	0.49679	0.11189	0.01708	0.04257	0.02378	0.06971	0.08157	0.01691	0.02172	0.01248	0.00801	0.00781	0.00254	0.00964	0.00721	0.00442	0.00977
29	0.00980	0.00709	0.00931	0.01074	0.01156	0.00660	0.00749	0.01159	0.01600	0.02132	0.11336	0.56653	0.09213	0.02289	0.00983	0.00307	0.00455	0.06230	0.00734	0.00648
30	0.02121	0.34840	0.27963	0.01668	0.02501	0.02260	0.01872	0.02623	0.01709	0.13537	0.01537	0.01632	0.01149	0.00742	0.00636	0.00209	0.00919	0.00537	0.00438	0.01108
31	0.03184	0.01989	0.01980	0.01705	0.04923	0.18384	0.01301	0.06463	0.04628	0.43597	0.02473	0.02271	0.01648	0.00910	0.00759	0.00230	0.00863	0.00706	0.00780	0.01207

[dist]
# distance from previous block
# <min> <max>
0	3

[block]
# block no. 2 follows, 25 sequences, length 13
# corresponding to MSA columns:
# 60-72
name=unknown_C
#
# <colnr> <probs for GDERKNQSTAVLIFYWHMCP>
#	G	D	E	R	K	N	Q	S	T	A	V	L	I	F	Y	W	H	M	C	P
0	0.01498	0.01413	0.02387	0.65927	0.10034	0.01732	0.02170	0.02011	0.01567	0.02022	0.01384	0.02056	0.01048	0.00769	0.00775	0.00256	0.01025	0.00689	0.00347	0.00889
1	0.01508	0.00896	0.01145	0.01108	0.01371	0.00810	0.00876	0.01794	0.01935	0.14667	0.21435	0.13536	0.19983	0.01766	0.00930	0.00278	0.00506	0.13850	0.00798	0.00807
2	0.01464	0.01378	0.02326	0.70887	0.05340	0.01723	0.02153	0.01981	0.01550	0.01981	0.01378	0.02067	0.01034	0.00775	0.00775	0.00258	0.01034	0.00689	0.00345	0.00861
3	0.00945	0.00675	0.00900	0.01080	0.01125	0.00630	0.00720	0.01080	0.01484	0.01979	0.04274	0.72245	0.05128	0.02429	0.00990	0.00315	0.00450	0.02204	0.00720	0.00630
4	0.00945	0.00675	0.00900	0.01080	0.01125	0.00630	0.00720	0.01080	0.01484	0.01979	0.04274	0.72245	0.05128	0.02429	0.00990	0.00315	0.00450	0.02204	0.00720	0.00630
5	0.09278	0.01390	0.02205	0.63775	0.04949	0.01724	0.02020	0.02011	0.01527	0.02134	0.01348	0.01985	0.01014	0.00770	0.00745	0.00257	0.00989	0.00662	0.00358	0.00859
6	0.02073	0.73217	0.04063	0.01327	0.01990	0.03068	0.01327	0.02322	0.01575	0.01824	0.01078	0.01244	0.00995	0.00663	0.00498	0.00166	0.00829	0.00415	0.00332	0.00995
7	0.00942	0.00685	0.00890	0.01054	0.01118	0.00632	0.00708	0.01083	0.01509	0.01989	0.04589	0.66534	0.10635	0.02388	0.00983	0.00310	0.00445	0.02154	0.00720	0.00632
8	0.01464	0.01378	0.02326	0.70887	0.05340	0.01723	0.02153	0.01981	0.01550	0.01981	0.01378	0.02067	0.01034	0.00775	0.00775	0.00258	0.01034	0.00689	0.00345	0.00861
9	0.01224	0.00902	0.01189	0.01293	0.01470	0.00905	0.01054	0.01703	0.07510	0.02483	0.15678	0.19555	0.04925	0.01997	0.01002	0.00320	0.00592	0.34703	0.00747	0.00747
10	0.02073	0.73217	0.04063	0.01327	0.01990	0.03068	0.01327	0.02322	0.01575	0.01824	0.01078	0.01244	0.00995	0.00663	0.00498	0.00166	0.00829	0.00415	0.00332	0.00995
11	0.01929	0.01666	0.01753	0.01578	0.02016	0.01929	0.01227	0.04120	0.66513	0.03243	0.03156	0.02893	0.02367	0.01052	0.00789	0.00263	0.00614	0.00877	0.00789	0.01227
12	0.01464	0.01378	0.02326	0.70887	0.05340	0.01723	0.02153	0.01981	0.01550	0.01981	0.01378	0.02067	0.01034	0.00775	0.00775	0.00258	0.01034	0.00689	0.00345	0.00861

[dist]
# distance from previous block
# <min> <max>
0	1

[block]
# block no. 3 follows, 25 sequences, length 24
# corresponding to MSA columns:
# 74-97
name=unknown_D
#
# <colnr> <probs for GDERKNQSTAVLIFYWHMCP>
#	G	D	E	R	K	N	Q	S	T	A	V	L	I	F	Y	W	H	M	C	P
0	0.01669	0.01588	0.02696	0.41046	0.33578	0.01777	0.02255	0.02161	0.01647	0.02230	0.01414	0.02000	0.01121	0.00737	0.00772	0.00246	0.00983	0.00690	0.00362	0.01027
1	0.69162	0.01478	0.01220	0.01063	0.01558	0.01667	0.00876	0.02461	0.01429	0.11359	0.01320	0.01427	0.00971	0.00749	0.00516	0.00240	0.00607	0.00463	0.00538	0.00898
2	0.01433	0.00969	0.01309	0.01348	0.01616	0.00911	0.01153	0.01785	0.01835	0.07066	0.09902	0.07200	0.04178	0.01823	0.00978	0.00310	0.00660	0.45141	0.00715	0.09669
3	0.01324	0.00673	0.01004	0.01014	0.01017	0.00671	0.00676	0.01014	0.01037	0.01383	0.01512	0.06306	0.01560	0.02679	0.02915	0.73083	0.00661	0.00760	0.00358	0.00353
4	0.03447	0.01371	0.01831	0.01404	0.02005	0.01215	0.01160	0.07463	0.02305	0.64647	0.02987	0.02593	0.01883	0.00958	0.00779	0.00239	0.00671	0.00775	0.00949	0.01319
5	0.01464	0.01378	0.02326	0.70887	0.05340	0.01723	0.02153	0.01981	0.01550	0.01981	0.01378	0.02067	0.01034	0.00775	0.00775	0.00258	0.01034	0.00689	0.00345	0.00861
6	0.00960	0.00732	0.00874	0.00978	0.01110	0.00660	0.00689	0.01124	0.01592	0.02020	0.05529	0.41165	0.28519	0.05478	0.01103	0.00317	0.00457	0.05350	0.00708	0.00636
7	0.01013	0.00724	0.00978	0.01158	0.01233	0.00689	0.00838	0.01198	0.01552	0.02056	0.04236	0.58023	0.04979	0.02365	0.01008	0.00324	0.00509	0.15752	0.00718	0.00649
8	0.02902	0.03520	0.02212	0.01973	0.02398	0.61890	0.01495	0.10268	0.02364	0.02242	0.01275	0.01452	0.01036	0.00814	0.00708	0.00204	0.01335	0.00522	0.00443	0.00947
9	0.01964	0.58670	0.17657	0.01512	0.02277	0.02802	0.01650	0.02350	0.01588	0.01957	0.01144	0.01326	0.00992	0.00679	0.00548	0.00183	0.00896	0.00448	0.00331	0.01027
10	0.01824	0.02073	0.04472	0.03210	0.03958	0.01980	0.62134	0.02455	0.01800	0.02455	0.01543	0.02073	0.01169	0.00686	0.00991	0.00265	0.04581	0.00904	0.00390	0.01037
11	0.01686	0.01466	0.01855	0.01331	0.02024	0.01164	0.05584	0.04911	0.01718	0.02632	0.01414	0.01654	0.01158	0.00596	0.00608	0.00131	0.00640	0.00503	0.00469	0.68455
12	0.23336	0.01607	0.01638	0.01330	0.01854	0.06530	0.01078	0.10485	0.02110	0.28840	0.07651	0.02289	0.01903	0.00911	0.00692	0.00229	0.00692	0.00686	0.00728	0.05412
13	0.04934	0.01606	0.01716	0.01384	0.01917	0.05279	0.01097	0.12763	0.12842	0.12218	0.05865	0.06445	0.02052	0.00951	0.00719	0.00204	0.00666	0.00770	0.00670	0.25905
14	0.01485	0.01399	0.02363	0.67881	0.08185	0.01728	0.02164	0.01999	0.01560	0.02006	0.01382	0.02060	0.01042	0.00771	0.00775	0.00257	0.01028	0.00689	0.00346	0.00878
15	0.01630	0.01547	0.02624	0.46832	0.28102	0.01766	0.02236	0.02126	0.01629	0.02182	0.01407	0.02013	0.01104	0.00745	0.00772	0.00248	0.00993	0.00690	0.00359	0.00995
16	0.01668	0.01669	0.02327	0.01982	0.02042	0.04206	0.05295	0.01853	0.01265	0.01883	0.01298	0.05036	0.01333	0.06360	0.02423	0.00358	0.57022	0.00785	0.00370	0.00825
17	0.01886	0.01809	0.03088	0.09540	0.63390	0.01834	0.02363	0.02351	0.01750	0.02493	0.01453	0.01930	0.01214	0.00697	0.00768	0.00232	0.00929	0.00691	0.00381	0.01202
18	0.07964	0.01782	0.02184	0.01710	0.02277	0.01884	0.07373	0.28950	0.12847	0.17055	0.06154	0.02396	0.01917	0.00954	0.00779	0.00243	0.00773	0.00786	0.00762	0.01209
19	0.71413	0.01698	0.01235	0.01108	0.01581	0.07882	0.00899	0.02353	0.01399	0.03336	0.01090	0.01272	0.00854	0.00727	0.00500	0.00236	0.00672	0.00427	0.00473	0.00845
20	0.02576	0.02365	0.02057	0.01717	0.02206	0.20586	0.01358	0.32347	0.12262	0.03594	0.06712	0.02378	0.04371	0.00998	0.00772	0.00230	0.00916	0.00755	0.00678	0.01123
21	0.01919	0.01842	0.03147	0.04759	0.67914	0.01842	0.02380	0.02380	0.01765	0.02533	0.01458	0.01919	0.01228	0.00691	0.00768	0.00230	0.00921	0.00691	0.00384	0.01228
22	0.01919	0.01842	0.03147	0.04759	0.67914	0.01842	0.02380	0.02380	0.01765	0.02533	0.01458	0.01919	0.01228	0.00691	0.00768	0.00230	0.00921	0.00691	0.00384	0.01228
23	0.54500	0.01442	0.01349	0.01134	0.01652	0.01549	0.00935	0.02755	0.01605	0.24103	0.01708	0.01697	0.01182	0.00796	0.00575	0.00240	0.00619	0.00534	0.00632	0.00992

[dist]
# distance from previous block
# <min> <max>
2	5

[block]
# block no. 4 follows, 25 sequences, length 19
# corresponding to MSA columns:
# 103-121
name=unknown_E
#
# <colnr> <probs for GDERKNQSTAVLIFYWHMCP>
#	G	D	E	R	K	N	Q	S	T	A	V	L	I	F	Y	W	H	M	C	P
0	0.09130	0.02042	0.02227	0.08129	0.02601	0.02285	0.01484	0.54160	0.03256	0.04499	0.01751	0.01830	0.01252	0.00899	0.00751	0.00236	0.00849	0.00674	0.00711	0.01236
1	0.78228	0.01499	0.01140	0.01020	0.01499	0.01739	0.00840	0.02279	0.01320	0.03479	0.01080	0.01260	0.00840	0.00720	0.00480	0.00240	0.00600	0.00420	0.00480	0.00840
2	0.01445	0.00723	0.00723	0.00723	0.00903	0.00723	0.00542	0.01807	0.01626	0.02891	0.02529	0.02891	0.01987	0.00903	0.00542	0.00181	0.00361	0.00723	0.77055	0.00723
3	0.01128	0.00752	0.00846	0.00846	0.00846	0.00752	0.00470	0.01128	0.01128	0.01503	0.02443	0.05074	0.02819	0.72751	0.03946	0.00752	0.00752	0.01128	0.00470	0.00470
4	0.78228	0.01499	0.01140	0.01020	0.01499	0.01739	0.00840	0.02279	0.01320	0.03479	0.01080	0.01260	0.00840	0.00720	0.00480	0.00240	0.00600	0.00420	0.00480	0.00840
5	0.01707	0.01727	0.02546	0.02132	0.02193	0.02343	0.06633	0.01914	0.01237	0.01914	0.01061	0.01727	0.01030	0.01302	0.02418	0.00333	0.65880	0.00697	0.00343	0.00864
6	0.01919	0.01842	0.03147	0.04759	0.67914	0.01842	0.02380	0.02380	0.01765	0.02533	0.01458	0.01919	0.01228	0.00691	0.00768	0.00230	0.00921	0.00691	0.00384	0.01228
7	0.01195	0.00866	0.01179	0.01341	0.01517	0.00850	0.01147	0.01520	0.01760	0.02273	0.04466	0.13571	0.10370	0.02148	0.01050	0.00345	0.00664	0.52322	0.00715	0.00702
8	0.02073	0.73217	0.04063	0.01327	0.01990	0.03068	0.01327	0.02322	0.01575	0.01824	0.01078	0.01244	0.00995	0.00663	0.00498	0.00166	0.00829	0.00415	0.00332	0.00995
9	0.01464	0.01378	0.02326	0.70887	0.05340	0.01723	0.02153	0.01981	0.01550	0.01981	0.01378	0.02067	0.01034	0.00775	0.00775	0.00258	0.01034	0.00689	0.00345	0.00861
10	0.00916	0.00785	0.00785	0.00785	0.01047	0.00655	0.00589	0.01113	0.01767	0.02095	0.07855	0.07462	0.67599	0.01964	0.00916	0.00262	0.00393	0.01636	0.00720	0.00655
11	0.78228	0.01499	0.01140	0.01020	0.01499	0.01739	0.00840	0.02279	0.01320	0.03479	0.01080	0.01260	0.00840	0.00720	0.00480	0.00240	0.00600	0.00420	0.00480	0.00840
12	0.01929	0.01666	0.01753	0.01578	0.02016	0.01929	0.01227	0.04120	0.66513	0.03243	0.03156	0.02893	0.02367	0.01052	0.00789	0.00263	0.00614	0.00877	0.00789	0.01227
13	0.00958	0.00770	0.00859	0.00911	0.01114	0.00672	0.00677	0.01161	0.01726	0.02134	0.09531	0.21823	0.45952	0.02063	0.00945	0.00280	0.00430	0.06612	0.00726	0.00657
14	0.02947	0.02172	0.02327	0.01784	0.02404	0.02404	0.01474	0.65329	0.03646	0.04887	0.01862	0.01862	0.01319	0.00931	0.00776	0.00233	0.00853	0.00698	0.00776	0.01319
15	0.78228	0.01499	0.01140	0.01020	0.01499	0.01739	0.00840	0.02279	0.01320	0.03479	0.01080	0.01260	0.00840	0.00720	0.00480	0.00240	0.00600	0.00420	0.00480	0.00840
16	0.01221	0.00872	0.01217	0.01396	0.01562	0.00868	0.01200	0.01558	0.01757	0.02289	0.04121	0.14635	0.04524	0.02169	0.01063	0.00353	0.00689	0.57085	0.00715	0.00706
17	0.78228	0.01499	0.01140	0.01020	0.01499	0.01739	0.00840	0.02279	0.01320	0.03479	0.01080	0.01260	0.00840	0.00720	0.00480	0.00240	0.00600	0.00420	0.00480	0.00840
18	0.01445	0.00723	0.00723	0.00723	0.00903	0.00723	0.00542	0.01807	0.01626	0.02891	0.02529	0.02891	0.01987	0.00903	0.00542	0.00181	0.00361	0.00723	0.77055	0.00723

[dist]
# distance from previous block
# <min> <max>
0	12

# created by:
# /st0/software/busco_prod/Augustus/scripts/msa2prfl.pl ./align_prep/133837.fa
