[name]
unknown

[dist]
# distance from previous block
# <min> <max>
0	64

[block]
# block no. 0 follows, 23 sequences, length 8
# corresponding to MSA columns:
# 86-93
name=unknown_A
#
# <colnr> <probs for GDERKNQSTAVLIFYWHMCP>
#	G	D	E	R	K	N	Q	S	T	A	V	L	I	F	Y	W	H	M	C	P
0	0.10490	0.01011	0.01294	0.01443	0.01668	0.01041	0.01256	0.01766	0.01809	0.02575	0.03913	0.08205	0.04211	0.02061	0.01046	0.00359	0.00733	0.53639	0.00718	0.00763
1	0.21567	0.01797	0.02043	0.19122	0.03012	0.02015	0.01500	0.26070	0.02417	0.03710	0.01558	0.01817	0.01157	0.00839	0.00712	0.00241	0.00846	0.00629	0.00584	0.08365
2	0.14975	0.14704	0.08300	0.13891	0.06126	0.04457	0.07717	0.02224	0.01592	0.02390	0.01344	0.01795	0.01107	0.01001	0.00998	0.09878	0.00933	0.00608	0.00397	0.05563
3	0.05107	0.01268	0.01507	0.01295	0.01706	0.01257	0.01017	0.06176	0.13467	0.23383	0.03940	0.03844	0.16514	0.01741	0.04732	0.09528	0.00708	0.01009	0.00775	0.01026
4	0.00983	0.00727	0.00920	0.01076	0.01163	0.00664	0.00729	0.01136	0.01606	0.02093	0.05132	0.59843	0.16052	0.02456	0.01022	0.00320	0.00460	0.02202	0.00753	0.00664
5	0.01489	0.00858	0.00960	0.00928	0.01085	0.00932	0.00703	0.01818	0.01598	0.02752	0.02465	0.03072	0.02041	0.05883	0.05993	0.00325	0.06757	0.00788	0.58808	0.00749
6	0.01249	0.00940	0.01099	0.01041	0.01270	0.00887	0.00772	0.06911	0.02148	0.02869	0.32330	0.13393	0.23941	0.06106	0.01148	0.00301	0.00471	0.01550	0.00804	0.00768
7	0.03887	0.01165	0.05104	0.01274	0.01586	0.00991	0.01081	0.01941	0.05325	0.09035	0.19164	0.14042	0.14011	0.01793	0.00961	0.00297	0.00588	0.16119	0.00782	0.00854

[dist]
# distance from previous block
# <min> <max>
5	13

[block]
# block no. 1 follows, 23 sequences, length 44
# corresponding to MSA columns:
# 108-151
name=unknown_B
#
# <colnr> <probs for GDERKNQSTAVLIFYWHMCP>
#	G	D	E	R	K	N	Q	S	T	A	V	L	I	F	Y	W	H	M	C	P
0	0.02024	0.02175	0.06041	0.10612	0.03848	0.07087	0.38635	0.02754	0.06751	0.06057	0.01904	0.02496	0.01472	0.00828	0.00905	0.00271	0.01218	0.03361	0.00481	0.01080
1	0.05110	0.02162	0.09822	0.02779	0.03561	0.01828	0.42395	0.02667	0.01883	0.10347	0.01820	0.02285	0.01361	0.03666	0.01020	0.00283	0.01182	0.00874	0.00486	0.04469
2	0.05549	0.44536	0.18167	0.01629	0.02409	0.06492	0.01728	0.02613	0.01736	0.06674	0.01355	0.01507	0.01099	0.00744	0.00610	0.00203	0.00955	0.00504	0.00403	0.01088
3	0.01513	0.00756	0.00756	0.00756	0.00945	0.00756	0.00567	0.01891	0.01702	0.03025	0.02647	0.03025	0.02080	0.00945	0.00567	0.00189	0.00378	0.00756	0.75988	0.00756
4	0.52605	0.04767	0.01736	0.05980	0.02099	0.01909	0.04701	0.07002	0.04100	0.03480	0.04117	0.01743	0.01311	0.00819	0.00606	0.00251	0.00722	0.00573	0.00533	0.00948
5	0.05970	0.02206	0.02552	0.01996	0.02563	0.06813	0.08345	0.35900	0.07671	0.03966	0.01814	0.01964	0.01359	0.00961	0.00995	0.00253	0.08240	0.00728	0.00663	0.05042
6	0.01513	0.00756	0.00756	0.00756	0.00945	0.00756	0.00567	0.01891	0.01702	0.03025	0.02647	0.03025	0.02080	0.00945	0.00567	0.00189	0.00378	0.00756	0.75988	0.00756
7	0.01159	0.00869	0.01304	0.01304	0.01449	0.01014	0.01014	0.01449	0.01304	0.01884	0.02173	0.03188	0.02029	0.06086	0.68268	0.01304	0.02173	0.00869	0.00435	0.00724
8	0.01475	0.01432	0.02714	0.02182	0.02584	0.01394	0.27477	0.01897	0.01800	0.02452	0.09802	0.24789	0.03547	0.01563	0.01097	0.00303	0.04916	0.07098	0.00599	0.00877
9	0.00993	0.00799	0.00889	0.00938	0.01147	0.00694	0.00688	0.01202	0.01809	0.02245	0.11146	0.23203	0.44739	0.02154	0.00984	0.00290	0.00437	0.04194	0.00763	0.00687
10	0.02675	0.21636	0.07383	0.02051	0.06892	0.28875	0.01658	0.11088	0.02258	0.06257	0.01460	0.01616	0.01161	0.00814	0.00699	0.00212	0.01129	0.00563	0.00480	0.01094
11	0.01464	0.01120	0.01372	0.01426	0.01684	0.01164	0.01175	0.05650	0.13422	0.02693	0.04446	0.14503	0.11164	0.01973	0.01021	0.00332	0.00667	0.33092	0.00767	0.00865
12	0.51108	0.01660	0.04613	0.01253	0.01735	0.01747	0.01067	0.08701	0.04471	0.03435	0.01474	0.01891	0.01206	0.01079	0.00885	0.08837	0.00697	0.02707	0.00533	0.00901
13	0.02200	0.01677	0.04484	0.01511	0.01988	0.01672	0.01249	0.24188	0.13441	0.09325	0.18912	0.06353	0.06888	0.01286	0.00867	0.00258	0.00673	0.01068	0.00826	0.01134
14	0.01279	0.00839	0.01079	0.01061	0.01257	0.00761	0.00779	0.01571	0.02049	0.07792	0.38083	0.23396	0.13193	0.01889	0.00967	0.00277	0.00434	0.01669	0.00849	0.00776
15	0.01095	0.00832	0.01014	0.01006	0.01218	0.00751	0.00769	0.01409	0.02078	0.02775	0.38442	0.09534	0.26570	0.01882	0.00977	0.00276	0.00431	0.07381	0.00827	0.00733
16	0.56636	0.01517	0.01386	0.01172	0.01710	0.01645	0.00967	0.02824	0.01644	0.21358	0.01709	0.01722	0.01195	0.00823	0.00590	0.00251	0.00645	0.00545	0.00643	0.01019
17	0.00997	0.00815	0.00879	0.00881	0.01123	0.00698	0.00654	0.01231	0.01913	0.02383	0.18784	0.11852	0.50942	0.02015	0.00964	0.00274	0.00410	0.01708	0.00780	0.00698
18	0.01044	0.00826	0.00907	0.00910	0.01128	0.00729	0.00673	0.01263	0.01836	0.02301	0.16693	0.07285	0.43850	0.11193	0.01390	0.00346	0.00480	0.05729	0.00741	0.00677
19	0.02570	0.01401	0.01687	0.01402	0.01892	0.01382	0.01121	0.07558	0.18268	0.31132	0.11660	0.03764	0.10077	0.01229	0.00852	0.00260	0.00622	0.01020	0.00903	0.01199
20	0.15045	0.01441	0.01469	0.01241	0.01670	0.01550	0.00996	0.19544	0.06701	0.08927	0.02524	0.02618	0.04456	0.00984	0.00680	0.00230	0.00610	0.00752	0.27527	0.01036
21	0.02169	0.71972	0.04252	0.01388	0.02083	0.03211	0.01388	0.02430	0.01649	0.01909	0.01128	0.01302	0.01041	0.00694	0.00521	0.00174	0.00868	0.00434	0.00347	0.01041
22	0.00961	0.00816	0.00829	0.00839	0.01100	0.00684	0.00624	0.01163	0.01833	0.02185	0.08015	0.11255	0.62778	0.02082	0.00963	0.00277	0.00414	0.01745	0.00753	0.00684
23	0.00986	0.00794	0.00879	0.00920	0.01128	0.00687	0.00666	0.01194	0.01821	0.02271	0.13251	0.23544	0.44742	0.02137	0.00978	0.00286	0.00423	0.01837	0.00768	0.00687
24	0.01010	0.00723	0.00961	0.01115	0.01182	0.00673	0.00755	0.01184	0.01654	0.02231	0.12769	0.62202	0.05676	0.02423	0.01025	0.00320	0.00459	0.02194	0.00772	0.00673
25	0.02091	0.01779	0.01876	0.01666	0.02138	0.02052	0.01302	0.08374	0.60775	0.03512	0.03210	0.02954	0.02402	0.01092	0.00825	0.00273	0.00659	0.00905	0.00825	0.01291
26	0.01080	0.00818	0.01004	0.01075	0.01231	0.00764	0.00773	0.01401	0.04760	0.02448	0.19479	0.36186	0.19299	0.02150	0.00994	0.00299	0.00456	0.04272	0.00789	0.00722
27	0.01064	0.00745	0.00912	0.01014	0.01055	0.00712	0.00640	0.01152	0.01419	0.01877	0.03904	0.41042	0.07707	0.30311	0.02279	0.00511	0.00595	0.01820	0.00648	0.00593
28	0.00962	0.00811	0.00833	0.00850	0.01103	0.00683	0.00629	0.01161	0.01823	0.02181	0.07879	0.13548	0.60573	0.02099	0.00966	0.00279	0.00416	0.01767	0.00753	0.00683
29	0.02664	0.01405	0.01703	0.01416	0.01923	0.01373	0.01139	0.06290	0.18478	0.34465	0.06580	0.03787	0.11099	0.01231	0.00852	0.00263	0.00638	0.02573	0.00904	0.01218
30	0.01183	0.00814	0.00969	0.01007	0.01198	0.00721	0.00719	0.01378	0.01778	0.06726	0.11200	0.32164	0.30006	0.04916	0.01106	0.00313	0.00467	0.01842	0.00773	0.00723
31	0.02937	0.02070	0.02244	0.01756	0.02361	0.02270	0.01439	0.49279	0.10440	0.09900	0.02235	0.02186	0.01587	0.00989	0.00802	0.00245	0.00824	0.00760	0.04334	0.01340
32	0.01135	0.00829	0.01067	0.01007	0.01204	0.00760	0.00755	0.01506	0.02266	0.03181	0.62043	0.06181	0.11652	0.01686	0.00957	0.00256	0.00385	0.01484	0.00884	0.00760
33	0.01174	0.00810	0.01002	0.01002	0.01042	0.00850	0.00637	0.01255	0.01215	0.01660	0.02450	0.04719	0.02693	0.53275	0.21988	0.00931	0.01173	0.01094	0.00476	0.00556
34	0.01459	0.00761	0.00797	0.00805	0.00978	0.00766	0.00595	0.01807	0.01654	0.02868	0.02698	0.06048	0.02254	0.04110	0.04163	0.00276	0.00490	0.00846	0.65886	0.00740
35	0.01180	0.00775	0.00883	0.00906	0.00924	0.00769	0.00528	0.01223	0.01261	0.01734	0.02793	0.13053	0.03181	0.58303	0.03511	0.00690	0.00720	0.01286	0.05749	0.00530
36	0.02589	0.01154	0.01550	0.01290	0.01736	0.01020	0.01044	0.02925	0.02265	0.39899	0.23278	0.04441	0.06433	0.01337	0.00887	0.00262	0.00587	0.05246	0.00942	0.01116
37	0.02516	0.01854	0.02069	0.03593	0.02325	0.02062	0.01405	0.31098	0.23462	0.08515	0.02593	0.02787	0.01974	0.01422	0.05443	0.00334	0.00882	0.03615	0.00789	0.01261
38	0.01691	0.01679	0.02482	0.34278	0.08300	0.06389	0.05946	0.02094	0.01595	0.02091	0.01569	0.05038	0.01385	0.03764	0.04220	0.00347	0.15021	0.00810	0.00394	0.00908
39	0.01646	0.01757	0.05367	0.05225	0.02973	0.01811	0.26192	0.02088	0.01666	0.02314	0.02210	0.12568	0.02189	0.01340	0.01416	0.00314	0.18854	0.08656	0.00482	0.00932
40	0.05712	0.01835	0.02877	0.24970	0.41445	0.04534	0.02297	0.02384	0.01771	0.02493	0.01469	0.02000	0.01191	0.00757	0.00788	0.00249	0.01004	0.00700	0.00394	0.01130
41	0.01797	0.01648	0.02686	0.39223	0.26538	0.01858	0.02246	0.06469	0.01864	0.02502	0.01632	0.02401	0.01331	0.00854	0.00822	0.00263	0.01013	0.03368	0.00423	0.01062
42	0.01743	0.01725	0.02722	0.48260	0.18960	0.05709	0.04955	0.02258	0.01725	0.02220	0.01459	0.02089	0.01132	0.00787	0.00811	0.00260	0.01090	0.00720	0.00375	0.00998
43	0.07867	0.01792	0.02407	0.31560	0.12949	0.04852	0.01910	0.12840	0.02026	0.02833	0.01487	0.01951	0.01153	0.00844	0.00876	0.00252	0.04993	0.00675	0.00466	0.06268

[dist]
# distance from previous block
# <min> <max>
3	10

[block]
# block no. 2 follows, 23 sequences, length 7
# corresponding to MSA columns:
# 162-168
name=unknown_C
#
# <colnr> <probs for GDERKNQSTAVLIFYWHMCP>
#	G	D	E	R	K	N	Q	S	T	A	V	L	I	F	Y	W	H	M	C	P
0	0.02149	0.19687	0.18967	0.01933	0.02724	0.02217	0.08924	0.09539	0.11259	0.07115	0.01837	0.01953	0.01383	0.00816	0.00735	0.00230	0.00947	0.00667	0.00527	0.06389
1	0.45962	0.05182	0.01549	0.01218	0.01716	0.01766	0.01003	0.07101	0.06027	0.10561	0.09064	0.02185	0.01939	0.00922	0.00635	0.00249	0.00639	0.00653	0.00639	0.00993
2	0.01906	0.05610	0.02846	0.11522	0.43505	0.01856	0.02091	0.02503	0.06435	0.02641	0.01755	0.02180	0.01428	0.00785	0.00763	0.00237	0.00881	0.00725	0.09166	0.01166
3	0.37179	0.01530	0.01854	0.25151	0.07749	0.01751	0.01509	0.02461	0.01605	0.10163	0.01501	0.01824	0.01106	0.00799	0.00667	0.00257	0.00817	0.00600	0.00502	0.00973
4	0.02363	0.02433	0.02649	0.14563	0.24881	0.20961	0.01978	0.10899	0.06462	0.02740	0.01610	0.01940	0.01275	0.00829	0.00787	0.00240	0.01096	0.00679	0.00482	0.01134
5	0.01922	0.01625	0.01838	0.01685	0.04248	0.10716	0.06730	0.06707	0.06189	0.08942	0.03366	0.22197	0.08897	0.07443	0.01166	0.00313	0.00800	0.01308	0.00666	0.03241
6	0.01783	0.01523	0.02053	0.09833	0.02545	0.01524	0.05789	0.09628	0.06205	0.02804	0.02188	0.08268	0.02019	0.01113	0.00932	0.00237	0.05611	0.07759	0.00568	0.27618

[dist]
# distance from previous block
# <min> <max>
2	5

[block]
# block no. 3 follows, 23 sequences, length 6
# corresponding to MSA columns:
# 174-179
name=unknown_D
#
# <colnr> <probs for GDERKNQSTAVLIFYWHMCP>
#	G	D	E	R	K	N	Q	S	T	A	V	L	I	F	Y	W	H	M	C	P
0	0.02131	0.01894	0.02810	0.12585	0.37527	0.02026	0.02113	0.13260	0.11710	0.03110	0.01857	0.02173	0.01455	0.00835	0.00809	0.00251	0.00919	0.00753	0.00531	0.01250
1	0.01998	0.01665	0.02510	0.19025	0.27136	0.01724	0.01916	0.02735	0.11367	0.08455	0.01915	0.02221	0.01471	0.00809	0.00781	0.00237	0.00867	0.00726	0.00522	0.11920
2	0.01936	0.06259	0.02582	0.03154	0.33101	0.01776	0.01839	0.11464	0.02157	0.02927	0.05558	0.03836	0.07487	0.01171	0.00860	0.00263	0.00838	0.11103	0.00571	0.01118
3	0.13421	0.01733	0.08461	0.01768	0.07958	0.01508	0.01398	0.02844	0.14235	0.12879	0.09859	0.03097	0.02507	0.01045	0.00775	0.00248	0.00706	0.04726	0.00677	0.10155
4	0.01890	0.01790	0.06953	0.01923	0.09637	0.01699	0.01434	0.12091	0.24141	0.03298	0.11333	0.03535	0.10322	0.01171	0.00837	0.00254	0.00698	0.00984	0.00717	0.05294
5	0.01734	0.17474	0.54932	0.02132	0.03232	0.02144	0.02683	0.02542	0.01701	0.02440	0.01392	0.01633	0.01031	0.00756	0.00722	0.00241	0.01134	0.00567	0.00344	0.01168

[dist]
# distance from previous block
# <min> <max>
0	1

[block]
# block no. 4 follows, 23 sequences, length 24
# corresponding to MSA columns:
# 181-204
name=unknown_E
#
# <colnr> <probs for GDERKNQSTAVLIFYWHMCP>
#	G	D	E	R	K	N	Q	S	T	A	V	L	I	F	Y	W	H	M	C	P
0	0.02329	0.01583	0.01790	0.01568	0.02043	0.01723	0.01241	0.03992	0.44827	0.18212	0.06057	0.03365	0.02689	0.01152	0.00842	0.00273	0.00647	0.03537	0.00867	0.01261
1	0.01627	0.04197	0.67279	0.02313	0.03512	0.01884	0.02998	0.02570	0.01713	0.02570	0.01456	0.01713	0.01028	0.00771	0.00771	0.00257	0.01199	0.00600	0.00343	0.01199
2	0.03085	0.02273	0.02435	0.01867	0.02516	0.02516	0.01542	0.63716	0.03815	0.05114	0.01948	0.01948	0.01380	0.00974	0.00812	0.00244	0.00893	0.00731	0.00812	0.01380
3	0.01744	0.01497	0.01710	0.01284	0.01957	0.01253	0.01020	0.02457	0.13224	0.02781	0.01782	0.01928	0.01434	0.00692	0.00642	0.00148	0.00608	0.00560	0.00544	0.62734
4	0.01159	0.00869	0.01304	0.01304	0.01449	0.01014	0.01014	0.01449	0.01304	0.01884	0.02173	0.03188	0.02029	0.06086	0.68268	0.01304	0.02173	0.00869	0.00435	0.00724
5	0.01863	0.02105	0.04569	0.03290	0.04067	0.01973	0.59912	0.02516	0.01895	0.02569	0.01802	0.06094	0.01466	0.00790	0.00962	0.00277	0.01317	0.01034	0.00430	0.01070
6	0.01658	0.12150	0.54874	0.02108	0.03173	0.01964	0.02642	0.02478	0.01748	0.02539	0.06079	0.01978	0.01508	0.00826	0.00754	0.00247	0.01100	0.00642	0.00383	0.01149
7	0.00989	0.00706	0.00942	0.01130	0.01177	0.00659	0.00753	0.01130	0.01554	0.02071	0.04472	0.70954	0.05367	0.02542	0.01036	0.00330	0.00471	0.02307	0.00753	0.00659
8	0.01677	0.01694	0.02920	0.02336	0.02620	0.02016	0.20483	0.02035	0.01463	0.02135	0.01495	0.02225	0.01336	0.02263	0.17156	0.00547	0.33472	0.00822	0.00390	0.00914
9	0.77215	0.01569	0.01193	0.01067	0.01569	0.01820	0.00879	0.02385	0.01381	0.03641	0.01130	0.01318	0.00879	0.00753	0.00502	0.00251	0.00628	0.00439	0.00502	0.00879
10	0.01241	0.00853	0.01095	0.01021	0.01239	0.00777	0.00770	0.01604	0.02256	0.05964	0.57812	0.06080	0.12883	0.01667	0.00951	0.00257	0.00399	0.01462	0.00885	0.00785
11	0.01869	0.02098	0.04503	0.11416	0.04404	0.02022	0.56071	0.02536	0.01880	0.02536	0.01617	0.02186	0.01213	0.00699	0.00940	0.00273	0.01333	0.00929	0.00404	0.01071
12	0.03075	0.02548	0.02412	0.01905	0.02515	0.13839	0.01547	0.53295	0.03554	0.04575	0.01829	0.01865	0.01322	0.00950	0.00798	0.00238	0.00991	0.00695	0.00744	0.01304
13	0.02169	0.71972	0.04252	0.01388	0.02083	0.03211	0.01388	0.02430	0.01649	0.01909	0.01128	0.01302	0.01041	0.00694	0.00521	0.00174	0.00868	0.00434	0.00347	0.01041
14	0.01063	0.00826	0.00967	0.00931	0.01160	0.00729	0.00699	0.01366	0.02096	0.02776	0.40007	0.06847	0.33941	0.01837	0.00958	0.00264	0.00395	0.01578	0.00830	0.00729
15	0.01159	0.00869	0.01304	0.01304	0.01449	0.01014	0.01014	0.01449	0.01304	0.01884	0.02173	0.03188	0.02029	0.06086	0.68268	0.01304	0.02173	0.00869	0.00435	0.00724
16	0.03074	0.02597	0.02408	0.01912	0.02515	0.15890	0.01547	0.51408	0.03507	0.04477	0.01807	0.01849	0.01312	0.00946	0.00795	0.00236	0.01009	0.00688	0.00732	0.01291
17	0.01966	0.46523	0.27918	0.01735	0.02619	0.02713	0.01993	0.02482	0.01673	0.02157	0.01251	0.01456	0.01036	0.00723	0.00615	0.00205	0.00992	0.00496	0.00345	0.01101
18	0.00989	0.00706	0.00942	0.01130	0.01177	0.00659	0.00753	0.01130	0.01554	0.02071	0.04472	0.70954	0.05367	0.02542	0.01036	0.00330	0.00471	0.02307	0.00753	0.00659
19	0.04541	0.01918	0.07766	0.32809	0.04416	0.01947	0.21059	0.02412	0.05577	0.02403	0.01581	0.02133	0.01201	0.00827	0.00973	0.00276	0.05963	0.00786	0.00408	0.01004
20	0.01902	0.02015	0.03276	0.10847	0.06619	0.06228	0.23616	0.02473	0.06225	0.02338	0.01511	0.02052	0.01238	0.00992	0.01490	0.00295	0.24650	0.00803	0.00416	0.01015
21	0.01171	0.00813	0.01018	0.01011	0.01072	0.00843	0.00661	0.01293	0.01347	0.01858	0.10129	0.04847	0.03279	0.45982	0.20475	0.00857	0.01100	0.01134	0.00525	0.00586
22	0.01722	0.10032	0.02654	0.56403	0.04943	0.02025	0.02097	0.06570	0.01784	0.02273	0.01441	0.02044	0.01098	0.00809	0.00776	0.00257	0.01042	0.00687	0.00392	0.00953
23	0.02008	0.01928	0.03294	0.04981	0.66422	0.01928	0.02490	0.02490	0.01848	0.02651	0.01526	0.02008	0.01285	0.00723	0.00803	0.00241	0.00964	0.00723	0.00402	0.01285

[dist]
# distance from previous block
# <min> <max>
0	5

# created by:
# /st0/software/busco_prod/Augustus/scripts/msa2prfl.pl ./align_prep/133805.fa
