[name]
unknown

[dist]
# distance from previous block
# <min> <max>
0	3

[block]
# block no. 0 follows, 25 sequences, length 76
# corresponding to MSA columns:
# 3-78
name=unknown_A
#
# <colnr> <probs for GDERKNQSTAVLIFYWHMCP>
#	G	D	E	R	K	N	Q	S	T	A	V	L	I	F	Y	W	H	M	C	P
0	0.04653	0.01348	0.02118	0.20933	0.07735	0.01589	0.06707	0.01815	0.01458	0.02072	0.02003	0.06219	0.04427	0.05380	0.11291	0.00447	0.15053	0.03500	0.00423	0.00830
1	0.01871	0.01925	0.02763	0.29983	0.31877	0.11000	0.04982	0.02327	0.01743	0.02230	0.01397	0.01914	0.01119	0.00737	0.00768	0.00238	0.01047	0.00674	0.00371	0.01033
2	0.02875	0.02322	0.02311	0.04891	0.02534	0.10545	0.01507	0.54941	0.03376	0.04394	0.01759	0.01814	0.01267	0.00908	0.00766	0.00230	0.00927	0.00674	0.00711	0.01247
3	0.01822	0.02077	0.08844	0.06733	0.29832	0.07332	0.14445	0.02390	0.04355	0.02466	0.04996	0.02623	0.04065	0.00869	0.00815	0.00245	0.00995	0.03578	0.00445	0.01072
4	0.02541	0.02882	0.02143	0.10551	0.02696	0.42138	0.01528	0.09023	0.14242	0.02441	0.01649	0.01805	0.01288	0.00856	0.00733	0.00222	0.01155	0.00612	0.00501	0.00995
5	0.00951	0.00741	0.00853	0.00918	0.01078	0.00655	0.00647	0.01129	0.01666	0.02109	0.11098	0.32551	0.35677	0.04950	0.01066	0.00301	0.00427	0.01819	0.00721	0.00644
6	0.05645	0.01734	0.02878	0.20596	0.44229	0.01833	0.04894	0.04515	0.01760	0.02526	0.01439	0.01928	0.01162	0.00720	0.00762	0.00239	0.00947	0.00687	0.00393	0.01114
7	0.07286	0.03733	0.01542	0.03897	0.01687	0.01226	0.03533	0.04243	0.01394	0.02082	0.01923	0.02806	0.01767	0.07626	0.50563	0.00987	0.01735	0.00789	0.00431	0.00752
8	0.01004	0.00750	0.00912	0.00982	0.01116	0.00686	0.00699	0.01199	0.01671	0.02182	0.15947	0.31364	0.22475	0.09312	0.01264	0.00336	0.00470	0.06271	0.00717	0.00644
9	0.00960	0.00686	0.00917	0.01097	0.01149	0.00643	0.00746	0.01106	0.01499	0.01996	0.04265	0.69079	0.05095	0.02415	0.00994	0.00317	0.00463	0.05220	0.00719	0.00634
10	0.08947	0.02398	0.04401	0.04688	0.02485	0.13509	0.01501	0.45082	0.03060	0.04071	0.01652	0.01737	0.01203	0.00879	0.00738	0.00229	0.00941	0.00638	0.00656	0.01185
11	0.00948	0.00695	0.00880	0.01025	0.01101	0.00639	0.00689	0.01087	0.01513	0.01977	0.04744	0.59509	0.14578	0.05326	0.01103	0.00325	0.00454	0.02072	0.00709	0.00627
12	0.01104	0.00797	0.01046	0.00996	0.01178	0.00739	0.00755	0.01470	0.02176	0.03074	0.64664	0.05924	0.07188	0.01610	0.00922	0.00249	0.00381	0.04149	0.00847	0.00731
13	0.01608	0.01378	0.01608	0.01148	0.01837	0.01034	0.00919	0.01952	0.01608	0.02527	0.01378	0.01608	0.01148	0.00574	0.00574	0.00115	0.00574	0.00459	0.00459	0.77491
14	0.78228	0.01499	0.01140	0.01020	0.01499	0.01739	0.00840	0.02279	0.01320	0.03479	0.01080	0.01260	0.00840	0.00720	0.00480	0.00240	0.00600	0.00420	0.00480	0.00840
15	0.01919	0.01842	0.03147	0.04759	0.67914	0.01842	0.02380	0.02380	0.01765	0.02533	0.01458	0.01919	0.01228	0.00691	0.00768	0.00230	0.00921	0.00691	0.00384	0.01228
16	0.01639	0.01534	0.02553	0.54131	0.07016	0.01831	0.07596	0.07023	0.01731	0.02268	0.01419	0.02031	0.01075	0.00800	0.00867	0.00259	0.04207	0.00709	0.00384	0.00926
17	0.01624	0.01509	0.02522	0.59040	0.04975	0.01802	0.07591	0.07473	0.01755	0.02275	0.01436	0.02052	0.01071	0.00778	0.00787	0.00256	0.01042	0.00710	0.00386	0.00917
18	0.01021	0.00713	0.00871	0.00965	0.01002	0.00683	0.00607	0.01102	0.01347	0.01783	0.03675	0.40421	0.07286	0.32314	0.02244	0.00498	0.00575	0.01718	0.00613	0.00563
19	0.78228	0.01499	0.01140	0.01020	0.01499	0.01739	0.00840	0.02279	0.01320	0.03479	0.01080	0.01260	0.00840	0.00720	0.00480	0.00240	0.00600	0.00420	0.00480	0.00840
20	0.05444	0.01330	0.01481	0.01284	0.01703	0.01362	0.01004	0.05452	0.25926	0.10591	0.13621	0.06347	0.10239	0.01208	0.00791	0.00240	0.00553	0.01011	0.00756	0.09657
21	0.01108	0.00831	0.01246	0.01246	0.01385	0.00969	0.00969	0.01385	0.01246	0.01800	0.02077	0.03046	0.01938	0.05815	0.69678	0.01246	0.02077	0.00831	0.00415	0.00692
22	0.01464	0.01378	0.02326	0.70887	0.05340	0.01723	0.02153	0.01981	0.01550	0.01981	0.01378	0.02067	0.01034	0.00775	0.00775	0.00258	0.01034	0.00689	0.00345	0.00861
23	0.01128	0.00752	0.00846	0.00846	0.00846	0.00752	0.00470	0.01128	0.01128	0.01503	0.02443	0.05074	0.02819	0.72751	0.03946	0.00752	0.00752	0.01128	0.00470	0.00470
24	0.00945	0.00675	0.00900	0.01080	0.01125	0.00630	0.00720	0.01080	0.01484	0.01979	0.04274	0.72245	0.05128	0.02429	0.00990	0.00315	0.00450	0.02204	0.00720	0.00630
25	0.01608	0.01378	0.01608	0.01148	0.01837	0.01034	0.00919	0.01952	0.01608	0.02527	0.01378	0.01608	0.01148	0.00574	0.00574	0.00115	0.00574	0.00459	0.00459	0.77491
26	0.00984	0.00773	0.00858	0.00861	0.01055	0.00681	0.00619	0.01189	0.01762	0.02240	0.20121	0.12664	0.41085	0.10134	0.01274	0.00319	0.00434	0.01577	0.00721	0.00648
27	0.01128	0.00752	0.00846	0.00846	0.00846	0.00752	0.00470	0.01128	0.01128	0.01503	0.02443	0.05074	0.02819	0.72751	0.03946	0.00752	0.00752	0.01128	0.00470	0.00470
28	0.01128	0.00752	0.00846	0.00846	0.00846	0.00752	0.00470	0.01128	0.01128	0.01503	0.02443	0.05074	0.02819	0.72751	0.03946	0.00752	0.00752	0.01128	0.00470	0.00470
29	0.04503	0.00757	0.00755	0.00747	0.00940	0.00764	0.00563	0.01809	0.01642	0.02925	0.05678	0.02969	0.02204	0.00930	0.00558	0.00186	0.00371	0.00744	0.70227	0.00728
30	0.00920	0.00770	0.00801	0.00825	0.01058	0.00651	0.00607	0.01108	0.01729	0.02079	0.07369	0.16252	0.59123	0.02027	0.00926	0.00269	0.00400	0.01713	0.00720	0.00651
31	0.78228	0.01499	0.01140	0.01020	0.01499	0.01739	0.00840	0.02279	0.01320	0.03479	0.01080	0.01260	0.00840	0.00720	0.00480	0.00240	0.00600	0.00420	0.00480	0.00840
32	0.78228	0.01499	0.01140	0.01020	0.01499	0.01739	0.00840	0.02279	0.01320	0.03479	0.01080	0.01260	0.00840	0.00720	0.00480	0.00240	0.00600	0.00420	0.00480	0.00840
33	0.01194	0.00813	0.01051	0.00979	0.01174	0.00747	0.00731	0.01533	0.02129	0.05786	0.59423	0.05686	0.09143	0.04943	0.01052	0.00268	0.00398	0.01371	0.00835	0.00741
34	0.01234	0.00887	0.01227	0.01398	0.01580	0.00881	0.01218	0.01583	0.01784	0.02310	0.04283	0.08685	0.07453	0.02133	0.01064	0.00352	0.00699	0.59803	0.00714	0.00711
35	0.01555	0.04011	0.68733	0.02210	0.03356	0.01801	0.02865	0.02455	0.01637	0.02455	0.01391	0.01637	0.00982	0.00737	0.00737	0.00246	0.01146	0.00573	0.00327	0.01146
36	0.01347	0.00673	0.01010	0.01010	0.01010	0.00673	0.00673	0.01010	0.01010	0.01347	0.01347	0.02357	0.01347	0.02694	0.03030	0.77441	0.00673	0.00673	0.00337	0.00337
37	0.00968	0.00791	0.00858	0.00852	0.01094	0.00681	0.00646	0.01207	0.01859	0.02319	0.20368	0.07160	0.52213	0.01891	0.00922	0.00262	0.00400	0.04087	0.00748	0.00673
38	0.01249	0.00892	0.01249	0.01428	0.01606	0.00892	0.01249	0.01606	0.01785	0.02320	0.04105	0.08746	0.04462	0.02142	0.01071	0.00357	0.00714	0.62695	0.00714	0.00714
39	0.00916	0.00785	0.00785	0.00785	0.01047	0.00655	0.00589	0.01113	0.01767	0.02095	0.07855	0.07462	0.67599	0.01964	0.00916	0.00262	0.00393	0.01636	0.00720	0.00655
40	0.02896	0.03695	0.02197	0.01998	0.02397	0.69638	0.01498	0.03096	0.02197	0.01898	0.01199	0.01398	0.00999	0.00799	0.00699	0.00200	0.01398	0.00499	0.00400	0.00899
41	0.01097	0.00793	0.01036	0.00975	0.01158	0.00732	0.00732	0.01463	0.02195	0.03109	0.67505	0.05792	0.07316	0.01585	0.00914	0.00244	0.00366	0.01402	0.00854	0.00732
42	0.01464	0.01378	0.02326	0.70887	0.05340	0.01723	0.02153	0.01981	0.01550	0.01981	0.01378	0.02067	0.01034	0.00775	0.00775	0.00258	0.01034	0.00689	0.00345	0.00861
43	0.00939	0.00791	0.00817	0.00822	0.01077	0.00669	0.00625	0.01150	0.01787	0.02149	0.10269	0.07447	0.62161	0.01955	0.00923	0.00265	0.00406	0.04362	0.00726	0.00661
44	0.78228	0.01499	0.01140	0.01020	0.01499	0.01739	0.00840	0.02279	0.01320	0.03479	0.01080	0.01260	0.00840	0.00720	0.00480	0.00240	0.00600	0.00420	0.00480	0.00840
45	0.01769	0.01706	0.02919	0.24450	0.43738	0.01835	0.04643	0.02241	0.01677	0.02335	0.01419	0.01960	0.01158	0.00745	0.00856	0.00245	0.04143	0.00698	0.00370	0.01094
46	0.01555	0.04011	0.68733	0.02210	0.03356	0.01801	0.02865	0.02455	0.01637	0.02455	0.01391	0.01637	0.00982	0.00737	0.00737	0.00246	0.01146	0.00573	0.00327	0.01146
47	0.01929	0.01666	0.01753	0.01578	0.02016	0.01929	0.01227	0.04120	0.66513	0.03243	0.03156	0.02893	0.02367	0.01052	0.00789	0.00263	0.00614	0.00877	0.00789	0.01227
48	0.01128	0.00752	0.00846	0.00846	0.00846	0.00752	0.00470	0.01128	0.01128	0.01503	0.02443	0.05074	0.02819	0.72751	0.03946	0.00752	0.00752	0.01128	0.00470	0.00470
49	0.01108	0.00831	0.01246	0.01246	0.01385	0.00969	0.00969	0.01385	0.01246	0.01800	0.02077	0.03046	0.01938	0.05815	0.69678	0.01246	0.02077	0.00831	0.00415	0.00692
50	0.02073	0.73217	0.04063	0.01327	0.01990	0.03068	0.01327	0.02322	0.01575	0.01824	0.01078	0.01244	0.00995	0.00663	0.00498	0.00166	0.00829	0.00415	0.00332	0.00995
51	0.01097	0.00793	0.01036	0.00975	0.01158	0.00732	0.00732	0.01463	0.02195	0.03109	0.67505	0.05792	0.07316	0.01585	0.00914	0.00244	0.00366	0.01402	0.00854	0.00732
52	0.01108	0.00831	0.01246	0.01246	0.01385	0.00969	0.00969	0.01385	0.01246	0.01800	0.02077	0.03046	0.01938	0.05815	0.69678	0.01246	0.02077	0.00831	0.00415	0.00692
53	0.01464	0.01378	0.02326	0.70887	0.05340	0.01723	0.02153	0.01981	0.01550	0.01981	0.01378	0.02067	0.01034	0.00775	0.00775	0.00258	0.01034	0.00689	0.00345	0.00861
54	0.01464	0.01378	0.02326	0.70887	0.05340	0.01723	0.02153	0.01981	0.01550	0.01981	0.01378	0.02067	0.01034	0.00775	0.00775	0.00258	0.01034	0.00689	0.00345	0.00861
55	0.01919	0.01842	0.03147	0.04759	0.67914	0.01842	0.02380	0.02380	0.01765	0.02533	0.01458	0.01919	0.01228	0.00691	0.00768	0.00230	0.00921	0.00691	0.00384	0.01228
56	0.01709	0.01772	0.03442	0.29215	0.17032	0.01847	0.28948	0.02273	0.01711	0.02303	0.01475	0.02049	0.01132	0.00707	0.00833	0.00254	0.01128	0.00785	0.00372	0.01011
57	0.02947	0.02172	0.02327	0.01784	0.02404	0.02404	0.01474	0.65329	0.03646	0.04887	0.01862	0.01862	0.01319	0.00931	0.00776	0.00233	0.00853	0.00698	0.00776	0.01319
58	0.01555	0.04011	0.68733	0.02210	0.03356	0.01801	0.02865	0.02455	0.01637	0.02455	0.01391	0.01637	0.00982	0.00737	0.00737	0.00246	0.01146	0.00573	0.00327	0.01146
59	0.01464	0.01378	0.02326	0.70887	0.05340	0.01723	0.02153	0.01981	0.01550	0.01981	0.01378	0.02067	0.01034	0.00775	0.00775	0.00258	0.01034	0.00689	0.00345	0.00861
60	0.01918	0.06430	0.48254	0.02149	0.03134	0.05131	0.08087	0.02656	0.01755	0.10963	0.01601	0.01779	0.01123	0.00758	0.00746	0.00241	0.01096	0.00620	0.00419	0.01141
61	0.01108	0.00831	0.01246	0.01246	0.01385	0.00969	0.00969	0.01385	0.01246	0.01800	0.02077	0.03046	0.01938	0.05815	0.69678	0.01246	0.02077	0.00831	0.00415	0.00692
62	0.01791	0.02366	0.13738	0.03117	0.03953	0.01938	0.56210	0.02480	0.01802	0.02480	0.01543	0.02027	0.01149	0.00665	0.00890	0.00259	0.01284	0.00866	0.00383	0.01060
63	0.05661	0.01982	0.04023	0.06132	0.12635	0.01940	0.48061	0.02413	0.01758	0.02494	0.01498	0.02009	0.01154	0.00696	0.00934	0.00259	0.04074	0.00840	0.00391	0.01045
64	0.01860	0.01782	0.03041	0.13344	0.59790	0.01827	0.02350	0.02328	0.01738	0.02461	0.01448	0.01938	0.01203	0.00702	0.00769	0.00234	0.00936	0.00691	0.00379	0.01181
65	0.01187	0.00928	0.00992	0.00961	0.01248	0.00859	0.00735	0.01666	0.10487	0.05249	0.08910	0.08922	0.49020	0.01806	0.00902	0.00266	0.00448	0.03905	0.00745	0.00765
66	0.02222	0.02462	0.28385	0.01800	0.02569	0.01568	0.04488	0.06122	0.10418	0.22478	0.07629	0.02475	0.01993	0.00921	0.00780	0.00246	0.00859	0.00764	0.00645	0.01179
67	0.01991	0.48248	0.20688	0.01593	0.02347	0.02609	0.01735	0.02408	0.01605	0.05312	0.01255	0.01437	0.01039	0.00730	0.00671	0.00198	0.04243	0.00486	0.00362	0.01043
68	0.67953	0.04937	0.07321	0.01140	0.01688	0.01804	0.01043	0.02297	0.01359	0.03313	0.01107	0.01293	0.00859	0.00719	0.00504	0.00237	0.00659	0.00433	0.00460	0.00874
69	0.01117	0.00847	0.01171	0.04677	0.01485	0.00833	0.03192	0.04385	0.01590	0.02110	0.03879	0.55361	0.06383	0.07633	0.01192	0.00338	0.00553	0.01904	0.00672	0.00680
70	0.01189	0.00901	0.01054	0.01087	0.04321	0.00815	0.00758	0.01524	0.04763	0.05658	0.21148	0.06249	0.40934	0.04912	0.01033	0.00277	0.00451	0.01436	0.00740	0.00750
71	0.05100	0.01490	0.07538	0.04454	0.01867	0.04578	0.01199	0.04764	0.05252	0.10287	0.30955	0.06782	0.04248	0.01312	0.00925	0.00254	0.04176	0.03202	0.00713	0.00905
72	0.01348	0.01327	0.04595	0.01505	0.01767	0.04376	0.07083	0.01791	0.07527	0.02247	0.06536	0.35417	0.06295	0.01740	0.01049	0.00286	0.06629	0.03744	0.00625	0.04114
73	0.05978	0.13393	0.02253	0.01526	0.02057	0.13985	0.03882	0.02736	0.11812	0.08566	0.04656	0.01999	0.01612	0.00823	0.00735	0.00199	0.03423	0.00621	0.00537	0.19206
74	0.05449	0.17299	0.22645	0.01932	0.02701	0.07411	0.11110	0.07854	0.01904	0.05429	0.04397	0.01834	0.01370	0.00770	0.00704	0.00220	0.00990	0.00629	0.00446	0.04907
75	0.05802	0.01672	0.04552	0.01509	0.04842	0.01483	0.01201	0.19187	0.02233	0.06232	0.07484	0.02094	0.01762	0.00797	0.00679	0.00180	0.00675	0.00635	0.00595	0.36387

[dist]
# distance from previous block
# <min> <max>
0	5

# created by:
# /st0/software/busco_prod/Augustus/scripts/msa2prfl.pl ./align_prep/133855.fa
