[name]
unknown

[dist]
# distance from previous block
# <min> <max>
0	33

[block]
# block no. 0 follows, 26 sequences, length 41
# corresponding to MSA columns:
# 33-73
name=unknown_A
#
# <colnr> <probs for GDERKNQSTAVLIFYWHMCP>
#	G	D	E	R	K	N	Q	S	T	A	V	L	I	F	Y	W	H	M	C	P
0	0.01222	0.00873	0.01222	0.01397	0.01572	0.00873	0.01222	0.01572	0.01746	0.02270	0.04016	0.08556	0.04365	0.02095	0.01048	0.00349	0.00698	0.63506	0.00698	0.00698
1	0.01318	0.00659	0.00988	0.00988	0.00988	0.00659	0.00659	0.00988	0.00988	0.01318	0.01318	0.02306	0.01318	0.02635	0.02964	0.77931	0.00659	0.00659	0.00329	0.00329
2	0.01573	0.01348	0.01573	0.01123	0.01798	0.01011	0.00899	0.01910	0.01573	0.02472	0.01348	0.01573	0.01123	0.00562	0.00562	0.00112	0.00562	0.00449	0.00449	0.77980
3	0.01052	0.00775	0.00990	0.00981	0.01160	0.00713	0.00747	0.01367	0.01992	0.02734	0.47925	0.11442	0.15457	0.01724	0.00916	0.00258	0.00403	0.07875	0.00792	0.00695
4	0.01001	0.00723	0.00949	0.01018	0.01126	0.00681	0.00722	0.01226	0.01702	0.02328	0.27361	0.38121	0.08165	0.04726	0.04153	0.00338	0.00498	0.03779	0.00729	0.00653
5	0.01308	0.00662	0.00981	0.00981	0.00981	0.00662	0.00650	0.00993	0.00993	0.01324	0.01364	0.02421	0.01380	0.05702	0.03003	0.74583	0.00662	0.00678	0.00335	0.00335
6	0.01885	0.01480	0.01618	0.01473	0.01879	0.01656	0.01163	0.03597	0.51944	0.08201	0.03417	0.03635	0.05954	0.01179	0.00806	0.00265	0.00603	0.07347	0.00774	0.01127
7	0.03266	0.01358	0.01787	0.01376	0.01950	0.01228	0.01134	0.10046	0.02314	0.60127	0.05216	0.02614	0.02007	0.00958	0.00767	0.00234	0.00655	0.00776	0.00917	0.01270
8	0.01356	0.00853	0.01171	0.01282	0.01457	0.00824	0.01047	0.01629	0.01688	0.08795	0.03901	0.24890	0.04235	0.04557	0.01097	0.00340	0.00626	0.38809	0.00715	0.00727
9	0.01432	0.01348	0.02275	0.71520	0.05224	0.01685	0.02107	0.01938	0.01517	0.01938	0.01348	0.02022	0.01011	0.00758	0.00758	0.00253	0.01011	0.00674	0.00337	0.00843
10	0.02002	0.01642	0.01747	0.01546	0.01991	0.01879	0.01210	0.07307	0.61177	0.05983	0.03016	0.02766	0.02243	0.01019	0.00771	0.00255	0.00615	0.00844	0.00778	0.01209
11	0.01084	0.00813	0.01219	0.01219	0.01354	0.00948	0.00948	0.01354	0.01219	0.01761	0.02032	0.02980	0.01896	0.05689	0.70337	0.01219	0.02032	0.00813	0.00406	0.00677
12	0.07353	0.01300	0.01726	0.01331	0.01912	0.01146	0.01099	0.03620	0.02125	0.65689	0.02891	0.02511	0.01822	0.00926	0.00747	0.00235	0.00642	0.00744	0.00914	0.01266
13	0.01573	0.01348	0.01573	0.01123	0.01798	0.01011	0.00899	0.01910	0.01573	0.02472	0.01348	0.01573	0.01123	0.00562	0.00562	0.00112	0.00562	0.00449	0.00449	0.77980
14	0.01084	0.00813	0.01219	0.01219	0.01354	0.00948	0.00948	0.01354	0.01219	0.01761	0.02032	0.02980	0.01896	0.05689	0.70337	0.01219	0.02032	0.00813	0.00406	0.00677
15	0.01047	0.00774	0.00977	0.00926	0.01117	0.00704	0.00695	0.01379	0.02084	0.02891	0.59029	0.05914	0.16434	0.01607	0.00895	0.00241	0.00362	0.01406	0.00815	0.00704
16	0.01887	0.01629	0.01715	0.01544	0.01972	0.01887	0.01201	0.04031	0.67241	0.03173	0.03087	0.02830	0.02315	0.01029	0.00772	0.00257	0.00600	0.00858	0.00772	0.01201
17	0.01103	0.00735	0.00827	0.00827	0.00827	0.00735	0.00460	0.01103	0.01103	0.01471	0.02390	0.04964	0.02758	0.73343	0.03861	0.00735	0.00735	0.01103	0.00460	0.00460
18	0.01573	0.01348	0.01573	0.01123	0.01798	0.01011	0.00899	0.01910	0.01573	0.02472	0.01348	0.01573	0.01123	0.00562	0.00562	0.00112	0.00562	0.00449	0.00449	0.77980
19	0.01074	0.00775	0.01014	0.00954	0.01133	0.00716	0.00716	0.01431	0.02147	0.03042	0.68211	0.05666	0.07157	0.01551	0.00895	0.00239	0.00358	0.01372	0.00835	0.00716
20	0.03403	0.01291	0.01760	0.01350	0.01936	0.01115	0.01115	0.03697	0.02171	0.69137	0.02992	0.02582	0.01878	0.00939	0.00763	0.00235	0.00645	0.00763	0.00939	0.01291
21	0.01077	0.00724	0.00835	0.00861	0.00867	0.00718	0.00495	0.01096	0.01154	0.01539	0.02651	0.14865	0.03087	0.62992	0.03439	0.00673	0.00692	0.01257	0.00495	0.00482
22	0.01080	0.00779	0.01022	0.00972	0.01151	0.00722	0.00736	0.01437	0.02131	0.03011	0.65628	0.05782	0.07045	0.01573	0.00901	0.00243	0.00372	0.03872	0.00829	0.00715
23	0.01074	0.00775	0.01014	0.00954	0.01133	0.00716	0.00716	0.01431	0.02147	0.03042	0.68211	0.05666	0.07157	0.01551	0.00895	0.00239	0.00358	0.01372	0.00835	0.00716
24	0.78701	0.01467	0.01115	0.00997	0.01467	0.01702	0.00821	0.02230	0.01291	0.03403	0.01056	0.01232	0.00821	0.00704	0.00469	0.00235	0.00587	0.00411	0.00469	0.00821
25	0.03320	0.01309	0.01758	0.01360	0.01938	0.01157	0.01120	0.03715	0.05718	0.65541	0.02998	0.02595	0.01901	0.00944	0.00763	0.00236	0.00643	0.00768	0.00930	0.01286
26	0.01074	0.00775	0.01014	0.00954	0.01133	0.00716	0.00716	0.01431	0.02147	0.03042	0.68211	0.05666	0.07157	0.01551	0.00895	0.00239	0.00358	0.01372	0.00835	0.00716
27	0.78701	0.01467	0.01115	0.00997	0.01467	0.01702	0.00821	0.02230	0.01291	0.03403	0.01056	0.01232	0.00821	0.00704	0.00469	0.00235	0.00587	0.00411	0.00469	0.00821
28	0.01084	0.00813	0.01219	0.01219	0.01354	0.00948	0.00948	0.01354	0.01219	0.01761	0.02032	0.02980	0.01896	0.05689	0.70337	0.01219	0.02032	0.00813	0.00406	0.00677
29	0.01809	0.01918	0.02416	0.02051	0.02139	0.10569	0.05040	0.02004	0.01315	0.01861	0.01046	0.01645	0.01002	0.01225	0.02185	0.00311	0.59623	0.00655	0.00342	0.00846
30	0.00924	0.00660	0.00880	0.01056	0.01100	0.00616	0.00704	0.01056	0.01452	0.01936	0.04181	0.72848	0.05017	0.02376	0.00968	0.00308	0.00440	0.02156	0.00704	0.00616
31	0.01521	0.03923	0.69413	0.02162	0.03283	0.01762	0.02802	0.02402	0.01601	0.02402	0.01361	0.01601	0.00961	0.00721	0.00721	0.00240	0.01121	0.00560	0.00320	0.01121
32	0.01318	0.00659	0.00988	0.00988	0.00988	0.00659	0.00659	0.00988	0.00988	0.01318	0.01318	0.02306	0.01318	0.02635	0.02964	0.77931	0.00659	0.00659	0.00329	0.00329
33	0.01103	0.00735	0.00827	0.00827	0.00827	0.00735	0.00460	0.01103	0.01103	0.01471	0.02390	0.04964	0.02758	0.73343	0.03861	0.00735	0.00735	0.01103	0.00460	0.00460
34	0.00917	0.00764	0.00801	0.00803	0.01040	0.00647	0.00598	0.01124	0.01760	0.02151	0.14094	0.10421	0.58465	0.01904	0.00900	0.00257	0.00384	0.01604	0.00719	0.00647
35	0.01455	0.01362	0.02247	0.67998	0.05060	0.01695	0.02061	0.02043	0.04825	0.02000	0.01436	0.02063	0.01077	0.00772	0.00759	0.00253	0.00990	0.00683	0.00359	0.00861
36	0.78701	0.01467	0.01115	0.00997	0.01467	0.01702	0.00821	0.02230	0.01291	0.03403	0.01056	0.01232	0.00821	0.00704	0.00469	0.00235	0.00587	0.00411	0.00469	0.00821
37	0.01927	0.09027	0.01935	0.01468	0.01950	0.01882	0.01176	0.03618	0.51226	0.05485	0.02695	0.02525	0.02038	0.00938	0.00720	0.00232	0.00620	0.00765	0.00699	0.09072
38	0.01682	0.01360	0.01590	0.01157	0.01814	0.01062	0.00926	0.02112	0.05043	0.05888	0.01523	0.01690	0.01224	0.00605	0.00583	0.00126	0.00568	0.00487	0.00491	0.70070
39	0.02016	0.01820	0.02438	0.03208	0.38895	0.08926	0.01778	0.05815	0.05349	0.07326	0.05484	0.02520	0.06756	0.00873	0.00758	0.00224	0.00835	0.00771	0.00510	0.03698
40	0.02125	0.01491	0.01754	0.03869	0.02052	0.01374	0.01103	0.11915	0.11234	0.14581	0.01951	0.01980	0.01444	0.00752	0.00663	0.00176	0.00638	0.00604	0.00622	0.39672

[dist]
# distance from previous block
# <min> <max>
1	3

[block]
# block no. 1 follows, 26 sequences, length 36
# corresponding to MSA columns:
# 77-112
name=unknown_B
#
# <colnr> <probs for GDERKNQSTAVLIFYWHMCP>
#	G	D	E	R	K	N	Q	S	T	A	V	L	I	F	Y	W	H	M	C	P
0	0.01553	0.08343	0.65275	0.02107	0.03198	0.01840	0.02707	0.02394	0.01598	0.02363	0.01342	0.01577	0.00962	0.00716	0.00706	0.00235	0.01101	0.00551	0.00321	0.01112
1	0.01555	0.06777	0.63673	0.02173	0.03258	0.01821	0.05640	0.02398	0.01608	0.02377	0.01356	0.01606	0.00970	0.00714	0.00719	0.00238	0.01115	0.00569	0.00323	0.01110
2	0.01612	0.01531	0.02578	0.38371	0.33775	0.01696	0.02145	0.02080	0.01621	0.02187	0.01639	0.02169	0.03811	0.00768	0.00761	0.00240	0.00936	0.00712	0.00369	0.00997
3	0.51877	0.01700	0.01526	0.01262	0.01780	0.01932	0.01041	0.24820	0.02096	0.03890	0.01327	0.01441	0.00987	0.00777	0.00572	0.00232	0.00674	0.00507	0.00572	0.00987
4	0.00927	0.00770	0.00810	0.00800	0.01043	0.00653	0.00600	0.01147	0.01800	0.02218	0.17966	0.07022	0.57917	0.01858	0.00896	0.00253	0.00380	0.01562	0.00727	0.00653
5	0.01373	0.00950	0.01505	0.01368	0.01584	0.00882	0.10089	0.01598	0.01594	0.10049	0.07578	0.42738	0.03983	0.09468	0.01237	0.00333	0.00611	0.01646	0.00668	0.00745
6	0.01521	0.03923	0.69413	0.02162	0.03283	0.01762	0.02802	0.02402	0.01601	0.02402	0.01361	0.01601	0.00961	0.00721	0.00721	0.00240	0.01121	0.00560	0.00320	0.01121
7	0.01069	0.00861	0.01339	0.04225	0.04486	0.00826	0.06191	0.01289	0.01548	0.02085	0.08621	0.55901	0.04532	0.02030	0.00938	0.00293	0.00546	0.01867	0.00658	0.00692
8	0.01432	0.01348	0.02275	0.71520	0.05224	0.01685	0.02107	0.01938	0.01517	0.01938	0.01348	0.02022	0.01011	0.00758	0.00758	0.00253	0.01011	0.00674	0.00337	0.00843
9	0.01521	0.03923	0.69413	0.02162	0.03283	0.01762	0.02802	0.02402	0.01601	0.02402	0.01361	0.01601	0.00961	0.00721	0.00721	0.00240	0.01121	0.00560	0.00320	0.01121
10	0.01691	0.27349	0.47475	0.01872	0.02835	0.02177	0.02298	0.02358	0.01581	0.02195	0.01258	0.01472	0.00965	0.00697	0.00642	0.00214	0.01017	0.00509	0.00322	0.01072
11	0.01432	0.01348	0.02275	0.71520	0.05224	0.01685	0.02107	0.01938	0.01517	0.01938	0.01348	0.02022	0.01011	0.00758	0.00758	0.00253	0.01011	0.00674	0.00337	0.00843
12	0.01843	0.01768	0.03017	0.09766	0.63767	0.01793	0.02311	0.02298	0.01711	0.02437	0.01421	0.01888	0.01187	0.00682	0.00751	0.00227	0.00910	0.00676	0.00373	0.01174
13	0.00924	0.00660	0.00880	0.01056	0.01100	0.00616	0.00704	0.01056	0.01452	0.01936	0.04181	0.72848	0.05017	0.02376	0.00968	0.00308	0.00440	0.02156	0.00704	0.00616
14	0.01671	0.02660	0.28020	0.02621	0.03469	0.01816	0.35636	0.02498	0.06712	0.02460	0.01675	0.04225	0.01295	0.00755	0.00824	0.00252	0.01142	0.00810	0.00400	0.01059
15	0.01521	0.03923	0.69413	0.02162	0.03283	0.01762	0.02802	0.02402	0.01601	0.02402	0.01361	0.01601	0.00961	0.00721	0.00721	0.00240	0.01121	0.00560	0.00320	0.01121
16	0.06500	0.01644	0.03314	0.02493	0.03050	0.01562	0.44542	0.02055	0.01669	0.02362	0.02200	0.20620	0.02147	0.01100	0.00887	0.00268	0.01014	0.01196	0.00473	0.00903
17	0.02052	0.01250	0.04553	0.04342	0.01790	0.03122	0.01080	0.02461	0.04111	0.27278	0.29509	0.05961	0.04132	0.01258	0.00830	0.00244	0.00583	0.03671	0.00803	0.00969
18	0.78701	0.01467	0.01115	0.00997	0.01467	0.01702	0.00821	0.02230	0.01291	0.03403	0.01056	0.01232	0.00821	0.00704	0.00469	0.00235	0.00587	0.00411	0.00469	0.00821
19	0.01375	0.01208	0.01979	0.20078	0.10032	0.01279	0.07962	0.01825	0.03566	0.02199	0.02930	0.13130	0.05394	0.01443	0.00901	0.00290	0.00813	0.22228	0.00541	0.00826
20	0.02028	0.73799	0.03975	0.01298	0.01947	0.03001	0.01298	0.02271	0.01541	0.01785	0.01055	0.01217	0.00973	0.00649	0.00487	0.00162	0.00811	0.00406	0.00324	0.00973
21	0.17344	0.01889	0.01951	0.01538	0.02084	0.02095	0.01264	0.48584	0.03014	0.04375	0.07011	0.02017	0.01671	0.00922	0.00714	0.00230	0.00749	0.00686	0.00709	0.01154
22	0.01887	0.01629	0.01715	0.01544	0.01972	0.01887	0.01201	0.04031	0.67241	0.03173	0.03087	0.02830	0.02315	0.01029	0.00772	0.00257	0.00600	0.00858	0.00772	0.01201
23	0.01786	0.02145	0.09183	0.03386	0.15778	0.01885	0.49377	0.02409	0.01764	0.02436	0.01501	0.01981	0.01146	0.00652	0.00855	0.00249	0.01197	0.00829	0.00377	0.01063
24	0.01052	0.00759	0.00995	0.00969	0.01128	0.00701	0.00714	0.01377	0.02047	0.02883	0.59011	0.15319	0.06849	0.01669	0.00905	0.00249	0.00370	0.01484	0.00816	0.00701
25	0.01125	0.01254	0.10820	0.01244	0.01510	0.00933	0.01053	0.01610	0.09071	0.02204	0.06863	0.46482	0.09060	0.01911	0.00901	0.00285	0.00548	0.01700	0.00663	0.00762
26	0.02760	0.12423	0.02520	0.01681	0.02294	0.02445	0.01421	0.56914	0.03275	0.04350	0.01711	0.01734	0.01244	0.00873	0.00720	0.00218	0.00831	0.00643	0.00696	0.01244
27	0.00947	0.00682	0.00929	0.01080	0.01137	0.00664	0.00739	0.01099	0.01419	0.01911	0.03872	0.62809	0.04568	0.02852	0.10935	0.00439	0.00669	0.01963	0.00661	0.00625
28	0.02097	0.01729	0.02889	0.04181	0.59032	0.01703	0.02154	0.02525	0.01791	0.12056	0.01652	0.01979	0.01299	0.00714	0.00753	0.00227	0.00864	0.00688	0.00456	0.01214
29	0.01571	0.22105	0.42100	0.01772	0.02613	0.01928	0.02099	0.02174	0.01564	0.02170	0.01684	0.11736	0.01547	0.00939	0.00694	0.00229	0.00940	0.00748	0.00377	0.01009
30	0.01732	0.01654	0.02816	0.26474	0.47928	0.01764	0.02256	0.02201	0.01658	0.02302	0.01401	0.01925	0.01139	0.00703	0.00753	0.00234	0.00937	0.00675	0.00363	0.01084
31	0.01368	0.00871	0.01298	0.01263	0.01455	0.00802	0.05628	0.01587	0.01645	0.11726	0.08701	0.49791	0.04416	0.01966	0.00931	0.00290	0.00536	0.04248	0.00724	0.00754
32	0.01521	0.03923	0.69413	0.02162	0.03283	0.01762	0.02802	0.02402	0.01601	0.02402	0.01361	0.01601	0.00961	0.00721	0.00721	0.00240	0.01121	0.00560	0.00320	0.01121
33	0.01163	0.01193	0.10682	0.01019	0.01180	0.00883	0.00796	0.01290	0.01175	0.01605	0.02242	0.04481	0.02499	0.62909	0.03409	0.00664	0.00791	0.01025	0.00440	0.00555
34	0.01998	0.01550	0.01801	0.11575	0.02435	0.01768	0.01321	0.03691	0.50236	0.10661	0.02826	0.02685	0.02077	0.00980	0.00769	0.00254	0.00665	0.00820	0.00729	0.01160
35	0.01618	0.01389	0.01593	0.01184	0.01823	0.01137	0.00942	0.02215	0.11008	0.02572	0.01598	0.01753	0.01295	0.00629	0.00592	0.00133	0.00567	0.00508	0.00496	0.66948

[dist]
# distance from previous block
# <min> <max>
0	2

[block]
# block no. 2 follows, 26 sequences, length 12
# corresponding to MSA columns:
# 115-126
name=unknown_C
#
# <colnr> <probs for GDERKNQSTAVLIFYWHMCP>
#	G	D	E	R	K	N	Q	S	T	A	V	L	I	F	Y	W	H	M	C	P
0	0.01430	0.01296	0.02130	0.28734	0.24943	0.01410	0.01767	0.01808	0.01567	0.02116	0.02207	0.22789	0.02251	0.01207	0.00818	0.00260	0.00807	0.01110	0.00458	0.00895
1	0.03403	0.01291	0.01760	0.01350	0.01936	0.01115	0.01115	0.03697	0.02171	0.69137	0.02992	0.02582	0.01878	0.00939	0.00763	0.00235	0.00645	0.00763	0.00939	0.01291
2	0.02244	0.01034	0.01389	0.01153	0.01537	0.00916	0.00916	0.02570	0.02159	0.36262	0.35431	0.04116	0.04503	0.01243	0.00828	0.00237	0.00502	0.01066	0.00887	0.01005
3	0.00916	0.00692	0.00847	0.00972	0.01078	0.00623	0.00667	0.01066	0.01534	0.01969	0.05210	0.53585	0.23616	0.02243	0.00947	0.00293	0.00424	0.01993	0.00704	0.00623
4	0.02243	0.07172	0.16012	0.02752	0.21985	0.32566	0.01977	0.02654	0.01881	0.02144	0.01278	0.01556	0.01040	0.00731	0.00700	0.00211	0.01149	0.00553	0.00368	0.01028
5	0.01482	0.02129	0.22047	0.47651	0.07958	0.01714	0.02323	0.02095	0.01553	0.02103	0.01356	0.01891	0.01006	0.00743	0.00747	0.00248	0.01038	0.00641	0.00334	0.00943
6	0.02448	0.03706	0.21917	0.02015	0.02621	0.50157	0.01858	0.02845	0.01988	0.02017	0.01228	0.01436	0.00972	0.00764	0.00695	0.00209	0.01295	0.00510	0.00370	0.00950
7	0.01563	0.01482	0.02511	0.51870	0.23852	0.01720	0.02172	0.02053	0.01579	0.02097	0.01371	0.01980	0.01067	0.00734	0.00756	0.00245	0.00979	0.00675	0.00348	0.00948
8	0.02244	0.02109	0.01846	0.01463	0.02039	0.21552	0.01150	0.10555	0.02040	0.07456	0.01477	0.01618	0.01157	0.00698	0.00637	0.00160	0.00840	0.00514	0.00507	0.39936
9	0.01649	0.24111	0.41378	0.01866	0.02755	0.02051	0.05475	0.02288	0.01637	0.02273	0.06584	0.01834	0.01466	0.00761	0.00675	0.00218	0.00978	0.00597	0.00366	0.01040
10	0.01686	0.01830	0.08752	0.28393	0.40025	0.01757	0.02291	0.02195	0.01640	0.02278	0.01393	0.01904	0.01112	0.00709	0.00751	0.00236	0.00960	0.00665	0.00357	0.01066
11	0.02587	0.02075	0.02103	0.01699	0.02240	0.06596	0.01372	0.43781	0.22188	0.04119	0.02151	0.02088	0.01571	0.00937	0.00758	0.00234	0.00800	0.00722	0.00739	0.01237

[dist]
# distance from previous block
# <min> <max>
0	11

# created by:
# /st0/software/busco_prod/Augustus/scripts/msa2prfl.pl ./align_prep/134110.fa
