[name]
unknown

[dist]
# distance from previous block
# <min> <max>
77	370

[block]
# block no. 0 follows, 24 sequences, length 24
# corresponding to MSA columns:
# 493-516
name=unknown_A
#
# <colnr> <probs for GDERKNQSTAVLIFYWHMCP>
#	G	D	E	R	K	N	Q	S	T	A	V	L	I	F	Y	W	H	M	C	P
0	0.14159	0.06225	0.02052	0.06283	0.05091	0.11111	0.01359	0.11639	0.20816	0.07177	0.04860	0.02254	0.01802	0.00929	0.00728	0.00242	0.00816	0.00713	0.00638	0.01105
1	0.01853	0.01824	0.02871	0.15147	0.40723	0.05565	0.05208	0.02293	0.01750	0.02384	0.01673	0.05037	0.01496	0.00902	0.00922	0.00256	0.05174	0.03414	0.00413	0.01095
2	0.02023	0.01634	0.02078	0.05524	0.06091	0.01517	0.04446	0.12931	0.07739	0.06285	0.01755	0.01928	0.01354	0.00735	0.00693	0.00180	0.00728	0.00616	0.00566	0.41178
3	0.01905	0.07875	0.01891	0.01467	0.04575	0.01297	0.04234	0.06309	0.02035	0.14832	0.18001	0.11170	0.07015	0.03838	0.00934	0.00253	0.00632	0.01098	0.00709	0.09930
4	0.01958	0.01768	0.03044	0.18045	0.47014	0.01822	0.05773	0.02442	0.01792	0.06390	0.01579	0.02048	0.01255	0.00739	0.00796	0.00244	0.00972	0.00724	0.00420	0.01174
5	0.01983	0.01714	0.03089	0.06657	0.06720	0.01617	0.29273	0.02618	0.06488	0.10702	0.02014	0.04746	0.01565	0.00813	0.00822	0.00238	0.00967	0.00855	0.04384	0.12735
6	0.01915	0.01866	0.02960	0.13537	0.52274	0.05176	0.02300	0.02376	0.01798	0.02470	0.01599	0.02297	0.01378	0.00796	0.00798	0.00244	0.00972	0.03676	0.00404	0.01162
7	0.01605	0.01238	0.01604	0.05887	0.12603	0.01233	0.01193	0.02269	0.13801	0.08998	0.07888	0.07445	0.28168	0.01443	0.00868	0.00261	0.00601	0.01234	0.00700	0.00960
8	0.01644	0.01409	0.01644	0.01175	0.01879	0.01057	0.00940	0.01997	0.01644	0.02584	0.01409	0.01644	0.01175	0.00587	0.00587	0.00117	0.00587	0.00470	0.00470	0.76979
9	0.01599	0.01464	0.02379	0.65655	0.05261	0.01808	0.02156	0.06203	0.01729	0.02225	0.01442	0.02100	0.01077	0.00803	0.00793	0.00263	0.01045	0.00705	0.00382	0.00912
10	0.02943	0.01286	0.01763	0.01533	0.05070	0.01156	0.01180	0.03340	0.04495	0.49213	0.11968	0.03508	0.02873	0.01135	0.00835	0.00254	0.00648	0.04666	0.00916	0.01220
11	0.03558	0.01350	0.01840	0.01411	0.02024	0.01166	0.01166	0.03865	0.02270	0.67734	0.03128	0.02699	0.01963	0.00981	0.00797	0.00245	0.00675	0.00797	0.00981	0.01350
12	0.02037	0.01735	0.01829	0.01627	0.02087	0.02003	0.01271	0.07950	0.61911	0.03421	0.03146	0.02893	0.02354	0.01068	0.00806	0.00267	0.00643	0.00885	0.00806	0.01261
13	0.00939	0.00797	0.00810	0.00821	0.01076	0.00668	0.00610	0.01136	0.01791	0.02135	0.07821	0.11330	0.63301	0.02036	0.00942	0.00271	0.00405	0.01707	0.00736	0.00668
14	0.01498	0.01409	0.02378	0.70226	0.05462	0.01762	0.02202	0.02026	0.01586	0.02026	0.01409	0.02114	0.01057	0.00793	0.00793	0.00264	0.01057	0.00705	0.00352	0.00881
15	0.01122	0.00811	0.01060	0.00998	0.01185	0.00748	0.00748	0.01496	0.02245	0.03180	0.66766	0.05923	0.07482	0.01621	0.00935	0.00249	0.00374	0.01434	0.00873	0.00748
16	0.03014	0.02221	0.02380	0.01825	0.02459	0.02459	0.01507	0.64541	0.03728	0.04998	0.01904	0.01904	0.01349	0.00952	0.00793	0.00238	0.00873	0.00714	0.00793	0.01349
17	0.01498	0.01409	0.02378	0.70226	0.05462	0.01762	0.02202	0.02026	0.01586	0.02026	0.01409	0.02114	0.01057	0.00793	0.00793	0.00264	0.01057	0.00705	0.00352	0.00881
18	0.01840	0.01759	0.02996	0.22157	0.50857	0.01852	0.02372	0.02326	0.01747	0.02441	0.01470	0.02003	0.01203	0.00729	0.00787	0.00243	0.00972	0.00706	0.00382	0.01157
19	0.01963	0.01884	0.03219	0.04867	0.67185	0.01884	0.02434	0.02434	0.01806	0.02591	0.01492	0.01963	0.01256	0.00707	0.00785	0.00236	0.00942	0.00707	0.00393	0.01256
20	0.41637	0.01915	0.05363	0.01946	0.02585	0.01924	0.22381	0.08442	0.01770	0.03309	0.01364	0.01651	0.01029	0.00735	0.00681	0.00252	0.00906	0.00634	0.00483	0.00991
21	0.30500	0.01693	0.01733	0.01445	0.01944	0.01902	0.01178	0.15878	0.14400	0.14065	0.02003	0.01996	0.01452	0.00930	0.00805	0.00255	0.05362	0.00656	0.00684	0.01117
22	0.28829	0.01569	0.01674	0.08547	0.02216	0.01700	0.01186	0.16125	0.04353	0.10452	0.01940	0.08318	0.01600	0.00979	0.00691	0.00243	0.00708	0.00752	0.00629	0.07490
23	0.36549	0.01668	0.01614	0.01403	0.03834	0.04374	0.01093	0.14345	0.02073	0.11929	0.07487	0.02057	0.01733	0.00881	0.00653	0.00234	0.00690	0.00637	0.00639	0.06107

[dist]
# distance from previous block
# <min> <max>
3	13

[block]
# block no. 1 follows, 24 sequences, length 113
# corresponding to MSA columns:
# 530-642
name=unknown_B
#
# <colnr> <probs for GDERKNQSTAVLIFYWHMCP>
#	G	D	E	R	K	N	Q	S	T	A	V	L	I	F	Y	W	H	M	C	P
0	0.05301	0.01713	0.06025	0.20211	0.03131	0.01572	0.05081	0.08876	0.04516	0.04508	0.01581	0.01896	0.01211	0.00734	0.00705	0.00202	0.00828	0.00618	0.00489	0.30802
1	0.01791	0.07803	0.26397	0.05532	0.03471	0.01982	0.26337	0.05942	0.01880	0.02619	0.05366	0.02112	0.01490	0.00797	0.00873	0.00254	0.03075	0.00776	0.00420	0.01085
2	0.10378	0.02169	0.02028	0.01630	0.02164	0.11513	0.01307	0.39259	0.02909	0.03984	0.01766	0.01998	0.01363	0.04917	0.00911	0.00255	0.00878	0.00668	0.04443	0.05460
3	0.02668	0.01352	0.01696	0.01369	0.01863	0.01290	0.01103	0.10206	0.09018	0.35887	0.18937	0.03417	0.03305	0.01138	0.00827	0.00245	0.00615	0.00949	0.00901	0.03215
4	0.01130	0.00815	0.01070	0.01020	0.01206	0.00756	0.00773	0.01503	0.02225	0.03142	0.63798	0.06067	0.07344	0.01648	0.00943	0.00255	0.00391	0.04300	0.00866	0.00747
5	0.02224	0.01444	0.01693	0.01383	0.01809	0.01481	0.01108	0.26595	0.02831	0.13411	0.31920	0.03870	0.04261	0.01264	0.00859	0.00244	0.00614	0.01058	0.00858	0.01073
6	0.01553	0.01492	0.02659	0.57304	0.05078	0.01757	0.11503	0.02096	0.01632	0.02142	0.01487	0.02152	0.01119	0.00779	0.00805	0.00261	0.01071	0.00741	0.03465	0.00904
7	0.03134	0.02184	0.02242	0.01752	0.02358	0.09150	0.01431	0.44128	0.03237	0.19113	0.02114	0.02037	0.01456	0.00945	0.00786	0.00236	0.00886	0.00712	0.00796	0.01304
8	0.06060	0.02193	0.02330	0.01793	0.02421	0.02431	0.01481	0.62005	0.03631	0.04939	0.01871	0.01879	0.01329	0.00943	0.00781	0.00238	0.00862	0.00702	0.00781	0.01329
9	0.01377	0.00689	0.01033	0.01033	0.01033	0.00689	0.00689	0.01033	0.01033	0.01377	0.01377	0.02410	0.01377	0.02755	0.03099	0.76928	0.00689	0.00689	0.00344	0.00344
10	0.00966	0.00690	0.00920	0.01104	0.01150	0.00644	0.00736	0.01104	0.01518	0.02024	0.04371	0.71614	0.05245	0.02484	0.01012	0.00322	0.00460	0.02254	0.00736	0.00644
11	0.02082	0.67659	0.08770	0.01422	0.02136	0.03044	0.01471	0.02384	0.01616	0.01912	0.01126	0.01301	0.01017	0.00684	0.00526	0.00175	0.00871	0.00436	0.00339	0.01029
12	0.01164	0.00860	0.01084	0.01020	0.01219	0.00816	0.00761	0.01625	0.05848	0.03083	0.58189	0.05802	0.09666	0.04132	0.01039	0.00270	0.00404	0.01404	0.00849	0.00764
13	0.01377	0.00689	0.01033	0.01033	0.01033	0.00689	0.00689	0.01033	0.01033	0.01377	0.01377	0.02410	0.01377	0.02755	0.03099	0.76928	0.00689	0.00689	0.00344	0.00344
14	0.01947	0.01929	0.03478	0.04597	0.56007	0.01906	0.13404	0.02453	0.01817	0.02582	0.01512	0.01994	0.01247	0.00700	0.00812	0.00241	0.01012	0.00747	0.00394	0.01223
15	0.74688	0.01562	0.01215	0.01075	0.01571	0.01807	0.00885	0.04866	0.01446	0.03617	0.01137	0.01313	0.00879	0.00745	0.00503	0.00245	0.00624	0.00441	0.00503	0.00879
16	0.01296	0.01076	0.01596	0.34386	0.03114	0.01236	0.01334	0.01571	0.01420	0.01836	0.02395	0.07673	0.05776	0.29661	0.02119	0.00471	0.00869	0.01030	0.00448	0.00694
17	0.01647	0.01562	0.02648	0.49231	0.25288	0.01801	0.02277	0.02157	0.01656	0.02207	0.01436	0.02065	0.01121	0.00765	0.00790	0.00255	0.01020	0.00705	0.00365	0.01001
18	0.01624	0.01572	0.02217	0.01934	0.01960	0.02165	0.01598	0.01818	0.01225	0.01896	0.01240	0.01988	0.01214	0.02224	0.14783	0.00517	0.58101	0.00723	0.00361	0.00838
19	0.02641	0.02978	0.02242	0.06905	0.02586	0.42458	0.01583	0.12833	0.02308	0.02464	0.01498	0.02014	0.01280	0.00975	0.00953	0.00238	0.08548	0.04048	0.00479	0.00970
20	0.01122	0.00811	0.01060	0.00998	0.01185	0.00748	0.00748	0.01496	0.02245	0.03180	0.66766	0.05923	0.07482	0.01621	0.00935	0.00249	0.00374	0.01434	0.00873	0.00748
21	0.00990	0.00707	0.00943	0.01097	0.01154	0.00671	0.00739	0.01143	0.01534	0.02063	0.07743	0.62142	0.05129	0.05206	0.04346	0.00380	0.00546	0.02100	0.00720	0.00647
22	0.01377	0.00689	0.01033	0.01033	0.01033	0.00689	0.00689	0.01033	0.01033	0.01377	0.01377	0.02410	0.01377	0.02755	0.03099	0.76928	0.00689	0.00689	0.00344	0.00344
23	0.02695	0.01279	0.01642	0.01345	0.01826	0.01201	0.01079	0.03348	0.13059	0.41068	0.18634	0.03528	0.03384	0.01153	0.00833	0.00250	0.00594	0.00969	0.00925	0.01187
24	0.01980	0.01705	0.01835	0.04671	0.02224	0.01977	0.01304	0.05794	0.61175	0.03307	0.03110	0.02892	0.02330	0.01060	0.00806	0.00268	0.00653	0.00883	0.00786	0.01241
25	0.01026	0.00720	0.00924	0.01064	0.01105	0.00687	0.00700	0.01141	0.01445	0.01924	0.03913	0.52691	0.04645	0.19194	0.01742	0.00431	0.00547	0.04817	0.00674	0.00609
26	0.02145	0.65594	0.06885	0.01437	0.02121	0.06875	0.01437	0.02426	0.01651	0.01899	0.01124	0.01299	0.01017	0.00690	0.00532	0.00175	0.00896	0.00436	0.00343	0.01019
27	0.77733	0.01534	0.01166	0.01043	0.01534	0.01779	0.00859	0.02331	0.01350	0.03558	0.01104	0.01288	0.00859	0.00736	0.00491	0.00245	0.00613	0.00429	0.00491	0.00859
28	0.01903	0.02125	0.04082	0.07094	0.08495	0.05758	0.47299	0.02487	0.01831	0.02450	0.01528	0.02047	0.01179	0.00720	0.00975	0.00260	0.04723	0.00853	0.00398	0.03793
29	0.01128	0.00753	0.00996	0.01116	0.01223	0.00698	0.00785	0.01315	0.01660	0.05439	0.10764	0.54909	0.08082	0.02283	0.00995	0.00311	0.00475	0.05611	0.00762	0.00696
30	0.01244	0.00889	0.01236	0.01400	0.01573	0.00881	0.01200	0.01593	0.01834	0.02408	0.08833	0.13250	0.04829	0.02170	0.01077	0.00353	0.00684	0.53079	0.00741	0.00725
31	0.03006	0.02054	0.02243	0.01728	0.02339	0.02232	0.01425	0.54727	0.03467	0.12090	0.02075	0.02043	0.01450	0.00954	0.00783	0.00236	0.00827	0.00725	0.04275	0.01321
32	0.00999	0.00713	0.00957	0.01141	0.01201	0.00672	0.00792	0.01160	0.01550	0.02061	0.04353	0.65094	0.05174	0.02454	0.01021	0.00327	0.00488	0.08454	0.00735	0.00653
33	0.01383	0.00796	0.01231	0.10663	0.01666	0.00851	0.00912	0.01188	0.01121	0.01488	0.01415	0.02400	0.01360	0.02623	0.05682	0.62938	0.00803	0.00698	0.00349	0.00435
34	0.01946	0.01867	0.03189	0.07208	0.64974	0.01880	0.02425	0.02419	0.01798	0.02570	0.01489	0.01968	0.01249	0.00710	0.00785	0.00237	0.00946	0.00706	0.00391	0.01243
35	0.01943	0.01865	0.03184	0.07567	0.64635	0.01879	0.02424	0.02417	0.01797	0.02567	0.01488	0.01969	0.01248	0.00710	0.00785	0.00237	0.00947	0.00706	0.00391	0.01241
36	0.01498	0.01409	0.02378	0.70226	0.05462	0.01762	0.02202	0.02026	0.01586	0.02026	0.01409	0.02114	0.01057	0.00793	0.00793	0.00264	0.01057	0.00705	0.00352	0.00881
37	0.02156	0.01885	0.01891	0.01664	0.02133	0.05841	0.01302	0.11522	0.54565	0.03444	0.02952	0.02743	0.02210	0.01046	0.00800	0.00261	0.00703	0.00852	0.00783	0.01247
38	0.02120	0.72609	0.04155	0.01357	0.02035	0.03138	0.01357	0.02374	0.01611	0.01866	0.01102	0.01272	0.01018	0.00678	0.00509	0.00170	0.00848	0.00424	0.00339	0.01018
39	0.01771	0.01727	0.03020	0.28840	0.34999	0.01875	0.08587	0.02270	0.01704	0.02346	0.01452	0.02027	0.01167	0.00765	0.00884	0.00254	0.04126	0.00729	0.00376	0.01081
40	0.01146	0.00766	0.00867	0.00874	0.00876	0.00764	0.00490	0.01151	0.01167	0.01556	0.02569	0.07699	0.02972	0.69500	0.03922	0.00752	0.00757	0.01195	0.00490	0.00487
41	0.05643	0.01965	0.02072	0.01700	0.02247	0.02217	0.01370	0.35483	0.30863	0.04200	0.02452	0.02342	0.01799	0.00997	0.00787	0.00252	0.00754	0.00782	0.00787	0.01287
42	0.01630	0.09162	0.63305	0.02193	0.03329	0.01937	0.02814	0.02501	0.01670	0.02464	0.01399	0.01644	0.01005	0.00748	0.00735	0.00245	0.01148	0.00574	0.00335	0.01161
43	0.01115	0.00828	0.01129	0.01140	0.01274	0.00842	0.00852	0.01401	0.01812	0.02541	0.33127	0.22425	0.05476	0.02685	0.14041	0.00473	0.03610	0.03788	0.00725	0.00718
44	0.01108	0.00819	0.01046	0.01093	0.01242	0.00782	0.00795	0.01486	0.05569	0.02625	0.31516	0.32439	0.09081	0.01989	0.00968	0.00287	0.00445	0.05181	0.00799	0.00731
45	0.01140	0.00763	0.00869	0.00882	0.00885	0.00760	0.00499	0.01150	0.01180	0.01573	0.02634	0.09989	0.03054	0.67099	0.03818	0.00737	0.00746	0.01233	0.00499	0.00492
46	0.01735	0.01735	0.02429	0.02082	0.02082	0.02429	0.01735	0.01908	0.01214	0.01908	0.01041	0.01735	0.01041	0.01388	0.02602	0.00347	0.70680	0.00694	0.00347	0.00867
47	0.01113	0.00804	0.01052	0.01004	0.01183	0.00742	0.00748	0.01474	0.02203	0.03114	0.63218	0.09660	0.07355	0.01670	0.00940	0.00254	0.00379	0.01481	0.00865	0.00742
48	0.02993	0.02146	0.02320	0.01791	0.02415	0.02362	0.01475	0.58103	0.06734	0.08464	0.02039	0.02001	0.01437	0.00960	0.00794	0.00240	0.00849	0.00728	0.00805	0.01344
49	0.02900	0.02203	0.02254	0.01759	0.02348	0.06116	0.01440	0.56520	0.03495	0.04676	0.01915	0.01953	0.01379	0.00942	0.00772	0.00232	0.00868	0.00704	0.06244	0.01280
50	0.00966	0.00804	0.00844	0.00834	0.01089	0.00682	0.00625	0.01194	0.01876	0.02306	0.17285	0.07362	0.57509	0.01947	0.00937	0.00265	0.00397	0.01636	0.00758	0.00682
51	0.01972	0.01703	0.01793	0.01614	0.02062	0.01972	0.01255	0.04214	0.65752	0.03317	0.03228	0.02959	0.02421	0.01076	0.00807	0.00269	0.00628	0.00897	0.00807	0.01255
52	0.02913	0.03699	0.04740	0.02038	0.02489	0.62465	0.01583	0.06786	0.02313	0.02144	0.01273	0.01467	0.01040	0.00823	0.00721	0.00208	0.01387	0.00526	0.00429	0.00954
53	0.01061	0.00803	0.00979	0.00946	0.01150	0.00721	0.00705	0.01374	0.02085	0.02826	0.46858	0.09343	0.24706	0.01772	0.00939	0.00258	0.00386	0.01540	0.00827	0.00721
54	0.01891	0.01792	0.03091	0.18599	0.39372	0.01865	0.10407	0.05852	0.01870	0.02610	0.01551	0.02051	0.01239	0.00742	0.00799	0.00244	0.00995	0.00738	0.03156	0.01136
55	0.01946	0.01961	0.06063	0.03267	0.32484	0.04888	0.09727	0.06836	0.01957	0.02770	0.04553	0.02134	0.01550	0.00765	0.00766	0.00220	0.00913	0.00723	0.04784	0.11693
56	0.01670	0.01806	0.03746	0.02791	0.03385	0.01739	0.47105	0.02197	0.01758	0.02393	0.02163	0.16970	0.02058	0.01098	0.01048	0.00284	0.05148	0.01204	0.00470	0.00967
57	0.02008	0.58088	0.17692	0.01548	0.02331	0.02863	0.01690	0.02403	0.01625	0.02003	0.01170	0.01357	0.01015	0.00694	0.00561	0.00187	0.00917	0.00458	0.00338	0.01050
58	0.01849	0.01806	0.03147	0.17539	0.45229	0.01902	0.08255	0.02333	0.01735	0.02435	0.01461	0.01997	0.01199	0.00759	0.00904	0.00251	0.04949	0.00727	0.00383	0.01142
59	0.59853	0.01576	0.01361	0.08212	0.01984	0.04481	0.01033	0.02409	0.01476	0.07124	0.01310	0.01518	0.00991	0.00766	0.00551	0.00244	0.00688	0.00493	0.03041	0.00889
60	0.01546	0.01467	0.02432	0.60136	0.08707	0.01831	0.02172	0.02039	0.01564	0.02048	0.01380	0.02070	0.01067	0.00843	0.00960	0.00270	0.07509	0.00704	0.00354	0.00901
61	0.01144	0.00770	0.00862	0.00862	0.00874	0.00764	0.00486	0.01153	0.01182	0.01564	0.02742	0.05297	0.05702	0.69042	0.03900	0.00747	0.00753	0.01176	0.00492	0.00489
62	0.02802	0.02060	0.02204	0.01721	0.02296	0.02278	0.01404	0.55405	0.07097	0.04655	0.02038	0.02158	0.01509	0.04094	0.00926	0.00261	0.00831	0.00745	0.04241	0.01277
63	0.01025	0.00803	0.00928	0.00905	0.01127	0.00705	0.00676	0.01305	0.02002	0.02625	0.35439	0.09140	0.36797	0.01844	0.00939	0.00261	0.00391	0.01582	0.00800	0.00705
64	0.01333	0.01043	0.01477	0.01400	0.01562	0.01250	0.01108	0.06029	0.01445	0.02076	0.01993	0.02881	0.01836	0.05101	0.57000	0.01101	0.09326	0.00823	0.00443	0.00771
65	0.01191	0.00827	0.00938	0.00946	0.00984	0.00842	0.00565	0.01369	0.05862	0.01721	0.02764	0.12565	0.03118	0.59095	0.03460	0.00682	0.00724	0.01260	0.00533	0.00555
66	0.06092	0.01755	0.02713	0.28238	0.16881	0.05755	0.11406	0.02259	0.01691	0.02370	0.01454	0.01979	0.01149	0.00771	0.00847	0.00244	0.04082	0.00697	0.03137	0.06480
67	0.01925	0.01846	0.03151	0.10150	0.62196	0.01874	0.02415	0.02401	0.01788	0.02545	0.01485	0.01975	0.01240	0.00714	0.00786	0.00238	0.00951	0.00706	0.00389	0.01226
68	0.01963	0.01884	0.03219	0.04867	0.67185	0.01884	0.02434	0.02434	0.01806	0.02591	0.01492	0.01963	0.01256	0.00707	0.00785	0.00236	0.00942	0.00707	0.00393	0.01256
69	0.01697	0.01682	0.02421	0.13087	0.02628	0.02321	0.01810	0.01927	0.01274	0.01927	0.01100	0.01796	0.01044	0.01292	0.02310	0.00334	0.59436	0.00696	0.00348	0.00870
70	0.01113	0.00806	0.01049	0.01057	0.01152	0.00855	0.00739	0.01270	0.01294	0.01762	0.02991	0.07420	0.09295	0.31304	0.33404	0.00929	0.01339	0.01117	0.00493	0.00612
71	0.01864	0.39510	0.35012	0.01793	0.02710	0.02512	0.02117	0.02441	0.01642	0.02178	0.01257	0.01466	0.01011	0.00715	0.00627	0.00209	0.01005	0.00502	0.00337	0.01092
72	0.01153	0.00769	0.00865	0.00865	0.00865	0.00769	0.00480	0.01153	0.01153	0.01538	0.02499	0.05189	0.02883	0.72131	0.04036	0.00769	0.00769	0.01153	0.00480	0.00480
73	0.01263	0.00902	0.01261	0.01443	0.01620	0.00900	0.01252	0.01617	0.01811	0.02357	0.04207	0.11918	0.04596	0.02205	0.01091	0.00363	0.00717	0.59020	0.00730	0.00726
74	0.03558	0.01350	0.01840	0.01411	0.02024	0.01166	0.01166	0.03865	0.02270	0.67734	0.03128	0.02699	0.01963	0.00981	0.00797	0.00245	0.00675	0.00797	0.00981	0.01350
75	0.01893	0.06162	0.02483	0.02002	0.02114	0.09939	0.01661	0.02081	0.01370	0.01934	0.01079	0.01670	0.01042	0.01253	0.02193	0.00312	0.56198	0.00649	0.00358	0.03608
76	0.02859	0.02834	0.02286	0.01980	0.04155	0.31138	0.01518	0.30300	0.09247	0.03443	0.01732	0.01806	0.01312	0.00899	0.00761	0.00226	0.01091	0.00644	0.00618	0.01151
77	0.02053	0.27265	0.23706	0.05104	0.07351	0.09132	0.01952	0.02550	0.01749	0.05907	0.01391	0.01606	0.01096	0.00735	0.00661	0.00209	0.01001	0.00541	0.00394	0.05596
78	0.02278	0.22427	0.23439	0.01649	0.02413	0.01907	0.01768	0.02771	0.01866	0.21477	0.04982	0.02486	0.01797	0.00924	0.00725	0.00233	0.00871	0.04278	0.00574	0.01135
79	0.01263	0.00846	0.01100	0.01030	0.01247	0.00775	0.00786	0.01622	0.02204	0.06920	0.57051	0.05954	0.10459	0.01629	0.00934	0.00255	0.00408	0.03873	0.00866	0.00779
80	0.01738	0.01843	0.03705	0.17823	0.10523	0.01873	0.37907	0.02313	0.01738	0.02362	0.01575	0.02181	0.01233	0.01130	0.06234	0.00344	0.03225	0.00849	0.00390	0.01014
81	0.01868	0.32533	0.30354	0.02048	0.05443	0.02407	0.07280	0.02528	0.04493	0.02281	0.01386	0.01612	0.01099	0.00727	0.00669	0.00218	0.01016	0.00566	0.00365	0.01106
82	0.69577	0.01609	0.01298	0.01128	0.01635	0.01853	0.00930	0.09122	0.01609	0.03715	0.01191	0.01355	0.00912	0.00760	0.00524	0.00245	0.00642	0.00460	0.00524	0.00912
83	0.01377	0.00689	0.01033	0.01033	0.01033	0.00689	0.00689	0.01033	0.01033	0.01377	0.01377	0.02410	0.01377	0.02755	0.03099	0.76928	0.00689	0.00689	0.00344	0.00344
84	0.01078	0.00788	0.01013	0.01000	0.01169	0.00723	0.00733	0.01395	0.02075	0.02881	0.50403	0.17965	0.12198	0.01811	0.00949	0.00264	0.00392	0.01603	0.00836	0.00723
85	0.01948	0.01995	0.09765	0.06752	0.02567	0.01966	0.03934	0.09723	0.38030	0.03146	0.02613	0.02837	0.02030	0.01063	0.00919	0.00273	0.04743	0.03852	0.00672	0.01173
86	0.03014	0.02221	0.02380	0.01825	0.02459	0.02459	0.01507	0.64541	0.03728	0.04998	0.01904	0.01904	0.01349	0.00952	0.00793	0.00238	0.00873	0.00714	0.00793	0.01349
87	0.00966	0.00690	0.00920	0.01104	0.01150	0.00644	0.00736	0.01104	0.01518	0.02024	0.04371	0.71614	0.05245	0.02484	0.01012	0.00322	0.00460	0.02254	0.00736	0.00644
88	0.01275	0.01133	0.01806	0.01644	0.01797	0.01252	0.09884	0.01510	0.01477	0.02052	0.03034	0.39697	0.03435	0.02365	0.08572	0.00421	0.15727	0.01588	0.00573	0.00758
89	0.03174	0.05348	0.01903	0.01401	0.01967	0.01277	0.01168	0.03563	0.04794	0.54793	0.05908	0.03127	0.02321	0.01065	0.00805	0.00249	0.00672	0.04281	0.00919	0.01265
90	0.02642	0.01854	0.02031	0.01649	0.02187	0.02030	0.01344	0.36978	0.18255	0.10777	0.02502	0.02652	0.01870	0.01045	0.00798	0.00249	0.00757	0.03812	0.05310	0.01259
91	0.01498	0.01409	0.02378	0.70226	0.05462	0.01762	0.02202	0.02026	0.01586	0.02026	0.01409	0.02114	0.01057	0.00793	0.00793	0.00264	0.01057	0.00705	0.00352	0.00881
92	0.73425	0.01573	0.01236	0.01088	0.01587	0.01818	0.00896	0.05918	0.01487	0.03641	0.01150	0.01324	0.00887	0.00749	0.00508	0.00245	0.00628	0.00446	0.00508	0.00887
93	0.01587	0.01589	0.02983	0.15142	0.03380	0.03329	0.30777	0.02045	0.01707	0.02294	0.02226	0.17751	0.02131	0.01193	0.00977	0.03039	0.01012	0.01157	0.04795	0.00890
94	0.01783	0.10687	0.18023	0.02138	0.07385	0.01719	0.14017	0.02326	0.01758	0.04456	0.05352	0.02013	0.01526	0.00734	0.00726	0.00204	0.00917	0.00667	0.00443	0.23126
95	0.05313	0.01768	0.01962	0.01490	0.02112	0.01754	0.01210	0.32138	0.02671	0.10072	0.01852	0.02020	0.01401	0.04075	0.00860	0.00222	0.00742	0.00648	0.00676	0.27013
96	0.01586	0.01398	0.01774	0.01292	0.01957	0.01084	0.05482	0.01945	0.01678	0.02534	0.02128	0.02317	0.08164	0.00744	0.00650	0.00144	0.00622	0.00632	0.00493	0.63377
97	0.02664	0.05779	0.06737	0.01492	0.02130	0.01538	0.01301	0.05965	0.15812	0.32385	0.02585	0.02398	0.01787	0.00904	0.00746	0.00226	0.00705	0.00726	0.00771	0.13351
98	0.02039	0.01397	0.01781	0.01311	0.01973	0.01102	0.03563	0.02386	0.01784	0.16636	0.01909	0.04744	0.01512	0.00753	0.00664	0.00160	0.00632	0.00632	0.00588	0.54433
99	0.01854	0.01463	0.01707	0.01234	0.01928	0.01161	0.00993	0.06474	0.01827	0.06621	0.01546	0.01725	0.01233	0.00636	0.00614	0.00133	0.00612	0.00506	0.00523	0.67209
100	0.05096	0.05613	0.34658	0.02659	0.11532	0.01905	0.15473	0.02573	0.05410	0.02599	0.01548	0.01850	0.01161	0.00738	0.00772	0.00245	0.01087	0.00676	0.00396	0.04010
101	0.01456	0.01399	0.02478	0.02179	0.05980	0.01466	0.20170	0.01799	0.01633	0.02260	0.05721	0.28308	0.03114	0.01584	0.01266	0.00304	0.13570	0.03908	0.00551	0.00856
102	0.01728	0.01698	0.02501	0.02094	0.02177	0.02270	0.07059	0.01959	0.01304	0.02039	0.01201	0.01858	0.01127	0.01292	0.02310	0.00328	0.59605	0.00718	0.05856	0.00876
103	0.72334	0.01583	0.01253	0.01099	0.01600	0.01828	0.00906	0.06826	0.01521	0.03662	0.01162	0.01333	0.00894	0.00752	0.00513	0.00245	0.00632	0.00450	0.00513	0.00894
104	0.02126	0.01840	0.02853	0.02099	0.02793	0.04027	0.23860	0.07908	0.06626	0.10054	0.01838	0.02049	0.01372	0.00735	0.00774	0.00210	0.00924	0.00727	0.00552	0.26633
105	0.00970	0.00749	0.00886	0.00969	0.01121	0.00665	0.00682	0.01159	0.01713	0.02192	0.12325	0.38368	0.30965	0.02198	0.00973	0.00292	0.00427	0.01929	0.00750	0.00665
106	0.01915	0.01597	0.01865	0.01602	0.02044	0.01752	0.04925	0.13071	0.36419	0.03376	0.10389	0.03757	0.08665	0.01226	0.00851	0.00266	0.00665	0.03709	0.00778	0.01127
107	0.01153	0.00854	0.01106	0.01231	0.01413	0.00815	0.01015	0.01444	0.01782	0.02285	0.07411	0.15441	0.19354	0.04250	0.01131	0.00345	0.00610	0.36932	0.00730	0.00699
108	0.01963	0.01884	0.03219	0.04867	0.67185	0.01884	0.02434	0.02434	0.01806	0.02591	0.01492	0.01963	0.01256	0.00707	0.00785	0.00236	0.00942	0.00707	0.00393	0.01256
109	0.01948	0.48785	0.24366	0.01748	0.04425	0.02690	0.01888	0.02420	0.01637	0.02092	0.01216	0.01420	0.01021	0.00703	0.00595	0.00197	0.00953	0.00484	0.00339	0.01074
110	0.01746	0.01478	0.01715	0.05173	0.02106	0.01312	0.01080	0.07017	0.11012	0.02816	0.02090	0.02225	0.05148	0.00779	0.00666	0.00165	0.00631	0.00632	0.00551	0.51658
111	0.01515	0.01427	0.02410	0.67779	0.07772	0.01766	0.02211	0.02041	0.01594	0.02047	0.01413	0.02108	0.01065	0.00790	0.00793	0.00263	0.01053	0.00705	0.00354	0.00895
112	0.08284	0.02036	0.02301	0.02047	0.09218	0.02221	0.01516	0.44778	0.07629	0.09051	0.01984	0.01997	0.01423	0.00921	0.00772	0.00241	0.00830	0.00711	0.00743	0.01297

[dist]
# distance from previous block
# <min> <max>
0	1

[block]
# block no. 2 follows, 24 sequences, length 38
# corresponding to MSA columns:
# 644-681
name=unknown_C
#
# <colnr> <probs for GDERKNQSTAVLIFYWHMCP>
#	G	D	E	R	K	N	Q	S	T	A	V	L	I	F	Y	W	H	M	C	P
0	0.04803	0.01612	0.02644	0.38707	0.27957	0.01852	0.02202	0.02182	0.01633	0.02290	0.01403	0.01999	0.01122	0.00798	0.00896	0.00258	0.05558	0.00693	0.00373	0.01018
1	0.01988	0.01053	0.01363	0.01163	0.01495	0.00973	0.00902	0.05657	0.02262	0.23314	0.39156	0.04650	0.05124	0.06005	0.01088	0.00282	0.00521	0.01178	0.00877	0.00951
2	0.01153	0.00839	0.01223	0.01223	0.01359	0.00965	0.00940	0.01425	0.01289	0.01885	0.02170	0.03220	0.02034	0.09290	0.61724	0.01188	0.01955	0.00860	0.04561	0.00697
3	0.07335	0.01378	0.01772	0.01391	0.01962	0.01266	0.01140	0.06054	0.05672	0.54121	0.07096	0.02813	0.02260	0.01013	0.00790	0.00247	0.00657	0.00821	0.00931	0.01279
4	0.03558	0.01350	0.01840	0.01411	0.02024	0.01166	0.01166	0.03865	0.02270	0.67734	0.03128	0.02699	0.01963	0.00981	0.00797	0.00245	0.00675	0.00797	0.00981	0.01350
5	0.01009	0.00786	0.00916	0.00925	0.01126	0.00693	0.00678	0.01261	0.01915	0.02495	0.28523	0.18113	0.34820	0.01952	0.00950	0.00271	0.00402	0.01688	0.00785	0.00693
6	0.01434	0.00865	0.01270	0.04796	0.01457	0.00874	0.05643	0.01496	0.01357	0.02063	0.01927	0.02841	0.01724	0.08828	0.02024	0.32744	0.00657	0.00773	0.26647	0.00579
7	0.77733	0.01534	0.01166	0.01043	0.01534	0.01779	0.00859	0.02331	0.01350	0.03558	0.01104	0.01288	0.00859	0.00736	0.00491	0.00245	0.00613	0.00429	0.00491	0.00859
8	0.01827	0.01632	0.02288	0.01963	0.02023	0.02212	0.01629	0.02020	0.01301	0.07015	0.01292	0.01923	0.01190	0.01732	0.07928	0.00415	0.59599	0.00715	0.00403	0.00892
9	0.02404	0.29915	0.14716	0.01785	0.02468	0.21321	0.01710	0.12441	0.02136	0.02497	0.01321	0.01488	0.01069	0.00774	0.00655	0.00205	0.01073	0.00523	0.00430	0.01070
10	0.00993	0.00705	0.00933	0.01105	0.01154	0.00665	0.00744	0.01132	0.01508	0.02008	0.04240	0.64378	0.05059	0.07034	0.01214	0.00353	0.00493	0.04924	0.00719	0.00637
11	0.01377	0.00689	0.01033	0.01033	0.01033	0.00689	0.00689	0.01033	0.01033	0.01377	0.01377	0.02410	0.01377	0.02755	0.03099	0.76928	0.00689	0.00689	0.00344	0.00344
12	0.00952	0.00804	0.00823	0.00818	0.01080	0.00676	0.00614	0.01166	0.01841	0.02223	0.12595	0.07499	0.62251	0.01978	0.00937	0.00266	0.00400	0.01655	0.00747	0.00676
13	0.01172	0.00907	0.01349	0.01327	0.01459	0.01084	0.01039	0.01448	0.01271	0.01845	0.02054	0.03026	0.01921	0.05652	0.64690	0.01214	0.06564	0.00840	0.00420	0.00718
14	0.01998	0.01859	0.02214	0.06251	0.05964	0.08107	0.05468	0.11083	0.01979	0.02764	0.01445	0.01749	0.01171	0.00762	0.00866	0.00190	0.07434	0.00588	0.00482	0.37625
15	0.06678	0.03091	0.02243	0.01913	0.02409	0.40983	0.01490	0.25874	0.02752	0.03154	0.01471	0.01599	0.01135	0.00863	0.00733	0.00219	0.01183	0.00582	0.00555	0.01075
16	0.01937	0.01858	0.03173	0.08437	0.63813	0.01877	0.02421	0.02411	0.01794	0.02560	0.01487	0.01971	0.01245	0.00711	0.00785	0.00237	0.00948	0.00706	0.00390	0.01236
17	0.01789	0.29745	0.44116	0.01922	0.02909	0.02327	0.02341	0.02460	0.01651	0.02270	0.01303	0.01524	0.01009	0.00725	0.00662	0.00221	0.01051	0.00525	0.00336	0.01114
18	0.20451	0.30538	0.02800	0.01460	0.02067	0.05858	0.01293	0.21600	0.02234	0.03240	0.01356	0.01479	0.01082	0.00783	0.00603	0.00210	0.00829	0.00519	0.00519	0.01077
19	0.01152	0.00772	0.00882	0.00882	0.00889	0.00778	0.00502	0.01164	0.01158	0.01551	0.02482	0.05100	0.02844	0.69289	0.06826	0.00791	0.00827	0.01140	0.00478	0.00490
20	0.05394	0.02325	0.06506	0.02477	0.03152	0.12450	0.30792	0.10086	0.02160	0.11372	0.01851	0.04484	0.01412	0.00838	0.00842	0.00251	0.01141	0.00833	0.00538	0.01097
21	0.01177	0.00936	0.01069	0.01170	0.01278	0.04452	0.00812	0.03808	0.01742	0.02290	0.12285	0.56382	0.05152	0.02219	0.00977	0.00303	0.00518	0.01990	0.00738	0.00701
22	0.77733	0.01534	0.01166	0.01043	0.01534	0.01779	0.00859	0.02331	0.01350	0.03558	0.01104	0.01288	0.00859	0.00736	0.00491	0.00245	0.00613	0.00429	0.00491	0.00859
23	0.01036	0.00784	0.00941	0.00948	0.01125	0.00705	0.00685	0.01290	0.01910	0.02544	0.32876	0.18641	0.25825	0.05735	0.01119	0.00297	0.00420	0.01648	0.00782	0.00689
24	0.37157	0.01433	0.01535	0.01244	0.01802	0.01443	0.01027	0.03170	0.01853	0.38664	0.02212	0.02060	0.01463	0.00870	0.00659	0.00245	0.00647	0.00631	0.00759	0.01127
25	0.02151	0.01563	0.01787	0.01584	0.01993	0.01690	0.01322	0.32052	0.05882	0.03710	0.02946	0.06926	0.02766	0.01466	0.00897	0.00286	0.00761	0.23435	0.05731	0.01052
26	0.01475	0.01217	0.01295	0.01255	0.01434	0.05530	0.00907	0.02116	0.16848	0.02128	0.02678	0.04362	0.02635	0.31220	0.15218	0.00671	0.01034	0.06648	0.00567	0.00762
27	0.02150	0.01429	0.01592	0.01335	0.01730	0.01510	0.01056	0.28344	0.02530	0.08527	0.03012	0.07529	0.09166	0.05466	0.06913	0.00357	0.00791	0.00965	0.14584	0.01014
28	0.01066	0.00808	0.00982	0.00938	0.01150	0.00724	0.00704	0.01387	0.02111	0.02863	0.48820	0.06445	0.25627	0.01739	0.00936	0.00255	0.00383	0.01507	0.00831	0.00724
29	0.02208	0.01790	0.02173	0.01602	0.02286	0.01690	0.06087	0.26973	0.02493	0.03543	0.01622	0.01786	0.01246	0.00739	0.00696	0.00177	0.00759	0.00603	0.00593	0.40933
30	0.01107	0.00791	0.01082	0.01266	0.01373	0.00766	0.00981	0.01348	0.01657	0.02182	0.04293	0.43227	0.04936	0.02351	0.01050	0.00342	0.00582	0.29248	0.00733	0.00683
31	0.02706	0.11700	0.02367	0.01857	0.02295	0.53436	0.01438	0.05094	0.02190	0.02056	0.01764	0.01910	0.06146	0.00898	0.00710	0.00206	0.01261	0.00598	0.00439	0.00927
32	0.01200	0.00827	0.01069	0.01036	0.01235	0.00759	0.00785	0.01533	0.02110	0.05563	0.48843	0.12248	0.12393	0.01748	0.00947	0.00265	0.00420	0.05419	0.00843	0.00755
33	0.03558	0.01350	0.01840	0.01411	0.02024	0.01166	0.01166	0.03865	0.02270	0.67734	0.03128	0.02699	0.01963	0.00981	0.00797	0.00245	0.00675	0.00797	0.00981	0.01350
34	0.02529	0.01968	0.02251	0.01803	0.02361	0.02172	0.04822	0.40209	0.19601	0.04240	0.04982	0.02657	0.02008	0.01049	0.00823	0.00254	0.00808	0.03428	0.00776	0.01258
35	0.01122	0.00811	0.01060	0.00998	0.01185	0.00748	0.00748	0.01496	0.02245	0.03180	0.66766	0.05923	0.07482	0.01621	0.00935	0.00249	0.00374	0.01434	0.00873	0.00748
36	0.01896	0.01822	0.03154	0.08910	0.56702	0.01838	0.05725	0.02376	0.01796	0.02541	0.01617	0.02303	0.01392	0.00778	0.00808	0.00245	0.00961	0.03532	0.00406	0.01197
37	0.02334	0.01952	0.05066	0.02346	0.07821	0.01853	0.19453	0.16552	0.09899	0.12018	0.02031	0.02168	0.01477	0.00818	0.00808	0.00236	0.00929	0.00775	0.00621	0.10846

[dist]
# distance from previous block
# <min> <max>
0	1

[block]
# block no. 3 follows, 24 sequences, length 51
# corresponding to MSA columns:
# 683-733
name=unknown_D
#
# <colnr> <probs for GDERKNQSTAVLIFYWHMCP>
#	G	D	E	R	K	N	Q	S	T	A	V	L	I	F	Y	W	H	M	C	P
0	0.02213	0.01663	0.01925	0.01865	0.08113	0.01822	0.01339	0.07784	0.43894	0.12321	0.03188	0.02977	0.05168	0.01063	0.00809	0.00260	0.00669	0.00889	0.00789	0.01247
1	0.77733	0.01534	0.01166	0.01043	0.01534	0.01779	0.00859	0.02331	0.01350	0.03558	0.01104	0.01288	0.00859	0.00736	0.00491	0.00245	0.00613	0.00429	0.00491	0.00859
2	0.01726	0.01643	0.02792	0.38073	0.35826	0.01822	0.02316	0.02227	0.01694	0.02304	0.01450	0.02040	0.01155	0.00750	0.00789	0.00250	0.01001	0.00706	0.00372	0.01065
3	0.01694	0.01685	0.02461	0.07920	0.02421	0.02295	0.04117	0.01922	0.01274	0.01940	0.01140	0.01841	0.01088	0.01502	0.05189	0.00376	0.59202	0.00711	0.00353	0.00870
4	0.08181	0.02274	0.02149	0.01754	0.02274	0.12677	0.01409	0.41243	0.06148	0.04035	0.01937	0.06370	0.01558	0.01036	0.00835	0.00244	0.03236	0.00770	0.00693	0.01179
5	0.01143	0.00764	0.00868	0.00878	0.00881	0.00762	0.00495	0.01150	0.01173	0.01565	0.02602	0.08868	0.03014	0.68274	0.03869	0.00744	0.00752	0.01214	0.00495	0.00490
6	0.02598	0.01768	0.01963	0.01583	0.02107	0.01908	0.01281	0.33492	0.16311	0.13352	0.09662	0.02734	0.02378	0.01056	0.00803	0.00245	0.00716	0.00846	0.03961	0.01237
7	0.00964	0.00697	0.00913	0.01087	0.01146	0.00646	0.00729	0.01106	0.01535	0.02031	0.04579	0.67980	0.08745	0.02457	0.01008	0.00319	0.00457	0.02221	0.00736	0.00646
8	0.01118	0.00886	0.00920	0.00889	0.01180	0.00779	0.00674	0.01466	0.06111	0.04905	0.09500	0.07062	0.57930	0.01891	0.00923	0.00266	0.00427	0.01578	0.00756	0.00739
9	0.01903	0.01643	0.01727	0.01560	0.01996	0.01885	0.01212	0.04008	0.61482	0.03239	0.03548	0.03271	0.06724	0.01138	0.00816	0.00269	0.00612	0.00948	0.00802	0.01216
10	0.01644	0.01409	0.01644	0.01175	0.01879	0.01057	0.00940	0.01997	0.01644	0.02584	0.01409	0.01644	0.01175	0.00587	0.00587	0.00117	0.00587	0.00470	0.00470	0.76979
11	0.01257	0.00955	0.01337	0.01290	0.01421	0.01116	0.00985	0.04110	0.01357	0.01934	0.02099	0.03286	0.02029	0.15482	0.51772	0.01091	0.06443	0.00880	0.00444	0.00712
12	0.01839	0.01758	0.02996	0.22215	0.50802	0.01852	0.02372	0.02325	0.01747	0.02441	0.01470	0.02003	0.01203	0.00729	0.00787	0.00243	0.00973	0.00706	0.00382	0.01157
13	0.02216	0.01928	0.01924	0.01678	0.02156	0.06417	0.01317	0.14547	0.50924	0.03517	0.02869	0.02677	0.02145	0.01038	0.00799	0.00259	0.00722	0.00840	0.00779	0.01249
14	0.01153	0.00769	0.00865	0.00865	0.00865	0.00769	0.00480	0.01153	0.01153	0.01538	0.02499	0.05189	0.02883	0.72131	0.04036	0.00769	0.00769	0.01153	0.00480	0.00480
15	0.02977	0.03329	0.02285	0.01980	0.02454	0.49748	0.01525	0.20889	0.02675	0.02823	0.01422	0.01567	0.01116	0.00856	0.00738	0.00214	0.01269	0.00569	0.00520	0.01043
16	0.01053	0.00744	0.00905	0.00975	0.01038	0.00706	0.00628	0.01171	0.01485	0.01979	0.11092	0.33182	0.09789	0.29112	0.02159	0.00481	0.00564	0.01688	0.00654	0.00595
17	0.02861	0.02136	0.02421	0.01869	0.02492	0.02345	0.04739	0.53087	0.10146	0.06602	0.02066	0.02052	0.01473	0.00951	0.00802	0.00243	0.00865	0.00747	0.00780	0.01324
18	0.01918	0.01010	0.01320	0.01142	0.01462	0.00925	0.00883	0.02319	0.04502	0.23328	0.40950	0.04764	0.05313	0.05306	0.01059	0.00278	0.00499	0.01199	0.00883	0.00940
19	0.02054	0.64017	0.12165	0.01470	0.02210	0.02975	0.01554	0.02392	0.01619	0.01947	0.01143	0.01322	0.01016	0.00688	0.00539	0.00180	0.00889	0.00444	0.00339	0.01037
20	0.03014	0.02221	0.02380	0.01825	0.02459	0.02459	0.01507	0.64541	0.03728	0.04998	0.01904	0.01904	0.01349	0.00952	0.00793	0.00238	0.00873	0.00714	0.00793	0.01349
21	0.02938	0.02136	0.02302	0.01787	0.02403	0.02359	0.01469	0.56293	0.09543	0.07457	0.02080	0.02037	0.01476	0.00965	0.00795	0.00241	0.00841	0.00735	0.00802	0.01340
22	0.01874	0.01794	0.03059	0.17285	0.55458	0.01861	0.02390	0.02356	0.01764	0.02483	0.01476	0.01991	0.01218	0.00723	0.00787	0.00241	0.00964	0.00706	0.00385	0.01185
23	0.01976	0.53973	0.21529	0.01603	0.02415	0.02785	0.01785	0.02412	0.01628	0.02041	0.01190	0.01381	0.01014	0.00699	0.00575	0.00192	0.00936	0.00468	0.00338	0.01060
24	0.01303	0.01056	0.01763	0.01596	0.01837	0.01000	0.13760	0.01644	0.04304	0.04960	0.03705	0.51646	0.04163	0.01991	0.00979	0.00305	0.00655	0.01867	0.00681	0.00786
25	0.05403	0.01951	0.02076	0.01673	0.02227	0.04789	0.01361	0.37700	0.11280	0.14441	0.02390	0.05081	0.01816	0.01061	0.00801	0.00250	0.00802	0.02850	0.00794	0.01254
26	0.01791	0.01286	0.01435	0.01312	0.01624	0.04325	0.01008	0.08886	0.12643	0.10314	0.22773	0.17082	0.06796	0.01552	0.00894	0.00268	0.00583	0.03674	0.00808	0.00947
27	0.01377	0.00689	0.01033	0.01033	0.01033	0.00689	0.00689	0.01033	0.01033	0.01377	0.01377	0.02410	0.01377	0.02755	0.03099	0.76928	0.00689	0.00689	0.00344	0.00344
28	0.01049	0.00778	0.01105	0.01211	0.01303	0.00735	0.03255	0.01232	0.01569	0.02094	0.06358	0.56437	0.04966	0.06210	0.01182	0.00347	0.00536	0.08253	0.00713	0.00664
29	0.05015	0.33663	0.16611	0.01595	0.02298	0.11004	0.01619	0.02664	0.01784	0.10495	0.01527	0.01654	0.01187	0.00767	0.00625	0.00204	0.00934	0.00535	0.04762	0.01058
30	0.07790	0.01947	0.02158	0.07081	0.04623	0.05177	0.03315	0.35244	0.06921	0.03921	0.01892	0.02049	0.01408	0.00921	0.00806	0.00239	0.03185	0.00704	0.09465	0.01154
31	0.00966	0.00690	0.00920	0.01104	0.01150	0.00644	0.00736	0.01104	0.01518	0.02024	0.04371	0.71614	0.05245	0.02484	0.01012	0.00322	0.00460	0.02254	0.00736	0.00644
32	0.02677	0.02468	0.02151	0.01820	0.02322	0.21150	0.01452	0.31442	0.14055	0.03623	0.02128	0.02520	0.01702	0.01035	0.00798	0.00244	0.00977	0.05596	0.00681	0.01160
33	0.02391	0.05265	0.11902	0.04925	0.07204	0.02101	0.12044	0.30053	0.02647	0.07168	0.01896	0.05369	0.01471	0.00921	0.00810	0.00247	0.00970	0.00800	0.00610	0.01205
34	0.05059	0.01482	0.01639	0.01400	0.01797	0.01606	0.01105	0.20720	0.18872	0.03764	0.28789	0.03795	0.04116	0.01249	0.00842	0.00251	0.00595	0.01044	0.00817	0.01058
35	0.00937	0.00803	0.00803	0.00803	0.01071	0.00669	0.00602	0.01138	0.01807	0.02142	0.08033	0.07632	0.66863	0.02008	0.00937	0.00268	0.00402	0.01674	0.00736	0.00669
36	0.01945	0.01625	0.02552	0.32611	0.03902	0.01794	0.11920	0.15781	0.02144	0.06496	0.02140	0.07267	0.04309	0.00990	0.00838	0.00262	0.00970	0.00901	0.00536	0.01015
37	0.02943	0.02572	0.02314	0.01866	0.02435	0.18650	0.01499	0.46144	0.06890	0.04157	0.01814	0.01848	0.01330	0.00926	0.00775	0.00232	0.00995	0.00675	0.00700	0.01239
38	0.03522	0.01406	0.01875	0.01438	0.02053	0.01250	0.01188	0.07815	0.02365	0.63649	0.03049	0.02647	0.01923	0.00980	0.00797	0.00245	0.00688	0.00792	0.00969	0.01349
39	0.01056	0.00909	0.03448	0.01287	0.01429	0.00781	0.05056	0.01269	0.01587	0.02139	0.07542	0.60971	0.04955	0.02257	0.00994	0.00312	0.00538	0.02064	0.00708	0.00696
40	0.07915	0.02118	0.02265	0.01746	0.02370	0.02328	0.01442	0.56438	0.03476	0.09094	0.01934	0.01917	0.01358	0.00940	0.00774	0.00239	0.00843	0.00701	0.00786	0.01317
41	0.01686	0.00977	0.01037	0.00952	0.01202	0.01026	0.00738	0.11484	0.01949	0.03178	0.02443	0.02807	0.01923	0.01350	0.06340	0.00285	0.00595	0.00745	0.58455	0.00831
42	0.06422	0.02252	0.02255	0.01766	0.02361	0.07289	0.01445	0.54883	0.03435	0.04632	0.01841	0.01878	0.01326	0.00931	0.00765	0.00234	0.00884	0.00687	0.03441	0.01272
43	0.01764	0.02869	0.28884	0.02964	0.06910	0.01949	0.35802	0.02505	0.01773	0.02513	0.01512	0.01940	0.01125	0.00724	0.00908	0.00262	0.03328	0.00783	0.00374	0.01112
44	0.01122	0.00811	0.01060	0.00998	0.01185	0.00748	0.00748	0.01496	0.02245	0.03180	0.66766	0.05923	0.07482	0.01621	0.00935	0.00249	0.00374	0.01434	0.00873	0.00748
45	0.03316	0.01355	0.01811	0.01417	0.01994	0.01209	0.01170	0.07106	0.02332	0.58379	0.06057	0.03071	0.02295	0.01061	0.00816	0.00250	0.00674	0.03434	0.00955	0.01295
46	0.01294	0.01134	0.01786	0.04445	0.01979	0.01176	0.11060	0.01731	0.07152	0.02230	0.03552	0.41237	0.05697	0.01889	0.01099	0.00309	0.06136	0.04655	0.00642	0.00797
47	0.01510	0.01426	0.02381	0.66679	0.05286	0.01797	0.02178	0.02020	0.01566	0.02020	0.01390	0.02094	0.01056	0.00824	0.00887	0.00269	0.04681	0.00704	0.00352	0.00880
48	0.00963	0.00702	0.00908	0.01074	0.01142	0.00647	0.00723	0.01108	0.01548	0.02036	0.04741	0.65136	0.11483	0.02436	0.01005	0.00317	0.00454	0.02196	0.00736	0.00647
49	0.01370	0.00739	0.01105	0.05645	0.01330	0.00760	0.00786	0.01138	0.01121	0.01520	0.01579	0.05818	0.01574	0.02532	0.02734	0.64756	0.00688	0.00769	0.03624	0.00412
50	0.02210	0.07529	0.35864	0.02028	0.05409	0.01853	0.02166	0.12424	0.02132	0.15046	0.04497	0.02062	0.01516	0.00856	0.00761	0.00242	0.00969	0.00675	0.00552	0.01209

[dist]
# distance from previous block
# <min> <max>
0	1

[block]
# block no. 4 follows, 24 sequences, length 38
# corresponding to MSA columns:
# 735-772
name=unknown_E
#
# <colnr> <probs for GDERKNQSTAVLIFYWHMCP>
#	G	D	E	R	K	N	Q	S	T	A	V	L	I	F	Y	W	H	M	C	P
0	0.02980	0.03246	0.02293	0.01968	0.02454	0.46182	0.01524	0.24181	0.02754	0.02987	0.01458	0.01592	0.01133	0.00863	0.00742	0.00216	0.01239	0.00580	0.00540	0.01066
1	0.01639	0.01409	0.01673	0.03888	0.02020	0.01085	0.00989	0.01998	0.01642	0.02562	0.01409	0.01663	0.01170	0.00595	0.00595	0.00123	0.00606	0.00479	0.00465	0.73988
2	0.01670	0.05782	0.01554	0.01258	0.01454	0.01305	0.00969	0.09503	0.01597	0.04459	0.01852	0.02697	0.01684	0.09105	0.17202	0.21906	0.06409	0.00762	0.08105	0.00725
3	0.02903	0.03655	0.02220	0.02017	0.02428	0.64924	0.01516	0.03229	0.06063	0.02023	0.01346	0.01522	0.01106	0.00833	0.00721	0.00208	0.01382	0.00534	0.00433	0.00939
4	0.01932	0.01853	0.03163	0.09213	0.63081	0.01876	0.02418	0.02407	0.01791	0.02553	0.01486	0.01973	0.01243	0.00712	0.00786	0.00237	0.00950	0.00706	0.00390	0.01231
5	0.01150	0.00888	0.01277	0.01155	0.01374	0.00819	0.04967	0.01515	0.02135	0.02989	0.54308	0.11775	0.09282	0.01653	0.00942	0.00258	0.00447	0.01486	0.00823	0.00757
6	0.01478	0.00739	0.00739	0.00739	0.00924	0.00739	0.00554	0.01848	0.01663	0.02956	0.02587	0.02956	0.02033	0.00924	0.00554	0.00185	0.00370	0.00739	0.76534	0.00739
7	0.40406	0.01441	0.01505	0.01228	0.01781	0.01470	0.01013	0.03103	0.01813	0.35853	0.02123	0.01998	0.01414	0.00860	0.00645	0.00245	0.00644	0.00615	0.00738	0.01106
8	0.02120	0.72609	0.04155	0.01357	0.02035	0.03138	0.01357	0.02374	0.01611	0.01866	0.01102	0.01272	0.01018	0.00678	0.00509	0.00170	0.00848	0.00424	0.00339	0.01018
9	0.01478	0.00739	0.00739	0.00739	0.00924	0.00739	0.00554	0.01848	0.01663	0.02956	0.02587	0.02956	0.02033	0.00924	0.00554	0.00185	0.00370	0.00739	0.76534	0.00739
10	0.72059	0.01623	0.01230	0.01102	0.01588	0.04265	0.00899	0.02434	0.03860	0.03489	0.01190	0.01358	0.00925	0.00752	0.00511	0.00245	0.00644	0.00450	0.00500	0.00876
