[name]
unknown

[dist]
# distance from previous block
# <min> <max>
0	124

[block]
# block no. 0 follows, 25 sequences, length 14
# corresponding to MSA columns:
# 124-137
name=unknown_A
#
# <colnr> <probs for GDERKNQSTAVLIFYWHMCP>
#	G	D	E	R	K	N	Q	S	T	A	V	L	I	F	Y	W	H	M	C	P
0	0.01249	0.00892	0.01249	0.01428	0.01606	0.00892	0.01249	0.01606	0.01785	0.02320	0.04105	0.08746	0.04462	0.02142	0.01071	0.00357	0.00714	0.62695	0.00714	0.00714
1	0.02947	0.02172	0.02327	0.01784	0.02404	0.02404	0.01474	0.65329	0.03646	0.04887	0.01862	0.01862	0.01319	0.00931	0.00776	0.00233	0.00853	0.00698	0.00776	0.01319
2	0.01347	0.00673	0.01010	0.01010	0.01010	0.00673	0.00673	0.01010	0.01010	0.01347	0.01347	0.02357	0.01347	0.02694	0.03030	0.77441	0.00673	0.00673	0.00337	0.00337
3	0.00964	0.00689	0.00922	0.01102	0.01156	0.00647	0.00754	0.01114	0.01504	0.02001	0.04263	0.68143	0.05085	0.02411	0.00995	0.00318	0.00467	0.06111	0.00719	0.00635
4	0.02947	0.02172	0.02327	0.01784	0.02404	0.02404	0.01474	0.65329	0.03646	0.04887	0.01862	0.01862	0.01319	0.00931	0.00776	0.00233	0.00853	0.00698	0.00776	0.01319
5	0.01464	0.01378	0.02326	0.70887	0.05340	0.01723	0.02153	0.01981	0.01550	0.01981	0.01378	0.02067	0.01034	0.00775	0.00775	0.00258	0.01034	0.00689	0.00345	0.00861
6	0.00940	0.00695	0.00879	0.01027	0.01111	0.00634	0.00696	0.01086	0.01535	0.02000	0.04918	0.60588	0.16369	0.02345	0.00976	0.00305	0.00440	0.02102	0.00720	0.00634
7	0.02586	0.03044	0.02055	0.01863	0.02275	0.47895	0.01411	0.03425	0.22850	0.02330	0.01827	0.01878	0.01438	0.00880	0.00728	0.00220	0.01146	0.00621	0.00525	0.01004
8	0.01608	0.01378	0.01608	0.01148	0.01837	0.01034	0.00919	0.01952	0.01608	0.02527	0.01378	0.01608	0.01148	0.00574	0.00574	0.00115	0.00574	0.00459	0.00459	0.77491
9	0.01464	0.01378	0.02326	0.70887	0.05340	0.01723	0.02153	0.01981	0.01550	0.01981	0.01378	0.02067	0.01034	0.00775	0.00775	0.00258	0.01034	0.00689	0.00345	0.00861
10	0.56451	0.01558	0.01370	0.01166	0.01676	0.01740	0.00955	0.08710	0.06061	0.08619	0.01465	0.01552	0.01088	0.00775	0.00557	0.00235	0.00629	0.00508	0.00566	0.04315
11	0.09406	0.01474	0.01644	0.01239	0.01874	0.01297	0.00997	0.07235	0.07612	0.07294	0.01659	0.01778	0.01293	0.00685	0.00614	0.00158	0.00608	0.00533	0.00549	0.52052
12	0.60895	0.05902	0.01482	0.07938	0.01940	0.01779	0.01019	0.02354	0.01419	0.07644	0.01243	0.01432	0.00942	0.00738	0.00530	0.00237	0.00661	0.00470	0.00490	0.00884
13	0.17409	0.02169	0.02135	0.01717	0.02270	0.13257	0.05576	0.28260	0.06881	0.10285	0.01788	0.01831	0.01294	0.00860	0.00716	0.00233	0.00890	0.00646	0.00650	0.01132

[dist]
# distance from previous block
# <min> <max>
0	1

[block]
# block no. 1 follows, 25 sequences, length 8
# corresponding to MSA columns:
# 139-146
name=unknown_B
#
# <colnr> <probs for GDERKNQSTAVLIFYWHMCP>
#	G	D	E	R	K	N	Q	S	T	A	V	L	I	F	Y	W	H	M	C	P
0	0.02652	0.01956	0.02239	0.01732	0.02337	0.05580	0.05860	0.32726	0.10141	0.13712	0.02071	0.02055	0.01480	0.00875	0.00757	0.00222	0.00821	0.00704	0.00716	0.11365
1	0.37100	0.05272	0.01728	0.01334	0.01841	0.04807	0.01099	0.22910	0.02240	0.05819	0.07577	0.01927	0.01647	0.00877	0.00637	0.00233	0.00708	0.00617	0.00616	0.01012
2	0.01598	0.01441	0.02431	0.51036	0.04531	0.01696	0.07747	0.02072	0.01582	0.05133	0.01542	0.04325	0.01225	0.00858	0.00912	0.00259	0.06014	0.00752	0.00395	0.04452
3	0.08888	0.02527	0.02188	0.02054	0.08272	0.25570	0.01492	0.21814	0.10653	0.03159	0.01653	0.01779	0.01278	0.00882	0.00813	0.00231	0.04466	0.00627	0.00565	0.01090
4	0.02821	0.01364	0.01735	0.01404	0.01931	0.01280	0.01152	0.08451	0.09338	0.42545	0.06452	0.03273	0.02399	0.01087	0.00802	0.00245	0.00655	0.06481	0.00868	0.05718
5	0.02989	0.01302	0.01702	0.01358	0.01886	0.01195	0.01102	0.03547	0.10740	0.51998	0.10772	0.03049	0.02623	0.01047	0.00797	0.00243	0.00619	0.00867	0.00924	0.01237
6	0.01971	0.01307	0.01592	0.01194	0.01811	0.01024	0.00952	0.02289	0.01734	0.17219	0.01992	0.07654	0.01648	0.00813	0.00654	0.00159	0.00583	0.00675	0.00593	0.54135
7	0.02485	0.01889	0.02269	0.01718	0.02341	0.01935	0.06581	0.40786	0.02890	0.06384	0.01882	0.05010	0.01462	0.00896	0.00752	0.00213	0.00803	0.00733	0.00677	0.18293

[dist]
# distance from previous block
# <min> <max>
0	2

[block]
# block no. 2 follows, 25 sequences, length 30
# corresponding to MSA columns:
# 149-178
name=unknown_C
#
# <colnr> <probs for GDERKNQSTAVLIFYWHMCP>
#	G	D	E	R	K	N	Q	S	T	A	V	L	I	F	Y	W	H	M	C	P
0	0.11877	0.01934	0.02055	0.01581	0.02193	0.02065	0.01302	0.45556	0.03004	0.07843	0.01765	0.01796	0.01270	0.00857	0.00712	0.00218	0.00773	0.00636	0.00706	0.11858
1	0.01693	0.01431	0.01679	0.01243	0.01866	0.01198	0.00997	0.06908	0.01741	0.02656	0.01507	0.04315	0.01306	0.00715	0.00712	0.00144	0.04388	0.00556	0.00488	0.64458
2	0.01380	0.00727	0.00765	0.00769	0.00942	0.00718	0.00572	0.01729	0.01674	0.02858	0.09118	0.07365	0.02709	0.01063	0.00606	0.00195	0.00367	0.00880	0.64846	0.00718
3	0.01799	0.01542	0.01638	0.01499	0.01906	0.01754	0.01173	0.03705	0.56926	0.03087	0.03625	0.03647	0.08218	0.01198	0.00817	0.00269	0.00600	0.04673	0.00778	0.01146
4	0.03479	0.01320	0.01799	0.01380	0.01979	0.01140	0.01140	0.03779	0.02219	0.68451	0.03059	0.02639	0.01919	0.00960	0.00780	0.00240	0.00660	0.00780	0.00960	0.01320
5	0.02073	0.73217	0.04063	0.01327	0.01990	0.03068	0.01327	0.02322	0.01575	0.01824	0.01078	0.01244	0.00995	0.00663	0.00498	0.00166	0.00829	0.00415	0.00332	0.00995
6	0.01608	0.01378	0.01608	0.01148	0.01837	0.01034	0.00919	0.01952	0.01608	0.02527	0.01378	0.01608	0.01148	0.00574	0.00574	0.00115	0.00574	0.00459	0.00459	0.77491
7	0.01555	0.04011	0.68733	0.02210	0.03356	0.01801	0.02865	0.02455	0.01637	0.02455	0.01391	0.01637	0.00982	0.00737	0.00737	0.00246	0.01146	0.00573	0.00327	0.01146
8	0.01929	0.01666	0.01753	0.01578	0.02016	0.01929	0.01227	0.04120	0.66513	0.03243	0.03156	0.02893	0.02367	0.01052	0.00789	0.00263	0.00614	0.00877	0.00789	0.01227
9	0.01445	0.00723	0.00723	0.00723	0.00903	0.00723	0.00542	0.01807	0.01626	0.02891	0.02529	0.02891	0.01987	0.00903	0.00542	0.00181	0.00361	0.00723	0.77055	0.00723
10	0.00959	0.00681	0.00895	0.01061	0.01103	0.00639	0.00700	0.01083	0.01456	0.01942	0.04129	0.66952	0.04946	0.07970	0.01223	0.00349	0.00474	0.02119	0.00700	0.00617
11	0.01249	0.00892	0.01249	0.01428	0.01606	0.00892	0.01249	0.01606	0.01785	0.02320	0.04105	0.08746	0.04462	0.02142	0.01071	0.00357	0.00714	0.62695	0.00714	0.00714
12	0.01097	0.00793	0.01036	0.00975	0.01158	0.00732	0.00732	0.01463	0.02195	0.03109	0.67505	0.05792	0.07316	0.01585	0.00914	0.00244	0.00366	0.01402	0.00854	0.00732
13	0.01128	0.00752	0.00846	0.00846	0.00846	0.00752	0.00470	0.01128	0.01128	0.01503	0.02443	0.05074	0.02819	0.72751	0.03946	0.00752	0.00752	0.01128	0.00470	0.00470
14	0.01637	0.06210	0.52584	0.02457	0.05818	0.01878	0.13725	0.02453	0.01673	0.02439	0.01413	0.01712	0.01026	0.00718	0.00760	0.00245	0.01154	0.00631	0.00341	0.01126
15	0.02896	0.03695	0.02197	0.01998	0.02397	0.69638	0.01498	0.03096	0.02197	0.01898	0.01199	0.01398	0.00999	0.00799	0.00699	0.00200	0.01398	0.00499	0.00400	0.00899
16	0.01696	0.01696	0.02375	0.02036	0.02036	0.02375	0.01696	0.01866	0.01187	0.01866	0.01018	0.01696	0.01018	0.01357	0.02545	0.00339	0.71332	0.00679	0.00339	0.00848
17	0.01347	0.00673	0.01010	0.01010	0.01010	0.00673	0.00673	0.01010	0.01010	0.01347	0.01347	0.02357	0.01347	0.02694	0.03030	0.77441	0.00673	0.00673	0.00337	0.00337
18	0.01464	0.01378	0.02326	0.70887	0.05340	0.01723	0.02153	0.01981	0.01550	0.01981	0.01378	0.02067	0.01034	0.00775	0.00775	0.00258	0.01034	0.00689	0.00345	0.00861
19	0.01830	0.02092	0.04575	0.03268	0.04052	0.01961	0.65098	0.02484	0.01830	0.02484	0.01569	0.02092	0.01176	0.00654	0.00915	0.00261	0.01307	0.00915	0.00392	0.01046
20	0.01089	0.00792	0.01025	0.00967	0.01153	0.00728	0.00725	0.01447	0.02175	0.03063	0.64758	0.05869	0.10092	0.01603	0.00915	0.00245	0.00367	0.01413	0.00847	0.00728
21	0.02947	0.02172	0.02327	0.01784	0.02404	0.02404	0.01474	0.65329	0.03646	0.04887	0.01862	0.01862	0.01319	0.00931	0.00776	0.00233	0.00853	0.00698	0.00776	0.01319
22	0.07379	0.00794	0.01124	0.06516	0.01390	0.00840	0.00803	0.01186	0.01077	0.01564	0.01328	0.02248	0.01282	0.02388	0.02653	0.65311	0.00696	0.00655	0.00349	0.00417
23	0.01079	0.00792	0.01012	0.00957	0.01147	0.00724	0.00717	0.01428	0.02152	0.03009	0.61594	0.05957	0.13289	0.01623	0.00915	0.00246	0.00368	0.01425	0.00840	0.00724
24	0.00952	0.00680	0.00906	0.01075	0.01126	0.00635	0.00720	0.01098	0.01518	0.02032	0.07250	0.69117	0.05231	0.02389	0.00986	0.00312	0.00446	0.02166	0.00726	0.00635
25	0.01687	0.17714	0.50631	0.02233	0.08140	0.02058	0.02518	0.02423	0.01635	0.02335	0.01334	0.01580	0.01004	0.00718	0.00691	0.00228	0.01065	0.00550	0.00333	0.01122
26	0.01830	0.02092	0.04575	0.03268	0.04052	0.01961	0.65098	0.02484	0.01830	0.02484	0.01569	0.02092	0.01176	0.00654	0.00915	0.00261	0.01307	0.00915	0.00392	0.01046
27	0.01667	0.01508	0.02290	0.37359	0.06121	0.01802	0.03929	0.06969	0.01670	0.02321	0.01417	0.01978	0.01127	0.00884	0.01097	0.00255	0.14741	0.00677	0.04559	0.07628
28	0.10509	0.17638	0.45209	0.01878	0.02828	0.02074	0.02265	0.04964	0.01670	0.02544	0.01311	0.01523	0.00982	0.00728	0.00660	0.00228	0.01007	0.00528	0.00364	0.01087
29	0.02155	0.09806	0.02056	0.01416	0.01984	0.01743	0.01161	0.18540	0.13080	0.08470	0.02130	0.07496	0.01755	0.00933	0.00702	0.00201	0.00678	0.00749	0.00642	0.24304

[dist]
# distance from previous block
# <min> <max>
0	4

[block]
# block no. 3 follows, 25 sequences, length 26
# corresponding to MSA columns:
# 183-208
name=unknown_D
#
# <colnr> <probs for GDERKNQSTAVLIFYWHMCP>
#	G	D	E	R	K	N	Q	S	T	A	V	L	I	F	Y	W	H	M	C	P
0	0.13934	0.01787	0.01918	0.01522	0.02049	0.01946	0.01238	0.39928	0.02805	0.12456	0.01953	0.02164	0.01465	0.06196	0.04886	0.00329	0.00854	0.00705	0.00714	0.01153
1	0.05986	0.01803	0.02028	0.01586	0.02161	0.01908	0.01301	0.37876	0.07790	0.22579	0.05277	0.02314	0.01823	0.00969	0.00772	0.00238	0.00748	0.00756	0.00820	0.01266
2	0.02073	0.73217	0.04063	0.01327	0.01990	0.03068	0.01327	0.02322	0.01575	0.01824	0.01078	0.01244	0.00995	0.00663	0.00498	0.00166	0.00829	0.00415	0.00332	0.00995
3	0.02045	0.69423	0.07609	0.01375	0.02065	0.02999	0.01411	0.02329	0.01579	0.01859	0.01095	0.01265	0.00994	0.00667	0.00511	0.00170	0.00847	0.00423	0.00331	0.01003
4	0.00945	0.00675	0.00900	0.01080	0.01125	0.00630	0.00720	0.01080	0.01484	0.01979	0.04274	0.72245	0.05128	0.02429	0.00990	0.00315	0.00450	0.02204	0.00720	0.00630
5	0.01795	0.01549	0.01625	0.01473	0.01888	0.01760	0.01143	0.03723	0.57961	0.03092	0.03776	0.03496	0.10983	0.01172	0.00806	0.00263	0.00584	0.00977	0.00780	0.01152
6	0.03479	0.01320	0.01799	0.01380	0.01979	0.01140	0.01140	0.03779	0.02219	0.68451	0.03059	0.02639	0.01919	0.00960	0.00780	0.00240	0.00660	0.00780	0.00960	0.01320
7	0.01097	0.00793	0.01036	0.00975	0.01158	0.00732	0.00732	0.01463	0.02195	0.03109	0.67505	0.05792	0.07316	0.01585	0.00914	0.00244	0.00366	0.01402	0.00854	0.00732
8	0.01464	0.01378	0.02326	0.70887	0.05340	0.01723	0.02153	0.01981	0.01550	0.01981	0.01378	0.02067	0.01034	0.00775	0.00775	0.00258	0.01034	0.00689	0.00345	0.00861
9	0.02896	0.03695	0.02197	0.01998	0.02397	0.69638	0.01498	0.03096	0.02197	0.01898	0.01199	0.01398	0.00999	0.00799	0.00699	0.00200	0.01398	0.00499	0.00400	0.00899
10	0.02000	0.02202	0.02330	0.02026	0.02127	0.19373	0.01646	0.02177	0.01443	0.01874	0.01063	0.01621	0.01013	0.01216	0.02078	0.00304	0.53659	0.00633	0.00354	0.00861
11	0.01929	0.01666	0.01753	0.01578	0.02016	0.01929	0.01227	0.04120	0.66513	0.03243	0.03156	0.02893	0.02367	0.01052	0.00789	0.00263	0.00614	0.00877	0.00789	0.01227
12	0.02073	0.73217	0.04063	0.01327	0.01990	0.03068	0.01327	0.02322	0.01575	0.01824	0.01078	0.01244	0.00995	0.00663	0.00498	0.00166	0.00829	0.00415	0.00332	0.00995
13	0.01830	0.02092	0.04575	0.03268	0.04052	0.01961	0.65098	0.02484	0.01830	0.02484	0.01569	0.02092	0.01176	0.00654	0.00915	0.00261	0.01307	0.00915	0.00392	0.01046
14	0.01249	0.00892	0.01249	0.01428	0.01606	0.00892	0.01249	0.01606	0.01785	0.02320	0.04105	0.08746	0.04462	0.02142	0.01071	0.00357	0.00714	0.62695	0.00714	0.00714
15	0.00958	0.00681	0.00896	0.01062	0.01104	0.00639	0.00701	0.01083	0.01458	0.01944	0.04136	0.67215	0.04955	0.07695	0.01211	0.00348	0.00472	0.02124	0.00701	0.00618
16	0.01445	0.00723	0.00723	0.00723	0.00903	0.00723	0.00542	0.01807	0.01626	0.02891	0.02529	0.02891	0.01987	0.00903	0.00542	0.00181	0.00361	0.00723	0.77055	0.00723
17	0.00945	0.00675	0.00900	0.01080	0.01125	0.00630	0.00720	0.01080	0.01484	0.01979	0.04274	0.72245	0.05128	0.02429	0.00990	0.00315	0.00450	0.02204	0.00720	0.00630
18	0.00945	0.00675	0.00900	0.01080	0.01125	0.00630	0.00720	0.01080	0.01484	0.01979	0.04274	0.72245	0.05128	0.02429	0.00990	0.00315	0.00450	0.02204	0.00720	0.00630
19	0.03448	0.01368	0.01829	0.01403	0.02004	0.01212	0.01159	0.07292	0.02301	0.64823	0.02991	0.02595	0.01885	0.00958	0.00779	0.00240	0.00671	0.00775	0.00949	0.01319
20	0.01591	0.08782	0.64275	0.02149	0.03262	0.01888	0.02759	0.02446	0.01633	0.02412	0.01370	0.01610	0.00983	0.00732	0.00720	0.00240	0.01124	0.00562	0.00328	0.01135
21	0.01555	0.04011	0.68733	0.02210	0.03356	0.01801	0.02865	0.02455	0.01637	0.02455	0.01391	0.01637	0.00982	0.00737	0.00737	0.00246	0.01146	0.00573	0.00327	0.01146
22	0.01489	0.01427	0.02481	0.66226	0.05251	0.01739	0.06493	0.02016	0.01570	0.02016	0.01391	0.02069	0.01043	0.00767	0.00785	0.00259	0.01052	0.00705	0.00348	0.00874
23	0.01684	0.01424	0.01649	0.01185	0.01870	0.01112	0.00950	0.05578	0.01724	0.02662	0.01406	0.01622	0.01158	0.00595	0.00586	0.00122	0.00590	0.00473	0.00477	0.73133
24	0.11813	0.04385	0.01938	0.01430	0.02014	0.01481	0.03459	0.10910	0.04528	0.38286	0.04643	0.02345	0.01798	0.00901	0.00727	0.00228	0.00689	0.00718	0.00787	0.06920
25	0.16204	0.05596	0.42828	0.01927	0.02813	0.01750	0.06898	0.02318	0.01608	0.02641	0.04484	0.04635	0.01428	0.00832	0.00711	0.00246	0.00978	0.00668	0.00402	0.01035

[dist]
# distance from previous block
# <min> <max>
2	17

[block]
# block no. 4 follows, 25 sequences, length 75
# corresponding to MSA columns:
# 226-300
name=unknown_E
#
# <colnr> <probs for GDERKNQSTAVLIFYWHMCP>
#	G	D	E	R	K	N	Q	S	T	A	V	L	I	F	Y	W	H	M	C	P
0	0.13303	0.04057	0.01630	0.01239	0.01762	0.04436	0.00997	0.07740	0.01911	0.16714	0.04790	0.06884	0.01855	0.00911	0.00665	0.00198	0.00636	0.00718	0.05338	0.24217
1	0.01211	0.00870	0.01199	0.01348	0.01524	0.00858	0.01155	0.01555	0.01814	0.02381	0.10775	0.11015	0.06654	0.02091	0.01047	0.00341	0.00658	0.52065	0.00729	0.00711
2	0.78228	0.01499	0.01140	0.01020	0.01499	0.01739	0.00840	0.02279	0.01320	0.03479	0.01080	0.01260	0.00840	0.00720	0.00480	0.00240	0.00600	0.00420	0.00480	0.00840
3	0.01608	0.01378	0.01608	0.01148	0.01837	0.01034	0.00919	0.01952	0.01608	0.02527	0.01378	0.01608	0.01148	0.00574	0.00574	0.00115	0.00574	0.00459	0.00459	0.77491
4	0.00916	0.00785	0.00785	0.00785	0.01047	0.00655	0.00589	0.01113	0.01767	0.02095	0.07855	0.07462	0.67599	0.01964	0.00916	0.00262	0.00393	0.01636	0.00720	0.00655
5	0.00945	0.00675	0.00900	0.01080	0.01125	0.00630	0.00720	0.01080	0.01484	0.01979	0.04274	0.72245	0.05128	0.02429	0.00990	0.00315	0.00450	0.02204	0.00720	0.00630
6	0.01621	0.07415	0.47912	0.04826	0.03412	0.01866	0.14384	0.02403	0.01672	0.02402	0.01512	0.01992	0.01157	0.00773	0.00771	0.00249	0.01137	0.03050	0.00355	0.01091
7	0.00982	0.00698	0.00927	0.01097	0.01151	0.00660	0.00752	0.01129	0.01490	0.01982	0.04153	0.62773	0.04937	0.06450	0.01167	0.00344	0.00491	0.07483	0.00705	0.00628
8	0.01097	0.00793	0.01036	0.00975	0.01158	0.00732	0.00732	0.01463	0.02195	0.03109	0.67505	0.05792	0.07316	0.01585	0.00914	0.00244	0.00366	0.01402	0.00854	0.00732
9	0.01293	0.00908	0.01137	0.01040	0.01273	0.00865	0.00792	0.04353	0.04965	0.05676	0.56084	0.05474	0.10074	0.01532	0.00898	0.00245	0.00410	0.01339	0.00844	0.00796
10	0.02223	0.01705	0.01970	0.11947	0.02595	0.01934	0.01413	0.17400	0.37146	0.09178	0.02594	0.02518	0.01895	0.00976	0.00783	0.00254	0.00734	0.00800	0.00735	0.01201
11	0.01600	0.03712	0.59050	0.02437	0.06389	0.01819	0.09318	0.02455	0.01663	0.02462	0.01413	0.01697	0.01014	0.00726	0.00757	0.00247	0.01152	0.00614	0.00337	0.01139
12	0.10548	0.07616	0.02210	0.05819	0.02449	0.54615	0.01457	0.02900	0.02031	0.02061	0.01189	0.01413	0.00984	0.00781	0.00668	0.00205	0.01260	0.00497	0.00400	0.00897
13	0.00959	0.00787	0.00845	0.00831	0.01074	0.00673	0.00623	0.01196	0.01869	0.02335	0.22009	0.07066	0.53295	0.01874	0.00916	0.00258	0.00386	0.01581	0.00752	0.00673
14	0.00943	0.00679	0.00895	0.01067	0.01121	0.00631	0.00714	0.01081	0.01496	0.01984	0.04425	0.69509	0.07766	0.02409	0.00987	0.00313	0.00447	0.02180	0.00720	0.00631
15	0.01579	0.07229	0.65726	0.02169	0.03292	0.01860	0.02793	0.02449	0.01634	0.02426	0.01377	0.01619	0.00983	0.00733	0.00726	0.00242	0.01131	0.00566	0.00328	0.01139
16	0.06420	0.01692	0.08032	0.47385	0.04294	0.01771	0.01957	0.10679	0.01834	0.02560	0.01487	0.01994	0.01106	0.00796	0.00741	0.00249	0.00957	0.00665	0.04440	0.00940
17	0.00956	0.00684	0.00910	0.01072	0.01127	0.00638	0.00721	0.01109	0.01539	0.02066	0.09105	0.67167	0.05295	0.02365	0.00984	0.00309	0.00443	0.02143	0.00730	0.00638
18	0.01075	0.00775	0.01016	0.00991	0.01153	0.00716	0.00730	0.01406	0.02089	0.02941	0.58071	0.15706	0.06990	0.01711	0.00926	0.00254	0.00378	0.01522	0.00834	0.00716
19	0.01770	0.02110	0.07934	0.10138	0.04053	0.01946	0.52105	0.02402	0.01761	0.02402	0.01513	0.02045	0.01143	0.00703	0.00965	0.00264	0.04481	0.00861	0.00381	0.01023
20	0.01347	0.00673	0.01010	0.01010	0.01010	0.00673	0.00673	0.01010	0.01010	0.01347	0.01347	0.02357	0.01347	0.02694	0.03030	0.77441	0.00673	0.00673	0.00337	0.00337
21	0.01660	0.01643	0.02305	0.01987	0.01996	0.02288	0.01652	0.01836	0.01191	0.01862	0.01083	0.01779	0.01074	0.01632	0.06678	0.00395	0.67068	0.00688	0.00344	0.00839
22	0.00974	0.00709	0.00919	0.01034	0.01125	0.00653	0.00711	0.01163	0.01656	0.02225	0.17784	0.53016	0.10734	0.02214	0.00968	0.00296	0.00428	0.01990	0.00748	0.00653
23	0.01469	0.01304	0.02126	0.58808	0.04623	0.01618	0.01927	0.01931	0.01528	0.02052	0.01481	0.02144	0.01140	0.00866	0.00888	0.02396	0.03923	0.00692	0.08251	0.00832
24	0.09397	0.01391	0.02203	0.63667	0.04943	0.01724	0.02018	0.02012	0.01527	0.02136	0.01347	0.01984	0.01014	0.00769	0.00745	0.00256	0.00989	0.00661	0.00359	0.00859
25	0.70358	0.08911	0.01442	0.01051	0.01550	0.01877	0.00890	0.02284	0.01346	0.03308	0.01079	0.01258	0.00856	0.00714	0.00482	0.00232	0.00623	0.00419	0.00465	0.00856
26	0.01013	0.00747	0.00973	0.01087	0.01198	0.00672	0.00740	0.01170	0.01497	0.02036	0.03974	0.64945	0.04717	0.02237	0.00947	0.00294	0.00463	0.02024	0.00693	0.08572
27	0.02073	0.73217	0.04063	0.01327	0.01990	0.03068	0.01327	0.02322	0.01575	0.01824	0.01078	0.01244	0.00995	0.00663	0.00498	0.00166	0.00829	0.00415	0.00332	0.00995
28	0.01868	0.01398	0.01710	0.01274	0.01894	0.01157	0.02760	0.07702	0.01889	0.09561	0.05787	0.04836	0.01783	0.00784	0.00660	0.00158	0.00610	0.00654	0.00572	0.52941
29	0.02029	0.67350	0.09546	0.01402	0.02106	0.02961	0.01457	0.02333	0.01581	0.01878	0.01105	0.01277	0.00994	0.00670	0.00518	0.00173	0.00856	0.00428	0.00331	0.01008
30	0.02947	0.02172	0.02327	0.01784	0.02404	0.02404	0.01474	0.65329	0.03646	0.04887	0.01862	0.01862	0.01319	0.00931	0.00776	0.00233	0.00853	0.00698	0.00776	0.01319
31	0.01739	0.01945	0.04195	0.03042	0.03750	0.01823	0.58445	0.02339	0.01794	0.02432	0.01848	0.09341	0.01585	0.00837	0.00923	0.00267	0.01219	0.01048	0.00426	0.01003
32	0.62007	0.01384	0.01153	0.01081	0.01496	0.01580	0.00878	0.02194	0.04054	0.03243	0.01693	0.08203	0.01576	0.01000	0.00586	0.00257	0.00596	0.05660	0.00533	0.00827
33	0.03309	0.01557	0.07709	0.01453	0.02101	0.01198	0.01292	0.03662	0.02168	0.62624	0.02912	0.02551	0.01837	0.00940	0.00776	0.00240	0.00703	0.00761	0.00904	0.01304
34	0.00945	0.00675	0.00900	0.01080	0.01125	0.00630	0.00720	0.01080	0.01484	0.01979	0.04274	0.72245	0.05128	0.02429	0.00990	0.00315	0.00450	0.02204	0.00720	0.00630
35	0.00951	0.00677	0.00898	0.01071	0.01115	0.00634	0.00711	0.01081	0.01472	0.01963	0.04210	0.69910	0.05048	0.04873	0.01092	0.00330	0.00460	0.02167	0.00711	0.00624
36	0.01919	0.01842	0.03147	0.04759	0.67914	0.01842	0.02380	0.02380	0.01765	0.02533	0.01458	0.01919	0.01228	0.00691	0.00768	0.00230	0.00921	0.00691	0.00384	0.01228
37	0.00945	0.00675	0.00900	0.01080	0.01125	0.00630	0.00720	0.01080	0.01484	0.01979	0.04274	0.72245	0.05128	0.02429	0.00990	0.00315	0.00450	0.02204	0.00720	0.00630
38	0.01128	0.00752	0.00846	0.00846	0.00846	0.00752	0.00470	0.01128	0.01128	0.01503	0.02443	0.05074	0.02819	0.72751	0.03946	0.00752	0.00752	0.01128	0.00470	0.00470
39	0.01555	0.04011	0.68733	0.02210	0.03356	0.01801	0.02865	0.02455	0.01637	0.02455	0.01391	0.01637	0.00982	0.00737	0.00737	0.00246	0.01146	0.00573	0.00327	0.01146
40	0.01249	0.00892	0.01249	0.01428	0.01606	0.00892	0.01249	0.01606	0.01785	0.02320	0.04105	0.08746	0.04462	0.02142	0.01071	0.00357	0.00714	0.62695	0.00714	0.00714
41	0.00945	0.00675	0.00900	0.01080	0.01125	0.00630	0.00720	0.01080	0.01484	0.01979	0.04274	0.72245	0.05128	0.02429	0.00990	0.00315	0.00450	0.02204	0.00720	0.00630
42	0.00916	0.00785	0.00785	0.00785	0.01047	0.00655	0.00589	0.01113	0.01767	0.02095	0.07855	0.07462	0.67599	0.01964	0.00916	0.00262	0.00393	0.01636	0.00720	0.00655
43	0.73593	0.01541	0.01213	0.01067	0.01555	0.01780	0.00879	0.06161	0.01463	0.03565	0.01128	0.01297	0.00869	0.00733	0.00498	0.00239	0.00615	0.00437	0.00498	0.00869
44	0.01792	0.02017	0.04341	0.10304	0.04186	0.01936	0.58549	0.02431	0.01801	0.02431	0.01549	0.02089	0.01162	0.00666	0.00900	0.00261	0.01279	0.00892	0.00387	0.01027
45	0.02947	0.02172	0.02327	0.01784	0.02404	0.02404	0.01474	0.65329	0.03646	0.04887	0.01862	0.01862	0.01319	0.00931	0.00776	0.00233	0.00853	0.00698	0.00776	0.01319
46	0.01785	0.01953	0.03882	0.02843	0.03457	0.01972	0.46830	0.02313	0.01679	0.02359	0.01439	0.01971	0.01141	0.00793	0.01225	0.00266	0.15749	0.00830	0.00387	0.07125
47	0.01830	0.02092	0.04575	0.03268	0.04052	0.01961	0.65098	0.02484	0.01830	0.02484	0.01569	0.02092	0.01176	0.00654	0.00915	0.00261	0.01307	0.00915	0.00392	0.01046
48	0.01858	0.01406	0.01658	0.01199	0.01876	0.01103	0.00965	0.04833	0.01758	0.09439	0.01572	0.01725	0.01235	0.00629	0.00604	0.00133	0.00595	0.00503	0.00525	0.66384
49	0.00945	0.00675	0.00900	0.01080	0.01125	0.00630	0.00720	0.01080	0.01484	0.01979	0.04274	0.72245	0.05128	0.02429	0.00990	0.00315	0.00450	0.02204	0.00720	0.00630
50	0.00945	0.00675	0.00900	0.01080	0.01125	0.00630	0.00720	0.01080	0.01484	0.01979	0.04274	0.72245	0.05128	0.02429	0.00990	0.00315	0.00450	0.02204	0.00720	0.00630
51	0.01698	0.01862	0.03922	0.12949	0.03982	0.01808	0.50222	0.02286	0.01759	0.02366	0.01780	0.08282	0.01505	0.00828	0.00901	0.00266	0.01192	0.00996	0.00414	0.00982
52	0.01727	0.01762	0.02455	0.09201	0.02477	0.05057	0.04413	0.01955	0.01294	0.01905	0.01086	0.01739	0.01025	0.01244	0.02217	0.00322	0.58234	0.00682	0.00345	0.00860
53	0.02084	0.01748	0.02066	0.06232	0.10295	0.01915	0.01445	0.16664	0.34470	0.03357	0.02379	0.02370	0.01796	0.00916	0.00760	0.00237	0.00724	0.00761	0.00675	0.09105
54	0.03289	0.01361	0.01805	0.01376	0.01985	0.01184	0.01134	0.06224	0.02225	0.59877	0.02858	0.02514	0.01825	0.00924	0.00761	0.00228	0.00660	0.00748	0.00907	0.08113
55	0.01068	0.00791	0.00996	0.00945	0.01140	0.00719	0.00709	0.01407	0.02126	0.02945	0.57860	0.06062	0.17064	0.01646	0.00915	0.00247	0.00370	0.01440	0.00832	0.00719
56	0.00970	0.00709	0.00949	0.01111	0.01155	0.00688	0.00752	0.01106	0.01475	0.01976	0.04166	0.69906	0.04992	0.02394	0.01041	0.00316	0.02800	0.02154	0.00707	0.00637
57	0.01748	0.01850	0.03233	0.02516	0.02822	0.02213	0.26412	0.02107	0.01438	0.02107	0.01233	0.01850	0.01080	0.01083	0.01909	0.00309	0.44035	0.00771	0.00360	0.00925
58	0.01608	0.01378	0.01608	0.01148	0.01837	0.01034	0.00919	0.01952	0.01608	0.02527	0.01378	0.01608	0.01148	0.00574	0.00574	0.00115	0.00574	0.00459	0.00459	0.77491
59	0.00945	0.00675	0.00900	0.01080	0.01125	0.00630	0.00720	0.01080	0.01484	0.01979	0.04274	0.72245	0.05128	0.02429	0.00990	0.00315	0.00450	0.02204	0.00720	0.00630
60	0.00955	0.00679	0.00897	0.01066	0.01109	0.00637	0.00705	0.01082	0.01464	0.01952	0.04168	0.68380	0.04995	0.06476	0.01160	0.00340	0.00467	0.02142	0.00705	0.00621
61	0.01892	0.01542	0.02125	0.39577	0.03839	0.01798	0.01747	0.21578	0.02224	0.02954	0.01976	0.02556	0.04061	0.00938	0.00780	0.00250	0.00899	0.03361	0.04924	0.00981
62	0.00960	0.00687	0.00914	0.01069	0.01128	0.00640	0.00721	0.01119	0.01558	0.02096	0.10808	0.65378	0.05354	0.02342	0.00982	0.00308	0.00441	0.02121	0.00734	0.00640
63	0.00960	0.00687	0.00914	0.01069	0.01128	0.00640	0.00721	0.01119	0.01558	0.02096	0.10808	0.65378	0.05354	0.02342	0.00982	0.00308	0.00441	0.02121	0.00734	0.00640
64	0.70713	0.01518	0.01228	0.01073	0.01566	0.01733	0.00884	0.05057	0.01471	0.07278	0.01227	0.01365	0.00922	0.00743	0.00510	0.00240	0.00614	0.00452	0.00520	0.00888
65	0.03224	0.01337	0.01768	0.01380	0.01946	0.01204	0.01131	0.05795	0.05967	0.58467	0.06991	0.02821	0.02256	0.01002	0.00788	0.00241	0.00646	0.00821	0.00937	0.01278
66	0.01445	0.00723	0.00723	0.00723	0.00903	0.00723	0.00542	0.01807	0.01626	0.02891	0.02529	0.02891	0.01987	0.00903	0.00542	0.00181	0.00361	0.00723	0.77055	0.00723
67	0.05947	0.01252	0.01634	0.01297	0.01805	0.01131	0.01056	0.05830	0.02238	0.49396	0.16510	0.03215	0.02988	0.01081	0.00796	0.00240	0.00604	0.00893	0.00910	0.01176
68	0.02042	0.55855	0.09092	0.01514	0.02132	0.06991	0.01502	0.02333	0.01579	0.01885	0.01105	0.01332	0.00997	0.00749	0.00741	0.00192	0.08176	0.00460	0.00336	0.00986
69	0.01762	0.01482	0.01714	0.01261	0.01910	0.01257	0.01015	0.08585	0.04403	0.02777	0.01487	0.01688	0.01210	0.00657	0.00671	0.00141	0.03008	0.00508	0.00501	0.63963
70	0.01731	0.05454	0.37298	0.02464	0.03417	0.01878	0.24250	0.05101	0.01785	0.02551	0.01461	0.01789	0.01075	0.00704	0.00782	0.00240	0.01144	0.00685	0.00377	0.05814
71	0.01128	0.00868	0.01154	0.08345	0.01663	0.00899	0.00933	0.01531	0.08288	0.02157	0.06673	0.49229	0.04392	0.05045	0.01072	0.00321	0.00547	0.04355	0.00683	0.00717
72	0.78228	0.01499	0.01140	0.01020	0.01499	0.01739	0.00840	0.02279	0.01320	0.03479	0.01080	0.01260	0.00840	0.00720	0.00480	0.00240	0.00600	0.00420	0.00480	0.00840
73	0.01509	0.00785	0.00791	0.00768	0.00967	0.00794	0.00582	0.04518	0.01712	0.02976	0.02501	0.02847	0.01959	0.00905	0.00552	0.00183	0.00382	0.00722	0.73799	0.00748
74	0.01608	0.01378	0.01608	0.01148	0.01837	0.01034	0.00919	0.01952	0.01608	0.02527	0.01378	0.01608	0.01148	0.00574	0.00574	0.00115	0.00574	0.00459	0.00459	0.77491

[dist]
# distance from previous block
# <min> <max>
0	1

[block]
# block no. 5 follows, 25 sequences, length 31
# corresponding to MSA columns:
# 302-332
name=unknown_F
#
# <colnr> <probs for GDERKNQSTAVLIFYWHMCP>
#	G	D	E	R	K	N	Q	S	T	A	V	L	I	F	Y	W	H	M	C	P
0	0.05499	0.01474	0.01738	0.01383	0.01909	0.05733	0.01122	0.08055	0.02294	0.47975	0.11765	0.02892	0.02530	0.01026	0.00783	0.00237	0.00680	0.00830	0.00878	0.01194
1	0.00956	0.00684	0.00910	0.01072	0.01127	0.00637	0.00721	0.01109	0.01538	0.02065	0.09058	0.67216	0.05294	0.02365	0.00984	0.00310	0.00443	0.02144	0.00730	0.00637
2	0.01555	0.04011	0.68733	0.02210	0.03356	0.01801	0.02865	0.02455	0.01637	0.02455	0.01391	0.01637	0.00982	0.00737	0.00737	0.00246	0.01146	0.00573	0.00327	0.01146
3	0.14239	0.02773	0.01972	0.01705	0.02181	0.39751	0.01322	0.09732	0.02198	0.11565	0.01514	0.01606	0.01142	0.00813	0.00680	0.00211	0.01082	0.00545	0.00531	0.04439
4	0.02947	0.02172	0.02327	0.01784	0.02404	0.02404	0.01474	0.65329	0.03646	0.04887	0.01862	0.01862	0.01319	0.00931	0.00776	0.00233	0.00853	0.00698	0.00776	0.01319
5	0.00945	0.00675	0.00900	0.01080	0.01125	0.00630	0.00720	0.01080	0.01484	0.01979	0.04274	0.72245	0.05128	0.02429	0.00990	0.00315	0.00450	0.02204	0.00720	0.00630
6	0.01097	0.00793	0.01036	0.00975	0.01158	0.00732	0.00732	0.01463	0.02195	0.03109	0.67505	0.05792	0.07316	0.01585	0.00914	0.00244	0.00366	0.01402	0.00854	0.00732
7	0.00945	0.00675	0.00900	0.01080	0.01125	0.00630	0.00720	0.01080	0.01484	0.01979	0.04274	0.72245	0.05128	0.02429	0.00990	0.00315	0.00450	0.02204	0.00720	0.00630
8	0.00945	0.00675	0.00900	0.01080	0.01125	0.00630	0.00720	0.01080	0.01484	0.01979	0.04274	0.72245	0.05128	0.02429	0.00990	0.00315	0.00450	0.02204	0.00720	0.00630
9	0.00945	0.00675	0.00900	0.01080	0.01125	0.00630	0.00720	0.01080	0.01484	0.01979	0.04274	0.72245	0.05128	0.02429	0.00990	0.00315	0.00450	0.02204	0.00720	0.00630
10	0.02807	0.03546	0.02210	0.02000	0.02370	0.64624	0.01513	0.03004	0.02122	0.01895	0.01185	0.01420	0.01000	0.00841	0.00837	0.00210	0.06611	0.00513	0.00395	0.00895
11	0.01830	0.02092	0.04575	0.03268	0.04052	0.01961	0.65098	0.02484	0.01830	0.02484	0.01569	0.02092	0.01176	0.00654	0.00915	0.00261	0.01307	0.00915	0.00392	0.01046
12	0.01079	0.00792	0.01011	0.00956	0.01147	0.00724	0.00717	0.01428	0.02151	0.03006	0.61451	0.05961	0.13434	0.01624	0.00915	0.00246	0.00369	0.01426	0.00840	0.00724
13	0.01445	0.00723	0.00723	0.00723	0.00903	0.00723	0.00542	0.01807	0.01626	0.02891	0.02529	0.02891	0.01987	0.00903	0.00542	0.00181	0.00361	0.00723	0.77055	0.00723
14	0.01278	0.00832	0.01094	0.01006	0.01220	0.00762	0.00762	0.01638	0.02197	0.08054	0.62628	0.05553	0.06908	0.01538	0.00904	0.00244	0.00388	0.01355	0.00862	0.00776
15	0.02277	0.01627	0.01790	0.06747	0.02144	0.01803	0.01224	0.34872	0.09965	0.03891	0.02167	0.02297	0.01612	0.00924	0.00708	0.00223	0.00695	0.00725	0.23213	0.01098
16	0.01215	0.00869	0.01207	0.01367	0.01536	0.00861	0.01170	0.01556	0.01794	0.02355	0.08980	0.13253	0.04731	0.02121	0.01053	0.00345	0.00668	0.53486	0.00725	0.00709
17	0.03479	0.01320	0.01799	0.01380	0.01979	0.01140	0.01140	0.03779	0.02219	0.68451	0.03059	0.02639	0.01919	0.00960	0.00780	0.00240	0.00660	0.00780	0.00960	0.01320
18	0.01530	0.01460	0.02515	0.60707	0.12036	0.01746	0.05010	0.02047	0.01586	0.02063	0.01395	0.02052	0.01061	0.00761	0.00781	0.00256	0.01034	0.00699	0.00351	0.00909
19	0.01819	0.02629	0.23536	0.02872	0.03756	0.01878	0.43830	0.02531	0.01789	0.05322	0.01580	0.01980	0.01151	0.00692	0.00856	0.00256	0.01231	0.00807	0.00397	0.01087
20	0.01642	0.01409	0.01624	0.01195	0.01857	0.01130	0.00952	0.02186	0.08613	0.02604	0.01570	0.01747	0.01280	0.00626	0.00597	0.00131	0.00578	0.00504	0.00495	0.69259
21	0.02175	0.01158	0.01508	0.03795	0.01764	0.01069	0.01006	0.07213	0.02246	0.27469	0.31176	0.03871	0.04161	0.01197	0.00823	0.00232	0.00552	0.01021	0.00839	0.06721
22	0.01089	0.00791	0.01031	0.01009	0.01184	0.00732	0.00763	0.01429	0.02091	0.02919	0.55291	0.11182	0.09603	0.01708	0.00932	0.00259	0.00399	0.06043	0.00827	0.00719
23	0.00945	0.00675	0.00900	0.01080	0.01125	0.00630	0.00720	0.01080	0.01484	0.01979	0.04274	0.72245	0.05128	0.02429	0.00990	0.00315	0.00450	0.02204	0.00720	0.00630
24	0.01555	0.04011	0.68733	0.02210	0.03356	0.01801	0.02865	0.02455	0.01637	0.02455	0.01391	0.01637	0.00982	0.00737	0.00737	0.00246	0.01146	0.00573	0.00327	0.01146
25	0.01159	0.00868	0.01169	0.01377	0.03976	0.00863	0.00998	0.01537	0.06581	0.02210	0.04022	0.43260	0.04544	0.02161	0.00992	0.00321	0.00568	0.21956	0.00710	0.00727
26	0.00943	0.00682	0.00893	0.01061	0.01120	0.00631	0.00712	0.01082	0.01502	0.01986	0.04496	0.68213	0.09016	0.02400	0.00985	0.00312	0.00446	0.02169	0.00720	0.00631
27	0.01114	0.00746	0.00850	0.00864	0.00867	0.00742	0.00489	0.01124	0.01155	0.01540	0.02583	0.10225	0.02996	0.67358	0.03720	0.00718	0.00729	0.01210	0.00489	0.00482
28	0.01592	0.01613	0.02963	0.44521	0.04625	0.01859	0.19802	0.02110	0.01590	0.02110	0.01393	0.02034	0.01072	0.00803	0.01004	0.00268	0.08620	0.00751	0.00357	0.00912
29	0.02672	0.01244	0.01540	0.01267	0.01734	0.01191	0.01018	0.03353	0.14528	0.39918	0.05274	0.02853	0.02213	0.00988	0.00737	0.00232	0.00578	0.00809	0.16692	0.01157
30	0.22171	0.01402	0.01658	0.01307	0.01878	0.01346	0.01079	0.06127	0.02057	0.49371	0.02510	0.02259	0.01622	0.00898	0.00704	0.00240	0.00653	0.00686	0.00831	0.01199

[dist]
# distance from previous block
# <min> <max>
0	1

[block]
# block no. 6 follows, 25 sequences, length 139
# corresponding to MSA columns:
# 334-472
name=unknown_G
#
# <colnr> <probs for GDERKNQSTAVLIFYWHMCP>
#	G	D	E	R	K	N	Q	S	T	A	V	L	I	F	Y	W	H	M	C	P
0	0.02875	0.01255	0.01753	0.01364	0.01900	0.01089	0.03683	0.03197	0.02156	0.50529	0.12889	0.03225	0.05046	0.01061	0.00802	0.00237	0.00628	0.00897	0.00890	0.04524
1	0.01785	0.02096	0.07915	0.02953	0.05929	0.01852	0.48871	0.02389	0.01764	0.02464	0.01509	0.01984	0.01157	0.00679	0.00924	0.00245	0.04031	0.00822	0.00394	0.10238
2	0.01794	0.02016	0.04297	0.08900	0.04079	0.01958	0.57241	0.02416	0.01781	0.02416	0.01530	0.02073	0.01158	0.00692	0.00969	0.00264	0.04120	0.00886	0.00386	0.01022
3	0.73637	0.01453	0.01115	0.01002	0.01464	0.01679	0.00822	0.02251	0.01338	0.03444	0.01166	0.01357	0.00908	0.00731	0.00484	0.00236	0.00586	0.00438	0.05058	0.00833
4	0.02502	0.01859	0.02054	0.01545	0.02189	0.01873	0.01266	0.40609	0.02874	0.06736	0.01743	0.01806	0.01284	0.00807	0.00705	0.00192	0.00748	0.00618	0.00673	0.27918
5	0.02014	0.01708	0.01801	0.01595	0.02049	0.01969	0.01248	0.09263	0.61231	0.03382	0.03047	0.02806	0.02279	0.01042	0.00788	0.00260	0.00634	0.00862	0.00788	0.01235
6	0.02827	0.09537	0.02354	0.01941	0.02363	0.64044	0.01484	0.03031	0.02145	0.01891	0.01188	0.01385	0.00998	0.00788	0.00682	0.00197	0.01350	0.00492	0.00394	0.00907
7	0.00956	0.00679	0.00896	0.01066	0.01108	0.00637	0.00705	0.01082	0.01463	0.01951	0.04164	0.68228	0.04990	0.06634	0.01166	0.00341	0.00468	0.02140	0.00705	0.00620
8	0.01000	0.00734	0.00959	0.01085	0.01185	0.00664	0.00736	0.01153	0.01495	0.02025	0.04030	0.66309	0.04794	0.02273	0.00955	0.00298	0.00460	0.02058	0.00698	0.07088
9	0.00919	0.00776	0.00795	0.00810	0.01054	0.00652	0.00600	0.01110	0.01744	0.02085	0.07554	0.12905	0.62350	0.02003	0.00923	0.00266	0.00398	0.01684	0.00720	0.00652
10	0.01128	0.00752	0.00846	0.00846	0.00846	0.00752	0.00470	0.01128	0.01128	0.01503	0.02443	0.05074	0.02819	0.72751	0.03946	0.00752	0.00752	0.01128	0.00470	0.00470
11	0.02947	0.02172	0.02327	0.01784	0.02404	0.02404	0.01474	0.65329	0.03646	0.04887	0.01862	0.01862	0.01319	0.00931	0.00776	0.00233	0.00853	0.00698	0.00776	0.01319
12	0.00945	0.00675	0.00900	0.01080	0.01125	0.00630	0.00720	0.01080	0.01484	0.01979	0.04274	0.72245	0.05128	0.02429	0.00990	0.00315	0.00450	0.02204	0.00720	0.00630
13	0.00945	0.00675	0.00900	0.01080	0.01125	0.00630	0.00720	0.01080	0.01484	0.01979	0.04274	0.72245	0.05128	0.02429	0.00990	0.00315	0.00450	0.02204	0.00720	0.00630
14	0.01097	0.00793	0.01036	0.00975	0.01158	0.00732	0.00732	0.01463	0.02195	0.03109	0.67505	0.05792	0.07316	0.01585	0.00914	0.00244	0.00366	0.01402	0.00854	0.00732
15	0.01608	0.01378	0.01608	0.01148	0.01837	0.01034	0.00919	0.01952	0.01608	0.02527	0.01378	0.01608	0.01148	0.00574	0.00574	0.00115	0.00574	0.00459	0.00459	0.77491
16	0.01128	0.00752	0.00846	0.00846	0.00846	0.00752	0.00470	0.01128	0.01128	0.01503	0.02443	0.05074	0.02819	0.72751	0.03946	0.00752	0.00752	0.01128	0.00470	0.00470
17	0.00916	0.00785	0.00785	0.00785	0.01047	0.00655	0.00589	0.01113	0.01767	0.02095	0.07855	0.07462	0.67599	0.01964	0.00916	0.00262	0.00393	0.01636	0.00720	0.00655
18	0.01696	0.01696	0.02375	0.02036	0.02036	0.02375	0.01696	0.01866	0.01187	0.01866	0.01018	0.01696	0.01018	0.01357	0.02545	0.00339	0.71332	0.00679	0.00339	0.00848
19	0.01464	0.01378	0.02326	0.70887	0.05340	0.01723	0.02153	0.01981	0.01550	0.01981	0.01378	0.02067	0.01034	0.00775	0.00775	0.00258	0.01034	0.00689	0.00345	0.00861
20	0.01963	0.57712	0.16021	0.01517	0.02246	0.02807	0.01626	0.02330	0.01573	0.01943	0.01134	0.01334	0.00993	0.00703	0.00618	0.00187	0.03492	0.00454	0.00331	0.01018
21	0.78228	0.01499	0.01140	0.01020	0.01499	0.01739	0.00840	0.02279	0.01320	0.03479	0.01080	0.01260	0.00840	0.00720	0.00480	0.00240	0.00600	0.00420	0.00480	0.00840
22	0.03198	0.01334	0.01770	0.01358	0.01947	0.01161	0.01116	0.05866	0.02221	0.57660	0.05719	0.02663	0.02071	0.00954	0.00768	0.00229	0.00647	0.00777	0.00906	0.07635
23	0.00941	0.00747	0.00846	0.00904	0.01084	0.00652	0.00647	0.01131	0.01705	0.02140	0.11618	0.29913	0.40749	0.02094	0.00942	0.00279	0.00410	0.01815	0.00731	0.00652
24	0.78228	0.01499	0.01140	0.01020	0.01499	0.01739	0.00840	0.02279	0.01320	0.03479	0.01080	0.01260	0.00840	0.00720	0.00480	0.00240	0.00600	0.00420	0.00480	0.00840
25	0.01830	0.02092	0.04575	0.03268	0.04052	0.01961	0.65098	0.02484	0.01830	0.02484	0.01569	0.02092	0.01176	0.00654	0.00915	0.00261	0.01307	0.00915	0.00392	0.01046
26	0.01830	0.02092	0.04575	0.03268	0.04052	0.01961	0.65098	0.02484	0.01830	0.02484	0.01569	0.02092	0.01176	0.00654	0.00915	0.00261	0.01307	0.00915	0.00392	0.01046
27	0.03479	0.01320	0.01799	0.01380	0.01979	0.01140	0.01140	0.03779	0.02219	0.68451	0.03059	0.02639	0.01919	0.00960	0.00780	0.00240	0.00660	0.00780	0.00960	0.01320
28	0.01464	0.01378	0.02326	0.70887	0.05340	0.01723	0.02153	0.01981	0.01550	0.01981	0.01378	0.02067	0.01034	0.00775	0.00775	0.00258	0.01034	0.00689	0.00345	0.00861
29	0.02073	0.73217	0.04063	0.01327	0.01990	0.03068	0.01327	0.02322	0.01575	0.01824	0.01078	0.01244	0.00995	0.00663	0.00498	0.00166	0.00829	0.00415	0.00332	0.00995
30	0.03447	0.01370	0.01831	0.01404	0.02005	0.01215	0.01160	0.07459	0.02305	0.64650	0.02987	0.02593	0.01883	0.00958	0.00779	0.00239	0.00671	0.00775	0.00949	0.01319
31	0.00945	0.00675	0.00900	0.01080	0.01125	0.00630	0.00720	0.01080	0.01484	0.01979	0.04274	0.72245	0.05128	0.02429	0.00990	0.00315	0.00450	0.02204	0.00720	0.00630
32	0.00945	0.00675	0.00900	0.01080	0.01125	0.00630	0.00720	0.01080	0.01484	0.01979	0.04274	0.72245	0.05128	0.02429	0.00990	0.00315	0.00450	0.02204	0.00720	0.00630
33	0.00945	0.00675	0.00900	0.01080	0.01125	0.00630	0.00720	0.01080	0.01484	0.01979	0.04274	0.72245	0.05128	0.02429	0.00990	0.00315	0.00450	0.02204	0.00720	0.00630
34	0.01097	0.00793	0.01036	0.00975	0.01158	0.00732	0.00732	0.01463	0.02195	0.03109	0.67505	0.05792	0.07316	0.01585	0.00914	0.00244	0.00366	0.01402	0.00854	0.00732
35	0.01249	0.00892	0.01249	0.01428	0.01606	0.00892	0.01249	0.01606	0.01785	0.02320	0.04105	0.08746	0.04462	0.02142	0.01071	0.00357	0.00714	0.62695	0.00714	0.00714
36	0.03479	0.01320	0.01799	0.01380	0.01979	0.01140	0.01140	0.03779	0.02219	0.68451	0.03059	0.02639	0.01919	0.00960	0.00780	0.00240	0.00660	0.00780	0.00960	0.01320
37	0.02633	0.01508	0.01774	0.01488	0.01999	0.01570	0.01187	0.03965	0.37311	0.32861	0.03112	0.02778	0.02164	0.01010	0.00785	0.00253	0.00635	0.00833	0.00866	0.01269
38	0.02947	0.02172	0.02327	0.01784	0.02404	0.02404	0.01474	0.65329	0.03646	0.04887	0.01862	0.01862	0.01319	0.00931	0.00776	0.00233	0.00853	0.00698	0.00776	0.01319
39	0.03479	0.01320	0.01799	0.01380	0.01979	0.01140	0.01140	0.03779	0.02219	0.68451	0.03059	0.02639	0.01919	0.00960	0.00780	0.00240	0.00660	0.00780	0.00960	0.01320
40	0.09449	0.02043	0.02181	0.01684	0.02291	0.02241	0.01391	0.54749	0.03326	0.10107	0.01895	0.01875	0.01328	0.00915	0.00751	0.00234	0.00815	0.00681	0.00766	0.01278
41	0.02280	0.08558	0.02441	0.01950	0.02198	0.30442	0.01573	0.05086	0.01744	0.02003	0.01134	0.01541	0.01021	0.01048	0.01530	0.00262	0.33324	0.00583	0.00382	0.00901
42	0.01691	0.12955	0.31451	0.07986	0.03187	0.02108	0.12040	0.02290	0.01566	0.02219	0.01303	0.01699	0.01025	0.00833	0.01073	0.00255	0.14314	0.00633	0.00342	0.01029
43	0.09477	0.01367	0.01766	0.01366	0.01957	0.01236	0.01128	0.06011	0.02201	0.60789	0.02854	0.02498	0.01809	0.00939	0.00755	0.00240	0.00662	0.00748	0.00914	0.01281
44	0.01179	0.00806	0.01057	0.00997	0.01188	0.00741	0.00746	0.01528	0.02153	0.05525	0.61275	0.09645	0.06980	0.01612	0.00914	0.00248	0.00382	0.01427	0.00850	0.00748
45	0.06779	0.01327	0.01770	0.01364	0.01958	0.01166	0.01126	0.03712	0.02180	0.65583	0.02972	0.02578	0.01872	0.00949	0.00766	0.00240	0.00657	0.00764	0.00938	0.01298
46	0.01511	0.01418	0.02385	0.58660	0.07658	0.01737	0.04398	0.02003	0.01551	0.02052	0.01412	0.02071	0.01083	0.00807	0.00877	0.00259	0.05216	0.00698	0.03324	0.00878
47	0.01172	0.00925	0.01369	0.01332	0.01455	0.01122	0.01048	0.01437	0.01240	0.01807	0.01962	0.02900	0.01838	0.05331	0.62392	0.01148	0.09593	0.00814	0.00407	0.00709
48	0.00916	0.00785	0.00785	0.00785	0.01047	0.00655	0.00589	0.01113	0.01767	0.02095	0.07855	0.07462	0.67599	0.01964	0.00916	0.00262	0.00393	0.01636	0.00720	0.00655
49	0.02839	0.01429	0.01764	0.01427	0.01952	0.01405	0.01153	0.08513	0.18677	0.41262	0.08517	0.02913	0.02449	0.01034	0.00793	0.00246	0.00638	0.00851	0.00893	0.01246
