[name]
unknown

[dist]
# distance from previous block
# <min> <max>
0	78

[block]
# block no. 0 follows, 24 sequences, length 23
# corresponding to MSA columns:
# 84-106
name=unknown_A
#
# <colnr> <probs for GDERKNQSTAVLIFYWHMCP>
#	G	D	E	R	K	N	Q	S	T	A	V	L	I	F	Y	W	H	M	C	P
0	0.07087	0.01525	0.01719	0.01435	0.01904	0.01573	0.01165	0.26994	0.02589	0.15237	0.03182	0.10388	0.08931	0.01313	0.00827	0.00258	0.00692	0.06657	0.03166	0.03359
1	0.02154	0.01693	0.01869	0.05798	0.02276	0.01911	0.01311	0.13264	0.44476	0.07714	0.03166	0.02980	0.05651	0.01084	0.00810	0.00262	0.00683	0.00892	0.00785	0.01221
2	0.01477	0.01346	0.02238	0.63054	0.05018	0.01670	0.02055	0.01984	0.01572	0.02062	0.01506	0.02210	0.01155	0.01080	0.04496	0.00315	0.01081	0.00714	0.04100	0.00865
3	0.02314	0.01897	0.02338	0.18937	0.03148	0.08668	0.07113	0.21816	0.04452	0.09361	0.09856	0.02533	0.02078	0.00963	0.00816	0.00247	0.00929	0.00813	0.00637	0.01086
4	0.02077	0.05720	0.15560	0.01997	0.02668	0.04953	0.11302	0.03450	0.31440	0.08768	0.02417	0.02403	0.01779	0.00910	0.00797	0.00255	0.00896	0.00792	0.00626	0.01192
5	0.01122	0.00811	0.01060	0.00998	0.01185	0.00748	0.00748	0.01496	0.02245	0.03180	0.66766	0.05923	0.07482	0.01621	0.00935	0.00249	0.00374	0.01434	0.00873	0.00748
6	0.00966	0.00690	0.00920	0.01104	0.01150	0.00644	0.00736	0.01104	0.01518	0.02024	0.04371	0.71614	0.05245	0.02484	0.01012	0.00322	0.00460	0.02254	0.00736	0.00644
7	0.03048	0.02168	0.02347	0.01799	0.02432	0.02380	0.01486	0.60819	0.03639	0.08846	0.01979	0.01953	0.01386	0.00954	0.00794	0.00238	0.00860	0.00719	0.00805	0.01349
8	0.00966	0.00690	0.00920	0.01104	0.01150	0.00644	0.00736	0.01104	0.01518	0.02024	0.04371	0.71614	0.05245	0.02484	0.01012	0.00322	0.00460	0.02254	0.00736	0.00644
9	0.01133	0.00850	0.01274	0.01274	0.01416	0.00991	0.00991	0.01416	0.01274	0.01841	0.02124	0.03115	0.01982	0.05947	0.68989	0.01274	0.02124	0.00850	0.00425	0.00708
10	0.01589	0.01357	0.02003	0.30831	0.08667	0.01544	0.01751	0.05796	0.08521	0.02488	0.02695	0.04405	0.04539	0.01283	0.00889	0.00291	0.00872	0.18997	0.00555	0.00926
11	0.01498	0.01409	0.02378	0.70226	0.05462	0.01762	0.02202	0.02026	0.01586	0.02026	0.01409	0.02114	0.01057	0.00793	0.00793	0.00264	0.01057	0.00705	0.00352	0.00881
12	0.01085	0.00802	0.01013	0.00974	0.01165	0.00730	0.00725	0.01419	0.02135	0.02954	0.54150	0.10023	0.16421	0.01731	0.00940	0.00256	0.00383	0.01519	0.00844	0.00730
13	0.01080	0.00743	0.00882	0.00945	0.00972	0.00722	0.00574	0.01136	0.01305	0.01729	0.03359	0.28260	0.06164	0.45339	0.02871	0.00595	0.00648	0.01554	0.00579	0.00544
14	0.01498	0.01409	0.02378	0.70226	0.05462	0.01762	0.02202	0.02026	0.01586	0.02026	0.01409	0.02114	0.01057	0.00793	0.00793	0.00264	0.01057	0.00705	0.00352	0.00881
15	0.00958	0.00804	0.00832	0.00825	0.01084	0.00678	0.00619	0.01178	0.01856	0.02257	0.14518	0.07443	0.60306	0.01966	0.00937	0.00266	0.00399	0.01647	0.00751	0.00678
16	0.08079	0.01340	0.01768	0.01372	0.01961	0.01187	0.01130	0.03676	0.02211	0.61209	0.05498	0.02738	0.02111	0.00991	0.00784	0.00246	0.00659	0.00800	0.00947	0.01295
17	0.01498	0.01409	0.02378	0.70226	0.05462	0.01762	0.02202	0.02026	0.01586	0.02026	0.01409	0.02114	0.01057	0.00793	0.00793	0.00264	0.01057	0.00705	0.00352	0.00881
18	0.09382	0.01870	0.01925	0.01606	0.02121	0.04153	0.01286	0.25234	0.28418	0.08194	0.05661	0.02513	0.02074	0.01013	0.00776	0.00251	0.00729	0.00797	0.00775	0.01222
19	0.01377	0.00689	0.01033	0.01033	0.01033	0.00689	0.00689	0.01033	0.01033	0.01377	0.01377	0.02410	0.01377	0.02755	0.03099	0.76928	0.00689	0.00689	0.00344	0.00344
20	0.01862	0.02048	0.04259	0.07566	0.10111	0.01977	0.51534	0.02579	0.04920	0.02550	0.01660	0.02160	0.01258	0.00699	0.00906	0.00264	0.01248	0.00898	0.00417	0.01084
21	0.03396	0.01492	0.01914	0.01480	0.02088	0.01392	0.01219	0.12471	0.05888	0.55393	0.02960	0.02600	0.01901	0.00982	0.00797	0.00246	0.00700	0.00791	0.00945	0.01344
22	0.01855	0.02135	0.06741	0.03003	0.03701	0.02042	0.49263	0.02624	0.07649	0.02542	0.01685	0.02152	0.01289	0.00787	0.01097	0.00275	0.08770	0.00892	0.00430	0.01069

[dist]
# distance from previous block
# <min> <max>
2	4

[block]
# block no. 1 follows, 24 sequences, length 91
# corresponding to MSA columns:
# 111-201
name=unknown_B
#
# <colnr> <probs for GDERKNQSTAVLIFYWHMCP>
#	G	D	E	R	K	N	Q	S	T	A	V	L	I	F	Y	W	H	M	C	P
0	0.17573	0.01994	0.02497	0.02045	0.04758	0.04875	0.11025	0.23759	0.02316	0.06404	0.01554	0.01804	0.01184	0.00932	0.01080	0.00263	0.13585	0.00682	0.00570	0.01100
1	0.02141	0.65406	0.07173	0.01439	0.02127	0.06757	0.01444	0.02426	0.01650	0.01901	0.01125	0.01301	0.01017	0.00690	0.00532	0.00176	0.00896	0.00437	0.00343	0.01020
2	0.01965	0.01681	0.01769	0.01583	0.02030	0.01929	0.01234	0.06543	0.60080	0.03329	0.03408	0.03143	0.05524	0.01116	0.00813	0.00268	0.00627	0.00927	0.00803	0.01230
3	0.01755	0.18696	0.47900	0.01993	0.02982	0.02105	0.02422	0.05714	0.01763	0.02483	0.01502	0.04525	0.01203	0.00820	0.00713	0.00236	0.01056	0.00627	0.00377	0.01126
4	0.06477	0.01640	0.01806	0.04885	0.02181	0.01819	0.01257	0.11763	0.37792	0.12299	0.03148	0.02956	0.06316	0.01075	0.00794	0.00260	0.00672	0.00874	0.00785	0.01201
5	0.01590	0.04102	0.68023	0.02260	0.03432	0.01842	0.02930	0.02511	0.01674	0.02511	0.01423	0.01674	0.01005	0.00753	0.00753	0.00251	0.01172	0.00586	0.00335	0.01172
6	0.01594	0.01508	0.02553	0.56626	0.18304	0.01787	0.02250	0.02111	0.01631	0.02144	0.01427	0.02083	0.01098	0.00775	0.00791	0.00258	0.01033	0.00705	0.00361	0.00959
7	0.02113	0.02080	0.03016	0.11840	0.43169	0.09166	0.05682	0.08491	0.02018	0.02685	0.01500	0.01927	0.01213	0.00750	0.00788	0.00238	0.01024	0.00699	0.00429	0.01174
8	0.01133	0.00850	0.01274	0.01274	0.01416	0.00991	0.00991	0.01416	0.01274	0.01841	0.02124	0.03115	0.01982	0.05947	0.68989	0.01274	0.02124	0.00850	0.00425	0.00708
9	0.00937	0.00803	0.00803	0.00803	0.01071	0.00669	0.00602	0.01138	0.01807	0.02142	0.08033	0.07632	0.66863	0.02008	0.00937	0.00268	0.00402	0.01674	0.00736	0.00669
10	0.01567	0.01294	0.04231	0.01452	0.01736	0.01169	0.03905	0.02156	0.13193	0.05119	0.25429	0.26561	0.05101	0.01811	0.01002	0.00313	0.00608	0.01564	0.00830	0.00960
11	0.01830	0.02174	0.07539	0.06970	0.04083	0.02004	0.54771	0.02479	0.01814	0.02479	0.01557	0.02095	0.01177	0.00715	0.01000	0.00270	0.04700	0.00894	0.00392	0.01054
12	0.01590	0.04102	0.68023	0.02260	0.03432	0.01842	0.02930	0.02511	0.01674	0.02511	0.01423	0.01674	0.01005	0.00753	0.00753	0.00251	0.01172	0.00586	0.00335	0.01172
13	0.03522	0.01407	0.01876	0.01438	0.02053	0.01251	0.01188	0.07871	0.02366	0.63592	0.03048	0.02647	0.01922	0.00980	0.00797	0.00245	0.00688	0.00792	0.00969	0.01349
14	0.01619	0.01535	0.02610	0.57448	0.05046	0.01847	0.08336	0.05126	0.01704	0.02218	0.01438	0.02091	0.01085	0.00812	0.00881	0.00267	0.03910	0.00728	0.00379	0.00922
15	0.02178	0.01685	0.01864	0.01633	0.02080	0.01916	0.01300	0.10618	0.46358	0.09146	0.03021	0.03102	0.02316	0.01133	0.00909	0.00273	0.04092	0.04357	0.00794	0.01225
16	0.00966	0.00690	0.00920	0.01104	0.01150	0.00644	0.00736	0.01104	0.01518	0.02024	0.04371	0.71614	0.05245	0.02484	0.01012	0.00322	0.00460	0.02254	0.00736	0.00644
17	0.01153	0.00769	0.00865	0.00865	0.00865	0.00769	0.00480	0.01153	0.01153	0.01538	0.02499	0.05189	0.02883	0.72131	0.04036	0.00769	0.00769	0.01153	0.00480	0.00480
18	0.01498	0.01409	0.02378	0.70226	0.05462	0.01762	0.02202	0.02026	0.01586	0.02026	0.01409	0.02114	0.01057	0.00793	0.00793	0.00264	0.01057	0.00705	0.00352	0.00881
19	0.01813	0.01982	0.04111	0.07134	0.11785	0.01924	0.47984	0.02407	0.01808	0.02471	0.01696	0.05501	0.01394	0.00793	0.00969	0.00269	0.03543	0.00951	0.00412	0.01054
20	0.02962	0.03779	0.02247	0.02043	0.02451	0.68948	0.01532	0.03166	0.02247	0.01941	0.01226	0.01430	0.01021	0.00817	0.00715	0.00204	0.01430	0.00511	0.00409	0.00919
21	0.01877	0.02092	0.04414	0.03473	0.11568	0.02008	0.54390	0.02502	0.01837	0.02520	0.01568	0.02102	0.01203	0.00702	0.00986	0.00267	0.04112	0.00899	0.00398	0.01084
22	0.01860	0.02086	0.04422	0.03256	0.06030	0.01978	0.57337	0.02491	0.01836	0.02520	0.01571	0.02098	0.01198	0.00693	0.00979	0.00263	0.03894	0.00900	0.00402	0.04188
23	0.00976	0.00713	0.00921	0.01082	0.01161	0.00658	0.00742	0.01131	0.01567	0.02053	0.04814	0.61119	0.12799	0.02413	0.01006	0.00317	0.00464	0.04676	0.00736	0.00651
24	0.01992	0.01709	0.01956	0.01978	0.09276	0.01931	0.01401	0.07336	0.51517	0.03280	0.03014	0.03124	0.02350	0.01090	0.00820	0.00269	0.00682	0.04287	0.00756	0.01231
25	0.02080	0.67369	0.09040	0.01426	0.02142	0.03039	0.01477	0.02385	0.01616	0.01915	0.01127	0.01303	0.01017	0.00684	0.00528	0.00176	0.00873	0.00436	0.00339	0.01029
26	0.05902	0.01790	0.05363	0.01996	0.02689	0.01554	0.21689	0.02456	0.05314	0.06932	0.01656	0.01935	0.01276	0.00717	0.00816	0.00205	0.03925	0.00679	0.00490	0.32615
27	0.01629	0.03870	0.61410	0.02382	0.07033	0.01850	0.02828	0.02581	0.04480	0.02551	0.01506	0.01747	0.01081	0.00765	0.00758	0.00251	0.01135	0.00606	0.00359	0.01180
28	0.02710	0.01949	0.02129	0.01698	0.02243	0.02131	0.01375	0.50243	0.06392	0.07354	0.02359	0.11445	0.01957	0.01167	0.00824	0.00251	0.00796	0.00936	0.00795	0.01249
29	0.00952	0.00804	0.00824	0.00819	0.01080	0.00676	0.00614	0.01167	0.01843	0.02227	0.12821	0.07492	0.62023	0.01977	0.00937	0.00266	0.00399	0.01654	0.00748	0.00676
30	0.01959	0.01888	0.03004	0.11181	0.44215	0.05665	0.07434	0.04667	0.01828	0.02489	0.01484	0.01994	0.01229	0.00879	0.00965	0.05890	0.00995	0.00713	0.00401	0.01117
31	0.01810	0.01707	0.02874	0.32335	0.36032	0.01862	0.04358	0.05078	0.01802	0.02459	0.01479	0.02030	0.01174	0.00753	0.00794	0.00249	0.01001	0.00714	0.00394	0.01095
32	0.01566	0.00824	0.00833	0.00801	0.01012	0.00838	0.00609	0.05447	0.01782	0.03074	0.02548	0.02896	0.01993	0.00925	0.00568	0.00188	0.00398	0.00738	0.72185	0.00774
33	0.01018	0.00828	0.00908	0.00917	0.01152	0.00733	0.00687	0.01317	0.04038	0.02350	0.17062	0.13728	0.46368	0.01967	0.00946	0.00274	0.00423	0.03820	0.00761	0.00702
34	0.01822	0.13663	0.51028	0.02163	0.05234	0.02034	0.02552	0.05574	0.01792	0.04989	0.01467	0.01676	0.01067	0.00759	0.00723	0.00238	0.01085	0.00581	0.00384	0.01168
35	0.01590	0.04102	0.68023	0.02260	0.03432	0.01842	0.02930	0.02511	0.01674	0.02511	0.01423	0.01674	0.01005	0.00753	0.00753	0.00251	0.01172	0.00586	0.00335	0.01172
36	0.01478	0.00739	0.00739	0.00739	0.00924	0.00739	0.00554	0.01848	0.01663	0.02956	0.02587	0.02956	0.02033	0.00924	0.00554	0.00185	0.00370	0.00739	0.76534	0.00739
37	0.01651	0.03648	0.53727	0.02242	0.03239	0.04766	0.06735	0.02453	0.01720	0.02494	0.05062	0.01935	0.01383	0.00833	0.00872	0.00255	0.04838	0.00659	0.00373	0.01114
38	0.03558	0.01350	0.01840	0.01411	0.02024	0.01166	0.01166	0.03865	0.02270	0.67734	0.03128	0.02699	0.01963	0.00981	0.00797	0.00245	0.00675	0.00797	0.00981	0.01350
39	0.01498	0.01409	0.02378	0.70226	0.05462	0.01762	0.02202	0.02026	0.01586	0.02026	0.01409	0.02114	0.01057	0.00793	0.00793	0.00264	0.01057	0.00705	0.00352	0.00881
40	0.00939	0.00798	0.00809	0.00817	0.01075	0.00668	0.00609	0.01137	0.01794	0.02137	0.07867	0.10530	0.64072	0.02030	0.00941	0.00270	0.00404	0.01700	0.00736	0.00668
41	0.01590	0.04102	0.68023	0.02260	0.03432	0.01842	0.02930	0.02511	0.01674	0.02511	0.01423	0.01674	0.01005	0.00753	0.00753	0.00251	0.01172	0.00586	0.00335	0.01172
42	0.00987	0.00819	0.00872	0.00899	0.01154	0.00705	0.00701	0.01212	0.01810	0.02176	0.07474	0.07823	0.57781	0.02035	0.00960	0.00282	0.00450	0.10445	0.00735	0.00678
43	0.77733	0.01534	0.01166	0.01043	0.01534	0.01779	0.00859	0.02331	0.01350	0.03558	0.01104	0.01288	0.00859	0.00736	0.00491	0.00245	0.00613	0.00429	0.00491	0.00859
44	0.00965	0.00696	0.00914	0.01087	0.01146	0.00646	0.00729	0.01106	0.01534	0.02031	0.04576	0.68022	0.08704	0.02458	0.01008	0.00319	0.00457	0.02222	0.00736	0.00646
45	0.01735	0.01735	0.02429	0.02082	0.02082	0.02429	0.01735	0.01908	0.01214	0.01908	0.01041	0.01735	0.01041	0.01388	0.02602	0.00347	0.70680	0.00694	0.00347	0.00867
46	0.01133	0.00850	0.01274	0.01274	0.01416	0.00991	0.00991	0.01416	0.01274	0.01841	0.02124	0.03115	0.01982	0.05947	0.68989	0.01274	0.02124	0.00850	0.00425	0.00708
47	0.01524	0.01436	0.02426	0.66556	0.08927	0.01769	0.02215	0.02049	0.01598	0.02058	0.01414	0.02106	0.01068	0.00788	0.00792	0.00263	0.01051	0.00705	0.00355	0.00902
48	0.02770	0.03497	0.02110	0.01925	0.02320	0.62468	0.01444	0.02974	0.02205	0.01960	0.01872	0.02019	0.07270	0.00930	0.00736	0.00210	0.01332	0.00621	0.00440	0.00896
49	0.01644	0.01409	0.01644	0.01175	0.01879	0.01057	0.00940	0.01997	0.01644	0.02584	0.01409	0.01644	0.01175	0.00587	0.00587	0.00117	0.00587	0.00470	0.00470	0.76979
50	0.01133	0.00850	0.01274	0.01274	0.01416	0.00991	0.00991	0.01416	0.01274	0.01841	0.02124	0.03115	0.01982	0.05947	0.68989	0.01274	0.02124	0.00850	0.00425	0.00708
51	0.01644	0.01409	0.01644	0.01175	0.01879	0.01057	0.00940	0.01997	0.01644	0.02584	0.01409	0.01644	0.01175	0.00587	0.00587	0.00117	0.00587	0.00470	0.00470	0.76979
52	0.01498	0.01409	0.02378	0.70226	0.05462	0.01762	0.02202	0.02026	0.01586	0.02026	0.01409	0.02114	0.01057	0.00793	0.00793	0.00264	0.01057	0.00705	0.00352	0.00881
53	0.02585	0.01380	0.01741	0.01291	0.01951	0.01110	0.01051	0.02915	0.01952	0.34606	0.02254	0.02163	0.01562	0.00781	0.00691	0.00180	0.00630	0.00631	0.00721	0.39806
54	0.01633	0.01328	0.01476	0.01391	0.01724	0.01444	0.01083	0.07158	0.32229	0.03004	0.09643	0.13335	0.11270	0.01540	0.00893	0.00283	0.00585	0.08188	0.00785	0.01005
55	0.01269	0.01051	0.01536	0.01458	0.01567	0.01318	0.01160	0.01528	0.01261	0.01856	0.01878	0.02802	0.01769	0.04912	0.53921	0.01064	0.17684	0.00814	0.00407	0.00744
56	0.00964	0.00698	0.00912	0.01084	0.01145	0.00646	0.00727	0.01106	0.01537	0.02032	0.04612	0.67389	0.09313	0.02453	0.01007	0.00318	0.00456	0.02216	0.00736	0.00646
57	0.01644	0.01409	0.01644	0.01175	0.01879	0.01057	0.00940	0.01997	0.01644	0.02584	0.01409	0.01644	0.01175	0.00587	0.00587	0.00117	0.00587	0.00470	0.00470	0.76979
58	0.01574	0.01349	0.01561	0.01138	0.01799	0.01018	0.00906	0.01911	0.01661	0.02540	0.02069	0.02241	0.07718	0.00729	0.00622	0.00132	0.00569	0.00590	0.00496	0.69377
59	0.01167	0.00853	0.01199	0.05181	0.01663	0.00855	0.01116	0.01452	0.01691	0.02216	0.04110	0.33247	0.04635	0.02228	0.01046	0.00342	0.00642	0.34941	0.00711	0.00705
60	0.77733	0.01534	0.01166	0.01043	0.01534	0.01779	0.00859	0.02331	0.01350	0.03558	0.01104	0.01288	0.00859	0.00736	0.00491	0.00245	0.00613	0.00429	0.00491	0.00859
61	0.00966	0.00690	0.00920	0.01104	0.01150	0.00644	0.00736	0.01104	0.01518	0.02024	0.04371	0.71614	0.05245	0.02484	0.01012	0.00322	0.00460	0.02254	0.00736	0.00644
62	0.03558	0.01350	0.01840	0.01411	0.02024	0.01166	0.01166	0.03865	0.02270	0.67734	0.03128	0.02699	0.01963	0.00981	0.00797	0.00245	0.00675	0.00797	0.00981	0.01350
63	0.02041	0.01738	0.01832	0.01628	0.02088	0.02005	0.01272	0.08197	0.61657	0.03428	0.03140	0.02889	0.02350	0.01068	0.00806	0.00267	0.00644	0.00884	0.00806	0.01261
64	0.01872	0.02139	0.04679	0.03342	0.04144	0.02005	0.64305	0.02540	0.01872	0.02540	0.01604	0.02139	0.01203	0.00668	0.00936	0.00267	0.01337	0.00936	0.00401	0.01070
65	0.01873	0.01793	0.03057	0.17455	0.55297	0.01861	0.02389	0.02355	0.01763	0.02482	0.01476	0.01992	0.01218	0.00723	0.00787	0.00241	0.00964	0.00706	0.00385	0.01184
66	0.73488	0.05524	0.01333	0.01060	0.01562	0.01855	0.00887	0.02333	0.01364	0.03463	0.01104	0.01287	0.00868	0.00733	0.00492	0.00241	0.00627	0.00429	0.00482	0.00868
67	0.01498	0.01409	0.02378	0.70226	0.05462	0.01762	0.02202	0.02026	0.01586	0.02026	0.01409	0.02114	0.01057	0.00793	0.00793	0.00264	0.01057	0.00705	0.00352	0.00881
68	0.01834	0.01743	0.02921	0.14915	0.49275	0.01845	0.02284	0.02289	0.01733	0.02443	0.01604	0.02373	0.01400	0.00851	0.00924	0.00255	0.05553	0.04216	0.00402	0.01140
69	0.00966	0.00690	0.00920	0.01104	0.01150	0.00644	0.00736	0.01104	0.01518	0.02024	0.04371	0.71614	0.05245	0.02484	0.01012	0.00322	0.00460	0.02254	0.00736	0.00644
70	0.01567	0.01480	0.02503	0.60517	0.14630	0.01780	0.02237	0.02087	0.01618	0.02110	0.01422	0.02092	0.01087	0.00780	0.00792	0.00260	0.01040	0.00705	0.00358	0.00937
71	0.03226	0.01375	0.01798	0.01421	0.01992	0.01259	0.01159	0.03806	0.11145	0.55803	0.06025	0.02881	0.02277	0.01024	0.00805	0.00249	0.00655	0.00840	0.00952	0.01309
72	0.01872	0.02139	0.04679	0.03342	0.04144	0.02005	0.64305	0.02540	0.01872	0.02540	0.01604	0.02139	0.01203	0.00668	0.00936	0.00267	0.01337	0.00936	0.00401	0.01070
73	0.01838	0.02373	0.12223	0.03213	0.04060	0.01986	0.56996	0.02537	0.01848	0.02537	0.01583	0.02084	0.01180	0.00679	0.00914	0.00265	0.01317	0.00894	0.00393	0.01082
74	0.01518	0.01430	0.02415	0.67358	0.08169	0.01767	0.02212	0.02044	0.01595	0.02051	0.01413	0.02108	0.01066	0.00789	0.00792	0.00263	0.01052	0.00705	0.00354	0.00897
75	0.01025	0.00750	0.01033	0.04807	0.01428	0.00730	0.00868	0.01207	0.01552	0.02059	0.04196	0.61683	0.04955	0.02365	0.01009	0.00323	0.00519	0.08109	0.00715	0.00665
76	0.01498	0.01409	0.02378	0.70226	0.05462	0.01762	0.02202	0.02026	0.01586	0.02026	0.01409	0.02114	0.01057	0.00793	0.00793	0.00264	0.01057	0.00705	0.00352	0.00881
77	0.01936	0.01857	0.03170	0.08620	0.63641	0.01877	0.02420	0.02410	0.01793	0.02558	0.01487	0.01971	0.01245	0.00712	0.00785	0.00237	0.00949	0.00706	0.00390	0.01235
78	0.01872	0.02139	0.04679	0.03342	0.04144	0.02005	0.64305	0.02540	0.01872	0.02540	0.01604	0.02139	0.01203	0.00668	0.00936	0.00267	0.01337	0.00936	0.00401	0.01070
79	0.03558	0.01350	0.01840	0.01411	0.02024	0.01166	0.01166	0.03865	0.02270	0.67734	0.03128	0.02699	0.01963	0.00981	0.00797	0.00245	0.00675	0.00797	0.00981	0.01350
80	0.02014	0.02004	0.03242	0.04628	0.60217	0.05643	0.05666	0.02480	0.01834	0.02552	0.01483	0.01942	0.01240	0.00711	0.00789	0.00235	0.00990	0.00708	0.00394	0.01227
81	0.01644	0.01409	0.01644	0.01175	0.01879	0.01057	0.00940	0.01997	0.01644	0.02584	0.01409	0.01644	0.01175	0.00587	0.00587	0.00117	0.00587	0.00470	0.00470	0.76979
82	0.01032	0.00807	0.00935	0.00903	0.01129	0.00710	0.00677	0.01322	0.02032	0.02675	0.38180	0.06755	0.36384	0.01810	0.00936	0.00258	0.00388	0.01551	0.00806	0.00710
83	0.01133	0.00850	0.01274	0.01274	0.01416	0.00991	0.00991	0.01416	0.01274	0.01841	0.02124	0.03115	0.01982	0.05947	0.68989	0.01274	0.02124	0.00850	0.00425	0.00708
84	0.00966	0.00690	0.00920	0.01104	0.01150	0.00644	0.00736	0.01104	0.01518	0.02024	0.04371	0.71614	0.05245	0.02484	0.01012	0.00322	0.00460	0.02254	0.00736	0.00644
85	0.01770	0.02169	0.09992	0.03143	0.07972	0.01859	0.48906	0.02401	0.01817	0.02494	0.01830	0.08362	0.01554	0.00843	0.00916	0.00269	0.01217	0.01008	0.00425	0.01053
86	0.03014	0.02221	0.02380	0.01825	0.02459	0.02459	0.01507	0.64541	0.03728	0.04998	0.01904	0.01904	0.01349	0.00952	0.00793	0.00238	0.00873	0.00714	0.00793	0.01349
87	0.01755	0.01794	0.02756	0.02265	0.02381	0.02367	0.10822	0.02000	0.01310	0.02000	0.01123	0.01794	0.01065	0.01283	0.02360	0.00335	0.60610	0.00729	0.00355	0.00897
88	0.02083	0.65716	0.07783	0.01556	0.04841	0.03011	0.01492	0.02385	0.01623	0.01933	0.01137	0.01324	0.01027	0.00684	0.00534	0.00177	0.00871	0.00445	0.00341	0.01036
89	0.01655	0.12483	0.60209	0.02150	0.03261	0.02000	0.02737	0.02495	0.01667	0.02432	0.01384	0.01625	0.01006	0.00744	0.00723	0.00241	0.01132	0.00566	0.00335	0.01153
90	0.02038	0.08792	0.02057	0.01598	0.02079	0.02112	0.01278	0.06977	0.56333	0.03255	0.02951	0.02739	0.02229	0.01030	0.00777	0.00258	0.00662	0.00841	0.00760	0.01236

[dist]
# distance from previous block
# <min> <max>
0	1

# created by:
# /st0/software/busco_prod/Augustus/scripts/msa2prfl.pl ./align_prep/134357.fa
