[name]
unknown

[dist]
# distance from previous block
# <min> <max>
0	31

[block]
# block no. 0 follows, 25 sequences, length 82
# corresponding to MSA columns:
# 31-112
name=unknown_A
#
# <colnr> <probs for GDERKNQSTAVLIFYWHMCP>
#	G	D	E	R	K	N	Q	S	T	A	V	L	I	F	Y	W	H	M	C	P
0	0.01298	0.00961	0.01386	0.01668	0.06389	0.00961	0.01331	0.01662	0.01784	0.02336	0.03914	0.08254	0.04229	0.02037	0.01049	0.00348	0.00729	0.58223	0.00690	0.00751
1	0.03479	0.01320	0.01799	0.01380	0.01979	0.01140	0.01140	0.03779	0.02219	0.68451	0.03059	0.02639	0.01919	0.00960	0.00780	0.00240	0.00660	0.00780	0.00960	0.01320
2	0.02049	0.01726	0.01821	0.01602	0.02062	0.01985	0.01256	0.11375	0.59062	0.03438	0.03002	0.02771	0.02243	0.01038	0.00787	0.00259	0.00642	0.00855	0.00787	0.01238
3	0.78228	0.01499	0.01140	0.01020	0.01499	0.01739	0.00840	0.02279	0.01320	0.03479	0.01080	0.01260	0.00840	0.00720	0.00480	0.00240	0.00600	0.00420	0.00480	0.00840
4	0.02542	0.01112	0.01499	0.01221	0.01656	0.00979	0.00979	0.02868	0.02210	0.42751	0.28406	0.03879	0.04042	0.01206	0.00833	0.00241	0.00544	0.01025	0.00918	0.01088
5	0.02073	0.73217	0.04063	0.01327	0.01990	0.03068	0.01327	0.02322	0.01575	0.01824	0.01078	0.01244	0.00995	0.00663	0.00498	0.00166	0.00829	0.00415	0.00332	0.00995
6	0.01813	0.02058	0.04470	0.06424	0.04112	0.01950	0.62160	0.02460	0.01817	0.02460	0.01560	0.02090	0.01170	0.00659	0.00909	0.00261	0.01294	0.00904	0.00390	0.01037
7	0.03079	0.01275	0.01693	0.01337	0.01867	0.01142	0.01084	0.03498	0.06429	0.55892	0.08573	0.03022	0.02448	0.03845	0.00917	0.00262	0.00635	0.00853	0.00920	0.01230
8	0.01465	0.00874	0.01154	0.01038	0.01285	0.00795	0.00795	0.01820	0.02199	0.13186	0.57567	0.05306	0.06484	0.01489	0.00894	0.00243	0.00411	0.01306	0.00870	0.00822
9	0.78228	0.01499	0.01140	0.01020	0.01499	0.01739	0.00840	0.02279	0.01320	0.03479	0.01080	0.01260	0.00840	0.00720	0.00480	0.00240	0.00600	0.00420	0.00480	0.00840
10	0.01217	0.00876	0.01171	0.01315	0.01464	0.00880	0.01078	0.01580	0.04522	0.02217	0.03911	0.18424	0.04300	0.09778	0.01356	0.00389	0.00671	0.43463	0.00692	0.00697
11	0.42176	0.01821	0.01708	0.01386	0.01933	0.02058	0.01143	0.32473	0.02433	0.04153	0.01454	0.01548	0.01069	0.00821	0.00621	0.00236	0.00721	0.00553	0.00621	0.01069
12	0.00943	0.00683	0.00891	0.01058	0.01119	0.00632	0.00710	0.01082	0.01505	0.01988	0.04532	0.67563	0.09642	0.02396	0.00984	0.00311	0.00446	0.02163	0.00720	0.00632
13	0.01090	0.00792	0.01025	0.00967	0.01154	0.00728	0.00725	0.01448	0.02176	0.03065	0.64907	0.05865	0.09942	0.01602	0.00915	0.00245	0.00367	0.01412	0.00848	0.00728
14	0.31192	0.01151	0.01167	0.01056	0.01395	0.01211	0.00828	0.04375	0.01829	0.08965	0.25557	0.08945	0.03692	0.01210	0.00719	0.00245	0.00507	0.00976	0.04143	0.00838
15	0.01128	0.00752	0.00846	0.00846	0.00846	0.00752	0.00470	0.01128	0.01128	0.01503	0.02443	0.05074	0.02819	0.72751	0.03946	0.00752	0.00752	0.01128	0.00470	0.00470
16	0.02947	0.02172	0.02327	0.01784	0.02404	0.02404	0.01474	0.65329	0.03646	0.04887	0.01862	0.01862	0.01319	0.00931	0.00776	0.00233	0.00853	0.00698	0.00776	0.01319
17	0.00945	0.00675	0.00900	0.01080	0.01125	0.00630	0.00720	0.01080	0.01484	0.01979	0.04274	0.72245	0.05128	0.02429	0.00990	0.00315	0.00450	0.02204	0.00720	0.00630
18	0.01085	0.00783	0.01001	0.01084	0.01196	0.00747	0.00764	0.04042	0.01742	0.02349	0.17546	0.47296	0.07851	0.04698	0.01072	0.00312	0.00470	0.04541	0.00741	0.00681
19	0.00945	0.00675	0.00900	0.01080	0.01125	0.00630	0.00720	0.01080	0.01484	0.01979	0.04274	0.72245	0.05128	0.02429	0.00990	0.00315	0.00450	0.02204	0.00720	0.00630
20	0.01128	0.00752	0.00846	0.00846	0.00846	0.00752	0.00470	0.01128	0.01128	0.01503	0.02443	0.05074	0.02819	0.72751	0.03946	0.00752	0.00752	0.01128	0.00470	0.00470
21	0.02257	0.01776	0.01899	0.01620	0.02112	0.02010	0.01285	0.19429	0.47735	0.06736	0.02827	0.02623	0.02083	0.01017	0.00785	0.00254	0.00676	0.00827	0.00794	0.01254
22	0.01108	0.00831	0.01246	0.01246	0.01385	0.00969	0.00969	0.01385	0.01246	0.01800	0.02077	0.03046	0.01938	0.05815	0.69678	0.01246	0.02077	0.00831	0.00415	0.00692
23	0.01108	0.00831	0.01246	0.01246	0.01385	0.00969	0.00969	0.01385	0.01246	0.01800	0.02077	0.03046	0.01938	0.05815	0.69678	0.01246	0.02077	0.00831	0.00415	0.00692
24	0.02323	0.01861	0.01975	0.01658	0.02166	0.02113	0.01323	0.27809	0.42182	0.03879	0.02655	0.02494	0.01961	0.01005	0.00784	0.00251	0.00706	0.00808	0.00784	0.01263
25	0.01046	0.00783	0.00971	0.00940	0.01131	0.00707	0.00699	0.01359	0.02050	0.02805	0.49831	0.10733	0.20634	0.01728	0.00920	0.00253	0.00378	0.01510	0.00815	0.00707
26	0.01347	0.00673	0.01010	0.01010	0.01010	0.00673	0.00673	0.01010	0.01010	0.01347	0.01347	0.02357	0.01347	0.02694	0.03030	0.77441	0.00673	0.00673	0.00337	0.00337
27	0.01097	0.00793	0.01036	0.00975	0.01158	0.00732	0.00732	0.01463	0.02195	0.03109	0.67505	0.05792	0.07316	0.01585	0.00914	0.00244	0.00366	0.01402	0.00854	0.00732
28	0.00939	0.00786	0.00817	0.00809	0.01061	0.00664	0.00607	0.01157	0.01821	0.02222	0.15326	0.07253	0.60049	0.01916	0.00916	0.00260	0.00389	0.01607	0.00737	0.00664
29	0.01061	0.00791	0.00986	0.00937	0.01136	0.00716	0.00703	0.01393	0.02109	0.02906	0.55541	0.06127	0.19407	0.01661	0.00915	0.00247	0.00371	0.01449	0.00827	0.00716
30	0.00945	0.00675	0.00900	0.01080	0.01125	0.00630	0.00720	0.01080	0.01484	0.01979	0.04274	0.72245	0.05128	0.02429	0.00990	0.00315	0.00450	0.02204	0.00720	0.00630
31	0.01608	0.01378	0.01608	0.01148	0.01837	0.01034	0.00919	0.01952	0.01608	0.02527	0.01378	0.01608	0.01148	0.00574	0.00574	0.00115	0.00574	0.00459	0.00459	0.77491
32	0.01128	0.00752	0.00846	0.00846	0.00846	0.00752	0.00470	0.01128	0.01128	0.01503	0.02443	0.05074	0.02819	0.72751	0.03946	0.00752	0.00752	0.01128	0.00470	0.00470
33	0.01111	0.00801	0.01055	0.01015	0.01198	0.00746	0.00777	0.01476	0.02159	0.03040	0.61925	0.06052	0.07065	0.01634	0.00928	0.00254	0.00396	0.06796	0.00841	0.00730
34	0.02123	0.67244	0.06250	0.01361	0.02038	0.02929	0.01372	0.02398	0.01609	0.05103	0.01186	0.01326	0.01040	0.00680	0.00520	0.00172	0.00832	0.00438	0.00362	0.01016
35	0.11356	0.02025	0.02174	0.05061	0.02430	0.02249	0.01423	0.52824	0.03228	0.06985	0.01795	0.01833	0.01274	0.00901	0.00743	0.00235	0.00826	0.00669	0.00728	0.01242
36	0.04817	0.65459	0.03826	0.03964	0.02113	0.05335	0.01346	0.02335	0.01587	0.01892	0.01094	0.01281	0.00991	0.00674	0.00515	0.00173	0.00849	0.00428	0.00340	0.00981
37	0.01696	0.01696	0.02375	0.02036	0.02036	0.02375	0.01696	0.01866	0.01187	0.01866	0.01018	0.01696	0.01018	0.01357	0.02545	0.00339	0.71332	0.00679	0.00339	0.00848
38	0.01096	0.00814	0.01025	0.00980	0.01180	0.00735	0.00730	0.01407	0.02002	0.02780	0.47291	0.11387	0.13776	0.04254	0.01018	0.00267	0.00412	0.03337	0.00787	0.04722
39	0.01060	0.00746	0.00924	0.01017	0.01158	0.00672	0.00721	0.01238	0.01639	0.04823	0.08181	0.45562	0.22731	0.02187	0.00960	0.00295	0.00448	0.04229	0.00736	0.00673
40	0.01759	0.01807	0.02456	0.02084	0.02135	0.05536	0.04269	0.01949	0.01261	0.01893	0.01049	0.01698	0.01023	0.01302	0.02391	0.00330	0.65175	0.00680	0.00344	0.00859
41	0.02155	0.02130	0.02986	0.09498	0.29993	0.10918	0.12185	0.12446	0.05031	0.02794	0.01575	0.01926	0.01238	0.00761	0.00785	0.00236	0.01032	0.00711	0.00464	0.01136
42	0.01126	0.00822	0.01201	0.01201	0.01335	0.00946	0.00924	0.01395	0.01261	0.01844	0.02117	0.03129	0.01981	0.08578	0.63093	0.01168	0.01927	0.00838	0.04430	0.00684
43	0.01128	0.00752	0.00846	0.00846	0.00846	0.00752	0.00470	0.01128	0.01128	0.01503	0.02443	0.05074	0.02819	0.72751	0.03946	0.00752	0.00752	0.01128	0.00470	0.00470
44	0.00945	0.00675	0.00900	0.01080	0.01125	0.00630	0.00720	0.01080	0.01484	0.01979	0.04274	0.72245	0.05128	0.02429	0.00990	0.00315	0.00450	0.02204	0.00720	0.00630
45	0.01617	0.01408	0.01730	0.01236	0.01929	0.01072	0.03569	0.01974	0.01617	0.02525	0.01386	0.01628	0.01150	0.00577	0.00588	0.00121	0.00604	0.00478	0.00457	0.74334
46	0.01464	0.01378	0.02326	0.70887	0.05340	0.01723	0.02153	0.01981	0.01550	0.01981	0.01378	0.02067	0.01034	0.00775	0.00775	0.00258	0.01034	0.00689	0.00345	0.00861
47	0.01555	0.04011	0.68733	0.02210	0.03356	0.01801	0.02865	0.02455	0.01637	0.02455	0.01391	0.01637	0.00982	0.00737	0.00737	0.00246	0.01146	0.00573	0.00327	0.01146
48	0.01109	0.00826	0.01220	0.01220	0.01349	0.00955	0.00936	0.01368	0.01238	0.01780	0.02101	0.03180	0.01997	0.10244	0.65329	0.01213	0.01989	0.00850	0.00419	0.00678
49	0.02947	0.02172	0.02327	0.01784	0.02404	0.02404	0.01474	0.65329	0.03646	0.04887	0.01862	0.01862	0.01319	0.00931	0.00776	0.00233	0.00853	0.00698	0.00776	0.01319
50	0.01097	0.00793	0.01036	0.00975	0.01158	0.00732	0.00732	0.01463	0.02195	0.03109	0.67505	0.05792	0.07316	0.01585	0.00914	0.00244	0.00366	0.01402	0.00854	0.00732
51	0.00918	0.00778	0.00793	0.00805	0.01052	0.00653	0.00598	0.01111	0.01749	0.02087	0.07618	0.11749	0.63466	0.01994	0.00921	0.00265	0.00397	0.01674	0.00720	0.00653
52	0.00945	0.00675	0.00900	0.01080	0.01125	0.00630	0.00720	0.01080	0.01484	0.01979	0.04274	0.72245	0.05128	0.02429	0.00990	0.00315	0.00450	0.02204	0.00720	0.00630
53	0.01608	0.01378	0.01608	0.01148	0.01837	0.01034	0.00919	0.01952	0.01608	0.02527	0.01378	0.01608	0.01148	0.00574	0.00574	0.00115	0.00574	0.00459	0.00459	0.77491
54	0.78228	0.01499	0.01140	0.01020	0.01499	0.01739	0.00840	0.02279	0.01320	0.03479	0.01080	0.01260	0.00840	0.00720	0.00480	0.00240	0.00600	0.00420	0.00480	0.00840
55	0.01029	0.00794	0.00942	0.00917	0.01133	0.00707	0.00696	0.01324	0.01999	0.02653	0.39925	0.06617	0.32169	0.01767	0.00922	0.00256	0.00393	0.04265	0.00792	0.00699
56	0.03479	0.01320	0.01799	0.01380	0.01979	0.01140	0.01140	0.03779	0.02219	0.68451	0.03059	0.02639	0.01919	0.00960	0.00780	0.00240	0.00660	0.00780	0.00960	0.01320
57	0.08425	0.01331	0.01756	0.01356	0.01948	0.01179	0.01120	0.03679	0.02160	0.64152	0.02928	0.02548	0.01848	0.00944	0.00760	0.00240	0.00656	0.00756	0.00928	0.01288
58	0.01019	0.00739	0.00962	0.01014	0.01138	0.00681	0.00719	0.01271	0.01850	0.02545	0.35781	0.36150	0.09266	0.01988	0.00949	0.00277	0.00405	0.01779	0.00786	0.00681
59	0.01076	0.00805	0.00884	0.00882	0.01122	0.00695	0.00660	0.01285	0.01775	0.05288	0.11742	0.12325	0.49438	0.04717	0.01041	0.00287	0.00435	0.04125	0.00732	0.00685
60	0.00962	0.00685	0.00904	0.01062	0.01112	0.00641	0.00707	0.01101	0.01501	0.02010	0.07268	0.65480	0.05114	0.06070	0.01141	0.00334	0.00462	0.02109	0.00713	0.00626
61	0.00956	0.00695	0.00902	0.01045	0.01121	0.00641	0.00710	0.01118	0.01574	0.02093	0.10380	0.60589	0.10692	0.02312	0.00976	0.00304	0.00437	0.02082	0.00732	0.00641
62	0.00942	0.00684	0.00890	0.01055	0.01118	0.00632	0.00709	0.01082	0.01509	0.01989	0.04579	0.66722	0.10454	0.02389	0.00983	0.00310	0.00445	0.02156	0.00720	0.00632
63	0.01399	0.00784	0.00829	0.00823	0.00974	0.00789	0.00582	0.04229	0.01598	0.02615	0.02644	0.09601	0.02411	0.15286	0.01267	0.00308	0.00467	0.00937	0.51767	0.00689
64	0.01008	0.00789	0.00913	0.00882	0.01104	0.00694	0.00661	0.01291	0.01984	0.02610	0.38154	0.06614	0.36978	0.01771	0.00915	0.00253	0.00379	0.01517	0.00788	0.00694
65	0.73281	0.01488	0.01183	0.01043	0.01531	0.01700	0.00860	0.02378	0.01379	0.07778	0.01211	0.01351	0.00911	0.00736	0.00500	0.00240	0.00604	0.00444	0.00512	0.00871
66	0.05806	0.01420	0.01658	0.01413	0.01882	0.01473	0.01120	0.03592	0.31202	0.28790	0.07335	0.06042	0.02576	0.01098	0.00789	0.00254	0.00607	0.00913	0.00843	0.01187
67	0.01128	0.00752	0.00846	0.00846	0.00846	0.00752	0.00470	0.01128	0.01128	0.01503	0.02443	0.05074	0.02819	0.72751	0.03946	0.00752	0.00752	0.01128	0.00470	0.00470
68	0.01667	0.01220	0.01318	0.01191	0.01570	0.01247	0.00925	0.02706	0.28748	0.11104	0.05284	0.04942	0.32029	0.01455	0.00846	0.00259	0.00519	0.01210	0.00779	0.00978
69	0.30820	0.01401	0.01524	0.01252	0.01776	0.01425	0.01023	0.03175	0.08290	0.35605	0.04682	0.02270	0.01762	0.00903	0.00675	0.00242	0.00622	0.00679	0.00762	0.01112
70	0.01387	0.00859	0.01090	0.00994	0.01234	0.00775	0.00751	0.01700	0.02078	0.11527	0.46682	0.05585	0.15342	0.05284	0.01056	0.00273	0.00429	0.01340	0.00828	0.00784
71	0.01056	0.00789	0.00970	0.00926	0.01121	0.00714	0.00689	0.01369	0.02057	0.02814	0.51139	0.06162	0.21429	0.04133	0.01020	0.00266	0.00386	0.01448	0.00809	0.00704
72	0.01403	0.01111	0.01322	0.01355	0.01599	0.01188	0.01068	0.02365	0.25141	0.02599	0.06754	0.21722	0.06236	0.01786	0.00937	0.00304	0.00587	0.20895	0.00749	0.00878
73	0.01320	0.00673	0.01003	0.01015	0.01018	0.00671	0.00676	0.01015	0.01041	0.01389	0.01540	0.06981	0.01597	0.02676	0.02895	0.72338	0.00659	0.00775	0.00362	0.00356
74	0.01853	0.01763	0.02997	0.09906	0.59956	0.01790	0.02311	0.02313	0.01749	0.02479	0.01570	0.02234	0.01356	0.00762	0.00782	0.00238	0.00921	0.03447	0.00395	0.01176
75	0.02857	0.07226	0.02304	0.01947	0.02376	0.61346	0.01487	0.07505	0.02268	0.02107	0.01240	0.01423	0.01021	0.00801	0.00694	0.00200	0.01329	0.00509	0.00423	0.00934
76	0.01583	0.01496	0.02432	0.53670	0.04616	0.01869	0.04790	0.04781	0.01596	0.02112	0.01349	0.01999	0.01050	0.00872	0.01070	0.00271	0.12494	0.00698	0.00365	0.00887
77	0.01968	0.01851	0.03058	0.04503	0.62435	0.01872	0.02295	0.05417	0.04197	0.02670	0.01539	0.01952	0.01274	0.00715	0.00769	0.00232	0.00907	0.00698	0.00417	0.01232
78	0.01622	0.01391	0.01614	0.01167	0.01845	0.01073	0.00932	0.02048	0.04473	0.02558	0.01457	0.01665	0.01202	0.00595	0.00584	0.00121	0.00576	0.00478	0.00474	0.74124
79	0.01919	0.01842	0.03147	0.04759	0.67914	0.01842	0.02380	0.02380	0.01765	0.02533	0.01458	0.01919	0.01228	0.00691	0.00768	0.00230	0.00921	0.00691	0.00384	0.01228
80	0.01881	0.01793	0.03049	0.04583	0.64798	0.01790	0.02303	0.02337	0.01786	0.02560	0.04541	0.02100	0.01512	0.00733	0.00774	0.00231	0.00895	0.00724	0.00406	0.01205
81	0.01527	0.03521	0.01322	0.01112	0.01388	0.00980	0.00874	0.04288	0.04637	0.10957	0.49388	0.05138	0.05890	0.01460	0.00881	0.00246	0.00462	0.04242	0.00836	0.00852

[dist]
# distance from previous block
# <min> <max>
0	1

# created by:
# /st0/software/busco_prod/Augustus/scripts/msa2prfl.pl ./align_prep/134338.fa
