[name]
unknown

[dist]
# distance from previous block
# <min> <max>
0	0

[block]
# block no. 0 follows, 25 sequences, length 74
# corresponding to MSA columns:
# 0-73
name=unknown_A
#
# <colnr> <probs for GDERKNQSTAVLIFYWHMCP>
#	G	D	E	R	K	N	Q	S	T	A	V	L	I	F	Y	W	H	M	C	P
0	0.01249	0.00892	0.01249	0.01428	0.01606	0.00892	0.01249	0.01606	0.01785	0.02320	0.04105	0.08746	0.04462	0.02142	0.01071	0.00357	0.00714	0.62695	0.00714	0.00714
1	0.78228	0.01499	0.01140	0.01020	0.01499	0.01739	0.00840	0.02279	0.01320	0.03479	0.01080	0.01260	0.00840	0.00720	0.00480	0.00240	0.00600	0.00420	0.00480	0.00840
2	0.01097	0.00793	0.01036	0.00975	0.01158	0.00732	0.00732	0.01463	0.02195	0.03109	0.67505	0.05792	0.07316	0.01585	0.00914	0.00244	0.00366	0.01402	0.00854	0.00732
3	0.01958	0.01916	0.03110	0.04650	0.65320	0.04526	0.02345	0.02408	0.01783	0.02508	0.01448	0.01898	0.01219	0.00695	0.00765	0.00229	0.00940	0.00683	0.00384	0.01215
4	0.00920	0.00773	0.00799	0.00820	0.01056	0.00652	0.00604	0.01109	0.01734	0.02081	0.07435	0.15050	0.60282	0.02018	0.00925	0.00268	0.00399	0.01703	0.00720	0.00652
5	0.01555	0.04011	0.68733	0.02210	0.03356	0.01801	0.02865	0.02455	0.01637	0.02455	0.01391	0.01637	0.00982	0.00737	0.00737	0.00246	0.01146	0.00573	0.00327	0.01146
6	0.01018	0.00803	0.00926	0.00935	0.01162	0.00712	0.00728	0.01286	0.01892	0.02419	0.24377	0.07174	0.40975	0.01882	0.00939	0.00271	0.00433	0.10625	0.00757	0.00685
7	0.01128	0.00752	0.00846	0.00846	0.00846	0.00752	0.00470	0.01128	0.01128	0.01503	0.02443	0.05074	0.02819	0.72751	0.03946	0.00752	0.00752	0.01128	0.00470	0.00470
8	0.01484	0.01399	0.02362	0.67963	0.08107	0.01728	0.02163	0.01999	0.01560	0.02005	0.01382	0.02061	0.01042	0.00771	0.00775	0.00257	0.01029	0.00689	0.00346	0.00878
9	0.01249	0.00892	0.01249	0.01428	0.01606	0.00892	0.01249	0.01606	0.01785	0.02320	0.04105	0.08746	0.04462	0.02142	0.01071	0.00357	0.00714	0.62695	0.00714	0.00714
10	0.01216	0.00876	0.01202	0.01345	0.01528	0.00862	0.01158	0.01565	0.01830	0.02398	0.11459	0.08348	0.07957	0.02070	0.01046	0.00339	0.00658	0.52701	0.00730	0.00713
11	0.00966	0.00692	0.00919	0.01065	0.01129	0.00644	0.00721	0.01134	0.01586	0.02141	0.13303	0.62755	0.05441	0.02309	0.00979	0.00305	0.00438	0.02090	0.00739	0.00644
12	0.01108	0.00831	0.01246	0.01246	0.01385	0.00969	0.00969	0.01385	0.01246	0.01800	0.02077	0.03046	0.01938	0.05815	0.69678	0.01246	0.02077	0.00831	0.00415	0.00692
13	0.00954	0.00682	0.00908	0.01074	0.01127	0.00636	0.00720	0.01102	0.01526	0.02045	0.07959	0.68371	0.05256	0.02380	0.00985	0.00311	0.00445	0.02157	0.00728	0.00636
14	0.02869	0.02133	0.02283	0.01768	0.02375	0.02368	0.01455	0.60627	0.08475	0.04760	0.01961	0.01941	0.01399	0.00940	0.00777	0.00235	0.00835	0.00712	0.00777	0.01312
15	0.01128	0.00752	0.00846	0.00846	0.00846	0.00752	0.00470	0.01128	0.01128	0.01503	0.02443	0.05074	0.02819	0.72751	0.03946	0.00752	0.00752	0.01128	0.00470	0.00470
16	0.01608	0.01378	0.01608	0.01148	0.01837	0.01034	0.00919	0.01952	0.01608	0.02527	0.01378	0.01608	0.01148	0.00574	0.00574	0.00115	0.00574	0.00459	0.00459	0.77491
17	0.01097	0.00793	0.01036	0.00975	0.01158	0.00732	0.00732	0.01463	0.02195	0.03109	0.67505	0.05792	0.07316	0.01585	0.00914	0.00244	0.00366	0.01402	0.00854	0.00732
18	0.02821	0.01499	0.01804	0.01479	0.02013	0.01519	0.01190	0.06640	0.28603	0.38946	0.03046	0.02709	0.02076	0.00996	0.00783	0.00249	0.00649	0.00816	0.00882	0.01282
19	0.01218	0.00879	0.01206	0.01356	0.01539	0.00866	0.01171	0.01567	0.01815	0.02368	0.09194	0.08444	0.08362	0.02089	0.01050	0.00343	0.00668	0.54428	0.00725	0.00712
20	0.01128	0.00752	0.00846	0.00846	0.00846	0.00752	0.00470	0.01128	0.01128	0.01503	0.02443	0.05074	0.02819	0.72751	0.03946	0.00752	0.00752	0.01128	0.00470	0.00470
21	0.01347	0.00673	0.01010	0.01010	0.01010	0.00673	0.00673	0.01010	0.01010	0.01347	0.01347	0.02357	0.01347	0.02694	0.03030	0.77441	0.00673	0.00673	0.00337	0.00337
22	0.00965	0.00787	0.00852	0.00836	0.01077	0.00675	0.00627	0.01206	0.01881	0.02365	0.23746	0.07017	0.51539	0.01863	0.00916	0.00257	0.00386	0.01574	0.00756	0.00675
23	0.02947	0.02172	0.02327	0.01784	0.02404	0.02404	0.01474	0.65329	0.03646	0.04887	0.01862	0.01862	0.01319	0.00931	0.00776	0.00233	0.00853	0.00698	0.00776	0.01319
24	0.02896	0.03695	0.02197	0.01998	0.02397	0.69638	0.01498	0.03096	0.02197	0.01898	0.01199	0.01398	0.00999	0.00799	0.00699	0.00200	0.01398	0.00499	0.00400	0.00899
25	0.01809	0.02050	0.04444	0.07209	0.04127	0.01947	0.61429	0.02454	0.01814	0.02454	0.01558	0.02090	0.01168	0.00661	0.00907	0.00261	0.01291	0.00902	0.00389	0.01035
26	0.03319	0.01325	0.01783	0.01360	0.01967	0.01131	0.01121	0.03623	0.02167	0.62828	0.02916	0.02551	0.01854	0.00927	0.00762	0.00229	0.00652	0.00752	0.00917	0.07816
27	0.01555	0.04011	0.68733	0.02210	0.03356	0.01801	0.02865	0.02455	0.01637	0.02455	0.01391	0.01637	0.00982	0.00737	0.00737	0.00246	0.01146	0.00573	0.00327	0.01146
28	0.01108	0.00831	0.01246	0.01246	0.01385	0.00969	0.00969	0.01385	0.01246	0.01800	0.02077	0.03046	0.01938	0.05815	0.69678	0.01246	0.02077	0.00831	0.00415	0.00692
29	0.01128	0.00752	0.00846	0.00846	0.00846	0.00752	0.00470	0.01128	0.01128	0.01503	0.02443	0.05074	0.02819	0.72751	0.03946	0.00752	0.00752	0.01128	0.00470	0.00470
30	0.01555	0.04011	0.68733	0.02210	0.03356	0.01801	0.02865	0.02455	0.01637	0.02455	0.01391	0.01637	0.00982	0.00737	0.00737	0.00246	0.01146	0.00573	0.00327	0.01146
31	0.01555	0.04011	0.68733	0.02210	0.03356	0.01801	0.02865	0.02455	0.01637	0.02455	0.01391	0.01637	0.00982	0.00737	0.00737	0.00246	0.01146	0.00573	0.00327	0.01146
32	0.01108	0.00831	0.01246	0.01246	0.01385	0.00969	0.00969	0.01385	0.01246	0.01800	0.02077	0.03046	0.01938	0.05815	0.69678	0.01246	0.02077	0.00831	0.00415	0.00692
33	0.01000	0.00789	0.00902	0.00873	0.01099	0.00690	0.00655	0.01275	0.01965	0.02564	0.35448	0.06689	0.39714	0.01789	0.00916	0.00254	0.00380	0.01528	0.00782	0.00690
34	0.01088	0.00792	0.01024	0.00966	0.01153	0.00728	0.00724	0.01445	0.02173	0.03057	0.64433	0.05878	0.10421	0.01605	0.00915	0.00245	0.00367	0.01414	0.00847	0.00728
35	0.01919	0.01842	0.03147	0.04759	0.67914	0.01842	0.02380	0.02380	0.01765	0.02533	0.01458	0.01919	0.01228	0.00691	0.00768	0.00230	0.00921	0.00691	0.00384	0.01228
36	0.01464	0.01378	0.02326	0.70887	0.05340	0.01723	0.02153	0.01981	0.01550	0.01981	0.01378	0.02067	0.01034	0.00775	0.00775	0.00258	0.01034	0.00689	0.00345	0.00861
37	0.01919	0.01842	0.03147	0.04759	0.67914	0.01842	0.02380	0.02380	0.01765	0.02533	0.01458	0.01919	0.01228	0.00691	0.00768	0.00230	0.00921	0.00691	0.00384	0.01228
38	0.01526	0.01441	0.02437	0.61953	0.13794	0.01739	0.02184	0.02035	0.01579	0.02056	0.01389	0.02047	0.01060	0.00764	0.00774	0.00255	0.01018	0.00689	0.00350	0.00911
39	0.01555	0.04011	0.68733	0.02210	0.03356	0.01801	0.02865	0.02455	0.01637	0.02455	0.01391	0.01637	0.00982	0.00737	0.00737	0.00246	0.01146	0.00573	0.00327	0.01146
40	0.00916	0.00785	0.00785	0.00785	0.01047	0.00655	0.00589	0.01113	0.01767	0.02095	0.07855	0.07462	0.67599	0.01964	0.00916	0.00262	0.00393	0.01636	0.00720	0.00655
41	0.01140	0.00756	0.00868	0.00868	0.00885	0.00766	0.00507	0.01174	0.01157	0.01583	0.02421	0.04841	0.02723	0.65076	0.08351	0.00762	0.00827	0.01090	0.03710	0.00496
42	0.01608	0.01378	0.01608	0.01148	0.01837	0.01034	0.00919	0.01952	0.01608	0.02527	0.01378	0.01608	0.01148	0.00574	0.00574	0.00115	0.00574	0.00459	0.00459	0.77491
43	0.01697	0.01319	0.01626	0.06680	0.02071	0.01066	0.01019	0.02035	0.01643	0.07777	0.01737	0.07154	0.01507	0.00764	0.00639	0.00152	0.00608	0.00638	0.00511	0.59358
44	0.05205	0.57138	0.03592	0.01443	0.02049	0.15730	0.01340	0.02468	0.01684	0.01903	0.01101	0.01274	0.00990	0.00691	0.00535	0.00175	0.00929	0.00431	0.00350	0.00971
45	0.01621	0.12804	0.60517	0.02098	0.03182	0.01962	0.02669	0.02438	0.01629	0.02375	0.01352	0.01587	0.00984	0.00727	0.00706	0.00235	0.01106	0.00553	0.00328	0.01127
46	0.01970	0.08048	0.26210	0.03100	0.27545	0.01853	0.07501	0.02567	0.01762	0.09821	0.01594	0.01863	0.01197	0.00732	0.00750	0.00234	0.00996	0.00657	0.00425	0.01177
47	0.01617	0.01454	0.09499	0.01449	0.01844	0.01172	0.03476	0.10425	0.02026	0.08370	0.08569	0.19018	0.10942	0.01651	0.00913	0.00285	0.00682	0.15021	0.00699	0.00889
48	0.01679	0.01760	0.03241	0.10153	0.05477	0.01970	0.29321	0.02105	0.01550	0.02179	0.01563	0.07336	0.01412	0.01046	0.01460	0.00291	0.25230	0.00900	0.00394	0.00932
49	0.01464	0.01378	0.02326	0.70887	0.05340	0.01723	0.02153	0.01981	0.01550	0.01981	0.01378	0.02067	0.01034	0.00775	0.00775	0.00258	0.01034	0.00689	0.00345	0.00861
50	0.01904	0.01884	0.03385	0.04511	0.57280	0.01862	0.12823	0.02397	0.01776	0.02525	0.01477	0.01948	0.01220	0.00685	0.00792	0.00235	0.00985	0.00728	0.00385	0.01198
51	0.01555	0.03769	0.62326	0.06206	0.03421	0.01818	0.02779	0.02405	0.01615	0.02405	0.01376	0.01664	0.00987	0.00763	0.00808	0.00250	0.03822	0.00584	0.00329	0.01118
52	0.00974	0.00679	0.00902	0.01064	0.01104	0.00638	0.00705	0.01079	0.01442	0.01923	0.04032	0.65274	0.04819	0.06064	0.01244	0.04212	0.00477	0.02072	0.00688	0.00607
53	0.01555	0.04011	0.68733	0.02210	0.03356	0.01801	0.02865	0.02455	0.01637	0.02455	0.01391	0.01637	0.00982	0.00737	0.00737	0.00246	0.01146	0.00573	0.00327	0.01146
54	0.02257	0.45628	0.13969	0.01537	0.02251	0.06917	0.01567	0.05041	0.01789	0.10561	0.01420	0.01519	0.01124	0.00732	0.00596	0.00193	0.00896	0.00503	0.00433	0.01067
55	0.01128	0.00752	0.00846	0.00846	0.00846	0.00752	0.00470	0.01128	0.01128	0.01503	0.02443	0.05074	0.02819	0.72751	0.03946	0.00752	0.00752	0.01128	0.00470	0.00470
56	0.01919	0.01842	0.03147	0.04759	0.67914	0.01842	0.02380	0.02380	0.01765	0.02533	0.01458	0.01919	0.01228	0.00691	0.00768	0.00230	0.00921	0.00691	0.00384	0.01228
57	0.01566	0.03935	0.66207	0.02252	0.03383	0.01807	0.05315	0.02457	0.01645	0.02457	0.01398	0.01655	0.00990	0.00733	0.00744	0.00246	0.01152	0.00586	0.00330	0.01142
58	0.01471	0.01580	0.07427	0.65611	0.05188	0.01729	0.02208	0.02017	0.01557	0.02017	0.01379	0.02034	0.01030	0.00772	0.00772	0.00257	0.01042	0.00680	0.00343	0.00883
59	0.01224	0.00884	0.01214	0.01379	0.01563	0.00874	0.01199	0.01569	0.01784	0.02303	0.04393	0.08647	0.09312	0.02128	0.01059	0.00350	0.00689	0.58005	0.00714	0.00709
60	0.01464	0.01378	0.02326	0.70887	0.05340	0.01723	0.02153	0.01981	0.01550	0.01981	0.01378	0.02067	0.01034	0.00775	0.00775	0.00258	0.01034	0.00689	0.00345	0.00861
61	0.01805	0.05712	0.09280	0.03766	0.01845	0.05752	0.01173	0.02173	0.01991	0.16324	0.23793	0.04286	0.16392	0.01295	0.00822	0.00240	0.00644	0.01078	0.00709	0.00919
62	0.01416	0.01313	0.02194	0.64423	0.04950	0.01621	0.02021	0.01898	0.01544	0.01981	0.01646	0.08566	0.01413	0.00928	0.00795	0.00264	0.00980	0.00829	0.00379	0.00840
63	0.01723	0.01672	0.02666	0.36062	0.29501	0.05145	0.04407	0.02170	0.01654	0.02184	0.01406	0.01989	0.01127	0.00821	0.00870	0.03558	0.01002	0.00688	0.00364	0.00991
64	0.01555	0.04011	0.68733	0.02210	0.03356	0.01801	0.02865	0.02455	0.01637	0.02455	0.01391	0.01637	0.00982	0.00737	0.00737	0.00246	0.01146	0.00573	0.00327	0.01146
65	0.01788	0.02289	0.12531	0.05868	0.08887	0.01922	0.49965	0.02453	0.01790	0.02464	0.01530	0.02020	0.01150	0.00672	0.00876	0.00257	0.01247	0.00846	0.00381	0.01065
66	0.01608	0.01574	0.02817	0.47896	0.17558	0.01781	0.11396	0.02134	0.01634	0.02164	0.01422	0.02041	0.01093	0.00741	0.00794	0.00253	0.01051	0.00722	0.00359	0.00961
67	0.01083	0.00829	0.01110	0.06889	0.01617	0.00813	0.00987	0.01337	0.01651	0.02118	0.04742	0.31413	0.17883	0.02098	0.00984	0.00313	0.00574	0.22190	0.00687	0.00682
68	0.01247	0.00930	0.01238	0.01268	0.01420	0.00919	0.03331	0.09398	0.01786	0.02384	0.03853	0.58162	0.04462	0.02158	0.00962	0.00304	0.00545	0.04182	0.00714	0.00737
69	0.01870	0.01807	0.03148	0.04450	0.59570	0.01794	0.07113	0.02340	0.01793	0.02559	0.04869	0.02132	0.01538	0.00734	0.00786	0.00233	0.00922	0.00745	0.00409	0.01189
70	0.01929	0.04866	0.13895	0.11818	0.14709	0.07507	0.18973	0.07095	0.04222	0.02531	0.01506	0.01895	0.01162	0.00764	0.00858	0.00246	0.03824	0.00713	0.00413	0.01075
71	0.01421	0.00952	0.01223	0.04191	0.01601	0.00924	0.01015	0.04891	0.01850	0.08456	0.06756	0.17327	0.17832	0.04333	0.01063	0.00318	0.00606	0.23746	0.00723	0.00773
72	0.20952	0.01864	0.01921	0.01648	0.05437	0.06662	0.01269	0.25123	0.02467	0.20110	0.01892	0.01875	0.01322	0.00855	0.00694	0.00230	0.00778	0.00630	0.00694	0.03576
73	0.04358	0.01343	0.08471	0.01346	0.01639	0.04480	0.01184	0.01735	0.01812	0.04984	0.17517	0.20621	0.04448	0.01762	0.00929	0.00293	0.00653	0.20954	0.00688	0.00783

[dist]
# distance from previous block
# <min> <max>
0	10

# created by:
# /st0/software/busco_prod/Augustus/scripts/msa2prfl.pl ./align_prep/134479.fa
