[name]
unknown

[dist]
# distance from previous block
# <min> <max>
0	9

[block]
# block no. 0 follows, 26 sequences, length 77
# corresponding to MSA columns:
# 9-85
name=unknown_A
#
# <colnr> <probs for GDERKNQSTAVLIFYWHMCP>
#	G	D	E	R	K	N	Q	S	T	A	V	L	I	F	Y	W	H	M	C	P
0	0.38363	0.01158	0.01171	0.01205	0.01521	0.01270	0.01030	0.01887	0.01528	0.02813	0.02597	0.05045	0.02666	0.01428	0.00770	0.00294	0.00645	0.33260	0.00589	0.00757
1	0.38591	0.01567	0.01744	0.01515	0.01740	0.02025	0.01258	0.02019	0.01224	0.02582	0.01025	0.01455	0.00912	0.01029	0.01521	0.00285	0.37743	0.00542	0.00398	0.00826
2	0.01644	0.01251	0.01370	0.01139	0.01548	0.03101	0.00887	0.09973	0.04692	0.04451	0.05081	0.03363	0.12329	0.04811	0.01041	0.06300	0.00593	0.03492	0.07382	0.25552
3	0.02326	0.40014	0.03053	0.01575	0.02088	0.31771	0.01352	0.02550	0.01786	0.01814	0.01154	0.01370	0.01021	0.00960	0.04087	0.00230	0.01111	0.00462	0.00357	0.00918
4	0.00924	0.00660	0.00880	0.01056	0.01100	0.00616	0.00704	0.01056	0.01452	0.01936	0.04181	0.72848	0.05017	0.02376	0.00968	0.00308	0.00440	0.02156	0.00704	0.00616
5	0.02883	0.02125	0.02276	0.01745	0.02352	0.02352	0.01442	0.66082	0.03566	0.04780	0.01821	0.01821	0.01290	0.00911	0.00759	0.00228	0.00835	0.00683	0.00759	0.01290
6	0.01650	0.01346	0.01581	0.01133	0.01803	0.01015	0.00908	0.01985	0.01598	0.05265	0.01417	0.01615	0.01155	0.00578	0.00570	0.00117	0.00565	0.00463	0.00470	0.74767
7	0.01659	0.01659	0.02323	0.01991	0.01991	0.02323	0.01659	0.01825	0.01162	0.01825	0.00996	0.01659	0.00996	0.01328	0.02489	0.00332	0.71955	0.00664	0.00332	0.00830
8	0.00924	0.00660	0.00880	0.01056	0.01100	0.00616	0.00704	0.01056	0.01452	0.01936	0.04181	0.72848	0.05017	0.02376	0.00968	0.00308	0.00440	0.02156	0.00704	0.00616
9	0.01659	0.01659	0.02323	0.01991	0.01991	0.02323	0.01659	0.01825	0.01162	0.01825	0.00996	0.01659	0.00996	0.01328	0.02489	0.00332	0.71955	0.00664	0.00332	0.00830
10	0.01987	0.01759	0.01766	0.01575	0.02011	0.05521	0.01227	0.07101	0.60601	0.03184	0.02922	0.02702	0.02193	0.01010	0.00767	0.00253	0.00653	0.00829	0.00751	0.01188
11	0.01941	0.61767	0.15243	0.01447	0.02177	0.02788	0.01557	0.02294	0.01552	0.01891	0.01107	0.01283	0.00971	0.00661	0.00527	0.00176	0.00865	0.00432	0.00324	0.00999
12	0.01521	0.03923	0.69413	0.02162	0.03283	0.01762	0.02802	0.02402	0.01601	0.02402	0.01361	0.01601	0.00961	0.00721	0.00721	0.00240	0.01121	0.00560	0.00320	0.01121
13	0.01414	0.00707	0.00707	0.00707	0.00884	0.00707	0.00530	0.01767	0.01591	0.02828	0.02474	0.02828	0.01944	0.00884	0.00530	0.00177	0.00353	0.00707	0.77554	0.00707
14	0.02833	0.03615	0.02149	0.01954	0.02345	0.70298	0.01466	0.03029	0.02149	0.01856	0.01172	0.01368	0.00977	0.00782	0.00684	0.00195	0.01368	0.00489	0.00391	0.00879
15	0.01609	0.03146	0.48785	0.02054	0.02980	0.01628	0.08736	0.02421	0.04392	0.06094	0.06764	0.02265	0.04050	0.00844	0.00762	0.00243	0.01005	0.00716	0.00431	0.01076
16	0.00943	0.00668	0.00875	0.01033	0.01072	0.00628	0.00679	0.01061	0.01416	0.01888	0.03996	0.65848	0.04784	0.09694	0.01266	0.00352	0.00471	0.02048	0.00679	0.00600
17	0.00896	0.00768	0.00768	0.00768	0.01025	0.00640	0.00576	0.01089	0.01729	0.02049	0.07684	0.07300	0.68304	0.01921	0.00896	0.00256	0.00384	0.01601	0.00704	0.00640
18	0.08194	0.01971	0.01955	0.01698	0.04703	0.11588	0.01304	0.21088	0.17966	0.18353	0.02224	0.02128	0.01585	0.00903	0.00731	0.00232	0.00797	0.00695	0.00714	0.01173
19	0.01322	0.01252	0.02254	0.09996	0.05364	0.01283	0.19326	0.01656	0.01545	0.02090	0.02756	0.36449	0.03006	0.01551	0.01027	0.00285	0.06055	0.01457	0.00530	0.00798
20	0.00924	0.00660	0.00880	0.01056	0.01100	0.00616	0.00704	0.01056	0.01452	0.01936	0.04181	0.72848	0.05017	0.02376	0.00968	0.00308	0.00440	0.02156	0.00704	0.00616
21	0.01642	0.01575	0.02714	0.39495	0.32993	0.01746	0.04705	0.02128	0.01620	0.02194	0.01390	0.01960	0.01100	0.00717	0.00760	0.00241	0.00973	0.00684	0.00356	0.01007
22	0.01794	0.02035	0.04415	0.03260	0.06768	0.01913	0.63102	0.02425	0.01788	0.02432	0.01530	0.02039	0.01153	0.00641	0.00889	0.00254	0.01262	0.00886	0.00383	0.01031
23	0.01414	0.00707	0.00707	0.00707	0.00884	0.00707	0.00530	0.01767	0.01591	0.02828	0.02474	0.02828	0.01944	0.00884	0.00530	0.00177	0.00353	0.00707	0.77554	0.00707
24	0.01659	0.01659	0.02323	0.01991	0.01991	0.02323	0.01659	0.01825	0.01162	0.01825	0.00996	0.01659	0.00996	0.01328	0.02489	0.00332	0.71955	0.00664	0.00332	0.00830
25	0.01995	0.01786	0.02502	0.05864	0.31829	0.04759	0.04572	0.07914	0.18978	0.04987	0.02074	0.02498	0.01673	0.00879	0.00777	0.00242	0.00839	0.04139	0.00545	0.01148
26	0.01521	0.03923	0.69413	0.02162	0.03283	0.01762	0.02802	0.02402	0.01601	0.02402	0.01361	0.01601	0.00961	0.00721	0.00721	0.00240	0.01121	0.00560	0.00320	0.01121
27	0.01659	0.01659	0.02323	0.01991	0.01991	0.02323	0.01659	0.01825	0.01162	0.01825	0.00996	0.01659	0.00996	0.01328	0.02489	0.00332	0.71955	0.00664	0.00332	0.00830
28	0.02846	0.03231	0.02182	0.01900	0.02347	0.52796	0.01459	0.19270	0.02514	0.02610	0.01340	0.01485	0.01058	0.00815	0.00703	0.00204	0.01231	0.00539	0.00486	0.00985
29	0.01080	0.00758	0.00926	0.00894	0.01000	0.00721	0.00602	0.01280	0.01690	0.02342	0.38240	0.05424	0.07389	0.31989	0.02152	0.00450	0.00519	0.01266	0.00671	0.00605
30	0.01057	0.00787	0.01060	0.01269	0.03729	0.00768	0.00872	0.01342	0.04981	0.02074	0.03995	0.56380	0.04630	0.02198	0.00962	0.00309	0.00506	0.11705	0.00695	0.00682
31	0.01799	0.01722	0.02937	0.16487	0.57396	0.01782	0.02289	0.02259	0.01690	0.02382	0.01413	0.01903	0.01168	0.00690	0.00752	0.00230	0.00921	0.00676	0.00369	0.01138
32	0.01102	0.00739	0.00844	0.00844	0.00850	0.00745	0.00481	0.01114	0.01108	0.01483	0.02374	0.04878	0.02720	0.70419	0.06734	0.00756	0.00791	0.01090	0.00457	0.00469
33	0.01095	0.00732	0.00830	0.00837	0.00839	0.00730	0.00470	0.01101	0.01118	0.01491	0.02467	0.07870	0.02854	0.70305	0.03737	0.00717	0.00723	0.01148	0.00470	0.00466
34	0.78701	0.01467	0.01115	0.00997	0.01467	0.01702	0.00821	0.02230	0.01291	0.03403	0.01056	0.01232	0.00821	0.00704	0.00469	0.00235	0.00587	0.00411	0.00469	0.00821
35	0.01914	0.01671	0.01920	0.01887	0.08393	0.01934	0.01356	0.06577	0.52822	0.03075	0.02705	0.02600	0.02058	0.01013	0.00904	0.00259	0.06221	0.00817	0.00699	0.01176
36	0.01414	0.00707	0.00707	0.00707	0.00884	0.00707	0.00530	0.01767	0.01591	0.02828	0.02474	0.02828	0.01944	0.00884	0.00530	0.00177	0.00353	0.00707	0.77554	0.00707
37	0.02833	0.03615	0.02149	0.01954	0.02345	0.70298	0.01466	0.03029	0.02149	0.01856	0.01172	0.01368	0.00977	0.00782	0.00684	0.00195	0.01368	0.00489	0.00391	0.00879
38	0.02010	0.71355	0.06264	0.01328	0.01994	0.02958	0.01350	0.02276	0.01543	0.01806	0.01065	0.01230	0.00973	0.00651	0.00495	0.00165	0.00822	0.00411	0.00324	0.00979
39	0.01457	0.00857	0.01130	0.01114	0.01306	0.00806	0.00854	0.01709	0.01776	0.12691	0.22318	0.14755	0.04597	0.14363	0.01444	0.00362	0.00563	0.16423	0.00734	0.00742
40	0.02028	0.73799	0.03975	0.01298	0.01947	0.03001	0.01298	0.02271	0.01541	0.01785	0.01055	0.01217	0.00973	0.00649	0.00487	0.00162	0.00811	0.00406	0.00324	0.00973
41	0.01432	0.01348	0.02275	0.71520	0.05224	0.01685	0.02107	0.01938	0.01517	0.01938	0.01348	0.02022	0.01011	0.00758	0.00758	0.00253	0.01011	0.00674	0.00337	0.00843
42	0.03124	0.03673	0.01783	0.01333	0.01881	0.01188	0.01098	0.05971	0.02176	0.58406	0.05960	0.05593	0.02201	0.01017	0.00768	0.00235	0.00637	0.00834	0.00897	0.01225
43	0.01222	0.00873	0.01222	0.01397	0.01572	0.00873	0.01222	0.01572	0.01746	0.02270	0.04016	0.08556	0.04365	0.02095	0.01048	0.00349	0.00698	0.63506	0.00698	0.00698
44	0.01432	0.01348	0.02275	0.71520	0.05224	0.01685	0.02107	0.01938	0.01517	0.01938	0.01348	0.02022	0.01011	0.00758	0.00758	0.00253	0.01011	0.00674	0.00337	0.00843
45	0.02100	0.04429	0.15551	0.05093	0.02742	0.07627	0.12982	0.02531	0.01665	0.15325	0.01586	0.01875	0.01188	0.00922	0.01242	0.00262	0.20714	0.00682	0.00463	0.01020
46	0.01414	0.00707	0.00707	0.00707	0.00884	0.00707	0.00530	0.01767	0.01591	0.02828	0.02474	0.02828	0.01944	0.00884	0.00530	0.00177	0.00353	0.00707	0.77554	0.00707
47	0.00924	0.00660	0.00880	0.01056	0.01100	0.00616	0.00704	0.01056	0.01452	0.01936	0.04181	0.72848	0.05017	0.02376	0.00968	0.00308	0.00440	0.02156	0.00704	0.00616
48	0.01852	0.01780	0.03018	0.06888	0.63535	0.01820	0.02291	0.02293	0.01696	0.02431	0.01406	0.01873	0.01186	0.00707	0.00826	0.00231	0.03947	0.00675	0.00372	0.01173
49	0.01927	0.07497	0.03057	0.04160	0.58071	0.04587	0.02167	0.02421	0.04409	0.02428	0.01456	0.01845	0.01220	0.00692	0.00728	0.00220	0.00900	0.00655	0.00388	0.01171
50	0.01521	0.03923	0.69413	0.02162	0.03283	0.01762	0.02802	0.02402	0.01601	0.02402	0.01361	0.01601	0.00961	0.00721	0.00721	0.00240	0.01121	0.00560	0.00320	0.01121
51	0.01317	0.01171	0.01925	0.48221	0.03942	0.01441	0.01723	0.01745	0.01418	0.01879	0.01575	0.02340	0.01304	0.02392	0.23818	0.00573	0.01349	0.00720	0.00360	0.00788
52	0.01261	0.01203	0.05470	0.01597	0.01918	0.01008	0.16146	0.01567	0.01604	0.04907	0.03781	0.41418	0.11444	0.01762	0.00920	0.00283	0.00676	0.01647	0.00618	0.00770
53	0.02212	0.08677	0.34418	0.01722	0.02545	0.01592	0.01924	0.02852	0.04126	0.25728	0.05330	0.02159	0.01642	0.00843	0.00726	0.00232	0.00872	0.00669	0.00579	0.01150
54	0.01857	0.01816	0.02934	0.13428	0.57496	0.04572	0.02263	0.02305	0.01716	0.02381	0.01406	0.01876	0.01167	0.00691	0.00749	0.00228	0.00935	0.00668	0.00371	0.01141
55	0.01463	0.01407	0.02460	0.65769	0.05118	0.01705	0.07473	0.01979	0.01540	0.01979	0.01364	0.02024	0.01023	0.00748	0.00770	0.00253	0.01034	0.00693	0.00341	0.00858
56	0.01717	0.03566	0.59828	0.02056	0.03094	0.01706	0.02567	0.02601	0.04705	0.08791	0.01597	0.01752	0.01111	0.00756	0.00727	0.00240	0.01052	0.00594	0.00400	0.01141
57	0.01532	0.01486	0.02641	0.46896	0.15826	0.01681	0.10758	0.02026	0.01587	0.02099	0.01537	0.05739	0.01275	0.00813	0.00787	0.00251	0.00998	0.00783	0.00369	0.00917
58	0.02879	0.02248	0.02266	0.01762	0.02352	0.07975	0.01444	0.60864	0.03449	0.04538	0.01767	0.01784	0.01264	0.00900	0.00753	0.00225	0.00879	0.00667	0.00728	0.01256
59	0.01789	0.01741	0.03054	0.16677	0.51463	0.01791	0.07823	0.02266	0.01694	0.02376	0.01422	0.01918	0.01162	0.00688	0.00765	0.00233	0.00954	0.00695	0.00369	0.01121
60	0.06499	0.01753	0.03321	0.02559	0.06988	0.01636	0.37368	0.02828	0.01884	0.24329	0.01980	0.02167	0.01374	0.00743	0.00820	0.00246	0.01011	0.00813	0.00570	0.01110
61	0.01659	0.01659	0.02323	0.01991	0.01991	0.02323	0.01659	0.01825	0.01162	0.01825	0.00996	0.01659	0.00996	0.01328	0.02489	0.00332	0.71955	0.00664	0.00332	0.00830
62	0.03403	0.01291	0.01760	0.01350	0.01936	0.01115	0.01115	0.03697	0.02171	0.69137	0.02992	0.02582	0.01878	0.00939	0.00763	0.00235	0.00645	0.00763	0.00939	0.01291
63	0.01814	0.09088	0.18725	0.02270	0.11229	0.01606	0.14401	0.02302	0.01709	0.11525	0.02272	0.13511	0.04122	0.01030	0.00788	0.00244	0.00892	0.00948	0.00501	0.01023
64	0.01713	0.09521	0.55735	0.04762	0.03137	0.01811	0.02511	0.02478	0.01639	0.07746	0.01467	0.01665	0.01038	0.00734	0.00706	0.00234	0.01052	0.00568	0.00371	0.01111
65	0.01222	0.00873	0.01222	0.01397	0.01572	0.00873	0.01222	0.01572	0.01746	0.02270	0.04016	0.08556	0.04365	0.02095	0.01048	0.00349	0.00698	0.63506	0.00698	0.00698
66	0.01652	0.01589	0.02750	0.37774	0.33892	0.01750	0.05415	0.02139	0.01626	0.02208	0.01393	0.01958	0.01104	0.00715	0.00762	0.00240	0.00975	0.00686	0.00357	0.01014
67	0.01697	0.01704	0.03152	0.28023	0.29528	0.01790	0.18539	0.02216	0.01669	0.02274	0.01426	0.01972	0.01121	0.00696	0.00791	0.00243	0.01037	0.00731	0.00364	0.01028
68	0.01522	0.01440	0.02438	0.58002	0.18039	0.01709	0.02151	0.02017	0.01559	0.02047	0.01364	0.01993	0.01050	0.00742	0.00757	0.00247	0.00989	0.00674	0.00345	0.00915
69	0.00925	0.00684	0.00866	0.01002	0.01088	0.00624	0.00682	0.01077	0.01529	0.02001	0.07423	0.58613	0.16185	0.02263	0.00953	0.00296	0.00427	0.02027	0.00710	0.00624
70	0.01877	0.01764	0.02936	0.12747	0.57194	0.01818	0.02252	0.05741	0.01801	0.02536	0.01438	0.01892	0.01183	0.00699	0.00752	0.00229	0.00911	0.00676	0.00392	0.01162
71	0.01903	0.17717	0.42641	0.01859	0.02746	0.01953	0.02190	0.02530	0.01647	0.11856	0.01514	0.01667	0.01097	0.00770	0.00775	0.00228	0.04834	0.00564	0.00411	0.01099
72	0.59840	0.01478	0.01464	0.04226	0.01850	0.01628	0.05159	0.02336	0.01422	0.08729	0.01278	0.01451	0.00956	0.00714	0.00539	0.00230	0.00654	0.00485	0.00496	0.05063
73	0.01666	0.01381	0.01592	0.01225	0.01783	0.01211	0.00973	0.10046	0.04862	0.02710	0.02051	0.07979	0.05070	0.00877	0.00710	0.00165	0.02851	0.00710	0.00535	0.51604
74	0.01806	0.01728	0.02922	0.07350	0.62295	0.01736	0.02226	0.02246	0.01718	0.02432	0.01754	0.02170	0.04735	0.00745	0.00759	0.00228	0.00879	0.00725	0.00391	0.01156
75	0.01786	0.05504	0.42225	0.02227	0.08605	0.04383	0.06308	0.02463	0.01715	0.08212	0.04302	0.01885	0.01343	0.00757	0.00727	0.00228	0.01007	0.00629	0.00414	0.05277
76	0.01675	0.05803	0.15802	0.11963	0.09125	0.01755	0.11767	0.02138	0.01557	0.05779	0.01668	0.07791	0.01470	0.03142	0.01149	0.00271	0.12721	0.00804	0.00413	0.03208

[dist]
# distance from previous block
# <min> <max>
0	3

# created by:
# /st0/software/busco_prod/Augustus/scripts/msa2prfl.pl ./align_prep/134772.fa
