[name]
unknown

[dist]
# distance from previous block
# <min> <max>
0	47

[block]
# block no. 0 follows, 22 sequences, length 14
# corresponding to MSA columns:
# 52-65
name=unknown_A
#
# <colnr> <probs for GDERKNQSTAVLIFYWHMCP>
#	G	D	E	R	K	N	Q	S	T	A	V	L	I	F	Y	W	H	M	C	P
0	0.01777	0.01856	0.03784	0.02882	0.03501	0.01792	0.42528	0.02364	0.01918	0.02583	0.02434	0.04263	0.02261	0.01188	0.01101	0.00313	0.04061	0.17867	0.00516	0.01010
1	0.01753	0.01665	0.02825	0.44698	0.28390	0.01894	0.02399	0.02284	0.01748	0.02346	0.01509	0.02155	0.01186	0.00796	0.00827	0.00265	0.01062	0.00739	0.00385	0.01072
2	0.01751	0.03709	0.48874	0.02692	0.03809	0.01978	0.20106	0.02640	0.01813	0.02640	0.01545	0.01893	0.01112	0.00764	0.00844	0.00268	0.01277	0.00719	0.00371	0.01197
3	0.01003	0.00757	0.00929	0.01067	0.01181	0.00682	0.00731	0.01167	0.01677	0.02156	0.05677	0.52444	0.22604	0.02460	0.01038	0.00321	0.00464	0.02188	0.00771	0.00682
4	0.01576	0.05640	0.42153	0.02057	0.06007	0.01660	0.02247	0.02214	0.01602	0.02318	0.01805	0.02808	0.01630	0.20819	0.01766	0.00414	0.01082	0.00784	0.00398	0.01019
5	0.01044	0.00758	0.00991	0.01149	0.01237	0.00705	0.00801	0.01229	0.01693	0.02243	0.09212	0.56139	0.10639	0.02474	0.01054	0.00330	0.00490	0.06338	0.00781	0.00691
6	0.02024	0.01720	0.02492	0.49665	0.04822	0.02055	0.02099	0.19500	0.02303	0.03013	0.01625	0.02152	0.01195	0.00878	0.00831	0.00269	0.01052	0.00741	0.00501	0.01063
7	0.01876	0.02829	0.22528	0.03177	0.04128	0.02052	0.45569	0.02652	0.01902	0.02652	0.01626	0.02102	0.01201	0.00726	0.00926	0.00275	0.01351	0.00876	0.00400	0.01151
8	0.01999	0.02088	0.03911	0.03114	0.08737	0.02081	0.40148	0.03154	0.19742	0.02898	0.02158	0.02471	0.01630	0.00826	0.00929	0.00278	0.01154	0.00949	0.00541	0.01192
9	0.06896	0.01238	0.01768	0.36335	0.03538	0.01476	0.01550	0.02071	0.01659	0.02593	0.01896	0.02465	0.01470	0.00900	0.00786	0.00248	0.03347	0.00731	0.28165	0.00866
10	0.55176	0.01368	0.01093	0.01001	0.01424	0.01552	0.00808	0.02297	0.01508	0.03547	0.01601	0.01850	0.01252	0.00827	0.00533	0.00239	0.00570	0.00543	0.21947	0.00864
11	0.10606	0.01273	0.01408	0.01254	0.01519	0.01375	0.00929	0.11361	0.05969	0.05184	0.11765	0.05770	0.04969	0.24493	0.05502	0.00502	0.03532	0.01069	0.00663	0.00857
12	0.01639	0.01193	0.01392	0.01341	0.01573	0.01229	0.00977	0.18816	0.02239	0.02981	0.03869	0.43393	0.06780	0.06957	0.01216	0.00343	0.00626	0.01791	0.00769	0.00875
13	0.02381	0.01753	0.01970	0.01515	0.02133	0.01708	0.01220	0.28800	0.02684	0.06489	0.02017	0.06204	0.01649	0.01005	0.00825	0.02469	0.00737	0.00752	0.03369	0.30320

[dist]
# distance from previous block
# <min> <max>
0	6

[block]
# block no. 1 follows, 22 sequences, length 6
# corresponding to MSA columns:
# 72-77
name=unknown_B
#
# <colnr> <probs for GDERKNQSTAVLIFYWHMCP>
#	G	D	E	R	K	N	Q	S	T	A	V	L	I	F	Y	W	H	M	C	P
0	0.02395	0.01948	0.02064	0.01757	0.02285	0.02220	0.01394	0.22007	0.45993	0.04005	0.02964	0.02767	0.02198	0.01088	0.00841	0.00272	0.00735	0.00882	0.00841	0.01344
1	0.01369	0.01141	0.01542	0.01387	0.01524	0.01314	0.01095	0.01698	0.02027	0.02930	0.45888	0.04884	0.05807	0.01625	0.01506	0.00292	0.21132	0.01269	0.00749	0.00821
2	0.01995	0.01488	0.02029	0.12844	0.02655	0.01528	0.07630	0.10976	0.07311	0.06145	0.02187	0.02479	0.01658	0.00883	0.00739	0.00224	0.00761	0.00759	0.23123	0.12585
3	0.02487	0.51030	0.03751	0.01638	0.02263	0.22609	0.01477	0.02737	0.01889	0.01978	0.01194	0.01382	0.01067	0.00754	0.00598	0.00189	0.01072	0.00472	0.00377	0.01035
4	0.01617	0.01477	0.02249	0.47444	0.04535	0.01612	0.01889	0.02113	0.01681	0.02307	0.01477	0.02059	0.01146	0.00762	0.00762	0.00228	0.00952	0.00660	0.00408	0.24621
5	0.01790	0.02118	0.09062	0.26051	0.04611	0.02028	0.32443	0.02426	0.01792	0.02426	0.01553	0.02162	0.01178	0.00805	0.01032	0.00283	0.05953	0.00848	0.00393	0.01046

[dist]
# distance from previous block
# <min> <max>
0	8

[block]
# block no. 2 follows, 22 sequences, length 10
# corresponding to MSA columns:
# 86-95
name=unknown_C
#
# <colnr> <probs for GDERKNQSTAVLIFYWHMCP>
#	G	D	E	R	K	N	Q	S	T	A	V	L	I	F	Y	W	H	M	C	P
0	0.03129	0.01694	0.02935	0.02163	0.02873	0.01519	0.22008	0.03579	0.02237	0.44682	0.02737	0.02629	0.01787	0.00917	0.00885	0.00265	0.00942	0.00885	0.00822	0.01314
1	0.02063	0.01849	0.02384	0.02845	0.23651	0.02035	0.01733	0.03783	0.43048	0.03217	0.02765	0.02746	0.02123	0.00996	0.00838	0.00270	0.00769	0.00872	0.00698	0.01315
2	0.01012	0.00723	0.00964	0.01157	0.01205	0.00675	0.00771	0.01157	0.01591	0.02121	0.04579	0.70262	0.05495	0.02603	0.01060	0.00337	0.00482	0.02362	0.00771	0.00675
3	0.03122	0.03407	0.02401	0.02063	0.02571	0.45494	0.01596	0.23478	0.02880	0.03118	0.01525	0.01666	0.01186	0.00904	0.00777	0.00226	0.01300	0.00607	0.00565	0.01115
4	0.03081	0.01551	0.02137	0.01716	0.02141	0.01669	0.01423	0.03355	0.02003	0.44458	0.02537	0.02486	0.01729	0.01172	0.01476	0.00293	0.23930	0.00799	0.00803	0.01243
5	0.01068	0.00766	0.01014	0.01119	0.01217	0.00712	0.00775	0.01296	0.01848	0.02531	0.25102	0.48570	0.06288	0.02296	0.01033	0.00312	0.00451	0.02071	0.00820	0.00712
6	0.01012	0.00723	0.00964	0.01157	0.01205	0.00675	0.00771	0.01157	0.01591	0.02121	0.04579	0.70262	0.05495	0.02603	0.01060	0.00337	0.00482	0.02362	0.00771	0.00675
7	0.01187	0.00834	0.01041	0.00998	0.01128	0.00791	0.00689	0.01446	0.01964	0.02749	0.43997	0.05945	0.06207	0.25100	0.02080	0.00446	0.00532	0.01403	0.00775	0.00689
8	0.03727	0.01414	0.01928	0.01478	0.02121	0.01221	0.01221	0.04049	0.02378	0.66198	0.03277	0.02828	0.02056	0.01028	0.00835	0.00257	0.00707	0.00835	0.01028	0.01414
9	0.02575	0.01210	0.01514	0.01251	0.01738	0.01067	0.01003	0.02969	0.05480	0.37894	0.08299	0.04771	0.23799	0.01433	0.00893	0.00267	0.00591	0.01187	0.00926	0.01134

[dist]
# distance from previous block
# <min> <max>
0	4

[block]
# block no. 3 follows, 22 sequences, length 43
# corresponding to MSA columns:
# 100-142
name=unknown_D
#
# <colnr> <probs for GDERKNQSTAVLIFYWHMCP>
#	G	D	E	R	K	N	Q	S	T	A	V	L	I	F	Y	W	H	M	C	P
0	0.03234	0.02193	0.02166	0.01763	0.02319	0.15382	0.01417	0.16630	0.08021	0.30958	0.02485	0.02344	0.01705	0.01016	0.00912	0.00254	0.04346	0.00758	0.00812	0.01286
1	0.01567	0.01415	0.02342	0.62890	0.05308	0.01753	0.02157	0.02106	0.01668	0.02207	0.01584	0.02292	0.01196	0.00843	0.00809	0.00270	0.01045	0.00741	0.06897	0.00910
2	0.03409	0.05982	0.01999	0.01425	0.02016	0.01321	0.01172	0.03698	0.02230	0.56332	0.03080	0.02956	0.02075	0.07077	0.01111	0.00300	0.00727	0.00842	0.00938	0.01312
3	0.70108	0.01537	0.01194	0.01076	0.01546	0.01772	0.00865	0.02335	0.01396	0.03543	0.01284	0.01705	0.01084	0.06863	0.00837	0.00305	0.00657	0.00516	0.00513	0.00865
4	0.01695	0.01503	0.02054	0.01810	0.01916	0.01959	0.01469	0.07080	0.01518	0.02236	0.01624	0.02508	0.01548	0.06895	0.23704	0.00694	0.37662	0.00809	0.00439	0.00875
5	0.02119	0.01855	0.02176	0.01861	0.02374	0.02098	0.06661	0.07574	0.55302	0.03504	0.03155	0.02962	0.02361	0.01083	0.00856	0.00280	0.00737	0.00932	0.00808	0.01304
6	0.01176	0.00849	0.01110	0.01045	0.01241	0.00784	0.00784	0.01568	0.02352	0.03331	0.65184	0.06206	0.07839	0.01698	0.00980	0.00261	0.00392	0.01502	0.00914	0.00784
7	0.01176	0.00849	0.01110	0.01045	0.01241	0.00784	0.00784	0.01568	0.02352	0.03331	0.65184	0.06206	0.07839	0.01698	0.00980	0.00261	0.00392	0.01502	0.00914	0.00784
8	0.02125	0.01908	0.01905	0.01716	0.02183	0.05773	0.01331	0.04352	0.60621	0.03393	0.03262	0.03009	0.02453	0.01112	0.00840	0.00278	0.00705	0.00916	0.00822	0.01295
9	0.03651	0.01431	0.01926	0.01488	0.02122	0.01260	0.01225	0.04065	0.05199	0.63331	0.03282	0.02840	0.02078	0.01033	0.00836	0.00258	0.00705	0.00840	0.01020	0.01409
10	0.02221	0.71304	0.04353	0.01421	0.02132	0.03287	0.01421	0.02488	0.01688	0.01955	0.01155	0.01333	0.01066	0.00711	0.00533	0.00178	0.00888	0.00444	0.00355	0.01066
11	0.01176	0.00849	0.01110	0.01045	0.01241	0.00784	0.00784	0.01568	0.02352	0.03331	0.65184	0.06206	0.07839	0.01698	0.00980	0.00261	0.00392	0.01502	0.00914	0.00784
12	0.01012	0.00723	0.00964	0.01157	0.01205	0.00675	0.00771	0.01157	0.01591	0.02121	0.04579	0.70262	0.05495	0.02603	0.01060	0.00337	0.00482	0.02362	0.00771	0.00675
13	0.02176	0.59660	0.03959	0.01491	0.02114	0.06314	0.01426	0.02437	0.01676	0.01959	0.01229	0.01494	0.01134	0.01122	0.05086	0.00266	0.04567	0.00493	0.00365	0.01031
14	0.05934	0.56130	0.11381	0.01557	0.02302	0.06692	0.01599	0.02549	0.01720	0.02127	0.01202	0.01392	0.01056	0.00731	0.00574	0.00194	0.00950	0.00470	0.00367	0.01071
15	0.03617	0.01438	0.01925	0.01492	0.02123	0.01277	0.01227	0.04073	0.06460	0.62051	0.03284	0.02846	0.02088	0.01035	0.00836	0.00259	0.00704	0.00842	0.01016	0.01407
16	0.01752	0.01722	0.02437	0.04937	0.02271	0.02384	0.01771	0.01960	0.01294	0.01998	0.01206	0.01960	0.01177	0.01843	0.08281	0.00444	0.60556	0.00742	0.00371	0.00895
17	0.00982	0.00842	0.00842	0.00842	0.01122	0.00701	0.00631	0.01192	0.01894	0.02244	0.08416	0.07995	0.65285	0.02104	0.00982	0.00281	0.00421	0.01753	0.00771	0.00701
18	0.01012	0.00723	0.00964	0.01157	0.01205	0.00675	0.00771	0.01157	0.01591	0.02121	0.04579	0.70262	0.05495	0.02603	0.01060	0.00337	0.00482	0.02362	0.00771	0.00675
19	0.00982	0.00842	0.00842	0.00842	0.01122	0.00701	0.00631	0.01192	0.01894	0.02244	0.08416	0.07995	0.65285	0.02104	0.00982	0.00281	0.00421	0.01753	0.00771	0.00701
20	0.01012	0.00723	0.00964	0.01157	0.01205	0.00675	0.00771	0.01157	0.01591	0.02121	0.04579	0.70262	0.05495	0.02603	0.01060	0.00337	0.00482	0.02362	0.00771	0.00675
21	0.01818	0.01818	0.02545	0.02181	0.02181	0.02545	0.01818	0.01999	0.01272	0.01999	0.01091	0.01818	0.01091	0.01454	0.02726	0.00364	0.69284	0.00727	0.00364	0.00909
22	0.02025	0.01738	0.01848	0.01682	0.02135	0.02003	0.01316	0.04262	0.60598	0.03419	0.03439	0.03455	0.02663	0.01193	0.00862	0.00287	0.00664	0.04286	0.00841	0.01284
23	0.76672	0.01607	0.01221	0.01092	0.01607	0.01864	0.00900	0.02442	0.01414	0.03727	0.01157	0.01350	0.00900	0.00771	0.00514	0.00257	0.00643	0.00450	0.00514	0.00900
24	0.01569	0.01477	0.02492	0.68808	0.05722	0.01846	0.02307	0.02123	0.01661	0.02123	0.01477	0.02215	0.01107	0.00831	0.00831	0.00277	0.01107	0.00738	0.00369	0.00923
25	0.02221	0.71304	0.04353	0.01421	0.02132	0.03287	0.01421	0.02488	0.01688	0.01955	0.01155	0.01333	0.01066	0.00711	0.00533	0.00178	0.00888	0.00444	0.00355	0.01066
26	0.01208	0.00805	0.00906	0.00906	0.00906	0.00805	0.00503	0.01208	0.01208	0.01611	0.02618	0.05436	0.03020	0.70804	0.04228	0.00805	0.00805	0.01208	0.00503	0.00503
27	0.01723	0.01477	0.01723	0.01230	0.01969	0.01107	0.00984	0.02092	0.01723	0.02707	0.01477	0.01723	0.01230	0.00615	0.00615	0.00123	0.00615	0.00492	0.00492	0.75883
28	0.01443	0.00722	0.01082	0.01082	0.01082	0.00722	0.00722	0.01082	0.01082	0.01443	0.01443	0.02525	0.01443	0.02886	0.03247	0.75830	0.00722	0.00722	0.00361	0.00361
29	0.02748	0.32538	0.03308	0.01697	0.02382	0.02888	0.01510	0.36413	0.02934	0.03799	0.01627	0.01705	0.01261	0.00872	0.00701	0.00218	0.00903	0.00615	0.00623	0.01261
30	0.18711	0.02175	0.02224	0.01738	0.02371	0.02425	0.01435	0.50072	0.03379	0.04916	0.01817	0.01858	0.01304	0.00949	0.00764	0.00251	0.00857	0.00685	0.00764	0.01304
31	0.01549	0.00774	0.00774	0.00774	0.00968	0.00774	0.00581	0.01936	0.01742	0.03097	0.02710	0.03097	0.02129	0.00968	0.00581	0.00194	0.00387	0.00774	0.75416	0.00774
32	0.17217	0.02189	0.02159	0.01710	0.02312	0.05345	0.01401	0.45552	0.03251	0.04695	0.01835	0.01901	0.01333	0.00946	0.00754	0.00246	0.00863	0.00682	0.04347	0.01263
33	0.01569	0.01477	0.02492	0.68808	0.05722	0.01846	0.02307	0.02123	0.01661	0.02123	0.01477	0.02215	0.01107	0.00831	0.00831	0.00277	0.01107	0.00738	0.00369	0.00923
34	0.03727	0.01414	0.01928	0.01478	0.02121	0.01221	0.01221	0.04049	0.02378	0.66198	0.03277	0.02828	0.02056	0.01028	0.00835	0.00257	0.00707	0.00835	0.01028	0.01414
35	0.01208	0.00805	0.00906	0.00906	0.00906	0.00805	0.00503	0.01208	0.01208	0.01611	0.02618	0.05436	0.03020	0.70804	0.04228	0.00805	0.00805	0.01208	0.00503	0.00503
36	0.01628	0.00851	0.00859	0.00830	0.01047	0.00863	0.00630	0.04929	0.01848	0.03202	0.02675	0.03043	0.02094	0.00969	0.00593	0.00196	0.00413	0.00773	0.71752	0.00806
37	0.01443	0.00722	0.01082	0.01082	0.01082	0.00722	0.00722	0.01082	0.01082	0.01443	0.01443	0.02525	0.01443	0.02886	0.03247	0.75830	0.00722	0.00722	0.00361	0.00361
38	0.01089	0.00778	0.01050	0.01230	0.01316	0.00740	0.00892	0.01296	0.01695	0.02256	0.07462	0.54292	0.05457	0.02494	0.01075	0.00343	0.00538	0.14521	0.00777	0.00699
39	0.01827	0.01473	0.01733	0.01243	0.01977	0.01113	0.00997	0.02194	0.01757	0.06011	0.01570	0.01780	0.01273	0.00637	0.00627	0.00130	0.00620	0.00510	0.00520	0.72007
40	0.01640	0.04481	0.12065	0.05115	0.05240	0.01343	0.07734	0.02129	0.02051	0.08077	0.24521	0.04328	0.12618	0.01289	0.00893	0.00258	0.00748	0.01138	0.00677	0.03655
41	0.04984	0.03470	0.42942	0.02503	0.03552	0.01978	0.16243	0.06672	0.01956	0.05567	0.01630	0.01909	0.01160	0.00792	0.00826	0.00266	0.01200	0.00708	0.00434	0.01210
42	0.05388	0.05331	0.05080	0.13898	0.29348	0.05336	0.02056	0.05785	0.04490	0.12572	0.01855	0.02136	0.01399	0.00835	0.00796	0.00251	0.00963	0.00722	0.00538	0.01222

[dist]
# distance from previous block
# <min> <max>
1	2

[block]
# block no. 4 follows, 22 sequences, length 49
# corresponding to MSA columns:
# 145-193
name=unknown_E
#
# <colnr> <probs for GDERKNQSTAVLIFYWHMCP>
#	G	D	E	R	K	N	Q	S	T	A	V	L	I	F	Y	W	H	M	C	P
0	0.02086	0.09803	0.04679	0.03162	0.03977	0.02183	0.52507	0.02718	0.01954	0.06059	0.01710	0.02173	0.01283	0.00719	0.00923	0.00268	0.01306	0.00913	0.00446	0.01131
1	0.02262	0.01873	0.05393	0.11940	0.22130	0.01856	0.04439	0.12551	0.08193	0.10368	0.02203	0.05774	0.01743	0.00971	0.00834	0.00260	0.00901	0.00860	0.04231	0.01218
2	0.01157	0.00848	0.01085	0.01026	0.01230	0.00776	0.00769	0.01532	0.02308	0.03228	0.59805	0.06375	0.13282	0.01737	0.00980	0.00263	0.00395	0.01526	0.00901	0.00776
3	0.01842	0.02996	0.28071	0.03003	0.03945	0.02059	0.36875	0.02615	0.01846	0.02615	0.01578	0.02034	0.01173	0.00774	0.01000	0.00278	0.04926	0.00828	0.00391	0.01150
4	0.28932	0.01619	0.02027	0.01581	0.02201	0.01613	0.07612	0.06592	0.02082	0.34345	0.02299	0.02204	0.01534	0.00902	0.00739	0.00259	0.00769	0.00712	0.00774	0.01204
5	0.01841	0.01473	0.01735	0.01245	0.01978	0.01114	0.00998	0.02208	0.01761	0.06468	0.01583	0.01788	0.01279	0.00640	0.00628	0.00131	0.00621	0.00513	0.00524	0.71472
6	0.01159	0.00843	0.01092	0.01042	0.01234	0.00775	0.00777	0.01531	0.02295	0.03225	0.59754	0.09384	0.10252	0.01760	0.00984	0.00266	0.00398	0.01555	0.00901	0.00775
7	0.01549	0.00774	0.00774	0.00774	0.00968	0.00774	0.00581	0.01936	0.01742	0.03097	0.02710	0.03097	0.02129	0.00968	0.00581	0.00194	0.00387	0.00774	0.75416	0.00774
8	0.01491	0.00786	0.00826	0.00816	0.01010	0.00776	0.00612	0.01879	0.01837	0.03133	0.12390	0.03579	0.03014	0.01081	0.00643	0.00204	0.00388	0.00887	0.63873	0.00776
9	0.01028	0.00735	0.00978	0.01146	0.01208	0.00685	0.00772	0.01197	0.01665	0.02239	0.10495	0.64009	0.05723	0.02514	0.01052	0.00330	0.00473	0.02278	0.00785	0.00685
10	0.02221	0.71304	0.04353	0.01421	0.02132	0.03287	0.01421	0.02488	0.01688	0.01955	0.01155	0.01333	0.01066	0.00711	0.00533	0.00178	0.00888	0.00444	0.00355	0.01066
11	0.01144	0.00835	0.01097	0.01253	0.01362	0.00813	0.00914	0.01471	0.05154	0.02337	0.07930	0.50900	0.05324	0.02409	0.01061	0.00339	0.00542	0.13599	0.00782	0.00734
12	0.01012	0.00723	0.00964	0.01157	0.01205	0.00675	0.00771	0.01157	0.01591	0.02121	0.04579	0.70262	0.05495	0.02603	0.01060	0.00337	0.00482	0.02362	0.00771	0.00675
13	0.01012	0.00723	0.00964	0.01157	0.01205	0.00675	0.00771	0.01157	0.01591	0.02121	0.04579	0.70262	0.05495	0.02603	0.01060	0.00337	0.00482	0.02362	0.00771	0.00675
14	0.02326	0.63263	0.04115	0.01507	0.02184	0.10951	0.01443	0.02587	0.01768	0.01964	0.01170	0.01352	0.01067	0.00728	0.00559	0.00182	0.00961	0.00455	0.00364	0.01054
15	0.01670	0.01084	0.01397	0.13021	0.02071	0.01189	0.03181	0.05467	0.01839	0.02984	0.02345	0.02793	0.01832	0.00957	0.00746	0.00222	0.03550	0.00772	0.52026	0.00855
16	0.01012	0.00723	0.00964	0.01157	0.01205	0.00675	0.00771	0.01157	0.01591	0.02121	0.04579	0.70262	0.05495	0.02603	0.01060	0.00337	0.00482	0.02362	0.00771	0.00675
17	0.02849	0.02387	0.02356	0.05714	0.02674	0.10925	0.01573	0.40295	0.15224	0.04299	0.02140	0.02156	0.01568	0.00994	0.00823	0.00253	0.00952	0.00757	0.00755	0.01307
18	0.02289	0.02375	0.02220	0.02095	0.05744	0.19404	0.01561	0.03535	0.31722	0.02755	0.02266	0.02361	0.01790	0.01101	0.01199	0.00279	0.14773	0.00779	0.00614	0.01140
19	0.01984	0.02175	0.04523	0.03897	0.19529	0.02069	0.47721	0.02633	0.01944	0.02674	0.01651	0.02195	0.01274	0.00710	0.00941	0.00272	0.01298	0.00921	0.00418	0.01169
20	0.01079	0.00845	0.00976	0.00943	0.01181	0.00742	0.00707	0.01379	0.02122	0.02786	0.36729	0.07102	0.36634	0.01902	0.00981	0.00271	0.00406	0.01628	0.00843	0.00742
21	0.01638	0.00860	0.00869	0.00837	0.01057	0.00874	0.00636	0.05303	0.01862	0.03215	0.02670	0.03036	0.02090	0.00969	0.00595	0.00197	0.00416	0.00773	0.71293	0.00810
22	0.01925	0.01411	0.01692	0.01245	0.01921	0.01092	0.00996	0.02290	0.01863	0.10748	0.07533	0.02272	0.01939	0.00766	0.00676	0.00153	0.00606	0.00628	0.00598	0.59646
23	0.76672	0.01607	0.01221	0.01092	0.01607	0.01864	0.00900	0.02442	0.01414	0.03727	0.01157	0.01350	0.00900	0.00771	0.00514	0.00257	0.00643	0.00450	0.00514	0.00900
24	0.03158	0.02327	0.02493	0.01911	0.02576	0.02576	0.01579	0.62852	0.03906	0.05236	0.01995	0.01995	0.01413	0.00997	0.00831	0.00249	0.00914	0.00748	0.00831	0.01413
25	0.01723	0.01477	0.01723	0.01230	0.01969	0.01107	0.00984	0.02092	0.01723	0.02707	0.01477	0.01723	0.01230	0.00615	0.00615	0.00123	0.00615	0.00492	0.00492	0.75883
26	0.01825	0.01473	0.01733	0.01243	0.01976	0.01113	0.00996	0.02191	0.01756	0.05940	0.01568	0.01779	0.01273	0.00636	0.00626	0.00130	0.00620	0.00510	0.00519	0.72091
27	0.76672	0.01607	0.01221	0.01092	0.01607	0.01864	0.00900	0.02442	0.01414	0.03727	0.01157	0.01350	0.00900	0.00771	0.00514	0.00257	0.00643	0.00450	0.00514	0.00900
28	0.01176	0.00849	0.01110	0.01045	0.01241	0.00784	0.00784	0.01568	0.02352	0.03331	0.65184	0.06206	0.07839	0.01698	0.00980	0.00261	0.00392	0.01502	0.00914	0.00784
29	0.01443	0.00722	0.01082	0.01082	0.01082	0.00722	0.00722	0.01082	0.01082	0.01443	0.01443	0.02525	0.01443	0.02886	0.03247	0.75830	0.00722	0.00722	0.00361	0.00361
30	0.01166	0.00842	0.01102	0.01051	0.01239	0.00778	0.00783	0.01544	0.02308	0.03262	0.61731	0.09855	0.07705	0.01750	0.00984	0.00266	0.00397	0.01551	0.00906	0.00778
31	0.01549	0.00774	0.00774	0.00774	0.00968	0.00774	0.00581	0.01936	0.01742	0.03097	0.02710	0.03097	0.02129	0.00968	0.00581	0.00194	0.00387	0.00774	0.75416	0.00774
32	0.03158	0.02327	0.02493	0.01911	0.02576	0.02576	0.01579	0.62852	0.03906	0.05236	0.01995	0.01995	0.01413	0.00997	0.00831	0.00249	0.00914	0.00748	0.00831	0.01413
33	0.02066	0.01785	0.01878	0.01691	0.02160	0.02066	0.01315	0.04414	0.64121	0.03475	0.03381	0.03099	0.02536	0.01127	0.00845	0.00282	0.00657	0.00939	0.00845	0.01315
34	0.02221	0.71304	0.04353	0.01421	0.02132	0.03287	0.01421	0.02488	0.01688	0.01955	0.01155	0.01333	0.01066	0.00711	0.00533	0.00178	0.00888	0.00444	0.00355	0.01066
35	0.01511	0.01028	0.01402	0.01536	0.01768	0.01034	0.01331	0.02002	0.05486	0.06028	0.04279	0.08655	0.04504	0.02159	0.01113	0.00370	0.00756	0.53421	0.00784	0.00832
36	0.01047	0.00860	0.00932	0.00959	0.01222	0.00745	0.00749	0.01292	0.01917	0.02331	0.10324	0.08131	0.53214	0.02116	0.01008	0.00296	0.00474	0.10895	0.00777	0.00715
37	0.01023	0.00728	0.00961	0.01142	0.01188	0.00682	0.00756	0.01160	0.01569	0.02092	0.04467	0.66565	0.05353	0.06493	0.01241	0.00364	0.00500	0.02296	0.00756	0.00665
38	0.02309	0.01943	0.01958	0.01707	0.02202	0.05930	0.01340	0.13196	0.46280	0.05869	0.03257	0.03036	0.04965	0.01130	0.00843	0.00272	0.00738	0.00917	0.00822	0.01286
39	0.01070	0.00814	0.00988	0.01030	0.01210	0.00731	0.00752	0.01329	0.01960	0.02585	0.26313	0.25845	0.25835	0.02122	0.01011	0.00295	0.00443	0.04124	0.00819	0.00724
40	0.01818	0.01533	0.01774	0.01276	0.02009	0.01205	0.01024	0.06133	0.01868	0.02875	0.01511	0.01741	0.01243	0.00641	0.00630	0.00131	0.00635	0.00509	0.00515	0.70930
41	0.02036	0.01712	0.01927	0.05365	0.02339	0.01739	0.01274	0.10488	0.28699	0.03310	0.02355	0.02373	0.01805	0.00893	0.00752	0.00215	0.00698	0.00729	0.00678	0.30614
42	0.05580	0.29389	0.05762	0.09194	0.02521	0.02273	0.01487	0.02838	0.07804	0.14914	0.02319	0.02380	0.05671	0.00955	0.00783	0.00236	0.03502	0.00708	0.00571	0.01112
43	0.01457	0.01212	0.01867	0.01502	0.01812	0.01117	0.13395	0.01686	0.01489	0.02096	0.02316	0.06842	0.02421	0.38609	0.02658	0.00536	0.00865	0.01071	0.03424	0.13624
44	0.08230	0.01656	0.08543	0.01728	0.07184	0.01378	0.01376	0.05383	0.06359	0.21613	0.23282	0.03636	0.03721	0.01187	0.00852	0.00260	0.00681	0.00998	0.00807	0.01129
45	0.01100	0.00815	0.01044	0.01180	0.01322	0.00759	0.00888	0.01335	0.01786	0.02320	0.09352	0.37675	0.17753	0.02362	0.01061	0.00332	0.00536	0.16891	0.00779	0.00710
46	0.02869	0.02177	0.02421	0.01998	0.06074	0.02336	0.01548	0.49330	0.06037	0.04700	0.01963	0.02010	0.01431	0.00940	0.00804	0.00235	0.00870	0.00723	0.00765	0.10768
47	0.01443	0.00722	0.01082	0.01082	0.01082	0.00722	0.00722	0.01082	0.01082	0.01443	0.01443	0.02525	0.01443	0.02886	0.03247	0.75830	0.00722	0.00722	0.00361	0.00361
48	0.01913	0.25708	0.41961	0.02142	0.05244	0.02392	0.02466	0.04788	0.01816	0.02512	0.01404	0.01638	0.01079	0.00770	0.00709	0.00235	0.01099	0.00569	0.00372	0.01186

[dist]
# distance from previous block
# <min> <max>
0	1

[block]
# block no. 5 follows, 22 sequences, length 95
# corresponding to MSA columns:
# 195-289
name=unknown_F
#
# <colnr> <probs for GDERKNQSTAVLIFYWHMCP>
#	G	D	E	R	K	N	Q	S	T	A	V	L	I	F	Y	W	H	M	C	P
0	0.65504	0.05708	0.01521	0.01188	0.01727	0.02013	0.00993	0.08081	0.01662	0.03765	0.01235	0.01409	0.00957	0.00789	0.00545	0.00252	0.00682	0.00477	0.00534	0.00957
1	0.01208	0.00805	0.00906	0.00906	0.00906	0.00805	0.00503	0.01208	0.01208	0.01611	0.02618	0.05436	0.03020	0.70804	0.04228	0.00805	0.00805	0.01208	0.00503	0.00503
2	0.03003	0.02127	0.02307	0.01789	0.02389	0.02327	0.01455	0.53508	0.03558	0.08415	0.02129	0.02374	0.01605	0.07726	0.01159	0.00303	0.00892	0.00797	0.00811	0.01325
3	0.76672	0.01607	0.01221	0.01092	0.01607	0.01864	0.00900	0.02442	0.01414	0.03727	0.01157	0.01350	0.00900	0.00771	0.00514	0.00257	0.00643	0.00450	0.00514	0.00900
4	0.01321	0.00881	0.01157	0.01070	0.01291	0.00809	0.00809	0.01709	0.02353	0.06909	0.61661	0.06013	0.07509	0.01660	0.00972	0.00261	0.00410	0.01464	0.00921	0.00820
5	0.01569	0.01477	0.02492	0.68808	0.05722	0.01846	0.02307	0.02123	0.01661	0.02123	0.01477	0.02215	0.01107	0.00831	0.00831	0.00277	0.01107	0.00738	0.00369	0.00923
6	0.01469	0.00914	0.01204	0.01095	0.01342	0.00834	0.00834	0.01852	0.02355	0.10548	0.58078	0.05818	0.07175	0.01621	0.00963	0.00261	0.00428	0.01426	0.00928	0.00856
7	0.01073	0.00769	0.01022	0.01143	0.01239	0.00718	0.00801	0.01298	0.01818	0.02475	0.21473	0.49559	0.06115	0.02336	0.01042	0.00318	0.00470	0.04810	0.00811	0.00709
8	0.03557	0.01686	0.02096	0.01607	0.02257	0.01625	0.01328	0.21586	0.02833	0.48017	0.02895	0.02579	0.01864	0.01019	0.00834	0.00255	0.00769	0.00809	0.00969	0.01413
9	0.01044	0.00747	0.00992	0.01135	0.01212	0.00696	0.00774	0.01236	0.01737	0.02353	0.16211	0.57968	0.05944	0.02429	0.01045	0.00323	0.00465	0.02197	0.00799	0.00696
10	0.01723	0.01477	0.01723	0.01230	0.01969	0.01107	0.00984	0.02092	0.01723	0.02707	0.01477	0.01723	0.01230	0.00615	0.00615	0.00123	0.00615	0.00492	0.00492	0.75883
11	0.72797	0.01645	0.01288	0.01136	0.01658	0.01901	0.00935	0.05626	0.01545	0.03807	0.01201	0.01384	0.00927	0.00783	0.00531	0.00257	0.00657	0.00466	0.00531	0.00927
12	0.02272	0.67558	0.04252	0.01448	0.02156	0.03249	0.01430	0.05766	0.01808	0.02133	0.01201	0.01369	0.01085	0.00726	0.00549	0.00182	0.00890	0.00461	0.00381	0.01085
13	0.01223	0.00941	0.01130	0.01066	0.01307	0.00894	0.00804	0.01772	0.08412	0.03114	0.46949	0.06276	0.19528	0.01728	0.00967	0.00267	0.00425	0.01500	0.00877	0.00819
14	0.03009	0.06949	0.02555	0.01836	0.02489	0.02551	0.01531	0.56349	0.03677	0.04896	0.02188	0.02184	0.03882	0.01021	0.00817	0.00246	0.00893	0.00767	0.00796	0.01361
15	0.01192	0.00868	0.01226	0.01226	0.01336	0.00979	0.00902	0.01413	0.01303	0.01848	0.02325	0.03817	0.02317	0.22687	0.51384	0.01200	0.01863	0.00971	0.00460	0.00681
16	0.03727	0.01414	0.01928	0.01478	0.02121	0.01221	0.01221	0.04049	0.02378	0.66198	0.03277	0.02828	0.02056	0.01028	0.00835	0.00257	0.00707	0.00835	0.01028	0.01414
17	0.02674	0.01391	0.01726	0.01452	0.01938	0.01366	0.01152	0.03589	0.20351	0.34051	0.13418	0.07292	0.03329	0.01255	0.00875	0.00270	0.00629	0.01061	0.00942	0.01241
18	0.02729	0.15903	0.02805	0.05638	0.05537	0.38407	0.01664	0.08749	0.02250	0.02363	0.01339	0.01601	0.01117	0.00877	0.00859	0.00226	0.05884	0.00572	0.00445	0.01036
19	0.01818	0.01818	0.02545	0.02181	0.02181	0.02545	0.01818	0.01999	0.01272	0.01999	0.01091	0.01818	0.01091	0.01454	0.02726	0.00364	0.69284	0.00727	0.00364	0.00909
20	0.76672	0.01607	0.01221	0.01092	0.01607	0.01864	0.00900	0.02442	0.01414	0.03727	0.01157	0.01350	0.00900	0.00771	0.00514	0.00257	0.00643	0.00450	0.00514	0.00900
21	0.01176	0.00849	0.01110	0.01045	0.01241	0.00784	0.00784	0.01568	0.02352	0.03331	0.65184	0.06206	0.07839	0.01698	0.00980	0.00261	0.00392	0.01502	0.00914	0.00784
22	0.01187	0.00890	0.01335	0.01335	0.01483	0.01038	0.01038	0.01483	0.01335	0.01928	0.02225	0.03264	0.02077	0.06231	0.67512	0.01335	0.02225	0.00890	0.00445	0.00742
23	0.01020	0.00735	0.00953	0.01123	0.01184	0.00683	0.00748	0.01162	0.01592	0.02103	0.04740	0.62749	0.09426	0.06028	0.01216	0.00357	0.00494	0.02262	0.00758	0.00668
24	0.02546	0.01811	0.01985	0.01669	0.02191	0.01996	0.01329	0.21337	0.33135	0.12279	0.02980	0.05428	0.02243	0.01128	0.00838	0.00268	0.00722	0.00919	0.03889	0.01309
25	0.02221	0.71304	0.04353	0.01421	0.02132	0.03287	0.01421	0.02488	0.01688	0.01955	0.01155	0.01333	0.01066	0.00711	0.00533	0.00178	0.00888	0.00444	0.00355	0.01066
26	0.09759	0.05463	0.12293	0.02074	0.06209	0.01859	0.09382	0.12089	0.05086	0.14069	0.02070	0.04899	0.01579	0.00916	0.00786	0.00246	0.00904	0.00777	0.00625	0.08915
27	0.02009	0.02438	0.11815	0.03278	0.04154	0.02041	0.52959	0.02722	0.01956	0.05589	0.01733	0.02212	0.01273	0.00726	0.00952	0.00277	0.01349	0.00932	0.00440	0.01146
28	0.60593	0.09069	0.01630	0.01184	0.01722	0.02003	0.00997	0.02648	0.05738	0.06132	0.01396	0.01528	0.01077	0.00800	0.00552	0.00250	0.00673	0.00499	0.00541	0.00967
29	0.16386	0.01757	0.02601	0.38741	0.04355	0.05136	0.11009	0.02317	0.01669	0.02505	0.01413	0.01992	0.01087	0.00836	0.00895	0.00275	0.04959	0.00708	0.00408	0.00949
30	0.01176	0.00849	0.01110	0.01045	0.01241	0.00784	0.00784	0.01568	0.02352	0.03331	0.65184	0.06206	0.07839	0.01698	0.00980	0.00261	0.00392	0.01502	0.00914	0.00784
31	0.01626	0.01489	0.02514	0.54285	0.10510	0.01770	0.04693	0.02166	0.01701	0.02286	0.01605	0.02282	0.01225	0.00830	0.00813	0.00267	0.01044	0.00752	0.07191	0.00952
32	0.02281	0.66734	0.04218	0.01470	0.02162	0.07642	0.01434	0.02544	0.01733	0.01960	0.01164	0.01344	0.01066	0.00721	0.00548	0.00180	0.00930	0.00450	0.00360	0.01059
33	0.00991	0.00842	0.00854	0.00851	0.01128	0.00705	0.00638	0.01210	0.01915	0.02295	0.11060	0.07912	0.62609	0.02085	0.00982	0.00280	0.00419	0.01742	0.00778	0.00705
34	0.01000	0.00842	0.00867	0.00861	0.01133	0.00709	0.00645	0.01227	0.01936	0.02346	0.13706	0.07828	0.59932	0.02066	0.00982	0.00279	0.00418	0.01730	0.00785	0.00709
35	0.01187	0.00890	0.01335	0.01335	0.01483	0.01038	0.01038	0.01483	0.01335	0.01928	0.02225	0.03264	0.02077	0.06231	0.67512	0.01335	0.02225	0.00890	0.00445	0.00742
36	0.01756	0.01667	0.02829	0.44364	0.28705	0.01895	0.02400	0.02286	0.01750	0.02349	0.01510	0.02154	0.01187	0.00796	0.00827	0.00265	0.01061	0.00739	0.00385	0.01074
37	0.76672	0.01607	0.01221	0.01092	0.01607	0.01864	0.00900	0.02442	0.01414	0.03727	0.01157	0.01350	0.00900	0.00771	0.00514	0.00257	0.00643	0.00450	0.00514	0.00900
38	0.02737	0.02059	0.02213	0.01799	0.02383	0.02300	0.01453	0.35939	0.28601	0.07492	0.02628	0.02490	0.01906	0.01052	0.00837	0.00263	0.00798	0.00831	0.00847	0.01373
39	0.01825	0.03146	0.34955	0.12896	0.14942	0.04603	0.05128	0.02716	0.06956	0.02616	0.01657	0.01999	0.01240	0.00814	0.00812	0.00262	0.01137	0.00694	0.00411	0.01189
40	0.02064	0.17660	0.48266	0.02436	0.06296	0.02321	0.02731	0.02743	0.01902	0.02722	0.01697	0.02063	0.01335	0.00955	0.00852	0.00295	0.01214	0.00673	0.00453	0.01323
41	0.01794	0.02174	0.10503	0.26722	0.07582	0.01986	0.32040	0.02461	0.01829	0.02468	0.01582	0.02171	0.01186	0.00758	0.00899	0.00276	0.01259	0.00844	0.00394	0.01070
42	0.00985	0.00830	0.00853	0.00872	0.01130	0.00699	0.00645	0.01189	0.01864	0.02232	0.08048	0.13969	0.59549	0.02152	0.00989	0.00286	0.00427	0.01812	0.00771	0.00699
43	0.01841	0.01850	0.03494	0.30220	0.07499	0.01956	0.28014	0.06449	0.01949	0.02592	0.01746	0.05343	0.01406	0.00864	0.00905	0.00278	0.01185	0.00918	0.00443	0.01048
44	0.02069	0.01932	0.03358	0.15816	0.03809	0.01975	0.28275	0.15572	0.02286	0.03112	0.01875	0.05357	0.01495	0.00886	0.00884	0.00263	0.01106	0.00909	0.03656	0.05364
45	0.03727	0.01414	0.01928	0.01478	0.02121	0.01221	0.01221	0.04049	0.02378	0.66198	0.03277	0.02828	0.02056	0.01028	0.00835	0.00257	0.00707	0.00835	0.01028	0.01414
46	0.01846	0.01091	0.01517	0.01372	0.01689	0.01020	0.04204	0.02289	0.06263	0.18026	0.19273	0.23822	0.07458	0.01758	0.00968	0.00292	0.00587	0.04715	0.00855	0.00953
47	0.01410	0.01118	0.01717	0.01769	0.04878	0.01103	0.07641	0.01882	0.04916	0.02582	0.08000	0.19316	0.04344	0.01946	0.01041	0.00333	0.00736	0.29767	0.04662	0.00839
48	0.01944	0.01633	0.01919	0.01480	0.02063	0.01552	0.01191	0.11775	0.05393	0.03030	0.01770	0.05329	0.01529	0.00910	0.00952	0.00193	0.09347	0.00681	0.00563	0.46746
49	0.02221	0.71304	0.04353	0.01421	0.02132	0.03287	0.01421	0.02488	0.01688	0.01955	0.01155	0.01333	0.01066	0.00711	0.00533	0.00178	0.00888	0.00444	0.00355	0.01066
50	0.73549	0.01570	0.01215	0.01092	0.01585	0.01816	0.00892	0.02386	0.01400	0.03632	0.01169	0.01398	0.00922	0.00859	0.00628	0.03395	0.00646	0.00461	0.00508	0.00877
51	0.02062	0.02002	0.03228	0.04800	0.59855	0.04546	0.02450	0.02538	0.01911	0.02675	0.01695	0.02405	0.01482	0.00824	0.00836	0.00252	0.00996	0.03739	0.00430	0.01274
52	0.01176	0.00849	0.01110	0.01045	0.01241	0.00784	0.00784	0.01568	0.02352	0.03331	0.65184	0.06206	0.07839	0.01698	0.00980	0.00261	0.00392	0.01502	0.00914	0.00784
53	0.01723	0.01477	0.01723	0.01230	0.01969	0.01107	0.00984	0.02092	0.01723	0.02707	0.01477	0.01723	0.01230	0.00615	0.00615	0.00123	0.00615	0.00492	0.00492	0.75883
54	0.01028	0.00734	0.00982	0.01175	0.01230	0.00689	0.00799	0.01184	0.01606	0.02139	0.04570	0.67285	0.05460	0.02588	0.01065	0.00340	0.00496	0.05181	0.00771	0.00679
55	0.01176	0.00849	0.01110	0.01045	0.01241	0.00784	0.00784	0.01568	0.02352	0.03331	0.65184	0.06206	0.07839	0.01698	0.00980	0.00261	0.00392	0.01502	0.00914	0.00784
56	0.03158	0.02327	0.02493	0.01911	0.02576	0.02576	0.01579	0.62852	0.03906	0.05236	0.01995	0.01995	0.01413	0.00997	0.00831	0.00249	0.00914	0.00748	0.00831	0.01413
57	0.76672	0.01607	0.01221	0.01092	0.01607	0.01864	0.00900	0.02442	0.01414	0.03727	0.01157	0.01350	0.00900	0.00771	0.00514	0.00257	0.00643	0.00450	0.00514	0.00900
58	0.01723	0.01477	0.01723	0.01230	0.01969	0.01107	0.00984	0.02092	0.01723	0.02707	0.01477	0.01723	0.01230	0.00615	0.00615	0.00123	0.00615	0.00492	0.00492	0.75883
59	0.01176	0.00849	0.01110	0.01045	0.01241	0.00784	0.00784	0.01568	0.02352	0.03331	0.65184	0.06206	0.07839	0.01698	0.00980	0.00261	0.00392	0.01502	0.00914	0.00784
60	0.01208	0.00805	0.00906	0.00906	0.00906	0.00805	0.00503	0.01208	0.01208	0.01611	0.02618	0.05436	0.03020	0.70804	0.04228	0.00805	0.00805	0.01208	0.00503	0.00503
61	0.01199	0.00802	0.00909	0.00917	0.00919	0.00800	0.00515	0.01206	0.01225	0.01634	0.02705	0.08333	0.03131	0.67757	0.04087	0.00784	0.00791	0.01260	0.00515	0.00511
62	0.02463	0.01656	0.01751	0.01420	0.01882	0.01798	0.01148	0.36543	0.02971	0.04312	0.02304	0.02471	0.01722	0.00985	0.00723	0.00225	0.00687	0.00759	0.33043	0.01137
63	0.01816	0.01609	0.02492	0.58413	0.05233	0.01959	0.02194	0.11559	0.02010	0.02606	0.01557	0.02181	0.01155	0.00856	0.00831	0.00273	0.01077	0.00740	0.00441	0.00999
64	0.06111	0.01956	0.02432	0.08482	0.02813	0.02152	0.08017	0.32612	0.11916	0.04047	0.02252	0.06108	0.01771	0.01047	0.00835	0.00263	0.00885	0.00878	0.04199	0.01222
65	0.01449	0.00910	0.01198	0.01091	0.01335	0.00831	0.00831	0.01833	0.02354	0.10059	0.58559	0.05844	0.07220	0.01627	0.00964	0.00261	0.00426	0.01431	0.00927	0.00851
66	0.02986	0.02107	0.02305	0.01808	0.02411	0.02298	0.01475	0.52804	0.03575	0.09066	0.02335	0.08754	0.01857	0.01157	0.00854	0.00258	0.00858	0.00912	0.00839	0.01340
67	0.01666	0.04297	0.66500	0.02368	0.03596	0.01929	0.03069	0.02631	0.01754	0.02631	0.01491	0.01754	0.01052	0.00789	0.00789	0.00263	0.01228	0.00614	0.00351	0.01228
68	0.01933	0.01849	0.03150	0.21142	0.50539	0.01942	0.02489	0.02442	0.01834	0.02565	0.01541	0.02096	0.01263	0.00763	0.00824	0.00254	0.01017	0.00740	0.00401	0.01217
69	0.01012	0.00723	0.00964	0.01157	0.01205	0.00675	0.00771	0.01157	0.01591	0.02121	0.04579	0.70262	0.05495	0.02603	0.01060	0.00337	0.00482	0.02362	0.00771	0.00675
70	0.01012	0.00723	0.00964	0.01157	0.01205	0.00675	0.00771	0.01157	0.01591	0.02121	0.04579	0.70262	0.05495	0.02603	0.01060	0.00337	0.00482	0.02362	0.00771	0.00675
71	0.01948	0.02171	0.04615	0.07375	0.10437	0.02074	0.53277	0.02619	0.01937	0.02636	0.01657	0.02221	0.01257	0.00712	0.00956	0.00277	0.01343	0.00943	0.00416	0.01128
72	0.02229	0.01748	0.01883	0.01670	0.02156	0.01983	0.01306	0.04378	0.58059	0.09634	0.03371	0.03073	0.02489	0.01117	0.00844	0.00279	0.00662	0.00929	0.00863	0.01325
73	0.01771	0.01754	0.02453	0.02122	0.02125	0.02436	0.01757	0.01951	0.01291	0.02006	0.01292	0.05780	0.01345	0.01521	0.02630	0.00362	0.65301	0.00822	0.00387	0.00895
74	0.01176	0.00849	0.01110	0.01045	0.01241	0.00784	0.00784	0.01568	0.02352	0.03331	0.65184	0.06206	0.07839	0.01698	0.00980	0.00261	0.00392	0.01502	0.00914	0.00784
75	0.02249	0.01875	0.01981	0.01728	0.02230	0.02152	0.01359	0.14204	0.54034	0.03770	0.03149	0.02914	0.02348	0.01105	0.00843	0.00276	0.00700	0.00907	0.00843	0.01331
76	0.01865	0.01561	0.01799	0.01298	0.02029	0.01253	0.01043	0.08107	0.01939	0.02957	0.01528	0.01750	0.01249	0.00653	0.00637	0.00136	0.00645	0.00518	0.00526	0.68511
77	0.01723	0.01477	0.01723	0.01230	0.01969	0.01107	0.00984	0.02092	0.01723	0.02707	0.01477	0.01723	0.01230	0.00615	0.00615	0.00123	0.00615	0.00492	0.00492	0.75883
78	0.01012	0.00723	0.00964	0.01157	0.01205	0.00675	0.00771	0.01157	0.01591	0.02121	0.04579	0.70262	0.05495	0.02603	0.01060	0.00337	0.00482	0.02362	0.00771	0.00675
79	0.02221	0.71304	0.04353	0.01421	0.02132	0.03287	0.01421	0.02488	0.01688	0.01955	0.01155	0.01333	0.01066	0.00711	0.00533	0.00178	0.00888	0.00444	0.00355	0.01066
80	0.76672	0.01607	0.01221	0.01092	0.01607	0.01864	0.00900	0.02442	0.01414	0.03727	0.01157	0.01350	0.00900	0.00771	0.00514	0.00257	0.00643	0.00450	0.00514	0.00900
81	0.01549	0.00774	0.00774	0.00774	0.00968	0.00774	0.00581	0.01936	0.01742	0.03097	0.02710	0.03097	0.02129	0.00968	0.00581	0.00194	0.00387	0.00774	0.75416	0.00774
82	0.02066	0.01785	0.01878	0.01691	0.02160	0.02066	0.01315	0.04414	0.64121	0.03475	0.03381	0.03099	0.02536	0.01127	0.00845	0.00282	0.00657	0.00939	0.00845	0.01315
83	0.01187	0.00890	0.01335	0.01335	0.01483	0.01038	0.01038	0.01483	0.01335	0.01928	0.02225	0.03264	0.02077	0.06231	0.67512	0.01335	0.02225	0.00890	0.00445	0.00742
84	0.01079	0.00771	0.01041	0.01233	0.01311	0.00733	0.00888	0.01273	0.01657	0.02196	0.04542	0.57767	0.05348	0.02540	0.01078	0.00347	0.00540	0.14196	0.00770	0.00693
85	0.76672	0.01607	0.01221	0.01092	0.01607	0.01864	0.00900	0.02442	0.01414	0.03727	0.01157	0.01350	0.00900	0.00771	0.00514	0.00257	0.00643	0.00450	0.00514	0.00900
86	0.01154	0.00832	0.01121	0.01295	0.01420	0.00799	0.01004	0.01412	0.01769	0.02327	0.06997	0.39233	0.08122	0.02415	0.01090	0.00351	0.00595	0.26573	0.00774	0.00718
87	0.02221	0.71304	0.04353	0.01421	0.02132	0.03287	0.01421	0.02488	0.01688	0.01955	0.01155	0.01333	0.01066	0.00711	0.00533	0.00178	0.00888	0.00444	0.00355	0.01066
88	0.03158	0.02327	0.02493	0.01911	0.02576	0.02576	0.01579	0.62852	0.03906	0.05236	0.01995	0.01995	0.01413	0.00997	0.00831	0.00249	0.00914	0.00748	0.00831	0.01413
89	0.76672	0.01607	0.01221	0.01092	0.01607	0.01864	0.00900	0.02442	0.01414	0.03727	0.01157	0.01350	0.00900	0.00771	0.00514	0.00257	0.00643	0.00450	0.00514	0.00900
90	0.03727	0.01414	0.01928	0.01478	0.02121	0.01221	0.01221	0.04049	0.02378	0.66198	0.03277	0.02828	0.02056	0.01028	0.00835	0.00257	0.00707	0.00835	0.01028	0.01414
91	0.01682	0.01433	0.01679	0.01226	0.01925	0.01082	0.00972	0.02038	0.01715	0.02673	0.01656	0.05690	0.01477	0.00730	0.00641	0.00135	0.00608	0.00600	0.00508	0.71529
92	0.01940	0.01606	0.01840	0.01334	0.02061	0.01330	0.01075	0.11309	0.02054	0.03091	0.01555	0.01764	0.01258	0.00673	0.00648	0.00142	0.00661	0.00531	0.00544	0.64585
93	0.01012	0.00723	0.00964	0.01157	0.01205	0.00675	0.00771	0.01157	0.01591	0.02121	0.04579	0.70262	0.05495	0.02603	0.01060	0.00337	0.00482	0.02362	0.00771	0.00675
94	0.01941	0.02380	0.09082	0.03424	0.04291	0.02089	0.58565	0.02659	0.01947	0.02659	0.01668	0.02208	0.01246	0.00706	0.00967	0.00279	0.01389	0.00956	0.00415	0.01128

[dist]
# distance from previous block
# <min> <max>
0	17

[block]
# block no. 6 follows, 22 sequences, length 84
# corresponding to MSA columns:
# 307-390
name=unknown_G
#
# <colnr> <probs for GDERKNQSTAVLIFYWHMCP>
#	G	D	E	R	K	N	Q	S	T	A	V	L	I	F	Y	W	H	M	C	P
0	0.01001	0.00835	0.00873	0.00878	0.01138	0.00707	0.00653	0.01224	0.01917	0.02334	0.13270	0.11420	0.56707	0.02096	0.00986	0.00282	0.00422	0.01766	0.00784	0.00707
1	0.03158	0.02327	0.02493	0.01911	0.02576	0.02576	0.01579	0.62852	0.03906	0.05236	0.01995	0.01995	0.01413	0.00997	0.00831	0.00249	0.00914	0.00748	0.00831	0.01413
2	0.01012	0.00723	0.00964	0.01157	0.01205	0.00675	0.00771	0.01157	0.01591	0.02121	0.04579	0.70262	0.05495	0.02603	0.01060	0.00337	0.00482	0.02362	0.00771	0.00675
3	0.01208	0.00805	0.00906	0.00906	0.00906	0.00805	0.00503	0.01208	0.01208	0.01611	0.02618	0.05436	0.03020	0.70804	0.04228	0.00805	0.00805	0.01208	0.00503	0.00503
4	0.01012	0.00723	0.00964	0.01157	0.01205	0.00675	0.00771	0.01157	0.01591	0.02121	0.04579	0.70262	0.05495	0.02603	0.01060	0.00337	0.00482	0.02362	0.00771	0.00675
5	0.02221	0.71304	0.04353	0.01421	0.02132	0.03287	0.01421	0.02488	0.01688	0.01955	0.01155	0.01333	0.01066	0.00711	0.00533	0.00178	0.00888	0.00444	0.00355	0.01066
6	0.01087	0.00809	0.01015	0.01063	0.01226	0.00737	0.00773	0.01357	0.01978	0.02656	0.30046	0.28517	0.18832	0.02117	0.01015	0.00297	0.00445	0.04474	0.00829	0.00729
7	0.01012	0.00723	0.00964	0.01157	0.01205	0.00675	0.00771	0.01157	0.01591	0.02121	0.04579	0.70262	0.05495	0.02603	0.01060	0.00337	0.00482	0.02362	0.00771	0.00675
8	0.01610	0.01399	0.02242	0.03171	0.32973	0.01384	0.01775	0.01996	0.01861	0.02574	0.06999	0.18749	0.03432	0.01559	0.00958	0.00298	0.00789	0.14613	0.00602	0.01017
9	0.01549	0.00774	0.00774	0.00774	0.00968	0.00774	0.00581	0.01936	0.01742	0.03097	0.02710	0.03097	0.02129	0.00968	0.00581	0.00194	0.00387	0.00774	0.75416	0.00774
10	0.01012	0.00723	0.00964	0.01157	0.01205	0.00675	0.00771	0.01157	0.01591	0.02121	0.04579	0.70262	0.05495	0.02603	0.01060	0.00337	0.00482	0.02362	0.00771	0.00675
11	0.01549	0.00774	0.00774	0.00774	0.00968	0.00774	0.00581	0.01936	0.01742	0.03097	0.02710	0.03097	0.02129	0.00968	0.00581	0.00194	0.00387	0.00774	0.75416	0.00774
12	0.02863	0.02073	0.02256	0.01794	0.02375	0.02273	0.01455	0.49711	0.07499	0.07128	0.02430	0.09910	0.01978	0.01191	0.00858	0.00262	0.00840	0.00948	0.00833	0.01322
13	0.02171	0.65219	0.09997	0.01507	0.02265	0.03164	0.01571	0.02501	0.01694	0.02016	0.01185	0.01371	0.01065	0.00718	0.00556	0.00185	0.00919	0.00460	0.00355	0.01081
14	0.01193	0.00918	0.01282	0.01251	0.01458	0.00830	0.03622	0.01474	0.01874	0.02601	0.23165	0.37456	0.05574	0.02016	0.00990	0.00291	0.00521	0.04309	0.00772	0.08403
15	0.02226	0.01958	0.01962	0.01736	0.02222	0.05831	0.01356	0.09723	0.55076	0.03555	0.03135	0.02907	0.02349	0.01100	0.00839	0.00275	0.00729	0.00899	0.00820	0.01304
16	0.01683	0.02963	0.32833	0.05036	0.03628	0.01822	0.24577	0.02427	0.01805	0.02555	0.01972	0.11089	0.01723	0.01000	0.00897	0.00280	0.01187	0.00986	0.00433	0.01104
