[name]
unknown

[dist]
# distance from previous block
# <min> <max>
0	65

[block]
# block no. 0 follows, 23 sequences, length 41
# corresponding to MSA columns:
# 66-106
name=unknown_A
#
# <colnr> <probs for GDERKNQSTAVLIFYWHMCP>
#	G	D	E	R	K	N	Q	S	T	A	V	L	I	F	Y	W	H	M	C	P
0	0.02010	0.01463	0.01753	0.01642	0.02011	0.01559	0.01400	0.26199	0.02638	0.03490	0.03368	0.06305	0.03370	0.01741	0.00999	0.00322	0.00805	0.37156	0.00773	0.00997
1	0.02659	0.02137	0.02774	0.03098	0.27773	0.02284	0.01917	0.39518	0.03037	0.04140	0.01781	0.01972	0.01343	0.00875	0.00808	0.00243	0.00921	0.00728	0.00650	0.01343
2	0.01971	0.02031	0.03884	0.04364	0.41846	0.01977	0.26593	0.02533	0.01874	0.02630	0.01572	0.02080	0.01264	0.00708	0.00864	0.00254	0.01124	0.00816	0.00405	0.01210
3	0.01674	0.01442	0.01726	0.05111	0.02133	0.01123	0.01035	0.02045	0.01679	0.02611	0.01442	0.01710	0.01195	0.00613	0.00613	0.00129	0.00628	0.00494	0.00474	0.72122
4	0.03085	0.02273	0.02435	0.01867	0.02516	0.02516	0.01542	0.63716	0.03815	0.05114	0.01948	0.01948	0.01380	0.00974	0.00812	0.00244	0.00893	0.00731	0.00812	0.01380
5	0.02889	0.02176	0.02325	0.01827	0.02442	0.02425	0.01495	0.52815	0.15035	0.04798	0.02197	0.02146	0.01581	0.00997	0.00814	0.00249	0.00847	0.00765	0.00814	0.01362
6	0.02887	0.03593	0.02272	0.02058	0.02458	0.59659	0.01556	0.03259	0.07194	0.02095	0.01406	0.01603	0.01159	0.00887	0.00837	0.00222	0.04878	0.00563	0.00447	0.00965
7	0.01148	0.00829	0.01085	0.01021	0.01212	0.00766	0.00766	0.01531	0.02297	0.03254	0.65994	0.06061	0.07656	0.01659	0.00957	0.00255	0.00383	0.01467	0.00893	0.00766
8	0.02008	0.01928	0.03294	0.04981	0.66422	0.01928	0.02490	0.02490	0.01848	0.02651	0.01526	0.02008	0.01285	0.00723	0.00803	0.00241	0.00964	0.00723	0.00402	0.01285
9	0.03641	0.01381	0.01883	0.01444	0.02071	0.01193	0.01193	0.03954	0.02322	0.66984	0.03201	0.02762	0.02009	0.01004	0.00816	0.00251	0.00690	0.00816	0.01004	0.01381
10	0.00989	0.00706	0.00942	0.01130	0.01177	0.00659	0.00753	0.01130	0.01554	0.02071	0.04472	0.70954	0.05367	0.02542	0.01036	0.00330	0.00471	0.02307	0.00753	0.00659
11	0.01915	0.02189	0.04788	0.03420	0.04241	0.02052	0.63475	0.02599	0.01915	0.02599	0.01642	0.02189	0.01231	0.00684	0.00958	0.00274	0.01368	0.00958	0.00410	0.01094
12	0.03641	0.01381	0.01883	0.01444	0.02071	0.01193	0.01193	0.03954	0.02322	0.66984	0.03201	0.02762	0.02009	0.01004	0.00816	0.00251	0.00690	0.00816	0.01004	0.01381
13	0.03031	0.03867	0.02299	0.02090	0.02508	0.68226	0.01568	0.03240	0.02299	0.01986	0.01254	0.01463	0.01045	0.00836	0.00732	0.00209	0.01463	0.00523	0.00418	0.00941
14	0.00989	0.00706	0.00942	0.01130	0.01177	0.00659	0.00753	0.01130	0.01554	0.02071	0.04472	0.70954	0.05367	0.02542	0.01036	0.00330	0.00471	0.02307	0.00753	0.00659
15	0.03031	0.03867	0.02299	0.02090	0.02508	0.68226	0.01568	0.03240	0.02299	0.01986	0.01254	0.01463	0.01045	0.00836	0.00732	0.00209	0.01463	0.00523	0.00418	0.00941
16	0.00959	0.00822	0.00822	0.00822	0.01096	0.00685	0.00617	0.01165	0.01850	0.02192	0.08220	0.07809	0.66092	0.02055	0.00959	0.00274	0.00411	0.01713	0.00754	0.00685
17	0.01683	0.01442	0.01683	0.01202	0.01923	0.01082	0.00961	0.02043	0.01683	0.02644	0.01442	0.01683	0.01202	0.00601	0.00601	0.00120	0.00601	0.00481	0.00481	0.76444
18	0.01308	0.00934	0.01308	0.01494	0.01681	0.00934	0.01308	0.01681	0.01868	0.02428	0.04296	0.09153	0.04670	0.02242	0.01121	0.00374	0.00747	0.60960	0.00747	0.00747
19	0.77215	0.01569	0.01193	0.01067	0.01569	0.01820	0.00879	0.02385	0.01381	0.03641	0.01130	0.01318	0.00879	0.00753	0.00502	0.00251	0.00628	0.00439	0.00502	0.00879
20	0.07843	0.01392	0.01844	0.01422	0.02043	0.01228	0.01175	0.03865	0.02269	0.63366	0.03083	0.02679	0.01944	0.00990	0.00798	0.00251	0.00687	0.00794	0.00976	0.01352
21	0.00989	0.00706	0.00942	0.01130	0.01177	0.00659	0.00753	0.01130	0.01554	0.02071	0.04472	0.70954	0.05367	0.02542	0.01036	0.00330	0.00471	0.02307	0.00753	0.00659
22	0.01532	0.01442	0.02434	0.69533	0.05589	0.01803	0.02253	0.02073	0.01622	0.02073	0.01442	0.02163	0.01082	0.00811	0.00811	0.00270	0.01082	0.00721	0.00361	0.00901
23	0.01966	0.01636	0.01868	0.01397	0.02114	0.01248	0.01082	0.02225	0.01850	0.02880	0.01731	0.02088	0.01478	0.00805	0.00730	0.00179	0.00701	0.00580	0.00579	0.72864
24	0.77215	0.01569	0.01193	0.01067	0.01569	0.01820	0.00879	0.02385	0.01381	0.03641	0.01130	0.01318	0.00879	0.00753	0.00502	0.00251	0.00628	0.00439	0.00502	0.00879
25	0.07270	0.01390	0.01849	0.01425	0.02047	0.01224	0.01177	0.03877	0.02276	0.63859	0.03099	0.02691	0.01953	0.00992	0.00801	0.00251	0.00687	0.00797	0.00980	0.01356
26	0.71405	0.01554	0.01247	0.01097	0.01609	0.01771	0.00904	0.02509	0.01455	0.08643	0.01293	0.01432	0.00968	0.00773	0.00527	0.00251	0.00633	0.00469	0.00542	0.00918
27	0.01545	0.01463	0.02034	0.01838	0.01852	0.01951	0.01476	0.01712	0.01334	0.01987	0.02061	0.22003	0.02323	0.01748	0.02187	0.00348	0.49669	0.01177	0.00471	0.00821
28	0.01683	0.01442	0.01683	0.01202	0.01923	0.01082	0.00961	0.02043	0.01683	0.02644	0.01442	0.01683	0.01202	0.00601	0.00601	0.00120	0.00601	0.00481	0.00481	0.76444
29	0.06214	0.00907	0.01126	0.01059	0.01293	0.00858	0.00815	0.01680	0.02193	0.05869	0.52859	0.05872	0.09570	0.01624	0.00931	0.00262	0.00434	0.04783	0.00857	0.00794
30	0.01937	0.01855	0.03165	0.14616	0.57341	0.01909	0.02455	0.02428	0.01814	0.02565	0.01514	0.02031	0.01255	0.00736	0.00804	0.00245	0.00982	0.00723	0.00396	0.01228
31	0.01559	0.01469	0.02482	0.65935	0.08980	0.01810	0.02267	0.02096	0.01635	0.02105	0.01447	0.02155	0.01093	0.00806	0.00811	0.00269	0.01075	0.00721	0.00363	0.00923
32	0.01614	0.01526	0.02581	0.58448	0.16035	0.01824	0.02294	0.02145	0.01661	0.02172	0.01457	0.02137	0.01117	0.00796	0.00810	0.00265	0.01061	0.00721	0.00368	0.00967
33	0.01663	0.08617	0.63169	0.02252	0.03419	0.01971	0.02893	0.02561	0.01709	0.02527	0.01435	0.01686	0.01029	0.00766	0.00755	0.00252	0.01178	0.00589	0.00343	0.01189
34	0.01741	0.18450	0.54025	0.02118	0.03211	0.02163	0.02659	0.02540	0.01700	0.02431	0.01387	0.01627	0.01031	0.00755	0.00718	0.00239	0.01129	0.00565	0.00344	0.01166
35	0.02165	0.01790	0.01910	0.01680	0.02157	0.02044	0.01331	0.14593	0.50610	0.03641	0.03122	0.03188	0.02410	0.01144	0.00840	0.00275	0.00692	0.04319	0.00819	0.01270
36	0.08209	0.01306	0.04679	0.01382	0.01791	0.01150	0.05095	0.02397	0.05608	0.17643	0.30644	0.09409	0.04599	0.01367	0.00877	0.00262	0.00598	0.01194	0.00813	0.00978
37	0.02053	0.49111	0.19747	0.01681	0.02458	0.05590	0.01813	0.02477	0.01674	0.02078	0.01212	0.01432	0.01039	0.00752	0.00688	0.00204	0.04080	0.00491	0.00349	0.01069
38	0.02124	0.01791	0.07007	0.01780	0.05314	0.01716	0.01423	0.03634	0.38274	0.12411	0.03048	0.06246	0.02398	0.01133	0.00829	0.00267	0.00703	0.03605	0.00766	0.05531
39	0.01778	0.03383	0.47970	0.02030	0.03042	0.01718	0.02432	0.02699	0.06766	0.06869	0.04120	0.02044	0.01473	0.00826	0.00766	0.00243	0.01024	0.00658	0.00460	0.09701
40	0.01762	0.03921	0.58835	0.02244	0.03362	0.01941	0.02796	0.07487	0.05090	0.02812	0.01589	0.01798	0.01129	0.00804	0.00777	0.00257	0.01147	0.00626	0.00404	0.01218

[dist]
# distance from previous block
# <min> <max>
0	13

[block]
# block no. 1 follows, 23 sequences, length 6
# corresponding to MSA columns:
# 120-125
name=unknown_B
#
# <colnr> <probs for GDERKNQSTAVLIFYWHMCP>
#	G	D	E	R	K	N	Q	S	T	A	V	L	I	F	Y	W	H	M	C	P
0	0.02315	0.01500	0.01973	0.01508	0.02138	0.01328	0.05811	0.03009	0.12453	0.22043	0.05554	0.02489	0.01984	0.00865	0.00748	0.00204	0.00682	0.00740	0.00710	0.31949
1	0.01704	0.01644	0.04811	0.06136	0.02583	0.01666	0.15249	0.08429	0.04376	0.02911	0.20203	0.06984	0.03316	0.01236	0.01185	0.00275	0.11870	0.01068	0.00612	0.03741
2	0.10097	0.01766	0.01850	0.01602	0.02104	0.01998	0.01269	0.11853	0.45415	0.08660	0.02892	0.02688	0.02131	0.01041	0.00789	0.00267	0.00677	0.00835	0.00804	0.01262
3	0.02155	0.01575	0.01820	0.01377	0.02039	0.01399	0.01107	0.09892	0.11061	0.11573	0.02001	0.02049	0.01512	0.00770	0.00686	0.00174	0.00653	0.00617	0.00638	0.46901
4	0.01755	0.15156	0.48555	0.02306	0.03372	0.02126	0.10750	0.02550	0.01729	0.02464	0.01426	0.01708	0.01057	0.00747	0.00754	0.00245	0.01167	0.00620	0.00352	0.01159
5	0.01627	0.04197	0.67279	0.02313	0.03512	0.01884	0.02998	0.02570	0.01713	0.02570	0.01456	0.01713	0.01028	0.00771	0.00771	0.00257	0.01199	0.00600	0.00343	0.01199

[dist]
# distance from previous block
# <min> <max>
0	1

[block]
# block no. 2 follows, 23 sequences, length 6
# corresponding to MSA columns:
# 127-132
name=unknown_C
#
# <colnr> <probs for GDERKNQSTAVLIFYWHMCP>
#	G	D	E	R	K	N	Q	S	T	A	V	L	I	F	Y	W	H	M	C	P
0	0.01951	0.01869	0.03189	0.12803	0.59050	0.01913	0.02462	0.02440	0.01820	0.02581	0.01516	0.02027	0.01261	0.00734	0.00804	0.00245	0.00978	0.00723	0.00397	0.01239
1	0.02008	0.01928	0.03294	0.04981	0.66422	0.01928	0.02490	0.02490	0.01848	0.02651	0.01526	0.02008	0.01285	0.00723	0.00803	0.00241	0.00964	0.00723	0.00402	0.01285
2	0.02422	0.01712	0.01932	0.01558	0.02058	0.09445	0.03774	0.02850	0.05921	0.23283	0.05451	0.02926	0.08392	0.01072	0.00981	0.00235	0.07961	0.00832	0.00693	0.16504
3	0.01128	0.00836	0.01074	0.01154	0.01306	0.00752	0.00812	0.01311	0.01572	0.02148	0.03889	0.51178	0.04542	0.07113	0.01200	0.00336	0.00535	0.06942	0.00695	0.11477
4	0.01887	0.01436	0.01704	0.01227	0.01938	0.01093	0.00986	0.02243	0.01749	0.09369	0.01626	0.01795	0.01286	0.00643	0.00623	0.00134	0.00610	0.00516	0.00535	0.68599
5	0.66629	0.01670	0.01370	0.01181	0.01704	0.01920	0.00974	0.11143	0.01729	0.03851	0.01247	0.01408	0.00950	0.00785	0.00546	0.00250	0.00666	0.00481	0.00546	0.00950

[dist]
# distance from previous block
# <min> <max>
5	7

[block]
# block no. 3 follows, 23 sequences, length 20
# corresponding to MSA columns:
# 140-159
name=unknown_D
#
# <colnr> <probs for GDERKNQSTAVLIFYWHMCP>
#	G	D	E	R	K	N	Q	S	T	A	V	L	I	F	Y	W	H	M	C	P
0	0.03153	0.01341	0.01761	0.01398	0.01956	0.01209	0.01138	0.03651	0.08103	0.52645	0.08822	0.03302	0.05489	0.01118	0.00836	0.00255	0.00647	0.00923	0.00967	0.01287
1	0.01148	0.00829	0.01085	0.01021	0.01212	0.00766	0.00766	0.01531	0.02297	0.03254	0.65994	0.06061	0.07656	0.01659	0.00957	0.00255	0.00383	0.01467	0.00893	0.00766
2	0.02754	0.17051	0.02698	0.01956	0.02393	0.49836	0.01550	0.02971	0.02081	0.01968	0.01213	0.01458	0.01046	0.00858	0.00856	0.00215	0.07219	0.00521	0.00399	0.00956
3	0.01048	0.00769	0.01005	0.01136	0.01241	0.00695	0.00771	0.01208	0.01565	0.02120	0.04213	0.65019	0.05010	0.02376	0.00998	0.00312	0.00482	0.02150	0.00730	0.07152
4	0.03023	0.02242	0.02400	0.01854	0.02493	0.02487	0.01527	0.60265	0.07367	0.05014	0.02027	0.02011	0.01444	0.00981	0.00813	0.00245	0.00878	0.00741	0.00813	0.01374
5	0.01627	0.04197	0.67279	0.02313	0.03512	0.01884	0.02998	0.02570	0.01713	0.02570	0.01456	0.01713	0.01028	0.00771	0.00771	0.00257	0.01199	0.00600	0.00343	0.01199
6	0.00981	0.00735	0.00911	0.01052	0.01157	0.00666	0.00719	0.01139	0.01628	0.02102	0.05414	0.55081	0.20632	0.02420	0.01016	0.00316	0.00456	0.02157	0.00753	0.00666
7	0.01921	0.02172	0.04692	0.03520	0.08222	0.02044	0.59570	0.02592	0.01911	0.02602	0.01634	0.02177	0.01235	0.00686	0.00948	0.00272	0.01342	0.00943	0.00410	0.01107
8	0.03031	0.03867	0.02299	0.02090	0.02508	0.68226	0.01568	0.03240	0.02299	0.01986	0.01254	0.01463	0.01045	0.00836	0.00732	0.00209	0.01463	0.00523	0.00418	0.00941
9	0.01268	0.00982	0.01391	0.01570	0.10258	0.00927	0.01005	0.01664	0.02235	0.03170	0.57051	0.05499	0.06772	0.01529	0.00936	0.00253	0.00463	0.01364	0.00825	0.00838
10	0.02008	0.01928	0.03294	0.04981	0.66422	0.01928	0.02490	0.02490	0.01848	0.02651	0.01526	0.02008	0.01285	0.00723	0.00803	0.00241	0.00964	0.00723	0.00402	0.01285
11	0.03085	0.02273	0.02435	0.01867	0.02516	0.02516	0.01542	0.63716	0.03815	0.05114	0.01948	0.01948	0.01380	0.00974	0.00812	0.00244	0.00893	0.00731	0.00812	0.01380
12	0.01627	0.04197	0.67279	0.02313	0.03512	0.01884	0.02998	0.02570	0.01713	0.02570	0.01456	0.01713	0.01028	0.00771	0.00771	0.00257	0.01199	0.00600	0.00343	0.01199
13	0.00989	0.00706	0.00942	0.01130	0.01177	0.00659	0.00753	0.01130	0.01554	0.02071	0.04472	0.70954	0.05367	0.02542	0.01036	0.00330	0.00471	0.02307	0.00753	0.00659
14	0.01532	0.01442	0.02434	0.69533	0.05589	0.01803	0.02253	0.02073	0.01622	0.02073	0.01442	0.02163	0.01082	0.00811	0.00811	0.00270	0.01082	0.00721	0.00361	0.00901
15	0.01395	0.00714	0.01071	0.01071	0.01080	0.00723	0.00723	0.01080	0.01071	0.01437	0.01454	0.02508	0.01445	0.03009	0.06953	0.72029	0.00790	0.00714	0.00357	0.00374
16	0.01148	0.00829	0.01085	0.01021	0.01212	0.00766	0.00766	0.01531	0.02297	0.03254	0.65994	0.06061	0.07656	0.01659	0.00957	0.00255	0.00383	0.01467	0.00893	0.00766
17	0.02018	0.01743	0.01835	0.01651	0.02110	0.02018	0.01284	0.04312	0.64956	0.03394	0.03303	0.03027	0.02477	0.01101	0.00826	0.00275	0.00642	0.00917	0.00826	0.01284
18	0.02008	0.01928	0.03294	0.04981	0.66422	0.01928	0.02490	0.02490	0.01848	0.02651	0.01526	0.02008	0.01285	0.00723	0.00803	0.00241	0.00964	0.00723	0.00402	0.01285
19	0.02041	0.55912	0.19186	0.01607	0.02421	0.02896	0.01770	0.02463	0.01664	0.02066	0.01206	0.01399	0.01038	0.00712	0.00580	0.00193	0.00946	0.00473	0.00346	0.01079

[dist]
# distance from previous block
# <min> <max>
0	0

# created by:
# /st0/software/busco_prod/Augustus/scripts/msa2prfl.pl ./align_prep/135031.fa
