[name]
unknown

[dist]
# distance from previous block
# <min> <max>
0	10

[block]
# block no. 0 follows, 25 sequences, length 61
# corresponding to MSA columns:
# 10-70
name=unknown_A
#
# <colnr> <probs for GDERKNQSTAVLIFYWHMCP>
#	G	D	E	R	K	N	Q	S	T	A	V	L	I	F	Y	W	H	M	C	P
0	0.01249	0.00892	0.01249	0.01428	0.01606	0.00892	0.01249	0.01606	0.01785	0.02320	0.04105	0.08746	0.04462	0.02142	0.01071	0.00357	0.00714	0.62695	0.00714	0.00714
1	0.08785	0.01506	0.01859	0.01436	0.02031	0.01440	0.01186	0.16184	0.02444	0.50821	0.02672	0.02381	0.01719	0.00936	0.00757	0.00238	0.00695	0.00737	0.00887	0.01285
2	0.00993	0.00726	0.00951	0.01085	0.01176	0.00659	0.00734	0.01143	0.01493	0.02019	0.04064	0.67128	0.04840	0.02295	0.00960	0.00300	0.00459	0.02078	0.00701	0.06197
3	0.08436	0.01523	0.01812	0.01433	0.01980	0.01519	0.01171	0.18909	0.07063	0.37324	0.08417	0.02646	0.02208	0.00998	0.00770	0.00240	0.00674	0.00796	0.00857	0.01225
4	0.01905	0.01857	0.02923	0.22478	0.38378	0.05649	0.06816	0.06154	0.01850	0.02486	0.01454	0.01940	0.01164	0.00732	0.00777	0.00239	0.01003	0.00697	0.00398	0.01101
5	0.05077	0.02025	0.02149	0.06723	0.02496	0.04503	0.01445	0.42168	0.18142	0.04142	0.02082	0.02083	0.01518	0.00937	0.00766	0.00241	0.00820	0.00723	0.00725	0.01234
6	0.01166	0.00801	0.01030	0.00980	0.01163	0.00736	0.00723	0.01482	0.02059	0.05308	0.53404	0.10692	0.10076	0.05629	0.01085	0.00278	0.00406	0.01437	0.00819	0.00727
7	0.01108	0.00831	0.01246	0.01246	0.01385	0.00969	0.00969	0.01385	0.01246	0.01800	0.02077	0.03046	0.01938	0.05815	0.69678	0.01246	0.02077	0.00831	0.00415	0.00692
8	0.02740	0.05649	0.02471	0.02239	0.07371	0.54166	0.05118	0.07087	0.02220	0.02173	0.01278	0.01501	0.01047	0.00787	0.00715	0.00207	0.01303	0.00547	0.00420	0.00963
9	0.01211	0.00791	0.01018	0.01107	0.01220	0.00755	0.00762	0.01476	0.05195	0.07044	0.07527	0.54577	0.04689	0.07289	0.01173	0.00334	0.00492	0.01901	0.00731	0.00709
10	0.00958	0.00690	0.00887	0.01038	0.01095	0.00642	0.00689	0.01086	0.01475	0.01948	0.04386	0.61727	0.09599	0.08339	0.01234	0.00348	0.00471	0.02071	0.00699	0.00618
11	0.01128	0.00752	0.00846	0.00846	0.00846	0.00752	0.00470	0.01128	0.01128	0.01503	0.02443	0.05074	0.02819	0.72751	0.03946	0.00752	0.00752	0.01128	0.00470	0.00470
12	0.07071	0.01433	0.02322	0.59194	0.11337	0.01736	0.02081	0.02043	0.01555	0.02145	0.01365	0.01994	0.01039	0.00763	0.00753	0.00254	0.00991	0.00670	0.00358	0.00897
13	0.01464	0.01378	0.02326	0.70887	0.05340	0.01723	0.02153	0.01981	0.01550	0.01981	0.01378	0.02067	0.01034	0.00775	0.00775	0.00258	0.01034	0.00689	0.00345	0.00861
14	0.02045	0.01723	0.01819	0.01601	0.02060	0.01983	0.01255	0.11096	0.59349	0.03431	0.03008	0.02775	0.02247	0.01038	0.00787	0.00260	0.00641	0.00856	0.00787	0.01238
15	0.02947	0.02172	0.02327	0.01784	0.02404	0.02404	0.01474	0.65329	0.03646	0.04887	0.01862	0.01862	0.01319	0.00931	0.00776	0.00233	0.00853	0.00698	0.00776	0.01319
16	0.01929	0.01666	0.01753	0.01578	0.02016	0.01929	0.01227	0.04120	0.66513	0.03243	0.03156	0.02893	0.02367	0.01052	0.00789	0.00263	0.00614	0.00877	0.00789	0.01227
17	0.01128	0.00752	0.00846	0.00846	0.00846	0.00752	0.00470	0.01128	0.01128	0.01503	0.02443	0.05074	0.02819	0.72751	0.03946	0.00752	0.00752	0.01128	0.00470	0.00470
18	0.03306	0.01281	0.01744	0.01350	0.01920	0.01110	0.01110	0.03611	0.02217	0.63718	0.07727	0.02867	0.02310	0.01005	0.00789	0.00240	0.00638	0.00825	0.00952	0.01277
19	0.01025	0.00780	0.00924	0.00904	0.01094	0.00699	0.00661	0.01290	0.01921	0.02559	0.37498	0.10390	0.28525	0.06928	0.01139	0.00291	0.00409	0.01515	0.00770	0.00679
20	0.02175	0.01705	0.01830	0.01590	0.02063	0.01931	0.01252	0.11954	0.53638	0.08325	0.02982	0.02741	0.02199	0.01029	0.00787	0.00257	0.00648	0.00846	0.00800	0.01246
21	0.00955	0.00787	0.00839	0.00826	0.01071	0.00671	0.00619	0.01187	0.01858	0.02310	0.20511	0.07108	0.54809	0.01883	0.00916	0.00258	0.00387	0.01587	0.00748	0.00671
22	0.01221	0.00874	0.01210	0.01344	0.01523	0.00862	0.01153	0.01580	0.01861	0.02467	0.15923	0.08195	0.04994	0.02038	0.01042	0.00336	0.00649	0.51270	0.00740	0.00717
23	0.01097	0.00793	0.01036	0.00975	0.01158	0.00732	0.00732	0.01463	0.02195	0.03109	0.67505	0.05792	0.07316	0.01585	0.00914	0.00244	0.00366	0.01402	0.00854	0.00732
24	0.72605	0.01550	0.01228	0.01077	0.01567	0.01789	0.00887	0.06989	0.01493	0.03584	0.01138	0.01305	0.00875	0.00736	0.00502	0.00239	0.00619	0.00441	0.00502	0.00875
25	0.03479	0.01320	0.01799	0.01380	0.01979	0.01140	0.01140	0.03779	0.02219	0.68451	0.03059	0.02639	0.01919	0.00960	0.00780	0.00240	0.00660	0.00780	0.00960	0.01320
26	0.01097	0.00793	0.01036	0.00975	0.01158	0.00732	0.00732	0.01463	0.02195	0.03109	0.67505	0.05792	0.07316	0.01585	0.00914	0.00244	0.00366	0.01402	0.00854	0.00732
27	0.01073	0.00742	0.00906	0.00937	0.00993	0.00716	0.00597	0.01197	0.01478	0.02015	0.18716	0.22437	0.04502	0.37468	0.02453	0.00517	0.00581	0.01470	0.00627	0.00574
28	0.01128	0.00752	0.00846	0.00846	0.00846	0.00752	0.00470	0.01128	0.01128	0.01503	0.02443	0.05074	0.02819	0.72751	0.03946	0.00752	0.00752	0.01128	0.00470	0.00470
29	0.01555	0.04011	0.68733	0.02210	0.03356	0.01801	0.02865	0.02455	0.01637	0.02455	0.01391	0.01637	0.00982	0.00737	0.00737	0.00246	0.01146	0.00573	0.00327	0.01146
30	0.01464	0.01378	0.02326	0.70887	0.05340	0.01723	0.02153	0.01981	0.01550	0.01981	0.01378	0.02067	0.01034	0.00775	0.00775	0.00258	0.01034	0.00689	0.00345	0.00861
31	0.01080	0.00787	0.01027	0.01062	0.01223	0.00734	0.00811	0.01385	0.01946	0.02661	0.38715	0.19403	0.11451	0.01882	0.00958	0.00280	0.00447	0.12654	0.00791	0.00702
32	0.01128	0.00752	0.00846	0.00846	0.00846	0.00752	0.00470	0.01128	0.01128	0.01503	0.02443	0.05074	0.02819	0.72751	0.03946	0.00752	0.00752	0.01128	0.00470	0.00470
33	0.02073	0.73217	0.04063	0.01327	0.01990	0.03068	0.01327	0.02322	0.01575	0.01824	0.01078	0.01244	0.00995	0.00663	0.00498	0.00166	0.00829	0.00415	0.00332	0.00995
34	0.01824	0.02075	0.04482	0.03216	0.03967	0.01978	0.62407	0.02457	0.01803	0.02457	0.01545	0.02075	0.01170	0.00683	0.00984	0.00265	0.04279	0.00905	0.00390	0.01037
35	0.69793	0.01479	0.01214	0.01060	0.01554	0.01672	0.00874	0.02448	0.01421	0.10810	0.01303	0.01415	0.00962	0.00747	0.00514	0.00240	0.00607	0.00460	0.00534	0.00894
36	0.73672	0.01489	0.01180	0.01042	0.01529	0.01703	0.00858	0.02371	0.01374	0.07438	0.01200	0.01344	0.00905	0.00734	0.00498	0.00240	0.00603	0.00442	0.00509	0.00869
37	0.02110	0.58263	0.10646	0.01494	0.02178	0.10297	0.01507	0.02421	0.01651	0.01899	0.01124	0.01302	0.00994	0.00686	0.00545	0.00178	0.00925	0.00441	0.00339	0.01000
38	0.03121	0.01268	0.01708	0.01366	0.01901	0.01124	0.01120	0.03494	0.04690	0.57572	0.05282	0.05683	0.02376	0.01105	0.00809	0.00250	0.00644	0.04324	0.00927	0.01237
39	0.00945	0.00748	0.00851	0.00907	0.01086	0.00654	0.00649	0.01138	0.01715	0.02162	0.12945	0.29609	0.39680	0.02084	0.00941	0.00278	0.00410	0.01807	0.00734	0.00654
40	0.01124	0.00766	0.00920	0.00920	0.00945	0.00792	0.00562	0.01175	0.01150	0.01558	0.02375	0.04698	0.02656	0.60355	0.16120	0.00843	0.00997	0.01073	0.00460	0.00511
41	0.01610	0.11276	0.61944	0.02117	0.03212	0.01934	0.02703	0.02441	0.01631	0.02389	0.01359	0.01596	0.00984	0.00729	0.00712	0.00237	0.01113	0.00556	0.00328	0.01130
42	0.01866	0.02033	0.06239	0.02476	0.03050	0.07151	0.33592	0.08985	0.01886	0.02517	0.01632	0.02162	0.01314	0.01790	0.14940	0.00458	0.05682	0.00812	0.00432	0.00984
43	0.01050	0.00766	0.01009	0.01153	0.01275	0.00725	0.00878	0.01279	0.01659	0.02173	0.08491	0.39885	0.12350	0.02229	0.01003	0.00318	0.00524	0.21841	0.00726	0.00666
44	0.02896	0.03695	0.02197	0.01998	0.02397	0.69638	0.01498	0.03096	0.02197	0.01898	0.01199	0.01398	0.00999	0.00799	0.00699	0.00200	0.01398	0.00499	0.00400	0.00899
45	0.01474	0.01392	0.02328	0.67965	0.05200	0.01750	0.02134	0.01976	0.01535	0.01976	0.01363	0.02051	0.01033	0.00800	0.00850	0.00262	0.04017	0.00689	0.00344	0.00861
46	0.78228	0.01499	0.01140	0.01020	0.01499	0.01739	0.00840	0.02279	0.01320	0.03479	0.01080	0.01260	0.00840	0.00720	0.00480	0.00240	0.00600	0.00420	0.00480	0.00840
47	0.01919	0.01842	0.03147	0.04759	0.67914	0.01842	0.02380	0.02380	0.01765	0.02533	0.01458	0.01919	0.01228	0.00691	0.00768	0.00230	0.00921	0.00691	0.00384	0.01228
48	0.00945	0.00675	0.00900	0.01080	0.01125	0.00630	0.00720	0.01080	0.01484	0.01979	0.04274	0.72245	0.05128	0.02429	0.00990	0.00315	0.00450	0.02204	0.00720	0.00630
49	0.01347	0.00673	0.01010	0.01010	0.01010	0.00673	0.00673	0.01010	0.01010	0.01347	0.01347	0.02357	0.01347	0.02694	0.03030	0.77441	0.00673	0.00673	0.00337	0.00337
50	0.01903	0.01940	0.06113	0.04644	0.64995	0.01840	0.02402	0.02383	0.01760	0.02530	0.01455	0.01906	0.01217	0.00693	0.00766	0.00231	0.00931	0.00686	0.00381	0.01224
51	0.01704	0.01718	0.02498	0.02105	0.02148	0.02352	0.05245	0.01901	0.01223	0.01901	0.01049	0.01718	0.01027	0.01318	0.02453	0.00335	0.67412	0.00692	0.00342	0.00859
52	0.00927	0.00786	0.00800	0.00796	0.01054	0.00659	0.00597	0.01132	0.01791	0.02151	0.11195	0.07368	0.64224	0.01942	0.00916	0.00261	0.00391	0.01623	0.00727	0.00659
53	0.01891	0.02007	0.08118	0.04566	0.63021	0.01839	0.02416	0.02385	0.01756	0.02527	0.01453	0.01898	0.01210	0.00694	0.00765	0.00231	0.00938	0.00682	0.00380	0.01222
54	0.01696	0.01696	0.02375	0.02036	0.02036	0.02375	0.01696	0.01866	0.01187	0.01866	0.01018	0.01696	0.01018	0.01357	0.02545	0.00339	0.71332	0.00679	0.00339	0.00848
55	0.02731	0.03337	0.02453	0.02350	0.09134	0.55423	0.05715	0.05725	0.02194	0.02132	0.01278	0.01516	0.01048	0.00784	0.00723	0.00208	0.01320	0.00554	0.00414	0.00960
56	0.01131	0.00865	0.01290	0.01277	0.01410	0.01024	0.00998	0.01403	0.01244	0.01803	0.02035	0.02993	0.01902	0.05640	0.67043	0.01211	0.04795	0.00825	0.00412	0.00698
57	0.01583	0.03835	0.63730	0.02163	0.03256	0.01810	0.02742	0.02580	0.06483	0.02514	0.01523	0.01731	0.01086	0.00760	0.00741	0.00247	0.01106	0.00596	0.00362	0.01152
58	0.02219	0.02611	0.11993	0.02566	0.16108	0.18501	0.07097	0.12790	0.09744	0.02802	0.01947	0.02121	0.04282	0.00859	0.00769	0.00233	0.01031	0.00711	0.00506	0.01109
59	0.04220	0.02599	0.22492	0.03639	0.39216	0.05965	0.05934	0.02448	0.01744	0.02498	0.01417	0.01793	0.01127	0.00710	0.00754	0.00235	0.01028	0.00649	0.00372	0.01162
60	0.01814	0.34721	0.34869	0.01769	0.02646	0.02376	0.02056	0.02520	0.06455	0.02233	0.01383	0.01555	0.01091	0.00727	0.00634	0.00211	0.00965	0.00525	0.00364	0.01085

[dist]
# distance from previous block
# <min> <max>
0	3

# created by:
# /st0/software/busco_prod/Augustus/scripts/msa2prfl.pl ./align_prep/135495.fa
