[name]
unknown

[dist]
# distance from previous block
# <min> <max>
0	79

[block]
# block no. 0 follows, 25 sequences, length 14
# corresponding to MSA columns:
# 97-110
name=unknown_A
#
# <colnr> <probs for GDERKNQSTAVLIFYWHMCP>
#	G	D	E	R	K	N	Q	S	T	A	V	L	I	F	Y	W	H	M	C	P
0	0.07550	0.00934	0.01223	0.01358	0.01561	0.00949	0.01174	0.01650	0.01780	0.02479	0.08981	0.07893	0.04396	0.01980	0.01010	0.00338	0.00676	0.52634	0.00706	0.00726
1	0.01826	0.01507	0.01725	0.01252	0.01930	0.01257	0.01009	0.12272	0.01940	0.02911	0.01457	0.01649	0.01176	0.00632	0.00607	0.00134	0.00620	0.00498	0.00511	0.65087
2	0.01478	0.01397	0.02328	0.66814	0.05145	0.01761	0.02126	0.01974	0.01529	0.01974	0.01357	0.02045	0.01033	0.00810	0.00880	0.00263	0.05193	0.00688	0.00344	0.00861
3	0.69366	0.01485	0.01277	0.09086	0.01943	0.01737	0.00991	0.02245	0.01346	0.03306	0.01114	0.01353	0.00862	0.00726	0.00514	0.00242	0.00650	0.00451	0.00464	0.00842
4	0.10822	0.45411	0.18259	0.01494	0.02242	0.02524	0.01609	0.02425	0.01594	0.05721	0.01255	0.01409	0.01024	0.00702	0.00565	0.00196	0.00865	0.00471	0.00381	0.01029
5	0.01128	0.00752	0.00846	0.00846	0.00846	0.00752	0.00470	0.01128	0.01128	0.01503	0.02443	0.05074	0.02819	0.72751	0.03946	0.00752	0.00752	0.01128	0.00470	0.00470
6	0.02715	0.11274	0.02390	0.01844	0.02314	0.44354	0.01448	0.13241	0.08679	0.02508	0.01485	0.01603	0.01185	0.00830	0.00697	0.00207	0.01167	0.00559	0.00491	0.01011
7	0.01025	0.00790	0.00936	0.00899	0.01114	0.00701	0.00674	0.01323	0.02023	0.02702	0.43580	0.06462	0.31495	0.01737	0.00915	0.00251	0.00377	0.01496	0.00800	0.00701
8	0.01405	0.01280	0.01940	0.01712	0.01832	0.01632	0.05369	0.01660	0.01258	0.01872	0.01593	0.02410	0.01497	0.03585	0.36673	0.00797	0.31553	0.00771	0.00381	0.00781
9	0.01128	0.00752	0.00846	0.00846	0.00846	0.00752	0.00470	0.01128	0.01128	0.01503	0.02443	0.05074	0.02819	0.72751	0.03946	0.00752	0.00752	0.01128	0.00470	0.00470
10	0.02955	0.01962	0.11954	0.01620	0.02296	0.01612	0.01489	0.19274	0.06671	0.38148	0.02511	0.02308	0.01655	0.00925	0.00773	0.00240	0.00779	0.00734	0.00807	0.01287
11	0.02944	0.02262	0.02319	0.01797	0.02404	0.06367	0.01475	0.61661	0.03560	0.04710	0.01822	0.01834	0.01300	0.00923	0.00771	0.00231	0.00885	0.00686	0.00753	0.01294
12	0.14375	0.01695	0.02220	0.37689	0.11334	0.05474	0.01827	0.11716	0.01889	0.02725	0.01402	0.01851	0.01066	0.00781	0.00722	0.00245	0.00942	0.00636	0.00439	0.00971
13	0.41946	0.01442	0.01700	0.34042	0.03315	0.01731	0.01461	0.02138	0.01429	0.02771	0.01221	0.01641	0.00931	0.00746	0.00619	0.00249	0.00805	0.00547	0.00416	0.00850

[dist]
# distance from previous block
# <min> <max>
1	4

[block]
# block no. 1 follows, 25 sequences, length 43
# corresponding to MSA columns:
# 115-157
name=unknown_B
#
# <colnr> <probs for GDERKNQSTAVLIFYWHMCP>
#	G	D	E	R	K	N	Q	S	T	A	V	L	I	F	Y	W	H	M	C	P
0	0.49685	0.01685	0.03981	0.01210	0.01689	0.04954	0.01012	0.09142	0.01631	0.03243	0.01343	0.01701	0.01108	0.05190	0.05272	0.00326	0.00792	0.00530	0.00497	0.05010
1	0.01383	0.01250	0.01361	0.01319	0.01442	0.09856	0.00980	0.01570	0.01359	0.01772	0.02128	0.08996	0.02185	0.18349	0.35107	0.00846	0.08020	0.00952	0.00443	0.00682
2	0.01048	0.00791	0.00968	0.00924	0.01128	0.00711	0.00693	0.01368	0.02079	0.02834	0.51307	0.06245	0.23686	0.01688	0.00915	0.00249	0.00373	0.01466	0.00817	0.00711
3	0.01464	0.01378	0.02326	0.70887	0.05340	0.01723	0.02153	0.01981	0.01550	0.01981	0.01378	0.02067	0.01034	0.00775	0.00775	0.00258	0.01034	0.00689	0.00345	0.00861
4	0.03395	0.01338	0.01797	0.01390	0.01981	0.01182	0.01144	0.03797	0.05687	0.64934	0.03064	0.02653	0.01943	0.00965	0.00780	0.00241	0.00657	0.00785	0.00950	0.01315
5	0.01555	0.04011	0.68733	0.02210	0.03356	0.01801	0.02865	0.02455	0.01637	0.02455	0.01391	0.01637	0.00982	0.00737	0.00737	0.00246	0.01146	0.00573	0.00327	0.01146
6	0.01555	0.04011	0.68733	0.02210	0.03356	0.01801	0.02865	0.02455	0.01637	0.02455	0.01391	0.01637	0.00982	0.00737	0.00737	0.00246	0.01146	0.00573	0.00327	0.01146
7	0.03408	0.01335	0.01797	0.01389	0.01981	0.01175	0.01144	0.03794	0.05143	0.65486	0.03063	0.02651	0.01940	0.00964	0.00780	0.00241	0.00658	0.00784	0.00952	0.01315
8	0.02166	0.01029	0.01374	0.01170	0.01539	0.00915	0.00928	0.02487	0.02149	0.32519	0.31529	0.07011	0.07002	0.01368	0.00862	0.00249	0.00515	0.03310	0.00886	0.00990
9	0.73328	0.01488	0.01183	0.01043	0.01531	0.01700	0.00859	0.02377	0.01379	0.07737	0.01209	0.01350	0.00910	0.00735	0.00499	0.00240	0.00604	0.00443	0.00511	0.00871
10	0.00927	0.00786	0.00801	0.00797	0.01054	0.00659	0.00598	0.01134	0.01794	0.02157	0.11516	0.07359	0.63899	0.01940	0.00916	0.00261	0.00391	0.01622	0.00728	0.00659
11	0.08643	0.01237	0.01590	0.01276	0.01774	0.01130	0.01036	0.03198	0.04464	0.47643	0.16219	0.03194	0.02967	0.01074	0.00785	0.00242	0.00593	0.00884	0.00895	0.01158
12	0.00964	0.00683	0.00894	0.01055	0.01095	0.00643	0.00693	0.01085	0.01447	0.01929	0.04080	0.65158	0.04885	0.09849	0.01302	0.00361	0.00482	0.02091	0.00693	0.00613
13	0.00945	0.00675	0.00900	0.01080	0.01125	0.00630	0.00720	0.01080	0.01484	0.01979	0.04274	0.72245	0.05128	0.02429	0.00990	0.00315	0.00450	0.02204	0.00720	0.00630
14	0.01569	0.00899	0.01176	0.01046	0.01318	0.00810	0.00806	0.01912	0.02175	0.16275	0.51053	0.05249	0.09669	0.01480	0.00887	0.00244	0.00427	0.01290	0.00867	0.00846
15	0.01012	0.00787	0.00905	0.00877	0.01088	0.00695	0.00649	0.01276	0.01931	0.02533	0.35197	0.06559	0.36178	0.05606	0.01079	0.00280	0.00400	0.01500	0.00768	0.00680
16	0.00951	0.00783	0.00837	0.00832	0.01071	0.00668	0.00620	0.01177	0.01837	0.02280	0.18890	0.09461	0.54088	0.01909	0.00919	0.00260	0.00390	0.01613	0.00745	0.00668
17	0.00956	0.00684	0.00892	0.01053	0.01103	0.00639	0.00698	0.01084	0.01472	0.01953	0.04294	0.65309	0.07420	0.07020	0.01181	0.00341	0.00467	0.02111	0.00703	0.00620
18	0.02944	0.01341	0.01719	0.01382	0.01910	0.01261	0.01119	0.03632	0.15229	0.49177	0.09072	0.02984	0.02512	0.01037	0.00794	0.00245	0.00623	0.00857	0.00915	0.01246
19	0.16603	0.01351	0.01684	0.01316	0.01895	0.01245	0.01087	0.03515	0.02061	0.57044	0.02711	0.02397	0.01730	0.00918	0.00727	0.00240	0.00649	0.00717	0.00875	0.01235
20	0.00945	0.00675	0.00900	0.01080	0.01125	0.00630	0.00720	0.01080	0.01484	0.01979	0.04274	0.72245	0.05128	0.02429	0.00990	0.00315	0.00450	0.02204	0.00720	0.00630
21	0.01007	0.00704	0.00892	0.01005	0.01046	0.00671	0.00648	0.01117	0.01424	0.01910	0.07622	0.48628	0.04591	0.22832	0.01845	0.00438	0.00532	0.01842	0.00655	0.00590
22	0.00928	0.00772	0.00811	0.00830	0.01062	0.00655	0.00611	0.01125	0.01753	0.02127	0.10136	0.15181	0.57341	0.02002	0.00925	0.00267	0.00398	0.01694	0.00726	0.00655
23	0.00960	0.00707	0.00901	0.01037	0.01130	0.00649	0.00717	0.01126	0.01584	0.02079	0.08736	0.55445	0.15474	0.02292	0.00976	0.00303	0.00444	0.04071	0.00728	0.00643
24	0.78228	0.01499	0.01140	0.01020	0.01499	0.01739	0.00840	0.02279	0.01320	0.03479	0.01080	0.01260	0.00840	0.00720	0.00480	0.00240	0.00600	0.00420	0.00480	0.00840
25	0.01445	0.00723	0.00723	0.00723	0.00903	0.00723	0.00542	0.01807	0.01626	0.02891	0.02529	0.02891	0.01987	0.00903	0.00542	0.00181	0.00361	0.00723	0.77055	0.00723
26	0.01347	0.00673	0.01010	0.01010	0.01010	0.00673	0.00673	0.01010	0.01010	0.01347	0.01347	0.02357	0.01347	0.02694	0.03030	0.77441	0.00673	0.00673	0.00337	0.00337
27	0.01109	0.00827	0.01227	0.01227	0.01359	0.00959	0.00946	0.01372	0.01241	0.01786	0.02094	0.03141	0.01980	0.08961	0.66589	0.01223	0.02015	0.00845	0.00418	0.00682
28	0.01094	0.00770	0.01000	0.01026	0.01083	0.00814	0.00688	0.01215	0.01222	0.01680	0.02571	0.13940	0.02827	0.38180	0.27594	0.00870	0.01194	0.01173	0.00486	0.00574
29	0.01747	0.01666	0.02836	0.29822	0.44198	0.01797	0.02294	0.02229	0.01684	0.02324	0.01428	0.01975	0.01154	0.00723	0.00770	0.00241	0.00964	0.00690	0.00369	0.01089
30	0.01757	0.01677	0.02854	0.28327	0.45613	0.01800	0.02299	0.02238	0.01689	0.02336	0.01430	0.01972	0.01159	0.00721	0.00770	0.00240	0.00961	0.00690	0.00370	0.01097
31	0.01464	0.01378	0.02326	0.70887	0.05340	0.01723	0.02153	0.01981	0.01550	0.01981	0.01378	0.02067	0.01034	0.00775	0.00775	0.00258	0.01034	0.00689	0.00345	0.00861
32	0.16517	0.02116	0.02009	0.04454	0.02278	0.10013	0.01339	0.40544	0.02858	0.04054	0.01658	0.01762	0.01218	0.00869	0.00700	0.00228	0.00852	0.00625	0.04774	0.01131
33	0.78228	0.01499	0.01140	0.01020	0.01499	0.01739	0.00840	0.02279	0.01320	0.03479	0.01080	0.01260	0.00840	0.00720	0.00480	0.00240	0.00600	0.00420	0.00480	0.00840
34	0.01108	0.00831	0.01246	0.01246	0.01385	0.00969	0.00969	0.01385	0.01246	0.01800	0.02077	0.03046	0.01938	0.05815	0.69678	0.01246	0.02077	0.00831	0.00415	0.00692
35	0.01854	0.01776	0.03029	0.14241	0.58942	0.01825	0.02347	0.02322	0.01735	0.02454	0.01447	0.01940	0.01200	0.00703	0.00769	0.00234	0.00937	0.00691	0.00378	0.01176
36	0.01170	0.00930	0.01153	0.01305	0.05393	0.00873	0.00959	0.03985	0.01822	0.02297	0.05663	0.13785	0.34435	0.01946	0.00958	0.00294	0.00552	0.21046	0.00700	0.00734
37	0.00919	0.00777	0.00794	0.00808	0.01053	0.00653	0.00599	0.01110	0.01746	0.02086	0.07581	0.12412	0.62826	0.01999	0.00922	0.00266	0.00397	0.01680	0.00720	0.00653
38	0.04463	0.01505	0.02665	0.56648	0.04973	0.01764	0.12870	0.02078	0.01589	0.02124	0.01399	0.02040	0.01051	0.00752	0.00788	0.00258	0.01064	0.00717	0.00358	0.00892
39	0.07734	0.02443	0.02141	0.01760	0.02292	0.19168	0.01406	0.37505	0.11425	0.03828	0.01815	0.01842	0.01345	0.00900	0.00739	0.00229	0.00942	0.00654	0.00664	0.01170
40	0.05525	0.01602	0.02034	0.04136	0.02281	0.01491	0.07393	0.11719	0.09173	0.05280	0.01711	0.01873	0.01320	0.00716	0.00672	0.00179	0.00714	0.00604	0.00550	0.41028
41	0.17892	0.01403	0.01987	0.47476	0.04071	0.01696	0.01738	0.05601	0.01586	0.02425	0.01340	0.01902	0.01029	0.00898	0.00860	0.05312	0.00907	0.00631	0.00397	0.00848
42	0.15204	0.02064	0.01994	0.01612	0.02144	0.08500	0.01304	0.42048	0.02913	0.06447	0.01892	0.06978	0.01514	0.00996	0.00736	0.00237	0.00826	0.00748	0.00694	0.01149

[dist]
# distance from previous block
# <min> <max>
6	12

[block]
# block no. 2 follows, 25 sequences, length 8
# corresponding to MSA columns:
# 170-177
name=unknown_C
#
# <colnr> <probs for GDERKNQSTAVLIFYWHMCP>
#	G	D	E	R	K	N	Q	S	T	A	V	L	I	F	Y	W	H	M	C	P
0	0.47040	0.05074	0.01454	0.06401	0.01832	0.01677	0.01000	0.04894	0.06141	0.03261	0.12471	0.02223	0.02080	0.00899	0.00610	0.00240	0.00617	0.00649	0.00559	0.00878
1	0.01999	0.02059	0.03765	0.02793	0.03380	0.06441	0.43297	0.02498	0.01754	0.07327	0.01546	0.02008	0.01189	0.00828	0.01218	0.00271	0.15354	0.00830	0.00425	0.01017
2	0.01174	0.00908	0.01293	0.01257	0.01355	0.01079	0.00955	0.01389	0.01218	0.01753	0.02031	0.03273	0.02001	0.17576	0.50527	0.01059	0.09196	0.00869	0.00417	0.00668
3	0.07788	0.02176	0.02218	0.01728	0.02326	0.06196	0.01418	0.54722	0.03344	0.07687	0.01831	0.01834	0.01298	0.00911	0.00752	0.00232	0.00859	0.00673	0.00744	0.01264
4	0.01555	0.04011	0.68733	0.02210	0.03356	0.01801	0.02865	0.02455	0.01637	0.02455	0.01391	0.01637	0.00982	0.00737	0.00737	0.00246	0.01146	0.00573	0.00327	0.01146
5	0.16065	0.01718	0.09714	0.01405	0.02015	0.01411	0.01266	0.06615	0.06464	0.28055	0.02308	0.06569	0.01718	0.00941	0.00709	0.00231	0.00692	0.00744	0.00697	0.10664
6	0.64852	0.01575	0.04590	0.05969	0.01830	0.01686	0.01017	0.02242	0.01368	0.03291	0.01194	0.01423	0.00922	0.00734	0.00517	0.00238	0.00645	0.00463	0.04592	0.00850
7	0.02573	0.01509	0.01801	0.01401	0.01998	0.01418	0.01134	0.11026	0.14477	0.28887	0.02439	0.02290	0.01705	0.00862	0.00721	0.00207	0.00650	0.00695	0.00759	0.23447

[dist]
# distance from previous block
# <min> <max>
0	1

[block]
# block no. 3 follows, 25 sequences, length 10
# corresponding to MSA columns:
# 179-188
name=unknown_D
#
# <colnr> <probs for GDERKNQSTAVLIFYWHMCP>
#	G	D	E	R	K	N	Q	S	T	A	V	L	I	F	Y	W	H	M	C	P
0	0.12772	0.01806	0.04538	0.01523	0.02119	0.01800	0.01287	0.25515	0.11345	0.21622	0.02215	0.02112	0.01539	0.00898	0.00726	0.00233	0.00729	0.00689	0.00752	0.05778
1	0.15574	0.01594	0.06490	0.01524	0.02155	0.01348	0.06182	0.03340	0.02000	0.48062	0.02502	0.02300	0.01619	0.00881	0.00738	0.00242	0.00733	0.00717	0.00793	0.01207
2	0.07792	0.20854	0.43565	0.01886	0.02817	0.06096	0.02246	0.02446	0.01630	0.02348	0.01278	0.01496	0.00975	0.00721	0.00655	0.00223	0.01040	0.00518	0.00345	0.01070
3	0.02896	0.03695	0.02197	0.01998	0.02397	0.69638	0.01498	0.03096	0.02197	0.01898	0.01199	0.01398	0.00999	0.00799	0.00699	0.00200	0.01398	0.00499	0.00400	0.00899
4	0.01919	0.01842	0.03147	0.04759	0.67914	0.01842	0.02380	0.02380	0.01765	0.02533	0.01458	0.01919	0.01228	0.00691	0.00768	0.00230	0.00921	0.00691	0.00384	0.01228
5	0.01164	0.00831	0.01128	0.01237	0.01389	0.00810	0.01007	0.01475	0.01812	0.02428	0.19890	0.16203	0.05174	0.05886	0.01178	0.00345	0.00594	0.36018	0.00736	0.00694
6	0.07253	0.01310	0.01678	0.01289	0.01874	0.01128	0.01054	0.03191	0.02045	0.47695	0.06488	0.02545	0.02029	0.00907	0.00730	0.00215	0.00622	0.00733	0.00826	0.16390
7	0.00988	0.00706	0.00949	0.01129	0.01193	0.00667	0.00795	0.01154	0.01527	0.02028	0.04250	0.63259	0.05034	0.02389	0.01001	0.00321	0.00487	0.10764	0.00719	0.00642
8	0.02330	0.07775	0.02100	0.01665	0.02140	0.16614	0.01319	0.10938	0.37593	0.05655	0.02415	0.02310	0.01823	0.00949	0.00745	0.00237	0.00829	0.00734	0.00674	0.01153
9	0.01887	0.38973	0.32586	0.01752	0.02616	0.05970	0.02016	0.02421	0.01635	0.02107	0.01223	0.01426	0.00990	0.00703	0.00614	0.00203	0.00999	0.00489	0.00333	0.01057

[dist]
# distance from previous block
# <min> <max>
0	3

[block]
# block no. 4 follows, 25 sequences, length 16
# corresponding to MSA columns:
# 192-207
name=unknown_E
#
# <colnr> <probs for GDERKNQSTAVLIFYWHMCP>
#	G	D	E	R	K	N	Q	S	T	A	V	L	I	F	Y	W	H	M	C	P
0	0.01265	0.00810	0.00989	0.00990	0.01099	0.00756	0.00640	0.01360	0.01369	0.06537	0.03067	0.28781	0.03462	0.37077	0.02411	0.00512	0.00624	0.01441	0.00594	0.06215
1	0.01775	0.01903	0.03176	0.34743	0.09385	0.08715	0.24511	0.02304	0.01732	0.02194	0.01434	0.01997	0.01096	0.00728	0.00817	0.00251	0.01159	0.00750	0.00370	0.00959
2	0.02119	0.01717	0.01881	0.04003	0.02153	0.04040	0.01186	0.26574	0.02410	0.03359	0.01782	0.07137	0.01510	0.00871	0.00696	0.00184	0.00720	0.00696	0.00596	0.36364
3	0.01879	0.01022	0.01334	0.01155	0.01493	0.00924	0.00905	0.04339	0.02157	0.22057	0.36223	0.08951	0.04941	0.01400	0.00862	0.00244	0.00499	0.03548	0.00846	0.05220
4	0.01037	0.00778	0.00944	0.00941	0.01117	0.00706	0.00690	0.01302	0.01903	0.02551	0.36529	0.13679	0.23780	0.06897	0.01146	0.00297	0.00423	0.03831	0.00768	0.00679
5	0.01608	0.01378	0.01608	0.01148	0.01837	0.01034	0.00919	0.01952	0.01608	0.02527	0.01378	0.01608	0.01148	0.00574	0.00574	0.00115	0.00574	0.00459	0.00459	0.77491
6	0.02902	0.03541	0.02210	0.01976	0.02398	0.62808	0.01496	0.09418	0.02344	0.02201	0.01266	0.01445	0.01031	0.00812	0.00707	0.00203	0.01343	0.00520	0.00438	0.00942
7	0.03479	0.01320	0.01799	0.01380	0.01979	0.01140	0.01140	0.03779	0.02219	0.68451	0.03059	0.02639	0.01919	0.00960	0.00780	0.00240	0.00660	0.00780	0.00960	0.01320
8	0.01608	0.01378	0.01608	0.01148	0.01837	0.01034	0.00919	0.01952	0.01608	0.02527	0.01378	0.01608	0.01148	0.00574	0.00574	0.00115	0.00574	0.00459	0.00459	0.77491
9	0.01608	0.01378	0.01608	0.01148	0.01837	0.01034	0.00919	0.01952	0.01608	0.02527	0.01378	0.01608	0.01148	0.00574	0.00574	0.00115	0.00574	0.00459	0.00459	0.77491
10	0.03289	0.01325	0.01780	0.01356	0.01965	0.01129	0.01117	0.03593	0.02157	0.61754	0.02888	0.02534	0.01841	0.00921	0.00759	0.00227	0.00651	0.00747	0.00909	0.09057
11	0.01108	0.00831	0.01246	0.01246	0.01385	0.00969	0.00969	0.01385	0.01246	0.01800	0.02077	0.03046	0.01938	0.05815	0.69678	0.01246	0.02077	0.00831	0.00415	0.00692
12	0.01593	0.09067	0.64009	0.02145	0.03256	0.01893	0.02752	0.02446	0.01633	0.02409	0.01369	0.01608	0.00983	0.00731	0.00719	0.00240	0.01123	0.00561	0.00328	0.01135
13	0.01920	0.01831	0.03056	0.04552	0.63617	0.01848	0.02304	0.02493	0.05988	0.02579	0.01569	0.01983	0.01302	0.00714	0.00769	0.00232	0.00901	0.00703	0.00410	0.01228
14	0.00952	0.00794	0.00835	0.00845	0.01096	0.00677	0.00648	0.01170	0.01793	0.02169	0.10912	0.07467	0.59373	0.01956	0.00928	0.00268	0.00416	0.06309	0.00727	0.00663
15	0.03064	0.01832	0.02098	0.01625	0.02225	0.01920	0.01337	0.39041	0.07634	0.27396	0.02380	0.02212	0.01607	0.00950	0.00778	0.00237	0.00767	0.00740	0.00842	0.01312

[dist]
# distance from previous block
# <min> <max>
0	1

[block]
# block no. 5 follows, 25 sequences, length 10
# corresponding to MSA columns:
# 209-218
name=unknown_F
#
# <colnr> <probs for GDERKNQSTAVLIFYWHMCP>
#	G	D	E	R	K	N	Q	S	T	A	V	L	I	F	Y	W	H	M	C	P
0	0.02868	0.02068	0.02235	0.01739	0.02338	0.02281	0.01428	0.55186	0.10368	0.08343	0.02070	0.02018	0.01466	0.00946	0.00777	0.00236	0.00816	0.00722	0.00788	0.01309
1	0.58225	0.01683	0.05886	0.01184	0.01711	0.01719	0.01043	0.08102	0.01646	0.06401	0.05166	0.01668	0.01322	0.00802	0.00563	0.00240	0.00649	0.00530	0.00540	0.00920
2	0.01578	0.01376	0.01752	0.01308	0.01932	0.01104	0.05297	0.02015	0.04806	0.02509	0.01745	0.08194	0.01576	0.00774	0.00646	0.00151	0.00615	0.00671	0.00495	0.61458
3	0.01470	0.01086	0.01304	0.01265	0.01505	0.01078	0.00940	0.15474	0.01995	0.02698	0.03461	0.46041	0.03873	0.01907	0.00909	0.00281	0.00568	0.05587	0.00708	0.07850
4	0.01608	0.01378	0.01608	0.01148	0.01837	0.01034	0.00919	0.01952	0.01608	0.02527	0.01378	0.01608	0.01148	0.00574	0.00574	0.00115	0.00574	0.00459	0.00459	0.77491
5	0.01608	0.01378	0.01608	0.01148	0.01837	0.01034	0.00919	0.01952	0.01608	0.02527	0.01378	0.01608	0.01148	0.00574	0.00574	0.00115	0.00574	0.00459	0.00459	0.77491
6	0.01608	0.01378	0.01608	0.01148	0.01837	0.01034	0.00919	0.01952	0.01608	0.02527	0.01378	0.01608	0.01148	0.00574	0.00574	0.00115	0.00574	0.00459	0.00459	0.77491
7	0.01108	0.00831	0.01246	0.01246	0.01385	0.00969	0.00969	0.01385	0.01246	0.01800	0.02077	0.03046	0.01938	0.05815	0.69678	0.01246	0.02077	0.00831	0.00415	0.00692
8	0.02803	0.02100	0.02246	0.01755	0.02349	0.02337	0.01439	0.56644	0.12566	0.04653	0.02045	0.02008	0.01467	0.00948	0.00778	0.00237	0.00819	0.00723	0.00778	0.01306
9	0.01752	0.01374	0.01623	0.01166	0.01848	0.01042	0.00936	0.02093	0.01655	0.07595	0.01507	0.01687	0.01208	0.00604	0.00590	0.00124	0.00581	0.00484	0.00498	0.71635

[dist]
# distance from previous block
# <min> <max>
0	0

# created by:
# /st0/software/busco_prod/Augustus/scripts/msa2prfl.pl ./align_prep/135578.fa
