[name]
unknown

[dist]
# distance from previous block
# <min> <max>
0	27

[block]
# block no. 0 follows, 26 sequences, length 40
# corresponding to MSA columns:
# 27-66
name=unknown_A
#
# <colnr> <probs for GDERKNQSTAVLIFYWHMCP>
#	G	D	E	R	K	N	Q	S	T	A	V	L	I	F	Y	W	H	M	C	P
0	0.01198	0.00855	0.01194	0.01369	0.01532	0.00852	0.01179	0.01529	0.01722	0.02242	0.04030	0.13890	0.04419	0.02119	0.01041	0.00346	0.00677	0.58416	0.00699	0.00692
1	0.01100	0.00817	0.01043	0.01025	0.01211	0.00762	0.00765	0.01478	0.04578	0.02723	0.44100	0.19016	0.08239	0.01697	0.00899	0.00255	0.00414	0.05102	0.00777	0.03997
2	0.05656	0.01813	0.01980	0.05537	0.02294	0.02032	0.01337	0.35349	0.22880	0.03847	0.02146	0.02163	0.01593	0.01133	0.03880	0.00279	0.00806	0.00722	0.00700	0.03854
3	0.50097	0.01432	0.01372	0.03632	0.01764	0.01569	0.00975	0.02750	0.07353	0.19985	0.01737	0.01743	0.01228	0.00794	0.00581	0.00237	0.00618	0.00549	0.00610	0.00975
4	0.01877	0.01802	0.03079	0.04656	0.68612	0.01802	0.02328	0.02328	0.01727	0.02478	0.01427	0.01877	0.01201	0.00676	0.00751	0.00225	0.00901	0.00676	0.00375	0.01201
5	0.01432	0.01348	0.02275	0.71520	0.05224	0.01685	0.02107	0.01938	0.01517	0.01938	0.01348	0.02022	0.01011	0.00758	0.00758	0.00253	0.01011	0.00674	0.00337	0.00843
6	0.00935	0.00697	0.00874	0.01010	0.01109	0.00636	0.00704	0.01093	0.01532	0.01981	0.04970	0.54285	0.19405	0.02257	0.00956	0.00299	0.00442	0.05486	0.00704	0.00626
7	0.03403	0.01291	0.01760	0.01350	0.01936	0.01115	0.01115	0.03697	0.02171	0.69137	0.02992	0.02582	0.01878	0.00939	0.00763	0.00235	0.00645	0.00763	0.00939	0.01291
8	0.02028	0.73799	0.03975	0.01298	0.01947	0.03001	0.01298	0.02271	0.01541	0.01785	0.01055	0.01217	0.00973	0.00649	0.00487	0.00162	0.00811	0.00406	0.00324	0.00973
9	0.01120	0.00808	0.00966	0.00967	0.01175	0.00739	0.00746	0.01365	0.01762	0.04899	0.19645	0.06561	0.31807	0.08783	0.04152	0.00354	0.00547	0.12221	0.00706	0.00677
10	0.75283	0.01497	0.01167	0.01031	0.01507	0.01731	0.00849	0.05108	0.01393	0.03465	0.01091	0.01259	0.00843	0.00713	0.00482	0.00234	0.00598	0.00423	0.00482	0.00843
11	0.01084	0.00813	0.01219	0.01219	0.01354	0.00948	0.00948	0.01354	0.01219	0.01761	0.02032	0.02980	0.01896	0.05689	0.70337	0.01219	0.02032	0.00813	0.00406	0.00677
12	0.01478	0.01395	0.02358	0.64658	0.11729	0.01697	0.02129	0.01978	0.01538	0.01993	0.01356	0.02007	0.01031	0.00750	0.00758	0.00250	0.01000	0.00674	0.00341	0.00879
13	0.08437	0.01174	0.01410	0.01251	0.01623	0.01173	0.00986	0.02750	0.15812	0.24499	0.15561	0.12446	0.03441	0.01307	0.00809	0.00256	0.00553	0.04710	0.00800	0.01002
14	0.01103	0.00735	0.00827	0.00827	0.00827	0.00735	0.00460	0.01103	0.01103	0.01471	0.02390	0.04964	0.02758	0.73343	0.03861	0.00735	0.00735	0.01103	0.00460	0.00460
15	0.02829	0.02098	0.02246	0.01734	0.02331	0.02327	0.01429	0.62690	0.07048	0.04692	0.01890	0.01876	0.01346	0.00917	0.00759	0.00229	0.00822	0.00692	0.00759	0.01285
16	0.35245	0.01379	0.01485	0.01208	0.01739	0.01395	0.00994	0.03089	0.04496	0.38550	0.02176	0.02020	0.01448	0.00843	0.00639	0.00236	0.00619	0.00618	0.00733	0.01088
17	0.02883	0.02125	0.02276	0.01745	0.02352	0.02352	0.01442	0.66082	0.03566	0.04780	0.01821	0.01821	0.01290	0.00911	0.00759	0.00228	0.00835	0.00683	0.00759	0.01290
18	0.01222	0.00873	0.01222	0.01397	0.01572	0.00873	0.01222	0.01572	0.01746	0.02270	0.04016	0.08556	0.04365	0.02095	0.01048	0.00349	0.00698	0.63506	0.00698	0.00698
19	0.01202	0.00866	0.01194	0.01357	0.01537	0.00858	0.01181	0.01541	0.01745	0.02256	0.04248	0.08476	0.08414	0.02084	0.01038	0.00343	0.00679	0.59586	0.00699	0.00695
20	0.00931	0.00665	0.00886	0.01052	0.01102	0.00620	0.00705	0.01072	0.01482	0.01984	0.06959	0.69933	0.05110	0.02341	0.00965	0.00305	0.00436	0.02122	0.00710	0.00620
21	0.00924	0.00660	0.00880	0.01056	0.01100	0.00616	0.00704	0.01056	0.01452	0.01936	0.04181	0.72848	0.05017	0.02376	0.00968	0.00308	0.00440	0.02156	0.00704	0.00616
22	0.02003	0.01687	0.01780	0.01567	0.02017	0.01941	0.01229	0.11255	0.59828	0.03360	0.02940	0.02712	0.02196	0.01015	0.00770	0.00254	0.00628	0.00837	0.00770	0.01211
23	0.01309	0.00813	0.01068	0.01057	0.01251	0.00745	0.00796	0.01586	0.01898	0.10381	0.33512	0.24075	0.09475	0.01777	0.00913	0.00268	0.00446	0.07089	0.00791	0.00750
24	0.01084	0.00813	0.01219	0.01219	0.01354	0.00948	0.00948	0.01354	0.01219	0.01761	0.02032	0.02980	0.01896	0.05689	0.70337	0.01219	0.02032	0.00813	0.00406	0.00677
25	0.74052	0.01456	0.01155	0.01019	0.01496	0.01665	0.00840	0.02320	0.01345	0.07462	0.01176	0.01316	0.00887	0.00719	0.00488	0.00235	0.00590	0.00432	0.00498	0.00850
26	0.78701	0.01467	0.01115	0.00997	0.01467	0.01702	0.00821	0.02230	0.01291	0.03403	0.01056	0.01232	0.00821	0.00704	0.00469	0.00235	0.00587	0.00411	0.00469	0.00821
27	0.01086	0.00805	0.01178	0.01178	0.01300	0.00926	0.00897	0.01328	0.01207	0.01731	0.02069	0.03187	0.01986	0.12741	0.63408	0.01169	0.01897	0.00843	0.00412	0.00655
28	0.00958	0.00684	0.00919	0.01095	0.01153	0.00645	0.00763	0.01114	0.01485	0.01974	0.04162	0.65581	0.04943	0.02345	0.00977	0.00313	0.00469	0.09091	0.00703	0.00625
29	0.01414	0.00707	0.00707	0.00707	0.00884	0.00707	0.00530	0.01767	0.01591	0.02828	0.02474	0.02828	0.01944	0.00884	0.00530	0.00177	0.00353	0.00707	0.77554	0.00707
30	0.02311	0.01305	0.01585	0.01319	0.01751	0.01306	0.01051	0.10091	0.16763	0.27506	0.22390	0.03474	0.03488	0.01139	0.00804	0.00240	0.00571	0.00957	0.00850	0.01099
31	0.01262	0.00893	0.01189	0.01277	0.01454	0.00890	0.01056	0.05207	0.01821	0.02408	0.11798	0.14620	0.06679	0.02018	0.01116	0.05111	0.00622	0.39181	0.00697	0.00701
32	0.01557	0.01345	0.02242	0.67077	0.05016	0.01649	0.02044	0.02049	0.01558	0.06193	0.01452	0.02058	0.01066	0.00770	0.00759	0.00252	0.00988	0.00680	0.00375	0.00871
33	0.56891	0.01385	0.01248	0.01069	0.01540	0.01511	0.00869	0.02506	0.01484	0.18517	0.01580	0.01755	0.01175	0.04851	0.00728	0.00263	0.00609	0.00531	0.00578	0.00910
34	0.01285	0.01048	0.01607	0.01457	0.01652	0.01216	0.05679	0.05119	0.01387	0.01984	0.01895	0.02734	0.01731	0.04681	0.55580	0.01018	0.07961	0.00798	0.00418	0.00750
35	0.01511	0.01472	0.02272	0.63925	0.04887	0.04874	0.02049	0.01981	0.01523	0.01927	0.01318	0.01969	0.01009	0.00795	0.00865	0.00255	0.05520	0.00665	0.00339	0.00843
36	0.01089	0.00793	0.01118	0.01118	0.01219	0.00893	0.00823	0.01290	0.01189	0.01686	0.02124	0.03490	0.02118	0.23076	0.53253	0.01095	0.01699	0.00887	0.00420	0.00621
37	0.01204	0.00808	0.01111	0.01203	0.01331	0.00800	0.00973	0.01404	0.01609	0.02138	0.12715	0.06710	0.04091	0.09774	0.01647	0.13275	0.00646	0.37316	0.00631	0.00614
38	0.01801	0.02237	0.10388	0.02778	0.05502	0.07478	0.43542	0.02481	0.05622	0.02434	0.04423	0.04405	0.01560	0.00777	0.00850	0.00249	0.01153	0.00879	0.00429	0.01011
39	0.01670	0.01611	0.02800	0.34923	0.35842	0.01756	0.06150	0.02157	0.01635	0.02230	0.01398	0.01954	0.01112	0.00711	0.00763	0.00240	0.00974	0.00689	0.00359	0.01028

[dist]
# distance from previous block
# <min> <max>
0	2

[block]
# block no. 1 follows, 26 sequences, length 10
# corresponding to MSA columns:
# 69-78
name=unknown_B
#
# <colnr> <probs for GDERKNQSTAVLIFYWHMCP>
#	G	D	E	R	K	N	Q	S	T	A	V	L	I	F	Y	W	H	M	C	P
0	0.01872	0.06552	0.17311	0.02677	0.03461	0.01904	0.41354	0.02489	0.01740	0.07660	0.01564	0.01933	0.01153	0.00710	0.00895	0.00249	0.04238	0.00778	0.00409	0.01053
1	0.00924	0.00660	0.00880	0.01056	0.01100	0.00616	0.00704	0.01056	0.01452	0.01936	0.04181	0.72848	0.05017	0.02376	0.00968	0.00308	0.00440	0.02156	0.00704	0.00616
2	0.01736	0.02336	0.19505	0.09045	0.33687	0.01808	0.16130	0.02337	0.01693	0.02406	0.01428	0.01858	0.01117	0.00685	0.00775	0.00238	0.01045	0.00695	0.00361	0.01115
3	0.01270	0.00854	0.01079	0.01102	0.01270	0.00817	0.00802	0.06483	0.01842	0.06445	0.18055	0.42155	0.08680	0.01957	0.00922	0.00281	0.00472	0.04029	0.00751	0.00736
4	0.03115	0.01694	0.12122	0.01474	0.02143	0.01214	0.01373	0.03498	0.02084	0.58916	0.02743	0.02432	0.01737	0.00905	0.00756	0.00236	0.00718	0.00732	0.00844	0.01265
5	0.03403	0.01291	0.01760	0.01350	0.01936	0.01115	0.01115	0.03697	0.02171	0.69137	0.02992	0.02582	0.01878	0.00939	0.00763	0.00235	0.00645	0.00763	0.00939	0.01291
6	0.01576	0.03103	0.43406	0.02431	0.03382	0.01749	0.24037	0.02335	0.01673	0.02391	0.01789	0.02085	0.04954	0.00763	0.00790	0.00246	0.01131	0.00735	0.00364	0.01060
7	0.02554	0.08077	0.07960	0.06051	0.02556	0.45091	0.01592	0.10436	0.04631	0.02301	0.01340	0.01525	0.01065	0.00791	0.00690	0.00207	0.01195	0.00537	0.00435	0.00965
8	0.01756	0.02285	0.12754	0.03065	0.03877	0.01898	0.57819	0.02426	0.01766	0.02426	0.01512	0.01989	0.01127	0.00650	0.00873	0.00254	0.01259	0.00852	0.00376	0.01036
9	0.02103	0.30894	0.05122	0.07451	0.02364	0.12805	0.01428	0.07050	0.18956	0.02392	0.01691	0.01783	0.01349	0.00798	0.00641	0.00207	0.00870	0.00583	0.00481	0.01033

[dist]
# distance from previous block
# <min> <max>
3	8

# created by:
# /st0/software/busco_prod/Augustus/scripts/msa2prfl.pl ./align_prep/135640.fa
