[name]
unknown

[dist]
# distance from previous block
# <min> <max>
4	96

[block]
# block no. 0 follows, 23 sequences, length 8
# corresponding to MSA columns:
# 97-104
name=unknown_A
#
# <colnr> <probs for GDERKNQSTAVLIFYWHMCP>
#	G	D	E	R	K	N	Q	S	T	A	V	L	I	F	Y	W	H	M	C	P
0	0.35538	0.06543	0.01777	0.01363	0.01914	0.16378	0.01098	0.02582	0.01716	0.06199	0.01333	0.01504	0.01055	0.00747	0.00592	0.00208	0.00825	0.00486	0.00495	0.17649
1	0.01467	0.00796	0.00878	0.00919	0.01108	0.00796	0.00731	0.01844	0.01738	0.02893	0.03011	0.04378	0.02652	0.01232	0.00689	0.00230	0.00460	0.14051	0.59372	0.00754
2	0.02369	0.33865	0.06366	0.01605	0.02224	0.14090	0.01456	0.15982	0.02265	0.02693	0.02082	0.02167	0.07845	0.00925	0.00680	0.00210	0.00947	0.00656	0.00504	0.01070
3	0.01118	0.00761	0.00903	0.00964	0.00980	0.00745	0.00576	0.01164	0.01301	0.01735	0.03178	0.26597	0.03734	0.49127	0.03127	0.00638	0.00684	0.01545	0.00576	0.00546
4	0.02400	0.01828	0.01871	0.01571	0.02006	0.06096	0.01212	0.24567	0.20408	0.08382	0.02519	0.03029	0.02065	0.16574	0.01544	0.00371	0.00819	0.00876	0.00735	0.01129
5	0.01641	0.01592	0.02909	0.08152	0.08193	0.01527	0.25721	0.04607	0.01833	0.02512	0.02446	0.22473	0.02451	0.01252	0.00913	0.00270	0.00946	0.01259	0.00531	0.08771
6	0.01609	0.01374	0.04099	0.01677	0.02130	0.01201	0.11931	0.02138	0.05465	0.06778	0.15392	0.09252	0.05551	0.01417	0.00919	0.00269	0.00737	0.14321	0.00683	0.13058
7	0.02879	0.01566	0.01885	0.01516	0.02057	0.01574	0.01227	0.16878	0.13915	0.32997	0.11697	0.03090	0.02741	0.01106	0.00836	0.00254	0.00684	0.00906	0.00914	0.01278

[dist]
# distance from previous block
# <min> <max>
0	4

[block]
# block no. 1 follows, 23 sequences, length 30
# corresponding to MSA columns:
# 109-138
name=unknown_B
#
# <colnr> <probs for GDERKNQSTAVLIFYWHMCP>
#	G	D	E	R	K	N	Q	S	T	A	V	L	I	F	Y	W	H	M	C	P
0	0.05029	0.06392	0.11679	0.05180	0.02698	0.05707	0.04540	0.32589	0.02740	0.03762	0.01724	0.01916	0.01284	0.00918	0.00876	0.00246	0.05094	0.00685	0.05757	0.01187
1	0.01015	0.00808	0.00913	0.00940	0.01155	0.00706	0.00696	0.01251	0.01887	0.02389	0.18764	0.18301	0.41864	0.02068	0.00978	0.00284	0.00429	0.04074	0.00781	0.00699
2	0.02294	0.01756	0.01977	0.01465	0.02155	0.01632	0.01192	0.25607	0.02520	0.06141	0.01705	0.01827	0.01302	0.00759	0.00690	0.00172	0.00716	0.00589	0.00628	0.44873
3	0.02058	0.01514	0.01907	0.01384	0.02092	0.01222	0.04157	0.05585	0.01901	0.12305	0.01739	0.01882	0.01332	0.00684	0.00662	0.00154	0.00668	0.00567	0.00572	0.57614
4	0.03085	0.02273	0.02435	0.01867	0.02516	0.02516	0.01542	0.63716	0.03815	0.05114	0.01948	0.01948	0.01380	0.00974	0.00812	0.00244	0.00893	0.00731	0.00812	0.01380
5	0.01749	0.01740	0.02480	0.09302	0.02498	0.02413	0.01826	0.01966	0.01283	0.01966	0.01105	0.01817	0.01067	0.01355	0.02466	0.00346	0.62665	0.00711	0.00356	0.00889
6	0.01513	0.00756	0.00756	0.00756	0.00945	0.00756	0.00567	0.01891	0.01702	0.03025	0.02647	0.03025	0.02080	0.00945	0.00567	0.00189	0.00378	0.00756	0.75988	0.00756
7	0.00986	0.00715	0.00932	0.01106	0.01171	0.00661	0.00742	0.01133	0.01577	0.02081	0.04767	0.65982	0.10148	0.02504	0.01030	0.00325	0.00466	0.02260	0.00753	0.00661
8	0.01913	0.01992	0.02715	0.08886	0.02836	0.10734	0.13683	0.05253	0.01716	0.02268	0.01697	0.10264	0.01635	0.01254	0.01604	0.00303	0.28938	0.00930	0.00446	0.00933
9	0.01775	0.01775	0.02485	0.02130	0.02130	0.02485	0.01775	0.01953	0.01243	0.01953	0.01065	0.01775	0.01065	0.01420	0.02663	0.00355	0.69998	0.00710	0.00355	0.00888
10	0.01627	0.04197	0.67279	0.02313	0.03512	0.01884	0.02998	0.02570	0.01713	0.02570	0.01456	0.01713	0.01028	0.00771	0.00771	0.00257	0.01199	0.00600	0.00343	0.01199
11	0.02107	0.64159	0.11518	0.01495	0.02247	0.03058	0.01574	0.02446	0.01656	0.01985	0.01166	0.01349	0.01040	0.00703	0.00550	0.00183	0.00906	0.00453	0.00347	0.01060
12	0.02964	0.02022	0.02228	0.01727	0.02321	0.02186	0.01412	0.50415	0.03438	0.12322	0.05618	0.02416	0.01866	0.04062	0.00964	0.00269	0.00836	0.00800	0.00826	0.01308
13	0.01206	0.00866	0.01143	0.01239	0.01398	0.00842	0.00974	0.01542	0.04198	0.02477	0.17520	0.22698	0.09393	0.02169	0.01166	0.04884	0.00573	0.24230	0.00759	0.00722
14	0.01148	0.00829	0.01085	0.01021	0.01212	0.00766	0.00766	0.01531	0.02297	0.03254	0.65994	0.06061	0.07656	0.01659	0.00957	0.00255	0.00383	0.01467	0.00893	0.00766
15	0.01627	0.04197	0.67279	0.02313	0.03512	0.01884	0.02998	0.02570	0.01713	0.02570	0.01456	0.01713	0.01028	0.00771	0.00771	0.00257	0.01199	0.00600	0.00343	0.01199
16	0.01004	0.00712	0.00937	0.01111	0.01154	0.00669	0.00733	0.01134	0.01524	0.02032	0.04321	0.65785	0.05176	0.07971	0.01279	0.00366	0.00496	0.02218	0.00733	0.00646
17	0.01915	0.02189	0.04788	0.03420	0.04241	0.02052	0.63475	0.02599	0.01915	0.02599	0.01642	0.02189	0.01231	0.00684	0.00958	0.00274	0.01368	0.00958	0.00410	0.01094
18	0.03323	0.01492	0.01903	0.01503	0.02102	0.01409	0.01227	0.07149	0.13524	0.52449	0.03154	0.02766	0.02059	0.01020	0.00817	0.00255	0.00692	0.00830	0.00962	0.01364
19	0.01003	0.00728	0.00947	0.01094	0.01174	0.00672	0.00744	0.01175	0.01655	0.02205	0.11250	0.59144	0.10390	0.02411	0.01021	0.00317	0.00457	0.02172	0.00768	0.00672
20	0.01934	0.01429	0.01571	0.01361	0.01778	0.01484	0.01088	0.19365	0.13603	0.07029	0.11060	0.04957	0.22938	0.01498	0.00897	0.00269	0.00622	0.05271	0.00811	0.01036
21	0.01382	0.03785	0.01717	0.01629	0.05459	0.01385	0.01197	0.01635	0.01363	0.01972	0.02004	0.06422	0.01973	0.09369	0.37379	0.00867	0.14045	0.00893	0.00439	0.05084
22	0.02748	0.02519	0.02334	0.08290	0.02716	0.19929	0.01591	0.34908	0.02973	0.03708	0.04870	0.02034	0.01558	0.00983	0.00909	0.00244	0.05180	0.00710	0.00641	0.01157
23	0.01905	0.09522	0.16114	0.02921	0.08808	0.02095	0.33470	0.04419	0.05327	0.02629	0.01733	0.04181	0.01380	0.00794	0.00856	0.00259	0.01170	0.00851	0.00436	0.01130
24	0.06524	0.02013	0.03869	0.03368	0.17251	0.01943	0.38567	0.02700	0.05318	0.05553	0.01739	0.02154	0.01323	0.00731	0.00873	0.00260	0.01144	0.00853	0.00465	0.03352
25	0.01810	0.02128	0.08285	0.07083	0.07330	0.02016	0.39559	0.02386	0.01758	0.02443	0.01663	0.05525	0.01393	0.00906	0.01194	0.00286	0.11842	0.00935	0.00411	0.01047
26	0.06133	0.11563	0.08244	0.02601	0.03334	0.05326	0.35067	0.02575	0.01819	0.04916	0.01528	0.01923	0.01182	0.00751	0.00921	0.00249	0.05086	0.00766	0.00426	0.05591
27	0.20589	0.02128	0.01834	0.01658	0.04923	0.15644	0.01250	0.21550	0.02436	0.03599	0.04190	0.02025	0.01538	0.00903	0.00688	0.00230	0.00851	0.00649	0.12271	0.01043
28	0.01418	0.06007	0.01870	0.01565	0.01702	0.01618	0.01275	0.01671	0.01309	0.01907	0.01760	0.02623	0.01664	0.04278	0.43405	0.00934	0.23002	0.00790	0.00404	0.00796
29	0.01611	0.01523	0.02576	0.58842	0.15664	0.01824	0.02293	0.02142	0.01660	0.02169	0.01456	0.02138	0.01115	0.00797	0.00810	0.00266	0.01062	0.00721	0.00367	0.00965

[dist]
# distance from previous block
# <min> <max>
0	4

[block]
# block no. 2 follows, 23 sequences, length 25
# corresponding to MSA columns:
# 143-167
name=unknown_C
#
# <colnr> <probs for GDERKNQSTAVLIFYWHMCP>
#	G	D	E	R	K	N	Q	S	T	A	V	L	I	F	Y	W	H	M	C	P
0	0.00989	0.00706	0.00942	0.01130	0.01177	0.00659	0.00753	0.01130	0.01554	0.02071	0.04472	0.70954	0.05367	0.02542	0.01036	0.00330	0.00471	0.02307	0.00753	0.00659
1	0.01124	0.00792	0.01032	0.01080	0.01138	0.00826	0.00724	0.01252	0.01315	0.01799	0.02928	0.21492	0.03280	0.33155	0.23569	0.00833	0.01143	0.01371	0.00541	0.00608
2	0.01164	0.00850	0.01206	0.01206	0.01317	0.00961	0.00892	0.01386	0.01275	0.01811	0.02263	0.03682	0.02243	0.21330	0.53317	0.01183	0.01850	0.00942	0.00448	0.00670
3	0.01532	0.01442	0.02434	0.69533	0.05589	0.01803	0.02253	0.02073	0.01622	0.02073	0.01442	0.02163	0.01082	0.00811	0.00811	0.00270	0.01082	0.00721	0.00361	0.00901
4	0.01513	0.00756	0.00756	0.00756	0.00945	0.00756	0.00567	0.01891	0.01702	0.03025	0.02647	0.03025	0.02080	0.00945	0.00567	0.00189	0.00378	0.00756	0.75988	0.00756
5	0.01430	0.00938	0.01146	0.01080	0.01351	0.00868	0.00841	0.01855	0.05266	0.09505	0.33086	0.06197	0.21446	0.01694	0.00937	0.00269	0.00469	0.07063	0.03728	0.00832
6	0.01295	0.01120	0.04112	0.01196	0.01466	0.01002	0.00956	0.04265	0.09061	0.02897	0.30602	0.17624	0.14729	0.01780	0.00951	0.00279	0.00507	0.04518	0.00804	0.00835
7	0.73429	0.01605	0.01256	0.01108	0.01618	0.01856	0.00913	0.05518	0.01505	0.03716	0.01172	0.01350	0.00904	0.00765	0.00518	0.00251	0.00641	0.00454	0.00518	0.00904
8	0.02008	0.01928	0.03294	0.04981	0.66422	0.01928	0.02490	0.02490	0.01848	0.02651	0.01526	0.02008	0.01285	0.00723	0.00803	0.00241	0.00964	0.00723	0.00402	0.01285
9	0.02205	0.01927	0.02901	0.12092	0.42844	0.04374	0.02187	0.08629	0.05087	0.07259	0.01748	0.02102	0.01368	0.00800	0.00804	0.00246	0.00956	0.00732	0.00499	0.01241
10	0.02617	0.06094	0.27533	0.01816	0.02657	0.01693	0.01930	0.05955	0.07548	0.30395	0.02371	0.02267	0.01591	0.00905	0.00784	0.00251	0.00902	0.00717	0.00689	0.01285
11	0.77215	0.01569	0.01193	0.01067	0.01569	0.01820	0.00879	0.02385	0.01381	0.03641	0.01130	0.01318	0.00879	0.00753	0.00502	0.00251	0.00628	0.00439	0.00502	0.00879
12	0.01861	0.02044	0.04256	0.03399	0.11364	0.01969	0.49285	0.02462	0.01852	0.02541	0.01781	0.06521	0.01493	0.00842	0.01025	0.00277	0.04517	0.01004	0.00429	0.01080
13	0.01810	0.01726	0.02936	0.31814	0.41134	0.01876	0.02392	0.02317	0.01754	0.02411	0.01491	0.02073	0.01201	0.00760	0.00807	0.00253	0.01013	0.00722	0.00385	0.01126
14	0.01409	0.00705	0.01057	0.01057	0.01057	0.00705	0.00705	0.01057	0.01057	0.01409	0.01409	0.02467	0.01409	0.02819	0.03171	0.76392	0.00705	0.00705	0.00352	0.00352
15	0.01513	0.00756	0.00756	0.00756	0.00945	0.00756	0.00567	0.01891	0.01702	0.03025	0.02647	0.03025	0.02080	0.00945	0.00567	0.00189	0.00378	0.00756	0.75988	0.00756
16	0.77215	0.01569	0.01193	0.01067	0.01569	0.01820	0.00879	0.02385	0.01381	0.03641	0.01130	0.01318	0.00879	0.00753	0.00502	0.00251	0.00628	0.00439	0.00502	0.00879
17	0.02904	0.03061	0.02196	0.01892	0.02362	0.40790	0.01465	0.22461	0.02728	0.03085	0.01609	0.01767	0.01251	0.00891	0.00742	0.00218	0.01178	0.00611	0.07726	0.01064
18	0.01101	0.00820	0.01023	0.00988	0.01187	0.00743	0.00735	0.01433	0.02161	0.02968	0.50608	0.10535	0.19115	0.01794	0.00962	0.00264	0.00394	0.01569	0.00857	0.00743
19	0.01683	0.01442	0.01683	0.01202	0.01923	0.01082	0.00961	0.02043	0.01683	0.02644	0.01442	0.01683	0.01202	0.00601	0.00601	0.00120	0.00601	0.00481	0.00481	0.76444
20	0.01409	0.00705	0.01057	0.01057	0.01057	0.00705	0.00705	0.01057	0.01057	0.01409	0.01409	0.02467	0.01409	0.02819	0.03171	0.76392	0.00705	0.00705	0.00352	0.00352
21	0.02071	0.01725	0.02218	0.05321	0.09565	0.01894	0.05741	0.08649	0.36759	0.06064	0.02882	0.05883	0.02311	0.01120	0.00854	0.00275	0.00770	0.03958	0.00728	0.01212
22	0.05237	0.02370	0.23801	0.01858	0.02636	0.01542	0.06066	0.03177	0.06872	0.28571	0.04849	0.02748	0.01953	0.00982	0.00819	0.00262	0.00892	0.03447	0.00695	0.01223
23	0.01843	0.01545	0.02368	0.02628	0.23494	0.01388	0.06412	0.02258	0.01871	0.07119	0.09850	0.05936	0.02306	0.00906	0.00778	0.00209	0.00755	0.00838	0.00550	0.26947
24	0.01986	0.22823	0.26173	0.02402	0.11259	0.02387	0.05273	0.07711	0.01860	0.02555	0.01388	0.01684	0.01110	0.00815	0.00888	0.00240	0.07294	0.00608	0.00397	0.01147

[dist]
# distance from previous block
# <min> <max>
9	13

[block]
# block no. 3 follows, 23 sequences, length 36
# corresponding to MSA columns:
# 183-218
name=unknown_D
#
# <colnr> <probs for GDERKNQSTAVLIFYWHMCP>
#	G	D	E	R	K	N	Q	S	T	A	V	L	I	F	Y	W	H	M	C	P
0	0.01887	0.01376	0.01719	0.01597	0.03808	0.05967	0.06216	0.09275	0.02060	0.10962	0.06203	0.31871	0.03490	0.01637	0.00899	0.00277	0.00697	0.01457	0.07675	0.00927
1	0.01848	0.02069	0.04396	0.03192	0.03910	0.01993	0.55489	0.02465	0.01848	0.02524	0.01781	0.06467	0.01479	0.00849	0.01075	0.00282	0.05826	0.01026	0.00428	0.01054
2	0.01832	0.01519	0.01820	0.07630	0.02280	0.01403	0.01181	0.12649	0.02032	0.02933	0.02080	0.06452	0.05063	0.00919	0.00783	0.00186	0.03345	0.00738	0.00554	0.44601
3	0.02788	0.02097	0.02276	0.01726	0.02391	0.02213	0.01420	0.50680	0.03364	0.04592	0.01841	0.01892	0.01342	0.00895	0.00767	0.00217	0.00831	0.00678	0.00742	0.17246
4	0.02311	0.05491	0.01949	0.01687	0.07764	0.01802	0.01235	0.30164	0.02676	0.03881	0.02141	0.02345	0.01630	0.00924	0.00698	0.00218	0.00694	0.00724	0.30561	0.01105
5	0.01161	0.07310	0.01255	0.01131	0.01264	0.00930	0.00821	0.01338	0.01585	0.02111	0.04107	0.48977	0.07462	0.06554	0.01159	0.00337	0.00540	0.06404	0.04857	0.00697
6	0.01863	0.01560	0.01777	0.01318	0.02004	0.01328	0.01055	0.08709	0.08429	0.02979	0.01687	0.01849	0.01352	0.00691	0.00646	0.00149	0.00636	0.00552	0.00551	0.60866
7	0.01918	0.01420	0.01723	0.06722	0.02175	0.01225	0.01098	0.07372	0.01911	0.08731	0.01904	0.06070	0.01586	0.00824	0.00679	0.00172	0.00651	0.00679	0.05291	0.47851
8	0.01359	0.01765	0.19103	0.01378	0.01863	0.01081	0.01381	0.01883	0.02117	0.05303	0.43388	0.04845	0.08484	0.01413	0.00901	0.00256	0.00617	0.01220	0.00741	0.00902
9	0.01554	0.01464	0.02472	0.66627	0.08328	0.01808	0.02264	0.02092	0.01633	0.02099	0.01446	0.02156	0.01091	0.00807	0.00811	0.00269	0.01076	0.00721	0.00362	0.00919
10	0.03031	0.03867	0.02299	0.02090	0.02508	0.68226	0.01568	0.03240	0.02299	0.01986	0.01254	0.01463	0.01045	0.00836	0.00732	0.00209	0.01463	0.00523	0.00418	0.00941
11	0.01683	0.01442	0.01683	0.01202	0.01923	0.01082	0.00961	0.02043	0.01683	0.02644	0.01442	0.01683	0.01202	0.00601	0.00601	0.00120	0.00601	0.00481	0.00481	0.76444
12	0.01180	0.00787	0.00885	0.00885	0.00885	0.00787	0.00492	0.01180	0.01180	0.01573	0.02557	0.05310	0.02950	0.71483	0.04130	0.00787	0.00787	0.01180	0.00492	0.00492
13	0.01964	0.01883	0.03214	0.10935	0.60810	0.01916	0.02468	0.02452	0.01827	0.02598	0.01519	0.02023	0.01267	0.00731	0.00804	0.00244	0.00975	0.00723	0.00398	0.01250
14	0.02904	0.01218	0.01647	0.01319	0.01817	0.01066	0.01066	0.03238	0.02315	0.48143	0.21764	0.03737	0.03678	0.01198	0.00858	0.00252	0.00600	0.01009	0.00971	0.01199
15	0.01989	0.01663	0.01993	0.01748	0.08693	0.01503	0.01249	0.12943	0.07904	0.03140	0.01710	0.01886	0.01359	0.00724	0.00679	0.00168	0.00693	0.00589	0.00562	0.48807
16	0.16240	0.09530	0.12936	0.01864	0.06337	0.07275	0.01621	0.18370	0.05016	0.06363	0.02044	0.02128	0.05110	0.00916	0.00721	0.00241	0.00892	0.00679	0.00580	0.01137
17	0.01953	0.02129	0.09218	0.06995	0.56230	0.01924	0.04692	0.02486	0.01830	0.02621	0.01521	0.01993	0.01252	0.00729	0.00806	0.00245	0.01004	0.00720	0.00395	0.01257
18	0.01752	0.01454	0.01948	0.01749	0.04290	0.01485	0.07596	0.02881	0.26044	0.05241	0.12273	0.07568	0.03341	0.01289	0.00881	0.00268	0.00691	0.08732	0.00731	0.09787
19	0.06298	0.46268	0.09836	0.01529	0.02211	0.04863	0.01518	0.02655	0.01736	0.11003	0.01446	0.01571	0.01165	0.00787	0.00694	0.00206	0.04162	0.00519	0.00448	0.01084
20	0.01900	0.02002	0.06890	0.10099	0.37821	0.01890	0.15623	0.02534	0.04669	0.02633	0.01673	0.02139	0.01332	0.00753	0.00826	0.00251	0.01034	0.00777	0.03977	0.01179
21	0.02547	0.19302	0.06070	0.01653	0.02293	0.08576	0.01451	0.17797	0.12606	0.10521	0.01975	0.01977	0.01482	0.00873	0.00715	0.00219	0.00868	0.00650	0.00631	0.07794
22	0.02878	0.02153	0.02411	0.02058	0.07259	0.02361	0.01567	0.55353	0.03531	0.04746	0.02067	0.06080	0.01611	0.01049	0.00824	0.00248	0.00873	0.00824	0.00777	0.01330
23	0.01725	0.11726	0.42430	0.02534	0.11971	0.01976	0.05763	0.02465	0.01779	0.02554	0.06306	0.02058	0.01576	0.00817	0.00769	0.00245	0.01074	0.00681	0.00397	0.01154
24	0.01501	0.00948	0.01421	0.08522	0.06543	0.00992	0.01045	0.04231	0.01359	0.01818	0.01779	0.09792	0.01793	0.02335	0.02405	0.50903	0.00747	0.00883	0.00422	0.00561
25	0.01673	0.01613	0.02814	0.49367	0.19789	0.01851	0.06929	0.02211	0.01698	0.02249	0.01477	0.02129	0.01141	0.00781	0.00820	0.00264	0.01076	0.00739	0.00374	0.01006
26	0.02186	0.05371	0.05724	0.19004	0.23537	0.06052	0.01995	0.10782	0.02116	0.08673	0.02048	0.02345	0.04858	0.00886	0.00796	0.00247	0.00965	0.00754	0.00518	0.01144
27	0.01339	0.08248	0.01461	0.01242	0.01477	0.01133	0.00985	0.06125	0.01864	0.02392	0.04592	0.32034	0.15747	0.02071	0.00972	0.00307	0.00599	0.15918	0.00714	0.00779
28	0.01798	0.02249	0.11749	0.02825	0.03569	0.01904	0.40866	0.02407	0.01787	0.02515	0.01682	0.05374	0.01388	0.00844	0.01059	0.00266	0.07555	0.00907	0.00421	0.08836
29	0.10413	0.14063	0.19044	0.05256	0.02537	0.08043	0.01717	0.11374	0.04314	0.02886	0.02187	0.02327	0.07409	0.00937	0.00715	0.00236	0.00922	0.00698	0.03864	0.01059
30	0.39190	0.07156	0.05182	0.01344	0.01902	0.06565	0.01167	0.05680	0.04788	0.13975	0.01718	0.01784	0.01258	0.00834	0.00620	0.00240	0.00747	0.00568	0.04250	0.01033
31	0.41529	0.04338	0.12674	0.03933	0.04609	0.01794	0.01413	0.05702	0.01737	0.07829	0.06295	0.01934	0.01550	0.00853	0.00644	0.00250	0.00761	0.00607	0.00543	0.01008
32	0.09670	0.12814	0.09000	0.07606	0.09128	0.02063	0.03859	0.10940	0.08732	0.05488	0.03941	0.02149	0.01592	0.00890	0.00790	0.00242	0.03296	0.00698	0.05996	0.01106
33	0.09699	0.18425	0.20884	0.08581	0.08134	0.06048	0.01936	0.05703	0.01850	0.04602	0.03985	0.03737	0.01466	0.00856	0.00709	0.00236	0.00967	0.00657	0.00449	0.01077
34	0.04560	0.02537	0.24318	0.21542	0.11444	0.01911	0.02285	0.09981	0.05929	0.02864	0.03853	0.02124	0.01432	0.00852	0.00791	0.00258	0.01016	0.00709	0.00467	0.01126
35	0.19607	0.05431	0.02677	0.05917	0.21630	0.01852	0.09723	0.02628	0.01789	0.12873	0.03891	0.02089	0.01484	0.00837	0.00834	0.00253	0.04129	0.00712	0.00530	0.01113

[dist]
# distance from previous block
# <min> <max>
9	45

[block]
# block no. 4 follows, 23 sequences, length 40
# corresponding to MSA columns:
# 266-305
name=unknown_E
#
# <colnr> <probs for GDERKNQSTAVLIFYWHMCP>
#	G	D	E	R	K	N	Q	S	T	A	V	L	I	F	Y	W	H	M	C	P
0	0.12148	0.06222	0.29741	0.01953	0.02748	0.04514	0.05694	0.04921	0.01833	0.12583	0.01770	0.04388	0.01348	0.00916	0.00881	0.00259	0.05754	0.00697	0.00506	0.01125
1	0.16186	0.05091	0.24333	0.08320	0.06720	0.06630	0.02005	0.09169	0.08826	0.03026	0.01626	0.01835	0.01217	0.00828	0.00725	0.00251	0.00981	0.00626	0.00486	0.01121
2	0.18445	0.04651	0.17205	0.13185	0.08108	0.06327	0.01862	0.02664	0.01779	0.12890	0.01763	0.02181	0.01339	0.00872	0.00733	0.00255	0.00944	0.03209	0.00513	0.01074
3	0.02131	0.14459	0.13652	0.06644	0.21943	0.04825	0.01994	0.07261	0.01991	0.08254	0.02094	0.02450	0.05223	0.00906	0.00767	0.00239	0.00945	0.02569	0.00497	0.01155
4	0.04681	0.02019	0.12907	0.01730	0.02317	0.01665	0.05735	0.17094	0.05993	0.03226	0.06542	0.14444	0.02450	0.01204	0.00885	0.00252	0.03119	0.01017	0.00626	0.12093
5	0.13282	0.02357	0.08324	0.04170	0.06343	0.15827	0.01557	0.10525	0.02129	0.09872	0.05358	0.02035	0.01583	0.00913	0.00864	0.00238	0.05702	0.00660	0.00563	0.07700
6	0.07854	0.06381	0.02018	0.04426	0.02179	0.05574	0.03351	0.10250	0.07821	0.12838	0.04420	0.09966	0.02219	0.01111	0.00777	0.00238	0.00758	0.03341	0.00669	0.13806
7	0.02292	0.01886	0.04648	0.02125	0.11501	0.01790	0.03624	0.26300	0.02564	0.06121	0.02040	0.08970	0.01736	0.00988	0.00784	0.00223	0.00806	0.00834	0.00640	0.20127
8	0.05271	0.19097	0.32430	0.02176	0.07618	0.06906	0.02216	0.10438	0.02006	0.02757	0.01422	0.01637	0.01090	0.00780	0.00707	0.00231	0.01061	0.00576	0.00420	0.01161
9	0.02288	0.01935	0.02000	0.01701	0.02160	0.06592	0.01358	0.20870	0.28696	0.03604	0.05111	0.02793	0.02177	0.01106	0.00951	0.00261	0.05950	0.02905	0.03115	0.04428
10	0.01420	0.00893	0.01243	0.01203	0.01329	0.00976	0.00894	0.05677	0.01410	0.02005	0.01887	0.02800	0.01739	0.04035	0.32406	0.31225	0.01361	0.00785	0.06088	0.00624
11	0.01630	0.01624	0.02948	0.51144	0.05089	0.01898	0.15526	0.02180	0.01663	0.02180	0.01463	0.02146	0.01113	0.00820	0.00954	0.00276	0.05260	0.00772	0.00371	0.00942
12	0.28852	0.09784	0.07974	0.04491	0.02438	0.15818	0.05763	0.06393	0.06584	0.02953	0.01444	0.01642	0.01126	0.00803	0.00663	0.00238	0.00964	0.00571	0.00485	0.01013
13	0.01852	0.01951	0.07511	0.08815	0.47241	0.01818	0.05900	0.02364	0.01800	0.02564	0.03645	0.02228	0.01511	0.01162	0.05869	0.00326	0.01084	0.00763	0.00414	0.01183
14	0.01677	0.01635	0.02852	0.08430	0.10237	0.01639	0.21647	0.02305	0.07482	0.02564	0.06628	0.12727	0.02392	0.01118	0.00989	0.00266	0.04952	0.01080	0.00532	0.08848
15	0.01005	0.00713	0.00937	0.01108	0.01151	0.00670	0.00730	0.01134	0.01521	0.02028	0.04304	0.65187	0.05154	0.08598	0.01308	0.00370	0.00499	0.02208	0.00730	0.00644
16	0.01683	0.01442	0.01683	0.01202	0.01923	0.01082	0.00961	0.02043	0.01683	0.02644	0.01442	0.01683	0.01202	0.00601	0.00601	0.00120	0.00601	0.00481	0.00481	0.76444
17	0.02467	0.01404	0.01943	0.01503	0.02092	0.01216	0.06260	0.02936	0.05917	0.29938	0.05334	0.08769	0.02279	0.01032	0.00791	0.00223	0.00684	0.00898	0.00761	0.23554
18	0.77215	0.01569	0.01193	0.01067	0.01569	0.01820	0.00879	0.02385	0.01381	0.03641	0.01130	0.01318	0.00879	0.00753	0.00502	0.00251	0.00628	0.00439	0.00502	0.00879
19	0.01457	0.00951	0.01316	0.01416	0.01637	0.00927	0.01214	0.01828	0.01969	0.07394	0.13887	0.08189	0.04939	0.02057	0.01072	0.00346	0.00686	0.47127	0.00789	0.00798
20	0.01940	0.01858	0.03170	0.14266	0.57671	0.01910	0.02456	0.02430	0.01815	0.02568	0.01514	0.02031	0.01256	0.00736	0.00804	0.00245	0.00981	0.00723	0.00396	0.01230
21	0.01022	0.00769	0.00950	0.01042	0.01182	0.00696	0.00741	0.01234	0.01780	0.02332	0.16601	0.39694	0.22157	0.02239	0.01004	0.00303	0.00450	0.04338	0.00778	0.00689
22	0.02008	0.01928	0.03294	0.04981	0.66422	0.01928	0.02490	0.02490	0.01848	0.02651	0.01526	0.02008	0.01285	0.00723	0.00803	0.00241	0.00964	0.00723	0.00402	0.01285
23	0.02000	0.01944	0.03374	0.04728	0.58725	0.01942	0.07806	0.02563	0.04046	0.02672	0.01598	0.02060	0.01322	0.00733	0.00818	0.00245	0.00988	0.00750	0.00417	0.01268
24	0.01647	0.01512	0.02526	0.49023	0.20062	0.01760	0.02193	0.02162	0.01683	0.02280	0.01547	0.02186	0.01201	0.00799	0.00792	0.00258	0.01004	0.00724	0.05656	0.00985
25	0.01647	0.01183	0.01369	0.01219	0.01529	0.01196	0.00937	0.12735	0.09009	0.05370	0.26222	0.07525	0.16818	0.01672	0.01111	0.06950	0.00548	0.01272	0.00795	0.00894
26	0.02583	0.01947	0.02119	0.01684	0.02249	0.02103	0.01362	0.43682	0.10189	0.04384	0.05967	0.07108	0.02131	0.01105	0.00819	0.00243	0.00780	0.00883	0.00785	0.07877
27	0.10455	0.35580	0.03172	0.01754	0.06636	0.08610	0.01436	0.12871	0.02115	0.08403	0.01487	0.01604	0.01183	0.00789	0.00632	0.00208	0.00892	0.00546	0.00509	0.01118
28	0.01800	0.20740	0.45203	0.02354	0.09528	0.02217	0.02548	0.02527	0.01711	0.02414	0.01382	0.01641	0.01057	0.00747	0.00712	0.00235	0.01093	0.00571	0.00350	0.01169
29	0.14216	0.19033	0.33690	0.01799	0.02686	0.02139	0.02058	0.02705	0.05375	0.07080	0.01556	0.01703	0.01159	0.00786	0.00676	0.00237	0.00962	0.00569	0.00443	0.01128
30	0.02242	0.02092	0.02857	0.24093	0.08445	0.08474	0.11566	0.20446	0.02373	0.03078	0.01589	0.02003	0.01203	0.00871	0.00934	0.00260	0.05119	0.00741	0.00509	0.01104
31	0.07602	0.04991	0.04427	0.07347	0.13801	0.13140	0.01657	0.14428	0.02240	0.08614	0.01743	0.04405	0.01401	0.00903	0.00812	0.00234	0.03170	0.00700	0.00555	0.07830
32	0.05525	0.02070	0.09183	0.07273	0.17465	0.04231	0.01788	0.15948	0.04323	0.11387	0.02007	0.05028	0.01565	0.00921	0.00780	0.00242	0.00879	0.00765	0.03029	0.05592
33	0.02522	0.10068	0.02788	0.05034	0.09088	0.02183	0.07003	0.25101	0.06319	0.09956	0.01890	0.02027	0.01406	0.00883	0.00853	0.00236	0.03854	0.00713	0.00635	0.07440
34	0.05004	0.18615	0.08917	0.05442	0.18566	0.02230	0.08787	0.09303	0.04356	0.08787	0.01689	0.01919	0.01298	0.00788	0.00743	0.00234	0.00955	0.00677	0.00503	0.01187
35	0.16270	0.03932	0.08041	0.01462	0.02046	0.01539	0.01292	0.11257	0.02146	0.27277	0.02545	0.12014	0.02049	0.01130	0.00769	0.00255	0.00727	0.00906	0.00749	0.03592
36	0.13663	0.13451	0.11261	0.01844	0.06084	0.15056	0.01561	0.09197	0.03939	0.02783	0.01694	0.07703	0.01502	0.00942	0.00703	0.00229	0.00942	0.00707	0.00498	0.06241
37	0.02171	0.10070	0.13866	0.09331	0.02951	0.06387	0.06098	0.19127	0.04944	0.03151	0.03821	0.02421	0.01639	0.00936	0.00786	0.00242	0.00979	0.04203	0.00553	0.06325
38	0.04638	0.16493	0.09156	0.01731	0.07640	0.05707	0.01413	0.02405	0.06333	0.05426	0.18893	0.02923	0.02992	0.01005	0.00744	0.00219	0.00752	0.00815	0.00585	0.10128
39	0.02329	0.07021	0.14677	0.08810	0.02979	0.04725	0.07209	0.11931	0.16424	0.12403	0.02183	0.02246	0.01574	0.00903	0.00798	0.00254	0.00947	0.00751	0.00627	0.01210

[dist]
# distance from previous block
# <min> <max>
71	262

[block]
# block no. 5 follows, 23 sequences, length 16
# corresponding to MSA columns:
# 580-595
name=unknown_F
#
# <colnr> <probs for GDERKNQSTAVLIFYWHMCP>
#	G	D	E	R	K	N	Q	S	T	A	V	L	I	F	Y	W	H	M	C	P
0	0.02254	0.60305	0.06834	0.01519	0.02201	0.11384	0.01483	0.02539	0.01734	0.01948	0.01159	0.01341	0.01041	0.00716	0.00559	0.00182	0.00958	0.00453	0.00356	0.01036
1	0.02195	0.54053	0.12550	0.01672	0.04419	0.06422	0.01645	0.02554	0.01726	0.04572	0.01274	0.01446	0.01086	0.00725	0.00587	0.00192	0.00941	0.00486	0.00378	0.01079
2	0.02083	0.61191	0.14277	0.01535	0.02310	0.03000	0.01644	0.02452	0.01659	0.02014	0.01180	0.01367	0.01039	0.00706	0.00560	0.00187	0.00920	0.00460	0.00346	0.01066
3	0.01145	0.00821	0.01061	0.01013	0.01181	0.00763	0.00740	0.01483	0.02166	0.03054	0.57775	0.08551	0.07136	0.08070	0.01250	0.00307	0.00423	0.01474	0.00851	0.00736
4	0.01520	0.01160	0.01959	0.01640	0.01979	0.01076	0.14715	0.01911	0.02031	0.08629	0.29402	0.19004	0.05062	0.01605	0.00970	0.00281	0.00668	0.04758	0.00758	0.00871
5	0.01036	0.00743	0.00931	0.01043	0.01115	0.00695	0.00690	0.01176	0.01572	0.02085	0.09542	0.46668	0.11110	0.15737	0.01619	0.00406	0.00519	0.01961	0.00714	0.00638
6	0.01122	0.00817	0.01056	0.01020	0.01202	0.00751	0.00756	0.01471	0.02199	0.03078	0.56703	0.12545	0.10704	0.01768	0.00965	0.00264	0.00393	0.01564	0.00872	0.00751
7	0.02930	0.02124	0.02270	0.01758	0.02362	0.02343	0.01446	0.57632	0.03607	0.04908	0.02017	0.02054	0.01449	0.00971	0.00788	0.00238	0.00842	0.00733	0.08210	0.01319
8	0.01192	0.01077	0.05829	0.01142	0.01405	0.00856	0.00959	0.01615	0.02229	0.03154	0.57577	0.05941	0.06998	0.01631	0.00954	0.00263	0.00464	0.05074	0.00845	0.00795
9	0.02131	0.02240	0.07674	0.04016	0.33025	0.02006	0.24852	0.02597	0.01991	0.02805	0.02005	0.06663	0.01749	0.01004	0.00981	0.00308	0.01171	0.00979	0.00516	0.01288
10	0.01747	0.01357	0.01616	0.01211	0.01852	0.01043	0.00955	0.02080	0.01714	0.07179	0.01899	0.09324	0.01714	0.00842	0.00664	0.00152	0.00593	0.00704	0.00548	0.62804
11	0.27689	0.01463	0.01589	0.01242	0.01857	0.01368	0.01015	0.02833	0.01807	0.25694	0.01959	0.01941	0.01378	0.00794	0.00644	0.00210	0.00642	0.00585	0.00673	0.24616
12	0.02494	0.01831	0.02198	0.01749	0.02343	0.04686	0.06943	0.12235	0.24616	0.16704	0.02553	0.02460	0.01844	0.00934	0.00794	0.00238	0.00784	0.00787	0.00751	0.13054
13	0.01921	0.02030	0.05634	0.05350	0.23233	0.01879	0.30149	0.04848	0.01945	0.02725	0.03842	0.02194	0.01466	0.00740	0.00859	0.00246	0.01100	0.00829	0.00444	0.08566
14	0.01949	0.01949	0.03479	0.03747	0.32762	0.01902	0.22414	0.02689	0.08897	0.02716	0.01755	0.02152	0.01393	0.00741	0.00838	0.00245	0.01029	0.00800	0.00459	0.08085
15	0.02324	0.01830	0.01935	0.01671	0.02117	0.05945	0.01324	0.09808	0.37400	0.11772	0.03090	0.02932	0.05525	0.01140	0.00992	0.00272	0.07044	0.00885	0.00776	0.01217

[dist]
# distance from previous block
# <min> <max>
1	7

[block]
# block no. 6 follows, 23 sequences, length 16
# corresponding to MSA columns:
# 603-618
name=unknown_G
#
# <colnr> <probs for GDERKNQSTAVLIFYWHMCP>
#	G	D	E	R	K	N	Q	S	T	A	V	L	I	F	Y	W	H	M	C	P
0	0.02102	0.01533	0.01786	0.01340	0.02011	0.01319	0.01077	0.07257	0.09603	0.11864	0.01951	0.02016	0.01482	0.00746	0.00674	0.00167	0.00640	0.00599	0.00620	0.51213
1	0.02209	0.01347	0.01629	0.01395	0.01803	0.01369	0.01107	0.12303	0.13256	0.19036	0.23153	0.06720	0.04022	0.01499	0.03136	0.00298	0.00658	0.03096	0.00870	0.01095
2	0.02872	0.01968	0.02131	0.05609	0.02459	0.06934	0.01413	0.28372	0.10462	0.19956	0.04647	0.02398	0.01849	0.00986	0.00805	0.00243	0.00835	0.00775	0.00795	0.04492
3	0.02639	0.01447	0.01932	0.01499	0.02097	0.01281	0.04718	0.06050	0.06232	0.32941	0.02716	0.08953	0.02073	0.01032	0.00789	0.00227	0.00692	0.00881	0.00787	0.21015
4	0.01271	0.00858	0.01087	0.01022	0.01247	0.00775	0.00769	0.01609	0.02191	0.07135	0.49703	0.09302	0.16519	0.01723	0.00952	0.00262	0.00411	0.01506	0.00871	0.00787
5	0.01915	0.02189	0.04788	0.03420	0.04241	0.02052	0.63475	0.02599	0.01915	0.02599	0.01642	0.02189	0.01231	0.00684	0.00958	0.00274	0.01368	0.00958	0.00410	0.01094
6	0.01978	0.01883	0.03128	0.08890	0.57627	0.01927	0.02384	0.02601	0.06615	0.02670	0.01655	0.02095	0.01362	0.00757	0.00806	0.00245	0.00947	0.00738	0.00431	0.01260
7	0.02170	0.01664	0.01822	0.01572	0.02083	0.01807	0.01234	0.03994	0.49864	0.10838	0.03065	0.02833	0.02267	0.01029	0.00797	0.00254	0.00643	0.00852	0.00805	0.10407
8	0.00982	0.00732	0.00915	0.01060	0.01159	0.00665	0.00722	0.01138	0.01620	0.02099	0.05317	0.56720	0.19055	0.02432	0.01018	0.00317	0.00457	0.02173	0.00753	0.00665
9	0.02108	0.01723	0.01837	0.01640	0.02108	0.01973	0.01279	0.04292	0.61494	0.06909	0.03297	0.03013	0.02451	0.01096	0.00825	0.00274	0.00645	0.00912	0.00836	0.01290
10	0.02902	0.02210	0.02252	0.01789	0.02377	0.06858	0.01454	0.46347	0.11678	0.07481	0.02167	0.02140	0.01560	0.00982	0.00798	0.00243	0.00869	0.00746	0.03835	0.01312
11	0.01172	0.00819	0.01049	0.01049	0.01106	0.00876	0.00696	0.01285	0.01229	0.01695	0.02407	0.04480	0.02589	0.45894	0.29227	0.00989	0.01329	0.01058	0.00469	0.00583
12	0.01971	0.01557	0.01828	0.01346	0.02014	0.01336	0.01088	0.09625	0.01955	0.06631	0.01585	0.01782	0.01263	0.00713	0.00748	0.00155	0.04323	0.00543	0.00545	0.58991
13	0.68296	0.01546	0.01276	0.01113	0.01630	0.01744	0.00917	0.02575	0.01495	0.11319	0.01381	0.01493	0.01016	0.00784	0.00540	0.00251	0.00635	0.00485	0.00563	0.00940
14	0.01180	0.00787	0.00885	0.00885	0.00885	0.00787	0.00492	0.01180	0.01180	0.01573	0.02557	0.05310	0.02950	0.71483	0.04130	0.00787	0.00787	0.01180	0.00492	0.00492
15	0.01922	0.02149	0.04243	0.03333	0.09672	0.05081	0.49311	0.02517	0.01883	0.02523	0.01741	0.05770	0.01441	0.00821	0.01000	0.00274	0.03842	0.00978	0.00426	0.01074

[dist]
# distance from previous block
# <min> <max>
0	26

[block]
# block no. 7 follows, 23 sequences, length 41
# corresponding to MSA columns:
# 645-685
name=unknown_H
#
# <colnr> <probs for GDERKNQSTAVLIFYWHMCP>
#	G	D	E	R	K	N	Q	S	T	A	V	L	I	F	Y	W	H	M	C	P
0	0.02008	0.01928	0.03294	0.04981	0.66422	0.01928	0.02490	0.02490	0.01848	0.02651	0.01526	0.02008	0.01285	0.00723	0.00803	0.00241	0.00964	0.00723	0.00402	0.01285
1	0.03387	0.01361	0.01826	0.01425	0.02014	0.01205	0.01168	0.03806	0.05503	0.59378	0.07517	0.03002	0.02420	0.01054	0.00826	0.00253	0.00667	0.00866	0.00988	0.01334
2	0.02018	0.01743	0.01835	0.01651	0.02110	0.02018	0.01284	0.04312	0.64956	0.03394	0.03303	0.03027	0.02477	0.01101	0.00826	0.00275	0.00642	0.00917	0.00826	0.01284
3	0.00989	0.00706	0.00942	0.01130	0.01177	0.00659	0.00753	0.01130	0.01554	0.02071	0.04472	0.70954	0.05367	0.02542	0.01036	0.00330	0.00471	0.02307	0.00753	0.00659
4	0.07212	0.02173	0.02329	0.01794	0.02434	0.02387	0.01482	0.56245	0.03579	0.09265	0.01989	0.01969	0.01395	0.00964	0.00795	0.00244	0.00864	0.00720	0.00808	0.01352
5	0.02337	0.01383	0.01670	0.01382	0.01819	0.01385	0.01102	0.15886	0.08863	0.21167	0.28704	0.03966	0.04237	0.01276	0.00874	0.00254	0.00603	0.01075	0.00899	0.01119
6	0.01134	0.00829	0.01065	0.01006	0.01204	0.00760	0.00755	0.01504	0.02264	0.03175	0.61710	0.06191	0.11989	0.01688	0.00957	0.00257	0.00385	0.01486	0.00883	0.00760
7	0.03031	0.03867	0.02299	0.02090	0.02508	0.68226	0.01568	0.03240	0.02299	0.01986	0.01254	0.01463	0.01045	0.00836	0.00732	0.00209	0.01463	0.00523	0.00418	0.00941
8	0.01158	0.00864	0.01088	0.01092	0.01282	0.00817	0.00823	0.01575	0.05261	0.02857	0.39747	0.17441	0.13666	0.01882	0.00979	0.00282	0.00448	0.07141	0.00836	0.00763
9	0.02912	0.05875	0.09039	0.01671	0.02328	0.01863	0.01497	0.27314	0.02777	0.26637	0.04515	0.05772	0.01954	0.01049	0.00809	0.00248	0.00813	0.00834	0.00806	0.01286
10	0.03529	0.01406	0.01880	0.01458	0.02074	0.01249	0.01199	0.03979	0.06622	0.62618	0.03208	0.02780	0.02041	0.01011	0.00817	0.00253	0.00687	0.00823	0.00992	0.01374
11	0.00989	0.00706	0.00942	0.01130	0.01177	0.00659	0.00753	0.01130	0.01554	0.02071	0.04472	0.70954	0.05367	0.02542	0.01036	0.00330	0.00471	0.02307	0.00753	0.00659
12	0.01683	0.01442	0.01683	0.01202	0.01923	0.01082	0.00961	0.02043	0.01683	0.02644	0.01442	0.01683	0.01202	0.00601	0.00601	0.00120	0.00601	0.00481	0.00481	0.76444
13	0.02169	0.71972	0.04252	0.01388	0.02083	0.03211	0.01388	0.02430	0.01649	0.01909	0.01128	0.01302	0.01041	0.00694	0.00521	0.00174	0.00868	0.00434	0.00347	0.01041
14	0.02008	0.01928	0.03294	0.04981	0.66422	0.01928	0.02490	0.02490	0.01848	0.02651	0.01526	0.02008	0.01285	0.00723	0.00803	0.00241	0.00964	0.00723	0.00402	0.01285
15	0.77215	0.01569	0.01193	0.01067	0.01569	0.01820	0.00879	0.02385	0.01381	0.03641	0.01130	0.01318	0.00879	0.00753	0.00502	0.00251	0.00628	0.00439	0.00502	0.00879
16	0.01811	0.08602	0.51743	0.02332	0.03418	0.01960	0.10009	0.02640	0.01766	0.06080	0.01551	0.01799	0.01107	0.00768	0.00778	0.00253	0.01168	0.00643	0.00388	0.01186
17	0.01568	0.01478	0.02498	0.64746	0.10099	0.01812	0.02271	0.02104	0.01639	0.02116	0.01448	0.02152	0.01097	0.00805	0.00811	0.00268	0.01073	0.00721	0.00364	0.00930
18	0.00989	0.00706	0.00942	0.01130	0.01177	0.00659	0.00753	0.01130	0.01554	0.02071	0.04472	0.70954	0.05367	0.02542	0.01036	0.00330	0.00471	0.02307	0.00753	0.00659
19	0.01787	0.01699	0.02854	0.24980	0.42821	0.01803	0.02287	0.02268	0.01777	0.02438	0.01959	0.02455	0.05670	0.00842	0.00816	0.00253	0.00963	0.00790	0.00413	0.01123
20	0.02311	0.01979	0.01969	0.04325	0.02281	0.08566	0.01350	0.23997	0.25933	0.03605	0.03013	0.07848	0.06835	0.01197	0.00836	0.00262	0.00797	0.00968	0.00751	0.01177
21	0.01915	0.02189	0.04788	0.03420	0.04241	0.02052	0.63475	0.02599	0.01915	0.02599	0.01642	0.02189	0.01231	0.00684	0.00958	0.00274	0.01368	0.00958	0.00410	0.01094
22	0.01124	0.00828	0.01051	0.00995	0.01197	0.00755	0.00746	0.01484	0.02239	0.03117	0.58524	0.06287	0.15211	0.01710	0.00957	0.00258	0.00386	0.01499	0.00875	0.00755
23	0.01952	0.01870	0.03191	0.12676	0.59170	0.01913	0.02462	0.02441	0.01821	0.02582	0.01516	0.02027	0.01261	0.00734	0.00804	0.00245	0.00978	0.00723	0.00397	0.01240
24	0.01713	0.10345	0.53841	0.02358	0.03465	0.02030	0.10101	0.02560	0.01731	0.02511	0.01447	0.01731	0.01054	0.00753	0.00770	0.00251	0.01188	0.00627	0.00351	0.01172
25	0.00989	0.00706	0.00942	0.01130	0.01177	0.00659	0.00753	0.01130	0.01554	0.02071	0.04472	0.70954	0.05367	0.02542	0.01036	0.00330	0.00471	0.02307	0.00753	0.00659
26	0.01627	0.04197	0.67279	0.02313	0.03512	0.01884	0.02998	0.02570	0.01713	0.02570	0.01456	0.01713	0.01028	0.00771	0.00771	0.00257	0.01199	0.00600	0.00343	0.01199
27	0.01983	0.34119	0.31326	0.01776	0.02659	0.02374	0.02043	0.02550	0.01755	0.06715	0.04663	0.01819	0.01433	0.00797	0.00671	0.00219	0.00975	0.00584	0.00417	0.01119
28	0.03402	0.01610	0.06730	0.01520	0.02180	0.01289	0.01332	0.03871	0.05731	0.58701	0.03077	0.02699	0.01962	0.00992	0.00813	0.00253	0.00726	0.00806	0.00945	0.01362
29	0.00989	0.00706	0.00942	0.01130	0.01177	0.00659	0.00753	0.01130	0.01554	0.02071	0.04472	0.70954	0.05367	0.02542	0.01036	0.00330	0.00471	0.02307	0.00753	0.00659
30	0.01723	0.16108	0.56202	0.02150	0.03261	0.02118	0.02715	0.02545	0.01702	0.02454	0.01399	0.01641	0.01030	0.00757	0.00727	0.00242	0.01141	0.00570	0.00343	0.01171
31	0.03181	0.02118	0.02339	0.01793	0.02439	0.02286	0.01481	0.53311	0.03555	0.15886	0.02166	0.02090	0.01489	0.00979	0.00812	0.00245	0.00858	0.00745	0.00845	0.01380
32	0.00989	0.00706	0.00942	0.01130	0.01177	0.00659	0.00753	0.01130	0.01554	0.02071	0.04472	0.70954	0.05367	0.02542	0.01036	0.00330	0.00471	0.02307	0.00753	0.00659
33	0.02937	0.02243	0.02272	0.01780	0.02372	0.06849	0.01455	0.53906	0.03517	0.04708	0.01965	0.02014	0.01421	0.00962	0.00784	0.00236	0.00885	0.00719	0.07684	0.01293
34	0.00989	0.00706	0.00942	0.01130	0.01177	0.00659	0.00753	0.01130	0.01554	0.02071	0.04472	0.70954	0.05367	0.02542	0.01036	0.00330	0.00471	0.02307	0.00753	0.00659
35	0.02547	0.01962	0.02035	0.01713	0.02242	0.05341	0.01363	0.21281	0.37660	0.10565	0.02802	0.02612	0.02042	0.01041	0.00816	0.00260	0.00760	0.00833	0.00820	0.01305
36	0.02699	0.01491	0.01804	0.01461	0.01994	0.01466	0.01175	0.10649	0.16662	0.31239	0.12373	0.03146	0.02832	0.01093	0.00824	0.00247	0.00651	0.00904	0.00888	0.06401
37	0.06875	0.01493	0.01859	0.01455	0.02029	0.01422	0.01193	0.14817	0.02553	0.44769	0.10222	0.02924	0.02497	0.01063	0.00816	0.00250	0.00689	0.00858	0.00930	0.01284
38	0.02880	0.10248	0.02458	0.01707	0.02325	0.02304	0.01424	0.36812	0.13909	0.14175	0.02283	0.02187	0.01629	0.00968	0.00781	0.00242	0.00815	0.00741	0.00790	0.01324
39	0.01816	0.14607	0.11859	0.02293	0.02946	0.02035	0.24522	0.05327	0.01821	0.02469	0.01937	0.12743	0.01816	0.01056	0.00973	0.00261	0.06151	0.00982	0.00463	0.03924
40	0.02068	0.01905	0.06486	0.01776	0.06609	0.01703	0.01399	0.15423	0.16370	0.03321	0.01972	0.02065	0.01519	0.00811	0.00721	0.00198	0.00737	0.00656	0.00612	0.33650

[dist]
# distance from previous block
# <min> <max>
1	17

[block]
# block no. 8 follows, 23 sequences, length 10
# corresponding to MSA columns:
# 703-712
name=unknown_I
#
# <colnr> <probs for GDERKNQSTAVLIFYWHMCP>
#	G	D	E	R	K	N	Q	S	T	A	V	L	I	F	Y	W	H	M	C	P
0	0.02084	0.01656	0.07369	0.03879	0.04007	0.01377	0.01295	0.04776	0.13198	0.16018	0.05997	0.03053	0.07681	0.03204	0.00879	0.00240	0.00693	0.00841	0.00687	0.21064
1	0.05067	0.01555	0.01866	0.12095	0.05835	0.05207	0.01356	0.10314	0.06458	0.18920	0.10663	0.05045	0.09794	0.01180	0.00837	0.00257	0.00754	0.00979	0.00737	0.01081
2	0.06555	0.01854	0.02065	0.05618	0.05369	0.05130	0.01388	0.17194	0.13937	0.08823	0.02014	0.02102	0.01513	0.00893	0.00833	0.00226	0.04140	0.00685	0.00648	0.19012
3	0.04933	0.01852	0.02173	0.01952	0.07688	0.03682	0.03802	0.21224	0.15910	0.06552	0.02367	0.02433	0.03998	0.00982	0.00881	0.00242	0.04660	0.00777	0.04654	0.09238
4	0.01971	0.01814	0.03210	0.02412	0.02944	0.01857	0.29826	0.08726	0.01998	0.06356	0.07900	0.02713	0.02009	0.06312	0.01433	0.00312	0.12172	0.00929	0.00533	0.04571
5	0.01728	0.01351	0.01712	0.01475	0.01862	0.01384	0.05924	0.11601	0.14305	0.05619	0.16082	0.08122	0.16797	0.01633	0.02809	0.00303	0.00682	0.04850	0.00776	0.00983
6	0.02882	0.08874	0.02552	0.02259	0.07942	0.50587	0.01630	0.09437	0.02368	0.02364	0.01340	0.01548	0.01100	0.00830	0.00730	0.00213	0.01314	0.00555	0.00452	0.01024
7	0.01712	0.01469	0.01696	0.01241	0.01939	0.01164	0.00990	0.02243	0.07261	0.02710	0.01606	0.01801	0.01314	0.00645	0.00621	0.00134	0.00605	0.00519	0.00511	0.69817
8	0.01358	0.00942	0.01085	0.01031	0.01135	0.00953	0.00670	0.07774	0.01674	0.02266	0.13223	0.10698	0.03776	0.46583	0.02990	0.00602	0.00703	0.01277	0.00614	0.00645
9	0.08684	0.05570	0.02244	0.01676	0.02256	0.05777	0.01382	0.46240	0.03217	0.04457	0.01880	0.01954	0.01380	0.00933	0.00743	0.00233	0.00847	0.00685	0.08605	0.01236

[dist]
# distance from previous block
# <min> <max>
0	1

[block]
# block no. 9 follows, 23 sequences, length 12
# corresponding to MSA columns:
# 714-725
name=unknown_J
#
# <colnr> <probs for GDERKNQSTAVLIFYWHMCP>
#	G	D	E	R	K	N	Q	S	T	A	V	L	I	F	Y	W	H	M	C	P
0	0.01669	0.01622	0.02543	0.50038	0.04738	0.05625	0.08552	0.02177	0.01682	0.02195	0.01532	0.02177	0.01175	0.00838	0.00886	0.00264	0.04196	0.00737	0.06442	0.00912
1	0.01850	0.01620	0.02565	0.01980	0.04699	0.01426	0.17522	0.02271	0.01760	0.07055	0.01807	0.06668	0.01547	0.00836	0.00866	0.00202	0.04834	0.00777	0.00508	0.39209
2	0.70363	0.01558	0.01305	0.07266	0.01933	0.01819	0.01003	0.02357	0.01403	0.03499	0.01158	0.01395	0.00897	0.00758	0.00530	0.00253	0.00669	0.00465	0.00489	0.00881
3	0.77215	0.01569	0.01193	0.01067	0.01569	0.01820	0.00879	0.02385	0.01381	0.03641	0.01130	0.01318	0.00879	0.00753	0.00502	0.00251	0.00628	0.00439	0.00502	0.00879
4	0.02240	0.01783	0.01907	0.01664	0.02155	0.02026	0.01309	0.11179	0.54071	0.07446	0.03139	0.02886	0.02321	0.01080	0.00823	0.00270	0.00674	0.00890	0.00835	0.01301
5	0.01343	0.01067	0.01207	0.05234	0.01615	0.00947	0.00886	0.01536	0.02116	0.02740	0.25114	0.07037	0.41932	0.01982	0.01052	0.00316	0.00543	0.01614	0.00849	0.00867
6	0.01015	0.00717	0.00934	0.01096	0.01137	0.00677	0.00717	0.01137	0.01502	0.02003	0.04210	0.61974	0.05036	0.11973	0.01459	0.00392	0.00514	0.02153	0.00717	0.00636
7	0.00987	0.00713	0.00934	0.01111	0.01172	0.00661	0.00745	0.01132	0.01572	0.02079	0.04702	0.67083	0.09089	0.02512	0.01031	0.00326	0.00467	0.02270	0.00753	0.00661
