[name]
unknown

[dist]
# distance from previous block
# <min> <max>
0	22

[block]
# block no. 0 follows, 25 sequences, length 46
# corresponding to MSA columns:
# 22-67
name=unknown_A
#
# <colnr> <probs for GDERKNQSTAVLIFYWHMCP>
#	G	D	E	R	K	N	Q	S	T	A	V	L	I	F	Y	W	H	M	C	P
0	0.01240	0.00882	0.01220	0.01385	0.01550	0.00882	0.01192	0.01571	0.01736	0.02260	0.03982	0.08474	0.04341	0.07366	0.01284	0.00386	0.00717	0.58140	0.00696	0.00696
1	0.01026	0.00733	0.00990	0.01152	0.01237	0.00697	0.00842	0.01229	0.01606	0.02141	0.08913	0.52786	0.05138	0.02301	0.01003	0.00319	0.00504	0.15998	0.00728	0.00657
2	0.01776	0.01995	0.04313	0.03098	0.03838	0.01870	0.60336	0.02408	0.01857	0.02530	0.06447	0.02365	0.01631	0.00723	0.00915	0.00260	0.01238	0.00951	0.00426	0.01023
3	0.01128	0.00752	0.00846	0.00846	0.00846	0.00752	0.00470	0.01128	0.01128	0.01503	0.02443	0.05074	0.02819	0.72751	0.03946	0.00752	0.00752	0.01128	0.00470	0.00470
4	0.01005	0.00800	0.01151	0.01188	0.01327	0.00733	0.05459	0.01190	0.01562	0.02038	0.04727	0.55238	0.16231	0.02213	0.00971	0.00301	0.00503	0.02005	0.00696	0.00665
5	0.02521	0.01101	0.01486	0.01226	0.01650	0.00970	0.00977	0.02830	0.02158	0.42390	0.24077	0.08732	0.03906	0.01270	0.00839	0.00247	0.00549	0.01086	0.00908	0.01078
6	0.78228	0.01499	0.01140	0.01020	0.01499	0.01739	0.00840	0.02279	0.01320	0.03479	0.01080	0.01260	0.00840	0.00720	0.00480	0.00240	0.00600	0.00420	0.00480	0.00840
7	0.01128	0.00752	0.00846	0.00846	0.00846	0.00752	0.00470	0.01128	0.01128	0.01503	0.02443	0.05074	0.02819	0.72751	0.03946	0.00752	0.00752	0.01128	0.00470	0.00470
8	0.01929	0.01666	0.01753	0.01578	0.02016	0.01929	0.01227	0.04120	0.66513	0.03243	0.03156	0.02893	0.02367	0.01052	0.00789	0.00263	0.00614	0.00877	0.00789	0.01227
9	0.00943	0.00681	0.00894	0.01064	0.01121	0.00631	0.00713	0.01081	0.01499	0.01985	0.04460	0.68875	0.08378	0.02405	0.00986	0.00312	0.00447	0.02175	0.00720	0.00631
10	0.78228	0.01499	0.01140	0.01020	0.01499	0.01739	0.00840	0.02279	0.01320	0.03479	0.01080	0.01260	0.00840	0.00720	0.00480	0.00240	0.00600	0.00420	0.00480	0.00840
11	0.02896	0.03695	0.02197	0.01998	0.02397	0.69638	0.01498	0.03096	0.02197	0.01898	0.01199	0.01398	0.00999	0.00799	0.00699	0.00200	0.01398	0.00499	0.00400	0.00899
12	0.01084	0.00792	0.01018	0.00961	0.01150	0.00726	0.00721	0.01437	0.02163	0.03034	0.63101	0.05915	0.11767	0.01613	0.00915	0.00245	0.00368	0.01420	0.00844	0.00726
13	0.01267	0.00826	0.01087	0.01010	0.01218	0.00757	0.00761	0.01618	0.02165	0.07894	0.59952	0.08486	0.06820	0.01576	0.00908	0.00247	0.00391	0.01392	0.00855	0.00771
14	0.78228	0.01499	0.01140	0.01020	0.01499	0.01739	0.00840	0.02279	0.01320	0.03479	0.01080	0.01260	0.00840	0.00720	0.00480	0.00240	0.00600	0.00420	0.00480	0.00840
15	0.01249	0.00892	0.01249	0.01428	0.01606	0.00892	0.01249	0.01606	0.01785	0.02320	0.04105	0.08746	0.04462	0.02142	0.01071	0.00357	0.00714	0.62695	0.00714	0.00714
16	0.01108	0.00831	0.01246	0.01246	0.01385	0.00969	0.00969	0.01385	0.01246	0.01800	0.02077	0.03046	0.01938	0.05815	0.69678	0.01246	0.02077	0.00831	0.00415	0.00692
17	0.00943	0.00680	0.00894	0.01066	0.01121	0.00631	0.00714	0.01081	0.01498	0.01985	0.04444	0.69159	0.08104	0.02407	0.00986	0.00312	0.00447	0.02177	0.00720	0.00631
18	0.03479	0.01320	0.01799	0.01380	0.01979	0.01140	0.01140	0.03779	0.02219	0.68451	0.03059	0.02639	0.01919	0.00960	0.00780	0.00240	0.00660	0.00780	0.00960	0.01320
19	0.01830	0.02092	0.04575	0.03268	0.04052	0.01961	0.65098	0.02484	0.01830	0.02484	0.01569	0.02092	0.01176	0.00654	0.00915	0.00261	0.01307	0.00915	0.00392	0.01046
20	0.02896	0.03695	0.02197	0.01998	0.02397	0.69638	0.01498	0.03096	0.02197	0.01898	0.01199	0.01398	0.00999	0.00799	0.00699	0.00200	0.01398	0.00499	0.00400	0.00899
21	0.01108	0.00831	0.01246	0.01246	0.01385	0.00969	0.00969	0.01385	0.01246	0.01800	0.02077	0.03046	0.01938	0.05815	0.69678	0.01246	0.02077	0.00831	0.00415	0.00692
22	0.01701	0.23451	0.50567	0.01962	0.02972	0.02157	0.02433	0.02418	0.01620	0.02278	0.01303	0.01527	0.00986	0.00716	0.00669	0.00223	0.01057	0.00528	0.00329	0.01104
23	0.01097	0.00793	0.01036	0.00975	0.01158	0.00732	0.00732	0.01463	0.02195	0.03109	0.67505	0.05792	0.07316	0.01585	0.00914	0.00244	0.00366	0.01402	0.00854	0.00732
24	0.01608	0.01378	0.01608	0.01148	0.01837	0.01034	0.00919	0.01952	0.01608	0.02527	0.01378	0.01608	0.01148	0.00574	0.00574	0.00115	0.00574	0.00459	0.00459	0.77491
25	0.02896	0.03695	0.02197	0.01998	0.02397	0.69638	0.01498	0.03096	0.02197	0.01898	0.01199	0.01398	0.00999	0.00799	0.00699	0.00200	0.01398	0.00499	0.00400	0.00899
26	0.00928	0.00786	0.00801	0.00797	0.01054	0.00659	0.00598	0.01135	0.01794	0.02158	0.11558	0.07358	0.63857	0.01940	0.00916	0.00261	0.00391	0.01622	0.00728	0.00659
27	0.03242	0.01461	0.01873	0.01452	0.02031	0.01381	0.01196	0.15843	0.02448	0.52171	0.02767	0.02507	0.01801	0.01222	0.04587	0.00294	0.00776	0.00766	0.00893	0.01285
28	0.01919	0.01842	0.03147	0.04759	0.67914	0.01842	0.02380	0.02380	0.01765	0.02533	0.01458	0.01919	0.01228	0.00691	0.00768	0.00230	0.00921	0.00691	0.00384	0.01228
29	0.01898	0.01821	0.03109	0.07841	0.64998	0.01837	0.02369	0.02361	0.01755	0.02507	0.01455	0.01926	0.01219	0.00695	0.00768	0.00232	0.00926	0.00691	0.00382	0.01211
30	0.00926	0.00784	0.00788	0.00788	0.01038	0.00659	0.00584	0.01113	0.01739	0.02068	0.07616	0.07357	0.64739	0.05089	0.01050	0.00283	0.00409	0.01614	0.00709	0.00646
31	0.01577	0.06894	0.66039	0.02173	0.03299	0.01854	0.02801	0.02450	0.01634	0.02429	0.01378	0.01621	0.00983	0.00734	0.00727	0.00242	0.01133	0.00566	0.00328	0.01140
32	0.03038	0.09288	0.05351	0.01571	0.02197	0.05025	0.05233	0.03461	0.04937	0.47843	0.02585	0.02356	0.01703	0.00894	0.00752	0.00233	0.00777	0.00729	0.00791	0.01234
33	0.01128	0.00752	0.00846	0.00846	0.00846	0.00752	0.00470	0.01128	0.01128	0.01503	0.02443	0.05074	0.02819	0.72751	0.03946	0.00752	0.00752	0.01128	0.00470	0.00470
34	0.01919	0.01842	0.03147	0.04759	0.67914	0.01842	0.02380	0.02380	0.01765	0.02533	0.01458	0.01919	0.01228	0.00691	0.00768	0.00230	0.00921	0.00691	0.00384	0.01228
35	0.01891	0.01813	0.03096	0.08865	0.64029	0.01835	0.02366	0.02355	0.01752	0.02499	0.01453	0.01928	0.01216	0.00696	0.00768	0.00232	0.00928	0.00691	0.00381	0.01205
36	0.02073	0.73217	0.04063	0.01327	0.01990	0.03068	0.01327	0.02322	0.01575	0.01824	0.01078	0.01244	0.00995	0.00663	0.00498	0.00166	0.00829	0.00415	0.00332	0.00995
37	0.01097	0.00793	0.01036	0.00975	0.01158	0.00732	0.00732	0.01463	0.02195	0.03109	0.67505	0.05792	0.07316	0.01585	0.00914	0.00244	0.00366	0.01402	0.00854	0.00732
38	0.01555	0.04011	0.68733	0.02210	0.03356	0.01801	0.02865	0.02455	0.01637	0.02455	0.01391	0.01637	0.00982	0.00737	0.00737	0.00246	0.01146	0.00573	0.00327	0.01146
39	0.03342	0.05307	0.01923	0.01384	0.01981	0.01276	0.01153	0.03711	0.04639	0.62278	0.02953	0.02572	0.01885	0.00947	0.00764	0.00237	0.00667	0.00763	0.00918	0.01298
40	0.01920	0.01884	0.03020	0.11196	0.58578	0.05060	0.02315	0.02374	0.01765	0.02448	0.01438	0.01909	0.01198	0.00704	0.00765	0.00232	0.00955	0.00682	0.00381	0.01176
41	0.01919	0.01842	0.03147	0.04759	0.67914	0.01842	0.02380	0.02380	0.01765	0.02533	0.01458	0.01919	0.01228	0.00691	0.00768	0.00230	0.00921	0.00691	0.00384	0.01228
42	0.01919	0.01842	0.03147	0.04759	0.67914	0.01842	0.02380	0.02380	0.01765	0.02533	0.01458	0.01919	0.01228	0.00691	0.00768	0.00230	0.00921	0.00691	0.00384	0.01228
43	0.01608	0.01378	0.01608	0.01148	0.01837	0.01034	0.00919	0.01952	0.01608	0.02527	0.01378	0.01608	0.01148	0.00574	0.00574	0.00115	0.00574	0.00459	0.00459	0.77491
44	0.01701	0.01451	0.01743	0.01408	0.05971	0.01160	0.01040	0.05482	0.01730	0.02657	0.01410	0.01641	0.01163	0.00601	0.00597	0.00129	0.00611	0.00487	0.00472	0.68546
45	0.01768	0.03718	0.60378	0.02127	0.03206	0.01784	0.02666	0.05823	0.01784	0.07415	0.01538	0.01722	0.01068	0.00763	0.00742	0.00244	0.01095	0.00595	0.00397	0.01168

[dist]
# distance from previous block
# <min> <max>
0	1

# created by:
# /st0/software/busco_prod/Augustus/scripts/msa2prfl.pl ./align_prep/136159.fa
