[name]
unknown

[dist]
# distance from previous block
# <min> <max>
0	38

[block]
# block no. 0 follows, 24 sequences, length 24
# corresponding to MSA columns:
# 59-82
name=unknown_A
#
# <colnr> <probs for GDERKNQSTAVLIFYWHMCP>
#	G	D	E	R	K	N	Q	S	T	A	V	L	I	F	Y	W	H	M	C	P
0	0.01921	0.16976	0.39937	0.01884	0.02788	0.01954	0.02200	0.02657	0.04867	0.10283	0.01836	0.04475	0.01441	0.00883	0.00732	0.00241	0.00984	0.02342	0.00462	0.01136
1	0.10926	0.09986	0.49962	0.02017	0.03014	0.06224	0.02448	0.02519	0.01666	0.02543	0.01343	0.01576	0.00989	0.00749	0.00697	0.00240	0.01091	0.00548	0.00359	0.01104
2	0.01663	0.13500	0.59261	0.02136	0.03240	0.02019	0.02714	0.02493	0.01666	0.02423	0.01379	0.01619	0.01006	0.00743	0.00720	0.00240	0.01128	0.00564	0.00335	0.01151
3	0.01608	0.03816	0.60097	0.02239	0.03269	0.01913	0.02785	0.02438	0.01619	0.02438	0.01377	0.01682	0.01009	0.00830	0.00977	0.00263	0.09571	0.00599	0.00336	0.01135
4	0.02029	0.01890	0.02388	0.02159	0.06299	0.04636	0.01677	0.12479	0.09496	0.02627	0.01481	0.01914	0.01271	0.01216	0.01910	0.00308	0.44004	0.00716	0.00480	0.01019
5	0.01990	0.10271	0.02079	0.01583	0.02059	0.02113	0.01267	0.03992	0.58002	0.03142	0.02971	0.02755	0.02251	0.01028	0.00771	0.00257	0.00654	0.00839	0.00750	0.01226
6	0.02066	0.65627	0.10664	0.01449	0.02178	0.03006	0.01517	0.02388	0.01618	0.01931	0.01135	0.01313	0.01016	0.00686	0.00534	0.00178	0.00881	0.00441	0.00339	0.01033
7	0.01498	0.01409	0.02378	0.70226	0.05462	0.01762	0.02202	0.02026	0.01586	0.02026	0.01409	0.02114	0.01057	0.00793	0.00793	0.00264	0.01057	0.00705	0.00352	0.00881
8	0.01808	0.01786	0.03322	0.03757	0.35161	0.01743	0.21783	0.02321	0.01830	0.02535	0.02027	0.03307	0.01850	0.00968	0.00890	0.00269	0.01028	0.12059	0.00458	0.01100
9	0.01620	0.01679	0.03337	0.02571	0.03079	0.01659	0.38427	0.02107	0.01742	0.02368	0.02390	0.14811	0.02353	0.01264	0.01133	0.00298	0.07833	0.09900	0.00500	0.00929
10	0.01816	0.01994	0.04167	0.14822	0.09599	0.01954	0.48629	0.02444	0.01818	0.02457	0.01562	0.02120	0.01183	0.00693	0.00899	0.00264	0.01257	0.00878	0.00392	0.01053
11	0.00990	0.00726	0.00887	0.01004	0.01088	0.00669	0.00668	0.01119	0.01520	0.01971	0.04831	0.47798	0.17631	0.13463	0.01478	0.00382	0.00497	0.01959	0.00696	0.00623
12	0.03558	0.01350	0.01840	0.01411	0.02024	0.01166	0.01166	0.03865	0.02270	0.67734	0.03128	0.02699	0.01963	0.00981	0.00797	0.00245	0.00675	0.00797	0.00981	0.01350
13	0.01296	0.00979	0.01428	0.07733	0.04965	0.01005	0.01357	0.01657	0.01771	0.02315	0.03842	0.14632	0.04169	0.02028	0.01045	0.00346	0.00741	0.47252	0.00681	0.00759
14	0.00992	0.00714	0.00929	0.01065	0.01137	0.00664	0.00719	0.01155	0.01603	0.02147	0.12002	0.57473	0.08421	0.05579	0.01139	0.00331	0.00461	0.02076	0.00741	0.00650
15	0.01369	0.00799	0.00939	0.00929	0.01082	0.00857	0.00698	0.01681	0.01508	0.02521	0.02413	0.03138	0.02058	0.07853	0.18932	0.00523	0.02889	0.00799	0.48299	0.00714
16	0.01879	0.02118	0.04558	0.03469	0.09375	0.01995	0.59171	0.02531	0.01866	0.02544	0.01595	0.02124	0.01208	0.00672	0.00923	0.00265	0.01304	0.00917	0.00400	0.01085
17	0.01811	0.01716	0.02911	0.21487	0.48215	0.01806	0.02319	0.02291	0.01750	0.02435	0.01599	0.02334	0.01362	0.00799	0.00802	0.00249	0.00962	0.03617	0.00398	0.01135
18	0.00978	0.00712	0.00900	0.01043	0.01116	0.00658	0.00696	0.01113	0.01527	0.02000	0.04713	0.57330	0.13450	0.08248	0.01255	0.00352	0.00478	0.02083	0.00715	0.00634
19	0.02545	0.07251	0.08907	0.02411	0.12437	0.22327	0.04392	0.12511	0.02217	0.09297	0.01578	0.01783	0.01212	0.00864	0.00903	0.00235	0.06870	0.00636	0.00508	0.01115
20	0.02021	0.02094	0.02893	0.13789	0.40504	0.13171	0.05130	0.02459	0.01852	0.02383	0.01588	0.02287	0.01366	0.00818	0.00799	0.00243	0.01049	0.04041	0.00408	0.01106
21	0.00973	0.00808	0.00858	0.00886	0.01134	0.00693	0.00678	0.01188	0.01794	0.02159	0.07447	0.11182	0.57224	0.02052	0.00957	0.00281	0.00438	0.07837	0.00736	0.00674
22	0.01989	0.01984	0.03037	0.12530	0.54356	0.07434	0.02331	0.02445	0.01816	0.02469	0.01460	0.01937	0.01213	0.00726	0.00780	0.00236	0.00996	0.00690	0.00389	0.01183
23	0.01950	0.01868	0.03166	0.13029	0.36016	0.01936	0.13610	0.06541	0.08740	0.02735	0.01713	0.02119	0.01349	0.00766	0.00817	0.00249	0.00993	0.00769	0.00458	0.01176

[dist]
# distance from previous block
# <min> <max>
5	11

[block]
# block no. 1 follows, 24 sequences, length 145
# corresponding to MSA columns:
# 94-238
name=unknown_B
#
# <colnr> <probs for GDERKNQSTAVLIFYWHMCP>
#	G	D	E	R	K	N	Q	S	T	A	V	L	I	F	Y	W	H	M	C	P
0	0.02085	0.64962	0.04083	0.01499	0.02145	0.03040	0.04566	0.02356	0.01602	0.01902	0.01124	0.01343	0.01028	0.00719	0.00651	0.00185	0.04891	0.00465	0.00343	0.01012
1	0.02032	0.01733	0.01827	0.01626	0.02085	0.02000	0.01270	0.07685	0.62183	0.03414	0.03151	0.02898	0.02359	0.01069	0.00806	0.00267	0.00642	0.00886	0.00806	0.01261
2	0.02158	0.69518	0.04070	0.01388	0.02054	0.06092	0.01365	0.02410	0.01640	0.01869	0.01108	0.01279	0.01018	0.00685	0.00518	0.00171	0.00874	0.00428	0.00342	0.01013
3	0.02683	0.06861	0.02348	0.02189	0.07929	0.54257	0.01557	0.02920	0.02097	0.01985	0.01316	0.01606	0.01120	0.01221	0.06311	0.00293	0.01415	0.00551	0.00405	0.00936
4	0.00948	0.00804	0.00818	0.00815	0.01078	0.00674	0.00611	0.01159	0.01833	0.02202	0.11413	0.07533	0.63446	0.01986	0.00937	0.00267	0.00400	0.01660	0.00744	0.00674
5	0.02870	0.03631	0.02198	0.02004	0.02399	0.65507	0.01505	0.03078	0.02198	0.01936	0.01271	0.01515	0.01070	0.01077	0.04172	0.00258	0.01465	0.00528	0.00409	0.00909
6	0.01915	0.02174	0.04378	0.03285	0.06892	0.04879	0.55143	0.02526	0.01847	0.02481	0.01550	0.02077	0.01189	0.00718	0.01015	0.00268	0.05313	0.00893	0.00398	0.01060
7	0.01369	0.00875	0.01083	0.00994	0.01256	0.00777	0.00758	0.01686	0.02124	0.10818	0.42363	0.06010	0.23572	0.01652	0.00919	0.00254	0.00419	0.01424	0.00848	0.00800
8	0.00940	0.00791	0.00816	0.00836	0.01080	0.00667	0.00617	0.01134	0.01776	0.02129	0.07637	0.14553	0.60197	0.02060	0.00945	0.00274	0.00408	0.01736	0.00736	0.00667
9	0.26343	0.01970	0.02000	0.04568	0.02301	0.02216	0.01335	0.42331	0.02890	0.04417	0.01632	0.01720	0.01182	0.00877	0.00699	0.00241	0.00800	0.00624	0.00679	0.01175
10	0.02901	0.02137	0.02299	0.01785	0.02387	0.02359	0.01465	0.61034	0.03606	0.04833	0.02040	0.05757	0.01564	0.01037	0.00805	0.00243	0.00850	0.00799	0.00790	0.01310
11	0.02907	0.03675	0.02301	0.02199	0.06030	0.65241	0.01582	0.03126	0.02223	0.01977	0.01240	0.01459	0.01034	0.00811	0.00719	0.00206	0.01403	0.00522	0.00408	0.00938
12	0.02954	0.02176	0.02337	0.01803	0.02421	0.02406	0.01485	0.62673	0.03663	0.04910	0.01976	0.03957	0.01463	0.00997	0.00800	0.00240	0.00860	0.00759	0.00792	0.01328
13	0.01720	0.01454	0.01685	0.01210	0.01911	0.01135	0.00971	0.05454	0.01760	0.02717	0.01437	0.01659	0.01184	0.00607	0.00599	0.00124	0.00603	0.00483	0.00488	0.72799
14	0.01698	0.20741	0.49246	0.01980	0.02985	0.02108	0.02443	0.02430	0.01685	0.02384	0.04390	0.01774	0.01310	0.00775	0.00702	0.00231	0.01055	0.00586	0.00361	0.01114
15	0.02741	0.01965	0.02136	0.01714	0.02287	0.02168	0.01391	0.38971	0.23256	0.11109	0.02454	0.02323	0.01754	0.00994	0.00798	0.00249	0.00774	0.00781	0.00818	0.01319
16	0.01478	0.00739	0.00739	0.00739	0.00924	0.00739	0.00554	0.01848	0.01663	0.02956	0.02587	0.02956	0.02033	0.00924	0.00554	0.00185	0.00370	0.00739	0.76534	0.00739
17	0.01142	0.00926	0.01334	0.12385	0.01959	0.01032	0.01092	0.01354	0.01486	0.02004	0.03433	0.49799	0.03970	0.02249	0.04200	0.00358	0.08178	0.01773	0.00618	0.00709
18	0.02560	0.01876	0.02088	0.05470	0.02408	0.02083	0.01405	0.34192	0.23162	0.09413	0.02502	0.05183	0.01886	0.01048	0.00807	0.00253	0.00771	0.00842	0.00787	0.01264
19	0.01129	0.00830	0.01193	0.01200	0.01315	0.00940	0.00897	0.01360	0.01265	0.01799	0.02278	0.06275	0.02264	0.16646	0.55551	0.01152	0.01834	0.00957	0.00447	0.00668
20	0.00983	0.00702	0.00940	0.01124	0.01177	0.00659	0.00766	0.01134	0.01535	0.02044	0.04361	0.68150	0.05207	0.02468	0.01017	0.00324	0.00475	0.05548	0.00736	0.00649
21	0.01573	0.01339	0.01519	0.01635	0.05476	0.06106	0.01251	0.04725	0.12821	0.02625	0.07128	0.09079	0.10047	0.01731	0.00961	0.00307	0.00719	0.29367	0.00711	0.00880
22	0.02346	0.37949	0.08981	0.01940	0.07373	0.25114	0.01636	0.02658	0.01846	0.02003	0.01202	0.01414	0.01036	0.00734	0.00621	0.00194	0.01080	0.00489	0.00366	0.01016
23	0.00988	0.00706	0.00943	0.01113	0.01172	0.00661	0.00759	0.01148	0.01571	0.02102	0.07809	0.65411	0.05340	0.02425	0.01011	0.00320	0.00466	0.04658	0.00743	0.00653
24	0.01590	0.04102	0.68023	0.02260	0.03432	0.01842	0.02930	0.02511	0.01674	0.02511	0.01423	0.01674	0.01005	0.00753	0.00753	0.00251	0.01172	0.00586	0.00335	0.01172
25	0.01927	0.01848	0.03154	0.09895	0.62436	0.01875	0.02416	0.02402	0.01789	0.02547	0.01485	0.01974	0.01241	0.00713	0.00786	0.00238	0.00951	0.00706	0.00389	0.01227
26	0.01894	0.01814	0.03094	0.14562	0.58030	0.01866	0.02399	0.02373	0.01773	0.02507	0.01479	0.01985	0.01227	0.00719	0.00786	0.00240	0.00959	0.00706	0.00387	0.01200
27	0.65900	0.01726	0.06521	0.06438	0.01984	0.01783	0.01125	0.02322	0.01393	0.03358	0.01153	0.01382	0.00885	0.00742	0.00535	0.00247	0.00691	0.00463	0.00468	0.00885
28	0.02373	0.51925	0.03582	0.01563	0.02160	0.22914	0.01410	0.02612	0.01802	0.01888	0.01139	0.01320	0.01019	0.00720	0.00571	0.00180	0.01023	0.00450	0.00360	0.00988
29	0.01644	0.01409	0.01644	0.01175	0.01879	0.01057	0.00940	0.01997	0.01644	0.02584	0.01409	0.01644	0.01175	0.00587	0.00587	0.00117	0.00587	0.00470	0.00470	0.76979
30	0.01690	0.01756	0.02956	0.07575	0.02916	0.04280	0.23066	0.02069	0.01573	0.02190	0.03978	0.08820	0.01765	0.01347	0.03904	0.00334	0.27492	0.00953	0.00427	0.00908
31	0.01598	0.01168	0.01369	0.01322	0.01575	0.01224	0.00978	0.10909	0.16100	0.05517	0.09240	0.37977	0.04134	0.01819	0.00920	0.00289	0.00557	0.01605	0.00782	0.00917
32	0.02217	0.64679	0.03936	0.01436	0.02083	0.10720	0.01377	0.02466	0.01685	0.01874	0.01117	0.01290	0.01018	0.00694	0.00533	0.00174	0.00915	0.00434	0.00347	0.01006
33	0.04378	0.01549	0.02059	0.09034	0.02390	0.01683	0.03605	0.07634	0.01664	0.02504	0.01379	0.01847	0.01175	0.01204	0.04373	0.03446	0.20274	0.00621	0.00443	0.28736
34	0.05845	0.05566	0.02182	0.01760	0.02252	0.28879	0.01391	0.25933	0.05575	0.03279	0.04959	0.02187	0.04835	0.00968	0.00752	0.00225	0.01026	0.00699	0.00609	0.01076
35	0.01424	0.01312	0.01818	0.01686	0.01705	0.01707	0.01331	0.01583	0.01337	0.01955	0.02388	0.30012	0.02742	0.01832	0.01959	0.00337	0.42265	0.01325	0.00504	0.00777
36	0.00975	0.00694	0.00918	0.01093	0.01137	0.00650	0.00725	0.01106	0.01502	0.02002	0.04286	0.68622	0.05138	0.05621	0.01148	0.00342	0.00474	0.02205	0.00725	0.00637
37	0.02189	0.01892	0.01969	0.01801	0.04805	0.05170	0.01357	0.13974	0.50021	0.03499	0.02847	0.02674	0.02132	0.01028	0.00799	0.00260	0.00718	0.00841	0.00769	0.01255
38	0.01758	0.01678	0.02832	0.32207	0.38476	0.01856	0.02307	0.02240	0.01688	0.02324	0.01438	0.02017	0.01163	0.00772	0.00866	0.00252	0.03965	0.00705	0.00374	0.01082
39	0.00966	0.00690	0.00920	0.01104	0.01150	0.00644	0.00736	0.01104	0.01518	0.02024	0.04371	0.71614	0.05245	0.02484	0.01012	0.00322	0.00460	0.02254	0.00736	0.00644
40	0.01102	0.00892	0.00999	0.01019	0.01269	0.00825	0.00797	0.01512	0.07021	0.02378	0.12709	0.09996	0.41912	0.01947	0.00958	0.00286	0.00479	0.12409	0.00755	0.00735
41	0.02232	0.61760	0.03856	0.01417	0.02060	0.02961	0.01371	0.05873	0.01748	0.05678	0.01256	0.01406	0.01089	0.00741	0.00630	0.00185	0.03818	0.00472	0.00400	0.01048
42	0.05218	0.00907	0.00975	0.00937	0.01045	0.00935	0.00604	0.06109	0.01466	0.02175	0.02502	0.08022	0.02647	0.46861	0.02837	0.00576	0.00682	0.01072	0.13810	0.00619
43	0.01161	0.00840	0.01230	0.01230	0.01375	0.00970	0.00955	0.01452	0.01307	0.01933	0.02162	0.03102	0.01987	0.05531	0.63323	0.01184	0.01979	0.00840	0.06726	0.00711
44	0.02018	0.01726	0.01819	0.01623	0.02079	0.01994	0.01266	0.06850	0.63042	0.03391	0.03170	0.02912	0.02374	0.01070	0.00806	0.00268	0.00638	0.00889	0.00806	0.01259
45	0.01619	0.01550	0.02674	0.52464	0.19230	0.01801	0.05149	0.02141	0.01648	0.02177	0.01437	0.02081	0.01108	0.00768	0.00798	0.00258	0.01044	0.00716	0.00364	0.00974
46	0.01122	0.00811	0.01060	0.00998	0.01185	0.00748	0.00748	0.01496	0.02245	0.03180	0.66766	0.05923	0.07482	0.01621	0.00935	0.00249	0.00374	0.01434	0.00873	0.00748
47	0.01153	0.00769	0.00865	0.00865	0.00865	0.00769	0.00480	0.01153	0.01153	0.01538	0.02499	0.05189	0.02883	0.72131	0.04036	0.00769	0.00769	0.01153	0.00480	0.00480
48	0.02957	0.02193	0.02347	0.01813	0.02437	0.02432	0.01493	0.61209	0.07153	0.04905	0.01977	0.01962	0.01408	0.00959	0.00794	0.00240	0.00859	0.00724	0.00794	0.01343
49	0.02738	0.02902	0.02082	0.01814	0.02258	0.39856	0.01399	0.18367	0.07464	0.02917	0.01696	0.01831	0.01320	0.00882	0.00724	0.00216	0.01115	0.00616	0.08770	0.01033
50	0.01220	0.00871	0.01211	0.01394	0.01551	0.00863	0.01177	0.01542	0.01768	0.02308	0.04231	0.20637	0.04691	0.02245	0.01080	0.00357	0.00680	0.50730	0.00731	0.00714
51	0.01644	0.01409	0.01644	0.01175	0.01879	0.01057	0.00940	0.01997	0.01644	0.02584	0.01409	0.01644	0.01175	0.00587	0.00587	0.00117	0.00587	0.00470	0.00470	0.76979
52	0.00975	0.00697	0.00928	0.01098	0.01152	0.00650	0.00737	0.01126	0.01558	0.02088	0.07816	0.67986	0.05368	0.02437	0.01008	0.00318	0.00455	0.02209	0.00744	0.00650
53	0.60475	0.05046	0.01374	0.01197	0.04138	0.01712	0.00926	0.02236	0.01483	0.03374	0.07818	0.01841	0.01594	0.00828	0.00551	0.00239	0.00606	0.00553	0.03142	0.00867
54	0.01904	0.01840	0.03003	0.09270	0.57188	0.03789	0.02297	0.02353	0.01787	0.02500	0.01637	0.05808	0.01455	0.00814	0.00796	0.00241	0.00938	0.00786	0.00409	0.01185
55	0.01639	0.01604	0.02141	0.01884	0.01935	0.04830	0.01546	0.01841	0.01272	0.01893	0.01312	0.02058	0.01269	0.02472	0.18659	0.00566	0.51154	0.00724	0.00368	0.00831
56	0.02205	0.01440	0.01515	0.01253	0.01650	0.01553	0.01005	0.31504	0.02640	0.03922	0.02264	0.02459	0.01709	0.00937	0.00667	0.00210	0.00608	0.00727	0.40706	0.01027
57	0.01847	0.02162	0.06616	0.03165	0.03892	0.02047	0.55266	0.02469	0.01792	0.02469	0.01536	0.02078	0.01178	0.00751	0.01114	0.00276	0.09001	0.00897	0.00393	0.01051
58	0.02881	0.03594	0.02193	0.01983	0.02395	0.63468	0.01493	0.05547	0.02289	0.02072	0.01533	0.01704	0.03745	0.00872	0.00727	0.00208	0.01365	0.00567	0.00438	0.00926
59	0.01533	0.03595	0.56825	0.02165	0.03186	0.01706	0.05521	0.02354	0.01691	0.02495	0.04091	0.07877	0.01618	0.00930	0.00791	0.00258	0.01089	0.00777	0.00392	0.01106
60	0.03012	0.02291	0.02374	0.01834	0.02459	0.05444	0.01508	0.61785	0.03662	0.04860	0.01873	0.01883	0.01334	0.00946	0.00790	0.00236	0.00898	0.00705	0.00776	0.01329
61	0.01133	0.00850	0.01274	0.01274	0.01416	0.00991	0.00991	0.01416	0.01274	0.01841	0.02124	0.03115	0.01982	0.05947	0.68989	0.01274	0.02124	0.00850	0.00425	0.00708
62	0.03558	0.01350	0.01840	0.01411	0.02024	0.01166	0.01166	0.03865	0.02270	0.67734	0.03128	0.02699	0.01963	0.00981	0.00797	0.00245	0.00675	0.00797	0.00981	0.01350
63	0.01653	0.01568	0.02659	0.48406	0.26068	0.01803	0.02280	0.02162	0.01659	0.02215	0.01437	0.02064	0.01124	0.00764	0.00790	0.00255	0.01019	0.00705	0.00366	0.01006
64	0.01266	0.00905	0.01265	0.01447	0.01625	0.00903	0.01258	0.01623	0.01814	0.02360	0.04205	0.11232	0.04589	0.02201	0.01092	0.00364	0.00720	0.59672	0.00730	0.00727
65	0.00966	0.00690	0.00920	0.01104	0.01150	0.00644	0.00736	0.01104	0.01518	0.02024	0.04371	0.71614	0.05245	0.02484	0.01012	0.00322	0.00460	0.02254	0.00736	0.00644
66	0.01122	0.00811	0.01060	0.00998	0.01185	0.00748	0.00748	0.01496	0.02245	0.03180	0.66766	0.05923	0.07482	0.01621	0.00935	0.00249	0.00374	0.01434	0.00873	0.00748
67	0.01498	0.01409	0.02378	0.70226	0.05462	0.01762	0.02202	0.02026	0.01586	0.02026	0.01409	0.02114	0.01057	0.00793	0.00793	0.00264	0.01057	0.00705	0.00352	0.00881
68	0.01256	0.00849	0.00949	0.00918	0.00953	0.00862	0.00537	0.04653	0.01295	0.01729	0.02466	0.05008	0.02798	0.68201	0.03857	0.00739	0.00775	0.01129	0.00498	0.00528
69	0.03558	0.01350	0.01840	0.01411	0.02024	0.01166	0.01166	0.03865	0.02270	0.67734	0.03128	0.02699	0.01963	0.00981	0.00797	0.00245	0.00675	0.00797	0.00981	0.01350
70	0.01590	0.04102	0.68023	0.02260	0.03432	0.01842	0.02930	0.02511	0.01674	0.02511	0.01423	0.01674	0.01005	0.00753	0.00753	0.00251	0.01172	0.00586	0.00335	0.01172
71	0.00966	0.00690	0.00920	0.01104	0.01150	0.00644	0.00736	0.01104	0.01518	0.02024	0.04371	0.71614	0.05245	0.02484	0.01012	0.00322	0.00460	0.02254	0.00736	0.00644
72	0.02132	0.02136	0.03062	0.04387	0.56377	0.10332	0.02282	0.05094	0.01941	0.02609	0.01475	0.01893	0.01230	0.00731	0.00777	0.00232	0.01000	0.00682	0.00411	0.01218
73	0.03272	0.01286	0.01749	0.01362	0.01926	0.01117	0.01117	0.03587	0.02267	0.60167	0.10588	0.03077	0.02610	0.01056	0.00814	0.00246	0.00640	0.00872	0.00969	0.01279
74	0.00939	0.00795	0.00812	0.00827	0.01077	0.00667	0.00613	0.01135	0.01785	0.02133	0.07751	0.12566	0.62111	0.02045	0.00943	0.00272	0.00406	0.01718	0.00736	0.00667
75	0.01854	0.02209	0.07357	0.03244	0.04030	0.02015	0.59111	0.02513	0.01837	0.02513	0.01574	0.02103	0.01188	0.00701	0.00995	0.00270	0.04114	0.00911	0.00396	0.01066
76	0.02124	0.65820	0.07752	0.01437	0.02133	0.05785	0.01455	0.02415	0.01641	0.01906	0.01126	0.01302	0.01017	0.00688	0.00531	0.00176	0.00891	0.00437	0.00342	0.01022
77	0.01348	0.00942	0.01196	0.01065	0.01342	0.00855	0.00813	0.01792	0.04774	0.06686	0.53587	0.05161	0.06288	0.01452	0.00885	0.00236	0.00424	0.01273	0.00833	0.09049
78	0.05873	0.17280	0.02601	0.01838	0.02331	0.45016	0.01466	0.10353	0.02261	0.02360	0.01278	0.01450	0.01053	0.00802	0.00674	0.00203	0.01213	0.00514	0.00444	0.00988
79	0.04853	0.24333	0.42570	0.05693	0.03049	0.02222	0.02335	0.02436	0.01637	0.02334	0.01313	0.01562	0.01005	0.00732	0.00672	0.00227	0.01046	0.00538	0.00343	0.01097
80	0.03558	0.01350	0.01840	0.01411	0.02024	0.01166	0.01166	0.03865	0.02270	0.67734	0.03128	0.02699	0.01963	0.00981	0.00797	0.00245	0.00675	0.00797	0.00981	0.01350
81	0.01675	0.03363	0.45130	0.05662	0.03748	0.01890	0.22213	0.02499	0.01732	0.02499	0.01479	0.01840	0.01069	0.00728	0.00813	0.00257	0.01219	0.00701	0.00356	0.01127
82	0.05901	0.25132	0.02583	0.01395	0.02001	0.01947	0.01225	0.07225	0.04702	0.33585	0.05075	0.02265	0.01822	0.00900	0.00695	0.00221	0.00728	0.00684	0.00723	0.01189
83	0.07104	0.03257	0.02221	0.01932	0.02403	0.48243	0.01489	0.18808	0.02576	0.02811	0.01392	0.01543	0.01096	0.00847	0.00723	0.00215	0.01242	0.00558	0.00511	0.01026
84	0.01153	0.00769	0.00865	0.00865	0.00865	0.00769	0.00480	0.01153	0.01153	0.01538	0.02499	0.05189	0.02883	0.72131	0.04036	0.00769	0.00769	0.01153	0.00480	0.00480
85	0.02462	0.20101	0.05579	0.02001	0.07441	0.31145	0.01557	0.08476	0.05799	0.02369	0.01747	0.01890	0.04483	0.00859	0.00695	0.00210	0.01088	0.00608	0.00462	0.01027
86	0.01077	0.00809	0.00997	0.00950	0.01157	0.00729	0.00713	0.01409	0.02138	0.02926	0.52370	0.06342	0.22038	0.01716	0.00936	0.00254	0.00381	0.01493	0.00839	0.00729
87	0.03558	0.01350	0.01840	0.01411	0.02024	0.01166	0.01166	0.03865	0.02270	0.67734	0.03128	0.02699	0.01963	0.00981	0.00797	0.00245	0.00675	0.00797	0.00981	0.01350
88	0.01539	0.01415	0.02208	0.51977	0.07402	0.01700	0.01950	0.02268	0.10093	0.02278	0.04817	0.02642	0.04594	0.00919	0.00807	0.00263	0.00935	0.00807	0.00455	0.00931
89	0.02956	0.02114	0.02361	0.01952	0.05984	0.02308	0.01522	0.53969	0.06042	0.09634	0.02030	0.02011	0.01435	0.00946	0.00794	0.00240	0.00851	0.00727	0.00786	0.01340
90	0.01954	0.02107	0.02488	0.02126	0.02229	0.13995	0.04212	0.02153	0.01421	0.01939	0.01096	0.01698	0.01044	0.01260	0.02207	0.00319	0.55838	0.00672	0.00360	0.00885
91	0.02366	0.01595	0.01687	0.01366	0.01811	0.01733	0.01105	0.38060	0.02856	0.04135	0.02192	0.02348	0.01637	0.00940	0.00692	0.00216	0.00660	0.00725	0.32785	0.01091
92	0.01863	0.01939	0.03724	0.03464	0.23514	0.01812	0.34525	0.02418	0.01814	0.02563	0.01537	0.02003	0.01215	0.00667	0.00831	0.00233	0.01090	0.00788	0.00410	0.13592
93	0.02428	0.29696	0.02897	0.01781	0.04992	0.28205	0.01433	0.07443	0.02044	0.02258	0.01472	0.01898	0.01293	0.00845	0.00655	0.00202	0.01045	0.03621	0.04808	0.00985
94	0.01153	0.00769	0.00865	0.00865	0.00865	0.00769	0.00480	0.01153	0.01153	0.01538	0.02499	0.05189	0.02883	0.72131	0.04036	0.00769	0.00769	0.01153	0.00480	0.00480
95	0.03558	0.01350	0.01840	0.01411	0.02024	0.01166	0.01166	0.03865	0.02270	0.67734	0.03128	0.02699	0.01963	0.00981	0.00797	0.00245	0.00675	0.00797	0.00981	0.01350
96	0.01153	0.00769	0.00865	0.00865	0.00865	0.00769	0.00480	0.01153	0.01153	0.01538	0.02499	0.05189	0.02883	0.72131	0.04036	0.00769	0.00769	0.01153	0.00480	0.00480
97	0.01122	0.00811	0.01060	0.00998	0.01185	0.00748	0.00748	0.01496	0.02245	0.03180	0.66766	0.05923	0.07482	0.01621	0.00935	0.00249	0.00374	0.01434	0.00873	0.00748
98	0.01735	0.01735	0.02429	0.02082	0.02082	0.02429	0.01735	0.01908	0.01214	0.01908	0.01041	0.01735	0.01041	0.01388	0.02602	0.00347	0.70680	0.00694	0.00347	0.00867
99	0.01002	0.00843	0.00874	0.00859	0.01126	0.00735	0.00646	0.01310	0.04648	0.02304	0.14053	0.07246	0.57749	0.01926	0.00931	0.00266	0.00409	0.01614	0.00754	0.00703
100	0.03558	0.01350	0.01840	0.01411	0.02024	0.01166	0.01166	0.03865	0.02270	0.67734	0.03128	0.02699	0.01963	0.00981	0.00797	0.00245	0.00675	0.00797	0.00981	0.01350
101	0.01578	0.01505	0.02128	0.01872	0.01909	0.02055	0.01541	0.01780	0.01230	0.01891	0.01323	0.02094	0.01286	0.02574	0.19876	0.00588	0.52842	0.00734	0.00367	0.00826
102	0.03558	0.01350	0.01840	0.01411	0.02024	0.01166	0.01166	0.03865	0.02270	0.67734	0.03128	0.02699	0.01963	0.00981	0.00797	0.00245	0.00675	0.00797	0.00981	0.01350
103	0.01931	0.02340	0.07838	0.06033	0.06232	0.07350	0.51111	0.02563	0.01877	0.02471	0.01552	0.02049	0.01173	0.00692	0.00897	0.00260	0.01310	0.00865	0.00396	0.01062
104	0.01153	0.00769	0.00865	0.00865	0.00865	0.00769	0.00480	0.01153	0.01153	0.01538	0.02499	0.05189	0.02883	0.72131	0.04036	0.00769	0.00769	0.01153	0.00480	0.00480
105	0.01699	0.03950	0.64365	0.02213	0.03354	0.01804	0.02832	0.02586	0.01707	0.06116	0.01517	0.01731	0.01057	0.00766	0.00756	0.00251	0.01144	0.00598	0.00371	0.01182
106	0.01335	0.01181	0.01644	0.03956	0.01723	0.01471	0.01239	0.01520	0.01430	0.02034	0.05430	0.34017	0.03345	0.01904	0.01694	0.00329	0.30948	0.03485	0.00559	0.00757
107	0.02592	0.01980	0.02074	0.01687	0.02190	0.05186	0.01350	0.48677	0.03206	0.04246	0.02378	0.16171	0.02132	0.01260	0.00834	0.00254	0.00814	0.01020	0.00764	0.01184
108	0.01845	0.02070	0.04434	0.08762	0.06857	0.01981	0.56773	0.02495	0.01846	0.02501	0.01584	0.02130	0.01194	0.00680	0.00918	0.00266	0.01298	0.00908	0.00397	0.01062
109	0.74544	0.01641	0.03965	0.01094	0.01613	0.01782	0.00946	0.02339	0.01363	0.03514	0.01118	0.01304	0.00865	0.00737	0.00502	0.00246	0.00637	0.00436	0.00484	0.00872
110	0.02924	0.06879	0.02333	0.02012	0.02433	0.65984	0.01524	0.03131	0.02219	0.01937	0.01220	0.01423	0.01021	0.00811	0.00706	0.00203	0.01404	0.00507	0.00405	0.00924
111	0.01739	0.01677	0.06789	0.01520	0.01980	0.01642	0.01275	0.03350	0.42808	0.03148	0.14678	0.03571	0.03255	0.01168	0.00825	0.00259	0.00625	0.03437	0.00760	0.05492
112	0.02020	0.01993	0.03163	0.04705	0.63460	0.05743	0.02382	0.02476	0.01831	0.02553	0.01476	0.01932	0.01243	0.00713	0.00781	0.00234	0.00970	0.00695	0.00393	0.01237
113	0.01714	0.01747	0.05709	0.37382	0.33505	0.01821	0.02340	0.02234	0.01690	0.02305	0.01448	0.02025	0.01145	0.00752	0.00788	0.00251	0.01010	0.00700	0.00370	0.01065
114	0.10873	0.01668	0.01855	0.01462	0.02013	0.01741	0.01199	0.30108	0.02731	0.24469	0.02302	0.02236	0.01586	0.00935	0.00730	0.00234	0.00713	0.00714	0.11220	0.01213
115	0.01804	0.01172	0.01338	0.01204	0.01584	0.01151	0.00948	0.02611	0.19542	0.16323	0.09626	0.05261	0.27849	0.01519	0.00881	0.00267	0.00537	0.04585	0.00817	0.00982
116	0.04772	0.01135	0.01638	0.01489	0.01699	0.01254	0.05984	0.07525	0.01592	0.02275	0.02347	0.15944	0.02385	0.03232	0.24515	0.10482	0.06905	0.03552	0.00516	0.00759
117	0.00952	0.00808	0.00824	0.00831	0.01095	0.00680	0.00631	0.01160	0.01808	0.02152	0.07870	0.07688	0.64206	0.02016	0.00944	0.00272	0.00416	0.04240	0.00736	0.00672
118	0.00964	0.00697	0.00913	0.01087	0.01146	0.00646	0.00728	0.01106	0.01535	0.02031	0.04581	0.67932	0.08790	0.02457	0.01008	0.00319	0.00457	0.02221	0.00736	0.00646
119	0.01869	0.02103	0.04474	0.03357	0.07511	0.02022	0.57430	0.02499	0.01832	0.02508	0.01567	0.02107	0.01197	0.00710	0.01020	0.00270	0.05148	0.00910	0.00398	0.01069
120	0.02320	0.08454	0.02717	0.19580	0.13602	0.27056	0.04655	0.07994	0.02069	0.02352	0.01380	0.01747	0.01104	0.00787	0.00745	0.00227	0.01157	0.00620	0.00419	0.01016
121	0.03558	0.01350	0.01840	0.01411	0.02024	0.01166	0.01166	0.03865	0.02270	0.67734	0.03128	0.02699	0.01963	0.00981	0.00797	0.00245	0.00675	0.00797	0.00981	0.01350
122	0.04096	0.00814	0.00854	0.00860	0.01034	0.00746	0.00589	0.01200	0.01577	0.02035	0.07723	0.11048	0.37758	0.24047	0.01900	0.00428	0.00529	0.01493	0.00651	0.00618
123	0.01718	0.03610	0.55937	0.02297	0.05972	0.01752	0.04749	0.02512	0.01688	0.06211	0.01528	0.01798	0.01096	0.00863	0.00882	0.04133	0.01115	0.00620	0.00377	0.01140
124	0.01166	0.00984	0.04105	0.01240	0.01431	0.00861	0.00998	0.01569	0.05060	0.02525	0.21790	0.30895	0.05376	0.02018	0.00989	0.00306	0.00543	0.16635	0.00759	0.00750
125	0.43938	0.13824	0.01965	0.01381	0.01879	0.21229	0.01133	0.02577	0.01649	0.02818	0.01139	0.01326	0.00931	0.00750	0.00558	0.00221	0.00886	0.00452	0.00442	0.00902
126	0.03558	0.01350	0.01840	0.01411	0.02024	0.01166	0.01166	0.03865	0.02270	0.67734	0.03128	0.02699	0.01963	0.00981	0.00797	0.00245	0.00675	0.00797	0.00981	0.01350
127	0.01909	0.02101	0.09734	0.06487	0.56863	0.01880	0.04549	0.02433	0.01788	0.02564	0.01486	0.01944	0.01223	0.00713	0.00787	0.00239	0.00982	0.00702	0.00386	0.01230
128	0.01644	0.01409	0.01644	0.01175	0.01879	0.01057	0.00940	0.01997	0.01644	0.02584	0.01409	0.01644	0.01175	0.00587	0.00587	0.00117	0.00587	0.00470	0.00470	0.76979
129	0.01979	0.01748	0.02566	0.08955	0.37706	0.04453	0.01923	0.02655	0.11677	0.06152	0.01931	0.04719	0.01598	0.00943	0.00891	0.03695	0.00864	0.00779	0.00500	0.04265
130	0.01629	0.06601	0.57369	0.05121	0.06024	0.01917	0.02766	0.02458	0.01655	0.02444	0.01397	0.01690	0.01019	0.00776	0.00822	0.00252	0.03984	0.00594	0.00339	0.01145
131	0.01280	0.01032	0.01518	0.01419	0.01609	0.01030	0.07780	0.06275	0.01769	0.02384	0.08886	0.44857	0.06514	0.05167	0.01185	0.00323	0.03746	0.01783	0.00686	0.00758
132	0.00966	0.00690	0.00920	0.01104	0.01150	0.00644	0.00736	0.01104	0.01518	0.02024	0.04371	0.71614	0.05245	0.02484	0.01012	0.00322	0.00460	0.02254	0.00736	0.00644
133	0.01584	0.03657	0.56997	0.02330	0.06154	0.01767	0.05600	0.02431	0.01733	0.02568	0.06474	0.02037	0.01525	0.00814	0.00777	0.00251	0.01108	0.00673	0.00382	0.01138
134	0.03046	0.04542	0.01944	0.01492	0.02055	0.04623	0.01215	0.03863	0.19203	0.44697	0.02981	0.02649	0.02002	0.00986	0.00784	0.00247	0.00705	0.00795	0.00881	0.01290
135	0.03318	0.01458	0.04585	0.01456	0.02067	0.01211	0.01248	0.03720	0.04448	0.59813	0.03109	0.02946	0.02056	0.01030	0.00809	0.00252	0.00696	0.03533	0.00937	0.01311
136	0.01029	0.00744	0.00980	0.01111	0.01210	0.00695	0.00795	0.01238	0.01697	0.02273	0.15389	0.49230	0.08955	0.02273	0.01005	0.00312	0.00474	0.09156	0.00759	0.00674
137	0.01823	0.02038	0.04317	0.11014	0.04209	0.01995	0.54463	0.02454	0.01811	0.02454	0.01558	0.02119	0.01179	0.00713	0.00990	0.00270	0.04262	0.00899	0.00393	0.01039
138	0.05533	0.05829	0.02351	0.08521	0.02695	0.32702	0.01556	0.25569	0.02668	0.03129	0.01483	0.01659	0.01139	0.00855	0.00734	0.00223	0.01134	0.00598	0.00545	0.01075
139	0.01080	0.00782	0.01045	0.01214	0.01328	0.00746	0.00928	0.01308	0.01655	0.02163	0.04582	0.43392	0.09634	0.02339	0.01038	0.00334	0.00557	0.24462	0.00734	0.00678
140	0.01908	0.02003	0.03610	0.06296	0.23909	0.04662	0.31159	0.02621	0.07978	0.02567	0.01798	0.04564	0.01465	0.00795	0.00863	0.00257	0.01105	0.00878	0.00447	0.01118
141	0.04622	0.01465	0.05185	0.04150	0.01938	0.03535	0.01168	0.05501	0.13145	0.16735	0.03085	0.24076	0.02853	0.01414	0.00831	0.00265	0.00658	0.01213	0.03910	0.04252
142	0.70745	0.01769	0.07301	0.01155	0.01708	0.01785	0.01049	0.02348	0.01379	0.03462	0.01133	0.01324	0.00872	0.00738	0.00515	0.00246	0.00665	0.00444	0.00476	0.00888
143	0.01927	0.01898	0.03089	0.15453	0.51985	0.04798	0.04523	0.02402	0.01791	0.02468	0.01470	0.01970	0.01211	0.00724	0.00789	0.00240	0.00996	0.00706	0.00387	0.01173
144	0.05811	0.01636	0.01883	0.10096	0.04771	0.05381	0.01365	0.05417	0.24926	0.17195	0.02602	0.05392	0.01972	0.01036	0.00845	0.00258	0.03315	0.00837	0.04128	0.01133

[dist]
# distance from previous block
# <min> <max>
1	2

[block]
# block no. 2 follows, 24 sequences, length 11
# corresponding to MSA columns:
# 241-251
name=unknown_C
#
# <colnr> <probs for GDERKNQSTAVLIFYWHMCP>
#	G	D	E	R	K	N	Q	S	T	A	V	L	I	F	Y	W	H	M	C	P
0	0.01232	0.00915	0.01127	0.03501	0.01419	0.00893	0.00840	0.06636	0.01753	0.02324	0.07247	0.37022	0.11863	0.11607	0.01374	0.00358	0.00566	0.05086	0.00689	0.03547
1	0.06399	0.01581	0.01597	0.01296	0.01752	0.04507	0.01028	0.25041	0.02399	0.03550	0.01985	0.02316	0.01574	0.05107	0.00859	0.00232	0.00677	0.00681	0.23416	0.14004
2	0.02048	0.01649	0.02313	0.01842	0.02301	0.01716	0.12000	0.21805	0.02296	0.06026	0.02357	0.18900	0.02246	0.01282	0.01041	0.00261	0.08296	0.01100	0.00635	0.09885
3	0.01660	0.13037	0.59693	0.02142	0.03250	0.02011	0.02725	0.02493	0.01666	0.02427	0.01381	0.01622	0.01006	0.00744	0.00721	0.00240	0.01130	0.00565	0.00335	0.01152
4	0.02075	0.66825	0.09548	0.01433	0.02153	0.03028	0.01490	0.02386	0.01617	0.01920	0.01130	0.01306	0.01017	0.00685	0.00529	0.00176	0.00875	0.00438	0.00339	0.01031
5	0.01963	0.01884	0.03219	0.04867	0.67185	0.01884	0.02434	0.02434	0.01806	0.02591	0.01492	0.01963	0.01256	0.00707	0.00785	0.00236	0.00942	0.00707	0.00393	0.01256
6	0.01590	0.04102	0.68023	0.02260	0.03432	0.01842	0.02930	0.02511	0.01674	0.02511	0.01423	0.01674	0.01005	0.00753	0.00753	0.00251	0.01172	0.00586	0.00335	0.01172
7	0.02962	0.03779	0.02247	0.02043	0.02451	0.68948	0.01532	0.03166	0.02247	0.01941	0.01226	0.01430	0.01021	0.00817	0.00715	0.00204	0.01430	0.00511	0.00409	0.00919
8	0.01054	0.00993	0.05670	0.01069	0.01277	0.00769	0.00841	0.01305	0.01735	0.02310	0.19094	0.30741	0.20213	0.07762	0.01206	0.00324	0.00502	0.01718	0.00718	0.00698
9	0.02317	0.01546	0.01942	0.01442	0.02108	0.01348	0.04208	0.10483	0.04898	0.19069	0.01988	0.02021	0.01448	0.00757	0.00692	0.00178	0.00684	0.00624	0.00649	0.41598
10	0.01650	0.01167	0.01440	0.01320	0.01566	0.01235	0.01024	0.13177	0.05709	0.05274	0.20814	0.13543	0.04068	0.04412	0.04089	0.06809	0.04162	0.06967	0.00723	0.00853

[dist]
# distance from previous block
# <min> <max>
7	19

[block]
# block no. 3 follows, 24 sequences, length 21
# corresponding to MSA columns:
# 271-291
name=unknown_D
#
# <colnr> <probs for GDERKNQSTAVLIFYWHMCP>
#	G	D	E	R	K	N	Q	S	T	A	V	L	I	F	Y	W	H	M	C	P
0	0.15756	0.13936	0.01893	0.03862	0.01789	0.01649	0.01052	0.10285	0.02069	0.05692	0.21933	0.06251	0.05609	0.01157	0.00738	0.00232	0.00620	0.00928	0.00655	0.03893
1	0.13796	0.02063	0.02004	0.01628	0.02150	0.07387	0.01306	0.38514	0.10048	0.04067	0.01903	0.02095	0.01460	0.05044	0.00986	0.02161	0.00840	0.00701	0.00691	0.01157
2	0.10604	0.01356	0.02055	0.54067	0.04493	0.01641	0.01860	0.01963	0.01582	0.02223	0.02120	0.02638	0.08462	0.00923	0.00773	0.00262	0.00930	0.00781	0.00412	0.00854
3	0.01732	0.01660	0.02112	0.10089	0.21633	0.07637	0.01597	0.02345	0.10291	0.02479	0.05386	0.05927	0.10584	0.01127	0.00863	0.00247	0.02661	0.03629	0.00543	0.07458
4	0.03014	0.02221	0.02380	0.01825	0.02459	0.02459	0.01507	0.64541	0.03728	0.04998	0.01904	0.01904	0.01349	0.00952	0.00793	0.00238	0.00873	0.00714	0.00793	0.01349
5	0.02153	0.62178	0.04077	0.01570	0.02241	0.07293	0.06714	0.02440	0.01674	0.01928	0.01153	0.01356	0.01034	0.00687	0.00558	0.00180	0.00927	0.00473	0.00349	0.01016
6	0.60025	0.01844	0.08788	0.01249	0.01811	0.01809	0.01140	0.02578	0.09132	0.03411	0.01396	0.01533	0.01063	0.00779	0.00558	0.00249	0.00678	0.00503	0.00511	0.00942
7	0.01934	0.01589	0.01753	0.01585	0.01995	0.01813	0.01258	0.10987	0.44392	0.03259	0.03041	0.03459	0.02459	0.01724	0.08532	0.00389	0.00837	0.07088	0.00754	0.01151
8	0.56723	0.05995	0.01432	0.01110	0.01593	0.01819	0.00923	0.08726	0.01647	0.03533	0.01352	0.01537	0.01050	0.00776	0.00530	0.00233	0.00628	0.00493	0.08992	0.00906
9	0.01941	0.49388	0.25804	0.01663	0.02509	0.02698	0.01890	0.02421	0.01633	0.02085	0.01211	0.01408	0.01013	0.00704	0.00592	0.00197	0.00958	0.00479	0.00338	0.01070
10	0.01232	0.00877	0.01075	0.01141	0.01245	0.00872	0.00776	0.08274	0.01700	0.02270	0.03746	0.51464	0.04368	0.15187	0.01546	0.00395	0.00564	0.01877	0.00695	0.00693
11	0.01822	0.01951	0.03747	0.02916	0.07442	0.01984	0.39405	0.02333	0.01697	0.02409	0.01451	0.01983	0.01168	0.00821	0.01255	0.00266	0.16535	0.00815	0.00396	0.09606
12	0.01127	0.00823	0.01058	0.01165	0.01290	0.00774	0.00820	0.04234	0.01651	0.02224	0.04053	0.59918	0.04757	0.02272	0.00980	0.00308	0.00505	0.05782	0.00722	0.05537
13	0.20999	0.01845	0.01923	0.01527	0.02083	0.02018	0.01249	0.37353	0.02791	0.12422	0.01899	0.02031	0.01392	0.04127	0.02663	0.00291	0.00813	0.00679	0.00721	0.01176
14	0.09359	0.02163	0.02277	0.01758	0.02381	0.02401	0.01452	0.59258	0.03526	0.04875	0.01836	0.01852	0.01307	0.00934	0.00768	0.00239	0.00851	0.00690	0.00768	0.01307
15	0.06440	0.01359	0.01276	0.01198	0.01509	0.07426	0.00907	0.08513	0.09132	0.02696	0.08893	0.16481	0.27847	0.01657	0.00871	0.00266	0.00595	0.01381	0.00713	0.00843
16	0.01112	0.00770	0.00881	0.00896	0.00936	0.00757	0.00538	0.01159	0.01263	0.01660	0.03266	0.11015	0.10267	0.55408	0.06269	0.00696	0.00760	0.01292	0.00529	0.00526
17	0.09677	0.01983	0.01869	0.01558	0.02013	0.12849	0.01243	0.25199	0.02535	0.12342	0.02088	0.06437	0.01654	0.01028	0.00823	0.00238	0.04167	0.00765	0.10445	0.01086
18	0.02033	0.01603	0.02002	0.01671	0.02048	0.01758	0.05308	0.27179	0.05270	0.03406	0.07564	0.15965	0.02777	0.04115	0.01191	0.00294	0.08541	0.03814	0.00692	0.02769
19	0.53950	0.01770	0.04468	0.06723	0.02107	0.01911	0.01182	0.14273	0.01840	0.03667	0.01296	0.01489	0.00975	0.00783	0.00584	0.00246	0.00723	0.00513	0.00531	0.00969
20	0.02348	0.01594	0.01853	0.03208	0.02131	0.01713	0.01321	0.21538	0.19569	0.13924	0.05731	0.03940	0.02654	0.01270	0.00866	0.00275	0.00729	0.13371	0.00807	0.01160

[dist]
# distance from previous block
# <min> <max>
18	25

[block]
# block no. 4 follows, 24 sequences, length 19
# corresponding to MSA columns:
# 319-337
name=unknown_E
#
# <colnr> <probs for GDERKNQSTAVLIFYWHMCP>
#	G	D	E	R	K	N	Q	S	T	A	V	L	I	F	Y	W	H	M	C	P
0	0.34376	0.01413	0.01361	0.01167	0.01616	0.03800	0.00931	0.02755	0.04967	0.21927	0.03550	0.02324	0.01675	0.05182	0.00836	0.00270	0.00636	0.00666	0.09563	0.00984
1	0.01178	0.00846	0.01159	0.01335	0.01483	0.00828	0.01100	0.01473	0.01739	0.02267	0.04397	0.26373	0.07202	0.02265	0.01066	0.00349	0.00642	0.42861	0.00732	0.00704
2	0.01994	0.01458	0.01923	0.01390	0.02087	0.01152	0.06081	0.02364	0.01771	0.13860	0.01723	0.01867	0.01313	0.00662	0.00652	0.00152	0.00663	0.00564	0.00553	0.57773
3	0.62510	0.01695	0.05646	0.01180	0.01702	0.01753	0.01041	0.06090	0.01571	0.03527	0.04280	0.01776	0.01305	0.00831	0.00564	0.00249	0.00658	0.02198	0.00523	0.00901
4	0.01535	0.01448	0.02446	0.64963	0.10432	0.01772	0.02221	0.02059	0.01603	0.02072	0.01416	0.02102	0.01073	0.00786	0.00792	0.00262	0.01048	0.00705	0.00356	0.00911
5	0.01144	0.01171	0.08577	0.01130	0.01424	0.00855	0.00979	0.01544	0.02079	0.02910	0.48636	0.10901	0.12369	0.01631	0.00921	0.00257	0.00474	0.01428	0.00788	0.00780
6	0.01868	0.01522	0.01742	0.01296	0.01947	0.01303	0.01037	0.14034	0.02040	0.03016	0.01686	0.05973	0.01457	0.00774	0.00653	0.00153	0.00635	0.00626	0.00549	0.57690
7	0.04463	0.01258	0.01440	0.01525	0.05528	0.05248	0.01131	0.08761	0.02095	0.02809	0.17249	0.14400	0.09671	0.01722	0.00937	0.00290	0.00658	0.19259	0.00720	0.00836
8	0.01364	0.00855	0.01112	0.01045	0.01267	0.00776	0.00784	0.01687	0.02121	0.10238	0.47308	0.14414	0.10586	0.01690	0.00930	0.00260	0.00421	0.01488	0.00858	0.00797
9	0.01563	0.01343	0.01642	0.05378	0.02022	0.01114	0.01028	0.01894	0.01608	0.02457	0.01727	0.09569	0.01621	0.00849	0.00737	0.00160	0.03695	0.00695	0.00487	0.60412
10	0.01265	0.00990	0.01468	0.04334	0.01602	0.01018	0.07915	0.01458	0.01443	0.02015	0.05717	0.20952	0.03232	0.29792	0.02255	0.00478	0.04939	0.01334	0.07131	0.00664
11	0.02957	0.02053	0.02255	0.01722	0.02360	0.02192	0.01420	0.52286	0.03384	0.11866	0.01999	0.01971	0.01403	0.00924	0.00776	0.00228	0.00826	0.00702	0.00787	0.07890
12	0.00953	0.00804	0.00826	0.00820	0.01081	0.00676	0.00615	0.01169	0.01845	0.02232	0.13123	0.07484	0.61717	0.01975	0.00937	0.00266	0.00399	0.01653	0.00748	0.00676
13	0.01814	0.01550	0.01931	0.01393	0.02096	0.01279	0.05247	0.09088	0.01895	0.02853	0.01478	0.01707	0.01196	0.00634	0.00634	0.00141	0.00670	0.00529	0.00502	0.63364
14	0.01623	0.03910	0.62407	0.02486	0.08957	0.01845	0.02887	0.02505	0.01686	0.02518	0.01429	0.01699	0.01026	0.00749	0.00756	0.00250	0.01152	0.00596	0.00340	0.01179
15	0.02349	0.13014	0.02594	0.02487	0.16847	0.33495	0.01670	0.02646	0.01988	0.02144	0.01734	0.02706	0.01630	0.00987	0.00760	0.00231	0.01125	0.10168	0.00445	0.00980
16	0.01995	0.45253	0.21268	0.01640	0.02409	0.07797	0.01771	0.02433	0.01707	0.02108	0.04243	0.01610	0.01314	0.00753	0.00611	0.00198	0.00960	0.00522	0.00368	0.01040
17	0.06987	0.40257	0.03186	0.01514	0.02129	0.11750	0.01352	0.13537	0.04361	0.02623	0.01353	0.01486	0.01125	0.00759	0.00601	0.00192	0.00896	0.00507	0.00462	0.04923
18	0.06767	0.46749	0.03257	0.01381	0.01977	0.05995	0.01275	0.09202	0.01940	0.04783	0.06622	0.01956	0.03552	0.00844	0.00606	0.00195	0.00809	0.00590	0.00479	0.01020

[dist]
# distance from previous block
# <min> <max>
11	23

[block]
# block no. 5 follows, 24 sequences, length 9
# corresponding to MSA columns:
# 361-369
name=unknown_F
#
# <colnr> <probs for GDERKNQSTAVLIFYWHMCP>
#	G	D	E	R	K	N	Q	S	T	A	V	L	I	F	Y	W	H	M	C	P
0	0.09448	0.02265	0.02165	0.01748	0.02314	0.10249	0.01413	0.42281	0.13053	0.04243	0.01960	0.01958	0.01434	0.00936	0.00759	0.00239	0.00878	0.00693	0.00723	0.01239
1	0.01073	0.00735	0.00950	0.01076	0.01162	0.00698	0.00755	0.01274	0.01624	0.02251	0.11408	0.47458	0.04996	0.06490	0.01154	0.00332	0.00486	0.07536	0.07880	0.00663
2	0.02814	0.02300	0.02223	0.01788	0.02335	0.11800	0.01438	0.49781	0.03308	0.04280	0.02039	0.08406	0.01669	0.01077	0.00803	0.00241	0.00913	0.00830	0.00733	0.01221
3	0.01726	0.01321	0.02163	0.54306	0.04556	0.01570	0.01909	0.02130	0.01604	0.09679	0.01608	0.02216	0.01200	0.01037	0.01054	0.08935	0.00970	0.00714	0.00425	0.00875
4	0.01652	0.01729	0.03459	0.10605	0.03555	0.01667	0.39318	0.02189	0.01728	0.02369	0.01876	0.08790	0.01641	0.01344	0.07277	0.00353	0.01227	0.00984	0.00436	0.07804
5	0.02155	0.01476	0.01682	0.01512	0.01937	0.01601	0.01190	0.03657	0.41774	0.16484	0.03387	0.09792	0.02751	0.01272	0.00846	0.00276	0.00629	0.05569	0.00831	0.01178
6	0.02498	0.01781	0.01994	0.01620	0.02101	0.01947	0.01302	0.44332	0.03009	0.06892	0.02296	0.10400	0.01966	0.04191	0.09482	0.00396	0.00969	0.00931	0.00738	0.01156
7	0.50907	0.06970	0.01676	0.13614	0.02331	0.01871	0.01175	0.02449	0.05457	0.05324	0.01361	0.01588	0.01042	0.00771	0.00577	0.00244	0.00715	0.00520	0.00491	0.00916
8	0.02998	0.02084	0.02275	0.01762	0.02380	0.02276	0.01450	0.53157	0.08210	0.11969	0.02142	0.02073	0.01498	0.00965	0.00795	0.00241	0.00832	0.00737	0.00816	0.01342

[dist]
# distance from previous block
# <min> <max>
0	4

[block]
# block no. 6 follows, 24 sequences, length 10
# corresponding to MSA columns:
# 374-383
name=unknown_G
#
# <colnr> <probs for GDERKNQSTAVLIFYWHMCP>
#	G	D	E	R	K	N	Q	S	T	A	V	L	I	F	Y	W	H	M	C	P
0	0.09805	0.01172	0.01454	0.01515	0.06741	0.01178	0.01080	0.03772	0.08666	0.12118	0.16336	0.14796	0.07699	0.01516	0.00871	0.00276	0.00586	0.08734	0.00754	0.00931
1	0.01320	0.01104	0.01083	0.01083	0.01191	0.07816	0.00701	0.01409	0.01414	0.01805	0.02855	0.24737	0.03282	0.38264	0.02517	0.00526	0.00730	0.01371	0.00550	0.06241
2	0.29756	0.01895	0.06391	0.06039	0.07210	0.01877	0.06378	0.13663	0.07008	0.03390	0.01553	0.01758	0.01179	0.00785	0.00672	0.00236	0.00804	0.00609	0.00535	0.08260
3	0.01095	0.00802	0.01037	0.01125	0.01258	0.00733	0.00796	0.01281	0.01572	0.02140	0.07109	0.48439	0.04665	0.08063	0.01227	0.00339	0.00525	0.08546	0.00693	0.08554
4	0.02637	0.01890	0.02032	0.01598	0.02131	0.02069	0.01306	0.50268	0.03305	0.04552	0.07145	0.02378	0.01936	0.01001	0.00769	0.00231	0.00759	0.00775	0.12007	0.01211
