[name]
unknown

[dist]
# distance from previous block
# <min> <max>
8	202

[block]
# block no. 0 follows, 22 sequences, length 43
# corresponding to MSA columns:
# 206-248
name=unknown_A
#
# <colnr> <probs for GDERKNQSTAVLIFYWHMCP>
#	G	D	E	R	K	N	Q	S	T	A	V	L	I	F	Y	W	H	M	C	P
0	0.01403	0.01166	0.01361	0.01538	0.05558	0.04908	0.01014	0.05092	0.04659	0.02418	0.03862	0.52056	0.04423	0.02140	0.00986	0.00308	0.00613	0.01916	0.00723	0.03858
1	0.01175	0.00866	0.01152	0.05527	0.01575	0.00862	0.00917	0.04876	0.01732	0.02305	0.04227	0.61864	0.04972	0.02394	0.01032	0.00328	0.00548	0.02162	0.00749	0.00734
2	0.07100	0.01529	0.02386	0.02098	0.06029	0.01626	0.16349	0.02370	0.11116	0.02645	0.02513	0.14270	0.02386	0.07757	0.01384	0.00336	0.08226	0.01132	0.07794	0.00955
3	0.04730	0.00982	0.01304	0.01265	0.01465	0.00950	0.04467	0.04495	0.01811	0.02482	0.11358	0.31805	0.13658	0.06524	0.01344	0.05167	0.00594	0.04145	0.00714	0.00738
4	0.01228	0.00795	0.01050	0.01184	0.01299	0.00734	0.00831	0.01404	0.01687	0.06788	0.04719	0.57496	0.09035	0.02437	0.01045	0.00331	0.00512	0.05899	0.00789	0.00736
5	0.11215	0.01574	0.01734	0.01416	0.01890	0.01650	0.01129	0.23260	0.04833	0.12729	0.02118	0.02300	0.01582	0.01238	0.01113	0.11700	0.00720	0.00716	0.11220	0.05861
6	0.04973	0.01175	0.01354	0.01240	0.01491	0.01261	0.00959	0.12388	0.02005	0.05926	0.02651	0.11548	0.02439	0.04318	0.01287	0.08000	0.05009	0.04755	0.26358	0.00862
7	0.04742	0.00988	0.01086	0.01052	0.01317	0.00943	0.00786	0.01773	0.08117	0.05233	0.16255	0.10999	0.31561	0.07991	0.01241	0.00330	0.00512	0.03498	0.00778	0.00798
8	0.02662	0.02077	0.02271	0.06122	0.02628	0.02345	0.01530	0.37867	0.25494	0.04401	0.02462	0.02407	0.01799	0.01033	0.00836	0.00263	0.00834	0.00816	0.00807	0.01346
9	0.12261	0.01224	0.01403	0.01245	0.01638	0.01195	0.00962	0.02505	0.10198	0.15248	0.17075	0.14679	0.07350	0.01436	0.00849	0.00263	0.00560	0.01215	0.00801	0.07893
10	0.21131	0.01807	0.01834	0.01499	0.02042	0.01977	0.01219	0.29136	0.08424	0.07756	0.05631	0.02863	0.09029	0.01113	0.00777	0.00259	0.00730	0.00846	0.00761	0.01165
11	0.01513	0.01320	0.06036	0.01417	0.01683	0.01167	0.01130	0.13844	0.02090	0.02810	0.03820	0.48342	0.04307	0.02129	0.00998	0.00316	0.00638	0.04819	0.00753	0.00869
12	0.34457	0.01584	0.01685	0.01358	0.01948	0.01625	0.01120	0.09113	0.02120	0.33879	0.02257	0.02122	0.01505	0.00917	0.00699	0.00256	0.00700	0.00664	0.00792	0.01197
13	0.01549	0.00774	0.00774	0.00774	0.00968	0.00774	0.00581	0.01936	0.01742	0.03097	0.02710	0.03097	0.02129	0.00968	0.00581	0.00194	0.00387	0.00774	0.75416	0.00774
14	0.01226	0.00890	0.01080	0.01072	0.01099	0.00951	0.00689	0.01287	0.01296	0.01753	0.02936	0.12956	0.05647	0.49571	0.07627	0.00723	0.06776	0.01308	0.00531	0.00583
15	0.01549	0.00774	0.00774	0.00774	0.00968	0.00774	0.00581	0.01936	0.01742	0.03097	0.02710	0.03097	0.02129	0.00968	0.00581	0.00194	0.00387	0.00774	0.75416	0.00774
16	0.02134	0.60835	0.14063	0.01569	0.02361	0.03075	0.01679	0.02510	0.01698	0.02060	0.01207	0.01398	0.01064	0.00723	0.00573	0.00191	0.00941	0.00471	0.00355	0.01091
17	0.01789	0.01797	0.02711	0.32937	0.08536	0.05148	0.05688	0.02195	0.01586	0.02148	0.01345	0.02027	0.01124	0.01045	0.01527	0.00304	0.26018	0.00739	0.00376	0.00960
18	0.01187	0.00890	0.01335	0.01335	0.01483	0.01038	0.01038	0.01483	0.01335	0.01928	0.02225	0.03264	0.02077	0.06231	0.67512	0.01335	0.02225	0.00890	0.00445	0.00742
19	0.02189	0.05565	0.01992	0.01355	0.02070	0.01421	0.01111	0.09561	0.02066	0.11440	0.01760	0.01880	0.01353	0.00721	0.00665	0.00159	0.00678	0.00566	0.00596	0.52851
20	0.01443	0.00722	0.01082	0.01082	0.01082	0.00722	0.00722	0.01082	0.01082	0.01443	0.01443	0.02525	0.01443	0.02886	0.03247	0.75830	0.00722	0.00722	0.00361	0.00361
21	0.18687	0.02015	0.02042	0.01671	0.02247	0.02276	0.01357	0.32999	0.20715	0.04403	0.02213	0.02174	0.01626	0.00986	0.00767	0.00260	0.00782	0.00739	0.00767	0.01274
22	0.02960	0.02058	0.02466	0.01874	0.02532	0.02155	0.05863	0.42689	0.03312	0.13706	0.05019	0.02308	0.01777	0.00985	0.00834	0.00244	0.00873	0.00794	0.00810	0.06741
23	0.01443	0.00722	0.01082	0.01082	0.01082	0.00722	0.00722	0.01082	0.01082	0.01443	0.01443	0.02525	0.01443	0.02886	0.03247	0.75830	0.00722	0.00722	0.00361	0.00361
24	0.02870	0.02184	0.02331	0.01853	0.02467	0.02442	0.01509	0.47459	0.19768	0.04772	0.02360	0.02286	0.01709	0.01031	0.00835	0.00258	0.00847	0.00798	0.00835	0.01387
25	0.02540	0.01432	0.01741	0.01450	0.01915	0.01447	0.01157	0.13901	0.09393	0.25893	0.05383	0.03552	0.08811	0.05487	0.11543	0.00459	0.00944	0.00976	0.00823	0.01156
26	0.01549	0.00774	0.00774	0.00774	0.00968	0.00774	0.00581	0.01936	0.01742	0.03097	0.02710	0.03097	0.02129	0.00968	0.00581	0.00194	0.00387	0.00774	0.75416	0.00774
27	0.02669	0.02084	0.02218	0.01813	0.02390	0.02348	0.01461	0.36690	0.30864	0.04447	0.02615	0.02489	0.01916	0.01055	0.00837	0.00264	0.00799	0.00834	0.00837	0.01369
28	0.01827	0.01680	0.02721	0.40798	0.24741	0.01903	0.02274	0.06809	0.01913	0.02553	0.01780	0.02344	0.03387	0.00857	0.00833	0.00265	0.01030	0.00774	0.00431	0.01080
29	0.02066	0.01785	0.01878	0.01691	0.02160	0.02066	0.01315	0.04414	0.64121	0.03475	0.03381	0.03099	0.02536	0.01127	0.00845	0.00282	0.00657	0.00939	0.00845	0.01315
30	0.01549	0.00774	0.00774	0.00774	0.00968	0.00774	0.00581	0.01936	0.01742	0.03097	0.02710	0.03097	0.02129	0.00968	0.00581	0.00194	0.00387	0.00774	0.75416	0.00774
31	0.09978	0.03739	0.02248	0.02042	0.02478	0.61338	0.01539	0.03235	0.02266	0.02191	0.01272	0.01484	0.01054	0.00848	0.00727	0.00218	0.01418	0.00527	0.00436	0.00957
32	0.01571	0.01522	0.04958	0.01891	0.02150	0.01694	0.08394	0.04909	0.01537	0.02229	0.01805	0.02616	0.01632	0.03773	0.35674	0.00844	0.20644	0.00836	0.00435	0.00886
33	0.76672	0.01607	0.01221	0.01092	0.01607	0.01864	0.00900	0.02442	0.01414	0.03727	0.01157	0.01350	0.00900	0.00771	0.00514	0.00257	0.00643	0.00450	0.00514	0.00900
34	0.01978	0.01675	0.01780	0.01603	0.02043	0.01902	0.01244	0.06906	0.52353	0.03432	0.06305	0.06058	0.06541	0.01260	0.00867	0.00281	0.00638	0.01057	0.00840	0.01236
35	0.01932	0.02186	0.04728	0.08227	0.04442	0.02082	0.58242	0.02622	0.01939	0.02622	0.01666	0.02239	0.01249	0.00710	0.00970	0.00280	0.01379	0.00963	0.00416	0.01106
36	0.02143	0.02573	0.16954	0.02390	0.06505	0.06785	0.12064	0.07374	0.18005	0.06140	0.02131	0.02319	0.01607	0.01163	0.03814	0.00317	0.05145	0.00799	0.00571	0.01201
37	0.01569	0.01477	0.02492	0.68808	0.05722	0.01846	0.02307	0.02123	0.01661	0.02123	0.01477	0.02215	0.01107	0.00831	0.00831	0.00277	0.01107	0.00738	0.00369	0.00923
38	0.01963	0.02155	0.09435	0.11290	0.03134	0.04746	0.11649	0.09499	0.07830	0.02827	0.07480	0.02463	0.01907	0.01092	0.01346	0.00291	0.18458	0.00843	0.00525	0.01066
39	0.01569	0.01477	0.02492	0.68808	0.05722	0.01846	0.02307	0.02123	0.01661	0.02123	0.01477	0.02215	0.01107	0.00831	0.00831	0.00277	0.01107	0.00738	0.00369	0.00923
40	0.02615	0.02619	0.06655	0.02093	0.02697	0.19834	0.10415	0.14695	0.13229	0.09217	0.02454	0.02495	0.05186	0.00991	0.00839	0.00253	0.01072	0.00814	0.00649	0.01178
41	0.01205	0.00905	0.01133	0.01218	0.05232	0.00851	0.00772	0.01434	0.01842	0.02492	0.28640	0.06028	0.17031	0.25289	0.02078	0.00450	0.00577	0.01402	0.00714	0.00706
42	0.01772	0.01826	0.02997	0.30147	0.04216	0.06537	0.20971	0.02405	0.05415	0.02425	0.06016	0.02811	0.04058	0.03609	0.01019	0.00293	0.01120	0.00915	0.00471	0.00977

[dist]
# distance from previous block
# <min> <max>
0	1

[block]
# block no. 1 follows, 22 sequences, length 91
# corresponding to MSA columns:
# 250-340
name=unknown_B
#
# <colnr> <probs for GDERKNQSTAVLIFYWHMCP>
#	G	D	E	R	K	N	Q	S	T	A	V	L	I	F	Y	W	H	M	C	P
0	0.01260	0.00957	0.01417	0.01397	0.01527	0.01135	0.01096	0.01512	0.01343	0.01932	0.02195	0.03407	0.02094	0.05450	0.55140	0.05728	0.07417	0.03809	0.00449	0.00733
1	0.02168	0.64943	0.10253	0.01511	0.02271	0.03158	0.01578	0.02501	0.01694	0.02019	0.01187	0.01373	0.01065	0.00718	0.00557	0.00186	0.00921	0.00460	0.00355	0.01081
2	0.06557	0.47056	0.19828	0.01647	0.02455	0.02757	0.01805	0.02489	0.01698	0.02257	0.01378	0.01783	0.01211	0.00802	0.00623	0.00213	0.00954	0.03023	0.00381	0.01084
3	0.01299	0.01055	0.01551	0.01486	0.01608	0.01307	0.01177	0.01575	0.01324	0.01941	0.02023	0.03006	0.01901	0.05379	0.55959	0.01162	0.14183	0.00861	0.00430	0.00772
4	0.01235	0.00850	0.01242	0.01242	0.01347	0.00956	0.00922	0.01381	0.01276	0.01806	0.02130	0.03376	0.02070	0.12894	0.48938	0.14560	0.01797	0.00896	0.00437	0.00647
5	0.01539	0.01046	0.01417	0.05028	0.04700	0.03782	0.01013	0.01380	0.01279	0.01673	0.01861	0.05455	0.04404	0.02432	0.02661	0.52770	0.05796	0.00830	0.00402	0.00532
6	0.02086	0.02088	0.03431	0.07060	0.54291	0.05490	0.08192	0.02586	0.01915	0.02651	0.01556	0.02049	0.01290	0.00746	0.00834	0.00249	0.01058	0.00752	0.00411	0.01264
7	0.03047	0.03330	0.02276	0.02003	0.02466	0.48790	0.01535	0.11566	0.02511	0.07903	0.01609	0.01787	0.01262	0.01216	0.04817	0.00291	0.01394	0.00612	0.00536	0.01050
8	0.02950	0.02609	0.02403	0.02127	0.06708	0.20353	0.01596	0.35156	0.03083	0.06671	0.01843	0.01992	0.01389	0.01326	0.05701	0.00319	0.01168	0.00703	0.00672	0.01232
9	0.01549	0.00774	0.00774	0.00774	0.00968	0.00774	0.00581	0.01936	0.01742	0.03097	0.02710	0.03097	0.02129	0.00968	0.00581	0.00194	0.00387	0.00774	0.75416	0.00774
10	0.05398	0.06887	0.10919	0.01870	0.02445	0.07692	0.06527	0.09152	0.02001	0.11406	0.01805	0.02236	0.01449	0.06478	0.03408	0.00328	0.10410	0.00722	0.00546	0.08319
11	0.02045	0.02405	0.08536	0.06112	0.04070	0.05065	0.46815	0.05977	0.05156	0.02785	0.01742	0.02203	0.01303	0.00756	0.00936	0.00274	0.01317	0.00910	0.00457	0.01137
12	0.01089	0.00794	0.01078	0.05262	0.01487	0.00779	0.00879	0.01262	0.01580	0.02097	0.04183	0.55276	0.04932	0.09218	0.01366	0.00383	0.00573	0.06362	0.00720	0.00679
13	0.01549	0.00774	0.00774	0.00774	0.00968	0.00774	0.00581	0.01936	0.01742	0.03097	0.02710	0.03097	0.02129	0.00968	0.00581	0.00194	0.00387	0.00774	0.75416	0.00774
14	0.01919	0.08836	0.13542	0.02377	0.08286	0.05085	0.16405	0.02607	0.06539	0.05031	0.12700	0.02749	0.02459	0.00936	0.00837	0.00245	0.00976	0.00869	0.00546	0.07057
15	0.01732	0.01544	0.02270	0.09770	0.20414	0.01613	0.05623	0.04645	0.12979	0.02611	0.03091	0.03739	0.11146	0.13518	0.01469	0.00363	0.00851	0.01023	0.00570	0.01029
16	0.01970	0.01817	0.02678	0.04637	0.02616	0.04316	0.13623	0.12378	0.01908	0.02637	0.01636	0.02332	0.01424	0.04578	0.12405	0.03703	0.23076	0.00818	0.00475	0.00974
17	0.05204	0.30327	0.39357	0.01942	0.02936	0.02456	0.02330	0.02567	0.01713	0.02415	0.01345	0.01572	0.01051	0.00758	0.00677	0.00229	0.01069	0.00540	0.00360	0.01150
18	0.02522	0.01896	0.02139	0.06187	0.02487	0.02120	0.01456	0.30454	0.19953	0.07861	0.05902	0.02868	0.05230	0.01133	0.00929	0.00267	0.03639	0.00893	0.00798	0.01265
19	0.06166	0.01528	0.02492	0.59111	0.10728	0.01858	0.02243	0.02179	0.01666	0.02272	0.01465	0.02148	0.01113	0.00819	0.00811	0.00273	0.01069	0.00721	0.00382	0.00956
20	0.11781	0.01529	0.01834	0.01478	0.02067	0.01482	0.01212	0.07624	0.10711	0.39206	0.02903	0.02895	0.02029	0.01048	0.00801	0.00258	0.00704	0.03730	0.00884	0.05824
21	0.01549	0.00774	0.00774	0.00774	0.00968	0.00774	0.00581	0.01936	0.01742	0.03097	0.02710	0.03097	0.02129	0.00968	0.00581	0.00194	0.00387	0.00774	0.75416	0.00774
22	0.03162	0.03718	0.02314	0.02078	0.02526	0.61199	0.01569	0.03386	0.02356	0.08106	0.01473	0.01624	0.01163	0.00872	0.00757	0.00218	0.01423	0.00563	0.00485	0.01006
23	0.01517	0.04648	0.18185	0.01982	0.02616	0.01480	0.16772	0.02110	0.02052	0.02869	0.27556	0.04066	0.08142	0.01217	0.00917	0.00265	0.00869	0.01132	0.00623	0.00981
24	0.01828	0.03069	0.30440	0.02935	0.03878	0.02061	0.33466	0.02602	0.01826	0.02602	0.01560	0.02008	0.01162	0.00791	0.01024	0.00279	0.06125	0.00810	0.00387	0.01150
25	0.03450	0.01678	0.05211	0.01565	0.02245	0.01424	0.01347	0.11403	0.02509	0.52011	0.02933	0.02611	0.01882	0.00991	0.00821	0.00250	0.00755	0.00796	0.00942	0.05176
26	0.01549	0.00774	0.00774	0.00774	0.00968	0.00774	0.00581	0.01936	0.01742	0.03097	0.02710	0.03097	0.02129	0.00968	0.00581	0.00194	0.00387	0.00774	0.75416	0.00774
27	0.01905	0.01500	0.01779	0.01312	0.01972	0.01242	0.01049	0.04936	0.01821	0.07004	0.01650	0.01971	0.01363	0.03664	0.00899	0.00179	0.04121	0.00569	0.00538	0.60527
28	0.00996	0.00837	0.00865	0.00869	0.01134	0.00706	0.00648	0.01216	0.01911	0.02312	0.12056	0.10668	0.58745	0.02099	0.00985	0.00282	0.00422	0.01764	0.00781	0.00706
29	0.02735	0.03346	0.02409	0.02152	0.02457	0.48877	0.01666	0.02940	0.02044	0.02023	0.01229	0.01590	0.01076	0.01027	0.01315	0.00257	0.20910	0.00590	0.00410	0.00948
30	0.01549	0.00774	0.00774	0.00774	0.00968	0.00774	0.00581	0.01936	0.01742	0.03097	0.02710	0.03097	0.02129	0.00968	0.00581	0.00194	0.00387	0.00774	0.75416	0.00774
31	0.01450	0.01534	0.06268	0.05564	0.02578	0.01382	0.18843	0.01955	0.04621	0.02478	0.08740	0.26272	0.08401	0.01614	0.01060	0.00301	0.03907	0.01511	0.00621	0.00901
32	0.01012	0.00723	0.00964	0.01157	0.01205	0.00675	0.00771	0.01157	0.01591	0.02121	0.04579	0.70262	0.05495	0.02603	0.01060	0.00337	0.00482	0.02362	0.00771	0.00675
33	0.12754	0.01860	0.01900	0.01648	0.02160	0.02133	0.01306	0.14996	0.44119	0.03838	0.02811	0.02648	0.02097	0.01053	0.00796	0.00272	0.00703	0.00835	0.00796	0.01275
34	0.02014	0.30283	0.34532	0.02025	0.02993	0.02435	0.06322	0.02653	0.01775	0.05773	0.01468	0.01679	0.01126	0.00765	0.00704	0.00230	0.01078	0.00584	0.00394	0.01167
35	0.01221	0.00828	0.01072	0.01072	0.01124	0.00880	0.00710	0.01294	0.01242	0.01707	0.02377	0.04421	0.02552	0.42241	0.26309	0.07558	0.01295	0.01054	0.00470	0.00574
36	0.47614	0.01902	0.04352	0.01403	0.01987	0.02029	0.01199	0.17678	0.05892	0.06677	0.01604	0.01696	0.01182	0.00861	0.00638	0.00257	0.00738	0.00577	0.00628	0.01088
37	0.01946	0.01638	0.02047	0.01650	0.05033	0.04060	0.05608	0.04947	0.01901	0.06595	0.01847	0.06875	0.01601	0.00825	0.00713	0.00173	0.00736	0.00710	0.00549	0.50547
38	0.01443	0.00722	0.01082	0.01082	0.01082	0.00722	0.00722	0.01082	0.01082	0.01443	0.01443	0.02525	0.01443	0.02886	0.03247	0.75830	0.00722	0.00722	0.00361	0.00361
39	0.03158	0.02327	0.02493	0.01911	0.02576	0.02576	0.01579	0.62852	0.03906	0.05236	0.01995	0.01995	0.01413	0.00997	0.00831	0.00249	0.00914	0.00748	0.00831	0.01413
40	0.05118	0.29089	0.21834	0.01789	0.02584	0.02255	0.06265	0.02465	0.01766	0.05268	0.05717	0.01991	0.01594	0.00910	0.00811	0.03650	0.00952	0.00637	0.00440	0.04865
41	0.01549	0.00774	0.00774	0.00774	0.00968	0.00774	0.00581	0.01936	0.01742	0.03097	0.02710	0.03097	0.02129	0.00968	0.00581	0.00194	0.00387	0.00774	0.75416	0.00774
42	0.03158	0.02327	0.02493	0.01911	0.02576	0.02576	0.01579	0.62852	0.03906	0.05236	0.01995	0.01995	0.01413	0.00997	0.00831	0.00249	0.00914	0.00748	0.00831	0.01413
43	0.01959	0.01555	0.01806	0.01308	0.02034	0.01253	0.01053	0.07993	0.01964	0.06107	0.01616	0.01804	0.01289	0.00672	0.00647	0.00142	0.00648	0.00534	0.00551	0.65065
44	0.01549	0.00774	0.00774	0.00774	0.00968	0.00774	0.00581	0.01936	0.01742	0.03097	0.02710	0.03097	0.02129	0.00968	0.00581	0.00194	0.00387	0.00774	0.75416	0.00774
45	0.03419	0.01346	0.01829	0.01426	0.02014	0.01168	0.01168	0.03749	0.02375	0.58608	0.10752	0.03235	0.02755	0.01109	0.00853	0.00258	0.00669	0.00916	0.01014	0.01338
46	0.01946	0.01861	0.03173	0.19518	0.52066	0.01945	0.02495	0.02453	0.01839	0.02580	0.01543	0.02092	0.01269	0.00761	0.00824	0.00254	0.01014	0.00740	0.00402	0.01227
47	0.02056	0.01974	0.03372	0.05099	0.65622	0.01974	0.02550	0.02550	0.01892	0.02714	0.01563	0.02056	0.01316	0.00740	0.00822	0.00247	0.00987	0.00740	0.00411	0.01316
48	0.01933	0.02050	0.04203	0.03283	0.08407	0.01956	0.47283	0.05056	0.02031	0.02749	0.02056	0.03189	0.01751	0.00933	0.00985	0.00290	0.01263	0.09000	0.00484	0.01099
49	0.01153	0.00787	0.00943	0.00996	0.01017	0.00781	0.00603	0.01208	0.01319	0.01766	0.03135	0.23072	0.03651	0.48924	0.06509	0.00704	0.00787	0.01508	0.00574	0.00562
50	0.01569	0.01477	0.02492	0.68808	0.05722	0.01846	0.02307	0.02123	0.01661	0.02123	0.01477	0.02215	0.01107	0.00831	0.00831	0.00277	0.01107	0.00738	0.00369	0.00923
51	0.02062	0.01676	0.01796	0.01609	0.02066	0.01896	0.01253	0.04109	0.54947	0.06773	0.06684	0.03459	0.05584	0.01194	0.00858	0.00279	0.00636	0.00998	0.00855	0.01266
52	0.01604	0.01526	0.02618	0.63738	0.08164	0.01860	0.04549	0.02160	0.01682	0.02167	0.01488	0.02209	0.01122	0.00822	0.00836	0.00276	0.01113	0.00747	0.00373	0.00947
53	0.02958	0.02405	0.09602	0.01932	0.02609	0.02345	0.01722	0.44861	0.03295	0.11735	0.02020	0.02051	0.01423	0.01011	0.00966	0.00260	0.05942	0.00741	0.00766	0.01355
54	0.01114	0.00814	0.01047	0.01058	0.01221	0.00747	0.00767	0.01423	0.02104	0.02907	0.43713	0.23844	0.12188	0.01980	0.01002	0.00284	0.00419	0.01759	0.00863	0.00747
55	0.01391	0.01440	0.08627	0.01733	0.02108	0.01124	0.13149	0.01782	0.01848	0.04738	0.14859	0.35582	0.04515	0.01818	0.00994	0.00302	0.00731	0.01697	0.00694	0.00866
56	0.01735	0.01602	0.02377	0.39105	0.04242	0.01885	0.05953	0.02879	0.22451	0.02614	0.02431	0.02767	0.04435	0.00977	0.00852	0.00279	0.00947	0.00866	0.00549	0.01057
57	0.01723	0.01477	0.01723	0.01230	0.01969	0.01107	0.00984	0.02092	0.01723	0.02707	0.01477	0.01723	0.01230	0.00615	0.00615	0.00123	0.00615	0.00492	0.00492	0.75883
58	0.07236	0.01896	0.02162	0.01684	0.02318	0.01978	0.01385	0.32630	0.07601	0.28556	0.02547	0.02363	0.01716	0.01007	0.00817	0.00255	0.00801	0.00780	0.00891	0.01379
59	0.01961	0.02241	0.04902	0.03501	0.04342	0.02101	0.62605	0.02661	0.01961	0.02661	0.01681	0.02241	0.01261	0.00700	0.00980	0.00280	0.01401	0.00980	0.00420	0.01120
60	0.01208	0.00805	0.00906	0.00906	0.00906	0.00805	0.00503	0.01208	0.01208	0.01611	0.02618	0.05436	0.03020	0.70804	0.04228	0.00805	0.00805	0.01208	0.00503	0.00503
61	0.71197	0.01634	0.01379	0.01386	0.06304	0.01872	0.01021	0.02450	0.01449	0.03653	0.01187	0.01401	0.00930	0.00769	0.00537	0.00256	0.00668	0.00471	0.00507	0.00930
62	0.76672	0.01607	0.01221	0.01092	0.01607	0.01864	0.00900	0.02442	0.01414	0.03727	0.01157	0.01350	0.00900	0.00771	0.00514	0.00257	0.00643	0.00450	0.00514	0.00900
63	0.02532	0.01956	0.05331	0.02045	0.02670	0.01885	0.14247	0.26226	0.02835	0.13377	0.11998	0.03187	0.02628	0.01105	0.00900	0.00266	0.00910	0.03924	0.00764	0.01214
64	0.02289	0.25315	0.16658	0.01740	0.02505	0.02150	0.04765	0.05035	0.04689	0.14431	0.02012	0.06061	0.01617	0.00923	0.00730	0.00229	0.00899	0.00734	0.00558	0.06659
65	0.01549	0.00774	0.00774	0.00774	0.00968	0.00774	0.00581	0.01936	0.01742	0.03097	0.02710	0.03097	0.02129	0.00968	0.00581	0.00194	0.00387	0.00774	0.75416	0.00774
66	0.02780	0.13799	0.02708	0.04215	0.02553	0.04646	0.01541	0.40022	0.12336	0.04213	0.02019	0.02040	0.01500	0.00958	0.00781	0.00242	0.00897	0.00718	0.00724	0.01308
67	0.01939	0.11684	0.32051	0.01921	0.02795	0.01850	0.05096	0.05536	0.02003	0.08348	0.10996	0.02482	0.02181	0.00926	0.00787	0.00241	0.00962	0.00758	0.00532	0.06914
68	0.01738	0.02532	0.27038	0.01705	0.02489	0.01539	0.01819	0.10443	0.02166	0.03108	0.14213	0.03087	0.07146	0.01051	0.00809	0.00233	0.00839	0.00860	0.00584	0.16600
69	0.01034	0.00739	0.00989	0.01182	0.01240	0.00694	0.00809	0.01195	0.01612	0.02145	0.04567	0.66173	0.05447	0.02582	0.01066	0.00340	0.00501	0.06235	0.00771	0.00681
70	0.01872	0.01456	0.01670	0.01576	0.01951	0.01599	0.01272	0.06268	0.34060	0.05500	0.10523	0.05185	0.03702	0.01517	0.00946	0.00306	0.00673	0.17983	0.00836	0.01106
71	0.01679	0.04210	0.63879	0.02416	0.03627	0.01937	0.05603	0.02632	0.01763	0.02632	0.01499	0.01775	0.01061	0.00785	0.00797	0.00264	0.01235	0.00629	0.00354	0.01223
72	0.01776	0.17568	0.54192	0.02180	0.03306	0.02198	0.02743	0.02603	0.01741	0.02497	0.01424	0.01670	0.01055	0.00774	0.00739	0.00246	0.01161	0.00580	0.00352	0.01196
73	0.01569	0.01477	0.02492	0.68808	0.05722	0.01846	0.02307	0.02123	0.01661	0.02123	0.01477	0.02215	0.01107	0.00831	0.00831	0.00277	0.01107	0.00738	0.00369	0.00923
74	0.02209	0.05264	0.02063	0.01480	0.02132	0.09195	0.03283	0.05520	0.02038	0.10806	0.05978	0.02149	0.01762	0.00796	0.00703	0.00175	0.00773	0.00636	0.00588	0.42450
75	0.01549	0.00774	0.00774	0.00774	0.00968	0.00774	0.00581	0.01936	0.01742	0.03097	0.02710	0.03097	0.02129	0.00968	0.00581	0.00194	0.00387	0.00774	0.75416	0.00774
76	0.01406	0.01202	0.01715	0.01590	0.01675	0.01537	0.01261	0.01638	0.01303	0.01926	0.01868	0.02950	0.01817	0.10052	0.39876	0.00956	0.25168	0.00861	0.00422	0.00779
77	0.01815	0.01536	0.01771	0.01288	0.02010	0.01229	0.01031	0.05451	0.04633	0.02877	0.01590	0.01799	0.01299	0.00659	0.00637	0.00137	0.00633	0.00526	0.00526	0.68555
78	0.03012	0.01909	0.02162	0.01716	0.02302	0.02023	0.01394	0.38179	0.07726	0.19802	0.02660	0.08833	0.02045	0.01168	0.00855	0.00262	0.00803	0.00938	0.00875	0.01335
79	0.02032	0.02066	0.07382	0.03480	0.34648	0.02009	0.02074	0.03332	0.27791	0.03025	0.02315	0.02468	0.01805	0.00905	0.00830	0.00263	0.00867	0.00814	0.00588	0.01309
80	0.01668	0.03724	0.52988	0.02588	0.09324	0.01849	0.05488	0.02516	0.01764	0.02603	0.01733	0.06831	0.01412	0.00914	0.00821	0.00268	0.01158	0.00770	0.00390	0.01191
81	0.01549	0.00774	0.00774	0.00774	0.00968	0.00774	0.00581	0.01936	0.01742	0.03097	0.02710	0.03097	0.02129	0.00968	0.00581	0.00194	0.00387	0.00774	0.75416	0.00774
82	0.05195	0.01896	0.03281	0.09375	0.27144	0.01942	0.17898	0.06906	0.01989	0.05446	0.01853	0.06686	0.01574	0.00927	0.00954	0.00271	0.04104	0.00904	0.00493	0.01162
83	0.01027	0.00797	0.00941	0.01047	0.01213	0.00711	0.00758	0.01222	0.01756	0.02209	0.06298	0.36769	0.32475	0.02350	0.01032	0.00316	0.00479	0.07134	0.00771	0.00695
84	0.02023	0.05637	0.29475	0.02040	0.07358	0.01627	0.02035	0.02643	0.01838	0.11485	0.01726	0.01898	0.01269	0.00760	0.00732	0.00213	0.00927	0.00608	0.00495	0.25212
85	0.06774	0.05408	0.07040	0.01933	0.07827	0.01682	0.05539	0.07618	0.07295	0.12371	0.01932	0.02048	0.01446	0.00794	0.00730	0.00209	0.00802	0.00659	0.00601	0.27294
86	0.01142	0.00868	0.01106	0.03865	0.01431	0.00810	0.00851	0.01471	0.02105	0.02839	0.38485	0.13280	0.20606	0.01894	0.00995	0.00283	0.00465	0.05913	0.00832	0.00758
87	0.02591	0.43252	0.03532	0.01706	0.02314	0.25992	0.01496	0.06442	0.02059	0.02181	0.01252	0.01431	0.01089	0.00780	0.00628	0.00195	0.01106	0.00495	0.00410	0.01051
88	0.01549	0.00774	0.00774	0.00774	0.00968	0.00774	0.00581	0.01936	0.01742	0.03097	0.02710	0.03097	0.02129	0.00968	0.00581	0.00194	0.00387	0.00774	0.75416	0.00774
89	0.10310	0.01949	0.05986	0.20390	0.35631	0.01971	0.02259	0.06859	0.01921	0.02858	0.01524	0.01998	0.01211	0.00788	0.00789	0.00257	0.00986	0.00702	0.00440	0.01173
90	0.09313	0.40721	0.18511	0.01664	0.02449	0.05469	0.01762	0.02694	0.06287	0.02401	0.01404	0.01571	0.01155	0.00772	0.00624	0.00215	0.00954	0.00525	0.00409	0.01102

[dist]
# distance from previous block
# <min> <max>
0	1

[block]
# block no. 2 follows, 22 sequences, length 38
# corresponding to MSA columns:
# 342-379
name=unknown_C
#
# <colnr> <probs for GDERKNQSTAVLIFYWHMCP>
#	G	D	E	R	K	N	Q	S	T	A	V	L	I	F	Y	W	H	M	C	P
0	0.01196	0.00800	0.00910	0.00921	0.00924	0.00798	0.00519	0.01205	0.01231	0.01641	0.02735	0.09303	0.03168	0.66736	0.04039	0.00777	0.00786	0.01277	0.00519	0.00514
1	0.02186	0.01983	0.02989	0.06186	0.32677	0.02089	0.07869	0.11553	0.17602	0.03231	0.02083	0.02330	0.01618	0.00872	0.00845	0.00260	0.00939	0.00814	0.00578	0.01295
2	0.01549	0.00774	0.00774	0.00774	0.00968	0.00774	0.00581	0.01936	0.01742	0.03097	0.02710	0.03097	0.02129	0.00968	0.00581	0.00194	0.00387	0.00774	0.75416	0.00774
3	0.07956	0.44956	0.13861	0.01932	0.08312	0.06347	0.01761	0.02558	0.01733	0.02276	0.01254	0.01478	0.01075	0.00739	0.00612	0.00206	0.00966	0.00505	0.00376	0.01097
4	0.03114	0.03638	0.02382	0.02095	0.02570	0.54704	0.01600	0.15028	0.02659	0.02663	0.01424	0.01596	0.01138	0.00884	0.00765	0.00221	0.01383	0.00577	0.00507	0.01052
5	0.76672	0.01607	0.01221	0.01092	0.01607	0.01864	0.00900	0.02442	0.01414	0.03727	0.01157	0.01350	0.00900	0.00771	0.00514	0.00257	0.00643	0.00450	0.00514	0.00900
6	0.01569	0.01477	0.02492	0.68808	0.05722	0.01846	0.02307	0.02123	0.01661	0.02123	0.01477	0.02215	0.01107	0.00831	0.00831	0.00277	0.01107	0.00738	0.00369	0.00923
7	0.01549	0.00774	0.00774	0.00774	0.00968	0.00774	0.00581	0.01936	0.01742	0.03097	0.02710	0.03097	0.02129	0.00968	0.00581	0.00194	0.00387	0.00774	0.75416	0.00774
8	0.00982	0.00842	0.00842	0.00842	0.01122	0.00701	0.00631	0.01192	0.01894	0.02244	0.08416	0.07995	0.65285	0.02104	0.00982	0.00281	0.00421	0.01753	0.00771	0.00701
9	0.06683	0.09448	0.06641	0.02333	0.11400	0.29910	0.01714	0.10546	0.02276	0.02726	0.01427	0.01654	0.01153	0.00813	0.00727	0.00217	0.01147	0.00579	0.00476	0.08130
10	0.02849	0.01974	0.02653	0.01991	0.02680	0.01983	0.11874	0.28821	0.06033	0.18141	0.02237	0.02248	0.01567	0.00913	0.00832	0.00242	0.00901	0.00786	0.00764	0.10512
11	0.01998	0.01725	0.02105	0.02309	0.15176	0.01894	0.01505	0.07306	0.38685	0.03357	0.08941	0.03339	0.05710	0.01139	0.00859	0.00270	0.00706	0.00978	0.00758	0.01242
12	0.01012	0.00723	0.00964	0.01157	0.01205	0.00675	0.00771	0.01157	0.01591	0.02121	0.04579	0.70262	0.05495	0.02603	0.01060	0.00337	0.00482	0.02362	0.00771	0.00675
13	0.01835	0.02489	0.21437	0.16374	0.03448	0.01980	0.04727	0.03314	0.29383	0.02897	0.02334	0.02470	0.01731	0.00944	0.00831	0.00275	0.00957	0.00801	0.00577	0.01196
14	0.01549	0.00774	0.00774	0.00774	0.00968	0.00774	0.00581	0.01936	0.01742	0.03097	0.02710	0.03097	0.02129	0.00968	0.00581	0.00194	0.00387	0.00774	0.75416	0.00774
15	0.03103	0.03959	0.02354	0.02140	0.02568	0.67469	0.01605	0.03317	0.02354	0.02033	0.01284	0.01498	0.01070	0.00856	0.00749	0.00214	0.01498	0.00535	0.00428	0.00963
16	0.12753	0.08620	0.06253	0.10151	0.24874	0.04554	0.01953	0.11735	0.06031	0.03121	0.01624	0.01925	0.01279	0.00822	0.00751	0.00247	0.00942	0.00670	0.00504	0.01188
17	0.01933	0.02434	0.10687	0.03395	0.04272	0.02085	0.57014	0.02658	0.01941	0.02658	0.01663	0.02195	0.01241	0.00709	0.00962	0.00279	0.01384	0.00946	0.00414	0.01131
18	0.03103	0.03959	0.02354	0.02140	0.02568	0.67469	0.01605	0.03317	0.02354	0.02033	0.01284	0.01498	0.01070	0.00856	0.00749	0.00214	0.01498	0.00535	0.00428	0.00963
19	0.02221	0.71304	0.04353	0.01421	0.02132	0.03287	0.01421	0.02488	0.01688	0.01955	0.01155	0.01333	0.01066	0.00711	0.00533	0.00178	0.00888	0.00444	0.00355	0.01066
20	0.01549	0.00774	0.00774	0.00774	0.00968	0.00774	0.00581	0.01936	0.01742	0.03097	0.02710	0.03097	0.02129	0.00968	0.00581	0.00194	0.00387	0.00774	0.75416	0.00774
21	0.62940	0.01590	0.03826	0.01153	0.01630	0.01698	0.00969	0.02268	0.01453	0.03456	0.01654	0.11110	0.01556	0.01031	0.00602	0.00269	0.00644	0.00727	0.00544	0.00881
22	0.02221	0.71304	0.04353	0.01421	0.02132	0.03287	0.01421	0.02488	0.01688	0.01955	0.01155	0.01333	0.01066	0.00711	0.00533	0.00178	0.00888	0.00444	0.00355	0.01066
23	0.02959	0.03726	0.02367	0.08401	0.02864	0.61306	0.01671	0.03205	0.02289	0.02042	0.01302	0.01565	0.01074	0.00854	0.00757	0.00220	0.01461	0.00554	0.00423	0.00959
24	0.03104	0.02300	0.02463	0.01901	0.02556	0.02551	0.01566	0.59978	0.06868	0.05149	0.02063	0.02049	0.01468	0.01004	0.00832	0.00251	0.00902	0.00757	0.00832	0.01408
25	0.02221	0.71304	0.04353	0.01421	0.02132	0.03287	0.01421	0.02488	0.01688	0.01955	0.01155	0.01333	0.01066	0.00711	0.00533	0.00178	0.00888	0.00444	0.00355	0.01066
26	0.01666	0.04297	0.66500	0.02368	0.03596	0.01929	0.03069	0.02631	0.01754	0.02631	0.01491	0.01754	0.01052	0.00789	0.00789	0.00263	0.01228	0.00614	0.00351	0.01228
27	0.01712	0.01878	0.08744	0.45108	0.21938	0.01889	0.02445	0.02287	0.01733	0.02332	0.01501	0.02128	0.01159	0.00802	0.00824	0.00267	0.01086	0.00727	0.00379	0.01059
28	0.02296	0.40426	0.03378	0.01674	0.02184	0.18789	0.01475	0.02543	0.01773	0.01976	0.01280	0.01608	0.01165	0.01347	0.07119	0.00316	0.08735	0.00540	0.00383	0.00993
29	0.01549	0.00774	0.00774	0.00774	0.00968	0.00774	0.00581	0.01936	0.01742	0.03097	0.02710	0.03097	0.02129	0.00968	0.00581	0.00194	0.00387	0.00774	0.75416	0.00774
30	0.29277	0.08163	0.01784	0.01288	0.01795	0.01678	0.01066	0.08055	0.02067	0.19101	0.12659	0.05158	0.02588	0.01074	0.00723	0.00252	0.00658	0.00820	0.00732	0.01062
31	0.09155	0.12906	0.07661	0.13773	0.06336	0.09482	0.10300	0.05177	0.07473	0.04998	0.03907	0.02111	0.01516	0.00854	0.00770	0.00249	0.01031	0.00717	0.00499	0.01085
32	0.01386	0.01081	0.01239	0.01167	0.01414	0.01076	0.00844	0.01989	0.13660	0.02431	0.09534	0.09213	0.12190	0.22434	0.05536	0.00485	0.00719	0.04244	0.00672	0.08689
33	0.02201	0.02098	0.02725	0.03543	0.36539	0.09645	0.01988	0.09219	0.09827	0.03065	0.08841	0.02571	0.02169	0.00935	0.00835	0.00249	0.00933	0.00826	0.00567	0.01226
34	0.01628	0.01390	0.01886	0.11472	0.12015	0.01454	0.01413	0.07131	0.06609	0.02925	0.18678	0.04254	0.14971	0.01323	0.00977	0.00262	0.04110	0.01117	0.00666	0.05719
35	0.01176	0.00849	0.01110	0.01045	0.01241	0.00784	0.00784	0.01568	0.02352	0.03331	0.65184	0.06206	0.07839	0.01698	0.00980	0.00261	0.00392	0.01502	0.00914	0.00784
36	0.01549	0.00774	0.00774	0.00774	0.00968	0.00774	0.00581	0.01936	0.01742	0.03097	0.02710	0.03097	0.02129	0.00968	0.00581	0.00194	0.00387	0.00774	0.75416	0.00774
37	0.02397	0.02004	0.01994	0.01707	0.06147	0.14761	0.01254	0.02734	0.01984	0.14318	0.01776	0.01902	0.01356	0.00749	0.00696	0.00174	0.00836	0.00580	0.00573	0.42055

[dist]
# distance from previous block
# <min> <max>
4	6

[block]
# block no. 3 follows, 22 sequences, length 39
# corresponding to MSA columns:
# 387-425
name=unknown_D
#
# <colnr> <probs for GDERKNQSTAVLIFYWHMCP>
#	G	D	E	R	K	N	Q	S	T	A	V	L	I	F	Y	W	H	M	C	P
0	0.08718	0.01504	0.01557	0.01333	0.01753	0.05677	0.01031	0.06137	0.12382	0.07876	0.22691	0.03682	0.03734	0.05393	0.01020	0.00271	0.00646	0.00977	0.00746	0.12872
1	0.02050	0.01034	0.01320	0.01178	0.01533	0.00905	0.00906	0.02321	0.02095	0.26365	0.15628	0.18064	0.19760	0.01729	0.00942	0.00280	0.00535	0.01486	0.00893	0.00977
2	0.01723	0.01477	0.01723	0.01230	0.01969	0.01107	0.00984	0.02092	0.01723	0.02707	0.01477	0.01723	0.01230	0.00615	0.00615	0.00123	0.00615	0.00492	0.00492	0.75883
3	0.64590	0.01775	0.01371	0.01208	0.01727	0.06966	0.00983	0.02650	0.01571	0.08989	0.01350	0.01489	0.01013	0.00800	0.00560	0.00254	0.00715	0.00490	0.00552	0.00949
4	0.02957	0.01362	0.01767	0.01408	0.01930	0.01255	0.01141	0.10082	0.02545	0.41852	0.20245	0.03666	0.03581	0.01210	0.00875	0.00257	0.00644	0.01010	0.00974	0.01240
5	0.02080	0.51253	0.17958	0.01791	0.02625	0.02898	0.06591	0.02532	0.01724	0.02158	0.01270	0.01496	0.01078	0.00727	0.00624	0.00204	0.01003	0.00523	0.00359	0.01106
6	0.01012	0.00723	0.00964	0.01157	0.01205	0.00675	0.00771	0.01157	0.01591	0.02121	0.04579	0.70262	0.05495	0.02603	0.01060	0.00337	0.00482	0.02362	0.00771	0.00675
7	0.01267	0.00937	0.01126	0.01118	0.01373	0.00872	0.00884	0.01694	0.05449	0.04752	0.26633	0.07233	0.27823	0.01917	0.01003	0.00294	0.00503	0.13493	0.00831	0.00798
8	0.54574	0.01692	0.04638	0.01253	0.01835	0.01705	0.01088	0.02856	0.01674	0.19411	0.01708	0.01742	0.01199	0.00837	0.00609	0.00257	0.00688	0.00555	0.00636	0.01045
9	0.02998	0.03440	0.02321	0.02045	0.02504	0.50190	0.01565	0.15362	0.02609	0.02681	0.01486	0.01707	0.01201	0.01211	0.04816	0.00289	0.01423	0.00600	0.00511	0.01041
10	0.76672	0.01607	0.01221	0.01092	0.01607	0.01864	0.00900	0.02442	0.01414	0.03727	0.01157	0.01350	0.00900	0.00771	0.00514	0.00257	0.00643	0.00450	0.00514	0.00900
11	0.01227	0.00804	0.00950	0.00950	0.00959	0.00813	0.00557	0.01215	0.01206	0.01617	0.02490	0.05042	0.02822	0.60687	0.08311	0.07319	0.00892	0.01145	0.00487	0.00507
12	0.02221	0.71304	0.04353	0.01421	0.02132	0.03287	0.01421	0.02488	0.01688	0.01955	0.01155	0.01333	0.01066	0.00711	0.00533	0.00178	0.00888	0.00444	0.00355	0.01066
13	0.02768	0.01202	0.01596	0.01296	0.01773	0.01053	0.01036	0.03086	0.02288	0.42763	0.19334	0.04190	0.08529	0.03968	0.01014	0.00281	0.00608	0.01091	0.00959	0.01163
14	0.01552	0.00917	0.01247	0.01315	0.01515	0.00860	0.01023	0.01824	0.01889	0.12260	0.10244	0.34121	0.04964	0.02173	0.01046	0.00332	0.00598	0.20469	0.00823	0.00828
15	0.10026	0.01430	0.01867	0.01445	0.02076	0.01276	0.01193	0.03910	0.02295	0.60803	0.03094	0.02700	0.01957	0.01006	0.00808	0.00257	0.00701	0.00802	0.00984	0.01369
16	0.01812	0.14401	0.52358	0.02262	0.03368	0.04378	0.05181	0.02634	0.01773	0.02509	0.01440	0.01701	0.01063	0.00776	0.00757	0.00249	0.01192	0.00600	0.00357	0.01190
17	0.01808	0.03420	0.43135	0.08456	0.07576	0.01934	0.14377	0.02636	0.01815	0.04768	0.01591	0.01942	0.01147	0.00781	0.00833	0.00266	0.01218	0.00710	0.00392	0.01192
18	0.01623	0.01271	0.01521	0.01360	0.01800	0.01154	0.01121	0.09112	0.02069	0.02841	0.03679	0.08709	0.11571	0.01556	0.00901	0.00262	0.00670	0.21695	0.00681	0.26404
19	0.01569	0.01477	0.02492	0.68808	0.05722	0.01846	0.02307	0.02123	0.01661	0.02123	0.01477	0.02215	0.01107	0.00831	0.00831	0.00277	0.01107	0.00738	0.00369	0.00923
20	0.67513	0.01582	0.01310	0.01141	0.01671	0.01783	0.00940	0.02644	0.01535	0.11571	0.01423	0.01535	0.01045	0.00803	0.00554	0.00257	0.00651	0.00498	0.00579	0.00964
21	0.10715	0.01775	0.09518	0.01545	0.02245	0.01369	0.01408	0.03721	0.02208	0.52463	0.02855	0.02554	0.01823	0.00974	0.00798	0.00258	0.00762	0.00771	0.00897	0.01341
22	0.01176	0.00849	0.01110	0.01045	0.01241	0.00784	0.00784	0.01568	0.02352	0.03331	0.65184	0.06206	0.07839	0.01698	0.00980	0.00261	0.00392	0.01502	0.00914	0.00784
23	0.01012	0.00723	0.00964	0.01157	0.01205	0.00675	0.00771	0.01157	0.01591	0.02121	0.04579	0.70262	0.05495	0.02603	0.01060	0.00337	0.00482	0.02362	0.00771	0.00675
24	0.02191	0.67665	0.07728	0.01473	0.02212	0.03213	0.01511	0.02495	0.01692	0.01991	0.01173	0.01356	0.01065	0.00715	0.00547	0.00182	0.00907	0.00453	0.00355	0.01075
25	0.03103	0.03959	0.02354	0.02140	0.02568	0.67469	0.01605	0.03317	0.02354	0.02033	0.01284	0.01498	0.01070	0.00856	0.00749	0.00214	0.01498	0.00535	0.00428	0.00963
26	0.02164	0.01760	0.01864	0.01725	0.02124	0.07361	0.01434	0.21520	0.11006	0.03449	0.03233	0.05513	0.03093	0.01603	0.00972	0.00312	0.00861	0.28177	0.00768	0.01061
27	0.01207	0.00810	0.00930	0.00930	0.00939	0.00819	0.00534	0.01224	0.01215	0.01629	0.02595	0.05313	0.02967	0.67135	0.07824	0.00835	0.00886	0.01190	0.00500	0.00517
28	0.01310	0.00932	0.01284	0.01436	0.01600	0.00944	0.01210	0.01638	0.01779	0.02332	0.04004	0.08397	0.04347	0.11206	0.06752	0.00510	0.00885	0.47995	0.00707	0.00730
29	0.76672	0.01607	0.01221	0.01092	0.01607	0.01864	0.00900	0.02442	0.01414	0.03727	0.01157	0.01350	0.00900	0.00771	0.00514	0.00257	0.00643	0.00450	0.00514	0.00900
30	0.42540	0.17688	0.05752	0.01286	0.01916	0.02072	0.01178	0.02573	0.01607	0.08612	0.01388	0.01530	0.01076	0.00767	0.00571	0.00228	0.00735	0.00495	0.00511	0.07476
31	0.02282	0.06352	0.17695	0.02380	0.07092	0.04205	0.11957	0.14756	0.12408	0.07110	0.04104	0.02299	0.01700	0.00909	0.00834	0.00259	0.01018	0.00792	0.00603	0.01246
32	0.01549	0.00774	0.00774	0.00774	0.00968	0.00774	0.00581	0.01936	0.01742	0.03097	0.02710	0.03097	0.02129	0.00968	0.00581	0.00194	0.00387	0.00774	0.75416	0.00774
33	0.01835	0.02026	0.07161	0.01507	0.01938	0.14244	0.01256	0.05961	0.15110	0.02818	0.13219	0.07055	0.19641	0.01441	0.00886	0.00264	0.00776	0.01178	0.00708	0.00977
34	0.01137	0.00916	0.01028	0.01074	0.01288	0.00866	0.00775	0.01599	0.09613	0.02397	0.08677	0.30506	0.32779	0.02150	0.00994	0.00301	0.00472	0.01867	0.00786	0.00772
35	0.02332	0.02739	0.05278	0.19358	0.14229	0.28139	0.05678	0.02906	0.06910	0.02347	0.01577	0.01954	0.01247	0.00839	0.00805	0.00247	0.01230	0.00683	0.00440	0.01061
36	0.01612	0.01520	0.02569	0.63204	0.10991	0.01857	0.02328	0.02160	0.01681	0.02175	0.01484	0.02201	0.01126	0.00823	0.00830	0.00274	0.01097	0.00738	0.00373	0.00957
37	0.02415	0.01904	0.02141	0.01614	0.02272	0.01897	0.01319	0.31154	0.02740	0.03874	0.01701	0.01858	0.01309	0.00849	0.00847	0.00198	0.04924	0.00629	0.00646	0.35708
38	0.01894	0.01841	0.05061	0.16702	0.24418	0.01716	0.10328	0.02407	0.01820	0.04509	0.01589	0.02041	0.01257	0.00731	0.00791	0.00226	0.00972	0.00707	0.00442	0.20547

[dist]
# distance from previous block
# <min> <max>
0	4

[block]
# block no. 4 follows, 22 sequences, length 29
# corresponding to MSA columns:
# 430-458
name=unknown_E
#
# <colnr> <probs for GDERKNQSTAVLIFYWHMCP>
#	G	D	E	R	K	N	Q	S	T	A	V	L	I	F	Y	W	H	M	C	P
0	0.01488	0.01350	0.01933	0.38250	0.03812	0.03913	0.01691	0.02056	0.07249	0.02240	0.02653	0.24484	0.02666	0.01437	0.00904	0.00295	0.00877	0.01279	0.00545	0.00878
1	0.01654	0.01387	0.01901	0.02364	0.18733	0.05639	0.03495	0.01933	0.01811	0.06764	0.03605	0.36177	0.07585	0.01776	0.00952	0.00293	0.00730	0.01609	0.00657	0.00935
2	0.01234	0.00933	0.01332	0.04526	0.04136	0.01013	0.01010	0.01464	0.01450	0.01995	0.05592	0.04091	0.09837	0.13317	0.38557	0.05711	0.01548	0.01037	0.00501	0.00715
3	0.01474	0.01305	0.01855	0.01690	0.01762	0.01705	0.01356	0.01699	0.01298	0.01940	0.01737	0.02750	0.01692	0.08278	0.34041	0.00860	0.32506	0.00837	0.00412	0.00802
4	0.01569	0.01477	0.02492	0.68808	0.05722	0.01846	0.02307	0.02123	0.01661	0.02123	0.01477	0.02215	0.01107	0.00831	0.00831	0.00277	0.01107	0.00738	0.00369	0.00923
5	0.01265	0.00988	0.01202	0.05492	0.01615	0.00950	0.00923	0.05601	0.02156	0.02828	0.26715	0.10795	0.28027	0.01853	0.00979	0.00283	0.00520	0.06211	0.00799	0.00796
6	0.01862	0.01472	0.01737	0.01248	0.01979	0.01115	0.01001	0.02228	0.01768	0.07130	0.01602	0.01800	0.01288	0.00644	0.00631	0.00132	0.00622	0.00516	0.00530	0.70695
7	0.02801	0.01507	0.02091	0.01715	0.02081	0.01675	0.01416	0.03071	0.01883	0.37112	0.02396	0.02510	0.01714	0.01682	0.07940	0.00399	0.25301	0.00802	0.00735	0.01169
8	0.03103	0.03959	0.02354	0.02140	0.02568	0.67469	0.01605	0.03317	0.02354	0.02033	0.01284	0.01498	0.01070	0.00856	0.00749	0.00214	0.01498	0.00535	0.00428	0.00963
9	0.01091	0.00821	0.00901	0.00907	0.01055	0.00748	0.00605	0.01233	0.01652	0.02097	0.11531	0.10736	0.31553	0.28892	0.02253	0.00487	0.00572	0.01554	0.00681	0.00631
10	0.01862	0.03962	0.54387	0.02580	0.09304	0.06031	0.02867	0.02714	0.01825	0.04721	0.01544	0.01802	0.01112	0.00797	0.00791	0.00258	0.01205	0.00628	0.00384	0.01226
11	0.02791	0.02714	0.06421	0.06498	0.02794	0.18131	0.01692	0.32381	0.11619	0.03839	0.01948	0.02028	0.01443	0.00957	0.00811	0.00248	0.01053	0.00714	0.00674	0.01245
12	0.01179	0.00831	0.01074	0.01079	0.01162	0.00859	0.00734	0.01348	0.01481	0.02053	0.13700	0.10700	0.03811	0.33544	0.22011	0.00824	0.01122	0.01269	0.00582	0.00638
13	0.01877	0.19466	0.35136	0.02297	0.05941	0.05060	0.09016	0.02557	0.01833	0.02499	0.05618	0.02004	0.01538	0.00822	0.00762	0.00242	0.01113	0.00675	0.00403	0.01141
14	0.01003	0.00813	0.00873	0.00915	0.01126	0.00702	0.00654	0.01185	0.01782	0.02175	0.07187	0.21569	0.47993	0.06734	0.01213	0.00328	0.00460	0.01852	0.00754	0.00682
15	0.02174	0.02133	0.03333	0.04676	0.55586	0.06280	0.05213	0.05566	0.02024	0.02791	0.01571	0.02025	0.01302	0.00759	0.00825	0.00246	0.01036	0.00738	0.00433	0.01289
16	0.01566	0.00935	0.01235	0.01111	0.01375	0.00851	0.00851	0.01947	0.02356	0.12936	0.55726	0.05689	0.06955	0.01596	0.00958	0.00261	0.00440	0.01400	0.00932	0.00880
17	0.27769	0.07453	0.37160	0.01828	0.02750	0.01961	0.02133	0.02618	0.01659	0.05747	0.01432	0.01634	0.01044	0.00789	0.00680	0.00255	0.00981	0.00556	0.00437	0.01112
18	0.01519	0.01584	0.06539	0.05958	0.06268	0.05762	0.03961	0.02031	0.05029	0.02721	0.26480	0.04250	0.08788	0.02008	0.09848	0.00409	0.04163	0.01124	0.00649	0.00907
19	0.01202	0.01102	0.05227	0.01191	0.01474	0.00856	0.00957	0.01520	0.01900	0.02629	0.23152	0.28277	0.11844	0.01899	0.00960	0.00279	0.00524	0.04355	0.00755	0.09898
20	0.01727	0.11580	0.59746	0.02265	0.03437	0.02077	0.02890	0.02615	0.01747	0.02557	0.01454	0.01708	0.01054	0.00781	0.00761	0.00254	0.01191	0.00595	0.00351	0.01210
21	0.02221	0.71304	0.04353	0.01421	0.02132	0.03287	0.01421	0.02488	0.01688	0.01955	0.01155	0.01333	0.01066	0.00711	0.00533	0.00178	0.00888	0.00444	0.00355	0.01066
22	0.01154	0.00824	0.00947	0.00947	0.01029	0.00812	0.00601	0.01240	0.01379	0.01794	0.03871	0.05731	0.16897	0.47026	0.11664	0.00756	0.00902	0.01290	0.00556	0.00579
23	0.02553	0.02208	0.02968	0.03666	0.37066	0.05183	0.02111	0.27169	0.02734	0.03711	0.01726	0.02006	0.01344	0.00850	0.00823	0.00246	0.00980	0.00734	0.00583	0.01339
24	0.02068	0.02256	0.16644	0.02106	0.06961	0.01787	0.06396	0.03378	0.26953	0.10957	0.03194	0.03118	0.08289	0.01078	0.00854	0.00272	0.00848	0.00924	0.00687	0.01231
25	0.02088	0.14462	0.38591	0.02248	0.03193	0.16567	0.06526	0.02762	0.01890	0.02397	0.01406	0.01665	0.01072	0.00786	0.00754	0.00240	0.01246	0.00595	0.00373	0.01137
