[name]
unknown

[dist]
# distance from previous block
# <min> <max>
0	32

[block]
# block no. 0 follows, 25 sequences, length 39
# corresponding to MSA columns:
# 32-70
name=unknown_A
#
# <colnr> <probs for GDERKNQSTAVLIFYWHMCP>
#	G	D	E	R	K	N	Q	S	T	A	V	L	I	F	Y	W	H	M	C	P
0	0.01173	0.00844	0.01157	0.01319	0.01476	0.00827	0.01103	0.01482	0.01743	0.02276	0.06648	0.20386	0.07411	0.02167	0.01043	0.00341	0.00638	0.46549	0.00720	0.00696
1	0.01624	0.07103	0.52568	0.05792	0.07807	0.01877	0.07742	0.02423	0.01654	0.02408	0.01394	0.01694	0.01018	0.00725	0.00743	0.00242	0.01122	0.00606	0.00337	0.01122
2	0.02318	0.01859	0.01972	0.01657	0.02164	0.02110	0.01321	0.27488	0.42512	0.03871	0.02662	0.02499	0.01967	0.01006	0.00784	0.00251	0.00705	0.00808	0.00784	0.01262
3	0.02556	0.01236	0.01568	0.01298	0.01740	0.01168	0.01034	0.08215	0.07352	0.37016	0.13851	0.10064	0.03131	0.01213	0.00811	0.00246	0.00587	0.01024	0.04774	0.01115
4	0.02882	0.01181	0.01601	0.01289	0.01775	0.01031	0.01039	0.03180	0.02157	0.52329	0.13866	0.08674	0.03070	0.01180	0.00819	0.00247	0.00594	0.00996	0.00923	0.01167
5	0.00942	0.00684	0.00891	0.01056	0.01118	0.00632	0.00709	0.01082	0.01507	0.01988	0.04557	0.67116	0.10074	0.02392	0.00984	0.00311	0.00445	0.02159	0.00720	0.00632
6	0.01083	0.00781	0.01023	0.00985	0.01155	0.00722	0.00730	0.01427	0.02127	0.03001	0.61463	0.12141	0.07107	0.01666	0.00922	0.00251	0.00374	0.01479	0.00841	0.00722
7	0.03085	0.01287	0.01709	0.01349	0.01889	0.01156	0.01100	0.03542	0.07307	0.55852	0.10401	0.03018	0.02569	0.01038	0.00796	0.00242	0.00623	0.00858	0.00934	0.01245
8	0.01608	0.01378	0.01608	0.01148	0.01837	0.01034	0.00919	0.01952	0.01608	0.02527	0.01378	0.01608	0.01148	0.00574	0.00574	0.00115	0.00574	0.00459	0.00459	0.77491
9	0.01049	0.00791	0.00970	0.00925	0.01129	0.00711	0.00694	0.01370	0.02082	0.02841	0.51710	0.06234	0.23278	0.01685	0.00915	0.00249	0.00373	0.01464	0.00818	0.00711
10	0.01929	0.01666	0.01753	0.01578	0.02016	0.01929	0.01227	0.04120	0.66513	0.03243	0.03156	0.02893	0.02367	0.01052	0.00789	0.00263	0.00614	0.00877	0.00789	0.01227
11	0.11143	0.01404	0.01772	0.01373	0.01962	0.01299	0.01134	0.08351	0.02236	0.56873	0.02763	0.02437	0.01762	0.00933	0.00749	0.00239	0.00668	0.00736	0.00896	0.01270
12	0.00945	0.00675	0.00900	0.01080	0.01125	0.00630	0.00720	0.01080	0.01484	0.01979	0.04274	0.72245	0.05128	0.02429	0.00990	0.00315	0.00450	0.02204	0.00720	0.00630
13	0.01574	0.03896	0.65253	0.02345	0.06782	0.01803	0.02839	0.02451	0.01644	0.02460	0.01395	0.01652	0.00995	0.00734	0.00738	0.00245	0.01134	0.00579	0.00330	0.01150
14	0.01112	0.00745	0.00850	0.00866	0.00869	0.00741	0.00491	0.01123	0.01158	0.01544	0.02598	0.10775	0.03015	0.66782	0.03695	0.00715	0.00726	0.01219	0.00491	0.00483
15	0.00973	0.00705	0.00885	0.01007	0.01080	0.00654	0.00671	0.01110	0.01509	0.01989	0.07702	0.51897	0.12787	0.11565	0.01365	0.00362	0.00478	0.01951	0.00694	0.00617
16	0.27013	0.01925	0.08285	0.11100	0.03125	0.01883	0.24448	0.02290	0.01548	0.02686	0.01315	0.01738	0.01015	0.00765	0.00893	0.00260	0.07692	0.00671	0.00405	0.00943
17	0.01919	0.45960	0.27069	0.01667	0.02492	0.05070	0.01882	0.02398	0.01620	0.02052	0.01194	0.01390	0.00991	0.00695	0.00590	0.00196	0.00963	0.00474	0.00333	0.01045
18	0.01863	0.19052	0.25946	0.07930	0.09788	0.02028	0.02003	0.02636	0.09792	0.06705	0.03964	0.01980	0.01471	0.00802	0.00703	0.00228	0.00913	0.00639	0.00453	0.01103
19	0.01120	0.00777	0.00988	0.00988	0.01050	0.00817	0.00658	0.01209	0.01196	0.01629	0.02550	0.04370	0.05881	0.42538	0.26315	0.04691	0.01184	0.01030	0.00458	0.00549
20	0.00945	0.00675	0.00900	0.01080	0.01125	0.00630	0.00720	0.01080	0.01484	0.01979	0.04274	0.72245	0.05128	0.02429	0.00990	0.00315	0.00450	0.02204	0.00720	0.00630
21	0.00950	0.00684	0.00901	0.01064	0.01123	0.00635	0.00715	0.01097	0.01525	0.02031	0.07035	0.67066	0.07550	0.02377	0.00984	0.00310	0.00444	0.02150	0.00725	0.00635
22	0.02181	0.01716	0.01932	0.01821	0.06876	0.01921	0.01336	0.11805	0.48642	0.08565	0.02858	0.02670	0.02114	0.01003	0.00785	0.00255	0.00670	0.00833	0.00771	0.01246
23	0.74423	0.01490	0.01173	0.01038	0.01524	0.01709	0.00855	0.02356	0.01365	0.06786	0.01180	0.01330	0.00895	0.00732	0.00495	0.00240	0.00603	0.00438	0.00504	0.00864
24	0.01596	0.09490	0.63613	0.02140	0.03248	0.01901	0.02743	0.02445	0.01632	0.02406	0.01367	0.01606	0.00983	0.00731	0.00718	0.00239	0.01121	0.00560	0.00328	0.01134
25	0.78228	0.01499	0.01140	0.01020	0.01499	0.01739	0.00840	0.02279	0.01320	0.03479	0.01080	0.01260	0.00840	0.00720	0.00480	0.00240	0.00600	0.00420	0.00480	0.00840
26	0.01608	0.01378	0.01608	0.01148	0.01837	0.01034	0.00919	0.01952	0.01608	0.02527	0.01378	0.01608	0.01148	0.00574	0.00574	0.00115	0.00574	0.00459	0.00459	0.77491
27	0.01041	0.00790	0.00958	0.00916	0.01124	0.00708	0.00687	0.01354	0.02062	0.02794	0.48950	0.06311	0.26068	0.01703	0.00915	0.00249	0.00374	0.01475	0.00812	0.00708
28	0.00945	0.00675	0.00900	0.01080	0.01125	0.00630	0.00720	0.01080	0.01484	0.01979	0.04274	0.72245	0.05128	0.02429	0.00990	0.00315	0.00450	0.02204	0.00720	0.00630
29	0.02492	0.02037	0.04493	0.04693	0.04329	0.02192	0.01500	0.39751	0.22878	0.04105	0.02214	0.02183	0.01617	0.00948	0.00778	0.00244	0.00799	0.00748	0.00735	0.01263
30	0.01311	0.00838	0.01084	0.01005	0.01229	0.00761	0.00760	0.01645	0.02125	0.09472	0.52854	0.09011	0.11727	0.01598	0.00905	0.00249	0.00402	0.01401	0.00846	0.00778
31	0.01112	0.00815	0.01166	0.01166	0.01277	0.00926	0.00870	0.01333	0.01223	0.01741	0.02150	0.03449	0.02113	0.19125	0.56608	0.01148	0.01813	0.00890	0.00426	0.00648
32	0.05743	0.01995	0.02067	0.09349	0.02509	0.07409	0.01409	0.42647	0.02949	0.03987	0.01992	0.02112	0.03618	0.00928	0.00741	0.00230	0.00845	0.00705	0.07629	0.01137
33	0.00945	0.00675	0.00900	0.01080	0.01125	0.00630	0.00720	0.01080	0.01484	0.01979	0.04274	0.72245	0.05128	0.02429	0.00990	0.00315	0.00450	0.02204	0.00720	0.00630
34	0.01738	0.01949	0.06838	0.09079	0.15090	0.01930	0.30788	0.02246	0.01652	0.02312	0.01538	0.04960	0.01303	0.00880	0.01169	0.00271	0.14006	0.00849	0.00387	0.01013
35	0.06025	0.01503	0.01710	0.01334	0.01906	0.01431	0.01074	0.10724	0.12532	0.13079	0.02016	0.02052	0.01507	0.00802	0.00715	0.00189	0.02599	0.00623	0.04189	0.33990
36	0.02146	0.01746	0.02508	0.22134	0.03337	0.01969	0.09882	0.25182	0.02365	0.06419	0.03732	0.04556	0.01532	0.00965	0.00980	0.00258	0.07862	0.00800	0.00566	0.01061
37	0.01731	0.01451	0.01674	0.01207	0.01890	0.01160	0.00970	0.07791	0.01796	0.02744	0.01423	0.01631	0.01164	0.00607	0.00593	0.00126	0.00600	0.00481	0.00489	0.70473
38	0.08316	0.01905	0.04697	0.07060	0.42632	0.04738	0.02012	0.02693	0.13239	0.02681	0.01711	0.02013	0.01371	0.00768	0.00744	0.00238	0.00873	0.00689	0.00461	0.01160

[dist]
# distance from previous block
# <min> <max>
0	4

[block]
# block no. 1 follows, 25 sequences, length 23
# corresponding to MSA columns:
# 75-97
name=unknown_B
#
# <colnr> <probs for GDERKNQSTAVLIFYWHMCP>
#	G	D	E	R	K	N	Q	S	T	A	V	L	I	F	Y	W	H	M	C	P
0	0.05214	0.01532	0.04518	0.01694	0.05318	0.03727	0.06928	0.02953	0.05553	0.33483	0.08329	0.08479	0.02436	0.01058	0.00795	0.00241	0.00723	0.00918	0.00752	0.05348
1	0.14162	0.01107	0.01204	0.06362	0.01591	0.01203	0.00878	0.07384	0.01738	0.08078	0.02128	0.02557	0.01685	0.05677	0.00890	0.00249	0.03206	0.00699	0.38364	0.00837
2	0.02955	0.01382	0.01757	0.01413	0.01945	0.01315	0.01153	0.08120	0.12072	0.46843	0.07529	0.03068	0.02415	0.01059	0.00801	0.00248	0.00648	0.03132	0.00904	0.01242
3	0.02781	0.02061	0.02217	0.01734	0.02312	0.02280	0.01419	0.58404	0.07002	0.04636	0.02066	0.05797	0.01587	0.01020	0.00788	0.00239	0.00818	0.00791	0.00773	0.01276
4	0.00995	0.00752	0.01065	0.01151	0.01250	0.00697	0.03500	0.01175	0.01574	0.02103	0.09722	0.60351	0.08224	0.02257	0.00976	0.00304	0.00477	0.02052	0.00717	0.00658
5	0.02779	0.02336	0.02244	0.03896	0.02445	0.13568	0.01451	0.47514	0.03164	0.04093	0.01694	0.01768	0.01242	0.00873	0.00746	0.00218	0.00927	0.00644	0.00672	0.07725
6	0.01097	0.00793	0.01036	0.00975	0.01158	0.00732	0.00732	0.01463	0.02195	0.03109	0.67505	0.05792	0.07316	0.01585	0.00914	0.00244	0.00366	0.01402	0.00854	0.00732
7	0.00945	0.00675	0.00900	0.01080	0.01125	0.00630	0.00720	0.01080	0.01484	0.01979	0.04274	0.72245	0.05128	0.02429	0.00990	0.00315	0.00450	0.02204	0.00720	0.00630
8	0.01701	0.01836	0.03655	0.11936	0.03685	0.01915	0.41529	0.02219	0.01659	0.02277	0.01622	0.06551	0.01385	0.00907	0.01184	0.00278	0.13377	0.00927	0.00398	0.00960
9	0.02241	0.02619	0.02483	0.02124	0.02368	0.32248	0.07011	0.02466	0.01691	0.01933	0.01145	0.01597	0.01023	0.01049	0.01585	0.00271	0.34269	0.00619	0.00371	0.00888
10	0.01385	0.01159	0.01719	0.01525	0.01677	0.01393	0.05687	0.03264	0.01354	0.02002	0.01838	0.02792	0.01725	0.10390	0.34073	0.00787	0.19260	0.00816	0.06400	0.00754
11	0.01464	0.01378	0.02326	0.70887	0.05340	0.01723	0.02153	0.01981	0.01550	0.01981	0.01378	0.02067	0.01034	0.00775	0.00775	0.00258	0.01034	0.00689	0.00345	0.00861
12	0.00925	0.00786	0.00798	0.00795	0.01053	0.00658	0.00596	0.01130	0.01788	0.02145	0.10812	0.07379	0.64611	0.01945	0.00916	0.00261	0.00391	0.01625	0.00727	0.00658
13	0.01696	0.01696	0.02375	0.02036	0.02036	0.02375	0.01696	0.01866	0.01187	0.01866	0.01018	0.01696	0.01018	0.01357	0.02545	0.00339	0.71332	0.00679	0.00339	0.00848
14	0.72235	0.01696	0.06423	0.01113	0.01645	0.01744	0.00998	0.02293	0.01344	0.03399	0.01104	0.01289	0.00851	0.00721	0.00500	0.00240	0.00642	0.00432	0.00468	0.00864
15	0.01011	0.00857	0.00882	0.00870	0.01137	0.00765	0.00653	0.01382	0.07293	0.02230	0.09748	0.09081	0.57605	0.01886	0.00908	0.00263	0.00412	0.01580	0.00731	0.00706
16	0.01483	0.01416	0.02444	0.67333	0.05273	0.01735	0.05462	0.02007	0.01565	0.02007	0.01388	0.02068	0.01041	0.00769	0.00783	0.00259	0.01048	0.00701	0.00347	0.00871
17	0.01711	0.01451	0.01710	0.01266	0.01878	0.01245	0.01020	0.07330	0.01769	0.02696	0.03652	0.01779	0.01364	0.00700	0.00757	0.00147	0.06121	0.00529	0.00490	0.62385
18	0.01743	0.01514	0.02455	0.40374	0.20552	0.01746	0.02045	0.04577	0.01687	0.05892	0.01525	0.02081	0.01187	0.01051	0.04269	0.00302	0.04903	0.00701	0.00408	0.00988
19	0.08427	0.01597	0.04293	0.09955	0.05597	0.03492	0.04802	0.13226	0.02008	0.02962	0.07352	0.05938	0.01963	0.01103	0.03306	0.00254	0.00799	0.00774	0.06522	0.15630
20	0.01723	0.01748	0.05444	0.12736	0.08943	0.01725	0.24482	0.07447	0.01788	0.02450	0.01794	0.09957	0.01609	0.01069	0.01105	0.04574	0.06504	0.00929	0.00447	0.03526
21	0.02127	0.06024	0.06097	0.05581	0.02456	0.07899	0.07219	0.06077	0.19317	0.10148	0.02067	0.02169	0.01556	0.00898	0.00895	0.00236	0.07018	0.00711	0.03309	0.08197
22	0.08838	0.04564	0.02295	0.04908	0.07302	0.05232	0.10257	0.07785	0.11913	0.16555	0.06919	0.02464	0.01965	0.00902	0.00755	0.00238	0.00799	0.00779	0.04438	0.01091

[dist]
# distance from previous block
# <min> <max>
4	75

[block]
# block no. 2 follows, 25 sequences, length 22
# corresponding to MSA columns:
# 173-194
name=unknown_C
#
# <colnr> <probs for GDERKNQSTAVLIFYWHMCP>
#	G	D	E	R	K	N	Q	S	T	A	V	L	I	F	Y	W	H	M	C	P
0	0.03935	0.08045	0.17021	0.10569	0.05139	0.05838	0.05403	0.12225	0.03956	0.05449	0.05282	0.02098	0.01538	0.01036	0.00986	0.08375	0.00931	0.00685	0.00486	0.01001
1	0.01951	0.17264	0.08773	0.06004	0.02457	0.01965	0.05049	0.14545	0.01987	0.02742	0.01504	0.04137	0.01261	0.00803	0.00763	0.00198	0.04541	0.00621	0.00474	0.22960
2	0.08629	0.14204	0.06289	0.04991	0.02286	0.12486	0.04966	0.13044	0.02001	0.02662	0.03270	0.07806	0.01649	0.01406	0.07302	0.00319	0.01023	0.00746	0.00494	0.04428
3	0.14232	0.08888	0.01704	0.05425	0.09013	0.01453	0.01046	0.06554	0.01619	0.02427	0.06281	0.07240	0.06161	0.22912	0.01692	0.00393	0.00715	0.00935	0.00516	0.00795
4	0.06351	0.04761	0.08663	0.01410	0.01800	0.03530	0.01247	0.02271	0.05503	0.13558	0.09765	0.02806	0.02295	0.02528	0.22445	0.00558	0.05947	0.00798	0.02838	0.00924
5	0.01861	0.45578	0.17286	0.01748	0.06283	0.02531	0.01696	0.02248	0.01572	0.02013	0.01369	0.05954	0.01273	0.00833	0.00712	0.00206	0.04875	0.00595	0.00359	0.01009
6	0.00997	0.00749	0.01000	0.01072	0.01180	0.00691	0.02512	0.01171	0.01587	0.02101	0.11666	0.48873	0.13702	0.07431	0.01188	0.00330	0.00479	0.01919	0.00707	0.00645
7	0.02341	0.01070	0.01429	0.01204	0.01606	0.00946	0.00964	0.02653	0.02136	0.37313	0.24517	0.06735	0.07845	0.01338	0.00855	0.00251	0.00543	0.04333	0.00889	0.01032
8	0.01071	0.00792	0.01000	0.00948	0.01142	0.00720	0.00711	0.01412	0.02132	0.02961	0.58764	0.06037	0.16150	0.01641	0.00915	0.00246	0.00370	0.01437	0.00834	0.00720
9	0.01128	0.00752	0.00846	0.00846	0.00846	0.00752	0.00470	0.01128	0.01128	0.01503	0.02443	0.05074	0.02819	0.72751	0.03946	0.00752	0.00752	0.01128	0.00470	0.00470
10	0.78228	0.01499	0.01140	0.01020	0.01499	0.01739	0.00840	0.02279	0.01320	0.03479	0.01080	0.01260	0.00840	0.00720	0.00480	0.00240	0.00600	0.00420	0.00480	0.00840
11	0.78228	0.01499	0.01140	0.01020	0.01499	0.01739	0.00840	0.02279	0.01320	0.03479	0.01080	0.01260	0.00840	0.00720	0.00480	0.00240	0.00600	0.00420	0.00480	0.00840
12	0.01919	0.01842	0.03147	0.04759	0.67914	0.01842	0.02380	0.02380	0.01765	0.02533	0.01458	0.01919	0.01228	0.00691	0.00768	0.00230	0.00921	0.00691	0.00384	0.01228
13	0.19765	0.01334	0.01586	0.01267	0.01809	0.01273	0.01040	0.03339	0.04156	0.47901	0.02594	0.02359	0.01701	0.00906	0.00699	0.00237	0.00627	0.00700	0.05533	0.01174
14	0.01062	0.00765	0.01004	0.01000	0.01150	0.00708	0.00729	0.01374	0.02029	0.02845	0.52734	0.21315	0.06805	0.01782	0.00932	0.00260	0.00385	0.01590	0.00822	0.00708
15	0.01462	0.01301	0.02138	0.62675	0.04821	0.01606	0.01965	0.01961	0.01559	0.02088	0.01513	0.02164	0.01145	0.00790	0.00748	0.00249	0.00955	0.00693	0.09323	0.00845
16	0.00960	0.00687	0.00913	0.01069	0.01128	0.00640	0.00721	0.01118	0.01556	0.02093	0.10617	0.65578	0.05348	0.02344	0.00982	0.00308	0.00441	0.02124	0.00733	0.00640
17	0.01039	0.00779	0.00963	0.00940	0.01129	0.00703	0.00696	0.01342	0.02023	0.02756	0.47068	0.12712	0.21484	0.01758	0.00922	0.00255	0.00380	0.01537	0.00809	0.00703
18	0.05152	0.02216	0.10256	0.36292	0.03925	0.13872	0.01946	0.09452	0.05066	0.02474	0.01476	0.01880	0.01110	0.00803	0.00745	0.00243	0.01053	0.00640	0.00428	0.00971
19	0.00987	0.00706	0.00902	0.01017	0.01085	0.00661	0.00678	0.01135	0.01536	0.02055	0.11870	0.51028	0.08591	0.12265	0.01395	0.00365	0.00479	0.01923	0.00701	0.00621
20	0.05146	0.01945	0.06263	0.16681	0.06603	0.05657	0.01797	0.12149	0.04953	0.02576	0.01391	0.01834	0.01136	0.01021	0.01413	0.00278	0.27061	0.00668	0.00442	0.00985
21	0.01670	0.05134	0.05876	0.03321	0.01815	0.01260	0.01130	0.05938	0.09364	0.09000	0.22518	0.11077	0.03853	0.01304	0.00819	0.00240	0.00598	0.04567	0.00707	0.09808

[dist]
# distance from previous block
# <min> <max>
0	5

[block]
# block no. 3 follows, 25 sequences, length 25
# corresponding to MSA columns:
# 200-224
name=unknown_D
#
# <colnr> <probs for GDERKNQSTAVLIFYWHMCP>
#	G	D	E	R	K	N	Q	S	T	A	V	L	I	F	Y	W	H	M	C	P
0	0.16230	0.11708	0.28079	0.04504	0.06642	0.06712	0.05205	0.02381	0.01623	0.02550	0.01377	0.01650	0.01061	0.00735	0.00653	0.00227	0.00952	0.00559	0.06141	0.01009
1	0.20982	0.04453	0.01905	0.03509	0.02018	0.09475	0.02716	0.10372	0.05885	0.02820	0.01692	0.09120	0.01543	0.01063	0.01021	0.00252	0.13734	0.00752	0.00515	0.06172
2	0.01604	0.01226	0.01818	0.07020	0.02153	0.01121	0.09270	0.04366	0.01709	0.08572	0.02637	0.26745	0.02682	0.04008	0.00934	0.00256	0.00688	0.01214	0.00593	0.21385
3	0.07468	0.01507	0.02112	0.21658	0.02917	0.01864	0.04561	0.07231	0.04982	0.02461	0.01506	0.02015	0.01227	0.01053	0.01366	0.02842	0.22990	0.00690	0.08661	0.00888
4	0.00960	0.00681	0.00895	0.01060	0.01101	0.00640	0.00699	0.01084	0.01454	0.01939	0.04118	0.66551	0.04932	0.08390	0.01240	0.00352	0.00475	0.02113	0.00699	0.00616
5	0.01768	0.03386	0.50348	0.02523	0.10259	0.01770	0.08708	0.02551	0.01714	0.07515	0.01543	0.01788	0.01099	0.00741	0.00761	0.00245	0.01100	0.00635	0.00388	0.01158
6	0.01409	0.01397	0.06451	0.01256	0.01624	0.05672	0.03003	0.01877	0.07174	0.05074	0.16343	0.15426	0.21171	0.01526	0.00856	0.00249	0.00595	0.01310	0.00678	0.06908
7	0.01552	0.01097	0.01558	0.01389	0.01683	0.01043	0.08114	0.08833	0.01901	0.09851	0.04188	0.37107	0.14883	0.01811	0.00920	0.00282	0.00606	0.01628	0.00716	0.00837
8	0.54403	0.01518	0.01391	0.05426	0.01822	0.01775	0.01023	0.08905	0.01596	0.03381	0.01288	0.01528	0.01003	0.00803	0.00676	0.00243	0.05479	0.00507	0.06352	0.00884
9	0.01684	0.01376	0.01616	0.01158	0.01843	0.01038	0.00928	0.02027	0.01633	0.05218	0.01447	0.01650	0.01180	0.00590	0.00583	0.00120	0.00578	0.00472	0.00480	0.74381
10	0.00983	0.00725	0.00935	0.01064	0.01163	0.00656	0.00723	0.01135	0.01511	0.02021	0.04341	0.63483	0.09162	0.02284	0.00959	0.00299	0.00454	0.02058	0.00704	0.05338
11	0.01084	0.00772	0.01018	0.01136	0.01264	0.00731	0.00870	0.01285	0.01651	0.02162	0.10360	0.31051	0.13623	0.02213	0.01155	0.06215	0.00537	0.21523	0.00701	0.00648
12	0.01597	0.06625	0.61148	0.02257	0.03356	0.01864	0.07656	0.02452	0.01650	0.02432	0.01393	0.01657	0.00998	0.00727	0.00741	0.00244	0.01146	0.00593	0.00333	0.01132
13	0.00945	0.00675	0.00900	0.01080	0.01125	0.00630	0.00720	0.01080	0.01484	0.01979	0.04274	0.72245	0.05128	0.02429	0.00990	0.00315	0.00450	0.02204	0.00720	0.00630
14	0.04102	0.01916	0.03862	0.11087	0.03851	0.01895	0.47194	0.02341	0.01723	0.02414	0.01481	0.02006	0.01136	0.00713	0.00975	0.00256	0.06001	0.00828	0.00390	0.05826
15	0.02073	0.73217	0.04063	0.01327	0.01990	0.03068	0.01327	0.02322	0.01575	0.01824	0.01078	0.01244	0.00995	0.00663	0.00498	0.00166	0.00829	0.00415	0.00332	0.00995
16	0.01347	0.00673	0.01010	0.01010	0.01010	0.00673	0.00673	0.01010	0.01010	0.01347	0.01347	0.02357	0.01347	0.02694	0.03030	0.77441	0.00673	0.00673	0.00337	0.00337
17	0.01718	0.00934	0.01184	0.01049	0.01362	0.00823	0.00812	0.02012	0.02061	0.21256	0.31564	0.08772	0.20275	0.01544	0.00881	0.00251	0.00460	0.01325	0.00844	0.00874
18	0.00975	0.00675	0.00908	0.01074	0.01116	0.00633	0.00716	0.01074	0.01448	0.01931	0.04050	0.66898	0.04839	0.02449	0.01146	0.06215	0.00467	0.02087	0.00690	0.00607
19	0.02073	0.73217	0.04063	0.01327	0.01990	0.03068	0.01327	0.02322	0.01575	0.01824	0.01078	0.01244	0.00995	0.00663	0.00498	0.00166	0.00829	0.00415	0.00332	0.00995
20	0.01587	0.00906	0.01161	0.01032	0.01319	0.00808	0.00797	0.01910	0.02128	0.17209	0.43363	0.05385	0.16310	0.01512	0.00885	0.00246	0.00435	0.01306	0.00854	0.00847
21	0.01692	0.01590	0.02269	0.43267	0.04016	0.04909	0.01900	0.06603	0.01646	0.02197	0.01363	0.01965	0.01087	0.00934	0.01193	0.00271	0.18119	0.00680	0.03411	0.00888
22	0.01353	0.00677	0.00992	0.00992	0.01003	0.00677	0.00665	0.01060	0.01049	0.01444	0.01421	0.02391	0.01387	0.02581	0.02873	0.72568	0.00654	0.00677	0.05176	0.00361
23	0.01053	0.00751	0.00975	0.01110	0.01186	0.00722	0.00767	0.03397	0.01583	0.02114	0.06258	0.58869	0.04879	0.06763	0.01172	0.00340	0.00498	0.06198	0.00710	0.00653
24	0.06243	0.05028	0.02493	0.08981	0.12259	0.02019	0.06420	0.30622	0.02528	0.03497	0.01741	0.02234	0.01402	0.04258	0.00908	0.00258	0.00878	0.02905	0.00579	0.04745

[dist]
# distance from previous block
# <min> <max>
1	4

[block]
# block no. 4 follows, 25 sequences, length 40
# corresponding to MSA columns:
# 229-268
name=unknown_E
#
# <colnr> <probs for GDERKNQSTAVLIFYWHMCP>
#	G	D	E	R	K	N	Q	S	T	A	V	L	I	F	Y	W	H	M	C	P
0	0.20279	0.01686	0.02190	0.10956	0.02568	0.06656	0.12023	0.02172	0.01524	0.02535	0.01383	0.01819	0.01122	0.00869	0.01055	0.00250	0.15682	0.00637	0.09329	0.05266
1	0.02245	0.05186	0.02114	0.06792	0.02380	0.01862	0.01304	0.30709	0.06923	0.03565	0.01702	0.01827	0.01292	0.00787	0.00691	0.00191	0.00750	0.00611	0.00610	0.28460
2	0.01116	0.00898	0.01303	0.03659	0.01523	0.00905	0.04528	0.01297	0.01466	0.01994	0.03504	0.52410	0.04096	0.06867	0.01277	0.00332	0.05952	0.01803	0.00629	0.04442
3	0.00945	0.00675	0.00900	0.01080	0.01125	0.00630	0.00720	0.01080	0.01484	0.01979	0.04274	0.72245	0.05128	0.02429	0.00990	0.00315	0.00450	0.02204	0.00720	0.00630
4	0.35723	0.01113	0.00990	0.00905	0.01250	0.01206	0.00720	0.02167	0.01535	0.08152	0.01925	0.02147	0.01472	0.00826	0.00533	0.00212	0.00490	0.00592	0.37221	0.00820
5	0.01206	0.00822	0.01042	0.00969	0.01188	0.00743	0.00733	0.01542	0.02131	0.06701	0.54651	0.05867	0.16262	0.01607	0.00907	0.00246	0.00387	0.01402	0.00839	0.00753
6	0.03020	0.01431	0.01790	0.01411	0.01956	0.01372	0.01152	0.13698	0.07941	0.45503	0.07221	0.02756	0.02227	0.01003	0.00780	0.00239	0.00656	0.00815	0.03779	0.01249
7	0.01030	0.00755	0.00971	0.01046	0.01163	0.00711	0.00735	0.01318	0.03958	0.02420	0.26354	0.43670	0.08833	0.02067	0.00953	0.00286	0.00423	0.01853	0.00769	0.00687
8	0.03479	0.01320	0.01799	0.01380	0.01979	0.01140	0.01140	0.03779	0.02219	0.68451	0.03059	0.02639	0.01919	0.00960	0.00780	0.00240	0.00660	0.00780	0.00960	0.01320
9	0.01696	0.01696	0.02375	0.02036	0.02036	0.02375	0.01696	0.01866	0.01187	0.01866	0.01018	0.01696	0.01018	0.01357	0.02545	0.00339	0.71332	0.00679	0.00339	0.00848
10	0.02896	0.03695	0.02197	0.01998	0.02397	0.69638	0.01498	0.03096	0.02197	0.01898	0.01199	0.01398	0.00999	0.00799	0.00699	0.00200	0.01398	0.00499	0.00400	0.00899
11	0.16135	0.01754	0.01856	0.01487	0.02046	0.05061	0.01213	0.21741	0.08858	0.28602	0.02279	0.02133	0.01553	0.00911	0.00723	0.00238	0.00738	0.00689	0.00777	0.01206
12	0.02812	0.01270	0.01641	0.01311	0.01813	0.01162	0.01063	0.07279	0.05351	0.46089	0.14121	0.03428	0.06854	0.01129	0.00811	0.00243	0.00604	0.00936	0.00907	0.01175
13	0.00974	0.00703	0.00926	0.01079	0.01153	0.00655	0.00747	0.01143	0.01571	0.02092	0.09260	0.60114	0.08293	0.02324	0.00985	0.00309	0.00457	0.05840	0.00730	0.00644
14	0.00945	0.00675	0.00900	0.01080	0.01125	0.00630	0.00720	0.01080	0.01484	0.01979	0.04274	0.72245	0.05128	0.02429	0.00990	0.00315	0.00450	0.02204	0.00720	0.00630
15	0.00992	0.00685	0.00894	0.01046	0.01110	0.00643	0.00707	0.01157	0.01536	0.02114	0.07767	0.63144	0.05014	0.02264	0.00951	0.00301	0.00438	0.02045	0.06550	0.00643
16	0.01942	0.55655	0.20474	0.01551	0.02337	0.02746	0.01717	0.02356	0.01591	0.01984	0.01157	0.01344	0.00992	0.00682	0.00558	0.00186	0.00910	0.00455	0.00331	0.01033
17	0.01905	0.01192	0.01452	0.01176	0.01625	0.01056	0.00930	0.08464	0.02133	0.16987	0.22749	0.06036	0.08952	0.01183	0.00786	0.00212	0.00537	0.01000	0.00750	0.20874
18	0.02048	0.09462	0.10427	0.04338	0.12470	0.01781	0.12567	0.05975	0.05552	0.12062	0.05655	0.02260	0.01692	0.00990	0.01005	0.06128	0.03256	0.00751	0.00523	0.01060
19	0.02607	0.01989	0.06110	0.01923	0.07397	0.01999	0.01510	0.31046	0.19354	0.14319	0.02328	0.02243	0.01658	0.00936	0.00777	0.00242	0.00783	0.00749	0.00751	0.01278
20	0.68682	0.01611	0.04484	0.06406	0.01882	0.01741	0.01037	0.02265	0.01352	0.03315	0.01117	0.01339	0.00861	0.00725	0.00515	0.00242	0.00659	0.00448	0.00462	0.00856
21	0.02319	0.02347	0.02116	0.08677	0.08135	0.26179	0.01512	0.11163	0.10659	0.04523	0.06724	0.02199	0.01783	0.00938	0.00854	0.00233	0.05025	0.00704	0.02895	0.01014
22	0.02105	0.01171	0.01559	0.01308	0.01721	0.01092	0.04116	0.04705	0.07358	0.26578	0.18639	0.04593	0.14884	0.01352	0.00862	0.00255	0.00584	0.05284	0.00828	0.01006
23	0.00962	0.00696	0.00910	0.01048	0.01124	0.00644	0.00713	0.01130	0.01591	0.02128	0.12409	0.59938	0.09249	0.02295	0.00976	0.00303	0.00436	0.02069	0.00737	0.00644
24	0.02301	0.01312	0.01657	0.06044	0.01988	0.01325	0.01128	0.15234	0.04776	0.24499	0.18130	0.05379	0.03189	0.04897	0.04290	0.00317	0.00719	0.00971	0.00792	0.01052
25	0.01380	0.01397	0.04603	0.11844	0.02738	0.01355	0.21130	0.01744	0.01549	0.02091	0.02519	0.26088	0.02665	0.09662	0.01358	0.00340	0.04914	0.01318	0.00500	0.00804
26	0.01632	0.01207	0.01656	0.28946	0.02948	0.01394	0.01370	0.11035	0.01845	0.02691	0.01921	0.02431	0.01504	0.01425	0.08674	0.00343	0.00900	0.00718	0.26502	0.00861
27	0.02564	0.01896	0.02096	0.06911	0.02401	0.02105	0.01381	0.49698	0.05055	0.04210	0.01949	0.02251	0.01498	0.07447	0.01053	0.00280	0.00826	0.00743	0.04461	0.01175
28	0.01445	0.00723	0.00723	0.00723	0.00903	0.00723	0.00542	0.01807	0.01626	0.02891	0.02529	0.02891	0.01987	0.00903	0.00542	0.00181	0.00361	0.00723	0.77055	0.00723
29	0.01680	0.01283	0.04971	0.01549	0.01911	0.01121	0.10938	0.05051	0.03904	0.13231	0.13035	0.28842	0.03791	0.03716	0.00993	0.00288	0.00671	0.01424	0.00707	0.00894
30	0.01605	0.10714	0.62470	0.02124	0.03224	0.01923	0.02716	0.02443	0.01631	0.02394	0.01361	0.01599	0.00983	0.00730	0.00713	0.00238	0.01115	0.00558	0.00328	0.01131
31	0.54685	0.01408	0.01228	0.01095	0.01534	0.01587	0.00884	0.02448	0.09038	0.06559	0.10951	0.02166	0.01999	0.00894	0.00593	0.00243	0.00571	0.00631	0.00593	0.00892
32	0.01445	0.00723	0.00723	0.00723	0.00903	0.00723	0.00542	0.01807	0.01626	0.02891	0.02529	0.02891	0.01987	0.00903	0.00542	0.00181	0.00361	0.00723	0.77055	0.00723
33	0.00945	0.00675	0.00900	0.01080	0.01125	0.00630	0.00720	0.01080	0.01484	0.01979	0.04274	0.72245	0.05128	0.02429	0.00990	0.00315	0.00450	0.02204	0.00720	0.00630
34	0.00943	0.00681	0.00893	0.01064	0.01120	0.00631	0.00713	0.01081	0.01500	0.01986	0.04468	0.68733	0.08515	0.02404	0.00986	0.00312	0.00447	0.02173	0.00720	0.00631
35	0.01108	0.00831	0.01246	0.01246	0.01385	0.00969	0.00969	0.01385	0.01246	0.01800	0.02077	0.03046	0.01938	0.05815	0.69678	0.01246	0.02077	0.00831	0.00415	0.00692
36	0.02947	0.02172	0.02327	0.01784	0.02404	0.02404	0.01474	0.65329	0.03646	0.04887	0.01862	0.01862	0.01319	0.00931	0.00776	0.00233	0.00853	0.00698	0.00776	0.01319
37	0.08548	0.01332	0.01755	0.01355	0.01947	0.01180	0.01119	0.03677	0.02158	0.64045	0.02925	0.02546	0.01846	0.00943	0.00759	0.00240	0.00656	0.00755	0.00927	0.01287
38	0.00945	0.00675	0.00900	0.01080	0.01125	0.00630	0.00720	0.01080	0.01484	0.01979	0.04274	0.72245	0.05128	0.02429	0.00990	0.00315	0.00450	0.02204	0.00720	0.00630
39	0.00987	0.00706	0.00947	0.01115	0.01182	0.00665	0.00782	0.01159	0.01553	0.02073	0.07298	0.61693	0.05156	0.02355	0.00995	0.00316	0.00476	0.09170	0.00726	0.00644

[dist]
# distance from previous block
# <min> <max>
0	1

[block]
# block no. 5 follows, 25 sequences, length 27
# corresponding to MSA columns:
# 270-296
name=unknown_F
#
# <colnr> <probs for GDERKNQSTAVLIFYWHMCP>
#	G	D	E	R	K	N	Q	S	T	A	V	L	I	F	Y	W	H	M	C	P
0	0.01170	0.00803	0.01011	0.00976	0.01177	0.00725	0.00725	0.01467	0.02015	0.06275	0.43828	0.15342	0.18094	0.01742	0.00918	0.00257	0.00399	0.01526	0.00815	0.00734
1	0.34267	0.04818	0.02017	0.01623	0.01890	0.02118	0.03968	0.02088	0.01288	0.02576	0.01070	0.01507	0.00948	0.01026	0.01507	0.00286	0.35177	0.00567	0.00401	0.00859
2	0.07252	0.06711	0.30653	0.02053	0.08623	0.01734	0.04203	0.06937	0.01770	0.02698	0.01395	0.01639	0.01067	0.00699	0.00677	0.00207	0.00912	0.00557	0.00411	0.19802
3	0.02624	0.02202	0.02136	0.04811	0.02369	0.12982	0.01423	0.41714	0.05528	0.03879	0.01889	0.04648	0.01474	0.00979	0.00820	0.00234	0.03325	0.00733	0.05082	0.01150
4	0.01347	0.00673	0.01010	0.01010	0.01010	0.00673	0.00673	0.01010	0.01010	0.01347	0.01347	0.02357	0.01347	0.02694	0.03030	0.77441	0.00673	0.00673	0.00337	0.00337
5	0.02519	0.10089	0.15168	0.01757	0.06028	0.04967	0.01573	0.06370	0.05063	0.28866	0.07884	0.02429	0.02006	0.00917	0.00747	0.00231	0.00808	0.00734	0.00678	0.01168
6	0.07469	0.37647	0.09635	0.01502	0.02151	0.05525	0.01445	0.13992	0.06207	0.02671	0.01663	0.01758	0.03774	0.00807	0.00616	0.00203	0.00843	0.00565	0.00471	0.01056
7	0.02032	0.01490	0.01660	0.01474	0.01876	0.01635	0.01144	0.11877	0.37014	0.10297	0.05565	0.15080	0.02846	0.01288	0.00826	0.00265	0.00613	0.01096	0.00796	0.01126
8	0.01082	0.00792	0.01016	0.00960	0.01149	0.00725	0.00720	0.01434	0.02160	0.03026	0.62595	0.05929	0.12278	0.01616	0.00915	0.00245	0.00368	0.01421	0.00843	0.00725
9	0.00982	0.00707	0.00934	0.01071	0.01151	0.00659	0.00743	0.01166	0.01618	0.02174	0.14155	0.56746	0.07460	0.02269	0.00980	0.00304	0.00448	0.05039	0.00740	0.00650
10	0.01081	0.00792	0.01014	0.00958	0.01148	0.00725	0.00719	0.01431	0.02156	0.03017	0.62058	0.05944	0.12820	0.01620	0.00915	0.00246	0.00368	0.01424	0.00841	0.00725
11	0.78228	0.01499	0.01140	0.01020	0.01499	0.01739	0.00840	0.02279	0.01320	0.03479	0.01080	0.01260	0.00840	0.00720	0.00480	0.00240	0.00600	0.00420	0.00480	0.00840
12	0.78228	0.01499	0.01140	0.01020	0.01499	0.01739	0.00840	0.02279	0.01320	0.03479	0.01080	0.01260	0.00840	0.00720	0.00480	0.00240	0.00600	0.00420	0.00480	0.00840
13	0.01929	0.01666	0.01753	0.01578	0.02016	0.01929	0.01227	0.04120	0.66513	0.03243	0.03156	0.02893	0.02367	0.01052	0.00789	0.00263	0.00614	0.00877	0.00789	0.01227
14	0.01087	0.00792	0.01022	0.00964	0.01152	0.00727	0.00723	0.01443	0.02170	0.03051	0.64062	0.05888	0.10795	0.01607	0.00915	0.00245	0.00367	0.01416	0.00846	0.00727
15	0.01128	0.00752	0.00846	0.00846	0.00846	0.00752	0.00470	0.01128	0.01128	0.01503	0.02443	0.05074	0.02819	0.72751	0.03946	0.00752	0.00752	0.01128	0.00470	0.00470
16	0.02900	0.03589	0.02206	0.01983	0.02398	0.64954	0.01496	0.07432	0.02298	0.02106	0.01245	0.01431	0.01021	0.00808	0.00704	0.00202	0.01360	0.00513	0.00426	0.00928
17	0.01830	0.02092	0.04575	0.03268	0.04052	0.01961	0.65098	0.02484	0.01830	0.02484	0.01569	0.02092	0.01176	0.00654	0.00915	0.00261	0.01307	0.00915	0.00392	0.01046
18	0.00943	0.00681	0.00893	0.01063	0.01120	0.00631	0.00712	0.01082	0.01501	0.01986	0.04477	0.68570	0.08671	0.02403	0.00985	0.00312	0.00447	0.02172	0.00720	0.00631
19	0.01063	0.00791	0.00989	0.00939	0.01137	0.00717	0.00704	0.01396	0.02113	0.02916	0.56138	0.06110	0.18804	0.01657	0.00915	0.00247	0.00371	0.01447	0.00828	0.00717
20	0.00956	0.00711	0.00891	0.01007	0.01112	0.00646	0.00694	0.01129	0.01622	0.02129	0.12040	0.51345	0.18412	0.02238	0.00966	0.00296	0.00429	0.01997	0.00735	0.00646
21	0.01347	0.00673	0.01010	0.01010	0.01010	0.00673	0.00673	0.01010	0.01010	0.01347	0.01347	0.02357	0.01347	0.02694	0.03030	0.77441	0.00673	0.00673	0.00337	0.00337
22	0.07041	0.01620	0.02656	0.32754	0.36550	0.01784	0.02176	0.02202	0.01643	0.02363	0.01398	0.01936	0.01118	0.00729	0.00751	0.00243	0.00947	0.00671	0.00374	0.01044
23	0.01629	0.01397	0.01617	0.01176	0.01849	0.01091	0.00939	0.02092	0.05802	0.02573	0.01493	0.01691	0.01227	0.00605	0.00588	0.00124	0.00577	0.00486	0.00481	0.72563
24	0.59243	0.01668	0.05711	0.01230	0.01772	0.01695	0.02938	0.02548	0.04661	0.10322	0.01428	0.01537	0.01050	0.00761	0.00557	0.00242	0.00663	0.00505	0.00534	0.00936
25	0.36668	0.05342	0.09509	0.07158	0.02492	0.06236	0.09410	0.05119	0.04190	0.05324	0.01393	0.01618	0.01050	0.00751	0.00637	0.00239	0.00860	0.00568	0.00471	0.00965
26	0.34652	0.05641	0.04196	0.01610	0.09050	0.01719	0.01187	0.02685	0.14288	0.07225	0.05318	0.02084	0.01674	0.00851	0.00629	0.00236	0.00650	0.00637	0.04672	0.00997

[dist]
# distance from previous block
# <min> <max>
3	26

[block]
# block no. 6 follows, 25 sequences, length 50
# corresponding to MSA columns:
# 323-372
name=unknown_G
#
# <colnr> <probs for GDERKNQSTAVLIFYWHMCP>
#	G	D	E	R	K	N	Q	S	T	A	V	L	I	F	Y	W	H	M	C	P
0	0.16465	0.04232	0.02034	0.01760	0.05277	0.06615	0.04097	0.13525	0.05178	0.02864	0.01680	0.02368	0.01480	0.06811	0.03204	0.00327	0.14999	0.03627	0.02516	0.00943
1	0.08557	0.05425	0.03091	0.05910	0.38957	0.01830	0.13444	0.02391	0.01762	0.05477	0.04639	0.02080	0.01487	0.00742	0.00763	0.00236	0.00925	0.00732	0.00437	0.01117
2	0.06744	0.01392	0.01776	0.01357	0.01965	0.01237	0.01117	0.07504	0.02185	0.52037	0.02653	0.02379	0.01722	0.00893	0.00737	0.00222	0.00658	0.00713	0.00855	0.11854
3	0.01810	0.01520	0.02272	0.04928	0.02474	0.01267	0.14261	0.02222	0.01704	0.08221	0.01564	0.01819	0.01216	0.00634	0.00672	0.00163	0.00755	0.00592	0.00483	0.51422
4	0.01083	0.00792	0.01016	0.00960	0.01149	0.00725	0.00720	0.01434	0.02160	0.03026	0.62609	0.05929	0.12264	0.01616	0.00915	0.00245	0.00368	0.01421	0.00843	0.00725
5	0.01579	0.03844	0.63157	0.02302	0.03416	0.01815	0.08273	0.02458	0.01654	0.02458	0.01407	0.01676	0.00999	0.00729	0.00752	0.00247	0.01160	0.00603	0.00333	0.01137
6	0.01463	0.01348	0.02251	0.67622	0.05134	0.01676	0.02078	0.01973	0.01554	0.02023	0.01432	0.02106	0.01078	0.00781	0.00764	0.00255	0.01002	0.00691	0.03914	0.00855
7	0.01473	0.01391	0.02328	0.68169	0.05210	0.01748	0.02135	0.01977	0.01536	0.01977	0.01364	0.02053	0.01033	0.00798	0.00845	0.00262	0.03809	0.00689	0.00344	0.00861
8	0.00945	0.00675	0.00900	0.01080	0.01125	0.00630	0.00720	0.01080	0.01484	0.01979	0.04274	0.72245	0.05128	0.02429	0.00990	0.00315	0.00450	0.02204	0.00720	0.00630
9	0.01433	0.01313	0.07135	0.01360	0.01649	0.01031	0.01069	0.05845	0.01805	0.02511	0.06255	0.47251	0.04132	0.01974	0.00966	0.00306	0.00620	0.01706	0.00716	0.10922
10	0.78228	0.01499	0.01140	0.01020	0.01499	0.01739	0.00840	0.02279	0.01320	0.03479	0.01080	0.01260	0.00840	0.00720	0.00480	0.00240	0.00600	0.00420	0.00480	0.00840
11	0.01696	0.01696	0.02375	0.02036	0.02036	0.02375	0.01696	0.01866	0.01187	0.01866	0.01018	0.01696	0.01018	0.01357	0.02545	0.00339	0.71332	0.00679	0.00339	0.00848
12	0.02531	0.02211	0.07947	0.01860	0.05006	0.04500	0.01543	0.41357	0.14106	0.04091	0.02039	0.02058	0.01489	0.00919	0.00760	0.00235	0.00834	0.00712	0.04562	0.01239
13	0.78228	0.01499	0.01140	0.01020	0.01499	0.01739	0.00840	0.02279	0.01320	0.03479	0.01080	0.01260	0.00840	0.00720	0.00480	0.00240	0.00600	0.00420	0.00480	0.00840
14	0.01097	0.00793	0.01036	0.00975	0.01158	0.00732	0.00732	0.01463	0.02195	0.03109	0.67505	0.05792	0.07316	0.01585	0.00914	0.00244	0.00366	0.01402	0.00854	0.00732
15	0.00932	0.00786	0.00807	0.00802	0.01057	0.00661	0.00601	0.01143	0.01804	0.02183	0.13039	0.07317	0.62360	0.01931	0.00916	0.00260	0.00390	0.01616	0.00732	0.00661
16	0.01128	0.00752	0.00846	0.00846	0.00846	0.00752	0.00470	0.01128	0.01128	0.01503	0.02443	0.05074	0.02819	0.72751	0.03946	0.00752	0.00752	0.01128	0.00470	0.00470
17	0.09395	0.05798	0.02258	0.01668	0.02256	0.04898	0.01382	0.52195	0.03217	0.04428	0.01749	0.01792	0.01269	0.00893	0.00725	0.00227	0.00835	0.00652	0.03136	0.01225
18	0.00935	0.00743	0.00840	0.00907	0.01082	0.00648	0.00646	0.01115	0.01676	0.02093	0.09002	0.32372	0.40954	0.02127	0.00945	0.00282	0.00414	0.01845	0.00726	0.00648
19	0.02607	0.01559	0.01745	0.01389	0.01866	0.01632	0.01122	0.33021	0.02711	0.18269	0.02318	0.02448	0.01691	0.04610	0.00882	0.00248	0.00686	0.00744	0.19322	0.01131
20	0.01108	0.00831	0.01246	0.01246	0.01385	0.00969	0.00969	0.01385	0.01246	0.01800	0.02077	0.03046	0.01938	0.05815	0.69678	0.01246	0.02077	0.00831	0.00415	0.00692
21	0.01067	0.00778	0.01026	0.03689	0.01346	0.00762	0.00812	0.04434	0.01599	0.02130	0.04042	0.66020	0.04780	0.02291	0.00971	0.00309	0.00492	0.02071	0.00709	0.00674
22	0.01703	0.02031	0.10085	0.12300	0.03692	0.01713	0.36215	0.02296	0.01724	0.02419	0.01483	0.01939	0.01131	0.00662	0.00805	0.00228	0.01096	0.00751	0.00393	0.17333
23	0.01828	0.05577	0.45781	0.02507	0.11795	0.01939	0.05291	0.11300	0.01944	0.02789	0.01464	0.01714	0.01071	0.00752	0.00747	0.00240	0.01072	0.00616	0.00401	0.01172
24	0.05542	0.02234	0.07759	0.02705	0.23280	0.07825	0.01801	0.23823	0.08057	0.03368	0.01695	0.01875	0.01298	0.00812	0.00742	0.00227	0.00900	0.00661	0.00556	0.04839
25	0.74465	0.01494	0.01198	0.04445	0.01688	0.01739	0.00904	0.02265	0.01331	0.03405	0.01094	0.01299	0.00849	0.00722	0.00494	0.00241	0.00621	0.00433	0.00473	0.00841
26	0.01268	0.00767	0.01178	0.01138	0.01207	0.00780	0.03276	0.01169	0.01190	0.01622	0.05192	0.08506	0.02127	0.06056	0.14510	0.47311	0.00916	0.00894	0.00417	0.00478
27	0.00945	0.00675	0.00900	0.01080	0.01125	0.00630	0.00720	0.01080	0.01484	0.01979	0.04274	0.72245	0.05128	0.02429	0.00990	0.00315	0.00450	0.02204	0.00720	0.00630
28	0.03479	0.01320	0.01799	0.01380	0.01979	0.01140	0.01140	0.03779	0.02219	0.68451	0.03059	0.02639	0.01919	0.00960	0.00780	0.00240	0.00660	0.00780	0.00960	0.01320
29	0.02947	0.02172	0.02327	0.01784	0.02404	0.02404	0.01474	0.65329	0.03646	0.04887	0.01862	0.01862	0.01319	0.00931	0.00776	0.00233	0.00853	0.00698	0.00776	0.01319
30	0.03479	0.01320	0.01799	0.01380	0.01979	0.01140	0.01140	0.03779	0.02219	0.68451	0.03059	0.02639	0.01919	0.00960	0.00780	0.00240	0.00660	0.00780	0.00960	0.01320
31	0.02947	0.02172	0.02327	0.01784	0.02404	0.02404	0.01474	0.65329	0.03646	0.04887	0.01862	0.01862	0.01319	0.00931	0.00776	0.00233	0.00853	0.00698	0.00776	0.01319
32	0.02073	0.73217	0.04063	0.01327	0.01990	0.03068	0.01327	0.02322	0.01575	0.01824	0.01078	0.01244	0.00995	0.00663	0.00498	0.00166	0.00829	0.00415	0.00332	0.00995
33	0.02073	0.73217	0.04063	0.01327	0.01990	0.03068	0.01327	0.02322	0.01575	0.01824	0.01078	0.01244	0.00995	0.00663	0.00498	0.00166	0.00829	0.00415	0.00332	0.00995
34	0.01464	0.01378	0.02326	0.70887	0.05340	0.01723	0.02153	0.01981	0.01550	0.01981	0.01378	0.02067	0.01034	0.00775	0.00775	0.00258	0.01034	0.00689	0.00345	0.00861
35	0.02947	0.02172	0.02327	0.01784	0.02404	0.02404	0.01474	0.65329	0.03646	0.04887	0.01862	0.01862	0.01319	0.00931	0.00776	0.00233	0.00853	0.00698	0.00776	0.01319
36	0.01296	0.00838	0.01091	0.01002	0.01225	0.00763	0.00760	0.01648	0.02177	0.08741	0.59128	0.05596	0.09652	0.01548	0.00903	0.00244	0.00393	0.01359	0.00857	0.00779
37	0.01463	0.01321	0.02186	0.64789	0.04955	0.01636	0.02013	0.01966	0.01557	0.02060	0.01478	0.02139	0.01116	0.00786	0.00755	0.00252	0.00975	0.00692	0.07011	0.00849
38	0.01038	0.00763	0.00973	0.00979	0.01137	0.00697	0.00712	0.01327	0.01969	0.02711	0.44871	0.22359	0.13910	0.01838	0.00933	0.00263	0.00390	0.01627	0.00805	0.00697
39	0.01347	0.00673	0.01010	0.01010	0.01010	0.00673	0.00673	0.01010	0.01010	0.01347	0.01347	0.02357	0.01347	0.02694	0.03030	0.77441	0.00673	0.00673	0.00337	0.00337
40	0.27972	0.10498	0.02394	0.05159	0.02348	0.05331	0.10082	0.09371	0.01810	0.09531	0.01447	0.01666	0.01100	0.00816	0.00820	0.00241	0.07318	0.00596	0.00507	0.00993
41	0.01077	0.00787	0.01012	0.00966	0.01149	0.00721	0.00721	0.01421	0.02132	0.02985	0.60331	0.08836	0.11660	0.01650	0.00918	0.00248	0.00371	0.01455	0.00838	0.00721
42	0.78228	0.01499	0.01140	0.01020	0.01499	0.01739	0.00840	0.02279	0.01320	0.03479	0.01080	0.01260	0.00840	0.00720	0.00480	0.00240	0.00600	0.00420	0.00480	0.00840
43	0.02537	0.07912	0.05483	0.04454	0.05558	0.03959	0.01357	0.08547	0.11266	0.28628	0.09875	0.02692	0.02316	0.00978	0.00766	0.00236	0.00730	0.00797	0.00746	0.01164
44	0.00950	0.00684	0.00901	0.01064	0.01123	0.00635	0.00715	0.01097	0.01525	0.02030	0.06984	0.66978	0.07692	0.02376	0.00984	0.00310	0.00444	0.02149	0.00725	0.00635
45	0.74371	0.01534	0.01200	0.01059	0.01546	0.01773	0.00872	0.05509	0.01439	0.03551	0.01120	0.01290	0.00864	0.00731	0.00495	0.00240	0.00613	0.00434	0.00495	0.00864
46	0.71614	0.01464	0.01168	0.01036	0.01510	0.01671	0.00850	0.02322	0.01397	0.06650	0.03716	0.01500	0.01140	0.00765	0.00511	0.00240	0.00594	0.00475	0.00518	0.00859
47	0.01915	0.12708	0.05314	0.03877	0.05480	0.01521	0.01228	0.05458	0.01769	0.08287	0.01547	0.01731	0.01221	0.00672	0.00614	0.00159	0.00690	0.00527	0.03093	0.42187
48	0.56652	0.01547	0.03734	0.04663	0.01856	0.01621	0.01038	0.02571	0.01523	0.16383	0.01502	0.01590	0.01071	0.00771	0.00564	0.00241	0.00653	0.00511	0.00564	0.00948
49	0.74355	0.01626	0.04553	0.01080	0.01593	0.01742	0.00942	0.02288	0.01336	0.03427	0.01095	0.01279	0.00847	0.00721	0.00493	0.00240	0.00627	0.00428	0.00472	0.00855

[dist]
# distance from previous block
# <min> <max>
0	1

[block]
# block no. 7 follows, 25 sequences, length 42
# corresponding to MSA columns:
# 374-415
name=unknown_H
#
# <colnr> <probs for GDERKNQSTAVLIFYWHMCP>
#	G	D	E	R	K	N	Q	S	T	A	V	L	I	F	Y	W	H	M	C	P
0	0.01432	0.00727	0.00744	0.00744	0.00923	0.00733	0.00559	0.01789	0.01610	0.02846	0.02511	0.02897	0.01985	0.01104	0.03372	0.00224	0.00432	0.00727	0.73917	0.00721
1	0.78228	0.01499	0.01140	0.01020	0.01499	0.01739	0.00840	0.02279	0.01320	0.03479	0.01080	0.01260	0.00840	0.00720	0.00480	0.00240	0.00600	0.00420	0.00480	0.00840
2	0.01972	0.33901	0.18852	0.01707	0.04770	0.02306	0.01695	0.07986	0.01858	0.05457	0.07987	0.01959	0.01707	0.00842	0.00734	0.00212	0.03932	0.00616	0.00454	0.01051
3	0.01476	0.04184	0.21482	0.03664	0.02194	0.01316	0.01524	0.07159	0.01742	0.02469	0.02458	0.27106	0.02540	0.01330	0.00793	0.00242	0.00745	0.01148	0.00533	0.15896
4	0.02622	0.05433	0.06769	0.05705	0.05111	0.31867	0.01621	0.23589	0.02567	0.02994	0.03533	0.01757	0.01313	0.00853	0.00733	0.00218	0.01109	0.00613	0.00528	0.01064
5	0.01608	0.01378	0.01608	0.01148	0.01837	0.01034	0.00919	0.01952	0.01608	0.02527	0.01378	0.01608	0.01148	0.00574	0.00574	0.00115	0.00574	0.00459	0.00459	0.77491
6	0.01941	0.01442	0.01614	0.01423	0.01817	0.01573	0.01109	0.10193	0.35854	0.09139	0.16597	0.08006	0.03434	0.01234	0.00826	0.00257	0.00582	0.01047	0.00812	0.01102
