[name]
unknown

[dist]
# distance from previous block
# <min> <max>
0	42

[block]
# block no. 0 follows, 23 sequences, length 22
# corresponding to MSA columns:
# 45-66
name=unknown_A
#
# <colnr> <probs for GDERKNQSTAVLIFYWHMCP>
#	G	D	E	R	K	N	Q	S	T	A	V	L	I	F	Y	W	H	M	C	P
0	0.01308	0.00934	0.01308	0.01494	0.01681	0.00934	0.01308	0.01681	0.01868	0.02428	0.04296	0.09153	0.04670	0.02242	0.01121	0.00374	0.00747	0.60960	0.00747	0.00747
1	0.01883	0.01800	0.03068	0.21944	0.50436	0.01895	0.02428	0.02381	0.01788	0.02499	0.01504	0.02049	0.01232	0.00746	0.00805	0.00249	0.00995	0.00722	0.00391	0.01184
2	0.01532	0.01442	0.02434	0.69533	0.05589	0.01803	0.02253	0.02073	0.01622	0.02073	0.01442	0.02163	0.01082	0.00811	0.00811	0.00270	0.01082	0.00721	0.00361	0.00901
3	0.63475	0.01554	0.01311	0.01138	0.01644	0.01752	0.00935	0.05635	0.01630	0.09158	0.04408	0.01699	0.01321	0.00829	0.00567	0.00251	0.00635	0.00535	0.00580	0.00942
4	0.07917	0.03979	0.61780	0.02209	0.03350	0.01879	0.02822	0.02554	0.01685	0.02659	0.01429	0.01680	0.01015	0.00769	0.00749	0.00256	0.01152	0.00586	0.00356	0.01173
5	0.01984	0.01903	0.03249	0.08313	0.63281	0.01921	0.02478	0.02469	0.01836	0.02621	0.01522	0.02016	0.01275	0.00728	0.00804	0.00243	0.00970	0.00723	0.00400	0.01265
6	0.01990	0.01549	0.01788	0.01328	0.01997	0.01320	0.01065	0.13033	0.02085	0.06151	0.01773	0.05344	0.01487	0.00786	0.00671	0.00159	0.00650	0.00635	0.00579	0.55610
7	0.01627	0.04197	0.67279	0.02313	0.03512	0.01884	0.02998	0.02570	0.01713	0.02570	0.01456	0.01713	0.01028	0.00771	0.00771	0.00257	0.01199	0.00600	0.00343	0.01199
8	0.66515	0.01551	0.01368	0.10747	0.02137	0.01818	0.01073	0.02341	0.01415	0.03419	0.01174	0.01438	0.00907	0.00761	0.00546	0.00254	0.00692	0.00479	0.00482	0.00882
9	0.01315	0.01119	0.01387	0.01369	0.01537	0.06607	0.01060	0.01598	0.01387	0.01892	0.02097	0.03044	0.01947	0.05649	0.62648	0.01213	0.02114	0.00841	0.00433	0.00742
10	0.01532	0.01442	0.02434	0.69533	0.05589	0.01803	0.02253	0.02073	0.01622	0.02073	0.01442	0.02163	0.01082	0.00811	0.00811	0.00270	0.01082	0.00721	0.00361	0.00901
11	0.01915	0.02189	0.04788	0.03420	0.04241	0.02052	0.63475	0.02599	0.01915	0.02599	0.01642	0.02189	0.01231	0.00684	0.00958	0.00274	0.01368	0.00958	0.00410	0.01094
12	0.01352	0.00998	0.01393	0.05270	0.01917	0.01030	0.01359	0.01820	0.04653	0.02452	0.04094	0.08494	0.04374	0.02112	0.01091	0.00364	0.00761	0.54960	0.00729	0.00780
13	0.01532	0.01442	0.02434	0.69533	0.05589	0.01803	0.02253	0.02073	0.01622	0.02073	0.01442	0.02163	0.01082	0.00811	0.00811	0.00270	0.01082	0.00721	0.00361	0.00901
14	0.01683	0.01442	0.01683	0.01202	0.01923	0.01082	0.00961	0.02043	0.01683	0.02644	0.01442	0.01683	0.01202	0.00601	0.00601	0.00120	0.00601	0.00481	0.00481	0.76444
15	0.02061	0.02028	0.03242	0.04831	0.63122	0.05351	0.02443	0.02529	0.01871	0.02617	0.01512	0.01980	0.01273	0.00729	0.00800	0.00239	0.00990	0.00713	0.00403	0.01268
16	0.01917	0.01655	0.01738	0.01572	0.02013	0.01891	0.01221	0.04012	0.58948	0.03280	0.03771	0.03483	0.08534	0.01192	0.00838	0.00275	0.00620	0.00993	0.00819	0.01227
17	0.01162	0.00779	0.00890	0.00908	0.00913	0.00775	0.00517	0.01175	0.01216	0.01621	0.02739	0.11560	0.03180	0.64920	0.03835	0.00743	0.00757	0.01287	0.00517	0.00508
18	0.01683	0.01442	0.01683	0.01202	0.01923	0.01082	0.00961	0.02043	0.01683	0.02644	0.01442	0.01683	0.01202	0.00601	0.00601	0.00120	0.00601	0.00481	0.00481	0.76444
19	0.02951	0.01315	0.01719	0.01385	0.01905	0.01207	0.01119	0.03516	0.09826	0.46694	0.15694	0.03449	0.03187	0.01146	0.00845	0.00255	0.00624	0.00958	0.00961	0.01247
20	0.10034	0.02152	0.02256	0.01769	0.02385	0.02399	0.01453	0.51833	0.09804	0.04799	0.02008	0.01998	0.01444	0.00966	0.00784	0.00247	0.00842	0.00722	0.00784	0.01322
21	0.03031	0.03867	0.02299	0.02090	0.02508	0.68226	0.01568	0.03240	0.02299	0.01986	0.01254	0.01463	0.01045	0.00836	0.00732	0.00209	0.01463	0.00523	0.00418	0.00941

[dist]
# distance from previous block
# <min> <max>
0	4

[block]
# block no. 1 follows, 23 sequences, length 8
# corresponding to MSA columns:
# 71-78
name=unknown_B
#
# <colnr> <probs for GDERKNQSTAVLIFYWHMCP>
#	G	D	E	R	K	N	Q	S	T	A	V	L	I	F	Y	W	H	M	C	P
0	0.01289	0.01031	0.01301	0.01289	0.01442	0.04875	0.00984	0.01560	0.01376	0.01934	0.02174	0.03226	0.02039	0.10035	0.55975	0.01140	0.01932	0.00864	0.04812	0.00723
1	0.11057	0.02435	0.02281	0.01814	0.02413	0.12258	0.01475	0.48079	0.03327	0.04488	0.01756	0.01808	0.01276	0.00930	0.00766	0.00239	0.00950	0.00668	0.00720	0.01260
2	0.77215	0.01569	0.01193	0.01067	0.01569	0.01820	0.00879	0.02385	0.01381	0.03641	0.01130	0.01318	0.00879	0.00753	0.00502	0.00251	0.00628	0.00439	0.00502	0.00879
3	0.03040	0.03606	0.02322	0.02054	0.02510	0.57441	0.01564	0.13166	0.02548	0.02499	0.01368	0.01543	0.01100	0.00859	0.00745	0.00215	0.01370	0.00557	0.00483	0.01013
4	0.03085	0.02273	0.02435	0.01867	0.02516	0.02516	0.01542	0.63716	0.03815	0.05114	0.01948	0.01948	0.01380	0.00974	0.00812	0.00244	0.00893	0.00731	0.00812	0.01380
5	0.01861	0.02304	0.10353	0.03072	0.03775	0.02117	0.46106	0.02475	0.01770	0.02475	0.01516	0.02066	0.01181	0.00830	0.01259	0.00287	0.14217	0.00877	0.00394	0.01066
6	0.01894	0.02126	0.04437	0.03223	0.03919	0.02118	0.54070	0.02501	0.01813	0.02501	0.01554	0.02126	0.01206	0.00796	0.01218	0.00286	0.11829	0.00920	0.00402	0.01063
7	0.01308	0.00934	0.01308	0.01494	0.01681	0.00934	0.01308	0.01681	0.01868	0.02428	0.04296	0.09153	0.04670	0.02242	0.01121	0.00374	0.00747	0.60960	0.00747	0.00747

[dist]
# distance from previous block
# <min> <max>
0	1

[block]
# block no. 2 follows, 23 sequences, length 10
# corresponding to MSA columns:
# 80-89
name=unknown_C
#
# <colnr> <probs for GDERKNQSTAVLIFYWHMCP>
#	G	D	E	R	K	N	Q	S	T	A	V	L	I	F	Y	W	H	M	C	P
0	0.00989	0.00706	0.00942	0.01130	0.01177	0.00659	0.00753	0.01130	0.01554	0.02071	0.04472	0.70954	0.05367	0.02542	0.01036	0.00330	0.00471	0.02307	0.00753	0.00659
1	0.01799	0.01941	0.04013	0.03107	0.06951	0.01875	0.47060	0.02384	0.01852	0.02521	0.02038	0.06541	0.01811	0.00990	0.01061	0.00290	0.04867	0.07405	0.00461	0.01033
2	0.01627	0.04197	0.67279	0.02313	0.03512	0.01884	0.02998	0.02570	0.01713	0.02570	0.01456	0.01713	0.01028	0.00771	0.00771	0.00257	0.01199	0.00600	0.00343	0.01199
3	0.00959	0.00822	0.00822	0.00822	0.01096	0.00685	0.00617	0.01165	0.01850	0.02192	0.08220	0.07809	0.66092	0.02055	0.00959	0.00274	0.00411	0.01713	0.00754	0.00685
4	0.01532	0.01442	0.02434	0.69533	0.05589	0.01803	0.02253	0.02073	0.01622	0.02073	0.01442	0.02163	0.01082	0.00811	0.00811	0.00270	0.01082	0.00721	0.00361	0.00901
5	0.02358	0.03793	0.28501	0.02488	0.09731	0.34509	0.02241	0.02891	0.02016	0.02291	0.01364	0.01622	0.01064	0.00798	0.00755	0.00232	0.01304	0.00575	0.00386	0.01081
6	0.03085	0.02273	0.02435	0.01867	0.02516	0.02516	0.01542	0.63716	0.03815	0.05114	0.01948	0.01948	0.01380	0.00974	0.00812	0.00244	0.00893	0.00731	0.00812	0.01380
7	0.00989	0.00706	0.00942	0.01130	0.01177	0.00659	0.00753	0.01130	0.01554	0.02071	0.04472	0.70954	0.05367	0.02542	0.01036	0.00330	0.00471	0.02307	0.00753	0.00659
8	0.01548	0.01442	0.02355	0.62364	0.05204	0.01727	0.02118	0.02070	0.01629	0.02133	0.01442	0.02113	0.01094	0.00789	0.00789	0.00255	0.01031	0.00696	0.00373	0.08827
9	0.02759	0.10809	0.02623	0.02321	0.09147	0.50537	0.01657	0.03001	0.02122	0.02046	0.01258	0.01521	0.01071	0.00843	0.00828	0.00217	0.05305	0.00545	0.00405	0.00985

[dist]
# distance from previous block
# <min> <max>
8	15

[block]
# block no. 3 follows, 23 sequences, length 12
# corresponding to MSA columns:
# 105-116
name=unknown_D
#
# <colnr> <probs for GDERKNQSTAVLIFYWHMCP>
#	G	D	E	R	K	N	Q	S	T	A	V	L	I	F	Y	W	H	M	C	P
0	0.50625	0.01475	0.01403	0.01183	0.01709	0.01574	0.00972	0.02835	0.01718	0.23421	0.04842	0.01993	0.01552	0.00874	0.00622	0.00251	0.00636	0.00606	0.00678	0.01030
1	0.01870	0.01751	0.02937	0.04342	0.55907	0.01741	0.02212	0.02336	0.01920	0.02748	0.11921	0.02662	0.02313	0.00874	0.00828	0.00243	0.00870	0.00843	0.00481	0.01202
2	0.10124	0.01264	0.01596	0.01543	0.01802	0.01404	0.01310	0.06342	0.01912	0.07869	0.06931	0.05887	0.03406	0.01720	0.01245	0.00331	0.11884	0.31859	0.00691	0.00881
3	0.01622	0.01213	0.01674	0.01829	0.12013	0.01125	0.01183	0.01993	0.03502	0.08059	0.15177	0.20280	0.03734	0.01440	0.00919	0.00249	0.02825	0.03158	0.00675	0.17330
4	0.01657	0.01363	0.01597	0.01234	0.01820	0.01112	0.00965	0.06649	0.01852	0.02768	0.04609	0.13052	0.02151	0.00986	0.00702	0.00169	0.00594	0.00835	0.00567	0.55319
5	0.01739	0.18119	0.54333	0.02123	0.03218	0.02157	0.02667	0.02541	0.01700	0.02434	0.01389	0.01629	0.01031	0.00755	0.00720	0.00240	0.01131	0.00566	0.00344	0.01167
6	0.02085	0.53092	0.10889	0.01534	0.02246	0.02871	0.01551	0.02749	0.11864	0.02222	0.01515	0.01626	0.01271	0.00768	0.00598	0.00199	0.00868	0.00530	0.00424	0.01098
7	0.01911	0.01705	0.02404	0.01834	0.02434	0.01643	0.13206	0.10434	0.10081	0.02967	0.01973	0.06870	0.01678	0.00922	0.00898	0.00217	0.05524	0.00806	0.00565	0.31930
8	0.13773	0.01500	0.02300	0.53496	0.09650	0.01815	0.02050	0.02156	0.01601	0.02371	0.01398	0.02015	0.01065	0.00795	0.00761	0.00265	0.00999	0.00676	0.00387	0.00927
9	0.01835	0.02036	0.04273	0.08834	0.04084	0.02003	0.51491	0.02450	0.01830	0.02489	0.01702	0.04995	0.01378	0.00822	0.01065	0.00281	0.05995	0.00976	0.00417	0.01046
10	0.01965	0.02098	0.04276	0.03083	0.03854	0.01986	0.52527	0.07685	0.02050	0.02793	0.01772	0.04915	0.01409	0.00779	0.00930	0.00266	0.01253	0.00969	0.00462	0.04930
11	0.67414	0.01662	0.01357	0.01173	0.01694	0.01912	0.00966	0.10494	0.01703	0.03835	0.01238	0.01401	0.00945	0.00782	0.00543	0.00250	0.00663	0.00478	0.00543	0.00945

[dist]
# distance from previous block
# <min> <max>
5	12

[block]
# block no. 4 follows, 23 sequences, length 16
# corresponding to MSA columns:
# 129-144
name=unknown_E
#
# <colnr> <probs for GDERKNQSTAVLIFYWHMCP>
#	G	D	E	R	K	N	Q	S	T	A	V	L	I	F	Y	W	H	M	C	P
0	0.01944	0.01862	0.03177	0.13728	0.58178	0.01911	0.02458	0.02434	0.01817	0.02573	0.01515	0.02029	0.01258	0.00735	0.00804	0.00245	0.00980	0.00723	0.00396	0.01233
1	0.03267	0.01414	0.01839	0.01457	0.02038	0.01305	0.01188	0.03900	0.12339	0.53885	0.06102	0.02956	0.02343	0.01050	0.00824	0.00255	0.00669	0.00862	0.00971	0.01337
2	0.00989	0.00706	0.00942	0.01130	0.01177	0.00659	0.00753	0.01130	0.01554	0.02071	0.04472	0.70954	0.05367	0.02542	0.01036	0.00330	0.00471	0.02307	0.00753	0.00659
3	0.01921	0.02173	0.04700	0.03512	0.07904	0.02045	0.59882	0.02593	0.01911	0.02602	0.01635	0.02178	0.01234	0.00686	0.00949	0.00272	0.01344	0.00944	0.00410	0.01106
4	0.01599	0.03999	0.63379	0.02237	0.03376	0.01819	0.02866	0.02509	0.01748	0.02610	0.05258	0.01969	0.01418	0.00823	0.00782	0.00257	0.01151	0.00651	0.00375	0.01174
5	0.00959	0.00822	0.00822	0.00822	0.01096	0.00685	0.00617	0.01165	0.01850	0.02192	0.08220	0.07809	0.66092	0.02055	0.00959	0.00274	0.00411	0.01713	0.00754	0.00685
6	0.01532	0.01442	0.02434	0.69533	0.05589	0.01803	0.02253	0.02073	0.01622	0.02073	0.01442	0.02163	0.01082	0.00811	0.00811	0.00270	0.01082	0.00721	0.00361	0.00901
7	0.01884	0.02472	0.19410	0.08163	0.46891	0.01909	0.02604	0.02485	0.01800	0.02596	0.01504	0.01943	0.01208	0.00740	0.00796	0.00247	0.01030	0.00692	0.00384	0.01241
8	0.03125	0.02208	0.02395	0.01836	0.02484	0.02421	0.01517	0.59395	0.03707	0.09588	0.02039	0.02007	0.01425	0.00976	0.00812	0.00244	0.00878	0.00737	0.00826	0.01380
9	0.00989	0.00706	0.00942	0.01130	0.01177	0.00659	0.00753	0.01130	0.01554	0.02071	0.04472	0.70954	0.05367	0.02542	0.01036	0.00330	0.00471	0.02307	0.00753	0.00659
10	0.04938	0.01261	0.07204	0.01519	0.01814	0.01038	0.05904	0.01670	0.01787	0.02499	0.11208	0.26782	0.04488	0.01947	0.01001	0.00322	0.00696	0.22435	0.00694	0.00794
11	0.01622	0.01378	0.01618	0.01196	0.01858	0.01045	0.00943	0.01963	0.01671	0.02594	0.01708	0.07753	0.01567	0.00771	0.00639	0.00139	0.00590	0.00641	0.00505	0.69802
12	0.01174	0.00809	0.00998	0.00998	0.01037	0.00848	0.00633	0.01253	0.01213	0.01657	0.02453	0.04738	0.02702	0.53852	0.21421	0.00926	0.01161	0.01096	0.00476	0.00554
13	0.02828	0.01981	0.13947	0.02312	0.15701	0.01450	0.01766	0.03286	0.02094	0.39303	0.02741	0.02621	0.04291	0.00946	0.00811	0.00251	0.00828	0.00794	0.00749	0.01300
14	0.02455	0.02833	0.02009	0.01805	0.02147	0.41984	0.01376	0.06317	0.02309	0.02496	0.17917	0.02697	0.02766	0.01100	0.00941	0.00234	0.06344	0.00792	0.00559	0.00918
15	0.02055	0.09029	0.41902	0.02136	0.03062	0.16081	0.02405	0.05560	0.05706	0.02560	0.01521	0.01718	0.01135	0.00808	0.00749	0.00241	0.01183	0.00596	0.00409	0.01146

[dist]
# distance from previous block
# <min> <max>
43	77

[block]
# block no. 5 follows, 23 sequences, length 21
# corresponding to MSA columns:
# 228-248
name=unknown_F
#
# <colnr> <probs for GDERKNQSTAVLIFYWHMCP>
#	G	D	E	R	K	N	Q	S	T	A	V	L	I	F	Y	W	H	M	C	P
0	0.59873	0.01945	0.11099	0.01284	0.01900	0.01778	0.01221	0.02542	0.01508	0.08713	0.01350	0.01496	0.00994	0.00777	0.00568	0.00252	0.00718	0.00494	0.00520	0.00968
1	0.05912	0.01649	0.01920	0.01472	0.02114	0.01568	0.01200	0.17512	0.07616	0.24860	0.02291	0.02202	0.01606	0.00872	0.00737	0.00212	0.00705	0.00686	0.00764	0.24105
2	0.05857	0.01933	0.02114	0.01646	0.02234	0.02059	0.01336	0.41757	0.05747	0.12264	0.02138	0.02310	0.01593	0.06399	0.01041	0.00279	0.00816	0.00753	0.00774	0.06949
3	0.01759	0.01779	0.02696	0.02242	0.02343	0.02356	0.09127	0.01995	0.01337	0.02035	0.01279	0.04770	0.01268	0.01380	0.02389	0.00344	0.58812	0.00808	0.00379	0.00903
4	0.01087	0.00857	0.01005	0.01082	0.01313	0.00774	0.00875	0.01351	0.01841	0.02272	0.06604	0.11440	0.40696	0.02147	0.01022	0.00313	0.00536	0.23325	0.00751	0.00706
5	0.01880	0.02075	0.04316	0.03083	0.03889	0.01905	0.53975	0.02515	0.01880	0.02606	0.01611	0.02112	0.01227	0.00671	0.00903	0.00250	0.01251	0.00885	0.00421	0.12545
6	0.01950	0.02139	0.04461	0.03192	0.03998	0.02003	0.56244	0.05271	0.01983	0.02714	0.01641	0.02142	0.01236	0.00691	0.00926	0.00261	0.01292	0.00913	0.00433	0.06509
7	0.02230	0.01517	0.01988	0.01525	0.02115	0.01389	0.06240	0.10650	0.06943	0.16637	0.13147	0.02840	0.02603	0.00961	0.00781	0.00211	0.00687	0.00826	0.00725	0.25985
8	0.01123	0.00809	0.01061	0.01039	0.01207	0.00748	0.00764	0.01466	0.02176	0.03062	0.56021	0.16580	0.07285	0.01802	0.00970	0.00267	0.00397	0.01603	0.00871	0.00748
9	0.01188	0.01000	0.01087	0.01212	0.01320	0.06259	0.00830	0.01345	0.01621	0.02090	0.04072	0.62140	0.04825	0.02315	0.00991	0.00310	0.00559	0.02078	0.00713	0.04045
10	0.01532	0.01442	0.02434	0.69533	0.05589	0.01803	0.02253	0.02073	0.01622	0.02073	0.01442	0.02163	0.01082	0.00811	0.00811	0.00270	0.01082	0.00721	0.00361	0.00901
11	0.01629	0.01548	0.02580	0.53812	0.15406	0.01874	0.02257	0.02133	0.01631	0.02160	0.01428	0.02109	0.01114	0.00842	0.00948	0.00272	0.06205	0.00721	0.00367	0.00964
12	0.01928	0.01784	0.02777	0.01999	0.02743	0.01569	0.21214	0.09712	0.02017	0.02930	0.01568	0.01878	0.01233	0.00673	0.00742	0.00185	0.00884	0.00665	0.00498	0.43002
13	0.03085	0.02273	0.02435	0.01867	0.02516	0.02516	0.01542	0.63716	0.03815	0.05114	0.01948	0.01948	0.01380	0.00974	0.00812	0.00244	0.00893	0.00731	0.00812	0.01380
14	0.01409	0.00705	0.01057	0.01057	0.01057	0.00705	0.00705	0.01057	0.01057	0.01409	0.01409	0.02467	0.01409	0.02819	0.03171	0.76392	0.00705	0.00705	0.00352	0.00352
15	0.02008	0.01928	0.03294	0.04981	0.66422	0.01928	0.02490	0.02490	0.01848	0.02651	0.01526	0.02008	0.01285	0.00723	0.00803	0.00241	0.00964	0.00723	0.00402	0.01285
16	0.77215	0.01569	0.01193	0.01067	0.01569	0.01820	0.00879	0.02385	0.01381	0.03641	0.01130	0.01318	0.00879	0.00753	0.00502	0.00251	0.00628	0.00439	0.00502	0.00879
17	0.03085	0.02273	0.02435	0.01867	0.02516	0.02516	0.01542	0.63716	0.03815	0.05114	0.01948	0.01948	0.01380	0.00974	0.00812	0.00244	0.00893	0.00731	0.00812	0.01380
18	0.01954	0.01851	0.03140	0.04711	0.61415	0.01851	0.02399	0.02428	0.01849	0.02634	0.01741	0.02561	0.01547	0.00840	0.00828	0.00251	0.00947	0.05382	0.00428	0.01244
19	0.01655	0.07675	0.64045	0.02265	0.03439	0.01953	0.02915	0.02563	0.01710	0.02536	0.01439	0.01692	0.01029	0.00767	0.00758	0.00253	0.01182	0.00591	0.00343	0.01191
20	0.08425	0.02182	0.02321	0.01791	0.02428	0.02407	0.01479	0.56624	0.03573	0.07798	0.01946	0.01940	0.01372	0.00960	0.00790	0.00244	0.00865	0.00714	0.00798	0.01344

[dist]
# distance from previous block
# <min> <max>
1	14

[block]
# block no. 6 follows, 23 sequences, length 10
# corresponding to MSA columns:
# 263-272
name=unknown_G
#
# <colnr> <probs for GDERKNQSTAVLIFYWHMCP>
#	G	D	E	R	K	N	Q	S	T	A	V	L	I	F	Y	W	H	M	C	P
0	0.01229	0.00895	0.01205	0.01356	0.01542	0.00871	0.01147	0.01563	0.01861	0.02411	0.07983	0.14145	0.12406	0.02214	0.01085	0.00351	0.00663	0.45582	0.00756	0.00733
1	0.01159	0.00869	0.01304	0.01304	0.01449	0.01014	0.01014	0.01449	0.01304	0.01884	0.02173	0.03188	0.02029	0.06086	0.68268	0.01304	0.02173	0.00869	0.00435	0.00724
2	0.01575	0.01372	0.02082	0.42914	0.04031	0.01617	0.01773	0.02029	0.01603	0.02283	0.01587	0.02190	0.01248	0.00866	0.00937	0.00247	0.08022	0.00693	0.11924	0.11006
3	0.02879	0.01987	0.02211	0.01677	0.02338	0.02052	0.01379	0.43366	0.03188	0.12915	0.02015	0.02004	0.01429	0.00903	0.00770	0.00220	0.00807	0.00692	0.00771	0.16396
4	0.02329	0.44808	0.12205	0.01671	0.02387	0.12535	0.01648	0.09636	0.02003	0.02379	0.01285	0.01455	0.01079	0.00758	0.00619	0.00198	0.01003	0.00503	0.00411	0.01087
5	0.03076	0.02516	0.02414	0.01901	0.02515	0.12550	0.01546	0.54482	0.03584	0.04636	0.01842	0.01874	0.01329	0.00953	0.00799	0.00238	0.00980	0.00699	0.00752	0.01313
6	0.01734	0.01488	0.01706	0.01270	0.01952	0.01225	0.01011	0.02390	0.11344	0.02759	0.01726	0.01888	0.01397	0.00677	0.00635	0.00144	0.00607	0.00547	0.00533	0.64967
7	0.60973	0.01605	0.01392	0.01186	0.01718	0.01796	0.00978	0.07872	0.01717	0.12260	0.01478	0.01566	0.01073	0.00806	0.00571	0.00250	0.00659	0.00515	0.00596	0.00989
8	0.01683	0.01442	0.01683	0.01202	0.01923	0.01082	0.00961	0.02043	0.01683	0.02644	0.01442	0.01683	0.01202	0.00601	0.00601	0.00120	0.00601	0.00481	0.00481	0.76444
9	0.05536	0.01949	0.03239	0.02347	0.03091	0.01833	0.30023	0.13808	0.02174	0.03129	0.01614	0.01950	0.01234	0.00716	0.00801	0.00220	0.01012	0.00746	0.00511	0.24069

[dist]
# distance from previous block
# <min> <max>
11	50

[block]
# block no. 7 follows, 23 sequences, length 6
# corresponding to MSA columns:
# 327-332
name=unknown_H
#
# <colnr> <probs for GDERKNQSTAVLIFYWHMCP>
#	G	D	E	R	K	N	Q	S	T	A	V	L	I	F	Y	W	H	M	C	P
0	0.01937	0.01567	0.01790	0.01343	0.01995	0.01364	0.01073	0.15552	0.02142	0.03143	0.01793	0.07212	0.01570	0.00836	0.00682	0.00164	0.00655	0.00680	0.00575	0.53928
1	0.02638	0.01851	0.01870	0.01471	0.02089	0.12512	0.01170	0.03097	0.06640	0.25692	0.02178	0.02131	0.01558	0.00822	0.00717	0.00193	0.00782	0.00640	0.00683	0.31265
2	0.02683	0.02045	0.02217	0.01706	0.02351	0.02166	0.01395	0.44789	0.09563	0.04423	0.01979	0.02002	0.01454	0.00909	0.00769	0.00221	0.00806	0.00697	0.00744	0.17081
3	0.02848	0.02133	0.02308	0.01755	0.02416	0.02274	0.01444	0.53316	0.03455	0.04697	0.01863	0.01903	0.01350	0.00911	0.00776	0.00223	0.00844	0.00688	0.00756	0.14038
4	0.01409	0.00705	0.01057	0.01057	0.01057	0.00705	0.00705	0.01057	0.01057	0.01409	0.01409	0.02467	0.01409	0.02819	0.03171	0.76392	0.00705	0.00705	0.00352	0.00352
5	0.02028	0.54315	0.20672	0.01629	0.02455	0.02865	0.01808	0.02466	0.01666	0.02081	0.01214	0.01409	0.01038	0.00714	0.00586	0.00195	0.00954	0.00477	0.00346	0.01082

[dist]
# distance from previous block
# <min> <max>
0	4

[block]
# block no. 8 follows, 23 sequences, length 9
# corresponding to MSA columns:
# 337-345
name=unknown_I
#
# <colnr> <probs for GDERKNQSTAVLIFYWHMCP>
#	G	D	E	R	K	N	Q	S	T	A	V	L	I	F	Y	W	H	M	C	P
0	0.02140	0.02024	0.01891	0.01686	0.02155	0.11292	0.01305	0.04022	0.52261	0.03150	0.02900	0.02725	0.02197	0.01033	0.00799	0.00256	0.00755	0.00835	0.00747	0.05827
1	0.02170	0.02234	0.03137	0.04524	0.56325	0.12402	0.02345	0.02609	0.01919	0.02546	0.01483	0.01922	0.01247	0.00741	0.00792	0.00236	0.01043	0.00691	0.00404	0.01231
2	0.01532	0.01442	0.02434	0.69533	0.05589	0.01803	0.02253	0.02073	0.01622	0.02073	0.01442	0.02163	0.01082	0.00811	0.00811	0.00270	0.01082	0.00721	0.00361	0.00901
3	0.01164	0.00803	0.01101	0.01130	0.01203	0.00861	0.00791	0.01281	0.01282	0.01775	0.02569	0.14432	0.02758	0.24052	0.32475	0.08699	0.01354	0.01169	0.00493	0.00609
4	0.02916	0.02189	0.02340	0.01833	0.02452	0.02438	0.01502	0.54331	0.13474	0.04842	0.02162	0.02119	0.01553	0.00994	0.00814	0.00249	0.00853	0.00760	0.00814	0.01365
5	0.70038	0.01551	0.01260	0.01104	0.01618	0.01759	0.00909	0.02538	0.01473	0.09819	0.01332	0.01459	0.00989	0.00778	0.00533	0.00251	0.00634	0.00476	0.00551	0.00928
6	0.03031	0.03867	0.02299	0.02090	0.02508	0.68226	0.01568	0.03240	0.02299	0.01986	0.01254	0.01463	0.01045	0.00836	0.00732	0.00209	0.01463	0.00523	0.00418	0.00941
7	0.01228	0.00878	0.01212	0.01374	0.01533	0.00862	0.01142	0.01557	0.01850	0.02442	0.10656	0.21085	0.05114	0.02241	0.01087	0.00353	0.00655	0.43235	0.00763	0.00732
8	0.02028	0.54336	0.20652	0.01629	0.02455	0.02866	0.01807	0.02466	0.01665	0.02081	0.01213	0.01409	0.01038	0.00714	0.00586	0.00195	0.00954	0.00477	0.00346	0.01082

[dist]
# distance from previous block
# <min> <max>
0	1

[block]
# block no. 9 follows, 23 sequences, length 16
# corresponding to MSA columns:
# 347-362
name=unknown_J
#
# <colnr> <probs for GDERKNQSTAVLIFYWHMCP>
#	G	D	E	R	K	N	Q	S	T	A	V	L	I	F	Y	W	H	M	C	P
0	0.01066	0.00782	0.01033	0.01173	0.01220	0.00781	0.00805	0.01206	0.01513	0.02029	0.04077	0.57006	0.04844	0.10064	0.01464	0.00383	0.04091	0.05103	0.00704	0.00657
1	0.11050	0.01103	0.01279	0.01133	0.01478	0.01056	0.00884	0.01999	0.06356	0.05386	0.38719	0.04600	0.05127	0.01346	0.00838	0.00240	0.00492	0.03708	0.00773	0.12433
2	0.01631	0.01398	0.01659	0.01238	0.01872	0.01110	0.00981	0.01965	0.01653	0.02567	0.01670	0.07281	0.01532	0.00794	0.00728	0.00148	0.03691	0.00638	0.00497	0.66948
3	0.01532	0.01442	0.02434	0.69533	0.05589	0.01803	0.02253	0.02073	0.01622	0.02073	0.01442	0.02163	0.01082	0.00811	0.00811	0.00270	0.01082	0.00721	0.00361	0.00901
4	0.01017	0.00828	0.00858	0.00873	0.01135	0.00709	0.00670	0.01245	0.01843	0.02256	0.07606	0.07663	0.57720	0.02011	0.00951	0.00278	0.00436	0.06446	0.04764	0.00694
5	0.03085	0.02273	0.02435	0.01867	0.02516	0.02516	0.01542	0.63716	0.03815	0.05114	0.01948	0.01948	0.01380	0.00974	0.00812	0.00244	0.00893	0.00731	0.00812	0.01380
6	0.01683	0.01442	0.01683	0.01202	0.01923	0.01082	0.00961	0.02043	0.01683	0.02644	0.01442	0.01683	0.01202	0.00601	0.00601	0.00120	0.00601	0.00481	0.00481	0.76444
7	0.01128	0.00829	0.01056	0.00999	0.01200	0.00757	0.00750	0.01492	0.02249	0.03140	0.59788	0.06249	0.13933	0.01701	0.00957	0.00257	0.00386	0.01494	0.00878	0.00757
8	0.01683	0.01442	0.01683	0.01202	0.01923	0.01082	0.00961	0.02043	0.01683	0.02644	0.01442	0.01683	0.01202	0.00601	0.00601	0.00120	0.00601	0.00481	0.00481	0.76444
9	0.01915	0.02189	0.04788	0.03420	0.04241	0.02052	0.63475	0.02599	0.01915	0.02599	0.01642	0.02189	0.01231	0.00684	0.00958	0.00274	0.01368	0.00958	0.00410	0.01094
10	0.64880	0.01625	0.01343	0.01151	0.01683	0.01831	0.00946	0.08037	0.01628	0.03705	0.01228	0.01403	0.00949	0.00763	0.00538	0.00241	0.00650	0.00469	0.00529	0.06402
11	0.09678	0.01447	0.01943	0.01471	0.02104	0.01264	0.05737	0.03081	0.02035	0.36111	0.05644	0.02470	0.01923	0.00884	0.00748	0.00219	0.00696	0.00737	0.00770	0.21039
12	0.01407	0.00807	0.01242	0.10511	0.01688	0.00854	0.00921	0.01201	0.01158	0.01532	0.01555	0.05583	0.01547	0.02529	0.02747	0.62378	0.00746	0.00781	0.00372	0.00442
13	0.05397	0.01397	0.01637	0.01207	0.01870	0.01105	0.00967	0.02218	0.01779	0.09337	0.06287	0.02094	0.01737	0.00726	0.00644	0.00150	0.00596	0.00585	0.00565	0.59703
14	0.02081	0.60955	0.14497	0.01539	0.02315	0.02995	0.01650	0.02452	0.01659	0.02016	0.01181	0.01369	0.01039	0.00707	0.00561	0.00187	0.00922	0.00461	0.00346	0.01067
15	0.49394	0.01733	0.01528	0.04791	0.01971	0.04825	0.01099	0.14275	0.01923	0.03647	0.01581	0.07115	0.01357	0.00947	0.00632	0.00255	0.00727	0.00665	0.00572	0.00963

[dist]
# distance from previous block
# <min> <max>
12	28

[block]
# block no. 10 follows, 23 sequences, length 7
# corresponding to MSA columns:
# 391-397
name=unknown_K
#
# <colnr> <probs for GDERKNQSTAVLIFYWHMCP>
#	G	D	E	R	K	N	Q	S	T	A	V	L	I	F	Y	W	H	M	C	P
0	0.56522	0.01587	0.01430	0.01206	0.01746	0.01749	0.00995	0.07580	0.01764	0.16495	0.01611	0.01659	0.01146	0.00821	0.00590	0.00250	0.00661	0.00538	0.00628	0.01020
1	0.02790	0.03218	0.02317	0.02041	0.02429	0.45808	0.01578	0.11073	0.06081	0.02477	0.01440	0.01667	0.01178	0.00957	0.01036	0.00239	0.11572	0.00602	0.00485	0.01011
2	0.02008	0.01928	0.03294	0.04981	0.66422	0.01928	0.02490	0.02490	0.01848	0.02651	0.01526	0.02008	0.01285	0.00723	0.00803	0.00241	0.00964	0.00723	0.00402	0.01285
3	0.01180	0.00787	0.00885	0.00885	0.00885	0.00787	0.00492	0.01180	0.01180	0.01573	0.02557	0.05310	0.02950	0.71483	0.04130	0.00787	0.00787	0.01180	0.00492	0.00492
4	0.02466	0.02335	0.02063	0.01795	0.02284	0.17207	0.01401	0.16160	0.38232	0.03423	0.02560	0.02451	0.01927	0.01015	0.00801	0.00254	0.00880	0.00789	0.00730	0.01225
5	0.01314	0.00899	0.01029	0.00989	0.01046	0.00928	0.00608	0.05669	0.01378	0.01851	0.02483	0.04901	0.02764	0.61236	0.09003	0.00789	0.00905	0.01123	0.00510	0.00574
6	0.01892	0.01566	0.01795	0.01301	0.02012	0.01296	0.01048	0.11251	0.02001	0.03013	0.01518	0.01722	0.01228	0.00657	0.00632	0.00139	0.00645	0.00518	0.00530	0.65236

[dist]
# distance from previous block
# <min> <max>
1	2

[block]
# block no. 11 follows, 23 sequences, length 14
# corresponding to MSA columns:
# 400-413
name=unknown_L
#
# <colnr> <probs for GDERKNQSTAVLIFYWHMCP>
#	G	D	E	R	K	N	Q	S	T	A	V	L	I	F	Y	W	H	M	C	P
0	0.07930	0.01887	0.02024	0.01619	0.02180	0.02063	0.01319	0.36870	0.13283	0.11611	0.02325	0.02280	0.01665	0.00980	0.00769	0.00245	0.00760	0.00753	0.08166	0.01269
1	0.01432	0.00840	0.01310	0.13649	0.01890	0.00907	0.00990	0.01244	0.01161	0.01532	0.01415	0.02411	0.01349	0.02450	0.02737	0.62394	0.00774	0.00708	0.00354	0.00453
2	0.02292	0.01775	0.01959	0.01550	0.02162	0.01801	0.01244	0.20679	0.22576	0.06770	0.02270	0.02243	0.01701	0.00889	0.00744	0.00212	0.00703	0.00709	0.00713	0.27009
3	0.02049	0.02180	0.04403	0.03176	0.03940	0.02127	0.53298	0.09887	0.02113	0.02871	0.01652	0.02141	0.01242	0.00752	0.01016	0.00274	0.04384	0.00919	0.00456	0.01119
4	0.03041	0.03564	0.02325	0.02048	0.02510	0.55731	0.01563	0.14739	0.02588	0.02581	0.01386	0.01555	0.01109	0.00862	0.00747	0.00216	0.01355	0.00562	0.00493	0.01024
5	0.72031	0.06432	0.01404	0.01089	0.01605	0.01916	0.00914	0.02388	0.01399	0.03521	0.01130	0.01317	0.00890	0.00749	0.00503	0.00246	0.00644	0.00439	0.00491	0.00890
6	0.03057	0.02345	0.02365	0.01855	0.02473	0.08355	0.01514	0.52287	0.06565	0.07947	0.02016	0.01999	0.01435	0.00969	0.00805	0.00242	0.00922	0.00725	0.00787	0.01336
7	0.12743	0.01591	0.01793	0.01405	0.02007	0.01535	0.01153	0.17605	0.02351	0.20653	0.02470	0.02639	0.04867	0.00970	0.00739	0.00223	0.00697	0.03444	0.00731	0.20384
8	0.01915	0.02189	0.04788	0.03420	0.04241	0.02052	0.63475	0.02599	0.01915	0.02599	0.01642	0.02189	0.01231	0.00684	0.00958	0.00274	0.01368	0.00958	0.00410	0.01094
9	0.02135	0.01665	0.02190	0.01691	0.02280	0.04462	0.10313	0.10925	0.04037	0.11420	0.04961	0.10448	0.02145	0.01022	0.00791	0.00217	0.00782	0.00906	0.00643	0.26967
10	0.02042	0.56092	0.19019	0.01605	0.02417	0.02900	0.01766	0.02463	0.01664	0.02064	0.01205	0.01398	0.01038	0.00712	0.00579	0.00193	0.00945	0.00473	0.00346	0.01078
11	0.01233	0.00978	0.01445	0.01403	0.01531	0.01190	0.01105	0.01509	0.01297	0.01892	0.02041	0.03019	0.01913	0.05527	0.60414	0.01190	0.10293	0.00850	0.00425	0.00744
12	0.07586	0.00995	0.01347	0.01369	0.01607	0.00983	0.03915	0.01670	0.01896	0.02674	0.17734	0.12578	0.08852	0.01931	0.01008	0.00323	0.00641	0.31379	0.00744	0.00767
13	0.21596	0.01665	0.01892	0.01530	0.02076	0.01746	0.05021	0.17414	0.08918	0.13818	0.02476	0.07048	0.04507	0.01049	0.00752	0.00251	0.00727	0.00839	0.00712	0.05962

[dist]
# distance from previous block
# <min> <max>
1	11

[block]
# block no. 12 follows, 23 sequences, length 15
# corresponding to MSA columns:
# 425-439
name=unknown_M
#
# <colnr> <probs for GDERKNQSTAVLIFYWHMCP>
#	G	D	E	R	K	N	Q	S	T	A	V	L	I	F	Y	W	H	M	C	P
0	0.01622	0.01594	0.02851	0.50658	0.05022	0.01796	0.14574	0.02178	0.01687	0.02226	0.01483	0.02130	0.01122	0.00769	0.00824	0.00259	0.01101	0.00750	0.00380	0.06975
1	0.01966	0.01918	0.03800	0.02751	0.03471	0.01783	0.43444	0.02537	0.01914	0.07766	0.05809	0.02395	0.01691	0.00788	0.00962	0.00252	0.03766	0.00903	0.00496	0.11587
2	0.01683	0.01442	0.01683	0.01202	0.01923	0.01082	0.00961	0.02043	0.01683	0.02644	0.01442	0.01683	0.01202	0.00601	0.00601	0.00120	0.00601	0.00481	0.00481	0.76444
3	0.01683	0.01442	0.01683	0.01202	0.01923	0.01082	0.00961	0.02043	0.01683	0.02644	0.01442	0.01683	0.01202	0.00601	0.00601	0.00120	0.00601	0.00481	0.00481	0.76444
4	0.01683	0.01442	0.01683	0.01202	0.01923	0.01082	0.00961	0.02043	0.01683	0.02644	0.01442	0.01683	0.01202	0.00601	0.00601	0.00120	0.00601	0.00481	0.00481	0.76444
5	0.01683	0.01442	0.01683	0.01202	0.01923	0.01082	0.00961	0.02043	0.01683	0.02644	0.01442	0.01683	0.01202	0.00601	0.00601	0.00120	0.00601	0.00481	0.00481	0.76444
6	0.01159	0.00869	0.01304	0.01304	0.01449	0.01014	0.01014	0.01449	0.01304	0.01884	0.02173	0.03188	0.02029	0.06086	0.68268	0.01304	0.02173	0.00869	0.00435	0.00724
7	0.01805	0.01515	0.01748	0.01260	0.01975	0.01207	0.01012	0.07418	0.01868	0.02859	0.01486	0.01706	0.01217	0.00633	0.00619	0.00131	0.00626	0.00503	0.00510	0.69902
8	0.01158	0.00832	0.01113	0.01158	0.01321	0.00787	0.00897	0.01493	0.02052	0.02829	0.39239	0.18978	0.06490	0.01968	0.01012	0.00298	0.00489	0.16313	0.00831	0.00741
9	0.13315	0.02831	0.02106	0.01858	0.02259	0.36818	0.01447	0.05419	0.06780	0.07634	0.01546	0.01726	0.01222	0.00944	0.00985	0.00245	0.10749	0.00598	0.00514	0.01002
10	0.02017	0.02161	0.04410	0.03162	0.03962	0.02050	0.54455	0.08469	0.02087	0.02844	0.01661	0.02141	0.01244	0.00708	0.00926	0.00263	0.01285	0.00912	0.00453	0.04791
11	0.16417	0.01991	0.02075	0.08196	0.02548	0.05036	0.01427	0.30945	0.11494	0.08982	0.02005	0.02046	0.01446	0.00932	0.00754	0.00251	0.00837	0.00700	0.00711	0.01209
12	0.02958	0.02687	0.02626	0.02076	0.02681	0.19868	0.07525	0.41808	0.03230	0.04043	0.01735	0.01843	0.01277	0.00910	0.00805	0.00237	0.01090	0.00697	0.00669	0.01236
13	0.19786	0.01522	0.02136	0.49113	0.04443	0.01849	0.01882	0.05783	0.01694	0.02629	0.01397	0.01948	0.01051	0.00807	0.00737	0.00264	0.00962	0.00654	0.00421	0.00924
14	0.01930	0.01917	0.03163	0.02475	0.02847	0.02235	0.22765	0.08237	0.05491	0.02569	0.01625	0.04960	0.01419	0.01155	0.01724	0.00311	0.32820	0.00877	0.00463	0.01019

[dist]
# distance from previous block
# <min> <max>
33	73

[block]
# block no. 13 follows, 23 sequences, length 9
# corresponding to MSA columns:
# 514-522
name=unknown_N
#
# <colnr> <probs for GDERKNQSTAVLIFYWHMCP>
#	G	D	E	R	K	N	Q	S	T	A	V	L	I	F	Y	W	H	M	C	P
0	0.01705	0.01185	0.01452	0.01294	0.01629	0.01146	0.00985	0.07106	0.07465	0.09501	0.16533	0.24221	0.04067	0.01571	0.00947	0.00259	0.03132	0.01356	0.00759	0.13685
1	0.02492	0.01925	0.02157	0.01674	0.02253	0.02035	0.01365	0.39082	0.02922	0.04039	0.01896	0.05967	0.01545	0.01008	0.00923	0.00226	0.06466	0.00758	0.00686	0.20580
2	0.01892	0.01566	0.01795	0.01301	0.02012	0.01296	0.01048	0.11255	0.02001	0.03013	0.01518	0.01722	0.01228	0.00657	0.00632	0.00139	0.00645	0.00518	0.00530	0.65232
3	0.02875	0.02130	0.02302	0.01782	0.02402	0.02318	0.01460	0.56189	0.03549	0.04782	0.02059	0.05848	0.01595	0.01039	0.00811	0.00240	0.00850	0.00804	0.00787	0.06176
4	0.01409	0.00705	0.01057	0.01057	0.01057	0.00705	0.00705	0.01057	0.01057	0.01409	0.01409	0.02467	0.01409	0.02819	0.03171	0.76392	0.00705	0.00705	0.00352	0.00352
5	0.02088	0.01933	0.03505	0.02549	0.03291	0.01804	0.36213	0.06426	0.07461	0.08115	0.01890	0.02188	0.01405	0.00746	0.00851	0.00238	0.01061	0.00829	0.00534	0.16872
6	0.01800	0.01848	0.02890	0.02357	0.02501	0.02409	0.12614	0.02066	0.01361	0.02066	0.01166	0.01848	0.01094	0.01291	0.02363	0.00341	0.57942	0.00754	0.00365	0.00924
7	0.10617	0.03032	0.02236	0.01929	0.02381	0.38486	0.01508	0.18871	0.02510	0.02973	0.01407	0.01602	0.01117	0.00914	0.00895	0.00235	0.07133	0.00585	0.00524	0.01045
8	0.01316	0.01011	0.01243	0.01261	0.03999	0.00963	0.00933	0.06840	0.02217	0.02959	0.32077	0.06492	0.23862	0.01761	0.00962	0.00276	0.00509	0.09703	0.00804	0.00813

[dist]
# distance from previous block
# <min> <max>
1	2

[block]
# block no. 14 follows, 23 sequences, length 9
# corresponding to MSA columns:
# 525-533
name=unknown_O
#
# <colnr> <probs for GDERKNQSTAVLIFYWHMCP>
#	G	D	E	R	K	N	Q	S	T	A	V	L	I	F	Y	W	H	M	C	P
0	0.10178	0.01058	0.01310	0.01139	0.01481	0.00996	0.00892	0.02273	0.02203	0.20338	0.42071	0.04657	0.05401	0.01384	0.00869	0.00254	0.00492	0.01180	0.00880	0.00943
1	0.01532	0.01442	0.02434	0.69533	0.05589	0.01803	0.02253	0.02073	0.01622	0.02073	0.01442	0.02163	0.01082	0.00811	0.00811	0.00270	0.01082	0.00721	0.00361	0.00901
2	0.03085	0.02273	0.02435	0.01867	0.02516	0.02516	0.01542	0.63716	0.03815	0.05114	0.01948	0.01948	0.01380	0.00974	0.00812	0.00244	0.00893	0.00731	0.00812	0.01380
3	0.03037	0.03688	0.02315	0.02065	0.02509	0.60836	0.01565	0.10042	0.02470	0.02338	0.01332	0.01518	0.01083	0.00852	0.00741	0.00213	0.01399	0.00546	0.00462	0.00990
4	0.03085	0.02273	0.02435	0.01867	0.02516	0.02516	0.01542	0.63716	0.03815	0.05114	0.01948	0.01948	0.01380	0.00974	0.00812	0.00244	0.00893	0.00731	0.00812	0.01380
5	0.01180	0.00787	0.00885	0.00885	0.00885	0.00787	0.00492	0.01180	0.01180	0.01573	0.02557	0.05310	0.02950	0.71483	0.04130	0.00787	0.00787	0.01180	0.00492	0.00492
6	0.02835	0.03090	0.02172	0.01929	0.02386	0.43541	0.01474	0.07809	0.17250	0.06771	0.01915	0.01953	0.01471	0.00920	0.00765	0.00230	0.01178	0.00650	0.00581	0.01082
7	0.02971	0.03189	0.02308	0.01985	0.02481	0.41915	0.01538	0.22901	0.07557	0.03106	0.01635	0.01739	0.01263	0.00901	0.00765	0.00225	0.01216	0.00620	0.00577	0.01109
8	0.02236	0.01758	0.02211	0.08973	0.02504	0.04914	0.01560	0.06958	0.07551	0.13783	0.01797	0.02091	0.01398	0.01102	0.01523	0.00279	0.28372	0.00715	0.00562	0.09713

[dist]
# distance from previous block
# <min> <max>
4	15

[block]
# block no. 15 follows, 23 sequences, length 9
# corresponding to MSA columns:
# 549-557
name=unknown_P
#
# <colnr> <probs for GDERKNQSTAVLIFYWHMCP>
#	G	D	E	R	K	N	Q	S	T	A	V	L	I	F	Y	W	H	M	C	P
0	0.02994	0.02228	0.02384	0.01849	0.02482	0.02474	0.01520	0.58668	0.09011	0.04968	0.02063	0.02040	0.01473	0.00985	0.00813	0.00246	0.00872	0.00746	0.00813	0.01372
1	0.01896	0.02132	0.04470	0.03242	0.03950	0.02112	0.54960	0.02510	0.01822	0.02510	0.01562	0.02132	0.01208	0.00786	0.01193	0.00285	0.10840	0.00923	0.00403	0.01066
2	0.01624	0.01380	0.01620	0.01196	0.01860	0.01046	0.00944	0.01966	0.01672	0.02595	0.01700	0.07569	0.01556	0.00766	0.00638	0.00138	0.00590	0.00636	0.00504	0.70004
3	0.03085	0.02273	0.02435	0.01867	0.02516	0.02516	0.01542	0.63716	0.03815	0.05114	0.01948	0.01948	0.01380	0.00974	0.00812	0.00244	0.00893	0.00731	0.00812	0.01380
4	0.13795	0.01407	0.01788	0.01392	0.02002	0.01279	0.01149	0.03738	0.02193	0.58242	0.02915	0.02563	0.01853	0.00970	0.00773	0.00251	0.00682	0.00764	0.00935	0.01312
5	0.02018	0.01743	0.01835	0.01651	0.02110	0.02018	0.01284	0.04312	0.64956	0.03394	0.03303	0.03027	0.02477	0.01101	0.00826	0.00275	0.00642	0.00917	0.00826	0.01284
6	0.02018	0.01743	0.01835	0.01651	0.02110	0.02018	0.01284	0.04312	0.64956	0.03394	0.03303	0.03027	0.02477	0.01101	0.00826	0.00275	0.00642	0.00917	0.00826	0.01284
7	0.01148	0.00829	0.01085	0.01021	0.01212	0.00766	0.00766	0.01531	0.02297	0.03254	0.65994	0.06061	0.07656	0.01659	0.00957	0.00255	0.00383	0.01467	0.00893	0.00766
8	0.02017	0.01759	0.01959	0.01934	0.07575	0.02011	0.01387	0.04157	0.59593	0.03331	0.03152	0.02941	0.02376	0.01069	0.00824	0.00272	0.00670	0.00901	0.00790	0.01284

[dist]
# distance from previous block
# <min> <max>
0	1

[block]
# block no. 16 follows, 23 sequences, length 34
# corresponding to MSA columns:
# 559-592
name=unknown_Q
#
# <colnr> <probs for GDERKNQSTAVLIFYWHMCP>
#	G	D	E	R	K	N	Q	S	T	A	V	L	I	F	Y	W	H	M	C	P
0	0.00990	0.00823	0.00865	0.00855	0.01115	0.00698	0.00641	0.01225	0.01923	0.02367	0.17717	0.07522	0.56487	0.01990	0.00959	0.00271	0.00406	0.01672	0.00776	0.00698
1	0.01929	0.01665	0.01749	0.01581	0.02024	0.01905	0.01228	0.04045	0.59611	0.03293	0.03719	0.03432	0.07865	0.01182	0.00837	0.00275	0.00623	0.00985	0.00820	0.01234
2	0.01880	0.02075	0.04317	0.03083	0.03889	0.01905	0.53985	0.02515	0.01880	0.02606	0.01611	0.02112	0.01227	0.00671	0.00903	0.00250	0.01252	0.00885	0.00421	0.12533
3	0.03522	0.01407	0.01880	0.01459	0.02074	0.01253	0.01199	0.03981	0.06919	0.62317	0.03209	0.02781	0.02043	0.01011	0.00817	0.00253	0.00687	0.00823	0.00991	0.01374
4	0.01683	0.01442	0.01683	0.01202	0.01923	0.01082	0.00961	0.02043	0.01683	0.02644	0.01442	0.01683	0.01202	0.00601	0.00601	0.00120	0.00601	0.00481	0.00481	0.76444
5	0.00979	0.00823	0.00850	0.00843	0.01109	0.00694	0.00633	0.01204	0.01898	0.02306	0.14444	0.07621	0.59797	0.02012	0.00959	0.00272	0.00408	0.01686	0.00769	0.00694
6	0.00989	0.00706	0.00942	0.01130	0.01177	0.00659	0.00753	0.01130	0.01554	0.02071	0.04472	0.70954	0.05367	0.02542	0.01036	0.00330	0.00471	0.02307	0.00753	0.00659
7	0.01912	0.02176	0.04295	0.03137	0.03865	0.06375	0.54008	0.02518	0.01910	0.02513	0.01855	0.07965	0.01569	0.00852	0.00949	0.00274	0.01298	0.01043	0.00440	0.01047
8	0.01683	0.01442	0.01683	0.01202	0.01923	0.01082	0.00961	0.02043	0.01683	0.02644	0.01442	0.01683	0.01202	0.00601	0.00601	0.00120	0.00601	0.00481	0.00481	0.76444
9	0.01148	0.00829	0.01085	0.01021	0.01212	0.00766	0.00766	0.01531	0.02297	0.03254	0.65994	0.06061	0.07656	0.01659	0.00957	0.00255	0.00383	0.01467	0.00893	0.00766
10	0.02040	0.01916	0.03185	0.09128	0.58548	0.01954	0.02418	0.06095	0.01949	0.02758	0.01546	0.02015	0.01277	0.00744	0.00804	0.00243	0.00968	0.00723	0.00423	0.01265
11	0.03085	0.02273	0.02435	0.01867	0.02516	0.02516	0.01542	0.63716	0.03815	0.05114	0.01948	0.01948	0.01380	0.00974	0.00812	0.00244	0.00893	0.00731	0.00812	0.01380
12	0.01534	0.01192	0.01476	0.01544	0.01818	0.01280	0.01300	0.02520	0.21985	0.02736	0.03979	0.07200	0.03971	0.01878	0.01027	0.00342	0.00714	0.41814	0.00772	0.00918
13	0.01587	0.01519	0.02631	0.61279	0.09591	0.01826	0.05902	0.02132	0.01655	0.02143	0.01460	0.02154	0.01104	0.00798	0.00819	0.00269	0.01091	0.00735	0.00366	0.00939
14	0.01148	0.00829	0.01085	0.01021	0.01212	0.00766	0.00766	0.01531	0.02297	0.03254	0.65994	0.06061	0.07656	0.01659	0.00957	0.00255	0.00383	0.01467	0.00893	0.00766
15	0.01815	0.01980	0.04049	0.02950	0.03647	0.01888	0.48591	0.02393	0.01819	0.02519	0.01790	0.07158	0.01520	0.00864	0.01049	0.00269	0.06050	0.00994	0.00438	0.08216
16	0.02008	0.01928	0.03294	0.04981	0.66422	0.01928	0.02490	0.02490	0.01848	0.02651	0.01526	0.02008	0.01285	0.00723	0.00803	0.00241	0.00964	0.00723	0.00402	0.01285
17	0.01848	0.01437	0.01700	0.01222	0.01936	0.01091	0.00981	0.02205	0.01737	0.08094	0.01591	0.01774	0.01270	0.00635	0.00619	0.00131	0.00609	0.00509	0.00525	0.70086
18	0.01627	0.04197	0.67279	0.02313	0.03512	0.01884	0.02998	0.02570	0.01713	0.02570	0.01456	0.01713	0.01028	0.00771	0.00771	0.00257	0.01199	0.00600	0.00343	0.01199
19	0.01019	0.00728	0.00974	0.01152	0.01215	0.00684	0.00794	0.01187	0.01608	0.02147	0.07036	0.63701	0.05411	0.02483	0.01039	0.00330	0.00487	0.06576	0.00759	0.00670
20	0.01741	0.01758	0.02678	0.02229	0.02337	0.02309	0.09593	0.01981	0.01349	0.02043	0.01364	0.06392	0.01370	0.01400	0.02338	0.00343	0.56640	0.00847	0.00388	0.00899
21	0.02018	0.01743	0.01835	0.01651	0.02110	0.02018	0.01284	0.04312	0.64956	0.03394	0.03303	0.03027	0.02477	0.01101	0.00826	0.00275	0.00642	0.00917	0.00826	0.01284
22	0.03641	0.01381	0.01883	0.01444	0.02071	0.01193	0.01193	0.03954	0.02322	0.66984	0.03201	0.02762	0.02009	0.01004	0.00816	0.00251	0.00690	0.00816	0.01004	0.01381
23	0.01148	0.00829	0.01085	0.01021	0.01212	0.00766	0.00766	0.01531	0.02297	0.03254	0.65994	0.06061	0.07656	0.01659	0.00957	0.00255	0.00383	0.01467	0.00893	0.00766
24	0.03641	0.01381	0.01883	0.01444	0.02071	0.01193	0.01193	0.03954	0.02322	0.66984	0.03201	0.02762	0.02009	0.01004	0.00816	0.00251	0.00690	0.00816	0.01004	0.01381
25	0.01683	0.01442	0.01683	0.01202	0.01923	0.01082	0.00961	0.02043	0.01683	0.02644	0.01442	0.01683	0.01202	0.00601	0.00601	0.00120	0.00601	0.00481	0.00481	0.76444
