[name]
unknown

[dist]
# distance from previous block
# <min> <max>
4	16

[block]
# block no. 0 follows, 24 sequences, length 34
# corresponding to MSA columns:
# 18-51
name=unknown_A
#
# <colnr> <probs for GDERKNQSTAVLIFYWHMCP>
#	G	D	E	R	K	N	Q	S	T	A	V	L	I	F	Y	W	H	M	C	P
0	0.08307	0.01642	0.01721	0.01552	0.01999	0.01879	0.01220	0.03934	0.55156	0.05853	0.03088	0.03064	0.02364	0.01091	0.00792	0.00270	0.00633	0.03447	0.00784	0.01204
1	0.01872	0.02139	0.04679	0.03342	0.04144	0.02005	0.64305	0.02540	0.01872	0.02540	0.01604	0.02139	0.01203	0.00668	0.00936	0.00267	0.01337	0.00936	0.00401	0.01070
2	0.01122	0.00811	0.01060	0.00998	0.01185	0.00748	0.00748	0.01496	0.02245	0.03180	0.66766	0.05923	0.07482	0.01621	0.00935	0.00249	0.00374	0.01434	0.00873	0.00748
3	0.02948	0.02188	0.02342	0.01811	0.02434	0.02428	0.01491	0.60668	0.07710	0.04890	0.01989	0.01972	0.01417	0.00960	0.00794	0.00240	0.00857	0.00726	0.00794	0.01343
4	0.02037	0.61824	0.14210	0.01499	0.02255	0.02934	0.01604	0.02396	0.01621	0.01967	0.01153	0.01335	0.01016	0.00690	0.00547	0.00182	0.00899	0.00450	0.00339	0.01042
5	0.02019	0.01645	0.01754	0.01568	0.02018	0.01872	0.01223	0.04065	0.59440	0.06945	0.03424	0.03140	0.05103	0.01110	0.00812	0.00268	0.00621	0.00924	0.00814	0.01236
6	0.00966	0.00690	0.00920	0.01104	0.01150	0.00644	0.00736	0.01104	0.01518	0.02024	0.04371	0.71614	0.05245	0.02484	0.01012	0.00322	0.00460	0.02254	0.00736	0.00644
7	0.01963	0.01884	0.03219	0.04867	0.67185	0.01884	0.02434	0.02434	0.01806	0.02591	0.01492	0.01963	0.01256	0.00707	0.00785	0.00236	0.00942	0.00707	0.00393	0.01256
8	0.01869	0.01789	0.03050	0.18026	0.54758	0.01859	0.02387	0.02352	0.01761	0.02477	0.01475	0.01993	0.01216	0.00724	0.00787	0.00241	0.00965	0.00706	0.00384	0.01181
9	0.01153	0.00769	0.00865	0.00865	0.00865	0.00769	0.00480	0.01153	0.01153	0.01538	0.02499	0.05189	0.02883	0.72131	0.04036	0.00769	0.00769	0.01153	0.00480	0.00480
10	0.03532	0.01391	0.01866	0.01430	0.02045	0.01227	0.01182	0.06743	0.02339	0.64758	0.03070	0.02661	0.01934	0.00980	0.00797	0.00245	0.00684	0.00793	0.00973	0.01349
11	0.01219	0.00929	0.01314	0.01180	0.01407	0.00875	0.04654	0.03725	0.02204	0.03093	0.54508	0.11882	0.06669	0.01623	0.00938	0.00257	0.00459	0.01458	0.00828	0.00779
12	0.01988	0.01948	0.03143	0.07354	0.61889	0.04812	0.02385	0.02449	0.01816	0.02540	0.01477	0.01945	0.01238	0.00715	0.00782	0.00235	0.00968	0.00698	0.00392	0.01226
13	0.01122	0.00811	0.01060	0.00998	0.01185	0.00748	0.00748	0.01496	0.02245	0.03180	0.66766	0.05923	0.07482	0.01621	0.00935	0.00249	0.00374	0.01434	0.00873	0.00748
14	0.02016	0.01795	0.01813	0.01633	0.02079	0.04940	0.01267	0.04167	0.62938	0.03256	0.03139	0.02891	0.02359	0.01064	0.00803	0.00266	0.00663	0.00879	0.00789	0.01240
15	0.02115	0.01774	0.01873	0.01643	0.02116	0.02039	0.01290	0.12478	0.57255	0.03547	0.03046	0.02814	0.02274	0.01059	0.00805	0.00265	0.00661	0.00872	0.00805	0.01268
16	0.03428	0.01558	0.01970	0.01510	0.02129	0.01476	0.01247	0.18406	0.02619	0.52699	0.02835	0.02508	0.01816	0.00974	0.00796	0.00244	0.00722	0.00777	0.00936	0.01349
17	0.03014	0.02221	0.02380	0.01825	0.02459	0.02459	0.01507	0.64541	0.03728	0.04998	0.01904	0.01904	0.01349	0.00952	0.00793	0.00238	0.00873	0.00714	0.00793	0.01349
18	0.01130	0.00835	0.01059	0.01013	0.01207	0.00781	0.00756	0.01546	0.04516	0.03035	0.56098	0.10156	0.11510	0.01685	0.00936	0.00256	0.00391	0.01484	0.00852	0.00755
19	0.01991	0.01944	0.02997	0.14722	0.51224	0.06190	0.02308	0.04556	0.01866	0.02544	0.01476	0.01950	0.01213	0.00735	0.00782	0.00238	0.00989	0.00694	0.00401	0.01179
20	0.01590	0.04102	0.68023	0.02260	0.03432	0.01842	0.02930	0.02511	0.01674	0.02511	0.01423	0.01674	0.01005	0.00753	0.00753	0.00251	0.01172	0.00586	0.00335	0.01172
21	0.01498	0.01409	0.02378	0.70226	0.05462	0.01762	0.02202	0.02026	0.01586	0.02026	0.01409	0.02114	0.01057	0.00793	0.00793	0.00264	0.01057	0.00705	0.00352	0.00881
22	0.01861	0.01780	0.03035	0.19175	0.53672	0.01857	0.02383	0.02344	0.01757	0.02467	0.01474	0.01996	0.01213	0.00725	0.00787	0.00242	0.00967	0.00706	0.00384	0.01174
23	0.01767	0.09943	0.49889	0.02280	0.05969	0.01972	0.04864	0.02523	0.01681	0.05482	0.01460	0.01719	0.01071	0.00791	0.00854	0.00249	0.05359	0.00606	0.00371	0.01147
24	0.00957	0.00804	0.00831	0.00824	0.01083	0.00678	0.00618	0.01177	0.01855	0.02254	0.14377	0.07447	0.60449	0.01966	0.00937	0.00266	0.00399	0.01648	0.00751	0.00678
25	0.01088	0.00744	0.00943	0.01025	0.01079	0.00745	0.00676	0.01215	0.01367	0.01891	0.03283	0.34363	0.03747	0.26560	0.12213	0.00608	0.00809	0.01572	0.05469	0.00604
26	0.48504	0.01974	0.12736	0.09431	0.02472	0.01771	0.04791	0.02410	0.01503	0.06194	0.01316	0.01562	0.00977	0.00754	0.00608	0.00250	0.00800	0.00532	0.00467	0.00948
27	0.01754	0.25268	0.48290	0.01981	0.03001	0.02242	0.02444	0.02469	0.01655	0.02312	0.01324	0.01550	0.01009	0.00730	0.00678	0.00226	0.01072	0.00536	0.00336	0.01124
28	0.00966	0.00690	0.00920	0.01104	0.01150	0.00644	0.00736	0.01104	0.01518	0.02024	0.04371	0.71614	0.05245	0.02484	0.01012	0.00322	0.00460	0.02254	0.00736	0.00644
29	0.01829	0.01926	0.06856	0.19271	0.44216	0.01865	0.07770	0.02356	0.01754	0.02455	0.01479	0.01995	0.01192	0.00725	0.00798	0.00246	0.01015	0.00719	0.00381	0.01151
30	0.01761	0.02635	0.22421	0.07835	0.03805	0.04406	0.36020	0.02458	0.01829	0.02507	0.05243	0.02193	0.01487	0.00762	0.00864	0.00259	0.01217	0.00830	0.00406	0.01061
31	0.01478	0.00739	0.00739	0.00739	0.00924	0.00739	0.00554	0.01848	0.01663	0.02956	0.02587	0.02956	0.02033	0.00924	0.00554	0.00185	0.00370	0.00739	0.76534	0.00739
32	0.00984	0.00763	0.00897	0.00952	0.01123	0.00676	0.00680	0.01197	0.01788	0.02304	0.18323	0.30756	0.32507	0.02106	0.00964	0.00284	0.00418	0.01839	0.00763	0.00676
33	0.02319	0.02083	0.02794	0.03547	0.39172	0.06379	0.02012	0.19853	0.08159	0.03282	0.01746	0.02002	0.01372	0.00815	0.00785	0.00237	0.00926	0.00713	0.00542	0.01260

[dist]
# distance from previous block
# <min> <max>
0	2

[block]
# block no. 1 follows, 24 sequences, length 135
# corresponding to MSA columns:
# 54-188
name=unknown_B
#
# <colnr> <probs for GDERKNQSTAVLIFYWHMCP>
#	G	D	E	R	K	N	Q	S	T	A	V	L	I	F	Y	W	H	M	C	P
0	0.01887	0.14381	0.45985	0.02042	0.03019	0.05514	0.02414	0.08196	0.04701	0.02643	0.01486	0.01677	0.01101	0.00777	0.00720	0.00236	0.01084	0.00582	0.00401	0.01155
1	0.00973	0.00695	0.00926	0.01099	0.01152	0.00649	0.00737	0.01122	0.01550	0.02076	0.07142	0.68696	0.05344	0.02446	0.01009	0.00319	0.00456	0.02218	0.00742	0.00649
2	0.01644	0.01409	0.01644	0.01175	0.01879	0.01057	0.00940	0.01997	0.01644	0.02584	0.01409	0.01644	0.01175	0.00587	0.00587	0.00117	0.00587	0.00470	0.00470	0.76979
3	0.01590	0.04102	0.68023	0.02260	0.03432	0.01842	0.02930	0.02511	0.01674	0.02511	0.01423	0.01674	0.01005	0.00753	0.00753	0.00251	0.01172	0.00586	0.00335	0.01172
4	0.01644	0.01409	0.01644	0.01175	0.01879	0.01057	0.00940	0.01997	0.01644	0.02584	0.01409	0.01644	0.01175	0.00587	0.00587	0.00117	0.00587	0.00470	0.00470	0.76979
5	0.03558	0.01350	0.01840	0.01411	0.02024	0.01166	0.01166	0.03865	0.02270	0.67734	0.03128	0.02699	0.01963	0.00981	0.00797	0.00245	0.00675	0.00797	0.00981	0.01350
6	0.01006	0.00806	0.00898	0.00875	0.01113	0.00699	0.00656	0.01271	0.01969	0.02526	0.29774	0.06999	0.44883	0.01865	0.00936	0.00261	0.00391	0.01585	0.00787	0.00699
7	0.01926	0.01846	0.03152	0.10072	0.62270	0.01874	0.02415	0.02401	0.01788	0.02546	0.01485	0.01975	0.01240	0.00713	0.00786	0.00238	0.00951	0.00706	0.00389	0.01226
8	0.77733	0.01534	0.01166	0.01043	0.01534	0.01779	0.00859	0.02331	0.01350	0.03558	0.01104	0.01288	0.00859	0.00736	0.00491	0.00245	0.00613	0.00429	0.00491	0.00859
9	0.00966	0.00690	0.00920	0.01104	0.01150	0.00644	0.00736	0.01104	0.01518	0.02024	0.04371	0.71614	0.05245	0.02484	0.01012	0.00322	0.00460	0.02254	0.00736	0.00644
10	0.01478	0.00739	0.00739	0.00739	0.00924	0.00739	0.00554	0.01848	0.01663	0.02956	0.02587	0.02956	0.02033	0.00924	0.00554	0.00185	0.00370	0.00739	0.76534	0.00739
11	0.01916	0.01837	0.03135	0.11403	0.61012	0.01872	0.02411	0.02393	0.01784	0.02534	0.01483	0.01978	0.01236	0.00715	0.00786	0.00238	0.00954	0.00706	0.00389	0.01219
12	0.00966	0.00690	0.00920	0.01104	0.01150	0.00644	0.00736	0.01104	0.01518	0.02024	0.04371	0.71614	0.05245	0.02484	0.01012	0.00322	0.00460	0.02254	0.00736	0.00644
13	0.01144	0.00765	0.00868	0.00877	0.00879	0.00763	0.00493	0.01151	0.01171	0.01562	0.02592	0.08504	0.03001	0.68656	0.03885	0.00746	0.00753	0.01208	0.00493	0.00489
14	0.01444	0.00750	0.00792	0.00792	0.00973	0.00764	0.00598	0.01805	0.01624	0.02846	0.02541	0.02972	0.02028	0.01423	0.07349	0.00293	0.00544	0.00750	0.68977	0.00736
15	0.00980	0.00700	0.00936	0.01120	0.01172	0.00656	0.00760	0.01128	0.01532	0.02040	0.04363	0.68831	0.05215	0.02471	0.01016	0.00324	0.00472	0.04901	0.00736	0.00648
16	0.02139	0.01666	0.01798	0.01592	0.02058	0.01888	0.01246	0.04177	0.59080	0.10088	0.03217	0.02931	0.02373	0.01066	0.00806	0.00266	0.00633	0.00886	0.00825	0.01265
17	0.01394	0.01141	0.01367	0.01169	0.01602	0.00940	0.00875	0.01756	0.04794	0.02400	0.02665	0.29228	0.02837	0.01358	0.00765	0.00205	0.00539	0.01193	0.00591	0.43179
18	0.01735	0.01735	0.02429	0.02082	0.02082	0.02429	0.01735	0.01908	0.01214	0.01908	0.01041	0.01735	0.01041	0.01388	0.02602	0.00347	0.70680	0.00694	0.00347	0.00867
19	0.01498	0.01409	0.02378	0.70226	0.05462	0.01762	0.02202	0.02026	0.01586	0.02026	0.01409	0.02114	0.01057	0.00793	0.00793	0.00264	0.01057	0.00705	0.00352	0.00881
20	0.01133	0.00850	0.01274	0.01274	0.01416	0.00991	0.00991	0.01416	0.01274	0.01841	0.02124	0.03115	0.01982	0.05947	0.68989	0.01274	0.02124	0.00850	0.00425	0.00708
21	0.01498	0.01409	0.02378	0.70226	0.05462	0.01762	0.02202	0.02026	0.01586	0.02026	0.01409	0.02114	0.01057	0.00793	0.00793	0.00264	0.01057	0.00705	0.00352	0.00881
22	0.02120	0.72609	0.04155	0.01357	0.02035	0.03138	0.01357	0.02374	0.01611	0.01866	0.01102	0.01272	0.01018	0.00678	0.00509	0.00170	0.00848	0.00424	0.00339	0.01018
23	0.03531	0.01393	0.01867	0.01432	0.02046	0.01230	0.01183	0.06892	0.02342	0.64603	0.03067	0.02659	0.01932	0.00980	0.00797	0.00245	0.00685	0.00793	0.00972	0.01349
24	0.03451	0.01326	0.01806	0.01393	0.01987	0.01147	0.01147	0.03760	0.02269	0.64891	0.05931	0.02841	0.02206	0.01010	0.00804	0.00246	0.00662	0.00825	0.00977	0.01323
25	0.03014	0.02221	0.02380	0.01825	0.02459	0.02459	0.01507	0.64541	0.03728	0.04998	0.01904	0.01904	0.01349	0.00952	0.00793	0.00238	0.00873	0.00714	0.00793	0.01349
26	0.01498	0.01409	0.02378	0.70226	0.05462	0.01762	0.02202	0.02026	0.01586	0.02026	0.01409	0.02114	0.01057	0.00793	0.00793	0.00264	0.01057	0.00705	0.00352	0.00881
27	0.01498	0.01409	0.02378	0.70226	0.05462	0.01762	0.02202	0.02026	0.01586	0.02026	0.01409	0.02114	0.01057	0.00793	0.00793	0.00264	0.01057	0.00705	0.00352	0.00881
28	0.02492	0.02840	0.37683	0.01871	0.02787	0.01532	0.02121	0.03132	0.01947	0.32411	0.02205	0.02144	0.01444	0.00858	0.00774	0.00248	0.00944	0.00683	0.00631	0.01253
29	0.01025	0.00751	0.00974	0.01073	0.01186	0.00684	0.00742	0.01221	0.01674	0.02274	0.16188	0.53075	0.08302	0.02213	0.00975	0.00296	0.00447	0.01991	0.00750	0.04158
30	0.01054	0.00806	0.01085	0.01202	0.01250	0.00837	0.00842	0.01207	0.01521	0.02067	0.07004	0.61128	0.04910	0.02328	0.01176	0.00321	0.07837	0.02051	0.00702	0.00673
31	0.02940	0.02181	0.02380	0.05172	0.02606	0.02425	0.01541	0.61481	0.03624	0.04852	0.01880	0.01914	0.01334	0.00944	0.00793	0.00239	0.00882	0.00713	0.00772	0.01326
32	0.01275	0.00879	0.01132	0.01047	0.01266	0.00827	0.00792	0.01738	0.05354	0.06142	0.60743	0.05631	0.06982	0.01565	0.00923	0.00250	0.00400	0.01379	0.00875	0.00801
33	0.00937	0.00803	0.00803	0.00803	0.01071	0.00669	0.00602	0.01138	0.01807	0.02142	0.08033	0.07632	0.66863	0.02008	0.00937	0.00268	0.00402	0.01674	0.00736	0.00669
34	0.34704	0.15236	0.08607	0.01363	0.01994	0.01978	0.01275	0.08012	0.01819	0.16030	0.01607	0.01657	0.01165	0.00794	0.00607	0.00231	0.00748	0.00542	0.00570	0.01060
35	0.01509	0.01484	0.02778	0.02190	0.02645	0.01429	0.30422	0.02139	0.08507	0.02515	0.09156	0.25492	0.03286	0.01404	0.00947	0.00284	0.00878	0.01416	0.00601	0.00917
36	0.00966	0.00690	0.00920	0.01104	0.01150	0.00644	0.00736	0.01104	0.01518	0.02024	0.04371	0.71614	0.05245	0.02484	0.01012	0.00322	0.00460	0.02254	0.00736	0.00644
37	0.03316	0.01296	0.01763	0.01370	0.01941	0.01124	0.01124	0.03629	0.02267	0.61324	0.09447	0.03019	0.02511	0.01045	0.00811	0.00246	0.00645	0.00861	0.00971	0.01290
38	0.01807	0.10549	0.33632	0.02316	0.05093	0.01877	0.17088	0.02493	0.01779	0.06114	0.04838	0.02082	0.01487	0.00788	0.00773	0.00242	0.01062	0.00717	0.04164	0.01101
39	0.02689	0.02060	0.02199	0.07190	0.02563	0.05514	0.01474	0.42759	0.11451	0.07385	0.02337	0.02329	0.04390	0.00997	0.00798	0.00244	0.00852	0.00774	0.00748	0.01248
40	0.01866	0.02121	0.04579	0.03286	0.04053	0.02024	0.61526	0.02512	0.01842	0.02512	0.01579	0.02121	0.01196	0.00700	0.01010	0.00271	0.04417	0.00925	0.00399	0.01061
41	0.01644	0.01409	0.01644	0.01175	0.01879	0.01057	0.00940	0.01997	0.01644	0.02584	0.01409	0.01644	0.01175	0.00587	0.00587	0.00117	0.00587	0.00470	0.00470	0.76979
42	0.08216	0.51147	0.08681	0.01416	0.02081	0.05315	0.01409	0.02452	0.01689	0.05766	0.04515	0.01622	0.01378	0.00758	0.00572	0.00192	0.00845	0.00512	0.00416	0.01018
43	0.01501	0.00910	0.01091	0.00987	0.01292	0.00792	0.00761	0.01783	0.02049	0.14987	0.27792	0.06091	0.33595	0.01677	0.00910	0.00257	0.00444	0.01423	0.00831	0.00827
44	0.01080	0.00830	0.01002	0.01089	0.01234	0.00798	0.00765	0.01474	0.08393	0.02289	0.10674	0.45803	0.17278	0.02164	0.00969	0.00299	0.00458	0.01922	0.00756	0.00723
45	0.02336	0.01079	0.01449	0.01204	0.01603	0.00956	0.00956	0.02676	0.02257	0.35342	0.35061	0.04317	0.04732	0.01302	0.00867	0.00247	0.00524	0.01117	0.00927	0.01048
46	0.02385	0.01639	0.01841	0.01570	0.02073	0.01771	0.01253	0.10804	0.39647	0.17214	0.03028	0.03005	0.02249	0.01073	0.00808	0.00259	0.00669	0.03628	0.00826	0.04259
47	0.10770	0.02563	0.02218	0.01817	0.02341	0.21094	0.01458	0.37564	0.02934	0.03829	0.01585	0.01697	0.01190	0.00914	0.00831	0.00235	0.04551	0.00626	0.00631	0.01152
48	0.00966	0.00690	0.00920	0.01104	0.01150	0.00644	0.00736	0.01104	0.01518	0.02024	0.04371	0.71614	0.05245	0.02484	0.01012	0.00322	0.00460	0.02254	0.00736	0.00644
49	0.01160	0.00902	0.01124	0.01112	0.01357	0.00764	0.00789	0.01363	0.01566	0.02190	0.03663	0.48904	0.06524	0.01919	0.00887	0.00261	0.00494	0.01717	0.00659	0.22643
50	0.01989	0.01908	0.02549	0.02053	0.02354	0.05508	0.08420	0.11369	0.01772	0.02533	0.01291	0.01776	0.01122	0.01104	0.01776	0.00283	0.39495	0.00683	0.00439	0.11576
51	0.24842	0.01039	0.00948	0.00888	0.01176	0.01123	0.00691	0.04454	0.01622	0.03152	0.02053	0.02381	0.01618	0.00948	0.00656	0.03585	0.00478	0.00641	0.46922	0.00783
52	0.00966	0.00690	0.00920	0.01104	0.01150	0.00644	0.00736	0.01104	0.01518	0.02024	0.04371	0.71614	0.05245	0.02484	0.01012	0.00322	0.00460	0.02254	0.00736	0.00644
53	0.00966	0.00690	0.00920	0.01104	0.01150	0.00644	0.00736	0.01104	0.01518	0.02024	0.04371	0.71614	0.05245	0.02484	0.01012	0.00322	0.00460	0.02254	0.00736	0.00644
54	0.02843	0.03363	0.02203	0.01967	0.02403	0.53908	0.01495	0.09392	0.10395	0.02418	0.01545	0.01670	0.01230	0.00863	0.00734	0.00216	0.01274	0.00580	0.00497	0.01004
55	0.02245	0.01478	0.01558	0.01281	0.01690	0.01597	0.01030	0.33121	0.02693	0.03975	0.02246	0.02431	0.01691	0.00938	0.00674	0.00211	0.00620	0.00727	0.38751	0.01043
56	0.77733	0.01534	0.01166	0.01043	0.01534	0.01779	0.00859	0.02331	0.01350	0.03558	0.01104	0.01288	0.00859	0.00736	0.00491	0.00245	0.00613	0.00429	0.00491	0.00859
57	0.01096	0.00810	0.01024	0.00970	0.01169	0.00737	0.00728	0.01446	0.02183	0.03033	0.58427	0.06166	0.15913	0.01676	0.00936	0.00252	0.00378	0.01468	0.00854	0.00737
58	0.01007	0.00804	0.00891	0.00870	0.01100	0.00699	0.00646	0.01257	0.01926	0.02461	0.27206	0.06971	0.44725	0.04656	0.01059	0.00282	0.00407	0.01574	0.00771	0.00688
59	0.03010	0.02351	0.02369	0.01843	0.02459	0.08018	0.01509	0.59409	0.03605	0.04742	0.01847	0.01864	0.01321	0.00941	0.00787	0.00235	0.00919	0.00697	0.00761	0.01313
60	0.01860	0.01772	0.03012	0.12888	0.56546	0.01814	0.02330	0.02324	0.01765	0.02495	0.01608	0.05049	0.01407	0.00796	0.00796	0.00243	0.00935	0.00774	0.00403	0.01182
61	0.20818	0.02721	0.01977	0.01728	0.02187	0.33204	0.01349	0.13778	0.07734	0.02983	0.01482	0.01621	0.01161	0.00862	0.00744	0.00230	0.03319	0.00566	0.00528	0.01007
62	0.59439	0.01391	0.01177	0.01066	0.01509	0.01556	0.00872	0.02238	0.01523	0.06609	0.07635	0.02476	0.05049	0.00964	0.00599	0.00253	0.00590	0.03623	0.00574	0.00857
63	0.01604	0.08156	0.26691	0.01754	0.02393	0.01474	0.04141	0.02164	0.01804	0.06704	0.08720	0.08095	0.02955	0.01352	0.00873	0.00281	0.00876	0.18426	0.00567	0.00970
64	0.01644	0.01409	0.01644	0.01175	0.01879	0.01057	0.00940	0.01997	0.01644	0.02584	0.01409	0.01644	0.01175	0.00587	0.00587	0.00117	0.00587	0.00470	0.00470	0.76979
65	0.31386	0.01960	0.01919	0.01528	0.02108	0.02201	0.01261	0.40919	0.02825	0.04451	0.01600	0.01670	0.01163	0.00870	0.00678	0.00241	0.00774	0.00606	0.00678	0.01163
66	0.01958	0.01897	0.03292	0.04791	0.64039	0.01890	0.05521	0.02439	0.01809	0.02588	0.01497	0.01971	0.01253	0.00705	0.00793	0.00237	0.00962	0.00718	0.00393	0.01247
67	0.07104	0.02098	0.02231	0.01726	0.02334	0.02313	0.01423	0.56742	0.03470	0.06777	0.01925	0.01936	0.01368	0.00940	0.00767	0.00237	0.00832	0.00702	0.03780	0.01297
68	0.02311	0.01826	0.01950	0.01661	0.02166	0.02069	0.01318	0.20167	0.46810	0.06325	0.02873	0.02669	0.02119	0.01039	0.00803	0.00260	0.00694	0.00844	0.00810	0.01284
69	0.42597	0.01516	0.01528	0.01250	0.01800	0.01592	0.01031	0.07899	0.01901	0.28912	0.01964	0.01892	0.01332	0.00850	0.00636	0.00245	0.00658	0.00597	0.00708	0.01091
70	0.02870	0.02136	0.02303	0.01756	0.02398	0.02312	0.01448	0.57967	0.03509	0.04744	0.01852	0.01877	0.01330	0.00914	0.00772	0.00225	0.00843	0.00688	0.00759	0.09298
71	0.17566	0.01464	0.01762	0.01379	0.01971	0.01401	0.01139	0.09147	0.02229	0.49809	0.02632	0.02359	0.01697	0.00932	0.00739	0.00245	0.00681	0.00720	0.00871	0.01256
72	0.03530	0.01394	0.01868	0.01432	0.02046	0.01231	0.01183	0.06949	0.02344	0.64545	0.03066	0.02659	0.01932	0.00980	0.00797	0.00245	0.00685	0.00793	0.00972	0.01349
73	0.01509	0.00914	0.01005	0.00944	0.01085	0.00931	0.00630	0.05143	0.04588	0.05522	0.02558	0.04129	0.02483	0.40585	0.02530	0.00520	0.00647	0.00979	0.22614	0.00684
74	0.01196	0.00860	0.00940	0.00959	0.01195	0.00811	0.00748	0.01602	0.05952	0.02494	0.08399	0.08304	0.32933	0.01712	0.00863	0.00264	0.00459	0.10607	0.18965	0.00736
75	0.46694	0.01432	0.01403	0.01170	0.01695	0.01506	0.00962	0.02891	0.01709	0.27763	0.01927	0.01887	0.01322	0.00836	0.00609	0.00243	0.00627	0.00581	0.03702	0.01039
76	0.00986	0.00705	0.00941	0.01113	0.01171	0.00660	0.00758	0.01144	0.01565	0.02093	0.07347	0.65993	0.05325	0.02431	0.01012	0.00320	0.00467	0.04573	0.00742	0.00652
77	0.02747	0.01928	0.02142	0.01622	0.02271	0.01976	0.01332	0.42654	0.03063	0.11504	0.01923	0.01931	0.01376	0.00868	0.00744	0.00210	0.00782	0.00665	0.00737	0.19527
78	0.01377	0.00689	0.01033	0.01033	0.01033	0.00689	0.00689	0.01033	0.01033	0.01377	0.01377	0.02410	0.01377	0.02755	0.03099	0.76928	0.00689	0.00689	0.00344	0.00344
79	0.01972	0.01703	0.01793	0.01614	0.02062	0.01972	0.01255	0.04214	0.65752	0.03317	0.03228	0.02959	0.02421	0.01076	0.00807	0.00269	0.00628	0.00897	0.00807	0.01255
80	0.01441	0.00743	0.00746	0.00746	0.00929	0.00737	0.00554	0.01790	0.01654	0.02870	0.02856	0.03262	0.05295	0.03294	0.00687	0.00208	0.00384	0.00799	0.70278	0.00727
81	0.00965	0.00694	0.00916	0.01093	0.01147	0.00645	0.00731	0.01105	0.01529	0.02029	0.04505	0.69260	0.07512	0.02467	0.01009	0.00320	0.00458	0.02233	0.00736	0.00645
82	0.00959	0.00717	0.00892	0.01032	0.01131	0.00650	0.00704	0.01112	0.01588	0.02053	0.05251	0.56235	0.20055	0.02370	0.00994	0.00309	0.00446	0.02115	0.00736	0.00650
83	0.01149	0.00851	0.01077	0.01013	0.01217	0.00799	0.00762	0.01597	0.05122	0.03118	0.60024	0.05899	0.11128	0.01621	0.00930	0.00252	0.00388	0.01425	0.00861	0.00766
84	0.01769	0.01583	0.02328	0.32691	0.06797	0.01721	0.04495	0.09319	0.01846	0.02561	0.01452	0.01930	0.01137	0.00791	0.00878	0.00227	0.06092	0.00652	0.00439	0.21291
85	0.02305	0.01649	0.02092	0.07975	0.14587	0.04576	0.01486	0.13277	0.10024	0.15985	0.11338	0.02930	0.02486	0.04567	0.00973	0.00272	0.00781	0.00865	0.00697	0.01133
86	0.01122	0.00811	0.01060	0.00998	0.01185	0.00748	0.00748	0.01496	0.02245	0.03180	0.66766	0.05923	0.07482	0.01621	0.00935	0.00249	0.00374	0.01434	0.00873	0.00748
87	0.01171	0.00767	0.00858	0.00858	0.00868	0.00767	0.00485	0.01192	0.01181	0.01616	0.02503	0.05066	0.02836	0.68192	0.03844	0.00736	0.00747	0.01130	0.04688	0.00495
88	0.02315	0.01782	0.01976	0.01512	0.02128	0.01765	0.01223	0.34963	0.02735	0.03815	0.01903	0.07274	0.01586	0.00929	0.00729	0.00197	0.00728	0.00739	0.00662	0.31037
89	0.02768	0.01523	0.01818	0.01502	0.02031	0.01556	0.01205	0.06910	0.29300	0.34912	0.05457	0.02889	0.02331	0.01044	0.00806	0.00255	0.00653	0.00859	0.00894	0.01287
90	0.01874	0.01343	0.01607	0.01224	0.01836	0.01076	0.00968	0.02290	0.04861	0.12147	0.02050	0.08912	0.01762	0.00860	0.00672	0.00164	0.00589	0.00719	0.00588	0.54458
91	0.01668	0.14179	0.58628	0.02127	0.03227	0.02032	0.02698	0.02491	0.01665	0.02416	0.01376	0.01615	0.01006	0.00742	0.00717	0.00239	0.01124	0.00562	0.00335	0.01149
92	0.02066	0.01987	0.03049	0.04392	0.57069	0.05327	0.02277	0.05662	0.05461	0.02718	0.01595	0.01988	0.01313	0.00745	0.00783	0.00236	0.00946	0.00707	0.00436	0.01244
93	0.01498	0.01409	0.02378	0.70226	0.05462	0.01762	0.02202	0.02026	0.01586	0.02026	0.01409	0.02114	0.01057	0.00793	0.00793	0.00264	0.01057	0.00705	0.00352	0.00881
94	0.01659	0.06672	0.54134	0.02131	0.03159	0.01788	0.05419	0.02470	0.01751	0.04946	0.07054	0.02078	0.01602	0.00829	0.00768	0.00248	0.01079	0.00675	0.00408	0.01131
95	0.71261	0.05119	0.01303	0.01048	0.01538	0.01812	0.00874	0.02317	0.01374	0.03451	0.01155	0.01345	0.00907	0.00740	0.00494	0.00239	0.00617	0.00440	0.03104	0.00863
96	0.01890	0.01383	0.01646	0.01224	0.01875	0.01095	0.00976	0.02313	0.04657	0.11459	0.01858	0.04956	0.01520	0.00748	0.00645	0.00151	0.00595	0.00613	0.00567	0.59832
97	0.01617	0.01558	0.01886	0.01610	0.01971	0.08072	0.09871	0.02440	0.18241	0.02702	0.18384	0.07296	0.14834	0.01366	0.00966	0.00264	0.04128	0.01179	0.00688	0.00927
98	0.01377	0.00689	0.01033	0.01033	0.01033	0.00689	0.00689	0.01033	0.01033	0.01377	0.01377	0.02410	0.01377	0.02755	0.03099	0.76928	0.00689	0.00689	0.00344	0.00344
99	0.01990	0.01952	0.03141	0.07339	0.61765	0.04949	0.02383	0.02451	0.01817	0.02538	0.01476	0.01944	0.01237	0.00715	0.00782	0.00235	0.00969	0.00698	0.00392	0.01226
100	0.01963	0.01884	0.03219	0.04867	0.67185	0.01884	0.02434	0.02434	0.01806	0.02591	0.01492	0.01963	0.01256	0.00707	0.00785	0.00236	0.00942	0.00707	0.00393	0.01256
101	0.01145	0.00818	0.01125	0.01308	0.01432	0.00798	0.01046	0.01412	0.01694	0.02224	0.04272	0.35752	0.04855	0.02316	0.01060	0.00347	0.00615	0.36356	0.00733	0.00693
102	0.01122	0.00811	0.01060	0.00998	0.01185	0.00748	0.00748	0.01496	0.02245	0.03180	0.66766	0.05923	0.07482	0.01621	0.00935	0.00249	0.00374	0.01434	0.00873	0.00748
103	0.01597	0.03993	0.65020	0.02252	0.03370	0.01869	0.02875	0.02484	0.01653	0.02484	0.01406	0.01677	0.01006	0.00782	0.00838	0.00256	0.04354	0.00591	0.00335	0.01158
104	0.01116	0.00810	0.01051	0.00990	0.01180	0.00745	0.00743	0.01483	0.02229	0.03142	0.64601	0.05986	0.09672	0.01635	0.00935	0.00250	0.00375	0.01443	0.00868	0.00745
105	0.01872	0.02139	0.04679	0.03342	0.04144	0.02005	0.64305	0.02540	0.01872	0.02540	0.01604	0.02139	0.01203	0.00668	0.00936	0.00267	0.01337	0.00936	0.00401	0.01070
106	0.03014	0.02221	0.02380	0.01825	0.02459	0.02459	0.01507	0.64541	0.03728	0.04998	0.01904	0.01904	0.01349	0.00952	0.00793	0.00238	0.00873	0.00714	0.00793	0.01349
107	0.00966	0.00690	0.00920	0.01104	0.01150	0.00644	0.00736	0.01104	0.01518	0.02024	0.04371	0.71614	0.05245	0.02484	0.01012	0.00322	0.00460	0.02254	0.00736	0.00644
108	0.00991	0.00708	0.00947	0.01119	0.01179	0.00664	0.00767	0.01153	0.01571	0.02101	0.07468	0.64876	0.05318	0.02425	0.01013	0.00321	0.00471	0.05510	0.00743	0.00654
109	0.01170	0.00786	0.01038	0.01060	0.01209	0.00725	0.00762	0.01444	0.01948	0.05661	0.38304	0.32675	0.06313	0.01945	0.00960	0.00279	0.00423	0.01741	0.00822	0.00733
110	0.03558	0.01350	0.01840	0.01411	0.02024	0.01166	0.01166	0.03865	0.02270	0.67734	0.03128	0.02699	0.01963	0.00981	0.00797	0.00245	0.00675	0.00797	0.00981	0.01350
111	0.04392	0.04007	0.65563	0.02215	0.03362	0.01839	0.02854	0.02505	0.01662	0.02550	0.01411	0.01660	0.00999	0.00753	0.00744	0.00251	0.01151	0.00580	0.00341	0.01160
112	0.01364	0.00864	0.01137	0.01039	0.01268	0.00790	0.00790	0.01732	0.02247	0.09590	0.60448	0.05603	0.06934	0.01558	0.00922	0.00249	0.00404	0.01371	0.00884	0.00808
113	0.01129	0.00814	0.01073	0.01043	0.01223	0.00758	0.00794	0.01491	0.02175	0.03056	0.58428	0.09194	0.07124	0.01711	0.00953	0.00263	0.00409	0.06766	0.00854	0.00742
114	0.77733	0.01534	0.01166	0.01043	0.01534	0.01779	0.00859	0.02331	0.01350	0.03558	0.01104	0.01288	0.00859	0.00736	0.00491	0.00245	0.00613	0.00429	0.00491	0.00859
115	0.77733	0.01534	0.01166	0.01043	0.01534	0.01779	0.00859	0.02331	0.01350	0.03558	0.01104	0.01288	0.00859	0.00736	0.00491	0.00245	0.00613	0.00429	0.00491	0.00859
116	0.03558	0.01350	0.01840	0.01411	0.02024	0.01166	0.01166	0.03865	0.02270	0.67734	0.03128	0.02699	0.01963	0.00981	0.00797	0.00245	0.00675	0.00797	0.00981	0.01350
117	0.02243	0.02045	0.03344	0.03607	0.32680	0.02080	0.17725	0.20358	0.02376	0.03272	0.01639	0.01990	0.01269	0.00768	0.00825	0.00244	0.01021	0.00766	0.00510	0.01236
118	0.09789	0.01801	0.02114	0.11851	0.05968	0.06449	0.04514	0.08725	0.21631	0.12147	0.02224	0.02278	0.01630	0.00896	0.00759	0.00246	0.00822	0.00737	0.00648	0.04771
119	0.02228	0.02399	0.01920	0.01854	0.05084	0.28128	0.01366	0.03288	0.28138	0.02580	0.02824	0.03113	0.07278	0.01112	0.00801	0.00249	0.00946	0.05036	0.00620	0.01038
120	0.03391	0.01387	0.01835	0.01432	0.02028	0.01250	0.01175	0.03901	0.08942	0.60963	0.03139	0.02726	0.02011	0.00991	0.00798	0.00248	0.00670	0.00808	0.00963	0.01340
121	0.01486	0.01407	0.02495	0.02522	0.15893	0.01359	0.18997	0.01941	0.04746	0.02333	0.03027	0.27632	0.06150	0.04917	0.01077	0.00305	0.00828	0.01410	0.00560	0.00915
122	0.01959	0.01895	0.03279	0.04804	0.64582	0.01889	0.04988	0.02438	0.01808	0.02589	0.01496	0.01970	0.01254	0.00705	0.00791	0.00237	0.00958	0.00716	0.00393	0.01248
123	0.03014	0.02221	0.02380	0.01825	0.02459	0.02459	0.01507	0.64541	0.03728	0.04998	0.01904	0.01904	0.01349	0.00952	0.00793	0.00238	0.00873	0.00714	0.00793	0.01349
124	0.02275	0.01575	0.01753	0.01438	0.01902	0.01650	0.01153	0.31213	0.06964	0.10583	0.12389	0.07033	0.13995	0.01317	0.00850	0.00252	0.00663	0.01079	0.00812	0.01105
125	0.01307	0.01069	0.01176	0.01244	0.01404	0.04344	0.00880	0.04768	0.10739	0.02355	0.04113	0.51790	0.07518	0.02103	0.00954	0.00302	0.00550	0.01871	0.00733	0.00780
126	0.01963	0.01884	0.03219	0.04867	0.67185	0.01884	0.02434	0.02434	0.01806	0.02591	0.01492	0.01963	0.01256	0.00707	0.00785	0.00236	0.00942	0.00707	0.00393	0.01256
127	0.02398	0.02537	0.02406	0.15211	0.08193	0.27115	0.01763	0.13776	0.02174	0.02557	0.01373	0.01742	0.01110	0.00927	0.01079	0.00249	0.13293	0.00632	0.00455	0.01008
128	0.01000	0.00704	0.00910	0.01061	0.01098	0.00667	0.00690	0.01113	0.01452	0.01936	0.04030	0.59530	0.04815	0.15155	0.01562	0.00403	0.00516	0.02054	0.00690	0.00614
129	0.02725	0.02671	0.02119	0.05148	0.02424	0.32029	0.01442	0.22056	0.05510	0.05946	0.01745	0.01897	0.01332	0.01046	0.02885	0.00255	0.01116	0.00640	0.05948	0.01066
130	0.01800	0.01796	0.02855	0.06767	0.21214	0.02197	0.07554	0.02123	0.01464	0.02168	0.01242	0.01858	0.01118	0.01094	0.01830	0.00303	0.40535	0.00720	0.00365	0.00998
131	0.00974	0.00696	0.00927	0.01099	0.01152	0.00649	0.00737	0.01123	0.01553	0.02080	0.07354	0.68473	0.05352	0.02443	0.01008	0.00319	0.00456	0.02215	0.00743	0.00649
132	0.01382	0.00691	0.01020	0.01020	0.01028	0.00691	0.00683	0.01070	0.01062	0.01450	0.01433	0.02435	0.01407	0.02671	0.02983	0.73415	0.00674	0.00691	0.03832	0.00362
133	0.04265	0.06036	0.19636	0.03494	0.34769	0.05180	0.07374	0.02454	0.01793	0.02552	0.04036	0.01980	0.01400	0.00757	0.00769	0.00238	0.01019	0.00691	0.00399	0.01158
134	0.07565	0.13177	0.41709	0.02350	0.07533	0.02043	0.10023	0.02476	0.01674	0.02509	0.01380	0.01664	0.01037	0.00728	0.00723	0.00240	0.01088	0.00602	0.00359	0.01119

[dist]
# distance from previous block
# <min> <max>
0	4

[block]
# block no. 2 follows, 24 sequences, length 386
# corresponding to MSA columns:
# 193-578
name=unknown_C
#
# <colnr> <probs for GDERKNQSTAVLIFYWHMCP>
#	G	D	E	R	K	N	Q	S	T	A	V	L	I	F	Y	W	H	M	C	P
0	0.02544	0.02968	0.02403	0.02496	0.13680	0.42119	0.01691	0.05727	0.02060	0.02192	0.01321	0.01664	0.01125	0.01115	0.04116	0.00279	0.10507	0.00594	0.00417	0.00982
1	0.01713	0.01455	0.01680	0.01220	0.01910	0.01153	0.00976	0.04584	0.04556	0.02712	0.01509	0.01713	0.01236	0.00623	0.00605	0.00129	0.00600	0.00498	0.00498	0.70628
2	0.71627	0.04763	0.03729	0.01101	0.01625	0.01841	0.00956	0.02339	0.01373	0.03445	0.01116	0.01302	0.00871	0.00734	0.00501	0.00242	0.00644	0.00435	0.00478	0.00877
3	0.00995	0.00711	0.00953	0.01137	0.01196	0.00669	0.00787	0.01154	0.01547	0.02057	0.04355	0.65777	0.05181	0.02457	0.01020	0.00326	0.00485	0.07804	0.00736	0.00652
4	0.01650	0.00927	0.01229	0.01087	0.01366	0.00839	0.00839	0.02009	0.02250	0.17156	0.52988	0.05225	0.06287	0.01483	0.00905	0.00249	0.00439	0.01296	0.00896	0.00878
5	0.02122	0.59165	0.11720	0.01500	0.02235	0.02932	0.01557	0.06974	0.01775	0.02174	0.01200	0.01367	0.01040	0.00708	0.00559	0.00184	0.00889	0.00465	0.00372	0.01061
6	0.01887	0.04684	0.09548	0.02947	0.03644	0.05163	0.45313	0.02472	0.01771	0.02398	0.01475	0.01981	0.01149	0.00784	0.01132	0.00271	0.11118	0.00836	0.00386	0.01041
7	0.01133	0.00850	0.01274	0.01274	0.01416	0.00991	0.00991	0.01416	0.01274	0.01841	0.02124	0.03115	0.01982	0.05947	0.68989	0.01274	0.02124	0.00850	0.00425	0.00708
8	0.01040	0.00821	0.00955	0.01022	0.01240	0.00736	0.00806	0.01285	0.01797	0.02230	0.08725	0.14904	0.41009	0.02096	0.00988	0.00300	0.00497	0.18125	0.00740	0.00686
9	0.05518	0.02027	0.02178	0.04104	0.02405	0.02264	0.01429	0.48438	0.12661	0.04504	0.02082	0.02089	0.01508	0.00956	0.00774	0.00241	0.00812	0.00731	0.04004	0.01274
10	0.02051	0.01686	0.01795	0.01604	0.02060	0.01932	0.01251	0.04196	0.62602	0.06514	0.03223	0.02946	0.02398	0.01071	0.00806	0.00268	0.00630	0.00892	0.00816	0.01260
11	0.00973	0.00695	0.00926	0.01100	0.01152	0.00649	0.00737	0.01121	0.01549	0.02073	0.07024	0.68820	0.05340	0.02448	0.01009	0.00319	0.00456	0.02219	0.00742	0.00649
12	0.00966	0.00690	0.00920	0.01104	0.01150	0.00644	0.00736	0.01104	0.01518	0.02024	0.04371	0.71614	0.05245	0.02484	0.01012	0.00322	0.00460	0.02254	0.00736	0.00644
13	0.10422	0.01940	0.02017	0.01637	0.02185	0.02177	0.01328	0.38386	0.20841	0.04287	0.02223	0.02182	0.01629	0.00963	0.00755	0.00245	0.00755	0.00737	0.04047	0.01245
14	0.00966	0.00690	0.00920	0.01104	0.01150	0.00644	0.00736	0.01104	0.01518	0.02024	0.04371	0.71614	0.05245	0.02484	0.01012	0.00322	0.00460	0.02254	0.00736	0.00644
15	0.02038	0.62013	0.14033	0.01497	0.02251	0.02937	0.01600	0.02396	0.01621	0.01966	0.01152	0.01334	0.01016	0.00690	0.00547	0.00182	0.00898	0.00449	0.00339	0.01042
16	0.01925	0.02107	0.04398	0.03149	0.03937	0.01984	0.57608	0.06020	0.01965	0.02681	0.01612	0.02101	0.01210	0.00680	0.00910	0.00258	0.01273	0.00900	0.00427	0.04852
17	0.02942	0.02608	0.02311	0.01871	0.02435	0.20167	0.01500	0.44757	0.06842	0.04087	0.01798	0.01837	0.01322	0.00923	0.00773	0.00231	0.01007	0.00670	0.00691	0.01229
18	0.01787	0.01476	0.01804	0.01320	0.01977	0.01228	0.04292	0.08634	0.01879	0.02869	0.01573	0.01810	0.01268	0.00659	0.00625	0.00144	0.00638	0.00543	0.07031	0.58443
19	0.02294	0.01823	0.01952	0.01641	0.02137	0.02052	0.01307	0.26838	0.36799	0.03942	0.08181	0.02813	0.02449	0.01076	0.00813	0.00256	0.00699	0.00874	0.00807	0.01247
20	0.02318	0.01758	0.01904	0.01604	0.02081	0.01956	0.01268	0.25985	0.31960	0.06840	0.04976	0.06010	0.02335	0.04134	0.00953	0.00280	0.00709	0.00919	0.00795	0.01214
21	0.00994	0.00711	0.00949	0.01111	0.01176	0.00665	0.00762	0.01163	0.01595	0.02140	0.09719	0.63097	0.05406	0.02397	0.01009	0.00318	0.00465	0.04920	0.00748	0.00657
22	0.02033	0.01171	0.01479	0.01174	0.01664	0.00974	0.00933	0.02372	0.02038	0.22765	0.23445	0.03609	0.06215	0.01104	0.00780	0.00206	0.00537	0.00934	0.00769	0.25798
23	0.01111	0.00793	0.01086	0.01269	0.01379	0.00769	0.00987	0.01354	0.01661	0.02186	0.04291	0.42548	0.04929	0.02348	0.01051	0.00342	0.00585	0.29894	0.00733	0.00684
24	0.00966	0.00690	0.00920	0.01104	0.01150	0.00644	0.00736	0.01104	0.01518	0.02024	0.04371	0.71614	0.05245	0.02484	0.01012	0.00322	0.00460	0.02254	0.00736	0.00644
25	0.56729	0.01453	0.01304	0.01115	0.01620	0.01586	0.00916	0.02668	0.01580	0.18581	0.01649	0.01698	0.01173	0.00803	0.00566	0.00243	0.00616	0.00530	0.04202	0.00968
26	0.01124	0.00951	0.04247	0.01096	0.01305	0.00789	0.00873	0.01482	0.02071	0.02909	0.49956	0.17497	0.06653	0.01757	0.00947	0.00267	0.00442	0.04067	0.00817	0.00749
27	0.01478	0.00739	0.00739	0.00739	0.00924	0.00739	0.00554	0.01848	0.01663	0.02956	0.02587	0.02956	0.02033	0.00924	0.00554	0.00185	0.00370	0.00739	0.76534	0.00739
28	0.01033	0.00739	0.00971	0.01055	0.01153	0.00688	0.00731	0.01256	0.01782	0.02447	0.28108	0.44122	0.06012	0.04702	0.01093	0.00311	0.00439	0.01901	0.00779	0.00678
29	0.02159	0.69448	0.04068	0.01388	0.02054	0.06160	0.01365	0.02411	0.01640	0.01869	0.01108	0.01279	0.01018	0.00685	0.00518	0.00171	0.00875	0.00428	0.00342	0.01013
30	0.01151	0.00776	0.00902	0.00902	0.00915	0.00789	0.00527	0.01177	0.01164	0.01565	0.02464	0.05000	0.02801	0.66075	0.09980	0.00815	0.00893	0.01125	0.00475	0.00501
31	0.01478	0.00739	0.00739	0.00739	0.00924	0.00739	0.00554	0.01848	0.01663	0.02956	0.02587	0.02956	0.02033	0.00924	0.00554	0.00185	0.00370	0.00739	0.76534	0.00739
32	0.02244	0.01797	0.01915	0.01650	0.02142	0.02043	0.01304	0.16598	0.50697	0.06005	0.02952	0.02732	0.02184	0.01047	0.00804	0.00262	0.00680	0.00855	0.00810	0.01278
33	0.03061	0.01488	0.01850	0.01478	0.02040	0.01448	0.01201	0.09754	0.16105	0.45022	0.05694	0.02812	0.02233	0.01026	0.00805	0.00250	0.00671	0.00837	0.00921	0.01304
34	0.01918	0.02165	0.04349	0.03377	0.09824	0.04723	0.53361	0.02529	0.01853	0.02494	0.01554	0.02077	0.01194	0.00709	0.00984	0.00265	0.04267	0.00887	0.00398	0.01072
35	0.01942	0.01864	0.03182	0.07699	0.64511	0.01879	0.02424	0.02416	0.01796	0.02566	0.01488	0.01969	0.01247	0.00710	0.00785	0.00237	0.00947	0.00706	0.00391	0.01240
36	0.04869	0.64890	0.06437	0.01451	0.02145	0.02998	0.03686	0.02384	0.01613	0.01976	0.01133	0.01319	0.01018	0.00683	0.00533	0.00179	0.00869	0.00449	0.00347	0.01019
37	0.01544	0.01422	0.02055	0.02845	0.31546	0.03766	0.01604	0.01895	0.01812	0.02376	0.03922	0.08073	0.20252	0.01423	0.00891	0.00271	0.00749	0.12031	0.00566	0.00957
38	0.07349	0.01417	0.01828	0.01421	0.02021	0.01297	0.01170	0.06670	0.05298	0.58347	0.02969	0.02600	0.01898	0.00972	0.00782	0.00246	0.00679	0.00779	0.00939	0.01319
39	0.01938	0.01678	0.01830	0.01749	0.05071	0.01924	0.01293	0.04026	0.60615	0.03240	0.03185	0.05213	0.02461	0.01106	0.00813	0.00269	0.00637	0.00933	0.00785	0.01235
40	0.00970	0.00800	0.00852	0.00848	0.01094	0.00682	0.00633	0.01199	0.01872	0.02317	0.18061	0.09713	0.54298	0.01959	0.00940	0.00267	0.00399	0.01654	0.00760	0.00682
41	0.05570	0.07198	0.40205	0.02148	0.03032	0.20818	0.05264	0.02682	0.01827	0.02369	0.01345	0.01589	0.01013	0.00763	0.00727	0.00234	0.01210	0.00566	0.00366	0.01074
42	0.01945	0.01988	0.06243	0.04746	0.64209	0.01882	0.02457	0.02437	0.01799	0.02587	0.01488	0.01949	0.01244	0.00709	0.00784	0.00236	0.00953	0.00701	0.00390	0.01252
43	0.01707	0.01694	0.02375	0.02044	0.02051	0.02362	0.01700	0.01885	0.01217	0.01905	0.01091	0.01799	0.01085	0.01601	0.05701	0.00390	0.67481	0.00701	0.00351	0.00860
44	0.01963	0.01884	0.03219	0.04867	0.67185	0.01884	0.02434	0.02434	0.01806	0.02591	0.01492	0.01963	0.01256	0.00707	0.00785	0.00236	0.00942	0.00707	0.00393	0.01256
45	0.15017	0.01875	0.02040	0.01588	0.02194	0.01999	0.01311	0.38137	0.02953	0.21864	0.02111	0.02023	0.01438	0.00926	0.00746	0.00241	0.00778	0.00692	0.00797	0.01271
46	0.03285	0.01371	0.01810	0.01389	0.01985	0.01201	0.01135	0.06439	0.02243	0.57022	0.02913	0.02685	0.01912	0.03927	0.00917	0.00257	0.00681	0.00783	0.00912	0.07133
47	0.01024	0.00741	0.00968	0.01127	0.01214	0.00697	0.00805	0.01200	0.01580	0.02072	0.04584	0.52516	0.10470	0.05410	0.01151	0.00344	0.00514	0.12205	0.00724	0.00654
48	0.00979	0.00699	0.00935	0.01119	0.01171	0.00655	0.00759	0.01127	0.01531	0.02039	0.04363	0.68991	0.05216	0.02472	0.01016	0.00324	0.00471	0.04748	0.00736	0.00648
49	0.02090	0.68733	0.07768	0.01408	0.02114	0.03064	0.01446	0.02382	0.01615	0.01902	0.01121	0.01295	0.01017	0.00683	0.00523	0.00174	0.00866	0.00433	0.00339	0.01026
50	0.00966	0.00690	0.00920	0.01104	0.01150	0.00644	0.00736	0.01104	0.01518	0.02024	0.04371	0.71614	0.05245	0.02484	0.01012	0.00322	0.00460	0.02254	0.00736	0.00644
51	0.01133	0.00850	0.01274	0.01274	0.01416	0.00991	0.00991	0.01416	0.01274	0.01841	0.02124	0.03115	0.01982	0.05947	0.68989	0.01274	0.02124	0.00850	0.00425	0.00708
52	0.01055	0.00803	0.00984	0.01052	0.01236	0.00733	0.00809	0.01312	0.01835	0.02375	0.18173	0.21817	0.27654	0.02076	0.00988	0.00297	0.00481	0.14864	0.00762	0.00693
53	0.01963	0.01884	0.03219	0.04867	0.67185	0.01884	0.02434	0.02434	0.01806	0.02591	0.01492	0.01963	0.01256	0.00707	0.00785	0.00236	0.00942	0.00707	0.00393	0.01256
54	0.02437	0.01848	0.02003	0.01675	0.02187	0.02060	0.01348	0.31156	0.29812	0.06591	0.02715	0.05164	0.02124	0.01121	0.00822	0.00261	0.00739	0.03882	0.00802	0.01254
55	0.01122	0.00811	0.01060	0.00998	0.01185	0.00748	0.00748	0.01496	0.02245	0.03180	0.66766	0.05923	0.07482	0.01621	0.00935	0.00249	0.00374	0.01434	0.00873	0.00748
56	0.00966	0.00690	0.00920	0.01104	0.01150	0.00644	0.00736	0.01104	0.01518	0.02024	0.04371	0.71614	0.05245	0.02484	0.01012	0.00322	0.00460	0.02254	0.00736	0.00644
57	0.01350	0.00995	0.01331	0.01476	0.01687	0.01023	0.01275	0.01910	0.08471	0.02471	0.04098	0.08323	0.04341	0.02075	0.01065	0.00355	0.00720	0.55512	0.00738	0.00785
58	0.02938	0.02169	0.02322	0.01787	0.02408	0.02393	0.01474	0.62212	0.03658	0.04893	0.02129	0.02114	0.03755	0.00991	0.00799	0.00239	0.00855	0.00749	0.00791	0.01324
59	0.01963	0.01884	0.03219	0.04867	0.67185	0.01884	0.02434	0.02434	0.01806	0.02591	0.01492	0.01963	0.01256	0.00707	0.00785	0.00236	0.00942	0.00707	0.00393	0.01256
60	0.02205	0.01769	0.01887	0.01638	0.02122	0.02013	0.01291	0.13630	0.53254	0.06422	0.03016	0.02782	0.02233	0.01052	0.00804	0.00263	0.00668	0.00864	0.00812	0.01274
61	0.01725	0.01630	0.02754	0.31326	0.38257	0.01770	0.02244	0.02214	0.01741	0.02394	0.05150	0.02249	0.01527	0.00793	0.00797	0.00248	0.00957	0.00747	0.00403	0.01074
62	0.01704	0.01440	0.01664	0.01225	0.01894	0.01156	0.00976	0.04999	0.04919	0.02716	0.01612	0.03822	0.01367	0.00685	0.00621	0.00137	0.00599	0.00556	0.00510	0.67401
63	0.01744	0.01682	0.03178	0.02449	0.02885	0.01760	0.32337	0.02141	0.01642	0.05674	0.02047	0.14721	0.01947	0.01266	0.01416	0.03346	0.17255	0.01102	0.00478	0.00931
64	0.01865	0.02120	0.04574	0.03283	0.04048	0.02025	0.61385	0.02511	0.01841	0.02511	0.01578	0.02120	0.01196	0.00702	0.01014	0.00271	0.04573	0.00925	0.00399	0.01060
65	0.01701	0.01685	0.02364	0.02036	0.02044	0.02348	0.01693	0.01881	0.01218	0.01905	0.01102	0.01813	0.01094	0.01646	0.06358	0.00399	0.66802	0.00703	0.00351	0.00858
66	0.00968	0.00800	0.00850	0.00847	0.01093	0.00681	0.00632	0.01195	0.01867	0.02306	0.17426	0.09945	0.54721	0.01965	0.00940	0.00267	0.00400	0.01658	0.00759	0.00681
67	0.00966	0.00690	0.00920	0.01104	0.01150	0.00644	0.00736	0.01104	0.01518	0.02024	0.04371	0.71614	0.05245	0.02484	0.01012	0.00322	0.00460	0.02254	0.00736	0.00644
68	0.02032	0.40597	0.27627	0.01726	0.02572	0.05634	0.01939	0.02533	0.01696	0.05259	0.01324	0.01497	0.01058	0.00727	0.00623	0.00205	0.00987	0.00506	0.00372	0.01086
69	0.01884	0.01772	0.03017	0.11455	0.57303	0.01809	0.02318	0.02318	0.01742	0.02468	0.01477	0.02002	0.01242	0.00823	0.00907	0.04263	0.00941	0.00705	0.00386	0.01169
70	0.03014	0.02221	0.02380	0.01825	0.02459	0.02459	0.01507	0.64541	0.03728	0.04998	0.01904	0.01904	0.01349	0.00952	0.00793	0.00238	0.00873	0.00714	0.00793	0.01349
