[name]
unknown

[dist]
# distance from previous block
# <min> <max>
0	61

[block]
# block no. 0 follows, 26 sequences, length 14
# corresponding to MSA columns:
# 61-74
name=unknown_A
#
# <colnr> <probs for GDERKNQSTAVLIFYWHMCP>
#	G	D	E	R	K	N	Q	S	T	A	V	L	I	F	Y	W	H	M	C	P
0	0.01156	0.00846	0.01133	0.01280	0.01461	0.00824	0.01094	0.01470	0.01729	0.02219	0.04612	0.11415	0.14644	0.02081	0.01020	0.00332	0.00636	0.50664	0.00700	0.00685
1	0.01521	0.03923	0.69413	0.02162	0.03283	0.01762	0.02802	0.02402	0.01601	0.02402	0.01361	0.01601	0.00961	0.00721	0.00721	0.00240	0.01121	0.00560	0.00320	0.01121
2	0.01815	0.01727	0.02876	0.13898	0.55313	0.01791	0.02223	0.02384	0.05968	0.02447	0.01524	0.01960	0.01247	0.00711	0.00753	0.00231	0.00897	0.00687	0.00396	0.01151
3	0.03232	0.01253	0.01705	0.01320	0.01877	0.01085	0.01085	0.03530	0.02169	0.64267	0.07797	0.02809	0.02267	0.00984	0.00772	0.00235	0.00624	0.00808	0.00931	0.01248
4	0.01573	0.01348	0.01573	0.01123	0.01798	0.01011	0.00899	0.01910	0.01573	0.02472	0.01348	0.01573	0.01123	0.00562	0.00562	0.00112	0.00562	0.00449	0.00449	0.77980
5	0.01134	0.00731	0.00981	0.01104	0.01205	0.00681	0.00783	0.01310	0.01567	0.06719	0.07441	0.58264	0.04847	0.02206	0.00958	0.00303	0.00475	0.07889	0.00727	0.00676
6	0.01724	0.01506	0.01951	0.01426	0.02058	0.01307	0.06853	0.08093	0.01756	0.02647	0.01387	0.01645	0.01134	0.00652	0.00736	0.00151	0.05307	0.00526	0.00465	0.58678
7	0.18205	0.01991	0.01962	0.06078	0.02297	0.07515	0.01324	0.39326	0.04923	0.03962	0.04139	0.01857	0.01408	0.00876	0.00699	0.00230	0.00812	0.00643	0.00646	0.01108
8	0.01652	0.09928	0.56661	0.02129	0.03164	0.01860	0.07012	0.02438	0.01629	0.04701	0.01403	0.01633	0.01008	0.00716	0.00713	0.00234	0.01088	0.00577	0.00347	0.01107
9	0.01870	0.01534	0.01964	0.01818	0.08398	0.01542	0.05412	0.08961	0.23474	0.05890	0.02560	0.03016	0.04422	0.00984	0.00759	0.00226	0.00690	0.06892	0.00630	0.18959
10	0.01732	0.02095	0.13821	0.02335	0.03044	0.01660	0.32146	0.09002	0.01880	0.02625	0.01822	0.10199	0.01585	0.00875	0.00815	0.00236	0.01007	0.00905	0.00460	0.11755
11	0.01811	0.01322	0.01550	0.01283	0.01748	0.01262	0.01005	0.05006	0.18515	0.10863	0.07677	0.11013	0.02477	0.01060	0.00774	0.00208	0.02423	0.00887	0.00662	0.28453
12	0.01832	0.05623	0.38028	0.02000	0.02820	0.06668	0.08655	0.02472	0.01762	0.10020	0.04746	0.02573	0.01687	0.00907	0.00771	0.00245	0.01015	0.06667	0.00462	0.01049
13	0.05123	0.01550	0.02148	0.09467	0.28520	0.03375	0.01608	0.08236	0.06118	0.02685	0.07297	0.05549	0.09684	0.01004	0.00767	0.00233	0.00751	0.00878	0.00527	0.04480

[dist]
# distance from previous block
# <min> <max>
10	27

[block]
# block no. 1 follows, 26 sequences, length 22
# corresponding to MSA columns:
# 102-123
name=unknown_B
#
# <colnr> <probs for GDERKNQSTAVLIFYWHMCP>
#	G	D	E	R	K	N	Q	S	T	A	V	L	I	F	Y	W	H	M	C	P
0	0.34882	0.07121	0.01665	0.03231	0.08522	0.01561	0.01085	0.02236	0.04488	0.07232	0.06249	0.06613	0.01838	0.00916	0.00624	0.00226	0.00627	0.02266	0.00534	0.08083
1	0.21940	0.01570	0.03467	0.01343	0.01831	0.01612	0.01119	0.20226	0.07246	0.15178	0.09111	0.04602	0.03926	0.01033	0.00717	0.00241	0.00651	0.02434	0.00709	0.01047
2	0.20511	0.03405	0.01599	0.01296	0.01734	0.01583	0.01039	0.13778	0.09816	0.06729	0.06281	0.10495	0.02107	0.01056	0.00773	0.00230	0.04103	0.00820	0.00621	0.12023
3	0.01734	0.01471	0.01771	0.01328	0.01951	0.01280	0.03901	0.08734	0.09496	0.02773	0.01695	0.03923	0.01400	0.00711	0.00634	0.00154	0.00623	0.00593	0.00524	0.55307
4	0.51404	0.01431	0.03757	0.01137	0.01604	0.01470	0.00979	0.02368	0.01539	0.14047	0.05241	0.02453	0.01699	0.00931	0.00609	0.00247	0.00616	0.06992	0.00584	0.00892
5	0.10653	0.02110	0.02153	0.01676	0.02261	0.04686	0.01379	0.57309	0.03283	0.04536	0.01720	0.01745	0.01231	0.00885	0.00726	0.00227	0.00828	0.00648	0.00716	0.01227
6	0.01057	0.00762	0.00999	0.00966	0.01129	0.00704	0.00714	0.01389	0.02068	0.02916	0.60950	0.13285	0.06914	0.01644	0.00903	0.00246	0.00367	0.01461	0.00820	0.00704
7	0.01197	0.00865	0.01188	0.01349	0.01530	0.00855	0.01173	0.01535	0.01745	0.02253	0.04296	0.08460	0.09252	0.02082	0.01036	0.00342	0.00674	0.58774	0.00699	0.00694
8	0.01785	0.01708	0.02912	0.18512	0.55476	0.01778	0.02282	0.02247	0.01684	0.02366	0.01410	0.01907	0.01162	0.00693	0.00752	0.00231	0.00924	0.00675	0.00367	0.01127
9	0.00921	0.00671	0.00869	0.01027	0.01092	0.00619	0.00691	0.01059	0.01480	0.01948	0.04538	0.66169	0.11465	0.02330	0.00961	0.00303	0.00434	0.02100	0.00704	0.00619
10	0.01414	0.00707	0.00707	0.00707	0.00884	0.00707	0.00530	0.01767	0.01591	0.02828	0.02474	0.02828	0.01944	0.00884	0.00530	0.00177	0.00353	0.00707	0.77554	0.00707
11	0.00946	0.00669	0.00874	0.01028	0.01067	0.00630	0.00675	0.01062	0.01410	0.01880	0.03964	0.64646	0.04744	0.10951	0.01318	0.00360	0.00476	0.02029	0.00675	0.00597
12	0.78701	0.01467	0.01115	0.00997	0.01467	0.01702	0.00821	0.02230	0.01291	0.03403	0.01056	0.01232	0.00821	0.00704	0.00469	0.00235	0.00587	0.00411	0.00469	0.00821
13	0.70983	0.01449	0.01181	0.01034	0.01515	0.01641	0.00852	0.02380	0.01381	0.10141	0.01255	0.01371	0.00930	0.00728	0.00499	0.00235	0.00593	0.00447	0.00518	0.00870
14	0.01877	0.01802	0.03079	0.04656	0.68612	0.01802	0.02328	0.02328	0.01727	0.02478	0.01427	0.01877	0.01201	0.00676	0.00751	0.00225	0.00901	0.00676	0.00375	0.01201
15	0.02734	0.02148	0.02186	0.01729	0.02296	0.06661	0.01408	0.52922	0.12812	0.04356	0.01965	0.01940	0.01420	0.00920	0.00756	0.00230	0.00835	0.00696	0.00737	0.01250
16	0.01877	0.01802	0.03079	0.04656	0.68612	0.01802	0.02328	0.02328	0.01727	0.02478	0.01427	0.01877	0.01201	0.00676	0.00751	0.00225	0.00901	0.00676	0.00375	0.01201
17	0.01543	0.06977	0.66554	0.02124	0.03225	0.01816	0.02737	0.02396	0.01599	0.02375	0.01348	0.01585	0.00961	0.00718	0.00710	0.00237	0.01107	0.00554	0.00320	0.01115
18	0.02670	0.03077	0.02087	0.01855	0.02279	0.49725	0.01415	0.10940	0.13971	0.02451	0.01595	0.01685	0.01255	0.00842	0.00709	0.00210	0.01165	0.00578	0.00504	0.00987
19	0.01239	0.00809	0.01060	0.01005	0.01205	0.00741	0.00761	0.01567	0.02061	0.07938	0.53378	0.11314	0.08382	0.01607	0.00897	0.00249	0.00401	0.03815	0.00822	0.00748
20	0.01548	0.07619	0.65952	0.02116	0.03212	0.01827	0.02723	0.02395	0.01598	0.02369	0.01345	0.01581	0.00962	0.00717	0.00708	0.00236	0.01105	0.00552	0.00321	0.01113
21	0.45724	0.01805	0.01527	0.01276	0.01788	0.08785	0.01036	0.15511	0.01912	0.06677	0.01343	0.01460	0.01009	0.00755	0.00572	0.00220	0.00719	0.00495	0.00542	0.06845

[dist]
# distance from previous block
# <min> <max>
0	2

[block]
# block no. 2 follows, 26 sequences, length 32
# corresponding to MSA columns:
# 126-157
name=unknown_C
#
# <colnr> <probs for GDERKNQSTAVLIFYWHMCP>
#	G	D	E	R	K	N	Q	S	T	A	V	L	I	F	Y	W	H	M	C	P
0	0.09708	0.01601	0.04880	0.28926	0.08543	0.01668	0.12143	0.07884	0.01750	0.04553	0.01666	0.05107	0.01383	0.00929	0.00846	0.02973	0.00931	0.03135	0.00446	0.00929
1	0.01573	0.01442	0.02356	0.62874	0.04925	0.01753	0.04377	0.07610	0.01707	0.02206	0.01397	0.02005	0.01041	0.00767	0.00763	0.00251	0.01005	0.00683	0.00376	0.00889
2	0.01080	0.00784	0.01023	0.00986	0.01168	0.00727	0.00755	0.01431	0.02096	0.02937	0.60303	0.05981	0.09183	0.01612	0.00908	0.00249	0.00389	0.06857	0.00818	0.00711
3	0.02028	0.73799	0.03975	0.01298	0.01947	0.03001	0.01298	0.02271	0.01541	0.01785	0.01055	0.01217	0.00973	0.00649	0.00487	0.00162	0.00811	0.00406	0.00324	0.00973
4	0.01144	0.00932	0.01411	0.11172	0.05475	0.00940	0.03963	0.01423	0.01602	0.02110	0.06759	0.35362	0.09522	0.01854	0.00929	0.00294	0.00621	0.13142	0.00626	0.00719
5	0.01877	0.01802	0.03079	0.04656	0.68612	0.01802	0.02328	0.02328	0.01727	0.02478	0.01427	0.01877	0.01201	0.00676	0.00751	0.00225	0.00901	0.00676	0.00375	0.01201
6	0.00922	0.00670	0.00870	0.01030	0.01093	0.00618	0.00693	0.01059	0.01477	0.01947	0.04498	0.66902	0.10758	0.02335	0.00962	0.00303	0.00435	0.02106	0.00704	0.00618
7	0.01684	0.02217	0.14049	0.02836	0.03604	0.01785	0.50347	0.02335	0.01794	0.02481	0.07557	0.02307	0.01667	0.00734	0.00869	0.00252	0.01171	0.00887	0.00415	0.01010
8	0.01521	0.03923	0.69413	0.02162	0.03283	0.01762	0.02802	0.02402	0.01601	0.02402	0.01361	0.01601	0.00961	0.00721	0.00721	0.00240	0.01121	0.00560	0.00320	0.01121
9	0.01161	0.00901	0.01098	0.01178	0.01405	0.00876	0.00982	0.01610	0.07513	0.02268	0.05289	0.07587	0.27794	0.01937	0.00968	0.00307	0.00574	0.35126	0.00707	0.00721
10	0.01917	0.58445	0.18354	0.01488	0.02240	0.02729	0.01628	0.02300	0.01554	0.01920	0.01122	0.01301	0.00971	0.00665	0.00538	0.00179	0.00879	0.00440	0.00324	0.01006
11	0.01979	0.01790	0.01692	0.01522	0.01938	0.10180	0.01178	0.03650	0.51313	0.05429	0.03229	0.03011	0.07607	0.01069	0.00771	0.00249	0.00679	0.00870	0.00726	0.01118
12	0.01659	0.01659	0.02323	0.01991	0.01991	0.02323	0.01659	0.01825	0.01162	0.01825	0.00996	0.01659	0.00996	0.01328	0.02489	0.00332	0.71955	0.00664	0.00332	0.00830
13	0.01194	0.00864	0.01182	0.01341	0.01523	0.00853	0.01165	0.01529	0.01745	0.02250	0.04339	0.08445	0.10001	0.02080	0.01034	0.00341	0.00671	0.58050	0.00699	0.00693
14	0.05035	0.12894	0.02424	0.02007	0.08067	0.43470	0.01465	0.05696	0.02066	0.08182	0.01369	0.01518	0.01087	0.00771	0.00666	0.00200	0.01136	0.00525	0.00449	0.00975
15	0.01529	0.01452	0.02133	0.08240	0.04709	0.01897	0.03780	0.01764	0.01290	0.01934	0.01524	0.09238	0.01526	0.01587	0.06178	0.00364	0.45396	0.00839	0.03806	0.00815
16	0.00924	0.00660	0.00880	0.01056	0.01100	0.00616	0.00704	0.01056	0.01452	0.01936	0.04181	0.72848	0.05017	0.02376	0.00968	0.00308	0.00440	0.02156	0.00704	0.00616
17	0.01466	0.01363	0.02280	0.55210	0.14246	0.01615	0.02013	0.01950	0.01605	0.02118	0.07425	0.02331	0.01597	0.00818	0.00770	0.00247	0.00936	0.00738	0.00388	0.00884
18	0.05489	0.01338	0.01273	0.01108	0.01436	0.05591	0.00871	0.18988	0.04852	0.03325	0.02180	0.02396	0.01674	0.00882	0.00608	0.00197	0.00565	0.00679	0.45649	0.00898
19	0.00943	0.00673	0.00902	0.01077	0.01130	0.00632	0.00737	0.01088	0.01471	0.01957	0.04170	0.68826	0.04976	0.02359	0.00973	0.00311	0.00456	0.05995	0.00704	0.00621
20	0.01414	0.00707	0.00707	0.00707	0.00884	0.00707	0.00530	0.01767	0.01591	0.02828	0.02474	0.02828	0.01944	0.00884	0.00530	0.00177	0.00353	0.00707	0.77554	0.00707
21	0.01432	0.01348	0.02275	0.71520	0.05224	0.01685	0.02107	0.01938	0.01517	0.01938	0.01348	0.02022	0.01011	0.00758	0.00758	0.00253	0.01011	0.00674	0.00337	0.00843
22	0.00927	0.00681	0.00870	0.01009	0.01091	0.00624	0.00686	0.01078	0.01525	0.02004	0.07656	0.60174	0.14350	0.02272	0.00954	0.00297	0.00428	0.02039	0.00710	0.00624
23	0.01414	0.00707	0.00707	0.00707	0.00884	0.00707	0.00530	0.01767	0.01591	0.02828	0.02474	0.02828	0.01944	0.00884	0.00530	0.00177	0.00353	0.00707	0.77554	0.00707
24	0.78701	0.01467	0.01115	0.00997	0.01467	0.01702	0.00821	0.02230	0.01291	0.03403	0.01056	0.01232	0.00821	0.00704	0.00469	0.00235	0.00587	0.00411	0.00469	0.00821
25	0.12134	0.01252	0.04324	0.01234	0.01572	0.01211	0.01042	0.04663	0.14381	0.02712	0.09229	0.07989	0.17120	0.01515	0.00839	0.00275	0.00583	0.16403	0.00678	0.00841
26	0.04549	0.01199	0.01482	0.01282	0.01680	0.01163	0.01023	0.08107	0.08932	0.29126	0.11344	0.12389	0.06572	0.01341	0.00827	0.00257	0.00585	0.06296	0.00817	0.01029
27	0.00921	0.00671	0.00869	0.01026	0.01092	0.00619	0.00691	0.01060	0.01481	0.01948	0.04544	0.66044	0.11586	0.02329	0.00961	0.00303	0.00434	0.02099	0.00704	0.00619
28	0.01615	0.01445	0.02442	0.46807	0.12516	0.01701	0.05980	0.02050	0.01538	0.05064	0.01413	0.02011	0.01094	0.00874	0.01004	0.03416	0.07069	0.00691	0.00371	0.00897
29	0.01819	0.01742	0.02973	0.13489	0.60238	0.01787	0.02299	0.02276	0.01699	0.02407	0.01416	0.01896	0.01176	0.00687	0.00752	0.00229	0.00916	0.00676	0.00370	0.01154
30	0.08774	0.00985	0.01226	0.01064	0.01389	0.00916	0.00834	0.02137	0.02059	0.21923	0.41019	0.04449	0.07561	0.01314	0.00818	0.00238	0.00462	0.01120	0.00826	0.00887
31	0.01997	0.01908	0.03038	0.04233	0.57392	0.04371	0.05113	0.07978	0.01908	0.02656	0.01457	0.01861	0.01199	0.00699	0.00756	0.00226	0.00930	0.00680	0.00410	0.01189

[dist]
# distance from previous block
# <min> <max>
0	1

[block]
# block no. 3 follows, 26 sequences, length 92
# corresponding to MSA columns:
# 159-250
name=unknown_D
#
# <colnr> <probs for GDERKNQSTAVLIFYWHMCP>
#	G	D	E	R	K	N	Q	S	T	A	V	L	I	F	Y	W	H	M	C	P
0	0.74529	0.01585	0.01172	0.01050	0.01515	0.05474	0.00857	0.02274	0.01338	0.03318	0.01063	0.01240	0.00830	0.00708	0.00481	0.00233	0.00630	0.00415	0.00465	0.00825
1	0.01594	0.01277	0.01512	0.01127	0.01734	0.00977	0.00889	0.01908	0.01589	0.05536	0.01708	0.08740	0.01548	0.00761	0.00612	0.00138	0.00553	0.00635	0.00498	0.66665
2	0.01389	0.02076	0.26354	0.01605	0.05008	0.01260	0.01596	0.06456	0.01994	0.02820	0.30609	0.03865	0.09480	0.01192	0.00815	0.00239	0.00700	0.01012	0.00608	0.00921
3	0.01695	0.01722	0.02314	0.05291	0.02159	0.04977	0.01673	0.01878	0.01217	0.01832	0.01019	0.01665	0.00996	0.01279	0.02336	0.00323	0.65799	0.00657	0.00334	0.00832
4	0.01792	0.25968	0.43073	0.01871	0.02782	0.07931	0.02215	0.02414	0.01629	0.02161	0.01248	0.01460	0.00966	0.00703	0.00644	0.00212	0.01044	0.00505	0.00328	0.01054
5	0.01188	0.00801	0.01051	0.00974	0.01173	0.00735	0.00735	0.01543	0.02148	0.06302	0.64994	0.05514	0.06896	0.01520	0.00888	0.00238	0.00372	0.01342	0.00840	0.00744
6	0.01728	0.01863	0.03457	0.02626	0.03030	0.02110	0.35466	0.02144	0.01493	0.02144	0.01279	0.01863	0.01077	0.00965	0.01650	0.00292	0.34737	0.00786	0.00359	0.00932
7	0.63490	0.04224	0.01371	0.01100	0.01597	0.01759	0.00915	0.07735	0.01562	0.08639	0.01273	0.01388	0.00950	0.00738	0.00518	0.00231	0.00621	0.00461	0.00525	0.00904
8	0.02067	0.29283	0.05803	0.01557	0.04966	0.14833	0.01302	0.02356	0.01768	0.07892	0.06964	0.06845	0.01863	0.00889	0.00645	0.00193	0.00832	0.00678	0.00473	0.08791
9	0.00924	0.00660	0.00880	0.01056	0.01100	0.00616	0.00704	0.01056	0.01452	0.01936	0.04181	0.72848	0.05017	0.02376	0.00968	0.00308	0.00440	0.02156	0.00704	0.00616
10	0.01968	0.65598	0.11655	0.01399	0.02104	0.02856	0.01474	0.02287	0.01548	0.01857	0.01091	0.01262	0.00972	0.00657	0.00514	0.00171	0.00848	0.00424	0.00324	0.00991
11	0.04384	0.11750	0.43177	0.01989	0.02887	0.10121	0.04798	0.05368	0.01768	0.05040	0.01385	0.01583	0.01018	0.00733	0.00691	0.00225	0.01072	0.00556	0.00381	0.01075
12	0.09225	0.04844	0.01819	0.04517	0.02002	0.01620	0.01162	0.20200	0.08942	0.19731	0.15196	0.02796	0.02625	0.01018	0.00749	0.00233	0.00655	0.00818	0.00754	0.01091
13	0.05803	0.05299	0.02287	0.01688	0.02286	0.02339	0.01402	0.58486	0.05653	0.04534	0.01802	0.01807	0.01294	0.00895	0.00736	0.00226	0.00815	0.00666	0.00728	0.01254
14	0.05518	0.01768	0.02827	0.24169	0.44798	0.01849	0.02227	0.02319	0.01753	0.02522	0.01576	0.02149	0.01308	0.00833	0.00819	0.00269	0.00974	0.00722	0.00436	0.01164
15	0.18485	0.05186	0.01248	0.01024	0.01335	0.04471	0.00806	0.07338	0.03941	0.02851	0.02300	0.05987	0.04887	0.03752	0.03816	0.00273	0.00620	0.00751	0.30127	0.00803
16	0.02831	0.01355	0.01704	0.01347	0.01861	0.01283	0.01097	0.14241	0.04636	0.43564	0.12167	0.03080	0.05193	0.01062	0.00786	0.00236	0.00626	0.00871	0.00877	0.01181
17	0.00924	0.00660	0.00880	0.01056	0.01100	0.00616	0.00704	0.01056	0.01452	0.01936	0.04181	0.72848	0.05017	0.02376	0.00968	0.00308	0.00440	0.02156	0.00704	0.00616
18	0.01432	0.01348	0.02275	0.71520	0.05224	0.01685	0.02107	0.01938	0.01517	0.01938	0.01348	0.02022	0.01011	0.00758	0.00758	0.00253	0.01011	0.00674	0.00337	0.00843
19	0.01670	0.01590	0.02703	0.35884	0.39007	0.01748	0.02224	0.02146	0.01629	0.02226	0.01390	0.01945	0.01113	0.00714	0.00754	0.00238	0.00952	0.00675	0.00358	0.01034
20	0.01222	0.00873	0.01222	0.01397	0.01572	0.00873	0.01222	0.01572	0.01746	0.02270	0.04016	0.08556	0.04365	0.02095	0.01048	0.00349	0.00698	0.63506	0.00698	0.00698
21	0.78701	0.01467	0.01115	0.00997	0.01467	0.01702	0.00821	0.02230	0.01291	0.03403	0.01056	0.01232	0.00821	0.00704	0.00469	0.00235	0.00587	0.00411	0.00469	0.00821
22	0.01414	0.00707	0.00707	0.00707	0.00884	0.00707	0.00530	0.01767	0.01591	0.02828	0.02474	0.02828	0.01944	0.00884	0.00530	0.00177	0.00353	0.00707	0.77554	0.00707
23	0.01849	0.01765	0.02963	0.08874	0.61376	0.01799	0.02261	0.02382	0.04761	0.02475	0.01499	0.01931	0.01241	0.00698	0.00752	0.00229	0.00894	0.00684	0.00391	0.01178
24	0.02033	0.00999	0.01251	0.01092	0.01346	0.00938	0.00779	0.04996	0.01657	0.27264	0.02795	0.11614	0.02615	0.34666	0.02222	0.00475	0.00672	0.01075	0.00682	0.00829
25	0.01942	0.01627	0.02063	0.05844	0.10877	0.01781	0.04567	0.10169	0.36343	0.05216	0.04796	0.05200	0.02152	0.00989	0.00779	0.00246	0.00707	0.00859	0.00672	0.03172
26	0.16348	0.01838	0.02050	0.04857	0.05370	0.02055	0.03638	0.32011	0.17607	0.03840	0.01924	0.01966	0.01420	0.00873	0.00713	0.00238	0.00762	0.00680	0.00659	0.01150
27	0.01318	0.00659	0.00988	0.00988	0.00988	0.00659	0.00659	0.00988	0.00988	0.01318	0.01318	0.02306	0.01318	0.02635	0.02964	0.77931	0.00659	0.00659	0.00329	0.00329
28	0.01667	0.01404	0.01624	0.01168	0.01837	0.01108	0.00938	0.06530	0.01716	0.02638	0.01382	0.01591	0.01135	0.00587	0.00576	0.00121	0.00581	0.00466	0.00472	0.72459
29	0.04128	0.17655	0.51248	0.01999	0.02989	0.02013	0.05298	0.02372	0.01588	0.02313	0.01298	0.01533	0.00967	0.00702	0.00674	0.00225	0.01049	0.00540	0.00329	0.01078
30	0.01060	0.00775	0.00995	0.00940	0.01125	0.00710	0.00705	0.01406	0.02116	0.02967	0.63657	0.05789	0.11758	0.01579	0.00895	0.00240	0.00360	0.01389	0.00825	0.00710
31	0.00909	0.00754	0.00795	0.00817	0.01040	0.00641	0.00600	0.01100	0.01710	0.02080	0.10033	0.16238	0.56741	0.01966	0.00906	0.00262	0.00391	0.01666	0.00710	0.00641
32	0.01012	0.00780	0.01053	0.01168	0.01207	0.00821	0.00819	0.01148	0.01417	0.01923	0.03799	0.64321	0.04535	0.02251	0.01150	0.00311	0.09006	0.01978	0.00660	0.00642
33	0.01923	0.01817	0.03042	0.04524	0.65607	0.01827	0.02288	0.05219	0.01811	0.02582	0.01445	0.01875	0.01205	0.00686	0.00751	0.00225	0.00898	0.00676	0.00393	0.01205
34	0.01074	0.00775	0.01014	0.00954	0.01133	0.00716	0.00716	0.01431	0.02147	0.03042	0.68211	0.05666	0.07157	0.01551	0.00895	0.00239	0.00358	0.01372	0.00835	0.00716
35	0.01103	0.00735	0.00827	0.00827	0.00827	0.00735	0.00460	0.01103	0.01103	0.01471	0.02390	0.04964	0.02758	0.73343	0.03861	0.00735	0.00735	0.01103	0.00460	0.00460
36	0.01877	0.01802	0.03079	0.04656	0.68612	0.01802	0.02328	0.02328	0.01727	0.02478	0.01427	0.01877	0.01201	0.00676	0.00751	0.00225	0.00901	0.00676	0.00375	0.01201
37	0.01074	0.00775	0.01014	0.00954	0.01133	0.00716	0.00716	0.01431	0.02147	0.03042	0.68211	0.05666	0.07157	0.01551	0.00895	0.00239	0.00358	0.01372	0.00835	0.00716
38	0.02042	0.68901	0.06026	0.01350	0.02005	0.05487	0.01353	0.02304	0.01566	0.01807	0.01069	0.01235	0.00973	0.00656	0.00502	0.00166	0.00842	0.00414	0.00327	0.00975
39	0.01074	0.00775	0.01014	0.00954	0.01133	0.00716	0.00716	0.01431	0.02147	0.03042	0.68211	0.05666	0.07157	0.01551	0.00895	0.00239	0.00358	0.01372	0.00835	0.00716
40	0.02158	0.01634	0.01802	0.04011	0.02124	0.01840	0.01249	0.10701	0.50296	0.11075	0.02876	0.02662	0.02106	0.00996	0.00769	0.00251	0.00646	0.00821	0.00775	0.01208
41	0.29085	0.02552	0.30154	0.01613	0.02366	0.01756	0.01752	0.06100	0.09408	0.06271	0.01563	0.01677	0.01135	0.00773	0.00642	0.00239	0.00831	0.00559	0.00481	0.01042
42	0.02028	0.73799	0.03975	0.01298	0.01947	0.03001	0.01298	0.02271	0.01541	0.01785	0.01055	0.01217	0.00973	0.00649	0.00487	0.00162	0.00811	0.00406	0.00324	0.00973
43	0.01719	0.01145	0.01397	0.01357	0.01663	0.01181	0.01101	0.05002	0.18737	0.12318	0.03805	0.13961	0.07705	0.01628	0.00903	0.00292	0.00617	0.23788	0.00756	0.00924
44	0.01521	0.03923	0.69413	0.02162	0.03283	0.01762	0.02802	0.02402	0.01601	0.02402	0.01361	0.01601	0.00961	0.00721	0.00721	0.00240	0.01121	0.00560	0.00320	0.01121
45	0.02492	0.01822	0.01979	0.01608	0.02132	0.02016	0.01298	0.35587	0.26846	0.09512	0.04870	0.02400	0.01936	0.00981	0.00769	0.00240	0.00715	0.00780	0.00782	0.01236
46	0.01053	0.00807	0.00969	0.00922	0.01134	0.00740	0.00693	0.01432	0.04593	0.02752	0.47638	0.06040	0.25152	0.01640	0.00890	0.00245	0.00375	0.01420	0.00794	0.00712
47	0.01664	0.01673	0.02399	0.02034	0.02061	0.02309	0.03924	0.01847	0.01184	0.01847	0.01015	0.01673	0.01001	0.01303	0.02433	0.00329	0.69461	0.00672	0.00334	0.00837
48	0.01573	0.01348	0.01573	0.01123	0.01798	0.01011	0.00899	0.01910	0.01573	0.02472	0.01348	0.01573	0.01123	0.00562	0.00562	0.00112	0.00562	0.00449	0.00449	0.77980
49	0.01501	0.01184	0.01494	0.01324	0.01656	0.01139	0.04116	0.12931	0.05485	0.02642	0.02982	0.38079	0.03206	0.01579	0.00832	0.00248	0.00585	0.01406	0.00648	0.16963
50	0.02013	0.01492	0.01667	0.03680	0.01865	0.01630	0.01117	0.31705	0.08571	0.03283	0.02411	0.08369	0.02262	0.19846	0.01599	0.00378	0.00754	0.05740	0.00660	0.00958
51	0.01103	0.00735	0.00827	0.00827	0.00827	0.00735	0.00460	0.01103	0.01103	0.01471	0.02390	0.04964	0.02758	0.73343	0.03861	0.00735	0.00735	0.01103	0.00460	0.00460
52	0.01414	0.00707	0.00707	0.00707	0.00884	0.00707	0.00530	0.01767	0.01591	0.02828	0.02474	0.02828	0.01944	0.00884	0.00530	0.00177	0.00353	0.00707	0.77554	0.00707
53	0.01660	0.01675	0.02473	0.04688	0.02252	0.02271	0.06190	0.01872	0.01219	0.01872	0.01047	0.01700	0.01007	0.01258	0.02312	0.00324	0.64320	0.00680	0.00336	0.00844
54	0.01449	0.01371	0.02279	0.66344	0.04983	0.01733	0.02073	0.01930	0.01490	0.01930	0.01322	0.01995	0.01010	0.00801	0.00887	0.00259	0.06293	0.00673	0.00337	0.00842
55	0.01414	0.00707	0.00707	0.00707	0.00884	0.00707	0.00530	0.01767	0.01591	0.02828	0.02474	0.02828	0.01944	0.00884	0.00530	0.00177	0.00353	0.00707	0.77554	0.00707
56	0.01322	0.00661	0.00975	0.00975	0.00983	0.00661	0.00653	0.01023	0.01015	0.01386	0.01370	0.02329	0.01346	0.02556	0.02854	0.74406	0.00645	0.00661	0.03831	0.00347
57	0.01513	0.01230	0.01670	0.01988	0.14015	0.01287	0.01359	0.04290	0.16179	0.02622	0.07918	0.09829	0.03476	0.01540	0.00907	0.00292	0.00677	0.27626	0.00667	0.00917
58	0.02061	0.01071	0.01370	0.01179	0.01541	0.01002	0.00923	0.02587	0.09944	0.28668	0.28197	0.08909	0.06663	0.01322	0.00834	0.00245	0.00506	0.01136	0.00854	0.00988
59	0.03230	0.01252	0.01705	0.01320	0.01876	0.01085	0.01085	0.03528	0.02169	0.64215	0.07849	0.02811	0.02271	0.00984	0.00773	0.00235	0.00624	0.00808	0.00931	0.01248
60	0.01079	0.00856	0.01061	0.01201	0.03971	0.00789	0.00931	0.01351	0.01736	0.02164	0.05818	0.07636	0.37461	0.01948	0.00957	0.00296	0.00543	0.28825	0.00689	0.00688
61	0.01432	0.01348	0.02275	0.71520	0.05224	0.01685	0.02107	0.01938	0.01517	0.01938	0.01348	0.02022	0.01011	0.00758	0.00758	0.00253	0.01011	0.00674	0.00337	0.00843
62	0.78701	0.01467	0.01115	0.00997	0.01467	0.01702	0.00821	0.02230	0.01291	0.03403	0.01056	0.01232	0.00821	0.00704	0.00469	0.00235	0.00587	0.00411	0.00469	0.00821
63	0.78701	0.01467	0.01115	0.00997	0.01467	0.01702	0.00821	0.02230	0.01291	0.03403	0.01056	0.01232	0.00821	0.00704	0.00469	0.00235	0.00587	0.00411	0.00469	0.00821
64	0.78701	0.01467	0.01115	0.00997	0.01467	0.01702	0.00821	0.02230	0.01291	0.03403	0.01056	0.01232	0.00821	0.00704	0.00469	0.00235	0.00587	0.00411	0.00469	0.00821
65	0.01080	0.00756	0.00915	0.00886	0.00984	0.00722	0.00588	0.01261	0.01635	0.02255	0.34419	0.05407	0.07802	0.35485	0.02296	0.00474	0.00537	0.01255	0.00652	0.00591
66	0.01414	0.00707	0.00707	0.00707	0.00884	0.00707	0.00530	0.01767	0.01591	0.02828	0.02474	0.02828	0.01944	0.00884	0.00530	0.00177	0.00353	0.00707	0.77554	0.00707
67	0.02658	0.02088	0.02027	0.01615	0.02132	0.10081	0.01308	0.49084	0.03105	0.04146	0.01842	0.01918	0.01351	0.00891	0.00716	0.00216	0.00825	0.00664	0.12176	0.01155
68	0.01088	0.00729	0.00832	0.00847	0.00851	0.00725	0.00480	0.01099	0.01133	0.01510	0.02543	0.10757	0.02950	0.67287	0.03614	0.00699	0.00710	0.01193	0.00480	0.00473
69	0.02441	0.01882	0.02015	0.01635	0.02157	0.02106	0.01320	0.40889	0.26076	0.04125	0.05545	0.02368	0.01943	0.00984	0.00770	0.00239	0.00728	0.00779	0.00767	0.01230
70	0.08866	0.01698	0.05271	0.49571	0.06611	0.07799	0.01909	0.02097	0.01566	0.02136	0.01308	0.01842	0.01000	0.00741	0.00713	0.00237	0.00982	0.00616	0.00360	0.04675
71	0.01800	0.01541	0.01641	0.01494	0.01898	0.01765	0.01166	0.03745	0.60173	0.03092	0.05285	0.03319	0.04694	0.01122	0.00792	0.00261	0.00590	0.03711	0.00768	0.01145
72	0.01597	0.01548	0.02655	0.36277	0.24957	0.01740	0.07499	0.02058	0.01592	0.02149	0.01649	0.02189	0.04104	0.00814	0.00896	0.00250	0.05959	0.00734	0.00369	0.00963
73	0.01039	0.00769	0.00970	0.00930	0.01115	0.00699	0.00694	0.01360	0.02049	0.02835	0.55795	0.09109	0.16527	0.01647	0.00898	0.00245	0.00366	0.01444	0.00809	0.00699
74	0.01718	0.01388	0.01642	0.03911	0.01966	0.01134	0.00990	0.04504	0.04745	0.05735	0.01525	0.01706	0.01217	0.00622	0.00596	0.00135	0.00595	0.00501	0.00495	0.64875
75	0.01614	0.10460	0.42671	0.05249	0.03012	0.01761	0.08774	0.02298	0.01674	0.04936	0.06023	0.02182	0.04420	0.00822	0.00737	0.00235	0.00999	0.00691	0.00402	0.01041
76	0.01318	0.00659	0.00988	0.00988	0.00988	0.00659	0.00659	0.00988	0.00988	0.01318	0.01318	0.02306	0.01318	0.02635	0.02964	0.77931	0.00659	0.00659	0.00329	0.00329
77	0.01819	0.01861	0.05988	0.10128	0.53993	0.01800	0.05247	0.02383	0.04817	0.02459	0.01501	0.01931	0.01225	0.00700	0.00758	0.00231	0.00924	0.00689	0.00389	0.01158
78	0.01573	0.01348	0.01573	0.01123	0.01798	0.01011	0.00899	0.01910	0.01573	0.02472	0.01348	0.01573	0.01123	0.00562	0.00562	0.00112	0.00562	0.00449	0.00449	0.77980
79	0.01659	0.01659	0.02323	0.01991	0.01991	0.02323	0.01659	0.01825	0.01162	0.01825	0.00996	0.01659	0.00996	0.01328	0.02489	0.00332	0.71955	0.00664	0.00332	0.00830
80	0.02492	0.01966	0.02017	0.01641	0.02161	0.05152	0.01323	0.40324	0.23892	0.04042	0.02230	0.02172	0.01636	0.00942	0.00749	0.00233	0.00761	0.00732	0.04319	0.01216
81	0.02932	0.01945	0.02114	0.01646	0.02229	0.04229	0.01350	0.45269	0.07675	0.19441	0.02160	0.02053	0.01488	0.00921	0.00758	0.00230	0.00792	0.00707	0.00789	0.01271
82	0.05218	0.01315	0.01691	0.01537	0.01683	0.04052	0.03380	0.01690	0.03495	0.02047	0.02298	0.26915	0.02514	0.01803	0.05277	0.00343	0.27168	0.01181	0.00500	0.05891
83	0.01414	0.00707	0.00707	0.00707	0.00884	0.00707	0.00530	0.01767	0.01591	0.02828	0.02474	0.02828	0.01944	0.00884	0.00530	0.00177	0.00353	0.00707	0.77554	0.00707
84	0.01696	0.04422	0.04581	0.08752	0.02228	0.09089	0.01433	0.06276	0.04533	0.02162	0.01801	0.12279	0.01755	0.01657	0.07999	0.00360	0.22996	0.00865	0.00454	0.04660
85	0.00970	0.00727	0.01047	0.01147	0.01229	0.00679	0.03606	0.01135	0.01500	0.02011	0.07103	0.66505	0.04946	0.02260	0.00961	0.00302	0.00474	0.02063	0.00696	0.00639
86	0.01414	0.00707	0.00707	0.00707	0.00884	0.00707	0.00530	0.01767	0.01591	0.02828	0.02474	0.02828	0.01944	0.00884	0.00530	0.00177	0.00353	0.00707	0.77554	0.00707
87	0.01920	0.01405	0.01592	0.01341	0.01634	0.01552	0.01018	0.30321	0.02228	0.03012	0.02029	0.03134	0.01905	0.28061	0.12332	0.00565	0.03638	0.00855	0.00581	0.00878
88	0.01585	0.01387	0.01732	0.01237	0.01917	0.01061	0.04471	0.01938	0.01585	0.02469	0.01358	0.01599	0.01125	0.00566	0.00580	0.00120	0.00601	0.00474	0.00446	0.73748
89	0.01721	0.01624	0.02653	0.27900	0.39316	0.01770	0.02132	0.02368	0.08488	0.02360	0.01572	0.02028	0.01251	0.00742	0.00756	0.00238	0.00909	0.00694	0.00403	0.01075
90	0.06032	0.01712	0.02843	0.15063	0.54862	0.01778	0.02210	0.02261	0.01670	0.02443	0.01394	0.01865	0.01150	0.00690	0.00737	0.00230	0.00901	0.00661	0.00375	0.01124
91	0.01752	0.01388	0.01710	0.03668	0.01917	0.01377	0.04055	0.17660	0.03836	0.03014	0.08466	0.10398	0.05297	0.01086	0.00813	0.00211	0.03801	0.00904	0.06437	0.22210

[dist]
# distance from previous block
# <min> <max>
0	1

[block]
# block no. 4 follows, 26 sequences, length 11
# corresponding to MSA columns:
# 252-262
name=unknown_E
#
# <colnr> <probs for GDERKNQSTAVLIFYWHMCP>
#	G	D	E	R	K	N	Q	S	T	A	V	L	I	F	Y	W	H	M	C	P
0	0.02702	0.01904	0.02064	0.01603	0.02169	0.02058	0.01317	0.53656	0.03245	0.09730	0.02578	0.02501	0.08896	0.01027	0.00775	0.00231	0.00768	0.00793	0.00767	0.01217
1	0.01019	0.00707	0.00884	0.00965	0.00996	0.00698	0.00612	0.01102	0.01274	0.01709	0.03187	0.36113	0.03729	0.35083	0.07958	0.00578	0.00705	0.01565	0.00568	0.00550
2	0.01783	0.02050	0.06838	0.03305	0.15237	0.01927	0.46178	0.02357	0.01715	0.02384	0.01460	0.01963	0.01138	0.00710	0.01003	0.00256	0.07460	0.00821	0.00375	0.01042
3	0.01473	0.01373	0.02225	0.65327	0.04936	0.01703	0.02026	0.02123	0.07333	0.02047	0.01502	0.02094	0.01127	0.00782	0.00760	0.00253	0.00975	0.00690	0.00376	0.00874
4	0.01812	0.01609	0.02196	0.11735	0.23780	0.01765	0.01653	0.06641	0.28599	0.02835	0.05234	0.02640	0.04292	0.00927	0.00772	0.00244	0.00747	0.00813	0.00587	0.01118
5	0.51577	0.01376	0.01335	0.09188	0.01931	0.01604	0.01028	0.05798	0.01438	0.03024	0.01308	0.01668	0.01062	0.01607	0.12923	0.00411	0.00907	0.00528	0.00460	0.00826
6	0.01533	0.01451	0.02457	0.56393	0.19564	0.01712	0.02157	0.02026	0.01564	0.02060	0.01366	0.01989	0.01054	0.00740	0.00757	0.00247	0.00986	0.00674	0.00346	0.00924
7	0.02148	0.01711	0.02845	0.04069	0.56775	0.01680	0.02113	0.02571	0.01806	0.14311	0.01705	0.02002	0.01322	0.00723	0.00753	0.00227	0.00856	0.00691	0.00475	0.01217
8	0.01480	0.01371	0.02191	0.55651	0.07813	0.01571	0.01903	0.01953	0.01537	0.02060	0.01352	0.01935	0.01041	0.00719	0.00723	0.00226	0.00926	0.00634	0.00359	0.14554
9	0.02043	0.01497	0.02098	0.34077	0.03522	0.01695	0.03582	0.17730	0.04951	0.10675	0.01851	0.02157	0.01336	0.00837	0.00740	0.00237	0.00849	0.00705	0.08406	0.01011
10	0.02039	0.01836	0.02818	0.05883	0.44578	0.01911	0.04779	0.13828	0.09363	0.02945	0.01684	0.01986	0.01333	0.00758	0.00761	0.00231	0.00876	0.00707	0.00487	0.01198

[dist]
# distance from previous block
# <min> <max>
22	38

[block]
# block no. 5 follows, 26 sequences, length 18
# corresponding to MSA columns:
# 304-321
name=unknown_F
#
# <colnr> <probs for GDERKNQSTAVLIFYWHMCP>
#	G	D	E	R	K	N	Q	S	T	A	V	L	I	F	Y	W	H	M	C	P
0	0.42051	0.01679	0.01510	0.04612	0.01900	0.06882	0.01070	0.13467	0.04632	0.08426	0.01649	0.06183	0.01339	0.00888	0.00617	0.00237	0.00705	0.00635	0.00572	0.00947
1	0.06846	0.01361	0.01614	0.01242	0.01782	0.01207	0.02634	0.09530	0.01808	0.10057	0.01815	0.02425	0.01550	0.09858	0.01045	0.00239	0.00651	0.03273	0.00551	0.40513
2	0.19529	0.04872	0.01567	0.01233	0.01664	0.08135	0.00994	0.07186	0.02017	0.20510	0.18211	0.03012	0.05954	0.01050	0.00714	0.00229	0.00643	0.00822	0.00700	0.00959
3	0.09984	0.01072	0.01232	0.01180	0.01411	0.01112	0.00880	0.11417	0.01843	0.02692	0.10452	0.37511	0.05847	0.01717	0.00914	0.00269	0.03581	0.01476	0.00672	0.04738
4	0.01668	0.01651	0.02504	0.46578	0.23765	0.06809	0.02124	0.02134	0.01626	0.02092	0.01358	0.01931	0.01065	0.00736	0.00751	0.00240	0.01005	0.00661	0.00352	0.00952
5	0.11102	0.08759	0.07518	0.01372	0.01939	0.01563	0.01220	0.05960	0.12532	0.25327	0.08378	0.02439	0.02079	0.00912	0.00699	0.00224	0.00665	0.00719	0.00697	0.05899
6	0.01328	0.00694	0.01035	0.04307	0.01183	0.00710	0.00721	0.01073	0.01044	0.01424	0.01378	0.02319	0.01335	0.02456	0.02735	0.70267	0.00660	0.00662	0.04296	0.00373
7	0.01608	0.01329	0.01931	0.11541	0.21845	0.03166	0.01447	0.01983	0.01812	0.06804	0.19895	0.08876	0.03144	0.01074	0.00785	0.00226	0.00685	0.00962	0.00569	0.10320
8	0.01903	0.01805	0.02828	0.17281	0.48832	0.04319	0.02185	0.07175	0.01843	0.02528	0.01433	0.01882	0.01163	0.00714	0.00751	0.00230	0.00934	0.00669	0.00398	0.01127
9	0.01847	0.01443	0.01596	0.01236	0.01797	0.04300	0.00971	0.07005	0.05101	0.08796	0.01888	0.07828	0.01639	0.03122	0.00751	0.00180	0.00624	0.00683	0.00554	0.48639
10	0.13197	0.01949	0.02048	0.07493	0.02398	0.07096	0.01389	0.35595	0.02653	0.11637	0.01714	0.01804	0.01230	0.00890	0.00826	0.00236	0.05429	0.00639	0.00650	0.01128
11	0.01569	0.04353	0.01215	0.01007	0.01312	0.00873	0.00781	0.01809	0.01861	0.17737	0.17379	0.15465	0.28460	0.01630	0.00856	0.00251	0.00468	0.01390	0.00766	0.00818
12	0.01790	0.02046	0.04476	0.03197	0.03964	0.01918	0.65857	0.02430	0.01790	0.02430	0.01535	0.02046	0.01151	0.00639	0.00895	0.00256	0.01279	0.00895	0.00384	0.01023
13	0.01487	0.01404	0.02374	0.63296	0.13020	0.01700	0.02134	0.01986	0.01543	0.02004	0.01358	0.02004	0.01035	0.00748	0.00757	0.00249	0.00998	0.00674	0.00342	0.00887
14	0.08668	0.02579	0.30850	0.01974	0.07642	0.01664	0.01946	0.09604	0.05145	0.19799	0.01890	0.01925	0.01303	0.00807	0.00719	0.00237	0.00882	0.00636	0.00564	0.01167
15	0.01471	0.01516	0.02995	0.05308	0.02894	0.01497	0.36062	0.01896	0.01615	0.02195	0.02384	0.26064	0.02446	0.01287	0.01037	0.00279	0.06411	0.01296	0.00487	0.00862
16	0.01318	0.00659	0.00988	0.00988	0.00988	0.00659	0.00659	0.00988	0.00988	0.01318	0.01318	0.02306	0.01318	0.02635	0.02964	0.77931	0.00659	0.00659	0.00329	0.00329
17	0.01078	0.00777	0.01023	0.00993	0.01165	0.00723	0.00754	0.01424	0.02083	0.02929	0.60184	0.09136	0.06839	0.01632	0.00910	0.00250	0.00388	0.06183	0.00818	0.00710

[dist]
# distance from previous block
# <min> <max>
0	1

[block]
# block no. 6 follows, 26 sequences, length 95
# corresponding to MSA columns:
# 323-417
name=unknown_G
#
# <colnr> <probs for GDERKNQSTAVLIFYWHMCP>
#	G	D	E	R	K	N	Q	S	T	A	V	L	I	F	Y	W	H	M	C	P
0	0.02738	0.03196	0.02198	0.02055	0.06051	0.53114	0.01497	0.12140	0.05688	0.02381	0.01379	0.01537	0.01104	0.00807	0.00703	0.00205	0.01225	0.00546	0.00463	0.00973
1	0.00914	0.00769	0.00793	0.00787	0.01035	0.00648	0.00590	0.01123	0.01771	0.02149	0.13797	0.07135	0.62129	0.01884	0.00896	0.00254	0.00382	0.01578	0.00718	0.00648
2	0.01937	0.01654	0.01743	0.01554	0.01992	0.01910	0.01213	0.07164	0.64026	0.03254	0.03023	0.02779	0.02264	0.01023	0.00771	0.00256	0.00612	0.00849	0.00771	0.01205
3	0.08896	0.01507	0.02349	0.21282	0.05852	0.01840	0.09665	0.01914	0.01405	0.02122	0.01510	0.09050	0.01422	0.01104	0.01389	0.00284	0.26342	0.00824	0.00393	0.00851
4	0.01414	0.00707	0.00707	0.00707	0.00884	0.00707	0.00530	0.01767	0.01591	0.02828	0.02474	0.02828	0.01944	0.00884	0.00530	0.00177	0.00353	0.00707	0.77554	0.00707
5	0.01809	0.01987	0.04117	0.03343	0.14026	0.01898	0.52606	0.02494	0.05085	0.02475	0.01596	0.02059	0.01218	0.00665	0.00866	0.00251	0.01185	0.00859	0.00402	0.01060
6	0.02109	0.02295	0.02686	0.12890	0.39756	0.22733	0.02034	0.02489	0.01828	0.02215	0.01338	0.01741	0.01107	0.00719	0.00731	0.00220	0.01059	0.00618	0.00375	0.01054
7	0.01739	0.43432	0.17734	0.01512	0.02203	0.02310	0.04850	0.02143	0.01622	0.02055	0.05930	0.02198	0.07784	0.00841	0.00623	0.00198	0.00834	0.00638	0.00394	0.00960
8	0.01659	0.01659	0.02323	0.01991	0.01991	0.02323	0.01659	0.01825	0.01162	0.01825	0.00996	0.01659	0.00996	0.01328	0.02489	0.00332	0.71955	0.00664	0.00332	0.00830
9	0.00924	0.00660	0.00880	0.01056	0.01100	0.00616	0.00704	0.01056	0.01452	0.01936	0.04181	0.72848	0.05017	0.02376	0.00968	0.00308	0.00440	0.02156	0.00704	0.00616
10	0.07525	0.02187	0.02171	0.01708	0.02281	0.07936	0.01395	0.54337	0.05936	0.04386	0.01772	0.01789	0.01277	0.00892	0.00735	0.00227	0.00854	0.00657	0.00711	0.01223
11	0.02218	0.01451	0.01636	0.01393	0.01842	0.01545	0.01107	0.11626	0.31052	0.18800	0.03339	0.03136	0.09314	0.01262	0.03418	0.00281	0.00663	0.00886	0.03899	0.01132
12	0.01944	0.10048	0.03058	0.10550	0.39480	0.09248	0.07325	0.02435	0.04439	0.02303	0.01427	0.01817	0.01174	0.00704	0.00728	0.00222	0.00971	0.00651	0.00384	0.01090
13	0.00968	0.00712	0.00981	0.05427	0.01375	0.00693	0.00813	0.01133	0.01469	0.01951	0.03998	0.65709	0.04741	0.02264	0.00959	0.00306	0.00486	0.04699	0.00681	0.00634
14	0.00932	0.00730	0.00848	0.00927	0.01088	0.00646	0.00668	0.01115	0.01634	0.02056	0.08629	0.34201	0.36429	0.02101	0.00934	0.00281	0.00422	0.05012	0.00710	0.00637
15	0.02317	0.01702	0.01944	0.05820	0.02253	0.01751	0.01262	0.36891	0.02677	0.07297	0.01966	0.08590	0.01620	0.00958	0.00731	0.00209	0.00731	0.00770	0.00662	0.19848
16	0.22403	0.05070	0.40719	0.01739	0.02591	0.01769	0.02023	0.02540	0.07117	0.05279	0.01479	0.01633	0.01074	0.00749	0.00652	0.00238	0.00905	0.00549	0.00423	0.01049
17	0.05239	0.26609	0.11536	0.02795	0.28717	0.08674	0.01893	0.02380	0.01670	0.02214	0.01253	0.01543	0.01057	0.00684	0.00639	0.00203	0.00929	0.00541	0.00357	0.01068
18	0.00980	0.00693	0.00900	0.01012	0.01064	0.00666	0.00671	0.01114	0.01430	0.01930	0.09155	0.50052	0.04585	0.16249	0.05422	0.00436	0.00580	0.01810	0.00651	0.00598
19	0.01573	0.01348	0.01573	0.01123	0.01798	0.01011	0.00899	0.01910	0.01573	0.02472	0.01348	0.01573	0.01123	0.00562	0.00562	0.00112	0.00562	0.00449	0.00449	0.77980
20	0.01824	0.01245	0.04937	0.01587	0.09580	0.01074	0.01139	0.02314	0.06452	0.19571	0.32226	0.04137	0.08250	0.01237	0.00827	0.00238	0.00552	0.01073	0.00768	0.00968
21	0.02028	0.73799	0.03975	0.01298	0.01947	0.03001	0.01298	0.02271	0.01541	0.01785	0.01055	0.01217	0.00973	0.00649	0.00487	0.00162	0.00811	0.00406	0.00324	0.00973
22	0.01095	0.00732	0.00830	0.00837	0.00839	0.00730	0.00470	0.01101	0.01118	0.01491	0.02468	0.07928	0.02856	0.70244	0.03734	0.00717	0.00722	0.01149	0.00470	0.00466
23	0.00989	0.00743	0.00920	0.00986	0.01121	0.00687	0.00697	0.01256	0.03730	0.02295	0.22078	0.39533	0.18126	0.02022	0.00928	0.00277	0.00412	0.01794	0.00741	0.00666
24	0.01668	0.01399	0.01679	0.21915	0.02619	0.06784	0.01305	0.10645	0.01822	0.04429	0.04440	0.05332	0.07514	0.12266	0.04832	0.00371	0.03935	0.02757	0.03471	0.00817
25	0.09013	0.01794	0.02012	0.01554	0.02144	0.01887	0.01284	0.40201	0.02921	0.26196	0.02153	0.02029	0.01450	0.00904	0.00737	0.00231	0.00752	0.00688	0.00796	0.01253
26	0.01077	0.00751	0.00905	0.00885	0.00973	0.00720	0.00580	0.01240	0.01581	0.02173	0.30499	0.07374	0.07390	0.37924	0.02398	0.00493	0.00552	0.01269	0.00636	0.00580
27	0.01892	0.01591	0.01684	0.01492	0.01918	0.01809	0.01167	0.09897	0.54264	0.03259	0.05928	0.03118	0.06420	0.01093	0.00783	0.00253	0.00600	0.00907	0.00769	0.01155
28	0.01414	0.00707	0.00707	0.00707	0.00884	0.00707	0.00530	0.01767	0.01591	0.02828	0.02474	0.02828	0.01944	0.00884	0.00530	0.00177	0.00353	0.00707	0.77554	0.00707
29	0.01445	0.01392	0.02648	0.02106	0.02529	0.01324	0.31028	0.04525	0.01762	0.02374	0.06071	0.27493	0.03110	0.01440	0.00929	0.00281	0.00866	0.07268	0.00564	0.00846
30	0.01074	0.00775	0.01014	0.00954	0.01133	0.00716	0.00716	0.01431	0.02147	0.03042	0.68211	0.05666	0.07157	0.01551	0.00895	0.00239	0.00358	0.01372	0.00835	0.00716
31	0.01414	0.00707	0.00707	0.00707	0.00884	0.00707	0.00530	0.01767	0.01591	0.02828	0.02474	0.02828	0.01944	0.00884	0.00530	0.00177	0.00353	0.00707	0.77554	0.00707
32	0.02058	0.64649	0.09004	0.01368	0.02051	0.02809	0.01407	0.02353	0.01578	0.05234	0.01176	0.01316	0.01018	0.00669	0.00519	0.00172	0.00827	0.00436	0.00355	0.01001
33	0.01659	0.01659	0.02323	0.01991	0.01991	0.02323	0.01659	0.01825	0.01162	0.01825	0.00996	0.01659	0.00996	0.01328	0.02489	0.00332	0.71955	0.00664	0.00332	0.00830
34	0.00924	0.00660	0.00880	0.01056	0.01100	0.00616	0.00704	0.01056	0.01452	0.01936	0.04181	0.72848	0.05017	0.02376	0.00968	0.00308	0.00440	0.02156	0.00704	0.00616
35	0.00924	0.00660	0.00880	0.01056	0.01100	0.00616	0.00704	0.01056	0.01452	0.01936	0.04181	0.72848	0.05017	0.02376	0.00968	0.00308	0.00440	0.02156	0.00704	0.00616
36	0.02729	0.01786	0.01971	0.01537	0.02066	0.01917	0.01251	0.46738	0.03024	0.14523	0.02096	0.02224	0.01530	0.05486	0.00936	0.00257	0.00758	0.00724	0.07257	0.01188
37	0.01929	0.58993	0.14271	0.01471	0.02161	0.02770	0.01555	0.02269	0.01531	0.01885	0.01100	0.01301	0.00973	0.00695	0.00627	0.00183	0.04530	0.00443	0.00324	0.00989
38	0.01573	0.01348	0.01573	0.01123	0.01798	0.01011	0.00899	0.01910	0.01573	0.02472	0.01348	0.01573	0.01123	0.00562	0.00562	0.00112	0.00562	0.00449	0.00449	0.77980
39	0.01052	0.00759	0.00995	0.00969	0.01128	0.00702	0.00714	0.01378	0.02048	0.02885	0.59114	0.15211	0.06853	0.01668	0.00905	0.00248	0.00370	0.01483	0.00816	0.00702
40	0.01790	0.02046	0.04476	0.03197	0.03964	0.01918	0.65857	0.02430	0.01790	0.02430	0.01535	0.02046	0.01151	0.00639	0.00895	0.00256	0.01279	0.00895	0.00384	0.01023
41	0.02761	0.01944	0.02128	0.01647	0.02227	0.02096	0.01350	0.54476	0.03245	0.09762	0.02012	0.05457	0.01518	0.00969	0.00760	0.00226	0.00786	0.00752	0.00755	0.05130
42	0.01665	0.01429	0.01737	0.01257	0.01924	0.01151	0.03623	0.05605	0.03748	0.02622	0.01437	0.01646	0.01171	0.00599	0.00593	0.00129	0.00608	0.00494	0.00474	0.68087
43	0.01414	0.00707	0.00707	0.00707	0.00884	0.00707	0.00530	0.01767	0.01591	0.02828	0.02474	0.02828	0.01944	0.00884	0.00530	0.00177	0.00353	0.00707	0.77554	0.00707
44	0.42861	0.01440	0.01729	0.17486	0.10316	0.01633	0.03965	0.02091	0.01427	0.02807	0.01431	0.07147	0.01252	0.00842	0.00625	0.00244	0.00737	0.00659	0.00443	0.00863
