[name]
unknown

[dist]
# distance from previous block
# <min> <max>
0	1

[block]
# block no. 0 follows, 24 sequences, length 305
# corresponding to MSA columns:
# 1-305
name=unknown_A
#
# <colnr> <probs for GDERKNQSTAVLIFYWHMCP>
#	G	D	E	R	K	N	Q	S	T	A	V	L	I	F	Y	W	H	M	C	P
0	0.01380	0.00932	0.01303	0.01458	0.01660	0.00924	0.01273	0.01742	0.01845	0.05288	0.04151	0.08666	0.04448	0.02137	0.01082	0.00360	0.00728	0.59125	0.00741	0.00758
1	0.13146	0.08480	0.02011	0.01380	0.01985	0.01514	0.01163	0.06898	0.02165	0.49267	0.02593	0.02328	0.01690	0.00918	0.00728	0.00237	0.00695	0.00707	0.00843	0.01252
2	0.06023	0.28260	0.41640	0.01872	0.02831	0.02298	0.02256	0.02453	0.01634	0.02341	0.01292	0.01510	0.01001	0.00726	0.00652	0.00222	0.01026	0.00520	0.00345	0.01100
3	0.01882	0.01894	0.06617	0.02172	0.02896	0.01610	0.25970	0.04912	0.01828	0.05671	0.01568	0.01905	0.01213	0.00705	0.00860	0.00207	0.04701	0.00696	0.00466	0.32230
4	0.01124	0.00816	0.01062	0.01016	0.01206	0.00754	0.00772	0.01491	0.02205	0.03095	0.61034	0.06156	0.09631	0.01668	0.00944	0.00256	0.00395	0.04773	0.00860	0.00744
5	0.03138	0.01424	0.01926	0.05375	0.05148	0.01332	0.01285	0.07841	0.04921	0.50645	0.06302	0.02762	0.02154	0.00995	0.00804	0.00247	0.00704	0.00821	0.00894	0.01283
6	0.03070	0.05138	0.10148	0.01554	0.02225	0.01507	0.01423	0.12103	0.02370	0.45064	0.05287	0.02527	0.01942	0.00961	0.00784	0.00242	0.00760	0.00768	0.00841	0.01287
7	0.01306	0.00971	0.01275	0.01411	0.01611	0.00990	0.01187	0.01846	0.08847	0.02429	0.04269	0.15177	0.06984	0.02093	0.01048	0.00346	0.00675	0.46021	0.00740	0.00776
8	0.01478	0.00739	0.00739	0.00739	0.00924	0.00739	0.00554	0.01848	0.01663	0.02956	0.02587	0.02956	0.02033	0.00924	0.00554	0.00185	0.00370	0.00739	0.76534	0.00739
9	0.01819	0.33706	0.40423	0.01870	0.02828	0.02402	0.02250	0.02452	0.01647	0.02232	0.01285	0.01500	0.01010	0.00721	0.00648	0.00216	0.01032	0.00516	0.00337	0.01105
10	0.01823	0.02275	0.10445	0.06339	0.04066	0.01994	0.53404	0.02491	0.01816	0.02491	0.01558	0.02080	0.01172	0.00708	0.00971	0.00269	0.03762	0.00884	0.00391	0.01063
11	0.00966	0.00690	0.00920	0.01104	0.01150	0.00644	0.00736	0.01104	0.01518	0.02024	0.04371	0.71614	0.05245	0.02484	0.01012	0.00322	0.00460	0.02254	0.00736	0.00644
12	0.01092	0.00898	0.00976	0.00967	0.01231	0.00824	0.00746	0.01522	0.07791	0.02429	0.16159	0.07058	0.46299	0.01880	0.00939	0.00274	0.00448	0.06965	0.00763	0.00741
13	0.02052	0.01854	0.03142	0.04675	0.63552	0.01844	0.02363	0.02513	0.01831	0.06223	0.01583	0.02004	0.01295	0.00722	0.00786	0.00236	0.00927	0.00712	0.00425	0.01261
14	0.03558	0.01350	0.01840	0.01411	0.02024	0.01166	0.01166	0.03865	0.02270	0.67734	0.03128	0.02699	0.01963	0.00981	0.00797	0.00245	0.00675	0.00797	0.00981	0.01350
15	0.01122	0.00811	0.01060	0.00998	0.01185	0.00748	0.00748	0.01496	0.02245	0.03180	0.66766	0.05923	0.07482	0.01621	0.00935	0.00249	0.00374	0.01434	0.00873	0.00748
16	0.02540	0.03093	0.01981	0.01849	0.02204	0.52520	0.01393	0.02830	0.04646	0.02041	0.02076	0.08753	0.04366	0.01125	0.00781	0.00231	0.01219	0.04978	0.00490	0.00884
17	0.01217	0.00833	0.01101	0.01058	0.01254	0.00773	0.00809	0.01576	0.02175	0.05385	0.56036	0.09159	0.06921	0.01689	0.00948	0.00263	0.00420	0.06762	0.00858	0.00763
18	0.01260	0.00969	0.01204	0.01297	0.01532	0.00962	0.01090	0.01786	0.08824	0.02413	0.05146	0.07928	0.21452	0.02018	0.01020	0.00328	0.00629	0.38631	0.00740	0.00771
19	0.01278	0.00913	0.01278	0.01460	0.01643	0.00913	0.01278	0.01643	0.01825	0.02373	0.04199	0.08945	0.04564	0.02191	0.01095	0.00365	0.00730	0.61847	0.00730	0.00730
20	0.02136	0.65130	0.07572	0.01444	0.02135	0.06607	0.01453	0.02425	0.01649	0.01905	0.01127	0.01303	0.01017	0.00690	0.00533	0.00176	0.00897	0.00438	0.00343	0.01021
21	0.03112	0.01363	0.01795	0.01356	0.01990	0.01140	0.01113	0.03429	0.02124	0.52544	0.02728	0.02453	0.01779	0.00890	0.00748	0.00216	0.00654	0.00721	0.00862	0.18983
22	0.01728	0.10057	0.56736	0.02197	0.03285	0.01939	0.05604	0.02553	0.01701	0.04991	0.01469	0.01700	0.01052	0.00752	0.00742	0.00244	0.01131	0.00596	0.00363	0.01160
23	0.02469	0.01950	0.02073	0.01714	0.02251	0.02204	0.01375	0.32965	0.36192	0.04118	0.02597	0.02456	0.01910	0.01017	0.00800	0.00254	0.00744	0.00810	0.00800	0.01300
24	0.03009	0.02397	0.02365	0.01849	0.02458	0.09957	0.01510	0.57620	0.03561	0.04653	0.01827	0.01850	0.01312	0.00937	0.00784	0.00234	0.00935	0.00691	0.00750	0.01300
25	0.01852	0.02082	0.04363	0.03165	0.03854	0.02065	0.55510	0.02451	0.01779	0.02451	0.01525	0.02082	0.01180	0.00770	0.01170	0.00279	0.11084	0.00902	0.00393	0.01041
26	0.01207	0.01068	0.01467	0.18086	0.02382	0.01089	0.03959	0.01646	0.05321	0.02303	0.11102	0.05672	0.35736	0.01570	0.00902	0.00270	0.00631	0.04164	0.00643	0.00782
27	0.01173	0.04257	0.01377	0.01251	0.01408	0.01067	0.00973	0.01435	0.01296	0.01836	0.02194	0.06197	0.02125	0.08651	0.59626	0.01155	0.01925	0.00907	0.00437	0.00709
28	0.01498	0.01409	0.02378	0.70226	0.05462	0.01762	0.02202	0.02026	0.01586	0.02026	0.01409	0.02114	0.01057	0.00793	0.00793	0.00264	0.01057	0.00705	0.00352	0.00881
29	0.01063	0.00807	0.01142	0.01243	0.01346	0.00772	0.03659	0.01320	0.04138	0.02116	0.04191	0.62719	0.04916	0.02331	0.01004	0.00319	0.00519	0.04979	0.00724	0.00692
30	0.01590	0.04102	0.68023	0.02260	0.03432	0.01842	0.02930	0.02511	0.01674	0.02511	0.01423	0.01674	0.01005	0.00753	0.00753	0.00251	0.01172	0.00586	0.00335	0.01172
31	0.03558	0.01350	0.01840	0.01411	0.02024	0.01166	0.01166	0.03865	0.02270	0.67734	0.03128	0.02699	0.01963	0.00981	0.00797	0.00245	0.00675	0.00797	0.00981	0.01350
32	0.00976	0.00694	0.00917	0.01091	0.01134	0.00651	0.00722	0.01107	0.01498	0.01997	0.04267	0.67953	0.05115	0.06322	0.01179	0.00347	0.00477	0.02194	0.00722	0.00635
33	0.01963	0.01884	0.03219	0.04867	0.67185	0.01884	0.02434	0.02434	0.01806	0.02591	0.01492	0.01963	0.01256	0.00707	0.00785	0.00236	0.00942	0.00707	0.00393	0.01256
34	0.01153	0.00769	0.00865	0.00865	0.00865	0.00769	0.00480	0.01153	0.01153	0.01538	0.02499	0.05189	0.02883	0.72131	0.04036	0.00769	0.00769	0.01153	0.00480	0.00480
35	0.01420	0.00745	0.00754	0.00754	0.00927	0.00738	0.00550	0.01747	0.01626	0.02786	0.02879	0.03412	0.05680	0.07289	0.00884	0.00241	0.00407	0.00827	0.65622	0.00712
36	0.01590	0.04102	0.68023	0.02260	0.03432	0.01842	0.02930	0.02511	0.01674	0.02511	0.01423	0.01674	0.01005	0.00753	0.00753	0.00251	0.01172	0.00586	0.00335	0.01172
37	0.01693	0.17314	0.55705	0.02086	0.03163	0.02092	0.02626	0.02485	0.01662	0.02387	0.01361	0.01597	0.01007	0.00739	0.00706	0.00235	0.01109	0.00555	0.00336	0.01142
38	0.01153	0.00769	0.00865	0.00865	0.00865	0.00769	0.00480	0.01153	0.01153	0.01538	0.02499	0.05189	0.02883	0.72131	0.04036	0.00769	0.00769	0.01153	0.00480	0.00480
39	0.01963	0.01884	0.03219	0.04867	0.67185	0.01884	0.02434	0.02434	0.01806	0.02591	0.01492	0.01963	0.01256	0.00707	0.00785	0.00236	0.00942	0.00707	0.00393	0.01256
40	0.01590	0.04102	0.68023	0.02260	0.03432	0.01842	0.02930	0.02511	0.01674	0.02511	0.01423	0.01674	0.01005	0.00753	0.00753	0.00251	0.01172	0.00586	0.00335	0.01172
41	0.05078	0.01982	0.02616	0.03133	0.30544	0.05730	0.04415	0.11655	0.20609	0.03136	0.02027	0.02195	0.01576	0.00853	0.00784	0.00246	0.00872	0.00751	0.00573	0.01227
42	0.02441	0.01939	0.01754	0.01462	0.01893	0.13036	0.01161	0.31143	0.02719	0.03732	0.02041	0.02211	0.01545	0.00919	0.00692	0.00213	0.00782	0.00689	0.28576	0.01052
43	0.02138	0.01689	0.01873	0.01475	0.02056	0.01678	0.01179	0.25175	0.12469	0.03534	0.02138	0.08142	0.01794	0.00966	0.00735	0.00204	0.00687	0.00784	0.00665	0.30619
44	0.01064	0.00738	0.00922	0.01008	0.01040	0.00727	0.00638	0.01150	0.01333	0.01788	0.03344	0.36035	0.03917	0.34617	0.07539	0.00599	0.00727	0.01644	0.00596	0.00574
45	0.01541	0.00800	0.00807	0.00784	0.00987	0.00810	0.00593	0.04425	0.01748	0.03040	0.02559	0.02913	0.02004	0.00925	0.00564	0.00187	0.00390	0.00738	0.73420	0.00764
46	0.01091	0.00809	0.01016	0.00965	0.01165	0.00735	0.00723	0.01436	0.02170	0.03004	0.56789	0.06214	0.17570	0.01687	0.00936	0.00253	0.00379	0.01475	0.00850	0.00735
47	0.01682	0.01661	0.05694	0.01526	0.02260	0.01254	0.09133	0.02174	0.03989	0.02601	0.01501	0.01756	0.01214	0.00624	0.00649	0.00149	0.00716	0.00551	0.00466	0.60398
48	0.01478	0.00739	0.00739	0.00739	0.00924	0.00739	0.00554	0.01848	0.01663	0.02956	0.02587	0.02956	0.02033	0.00924	0.00554	0.00185	0.00370	0.00739	0.76534	0.00739
49	0.67057	0.01507	0.01263	0.01096	0.01604	0.01691	0.00903	0.02552	0.01482	0.12794	0.01396	0.01491	0.01018	0.00771	0.00535	0.00245	0.00622	0.00482	0.00561	0.00929
50	0.00973	0.00696	0.00926	0.01099	0.01152	0.00649	0.00737	0.01122	0.01551	0.02076	0.07169	0.68668	0.05345	0.02446	0.01009	0.00319	0.00456	0.02218	0.00742	0.00649
51	0.01821	0.01989	0.04058	0.11719	0.09898	0.02002	0.45317	0.02410	0.01771	0.02424	0.01519	0.02084	0.01175	0.00752	0.01053	0.00271	0.07438	0.00864	0.00389	0.01045
52	0.00966	0.00690	0.00920	0.01104	0.01150	0.00644	0.00736	0.01104	0.01518	0.02024	0.04371	0.71614	0.05245	0.02484	0.01012	0.00322	0.00460	0.02254	0.00736	0.00644
53	0.03508	0.01429	0.01890	0.01449	0.02064	0.01284	0.01197	0.09405	0.02403	0.62005	0.03017	0.02626	0.01907	0.00979	0.00797	0.00245	0.00693	0.00790	0.00964	0.01349
54	0.02022	0.59913	0.15991	0.01524	0.02294	0.02898	0.01648	0.02400	0.01623	0.01985	0.01162	0.01347	0.01015	0.00692	0.00554	0.00185	0.00908	0.00454	0.00338	0.01046
55	0.01941	0.01856	0.03131	0.07811	0.62088	0.01881	0.02383	0.02475	0.03968	0.02589	0.01547	0.02004	0.01286	0.00723	0.00786	0.00238	0.00937	0.00713	0.00405	0.01239
56	0.02987	0.01754	0.02028	0.01611	0.02193	0.01831	0.01312	0.26320	0.17621	0.29568	0.02700	0.02466	0.01843	0.00993	0.00798	0.00248	0.00737	0.00790	0.00871	0.01327
57	0.01850	0.02065	0.04323	0.05564	0.06823	0.02032	0.53498	0.02458	0.01797	0.02465	0.01539	0.02092	0.01185	0.00742	0.01082	0.00273	0.07871	0.00895	0.00394	0.01052
58	0.01909	0.01666	0.01775	0.01383	0.02003	0.04583	0.01097	0.08138	0.17957	0.02951	0.01901	0.01987	0.01496	0.00753	0.00667	0.00170	0.00662	0.00600	0.00580	0.47720
59	0.03303	0.01358	0.01814	0.01379	0.02005	0.01151	0.01135	0.03615	0.02186	0.59044	0.02899	0.02558	0.01858	0.00929	0.00769	0.00228	0.00663	0.00754	0.00913	0.11438
60	0.01091	0.00799	0.01024	0.00990	0.01171	0.00731	0.00734	0.01427	0.02138	0.02978	0.55633	0.12138	0.12714	0.01736	0.00943	0.00258	0.00385	0.01532	0.00848	0.00731
61	0.01085	0.00809	0.01008	0.00958	0.01162	0.00732	0.00719	0.01424	0.02156	0.02970	0.54866	0.06270	0.19514	0.01700	0.00936	0.00253	0.00380	0.01483	0.00845	0.00732
62	0.01498	0.01409	0.02378	0.70226	0.05462	0.01762	0.02202	0.02026	0.01586	0.02026	0.01409	0.02114	0.01057	0.00793	0.00793	0.00264	0.01057	0.00705	0.00352	0.00881
63	0.01735	0.01735	0.02429	0.02082	0.02082	0.02429	0.01735	0.01908	0.01214	0.01908	0.01041	0.01735	0.01041	0.01388	0.02602	0.00347	0.70680	0.00694	0.00347	0.00867
64	0.01153	0.00769	0.00865	0.00865	0.00865	0.00769	0.00480	0.01153	0.01153	0.01538	0.02499	0.05189	0.02883	0.72131	0.04036	0.00769	0.00769	0.01153	0.00480	0.00480
65	0.77733	0.01534	0.01166	0.01043	0.01534	0.01779	0.00859	0.02331	0.01350	0.03558	0.01104	0.01288	0.00859	0.00736	0.00491	0.00245	0.00613	0.00429	0.00491	0.00859
66	0.00973	0.00693	0.00918	0.01095	0.01139	0.00649	0.00726	0.01106	0.01504	0.02006	0.04299	0.69060	0.05154	0.05162	0.01128	0.00339	0.00472	0.02212	0.00726	0.00638
67	0.01872	0.02139	0.04679	0.03342	0.04144	0.02005	0.64305	0.02540	0.01872	0.02540	0.01604	0.02139	0.01203	0.00668	0.00936	0.00267	0.01337	0.00936	0.00401	0.01070
68	0.01039	0.00885	0.00905	0.00885	0.01166	0.00791	0.00668	0.01432	0.07590	0.02297	0.10360	0.07130	0.58266	0.01906	0.00925	0.00267	0.00421	0.01592	0.00749	0.00726
69	0.00975	0.00699	0.00913	0.01080	0.01132	0.00652	0.00717	0.01108	0.01510	0.02003	0.04412	0.65552	0.07514	0.06213	0.01172	0.00344	0.00474	0.02172	0.00722	0.00636
70	0.01590	0.04102	0.68023	0.02260	0.03432	0.01842	0.02930	0.02511	0.01674	0.02511	0.01423	0.01674	0.01005	0.00753	0.00753	0.00251	0.01172	0.00586	0.00335	0.01172
71	0.01740	0.01749	0.02508	0.02126	0.02155	0.02414	0.03938	0.01931	0.01238	0.01931	0.01061	0.01749	0.01047	0.01363	0.02544	0.00344	0.68239	0.00702	0.00349	0.00875
72	0.01109	0.00810	0.01041	0.00984	0.01176	0.00743	0.00738	0.01470	0.02213	0.03105	0.62514	0.06047	0.11782	0.01649	0.00935	0.00251	0.00376	0.01451	0.00863	0.00743
73	0.00955	0.00804	0.00828	0.00822	0.01082	0.00677	0.00617	0.01173	0.01850	0.02242	0.13684	0.07467	0.61150	0.01971	0.00937	0.00266	0.00399	0.01651	0.00750	0.00677
74	0.01963	0.01884	0.03219	0.04867	0.67185	0.01884	0.02434	0.02434	0.01806	0.02591	0.01492	0.01963	0.01256	0.00707	0.00785	0.00236	0.00942	0.00707	0.00393	0.01256
75	0.01151	0.00776	0.00904	0.00904	0.00917	0.00790	0.00529	0.01178	0.01165	0.01566	0.02463	0.04993	0.02798	0.65869	0.10182	0.00817	0.00897	0.01124	0.00475	0.00502
76	0.01602	0.01594	0.02648	0.59427	0.05180	0.04552	0.09599	0.02134	0.01647	0.02084	0.01425	0.02089	0.01073	0.00779	0.00807	0.00262	0.01106	0.00724	0.00360	0.00905
77	0.01377	0.00689	0.01033	0.01033	0.01033	0.00689	0.00689	0.01033	0.01033	0.01377	0.01377	0.02410	0.01377	0.02755	0.03099	0.76928	0.00689	0.00689	0.00344	0.00344
78	0.02962	0.03779	0.02247	0.02043	0.02451	0.68948	0.01532	0.03166	0.02247	0.01941	0.01226	0.01430	0.01021	0.00817	0.00715	0.00204	0.01430	0.00511	0.00409	0.00919
79	0.02673	0.24083	0.02801	0.01811	0.02312	0.43646	0.01467	0.05711	0.04755	0.02112	0.01302	0.01468	0.01093	0.00793	0.00661	0.00198	0.01199	0.00510	0.00422	0.00982
80	0.01278	0.00913	0.01278	0.01460	0.01643	0.00913	0.01278	0.01643	0.01825	0.02373	0.04199	0.08945	0.04564	0.02191	0.01095	0.00365	0.00730	0.61847	0.00730	0.00730
81	0.01988	0.01866	0.06122	0.04943	0.03059	0.01584	0.26856	0.05356	0.01897	0.09304	0.01688	0.01985	0.01262	0.00694	0.00776	0.00209	0.00961	0.00719	0.00498	0.28233
82	0.01849	0.02066	0.04376	0.03126	0.03918	0.01911	0.57971	0.02486	0.01849	0.02544	0.01585	0.02090	0.01200	0.00660	0.00901	0.00252	0.01262	0.00889	0.00408	0.08657
83	0.04790	0.02200	0.06995	0.06028	0.03826	0.04618	0.48485	0.02478	0.01788	0.02477	0.01505	0.02022	0.01153	0.00748	0.01040	0.00270	0.07295	0.00853	0.00395	0.01034
84	0.01662	0.13356	0.59395	0.02138	0.03243	0.02017	0.02717	0.02493	0.01666	0.02424	0.01380	0.01620	0.01006	0.00743	0.00720	0.00240	0.01128	0.00564	0.00335	0.01151
85	0.01963	0.01884	0.03219	0.04867	0.67185	0.01884	0.02434	0.02434	0.01806	0.02591	0.01492	0.01963	0.01256	0.00707	0.00785	0.00236	0.00942	0.00707	0.00393	0.01256
86	0.01087	0.00803	0.01016	0.00976	0.01167	0.00731	0.00727	0.01423	0.02142	0.02968	0.54914	0.09788	0.15865	0.01724	0.00940	0.00256	0.00383	0.01514	0.00846	0.00731
87	0.01781	0.02019	0.06194	0.02777	0.03290	0.02099	0.37727	0.02273	0.01613	0.02292	0.01428	0.02027	0.01175	0.01153	0.04533	0.00339	0.25076	0.00836	0.00381	0.00988
88	0.00973	0.00702	0.00922	0.01085	0.01148	0.00651	0.00731	0.01127	0.01570	0.02092	0.07892	0.65208	0.08130	0.02417	0.01005	0.00316	0.00453	0.02184	0.00743	0.00651
89	0.01963	0.01884	0.03219	0.04867	0.67185	0.01884	0.02434	0.02434	0.01806	0.02591	0.01492	0.01963	0.01256	0.00707	0.00785	0.00236	0.00942	0.00707	0.00393	0.01256
90	0.02166	0.10375	0.36853	0.02093	0.02926	0.27679	0.02247	0.02750	0.01888	0.02232	0.01318	0.01543	0.01012	0.00771	0.00716	0.00226	0.01241	0.00542	0.00364	0.01061
91	0.01526	0.00787	0.00808	0.00789	0.00981	0.00795	0.00593	0.03940	0.01705	0.02955	0.02509	0.02896	0.01980	0.01007	0.00677	0.03629	0.00401	0.00736	0.70545	0.00742
92	0.03111	0.01483	0.01852	0.01484	0.02054	0.01439	0.01205	0.06702	0.19239	0.47744	0.03099	0.02732	0.02057	0.01005	0.00800	0.00251	0.00671	0.00820	0.00926	0.01324
93	0.01278	0.00913	0.01278	0.01460	0.01643	0.00913	0.01278	0.01643	0.01825	0.02373	0.04199	0.08945	0.04564	0.02191	0.01095	0.00365	0.00730	0.61847	0.00730	0.00730
94	0.15240	0.08532	0.14049	0.02591	0.03385	0.02039	0.37853	0.02484	0.01725	0.02656	0.01443	0.01839	0.01095	0.00695	0.00791	0.00252	0.01140	0.00746	0.00401	0.01044
95	0.00996	0.00711	0.00954	0.01138	0.01197	0.00670	0.00787	0.01155	0.01547	0.02057	0.04354	0.65681	0.05180	0.02457	0.01020	0.00326	0.00486	0.07896	0.00736	0.00652
96	0.00966	0.00690	0.00920	0.01104	0.01150	0.00644	0.00736	0.01104	0.01518	0.02024	0.04371	0.71614	0.05245	0.02484	0.01012	0.00322	0.00460	0.02254	0.00736	0.00644
97	0.02774	0.02033	0.02198	0.01741	0.02316	0.02245	0.01417	0.50280	0.12457	0.06861	0.02271	0.05835	0.01734	0.01053	0.00807	0.00247	0.00808	0.00826	0.00799	0.01297
98	0.02538	0.02735	0.02264	0.05339	0.11453	0.34085	0.01595	0.11102	0.12559	0.02700	0.01743	0.01912	0.01369	0.00865	0.00746	0.00225	0.01096	0.00646	0.03962	0.01066
99	0.77733	0.01534	0.01166	0.01043	0.01534	0.01779	0.00859	0.02331	0.01350	0.03558	0.01104	0.01288	0.00859	0.00736	0.00491	0.00245	0.00613	0.00429	0.00491	0.00859
100	0.01972	0.01703	0.01793	0.01614	0.02062	0.01972	0.01255	0.04214	0.65752	0.03317	0.03228	0.02959	0.02421	0.01076	0.00807	0.00269	0.00628	0.00897	0.00807	0.01255
101	0.01480	0.01338	0.01915	0.10108	0.02180	0.01752	0.01450	0.01720	0.01319	0.01956	0.01732	0.08514	0.01725	0.04787	0.15858	0.00532	0.35917	0.00885	0.04032	0.00797
102	0.02357	0.01821	0.02005	0.01520	0.02149	0.01816	0.01231	0.34971	0.05016	0.03838	0.01780	0.01975	0.01382	0.03761	0.00846	0.00213	0.00746	0.00642	0.00653	0.31280
103	0.00961	0.00804	0.00837	0.00829	0.01086	0.00680	0.00621	0.01185	0.01864	0.02277	0.15686	0.07409	0.59126	0.01958	0.00937	0.00265	0.00398	0.01642	0.00754	0.00680
104	0.00981	0.00701	0.00937	0.01121	0.01174	0.00657	0.00762	0.01130	0.01533	0.02041	0.04362	0.68629	0.05212	0.02470	0.01016	0.00324	0.00473	0.05093	0.00736	0.00648
105	0.01641	0.06216	0.59336	0.02411	0.06403	0.01897	0.06235	0.02505	0.01689	0.02495	0.01425	0.01700	0.01028	0.00744	0.00757	0.00249	0.01159	0.00605	0.00341	0.01165
106	0.01590	0.04102	0.68023	0.02260	0.03432	0.01842	0.02930	0.02511	0.01674	0.02511	0.01423	0.01674	0.01005	0.00753	0.00753	0.00251	0.01172	0.00586	0.00335	0.01172
107	0.01583	0.03915	0.63405	0.02252	0.03376	0.01808	0.04983	0.02476	0.01702	0.02536	0.03788	0.01844	0.01245	0.00782	0.00766	0.00252	0.01149	0.00629	0.00357	0.01153
108	0.02858	0.02101	0.02289	0.05023	0.02518	0.02331	0.01488	0.58108	0.03512	0.04744	0.01918	0.01972	0.01372	0.00943	0.00780	0.00236	0.00854	0.00715	0.04946	0.01293
109	0.01703	0.01687	0.02367	0.02038	0.02046	0.02352	0.01695	0.01882	0.01218	0.01905	0.01099	0.01809	0.01092	0.01633	0.06175	0.00397	0.66991	0.00702	0.00351	0.00859
110	0.00993	0.00805	0.00880	0.00861	0.01105	0.00693	0.00646	0.01245	0.01938	0.02453	0.25598	0.07121	0.49104	0.01893	0.00937	0.00262	0.00393	0.01602	0.00777	0.00693
111	0.01963	0.01884	0.03219	0.04867	0.67185	0.01884	0.02434	0.02434	0.01806	0.02591	0.01492	0.01963	0.01256	0.00707	0.00785	0.00236	0.00942	0.00707	0.00393	0.01256
112	0.02120	0.72609	0.04155	0.01357	0.02035	0.03138	0.01357	0.02374	0.01611	0.01866	0.01102	0.01272	0.01018	0.00678	0.00509	0.00170	0.00848	0.00424	0.00339	0.01018
113	0.06342	0.01193	0.01568	0.01266	0.01743	0.01066	0.01023	0.03063	0.02218	0.44821	0.22606	0.03624	0.03608	0.01167	0.00825	0.00247	0.00579	0.00976	0.00925	0.01141
114	0.00966	0.00690	0.00920	0.01104	0.01150	0.00644	0.00736	0.01104	0.01518	0.02024	0.04371	0.71614	0.05245	0.02484	0.01012	0.00322	0.00460	0.02254	0.00736	0.00644
115	0.03056	0.02154	0.02339	0.01793	0.02426	0.02360	0.01481	0.59900	0.03617	0.09796	0.01998	0.01965	0.01396	0.00954	0.00794	0.00239	0.00857	0.00720	0.00808	0.01349
116	0.01498	0.01409	0.02378	0.70226	0.05462	0.01762	0.02202	0.02026	0.01586	0.02026	0.01409	0.02114	0.01057	0.00793	0.00793	0.00264	0.01057	0.00705	0.00352	0.00881
117	0.00947	0.00804	0.00817	0.00814	0.01077	0.00674	0.00610	0.01157	0.01831	0.02198	0.11194	0.07540	0.63668	0.01987	0.00937	0.00267	0.00400	0.01661	0.00744	0.00674
118	0.01183	0.00946	0.01076	0.01019	0.01277	0.00908	0.00771	0.01781	0.11938	0.02804	0.34411	0.06117	0.29434	0.01685	0.00916	0.00259	0.00424	0.01442	0.00810	0.00797
119	0.04588	0.00843	0.01065	0.01000	0.01200	0.00795	0.00753	0.01534	0.02204	0.03197	0.63796	0.05714	0.07183	0.01581	0.00915	0.00249	0.00385	0.01389	0.00856	0.00753
120	0.01590	0.04102	0.68023	0.02260	0.03432	0.01842	0.02930	0.02511	0.01674	0.02511	0.01423	0.01674	0.01005	0.00753	0.00753	0.00251	0.01172	0.00586	0.00335	0.01172
121	0.01278	0.00913	0.01278	0.01460	0.01643	0.00913	0.01278	0.01643	0.01825	0.02373	0.04199	0.08945	0.04564	0.02191	0.01095	0.00365	0.00730	0.61847	0.00730	0.00730
122	0.00946	0.00804	0.00815	0.00812	0.01076	0.00673	0.00609	0.01155	0.01828	0.02191	0.10778	0.07552	0.64088	0.01990	0.00937	0.00267	0.00400	0.01662	0.00743	0.00673
123	0.01963	0.01884	0.03219	0.04867	0.67185	0.01884	0.02434	0.02434	0.01806	0.02591	0.01492	0.01963	0.01256	0.00707	0.00785	0.00236	0.00942	0.00707	0.00393	0.01256
124	0.01498	0.01409	0.02378	0.70226	0.05462	0.01762	0.02202	0.02026	0.01586	0.02026	0.01409	0.02114	0.01057	0.00793	0.00793	0.00264	0.01057	0.00705	0.00352	0.00881
125	0.01590	0.04102	0.68023	0.02260	0.03432	0.01842	0.02930	0.02511	0.01674	0.02511	0.01423	0.01674	0.01005	0.00753	0.00753	0.00251	0.01172	0.00586	0.00335	0.01172
126	0.01377	0.00689	0.01033	0.01033	0.01033	0.00689	0.00689	0.01033	0.01033	0.01377	0.01377	0.02410	0.01377	0.02755	0.03099	0.76928	0.00689	0.00689	0.00344	0.00344
127	0.01644	0.01409	0.01644	0.01175	0.01879	0.01057	0.00940	0.01997	0.01644	0.02584	0.01409	0.01644	0.01175	0.00587	0.00587	0.00117	0.00587	0.00470	0.00470	0.76979
128	0.01872	0.02139	0.04679	0.03342	0.04144	0.02005	0.64305	0.02540	0.01872	0.02540	0.01604	0.02139	0.01203	0.00668	0.00936	0.00267	0.01337	0.00936	0.00401	0.01070
129	0.01990	0.02209	0.03017	0.02422	0.02716	0.14122	0.18940	0.02306	0.01579	0.02088	0.01229	0.01792	0.01082	0.01088	0.01808	0.00300	0.39278	0.00728	0.00373	0.00932
130	0.01377	0.00689	0.01033	0.01033	0.01033	0.00689	0.00689	0.01033	0.01033	0.01377	0.01377	0.02410	0.01377	0.02755	0.03099	0.76928	0.00689	0.00689	0.00344	0.00344
131	0.01644	0.01409	0.01644	0.01175	0.01879	0.01057	0.00940	0.01997	0.01644	0.02584	0.01409	0.01644	0.01175	0.00587	0.00587	0.00117	0.00587	0.00470	0.00470	0.76979
132	0.05139	0.58021	0.06401	0.01446	0.02110	0.08849	0.01410	0.02509	0.01687	0.04619	0.01208	0.01361	0.01049	0.00708	0.00548	0.00182	0.00897	0.00454	0.00377	0.01022
133	0.01263	0.00902	0.01261	0.01444	0.01620	0.00900	0.01253	0.01618	0.01811	0.02357	0.04207	0.11873	0.04596	0.02204	0.01091	0.00363	0.00718	0.59063	0.00730	0.00726
134	0.00966	0.00690	0.00920	0.01104	0.01150	0.00644	0.00736	0.01104	0.01518	0.02024	0.04371	0.71614	0.05245	0.02484	0.01012	0.00322	0.00460	0.02254	0.00736	0.00644
135	0.01926	0.02094	0.09677	0.04339	0.55441	0.01887	0.02389	0.02586	0.06974	0.02641	0.01625	0.02014	0.01325	0.00741	0.00784	0.00240	0.00940	0.00710	0.00420	0.01247
136	0.01590	0.04102	0.68023	0.02260	0.03432	0.01842	0.02930	0.02511	0.01674	0.02511	0.01423	0.01674	0.01005	0.00753	0.00753	0.00251	0.01172	0.00586	0.00335	0.01172
137	0.01224	0.00875	0.01216	0.01399	0.01558	0.00867	0.01185	0.01550	0.01773	0.02313	0.04228	0.19701	0.04681	0.02241	0.01081	0.00358	0.00684	0.51619	0.00731	0.00715
138	0.01612	0.06863	0.65449	0.02224	0.03376	0.01894	0.02866	0.02506	0.01672	0.02485	0.01410	0.01658	0.01005	0.00750	0.00744	0.00248	0.01159	0.00579	0.00335	0.01166
139	0.02862	0.04443	0.01922	0.01477	0.02024	0.01560	0.01203	0.08631	0.20642	0.37829	0.06523	0.02831	0.02314	0.01029	0.00796	0.00249	0.00667	0.00839	0.00883	0.01275
140	0.00975	0.00697	0.00928	0.01098	0.01152	0.00650	0.00737	0.01125	0.01557	0.02086	0.07728	0.68079	0.05365	0.02438	0.01008	0.00318	0.00455	0.02210	0.00743	0.00650
141	0.02231	0.01771	0.01893	0.01638	0.02126	0.02010	0.01292	0.14231	0.52018	0.07063	0.03002	0.02769	0.02218	0.01050	0.00804	0.00263	0.00671	0.00861	0.00814	0.01276
142	0.08745	0.02073	0.02270	0.04748	0.08016	0.04800	0.01524	0.40793	0.08502	0.07750	0.01940	0.01985	0.01404	0.00914	0.00767	0.00241	0.00855	0.00703	0.00714	0.01258
143	0.01664	0.01573	0.03039	0.05578	0.02986	0.01514	0.33917	0.02191	0.04358	0.05841	0.02565	0.15322	0.04507	0.06636	0.04239	0.00359	0.01059	0.01194	0.00527	0.00931
144	0.77733	0.01534	0.01166	0.01043	0.01534	0.01779	0.00859	0.02331	0.01350	0.03558	0.01104	0.01288	0.00859	0.00736	0.00491	0.00245	0.00613	0.00429	0.00491	0.00859
145	0.05080	0.13547	0.56111	0.02080	0.03152	0.02020	0.02617	0.02484	0.01651	0.02468	0.01364	0.01601	0.01000	0.00742	0.00707	0.00239	0.01102	0.00556	0.00342	0.01136
146	0.03009	0.01455	0.01815	0.01463	0.02015	0.01413	0.01185	0.06364	0.19040	0.45281	0.05960	0.02879	0.02306	0.01034	0.00806	0.00251	0.00657	0.00849	0.00923	0.01298
147	0.01872	0.02139	0.04679	0.03342	0.04144	0.02005	0.64305	0.02540	0.01872	0.02540	0.01604	0.02139	0.01203	0.00668	0.00936	0.00267	0.01337	0.00936	0.00401	0.01070
148	0.02046	0.01687	0.01795	0.01604	0.02060	0.01935	0.01251	0.04197	0.62786	0.06327	0.03223	0.02946	0.02399	0.01071	0.00806	0.00268	0.00630	0.00892	0.00815	0.01260
149	0.01590	0.04102	0.68023	0.02260	0.03432	0.01842	0.02930	0.02511	0.01674	0.02511	0.01423	0.01674	0.01005	0.00753	0.00753	0.00251	0.01172	0.00586	0.00335	0.01172
150	0.00978	0.00699	0.00931	0.01096	0.01153	0.00652	0.00737	0.01133	0.01572	0.02110	0.09014	0.66726	0.05411	0.02420	0.01006	0.00317	0.00454	0.02193	0.00746	0.00652
151	0.01122	0.00811	0.01060	0.00998	0.01185	0.00748	0.00748	0.01496	0.02245	0.03180	0.66766	0.05923	0.07482	0.01621	0.00935	0.00249	0.00374	0.01434	0.00873	0.00748
152	0.01278	0.00913	0.01278	0.01460	0.01643	0.00913	0.01278	0.01643	0.01825	0.02373	0.04199	0.08945	0.04564	0.02191	0.01095	0.00365	0.00730	0.61847	0.00730	0.00730
153	0.00996	0.00698	0.00938	0.01114	0.01162	0.00656	0.00753	0.01120	0.01507	0.02008	0.04230	0.66291	0.05047	0.02486	0.01109	0.03761	0.00480	0.04293	0.00718	0.00634
154	0.00947	0.00804	0.00817	0.00814	0.01077	0.00674	0.00611	0.01158	0.01832	0.02199	0.11270	0.07537	0.63591	0.01987	0.00937	0.00267	0.00400	0.01660	0.00744	0.00674
155	0.00966	0.00690	0.00920	0.01104	0.01150	0.00644	0.00736	0.01104	0.01518	0.02024	0.04371	0.71614	0.05245	0.02484	0.01012	0.00322	0.00460	0.02254	0.00736	0.00644
156	0.00966	0.00690	0.00920	0.01104	0.01150	0.00644	0.00736	0.01104	0.01518	0.02024	0.04371	0.71614	0.05245	0.02484	0.01012	0.00322	0.00460	0.02254	0.00736	0.00644
157	0.01498	0.01409	0.02378	0.70226	0.05462	0.01762	0.02202	0.02026	0.01586	0.02026	0.01409	0.02114	0.01057	0.00793	0.00793	0.00264	0.01057	0.00705	0.00352	0.00881
158	0.00966	0.00690	0.00920	0.01104	0.01150	0.00644	0.00736	0.01104	0.01518	0.02024	0.04371	0.71614	0.05245	0.02484	0.01012	0.00322	0.00460	0.02254	0.00736	0.00644
159	0.03558	0.01350	0.01840	0.01411	0.02024	0.01166	0.01166	0.03865	0.02270	0.67734	0.03128	0.02699	0.01963	0.00981	0.00797	0.00245	0.00675	0.00797	0.00981	0.01350
160	0.01590	0.04102	0.68023	0.02260	0.03432	0.01842	0.02930	0.02511	0.01674	0.02511	0.01423	0.01674	0.01005	0.00753	0.00753	0.00251	0.01172	0.00586	0.00335	0.01172
161	0.02120	0.72609	0.04155	0.01357	0.02035	0.03138	0.01357	0.02374	0.01611	0.01866	0.01102	0.01272	0.01018	0.00678	0.00509	0.00170	0.00848	0.00424	0.00339	0.01018
162	0.01122	0.00811	0.01060	0.00998	0.01185	0.00748	0.00748	0.01496	0.02245	0.03180	0.66766	0.05923	0.07482	0.01621	0.00935	0.00249	0.00374	0.01434	0.00873	0.00748
163	0.00945	0.00804	0.00815	0.00812	0.01076	0.00673	0.00609	0.01154	0.01827	0.02188	0.10652	0.07555	0.64215	0.01991	0.00937	0.00267	0.00400	0.01663	0.00742	0.00673
164	0.01927	0.01651	0.01741	0.01572	0.01995	0.01905	0.01212	0.04043	0.62151	0.03218	0.03187	0.03083	0.02446	0.05037	0.00987	0.00297	0.00635	0.00911	0.00789	0.01212
165	0.01153	0.00769	0.00865	0.00865	0.00865	0.00769	0.00480	0.01153	0.01153	0.01538	0.02499	0.05189	0.02883	0.72131	0.04036	0.00769	0.00769	0.01153	0.00480	0.00480
166	0.01866	0.02121	0.04578	0.03286	0.04052	0.02024	0.61498	0.02512	0.01842	0.02512	0.01579	0.02121	0.01196	0.00701	0.01011	0.00271	0.04447	0.00925	0.00399	0.01060
167	0.01972	0.01703	0.01793	0.01614	0.02062	0.01972	0.01255	0.04214	0.65752	0.03317	0.03228	0.02959	0.02421	0.01076	0.00807	0.00269	0.00628	0.00897	0.00807	0.01255
168	0.00966	0.00690	0.00920	0.01104	0.01150	0.00644	0.00736	0.01104	0.01518	0.02024	0.04371	0.71614	0.05245	0.02484	0.01012	0.00322	0.00460	0.02254	0.00736	0.00644
169	0.01644	0.01409	0.01644	0.01175	0.01879	0.01057	0.00940	0.01997	0.01644	0.02584	0.01409	0.01644	0.01175	0.00587	0.00587	0.00117	0.00587	0.00470	0.00470	0.76979
170	0.02481	0.01859	0.02191	0.01762	0.02318	0.04879	0.07164	0.19148	0.25298	0.14320	0.02782	0.02663	0.04739	0.01003	0.00808	0.00249	0.00789	0.00839	0.00762	0.03946
171	0.01872	0.02139	0.04679	0.03342	0.04144	0.02005	0.64305	0.02540	0.01872	0.02540	0.01604	0.02139	0.01203	0.00668	0.00936	0.00267	0.01337	0.00936	0.00401	0.01070
172	0.01498	0.01409	0.02378	0.70226	0.05462	0.01762	0.02202	0.02026	0.01586	0.02026	0.01409	0.02114	0.01057	0.00793	0.00793	0.00264	0.01057	0.00705	0.00352	0.00881
173	0.01498	0.01409	0.02378	0.70226	0.05462	0.01762	0.02202	0.02026	0.01586	0.02026	0.01409	0.02114	0.01057	0.00793	0.00793	0.00264	0.01057	0.00705	0.00352	0.00881
174	0.01535	0.01448	0.02446	0.64976	0.10419	0.01772	0.02221	0.02059	0.01603	0.02071	0.01416	0.02102	0.01073	0.00786	0.00792	0.00262	0.01048	0.00705	0.00356	0.00911
175	0.02120	0.72609	0.04155	0.01357	0.02035	0.03138	0.01357	0.02374	0.01611	0.01866	0.01102	0.01272	0.01018	0.00678	0.00509	0.00170	0.00848	0.00424	0.00339	0.01018
176	0.00937	0.00803	0.00803	0.00803	0.01071	0.00669	0.00602	0.01138	0.01807	0.02142	0.08033	0.07632	0.66863	0.02008	0.00937	0.00268	0.00402	0.01674	0.00736	0.00669
177	0.01872	0.02139	0.04679	0.03342	0.04144	0.02005	0.64305	0.02540	0.01872	0.02540	0.01604	0.02139	0.01203	0.00668	0.00936	0.00267	0.01337	0.00936	0.00401	0.01070
178	0.01814	0.02023	0.04228	0.03084	0.03751	0.01997	0.53595	0.02396	0.01773	0.02438	0.01658	0.05204	0.01364	0.00840	0.01149	0.00280	0.10007	0.00965	0.00409	0.01025
179	0.01972	0.01713	0.01873	0.01795	0.05693	0.01967	0.01321	0.04114	0.62187	0.03277	0.03131	0.02903	0.02356	0.01055	0.00806	0.00267	0.00645	0.00886	0.00784	0.01255
180	0.00966	0.00690	0.00920	0.01104	0.01150	0.00644	0.00736	0.01104	0.01518	0.02024	0.04371	0.71614	0.05245	0.02484	0.01012	0.00322	0.00460	0.02254	0.00736	0.00644
181	0.02028	0.01731	0.01825	0.01625	0.02083	0.01999	0.01269	0.07460	0.62415	0.03408	0.03156	0.02902	0.02363	0.01069	0.00806	0.00267	0.00641	0.00887	0.00806	0.01260
182	0.01835	0.02081	0.04528	0.03252	0.04024	0.01950	0.61743	0.02482	0.01857	0.02519	0.01716	0.04939	0.01366	0.00742	0.00939	0.00270	0.01302	0.00989	0.00415	0.01052
183	0.02899	0.06065	0.02355	0.02110	0.04754	0.61266	0.01557	0.05849	0.02275	0.02098	0.01261	0.01465	0.01044	0.00814	0.00714	0.00206	0.01367	0.00524	0.00423	0.00954
184	0.01278	0.00913	0.01278	0.01460	0.01643	0.00913	0.01278	0.01643	0.01825	0.02373	0.04199	0.08945	0.04564	0.02191	0.01095	0.00365	0.00730	0.61847	0.00730	0.00730
185	0.05349	0.44647	0.27090	0.01669	0.02517	0.02608	0.01903	0.02422	0.01622	0.02175	0.01218	0.01418	0.01006	0.00708	0.00596	0.00202	0.00954	0.00483	0.00344	0.01066
186	0.06423	0.02471	0.02296	0.05091	0.02557	0.16088	0.01515	0.46015	0.03210	0.04159	0.01703	0.01788	0.01244	0.00907	0.00763	0.00233	0.00984	0.00658	0.00679	0.01215
187	0.00968	0.00808	0.00847	0.00847	0.01103	0.00686	0.00642	0.01193	0.01853	0.02256	0.13876	0.07505	0.58568	0.01975	0.00943	0.00269	0.00411	0.03821	0.00750	0.00680
188	0.01145	0.00766	0.00867	0.00875	0.00877	0.00764	0.00491	0.01151	0.01168	0.01558	0.02576	0.07941	0.02981	0.69246	0.03911	0.00750	0.00756	0.01199	0.00491	0.00487
189	0.02461	0.01943	0.02093	0.07987	0.02528	0.04740	0.01437	0.31258	0.24051	0.06365	0.02573	0.02523	0.04384	0.01018	0.00801	0.00251	0.00803	0.00809	0.00747	0.01230
190	0.01153	0.00769	0.00865	0.00865	0.00865	0.00769	0.00480	0.01153	0.01153	0.01538	0.02499	0.05189	0.02883	0.72131	0.04036	0.00769	0.00769	0.01153	0.00480	0.00480
191	0.01062	0.00764	0.01027	0.01203	0.01300	0.00729	0.00899	0.01273	0.01625	0.02137	0.04465	0.49574	0.07517	0.02374	0.01035	0.00333	0.00542	0.20737	0.00734	0.00672
192	0.01071	0.00770	0.01037	0.01214	0.01315	0.00736	0.00915	0.01288	0.01633	0.02147	0.04443	0.48052	0.07219	0.02368	0.01038	0.00335	0.00550	0.22461	0.00734	0.00674
193	0.09768	0.01710	0.01953	0.01627	0.02179	0.01714	0.01284	0.08729	0.22751	0.33977	0.03051	0.02883	0.02157	0.01139	0.00870	0.00296	0.00748	0.00858	0.00927	0.01377
194	0.00954	0.00804	0.00827	0.00821	0.01081	0.00677	0.00616	0.01171	0.01848	0.02237	0.13413	0.07475	0.61424	0.01973	0.00937	0.00266	0.00399	0.01652	0.00749	0.00677
195	0.00966	0.00690	0.00920	0.01104	0.01150	0.00644	0.00736	0.01104	0.01518	0.02024	0.04371	0.71614	0.05245	0.02484	0.01012	0.00322	0.00460	0.02254	0.00736	0.00644
196	0.01785	0.01933	0.03775	0.12200	0.03786	0.02083	0.39411	0.02304	0.01660	0.02304	0.01430	0.02030	0.01141	0.00874	0.01352	0.00288	0.19433	0.00841	0.00380	0.00991
197	0.01402	0.01205	0.01821	0.01572	0.01894	0.03741	0.14279	0.01707	0.01799	0.05919	0.08825	0.27386	0.18858	0.01760	0.00953	0.00285	0.00690	0.04427	0.00675	0.00802
198	0.02553	0.03114	0.02519	0.02173	0.02516	0.46049	0.07413	0.02793	0.01953	0.01988	0.01215	0.01572	0.01043	0.00946	0.01209	0.00246	0.18788	0.00596	0.00392	0.00920
199	0.01106	0.00810	0.01037	0.00980	0.01175	0.00741	0.00735	0.01464	0.02205	0.03087	0.61504	0.06076	0.12803	0.01656	0.00935	0.00251	0.00377	0.01456	0.00861	0.00741
200	0.01922	0.29277	0.37964	0.01906	0.02820	0.09009	0.02212	0.02526	0.01708	0.02217	0.01285	0.01502	0.01011	0.00732	0.00660	0.00216	0.01078	0.00519	0.00344	0.01090
201	0.02050	0.24297	0.34656	0.02008	0.05654	0.05343	0.02166	0.05388	0.01827	0.07572	0.01477	0.01646	0.01112	0.00759	0.00685	0.00223	0.01023	0.00562	0.00414	0.01139
202	0.01124	0.00841	0.01255	0.01265	0.01401	0.00972	0.00977	0.01399	0.01288	0.01851	0.02249	0.06934	0.02164	0.05754	0.65199	0.01221	0.02031	0.00928	0.00442	0.00704
203	0.01591	0.01446	0.02325	0.61039	0.04990	0.01795	0.02087	0.05460	0.01690	0.02216	0.01460	0.02114	0.01106	0.00833	0.00866	0.00264	0.04148	0.00706	0.02963	0.00901
204	0.01817	0.01734	0.02929	0.18221	0.51241	0.01801	0.02298	0.02287	0.01760	0.02452	0.01786	0.02264	0.04340	0.00786	0.00794	0.00243	0.00940	0.00752	0.00401	0.01150
205	0.01124	0.00836	0.01158	0.01204	0.01339	0.00796	0.03071	0.03510	0.01795	0.02437	0.18752	0.47874	0.05448	0.02148	0.00988	0.00303	0.00501	0.05245	0.00758	0.00713
206	0.01963	0.01884	0.03219	0.04867	0.67185	0.01884	0.02434	0.02434	0.01806	0.02591	0.01492	0.01963	0.01256	0.00707	0.00785	0.00236	0.00942	0.00707	0.00393	0.01256
207	0.23751	0.01751	0.11138	0.06962	0.04445	0.01529	0.01357	0.07709	0.04091	0.05622	0.11672	0.05769	0.04906	0.01053	0.00723	0.00249	0.00703	0.00837	0.04778	0.00956
208	0.01578	0.07552	0.06164	0.01293	0.01666	0.03946	0.01098	0.12360	0.02183	0.02862	0.19117	0.16115	0.16053	0.01574	0.00872	0.00258	0.00627	0.03101	0.00704	0.00877
209	0.01813	0.01375	0.01636	0.01196	0.01866	0.01052	0.00955	0.02152	0.01703	0.09197	0.01700	0.04473	0.01413	0.00701	0.00625	0.00138	0.00591	0.00573	0.00532	0.66309
210	0.54575	0.01828	0.06923	0.01371	0.01949	0.01830	0.04525	0.07510	0.04511	0.06580	0.01412	0.01556	0.01051	0.00778	0.00589	0.00247	0.00722	0.00531	0.00535	0.00976
211	0.01724	0.01855	0.05739	0.02169	0.02554	0.07588	0.21557	0.02121	0.01661	0.02305	0.02040	0.11766	0.01942	0.01207	0.01284	0.00282	0.17879	0.03840	0.09587	0.00899
212	0.01627	0.10860	0.59256	0.02125	0.03213	0.01933	0.02695	0.02462	0.01688	0.02470	0.03691	0.01783	0.01234	0.00776	0.00735	0.00243	0.01111	0.00600	0.00354	0.01142
213	0.00990	0.00708	0.00946	0.01119	0.01178	0.00663	0.00766	0.01151	0.01568	0.02095	0.07184	0.65270	0.05309	0.02430	0.01013	0.00321	0.00471	0.05424	0.00742	0.00653
214	0.01926	0.01986	0.03800	0.04260	0.42077	0.01932	0.27076	0.02476	0.01832	0.02571	0.01536	0.02033	0.01235	0.00691	0.00845	0.00248	0.01099	0.00798	0.00396	0.01182
215	0.03110	0.01256	0.01712	0.01374	0.01906	0.01101	0.01134	0.03428	0.02228	0.55417	0.09628	0.03580	0.02750	0.01154	0.00838	0.00256	0.00649	0.06299	0.00948	0.01234
216	0.01658	0.01561	0.02636	0.43005	0.27955	0.01767	0.02244	0.02158	0.01678	0.02250	0.01570	0.02378	0.01294	0.00826	0.00804	0.00258	0.01000	0.03562	0.00385	0.01012
217	0.03536	0.01385	0.01862	0.01428	0.02042	0.01219	0.01180	0.06359	0.02330	0.65155	0.03078	0.02666	0.01938	0.00980	0.00797	0.00245	0.00683	0.00794	0.00974	0.01349
218	0.01702	0.01681	0.02342	0.02014	0.02014	0.02336	0.01665	0.01866	0.01211	0.01888	0.01122	0.01927	0.01144	0.05332	0.02682	0.00370	0.66782	0.00720	0.00354	0.00846
219	0.01514	0.00798	0.00817	0.00804	0.01000	0.00805	0.00604	0.04404	0.01741	0.02990	0.02657	0.06696	0.02181	0.01011	0.00589	0.00195	0.00395	0.00822	0.69219	0.00759
220	0.01498	0.01409	0.02378	0.70226	0.05462	0.01762	0.02202	0.02026	0.01586	0.02026	0.01409	0.02114	0.01057	0.00793	0.00793	0.00264	0.01057	0.00705	0.00352	0.00881
221	0.01122	0.00811	0.01060	0.00998	0.01185	0.00748	0.00748	0.01496	0.02245	0.03180	0.66766	0.05923	0.07482	0.01621	0.00935	0.00249	0.00374	0.01434	0.00873	0.00748
222	0.31562	0.01419	0.01586	0.01272	0.01839	0.01397	0.01050	0.03286	0.01922	0.43505	0.02364	0.02166	0.01546	0.00889	0.00682	0.00245	0.00652	0.00658	0.00796	0.01164
223	0.01107	0.00814	0.01039	0.00994	0.01190	0.00746	0.00753	0.01461	0.02178	0.03030	0.57597	0.06238	0.14134	0.01688	0.00942	0.00256	0.00391	0.03852	0.00852	0.00739
224	0.03322	0.01444	0.01864	0.01460	0.02053	0.01342	0.01196	0.07293	0.10582	0.55884	0.03073	0.02688	0.01988	0.00992	0.00798	0.00248	0.00680	0.00806	0.00948	0.01337
225	0.01954	0.01612	0.01730	0.01552	0.01984	0.01836	0.01207	0.03962	0.57921	0.05585	0.08811	0.03210	0.02850	0.01120	0.00818	0.00266	0.00607	0.00940	0.00819	0.01214
226	0.00966	0.00690	0.00920	0.01104	0.01150	0.00644	0.00736	0.01104	0.01518	0.02024	0.04371	0.71614	0.05245	0.02484	0.01012	0.00322	0.00460	0.02254	0.00736	0.00644
227	0.02965	0.03696	0.02254	0.02031	0.02452	0.65370	0.01531	0.06469	0.02327	0.02105	0.01262	0.01456	0.01039	0.00824	0.00719	0.00206	0.01400	0.00522	0.00429	0.00942
228	0.01972	0.01703	0.01793	0.01614	0.02062	0.01972	0.01255	0.04214	0.65752	0.03317	0.03228	0.02959	0.02421	0.01076	0.00807	0.00269	0.00628	0.00897	0.00807	0.01255
229	0.00966	0.00690	0.00920	0.01104	0.01150	0.00644	0.00736	0.01104	0.01518	0.02024	0.04371	0.71614	0.05245	0.02484	0.01012	0.00322	0.00460	0.02254	0.00736	0.00644
230	0.03533	0.01389	0.01864	0.01429	0.02044	0.01224	0.01181	0.06586	0.02335	0.64920	0.03074	0.02663	0.01935	0.00980	0.00797	0.00245	0.00684	0.00794	0.00973	0.01349
231	0.77733	0.01534	0.01166	0.01043	0.01534	0.01779	0.00859	0.02331	0.01350	0.03558	0.01104	0.01288	0.00859	0.00736	0.00491	0.00245	0.00613	0.00429	0.00491	0.00859
232	0.01133	0.00850	0.01274	0.01274	0.01416	0.00991	0.00991	0.01416	0.01274	0.01841	0.02124	0.03115	0.01982	0.05947	0.68989	0.01274	0.02124	0.00850	0.00425	0.00708
233	0.00946	0.00804	0.00815	0.00812	0.01076	0.00673	0.00609	0.01154	0.01827	0.02189	0.10668	0.07555	0.64200	0.01991	0.00937	0.00267	0.00400	0.01663	0.00743	0.00673
234	0.02120	0.72609	0.04155	0.01357	0.02035	0.03138	0.01357	0.02374	0.01611	0.01866	0.01102	0.01272	0.01018	0.00678	0.00509	0.00170	0.00848	0.00424	0.00339	0.01018
235	0.01377	0.00689	0.01033	0.01033	0.01033	0.00689	0.00689	0.01033	0.01033	0.01377	0.01377	0.02410	0.01377	0.02755	0.03099	0.76928	0.00689	0.00689	0.00344	0.00344
236	0.01122	0.00811	0.01060	0.00998	0.01185	0.00748	0.00748	0.01496	0.02245	0.03180	0.66766	0.05923	0.07482	0.01621	0.00935	0.00249	0.00374	0.01434	0.00873	0.00748
237	0.03018	0.01826	0.02083	0.01625	0.02205	0.01917	0.01324	0.37353	0.07410	0.24964	0.02423	0.02411	0.01704	0.04800	0.00970	0.00271	0.00786	0.00777	0.00838	0.01296
238	0.00987	0.00705	0.00943	0.01116	0.01175	0.00661	0.00762	0.01145	0.01562	0.02088	0.06927	0.65986	0.05305	0.02435	0.01013	0.00321	0.00469	0.05005	0.00741	0.00652
239	0.01724	0.01113	0.01361	0.01202	0.01499	0.01104	0.00927	0.08997	0.07765	0.11437	0.38205	0.04869	0.05166	0.07342	0.01157	0.00297	0.00536	0.03553	0.00834	0.00912
240	0.01599	0.01530	0.02149	0.01880	0.01906	0.02093	0.01543	0.01785	0.01223	0.01879	0.01303	0.02141	0.01295	0.05391	0.14747	0.00535	0.55070	0.00743	0.00367	0.00821
241	0.00947	0.00800	0.00819	0.00823	0.01079	0.00672	0.00614	0.01153	0.01817	0.02185	0.10538	0.09819	0.62019	0.02008	0.00940	0.00269	0.00402	0.01683	0.00742	0.00672
