[name]
unknown

[dist]
# distance from previous block
# <min> <max>
7	69

[block]
# block no. 0 follows, 23 sequences, length 7
# corresponding to MSA columns:
# 75-81
name=unknown_A
#
# <colnr> <probs for GDERKNQSTAVLIFYWHMCP>
#	G	D	E	R	K	N	Q	S	T	A	V	L	I	F	Y	W	H	M	C	P
0	0.09027	0.01259	0.01656	0.04691	0.01875	0.01383	0.04965	0.05872	0.01718	0.02511	0.06866	0.14950	0.12721	0.06367	0.07290	0.00408	0.11234	0.01207	0.00586	0.03414
1	0.01749	0.01467	0.02007	0.21659	0.08832	0.01664	0.01587	0.11008	0.14047	0.02791	0.02531	0.15714	0.02326	0.01691	0.06920	0.00369	0.00940	0.01081	0.00600	0.01015
2	0.24497	0.09243	0.01970	0.01433	0.01884	0.07691	0.04950	0.12005	0.02004	0.03087	0.07097	0.05387	0.06171	0.08097	0.01052	0.00298	0.00793	0.00835	0.00578	0.00927
3	0.01649	0.01215	0.01720	0.23609	0.06472	0.01308	0.01357	0.05872	0.01767	0.08289	0.03093	0.10543	0.10616	0.17136	0.01603	0.00388	0.00810	0.01124	0.00573	0.00854
4	0.21270	0.08560	0.01924	0.01346	0.01897	0.01677	0.03392	0.08061	0.06271	0.10886	0.07841	0.02304	0.01960	0.00887	0.00673	0.00219	0.00670	0.00684	0.05006	0.14471
5	0.01460	0.01295	0.01900	0.07966	0.02195	0.01438	0.07485	0.01893	0.05643	0.02387	0.07899	0.18339	0.08570	0.01511	0.01278	0.00287	0.15887	0.01244	0.05745	0.05578
6	0.09506	0.01270	0.01907	0.18075	0.02717	0.01430	0.07533	0.01789	0.01618	0.02367	0.07667	0.15767	0.08317	0.01849	0.07367	0.00384	0.07906	0.01170	0.00537	0.00825

[dist]
# distance from previous block
# <min> <max>
0	4

[block]
# block no. 1 follows, 23 sequences, length 9
# corresponding to MSA columns:
# 86-94
name=unknown_B
#
# <colnr> <probs for GDERKNQSTAVLIFYWHMCP>
#	G	D	E	R	K	N	Q	S	T	A	V	L	I	F	Y	W	H	M	C	P
0	0.01426	0.01210	0.01773	0.24366	0.09782	0.01310	0.01455	0.05473	0.01808	0.02371	0.06659	0.19334	0.12300	0.05827	0.01098	0.00311	0.00760	0.01306	0.00579	0.00851
1	0.06851	0.02075	0.03480	0.03488	0.26387	0.02099	0.23120	0.16591	0.02294	0.03260	0.01638	0.02014	0.01263	0.00769	0.00840	0.00253	0.01066	0.00788	0.00505	0.01216
2	0.69860	0.01498	0.01182	0.01063	0.01535	0.01718	0.00868	0.02303	0.01469	0.03603	0.07402	0.01777	0.01534	0.00841	0.00546	0.00251	0.00604	0.00539	0.00540	0.00868
3	0.02443	0.01686	0.01901	0.01537	0.02043	0.01740	0.01216	0.32037	0.05407	0.10741	0.02530	0.13600	0.02231	0.05895	0.01043	0.00280	0.00745	0.01003	0.00758	0.11164
4	0.01615	0.01479	0.02494	0.51760	0.17005	0.01742	0.02180	0.02075	0.01622	0.02134	0.01456	0.02157	0.01146	0.00949	0.00992	0.06143	0.01030	0.00720	0.00368	0.00933
5	0.01524	0.00992	0.01260	0.01166	0.01432	0.00916	0.00872	0.05692	0.02124	0.09478	0.31741	0.24478	0.05457	0.01724	0.00927	0.00265	0.00491	0.01522	0.00823	0.07114
6	0.08875	0.01373	0.02072	0.23624	0.04836	0.01637	0.05504	0.01908	0.01515	0.02288	0.05398	0.04771	0.01726	0.01311	0.01477	0.10843	0.14186	0.00808	0.05028	0.00818
7	0.07732	0.01558	0.01886	0.01478	0.02073	0.01494	0.01206	0.15830	0.04594	0.39422	0.02739	0.06007	0.01934	0.01033	0.00790	0.00244	0.00707	0.00829	0.00871	0.07575
8	0.01752	0.22233	0.43412	0.01934	0.02873	0.02124	0.02327	0.02377	0.01629	0.02272	0.01362	0.01678	0.01070	0.00959	0.00948	0.08010	0.01059	0.00565	0.00345	0.01070

[dist]
# distance from previous block
# <min> <max>
0	2

[block]
# block no. 2 follows, 23 sequences, length 48
# corresponding to MSA columns:
# 97-144
name=unknown_C
#
# <colnr> <probs for GDERKNQSTAVLIFYWHMCP>
#	G	D	E	R	K	N	Q	S	T	A	V	L	I	F	Y	W	H	M	C	P
0	0.01791	0.17467	0.48858	0.02052	0.03088	0.02140	0.02514	0.05805	0.01819	0.02563	0.01658	0.01860	0.03359	0.00812	0.00730	0.00240	0.01089	0.00613	0.00384	0.01159
1	0.08881	0.01483	0.03700	0.01326	0.01726	0.03749	0.01083	0.06330	0.18890	0.05304	0.13577	0.04760	0.19146	0.01437	0.00862	0.00270	0.00616	0.05130	0.00756	0.00975
2	0.01750	0.01431	0.03917	0.01267	0.01860	0.01122	0.01038	0.04305	0.03989	0.07342	0.10166	0.08585	0.02500	0.00975	0.00722	0.00180	0.00601	0.00822	0.00613	0.46815
3	0.01683	0.01442	0.01683	0.01202	0.01923	0.01082	0.00961	0.02043	0.01683	0.02644	0.01442	0.01683	0.01202	0.00601	0.00601	0.00120	0.00601	0.00481	0.00481	0.76444
4	0.01644	0.01532	0.02601	0.50823	0.04835	0.01789	0.09665	0.06430	0.01808	0.02354	0.01756	0.07902	0.01480	0.00952	0.00848	0.00274	0.01053	0.00884	0.00432	0.00939
5	0.00959	0.00822	0.00822	0.00822	0.01096	0.00685	0.00617	0.01165	0.01850	0.02192	0.08220	0.07809	0.66092	0.02055	0.00959	0.00274	0.00411	0.01713	0.00754	0.00685
6	0.01138	0.00829	0.01070	0.01010	0.01206	0.00761	0.00758	0.01511	0.02273	0.03196	0.62864	0.06156	0.10822	0.01680	0.00957	0.00256	0.00384	0.01481	0.00886	0.00761
7	0.01775	0.01775	0.02485	0.02130	0.02130	0.02485	0.01775	0.01953	0.01243	0.01953	0.01065	0.01775	0.01065	0.01420	0.02663	0.00355	0.69998	0.00710	0.00355	0.00888
8	0.01804	0.01861	0.02965	0.02399	0.02570	0.02395	0.14633	0.02087	0.01383	0.02087	0.01185	0.01861	0.01100	0.01267	0.02308	0.00338	0.55696	0.00762	0.00367	0.00931
9	0.01683	0.01442	0.01683	0.01202	0.01923	0.01082	0.00961	0.02043	0.01683	0.02644	0.01442	0.01683	0.01202	0.00601	0.00601	0.00120	0.00601	0.00481	0.00481	0.76444
10	0.02999	0.02191	0.02344	0.01807	0.02431	0.02421	0.01489	0.60367	0.03701	0.05001	0.01986	0.02006	0.01418	0.00973	0.00798	0.00241	0.00865	0.00732	0.04884	0.01346
11	0.02169	0.71972	0.04252	0.01388	0.02083	0.03211	0.01388	0.02430	0.01649	0.01909	0.01128	0.01302	0.01041	0.00694	0.00521	0.00174	0.00868	0.00434	0.00347	0.01041
12	0.01138	0.00822	0.01076	0.01028	0.01210	0.00759	0.00765	0.01506	0.02251	0.03180	0.62160	0.10105	0.07514	0.01714	0.00962	0.00260	0.00388	0.01520	0.00885	0.00759
13	0.01148	0.00829	0.01085	0.01021	0.01212	0.00766	0.00766	0.01531	0.02297	0.03254	0.65994	0.06061	0.07656	0.01659	0.00957	0.00255	0.00383	0.01467	0.00893	0.00766
14	0.01148	0.00829	0.01085	0.01021	0.01212	0.00766	0.00766	0.01531	0.02297	0.03254	0.65994	0.06061	0.07656	0.01659	0.00957	0.00255	0.00383	0.01467	0.00893	0.00766
15	0.01878	0.01814	0.03145	0.21886	0.47185	0.01901	0.05595	0.02386	0.01792	0.02496	0.01510	0.02058	0.01229	0.00744	0.00813	0.00250	0.01016	0.00735	0.00391	0.01174
16	0.01311	0.01024	0.03852	0.01105	0.01375	0.00843	0.00872	0.01661	0.02083	0.06136	0.44267	0.11774	0.08106	0.05372	0.01096	0.00282	0.00479	0.01404	0.00807	0.06152
17	0.70204	0.05234	0.01405	0.01128	0.01619	0.01920	0.00942	0.02370	0.01389	0.03481	0.01127	0.01336	0.00895	0.00778	0.00592	0.00251	0.03504	0.00450	0.00488	0.00888
18	0.02938	0.02839	0.02570	0.02209	0.06054	0.26754	0.05261	0.34449	0.03037	0.03676	0.01651	0.01786	0.01242	0.00892	0.00790	0.00232	0.01136	0.00667	0.00620	0.01196
19	0.01702	0.01460	0.01692	0.01228	0.01934	0.01137	0.00981	0.02177	0.05420	0.02688	0.01552	0.01762	0.01277	0.00630	0.00614	0.00129	0.00603	0.00507	0.00501	0.72004
20	0.03570	0.01397	0.01881	0.01453	0.02073	0.01228	0.01197	0.03970	0.05030	0.64234	0.03206	0.02773	0.02029	0.01008	0.00816	0.00252	0.00688	0.00820	0.00997	0.01377
21	0.02120	0.01825	0.02160	0.06010	0.02530	0.02072	0.05788	0.11813	0.48575	0.03481	0.02893	0.02773	0.02159	0.01037	0.00832	0.00271	0.00754	0.00884	0.00766	0.01260
22	0.00999	0.00710	0.00938	0.01117	0.01161	0.00666	0.00739	0.01133	0.01533	0.02045	0.04369	0.67421	0.05237	0.06252	0.01202	0.00354	0.00488	0.02246	0.00739	0.00650
23	0.02972	0.02185	0.02344	0.01809	0.02420	0.02414	0.01480	0.60022	0.03659	0.04905	0.01984	0.02147	0.01473	0.05139	0.01008	0.00276	0.00887	0.00757	0.00793	0.01327
24	0.01513	0.00756	0.00756	0.00756	0.00945	0.00756	0.00567	0.01891	0.01702	0.03025	0.02647	0.03025	0.02080	0.00945	0.00567	0.00189	0.00378	0.00756	0.75988	0.00756
25	0.06220	0.01450	0.02357	0.65292	0.05340	0.01804	0.02168	0.02093	0.01608	0.02170	0.01423	0.02111	0.01069	0.00808	0.00792	0.00269	0.01054	0.00704	0.00369	0.00900
26	0.07428	0.01353	0.01791	0.01394	0.01985	0.01197	0.01146	0.03702	0.02270	0.59163	0.07436	0.02913	0.02339	0.01036	0.00809	0.00251	0.00666	0.00841	0.00970	0.01311
27	0.01903	0.31836	0.39093	0.01918	0.02890	0.02450	0.02286	0.04791	0.01765	0.02394	0.01340	0.01554	0.01046	0.00747	0.00670	0.00222	0.01052	0.00537	0.00362	0.01141
28	0.77215	0.01569	0.01193	0.01067	0.01569	0.01820	0.00879	0.02385	0.01381	0.03641	0.01130	0.01318	0.00879	0.00753	0.00502	0.00251	0.00628	0.00439	0.00502	0.00879
29	0.07363	0.02636	0.02192	0.01857	0.02315	0.25517	0.01462	0.24920	0.08727	0.03334	0.01733	0.01967	0.01375	0.03874	0.01063	0.00267	0.07018	0.00674	0.00602	0.01106
30	0.01683	0.01442	0.01683	0.01202	0.01923	0.01082	0.00961	0.02043	0.01683	0.02644	0.01442	0.01683	0.01202	0.00601	0.00601	0.00120	0.00601	0.00481	0.00481	0.76444
31	0.01926	0.02815	0.27226	0.03681	0.34576	0.01957	0.06945	0.06320	0.01924	0.02770	0.01534	0.01907	0.01191	0.00754	0.00803	0.00249	0.01076	0.00694	0.00406	0.01245
32	0.01621	0.01367	0.01617	0.01207	0.01858	0.01050	0.00969	0.01984	0.01738	0.02674	0.06196	0.02456	0.01874	0.00778	0.00658	0.00145	0.00595	0.04297	0.00526	0.66389
33	0.02315	0.01890	0.02002	0.01711	0.02223	0.02157	0.01356	0.20817	0.47968	0.03872	0.02926	0.02728	0.02172	0.01066	0.00822	0.00266	0.00712	0.00865	0.00822	0.01311
34	0.00972	0.00814	0.00846	0.00856	0.01109	0.00688	0.00635	0.01184	0.01855	0.02246	0.11367	0.12183	0.58335	0.02066	0.00964	0.00277	0.00414	0.01740	0.00762	0.00688
35	0.01726	0.03512	0.45966	0.02690	0.03761	0.01942	0.23624	0.02580	0.01782	0.02580	0.01519	0.01875	0.01097	0.00741	0.00835	0.00263	0.01257	0.00722	0.00366	0.01163
36	0.01409	0.00705	0.01057	0.01057	0.01057	0.00705	0.00705	0.01057	0.01057	0.01409	0.01409	0.02467	0.01409	0.02819	0.03171	0.76392	0.00705	0.00705	0.00352	0.00352
37	0.01010	0.00727	0.00988	0.01152	0.01212	0.00704	0.00787	0.01171	0.01522	0.02047	0.04179	0.62303	0.04941	0.02994	0.09619	0.00454	0.00688	0.02123	0.00713	0.00667
38	0.01615	0.01571	0.02612	0.49443	0.04703	0.01976	0.06485	0.02083	0.01556	0.02083	0.01370	0.02076	0.01088	0.00941	0.01245	0.00290	0.16851	0.00735	0.00363	0.00912
39	0.02977	0.08111	0.02421	0.02047	0.02482	0.64175	0.01557	0.03190	0.02259	0.01981	0.01246	0.01453	0.01045	0.00827	0.00718	0.00207	0.01426	0.00517	0.00414	0.00947
40	0.71055	0.01636	0.01264	0.01120	0.01626	0.04002	0.00917	0.02492	0.01459	0.06760	0.01238	0.01395	0.00941	0.00769	0.00526	0.00250	0.00659	0.00461	0.00525	0.00906
41	0.01641	0.01755	0.03549	0.02635	0.03240	0.01660	0.42521	0.02175	0.01889	0.02538	0.08328	0.08498	0.11093	0.01124	0.01020	0.00279	0.03360	0.01200	0.00524	0.00969
42	0.01683	0.01442	0.01683	0.01202	0.01923	0.01082	0.00961	0.02043	0.01683	0.02644	0.01442	0.01683	0.01202	0.00601	0.00601	0.00120	0.00601	0.00481	0.00481	0.76444
43	0.01036	0.00742	0.00988	0.01121	0.01205	0.00694	0.00779	0.01240	0.01728	0.02343	0.17844	0.54304	0.05836	0.02338	0.01022	0.00315	0.00463	0.04533	0.00783	0.00686
44	0.04498	0.14510	0.40720	0.05525	0.03231	0.02117	0.06773	0.02528	0.01693	0.04726	0.01442	0.01730	0.01079	0.00803	0.00856	0.00251	0.05400	0.00613	0.00379	0.01127
45	0.01955	0.01546	0.01714	0.01503	0.01974	0.01631	0.01202	0.09143	0.32946	0.05966	0.03455	0.03945	0.08066	0.01245	0.00841	0.00261	0.00656	0.08857	0.00764	0.12329
46	0.04919	0.21153	0.13878	0.05009	0.02457	0.02102	0.01604	0.13437	0.02133	0.15460	0.01961	0.04539	0.01558	0.05276	0.00929	0.00267	0.00878	0.00718	0.00587	0.01135
47	0.02029	0.02227	0.06046	0.14259	0.38513	0.13362	0.02210	0.02474	0.01866	0.02404	0.01646	0.06219	0.01453	0.00872	0.00805	0.00246	0.01050	0.00780	0.00417	0.01122

[dist]
# distance from previous block
# <min> <max>
0	2

[block]
# block no. 3 follows, 23 sequences, length 19
# corresponding to MSA columns:
# 147-165
name=unknown_D
#
# <colnr> <probs for GDERKNQSTAVLIFYWHMCP>
#	G	D	E	R	K	N	Q	S	T	A	V	L	I	F	Y	W	H	M	C	P
0	0.51873	0.01649	0.01483	0.07074	0.02028	0.05272	0.01099	0.04408	0.01652	0.08330	0.05258	0.01830	0.01423	0.00864	0.00667	0.00254	0.02773	0.00577	0.00554	0.00932
1	0.01837	0.02224	0.09484	0.06824	0.03774	0.02122	0.40694	0.02419	0.01728	0.02419	0.01483	0.02052	0.01167	0.00867	0.01322	0.00291	0.17003	0.00857	0.00389	0.01045
2	0.02062	0.01409	0.01689	0.04817	0.01981	0.01497	0.01183	0.26020	0.02443	0.06926	0.02853	0.24791	0.02850	0.01772	0.01203	0.10087	0.00723	0.04014	0.00719	0.00961
3	0.01747	0.01878	0.03826	0.15276	0.04049	0.01887	0.42130	0.02333	0.01829	0.02478	0.05405	0.05773	0.01767	0.00895	0.01028	0.00279	0.04973	0.00996	0.00443	0.01007
4	0.01864	0.01450	0.01706	0.01242	0.01944	0.01132	0.00995	0.02305	0.04496	0.08158	0.01673	0.01833	0.01326	0.00657	0.00629	0.00138	0.00610	0.00528	0.00540	0.66772
5	0.01133	0.00873	0.01065	0.01143	0.01370	0.00805	0.00942	0.01431	0.01899	0.02395	0.11709	0.08256	0.33090	0.02103	0.01032	0.00317	0.00560	0.28394	0.00763	0.00720
6	0.01106	0.00832	0.01026	0.00991	0.01203	0.00752	0.00752	0.01442	0.02160	0.02939	0.48070	0.06660	0.22777	0.01789	0.00965	0.00266	0.00407	0.04269	0.00850	0.00744
7	0.01005	0.00713	0.00937	0.01109	0.01152	0.00670	0.00731	0.01134	0.01522	0.02029	0.04309	0.65362	0.05161	0.08415	0.01299	0.00368	0.00498	0.02211	0.00731	0.00645
8	0.02270	0.01783	0.01980	0.01479	0.02152	0.01697	0.01203	0.29100	0.02626	0.03712	0.01926	0.02036	0.03786	0.00821	0.00707	0.00180	0.00722	0.00638	0.00637	0.40546
9	0.06356	0.25622	0.43224	0.01943	0.02940	0.02303	0.02358	0.02514	0.01673	0.02424	0.01332	0.01558	0.01023	0.00745	0.00675	0.00230	0.01059	0.00537	0.00354	0.01130
10	0.72089	0.06378	0.01402	0.01089	0.01604	0.01915	0.00914	0.02388	0.01399	0.03522	0.01130	0.01317	0.00890	0.00749	0.00503	0.00246	0.00644	0.00439	0.00492	0.00890
11	0.02976	0.02282	0.02429	0.06498	0.02726	0.05185	0.01592	0.57004	0.03603	0.04777	0.01885	0.01943	0.01346	0.00957	0.00808	0.00244	0.00929	0.00721	0.00765	0.01329
12	0.00985	0.00719	0.00928	0.01095	0.01168	0.00662	0.00738	0.01134	0.01587	0.02085	0.04897	0.63797	0.12249	0.02487	0.01027	0.00323	0.00464	0.02239	0.00753	0.00662
13	0.01180	0.00787	0.00885	0.00885	0.00885	0.00787	0.00492	0.01180	0.01180	0.01573	0.02557	0.05310	0.02950	0.71483	0.04130	0.00787	0.00787	0.01180	0.00492	0.00492
14	0.01180	0.00787	0.00885	0.00885	0.00885	0.00787	0.00492	0.01180	0.01180	0.01573	0.02557	0.05310	0.02950	0.71483	0.04130	0.00787	0.00787	0.01180	0.00492	0.00492
15	0.01041	0.00723	0.00956	0.01097	0.01150	0.00681	0.00731	0.01164	0.01559	0.02096	0.09390	0.56409	0.05148	0.07858	0.01392	0.04688	0.00501	0.02056	0.00722	0.00638
16	0.02992	0.02457	0.02416	0.05605	0.02683	0.11941	0.01585	0.51630	0.03477	0.04497	0.01820	0.01890	0.01315	0.00945	0.00800	0.00240	0.00985	0.00700	0.00730	0.01290
17	0.01283	0.00855	0.01124	0.01050	0.01260	0.00785	0.00789	0.01651	0.02265	0.06828	0.59623	0.08823	0.07231	0.01662	0.00953	0.00258	0.00404	0.01469	0.00893	0.00796
18	0.27098	0.01939	0.15491	0.01569	0.05359	0.01529	0.01412	0.02318	0.07238	0.03170	0.18728	0.03126	0.05818	0.01082	0.00744	0.00256	0.00695	0.00858	0.00605	0.00966

[dist]
# distance from previous block
# <min> <max>
3	6

[block]
# block no. 4 follows, 23 sequences, length 210
# corresponding to MSA columns:
# 172-381
name=unknown_E
#
# <colnr> <probs for GDERKNQSTAVLIFYWHMCP>
#	G	D	E	R	K	N	Q	S	T	A	V	L	I	F	Y	W	H	M	C	P
0	0.02999	0.02230	0.02387	0.01850	0.02484	0.02476	0.01522	0.58934	0.08737	0.04975	0.02057	0.02035	0.01468	0.00984	0.00813	0.00246	0.00873	0.00746	0.00813	0.01372
1	0.01815	0.06556	0.02828	0.02205	0.02331	0.02492	0.07724	0.02048	0.01335	0.02012	0.01125	0.01783	0.01080	0.01300	0.02353	0.00335	0.58683	0.00715	0.00360	0.00918
2	0.01627	0.04197	0.67279	0.02313	0.03512	0.01884	0.02998	0.02570	0.01713	0.02570	0.01456	0.01713	0.01028	0.00771	0.00771	0.00257	0.01199	0.00600	0.00343	0.01199
3	0.61616	0.01529	0.01339	0.01147	0.01676	0.01687	0.00945	0.02718	0.01581	0.17070	0.01569	0.01624	0.01118	0.00806	0.00569	0.00251	0.00641	0.00519	0.00609	0.00985
4	0.01169	0.00872	0.01092	0.01029	0.01243	0.00817	0.00774	0.01624	0.05253	0.03144	0.56636	0.06108	0.13831	0.01676	0.00951	0.00258	0.00398	0.01468	0.00875	0.00782
5	0.01159	0.00869	0.01304	0.01304	0.01449	0.01014	0.01014	0.01449	0.01304	0.01884	0.02173	0.03188	0.02029	0.06086	0.68268	0.01304	0.02173	0.00869	0.00435	0.00724
6	0.02905	0.01617	0.01915	0.01571	0.02130	0.01665	0.01264	0.09732	0.28831	0.34387	0.03126	0.02797	0.02147	0.01042	0.00820	0.00261	0.00689	0.00851	0.00911	0.01340
7	0.01513	0.00756	0.00756	0.00756	0.00945	0.00756	0.00567	0.01891	0.01702	0.03025	0.02647	0.03025	0.02080	0.00945	0.00567	0.00189	0.00378	0.00756	0.75988	0.00756
8	0.01122	0.00827	0.01052	0.01017	0.01213	0.00757	0.00766	0.01471	0.02189	0.03030	0.53273	0.09114	0.15346	0.01771	0.00967	0.00265	0.00404	0.03804	0.00863	0.00750
9	0.03641	0.01381	0.01883	0.01444	0.02071	0.01193	0.01193	0.03954	0.02322	0.66984	0.03201	0.02762	0.02009	0.01004	0.00816	0.00251	0.00690	0.00816	0.01004	0.01381
10	0.01883	0.01651	0.02418	0.46277	0.06687	0.01987	0.02031	0.13521	0.07111	0.02749	0.01669	0.02170	0.01255	0.00890	0.00900	0.00269	0.04279	0.00738	0.00482	0.01032
11	0.03031	0.03867	0.02299	0.02090	0.02508	0.68226	0.01568	0.03240	0.02299	0.01986	0.01254	0.01463	0.01045	0.00836	0.00732	0.00209	0.01463	0.00523	0.00418	0.00941
12	0.03108	0.02235	0.02412	0.01849	0.02497	0.02460	0.01527	0.61175	0.03752	0.07745	0.02001	0.01983	0.01407	0.00975	0.00812	0.00244	0.00884	0.00734	0.00820	0.01380
13	0.02873	0.01207	0.01621	0.01315	0.01806	0.01053	0.01057	0.03183	0.02243	0.47728	0.15148	0.08218	0.06323	0.01279	0.00864	0.00258	0.00605	0.01080	0.00955	0.01185
14	0.77215	0.01569	0.01193	0.01067	0.01569	0.01820	0.00879	0.02385	0.01381	0.03641	0.01130	0.01318	0.00879	0.00753	0.00502	0.00251	0.00628	0.00439	0.00502	0.00879
15	0.01925	0.01832	0.02386	0.03104	0.31212	0.07888	0.01775	0.02788	0.17399	0.02779	0.08328	0.07569	0.02584	0.01106	0.00847	0.00260	0.00834	0.03655	0.00593	0.01137
16	0.03341	0.03722	0.01884	0.01400	0.01986	0.01218	0.01157	0.03660	0.02297	0.58399	0.09412	0.03042	0.02541	0.01059	0.00820	0.00249	0.00666	0.00868	0.00971	0.01308
17	0.01633	0.01370	0.01488	0.01374	0.01738	0.01495	0.01065	0.03109	0.39100	0.03116	0.16424	0.04704	0.14937	0.01423	0.00886	0.00275	0.00554	0.03430	0.00823	0.01056
18	0.03085	0.02273	0.02435	0.01867	0.02516	0.02516	0.01542	0.63716	0.03815	0.05114	0.01948	0.01948	0.01380	0.00974	0.00812	0.00244	0.00893	0.00731	0.00812	0.01380
19	0.01573	0.01511	0.02567	0.60320	0.05228	0.01873	0.05567	0.02092	0.01607	0.02092	0.01422	0.02133	0.01088	0.00855	0.00973	0.00278	0.06815	0.00733	0.00363	0.00911
20	0.03031	0.03867	0.02299	0.02090	0.02508	0.68226	0.01568	0.03240	0.02299	0.01986	0.01254	0.01463	0.01045	0.00836	0.00732	0.00209	0.01463	0.00523	0.00418	0.00941
21	0.03641	0.01381	0.01883	0.01444	0.02071	0.01193	0.01193	0.03954	0.02322	0.66984	0.03201	0.02762	0.02009	0.01004	0.00816	0.00251	0.00690	0.00816	0.01004	0.01381
22	0.02972	0.02217	0.02372	0.01844	0.02474	0.02464	0.01515	0.57464	0.10249	0.04933	0.02091	0.02062	0.01495	0.00987	0.00813	0.00247	0.00867	0.00750	0.00813	0.01370
23	0.00987	0.00712	0.00935	0.01113	0.01172	0.00660	0.00746	0.01132	0.01570	0.02078	0.04678	0.67495	0.08693	0.02515	0.01031	0.00326	0.00467	0.02274	0.00753	0.00660
24	0.01557	0.01452	0.02070	0.04703	0.02028	0.01952	0.01521	0.01779	0.01275	0.01924	0.01469	0.02341	0.01423	0.05191	0.22574	0.00655	0.44103	0.00775	0.00384	0.00825
25	0.00969	0.00816	0.00841	0.00848	0.01106	0.00687	0.00631	0.01179	0.01854	0.02234	0.10656	0.11188	0.60095	0.02064	0.00963	0.00276	0.00413	0.01734	0.00760	0.00687
26	0.03641	0.01381	0.01883	0.01444	0.02071	0.01193	0.01193	0.03954	0.02322	0.66984	0.03201	0.02762	0.02009	0.01004	0.00816	0.00251	0.00690	0.00816	0.01004	0.01381
27	0.05957	0.01219	0.01577	0.01286	0.01747	0.01114	0.01034	0.05369	0.02331	0.37947	0.26461	0.03895	0.04038	0.01236	0.00854	0.00252	0.00581	0.01039	0.00933	0.01129
28	0.00989	0.00706	0.00942	0.01130	0.01177	0.00659	0.00753	0.01130	0.01554	0.02071	0.04472	0.70954	0.05367	0.02542	0.01036	0.00330	0.00471	0.02307	0.00753	0.00659
29	0.01710	0.01750	0.03348	0.40418	0.10283	0.01902	0.24148	0.02297	0.01746	0.02310	0.01521	0.02159	0.01152	0.00758	0.00863	0.00269	0.01174	0.00806	0.00382	0.01003
30	0.01829	0.29386	0.43855	0.01969	0.02981	0.02377	0.02400	0.02518	0.01689	0.02324	0.01334	0.01560	0.01033	0.00742	0.00678	0.00226	0.01076	0.00538	0.00344	0.01141
31	0.01812	0.17646	0.52208	0.02095	0.03172	0.02124	0.02608	0.02594	0.01723	0.04866	0.01456	0.01670	0.01068	0.00764	0.00723	0.00240	0.01114	0.00575	0.00368	0.01174
32	0.01180	0.00787	0.00885	0.00885	0.00885	0.00787	0.00492	0.01180	0.01180	0.01573	0.02557	0.05310	0.02950	0.71483	0.04130	0.00787	0.00787	0.01180	0.00492	0.00492
33	0.05378	0.05525	0.02394	0.25913	0.03426	0.02020	0.04643	0.16806	0.06751	0.02973	0.02118	0.06223	0.04380	0.01061	0.00965	0.00269	0.06718	0.00854	0.00549	0.01034
34	0.01384	0.01194	0.04728	0.01210	0.01511	0.01069	0.00987	0.05445	0.09590	0.03340	0.51716	0.05248	0.06352	0.01509	0.00924	0.00257	0.00485	0.01316	0.00852	0.00883
35	0.01883	0.02349	0.10281	0.03259	0.04074	0.02058	0.55092	0.02566	0.01865	0.02566	0.01597	0.02126	0.01205	0.00727	0.01023	0.00276	0.04645	0.00914	0.00402	0.01094
36	0.01683	0.01442	0.01683	0.01202	0.01923	0.01082	0.00961	0.02043	0.01683	0.02644	0.01442	0.01683	0.01202	0.00601	0.00601	0.00120	0.00601	0.00481	0.00481	0.76444
37	0.05928	0.02132	0.02361	0.04676	0.05914	0.02372	0.01564	0.48774	0.10429	0.04607	0.02025	0.02056	0.01466	0.00959	0.00800	0.00248	0.00865	0.00739	0.00761	0.01324
38	0.02299	0.61717	0.03958	0.01494	0.02147	0.13000	0.01415	0.02552	0.01747	0.01921	0.01147	0.01326	0.01042	0.00716	0.00552	0.00179	0.00957	0.00447	0.00358	0.01026
39	0.01247	0.00855	0.01113	0.01047	0.01259	0.00786	0.00797	0.01618	0.02260	0.05763	0.58316	0.06129	0.10115	0.01673	0.00958	0.00260	0.00411	0.03721	0.00885	0.00786
40	0.01635	0.10526	0.54834	0.02100	0.03154	0.01909	0.02629	0.02458	0.01762	0.02570	0.07530	0.02084	0.01656	0.00847	0.00764	0.00249	0.01089	0.00665	0.00395	0.01143
41	0.01252	0.00852	0.01118	0.01038	0.01248	0.00783	0.00783	0.01632	0.02298	0.05904	0.63382	0.05924	0.07421	0.01632	0.00951	0.00255	0.00396	0.01440	0.00898	0.00791
42	0.05787	0.01402	0.01860	0.01441	0.02058	0.01247	0.01187	0.03922	0.04952	0.62378	0.03143	0.02730	0.01994	0.01001	0.00807	0.00252	0.00687	0.00809	0.00982	0.01362
43	0.01496	0.02536	0.34035	0.01714	0.02428	0.01351	0.01935	0.02144	0.01948	0.05439	0.22977	0.04125	0.06630	0.01262	0.00874	0.00268	0.00836	0.06399	0.00604	0.01001
44	0.74601	0.01660	0.03478	0.01110	0.01636	0.01823	0.00952	0.02392	0.01392	0.03604	0.01141	0.01332	0.00884	0.00754	0.00511	0.00251	0.00647	0.00445	0.00497	0.00890
45	0.01683	0.11121	0.60841	0.02218	0.03366	0.02020	0.02834	0.02555	0.01707	0.02502	0.01423	0.01671	0.01029	0.00763	0.00745	0.00248	0.01165	0.00583	0.00343	0.01183
46	0.01193	0.00875	0.01141	0.01088	0.01307	0.00799	0.00835	0.01560	0.02172	0.03064	0.51960	0.09500	0.06788	0.01695	0.00954	0.00262	0.00440	0.07654	0.00843	0.05869
47	0.03546	0.01360	0.01853	0.01428	0.02039	0.01176	0.01176	0.03862	0.02321	0.64553	0.05596	0.02888	0.02224	0.01029	0.00821	0.00251	0.00679	0.00841	0.01000	0.01357
48	0.01171	0.00875	0.01087	0.01039	0.01248	0.00822	0.00784	0.01608	0.05158	0.03029	0.50564	0.06264	0.15214	0.03814	0.01053	0.00280	0.00426	0.03941	0.00853	0.00770
49	0.01103	0.00791	0.01054	0.01222	0.01324	0.00758	0.00916	0.01317	0.01651	0.02168	0.04487	0.43908	0.07886	0.06196	0.01230	0.00367	0.00577	0.21627	0.00737	0.00680
50	0.03005	0.06160	0.02379	0.02049	0.02494	0.61069	0.01560	0.07680	0.02388	0.02214	0.01301	0.01493	0.01070	0.00841	0.00730	0.00210	0.01400	0.00535	0.00445	0.00977
51	0.01513	0.00756	0.00756	0.00756	0.00945	0.00756	0.00567	0.01891	0.01702	0.03025	0.02647	0.03025	0.02080	0.00945	0.00567	0.00189	0.00378	0.00756	0.75988	0.00756
52	0.19612	0.01877	0.04737	0.01541	0.02097	0.01946	0.01298	0.25113	0.13419	0.09301	0.08952	0.02489	0.02165	0.01012	0.00758	0.00253	0.00731	0.00777	0.00747	0.01175
53	0.01683	0.01442	0.01683	0.01202	0.01923	0.01082	0.00961	0.02043	0.01683	0.02644	0.01442	0.01683	0.01202	0.00601	0.00601	0.00120	0.00601	0.00481	0.00481	0.76444
54	0.01683	0.01442	0.01683	0.01202	0.01923	0.01082	0.00961	0.02043	0.01683	0.02644	0.01442	0.01683	0.01202	0.00601	0.00601	0.00120	0.00601	0.00481	0.00481	0.76444
55	0.01298	0.01058	0.01522	0.06074	0.05303	0.01075	0.03555	0.01739	0.04678	0.02793	0.34394	0.13627	0.08910	0.01654	0.01031	0.00281	0.03644	0.05794	0.00748	0.00824
56	0.77215	0.01569	0.01193	0.01067	0.01569	0.01820	0.00879	0.02385	0.01381	0.03641	0.01130	0.01318	0.00879	0.00753	0.00502	0.00251	0.00628	0.00439	0.00502	0.00879
57	0.01732	0.01723	0.02530	0.07708	0.02479	0.02339	0.04599	0.01968	0.01308	0.01989	0.01176	0.01894	0.01120	0.01560	0.05579	0.00390	0.57924	0.00730	0.00362	0.00890
58	0.01683	0.01442	0.01683	0.01202	0.01923	0.01082	0.00961	0.02043	0.01683	0.02644	0.01442	0.01683	0.01202	0.00601	0.00601	0.00120	0.00601	0.00481	0.00481	0.76444
59	0.01733	0.04049	0.63841	0.02267	0.03436	0.01848	0.02903	0.02643	0.01745	0.05956	0.01548	0.01768	0.01079	0.00783	0.00773	0.00257	0.01172	0.00611	0.00377	0.01209
60	0.01683	0.01442	0.01683	0.01202	0.01923	0.01082	0.00961	0.02043	0.01683	0.02644	0.01442	0.01683	0.01202	0.00601	0.00601	0.00120	0.00601	0.00481	0.00481	0.76444
61	0.02984	0.07598	0.02406	0.02052	0.02485	0.64665	0.01558	0.03196	0.02264	0.01982	0.01247	0.01454	0.01045	0.00828	0.00720	0.00207	0.01431	0.00518	0.00414	0.00946
62	0.01096	0.00827	0.01013	0.00966	0.01180	0.00743	0.00725	0.01431	0.02174	0.02962	0.50133	0.06541	0.23699	0.01768	0.00958	0.00260	0.00391	0.01535	0.00855	0.00743
63	0.01629	0.01310	0.01466	0.01386	0.01718	0.01408	0.01093	0.07970	0.25550	0.02934	0.06452	0.08087	0.15856	0.04664	0.03740	0.00354	0.00688	0.11952	0.00766	0.00977
64	0.01409	0.00705	0.01057	0.01057	0.01057	0.00705	0.00705	0.01057	0.01057	0.01409	0.01409	0.02467	0.01409	0.02819	0.03171	0.76392	0.00705	0.00705	0.00352	0.00352
65	0.01876	0.01793	0.03054	0.22968	0.49471	0.01893	0.02424	0.02374	0.01785	0.02490	0.01503	0.02051	0.01229	0.00748	0.00806	0.00249	0.00997	0.00722	0.00390	0.01178
66	0.01961	0.01869	0.03180	0.07413	0.61412	0.01883	0.02434	0.02441	0.01839	0.02619	0.01634	0.02300	0.01412	0.00787	0.00816	0.00247	0.00960	0.03129	0.00414	0.01249
67	0.02248	0.65776	0.04074	0.01452	0.02121	0.09125	0.01405	0.02503	0.01708	0.01916	0.01140	0.01316	0.01042	0.00707	0.00540	0.00177	0.00922	0.00442	0.00354	0.01032
68	0.77215	0.01569	0.01193	0.01067	0.01569	0.01820	0.00879	0.02385	0.01381	0.03641	0.01130	0.01318	0.00879	0.00753	0.00502	0.00251	0.00628	0.00439	0.00502	0.00879
69	0.01111	0.00859	0.01013	0.01044	0.01234	0.00804	0.00762	0.01485	0.06120	0.02496	0.21107	0.23844	0.25481	0.04802	0.01104	0.00309	0.00466	0.04442	0.00783	0.00734
70	0.01394	0.01159	0.01502	0.01269	0.01705	0.00943	0.03648	0.01675	0.01637	0.02396	0.02754	0.31500	0.02995	0.01440	0.00804	0.00217	0.00579	0.01287	0.00595	0.40501
71	0.00970	0.00810	0.00846	0.00863	0.01109	0.00686	0.00637	0.01176	0.01837	0.02225	0.10284	0.14356	0.57240	0.02089	0.00967	0.00279	0.00416	0.01764	0.00759	0.00686
72	0.02882	0.08094	0.02464	0.02017	0.02451	0.50060	0.01569	0.11038	0.02372	0.02389	0.01322	0.01540	0.01091	0.00890	0.00879	0.00223	0.06699	0.00559	0.00460	0.01001
73	0.02421	0.06208	0.02235	0.06412	0.04977	0.16157	0.01462	0.24851	0.07825	0.03289	0.02527	0.05447	0.07704	0.01280	0.03346	0.00283	0.00993	0.00849	0.00633	0.01102
74	0.02240	0.01758	0.01868	0.01663	0.02119	0.04673	0.01335	0.13390	0.37273	0.08310	0.03153	0.03773	0.02564	0.01249	0.00867	0.00282	0.00738	0.10733	0.00807	0.01204
75	0.02244	0.66060	0.04083	0.01449	0.02120	0.08854	0.01404	0.02500	0.01705	0.01916	0.01139	0.01316	0.01042	0.00707	0.00539	0.00177	0.00919	0.00442	0.00353	0.01033
76	0.01735	0.08762	0.24946	0.05211	0.02941	0.02090	0.09345	0.02265	0.01567	0.02281	0.01375	0.01905	0.01152	0.03598	0.01438	0.00290	0.21205	0.00678	0.00372	0.06844
77	0.01782	0.01799	0.02469	0.14060	0.02757	0.04950	0.01852	0.02025	0.01351	0.01975	0.01139	0.01832	0.01067	0.01289	0.02259	0.00334	0.55104	0.00705	0.00359	0.00892
78	0.01162	0.00857	0.01239	0.01239	0.01362	0.00979	0.00934	0.01407	0.01285	0.01836	0.02233	0.03515	0.02171	0.16170	0.58378	0.01224	0.01960	0.00917	0.00443	0.00689
79	0.02108	0.01714	0.01824	0.01613	0.02082	0.01944	0.01262	0.08142	0.54674	0.06325	0.03465	0.03194	0.05726	0.01138	0.00831	0.00272	0.00649	0.00942	0.00829	0.01264
80	0.01569	0.02914	0.40235	0.02084	0.07549	0.01522	0.02216	0.02275	0.01890	0.04938	0.17019	0.03197	0.07020	0.01069	0.00831	0.00256	0.00920	0.00894	0.00526	0.01076
81	0.01006	0.00723	0.00980	0.01148	0.01205	0.00696	0.00781	0.01163	0.01527	0.02052	0.04231	0.63848	0.05017	0.02914	0.08086	0.00432	0.00649	0.02156	0.00720	0.00666
82	0.02956	0.03004	0.02452	0.02271	0.08611	0.33939	0.01645	0.28902	0.02901	0.03380	0.01575	0.01722	0.01211	0.00884	0.00773	0.00227	0.01173	0.00630	0.00584	0.01160
83	0.74536	0.01565	0.01237	0.03491	0.01712	0.01820	0.00927	0.02374	0.01389	0.03585	0.01141	0.01348	0.00886	0.00755	0.00513	0.00252	0.00644	0.00449	0.00497	0.00880
84	0.01976	0.01895	0.03235	0.09340	0.62313	0.01919	0.02474	0.02462	0.01832	0.02612	0.01521	0.02019	0.01272	0.00729	0.00804	0.00243	0.00972	0.00723	0.00399	0.01259
85	0.00989	0.00706	0.00942	0.01130	0.01177	0.00659	0.00753	0.01130	0.01554	0.02071	0.04472	0.70954	0.05367	0.02542	0.01036	0.00330	0.00471	0.02307	0.00753	0.00659
86	0.01002	0.00824	0.00882	0.00867	0.01122	0.00703	0.00650	0.01248	0.01951	0.02433	0.21345	0.07412	0.52817	0.01965	0.00959	0.00270	0.00405	0.01657	0.00785	0.00703
87	0.00967	0.00822	0.00833	0.00830	0.01101	0.00688	0.00623	0.01180	0.01869	0.02237	0.10677	0.07735	0.63608	0.02038	0.00959	0.00273	0.00410	0.01702	0.00759	0.00688
88	0.03508	0.01385	0.01870	0.01427	0.02061	0.01185	0.01177	0.03825	0.02279	0.62638	0.03082	0.02689	0.01954	0.00977	0.00801	0.00242	0.00684	0.00793	0.00969	0.06450
89	0.01763	0.01508	0.01776	0.01300	0.01968	0.01252	0.01047	0.05280	0.01765	0.02727	0.01443	0.01703	0.01202	0.00676	0.00751	0.00143	0.05303	0.00509	0.00490	0.67394
90	0.03274	0.01404	0.01834	0.01452	0.02032	0.01290	0.01183	0.03879	0.11397	0.54419	0.06517	0.02974	0.02373	0.01053	0.00825	0.00255	0.00667	0.00865	0.00973	0.01335
91	0.01714	0.05638	0.30356	0.11035	0.03861	0.01938	0.24541	0.02449	0.01749	0.02453	0.01549	0.02009	0.01165	0.01044	0.04674	0.00321	0.01288	0.00753	0.00375	0.01091
92	0.01969	0.01888	0.03223	0.10291	0.61417	0.01918	0.02471	0.02456	0.01829	0.02603	0.01519	0.02021	0.01269	0.00730	0.00804	0.00243	0.00974	0.00723	0.00398	0.01254
93	0.02778	0.03194	0.02700	0.02244	0.02758	0.43229	0.11925	0.13380	0.02454	0.02618	0.01474	0.01737	0.01173	0.01044	0.03481	0.00269	0.01378	0.00645	0.00485	0.01033
94	0.02050	0.39989	0.03562	0.01797	0.02236	0.05651	0.04936	0.02302	0.01545	0.01966	0.01139	0.01528	0.01060	0.00961	0.01325	0.00246	0.25801	0.00566	0.00356	0.00985
95	0.02976	0.02219	0.02374	0.01845	0.02475	0.02465	0.01516	0.57648	0.10061	0.04938	0.02086	0.02058	0.01492	0.00987	0.00813	0.00247	0.00867	0.00750	0.00813	0.01370
96	0.77215	0.01569	0.01193	0.01067	0.01569	0.01820	0.00879	0.02385	0.01381	0.03641	0.01130	0.01318	0.00879	0.00753	0.00502	0.00251	0.00628	0.00439	0.00502	0.00879
97	0.02107	0.01230	0.01532	0.01295	0.01675	0.01195	0.01031	0.13512	0.02565	0.18861	0.36834	0.04634	0.05037	0.01398	0.00903	0.00257	0.00564	0.03445	0.00899	0.01025
98	0.01159	0.00869	0.01304	0.01304	0.01449	0.01014	0.01014	0.01449	0.01304	0.01884	0.02173	0.03188	0.02029	0.06086	0.68268	0.01304	0.02173	0.00869	0.00435	0.00724
99	0.01254	0.00952	0.01116	0.01029	0.01287	0.00891	0.00784	0.06809	0.02282	0.03067	0.41508	0.06277	0.26254	0.01729	0.00945	0.00260	0.00436	0.01484	0.00840	0.00793
100	0.01513	0.00756	0.00756	0.00756	0.00945	0.00756	0.00567	0.01891	0.01702	0.03025	0.02647	0.03025	0.02080	0.00945	0.00567	0.00189	0.00378	0.00756	0.75988	0.00756
101	0.01132	0.00829	0.01062	0.01004	0.01202	0.00759	0.00753	0.01499	0.02258	0.03162	0.60979	0.06213	0.12729	0.01693	0.00957	0.00257	0.00385	0.01489	0.00881	0.00759
102	0.03641	0.01381	0.01883	0.01444	0.02071	0.01193	0.01193	0.03954	0.02322	0.66984	0.03201	0.02762	0.02009	0.01004	0.00816	0.00251	0.00690	0.00816	0.01004	0.01381
103	0.02570	0.01968	0.02201	0.08523	0.02633	0.02207	0.01495	0.40696	0.15955	0.04207	0.02366	0.02411	0.03773	0.01096	0.00915	0.03351	0.00836	0.00800	0.00749	0.01247
104	0.03031	0.03867	0.02299	0.02090	0.02508	0.68226	0.01568	0.03240	0.02299	0.01986	0.01254	0.01463	0.01045	0.00836	0.00732	0.00209	0.01463	0.00523	0.00418	0.00941
105	0.01816	0.01568	0.01586	0.01434	0.01835	0.04774	0.01121	0.09224	0.32689	0.03133	0.07840	0.04556	0.19407	0.01411	0.00876	0.00272	0.00637	0.03969	0.00786	0.01066
106	0.01273	0.01019	0.04063	0.01154	0.01418	0.00852	0.00960	0.01654	0.02138	0.05486	0.42183	0.06513	0.14084	0.01748	0.00973	0.00279	0.00500	0.12078	0.00829	0.00796
107	0.73947	0.01561	0.01223	0.01084	0.01592	0.01792	0.00893	0.02455	0.01423	0.06454	0.01222	0.01382	0.00929	0.00764	0.00516	0.00251	0.00630	0.00456	0.00524	0.00901
108	0.01256	0.01285	0.09130	0.01397	0.04013	0.00964	0.01176	0.01699	0.02121	0.02988	0.44705	0.08133	0.06108	0.01633	0.00955	0.00275	0.00559	0.09989	0.00783	0.00831
109	0.01553	0.01463	0.02470	0.66794	0.08170	0.01808	0.02264	0.02091	0.01632	0.02098	0.01446	0.02157	0.01090	0.00808	0.00811	0.00269	0.01077	0.00721	0.00362	0.00918
110	0.01639	0.04116	0.64738	0.02358	0.03542	0.01891	0.05458	0.02571	0.01721	0.02571	0.01464	0.01732	0.01036	0.00767	0.00779	0.00258	0.01206	0.00614	0.00345	0.01195
111	0.03085	0.02273	0.02435	0.01867	0.02516	0.02516	0.01542	0.63716	0.03815	0.05114	0.01948	0.01948	0.01380	0.00974	0.00812	0.00244	0.00893	0.00731	0.00812	0.01380
112	0.01675	0.01679	0.02530	0.60871	0.05269	0.07369	0.04995	0.02195	0.01692	0.02090	0.01436	0.02106	0.01085	0.00808	0.00811	0.00265	0.01127	0.00715	0.00368	0.00913
113	0.11356	0.01401	0.01811	0.01404	0.02019	0.01258	0.01160	0.03790	0.02224	0.60341	0.02984	0.02610	0.01890	0.00978	0.00783	0.00251	0.00684	0.00777	0.00952	0.01328
114	0.08610	0.01394	0.01836	0.01418	0.02037	0.01235	0.01171	0.03848	0.02259	0.62706	0.03061	0.02664	0.01932	0.00987	0.00795	0.00251	0.00686	0.00791	0.00970	0.01347
115	0.01499	0.01395	0.02319	0.63815	0.05237	0.01720	0.02145	0.02018	0.01642	0.02093	0.01847	0.02691	0.03988	0.00923	0.00830	0.00275	0.01039	0.03244	0.00393	0.00886
116	0.00989	0.00706	0.00942	0.01130	0.01177	0.00659	0.00753	0.01130	0.01554	0.02071	0.04472	0.70954	0.05367	0.02542	0.01036	0.00330	0.00471	0.02307	0.00753	0.00659
117	0.02868	0.02112	0.02274	0.01799	0.02404	0.02343	0.01468	0.47523	0.17602	0.07552	0.02312	0.02230	0.01657	0.01004	0.00815	0.00251	0.00827	0.00777	0.00824	0.01358
118	0.01141	0.00829	0.01074	0.01013	0.01208	0.00762	0.00760	0.01517	0.02279	0.03212	0.63721	0.06130	0.09955	0.01674	0.00957	0.00256	0.00384	0.01477	0.00888	0.00762
119	0.01002	0.00716	0.00957	0.01145	0.01198	0.00670	0.00776	0.01153	0.01566	0.02086	0.04465	0.68408	0.05338	0.02530	0.01039	0.00331	0.00482	0.04722	0.00753	0.00663
120	0.05980	0.05404	0.17142	0.01609	0.02347	0.01456	0.01590	0.03385	0.02109	0.43391	0.05482	0.02540	0.01946	0.00955	0.00785	0.00249	0.00801	0.00762	0.00793	0.01274
121	0.02019	0.01909	0.03201	0.09216	0.59760	0.01943	0.02436	0.04908	0.01911	0.02710	0.01537	0.02016	0.01275	0.00739	0.00804	0.00243	0.00969	0.00723	0.00415	0.01263
122	0.01683	0.01442	0.01683	0.01202	0.01923	0.01082	0.00961	0.02043	0.01683	0.02644	0.01442	0.01683	0.01202	0.00601	0.00601	0.00120	0.00601	0.00481	0.00481	0.76444
123	0.04306	0.00917	0.01124	0.01051	0.01288	0.00868	0.00795	0.01737	0.04858	0.05836	0.50356	0.07734	0.12787	0.01638	0.00930	0.00260	0.00422	0.01425	0.00861	0.00807
124	0.01053	0.00746	0.00952	0.01092	0.01148	0.00709	0.00733	0.01184	0.01509	0.01995	0.04199	0.49413	0.07315	0.17446	0.01710	0.00430	0.00558	0.06482	0.00696	0.00631
125	0.01189	0.00889	0.01121	0.01166	0.01325	0.00876	0.00846	0.01693	0.09473	0.02708	0.28350	0.34708	0.05883	0.02011	0.00984	0.00296	0.00469	0.04417	0.00816	0.00780
126	0.01230	0.01060	0.01705	0.14511	0.02389	0.01109	0.07813	0.01519	0.01633	0.02173	0.05920	0.42462	0.06510	0.01911	0.01046	0.00308	0.03570	0.01735	0.00630	0.00767
127	0.01942	0.02193	0.11271	0.07218	0.56121	0.01918	0.02544	0.02484	0.01822	0.02618	0.01514	0.01977	0.01245	0.00732	0.00800	0.00244	0.00998	0.00707	0.00393	0.01259
128	0.01683	0.01442	0.01683	0.01202	0.01923	0.01082	0.00961	0.02043	0.01683	0.02644	0.01442	0.01683	0.01202	0.00601	0.00601	0.00120	0.00601	0.00481	0.00481	0.76444
129	0.01742	0.03396	0.42346	0.02754	0.03803	0.01951	0.27127	0.02581	0.01794	0.02581	0.01530	0.01903	0.01109	0.00736	0.00845	0.00264	0.01267	0.00742	0.00370	0.01157
130	0.02634	0.35281	0.03200	0.01767	0.02312	0.38237	0.01485	0.02866	0.01999	0.01950	0.01196	0.01389	0.01043	0.00771	0.00634	0.00193	0.01189	0.00482	0.00385	0.00987
131	0.01266	0.00861	0.01108	0.01040	0.01262	0.00786	0.00792	0.01628	0.02239	0.06471	0.54868	0.06167	0.13011	0.01684	0.00955	0.00261	0.00414	0.03515	0.00880	0.00789
132	0.02714	0.02065	0.02212	0.01778	0.02351	0.02304	0.01440	0.45459	0.19645	0.04531	0.02413	0.05294	0.01843	0.01077	0.00825	0.00256	0.00809	0.00849	0.00813	0.01323
133	0.01317	0.00867	0.01139	0.01049	0.01270	0.00794	0.00794	0.01695	0.02299	0.07558	0.61753	0.05838	0.07275	0.01615	0.00948	0.00255	0.00404	0.01423	0.00901	0.00807
134	0.07669	0.01927	0.05002	0.27665	0.13807	0.08739	0.07312	0.04867	0.01860	0.02510	0.01793	0.02816	0.01549	0.00961	0.00826	0.00269	0.01049	0.07931	0.00453	0.00994
135	0.01363	0.01010	0.01316	0.01485	0.07176	0.00968	0.01010	0.01804	0.06976	0.05938	0.16692	0.22284	0.18312	0.01871	0.00964	0.00292	0.00542	0.08390	0.00767	0.00840
136	0.74162	0.01598	0.01244	0.01100	0.01608	0.01849	0.00906	0.04911	0.01481	0.03701	0.01164	0.01344	0.00899	0.00762	0.00515	0.00251	0.00639	0.00451	0.00515	0.00899
137	0.06927	0.18292	0.46868	0.01998	0.03021	0.02134	0.02442	0.02582	0.01701	0.05035	0.01433	0.01640	0.01059	0.00763	0.00701	0.00239	0.01070	0.00562	0.00380	0.01151
138	0.02949	0.02125	0.02304	0.01789	0.02402	0.02332	0.01470	0.54597	0.06593	0.07754	0.05714	0.02271	0.01818	0.01020	0.00821	0.00246	0.00843	0.00785	0.00826	0.01340
139	0.03399	0.01360	0.01827	0.01425	0.02015	0.01201	0.01168	0.03807	0.05155	0.59802	0.07447	0.02997	0.02411	0.01053	0.00826	0.00252	0.00667	0.00865	0.00989	0.01335
140	0.01850	0.02012	0.03878	0.05688	0.03551	0.02195	0.39174	0.02349	0.01666	0.02349	0.01430	0.02042	0.01166	0.00949	0.01554	0.00302	0.25582	0.00860	0.00389	0.01013
141	0.01180	0.00787	0.00885	0.00885	0.00885	0.00787	0.00492	0.01180	0.01180	0.01573	0.02557	0.05310	0.02950	0.71483	0.04130	0.00787	0.00787	0.01180	0.00492	0.00492
142	0.01395	0.01084	0.01394	0.01316	0.01454	0.01259	0.00978	0.04098	0.08189	0.02079	0.02292	0.03643	0.02242	0.25371	0.31614	0.00894	0.08494	0.00950	0.00501	0.00753
143	0.01513	0.00756	0.00756	0.00756	0.00945	0.00756	0.00567	0.01891	0.01702	0.03025	0.02647	0.03025	0.02080	0.00945	0.00567	0.00189	0.00378	0.00756	0.75988	0.00756
144	0.01801	0.02791	0.25559	0.07661	0.10053	0.01967	0.33094	0.02543	0.01821	0.02559	0.01555	0.02009	0.01158	0.00726	0.00870	0.00265	0.01253	0.00798	0.00383	0.01135
145	0.03217	0.01287	0.01747	0.01372	0.01925	0.01120	0.01120	0.03542	0.02318	0.56140	0.13885	0.03323	0.02970	0.01116	0.00840	0.00252	0.00638	0.00927	0.00985	0.01276
146	0.01943	0.11166	0.03427	0.06263	0.32451	0.02067	0.14810	0.02618	0.08587	0.02570	0.01826	0.05375	0.01557	0.00842	0.00812	0.00248	0.00982	0.00830	0.00457	0.01167
147	0.77215	0.01569	0.01193	0.01067	0.01569	0.01820	0.00879	0.02385	0.01381	0.03641	0.01130	0.01318	0.00879	0.00753	0.00502	0.00251	0.00628	0.00439	0.00502	0.00879
148	0.02175	0.66493	0.07035	0.01455	0.02162	0.05452	0.01468	0.02465	0.01675	0.01942	0.01147	0.01326	0.01041	0.00703	0.00539	0.00179	0.00904	0.00445	0.00349	0.01045
149	0.01683	0.01442	0.01683	0.01202	0.01923	0.01082	0.00961	0.02043	0.01683	0.02644	0.01442	0.01683	0.01202	0.00601	0.00601	0.00120	0.00601	0.00481	0.00481	0.76444
150	0.01603	0.01238	0.01569	0.01457	0.04245	0.01072	0.01134	0.02039	0.04399	0.05162	0.05429	0.08342	0.02925	0.01329	0.00835	0.00236	0.00651	0.20274	0.00632	0.35429
151	0.01683	0.01442	0.01683	0.01202	0.01923	0.01082	0.00961	0.02043	0.01683	0.02644	0.01442	0.01683	0.01202	0.00601	0.00601	0.00120	0.00601	0.00481	0.00481	0.76444
152	0.02863	0.01627	0.04560	0.01533	0.02097	0.01509	0.01297	0.16542	0.07811	0.34120	0.11515	0.03281	0.02755	0.01137	0.00846	0.00257	0.00712	0.03387	0.00894	0.01254
153	0.01139	0.00829	0.01072	0.01011	0.01207	0.00762	0.00759	0.01514	0.02276	0.03203	0.63251	0.06144	0.10430	0.01678	0.00957	0.00256	0.00384	0.01479	0.00887	0.00762
