[name]
unknown

[dist]
# distance from previous block
# <min> <max>
13	19

[block]
# block no. 0 follows, 24 sequences, length 19
# corresponding to MSA columns:
# 19-37
name=unknown_A
#
# <colnr> <probs for GDERKNQSTAVLIFYWHMCP>
#	G	D	E	R	K	N	Q	S	T	A	V	L	I	F	Y	W	H	M	C	P
0	0.05763	0.01503	0.02099	0.01623	0.02212	0.01420	0.07706	0.07861	0.08370	0.44337	0.06464	0.02743	0.02160	0.00984	0.00809	0.00250	0.00733	0.00838	0.00867	0.01259
1	0.06907	0.01321	0.01847	0.08542	0.02303	0.01255	0.03952	0.03137	0.04385	0.41134	0.13706	0.03099	0.02739	0.01048	0.00810	0.00250	0.00687	0.00886	0.00839	0.01155
2	0.09637	0.01770	0.02993	0.15821	0.03374	0.02022	0.22893	0.04902	0.01646	0.02456	0.01471	0.04461	0.01247	0.00980	0.01324	0.00287	0.20541	0.00809	0.00415	0.00951
3	0.35589	0.01739	0.01647	0.01349	0.01866	0.01951	0.01107	0.29623	0.02434	0.04118	0.01636	0.01762	0.01217	0.00854	0.00632	0.00235	0.00698	0.00592	0.09891	0.01060
4	0.08294	0.01701	0.08643	0.01494	0.02126	0.01396	0.01335	0.06932	0.07215	0.45078	0.05535	0.02611	0.02029	0.00974	0.00778	0.00248	0.00716	0.00781	0.00851	0.01263
5	0.01365	0.00693	0.01024	0.01024	0.01024	0.00693	0.00677	0.01040	0.01040	0.01386	0.01440	0.02564	0.01461	0.06600	0.03151	0.72707	0.00693	0.00714	0.00352	0.00352
6	0.01592	0.03775	0.59631	0.02289	0.03376	0.01798	0.07136	0.02462	0.01697	0.02505	0.01600	0.02137	0.01229	0.00832	0.00786	0.00259	0.01157	0.04236	0.00363	0.01139
7	0.01617	0.03773	0.58531	0.02288	0.03323	0.01909	0.05417	0.02450	0.01635	0.02450	0.01391	0.01700	0.01017	0.00816	0.00953	0.00262	0.08381	0.00612	0.00339	0.01136
8	0.13754	0.02004	0.02072	0.01645	0.02220	0.02239	0.01347	0.45889	0.10799	0.04510	0.01972	0.01979	0.01431	0.00934	0.00742	0.00241	0.00787	0.00695	0.03494	0.01244
9	0.02164	0.01570	0.01735	0.01538	0.01981	0.01742	0.01203	0.03910	0.49845	0.13681	0.03210	0.03247	0.02448	0.04665	0.00978	0.00294	0.00646	0.03117	0.00816	0.01213
10	0.01452	0.00879	0.01160	0.01061	0.01300	0.00800	0.00806	0.01803	0.02205	0.12098	0.54235	0.09341	0.06582	0.01583	0.00921	0.00253	0.00421	0.01394	0.00880	0.00826
11	0.01196	0.00930	0.01307	0.08397	0.05506	0.00912	0.00992	0.01574	0.02098	0.02931	0.50922	0.08651	0.08462	0.01539	0.00916	0.00254	0.00484	0.01365	0.00779	0.00784
12	0.01644	0.01409	0.01644	0.01175	0.01879	0.01057	0.00940	0.01997	0.01644	0.02584	0.01409	0.01644	0.01175	0.00587	0.00587	0.00117	0.00587	0.00470	0.00470	0.76979
13	0.01109	0.00810	0.01042	0.00984	0.01177	0.00743	0.00738	0.01471	0.02214	0.03107	0.62648	0.06043	0.11646	0.01648	0.00935	0.00251	0.00376	0.01451	0.00863	0.00743
14	0.01498	0.01409	0.02378	0.70226	0.05462	0.01762	0.02202	0.02026	0.01586	0.02026	0.01409	0.02114	0.01057	0.00793	0.00793	0.00264	0.01057	0.00705	0.00352	0.00881
15	0.00966	0.00690	0.00920	0.01104	0.01150	0.00644	0.00736	0.01104	0.01518	0.02024	0.04371	0.71614	0.05245	0.02484	0.01012	0.00322	0.00460	0.02254	0.00736	0.00644
16	0.02021	0.62182	0.06643	0.01424	0.02061	0.02923	0.01420	0.02302	0.01576	0.01894	0.01174	0.01420	0.01075	0.01026	0.04668	0.00247	0.04134	0.00469	0.00344	0.00999
17	0.01800	0.01488	0.01846	0.03647	0.02132	0.01267	0.03941	0.05909	0.06700	0.04992	0.01742	0.04099	0.01436	0.00732	0.00660	0.00159	0.00656	0.00615	0.00534	0.55647
18	0.02212	0.08509	0.02204	0.08693	0.02425	0.01783	0.04474	0.11749	0.17366	0.14867	0.06425	0.04713	0.02202	0.01472	0.07012	0.00342	0.00889	0.00858	0.00691	0.01115

[dist]
# distance from previous block
# <min> <max>
1	17

[block]
# block no. 1 follows, 24 sequences, length 45
# corresponding to MSA columns:
# 55-99
name=unknown_B
#
# <colnr> <probs for GDERKNQSTAVLIFYWHMCP>
#	G	D	E	R	K	N	Q	S	T	A	V	L	I	F	Y	W	H	M	C	P
0	0.01745	0.01978	0.10497	0.31872	0.17232	0.01872	0.11585	0.04594	0.06147	0.02468	0.01599	0.02086	0.01217	0.00777	0.00809	0.00257	0.01053	0.00739	0.00412	0.01061
1	0.01704	0.13559	0.50369	0.02279	0.03330	0.02048	0.11029	0.02496	0.01692	0.02424	0.01402	0.01680	0.01033	0.00731	0.00743	0.00242	0.01148	0.00610	0.00344	0.01136
2	0.02055	0.01948	0.06046	0.04513	0.59854	0.01833	0.02369	0.02535	0.01831	0.07042	0.01600	0.02000	0.01293	0.00727	0.00784	0.00237	0.00934	0.00707	0.00430	0.01259
3	0.01572	0.10913	0.38818	0.04835	0.02947	0.01770	0.07285	0.02265	0.01799	0.02560	0.15081	0.02575	0.02381	0.00921	0.00780	0.00243	0.00977	0.00779	0.00454	0.01045
4	0.14290	0.01697	0.01927	0.01510	0.02105	0.01744	0.01244	0.24894	0.05363	0.33503	0.02404	0.02223	0.01604	0.00939	0.00751	0.00244	0.00733	0.00718	0.00835	0.01272
5	0.01660	0.03614	0.52294	0.02529	0.03609	0.01882	0.18170	0.02518	0.01723	0.02518	0.01468	0.01790	0.01054	0.00732	0.00799	0.00255	0.01213	0.00673	0.00351	0.01147
6	0.01549	0.01299	0.01991	0.07480	0.22256	0.01341	0.01701	0.02077	0.05809	0.02475	0.03098	0.05914	0.03152	0.01560	0.00959	0.00312	0.00813	0.34674	0.00603	0.00937
7	0.01422	0.01300	0.02151	0.54684	0.07462	0.01564	0.01946	0.01877	0.01583	0.02051	0.01953	0.14768	0.01829	0.01097	0.00832	0.00273	0.00943	0.00987	0.00424	0.00855
8	0.01243	0.01228	0.08675	0.01209	0.01532	0.00905	0.03088	0.01616	0.01971	0.05087	0.35773	0.13166	0.15214	0.04468	0.01044	0.00282	0.00537	0.01422	0.00747	0.00793
9	0.01134	0.00844	0.01244	0.01244	0.01375	0.00975	0.00954	0.01397	0.01266	0.01819	0.02152	0.03268	0.02049	0.10815	0.64212	0.01237	0.02024	0.00872	0.00429	0.00691
10	0.01586	0.01563	0.02831	0.55163	0.08088	0.01811	0.13383	0.02137	0.01647	0.02145	0.01448	0.02112	0.01093	0.00766	0.00818	0.00263	0.01102	0.00746	0.00363	0.00932
11	0.00966	0.00690	0.00920	0.01104	0.01150	0.00644	0.00736	0.01104	0.01518	0.02024	0.04371	0.71614	0.05245	0.02484	0.01012	0.00322	0.00460	0.02254	0.00736	0.00644
12	0.02098	0.69732	0.06837	0.01395	0.02094	0.03083	0.01423	0.02380	0.01614	0.01893	0.01116	0.01289	0.01017	0.00682	0.00519	0.00173	0.00862	0.00431	0.00339	0.01024
13	0.01386	0.00870	0.01137	0.01036	0.01274	0.00792	0.00789	0.01746	0.02230	0.10335	0.57308	0.05633	0.09257	0.01565	0.00920	0.00250	0.00409	0.01373	0.00880	0.00812
14	0.01153	0.00769	0.00865	0.00865	0.00865	0.00769	0.00480	0.01153	0.01153	0.01538	0.02499	0.05189	0.02883	0.72131	0.04036	0.00769	0.00769	0.01153	0.00480	0.00480
15	0.77733	0.01534	0.01166	0.01043	0.01534	0.01779	0.00859	0.02331	0.01350	0.03558	0.01104	0.01288	0.00859	0.00736	0.00491	0.00245	0.00613	0.00429	0.00491	0.00859
16	0.01883	0.02273	0.14852	0.05907	0.41191	0.03596	0.05209	0.05094	0.01874	0.02618	0.01849	0.02378	0.03928	0.00834	0.00802	0.00246	0.00987	0.02882	0.00425	0.01173
17	0.01639	0.02371	0.20790	0.25133	0.04280	0.01831	0.24911	0.02309	0.01711	0.02343	0.01593	0.04554	0.01250	0.00799	0.00842	0.00264	0.01168	0.00814	0.00379	0.01019
18	0.01310	0.00876	0.01124	0.01202	0.01370	0.00846	0.00903	0.01667	0.06082	0.07079	0.08067	0.36497	0.09128	0.05170	0.01123	0.00334	0.00551	0.15154	0.00755	0.00758
19	0.01090	0.00804	0.01018	0.00975	0.01167	0.00733	0.00727	0.01429	0.02152	0.02984	0.55816	0.09034	0.15698	0.01713	0.00939	0.00255	0.00382	0.01503	0.00848	0.00733
20	0.00966	0.00690	0.00920	0.01104	0.01150	0.00644	0.00736	0.01104	0.01518	0.02024	0.04371	0.71614	0.05245	0.02484	0.01012	0.00322	0.00460	0.02254	0.00736	0.00644
21	0.01816	0.07740	0.26254	0.07751	0.08496	0.01914	0.23497	0.02490	0.01790	0.05412	0.04145	0.02074	0.01398	0.00763	0.00813	0.00250	0.01124	0.00755	0.00414	0.01102
22	0.00966	0.00690	0.00920	0.01104	0.01150	0.00644	0.00736	0.01104	0.01518	0.02024	0.04371	0.71614	0.05245	0.02484	0.01012	0.00322	0.00460	0.02254	0.00736	0.00644
23	0.01590	0.04102	0.68023	0.02260	0.03432	0.01842	0.02930	0.02511	0.01674	0.02511	0.01423	0.01674	0.01005	0.00753	0.00753	0.00251	0.01172	0.00586	0.00335	0.01172
24	0.01775	0.01484	0.01701	0.01265	0.01924	0.01242	0.01009	0.08007	0.06455	0.02846	0.01681	0.03985	0.01410	0.00717	0.00636	0.00146	0.00613	0.00580	0.00533	0.61992
25	0.02120	0.72609	0.04155	0.01357	0.02035	0.03138	0.01357	0.02374	0.01611	0.01866	0.01102	0.01272	0.01018	0.00678	0.00509	0.00170	0.00848	0.00424	0.00339	0.01018
26	0.01806	0.01999	0.04152	0.12722	0.04147	0.02009	0.49908	0.02411	0.01772	0.02411	0.01526	0.02099	0.01168	0.00750	0.01064	0.00274	0.07484	0.00881	0.00389	0.01025
27	0.02094	0.01836	0.01857	0.01649	0.02109	0.05047	0.01286	0.08603	0.58310	0.03378	0.03039	0.02812	0.02278	0.01055	0.00802	0.00264	0.00682	0.00866	0.00788	0.01247
28	0.01153	0.00769	0.00865	0.00865	0.00865	0.00769	0.00480	0.01153	0.01153	0.01538	0.02499	0.05189	0.02883	0.72131	0.04036	0.00769	0.00769	0.01153	0.00480	0.00480
29	0.00966	0.00690	0.00920	0.01104	0.01150	0.00644	0.00736	0.01104	0.01518	0.02024	0.04371	0.71614	0.05245	0.02484	0.01012	0.00322	0.00460	0.02254	0.00736	0.00644
30	0.03528	0.01397	0.01869	0.01433	0.02048	0.01236	0.01184	0.07151	0.02349	0.64336	0.03062	0.02656	0.01930	0.00980	0.00797	0.00245	0.00685	0.00793	0.00971	0.01349
31	0.01668	0.01431	0.01655	0.01206	0.01892	0.01123	0.00962	0.02156	0.06263	0.02637	0.01540	0.01739	0.01264	0.00622	0.00603	0.00128	0.00590	0.00501	0.00494	0.71524
32	0.77733	0.01534	0.01166	0.01043	0.01534	0.01779	0.00859	0.02331	0.01350	0.03558	0.01104	0.01288	0.00859	0.00736	0.00491	0.00245	0.00613	0.00429	0.00491	0.00859
33	0.01153	0.00769	0.00865	0.00865	0.00865	0.00769	0.00480	0.01153	0.01153	0.01538	0.02499	0.05189	0.02883	0.72131	0.04036	0.00769	0.00769	0.01153	0.00480	0.00480
34	0.01122	0.00811	0.01060	0.00998	0.01185	0.00748	0.00748	0.01496	0.02245	0.03180	0.66766	0.05923	0.07482	0.01621	0.00935	0.00249	0.00374	0.01434	0.00873	0.00748
35	0.01143	0.00765	0.00868	0.00878	0.00880	0.00762	0.00494	0.01151	0.01173	0.01564	0.02600	0.08787	0.03011	0.68359	0.03872	0.00745	0.00752	0.01213	0.00494	0.00489
36	0.01814	0.01820	0.02780	0.02268	0.02423	0.02364	0.11545	0.04834	0.01431	0.02147	0.01168	0.01806	0.01080	0.01255	0.02259	0.00330	0.56646	0.00733	0.00376	0.00921
37	0.01148	0.01286	0.10511	0.01193	0.01538	0.00900	0.01094	0.01532	0.01927	0.02578	0.26284	0.09299	0.24781	0.01749	0.00939	0.00277	0.00556	0.10908	0.00725	0.00776
38	0.01096	0.00810	0.01024	0.00970	0.01169	0.00737	0.00728	0.01446	0.02183	0.03034	0.58519	0.06163	0.15821	0.01676	0.00936	0.00252	0.00378	0.01468	0.00854	0.00737
39	0.74368	0.01525	0.01196	0.01060	0.01556	0.01751	0.00873	0.02401	0.01391	0.06469	0.01196	0.01352	0.00909	0.00747	0.00505	0.00245	0.00616	0.00446	0.00513	0.00881
40	0.02450	0.02022	0.02570	0.07505	0.15235	0.04963	0.06201	0.27004	0.14253	0.06609	0.02035	0.02157	0.01509	0.00891	0.00801	0.00246	0.00903	0.00756	0.00650	0.01241
41	0.01924	0.01494	0.01732	0.01277	0.01952	0.01247	0.01026	0.07613	0.06252	0.07631	0.01702	0.01834	0.01333	0.00681	0.00635	0.00147	0.00621	0.00544	0.00558	0.59796
42	0.04864	0.08816	0.56046	0.02072	0.03114	0.01867	0.02598	0.02431	0.01680	0.02528	0.03773	0.02002	0.01337	0.00822	0.00741	0.00248	0.01082	0.02486	0.00373	0.01119
43	0.10772	0.02116	0.06914	0.01675	0.02290	0.02125	0.01448	0.43014	0.05892	0.04307	0.04900	0.04052	0.01708	0.00979	0.00762	0.00239	0.00808	0.00749	0.00715	0.04535
44	0.07491	0.05171	0.23772	0.10149	0.03152	0.06377	0.11081	0.02599	0.07290	0.04744	0.04188	0.02045	0.01453	0.00804	0.00755	0.00240	0.01009	0.00688	0.00457	0.06534

[dist]
# distance from previous block
# <min> <max>
3	9

[block]
# block no. 2 follows, 24 sequences, length 49
# corresponding to MSA columns:
# 109-157
name=unknown_C
#
# <colnr> <probs for GDERKNQSTAVLIFYWHMCP>
#	G	D	E	R	K	N	Q	S	T	A	V	L	I	F	Y	W	H	M	C	P
0	0.08728	0.02129	0.02191	0.01714	0.02321	0.04444	0.01403	0.49259	0.08045	0.04510	0.01888	0.01904	0.01370	0.00918	0.00755	0.00232	0.00834	0.00684	0.00738	0.05933
1	0.34357	0.01655	0.05693	0.06065	0.02169	0.01587	0.01238	0.06843	0.01892	0.28347	0.01980	0.01954	0.01340	0.00850	0.00666	0.00247	0.00718	0.00619	0.00681	0.01101
2	0.24509	0.04971	0.01749	0.01293	0.01869	0.01473	0.01075	0.05653	0.01994	0.37619	0.04161	0.02222	0.01688	0.00890	0.00686	0.00234	0.00660	0.00669	0.00767	0.05819
3	0.01694	0.03504	0.50921	0.02323	0.03345	0.01838	0.10948	0.06265	0.01837	0.02658	0.01668	0.02250	0.01297	0.00853	0.00804	0.00260	0.01145	0.04852	0.00399	0.01139
4	0.02312	0.01850	0.10822	0.01576	0.02307	0.01363	0.05208	0.05872	0.04779	0.22401	0.02047	0.02068	0.01455	0.00773	0.00714	0.00196	0.00754	0.00644	0.00633	0.32225
5	0.35465	0.05029	0.01948	0.26587	0.03125	0.01809	0.04186	0.04232	0.01606	0.02891	0.05297	0.01933	0.01378	0.00813	0.00659	0.00250	0.00814	0.00624	0.00462	0.00893
6	0.01478	0.00739	0.00739	0.00739	0.00924	0.00739	0.00554	0.01848	0.01663	0.02956	0.02587	0.02956	0.02033	0.00924	0.00554	0.00185	0.00370	0.00739	0.76534	0.00739
7	0.01153	0.00769	0.00865	0.00865	0.00865	0.00769	0.00480	0.01153	0.01153	0.01538	0.02499	0.05189	0.02883	0.72131	0.04036	0.00769	0.00769	0.01153	0.00480	0.00480
8	0.01145	0.00800	0.01022	0.01022	0.01076	0.00854	0.00676	0.01254	0.01200	0.01654	0.02355	0.04395	0.02538	0.46783	0.28913	0.00962	0.01288	0.01037	0.00459	0.00568
9	0.02949	0.02188	0.02343	0.01811	0.02434	0.02428	0.01491	0.60732	0.07644	0.04892	0.01987	0.01970	0.01416	0.00960	0.00794	0.00240	0.00857	0.00725	0.00794	0.01343
10	0.77733	0.01534	0.01166	0.01043	0.01534	0.01779	0.00859	0.02331	0.01350	0.03558	0.01104	0.01288	0.00859	0.00736	0.00491	0.00245	0.00613	0.00429	0.00491	0.00859
11	0.02084	0.01718	0.02083	0.01917	0.06202	0.01908	0.05655	0.03963	0.52644	0.08079	0.03002	0.02822	0.02231	0.01018	0.00814	0.00265	0.00699	0.00880	0.00767	0.01250
12	0.01122	0.00811	0.01060	0.00998	0.01185	0.00748	0.00748	0.01496	0.02245	0.03180	0.66766	0.05923	0.07482	0.01621	0.00935	0.00249	0.00374	0.01434	0.00873	0.00748
13	0.02690	0.03340	0.02224	0.11142	0.02811	0.57121	0.01599	0.02941	0.02118	0.01948	0.01288	0.01592	0.01066	0.01027	0.03568	0.00257	0.01409	0.00551	0.00402	0.00905
14	0.71766	0.01634	0.03974	0.01107	0.01631	0.01758	0.00957	0.02396	0.01398	0.05934	0.01194	0.01357	0.00906	0.00746	0.00513	0.00246	0.00639	0.00450	0.00503	0.00890
15	0.01657	0.12700	0.60006	0.02147	0.03257	0.02004	0.02732	0.02494	0.01666	0.02430	0.01383	0.01624	0.01006	0.00744	0.00723	0.00241	0.01131	0.00566	0.00335	0.01153
16	0.01953	0.05003	0.37353	0.02163	0.08759	0.01692	0.02206	0.02740	0.06170	0.11806	0.01784	0.01918	0.01284	0.00779	0.00737	0.00230	0.00955	0.00628	0.00482	0.11358
17	0.01815	0.10127	0.11240	0.17088	0.02979	0.09703	0.01837	0.03960	0.01621	0.02114	0.01524	0.07963	0.01419	0.01111	0.01306	0.00274	0.21819	0.00770	0.00400	0.00928
18	0.03014	0.02221	0.02380	0.01825	0.02459	0.02459	0.01507	0.64541	0.03728	0.04998	0.01904	0.01904	0.01349	0.00952	0.00793	0.00238	0.00873	0.00714	0.00793	0.01349
19	0.03510	0.01426	0.01888	0.01447	0.02062	0.01279	0.01195	0.09190	0.02398	0.62228	0.03021	0.02629	0.01909	0.00979	0.00797	0.00245	0.00692	0.00790	0.00965	0.01349
20	0.03404	0.01315	0.01791	0.01385	0.01971	0.01139	0.01139	0.03715	0.02268	0.63658	0.07146	0.02903	0.02311	0.01022	0.00806	0.00246	0.00656	0.00838	0.00975	0.01312
21	0.03558	0.01350	0.01840	0.01411	0.02024	0.01166	0.01166	0.03865	0.02270	0.67734	0.03128	0.02699	0.01963	0.00981	0.00797	0.00245	0.00675	0.00797	0.00981	0.01350
22	0.00974	0.00716	0.00913	0.01052	0.01141	0.00656	0.00717	0.01139	0.01616	0.02129	0.09619	0.57209	0.14513	0.02349	0.00995	0.00309	0.00445	0.02107	0.00746	0.00656
23	0.02962	0.03779	0.02247	0.02043	0.02451	0.68948	0.01532	0.03166	0.02247	0.01941	0.01226	0.01430	0.01021	0.00817	0.00715	0.00204	0.01430	0.00511	0.00409	0.00919
24	0.01150	0.00754	0.01003	0.01100	0.01208	0.00696	0.00764	0.01347	0.01713	0.06106	0.17234	0.53965	0.05517	0.02218	0.00984	0.00303	0.00455	0.01999	0.00779	0.00707
25	0.01478	0.00739	0.00739	0.00739	0.00924	0.00739	0.00554	0.01848	0.01663	0.02956	0.02587	0.02956	0.02033	0.00924	0.00554	0.00185	0.00370	0.00739	0.76534	0.00739
26	0.04822	0.13556	0.02763	0.04553	0.05613	0.02387	0.04758	0.04603	0.01476	0.02168	0.01271	0.04154	0.01210	0.01172	0.01798	0.00295	0.41370	0.00707	0.00389	0.00935
27	0.77733	0.01534	0.01166	0.01043	0.01534	0.01779	0.00859	0.02331	0.01350	0.03558	0.01104	0.01288	0.00859	0.00736	0.00491	0.00245	0.00613	0.00429	0.00491	0.00859
28	0.00966	0.00690	0.00920	0.01104	0.01150	0.00644	0.00736	0.01104	0.01518	0.02024	0.04371	0.71614	0.05245	0.02484	0.01012	0.00322	0.00460	0.02254	0.00736	0.00644
29	0.01841	0.01608	0.02414	0.39659	0.08525	0.01893	0.04380	0.08165	0.12528	0.04732	0.01809	0.02226	0.01360	0.00881	0.00894	0.00264	0.04544	0.00749	0.00493	0.01034
30	0.77733	0.01534	0.01166	0.01043	0.01534	0.01779	0.00859	0.02331	0.01350	0.03558	0.01104	0.01288	0.00859	0.00736	0.00491	0.00245	0.00613	0.00429	0.00491	0.00859
31	0.72137	0.01520	0.01216	0.01071	0.01571	0.01733	0.00882	0.02447	0.01419	0.08400	0.01257	0.01395	0.00942	0.00755	0.00514	0.00245	0.00618	0.00457	0.00528	0.00896
32	0.01153	0.00769	0.00865	0.00865	0.00865	0.00769	0.00480	0.01153	0.01153	0.01538	0.02499	0.05189	0.02883	0.72131	0.04036	0.00769	0.00769	0.01153	0.00480	0.00480
33	0.01345	0.01105	0.01393	0.01351	0.01535	0.05357	0.01052	0.04777	0.01462	0.02010	0.02056	0.02946	0.01889	0.05366	0.61166	0.01153	0.02016	0.00821	0.00443	0.00754
34	0.01321	0.00873	0.01070	0.01048	0.01181	0.00877	0.00718	0.01583	0.05219	0.06493	0.08910	0.13114	0.08183	0.32373	0.12969	0.00643	0.00866	0.01268	0.00612	0.00680
35	0.18951	0.11149	0.05864	0.04255	0.04823	0.02083	0.24377	0.04924	0.01749	0.06828	0.01474	0.01806	0.01132	0.00781	0.00882	0.00252	0.06490	0.00692	0.00456	0.01033
36	0.77733	0.01534	0.01166	0.01043	0.01534	0.01779	0.00859	0.02331	0.01350	0.03558	0.01104	0.01288	0.00859	0.00736	0.00491	0.00245	0.00613	0.00429	0.00491	0.00859
37	0.01584	0.06417	0.53468	0.02208	0.03225	0.01800	0.08126	0.02389	0.01698	0.02479	0.03731	0.06132	0.01494	0.00877	0.00781	0.00254	0.01104	0.00741	0.00383	0.01110
38	0.01590	0.04102	0.68023	0.02260	0.03432	0.01842	0.02930	0.02511	0.01674	0.02511	0.01423	0.01674	0.01005	0.00753	0.00753	0.00251	0.01172	0.00586	0.00335	0.01172
39	0.01159	0.00831	0.01183	0.01183	0.01308	0.00944	0.00893	0.01411	0.01285	0.01877	0.02206	0.03382	0.02106	0.14465	0.55586	0.01132	0.01822	0.00883	0.05664	0.00680
40	0.01147	0.00766	0.00867	0.00873	0.00875	0.00765	0.00489	0.01152	0.01166	0.01554	0.02562	0.07440	0.02963	0.69771	0.03934	0.00754	0.00758	0.01190	0.00489	0.00486
41	0.00937	0.00803	0.00803	0.00803	0.01071	0.00669	0.00602	0.01138	0.01807	0.02142	0.08033	0.07632	0.66863	0.02008	0.00937	0.00268	0.00402	0.01674	0.00736	0.00669
42	0.01844	0.02070	0.04457	0.03327	0.07160	0.01955	0.58438	0.02485	0.01842	0.02512	0.01622	0.02173	0.01240	0.00903	0.03926	0.00310	0.01352	0.00921	0.00402	0.01063
43	0.01644	0.01409	0.01644	0.01175	0.01879	0.01057	0.00940	0.01997	0.01644	0.02584	0.01409	0.01644	0.01175	0.00587	0.00587	0.00117	0.00587	0.00470	0.00470	0.76979
44	0.01732	0.06217	0.05147	0.03868	0.01896	0.04172	0.04573	0.02009	0.01749	0.13710	0.06891	0.34937	0.03558	0.01678	0.00963	0.00281	0.03591	0.01469	0.00677	0.00880
45	0.12979	0.03371	0.02111	0.01894	0.02329	0.55382	0.01440	0.07274	0.02229	0.02367	0.01256	0.01444	0.01022	0.00816	0.00690	0.00212	0.01282	0.00514	0.00446	0.00941
46	0.02909	0.06854	0.06307	0.01662	0.02302	0.02015	0.01448	0.34591	0.05168	0.22348	0.04764	0.02268	0.01758	0.00960	0.00779	0.00238	0.00805	0.00745	0.00791	0.01288
47	0.02607	0.02236	0.02103	0.01760	0.02283	0.13082	0.01398	0.28061	0.28365	0.06098	0.02370	0.02279	0.01748	0.00981	0.00786	0.00245	0.00858	0.00757	0.00743	0.01241
48	0.21102	0.32537	0.09879	0.03953	0.04849	0.02295	0.01450	0.02568	0.01648	0.11214	0.01435	0.01568	0.01114	0.00747	0.00591	0.00213	0.00812	0.00514	0.00465	0.01044

[dist]
# distance from previous block
# <min> <max>
1	9

[block]
# block no. 3 follows, 24 sequences, length 12
# corresponding to MSA columns:
# 167-178
name=unknown_D
#
# <colnr> <probs for GDERKNQSTAVLIFYWHMCP>
#	G	D	E	R	K	N	Q	S	T	A	V	L	I	F	Y	W	H	M	C	P
0	0.09326	0.07360	0.29176	0.07648	0.03124	0.01966	0.09260	0.12255	0.02003	0.04847	0.01649	0.02112	0.01270	0.00847	0.00760	0.00251	0.01023	0.03546	0.00470	0.01108
1	0.05160	0.43503	0.12487	0.04501	0.02424	0.02695	0.01612	0.12273	0.04265	0.02577	0.01364	0.01526	0.01114	0.00754	0.00610	0.00202	0.00889	0.00522	0.00434	0.01088
2	0.01399	0.00900	0.01145	0.01124	0.01333	0.00854	0.00825	0.01826	0.07174	0.09913	0.29478	0.29012	0.08243	0.01833	0.00937	0.00277	0.00460	0.01625	0.00824	0.00816
3	0.01735	0.01735	0.02429	0.02082	0.02082	0.02429	0.01735	0.01908	0.01214	0.01908	0.01041	0.01735	0.01041	0.01388	0.02602	0.00347	0.70680	0.00694	0.00347	0.00867
4	0.01335	0.01077	0.01328	0.04497	0.01674	0.01094	0.02580	0.04560	0.12492	0.02625	0.15060	0.13271	0.20901	0.04873	0.01070	0.00305	0.00575	0.09125	0.00734	0.00825
5	0.00975	0.00787	0.00868	0.00886	0.01104	0.00680	0.00650	0.01197	0.01840	0.02310	0.17989	0.17442	0.46469	0.02014	0.00949	0.00273	0.00406	0.01722	0.00761	0.00680
6	0.06941	0.01453	0.02403	0.62076	0.05119	0.01775	0.05102	0.02073	0.01583	0.02160	0.01397	0.02057	0.01050	0.00783	0.00778	0.00263	0.01039	0.00696	0.00365	0.00888
7	0.01494	0.01303	0.02119	0.59239	0.04744	0.01600	0.01942	0.01998	0.01598	0.02173	0.01596	0.02247	0.01211	0.00814	0.00755	0.00252	0.00948	0.00710	0.12398	0.00858
8	0.01571	0.01484	0.02511	0.59891	0.15221	0.01781	0.02239	0.02091	0.01620	0.02115	0.01422	0.02090	0.01089	0.00779	0.00792	0.00260	0.01039	0.00705	0.00359	0.00940
9	0.19493	0.01975	0.01969	0.01701	0.05020	0.06770	0.01313	0.29871	0.07866	0.10338	0.02148	0.02143	0.04121	0.00941	0.00728	0.00242	0.00798	0.00699	0.00698	0.01169
10	0.01606	0.01461	0.02318	0.60232	0.04978	0.01748	0.02055	0.05983	0.01726	0.02260	0.01441	0.02062	0.01085	0.00786	0.00776	0.00251	0.01007	0.00686	0.00390	0.07150
11	0.17617	0.01768	0.06872	0.06950	0.12697	0.01610	0.04516	0.06805	0.01968	0.25464	0.01999	0.02065	0.01390	0.00826	0.00728	0.00241	0.00808	0.00675	0.00638	0.04363

[dist]
# distance from previous block
# <min> <max>
0	8

[block]
# block no. 4 follows, 24 sequences, length 24
# corresponding to MSA columns:
# 187-210
name=unknown_E
#
# <colnr> <probs for GDERKNQSTAVLIFYWHMCP>
#	G	D	E	R	K	N	Q	S	T	A	V	L	I	F	Y	W	H	M	C	P
0	0.16022	0.03615	0.55351	0.02029	0.03072	0.01830	0.02537	0.02477	0.01613	0.02710	0.01363	0.01601	0.00977	0.00750	0.00704	0.00250	0.01066	0.00556	0.00364	0.01113
1	0.07375	0.14570	0.41326	0.01997	0.05543	0.01934	0.02243	0.02486	0.01721	0.06538	0.05914	0.01946	0.01508	0.00811	0.00711	0.00236	0.00983	0.00624	0.00426	0.01109
2	0.46861	0.04808	0.01662	0.01305	0.01839	0.06488	0.01076	0.13005	0.01945	0.12271	0.01519	0.01591	0.01108	0.00808	0.00599	0.00238	0.00731	0.00532	0.00595	0.01018
3	0.34044	0.01936	0.01876	0.01500	0.02075	0.02177	0.01238	0.38706	0.02740	0.04400	0.01572	0.01648	0.01145	0.00862	0.00668	0.00241	0.00765	0.00596	0.00668	0.01145
4	0.03044	0.02174	0.02350	0.01802	0.02435	0.02388	0.01489	0.61225	0.03649	0.08426	0.01971	0.01947	0.01382	0.00954	0.00794	0.00238	0.00862	0.00719	0.00804	0.01349
5	0.01963	0.01884	0.03219	0.04867	0.67185	0.01884	0.02434	0.02434	0.01806	0.02591	0.01492	0.01963	0.01256	0.00707	0.00785	0.00236	0.00942	0.00707	0.00393	0.01256
6	0.01478	0.00739	0.00739	0.00739	0.00924	0.00739	0.00554	0.01848	0.01663	0.02956	0.02587	0.02956	0.02033	0.00924	0.00554	0.00185	0.00370	0.00739	0.76534	0.00739
7	0.77733	0.01534	0.01166	0.01043	0.01534	0.01779	0.00859	0.02331	0.01350	0.03558	0.01104	0.01288	0.00859	0.00736	0.00491	0.00245	0.00613	0.00429	0.00491	0.00859
8	0.01122	0.00811	0.01060	0.00998	0.01185	0.00748	0.00748	0.01496	0.02245	0.03180	0.66766	0.05923	0.07482	0.01621	0.00935	0.00249	0.00374	0.01434	0.00873	0.00748
9	0.02871	0.03354	0.02279	0.06658	0.02658	0.53121	0.01574	0.13466	0.02453	0.02463	0.01353	0.01557	0.01079	0.00838	0.00734	0.00214	0.01310	0.00558	0.00470	0.00989
10	0.01590	0.04102	0.68023	0.02260	0.03432	0.01842	0.02930	0.02511	0.01674	0.02511	0.01423	0.01674	0.01005	0.00753	0.00753	0.00251	0.01172	0.00586	0.00335	0.01172
11	0.01917	0.46307	0.28675	0.01704	0.02572	0.02640	0.01961	0.02427	0.01635	0.02114	0.01226	0.01426	0.01013	0.00707	0.00603	0.00201	0.00972	0.00486	0.00338	0.01077
12	0.01590	0.04102	0.68023	0.02260	0.03432	0.01842	0.02930	0.02511	0.01674	0.02511	0.01423	0.01674	0.01005	0.00753	0.00753	0.00251	0.01172	0.00586	0.00335	0.01172
13	0.01813	0.16158	0.52319	0.02044	0.03091	0.02029	0.02534	0.02575	0.01702	0.06631	0.01477	0.01669	0.01069	0.00755	0.00713	0.00236	0.01082	0.00571	0.00378	0.01156
14	0.01592	0.01506	0.02549	0.56951	0.17998	0.01787	0.02249	0.02109	0.01630	0.02141	0.01426	0.02083	0.01098	0.00775	0.00791	0.00258	0.01034	0.00705	0.00361	0.00957
15	0.01151	0.00884	0.01249	0.01138	0.01359	0.00815	0.04364	0.01520	0.02149	0.02997	0.54310	0.08645	0.11018	0.01649	0.00944	0.00259	0.00446	0.03520	0.00826	0.00756
16	0.01707	0.01478	0.01769	0.01478	0.06304	0.01227	0.01080	0.02303	0.09660	0.02676	0.01642	0.01830	0.01336	0.00656	0.00628	0.00144	0.00616	0.00539	0.00507	0.62420
17	0.01649	0.02579	0.29096	0.09981	0.20529	0.01714	0.02293	0.02444	0.07534	0.02572	0.06229	0.06176	0.01889	0.00932	0.00798	0.00254	0.00953	0.00812	0.00455	0.01112
18	0.02452	0.02811	0.02311	0.06188	0.10562	0.38636	0.01649	0.06833	0.02067	0.02235	0.01522	0.06762	0.01388	0.01008	0.01000	0.00241	0.10217	0.00712	0.00445	0.00961
19	0.06988	0.01246	0.01906	0.01889	0.09567	0.01155	0.10397	0.01736	0.01616	0.02388	0.02811	0.34476	0.03070	0.01512	0.00854	0.00259	0.00683	0.01399	0.00577	0.15472
20	0.14346	0.03183	0.44280	0.02051	0.02948	0.01817	0.06520	0.02374	0.01580	0.02609	0.01409	0.01743	0.01063	0.01138	0.05519	0.00327	0.05052	0.00608	0.00372	0.01064
21	0.04313	0.04488	0.04902	0.02780	0.23874	0.06038	0.06147	0.03018	0.17136	0.09424	0.02031	0.02172	0.01552	0.00818	0.00760	0.00232	0.00861	0.00721	0.00560	0.08171
22	0.13356	0.02617	0.23829	0.02527	0.15753	0.01985	0.02083	0.07318	0.09874	0.05094	0.01821	0.02089	0.01409	0.00943	0.00916	0.00281	0.05658	0.00696	0.00535	0.01217
23	0.02553	0.01618	0.04329	0.01846	0.09026	0.01505	0.01376	0.10972	0.06526	0.27590	0.08647	0.02625	0.02193	0.00981	0.00882	0.00235	0.04628	0.00791	0.00747	0.10930

[dist]
# distance from previous block
# <min> <max>
1	6

[block]
# block no. 5 follows, 24 sequences, length 519
# corresponding to MSA columns:
# 217-735
name=unknown_F
#
# <colnr> <probs for GDERKNQSTAVLIFYWHMCP>
#	G	D	E	R	K	N	Q	S	T	A	V	L	I	F	Y	W	H	M	C	P
0	0.05356	0.01634	0.01799	0.01530	0.04664	0.07389	0.01158	0.05527	0.07765	0.27287	0.02544	0.02542	0.04457	0.03560	0.00855	0.00233	0.00726	0.00731	0.00711	0.19534
1	0.02675	0.05797	0.04791	0.02039	0.07321	0.33158	0.01536	0.13390	0.02338	0.07430	0.01527	0.01675	0.01184	0.00805	0.00715	0.00204	0.01096	0.00575	0.00517	0.11226
2	0.08910	0.08152	0.04221	0.01493	0.02079	0.05130	0.01275	0.15372	0.04939	0.25697	0.05200	0.02509	0.01894	0.00961	0.00742	0.00231	0.00760	0.02967	0.00736	0.06732
3	0.07699	0.35522	0.19424	0.01939	0.05488	0.02507	0.07019	0.02383	0.01605	0.02245	0.01236	0.01513	0.01031	0.00760	0.00787	0.00221	0.06676	0.00542	0.00358	0.01046
4	0.02123	0.02064	0.03694	0.05815	0.03527	0.02098	0.38217	0.18102	0.02269	0.03093	0.01621	0.02027	0.01220	0.00795	0.01000	0.00259	0.06248	0.00831	0.00497	0.04501
5	0.02100	0.01763	0.02450	0.02458	0.15139	0.01887	0.09610	0.03616	0.39214	0.08878	0.02668	0.02634	0.01993	0.00942	0.00818	0.00260	0.00785	0.00855	0.00689	0.01240
6	0.06122	0.04561	0.01971	0.01455	0.02011	0.01390	0.01214	0.03564	0.02111	0.56457	0.02774	0.02496	0.01796	0.00995	0.00936	0.00251	0.06988	0.00758	0.00877	0.01273
7	0.01838	0.01906	0.02414	0.02079	0.02113	0.07999	0.01718	0.02014	0.01301	0.01911	0.01056	0.01709	0.01039	0.01340	0.02444	0.00335	0.64882	0.00679	0.00352	0.00872
8	0.01752	0.01787	0.02717	0.02244	0.02346	0.02375	0.09759	0.01989	0.01299	0.01989	0.01113	0.01787	0.01062	0.01296	0.02389	0.00337	0.61787	0.00725	0.00354	0.00893
9	0.01498	0.01409	0.02378	0.70226	0.05462	0.01762	0.02202	0.02026	0.01586	0.02026	0.01409	0.02114	0.01057	0.00793	0.00793	0.00264	0.01057	0.00705	0.00352	0.00881
10	0.02660	0.01941	0.02103	0.01705	0.02266	0.02153	0.01379	0.35654	0.27647	0.10027	0.02528	0.02385	0.01820	0.01003	0.00799	0.00251	0.00760	0.00792	0.00816	0.01312
11	0.01561	0.01474	0.02492	0.61357	0.13837	0.01778	0.02234	0.02081	0.01615	0.02103	0.01421	0.02094	0.01084	0.00781	0.00792	0.00260	0.01041	0.00705	0.00358	0.00932
12	0.01498	0.01409	0.02378	0.70226	0.05462	0.01762	0.02202	0.02026	0.01586	0.02026	0.01409	0.02114	0.01057	0.00793	0.00793	0.00264	0.01057	0.00705	0.00352	0.00881
13	0.01153	0.00769	0.00865	0.00865	0.00865	0.00769	0.00480	0.01153	0.01153	0.01538	0.02499	0.05189	0.02883	0.72131	0.04036	0.00769	0.00769	0.01153	0.00480	0.00480
14	0.01122	0.00811	0.01060	0.00998	0.01185	0.00748	0.00748	0.01496	0.02245	0.03180	0.66766	0.05923	0.07482	0.01621	0.00935	0.00249	0.00374	0.01434	0.00873	0.00748
15	0.03014	0.02221	0.02380	0.01825	0.02459	0.02459	0.01507	0.64541	0.03728	0.04998	0.01904	0.01904	0.01349	0.00952	0.00793	0.00238	0.00873	0.00714	0.00793	0.01349
16	0.02018	0.01726	0.01819	0.01623	0.02079	0.01994	0.01266	0.06851	0.63041	0.03391	0.03170	0.02912	0.02374	0.01070	0.00806	0.00268	0.00638	0.00889	0.00806	0.01259
17	0.01644	0.01409	0.01644	0.01175	0.01879	0.01057	0.00940	0.01997	0.01644	0.02584	0.01409	0.01644	0.01175	0.00587	0.00587	0.00117	0.00587	0.00470	0.00470	0.76979
18	0.01498	0.01409	0.02378	0.70226	0.05462	0.01762	0.02202	0.02026	0.01586	0.02026	0.01409	0.02114	0.01057	0.00793	0.00793	0.00264	0.01057	0.00705	0.00352	0.00881
19	0.01135	0.00842	0.01238	0.01238	0.01366	0.00971	0.00945	0.01392	0.01264	0.01814	0.02158	0.03302	0.02064	0.11911	0.63136	0.01229	0.02002	0.00877	0.00430	0.00688
20	0.01025	0.00734	0.00979	0.01113	0.01200	0.00688	0.00785	0.01230	0.01692	0.02288	0.16968	0.52929	0.05638	0.02285	0.01004	0.00311	0.00466	0.07230	0.00763	0.00673
21	0.01590	0.04102	0.68023	0.02260	0.03432	0.01842	0.02930	0.02511	0.01674	0.02511	0.01423	0.01674	0.01005	0.00753	0.00753	0.00251	0.01172	0.00586	0.00335	0.01172
22	0.00948	0.00795	0.00824	0.00834	0.01082	0.00671	0.00619	0.01152	0.01806	0.02181	0.10439	0.12236	0.59650	0.02026	0.00943	0.00271	0.00405	0.01705	0.00743	0.00671
23	0.01241	0.00887	0.01236	0.01418	0.01585	0.00881	0.01214	0.01580	0.01789	0.02332	0.04219	0.16319	0.04644	0.02225	0.01086	0.00360	0.00698	0.54835	0.00731	0.00720
24	0.00956	0.00729	0.00880	0.01001	0.01123	0.00653	0.00690	0.01116	0.01617	0.02065	0.05624	0.49726	0.26324	0.02321	0.00987	0.00303	0.00440	0.02056	0.00736	0.00653
25	0.01122	0.00811	0.01060	0.00998	0.01185	0.00748	0.00748	0.01496	0.02245	0.03180	0.66766	0.05923	0.07482	0.01621	0.00935	0.00249	0.00374	0.01434	0.00873	0.00748
26	0.03558	0.01350	0.01840	0.01411	0.02024	0.01166	0.01166	0.03865	0.02270	0.67734	0.03128	0.02699	0.01963	0.00981	0.00797	0.00245	0.00675	0.00797	0.00981	0.01350
27	0.02120	0.72609	0.04155	0.01357	0.02035	0.03138	0.01357	0.02374	0.01611	0.01866	0.01102	0.01272	0.01018	0.00678	0.00509	0.00170	0.00848	0.00424	0.00339	0.01018
28	0.01882	0.02110	0.04513	0.03516	0.11336	0.01992	0.57247	0.02528	0.01864	0.02546	0.01591	0.02119	0.01209	0.00673	0.00919	0.00264	0.01292	0.00910	0.00400	0.01091
29	0.02865	0.02109	0.02273	0.01772	0.02363	0.02326	0.01451	0.59898	0.03567	0.04780	0.02084	0.07006	0.01634	0.01064	0.00809	0.00244	0.00842	0.00827	0.00789	0.01297
30	0.01278	0.00913	0.01278	0.01460	0.01643	0.00913	0.01278	0.01643	0.01825	0.02373	0.04199	0.08945	0.04564	0.02191	0.01095	0.00365	0.00730	0.61847	0.00730	0.00730
31	0.03462	0.01328	0.01809	0.01395	0.01991	0.01149	0.01149	0.03771	0.02269	0.65182	0.05644	0.02827	0.02181	0.01007	0.00803	0.00246	0.00663	0.00823	0.00977	0.01326
32	0.01664	0.11827	0.57849	0.02206	0.03305	0.01997	0.05548	0.02497	0.01676	0.02439	0.01395	0.01650	0.01015	0.00741	0.00734	0.00243	0.01143	0.00583	0.00338	0.01150
33	0.01153	0.00769	0.00865	0.00865	0.00865	0.00769	0.00480	0.01153	0.01153	0.01538	0.02499	0.05189	0.02883	0.72131	0.04036	0.00769	0.00769	0.01153	0.00480	0.00480
34	0.01735	0.01735	0.02429	0.02082	0.02082	0.02429	0.01735	0.01908	0.01214	0.01908	0.01041	0.01735	0.01041	0.01388	0.02602	0.00347	0.70680	0.00694	0.00347	0.00867
35	0.67755	0.01561	0.01402	0.04129	0.07723	0.01788	0.01057	0.02328	0.01401	0.03408	0.01152	0.01383	0.00903	0.00736	0.00530	0.00245	0.00661	0.00466	0.00476	0.00896
36	0.03314	0.01616	0.07921	0.01497	0.02155	0.01260	0.01331	0.03754	0.04725	0.59193	0.02976	0.02615	0.01893	0.00964	0.00794	0.00247	0.00719	0.00782	0.00915	0.01329
37	0.65979	0.01651	0.04044	0.06250	0.02005	0.01790	0.03685	0.02325	0.01401	0.03362	0.01160	0.01399	0.00893	0.00738	0.00542	0.00248	0.00698	0.00477	0.00471	0.00882
38	0.00966	0.00690	0.00920	0.01104	0.01150	0.00644	0.00736	0.01104	0.01518	0.02024	0.04371	0.71614	0.05245	0.02484	0.01012	0.00322	0.00460	0.02254	0.00736	0.00644
39	0.01963	0.01884	0.03219	0.04867	0.67185	0.01884	0.02434	0.02434	0.01806	0.02591	0.01492	0.01963	0.01256	0.00707	0.00785	0.00236	0.00942	0.00707	0.00393	0.01256
40	0.01777	0.01441	0.01683	0.01211	0.01909	0.01121	0.00972	0.04714	0.01757	0.05241	0.01498	0.01697	0.01213	0.00618	0.00604	0.00128	0.00603	0.00493	0.00504	0.70815
41	0.01133	0.00850	0.01274	0.01274	0.01416	0.00991	0.00991	0.01416	0.01274	0.01841	0.02124	0.03115	0.01982	0.05947	0.68989	0.01274	0.02124	0.00850	0.00425	0.00708
42	0.00980	0.00700	0.00936	0.01120	0.01173	0.00656	0.00761	0.01129	0.01532	0.02040	0.04363	0.68761	0.05214	0.02471	0.01016	0.00324	0.00472	0.04967	0.00736	0.00648
43	0.00978	0.00699	0.00934	0.01118	0.01169	0.00655	0.00757	0.01125	0.01530	0.02038	0.04364	0.69180	0.05218	0.02473	0.01015	0.00324	0.00471	0.04569	0.00736	0.00647
44	0.01972	0.01703	0.01793	0.01614	0.02062	0.01972	0.01255	0.04214	0.65752	0.03317	0.03228	0.02959	0.02421	0.01076	0.00807	0.00269	0.00628	0.00897	0.00807	0.01255
45	0.00943	0.00804	0.00812	0.00810	0.01075	0.00672	0.00607	0.01150	0.01822	0.02177	0.09992	0.07575	0.64883	0.01995	0.00937	0.00267	0.00401	0.01666	0.00741	0.00672
46	0.01264	0.00903	0.01262	0.01445	0.01621	0.00901	0.01254	0.01619	0.01812	0.02358	0.04206	0.11685	0.04593	0.02203	0.01092	0.00363	0.00718	0.59242	0.00730	0.00726
47	0.03558	0.01350	0.01840	0.01411	0.02024	0.01166	0.01166	0.03865	0.02270	0.67734	0.03128	0.02699	0.01963	0.00981	0.00797	0.00245	0.00675	0.00797	0.00981	0.01350
48	0.01122	0.00811	0.01060	0.00998	0.01185	0.00748	0.00748	0.01496	0.02245	0.03180	0.66766	0.05923	0.07482	0.01621	0.00935	0.00249	0.00374	0.01434	0.00873	0.00748
49	0.03558	0.01350	0.01840	0.01411	0.02024	0.01166	0.01166	0.03865	0.02270	0.67734	0.03128	0.02699	0.01963	0.00981	0.00797	0.00245	0.00675	0.00797	0.00981	0.01350
50	0.03077	0.02121	0.02318	0.01777	0.02409	0.02310	0.01468	0.57535	0.03560	0.12242	0.02045	0.01996	0.01420	0.00955	0.00794	0.00239	0.00850	0.00724	0.00815	0.01349
51	0.01508	0.01423	0.02381	0.67344	0.05319	0.01790	0.02182	0.02021	0.01570	0.02021	0.01394	0.02098	0.01056	0.00818	0.00869	0.00268	0.04001	0.00704	0.00352	0.00880
52	0.00966	0.00690	0.00920	0.01104	0.01150	0.00644	0.00736	0.01104	0.01518	0.02024	0.04371	0.71614	0.05245	0.02484	0.01012	0.00322	0.00460	0.02254	0.00736	0.00644
53	0.01133	0.00850	0.01274	0.01274	0.01416	0.00991	0.00991	0.01416	0.01274	0.01841	0.02124	0.03115	0.01982	0.05947	0.68989	0.01274	0.02124	0.00850	0.00425	0.00708
54	0.01517	0.01436	0.02383	0.64732	0.05189	0.01816	0.02165	0.02017	0.01556	0.02017	0.01380	0.02084	0.01056	0.00841	0.00939	0.00271	0.06670	0.00704	0.00352	0.00880
55	0.01735	0.01735	0.02429	0.02082	0.02082	0.02429	0.01735	0.01908	0.01214	0.01908	0.01041	0.01735	0.01041	0.01388	0.02602	0.00347	0.70680	0.00694	0.00347	0.00867
56	0.01652	0.01436	0.01709	0.01250	0.01896	0.01171	0.01006	0.01989	0.01609	0.02528	0.01379	0.01652	0.01163	0.00654	0.00754	0.00136	0.06401	0.00488	0.00460	0.70666
57	0.05947	0.01996	0.02105	0.01711	0.02269	0.02246	0.01384	0.39093	0.26941	0.04302	0.02366	0.02273	0.01730	0.00989	0.00785	0.00250	0.00769	0.00770	0.00785	0.01292
58	0.00937	0.00803	0.00803	0.00803	0.01071	0.00669	0.00602	0.01138	0.01807	0.02142	0.08033	0.07632	0.66863	0.02008	0.00937	0.00268	0.00402	0.01674	0.00736	0.00669
59	0.01708	0.01708	0.02462	0.02095	0.02131	0.02335	0.04383	0.01901	0.01256	0.01940	0.01207	0.04720	0.01226	0.01404	0.02463	0.00342	0.64717	0.00771	0.00366	0.00867
60	0.02962	0.03779	0.02247	0.02043	0.02451	0.68948	0.01532	0.03166	0.02247	0.01941	0.01226	0.01430	0.01021	0.00817	0.00715	0.00204	0.01430	0.00511	0.00409	0.00919
61	0.03014	0.02221	0.02380	0.01825	0.02459	0.02459	0.01507	0.64541	0.03728	0.04998	0.01904	0.01904	0.01349	0.00952	0.00793	0.00238	0.00873	0.00714	0.00793	0.01349
62	0.00937	0.00803	0.00803	0.00803	0.01071	0.00669	0.00602	0.01138	0.01807	0.02142	0.08033	0.07632	0.66863	0.02008	0.00937	0.00268	0.00402	0.01674	0.00736	0.00669
63	0.02756	0.02093	0.02234	0.01772	0.02361	0.02338	0.01445	0.49572	0.19118	0.04581	0.02232	0.02166	0.01615	0.00983	0.00797	0.00246	0.00812	0.00759	0.00797	0.01325
64	0.00966	0.00690	0.00920	0.01104	0.01150	0.00644	0.00736	0.01104	0.01518	0.02024	0.04371	0.71614	0.05245	0.02484	0.01012	0.00322	0.00460	0.02254	0.00736	0.00644
65	0.03530	0.01394	0.01868	0.01432	0.02046	0.01232	0.01183	0.06960	0.02344	0.64533	0.03066	0.02658	0.01932	0.00980	0.00797	0.00245	0.00685	0.00793	0.00972	0.01349
66	0.01114	0.00810	0.01049	0.00989	0.01180	0.00745	0.00742	0.01481	0.02226	0.03135	0.64241	0.05997	0.10035	0.01638	0.00935	0.00250	0.00375	0.01444	0.00867	0.00745
67	0.01122	0.00811	0.01060	0.00998	0.01185	0.00748	0.00748	0.01496	0.02245	0.03180	0.66766	0.05923	0.07482	0.01621	0.00935	0.00249	0.00374	0.01434	0.00873	0.00748
68	0.01963	0.01884	0.03219	0.04867	0.67185	0.01884	0.02434	0.02434	0.01806	0.02591	0.01492	0.01963	0.01256	0.00707	0.00785	0.00236	0.00942	0.00707	0.00393	0.01256
69	0.00978	0.00699	0.00930	0.01096	0.01153	0.00652	0.00737	0.01133	0.01571	0.02109	0.08937	0.66806	0.05409	0.02421	0.01007	0.00317	0.00454	0.02194	0.00746	0.00652
70	0.00996	0.00712	0.00955	0.01139	0.01198	0.00670	0.00788	0.01156	0.01548	0.02058	0.04354	0.65560	0.05179	0.02456	0.01020	0.00326	0.00486	0.08011	0.00736	0.00652
71	0.01122	0.00811	0.01060	0.00998	0.01185	0.00748	0.00748	0.01496	0.02245	0.03180	0.66766	0.05923	0.07482	0.01621	0.00935	0.00249	0.00374	0.01434	0.00873	0.00748
72	0.01113	0.00810	0.01047	0.00988	0.01179	0.00744	0.00741	0.01478	0.02222	0.03127	0.63770	0.06011	0.10512	0.01641	0.00935	0.00250	0.00376	0.01446	0.00866	0.00744
73	0.01485	0.01337	0.01516	0.01440	0.01616	0.09598	0.01117	0.04158	0.01482	0.01970	0.01931	0.02838	0.01801	0.07749	0.49373	0.01001	0.07589	0.00803	0.00433	0.00762
74	0.01829	0.21049	0.47073	0.02019	0.03010	0.07393	0.02431	0.02528	0.01703	0.02307	0.01328	0.01556	0.01009	0.00740	0.00690	0.00227	0.01112	0.00540	0.00342	0.01114
75	0.01590	0.04102	0.68023	0.02260	0.03432	0.01842	0.02930	0.02511	0.01674	0.02511	0.01423	0.01674	0.01005	0.00753	0.00753	0.00251	0.01172	0.00586	0.00335	0.01172
76	0.01637	0.03791	0.58277	0.02488	0.06119	0.01862	0.09785	0.02511	0.01702	0.02518	0.01446	0.01738	0.01037	0.00742	0.00775	0.00252	0.01181	0.00630	0.00345	0.01164
77	0.01751	0.01645	0.02627	0.33449	0.09677	0.01986	0.07473	0.07690	0.01724	0.02355	0.01418	0.02032	0.01146	0.01127	0.03849	0.00318	0.17639	0.00729	0.00401	0.00964
78	0.77733	0.01534	0.01166	0.01043	0.01534	0.01779	0.00859	0.02331	0.01350	0.03558	0.01104	0.01288	0.00859	0.00736	0.00491	0.00245	0.00613	0.00429	0.00491	0.00859
79	0.01644	0.01409	0.01644	0.01175	0.01879	0.01057	0.00940	0.01997	0.01644	0.02584	0.01409	0.01644	0.01175	0.00587	0.00587	0.00117	0.00587	0.00470	0.00470	0.76979
80	0.01962	0.11511	0.06589	0.02841	0.03544	0.07082	0.43906	0.02510	0.01802	0.02353	0.01457	0.01922	0.01145	0.00745	0.00998	0.00256	0.07147	0.00804	0.00386	0.01038
81	0.01122	0.00811	0.01060	0.00998	0.01185	0.00748	0.00748	0.01496	0.02245	0.03180	0.66766	0.05923	0.07482	0.01621	0.00935	0.00249	0.00374	0.01434	0.00873	0.00748
82	0.03014	0.02221	0.02380	0.01825	0.02459	0.02459	0.01507	0.64541	0.03728	0.04998	0.01904	0.01904	0.01349	0.00952	0.00793	0.00238	0.00873	0.00714	0.00793	0.01349
83	0.02570	0.01986	0.02301	0.06795	0.02608	0.02179	0.04030	0.43987	0.10912	0.04271	0.05304	0.02251	0.01757	0.00961	0.00799	0.00240	0.00837	0.00770	0.00736	0.04704
84	0.02962	0.03779	0.02247	0.02043	0.02451	0.68948	0.01532	0.03166	0.02247	0.01941	0.01226	0.01430	0.01021	0.00817	0.00715	0.00204	0.01430	0.00511	0.00409	0.00919
85	0.03558	0.01350	0.01840	0.01411	0.02024	0.01166	0.01166	0.03865	0.02270	0.67734	0.03128	0.02699	0.01963	0.00981	0.00797	0.00245	0.00675	0.00797	0.00981	0.01350
86	0.03558	0.01350	0.01840	0.01411	0.02024	0.01166	0.01166	0.03865	0.02270	0.67734	0.03128	0.02699	0.01963	0.00981	0.00797	0.00245	0.00675	0.00797	0.00981	0.01350
