[name]
unknown

[dist]
# distance from previous block
# <min> <max>
0	82

[block]
# block no. 0 follows, 22 sequences, length 23
# corresponding to MSA columns:
# 83-105
name=unknown_A
#
# <colnr> <probs for GDERKNQSTAVLIFYWHMCP>
#	G	D	E	R	K	N	Q	S	T	A	V	L	I	F	Y	W	H	M	C	P
0	0.01339	0.00956	0.01339	0.01530	0.01721	0.00956	0.01339	0.01721	0.01912	0.02486	0.04399	0.09371	0.04781	0.02295	0.01147	0.00382	0.00765	0.60031	0.00765	0.00765
1	0.31632	0.05329	0.01790	0.09714	0.02324	0.01635	0.01255	0.02832	0.01821	0.23045	0.02232	0.02827	0.01738	0.01028	0.00727	0.00269	0.00748	0.07316	0.00678	0.01059
2	0.76672	0.01607	0.01221	0.01092	0.01607	0.01864	0.00900	0.02442	0.01414	0.03727	0.01157	0.01350	0.00900	0.00771	0.00514	0.00257	0.00643	0.00450	0.00514	0.00900
3	0.01158	0.00848	0.01090	0.01058	0.01254	0.00780	0.00799	0.01519	0.02245	0.03120	0.53365	0.09836	0.13002	0.01816	0.00993	0.00274	0.00420	0.04769	0.00885	0.00769
4	0.02006	0.01708	0.01888	0.01819	0.05415	0.01931	0.01346	0.06945	0.50145	0.03382	0.03521	0.05720	0.05361	0.01245	0.00870	0.00285	0.00677	0.03676	0.00812	0.01247
5	0.76672	0.01607	0.01221	0.01092	0.01607	0.01864	0.00900	0.02442	0.01414	0.03727	0.01157	0.01350	0.00900	0.00771	0.00514	0.00257	0.00643	0.00450	0.00514	0.00900
6	0.01699	0.01443	0.02585	0.06340	0.05776	0.01440	0.20291	0.06466	0.01764	0.02375	0.02161	0.12068	0.02089	0.01893	0.04206	0.21423	0.01012	0.03636	0.00496	0.00836
7	0.01142	0.00848	0.01064	0.01010	0.01220	0.00769	0.00757	0.01502	0.02272	0.03142	0.55270	0.06518	0.17871	0.01769	0.00980	0.00265	0.00397	0.01546	0.00890	0.00769
8	0.01982	0.02026	0.05741	0.19034	0.05800	0.05400	0.17743	0.09663	0.08619	0.02770	0.01873	0.02439	0.01488	0.04891	0.04431	0.00354	0.03334	0.00841	0.00502	0.01071
9	0.01208	0.00805	0.00906	0.00906	0.00906	0.00805	0.00503	0.01208	0.01208	0.01611	0.02618	0.05436	0.03020	0.70804	0.04228	0.00805	0.00805	0.01208	0.00503	0.00503
10	0.02525	0.48119	0.03665	0.01669	0.02282	0.25383	0.01485	0.02773	0.01917	0.01982	0.01199	0.01390	0.01067	0.00761	0.00607	0.00190	0.01098	0.00475	0.00380	0.01031
11	0.03090	0.02293	0.02455	0.01898	0.02550	0.02544	0.01562	0.59200	0.07669	0.05126	0.02081	0.02064	0.01483	0.01005	0.00832	0.00251	0.00898	0.00760	0.00832	0.01407
12	0.02188	0.05027	0.04450	0.05132	0.02379	0.04412	0.01445	0.10010	0.36190	0.07011	0.03153	0.03398	0.04763	0.01178	0.00851	0.00276	0.00773	0.05381	0.00765	0.01218
13	0.02566	0.06467	0.08508	0.02241	0.07751	0.07802	0.06864	0.29846	0.02812	0.06162	0.02100	0.09185	0.01767	0.01075	0.00839	0.00255	0.00985	0.00893	0.00657	0.01226
14	0.06054	0.02160	0.04059	0.03144	0.06962	0.05308	0.43759	0.02558	0.01882	0.02621	0.01743	0.02553	0.01439	0.00881	0.01102	0.00288	0.07391	0.04584	0.00442	0.01070
15	0.01839	0.01585	0.01924	0.08367	0.08053	0.01780	0.01470	0.03419	0.39220	0.03093	0.06180	0.04061	0.05555	0.01279	0.00892	0.00290	0.00721	0.08366	0.00750	0.01158
16	0.03559	0.01494	0.01958	0.01509	0.02136	0.01356	0.01243	0.10569	0.02549	0.56767	0.05660	0.02872	0.02220	0.01052	0.00841	0.00256	0.00717	0.00853	0.01001	0.01388
17	0.02124	0.06172	0.04176	0.01649	0.02134	0.04830	0.01340	0.06878	0.42201	0.06080	0.06939	0.06730	0.02746	0.01184	0.00839	0.00271	0.00717	0.00979	0.00787	0.01222
18	0.01153	0.00831	0.01090	0.01061	0.01236	0.00768	0.00782	0.01509	0.02243	0.03159	0.56579	0.15301	0.07506	0.01827	0.00991	0.00272	0.00405	0.01624	0.00894	0.00768
19	0.03036	0.03692	0.02344	0.06246	0.02744	0.60460	0.01632	0.03276	0.02312	0.04885	0.01384	0.01602	0.01116	0.00862	0.00758	0.00220	0.01439	0.00561	0.00451	0.00981
20	0.01100	0.00799	0.01038	0.01078	0.01220	0.00736	0.00770	0.01384	0.02025	0.02793	0.38080	0.31619	0.10104	0.02078	0.01012	0.00292	0.00429	0.01856	0.00850	0.00736
21	0.02544	0.02022	0.02148	0.01787	0.02342	0.02290	0.01431	0.29999	0.37758	0.04246	0.02774	0.02616	0.02044	0.01070	0.00839	0.00268	0.00770	0.00855	0.00839	0.01358
22	0.76672	0.01607	0.01221	0.01092	0.01607	0.01864	0.00900	0.02442	0.01414	0.03727	0.01157	0.01350	0.00900	0.00771	0.00514	0.00257	0.00643	0.00450	0.00514	0.00900

[dist]
# distance from previous block
# <min> <max>
4	8

[block]
# block no. 1 follows, 22 sequences, length 36
# corresponding to MSA columns:
# 115-150
name=unknown_B
#
# <colnr> <probs for GDERKNQSTAVLIFYWHMCP>
#	G	D	E	R	K	N	Q	S	T	A	V	L	I	F	Y	W	H	M	C	P
0	0.01149	0.00811	0.01053	0.01129	0.01225	0.00786	0.00799	0.01358	0.01716	0.02334	0.18629	0.28524	0.05231	0.18370	0.04915	0.00481	0.00655	0.09431	0.00727	0.00676
1	0.02928	0.03685	0.05262	0.02095	0.02572	0.55195	0.01641	0.05470	0.08995	0.02326	0.01543	0.01699	0.01238	0.00887	0.00764	0.00225	0.01375	0.00589	0.00483	0.01029
2	0.01062	0.00773	0.00920	0.01016	0.01101	0.00718	0.00664	0.01179	0.01547	0.02001	0.04858	0.37986	0.17914	0.22065	0.01952	0.00459	0.00561	0.01897	0.00694	0.00631
3	0.03005	0.02226	0.02385	0.01852	0.02475	0.02465	0.01514	0.56645	0.07252	0.04967	0.02103	0.02217	0.01552	0.04220	0.00988	0.00277	0.00894	0.00780	0.00817	0.01365
4	0.01019	0.00743	0.00960	0.01117	0.01198	0.00684	0.00757	0.01185	0.01668	0.02207	0.08639	0.59810	0.11964	0.02495	0.01047	0.00327	0.00470	0.02245	0.00780	0.00684
5	0.02636	0.02164	0.02126	0.01802	0.02328	0.09998	0.01444	0.25731	0.26167	0.07453	0.02685	0.02952	0.02084	0.01128	0.00851	0.00268	0.00865	0.05250	0.00794	0.01273
6	0.01684	0.03329	0.44775	0.02104	0.03051	0.01777	0.04624	0.04674	0.07988	0.02921	0.12453	0.02662	0.02362	0.00979	0.00835	0.00265	0.01027	0.00813	0.00513	0.01164
7	0.01208	0.00805	0.00906	0.00906	0.00906	0.00805	0.00503	0.01208	0.01208	0.01611	0.02618	0.05436	0.03020	0.70804	0.04228	0.00805	0.00805	0.01208	0.00503	0.00503
8	0.01723	0.01477	0.01723	0.01230	0.01969	0.01107	0.00984	0.02092	0.01723	0.02707	0.01477	0.01723	0.01230	0.00615	0.00615	0.00123	0.00615	0.00492	0.00492	0.75883
9	0.01176	0.00849	0.01110	0.01045	0.01241	0.00784	0.00784	0.01568	0.02352	0.03331	0.65184	0.06206	0.07839	0.01698	0.00980	0.00261	0.00392	0.01502	0.00914	0.00784
10	0.01379	0.01014	0.01454	0.01731	0.05330	0.01014	0.01407	0.01768	0.01911	0.02499	0.04238	0.08958	0.04585	0.02207	0.01129	0.00375	0.00777	0.56682	0.00745	0.00796
11	0.01190	0.00879	0.01278	0.01278	0.01406	0.01007	0.00967	0.01447	0.01318	0.01886	0.02278	0.03555	0.02203	0.14892	0.59024	0.01264	0.02035	0.00933	0.00453	0.00710
12	0.72240	0.01650	0.01298	0.01142	0.01665	0.01907	0.00941	0.06084	0.01564	0.03818	0.01207	0.01388	0.00931	0.00785	0.00533	0.00257	0.00659	0.00468	0.00533	0.00931
13	0.01818	0.01818	0.02545	0.02181	0.02181	0.02545	0.01818	0.01999	0.01272	0.01999	0.01091	0.01818	0.01091	0.01454	0.02726	0.00364	0.69284	0.00727	0.00364	0.00909
14	0.01221	0.00833	0.01005	0.01025	0.01072	0.00841	0.00665	0.01314	0.01372	0.01844	0.06415	0.05803	0.03445	0.53259	0.08565	0.00762	0.00887	0.08545	0.00555	0.00571
15	0.02975	0.01392	0.01821	0.04515	0.02156	0.01259	0.01196	0.07755	0.02325	0.42811	0.05879	0.06950	0.06366	0.01167	0.00844	0.00252	0.00689	0.00967	0.00901	0.07781
16	0.02054	0.05728	0.15588	0.02814	0.03648	0.02129	0.35520	0.11842	0.02170	0.02973	0.01705	0.02137	0.01289	0.01116	0.05154	0.00335	0.01323	0.00847	0.00469	0.01158
17	0.01780	0.01433	0.01693	0.01230	0.01929	0.01092	0.00982	0.02148	0.01793	0.05674	0.05673	0.02063	0.01695	0.00704	0.00649	0.00138	0.00605	0.00573	0.00544	0.67601
18	0.01549	0.00774	0.00774	0.00774	0.00968	0.00774	0.00581	0.01936	0.01742	0.03097	0.02710	0.03097	0.02129	0.00968	0.00581	0.00194	0.00387	0.00774	0.75416	0.00774
19	0.02298	0.06671	0.10184	0.10809	0.03062	0.02139	0.07649	0.29275	0.02727	0.03664	0.04630	0.09018	0.01967	0.01094	0.00850	0.00262	0.00957	0.00927	0.00640	0.01175
20	0.01784	0.03282	0.40017	0.05019	0.17134	0.01925	0.06540	0.02703	0.06494	0.02719	0.03473	0.02093	0.01430	0.00825	0.00820	0.00262	0.01116	0.00719	0.00422	0.01225
21	0.06270	0.01545	0.02082	0.01617	0.02224	0.01457	0.05198	0.09436	0.06404	0.44852	0.07616	0.02919	0.02359	0.01050	0.00843	0.00260	0.00743	0.00877	0.00928	0.01320
22	0.02674	0.03147	0.02426	0.02141	0.02439	0.41958	0.01675	0.06266	0.02079	0.02204	0.01260	0.01634	0.01096	0.01065	0.01418	0.00266	0.24241	0.00612	0.00429	0.00970
23	0.01089	0.00913	0.00956	0.00933	0.01216	0.00815	0.00703	0.01485	0.06627	0.02483	0.15680	0.07387	0.52840	0.01976	0.00971	0.00278	0.00435	0.01658	0.00796	0.00758
24	0.76672	0.01607	0.01221	0.01092	0.01607	0.01864	0.00900	0.02442	0.01414	0.03727	0.01157	0.01350	0.00900	0.00771	0.00514	0.00257	0.00643	0.00450	0.00514	0.00900
25	0.02573	0.05525	0.06238	0.01736	0.02438	0.04898	0.05350	0.20657	0.02551	0.14161	0.04136	0.02152	0.01630	0.00869	0.00766	0.00214	0.00855	0.00700	0.00676	0.21876
26	0.02774	0.02164	0.02649	0.10368	0.14175	0.02383	0.01838	0.44951	0.03282	0.04419	0.01857	0.02031	0.01360	0.00932	0.00829	0.00252	0.00950	0.00745	0.00702	0.01338
27	0.01121	0.00847	0.01034	0.00987	0.01207	0.00760	0.00740	0.01461	0.02221	0.03022	0.49030	0.06715	0.24185	0.01814	0.00980	0.00267	0.00400	0.01574	0.00874	0.00760
28	0.01241	0.00868	0.01026	0.01005	0.01015	0.00919	0.00612	0.01270	0.01220	0.01653	0.02506	0.05093	0.02851	0.62761	0.08188	0.00814	0.04763	0.01161	0.00492	0.00542
29	0.02420	0.01860	0.01989	0.05991	0.02427	0.06051	0.01409	0.09630	0.38235	0.12851	0.03026	0.03090	0.02278	0.01119	0.00850	0.00275	0.00776	0.03647	0.00811	0.01266
30	0.01184	0.00795	0.00913	0.00937	0.00943	0.00789	0.00536	0.01202	0.01255	0.01673	0.02857	0.13358	0.03323	0.62470	0.03841	0.00748	0.00766	0.01349	0.00536	0.00524
31	0.02524	0.02015	0.02159	0.01801	0.02326	0.06956	0.04176	0.18231	0.32801	0.09825	0.02761	0.02762	0.02072	0.04530	0.01009	0.00292	0.00829	0.00868	0.00792	0.01272
32	0.02371	0.01152	0.01479	0.01259	0.01692	0.01029	0.01011	0.02762	0.04481	0.32444	0.18132	0.05094	0.16830	0.01488	0.00919	0.00272	0.00579	0.05002	0.00925	0.01079
33	0.02550	0.42224	0.06700	0.01705	0.02358	0.20729	0.01560	0.07301	0.02061	0.04149	0.01333	0.01493	0.01122	0.00785	0.00636	0.00200	0.01069	0.00512	0.00431	0.01082
34	0.06234	0.01944	0.07165	0.01816	0.02531	0.01668	0.11166	0.10441	0.09652	0.03158	0.01888	0.04107	0.01518	0.00825	0.00751	0.00209	0.00829	0.00723	0.00567	0.32805
35	0.07014	0.01802	0.05474	0.04273	0.02242	0.03618	0.01296	0.13140	0.08620	0.09941	0.04209	0.06682	0.01993	0.03553	0.00889	0.00245	0.00757	0.00813	0.00663	0.22774

[dist]
# distance from previous block
# <min> <max>
0	3

[block]
# block no. 2 follows, 22 sequences, length 35
# corresponding to MSA columns:
# 154-188
name=unknown_C
#
# <colnr> <probs for GDERKNQSTAVLIFYWHMCP>
#	G	D	E	R	K	N	Q	S	T	A	V	L	I	F	Y	W	H	M	C	P
0	0.03069	0.01885	0.02169	0.01712	0.02326	0.01960	0.01413	0.34540	0.07121	0.23107	0.02620	0.02833	0.01912	0.01092	0.00847	0.00258	0.00812	0.05022	0.00872	0.04428
1	0.02233	0.01792	0.01864	0.01612	0.02083	0.05544	0.01260	0.13637	0.32218	0.07490	0.08717	0.08070	0.02866	0.01216	0.00851	0.00263	0.00712	0.01009	0.00810	0.05752
2	0.01270	0.00871	0.01094	0.01037	0.01265	0.00785	0.00778	0.01607	0.02215	0.06554	0.46748	0.10466	0.18596	0.01798	0.00977	0.00270	0.00421	0.01569	0.00884	0.00796
3	0.02997	0.12261	0.02614	0.02034	0.02514	0.54799	0.01580	0.07477	0.02382	0.02253	0.01319	0.01513	0.01094	0.00848	0.00728	0.00212	0.01380	0.00539	0.00448	0.01008
4	0.01161	0.00860	0.01090	0.01064	0.01274	0.00789	0.00819	0.01522	0.02226	0.03056	0.48944	0.06855	0.17153	0.01832	0.00999	0.00278	0.00438	0.07998	0.00874	0.00768
5	0.03055	0.02266	0.02438	0.01863	0.02533	0.02471	0.01536	0.58501	0.03750	0.05055	0.01957	0.01975	0.01400	0.00970	0.00816	0.00240	0.00893	0.00730	0.00807	0.06746
6	0.12063	0.17386	0.02634	0.07010	0.02451	0.02187	0.05299	0.09355	0.08548	0.08299	0.02069	0.08926	0.01793	0.01093	0.00933	0.00262	0.07185	0.00844	0.00587	0.01076
7	0.01030	0.00767	0.00965	0.01114	0.01225	0.00702	0.00782	0.01207	0.01683	0.02176	0.05433	0.51587	0.18965	0.02467	0.01049	0.00328	0.00489	0.06572	0.00771	0.00688
8	0.01193	0.00799	0.00910	0.00925	0.00929	0.00796	0.00524	0.01204	0.01237	0.01649	0.02765	0.10324	0.03207	0.65663	0.03989	0.00770	0.00781	0.01295	0.00524	0.00516
9	0.08749	0.07258	0.32601	0.07517	0.13900	0.02008	0.09432	0.02598	0.01776	0.04471	0.01523	0.01861	0.01140	0.00774	0.00780	0.00257	0.01109	0.00667	0.00405	0.01173
10	0.02014	0.02443	0.07838	0.10258	0.04273	0.08467	0.46884	0.02666	0.01956	0.02541	0.01609	0.02138	0.01214	0.00734	0.00931	0.00272	0.01369	0.00891	0.00412	0.01090
11	0.01737	0.01690	0.02424	0.47552	0.06676	0.06104	0.02104	0.02356	0.06391	0.02240	0.01690	0.02483	0.01369	0.00978	0.01040	0.00286	0.08312	0.03182	0.00426	0.00960
12	0.02320	0.01785	0.01976	0.01538	0.02142	0.01770	0.01237	0.32187	0.02807	0.03879	0.02479	0.09027	0.05786	0.01096	0.00790	0.00217	0.00739	0.00884	0.00706	0.26636
13	0.03080	0.06852	0.02520	0.02004	0.02548	0.36296	0.01584	0.28732	0.02982	0.03398	0.01581	0.01702	0.01216	0.00909	0.00773	0.00227	0.01216	0.00621	0.00597	0.01161
14	0.01012	0.00723	0.00964	0.01157	0.01205	0.00675	0.00771	0.01157	0.01591	0.02121	0.04579	0.70262	0.05495	0.02603	0.01060	0.00337	0.00482	0.02362	0.00771	0.00675
15	0.02224	0.55574	0.14639	0.01584	0.02377	0.02927	0.01685	0.02612	0.01743	0.06180	0.01347	0.01499	0.01127	0.00744	0.00595	0.00197	0.00934	0.00498	0.00398	0.01116
16	0.02634	0.52149	0.03689	0.01437	0.02129	0.02721	0.01367	0.02915	0.01877	0.19562	0.01737	0.01742	0.01338	0.00798	0.00616	0.00199	0.00839	0.00551	0.00540	0.01161
17	0.01124	0.00814	0.01080	0.06204	0.01485	0.00813	0.00838	0.01270	0.01503	0.01994	0.03785	0.44086	0.04435	0.21650	0.01939	0.00467	0.00633	0.04568	0.00665	0.00649
18	0.03030	0.02263	0.02421	0.01886	0.02528	0.02517	0.01548	0.56006	0.10960	0.05029	0.02157	0.02124	0.01544	0.01012	0.00833	0.00253	0.00884	0.00770	0.00833	0.01401
19	0.01046	0.00749	0.00995	0.01133	0.01212	0.00698	0.00774	0.01242	0.01749	0.02373	0.17218	0.56903	0.05983	0.02414	0.01044	0.00322	0.00463	0.02182	0.00801	0.00698
20	0.01926	0.01421	0.01622	0.01464	0.01814	0.01517	0.01120	0.17079	0.17623	0.05967	0.14127	0.23488	0.04052	0.01633	0.00929	0.00286	0.00623	0.01413	0.00839	0.01059
21	0.01096	0.00790	0.01026	0.01083	0.01207	0.00732	0.00761	0.01354	0.01944	0.02674	0.33162	0.35205	0.08642	0.04969	0.01150	0.00319	0.00451	0.01888	0.00828	0.00720
22	0.01835	0.10294	0.28938	0.02784	0.06879	0.02108	0.25067	0.02545	0.01811	0.02536	0.01641	0.04636	0.01324	0.00837	0.00904	0.00265	0.03240	0.00813	0.00398	0.01144
23	0.02132	0.01711	0.01939	0.01882	0.06188	0.01920	0.01389	0.04076	0.51257	0.07848	0.03330	0.03463	0.02584	0.01179	0.00865	0.00285	0.00690	0.05155	0.00825	0.01283
24	0.01705	0.00820	0.00857	0.00825	0.01051	0.00806	0.00627	0.02087	0.01788	0.07620	0.02751	0.03078	0.02124	0.00972	0.00599	0.00198	0.00410	0.00779	0.70084	0.00820
25	0.02899	0.13935	0.06086	0.02025	0.02558	0.48743	0.01653	0.08300	0.02356	0.02330	0.01337	0.01530	0.01098	0.00843	0.00726	0.00214	0.01342	0.00544	0.00448	0.01031
26	0.54660	0.01887	0.04937	0.01323	0.01901	0.04267	0.01144	0.08716	0.01821	0.10580	0.01495	0.01603	0.01092	0.00826	0.00604	0.00255	0.00739	0.00534	0.00590	0.01027
27	0.02090	0.01625	0.01827	0.09506	0.02445	0.04057	0.01357	0.05600	0.32844	0.10406	0.03724	0.03930	0.10269	0.01273	0.00877	0.00282	0.00734	0.05220	0.00780	0.01154
28	0.01907	0.01743	0.02648	0.10533	0.35675	0.01829	0.02026	0.02808	0.15883	0.02845	0.05665	0.02916	0.02114	0.00968	0.00847	0.00261	0.00867	0.03969	0.00554	0.03942
29	0.02174	0.01072	0.01417	0.01204	0.01582	0.00952	0.00947	0.02527	0.02333	0.28168	0.37076	0.04980	0.09174	0.01458	0.00923	0.00261	0.00519	0.01254	0.00951	0.01028
30	0.01549	0.00774	0.00774	0.00774	0.00968	0.00774	0.00581	0.01936	0.01742	0.03097	0.02710	0.03097	0.02129	0.00968	0.00581	0.00194	0.00387	0.00774	0.75416	0.00774
31	0.08213	0.01593	0.01855	0.01545	0.02102	0.01645	0.01240	0.04097	0.29914	0.33677	0.03172	0.02843	0.02188	0.01054	0.00817	0.00268	0.00680	0.00854	0.00910	0.01333
32	0.10889	0.01374	0.01471	0.05528	0.01859	0.05965	0.01060	0.02418	0.10071	0.08821	0.35385	0.04327	0.04892	0.01338	0.00867	0.00261	0.00609	0.01125	0.00798	0.00943
33	0.01110	0.00829	0.01030	0.01017	0.01210	0.00750	0.00749	0.01426	0.02140	0.02917	0.43924	0.16028	0.19975	0.01920	0.00992	0.00277	0.00411	0.01683	0.00862	0.00750
34	0.06188	0.01777	0.02118	0.12433	0.07227	0.01976	0.01536	0.25467	0.13151	0.03672	0.02797	0.08962	0.06715	0.01195	0.00849	0.00270	0.00814	0.00988	0.00704	0.01163

[dist]
# distance from previous block
# <min> <max>
1	4

[block]
# block no. 3 follows, 22 sequences, length 41
# corresponding to MSA columns:
# 193-233
name=unknown_D
#
# <colnr> <probs for GDERKNQSTAVLIFYWHMCP>
#	G	D	E	R	K	N	Q	S	T	A	V	L	I	F	Y	W	H	M	C	P
0	0.25692	0.05368	0.08609	0.08200	0.05850	0.10566	0.06047	0.10511	0.02059	0.07602	0.01551	0.01775	0.01158	0.00827	0.00715	0.00251	0.00978	0.00622	0.00531	0.01089
1	0.07405	0.06027	0.03344	0.05539	0.08073	0.02129	0.24764	0.17260	0.04768	0.03356	0.05309	0.02490	0.03861	0.00904	0.00861	0.00261	0.01039	0.00879	0.00575	0.01155
2	0.02172	0.01785	0.02343	0.05518	0.10299	0.01929	0.06910	0.09290	0.32740	0.07849	0.03164	0.03107	0.06952	0.01083	0.00862	0.00272	0.00796	0.00946	0.00737	0.01247
3	0.01510	0.04396	0.01556	0.03441	0.03576	0.01256	0.01034	0.04770	0.12526	0.03011	0.30170	0.11560	0.07530	0.01612	0.01047	0.04644	0.00561	0.01298	0.00772	0.03731
4	0.04708	0.01539	0.02098	0.16087	0.07740	0.04762	0.05937	0.08155	0.05281	0.05630	0.02798	0.23850	0.02793	0.01467	0.00910	0.00291	0.00850	0.03501	0.00627	0.00977
5	0.02066	0.01785	0.01878	0.01691	0.02160	0.02066	0.01315	0.04414	0.64121	0.03475	0.03381	0.03099	0.02536	0.01127	0.00845	0.00282	0.00657	0.00939	0.00845	0.01315
6	0.01583	0.01159	0.01802	0.20230	0.02708	0.01276	0.04829	0.06371	0.01581	0.02093	0.01878	0.08595	0.01797	0.05161	0.05079	0.30856	0.00936	0.00919	0.00451	0.00697
7	0.01943	0.02207	0.04794	0.06420	0.04403	0.02089	0.59911	0.02637	0.01947	0.02637	0.01672	0.02240	0.01254	0.00706	0.00974	0.00280	0.01387	0.00970	0.00418	0.01112
8	0.03375	0.01375	0.01841	0.01444	0.02032	0.01221	0.01181	0.03811	0.05651	0.56355	0.09699	0.03192	0.02681	0.01103	0.00851	0.00259	0.00672	0.00910	0.01007	0.01343
9	0.01607	0.01515	0.02560	0.63840	0.10392	0.01856	0.02326	0.02156	0.01679	0.02169	0.01483	0.02202	0.01124	0.00824	0.00830	0.00275	0.01098	0.00738	0.00372	0.00953
10	0.01208	0.00805	0.00906	0.00906	0.00906	0.00805	0.00503	0.01208	0.01208	0.01611	0.02618	0.05436	0.03020	0.70804	0.04228	0.00805	0.00805	0.01208	0.00503	0.00503
11	0.01536	0.01198	0.01356	0.01284	0.01491	0.01333	0.00910	0.02494	0.25515	0.02386	0.02844	0.04155	0.02669	0.32640	0.13966	0.00696	0.00996	0.01049	0.00625	0.00858
12	0.22440	0.05552	0.13781	0.05315	0.02625	0.02260	0.01709	0.26598	0.02490	0.03876	0.01565	0.01750	0.01161	0.00901	0.00824	0.00258	0.04502	0.00628	0.00589	0.01173
13	0.02137	0.01887	0.04765	0.01805	0.05438	0.01723	0.04595	0.18737	0.09744	0.03448	0.02227	0.02338	0.04846	0.00876	0.00757	0.00204	0.00775	0.00724	0.00627	0.32346
14	0.01096	0.00846	0.01000	0.00962	0.01192	0.00750	0.00721	0.01414	0.02164	0.02886	0.41920	0.06939	0.31381	0.01865	0.00981	0.00269	0.00404	0.01605	0.00856	0.00750
15	0.03567	0.01471	0.01943	0.01498	0.02124	0.01323	0.01234	0.09197	0.02513	0.58065	0.05808	0.02897	0.02246	0.01054	0.00841	0.00257	0.00712	0.00856	0.01006	0.01387
16	0.76672	0.01607	0.01221	0.01092	0.01607	0.01864	0.00900	0.02442	0.01414	0.03727	0.01157	0.01350	0.00900	0.00771	0.00514	0.00257	0.00643	0.00450	0.00514	0.00900
17	0.02893	0.20041	0.02832	0.01969	0.02464	0.52143	0.01561	0.03119	0.02195	0.02014	0.01253	0.01459	0.01069	0.00821	0.00697	0.00205	0.01353	0.00513	0.00411	0.00988
18	0.01103	0.00844	0.01017	0.01013	0.01228	0.00757	0.00766	0.01409	0.02094	0.02780	0.35429	0.12076	0.28475	0.01959	0.00999	0.00283	0.00436	0.05749	0.00841	0.00744
19	0.01187	0.00890	0.01335	0.01335	0.01483	0.01038	0.01038	0.01483	0.01335	0.01928	0.02225	0.03264	0.02077	0.06231	0.67512	0.01335	0.02225	0.00890	0.00445	0.00742
20	0.01032	0.00834	0.00924	0.00966	0.01197	0.00726	0.00727	0.01260	0.01880	0.02322	0.11425	0.17682	0.46577	0.02170	0.01009	0.00297	0.00459	0.07024	0.00781	0.00709
21	0.01569	0.01477	0.02492	0.68808	0.05722	0.01846	0.02307	0.02123	0.01661	0.02123	0.01477	0.02215	0.01107	0.00831	0.00831	0.00277	0.01107	0.00738	0.00369	0.00923
22	0.01755	0.01686	0.03205	0.05135	0.03125	0.01633	0.32890	0.04380	0.04694	0.04567	0.07829	0.12132	0.04733	0.04340	0.03675	0.00348	0.01083	0.01218	0.00574	0.00997
23	0.02526	0.03050	0.02038	0.05731	0.02419	0.47373	0.01437	0.02783	0.02256	0.02244	0.11215	0.05596	0.05683	0.01122	0.00814	0.00234	0.01211	0.00834	0.00529	0.00908
24	0.01774	0.01833	0.11297	0.04079	0.05159	0.01566	0.01544	0.11301	0.14032	0.03290	0.18628	0.07834	0.03839	0.01404	0.00918	0.00283	0.00747	0.08672	0.00737	0.01063
25	0.56109	0.04677	0.04410	0.01315	0.01868	0.09625	0.01124	0.02681	0.01626	0.08281	0.01352	0.01500	0.01023	0.00800	0.00580	0.00249	0.00784	0.00497	0.00531	0.00968
26	0.01957	0.03268	0.29952	0.06339	0.03497	0.14394	0.16944	0.02631	0.01934	0.02506	0.04576	0.04820	0.01603	0.00898	0.00850	0.00262	0.01245	0.00806	0.00427	0.01091
27	0.02806	0.02008	0.02227	0.06446	0.02602	0.10320	0.04420	0.12811	0.13610	0.22600	0.02439	0.02383	0.01720	0.00945	0.00809	0.00243	0.00886	0.00765	0.00753	0.09206
28	0.21286	0.04858	0.02023	0.01664	0.02149	0.24934	0.01321	0.10512	0.02255	0.11323	0.06053	0.02033	0.01673	0.00952	0.00797	0.00243	0.03612	0.00652	0.00608	0.01052
29	0.02814	0.01538	0.01886	0.01457	0.02080	0.01399	0.01181	0.12085	0.05649	0.31892	0.05384	0.04850	0.02136	0.01001	0.00790	0.00224	0.00689	0.00817	0.00832	0.21294
30	0.01691	0.01604	0.02587	0.49410	0.04855	0.01940	0.06826	0.02514	0.11382	0.02368	0.01766	0.02332	0.01341	0.00903	0.00954	0.00283	0.05012	0.00788	0.00447	0.00998
31	0.01075	0.00790	0.01007	0.01069	0.01208	0.00723	0.00757	0.01329	0.01941	0.02630	0.29743	0.35752	0.14575	0.02167	0.01017	0.00299	0.00437	0.01930	0.00829	0.00723
32	0.01012	0.00723	0.00964	0.01157	0.01205	0.00675	0.00771	0.01157	0.01591	0.02121	0.04579	0.70262	0.05495	0.02603	0.01060	0.00337	0.00482	0.02362	0.00771	0.00675
33	0.03132	0.01828	0.02125	0.01673	0.02274	0.01892	0.01365	0.31472	0.08239	0.27807	0.04654	0.05285	0.02112	0.01106	0.00848	0.00259	0.00781	0.00885	0.00906	0.01356
34	0.06321	0.53692	0.03788	0.01536	0.02195	0.11863	0.01430	0.06813	0.01919	0.02288	0.01231	0.01402	0.01082	0.00754	0.00582	0.00192	0.00960	0.00478	0.00407	0.01068
35	0.01012	0.00723	0.00964	0.01157	0.01205	0.00675	0.00771	0.01157	0.01591	0.02121	0.04579	0.70262	0.05495	0.02603	0.01060	0.00337	0.00482	0.02362	0.00771	0.00675
36	0.01572	0.01024	0.01357	0.07131	0.01800	0.00991	0.01005	0.02040	0.05043	0.11323	0.41128	0.05548	0.11615	0.01567	0.00948	0.00269	0.00524	0.03361	0.00859	0.00894
37	0.02336	0.05736	0.02122	0.01718	0.02210	0.07958	0.01355	0.15562	0.40118	0.03514	0.02763	0.02770	0.02132	0.04752	0.00997	0.00292	0.00803	0.00854	0.00761	0.01247
38	0.01217	0.01038	0.01083	0.01093	0.01308	0.04651	0.00797	0.01561	0.04858	0.02561	0.22639	0.22687	0.27452	0.02000	0.00981	0.00286	0.00502	0.01729	0.00795	0.00761
39	0.35798	0.18253	0.02522	0.08965	0.02473	0.05763	0.05597	0.02445	0.01583	0.02831	0.01230	0.01548	0.01011	0.00816	0.00771	0.00248	0.06203	0.00544	0.00438	0.00961
40	0.11253	0.04745	0.03977	0.02820	0.03589	0.02126	0.42171	0.10029	0.02112	0.03085	0.01625	0.02042	0.01226	0.00742	0.00870	0.00262	0.01190	0.00842	0.00483	0.04812

[dist]
# distance from previous block
# <min> <max>
1	2

[block]
# block no. 4 follows, 22 sequences, length 13
# corresponding to MSA columns:
# 236-243,245-249
name=unknown_E
#
# <colnr> <probs for GDERKNQSTAVLIFYWHMCP>
#	G	D	E	R	K	N	Q	S	T	A	V	L	I	F	Y	W	H	M	C	P
0	0.07632	0.05967	0.02127	0.04899	0.02314	0.01662	0.01315	0.13767	0.04511	0.40005	0.05347	0.02624	0.02029	0.01009	0.00803	0.00253	0.00755	0.00800	0.00877	0.01306
1	0.02556	0.01932	0.01997	0.01672	0.02185	0.07022	0.01341	0.25811	0.15758	0.10708	0.05614	0.05785	0.05532	0.01231	0.00863	0.00264	0.00802	0.04576	0.00808	0.03543
2	0.02047	0.01685	0.05357	0.01969	0.02512	0.04052	0.19417	0.02493	0.02059	0.15298	0.17765	0.05526	0.03291	0.06891	0.01184	0.00303	0.00887	0.01076	0.00681	0.05507
3	0.08334	0.01737	0.01940	0.05651	0.02367	0.01925	0.01352	0.10347	0.36739	0.16027	0.02923	0.02736	0.02106	0.01048	0.00815	0.00271	0.00721	0.00848	0.00825	0.01289
4	0.02923	0.11732	0.02581	0.01983	0.02484	0.44767	0.01556	0.12264	0.07351	0.02619	0.01540	0.01678	0.01236	0.00881	0.00743	0.00220	0.01270	0.00588	0.00513	0.01071
5	0.01182	0.00901	0.01092	0.01035	0.01266	0.00838	0.00779	0.01644	0.05797	0.03087	0.48413	0.06444	0.20909	0.01760	0.00973	0.00267	0.00414	0.01528	0.00877	0.00795
6	0.02270	0.02342	0.07043	0.01801	0.02337	0.12340	0.01497	0.10372	0.40158	0.03321	0.02973	0.02837	0.04837	0.01087	0.00830	0.00266	0.00852	0.00865	0.00736	0.01236
7	0.01080	0.00813	0.01007	0.01082	0.01247	0.00740	0.00797	0.01330	0.01899	0.02495	0.20647	0.30263	0.22752	0.02205	0.01028	0.00308	0.00474	0.08306	0.00806	0.00719
8	0.01205	0.00833	0.01079	0.03368	0.01255	0.00874	0.00738	0.01290	0.01294	0.01757	0.02660	0.12777	0.02946	0.40456	0.18551	0.05484	0.01104	0.01232	0.00510	0.00587
9	0.26731	0.01183	0.01240	0.03735	0.01631	0.01245	0.00941	0.02040	0.03971	0.06713	0.17844	0.12624	0.10548	0.01491	0.00825	0.00280	0.00569	0.04810	0.00720	0.00859
10	0.03141	0.02094	0.02301	0.01776	0.02408	0.02262	0.01463	0.50310	0.03543	0.14134	0.02230	0.02187	0.01553	0.01000	0.00816	0.00247	0.00850	0.00763	0.05548	0.01373
11	0.01923	0.01948	0.03509	0.02825	0.07054	0.01959	0.34059	0.03083	0.21369	0.02882	0.02471	0.06587	0.02033	0.01003	0.00940	0.00286	0.01068	0.03262	0.00585	0.01155
12	0.03111	0.02145	0.02362	0.01841	0.02475	0.02330	0.01525	0.52733	0.03619	0.11760	0.02279	0.02528	0.01685	0.01078	0.00851	0.00258	0.00882	0.04313	0.00849	0.01374

[dist]
# distance from previous block
# <min> <max>
0	1

[block]
# block no. 5 follows, 22 sequences, length 27
# corresponding to MSA columns:
# 251-262,264-278
name=unknown_F
#
# <colnr> <probs for GDERKNQSTAVLIFYWHMCP>
#	G	D	E	R	K	N	Q	S	T	A	V	L	I	F	Y	W	H	M	C	P
0	0.03255	0.04669	0.01947	0.01432	0.02001	0.01344	0.01171	0.07403	0.02362	0.50070	0.07721	0.03137	0.02471	0.05837	0.01064	0.00291	0.00712	0.00887	0.00939	0.01288
1	0.02458	0.01536	0.03662	0.04668	0.02217	0.01445	0.01298	0.07292	0.14984	0.24534	0.06222	0.07833	0.02675	0.01218	0.00856	0.00262	0.00707	0.05404	0.00821	0.09907
2	0.08003	0.10373	0.02556	0.01822	0.02431	0.12990	0.01502	0.38492	0.07134	0.04130	0.01817	0.01867	0.01356	0.00935	0.00763	0.00238	0.00970	0.00671	0.00691	0.01260
3	0.01549	0.00774	0.00774	0.00774	0.00968	0.00774	0.00581	0.01936	0.01742	0.03097	0.02710	0.03097	0.02129	0.00968	0.00581	0.00194	0.00387	0.00774	0.75416	0.00774
4	0.05883	0.11928	0.09206	0.02804	0.22529	0.08812	0.01910	0.03018	0.06638	0.14179	0.01884	0.02046	0.01429	0.00861	0.00828	0.00244	0.03347	0.00684	0.00547	0.01220
5	0.02029	0.05893	0.01753	0.01548	0.07063	0.01253	0.01109	0.02524	0.06868	0.19539	0.26157	0.04669	0.13409	0.01391	0.00889	0.00258	0.00583	0.01186	0.00838	0.01041
6	0.01012	0.00723	0.00964	0.01157	0.01205	0.00675	0.00771	0.01157	0.01591	0.02121	0.04579	0.70262	0.05495	0.02603	0.01060	0.00337	0.00482	0.02362	0.00771	0.00675
7	0.01008	0.00740	0.00947	0.01113	0.01193	0.00678	0.00752	0.01162	0.01633	0.02138	0.05117	0.61530	0.13879	0.02533	0.01049	0.00329	0.00473	0.02276	0.00771	0.00678
8	0.32726	0.10022	0.06680	0.06016	0.02345	0.06382	0.01400	0.15923	0.02151	0.03545	0.04690	0.01838	0.01426	0.00873	0.00667	0.00245	0.00847	0.00606	0.00560	0.01056
9	0.02938	0.02668	0.02623	0.02208	0.05572	0.18370	0.05789	0.37449	0.07349	0.04041	0.01872	0.01967	0.01390	0.00939	0.00822	0.00245	0.01077	0.00724	0.00686	0.01272
10	0.04983	0.00829	0.01039	0.01151	0.01280	0.00773	0.00793	0.01315	0.01642	0.02325	0.08265	0.57702	0.05123	0.02311	0.00996	0.00313	0.00493	0.02077	0.00748	0.05841
11	0.02286	0.39271	0.06440	0.06435	0.08556	0.12641	0.01645	0.02619	0.01857	0.05418	0.01728	0.01920	0.04385	0.00834	0.00664	0.00210	0.00989	0.00601	0.00428	0.01072
12	0.02098	0.01475	0.01745	0.01342	0.01987	0.01255	0.01067	0.02755	0.11532	0.14126	0.02251	0.05593	0.01796	0.00869	0.00713	0.00182	0.00631	0.00717	0.00657	0.47208
13	0.02899	0.02179	0.02364	0.02146	0.08920	0.07658	0.01570	0.35098	0.09471	0.12238	0.02320	0.05398	0.01765	0.01052	0.00836	0.00255	0.00897	0.00836	0.00778	0.01320
14	0.06462	0.06407	0.02160	0.01617	0.02192	0.05355	0.01320	0.22734	0.14607	0.15416	0.05535	0.02647	0.04127	0.01042	0.00797	0.00246	0.00785	0.00812	0.00788	0.04951
15	0.01041	0.00740	0.00979	0.01158	0.01210	0.00697	0.00781	0.01188	0.01581	0.02104	0.04438	0.62893	0.05293	0.07173	0.01278	0.00371	0.00518	0.05135	0.00753	0.00668
16	0.02233	0.01743	0.01977	0.01884	0.07487	0.01900	0.01364	0.15407	0.33372	0.07795	0.03694	0.03503	0.11544	0.01207	0.00860	0.00270	0.00705	0.00999	0.00807	0.01250
17	0.02249	0.05628	0.02353	0.04621	0.12050	0.15333	0.04406	0.10917	0.02230	0.06986	0.02541	0.16338	0.02478	0.01343	0.00881	0.00271	0.00960	0.06752	0.00618	0.01045
18	0.01034	0.00748	0.00981	0.01147	0.01226	0.00695	0.00789	0.01207	0.01665	0.02208	0.07945	0.59917	0.09596	0.02508	0.01055	0.00332	0.00487	0.04995	0.00778	0.00686
19	0.72901	0.01644	0.01286	0.01134	0.01656	0.01900	0.00935	0.05541	0.01542	0.03805	0.01200	0.01383	0.00926	0.00783	0.00530	0.00257	0.00657	0.00465	0.00530	0.00926
20	0.01727	0.06344	0.09879	0.06593	0.04681	0.01678	0.13875	0.07092	0.06157	0.03085	0.25581	0.03642	0.03778	0.01147	0.00894	0.00261	0.00850	0.01055	0.00650	0.01031
21	0.01076	0.00784	0.01014	0.01086	0.01213	0.00721	0.00765	0.01327	0.01924	0.02623	0.29530	0.39200	0.11265	0.02195	0.01021	0.00302	0.00440	0.01963	0.00829	0.00721
22	0.02445	0.02252	0.02687	0.07901	0.31348	0.16680	0.01999	0.02976	0.06224	0.10939	0.01985	0.02481	0.01600	0.00915	0.00826	0.00252	0.01041	0.03712	0.00541	0.01194
23	0.01319	0.00873	0.01135	0.01076	0.01290	0.00797	0.00804	0.01670	0.02246	0.07363	0.51422	0.13145	0.10139	0.01774	0.00979	0.00270	0.00424	0.01565	0.00899	0.00810
24	0.76672	0.01607	0.01221	0.01092	0.01607	0.01864	0.00900	0.02442	0.01414	0.03727	0.01157	0.01350	0.00900	0.00771	0.00514	0.00257	0.00643	0.00450	0.00514	0.00900
25	0.02491	0.02020	0.02083	0.01748	0.02265	0.05166	0.01389	0.29520	0.28749	0.04099	0.05798	0.06169	0.02394	0.01163	0.00852	0.00266	0.00786	0.00939	0.00819	0.01282
26	0.01831	0.01541	0.01781	0.01282	0.02015	0.01218	0.01029	0.06677	0.01887	0.02898	0.01516	0.01743	0.01244	0.00644	0.00632	0.00133	0.00638	0.00511	0.00518	0.70263

[dist]
# distance from previous block
# <min> <max>
0	5

[block]
# block no. 6 follows, 22 sequences, length 7
# corresponding to MSA columns:
# 284-290
name=unknown_G
#
# <colnr> <probs for GDERKNQSTAVLIFYWHMCP>
#	G	D	E	R	K	N	Q	S	T	A	V	L	I	F	Y	W	H	M	C	P
0	0.02664	0.01903	0.02023	0.01619	0.02152	0.02097	0.01315	0.42384	0.09623	0.04547	0.02307	0.02370	0.01699	0.01004	0.00773	0.00239	0.00763	0.00774	0.18493	0.01251
1	0.01564	0.01310	0.02085	0.52699	0.04596	0.01592	0.01898	0.02078	0.01680	0.02353	0.01769	0.02424	0.01349	0.00863	0.00771	0.00257	0.00937	0.00747	0.18139	0.00888
2	0.01144	0.00901	0.01326	0.17175	0.02274	0.00952	0.01135	0.01385	0.01607	0.02121	0.03844	0.54150	0.04456	0.02183	0.01006	0.00323	0.00630	0.01977	0.00676	0.00734
3	0.02094	0.55961	0.18584	0.01638	0.02467	0.02976	0.01799	0.02520	0.01703	0.02109	0.01232	0.01429	0.01063	0.00729	0.00592	0.00197	0.00966	0.00483	0.00354	0.01103
4	0.01317	0.01197	0.01498	0.01367	0.01627	0.06001	0.07204	0.01620	0.02004	0.02591	0.24580	0.22882	0.19168	0.01864	0.00984	0.00284	0.00612	0.01660	0.00755	0.00785
5	0.02224	0.05933	0.02706	0.01980	0.02523	0.04302	0.15732	0.12297	0.08908	0.08175	0.02043	0.02549	0.01660	0.08264	0.01425	0.06117	0.03170	0.00824	0.00589	0.08580
6	0.07693	0.18859	0.07709	0.01793	0.02430	0.09216	0.01603	0.26080	0.07558	0.03530	0.01693	0.01804	0.01307	0.00916	0.00821	0.00239	0.04311	0.00638	0.00597	0.01203

[dist]
# distance from previous block
# <min> <max>
3	5

[block]
# block no. 7 follows, 22 sequences, length 10
# corresponding to MSA columns:
# 296-305
name=unknown_H
#
# <colnr> <probs for GDERKNQSTAVLIFYWHMCP>
#	G	D	E	R	K	N	Q	S	T	A	V	L	I	F	Y	W	H	M	C	P
0	0.06568	0.02169	0.06851	0.01629	0.01976	0.18155	0.01327	0.02551	0.11488	0.02497	0.09331	0.06372	0.02613	0.10632	0.06618	0.00419	0.06385	0.00930	0.00571	0.00919
1	0.05206	0.01731	0.02424	0.40932	0.07000	0.04269	0.01999	0.11231	0.02054	0.08440	0.01674	0.02145	0.01236	0.00906	0.00932	0.00272	0.05259	0.00729	0.00506	0.01055
2	0.01206	0.00812	0.00940	0.00940	0.00951	0.00824	0.00545	0.01230	0.01218	0.01636	0.02587	0.05267	0.02947	0.65759	0.09173	0.00847	0.00916	0.01183	0.00499	0.00522
3	0.01936	0.00965	0.01299	0.01256	0.01515	0.00867	0.00923	0.02159	0.01915	0.23709	0.08965	0.42546	0.04528	0.02003	0.00978	0.00304	0.00550	0.01781	0.00869	0.00931
4	0.01042	0.00748	0.00965	0.01107	0.01178	0.00697	0.00741	0.01201	0.01644	0.02194	0.10137	0.55318	0.08867	0.08390	0.01323	0.00368	0.00498	0.02149	0.00761	0.00671
5	0.01058	0.00781	0.00997	0.01099	0.01204	0.00747	0.00760	0.01235	0.01613	0.02135	0.08095	0.41019	0.14992	0.09281	0.10452	0.00504	0.00736	0.01903	0.00710	0.00679
6	0.05761	0.05454	0.02621	0.20543	0.19566	0.15318	0.01931	0.05101	0.01911	0.02453	0.01486	0.02049	0.01248	0.04117	0.01028	0.00273	0.04454	0.00683	0.00429	0.03574
7	0.01346	0.00953	0.01223	0.03008	0.01505	0.00912	0.00909	0.01730	0.04824	0.05764	0.23409	0.19822	0.10394	0.05984	0.05615	0.00384	0.00648	0.05770	0.00769	0.05030
8	0.42634	0.02045	0.08565	0.10548	0.02533	0.05116	0.01437	0.05457	0.09143	0.03349	0.01546	0.01756	0.01172	0.00838	0.00652	0.00261	0.00824	0.00583	0.00527	0.01014
9	0.02874	0.02569	0.11514	0.01961	0.02693	0.02450	0.01772	0.50407	0.07640	0.04749	0.02016	0.02035	0.01437	0.00977	0.00826	0.00253	0.00941	0.00742	0.00764	0.01380

[dist]
# distance from previous block
# <min> <max>
0	1

[block]
# block no. 8 follows, 22 sequences, length 49
# corresponding to MSA columns:
# 308-356
name=unknown_I
#
# <colnr> <probs for GDERKNQSTAVLIFYWHMCP>
#	G	D	E	R	K	N	Q	S	T	A	V	L	I	F	Y	W	H	M	C	P
0	0.16131	0.05110	0.02192	0.01822	0.05252	0.05596	0.01408	0.28873	0.15825	0.04061	0.02259	0.02263	0.03687	0.00989	0.00764	0.00254	0.00826	0.00744	0.00713	0.01232
1	0.01257	0.00957	0.01346	0.01322	0.01457	0.01113	0.01003	0.01599	0.04217	0.01955	0.02291	0.03524	0.02200	0.15551	0.52176	0.01166	0.04726	0.00934	0.00469	0.00739
2	0.02018	0.01779	0.04696	0.05616	0.21799	0.01764	0.04036	0.08534	0.15419	0.06259	0.03107	0.03756	0.08603	0.01183	0.00887	0.00277	0.00841	0.07600	0.00649	0.01177
3	0.01549	0.00774	0.00774	0.00774	0.00968	0.00774	0.00581	0.01936	0.01742	0.03097	0.02710	0.03097	0.02129	0.00968	0.00581	0.00194	0.00387	0.00774	0.75416	0.00774
4	0.07227	0.01503	0.01929	0.01499	0.02128	0.01385	0.01234	0.08034	0.05307	0.55987	0.03089	0.02710	0.01977	0.01018	0.00820	0.00258	0.00716	0.00815	0.00981	0.01384
5	0.01870	0.05995	0.24307	0.06570	0.11328	0.02072	0.30533	0.02603	0.01858	0.02598	0.01571	0.02020	0.01184	0.00741	0.00872	0.00266	0.01258	0.00798	0.00391	0.01165
6	0.01027	0.00829	0.00915	0.00941	0.01172	0.00718	0.00698	0.01260	0.01916	0.02392	0.15969	0.16908	0.46116	0.02125	0.00999	0.00290	0.00437	0.03786	0.00792	0.00712
7	0.01502	0.01219	0.01814	0.23656	0.02978	0.01440	0.01497	0.07858	0.01715	0.02336	0.02081	0.06395	0.01874	0.03726	0.35209	0.00823	0.01630	0.00905	0.00476	0.00865
8	0.02373	0.05840	0.09592	0.01780	0.02342	0.21742	0.01533	0.08119	0.16290	0.06252	0.05813	0.02787	0.07196	0.01062	0.00803	0.00243	0.00979	0.00815	0.00632	0.03807
9	0.01170	0.00850	0.01122	0.01206	0.01371	0.00803	0.00939	0.01483	0.01990	0.02681	0.26733	0.23138	0.11086	0.02139	0.01052	0.00319	0.00532	0.19820	0.00821	0.00744
10	0.02057	0.08965	0.21875	0.01680	0.02492	0.01672	0.01728	0.07706	0.01985	0.10298	0.01958	0.07364	0.01617	0.00920	0.00741	0.00215	0.00855	0.00738	0.00551	0.24582
11	0.08423	0.02638	0.25275	0.05283	0.12301	0.01863	0.08293	0.02621	0.07720	0.02802	0.04498	0.02442	0.01686	0.00925	0.00900	0.00267	0.04184	0.02995	0.00476	0.04406
12	0.02056	0.01974	0.03372	0.05099	0.65622	0.01974	0.02550	0.02550	0.01892	0.02714	0.01563	0.02056	0.01316	0.00740	0.00822	0.00247	0.00987	0.00740	0.00411	0.01316
13	0.01712	0.05378	0.14843	0.05193	0.06216	0.01771	0.21913	0.02497	0.07942	0.02799	0.15051	0.03255	0.05611	0.01034	0.00897	0.00267	0.00990	0.01004	0.00560	0.01070
14	0.01176	0.00849	0.01110	0.01045	0.01241	0.00784	0.00784	0.01568	0.02352	0.03331	0.65184	0.06206	0.07839	0.01698	0.00980	0.00261	0.00392	0.01502	0.00914	0.00784
15	0.02650	0.02118	0.02459	0.13667	0.06264	0.05238	0.01736	0.34961	0.08692	0.06108	0.01961	0.02132	0.01443	0.00993	0.00959	0.00264	0.05653	0.00756	0.00687	0.01259
16	0.03727	0.01414	0.01928	0.01478	0.02121	0.01221	0.01221	0.04049	0.02378	0.66198	0.03277	0.02828	0.02056	0.01028	0.00835	0.00257	0.00707	0.00835	0.01028	0.01414
17	0.01440	0.04018	0.01424	0.05146	0.01689	0.01087	0.00997	0.04776	0.04453	0.05515	0.29533	0.21384	0.08590	0.01797	0.00962	0.00285	0.00548	0.04701	0.00806	0.00849
18	0.01129	0.00856	0.01039	0.01076	0.01278	0.00783	0.00830	0.01411	0.01965	0.02563	0.23319	0.12738	0.27276	0.06079	0.01212	0.00332	0.00513	0.14080	0.00796	0.00725
19	0.02872	0.21693	0.02889	0.01939	0.02453	0.47477	0.01555	0.05867	0.02250	0.02161	0.01283	0.01477	0.01085	0.00824	0.00696	0.00206	0.01310	0.00521	0.00428	0.01011
20	0.01339	0.00956	0.01339	0.01530	0.01721	0.00956	0.01339	0.01721	0.01912	0.02486	0.04399	0.09371	0.04781	0.02295	0.01147	0.00382	0.00765	0.60031	0.00765	0.00765
21	0.01839	0.01822	0.02996	0.38086	0.26565	0.04731	0.07370	0.02369	0.01797	0.02372	0.01516	0.02130	0.01192	0.00789	0.00837	0.00264	0.01106	0.00750	0.00391	0.01079
22	0.76672	0.01607	0.01221	0.01092	0.01607	0.01864	0.00900	0.02442	0.01414	0.03727	0.01157	0.01350	0.00900	0.00771	0.00514	0.00257	0.00643	0.00450	0.00514	0.00900
23	0.01364	0.00964	0.01071	0.01001	0.01315	0.00862	0.00765	0.01767	0.06311	0.08856	0.18235	0.06811	0.43913	0.01854	0.00958	0.00275	0.00460	0.01559	0.00829	0.00830
24	0.02024	0.01946	0.03291	0.07303	0.59686	0.02002	0.02498	0.02502	0.01847	0.02650	0.01532	0.02048	0.01295	0.00785	0.00934	0.00255	0.04979	0.00739	0.00407	0.01277
25	0.76672	0.01607	0.01221	0.01092	0.01607	0.01864	0.00900	0.02442	0.01414	0.03727	0.01157	0.01350	0.00900	0.00771	0.00514	0.00257	0.00643	0.00450	0.00514	0.00900
26	0.01556	0.01374	0.04703	0.01599	0.01895	0.01435	0.04275	0.08530	0.05979	0.02454	0.02181	0.03025	0.01944	0.07627	0.43021	0.00969	0.05154	0.00877	0.00508	0.00893
27	0.01158	0.00804	0.00901	0.00918	0.00964	0.00779	0.00545	0.01201	0.01342	0.01748	0.03643	0.11373	0.12441	0.54796	0.03477	0.00688	0.00721	0.01388	0.00566	0.00547
28	0.02356	0.01762	0.01998	0.07163	0.02431	0.01934	0.01393	0.28974	0.16013	0.06849	0.03228	0.09563	0.08058	0.01311	0.00881	0.00275	0.00774	0.03050	0.00792	0.01194
29	0.01208	0.00805	0.00906	0.00906	0.00906	0.00805	0.00503	0.01208	0.01208	0.01611	0.02618	0.05436	0.03020	0.70804	0.04228	0.00805	0.00805	0.01208	0.00503	0.00503
30	0.01842	0.01657	0.02508	0.26940	0.06819	0.01950	0.07355	0.09277	0.05084	0.02647	0.02036	0.02609	0.04552	0.03668	0.01313	0.00304	0.13400	0.00840	0.04199	0.01001
31	0.01961	0.02241	0.04902	0.03501	0.04342	0.02101	0.62605	0.02661	0.01961	0.02661	0.01681	0.02241	0.01261	0.00700	0.00980	0.00280	0.01401	0.00980	0.00420	0.01120
32	0.03034	0.01474	0.01920	0.01596	0.04882	0.01331	0.01223	0.09547	0.02371	0.41241	0.07060	0.02918	0.02292	0.04334	0.00977	0.00265	0.00712	0.00841	0.00877	0.11107
33	0.03099	0.02298	0.02460	0.01900	0.02554	0.02549	0.01565	0.59708	0.07146	0.05141	0.02069	0.02054	0.01473	0.01004	0.00832	0.00251	0.00900	0.00758	0.00832	0.01408
34	0.01714	0.01441	0.01674	0.01207	0.01918	0.01090	0.00964	0.02084	0.01724	0.02727	0.01540	0.01793	0.01276	0.00633	0.00613	0.00127	0.00604	0.00507	0.04322	0.72044
35	0.01208	0.00805	0.00906	0.00906	0.00906	0.00805	0.00503	0.01208	0.01208	0.01611	0.02618	0.05436	0.03020	0.70804	0.04228	0.00805	0.00805	0.01208	0.00503	0.00503
36	0.02174	0.65633	0.09613	0.01502	0.02256	0.03172	0.01561	0.02500	0.01694	0.02012	0.01183	0.01368	0.01065	0.00717	0.00555	0.00185	0.00917	0.00459	0.00355	0.01080
37	0.01546	0.01001	0.01423	0.01313	0.01566	0.00935	0.04470	0.01941	0.04635	0.11353	0.29407	0.27746	0.05636	0.01842	0.00983	0.00289	0.00536	0.01658	0.00848	0.00872
38	0.02066	0.01785	0.01878	0.01691	0.02160	0.02066	0.01315	0.04414	0.64121	0.03475	0.03381	0.03099	0.02536	0.01127	0.00845	0.00282	0.00657	0.00939	0.00845	0.01315
