[name]
unknown

[dist]
# distance from previous block
# <min> <max>
0	56

[block]
# block no. 0 follows, 21 sequences, length 19
# corresponding to MSA columns:
# 58-76
name=unknown_A
#
# <colnr> <probs for GDERKNQSTAVLIFYWHMCP>
#	G	D	E	R	K	N	Q	S	T	A	V	L	I	F	Y	W	H	M	C	P
0	0.01371	0.00980	0.01371	0.01567	0.01763	0.00980	0.01371	0.01763	0.01959	0.02547	0.04506	0.09599	0.04898	0.02351	0.01175	0.00392	0.00784	0.59056	0.00784	0.00784
1	0.01461	0.00927	0.01220	0.01114	0.01360	0.00847	0.00847	0.01856	0.02412	0.09501	0.58343	0.06017	0.07448	0.01672	0.00989	0.00267	0.00433	0.01472	0.00948	0.00866
2	0.03235	0.02384	0.02554	0.01958	0.02639	0.02639	0.01618	0.61946	0.04001	0.05363	0.02043	0.02043	0.01447	0.01022	0.00851	0.00255	0.00936	0.00766	0.00851	0.01447
3	0.01216	0.00912	0.01368	0.01368	0.01520	0.01064	0.01064	0.01520	0.01368	0.01976	0.02279	0.03343	0.02127	0.06382	0.66720	0.01368	0.02279	0.00912	0.00456	0.00760
4	0.02053	0.02340	0.11771	0.04850	0.56618	0.02016	0.02683	0.02623	0.01919	0.02769	0.01591	0.02065	0.01312	0.00765	0.00838	0.00255	0.01044	0.00741	0.00413	0.01336
5	0.01549	0.01415	0.02339	0.47120	0.11778	0.01662	0.02072	0.02024	0.01714	0.02244	0.02170	0.15947	0.02074	0.01210	0.00898	0.00293	0.00990	0.01095	0.00467	0.00940
6	0.01037	0.00741	0.00987	0.01185	0.01234	0.00691	0.00790	0.01185	0.01629	0.02172	0.04690	0.69537	0.05629	0.02666	0.01086	0.00346	0.00494	0.02419	0.00790	0.00691
7	0.02919	0.07951	0.02485	0.02010	0.02520	0.38254	0.01568	0.14017	0.14502	0.02951	0.01855	0.01933	0.01451	0.00947	0.00786	0.00237	0.01217	0.00661	0.00590	0.01146
8	0.01765	0.01513	0.01765	0.01260	0.02017	0.01134	0.01008	0.02143	0.01765	0.02773	0.01513	0.01765	0.01260	0.00630	0.00630	0.00126	0.00630	0.00504	0.00504	0.75295
9	0.01707	0.04402	0.65683	0.02426	0.03683	0.01976	0.03144	0.02695	0.01797	0.02695	0.01527	0.01797	0.01078	0.00809	0.00809	0.00270	0.01258	0.00629	0.00359	0.01258
10	0.02225	0.48078	0.15719	0.01845	0.02657	0.08219	0.05975	0.02658	0.01817	0.02188	0.01295	0.01524	0.01104	0.00755	0.00645	0.00209	0.01062	0.00533	0.00374	0.01118
11	0.01193	0.00869	0.01122	0.01059	0.01264	0.00798	0.00794	0.01584	0.02382	0.03349	0.61169	0.06461	0.11235	0.01763	0.01004	0.00269	0.00403	0.01554	0.00928	0.00798
12	0.01908	0.02067	0.03545	0.10126	0.03647	0.08291	0.31671	0.02430	0.01823	0.02390	0.01713	0.02385	0.01404	0.01938	0.14117	0.00501	0.07716	0.00890	0.00425	0.01013
13	0.01204	0.00811	0.00938	0.00971	0.00980	0.00802	0.00562	0.01229	0.01304	0.01738	0.03020	0.16358	0.03521	0.58720	0.03784	0.00744	0.00769	0.01437	0.00562	0.00545
14	0.03235	0.02384	0.02554	0.01958	0.02639	0.02639	0.01618	0.61946	0.04001	0.05363	0.02043	0.02043	0.01447	0.01022	0.00851	0.00255	0.00936	0.00766	0.00851	0.01447
15	0.31841	0.02360	0.06284	0.01584	0.02156	0.12945	0.01353	0.18424	0.02348	0.03793	0.01616	0.01789	0.01226	0.00887	0.00680	0.00248	0.00897	0.00601	0.07887	0.01083
16	0.11978	0.01654	0.04639	0.01484	0.02096	0.01491	0.01257	0.08487	0.07224	0.31237	0.09960	0.02907	0.02516	0.01055	0.00809	0.00252	0.00707	0.00844	0.00857	0.08546
17	0.09610	0.01483	0.01608	0.01380	0.01813	0.05847	0.01081	0.05950	0.05345	0.20847	0.21606	0.09640	0.03996	0.01353	0.00873	0.00263	0.00660	0.01129	0.00852	0.04664
18	0.05759	0.01350	0.04646	0.01437	0.01705	0.01290	0.01127	0.10344	0.01982	0.07780	0.03464	0.38208	0.03769	0.06712	0.01336	0.00353	0.05436	0.01661	0.00736	0.00906

[dist]
# distance from previous block
# <min> <max>
3	9

[block]
# block no. 1 follows, 21 sequences, length 52
# corresponding to MSA columns:
# 86-137
name=unknown_B
#
# <colnr> <probs for GDERKNQSTAVLIFYWHMCP>
#	G	D	E	R	K	N	Q	S	T	A	V	L	I	F	Y	W	H	M	C	P
0	0.01904	0.21111	0.40669	0.02246	0.03287	0.02359	0.08112	0.02762	0.05216	0.02568	0.01565	0.01809	0.01186	0.00798	0.00763	0.00250	0.01152	0.00638	0.00395	0.01210
1	0.02248	0.14350	0.34884	0.02244	0.03242	0.02146	0.09756	0.06023	0.02028	0.12546	0.01809	0.01974	0.01287	0.00834	0.00800	0.00256	0.01123	0.00690	0.00504	0.01257
2	0.07804	0.10455	0.11143	0.05035	0.02210	0.04225	0.01425	0.02351	0.05551	0.05563	0.18431	0.03500	0.05202	0.05598	0.01100	0.00288	0.03073	0.00939	0.00623	0.05485
3	0.02498	0.01512	0.02035	0.02035	0.12135	0.01401	0.01368	0.09670	0.02326	0.23075	0.09715	0.10721	0.02853	0.01198	0.00859	0.00248	0.00716	0.01032	0.00790	0.13815
4	0.01799	0.05064	0.13378	0.02250	0.15132	0.01430	0.01676	0.02304	0.02145	0.09476	0.28657	0.06231	0.04368	0.01281	0.00901	0.00263	0.00742	0.01122	0.00706	0.01075
5	0.01943	0.05566	0.10054	0.03844	0.02395	0.01550	0.03483	0.08519	0.04479	0.06225	0.05428	0.10438	0.02231	0.01059	0.00788	0.00219	0.00778	0.00895	0.00608	0.29498
6	0.06721	0.07729	0.43071	0.02530	0.07113	0.05555	0.07675	0.02683	0.01810	0.02676	0.01478	0.01793	0.01106	0.00822	0.00869	0.00266	0.03876	0.00647	0.00385	0.01195
7	0.01965	0.16526	0.13301	0.01718	0.02558	0.01840	0.06997	0.02452	0.01811	0.05072	0.01538	0.01780	0.01231	0.00705	0.00685	0.00182	0.00871	0.00574	0.00466	0.37727
8	0.02077	0.12689	0.29657	0.01873	0.02748	0.01920	0.02049	0.06015	0.04842	0.09842	0.02092	0.08134	0.01726	0.01002	0.00785	0.00246	0.00958	0.00802	0.00546	0.09998
9	0.08251	0.06922	0.39789	0.06160	0.03402	0.08958	0.04554	0.07396	0.02005	0.02872	0.01506	0.01778	0.01107	0.00827	0.00780	0.00260	0.01193	0.00629	0.00424	0.01185
10	0.02545	0.01615	0.02098	0.17992	0.03057	0.01739	0.01550	0.13693	0.12744	0.20833	0.06408	0.07184	0.02415	0.01161	0.00879	0.00277	0.00820	0.00976	0.00795	0.01219
11	0.02309	0.01841	0.02083	0.01585	0.02222	0.01810	0.01280	0.24565	0.04516	0.03672	0.01800	0.02089	0.01445	0.03921	0.01024	0.00226	0.05131	0.00665	0.00638	0.37179
12	0.01037	0.00741	0.00987	0.01185	0.01234	0.00691	0.00790	0.01185	0.01629	0.02172	0.04690	0.69537	0.05629	0.02666	0.01086	0.00346	0.00494	0.02419	0.00790	0.00691
13	0.01057	0.00755	0.01010	0.01208	0.01266	0.00708	0.00824	0.01219	0.01649	0.02195	0.04680	0.65993	0.05585	0.02648	0.01091	0.00348	0.00511	0.05768	0.00790	0.00697
14	0.01908	0.05613	0.11927	0.01632	0.02419	0.01522	0.04349	0.02377	0.01788	0.05972	0.01581	0.01840	0.01261	0.00740	0.00811	0.00181	0.04799	0.00578	0.00492	0.48209
15	0.01735	0.01621	0.02845	0.34566	0.11314	0.01860	0.11407	0.02148	0.01652	0.02219	0.01509	0.02257	0.01230	0.01181	0.01423	0.10798	0.08112	0.00792	0.00389	0.00941
16	0.05431	0.01716	0.02725	0.39449	0.08303	0.01973	0.09107	0.06422	0.08746	0.02730	0.01881	0.02557	0.01468	0.00923	0.00866	0.00284	0.01063	0.02798	0.00493	0.01064
17	0.01824	0.01522	0.01830	0.07550	0.02348	0.01353	0.01185	0.07739	0.05704	0.02980	0.04435	0.07822	0.01984	0.00934	0.00739	0.00187	0.00688	0.00782	0.00588	0.47805
18	0.04807	0.01877	0.02525	0.10167	0.02961	0.01989	0.10149	0.26921	0.04738	0.03858	0.09180	0.06942	0.02411	0.01112	0.00879	0.00262	0.00903	0.00971	0.00701	0.06649
19	0.01579	0.00790	0.00814	0.00814	0.00999	0.00790	0.00604	0.01927	0.01741	0.03064	0.02692	0.03135	0.02136	0.01118	0.00771	0.05034	0.00419	0.00790	0.70019	0.00766
20	0.03177	0.02355	0.02521	0.01946	0.02617	0.02612	0.01603	0.58952	0.07090	0.05269	0.02117	0.02102	0.01507	0.01029	0.00852	0.00257	0.00923	0.00776	0.00852	0.01442
21	0.04405	0.01149	0.01350	0.01176	0.01537	0.01079	0.00910	0.07619	0.02320	0.15729	0.24189	0.05559	0.21756	0.06025	0.01158	0.00307	0.00561	0.01346	0.00870	0.00955
22	0.02313	0.02035	0.02027	0.01787	0.02288	0.06336	0.01397	0.10996	0.52572	0.03670	0.03163	0.02940	0.02370	0.01122	0.00858	0.00280	0.00759	0.00913	0.00837	0.01335
23	0.02198	0.01761	0.02197	0.10324	0.10666	0.01955	0.01608	0.09788	0.31943	0.07493	0.08397	0.03079	0.02599	0.01099	0.00871	0.00276	0.00780	0.00936	0.00766	0.01265
24	0.25736	0.01651	0.01820	0.01453	0.02055	0.01682	0.01196	0.13895	0.02413	0.33020	0.05154	0.02433	0.01887	0.00997	0.00761	0.00262	0.00728	0.00749	0.00851	0.01258
25	0.01089	0.00781	0.01001	0.01117	0.01202	0.00729	0.00753	0.01271	0.01745	0.02348	0.15665	0.47197	0.09052	0.10154	0.01437	0.00383	0.00511	0.02088	0.00786	0.00693
26	0.01078	0.00791	0.00999	0.01126	0.01234	0.00730	0.00783	0.01267	0.01752	0.02306	0.11156	0.46245	0.15266	0.06460	0.01261	0.00359	0.00509	0.05187	0.00788	0.00701
27	0.01886	0.01291	0.01521	0.01334	0.01702	0.01310	0.01039	0.08658	0.15273	0.10619	0.33859	0.04999	0.09998	0.01498	0.00943	0.00272	0.00552	0.01281	0.00915	0.01050
28	0.01074	0.00839	0.00980	0.01070	0.01240	0.00764	0.00754	0.01350	0.04229	0.02334	0.08876	0.39206	0.29494	0.02358	0.01041	0.00316	0.00471	0.02070	0.00800	0.00733
29	0.72809	0.01637	0.01284	0.01137	0.01670	0.01879	0.00937	0.02577	0.01493	0.06624	0.01284	0.01451	0.00976	0.00802	0.00542	0.00263	0.00661	0.00479	0.00551	0.00946
30	0.17550	0.01185	0.01186	0.01055	0.01399	0.01240	0.00819	0.07408	0.01930	0.10453	0.02438	0.02880	0.01926	0.07012	0.00960	0.00279	0.00572	0.00767	0.38014	0.00926
31	0.01058	0.00757	0.00973	0.01137	0.01195	0.00708	0.00750	0.01193	0.01603	0.02121	0.04697	0.58636	0.08848	0.10270	0.01449	0.00396	0.00528	0.02248	0.00759	0.00673
32	0.01030	0.00766	0.00961	0.01117	0.01217	0.00697	0.00760	0.01193	0.01694	0.02199	0.05513	0.56695	0.17939	0.02559	0.01069	0.00333	0.00481	0.02289	0.00790	0.00697
33	0.01088	0.00778	0.01041	0.01207	0.01288	0.00731	0.00846	0.01289	0.01752	0.02353	0.11668	0.56502	0.05842	0.02528	0.01085	0.00341	0.00510	0.07631	0.00807	0.00713
34	0.01134	0.00820	0.01075	0.01139	0.01278	0.00761	0.00823	0.01418	0.02030	0.02787	0.33156	0.33742	0.09092	0.02188	0.01049	0.00309	0.00464	0.05125	0.00859	0.00751
35	0.01243	0.00819	0.01088	0.01168	0.01298	0.00756	0.00820	0.01478	0.01912	0.06065	0.22810	0.46559	0.06165	0.02294	0.01048	0.00317	0.00478	0.02064	0.00849	0.00767
36	0.09084	0.01075	0.01125	0.01078	0.01318	0.01125	0.00804	0.09043	0.01928	0.03115	0.02882	0.13501	0.02733	0.10721	0.01229	0.00328	0.00578	0.03640	0.33863	0.00831
37	0.57555	0.01481	0.01267	0.01143	0.01609	0.01655	0.00920	0.02416	0.01640	0.07673	0.09142	0.06471	0.02156	0.01042	0.00641	0.00269	0.00621	0.00742	0.00627	0.00927
38	0.40708	0.01299	0.01215	0.01111	0.01503	0.01396	0.00878	0.02158	0.01842	0.06493	0.22286	0.06635	0.07029	0.01274	0.00750	0.00270	0.00558	0.00994	0.00712	0.00887
39	0.01478	0.00739	0.01109	0.01109	0.01109	0.00739	0.00739	0.01109	0.01109	0.01478	0.01478	0.02587	0.01478	0.02956	0.03326	0.75240	0.00739	0.00739	0.00370	0.00370
40	0.01063	0.00761	0.01011	0.01167	0.01240	0.00708	0.00792	0.01250	0.01749	0.02363	0.13879	0.59803	0.05998	0.02523	0.01073	0.00334	0.00480	0.02284	0.00813	0.00708
41	0.01039	0.00765	0.00974	0.01129	0.01222	0.00700	0.00768	0.01208	0.01710	0.02242	0.07710	0.57290	0.15031	0.02548	0.01070	0.00333	0.00480	0.02285	0.00796	0.00700
42	0.54187	0.01640	0.01505	0.01325	0.01758	0.01941	0.01086	0.06175	0.01635	0.03568	0.04255	0.01835	0.01385	0.01270	0.04799	0.00342	0.09215	0.00593	0.00543	0.00941
43	0.02199	0.01810	0.01927	0.01721	0.02211	0.02075	0.01342	0.04504	0.60314	0.06540	0.03459	0.03162	0.02574	0.01150	0.00865	0.00287	0.00676	0.00957	0.00875	0.01352
44	0.01213	0.00931	0.01206	0.05132	0.01658	0.00891	0.01026	0.01553	0.02046	0.02680	0.22678	0.11744	0.22320	0.02052	0.01054	0.00317	0.00577	0.19343	0.00806	0.00774
45	0.01251	0.00885	0.01095	0.01088	0.01121	0.00946	0.00700	0.01328	0.01287	0.01760	0.02636	0.08329	0.02946	0.50818	0.16426	0.00886	0.04181	0.01213	0.00512	0.00592
46	0.01478	0.00739	0.01109	0.01109	0.01109	0.00739	0.00739	0.01109	0.01109	0.01478	0.01478	0.02587	0.01478	0.02956	0.03326	0.75240	0.00739	0.00739	0.00370	0.00370
47	0.01035	0.00749	0.00979	0.01164	0.01229	0.00693	0.00781	0.01187	0.01650	0.02181	0.04946	0.65541	0.09459	0.02633	0.01081	0.00342	0.00490	0.02379	0.00790	0.00693
48	0.01746	0.01715	0.02608	0.21263	0.03327	0.02265	0.04746	0.02065	0.01471	0.02124	0.01471	0.06001	0.01397	0.01338	0.02047	0.00341	0.41883	0.00859	0.00401	0.00931
49	0.12209	0.02354	0.02258	0.10943	0.02876	0.14964	0.01577	0.24455	0.05130	0.12209	0.01952	0.02051	0.01403	0.00950	0.00795	0.00255	0.01008	0.00703	0.00691	0.01217
50	0.01950	0.01637	0.01860	0.01390	0.02102	0.01410	0.01112	0.08059	0.10398	0.03123	0.01830	0.01984	0.01461	0.00739	0.00683	0.00160	0.00665	0.00591	0.00586	0.58260
51	0.02779	0.02108	0.02220	0.01721	0.02355	0.05194	0.01388	0.37297	0.05209	0.07505	0.02053	0.02269	0.01570	0.05387	0.01025	0.00264	0.00872	0.00741	0.00746	0.17297

[dist]
# distance from previous block
# <min> <max>
13	32

[block]
# block no. 2 follows, 21 sequences, length 25
# corresponding to MSA columns:
# 170-194
name=unknown_C
#
# <colnr> <probs for GDERKNQSTAVLIFYWHMCP>
#	G	D	E	R	K	N	Q	S	T	A	V	L	I	F	Y	W	H	M	C	P
0	0.08571	0.01923	0.01978	0.01601	0.02192	0.08624	0.01284	0.12769	0.11184	0.23959	0.05787	0.02574	0.02077	0.01004	0.00800	0.00243	0.00803	0.00783	0.00809	0.11033
1	0.12338	0.01620	0.01912	0.04641	0.02264	0.01614	0.01271	0.16626	0.02538	0.29687	0.04824	0.05495	0.04885	0.01116	0.00820	0.00259	0.00745	0.00888	0.00849	0.05606
2	0.02616	0.01773	0.02007	0.06188	0.02405	0.05099	0.01331	0.18644	0.05424	0.17795	0.02552	0.09791	0.02095	0.03422	0.00949	0.00263	0.00810	0.00933	0.00761	0.15141
3	0.01758	0.05065	0.09682	0.29554	0.04053	0.01907	0.09602	0.05383	0.01821	0.02462	0.01784	0.06254	0.01551	0.05120	0.01190	0.00309	0.05555	0.00871	0.00447	0.05634
4	0.07134	0.01641	0.02215	0.24608	0.07540	0.01735	0.01682	0.10021	0.02030	0.05612	0.01781	0.05229	0.01462	0.00919	0.00844	0.00239	0.03105	0.00752	0.00535	0.20915
5	0.01782	0.07456	0.41557	0.02738	0.09191	0.02003	0.12784	0.02579	0.01830	0.02631	0.01766	0.06580	0.01455	0.00912	0.00849	0.00271	0.01192	0.00818	0.00407	0.01198
6	0.08093	0.01696	0.02059	0.01603	0.02248	0.01659	0.01320	0.17244	0.06300	0.44226	0.02929	0.02624	0.01911	0.01036	0.00835	0.00263	0.00765	0.00817	0.00963	0.01409
7	0.01586	0.00793	0.00793	0.00793	0.00991	0.00793	0.00595	0.01983	0.01785	0.03173	0.02776	0.03173	0.02181	0.00991	0.00595	0.00198	0.00397	0.00793	0.74817	0.00793
8	0.10400	0.02245	0.02266	0.01812	0.02431	0.06601	0.01474	0.38044	0.11716	0.11076	0.02246	0.02191	0.01601	0.01011	0.00816	0.00259	0.00889	0.00758	0.00815	0.01350
9	0.10215	0.01073	0.01423	0.01323	0.01608	0.01026	0.03949	0.02012	0.01963	0.13135	0.19426	0.30903	0.04913	0.01846	0.00958	0.00299	0.00574	0.01636	0.00823	0.00895
10	0.01183	0.00966	0.01057	0.01016	0.01298	0.00891	0.00767	0.01685	0.08531	0.02767	0.24878	0.07110	0.40924	0.01925	0.00990	0.00282	0.00448	0.01631	0.00842	0.00810
11	0.01862	0.01570	0.01817	0.01307	0.02058	0.01234	0.01049	0.06116	0.01913	0.02945	0.01548	0.01783	0.01273	0.00656	0.00645	0.00135	0.00651	0.00522	0.00527	0.70389
12	0.01734	0.07541	0.62780	0.02380	0.03612	0.02042	0.03064	0.02688	0.01794	0.02662	0.01511	0.01776	0.01079	0.00805	0.00796	0.00265	0.01241	0.00621	0.00360	0.01250
13	0.09576	0.01921	0.01983	0.01575	0.02205	0.09513	0.01269	0.09682	0.06177	0.30141	0.02434	0.02309	0.01679	0.00932	0.00773	0.00233	0.00819	0.00714	0.00795	0.15271
14	0.01486	0.00787	0.01199	0.05277	0.01405	0.00811	0.00840	0.01175	0.01146	0.01522	0.01480	0.02567	0.01457	0.02825	0.03172	0.70572	0.00764	0.00740	0.00370	0.00405
15	0.01607	0.01513	0.02552	0.68047	0.05861	0.01891	0.02363	0.02174	0.01702	0.02174	0.01513	0.02269	0.01134	0.00851	0.00851	0.00284	0.01134	0.00756	0.00378	0.00945
16	0.01238	0.00825	0.00928	0.00928	0.00928	0.00825	0.00516	0.01238	0.01238	0.01650	0.02681	0.05569	0.03094	0.70092	0.04331	0.00825	0.00825	0.01238	0.00516	0.00516
17	0.02275	0.70604	0.04459	0.01456	0.02184	0.03367	0.01456	0.02548	0.01729	0.02002	0.01183	0.01365	0.01092	0.00728	0.00546	0.00182	0.00910	0.00455	0.00364	0.01092
18	0.01586	0.00793	0.00793	0.00793	0.00991	0.00793	0.00595	0.01983	0.01785	0.03173	0.02776	0.03173	0.02181	0.00991	0.00595	0.00198	0.00397	0.00793	0.74817	0.00793
19	0.01217	0.00907	0.01341	0.01341	0.01484	0.01049	0.01031	0.01503	0.01360	0.01956	0.02304	0.03477	0.02185	0.10203	0.62979	0.01335	0.02192	0.00931	0.00459	0.00745
20	0.01765	0.01513	0.01765	0.01260	0.02017	0.01134	0.01008	0.02143	0.01765	0.02773	0.01513	0.01765	0.01260	0.00630	0.00630	0.00126	0.00630	0.00504	0.00504	0.75295
21	0.01707	0.04402	0.65683	0.02426	0.03683	0.01976	0.03144	0.02695	0.01797	0.02695	0.01527	0.01797	0.01078	0.00809	0.00809	0.00270	0.01258	0.00629	0.00359	0.01258
22	0.01666	0.01573	0.02659	0.60595	0.12850	0.01906	0.02393	0.02226	0.01730	0.02246	0.01523	0.02250	0.01160	0.00840	0.00850	0.00280	0.01120	0.00757	0.00383	0.00993
23	0.52240	0.05985	0.01567	0.01229	0.01741	0.05115	0.01012	0.04813	0.01755	0.06603	0.06106	0.02197	0.04901	0.00951	0.00627	0.00257	0.00702	0.00642	0.00593	0.00963
24	0.01468	0.00928	0.01222	0.01115	0.01362	0.00848	0.00848	0.01863	0.02412	0.09670	0.58177	0.06007	0.07432	0.01670	0.00989	0.00267	0.00434	0.01470	0.00949	0.00868

[dist]
# distance from previous block
# <min> <max>
0	1

[block]
# block no. 3 follows, 21 sequences, length 17
# corresponding to MSA columns:
# 196-212
name=unknown_D
#
# <colnr> <probs for GDERKNQSTAVLIFYWHMCP>
#	G	D	E	R	K	N	Q	S	T	A	V	L	I	F	Y	W	H	M	C	P
0	0.01204	0.00870	0.01138	0.01071	0.01271	0.00803	0.00803	0.01606	0.02409	0.03413	0.64335	0.06357	0.08030	0.01740	0.01004	0.00268	0.00401	0.01539	0.00937	0.00803
1	0.02241	0.02089	0.01981	0.01786	0.02262	0.09672	0.01382	0.04391	0.56126	0.03387	0.03212	0.02983	0.02422	0.01122	0.00854	0.00281	0.00774	0.00914	0.00816	0.01305
2	0.01762	0.02512	0.20368	0.31066	0.09544	0.01982	0.15674	0.02472	0.01814	0.02485	0.01570	0.02133	0.01170	0.00803	0.00872	0.00278	0.01225	0.00776	0.00388	0.01106
3	0.01863	0.19555	0.46563	0.02296	0.03399	0.02313	0.07529	0.02664	0.01798	0.02537	0.01463	0.01737	0.01099	0.00782	0.00764	0.00251	0.01192	0.00619	0.00366	0.01210
4	0.01135	0.00824	0.01092	0.01271	0.01387	0.00781	0.00953	0.01363	0.01757	0.02297	0.04991	0.45857	0.10734	0.02525	0.01106	0.00354	0.00576	0.19488	0.00788	0.00722
5	0.01586	0.00793	0.00793	0.00793	0.00991	0.00793	0.00595	0.01983	0.01785	0.03173	0.02776	0.03173	0.02181	0.00991	0.00595	0.00198	0.00397	0.00793	0.74817	0.00793
6	0.01772	0.03549	0.43856	0.02462	0.03347	0.02162	0.07274	0.02521	0.01678	0.02521	0.01430	0.01853	0.01105	0.00987	0.01364	0.00299	0.19602	0.00689	0.00368	0.01160
7	0.03486	0.01705	0.02359	0.01984	0.06998	0.01605	0.04835	0.14222	0.02653	0.46556	0.02902	0.02653	0.01887	0.01007	0.00862	0.00262	0.00823	0.00841	0.00936	0.01424
8	0.01607	0.01513	0.02552	0.68047	0.05861	0.01891	0.02363	0.02174	0.01702	0.02174	0.01513	0.02269	0.01134	0.00851	0.00851	0.00284	0.01134	0.00756	0.00378	0.00945
9	0.03183	0.03928	0.02423	0.02174	0.02631	0.61777	0.01642	0.07877	0.02533	0.02334	0.01371	0.01574	0.01123	0.00888	0.00774	0.00222	0.01489	0.00565	0.00470	0.01022
10	0.01586	0.00793	0.00793	0.00793	0.00991	0.00793	0.00595	0.01983	0.01785	0.03173	0.02776	0.03173	0.02181	0.00991	0.00595	0.00198	0.00397	0.00793	0.74817	0.00793
11	0.01586	0.00793	0.00793	0.00793	0.00991	0.00793	0.00595	0.01983	0.01785	0.03173	0.02776	0.03173	0.02181	0.00991	0.00595	0.00198	0.00397	0.00793	0.74817	0.00793
12	0.01238	0.00825	0.00928	0.00928	0.00928	0.00825	0.00516	0.01238	0.01238	0.01650	0.02681	0.05569	0.03094	0.70092	0.04331	0.00825	0.00825	0.01238	0.00516	0.00516
13	0.01279	0.00914	0.00998	0.00948	0.01256	0.00777	0.00721	0.01530	0.02049	0.07948	0.15966	0.07472	0.51110	0.02001	0.00992	0.00283	0.00452	0.01678	0.00834	0.00794
14	0.01817	0.01724	0.02712	0.07704	0.03007	0.01475	0.17493	0.02303	0.01825	0.02708	0.01569	0.01952	0.01258	0.00673	0.00750	0.00183	0.00891	0.00661	0.00473	0.48823
15	0.09649	0.01421	0.01758	0.01423	0.01960	0.01354	0.01152	0.06667	0.06845	0.38703	0.16179	0.03475	0.03269	0.01182	0.00858	0.00266	0.00657	0.00969	0.00956	0.01255
16	0.03153	0.02096	0.02412	0.07847	0.02820	0.02275	0.01601	0.42632	0.06090	0.16806	0.02316	0.02281	0.01599	0.01018	0.00853	0.00261	0.00901	0.00792	0.00849	0.01398

[dist]
# distance from previous block
# <min> <max>
0	9

[block]
# block no. 4 follows, 21 sequences, length 168
# corresponding to MSA columns:
# 222-306,308-390
name=unknown_E
#
# <colnr> <probs for GDERKNQSTAVLIFYWHMCP>
#	G	D	E	R	K	N	Q	S	T	A	V	L	I	F	Y	W	H	M	C	P
0	0.02582	0.02009	0.02200	0.01683	0.02368	0.02042	0.01369	0.34020	0.10006	0.04232	0.02017	0.02074	0.01513	0.00897	0.00774	0.00213	0.00797	0.00695	0.00729	0.27777
1	0.31958	0.01877	0.09100	0.17945	0.02971	0.01789	0.01576	0.05996	0.01844	0.07016	0.05258	0.02437	0.05125	0.00966	0.00732	0.00270	0.00840	0.00730	0.00559	0.01012
2	0.01985	0.01972	0.03616	0.22804	0.26924	0.02051	0.20028	0.05256	0.01986	0.02708	0.01631	0.02207	0.01274	0.00785	0.00893	0.00272	0.01169	0.00831	0.00431	0.01176
3	0.03069	0.12311	0.02678	0.02085	0.02575	0.54625	0.01619	0.07036	0.02428	0.02282	0.01345	0.01546	0.01118	0.00867	0.00745	0.00217	0.01418	0.00550	0.00456	0.01029
4	0.72249	0.01685	0.01320	0.01163	0.01698	0.01948	0.00958	0.05646	0.01583	0.03900	0.01230	0.01417	0.00949	0.00802	0.00544	0.00263	0.00673	0.00477	0.00544	0.00949
5	0.01114	0.00866	0.01012	0.00975	0.01216	0.00764	0.00731	0.01430	0.02194	0.02903	0.38859	0.07195	0.33823	0.01930	0.01005	0.00277	0.00415	0.01657	0.00870	0.00764
6	0.01765	0.01513	0.01765	0.01260	0.02017	0.01134	0.01008	0.02143	0.01765	0.02773	0.01513	0.01765	0.01260	0.00630	0.00630	0.00126	0.00630	0.00504	0.00504	0.75295
7	0.01478	0.00739	0.01109	0.01109	0.01109	0.00739	0.00739	0.01109	0.01109	0.01478	0.01478	0.02587	0.01478	0.02956	0.03326	0.75240	0.00739	0.00739	0.00370	0.00370
8	0.01586	0.00793	0.00793	0.00793	0.00991	0.00793	0.00595	0.01983	0.01785	0.03173	0.02776	0.03173	0.02181	0.00991	0.00595	0.00198	0.00397	0.00793	0.74817	0.00793
9	0.01236	0.00831	0.00956	0.00956	0.00966	0.00840	0.00551	0.01256	0.01246	0.01671	0.02656	0.05427	0.03032	0.66018	0.08321	0.00860	0.00918	0.01217	0.00512	0.00531
10	0.01216	0.00912	0.01368	0.01368	0.01520	0.01064	0.01064	0.01520	0.01368	0.01976	0.02279	0.03343	0.02127	0.06382	0.66720	0.01368	0.02279	0.00912	0.00456	0.00760
11	0.02033	0.01682	0.01906	0.01418	0.02135	0.01471	0.01139	0.11896	0.08196	0.03263	0.01790	0.01948	0.01422	0.00744	0.00689	0.00163	0.00683	0.00591	0.00595	0.56234
12	0.01844	0.01588	0.04282	0.01419	0.02133	0.01182	0.03808	0.02238	0.01808	0.06721	0.01907	0.07550	0.01676	0.00839	0.00706	0.00166	0.00685	0.00715	0.00554	0.58179
13	0.05424	0.54382	0.09443	0.01584	0.02320	0.06758	0.01586	0.02712	0.05016	0.02228	0.01342	0.01509	0.01163	0.00769	0.00598	0.00201	0.00953	0.00503	0.00401	0.01107
14	0.01236	0.00830	0.00955	0.00955	0.00964	0.00840	0.00549	0.01255	0.01245	0.01670	0.02657	0.05433	0.03035	0.66209	0.08134	0.00858	0.00914	0.01218	0.00512	0.00531
15	0.01765	0.01513	0.01765	0.01260	0.02017	0.01134	0.01008	0.02143	0.01765	0.02773	0.01513	0.01765	0.01260	0.00630	0.00630	0.00126	0.00630	0.00504	0.00504	0.75295
16	0.03103	0.02318	0.02480	0.01931	0.02589	0.02578	0.01586	0.55191	0.10971	0.05151	0.02210	0.02176	0.01583	0.01037	0.00853	0.00259	0.00906	0.00789	0.00853	0.01435
17	0.01216	0.00912	0.01368	0.01368	0.01520	0.01064	0.01064	0.01520	0.01368	0.01976	0.02279	0.03343	0.02127	0.06382	0.66720	0.01368	0.02279	0.00912	0.00456	0.00760
18	0.02785	0.02531	0.12843	0.02100	0.05463	0.02302	0.01830	0.39939	0.07103	0.06979	0.02052	0.02145	0.01485	0.01096	0.00987	0.04573	0.00956	0.00758	0.00733	0.01343
19	0.01062	0.00760	0.01010	0.01168	0.01240	0.00708	0.00792	0.01247	0.01745	0.02356	0.13510	0.60194	0.05984	0.02529	0.01074	0.00334	0.00480	0.02289	0.00812	0.00708
20	0.01862	0.05175	0.04501	0.01281	0.01659	0.01112	0.01080	0.02267	0.02320	0.16577	0.41039	0.05312	0.05845	0.01528	0.00947	0.00269	0.00563	0.04793	0.00893	0.00978
21	0.03210	0.02160	0.02383	0.01856	0.02510	0.02340	0.01524	0.45497	0.10394	0.15533	0.02430	0.02318	0.01691	0.01042	0.00854	0.00261	0.00870	0.00804	0.00888	0.01436
22	0.01271	0.01059	0.01128	0.01176	0.01388	0.04270	0.00875	0.03721	0.01982	0.02487	0.11176	0.28324	0.27530	0.02202	0.01032	0.00312	0.00564	0.07952	0.00786	0.00765
23	0.02802	0.03352	0.05044	0.02562	0.10037	0.41949	0.05853	0.08834	0.02460	0.02633	0.05297	0.02007	0.01595	0.00916	0.00816	0.00236	0.01328	0.00689	0.00504	0.01084
24	0.02173	0.42914	0.16067	0.01940	0.05801	0.02720	0.04991	0.02630	0.01800	0.04976	0.01415	0.01629	0.01168	0.00752	0.00656	0.00208	0.00984	0.00554	0.00409	0.06212
25	0.02117	0.01828	0.01924	0.01732	0.02213	0.02117	0.01347	0.04522	0.63246	0.03560	0.03464	0.03175	0.02598	0.01155	0.00866	0.00289	0.00673	0.00962	0.00866	0.01347
26	0.02261	0.06719	0.23060	0.02036	0.02870	0.02105	0.05578	0.24052	0.02589	0.03590	0.01985	0.07869	0.01647	0.01021	0.00826	0.00252	0.00998	0.00836	0.00596	0.09109
27	0.01344	0.01055	0.01445	0.01485	0.01686	0.01064	0.04239	0.01941	0.11315	0.02559	0.06793	0.38532	0.04853	0.02214	0.01066	0.00342	0.00638	0.15799	0.00787	0.00844
28	0.76103	0.01646	0.01251	0.01119	0.01646	0.01909	0.00922	0.02502	0.01448	0.03818	0.01185	0.01382	0.00922	0.00790	0.00527	0.00263	0.00658	0.00461	0.00527	0.00922
29	0.01751	0.01836	0.06489	0.02606	0.06762	0.01677	0.27728	0.05988	0.01944	0.02676	0.04996	0.10817	0.02351	0.05940	0.11943	0.00496	0.01313	0.01145	0.00527	0.01015
30	0.01967	0.01777	0.02686	0.07033	0.37171	0.01840	0.02013	0.05741	0.11917	0.03048	0.09508	0.03156	0.06338	0.01041	0.00876	0.00264	0.00853	0.00947	0.00595	0.01230
31	0.61257	0.01605	0.01400	0.01200	0.01754	0.01774	0.00989	0.02840	0.01651	0.16461	0.01631	0.01693	0.01165	0.00844	0.00594	0.00263	0.00672	0.00542	0.00635	0.01030
32	0.01987	0.01824	0.02593	0.02795	0.19037	0.01941	0.08713	0.03449	0.32696	0.03185	0.07151	0.03238	0.05368	0.01084	0.00892	0.00277	0.00823	0.00991	0.00697	0.01257
33	0.01037	0.00741	0.00987	0.01185	0.01234	0.00691	0.00790	0.01185	0.01629	0.02172	0.04690	0.69537	0.05629	0.02666	0.01086	0.00346	0.00494	0.02419	0.00790	0.00691
34	0.01345	0.01094	0.01651	0.01727	0.08951	0.01027	0.05156	0.01755	0.02255	0.03159	0.46190	0.09525	0.09537	0.01632	0.00990	0.00273	0.00551	0.01478	0.00825	0.00879
35	0.01877	0.01788	0.03041	0.34043	0.37754	0.01962	0.02498	0.02411	0.01829	0.02502	0.01560	0.02181	0.01250	0.00801	0.00846	0.00267	0.01068	0.00757	0.00401	0.01163
36	0.05457	0.13829	0.18237	0.05557	0.05207	0.06105	0.05998	0.06386	0.11785	0.06605	0.02069	0.05543	0.01661	0.00970	0.00796	0.00259	0.01005	0.00792	0.00553	0.01186
37	0.04811	0.01697	0.09628	0.01986	0.06041	0.01413	0.11476	0.02053	0.02123	0.03099	0.35522	0.04354	0.04889	0.01340	0.01072	0.00277	0.05367	0.01193	0.00696	0.00961
38	0.02107	0.02013	0.03387	0.05069	0.62016	0.02026	0.02556	0.02696	0.04650	0.02815	0.01683	0.02154	0.01403	0.00776	0.00844	0.00254	0.00996	0.00767	0.00441	0.01348
39	0.05530	0.01820	0.01893	0.01704	0.02187	0.02107	0.01327	0.04429	0.60395	0.03572	0.03359	0.03092	0.02520	0.01138	0.00850	0.00287	0.00673	0.00939	0.00850	0.01327
40	0.01216	0.00912	0.01368	0.01368	0.01520	0.01064	0.01064	0.01520	0.01368	0.01976	0.02279	0.03343	0.02127	0.06382	0.66720	0.01368	0.02279	0.00912	0.00456	0.00760
41	0.01216	0.00912	0.01368	0.01368	0.01520	0.01064	0.01064	0.01520	0.01368	0.01976	0.02279	0.03343	0.02127	0.06382	0.66720	0.01368	0.02279	0.00912	0.00456	0.00760
42	0.01765	0.01513	0.01765	0.01260	0.02017	0.01134	0.01008	0.02143	0.01765	0.02773	0.01513	0.01765	0.01260	0.00630	0.00630	0.00126	0.00630	0.00504	0.00504	0.75295
43	0.26227	0.01847	0.02030	0.02259	0.15405	0.08380	0.01493	0.02918	0.01951	0.17903	0.02216	0.02933	0.01806	0.01049	0.00778	0.00272	0.00856	0.07898	0.00652	0.01128
44	0.02275	0.70604	0.04459	0.01456	0.02184	0.03367	0.01456	0.02548	0.01729	0.02002	0.01183	0.01365	0.01092	0.00728	0.00546	0.00182	0.00910	0.00455	0.00364	0.01092
45	0.01028	0.00863	0.00893	0.00885	0.01163	0.00728	0.00664	0.01264	0.01992	0.02422	0.14772	0.07988	0.58210	0.02109	0.01006	0.00285	0.00428	0.01768	0.00806	0.00728
46	0.01326	0.06060	0.19684	0.01582	0.02027	0.01241	0.01542	0.01738	0.01706	0.02337	0.03562	0.41970	0.04004	0.01997	0.00980	0.00317	0.00757	0.05648	0.00641	0.00884
47	0.02194	0.01756	0.01901	0.06172	0.02374	0.04323	0.01357	0.03973	0.44461	0.09575	0.07323	0.03413	0.05035	0.01188	0.00874	0.00282	0.00716	0.00990	0.00837	0.01258
48	0.01074	0.00778	0.01015	0.01140	0.01238	0.00719	0.00785	0.01285	0.01828	0.02468	0.18775	0.51329	0.09569	0.02422	0.01062	0.00324	0.00469	0.02179	0.00824	0.00719
49	0.04782	0.03150	0.31924	0.07030	0.03988	0.02066	0.26567	0.02639	0.01841	0.02691	0.01574	0.02014	0.01163	0.00803	0.00964	0.00282	0.04173	0.00787	0.00396	0.01166
50	0.01118	0.00802	0.01067	0.01180	0.01290	0.00751	0.00842	0.01368	0.01907	0.02602	0.23874	0.44272	0.06341	0.02342	0.01067	0.00324	0.00488	0.06793	0.00837	0.00735
51	0.01921	0.29314	0.42644	0.02061	0.03119	0.02500	0.02509	0.02640	0.01771	0.02434	0.01398	0.01634	0.01083	0.00778	0.00710	0.00237	0.01127	0.00563	0.00361	0.01195
52	0.01177	0.00906	0.01084	0.01065	0.01294	0.00836	0.00801	0.01592	0.05018	0.02930	0.36498	0.12018	0.25371	0.01945	0.01012	0.00286	0.00447	0.04058	0.00869	0.00792
53	0.01361	0.01123	0.01698	0.28024	0.03134	0.01289	0.01476	0.01694	0.01644	0.02199	0.03024	0.28638	0.03255	0.06387	0.01273	0.00351	0.03837	0.04930	0.03862	0.00802
54	0.01547	0.01526	0.06260	0.01756	0.01975	0.01640	0.04214	0.04058	0.01493	0.02169	0.01916	0.02994	0.01825	0.11876	0.31180	0.00855	0.20530	0.00884	0.00447	0.00856
55	0.01707	0.04402	0.65683	0.02426	0.03683	0.01976	0.03144	0.02695	0.01797	0.02695	0.01527	0.01797	0.01078	0.00809	0.00809	0.00270	0.01258	0.00629	0.00359	0.01258
56	0.02279	0.02078	0.05916	0.01812	0.02374	0.02196	0.01502	0.14040	0.49567	0.03810	0.03107	0.02901	0.02312	0.01111	0.00860	0.00282	0.00753	0.00909	0.00833	0.01358
57	0.02417	0.55625	0.06645	0.01632	0.02329	0.14925	0.01561	0.02710	0.01857	0.02046	0.01222	0.01414	0.01092	0.00759	0.00598	0.00193	0.01039	0.00479	0.00377	0.01080
58	0.02514	0.02059	0.02341	0.02044	0.04987	0.02394	0.01586	0.26529	0.27809	0.03997	0.02463	0.02482	0.01864	0.01138	0.01161	0.00287	0.11416	0.00843	0.00764	0.01321
59	0.01607	0.01513	0.02552	0.68047	0.05861	0.01891	0.02363	0.02174	0.01702	0.02174	0.01513	0.02269	0.01134	0.00851	0.00851	0.00284	0.01134	0.00756	0.00378	0.00945
60	0.01037	0.00741	0.00987	0.01185	0.01234	0.00691	0.00790	0.01185	0.01629	0.02172	0.04690	0.69537	0.05629	0.02666	0.01086	0.00346	0.00494	0.02419	0.00790	0.00691
61	0.01672	0.01602	0.02566	0.51251	0.04936	0.02073	0.02235	0.02142	0.01600	0.02142	0.01412	0.02165	0.01130	0.01014	0.01346	0.00306	0.18336	0.00753	0.00377	0.00942
62	0.01194	0.00869	0.01123	0.01060	0.01265	0.00799	0.00795	0.01586	0.02384	0.03354	0.61418	0.06453	0.10983	0.01762	0.01004	0.00269	0.00403	0.01552	0.00929	0.00799
63	0.01810	0.01720	0.02919	0.42484	0.29837	0.01944	0.02464	0.02352	0.01798	0.02421	0.01548	0.02203	0.01221	0.00813	0.00847	0.00271	0.01084	0.00757	0.00396	0.01109
64	0.01043	0.00868	0.00914	0.00917	0.01191	0.00739	0.00697	0.01287	0.01989	0.02426	0.14208	0.08066	0.55807	0.02121	0.01013	0.00290	0.00444	0.04442	0.00805	0.00730
65	0.02135	0.01814	0.01922	0.01714	0.02193	0.02085	0.01337	0.07429	0.57384	0.03649	0.06118	0.03258	0.02780	0.01174	0.00871	0.00286	0.00675	0.00978	0.00868	0.01328
66	0.02275	0.70604	0.04459	0.01456	0.02184	0.03367	0.01456	0.02548	0.01729	0.02002	0.01183	0.01365	0.01092	0.00728	0.00546	0.00182	0.00910	0.00455	0.00364	0.01092
67	0.01905	0.01508	0.01779	0.01278	0.02027	0.01142	0.01025	0.02279	0.01810	0.07039	0.01638	0.01842	0.01318	0.00659	0.00646	0.00135	0.00637	0.00528	0.00542	0.70262
68	0.03322	0.02101	0.02362	0.01826	0.02489	0.02238	0.01504	0.43088	0.07196	0.21199	0.02479	0.02339	0.01693	0.01038	0.00853	0.00260	0.00864	0.00802	0.00906	0.01441
69	0.02785	0.02751	0.09223	0.02439	0.09219	0.15156	0.05675	0.27584	0.02878	0.06971	0.01860	0.02058	0.01392	0.01234	0.04627	0.00316	0.01195	0.00736	0.00634	0.01266
70	0.02513	0.05655	0.02798	0.06120	0.06651	0.02166	0.08493	0.30005	0.02835	0.03893	0.01771	0.01985	0.01340	0.00848	0.00798	0.00225	0.00933	0.00711	0.00637	0.19623
71	0.01607	0.01513	0.02552	0.68047	0.05861	0.01891	0.02363	0.02174	0.01702	0.02174	0.01513	0.02269	0.01134	0.00851	0.00851	0.00284	0.01134	0.00756	0.00378	0.00945
72	0.01230	0.00857	0.01090	0.01090	0.01146	0.00913	0.00717	0.01341	0.01285	0.01770	0.02533	0.04750	0.02738	0.46644	0.27293	0.01025	0.01360	0.01118	0.00494	0.00606
73	0.01707	0.04402	0.65683	0.02426	0.03683	0.01976	0.03144	0.02695	0.01797	0.02695	0.01527	0.01797	0.01078	0.00809	0.00809	0.00270	0.01258	0.00629	0.00359	0.01258
74	0.01204	0.00870	0.01138	0.01071	0.01271	0.00803	0.00803	0.01606	0.02409	0.03413	0.64335	0.06357	0.08030	0.01740	0.01004	0.00268	0.00401	0.01539	0.00937	0.00803
75	0.01765	0.01513	0.01765	0.01260	0.02017	0.01134	0.01008	0.02143	0.01765	0.02773	0.01513	0.01765	0.01260	0.00630	0.00630	0.00126	0.00630	0.00504	0.00504	0.75295
76	0.01007	0.00857	0.00867	0.00874	0.01153	0.00717	0.00652	0.01220	0.01928	0.02294	0.08472	0.10520	0.62204	0.02175	0.01009	0.00290	0.00433	0.01820	0.00790	0.00717
77	0.02899	0.17989	0.07200	0.01801	0.02533	0.02558	0.01621	0.36041	0.03079	0.10032	0.01913	0.01940	0.01395	0.00925	0.00769	0.00234	0.00918	0.00682	0.00710	0.04761
78	0.01204	0.00870	0.01138	0.01071	0.01271	0.00803	0.00803	0.01606	0.02409	0.03413	0.64335	0.06357	0.08030	0.01740	0.01004	0.00268	0.00401	0.01539	0.00937	0.00803
79	0.01765	0.01513	0.01765	0.01260	0.02017	0.01134	0.01008	0.02143	0.01765	0.02773	0.01513	0.01765	0.01260	0.00630	0.00630	0.00126	0.00630	0.00504	0.00504	0.75295
80	0.02331	0.02061	0.01912	0.01785	0.04733	0.15740	0.01318	0.07298	0.21714	0.08355	0.16698	0.03400	0.03323	0.01186	0.00861	0.00259	0.00822	0.00966	0.04101	0.01135
81	0.02693	0.01223	0.01635	0.01328	0.01810	0.01069	0.01063	0.03053	0.02394	0.38042	0.27293	0.04207	0.04401	0.01304	0.00904	0.00259	0.00593	0.01109	0.00982	0.04641
82	0.02272	0.02008	0.06235	0.02161	0.08815	0.02078	0.01629	0.06674	0.41227	0.08721	0.02929	0.02820	0.02185	0.01097	0.00976	0.00285	0.04898	0.00888	0.00773	0.01329
83	0.02025	0.02840	0.22266	0.04160	0.40303	0.04706	0.06130	0.02676	0.01919	0.02722	0.01574	0.02000	0.01253	0.00776	0.00838	0.00258	0.01132	0.00725	0.00404	0.01294
84	0.02010	0.01924	0.03280	0.17351	0.53409	0.01997	0.02564	0.02527	0.01892	0.02663	0.01584	0.02138	0.01307	0.00776	0.00844	0.00259	0.01035	0.00758	0.00413	0.01270
85	0.03747	0.01464	0.01973	0.01523	0.02174	0.01287	0.01255	0.04163	0.04966	0.62801	0.03362	0.02908	0.02127	0.01058	0.00856	0.00264	0.00722	0.00860	0.01045	0.01444
86	0.02182	0.05629	0.28723	0.02250	0.05533	0.02072	0.06267	0.18378	0.02396	0.03399	0.01665	0.01887	0.01234	0.00823	0.00793	0.00238	0.01051	0.00668	0.00523	0.14289
87	0.03025	0.06542	0.02547	0.04472	0.02703	0.30310	0.01630	0.27438	0.07149	0.03530	0.01761	0.01874	0.01344	0.00947	0.00800	0.00239	0.01183	0.00669	0.00631	0.01204
88	0.01765	0.01513	0.01765	0.01260	0.02017	0.01134	0.01008	0.02143	0.01765	0.02773	0.01513	0.01765	0.01260	0.00630	0.00630	0.00126	0.00630	0.00504	0.00504	0.75295
89	0.05408	0.13930	0.18939	0.01885	0.04779	0.01824	0.04236	0.05978	0.01931	0.08641	0.02573	0.21184	0.02512	0.01355	0.00846	0.00275	0.00880	0.01153	0.00592	0.01081
90	0.01216	0.00912	0.01368	0.01368	0.01520	0.01064	0.01064	0.01520	0.01368	0.01976	0.02279	0.03343	0.02127	0.06382	0.66720	0.01368	0.02279	0.00912	0.00456	0.00760
91	0.01789	0.01439	0.01573	0.01420	0.01799	0.01541	0.01096	0.11167	0.25800	0.03420	0.16087	0.10507	0.15700	0.01576	0.00937	0.00285	0.00596	0.01336	0.00856	0.01077
92	0.01177	0.00860	0.01105	0.01062	0.01259	0.00789	0.00790	0.01547	0.02318	0.03240	0.55842	0.10808	0.12349	0.01836	0.01009	0.00275	0.00410	0.01619	0.00915	0.00789
93	0.01742	0.08437	0.61952	0.02366	0.03592	0.02061	0.03041	0.02686	0.01793	0.02653	0.01506	0.01770	0.01079	0.00804	0.00793	0.00264	0.01237	0.00618	0.00360	0.01248
94	0.01120	0.00792	0.00946	0.01034	0.01091	0.00753	0.00653	0.01212	0.01498	0.01962	0.04311	0.34219	0.11858	0.31774	0.02480	0.00546	0.00629	0.01830	0.00671	0.00619
95	0.02991	0.02237	0.02390	0.01869	0.02507	0.02472	0.01532	0.52699	0.09598	0.05002	0.02581	0.02527	0.05398	0.01104	0.00862	0.00261	0.00880	0.00848	0.00849	0.01393
96	0.02131	0.02233	0.06667	0.04947	0.58929	0.04783	0.02598	0.02650	0.01951	0.02746	0.01585	0.02066	0.01323	0.00766	0.00838	0.00252	0.01046	0.00742	0.00419	0.01328
97	0.02021	0.06576	0.22086	0.03163	0.10484	0.06029	0.29249	0.02804	0.04268	0.02678	0.01665	0.02069	0.01263	0.00775	0.00886	0.00269	0.01287	0.00811	0.00422	0.01196
98	0.01765	0.01513	0.01765	0.01260	0.02017	0.01134	0.01008	0.02143	0.01765	0.02773	0.01513	0.01765	0.01260	0.00630	0.00630	0.00126	0.00630	0.00504	0.00504	0.75295
99	0.01238	0.00825	0.00928	0.00928	0.00928	0.00825	0.00516	0.01238	0.01238	0.01650	0.02681	0.05569	0.03094	0.70092	0.04331	0.00825	0.00825	0.01238	0.00516	0.00516
100	0.76103	0.01646	0.01251	0.01119	0.01646	0.01909	0.00922	0.02502	0.01448	0.03818	0.01185	0.01382	0.00922	0.00790	0.00527	0.00263	0.00658	0.00461	0.00527	0.00922
101	0.01061	0.00780	0.00998	0.01147	0.01251	0.00718	0.00799	0.01249	0.01747	0.02296	0.09348	0.52743	0.14774	0.02508	0.01073	0.00334	0.00493	0.05174	0.00800	0.00708
102	0.01225	0.01019	0.01188	0.01259	0.05103	0.00944	0.00870	0.01703	0.07495	0.02746	0.23056	0.06876	0.39667	0.01868	0.00983	0.00280	0.00479	0.01589	0.00815	0.00835
103	0.01204	0.00870	0.01138	0.01071	0.01271	0.00803	0.00803	0.01606	0.02409	0.03413	0.64335	0.06357	0.08030	0.01740	0.01004	0.00268	0.00401	0.01539	0.00937	0.00803
104	0.02073	0.01934	0.03193	0.18922	0.47492	0.02035	0.02489	0.06558	0.02026	0.02822	0.01611	0.02138	0.01307	0.00797	0.00845	0.00260	0.01033	0.00758	0.00441	0.01266
105	0.01607	0.01513	0.02552	0.68047	0.05861	0.01891	0.02363	0.02174	0.01702	0.02174	0.01513	0.02269	0.01134	0.00851	0.00851	0.00284	0.01134	0.00756	0.00378	0.00945
106	0.01940	0.01755	0.02502	0.23545	0.19989	0.01973	0.01981	0.05075	0.22666	0.02918	0.02542	0.02798	0.04618	0.00995	0.00861	0.00276	0.00907	0.00875	0.00590	0.01195
107	0.03013	0.02270	0.03060	0.02286	0.03006	0.02389	0.15316	0.42637	0.03389	0.10751	0.02101	0.02186	0.01477	0.00955	0.00887	0.00263	0.01029	0.00830	0.00775	0.01379
108	0.02286	0.02089	0.02008	0.01792	0.02279	0.08841	0.01392	0.07443	0.53802	0.03502	0.03166	0.02945	0.02381	0.01119	0.00855	0.00280	0.00777	0.00909	0.00821	0.01315
109	0.67880	0.01676	0.01396	0.05186	0.01950	0.01945	0.01044	0.05537	0.01595	0.03799	0.01249	0.01470	0.00961	0.00806	0.00563	0.00264	0.00701	0.00494	0.00534	0.00950
110	0.03224	0.01535	0.01927	0.01559	0.02148	0.01483	0.01261	0.04154	0.19961	0.45098	0.05809	0.03114	0.02483	0.01110	0.00865	0.00271	0.00697	0.00914	0.00995	0.01393
111	0.01190	0.00859	0.01125	0.01080	0.01268	0.00794	0.00802	0.01571	0.02344	0.03309	0.59336	0.11652	0.07828	0.01817	0.01011	0.00274	0.00409	0.01613	0.00924	0.00794
112	0.01035	0.00748	0.00980	0.01166	0.01229	0.00693	0.00782	0.01187	0.01647	0.02180	0.04916	0.66009	0.09011	0.02637	0.01082	0.00342	0.00490	0.02383	0.00790	0.00693
113	0.01051	0.00768	0.00989	0.01135	0.01228	0.00706	0.00774	0.01234	0.01748	0.02318	0.11432	0.55669	0.12799	0.02509	0.01068	0.00331	0.00477	0.02253	0.00805	0.00706
114	0.03125	0.08057	0.02535	0.02148	0.02604	0.62869	0.01633	0.03347	0.02371	0.02078	0.01307	0.01524	0.01096	0.00868	0.00754	0.00217	0.01497	0.00543	0.00434	0.00993
115	0.02117	0.01828	0.01924	0.01732	0.02213	0.02117	0.01347	0.04522	0.63246	0.03560	0.03464	0.03175	0.02598	0.01155	0.00866	0.00289	0.00673	0.00962	0.00866	0.01347
116	0.02381	0.01959	0.02073	0.01785	0.02313	0.02240	0.01411	0.18068	0.49271	0.03985	0.03129	0.02908	0.02326	0.01123	0.00862	0.00281	0.00736	0.00916	0.00862	0.01371
117	0.01209	0.00990	0.03317	0.01104	0.01346	0.00838	0.00873	0.01620	0.02359	0.03320	0.58802	0.06313	0.11231	0.01733	0.00997	0.00269	0.00432	0.01524	0.00908	0.00813
118	0.03818	0.01448	0.01975	0.01514	0.02172	0.01251	0.01251	0.04147	0.02436	0.65373	0.03357	0.02897	0.02107	0.01053	0.00856	0.00263	0.00724	0.00856	0.01053	0.01448
119	0.01765	0.01513	0.01765	0.01260	0.02017	0.01134	0.01008	0.02143	0.01765	0.02773	0.01513	0.01765	0.01260	0.00630	0.00630	0.00126	0.00630	0.00504	0.00504	0.75295
120	0.01046	0.00748	0.00996	0.01178	0.01236	0.00698	0.00791	0.01209	0.01674	0.02244	0.08121	0.65903	0.05767	0.02613	0.01081	0.00341	0.00488	0.02369	0.00798	0.00698
121	0.01199	0.00809	0.00940	0.00978	0.00988	0.00799	0.00569	0.01227	0.01314	0.01751	0.03071	0.17980	0.03586	0.57010	0.03702	0.00732	0.00761	0.01467	0.00569	0.00550
122	0.01218	0.00904	0.01328	0.01328	0.01466	0.01042	0.01014	0.01494	0.01356	0.01946	0.02316	0.03545	0.02215	0.12167	0.61055	0.01318	0.02147	0.00941	0.00461	0.00738
123	0.03414	0.01428	0.01856	0.01470	0.02064	0.01304	0.01199	0.03982	0.09207	0.52478	0.03314	0.02954	0.02169	0.01059	0.00832	0.00260	0.00687	0.00862	0.08086	0.01374
