[name]
unknown

[dist]
# distance from previous block
# <min> <max>
1	39

[block]
# block no. 0 follows, 26 sequences, length 13
# corresponding to MSA columns:
# 40-52
name=unknown_A
#
# <colnr> <probs for GDERKNQSTAVLIFYWHMCP>
#	G	D	E	R	K	N	Q	S	T	A	V	L	I	F	Y	W	H	M	C	P
0	0.18812	0.21141	0.13335	0.01328	0.01903	0.01842	0.01309	0.06003	0.01791	0.06668	0.16418	0.02404	0.02405	0.00909	0.00646	0.00217	0.00703	0.00688	0.00533	0.00944
1	0.02495	0.02238	0.05986	0.01632	0.02138	0.17225	0.01362	0.30149	0.02734	0.09472	0.14328	0.02503	0.02364	0.00994	0.00766	0.00224	0.00865	0.00769	0.00680	0.01078
2	0.37925	0.01309	0.01415	0.14222	0.05993	0.01497	0.01088	0.02033	0.05170	0.02629	0.01551	0.02351	0.01403	0.17120	0.01322	0.00352	0.00718	0.00657	0.00455	0.00788
3	0.02405	0.02879	0.01869	0.01742	0.02064	0.51429	0.01293	0.05505	0.02058	0.02010	0.01881	0.17516	0.01903	0.01147	0.00752	0.00222	0.01134	0.00874	0.00479	0.00839
4	0.01636	0.19689	0.54649	0.01967	0.02981	0.02041	0.02463	0.02373	0.01588	0.02263	0.01292	0.01515	0.00964	0.00704	0.00668	0.00223	0.01051	0.00526	0.00321	0.01088
5	0.02517	0.03104	0.02178	0.17650	0.02995	0.54817	0.01610	0.02783	0.02007	0.01875	0.01212	0.01516	0.00985	0.00776	0.00701	0.00208	0.01287	0.00530	0.00379	0.00871
6	0.01859	0.01609	0.02406	0.45999	0.09070	0.01877	0.04025	0.18893	0.02081	0.02743	0.01485	0.01959	0.01103	0.00789	0.00762	0.00244	0.00965	0.00684	0.00453	0.00993
7	0.01807	0.18221	0.06157	0.07321	0.05549	0.02159	0.39634	0.02326	0.01675	0.02221	0.01377	0.01818	0.01089	0.00689	0.00865	0.00237	0.04754	0.00740	0.00362	0.00999
8	0.01763	0.02266	0.18075	0.08337	0.45989	0.01792	0.06134	0.02325	0.01689	0.02423	0.01413	0.01834	0.01132	0.00689	0.00753	0.00232	0.00980	0.00663	0.00361	0.01150
9	0.25569	0.02066	0.01810	0.05092	0.02167	0.14002	0.01252	0.22148	0.13034	0.03438	0.01660	0.01740	0.01248	0.00837	0.00660	0.00230	0.00824	0.00595	0.00587	0.01038
10	0.05446	0.01191	0.01518	0.01505	0.06759	0.01235	0.03170	0.02386	0.20525	0.05530	0.33923	0.06653	0.04510	0.01269	0.00825	0.00246	0.00526	0.01113	0.00747	0.00925
11	0.01770	0.01523	0.02224	0.50620	0.04325	0.01786	0.01868	0.16408	0.01983	0.02618	0.01455	0.01944	0.01082	0.00778	0.00744	0.00237	0.00938	0.00660	0.00440	0.06595
12	0.40736	0.01470	0.01843	0.24615	0.04972	0.01681	0.06074	0.02237	0.01467	0.06684	0.01313	0.01652	0.00982	0.00730	0.00622	0.00242	0.00791	0.00562	0.00444	0.00882

[dist]
# distance from previous block
# <min> <max>
6	7

[block]
# block no. 1 follows, 26 sequences, length 9
# corresponding to MSA columns:
# 60-68
name=unknown_B
#
# <colnr> <probs for GDERKNQSTAVLIFYWHMCP>
#	G	D	E	R	K	N	Q	S	T	A	V	L	I	F	Y	W	H	M	C	P
0	0.02283	0.01740	0.01893	0.01548	0.02032	0.01903	0.01240	0.38491	0.17362	0.03930	0.07799	0.08728	0.02332	0.01108	0.00784	0.00238	0.00697	0.00902	0.00751	0.04242
1	0.01603	0.03412	0.54334	0.02024	0.02991	0.01789	0.02446	0.02765	0.16222	0.02574	0.01746	0.01875	0.01263	0.00789	0.00732	0.00244	0.01005	0.00627	0.00421	0.01139
2	0.02553	0.03110	0.02021	0.01769	0.02223	0.54865	0.01339	0.02780	0.02021	0.01993	0.01212	0.01414	0.01010	0.00733	0.00657	0.00177	0.01188	0.00480	0.00404	0.18052
3	0.07408	0.07117	0.08029	0.02013	0.16637	0.01395	0.01411	0.02389	0.01903	0.18820	0.21577	0.03052	0.03068	0.01003	0.00753	0.00229	0.00668	0.00854	0.00646	0.01027
4	0.02045	0.02204	0.13457	0.03435	0.39680	0.01923	0.02144	0.16635	0.05757	0.03017	0.01596	0.01873	0.01244	0.00755	0.00749	0.00230	0.00905	0.00669	0.00474	0.01208
5	0.02107	0.01724	0.02330	0.29539	0.03494	0.01999	0.04973	0.30298	0.02414	0.03246	0.01586	0.01940	0.01177	0.00865	0.00879	0.00244	0.05926	0.00690	0.03526	0.01043
6	0.01784	0.01697	0.02802	0.15565	0.45971	0.01756	0.04659	0.02398	0.07565	0.02446	0.01563	0.01979	0.01263	0.00715	0.00751	0.00229	0.00891	0.00690	0.00408	0.04869
7	0.19220	0.01770	0.02050	0.07562	0.10510	0.04164	0.01467	0.22530	0.02105	0.03219	0.01523	0.05295	0.01282	0.00965	0.00995	0.00252	0.12867	0.00686	0.00526	0.01013
8	0.02431	0.01632	0.02400	0.01794	0.02426	0.01539	0.15549	0.12550	0.08830	0.23943	0.02159	0.02163	0.01515	0.00799	0.00751	0.00215	0.00793	0.00725	0.00669	0.17117

[dist]
# distance from previous block
# <min> <max>
12	20

[block]
# block no. 2 follows, 26 sequences, length 63
# corresponding to MSA columns:
# 90-152
name=unknown_C
#
# <colnr> <probs for GDERKNQSTAVLIFYWHMCP>
#	G	D	E	R	K	N	Q	S	T	A	V	L	I	F	Y	W	H	M	C	P
0	0.01818	0.32895	0.07250	0.01781	0.02178	0.02555	0.05731	0.02092	0.01393	0.01882	0.01078	0.01490	0.00994	0.00954	0.01416	0.00248	0.32430	0.00561	0.00331	0.00922
1	0.05631	0.00892	0.01090	0.01009	0.01253	0.00848	0.00777	0.01731	0.04663	0.08131	0.48738	0.05317	0.11904	0.01488	0.00861	0.00244	0.00417	0.03425	0.00803	0.00778
2	0.01521	0.03923	0.69413	0.02162	0.03283	0.01762	0.02802	0.02402	0.01601	0.02402	0.01361	0.01601	0.00961	0.00721	0.00721	0.00240	0.01121	0.00560	0.00320	0.01121
3	0.03332	0.01336	0.01780	0.01372	0.01954	0.01190	0.01131	0.06215	0.04379	0.64369	0.02948	0.02559	0.01868	0.00941	0.00763	0.00235	0.00652	0.00763	0.00926	0.01288
4	0.01069	0.00770	0.01003	0.00953	0.01121	0.00713	0.00706	0.01407	0.02087	0.02949	0.63712	0.07968	0.06930	0.04068	0.01000	0.00258	0.00374	0.01390	0.00817	0.00703
5	0.01887	0.01629	0.01715	0.01544	0.01972	0.01887	0.01201	0.04031	0.67241	0.03173	0.03087	0.02830	0.02315	0.01029	0.00772	0.00257	0.00600	0.00858	0.00772	0.01201
6	0.00924	0.00660	0.00880	0.01056	0.01100	0.00616	0.00704	0.01056	0.01452	0.01936	0.04181	0.72848	0.05017	0.02376	0.00968	0.00308	0.00440	0.02156	0.00704	0.00616
7	0.01103	0.00735	0.00827	0.00827	0.00827	0.00735	0.00460	0.01103	0.01103	0.01471	0.02390	0.04964	0.02758	0.73343	0.03861	0.00735	0.00735	0.01103	0.00460	0.00460
8	0.01583	0.09252	0.59011	0.02178	0.03233	0.01872	0.07801	0.02394	0.01612	0.02356	0.01351	0.01607	0.00977	0.00708	0.00716	0.00235	0.01109	0.00575	0.00326	0.01101
9	0.01256	0.00816	0.01072	0.00985	0.01196	0.00747	0.00747	0.01609	0.02149	0.08226	0.63096	0.05424	0.06743	0.01503	0.00884	0.00238	0.00380	0.01324	0.00843	0.00761
10	0.01007	0.00773	0.00925	0.00912	0.01114	0.00691	0.00689	0.01291	0.01934	0.02571	0.38726	0.09427	0.30315	0.01759	0.00907	0.00254	0.00390	0.04862	0.00772	0.00681
11	0.02164	0.01767	0.01871	0.01600	0.02078	0.02016	0.01268	0.21276	0.49545	0.03620	0.02735	0.02550	0.02030	0.00996	0.00768	0.00249	0.00665	0.00809	0.00768	0.01225
12	0.01222	0.00873	0.01222	0.01397	0.01572	0.00873	0.01222	0.01572	0.01746	0.02270	0.04016	0.08556	0.04365	0.02095	0.01048	0.00349	0.00698	0.63506	0.00698	0.00698
13	0.78701	0.01467	0.01115	0.00997	0.01467	0.01702	0.00821	0.02230	0.01291	0.03403	0.01056	0.01232	0.00821	0.00704	0.00469	0.00235	0.00587	0.00411	0.00469	0.00821
14	0.01555	0.01462	0.02421	0.49256	0.20827	0.01662	0.02067	0.02033	0.01574	0.02115	0.01368	0.01951	0.01068	0.00722	0.00741	0.00235	0.00948	0.00657	0.00355	0.06983
15	0.05684	0.05699	0.02293	0.01687	0.02282	0.04767	0.01399	0.55732	0.03273	0.07060	0.01778	0.01783	0.01269	0.00886	0.00732	0.00224	0.00836	0.00655	0.00720	0.01242
16	0.03403	0.01291	0.01760	0.01350	0.01936	0.01115	0.01115	0.03697	0.02171	0.69137	0.02992	0.02582	0.01878	0.00939	0.00763	0.00235	0.00645	0.00763	0.00939	0.01291
17	0.01177	0.00855	0.01159	0.01299	0.01483	0.00837	0.01119	0.01510	0.01771	0.02298	0.08721	0.08227	0.11439	0.02040	0.01021	0.00332	0.00642	0.52668	0.00708	0.00693
18	0.01757	0.02047	0.06615	0.08600	0.07664	0.01888	0.54973	0.02384	0.01758	0.02393	0.01507	0.02018	0.01136	0.00654	0.00870	0.00253	0.01231	0.00853	0.00377	0.01022
19	0.02614	0.01179	0.01557	0.01276	0.01731	0.01074	0.01037	0.04913	0.05067	0.43927	0.19082	0.03692	0.03330	0.01163	0.00813	0.00243	0.00582	0.04727	0.00886	0.01109
20	0.01074	0.00775	0.01014	0.00954	0.01133	0.00716	0.00716	0.01431	0.02147	0.03042	0.68211	0.05666	0.07157	0.01551	0.00895	0.00239	0.00358	0.01372	0.00835	0.00716
21	0.00963	0.00771	0.00860	0.00838	0.01065	0.00669	0.00629	0.01217	0.01886	0.02421	0.30360	0.06688	0.45396	0.01782	0.00896	0.00250	0.00374	0.01515	0.00753	0.00669
22	0.02028	0.73799	0.03975	0.01298	0.01947	0.03001	0.01298	0.02271	0.01541	0.01785	0.01055	0.01217	0.00973	0.00649	0.00487	0.00162	0.00811	0.00406	0.00324	0.00973
23	0.08042	0.68126	0.03750	0.01274	0.01909	0.02899	0.01260	0.02268	0.01522	0.01912	0.01055	0.01218	0.00961	0.00653	0.00485	0.00168	0.00794	0.00406	0.00336	0.00961
24	0.01318	0.00659	0.00988	0.00988	0.00988	0.00659	0.00659	0.00988	0.00988	0.01318	0.01318	0.02306	0.01318	0.02635	0.02964	0.77931	0.00659	0.00659	0.00329	0.00329
25	0.00979	0.00836	0.00850	0.00835	0.01102	0.00740	0.00629	0.01330	0.06880	0.02167	0.09158	0.06900	0.61274	0.01840	0.00887	0.00256	0.00400	0.01536	0.00714	0.00687
26	0.01624	0.08725	0.62397	0.02072	0.03141	0.01825	0.02636	0.02439	0.01618	0.04757	0.01398	0.01610	0.00995	0.00723	0.00706	0.00235	0.01082	0.00557	0.00343	0.01117
27	0.03403	0.01291	0.01760	0.01350	0.01936	0.01115	0.01115	0.03697	0.02171	0.69137	0.02992	0.02582	0.01878	0.00939	0.00763	0.00235	0.00645	0.00763	0.00939	0.01291
28	0.01084	0.00813	0.01219	0.01219	0.01354	0.00948	0.00948	0.01354	0.01219	0.01761	0.02032	0.02980	0.01896	0.05689	0.70337	0.01219	0.02032	0.00813	0.00406	0.00677
29	0.07894	0.01290	0.05393	0.03619	0.01879	0.01140	0.08158	0.02104	0.06447	0.11934	0.23375	0.08839	0.12240	0.01293	0.00824	0.00249	0.00608	0.01137	0.00694	0.00882
30	0.04775	0.01375	0.01721	0.01716	0.08519	0.01415	0.01248	0.04824	0.22918	0.21619	0.05455	0.03777	0.04797	0.01178	0.00810	0.00260	0.00649	0.11091	0.00757	0.01097
31	0.02035	0.66769	0.07564	0.01375	0.02039	0.05916	0.01390	0.02312	0.01572	0.01822	0.01077	0.01245	0.00973	0.00659	0.00509	0.00168	0.00853	0.00418	0.00327	0.00978
32	0.01457	0.01373	0.02319	0.67896	0.08660	0.01692	0.02119	0.01959	0.01528	0.01967	0.01352	0.02014	0.01021	0.00754	0.00758	0.00251	0.01005	0.00674	0.00339	0.00862
33	0.01930	0.59553	0.14739	0.01467	0.02169	0.02771	0.01560	0.02276	0.01537	0.01888	0.01103	0.01297	0.00972	0.00686	0.00600	0.00181	0.03512	0.00441	0.00324	0.00992
34	0.02355	0.01694	0.01886	0.01526	0.02064	0.01784	0.01239	0.27526	0.21204	0.11078	0.02376	0.02567	0.01811	0.00966	0.00750	0.00227	0.00696	0.04523	0.00732	0.12997
35	0.05394	0.01720	0.01980	0.01514	0.02116	0.01743	0.01248	0.34726	0.02783	0.28243	0.02182	0.02058	0.01475	0.00880	0.00732	0.00219	0.00730	0.00681	0.00786	0.08791
36	0.00923	0.00666	0.00874	0.01040	0.01096	0.00617	0.00697	0.01058	0.01468	0.01943	0.04377	0.69172	0.08566	0.02351	0.00964	0.00305	0.00437	0.02125	0.00704	0.00617
37	0.00924	0.00660	0.00880	0.01056	0.01100	0.00616	0.00704	0.01056	0.01452	0.01936	0.04181	0.72848	0.05017	0.02376	0.00968	0.00308	0.00440	0.02156	0.00704	0.00616
38	0.02028	0.73799	0.03975	0.01298	0.01947	0.03001	0.01298	0.02271	0.01541	0.01785	0.01055	0.01217	0.00973	0.00649	0.00487	0.00162	0.00811	0.00406	0.00324	0.00973
39	0.00924	0.00660	0.00880	0.01056	0.01100	0.00616	0.00704	0.01056	0.01452	0.01936	0.04181	0.72848	0.05017	0.02376	0.00968	0.00308	0.00440	0.02156	0.00704	0.00616
40	0.00903	0.00769	0.00777	0.00775	0.01028	0.00643	0.00581	0.01101	0.01744	0.02085	0.09887	0.07240	0.66078	0.01908	0.00896	0.00255	0.00383	0.01592	0.00709	0.00643
41	0.02764	0.02229	0.02262	0.07241	0.02577	0.09821	0.01496	0.54072	0.03249	0.04234	0.01712	0.01787	0.01233	0.00884	0.00750	0.00226	0.00908	0.00661	0.00685	0.01209
42	0.01103	0.00735	0.00827	0.00827	0.00827	0.00735	0.00460	0.01103	0.01103	0.01471	0.02390	0.04964	0.02758	0.73343	0.03861	0.00735	0.00735	0.01103	0.00460	0.00460
43	0.01103	0.00735	0.00827	0.00827	0.00827	0.00735	0.00460	0.01103	0.01103	0.01471	0.02390	0.04964	0.02758	0.73343	0.03861	0.00735	0.00735	0.01103	0.00460	0.00460
44	0.00898	0.00763	0.00774	0.00784	0.01029	0.00639	0.00583	0.01087	0.01714	0.02043	0.07494	0.10853	0.64874	0.01946	0.00900	0.00259	0.00387	0.01631	0.00704	0.00639
45	0.01790	0.02046	0.04476	0.03197	0.03964	0.01918	0.65857	0.02430	0.01790	0.02430	0.01535	0.02046	0.01151	0.00639	0.00895	0.00256	0.01279	0.00895	0.00384	0.01023
46	0.01487	0.00778	0.00785	0.00759	0.00957	0.00789	0.00576	0.04978	0.01689	0.02925	0.02442	0.02778	0.01911	0.00885	0.00542	0.00179	0.00378	0.00706	0.73720	0.00736
47	0.02319	0.01580	0.01674	0.01346	0.01788	0.01720	0.01092	0.41384	0.02808	0.04031	0.02072	0.02208	0.01541	0.00900	0.00671	0.00208	0.00650	0.00692	0.30250	0.01066
48	0.78701	0.01467	0.01115	0.00997	0.01467	0.01702	0.00821	0.02230	0.01291	0.03403	0.01056	0.01232	0.00821	0.00704	0.00469	0.00235	0.00587	0.00411	0.00469	0.00821
49	0.01414	0.00707	0.00707	0.00707	0.00884	0.00707	0.00530	0.01767	0.01591	0.02828	0.02474	0.02828	0.01944	0.00884	0.00530	0.00177	0.00353	0.00707	0.77554	0.00707
50	0.01850	0.01775	0.03030	0.08718	0.64760	0.01795	0.02314	0.02304	0.01714	0.02445	0.01422	0.01886	0.01190	0.00681	0.00751	0.00227	0.00908	0.00676	0.00373	0.01180
51	0.74916	0.01500	0.01173	0.01035	0.01511	0.01734	0.00852	0.05418	0.01404	0.03472	0.01094	0.01262	0.00845	0.00714	0.00484	0.00234	0.00599	0.00424	0.00484	0.00845
52	0.01151	0.00789	0.01046	0.01039	0.01211	0.00735	0.00792	0.01472	0.01996	0.05059	0.48511	0.15741	0.06310	0.01719	0.00920	0.00263	0.00423	0.09304	0.00802	0.00719
53	0.01064	0.00775	0.01001	0.00944	0.01127	0.00712	0.00708	0.01413	0.02124	0.02988	0.64931	0.05754	0.10471	0.01571	0.00895	0.00240	0.00359	0.01384	0.00828	0.00712
54	0.01887	0.01629	0.01715	0.01544	0.01972	0.01887	0.01201	0.04031	0.67241	0.03173	0.03087	0.02830	0.02315	0.01029	0.00772	0.00257	0.00600	0.00858	0.00772	0.01201
55	0.03403	0.01291	0.01760	0.01350	0.01936	0.01115	0.01115	0.03697	0.02171	0.69137	0.02992	0.02582	0.01878	0.00939	0.00763	0.00235	0.00645	0.00763	0.00939	0.01291
56	0.01521	0.03923	0.69413	0.02162	0.03283	0.01762	0.02802	0.02402	0.01601	0.02402	0.01361	0.01601	0.00961	0.00721	0.00721	0.00240	0.01121	0.00560	0.00320	0.01121
57	0.01204	0.00860	0.01201	0.01376	0.01543	0.00857	0.01191	0.01540	0.01728	0.02250	0.04026	0.12462	0.04405	0.02112	0.01043	0.00347	0.00683	0.59779	0.00699	0.00693
58	0.01297	0.00718	0.00752	0.00752	0.00863	0.00718	0.00504	0.01519	0.01408	0.02319	0.02443	0.03628	0.02249	0.28030	0.01778	0.00386	0.00497	0.00855	0.48671	0.00614
59	0.01779	0.01973	0.04045	0.02949	0.03599	0.01968	0.53990	0.02442	0.05381	0.02394	0.01552	0.02040	0.01196	0.00750	0.01093	0.00266	0.10313	0.00863	0.00399	0.01008
60	0.02686	0.02258	0.02119	0.01712	0.02236	0.14320	0.01378	0.45588	0.08162	0.03966	0.01835	0.01893	0.01358	0.01049	0.02973	0.00254	0.00932	0.00667	0.03443	0.01169
61	0.05203	0.01856	0.06916	0.13161	0.53305	0.01780	0.02261	0.02277	0.01672	0.02443	0.01396	0.01851	0.01145	0.00691	0.00738	0.00230	0.00915	0.00657	0.00371	0.01132
62	0.07686	0.10053	0.44228	0.02304	0.07699	0.01900	0.11075	0.02375	0.01606	0.02430	0.01336	0.01616	0.00994	0.00698	0.00704	0.00233	0.01055	0.00588	0.00345	0.01076

[dist]
# distance from previous block
# <min> <max>
1	3

[block]
# block no. 3 follows, 26 sequences, length 7
# corresponding to MSA columns:
# 156-162
name=unknown_D
#
# <colnr> <probs for GDERKNQSTAVLIFYWHMCP>
#	G	D	E	R	K	N	Q	S	T	A	V	L	I	F	Y	W	H	M	C	P
0	0.05836	0.44369	0.12904	0.01547	0.02239	0.06405	0.04711	0.02502	0.01657	0.09642	0.01350	0.01478	0.01076	0.00702	0.00583	0.00192	0.00882	0.00498	0.00407	0.01020
1	0.01230	0.00815	0.01039	0.00994	0.01209	0.00740	0.00762	0.01540	0.02007	0.07953	0.44274	0.10032	0.16534	0.01656	0.00901	0.00254	0.00416	0.06101	0.00803	0.00741
2	0.01349	0.01107	0.01719	0.18189	0.12206	0.01183	0.01559	0.01737	0.01672	0.02203	0.03025	0.09880	0.03160	0.01593	0.00932	0.00306	0.00786	0.36026	0.00567	0.00801
3	0.02524	0.07697	0.02402	0.15646	0.02893	0.06222	0.01564	0.44593	0.02915	0.03807	0.01629	0.01787	0.01191	0.00852	0.00733	0.00226	0.00899	0.00648	0.00619	0.01152
4	0.01969	0.01977	0.02989	0.04395	0.62229	0.08399	0.02245	0.02395	0.01768	0.02418	0.01402	0.01828	0.01180	0.00686	0.00744	0.00222	0.00946	0.00658	0.00377	0.01170
5	0.01222	0.00873	0.01222	0.01397	0.01572	0.00873	0.01222	0.01572	0.01746	0.02270	0.04016	0.08556	0.04365	0.02095	0.01048	0.00349	0.00698	0.63506	0.00698	0.00698
6	0.01057	0.00775	0.00990	0.00936	0.01123	0.00708	0.00702	0.01398	0.02107	0.02946	0.62392	0.05823	0.13035	0.01586	0.00895	0.00240	0.00360	0.01394	0.00822	0.00708

[dist]
# distance from previous block
# <min> <max>
0	4

[block]
# block no. 4 follows, 26 sequences, length 30
# corresponding to MSA columns:
# 167-196
name=unknown_E
#
# <colnr> <probs for GDERKNQSTAVLIFYWHMCP>
#	G	D	E	R	K	N	Q	S	T	A	V	L	I	F	Y	W	H	M	C	P
0	0.01521	0.03923	0.69413	0.02162	0.03283	0.01762	0.02802	0.02402	0.01601	0.02402	0.01361	0.01601	0.00961	0.00721	0.00721	0.00240	0.01121	0.00560	0.00320	0.01121
1	0.01741	0.31982	0.39397	0.01872	0.02783	0.02270	0.05732	0.02351	0.01588	0.02155	0.01247	0.01471	0.00977	0.00687	0.00636	0.00210	0.01005	0.00517	0.00326	0.01056
2	0.01019	0.00731	0.00955	0.01102	0.01176	0.00700	0.00762	0.03709	0.01553	0.02069	0.04076	0.66506	0.04831	0.02302	0.00964	0.00307	0.00470	0.05412	0.00706	0.00648
3	0.02028	0.73799	0.03975	0.01298	0.01947	0.03001	0.01298	0.02271	0.01541	0.01785	0.01055	0.01217	0.00973	0.00649	0.00487	0.00162	0.00811	0.00406	0.00324	0.00973
4	0.01521	0.03923	0.69413	0.02162	0.03283	0.01762	0.02802	0.02402	0.01601	0.02402	0.01361	0.01601	0.00961	0.00721	0.00721	0.00240	0.01121	0.00560	0.00320	0.01121
5	0.24473	0.09300	0.01625	0.01156	0.01586	0.01520	0.00955	0.08620	0.04112	0.13426	0.20097	0.02829	0.02885	0.01005	0.00675	0.00226	0.00575	0.00782	0.03217	0.00937
6	0.02892	0.01654	0.01937	0.01510	0.02064	0.01696	0.01238	0.33070	0.05361	0.30235	0.08206	0.02504	0.02083	0.00983	0.00773	0.00233	0.00708	0.00782	0.00838	0.01236
7	0.71838	0.01462	0.01149	0.01018	0.01480	0.01686	0.00836	0.05067	0.01406	0.03439	0.01154	0.01330	0.00893	0.00721	0.00485	0.00232	0.00587	0.00436	0.03943	0.00837
8	0.00940	0.00669	0.00885	0.01041	0.01090	0.00626	0.00694	0.01078	0.01475	0.01976	0.07565	0.66364	0.05037	0.05315	0.01086	0.00322	0.00448	0.02070	0.00701	0.00615
9	0.01790	0.02046	0.04476	0.03197	0.03964	0.01918	0.65857	0.02430	0.01790	0.02430	0.01535	0.02046	0.01151	0.00639	0.00895	0.00256	0.01279	0.00895	0.00384	0.01023
10	0.01084	0.00806	0.01182	0.01179	0.01308	0.00921	0.00903	0.01342	0.01264	0.01814	0.05766	0.03259	0.02247	0.09854	0.62122	0.01133	0.01854	0.00863	0.00434	0.00665
11	0.01877	0.01802	0.03079	0.04656	0.68612	0.01802	0.02328	0.02328	0.01727	0.02478	0.01427	0.01877	0.01201	0.00676	0.00751	0.00225	0.00901	0.00676	0.00375	0.01201
12	0.01724	0.01646	0.02802	0.27658	0.46805	0.01762	0.02252	0.02194	0.01655	0.02292	0.01400	0.01927	0.01136	0.00704	0.00753	0.00235	0.00939	0.00675	0.00362	0.01078
13	0.01103	0.00735	0.00827	0.00827	0.00827	0.00735	0.00460	0.01103	0.01103	0.01471	0.02390	0.04964	0.02758	0.73343	0.03861	0.00735	0.00735	0.01103	0.00460	0.00460
14	0.00939	0.00671	0.00897	0.01073	0.01124	0.00629	0.00730	0.01082	0.01467	0.01953	0.04172	0.69632	0.04984	0.02362	0.00972	0.00310	0.00453	0.05225	0.00704	0.00620
15	0.03252	0.01257	0.01712	0.01324	0.01884	0.01089	0.01089	0.03549	0.02169	0.64841	0.07232	0.02782	0.02221	0.00979	0.00771	0.00235	0.00627	0.00802	0.00932	0.01253
16	0.01103	0.00735	0.00827	0.00827	0.00827	0.00735	0.00460	0.01103	0.01103	0.01471	0.02390	0.04964	0.02758	0.73343	0.03861	0.00735	0.00735	0.01103	0.00460	0.00460
17	0.01573	0.01348	0.01573	0.01123	0.01798	0.01011	0.00899	0.01910	0.01573	0.02472	0.01348	0.01573	0.01123	0.00562	0.00562	0.00112	0.00562	0.00449	0.00449	0.77980
18	0.01318	0.00659	0.00988	0.00988	0.00988	0.00659	0.00659	0.00988	0.00988	0.01318	0.01318	0.02306	0.01318	0.02635	0.02964	0.77931	0.00659	0.00659	0.00329	0.00329
19	0.00896	0.00768	0.00768	0.00768	0.01025	0.00640	0.00576	0.01089	0.01729	0.02049	0.07684	0.07300	0.68304	0.01921	0.00896	0.00256	0.00384	0.01601	0.00704	0.00640
20	0.00924	0.00660	0.00880	0.01056	0.01100	0.00616	0.00704	0.01056	0.01452	0.01936	0.04181	0.72848	0.05017	0.02376	0.00968	0.00308	0.00440	0.02156	0.00704	0.00616
21	0.01887	0.01629	0.01715	0.01544	0.01972	0.01887	0.01201	0.04031	0.67241	0.03173	0.03087	0.02830	0.02315	0.01029	0.00772	0.00257	0.00600	0.00858	0.00772	0.01201
22	0.01074	0.00775	0.01014	0.00954	0.01133	0.00716	0.00716	0.01431	0.02147	0.03042	0.68211	0.05666	0.07157	0.01551	0.00895	0.00239	0.00358	0.01372	0.00835	0.00716
23	0.01887	0.01629	0.01715	0.01544	0.01972	0.01887	0.01201	0.04031	0.67241	0.03173	0.03087	0.02830	0.02315	0.01029	0.00772	0.00257	0.00600	0.00858	0.00772	0.01201
24	0.01318	0.00659	0.00988	0.00988	0.00988	0.00659	0.00659	0.00988	0.00988	0.01318	0.01318	0.02306	0.01318	0.02635	0.02964	0.77931	0.00659	0.00659	0.00329	0.00329
25	0.01573	0.01348	0.01573	0.01123	0.01798	0.01011	0.00899	0.01910	0.01573	0.02472	0.01348	0.01573	0.01123	0.00562	0.00562	0.00112	0.00562	0.00449	0.00449	0.77980
26	0.01115	0.00807	0.01091	0.01237	0.01387	0.00783	0.01014	0.01400	0.01700	0.02222	0.08516	0.23756	0.09722	0.02114	0.01007	0.00325	0.00589	0.39831	0.00709	0.00675
27	0.02003	0.70411	0.07148	0.01340	0.02012	0.02941	0.01371	0.02278	0.01544	0.01815	0.01069	0.01235	0.00973	0.00652	0.00498	0.00166	0.00826	0.00413	0.00324	0.00981
28	0.06206	0.01233	0.01435	0.01319	0.01686	0.01277	0.01065	0.04857	0.21438	0.16145	0.06876	0.07855	0.09465	0.01395	0.00839	0.00271	0.00596	0.14290	0.00766	0.00986
29	0.05096	0.65219	0.09148	0.01356	0.02035	0.02848	0.01400	0.02280	0.01536	0.01900	0.01079	0.01248	0.00966	0.00657	0.00505	0.00171	0.00827	0.00418	0.00330	0.00979

[dist]
# distance from previous block
# <min> <max>
0	1

[block]
# block no. 5 follows, 26 sequences, length 76
# corresponding to MSA columns:
# 198-273
name=unknown_F
#
# <colnr> <probs for GDERKNQSTAVLIFYWHMCP>
#	G	D	E	R	K	N	Q	S	T	A	V	L	I	F	Y	W	H	M	C	P
0	0.33943	0.01184	0.01235	0.01085	0.01476	0.01224	0.00877	0.02279	0.01774	0.17958	0.22090	0.03287	0.03181	0.01091	0.00696	0.00242	0.00536	0.04255	0.00698	0.00888
1	0.01545	0.07237	0.66310	0.02121	0.03220	0.01820	0.02731	0.02396	0.01599	0.02373	0.01347	0.01583	0.00961	0.00717	0.00710	0.00237	0.01106	0.00553	0.00320	0.01114
2	0.01084	0.00813	0.01219	0.01219	0.01354	0.00948	0.00948	0.01354	0.01219	0.01761	0.02032	0.02980	0.01896	0.05689	0.70337	0.01219	0.02032	0.00813	0.00406	0.00677
3	0.01573	0.01348	0.01573	0.01123	0.01798	0.01011	0.00899	0.01910	0.01573	0.02472	0.01348	0.01573	0.01123	0.00562	0.00562	0.00112	0.00562	0.00449	0.00449	0.77980
4	0.00924	0.00660	0.00880	0.01056	0.01100	0.00616	0.00704	0.01056	0.01452	0.01936	0.04181	0.72848	0.05017	0.02376	0.00968	0.00308	0.00440	0.02156	0.00704	0.00616
5	0.01193	0.00969	0.01084	0.01038	0.01303	0.00956	0.00798	0.01882	0.16464	0.02628	0.25653	0.05860	0.30379	0.01615	0.00877	0.00256	0.00443	0.05050	0.00760	0.00793
6	0.01533	0.01551	0.03092	0.02408	0.02933	0.01468	0.38890	0.02042	0.01771	0.02349	0.02796	0.04680	0.06455	0.01235	0.00949	0.00289	0.01018	0.23139	0.00515	0.00884
7	0.02568	0.01905	0.02075	0.01597	0.02199	0.02016	0.01307	0.46190	0.09078	0.06556	0.01895	0.01897	0.01376	0.00858	0.00724	0.00209	0.00756	0.00659	0.00710	0.15425
8	0.73937	0.01477	0.01152	0.01031	0.01498	0.01713	0.00845	0.02341	0.05381	0.03389	0.01182	0.01331	0.00914	0.00724	0.00488	0.00236	0.00588	0.00438	0.00488	0.00845
9	0.01482	0.01281	0.01642	0.01241	0.01820	0.01004	0.04896	0.01805	0.01567	0.02383	0.01815	0.13050	0.01750	0.00858	0.00648	0.00153	0.00587	0.00751	0.00486	0.60782
10	0.01346	0.01120	0.03871	0.01319	0.01552	0.01186	0.01082	0.07755	0.01492	0.02168	0.01922	0.02673	0.01721	0.04315	0.50379	0.00933	0.05897	0.00762	0.04636	0.03872
11	0.36163	0.01156	0.01181	0.01065	0.01356	0.01261	0.00813	0.05629	0.01368	0.07666	0.01359	0.01818	0.01137	0.01539	0.01549	0.32602	0.00636	0.00557	0.00464	0.00680
12	0.01599	0.01522	0.02560	0.44962	0.27397	0.01754	0.02165	0.02070	0.01575	0.02123	0.01361	0.01955	0.01077	0.00754	0.00831	0.00247	0.04055	0.00674	0.00350	0.00968
13	0.01431	0.01013	0.01643	0.20526	0.12086	0.01104	0.01294	0.01441	0.01239	0.01656	0.01342	0.02166	0.01218	0.01841	0.02044	0.45567	0.00789	0.00665	0.00338	0.00596
14	0.01103	0.00735	0.00827	0.00827	0.00827	0.00735	0.00460	0.01103	0.01103	0.01471	0.02390	0.04964	0.02758	0.73343	0.03861	0.00735	0.00735	0.01103	0.00460	0.00460
15	0.01610	0.01547	0.02301	0.30948	0.03351	0.02059	0.01838	0.04225	0.01398	0.01981	0.01173	0.01817	0.01013	0.01075	0.01705	0.00295	0.39796	0.00669	0.00350	0.00852
16	0.05303	0.02044	0.02171	0.01696	0.02278	0.02275	0.01392	0.56617	0.11010	0.04544	0.01945	0.01921	0.01395	0.00918	0.00751	0.00231	0.00799	0.00694	0.00751	0.01264
17	0.05092	0.03236	0.43030	0.02158	0.02995	0.07275	0.08768	0.05596	0.01696	0.02455	0.01329	0.01630	0.00996	0.00800	0.00942	0.00249	0.09739	0.00601	0.00362	0.01052
18	0.01076	0.00724	0.00835	0.00862	0.00868	0.00718	0.00496	0.01096	0.01155	0.01540	0.02658	0.15126	0.03096	0.62719	0.03428	0.00671	0.00691	0.01261	0.00496	0.00483
19	0.01501	0.00791	0.00800	0.00769	0.00971	0.00805	0.00585	0.05599	0.01708	0.02944	0.02435	0.02768	0.01905	0.00885	0.00544	0.00180	0.00382	0.00706	0.72979	0.00742
20	0.01754	0.36024	0.39351	0.01765	0.02669	0.02331	0.02111	0.02342	0.01574	0.02118	0.01220	0.01425	0.00967	0.00688	0.00613	0.00204	0.00979	0.00489	0.00322	0.01053
21	0.01103	0.00735	0.00827	0.00827	0.00827	0.00735	0.00460	0.01103	0.01103	0.01471	0.02390	0.04964	0.02758	0.73343	0.03861	0.00735	0.00735	0.01103	0.00460	0.00460
22	0.01062	0.00780	0.01000	0.00976	0.01160	0.00718	0.00745	0.01393	0.02041	0.02822	0.53373	0.08227	0.13889	0.01669	0.00911	0.00253	0.00394	0.07082	0.00803	0.00702
23	0.02819	0.02210	0.05460	0.01765	0.02396	0.02324	0.01506	0.63062	0.03473	0.04668	0.01799	0.01811	0.01274	0.00902	0.00757	0.00228	0.00848	0.00677	0.00738	0.01282
24	0.01069	0.00772	0.01009	0.00958	0.01132	0.00712	0.00715	0.01419	0.02124	0.03005	0.66089	0.07893	0.07086	0.01578	0.00897	0.00241	0.00361	0.01398	0.00831	0.00712
25	0.00924	0.00660	0.00880	0.01056	0.01100	0.00616	0.00704	0.01056	0.01452	0.01936	0.04181	0.72848	0.05017	0.02376	0.00968	0.00308	0.00440	0.02156	0.00704	0.00616
26	0.01076	0.00781	0.01017	0.00974	0.01156	0.00723	0.00742	0.01427	0.02106	0.02955	0.61875	0.05909	0.09364	0.01599	0.00904	0.00246	0.00380	0.05234	0.00821	0.00712
27	0.06604	0.01432	0.01744	0.01380	0.01923	0.01398	0.01128	0.12923	0.10053	0.44861	0.02708	0.02447	0.01795	0.00931	0.00737	0.00233	0.00650	0.00742	0.05086	0.01226
28	0.01748	0.01957	0.04148	0.09936	0.03990	0.01915	0.56266	0.02350	0.01731	0.02350	0.01489	0.02024	0.01129	0.00686	0.00962	0.00259	0.04826	0.00861	0.00376	0.00995
29	0.01397	0.00709	0.00714	0.00714	0.00881	0.00709	0.00526	0.01731	0.01564	0.02754	0.02470	0.02944	0.01988	0.04830	0.00712	0.00207	0.00374	0.00729	0.73355	0.00693
30	0.01795	0.02034	0.04405	0.03271	0.07233	0.01912	0.62645	0.02425	0.01787	0.02432	0.01529	0.02038	0.01153	0.00641	0.00888	0.00254	0.01260	0.00884	0.00383	0.01032
31	0.01626	0.01600	0.02072	0.06473	0.02151	0.08073	0.04246	0.03849	0.01395	0.01936	0.01389	0.02067	0.01276	0.02478	0.22017	0.00568	0.34893	0.00703	0.00375	0.00813
32	0.02639	0.02042	0.02040	0.01623	0.02149	0.07619	0.01317	0.49386	0.07002	0.04208	0.01924	0.01968	0.01406	0.00904	0.00725	0.00221	0.00805	0.00681	0.10161	0.01180
33	0.04948	0.00802	0.00954	0.00918	0.01123	0.00742	0.00687	0.01370	0.01967	0.02765	0.46986	0.09526	0.21171	0.01641	0.00878	0.00246	0.00380	0.01420	0.00778	0.00698
34	0.00925	0.00744	0.00827	0.00877	0.01070	0.00646	0.00641	0.01115	0.01678	0.02078	0.09683	0.24552	0.46123	0.02029	0.00921	0.00272	0.00409	0.04058	0.00711	0.00640
35	0.01103	0.00735	0.00827	0.00827	0.00827	0.00735	0.00460	0.01103	0.01103	0.01471	0.02390	0.04964	0.02758	0.73343	0.03861	0.00735	0.00735	0.01103	0.00460	0.00460
36	0.02028	0.73799	0.03975	0.01298	0.01947	0.03001	0.01298	0.02271	0.01541	0.01785	0.01055	0.01217	0.00973	0.00649	0.00487	0.00162	0.00811	0.00406	0.00324	0.00973
37	0.22475	0.02051	0.01905	0.01534	0.02068	0.08905	0.01250	0.40890	0.02763	0.04060	0.01582	0.01660	0.01161	0.00843	0.00668	0.00224	0.00806	0.00594	0.03453	0.01106
38	0.01084	0.00813	0.01219	0.01219	0.01354	0.00948	0.00948	0.01354	0.01219	0.01761	0.02032	0.02980	0.01896	0.05689	0.70337	0.01219	0.02032	0.00813	0.00406	0.00677
39	0.00924	0.00660	0.00880	0.01056	0.01100	0.00616	0.00704	0.01056	0.01452	0.01936	0.04181	0.72848	0.05017	0.02376	0.00968	0.00308	0.00440	0.02156	0.00704	0.00616
40	0.01190	0.00871	0.01167	0.01315	0.01486	0.00870	0.01102	0.01586	0.05009	0.02250	0.04197	0.18523	0.07885	0.02077	0.01013	0.00333	0.00635	0.47078	0.00703	0.00707
41	0.02687	0.16938	0.02528	0.01786	0.02269	0.43999	0.01428	0.15174	0.02308	0.02412	0.01276	0.01427	0.01037	0.00781	0.00660	0.00195	0.01156	0.00510	0.00450	0.00978
42	0.04687	0.01685	0.01782	0.01537	0.02003	0.04349	0.01225	0.13635	0.39183	0.13269	0.02787	0.02842	0.02102	0.01036	0.00771	0.00251	0.00678	0.04236	0.00767	0.01177
43	0.00942	0.00686	0.00888	0.01016	0.01098	0.00632	0.00694	0.01111	0.01573	0.02099	0.13343	0.57605	0.11071	0.02221	0.00951	0.00294	0.00424	0.01997	0.00722	0.00632
44	0.00913	0.00767	0.00796	0.00814	0.01055	0.00650	0.00614	0.01110	0.01715	0.02053	0.07319	0.10929	0.61826	0.01954	0.00908	0.00263	0.00402	0.04566	0.00704	0.00642
45	0.02883	0.02125	0.02276	0.01745	0.02352	0.02352	0.01442	0.66082	0.03566	0.04780	0.01821	0.01821	0.01290	0.00911	0.00759	0.00228	0.00835	0.00683	0.00759	0.01290
46	0.00924	0.00660	0.00880	0.01056	0.01100	0.00616	0.00704	0.01056	0.01452	0.01936	0.04181	0.72848	0.05017	0.02376	0.00968	0.00308	0.00440	0.02156	0.00704	0.00616
47	0.00924	0.00660	0.00880	0.01056	0.01100	0.00616	0.00704	0.01056	0.01452	0.01936	0.04181	0.72848	0.05017	0.02376	0.00968	0.00308	0.00440	0.02156	0.00704	0.00616
48	0.02128	0.01658	0.01783	0.01550	0.02013	0.01875	0.01221	0.11114	0.54500	0.08876	0.02934	0.02694	0.02161	0.01008	0.00770	0.00252	0.00631	0.00830	0.00784	0.01218
49	0.01624	0.03780	0.65729	0.02118	0.03210	0.01726	0.02711	0.02473	0.01632	0.06036	0.01450	0.01655	0.01011	0.00733	0.00723	0.00240	0.01095	0.00572	0.00354	0.01130
50	0.00924	0.00660	0.00880	0.01056	0.01100	0.00616	0.00704	0.01056	0.01452	0.01936	0.04181	0.72848	0.05017	0.02376	0.00968	0.00308	0.00440	0.02156	0.00704	0.00616
51	0.02912	0.02079	0.02248	0.01723	0.02329	0.02284	0.01424	0.62649	0.03489	0.08322	0.01886	0.01863	0.01322	0.00912	0.00759	0.00228	0.00824	0.00687	0.00769	0.01290
52	0.02369	0.48829	0.03293	0.01469	0.02046	0.19816	0.01322	0.02605	0.01758	0.08525	0.01278	0.01391	0.01065	0.00711	0.00564	0.00178	0.00935	0.00462	0.00403	0.00981
53	0.02883	0.02125	0.02276	0.01745	0.02352	0.02352	0.01442	0.66082	0.03566	0.04780	0.01821	0.01821	0.01290	0.00911	0.00759	0.00228	0.00835	0.00683	0.00759	0.01290
54	0.07456	0.01144	0.01560	0.20573	0.02434	0.01343	0.01237	0.04037	0.01429	0.02165	0.01719	0.02572	0.01535	0.10891	0.18011	0.00535	0.07759	0.00731	0.08457	0.04412
55	0.01038	0.00771	0.00969	0.00944	0.01128	0.00702	0.00709	0.01351	0.02012	0.02761	0.50641	0.10244	0.18130	0.01691	0.00905	0.00250	0.00381	0.03881	0.00798	0.00695
56	0.01432	0.01348	0.02275	0.71520	0.05224	0.01685	0.02107	0.01938	0.01517	0.01938	0.01348	0.02022	0.01011	0.00758	0.00758	0.00253	0.01011	0.00674	0.00337	0.00843
57	0.03403	0.01291	0.01760	0.01350	0.01936	0.01115	0.01115	0.03697	0.02171	0.69137	0.02992	0.02582	0.01878	0.00939	0.00763	0.00235	0.00645	0.00763	0.00939	0.01291
58	0.01103	0.00735	0.00827	0.00827	0.00827	0.00735	0.00460	0.01103	0.01103	0.01471	0.02390	0.04964	0.02758	0.73343	0.03861	0.00735	0.00735	0.01103	0.00460	0.00460
59	0.01432	0.01348	0.02275	0.71520	0.05224	0.01685	0.02107	0.01938	0.01517	0.01938	0.01348	0.02022	0.01011	0.00758	0.00758	0.00253	0.01011	0.00674	0.00337	0.00843
60	0.01659	0.01659	0.02323	0.01991	0.01991	0.02323	0.01659	0.01825	0.01162	0.01825	0.00996	0.01659	0.00996	0.01328	0.02489	0.00332	0.71955	0.00664	0.00332	0.00830
61	0.01887	0.01629	0.01715	0.01544	0.01972	0.01887	0.01201	0.04031	0.67241	0.03173	0.03087	0.02830	0.02315	0.01029	0.00772	0.00257	0.00600	0.00858	0.00772	0.01201
62	0.01395	0.00709	0.00714	0.00714	0.00880	0.00709	0.00526	0.01728	0.01562	0.02747	0.02469	0.02955	0.01993	0.05200	0.00729	0.00210	0.00376	0.00731	0.72961	0.00692
63	0.01953	0.01615	0.01717	0.01535	0.01971	0.01853	0.01197	0.04016	0.64414	0.06040	0.03083	0.02819	0.02296	0.01025	0.00771	0.00256	0.00602	0.00853	0.00779	0.01205
64	0.00924	0.00660	0.00880	0.01056	0.01100	0.00616	0.00704	0.01056	0.01452	0.01936	0.04181	0.72848	0.05017	0.02376	0.00968	0.00308	0.00440	0.02156	0.00704	0.00616
65	0.03403	0.01291	0.01760	0.01350	0.01936	0.01115	0.01115	0.03697	0.02171	0.69137	0.02992	0.02582	0.01878	0.00939	0.00763	0.00235	0.00645	0.00763	0.00939	0.01291
66	0.03403	0.01291	0.01760	0.01350	0.01936	0.01115	0.01115	0.03697	0.02171	0.69137	0.02992	0.02582	0.01878	0.00939	0.00763	0.00235	0.00645	0.00763	0.00939	0.01291
67	0.01140	0.00837	0.01084	0.01068	0.01255	0.00807	0.00828	0.01592	0.05925	0.02869	0.50617	0.09162	0.06303	0.01649	0.00916	0.00261	0.00433	0.11715	0.00802	0.00737
68	0.01937	0.01915	0.03021	0.04488	0.64502	0.06050	0.02274	0.02371	0.01753	0.02439	0.01411	0.01846	0.01188	0.00682	0.00747	0.00223	0.00930	0.00664	0.00376	0.01181
69	0.00945	0.00672	0.00891	0.01059	0.01106	0.00632	0.00713	0.01079	0.01447	0.01928	0.04089	0.67045	0.04883	0.05729	0.01108	0.00330	0.00464	0.04573	0.00692	0.00612
70	0.00964	0.00718	0.01021	0.01132	0.01209	0.00670	0.03149	0.01125	0.01498	0.02007	0.07117	0.67008	0.04973	0.02272	0.00962	0.00303	0.00468	0.02072	0.00698	0.00636
71	0.02677	0.02022	0.02160	0.01703	0.02273	0.02256	0.01392	0.53208	0.16778	0.04447	0.02084	0.02030	0.01503	0.00935	0.00761	0.00234	0.00786	0.00719	0.00761	0.01271
72	0.03128	0.01733	0.02034	0.01559	0.02157	0.01771	0.01288	0.36763	0.02911	0.35026	0.02372	0.02179	0.01566	0.00924	0.00761	0.00231	0.00746	0.00720	0.00843	0.01290
73	0.00924	0.00660	0.00880	0.01056	0.01100	0.00616	0.00704	0.01056	0.01452	0.01936	0.04181	0.72848	0.05017	0.02376	0.00968	0.00308	0.00440	0.02156	0.00704	0.00616
74	0.01251	0.00822	0.01056	0.01017	0.01233	0.00750	0.00786	0.01564	0.02000	0.08289	0.42583	0.09988	0.15334	0.01666	0.00906	0.00258	0.00430	0.08523	0.00801	0.00745
75	0.40191	0.05895	0.01740	0.01368	0.01841	0.12883	0.01118	0.12663	0.01867	0.08250	0.01343	0.01474	0.01020	0.00799	0.00684	0.00229	0.04655	0.00507	0.00524	0.00951

[dist]
# distance from previous block
# <min> <max>
0	4

[block]
# block no. 6 follows, 26 sequences, length 18
# corresponding to MSA columns:
# 278-295
name=unknown_G
#
# <colnr> <probs for GDERKNQSTAVLIFYWHMCP>
#	G	D	E	R	K	N	Q	S	T	A	V	L	I	F	Y	W	H	M	C	P
0	0.00924	0.00660	0.00880	0.01056	0.01100	0.00616	0.00704	0.01056	0.01452	0.01936	0.04181	0.72848	0.05017	0.02376	0.00968	0.00308	0.00440	0.02156	0.00704	0.00616
1	0.06300	0.02056	0.02201	0.01712	0.02282	0.02302	0.01411	0.58086	0.06001	0.04536	0.01806	0.01829	0.01299	0.00922	0.00813	0.00233	0.03557	0.00677	0.00729	0.01247
2	0.01223	0.00798	0.01041	0.00990	0.01185	0.00729	0.00738	0.01537	0.02035	0.07879	0.51776	0.14704	0.09191	0.01634	0.00895	0.00249	0.00392	0.01443	0.00819	0.00742
3	0.38970	0.01892	0.01637	0.01363	0.01874	0.10712	0.01105	0.19000	0.02110	0.12558	0.01534	0.01586	0.01107	0.00800	0.00612	0.00228	0.00760	0.00539	0.00598	0.01014
4	0.00974	0.00759	0.00884	0.00878	0.01078	0.00669	0.00649	0.01229	0.01874	0.02453	0.32677	0.13819	0.35711	0.01816	0.00904	0.00254	0.00379	0.01566	0.00759	0.00669
5	0.01663	0.23529	0.51053	0.01919	0.02908	0.02109	0.02380	0.02365	0.01585	0.02229	0.01275	0.01493	0.00964	0.00701	0.00655	0.00218	0.01034	0.00517	0.00321	0.01080
6	0.02702	0.03367	0.02277	0.02324	0.11419	0.60918	0.01584	0.02933	0.02092	0.01942	0.01207	0.01438	0.01008	0.00767	0.00693	0.00199	0.01304	0.00514	0.00389	0.00923
7	0.02741	0.02229	0.02185	0.01742	0.02299	0.10147	0.01411	0.50293	0.12122	0.04222	0.01919	0.01907	0.01394	0.00912	0.00752	0.00228	0.00864	0.00684	0.00718	0.01230
8	0.01790	0.02046	0.04476	0.03197	0.03964	0.01918	0.65857	0.02430	0.01790	0.02430	0.01535	0.02046	0.01151	0.00639	0.00895	0.00256	0.01279	0.00895	0.00384	0.01023
9	0.01739	0.01661	0.02830	0.25393	0.48953	0.01766	0.02259	0.02207	0.01662	0.02311	0.01402	0.01922	0.01142	0.00701	0.00753	0.00234	0.00935	0.00675	0.00364	0.01090
10	0.00935	0.00668	0.00890	0.01049	0.01103	0.00623	0.00705	0.01083	0.01502	0.02016	0.08804	0.67998	0.05171	0.02317	0.00963	0.00303	0.00434	0.02100	0.00714	0.00623
11	0.06555	0.01035	0.01626	0.01440	0.01677	0.01135	0.09793	0.01587	0.01334	0.02044	0.01995	0.05485	0.01847	0.06140	0.44109	0.00866	0.03618	0.00846	0.06136	0.00732
12	0.03939	0.07668	0.42229	0.02338	0.05099	0.03803	0.16620	0.02464	0.01673	0.05112	0.01435	0.01707	0.01045	0.00707	0.00739	0.00237	0.01103	0.00631	0.00368	0.01084
13	0.01065	0.00769	0.01006	0.00960	0.01131	0.00710	0.00715	0.01411	0.02109	0.02980	0.64657	0.09395	0.07038	0.01596	0.00899	0.00242	0.00362	0.01415	0.00828	0.00710
14	0.01687	0.02764	0.29321	0.02801	0.03704	0.01858	0.41732	0.02419	0.01718	0.02419	0.01468	0.01876	0.01078	0.00670	0.00828	0.00250	0.01218	0.00767	0.00359	0.01061
15	0.01493	0.01562	0.07143	0.34331	0.24004	0.01552	0.01996	0.01948	0.01577	0.02138	0.01836	0.13519	0.01721	0.00994	0.00788	0.00252	0.00892	0.00909	0.00408	0.00937
16	0.02117	0.01430	0.01733	0.09197	0.02248	0.01486	0.01209	0.05748	0.27763	0.18297	0.08047	0.02707	0.02270	0.00953	0.00749	0.00229	0.00640	0.00795	0.00723	0.11658
17	0.02015	0.01846	0.02969	0.04257	0.59538	0.01878	0.02207	0.11058	0.01979	0.02793	0.01481	0.01870	0.01214	0.00708	0.00752	0.00226	0.00892	0.00677	0.00428	0.01214

[dist]
# distance from previous block
# <min> <max>
2	6

[block]
# block no. 7 follows, 26 sequences, length 8
# corresponding to MSA columns:
# 302-309
name=unknown_H
#
# <colnr> <probs for GDERKNQSTAVLIFYWHMCP>
#	G	D	E	R	K	N	Q	S	T	A	V	L	I	F	Y	W	H	M	C	P
0	0.09918	0.01919	0.02086	0.02038	0.12422	0.07220	0.01417	0.27187	0.12085	0.07636	0.01959	0.04432	0.01519	0.00901	0.00725	0.00229	0.00791	0.00714	0.00641	0.04163
1	0.01696	0.01383	0.02015	0.01521	0.02088	0.01182	0.12487	0.05435	0.01791	0.07331	0.07058	0.10651	0.02129	0.00917	0.00721	0.00186	0.00680	0.00841	0.00550	0.39339
2	0.01662	0.01796	0.03686	0.27723	0.04416	0.01835	0.42973	0.02253	0.01692	0.02253	0.01468	0.02037	0.01101	0.00682	0.00846	0.00255	0.01183	0.00816	0.00367	0.00958
3	0.01045	0.00852	0.01301	0.01249	0.01425	0.00785	0.08165	0.01280	0.01641	0.02191	0.14998	0.45348	0.12815	0.01983	0.00939	0.00284	0.00516	0.01811	0.00689	0.00682
4	0.01639	0.13750	0.51699	0.02348	0.11229	0.01946	0.02526	0.02374	0.01608	0.02322	0.01325	0.01580	0.00993	0.00705	0.00691	0.00227	0.01049	0.00552	0.00328	0.01110
5	0.11183	0.01490	0.02355	0.44040	0.22478	0.01720	0.02008	0.02083	0.01547	0.02272	0.01334	0.01883	0.01041	0.00729	0.00720	0.00243	0.00927	0.00642	0.00364	0.00940
6	0.01155	0.00848	0.00932	0.00910	0.01168	0.00757	0.00681	0.01484	0.05987	0.06967	0.10664	0.15136	0.46904	0.01828	0.00888	0.00260	0.00422	0.01550	0.00734	0.00725
7	0.01754	0.02257	0.12667	0.03079	0.06988	0.01911	0.51550	0.02392	0.01733	0.02400	0.01481	0.01962	0.01122	0.00684	0.00941	0.00256	0.04583	0.00830	0.00373	0.01035

[dist]
# distance from previous block
# <min> <max>
0	1

[block]
# block no. 8 follows, 26 sequences, length 90
# corresponding to MSA columns:
# 311-400
name=unknown_I
#
# <colnr> <probs for GDERKNQSTAVLIFYWHMCP>
#	G	D	E	R	K	N	Q	S	T	A	V	L	I	F	Y	W	H	M	C	P
0	0.01960	0.01960	0.02998	0.04421	0.62846	0.07762	0.02253	0.02389	0.01764	0.02424	0.01405	0.01833	0.01182	0.00685	0.00745	0.00223	0.00942	0.00660	0.00377	0.01173
1	0.01008	0.00833	0.00892	0.00877	0.01123	0.00752	0.00657	0.01382	0.07036	0.02306	0.17666	0.09856	0.49302	0.01807	0.00890	0.00256	0.00400	0.01529	0.00732	0.00697
2	0.02159	0.10657	0.02173	0.01708	0.05798	0.02045	0.01309	0.18982	0.33903	0.05708	0.02477	0.05792	0.01949	0.00996	0.00741	0.00238	0.00695	0.00809	0.00693	0.01169
3	0.01562	0.07221	0.62359	0.02181	0.03258	0.01831	0.06478	0.02397	0.01610	0.02374	0.01357	0.01609	0.00973	0.00712	0.00720	0.00237	0.01115	0.00573	0.00324	0.01108
4	0.00924	0.00660	0.00880	0.01056	0.01100	0.00616	0.00704	0.01056	0.01452	0.01936	0.04181	0.72848	0.05017	0.02376	0.00968	0.00308	0.00440	0.02156	0.00704	0.00616
5	0.01778	0.02148	0.08283	0.03192	0.06433	0.01904	0.59641	0.02424	0.01777	0.02430	0.01520	0.02013	0.01142	0.00646	0.00879	0.00254	0.01255	0.00867	0.00380	0.01036
6	0.08680	0.25781	0.39111	0.01744	0.02611	0.02108	0.02068	0.02305	0.01561	0.02290	0.01364	0.01780	0.01116	0.00762	0.00639	0.00220	0.00954	0.03527	0.00353	0.01026
