[name]
unknown

[dist]
# distance from previous block
# <min> <max>
0	433

[block]
# block no. 0 follows, 21 sequences, length 16
# corresponding to MSA columns:
# 472-487
name=unknown_A
#
# <colnr> <probs for GDERKNQSTAVLIFYWHMCP>
#	G	D	E	R	K	N	Q	S	T	A	V	L	I	F	Y	W	H	M	C	P
0	0.01205	0.00861	0.01181	0.01377	0.01500	0.00836	0.01082	0.01476	0.01795	0.02361	0.04598	0.39381	0.05261	0.02508	0.01131	0.00369	0.00640	0.30914	0.00787	0.00738
1	0.01999	0.02267	0.04862	0.03498	0.04302	0.02182	0.57749	0.02681	0.01962	0.02681	0.01682	0.02267	0.01280	0.00768	0.01122	0.00293	0.05858	0.00987	0.00427	0.01133
2	0.01891	0.01087	0.01119	0.01008	0.01296	0.01134	0.00784	0.13062	0.02194	0.03577	0.02641	0.02964	0.02046	0.00997	0.00642	0.00209	0.00496	0.00788	0.61150	0.00914
3	0.01089	0.00788	0.01029	0.01132	0.01242	0.00729	0.00787	0.01322	0.01896	0.02579	0.24113	0.46038	0.09410	0.02341	0.01056	0.00318	0.00461	0.02104	0.00837	0.00729
4	0.01606	0.01459	0.02422	0.63052	0.05500	0.01809	0.02232	0.02160	0.01708	0.02248	0.01606	0.02336	0.01212	0.00861	0.00832	0.00277	0.01080	0.00759	0.05907	0.00934
5	0.01478	0.00739	0.01109	0.01109	0.01109	0.00739	0.00739	0.01109	0.01109	0.01478	0.01478	0.02587	0.01478	0.02956	0.03326	0.75240	0.00739	0.00739	0.00370	0.00370
6	0.44825	0.01524	0.01414	0.01205	0.01717	0.01655	0.00985	0.06988	0.01879	0.15989	0.01927	0.02012	0.01393	0.00890	0.00626	0.00252	0.00650	0.00613	0.12412	0.01043
7	0.01910	0.01042	0.01319	0.01178	0.01533	0.00921	0.00932	0.02240	0.02254	0.20766	0.27094	0.06115	0.21532	0.01704	0.00975	0.00281	0.00531	0.05791	0.00918	0.00963
8	0.01431	0.00744	0.01089	0.01104	0.01108	0.00740	0.00730	0.01122	0.01156	0.01541	0.01791	0.07852	0.01886	0.06750	0.03213	0.65311	0.00725	0.00895	0.00410	0.00402
9	0.02307	0.01488	0.01562	0.01302	0.01711	0.01600	0.01042	0.28180	0.02753	0.04130	0.02456	0.02679	0.01861	0.01005	0.00707	0.00223	0.00632	0.00781	0.42502	0.01079
10	0.01679	0.01421	0.01673	0.01252	0.01924	0.01082	0.00983	0.02029	0.01749	0.02702	0.01889	0.09786	0.01777	0.00871	0.00684	0.00152	0.00614	0.00731	0.00538	0.66464
11	0.01238	0.00825	0.00928	0.00928	0.00928	0.00825	0.00516	0.01238	0.01238	0.01650	0.02681	0.05569	0.03094	0.70092	0.04331	0.00825	0.00825	0.01238	0.00516	0.00516
12	0.02144	0.02055	0.03804	0.05260	0.03619	0.02033	0.37391	0.15160	0.02367	0.03196	0.04608	0.05484	0.01819	0.01061	0.01116	0.05011	0.01186	0.01015	0.00553	0.01120
13	0.02128	0.22258	0.36075	0.02211	0.05395	0.02356	0.04556	0.06124	0.01962	0.07133	0.01602	0.01799	0.01194	0.00811	0.00750	0.00244	0.01102	0.00623	0.00443	0.01236
14	0.01959	0.01560	0.02144	0.01613	0.02264	0.01330	0.08758	0.05049	0.04669	0.07264	0.01985	0.06407	0.01689	0.00998	0.00922	0.05159	0.00754	0.00764	0.00576	0.44135
15	0.10971	0.13375	0.12424	0.01654	0.02392	0.01950	0.01582	0.07630	0.06850	0.29334	0.02388	0.02266	0.01638	0.00938	0.00762	0.00252	0.00843	0.00713	0.00744	0.01294

[dist]
# distance from previous block
# <min> <max>
1	3

[block]
# block no. 1 follows, 21 sequences, length 28
# corresponding to MSA columns:
# 491-518
name=unknown_B
#
# <colnr> <probs for GDERKNQSTAVLIFYWHMCP>
#	G	D	E	R	K	N	Q	S	T	A	V	L	I	F	Y	W	H	M	C	P
0	0.02356	0.01963	0.07356	0.10708	0.21515	0.01778	0.04575	0.07066	0.06294	0.15093	0.02313	0.02501	0.03622	0.00908	0.00838	0.00253	0.00922	0.00802	0.00616	0.08521
1	0.31367	0.09063	0.01923	0.01367	0.01947	0.05588	0.01132	0.02927	0.06097	0.15212	0.01866	0.01947	0.01396	0.01089	0.03553	0.00284	0.00818	0.00603	0.00624	0.11196
2	0.02047	0.03051	0.33277	0.07198	0.14819	0.01908	0.02509	0.09403	0.02101	0.07335	0.01963	0.07050	0.01586	0.00982	0.00847	0.00271	0.01072	0.00827	0.00509	0.01246
3	0.02094	0.08882	0.42662	0.02259	0.03237	0.08534	0.02592	0.10067	0.02091	0.02870	0.01516	0.01774	0.01129	0.00883	0.00929	0.00264	0.05935	0.00633	0.00429	0.01219
4	0.01211	0.00920	0.01126	0.01101	0.01327	0.00861	0.00836	0.01664	0.05546	0.03037	0.40845	0.10697	0.19915	0.01899	0.01014	0.00287	0.00455	0.05572	0.00881	0.00806
5	0.01916	0.01727	0.03133	0.11287	0.10706	0.01734	0.25555	0.05879	0.02011	0.02945	0.02007	0.02511	0.01547	0.00837	0.00836	0.00255	0.01013	0.00867	0.22175	0.01059
6	0.01084	0.00772	0.01013	0.01145	0.01221	0.00723	0.00774	0.01272	0.01757	0.02383	0.16414	0.52575	0.05932	0.07116	0.01293	0.00363	0.00498	0.02163	0.00800	0.00701
7	0.02454	0.01755	0.01955	0.01810	0.07014	0.07865	0.01311	0.16428	0.02729	0.15373	0.25240	0.03749	0.03962	0.01247	0.00893	0.00254	0.00754	0.01040	0.00836	0.03332
8	0.01037	0.00741	0.00987	0.01185	0.01234	0.00691	0.00790	0.01185	0.01629	0.02172	0.04690	0.69537	0.05629	0.02666	0.01086	0.00346	0.00494	0.02419	0.00790	0.00691
9	0.01876	0.02045	0.04224	0.17961	0.04563	0.02055	0.43826	0.02519	0.01899	0.02556	0.01764	0.04796	0.01412	0.00849	0.01039	0.00292	0.03825	0.00992	0.00430	0.01077
10	0.76103	0.01646	0.01251	0.01119	0.01646	0.01909	0.00922	0.02502	0.01448	0.03818	0.01185	0.01382	0.00922	0.00790	0.00527	0.00263	0.00658	0.00461	0.00527	0.00922
11	0.64899	0.08979	0.01651	0.01194	0.01749	0.02097	0.01011	0.05272	0.01597	0.03698	0.01225	0.01411	0.00964	0.00794	0.00544	0.00254	0.00698	0.00474	0.00525	0.00964
12	0.03442	0.01752	0.02135	0.01644	0.02306	0.01706	0.01352	0.21445	0.05935	0.40701	0.02864	0.02591	0.01886	0.01025	0.00842	0.00255	0.00780	0.00815	0.00952	0.05571
13	0.11432	0.01754	0.06098	0.02768	0.20628	0.01648	0.08736	0.02404	0.08255	0.02783	0.02553	0.18546	0.02523	0.04817	0.01058	0.00315	0.00860	0.01187	0.00573	0.01062
14	0.01765	0.01513	0.01765	0.01260	0.02017	0.01134	0.01008	0.02143	0.01765	0.02773	0.01513	0.01765	0.01260	0.00630	0.00630	0.00126	0.00630	0.00504	0.00504	0.75295
15	0.03179	0.04056	0.02412	0.02192	0.02631	0.66676	0.01644	0.03398	0.02412	0.02083	0.01315	0.01535	0.01096	0.00877	0.00767	0.00219	0.01535	0.00548	0.00438	0.00987
16	0.01765	0.01513	0.01765	0.01260	0.02017	0.01134	0.01008	0.02143	0.01765	0.02773	0.01513	0.01765	0.01260	0.00630	0.00630	0.00126	0.00630	0.00504	0.00504	0.75295
17	0.05820	0.01610	0.06319	0.01516	0.01774	0.06605	0.01248	0.05334	0.01660	0.02383	0.02201	0.10471	0.02156	0.07524	0.18949	0.07939	0.08976	0.00980	0.05711	0.00824
18	0.55005	0.01884	0.06662	0.07977	0.02312	0.01919	0.01299	0.05813	0.01692	0.06804	0.01403	0.01618	0.01045	0.00824	0.00616	0.00265	0.00773	0.00541	0.00543	0.01007
19	0.01350	0.00897	0.01162	0.01095	0.01320	0.00818	0.00821	0.01714	0.02316	0.07329	0.51690	0.11326	0.11323	0.01797	0.01001	0.00275	0.00432	0.01582	0.00923	0.00831
20	0.01322	0.00944	0.01314	0.01511	0.01685	0.00937	0.01285	0.01677	0.01910	0.02491	0.04533	0.18485	0.05006	0.02398	0.01162	0.00385	0.00741	0.50660	0.00785	0.00770
21	0.01500	0.00938	0.01215	0.01107	0.01369	0.00850	0.00844	0.01878	0.02374	0.10706	0.52597	0.06092	0.11852	0.01691	0.00986	0.00269	0.00442	0.01478	0.00939	0.00873
22	0.01267	0.00895	0.01288	0.01288	0.01447	0.01026	0.00999	0.01584	0.01425	0.02141	0.02348	0.03320	0.02135	0.05638	0.57591	0.01206	0.02020	0.00895	0.10722	0.00764
23	0.09693	0.02033	0.02094	0.05612	0.02504	0.05681	0.01446	0.19378	0.30083	0.08518	0.02627	0.02538	0.01926	0.01044	0.00822	0.00271	0.00820	0.00819	0.00792	0.01297
24	0.02786	0.01786	0.02032	0.01677	0.02234	0.01907	0.01345	0.18080	0.27674	0.20971	0.07636	0.03063	0.02590	0.01138	0.00870	0.00272	0.00731	0.00929	0.00919	0.01358
25	0.02358	0.02789	0.24365	0.02131	0.02945	0.02021	0.06269	0.15595	0.02307	0.11305	0.01837	0.02032	0.01332	0.00944	0.01064	0.00263	0.09416	0.00714	0.00579	0.09734
26	0.07157	0.01681	0.01841	0.01579	0.02044	0.01845	0.01260	0.13613	0.25655	0.05592	0.09727	0.03572	0.07077	0.01255	0.00965	0.00274	0.04468	0.02889	0.00791	0.06716
27	0.02200	0.02018	0.02428	0.02140	0.06784	0.09495	0.09890	0.15234	0.09242	0.03142	0.02384	0.11264	0.02186	0.07661	0.01198	0.00310	0.00950	0.01025	0.00633	0.09817

[dist]
# distance from previous block
# <min> <max>
2	23

[block]
# block no. 2 follows, 21 sequences, length 23
# corresponding to MSA columns:
# 543-565
name=unknown_C
#
# <colnr> <probs for GDERKNQSTAVLIFYWHMCP>
#	G	D	E	R	K	N	Q	S	T	A	V	L	I	F	Y	W	H	M	C	P
0	0.07422	0.25726	0.06988	0.01726	0.02370	0.10187	0.01565	0.20766	0.02536	0.03302	0.04546	0.02340	0.01731	0.00988	0.00740	0.00236	0.00967	0.04123	0.00584	0.01156
1	0.06639	0.09944	0.16841	0.01817	0.04701	0.01901	0.01708	0.12111	0.05490	0.10033	0.12739	0.02753	0.02547	0.01024	0.00800	0.00246	0.00843	0.00817	0.00662	0.06385
2	0.10884	0.02926	0.33340	0.01893	0.02777	0.01743	0.02113	0.03031	0.08912	0.14452	0.04722	0.02607	0.04970	0.00995	0.00808	0.00271	0.00948	0.00783	0.00608	0.01218
3	0.21879	0.01937	0.04808	0.13216	0.27859	0.02014	0.07684	0.02499	0.01738	0.02920	0.01459	0.01931	0.01175	0.00818	0.00879	0.00271	0.04650	0.00696	0.00439	0.01128
4	0.17344	0.34582	0.06415	0.01436	0.02082	0.02582	0.01361	0.11295	0.02019	0.03047	0.01518	0.01706	0.01238	0.00820	0.00607	0.00216	0.00821	0.00552	0.09274	0.01084
5	0.01682	0.01207	0.01467	0.01387	0.01699	0.01246	0.01100	0.02653	0.19836	0.07630	0.31110	0.05818	0.05453	0.01640	0.00987	0.00297	0.00575	0.12316	0.00895	0.01001
6	0.01082	0.00863	0.00977	0.01005	0.01243	0.00758	0.00764	0.01343	0.01995	0.02513	0.17902	0.14349	0.42053	0.02153	0.01031	0.00300	0.00468	0.07649	0.00816	0.00738
7	0.02001	0.01844	0.02912	0.26457	0.33436	0.02024	0.02321	0.06224	0.08996	0.02813	0.01810	0.02281	0.01423	0.00852	0.00849	0.00268	0.01011	0.00781	0.00483	0.01214
8	0.01222	0.00819	0.00933	0.00948	0.00951	0.00815	0.00536	0.01234	0.01267	0.01689	0.02833	0.10387	0.03285	0.65014	0.04087	0.00789	0.00800	0.01327	0.00536	0.00529
9	0.01687	0.01397	0.02298	0.33767	0.17622	0.01576	0.01920	0.02009	0.01620	0.02212	0.01608	0.02367	0.01332	0.01335	0.01415	0.17913	0.00965	0.00755	0.05311	0.00890
10	0.01143	0.00785	0.00956	0.01049	0.01072	0.00762	0.00645	0.01213	0.01422	0.01896	0.03625	0.35627	0.04285	0.38409	0.02807	0.00600	0.00669	0.01793	0.00645	0.00598
11	0.02562	0.01931	0.02099	0.01742	0.02249	0.02130	0.01381	0.38131	0.14701	0.04324	0.02807	0.14435	0.02469	0.03715	0.01016	0.00297	0.00804	0.01115	0.00832	0.01261
12	0.02805	0.02206	0.02270	0.01802	0.02393	0.06442	0.01460	0.42945	0.07710	0.04628	0.10401	0.02652	0.02376	0.01097	0.00856	0.00250	0.00869	0.00855	0.00819	0.05162
13	0.08320	0.05276	0.02511	0.19746	0.03412	0.13013	0.01763	0.29046	0.02825	0.03698	0.01677	0.01940	0.01249	0.00921	0.00799	0.00255	0.01067	0.00691	0.00610	0.01180
14	0.02232	0.01574	0.01801	0.01543	0.01976	0.01640	0.01202	0.24250	0.09104	0.08435	0.10299	0.21247	0.03527	0.01550	0.00922	0.00278	0.00690	0.01322	0.00841	0.05566
15	0.08634	0.15920	0.35254	0.02084	0.05383	0.05606	0.02263	0.02536	0.01808	0.02637	0.04481	0.06366	0.01695	0.00959	0.00760	0.00254	0.01054	0.00742	0.00437	0.01127
16	0.40629	0.01735	0.02234	0.12743	0.11356	0.01903	0.08185	0.02604	0.01688	0.07601	0.01507	0.01832	0.01139	0.00806	0.00699	0.00268	0.00875	0.00637	0.00514	0.01046
17	0.02321	0.01821	0.03079	0.07795	0.32568	0.01797	0.10402	0.02917	0.05250	0.14799	0.06770	0.02670	0.02040	0.00909	0.00882	0.00265	0.00960	0.00881	0.00603	0.01272
18	0.02627	0.01915	0.08524	0.01671	0.02291	0.01677	0.01467	0.14407	0.14199	0.22104	0.06962	0.06660	0.02585	0.01187	0.00869	0.00267	0.00771	0.02779	0.00841	0.06196
19	0.07165	0.01946	0.02110	0.01677	0.02261	0.02088	0.01362	0.37539	0.07452	0.08825	0.06407	0.05141	0.02164	0.01106	0.00828	0.00252	0.00791	0.00869	0.04004	0.06015
20	0.03047	0.02236	0.02390	0.01862	0.02496	0.02476	0.01528	0.54021	0.07698	0.05093	0.02187	0.02196	0.01573	0.01028	0.00834	0.00254	0.00882	0.00781	0.06023	0.01395
21	0.02219	0.01686	0.01914	0.01486	0.02131	0.01588	0.01190	0.13575	0.14336	0.08154	0.06215	0.02476	0.02061	0.00908	0.00758	0.00201	0.00686	0.00735	0.00708	0.36972
22	0.02139	0.01611	0.02311	0.11133	0.20573	0.01606	0.01699	0.02868	0.11263	0.12901	0.06975	0.03054	0.06108	0.01018	0.00842	0.00250	0.00798	0.00891	0.00655	0.11306

[dist]
# distance from previous block
# <min> <max>
4	10

[block]
# block no. 3 follows, 21 sequences, length 6
# corresponding to MSA columns:
# 576-581
name=unknown_D
#
# <colnr> <probs for GDERKNQSTAVLIFYWHMCP>
#	G	D	E	R	K	N	Q	S	T	A	V	L	I	F	Y	W	H	M	C	P
0	0.01988	0.01917	0.05928	0.02714	0.11351	0.01774	0.20630	0.09053	0.02095	0.05345	0.02356	0.15975	0.02218	0.01205	0.01022	0.00278	0.04394	0.01152	0.00576	0.08029
1	0.01810	0.09037	0.40255	0.09668	0.03967	0.02120	0.16071	0.02634	0.01829	0.02589	0.01541	0.01924	0.01133	0.00786	0.00836	0.00268	0.01256	0.00713	0.00378	0.01186
2	0.12119	0.24766	0.33966	0.01930	0.02873	0.06217	0.02223	0.02664	0.01764	0.02595	0.01360	0.01589	0.01062	0.00785	0.00685	0.00238	0.01083	0.00547	0.00388	0.01144
3	0.02029	0.01377	0.01716	0.01634	0.05890	0.01335	0.01200	0.02894	0.16982	0.14227	0.17194	0.04473	0.07659	0.01342	0.00898	0.00264	0.00631	0.06194	0.00825	0.11238
4	0.02800	0.01913	0.02184	0.01703	0.02321	0.01989	0.01393	0.36046	0.03063	0.12695	0.02169	0.02292	0.01600	0.01693	0.09800	0.00387	0.01041	0.00756	0.00768	0.13388
5	0.02077	0.01664	0.02937	0.20892	0.03728	0.01731	0.19332	0.02534	0.01835	0.12277	0.01934	0.02516	0.01486	0.04176	0.01298	0.03882	0.06120	0.00852	0.03311	0.05417

[dist]
# distance from previous block
# <min> <max>
11	17

[block]
# block no. 4 follows, 21 sequences, length 31
# corresponding to MSA columns:
# 599-629
name=unknown_E
#
# <colnr> <probs for GDERKNQSTAVLIFYWHMCP>
#	G	D	E	R	K	N	Q	S	T	A	V	L	I	F	Y	W	H	M	C	P
0	0.02044	0.02309	0.16950	0.05080	0.02902	0.01802	0.09056	0.02763	0.07826	0.10421	0.02048	0.05324	0.01635	0.01024	0.01134	0.00267	0.11436	0.00820	0.00553	0.14607
1	0.03068	0.01677	0.02007	0.04714	0.02355	0.03648	0.01344	0.09940	0.16358	0.35907	0.07293	0.03037	0.02480	0.01105	0.00865	0.00268	0.00757	0.00903	0.00931	0.01343
2	0.02963	0.02222	0.02408	0.01829	0.02524	0.02360	0.01505	0.50868	0.03587	0.04883	0.01945	0.01992	0.01413	0.00949	0.00810	0.00231	0.00880	0.00718	0.00787	0.15127
3	0.01817	0.01515	0.01755	0.01316	0.01991	0.01244	0.01044	0.06293	0.04732	0.02992	0.05099	0.05384	0.01903	0.00838	0.00698	0.00160	0.00635	0.00691	0.00581	0.59312
4	0.01586	0.01320	0.01564	0.01261	0.01817	0.01058	0.00965	0.01990	0.04366	0.02647	0.02443	0.19888	0.02482	0.01195	0.00762	0.00192	0.00596	0.01034	0.00596	0.52239
5	0.07473	0.09778	0.26630	0.18339	0.07284	0.02057	0.08195	0.02503	0.01768	0.02614	0.01545	0.01967	0.01170	0.00806	0.00781	0.00261	0.01109	0.00681	0.03929	0.01111
6	0.03147	0.02268	0.02451	0.01907	0.02565	0.02500	0.01566	0.52244	0.10387	0.08720	0.02276	0.02217	0.01612	0.01038	0.00853	0.00260	0.00895	0.00793	0.00865	0.01436
7	0.01833	0.01552	0.01767	0.01323	0.02017	0.01293	0.01054	0.05488	0.08458	0.02964	0.02188	0.02327	0.05317	0.00801	0.00690	0.00160	0.00639	0.00647	0.00579	0.58903
8	0.01773	0.01841	0.03601	0.30628	0.04754	0.01913	0.30389	0.02379	0.01846	0.02464	0.01791	0.06040	0.01467	0.00879	0.00927	0.00281	0.01218	0.00956	0.00432	0.04420
9	0.76103	0.01646	0.01251	0.01119	0.01646	0.01909	0.00922	0.02502	0.01448	0.03818	0.01185	0.01382	0.00922	0.00790	0.00527	0.00263	0.00658	0.00461	0.00527	0.00922
10	0.01943	0.01618	0.01861	0.01345	0.02092	0.01317	0.01082	0.09414	0.02037	0.03088	0.01577	0.01799	0.01283	0.00678	0.00657	0.00142	0.00667	0.00536	0.00546	0.66316
11	0.52800	0.01601	0.01556	0.01503	0.06106	0.01740	0.01126	0.02812	0.01707	0.16291	0.01810	0.02117	0.01375	0.00913	0.00645	0.00268	0.00702	0.03236	0.00639	0.01053
12	0.01078	0.00770	0.01034	0.01231	0.01299	0.00726	0.00861	0.01255	0.01669	0.02218	0.04668	0.62249	0.05540	0.02628	0.01097	0.00351	0.00529	0.09305	0.00789	0.00702
13	0.03235	0.02384	0.02554	0.01958	0.02639	0.02639	0.01618	0.61946	0.04001	0.05363	0.02043	0.02043	0.01447	0.01022	0.00851	0.00255	0.00936	0.00766	0.00851	0.01447
14	0.01100	0.00800	0.01051	0.01227	0.01330	0.00751	0.00890	0.01303	0.01727	0.02260	0.05059	0.51349	0.11542	0.02551	0.01096	0.00349	0.00545	0.13569	0.00789	0.00712
15	0.03235	0.02384	0.02554	0.01958	0.02639	0.02639	0.01618	0.61946	0.04001	0.05363	0.02043	0.02043	0.01447	0.01022	0.00851	0.00255	0.00936	0.00766	0.00851	0.01447
16	0.01960	0.02200	0.04721	0.11424	0.04620	0.02120	0.54479	0.02659	0.01971	0.02659	0.01696	0.02292	0.01272	0.00734	0.00986	0.00287	0.01398	0.00974	0.00424	0.01123
17	0.01033	0.00755	0.00972	0.01146	0.01224	0.00695	0.00773	0.01189	0.01667	0.02188	0.05168	0.62078	0.12779	0.02604	0.01076	0.00339	0.00486	0.02344	0.00790	0.00695
18	0.03374	0.01531	0.01960	0.01540	0.02144	0.01435	0.01258	0.10952	0.06810	0.47752	0.09178	0.03151	0.02640	0.01124	0.00870	0.00265	0.00715	0.00919	0.01004	0.01378
19	0.03009	0.01323	0.01767	0.01464	0.01983	0.01199	0.01201	0.03480	0.05974	0.44334	0.13089	0.04272	0.03406	0.01325	0.00919	0.00281	0.00678	0.08046	0.00991	0.01260
20	0.02337	0.01853	0.01994	0.01718	0.02250	0.02068	0.01354	0.11338	0.48586	0.07552	0.03167	0.02935	0.02347	0.01101	0.00849	0.00273	0.00706	0.00904	0.00854	0.05815
21	0.02905	0.02188	0.02377	0.01801	0.02499	0.02301	0.01481	0.48515	0.03499	0.04782	0.01924	0.01981	0.01405	0.00934	0.00802	0.00226	0.00868	0.00707	0.00773	0.18033
22	0.06115	0.01556	0.02480	0.57361	0.05241	0.01964	0.02226	0.02181	0.01646	0.02260	0.01453	0.02174	0.01120	0.00912	0.01028	0.00291	0.07925	0.00737	0.00386	0.00942
23	0.01451	0.01161	0.01474	0.01422	0.01615	0.04347	0.01097	0.05754	0.01592	0.02194	0.02241	0.03300	0.02089	0.09579	0.55225	0.01203	0.02063	0.00904	0.00486	0.00803
24	0.01765	0.01513	0.01765	0.01260	0.02017	0.01134	0.01008	0.02143	0.01765	0.02773	0.01513	0.01765	0.01260	0.00630	0.00630	0.00126	0.00630	0.00504	0.00504	0.75295
25	0.02117	0.01828	0.01924	0.01732	0.02213	0.02117	0.01347	0.04522	0.63246	0.03560	0.03464	0.03175	0.02598	0.01155	0.00866	0.00289	0.00673	0.00962	0.00866	0.01347
26	0.01134	0.00881	0.01050	0.01122	0.01346	0.00798	0.00885	0.01411	0.01958	0.02474	0.13015	0.15870	0.34420	0.02228	0.01063	0.00322	0.00535	0.17943	0.00804	0.00743
27	0.03235	0.02384	0.02554	0.01958	0.02639	0.02639	0.01618	0.61946	0.04001	0.05363	0.02043	0.02043	0.01447	0.01022	0.00851	0.00255	0.00936	0.00766	0.00851	0.01447
28	0.01862	0.01862	0.02607	0.02234	0.02234	0.02607	0.01862	0.02048	0.01303	0.02048	0.01117	0.01862	0.01117	0.01489	0.02793	0.00372	0.68535	0.00745	0.00372	0.00931
29	0.02874	0.02204	0.02351	0.01885	0.02502	0.02470	0.01530	0.43413	0.23122	0.04781	0.02502	0.02408	0.01819	0.01065	0.00856	0.00266	0.00852	0.00829	0.00856	0.01415
30	0.05313	0.01787	0.01994	0.04867	0.02328	0.01969	0.01361	0.23516	0.21895	0.07755	0.14707	0.03277	0.03099	0.01188	0.00873	0.00270	0.00736	0.00972	0.00849	0.01245

[dist]
# distance from previous block
# <min> <max>
0	1

[block]
# block no. 5 follows, 21 sequences, length 29
# corresponding to MSA columns:
# 631-659
name=unknown_F
#
# <colnr> <probs for GDERKNQSTAVLIFYWHMCP>
#	G	D	E	R	K	N	Q	S	T	A	V	L	I	F	Y	W	H	M	C	P
0	0.24500	0.01449	0.01653	0.01345	0.01894	0.01423	0.01098	0.05344	0.02199	0.35547	0.12216	0.02965	0.02664	0.01083	0.00783	0.00264	0.00662	0.00844	0.00874	0.01193
1	0.02120	0.01550	0.01759	0.01566	0.01927	0.01651	0.01198	0.31129	0.02798	0.03745	0.03386	0.36275	0.03568	0.01856	0.00970	0.00301	0.00712	0.01605	0.00820	0.01064
2	0.01728	0.01473	0.01725	0.01257	0.01977	0.01112	0.00997	0.02094	0.01758	0.02743	0.01674	0.05199	0.01482	0.00733	0.00653	0.00137	0.00623	0.00601	0.00519	0.71514
3	0.05292	0.00785	0.01116	0.01109	0.01136	0.00799	0.00748	0.01180	0.01126	0.01598	0.01463	0.02525	0.01450	0.02846	0.03183	0.71409	0.00735	0.00725	0.00378	0.00398
4	0.02016	0.02275	0.04904	0.03710	0.08977	0.02142	0.57258	0.02717	0.02003	0.02730	0.01713	0.02281	0.01296	0.00720	0.00992	0.00284	0.01403	0.00986	0.00430	0.01163
5	0.01998	0.02263	0.04840	0.03485	0.04281	0.02186	0.57201	0.02675	0.01956	0.02675	0.01676	0.02263	0.01278	0.00775	0.01139	0.00293	0.06472	0.00985	0.00426	0.01131
6	0.02608	0.02267	0.03464	0.02542	0.03302	0.02304	0.25526	0.32707	0.02996	0.04068	0.01865	0.02118	0.01367	0.00863	0.00892	0.00256	0.01106	0.00837	0.00651	0.08261
7	0.01171	0.00838	0.01016	0.01077	0.01115	0.00840	0.00686	0.01250	0.01438	0.01911	0.03780	0.30353	0.07974	0.36743	0.02796	0.00586	0.03470	0.01711	0.00634	0.00614
8	0.01845	0.01560	0.01808	0.01299	0.02051	0.01217	0.01042	0.05412	0.01887	0.02915	0.01542	0.01780	0.01271	0.00652	0.00642	0.00133	0.00647	0.00519	0.00523	0.71257
9	0.03023	0.02024	0.02230	0.01722	0.02356	0.02142	0.01413	0.43226	0.03383	0.12889	0.02251	0.02252	0.01596	0.00991	0.00807	0.00240	0.00827	0.00760	0.08550	0.07318
10	0.01456	0.01340	0.02320	0.01908	0.02325	0.01203	0.18809	0.01814	0.01766	0.02445	0.03236	0.37361	0.03554	0.01721	0.00979	0.00288	0.00796	0.01653	0.00632	0.14393
11	0.01037	0.00741	0.00987	0.01185	0.01234	0.00691	0.00790	0.01185	0.01629	0.02172	0.04690	0.69537	0.05629	0.02666	0.01086	0.00346	0.00494	0.02419	0.00790	0.00691
12	0.02045	0.01626	0.02424	0.05393	0.02457	0.01956	0.07234	0.06138	0.01748	0.10731	0.01986	0.06722	0.01756	0.02225	0.13174	0.00509	0.29403	0.00924	0.00541	0.01009
13	0.01669	0.01411	0.01663	0.01251	0.01914	0.01076	0.00980	0.02017	0.01747	0.02694	0.01929	0.10655	0.01833	0.00897	0.00690	0.00155	0.00612	0.00755	0.00542	0.65508
14	0.03235	0.02384	0.02554	0.01958	0.02639	0.02639	0.01618	0.61946	0.04001	0.05363	0.02043	0.02043	0.01447	0.01022	0.00851	0.00255	0.00936	0.00766	0.00851	0.01447
15	0.01765	0.01513	0.01765	0.01260	0.02017	0.01134	0.01008	0.02143	0.01765	0.02773	0.01513	0.01765	0.01260	0.00630	0.00630	0.00126	0.00630	0.00504	0.00504	0.75295
16	0.01445	0.00969	0.01245	0.01339	0.01531	0.00946	0.01018	0.01887	0.07619	0.07489	0.04676	0.38727	0.08689	0.02281	0.01064	0.00342	0.00599	0.16480	0.00817	0.00839
17	0.03464	0.01527	0.01970	0.01546	0.02163	0.01419	0.01264	0.08689	0.08305	0.51236	0.06678	0.03048	0.02432	0.01099	0.00865	0.00265	0.00718	0.00897	0.01013	0.01402
18	0.03118	0.02134	0.02360	0.01815	0.02489	0.02266	0.01492	0.44681	0.06882	0.13737	0.02264	0.02204	0.01590	0.00997	0.00832	0.00246	0.00862	0.00765	0.00849	0.08418
19	0.03784	0.01503	0.02009	0.01540	0.02200	0.01332	0.01272	0.07514	0.02527	0.61878	0.03281	0.02847	0.02068	0.01051	0.00856	0.00263	0.00737	0.00851	0.01042	0.01448
20	0.01708	0.01638	0.02352	0.08277	0.02433	0.02228	0.01749	0.01954	0.01354	0.02045	0.01388	0.02199	0.01322	0.02414	0.15480	0.00564	0.48828	0.00779	0.00390	0.00898
21	0.01926	0.02086	0.04453	0.08537	0.04246	0.01998	0.51163	0.02529	0.01899	0.02564	0.01682	0.02321	0.01296	0.00940	0.01211	0.07367	0.01345	0.00959	0.00420	0.01058
22	0.01106	0.00814	0.01061	0.01192	0.01308	0.00733	0.00811	0.01275	0.01642	0.02229	0.04390	0.63135	0.05216	0.02474	0.01043	0.00325	0.00507	0.02238	0.00763	0.07739
23	0.03235	0.02384	0.02554	0.01958	0.02639	0.02639	0.01618	0.61946	0.04001	0.05363	0.02043	0.02043	0.01447	0.01022	0.00851	0.00255	0.00936	0.00766	0.00851	0.01447
24	0.01862	0.01862	0.02607	0.02234	0.02234	0.02607	0.01862	0.02048	0.01303	0.02048	0.01117	0.01862	0.01117	0.01489	0.02793	0.00372	0.68535	0.00745	0.00372	0.00931
25	0.01731	0.00986	0.01306	0.01160	0.01453	0.00893	0.00893	0.02118	0.02414	0.15887	0.52058	0.05660	0.06837	0.01602	0.00974	0.00267	0.00466	0.01401	0.00960	0.00933
26	0.02750	0.02706	0.29749	0.01887	0.02782	0.01543	0.02053	0.03371	0.02155	0.34525	0.05980	0.02610	0.01990	0.00985	0.00843	0.00266	0.00939	0.00795	0.00744	0.01329
27	0.07064	0.01222	0.01733	0.18133	0.02632	0.01377	0.04771	0.01858	0.01649	0.02473	0.02924	0.14888	0.07359	0.06898	0.01298	0.00329	0.06941	0.01169	0.14454	0.00828
28	0.02470	0.01856	0.02091	0.01553	0.02274	0.01740	0.01265	0.26077	0.02694	0.07451	0.01831	0.01942	0.01384	0.00811	0.00731	0.00186	0.00758	0.00629	0.00674	0.41583

[dist]
# distance from previous block
# <min> <max>
1	20

[block]
# block no. 6 follows, 21 sequences, length 13
# corresponding to MSA columns:
# 680-692
name=unknown_G
#
# <colnr> <probs for GDERKNQSTAVLIFYWHMCP>
#	G	D	E	R	K	N	Q	S	T	A	V	L	I	F	Y	W	H	M	C	P
0	0.12314	0.02166	0.02267	0.01784	0.02405	0.02404	0.01464	0.47716	0.06511	0.04954	0.05956	0.02289	0.01855	0.01044	0.00820	0.00259	0.00854	0.00786	0.00816	0.01335
1	0.11304	0.02860	0.02359	0.01989	0.02468	0.26726	0.01582	0.24870	0.02741	0.03494	0.01544	0.01751	0.01210	0.01005	0.01049	0.00259	0.10408	0.00646	0.00593	0.01143
2	0.01085	0.00915	0.00927	0.00916	0.01196	0.00806	0.00678	0.01412	0.05416	0.02329	0.07934	0.07730	0.56853	0.06564	0.01216	0.00323	0.00471	0.01711	0.00777	0.00741
3	0.03386	0.01545	0.01962	0.01569	0.02183	0.01471	0.01275	0.04243	0.17886	0.49668	0.03384	0.02967	0.02231	0.01079	0.00858	0.00270	0.00711	0.00883	0.01006	0.01423
4	0.01862	0.01862	0.02607	0.02234	0.02234	0.02607	0.01862	0.02048	0.01303	0.02048	0.01117	0.01862	0.01117	0.01489	0.02793	0.00372	0.68535	0.00745	0.00372	0.00931
5	0.01064	0.00760	0.01018	0.01216	0.01277	0.00714	0.00837	0.01232	0.01656	0.02203	0.04676	0.64699	0.05570	0.02641	0.01093	0.00349	0.00517	0.06991	0.00789	0.00699
6	0.01707	0.04402	0.65683	0.02426	0.03683	0.01976	0.03144	0.02695	0.01797	0.02695	0.01527	0.01797	0.01078	0.00809	0.00809	0.00270	0.01258	0.00629	0.00359	0.01258
7	0.01395	0.00932	0.01245	0.01272	0.01489	0.00879	0.01022	0.01760	0.02168	0.06601	0.32320	0.12469	0.08933	0.02008	0.01062	0.00318	0.00564	0.21872	0.00871	0.00821
8	0.13878	0.34822	0.03221	0.01555	0.02233	0.02765	0.01405	0.19856	0.02401	0.08365	0.01608	0.01688	0.01251	0.00849	0.00656	0.00222	0.00865	0.00578	0.00585	0.01198
9	0.01524	0.00955	0.01220	0.01246	0.01421	0.00912	0.00883	0.05901	0.01956	0.09272	0.11476	0.46013	0.05090	0.06383	0.01233	0.00350	0.00559	0.01955	0.00824	0.00829
10	0.02227	0.02217	0.03491	0.09450	0.03665	0.08605	0.29092	0.13931	0.02392	0.03082	0.02132	0.03246	0.01818	0.01047	0.00960	0.00289	0.01223	0.09460	0.00559	0.01114
11	0.06950	0.02124	0.16546	0.23251	0.03548	0.01674	0.01958	0.02215	0.01726	0.02589	0.04890	0.06136	0.01750	0.00983	0.00913	0.00255	0.05068	0.00792	0.00463	0.16167
12	0.08965	0.06913	0.11873	0.22305	0.06242	0.01867	0.01887	0.05584	0.05035	0.06686	0.08424	0.02522	0.02007	0.00944	0.00796	0.00257	0.00920	0.00773	0.00548	0.05453

[dist]
# distance from previous block
# <min> <max>
3	13

[block]
# block no. 7 follows, 21 sequences, length 26
# corresponding to MSA columns:
# 706-731
name=unknown_H
#
# <colnr> <probs for GDERKNQSTAVLIFYWHMCP>
#	G	D	E	R	K	N	Q	S	T	A	V	L	I	F	Y	W	H	M	C	P
0	0.05210	0.01693	0.06525	0.07208	0.07306	0.01487	0.05221	0.06838	0.02279	0.27357	0.10708	0.05338	0.02820	0.01187	0.00895	0.00277	0.00826	0.04831	0.00794	0.01201
1	0.02129	0.05174	0.03207	0.04950	0.10721	0.05698	0.19552	0.10794	0.02227	0.03046	0.07756	0.02527	0.01981	0.00962	0.01047	0.00262	0.07362	0.00871	0.04884	0.04850
2	0.01993	0.15946	0.25869	0.01971	0.02710	0.03979	0.02095	0.02531	0.01751	0.06044	0.01676	0.02290	0.01416	0.01022	0.01143	0.00264	0.13857	0.04438	0.00447	0.08558
3	0.10626	0.10328	0.40258	0.02122	0.03103	0.10531	0.02437	0.06376	0.01965	0.02841	0.01459	0.01688	0.01086	0.00820	0.00748	0.00253	0.01171	0.00591	0.00419	0.01179
4	0.36677	0.02618	0.24297	0.01679	0.02457	0.01887	0.01790	0.02624	0.01643	0.07025	0.01455	0.01672	0.01081	0.00843	0.00782	0.00264	0.04729	0.00563	0.00489	0.05426
5	0.04377	0.38917	0.13191	0.01537	0.02235	0.02515	0.01567	0.05968	0.01895	0.05158	0.01767	0.05625	0.01535	0.00915	0.00654	0.00217	0.00867	0.00669	0.09300	0.01090
6	0.02013	0.06165	0.16190	0.02871	0.03724	0.06527	0.34534	0.02670	0.01925	0.02613	0.01581	0.02028	0.01215	0.00774	0.00973	0.00262	0.04380	0.00812	0.00418	0.08327
7	0.01061	0.00767	0.01010	0.01194	0.01271	0.00716	0.00827	0.01233	0.01676	0.02210	0.04933	0.60775	0.09418	0.02608	0.01088	0.00345	0.00513	0.06866	0.00789	0.00700
8	0.01781	0.01962	0.06075	0.17602	0.08151	0.01912	0.31466	0.02361	0.01843	0.02500	0.02014	0.10953	0.01805	0.01045	0.01053	0.00295	0.04585	0.01089	0.00459	0.01050
9	0.11489	0.03851	0.53163	0.02197	0.03320	0.01920	0.02732	0.02765	0.01793	0.06941	0.01603	0.01815	0.01125	0.00822	0.00775	0.00268	0.01145	0.00622	0.00426	0.01227
10	0.01047	0.00748	0.00996	0.01178	0.01236	0.00698	0.00791	0.01209	0.01674	0.02244	0.08139	0.65884	0.05767	0.02613	0.01081	0.00341	0.00488	0.02368	0.00798	0.00698
11	0.01975	0.01590	0.01818	0.01396	0.02076	0.01393	0.01109	0.02869	0.17538	0.06637	0.02120	0.02192	0.01652	0.00789	0.00704	0.00176	0.00647	0.00642	0.00629	0.52050
12	0.01238	0.00825	0.00928	0.00928	0.00928	0.00825	0.00516	0.01238	0.01238	0.01650	0.02681	0.05569	0.03094	0.70092	0.04331	0.00825	0.00825	0.01238	0.00516	0.00516
13	0.02149	0.01770	0.01906	0.01661	0.02186	0.01950	0.01299	0.04196	0.52481	0.06300	0.03206	0.02979	0.02402	0.01082	0.00835	0.00266	0.00670	0.00898	0.00828	0.10937
14	0.01721	0.01466	0.01718	0.01256	0.01970	0.01108	0.00995	0.02085	0.01756	0.02737	0.01704	0.05857	0.01524	0.00753	0.00658	0.00139	0.00622	0.00620	0.00521	0.70790
15	0.01184	0.00869	0.01109	0.01049	0.01259	0.00794	0.00787	0.01566	0.02361	0.03298	0.58615	0.06545	0.13821	0.01782	0.01004	0.00270	0.00405	0.01565	0.00922	0.00794
16	0.01862	0.01862	0.02607	0.02234	0.02234	0.02607	0.01862	0.02048	0.01303	0.02048	0.01117	0.01862	0.01117	0.01489	0.02793	0.00372	0.68535	0.00745	0.00372	0.00931
17	0.03818	0.01448	0.01975	0.01514	0.02172	0.01251	0.01251	0.04147	0.02436	0.65373	0.03357	0.02897	0.02107	0.01053	0.00856	0.00263	0.00724	0.00856	0.01053	0.01448
18	0.01765	0.01513	0.01765	0.01260	0.02017	0.01134	0.01008	0.02143	0.01765	0.02773	0.01513	0.01765	0.01260	0.00630	0.00630	0.00126	0.00630	0.00504	0.00504	0.75295
19	0.01505	0.00943	0.01193	0.01088	0.01365	0.00845	0.00831	0.01862	0.02323	0.11232	0.45792	0.06258	0.18033	0.01730	0.00985	0.00271	0.00449	0.01500	0.00924	0.00870
20	0.01118	0.00942	0.01001	0.00940	0.01273	0.00776	0.00709	0.01363	0.01933	0.02423	0.10945	0.09807	0.50341	0.01953	0.00960	0.00268	0.00458	0.01639	0.00762	0.10390
21	0.02191	0.01694	0.01875	0.01622	0.02153	0.01807	0.01282	0.03945	0.43718	0.09573	0.03177	0.03233	0.02439	0.01116	0.00841	0.00264	0.00677	0.03795	0.00820	0.13778
22	0.01356	0.00910	0.01174	0.01214	0.01394	0.00829	0.00872	0.01568	0.01742	0.06125	0.08808	0.38380	0.04755	0.10993	0.01451	0.00380	0.00590	0.08439	0.00753	0.08267
23	0.66394	0.01545	0.01236	0.01113	0.01597	0.01766	0.00906	0.02385	0.01573	0.03766	0.09371	0.02027	0.01843	0.00913	0.00588	0.00264	0.00625	0.00601	0.00580	0.00906
24	0.01712	0.01387	0.01626	0.01543	0.01930	0.01450	0.01254	0.02935	0.27290	0.03086	0.10044	0.05586	0.03809	0.01569	0.00959	0.00302	0.00678	0.21365	0.00798	0.10677
25	0.02368	0.02665	0.03014	0.11004	0.03330	0.23928	0.14771	0.04945	0.05717	0.02432	0.01541	0.01984	0.01251	0.00997	0.01287	0.00282	0.16238	0.00750	0.00455	0.01042

[dist]
# distance from previous block
# <min> <max>
0	7

[block]
# block no. 8 follows, 21 sequences, length 45
# corresponding to MSA columns:
# 739-783
name=unknown_I
#
# <colnr> <probs for GDERKNQSTAVLIFYWHMCP>
#	G	D	E	R	K	N	Q	S	T	A	V	L	I	F	Y	W	H	M	C	P
0	0.04813	0.01608	0.02022	0.01671	0.02119	0.01700	0.06254	0.21403	0.08945	0.03904	0.24985	0.04118	0.04116	0.01581	0.04121	0.00326	0.00804	0.03600	0.00815	0.01095
1	0.10108	0.01993	0.02108	0.01723	0.02290	0.02192	0.01418	0.39937	0.08334	0.04513	0.02877	0.03354	0.07110	0.01239	0.00866	0.00276	0.00829	0.06769	0.00808	0.01257
2	0.03235	0.02384	0.02554	0.01958	0.02639	0.02639	0.01618	0.61946	0.04001	0.05363	0.02043	0.02043	0.01447	0.01022	0.00851	0.00255	0.00936	0.00766	0.00851	0.01447
3	0.01567	0.01448	0.02410	0.61298	0.05399	0.01781	0.02206	0.02117	0.01773	0.02299	0.07843	0.02681	0.01829	0.00940	0.00866	0.00282	0.01061	0.00835	0.00434	0.00931
4	0.22431	0.02254	0.02196	0.07300	0.02645	0.07710	0.01498	0.36286	0.02999	0.04413	0.01710	0.01844	0.01252	0.00934	0.00758	0.00257	0.00929	0.00666	0.00691	0.01227
5	0.03208	0.02111	0.02351	0.01829	0.02467	0.02264	0.01499	0.47577	0.03568	0.16234	0.02447	0.06323	0.01824	0.01128	0.00866	0.00262	0.00870	0.00884	0.00885	0.01401
6	0.01084	0.00811	0.01136	0.01268	0.01364	0.00756	0.02872	0.01267	0.01675	0.02216	0.04790	0.61087	0.08575	0.02558	0.01083	0.00343	0.00536	0.05088	0.00778	0.00713
7	0.03663	0.08417	0.02225	0.01508	0.02174	0.01464	0.01271	0.03986	0.02365	0.58988	0.03138	0.02742	0.02004	0.01021	0.00825	0.00255	0.00743	0.00815	0.00984	0.01412
8	0.01811	0.01822	0.02771	0.02314	0.02425	0.02390	0.09199	0.02060	0.01418	0.02143	0.01491	0.07576	0.01516	0.01492	0.02428	0.00360	0.54515	0.00917	0.00415	0.00938
9	0.01037	0.00741	0.00987	0.01185	0.01234	0.00691	0.00790	0.01185	0.01629	0.02172	0.04690	0.69537	0.05629	0.02666	0.01086	0.00346	0.00494	0.02419	0.00790	0.00691
10	0.01312	0.01027	0.01329	0.01267	0.01340	0.01181	0.00913	0.01453	0.01357	0.01877	0.02902	0.04567	0.08664	0.33273	0.21884	0.00853	0.12504	0.01117	0.00502	0.00676
11	0.03235	0.02384	0.02554	0.01958	0.02639	0.02639	0.01618	0.61946	0.04001	0.05363	0.02043	0.02043	0.01447	0.01022	0.00851	0.00255	0.00936	0.00766	0.00851	0.01447
12	0.03230	0.01512	0.01926	0.01513	0.02091	0.01420	0.01235	0.14180	0.02715	0.43044	0.14363	0.03380	0.03079	0.01174	0.00882	0.00263	0.00703	0.00966	0.00995	0.01329
13	0.55424	0.01732	0.01616	0.10512	0.02371	0.02010	0.01220	0.10905	0.01846	0.03810	0.01352	0.01599	0.01026	0.00831	0.00618	0.00265	0.00764	0.00545	0.00552	0.01000
14	0.01238	0.00825	0.00928	0.00928	0.00928	0.00825	0.00516	0.01238	0.01238	0.01650	0.02681	0.05569	0.03094	0.70092	0.04331	0.00825	0.00825	0.01238	0.00516	0.00516
15	0.01765	0.01513	0.01765	0.01260	0.02017	0.01134	0.01008	0.02143	0.01765	0.02773	0.01513	0.01765	0.01260	0.00630	0.00630	0.00126	0.00630	0.00504	0.00504	0.75295
16	0.01932	0.22332	0.38310	0.02202	0.03199	0.05130	0.07440	0.02639	0.01805	0.02450	0.01471	0.01772	0.01144	0.01012	0.03477	0.00290	0.01231	0.00621	0.00374	0.01170
17	0.01042	0.00864	0.00913	0.00901	0.01172	0.00734	0.00675	0.01292	0.02026	0.02504	0.18894	0.07852	0.54037	0.02079	0.01005	0.00284	0.00426	0.01749	0.00817	0.00734
18	0.01503	0.01106	0.01562	0.16104	0.02455	0.01184	0.01260	0.02036	0.07107	0.06648	0.19885	0.20126	0.04492	0.02079	0.06441	0.00387	0.00798	0.03202	0.00734	0.00890
19	0.02355	0.64929	0.04301	0.01498	0.02222	0.03307	0.01470	0.07489	0.01918	0.02282	0.01255	0.01422	0.01122	0.00752	0.00571	0.00188	0.00912	0.00481	0.00405	0.01122
20	0.07083	0.05679	0.04342	0.06928	0.02103	0.01617	0.01268	0.10625	0.01963	0.02972	0.02383	0.05603	0.04500	0.02048	0.12621	0.00448	0.05728	0.00855	0.17212	0.04024
21	0.02473	0.05378	0.02487	0.05527	0.05361	0.07466	0.06519	0.28900	0.02824	0.03756	0.02306	0.11470	0.02020	0.01174	0.00849	0.00260	0.00925	0.00984	0.08158	0.01165
22	0.59437	0.02057	0.01528	0.01345	0.01872	0.11360	0.01085	0.07603	0.01801	0.03696	0.01276	0.01460	0.00991	0.00822	0.00589	0.00256	0.00809	0.00499	0.00541	0.00975
23	0.01938	0.07807	0.04493	0.07327	0.04101	0.02125	0.47781	0.02571	0.01948	0.02600	0.01907	0.05313	0.01600	0.00878	0.00967	0.00285	0.01305	0.03507	0.00452	0.01096
24	0.01279	0.00985	0.01348	0.01472	0.07661	0.00919	0.00972	0.01675	0.02322	0.03256	0.53379	0.06081	0.12049	0.01675	0.00988	0.00268	0.00465	0.01482	0.00873	0.00851
25	0.03818	0.01448	0.01975	0.01514	0.02172	0.01251	0.01251	0.04147	0.02436	0.65373	0.03357	0.02897	0.02107	0.01053	0.00856	0.00263	0.00724	0.00856	0.01053	0.01448
26	0.01773	0.12139	0.58528	0.02312	0.03508	0.02139	0.02947	0.02678	0.01789	0.02614	0.01487	0.01746	0.01080	0.00799	0.00778	0.00259	0.01217	0.00609	0.00360	0.01238
27	0.01194	0.00862	0.01128	0.01078	0.01269	0.00796	0.00802	0.01580	0.02361	0.03337	0.60691	0.10216	0.07883	0.01796	0.01009	0.00272	0.00407	0.01593	0.00928	0.00796
28	0.01051	0.00751	0.01000	0.01175	0.01237	0.00701	0.00791	0.01220	0.01695	0.02276	0.09679	0.64253	0.05829	0.02589	0.01079	0.00339	0.00486	0.02346	0.00802	0.00701
29	0.02228	0.65097	0.09553	0.01537	0.02309	0.03252	0.01597	0.02560	0.01735	0.02060	0.01212	0.01401	0.01091	0.00735	0.00568	0.00189	0.00939	0.00470	0.00364	0.01106
30	0.01765	0.01513	0.01765	0.01260	0.02017	0.01134	0.01008	0.02143	0.01765	0.02773	0.01513	0.01765	0.01260	0.00630	0.00630	0.00126	0.00630	0.00504	0.00504	0.75295
31	0.06358	0.06147	0.02403	0.02241	0.11609	0.02240	0.01571	0.15752	0.32468	0.06219	0.02630	0.02567	0.01975	0.01019	0.00821	0.00268	0.00793	0.00830	0.00755	0.01334
32	0.01889	0.09751	0.56506	0.02286	0.03462	0.02047	0.02882	0.02775	0.01832	0.06628	0.01615	0.01831	0.01145	0.00817	0.00790	0.00262	0.01195	0.00629	0.00404	0.01256
33	0.01765	0.01513	0.01765	0.01260	0.02017	0.01134	0.01008	0.02143	0.01765	0.02773	0.01513	0.01765	0.01260	0.00630	0.00630	0.00126	0.00630	0.00504	0.00504	0.75295
34	0.01173	0.00851	0.01116	0.01159	0.01324	0.00794	0.00871	0.01497	0.02116	0.02906	0.37304	0.23529	0.09960	0.02091	0.01050	0.00307	0.00481	0.09837	0.00869	0.00766
35	0.02606	0.02753	0.02126	0.01805	0.02332	0.31197	0.01388	0.13627	0.02457	0.02875	0.01841	0.08540	0.01660	0.01020	0.00779	0.00214	0.01084	0.00765	0.00567	0.20362
36	0.01238	0.00825	0.00928	0.00928	0.00928	0.00825	0.00516	0.01238	0.01238	0.01650	0.02681	0.05569	0.03094	0.70092	0.04331	0.00825	0.00825	0.01238	0.00516	0.00516
37	0.02509	0.48581	0.06614	0.01710	0.02379	0.21437	0.01586	0.02798	0.01928	0.02056	0.01236	0.01433	0.01093	0.00774	0.00621	0.00197	0.01105	0.00489	0.00385	0.01069
38	0.01858	0.01568	0.01815	0.01305	0.02056	0.01230	0.01047	0.05951	0.01907	0.02938	0.01546	0.01782	0.01272	0.00655	0.00644	0.00134	0.00650	0.00521	0.00526	0.70593
39	0.01997	0.02240	0.04709	0.03503	0.06389	0.02195	0.53229	0.02650	0.01931	0.02656	0.01653	0.02243	0.01275	0.00801	0.01188	0.00295	0.08522	0.00968	0.00424	0.01132
40	0.01658	0.01572	0.02710	0.49276	0.13925	0.01827	0.06046	0.02191	0.01749	0.02297	0.01803	0.07843	0.01549	0.00980	0.00879	0.00285	0.01082	0.00911	0.00422	0.00995
41	0.01707	0.04402	0.65683	0.02426	0.03683	0.01976	0.03144	0.02695	0.01797	0.02695	0.01527	0.01797	0.01078	0.00809	0.00809	0.00270	0.01258	0.00629	0.00359	0.01258
42	0.01764	0.11073	0.59514	0.02328	0.03532	0.02117	0.02974	0.02680	0.01790	0.02625	0.01493	0.01753	0.01079	0.00800	0.00782	0.00261	0.01223	0.00611	0.00360	0.01241
43	0.03219	0.01488	0.02017	0.01836	0.07322	0.01383	0.01359	0.03816	0.09909	0.46585	0.03341	0.06401	0.02401	0.01178	0.00881	0.00275	0.00733	0.03542	0.00953	0.01361
44	0.02275	0.70604	0.04459	0.01456	0.02184	0.03367	0.01456	0.02548	0.01729	0.02002	0.01183	0.01365	0.01092	0.00728	0.00546	0.00182	0.00910	0.00455	0.00364	0.01092

[dist]
# distance from previous block
# <min> <max>
0	1

[block]
# block no. 9 follows, 21 sequences, length 52
# corresponding to MSA columns:
# 785-836
name=unknown_J
#
# <colnr> <probs for GDERKNQSTAVLIFYWHMCP>
#	G	D	E	R	K	N	Q	S	T	A	V	L	I	F	Y	W	H	M	C	P
0	0.01051	0.00747	0.00983	0.01167	0.01213	0.00701	0.00771	0.01189	0.01602	0.02136	0.04550	0.65054	0.05451	0.07391	0.01314	0.00379	0.00517	0.02336	0.00771	0.00679
1	0.02013	0.02283	0.04951	0.03661	0.07179	0.02146	0.59019	0.02721	0.02005	0.02728	0.01716	0.02287	0.01294	0.00719	0.00997	0.00285	0.01416	0.00993	0.00430	0.01157
2	0.32859	0.07003	0.05376	0.01365	0.01924	0.01797	0.01198	0.08442	0.01976	0.14320	0.05179	0.02240	0.01737	0.01309	0.05301	0.00330	0.00835	0.00677	0.05062	0.01072
3	0.03179	0.04056	0.02412	0.02192	0.02631	0.66676	0.01644	0.03398	0.02412	0.02083	0.01315	0.01535	0.01096	0.00877	0.00767	0.00219	0.01535	0.00548	0.00438	0.00987
4	0.01440	0.01386	0.06065	0.05360	0.09152	0.01256	0.01347	0.02125	0.12500	0.02624	0.08685	0.36626	0.04249	0.01879	0.00981	0.00310	0.00665	0.01687	0.00721	0.00944
5	0.01035	0.00749	0.00979	0.01162	0.01228	0.00693	0.00780	0.01187	0.01651	0.02181	0.04966	0.65238	0.09750	0.02630	0.01081	0.00342	0.00489	0.02376	0.00790	0.00693
6	0.01129	0.00850	0.01045	0.01031	0.01234	0.00765	0.00760	0.01447	0.02179	0.02950	0.41539	0.15430	0.22573	0.01975	0.01015	0.00283	0.00422	0.01726	0.00878	0.00765
7	0.01136	0.00790	0.00951	0.01039	0.01076	0.00760	0.00644	0.01213	0.01448	0.01916	0.03884	0.34062	0.07445	0.36630	0.02718	0.00584	0.00657	0.01791	0.00652	0.00604
8	0.01995	0.02391	0.07773	0.03534	0.04413	0.02144	0.59037	0.02725	0.01999	0.02725	0.01713	0.02273	0.01282	0.00721	0.00995	0.00286	0.01427	0.00987	0.00427	0.01153
9	0.01238	0.00825	0.00928	0.00928	0.00928	0.00825	0.00516	0.01238	0.01238	0.01650	0.02681	0.05569	0.03094	0.70092	0.04331	0.00825	0.00825	0.01238	0.00516	0.00516
10	0.01037	0.00741	0.00987	0.01185	0.01234	0.00691	0.00790	0.01185	0.01629	0.02172	0.04690	0.69537	0.05629	0.02666	0.01086	0.00346	0.00494	0.02419	0.00790	0.00691
11	0.03818	0.01448	0.01975	0.01514	0.02172	0.01251	0.01251	0.04147	0.02436	0.65373	0.03357	0.02897	0.02107	0.01053	0.00856	0.00263	0.00724	0.00856	0.01053	0.01448
12	0.01238	0.00825	0.00928	0.00928	0.00928	0.00825	0.00516	0.01238	0.01238	0.01650	0.02681	0.05569	0.03094	0.70092	0.04331	0.00825	0.00825	0.01238	0.00516	0.00516
