[name]
unknown

[dist]
# distance from previous block
# <min> <max>
0	0

[block]
# block no. 0 follows, 23 sequences, length 6
# corresponding to MSA columns:
# 0-5
name=unknown_A
#
# <colnr> <probs for GDERKNQSTAVLIFYWHMCP>
#	G	D	E	R	K	N	Q	S	T	A	V	L	I	F	Y	W	H	M	C	P
0	0.01308	0.00934	0.01308	0.01494	0.01681	0.00934	0.01308	0.01681	0.01868	0.02428	0.04296	0.09153	0.04670	0.02242	0.01121	0.00374	0.00747	0.60960	0.00747	0.00747
1	0.02107	0.64200	0.11479	0.01494	0.02247	0.03059	0.01573	0.02446	0.01656	0.01985	0.01166	0.01349	0.01040	0.00703	0.00549	0.00183	0.00906	0.00453	0.00347	0.01059
2	0.01752	0.01491	0.01890	0.01411	0.02060	0.01235	0.05398	0.07556	0.01878	0.02803	0.01825	0.09133	0.01664	0.00848	0.00691	0.00164	0.00667	0.00732	0.00535	0.56266
3	0.02380	0.07240	0.02569	0.07300	0.16029	0.27025	0.01750	0.09055	0.02101	0.02444	0.01476	0.01871	0.01240	0.01412	0.08072	0.00347	0.05563	0.00643	0.00445	0.01037
4	0.02035	0.01883	0.03274	0.10249	0.40385	0.01908	0.13196	0.02713	0.07565	0.06073	0.01788	0.02187	0.01403	0.00773	0.00834	0.00253	0.01004	0.00787	0.00470	0.01220
5	0.01943	0.01517	0.01832	0.08389	0.02356	0.01373	0.01189	0.08895	0.07028	0.07200	0.01902	0.05105	0.01555	0.00818	0.00698	0.00180	0.00685	0.00673	0.00579	0.46080

[dist]
# distance from previous block
# <min> <max>
64	98

[block]
# block no. 1 follows, 23 sequences, length 27
# corresponding to MSA columns:
# 110-136
name=unknown_B
#
# <colnr> <probs for GDERKNQSTAVLIFYWHMCP>
#	G	D	E	R	K	N	Q	S	T	A	V	L	I	F	Y	W	H	M	C	P
0	0.01410	0.01063	0.01224	0.01253	0.01397	0.03966	0.00892	0.05721	0.01755	0.05411	0.04021	0.46319	0.08632	0.07561	0.01321	0.00347	0.04410	0.01827	0.00712	0.00758
1	0.01231	0.00909	0.01130	0.01147	0.01257	0.00908	0.00785	0.04109	0.01583	0.02163	0.06636	0.38235	0.04143	0.21316	0.01936	0.00436	0.04249	0.01679	0.00652	0.05495
2	0.02203	0.01683	0.01945	0.05214	0.02294	0.01612	0.01236	0.22163	0.05268	0.06559	0.01936	0.05563	0.01570	0.00878	0.00724	0.00193	0.00721	0.00707	0.00637	0.36894
3	0.06221	0.01634	0.02022	0.03896	0.02265	0.01681	0.04527	0.17266	0.13794	0.20846	0.11247	0.02905	0.02560	0.01051	0.00818	0.00250	0.00728	0.00875	0.00811	0.04600
4	0.14895	0.01729	0.10716	0.01437	0.01994	0.01405	0.01299	0.02885	0.10992	0.20867	0.10758	0.08994	0.02744	0.01148	0.00786	0.00257	0.00680	0.00940	0.00739	0.04734
5	0.01645	0.06502	0.53874	0.02258	0.03333	0.01859	0.07454	0.02477	0.01718	0.02526	0.01594	0.04894	0.01250	0.00834	0.00780	0.00252	0.01139	0.00693	0.00373	0.04546
6	0.01843	0.01482	0.01731	0.01247	0.01960	0.01161	0.01002	0.05318	0.01822	0.05659	0.01547	0.01745	0.01247	0.00638	0.00621	0.00132	0.00620	0.00509	0.00521	0.69193
7	0.01937	0.01913	0.06335	0.05704	0.31399	0.01791	0.07744	0.05310	0.10397	0.02853	0.01855	0.02181	0.01468	0.00788	0.00780	0.00233	0.00890	0.00739	0.05683	0.09999
8	0.01242	0.00905	0.01138	0.01091	0.01290	0.00862	0.00810	0.05716	0.02239	0.03107	0.47190	0.18228	0.09490	0.01798	0.00962	0.00269	0.00436	0.01588	0.00854	0.00784
9	0.71788	0.01508	0.01175	0.01072	0.01541	0.01738	0.00870	0.02296	0.01393	0.03529	0.01368	0.06276	0.01198	0.00881	0.00540	0.00257	0.00617	0.00572	0.00520	0.00863
10	0.01113	0.00824	0.01048	0.01072	0.01254	0.00759	0.00816	0.01425	0.02038	0.02761	0.37187	0.17180	0.17059	0.01953	0.00994	0.00287	0.00454	0.10219	0.00825	0.00732
11	0.21928	0.01726	0.05259	0.05220	0.02276	0.01658	0.01320	0.11464	0.06523	0.31189	0.02324	0.02215	0.01566	0.00920	0.00734	0.00253	0.00747	0.00699	0.00768	0.01211
12	0.06839	0.01582	0.02665	0.50189	0.13858	0.01842	0.07236	0.02197	0.01662	0.02307	0.01449	0.02085	0.01109	0.00784	0.00801	0.00265	0.01057	0.00721	0.00380	0.00970
13	0.60538	0.02052	0.12486	0.01320	0.01948	0.01867	0.01273	0.05588	0.01563	0.03535	0.01228	0.01418	0.00930	0.00768	0.00564	0.00252	0.00739	0.00482	0.00491	0.00959
14	0.02721	0.01464	0.04467	0.01471	0.02049	0.01229	0.03319	0.03237	0.07179	0.38882	0.10225	0.06087	0.02691	0.01089	0.00820	0.00242	0.00674	0.00923	0.00855	0.10376
15	0.05594	0.01217	0.01372	0.01201	0.01567	0.01200	0.00925	0.07771	0.10935	0.08344	0.20803	0.07463	0.15019	0.05285	0.01038	0.00281	0.00554	0.01195	0.00777	0.07460
16	0.01150	0.00860	0.01143	0.01200	0.01337	0.00832	0.02887	0.01499	0.06023	0.02346	0.10876	0.45798	0.07921	0.05273	0.01127	0.00329	0.00520	0.03944	0.04208	0.00729
17	0.08980	0.01454	0.01779	0.01383	0.01924	0.01341	0.03817	0.04312	0.03834	0.08544	0.01859	0.04966	0.01613	0.07278	0.01128	0.00247	0.05610	0.00706	0.00553	0.38673
18	0.17440	0.01670	0.04149	0.06782	0.05112	0.03926	0.01394	0.10555	0.05096	0.07658	0.05177	0.06398	0.02288	0.01210	0.00898	0.00273	0.04426	0.10271	0.00630	0.04646
19	0.01436	0.01970	0.18362	0.01933	0.02482	0.01347	0.14011	0.02021	0.04660	0.02465	0.05949	0.26878	0.03237	0.01529	0.00931	0.00290	0.00861	0.05530	0.00582	0.03528
20	0.06611	0.02624	0.26686	0.07221	0.12212	0.01733	0.07212	0.05044	0.01828	0.02767	0.03813	0.01963	0.01363	0.00768	0.00754	0.00231	0.00981	0.00660	0.00434	0.15096
21	0.01799	0.01600	0.04156	0.01449	0.01996	0.01444	0.02636	0.12471	0.05079	0.02938	0.02660	0.09048	0.09135	0.01109	0.00901	0.00212	0.05929	0.00891	0.00594	0.33954
22	0.11397	0.01649	0.02801	0.10033	0.06163	0.01644	0.22555	0.02364	0.01780	0.08494	0.04719	0.08701	0.01903	0.00978	0.00904	0.00259	0.03736	0.00933	0.00528	0.08460
23	0.05216	0.05211	0.11289	0.05211	0.02295	0.01669	0.04224	0.05693	0.09248	0.04744	0.02061	0.05684	0.01836	0.11334	0.07608	0.00426	0.07177	0.00842	0.00522	0.07711
24	0.27743	0.02037	0.13013	0.03114	0.05286	0.01679	0.07484	0.06627	0.01799	0.03118	0.04121	0.02309	0.06659	0.00882	0.00701	0.00238	0.00811	0.00702	0.00512	0.11165
25	0.01830	0.03975	0.02519	0.06695	0.02607	0.01673	0.13735	0.05034	0.03676	0.05481	0.04714	0.05943	0.01849	0.04245	0.01243	0.00265	0.11920	0.00842	0.00517	0.21238
26	0.05586	0.07866	0.02238	0.04052	0.13476	0.01657	0.01401	0.02940	0.13547	0.15261	0.05085	0.02365	0.01875	0.00864	0.00731	0.00217	0.00720	0.00716	0.00637	0.18768

[dist]
# distance from previous block
# <min> <max>
3	101

[block]
# block no. 2 follows, 23 sequences, length 25
# corresponding to MSA columns:
# 242-266
name=unknown_C
#
# <colnr> <probs for GDERKNQSTAVLIFYWHMCP>
#	G	D	E	R	K	N	Q	S	T	A	V	L	I	F	Y	W	H	M	C	P
0	0.08728	0.01539	0.04390	0.03965	0.05277	0.01427	0.01229	0.02855	0.16614	0.14236	0.04670	0.07162	0.03960	0.03941	0.00903	0.00258	0.00676	0.00878	0.00682	0.16611
1	0.07347	0.01661	0.04783	0.06575	0.07940	0.01618	0.01419	0.05783	0.15051	0.12593	0.02287	0.05722	0.01805	0.00985	0.00859	0.00241	0.04570	0.00791	0.03741	0.14230
2	0.07889	0.02578	0.23701	0.05343	0.16024	0.01882	0.10727	0.05709	0.08468	0.02843	0.01865	0.06039	0.01523	0.00898	0.00807	0.00262	0.01008	0.00807	0.00476	0.01151
3	0.01705	0.02243	0.16646	0.02545	0.11590	0.04143	0.17888	0.02290	0.01928	0.02707	0.14715	0.03038	0.02623	0.00964	0.00856	0.00247	0.00973	0.03234	0.00514	0.09151
4	0.03697	0.05012	0.09447	0.01475	0.04808	0.01227	0.01233	0.02150	0.06179	0.09272	0.29899	0.08277	0.09401	0.01429	0.00879	0.00261	0.00606	0.03058	0.00748	0.00943
5	0.11539	0.22028	0.12279	0.02262	0.06005	0.02386	0.17944	0.09422	0.01937	0.02799	0.01419	0.01716	0.01120	0.00765	0.00781	0.00238	0.03168	0.00651	0.00438	0.01102
6	0.01869	0.01186	0.01627	0.01752	0.09233	0.01148	0.01243	0.04968	0.04721	0.15000	0.19243	0.08718	0.06844	0.01588	0.00948	0.00289	0.00645	0.17201	0.00799	0.00978
7	0.05767	0.14224	0.02318	0.01402	0.02087	0.01669	0.03836	0.05386	0.05014	0.08483	0.01654	0.01795	0.01303	0.00708	0.00638	0.00168	0.00708	0.00555	0.00535	0.41748
8	0.04777	0.01413	0.01557	0.01364	0.01795	0.01459	0.01074	0.08825	0.23549	0.06289	0.10827	0.06822	0.12189	0.01329	0.00842	0.00256	0.00599	0.04089	0.00769	0.10177
9	0.01826	0.01601	0.02182	0.01778	0.02146	0.01765	0.07122	0.10369	0.05027	0.02719	0.01966	0.10830	0.01845	0.01377	0.03651	0.00299	0.21495	0.00907	0.03211	0.17884
10	0.34046	0.08661	0.01883	0.01336	0.01901	0.01908	0.01118	0.13370	0.05248	0.14250	0.04192	0.01951	0.01524	0.00872	0.00649	0.00237	0.00698	0.00618	0.00655	0.04883
11	0.01909	0.02210	0.11611	0.02582	0.05644	0.01823	0.29858	0.08491	0.05123	0.02862	0.01848	0.05870	0.01508	0.00834	0.00849	0.00244	0.01065	0.00870	0.00493	0.14308
12	0.62649	0.01713	0.04533	0.04656	0.04553	0.01838	0.01136	0.02490	0.04959	0.03459	0.01298	0.01501	0.01001	0.00775	0.00560	0.00253	0.00692	0.00499	0.00501	0.00934
13	0.02794	0.02021	0.02212	0.01719	0.02327	0.02158	0.01403	0.49573	0.03344	0.07343	0.02151	0.07442	0.01706	0.01061	0.00807	0.00238	0.00819	0.00833	0.00781	0.09267
14	0.02660	0.01940	0.02116	0.01730	0.02282	0.02142	0.01402	0.36405	0.22527	0.09015	0.02634	0.04835	0.02022	0.01115	0.00835	0.00262	0.00781	0.03169	0.00826	0.01303
15	0.00989	0.00706	0.00942	0.01130	0.01177	0.00659	0.00753	0.01130	0.01554	0.02071	0.04472	0.70954	0.05367	0.02542	0.01036	0.00330	0.00471	0.02307	0.00753	0.00659
16	0.01131	0.00822	0.01065	0.01019	0.01205	0.00756	0.00758	0.01492	0.02234	0.03138	0.59852	0.09947	0.10081	0.01728	0.00962	0.00260	0.00389	0.01527	0.00879	0.00756
17	0.03085	0.02273	0.02435	0.01867	0.02516	0.02516	0.01542	0.63716	0.03815	0.05114	0.01948	0.01948	0.01380	0.00974	0.00812	0.00244	0.00893	0.00731	0.00812	0.01380
18	0.01308	0.00934	0.01308	0.01494	0.01681	0.00934	0.01308	0.01681	0.01868	0.02428	0.04296	0.09153	0.04670	0.02242	0.01121	0.00374	0.00747	0.60960	0.00747	0.00747
19	0.01173	0.00798	0.00906	0.00917	0.00946	0.00789	0.00548	0.01208	0.01264	0.01664	0.03031	0.05700	0.07201	0.62855	0.03745	0.00729	0.00760	0.04724	0.00524	0.00519
20	0.01570	0.01481	0.02502	0.64401	0.10425	0.01813	0.02272	0.02106	0.01640	0.02119	0.01449	0.02151	0.01098	0.00804	0.00811	0.00268	0.01072	0.00721	0.00364	0.00932
21	0.66268	0.01756	0.05588	0.01195	0.01740	0.01840	0.01050	0.02551	0.06457	0.03551	0.01324	0.01480	0.01016	0.00782	0.00546	0.00253	0.00666	0.00488	0.00517	0.00932
22	0.01187	0.00881	0.01149	0.01291	0.01483	0.00843	0.01078	0.01494	0.01827	0.02331	0.05258	0.15942	0.19484	0.02231	0.01072	0.00345	0.00635	0.39999	0.00749	0.00722
23	0.77215	0.01569	0.01193	0.01067	0.01569	0.01820	0.00879	0.02385	0.01381	0.03641	0.01130	0.01318	0.00879	0.00753	0.00502	0.00251	0.00628	0.00439	0.00502	0.00879
24	0.00984	0.00808	0.00866	0.00882	0.01119	0.00691	0.00650	0.01201	0.01862	0.02295	0.14149	0.15425	0.52116	0.02071	0.00968	0.00279	0.00415	0.01759	0.00769	0.00691

[dist]
# distance from previous block
# <min> <max>
1	6

[block]
# block no. 3 follows, 23 sequences, length 8
# corresponding to MSA columns:
# 273-280
name=unknown_D
#
# <colnr> <probs for GDERKNQSTAVLIFYWHMCP>
#	G	D	E	R	K	N	Q	S	T	A	V	L	I	F	Y	W	H	M	C	P
0	0.02509	0.01823	0.01996	0.01588	0.02168	0.01920	0.01282	0.29434	0.18335	0.08809	0.02341	0.02308	0.01718	0.00941	0.00762	0.00227	0.00729	0.00742	0.06104	0.14264
1	0.01390	0.00784	0.01142	0.07768	0.01502	0.00815	0.00845	0.01270	0.01247	0.01749	0.01892	0.09736	0.01880	0.02355	0.02384	0.51233	0.00676	0.00882	0.09960	0.00490
2	0.77215	0.01569	0.01193	0.01067	0.01569	0.01820	0.00879	0.02385	0.01381	0.03641	0.01130	0.01318	0.00879	0.00753	0.00502	0.00251	0.00628	0.00439	0.00502	0.00879
3	0.01532	0.01442	0.02434	0.69533	0.05589	0.01803	0.02253	0.02073	0.01622	0.02073	0.01442	0.02163	0.01082	0.00811	0.00811	0.00270	0.01082	0.00721	0.00361	0.00901
4	0.77215	0.01569	0.01193	0.01067	0.01569	0.01820	0.00879	0.02385	0.01381	0.03641	0.01130	0.01318	0.00879	0.00753	0.00502	0.00251	0.00628	0.00439	0.00502	0.00879
5	0.05801	0.01389	0.01602	0.01391	0.01829	0.01415	0.01090	0.09342	0.18186	0.22243	0.03848	0.14909	0.10644	0.01408	0.00859	0.00273	0.00624	0.01182	0.00841	0.01123
6	0.01582	0.01133	0.01611	0.06177	0.01991	0.01022	0.05720	0.01900	0.01766	0.09067	0.06084	0.25100	0.06121	0.01500	0.00859	0.00252	0.00634	0.03983	0.05386	0.18110
7	0.02227	0.01578	0.01967	0.01478	0.02134	0.01394	0.04360	0.11901	0.04997	0.14006	0.02055	0.05200	0.01619	0.00844	0.00719	0.00186	0.00697	0.00705	0.00645	0.41290

[dist]
# distance from previous block
# <min> <max>
5	7

[block]
# block no. 4 follows, 23 sequences, length 7
# corresponding to MSA columns:
# 288-294
name=unknown_E
#
# <colnr> <probs for GDERKNQSTAVLIFYWHMCP>
#	G	D	E	R	K	N	Q	S	T	A	V	L	I	F	Y	W	H	M	C	P
0	0.54904	0.01883	0.10870	0.01274	0.01865	0.01703	0.01204	0.02471	0.01570	0.08365	0.06106	0.01836	0.01486	0.00842	0.00599	0.00252	0.00698	0.00567	0.00547	0.00956
1	0.06434	0.29873	0.22724	0.01653	0.02396	0.02249	0.01785	0.02478	0.01760	0.07883	0.08466	0.02094	0.01831	0.00888	0.00774	0.00228	0.04296	0.00644	0.00471	0.01071
2	0.01411	0.04828	0.07215	0.01649	0.06789	0.01199	0.03181	0.01849	0.04255	0.02550	0.18040	0.13960	0.04103	0.08871	0.01246	0.00327	0.00691	0.10785	0.00648	0.06403
3	0.37645	0.08199	0.08852	0.01473	0.04881	0.01729	0.01263	0.02465	0.01612	0.10529	0.01734	0.07497	0.01467	0.00918	0.00637	0.00241	0.00719	0.00675	0.00544	0.06921
4	0.07750	0.04584	0.13695	0.01799	0.05602	0.01442	0.06709	0.02436	0.04123	0.13410	0.04694	0.13301	0.06538	0.01180	0.00809	0.00251	0.00781	0.01021	0.00616	0.09258
5	0.01851	0.04673	0.15691	0.06209	0.02509	0.01380	0.06325	0.02296	0.01822	0.11999	0.08908	0.04792	0.04587	0.01174	0.00989	0.06139	0.00823	0.03243	0.00572	0.14019
6	0.11377	0.01725	0.02667	0.05432	0.21768	0.01758	0.11438	0.06481	0.01915	0.06256	0.05929	0.04940	0.01822	0.00919	0.00902	0.00249	0.04961	0.00818	0.00524	0.08120

[dist]
# distance from previous block
# <min> <max>
35	54

[block]
# block no. 5 follows, 23 sequences, length 15
# corresponding to MSA columns:
# 356-370
name=unknown_F
#
# <colnr> <probs for GDERKNQSTAVLIFYWHMCP>
#	G	D	E	R	K	N	Q	S	T	A	V	L	I	F	Y	W	H	M	C	P
0	0.66937	0.08274	0.01536	0.01132	0.01658	0.01982	0.00955	0.05006	0.01510	0.03539	0.01165	0.01343	0.00916	0.00757	0.00517	0.00243	0.00662	0.00451	0.00501	0.00916
1	0.05372	0.01545	0.02544	0.51044	0.04821	0.01797	0.07802	0.04708	0.01790	0.08468	0.01633	0.02175	0.01186	0.00821	0.00811	0.00267	0.01043	0.00739	0.00450	0.00982
2	0.62357	0.08152	0.01553	0.01137	0.01671	0.01884	0.00960	0.02556	0.01506	0.10211	0.01350	0.01470	0.01014	0.00774	0.00537	0.00244	0.00657	0.00479	0.00541	0.00947
3	0.01852	0.01598	0.02283	0.15551	0.08844	0.01716	0.06415	0.11078	0.05384	0.02769	0.01894	0.05720	0.01648	0.06263	0.01214	0.00286	0.07413	0.00826	0.03988	0.13257
4	0.02072	0.01386	0.01618	0.01293	0.01841	0.01239	0.01025	0.08289	0.08332	0.15612	0.03318	0.08230	0.12023	0.01141	0.00775	0.00213	0.00611	0.00946	0.00714	0.29324
5	0.12008	0.01226	0.01637	0.01421	0.01775	0.01213	0.06786	0.04025	0.05368	0.15130	0.11986	0.19024	0.03541	0.07760	0.01166	0.00325	0.00665	0.03280	0.00738	0.00927
6	0.07375	0.01332	0.01495	0.01332	0.01716	0.01325	0.01011	0.13833	0.07952	0.03027	0.02963	0.30905	0.03080	0.01546	0.00838	0.00256	0.00609	0.01333	0.00693	0.17379
7	0.01742	0.01430	0.01692	0.04663	0.02049	0.01228	0.01052	0.09239	0.01898	0.02801	0.01895	0.09844	0.01765	0.03707	0.00827	0.00193	0.00652	0.00760	0.00546	0.52015
8	0.02323	0.01996	0.10872	0.04854	0.02434	0.01764	0.01557	0.20247	0.09354	0.13108	0.10218	0.02943	0.02423	0.01085	0.00896	0.00254	0.03479	0.03223	0.00725	0.06244
9	0.05474	0.00978	0.01139	0.01065	0.01332	0.00872	0.00757	0.01567	0.01608	0.05557	0.06701	0.24946	0.11198	0.15808	0.01517	0.00360	0.00570	0.01405	0.00649	0.16499
10	0.01769	0.01313	0.01582	0.01287	0.01806	0.01126	0.01013	0.07477	0.01885	0.07386	0.02389	0.15451	0.02305	0.01423	0.04442	0.00259	0.00703	0.04242	0.00613	0.41529
11	0.11181	0.01438	0.01914	0.01504	0.02056	0.01303	0.09935	0.03831	0.04662	0.04308	0.02645	0.12334	0.07933	0.01091	0.00757	0.00217	0.00691	0.00957	0.00576	0.30668
12	0.28749	0.01686	0.07745	0.07951	0.02222	0.01577	0.01286	0.06862	0.04941	0.07992	0.07963	0.09412	0.02235	0.01076	0.00724	0.00255	0.00710	0.00849	0.00611	0.05153
13	0.03583	0.07005	0.05672	0.02020	0.08316	0.01734	0.07164	0.05645	0.01868	0.08788	0.07568	0.05498	0.02030	0.01017	0.01070	0.00239	0.11940	0.00807	0.00548	0.17486
14	0.05770	0.11421	0.05079	0.01579	0.06748	0.01583	0.01243	0.08094	0.02033	0.11093	0.07563	0.03064	0.11651	0.01027	0.00737	0.00212	0.00688	0.00825	0.00622	0.18967

[dist]
# distance from previous block
# <min> <max>
9	38

[block]
# block no. 6 follows, 23 sequences, length 88
# corresponding to MSA columns:
# 409-496
name=unknown_G
#
# <colnr> <probs for GDERKNQSTAVLIFYWHMCP>
#	G	D	E	R	K	N	Q	S	T	A	V	L	I	F	Y	W	H	M	C	P
0	0.02257	0.02195	0.18251	0.01646	0.02360	0.01566	0.01612	0.14273	0.04914	0.16133	0.12123	0.02701	0.02421	0.00982	0.00792	0.00232	0.00792	0.00798	0.00693	0.13258
1	0.01759	0.01618	0.05651	0.04221	0.02322	0.01363	0.08760	0.07634	0.05002	0.04945	0.12081	0.05596	0.05607	0.01009	0.00788	0.00211	0.00729	0.00893	0.00610	0.29201
2	0.06961	0.03823	0.01878	0.01504	0.04630	0.01440	0.01152	0.06686	0.09498	0.17822	0.02234	0.05652	0.01745	0.00895	0.00713	0.00203	0.00664	0.00726	0.00672	0.31101
3	0.01914	0.01833	0.02901	0.04230	0.53390	0.04485	0.02177	0.02369	0.01938	0.02719	0.11784	0.02631	0.02290	0.00877	0.00825	0.00242	0.00892	0.00833	0.00481	0.01188
4	0.19122	0.01928	0.08946	0.04525	0.16990	0.01761	0.01688	0.11952	0.02111	0.12448	0.04573	0.02604	0.01782	0.00964	0.00765	0.00258	0.00828	0.05004	0.00611	0.01141
5	0.01715	0.14337	0.51907	0.02074	0.03154	0.02018	0.02574	0.02502	0.01701	0.02475	0.01405	0.01647	0.01045	0.00744	0.00718	0.00232	0.01096	0.00564	0.00355	0.07736
6	0.01088	0.00822	0.01189	0.01235	0.01363	0.00768	0.04005	0.01326	0.01768	0.02404	0.19472	0.48992	0.05690	0.02217	0.01016	0.00310	0.00506	0.04347	0.00770	0.00711
7	0.01925	0.01855	0.03068	0.06344	0.39244	0.01895	0.11007	0.02777	0.14126	0.02743	0.02227	0.02534	0.04804	0.00862	0.00838	0.00255	0.00936	0.00845	0.00502	0.01212
8	0.01380	0.01052	0.01418	0.01604	0.05289	0.01064	0.01257	0.01951	0.08393	0.02663	0.14122	0.07569	0.07252	0.01937	0.01040	0.00333	0.00676	0.39407	0.00759	0.00833
9	0.01627	0.04197	0.67279	0.02313	0.03512	0.01884	0.02998	0.02570	0.01713	0.02570	0.01456	0.01713	0.01028	0.00771	0.00771	0.00257	0.01199	0.00600	0.00343	0.01199
10	0.09458	0.01772	0.07982	0.01511	0.02160	0.01498	0.01335	0.08686	0.09448	0.32905	0.04708	0.02482	0.01915	0.00944	0.00765	0.00239	0.00724	0.00750	0.00796	0.09923
11	0.01645	0.01270	0.04731	0.01223	0.01644	0.01053	0.01005	0.02216	0.09082	0.11152	0.23981	0.09270	0.13020	0.01407	0.00860	0.00242	0.00541	0.01206	0.00772	0.13680
12	0.04579	0.01451	0.02109	0.28162	0.05940	0.01669	0.04170	0.05989	0.01747	0.02606	0.01676	0.02198	0.01324	0.00897	0.00972	0.00247	0.09680	0.00705	0.16123	0.07754
13	0.01757	0.03190	0.42752	0.02421	0.09861	0.01738	0.05582	0.04890	0.01927	0.05440	0.10564	0.02428	0.02045	0.00903	0.00813	0.00255	0.01036	0.00766	0.00475	0.01157
14	0.01696	0.01454	0.01689	0.01220	0.01930	0.01119	0.00974	0.02133	0.04179	0.02674	0.01516	0.01736	0.01252	0.00621	0.00610	0.00126	0.00603	0.00498	0.00494	0.73479
15	0.01012	0.00744	0.01003	0.04173	0.01371	0.00711	0.00815	0.01173	0.01568	0.02076	0.04485	0.65387	0.07574	0.02446	0.01023	0.00325	0.00496	0.02212	0.00736	0.00671
16	0.02310	0.06537	0.02806	0.02591	0.12729	0.30112	0.11102	0.02635	0.01961	0.02212	0.01654	0.08397	0.01537	0.00985	0.00930	0.00241	0.06162	0.00801	0.00441	0.03859
17	0.02008	0.01928	0.03294	0.04981	0.66422	0.01928	0.02490	0.02490	0.01848	0.02651	0.01526	0.02008	0.01285	0.00723	0.00803	0.00241	0.00964	0.00723	0.00402	0.01285
18	0.05370	0.01504	0.02004	0.01995	0.12821	0.01438	0.01360	0.09624	0.04786	0.35063	0.05793	0.03205	0.09183	0.01092	0.00825	0.00252	0.00711	0.00908	0.00825	0.01241
19	0.77215	0.01569	0.01193	0.01067	0.01569	0.01820	0.00879	0.02385	0.01381	0.03641	0.01130	0.01318	0.00879	0.00753	0.00502	0.00251	0.00628	0.00439	0.00502	0.00879
20	0.02190	0.01845	0.01906	0.01672	0.02138	0.04732	0.01323	0.15931	0.43266	0.03620	0.06226	0.03248	0.02587	0.01158	0.00842	0.00271	0.00719	0.04289	0.00805	0.01232
21	0.01975	0.01872	0.03141	0.04682	0.60784	0.01883	0.02386	0.02522	0.04294	0.02669	0.01730	0.02395	0.01496	0.00811	0.00820	0.00249	0.00941	0.03657	0.00435	0.01259
22	0.77215	0.01569	0.01193	0.01067	0.01569	0.01820	0.00879	0.02385	0.01381	0.03641	0.01130	0.01318	0.00879	0.00753	0.00502	0.00251	0.00628	0.00439	0.00502	0.00879
23	0.02559	0.02039	0.01917	0.01629	0.02109	0.14243	0.01282	0.15702	0.19441	0.14543	0.09885	0.03051	0.05753	0.01120	0.00825	0.00250	0.00816	0.00889	0.00781	0.01167
24	0.01816	0.01479	0.01725	0.01242	0.01956	0.01153	0.00997	0.05017	0.01805	0.04971	0.01527	0.01732	0.01238	0.00632	0.00618	0.00130	0.00618	0.00504	0.00514	0.70325
25	0.00997	0.00790	0.00897	0.00942	0.01137	0.00690	0.00679	0.01212	0.01834	0.02322	0.16124	0.25722	0.39518	0.02134	0.00981	0.00287	0.00424	0.01846	0.00775	0.00690
26	0.02024	0.01655	0.01761	0.01528	0.02007	0.03785	0.01189	0.05909	0.40020	0.06739	0.05752	0.07160	0.02571	0.01118	0.00804	0.00248	0.00651	0.00934	0.00765	0.13378
27	0.00979	0.00823	0.00849	0.00843	0.01108	0.00693	0.00632	0.01203	0.01896	0.02302	0.14209	0.07628	0.60035	0.02014	0.00959	0.00272	0.00408	0.01687	0.00768	0.00693
28	0.68785	0.01548	0.01272	0.01110	0.01627	0.01748	0.00915	0.02565	0.01489	0.10898	0.01367	0.01484	0.01008	0.00782	0.00538	0.00251	0.00635	0.00483	0.00560	0.00936
29	0.03111	0.02231	0.02409	0.01847	0.02495	0.02454	0.01526	0.60898	0.03745	0.08031	0.02007	0.01987	0.01410	0.00975	0.00812	0.00244	0.00883	0.00735	0.00821	0.01380
30	0.03031	0.03867	0.02299	0.02090	0.02508	0.68226	0.01568	0.03240	0.02299	0.01986	0.01254	0.01463	0.01045	0.00836	0.00732	0.00209	0.01463	0.00523	0.00418	0.00941
31	0.01611	0.01533	0.02170	0.01910	0.01948	0.02093	0.01572	0.01818	0.01259	0.01934	0.01361	0.02152	0.01322	0.02666	0.20179	0.00608	0.51889	0.00753	0.00376	0.00844
32	0.00960	0.00818	0.00827	0.00834	0.01099	0.00684	0.00622	0.01163	0.01838	0.02187	0.08079	0.10191	0.63801	0.02073	0.00962	0.00276	0.00413	0.01735	0.00753	0.00684
33	0.01769	0.01442	0.01749	0.01310	0.01951	0.01193	0.03037	0.04232	0.06406	0.05346	0.06924	0.02418	0.04281	0.00805	0.00685	0.00162	0.00618	0.00672	0.00577	0.54423
34	0.01008	0.00824	0.00891	0.00874	0.01126	0.00706	0.00655	0.01260	0.01966	0.02469	0.23308	0.07353	0.50831	0.01952	0.00958	0.00269	0.00404	0.01649	0.00790	0.00706
35	0.01966	0.01812	0.02578	0.30483	0.03831	0.05670	0.08765	0.13570	0.02073	0.02758	0.04044	0.02217	0.01445	0.00956	0.01090	0.00271	0.11130	0.00767	0.03573	0.01001
36	0.01513	0.00756	0.00756	0.00756	0.00945	0.00756	0.00567	0.01891	0.01702	0.03025	0.02647	0.03025	0.02080	0.00945	0.00567	0.00189	0.00378	0.00756	0.75988	0.00756
37	0.01948	0.01854	0.03091	0.13015	0.54559	0.01918	0.02383	0.02553	0.05834	0.02624	0.01629	0.02093	0.01335	0.00758	0.00806	0.00247	0.00959	0.00735	0.00423	0.01236
38	0.03031	0.03867	0.02299	0.02090	0.02508	0.68226	0.01568	0.03240	0.02299	0.01986	0.01254	0.01463	0.01045	0.00836	0.00732	0.00209	0.01463	0.00523	0.00418	0.00941
39	0.01786	0.17084	0.45309	0.02459	0.09624	0.02156	0.05744	0.02536	0.01725	0.02451	0.01409	0.01687	0.01067	0.00747	0.00735	0.00240	0.01119	0.00598	0.00353	0.01172
40	0.03641	0.01381	0.01883	0.01444	0.02071	0.01193	0.01193	0.03954	0.02322	0.66984	0.03201	0.02762	0.02009	0.01004	0.00816	0.00251	0.00690	0.00816	0.01004	0.01381
41	0.01139	0.00829	0.01071	0.01011	0.01206	0.00762	0.00758	0.01513	0.02274	0.03200	0.63049	0.06150	0.10634	0.01679	0.00957	0.00256	0.00384	0.01480	0.00886	0.00762
42	0.01163	0.00854	0.01228	0.01228	0.01347	0.00973	0.00919	0.01400	0.01282	0.01827	0.02243	0.03573	0.02196	0.17949	0.56633	0.01210	0.01922	0.00926	0.00445	0.00682
43	0.01915	0.02189	0.04788	0.03420	0.04241	0.02052	0.63475	0.02599	0.01915	0.02599	0.01642	0.02189	0.01231	0.00684	0.00958	0.00274	0.01368	0.00958	0.00410	0.01094
44	0.01159	0.00869	0.01304	0.01304	0.01449	0.01014	0.01014	0.01449	0.01304	0.01884	0.02173	0.03188	0.02029	0.06086	0.68268	0.01304	0.02173	0.00869	0.00435	0.00724
45	0.01846	0.01757	0.02398	0.02047	0.02097	0.02403	0.01702	0.05879	0.01429	0.02206	0.01198	0.01847	0.01134	0.01369	0.02443	0.00340	0.62220	0.00714	0.04059	0.00913
46	0.01148	0.00829	0.01085	0.01021	0.01212	0.00766	0.00766	0.01531	0.02297	0.03254	0.65994	0.06061	0.07656	0.01659	0.00957	0.00255	0.00383	0.01467	0.00893	0.00766
47	0.02150	0.01764	0.01931	0.01792	0.04791	0.02005	0.01344	0.07521	0.56151	0.06299	0.03149	0.02913	0.02346	0.01074	0.00824	0.00271	0.00672	0.00894	0.00815	0.01294
48	0.01180	0.00787	0.00885	0.00885	0.00885	0.00787	0.00492	0.01180	0.01180	0.01573	0.02557	0.05310	0.02950	0.71483	0.04130	0.00787	0.00787	0.01180	0.00492	0.00492
49	0.02017	0.01623	0.01736	0.01542	0.01990	0.01817	0.01204	0.07219	0.49298	0.06601	0.06116	0.03570	0.09270	0.01210	0.00843	0.00271	0.00625	0.01006	0.00829	0.01212
50	0.01683	0.01442	0.01683	0.01202	0.01923	0.01082	0.00961	0.02043	0.01683	0.02644	0.01442	0.01683	0.01202	0.00601	0.00601	0.00120	0.00601	0.00481	0.00481	0.76444
51	0.03031	0.03867	0.02299	0.02090	0.02508	0.68226	0.01568	0.03240	0.02299	0.01986	0.01254	0.01463	0.01045	0.00836	0.00732	0.00209	0.01463	0.00523	0.00418	0.00941
52	0.01128	0.00829	0.01057	0.01000	0.01200	0.00757	0.00750	0.01492	0.02249	0.03140	0.59812	0.06248	0.13909	0.01701	0.00957	0.00257	0.00386	0.01494	0.00878	0.00757
53	0.01662	0.08509	0.63269	0.02254	0.03421	0.01969	0.02896	0.02561	0.01709	0.02528	0.01435	0.01687	0.01029	0.00766	0.00755	0.00252	0.01178	0.00589	0.00343	0.01189
54	0.03035	0.02100	0.02302	0.01785	0.02402	0.02284	0.01466	0.54327	0.03545	0.11377	0.02207	0.05549	0.01648	0.01057	0.00824	0.00249	0.00850	0.00820	0.00829	0.01343
55	0.01234	0.00918	0.01261	0.05211	0.01761	0.00915	0.01200	0.01565	0.01810	0.02331	0.04655	0.16795	0.12334	0.02177	0.01071	0.00349	0.00687	0.42263	0.00727	0.00736
56	0.19268	0.01834	0.01969	0.01560	0.02158	0.01961	0.01282	0.29534	0.07213	0.21898	0.02215	0.02114	0.01524	0.00944	0.00747	0.00250	0.00761	0.00704	0.00799	0.01265
57	0.01285	0.00927	0.01277	0.01452	0.01644	0.00918	0.01264	0.01648	0.01867	0.02413	0.04546	0.09067	0.08577	0.02230	0.01110	0.00367	0.00726	0.57191	0.00748	0.00743
58	0.01532	0.01442	0.02434	0.69533	0.05589	0.01803	0.02253	0.02073	0.01622	0.02073	0.01442	0.02163	0.01082	0.00811	0.00811	0.00270	0.01082	0.00721	0.00361	0.00901
59	0.01179	0.00792	0.00911	0.00911	0.00920	0.00801	0.00524	0.01197	0.01188	0.01593	0.02533	0.05178	0.02893	0.67413	0.08122	0.00819	0.00873	0.01161	0.00488	0.00506
60	0.68964	0.01548	0.01270	0.01109	0.01626	0.01750	0.00914	0.02561	0.01486	0.10744	0.01362	0.01480	0.01005	0.00781	0.00537	0.00251	0.00635	0.00482	0.00558	0.00935
61	0.01308	0.00934	0.01308	0.01494	0.01681	0.00934	0.01308	0.01681	0.01868	0.02428	0.04296	0.09153	0.04670	0.02242	0.01121	0.00374	0.00747	0.60960	0.00747	0.00747
62	0.01255	0.00905	0.01242	0.01417	0.01596	0.00892	0.01211	0.01596	0.01837	0.02379	0.04557	0.15005	0.08560	0.02259	0.01103	0.00363	0.00700	0.51639	0.00748	0.00735
63	0.01918	0.01984	0.06724	0.14141	0.54154	0.01907	0.02484	0.02435	0.01808	0.02563	0.01510	0.02014	0.01242	0.00738	0.00803	0.00246	0.00994	0.00716	0.00392	0.01225
64	0.02088	0.47665	0.23078	0.01669	0.02512	0.02700	0.01862	0.02557	0.01706	0.05723	0.01342	0.01507	0.01091	0.00735	0.00612	0.00203	0.00958	0.00505	0.00382	0.01108
65	0.01775	0.01775	0.02485	0.02130	0.02130	0.02485	0.01775	0.01953	0.01243	0.01953	0.01065	0.01775	0.01065	0.01420	0.02663	0.00355	0.69998	0.00710	0.00355	0.00888
66	0.01532	0.01442	0.02434	0.69533	0.05589	0.01803	0.02253	0.02073	0.01622	0.02073	0.01442	0.02163	0.01082	0.00811	0.00811	0.00270	0.01082	0.00721	0.00361	0.00901
67	0.02644	0.01918	0.02120	0.01641	0.02260	0.01986	0.01335	0.40333	0.05486	0.08258	0.02128	0.06279	0.01672	0.00998	0.00781	0.00224	0.00781	0.00787	0.00749	0.17621
68	0.01990	0.01630	0.01745	0.01566	0.02008	0.01846	0.01218	0.03986	0.55547	0.06168	0.07084	0.03419	0.05840	0.01174	0.00839	0.00273	0.00618	0.00983	0.00834	0.01230
69	0.02018	0.01743	0.01835	0.01651	0.02110	0.02018	0.01284	0.04312	0.64956	0.03394	0.03303	0.03027	0.02477	0.01101	0.00826	0.00275	0.00642	0.00917	0.00826	0.01284
70	0.77215	0.01569	0.01193	0.01067	0.01569	0.01820	0.00879	0.02385	0.01381	0.03641	0.01130	0.01318	0.00879	0.00753	0.00502	0.00251	0.00628	0.00439	0.00502	0.00879
71	0.01847	0.12825	0.52382	0.02158	0.03223	0.05314	0.02640	0.05981	0.01850	0.02597	0.01431	0.01661	0.01050	0.00775	0.00739	0.00243	0.01152	0.00582	0.00373	0.01176
72	0.01148	0.00829	0.01085	0.01021	0.01212	0.00766	0.00766	0.01531	0.02297	0.03254	0.65994	0.06061	0.07656	0.01659	0.00957	0.00255	0.00383	0.01467	0.00893	0.00766
73	0.01137	0.00834	0.01069	0.01025	0.01224	0.00766	0.00778	0.01501	0.02229	0.03103	0.56910	0.06399	0.13480	0.01729	0.00966	0.00263	0.00404	0.04553	0.00871	0.00756
74	0.03641	0.01381	0.01883	0.01444	0.02071	0.01193	0.01193	0.03954	0.02322	0.66984	0.03201	0.02762	0.02009	0.01004	0.00816	0.00251	0.00690	0.00816	0.01004	0.01381
75	0.01180	0.00787	0.00885	0.00885	0.00885	0.00787	0.00492	0.01180	0.01180	0.01573	0.02557	0.05310	0.02950	0.71483	0.04130	0.00787	0.00787	0.01180	0.00492	0.00492
76	0.02223	0.67733	0.04130	0.01432	0.02109	0.07257	0.01400	0.02480	0.01689	0.01914	0.01136	0.01312	0.01042	0.00703	0.00534	0.00176	0.00905	0.00439	0.00352	0.01035
77	0.77215	0.01569	0.01193	0.01067	0.01569	0.01820	0.00879	0.02385	0.01381	0.03641	0.01130	0.01318	0.00879	0.00753	0.00502	0.00251	0.00628	0.00439	0.00502	0.00879
78	0.03024	0.02243	0.02401	0.01855	0.02493	0.02488	0.01528	0.60355	0.07275	0.05017	0.02025	0.02009	0.01442	0.00981	0.00813	0.00245	0.00879	0.00741	0.00813	0.01375
79	0.00971	0.00822	0.00838	0.00834	0.01103	0.00690	0.00626	0.01187	0.01877	0.02258	0.11816	0.07700	0.62455	0.02030	0.00959	0.00273	0.00409	0.01697	0.00762	0.00690
80	0.00989	0.00706	0.00942	0.01130	0.01177	0.00659	0.00753	0.01130	0.01554	0.02071	0.04472	0.70954	0.05367	0.02542	0.01036	0.00330	0.00471	0.02307	0.00753	0.00659
81	0.01159	0.00869	0.01304	0.01304	0.01449	0.01014	0.01014	0.01449	0.01304	0.01884	0.02173	0.03188	0.02029	0.06086	0.68268	0.01304	0.02173	0.00869	0.00435	0.00724
82	0.00989	0.00706	0.00942	0.01130	0.01177	0.00659	0.00753	0.01130	0.01554	0.02071	0.04472	0.70954	0.05367	0.02542	0.01036	0.00330	0.00471	0.02307	0.00753	0.00659
83	0.01683	0.01442	0.01683	0.01202	0.01923	0.01082	0.00961	0.02043	0.01683	0.02644	0.01442	0.01683	0.01202	0.00601	0.00601	0.00120	0.00601	0.00481	0.00481	0.76444
84	0.01224	0.00962	0.01333	0.01535	0.09856	0.00900	0.00976	0.01575	0.02110	0.02931	0.44491	0.12362	0.13300	0.01670	0.00945	0.00263	0.00472	0.01483	0.00798	0.00814
85	0.01843	0.01781	0.03098	0.26574	0.42110	0.01894	0.06207	0.02357	0.01776	0.02454	0.01505	0.02072	0.01214	0.00750	0.00816	0.00253	0.01029	0.00737	0.00388	0.01144
86	0.01047	0.00748	0.01008	0.01196	0.01269	0.00709	0.00854	0.01230	0.01611	0.02136	0.04440	0.59713	0.05240	0.02487	0.01051	0.00338	0.00521	0.12975	0.00752	0.00675
87	0.06153	0.17737	0.15304	0.02665	0.19727	0.14347	0.01994	0.05116	0.01940	0.05780	0.01459	0.01701	0.01159	0.00773	0.00709	0.00225	0.01046	0.00591	0.00434	0.01141

[dist]
# distance from previous block
# <min> <max>
1	3

[block]
# block no. 7 follows, 23 sequences, length 197
# corresponding to MSA columns:
# 500-696
name=unknown_H
#
# <colnr> <probs for GDERKNQSTAVLIFYWHMCP>
#	G	D	E	R	K	N	Q	S	T	A	V	L	I	F	Y	W	H	M	C	P
0	0.01121	0.00828	0.01047	0.00992	0.01195	0.00754	0.00744	0.01478	0.02232	0.03101	0.57661	0.06313	0.16084	0.01716	0.00957	0.00258	0.00387	0.01503	0.00873	0.00754
1	0.01550	0.01466	0.01722	0.01566	0.01677	0.07712	0.01226	0.01790	0.01744	0.02407	0.23981	0.12514	0.03975	0.04141	0.01732	0.00319	0.27885	0.01182	0.00604	0.00806
2	0.00989	0.00706	0.00942	0.01130	0.01177	0.00659	0.00753	0.01130	0.01554	0.02071	0.04472	0.70954	0.05367	0.02542	0.01036	0.00330	0.00471	0.02307	0.00753	0.00659
3	0.02000	0.01950	0.03421	0.04847	0.61106	0.01939	0.07704	0.02500	0.01853	0.02646	0.01536	0.02024	0.01281	0.00720	0.00816	0.00244	0.00999	0.00743	0.00402	0.01269
4	0.03070	0.02076	0.02273	0.01752	0.02374	0.02251	0.01444	0.52685	0.03509	0.12934	0.02147	0.02111	0.01499	0.00976	0.00799	0.00242	0.00839	0.00743	0.04931	0.01346
5	0.01408	0.01899	0.19135	0.01789	0.05488	0.01251	0.05362	0.04485	0.01953	0.02751	0.21568	0.22265	0.04248	0.01528	0.00915	0.00276	0.00739	0.01366	0.00648	0.00926
6	0.01532	0.01442	0.02434	0.69533	0.05589	0.01803	0.02253	0.02073	0.01622	0.02073	0.01442	0.02163	0.01082	0.00811	0.00811	0.00270	0.01082	0.00721	0.00361	0.00901
7	0.01600	0.01524	0.02604	0.50835	0.13523	0.01800	0.05523	0.02105	0.01651	0.02177	0.01609	0.05744	0.01342	0.00907	0.00902	0.00273	0.03723	0.00817	0.00389	0.00951
8	0.02018	0.01743	0.01835	0.01651	0.02110	0.02018	0.01284	0.04312	0.64956	0.03394	0.03303	0.03027	0.02477	0.01101	0.00826	0.00275	0.00642	0.00917	0.00826	0.01284
9	0.02169	0.71972	0.04252	0.01388	0.02083	0.03211	0.01388	0.02430	0.01649	0.01909	0.01128	0.01302	0.01041	0.00694	0.00521	0.00174	0.00868	0.00434	0.00347	0.01041
10	0.05744	0.14716	0.02667	0.02205	0.08363	0.48785	0.01597	0.03004	0.02115	0.02101	0.01254	0.01482	0.01060	0.00799	0.00695	0.00208	0.01286	0.00523	0.00408	0.00987
11	0.01762	0.03261	0.38157	0.02829	0.03852	0.01963	0.31181	0.02583	0.01807	0.02583	0.01543	0.01935	0.01123	0.00730	0.00858	0.00265	0.01278	0.00766	0.00374	0.01150
12	0.01768	0.07575	0.57488	0.02280	0.03405	0.01931	0.06004	0.02630	0.01750	0.05631	0.01532	0.01767	0.01086	0.00773	0.00770	0.00253	0.01166	0.00620	0.00378	0.01194
13	0.00981	0.00823	0.00852	0.00845	0.01109	0.00694	0.00634	0.01207	0.01901	0.02315	0.14910	0.07607	0.59326	0.02009	0.00959	0.00272	0.00408	0.01684	0.00770	0.00694
14	0.01996	0.22967	0.18821	0.02692	0.11431	0.02359	0.20158	0.05741	0.01882	0.02530	0.01450	0.01784	0.01143	0.00727	0.00759	0.00235	0.01106	0.00679	0.00396	0.01143
15	0.00966	0.00822	0.00832	0.00829	0.01100	0.00688	0.00622	0.01178	0.01866	0.02231	0.10316	0.07746	0.63972	0.02041	0.00959	0.00273	0.00410	0.01704	0.00759	0.00688
16	0.01956	0.01870	0.03168	0.07647	0.54949	0.01895	0.05081	0.02543	0.05210	0.02653	0.01725	0.02344	0.01463	0.00802	0.00824	0.00251	0.00962	0.02984	0.00436	0.01239
17	0.00968	0.00822	0.00834	0.00831	0.01101	0.00689	0.00624	0.01182	0.01871	0.02242	0.10944	0.07727	0.63338	0.02036	0.00959	0.00273	0.00410	0.01701	0.00760	0.00689
18	0.01928	0.02154	0.04588	0.03628	0.12545	0.02035	0.55331	0.02585	0.01906	0.02606	0.01626	0.02165	0.01238	0.00689	0.00937	0.00269	0.01314	0.00926	0.00409	0.01120
19	0.01260	0.00909	0.01248	0.01423	0.01604	0.00896	0.01220	0.01605	0.01841	0.02385	0.04553	0.14060	0.08526	0.02254	0.01104	0.00364	0.00704	0.52559	0.00748	0.00736
20	0.02018	0.01743	0.01835	0.01651	0.02110	0.02018	0.01284	0.04312	0.64956	0.03394	0.03303	0.03027	0.02477	0.01101	0.00826	0.00275	0.00642	0.00917	0.00826	0.01284
21	0.02008	0.01928	0.03294	0.04981	0.66422	0.01928	0.02490	0.02490	0.01848	0.02651	0.01526	0.02008	0.01285	0.00723	0.00803	0.00241	0.00964	0.00723	0.00402	0.01285
22	0.00994	0.00828	0.00870	0.00872	0.01134	0.00704	0.00662	0.01225	0.01896	0.02311	0.13923	0.07691	0.57418	0.02023	0.00966	0.00277	0.00423	0.04321	0.00767	0.00696
23	0.00987	0.00712	0.00936	0.01115	0.01173	0.00660	0.00747	0.01132	0.01568	0.02077	0.04657	0.67849	0.08353	0.02518	0.01032	0.00327	0.00468	0.02278	0.00753	0.00660
24	0.01759	0.01487	0.01724	0.01238	0.01955	0.01160	0.00993	0.05403	0.01799	0.02779	0.01470	0.01697	0.01212	0.00621	0.00612	0.00127	0.00617	0.00494	0.00499	0.72355
25	0.01683	0.01442	0.01683	0.01202	0.01923	0.01082	0.00961	0.02043	0.01683	0.02644	0.01442	0.01683	0.01202	0.00601	0.00601	0.00120	0.00601	0.00481	0.00481	0.76444
26	0.02755	0.02950	0.02291	0.01983	0.02411	0.35760	0.01549	0.17577	0.10979	0.02914	0.01672	0.01827	0.01320	0.00975	0.00997	0.00244	0.09505	0.00648	0.00559	0.01085
27	0.02871	0.02067	0.02207	0.01716	0.02303	0.02277	0.01410	0.55324	0.03528	0.04830	0.02043	0.02094	0.01475	0.00970	0.00779	0.00236	0.00823	0.00734	0.11017	0.01295
28	0.02169	0.71972	0.04252	0.01388	0.02083	0.03211	0.01388	0.02430	0.01649	0.01909	0.01128	0.01302	0.01041	0.00694	0.00521	0.00174	0.00868	0.00434	0.00347	0.01041
29	0.00989	0.00706	0.00942	0.01130	0.01177	0.00659	0.00753	0.01130	0.01554	0.02071	0.04472	0.70954	0.05367	0.02542	0.01036	0.00330	0.00471	0.02307	0.00753	0.00659
30	0.01513	0.00756	0.00756	0.00756	0.00945	0.00756	0.00567	0.01891	0.01702	0.03025	0.02647	0.03025	0.02080	0.00945	0.00567	0.00189	0.00378	0.00756	0.75988	0.00756
31	0.00963	0.00806	0.00839	0.00866	0.01107	0.00681	0.00636	0.01160	0.01808	0.02175	0.07690	0.16743	0.57501	0.02124	0.00970	0.00282	0.00419	0.01797	0.00753	0.00681
32	0.01683	0.01442	0.01683	0.01202	0.01923	0.01082	0.00961	0.02043	0.01683	0.02644	0.01442	0.01683	0.01202	0.00601	0.00601	0.00120	0.00601	0.00481	0.00481	0.76444
33	0.01171	0.00783	0.00888	0.00896	0.00898	0.00781	0.00503	0.01178	0.01197	0.01595	0.02642	0.08227	0.03057	0.68419	0.03992	0.00766	0.00773	0.01230	0.00503	0.00499
34	0.01159	0.00869	0.01304	0.01304	0.01449	0.01014	0.01014	0.01449	0.01304	0.01884	0.02173	0.03188	0.02029	0.06086	0.68268	0.01304	0.02173	0.00869	0.00435	0.00724
35	0.03031	0.03867	0.02299	0.02090	0.02508	0.68226	0.01568	0.03240	0.02299	0.01986	0.01254	0.01463	0.01045	0.00836	0.00732	0.00209	0.01463	0.00523	0.00418	0.00941
36	0.01148	0.00829	0.01085	0.01021	0.01212	0.00766	0.00766	0.01531	0.02297	0.03254	0.65994	0.06061	0.07656	0.01659	0.00957	0.00255	0.00383	0.01467	0.00893	0.00766
37	0.01140	0.00829	0.01072	0.01011	0.01207	0.00762	0.00759	0.01514	0.02276	0.03204	0.63270	0.06144	0.10411	0.01678	0.00957	0.00256	0.00384	0.01479	0.00887	0.00762
38	0.01045	0.00735	0.00950	0.01099	0.01144	0.00700	0.00729	0.01170	0.01494	0.01988	0.04068	0.54048	0.04830	0.16746	0.01679	0.00426	0.00551	0.05269	0.00699	0.00629
39	0.01532	0.01442	0.02434	0.69533	0.05589	0.01803	0.02253	0.02073	0.01622	0.02073	0.01442	0.02163	0.01082	0.00811	0.00811	0.00270	0.01082	0.00721	0.00361	0.00901
40	0.01532	0.01442	0.02434	0.69533	0.05589	0.01803	0.02253	0.02073	0.01622	0.02073	0.01442	0.02163	0.01082	0.00811	0.00811	0.00270	0.01082	0.00721	0.00361	0.00901
41	0.01259	0.00855	0.01112	0.01033	0.01248	0.00783	0.00780	0.01631	0.02279	0.06241	0.60561	0.05978	0.09861	0.01644	0.00950	0.00256	0.00399	0.01447	0.00893	0.00791
42	0.01308	0.00934	0.01308	0.01494	0.01681	0.00934	0.01308	0.01681	0.01868	0.02428	0.04296	0.09153	0.04670	0.02242	0.01121	0.00374	0.00747	0.60960	0.00747	0.00747
43	0.01974	0.01893	0.03233	0.09563	0.62103	0.01919	0.02473	0.02461	0.01832	0.02610	0.01520	0.02019	0.01271	0.00729	0.00804	0.00243	0.00972	0.00723	0.00399	0.01258
44	0.00987	0.00831	0.00861	0.00876	0.01143	0.00705	0.00672	0.01206	0.01851	0.02211	0.07903	0.07918	0.61132	0.02070	0.00972	0.00282	0.00438	0.06497	0.00753	0.00690
45	0.00980	0.00778	0.00881	0.00950	0.01133	0.00679	0.00676	0.01169	0.01757	0.02197	0.09568	0.32066	0.39858	0.02224	0.00988	0.00295	0.00433	0.01930	0.00760	0.00679
46	0.73098	0.01712	0.04792	0.01135	0.01675	0.01824	0.00994	0.02395	0.01399	0.03582	0.01148	0.01340	0.00887	0.00754	0.00517	0.00251	0.00659	0.00448	0.00493	0.00896
47	0.00989	0.00706	0.00942	0.01130	0.01177	0.00659	0.00753	0.01130	0.01554	0.02071	0.04472	0.70954	0.05367	0.02542	0.01036	0.00330	0.00471	0.02307	0.00753	0.00659
48	0.01983	0.01902	0.03248	0.08427	0.63174	0.01921	0.02478	0.02468	0.01836	0.02620	0.01522	0.02017	0.01274	0.00728	0.00804	0.00243	0.00970	0.00723	0.00399	0.01265
49	0.01175	0.00917	0.01376	0.01388	0.01542	0.00875	0.06532	0.03462	0.01714	0.02292	0.06227	0.55246	0.04878	0.02265	0.01025	0.00322	0.00586	0.06714	0.00728	0.00734
50	0.01148	0.00829	0.01085	0.01021	0.01212	0.00766	0.00766	0.01531	0.02297	0.03254	0.65994	0.06061	0.07656	0.01659	0.00957	0.00255	0.00383	0.01467	0.00893	0.00766
51	0.70519	0.01552	0.01255	0.01101	0.01615	0.01763	0.00907	0.02528	0.01467	0.09405	0.01318	0.01450	0.00982	0.00776	0.00531	0.00251	0.00633	0.00474	0.00548	0.00924
52	0.01512	0.01411	0.02372	0.65817	0.05363	0.01760	0.02186	0.02039	0.01605	0.02063	0.01482	0.02219	0.01133	0.01099	0.04486	0.00327	0.01141	0.00729	0.00365	0.00892
53	0.02989	0.07159	0.02394	0.02056	0.02488	0.65083	0.01559	0.03201	0.02268	0.01982	0.01248	0.01455	0.01045	0.00829	0.00721	0.00207	0.01434	0.00518	0.00415	0.00946
54	0.01775	0.01775	0.02485	0.02130	0.02130	0.02485	0.01775	0.01953	0.01243	0.01953	0.01065	0.01775	0.01065	0.01420	0.02663	0.00355	0.69998	0.00710	0.00355	0.00888
55	0.01162	0.00859	0.01250	0.01250	0.01377	0.00985	0.00947	0.01414	0.01288	0.01844	0.02223	0.03460	0.02147	0.14474	0.60041	0.01238	0.01996	0.00909	0.00442	0.00695
56	0.02204	0.64386	0.04046	0.01467	0.02111	0.07198	0.01418	0.02457	0.01669	0.01916	0.01133	0.01334	0.01043	0.00738	0.00637	0.00184	0.04226	0.00453	0.00352	0.01028
