[name]
unknown

[dist]
# distance from previous block
# <min> <max>
0	94

[block]
# block no. 0 follows, 24 sequences, length 18
# corresponding to MSA columns:
# 96-113
name=unknown_A
#
# <colnr> <probs for GDERKNQSTAVLIFYWHMCP>
#	G	D	E	R	K	N	Q	S	T	A	V	L	I	F	Y	W	H	M	C	P
0	0.01553	0.05413	0.02500	0.08383	0.08455	0.01531	0.14706	0.01962	0.01726	0.02331	0.04370	0.09817	0.04236	0.01365	0.01047	0.00287	0.06451	0.17810	0.00532	0.05525
1	0.08544	0.07151	0.06669	0.01806	0.03945	0.05954	0.05927	0.14196	0.15898	0.04914	0.01882	0.01984	0.01437	0.00857	0.00799	0.00228	0.03807	0.00668	0.00584	0.12750
2	0.21136	0.01868	0.10667	0.14711	0.02937	0.01685	0.08458	0.02452	0.01632	0.11976	0.01575	0.01877	0.01162	0.00858	0.00895	0.02018	0.05901	0.00639	0.00489	0.07065
3	0.01962	0.14291	0.11756	0.04772	0.05211	0.01972	0.19125	0.06327	0.06522	0.07298	0.06960	0.02364	0.01839	0.01138	0.04732	0.00301	0.01048	0.00793	0.00513	0.01078
4	0.02867	0.02111	0.02275	0.01773	0.02365	0.02329	0.01452	0.59987	0.03570	0.04784	0.02081	0.06907	0.01628	0.01062	0.00809	0.00244	0.00843	0.00825	0.00789	0.01298
5	0.01782	0.02055	0.06812	0.06105	0.03761	0.01894	0.47603	0.02379	0.01776	0.02456	0.01642	0.04725	0.01330	0.00789	0.01009	0.00263	0.05811	0.00911	0.00410	0.06484
6	0.01104	0.00810	0.01035	0.00978	0.01173	0.00740	0.00734	0.01461	0.02201	0.03077	0.60965	0.06092	0.13347	0.01659	0.00935	0.00251	0.00377	0.01458	0.00859	0.00740
7	0.01256	0.00965	0.01393	0.01347	0.01503	0.01143	0.01058	0.04403	0.01386	0.01993	0.02051	0.02979	0.01898	0.05450	0.61956	0.01172	0.06027	0.00834	0.00438	0.00747
8	0.02055	0.01745	0.01840	0.01631	0.02094	0.02011	0.01275	0.09011	0.60820	0.03451	0.03122	0.02875	0.02335	0.01066	0.00806	0.00266	0.00647	0.00882	0.00806	0.01263
9	0.03372	0.01473	0.01896	0.01472	0.02075	0.01372	0.01210	0.10548	0.07499	0.55708	0.03002	0.02633	0.01932	0.00986	0.00798	0.00246	0.00693	0.00796	0.00947	0.01342
10	0.02111	0.01772	0.01871	0.01642	0.02115	0.02037	0.01289	0.12229	0.57512	0.03540	0.03052	0.02818	0.02278	0.01059	0.00805	0.00265	0.00660	0.00872	0.00805	0.01268
11	0.02141	0.01939	0.05367	0.17355	0.09014	0.01959	0.08892	0.22985	0.06977	0.03304	0.01734	0.02015	0.01299	0.00816	0.00781	0.00234	0.00931	0.00713	0.00555	0.10990
12	0.01553	0.25208	0.12913	0.12007	0.02504	0.01856	0.01551	0.01936	0.01628	0.02085	0.02591	0.17253	0.06542	0.01295	0.00772	0.00251	0.00811	0.05864	0.00481	0.00897
13	0.01897	0.01579	0.01730	0.01460	0.01959	0.01649	0.01144	0.09622	0.35803	0.03239	0.06870	0.05704	0.02446	0.01035	0.00766	0.00228	0.00619	0.00863	0.00720	0.20669
14	0.01175	0.00789	0.01027	0.01115	0.01244	0.00713	0.00764	0.01333	0.01553	0.05745	0.03973	0.58898	0.04619	0.05655	0.01114	0.00323	0.00497	0.01976	0.00716	0.06772
15	0.01382	0.01028	0.01203	0.01224	0.05159	0.01020	0.00750	0.05981	0.04300	0.02061	0.02937	0.04682	0.09272	0.47452	0.02910	0.00581	0.00730	0.01093	0.00538	0.05699
16	0.02102	0.01891	0.05881	0.01658	0.02268	0.04895	0.06303	0.18299	0.07759	0.05668	0.02091	0.09570	0.01788	0.00973	0.00757	0.00213	0.00788	0.00823	0.00614	0.25659
17	0.01828	0.02115	0.10643	0.08130	0.38617	0.05877	0.07226	0.02321	0.01790	0.02459	0.03221	0.08692	0.01718	0.00913	0.00815	0.00249	0.00980	0.00864	0.00429	0.01115

[dist]
# distance from previous block
# <min> <max>
2	7

[block]
# block no. 1 follows, 24 sequences, length 25
# corresponding to MSA columns:
# 121-145
name=unknown_B
#
# <colnr> <probs for GDERKNQSTAVLIFYWHMCP>
#	G	D	E	R	K	N	Q	S	T	A	V	L	I	F	Y	W	H	M	C	P
0	0.02186	0.04490	0.01831	0.01413	0.01924	0.06054	0.01131	0.08854	0.12332	0.14493	0.07092	0.05339	0.05607	0.01039	0.00811	0.00217	0.02967	0.00830	0.00687	0.20703
1	0.04303	0.01942	0.10377	0.22861	0.27576	0.01781	0.02146	0.06779	0.01882	0.07453	0.01849	0.02219	0.03724	0.00826	0.00782	0.00248	0.00947	0.00727	0.00462	0.01115
2	0.02083	0.01693	0.01783	0.01610	0.02046	0.04370	0.01276	0.07056	0.48411	0.07317	0.03190	0.03540	0.02536	0.01186	0.00836	0.00275	0.00686	0.08120	0.00793	0.01191
3	0.01809	0.01884	0.02746	0.02262	0.02396	0.05329	0.10758	0.02056	0.01355	0.02001	0.01130	0.01780	0.01063	0.01259	0.02278	0.00329	0.57587	0.00721	0.00358	0.00899
4	0.07917	0.01373	0.01670	0.01281	0.01877	0.01196	0.01041	0.05993	0.02057	0.32376	0.06564	0.02595	0.04259	0.00911	0.00721	0.00204	0.00623	0.00732	0.00755	0.25854
5	0.00966	0.00690	0.00920	0.01104	0.01150	0.00644	0.00736	0.01104	0.01518	0.02024	0.04371	0.71614	0.05245	0.02484	0.01012	0.00322	0.00460	0.02254	0.00736	0.00644
6	0.02712	0.02148	0.02194	0.01761	0.02324	0.06256	0.01425	0.45279	0.17236	0.04378	0.04544	0.02256	0.01791	0.00996	0.00797	0.00243	0.00834	0.00769	0.00776	0.01280
7	0.01076	0.00807	0.01037	0.01116	0.01268	0.00711	0.00769	0.01249	0.01539	0.02115	0.03891	0.60278	0.04585	0.02177	0.00943	0.00289	0.00481	0.01965	0.00693	0.13011
8	0.01838	0.23065	0.34735	0.02024	0.06326	0.06881	0.02148	0.02498	0.03839	0.02366	0.06012	0.01902	0.01529	0.00806	0.00698	0.00224	0.01011	0.00612	0.00398	0.01088
9	0.01379	0.00787	0.01196	0.09956	0.01594	0.00832	0.00871	0.01169	0.01112	0.01471	0.01452	0.02548	0.01431	0.06891	0.02861	0.62212	0.00741	0.00720	0.00354	0.00422
10	0.01998	0.01009	0.01314	0.01124	0.01480	0.00892	0.00883	0.02324	0.02195	0.26913	0.35355	0.04960	0.13406	0.01437	0.00885	0.00250	0.00489	0.01231	0.00895	0.00960
11	0.01248	0.00839	0.00972	0.00958	0.01017	0.00861	0.00600	0.04262	0.01345	0.01855	0.02567	0.09215	0.02831	0.53175	0.09630	0.00724	0.00856	0.01152	0.05319	0.00571
12	0.77733	0.01534	0.01166	0.01043	0.01534	0.01779	0.00859	0.02331	0.01350	0.03558	0.01104	0.01288	0.00859	0.00736	0.00491	0.00245	0.00613	0.00429	0.00491	0.00859
13	0.01220	0.00984	0.01339	0.07679	0.06412	0.00966	0.01183	0.01551	0.01816	0.02315	0.08095	0.07229	0.25863	0.01868	0.00983	0.00307	0.00643	0.28106	0.00681	0.00761
14	0.02905	0.03658	0.02221	0.02018	0.02429	0.65047	0.01516	0.03227	0.05946	0.02021	0.01342	0.01519	0.01103	0.00832	0.00720	0.00208	0.01383	0.00533	0.00432	0.00939
15	0.01936	0.01655	0.02176	0.04962	0.10792	0.01498	0.04664	0.13266	0.02047	0.02989	0.01519	0.01780	0.01213	0.00682	0.00678	0.00169	0.00745	0.00580	0.00509	0.46141
16	0.02943	0.09390	0.04288	0.01501	0.02096	0.01711	0.01285	0.18084	0.04905	0.35404	0.05599	0.02572	0.01996	0.03504	0.00886	0.00255	0.00745	0.00777	0.00815	0.01244
17	0.00988	0.00704	0.00928	0.01083	0.01137	0.00659	0.00723	0.01137	0.01553	0.02085	0.09002	0.62916	0.05283	0.06312	0.01175	0.00342	0.00471	0.02131	0.00732	0.00643
18	0.01644	0.01409	0.01644	0.01175	0.01879	0.01057	0.00940	0.01997	0.01644	0.02584	0.01409	0.01644	0.01175	0.00587	0.00587	0.00117	0.00587	0.00470	0.00470	0.76979
19	0.01392	0.00872	0.01137	0.01036	0.01275	0.00792	0.00789	0.01750	0.02227	0.10522	0.56655	0.05636	0.09706	0.01567	0.00920	0.00250	0.00410	0.01373	0.00879	0.00813
20	0.01130	0.00772	0.00932	0.00952	0.00978	0.00788	0.00585	0.01187	0.01211	0.01636	0.02647	0.12133	0.03006	0.54643	0.13405	0.00796	0.00937	0.01228	0.00500	0.00532
21	0.02560	0.02031	0.01948	0.01610	0.02107	0.10679	0.01285	0.31117	0.14722	0.07556	0.02511	0.02487	0.04770	0.01007	0.00764	0.00235	0.00805	0.00776	0.09861	0.01169
22	0.01023	0.00772	0.01122	0.01211	0.01305	0.00721	0.03976	0.01205	0.01588	0.02132	0.08652	0.63419	0.05197	0.02331	0.01003	0.00314	0.00499	0.02129	0.00729	0.00673
23	0.01738	0.01899	0.03915	0.02888	0.03502	0.01871	0.48516	0.02288	0.01778	0.02445	0.04456	0.08960	0.01831	0.00964	0.01131	0.00281	0.09041	0.01056	0.00447	0.00993
24	0.02097	0.68380	0.04052	0.01400	0.02038	0.03095	0.01379	0.02347	0.01588	0.01868	0.01099	0.01300	0.01019	0.00721	0.00634	0.00180	0.05015	0.00440	0.00340	0.01009

[dist]
# distance from previous block
# <min> <max>
0	1

[block]
# block no. 2 follows, 24 sequences, length 9
# corresponding to MSA columns:
# 147-155
name=unknown_C
#
# <colnr> <probs for GDERKNQSTAVLIFYWHMCP>
#	G	D	E	R	K	N	Q	S	T	A	V	L	I	F	Y	W	H	M	C	P
0	0.08030	0.06089	0.09609	0.02493	0.12242	0.06332	0.08713	0.07428	0.01756	0.04391	0.01360	0.01769	0.01122	0.00967	0.01354	0.00273	0.23932	0.00669	0.00428	0.01044
1	0.05886	0.41487	0.16647	0.01649	0.02378	0.12141	0.01686	0.05945	0.01819	0.02264	0.01230	0.01412	0.01026	0.00731	0.00603	0.00199	0.00987	0.00486	0.00381	0.01046
2	0.07735	0.02001	0.07950	0.23437	0.04291	0.01902	0.36279	0.02365	0.01730	0.02462	0.01493	0.02033	0.01118	0.00717	0.00845	0.00264	0.01184	0.00802	0.00389	0.01002
3	0.01041	0.00794	0.01176	0.01265	0.01366	0.00745	0.04724	0.01226	0.01559	0.02078	0.04188	0.63486	0.04952	0.02354	0.01012	0.00321	0.00531	0.05791	0.00715	0.00676
4	0.01403	0.00877	0.01125	0.01025	0.01275	0.00790	0.00782	0.01747	0.02194	0.11091	0.51595	0.05733	0.14122	0.01589	0.00918	0.00251	0.00415	0.01384	0.00870	0.00813
5	0.01118	0.00842	0.00980	0.00963	0.01132	0.00797	0.00679	0.01454	0.05645	0.02442	0.27469	0.11795	0.21584	0.17698	0.01635	0.00379	0.00493	0.01473	0.00732	0.00688
6	0.00998	0.00714	0.00920	0.01054	0.01118	0.00667	0.00702	0.01143	0.01552	0.02071	0.09447	0.55760	0.08284	0.09997	0.01332	0.00362	0.00484	0.02038	0.00719	0.00636
7	0.01267	0.00947	0.01353	0.01314	0.01490	0.01096	0.01028	0.05905	0.01449	0.02065	0.02108	0.03029	0.01937	0.05592	0.64140	0.01201	0.02035	0.00840	0.00451	0.00754
8	0.17431	0.01406	0.01676	0.01340	0.01889	0.01358	0.01097	0.06672	0.05240	0.43874	0.07711	0.02654	0.02177	0.00988	0.00750	0.00246	0.00648	0.00778	0.00861	0.01204

[dist]
# distance from previous block
# <min> <max>
0	1

[block]
# block no. 3 follows, 24 sequences, length 42
# corresponding to MSA columns:
# 157-198
name=unknown_D
#
# <colnr> <probs for GDERKNQSTAVLIFYWHMCP>
#	G	D	E	R	K	N	Q	S	T	A	V	L	I	F	Y	W	H	M	C	P
0	0.03372	0.01534	0.01941	0.01500	0.02109	0.01454	0.01235	0.15444	0.05849	0.52430	0.02900	0.02561	0.01870	0.00981	0.00797	0.00245	0.00710	0.00787	0.00937	0.01344
1	0.06084	0.02127	0.02325	0.02018	0.02125	0.15502	0.01648	0.02179	0.01425	0.02004	0.01081	0.01651	0.01027	0.01240	0.02116	0.00313	0.53247	0.00644	0.00367	0.00877
2	0.01301	0.00959	0.01124	0.01047	0.01243	0.03800	0.00773	0.01629	0.02141	0.05456	0.55224	0.05529	0.06540	0.08333	0.01218	0.00297	0.00471	0.01341	0.00819	0.00753
3	0.51559	0.01469	0.01404	0.01173	0.01707	0.01562	0.00967	0.02872	0.01674	0.26203	0.01818	0.01786	0.01248	0.00823	0.00599	0.00245	0.00635	0.00559	0.00664	0.01032
4	0.01053	0.00808	0.00964	0.00925	0.01142	0.00719	0.00694	0.01363	0.02082	0.02793	0.44874	0.06560	0.29616	0.01765	0.00936	0.00256	0.00384	0.01523	0.00822	0.00719
5	0.01002	0.00808	0.00899	0.00925	0.01156	0.00705	0.00707	0.01240	0.01846	0.02298	0.15225	0.12383	0.47329	0.02012	0.00960	0.00280	0.00439	0.08347	0.00754	0.00685
6	0.01135	0.00842	0.01235	0.01235	0.01363	0.00970	0.00942	0.01391	0.01263	0.01812	0.02160	0.03314	0.02069	0.12287	0.62767	0.01226	0.01994	0.00879	0.00430	0.00686
7	0.02741	0.22020	0.02762	0.01849	0.02341	0.47874	0.01484	0.06236	0.02157	0.02084	0.01229	0.01413	0.01038	0.00787	0.00664	0.00197	0.01245	0.00499	0.00411	0.00968
8	0.01681	0.01670	0.02392	0.02051	0.02083	0.02279	0.03830	0.01869	0.01260	0.01939	0.01313	0.07054	0.01366	0.01446	0.02424	0.00342	0.62944	0.00821	0.00378	0.00858
9	0.02047	0.01687	0.01795	0.01604	0.02060	0.01934	0.01251	0.04197	0.62745	0.06369	0.03223	0.02946	0.02399	0.01071	0.00806	0.00268	0.00630	0.00892	0.00815	0.01260
10	0.02489	0.01835	0.01998	0.01623	0.02104	0.02009	0.01291	0.46703	0.05694	0.04171	0.02414	0.13807	0.02158	0.06616	0.01076	0.00294	0.00786	0.01011	0.00761	0.01162
11	0.02829	0.03299	0.02393	0.02461	0.12851	0.52175	0.01661	0.05985	0.02247	0.04938	0.01380	0.01591	0.01114	0.00813	0.00733	0.00213	0.01294	0.00564	0.00448	0.01012
12	0.02825	0.02081	0.02237	0.01740	0.02330	0.02297	0.01428	0.56865	0.06118	0.04772	0.05483	0.02194	0.01744	0.00992	0.00795	0.00238	0.00821	0.00761	0.02982	0.01295
13	0.01872	0.02139	0.04679	0.03342	0.04144	0.02005	0.64305	0.02540	0.01872	0.02540	0.01604	0.02139	0.01203	0.00668	0.00936	0.00267	0.01337	0.00936	0.00401	0.01070
14	0.01646	0.01604	0.02258	0.01963	0.01984	0.02217	0.01625	0.01836	0.01223	0.01898	0.01201	0.01939	0.01180	0.02061	0.12404	0.00484	0.60558	0.00717	0.00358	0.00844
15	0.01021	0.00814	0.00990	0.05024	0.01408	0.00752	0.00804	0.01249	0.01741	0.02197	0.10671	0.26795	0.34576	0.02068	0.00965	0.00291	0.00483	0.06744	0.00724	0.00685
16	0.00977	0.00695	0.00917	0.01090	0.01133	0.00651	0.00721	0.01107	0.01497	0.01996	0.04261	0.67730	0.05107	0.06557	0.01189	0.00348	0.00478	0.02190	0.00721	0.00635
17	0.01860	0.02098	0.04524	0.06188	0.06757	0.01990	0.59210	0.02514	0.01857	0.02521	0.01592	0.02131	0.01199	0.00675	0.00924	0.00266	0.01309	0.00917	0.00399	0.01069
18	0.77733	0.01534	0.01166	0.01043	0.01534	0.01779	0.00859	0.02331	0.01350	0.03558	0.01104	0.01288	0.00859	0.00736	0.00491	0.00245	0.00613	0.00429	0.00491	0.00859
19	0.01735	0.01735	0.02429	0.02082	0.02082	0.02429	0.01735	0.01908	0.01214	0.01908	0.01041	0.01735	0.01041	0.01388	0.02602	0.00347	0.70680	0.00694	0.00347	0.00867
20	0.02170	0.01407	0.01478	0.01228	0.01615	0.01514	0.00983	0.30080	0.02593	0.03876	0.02279	0.02482	0.01725	0.00937	0.00662	0.00209	0.00596	0.00728	0.42426	0.01014
21	0.02448	0.02102	0.02669	0.04345	0.02699	0.05992	0.12160	0.32878	0.06134	0.03654	0.01765	0.01999	0.01335	0.00964	0.01084	0.00258	0.11780	0.00748	0.03830	0.01156
22	0.01911	0.01739	0.01734	0.01360	0.01945	0.10009	0.01065	0.09818	0.01968	0.02738	0.01774	0.09380	0.01626	0.00872	0.00676	0.00166	0.00718	0.00703	0.00531	0.49267
23	0.00947	0.00795	0.00823	0.00834	0.01082	0.00671	0.00619	0.01150	0.01804	0.02177	0.10208	0.12417	0.59705	0.02028	0.00943	0.00271	0.00405	0.01708	0.00742	0.00671
24	0.02965	0.02197	0.02352	0.01815	0.02440	0.02436	0.01495	0.61695	0.06654	0.04918	0.01966	0.01954	0.01399	0.00958	0.00794	0.00239	0.00861	0.00723	0.00794	0.01344
25	0.01647	0.00919	0.00937	0.00876	0.01115	0.00951	0.00672	0.08138	0.04043	0.03171	0.02541	0.02852	0.01978	0.00932	0.00587	0.00193	0.00428	0.00742	0.66461	0.00817
26	0.01151	0.00828	0.01125	0.01273	0.01417	0.00802	0.01025	0.01441	0.01778	0.02351	0.11681	0.28106	0.07183	0.02210	0.01045	0.00335	0.00593	0.34204	0.00749	0.00703
27	0.01547	0.00805	0.00812	0.00787	0.00992	0.00816	0.00597	0.04637	0.01755	0.03047	0.02556	0.02910	0.02002	0.00925	0.00565	0.00187	0.00392	0.00738	0.73164	0.00766
28	0.01529	0.00936	0.01224	0.01141	0.01395	0.00879	0.00887	0.01967	0.05162	0.12545	0.44585	0.09170	0.06009	0.01607	0.00930	0.00266	0.00472	0.07580	0.00864	0.00853
29	0.03014	0.02221	0.02380	0.01825	0.02459	0.02459	0.01507	0.64541	0.03728	0.04998	0.01904	0.01904	0.01349	0.00952	0.00793	0.00238	0.00873	0.00714	0.00793	0.01349
30	0.01627	0.09189	0.60418	0.05046	0.03411	0.01937	0.02780	0.02481	0.01666	0.02442	0.01398	0.01662	0.01008	0.00749	0.00736	0.00245	0.01143	0.00579	0.00336	0.01148
31	0.02165	0.68930	0.04053	0.01394	0.02058	0.06655	0.01366	0.02417	0.01645	0.01870	0.01109	0.01280	0.01018	0.00686	0.00520	0.00171	0.00879	0.00429	0.00343	0.01012
32	0.04487	0.01464	0.02421	0.60640	0.11843	0.01775	0.02175	0.02081	0.01600	0.02145	0.01406	0.02066	0.01070	0.00781	0.00780	0.00260	0.01028	0.00694	0.00362	0.00920
33	0.01498	0.01409	0.02378	0.70226	0.05462	0.01762	0.02202	0.02026	0.01586	0.02026	0.01409	0.02114	0.01057	0.00793	0.00793	0.00264	0.01057	0.00705	0.00352	0.00881
34	0.01377	0.00689	0.01033	0.01033	0.01033	0.00689	0.00689	0.01033	0.01033	0.01377	0.01377	0.02410	0.01377	0.02755	0.03099	0.76928	0.00689	0.00689	0.00344	0.00344
35	0.00978	0.00779	0.00877	0.00906	0.01110	0.00678	0.00659	0.01197	0.01824	0.02308	0.18101	0.21589	0.42112	0.02043	0.00954	0.00276	0.00410	0.01759	0.00762	0.00678
36	0.05450	0.01141	0.01502	0.01231	0.01669	0.01022	0.00986	0.02857	0.02224	0.39391	0.28544	0.03936	0.04131	0.01228	0.00841	0.00247	0.00552	0.01038	0.00919	0.01090
37	0.01972	0.01703	0.01793	0.01614	0.02062	0.01972	0.01255	0.04214	0.65752	0.03317	0.03228	0.02959	0.02421	0.01076	0.00807	0.00269	0.00628	0.00897	0.00807	0.01255
38	0.14364	0.01354	0.01708	0.01339	0.01917	0.01238	0.01103	0.03539	0.02133	0.55561	0.05526	0.02628	0.02034	0.00972	0.00758	0.00246	0.00653	0.00770	0.00905	0.01252
39	0.02093	0.69045	0.07477	0.01404	0.02108	0.03070	0.01439	0.02382	0.01615	0.01899	0.01119	0.01293	0.01017	0.00682	0.00522	0.00174	0.00865	0.00432	0.00339	0.01026
40	0.01878	0.01776	0.02757	0.10122	0.28771	0.04497	0.10750	0.05680	0.04603	0.02650	0.02017	0.02598	0.03994	0.00866	0.00799	0.00239	0.00925	0.03645	0.04580	0.06855
41	0.69169	0.01673	0.01300	0.01141	0.01639	0.04428	0.00934	0.07086	0.01565	0.03605	0.01170	0.01340	0.00902	0.00756	0.00522	0.00243	0.00665	0.00454	0.00511	0.00898

[dist]
# distance from previous block
# <min> <max>
0	2

[block]
# block no. 4 follows, 24 sequences, length 19
# corresponding to MSA columns:
# 201-219
name=unknown_E
#
# <colnr> <probs for GDERKNQSTAVLIFYWHMCP>
#	G	D	E	R	K	N	Q	S	T	A	V	L	I	F	Y	W	H	M	C	P
0	0.07382	0.02049	0.01997	0.01574	0.02146	0.08924	0.01273	0.36658	0.02841	0.03947	0.01755	0.01867	0.01316	0.00854	0.00705	0.00208	0.00814	0.00632	0.07853	0.15207
1	0.01318	0.01000	0.01300	0.04758	0.01718	0.01049	0.01113	0.01934	0.13156	0.02423	0.06808	0.25539	0.04224	0.02002	0.01072	0.03221	0.00630	0.25222	0.00719	0.00793
2	0.01202	0.00830	0.01045	0.00987	0.01204	0.00749	0.00741	0.01529	0.02130	0.06137	0.49773	0.09205	0.18087	0.01702	0.00932	0.00256	0.00398	0.01486	0.00847	0.00759
3	0.00982	0.00815	0.00866	0.00881	0.01135	0.00698	0.00679	0.01209	0.01834	0.02225	0.11007	0.07666	0.57202	0.02004	0.00953	0.00277	0.00433	0.07711	0.00744	0.00680
4	0.00966	0.00806	0.00846	0.00860	0.01112	0.00686	0.00652	0.01182	0.01818	0.02198	0.10329	0.09774	0.58567	0.02017	0.00949	0.00274	0.00421	0.05124	0.00742	0.00676
5	0.01377	0.00689	0.01033	0.01033	0.01033	0.00689	0.00689	0.01033	0.01033	0.01377	0.01377	0.02410	0.01377	0.02755	0.03099	0.76928	0.00689	0.00689	0.00344	0.00344
6	0.02120	0.72609	0.04155	0.01357	0.02035	0.03138	0.01357	0.02374	0.01611	0.01866	0.01102	0.01272	0.01018	0.00678	0.00509	0.00170	0.00848	0.00424	0.00339	0.01018
7	0.02975	0.02102	0.02284	0.01771	0.02388	0.02306	0.01457	0.54256	0.08771	0.10294	0.02120	0.02061	0.01491	0.00965	0.00795	0.00241	0.00835	0.00736	0.00811	0.01341
8	0.01134	0.00843	0.01243	0.01243	0.01374	0.00974	0.00952	0.01396	0.01265	0.01818	0.02152	0.03273	0.02051	0.10967	0.64062	0.01236	0.02021	0.00873	0.00429	0.00691
9	0.02821	0.02125	0.02271	0.01785	0.02386	0.02369	0.01460	0.53358	0.15226	0.04686	0.02149	0.02099	0.01547	0.00975	0.00796	0.00244	0.00827	0.00748	0.00796	0.01331
10	0.71950	0.01524	0.01258	0.06290	0.01832	0.01778	0.00961	0.02308	0.01367	0.03442	0.01127	0.01351	0.00874	0.00740	0.00514	0.00247	0.00647	0.00450	0.00480	0.00860
11	0.01323	0.01060	0.01101	0.01007	0.01332	0.00999	0.00776	0.12866	0.02149	0.02665	0.06723	0.09643	0.51785	0.01836	0.00914	0.00265	0.00492	0.01524	0.00747	0.00794
12	0.01705	0.01464	0.01672	0.01256	0.01913	0.01226	0.00998	0.02407	0.13504	0.02720	0.01746	0.01887	0.01405	0.00678	0.00628	0.00145	0.00595	0.00549	0.00532	0.62970
13	0.01188	0.00797	0.01001	0.00950	0.01136	0.00747	0.00712	0.01561	0.02137	0.03139	0.54893	0.05375	0.06474	0.01492	0.00865	0.00237	0.00373	0.01306	0.14870	0.00747
14	0.01762	0.01830	0.02667	0.16270	0.05637	0.10171	0.16619	0.02185	0.01804	0.02378	0.13494	0.02688	0.02307	0.01026	0.01159	0.00266	0.13425	0.00870	0.02528	0.00915
15	0.01881	0.01525	0.01598	0.01452	0.01851	0.01744	0.01126	0.03776	0.53896	0.03250	0.03109	0.02958	0.02349	0.01048	0.00760	0.00253	0.00580	0.00867	0.14816	0.01160
16	0.15213	0.00880	0.00994	0.01100	0.01248	0.00892	0.00791	0.01392	0.01502	0.02312	0.03748	0.44631	0.06552	0.07364	0.01149	0.00344	0.00538	0.07998	0.00671	0.00681
17	0.01305	0.00942	0.01037	0.01003	0.01086	0.00991	0.00624	0.01719	0.13104	0.01867	0.02633	0.04777	0.02797	0.58986	0.03439	0.00676	0.00743	0.01106	0.00541	0.00624
18	0.16228	0.38309	0.08220	0.01644	0.05345	0.12051	0.01460	0.02544	0.01691	0.04525	0.01234	0.01412	0.01032	0.00727	0.00578	0.00201	0.00912	0.00477	0.00401	0.01009

[dist]
# distance from previous block
# <min> <max>
3	7

[block]
# block no. 5 follows, 24 sequences, length 20
# corresponding to MSA columns:
# 227-246
name=unknown_F
#
# <colnr> <probs for GDERKNQSTAVLIFYWHMCP>
#	G	D	E	R	K	N	Q	S	T	A	V	L	I	F	Y	W	H	M	C	P
0	0.55941	0.04381	0.01676	0.01433	0.05045	0.01913	0.02929	0.10872	0.01755	0.05948	0.01321	0.01482	0.01002	0.00769	0.00572	0.00242	0.00698	0.00510	0.00536	0.00975
1	0.55057	0.04292	0.01440	0.01146	0.01655	0.01736	0.00951	0.06735	0.01670	0.12852	0.01528	0.01619	0.01118	0.00794	0.00560	0.00239	0.00636	0.00518	0.04492	0.00963
2	0.01496	0.00924	0.01186	0.01080	0.01339	0.00856	0.00823	0.01926	0.05138	0.12420	0.48195	0.08678	0.09676	0.01568	0.00913	0.00254	0.00435	0.01371	0.00871	0.00849
3	0.01999	0.01197	0.01546	0.11215	0.02181	0.01194	0.01148	0.02619	0.11674	0.22103	0.12826	0.04462	0.17493	0.01337	0.00861	0.00262	0.00622	0.03473	0.00783	0.01006
4	0.07966	0.01675	0.05620	0.01511	0.02153	0.01479	0.01308	0.14807	0.02446	0.48579	0.02682	0.02408	0.01728	0.00948	0.00775	0.00244	0.00735	0.00747	0.00880	0.01309
5	0.01373	0.01010	0.01237	0.01226	0.01454	0.01000	0.00961	0.10524	0.02137	0.02853	0.20698	0.21527	0.13007	0.01908	0.00970	0.00294	0.00553	0.15695	0.00779	0.00797
6	0.07266	0.01334	0.01770	0.01373	0.01961	0.01178	0.01131	0.03678	0.02221	0.61487	0.05925	0.02773	0.02158	0.00998	0.00788	0.00246	0.00658	0.00808	0.00951	0.01297
7	0.01215	0.00955	0.01455	0.01320	0.01459	0.00923	0.09836	0.01369	0.01391	0.01858	0.02957	0.22441	0.03356	0.39517	0.02626	0.00556	0.00768	0.04825	0.00550	0.00623
8	0.02827	0.02128	0.02274	0.01787	0.02388	0.02372	0.01462	0.53685	0.14890	0.04695	0.02142	0.02094	0.01541	0.00974	0.00796	0.00244	0.00829	0.00747	0.00796	0.01332
9	0.07487	0.02001	0.02421	0.15419	0.12604	0.04546	0.01747	0.34014	0.02701	0.03719	0.01630	0.01887	0.01220	0.00886	0.00853	0.00247	0.04164	0.00684	0.00594	0.01175
10	0.02173	0.68324	0.04037	0.01400	0.02061	0.07235	0.01368	0.02424	0.01651	0.01870	0.01110	0.01282	0.01018	0.00687	0.00522	0.00172	0.00884	0.00429	0.00344	0.01012
11	0.02612	0.01909	0.02070	0.01692	0.02243	0.02119	0.01363	0.32187	0.30705	0.10440	0.02603	0.02443	0.01878	0.01009	0.00800	0.00252	0.00746	0.00802	0.00818	0.01308
12	0.01860	0.01794	0.03099	0.18656	0.51582	0.01863	0.04860	0.02352	0.01762	0.02469	0.01479	0.02002	0.01212	0.00723	0.00793	0.00243	0.00982	0.00715	0.00384	0.01169
13	0.01384	0.01229	0.01836	0.01635	0.01744	0.01502	0.05899	0.01599	0.01310	0.01895	0.02026	0.11097	0.02114	0.13107	0.22811	0.00683	0.25923	0.01014	0.00441	0.00751
14	0.00966	0.00690	0.00920	0.01104	0.01150	0.00644	0.00736	0.01104	0.01518	0.02024	0.04371	0.71614	0.05245	0.02484	0.01012	0.00322	0.00460	0.02254	0.00736	0.00644
15	0.04541	0.01168	0.01442	0.01218	0.01582	0.01130	0.00962	0.11222	0.02436	0.18916	0.39937	0.04414	0.05051	0.01341	0.00867	0.00247	0.00526	0.01144	0.00875	0.00983
16	0.02020	0.01749	0.01931	0.01698	0.02096	0.02077	0.01344	0.08632	0.51520	0.03246	0.02807	0.02698	0.02136	0.01111	0.01066	0.00278	0.10792	0.00853	0.00739	0.01206
17	0.01005	0.00757	0.00930	0.00990	0.01139	0.00682	0.00703	0.01231	0.01814	0.02402	0.24005	0.34486	0.22779	0.02096	0.00969	0.00286	0.00418	0.01850	0.00777	0.00682
18	0.62899	0.01462	0.01173	0.01047	0.01513	0.01652	0.00854	0.05249	0.01534	0.03424	0.02147	0.02237	0.10442	0.00931	0.00570	0.00248	0.00596	0.00624	0.00541	0.00856
19	0.10686	0.01526	0.01763	0.05804	0.05049	0.07119	0.01218	0.03062	0.04414	0.34598	0.13649	0.02940	0.02653	0.01032	0.00781	0.00244	0.00716	0.00838	0.00789	0.01119

[dist]
# distance from previous block
# <min> <max>
0	10

[block]
# block no. 6 follows, 24 sequences, length 6
# corresponding to MSA columns:
# 257-262
name=unknown_G
#
# <colnr> <probs for GDERKNQSTAVLIFYWHMCP>
#	G	D	E	R	K	N	Q	S	T	A	V	L	I	F	Y	W	H	M	C	P
0	0.01332	0.00718	0.01077	0.01077	0.01104	0.00744	0.00744	0.01104	0.01077	0.01463	0.01515	0.02540	0.01489	0.03342	0.15223	0.63008	0.00953	0.00718	0.00359	0.00411
1	0.01819	0.01488	0.01625	0.01459	0.01852	0.01649	0.01146	0.10034	0.39051	0.03342	0.15159	0.04060	0.07790	0.01292	0.00855	0.00267	0.00599	0.04603	0.00808	0.01101
2	0.02765	0.08476	0.02442	0.02090	0.09460	0.19004	0.01525	0.17738	0.08335	0.14962	0.01934	0.01973	0.01428	0.00899	0.00814	0.00231	0.03448	0.00668	0.00632	0.01175
3	0.02035	0.16202	0.29462	0.02343	0.12215	0.02216	0.02174	0.14014	0.06829	0.02918	0.01595	0.01778	0.01213	0.00793	0.00723	0.00232	0.00981	0.00620	0.00464	0.01194
4	0.02675	0.01700	0.06717	0.01518	0.02085	0.01555	0.01306	0.11855	0.18970	0.30261	0.05412	0.02732	0.02157	0.01007	0.00784	0.00247	0.00692	0.00818	0.06264	0.01243
5	0.01957	0.06277	0.24244	0.05256	0.03478	0.01940	0.27559	0.02603	0.01781	0.09652	0.01641	0.01978	0.01197	0.00787	0.00954	0.00260	0.06137	0.00756	0.00435	0.01108

[dist]
# distance from previous block
# <min> <max>
0	5

[block]
# block no. 7 follows, 24 sequences, length 21
# corresponding to MSA columns:
# 268-288
name=unknown_H
#
# <colnr> <probs for GDERKNQSTAVLIFYWHMCP>
#	G	D	E	R	K	N	Q	S	T	A	V	L	I	F	Y	W	H	M	C	P
0	0.01649	0.01391	0.01596	0.01225	0.01834	0.01164	0.00964	0.02281	0.11539	0.02675	0.01904	0.06072	0.01637	0.00787	0.00646	0.00155	0.00579	0.00651	0.02911	0.58340
1	0.01245	0.01136	0.08790	0.01186	0.01423	0.00831	0.00984	0.01539	0.01660	0.05167	0.09569	0.43679	0.04322	0.01895	0.00895	0.00282	0.00530	0.01685	0.12420	0.00761
2	0.01546	0.00918	0.01169	0.11615	0.01746	0.00986	0.00902	0.05407	0.01606	0.02513	0.02041	0.02618	0.01666	0.01394	0.01285	0.20697	0.00591	0.00719	0.39890	0.00692
3	0.01709	0.01273	0.01901	0.01546	0.01872	0.01264	0.12951	0.11432	0.01964	0.05550	0.11673	0.08625	0.02956	0.18070	0.01741	0.04958	0.00767	0.01083	0.07834	0.00833
4	0.01818	0.01401	0.01630	0.01605	0.05524	0.01515	0.01155	0.04734	0.35602	0.07871	0.10839	0.14008	0.06157	0.01366	0.00857	0.00270	0.00590	0.01180	0.00789	0.01086
5	0.01975	0.18621	0.41399	0.02025	0.02941	0.15409	0.02318	0.02612	0.01774	0.02261	0.01316	0.01540	0.01011	0.00750	0.00694	0.00224	0.01154	0.00537	0.00350	0.01089
6	0.00968	0.00725	0.00900	0.01024	0.01133	0.00656	0.00704	0.01135	0.01631	0.02120	0.08851	0.52184	0.20451	0.02318	0.00989	0.00305	0.00441	0.02065	0.00744	0.00656
7	0.06640	0.07188	0.02117	0.05124	0.02248	0.24407	0.01362	0.14031	0.02197	0.02662	0.02387	0.02533	0.11253	0.01060	0.00929	0.00234	0.08122	0.00745	0.00525	0.04235
8	0.01538	0.01404	0.04375	0.01196	0.01763	0.01067	0.00968	0.01846	0.01552	0.02375	0.01700	0.05319	0.01609	0.11752	0.01203	0.00239	0.02616	0.00666	0.00474	0.56338
9	0.01963	0.06148	0.27479	0.03131	0.28164	0.01983	0.02374	0.12016	0.02044	0.02885	0.01696	0.01972	0.03018	0.00798	0.00765	0.00240	0.00998	0.00676	0.00440	0.01211
10	0.01266	0.01052	0.01472	0.01417	0.01481	0.01290	0.01085	0.01454	0.01300	0.01868	0.02377	0.18656	0.02565	0.11153	0.27664	0.00741	0.20805	0.01161	0.00480	0.00713
11	0.59685	0.01521	0.01223	0.01126	0.01551	0.04235	0.00895	0.04918	0.01515	0.03322	0.01649	0.12183	0.01564	0.01019	0.00593	0.00255	0.00633	0.00727	0.00539	0.00850
12	0.01235	0.00868	0.01074	0.08011	0.01449	0.00918	0.00749	0.01449	0.04075	0.01867	0.02602	0.11328	0.02793	0.44365	0.06206	0.00619	0.00790	0.01155	0.07841	0.00608
13	0.01865	0.02120	0.04571	0.03282	0.04045	0.02026	0.61291	0.02510	0.01840	0.02510	0.01577	0.02120	0.01195	0.00703	0.01016	0.00271	0.04677	0.00924	0.00398	0.01060
14	0.02108	0.18019	0.06581	0.13062	0.16875	0.14253	0.05444	0.02504	0.01810	0.04727	0.03359	0.01868	0.01318	0.00803	0.00805	0.00228	0.04148	0.00639	0.00410	0.01040
15	0.01705	0.01744	0.01990	0.01777	0.01949	0.14065	0.04071	0.01954	0.01460	0.01912	0.01571	0.02297	0.01454	0.03237	0.31085	0.00721	0.25058	0.00738	0.00395	0.00816
16	0.00989	0.00799	0.00839	0.00832	0.01051	0.00693	0.00598	0.01177	0.01751	0.02154	0.13118	0.07082	0.50976	0.12800	0.01416	0.00343	0.00456	0.01569	0.00711	0.00648
17	0.01361	0.00988	0.01154	0.01121	0.01370	0.00960	0.00839	0.05480	0.08969	0.05935	0.17470	0.23360	0.22633	0.01847	0.00931	0.00278	0.00487	0.03210	0.00787	0.00819
18	0.01151	0.00777	0.00906	0.00906	0.00921	0.00791	0.00532	0.01180	0.01165	0.01568	0.02461	0.04980	0.02792	0.65438	0.10605	0.00820	0.00906	0.01122	0.00475	0.00504
19	0.02633	0.02960	0.02392	0.07566	0.09026	0.40084	0.01690	0.12357	0.02276	0.02480	0.01352	0.01640	0.01100	0.00883	0.00933	0.00232	0.08336	0.00595	0.00456	0.01011
20	0.01870	0.01547	0.01764	0.01294	0.01977	0.01313	0.01041	0.11751	0.04703	0.02988	0.01563	0.01741	0.01255	0.00664	0.00628	0.00143	0.00633	0.00526	0.00534	0.62065

[dist]
# distance from previous block
# <min> <max>
0	1

[block]
# block no. 8 follows, 24 sequences, length 12
# corresponding to MSA columns:
# 290-301
name=unknown_I
#
# <colnr> <probs for GDERKNQSTAVLIFYWHMCP>
#	G	D	E	R	K	N	Q	S	T	A	V	L	I	F	Y	W	H	M	C	P
0	0.02272	0.60518	0.03839	0.01452	0.02108	0.07451	0.01385	0.09055	0.01879	0.02205	0.01196	0.01350	0.01053	0.00717	0.00553	0.00179	0.00889	0.00461	0.00392	0.01046
1	0.15356	0.02214	0.01981	0.01616	0.02141	0.13457	0.01302	0.37080	0.02860	0.04022	0.01727	0.01831	0.01283	0.00890	0.00704	0.00228	0.00871	0.00634	0.08672	0.01129
2	0.02236	0.01796	0.01853	0.01578	0.02038	0.04385	0.01251	0.25548	0.28675	0.03664	0.02940	0.03147	0.05992	0.04722	0.00971	0.00281	0.00733	0.03219	0.03811	0.01161
3	0.01820	0.02307	0.11302	0.07020	0.04143	0.01974	0.54240	0.02508	0.01834	0.02508	0.01574	0.02088	0.01174	0.00685	0.00908	0.00265	0.01303	0.00885	0.00391	0.01070
4	0.00963	0.00702	0.00908	0.01072	0.01142	0.00647	0.00722	0.01108	0.01549	0.02037	0.04757	0.64860	0.11749	0.02434	0.01004	0.00316	0.00454	0.02193	0.00736	0.00647
5	0.01256	0.00785	0.01022	0.01094	0.01239	0.00714	0.00770	0.01446	0.01714	0.09111	0.12104	0.50063	0.11312	0.02174	0.00973	0.00300	0.00467	0.01944	0.00778	0.00734
6	0.02879	0.02154	0.02304	0.01797	0.02408	0.02396	0.01475	0.56722	0.11767	0.04780	0.02075	0.02041	0.01488	0.00968	0.00795	0.00242	0.00841	0.00738	0.00795	0.01336
7	0.10889	0.02603	0.01987	0.05712	0.02349	0.31416	0.01375	0.17672	0.05223	0.03028	0.01620	0.01799	0.01254	0.00862	0.00701	0.00221	0.01036	0.00603	0.08640	0.01009
8	0.03014	0.02221	0.02380	0.01825	0.02459	0.02459	0.01507	0.64541	0.03728	0.04998	0.01904	0.01904	0.01349	0.00952	0.00793	0.00238	0.00873	0.00714	0.00793	0.01349
9	0.11937	0.10603	0.28000	0.02552	0.14959	0.02000	0.08806	0.04878	0.01772	0.05315	0.01464	0.01732	0.01107	0.00742	0.00720	0.00239	0.01005	0.00621	0.00417	0.01132
10	0.06518	0.02219	0.02198	0.01873	0.04754	0.09422	0.01453	0.38314	0.17922	0.04112	0.02085	0.02071	0.01537	0.00946	0.00772	0.00242	0.00864	0.00720	0.00725	0.01252
11	0.01736	0.01795	0.03028	0.12641	0.03145	0.02215	0.18672	0.02096	0.01447	0.02096	0.01248	0.01901	0.01087	0.01105	0.01882	0.00313	0.41546	0.00761	0.00362	0.00924

[dist]
# distance from previous block
# <min> <max>
0	6

[block]
# block no. 9 follows, 24 sequences, length 13
# corresponding to MSA columns:
# 308-320
name=unknown_J
#
# <colnr> <probs for GDERKNQSTAVLIFYWHMCP>
#	G	D	E	R	K	N	Q	S	T	A	V	L	I	F	Y	W	H	M	C	P
0	0.04763	0.19917	0.18400	0.01573	0.02259	0.01934	0.01600	0.07042	0.06749	0.14218	0.11629	0.02491	0.02276	0.00943	0.00725	0.00230	0.00802	0.00737	0.00604	0.01109
1	0.06042	0.02099	0.07534	0.10194	0.17507	0.09462	0.11078	0.06838	0.01900	0.02594	0.01786	0.07380	0.01596	0.00959	0.00862	0.00252	0.03257	0.03429	0.00464	0.04769
2	0.39903	0.06345	0.09935	0.07268	0.10639	0.01906	0.05057	0.02458	0.05002	0.03014	0.01359	0.01623	0.01056	0.00750	0.00627	0.00244	0.00813	0.00559	0.00451	0.00992
3	0.07179	0.01895	0.02077	0.01879	0.06118	0.07066	0.01428	0.19478	0.11231	0.06362	0.02478	0.02591	0.08373	0.01143	0.01197	0.00269	0.16722	0.00807	0.00623	0.01083
4	0.01055	0.00791	0.01067	0.01198	0.01258	0.00803	0.00852	0.01225	0.01557	0.02104	0.07491	0.58193	0.05001	0.02334	0.01133	0.00323	0.05739	0.06488	0.00714	0.00673
5	0.01864	0.06337	0.14334	0.09833	0.09404	0.02050	0.33084	0.05688	0.01859	0.02551	0.01508	0.01967	0.01151	0.00745	0.00919	0.00258	0.04178	0.00785	0.00399	0.01086
6	0.01184	0.00878	0.01251	0.01229	0.01357	0.01013	0.00942	0.01450	0.01356	0.01983	0.06973	0.03423	0.02426	0.10749	0.51014	0.01044	0.05266	0.00905	0.04854	0.00702
7	0.01695	0.01390	0.04311	0.01272	0.01594	0.01353	0.00996	0.17867	0.08699	0.02984	0.12415	0.07411	0.10861	0.21586	0.01767	0.00402	0.00683	0.01143	0.00687	0.00882
8	0.02995	0.04385	0.06522	0.01436	0.02052	0.01311	0.01261	0.06562	0.02248	0.47632	0.09490	0.02822	0.02373	0.01002	0.00788	0.00237	0.00692	0.00816	0.00867	0.04507
9	0.01238	0.00971	0.01212	0.01155	0.01454	0.00815	0.00849	0.01471	0.01586	0.02255	0.03266	0.41404	0.03696	0.01764	0.00861	0.00250	0.00526	0.05784	0.00637	0.28804
10	0.05458	0.02533	0.20817	0.06479	0.22740	0.08141	0.06053	0.02539	0.01801	0.07365	0.01713	0.02268	0.01377	0.01002	0.03019	0.00282	0.01076	0.03780	0.00443	0.01113
11	0.01186	0.00874	0.01083	0.01107	0.01236	0.00877	0.00794	0.01339	0.01568	0.05223	0.04828	0.34858	0.22429	0.09837	0.01479	0.00354	0.07828	0.01728	0.00679	0.00692
12	0.02138	0.01914	0.02600	0.05129	0.35407	0.05310	0.01896	0.16475	0.07798	0.03096	0.02163	0.06200	0.04403	0.00958	0.00805	0.00244	0.00877	0.00844	0.00553	0.01190

[dist]
# distance from previous block
# <min> <max>
11	35

[block]
# block no. 10 follows, 24 sequences, length 14
# corresponding to MSA columns:
# 356-369
name=unknown_K
#
# <colnr> <probs for GDERKNQSTAVLIFYWHMCP>
#	G	D	E	R	K	N	Q	S	T	A	V	L	I	F	Y	W	H	M	C	P
0	0.02885	0.02144	0.02310	0.01763	0.02404	0.02326	0.01453	0.58615	0.03531	0.04769	0.01857	0.01879	0.01332	0.00917	0.00774	0.00227	0.00846	0.00691	0.00763	0.08515
1	0.04454	0.00916	0.01092	0.01031	0.01269	0.00877	0.00778	0.01724	0.06820	0.04923	0.44028	0.09241	0.16595	0.01636	0.00907	0.00258	0.00421	0.01417	0.00825	0.00790
2	0.01137	0.00762	0.00870	0.00886	0.00890	0.00758	0.00503	0.01149	0.01186	0.01581	0.02665	0.11106	0.03093	0.65928	0.03767	0.00729	0.00741	0.01251	0.00503	0.00495
3	0.01792	0.01652	0.02216	0.01895	0.01962	0.02216	0.01557	0.07427	0.01458	0.02213	0.01311	0.02074	0.01260	0.06588	0.02436	0.00360	0.55423	0.00732	0.04555	0.00875
4	0.08399	0.01078	0.01279	0.01183	0.01397	0.01141	0.00875	0.10412	0.05228	0.02467	0.02008	0.09844	0.01894	0.02185	0.06377	0.32391	0.00747	0.00858	0.06811	0.03425
5	0.13912	0.04336	0.13385	0.21874	0.10057	0.01944	0.05340	0.09507	0.07161	0.02875	0.01579	0.01915	0.01190	0.00799	0.00738	0.00251	0.00946	0.00662	0.00465	0.01063
6	0.31914	0.02110	0.15832	0.02259	0.15925	0.01712	0.05093	0.02308	0.01585	0.02923	0.01577	0.04554	0.01364	0.00867	0.00687	0.00250	0.00839	0.03928	0.00454	0.03820
7	0.01787	0.07797	0.01849	0.01305	0.01814	0.04055	0.01059	0.10193	0.02018	0.02833	0.12849	0.02964	0.02533	0.04563	0.00928	0.00217	0.02491	0.04161	0.00580	0.34006
8	0.01709	0.01934	0.06322	0.12817	0.06989	0.01804	0.42774	0.02297	0.01779	0.02409	0.01876	0.09946	0.01633	0.00896	0.00909	0.00271	0.01172	0.01026	0.00429	0.01007
9	0.02128	0.01043	0.01327	0.01122	0.01517	0.00907	0.00888	0.02424	0.02132	0.30935	0.22536	0.05005	0.21847	0.01453	0.00876	0.00253	0.00513	0.01225	0.00882	0.00987
10	0.01055	0.00735	0.00886	0.00972	0.01055	0.00691	0.00643	0.01199	0.01522	0.02060	0.07975	0.37752	0.12931	0.19211	0.01700	0.00409	0.00515	0.01746	0.06322	0.00621
11	0.02324	0.01792	0.02016	0.01844	0.06458	0.01978	0.01382	0.23731	0.31925	0.07228	0.02940	0.02997	0.05138	0.01095	0.00818	0.00259	0.00725	0.03331	0.00778	0.01242
12	0.02959	0.01233	0.01645	0.01296	0.01822	0.01070	0.01054	0.03283	0.02200	0.50599	0.13056	0.03169	0.02798	0.01059	0.00795	0.00236	0.00606	0.00878	0.05192	0.05049
13	0.02049	0.01670	0.01761	0.01519	0.01982	0.01858	0.01200	0.19068	0.38159	0.03531	0.03772	0.03547	0.13979	0.01215	0.00827	0.00261	0.00649	0.00993	0.00790	0.01171

[dist]
# distance from previous block
# <min> <max>
0	1

[block]
# block no. 11 follows, 24 sequences, length 12
# corresponding to MSA columns:
# 371-382
name=unknown_L
#
# <colnr> <probs for GDERKNQSTAVLIFYWHMCP>
#	G	D	E	R	K	N	Q	S	T	A	V	L	I	F	Y	W	H	M	C	P
0	0.24760	0.08451	0.03910	0.03353	0.02013	0.06148	0.01186	0.05408	0.06985	0.18993	0.02046	0.06027	0.01591	0.00931	0.00674	0.00235	0.00737	0.00698	0.00635	0.05220
1	0.63145	0.08410	0.01561	0.03959	0.01794	0.05759	0.01000	0.02371	0.01436	0.03242	0.01123	0.01329	0.00891	0.00738	0.00518	0.00237	0.00701	0.00445	0.00466	0.00878
2	0.07345	0.08173	0.02158	0.01801	0.05646	0.27124	0.01350	0.17511	0.02396	0.02971	0.04723	0.02167	0.04358	0.00925	0.00711	0.00217	0.00977	0.00672	0.07767	0.01010
3	0.01022	0.00760	0.00939	0.00989	0.01130	0.00691	0.00698	0.01248	0.01812	0.02420	0.26320	0.31766	0.19593	0.05514	0.01118	0.00307	0.00433	0.01792	0.00770	0.00677
4	0.01197	0.00820	0.01068	0.01055	0.01241	0.00755	0.00794	0.01516	0.02063	0.05534	0.45011	0.17188	0.10593	0.01809	0.00955	0.00271	0.00430	0.06118	0.00835	0.00749
5	0.01122	0.01015	0.05334	0.01134	0.01371	0.00813	0.00940	0.01467	0.01968	0.02689	0.35361	0.17289	0.14476	0.01842	0.00959	0.00280	0.00493	0.09925	0.00777	0.00745
6	0.01379	0.00712	0.01025	0.01041	0.01073	0.00712	0.00725	0.01161	0.01159	0.01610	0.01726	0.03004	0.01704	0.02534	0.02691	0.63290	0.00662	0.05764	0.07615	0.00414
7	0.02198	0.53865	0.06167	0.01451	0.02077	0.09655	0.01387	0.02469	0.01713	0.05812	0.01458	0.05908	0.01345	0.00830	0.00589	0.00191	0.00886	0.00579	0.00410	0.01009
8	0.01222	0.00959	0.01280	0.05403	0.05853	0.00949	0.00965	0.01664	0.06312	0.02678	0.32940	0.16118	0.11268	0.05711	0.01103	0.00297	0.00519	0.03229	0.00744	0.00784
9	0.16401	0.01522	0.03415	0.01907	0.09982	0.01525	0.05463	0.09076	0.07387	0.05025	0.05748	0.10410	0.04316	0.01256	0.00814	0.00268	0.00730	0.10011	0.00630	0.04115
10	0.01847	0.06637	0.28943	0.11600	0.08293	0.05250	0.05001	0.02686	0.09740	0.04872	0.01670	0.01947	0.01258	0.00845	0.00895	0.00255	0.06051	0.00669	0.00433	0.01109
11	0.10312	0.33240	0.07287	0.04351	0.02262	0.06155	0.04820	0.04827	0.05480	0.02405	0.03704	0.02126	0.05559	0.01044	0.03184	0.00253	0.00906	0.00644	0.00453	0.00987

[dist]
# distance from previous block
# <min> <max>
10	18

[block]
# block no. 12 follows, 24 sequences, length 56
# corresponding to MSA columns:
# 401-456
name=unknown_M
#
# <colnr> <probs for GDERKNQSTAVLIFYWHMCP>
#	G	D	E	R	K	N	Q	S	T	A	V	L	I	F	Y	W	H	M	C	P
0	0.01092	0.00847	0.01166	0.01385	0.05274	0.00845	0.00915	0.01276	0.01582	0.02128	0.07161	0.53681	0.08495	0.02228	0.01089	0.00313	0.04702	0.04419	0.00698	0.00705
1	0.01846	0.02235	0.08452	0.03198	0.03974	0.02021	0.56677	0.02500	0.01819	0.02500	0.01559	0.02086	0.01181	0.00718	0.01027	0.00271	0.05580	0.00899	0.00394	0.01063
2	0.01894	0.11183	0.15192	0.05843	0.18450	0.06182	0.16156	0.02553	0.05714	0.02441	0.01710	0.02329	0.01421	0.00828	0.00795	0.00247	0.01065	0.04476	0.00423	0.01099
3	0.02170	0.29900	0.13844	0.01990	0.06405	0.07525	0.04969	0.02557	0.01705	0.09044	0.01419	0.01658	0.01144	0.00843	0.00952	0.00230	0.11581	0.00581	0.00420	0.01065
4	0.21968	0.01503	0.01789	0.01501	0.05924	0.01358	0.04293	0.02320	0.01648	0.09108	0.01509	0.01697	0.01173	0.00676	0.00612	0.00179	0.00663	0.00529	0.00516	0.41034
5	0.00952	0.00801	0.00808	0.00808	0.01057	0.00676	0.00594	0.01139	0.01762	0.02100	0.07648	0.07461	0.62407	0.06892	0.01153	0.00303	0.00427	0.01637	0.00719	0.00656
6	0.02128	0.01734	0.01846	0.01624	0.02095	0.01982	0.01274	0.09494	0.57724	0.06088	0.03107	0.02855	0.02308	0.01061	0.00805	0.00265	0.00651	0.00876	0.00813	0.01267
7	0.02005	0.01000	0.01327	0.01136	0.01475	0.00897	0.00890	0.02355	0.02232	0.26226	0.41707	0.04664	0.05313	0.01367	0.00872	0.00246	0.00481	0.01181	0.03662	0.00963
8	0.01015	0.00726	0.00957	0.01123	0.01191	0.00686	0.00783	0.01175	0.01543	0.02041	0.04357	0.57680	0.07082	0.06705	0.01205	0.00353	0.00510	0.09503	0.00720	0.00646
9	0.02239	0.01656	0.01900	0.01806	0.06591	0.01830	0.01322	0.04031	0.50589	0.14134	0.03090	0.02845	0.02262	0.01034	0.00804	0.00263	0.00657	0.00867	0.00807	0.01271
10	0.01335	0.01011	0.01536	0.01384	0.01637	0.00962	0.08288	0.01741	0.04949	0.05022	0.29767	0.17519	0.07267	0.01757	0.01072	0.04377	0.00584	0.08260	0.00744	0.00786
11	0.01801	0.01440	0.01480	0.01344	0.01720	0.04041	0.01039	0.03175	0.37407	0.06434	0.09683	0.03897	0.12948	0.01243	0.00809	0.00255	0.00575	0.01032	0.08621	0.01055
12	0.02088	0.66962	0.06930	0.01472	0.02176	0.03039	0.03828	0.02387	0.01624	0.01919	0.01135	0.01323	0.01024	0.00681	0.00536	0.00177	0.00881	0.00451	0.00341	0.01026
13	0.20040	0.01968	0.01998	0.06357	0.02368	0.04285	0.01353	0.38836	0.05003	0.04206	0.01741	0.01847	0.01274	0.00890	0.00710	0.00239	0.00811	0.00649	0.04268	0.01157
