[name]
unknown

[dist]
# distance from previous block
# <min> <max>
0	100

[block]
# block no. 0 follows, 24 sequences, length 9
# corresponding to MSA columns:
# 107-115
name=unknown_A
#
# <colnr> <probs for GDERKNQSTAVLIFYWHMCP>
#	G	D	E	R	K	N	Q	S	T	A	V	L	I	F	Y	W	H	M	C	P
0	0.01670	0.01208	0.01485	0.06815	0.01935	0.01170	0.01074	0.09779	0.04064	0.05636	0.02794	0.20734	0.02762	0.01377	0.00805	0.00241	0.00624	0.07454	0.09078	0.19294
1	0.01387	0.00889	0.01218	0.06784	0.01638	0.00864	0.00943	0.01667	0.01851	0.09452	0.24687	0.24813	0.05041	0.07329	0.01191	0.00324	0.00556	0.07840	0.00756	0.00770
2	0.01300	0.00884	0.01245	0.01498	0.08111	0.00832	0.00936	0.01506	0.01670	0.07342	0.10805	0.48305	0.04700	0.05576	0.01115	0.00321	0.00533	0.01832	0.00722	0.00767
3	0.01628	0.01268	0.01384	0.06879	0.01801	0.08062	0.01018	0.05326	0.02053	0.08808	0.24197	0.22059	0.09117	0.01627	0.00900	0.00265	0.00621	0.01411	0.00742	0.00834
4	0.32461	0.01583	0.06768	0.01204	0.01707	0.01490	0.01067	0.08867	0.01848	0.13754	0.01915	0.02035	0.01398	0.00847	0.00609	0.00230	0.00633	0.00610	0.19991	0.00983
5	0.02876	0.01306	0.01695	0.01378	0.01868	0.01206	0.01104	0.10642	0.02325	0.44230	0.08407	0.13914	0.02867	0.01271	0.00843	0.00257	0.00640	0.01073	0.00910	0.01187
6	0.01070	0.00743	0.00894	0.00960	0.01001	0.00715	0.00598	0.01153	0.01384	0.01842	0.07025	0.30596	0.07115	0.38389	0.02566	0.00546	0.00612	0.01612	0.00612	0.00567
7	0.00977	0.00699	0.00930	0.01096	0.01153	0.00652	0.00737	0.01132	0.01571	0.02108	0.08875	0.66872	0.05406	0.02422	0.01007	0.00317	0.00454	0.02195	0.00746	0.00652
8	0.02520	0.01592	0.01850	0.01474	0.02059	0.01569	0.01185	0.11543	0.22656	0.23221	0.02587	0.02425	0.01840	0.00914	0.00750	0.00221	0.00665	0.00740	0.00778	0.19411

[dist]
# distance from previous block
# <min> <max>
1	3

[block]
# block no. 1 follows, 24 sequences, length 117
# corresponding to MSA columns:
# 119-235
name=unknown_B
#
# <colnr> <probs for GDERKNQSTAVLIFYWHMCP>
#	G	D	E	R	K	N	Q	S	T	A	V	L	I	F	Y	W	H	M	C	P
0	0.00964	0.00699	0.00911	0.01081	0.01144	0.00646	0.00726	0.01107	0.01540	0.02033	0.04648	0.66764	0.09916	0.02448	0.01006	0.00318	0.00456	0.02210	0.00736	0.00646
1	0.01581	0.00903	0.01014	0.00968	0.01184	0.00912	0.00724	0.06944	0.01791	0.06363	0.02990	0.12281	0.05269	0.06124	0.06392	0.00339	0.00608	0.01016	0.41809	0.00789
2	0.00986	0.00703	0.00929	0.01086	0.01142	0.00657	0.00727	0.01138	0.01562	0.02098	0.09301	0.63775	0.05333	0.05112	0.01123	0.00334	0.00465	0.02146	0.00737	0.00646
3	0.01730	0.01375	0.01639	0.01242	0.01847	0.01130	0.00986	0.02137	0.04446	0.06693	0.01820	0.07401	0.01601	0.00821	0.00732	0.00159	0.03626	0.00663	0.00533	0.59419
4	0.16739	0.07862	0.02595	0.01841	0.02404	0.02078	0.13362	0.23638	0.02275	0.03400	0.01511	0.01795	0.01176	0.00980	0.01006	0.06387	0.04502	0.00661	0.00544	0.05243
5	0.01834	0.01471	0.01665	0.01287	0.01897	0.01313	0.01023	0.04953	0.16891	0.05232	0.01985	0.02075	0.01551	0.00749	0.00653	0.00166	0.00599	0.00607	0.04780	0.49269
6	0.27531	0.01691	0.01694	0.01385	0.01888	0.01860	0.01121	0.27321	0.05011	0.09424	0.04674	0.02212	0.01663	0.04846	0.00869	0.00270	0.00710	0.00691	0.04057	0.01082
7	0.05918	0.05377	0.02233	0.06587	0.02192	0.07408	0.03745	0.01947	0.01393	0.02003	0.01523	0.07655	0.01558	0.08440	0.02056	0.00353	0.37543	0.00832	0.00407	0.00830
8	0.73529	0.01675	0.04857	0.01110	0.01638	0.01782	0.00973	0.02341	0.01367	0.03500	0.01122	0.01309	0.00867	0.00737	0.00505	0.00246	0.00644	0.00438	0.00482	0.00876
9	0.01982	0.08416	0.31929	0.01724	0.02504	0.01615	0.01910	0.05958	0.02020	0.15073	0.16071	0.02779	0.02626	0.00992	0.00784	0.00242	0.00860	0.00806	0.00601	0.01110
10	0.03014	0.02221	0.02380	0.01825	0.02459	0.02459	0.01507	0.64541	0.03728	0.04998	0.01904	0.01904	0.01349	0.00952	0.00793	0.00238	0.00873	0.00714	0.00793	0.01349
11	0.01134	0.00847	0.01259	0.01259	0.01395	0.00983	0.00972	0.01406	0.01270	0.01829	0.02138	0.03195	0.02017	0.08477	0.66506	0.01255	0.02072	0.00861	0.00427	0.00699
12	0.01151	0.00778	0.00914	0.00914	0.00930	0.00795	0.00541	0.01184	0.01168	0.01574	0.02454	0.04943	0.02776	0.64263	0.11759	0.00829	0.00930	0.01117	0.00474	0.00508
13	0.77733	0.01534	0.01166	0.01043	0.01534	0.01779	0.00859	0.02331	0.01350	0.03558	0.01104	0.01288	0.00859	0.00736	0.00491	0.00245	0.00613	0.00429	0.00491	0.00859
14	0.02279	0.62549	0.03855	0.01415	0.02068	0.08289	0.01359	0.02533	0.01704	0.06069	0.01241	0.01376	0.01078	0.00709	0.00544	0.00177	0.00884	0.00455	0.00386	0.01031
15	0.03014	0.02221	0.02380	0.01825	0.02459	0.02459	0.01507	0.64541	0.03728	0.04998	0.01904	0.01904	0.01349	0.00952	0.00793	0.00238	0.00873	0.00714	0.00793	0.01349
16	0.01187	0.00870	0.01133	0.01105	0.01163	0.00969	0.00765	0.01315	0.01243	0.01736	0.04730	0.04226	0.02604	0.40657	0.26962	0.00898	0.06350	0.01022	0.00466	0.00600
17	0.01478	0.00739	0.00739	0.00739	0.00924	0.00739	0.00554	0.01848	0.01663	0.02956	0.02587	0.02956	0.02033	0.00924	0.00554	0.00185	0.00370	0.00739	0.76534	0.00739
18	0.02074	0.01775	0.02496	0.21139	0.14891	0.02010	0.04097	0.20460	0.07663	0.03175	0.05308	0.02278	0.01651	0.00935	0.00948	0.00258	0.06399	0.00772	0.00556	0.01115
19	0.00948	0.00760	0.00848	0.00918	0.01101	0.00660	0.00653	0.01125	0.01697	0.02097	0.06637	0.32016	0.43380	0.02190	0.00966	0.00288	0.00424	0.01895	0.00736	0.00660
20	0.01893	0.15555	0.03627	0.02542	0.06500	0.04960	0.28146	0.02390	0.03709	0.02325	0.04452	0.02316	0.01581	0.00916	0.01127	0.00261	0.13169	0.03098	0.00426	0.01007
21	0.02952	0.01337	0.01734	0.01374	0.01913	0.01213	0.01114	0.07561	0.05063	0.46701	0.10298	0.06026	0.02675	0.01102	0.00811	0.00243	0.00638	0.00916	0.00909	0.05421
22	0.01085	0.00799	0.00952	0.00919	0.01081	0.00734	0.00649	0.01328	0.01879	0.02538	0.37280	0.06160	0.20690	0.18542	0.01676	0.00378	0.00475	0.01425	0.00746	0.00665
23	0.01872	0.02139	0.04679	0.03342	0.04144	0.02005	0.64305	0.02540	0.01872	0.02540	0.01604	0.02139	0.01203	0.00668	0.00936	0.00267	0.01337	0.00936	0.00401	0.01070
24	0.02120	0.72609	0.04155	0.01357	0.02035	0.03138	0.01357	0.02374	0.01611	0.01866	0.01102	0.01272	0.01018	0.00678	0.00509	0.00170	0.00848	0.00424	0.00339	0.01018
25	0.01067	0.00782	0.01002	0.01003	0.01165	0.00716	0.00731	0.01369	0.02031	0.02806	0.46332	0.21449	0.12873	0.01861	0.00953	0.00268	0.00397	0.01650	0.00827	0.00716
26	0.02763	0.02012	0.02182	0.01730	0.02298	0.02216	0.01407	0.50398	0.10676	0.07107	0.02290	0.07251	0.01787	0.01082	0.00811	0.00248	0.00806	0.00853	0.00798	0.01285
27	0.02507	0.02094	0.02123	0.04732	0.02423	0.07554	0.01434	0.31602	0.29525	0.03919	0.02383	0.02317	0.01759	0.00986	0.00793	0.00249	0.00823	0.00774	0.00749	0.01255
28	0.01153	0.00769	0.00865	0.00865	0.00865	0.00769	0.00480	0.01153	0.01153	0.01538	0.02499	0.05189	0.02883	0.72131	0.04036	0.00769	0.00769	0.01153	0.00480	0.00480
29	0.01823	0.08135	0.07240	0.02613	0.03107	0.02261	0.30725	0.02274	0.01578	0.02230	0.01328	0.01879	0.01112	0.00959	0.01549	0.00290	0.28758	0.00777	0.00371	0.00991
30	0.00986	0.00705	0.00937	0.01091	0.01154	0.00657	0.00738	0.01153	0.01608	0.02168	0.12106	0.63470	0.05522	0.02377	0.01003	0.00313	0.00449	0.02153	0.00753	0.00657
31	0.02969	0.02199	0.02354	0.01815	0.02442	0.02438	0.01496	0.61914	0.06429	0.04924	0.01961	0.01950	0.01395	0.00957	0.00794	0.00239	0.00862	0.00722	0.00794	0.01344
32	0.00978	0.00699	0.00934	0.01118	0.01169	0.00654	0.00757	0.01125	0.01530	0.02038	0.04364	0.69188	0.05218	0.02473	0.01015	0.00324	0.00471	0.04562	0.00736	0.00647
33	0.01849	0.05102	0.04331	0.03258	0.09317	0.01975	0.52737	0.02466	0.01875	0.02551	0.05171	0.02295	0.01546	0.00725	0.00904	0.00259	0.01229	0.00921	0.00424	0.01066
34	0.01106	0.00792	0.00889	0.00907	0.00998	0.00756	0.00593	0.01197	0.01398	0.01785	0.04179	0.06228	0.20537	0.46057	0.02899	0.00592	0.00665	0.07289	0.00575	0.00557
35	0.01957	0.01900	0.03312	0.04770	0.63168	0.01892	0.06376	0.02440	0.01810	0.02587	0.01499	0.01974	0.01253	0.00704	0.00795	0.00238	0.00967	0.00721	0.00393	0.01244
36	0.01972	0.01703	0.01793	0.01614	0.02062	0.01972	0.01255	0.04214	0.65752	0.03317	0.03228	0.02959	0.02421	0.01076	0.00807	0.00269	0.00628	0.00897	0.00807	0.01255
37	0.13488	0.02125	0.02210	0.01715	0.02329	0.02364	0.01416	0.55820	0.03395	0.04796	0.01792	0.01818	0.01280	0.00922	0.00751	0.00239	0.00836	0.00674	0.00751	0.01280
38	0.01576	0.01518	0.02651	0.57990	0.11847	0.01794	0.07206	0.02110	0.01632	0.02127	0.01434	0.02100	0.01090	0.00774	0.00803	0.00261	0.01067	0.00723	0.00360	0.00935
39	0.01498	0.01409	0.02378	0.70226	0.05462	0.01762	0.02202	0.02026	0.01586	0.02026	0.01409	0.02114	0.01057	0.00793	0.00793	0.00264	0.01057	0.00705	0.00352	0.00881
40	0.03012	0.02281	0.02375	0.01833	0.02459	0.05016	0.01508	0.62181	0.03671	0.04880	0.01878	0.01886	0.01336	0.00947	0.00790	0.00237	0.00894	0.00706	0.00778	0.01332
41	0.77733	0.01534	0.01166	0.01043	0.01534	0.01779	0.00859	0.02331	0.01350	0.03558	0.01104	0.01288	0.00859	0.00736	0.00491	0.00245	0.00613	0.00429	0.00491	0.00859
42	0.00966	0.00690	0.00920	0.01104	0.01150	0.00644	0.00736	0.01104	0.01518	0.02024	0.04371	0.71614	0.05245	0.02484	0.01012	0.00322	0.00460	0.02254	0.00736	0.00644
43	0.00966	0.00690	0.00920	0.01104	0.01150	0.00644	0.00736	0.01104	0.01518	0.02024	0.04371	0.71614	0.05245	0.02484	0.01012	0.00322	0.00460	0.02254	0.00736	0.00644
44	0.00988	0.00704	0.00909	0.01063	0.01112	0.00660	0.00700	0.01111	0.01484	0.01969	0.04279	0.61017	0.07292	0.11031	0.01381	0.00375	0.00496	0.02097	0.00705	0.00625
45	0.00973	0.00695	0.00926	0.01100	0.01152	0.00649	0.00737	0.01121	0.01550	0.02074	0.07078	0.68763	0.05342	0.02447	0.01009	0.00319	0.00456	0.02219	0.00742	0.00649
46	0.03558	0.01350	0.01840	0.01411	0.02024	0.01166	0.01166	0.03865	0.02270	0.67734	0.03128	0.02699	0.01963	0.00981	0.00797	0.00245	0.00675	0.00797	0.00981	0.01350
47	0.14232	0.01376	0.01743	0.01358	0.01954	0.01254	0.01121	0.03644	0.02137	0.58499	0.02837	0.02496	0.01804	0.00946	0.00753	0.00245	0.00666	0.00744	0.00911	0.01279
48	0.77733	0.01534	0.01166	0.01043	0.01534	0.01779	0.00859	0.02331	0.01350	0.03558	0.01104	0.01288	0.00859	0.00736	0.00491	0.00245	0.00613	0.00429	0.00491	0.00859
49	0.01695	0.01670	0.01553	0.01541	0.01786	0.16931	0.01250	0.02094	0.05441	0.02337	0.09451	0.05856	0.10343	0.01671	0.01080	0.00299	0.06446	0.27102	0.00643	0.00809
50	0.01788	0.06865	0.34629	0.10845	0.11035	0.01974	0.12562	0.06394	0.01838	0.02590	0.01472	0.01828	0.01095	0.00747	0.00780	0.00248	0.01121	0.00670	0.00384	0.01133
51	0.02120	0.72609	0.04155	0.01357	0.02035	0.03138	0.01357	0.02374	0.01611	0.01866	0.01102	0.01272	0.01018	0.00678	0.00509	0.00170	0.00848	0.00424	0.00339	0.01018
52	0.01133	0.00850	0.01274	0.01274	0.01416	0.00991	0.00991	0.01416	0.01274	0.01841	0.02124	0.03115	0.01982	0.05947	0.68989	0.01274	0.02124	0.00850	0.00425	0.00708
53	0.00972	0.00695	0.00925	0.01100	0.01151	0.00648	0.00737	0.01119	0.01545	0.02067	0.06701	0.69160	0.05328	0.02452	0.01009	0.00319	0.00457	0.02224	0.00741	0.00648
54	0.01784	0.01173	0.01327	0.01159	0.01390	0.01205	0.00820	0.16945	0.01988	0.07845	0.06822	0.07013	0.05683	0.38526	0.02523	0.00523	0.00733	0.01102	0.00644	0.00795
55	0.00976	0.00709	0.00921	0.01070	0.01146	0.00655	0.00726	0.01138	0.01601	0.02127	0.09685	0.60910	0.10660	0.02375	0.01000	0.00312	0.00448	0.02139	0.00747	0.00655
56	0.01590	0.04102	0.68023	0.02260	0.03432	0.01842	0.02930	0.02511	0.01674	0.02511	0.01423	0.01674	0.01005	0.00753	0.00753	0.00251	0.01172	0.00586	0.00335	0.01172
57	0.00966	0.00690	0.00920	0.01104	0.01150	0.00644	0.00736	0.01104	0.01518	0.02024	0.04371	0.71614	0.05245	0.02484	0.01012	0.00322	0.00460	0.02254	0.00736	0.00644
58	0.01481	0.01389	0.02510	0.06564	0.07766	0.01380	0.21284	0.04341	0.01747	0.02373	0.05093	0.21051	0.05157	0.02084	0.11558	0.00435	0.01087	0.01277	0.00536	0.00887
59	0.02809	0.07377	0.07620	0.02025	0.02509	0.60152	0.01635	0.03073	0.02168	0.01983	0.01235	0.01441	0.01020	0.00805	0.00707	0.00206	0.01379	0.00512	0.00399	0.00945
60	0.77733	0.01534	0.01166	0.01043	0.01534	0.01779	0.00859	0.02331	0.01350	0.03558	0.01104	0.01288	0.00859	0.00736	0.00491	0.00245	0.00613	0.00429	0.00491	0.00859
61	0.01787	0.01723	0.02986	0.28748	0.41286	0.01846	0.05560	0.02290	0.01728	0.02381	0.01467	0.02027	0.01180	0.00736	0.00796	0.00248	0.01005	0.00718	0.00378	0.01109
62	0.00991	0.00733	0.00926	0.01030	0.01143	0.00669	0.00715	0.01185	0.01709	0.02267	0.16978	0.47673	0.16606	0.02234	0.00984	0.00298	0.00433	0.01994	0.00762	0.00669
63	0.01813	0.02106	0.06415	0.12141	0.04295	0.01968	0.54126	0.02471	0.01828	0.02471	0.01573	0.02121	0.01178	0.00688	0.00911	0.00266	0.01295	0.00894	0.00393	0.01048
64	0.03047	0.01276	0.01705	0.01344	0.01873	0.01134	0.01095	0.05831	0.02323	0.52238	0.15866	0.03315	0.03047	0.01109	0.00825	0.00246	0.00622	0.00922	0.00952	0.01229
65	0.01498	0.01409	0.02378	0.70226	0.05462	0.01762	0.02202	0.02026	0.01586	0.02026	0.01409	0.02114	0.01057	0.00793	0.00793	0.00264	0.01057	0.00705	0.00352	0.00881
66	0.01175	0.00860	0.01146	0.01301	0.01475	0.00832	0.01086	0.01478	0.01774	0.02281	0.04828	0.18704	0.14461	0.02209	0.01057	0.00343	0.00636	0.42916	0.00732	0.00707
67	0.02665	0.24320	0.02862	0.01964	0.05223	0.46226	0.01520	0.02896	0.02037	0.01947	0.01201	0.01407	0.01031	0.00771	0.00656	0.00195	0.01234	0.00494	0.00387	0.00964
68	0.01131	0.00819	0.01101	0.01259	0.01399	0.00789	0.01005	0.01402	0.01732	0.02265	0.07367	0.31307	0.09935	0.02256	0.01045	0.00337	0.00590	0.32826	0.00739	0.00695
69	0.77733	0.01534	0.01166	0.01043	0.01534	0.01779	0.00859	0.02331	0.01350	0.03558	0.01104	0.01288	0.00859	0.00736	0.00491	0.00245	0.00613	0.00429	0.00491	0.00859
70	0.05932	0.01616	0.01900	0.01487	0.02029	0.01630	0.01200	0.26416	0.02650	0.33479	0.02510	0.02647	0.01800	0.09614	0.01178	0.00306	0.00759	0.00795	0.00830	0.01224
71	0.71449	0.07440	0.01414	0.01069	0.01575	0.01892	0.00900	0.02335	0.01371	0.03417	0.01104	0.01287	0.00872	0.00731	0.00492	0.00239	0.00633	0.00429	0.00478	0.00872
72	0.01553	0.03838	0.62654	0.02159	0.03252	0.01754	0.02755	0.02430	0.01720	0.02565	0.06662	0.02015	0.01524	0.00823	0.00768	0.00251	0.01108	0.00654	0.00378	0.01138
73	0.01353	0.01083	0.01575	0.01669	0.09286	0.01041	0.04348	0.04394	0.02144	0.02961	0.39303	0.05655	0.09958	0.01547	0.00935	0.00267	0.00568	0.10312	0.00757	0.00843
74	0.01724	0.01167	0.01385	0.01263	0.01599	0.01185	0.00993	0.02634	0.21417	0.12325	0.26354	0.05015	0.11436	0.01457	0.00891	0.00267	0.00529	0.06539	0.00841	0.00978
75	0.00976	0.00698	0.00929	0.01097	0.01152	0.00651	0.00737	0.01129	0.01565	0.02098	0.08347	0.67428	0.05387	0.02429	0.01007	0.00317	0.00455	0.02202	0.00745	0.00651
76	0.02623	0.01912	0.02078	0.01646	0.02190	0.02076	0.01324	0.44670	0.10157	0.06817	0.02216	0.04948	0.01754	0.06713	0.01053	0.00281	0.00799	0.00819	0.00758	0.05167
77	0.03014	0.02221	0.02380	0.01825	0.02459	0.02459	0.01507	0.64541	0.03728	0.04998	0.01904	0.01904	0.01349	0.00952	0.00793	0.00238	0.00873	0.00714	0.00793	0.01349
78	0.02807	0.02022	0.02216	0.01683	0.02329	0.02129	0.01385	0.49638	0.03268	0.08570	0.01895	0.01909	0.01357	0.00889	0.00757	0.00217	0.00810	0.00676	0.00748	0.14694
79	0.01735	0.04878	0.05618	0.02190	0.02747	0.01664	0.26576	0.08010	0.06748	0.02758	0.07554	0.13134	0.02656	0.01191	0.00897	0.00269	0.00930	0.05990	0.00578	0.03876
80	0.68578	0.04802	0.04197	0.01108	0.01627	0.01809	0.00967	0.02314	0.01404	0.03425	0.03232	0.01453	0.01086	0.00763	0.00517	0.00242	0.00640	0.00468	0.00489	0.00876
81	0.01156	0.00781	0.01032	0.01061	0.01205	0.00721	0.00760	0.01426	0.01933	0.05353	0.37299	0.34042	0.06292	0.01966	0.00963	0.00280	0.00424	0.01761	0.00819	0.00728
82	0.01801	0.01995	0.04218	0.08522	0.04036	0.01901	0.53872	0.02428	0.01814	0.02472	0.01601	0.02155	0.01222	0.00893	0.03723	0.00302	0.01313	0.00893	0.00401	0.04436
83	0.00978	0.00704	0.00931	0.01108	0.01168	0.00656	0.00754	0.01128	0.01542	0.02043	0.04500	0.66632	0.07518	0.02454	0.01013	0.00322	0.00469	0.04697	0.00736	0.00649
84	0.02972	0.03479	0.02273	0.02001	0.02453	0.56146	0.01527	0.14983	0.02532	0.02529	0.01356	0.01521	0.01084	0.00843	0.00730	0.00211	0.01323	0.00550	0.00483	0.01002
85	0.02962	0.03779	0.02247	0.02043	0.02451	0.68948	0.01532	0.03166	0.02247	0.01941	0.01226	0.01430	0.01021	0.00817	0.00715	0.00204	0.01430	0.00511	0.00409	0.00919
86	0.00966	0.00690	0.00920	0.01104	0.01150	0.00644	0.00736	0.01104	0.01518	0.02024	0.04371	0.71614	0.05245	0.02484	0.01012	0.00322	0.00460	0.02254	0.00736	0.00644
87	0.01216	0.00921	0.01117	0.04257	0.01480	0.03715	0.00900	0.01427	0.01690	0.04611	0.09281	0.47005	0.08914	0.02150	0.00979	0.00306	0.00554	0.08040	0.00724	0.00712
88	0.01899	0.45935	0.18977	0.01624	0.02330	0.02632	0.01737	0.02307	0.01572	0.02021	0.01240	0.01526	0.01080	0.01099	0.05222	0.00276	0.06648	0.00512	0.00344	0.01022
89	0.01741	0.01752	0.02522	0.02134	0.02167	0.02411	0.04323	0.01935	0.01242	0.01935	0.01064	0.01752	0.01048	0.01358	0.02533	0.00344	0.67812	0.00704	0.00349	0.00876
90	0.01867	0.01837	0.03082	0.05970	0.30050	0.01988	0.14161	0.02554	0.10147	0.02523	0.01733	0.02290	0.01446	0.00920	0.01164	0.00272	0.13920	0.02510	0.00449	0.01119
91	0.01080	0.00804	0.01005	0.00965	0.01161	0.00729	0.00720	0.01411	0.02129	0.02931	0.52787	0.09165	0.18716	0.01733	0.00939	0.00256	0.00383	0.01516	0.00841	0.00729
92	0.02517	0.01830	0.02098	0.01875	0.07326	0.01979	0.01378	0.40456	0.06997	0.07343	0.02325	0.09477	0.01977	0.07373	0.01102	0.00296	0.00801	0.00926	0.00738	0.01186
93	0.00984	0.00718	0.00926	0.01057	0.01146	0.00661	0.00723	0.01160	0.01646	0.02190	0.13015	0.55880	0.12337	0.02318	0.00994	0.00306	0.00442	0.02082	0.00754	0.00661
94	0.01868	0.01568	0.01668	0.01507	0.01923	0.01763	0.01177	0.08665	0.47864	0.03228	0.03780	0.06418	0.10316	0.01276	0.00841	0.00272	0.00618	0.03308	0.00792	0.01148
95	0.01015	0.00743	0.01020	0.04716	0.01408	0.00721	0.00849	0.01189	0.01543	0.02048	0.04205	0.63692	0.04981	0.02376	0.01006	0.00322	0.00510	0.06278	0.00716	0.00662
96	0.05230	0.02066	0.06618	0.07679	0.19058	0.01942	0.36616	0.02564	0.05333	0.02607	0.01625	0.02083	0.01250	0.00715	0.00856	0.00258	0.01146	0.00827	0.00419	0.01108
97	0.10852	0.31778	0.26023	0.07161	0.02741	0.02338	0.01912	0.02445	0.01625	0.04767	0.01316	0.01536	0.01033	0.00732	0.00626	0.00218	0.00945	0.00518	0.00381	0.01055
98	0.33068	0.05958	0.04396	0.01471	0.02025	0.09490	0.01243	0.16038	0.08602	0.08305	0.01667	0.01724	0.01237	0.00842	0.00647	0.00238	0.00801	0.00580	0.00601	0.01068
99	0.02120	0.02016	0.02997	0.09604	0.41238	0.06237	0.06473	0.10754	0.05604	0.02855	0.01626	0.02001	0.01297	0.00771	0.00794	0.00240	0.00984	0.00721	0.00467	0.01202
100	0.00974	0.00693	0.00918	0.01094	0.01138	0.00649	0.00726	0.01106	0.01503	0.02004	0.04293	0.68861	0.05147	0.05371	0.01137	0.00341	0.00473	0.02209	0.00726	0.00637
101	0.02030	0.07394	0.01999	0.01586	0.02057	0.02056	0.01263	0.08459	0.53615	0.03321	0.05334	0.02856	0.02418	0.01055	0.00787	0.00258	0.00654	0.00865	0.00771	0.01224
102	0.01264	0.00903	0.01262	0.01445	0.01621	0.00901	0.01254	0.01619	0.01812	0.02358	0.04206	0.11673	0.04593	0.02203	0.01092	0.00363	0.00718	0.59253	0.00730	0.00726
103	0.01953	0.01296	0.01503	0.01371	0.01744	0.01353	0.01063	0.03079	0.29942	0.15969	0.07921	0.14738	0.09075	0.01451	0.00871	0.00276	0.00578	0.03925	0.00825	0.01068
104	0.00980	0.00805	0.00863	0.00849	0.01098	0.00688	0.00637	0.01222	0.01910	0.02385	0.21762	0.07232	0.52983	0.01918	0.00937	0.00263	0.00395	0.01618	0.00768	0.00688
105	0.02178	0.61031	0.03785	0.01424	0.02048	0.11029	0.01351	0.02431	0.01717	0.01934	0.04055	0.01499	0.01307	0.00737	0.00553	0.00177	0.00898	0.00480	0.00372	0.00994
106	0.08352	0.30938	0.15412	0.01732	0.02381	0.21638	0.01682	0.02603	0.01767	0.02148	0.01196	0.01416	0.01004	0.00769	0.00707	0.00209	0.04182	0.00492	0.00371	0.00999
107	0.01173	0.00902	0.01203	0.01228	0.01388	0.00873	0.03549	0.04841	0.04591	0.02371	0.09376	0.50652	0.10501	0.02146	0.00975	0.00302	0.00516	0.01934	0.00739	0.00739
108	0.01147	0.00792	0.00980	0.00980	0.01020	0.00832	0.00625	0.01227	0.01187	0.01623	0.02393	0.04604	0.02629	0.53463	0.22358	0.00911	0.01151	0.01068	0.00465	0.00545
109	0.02341	0.02090	0.04952	0.01630	0.02254	0.07257	0.01357	0.26713	0.15088	0.03606	0.01943	0.01987	0.01467	0.00850	0.00728	0.00207	0.00799	0.00656	0.00650	0.23425
110	0.02105	0.07448	0.02050	0.01618	0.02106	0.02122	0.01292	0.11041	0.53438	0.03395	0.02904	0.02701	0.02184	0.01030	0.00781	0.00257	0.00674	0.00838	0.00768	0.01247
111	0.01497	0.04025	0.01429	0.01216	0.01418	0.01237	0.00907	0.11999	0.01723	0.02357	0.06289	0.03708	0.02487	0.26753	0.28606	0.00820	0.01296	0.00948	0.00530	0.00755
112	0.01135	0.00864	0.01052	0.01025	0.01229	0.00817	0.00760	0.01594	0.07127	0.02845	0.42500	0.14682	0.17868	0.01764	0.00936	0.00264	0.00411	0.01544	0.00824	0.00760
113	0.01847	0.10399	0.04782	0.01495	0.02180	0.01562	0.05996	0.09030	0.01902	0.02744	0.01620	0.02131	0.01386	0.00754	0.00666	0.00170	0.00740	0.04443	0.00496	0.45657
114	0.01090	0.00784	0.01036	0.01057	0.01205	0.00730	0.00779	0.01399	0.02019	0.02812	0.45642	0.24078	0.06681	0.01894	0.00967	0.00277	0.00421	0.05586	0.00826	0.00719
115	0.05420	0.14882	0.07942	0.04566	0.02550	0.06718	0.08450	0.10870	0.04064	0.05239	0.01541	0.01741	0.01200	0.00738	0.00682	0.00198	0.00889	0.00593	0.00493	0.21224
116	0.12300	0.27462	0.07366	0.01500	0.02034	0.09445	0.04545	0.02324	0.05229	0.02357	0.04848	0.10730	0.04814	0.01054	0.00686	0.00227	0.00828	0.00827	0.00487	0.00938

[dist]
# distance from previous block
# <min> <max>
0	2

[block]
# block no. 2 follows, 24 sequences, length 91
# corresponding to MSA columns:
# 238-328
name=unknown_C
#
# <colnr> <probs for GDERKNQSTAVLIFYWHMCP>
#	G	D	E	R	K	N	Q	S	T	A	V	L	I	F	Y	W	H	M	C	P
0	0.38804	0.08333	0.10884	0.02058	0.08823	0.01963	0.13850	0.02409	0.01562	0.02977	0.01282	0.01571	0.00999	0.00717	0.00643	0.00243	0.00881	0.00576	0.00430	0.00994
1	0.05105	0.06881	0.50757	0.02191	0.03215	0.01852	0.08680	0.02512	0.01719	0.04977	0.03886	0.01878	0.01293	0.00781	0.00756	0.00248	0.01100	0.00645	0.00392	0.01131
2	0.01954	0.36103	0.10226	0.07129	0.04661	0.02447	0.12222	0.06740	0.01810	0.02314	0.01545	0.06602	0.01383	0.00842	0.00692	0.00219	0.00956	0.00708	0.00412	0.01036
3	0.00966	0.00690	0.00920	0.01104	0.01150	0.00644	0.00736	0.01104	0.01518	0.02024	0.04371	0.71614	0.05245	0.02484	0.01012	0.00322	0.00460	0.02254	0.00736	0.00644
4	0.02964	0.03712	0.02253	0.02033	0.02452	0.66070	0.01531	0.05823	0.02311	0.02073	0.01255	0.01451	0.01036	0.00823	0.00718	0.00206	0.01406	0.00520	0.00425	0.00938
5	0.00937	0.00803	0.00803	0.00803	0.01071	0.00669	0.00602	0.01138	0.01807	0.02142	0.08033	0.07632	0.66863	0.02008	0.00937	0.00268	0.00402	0.01674	0.00736	0.00669
6	0.02120	0.72609	0.04155	0.01357	0.02035	0.03138	0.01357	0.02374	0.01611	0.01866	0.01102	0.01272	0.01018	0.00678	0.00509	0.00170	0.00848	0.00424	0.00339	0.01018
7	0.01393	0.01285	0.02272	0.09118	0.04792	0.01284	0.18284	0.01855	0.04043	0.02313	0.05689	0.22263	0.06223	0.01856	0.05811	0.00364	0.00929	0.08798	0.00579	0.00848
8	0.77733	0.01534	0.01166	0.01043	0.01534	0.01779	0.00859	0.02331	0.01350	0.03558	0.01104	0.01288	0.00859	0.00736	0.00491	0.00245	0.00613	0.00429	0.00491	0.00859
9	0.01057	0.00799	0.00949	0.00924	0.01114	0.00719	0.00673	0.01326	0.01960	0.02622	0.38128	0.09264	0.26735	0.08755	0.01246	0.00310	0.00426	0.01522	0.00783	0.00691
10	0.01250	0.00747	0.01012	0.01012	0.01037	0.00772	0.00664	0.01146	0.01121	0.01519	0.01931	0.03581	0.02051	0.29450	0.15057	0.34916	0.00972	0.00892	0.00410	0.00460
11	0.00978	0.00702	0.00931	0.01110	0.01168	0.00656	0.00754	0.01127	0.01539	0.02042	0.04468	0.67268	0.06978	0.02459	0.01013	0.00322	0.00469	0.04632	0.00736	0.00648
12	0.77733	0.01534	0.01166	0.01043	0.01534	0.01779	0.00859	0.02331	0.01350	0.03558	0.01104	0.01288	0.00859	0.00736	0.00491	0.00245	0.00613	0.00429	0.00491	0.00859
13	0.77733	0.01534	0.01166	0.01043	0.01534	0.01779	0.00859	0.02331	0.01350	0.03558	0.01104	0.01288	0.00859	0.00736	0.00491	0.00245	0.00613	0.00429	0.00491	0.00859
14	0.01907	0.01519	0.01854	0.01950	0.11459	0.01647	0.01317	0.03361	0.38586	0.07781	0.16195	0.03411	0.03271	0.01128	0.00830	0.00258	0.00624	0.00973	0.00772	0.01156
15	0.58204	0.04943	0.01563	0.15464	0.02376	0.01841	0.01163	0.02270	0.01411	0.03157	0.01168	0.01459	0.00908	0.00745	0.00555	0.00246	0.00717	0.00486	0.00455	0.00871
16	0.06027	0.44472	0.08113	0.01565	0.02217	0.14614	0.01483	0.07012	0.01890	0.04426	0.01273	0.01423	0.01065	0.00741	0.00592	0.00193	0.00960	0.00485	0.00412	0.01038
17	0.00964	0.00698	0.00912	0.01083	0.01145	0.00646	0.00727	0.01107	0.01539	0.02033	0.04632	0.67045	0.09645	0.02450	0.01007	0.00318	0.00456	0.02213	0.00736	0.00646
18	0.01982	0.45612	0.18328	0.06605	0.02715	0.05636	0.04845	0.02424	0.01665	0.02058	0.01226	0.01472	0.01027	0.00709	0.00614	0.00201	0.00986	0.00509	0.00345	0.01041
19	0.02347	0.01323	0.01695	0.08167	0.02175	0.01344	0.01193	0.03215	0.19388	0.28473	0.18092	0.03477	0.03308	0.01140	0.00832	0.00255	0.00628	0.00966	0.00846	0.01135
20	0.02027	0.02264	0.15650	0.01615	0.02338	0.04902	0.01528	0.18398	0.04628	0.03232	0.06265	0.02061	0.01673	0.00819	0.00714	0.00196	0.00810	0.00644	0.00564	0.29672
21	0.01133	0.00850	0.01274	0.01274	0.01416	0.00991	0.00991	0.01416	0.01274	0.01841	0.02124	0.03115	0.01982	0.05947	0.68989	0.01274	0.02124	0.00850	0.00425	0.00708
22	0.00966	0.00690	0.00920	0.01104	0.01150	0.00644	0.00736	0.01104	0.01518	0.02024	0.04371	0.71614	0.05245	0.02484	0.01012	0.00322	0.00460	0.02254	0.00736	0.00644
23	0.02704	0.10905	0.09073	0.04527	0.02623	0.05666	0.01658	0.45505	0.03115	0.04110	0.01708	0.01791	0.01247	0.00887	0.00751	0.00230	0.00933	0.00656	0.00657	0.01252
24	0.02298	0.03008	0.13452	0.02028	0.02562	0.30138	0.04768	0.03207	0.19579	0.02444	0.01815	0.01954	0.01415	0.00919	0.00918	0.00245	0.07025	0.00666	0.00500	0.01058
25	0.03345	0.01535	0.01936	0.01501	0.02107	0.01461	0.01235	0.15046	0.07071	0.51599	0.02910	0.02571	0.01883	0.00983	0.00797	0.00246	0.00708	0.00789	0.00934	0.01343
26	0.01003	0.00806	0.00895	0.00872	0.01111	0.00697	0.00654	0.01265	0.01963	0.02511	0.28905	0.07025	0.45761	0.01871	0.00937	0.00261	0.00392	0.01588	0.00785	0.00697
27	0.01659	0.01423	0.01651	0.01194	0.01887	0.01098	0.00954	0.02096	0.04511	0.02617	0.01491	0.01703	0.01230	0.00609	0.00597	0.00124	0.00589	0.00489	0.00485	0.73593
28	0.01730	0.01477	0.01917	0.01410	0.02034	0.01241	0.07196	0.07508	0.01793	0.02669	0.01603	0.02139	0.01397	0.09167	0.01052	0.00221	0.00708	0.00619	0.00493	0.53627
29	0.01099	0.00746	0.00881	0.00935	0.00948	0.00732	0.00555	0.01139	0.01260	0.01680	0.03045	0.24570	0.03572	0.51810	0.03154	0.00638	0.00679	0.01474	0.00555	0.00528
30	0.01498	0.01409	0.02378	0.70226	0.05462	0.01762	0.02202	0.02026	0.01586	0.02026	0.01409	0.02114	0.01057	0.00793	0.00793	0.00264	0.01057	0.00705	0.00352	0.00881
31	0.77733	0.01534	0.01166	0.01043	0.01534	0.01779	0.00859	0.02331	0.01350	0.03558	0.01104	0.01288	0.00859	0.00736	0.00491	0.00245	0.00613	0.00429	0.00491	0.00859
32	0.01478	0.00739	0.00739	0.00739	0.00924	0.00739	0.00554	0.01848	0.01663	0.02956	0.02587	0.02956	0.02033	0.00924	0.00554	0.00185	0.00370	0.00739	0.76534	0.00739
33	0.01224	0.00895	0.01202	0.01356	0.01552	0.00874	0.01170	0.01563	0.01823	0.02336	0.04809	0.08736	0.14488	0.02162	0.01070	0.00350	0.00678	0.52262	0.00731	0.00721
34	0.09956	0.01934	0.02011	0.01658	0.02200	0.02186	0.01336	0.32848	0.29757	0.04144	0.02385	0.02290	0.01754	0.00983	0.00769	0.00252	0.00743	0.00763	0.00769	0.01261
35	0.02421	0.25995	0.14242	0.01899	0.02537	0.34136	0.03631	0.02779	0.01932	0.02033	0.01231	0.01443	0.01023	0.00757	0.00662	0.00203	0.01195	0.00509	0.00373	0.00999
36	0.01088	0.00809	0.01012	0.00961	0.01164	0.00734	0.00721	0.01430	0.02163	0.02987	0.55835	0.06241	0.18534	0.01693	0.00936	0.00253	0.00379	0.01479	0.00848	0.00734
37	0.01762	0.01626	0.02639	0.15319	0.41055	0.01702	0.02081	0.02361	0.06653	0.02571	0.06511	0.02968	0.02049	0.00947	0.00826	0.00256	0.00879	0.06207	0.00481	0.01108
38	0.01139	0.00763	0.00869	0.00883	0.00887	0.00759	0.00500	0.01149	0.01181	0.01575	0.02643	0.10325	0.03066	0.66746	0.03802	0.00734	0.00745	0.01238	0.00500	0.00493
39	0.01584	0.03538	0.54096	0.02373	0.07799	0.01746	0.05428	0.02409	0.01748	0.02583	0.07746	0.02126	0.01657	0.00830	0.00781	0.00251	0.01086	0.00692	0.00394	0.01132
40	0.03014	0.02221	0.02380	0.01825	0.02459	0.02459	0.01507	0.64541	0.03728	0.04998	0.01904	0.01904	0.01349	0.00952	0.00793	0.00238	0.00873	0.00714	0.00793	0.01349
41	0.01843	0.01928	0.02496	0.07359	0.02459	0.08934	0.04223	0.02067	0.01371	0.01946	0.01110	0.01750	0.01047	0.01257	0.02211	0.00323	0.55753	0.00686	0.00356	0.00882
42	0.02036	0.15536	0.04205	0.05245	0.03593	0.10250	0.42693	0.02566	0.01857	0.02323	0.01458	0.01890	0.01141	0.00693	0.00824	0.00241	0.01246	0.00780	0.00389	0.01035
43	0.01153	0.00769	0.00865	0.00865	0.00865	0.00769	0.00480	0.01153	0.01153	0.01538	0.02499	0.05189	0.02883	0.72131	0.04036	0.00769	0.00769	0.01153	0.00480	0.00480
44	0.02285	0.59142	0.03782	0.01491	0.02117	0.16013	0.01391	0.02529	0.01736	0.01880	0.01127	0.01303	0.01018	0.00706	0.00549	0.00176	0.00962	0.00441	0.00353	0.00998
45	0.00940	0.00792	0.00815	0.00833	0.01079	0.00667	0.00616	0.01135	0.01779	0.02131	0.07671	0.13954	0.60775	0.02055	0.00945	0.00273	0.00407	0.01731	0.00736	0.00667
46	0.00973	0.00698	0.00913	0.01083	0.01136	0.00650	0.00721	0.01107	0.01515	0.02009	0.04439	0.66430	0.07573	0.05263	0.01131	0.00338	0.00470	0.02187	0.00726	0.00639
47	0.10398	0.04697	0.02163	0.07446	0.07045	0.04635	0.01445	0.24472	0.11713	0.11699	0.02144	0.05087	0.01642	0.00970	0.00759	0.00246	0.00809	0.00767	0.00687	0.01178
48	0.02770	0.02008	0.02124	0.01698	0.02247	0.04811	0.01370	0.43159	0.11183	0.10596	0.02306	0.05603	0.01774	0.03486	0.00914	0.00264	0.00821	0.00827	0.00785	0.01255
49	0.02426	0.02469	0.29600	0.01741	0.02538	0.01444	0.01872	0.03077	0.04835	0.31309	0.06654	0.04426	0.02037	0.00974	0.00794	0.00251	0.00856	0.00796	0.00688	0.01211
50	0.01749	0.01364	0.01697	0.01391	0.01748	0.04476	0.07112	0.04378	0.07241	0.07684	0.02213	0.03400	0.02080	0.30088	0.04768	0.00476	0.00858	0.00885	0.00547	0.15845
51	0.01915	0.01705	0.02385	0.07667	0.29193	0.01773	0.01750	0.08189	0.18052	0.02911	0.02457	0.02626	0.06608	0.00916	0.00784	0.00237	0.00788	0.00806	0.00564	0.08674
52	0.01744	0.08575	0.20683	0.05220	0.03032	0.01801	0.19878	0.02529	0.08173	0.05020	0.12904	0.02686	0.02352	0.00913	0.00824	0.00250	0.00977	0.00862	0.00518	0.01058
53	0.01478	0.00739	0.00739	0.00739	0.00924	0.00739	0.00554	0.01848	0.01663	0.02956	0.02587	0.02956	0.02033	0.00924	0.00554	0.00185	0.00370	0.00739	0.76534	0.00739
54	0.01642	0.01816	0.07283	0.02154	0.02401	0.02053	0.12285	0.01977	0.01416	0.02112	0.04501	0.02176	0.01498	0.01804	0.10434	0.00438	0.41938	0.00783	0.00391	0.00898
55	0.02030	0.60948	0.15026	0.01511	0.02273	0.02917	0.01625	0.02398	0.01622	0.01976	0.01157	0.01341	0.01015	0.00691	0.00550	0.00183	0.00903	0.00452	0.00338	0.01044
56	0.01972	0.01703	0.01793	0.01614	0.02062	0.01972	0.01255	0.04214	0.65752	0.03317	0.03228	0.02959	0.02421	0.01076	0.00807	0.00269	0.00628	0.00897	0.00807	0.01255
57	0.01944	0.01865	0.03186	0.07437	0.64758	0.01879	0.02425	0.02418	0.01797	0.02568	0.01488	0.01969	0.01248	0.00710	0.00785	0.00237	0.00947	0.00706	0.00391	0.01241
58	0.01649	0.10131	0.59824	0.02222	0.03336	0.01964	0.05217	0.02500	0.01676	0.02455	0.01402	0.01657	0.01014	0.00743	0.00739	0.00245	0.01150	0.00585	0.00338	0.01154
59	0.10067	0.04801	0.02006	0.01558	0.02079	0.01915	0.01281	0.32940	0.05849	0.13654	0.02443	0.09255	0.02039	0.01166	0.00795	0.00256	0.00754	0.05210	0.00763	0.01169
60	0.01478	0.00739	0.00739	0.00739	0.00924	0.00739	0.00554	0.01848	0.01663	0.02956	0.02587	0.02956	0.02033	0.00924	0.00554	0.00185	0.00370	0.00739	0.76534	0.00739
61	0.03014	0.02221	0.02380	0.01825	0.02459	0.02459	0.01507	0.64541	0.03728	0.04998	0.01904	0.01904	0.01349	0.00952	0.00793	0.00238	0.00873	0.00714	0.00793	0.01349
62	0.05844	0.05508	0.02319	0.01719	0.02323	0.02366	0.01423	0.52539	0.07754	0.04568	0.02147	0.02130	0.03768	0.00977	0.00773	0.00238	0.00827	0.00736	0.00758	0.01282
63	0.01590	0.04102	0.68023	0.02260	0.03432	0.01842	0.02930	0.02511	0.01674	0.02511	0.01423	0.01674	0.01005	0.00753	0.00753	0.00251	0.01172	0.00586	0.00335	0.01172
64	0.01153	0.00769	0.00865	0.00865	0.00865	0.00769	0.00480	0.01153	0.01153	0.01538	0.02499	0.05189	0.02883	0.72131	0.04036	0.00769	0.00769	0.01153	0.00480	0.00480
65	0.01665	0.08734	0.55094	0.02339	0.03426	0.01956	0.10926	0.02505	0.01696	0.02469	0.01424	0.01707	0.01032	0.00737	0.00760	0.00247	0.01171	0.00621	0.00344	0.01147
66	0.10578	0.01477	0.04229	0.01440	0.01998	0.01330	0.01227	0.03419	0.02076	0.51397	0.05263	0.02578	0.01970	0.01005	0.00908	0.00253	0.05988	0.00771	0.00857	0.01234
67	0.54661	0.01797	0.06172	0.06491	0.02076	0.04229	0.01183	0.04560	0.01585	0.09052	0.01361	0.01530	0.01005	0.00774	0.00578	0.00245	0.00731	0.00507	0.00520	0.00945
68	0.05851	0.57132	0.03790	0.01722	0.08478	0.02899	0.01450	0.06817	0.01769	0.02243	0.01198	0.01386	0.01057	0.00704	0.00556	0.00185	0.00848	0.00473	0.00384	0.01057
69	0.77733	0.01534	0.01166	0.01043	0.01534	0.01779	0.00859	0.02331	0.01350	0.03558	0.01104	0.01288	0.00859	0.00736	0.00491	0.00245	0.00613	0.00429	0.00491	0.00859
70	0.01638	0.10190	0.62346	0.02180	0.03308	0.01957	0.02790	0.02499	0.01669	0.02454	0.01395	0.01638	0.01006	0.00747	0.00732	0.00244	0.01143	0.00572	0.00335	0.01158
71	0.03138	0.01480	0.01855	0.01481	0.02055	0.01429	0.01204	0.06904	0.18083	0.48707	0.03093	0.02725	0.02047	0.01003	0.00800	0.00251	0.00673	0.00818	0.00929	0.01326
72	0.01510	0.01294	0.01355	0.01254	0.01616	0.01383	0.00965	0.02831	0.36656	0.02833	0.08274	0.05003	0.28875	0.01482	0.00866	0.00268	0.00523	0.01239	0.00781	0.00992
73	0.02973	0.02201	0.02357	0.01816	0.02443	0.02440	0.01497	0.62157	0.06179	0.04931	0.01956	0.01946	0.01391	0.00957	0.00794	0.00239	0.00863	0.00721	0.00794	0.01345
74	0.01153	0.00769	0.00865	0.00865	0.00865	0.00769	0.00480	0.01153	0.01153	0.01538	0.02499	0.05189	0.02883	0.72131	0.04036	0.00769	0.00769	0.01153	0.00480	0.00480
75	0.01866	0.01437	0.01508	0.01260	0.01692	0.01470	0.01007	0.29491	0.02666	0.03419	0.05292	0.05070	0.37565	0.01536	0.00873	0.00254	0.00612	0.01244	0.00762	0.00973
76	0.02548	0.01990	0.02117	0.01730	0.02282	0.02241	0.01394	0.37563	0.31465	0.04246	0.02496	0.02376	0.01828	0.01007	0.00799	0.00252	0.00763	0.00796	0.00799	0.01307
77	0.01833	0.01404	0.01664	0.01198	0.01894	0.01068	0.00962	0.02181	0.01706	0.09021	0.01579	0.01749	0.01252	0.00626	0.00608	0.00130	0.00596	0.00502	0.00520	0.69506
78	0.02114	0.54832	0.08972	0.01574	0.02250	0.09411	0.04031	0.02435	0.01677	0.01951	0.01198	0.01423	0.01060	0.00893	0.03110	0.00225	0.00999	0.00482	0.00351	0.01011
79	0.02979	0.02203	0.02360	0.01817	0.02446	0.02442	0.01499	0.62468	0.05860	0.04940	0.01949	0.01940	0.01385	0.00956	0.00794	0.00239	0.00864	0.00720	0.00794	0.01345
80	0.01151	0.00777	0.00905	0.00905	0.00919	0.00791	0.00531	0.01179	0.01165	0.01568	0.02462	0.04984	0.02794	0.65592	0.10454	0.00819	0.00903	0.01123	0.00475	0.00503
81	0.01074	0.00815	0.01012	0.00982	0.01188	0.00754	0.00746	0.01388	0.02007	0.02718	0.41195	0.06241	0.24316	0.02180	0.07665	0.00360	0.00566	0.03290	0.00784	0.00721
82	0.03014	0.02221	0.02380	0.01825	0.02459	0.02459	0.01507	0.64541	0.03728	0.04998	0.01904	0.01904	0.01349	0.00952	0.00793	0.00238	0.00873	0.00714	0.00793	0.01349
83	0.01118	0.00754	0.00875	0.00910	0.00918	0.00746	0.00528	0.01144	0.01221	0.01628	0.02848	0.17575	0.03323	0.59145	0.03472	0.00685	0.00711	0.01359	0.00528	0.00511
84	0.01861	0.01538	0.01761	0.01277	0.01971	0.01279	0.01029	0.11879	0.01974	0.02965	0.01488	0.01685	0.01202	0.00645	0.00620	0.00136	0.00632	0.00508	0.00521	0.65029
85	0.01870	0.01614	0.01695	0.01534	0.01964	0.01844	0.01191	0.03910	0.59434	0.03201	0.03702	0.03420	0.08788	0.01168	0.00820	0.00269	0.00605	0.00973	0.00800	0.01197
86	0.01377	0.00689	0.01033	0.01033	0.01033	0.00689	0.00689	0.01033	0.01033	0.01377	0.01377	0.02410	0.01377	0.02755	0.03099	0.76928	0.00689	0.00689	0.00344	0.00344
87	0.02480	0.02201	0.05278	0.01730	0.02282	0.08713	0.01438	0.33183	0.20683	0.03911	0.05547	0.02548	0.04330	0.01035	0.00800	0.00246	0.00832	0.00809	0.00738	0.01217
88	0.27638	0.01539	0.06712	0.21080	0.05436	0.01539	0.01502	0.02102	0.01561	0.05034	0.02003	0.10835	0.01876	0.01115	0.00742	0.00272	0.00791	0.06832	0.00506	0.00884
89	0.06114	0.01350	0.01681	0.01358	0.01864	0.01272	0.01093	0.09877	0.05366	0.37818	0.11572	0.08262	0.02833	0.01155	0.00809	0.00246	0.00630	0.00960	0.00872	0.04868
90	0.02846	0.17692	0.02652	0.01684	0.02288	0.11147	0.01420	0.31931	0.05374	0.12624	0.01864	0.01857	0.01362	0.00883	0.00722	0.00221	0.00903	0.00643	0.00670	0.01216

[dist]
# distance from previous block
# <min> <max>
0	2

[block]
# block no. 3 follows, 24 sequences, length 91
# corresponding to MSA columns:
# 331-421
name=unknown_D
#
# <colnr> <probs for GDERKNQSTAVLIFYWHMCP>
#	G	D	E	R	K	N	Q	S	T	A	V	L	I	F	Y	W	H	M	C	P
0	0.12531	0.01727	0.04039	0.03713	0.02154	0.01650	0.01224	0.19410	0.07104	0.10063	0.02118	0.02163	0.04328	0.00861	0.00697	0.00208	0.00708	0.00663	0.00642	0.23997
1	0.01454	0.01342	0.02211	0.58467	0.04786	0.01662	0.02018	0.01926	0.01572	0.02034	0.01758	0.08410	0.01556	0.01021	0.00906	0.00277	0.04155	0.03193	0.00400	0.00854
2	0.02251	0.01862	0.01799	0.01565	0.02012	0.10549	0.01224	0.11280	0.32751	0.09919	0.09121	0.03182	0.06729	0.01129	0.00813	0.00252	0.00730	0.00914	0.00773	0.01147
3	0.00994	0.00715	0.00948	0.01125	0.01192	0.00670	0.00781	0.01155	0.01558	0.02061	0.04499	0.63329	0.07615	0.02439	0.01017	0.00324	0.00483	0.07707	0.00736	0.00653
4	0.01590	0.04102	0.68023	0.02260	0.03432	0.01842	0.02930	0.02511	0.01674	0.02511	0.01423	0.01674	0.01005	0.00753	0.00753	0.00251	0.01172	0.00586	0.00335	0.01172
5	0.01119	0.00773	0.00922	0.00965	0.01017	0.00753	0.00621	0.01212	0.01388	0.01844	0.07844	0.17161	0.07086	0.45220	0.02871	0.00593	0.00665	0.06798	0.00588	0.00560
6	0.00966	0.00690	0.00920	0.01104	0.01150	0.00644	0.00736	0.01104	0.01518	0.02024	0.04371	0.71614	0.05245	0.02484	0.01012	0.00322	0.00460	0.02254	0.00736	0.00644
7	0.01245	0.00902	0.01233	0.01398	0.01589	0.00890	0.01214	0.01595	0.01824	0.02351	0.04563	0.08820	0.10482	0.02173	0.01080	0.00356	0.00699	0.56131	0.00731	0.00724
8	0.01963	0.01884	0.03219	0.04867	0.67185	0.01884	0.02434	0.02434	0.01806	0.02591	0.01492	0.01963	0.01256	0.00707	0.00785	0.00236	0.00942	0.00707	0.00393	0.01256
9	0.01972	0.01703	0.01793	0.01614	0.02062	0.01972	0.01255	0.04214	0.65752	0.03317	0.03228	0.02959	0.02421	0.01076	0.00807	0.00269	0.00628	0.00897	0.00807	0.01255
10	0.01972	0.01703	0.01793	0.01614	0.02062	0.01972	0.01255	0.04214	0.65752	0.03317	0.03228	0.02959	0.02421	0.01076	0.00807	0.00269	0.00628	0.00897	0.00807	0.01255
11	0.00937	0.00803	0.00803	0.00803	0.01071	0.00669	0.00602	0.01138	0.01807	0.02142	0.08033	0.07632	0.66863	0.02008	0.00937	0.00268	0.00402	0.01674	0.00736	0.00669
12	0.01590	0.04102	0.68023	0.02260	0.03432	0.01842	0.02930	0.02511	0.01674	0.02511	0.01423	0.01674	0.01005	0.00753	0.00753	0.00251	0.01172	0.00586	0.00335	0.01172
13	0.02193	0.66617	0.03989	0.01417	0.02072	0.08867	0.01372	0.02443	0.01667	0.01872	0.01113	0.01286	0.01018	0.00691	0.00527	0.00173	0.00899	0.00432	0.00345	0.01009
14	0.03489	0.01459	0.01908	0.01463	0.02079	0.01329	0.01209	0.11519	0.02454	0.59820	0.02974	0.02599	0.01885	0.00978	0.00797	0.00244	0.00700	0.00787	0.00958	0.01349
15	0.00966	0.00690	0.00920	0.01104	0.01150	0.00644	0.00736	0.01104	0.01518	0.02024	0.04371	0.71614	0.05245	0.02484	0.01012	0.00322	0.00460	0.02254	0.00736	0.00644
16	0.01011	0.00694	0.00904	0.01072	0.01130	0.00652	0.00720	0.01169	0.01531	0.02105	0.04215	0.65637	0.04965	0.02349	0.00972	0.00310	0.00452	0.02122	0.07334	0.00652
17	0.01438	0.00918	0.01149	0.01097	0.01314	0.00873	0.00804	0.01862	0.07204	0.10400	0.30784	0.19826	0.09382	0.07854	0.01195	0.00313	0.00486	0.01486	0.00807	0.00810
18	0.01153	0.00769	0.00865	0.00865	0.00865	0.00769	0.00480	0.01153	0.01153	0.01538	0.02499	0.05189	0.02883	0.72131	0.04036	0.00769	0.00769	0.01153	0.00480	0.00480
19	0.01735	0.01735	0.02429	0.02082	0.02082	0.02429	0.01735	0.01908	0.01214	0.01908	0.01041	0.01735	0.01041	0.01388	0.02602	0.00347	0.70680	0.00694	0.00347	0.00867
20	0.01771	0.01443	0.01748	0.01349	0.01888	0.01311	0.01081	0.06061	0.01736	0.05434	0.01722	0.07811	0.01556	0.00906	0.00931	0.00181	0.10484	0.00687	0.00519	0.51381
21	0.71151	0.07721	0.01426	0.01070	0.01577	0.01897	0.00902	0.02335	0.01372	0.03411	0.01104	0.01287	0.00873	0.00731	0.00492	0.00239	0.00634	0.00429	0.00478	0.00873
