[name]
unknown

[dist]
# distance from previous block
# <min> <max>
0	53

[block]
# block no. 0 follows, 23 sequences, length 42
# corresponding to MSA columns:
# 53-94
name=unknown_A
#
# <colnr> <probs for GDERKNQSTAVLIFYWHMCP>
#	G	D	E	R	K	N	Q	S	T	A	V	L	I	F	Y	W	H	M	C	P
0	0.01308	0.00934	0.01308	0.01494	0.01681	0.00934	0.01308	0.01681	0.01868	0.02428	0.04296	0.09153	0.04670	0.02242	0.01121	0.00374	0.00747	0.60960	0.00747	0.00747
1	0.03641	0.01381	0.01883	0.01444	0.02071	0.01193	0.01193	0.03954	0.02322	0.66984	0.03201	0.02762	0.02009	0.01004	0.00816	0.00251	0.00690	0.00816	0.01004	0.01381
2	0.03641	0.01381	0.01883	0.01444	0.02071	0.01193	0.01193	0.03954	0.02322	0.66984	0.03201	0.02762	0.02009	0.01004	0.00816	0.00251	0.00690	0.00816	0.01004	0.01381
3	0.02999	0.02222	0.02389	0.01826	0.02480	0.02429	0.01507	0.59953	0.03685	0.04963	0.01917	0.01932	0.01369	0.00951	0.00799	0.00236	0.00875	0.00715	0.00792	0.05960
4	0.01532	0.01442	0.02434	0.69533	0.05589	0.01803	0.02253	0.02073	0.01622	0.02073	0.01442	0.02163	0.01082	0.00811	0.00811	0.00270	0.01082	0.00721	0.00361	0.00901
5	0.03085	0.02273	0.02435	0.01867	0.02516	0.02516	0.01542	0.63716	0.03815	0.05114	0.01948	0.01948	0.01380	0.00974	0.00812	0.00244	0.00893	0.00731	0.00812	0.01380
6	0.02895	0.02179	0.02328	0.01829	0.02444	0.02428	0.01496	0.53144	0.14696	0.04808	0.02189	0.02140	0.01575	0.00997	0.00814	0.00249	0.00848	0.00764	0.00814	0.01363
7	0.01532	0.01442	0.02434	0.69533	0.05589	0.01803	0.02253	0.02073	0.01622	0.02073	0.01442	0.02163	0.01082	0.00811	0.00811	0.00270	0.01082	0.00721	0.00361	0.00901
8	0.01148	0.00829	0.01085	0.01021	0.01212	0.00766	0.00766	0.01531	0.02297	0.03254	0.65994	0.06061	0.07656	0.01659	0.00957	0.00255	0.00383	0.01467	0.00893	0.00766
9	0.02018	0.01743	0.01835	0.01651	0.02110	0.02018	0.01284	0.04312	0.64956	0.03394	0.03303	0.03027	0.02477	0.01101	0.00826	0.00275	0.00642	0.00917	0.00826	0.01284
10	0.01532	0.01442	0.02434	0.69533	0.05589	0.01803	0.02253	0.02073	0.01622	0.02073	0.01442	0.02163	0.01082	0.00811	0.00811	0.00270	0.01082	0.00721	0.00361	0.00901
11	0.03085	0.02273	0.02435	0.01867	0.02516	0.02516	0.01542	0.63716	0.03815	0.05114	0.01948	0.01948	0.01380	0.00974	0.00812	0.00244	0.00893	0.00731	0.00812	0.01380
12	0.03085	0.02273	0.02435	0.01867	0.02516	0.02516	0.01542	0.63716	0.03815	0.05114	0.01948	0.01948	0.01380	0.00974	0.00812	0.00244	0.00893	0.00731	0.00812	0.01380
13	0.01148	0.00829	0.01085	0.01021	0.01212	0.00766	0.00766	0.01531	0.02297	0.03254	0.65994	0.06061	0.07656	0.01659	0.00957	0.00255	0.00383	0.01467	0.00893	0.00766
14	0.77215	0.01569	0.01193	0.01067	0.01569	0.01820	0.00879	0.02385	0.01381	0.03641	0.01130	0.01318	0.00879	0.00753	0.00502	0.00251	0.00628	0.00439	0.00502	0.00879
15	0.01015	0.00789	0.00974	0.01081	0.01195	0.00749	0.00757	0.01177	0.01630	0.02103	0.05461	0.48617	0.23668	0.02343	0.01085	0.00314	0.03574	0.02054	0.00735	0.00677
16	0.03031	0.03867	0.02299	0.02090	0.02508	0.68226	0.01568	0.03240	0.02299	0.01986	0.01254	0.01463	0.01045	0.00836	0.00732	0.00209	0.01463	0.00523	0.00418	0.00941
17	0.77215	0.01569	0.01193	0.01067	0.01569	0.01820	0.00879	0.02385	0.01381	0.03641	0.01130	0.01318	0.00879	0.00753	0.00502	0.00251	0.00628	0.00439	0.00502	0.00879
18	0.00989	0.00706	0.00942	0.01130	0.01177	0.00659	0.00753	0.01130	0.01554	0.02071	0.04472	0.70954	0.05367	0.02542	0.01036	0.00330	0.00471	0.02307	0.00753	0.00659
19	0.02169	0.71972	0.04252	0.01388	0.02083	0.03211	0.01388	0.02430	0.01649	0.01909	0.01128	0.01302	0.01041	0.00694	0.00521	0.00174	0.00868	0.00434	0.00347	0.01041
20	0.01666	0.09008	0.62805	0.02247	0.03410	0.01979	0.02884	0.02560	0.01709	0.02523	0.01433	0.01684	0.01029	0.00765	0.00753	0.00251	0.01176	0.00588	0.00343	0.01188
21	0.02920	0.03656	0.02408	0.02406	0.09477	0.60997	0.01668	0.03158	0.02250	0.02058	0.01284	0.01523	0.01071	0.00824	0.00739	0.00213	0.01409	0.00544	0.00416	0.00978
22	0.01180	0.00787	0.00885	0.00885	0.00885	0.00787	0.00492	0.01180	0.01180	0.01573	0.02557	0.05310	0.02950	0.71483	0.04130	0.00787	0.00787	0.01180	0.00492	0.00492
23	0.01513	0.00756	0.00756	0.00756	0.00945	0.00756	0.00567	0.01891	0.01702	0.03025	0.02647	0.03025	0.02080	0.00945	0.00567	0.00189	0.00378	0.00756	0.75988	0.00756
24	0.77215	0.01569	0.01193	0.01067	0.01569	0.01820	0.00879	0.02385	0.01381	0.03641	0.01130	0.01318	0.00879	0.00753	0.00502	0.00251	0.00628	0.00439	0.00502	0.00879
25	0.01532	0.01442	0.02434	0.69533	0.05589	0.01803	0.02253	0.02073	0.01622	0.02073	0.01442	0.02163	0.01082	0.00811	0.00811	0.00270	0.01082	0.00721	0.00361	0.00901
26	0.02018	0.01743	0.01835	0.01651	0.02110	0.02018	0.01284	0.04312	0.64956	0.03394	0.03303	0.03027	0.02477	0.01101	0.00826	0.00275	0.00642	0.00917	0.00826	0.01284
27	0.00989	0.00706	0.00942	0.01130	0.01177	0.00659	0.00753	0.01130	0.01554	0.02071	0.04472	0.70954	0.05367	0.02542	0.01036	0.00330	0.00471	0.02307	0.00753	0.00659
28	0.01532	0.01442	0.02434	0.69533	0.05589	0.01803	0.02253	0.02073	0.01622	0.02073	0.01442	0.02163	0.01082	0.00811	0.00811	0.00270	0.01082	0.00721	0.00361	0.00901
29	0.03031	0.03867	0.02299	0.02090	0.02508	0.68226	0.01568	0.03240	0.02299	0.01986	0.01254	0.01463	0.01045	0.00836	0.00732	0.00209	0.01463	0.00523	0.00418	0.00941
30	0.01532	0.01442	0.02434	0.69533	0.05589	0.01803	0.02253	0.02073	0.01622	0.02073	0.01442	0.02163	0.01082	0.00811	0.00811	0.00270	0.01082	0.00721	0.00361	0.00901
31	0.03085	0.02273	0.02435	0.01867	0.02516	0.02516	0.01542	0.63716	0.03815	0.05114	0.01948	0.01948	0.01380	0.00974	0.00812	0.00244	0.00893	0.00731	0.00812	0.01380
32	0.00959	0.00822	0.00822	0.00822	0.01096	0.00685	0.00617	0.01165	0.01850	0.02192	0.08220	0.07809	0.66092	0.02055	0.00959	0.00274	0.00411	0.01713	0.00754	0.00685
33	0.03641	0.01381	0.01883	0.01444	0.02071	0.01193	0.01193	0.03954	0.02322	0.66984	0.03201	0.02762	0.02009	0.01004	0.00816	0.00251	0.00690	0.00816	0.01004	0.01381
34	0.01905	0.02159	0.04625	0.03328	0.04091	0.02083	0.59095	0.02553	0.01867	0.02553	0.01601	0.02159	0.01219	0.00736	0.01079	0.00279	0.06240	0.00940	0.00406	0.01080
35	0.01833	0.01531	0.01763	0.01273	0.01986	0.01235	0.01024	0.08641	0.01911	0.02908	0.01496	0.01711	0.01221	0.00641	0.00623	0.00133	0.00632	0.00507	0.00516	0.68414
36	0.06325	0.14674	0.53354	0.02092	0.03169	0.02089	0.02616	0.02536	0.01683	0.02531	0.01385	0.01624	0.01021	0.00758	0.00715	0.00244	0.01112	0.00564	0.00353	0.01155
37	0.01751	0.19645	0.52913	0.02102	0.03186	0.02187	0.02631	0.02538	0.01698	0.02419	0.01381	0.01619	0.01031	0.00753	0.00714	0.00238	0.01124	0.00562	0.00344	0.01163
38	0.02393	0.01905	0.02033	0.01704	0.02225	0.02151	0.01360	0.27473	0.37843	0.04062	0.05904	0.02756	0.02305	0.01079	0.00827	0.00262	0.00728	0.00872	0.00824	0.01296
39	0.02975	0.02212	0.02375	0.01828	0.02472	0.02430	0.01505	0.58326	0.06456	0.04927	0.01986	0.01985	0.01421	0.00963	0.00803	0.00239	0.00869	0.00728	0.00798	0.04702
40	0.01484	0.01106	0.01366	0.01121	0.01548	0.00913	0.00867	0.01844	0.02011	0.06010	0.33518	0.06820	0.04602	0.01224	0.00805	0.00202	0.00492	0.01061	0.00721	0.32284
41	0.02680	0.01994	0.02085	0.01604	0.02236	0.06562	0.01303	0.33099	0.02860	0.10728	0.01919	0.01970	0.01402	0.00861	0.00737	0.00205	0.00808	0.00656	0.03802	0.22488

[dist]
# distance from previous block
# <min> <max>
0	3

[block]
# block no. 1 follows, 23 sequences, length 16
# corresponding to MSA columns:
# 98-101,105-116
name=unknown_B
#
# <colnr> <probs for GDERKNQSTAVLIFYWHMCP>
#	G	D	E	R	K	N	Q	S	T	A	V	L	I	F	Y	W	H	M	C	P
0	0.01698	0.01493	0.01892	0.01352	0.02079	0.01147	0.05183	0.02081	0.01698	0.02641	0.01456	0.01717	0.01204	0.00607	0.00625	0.00131	0.00653	0.00513	0.00476	0.71355
1	0.01532	0.01442	0.02434	0.69533	0.05589	0.01803	0.02253	0.02073	0.01622	0.02073	0.01442	0.02163	0.01082	0.00811	0.00811	0.00270	0.01082	0.00721	0.00361	0.00901
2	0.03434	0.01427	0.01877	0.01470	0.02076	0.01298	0.01204	0.04000	0.10289	0.58896	0.03214	0.02796	0.02068	0.01017	0.00817	0.00254	0.00684	0.00829	0.00982	0.01369
3	0.01532	0.01442	0.02434	0.69533	0.05589	0.01803	0.02253	0.02073	0.01622	0.02073	0.01442	0.02163	0.01082	0.00811	0.00811	0.00270	0.01082	0.00721	0.00361	0.00901
4	0.02818	0.02074	0.02245	0.01773	0.02346	0.02280	0.01442	0.55756	0.03527	0.04727	0.02269	0.10725	0.01887	0.01174	0.00840	0.00254	0.00839	0.00931	0.00804	0.01288
5	0.01683	0.01442	0.01683	0.01202	0.01923	0.01082	0.00961	0.02043	0.01683	0.02644	0.01442	0.01683	0.01202	0.00601	0.00601	0.00120	0.00601	0.00481	0.00481	0.76444
6	0.02145	0.01972	0.03184	0.04585	0.58294	0.02003	0.02370	0.10278	0.02098	0.02964	0.01580	0.02001	0.01297	0.00755	0.00804	0.00241	0.00955	0.00724	0.00454	0.01297
7	0.02008	0.01928	0.03294	0.04981	0.66422	0.01928	0.02490	0.02490	0.01848	0.02651	0.01526	0.02008	0.01285	0.00723	0.00803	0.00241	0.00964	0.00723	0.00402	0.01285
8	0.01903	0.01821	0.03104	0.19208	0.53014	0.01900	0.02438	0.02398	0.01798	0.02524	0.01508	0.02042	0.01240	0.00742	0.00805	0.00247	0.00990	0.00723	0.00393	0.01201
9	0.01893	0.02116	0.04486	0.03205	0.04016	0.01958	0.57404	0.02545	0.01893	0.02604	0.01622	0.02140	0.01228	0.00676	0.00923	0.00259	0.01293	0.00911	0.00417	0.08412
10	0.02023	0.53676	0.21266	0.01638	0.02468	0.02853	0.01823	0.02468	0.01666	0.02087	0.01217	0.01413	0.01038	0.00715	0.00588	0.00196	0.00957	0.00479	0.00346	0.01084
11	0.11738	0.01648	0.01733	0.01620	0.05536	0.05843	0.01198	0.16629	0.10212	0.07220	0.02134	0.02380	0.01660	0.01683	0.09434	0.04349	0.00929	0.00729	0.12287	0.01038
12	0.01949	0.05841	0.03828	0.14606	0.21486	0.05429	0.29938	0.02506	0.01853	0.02458	0.01529	0.02050	0.01202	0.00724	0.00856	0.00255	0.01187	0.00803	0.00397	0.01105
13	0.01892	0.02227	0.07988	0.03368	0.10542	0.02009	0.48129	0.02533	0.01856	0.02575	0.01584	0.02102	0.01216	0.00723	0.00994	0.00267	0.04439	0.00881	0.00406	0.04269
14	0.19169	0.21128	0.14298	0.01662	0.02304	0.02232	0.04279	0.02331	0.01551	0.02551	0.01238	0.01538	0.01033	0.00823	0.00923	0.00232	0.11602	0.00536	0.00402	0.10167
15	0.14856	0.02084	0.05344	0.02099	0.06249	0.05333	0.12086	0.17871	0.07277	0.11113	0.01901	0.02018	0.01383	0.00846	0.00767	0.00244	0.00914	0.00713	0.00629	0.06274

[dist]
# distance from previous block
# <min> <max>
4	344

[block]
# block no. 2 follows, 23 sequences, length 24
# corresponding to MSA columns:
# 474-482,486-500
name=unknown_C
#
# <colnr> <probs for GDERKNQSTAVLIFYWHMCP>
#	G	D	E	R	K	N	Q	S	T	A	V	L	I	F	Y	W	H	M	C	P
0	0.10128	0.01662	0.01877	0.04065	0.04756	0.01705	0.01241	0.25935	0.02483	0.03618	0.04977	0.10519	0.02090	0.03090	0.00859	0.00243	0.00729	0.00880	0.00657	0.18487
1	0.07313	0.01607	0.02388	0.02257	0.13259	0.01512	0.10581	0.06607	0.03751	0.14868	0.04805	0.08289	0.02027	0.00972	0.00795	0.00233	0.00796	0.00882	0.00628	0.16431
2	0.24114	0.01610	0.01763	0.01395	0.01984	0.01630	0.01147	0.16016	0.02326	0.28952	0.04334	0.02211	0.01685	0.00919	0.00715	0.00240	0.00699	0.00688	0.00779	0.06794
3	0.06955	0.16912	0.47831	0.02031	0.03062	0.02162	0.02481	0.05234	0.01771	0.02629	0.01393	0.01618	0.01036	0.00764	0.00706	0.00240	0.01083	0.00563	0.00375	0.01155
4	0.23766	0.01643	0.05468	0.11098	0.02604	0.01570	0.05592	0.02911	0.05040	0.23496	0.05429	0.02327	0.01749	0.00899	0.00735	0.00253	0.00781	0.00723	0.00664	0.03254
5	0.01944	0.29398	0.35469	0.01835	0.02750	0.02277	0.02147	0.02555	0.01762	0.06754	0.04925	0.01863	0.01457	0.00806	0.00690	0.00225	0.00995	0.00599	0.00419	0.01129
6	0.06984	0.01770	0.02942	0.02214	0.02793	0.01755	0.25573	0.07454	0.01908	0.02818	0.05192	0.06870	0.01824	0.00963	0.01044	0.00249	0.09102	0.00892	0.00509	0.17146
7	0.01955	0.01143	0.01426	0.01276	0.01518	0.01168	0.00951	0.15727	0.01997	0.09499	0.05675	0.13126	0.02441	0.02001	0.01798	0.31124	0.00675	0.01012	0.04702	0.00787
8	0.07268	0.01701	0.01780	0.01555	0.02043	0.04758	0.01248	0.09301	0.29779	0.07632	0.02802	0.03390	0.02294	0.01137	0.00808	0.00258	0.00716	0.09233	0.00737	0.11560
9	0.17351	0.01734	0.01836	0.01474	0.02010	0.01854	0.01204	0.31413	0.02805	0.12993	0.09984	0.02853	0.06862	0.01095	0.00779	0.00250	0.00717	0.00844	0.00783	0.01158
10	0.07460	0.01782	0.01983	0.01569	0.02081	0.01925	0.01283	0.30630	0.02586	0.03782	0.01763	0.01991	0.01370	0.01154	0.03902	0.00272	0.08802	0.00665	0.08082	0.16919
11	0.08879	0.01477	0.02317	0.58286	0.04962	0.01851	0.02088	0.02095	0.01573	0.02217	0.01386	0.02055	0.01061	0.00847	0.00908	0.00274	0.05757	0.00693	0.00374	0.00898
12	0.02008	0.01928	0.03294	0.04981	0.66422	0.01928	0.02490	0.02490	0.01848	0.02651	0.01526	0.02008	0.01285	0.00723	0.00803	0.00241	0.00964	0.00723	0.00402	0.01285
13	0.01532	0.01442	0.02434	0.69533	0.05589	0.01803	0.02253	0.02073	0.01622	0.02073	0.01442	0.02163	0.01082	0.00811	0.00811	0.00270	0.01082	0.00721	0.00361	0.00901
14	0.68392	0.01653	0.01340	0.01162	0.01682	0.01903	0.00958	0.09685	0.01671	0.03816	0.01227	0.01393	0.00938	0.00780	0.00539	0.00250	0.00659	0.00474	0.00539	0.00938
15	0.06620	0.00941	0.01256	0.01252	0.01458	0.00899	0.02976	0.01716	0.01761	0.10054	0.12214	0.37003	0.04635	0.05506	0.01125	0.00331	0.00572	0.08132	0.00759	0.00790
16	0.02821	0.02092	0.02250	0.01737	0.02361	0.02266	0.01425	0.51949	0.06249	0.04692	0.01995	0.02025	0.01447	0.00942	0.00780	0.00230	0.00827	0.00716	0.04579	0.08614
17	0.01661	0.01019	0.01135	0.04695	0.01444	0.01065	0.00812	0.10512	0.02014	0.03154	0.09792	0.03398	0.02655	0.07848	0.01005	0.00267	0.00529	0.00874	0.45294	0.00828
18	0.01872	0.01367	0.01571	0.01441	0.01742	0.01442	0.01086	0.27515	0.02507	0.03354	0.03408	0.41863	0.03686	0.01881	0.00941	0.00293	0.00649	0.01642	0.00778	0.00963
19	0.04166	0.08428	0.61075	0.02213	0.03357	0.01967	0.02825	0.02555	0.01698	0.02563	0.01424	0.01674	0.01024	0.00765	0.00746	0.00251	0.01159	0.00584	0.00348	0.01179
20	0.02017	0.01985	0.03157	0.11069	0.57097	0.05485	0.02418	0.02490	0.01850	0.02559	0.01504	0.01994	0.01253	0.00738	0.00800	0.00242	0.01002	0.00712	0.00399	0.01230
21	0.02006	0.50168	0.20257	0.01672	0.02451	0.02825	0.01825	0.02435	0.01639	0.02081	0.01208	0.01437	0.01039	0.00760	0.00721	0.00206	0.05357	0.00494	0.00346	0.01072
22	0.01614	0.05585	0.16440	0.01393	0.01970	0.01376	0.01370	0.07510	0.05365	0.05423	0.04330	0.07865	0.25010	0.01372	0.00827	0.00250	0.00696	0.01125	0.04704	0.05774
23	0.06108	0.05367	0.02341	0.01885	0.05811	0.09322	0.01454	0.35396	0.06222	0.03949	0.01767	0.01856	0.01330	0.00870	0.00743	0.00219	0.00886	0.00651	0.00660	0.13162

[dist]
# distance from previous block
# <min> <max>
5	16

[block]
# block no. 3 follows, 23 sequences, length 19
# corresponding to MSA columns:
# 519-537
name=unknown_D
#
# <colnr> <probs for GDERKNQSTAVLIFYWHMCP>
#	G	D	E	R	K	N	Q	S	T	A	V	L	I	F	Y	W	H	M	C	P
0	0.28974	0.01821	0.11310	0.01465	0.02040	0.01531	0.04823	0.02534	0.06235	0.10187	0.09450	0.06105	0.02252	0.01006	0.00715	0.00251	0.00716	0.00802	0.02995	0.04788
1	0.13751	0.01545	0.01923	0.01533	0.02039	0.01555	0.05864	0.17410	0.02289	0.17170	0.07060	0.05977	0.02110	0.01224	0.01031	0.08242	0.00741	0.00839	0.00705	0.06993
2	0.01863	0.01616	0.02702	0.41574	0.04501	0.01765	0.12199	0.06250	0.01869	0.07044	0.01633	0.02142	0.01205	0.00790	0.00812	0.00251	0.01035	0.00741	0.00457	0.09550
3	0.04238	0.40099	0.28518	0.01773	0.02644	0.05974	0.02007	0.02524	0.01699	0.02221	0.01262	0.01470	0.01031	0.00733	0.00628	0.00210	0.01020	0.00503	0.00354	0.01093
4	0.12014	0.01603	0.01701	0.01441	0.01944	0.05394	0.01148	0.03538	0.22008	0.27982	0.06319	0.03062	0.06138	0.01090	0.00791	0.00258	0.00680	0.00871	0.00830	0.01189
5	0.02672	0.01961	0.02104	0.01643	0.02209	0.02119	0.01335	0.49157	0.03300	0.04472	0.02398	0.02557	0.05653	0.04826	0.00974	0.00265	0.00809	0.00806	0.05342	0.05398
6	0.01703	0.01461	0.01692	0.01229	0.01934	0.01139	0.00981	0.02181	0.05529	0.02690	0.01555	0.01764	0.01279	0.00631	0.00615	0.00130	0.00603	0.00507	0.00502	0.71875
7	0.01985	0.01630	0.02980	0.07402	0.03059	0.01550	0.28154	0.04933	0.02010	0.12381	0.10733	0.06877	0.02538	0.04901	0.01081	0.00290	0.00969	0.01043	0.00605	0.04879
8	0.01027	0.00858	0.01085	0.01071	0.01297	0.00753	0.04068	0.01244	0.01771	0.02212	0.08694	0.28258	0.40475	0.02127	0.00984	0.00292	0.00481	0.01859	0.00740	0.00701
9	0.02008	0.01928	0.03294	0.04981	0.66422	0.01928	0.02490	0.02490	0.01848	0.02651	0.01526	0.02008	0.01285	0.00723	0.00803	0.00241	0.00964	0.00723	0.00402	0.01285
10	0.01633	0.01545	0.02616	0.55857	0.18477	0.01829	0.02304	0.02162	0.01670	0.02196	0.01460	0.02130	0.01125	0.00793	0.00810	0.00264	0.01057	0.00722	0.00369	0.00983
11	0.03204	0.01393	0.01811	0.01416	0.02016	0.01242	0.01156	0.03714	0.08514	0.52790	0.03338	0.02965	0.05216	0.01038	0.00809	0.00245	0.00665	0.00847	0.00937	0.06683
12	0.01874	0.01769	0.02996	0.15681	0.51140	0.01831	0.02360	0.02358	0.01811	0.02536	0.01724	0.02581	0.01509	0.00854	0.00829	0.00256	0.00967	0.05326	0.00421	0.01179
13	0.05915	0.01491	0.02519	0.54938	0.04965	0.01773	0.08513	0.02136	0.01644	0.02270	0.01510	0.02164	0.01140	0.00802	0.00796	0.00265	0.01048	0.00732	0.04466	0.00913
14	0.01688	0.01000	0.01128	0.08538	0.01636	0.01067	0.00862	0.08726	0.01926	0.03149	0.02436	0.02810	0.01891	0.00934	0.00621	0.00204	0.00513	0.00750	0.59279	0.00841
15	0.02880	0.02109	0.02288	0.01762	0.02405	0.02271	0.01447	0.50366	0.07878	0.07260	0.02041	0.02030	0.01465	0.00944	0.00790	0.00233	0.00835	0.00720	0.00785	0.09491
16	0.01502	0.01386	0.02223	0.52799	0.04623	0.01671	0.01966	0.01964	0.01595	0.02109	0.01736	0.09327	0.01540	0.01016	0.00938	0.00271	0.05406	0.00869	0.00411	0.06647
17	0.03017	0.02146	0.02324	0.01793	0.02407	0.02353	0.01468	0.57171	0.03596	0.08350	0.02049	0.02167	0.01496	0.04631	0.00984	0.00272	0.00876	0.00759	0.00806	0.01334
18	0.64863	0.01838	0.08277	0.01222	0.01806	0.01790	0.01123	0.02496	0.01471	0.07225	0.01286	0.01445	0.00961	0.00770	0.00549	0.00252	0.00692	0.00478	0.00514	0.00942

[dist]
# distance from previous block
# <min> <max>
0	1

[block]
# block no. 4 follows, 23 sequences, length 7
# corresponding to MSA columns:
# 539-545
name=unknown_E
#
# <colnr> <probs for GDERKNQSTAVLIFYWHMCP>
#	G	D	E	R	K	N	Q	S	T	A	V	L	I	F	Y	W	H	M	C	P
0	0.02524	0.01736	0.01931	0.01571	0.02092	0.01844	0.01244	0.24092	0.21757	0.13914	0.02588	0.02758	0.01974	0.08785	0.01166	0.00304	0.00749	0.00831	0.00785	0.07354
1	0.12144	0.01717	0.02936	0.02176	0.02839	0.01576	0.29120	0.02243	0.01732	0.02700	0.01815	0.09306	0.01618	0.00868	0.00795	0.00230	0.00937	0.00886	0.00481	0.23882
2	0.51284	0.01859	0.09773	0.01282	0.01843	0.01736	0.01187	0.07011	0.01737	0.03563	0.10192	0.02072	0.01872	0.00898	0.00623	0.00252	0.00688	0.00624	0.00559	0.00943
3	0.12547	0.01843	0.02624	0.02024	0.02559	0.01982	0.16663	0.15953	0.05753	0.05195	0.03628	0.02129	0.01511	0.00935	0.01058	0.00258	0.11222	0.00759	0.03987	0.07370
4	0.12121	0.03157	0.40785	0.02314	0.10860	0.01766	0.02351	0.02459	0.01680	0.02738	0.01418	0.01691	0.01064	0.00738	0.00714	0.00235	0.01005	0.00576	0.00392	0.11937
5	0.01947	0.03609	0.52698	0.02406	0.08437	0.01789	0.02698	0.02761	0.01811	0.11797	0.01712	0.01887	0.01189	0.00800	0.00780	0.00255	0.01107	0.00641	0.00442	0.01232
6	0.01931	0.28680	0.27561	0.11536	0.03126	0.02361	0.02131	0.02487	0.01683	0.05666	0.01404	0.01684	0.01095	0.00796	0.00790	0.00233	0.04790	0.00573	0.00383	0.01091

[dist]
# distance from previous block
# <min> <max>
32	74

[block]
# block no. 5 follows, 23 sequences, length 7
# corresponding to MSA columns:
# 633-639
name=unknown_F
#
# <colnr> <probs for GDERKNQSTAVLIFYWHMCP>
#	G	D	E	R	K	N	Q	S	T	A	V	L	I	F	Y	W	H	M	C	P
0	0.01969	0.08023	0.03779	0.05970	0.09721	0.01781	0.01496	0.02416	0.05584	0.10719	0.04598	0.06747	0.01943	0.01119	0.01212	0.00260	0.17423	0.00830	0.07052	0.07355
1	0.07242	0.02270	0.25040	0.01934	0.08194	0.01439	0.01807	0.02359	0.04487	0.08256	0.19512	0.06251	0.03310	0.01170	0.00835	0.00262	0.00800	0.03172	0.00618	0.01044
2	0.05774	0.09068	0.36875	0.02264	0.07691	0.01872	0.06793	0.02645	0.01776	0.09294	0.01611	0.01821	0.01172	0.00764	0.00742	0.00237	0.01033	0.00625	0.00441	0.07502
3	0.06997	0.01582	0.01481	0.01325	0.01629	0.09693	0.01033	0.13651	0.02115	0.03043	0.02924	0.09680	0.09433	0.01256	0.00915	0.00245	0.07056	0.00962	0.24082	0.00900
4	0.07353	0.26589	0.04853	0.01443	0.02056	0.02187	0.01297	0.12755	0.06255	0.10477	0.09081	0.02281	0.02060	0.00912	0.00687	0.00214	0.00754	0.00687	0.00616	0.07444
5	0.22561	0.01775	0.06190	0.06708	0.02605	0.01627	0.13153	0.06196	0.01768	0.02971	0.01707	0.08117	0.01494	0.00888	0.00722	0.00232	0.00834	0.00770	0.00502	0.19177
6	0.02211	0.01542	0.01955	0.01493	0.02104	0.01393	0.04934	0.12635	0.04974	0.14450	0.06883	0.06145	0.02139	0.00946	0.00756	0.00201	0.00691	0.00803	0.00684	0.33059

[dist]
# distance from previous block
# <min> <max>
3	8

[block]
# block no. 6 follows, 23 sequences, length 10
# corresponding to MSA columns:
# 648-657
name=unknown_G
#
# <colnr> <probs for GDERKNQSTAVLIFYWHMCP>
#	G	D	E	R	K	N	Q	S	T	A	V	L	I	F	Y	W	H	M	C	P
0	0.02889	0.01315	0.01714	0.01370	0.01902	0.01188	0.01107	0.03418	0.08616	0.44713	0.15147	0.03360	0.03093	0.01117	0.00832	0.00247	0.00622	0.00932	0.00935	0.05483
1	0.02778	0.02013	0.02183	0.01755	0.02339	0.02227	0.01423	0.38250	0.24204	0.10254	0.02519	0.02386	0.01806	0.01019	0.00817	0.00255	0.00790	0.00801	0.00834	0.01348
2	0.03031	0.03867	0.02299	0.02090	0.02508	0.68226	0.01568	0.03240	0.02299	0.01986	0.01254	0.01463	0.01045	0.00836	0.00732	0.00209	0.01463	0.00523	0.00418	0.00941
3	0.77215	0.01569	0.01193	0.01067	0.01569	0.01820	0.00879	0.02385	0.01381	0.03641	0.01130	0.01318	0.00879	0.00753	0.00502	0.00251	0.00628	0.00439	0.00502	0.00879
4	0.00989	0.00706	0.00942	0.01130	0.01177	0.00659	0.00753	0.01130	0.01554	0.02071	0.04472	0.70954	0.05367	0.02542	0.01036	0.00330	0.00471	0.02307	0.00753	0.00659
5	0.12511	0.11524	0.02551	0.21114	0.15573	0.01915	0.01732	0.02728	0.04586	0.15588	0.01810	0.02055	0.01338	0.00821	0.00728	0.00245	0.00868	0.00670	0.00537	0.01107
6	0.01889	0.22991	0.41740	0.02202	0.06865	0.06377	0.02428	0.02567	0.01740	0.02354	0.01356	0.01600	0.01048	0.00751	0.00700	0.00230	0.01109	0.00556	0.00352	0.01144
7	0.01869	0.05475	0.02354	0.08217	0.04905	0.16964	0.11337	0.02410	0.08489	0.02350	0.05544	0.15508	0.08575	0.01294	0.00865	0.00262	0.00948	0.01140	0.00564	0.00931
8	0.11790	0.24049	0.02962	0.02311	0.16167	0.05542	0.01620	0.02416	0.01630	0.05557	0.01362	0.01718	0.01173	0.01119	0.04168	0.00291	0.14067	0.00594	0.00421	0.01042
9	0.02519	0.01672	0.06174	0.08000	0.14038	0.01473	0.01593	0.06009	0.05132	0.27865	0.05011	0.05898	0.02048	0.00991	0.00807	0.00244	0.00781	0.00847	0.00715	0.08182

[dist]
# distance from previous block
# <min> <max>
2	31

[block]
# block no. 7 follows, 23 sequences, length 14
# corresponding to MSA columns:
# 689-702
name=unknown_H
#
# <colnr> <probs for GDERKNQSTAVLIFYWHMCP>
#	G	D	E	R	K	N	Q	S	T	A	V	L	I	F	Y	W	H	M	C	P
0	0.02552	0.01830	0.02027	0.01621	0.02189	0.01943	0.01309	0.30650	0.18222	0.10599	0.08077	0.02633	0.02254	0.01028	0.00805	0.00239	0.00733	0.00823	0.00805	0.09660
1	0.02274	0.03810	0.07860	0.08343	0.02221	0.01247	0.01300	0.02723	0.04065	0.27063	0.06611	0.12990	0.02650	0.01215	0.00806	0.00255	0.00686	0.01029	0.11787	0.01064
2	0.02483	0.02126	0.01837	0.01616	0.02053	0.19409	0.01251	0.09083	0.21565	0.12321	0.02818	0.06351	0.04654	0.01107	0.00792	0.00246	0.00850	0.00873	0.07455	0.01110
3	0.02713	0.13035	0.02673	0.02142	0.08932	0.24066	0.01582	0.24996	0.02709	0.03253	0.05112	0.01927	0.01558	0.00899	0.00749	0.00222	0.01056	0.00658	0.00576	0.01141
4	0.02018	0.01451	0.01658	0.01442	0.01779	0.01607	0.01120	0.21220	0.11649	0.05404	0.02563	0.08945	0.02265	0.10194	0.11292	0.00476	0.03767	0.00976	0.09162	0.01010
5	0.02082	0.01611	0.01713	0.01349	0.01933	0.07482	0.01057	0.05739	0.01936	0.12067	0.02115	0.11085	0.01871	0.00962	0.00715	0.00183	0.00695	0.00792	0.00606	0.44007
6	0.06745	0.01717	0.01870	0.01523	0.02021	0.01825	0.01219	0.36295	0.02866	0.07505	0.02433	0.13839	0.02121	0.01204	0.00795	0.00246	0.00726	0.00974	0.07895	0.06182
7	0.00989	0.00706	0.00942	0.01130	0.01177	0.00659	0.00753	0.01130	0.01554	0.02071	0.04472	0.70954	0.05367	0.02542	0.01036	0.00330	0.00471	0.02307	0.00753	0.00659
8	0.01080	0.00803	0.01039	0.01139	0.01275	0.00714	0.00781	0.01250	0.01570	0.02146	0.04075	0.61870	0.04821	0.02288	0.00979	0.00302	0.00488	0.02067	0.00717	0.10597
9	0.03031	0.03867	0.02299	0.02090	0.02508	0.68226	0.01568	0.03240	0.02299	0.01986	0.01254	0.01463	0.01045	0.00836	0.00732	0.00209	0.01463	0.00523	0.00418	0.00941
10	0.77215	0.01569	0.01193	0.01067	0.01569	0.01820	0.00879	0.02385	0.01381	0.03641	0.01130	0.01318	0.00879	0.00753	0.00502	0.00251	0.00628	0.00439	0.00502	0.00879
11	0.17331	0.01978	0.02142	0.07722	0.02566	0.02193	0.01444	0.40685	0.03007	0.10419	0.01863	0.01923	0.01316	0.00920	0.00752	0.00248	0.00839	0.00682	0.00730	0.01240
12	0.01925	0.02162	0.04635	0.03580	0.10619	0.02039	0.57219	0.02588	0.01908	0.02604	0.01630	0.02170	0.01237	0.00688	0.00942	0.00270	0.01327	0.00934	0.00409	0.01114
13	0.09131	0.01372	0.01626	0.01403	0.01860	0.01378	0.01146	0.08743	0.11518	0.25207	0.10533	0.04237	0.06753	0.01317	0.00860	0.00274	0.00654	0.10025	0.00848	0.01114

[dist]
# distance from previous block
# <min> <max>
0	7

[block]
# block no. 8 follows, 23 sequences, length 19
# corresponding to MSA columns:
# 710-728
name=unknown_I
#
# <colnr> <probs for GDERKNQSTAVLIFYWHMCP>
#	G	D	E	R	K	N	Q	S	T	A	V	L	I	F	Y	W	H	M	C	P
0	0.02835	0.14398	0.02271	0.01439	0.02030	0.01705	0.01215	0.06665	0.10487	0.35113	0.07419	0.02677	0.02243	0.00987	0.00762	0.00233	0.00700	0.00786	0.00814	0.05221
1	0.02204	0.01564	0.01818	0.01351	0.02007	0.01366	0.01084	0.14516	0.02168	0.11933	0.01844	0.02075	0.01441	0.04472	0.00859	0.00198	0.00681	0.00613	0.00619	0.47188
2	0.02554	0.01805	0.02021	0.01597	0.02164	0.01857	0.01286	0.37816	0.02953	0.09441	0.02353	0.12631	0.02017	0.01151	0.00809	0.00235	0.00758	0.00936	0.00759	0.14856
3	0.02554	0.01919	0.02066	0.01672	0.02195	0.02110	0.01342	0.43798	0.12027	0.04297	0.02748	0.08432	0.05760	0.04048	0.00976	0.00279	0.00789	0.00967	0.00792	0.01228
4	0.01720	0.07380	0.01855	0.01246	0.01882	0.01292	0.01005	0.05354	0.01782	0.02651	0.01797	0.09740	0.01684	0.00856	0.00656	0.00156	0.00624	0.00703	0.00519	0.57099
5	0.02026	0.45333	0.14385	0.01618	0.02328	0.02712	0.01666	0.04302	0.01690	0.02188	0.01229	0.01471	0.01066	0.00781	0.00795	0.00204	0.07876	0.00503	0.00373	0.07454
6	0.01862	0.07488	0.02017	0.06781	0.02264	0.01492	0.01168	0.10598	0.01963	0.02842	0.01683	0.06230	0.01474	0.00804	0.00669	0.00168	0.00694	0.00650	0.00524	0.48630
7	0.02195	0.15353	0.02171	0.01383	0.01884	0.01856	0.01148	0.19246	0.06862	0.10187	0.03443	0.07076	0.14840	0.05092	0.00973	0.00269	0.00712	0.00995	0.00699	0.03617
8	0.01148	0.00829	0.01085	0.01021	0.01212	0.00766	0.00766	0.01531	0.02297	0.03254	0.65994	0.06061	0.07656	0.01659	0.00957	0.00255	0.00383	0.01467	0.00893	0.00766
9	0.01683	0.01442	0.01683	0.01202	0.01923	0.01082	0.00961	0.02043	0.01683	0.02644	0.01442	0.01683	0.01202	0.00601	0.00601	0.00120	0.00601	0.00481	0.00481	0.76444
10	0.01553	0.00861	0.00889	0.00852	0.01036	0.00876	0.00617	0.05778	0.01742	0.02891	0.02585	0.03380	0.02196	0.14054	0.01245	0.00304	0.00488	0.00833	0.57072	0.00748
11	0.02015	0.01766	0.02448	0.32120	0.13318	0.02007	0.01960	0.07850	0.21400	0.02935	0.02205	0.02570	0.01699	0.00992	0.00871	0.00290	0.00950	0.00824	0.00595	0.01184
12	0.03045	0.03459	0.02334	0.02033	0.02511	0.51393	0.01561	0.18733	0.02688	0.02787	0.01432	0.01587	0.01131	0.00871	0.00752	0.00218	0.01317	0.00576	0.00519	0.01053
13	0.02665	0.01996	0.02178	0.01690	0.02299	0.02112	0.01375	0.47838	0.03258	0.04431	0.02082	0.07905	0.01697	0.01047	0.00796	0.00230	0.00807	0.00825	0.00751	0.14018
14	0.01787	0.03911	0.01758	0.01490	0.01714	0.06805	0.01179	0.04947	0.01949	0.08528	0.21115	0.13169	0.07205	0.01550	0.01354	0.00285	0.18493	0.01196	0.00676	0.00888
15	0.01968	0.01513	0.01726	0.01354	0.01918	0.01396	0.01075	0.17598	0.04426	0.05291	0.07464	0.08997	0.05263	0.01061	0.00755	0.00198	0.00640	0.00878	0.00664	0.35815
16	0.28803	0.02367	0.22430	0.02053	0.09976	0.01707	0.04669	0.02418	0.01667	0.06063	0.04754	0.06391	0.01664	0.00924	0.00716	0.00258	0.00863	0.00737	0.00495	0.01042
17	0.01991	0.02106	0.04161	0.03164	0.07485	0.02058	0.46705	0.07410	0.02000	0.02758	0.01605	0.02099	0.01232	0.00760	0.01044	0.00267	0.06390	0.00880	0.00442	0.05445
18	0.01842	0.01254	0.01803	0.06221	0.03705	0.01255	0.06176	0.02520	0.11705	0.14141	0.17529	0.09149	0.06130	0.01470	0.00932	0.00286	0.00687	0.11431	0.00777	0.00989

[dist]
# distance from previous block
# <min> <max>
8	46

[block]
# block no. 9 follows, 23 sequences, length 15
# corresponding to MSA columns:
# 777-791
name=unknown_J
#
# <colnr> <probs for GDERKNQSTAVLIFYWHMCP>
#	G	D	E	R	K	N	Q	S	T	A	V	L	I	F	Y	W	H	M	C	P
0	0.01727	0.01722	0.16687	0.01447	0.01949	0.01117	0.01415	0.02219	0.02102	0.14669	0.31755	0.06773	0.04725	0.01414	0.00905	0.00268	0.00666	0.06698	0.00767	0.00975
1	0.01622	0.06863	0.46076	0.01946	0.02941	0.01705	0.02342	0.02373	0.01757	0.02611	0.07231	0.02077	0.01656	0.00816	0.00744	0.00227	0.00999	0.00647	0.00418	0.14953
2	0.01294	0.00986	0.01209	0.01146	0.01374	0.00986	0.00860	0.02005	0.13722	0.03173	0.48973	0.11330	0.06501	0.01636	0.00940	0.00266	0.00438	0.01442	0.00868	0.00851
3	0.02070	0.59541	0.15812	0.01558	0.02345	0.02967	0.01684	0.02455	0.01661	0.02030	0.01188	0.01377	0.01039	0.00708	0.00567	0.00189	0.00929	0.00464	0.00346	0.01070
4	0.15100	0.00965	0.01104	0.01029	0.01278	0.00959	0.00786	0.01688	0.02129	0.03325	0.54097	0.05191	0.06413	0.01493	0.00874	0.00254	0.00428	0.01279	0.00822	0.00786
5	0.15086	0.00955	0.01093	0.01038	0.01275	0.00950	0.00785	0.01655	0.02067	0.03227	0.48998	0.10570	0.06223	0.01566	0.00880	0.00261	0.00435	0.01348	0.00810	0.00778
6	0.71071	0.01628	0.01296	0.01133	0.01648	0.01878	0.00934	0.07468	0.01583	0.03763	0.01198	0.01370	0.00920	0.00772	0.00528	0.00250	0.00650	0.00464	0.00528	0.00920
7	0.17762	0.36882	0.20454	0.01591	0.02372	0.04638	0.01719	0.02484	0.01631	0.02451	0.01220	0.01421	0.01004	0.00732	0.00591	0.00213	0.00925	0.00482	0.00381	0.01046
8	0.16011	0.01830	0.07334	0.01509	0.02082	0.01701	0.01322	0.13472	0.06021	0.11493	0.07579	0.02287	0.01909	0.00955	0.00879	0.00236	0.06455	0.00705	0.00647	0.15574
9	0.34617	0.01286	0.01233	0.01178	0.01510	0.01402	0.00904	0.09186	0.01762	0.03124	0.02838	0.25314	0.05947	0.03560	0.00865	0.00297	0.00604	0.02891	0.00642	0.00840
10	0.30188	0.01395	0.01657	0.01353	0.01804	0.01469	0.10058	0.05934	0.01740	0.03304	0.01834	0.02137	0.01422	0.00822	0.00617	0.00225	0.00659	0.00653	0.28639	0.04090
11	0.01829	0.01397	0.06986	0.01405	0.01755	0.01189	0.01154	0.13174	0.02144	0.12342	0.07554	0.38145	0.03920	0.01820	0.00935	0.00291	0.00637	0.01598	0.00775	0.00951
12	0.03046	0.01552	0.02331	0.01773	0.02372	0.01455	0.10709	0.08832	0.02352	0.43767	0.08092	0.02844	0.02277	0.01024	0.00919	0.00258	0.03388	0.00881	0.00863	0.01266
13	0.03773	0.14995	0.02999	0.22132	0.03376	0.02191	0.11012	0.02152	0.01627	0.02233	0.06780	0.02214	0.01644	0.00992	0.01245	0.00272	0.18253	0.00755	0.00413	0.00941
14	0.01754	0.03793	0.57758	0.02166	0.03290	0.01774	0.02716	0.02609	0.01747	0.06479	0.01561	0.01774	0.01102	0.00771	0.00759	0.00245	0.01118	0.00603	0.00394	0.07587

[dist]
# distance from previous block
# <min> <max>
4	28

[block]
# block no. 10 follows, 23 sequences, length 6
# corresponding to MSA columns:
# 820-825
name=unknown_K
#
# <colnr> <probs for GDERKNQSTAVLIFYWHMCP>
#	G	D	E	R	K	N	Q	S	T	A	V	L	I	F	Y	W	H	M	C	P
0	0.09390	0.24221	0.07289	0.01988	0.02660	0.14632	0.13158	0.10141	0.02089	0.05248	0.01451	0.01662	0.01142	0.00775	0.00703	0.00223	0.01066	0.00611	0.00469	0.01082
1	0.02336	0.06187	0.02045	0.01625	0.02138	0.02026	0.01301	0.09192	0.47366	0.11960	0.03036	0.02791	0.02230	0.01051	0.00804	0.00263	0.00684	0.00857	0.00818	0.01290
2	0.03041	0.03567	0.02325	0.02048	0.02510	0.55872	0.01563	0.14610	0.02584	0.02574	0.01385	0.01554	0.01108	0.00862	0.00747	0.00216	0.01356	0.00562	0.00492	0.01023
3	0.55996	0.01472	0.01261	0.01153	0.01583	0.01667	0.00917	0.07847	0.01640	0.03482	0.01834	0.14469	0.01769	0.01110	0.00631	0.00265	0.00623	0.00818	0.00578	0.00884
4	0.19078	0.04984	0.02268	0.16095	0.02900	0.01969	0.08186	0.06201	0.13608	0.02961	0.01808	0.02108	0.01398	0.00905	0.00890	0.00263	0.06873	0.00708	0.05784	0.01012
5	0.01579	0.01562	0.07254	0.01441	0.01987	0.01211	0.04733	0.04328	0.06124	0.02574	0.02344	0.17049	0.02319	0.06583	0.01027	0.00253	0.00697	0.01007	0.00561	0.35368

[dist]
# distance from previous block
# <min> <max>
7	27

[block]
# block no. 11 follows, 23 sequences, length 8
# corresponding to MSA columns:
# 853-860
name=unknown_L
#
# <colnr> <probs for GDERKNQSTAVLIFYWHMCP>
#	G	D	E	R	K	N	Q	S	T	A	V	L	I	F	Y	W	H	M	C	P
0	0.08123	0.02254	0.02100	0.10886	0.02636	0.18679	0.01485	0.16839	0.04432	0.03036	0.01599	0.01877	0.01255	0.00912	0.00919	0.00236	0.08002	0.00637	0.05857	0.08237
1	0.01826	0.01971	0.01512	0.01448	0.01771	0.24011	0.01117	0.02259	0.08009	0.02255	0.04569	0.05158	0.26633	0.01747	0.03817	0.00310	0.00916	0.09201	0.00631	0.00840
2	0.03085	0.02273	0.02435	0.01867	0.02516	0.02516	0.01542	0.63716	0.03815	0.05114	0.01948	0.01948	0.01380	0.00974	0.00812	0.00244	0.00893	0.00731	0.00812	0.01380
3	0.77215	0.01569	0.01193	0.01067	0.01569	0.01820	0.00879	0.02385	0.01381	0.03641	0.01130	0.01318	0.00879	0.00753	0.00502	0.00251	0.00628	0.00439	0.00502	0.00879
4	0.11900	0.10739	0.51932	0.02050	0.03104	0.02011	0.02548	0.02531	0.01662	0.02647	0.01379	0.01618	0.01009	0.00761	0.00709	0.00248	0.01088	0.00561	0.00365	0.01140
5	0.12370	0.01680	0.01768	0.01519	0.02035	0.01843	0.01202	0.06774	0.40862	0.09935	0.02753	0.02587	0.02036	0.00990	0.00759	0.00253	0.00654	0.00791	0.00767	0.08421
6	0.01892	0.06756	0.08497	0.01835	0.02369	0.01749	0.09799	0.03080	0.26313	0.07322	0.06478	0.07447	0.02775	0.01238	0.00873	0.00279	0.00802	0.08699	0.00692	0.01106
7	0.09168	0.01492	0.01650	0.01287	0.01884	0.01351	0.01022	0.08396	0.08333	0.03067	0.05470	0.05972	0.01918	0.00873	0.00680	0.00181	0.00617	0.00705	0.00590	0.45345

[dist]
# distance from previous block
# <min> <max>
9	28

[block]
# block no. 12 follows, 23 sequences, length 22
# corresponding to MSA columns:
# 889-910
name=unknown_M
#
# <colnr> <probs for GDERKNQSTAVLIFYWHMCP>
#	G	D	E	R	K	N	Q	S	T	A	V	L	I	F	Y	W	H	M	C	P
0	0.01955	0.01559	0.01792	0.01320	0.02013	0.01319	0.01062	0.09785	0.05835	0.05649	0.01690	0.01842	0.01335	0.00694	0.00649	0.00150	0.00643	0.00552	0.00564	0.59593
1	0.02794	0.02054	0.02199	0.01718	0.02313	0.02251	0.01406	0.50631	0.08260	0.04677	0.02095	0.02120	0.01522	0.00965	0.00781	0.00235	0.00813	0.00736	0.07773	0.04658
2	0.01180	0.00787	0.00885	0.00885	0.00885	0.00787	0.00492	0.01180	0.01180	0.01573	0.02557	0.05310	0.02950	0.71483	0.04130	0.00787	0.00787	0.01180	0.00492	0.00492
3	0.02245	0.01797	0.01919	0.01670	0.02164	0.02045	0.01315	0.12404	0.53462	0.06824	0.03113	0.02867	0.02304	0.01079	0.00823	0.00270	0.00679	0.00887	0.00833	0.01302
4	0.01627	0.04197	0.67279	0.02313	0.03512	0.01884	0.02998	0.02570	0.01713	0.02570	0.01456	0.01713	0.01028	0.00771	0.00771	0.00257	0.01199	0.00600	0.00343	0.01199
5	0.01272	0.01007	0.01244	0.01159	0.01481	0.00832	0.00838	0.01503	0.01606	0.02305	0.03236	0.42685	0.03667	0.01750	0.00858	0.00244	0.00524	0.01562	0.00642	0.31586
6	0.01577	0.01573	0.02679	0.02156	0.02555	0.05604	0.23642	0.01998	0.01583	0.02152	0.01873	0.02654	0.01635	0.03592	0.36714	0.00820	0.05022	0.00872	0.00421	0.00879
7	0.01627	0.04197	0.67279	0.02313	0.03512	0.01884	0.02998	0.02570	0.01713	0.02570	0.01456	0.01713	0.01028	0.00771	0.00771	0.00257	0.01199	0.00600	0.00343	0.01199
8	0.01775	0.01775	0.02485	0.02130	0.02130	0.02485	0.01775	0.01953	0.01243	0.01953	0.01065	0.01775	0.01065	0.01420	0.02663	0.00355	0.69998	0.00710	0.00355	0.00888
9	0.01532	0.01442	0.02434	0.69533	0.05589	0.01803	0.02253	0.02073	0.01622	0.02073	0.01442	0.02163	0.01082	0.00811	0.00811	0.00270	0.01082	0.00721	0.00361	0.00901
10	0.01159	0.00869	0.01304	0.01304	0.01449	0.01014	0.01014	0.01449	0.01304	0.01884	0.02173	0.03188	0.02029	0.06086	0.68268	0.01304	0.02173	0.00869	0.00435	0.00724
11	0.02259	0.01689	0.01842	0.01621	0.02104	0.01896	0.01271	0.04259	0.55678	0.12814	0.03288	0.02988	0.02408	0.01087	0.00824	0.00272	0.00649	0.00902	0.00852	0.01299
12	0.01022	0.00751	0.01033	0.05309	0.01446	0.00729	0.00845	0.01187	0.01558	0.02071	0.04287	0.66751	0.05105	0.02436	0.01022	0.00326	0.00508	0.02210	0.00729	0.00674
13	0.01556	0.01488	0.02579	0.65455	0.05505	0.01818	0.06030	0.02106	0.01641	0.02106	0.01455	0.02165	0.01091	0.00803	0.00820	0.00271	0.01099	0.00736	0.00364	0.00913
14	0.02018	0.01743	0.01835	0.01651	0.02110	0.02018	0.01284	0.04312	0.64956	0.03394	0.03303	0.03027	0.02477	0.01101	0.00826	0.00275	0.00642	0.00917	0.00826	0.01284
15	0.02878	0.02151	0.02324	0.01769	0.02429	0.02305	0.01457	0.54639	0.03501	0.04750	0.01874	0.01909	0.01354	0.00919	0.00781	0.00225	0.00850	0.00694	0.00763	0.12428
16	0.01683	0.01442	0.01683	0.01202	0.01923	0.01082	0.00961	0.02043	0.01683	0.02644	0.01442	0.01683	0.01202	0.00601	0.00601	0.00120	0.00601	0.00481	0.00481	0.76444
17	0.01613	0.01472	0.02396	0.56182	0.09830	0.01770	0.02130	0.05302	0.01751	0.02279	0.01687	0.06937	0.01412	0.00934	0.00826	0.00271	0.01020	0.00832	0.00415	0.00940
18	0.01619	0.06393	0.02605	0.53204	0.12899	0.01866	0.02151	0.02125	0.01686	0.02193	0.04572	0.02273	0.01425	0.00833	0.00797	0.00259	0.01018	0.00738	0.00391	0.00954
19	0.19032	0.01318	0.01529	0.01275	0.01751	0.01299	0.01026	0.03040	0.07758	0.31508	0.18354	0.03288	0.03206	0.01120	0.00783	0.00254	0.00596	0.00904	0.00850	0.01109
20	0.06208	0.01503	0.05221	0.05547	0.04842	0.01331	0.01292	0.08215	0.02244	0.30407	0.13987	0.03077	0.02761	0.01055	0.00798	0.00244	0.00686	0.00872	0.06056	0.03653
21	0.06952	0.01760	0.01840	0.01503	0.02006	0.04044	0.01199	0.25737	0.13477	0.11333	0.02358	0.02510	0.01781	0.05400	0.00961	0.00270	0.00742	0.00767	0.10203	0.05157

[dist]
# distance from previous block
# <min> <max>
33	73

[block]
# block no. 13 follows, 23 sequences, length 7
# corresponding to MSA columns:
# 1008-1014
name=unknown_N
#
# <colnr> <probs for GDERKNQSTAVLIFYWHMCP>
#	G	D	E	R	K	N	Q	S	T	A	V	L	I	F	Y	W	H	M	C	P
0	0.15620	0.04342	0.02080	0.02207	0.18173	0.01576	0.01399	0.02741	0.07435	0.15628	0.10474	0.02597	0.02287	0.00927	0.00741	0.00234	0.00701	0.00768	0.00647	0.09425
1	0.29646	0.06847	0.04036	0.01240	0.01734	0.01565	0.01059	0.06021	0.01897	0.17291	0.09297	0.06106	0.02278	0.01031	0.00685	0.00245	0.00640	0.00786	0.06588	0.01008
2	0.13761	0.20266	0.11771	0.05776	0.02520	0.02316	0.01590	0.18048	0.05577	0.03229	0.01544	0.01702	0.01193	0.00807	0.00668	0.00222	0.00864	0.00581	0.00525	0.07041
3	0.15411	0.07493	0.27165	0.06026	0.13745	0.05972	0.02122	0.02483	0.01701	0.02675	0.01373	0.01671	0.01065	0.00746	0.00697	0.00234	0.00993	0.00573	0.00399	0.07457
4	0.11283	0.23196	0.19500	0.01579	0.02281	0.02062	0.01637	0.02638	0.07072	0.09320	0.05726	0.06680	0.01927	0.00970	0.00701	0.00237	0.00832	0.00747	0.00534	0.01076
5	0.15633	0.05324	0.11808	0.01563	0.02191	0.01822	0.01452	0.18982	0.04780	0.14404	0.11716	0.02576	0.02326	0.01005	0.00761	0.00248	0.00770	0.00779	0.00710	0.01151
6	0.45661	0.11445	0.01754	0.01194	0.01702	0.01885	0.01009	0.07073	0.01793	0.07943	0.09946	0.02096	0.01919	0.00900	0.00611	0.00240	0.00654	0.00624	0.00591	0.00961

[dist]
# distance from previous block
# <min> <max>
0	1

[block]
# block no. 14 follows, 23 sequences, length 11
# corresponding to MSA columns:
# 1016-1026
name=unknown_O
#
# <colnr> <probs for GDERKNQSTAVLIFYWHMCP>
#	G	D	E	R	K	N	Q	S	T	A	V	L	I	F	Y	W	H	M	C	P
0	0.01469	0.01039	0.01292	0.01254	0.01510	0.01016	0.00971	0.05658	0.07446	0.05982	0.23954	0.20586	0.07536	0.01809	0.00961	0.00288	0.00545	0.11746	0.00807	0.04133
1	0.06272	0.19929	0.28106	0.01778	0.02634	0.02150	0.01945	0.07070	0.07258	0.07022	0.01665	0.01786	0.01251	0.00795	0.00691	0.00225	0.00933	0.00591	0.00483	0.07417
2	0.16263	0.13356	0.02275	0.01749	0.07458	0.01972	0.01340	0.17284	0.02214	0.11106	0.02098	0.05510	0.01792	0.01405	0.05537	0.00324	0.00881	0.05712	0.00631	0.01092
3	0.01820	0.01985	0.08477	0.28986	0.25939	0.01918	0.11981	0.04591	0.01833	0.02506	0.01522	0.02069	0.01181	0.00764	0.00828	0.00259	0.01089	0.00749	0.00397	0.01105
4	0.03767	0.11057	0.38468	0.01992	0.02886	0.01849	0.05663	0.02594	0.04044	0.08309	0.05517	0.05120	0.01827	0.00951	0.00782	0.00254	0.01003	0.02304	0.00486	0.01128
5	0.02485	0.01491	0.01774	0.01468	0.01959	0.01502	0.01164	0.13455	0.15830	0.23352	0.05900	0.07750	0.02479	0.03919	0.04719	0.00327	0.00762	0.00948	0.00813	0.07901
