[name]
unknown

[dist]
# distance from previous block
# <min> <max>
0	1

[block]
# block no. 0 follows, 23 sequences, length 17
# corresponding to MSA columns:
# 1-17
name=unknown_A
#
# <colnr> <probs for GDERKNQSTAVLIFYWHMCP>
#	G	D	E	R	K	N	Q	S	T	A	V	L	I	F	Y	W	H	M	C	P
0	0.01308	0.00934	0.01308	0.01494	0.01681	0.00934	0.01308	0.01681	0.01868	0.02428	0.04296	0.09153	0.04670	0.02242	0.01121	0.00374	0.00747	0.60960	0.00747	0.00747
1	0.03641	0.01381	0.01883	0.01444	0.02071	0.01193	0.01193	0.03954	0.02322	0.66984	0.03201	0.02762	0.02009	0.01004	0.00816	0.00251	0.00690	0.00816	0.01004	0.01381
2	0.03641	0.01381	0.01883	0.01444	0.02071	0.01193	0.01193	0.03954	0.02322	0.66984	0.03201	0.02762	0.02009	0.01004	0.00816	0.00251	0.00690	0.00816	0.01004	0.01381
3	0.01775	0.01775	0.02485	0.02130	0.02130	0.02485	0.01775	0.01953	0.01243	0.01953	0.01065	0.01775	0.01065	0.01420	0.02663	0.00355	0.69998	0.00710	0.00355	0.00888
4	0.00989	0.00706	0.00942	0.01130	0.01177	0.00659	0.00753	0.01130	0.01554	0.02071	0.04472	0.70954	0.05367	0.02542	0.01036	0.00330	0.00471	0.02307	0.00753	0.00659
5	0.02008	0.01928	0.03294	0.04981	0.66422	0.01928	0.02490	0.02490	0.01848	0.02651	0.01526	0.02008	0.01285	0.00723	0.00803	0.00241	0.00964	0.00723	0.00402	0.01285
6	0.01977	0.01896	0.03237	0.09218	0.62429	0.01920	0.02475	0.02463	0.01833	0.02613	0.01521	0.02018	0.01272	0.00729	0.00804	0.00243	0.00972	0.00723	0.00399	0.01260
7	0.01532	0.01442	0.02434	0.69533	0.05589	0.01803	0.02253	0.02073	0.01622	0.02073	0.01442	0.02163	0.01082	0.00811	0.00811	0.00270	0.01082	0.00721	0.00361	0.00901
8	0.01148	0.00829	0.01085	0.01021	0.01212	0.00766	0.00766	0.01531	0.02297	0.03254	0.65994	0.06061	0.07656	0.01659	0.00957	0.00255	0.00383	0.01467	0.00893	0.00766
9	0.01159	0.00869	0.01304	0.01304	0.01449	0.01014	0.01014	0.01449	0.01304	0.01884	0.02173	0.03188	0.02029	0.06086	0.68268	0.01304	0.02173	0.00869	0.00435	0.00724
10	0.01627	0.04197	0.67279	0.02313	0.03512	0.01884	0.02998	0.02570	0.01713	0.02570	0.01456	0.01713	0.01028	0.00771	0.00771	0.00257	0.01199	0.00600	0.00343	0.01199
11	0.01627	0.04197	0.67279	0.02313	0.03512	0.01884	0.02998	0.02570	0.01713	0.02570	0.01456	0.01713	0.01028	0.00771	0.00771	0.00257	0.01199	0.00600	0.00343	0.01199
12	0.01180	0.00787	0.00885	0.00885	0.00885	0.00787	0.00492	0.01180	0.01180	0.01573	0.02557	0.05310	0.02950	0.71483	0.04130	0.00787	0.00787	0.01180	0.00492	0.00492
13	0.02962	0.02212	0.02366	0.01842	0.02470	0.02459	0.01513	0.56882	0.10849	0.04916	0.02104	0.02072	0.01506	0.00989	0.00813	0.00247	0.00864	0.00752	0.00813	0.01369
14	0.01954	0.01872	0.03195	0.12407	0.59423	0.01914	0.02463	0.02442	0.01822	0.02584	0.01517	0.02026	0.01262	0.00733	0.00804	0.00244	0.00978	0.00723	0.00397	0.01241
15	0.01206	0.00889	0.01134	0.01062	0.01271	0.00848	0.00800	0.01714	0.06410	0.03263	0.61878	0.05862	0.07316	0.01622	0.00948	0.00257	0.00400	0.01431	0.00889	0.00800
16	0.01345	0.00976	0.01222	0.01107	0.01345	0.00944	0.00845	0.07858	0.02451	0.03443	0.59477	0.05643	0.07018	0.01589	0.00942	0.00254	0.00435	0.01392	0.00885	0.00828

[dist]
# distance from previous block
# <min> <max>
0	2

[block]
# block no. 1 follows, 23 sequences, length 9
# corresponding to MSA columns:
# 20-28
name=unknown_B
#
# <colnr> <probs for GDERKNQSTAVLIFYWHMCP>
#	G	D	E	R	K	N	Q	S	T	A	V	L	I	F	Y	W	H	M	C	P
0	0.01915	0.02189	0.04788	0.03420	0.04241	0.02052	0.63475	0.02599	0.01915	0.02599	0.01642	0.02189	0.01231	0.00684	0.00958	0.00274	0.01368	0.00958	0.00410	0.01094
1	0.01275	0.01157	0.01649	0.01436	0.01669	0.01226	0.07269	0.01556	0.01798	0.02403	0.18275	0.10888	0.27679	0.01734	0.01332	0.00292	0.15496	0.01417	0.00663	0.00785
2	0.01889	0.01635	0.02073	0.01535	0.02205	0.01455	0.06253	0.09288	0.06225	0.02941	0.01625	0.01851	0.01305	0.00723	0.00767	0.00169	0.03960	0.00589	0.00530	0.52982
3	0.01783	0.01515	0.02391	0.02004	0.02220	0.01786	0.11743	0.02050	0.01552	0.08941	0.02303	0.20556	0.02349	0.01555	0.01746	0.00324	0.32537	0.01192	0.00540	0.00913
4	0.01627	0.04197	0.67279	0.02313	0.03512	0.01884	0.02998	0.02570	0.01713	0.02570	0.01456	0.01713	0.01028	0.00771	0.00771	0.00257	0.01199	0.00600	0.00343	0.01199
5	0.01627	0.04197	0.67279	0.02313	0.03512	0.01884	0.02998	0.02570	0.01713	0.02570	0.01456	0.01713	0.01028	0.00771	0.00771	0.00257	0.01199	0.00600	0.00343	0.01199
6	0.02181	0.01188	0.01482	0.01268	0.01670	0.01134	0.00998	0.02862	0.13357	0.26048	0.27606	0.04485	0.09542	0.01358	0.00883	0.00259	0.00541	0.01157	0.00910	0.01071
7	0.01910	0.01503	0.01981	0.01426	0.02146	0.01180	0.06578	0.02294	0.01771	0.09416	0.01645	0.01842	0.01289	0.00651	0.00655	0.00148	0.00679	0.00559	0.00530	0.61799
8	0.03294	0.01531	0.01932	0.01508	0.02104	0.01456	0.01236	0.14202	0.06956	0.48329	0.06431	0.02820	0.02242	0.01042	0.00824	0.00252	0.00705	0.00844	0.00952	0.01340

[dist]
# distance from previous block
# <min> <max>
0	2

[block]
# block no. 2 follows, 23 sequences, length 57
# corresponding to MSA columns:
# 31-87
name=unknown_C
#
# <colnr> <probs for GDERKNQSTAVLIFYWHMCP>
#	G	D	E	R	K	N	Q	S	T	A	V	L	I	F	Y	W	H	M	C	P
0	0.02008	0.01928	0.03294	0.04981	0.66422	0.01928	0.02490	0.02490	0.01848	0.02651	0.01526	0.02008	0.01285	0.00723	0.00803	0.00241	0.00964	0.00723	0.00402	0.01285
1	0.01982	0.01901	0.03246	0.08567	0.63042	0.01921	0.02477	0.02467	0.01835	0.02619	0.01522	0.02017	0.01274	0.00728	0.00804	0.00243	0.00971	0.00723	0.00399	0.01264
2	0.00989	0.00706	0.00942	0.01130	0.01177	0.00659	0.00753	0.01130	0.01554	0.02071	0.04472	0.70954	0.05367	0.02542	0.01036	0.00330	0.00471	0.02307	0.00753	0.00659
3	0.01532	0.01442	0.02434	0.69533	0.05589	0.01803	0.02253	0.02073	0.01622	0.02073	0.01442	0.02163	0.01082	0.00811	0.00811	0.00270	0.01082	0.00721	0.00361	0.00901
4	0.00987	0.00712	0.00936	0.01115	0.01173	0.00660	0.00747	0.01132	0.01568	0.02077	0.04653	0.67901	0.08303	0.02519	0.01032	0.00327	0.00468	0.02278	0.00753	0.00660
5	0.02519	0.01937	0.02058	0.01694	0.02229	0.02176	0.01361	0.34138	0.29363	0.04235	0.02570	0.02482	0.01893	0.01025	0.00799	0.00253	0.00749	0.00811	0.06415	0.01293
6	0.02008	0.01928	0.03294	0.04981	0.66422	0.01928	0.02490	0.02490	0.01848	0.02651	0.01526	0.02008	0.01285	0.00723	0.00803	0.00241	0.00964	0.00723	0.00402	0.01285
7	0.01683	0.01442	0.01683	0.01202	0.01923	0.01082	0.00961	0.02043	0.01683	0.02644	0.01442	0.01683	0.01202	0.00601	0.00601	0.00120	0.00601	0.00481	0.00481	0.76444
8	0.03085	0.02273	0.02435	0.01867	0.02516	0.02516	0.01542	0.63716	0.03815	0.05114	0.01948	0.01948	0.01380	0.00974	0.00812	0.00244	0.00893	0.00731	0.00812	0.01380
9	0.02008	0.01928	0.03294	0.04981	0.66422	0.01928	0.02490	0.02490	0.01848	0.02651	0.01526	0.02008	0.01285	0.00723	0.00803	0.00241	0.00964	0.00723	0.00402	0.01285
10	0.03085	0.02273	0.02435	0.01867	0.02516	0.02516	0.01542	0.63716	0.03815	0.05114	0.01948	0.01948	0.01380	0.00974	0.00812	0.00244	0.00893	0.00731	0.00812	0.01380
11	0.03641	0.01381	0.01883	0.01444	0.02071	0.01193	0.01193	0.03954	0.02322	0.66984	0.03201	0.02762	0.02009	0.01004	0.00816	0.00251	0.00690	0.00816	0.01004	0.01381
12	0.03641	0.01381	0.01883	0.01444	0.02071	0.01193	0.01193	0.03954	0.02322	0.66984	0.03201	0.02762	0.02009	0.01004	0.00816	0.00251	0.00690	0.00816	0.01004	0.01381
13	0.00989	0.00706	0.00942	0.01130	0.01177	0.00659	0.00753	0.01130	0.01554	0.02071	0.04472	0.70954	0.05367	0.02542	0.01036	0.00330	0.00471	0.02307	0.00753	0.00659
14	0.01729	0.01708	0.02397	0.02069	0.02080	0.02376	0.01719	0.01915	0.01247	0.01948	0.01148	0.01880	0.01137	0.01768	0.07547	0.00426	0.64949	0.00722	0.00361	0.00875
15	0.00998	0.00818	0.00880	0.00876	0.01123	0.00700	0.00652	0.01236	0.01925	0.02398	0.19578	0.10335	0.51666	0.01998	0.00962	0.00273	0.00408	0.01691	0.00781	0.00700
16	0.02169	0.71972	0.04252	0.01388	0.02083	0.03211	0.01388	0.02430	0.01649	0.01909	0.01128	0.01302	0.01041	0.00694	0.00521	0.00174	0.00868	0.00434	0.00347	0.01041
17	0.00989	0.00706	0.00942	0.01130	0.01177	0.00659	0.00753	0.01130	0.01554	0.02071	0.04472	0.70954	0.05367	0.02542	0.01036	0.00330	0.00471	0.02307	0.00753	0.00659
18	0.01513	0.00756	0.00756	0.00756	0.00945	0.00756	0.00567	0.01891	0.01702	0.03025	0.02647	0.03025	0.02080	0.00945	0.00567	0.00189	0.00378	0.00756	0.75988	0.00756
19	0.02008	0.01928	0.03294	0.04981	0.66422	0.01928	0.02490	0.02490	0.01848	0.02651	0.01526	0.02008	0.01285	0.00723	0.00803	0.00241	0.00964	0.00723	0.00402	0.01285
20	0.03562	0.01398	0.01881	0.01454	0.02073	0.01233	0.01197	0.03972	0.05362	0.63898	0.03206	0.02775	0.02031	0.01009	0.00816	0.00252	0.00688	0.00821	0.00996	0.01376
21	0.02519	0.01800	0.01975	0.01665	0.02193	0.01992	0.01326	0.17317	0.41232	0.14207	0.02988	0.02746	0.02159	0.01057	0.00821	0.00264	0.00705	0.00860	0.00852	0.01321
22	0.03046	0.03425	0.02337	0.02028	0.02511	0.50012	0.01561	0.20004	0.02720	0.02853	0.01447	0.01598	0.01138	0.00874	0.00754	0.00219	0.01305	0.00580	0.00527	0.01062
23	0.02570	0.01814	0.02052	0.01536	0.02213	0.01752	0.01256	0.30479	0.02738	0.11880	0.01895	0.01940	0.01385	0.00822	0.00724	0.00193	0.00746	0.00637	0.00698	0.32668
24	0.02018	0.01743	0.01835	0.01651	0.02110	0.02018	0.01284	0.04312	0.64956	0.03394	0.03303	0.03027	0.02477	0.01101	0.00826	0.00275	0.00642	0.00917	0.00826	0.01284
25	0.02120	0.65751	0.10037	0.01473	0.02214	0.03089	0.01536	0.02443	0.01655	0.01970	0.01158	0.01339	0.01040	0.00701	0.00544	0.00181	0.00898	0.00449	0.00347	0.01056
26	0.03641	0.01381	0.01883	0.01444	0.02071	0.01193	0.01193	0.03954	0.02322	0.66984	0.03201	0.02762	0.02009	0.01004	0.00816	0.00251	0.00690	0.00816	0.01004	0.01381
27	0.00989	0.00706	0.00942	0.01130	0.01177	0.00659	0.00753	0.01130	0.01554	0.02071	0.04472	0.70954	0.05367	0.02542	0.01036	0.00330	0.00471	0.02307	0.00753	0.00659
28	0.01905	0.02158	0.04617	0.03324	0.04084	0.02084	0.58881	0.02551	0.01865	0.02551	0.01599	0.02158	0.01219	0.00739	0.01085	0.00280	0.06478	0.00939	0.00406	0.01079
29	0.01161	0.00863	0.01273	0.01273	0.01407	0.00997	0.00975	0.01429	0.01295	0.01861	0.02202	0.03346	0.02097	0.10955	0.63493	0.01266	0.02070	0.00893	0.00439	0.00707
30	0.00989	0.00706	0.00942	0.01130	0.01177	0.00659	0.00753	0.01130	0.01554	0.02071	0.04472	0.70954	0.05367	0.02542	0.01036	0.00330	0.00471	0.02307	0.00753	0.00659
31	0.00989	0.00706	0.00942	0.01130	0.01177	0.00659	0.00753	0.01130	0.01554	0.02071	0.04472	0.70954	0.05367	0.02542	0.01036	0.00330	0.00471	0.02307	0.00753	0.00659
32	0.02038	0.02176	0.07042	0.07800	0.03671	0.02149	0.35557	0.11895	0.05137	0.02900	0.01672	0.02114	0.01272	0.00855	0.01123	0.00278	0.09879	0.00854	0.00478	0.01112
33	0.01180	0.00787	0.00885	0.00885	0.00885	0.00787	0.00492	0.01180	0.01180	0.01573	0.02557	0.05310	0.02950	0.71483	0.04130	0.00787	0.00787	0.01180	0.00492	0.00492
34	0.03641	0.01381	0.01883	0.01444	0.02071	0.01193	0.01193	0.03954	0.02322	0.66984	0.03201	0.02762	0.02009	0.01004	0.00816	0.00251	0.00690	0.00816	0.01004	0.01381
35	0.01532	0.01442	0.02434	0.69533	0.05589	0.01803	0.02253	0.02073	0.01622	0.02073	0.01442	0.02163	0.01082	0.00811	0.00811	0.00270	0.01082	0.00721	0.00361	0.00901
36	0.02068	0.01943	0.03248	0.08225	0.54512	0.01977	0.05455	0.07657	0.02005	0.02825	0.01563	0.02021	0.01279	0.00747	0.00812	0.00244	0.00985	0.00735	0.00435	0.01262
37	0.01910	0.01509	0.01757	0.01272	0.01981	0.01209	0.01023	0.07371	0.01899	0.06428	0.01583	0.01765	0.01262	0.00655	0.00631	0.00138	0.00631	0.00521	0.00538	0.65917
38	0.01148	0.00829	0.01085	0.01021	0.01212	0.00766	0.00766	0.01531	0.02297	0.03254	0.65994	0.06061	0.07656	0.01659	0.00957	0.00255	0.00383	0.01467	0.00893	0.00766
39	0.01627	0.04197	0.67279	0.02313	0.03512	0.01884	0.02998	0.02570	0.01713	0.02570	0.01456	0.01713	0.01028	0.00771	0.00771	0.00257	0.01199	0.00600	0.00343	0.01199
40	0.03358	0.01349	0.01812	0.01416	0.01999	0.01191	0.01160	0.03761	0.04956	0.58837	0.08595	0.03056	0.02513	0.01065	0.00829	0.00252	0.00662	0.00876	0.00987	0.01324
41	0.01674	0.09965	0.61916	0.02234	0.03390	0.01997	0.02861	0.02558	0.01708	0.02513	0.01428	0.01678	0.01029	0.00764	0.00750	0.00250	0.01171	0.00585	0.00343	0.01186
42	0.03085	0.02273	0.02435	0.01867	0.02516	0.02516	0.01542	0.63716	0.03815	0.05114	0.01948	0.01948	0.01380	0.00974	0.00812	0.00244	0.00893	0.00731	0.00812	0.01380
43	0.01148	0.00829	0.01085	0.01021	0.01212	0.00766	0.00766	0.01531	0.02297	0.03254	0.65994	0.06061	0.07656	0.01659	0.00957	0.00255	0.00383	0.01467	0.00893	0.00766
44	0.01627	0.04197	0.67279	0.02313	0.03512	0.01884	0.02998	0.02570	0.01713	0.02570	0.01456	0.01713	0.01028	0.00771	0.00771	0.00257	0.01199	0.00600	0.00343	0.01199
45	0.77215	0.01569	0.01193	0.01067	0.01569	0.01820	0.00879	0.02385	0.01381	0.03641	0.01130	0.01318	0.00879	0.00753	0.00502	0.00251	0.00628	0.00439	0.00502	0.00879
46	0.01148	0.00829	0.01085	0.01021	0.01212	0.00766	0.00766	0.01531	0.02297	0.03254	0.65994	0.06061	0.07656	0.01659	0.00957	0.00255	0.00383	0.01467	0.00893	0.00766
47	0.01075	0.00827	0.00983	0.00944	0.01167	0.00734	0.00708	0.01389	0.02123	0.02842	0.43587	0.06739	0.30320	0.01812	0.00958	0.00262	0.00394	0.01562	0.00839	0.00734
48	0.01552	0.01481	0.02555	0.66125	0.05519	0.01816	0.05410	0.02100	0.01638	0.02100	0.01452	0.02165	0.01089	0.00805	0.00819	0.00271	0.01096	0.00733	0.00363	0.00911
49	0.00959	0.00822	0.00822	0.00822	0.01096	0.00685	0.00617	0.01165	0.01850	0.02192	0.08220	0.07809	0.66092	0.02055	0.00959	0.00274	0.00411	0.01713	0.00754	0.00685
50	0.00989	0.00706	0.00942	0.01130	0.01177	0.00659	0.00753	0.01130	0.01554	0.02071	0.04472	0.70954	0.05367	0.02542	0.01036	0.00330	0.00471	0.02307	0.00753	0.00659
51	0.00989	0.00706	0.00942	0.01130	0.01177	0.00659	0.00753	0.01130	0.01554	0.02071	0.04472	0.70954	0.05367	0.02542	0.01036	0.00330	0.00471	0.02307	0.00753	0.00659
52	0.01627	0.04197	0.67279	0.02313	0.03512	0.01884	0.02998	0.02570	0.01713	0.02570	0.01456	0.01713	0.01028	0.00771	0.00771	0.00257	0.01199	0.00600	0.00343	0.01199
53	0.01714	0.01686	0.02369	0.02049	0.02063	0.02340	0.01700	0.01903	0.01249	0.01946	0.01175	0.01915	0.01160	0.01881	0.09137	0.00449	0.63305	0.00726	0.00363	0.00872
54	0.01159	0.00869	0.01304	0.01304	0.01449	0.01014	0.01014	0.01449	0.01304	0.01884	0.02173	0.03188	0.02029	0.06086	0.68268	0.01304	0.02173	0.00869	0.00435	0.00724
55	0.01159	0.00869	0.01304	0.01304	0.01449	0.01014	0.01014	0.01449	0.01304	0.01884	0.02173	0.03188	0.02029	0.06086	0.68268	0.01304	0.02173	0.00869	0.00435	0.00724
56	0.02008	0.01928	0.03294	0.04981	0.66422	0.01928	0.02490	0.02490	0.01848	0.02651	0.01526	0.02008	0.01285	0.00723	0.00803	0.00241	0.00964	0.00723	0.00402	0.01285

[dist]
# distance from previous block
# <min> <max>
0	1

[block]
# block no. 3 follows, 23 sequences, length 103
# corresponding to MSA columns:
# 89-191
name=unknown_D
#
# <colnr> <probs for GDERKNQSTAVLIFYWHMCP>
#	G	D	E	R	K	N	Q	S	T	A	V	L	I	F	Y	W	H	M	C	P
0	0.01627	0.04197	0.67279	0.02313	0.03512	0.01884	0.02998	0.02570	0.01713	0.02570	0.01456	0.01713	0.01028	0.00771	0.00771	0.00257	0.01199	0.00600	0.00343	0.01199
1	0.02013	0.01802	0.02075	0.01767	0.02242	0.04848	0.07186	0.08154	0.43529	0.03319	0.08471	0.03262	0.05421	0.01129	0.00850	0.00268	0.00735	0.00971	0.00769	0.01188
2	0.02169	0.71972	0.04252	0.01388	0.02083	0.03211	0.01388	0.02430	0.01649	0.01909	0.01128	0.01302	0.01041	0.00694	0.00521	0.00174	0.00868	0.00434	0.00347	0.01041
3	0.03005	0.03530	0.02306	0.02038	0.02496	0.55070	0.01554	0.13279	0.04715	0.02552	0.01440	0.01598	0.01150	0.00868	0.00748	0.00217	0.01341	0.00571	0.00497	0.01025
4	0.03085	0.02273	0.02435	0.01867	0.02516	0.02516	0.01542	0.63716	0.03815	0.05114	0.01948	0.01948	0.01380	0.00974	0.00812	0.00244	0.00893	0.00731	0.00812	0.01380
5	0.01148	0.00829	0.01085	0.01021	0.01212	0.00766	0.00766	0.01531	0.02297	0.03254	0.65994	0.06061	0.07656	0.01659	0.00957	0.00255	0.00383	0.01467	0.00893	0.00766
6	0.01532	0.01442	0.02434	0.69533	0.05589	0.01803	0.02253	0.02073	0.01622	0.02073	0.01442	0.02163	0.01082	0.00811	0.00811	0.00270	0.01082	0.00721	0.00361	0.00901
7	0.00989	0.00706	0.00942	0.01130	0.01177	0.00659	0.00753	0.01130	0.01554	0.02071	0.04472	0.70954	0.05367	0.02542	0.01036	0.00330	0.00471	0.02307	0.00753	0.00659
8	0.02008	0.01928	0.03294	0.04981	0.66422	0.01928	0.02490	0.02490	0.01848	0.02651	0.01526	0.02008	0.01285	0.00723	0.00803	0.00241	0.00964	0.00723	0.00402	0.01285
9	0.00959	0.00822	0.00822	0.00822	0.01096	0.00685	0.00617	0.01165	0.01850	0.02192	0.08220	0.07809	0.66092	0.02055	0.00959	0.00274	0.00411	0.01713	0.00754	0.00685
10	0.03641	0.01381	0.01883	0.01444	0.02071	0.01193	0.01193	0.03954	0.02322	0.66984	0.03201	0.02762	0.02009	0.01004	0.00816	0.00251	0.00690	0.00816	0.01004	0.01381
11	0.03085	0.02273	0.02435	0.01867	0.02516	0.02516	0.01542	0.63716	0.03815	0.05114	0.01948	0.01948	0.01380	0.00974	0.00812	0.00244	0.00893	0.00731	0.00812	0.01380
12	0.00996	0.00712	0.00948	0.01125	0.01179	0.00664	0.00754	0.01149	0.01590	0.02129	0.07462	0.67800	0.05478	0.02499	0.01032	0.00326	0.00466	0.02266	0.00760	0.00664
13	0.00984	0.00726	0.00921	0.01077	0.01163	0.00664	0.00730	0.01136	0.01604	0.02092	0.05112	0.60168	0.15739	0.02459	0.01023	0.00320	0.00461	0.02205	0.00753	0.00664
14	0.77215	0.01569	0.01193	0.01067	0.01569	0.01820	0.00879	0.02385	0.01381	0.03641	0.01130	0.01318	0.00879	0.00753	0.00502	0.00251	0.00628	0.00439	0.00502	0.00879
15	0.01062	0.00797	0.01070	0.01195	0.01252	0.00806	0.00831	0.01227	0.01596	0.02167	0.09642	0.60025	0.05245	0.02380	0.01151	0.00325	0.05694	0.02113	0.00736	0.00686
16	0.00989	0.00706	0.00942	0.01130	0.01177	0.00659	0.00753	0.01130	0.01554	0.02071	0.04472	0.70954	0.05367	0.02542	0.01036	0.00330	0.00471	0.02307	0.00753	0.00659
17	0.03043	0.02252	0.02412	0.01859	0.02500	0.02497	0.01532	0.61396	0.06203	0.05047	0.02001	0.01990	0.01423	0.00979	0.00812	0.00245	0.00883	0.00738	0.00812	0.01376
18	0.01990	0.01892	0.03131	0.07255	0.58329	0.01931	0.02374	0.02634	0.07405	0.02694	0.01680	0.02104	0.01382	0.00760	0.00806	0.00245	0.00940	0.00740	0.00437	0.01270
19	0.02018	0.01743	0.01835	0.01651	0.02110	0.02018	0.01284	0.04312	0.64956	0.03394	0.03303	0.03027	0.02477	0.01101	0.00826	0.00275	0.00642	0.00917	0.00826	0.01284
20	0.01956	0.02112	0.03447	0.05637	0.05832	0.09013	0.33371	0.02480	0.01874	0.02524	0.01528	0.01953	0.01198	0.00684	0.00816	0.00220	0.01126	0.00751	0.00429	0.23050
21	0.66507	0.05183	0.01446	0.01180	0.01684	0.08233	0.00969	0.02469	0.01482	0.03399	0.01142	0.01331	0.00903	0.00758	0.00525	0.00243	0.00719	0.00447	0.00487	0.00893
22	0.01180	0.00787	0.00885	0.00885	0.00885	0.00787	0.00492	0.01180	0.01180	0.01573	0.02557	0.05310	0.02950	0.71483	0.04130	0.00787	0.00787	0.01180	0.00492	0.00492
23	0.02835	0.02256	0.02272	0.06905	0.02628	0.11066	0.01521	0.39003	0.08508	0.08856	0.04528	0.02213	0.01698	0.00983	0.00808	0.00245	0.00927	0.00753	0.00744	0.01253
24	0.01859	0.01547	0.01777	0.01286	0.01998	0.01262	0.01035	0.09813	0.01951	0.02955	0.01506	0.01716	0.01224	0.00648	0.00627	0.00136	0.00638	0.00512	0.00522	0.66987
25	0.02118	0.65495	0.10275	0.01477	0.02219	0.03084	0.01542	0.02443	0.01655	0.01972	0.01159	0.01341	0.01040	0.00702	0.00545	0.00182	0.00899	0.00450	0.00347	0.01056
26	0.01663	0.00901	0.00917	0.00862	0.01095	0.00924	0.00660	0.07799	0.01904	0.03225	0.02580	0.02922	0.02013	0.00948	0.00591	0.00194	0.00427	0.00754	0.68804	0.00816
27	0.00975	0.00823	0.00844	0.00839	0.01106	0.00692	0.00629	0.01196	0.01888	0.02282	0.13139	0.07660	0.61117	0.02021	0.00959	0.00272	0.00409	0.01692	0.00765	0.00692
28	0.01127	0.00815	0.01051	0.01017	0.01189	0.00753	0.00746	0.01462	0.02157	0.03022	0.54893	0.12301	0.09646	0.04875	0.01106	0.00287	0.00410	0.01545	0.00856	0.00740
29	0.02081	0.60894	0.14553	0.01539	0.02316	0.02994	0.01651	0.02453	0.01659	0.02017	0.01182	0.01369	0.01039	0.00707	0.00562	0.00187	0.00922	0.00461	0.00346	0.01067
30	0.02169	0.71972	0.04252	0.01388	0.02083	0.03211	0.01388	0.02430	0.01649	0.01909	0.01128	0.01302	0.01041	0.00694	0.00521	0.00174	0.00868	0.00434	0.00347	0.01041
31	0.02262	0.01223	0.01531	0.01316	0.01709	0.01186	0.01026	0.04910	0.12954	0.26536	0.22462	0.09894	0.04124	0.03861	0.00998	0.00282	0.00579	0.01174	0.00893	0.01081
32	0.00979	0.00812	0.00857	0.00869	0.01114	0.00690	0.00643	0.01194	0.01861	0.02274	0.12957	0.13689	0.55135	0.02067	0.00966	0.00278	0.00414	0.01748	0.00766	0.00690
33	0.02953	0.03358	0.02286	0.02007	0.02475	0.49126	0.01538	0.15539	0.08132	0.02741	0.01575	0.01699	0.01239	0.00887	0.00756	0.00222	0.01276	0.00599	0.00533	0.01060
34	0.02161	0.01711	0.01839	0.01633	0.02107	0.01945	0.01276	0.04280	0.59432	0.09003	0.03294	0.03004	0.02436	0.01092	0.00825	0.00273	0.00646	0.00908	0.00841	0.01293
35	0.01021	0.00725	0.00949	0.01097	0.01152	0.00681	0.00729	0.01170	0.01583	0.02128	0.09715	0.58957	0.05338	0.09053	0.01324	0.00367	0.00493	0.02125	0.00741	0.00652
36	0.18071	0.02847	0.02044	0.01770	0.02255	0.35367	0.01379	0.16332	0.02447	0.05368	0.03873	0.01759	0.01367	0.00886	0.00714	0.00228	0.01100	0.00597	0.00560	0.01034
37	0.02842	0.03339	0.02260	0.02014	0.02438	0.50249	0.01538	0.08907	0.10656	0.02459	0.01580	0.01730	0.01266	0.00912	0.00845	0.00228	0.04607	0.00603	0.00505	0.01024
38	0.01697	0.12884	0.59200	0.02194	0.03329	0.02054	0.02792	0.02552	0.01705	0.02485	0.01414	0.01660	0.01030	0.00761	0.00739	0.00246	0.01157	0.00578	0.00343	0.01179
39	0.02030	0.01990	0.03205	0.08144	0.60468	0.04879	0.02437	0.02502	0.01856	0.02592	0.01510	0.01992	0.01264	0.00733	0.00801	0.00241	0.00992	0.00714	0.00400	0.01250
40	0.03085	0.02273	0.02435	0.01867	0.02516	0.02516	0.01542	0.63716	0.03815	0.05114	0.01948	0.01948	0.01380	0.00974	0.00812	0.00244	0.00893	0.00731	0.00812	0.01380
41	0.01936	0.02043	0.02462	0.02125	0.02179	0.10912	0.01749	0.02118	0.01378	0.01957	0.01089	0.01735	0.01063	0.01345	0.02415	0.00336	0.61213	0.00686	0.00363	0.00894
42	0.01915	0.02189	0.04788	0.03420	0.04241	0.02052	0.63475	0.02599	0.01915	0.02599	0.01642	0.02189	0.01231	0.00684	0.00958	0.00274	0.01368	0.00958	0.00410	0.01094
43	0.01393	0.01007	0.01255	0.01183	0.01391	0.00910	0.00869	0.01696	0.02405	0.03417	0.63701	0.06211	0.07623	0.01779	0.01045	0.00297	0.00470	0.01508	0.00955	0.00887
44	0.00989	0.00706	0.00942	0.01130	0.01177	0.00659	0.00753	0.01130	0.01554	0.02071	0.04472	0.70954	0.05367	0.02542	0.01036	0.00330	0.00471	0.02307	0.00753	0.00659
45	0.03641	0.01381	0.01883	0.01444	0.02071	0.01193	0.01193	0.03954	0.02322	0.66984	0.03201	0.02762	0.02009	0.01004	0.00816	0.00251	0.00690	0.00816	0.01004	0.01381
46	0.01915	0.02189	0.04788	0.03420	0.04241	0.02052	0.63475	0.02599	0.01915	0.02599	0.01642	0.02189	0.01231	0.00684	0.00958	0.00274	0.01368	0.00958	0.00410	0.01094
47	0.00989	0.00706	0.00942	0.01130	0.01177	0.00659	0.00753	0.01130	0.01554	0.02071	0.04472	0.70954	0.05367	0.02542	0.01036	0.00330	0.00471	0.02307	0.00753	0.00659
48	0.00989	0.00706	0.00942	0.01130	0.01177	0.00659	0.00753	0.01130	0.01554	0.02071	0.04472	0.70954	0.05367	0.02542	0.01036	0.00330	0.00471	0.02307	0.00753	0.00659
49	0.05001	0.64006	0.04002	0.01432	0.02067	0.03103	0.01398	0.02392	0.01608	0.01978	0.01123	0.01338	0.01037	0.00751	0.00681	0.00190	0.06060	0.00455	0.00354	0.01024
50	0.02242	0.01854	0.01961	0.01697	0.02195	0.02123	0.01339	0.16789	0.52114	0.03755	0.03018	0.02801	0.02247	0.01074	0.00823	0.00269	0.00695	0.00878	0.00823	0.01304
51	0.00989	0.00706	0.00942	0.01130	0.01177	0.00659	0.00753	0.01130	0.01554	0.02071	0.04472	0.70954	0.05367	0.02542	0.01036	0.00330	0.00471	0.02307	0.00753	0.00659
52	0.00989	0.00706	0.00942	0.01130	0.01177	0.00659	0.00753	0.01130	0.01554	0.02071	0.04472	0.70954	0.05367	0.02542	0.01036	0.00330	0.00471	0.02307	0.00753	0.00659
53	0.01315	0.00926	0.01158	0.01090	0.01320	0.00882	0.00819	0.01832	0.07735	0.06068	0.48605	0.10653	0.11118	0.01675	0.00945	0.00264	0.00429	0.01470	0.00871	0.00826
54	0.00976	0.00823	0.00845	0.00840	0.01106	0.00692	0.00630	0.01197	0.01889	0.02286	0.13316	0.07655	0.60938	0.02020	0.00959	0.00272	0.00409	0.01691	0.00766	0.00692
55	0.77215	0.01569	0.01193	0.01067	0.01569	0.01820	0.00879	0.02385	0.01381	0.03641	0.01130	0.01318	0.00879	0.00753	0.00502	0.00251	0.00628	0.00439	0.00502	0.00879
56	0.05770	0.01820	0.01916	0.01657	0.02158	0.02072	0.01309	0.15041	0.48765	0.05832	0.02951	0.02742	0.02187	0.01058	0.00808	0.00268	0.00689	0.00858	0.00814	0.01286
57	0.01909	0.02171	0.04688	0.03364	0.04149	0.02071	0.60787	0.02571	0.01886	0.02571	0.01616	0.02171	0.01224	0.00716	0.01032	0.00277	0.04357	0.00947	0.00408	0.01085
58	0.00997	0.00712	0.00949	0.01124	0.01179	0.00665	0.00754	0.01150	0.01591	0.02132	0.07610	0.67644	0.05483	0.02497	0.01032	0.00326	0.00466	0.02264	0.00760	0.00665
59	0.01775	0.01505	0.01730	0.01268	0.01966	0.01221	0.01014	0.05187	0.06546	0.02820	0.01607	0.01797	0.01306	0.00657	0.00628	0.00138	0.00618	0.00526	0.00523	0.67170
60	0.01801	0.22584	0.44504	0.02157	0.03185	0.02262	0.07891	0.02534	0.01713	0.02391	0.01383	0.01642	0.01049	0.00742	0.00719	0.00236	0.01123	0.00586	0.00350	0.01147
61	0.08841	0.02412	0.02332	0.02055	0.07170	0.13138	0.01545	0.39881	0.07826	0.04171	0.01840	0.01904	0.01361	0.00925	0.00774	0.00241	0.00952	0.00687	0.00693	0.01254
62	0.01715	0.01317	0.01654	0.01299	0.01848	0.01102	0.03433	0.02201	0.06421	0.07982	0.10299	0.09453	0.05045	0.01051	0.00750	0.00191	0.00595	0.00907	0.00634	0.42103
63	0.03215	0.01758	0.02007	0.01581	0.02176	0.05018	0.01290	0.20665	0.07025	0.38806	0.02991	0.02721	0.04824	0.01043	0.00818	0.00250	0.00771	0.00826	0.00896	0.01319
64	0.01131	0.00825	0.01066	0.01038	0.01225	0.00760	0.00781	0.01482	0.02188	0.03047	0.54085	0.11103	0.11638	0.01782	0.00971	0.00268	0.00410	0.04581	0.00865	0.00751
65	0.08244	0.01456	0.02107	0.47328	0.04333	0.01756	0.01853	0.02397	0.11925	0.02435	0.02222	0.02650	0.06135	0.00946	0.00797	0.00270	0.00920	0.00802	0.00478	0.00946
66	0.01651	0.01720	0.03313	0.08305	0.03290	0.01800	0.33077	0.02110	0.01687	0.02319	0.02149	0.17404	0.02108	0.01242	0.01273	0.00301	0.13643	0.01192	0.00472	0.00943
67	0.01524	0.01423	0.02392	0.66988	0.05442	0.01770	0.02218	0.02059	0.01632	0.02086	0.01549	0.02425	0.01216	0.00865	0.00823	0.00274	0.01069	0.02975	0.00375	0.00896
68	0.00989	0.00706	0.00942	0.01130	0.01177	0.00659	0.00753	0.01130	0.01554	0.02071	0.04472	0.70954	0.05367	0.02542	0.01036	0.00330	0.00471	0.02307	0.00753	0.00659
69	0.01311	0.00913	0.01044	0.00977	0.01252	0.00819	0.00736	0.01663	0.04811	0.08254	0.24866	0.06498	0.36776	0.05147	0.01093	0.00291	0.00455	0.01498	0.00809	0.00788
70	0.01771	0.17515	0.47053	0.02263	0.03315	0.02170	0.10044	0.02545	0.01725	0.02441	0.01413	0.01689	0.01055	0.00745	0.00744	0.00242	0.01153	0.00610	0.00352	0.01155
71	0.01148	0.00829	0.01085	0.01021	0.01212	0.00766	0.00766	0.01531	0.02297	0.03254	0.65994	0.06061	0.07656	0.01659	0.00957	0.00255	0.00383	0.01467	0.00893	0.00766
72	0.03599	0.01448	0.01925	0.01476	0.02105	0.01292	0.01219	0.08451	0.02435	0.62328	0.03107	0.02701	0.01961	0.01002	0.00816	0.00251	0.00706	0.00810	0.00990	0.01381
73	0.01458	0.00835	0.00991	0.06909	0.01435	0.00889	0.00787	0.01837	0.01632	0.02760	0.02466	0.02975	0.01984	0.01747	0.11306	0.00373	0.00724	0.00771	0.57357	0.00764
74	0.02001	0.01948	0.03406	0.04863	0.61743	0.01937	0.07079	0.02498	0.01853	0.02647	0.01535	0.02022	0.01281	0.00720	0.00815	0.00243	0.00994	0.00741	0.00402	0.01271
75	0.01708	0.01684	0.02354	0.02045	0.02049	0.02330	0.01688	0.01883	0.01269	0.01963	0.01355	0.07665	0.01431	0.01516	0.02524	0.00353	0.64078	0.00846	0.00389	0.00868
76	0.00989	0.00706	0.00942	0.01130	0.01177	0.00659	0.00753	0.01130	0.01554	0.02071	0.04472	0.70954	0.05367	0.02542	0.01036	0.00330	0.00471	0.02307	0.00753	0.00659
77	0.03017	0.02227	0.02468	0.01905	0.02542	0.04754	0.04488	0.50687	0.06666	0.09813	0.02079	0.02063	0.01468	0.00964	0.00817	0.00246	0.00907	0.00750	0.00794	0.01345
78	0.02355	0.57844	0.03884	0.01485	0.02171	0.03070	0.01420	0.14852	0.02088	0.02559	0.01294	0.01433	0.01110	0.00751	0.00580	0.00188	0.00873	0.00494	0.00441	0.01110
79	0.02161	0.01689	0.01836	0.01616	0.02098	0.01885	0.01273	0.06310	0.52146	0.09000	0.03197	0.03123	0.02417	0.01106	0.00825	0.00269	0.00658	0.03017	0.00823	0.04551
80	0.01444	0.01173	0.01503	0.01427	0.01623	0.04344	0.01121	0.07047	0.01569	0.02176	0.02061	0.02935	0.01883	0.05182	0.56245	0.01117	0.05053	0.00834	0.00464	0.00800
81	0.01180	0.00787	0.00885	0.00885	0.00885	0.00787	0.00492	0.01180	0.01180	0.01573	0.02557	0.05310	0.02950	0.71483	0.04130	0.00787	0.00787	0.01180	0.00492	0.00492
82	0.77215	0.01569	0.01193	0.01067	0.01569	0.01820	0.00879	0.02385	0.01381	0.03641	0.01130	0.01318	0.00879	0.00753	0.00502	0.00251	0.00628	0.00439	0.00502	0.00879
83	0.01148	0.00829	0.01085	0.01021	0.01212	0.00766	0.00766	0.01531	0.02297	0.03254	0.65994	0.06061	0.07656	0.01659	0.00957	0.00255	0.00383	0.01467	0.00893	0.00766
84	0.01532	0.01442	0.02434	0.69533	0.05589	0.01803	0.02253	0.02073	0.01622	0.02073	0.01442	0.02163	0.01082	0.00811	0.00811	0.00270	0.01082	0.00721	0.00361	0.00901
85	0.02942	0.03680	0.02258	0.02052	0.02473	0.62386	0.01543	0.03335	0.07826	0.02110	0.01435	0.01601	0.01171	0.00860	0.00740	0.00215	0.01391	0.00557	0.00454	0.00971
86	0.02085	0.02074	0.03219	0.04763	0.61613	0.06916	0.02421	0.02547	0.01882	0.02601	0.01506	0.01967	0.01267	0.00731	0.00798	0.00239	0.01002	0.00708	0.00403	0.01259
87	0.01513	0.00756	0.00756	0.00756	0.00945	0.00756	0.00567	0.01891	0.01702	0.03025	0.02647	0.03025	0.02080	0.00945	0.00567	0.00189	0.00378	0.00756	0.75988	0.00756
88	0.00989	0.00706	0.00942	0.01130	0.01177	0.00659	0.00753	0.01130	0.01554	0.02071	0.04472	0.70954	0.05367	0.02542	0.01036	0.00330	0.00471	0.02307	0.00753	0.00659
89	0.01915	0.02189	0.04788	0.03420	0.04241	0.02052	0.63475	0.02599	0.01915	0.02599	0.01642	0.02189	0.01231	0.00684	0.00958	0.00274	0.01368	0.00958	0.00410	0.01094
90	0.00989	0.00706	0.00942	0.01130	0.01177	0.00659	0.00753	0.01130	0.01554	0.02071	0.04472	0.70954	0.05367	0.02542	0.01036	0.00330	0.00471	0.02307	0.00753	0.00659
91	0.00998	0.00710	0.00939	0.01117	0.01162	0.00666	0.00740	0.01132	0.01534	0.02046	0.04375	0.67606	0.05243	0.06058	0.01194	0.00353	0.00487	0.02249	0.00740	0.00651
92	0.77215	0.01569	0.01193	0.01067	0.01569	0.01820	0.00879	0.02385	0.01381	0.03641	0.01130	0.01318	0.00879	0.00753	0.00502	0.00251	0.00628	0.00439	0.00502	0.00879
93	0.04861	0.00859	0.00954	0.06866	0.01402	0.00909	0.00746	0.01877	0.01639	0.02851	0.02448	0.02987	0.01976	0.04435	0.03700	0.00275	0.00549	0.00764	0.59142	0.00761
94	0.01015	0.00726	0.00965	0.01112	0.01183	0.00676	0.00755	0.01195	0.01675	0.02265	0.14527	0.60348	0.05741	0.02398	0.01023	0.00317	0.00456	0.02170	0.00776	0.00676
95	0.77215	0.01569	0.01193	0.01067	0.01569	0.01820	0.00879	0.02385	0.01381	0.03641	0.01130	0.01318	0.00879	0.00753	0.00502	0.00251	0.00628	0.00439	0.00502	0.00879
96	0.02016	0.01591	0.01637	0.01485	0.01857	0.07789	0.01150	0.11142	0.17046	0.08675	0.08560	0.17857	0.05407	0.01494	0.00886	0.00273	0.00700	0.05519	0.00769	0.04149
97	0.01220	0.00902	0.01150	0.01087	0.01298	0.00866	0.00826	0.01746	0.06995	0.03232	0.58867	0.05954	0.07150	0.01640	0.00954	0.00261	0.00417	0.03750	0.00882	0.00804
98	0.02173	0.58624	0.11651	0.01535	0.02286	0.03000	0.01592	0.07058	0.01819	0.02229	0.01229	0.01399	0.01065	0.00724	0.00572	0.00189	0.00909	0.00476	0.00382	0.01086
99	0.14616	0.01766	0.02317	0.02770	0.25802	0.01866	0.01668	0.07355	0.17870	0.12598	0.02183	0.02258	0.01631	0.00882	0.00762	0.00253	0.00783	0.00740	0.00641	0.01239
100	0.01868	0.01707	0.07528	0.01392	0.02083	0.01280	0.01217	0.05089	0.01807	0.07538	0.01702	0.04539	0.01415	0.00781	0.00759	0.00168	0.04041	0.00612	0.00528	0.53947
101	0.01362	0.00827	0.01097	0.01169	0.01323	0.00748	0.00818	0.01543	0.01682	0.10442	0.06245	0.57186	0.04841	0.02235	0.00987	0.00308	0.00501	0.02012	0.00779	0.03891
102	0.11304	0.02258	0.01995	0.01662	0.02210	0.16152	0.01316	0.18871	0.16914	0.06092	0.01997	0.02016	0.01503	0.00897	0.00732	0.00227	0.00878	0.00664	0.00656	0.11654

[dist]
# distance from previous block
# <min> <max>
1	20

[block]
# block no. 4 follows, 23 sequences, length 30
# corresponding to MSA columns:
# 320-349
name=unknown_E
#
# <colnr> <probs for GDERKNQSTAVLIFYWHMCP>
#	G	D	E	R	K	N	Q	S	T	A	V	L	I	F	Y	W	H	M	C	P
0	0.18109	0.04208	0.01728	0.01411	0.01868	0.01647	0.03472	0.08157	0.18752	0.10187	0.03363	0.10375	0.10956	0.01259	0.00788	0.00266	0.00653	0.01029	0.00723	0.01050
1	0.40261	0.01463	0.01396	0.01221	0.01679	0.01600	0.00990	0.07876	0.06895	0.09921	0.11618	0.02908	0.04801	0.01067	0.00695	0.00259	0.00618	0.03074	0.00682	0.00976
2	0.36896	0.01460	0.01493	0.01218	0.01754	0.01491	0.00997	0.02694	0.01696	0.20123	0.01815	0.01879	0.01310	0.00831	0.00696	0.00229	0.03515	0.00575	0.04789	0.14539
3	0.01734	0.01115	0.01593	0.01383	0.01703	0.01048	0.06305	0.06518	0.02168	0.13870	0.26575	0.21867	0.07439	0.01659	0.00943	0.00275	0.00582	0.01487	0.00822	0.00914
4	0.01621	0.01551	0.02682	0.56797	0.14179	0.01834	0.05569	0.02161	0.01670	0.02184	0.01465	0.02143	0.01119	0.00792	0.00818	0.00266	0.01080	0.00734	0.00369	0.00966
5	0.02141	0.68455	0.07523	0.01436	0.02157	0.03142	0.01472	0.02437	0.01652	0.01943	0.01145	0.01323	0.01041	0.00698	0.00534	0.00178	0.00885	0.00442	0.00347	0.01049
6	0.01286	0.00860	0.01129	0.01044	0.01260	0.00789	0.00789	0.01665	0.02298	0.06769	0.62530	0.05879	0.07345	0.01623	0.00949	0.00255	0.00400	0.01432	0.00899	0.00800
7	0.01845	0.02032	0.04241	0.03051	0.03824	0.01872	0.53148	0.02465	0.01871	0.02580	0.01748	0.05298	0.01418	0.00760	0.00919	0.00258	0.01235	0.00963	0.00435	0.10037
8	0.06000	0.02338	0.02282	0.01827	0.02418	0.09468	0.01480	0.46101	0.12383	0.04469	0.02035	0.02026	0.01482	0.00968	0.00792	0.00245	0.00907	0.00723	0.00759	0.01298
9	0.01000	0.00796	0.00897	0.00931	0.01136	0.00693	0.00676	0.01222	0.01858	0.02352	0.17615	0.22646	0.41112	0.02101	0.00977	0.00284	0.00420	0.01811	0.00778	0.00693
10	0.00969	0.00822	0.00836	0.00832	0.01102	0.00689	0.00624	0.01184	0.01873	0.02247	0.11228	0.07718	0.63050	0.02034	0.00959	0.00273	0.00410	0.01700	0.00761	0.00689
11	0.03085	0.02273	0.02435	0.01867	0.02516	0.02516	0.01542	0.63716	0.03815	0.05114	0.01948	0.01948	0.01380	0.00974	0.00812	0.00244	0.00893	0.00731	0.00812	0.01380
12	0.02279	0.59734	0.03884	0.01495	0.02141	0.11957	0.01408	0.02620	0.04460	0.01983	0.01239	0.01398	0.01104	0.00731	0.00562	0.00183	0.00939	0.00467	0.00377	0.01038
13	0.01160	0.00865	0.01280	0.01280	0.01416	0.01001	0.00984	0.01433	0.01297	0.01866	0.02196	0.03311	0.02082	0.09876	0.64551	0.01274	0.02093	0.00887	0.00438	0.00711
14	0.01180	0.00787	0.00885	0.00885	0.00885	0.00787	0.00492	0.01180	0.01180	0.01573	0.02557	0.05310	0.02950	0.71483	0.04130	0.00787	0.00787	0.01180	0.00492	0.00492
15	0.33828	0.01774	0.01912	0.01552	0.02106	0.04387	0.06586	0.11970	0.08321	0.14430	0.04377	0.02092	0.01603	0.00895	0.00700	0.00253	0.00767	0.00682	0.00669	0.01096
16	0.02169	0.71972	0.04252	0.01388	0.02083	0.03211	0.01388	0.02430	0.01649	0.01909	0.01128	0.01302	0.01041	0.00694	0.00521	0.00174	0.00868	0.00434	0.00347	0.01041
17	0.01915	0.02189	0.04788	0.03420	0.04241	0.02052	0.63475	0.02599	0.01915	0.02599	0.01642	0.02189	0.01231	0.00684	0.00958	0.00274	0.01368	0.00958	0.00410	0.01094
18	0.02136	0.67838	0.08096	0.01445	0.02170	0.03130	0.01487	0.02438	0.01653	0.01949	0.01148	0.01327	0.01040	0.00699	0.00536	0.00179	0.00888	0.00444	0.00347	0.01051
19	0.01683	0.01442	0.01683	0.01202	0.01923	0.01082	0.00961	0.02043	0.01683	0.02644	0.01442	0.01683	0.01202	0.00601	0.00601	0.00120	0.00601	0.00481	0.00481	0.76444
20	0.01532	0.01442	0.02434	0.69533	0.05589	0.01803	0.02253	0.02073	0.01622	0.02073	0.01442	0.02163	0.01082	0.00811	0.00811	0.00270	0.01082	0.00721	0.00361	0.00901
21	0.01148	0.00829	0.01085	0.01021	0.01212	0.00766	0.00766	0.01531	0.02297	0.03254	0.65994	0.06061	0.07656	0.01659	0.00957	0.00255	0.00383	0.01467	0.00893	0.00766
22	0.01532	0.01442	0.02434	0.69533	0.05589	0.01803	0.02253	0.02073	0.01622	0.02073	0.01442	0.02163	0.01082	0.00811	0.00811	0.00270	0.01082	0.00721	0.00361	0.00901
23	0.02018	0.01743	0.01835	0.01651	0.02110	0.02018	0.01284	0.04312	0.64956	0.03394	0.03303	0.03027	0.02477	0.01101	0.00826	0.00275	0.00642	0.00917	0.00826	0.01284
24	0.03612	0.01427	0.01912	0.01466	0.02094	0.01261	0.01211	0.07050	0.02400	0.63779	0.03136	0.02720	0.01976	0.01003	0.00816	0.00251	0.00701	0.00812	0.00994	0.01381
25	0.03585	0.01470	0.01938	0.01486	0.02116	0.01325	0.01228	0.09927	0.02472	0.60801	0.03076	0.02681	0.01946	0.01001	0.00816	0.00250	0.00711	0.00807	0.00985	0.01381
26	0.00970	0.00779	0.00867	0.00937	0.01126	0.00675	0.00668	0.01152	0.01739	0.02147	0.06816	0.31466	0.43341	0.02238	0.00988	0.00295	0.00433	0.01935	0.00753	0.00675
27	0.02008	0.01928	0.03294	0.04981	0.66422	0.01928	0.02490	0.02490	0.01848	0.02651	0.01526	0.02008	0.01285	0.00723	0.00803	0.00241	0.00964	0.00723	0.00402	0.01285
28	0.03641	0.01381	0.01883	0.01444	0.02071	0.01193	0.01193	0.03954	0.02322	0.66984	0.03201	0.02762	0.02009	0.01004	0.00816	0.00251	0.00690	0.00816	0.01004	0.01381
29	0.01308	0.00934	0.01308	0.01494	0.01681	0.00934	0.01308	0.01681	0.01868	0.02428	0.04296	0.09153	0.04670	0.02242	0.01121	0.00374	0.00747	0.60960	0.00747	0.00747

[dist]
# distance from previous block
# <min> <max>
0	26

[block]
# block no. 5 follows, 23 sequences, length 374
# corresponding to MSA columns:
# 376-749
name=unknown_F
#
# <colnr> <probs for GDERKNQSTAVLIFYWHMCP>
#	G	D	E	R	K	N	Q	S	T	A	V	L	I	F	Y	W	H	M	C	P
0	0.00989	0.00706	0.00942	0.01130	0.01177	0.00659	0.00753	0.01130	0.01554	0.02071	0.04472	0.70954	0.05367	0.02542	0.01036	0.00330	0.00471	0.02307	0.00753	0.00659
1	0.01915	0.02189	0.04788	0.03420	0.04241	0.02052	0.63475	0.02599	0.01915	0.02599	0.01642	0.02189	0.01231	0.00684	0.00958	0.00274	0.01368	0.00958	0.00410	0.01094
2	0.00989	0.00706	0.00942	0.01130	0.01177	0.00659	0.00753	0.01130	0.01554	0.02071	0.04472	0.70954	0.05367	0.02542	0.01036	0.00330	0.00471	0.02307	0.00753	0.00659
3	0.01775	0.01775	0.02485	0.02130	0.02130	0.02485	0.01775	0.01953	0.01243	0.01953	0.01065	0.01775	0.01065	0.01420	0.02663	0.00355	0.69998	0.00710	0.00355	0.00888
4	0.04899	0.13537	0.52783	0.02111	0.03186	0.02097	0.02619	0.05270	0.01784	0.02635	0.01418	0.01649	0.01039	0.00768	0.00726	0.00244	0.01115	0.00575	0.00371	0.01172
5	0.05216	0.01448	0.02373	0.66201	0.05393	0.01804	0.02187	0.02088	0.01611	0.02149	0.01427	0.02122	0.01072	0.00808	0.00796	0.00269	0.01060	0.00707	0.00367	0.00900
6	0.73634	0.01560	0.01226	0.01085	0.01594	0.01790	0.00894	0.02462	0.01427	0.06724	0.01231	0.01388	0.00934	0.00765	0.00517	0.00251	0.00631	0.00458	0.00527	0.00903
7	0.01287	0.00939	0.01265	0.01415	0.01605	0.00938	0.01198	0.01719	0.04706	0.02469	0.07447	0.14355	0.07547	0.02181	0.01084	0.00355	0.00684	0.47286	0.00759	0.00761
8	0.02009	0.01920	0.03228	0.04832	0.63552	0.01932	0.02436	0.02572	0.04663	0.02684	0.01606	0.02054	0.01338	0.00740	0.00804	0.00243	0.00950	0.00732	0.00421	0.01285
9	0.00967	0.00791	0.00854	0.00904	0.01118	0.00678	0.00653	0.01155	0.01771	0.02160	0.07220	0.24662	0.49885	0.02185	0.00979	0.00289	0.00427	0.01871	0.00753	0.00678
10	0.01862	0.02033	0.03919	0.02934	0.03445	0.02215	0.40203	0.02355	0.01662	0.02355	0.01424	0.02033	0.01169	0.00962	0.01601	0.00304	0.27254	0.00864	0.00390	0.01016
11	0.01913	0.05429	0.07805	0.03275	0.04108	0.02096	0.57735	0.02590	0.01893	0.02567	0.01609	0.02126	0.01213	0.00689	0.00929	0.00268	0.01337	0.00917	0.00404	0.01097
12	0.01576	0.04395	0.01446	0.01221	0.01601	0.01364	0.00955	0.02641	0.27394	0.05758	0.08287	0.05270	0.31824	0.01541	0.00879	0.00268	0.00537	0.01281	0.00783	0.00980
13	0.01193	0.00869	0.00924	0.00884	0.01183	0.00732	0.00672	0.01416	0.01911	0.07679	0.10617	0.07300	0.57866	0.01948	0.00947	0.00271	0.00433	0.01625	0.00781	0.00747
14	0.01159	0.00869	0.01304	0.01304	0.01449	0.01014	0.01014	0.01449	0.01304	0.01884	0.02173	0.03188	0.02029	0.06086	0.68268	0.01304	0.02173	0.00869	0.00435	0.00724
15	0.02358	0.24170	0.22449	0.01917	0.02684	0.20064	0.01941	0.10819	0.02129	0.02553	0.01369	0.01554	0.01083	0.00792	0.00691	0.00217	0.01130	0.00547	0.00426	0.01107
16	0.01915	0.02189	0.04788	0.03420	0.04241	0.02052	0.63475	0.02599	0.01915	0.02599	0.01642	0.02189	0.01231	0.00684	0.00958	0.00274	0.01368	0.00958	0.00410	0.01094
17	0.03641	0.01381	0.01883	0.01444	0.02071	0.01193	0.01193	0.03954	0.02322	0.66984	0.03201	0.02762	0.02009	0.01004	0.00816	0.00251	0.00690	0.00816	0.01004	0.01381
18	0.01513	0.00756	0.00756	0.00756	0.00945	0.00756	0.00567	0.01891	0.01702	0.03025	0.02647	0.03025	0.02080	0.00945	0.00567	0.00189	0.00378	0.00756	0.75988	0.00756
19	0.01740	0.01670	0.02883	0.40768	0.29827	0.01864	0.05108	0.02263	0.01726	0.02328	0.01485	0.02103	0.01170	0.00770	0.00815	0.00259	0.01048	0.00733	0.00379	0.01063
