[name]
unknown

[dist]
# distance from previous block
# <min> <max>
0	19

[block]
# block no. 0 follows, 25 sequences, length 24
# corresponding to MSA columns:
# 19-42
name=unknown_A
#
# <colnr> <probs for GDERKNQSTAVLIFYWHMCP>
#	G	D	E	R	K	N	Q	S	T	A	V	L	I	F	Y	W	H	M	C	P
0	0.20964	0.01110	0.01359	0.10235	0.02058	0.01216	0.01261	0.01827	0.01636	0.02573	0.02982	0.05975	0.03096	0.01603	0.00882	0.00314	0.00726	0.38814	0.00607	0.00765
1	0.01110	0.00818	0.00998	0.01093	0.01179	0.00823	0.00731	0.01480	0.09751	0.02040	0.03738	0.48956	0.04279	0.17319	0.01597	0.00402	0.00536	0.01803	0.00675	0.00672
2	0.01408	0.01259	0.01953	0.44142	0.03767	0.01558	0.01664	0.01748	0.01396	0.01844	0.01604	0.02789	0.01488	0.19257	0.01813	0.00395	0.09980	0.00800	0.00376	0.00760
3	0.11468	0.19766	0.02618	0.44134	0.03991	0.02069	0.01773	0.02106	0.01527	0.02133	0.01263	0.01753	0.00999	0.00739	0.00666	0.00232	0.00926	0.00584	0.00359	0.00893
4	0.01119	0.01004	0.01207	0.01143	0.01310	0.01091	0.00889	0.01301	0.01583	0.02021	0.05647	0.14298	0.42557	0.01868	0.01342	0.00288	0.18542	0.01464	0.00623	0.00701
5	0.01237	0.01102	0.01155	0.01240	0.01354	0.09570	0.00883	0.01416	0.01515	0.01923	0.03317	0.45459	0.03783	0.03086	0.18519	0.00538	0.00988	0.01634	0.00601	0.00680
6	0.01736	0.01925	0.04121	0.02974	0.03681	0.01803	0.56840	0.02353	0.01877	0.02564	0.10028	0.02566	0.01964	0.00773	0.00915	0.00259	0.01186	0.00978	0.00451	0.01005
7	0.01709	0.01220	0.01557	0.05509	0.01951	0.01299	0.01286	0.17848	0.02148	0.02832	0.03019	0.05777	0.03059	0.01823	0.01230	0.10209	0.00763	0.35274	0.00660	0.00829
8	0.01833	0.02265	0.18883	0.01740	0.02359	0.01896	0.01646	0.03694	0.49922	0.03042	0.02705	0.02572	0.02013	0.00971	0.00776	0.00259	0.00750	0.00799	0.00671	0.01206
9	0.01630	0.01460	0.01804	0.01375	0.01888	0.01377	0.01118	0.01930	0.01500	0.02358	0.01286	0.01630	0.01115	0.00774	0.01078	0.00172	0.18670	0.00515	0.00429	0.57890
10	0.78228	0.01499	0.01140	0.01020	0.01499	0.01739	0.00840	0.02279	0.01320	0.03479	0.01080	0.01260	0.00840	0.00720	0.00480	0.00240	0.00600	0.00420	0.00480	0.00840
11	0.01826	0.02397	0.19920	0.04107	0.51404	0.01832	0.02504	0.02399	0.01733	0.02513	0.01441	0.01847	0.01165	0.00703	0.00760	0.00234	0.00979	0.00661	0.00369	0.01207
12	0.59111	0.01453	0.01308	0.01112	0.01622	0.01586	0.00916	0.02663	0.01550	0.20095	0.01586	0.01612	0.01116	0.00781	0.00557	0.00240	0.00615	0.00512	0.00603	0.00962
13	0.53049	0.19892	0.01977	0.01156	0.01693	0.02130	0.01012	0.07066	0.01561	0.03162	0.01138	0.01301	0.00916	0.00721	0.00507	0.00220	0.00678	0.00440	0.00464	0.00916
14	0.03083	0.01954	0.02192	0.01681	0.02296	0.02081	0.01388	0.49588	0.03281	0.21143	0.02168	0.02060	0.01472	0.00938	0.00777	0.00235	0.00804	0.00719	0.00823	0.01319
15	0.01830	0.02092	0.04575	0.03268	0.04052	0.01961	0.65098	0.02484	0.01830	0.02484	0.01569	0.02092	0.01176	0.00654	0.00915	0.00261	0.01307	0.00915	0.00392	0.01046
16	0.12720	0.02735	0.02635	0.02136	0.02667	0.34517	0.17647	0.05702	0.03956	0.06012	0.01465	0.01689	0.01127	0.00773	0.00735	0.00226	0.01181	0.00630	0.00467	0.00980
17	0.02750	0.01518	0.02032	0.19236	0.02921	0.01565	0.01462	0.15585	0.04458	0.34611	0.02343	0.02315	0.01565	0.00898	0.00772	0.00240	0.00790	0.00734	0.00745	0.03460
18	0.01625	0.13281	0.60070	0.02092	0.03173	0.01970	0.02659	0.02438	0.01629	0.02371	0.01349	0.01584	0.00984	0.00727	0.00705	0.00235	0.01103	0.00552	0.00328	0.01126
19	0.02608	0.01904	0.02287	0.19426	0.03123	0.02134	0.01622	0.44466	0.03002	0.08958	0.01829	0.01973	0.01291	0.00893	0.00776	0.00240	0.00885	0.00702	0.00679	0.01202
20	0.01645	0.18452	0.37626	0.19581	0.03565	0.02058	0.02347	0.02305	0.01601	0.02196	0.01320	0.01661	0.00998	0.00730	0.00694	0.00231	0.01048	0.00568	0.00333	0.01040
21	0.01760	0.01832	0.03473	0.02638	0.07283	0.01637	0.39278	0.02296	0.01750	0.02501	0.01497	0.01916	0.01170	0.00629	0.00790	0.00209	0.01033	0.00746	0.00415	0.27148
22	0.01638	0.01474	0.02005	0.01432	0.02134	0.01158	0.09516	0.02024	0.01638	0.02521	0.01404	0.01673	0.01152	0.00585	0.00620	0.00134	0.00672	0.00520	0.00450	0.67250
23	0.02568	0.01797	0.02013	0.01534	0.02160	0.01811	0.01254	0.34947	0.06927	0.12618	0.01967	0.01959	0.01418	0.00840	0.00719	0.00202	0.00732	0.00652	0.00710	0.23171

[dist]
# distance from previous block
# <min> <max>
1	12

[block]
# block no. 1 follows, 25 sequences, length 34
# corresponding to MSA columns:
# 55-88
name=unknown_B
#
# <colnr> <probs for GDERKNQSTAVLIFYWHMCP>
#	G	D	E	R	K	N	Q	S	T	A	V	L	I	F	Y	W	H	M	C	P
0	0.02012	0.01694	0.01804	0.01556	0.02042	0.01888	0.01223	0.10966	0.52343	0.03357	0.02817	0.02637	0.02116	0.00987	0.00765	0.00244	0.00637	0.00812	0.00752	0.09347
1	0.02731	0.02024	0.02163	0.01678	0.02260	0.02218	0.01380	0.58500	0.03446	0.04590	0.02499	0.02457	0.08367	0.01041	0.00791	0.00236	0.00804	0.00798	0.00770	0.01248
2	0.01595	0.03761	0.61611	0.02143	0.03213	0.01814	0.02691	0.02633	0.08536	0.02539	0.01579	0.01771	0.01129	0.00770	0.00742	0.00247	0.01089	0.00605	0.00376	0.01155
3	0.78228	0.01499	0.01140	0.01020	0.01499	0.01739	0.00840	0.02279	0.01320	0.03479	0.01080	0.01260	0.00840	0.00720	0.00480	0.00240	0.00600	0.00420	0.00480	0.00840
4	0.01128	0.00752	0.00846	0.00846	0.00846	0.00752	0.00470	0.01128	0.01128	0.01503	0.02443	0.05074	0.02819	0.72751	0.03946	0.00752	0.00752	0.01128	0.00470	0.00470
5	0.00916	0.00785	0.00785	0.00785	0.01047	0.00655	0.00589	0.01113	0.01767	0.02095	0.07855	0.07462	0.67599	0.01964	0.00916	0.00262	0.00393	0.01636	0.00720	0.00655
6	0.01445	0.00723	0.00723	0.00723	0.00903	0.00723	0.00542	0.01807	0.01626	0.02891	0.02529	0.02891	0.01987	0.00903	0.00542	0.00181	0.00361	0.00723	0.77055	0.00723
7	0.01608	0.01378	0.01608	0.01148	0.01837	0.01034	0.00919	0.01952	0.01608	0.02527	0.01378	0.01608	0.01148	0.00574	0.00574	0.00115	0.00574	0.00459	0.00459	0.77491
8	0.01830	0.02092	0.04575	0.03268	0.04052	0.01961	0.65098	0.02484	0.01830	0.02484	0.01569	0.02092	0.01176	0.00654	0.00915	0.00261	0.01307	0.00915	0.00392	0.01046
9	0.01445	0.00723	0.00723	0.00723	0.00903	0.00723	0.00542	0.01807	0.01626	0.02891	0.02529	0.02891	0.01987	0.00903	0.00542	0.00181	0.00361	0.00723	0.77055	0.00723
10	0.01249	0.00892	0.01249	0.01428	0.01606	0.00892	0.01249	0.01606	0.01785	0.02320	0.04105	0.08746	0.04462	0.02142	0.01071	0.00357	0.00714	0.62695	0.00714	0.00714
11	0.01919	0.01842	0.03147	0.04759	0.67914	0.01842	0.02380	0.02380	0.01765	0.02533	0.01458	0.01919	0.01228	0.00691	0.00768	0.00230	0.00921	0.00691	0.00384	0.01228
12	0.02947	0.02172	0.02327	0.01784	0.02404	0.02404	0.01474	0.65329	0.03646	0.04887	0.01862	0.01862	0.01319	0.00931	0.00776	0.00233	0.00853	0.00698	0.00776	0.01319
13	0.01631	0.01608	0.02247	0.01953	0.01957	0.02223	0.01612	0.01798	0.01213	0.01876	0.01300	0.07820	0.01375	0.01450	0.02410	0.00337	0.65179	0.00811	0.00372	0.00829
14	0.02961	0.03361	0.02162	0.01920	0.02353	0.58761	0.01459	0.06495	0.02277	0.09134	0.01432	0.01555	0.01114	0.00823	0.00712	0.00206	0.01291	0.00540	0.00479	0.00966
15	0.02947	0.02172	0.02327	0.01784	0.02404	0.02404	0.01474	0.65329	0.03646	0.04887	0.01862	0.01862	0.01319	0.00931	0.00776	0.00233	0.00853	0.00698	0.00776	0.01319
16	0.03479	0.01320	0.01799	0.01380	0.01979	0.01140	0.01140	0.03779	0.02219	0.68451	0.03059	0.02639	0.01919	0.00960	0.00780	0.00240	0.00660	0.00780	0.00960	0.01320
17	0.01593	0.09088	0.63989	0.02145	0.03256	0.01894	0.02752	0.02446	0.01632	0.02409	0.01368	0.01608	0.00983	0.00731	0.00719	0.00240	0.01123	0.00561	0.00328	0.01135
18	0.01583	0.07709	0.65277	0.02163	0.03283	0.01868	0.02783	0.02448	0.01634	0.02422	0.01375	0.01616	0.00983	0.00733	0.00724	0.00241	0.01129	0.00564	0.00328	0.01138
19	0.00945	0.00675	0.00900	0.01080	0.01125	0.00630	0.00720	0.01080	0.01484	0.01979	0.04274	0.72245	0.05128	0.02429	0.00990	0.00315	0.00450	0.02204	0.00720	0.00630
20	0.01155	0.00749	0.00835	0.00835	0.00851	0.00749	0.00476	0.01187	0.01171	0.01624	0.02451	0.04884	0.02747	0.66515	0.03651	0.00702	0.00718	0.01092	0.07117	0.00492
21	0.01919	0.01842	0.03147	0.04759	0.67914	0.01842	0.02380	0.02380	0.01765	0.02533	0.01458	0.01919	0.01228	0.00691	0.00768	0.00230	0.00921	0.00691	0.00384	0.01228
22	0.01696	0.01696	0.02375	0.02036	0.02036	0.02375	0.01696	0.01866	0.01187	0.01866	0.01018	0.01696	0.01018	0.01357	0.02545	0.00339	0.71332	0.00679	0.00339	0.00848
23	0.01108	0.00831	0.01246	0.01246	0.01385	0.00969	0.00969	0.01385	0.01246	0.01800	0.02077	0.03046	0.01938	0.05815	0.69678	0.01246	0.02077	0.00831	0.00415	0.00692
24	0.01578	0.07117	0.65830	0.02170	0.03295	0.01858	0.02796	0.02449	0.01634	0.02427	0.01377	0.01619	0.00983	0.00733	0.00726	0.00242	0.01132	0.00566	0.00328	0.01139
25	0.01256	0.00776	0.01033	0.01083	0.01225	0.00712	0.00768	0.01472	0.01758	0.09359	0.21562	0.46538	0.05390	0.02040	0.00947	0.00287	0.00449	0.01832	0.00782	0.00731
26	0.01123	0.00770	0.00936	0.00936	0.00968	0.00801	0.00583	0.01186	0.01154	0.01571	0.02360	0.04615	0.02620	0.57595	0.18830	0.00864	0.01052	0.01060	0.00457	0.00520
27	0.01696	0.01696	0.02375	0.02036	0.02036	0.02375	0.01696	0.01866	0.01187	0.01866	0.01018	0.01696	0.01018	0.01357	0.02545	0.00339	0.71332	0.00679	0.00339	0.00848
28	0.01852	0.43689	0.31655	0.01704	0.02573	0.02527	0.01983	0.02379	0.01602	0.02094	0.01212	0.01412	0.00990	0.00695	0.00600	0.00200	0.00964	0.00482	0.00330	0.01059
29	0.02027	0.01613	0.01761	0.01485	0.01987	0.01723	0.01171	0.10492	0.41245	0.06662	0.05564	0.02657	0.02223	0.00969	0.00753	0.00230	0.00625	0.00798	0.00738	0.15276
30	0.58655	0.01540	0.01626	0.01327	0.01859	0.01677	0.08181	0.02521	0.01509	0.12838	0.01424	0.01555	0.01035	0.00747	0.00573	0.00242	0.00689	0.00529	0.00540	0.00933
31	0.02026	0.47833	0.20676	0.01628	0.02388	0.09817	0.01745	0.02439	0.01658	0.01996	0.01172	0.01362	0.00992	0.00697	0.00581	0.00190	0.00972	0.00465	0.00338	0.01024
32	0.01381	0.01363	0.02624	0.02110	0.02484	0.01317	0.29636	0.01750	0.01624	0.02200	0.02892	0.37142	0.03144	0.01578	0.01037	0.00292	0.04499	0.01547	0.00553	0.00828
33	0.01804	0.01410	0.01650	0.01238	0.01866	0.01162	0.00996	0.08736	0.01859	0.06155	0.01754	0.04828	0.01514	0.00776	0.00645	0.00153	0.00610	0.03363	0.00541	0.58940

[dist]
# distance from previous block
# <min> <max>
0	11

[block]
# block no. 2 follows, 25 sequences, length 43
# corresponding to MSA columns:
# 100-142
name=unknown_C
#
# <colnr> <probs for GDERKNQSTAVLIFYWHMCP>
#	G	D	E	R	K	N	Q	S	T	A	V	L	I	F	Y	W	H	M	C	P
0	0.06926	0.01452	0.01636	0.01193	0.01862	0.01196	0.00960	0.07249	0.01758	0.02788	0.01398	0.01605	0.01142	0.00614	0.00585	0.00133	0.00599	0.00477	0.00487	0.65943
1	0.28731	0.01637	0.01601	0.01391	0.01874	0.01859	0.01112	0.09746	0.33023	0.07862	0.02293	0.02201	0.01697	0.00918	0.00679	0.00250	0.00637	0.00693	0.00691	0.01108
2	0.01464	0.01378	0.02326	0.70887	0.05340	0.01723	0.02153	0.01981	0.01550	0.01981	0.01378	0.02067	0.01034	0.00775	0.00775	0.00258	0.01034	0.00689	0.00345	0.00861
3	0.01603	0.07982	0.61713	0.02283	0.06436	0.01877	0.02750	0.02444	0.01640	0.02422	0.01376	0.01628	0.00995	0.00730	0.00724	0.00240	0.01116	0.00569	0.00330	0.01141
4	0.02073	0.73217	0.04063	0.01327	0.01990	0.03068	0.01327	0.02322	0.01575	0.01824	0.01078	0.01244	0.00995	0.00663	0.00498	0.00166	0.00829	0.00415	0.00332	0.00995
5	0.00955	0.00683	0.00909	0.01073	0.01127	0.00637	0.00721	0.01106	0.01533	0.02056	0.08570	0.67729	0.05277	0.02372	0.00985	0.00310	0.00444	0.02150	0.00729	0.00637
6	0.05570	0.01509	0.01668	0.01468	0.01907	0.01658	0.01161	0.05952	0.42192	0.13764	0.08812	0.03258	0.02722	0.01113	0.00797	0.00260	0.00612	0.03612	0.00804	0.01161
7	0.01090	0.00787	0.01060	0.01227	0.01351	0.00758	0.00966	0.01336	0.01648	0.02151	0.04436	0.37255	0.09052	0.02259	0.01024	0.00332	0.00573	0.31304	0.00717	0.00672
8	0.00945	0.00675	0.00900	0.01080	0.01125	0.00630	0.00720	0.01080	0.01484	0.01979	0.04274	0.72245	0.05128	0.02429	0.00990	0.00315	0.00450	0.02204	0.00720	0.00630
9	0.01482	0.01413	0.02436	0.67577	0.05277	0.01734	0.05234	0.02006	0.01564	0.02006	0.01387	0.02068	0.01041	0.00769	0.00782	0.00259	0.01047	0.00700	0.00347	0.00870
10	0.01813	0.02030	0.04315	0.07175	0.04036	0.01945	0.58495	0.02528	0.04745	0.02488	0.01629	0.02126	0.01222	0.00679	0.00901	0.00261	0.01260	0.00900	0.00407	0.01043
11	0.01555	0.04011	0.68733	0.02210	0.03356	0.01801	0.02865	0.02455	0.01637	0.02455	0.01391	0.01637	0.00982	0.00737	0.00737	0.00246	0.01146	0.00573	0.00327	0.01146
12	0.01071	0.00780	0.01008	0.00974	0.01148	0.00717	0.00722	0.01404	0.02098	0.02936	0.57608	0.12478	0.10770	0.01692	0.00922	0.00252	0.00376	0.01496	0.00832	0.00717
13	0.01830	0.02092	0.04575	0.03268	0.04052	0.01961	0.65098	0.02484	0.01830	0.02484	0.01569	0.02092	0.01176	0.00654	0.00915	0.00261	0.01307	0.00915	0.00392	0.01046
14	0.02022	0.66360	0.10470	0.01414	0.02125	0.02942	0.01479	0.02335	0.01582	0.01887	0.01109	0.01283	0.00994	0.00671	0.00521	0.00174	0.00861	0.00430	0.00331	0.01010
15	0.00945	0.00675	0.00900	0.01080	0.01125	0.00630	0.00720	0.01080	0.01484	0.01979	0.04274	0.72245	0.05128	0.02429	0.00990	0.00315	0.00450	0.02204	0.00720	0.00630
16	0.01756	0.01874	0.03363	0.02589	0.02942	0.02189	0.30183	0.02144	0.01476	0.02144	0.01265	0.01874	0.01089	0.01041	0.01812	0.00304	0.39869	0.00785	0.00363	0.00937
17	0.02969	0.01368	0.01721	0.01388	0.01922	0.01309	0.01124	0.03741	0.18096	0.48256	0.03050	0.02717	0.02034	0.00979	0.00767	0.00242	0.00630	0.00800	0.05625	0.01260
18	0.02947	0.02172	0.02327	0.01784	0.02404	0.02404	0.01474	0.65329	0.03646	0.04887	0.01862	0.01862	0.01319	0.00931	0.00776	0.00233	0.00853	0.00698	0.00776	0.01319
19	0.00945	0.00675	0.00900	0.01080	0.01125	0.00630	0.00720	0.01080	0.01484	0.01979	0.04274	0.72245	0.05128	0.02429	0.00990	0.00315	0.00450	0.02204	0.00720	0.00630
20	0.01919	0.01842	0.03147	0.04759	0.67914	0.01842	0.02380	0.02380	0.01765	0.02533	0.01458	0.01919	0.01228	0.00691	0.00768	0.00230	0.00921	0.00691	0.00384	0.01228
21	0.01555	0.04011	0.68733	0.02210	0.03356	0.01801	0.02865	0.02455	0.01637	0.02455	0.01391	0.01637	0.00982	0.00737	0.00737	0.00246	0.01146	0.00573	0.00327	0.01146
22	0.01555	0.04011	0.68733	0.02210	0.03356	0.01801	0.02865	0.02455	0.01637	0.02455	0.01391	0.01637	0.00982	0.00737	0.00737	0.00246	0.01146	0.00573	0.00327	0.01146
23	0.01517	0.01432	0.02422	0.63166	0.12646	0.01737	0.02180	0.02028	0.01576	0.02046	0.01388	0.02050	0.01056	0.00765	0.00774	0.00255	0.01020	0.00689	0.00349	0.00904
24	0.01347	0.00673	0.01010	0.01010	0.01010	0.00673	0.00673	0.01010	0.01010	0.01347	0.01347	0.02357	0.01347	0.02694	0.03030	0.77441	0.00673	0.00673	0.00337	0.00337
25	0.01128	0.00752	0.00846	0.00846	0.00846	0.00752	0.00470	0.01128	0.01128	0.01503	0.02443	0.05074	0.02819	0.72751	0.03946	0.00752	0.00752	0.01128	0.00470	0.00470
26	0.02980	0.02119	0.02294	0.01759	0.02378	0.02326	0.01453	0.61521	0.03557	0.08819	0.01936	0.01910	0.01356	0.00933	0.00776	0.00233	0.00841	0.00703	0.00787	0.01319
27	0.51424	0.02233	0.21188	0.01392	0.02075	0.01725	0.01456	0.02414	0.01463	0.06743	0.01281	0.01447	0.00941	0.00738	0.00572	0.00242	0.00765	0.00485	0.00461	0.00957
28	0.01555	0.04011	0.68733	0.02210	0.03356	0.01801	0.02865	0.02455	0.01637	0.02455	0.01391	0.01637	0.00982	0.00737	0.00737	0.00246	0.01146	0.00573	0.00327	0.01146
29	0.00945	0.00675	0.00900	0.01080	0.01125	0.00630	0.00720	0.01080	0.01484	0.01979	0.04274	0.72245	0.05128	0.02429	0.00990	0.00315	0.00450	0.02204	0.00720	0.00630
30	0.01919	0.01842	0.03147	0.04759	0.67914	0.01842	0.02380	0.02380	0.01765	0.02533	0.01458	0.01919	0.01228	0.00691	0.00768	0.00230	0.00921	0.00691	0.00384	0.01228
31	0.01919	0.01842	0.03147	0.04759	0.67914	0.01842	0.02380	0.02380	0.01765	0.02533	0.01458	0.01919	0.01228	0.00691	0.00768	0.00230	0.00921	0.00691	0.00384	0.01228
32	0.01555	0.04011	0.68733	0.02210	0.03356	0.01801	0.02865	0.02455	0.01637	0.02455	0.01391	0.01637	0.00982	0.00737	0.00737	0.00246	0.01146	0.00573	0.00327	0.01146
33	0.00945	0.00675	0.00900	0.01080	0.01125	0.00630	0.00720	0.01080	0.01484	0.01979	0.04274	0.72245	0.05128	0.02429	0.00990	0.00315	0.00450	0.02204	0.00720	0.00630
34	0.06749	0.64078	0.08277	0.01368	0.02053	0.02900	0.01401	0.02328	0.01564	0.01969	0.01099	0.01271	0.00985	0.00672	0.00513	0.00176	0.00837	0.00426	0.00341	0.00996
35	0.01919	0.01842	0.03147	0.04759	0.67914	0.01842	0.02380	0.02380	0.01765	0.02533	0.01458	0.01919	0.01228	0.00691	0.00768	0.00230	0.00921	0.00691	0.00384	0.01228
36	0.01238	0.00824	0.01081	0.00999	0.01207	0.00756	0.00756	0.01600	0.02196	0.06959	0.63708	0.05606	0.06998	0.01548	0.00907	0.00244	0.00383	0.01366	0.00860	0.00766
37	0.01830	0.02092	0.04575	0.03268	0.04052	0.01961	0.65098	0.02484	0.01830	0.02484	0.01569	0.02092	0.01176	0.00654	0.00915	0.00261	0.01307	0.00915	0.00392	0.01046
38	0.78228	0.01499	0.01140	0.01020	0.01499	0.01739	0.00840	0.02279	0.01320	0.03479	0.01080	0.01260	0.00840	0.00720	0.00480	0.00240	0.00600	0.00420	0.00480	0.00840
39	0.01755	0.01891	0.03562	0.06895	0.03327	0.02111	0.36013	0.02207	0.01557	0.02207	0.01338	0.01933	0.01105	0.00941	0.01556	0.00292	0.29181	0.00807	0.00368	0.00956
40	0.00950	0.00687	0.00899	0.01057	0.01121	0.00636	0.00712	0.01099	0.01535	0.02039	0.07428	0.65214	0.09034	0.02362	0.00982	0.00308	0.00442	0.02132	0.00726	0.00636
41	0.02083	0.01795	0.03055	0.04341	0.58471	0.01771	0.04569	0.02534	0.01817	0.09607	0.01634	0.02003	0.01300	0.00718	0.00774	0.00232	0.00907	0.00709	0.00446	0.01231
42	0.01832	0.02019	0.04162	0.03008	0.03752	0.01923	0.55865	0.02640	0.08765	0.02567	0.01732	0.02160	0.01303	0.00693	0.00889	0.00256	0.01206	0.00894	0.00437	0.03897

[dist]
# distance from previous block
# <min> <max>
7	13

[block]
# block no. 3 follows, 25 sequences, length 21
# corresponding to MSA columns:
# 162-182
name=unknown_D
#
# <colnr> <probs for GDERKNQSTAVLIFYWHMCP>
#	G	D	E	R	K	N	Q	S	T	A	V	L	I	F	Y	W	H	M	C	P
0	0.01807	0.19107	0.48797	0.01973	0.02957	0.05160	0.02395	0.02508	0.01672	0.04922	0.01380	0.01580	0.01023	0.00732	0.00684	0.00226	0.01068	0.00543	0.00357	0.01108
1	0.01848	0.47254	0.20657	0.01569	0.02305	0.02500	0.01720	0.02279	0.01614	0.02043	0.01490	0.02164	0.01369	0.00844	0.00622	0.00207	0.00899	0.07240	0.00372	0.01004
2	0.02787	0.02033	0.02471	0.01884	0.02498	0.02182	0.08346	0.50884	0.03244	0.09660	0.02025	0.04809	0.01507	0.00964	0.00800	0.00240	0.00871	0.00790	0.00747	0.01261
3	0.02225	0.02075	0.21559	0.01565	0.02220	0.01367	0.01582	0.09483	0.02195	0.24797	0.19306	0.03082	0.02988	0.01054	0.00802	0.00242	0.00748	0.00872	0.00724	0.01114
4	0.00945	0.00675	0.00900	0.01080	0.01125	0.00630	0.00720	0.01080	0.01484	0.01979	0.04274	0.72245	0.05128	0.02429	0.00990	0.00315	0.00450	0.02204	0.00720	0.00630
5	0.01765	0.03717	0.61442	0.02119	0.03206	0.01729	0.02677	0.02600	0.01700	0.09645	0.01573	0.01746	0.01084	0.00761	0.00741	0.00245	0.01093	0.00595	0.00396	0.01165
6	0.01336	0.01141	0.01781	0.27274	0.10618	0.01252	0.01586	0.01719	0.01649	0.02152	0.03078	0.15227	0.07302	0.01502	0.00903	0.00293	0.00793	0.19043	0.00541	0.00811
7	0.01872	0.01794	0.03061	0.11664	0.61381	0.01830	0.02356	0.02338	0.01743	0.02475	0.01450	0.01934	0.01208	0.00700	0.00768	0.00233	0.00933	0.00691	0.00380	0.01190
8	0.00945	0.00675	0.00900	0.01080	0.01125	0.00630	0.00720	0.01080	0.01484	0.01979	0.04274	0.72245	0.05128	0.02429	0.00990	0.00315	0.00450	0.02204	0.00720	0.00630
9	0.02323	0.02770	0.02345	0.02015	0.02352	0.40630	0.08368	0.02587	0.01962	0.02108	0.09537	0.02083	0.01816	0.00990	0.01106	0.00239	0.14751	0.00693	0.00444	0.00884
10	0.01651	0.13884	0.55587	0.02230	0.06901	0.01986	0.02614	0.02432	0.01636	0.02369	0.01350	0.01597	0.00998	0.00723	0.00704	0.00233	0.01087	0.00557	0.00331	0.01129
11	0.03259	0.01465	0.01859	0.01433	0.02022	0.01369	0.01181	0.15866	0.02482	0.52894	0.03035	0.02699	0.04722	0.00999	0.00785	0.00239	0.00686	0.00802	0.00913	0.01290
12	0.01555	0.04011	0.68733	0.02210	0.03356	0.01801	0.02865	0.02455	0.01637	0.02455	0.01391	0.01637	0.00982	0.00737	0.00737	0.00246	0.01146	0.00573	0.00327	0.01146
13	0.01929	0.01666	0.01753	0.01578	0.02016	0.01929	0.01227	0.04120	0.66513	0.03243	0.03156	0.02893	0.02367	0.01052	0.00789	0.00263	0.00614	0.00877	0.00789	0.01227
14	0.01555	0.04011	0.68733	0.02210	0.03356	0.01801	0.02865	0.02455	0.01637	0.02455	0.01391	0.01637	0.00982	0.00737	0.00737	0.00246	0.01146	0.00573	0.00327	0.01146
15	0.01920	0.01830	0.03051	0.04539	0.63346	0.01848	0.02300	0.02500	0.06254	0.02582	0.01576	0.01987	0.01307	0.00716	0.00769	0.00233	0.00900	0.00704	0.00412	0.01228
16	0.01128	0.00752	0.00846	0.00846	0.00846	0.00752	0.00470	0.01128	0.01128	0.01503	0.02443	0.05074	0.02819	0.72751	0.03946	0.00752	0.00752	0.01128	0.00470	0.00470
17	0.02766	0.03478	0.02217	0.02002	0.02358	0.62311	0.01520	0.02962	0.02087	0.01894	0.01179	0.01431	0.01001	0.00860	0.00900	0.00215	0.09016	0.00519	0.00393	0.00893
18	0.00916	0.00785	0.00785	0.00785	0.01047	0.00655	0.00589	0.01113	0.01767	0.02095	0.07855	0.07462	0.67599	0.01964	0.00916	0.00262	0.00393	0.01636	0.00720	0.00655
19	0.01894	0.01817	0.03102	0.08416	0.64454	0.01836	0.02367	0.02358	0.01754	0.02503	0.01454	0.01927	0.01217	0.00696	0.00768	0.00232	0.00927	0.00691	0.00382	0.01208
20	0.01830	0.02092	0.04575	0.03268	0.04052	0.01961	0.65098	0.02484	0.01830	0.02484	0.01569	0.02092	0.01176	0.00654	0.00915	0.00261	0.01307	0.00915	0.00392	0.01046

[dist]
# distance from previous block
# <min> <max>
0	7

[block]
# block no. 4 follows, 25 sequences, length 103
# corresponding to MSA columns:
# 190-292
name=unknown_E
#
# <colnr> <probs for GDERKNQSTAVLIFYWHMCP>
#	G	D	E	R	K	N	Q	S	T	A	V	L	I	F	Y	W	H	M	C	P
0	0.01919	0.01842	0.03147	0.04759	0.67914	0.01842	0.02380	0.02380	0.01765	0.02533	0.01458	0.01919	0.01228	0.00691	0.00768	0.00230	0.00921	0.00691	0.00384	0.01228
1	0.03479	0.01320	0.01799	0.01380	0.01979	0.01140	0.01140	0.03779	0.02219	0.68451	0.03059	0.02639	0.01919	0.00960	0.00780	0.00240	0.00660	0.00780	0.00960	0.01320
2	0.03412	0.01334	0.01797	0.01388	0.01981	0.01173	0.01143	0.03793	0.04981	0.65650	0.03063	0.02650	0.01939	0.00964	0.00780	0.00241	0.00658	0.00784	0.00952	0.01316
3	0.01830	0.02092	0.04575	0.03268	0.04052	0.01961	0.65098	0.02484	0.01830	0.02484	0.01569	0.02092	0.01176	0.00654	0.00915	0.00261	0.01307	0.00915	0.00392	0.01046
4	0.00945	0.00675	0.00900	0.01080	0.01125	0.00630	0.00720	0.01080	0.01484	0.01979	0.04274	0.72245	0.05128	0.02429	0.00990	0.00315	0.00450	0.02204	0.00720	0.00630
5	0.03479	0.01320	0.01799	0.01380	0.01979	0.01140	0.01140	0.03779	0.02219	0.68451	0.03059	0.02639	0.01919	0.00960	0.00780	0.00240	0.00660	0.00780	0.00960	0.01320
6	0.01929	0.01666	0.01753	0.01578	0.02016	0.01929	0.01227	0.04120	0.66513	0.03243	0.03156	0.02893	0.02367	0.01052	0.00789	0.00263	0.00614	0.00877	0.00789	0.01227
7	0.01577	0.06972	0.65966	0.02172	0.03297	0.01855	0.02799	0.02450	0.01634	0.02428	0.01378	0.01620	0.00983	0.00734	0.00726	0.00242	0.01132	0.00566	0.00328	0.01139
8	0.00935	0.00791	0.00811	0.00821	0.01078	0.00668	0.00625	0.01140	0.01768	0.02107	0.07650	0.07532	0.64148	0.01973	0.00925	0.00267	0.00410	0.04974	0.00720	0.00658
9	0.01097	0.00793	0.01036	0.00975	0.01158	0.00732	0.00732	0.01463	0.02195	0.03109	0.67505	0.05792	0.07316	0.01585	0.00914	0.00244	0.00366	0.01402	0.00854	0.00732
10	0.02073	0.73217	0.04063	0.01327	0.01990	0.03068	0.01327	0.02322	0.01575	0.01824	0.01078	0.01244	0.00995	0.00663	0.00498	0.00166	0.00829	0.00415	0.00332	0.00995
11	0.00946	0.00738	0.00859	0.00932	0.01091	0.00651	0.00660	0.01131	0.01683	0.02138	0.11829	0.35665	0.34652	0.02132	0.00948	0.00283	0.00415	0.01863	0.00732	0.00651
12	0.01919	0.01842	0.03147	0.04759	0.67914	0.01842	0.02380	0.02380	0.01765	0.02533	0.01458	0.01919	0.01228	0.00691	0.00768	0.00230	0.00921	0.00691	0.00384	0.01228
13	0.02947	0.02172	0.02327	0.01784	0.02404	0.02404	0.01474	0.65329	0.03646	0.04887	0.01862	0.01862	0.01319	0.00931	0.00776	0.00233	0.00853	0.00698	0.00776	0.01319
14	0.01487	0.01377	0.02308	0.64904	0.08360	0.01691	0.02105	0.01995	0.01564	0.02043	0.01425	0.02090	0.01079	0.00776	0.00766	0.00254	0.01003	0.00690	0.03209	0.00875
15	0.01100	0.00823	0.01229	0.01238	0.01372	0.00953	0.00957	0.01370	0.01258	0.01809	0.02184	0.06406	0.02093	0.05651	0.66343	0.01201	0.01998	0.00897	0.00430	0.00689
16	0.02073	0.73217	0.04063	0.01327	0.01990	0.03068	0.01327	0.02322	0.01575	0.01824	0.01078	0.01244	0.00995	0.00663	0.00498	0.00166	0.00829	0.00415	0.00332	0.00995
17	0.01555	0.04011	0.68733	0.02210	0.03356	0.01801	0.02865	0.02455	0.01637	0.02455	0.01391	0.01637	0.00982	0.00737	0.00737	0.00246	0.01146	0.00573	0.00327	0.01146
18	0.01555	0.04011	0.68733	0.02210	0.03356	0.01801	0.02865	0.02455	0.01637	0.02455	0.01391	0.01637	0.00982	0.00737	0.00737	0.00246	0.01146	0.00573	0.00327	0.01146
19	0.01871	0.01794	0.03061	0.11693	0.61353	0.01830	0.02356	0.02338	0.01743	0.02475	0.01450	0.01935	0.01208	0.00700	0.00768	0.00233	0.00933	0.00691	0.00380	0.01190
20	0.06779	0.02138	0.02267	0.01745	0.02358	0.02371	0.01441	0.62120	0.03527	0.04815	0.01822	0.01831	0.01294	0.00920	0.00761	0.00233	0.00840	0.00684	0.00761	0.01294
21	0.00997	0.00731	0.00984	0.01143	0.01196	0.00718	0.00797	0.01149	0.01495	0.02000	0.04132	0.64801	0.04916	0.02366	0.01057	0.00319	0.03284	0.06566	0.00704	0.00645
22	0.01464	0.01378	0.02326	0.70887	0.05340	0.01723	0.02153	0.01981	0.01550	0.01981	0.01378	0.02067	0.01034	0.00775	0.00775	0.00258	0.01034	0.00689	0.00345	0.00861
23	0.01555	0.04011	0.68733	0.02210	0.03356	0.01801	0.02865	0.02455	0.01637	0.02455	0.01391	0.01637	0.00982	0.00737	0.00737	0.00246	0.01146	0.00573	0.00327	0.01146
24	0.03135	0.01243	0.01689	0.01321	0.01861	0.01081	0.01081	0.03444	0.02216	0.59011	0.12370	0.03095	0.02699	0.01050	0.00799	0.00240	0.00617	0.00870	0.00944	0.01235
25	0.03266	0.01316	0.01760	0.01378	0.01938	0.01167	0.01126	0.06714	0.02238	0.60356	0.03087	0.07688	0.02123	0.01066	0.00795	0.00245	0.00654	0.00880	0.00933	0.01269
26	0.01896	0.43495	0.29553	0.01699	0.02544	0.04842	0.01940	0.02401	0.01621	0.02076	0.01206	0.01404	0.00990	0.00697	0.00599	0.00198	0.00974	0.00480	0.00332	0.01051
27	0.01778	0.02097	0.06984	0.03079	0.03811	0.01922	0.56927	0.02398	0.01777	0.02433	0.01640	0.04791	0.01315	0.00760	0.00990	0.00267	0.04667	0.00940	0.00400	0.01024
28	0.01565	0.01518	0.02682	0.54631	0.13567	0.01765	0.09084	0.02089	0.01610	0.02110	0.01410	0.02050	0.01075	0.00751	0.00790	0.00255	0.01049	0.00714	0.00355	0.00931
29	0.01022	0.00876	0.04335	0.01101	0.01237	0.00720	0.00823	0.01255	0.01675	0.02297	0.21321	0.48614	0.05449	0.04174	0.01043	0.00305	0.00471	0.01872	0.00729	0.00679
30	0.06345	0.01564	0.01883	0.01478	0.02045	0.01550	0.01209	0.22197	0.04873	0.40729	0.02677	0.05897	0.01871	0.01019	0.00777	0.00242	0.00703	0.00816	0.00865	0.01260
31	0.06443	0.02183	0.02470	0.13231	0.22595	0.15283	0.01822	0.17027	0.04041	0.02917	0.01500	0.01810	0.01178	0.00815	0.00803	0.00234	0.03422	0.00645	0.00487	0.01094
32	0.00987	0.00706	0.00943	0.01096	0.01167	0.00663	0.00764	0.01165	0.01589	0.02134	0.11358	0.59635	0.05320	0.02311	0.00988	0.00310	0.00462	0.07020	0.00734	0.00648
33	0.02368	0.02039	0.02238	0.01836	0.02351	0.11332	0.08709	0.16074	0.29360	0.09109	0.04651	0.02460	0.01957	0.00956	0.00792	0.00245	0.00847	0.00802	0.00703	0.01170
34	0.01654	0.03022	0.37393	0.02639	0.03580	0.01827	0.30614	0.02414	0.01717	0.02450	0.01583	0.04596	0.01231	0.00766	0.00826	0.00255	0.01191	0.00790	0.00372	0.01081
35	0.01832	0.26820	0.13214	0.02303	0.03030	0.02284	0.28779	0.02338	0.01672	0.02203	0.01462	0.04625	0.01243	0.00774	0.00822	0.00232	0.04241	0.00737	0.00373	0.01016
36	0.00965	0.00690	0.00920	0.01086	0.01144	0.00645	0.00739	0.01121	0.01538	0.02059	0.08030	0.66017	0.05235	0.02369	0.00988	0.00312	0.00454	0.04322	0.00728	0.00639
37	0.01830	0.02092	0.04575	0.03268	0.04052	0.01961	0.65098	0.02484	0.01830	0.02484	0.01569	0.02092	0.01176	0.00654	0.00915	0.00261	0.01307	0.00915	0.00392	0.01046
38	0.01862	0.01768	0.05173	0.17465	0.38611	0.01758	0.04723	0.05208	0.04137	0.05096	0.01935	0.02309	0.04877	0.00812	0.00784	0.00241	0.00915	0.00758	0.00447	0.01119
39	0.05082	0.03799	0.63234	0.02126	0.03222	0.01774	0.02710	0.02496	0.01644	0.04920	0.01438	0.01657	0.01010	0.00744	0.00727	0.00245	0.01103	0.00574	0.00357	0.01138
40	0.01750	0.01685	0.02914	0.28698	0.42302	0.01804	0.05142	0.02240	0.01690	0.02330	0.01434	0.01981	0.01155	0.00720	0.00777	0.00242	0.00979	0.00700	0.00370	0.01087
41	0.01815	0.02234	0.10047	0.03326	0.10439	0.01935	0.53318	0.02471	0.01807	0.02486	0.01542	0.02034	0.01165	0.00665	0.00885	0.00257	0.01254	0.00862	0.00386	0.01073
42	0.04234	0.06748	0.59683	0.02121	0.03155	0.01887	0.02659	0.02409	0.01597	0.02429	0.01345	0.01611	0.00980	0.00770	0.00825	0.00248	0.05290	0.00567	0.00334	0.01111
43	0.02421	0.02794	0.02659	0.03340	0.34255	0.36672	0.01927	0.02748	0.01987	0.02207	0.01325	0.01651	0.01110	0.00746	0.00732	0.00215	0.01166	0.00592	0.00392	0.01059
44	0.01730	0.27437	0.46843	0.01911	0.02894	0.02230	0.02344	0.02410	0.01616	0.02242	0.01285	0.01504	0.00987	0.00712	0.00656	0.00219	0.01039	0.00519	0.00329	0.01095
45	0.01744	0.05944	0.02733	0.38321	0.28625	0.05252	0.02157	0.02208	0.01666	0.02176	0.01382	0.01929	0.01103	0.00738	0.00752	0.00239	0.00997	0.00664	0.00361	0.01010
46	0.00945	0.00675	0.00900	0.01080	0.01125	0.00630	0.00720	0.01080	0.01484	0.01979	0.04274	0.72245	0.05128	0.02429	0.00990	0.00315	0.00450	0.02204	0.00720	0.00630
47	0.02037	0.01996	0.03500	0.02622	0.03175	0.05673	0.36943	0.06755	0.01851	0.07545	0.01591	0.02037	0.01231	0.01049	0.03898	0.00309	0.15498	0.00816	0.00453	0.01024
48	0.02173	0.01644	0.01785	0.01562	0.02029	0.01849	0.01227	0.06852	0.55447	0.11650	0.03085	0.02814	0.02262	0.01035	0.00787	0.00259	0.00630	0.00856	0.00810	0.01243
49	0.01555	0.04011	0.68733	0.02210	0.03356	0.01801	0.02865	0.02455	0.01637	0.02455	0.01391	0.01637	0.00982	0.00737	0.00737	0.00246	0.01146	0.00573	0.00327	0.01146
50	0.00945	0.00675	0.00900	0.01080	0.01125	0.00630	0.00720	0.01080	0.01484	0.01979	0.04274	0.72245	0.05128	0.02429	0.00990	0.00315	0.00450	0.02204	0.00720	0.00630
51	0.00963	0.00688	0.00920	0.01100	0.01153	0.00645	0.00751	0.01111	0.01502	0.02000	0.04263	0.68466	0.05089	0.02412	0.00994	0.00317	0.00466	0.05804	0.00719	0.00635
52	0.01830	0.02092	0.04575	0.03268	0.04052	0.01961	0.65098	0.02484	0.01830	0.02484	0.01569	0.02092	0.01176	0.00654	0.00915	0.00261	0.01307	0.00915	0.00392	0.01046
53	0.01464	0.01378	0.02326	0.70887	0.05340	0.01723	0.02153	0.01981	0.01550	0.01981	0.01378	0.02067	0.01034	0.00775	0.00775	0.00258	0.01034	0.00689	0.00345	0.00861
54	0.01608	0.01378	0.01608	0.01148	0.01837	0.01034	0.00919	0.01952	0.01608	0.02527	0.01378	0.01608	0.01148	0.00574	0.00574	0.00115	0.00574	0.00459	0.00459	0.77491
55	0.78228	0.01499	0.01140	0.01020	0.01499	0.01739	0.00840	0.02279	0.01320	0.03479	0.01080	0.01260	0.00840	0.00720	0.00480	0.00240	0.00600	0.00420	0.00480	0.00840
56	0.01132	0.00859	0.01225	0.01104	0.01315	0.00795	0.04249	0.01505	0.02149	0.03035	0.61641	0.07965	0.06902	0.01564	0.00917	0.00247	0.00420	0.01404	0.00824	0.00745
57	0.01555	0.04011	0.68733	0.02210	0.03356	0.01801	0.02865	0.02455	0.01637	0.02455	0.01391	0.01637	0.00982	0.00737	0.00737	0.00246	0.01146	0.00573	0.00327	0.01146
58	0.02073	0.73217	0.04063	0.01327	0.01990	0.03068	0.01327	0.02322	0.01575	0.01824	0.01078	0.01244	0.00995	0.00663	0.00498	0.00166	0.00829	0.00415	0.00332	0.00995
59	0.01097	0.00793	0.01036	0.00975	0.01158	0.00732	0.00732	0.01463	0.02195	0.03109	0.67505	0.05792	0.07316	0.01585	0.00914	0.00244	0.00366	0.01402	0.00854	0.00732
60	0.01787	0.06464	0.58828	0.02084	0.03151	0.01779	0.02615	0.02595	0.01698	0.09665	0.01562	0.01731	0.01085	0.00758	0.00732	0.00242	0.01080	0.00589	0.00397	0.01159
61	0.01097	0.00793	0.01036	0.00975	0.01158	0.00732	0.00732	0.01463	0.02195	0.03109	0.67505	0.05792	0.07316	0.01585	0.00914	0.00244	0.00366	0.01402	0.00854	0.00732
62	0.00945	0.00675	0.00900	0.01080	0.01125	0.00630	0.00720	0.01080	0.01484	0.01979	0.04274	0.72245	0.05128	0.02429	0.00990	0.00315	0.00450	0.02204	0.00720	0.00630
63	0.01853	0.01949	0.03845	0.06991	0.32222	0.01898	0.34635	0.02415	0.01789	0.02483	0.01511	0.02014	0.01193	0.00676	0.00844	0.00248	0.01125	0.00806	0.00386	0.01118
64	0.01818	0.01739	0.02964	0.19493	0.53972	0.01816	0.02329	0.02291	0.01718	0.02410	0.01441	0.01952	0.01185	0.00710	0.00769	0.00237	0.00946	0.00690	0.00375	0.01146
65	0.01555	0.04011	0.68733	0.02210	0.03356	0.01801	0.02865	0.02455	0.01637	0.02455	0.01391	0.01637	0.00982	0.00737	0.00737	0.00246	0.01146	0.00573	0.00327	0.01146
66	0.00945	0.00675	0.00900	0.01080	0.01125	0.00630	0.00720	0.01080	0.01484	0.01979	0.04274	0.72245	0.05128	0.02429	0.00990	0.00315	0.00450	0.02204	0.00720	0.00630
67	0.01070	0.00791	0.00998	0.00947	0.01141	0.00720	0.00710	0.01410	0.02130	0.02955	0.58413	0.06046	0.16504	0.01643	0.00915	0.00247	0.00370	0.01438	0.00833	0.00720
68	0.01830	0.02092	0.04575	0.03268	0.04052	0.01961	0.65098	0.02484	0.01830	0.02484	0.01569	0.02092	0.01176	0.00654	0.00915	0.00261	0.01307	0.00915	0.00392	0.01046
69	0.01097	0.00793	0.01036	0.00975	0.01158	0.00732	0.00732	0.01463	0.02195	0.03109	0.67505	0.05792	0.07316	0.01585	0.00914	0.00244	0.00366	0.01402	0.00854	0.00732
70	0.01830	0.02092	0.04575	0.03268	0.04052	0.01961	0.65098	0.02484	0.01830	0.02484	0.01569	0.02092	0.01176	0.00654	0.00915	0.00261	0.01307	0.00915	0.00392	0.01046
71	0.01929	0.01666	0.01753	0.01578	0.02016	0.01929	0.01227	0.04120	0.66513	0.03243	0.03156	0.02893	0.02367	0.01052	0.00789	0.00263	0.00614	0.00877	0.00789	0.01227
72	0.00950	0.00679	0.00905	0.01076	0.01126	0.00634	0.00720	0.01094	0.01511	0.02021	0.06590	0.69810	0.05208	0.02398	0.00987	0.00312	0.00447	0.02175	0.00725	0.00634
73	0.01249	0.00892	0.01249	0.01428	0.01606	0.00892	0.01249	0.01606	0.01785	0.02320	0.04105	0.08746	0.04462	0.02142	0.01071	0.00357	0.00714	0.62695	0.00714	0.00714
74	0.05345	0.70136	0.03937	0.01314	0.01969	0.03011	0.01306	0.02320	0.01564	0.01895	0.01078	0.01244	0.00988	0.00666	0.00497	0.00169	0.00819	0.00415	0.00338	0.00988
75	0.02548	0.02686	0.02375	0.13590	0.05076	0.32334	0.03836	0.19807	0.02412	0.02768	0.01423	0.01691	0.01106	0.00848	0.00826	0.00228	0.04322	0.00614	0.00490	0.01021
76	0.01353	0.00982	0.01318	0.01450	0.01659	0.01004	0.01258	0.04457	0.04783	0.02472	0.03966	0.08186	0.04233	0.02041	0.01046	0.00347	0.00715	0.57245	0.00720	0.00763
77	0.01978	0.01690	0.01781	0.01588	0.02035	0.01952	0.01239	0.07092	0.63460	0.03323	0.03093	0.02843	0.02316	0.01046	0.00788	0.00262	0.00625	0.00868	0.00788	0.01232
78	0.01501	0.01430	0.02503	0.61874	0.05072	0.01716	0.08462	0.02026	0.01581	0.02060	0.01433	0.02095	0.01078	0.00767	0.00782	0.00256	0.01040	0.00713	0.02735	0.00876
79	0.01555	0.04011	0.68733	0.02210	0.03356	0.01801	0.02865	0.02455	0.01637	0.02455	0.01391	0.01637	0.00982	0.00737	0.00737	0.00246	0.01146	0.00573	0.00327	0.01146
80	0.01541	0.01447	0.02440	0.63537	0.08029	0.01756	0.04294	0.03903	0.01632	0.02110	0.01403	0.02055	0.01056	0.00772	0.00780	0.00256	0.01032	0.00697	0.00361	0.00898
81	0.01555	0.04011	0.68733	0.02210	0.03356	0.01801	0.02865	0.02455	0.01637	0.02455	0.01391	0.01637	0.00982	0.00737	0.00737	0.00246	0.01146	0.00573	0.00327	0.01146
82	0.01613	0.09823	0.59945	0.02188	0.03275	0.01917	0.05901	0.02446	0.01642	0.02403	0.01374	0.01627	0.00993	0.00726	0.00725	0.00240	0.01127	0.00577	0.00331	0.01128
83	0.01570	0.03906	0.65227	0.02268	0.03394	0.01809	0.06266	0.02457	0.01648	0.02457	0.01401	0.01662	0.00993	0.00732	0.00746	0.00246	0.01155	0.00592	0.00331	0.01140
84	0.02976	0.02125	0.02298	0.01762	0.02381	0.02335	0.01455	0.61964	0.03568	0.08361	0.01927	0.01904	0.01351	0.00932	0.00776	0.00233	0.00843	0.00703	0.00786	0.01319
85	0.01656	0.03795	0.62851	0.02289	0.06206	0.01774	0.02767	0.02510	0.01668	0.05344	0.01467	0.01694	0.01034	0.00744	0.00740	0.00245	0.01115	0.00587	0.00358	0.01157
86	0.01517	0.01433	0.02251	0.62641	0.04907	0.03793	0.02041	0.02002	0.01558	0.02015	0.01409	0.02068	0.01075	0.00807	0.00838	0.00257	0.04022	0.00684	0.03825	0.00856
87	0.00943	0.00680	0.00895	0.01067	0.01121	0.00631	0.00714	0.01081	0.01497	0.01984	0.04430	0.69413	0.07859	0.02409	0.00986	0.00313	0.00447	0.02179	0.00720	0.00631
88	0.01864	0.01786	0.03048	0.12765	0.60338	0.01828	0.02352	0.02331	0.01739	0.02466	0.01449	0.01937	0.01205	0.00701	0.00769	0.00234	0.00935	0.00691	0.00379	0.01184
89	0.09884	0.02742	0.02098	0.07384	0.02516	0.35093	0.01458	0.18188	0.08300	0.02907	0.01542	0.01689	0.01190	0.00845	0.00711	0.00222	0.01088	0.00590	0.00530	0.01023
90	0.01747	0.01958	0.06295	0.02782	0.07963	0.02071	0.30642	0.02195	0.01545	0.02221	0.01356	0.01939	0.01137	0.01119	0.03989	0.00324	0.28586	0.00788	0.00369	0.00974
91	0.01141	0.00809	0.01139	0.01139	0.01261	0.00915	0.00856	0.01385	0.01263	0.01854	0.02172	0.03333	0.02074	0.15321	0.53655	0.01076	0.01725	0.00865	0.07354	0.00662
92	0.01930	0.06988	0.43546	0.04863	0.06409	0.01775	0.05071	0.02695	0.03955	0.12963	0.01711	0.01869	0.01203	0.00775	0.00743	0.00241	0.01024	0.00633	0.00451	0.01157
93	0.01740	0.02523	0.20276	0.07031	0.03957	0.01907	0.45993	0.02447	0.01766	0.02447	0.01514	0.01978	0.01120	0.00681	0.00863	0.00257	0.01251	0.00817	0.00373	0.01059
94	0.00945	0.00675	0.00900	0.01080	0.01125	0.00630	0.00720	0.01080	0.01484	0.01979	0.04274	0.72245	0.05128	0.02429	0.00990	0.00315	0.00450	0.02204	0.00720	0.00630
95	0.01771	0.02068	0.07269	0.03181	0.09561	0.01887	0.50246	0.02371	0.01769	0.02434	0.01675	0.05872	0.01381	0.00787	0.00965	0.00264	0.04120	0.00939	0.00404	0.01036
96	0.03296	0.01301	0.01792	0.04402	0.02094	0.01149	0.01168	0.03608	0.02189	0.62951	0.05544	0.02739	0.02095	0.00976	0.00785	0.00241	0.00664	0.00800	0.00929	0.01276
97	0.02632	0.16887	0.05985	0.01986	0.05084	0.48122	0.01570	0.05207	0.02086	0.02050	0.01221	0.01420	0.01019	0.00770	0.00668	0.00198	0.01236	0.00502	0.00396	0.00959
98	0.01311	0.01105	0.01535	0.01420	0.01480	0.01394	0.01099	0.01488	0.01199	0.01754	0.01804	0.03058	0.01831	0.19753	0.31847	0.00826	0.25153	0.00848	0.00402	0.00694
99	0.02174	0.01728	0.01767	0.01551	0.02007	0.05825	0.01214	0.06940	0.48694	0.10997	0.03191	0.02944	0.05347	0.01064	0.00788	0.00255	0.00667	0.00871	0.00782	0.01196
100	0.02310	0.01751	0.01831	0.01584	0.02061	0.05130	0.01247	0.09172	0.47773	0.13784	0.02936	0.02693	0.02140	0.01015	0.00782	0.00254	0.00679	0.00828	0.00796	0.01234
101	0.03005	0.02080	0.02270	0.01740	0.02359	0.02268	0.01438	0.58677	0.03491	0.11756	0.01991	0.01946	0.01384	0.00934	0.00776	0.00233	0.00832	0.00707	0.00796	0.01319
102	0.01569	0.03914	0.65518	0.02263	0.03391	0.01809	0.05984	0.02457	0.01647	0.02457	0.01400	0.01660	0.00992	0.00732	0.00746	0.00246	0.01154	0.00590	0.00331	0.01141

[dist]
# distance from previous block
# <min> <max>
0	5

[block]
# block no. 5 follows, 25 sequences, length 27
# corresponding to MSA columns:
# 298-324
name=unknown_F
#
# <colnr> <probs for GDERKNQSTAVLIFYWHMCP>
#	G	D	E	R	K	N	Q	S	T	A	V	L	I	F	Y	W	H	M	C	P
0	0.01735	0.01322	0.01749	0.01997	0.12747	0.01389	0.01383	0.02691	0.22784	0.07758	0.05573	0.07520	0.03179	0.01448	0.00898	0.00291	0.00689	0.23130	0.00708	0.01010
1	0.01929	0.01666	0.01753	0.01578	0.02016	0.01929	0.01227	0.04120	0.66513	0.03243	0.03156	0.02893	0.02367	0.01052	0.00789	0.00263	0.00614	0.00877	0.00789	0.01227
2	0.00934	0.00786	0.00810	0.00804	0.01058	0.00662	0.00603	0.01147	0.01809	0.02193	0.13665	0.07299	0.61728	0.01927	0.00916	0.00260	0.00390	0.01614	0.00733	0.00662
3	0.02959	0.02062	0.02248	0.01733	0.02344	0.02253	0.01429	0.56359	0.06175	0.11389	0.02040	0.01986	0.01425	0.00939	0.00777	0.00235	0.00823	0.00714	0.00795	0.01315
4	0.01835	0.02077	0.04494	0.03353	0.07694	0.01954	0.61522	0.02478	0.01826	0.02486	0.01562	0.02082	0.01179	0.00656	0.00907	0.00260	0.01285	0.00902	0.00392	0.01056
5	0.00972	0.00694	0.00931	0.01110	0.01167	0.00653	0.00767	0.01126	0.01511	0.02010	0.04259	0.66616	0.05069	0.02404	0.00997	0.00319	0.00473	0.07566	0.00719	0.00637
6	0.01827	0.01749	0.02981	0.18099	0.55292	0.01818	0.02334	0.02299	0.01722	0.02422	0.01442	0.01949	0.01189	0.00708	0.00769	0.00236	0.00944	0.00690	0.00376	0.01154
7	0.03479	0.01320	0.01799	0.01380	0.01979	0.01140	0.01140	0.03779	0.02219	0.68451	0.03059	0.02639	0.01919	0.00960	0.00780	0.00240	0.00660	0.00780	0.00960	0.01320
8	0.01555	0.04011	0.68733	0.02210	0.03356	0.01801	0.02865	0.02455	0.01637	0.02455	0.01391	0.01637	0.00982	0.00737	0.00737	0.00246	0.01146	0.00573	0.00327	0.01146
9	0.00945	0.00675	0.00900	0.01080	0.01125	0.00630	0.00720	0.01080	0.01484	0.01979	0.04274	0.72245	0.05128	0.02429	0.00990	0.00315	0.00450	0.02204	0.00720	0.00630
10	0.01576	0.03863	0.63797	0.02291	0.03409	0.01813	0.07653	0.02458	0.01652	0.02458	0.01405	0.01672	0.00997	0.00730	0.00750	0.00247	0.01158	0.00599	0.00332	0.01138
