[name]
unknown

[dist]
# distance from previous block
# <min> <max>
0	65

[block]
# block no. 0 follows, 23 sequences, length 9
# corresponding to MSA columns:
# 72-80
name=unknown_A
#
# <colnr> <probs for GDERKNQSTAVLIFYWHMCP>
#	G	D	E	R	K	N	Q	S	T	A	V	L	I	F	Y	W	H	M	C	P
0	0.09354	0.02031	0.02177	0.01756	0.02308	0.02283	0.01447	0.44019	0.10653	0.04446	0.02160	0.02515	0.01681	0.01078	0.00892	0.00262	0.03999	0.04920	0.00760	0.01257
1	0.02033	0.01686	0.01967	0.01482	0.02093	0.01608	0.01206	0.16929	0.02141	0.03152	0.01516	0.01759	0.01227	0.00796	0.00916	0.00180	0.09565	0.00570	0.00545	0.48628
2	0.02848	0.13516	0.02673	0.08137	0.02688	0.02420	0.01547	0.41422	0.03092	0.10958	0.01901	0.01950	0.01364	0.00916	0.00764	0.00235	0.00885	0.00690	0.00714	0.01279
3	0.01308	0.00934	0.01308	0.01494	0.01681	0.00934	0.01308	0.01681	0.01868	0.02428	0.04296	0.09153	0.04670	0.02242	0.01121	0.00374	0.00747	0.60960	0.00747	0.00747
4	0.01409	0.00705	0.01057	0.01057	0.01057	0.00705	0.00705	0.01057	0.01057	0.01409	0.01409	0.02467	0.01409	0.02819	0.03171	0.76392	0.00705	0.00705	0.00352	0.00352
5	0.00984	0.00808	0.00839	0.00856	0.01082	0.00693	0.00616	0.01163	0.01756	0.02119	0.07319	0.13164	0.54360	0.09071	0.01284	0.00330	0.00454	0.01712	0.00727	0.00663
6	0.01683	0.01442	0.01683	0.01202	0.01923	0.01082	0.00961	0.02043	0.01683	0.02644	0.01442	0.01683	0.01202	0.00601	0.00601	0.00120	0.00601	0.00481	0.00481	0.76444
7	0.57127	0.01548	0.01394	0.05098	0.01879	0.01753	0.01020	0.06835	0.01699	0.08024	0.05850	0.01841	0.01475	0.00853	0.00596	0.00252	0.00660	0.00574	0.00578	0.00943
8	0.07342	0.01985	0.02156	0.01643	0.02298	0.02067	0.01351	0.42292	0.03096	0.08945	0.01879	0.01911	0.01356	0.00882	0.00747	0.00218	0.00799	0.00665	0.00735	0.17633

[dist]
# distance from previous block
# <min> <max>
0	1

[block]
# block no. 1 follows, 23 sequences, length 16
# corresponding to MSA columns:
# 82-97
name=unknown_B
#
# <colnr> <probs for GDERKNQSTAVLIFYWHMCP>
#	G	D	E	R	K	N	Q	S	T	A	V	L	I	F	Y	W	H	M	C	P
0	0.28544	0.01807	0.08817	0.01842	0.10544	0.01586	0.01414	0.04767	0.01883	0.18696	0.07444	0.02256	0.01848	0.00891	0.00702	0.00244	0.00735	0.00687	0.00637	0.04655
1	0.02064	0.06866	0.48603	0.02116	0.03156	0.01957	0.02533	0.10846	0.02055	0.09819	0.01694	0.01838	0.01181	0.00819	0.00769	0.00251	0.01088	0.00632	0.00477	0.01235
2	0.02861	0.01940	0.02446	0.01851	0.02512	0.01978	0.08058	0.33404	0.06395	0.18249	0.02210	0.02184	0.01544	0.00913	0.00805	0.00236	0.00851	0.00755	0.00774	0.10035
3	0.02038	0.01859	0.03644	0.02670	0.03328	0.01775	0.40039	0.02582	0.01945	0.11188	0.08729	0.02621	0.02013	0.00883	0.01048	0.00266	0.06383	0.00947	0.00541	0.05502
4	0.12490	0.04965	0.01885	0.01433	0.01970	0.01563	0.01169	0.14117	0.03992	0.34167	0.02779	0.11436	0.02162	0.01159	0.00790	0.00257	0.00697	0.00934	0.00835	0.01201
5	0.01062	0.00803	0.01008	0.01097	0.01249	0.00709	0.00758	0.01236	0.01607	0.02151	0.04634	0.54854	0.12982	0.02262	0.00977	0.00299	0.00477	0.02025	0.00723	0.09087
6	0.03080	0.02400	0.02424	0.01885	0.02516	0.07751	0.01544	0.58899	0.03694	0.04865	0.01893	0.01910	0.01353	0.00963	0.00805	0.00241	0.00938	0.00714	0.00780	0.01345
7	0.01968	0.19148	0.43191	0.02060	0.03039	0.08873	0.02417	0.05939	0.01872	0.02503	0.01390	0.01609	0.01052	0.00771	0.00713	0.00233	0.01135	0.00562	0.00377	0.01148
8	0.06633	0.01773	0.02049	0.01579	0.02200	0.01791	0.01298	0.30457	0.02894	0.28297	0.04917	0.02371	0.01833	0.00972	0.00787	0.00237	0.00759	0.00758	0.00846	0.07550
9	0.08563	0.01799	0.03069	0.20258	0.06123	0.01980	0.22618	0.02505	0.08097	0.02553	0.01624	0.02109	0.01266	0.00863	0.01073	0.00275	0.10239	0.00786	0.00443	0.03761
10	0.01730	0.09780	0.47233	0.02445	0.08849	0.02088	0.02645	0.02468	0.01657	0.02435	0.01381	0.01711	0.01057	0.00846	0.01003	0.00261	0.10300	0.00610	0.00350	0.01151
11	0.19851	0.31864	0.05495	0.01535	0.02152	0.13828	0.01386	0.10843	0.01993	0.02784	0.01274	0.01437	0.01049	0.00773	0.00602	0.00210	0.00930	0.00497	0.00458	0.01038
12	0.08511	0.01810	0.10944	0.47446	0.04629	0.01763	0.04154	0.02158	0.01639	0.02325	0.01618	0.02508	0.01308	0.00895	0.00804	0.00274	0.01042	0.04838	0.00399	0.00935
13	0.01849	0.01437	0.01748	0.05516	0.02167	0.01137	0.01063	0.02217	0.01736	0.08386	0.01600	0.01810	0.01267	0.00650	0.00633	0.00141	0.00639	0.00526	0.00520	0.64958
14	0.01015	0.00717	0.00934	0.01096	0.01136	0.00677	0.00717	0.01137	0.01502	0.02002	0.04206	0.61824	0.05031	0.12131	0.01466	0.00393	0.00515	0.02150	0.00717	0.00636
15	0.01141	0.00877	0.01099	0.01127	0.01338	0.00755	0.00791	0.01336	0.01601	0.02207	0.04033	0.51552	0.08253	0.02079	0.00934	0.00279	0.00496	0.01863	0.00693	0.17548

[dist]
# distance from previous block
# <min> <max>
0	4

[block]
# block no. 2 follows, 23 sequences, length 30
# corresponding to MSA columns:
# 102-131
name=unknown_C
#
# <colnr> <probs for GDERKNQSTAVLIFYWHMCP>
#	G	D	E	R	K	N	Q	S	T	A	V	L	I	F	Y	W	H	M	C	P
0	0.01889	0.01818	0.02364	0.07696	0.02408	0.05189	0.01707	0.06450	0.01542	0.02264	0.01250	0.01856	0.01137	0.01259	0.02119	0.00317	0.50544	0.00697	0.03601	0.03894
1	0.02041	0.02137	0.03595	0.04108	0.39010	0.06949	0.20057	0.02539	0.01858	0.02536	0.01506	0.02003	0.01236	0.00770	0.00976	0.00256	0.06069	0.00775	0.00402	0.01176
2	0.01775	0.01775	0.02485	0.02130	0.02130	0.02485	0.01775	0.01953	0.01243	0.01953	0.01065	0.01775	0.01065	0.01420	0.02663	0.00355	0.69998	0.00710	0.00355	0.00888
3	0.01057	0.00826	0.00958	0.00925	0.01156	0.00727	0.00694	0.01354	0.02081	0.02741	0.38093	0.06905	0.35877	0.01850	0.00958	0.00264	0.00396	0.01586	0.00826	0.00727
4	0.03641	0.01381	0.01883	0.01444	0.02071	0.01193	0.01193	0.03954	0.02322	0.66984	0.03201	0.02762	0.02009	0.01004	0.00816	0.00251	0.00690	0.00816	0.01004	0.01381
5	0.01148	0.00829	0.01085	0.01021	0.01212	0.00766	0.00766	0.01531	0.02297	0.03254	0.65994	0.06061	0.07656	0.01659	0.00957	0.00255	0.00383	0.01467	0.00893	0.00766
6	0.01513	0.00756	0.00756	0.00756	0.00945	0.00756	0.00567	0.01891	0.01702	0.03025	0.02647	0.03025	0.02080	0.00945	0.00567	0.00189	0.00378	0.00756	0.75988	0.00756
7	0.01915	0.02189	0.04788	0.03420	0.04241	0.02052	0.63475	0.02599	0.01915	0.02599	0.01642	0.02189	0.01231	0.00684	0.00958	0.00274	0.01368	0.00958	0.00410	0.01094
8	0.01915	0.02189	0.04788	0.03420	0.04241	0.02052	0.63475	0.02599	0.01915	0.02599	0.01642	0.02189	0.01231	0.00684	0.00958	0.00274	0.01368	0.00958	0.00410	0.01094
9	0.01627	0.04197	0.67279	0.02313	0.03512	0.01884	0.02998	0.02570	0.01713	0.02570	0.01456	0.01713	0.01028	0.00771	0.00771	0.00257	0.01199	0.00600	0.00343	0.01199
10	0.02018	0.01743	0.01835	0.01651	0.02110	0.02018	0.01284	0.04312	0.64956	0.03394	0.03303	0.03027	0.02477	0.01101	0.00826	0.00275	0.00642	0.00917	0.00826	0.01284
11	0.00989	0.00706	0.00942	0.01130	0.01177	0.00659	0.00753	0.01130	0.01554	0.02071	0.04472	0.70954	0.05367	0.02542	0.01036	0.00330	0.00471	0.02307	0.00753	0.00659
12	0.03353	0.01445	0.01874	0.01481	0.02078	0.01339	0.01209	0.04018	0.13442	0.55694	0.03219	0.02809	0.02092	0.01021	0.00818	0.00255	0.00682	0.00834	0.00973	0.01364
13	0.01180	0.00787	0.00885	0.00885	0.00885	0.00787	0.00492	0.01180	0.01180	0.01573	0.02557	0.05310	0.02950	0.71483	0.04130	0.00787	0.00787	0.01180	0.00492	0.00492
14	0.00970	0.00820	0.00825	0.00825	0.01086	0.00690	0.00610	0.01165	0.01817	0.02162	0.07943	0.07687	0.63005	0.05450	0.01114	0.00299	0.00429	0.01686	0.00741	0.00676
15	0.01819	0.28190	0.44967	0.01986	0.03006	0.02354	0.02428	0.02520	0.01690	0.02336	0.01340	0.01567	0.01033	0.00744	0.00682	0.00227	0.01082	0.00541	0.00344	0.01143
16	0.01038	0.00779	0.01035	0.01181	0.01235	0.00777	0.00813	0.01184	0.01546	0.02069	0.04411	0.63885	0.07632	0.02450	0.01137	0.00329	0.04918	0.02180	0.00728	0.00675
17	0.01864	0.02058	0.04250	0.07400	0.04010	0.01998	0.50662	0.02479	0.01832	0.02522	0.01573	0.02121	0.01208	0.00739	0.01045	0.00268	0.06217	0.00891	0.00408	0.06455
18	0.01826	0.01884	0.08180	0.01925	0.02711	0.01425	0.18549	0.02325	0.01777	0.05372	0.01574	0.01872	0.01230	0.00656	0.00724	0.00180	0.00870	0.00638	0.00472	0.45811
19	0.02014	0.01684	0.02014	0.01531	0.02190	0.04228	0.05774	0.05175	0.13201	0.07448	0.01929	0.02040	0.01491	0.00751	0.00697	0.00178	0.00721	0.00631	0.00585	0.45720
20	0.10353	0.06427	0.01885	0.04768	0.04714	0.01527	0.01199	0.10436	0.04403	0.20525	0.16476	0.08333	0.03184	0.01197	0.00808	0.00253	0.00666	0.00991	0.00772	0.01081
21	0.02175	0.01614	0.01799	0.01552	0.02032	0.01743	0.01230	0.09934	0.38166	0.10633	0.08816	0.03344	0.02791	0.01143	0.00832	0.00260	0.00652	0.03657	0.00821	0.06804
22	0.02257	0.02474	0.06701	0.01690	0.02297	0.20906	0.01411	0.09673	0.06137	0.02747	0.01548	0.01742	0.01239	0.00796	0.00791	0.00191	0.04324	0.00569	0.00507	0.31999
23	0.25631	0.05149	0.02490	0.12075	0.29237	0.01989	0.01818	0.07661	0.01830	0.03059	0.01408	0.01774	0.01127	0.00765	0.00697	0.00245	0.00864	0.00621	0.00460	0.01102
24	0.01219	0.00884	0.01078	0.01067	0.01216	0.00840	0.00732	0.03973	0.01700	0.02328	0.15714	0.26298	0.07069	0.22260	0.04212	0.00460	0.00629	0.01543	0.00677	0.06100
25	0.07828	0.02669	0.02381	0.04945	0.05260	0.32875	0.09634	0.08004	0.02163	0.02583	0.01724	0.06744	0.01495	0.00947	0.00766	0.00234	0.01141	0.00756	0.06876	0.00972
26	0.38719	0.01831	0.04629	0.01379	0.01942	0.01910	0.01183	0.21885	0.02261	0.08536	0.01678	0.01781	0.01225	0.00858	0.00640	0.00244	0.00722	0.00592	0.06907	0.01078
27	0.01581	0.01142	0.01394	0.04267	0.01637	0.01230	0.00990	0.13731	0.01991	0.02760	0.08072	0.27178	0.03526	0.10565	0.01516	0.03548	0.05065	0.01403	0.07595	0.00811
28	0.41028	0.01678	0.01781	0.04257	0.02128	0.01870	0.05578	0.13109	0.07734	0.05802	0.01830	0.06710	0.01505	0.00957	0.00680	0.00260	0.00737	0.00729	0.00608	0.01020
29	0.02530	0.06917	0.02331	0.01664	0.02261	0.02100	0.03869	0.39186	0.02959	0.04084	0.01894	0.02046	0.01429	0.01113	0.03705	0.00264	0.00873	0.00694	0.08742	0.11339

[dist]
# distance from previous block
# <min> <max>
63	93

[block]
# block no. 3 follows, 23 sequences, length 10
# corresponding to MSA columns:
# 240-249
name=unknown_D
#
# <colnr> <probs for GDERKNQSTAVLIFYWHMCP>
#	G	D	E	R	K	N	Q	S	T	A	V	L	I	F	Y	W	H	M	C	P
0	0.02096	0.25176	0.02666	0.01398	0.02083	0.06124	0.01211	0.09608	0.01964	0.02653	0.01386	0.01574	0.01160	0.00691	0.00607	0.00158	0.00778	0.00498	0.00472	0.37696
1	0.01014	0.00717	0.00934	0.01098	0.01139	0.00676	0.00719	0.01136	0.01505	0.02006	0.04221	0.62349	0.05050	0.11579	0.01441	0.00389	0.00512	0.02159	0.00719	0.00637
2	0.02159	0.01511	0.01683	0.01355	0.01766	0.01534	0.01022	0.25846	0.02360	0.07235	0.02177	0.03244	0.01992	0.27938	0.02049	0.00432	0.00791	0.00867	0.00647	0.13395
3	0.01109	0.00823	0.01123	0.10034	0.01681	0.00841	0.00883	0.01266	0.01468	0.01945	0.03588	0.45242	0.04190	0.19849	0.01793	0.00438	0.00631	0.01812	0.00635	0.00648
4	0.01683	0.01442	0.01683	0.01202	0.01923	0.01082	0.00961	0.02043	0.01683	0.02644	0.01442	0.01683	0.01202	0.00601	0.00601	0.00120	0.00601	0.00481	0.00481	0.76444
5	0.00989	0.00706	0.00942	0.01130	0.01177	0.00659	0.00753	0.01130	0.01554	0.02071	0.04472	0.70954	0.05367	0.02542	0.01036	0.00330	0.00471	0.02307	0.00753	0.00659
6	0.02793	0.02087	0.02247	0.01784	0.02363	0.02312	0.01450	0.51728	0.10936	0.04671	0.02307	0.07477	0.01823	0.01112	0.00831	0.00254	0.00830	0.00876	0.00809	0.01312
7	0.02542	0.01957	0.02142	0.01625	0.02289	0.01993	0.01327	0.39161	0.06390	0.04166	0.01846	0.01915	0.01378	0.00852	0.00740	0.00203	0.00778	0.00654	0.00698	0.27344
8	0.01164	0.00872	0.01069	0.01174	0.01300	0.00865	0.00834	0.01570	0.08898	0.02217	0.04439	0.42292	0.10340	0.10525	0.01383	0.00378	0.00554	0.08671	0.00730	0.00724
9	0.01332	0.01388	0.09939	0.01352	0.01678	0.01139	0.01183	0.01670	0.01405	0.02088	0.02042	0.03100	0.01917	0.14997	0.34014	0.00834	0.04123	0.00826	0.05178	0.09795

[dist]
# distance from previous block
# <min> <max>
15	27

[block]
# block no. 4 follows, 23 sequences, length 32
# corresponding to MSA columns:
# 277-308
name=unknown_E
#
# <colnr> <probs for GDERKNQSTAVLIFYWHMCP>
#	G	D	E	R	K	N	Q	S	T	A	V	L	I	F	Y	W	H	M	C	P
0	0.07215	0.51531	0.10724	0.01610	0.02314	0.05247	0.04266	0.02459	0.01656	0.02133	0.01188	0.01411	0.01038	0.00740	0.00659	0.00201	0.03715	0.00489	0.00363	0.01040
1	0.02209	0.04712	0.02129	0.01754	0.05230	0.01707	0.04168	0.22659	0.05383	0.08138	0.02730	0.11453	0.05014	0.01229	0.00832	0.00247	0.00758	0.05766	0.00700	0.13183
2	0.01695	0.01075	0.01224	0.03440	0.01433	0.01144	0.00835	0.13196	0.01891	0.02829	0.02319	0.03294	0.02060	0.17918	0.06754	0.06528	0.00755	0.00853	0.29976	0.00782
3	0.08150	0.01717	0.03071	0.29243	0.04193	0.01832	0.24726	0.02390	0.05598	0.02506	0.01736	0.05145	0.01398	0.00844	0.00842	0.00267	0.01077	0.00857	0.00442	0.03968
4	0.01530	0.01280	0.01520	0.01186	0.01759	0.00989	0.00916	0.01842	0.01654	0.02518	0.02108	0.16905	0.02117	0.01028	0.00696	0.00166	0.00572	0.00882	0.00541	0.59790
5	0.01857	0.02072	0.04376	0.03169	0.03886	0.02008	0.54685	0.02482	0.01885	0.02588	0.05545	0.02393	0.01612	0.00803	0.01094	0.00279	0.06804	0.00969	0.00436	0.01058
6	0.01532	0.01442	0.02434	0.69533	0.05589	0.01803	0.02253	0.02073	0.01622	0.02073	0.01442	0.02163	0.01082	0.00811	0.00811	0.00270	0.01082	0.00721	0.00361	0.00901
7	0.01532	0.01442	0.02434	0.69533	0.05589	0.01803	0.02253	0.02073	0.01622	0.02073	0.01442	0.02163	0.01082	0.00811	0.00811	0.00270	0.01082	0.00721	0.00361	0.00901
8	0.02104	0.01559	0.01711	0.01522	0.01962	0.01712	0.01185	0.06485	0.43590	0.11465	0.03741	0.08791	0.08030	0.01279	0.00852	0.00275	0.00627	0.01075	0.00836	0.01200
9	0.03085	0.02273	0.02435	0.01867	0.02516	0.02516	0.01542	0.63716	0.03815	0.05114	0.01948	0.01948	0.01380	0.00974	0.00812	0.00244	0.00893	0.00731	0.00812	0.01380
10	0.08242	0.01955	0.03908	0.02885	0.03533	0.01931	0.46759	0.02382	0.01777	0.02582	0.01829	0.08862	0.01595	0.00935	0.01070	0.00284	0.06983	0.01026	0.00447	0.01016
11	0.62652	0.01637	0.01378	0.01193	0.01686	0.01894	0.00982	0.10096	0.01695	0.03748	0.01284	0.01473	0.00990	0.00811	0.00617	0.00252	0.03014	0.00496	0.03165	0.00938
12	0.03025	0.02189	0.02361	0.01830	0.02463	0.02415	0.01505	0.56185	0.08642	0.07848	0.02115	0.02072	0.01497	0.00986	0.00813	0.00246	0.00863	0.00749	0.00822	0.01372
13	0.01296	0.00945	0.01137	0.01169	0.01327	0.00931	0.00824	0.09579	0.01914	0.02544	0.09266	0.44652	0.10798	0.08100	0.01256	0.00346	0.00542	0.01873	0.00750	0.00753
14	0.01954	0.01873	0.03196	0.12310	0.59514	0.01914	0.02463	0.02443	0.01822	0.02585	0.01517	0.02026	0.01262	0.00733	0.00804	0.00244	0.00977	0.00723	0.00397	0.01242
15	0.01627	0.04197	0.67279	0.02313	0.03512	0.01884	0.02998	0.02570	0.01713	0.02570	0.01456	0.01713	0.01028	0.00771	0.00771	0.00257	0.01199	0.00600	0.00343	0.01199
16	0.02008	0.01928	0.03294	0.04981	0.66422	0.01928	0.02490	0.02490	0.01848	0.02651	0.01526	0.02008	0.01285	0.00723	0.00803	0.00241	0.00964	0.00723	0.00402	0.01285
17	0.03085	0.02273	0.02435	0.01867	0.02516	0.02516	0.01542	0.63716	0.03815	0.05114	0.01948	0.01948	0.01380	0.00974	0.00812	0.00244	0.00893	0.00731	0.00812	0.01380
18	0.00997	0.00829	0.00878	0.00906	0.01161	0.00710	0.00695	0.01217	0.01838	0.02212	0.07644	0.10712	0.56978	0.02096	0.00979	0.00287	0.00449	0.07968	0.00753	0.00690
19	0.01532	0.01442	0.02434	0.69533	0.05589	0.01803	0.02253	0.02073	0.01622	0.02073	0.01442	0.02163	0.01082	0.00811	0.00811	0.00270	0.01082	0.00721	0.00361	0.00901
20	0.01532	0.01442	0.02434	0.69533	0.05589	0.01803	0.02253	0.02073	0.01622	0.02073	0.01442	0.02163	0.01082	0.00811	0.00811	0.00270	0.01082	0.00721	0.00361	0.00901
21	0.02008	0.01928	0.03294	0.04981	0.66422	0.01928	0.02490	0.02490	0.01848	0.02651	0.01526	0.02008	0.01285	0.00723	0.00803	0.00241	0.00964	0.00723	0.00402	0.01285
22	0.01239	0.00904	0.01211	0.01338	0.01537	0.00877	0.01139	0.01591	0.01927	0.02516	0.13680	0.08531	0.13199	0.02133	0.01076	0.00343	0.00650	0.44598	0.00769	0.00742
23	0.01792	0.01889	0.03753	0.27069	0.13041	0.01947	0.33607	0.02398	0.01802	0.02420	0.01555	0.02156	0.01185	0.00734	0.00885	0.00268	0.01212	0.00842	0.00392	0.01052
24	0.01148	0.00829	0.01085	0.01021	0.01212	0.00766	0.00766	0.01531	0.02297	0.03254	0.65994	0.06061	0.07656	0.01659	0.00957	0.00255	0.00383	0.01467	0.00893	0.00766
25	0.01159	0.00869	0.01304	0.01304	0.01449	0.01014	0.01014	0.01449	0.01304	0.01884	0.02173	0.03188	0.02029	0.06086	0.68268	0.01304	0.02173	0.00869	0.00435	0.00724
26	0.03085	0.02273	0.02435	0.01867	0.02516	0.02516	0.01542	0.63716	0.03815	0.05114	0.01948	0.01948	0.01380	0.00974	0.00812	0.00244	0.00893	0.00731	0.00812	0.01380
27	0.01786	0.01511	0.01805	0.06729	0.02266	0.01258	0.01113	0.07145	0.01854	0.02803	0.01484	0.01743	0.01207	0.00649	0.00635	0.00142	0.00664	0.00521	0.00498	0.64188
28	0.02065	0.58874	0.16432	0.01567	0.02359	0.02954	0.01699	0.02457	0.01661	0.02037	0.01191	0.01381	0.01039	0.00709	0.00569	0.00190	0.00932	0.00466	0.00346	0.01072
29	0.02814	0.02097	0.02261	0.01773	0.02365	0.02318	0.01451	0.52546	0.09716	0.04785	0.07551	0.02406	0.02024	0.01045	0.00826	0.00248	0.00825	0.00812	0.00820	0.01318
30	0.01192	0.00913	0.01158	0.01162	0.01397	0.00787	0.00837	0.01413	0.01639	0.02295	0.06665	0.46734	0.04370	0.01985	0.00925	0.00274	0.00515	0.04903	0.00690	0.20146
31	0.09280	0.02353	0.05247	0.01818	0.02456	0.05878	0.01538	0.48837	0.07184	0.04601	0.01902	0.01924	0.01371	0.00946	0.00780	0.00245	0.00899	0.00700	0.00744	0.01300

[dist]
# distance from previous block
# <min> <max>
0	1

[block]
# block no. 5 follows, 23 sequences, length 7
# corresponding to MSA columns:
# 310-316
name=unknown_F
#
# <colnr> <probs for GDERKNQSTAVLIFYWHMCP>
#	G	D	E	R	K	N	Q	S	T	A	V	L	I	F	Y	W	H	M	C	P
0	0.05526	0.11377	0.40222	0.02201	0.06495	0.10246	0.02367	0.02735	0.01820	0.07627	0.01522	0.01717	0.01117	0.00786	0.00731	0.00240	0.01114	0.00588	0.00416	0.01154
1	0.02859	0.02055	0.02194	0.01707	0.02290	0.02263	0.01402	0.54827	0.03511	0.04814	0.02049	0.02103	0.01481	0.00970	0.00777	0.00236	0.00819	0.00734	0.11621	0.01290
2	0.01183	0.00967	0.01501	0.01405	0.01623	0.00882	0.08587	0.01444	0.01716	0.02353	0.12723	0.47515	0.04848	0.02028	0.00980	0.00295	0.00580	0.01872	0.00709	0.06789
3	0.07884	0.02072	0.02085	0.01654	0.02218	0.06808	0.01347	0.42341	0.03150	0.09992	0.02042	0.02078	0.01465	0.00949	0.00755	0.00235	0.00834	0.00707	0.10148	0.01238
4	0.02967	0.02215	0.02369	0.01843	0.02472	0.02462	0.01514	0.57190	0.10532	0.04925	0.02097	0.02067	0.01500	0.00988	0.00813	0.00247	0.00865	0.00751	0.00813	0.01369
5	0.01683	0.01442	0.01683	0.01202	0.01923	0.01082	0.00961	0.02043	0.01683	0.02644	0.01442	0.01683	0.01202	0.00601	0.00601	0.00120	0.00601	0.00481	0.00481	0.76444
6	0.14730	0.01475	0.01313	0.01218	0.01543	0.09511	0.00929	0.08569	0.02079	0.02915	0.15442	0.14007	0.20154	0.01556	0.00846	0.00263	0.00636	0.01276	0.00700	0.00838

[dist]
# distance from previous block
# <min> <max>
0	2

[block]
# block no. 6 follows, 23 sequences, length 9
# corresponding to MSA columns:
# 319-327
name=unknown_G
#
# <colnr> <probs for GDERKNQSTAVLIFYWHMCP>
#	G	D	E	R	K	N	Q	S	T	A	V	L	I	F	Y	W	H	M	C	P
0	0.07421	0.01439	0.01648	0.01309	0.01831	0.01403	0.01062	0.16481	0.02361	0.25027	0.02439	0.02429	0.01720	0.00919	0.00706	0.00218	0.00641	0.00718	0.20234	0.09995
1	0.02041	0.55880	0.19216	0.01608	0.02422	0.02896	0.01771	0.02463	0.01664	0.02066	0.01206	0.01399	0.01038	0.00712	0.00580	0.00193	0.00946	0.00473	0.00346	0.01079
2	0.01185	0.00846	0.01188	0.01188	0.01307	0.00954	0.00884	0.01423	0.01304	0.01893	0.02278	0.03594	0.02212	0.18599	0.51540	0.01134	0.01791	0.00923	0.05073	0.00681
3	0.00980	0.00741	0.00906	0.01038	0.01153	0.00667	0.00712	0.01140	0.01642	0.02107	0.05592	0.52089	0.23509	0.02397	0.01013	0.00313	0.00453	0.02129	0.00753	0.00667
4	0.01152	0.00775	0.00893	0.00920	0.00927	0.00768	0.00530	0.01173	0.01234	0.01645	0.02834	0.14808	0.03300	0.61508	0.03682	0.00721	0.00741	0.01343	0.00530	0.00516
5	0.01951	0.01601	0.01826	0.01329	0.02036	0.01356	0.01072	0.13830	0.02090	0.03116	0.01539	0.01733	0.01236	0.00672	0.00641	0.00144	0.00657	0.00528	0.00544	0.62097
6	0.46082	0.01578	0.01682	0.01881	0.14012	0.01727	0.01230	0.02591	0.06210	0.07986	0.06626	0.02052	0.01688	0.00862	0.00642	0.00251	0.00678	0.00636	0.00574	0.01013
7	0.02537	0.01723	0.01977	0.01499	0.02158	0.01641	0.01219	0.22565	0.07483	0.15800	0.02089	0.02081	0.01514	0.00838	0.00728	0.00197	0.00716	0.00660	0.00715	0.31857
8	0.01529	0.01065	0.01186	0.01091	0.01219	0.01107	0.00712	0.13128	0.01712	0.02288	0.02587	0.09690	0.02835	0.52732	0.03259	0.00648	0.00783	0.01180	0.00573	0.00674

[dist]
# distance from previous block
# <min> <max>
0	3

[block]
# block no. 7 follows, 23 sequences, length 11
# corresponding to MSA columns:
# 331-341
name=unknown_H
#
# <colnr> <probs for GDERKNQSTAVLIFYWHMCP>
#	G	D	E	R	K	N	Q	S	T	A	V	L	I	F	Y	W	H	M	C	P
0	0.01027	0.00743	0.00974	0.01112	0.01203	0.00691	0.00774	0.01220	0.01700	0.02275	0.13975	0.54102	0.09478	0.02363	0.01023	0.00317	0.00468	0.05098	0.00774	0.00681
1	0.01676	0.03856	0.56668	0.02501	0.03636	0.01913	0.13267	0.02575	0.01747	0.02575	0.01488	0.01794	0.01062	0.00756	0.00803	0.00260	0.01228	0.00660	0.00354	0.01181
2	0.17757	0.03636	0.53177	0.02047	0.03097	0.01871	0.02546	0.02530	0.01642	0.02798	0.01387	0.01629	0.00996	0.00767	0.00714	0.00256	0.01077	0.00565	0.00377	0.01131
3	0.10051	0.49778	0.17586	0.01554	0.02338	0.02775	0.01683	0.02455	0.01634	0.02237	0.01199	0.01393	0.01021	0.00717	0.00573	0.00200	0.00914	0.00470	0.00363	0.01058
4	0.01161	0.00964	0.01590	0.01500	0.01675	0.00905	0.11383	0.01383	0.01586	0.02123	0.03844	0.54215	0.04478	0.07543	0.01261	0.00355	0.00647	0.01991	0.00675	0.00720
5	0.30848	0.02347	0.12967	0.07000	0.02568	0.05411	0.01595	0.22124	0.02284	0.03724	0.01479	0.01662	0.01089	0.00836	0.00683	0.00249	0.00888	0.00587	0.00559	0.01099
6	0.30137	0.01408	0.01418	0.01317	0.01710	0.01535	0.01071	0.12545	0.04426	0.05171	0.02884	0.12512	0.06088	0.01416	0.00796	0.00287	0.00667	0.13007	0.00678	0.00928
7	0.01385	0.10334	0.01735	0.01300	0.01568	0.01232	0.04433	0.05711	0.01972	0.02645	0.22422	0.31689	0.06847	0.01806	0.00922	0.00276	0.00574	0.01606	0.00727	0.00816
8	0.25138	0.01861	0.01858	0.01501	0.02083	0.02032	0.01221	0.26948	0.13179	0.04051	0.01864	0.01906	0.01391	0.00880	0.00693	0.00235	0.00732	0.00641	0.00677	0.11111
9	0.02792	0.02243	0.10762	0.01793	0.02462	0.02058	0.01609	0.38297	0.06224	0.14992	0.02334	0.06745	0.01764	0.01064	0.00823	0.00254	0.00858	0.00843	0.00779	0.01303
10	0.01669	0.10861	0.06448	0.01543	0.02035	0.01639	0.04727	0.02598	0.20794	0.02611	0.02800	0.20927	0.02690	0.01309	0.00808	0.00249	0.00697	0.01139	0.00628	0.13828

[dist]
# distance from previous block
# <min> <max>
11	23

[block]
# block no. 8 follows, 23 sequences, length 14
# corresponding to MSA columns:
# 365-378
name=unknown_I
#
# <colnr> <probs for GDERKNQSTAVLIFYWHMCP>
#	G	D	E	R	K	N	Q	S	T	A	V	L	I	F	Y	W	H	M	C	P
0	0.03877	0.01713	0.02328	0.01900	0.02338	0.05709	0.12469	0.02723	0.14090	0.08755	0.07822	0.06266	0.02452	0.01172	0.01127	0.00271	0.11248	0.04393	0.00626	0.08721
1	0.05800	0.13170	0.08396	0.08415	0.02540	0.05190	0.01443	0.07252	0.05473	0.02718	0.01514	0.01742	0.01210	0.00731	0.00657	0.00187	0.00819	0.00554	0.00478	0.31711
2	0.01972	0.27885	0.02801	0.01722	0.08745	0.02122	0.01322	0.07653	0.06759	0.02595	0.02211	0.02325	0.07877	0.00868	0.00664	0.00191	0.00748	0.00669	0.00505	0.20364
3	0.01521	0.01254	0.01591	0.01636	0.09249	0.01201	0.01110	0.01909	0.05354	0.05673	0.04385	0.10125	0.25740	0.01455	0.01029	0.00249	0.07641	0.01190	0.00630	0.17057
4	0.01458	0.01144	0.01369	0.01152	0.01529	0.01003	0.00846	0.04147	0.01577	0.02304	0.02221	0.11527	0.02283	0.19565	0.10202	0.00472	0.00844	0.00948	0.00525	0.34882
5	0.02154	0.08118	0.01988	0.01470	0.01875	0.07482	0.01169	0.16710	0.02244	0.07630	0.08594	0.08026	0.02475	0.09496	0.01321	0.00301	0.06241	0.00914	0.02868	0.08921
6	0.01361	0.00996	0.01224	0.01230	0.01422	0.00975	0.00884	0.10668	0.02001	0.02718	0.12220	0.48288	0.04862	0.02088	0.00969	0.00296	0.00529	0.01863	0.00767	0.04637
7	0.02071	0.11101	0.02336	0.01557	0.02191	0.11453	0.04638	0.08746	0.01982	0.02659	0.01485	0.01753	0.01231	0.01044	0.05004	0.00238	0.00937	0.00558	0.00482	0.38532
8	0.02215	0.01771	0.06871	0.01620	0.02133	0.01661	0.01388	0.11044	0.10230	0.14642	0.02324	0.09166	0.01928	0.01132	0.01084	0.00250	0.11742	0.00864	0.00664	0.17273
9	0.01719	0.02950	0.39707	0.01857	0.02769	0.01506	0.02137	0.02388	0.01734	0.07486	0.01945	0.10008	0.01657	0.00961	0.00768	0.00235	0.00940	0.00792	0.00473	0.17967
10	0.01799	0.08817	0.02633	0.05374	0.02590	0.01704	0.12611	0.02343	0.06281	0.02525	0.01549	0.01868	0.01265	0.00744	0.00864	0.00193	0.06799	0.00628	0.00462	0.38951
11	0.06323	0.01427	0.09272	0.14216	0.02428	0.01231	0.01394	0.01845	0.01673	0.07309	0.07540	0.32005	0.03457	0.01654	0.00983	0.00295	0.04032	0.01433	0.00625	0.00857
12	0.10948	0.13073	0.05890	0.09068	0.03118	0.02116	0.21180	0.02481	0.01701	0.07431	0.01504	0.01885	0.01172	0.00828	0.01007	0.00255	0.10144	0.00705	0.00446	0.05047
13	0.01974	0.01242	0.01405	0.01243	0.01634	0.01231	0.00983	0.10091	0.11671	0.15233	0.04743	0.08579	0.22884	0.01500	0.00866	0.00266	0.00578	0.04386	0.08486	0.01005

[dist]
# distance from previous block
# <min> <max>
22	46

[block]
# block no. 9 follows, 23 sequences, length 47
# corresponding to MSA columns:
# 425-471
name=unknown_J
#
# <colnr> <probs for GDERKNQSTAVLIFYWHMCP>
#	G	D	E	R	K	N	Q	S	T	A	V	L	I	F	Y	W	H	M	C	P
0	0.01726	0.01468	0.02326	0.55848	0.04851	0.01796	0.02056	0.05690	0.01765	0.05170	0.01593	0.02203	0.01190	0.00865	0.00889	0.00268	0.04350	0.00727	0.04275	0.00942
1	0.02088	0.01948	0.03255	0.06343	0.03255	0.02006	0.28535	0.16287	0.08094	0.03130	0.01985	0.02640	0.01603	0.03614	0.01099	0.00288	0.04434	0.03924	0.00557	0.04914
2	0.20775	0.01431	0.01576	0.05218	0.01971	0.01523	0.01105	0.09437	0.09976	0.17249	0.12980	0.02892	0.02622	0.01046	0.00743	0.00250	0.00637	0.00826	0.06678	0.01065
3	0.06392	0.55655	0.15480	0.01537	0.02312	0.02891	0.01650	0.02452	0.01645	0.02128	0.01188	0.01377	0.01030	0.00711	0.00565	0.00193	0.00914	0.00464	0.00355	0.01061
4	0.01996	0.02370	0.07266	0.02697	0.03290	0.10869	0.32380	0.02488	0.01781	0.02372	0.01431	0.01928	0.01154	0.00870	0.01276	0.00270	0.16986	0.00782	0.00401	0.07391
5	0.01627	0.04197	0.67279	0.02313	0.03512	0.01884	0.02998	0.02570	0.01713	0.02570	0.01456	0.01713	0.01028	0.00771	0.00771	0.00257	0.01199	0.00600	0.00343	0.01199
6	0.01532	0.01442	0.02434	0.69533	0.05589	0.01803	0.02253	0.02073	0.01622	0.02073	0.01442	0.02163	0.01082	0.00811	0.00811	0.00270	0.01082	0.00721	0.00361	0.00901
7	0.01532	0.01442	0.02434	0.69533	0.05589	0.01803	0.02253	0.02073	0.01622	0.02073	0.01442	0.02163	0.01082	0.00811	0.00811	0.00270	0.01082	0.00721	0.00361	0.00901
8	0.01532	0.01442	0.02434	0.69533	0.05589	0.01803	0.02253	0.02073	0.01622	0.02073	0.01442	0.02163	0.01082	0.00811	0.00811	0.00270	0.01082	0.00721	0.00361	0.00901
9	0.01180	0.00787	0.00885	0.00885	0.00885	0.00787	0.00492	0.01180	0.01180	0.01573	0.02557	0.05310	0.02950	0.71483	0.04130	0.00787	0.00787	0.01180	0.00492	0.00492
10	0.03085	0.02273	0.02435	0.01867	0.02516	0.02516	0.01542	0.63716	0.03815	0.05114	0.01948	0.01948	0.01380	0.00974	0.00812	0.00244	0.00893	0.00731	0.00812	0.01380
11	0.03641	0.01381	0.01883	0.01444	0.02071	0.01193	0.01193	0.03954	0.02322	0.66984	0.03201	0.02762	0.02009	0.01004	0.00816	0.00251	0.00690	0.00816	0.01004	0.01381
12	0.03085	0.02273	0.02435	0.01867	0.02516	0.02516	0.01542	0.63716	0.03815	0.05114	0.01948	0.01948	0.01380	0.00974	0.00812	0.00244	0.00893	0.00731	0.00812	0.01380
13	0.01627	0.04197	0.67279	0.02313	0.03512	0.01884	0.02998	0.02570	0.01713	0.02570	0.01456	0.01713	0.01028	0.00771	0.00771	0.00257	0.01199	0.00600	0.00343	0.01199
14	0.00987	0.00711	0.00936	0.01116	0.01173	0.00660	0.00747	0.01131	0.01567	0.02077	0.04641	0.68114	0.08098	0.02520	0.01032	0.00327	0.00468	0.02280	0.00753	0.00660
15	0.00959	0.00822	0.00822	0.00822	0.01096	0.00685	0.00617	0.01165	0.01850	0.02192	0.08220	0.07809	0.66092	0.02055	0.00959	0.00274	0.00411	0.01713	0.00754	0.00685
16	0.03085	0.02273	0.02435	0.01867	0.02516	0.02516	0.01542	0.63716	0.03815	0.05114	0.01948	0.01948	0.01380	0.00974	0.00812	0.00244	0.00893	0.00731	0.00812	0.01380
17	0.01532	0.01442	0.02434	0.69533	0.05589	0.01803	0.02253	0.02073	0.01622	0.02073	0.01442	0.02163	0.01082	0.00811	0.00811	0.00270	0.01082	0.00721	0.00361	0.00901
18	0.00989	0.00706	0.00942	0.01130	0.01177	0.00659	0.00753	0.01130	0.01554	0.02071	0.04472	0.70954	0.05367	0.02542	0.01036	0.00330	0.00471	0.02307	0.00753	0.00659
19	0.01915	0.02189	0.04788	0.03420	0.04241	0.02052	0.63475	0.02599	0.01915	0.02599	0.01642	0.02189	0.01231	0.00684	0.00958	0.00274	0.01368	0.00958	0.00410	0.01094
20	0.00989	0.00706	0.00942	0.01130	0.01177	0.00659	0.00753	0.01130	0.01554	0.02071	0.04472	0.70954	0.05367	0.02542	0.01036	0.00330	0.00471	0.02307	0.00753	0.00659
21	0.03085	0.02273	0.02435	0.01867	0.02516	0.02516	0.01542	0.63716	0.03815	0.05114	0.01948	0.01948	0.01380	0.00974	0.00812	0.00244	0.00893	0.00731	0.00812	0.01380
22	0.01915	0.02189	0.04788	0.03420	0.04241	0.02052	0.63475	0.02599	0.01915	0.02599	0.01642	0.02189	0.01231	0.00684	0.00958	0.00274	0.01368	0.00958	0.00410	0.01094
23	0.01554	0.01464	0.02472	0.66630	0.08324	0.01808	0.02264	0.02092	0.01633	0.02099	0.01446	0.02156	0.01091	0.00807	0.00811	0.00269	0.01076	0.00721	0.00362	0.00919
24	0.02008	0.01928	0.03294	0.04981	0.66422	0.01928	0.02490	0.02490	0.01848	0.02651	0.01526	0.02008	0.01285	0.00723	0.00803	0.00241	0.00964	0.00723	0.00402	0.01285
25	0.03036	0.03709	0.02313	0.02068	0.02509	0.61705	0.01565	0.09241	0.02450	0.02296	0.01323	0.01511	0.01078	0.00850	0.00740	0.00212	0.01407	0.00543	0.00457	0.00984
26	0.03085	0.02273	0.02435	0.01867	0.02516	0.02516	0.01542	0.63716	0.03815	0.05114	0.01948	0.01948	0.01380	0.00974	0.00812	0.00244	0.00893	0.00731	0.00812	0.01380
27	0.01180	0.00787	0.00885	0.00885	0.00885	0.00787	0.00492	0.01180	0.01180	0.01573	0.02557	0.05310	0.02950	0.71483	0.04130	0.00787	0.00787	0.01180	0.00492	0.00492
28	0.02080	0.01774	0.01870	0.01664	0.02134	0.02047	0.01299	0.07779	0.61387	0.03495	0.03224	0.02964	0.02413	0.01093	0.00825	0.00273	0.00657	0.00906	0.00825	0.01290
29	0.00989	0.00706	0.00942	0.01130	0.01177	0.00659	0.00753	0.01130	0.01554	0.02071	0.04472	0.70954	0.05367	0.02542	0.01036	0.00330	0.00471	0.02307	0.00753	0.00659
30	0.01942	0.01860	0.03173	0.13999	0.57922	0.01910	0.02457	0.02432	0.01816	0.02570	0.01515	0.02030	0.01257	0.00735	0.00804	0.00245	0.00980	0.00723	0.00396	0.01232
31	0.00989	0.00706	0.00942	0.01130	0.01177	0.00659	0.00753	0.01130	0.01554	0.02071	0.04472	0.70954	0.05367	0.02542	0.01036	0.00330	0.00471	0.02307	0.00753	0.00659
32	0.77215	0.01569	0.01193	0.01067	0.01569	0.01820	0.00879	0.02385	0.01381	0.03641	0.01130	0.01318	0.00879	0.00753	0.00502	0.00251	0.00628	0.00439	0.00502	0.00879
33	0.02008	0.01928	0.03294	0.04981	0.66422	0.01928	0.02490	0.02490	0.01848	0.02651	0.01526	0.02008	0.01285	0.00723	0.00803	0.00241	0.00964	0.00723	0.00402	0.01285
34	0.03085	0.02273	0.02435	0.01867	0.02516	0.02516	0.01542	0.63716	0.03815	0.05114	0.01948	0.01948	0.01380	0.00974	0.00812	0.00244	0.00893	0.00731	0.00812	0.01380
35	0.00989	0.00706	0.00942	0.01130	0.01177	0.00659	0.00753	0.01130	0.01554	0.02071	0.04472	0.70954	0.05367	0.02542	0.01036	0.00330	0.00471	0.02307	0.00753	0.00659
36	0.03085	0.02273	0.02435	0.01867	0.02516	0.02516	0.01542	0.63716	0.03815	0.05114	0.01948	0.01948	0.01380	0.00974	0.00812	0.00244	0.00893	0.00731	0.00812	0.01380
37	0.03641	0.01381	0.01883	0.01444	0.02071	0.01193	0.01193	0.03954	0.02322	0.66984	0.03201	0.02762	0.02009	0.01004	0.00816	0.00251	0.00690	0.00816	0.01004	0.01381
38	0.01532	0.01442	0.02434	0.69533	0.05589	0.01803	0.02253	0.02073	0.01622	0.02073	0.01442	0.02163	0.01082	0.00811	0.00811	0.00270	0.01082	0.00721	0.00361	0.00901
39	0.01260	0.00856	0.01110	0.01031	0.01248	0.00782	0.00779	0.01631	0.02276	0.06310	0.60015	0.05988	0.10328	0.01647	0.00950	0.00256	0.00399	0.01448	0.00892	0.00792
40	0.03428	0.01503	0.01932	0.01505	0.02119	0.01403	0.01236	0.09843	0.08558	0.54741	0.03088	0.02708	0.01993	0.01011	0.00817	0.00253	0.00706	0.00817	0.00968	0.01371
41	0.03085	0.02273	0.02435	0.01867	0.02516	0.02516	0.01542	0.63716	0.03815	0.05114	0.01948	0.01948	0.01380	0.00974	0.00812	0.00244	0.00893	0.00731	0.00812	0.01380
42	0.01654	0.01528	0.02511	0.60313	0.10866	0.01850	0.02238	0.05257	0.01755	0.02280	0.01476	0.02138	0.01115	0.00812	0.00811	0.00266	0.01062	0.00722	0.00387	0.00960
43	0.02119	0.65653	0.10128	0.01475	0.02216	0.03087	0.01538	0.02443	0.01655	0.01971	0.01159	0.01340	0.01040	0.00701	0.00544	0.00181	0.00899	0.00449	0.00347	0.01056
44	0.01556	0.01466	0.02476	0.66351	0.08587	0.01809	0.02265	0.02094	0.01634	0.02102	0.01446	0.02156	0.01092	0.00807	0.00811	0.00269	0.01076	0.00721	0.00363	0.00920
45	0.01895	0.02130	0.04458	0.03235	0.03939	0.02114	0.54643	0.02507	0.01819	0.02507	0.01559	0.02130	0.01207	0.00789	0.01202	0.00285	0.11192	0.00922	0.00402	0.01065
46	0.02458	0.02039	0.02157	0.01759	0.02277	0.10075	0.04936	0.28289	0.08991	0.06471	0.04750	0.11509	0.02228	0.01162	0.00831	0.00247	0.00857	0.00961	0.00718	0.07285

[dist]
# distance from previous block
# <min> <max>
2	7

[block]
# block no. 10 follows, 23 sequences, length 28
# corresponding to MSA columns:
# 479-506
name=unknown_K
#
# <colnr> <probs for GDERKNQSTAVLIFYWHMCP>
#	G	D	E	R	K	N	Q	S	T	A	V	L	I	F	Y	W	H	M	C	P
0	0.02031	0.01445	0.01700	0.01371	0.01907	0.01320	0.01089	0.14392	0.04007	0.09923	0.04617	0.13401	0.02423	0.01162	0.00781	0.00214	0.00649	0.04093	0.00683	0.32790
1	0.02217	0.55471	0.11493	0.01556	0.02305	0.02969	0.01598	0.09900	0.01920	0.02377	0.01267	0.01429	0.01081	0.00737	0.00586	0.00192	0.00910	0.00490	0.00403	0.01101
2	0.10629	0.01238	0.01287	0.01272	0.01483	0.08133	0.00972	0.01767	0.01495	0.02266	0.02278	0.10782	0.02186	0.03852	0.36881	0.00812	0.01495	0.00937	0.09471	0.00762
3	0.02008	0.01928	0.03294	0.04981	0.66422	0.01928	0.02490	0.02490	0.01848	0.02651	0.01526	0.02008	0.01285	0.00723	0.00803	0.00241	0.00964	0.00723	0.00402	0.01285
4	0.02288	0.01814	0.01990	0.01548	0.02119	0.03558	0.01251	0.28772	0.02590	0.03643	0.01855	0.05524	0.01532	0.00943	0.00852	0.00206	0.05286	0.00716	0.04612	0.28900
5	0.02768	0.03123	0.02250	0.01979	0.02373	0.43830	0.01530	0.12376	0.05437	0.02579	0.01501	0.01723	0.01216	0.00946	0.00976	0.00234	0.09621	0.00607	0.03919	0.01010
6	0.02698	0.01989	0.02178	0.01736	0.02274	0.02212	0.01411	0.42902	0.12181	0.07495	0.02508	0.02575	0.04994	0.03892	0.01059	0.00278	0.04742	0.00830	0.00782	0.01266
7	0.01725	0.01639	0.02782	0.43371	0.30243	0.01854	0.02349	0.02242	0.01714	0.02307	0.01476	0.02100	0.01164	0.00775	0.00808	0.00258	0.01034	0.00722	0.00377	0.01057
8	0.01831	0.10386	0.03330	0.02383	0.02725	0.02359	0.20358	0.02178	0.01499	0.02139	0.01310	0.01923	0.01167	0.01374	0.05612	0.00362	0.36969	0.00760	0.00375	0.00960
9	0.01496	0.01331	0.02145	0.52551	0.04561	0.01596	0.01915	0.01984	0.01593	0.02146	0.01605	0.02309	0.01266	0.01447	0.08987	0.00381	0.01140	0.00726	0.04995	0.05828
10	0.07912	0.10359	0.02227	0.01562	0.02075	0.02150	0.01281	0.38026	0.02861	0.03953	0.02179	0.11130	0.01936	0.04880	0.00951	0.00274	0.00791	0.00906	0.03410	0.01138
11	0.02830	0.02082	0.02254	0.01777	0.02353	0.02290	0.01446	0.56104	0.03540	0.04744	0.02255	0.10341	0.01865	0.01165	0.00839	0.00254	0.00842	0.00922	0.00805	0.01292
12	0.68751	0.01552	0.01304	0.05267	0.01841	0.01786	0.00979	0.02448	0.01445	0.06853	0.01257	0.01445	0.00950	0.00770	0.00537	0.00252	0.00659	0.00476	0.00520	0.00906
13	0.60977	0.01481	0.01316	0.09376	0.02011	0.01720	0.01025	0.02287	0.01464	0.03402	0.03839	0.01700	0.01238	0.00807	0.00561	0.00250	0.00660	0.00531	0.04484	0.00871
14	0.02829	0.02105	0.02253	0.01763	0.02368	0.02320	0.01443	0.51344	0.11074	0.04718	0.02131	0.02125	0.01543	0.00976	0.00794	0.00241	0.00827	0.00746	0.04572	0.03829
15	0.07065	0.02084	0.02204	0.01736	0.02316	0.02315	0.01410	0.50333	0.09470	0.04630	0.02074	0.02238	0.01562	0.05601	0.01013	0.00283	0.00846	0.00762	0.00774	0.01284
16	0.02228	0.56862	0.07088	0.01556	0.02208	0.11016	0.01510	0.02512	0.01711	0.01954	0.01157	0.01365	0.01042	0.00751	0.00663	0.00191	0.04333	0.00466	0.00356	0.01029
17	0.03085	0.02273	0.02435	0.01867	0.02516	0.02516	0.01542	0.63716	0.03815	0.05114	0.01948	0.01948	0.01380	0.00974	0.00812	0.00244	0.00893	0.00731	0.00812	0.01380
18	0.13709	0.01359	0.01720	0.01374	0.01942	0.01248	0.01135	0.03506	0.02166	0.51851	0.05817	0.03043	0.02246	0.01063	0.00794	0.00258	0.00671	0.03934	0.00916	0.01250
19	0.01721	0.01476	0.01700	0.01253	0.01944	0.01188	0.00998	0.02301	0.08884	0.02729	0.01654	0.01836	0.01347	0.00658	0.00627	0.00138	0.00606	0.00530	0.00520	0.67890
20	0.01934	0.02070	0.02534	0.02150	0.02314	0.13569	0.07401	0.02177	0.01494	0.02011	0.01277	0.01921	0.01187	0.01782	0.09639	0.00430	0.44113	0.00719	0.00380	0.00897
21	0.03085	0.02273	0.02435	0.01867	0.02516	0.02516	0.01542	0.63716	0.03815	0.05114	0.01948	0.01948	0.01380	0.00974	0.00812	0.00244	0.00893	0.00731	0.00812	0.01380
22	0.01683	0.01442	0.01683	0.01202	0.01923	0.01082	0.00961	0.02043	0.01683	0.02644	0.01442	0.01683	0.01202	0.00601	0.00601	0.00120	0.00601	0.00481	0.00481	0.76444
23	0.01271	0.01020	0.01175	0.01151	0.01360	0.04620	0.00896	0.01630	0.02193	0.02969	0.47800	0.06452	0.10596	0.01739	0.00973	0.00274	0.00509	0.11772	0.00832	0.00767
24	0.73954	0.01683	0.04044	0.01121	0.01653	0.01823	0.00970	0.02393	0.01395	0.03594	0.01144	0.01335	0.00885	0.00754	0.00514	0.00251	0.00652	0.00446	0.00495	0.00893
25	0.02087	0.01680	0.02007	0.01562	0.02142	0.01641	0.04688	0.21521	0.09554	0.03435	0.04274	0.06776	0.01975	0.04157	0.00913	0.00234	0.00733	0.00820	0.00652	0.29149
26	0.20478	0.01403	0.01621	0.01330	0.01857	0.01388	0.01080	0.03343	0.09513	0.37073	0.10085	0.02840	0.02460	0.01033	0.00760	0.00254	0.00634	0.00816	0.00852	0.01179
27	0.01612	0.01367	0.01607	0.01195	0.01847	0.01039	0.00940	0.01950	0.01669	0.02586	0.01750	0.08720	0.01625	0.00798	0.00645	0.00141	0.00588	0.00666	0.00508	0.68745

[dist]
# distance from previous block
# <min> <max>
13	19

[block]
# block no. 11 follows, 23 sequences, length 15
# corresponding to MSA columns:
# 527-541
name=unknown_L
#
# <colnr> <probs for GDERKNQSTAVLIFYWHMCP>
#	G	D	E	R	K	N	Q	S	T	A	V	L	I	F	Y	W	H	M	C	P
0	0.01818	0.01728	0.02865	0.09517	0.52059	0.01737	0.02198	0.02264	0.01830	0.02538	0.02495	0.02866	0.10710	0.00924	0.00827	0.00248	0.00893	0.00867	0.00450	0.01167
1	0.01246	0.01058	0.01734	0.01959	0.11041	0.01007	0.08348	0.01500	0.01639	0.02218	0.03712	0.52860	0.04288	0.02060	0.00993	0.00310	0.00648	0.01918	0.00662	0.00801
2	0.36468	0.02107	0.01828	0.06197	0.02282	0.11704	0.01284	0.20419	0.04897	0.03710	0.01498	0.01652	0.01130	0.00848	0.00661	0.00245	0.00859	0.00576	0.00584	0.01052
3	0.01243	0.00899	0.01225	0.01385	0.01566	0.00881	0.01176	0.01582	0.01857	0.02415	0.07492	0.14588	0.09769	0.02227	0.01092	0.00356	0.00678	0.48076	0.00755	0.00735
4	0.01600	0.01500	0.02473	0.60246	0.10566	0.01825	0.02219	0.02234	0.05186	0.02196	0.01553	0.02199	0.01177	0.00820	0.00811	0.00268	0.01047	0.00732	0.00390	0.00955
5	0.02008	0.01928	0.03294	0.04981	0.66422	0.01928	0.02490	0.02490	0.01848	0.02651	0.01526	0.02008	0.01285	0.00723	0.00803	0.00241	0.00964	0.00723	0.00402	0.01285
6	0.01981	0.13358	0.03050	0.08383	0.38776	0.07274	0.02018	0.02398	0.01887	0.02505	0.08980	0.02335	0.01957	0.00843	0.00770	0.00231	0.00929	0.00747	0.00449	0.01129
7	0.03085	0.02273	0.02435	0.01867	0.02516	0.02516	0.01542	0.63716	0.03815	0.05114	0.01948	0.01948	0.01380	0.00974	0.00812	0.00244	0.00893	0.00731	0.00812	0.01380
8	0.01195	0.01011	0.01057	0.01012	0.01315	0.00966	0.00769	0.01846	0.14773	0.02550	0.13353	0.06648	0.46906	0.01818	0.00932	0.00272	0.00455	0.01524	0.00783	0.00816
9	0.01761	0.20941	0.51708	0.02084	0.03159	0.02212	0.02600	0.02535	0.01697	0.02406	0.01375	0.01611	0.01031	0.00752	0.00709	0.00236	0.01117	0.00559	0.00344	0.01160
10	0.01627	0.04197	0.67279	0.02313	0.03512	0.01884	0.02998	0.02570	0.01713	0.02570	0.01456	0.01713	0.01028	0.00771	0.00771	0.00257	0.01199	0.00600	0.00343	0.01199
11	0.02103	0.63640	0.12000	0.01502	0.02258	0.03048	0.01586	0.02447	0.01657	0.01990	0.01168	0.01352	0.01040	0.00704	0.00551	0.00184	0.00908	0.00454	0.00347	0.01061
12	0.18663	0.01125	0.01368	0.01272	0.01562	0.01144	0.03065	0.03810	0.01706	0.11353	0.07494	0.18170	0.03091	0.03838	0.01284	0.11391	0.00646	0.07544	0.00665	0.00811
13	0.17916	0.16630	0.02230	0.07159	0.02192	0.07938	0.01248	0.14306	0.02101	0.05325	0.01667	0.01876	0.01295	0.00839	0.00635	0.00220	0.00800	0.00595	0.14013	0.01013
