[name]
unknown

[dist]
# distance from previous block
# <min> <max>
0	38

[block]
# block no. 0 follows, 23 sequences, length 10
# corresponding to MSA columns:
# 38-47
name=unknown_A
#
# <colnr> <probs for GDERKNQSTAVLIFYWHMCP>
#	G	D	E	R	K	N	Q	S	T	A	V	L	I	F	Y	W	H	M	C	P
0	0.01259	0.00902	0.01239	0.01349	0.01537	0.00882	0.01141	0.01635	0.02000	0.02683	0.23294	0.08201	0.05589	0.02062	0.01070	0.00337	0.00635	0.42641	0.00792	0.00753
1	0.03141	0.01492	0.01868	0.01508	0.02083	0.01447	0.01221	0.04064	0.21608	0.47403	0.03232	0.02844	0.02153	0.01034	0.00819	0.00259	0.00676	0.00847	0.00949	0.01351
2	0.00989	0.00706	0.00942	0.01130	0.01177	0.00659	0.00753	0.01130	0.01554	0.02071	0.04472	0.70954	0.05367	0.02542	0.01036	0.00330	0.00471	0.02307	0.00753	0.00659
3	0.01121	0.00762	0.00902	0.00960	0.00975	0.00747	0.00572	0.01165	0.01295	0.01727	0.03147	0.25523	0.03694	0.50255	0.03177	0.00646	0.00689	0.01527	0.00572	0.00543
4	0.02285	0.01423	0.01744	0.01276	0.01969	0.01116	0.01033	0.02632	0.01880	0.22455	0.01984	0.02015	0.01450	0.00725	0.00667	0.00160	0.00628	0.00584	0.00642	0.53330
5	0.02799	0.01330	0.01711	0.01370	0.01866	0.01238	0.01108	0.11184	0.02514	0.39103	0.22369	0.03669	0.03664	0.01202	0.00859	0.00251	0.00623	0.01005	0.00944	0.01191
6	0.01428	0.01216	0.02079	0.01657	0.01922	0.01174	0.19890	0.01662	0.01440	0.01982	0.02281	0.04204	0.02365	0.45198	0.02927	0.00591	0.00940	0.01085	0.05267	0.00694
7	0.06347	0.01340	0.01592	0.01282	0.01772	0.01300	0.01041	0.12822	0.02326	0.34404	0.02733	0.02645	0.01877	0.00970	0.00724	0.00231	0.00624	0.00766	0.24039	0.01165
8	0.14993	0.05126	0.26192	0.01815	0.02645	0.01723	0.04899	0.05463	0.01956	0.24564	0.02008	0.02019	0.01359	0.00848	0.00743	0.00251	0.00916	0.00663	0.00615	0.01203
9	0.01660	0.04668	0.26929	0.01649	0.02287	0.01424	0.01738	0.05240	0.04115	0.07836	0.17350	0.15525	0.03520	0.01340	0.00862	0.00266	0.00789	0.01144	0.00639	0.01019

[dist]
# distance from previous block
# <min> <max>
7	23

[block]
# block no. 1 follows, 23 sequences, length 32
# corresponding to MSA columns:
# 71-102
name=unknown_B
#
# <colnr> <probs for GDERKNQSTAVLIFYWHMCP>
#	G	D	E	R	K	N	Q	S	T	A	V	L	I	F	Y	W	H	M	C	P
0	0.06834	0.01778	0.02115	0.01906	0.08781	0.01829	0.01391	0.24732	0.05787	0.09284	0.01914	0.02074	0.01453	0.01258	0.05887	0.00301	0.02940	0.00683	0.00651	0.18400
1	0.02091	0.02134	0.11959	0.03466	0.36571	0.01799	0.02139	0.02886	0.11360	0.09066	0.01942	0.02169	0.01493	0.00805	0.00788	0.00240	0.00895	0.00725	0.00522	0.06950
2	0.05927	0.22675	0.41289	0.01974	0.02905	0.02294	0.02343	0.02474	0.01642	0.02399	0.01318	0.01582	0.01026	0.00798	0.00829	0.00241	0.06264	0.00553	0.00354	0.01114
3	0.01000	0.00711	0.00938	0.01115	0.01160	0.00667	0.00738	0.01133	0.01531	0.02042	0.04358	0.67038	0.05223	0.06654	0.01220	0.00357	0.00490	0.02240	0.00738	0.00649
4	0.01942	0.43478	0.30749	0.01777	0.02684	0.02653	0.02065	0.02489	0.01676	0.02187	0.01266	0.01475	0.01036	0.00726	0.00626	0.00209	0.01007	0.00504	0.00345	0.01108
5	0.01409	0.00705	0.01057	0.01057	0.01057	0.00705	0.00705	0.01057	0.01057	0.01409	0.01409	0.02467	0.01409	0.02819	0.03171	0.76392	0.00705	0.00705	0.00352	0.00352
6	0.00989	0.00706	0.00942	0.01130	0.01177	0.00659	0.00753	0.01130	0.01554	0.02071	0.04472	0.70954	0.05367	0.02542	0.01036	0.00330	0.00471	0.02307	0.00753	0.00659
7	0.02713	0.02607	0.02601	0.06905	0.18058	0.21672	0.01822	0.27358	0.02759	0.03412	0.01611	0.01833	0.01240	0.00863	0.00786	0.00234	0.01090	0.00667	0.00569	0.01198
8	0.03031	0.03867	0.02299	0.02090	0.02508	0.68226	0.01568	0.03240	0.02299	0.01986	0.01254	0.01463	0.01045	0.00836	0.00732	0.00209	0.01463	0.00523	0.00418	0.00941
9	0.01850	0.02006	0.07143	0.07300	0.25880	0.03722	0.22240	0.02444	0.03757	0.02579	0.01894	0.07337	0.01627	0.00884	0.00854	0.00258	0.01049	0.00914	0.05158	0.01105
10	0.03085	0.02273	0.02435	0.01867	0.02516	0.02516	0.01542	0.63716	0.03815	0.05114	0.01948	0.01948	0.01380	0.00974	0.00812	0.00244	0.00893	0.00731	0.00812	0.01380
11	0.01180	0.00787	0.00885	0.00885	0.00885	0.00787	0.00492	0.01180	0.01180	0.01573	0.02557	0.05310	0.02950	0.71483	0.04130	0.00787	0.00787	0.01180	0.00492	0.00492
12	0.01787	0.01727	0.03150	0.25538	0.04051	0.01809	0.26899	0.08243	0.01974	0.02649	0.02160	0.04697	0.05422	0.00915	0.00873	0.00266	0.01078	0.00932	0.04834	0.00998
13	0.02294	0.01763	0.01992	0.01787	0.05605	0.01894	0.01339	0.13214	0.37944	0.09482	0.02745	0.02605	0.02032	0.00987	0.00792	0.00246	0.00698	0.00812	0.00773	0.10995
14	0.39095	0.14651	0.10753	0.01608	0.02235	0.02110	0.08389	0.02393	0.01553	0.02970	0.03156	0.01630	0.01179	0.00800	0.00721	0.00246	0.04531	0.00563	0.00447	0.00971
15	0.06894	0.55688	0.03615	0.01368	0.01999	0.05075	0.01304	0.02477	0.01743	0.05958	0.06146	0.01753	0.01587	0.00794	0.00577	0.00190	0.00826	0.00538	0.00439	0.01027
16	0.03641	0.01381	0.01883	0.01444	0.02071	0.01193	0.01193	0.03954	0.02322	0.66984	0.03201	0.02762	0.02009	0.01004	0.00816	0.00251	0.00690	0.00816	0.01004	0.01381
17	0.01063	0.00818	0.01180	0.01230	0.01357	0.00757	0.04444	0.01273	0.01695	0.02270	0.12862	0.53949	0.09458	0.02281	0.01015	0.00313	0.00508	0.02074	0.00752	0.00701
18	0.02751	0.02222	0.02369	0.02120	0.08674	0.07264	0.01567	0.43134	0.10308	0.04343	0.05432	0.02259	0.01804	0.00990	0.00814	0.00245	0.00887	0.00775	0.00748	0.01294
19	0.01093	0.00839	0.01013	0.01112	0.01254	0.00804	0.00778	0.01473	0.07882	0.02296	0.08747	0.47610	0.17575	0.02249	0.00995	0.00309	0.00470	0.02000	0.00769	0.00732
20	0.01783	0.01797	0.02606	0.02198	0.02241	0.02463	0.05009	0.01987	0.01278	0.01987	0.01095	0.01797	0.01074	0.01382	0.02574	0.00351	0.66401	0.00723	0.00358	0.00898
21	0.06857	0.01962	0.03336	0.08358	0.03404	0.02018	0.30582	0.16777	0.02283	0.06579	0.01785	0.02142	0.01316	0.00826	0.00915	0.00262	0.03614	0.00824	0.05042	0.01118
22	0.01576	0.01493	0.02408	0.49149	0.07924	0.01880	0.02090	0.02020	0.01556	0.02080	0.01539	0.05845	0.01324	0.01020	0.01185	0.00289	0.14525	0.00806	0.00383	0.00906
23	0.02081	0.01060	0.01313	0.01141	0.01420	0.00999	0.00821	0.02384	0.05711	0.24753	0.10171	0.04451	0.05380	0.32122	0.02295	0.00489	0.00685	0.01088	0.00746	0.00890
24	0.01585	0.01139	0.01499	0.01404	0.01674	0.01155	0.04550	0.02351	0.17910	0.08791	0.11838	0.32706	0.04294	0.03874	0.01039	0.00309	0.00585	0.01589	0.00786	0.00922
25	0.01806	0.24499	0.45690	0.02144	0.05660	0.02285	0.02493	0.02524	0.01699	0.02374	0.01360	0.01601	0.01042	0.00746	0.00697	0.00231	0.01090	0.00555	0.00346	0.01155
26	0.01837	0.04868	0.08746	0.23484	0.37094	0.01947	0.05681	0.02378	0.01765	0.02441	0.01485	0.02009	0.01190	0.00750	0.00799	0.00250	0.01037	0.00712	0.00383	0.01145
27	0.02296	0.08404	0.07125	0.01887	0.06890	0.07425	0.01501	0.07122	0.19372	0.13304	0.06074	0.02813	0.05750	0.01070	0.00911	0.00254	0.05124	0.00836	0.00679	0.01162
28	0.04909	0.08074	0.02271	0.04717	0.02354	0.08660	0.04673	0.17917	0.20067	0.03327	0.06303	0.06584	0.04434	0.01110	0.00806	0.00253	0.00830	0.00907	0.00682	0.01123
29	0.06484	0.05442	0.34266	0.01847	0.02723	0.01750	0.02056	0.09755	0.01984	0.09205	0.01880	0.07023	0.01505	0.00928	0.00755	0.00241	0.00942	0.00736	0.00520	0.09959
30	0.05992	0.02628	0.24532	0.06926	0.13238	0.01946	0.02131	0.12734	0.11476	0.05330	0.03947	0.02179	0.01585	0.00883	0.00787	0.00255	0.00947	0.00723	0.00550	0.01211
31	0.06076	0.04023	0.04573	0.08507	0.02721	0.01762	0.11002	0.14527	0.08429	0.06584	0.04266	0.09935	0.02048	0.01048	0.00811	0.00247	0.00842	0.00926	0.00622	0.11051

[dist]
# distance from previous block
# <min> <max>
36	52

[block]
# block no. 2 follows, 23 sequences, length 18
# corresponding to MSA columns:
# 157-174
name=unknown_C
#
# <colnr> <probs for GDERKNQSTAVLIFYWHMCP>
#	G	D	E	R	K	N	Q	S	T	A	V	L	I	F	Y	W	H	M	C	P
0	0.11762	0.06848	0.02428	0.02019	0.09455	0.02251	0.01501	0.38069	0.02933	0.07389	0.01775	0.01857	0.01305	0.00876	0.00739	0.00231	0.00837	0.00662	0.00684	0.06378
1	0.14859	0.20875	0.12194	0.09218	0.02685	0.02321	0.01669	0.14522	0.02064	0.07361	0.01511	0.01707	0.01150	0.00835	0.00755	0.00236	0.03835	0.00587	0.00510	0.01105
2	0.09711	0.02352	0.05623	0.01818	0.02467	0.04977	0.01549	0.50584	0.05536	0.04668	0.01868	0.01897	0.01341	0.00943	0.00779	0.00245	0.00898	0.00696	0.00745	0.01305
3	0.05687	0.07325	0.06969	0.01853	0.02519	0.07740	0.01609	0.48149	0.03309	0.04412	0.01772	0.01825	0.01287	0.00921	0.00771	0.00237	0.00948	0.00674	0.00704	0.01290
4	0.60454	0.01880	0.08755	0.01492	0.06274	0.01808	0.01240	0.02480	0.01490	0.06148	0.01282	0.01471	0.00972	0.00764	0.00566	0.00251	0.00717	0.00493	0.00499	0.00964
5	0.11193	0.02188	0.02169	0.01731	0.02299	0.07153	0.01405	0.45917	0.05121	0.04414	0.01877	0.02040	0.01413	0.03548	0.03620	0.00304	0.00946	0.00709	0.00722	0.01232
6	0.07229	0.51103	0.18921	0.01584	0.02385	0.02801	0.01733	0.02460	0.01645	0.02185	0.01206	0.01400	0.01027	0.00716	0.00578	0.00199	0.00929	0.00473	0.00357	0.01067
7	0.03068	0.02134	0.02329	0.01804	0.02437	0.02332	0.01484	0.52651	0.08160	0.11904	0.02188	0.02119	0.01531	0.00987	0.00813	0.00247	0.00852	0.00754	0.00834	0.01373
8	0.10460	0.42664	0.20495	0.01633	0.02425	0.06040	0.01767	0.02503	0.01669	0.02281	0.01222	0.01421	0.01020	0.00728	0.00596	0.00206	0.00959	0.00483	0.00367	0.01060
9	0.01867	0.01647	0.01679	0.01550	0.01947	0.04492	0.01187	0.03680	0.50632	0.03100	0.03712	0.10910	0.07436	0.01322	0.00855	0.00278	0.00640	0.01115	0.00795	0.01156
10	0.01031	0.00825	0.00922	0.00898	0.01140	0.00716	0.00673	0.01304	0.02020	0.02597	0.30249	0.07143	0.43810	0.01904	0.00958	0.00267	0.00400	0.01619	0.00807	0.00716
11	0.01164	0.00851	0.01213	0.01213	0.01327	0.00965	0.00901	0.01391	0.01277	0.01817	0.02256	0.03647	0.02228	0.20226	0.54400	0.01192	0.01874	0.00937	0.00447	0.00674
12	0.01683	0.01442	0.01683	0.01202	0.01923	0.01082	0.00961	0.02043	0.01683	0.02644	0.01442	0.01683	0.01202	0.00601	0.00601	0.00120	0.00601	0.00481	0.00481	0.76444
13	0.03085	0.02273	0.02435	0.01867	0.02516	0.02516	0.01542	0.63716	0.03815	0.05114	0.01948	0.01948	0.01380	0.00974	0.00812	0.00244	0.00893	0.00731	0.00812	0.01380
14	0.02157	0.68603	0.04278	0.01486	0.02187	0.03155	0.04385	0.02438	0.01662	0.01942	0.01153	0.01344	0.01050	0.00694	0.00542	0.00178	0.00892	0.00459	0.00350	0.01044
15	0.00989	0.00706	0.00942	0.01130	0.01177	0.00659	0.00753	0.01130	0.01554	0.02071	0.04472	0.70954	0.05367	0.02542	0.01036	0.00330	0.00471	0.02307	0.00753	0.00659
16	0.01431	0.01251	0.02007	0.02715	0.27090	0.01215	0.03600	0.01740	0.01731	0.02383	0.06453	0.35597	0.06074	0.01695	0.00934	0.00287	0.00690	0.01568	0.00609	0.00928
17	0.01916	0.01882	0.02829	0.26686	0.36715	0.06457	0.02262	0.02525	0.06164	0.02458	0.01602	0.02094	0.01281	0.00787	0.00803	0.00251	0.01016	0.00722	0.00418	0.01130

[dist]
# distance from previous block
# <min> <max>
6	11

[block]
# block no. 3 follows, 23 sequences, length 72
# corresponding to MSA columns:
# 186-257
name=unknown_D
#
# <colnr> <probs for GDERKNQSTAVLIFYWHMCP>
#	G	D	E	R	K	N	Q	S	T	A	V	L	I	F	Y	W	H	M	C	P
0	0.01884	0.05899	0.16605	0.02559	0.11610	0.01786	0.16793	0.02556	0.05417	0.07853	0.12971	0.02765	0.02430	0.00961	0.00935	0.00259	0.04180	0.00886	0.00544	0.01107
1	0.06386	0.09549	0.09987	0.02394	0.07990	0.01929	0.20213	0.08806	0.02067	0.11639	0.03921	0.04549	0.01645	0.00867	0.00806	0.00245	0.00984	0.00816	0.00553	0.04654
2	0.04876	0.05433	0.01609	0.01255	0.01658	0.01259	0.00993	0.05197	0.07427	0.23055	0.12649	0.12578	0.03267	0.03618	0.00916	0.00267	0.00593	0.01085	0.08767	0.03500
3	0.01751	0.01442	0.01970	0.06978	0.02307	0.01384	0.07438	0.13536	0.02237	0.03140	0.17369	0.10938	0.03260	0.01176	0.00830	0.00228	0.00705	0.01045	0.00657	0.21609
4	0.01636	0.03830	0.01495	0.01313	0.01593	0.06133	0.00979	0.11501	0.04913	0.02779	0.12231	0.29594	0.06180	0.05911	0.01094	0.00301	0.00645	0.01473	0.00713	0.05684
5	0.08775	0.02194	0.17673	0.01824	0.02558	0.01606	0.07662	0.07991	0.05094	0.27512	0.06993	0.02527	0.01993	0.00947	0.00804	0.00255	0.00864	0.00793	0.00715	0.01218
6	0.27796	0.02222	0.07114	0.01605	0.02211	0.07890	0.01391	0.23578	0.07643	0.08556	0.01777	0.01824	0.01291	0.00884	0.00699	0.00247	0.00843	0.00626	0.00651	0.01151
7	0.07538	0.01696	0.02281	0.21123	0.13688	0.01965	0.01764	0.12695	0.11098	0.03037	0.01836	0.02189	0.01422	0.00931	0.00953	0.00263	0.07657	0.00732	0.06046	0.01086
8	0.01178	0.00790	0.00900	0.00895	0.00909	0.00785	0.00512	0.01206	0.01262	0.01697	0.07231	0.05365	0.03297	0.66339	0.03896	0.00748	0.00757	0.01201	0.00521	0.00512
9	0.02035	0.01523	0.01771	0.05830	0.02127	0.01627	0.01266	0.29531	0.02779	0.03708	0.14238	0.09334	0.09971	0.01480	0.00910	0.00274	0.00715	0.09071	0.00778	0.01032
10	0.01409	0.00705	0.01057	0.01057	0.01057	0.00705	0.00705	0.01057	0.01057	0.01409	0.01409	0.02467	0.01409	0.02819	0.03171	0.76392	0.00705	0.00705	0.00352	0.00352
11	0.01158	0.00749	0.01002	0.01150	0.01234	0.00693	0.00781	0.01310	0.01603	0.06219	0.04391	0.66597	0.05152	0.02444	0.01022	0.00325	0.00485	0.02211	0.00769	0.00705
12	0.02169	0.71972	0.04252	0.01388	0.02083	0.03211	0.01388	0.02430	0.01649	0.01909	0.01128	0.01302	0.01041	0.00694	0.00521	0.00174	0.00868	0.00434	0.00347	0.01041
13	0.02135	0.67641	0.08279	0.01447	0.02174	0.03126	0.01491	0.02439	0.01653	0.01951	0.01149	0.01328	0.01040	0.00699	0.00537	0.00179	0.00889	0.00444	0.00347	0.01051
14	0.01086	0.00781	0.00996	0.01125	0.01207	0.00744	0.00761	0.03542	0.01659	0.02209	0.06932	0.58829	0.07687	0.06831	0.01218	0.00350	0.00501	0.02115	0.00744	0.00681
15	0.01918	0.02092	0.04254	0.03182	0.06452	0.01992	0.51161	0.02745	0.08511	0.02687	0.01801	0.02243	0.01363	0.00725	0.00919	0.00264	0.01235	0.00919	0.00457	0.05083
16	0.02750	0.01914	0.02001	0.01640	0.02169	0.06381	0.01315	0.27716	0.16753	0.16253	0.02600	0.05221	0.01938	0.01061	0.00801	0.00249	0.00781	0.00841	0.06362	0.01254
17	0.01880	0.01425	0.01713	0.03649	0.02043	0.01156	0.01042	0.05035	0.01831	0.08756	0.01836	0.06492	0.01563	0.00795	0.00668	0.00158	0.00631	0.00656	0.00560	0.58112
18	0.02223	0.01859	0.02135	0.01755	0.02311	0.02026	0.05041	0.17935	0.39209	0.03662	0.02662	0.02562	0.01991	0.00986	0.00803	0.00249	0.00740	0.00824	0.00756	0.10270
19	0.04380	0.29566	0.30718	0.02352	0.13104	0.02395	0.02233	0.02497	0.01699	0.02366	0.01332	0.01591	0.01070	0.00733	0.00672	0.00222	0.01016	0.00551	0.00359	0.01142
20	0.01926	0.02095	0.06752	0.18400	0.08221	0.08288	0.15348	0.07228	0.01910	0.02522	0.01670	0.06368	0.01427	0.00949	0.01024	0.00262	0.08213	0.00831	0.00448	0.06117
21	0.01663	0.01293	0.01549	0.01202	0.01785	0.01005	0.00934	0.01978	0.01696	0.06395	0.02145	0.15399	0.02071	0.01008	0.00700	0.00169	0.00581	0.00861	0.00566	0.57001
22	0.01179	0.00791	0.00908	0.00908	0.00916	0.00799	0.00521	0.01195	0.01187	0.01591	0.02535	0.05192	0.02899	0.67853	0.07691	0.00815	0.00864	0.01163	0.00489	0.00505
23	0.01487	0.00765	0.00797	0.00797	0.00982	0.00775	0.00600	0.01858	0.01672	0.02941	0.02612	0.03037	0.02076	0.01324	0.05555	0.00271	0.00510	0.00765	0.70421	0.00754
24	0.01083	0.00818	0.01000	0.00973	0.01177	0.00735	0.00722	0.01398	0.02115	0.02866	0.45095	0.11338	0.24041	0.01836	0.00963	0.00266	0.00397	0.01599	0.00843	0.00735
25	0.02205	0.69180	0.04172	0.01417	0.02100	0.05876	0.01396	0.02463	0.01675	0.01912	0.01133	0.01308	0.01041	0.00700	0.00529	0.00175	0.00892	0.00438	0.00350	0.01037
26	0.01716	0.01542	0.02521	0.40227	0.14441	0.01787	0.05711	0.05015	0.01767	0.02444	0.01611	0.02209	0.01253	0.00846	0.00893	0.00260	0.04815	0.00740	0.09223	0.00979
27	0.01887	0.01804	0.03075	0.21411	0.50938	0.01896	0.02430	0.02384	0.01790	0.02504	0.01505	0.02048	0.01233	0.00745	0.00805	0.00248	0.00994	0.00723	0.00391	0.01188
28	0.02770	0.01568	0.01905	0.01426	0.02095	0.01391	0.01166	0.14137	0.02344	0.30405	0.02281	0.02189	0.01577	0.00840	0.00731	0.00198	0.00692	0.00669	0.00764	0.30851
29	0.02215	0.68392	0.04149	0.01425	0.02105	0.06628	0.01398	0.02472	0.01683	0.01913	0.01135	0.01310	0.01042	0.00702	0.00532	0.00175	0.00899	0.00439	0.00351	0.01036
30	0.02012	0.01561	0.02026	0.11557	0.02645	0.01401	0.03811	0.09206	0.01984	0.08902	0.01673	0.01907	0.01281	0.00716	0.00691	0.00175	0.00745	0.00596	0.00547	0.46565
31	0.07448	0.01589	0.01894	0.01482	0.02090	0.05798	0.01213	0.05860	0.02322	0.57156	0.02918	0.02571	0.01863	0.00979	0.00794	0.00248	0.00746	0.00773	0.00932	0.01325
32	0.03031	0.03867	0.02299	0.02090	0.02508	0.68226	0.01568	0.03240	0.02299	0.01986	0.01254	0.01463	0.01045	0.00836	0.00732	0.00209	0.01463	0.00523	0.00418	0.00941
33	0.01409	0.00705	0.01057	0.01057	0.01057	0.00705	0.00705	0.01057	0.01057	0.01409	0.01409	0.02467	0.01409	0.02819	0.03171	0.76392	0.00705	0.00705	0.00352	0.00352
34	0.01873	0.02626	0.23967	0.02150	0.02912	0.01979	0.11705	0.03464	0.34032	0.02995	0.02428	0.02459	0.01800	0.00926	0.00828	0.00269	0.00942	0.00819	0.00600	0.01226
35	0.01159	0.00869	0.01304	0.01304	0.01449	0.01014	0.01014	0.01449	0.01304	0.01884	0.02173	0.03188	0.02029	0.06086	0.68268	0.01304	0.02173	0.00869	0.00435	0.00724
36	0.02008	0.01928	0.03294	0.04981	0.66422	0.01928	0.02490	0.02490	0.01848	0.02651	0.01526	0.02008	0.01285	0.00723	0.00803	0.00241	0.00964	0.00723	0.00402	0.01285
37	0.03085	0.02273	0.02435	0.01867	0.02516	0.02516	0.01542	0.63716	0.03815	0.05114	0.01948	0.01948	0.01380	0.00974	0.00812	0.00244	0.00893	0.00731	0.00812	0.01380
38	0.00989	0.00706	0.00942	0.01130	0.01177	0.00659	0.00753	0.01130	0.01554	0.02071	0.04472	0.70954	0.05367	0.02542	0.01036	0.00330	0.00471	0.02307	0.00753	0.00659
39	0.01159	0.00869	0.01304	0.01304	0.01449	0.01014	0.01014	0.01449	0.01304	0.01884	0.02173	0.03188	0.02029	0.06086	0.68268	0.01304	0.02173	0.00869	0.00435	0.00724
40	0.01532	0.01442	0.02434	0.69533	0.05589	0.01803	0.02253	0.02073	0.01622	0.02073	0.01442	0.02163	0.01082	0.00811	0.00811	0.00270	0.01082	0.00721	0.00361	0.00901
41	0.62123	0.01531	0.01334	0.01144	0.01672	0.01692	0.00943	0.02707	0.01574	0.16634	0.01555	0.01614	0.01111	0.00805	0.00567	0.00251	0.00641	0.00517	0.00605	0.00982
42	0.02140	0.66799	0.04122	0.01443	0.02086	0.03157	0.01417	0.02395	0.01619	0.01912	0.01123	0.01337	0.01043	0.00748	0.00678	0.00187	0.05961	0.00454	0.00348	0.01030
43	0.01042	0.00825	0.00938	0.00910	0.01147	0.00720	0.00682	0.01326	0.02046	0.02660	0.33657	0.07039	0.40363	0.01881	0.00958	0.00266	0.00399	0.01605	0.00815	0.00720
44	0.03221	0.01458	0.01864	0.01475	0.02073	0.01356	0.01201	0.03942	0.15095	0.51104	0.03143	0.02768	0.02068	0.01006	0.00808	0.00250	0.00677	0.00822	0.00944	0.04725
45	0.01532	0.01442	0.02434	0.69533	0.05589	0.01803	0.02253	0.02073	0.01622	0.02073	0.01442	0.02163	0.01082	0.00811	0.00811	0.00270	0.01082	0.00721	0.00361	0.00901
46	0.01159	0.00869	0.01304	0.01304	0.01449	0.01014	0.01014	0.01449	0.01304	0.01884	0.02173	0.03188	0.02029	0.06086	0.68268	0.01304	0.02173	0.00869	0.00435	0.00724
47	0.01778	0.01693	0.02878	0.36162	0.37037	0.01867	0.02376	0.02289	0.01739	0.02372	0.01486	0.02083	0.01187	0.00766	0.00807	0.00255	0.01021	0.00722	0.00382	0.01100
48	0.01532	0.01442	0.02434	0.69533	0.05589	0.01803	0.02253	0.02073	0.01622	0.02073	0.01442	0.02163	0.01082	0.00811	0.00811	0.00270	0.01082	0.00721	0.00361	0.00901
49	0.01976	0.01895	0.03235	0.09341	0.62313	0.01919	0.02474	0.02462	0.01832	0.02612	0.01521	0.02019	0.01272	0.00729	0.00804	0.00243	0.00972	0.00723	0.00399	0.01259
50	0.77215	0.01569	0.01193	0.01067	0.01569	0.01820	0.00879	0.02385	0.01381	0.03641	0.01130	0.01318	0.00879	0.00753	0.00502	0.00251	0.00628	0.00439	0.00502	0.00879
51	0.13738	0.02107	0.02098	0.06695	0.02477	0.09309	0.01434	0.30908	0.07492	0.07691	0.01968	0.04780	0.01522	0.01005	0.00827	0.00253	0.03091	0.00748	0.00686	0.01170
52	0.03022	0.02116	0.02291	0.01767	0.02386	0.02314	0.01456	0.55729	0.03579	0.09159	0.02077	0.02072	0.01467	0.00974	0.00796	0.00241	0.00846	0.00738	0.05628	0.01340
53	0.02495	0.01554	0.01752	0.01411	0.01913	0.01589	0.01139	0.24691	0.07352	0.16544	0.07092	0.02991	0.06008	0.01072	0.00776	0.00233	0.00662	0.00859	0.13891	0.05978
54	0.00989	0.00706	0.00942	0.01130	0.01177	0.00659	0.00753	0.01130	0.01554	0.02071	0.04472	0.70954	0.05367	0.02542	0.01036	0.00330	0.00471	0.02307	0.00753	0.00659
55	0.77215	0.01569	0.01193	0.01067	0.01569	0.01820	0.00879	0.02385	0.01381	0.03641	0.01130	0.01318	0.00879	0.00753	0.00502	0.00251	0.00628	0.00439	0.00502	0.00879
56	0.00987	0.00713	0.00934	0.01111	0.01172	0.00661	0.00745	0.01132	0.01571	0.02079	0.04697	0.67162	0.09013	0.02513	0.01031	0.00326	0.00467	0.02271	0.00753	0.00661
57	0.02258	0.59328	0.03903	0.01520	0.02140	0.11520	0.01433	0.02507	0.01710	0.01921	0.01141	0.01349	0.01043	0.00753	0.00667	0.00188	0.04782	0.00461	0.00357	0.01020
58	0.06919	0.01409	0.01546	0.01245	0.01725	0.01335	0.00958	0.13548	0.04394	0.03026	0.02074	0.07391	0.01904	0.12012	0.01226	0.00283	0.00662	0.00804	0.06509	0.31030
59	0.01764	0.01619	0.02822	0.40005	0.11822	0.01855	0.11662	0.02270	0.01693	0.05153	0.01569	0.02170	0.01204	0.00851	0.00996	0.00272	0.07462	0.00763	0.03056	0.00991
60	0.01882	0.01662	0.02283	0.27071	0.12607	0.01915	0.01832	0.07195	0.25820	0.02880	0.02313	0.02746	0.01810	0.00979	0.00829	0.00270	0.00871	0.03316	0.00590	0.01128
61	0.01882	0.02421	0.12010	0.03292	0.04157	0.02033	0.56486	0.02596	0.01892	0.02596	0.01620	0.02134	0.01208	0.00694	0.00936	0.00272	0.01348	0.00916	0.00403	0.01107
62	0.40669	0.01793	0.08898	0.01351	0.01979	0.01588	0.01237	0.03004	0.01777	0.27655	0.01956	0.01913	0.01326	0.00851	0.00652	0.00252	0.00716	0.00601	0.00676	0.01106
63	0.01129	0.00829	0.01058	0.01001	0.01200	0.00757	0.00750	0.01494	0.02251	0.03145	0.60095	0.06240	0.13622	0.01699	0.00957	0.00257	0.00386	0.01492	0.00879	0.00757
64	0.02542	0.02029	0.02010	0.01668	0.02165	0.07900	0.01329	0.34924	0.15953	0.04042	0.02416	0.06910	0.01925	0.01091	0.00795	0.00247	0.00805	0.00860	0.09186	0.01203
65	0.01409	0.00705	0.01057	0.01057	0.01057	0.00705	0.00705	0.01057	0.01057	0.01409	0.01409	0.02467	0.01409	0.02819	0.03171	0.76392	0.00705	0.00705	0.00352	0.00352
66	0.02090	0.18532	0.35495	0.01971	0.02884	0.04884	0.03960	0.02880	0.07061	0.10275	0.01746	0.01862	0.01277	0.00810	0.00729	0.00238	0.01034	0.00623	0.00469	0.01180
67	0.01954	0.45286	0.23461	0.01807	0.05170	0.02649	0.01904	0.02438	0.01703	0.02198	0.03912	0.01653	0.01319	0.00759	0.00627	0.00205	0.00954	0.00539	0.00370	0.01089
68	0.08869	0.02054	0.02190	0.01719	0.02333	0.02248	0.01408	0.44544	0.11340	0.08851	0.02122	0.02081	0.01517	0.00959	0.00780	0.00244	0.00814	0.00727	0.00788	0.04413
69	0.13389	0.05519	0.26082	0.02220	0.11803	0.01796	0.02007	0.06128	0.01902	0.14182	0.01737	0.01875	0.01247	0.00799	0.00724	0.00239	0.00920	0.00624	0.00527	0.06282
70	0.02226	0.01855	0.02340	0.01918	0.05379	0.01878	0.07893	0.22250	0.16428	0.03612	0.04151	0.02277	0.01759	0.00880	0.00777	0.00220	0.00794	0.00751	0.00665	0.21948
71	0.02300	0.15479	0.16631	0.02509	0.14837	0.18942	0.01990	0.07671	0.07433	0.02590	0.01556	0.01763	0.01235	0.00809	0.00730	0.00227	0.01090	0.00611	0.00452	0.01144

[dist]
# distance from previous block
# <min> <max>
6	16

[block]
# block no. 4 follows, 23 sequences, length 18
# corresponding to MSA columns:
# 274-291
name=unknown_E
#
# <colnr> <probs for GDERKNQSTAVLIFYWHMCP>
#	G	D	E	R	K	N	Q	S	T	A	V	L	I	F	Y	W	H	M	C	P
0	0.13469	0.01620	0.02125	0.12896	0.13930	0.01730	0.01575	0.05129	0.15429	0.20452	0.02304	0.02353	0.01648	0.00907	0.00769	0.00257	0.00788	0.00748	0.00678	0.01193
1	0.02815	0.08973	0.04944	0.01557	0.02235	0.01587	0.04083	0.07673	0.05461	0.34131	0.02410	0.02282	0.01652	0.00871	0.00748	0.00219	0.00755	0.00707	0.00755	0.16142
2	0.01920	0.32995	0.32484	0.01830	0.02707	0.06545	0.02093	0.02493	0.01755	0.02289	0.04957	0.01767	0.01410	0.00792	0.00672	0.00218	0.01028	0.00573	0.00380	0.01091
3	0.01532	0.01442	0.02434	0.69533	0.05589	0.01803	0.02253	0.02073	0.01622	0.02073	0.01442	0.02163	0.01082	0.00811	0.00811	0.00270	0.01082	0.00721	0.00361	0.00901
4	0.01159	0.00869	0.01304	0.01304	0.01449	0.01014	0.01014	0.01449	0.01304	0.01884	0.02173	0.03188	0.02029	0.06086	0.68268	0.01304	0.02173	0.00869	0.00435	0.00724
5	0.01176	0.00802	0.00965	0.00965	0.00993	0.00830	0.00591	0.01231	0.01204	0.01633	0.02483	0.04905	0.02774	0.58997	0.16376	0.00885	0.01051	0.01121	0.00481	0.00536
6	0.02822	0.02087	0.02283	0.01786	0.02335	0.02349	0.01472	0.52472	0.03390	0.04639	0.01935	0.02033	0.01417	0.01011	0.00953	0.00248	0.06961	0.00731	0.07796	0.01278
7	0.02046	0.01620	0.01934	0.12319	0.02614	0.01704	0.01359	0.12256	0.22751	0.06577	0.06886	0.02612	0.02135	0.00952	0.00777	0.00230	0.00724	0.00789	0.00682	0.19034
8	0.02626	0.01552	0.01840	0.01481	0.01979	0.01578	0.01196	0.23930	0.06755	0.23186	0.20935	0.03451	0.03454	0.01189	0.00856	0.00251	0.00668	0.00981	0.00894	0.01197
9	0.05731	0.01848	0.01858	0.01544	0.02017	0.06133	0.01233	0.30101	0.12910	0.03980	0.12584	0.03081	0.05757	0.01135	0.00807	0.00246	0.00735	0.00901	0.06262	0.01137
10	0.01604	0.01582	0.02873	0.57196	0.05337	0.01849	0.13678	0.02171	0.01677	0.02171	0.01479	0.02168	0.01110	0.00788	0.00839	0.00271	0.01135	0.00765	0.00370	0.00937
11	0.01877	0.02077	0.04349	0.10362	0.08797	0.02033	0.50385	0.02512	0.01855	0.02524	0.01591	0.02158	0.01213	0.00728	0.00995	0.00274	0.03881	0.00907	0.00403	0.01080
12	0.01097	0.00857	0.01253	0.01326	0.01418	0.00849	0.04239	0.01279	0.01569	0.02108	0.04118	0.60754	0.04870	0.02365	0.01127	0.00330	0.04467	0.04564	0.00712	0.00699
13	0.00989	0.00706	0.00942	0.01130	0.01177	0.00659	0.00753	0.01130	0.01554	0.02071	0.04472	0.70954	0.05367	0.02542	0.01036	0.00330	0.00471	0.02307	0.00753	0.00659
14	0.01863	0.01804	0.02432	0.37851	0.09481	0.09249	0.04944	0.08312	0.01980	0.02470	0.02103	0.02852	0.05536	0.00986	0.00838	0.00265	0.01046	0.04549	0.00467	0.00972
15	0.03013	0.01965	0.02234	0.04804	0.02503	0.02118	0.01462	0.39892	0.10805	0.19067	0.02380	0.02277	0.01645	0.00989	0.00814	0.00250	0.00824	0.00773	0.00838	0.01347
16	0.05906	0.16620	0.32635	0.05248	0.05466	0.01973	0.02125	0.02602	0.01803	0.10541	0.06296	0.02093	0.01641	0.00849	0.00730	0.00239	0.00966	0.00660	0.00478	0.01131
17	0.22406	0.06691	0.01847	0.01312	0.01916	0.01641	0.01083	0.11344	0.02006	0.13647	0.01832	0.04905	0.01449	0.00856	0.00654	0.00208	0.00678	0.00639	0.00622	0.24265

[dist]
# distance from previous block
# <min> <max>
0	1

[block]
# block no. 5 follows, 23 sequences, length 6
# corresponding to MSA columns:
# 293-298
name=unknown_F
#
# <colnr> <probs for GDERKNQSTAVLIFYWHMCP>
#	G	D	E	R	K	N	Q	S	T	A	V	L	I	F	Y	W	H	M	C	P
0	0.01507	0.01126	0.01545	0.05957	0.04538	0.01074	0.03344	0.02003	0.07169	0.07402	0.22229	0.18519	0.08641	0.01527	0.00896	0.00259	0.00580	0.01357	0.00735	0.09589
1	0.01936	0.01447	0.01684	0.01328	0.01896	0.01298	0.01049	0.09420	0.09311	0.08360	0.07525	0.08818	0.02365	0.01005	0.00739	0.00194	0.00616	0.00841	0.00662	0.39506
2	0.01514	0.01179	0.05627	0.01266	0.01555	0.00995	0.01019	0.02059	0.09101	0.10258	0.25786	0.27682	0.05169	0.01768	0.00941	0.00283	0.00533	0.01564	0.00813	0.00888
3	0.01493	0.01154	0.01389	0.04440	0.01728	0.01123	0.00977	0.10599	0.04558	0.02745	0.08254	0.31848	0.08132	0.04061	0.01004	0.00283	0.00589	0.01499	0.00703	0.13421
4	0.02020	0.07697	0.02040	0.01426	0.02070	0.09221	0.01150	0.06747	0.10472	0.02778	0.01681	0.01826	0.01355	0.00729	0.00654	0.00164	0.00748	0.00558	0.00532	0.46129
5	0.11350	0.01535	0.01847	0.07579	0.05005	0.01564	0.01280	0.09428	0.12057	0.20616	0.06174	0.02739	0.04737	0.00993	0.00768	0.00241	0.00703	0.00802	0.00736	0.09844

[dist]
# distance from previous block
# <min> <max>
6	9

[block]
# block no. 6 follows, 23 sequences, length 13
# corresponding to MSA columns:
# 308-320
name=unknown_G
#
# <colnr> <probs for GDERKNQSTAVLIFYWHMCP>
#	G	D	E	R	K	N	Q	S	T	A	V	L	I	F	Y	W	H	M	C	P
0	0.10303	0.04383	0.02089	0.04771	0.02327	0.02043	0.01349	0.28313	0.15187	0.10651	0.02309	0.05436	0.01768	0.01019	0.00773	0.00248	0.00769	0.00799	0.00747	0.04716
1	0.05928	0.12753	0.02177	0.01490	0.02009	0.01920	0.01229	0.11787	0.21573	0.17056	0.07762	0.06164	0.02484	0.01100	0.00779	0.00249	0.00693	0.00885	0.00773	0.01187
2	0.05720	0.01705	0.01946	0.06940	0.02377	0.01672	0.01261	0.22319	0.05186	0.06131	0.02019	0.02140	0.03918	0.00844	0.00715	0.00197	0.00734	0.00662	0.00628	0.32885
3	0.01176	0.00804	0.00971	0.00971	0.01001	0.00834	0.00599	0.01235	0.01206	0.01637	0.02478	0.04872	0.02760	0.57995	0.17358	0.00893	0.01073	0.01116	0.00480	0.00540
4	0.00986	0.00753	0.00907	0.01017	0.01150	0.00673	0.00706	0.01162	0.01694	0.02173	0.08853	0.45661	0.26689	0.02328	0.01005	0.00306	0.00446	0.02057	0.00760	0.00673
5	0.01936	0.01513	0.01959	0.01827	0.12177	0.01227	0.01228	0.02311	0.01775	0.09278	0.01637	0.01846	0.01298	0.00662	0.00655	0.00153	0.00668	0.00554	0.00522	0.56774
6	0.01042	0.00741	0.00966	0.01081	0.01154	0.00695	0.00729	0.01220	0.01673	0.02272	0.17369	0.50375	0.05605	0.09461	0.01338	0.00361	0.00485	0.02012	0.00756	0.00664
7	0.28000	0.05872	0.01691	0.04359	0.01941	0.01598	0.01045	0.07525	0.01803	0.07939	0.01612	0.01796	0.01240	0.00766	0.00602	0.00203	0.00657	0.00549	0.08325	0.22475
8	0.04960	0.41403	0.03267	0.01441	0.02092	0.02416	0.03990	0.05558	0.01871	0.07872	0.06227	0.01905	0.01657	0.00795	0.00623	0.00189	0.00793	0.00588	0.00494	0.11859
9	0.01902	0.10314	0.01683	0.01222	0.01549	0.11546	0.00977	0.02297	0.04183	0.05536	0.11867	0.02918	0.02578	0.01025	0.00765	0.00211	0.03861	0.00786	0.31270	0.03510
10	0.01844	0.12004	0.21079	0.02177	0.12297	0.01757	0.01854	0.02500	0.07086	0.07266	0.02204	0.13336	0.01999	0.01075	0.00777	0.00243	0.00855	0.00910	0.00523	0.08215
11	0.09904	0.10115	0.35874	0.09202	0.05730	0.01885	0.02242	0.02447	0.01740	0.05200	0.06913	0.02098	0.01629	0.00848	0.00739	0.00248	0.00992	0.00665	0.00438	0.01091
12	0.05783	0.10658	0.29697	0.02226	0.08696	0.11136	0.02134	0.04808	0.03537	0.02568	0.03758	0.05130	0.01532	0.00925	0.00833	0.00247	0.04098	0.00703	0.00436	0.01093

[dist]
# distance from previous block
# <min> <max>
4	9

[block]
# block no. 7 follows, 23 sequences, length 31
# corresponding to MSA columns:
# 330-360
name=unknown_H
#
# <colnr> <probs for GDERKNQSTAVLIFYWHMCP>
#	G	D	E	R	K	N	Q	S	T	A	V	L	I	F	Y	W	H	M	C	P
0	0.02003	0.08886	0.02975	0.23109	0.10734	0.05273	0.12441	0.05987	0.04584	0.05127	0.01624	0.02020	0.01252	0.00773	0.00778	0.00235	0.01013	0.00708	0.00461	0.10016
1	0.14443	0.01421	0.02013	0.08966	0.05272	0.01420	0.08587	0.02486	0.04588	0.14206	0.13638	0.03230	0.02714	0.03449	0.00914	0.00269	0.00755	0.03415	0.00653	0.07561
2	0.10361	0.01631	0.02571	0.01938	0.02565	0.01515	0.20763	0.05860	0.01980	0.11998	0.05121	0.02998	0.06717	0.00960	0.00814	0.00239	0.00859	0.03858	0.00605	0.16646
3	0.15289	0.01785	0.07643	0.01638	0.02203	0.01626	0.08244	0.05442	0.17333	0.03157	0.10408	0.06061	0.02498	0.01026	0.00771	0.00244	0.00733	0.00875	0.00631	0.12392
4	0.02620	0.01954	0.02114	0.01728	0.02273	0.02169	0.01389	0.37447	0.23528	0.07110	0.02616	0.07004	0.02035	0.01123	0.00832	0.00260	0.00774	0.00902	0.00821	0.01300
5	0.02268	0.01560	0.01940	0.01587	0.01988	0.01658	0.05373	0.28037	0.05978	0.06094	0.02095	0.05756	0.01726	0.01545	0.01460	0.21133	0.00785	0.00834	0.07200	0.00983
6	0.01319	0.00856	0.01127	0.01067	0.01273	0.00785	0.00797	0.01665	0.02202	0.07984	0.53203	0.14224	0.06927	0.01723	0.00956	0.00265	0.00418	0.01526	0.00884	0.00799
7	0.02832	0.19640	0.02752	0.01928	0.02410	0.53168	0.01526	0.03052	0.02149	0.01968	0.01225	0.01426	0.01044	0.00803	0.00683	0.00201	0.01325	0.00502	0.00402	0.00964
8	0.01683	0.01442	0.01683	0.01202	0.01923	0.01082	0.00961	0.02043	0.01683	0.02644	0.01442	0.01683	0.01202	0.00601	0.00601	0.00120	0.00601	0.00481	0.00481	0.76444
9	0.00989	0.00706	0.00942	0.01130	0.01177	0.00659	0.00753	0.01130	0.01554	0.02071	0.04472	0.70954	0.05367	0.02542	0.01036	0.00330	0.00471	0.02307	0.00753	0.00659
10	0.71445	0.01617	0.01468	0.01247	0.01774	0.01838	0.05675	0.02402	0.01422	0.03561	0.01169	0.01385	0.00906	0.00748	0.00537	0.00253	0.00684	0.00479	0.00495	0.00895
11	0.01119	0.00828	0.01043	0.00989	0.01194	0.00753	0.00742	0.01473	0.02226	0.03086	0.56884	0.06337	0.16870	0.01721	0.00957	0.00258	0.00387	0.01506	0.00871	0.00753
12	0.01159	0.00869	0.01304	0.01304	0.01449	0.01014	0.01014	0.01449	0.01304	0.01884	0.02173	0.03188	0.02029	0.06086	0.68268	0.01304	0.02173	0.00869	0.00435	0.00724
13	0.02169	0.71972	0.04252	0.01388	0.02083	0.03211	0.01388	0.02430	0.01649	0.01909	0.01128	0.01302	0.01041	0.00694	0.00521	0.00174	0.00868	0.00434	0.00347	0.01041
14	0.09114	0.01846	0.02043	0.04484	0.02328	0.01937	0.01330	0.35867	0.02861	0.09193	0.02065	0.07211	0.01650	0.01008	0.00767	0.00232	0.00781	0.00791	0.00721	0.13770
15	0.20982	0.01995	0.02069	0.01623	0.02234	0.02188	0.01340	0.41687	0.03048	0.12294	0.01904	0.01896	0.01336	0.00925	0.00738	0.00246	0.00804	0.00671	0.00761	0.01260
16	0.02018	0.01743	0.01835	0.01651	0.02110	0.02018	0.01284	0.04312	0.64956	0.03394	0.03303	0.03027	0.02477	0.01101	0.00826	0.00275	0.00642	0.00917	0.00826	0.01284
17	0.03096	0.01788	0.02079	0.01644	0.02245	0.01857	0.01342	0.26277	0.15894	0.30736	0.02756	0.02514	0.01872	0.01013	0.00816	0.00253	0.00756	0.00805	0.00895	0.01360
18	0.00989	0.00706	0.00942	0.01130	0.01177	0.00659	0.00753	0.01130	0.01554	0.02071	0.04472	0.70954	0.05367	0.02542	0.01036	0.00330	0.00471	0.02307	0.00753	0.00659
19	0.01371	0.00730	0.01095	0.01095	0.01118	0.00753	0.00753	0.01118	0.01095	0.01483	0.01528	0.02578	0.01505	0.03325	0.13259	0.64755	0.00932	0.00730	0.00365	0.00410
20	0.01025	0.00732	0.00983	0.01171	0.01234	0.00690	0.00816	0.01192	0.01589	0.02112	0.04452	0.63985	0.05288	0.02508	0.01045	0.00335	0.00502	0.08921	0.00753	0.00669
21	0.01824	0.02826	0.24607	0.03069	0.04010	0.01999	0.44295	0.02590	0.01851	0.02590	0.01583	0.02038	0.01167	0.00712	0.00898	0.00268	0.01314	0.00844	0.00389	0.01128
22	0.77215	0.01569	0.01193	0.01067	0.01569	0.01820	0.00879	0.02385	0.01381	0.03641	0.01130	0.01318	0.00879	0.00753	0.00502	0.00251	0.00628	0.00439	0.00502	0.00879
23	0.01935	0.01853	0.03160	0.14984	0.56994	0.01909	0.02454	0.02426	0.01813	0.02561	0.01513	0.02032	0.01254	0.00737	0.00805	0.00246	0.00982	0.00723	0.00395	0.01226
24	0.70770	0.01630	0.01301	0.01137	0.01652	0.01881	0.00936	0.07717	0.01593	0.03769	0.01201	0.01373	0.00922	0.00772	0.00529	0.00250	0.00651	0.00465	0.00529	0.00922
25	0.01791	0.01855	0.03561	0.16366	0.14505	0.01848	0.31055	0.02345	0.01790	0.02467	0.01668	0.05015	0.01379	0.00809	0.00925	0.00258	0.03194	0.00879	0.00418	0.07872
26	0.01903	0.01715	0.02782	0.02037	0.02737	0.01514	0.22861	0.05789	0.04097	0.05665	0.01857	0.05919	0.01540	0.00797	0.00780	0.00204	0.00883	0.00796	0.00526	0.35599
27	0.04328	0.25822	0.36407	0.02084	0.07128	0.02247	0.02240	0.02430	0.01681	0.02368	0.01515	0.05533	0.01292	0.00843	0.00698	0.00233	0.01015	0.00646	0.00377	0.01112
28	0.04905	0.04588	0.11546	0.02035	0.02647	0.06939	0.15650	0.05045	0.06234	0.02787	0.12038	0.02578	0.02284	0.00958	0.00956	0.00245	0.06454	0.00825	0.00531	0.10755
29	0.10961	0.06166	0.14523	0.08405	0.13344	0.01887	0.13501	0.02560	0.08547	0.02739	0.05014	0.05270	0.01777	0.00903	0.00795	0.00258	0.00961	0.00823	0.00484	0.01083
30	0.17464	0.09913	0.12246	0.05410	0.17475	0.01884	0.01776	0.02528	0.01731	0.10882	0.03657	0.04851	0.01572	0.00913	0.00815	0.00250	0.04315	0.00714	0.00509	0.01094

[dist]
# distance from previous block
# <min> <max>
2	14

[block]
# block no. 8 follows, 23 sequences, length 41
# corresponding to MSA columns:
# 375-415
name=unknown_I
#
# <colnr> <probs for GDERKNQSTAVLIFYWHMCP>
#	G	D	E	R	K	N	Q	S	T	A	V	L	I	F	Y	W	H	M	C	P
0	0.11385	0.09489	0.13329	0.01809	0.02465	0.10264	0.07584	0.09780	0.05371	0.02923	0.04925	0.05930	0.01750	0.00931	0.00740	0.00233	0.00934	0.00750	0.00526	0.08882
1	0.15750	0.02274	0.05608	0.01919	0.06117	0.10676	0.03586	0.26605	0.05158	0.07627	0.01824	0.01929	0.01342	0.00887	0.00736	0.00241	0.00906	0.00667	0.04978	0.01171
2	0.06265	0.01718	0.01952	0.01558	0.02146	0.03901	0.01274	0.18424	0.09447	0.30912	0.02648	0.02708	0.01885	0.01018	0.00796	0.00245	0.00754	0.03753	0.00837	0.07758
3	0.02573	0.01597	0.03706	0.01461	0.01946	0.05223	0.01197	0.11929	0.07343	0.27831	0.19687	0.05952	0.03500	0.01222	0.00856	0.00254	0.00686	0.01017	0.00869	0.01151
4	0.05678	0.00972	0.01250	0.04011	0.01572	0.01017	0.00983	0.04333	0.01702	0.04572	0.06669	0.37747	0.04164	0.05976	0.05204	0.00401	0.03602	0.08698	0.00691	0.00759
5	0.01301	0.00897	0.01155	0.01191	0.01371	0.00841	0.00869	0.04548	0.01878	0.05249	0.16300	0.42972	0.05186	0.02089	0.00981	0.00299	0.00513	0.06471	0.00778	0.05111
6	0.05366	0.01399	0.01678	0.01413	0.01892	0.01394	0.01139	0.07963	0.16140	0.29124	0.11978	0.03853	0.07155	0.01244	0.00852	0.00265	0.00636	0.04451	0.00885	0.01175
7	0.28973	0.01780	0.08706	0.07501	0.05758	0.01578	0.01435	0.03016	0.01842	0.28882	0.02048	0.02052	0.01389	0.00860	0.00700	0.00253	0.00771	0.00648	0.00670	0.01139
8	0.01631	0.01548	0.02586	0.53953	0.15868	0.01869	0.02263	0.02137	0.01636	0.02165	0.01432	0.02111	0.01116	0.00836	0.00932	0.00271	0.05591	0.00721	0.00367	0.00967
9	0.01770	0.01363	0.01543	0.01392	0.01755	0.01479	0.01075	0.03199	0.36751	0.06995	0.27913	0.04203	0.04484	0.01314	0.00877	0.00266	0.00543	0.01128	0.00862	0.01086
10	0.05076	0.04077	0.64264	0.02256	0.03423	0.01882	0.02901	0.02561	0.01698	0.02619	0.01441	0.01695	0.01021	0.00770	0.00759	0.00257	0.01173	0.00592	0.00350	0.01185
11	0.01830	0.18927	0.49641	0.02098	0.03140	0.06177	0.02561	0.02580	0.01735	0.02391	0.01373	0.01608	0.01032	0.00758	0.00714	0.00236	0.01143	0.00559	0.00348	0.01149
12	0.01178	0.00795	0.00927	0.00927	0.00941	0.00809	0.00544	0.01207	0.01192	0.01604	0.02519	0.05099	0.02858	0.64972	0.10515	0.00838	0.00925	0.01149	0.00486	0.00515
13	0.03031	0.03867	0.02299	0.02090	0.02508	0.68226	0.01568	0.03240	0.02299	0.01986	0.01254	0.01463	0.01045	0.00836	0.00732	0.00209	0.01463	0.00523	0.00418	0.00941
14	0.01608	0.01519	0.02570	0.59267	0.15263	0.01823	0.02291	0.02140	0.01658	0.02165	0.01456	0.02139	0.01114	0.00797	0.00810	0.00266	0.01063	0.00721	0.00367	0.00962
15	0.01808	0.01859	0.02850	0.44190	0.14750	0.08626	0.09845	0.02324	0.01764	0.02221	0.01461	0.02071	0.01129	0.00784	0.00820	0.00260	0.01138	0.00731	0.00379	0.00990
16	0.00989	0.00706	0.00942	0.01130	0.01177	0.00659	0.00753	0.01130	0.01554	0.02071	0.04472	0.70954	0.05367	0.02542	0.01036	0.00330	0.00471	0.02307	0.00753	0.00659
17	0.01532	0.01442	0.02434	0.69533	0.05589	0.01803	0.02253	0.02073	0.01622	0.02073	0.01442	0.02163	0.01082	0.00811	0.00811	0.00270	0.01082	0.00721	0.00361	0.00901
18	0.01645	0.04078	0.63575	0.02378	0.03555	0.01894	0.06582	0.02571	0.01725	0.02571	0.01467	0.01741	0.01040	0.00766	0.00782	0.00258	0.01209	0.00621	0.00347	0.01193
19	0.02385	0.05920	0.03578	0.02685	0.03315	0.28899	0.31913	0.02955	0.05864	0.02368	0.01562	0.01906	0.01223	0.00771	0.00839	0.00243	0.01341	0.00756	0.00436	0.01041
20	0.01683	0.01442	0.01683	0.01202	0.01923	0.01082	0.00961	0.02043	0.01683	0.02644	0.01442	0.01683	0.01202	0.00601	0.00601	0.00120	0.00601	0.00481	0.00481	0.76444
21	0.07242	0.02025	0.10121	0.01677	0.02296	0.01861	0.01486	0.11541	0.30494	0.18351	0.02735	0.02553	0.01943	0.00998	0.00794	0.00262	0.00755	0.00799	0.00784	0.01283
22	0.02146	0.67811	0.04147	0.01432	0.02085	0.03168	0.01411	0.02401	0.01625	0.01912	0.01124	0.01330	0.01043	0.00737	0.00648	0.00184	0.04965	0.00450	0.00348	0.01032
23	0.01816	0.01495	0.01605	0.01453	0.01860	0.01657	0.01126	0.03529	0.46756	0.05169	0.11241	0.04054	0.12165	0.01299	0.00860	0.00272	0.00581	0.01092	0.00829	0.01142
24	0.01951	0.06861	0.07341	0.02891	0.06193	0.05912	0.38121	0.02503	0.01815	0.02454	0.01492	0.01968	0.01179	0.00771	0.01050	0.00257	0.08535	0.00802	0.00403	0.07499
25	0.01338	0.00961	0.01187	0.01271	0.01437	0.00976	0.00913	0.01938	0.14485	0.05335	0.04166	0.50450	0.04585	0.02161	0.00988	0.00317	0.00532	0.05356	0.00779	0.00824
26	0.01409	0.00705	0.01057	0.01057	0.01057	0.00705	0.00705	0.01057	0.01057	0.01409	0.01409	0.02467	0.01409	0.02819	0.03171	0.76392	0.00705	0.00705	0.00352	0.00352
27	0.01037	0.00800	0.00941	0.01032	0.01201	0.00722	0.00762	0.01235	0.01716	0.02152	0.06042	0.28445	0.32859	0.06433	0.01201	0.00339	0.00506	0.11168	0.00737	0.00675
28	0.01866	0.16912	0.24802	0.05864	0.11116	0.02206	0.20998	0.02518	0.01774	0.02432	0.01454	0.01831	0.01126	0.00725	0.00783	0.00244	0.01150	0.00696	0.00372	0.01132
29	0.01180	0.00787	0.00885	0.00885	0.00885	0.00787	0.00492	0.01180	0.01180	0.01573	0.02557	0.05310	0.02950	0.71483	0.04130	0.00787	0.00787	0.01180	0.00492	0.00492
30	0.01014	0.00824	0.00899	0.00880	0.01130	0.00709	0.00660	0.01271	0.01980	0.02502	0.25069	0.07299	0.49050	0.01939	0.00958	0.00269	0.00403	0.01641	0.00794	0.00709
