[name]
unknown

[dist]
# distance from previous block
# <min> <max>
0	42

[block]
# block no. 0 follows, 21 sequences, length 32
# corresponding to MSA columns:
# 42-73
name=unknown_A
#
# <colnr> <probs for GDERKNQSTAVLIFYWHMCP>
#	G	D	E	R	K	N	Q	S	T	A	V	L	I	F	Y	W	H	M	C	P
0	0.01371	0.00980	0.01371	0.01567	0.01763	0.00980	0.01371	0.01763	0.01959	0.02547	0.04506	0.09599	0.04898	0.02351	0.01175	0.00392	0.00784	0.59056	0.00784	0.00784
1	0.02228	0.65160	0.09494	0.01536	0.02307	0.03253	0.01595	0.02560	0.01735	0.02059	0.01211	0.01401	0.01091	0.00735	0.00568	0.00189	0.00939	0.00469	0.00364	0.01106
2	0.01707	0.04402	0.65683	0.02426	0.03683	0.01976	0.03144	0.02695	0.01797	0.02695	0.01527	0.01797	0.01078	0.00809	0.00809	0.00270	0.01258	0.00629	0.00359	0.01258
3	0.01216	0.00912	0.01368	0.01368	0.01520	0.01064	0.01064	0.01520	0.01368	0.01976	0.02279	0.03343	0.02127	0.06382	0.66720	0.01368	0.02279	0.00912	0.00456	0.00760
4	0.02181	0.59653	0.14587	0.01616	0.02432	0.03137	0.01735	0.02573	0.01740	0.02117	0.01240	0.01437	0.01090	0.00741	0.00589	0.00196	0.00968	0.00484	0.00363	0.01119
5	0.01707	0.04402	0.65683	0.02426	0.03683	0.01976	0.03144	0.02695	0.01797	0.02695	0.01527	0.01797	0.01078	0.00809	0.00809	0.00270	0.01258	0.00629	0.00359	0.01258
6	0.01191	0.00851	0.01164	0.01361	0.01478	0.00824	0.01058	0.01451	0.01781	0.02345	0.04605	0.41930	0.05292	0.02521	0.01127	0.00367	0.00627	0.28506	0.00787	0.00734
7	0.01215	0.00843	0.01060	0.01076	0.01125	0.00883	0.00697	0.01315	0.01307	0.01787	0.02730	0.10185	0.03023	0.46111	0.22118	0.00943	0.01219	0.01240	0.00521	0.00601
8	0.31541	0.03008	0.34521	0.01814	0.02687	0.01874	0.02081	0.02521	0.01622	0.03087	0.01452	0.01758	0.01102	0.01259	0.06116	0.00357	0.01101	0.00585	0.00434	0.01082
9	0.01100	0.01185	0.06285	0.04225	0.01589	0.00882	0.00941	0.01404	0.01935	0.02370	0.09909	0.07307	0.53947	0.01965	0.00982	0.00285	0.00532	0.01640	0.00741	0.00777
10	0.01816	0.03638	0.43686	0.02847	0.03960	0.02040	0.24375	0.02706	0.01874	0.02706	0.01598	0.01978	0.01155	0.00775	0.00880	0.00276	0.01322	0.00765	0.00385	0.01218
11	0.02275	0.70604	0.04459	0.01456	0.02184	0.03367	0.01456	0.02548	0.01729	0.02002	0.01183	0.01365	0.01092	0.00728	0.00546	0.00182	0.00910	0.00455	0.00364	0.01092
12	0.02331	0.49514	0.04061	0.01916	0.05121	0.11046	0.05707	0.02632	0.01811	0.02099	0.01250	0.01520	0.01119	0.00804	0.00786	0.00211	0.06070	0.00539	0.00381	0.01082
13	0.01238	0.00825	0.00928	0.00928	0.00928	0.00825	0.00516	0.01238	0.01238	0.01650	0.02681	0.05569	0.03094	0.70092	0.04331	0.00825	0.00825	0.01238	0.00516	0.00516
14	0.01792	0.14342	0.56490	0.02280	0.03458	0.02185	0.02891	0.02673	0.01787	0.02591	0.01476	0.01732	0.01080	0.00796	0.00769	0.00256	0.01205	0.00603	0.00360	0.01233
15	0.02001	0.09590	0.33319	0.05947	0.10101	0.02144	0.14328	0.05305	0.01963	0.05038	0.01630	0.01961	0.01206	0.00798	0.00832	0.00263	0.01195	0.00721	0.00428	0.01230
16	0.01967	0.02213	0.04763	0.10343	0.04596	0.02125	0.55475	0.02668	0.01976	0.02668	0.01700	0.02293	0.01275	0.00731	0.00988	0.00287	0.01403	0.00978	0.00425	0.01127
17	0.01235	0.00835	0.00978	0.00978	0.00996	0.00852	0.00578	0.01270	0.01252	0.01687	0.02635	0.05314	0.02983	0.62799	0.11474	0.00887	0.00992	0.01200	0.00509	0.00544
18	0.03818	0.01448	0.01975	0.01514	0.02172	0.01251	0.01251	0.04147	0.02436	0.65373	0.03357	0.02897	0.02107	0.01053	0.00856	0.00263	0.00724	0.00856	0.01053	0.01448
19	0.02216	0.63666	0.10876	0.01558	0.02341	0.03222	0.01633	0.02564	0.01736	0.02075	0.01219	0.01410	0.01091	0.00736	0.00574	0.00191	0.00947	0.00473	0.00364	0.01109
20	0.01766	0.11340	0.59266	0.02324	0.03526	0.02122	0.02967	0.02680	0.01790	0.02622	0.01491	0.01751	0.01079	0.00800	0.00781	0.00260	0.01221	0.00611	0.00360	0.01240
21	0.01037	0.00741	0.00987	0.01185	0.01234	0.00691	0.00790	0.01185	0.01629	0.02172	0.04690	0.69537	0.05629	0.02666	0.01086	0.00346	0.00494	0.02419	0.00790	0.00691
22	0.01741	0.08372	0.62012	0.02367	0.03593	0.02060	0.03043	0.02686	0.01793	0.02654	0.01507	0.01771	0.01079	0.00804	0.00793	0.00264	0.01237	0.00618	0.00360	0.01248
23	0.01934	0.01031	0.01371	0.01194	0.01523	0.00928	0.00928	0.02316	0.02416	0.20715	0.47307	0.05391	0.06376	0.01548	0.00962	0.00266	0.00492	0.01348	0.00969	0.00983
24	0.01131	0.00808	0.01096	0.01293	0.01384	0.00773	0.00954	0.01348	0.01722	0.02278	0.04638	0.52621	0.05422	0.02577	0.01111	0.00359	0.00576	0.18404	0.00788	0.00717
25	0.03597	0.01758	0.08652	0.01610	0.02331	0.01327	0.01449	0.03995	0.02369	0.58804	0.03166	0.02781	0.01999	0.01028	0.00851	0.00264	0.00780	0.00832	0.00981	0.01428
26	0.02121	0.07780	0.39268	0.02477	0.03527	0.01996	0.15322	0.02908	0.01933	0.11951	0.01818	0.02039	0.01277	0.00820	0.00841	0.00267	0.01194	0.00732	0.00478	0.01252
27	0.01285	0.00938	0.01260	0.01429	0.01622	0.00913	0.01209	0.01626	0.01921	0.02472	0.05090	0.15871	0.13147	0.02358	0.01143	0.00372	0.00704	0.45089	0.00785	0.00765
28	0.01912	0.28262	0.43617	0.02076	0.03143	0.02478	0.02536	0.02642	0.01772	0.02445	0.01403	0.01641	0.01083	0.00780	0.00714	0.00238	0.01132	0.00566	0.00361	0.01198
29	0.02034	0.03089	0.31026	0.04879	0.07047	0.05794	0.02291	0.12537	0.04959	0.03182	0.07003	0.02685	0.01997	0.01009	0.00847	0.00265	0.01056	0.03667	0.00548	0.04086
30	0.05112	0.09315	0.40614	0.02122	0.05204	0.04979	0.02361	0.02442	0.01762	0.02532	0.02033	0.06631	0.03929	0.06156	0.01061	0.00306	0.01091	0.00812	0.00429	0.01106
31	0.02244	0.02257	0.11871	0.01948	0.05532	0.04932	0.01652	0.14114	0.13503	0.07308	0.02404	0.09267	0.02016	0.01121	0.00908	0.00255	0.03532	0.00905	0.00667	0.13565

[dist]
# distance from previous block
# <min> <max>
21	72

[block]
# block no. 1 follows, 21 sequences, length 15
# corresponding to MSA columns:
# 151-165
name=unknown_B
#
# <colnr> <probs for GDERKNQSTAVLIFYWHMCP>
#	G	D	E	R	K	N	Q	S	T	A	V	L	I	F	Y	W	H	M	C	P
0	0.02253	0.01856	0.02294	0.01681	0.02422	0.01700	0.06390	0.21200	0.02496	0.03592	0.01699	0.01899	0.01322	0.00762	0.00732	0.00181	0.00796	0.00630	0.00608	0.45485
1	0.04731	0.01157	0.01261	0.01222	0.01510	0.01165	0.00912	0.08774	0.09763	0.02889	0.08025	0.25964	0.25434	0.01982	0.00975	0.00300	0.00549	0.01700	0.00801	0.00886
2	0.02117	0.01828	0.01924	0.01732	0.02213	0.02117	0.01347	0.04522	0.63246	0.03560	0.03464	0.03175	0.02598	0.01155	0.00866	0.00289	0.00673	0.00962	0.00866	0.01347
3	0.01771	0.01535	0.01818	0.01322	0.02031	0.01228	0.01062	0.02137	0.01735	0.02727	0.01488	0.01771	0.01251	0.00685	0.00767	0.00142	0.04934	0.00519	0.00496	0.70581
4	0.02107	0.02005	0.03323	0.04925	0.59435	0.02030	0.02504	0.02775	0.07179	0.02847	0.01760	0.02198	0.01455	0.00792	0.00844	0.00256	0.00982	0.00776	0.00459	0.01348
5	0.03237	0.01561	0.01972	0.01519	0.02167	0.01419	0.01242	0.10319	0.05772	0.43057	0.05404	0.02780	0.02168	0.01018	0.00827	0.00243	0.00718	0.00825	0.00931	0.12822
6	0.02107	0.02000	0.03280	0.04827	0.57677	0.02033	0.02468	0.02829	0.08901	0.02869	0.01812	0.02228	0.01490	0.00803	0.00845	0.00257	0.00973	0.00781	0.00472	0.01348
7	0.01685	0.01592	0.02693	0.58274	0.15027	0.01911	0.02402	0.02242	0.01738	0.02269	0.01526	0.02244	0.01168	0.00836	0.00850	0.00279	0.01115	0.00757	0.00385	0.01008
8	0.01878	0.02018	0.03977	0.20494	0.04467	0.02156	0.36311	0.02470	0.01814	0.02470	0.01569	0.02219	0.01222	0.00877	0.01251	0.00300	0.12144	0.00897	0.00407	0.01059
9	0.01981	0.01895	0.03229	0.20928	0.50054	0.01989	0.02550	0.02502	0.01879	0.02629	0.01579	0.02147	0.01295	0.00781	0.00845	0.00260	0.01042	0.00758	0.00410	0.01247
10	0.02085	0.02269	0.04712	0.03686	0.11204	0.02163	0.51789	0.05862	0.02106	0.02872	0.01725	0.02261	0.01306	0.00738	0.00978	0.00281	0.01360	0.00964	0.00452	0.01186
11	0.02135	0.54218	0.19613	0.01696	0.02555	0.03023	0.01874	0.02585	0.01746	0.02174	0.01268	0.01472	0.01089	0.00748	0.00611	0.00204	0.00996	0.00498	0.00363	0.01133
12	0.02164	0.01333	0.01624	0.01449	0.01853	0.01355	0.01153	0.03189	0.21884	0.18712	0.22902	0.04847	0.04464	0.01451	0.00942	0.00287	0.00612	0.07717	0.00926	0.01135
13	0.49653	0.01493	0.01394	0.01199	0.01708	0.01608	0.00977	0.02736	0.01801	0.17267	0.10590	0.02418	0.02187	0.00982	0.00666	0.00264	0.00636	0.00700	0.00700	0.01020
14	0.01491	0.01236	0.01874	0.02391	0.21457	0.01190	0.01378	0.01926	0.02259	0.03212	0.44396	0.05006	0.05906	0.01428	0.00952	0.00263	0.00595	0.01291	0.00773	0.00976

[dist]
# distance from previous block
# <min> <max>
0	1

[block]
# block no. 2 follows, 21 sequences, length 6
# corresponding to MSA columns:
# 167-172
name=unknown_C
#
# <colnr> <probs for GDERKNQSTAVLIFYWHMCP>
#	G	D	E	R	K	N	Q	S	T	A	V	L	I	F	Y	W	H	M	C	P
0	0.02054	0.01969	0.03361	0.11738	0.58673	0.02008	0.02586	0.02566	0.01913	0.02717	0.01592	0.02123	0.01326	0.00768	0.00843	0.00256	0.01024	0.00758	0.00417	0.01306
1	0.01460	0.01322	0.02231	0.33504	0.07904	0.01472	0.06723	0.01879	0.01716	0.02260	0.02726	0.27446	0.02844	0.01513	0.00951	0.00305	0.00911	0.01400	0.00540	0.00894
2	0.01355	0.01191	0.01915	0.01927	0.06197	0.01245	0.09055	0.01607	0.01654	0.02270	0.03584	0.46515	0.04128	0.02113	0.01299	0.00335	0.10238	0.01883	0.00658	0.00830
3	0.01238	0.00825	0.00928	0.00928	0.00928	0.00825	0.00516	0.01238	0.01238	0.01650	0.02681	0.05569	0.03094	0.70092	0.04331	0.00825	0.00825	0.01238	0.00516	0.00516
4	0.16062	0.22024	0.02899	0.05169	0.07613	0.19401	0.01588	0.06204	0.01972	0.02631	0.01314	0.01597	0.01108	0.00865	0.00836	0.00237	0.06415	0.00561	0.00448	0.01055
5	0.07280	0.01923	0.07100	0.01725	0.02327	0.04170	0.04931	0.10533	0.11148	0.21984	0.08399	0.06934	0.02583	0.01147	0.00856	0.00266	0.00807	0.00959	0.00804	0.04122

[dist]
# distance from previous block
# <min> <max>
1	10

[block]
# block no. 3 follows, 21 sequences, length 19
# corresponding to MSA columns:
# 183-201
name=unknown_D
#
# <colnr> <probs for GDERKNQSTAVLIFYWHMCP>
#	G	D	E	R	K	N	Q	S	T	A	V	L	I	F	Y	W	H	M	C	P
0	0.02107	0.14150	0.07756	0.05243	0.05755	0.09354	0.31237	0.02643	0.01922	0.02450	0.01641	0.04586	0.01377	0.00869	0.00987	0.00267	0.05276	0.00860	0.00424	0.01096
1	0.28378	0.13953	0.02243	0.01587	0.04272	0.04819	0.01273	0.10350	0.05637	0.03368	0.05230	0.02016	0.01636	0.00941	0.00808	0.00248	0.05540	0.00642	0.03550	0.03510
2	0.10058	0.41953	0.03465	0.05526	0.06408	0.06503	0.01504	0.02648	0.04091	0.04550	0.01463	0.01713	0.01246	0.01104	0.04410	0.00278	0.01003	0.00558	0.00439	0.01079
3	0.05991	0.52981	0.14662	0.01635	0.02431	0.05713	0.01725	0.02607	0.01755	0.02217	0.01248	0.01447	0.01081	0.00751	0.00599	0.00203	0.00983	0.00489	0.00375	0.01107
4	0.01006	0.00862	0.00862	0.00862	0.01149	0.00718	0.00647	0.01221	0.01940	0.02299	0.08621	0.08190	0.64438	0.02155	0.01006	0.00287	0.00431	0.01796	0.00790	0.00718
5	0.01999	0.01726	0.01812	0.01640	0.02101	0.01969	0.01273	0.04174	0.56776	0.03427	0.04008	0.03704	0.09124	0.01260	0.00881	0.00289	0.00648	0.01050	0.00858	0.01281
6	0.01765	0.01513	0.01765	0.01260	0.02017	0.01134	0.01008	0.02143	0.01765	0.02773	0.01513	0.01765	0.01260	0.00630	0.00630	0.00126	0.00630	0.00504	0.00504	0.75295
7	0.01765	0.01513	0.01765	0.01260	0.02017	0.01134	0.01008	0.02143	0.01765	0.02773	0.01513	0.01765	0.01260	0.00630	0.00630	0.00126	0.00630	0.00504	0.00504	0.75295
8	0.03235	0.02384	0.02554	0.01958	0.02639	0.02639	0.01618	0.61946	0.04001	0.05363	0.02043	0.02043	0.01447	0.01022	0.00851	0.00255	0.00936	0.00766	0.00851	0.01447
9	0.03235	0.02384	0.02554	0.01958	0.02639	0.02639	0.01618	0.61946	0.04001	0.05363	0.02043	0.02043	0.01447	0.01022	0.00851	0.00255	0.00936	0.00766	0.00851	0.01447
10	0.01765	0.01513	0.01765	0.01260	0.02017	0.01134	0.01008	0.02143	0.01765	0.02773	0.01513	0.01765	0.01260	0.00630	0.00630	0.00126	0.00630	0.00504	0.00504	0.75295
11	0.01707	0.04402	0.65683	0.02426	0.03683	0.01976	0.03144	0.02695	0.01797	0.02695	0.01527	0.01797	0.01078	0.00809	0.00809	0.00270	0.01258	0.00629	0.00359	0.01258
12	0.01775	0.02435	0.17366	0.02424	0.03026	0.04530	0.19586	0.02347	0.01878	0.02649	0.13224	0.02859	0.02487	0.01325	0.03964	0.00338	0.15308	0.00942	0.00498	0.01041
13	0.01284	0.01012	0.01498	0.01459	0.01595	0.01227	0.01148	0.01575	0.01361	0.01983	0.02157	0.03187	0.02021	0.05866	0.59973	0.01263	0.09272	0.00894	0.00447	0.00778
14	0.01841	0.16212	0.32133	0.05919	0.03262	0.02142	0.08570	0.02649	0.05491	0.02634	0.05281	0.02141	0.01617	0.00849	0.00784	0.00247	0.01076	0.00707	0.00442	0.06002
15	0.01925	0.01633	0.02076	0.14837	0.06040	0.01589	0.01456	0.09681	0.08293	0.03018	0.01963	0.05945	0.01650	0.00899	0.00762	0.00209	0.00784	0.00756	0.00571	0.35916
16	0.02882	0.02463	0.09108	0.01912	0.02619	0.02387	0.01684	0.49077	0.03493	0.04733	0.01997	0.02205	0.01493	0.04938	0.01035	0.00283	0.00948	0.00765	0.00762	0.05216
17	0.02103	0.12104	0.11954	0.08008	0.02770	0.09526	0.04029	0.05999	0.02002	0.05835	0.06855	0.02618	0.05857	0.01083	0.01099	0.00260	0.11160	0.00798	0.00522	0.05417
18	0.02173	0.01840	0.02241	0.22725	0.06043	0.05610	0.01714	0.06800	0.24001	0.07516	0.02369	0.02529	0.01767	0.00961	0.00830	0.00262	0.00897	0.00802	0.00647	0.08272

[dist]
# distance from previous block
# <min> <max>
2	18

[block]
# block no. 4 follows, 21 sequences, length 23
# corresponding to MSA columns:
# 220-242
name=unknown_E
#
# <colnr> <probs for GDERKNQSTAVLIFYWHMCP>
#	G	D	E	R	K	N	Q	S	T	A	V	L	I	F	Y	W	H	M	C	P
0	0.06110	0.01690	0.01867	0.01538	0.02058	0.01748	0.01251	0.26758	0.06030	0.06338	0.11514	0.03970	0.08917	0.01306	0.00876	0.00260	0.00727	0.06364	0.00802	0.09876
1	0.02267	0.01862	0.01932	0.01691	0.02187	0.04767	0.01322	0.07970	0.46406	0.07380	0.07181	0.03162	0.02727	0.01144	0.00859	0.00274	0.00712	0.00944	0.00848	0.04365
2	0.02490	0.01585	0.01940	0.05832	0.02362	0.01462	0.01256	0.09695	0.08253	0.20500	0.02443	0.05778	0.01866	0.00964	0.00779	0.00217	0.00722	0.00792	0.00739	0.30326
3	0.13263	0.01988	0.02036	0.01620	0.02229	0.08174	0.01315	0.20939	0.02722	0.25337	0.05444	0.02399	0.01891	0.00997	0.00793	0.00248	0.00836	0.00756	0.00817	0.06196
4	0.01844	0.01122	0.01424	0.01282	0.01590	0.01076	0.00992	0.08821	0.02462	0.13493	0.36086	0.14523	0.05833	0.01707	0.00982	0.00282	0.00545	0.04054	0.00918	0.00964
5	0.01059	0.00756	0.01013	0.01210	0.01269	0.00710	0.00828	0.01223	0.01651	0.02197	0.04678	0.65607	0.05581	0.02645	0.01092	0.00349	0.00513	0.06133	0.00790	0.00697
6	0.02290	0.60927	0.09190	0.01582	0.02333	0.07457	0.01603	0.02616	0.01780	0.02063	0.01219	0.01411	0.01091	0.00744	0.00582	0.00191	0.00979	0.00475	0.00369	0.01098
7	0.01006	0.00862	0.00862	0.00862	0.01149	0.00718	0.00647	0.01221	0.01940	0.02299	0.08621	0.08190	0.64438	0.02155	0.01006	0.00287	0.00431	0.01796	0.00790	0.00718
8	0.03235	0.02384	0.02554	0.01958	0.02639	0.02639	0.01618	0.61946	0.04001	0.05363	0.02043	0.02043	0.01447	0.01022	0.00851	0.00255	0.00936	0.00766	0.00851	0.01447
9	0.76103	0.01646	0.01251	0.01119	0.01646	0.01909	0.00922	0.02502	0.01448	0.03818	0.01185	0.01382	0.00922	0.00790	0.00527	0.00263	0.00658	0.00461	0.00527	0.00922
10	0.01136	0.00782	0.00958	0.01058	0.01083	0.00757	0.00654	0.01211	0.01436	0.01914	0.03697	0.37917	0.04376	0.35996	0.02690	0.00583	0.00658	0.01835	0.00654	0.00604
11	0.20193	0.02014	0.13025	0.01583	0.02316	0.01531	0.01508	0.03510	0.02094	0.40075	0.02532	0.02352	0.01651	0.00949	0.00771	0.00264	0.00803	0.00724	0.00809	0.01293
12	0.02404	0.02133	0.16089	0.01701	0.02364	0.01614	0.01622	0.03549	0.21473	0.21751	0.09642	0.03132	0.02685	0.01103	0.00851	0.00270	0.00775	0.00910	0.04663	0.01269
13	0.01018	0.00816	0.00910	0.00985	0.01182	0.00708	0.00701	0.01207	0.01822	0.02251	0.07124	0.31551	0.42044	0.02350	0.01036	0.00310	0.00455	0.02033	0.00790	0.00708
14	0.01858	0.01811	0.03005	0.02146	0.02942	0.01522	0.24117	0.02365	0.01858	0.02755	0.01592	0.01967	0.01272	0.00663	0.00773	0.00187	0.00937	0.00695	0.00476	0.47060
15	0.02022	0.07204	0.48325	0.02338	0.06242	0.01904	0.02682	0.02827	0.01882	0.11273	0.01882	0.04451	0.01402	0.00904	0.00813	0.00266	0.01126	0.00724	0.00474	0.01259
16	0.02617	0.02077	0.02206	0.01833	0.02403	0.02350	0.01468	0.30199	0.36756	0.04366	0.02829	0.02669	0.02083	0.01095	0.00859	0.00274	0.00791	0.00875	0.00859	0.01392
17	0.01765	0.01513	0.01765	0.01260	0.02017	0.01134	0.01008	0.02143	0.01765	0.02773	0.01513	0.01765	0.01260	0.00630	0.00630	0.00126	0.00630	0.00504	0.00504	0.75295
18	0.09019	0.01740	0.02679	0.22168	0.18589	0.01868	0.07616	0.08772	0.02105	0.06255	0.05915	0.02717	0.04983	0.00961	0.00851	0.00270	0.00964	0.00861	0.00549	0.01120
19	0.01696	0.01630	0.02819	0.52589	0.10169	0.01880	0.08145	0.02262	0.01755	0.02314	0.01540	0.02228	0.01175	0.00817	0.00852	0.00272	0.01123	0.00765	0.00394	0.05576
20	0.02233	0.01369	0.01728	0.01340	0.01906	0.01169	0.01075	0.02592	0.02077	0.20803	0.16030	0.03118	0.03005	0.01043	0.00888	0.00209	0.04062	0.00848	0.00751	0.33753
21	0.02028	0.06958	0.01929	0.01390	0.01955	0.01507	0.01118	0.05309	0.14024	0.09597	0.12707	0.05707	0.02916	0.01071	0.00784	0.00215	0.00640	0.00890	0.00720	0.28536
22	0.02167	0.01614	0.01836	0.05457	0.02266	0.01781	0.01303	0.07293	0.37644	0.10716	0.06777	0.08716	0.06055	0.01318	0.00895	0.00287	0.00682	0.01114	0.00853	0.01229

[dist]
# distance from previous block
# <min> <max>
0	5

[block]
# block no. 5 follows, 21 sequences, length 32
# corresponding to MSA columns:
# 248-279
name=unknown_F
#
# <colnr> <probs for GDERKNQSTAVLIFYWHMCP>
#	G	D	E	R	K	N	Q	S	T	A	V	L	I	F	Y	W	H	M	C	P
0	0.02844	0.01990	0.02479	0.05457	0.05698	0.02088	0.04941	0.33455	0.05630	0.13155	0.02153	0.02255	0.01550	0.01077	0.00990	0.04701	0.00901	0.00778	0.00756	0.07101
1	0.01734	0.01547	0.02478	0.17532	0.06229	0.01674	0.11994	0.09063	0.04427	0.02722	0.02740	0.24847	0.02775	0.01498	0.01058	0.00305	0.04420	0.01367	0.00602	0.00989
2	0.01870	0.01835	0.02423	0.14221	0.02815	0.06208	0.01828	0.02148	0.01487	0.02174	0.01350	0.02034	0.01214	0.01290	0.02116	0.00331	0.45964	0.00739	0.07028	0.00925
3	0.01968	0.01042	0.01365	0.01186	0.01530	0.00930	0.00924	0.02333	0.02378	0.21816	0.41548	0.05475	0.10904	0.01569	0.00960	0.00268	0.00500	0.01356	0.00960	0.00989
4	0.01196	0.00995	0.01648	0.01578	0.01761	0.00930	0.10764	0.01437	0.01691	0.02263	0.04204	0.58525	0.04918	0.02347	0.01073	0.00336	0.00648	0.02188	0.00731	0.00766
5	0.01945	0.01864	0.03129	0.22784	0.42935	0.02033	0.02480	0.02441	0.01819	0.02548	0.01536	0.02132	0.01268	0.00845	0.01005	0.00271	0.06603	0.00757	0.00405	0.01200
6	0.01607	0.01513	0.02552	0.68047	0.05861	0.01891	0.02363	0.02174	0.01702	0.02174	0.01513	0.02269	0.01134	0.00851	0.00851	0.00284	0.01134	0.00756	0.00378	0.00945
7	0.01765	0.01513	0.01765	0.01260	0.02017	0.01134	0.01008	0.02143	0.01765	0.02773	0.01513	0.01765	0.01260	0.00630	0.00630	0.00126	0.00630	0.00504	0.00504	0.75295
8	0.01765	0.01513	0.01765	0.01260	0.02017	0.01134	0.01008	0.02143	0.01765	0.02773	0.01513	0.01765	0.01260	0.00630	0.00630	0.00126	0.00630	0.00504	0.00504	0.75295
9	0.01766	0.01015	0.01326	0.01261	0.01555	0.00885	0.00924	0.02003	0.01876	0.16323	0.07725	0.41186	0.04383	0.01962	0.00965	0.00291	0.00558	0.01746	0.00817	0.11432
10	0.01747	0.03036	0.35964	0.02041	0.02907	0.01763	0.04583	0.07215	0.08328	0.03003	0.07842	0.03488	0.08445	0.01167	0.00885	0.00280	0.00996	0.04583	0.00570	0.01156
11	0.76103	0.01646	0.01251	0.01119	0.01646	0.01909	0.00922	0.02502	0.01448	0.03818	0.01185	0.01382	0.00922	0.00790	0.00527	0.00263	0.00658	0.00461	0.00527	0.00922
12	0.02143	0.55208	0.18698	0.01682	0.02533	0.03044	0.01849	0.02582	0.01745	0.02163	0.01263	0.01465	0.01089	0.00747	0.00607	0.00202	0.00991	0.00495	0.00363	0.01131
13	0.01223	0.00883	0.01221	0.01221	0.01323	0.00984	0.00881	0.01426	0.01324	0.01867	0.02413	0.04084	0.02449	0.27586	0.45956	0.01187	0.01795	0.01020	0.00476	0.00679
14	0.01049	0.00864	0.00922	0.00907	0.01176	0.00737	0.00680	0.01305	0.02041	0.02540	0.20682	0.07793	0.52227	0.02065	0.01005	0.00283	0.00425	0.01740	0.00822	0.00737
15	0.02613	0.02075	0.02204	0.01832	0.02402	0.02349	0.01467	0.30008	0.36952	0.04360	0.02833	0.02673	0.02087	0.01096	0.00859	0.00274	0.00790	0.00875	0.00859	0.01391
16	0.01204	0.00870	0.01138	0.01071	0.01271	0.00803	0.00803	0.01606	0.02409	0.03413	0.64335	0.06357	0.08030	0.01740	0.01004	0.00268	0.00401	0.01539	0.00937	0.00803
17	0.02117	0.01828	0.01924	0.01732	0.02213	0.02117	0.01347	0.04522	0.63246	0.03560	0.03464	0.03175	0.02598	0.01155	0.00866	0.00289	0.00673	0.00962	0.00866	0.01347
18	0.12732	0.60837	0.04005	0.01408	0.02108	0.03161	0.01380	0.02542	0.01689	0.02259	0.01183	0.01368	0.01068	0.00737	0.00543	0.00194	0.00874	0.00456	0.00387	0.01068
19	0.03038	0.02226	0.02378	0.01853	0.02484	0.02463	0.01521	0.53770	0.07430	0.05083	0.02187	0.02200	0.01575	0.01027	0.00832	0.00253	0.00878	0.00780	0.06631	0.01390
20	0.02696	0.01868	0.02118	0.01763	0.02297	0.02010	0.01461	0.35772	0.07960	0.10325	0.06577	0.04037	0.02714	0.01353	0.00929	0.00288	0.00831	0.12877	0.00863	0.01263
21	0.76103	0.01646	0.01251	0.01119	0.01646	0.01909	0.00922	0.02502	0.01448	0.03818	0.01185	0.01382	0.00922	0.00790	0.00527	0.00263	0.00658	0.00461	0.00527	0.00922
22	0.02880	0.08785	0.02445	0.01954	0.02446	0.38967	0.01525	0.12609	0.10764	0.02853	0.01791	0.01914	0.01415	0.00931	0.00766	0.00230	0.01209	0.00644	0.04766	0.01105
23	0.01607	0.01513	0.02552	0.68047	0.05861	0.01891	0.02363	0.02174	0.01702	0.02174	0.01513	0.02269	0.01134	0.00851	0.00851	0.00284	0.01134	0.00756	0.00378	0.00945
24	0.01204	0.00870	0.01138	0.01071	0.01271	0.00803	0.00803	0.01606	0.02409	0.03413	0.64335	0.06357	0.08030	0.01740	0.01004	0.00268	0.00401	0.01539	0.00937	0.00803
25	0.01216	0.00912	0.01368	0.01368	0.01520	0.01064	0.01064	0.01520	0.01368	0.01976	0.02279	0.03343	0.02127	0.06382	0.66720	0.01368	0.02279	0.00912	0.00456	0.00760
26	0.01037	0.00741	0.00987	0.01185	0.01234	0.00691	0.00790	0.01185	0.01629	0.02172	0.04690	0.69537	0.05629	0.02666	0.01086	0.00346	0.00494	0.02419	0.00790	0.00691
27	0.02248	0.01923	0.02451	0.45006	0.04672	0.11123	0.02056	0.06417	0.02053	0.11315	0.01779	0.02238	0.01286	0.00894	0.00840	0.00270	0.01121	0.00741	0.00512	0.01054
28	0.02050	0.02179	0.04353	0.04285	0.30170	0.02097	0.36506	0.02677	0.01978	0.02749	0.01670	0.02215	0.01315	0.00735	0.00935	0.00272	0.01254	0.00899	0.00427	0.01233
29	0.02097	0.02086	0.03205	0.16696	0.48946	0.07049	0.02490	0.02592	0.01931	0.02613	0.01562	0.02092	0.01289	0.00785	0.00838	0.00256	0.01075	0.00741	0.00415	0.01245
30	0.05408	0.10498	0.51663	0.02253	0.03325	0.02157	0.02772	0.02621	0.01735	0.02632	0.01445	0.01740	0.01075	0.00853	0.00924	0.00269	0.06451	0.00613	0.00369	0.01200
31	0.02094	0.37949	0.25625	0.02008	0.05529	0.05145	0.02100	0.02746	0.05271	0.02371	0.01456	0.01658	0.01184	0.00787	0.00678	0.00223	0.01047	0.00562	0.00396	0.01172

[dist]
# distance from previous block
# <min> <max>
6	9

[block]
# block no. 6 follows, 21 sequences, length 34
# corresponding to MSA columns:
# 290-323
name=unknown_G
#
# <colnr> <probs for GDERKNQSTAVLIFYWHMCP>
#	G	D	E	R	K	N	Q	S	T	A	V	L	I	F	Y	W	H	M	C	P
0	0.07740	0.02064	0.02098	0.01627	0.02275	0.06622	0.01319	0.29787	0.02853	0.07344	0.01885	0.01985	0.01405	0.00880	0.00745	0.00213	0.00831	0.00659	0.04631	0.23039
1	0.01568	0.01460	0.02445	0.63462	0.05544	0.01808	0.02255	0.02106	0.01697	0.02174	0.01730	0.06882	0.01443	0.00975	0.00867	0.00288	0.01090	0.00870	0.00406	0.00928
2	0.01662	0.01019	0.01278	0.01283	0.01545	0.00962	0.01005	0.02031	0.05175	0.12753	0.05014	0.18107	0.17268	0.08681	0.01361	0.00376	0.00643	0.18160	0.00809	0.00867
3	0.01457	0.00984	0.01192	0.01107	0.01297	0.00953	0.00786	0.05942	0.02106	0.05571	0.32703	0.09107	0.08169	0.22596	0.02007	0.00442	0.00590	0.01420	0.00793	0.00780
4	0.01708	0.01513	0.02047	0.25216	0.03396	0.01406	0.01494	0.02154	0.01742	0.02558	0.01513	0.01946	0.01215	0.00709	0.00709	0.00183	0.00811	0.00595	0.00459	0.48627
5	0.02960	0.12049	0.02673	0.06618	0.02798	0.54463	0.01671	0.03210	0.02279	0.02079	0.01313	0.01564	0.01098	0.00857	0.00746	0.00219	0.01431	0.00551	0.00425	0.00997
6	0.03068	0.02146	0.02349	0.01820	0.02462	0.02313	0.01486	0.47207	0.06849	0.10996	0.02252	0.02328	0.01638	0.03989	0.00991	0.00276	0.00880	0.00792	0.00840	0.05319
7	0.01566	0.01523	0.02880	0.02283	0.02686	0.01533	0.26788	0.01968	0.01674	0.02301	0.02504	0.16707	0.02539	0.10671	0.12941	0.00558	0.06182	0.01290	0.00515	0.00893
8	0.44421	0.02109	0.01641	0.01454	0.01936	0.14463	0.01159	0.09404	0.01920	0.03435	0.01443	0.01727	0.01163	0.01515	0.08682	0.00389	0.01058	0.00568	0.00538	0.00975
9	0.22083	0.01829	0.01994	0.01570	0.02202	0.01909	0.01296	0.24107	0.02735	0.28484	0.02339	0.02209	0.01571	0.00975	0.00770	0.00261	0.00782	0.00723	0.00847	0.01313
10	0.01037	0.00741	0.00987	0.01185	0.01234	0.00691	0.00790	0.01185	0.01629	0.02172	0.04690	0.69537	0.05629	0.02666	0.01086	0.00346	0.00494	0.02419	0.00790	0.00691
11	0.76103	0.01646	0.01251	0.01119	0.01646	0.01909	0.00922	0.02502	0.01448	0.03818	0.01185	0.01382	0.00922	0.00790	0.00527	0.00263	0.00658	0.00461	0.00527	0.00922
12	0.01037	0.00741	0.00987	0.01185	0.01234	0.00691	0.00790	0.01185	0.01629	0.02172	0.04690	0.69537	0.05629	0.02666	0.01086	0.00346	0.00494	0.02419	0.00790	0.00691
13	0.01037	0.00741	0.00987	0.01185	0.01234	0.00691	0.00790	0.01185	0.01629	0.02172	0.04690	0.69537	0.05629	0.02666	0.01086	0.00346	0.00494	0.02419	0.00790	0.00691
14	0.03423	0.01616	0.02011	0.01581	0.02202	0.01559	0.01293	0.13401	0.09983	0.45592	0.03134	0.02805	0.02063	0.01058	0.00845	0.00262	0.00738	0.00851	0.04176	0.01408
15	0.01186	0.00856	0.01121	0.01083	0.01267	0.00791	0.00802	0.01559	0.02322	0.03275	0.57711	0.13374	0.07763	0.01843	0.01013	0.00276	0.00412	0.01637	0.00920	0.00791
16	0.01765	0.01513	0.01765	0.01260	0.02017	0.01134	0.01008	0.02143	0.01765	0.02773	0.01513	0.01765	0.01260	0.00630	0.00630	0.00126	0.00630	0.00504	0.00504	0.75295
17	0.01037	0.00863	0.00905	0.00894	0.01168	0.00732	0.00671	0.01281	0.02012	0.02472	0.17257	0.07906	0.55695	0.02091	0.01005	0.00284	0.00426	0.01756	0.00813	0.00732
18	0.23758	0.06355	0.24808	0.12005	0.03100	0.04764	0.02010	0.04851	0.01788	0.03014	0.01488	0.01802	0.01120	0.00827	0.00706	0.00258	0.00994	0.00601	0.04681	0.01071
19	0.01370	0.01246	0.07655	0.01232	0.01554	0.00937	0.01059	0.01817	0.02316	0.06191	0.52689	0.08363	0.06954	0.01653	0.00981	0.00271	0.00506	0.01452	0.00878	0.00874
20	0.01037	0.00741	0.00987	0.01185	0.01234	0.00691	0.00790	0.01185	0.01629	0.02172	0.04690	0.69537	0.05629	0.02666	0.01086	0.00346	0.00494	0.02419	0.00790	0.00691
21	0.01732	0.01640	0.02779	0.52282	0.20647	0.01924	0.02426	0.02284	0.01761	0.02326	0.01535	0.02228	0.01188	0.00828	0.00849	0.00276	0.01103	0.00757	0.00389	0.01046
22	0.01755	0.07799	0.59602	0.02343	0.03538	0.02056	0.02975	0.02768	0.04524	0.02697	0.01595	0.01835	0.01146	0.00820	0.00797	0.00266	0.01213	0.00634	0.00382	0.01253
23	0.02009	0.02296	0.05022	0.03587	0.04448	0.02152	0.61693	0.02726	0.02009	0.02726	0.01722	0.02296	0.01291	0.00717	0.01004	0.00287	0.01435	0.01004	0.00430	0.01148
24	0.01508	0.03134	0.42505	0.01919	0.02806	0.01547	0.02289	0.02267	0.01971	0.02845	0.18689	0.03609	0.09005	0.01183	0.00879	0.00271	0.00953	0.00980	0.00552	0.01086
25	0.03601	0.01461	0.01934	0.01496	0.02131	0.01292	0.01231	0.07118	0.02489	0.57945	0.03631	0.03198	0.06165	0.01124	0.00865	0.00264	0.00717	0.00913	0.01025	0.01400
26	0.01776	0.09276	0.56943	0.02536	0.07583	0.02085	0.02981	0.02678	0.01801	0.02648	0.01506	0.01784	0.01097	0.00799	0.00791	0.00262	0.01215	0.00624	0.00364	0.01251
27	0.01723	0.01631	0.02762	0.53461	0.19542	0.01921	0.02421	0.02276	0.01756	0.02315	0.01533	0.02231	0.01184	0.00829	0.00849	0.00276	0.01106	0.00757	0.00388	0.01039
28	0.01626	0.01538	0.02556	0.63271	0.05598	0.01943	0.02327	0.02165	0.01673	0.02165	0.01484	0.02239	0.01133	0.00897	0.00992	0.00290	0.06026	0.00755	0.00378	0.00944
29	0.01862	0.01862	0.02607	0.02234	0.02234	0.02607	0.01862	0.02048	0.01303	0.02048	0.01117	0.01862	0.01117	0.01489	0.02793	0.00372	0.68535	0.00745	0.00372	0.00931
30	0.01864	0.06483	0.04079	0.22035	0.04559	0.02088	0.37671	0.02482	0.01883	0.02492	0.01765	0.05376	0.01436	0.00848	0.00934	0.00282	0.01269	0.00963	0.00428	0.01064
31	0.02009	0.02296	0.05022	0.03587	0.04448	0.02152	0.61693	0.02726	0.02009	0.02726	0.01722	0.02296	0.01291	0.00717	0.01004	0.00287	0.01435	0.01004	0.00430	0.01148
32	0.01129	0.00820	0.01065	0.01102	0.01250	0.00756	0.00789	0.01424	0.02085	0.02876	0.38426	0.30540	0.10332	0.02117	0.01035	0.00298	0.00438	0.01889	0.00872	0.00756
33	0.01195	0.00863	0.01129	0.01077	0.01269	0.00797	0.00802	0.01583	0.02366	0.03344	0.61046	0.09841	0.07897	0.01791	0.01008	0.00272	0.00407	0.01588	0.00929	0.00797

[dist]
# distance from previous block
# <min> <max>
0	1

[block]
# block no. 7 follows, 21 sequences, length 24
# corresponding to MSA columns:
# 325-348
name=unknown_H
#
# <colnr> <probs for GDERKNQSTAVLIFYWHMCP>
#	G	D	E	R	K	N	Q	S	T	A	V	L	I	F	Y	W	H	M	C	P
0	0.01736	0.04196	0.59748	0.02539	0.03758	0.01994	0.08872	0.02698	0.01817	0.02698	0.01546	0.01846	0.01099	0.00800	0.00828	0.00271	0.01275	0.00666	0.00366	0.01247
1	0.03126	0.02329	0.02492	0.01936	0.02597	0.02588	0.01591	0.56328	0.09797	0.05187	0.02182	0.02154	0.01560	0.01035	0.00853	0.00259	0.00911	0.00785	0.00853	0.01437
2	0.01991	0.02417	0.08511	0.03520	0.04404	0.02142	0.58325	0.02724	0.01996	0.02724	0.01710	0.02267	0.01279	0.00723	0.00993	0.00286	0.01425	0.00983	0.00426	0.01154
3	0.01632	0.01547	0.02558	0.61608	0.05506	0.01961	0.02314	0.02162	0.01663	0.02162	0.01474	0.02229	0.01133	0.00913	0.01041	0.00292	0.07728	0.00755	0.00378	0.00944
4	0.01037	0.00741	0.00987	0.01185	0.01234	0.00691	0.00790	0.01185	0.01629	0.02172	0.04690	0.69537	0.05629	0.02666	0.01086	0.00346	0.00494	0.02419	0.00790	0.00691
5	0.02116	0.01822	0.02014	0.08230	0.02589	0.02118	0.01458	0.06838	0.54599	0.03504	0.03210	0.03036	0.02404	0.01119	0.00864	0.00287	0.00730	0.00933	0.00818	0.01312
6	0.01813	0.11436	0.51562	0.02581	0.08188	0.02141	0.05468	0.02674	0.01809	0.02626	0.01503	0.01794	0.01109	0.00792	0.00791	0.00259	0.01208	0.00636	0.00368	0.01241
7	0.01099	0.00785	0.01059	0.01256	0.01333	0.00745	0.00898	0.01293	0.01691	0.02242	0.04656	0.58374	0.05492	0.02607	0.01103	0.00354	0.00548	0.12968	0.00789	0.00708
8	0.01074	0.00767	0.01030	0.01227	0.01293	0.00723	0.00854	0.01249	0.01666	0.02214	0.04670	0.62943	0.05548	0.02631	0.01096	0.00351	0.00526	0.08650	0.00789	0.00701
9	0.02754	0.07159	0.02329	0.01969	0.05910	0.20312	0.01473	0.09943	0.15276	0.13726	0.08351	0.02659	0.02313	0.01048	0.00824	0.00249	0.00965	0.00814	0.00721	0.01202
10	0.07353	0.02362	0.02474	0.04816	0.02723	0.04840	0.01611	0.53825	0.03697	0.05018	0.01945	0.01997	0.01391	0.00996	0.00830	0.00256	0.00950	0.00740	0.00797	0.01379
11	0.19163	0.02237	0.02345	0.01876	0.02489	0.06575	0.05982	0.31529	0.12314	0.04326	0.01999	0.02057	0.01473	0.00958	0.00787	0.00262	0.00911	0.00732	0.00722	0.01262
12	0.01382	0.01029	0.01234	0.01135	0.01397	0.00984	0.00863	0.08170	0.02455	0.03353	0.43817	0.09589	0.17774	0.01788	0.00992	0.00274	0.00471	0.01549	0.00892	0.00852
13	0.02814	0.20111	0.02945	0.02004	0.02478	0.40691	0.01621	0.06082	0.02204	0.02230	0.01299	0.01555	0.01116	0.00915	0.00941	0.00229	0.08744	0.00558	0.00434	0.01030
14	0.07277	0.23302	0.09887	0.01733	0.02429	0.09013	0.06060	0.05942	0.02023	0.02746	0.08349	0.02158	0.01908	0.00869	0.00714	0.00214	0.00936	0.00672	0.00502	0.13266
15	0.01728	0.06146	0.17001	0.01557	0.02094	0.08523	0.01513	0.02233	0.02208	0.06061	0.33651	0.04331	0.06864	0.01342	0.00897	0.00258	0.00779	0.01123	0.00711	0.00978
16	0.01317	0.01063	0.01136	0.01181	0.01312	0.05149	0.00810	0.03517	0.01832	0.02376	0.13516	0.34931	0.10156	0.15711	0.01683	0.00412	0.00624	0.01814	0.00737	0.00722
17	0.07423	0.06053	0.08646	0.01400	0.01833	0.01349	0.01225	0.02394	0.07962	0.11496	0.20934	0.18408	0.04394	0.01553	0.00901	0.00281	0.00640	0.01331	0.00781	0.00998
18	0.02337	0.06700	0.34811	0.02016	0.02942	0.01856	0.02267	0.09451	0.02210	0.16929	0.04330	0.02716	0.01839	0.01016	0.00841	0.00270	0.01024	0.04563	0.00616	0.01265
19	0.12751	0.05024	0.11077	0.01547	0.02207	0.01725	0.01424	0.14178	0.02133	0.03269	0.01904	0.02729	0.01676	0.07875	0.01095	0.00285	0.00830	0.05083	0.00572	0.22615
20	0.05667	0.09038	0.53347	0.02201	0.03300	0.01994	0.02743	0.02574	0.01762	0.02668	0.01691	0.06202	0.01370	0.00924	0.00792	0.00268	0.01149	0.00725	0.00397	0.01190
21	0.02210	0.07122	0.09425	0.04830	0.02676	0.12055	0.08182	0.16590	0.02532	0.03219	0.11492	0.05129	0.08534	0.01177	0.00873	0.00258	0.00987	0.00982	0.00637	0.01088
22	0.02096	0.09605	0.10540	0.13874	0.03132	0.01976	0.05678	0.03190	0.20299	0.09875	0.02695	0.02772	0.05329	0.01002	0.00826	0.00263	0.00897	0.00845	0.00630	0.04474
23	0.07135	0.11270	0.47480	0.02176	0.03261	0.02198	0.02635	0.09204	0.02008	0.02992	0.01522	0.01747	0.01109	0.00822	0.00765	0.00258	0.01142	0.00613	0.00426	0.01237

[dist]
# distance from previous block
# <min> <max>
5	11

[block]
# block no. 8 follows, 21 sequences, length 59
# corresponding to MSA columns:
# 366-424
name=unknown_I
#
# <colnr> <probs for GDERKNQSTAVLIFYWHMCP>
#	G	D	E	R	K	N	Q	S	T	A	V	L	I	F	Y	W	H	M	C	P
0	0.11274	0.43300	0.06501	0.01467	0.02108	0.06744	0.01399	0.02634	0.05192	0.02489	0.04455	0.01847	0.01551	0.00837	0.00613	0.00210	0.00868	0.00571	0.04886	0.01055
1	0.10695	0.16056	0.05626	0.01659	0.05097	0.02035	0.01375	0.09571	0.10815	0.12933	0.05917	0.02695	0.04653	0.01021	0.00748	0.00245	0.00759	0.00790	0.06139	0.01171
2	0.01800	0.14419	0.48530	0.02409	0.07706	0.02141	0.02729	0.02613	0.01826	0.02627	0.04514	0.01972	0.01436	0.00837	0.00779	0.00255	0.01144	0.00655	0.00392	0.01216
3	0.48432	0.12161	0.12719	0.01440	0.02129	0.02176	0.01418	0.06088	0.01700	0.03456	0.01294	0.01490	0.01004	0.00798	0.00597	0.00252	0.00813	0.00507	0.00494	0.01035
4	0.06271	0.01723	0.02712	0.21528	0.06167	0.01838	0.13345	0.09075	0.06658	0.10686	0.06067	0.05981	0.02081	0.01030	0.00886	0.00279	0.00977	0.00949	0.00624	0.01123
5	0.02911	0.01779	0.02036	0.01668	0.02234	0.01878	0.01353	0.21497	0.20257	0.22955	0.03003	0.03020	0.02171	0.01124	0.00855	0.00270	0.00756	0.03329	0.05555	0.01350
6	0.03136	0.02312	0.02496	0.01929	0.02584	0.02562	0.01590	0.58983	0.03872	0.05197	0.02055	0.02107	0.01481	0.01284	0.04082	0.00310	0.01002	0.00773	0.00832	0.01414
7	0.01628	0.01554	0.02683	0.64633	0.05786	0.01905	0.05506	0.02204	0.01718	0.02204	0.01524	0.02270	0.01143	0.00844	0.00859	0.00284	0.01150	0.00769	0.00381	0.00956
8	0.01037	0.00741	0.00987	0.01185	0.01234	0.00691	0.00790	0.01185	0.01629	0.02172	0.04690	0.69537	0.05629	0.02666	0.01086	0.00346	0.00494	0.02419	0.00790	0.00691
9	0.01478	0.00739	0.01109	0.01109	0.01109	0.00739	0.00739	0.01109	0.01109	0.01478	0.01478	0.02587	0.01478	0.02956	0.03326	0.75240	0.00739	0.00739	0.00370	0.00370
10	0.01204	0.00870	0.01138	0.01071	0.01271	0.00803	0.00803	0.01606	0.02409	0.03413	0.64335	0.06357	0.08030	0.01740	0.01004	0.00268	0.00401	0.01539	0.00937	0.00803
11	0.02245	0.67098	0.07702	0.01507	0.02264	0.03294	0.01546	0.02556	0.01733	0.02039	0.01201	0.01388	0.01091	0.00732	0.00560	0.00187	0.00928	0.00464	0.00364	0.01101
12	0.01720	0.01666	0.02934	0.52381	0.14265	0.01936	0.08431	0.02294	0.01767	0.02318	0.01547	0.02248	0.01181	0.00824	0.00865	0.00279	0.01147	0.00782	0.00390	0.01024
13	0.01235	0.00835	0.00977	0.00977	0.00994	0.00852	0.00577	0.01269	0.01252	0.01686	0.02637	0.05321	0.02986	0.62983	0.11293	0.00886	0.00987	0.01201	0.00509	0.00543
14	0.03330	0.02231	0.02460	0.01886	0.02563	0.02413	0.01558	0.52522	0.03746	0.15148	0.02257	0.02182	0.01555	0.01027	0.00852	0.00257	0.00902	0.00781	0.00884	0.01447
15	0.01765	0.01513	0.01765	0.01260	0.02017	0.01134	0.01008	0.02143	0.01765	0.02773	0.01513	0.01765	0.01260	0.00630	0.00630	0.00126	0.00630	0.00504	0.00504	0.75295
16	0.05020	0.01701	0.02983	0.38745	0.08133	0.01861	0.14570	0.02613	0.01875	0.11557	0.01816	0.02321	0.01312	0.00845	0.00870	0.00279	0.01112	0.00811	0.00495	0.01082
17	0.01875	0.01899	0.02815	0.02351	0.02425	0.02567	0.07024	0.02107	0.01364	0.02107	0.01169	0.01899	0.01132	0.01423	0.02638	0.00365	0.62745	0.00767	0.00377	0.00950
18	0.01216	0.00912	0.01368	0.01368	0.01520	0.01064	0.01064	0.01520	0.01368	0.01976	0.02279	0.03343	0.02127	0.06382	0.66720	0.01368	0.02279	0.00912	0.00456	0.00760
19	0.01995	0.01690	0.01834	0.01705	0.02140	0.01931	0.01351	0.04072	0.53253	0.03395	0.03634	0.04223	0.02973	0.01350	0.00916	0.00305	0.00691	0.10435	0.00853	0.01255
20	0.01765	0.11132	0.59459	0.02327	0.03531	0.02118	0.02973	0.02680	0.01790	0.02625	0.01492	0.01753	0.01079	0.00800	0.00782	0.00261	0.01222	0.00611	0.00360	0.01241
21	0.01037	0.00741	0.00987	0.01185	0.01234	0.00691	0.00790	0.01185	0.01629	0.02172	0.04690	0.69537	0.05629	0.02666	0.01086	0.00346	0.00494	0.02419	0.00790	0.00691
22	0.01037	0.00741	0.00987	0.01185	0.01234	0.00691	0.00790	0.01185	0.01629	0.02172	0.04690	0.69537	0.05629	0.02666	0.01086	0.00346	0.00494	0.02419	0.00790	0.00691
23	0.03235	0.02384	0.02554	0.01958	0.02639	0.02639	0.01618	0.61946	0.04001	0.05363	0.02043	0.02043	0.01447	0.01022	0.00851	0.00255	0.00936	0.00766	0.00851	0.01447
24	0.02275	0.70604	0.04459	0.01456	0.02184	0.03367	0.01456	0.02548	0.01729	0.02002	0.01183	0.01365	0.01092	0.00728	0.00546	0.00182	0.00910	0.00455	0.00364	0.01092
25	0.02275	0.70604	0.04459	0.01456	0.02184	0.03367	0.01456	0.02548	0.01729	0.02002	0.01183	0.01365	0.01092	0.00728	0.00546	0.00182	0.00910	0.00455	0.00364	0.01092
26	0.01238	0.00825	0.00928	0.00928	0.00928	0.00825	0.00516	0.01238	0.01238	0.01650	0.02681	0.05569	0.03094	0.70092	0.04331	0.00825	0.00825	0.01238	0.00516	0.00516
27	0.02035	0.01757	0.01846	0.01668	0.02135	0.02014	0.01296	0.04279	0.58741	0.03467	0.03843	0.03544	0.07142	0.01228	0.00876	0.00289	0.00656	0.01023	0.00860	0.01301
28	0.03179	0.04056	0.02412	0.02192	0.02631	0.66676	0.01644	0.03398	0.02412	0.02083	0.01315	0.01535	0.01096	0.00877	0.00767	0.00219	0.01535	0.00548	0.00438	0.00987
29	0.01607	0.01513	0.02552	0.68047	0.05861	0.01891	0.02363	0.02174	0.01702	0.02174	0.01513	0.02269	0.01134	0.00851	0.00851	0.00284	0.01134	0.00756	0.00378	0.00945
30	0.01586	0.00793	0.00793	0.00793	0.00991	0.00793	0.00595	0.01983	0.01785	0.03173	0.02776	0.03173	0.02181	0.00991	0.00595	0.00198	0.00397	0.00793	0.74817	0.00793
31	0.01037	0.00741	0.00987	0.01185	0.01234	0.00691	0.00790	0.01185	0.01629	0.02172	0.04690	0.69537	0.05629	0.02666	0.01086	0.00346	0.00494	0.02419	0.00790	0.00691
32	0.01037	0.00741	0.00987	0.01185	0.01234	0.00691	0.00790	0.01185	0.01629	0.02172	0.04690	0.69537	0.05629	0.02666	0.01086	0.00346	0.00494	0.02419	0.00790	0.00691
33	0.02106	0.02022	0.03454	0.05223	0.64784	0.02022	0.02612	0.02612	0.01938	0.02780	0.01601	0.02106	0.01348	0.00758	0.00842	0.00253	0.01011	0.00758	0.00421	0.01348
34	0.01478	0.00739	0.01109	0.01109	0.01109	0.00739	0.00739	0.01109	0.01109	0.01478	0.01478	0.02587	0.01478	0.02956	0.03326	0.75240	0.00739	0.00739	0.00370	0.00370
35	0.01037	0.00741	0.00987	0.01185	0.01234	0.00691	0.00790	0.01185	0.01629	0.02172	0.04690	0.69537	0.05629	0.02666	0.01086	0.00346	0.00494	0.02419	0.00790	0.00691
36	0.02106	0.02022	0.03454	0.05223	0.64784	0.02022	0.02612	0.02612	0.01938	0.02780	0.01601	0.02106	0.01348	0.00758	0.00842	0.00253	0.01011	0.00758	0.00421	0.01348
37	0.01175	0.00844	0.01086	0.01233	0.01322	0.00813	0.00842	0.04997	0.01778	0.02373	0.04524	0.65302	0.05366	0.02563	0.01071	0.00340	0.00522	0.02316	0.00794	0.00739
38	0.01478	0.00739	0.01109	0.01109	0.01109	0.00739	0.00739	0.01109	0.01109	0.01478	0.01478	0.02587	0.01478	0.02956	0.03326	0.75240	0.00739	0.00739	0.00370	0.00370
39	0.02275	0.70604	0.04459	0.01456	0.02184	0.03367	0.01456	0.02548	0.01729	0.02002	0.01183	0.01365	0.01092	0.00728	0.00546	0.00182	0.00910	0.00455	0.00364	0.01092
40	0.05172	0.01750	0.01793	0.01669	0.02080	0.05280	0.01312	0.03773	0.44799	0.03221	0.03286	0.03909	0.02714	0.01405	0.01038	0.04771	0.00738	0.09333	0.00787	0.01170
41	0.01331	0.00898	0.01178	0.01092	0.01315	0.00825	0.00825	0.01729	0.02410	0.06407	0.61388	0.06190	0.07743	0.01707	0.00997	0.00267	0.00417	0.01506	0.00942	0.00834
42	0.01204	0.00870	0.01138	0.01071	0.01271	0.00803	0.00803	0.01606	0.02409	0.03413	0.64335	0.06357	0.08030	0.01740	0.01004	0.00268	0.00401	0.01539	0.00937	0.00803
43	0.01238	0.00825	0.00928	0.00928	0.00928	0.00825	0.00516	0.01238	0.01238	0.01650	0.02681	0.05569	0.03094	0.70092	0.04331	0.00825	0.00825	0.01238	0.00516	0.00516
44	0.76103	0.01646	0.01251	0.01119	0.01646	0.01909	0.00922	0.02502	0.01448	0.03818	0.01185	0.01382	0.00922	0.00790	0.00527	0.00263	0.00658	0.00461	0.00527	0.00922
45	0.01688	0.01595	0.02698	0.57905	0.15373	0.01912	0.02403	0.02245	0.01740	0.02272	0.01527	0.02243	0.01169	0.00836	0.00849	0.00279	0.01115	0.00757	0.00385	0.01010
