[name]
unknown

[dist]
# distance from previous block
# <min> <max>
27	41

[block]
# block no. 0 follows, 25 sequences, length 13
# corresponding to MSA columns:
# 53-65
name=unknown_A
#
# <colnr> <probs for GDERKNQSTAVLIFYWHMCP>
#	G	D	E	R	K	N	Q	S	T	A	V	L	I	F	Y	W	H	M	C	P
0	0.13232	0.01860	0.01971	0.01885	0.09744	0.08524	0.01342	0.13316	0.16324	0.17388	0.02159	0.02120	0.01561	0.00877	0.00720	0.00233	0.00773	0.00684	0.00679	0.04609
1	0.11959	0.01669	0.01815	0.01744	0.08318	0.05150	0.01245	0.05080	0.27855	0.12316	0.04567	0.02395	0.01923	0.00907	0.00720	0.00232	0.00683	0.00731	0.00678	0.10013
2	0.09741	0.01504	0.01685	0.01422	0.01914	0.01574	0.01130	0.08231	0.28234	0.22121	0.02789	0.07168	0.02117	0.01046	0.00755	0.00246	0.00631	0.00853	0.00782	0.06058
3	0.02259	0.01764	0.01957	0.01457	0.02113	0.01700	0.01188	0.32746	0.02598	0.03673	0.01613	0.01731	0.01231	0.00747	0.00672	0.00172	0.00710	0.00575	0.00613	0.40479
4	0.00916	0.00785	0.00785	0.00785	0.01047	0.00655	0.00589	0.01113	0.01767	0.02095	0.07855	0.07462	0.67599	0.01964	0.00916	0.00262	0.00393	0.01636	0.00720	0.00655
5	0.02329	0.01622	0.01804	0.01536	0.02018	0.01777	0.01218	0.12274	0.42008	0.16242	0.06280	0.02852	0.02391	0.01045	0.00792	0.00253	0.00643	0.00860	0.00824	0.01232
6	0.02944	0.02266	0.02319	0.01797	0.02404	0.06576	0.01475	0.61467	0.03556	0.04701	0.01820	0.01833	0.01299	0.00923	0.00771	0.00231	0.00887	0.00686	0.00752	0.01293
7	0.01106	0.00743	0.00852	0.00873	0.00878	0.00738	0.00499	0.01122	0.01169	0.01559	0.02656	0.12872	0.03087	0.64587	0.03603	0.00701	0.00717	0.01253	0.00499	0.00488
8	0.01106	0.00743	0.00852	0.00873	0.00878	0.00738	0.00499	0.01122	0.01169	0.01559	0.02656	0.12872	0.03087	0.64587	0.03603	0.00701	0.00717	0.01253	0.00499	0.00488
9	0.02236	0.01949	0.02252	0.18147	0.12427	0.09783	0.01666	0.24955	0.05510	0.03253	0.04014	0.02118	0.01506	0.00871	0.00756	0.00233	0.00907	0.00707	0.05623	0.01086
10	0.02802	0.02959	0.02190	0.04561	0.02456	0.40924	0.01478	0.24639	0.02653	0.02979	0.01488	0.01644	0.01150	0.00848	0.00723	0.00213	0.01154	0.00585	0.03519	0.01036
11	0.02057	0.01751	0.02909	0.04337	0.05283	0.01708	0.25147	0.05748	0.12321	0.11173	0.01963	0.02169	0.01457	0.00789	0.00865	0.00233	0.03772	0.00774	0.00556	0.14987
12	0.01622	0.01425	0.01802	0.01287	0.01982	0.01094	0.05113	0.01987	0.01622	0.02524	0.01391	0.01639	0.01150	0.00579	0.00596	0.00124	0.00622	0.00489	0.00455	0.72495

[dist]
# distance from previous block
# <min> <max>
0	1

[block]
# block no. 1 follows, 25 sequences, length 37
# corresponding to MSA columns:
# 67-103
name=unknown_B
#
# <colnr> <probs for GDERKNQSTAVLIFYWHMCP>
#	G	D	E	R	K	N	Q	S	T	A	V	L	I	F	Y	W	H	M	C	P
0	0.02407	0.01605	0.01824	0.01397	0.01988	0.01555	0.01136	0.24738	0.05847	0.14858	0.02036	0.02058	0.01481	0.00821	0.00689	0.00192	0.00671	0.00645	0.07502	0.26551
1	0.02016	0.01910	0.02845	0.16243	0.44958	0.06049	0.02180	0.09634	0.01970	0.02666	0.01475	0.01907	0.01189	0.00741	0.00766	0.00234	0.00963	0.00680	0.00423	0.01152
2	0.00945	0.00675	0.00900	0.01080	0.01125	0.00630	0.00720	0.01080	0.01484	0.01979	0.04274	0.72245	0.05128	0.02429	0.00990	0.00315	0.00450	0.02204	0.00720	0.00630
3	0.03330	0.01365	0.01813	0.01384	0.01991	0.01194	0.01141	0.06655	0.02249	0.61043	0.02891	0.02534	0.01840	0.00933	0.00766	0.00231	0.00664	0.00755	0.00918	0.06304
4	0.01445	0.00723	0.00723	0.00723	0.00903	0.00723	0.00542	0.01807	0.01626	0.02891	0.02529	0.02891	0.01987	0.00903	0.00542	0.00181	0.00361	0.00723	0.77055	0.00723
5	0.01608	0.01378	0.01608	0.01148	0.01837	0.01034	0.00919	0.01952	0.01608	0.02527	0.01378	0.01608	0.01148	0.00574	0.00574	0.00115	0.00574	0.00459	0.00459	0.77491
6	0.00952	0.00691	0.00899	0.01050	0.01120	0.00638	0.00710	0.01105	0.01550	0.02056	0.08341	0.63041	0.10305	0.02341	0.00979	0.00306	0.00440	0.02110	0.00728	0.00638
7	0.01445	0.00723	0.00723	0.00723	0.00903	0.00723	0.00542	0.01807	0.01626	0.02891	0.02529	0.02891	0.01987	0.00903	0.00542	0.00181	0.00361	0.00723	0.77055	0.00723
8	0.74418	0.01534	0.01200	0.01058	0.01545	0.01773	0.00872	0.05470	0.01437	0.03550	0.01119	0.01290	0.00864	0.00730	0.00495	0.00240	0.00613	0.00434	0.00495	0.00864
9	0.01805	0.07962	0.07772	0.03176	0.16693	0.01986	0.36366	0.02346	0.01728	0.02376	0.01579	0.05017	0.01324	0.00790	0.00946	0.00253	0.05585	0.00849	0.00393	0.01054
10	0.01102	0.00799	0.01054	0.01201	0.01310	0.00785	0.00902	0.01410	0.04755	0.02169	0.06313	0.43664	0.04764	0.05157	0.01126	0.00341	0.00551	0.21199	0.00716	0.00682
11	0.01077	0.00792	0.01009	0.00954	0.01146	0.00723	0.00716	0.01424	0.02147	0.02997	0.60881	0.05977	0.14010	0.01627	0.00915	0.00246	0.00369	0.01428	0.00839	0.00723
12	0.01759	0.01373	0.01623	0.01167	0.01849	0.01042	0.00937	0.02100	0.01657	0.07851	0.01514	0.01691	0.01211	0.00605	0.00591	0.00125	0.00581	0.00485	0.00500	0.71338
13	0.01479	0.01393	0.02353	0.68703	0.07407	0.01727	0.02161	0.01994	0.01557	0.01999	0.01381	0.02062	0.01040	0.00772	0.00775	0.00257	0.01030	0.00689	0.00346	0.00873
14	0.01125	0.00761	0.00891	0.00891	0.00907	0.00776	0.00526	0.01157	0.01141	0.01537	0.02402	0.04844	0.02719	0.65172	0.11389	0.00808	0.00902	0.01094	0.00464	0.00495
15	0.10899	0.01788	0.05741	0.11947	0.36831	0.01777	0.01961	0.08739	0.01813	0.02719	0.01433	0.01876	0.01165	0.00894	0.00917	0.06472	0.00881	0.00652	0.00424	0.01069
16	0.00976	0.00800	0.00868	0.00887	0.01131	0.00693	0.00689	0.01208	0.01805	0.02209	0.12298	0.07495	0.54185	0.01956	0.00937	0.00273	0.00433	0.09759	0.00730	0.00669
17	0.02896	0.03695	0.02197	0.01998	0.02397	0.69638	0.01498	0.03096	0.02197	0.01898	0.01199	0.01398	0.00999	0.00799	0.00699	0.00200	0.01398	0.00499	0.00400	0.00899
18	0.01629	0.10996	0.57232	0.02199	0.03268	0.01943	0.07400	0.02444	0.01645	0.02393	0.01373	0.01631	0.00998	0.00723	0.00725	0.00239	0.01125	0.00582	0.00333	0.01123
19	0.01696	0.01696	0.02375	0.02036	0.02036	0.02375	0.01696	0.01866	0.01187	0.01866	0.01018	0.01696	0.01018	0.01357	0.02545	0.00339	0.71332	0.00679	0.00339	0.00848
20	0.00920	0.00772	0.00800	0.00822	0.01057	0.00651	0.00605	0.01109	0.01732	0.02080	0.07409	0.15516	0.59833	0.02022	0.00925	0.00268	0.00400	0.01707	0.00720	0.00651
21	0.02073	0.73217	0.04063	0.01327	0.01990	0.03068	0.01327	0.02322	0.01575	0.01824	0.01078	0.01244	0.00995	0.00663	0.00498	0.00166	0.00829	0.00415	0.00332	0.00995
22	0.02023	0.01504	0.01714	0.03906	0.01964	0.01631	0.01186	0.32695	0.06429	0.03473	0.02845	0.25230	0.02832	0.04377	0.00989	0.00289	0.00703	0.04473	0.00728	0.01008
23	0.02019	0.02133	0.07584	0.02967	0.03745	0.01911	0.52724	0.06345	0.01961	0.08093	0.01700	0.02099	0.01236	0.00700	0.00886	0.00257	0.01218	0.00873	0.00459	0.01090
24	0.01445	0.00723	0.00723	0.00723	0.00903	0.00723	0.00542	0.01807	0.01626	0.02891	0.02529	0.02891	0.01987	0.00903	0.00542	0.00181	0.00361	0.00723	0.77055	0.00723
25	0.01678	0.02035	0.11058	0.11666	0.10209	0.01727	0.33474	0.02260	0.01722	0.02388	0.01692	0.07043	0.01424	0.00804	0.00839	0.00248	0.01092	0.00879	0.00407	0.07357
26	0.02323	0.11920	0.02481	0.08795	0.02616	0.40442	0.06579	0.02592	0.01947	0.01958	0.01740	0.07604	0.03904	0.00947	0.00731	0.00218	0.01164	0.00726	0.00423	0.00888
27	0.01302	0.00918	0.01088	0.06726	0.01344	0.00966	0.00690	0.06384	0.01366	0.01816	0.02308	0.04565	0.02550	0.60985	0.03428	0.00669	0.00783	0.01057	0.00484	0.00571
28	0.01519	0.11025	0.25012	0.13227	0.03093	0.01747	0.10290	0.02062	0.01607	0.02190	0.02133	0.12938	0.05032	0.01071	0.00855	0.00255	0.03647	0.00928	0.00420	0.00952
29	0.04679	0.07657	0.10835	0.41688	0.04045	0.01778	0.01963	0.05364	0.01707	0.02311	0.03977	0.02574	0.01535	0.00907	0.00764	0.00254	0.00954	0.05675	0.00418	0.00916
30	0.35495	0.05612	0.25934	0.03635	0.02455	0.01863	0.03935	0.04975	0.04737	0.03003	0.01351	0.01552	0.01009	0.00747	0.00624	0.00241	0.00856	0.00534	0.00438	0.01003
31	0.02189	0.37354	0.02850	0.01400	0.01910	0.13570	0.01232	0.02602	0.07114	0.07458	0.01852	0.01954	0.03973	0.00840	0.00659	0.00196	0.02880	0.00585	0.08404	0.00978
32	0.14029	0.13342	0.06118	0.01479	0.02014	0.05607	0.01295	0.25378	0.04446	0.03384	0.01759	0.04659	0.01431	0.01146	0.04156	0.00273	0.00853	0.00667	0.06914	0.01049
33	0.11085	0.01772	0.04600	0.05069	0.02248	0.04976	0.05069	0.16777	0.12100	0.10460	0.05441	0.05217	0.07116	0.01043	0.00765	0.00243	0.00758	0.00852	0.00668	0.03744
34	0.04634	0.13738	0.13749	0.01748	0.04672	0.01717	0.07907	0.07370	0.01963	0.17033	0.05416	0.02727	0.09454	0.00955	0.00744	0.00228	0.00811	0.00795	0.00589	0.03751
35	0.13364	0.06145	0.02214	0.01595	0.02166	0.01633	0.08752	0.09307	0.04323	0.30396	0.02379	0.02317	0.03947	0.00910	0.00810	0.00238	0.03850	0.00731	0.00703	0.04221
36	0.05654	0.07202	0.01974	0.01546	0.04276	0.04359	0.01199	0.26439	0.05207	0.10715	0.09999	0.05707	0.06255	0.04869	0.00939	0.00262	0.00726	0.00894	0.00708	0.01069

[dist]
# distance from previous block
# <min> <max>
18	51

[block]
# block no. 2 follows, 25 sequences, length 14
# corresponding to MSA columns:
# 158-171
name=unknown_C
#
# <colnr> <probs for GDERKNQSTAVLIFYWHMCP>
#	G	D	E	R	K	N	Q	S	T	A	V	L	I	F	Y	W	H	M	C	P
0	0.09216	0.18082	0.09361	0.06132	0.12316	0.08211	0.04520	0.05586	0.01848	0.02533	0.09508	0.02402	0.05429	0.00894	0.00703	0.00222	0.00863	0.00720	0.00470	0.00984
1	0.05520	0.02202	0.17182	0.07846	0.22499	0.01751	0.10289	0.04582	0.06891	0.07362	0.01832	0.05388	0.01466	0.00843	0.00781	0.00248	0.00946	0.00776	0.00477	0.01122
2	0.11906	0.13634	0.25570	0.02300	0.14911	0.02031	0.02002	0.10072	0.01888	0.06704	0.01471	0.01667	0.01108	0.00751	0.00679	0.00228	0.00919	0.00578	0.00450	0.01130
3	0.05450	0.01699	0.05096	0.01674	0.04903	0.03560	0.03909	0.06207	0.26254	0.17007	0.05875	0.02877	0.05977	0.01011	0.00774	0.00243	0.00698	0.00843	0.00725	0.05218
4	0.07614	0.10210	0.03087	0.03123	0.29430	0.05175	0.12147	0.08532	0.05769	0.05245	0.01592	0.01877	0.01256	0.00743	0.00739	0.00230	0.00938	0.00682	0.00470	0.01140
5	0.02040	0.01641	0.01757	0.01564	0.02014	0.01872	0.01221	0.04096	0.61888	0.07934	0.03149	0.02875	0.02335	0.01045	0.00788	0.00261	0.00617	0.00870	0.00801	0.01234
6	0.02947	0.02172	0.02327	0.01784	0.02404	0.02404	0.01474	0.65329	0.03646	0.04887	0.01862	0.01862	0.01319	0.00931	0.00776	0.00233	0.00853	0.00698	0.00776	0.01319
7	0.01608	0.01378	0.01608	0.01148	0.01837	0.01034	0.00919	0.01952	0.01608	0.02527	0.01378	0.01608	0.01148	0.00574	0.00574	0.00115	0.00574	0.00459	0.00459	0.77491
8	0.01109	0.00826	0.01221	0.01221	0.01351	0.00956	0.00938	0.01369	0.01239	0.01782	0.02099	0.03171	0.01993	0.09942	0.65626	0.01216	0.01995	0.00849	0.00419	0.00679
9	0.01128	0.00752	0.00846	0.00846	0.00846	0.00752	0.00470	0.01128	0.01128	0.01503	0.02443	0.05074	0.02819	0.72751	0.03946	0.00752	0.00752	0.01128	0.00470	0.00470
10	0.01983	0.01963	0.03085	0.04579	0.63645	0.06260	0.02322	0.02426	0.01794	0.02492	0.01442	0.01885	0.01213	0.00698	0.00763	0.00228	0.00952	0.00678	0.00385	0.01207
11	0.02050	0.02078	0.02935	0.04195	0.55129	0.10885	0.02191	0.02582	0.05804	0.02492	0.01528	0.01909	0.01268	0.00727	0.00760	0.00228	0.00966	0.00677	0.00411	0.01184
12	0.02437	0.04727	0.06427	0.06362	0.05195	0.28683	0.07009	0.14878	0.08081	0.02702	0.01553	0.01767	0.01209	0.00851	0.00842	0.00231	0.04867	0.00637	0.00493	0.01046
13	0.16585	0.07229	0.01794	0.01441	0.01834	0.25122	0.01139	0.02710	0.05787	0.08760	0.01710	0.01870	0.01330	0.00852	0.00716	0.00216	0.04275	0.00580	0.15132	0.00919

[dist]
# distance from previous block
# <min> <max>
2	10

[block]
# block no. 3 follows, 25 sequences, length 16
# corresponding to MSA columns:
# 184-199
name=unknown_D
#
# <colnr> <probs for GDERKNQSTAVLIFYWHMCP>
#	G	D	E	R	K	N	Q	S	T	A	V	L	I	F	Y	W	H	M	C	P
0	0.06003	0.01959	0.13526	0.25008	0.22433	0.01700	0.07254	0.02159	0.01645	0.02352	0.01829	0.04483	0.04635	0.00847	0.00775	0.00249	0.00965	0.00772	0.00396	0.01010
1	0.01910	0.04881	0.40357	0.06195	0.09390	0.01754	0.02321	0.02778	0.08496	0.11815	0.01808	0.01951	0.01286	0.00797	0.00747	0.00244	0.00985	0.00648	0.00471	0.01167
2	0.01667	0.05116	0.01449	0.01237	0.01547	0.09426	0.00982	0.09739	0.05750	0.02687	0.08204	0.09020	0.17116	0.01436	0.00810	0.00248	0.00646	0.09313	0.12767	0.00839
3	0.04730	0.08436	0.02320	0.08023	0.05249	0.11515	0.04181	0.22739	0.03906	0.03126	0.03595	0.05601	0.01598	0.00928	0.00765	0.00223	0.02362	0.00731	0.03722	0.06249
4	0.06324	0.06355	0.09684	0.02043	0.02673	0.05045	0.13324	0.27273	0.02464	0.07842	0.01644	0.01831	0.01212	0.00871	0.00936	0.00245	0.07831	0.00690	0.00571	0.01143
5	0.02441	0.16359	0.02912	0.02992	0.33647	0.01874	0.01774	0.02807	0.01869	0.23089	0.01883	0.02006	0.01397	0.00770	0.00716	0.00220	0.00820	0.00662	0.00554	0.01209
6	0.09448	0.01742	0.02252	0.09018	0.22758	0.01925	0.01665	0.11018	0.25981	0.03138	0.02096	0.02223	0.01606	0.00866	0.00749	0.00246	0.00777	0.00734	0.00590	0.01167
7	0.01195	0.01167	0.07693	0.01114	0.01443	0.00867	0.00959	0.01611	0.02079	0.02985	0.54161	0.04950	0.06055	0.01397	0.00862	0.00231	0.00464	0.01223	0.00761	0.08783
8	0.01085	0.00792	0.01019	0.00963	0.01151	0.00726	0.00722	0.01439	0.02166	0.03040	0.63448	0.05905	0.11416	0.01611	0.00915	0.00245	0.00368	0.01418	0.00844	0.00726
9	0.01593	0.01509	0.02557	0.52235	0.22990	0.01756	0.02217	0.02093	0.01611	0.02137	0.01401	0.02025	0.01088	0.00751	0.00773	0.00250	0.01002	0.00690	0.00356	0.00965
10	0.01872	0.01515	0.01716	0.01650	0.06289	0.01644	0.01197	0.03446	0.45203	0.07161	0.06197	0.03308	0.08764	0.01106	0.00792	0.00250	0.00603	0.00931	0.00749	0.05607
11	0.01002	0.00771	0.00916	0.00917	0.01109	0.00685	0.00673	0.01264	0.01914	0.02531	0.33998	0.16925	0.30762	0.01868	0.00927	0.00262	0.00390	0.01621	0.00780	0.00685
12	0.18122	0.35024	0.05446	0.01456	0.02038	0.06001	0.01342	0.13526	0.01901	0.02744	0.01232	0.01408	0.01021	0.00775	0.00687	0.00209	0.05119	0.00493	0.00445	0.01012
13	0.00943	0.00681	0.00893	0.01062	0.01120	0.00631	0.00712	0.01082	0.01501	0.01986	0.04483	0.68464	0.08774	0.02402	0.00985	0.00312	0.00447	0.02171	0.00720	0.00631
14	0.78228	0.01499	0.01140	0.01020	0.01499	0.01739	0.00840	0.02279	0.01320	0.03479	0.01080	0.01260	0.00840	0.00720	0.00480	0.00240	0.00600	0.00420	0.00480	0.00840
15	0.02607	0.01952	0.02206	0.11395	0.02709	0.02187	0.01502	0.50121	0.05759	0.04292	0.01887	0.01995	0.01362	0.00912	0.00762	0.00234	0.00839	0.00705	0.05360	0.01215

[dist]
# distance from previous block
# <min> <max>
0	1

[block]
# block no. 4 follows, 25 sequences, length 17
# corresponding to MSA columns:
# 201-217
name=unknown_E
#
# <colnr> <probs for GDERKNQSTAVLIFYWHMCP>
#	G	D	E	R	K	N	Q	S	T	A	V	L	I	F	Y	W	H	M	C	P
0	0.00945	0.00675	0.00900	0.01080	0.01125	0.00630	0.00720	0.01080	0.01484	0.01979	0.04274	0.72245	0.05128	0.02429	0.00990	0.00315	0.00450	0.02204	0.00720	0.00630
1	0.03058	0.01995	0.02217	0.01700	0.02316	0.02142	0.01404	0.52551	0.03349	0.18082	0.02110	0.02023	0.01443	0.00937	0.00776	0.00234	0.00813	0.00715	0.00814	0.01319
2	0.03059	0.01994	0.02217	0.01699	0.02316	0.02140	0.01404	0.52459	0.03347	0.18177	0.02112	0.02024	0.01444	0.00937	0.00776	0.00234	0.00813	0.00715	0.00814	0.01319
3	0.01869	0.01791	0.03057	0.12018	0.61045	0.01829	0.02355	0.02336	0.01742	0.02473	0.01450	0.01935	0.01207	0.00700	0.00768	0.00233	0.00933	0.00691	0.00379	0.01188
4	0.00945	0.00675	0.00900	0.01080	0.01125	0.00630	0.00720	0.01080	0.01484	0.01979	0.04274	0.72245	0.05128	0.02429	0.00990	0.00315	0.00450	0.02204	0.00720	0.00630
5	0.02947	0.02172	0.02327	0.01784	0.02404	0.02404	0.01474	0.65329	0.03646	0.04887	0.01862	0.01862	0.01319	0.00931	0.00776	0.00233	0.00853	0.00698	0.00776	0.01319
6	0.01536	0.01438	0.02420	0.55448	0.16467	0.01703	0.02149	0.02034	0.01601	0.02098	0.01529	0.02375	0.01241	0.00828	0.00789	0.00258	0.00997	0.03798	0.00370	0.00920
7	0.01776	0.01729	0.02678	0.32517	0.34608	0.05204	0.02179	0.02338	0.05093	0.02304	0.01500	0.02007	0.01194	0.00751	0.00769	0.00242	0.00977	0.00690	0.00389	0.01056
8	0.11432	0.01126	0.01549	0.15963	0.02297	0.01220	0.04346	0.02053	0.01585	0.10575	0.04877	0.02739	0.01872	0.06648	0.11765	0.00426	0.00917	0.00769	0.17008	0.00835
9	0.01526	0.01587	0.05674	0.09456	0.07602	0.04894	0.10963	0.04246	0.01649	0.02214	0.02463	0.28427	0.02620	0.01465	0.01129	0.00285	0.11145	0.01278	0.00514	0.00863
10	0.01959	0.01988	0.02792	0.11420	0.40632	0.10843	0.05336	0.02517	0.06838	0.02393	0.01596	0.02089	0.01331	0.03888	0.00908	0.00256	0.00986	0.00710	0.00417	0.01100
11	0.01576	0.01197	0.01640	0.04145	0.04494	0.01197	0.06459	0.05211	0.10719	0.07047	0.10287	0.12769	0.08185	0.16603	0.01513	0.00361	0.00679	0.01176	0.00643	0.04102
12	0.06143	0.02081	0.07114	0.03977	0.02269	0.10835	0.01347	0.19340	0.02265	0.08249	0.01737	0.05038	0.01388	0.00845	0.00696	0.00199	0.00824	0.00651	0.00575	0.24427
13	0.06394	0.07960	0.38998	0.02252	0.12042	0.01720	0.02212	0.02320	0.01673	0.05189	0.05102	0.07358	0.01700	0.00908	0.00739	0.00242	0.00943	0.00747	0.00429	0.01073
14	0.07266	0.08994	0.12038	0.13017	0.19405	0.08806	0.01949	0.07427	0.05193	0.02558	0.01443	0.01773	0.01146	0.00797	0.00816	0.00236	0.05032	0.00619	0.00423	0.01064
15	0.05513	0.01713	0.02087	0.01895	0.07618	0.01884	0.03634	0.20401	0.20970	0.10443	0.08342	0.02583	0.02189	0.01022	0.00913	0.00252	0.05843	0.00818	0.00716	0.01166
16	0.07283	0.09848	0.07198	0.02428	0.13739	0.04000	0.13709	0.07627	0.04545	0.02651	0.01452	0.01768	0.01167	0.00769	0.00880	0.00225	0.07436	0.00644	0.00440	0.12190

[dist]
# distance from previous block
# <min> <max>
4	123

[block]
# block no. 5 follows, 25 sequences, length 14
# corresponding to MSA columns:
# 343-356
name=unknown_F
#
# <colnr> <probs for GDERKNQSTAVLIFYWHMCP>
#	G	D	E	R	K	N	Q	S	T	A	V	L	I	F	Y	W	H	M	C	P
0	0.06218	0.15917	0.11647	0.04370	0.02205	0.01895	0.01424	0.07724	0.13752	0.05303	0.01913	0.04314	0.01566	0.03059	0.02965	0.00266	0.02609	0.00685	0.02910	0.09260
1	0.02134	0.05680	0.01882	0.03021	0.01937	0.06135	0.01153	0.15592	0.08662	0.10287	0.02297	0.04599	0.04448	0.11190	0.01313	0.00299	0.05698	0.00801	0.00614	0.12258
2	0.10754	0.05965	0.13118	0.01499	0.02072	0.04620	0.01390	0.20392	0.02197	0.05231	0.01994	0.10648	0.01728	0.01014	0.00706	0.00227	0.00769	0.00798	0.08375	0.06502
3	0.06250	0.21242	0.28396	0.01678	0.02440	0.02015	0.01832	0.09105	0.01842	0.07179	0.01787	0.09652	0.01552	0.00946	0.00695	0.00230	0.00887	0.00737	0.00474	0.01061
4	0.02046	0.08485	0.24311	0.01768	0.02487	0.01928	0.01804	0.10540	0.23729	0.08745	0.02269	0.02425	0.01710	0.00935	0.00756	0.00247	0.00846	0.03183	0.00607	0.01179
5	0.10229	0.01335	0.01245	0.01235	0.01469	0.10701	0.00900	0.03748	0.03722	0.04197	0.08640	0.37693	0.05379	0.01714	0.00846	0.00268	0.00622	0.01478	0.00658	0.03922
6	0.17607	0.04491	0.02064	0.05245	0.02306	0.13157	0.01346	0.34837	0.02693	0.03790	0.01575	0.01699	0.01173	0.00850	0.00686	0.00226	0.00881	0.00602	0.03675	0.01097
7	0.04940	0.01991	0.02135	0.08559	0.02540	0.04541	0.01439	0.47270	0.05360	0.04154	0.02317	0.02356	0.06896	0.00995	0.00776	0.00238	0.00835	0.00767	0.00706	0.01184
8	0.02884	0.12174	0.02514	0.01673	0.02297	0.02355	0.01415	0.49359	0.03189	0.11693	0.01887	0.01862	0.01341	0.00896	0.00737	0.00224	0.00828	0.00667	0.00733	0.01273
9	0.01982	0.02319	0.04237	0.03087	0.03817	0.11581	0.56057	0.02571	0.01882	0.02400	0.01516	0.01993	0.01151	0.00674	0.00884	0.00253	0.01320	0.00856	0.00393	0.01025
10	0.01726	0.01614	0.02521	0.11280	0.41983	0.01672	0.01937	0.02400	0.10875	0.02508	0.02598	0.02861	0.10801	0.00932	0.00793	0.00243	0.00815	0.00851	0.00484	0.01105
11	0.12454	0.03654	0.59125	0.02041	0.03092	0.01792	0.02577	0.02430	0.01592	0.02601	0.01347	0.01583	0.00962	0.00734	0.00700	0.00245	0.01068	0.00551	0.00349	0.01102
12	0.02507	0.03106	0.01930	0.01791	0.02138	0.55952	0.01333	0.02699	0.02080	0.01924	0.02111	0.09982	0.07091	0.01083	0.00751	0.00218	0.01205	0.00790	0.00463	0.00848
13	0.01538	0.00977	0.01331	0.01199	0.01420	0.00984	0.02865	0.01822	0.01825	0.12375	0.25434	0.14092	0.07638	0.04628	0.04109	0.00322	0.07514	0.01252	0.07867	0.00809

[dist]
# distance from previous block
# <min> <max>
4	65

[block]
# block no. 6 follows, 25 sequences, length 14
# corresponding to MSA columns:
# 430-443
name=unknown_G
#
# <colnr> <probs for GDERKNQSTAVLIFYWHMCP>
#	G	D	E	R	K	N	Q	S	T	A	V	L	I	F	Y	W	H	M	C	P
0	0.01943	0.01677	0.01880	0.05639	0.02134	0.05951	0.01305	0.17750	0.11722	0.02965	0.05059	0.13383	0.02241	0.01237	0.01100	0.00256	0.13037	0.00955	0.00614	0.09153
1	0.02436	0.01687	0.01891	0.01508	0.02058	0.01757	0.01219	0.26578	0.17361	0.13311	0.02291	0.02260	0.01672	0.01103	0.03559	0.00261	0.00754	0.00718	0.03723	0.13853
2	0.02610	0.01795	0.04596	0.01680	0.04735	0.01733	0.01362	0.32019	0.02754	0.18315	0.06790	0.02573	0.01976	0.00977	0.00774	0.00227	0.00751	0.03399	0.00749	0.10186
3	0.05563	0.01899	0.04550	0.01553	0.02148	0.04741	0.01309	0.28406	0.07450	0.08224	0.02006	0.02369	0.01576	0.00919	0.00731	0.00215	0.00768	0.05055	0.00661	0.19857
4	0.02451	0.01774	0.01937	0.01542	0.02040	0.01907	0.01226	0.41156	0.08529	0.06766	0.02163	0.04921	0.01778	0.11400	0.01231	0.00306	0.00775	0.00816	0.00716	0.06566
5	0.01899	0.01783	0.02707	0.29341	0.34401	0.04825	0.02159	0.08959	0.01903	0.02547	0.01460	0.01946	0.01154	0.00753	0.00768	0.00240	0.00977	0.00683	0.00411	0.01085
6	0.01332	0.00979	0.01423	0.01297	0.01572	0.00862	0.06439	0.01579	0.01643	0.06922	0.08264	0.43520	0.04013	0.01775	0.00889	0.00264	0.00556	0.01619	0.00672	0.14382
7	0.02131	0.01640	0.04017	0.05897	0.02111	0.08851	0.01279	0.09686	0.10303	0.15986	0.08602	0.08792	0.05670	0.01311	0.00846	0.00263	0.00754	0.10136	0.00721	0.01006
8	0.01919	0.01842	0.03147	0.04759	0.67914	0.01842	0.02380	0.02380	0.01765	0.02533	0.01458	0.01919	0.01228	0.00691	0.00768	0.00230	0.00921	0.00691	0.00384	0.01228
9	0.01464	0.01378	0.02326	0.70887	0.05340	0.01723	0.02153	0.01981	0.01550	0.01981	0.01378	0.02067	0.01034	0.00775	0.00775	0.00258	0.01034	0.00689	0.00345	0.00861
10	0.01887	0.01809	0.03089	0.09475	0.63452	0.01834	0.02363	0.02351	0.01750	0.02494	0.01453	0.01930	0.01214	0.00697	0.00768	0.00232	0.00929	0.00691	0.00381	0.01202
11	0.02270	0.01942	0.02613	0.03117	0.32173	0.06920	0.04316	0.15901	0.07693	0.07909	0.05881	0.02249	0.01752	0.00853	0.00782	0.00234	0.00878	0.00753	0.00573	0.01191
12	0.10465	0.02584	0.29419	0.04422	0.12427	0.01742	0.02052	0.09462	0.04693	0.05143	0.05768	0.02337	0.01681	0.00887	0.00747	0.00247	0.00907	0.03423	0.00495	0.01098
13	0.07682	0.02373	0.24495	0.01818	0.04989	0.01690	0.01765	0.09107	0.15080	0.12757	0.02181	0.02494	0.01665	0.05359	0.00950	0.00281	0.00848	0.02740	0.00595	0.01130

[dist]
# distance from previous block
# <min> <max>
3	17

[block]
# block no. 7 follows, 25 sequences, length 14
# corresponding to MSA columns:
# 461-470,486-489
name=unknown_H
#
# <colnr> <probs for GDERKNQSTAVLIFYWHMCP>
#	G	D	E	R	K	N	Q	S	T	A	V	L	I	F	Y	W	H	M	C	P
0	0.14692	0.11000	0.05586	0.04294	0.06348	0.12828	0.01359	0.12081	0.07271	0.02889	0.07221	0.02388	0.05207	0.02744	0.00777	0.00240	0.00837	0.00709	0.00542	0.00988
1	0.01689	0.01200	0.01424	0.06861	0.01822	0.01261	0.01032	0.14854	0.07267	0.06280	0.07573	0.14214	0.10903	0.10065	0.01222	0.00321	0.00640	0.05149	0.05346	0.00876
2	0.07246	0.01712	0.02548	0.12249	0.08403	0.01866	0.13848	0.17082	0.02069	0.03001	0.01665	0.04373	0.01351	0.00899	0.00957	0.00247	0.08680	0.00759	0.06444	0.04600
3	0.01919	0.01842	0.03147	0.04759	0.67914	0.01842	0.02380	0.02380	0.01765	0.02533	0.01458	0.01919	0.01228	0.00691	0.00768	0.00230	0.00921	0.00691	0.00384	0.01228
4	0.01797	0.01718	0.02928	0.22433	0.51190	0.01810	0.02319	0.02273	0.01708	0.02386	0.01437	0.01959	0.01176	0.00713	0.00770	0.00238	0.00951	0.00690	0.00373	0.01130
5	0.08760	0.01551	0.02007	0.07022	0.02370	0.01541	0.05350	0.14420	0.06407	0.27854	0.05028	0.02343	0.01779	0.00891	0.00747	0.00229	0.00737	0.00735	0.00732	0.09497
6	0.01686	0.01604	0.02726	0.38682	0.35815	0.01781	0.02264	0.02175	0.01655	0.02250	0.01417	0.01995	0.01128	0.00734	0.00771	0.00245	0.00979	0.00690	0.00364	0.01040
7	0.01389	0.01077	0.01426	0.01323	0.01440	0.01294	0.01021	0.05608	0.01416	0.02084	0.02020	0.05480	0.01968	0.15453	0.29359	0.00750	0.16722	0.00878	0.08561	0.00729
8	0.04081	0.14155	0.34408	0.01961	0.06366	0.01903	0.02045	0.06361	0.01728	0.05666	0.01674	0.06384	0.01427	0.04665	0.00954	0.00265	0.03764	0.00707	0.00429	0.01056
9	0.25754	0.01990	0.15282	0.11917	0.07962	0.01683	0.04971	0.04452	0.05391	0.02847	0.04789	0.06460	0.01639	0.00904	0.00702	0.00250	0.00824	0.00736	0.00479	0.00967
10	0.02141	0.07793	0.11158	0.08509	0.09752	0.08658	0.04701	0.20574	0.05416	0.03065	0.05643	0.02121	0.01621	0.01103	0.04122	0.00281	0.01007	0.00707	0.00533	0.01094
11	0.06786	0.07724	0.02357	0.18088	0.11613	0.05918	0.01645	0.21234	0.04910	0.03106	0.01741	0.02245	0.01400	0.00887	0.00736	0.00237	0.00882	0.03896	0.03536	0.01061
12	0.08595	0.02088	0.12279	0.11613	0.06041	0.10169	0.04535	0.07572	0.06083	0.02696	0.06379	0.02768	0.09132	0.00981	0.00750	0.00239	0.00866	0.00800	0.05456	0.00958
13	0.01813	0.02733	0.34033	0.02110	0.08335	0.01675	0.02104	0.06289	0.04904	0.06873	0.01737	0.02171	0.01360	0.00859	0.00845	0.00236	0.05011	0.03859	0.00463	0.12589

[dist]
# distance from previous block
# <min> <max>
32	117

[block]
# block no. 8 follows, 25 sequences, length 124
# corresponding to MSA columns:
# 624-747
name=unknown_I
#
# <colnr> <probs for GDERKNQSTAVLIFYWHMCP>
#	G	D	E	R	K	N	Q	S	T	A	V	L	I	F	Y	W	H	M	C	P
0	0.02069	0.10782	0.13421	0.01775	0.06458	0.01852	0.01534	0.18000	0.09420	0.07454	0.07580	0.06145	0.02139	0.03856	0.00878	0.00252	0.00786	0.00815	0.00612	0.04172
1	0.07130	0.04489	0.02007	0.01529	0.02010	0.01755	0.03873	0.23414	0.04556	0.08032	0.06545	0.07305	0.04800	0.01082	0.00911	0.00234	0.06996	0.00847	0.00651	0.11833
2	0.04825	0.17966	0.16394	0.01981	0.02645	0.07658	0.13593	0.05332	0.01790	0.04673	0.04592	0.01855	0.01385	0.00821	0.00886	0.00230	0.07866	0.00649	0.00427	0.04432
3	0.02433	0.01702	0.01933	0.01512	0.02071	0.01743	0.01229	0.29407	0.08302	0.12991	0.02313	0.04402	0.04177	0.00970	0.00819	0.00218	0.03700	0.00754	0.00709	0.18616
4	0.01986	0.01588	0.02148	0.01626	0.02240	0.01472	0.10965	0.11720	0.10257	0.08482	0.02221	0.04645	0.04354	0.00855	0.00730	0.00197	0.00729	0.00755	0.00600	0.32431
5	0.05104	0.01418	0.02111	0.37384	0.03698	0.01614	0.03868	0.06078	0.01631	0.02303	0.01421	0.01990	0.01136	0.01178	0.05229	0.03574	0.05627	0.00655	0.00403	0.13579
6	0.01146	0.00821	0.01210	0.06604	0.01618	0.00796	0.03583	0.01341	0.01540	0.05239	0.03875	0.60431	0.04486	0.02154	0.00960	0.00305	0.00542	0.01963	0.00688	0.00699
7	0.01669	0.01414	0.01641	0.01178	0.01863	0.01096	0.00944	0.04856	0.01701	0.02635	0.01400	0.01619	0.01156	0.00591	0.00583	0.00120	0.00587	0.00470	0.00474	0.74000
8	0.01108	0.00831	0.01246	0.01246	0.01385	0.00969	0.00969	0.01385	0.01246	0.01800	0.02077	0.03046	0.01938	0.05815	0.69678	0.01246	0.02077	0.00831	0.00415	0.00692
9	0.01108	0.00831	0.01246	0.01246	0.01385	0.00969	0.00969	0.01385	0.01246	0.01800	0.02077	0.03046	0.01938	0.05815	0.69678	0.01246	0.02077	0.00831	0.00415	0.00692
10	0.00945	0.00675	0.00900	0.01080	0.01125	0.00630	0.00720	0.01080	0.01484	0.01979	0.04274	0.72245	0.05128	0.02429	0.00990	0.00315	0.00450	0.02204	0.00720	0.00630
11	0.04553	0.01668	0.02741	0.47974	0.04661	0.04712	0.15054	0.05230	0.01729	0.02279	0.01422	0.02003	0.01068	0.00757	0.00790	0.00255	0.01081	0.00718	0.00383	0.00923
12	0.02896	0.03695	0.02197	0.01998	0.02397	0.69638	0.01498	0.03096	0.02197	0.01898	0.01199	0.01398	0.00999	0.00799	0.00699	0.00200	0.01398	0.00499	0.00400	0.00899
13	0.01128	0.00752	0.00846	0.00846	0.00846	0.00752	0.00470	0.01128	0.01128	0.01503	0.02443	0.05074	0.02819	0.72751	0.03946	0.00752	0.00752	0.01128	0.00470	0.00470
14	0.01294	0.01152	0.01946	0.19641	0.04974	0.01229	0.10687	0.01625	0.01555	0.02101	0.02825	0.35775	0.03061	0.01578	0.00966	0.00286	0.03774	0.01451	0.03296	0.00784
15	0.01975	0.01579	0.01721	0.01558	0.01983	0.01787	0.01235	0.06261	0.53175	0.06702	0.03207	0.03505	0.02540	0.01166	0.00820	0.00271	0.00637	0.07910	0.00789	0.01177
16	0.01068	0.00791	0.00995	0.00944	0.01140	0.00719	0.00708	0.01406	0.02125	0.02943	0.57738	0.06065	0.17187	0.01647	0.00915	0.00247	0.00370	0.01441	0.00832	0.00719
17	0.00945	0.00675	0.00900	0.01080	0.01125	0.00630	0.00720	0.01080	0.01484	0.01979	0.04274	0.72245	0.05128	0.02429	0.00990	0.00315	0.00450	0.02204	0.00720	0.00630
18	0.08317	0.02711	0.29416	0.02455	0.06226	0.01962	0.17787	0.02315	0.01566	0.02427	0.01330	0.01743	0.01038	0.00847	0.01153	0.00269	0.16371	0.00673	0.00362	0.01034
19	0.03230	0.01375	0.01792	0.01411	0.01985	0.01266	0.01154	0.03834	0.12551	0.57972	0.03074	0.02680	0.01991	0.00974	0.00781	0.00244	0.00652	0.00795	0.00932	0.01305
20	0.01097	0.00793	0.01036	0.00975	0.01158	0.00732	0.00732	0.01463	0.02195	0.03109	0.67505	0.05792	0.07316	0.01585	0.00914	0.00244	0.00366	0.01402	0.00854	0.00732
21	0.00965	0.00689	0.00923	0.01102	0.01156	0.00647	0.00754	0.01114	0.01504	0.02002	0.04263	0.68101	0.05085	0.02410	0.00995	0.00318	0.00467	0.06152	0.00719	0.00635
22	0.01555	0.04011	0.68733	0.02210	0.03356	0.01801	0.02865	0.02455	0.01637	0.02455	0.01391	0.01637	0.00982	0.00737	0.00737	0.00246	0.01146	0.00573	0.00327	0.01146
23	0.02896	0.03695	0.02197	0.01998	0.02397	0.69638	0.01498	0.03096	0.02197	0.01898	0.01199	0.01398	0.00999	0.00799	0.00699	0.00200	0.01398	0.00499	0.00400	0.00899
24	0.01586	0.03443	0.53540	0.02409	0.11197	0.01714	0.02594	0.02374	0.01673	0.02495	0.03996	0.01833	0.01272	0.00754	0.00737	0.00235	0.01050	0.00613	0.00364	0.06122
25	0.02073	0.73217	0.04063	0.01327	0.01990	0.03068	0.01327	0.02322	0.01575	0.01824	0.01078	0.01244	0.00995	0.00663	0.00498	0.00166	0.00829	0.00415	0.00332	0.00995
26	0.02073	0.73217	0.04063	0.01327	0.01990	0.03068	0.01327	0.02322	0.01575	0.01824	0.01078	0.01244	0.00995	0.00663	0.00498	0.00166	0.00829	0.00415	0.00332	0.00995
27	0.04436	0.01379	0.02255	0.57351	0.10029	0.01662	0.02030	0.01990	0.01594	0.02142	0.04131	0.02424	0.01423	0.00850	0.00780	0.00258	0.00969	0.03029	0.00387	0.00880
28	0.02021	0.01372	0.06600	0.04415	0.02071	0.01166	0.04683	0.04623	0.04134	0.22622	0.11841	0.11041	0.03385	0.01416	0.00888	0.00277	0.00703	0.15002	0.00752	0.00986
29	0.00945	0.00675	0.00900	0.01080	0.01125	0.00630	0.00720	0.01080	0.01484	0.01979	0.04274	0.72245	0.05128	0.02429	0.00990	0.00315	0.00450	0.02204	0.00720	0.00630
30	0.01128	0.00752	0.00846	0.00846	0.00846	0.00752	0.00470	0.01128	0.01128	0.01503	0.02443	0.05074	0.02819	0.72751	0.03946	0.00752	0.00752	0.01128	0.00470	0.00470
31	0.02874	0.05981	0.02283	0.01943	0.02383	0.57581	0.01488	0.12009	0.02383	0.02324	0.01289	0.01459	0.01045	0.00813	0.00703	0.00203	0.01299	0.00525	0.00451	0.00963
32	0.01738	0.07803	0.26344	0.02619	0.03483	0.01959	0.33682	0.02413	0.01710	0.02404	0.01442	0.01837	0.01089	0.00707	0.00873	0.00246	0.03982	0.00731	0.00367	0.04571
33	0.01730	0.29794	0.36760	0.04301	0.02776	0.02255	0.02132	0.02313	0.01587	0.02159	0.01366	0.04155	0.01146	0.00799	0.00730	0.00222	0.03801	0.00583	0.00345	0.01048
34	0.02049	0.69984	0.07085	0.01368	0.02054	0.03009	0.01399	0.02328	0.01578	0.01854	0.01093	0.01262	0.00994	0.00667	0.00509	0.00170	0.00844	0.00422	0.00331	0.01002
35	0.01120	0.00795	0.01078	0.01242	0.01353	0.00778	0.00976	0.01359	0.01612	0.02118	0.04031	0.33327	0.04584	0.08222	0.01282	0.00374	0.00614	0.33779	0.00696	0.00660
36	0.07700	0.01934	0.02125	0.05371	0.02401	0.02130	0.01401	0.47525	0.05983	0.09654	0.02035	0.04707	0.01518	0.00975	0.00766	0.00240	0.00804	0.00753	0.00747	0.01232
37	0.01670	0.01070	0.01303	0.01188	0.01444	0.01077	0.00891	0.07286	0.07406	0.12792	0.17848	0.18210	0.09935	0.09936	0.01308	0.00323	0.03373	0.01327	0.00753	0.00860
38	0.01009	0.00789	0.00914	0.00883	0.01104	0.00694	0.00662	0.01292	0.01986	0.02613	0.38360	0.06608	0.36771	0.01770	0.00915	0.00253	0.00379	0.01517	0.00788	0.00694
39	0.01726	0.01788	0.02741	0.14313	0.02978	0.04831	0.12760	0.02042	0.01402	0.01994	0.01184	0.01818	0.01047	0.01111	0.01880	0.00306	0.44127	0.00714	0.00352	0.00887
40	0.16040	0.01566	0.01816	0.04817	0.05131	0.01658	0.01252	0.10404	0.19313	0.26290	0.02448	0.02316	0.01707	0.00918	0.00728	0.00246	0.00688	0.00724	0.00754	0.01184
41	0.01128	0.00752	0.00846	0.00846	0.00846	0.00752	0.00470	0.01128	0.01128	0.01503	0.02443	0.05074	0.02819	0.72751	0.03946	0.00752	0.00752	0.01128	0.00470	0.00470
42	0.01746	0.02869	0.32015	0.08692	0.21043	0.04497	0.13241	0.02426	0.01720	0.02421	0.01431	0.01817	0.01087	0.00716	0.00777	0.00243	0.01113	0.00670	0.00358	0.01118
43	0.01979	0.02012	0.03168	0.10065	0.20762	0.08433	0.22287	0.06981	0.04398	0.02577	0.01581	0.02005	0.01243	0.00774	0.00896	0.00245	0.04838	0.00753	0.03939	0.01063
44	0.00945	0.00675	0.00900	0.01080	0.01125	0.00630	0.00720	0.01080	0.01484	0.01979	0.04274	0.72245	0.05128	0.02429	0.00990	0.00315	0.00450	0.02204	0.00720	0.00630
45	0.02896	0.02141	0.02299	0.01759	0.02383	0.02352	0.01452	0.62887	0.03567	0.04796	0.01843	0.01852	0.01312	0.00917	0.00768	0.00228	0.00842	0.00689	0.00763	0.04253
46	0.01552	0.01060	0.04805	0.01115	0.01424	0.00863	0.00920	0.01934	0.02169	0.14867	0.52328	0.05000	0.06002	0.01427	0.00881	0.00243	0.00461	0.01245	0.00844	0.00860
47	0.01754	0.01203	0.01528	0.04078	0.01908	0.01117	0.01151	0.02319	0.09306	0.11868	0.05029	0.04718	0.02833	0.01309	0.00832	0.00250	0.00654	0.23769	0.00672	0.23703
48	0.58808	0.01453	0.01311	0.01113	0.01624	0.01584	0.00918	0.02669	0.01553	0.20358	0.01594	0.01618	0.01120	0.00782	0.00558	0.00240	0.00615	0.00513	0.00604	0.00964
49	0.01830	0.02092	0.04575	0.03268	0.04052	0.01961	0.65098	0.02484	0.01830	0.02484	0.01569	0.02092	0.01176	0.00654	0.00915	0.00261	0.01307	0.00915	0.00392	0.01046
50	0.01703	0.01536	0.02535	0.03684	0.46509	0.01536	0.02015	0.02130	0.01772	0.02464	0.02313	0.04123	0.02272	0.01159	0.00866	0.00271	0.00854	0.20706	0.00490	0.01062
51	0.00945	0.00675	0.00900	0.01080	0.01125	0.00630	0.00720	0.01080	0.01484	0.01979	0.04274	0.72245	0.05128	0.02429	0.00990	0.00315	0.00450	0.02204	0.00720	0.00630
52	0.01108	0.00831	0.01246	0.01246	0.01385	0.00969	0.00969	0.01385	0.01246	0.01800	0.02077	0.03046	0.01938	0.05815	0.69678	0.01246	0.02077	0.00831	0.00415	0.00692
53	0.01097	0.00793	0.01036	0.00975	0.01158	0.00732	0.00732	0.01463	0.02195	0.03109	0.67505	0.05792	0.07316	0.01585	0.00914	0.00244	0.00366	0.01402	0.00854	0.00732
54	0.01464	0.01378	0.02326	0.70887	0.05340	0.01723	0.02153	0.01981	0.01550	0.01981	0.01378	0.02067	0.01034	0.00775	0.00775	0.00258	0.01034	0.00689	0.00345	0.00861
55	0.00945	0.00675	0.00900	0.01080	0.01125	0.00630	0.00720	0.01080	0.01484	0.01979	0.04274	0.72245	0.05128	0.02429	0.00990	0.00315	0.00450	0.02204	0.00720	0.00630
56	0.01128	0.00752	0.00846	0.00846	0.00846	0.00752	0.00470	0.01128	0.01128	0.01503	0.02443	0.05074	0.02819	0.72751	0.03946	0.00752	0.00752	0.01128	0.00470	0.00470
57	0.01830	0.02092	0.04575	0.03268	0.04052	0.01961	0.65098	0.02484	0.01830	0.02484	0.01569	0.02092	0.01176	0.00654	0.00915	0.00261	0.01307	0.00915	0.00392	0.01046
58	0.01464	0.01378	0.02326	0.70887	0.05340	0.01723	0.02153	0.01981	0.01550	0.01981	0.01378	0.02067	0.01034	0.00775	0.00775	0.00258	0.01034	0.00689	0.00345	0.00861
59	0.01919	0.01842	0.03147	0.04759	0.67914	0.01842	0.02380	0.02380	0.01765	0.02533	0.01458	0.01919	0.01228	0.00691	0.00768	0.00230	0.00921	0.00691	0.00384	0.01228
60	0.00945	0.00675	0.00900	0.01080	0.01125	0.00630	0.00720	0.01080	0.01484	0.01979	0.04274	0.72245	0.05128	0.02429	0.00990	0.00315	0.00450	0.02204	0.00720	0.00630
61	0.01895	0.01858	0.03243	0.04429	0.57078	0.01889	0.08755	0.02357	0.01734	0.02485	0.01441	0.01922	0.01209	0.00731	0.00899	0.00241	0.05555	0.00713	0.00382	0.01185
62	0.01347	0.00673	0.01010	0.01010	0.01010	0.00673	0.00673	0.01010	0.01010	0.01347	0.01347	0.02357	0.01347	0.02694	0.03030	0.77441	0.00673	0.00673	0.00337	0.00337
63	0.00943	0.00680	0.00895	0.01067	0.01121	0.00631	0.00714	0.01081	0.01497	0.01984	0.04433	0.69356	0.07914	0.02408	0.00986	0.00313	0.00447	0.02179	0.00720	0.00631
64	0.01761	0.01946	0.04110	0.10976	0.07519	0.01879	0.52241	0.02370	0.01782	0.02411	0.01638	0.04607	0.01305	0.00733	0.00894	0.00261	0.01224	0.00924	0.00398	0.01020
65	0.01088	0.00792	0.01023	0.00965	0.01152	0.00727	0.00724	0.01444	0.02172	0.03055	0.64305	0.05881	0.10550	0.01605	0.00915	0.00245	0.00367	0.01415	0.00846	0.00727
66	0.02633	0.02993	0.05171	0.06421	0.02577	0.40515	0.01582	0.17800	0.02398	0.02639	0.01408	0.01645	0.01117	0.01059	0.03700	0.00263	0.04017	0.00584	0.00481	0.00997
67	0.01919	0.01842	0.03147	0.04759	0.67914	0.01842	0.02380	0.02380	0.01765	0.02533	0.01458	0.01919	0.01228	0.00691	0.00768	0.00230	0.00921	0.00691	0.00384	0.01228
68	0.00951	0.00680	0.00905	0.01075	0.01126	0.00634	0.00720	0.01096	0.01514	0.02027	0.06934	0.69448	0.05220	0.02394	0.00986	0.00312	0.00446	0.02170	0.00725	0.00634
69	0.05017	0.53079	0.14340	0.01468	0.02172	0.05197	0.01539	0.02332	0.01627	0.02055	0.04178	0.01523	0.01276	0.00725	0.00563	0.00187	0.00872	0.00489	0.00363	0.00998
70	0.01108	0.00831	0.01246	0.01246	0.01385	0.00969	0.00969	0.01385	0.01246	0.01800	0.02077	0.03046	0.01938	0.05815	0.69678	0.01246	0.02077	0.00831	0.00415	0.00692
71	0.10481	0.07636	0.26121	0.01719	0.02493	0.04377	0.01798	0.11033	0.07458	0.13495	0.01806	0.01855	0.01288	0.00812	0.00699	0.00230	0.00886	0.00612	0.00552	0.04648
72	0.01708	0.03797	0.63423	0.02144	0.03247	0.01748	0.02728	0.02560	0.01683	0.07692	0.01524	0.01717	0.01057	0.00754	0.00740	0.00245	0.01107	0.00589	0.00378	0.01160
73	0.00916	0.00785	0.00785	0.00785	0.01047	0.00655	0.00589	0.01113	0.01767	0.02095	0.07855	0.07462	0.67599	0.01964	0.00916	0.00262	0.00393	0.01636	0.00720	0.00655
74	0.14196	0.01499	0.01533	0.01259	0.01697	0.01628	0.01020	0.29404	0.02479	0.07039	0.02040	0.02179	0.01516	0.00889	0.00645	0.00215	0.00626	0.00667	0.28442	0.01027
75	0.02544	0.01971	0.02242	0.06892	0.05095	0.02182	0.01499	0.44403	0.11092	0.04126	0.01914	0.01986	0.01405	0.00915	0.00820	0.00234	0.03054	0.00703	0.00696	0.06226
76	0.02107	0.57808	0.11039	0.01499	0.02187	0.10321	0.01517	0.02423	0.01651	0.01902	0.01126	0.01305	0.00994	0.00687	0.00546	0.00178	0.00928	0.00442	0.00339	0.01001
77	0.00988	0.00721	0.00946	0.01084	0.01171	0.00656	0.00733	0.01137	0.01493	0.02015	0.04085	0.67635	0.04869	0.02308	0.00963	0.00302	0.00458	0.02090	0.00703	0.05645
78	0.38613	0.01745	0.03899	0.10016	0.05026	0.01884	0.03854	0.15901	0.04713	0.05528	0.01479	0.01672	0.01099	0.00790	0.00639	0.00242	0.00768	0.00579	0.00543	0.01010
79	0.01787	0.01412	0.01650	0.01202	0.01873	0.01123	0.00964	0.04223	0.04468	0.06936	0.01579	0.01738	0.01256	0.00631	0.00603	0.00133	0.00591	0.00506	0.00516	0.66809
80	0.01213	0.00820	0.01061	0.00985	0.01195	0.00748	0.00744	0.01565	0.02168	0.06548	0.60173	0.05731	0.10943	0.01576	0.00907	0.00245	0.00383	0.01384	0.00851	0.00758
81	0.02241	0.01105	0.01421	0.01192	0.01595	0.01009	0.00946	0.02710	0.07429	0.33012	0.26930	0.04268	0.10225	0.01291	0.00843	0.00245	0.00524	0.01096	0.00884	0.01035
82	0.01802	0.02141	0.07218	0.06321	0.04081	0.01943	0.59550	0.02459	0.01809	0.02459	0.01552	0.02071	0.01162	0.00663	0.00901	0.00261	0.01288	0.00890	0.00387	0.01042
83	0.01555	0.04011	0.68733	0.02210	0.03356	0.01801	0.02865	0.02455	0.01637	0.02455	0.01391	0.01637	0.00982	0.00737	0.00737	0.00246	0.01146	0.00573	0.00327	0.01146
84	0.00945	0.00675	0.00900	0.01080	0.01125	0.00630	0.00720	0.01080	0.01484	0.01979	0.04274	0.72245	0.05128	0.02429	0.00990	0.00315	0.00450	0.02204	0.00720	0.00630
85	0.01531	0.00923	0.01189	0.01065	0.01334	0.00855	0.00819	0.01968	0.05315	0.14054	0.51146	0.05188	0.08589	0.01469	0.00886	0.00245	0.00428	0.01281	0.00863	0.00851
86	0.02078	0.04921	0.10921	0.09521	0.06909	0.01839	0.29187	0.08025	0.01968	0.11419	0.01763	0.02077	0.01277	0.00752	0.00812	0.00245	0.01060	0.00777	0.03356	0.01094
87	0.14147	0.03852	0.01950	0.09081	0.02347	0.01817	0.03269	0.25837	0.04959	0.10817	0.02287	0.02360	0.05712	0.00937	0.00716	0.00235	0.00745	0.00732	0.07120	0.01078
88	0.64921	0.01555	0.01348	0.06563	0.01888	0.01803	0.01004	0.08368	0.01563	0.03498	0.01179	0.01381	0.00901	0.00745	0.00532	0.00241	0.00658	0.00468	0.00498	0.00888
89	0.01092	0.00737	0.00856	0.00891	0.00899	0.00728	0.00518	0.01118	0.01196	0.01595	0.02796	0.18025	0.03264	0.59192	0.03376	0.00667	0.00694	0.01335	0.00518	0.00501
90	0.00955	0.00682	0.00909	0.01073	0.01127	0.00636	0.00721	0.01105	0.01531	0.02053	0.08400	0.67908	0.05271	0.02374	0.00985	0.00310	0.00444	0.02152	0.00728	0.00636
91	0.01803	0.02283	0.10966	0.03163	0.03983	0.01945	0.58899	0.02481	0.01811	0.02481	0.01551	0.02046	0.01157	0.00662	0.00897	0.00260	0.01291	0.00881	0.00386	0.01056
