[name]
unknown

[dist]
# distance from previous block
# <min> <max>
0	43

[block]
# block no. 0 follows, 23 sequences, length 74
# corresponding to MSA columns:
# 46-119
name=unknown_A
#
# <colnr> <probs for GDERKNQSTAVLIFYWHMCP>
#	G	D	E	R	K	N	Q	S	T	A	V	L	I	F	Y	W	H	M	C	P
0	0.01308	0.00934	0.01308	0.01494	0.01681	0.00934	0.01308	0.01681	0.01868	0.02428	0.04296	0.09153	0.04670	0.02242	0.01121	0.00374	0.00747	0.60960	0.00747	0.00747
1	0.02267	0.64249	0.04031	0.01468	0.02131	0.10583	0.01409	0.02522	0.01723	0.01918	0.01142	0.01320	0.01042	0.00710	0.00545	0.00178	0.00935	0.00444	0.00355	0.01030
2	0.01571	0.00915	0.01212	0.01105	0.01360	0.00831	0.00839	0.01919	0.02233	0.14322	0.49348	0.11425	0.06456	0.01625	0.00939	0.00261	0.00445	0.01430	0.00900	0.00864
3	0.01889	0.02137	0.04626	0.07964	0.04333	0.02035	0.59267	0.02563	0.01895	0.02563	0.01628	0.02187	0.01221	0.00693	0.00948	0.00273	0.01348	0.00941	0.00407	0.01081
4	0.77215	0.01569	0.01193	0.01067	0.01569	0.01820	0.00879	0.02385	0.01381	0.03641	0.01130	0.01318	0.00879	0.00753	0.00502	0.00251	0.00628	0.00439	0.00502	0.00879
5	0.01163	0.00855	0.01229	0.01229	0.01348	0.00973	0.00920	0.01401	0.01282	0.01828	0.02242	0.03569	0.02194	0.17831	0.56749	0.01211	0.01924	0.00925	0.00445	0.00683
6	0.01848	0.01764	0.03004	0.26755	0.45902	0.01886	0.02410	0.02350	0.01772	0.02456	0.01498	0.02061	0.01217	0.00753	0.00806	0.00251	0.01004	0.00722	0.00388	0.01156
7	0.01389	0.00875	0.01362	0.16883	0.02118	0.00953	0.01068	0.01300	0.01245	0.01640	0.01772	0.10342	0.01793	0.02323	0.02378	0.49983	0.00765	0.00894	0.00401	0.00515
8	0.01148	0.00829	0.01085	0.01021	0.01212	0.00766	0.00766	0.01531	0.02297	0.03254	0.65994	0.06061	0.07656	0.01659	0.00957	0.00255	0.00383	0.01467	0.00893	0.00766
9	0.01564	0.01356	0.02160	0.46422	0.04282	0.01546	0.04636	0.02062	0.01657	0.02332	0.01664	0.02261	0.01279	0.00805	0.00751	0.00239	0.00915	0.00710	0.13712	0.09649
10	0.01413	0.00706	0.01047	0.01047	0.01053	0.00706	0.00700	0.01086	0.01079	0.01465	0.01452	0.02486	0.01432	0.02754	0.03082	0.73773	0.00693	0.00706	0.02952	0.00366
11	0.01593	0.01504	0.02544	0.61267	0.13378	0.01819	0.02284	0.02127	0.01651	0.02147	0.01453	0.02143	0.01108	0.00800	0.00810	0.00267	0.01067	0.00721	0.00366	0.00951
12	0.01316	0.00871	0.01149	0.01077	0.01295	0.00803	0.00826	0.01694	0.02272	0.07250	0.58233	0.06041	0.07115	0.01653	0.00958	0.00262	0.00425	0.05064	0.00891	0.00804
13	0.01409	0.00705	0.01057	0.01057	0.01057	0.00705	0.00705	0.01057	0.01057	0.01409	0.01409	0.02467	0.01409	0.02819	0.03171	0.76392	0.00705	0.00705	0.00352	0.00352
14	0.01079	0.00774	0.01006	0.01162	0.01235	0.00739	0.00787	0.03830	0.01651	0.02203	0.04363	0.67977	0.05195	0.02474	0.01026	0.00326	0.00489	0.02239	0.00756	0.00690
15	0.01513	0.00756	0.00756	0.00756	0.00945	0.00756	0.00567	0.01891	0.01702	0.03025	0.02647	0.03025	0.02080	0.00945	0.00567	0.00189	0.00378	0.00756	0.75988	0.00756
16	0.01582	0.01480	0.02324	0.44307	0.04217	0.01914	0.01988	0.02001	0.01502	0.02068	0.01421	0.02140	0.01165	0.01252	0.04690	0.00343	0.20580	0.00727	0.03417	0.00883
17	0.01032	0.00766	0.00940	0.01015	0.01141	0.00699	0.00702	0.01227	0.01746	0.02307	0.18221	0.37094	0.19492	0.08213	0.01269	0.00341	0.00466	0.01896	0.00760	0.00673
18	0.31293	0.01247	0.01308	0.01174	0.01561	0.01287	0.00921	0.02414	0.01710	0.19515	0.06599	0.10558	0.02581	0.09373	0.01131	0.00330	0.00637	0.04736	0.00699	0.00924
19	0.03511	0.01467	0.01922	0.01487	0.02107	0.01337	0.01224	0.08461	0.05826	0.58895	0.03113	0.02715	0.01987	0.01007	0.00816	0.00252	0.00703	0.00815	0.00980	0.01376
20	0.01080	0.00776	0.01023	0.01068	0.01197	0.00720	0.00760	0.01358	0.01977	0.02744	0.39482	0.34025	0.06670	0.02039	0.00991	0.00287	0.00421	0.01829	0.00833	0.00720
21	0.01090	0.00719	0.00906	0.01053	0.01123	0.00682	0.00708	0.01267	0.01563	0.02217	0.04062	0.55941	0.04675	0.05422	0.01095	0.00326	0.00469	0.01981	0.14034	0.00669
22	0.02979	0.02220	0.02376	0.01846	0.02476	0.02467	0.01517	0.57826	0.09877	0.04943	0.02082	0.02055	0.01489	0.00987	0.00813	0.00247	0.00868	0.00749	0.00813	0.01370
23	0.06414	0.00823	0.01028	0.01123	0.01250	0.00788	0.00779	0.01431	0.01647	0.06246	0.10279	0.52620	0.04979	0.05219	0.01112	0.00332	0.00500	0.01954	0.00754	0.00722
24	0.77215	0.01569	0.01193	0.01067	0.01569	0.01820	0.00879	0.02385	0.01381	0.03641	0.01130	0.01318	0.00879	0.00753	0.00502	0.00251	0.00628	0.00439	0.00502	0.00879
25	0.01044	0.00746	0.01002	0.01174	0.01250	0.00705	0.00832	0.01233	0.01645	0.02197	0.08354	0.58136	0.05414	0.02444	0.01043	0.00331	0.00504	0.10508	0.00761	0.00678
26	0.00987	0.00711	0.00937	0.01117	0.01174	0.00660	0.00748	0.01131	0.01566	0.02076	0.04625	0.68383	0.07839	0.02522	0.01033	0.00327	0.00468	0.02283	0.00753	0.00660
27	0.01171	0.00753	0.01006	0.01151	0.01238	0.00696	0.00783	0.01324	0.01606	0.06533	0.04385	0.66267	0.05136	0.02436	0.01021	0.00324	0.00486	0.02204	0.00770	0.00709
28	0.01050	0.00791	0.00977	0.01041	0.01203	0.00717	0.00761	0.01295	0.01871	0.02468	0.22966	0.30241	0.22877	0.02133	0.00998	0.00296	0.00450	0.06368	0.00793	0.00703
29	0.01070	0.00770	0.00995	0.01053	0.01169	0.00715	0.00735	0.01309	0.01863	0.02557	0.31276	0.35641	0.08650	0.06876	0.01211	0.00326	0.00452	0.01840	0.00796	0.00695
30	0.01180	0.00787	0.00885	0.00885	0.00885	0.00787	0.00492	0.01180	0.01180	0.01573	0.02557	0.05310	0.02950	0.71483	0.04130	0.00787	0.00787	0.01180	0.00492	0.00492
31	0.01851	0.01904	0.02379	0.10654	0.08677	0.10733	0.01777	0.02122	0.01494	0.02030	0.01325	0.01988	0.01211	0.01808	0.10524	0.00438	0.37087	0.00709	0.00379	0.00913
32	0.01409	0.00705	0.01057	0.01057	0.01057	0.00705	0.00705	0.01057	0.01057	0.01409	0.01409	0.02467	0.01409	0.02819	0.03171	0.76392	0.00705	0.00705	0.00352	0.00352
33	0.01608	0.01564	0.02427	0.66136	0.05433	0.05148	0.02219	0.02132	0.01657	0.02069	0.01433	0.02128	0.01080	0.00813	0.00807	0.00267	0.01101	0.00711	0.00363	0.00903
34	0.01683	0.01442	0.01683	0.01202	0.01923	0.01082	0.00961	0.02043	0.01683	0.02644	0.01442	0.01683	0.01202	0.00601	0.00601	0.00120	0.00601	0.00481	0.00481	0.76444
35	0.01528	0.01414	0.02380	0.66877	0.05413	0.01760	0.02193	0.02034	0.01601	0.02047	0.01441	0.02175	0.01094	0.00889	0.00903	0.03224	0.01067	0.00720	0.00360	0.00880
36	0.01048	0.00720	0.00953	0.01094	0.01151	0.00675	0.00732	0.01143	0.01530	0.02036	0.06887	0.55201	0.07721	0.05088	0.01381	0.08787	0.00502	0.02023	0.00705	0.00625
37	0.36875	0.01588	0.01646	0.01331	0.01905	0.01658	0.01098	0.11411	0.02100	0.29850	0.02092	0.01997	0.01411	0.00886	0.00673	0.00250	0.00690	0.00634	0.00751	0.01153
38	0.01115	0.00821	0.01043	0.01003	0.01195	0.00749	0.00746	0.01460	0.02194	0.03046	0.54860	0.10401	0.14821	0.01764	0.00962	0.00262	0.00392	0.01551	0.00867	0.00749
39	0.00996	0.00709	0.00939	0.01121	0.01166	0.00664	0.00743	0.01132	0.01540	0.02053	0.04401	0.68502	0.05276	0.05117	0.01151	0.00347	0.00483	0.02265	0.00743	0.00653
40	0.03414	0.01331	0.01811	0.01405	0.01993	0.01154	0.01154	0.03735	0.02320	0.61200	0.08900	0.03061	0.02521	0.01064	0.00829	0.00251	0.00663	0.00875	0.00994	0.01325
41	0.01558	0.01469	0.02480	0.66038	0.08882	0.01810	0.02266	0.02096	0.01635	0.02104	0.01447	0.02155	0.01093	0.00806	0.00811	0.00269	0.01075	0.00721	0.00363	0.00922
42	0.01513	0.00756	0.00756	0.00756	0.00945	0.00756	0.00567	0.01891	0.01702	0.03025	0.02647	0.03025	0.02080	0.00945	0.00567	0.00189	0.00378	0.00756	0.75988	0.00756
43	0.02026	0.01776	0.02139	0.20918	0.10646	0.07716	0.01645	0.13322	0.10884	0.03061	0.07789	0.02611	0.02053	0.00963	0.00792	0.00247	0.00869	0.00804	0.08679	0.01060
44	0.02495	0.01878	0.02049	0.01633	0.02192	0.01998	0.01315	0.40286	0.08882	0.04186	0.02316	0.10049	0.01940	0.01114	0.00802	0.00237	0.00764	0.00896	0.02991	0.11979
45	0.01513	0.00756	0.00756	0.00756	0.00945	0.00756	0.00567	0.01891	0.01702	0.03025	0.02647	0.03025	0.02080	0.00945	0.00567	0.00189	0.00378	0.00756	0.75988	0.00756
46	0.01683	0.01442	0.01683	0.01202	0.01923	0.01082	0.00961	0.02043	0.01683	0.02644	0.01442	0.01683	0.01202	0.00601	0.00601	0.00120	0.00601	0.00481	0.00481	0.76444
47	0.01027	0.00763	0.00970	0.01089	0.01206	0.00688	0.00747	0.01198	0.01630	0.02167	0.07454	0.56580	0.13031	0.02344	0.01001	0.00309	0.00466	0.02102	0.00746	0.04484
48	0.07894	0.01478	0.01846	0.01408	0.02048	0.01320	0.01157	0.08380	0.02263	0.45635	0.02632	0.02398	0.01732	0.00909	0.00755	0.00226	0.00686	0.00721	0.00857	0.15657
49	0.01191	0.00858	0.01120	0.01259	0.01389	0.00837	0.00956	0.04018	0.01758	0.02311	0.04427	0.41902	0.07937	0.04742	0.01158	0.00354	0.00589	0.21736	0.00745	0.00715
50	0.03510	0.01343	0.01814	0.01402	0.02003	0.01166	0.01154	0.03828	0.02284	0.63073	0.03167	0.02778	0.02013	0.01001	0.00801	0.00247	0.00671	0.00812	0.05589	0.01343
51	0.02081	0.60967	0.14486	0.01538	0.02315	0.02995	0.01650	0.02452	0.01659	0.02016	0.01181	0.01368	0.01039	0.00707	0.00561	0.00187	0.00922	0.00461	0.00346	0.01067
52	0.01380	0.01105	0.01251	0.01167	0.01444	0.01135	0.00878	0.02290	0.21352	0.02983	0.31442	0.05425	0.17199	0.05999	0.01119	0.00299	0.00493	0.01328	0.00820	0.00892
53	0.00997	0.00720	0.00945	0.01108	0.01175	0.00667	0.00747	0.01157	0.01615	0.02152	0.08566	0.63683	0.08542	0.02462	0.01027	0.00322	0.00462	0.02224	0.00762	0.00667
54	0.00989	0.00706	0.00942	0.01130	0.01177	0.00659	0.00753	0.01130	0.01554	0.02071	0.04472	0.70954	0.05367	0.02542	0.01036	0.00330	0.00471	0.02307	0.00753	0.00659
55	0.01006	0.00760	0.00930	0.01023	0.01159	0.00684	0.00716	0.01205	0.01760	0.02298	0.15538	0.42161	0.23303	0.02258	0.01001	0.00301	0.00439	0.01999	0.00776	0.00684
56	0.01626	0.01530	0.02543	0.56736	0.14903	0.01831	0.02251	0.02229	0.04236	0.02217	0.01531	0.02174	0.01170	0.00809	0.00811	0.00266	0.01045	0.00729	0.00386	0.00977
57	0.02263	0.61031	0.03921	0.01481	0.02133	0.10702	0.01405	0.02605	0.04463	0.01982	0.01237	0.01395	0.01104	0.00728	0.00558	0.00182	0.00927	0.00465	0.00376	0.01040
58	0.02661	0.05489	0.05127	0.10015	0.02733	0.02110	0.01564	0.37461	0.03008	0.11610	0.05694	0.02488	0.04338	0.01016	0.00810	0.00247	0.00857	0.00799	0.00738	0.01235
59	0.06621	0.01106	0.01454	0.01301	0.01462	0.01232	0.04669	0.03993	0.01430	0.02177	0.02145	0.03636	0.02148	0.30554	0.16594	0.00696	0.08610	0.00936	0.08524	0.00710
60	0.72057	0.06408	0.01403	0.01089	0.01605	0.01916	0.00914	0.02388	0.01399	0.03522	0.01130	0.01317	0.00890	0.00749	0.00503	0.00246	0.00644	0.00439	0.00491	0.00890
61	0.01850	0.02515	0.16590	0.03165	0.08132	0.02060	0.40483	0.02512	0.01795	0.02523	0.01532	0.02037	0.01176	0.00787	0.01105	0.00277	0.09122	0.00844	0.00390	0.01104
62	0.01945	0.02055	0.05809	0.02935	0.06095	0.01964	0.42158	0.08443	0.02007	0.02795	0.01728	0.02237	0.01336	0.01113	0.05268	0.00333	0.04747	0.00885	0.05068	0.01079
63	0.01580	0.01333	0.01749	0.01552	0.01611	0.01699	0.01209	0.04350	0.01385	0.02076	0.01786	0.03056	0.01809	0.22235	0.08392	0.00541	0.34313	0.00866	0.07691	0.00767
64	0.01138	0.00829	0.01070	0.01010	0.01206	0.00761	0.00757	0.01511	0.02272	0.03196	0.62824	0.06157	0.10863	0.01681	0.00957	0.00256	0.00384	0.01481	0.00886	0.00761
65	0.01321	0.00908	0.01205	0.01217	0.04268	0.00834	0.00858	0.01675	0.02198	0.07114	0.50497	0.09067	0.12411	0.01656	0.00945	0.00260	0.00436	0.01457	0.00857	0.00816
66	0.01820	0.13126	0.51289	0.02330	0.07575	0.02036	0.02661	0.02609	0.01742	0.05463	0.01497	0.01726	0.01093	0.00768	0.00741	0.00244	0.01114	0.00596	0.00378	0.01192
67	0.01134	0.00829	0.01065	0.01006	0.01203	0.00759	0.00754	0.01503	0.02263	0.03173	0.61594	0.06194	0.12106	0.01689	0.00957	0.00257	0.00385	0.01486	0.00883	0.00759
68	0.01335	0.01105	0.01843	0.01633	0.01873	0.01089	0.13527	0.01612	0.01624	0.04115	0.03559	0.38963	0.06546	0.04308	0.05794	0.00390	0.04544	0.01680	0.03676	0.00786
69	0.01859	0.01600	0.01796	0.01770	0.06520	0.01794	0.01274	0.03689	0.49785	0.03259	0.10674	0.03567	0.06480	0.01191	0.00847	0.00270	0.00622	0.01011	0.00799	0.01192
70	0.01594	0.03747	0.57503	0.02340	0.06697	0.01774	0.02757	0.02444	0.01735	0.02574	0.04230	0.05704	0.01547	0.00901	0.00795	0.00260	0.01114	0.00735	0.00391	0.01157
71	0.01627	0.04197	0.67279	0.02313	0.03512	0.01884	0.02998	0.02570	0.01713	0.02570	0.01456	0.01713	0.01028	0.00771	0.00771	0.00257	0.01199	0.00600	0.00343	0.01199
72	0.01139	0.00831	0.01063	0.01151	0.01323	0.00777	0.00902	0.01382	0.01822	0.02369	0.14974	0.19605	0.20859	0.02193	0.01162	0.04969	0.00548	0.21488	0.00749	0.00693
73	0.01684	0.11297	0.60676	0.02216	0.03362	0.02023	0.02829	0.02555	0.01706	0.02500	0.01422	0.01670	0.01029	0.00763	0.00745	0.00248	0.01164	0.00582	0.00343	0.01183

[dist]
# distance from previous block
# <min> <max>
0	1

[block]
# block no. 1 follows, 23 sequences, length 8
# corresponding to MSA columns:
# 121-128
name=unknown_B
#
# <colnr> <probs for GDERKNQSTAVLIFYWHMCP>
#	G	D	E	R	K	N	Q	S	T	A	V	L	I	F	Y	W	H	M	C	P
0	0.57790	0.09199	0.11759	0.01293	0.01923	0.01973	0.01260	0.02418	0.01460	0.03297	0.01180	0.01378	0.00919	0.00750	0.00546	0.00244	0.00741	0.00464	0.00461	0.00945
1	0.14585	0.02164	0.02242	0.01743	0.02369	0.02408	0.01439	0.54201	0.03437	0.04885	0.01821	0.01850	0.01302	0.00940	0.00764	0.00245	0.00852	0.00685	0.00764	0.01302
2	0.01469	0.00831	0.01111	0.01172	0.01312	0.00770	0.00824	0.01609	0.01633	0.12486	0.03937	0.48276	0.04383	0.07891	0.01372	0.04519	0.00556	0.04351	0.00750	0.00749
3	0.18751	0.14357	0.42385	0.01885	0.02847	0.02080	0.02265	0.02506	0.01628	0.02706	0.01331	0.01559	0.00996	0.00755	0.00671	0.00242	0.01018	0.00537	0.00379	0.01102
4	0.01399	0.01152	0.01471	0.01380	0.01578	0.01237	0.01052	0.03893	0.03773	0.02278	0.03118	0.28292	0.05830	0.06558	0.04694	0.00374	0.14160	0.04650	0.00605	0.12507
5	0.02172	0.01102	0.01440	0.01252	0.01643	0.00950	0.00952	0.02422	0.01896	0.28061	0.05933	0.27219	0.03351	0.04420	0.01002	0.00280	0.00589	0.01337	0.00804	0.13175
6	0.34523	0.01778	0.11364	0.01328	0.01899	0.01481	0.01245	0.02575	0.01819	0.16952	0.14807	0.02651	0.02521	0.00994	0.00703	0.00253	0.00678	0.00753	0.00665	0.01012
7	0.27369	0.06892	0.15192	0.01921	0.04992	0.01969	0.10178	0.09806	0.01880	0.03208	0.01411	0.01656	0.01077	0.00753	0.00679	0.00236	0.00901	0.00593	0.00479	0.08810

[dist]
# distance from previous block
# <min> <max>
1	4

[block]
# block no. 2 follows, 23 sequences, length 13
# corresponding to MSA columns:
# 133-145
name=unknown_C
#
# <colnr> <probs for GDERKNQSTAVLIFYWHMCP>
#	G	D	E	R	K	N	Q	S	T	A	V	L	I	F	Y	W	H	M	C	P
0	0.02033	0.23232	0.30365	0.01826	0.02661	0.06442	0.02023	0.06751	0.01967	0.05951	0.07860	0.02079	0.01764	0.00867	0.00719	0.00228	0.00992	0.00653	0.00470	0.01116
1	0.02354	0.02133	0.04541	0.01657	0.02135	0.15479	0.01333	0.09719	0.21094	0.10236	0.02361	0.02567	0.01847	0.05793	0.07654	0.00377	0.01025	0.00772	0.00658	0.06265
2	0.01787	0.24107	0.48763	0.02041	0.03092	0.02274	0.02525	0.02529	0.01694	0.02376	0.01360	0.01592	0.01032	0.00748	0.00697	0.00232	0.01102	0.00551	0.00344	0.01153
3	0.01588	0.00868	0.01165	0.01108	0.01192	0.00892	0.00775	0.07438	0.01400	0.01947	0.01590	0.02471	0.01475	0.02442	0.02668	0.60965	0.00690	0.00713	0.08116	0.00497
4	0.01532	0.01442	0.02434	0.69533	0.05589	0.01803	0.02253	0.02073	0.01622	0.02073	0.01442	0.02163	0.01082	0.00811	0.00811	0.00270	0.01082	0.00721	0.00361	0.00901
5	0.02169	0.71972	0.04252	0.01388	0.02083	0.03211	0.01388	0.02430	0.01649	0.01909	0.01128	0.01302	0.01041	0.00694	0.00521	0.00174	0.00868	0.00434	0.00347	0.01041
6	0.02156	0.05464	0.02013	0.01695	0.02160	0.10610	0.01326	0.04081	0.53773	0.03140	0.02932	0.02741	0.02222	0.01047	0.00799	0.00262	0.00759	0.00843	0.00750	0.01228
7	0.01258	0.00857	0.01098	0.01022	0.01245	0.00779	0.00772	0.01619	0.02250	0.06472	0.56518	0.06076	0.13624	0.01667	0.00950	0.00257	0.00402	0.01460	0.00884	0.00789
8	0.01878	0.02265	0.08517	0.03181	0.03920	0.02097	0.51565	0.02513	0.01815	0.02513	0.01555	0.02104	0.01197	0.00785	0.01167	0.00283	0.10269	0.00902	0.00399	0.01074
9	0.00989	0.00706	0.00942	0.01130	0.01177	0.00659	0.00753	0.01130	0.01554	0.02071	0.04472	0.70954	0.05367	0.02542	0.01036	0.00330	0.00471	0.02307	0.00753	0.00659
10	0.01484	0.01313	0.01861	0.01685	0.01760	0.01731	0.01368	0.01723	0.01295	0.01979	0.01649	0.02478	0.01553	0.03497	0.32105	0.00774	0.35739	0.00784	0.04416	0.00807
11	0.02063	0.02032	0.03232	0.13300	0.42961	0.06038	0.09352	0.06345	0.01976	0.02680	0.01538	0.02013	0.01242	0.00753	0.00818	0.00247	0.01053	0.00738	0.00424	0.01195
12	0.01734	0.11770	0.51683	0.02457	0.07693	0.02052	0.06568	0.02550	0.01728	0.02501	0.01435	0.01715	0.01060	0.00753	0.00756	0.00247	0.01155	0.00611	0.00351	0.01180

[dist]
# distance from previous block
# <min> <max>
0	1

[block]
# block no. 3 follows, 23 sequences, length 137
# corresponding to MSA columns:
# 147-283
name=unknown_D
#
# <colnr> <probs for GDERKNQSTAVLIFYWHMCP>
#	G	D	E	R	K	N	Q	S	T	A	V	L	I	F	Y	W	H	M	C	P
0	0.04977	0.06309	0.37400	0.02853	0.11933	0.01989	0.17995	0.02552	0.01765	0.02604	0.01484	0.01837	0.01108	0.00738	0.00800	0.00255	0.01171	0.00692	0.00375	0.01164
1	0.01969	0.01906	0.03030	0.04458	0.57091	0.04778	0.02278	0.02429	0.01912	0.02681	0.07913	0.02386	0.01907	0.00821	0.00815	0.00241	0.00929	0.00788	0.00451	0.01218
2	0.01978	0.01664	0.01790	0.01571	0.02038	0.01843	0.01224	0.08292	0.48310	0.03380	0.05779	0.06213	0.02630	0.01135	0.00818	0.00259	0.00638	0.00951	0.00790	0.08699
3	0.01213	0.00907	0.01245	0.01291	0.01434	0.00879	0.03497	0.05968	0.01812	0.02433	0.08986	0.54844	0.05038	0.02262	0.01013	0.00317	0.00547	0.04814	0.00754	0.00744
4	0.01017	0.00726	0.00974	0.01162	0.01221	0.00683	0.00802	0.01178	0.01581	0.02103	0.04457	0.65505	0.05305	0.02516	0.01043	0.00333	0.00495	0.07478	0.00753	0.00667
5	0.01545	0.01460	0.02436	0.66003	0.05407	0.01839	0.02228	0.02067	0.01603	0.02067	0.01422	0.02143	0.01081	0.00843	0.00908	0.00275	0.04691	0.00721	0.00360	0.00901
6	0.01160	0.00866	0.01287	0.01287	0.01426	0.01005	0.00993	0.01438	0.01299	0.01871	0.02189	0.03275	0.02067	0.08790	0.65615	0.01283	0.02116	0.00882	0.00437	0.00715
7	0.01162	0.00860	0.01254	0.01254	0.01382	0.00987	0.00952	0.01417	0.01289	0.01847	0.02219	0.03439	0.02138	0.13839	0.60664	0.01243	0.02009	0.00906	0.00441	0.00697
8	0.01132	0.00773	0.01006	0.01092	0.01215	0.00709	0.00763	0.01346	0.01794	0.04956	0.20236	0.47104	0.10389	0.02221	0.01001	0.00303	0.00453	0.01991	0.00799	0.00717
9	0.01169	0.00788	0.00915	0.00925	0.00936	0.00795	0.00539	0.01195	0.01207	0.01618	0.02627	0.08445	0.03010	0.63762	0.08176	0.00798	0.00862	0.01216	0.00501	0.00515
10	0.01673	0.07469	0.61056	0.02395	0.06468	0.01953	0.02893	0.02559	0.01716	0.02541	0.01443	0.01707	0.01041	0.00765	0.00760	0.00252	0.01171	0.00597	0.00346	0.01195
11	0.77215	0.01569	0.01193	0.01067	0.01569	0.01820	0.00879	0.02385	0.01381	0.03641	0.01130	0.01318	0.00879	0.00753	0.00502	0.00251	0.00628	0.00439	0.00502	0.00879
12	0.01048	0.00783	0.00987	0.01127	0.01261	0.00723	0.00834	0.01254	0.01695	0.02177	0.05392	0.41943	0.20725	0.02355	0.01034	0.00325	0.00513	0.14388	0.00752	0.00684
13	0.01532	0.01442	0.02434	0.69533	0.05589	0.01803	0.02253	0.02073	0.01622	0.02073	0.01442	0.02163	0.01082	0.00811	0.00811	0.00270	0.01082	0.00721	0.00361	0.00901
14	0.01160	0.00866	0.01285	0.01285	0.01424	0.01004	0.00991	0.01437	0.01299	0.01870	0.02191	0.03283	0.02070	0.09011	0.65399	0.01281	0.02111	0.00883	0.00437	0.00714
15	0.01060	0.00830	0.00962	0.00941	0.01174	0.00732	0.00714	0.01353	0.02053	0.02682	0.34176	0.07077	0.37016	0.01884	0.00965	0.00270	0.00413	0.04159	0.00816	0.00724
16	0.01409	0.00705	0.01057	0.01057	0.01057	0.00705	0.00705	0.01057	0.01057	0.01409	0.01409	0.02467	0.01409	0.02819	0.03171	0.76392	0.00705	0.00705	0.00352	0.00352
17	0.01120	0.00811	0.01082	0.01233	0.01363	0.00773	0.00952	0.01374	0.01758	0.02315	0.09882	0.37283	0.10087	0.02316	0.01055	0.00335	0.00563	0.24233	0.00763	0.00703
18	0.02424	0.32360	0.02899	0.01435	0.02055	0.05359	0.01270	0.08151	0.04784	0.14626	0.06617	0.02120	0.01833	0.00863	0.00668	0.00200	0.00786	0.00640	0.00593	0.10318
19	0.01674	0.01587	0.02690	0.50294	0.23719	0.01840	0.02324	0.02197	0.01690	0.02245	0.01467	0.02117	0.01142	0.00785	0.00809	0.00262	0.01047	0.00722	0.00373	0.01016
20	0.01985	0.01904	0.03251	0.08173	0.63413	0.01922	0.02479	0.02470	0.01836	0.02622	0.01522	0.02016	0.01275	0.00727	0.00804	0.00242	0.00970	0.00723	0.00400	0.01266
21	0.73213	0.01559	0.01230	0.01088	0.01597	0.01786	0.00896	0.02471	0.01432	0.07086	0.01243	0.01397	0.00940	0.00767	0.00519	0.00251	0.00631	0.00460	0.00529	0.00906
22	0.03533	0.01443	0.01908	0.01475	0.02095	0.01299	0.01215	0.06953	0.05495	0.60753	0.03144	0.02734	0.02000	0.01008	0.00816	0.00252	0.00698	0.00817	0.00986	0.01376
23	0.01180	0.00787	0.00885	0.00885	0.00885	0.00787	0.00492	0.01180	0.01180	0.01573	0.02557	0.05310	0.02950	0.71483	0.04130	0.00787	0.00787	0.01180	0.00492	0.00492
24	0.01494	0.00760	0.00773	0.00769	0.00959	0.00757	0.00577	0.01873	0.01731	0.03037	0.05807	0.03177	0.02358	0.00981	0.00587	0.00192	0.00378	0.00792	0.72242	0.00757
25	0.01628	0.01484	0.02364	0.38240	0.17133	0.01660	0.01967	0.02091	0.01660	0.02300	0.01666	0.05841	0.01418	0.00894	0.00864	0.00249	0.03853	0.00780	0.03991	0.09916
26	0.01345	0.00873	0.01148	0.01054	0.01280	0.00799	0.00799	0.01722	0.02299	0.08280	0.61041	0.05801	0.07211	0.01607	0.00946	0.00255	0.00407	0.01416	0.00902	0.00814
27	0.03085	0.02273	0.02435	0.01867	0.02516	0.02516	0.01542	0.63716	0.03815	0.05114	0.01948	0.01948	0.01380	0.00974	0.00812	0.00244	0.00893	0.00731	0.00812	0.01380
28	0.01106	0.00828	0.01026	0.00976	0.01186	0.00748	0.00732	0.01449	0.02197	0.03017	0.53096	0.06451	0.20701	0.01747	0.00957	0.00259	0.00389	0.01522	0.00862	0.00748
29	0.00989	0.00706	0.00942	0.01130	0.01177	0.00659	0.00753	0.01130	0.01554	0.02071	0.04472	0.70954	0.05367	0.02542	0.01036	0.00330	0.00471	0.02307	0.00753	0.00659
30	0.02997	0.03204	0.02356	0.02012	0.02495	0.41765	0.01567	0.24975	0.02801	0.03112	0.01496	0.01651	0.01167	0.00911	0.00842	0.00228	0.04161	0.00605	0.00557	0.01097
31	0.01677	0.10403	0.61508	0.02228	0.03381	0.02006	0.02851	0.02557	0.01707	0.02509	0.01426	0.01675	0.01029	0.00764	0.00748	0.00249	0.01169	0.00584	0.00343	0.01185
32	0.20321	0.51742	0.06466	0.01354	0.02025	0.02812	0.01340	0.02425	0.01587	0.02359	0.01144	0.01325	0.01001	0.00712	0.00528	0.00196	0.00825	0.00443	0.00384	0.01009
33	0.01409	0.00705	0.01057	0.01057	0.01057	0.00705	0.00705	0.01057	0.01057	0.01409	0.01409	0.02467	0.01409	0.02819	0.03171	0.76392	0.00705	0.00705	0.00352	0.00352
34	0.02070	0.01769	0.01864	0.01662	0.02130	0.02042	0.01297	0.07171	0.62013	0.03477	0.03237	0.02975	0.02424	0.01095	0.00825	0.00274	0.00654	0.00908	0.00825	0.01289
35	0.01676	0.00952	0.01008	0.00938	0.01180	0.00994	0.00724	0.09446	0.01928	0.03186	0.02522	0.02906	0.01990	0.01378	0.06247	0.00289	0.00591	0.00763	0.60451	0.00830
36	0.02601	0.01750	0.02573	0.10887	0.23361	0.04377	0.04868	0.07560	0.02176	0.25167	0.04909	0.02446	0.01782	0.00894	0.00821	0.00249	0.00893	0.00791	0.00660	0.01234
37	0.04757	0.63497	0.07100	0.01451	0.02151	0.05767	0.01456	0.02468	0.01669	0.02003	0.01149	0.01329	0.01035	0.00706	0.00541	0.00182	0.00900	0.00446	0.00355	0.01039
38	0.00985	0.00721	0.00926	0.01091	0.01167	0.00662	0.00736	0.01134	0.01591	0.02087	0.04951	0.62886	0.13125	0.02480	0.01026	0.00322	0.00463	0.02231	0.00753	0.00662
39	0.01495	0.01372	0.01854	0.01692	0.01784	0.04071	0.01366	0.01733	0.01313	0.01917	0.01658	0.02510	0.01574	0.03865	0.37260	0.00851	0.31695	0.00788	0.00399	0.00803
40	0.38293	0.04677	0.05146	0.24430	0.03114	0.01934	0.01538	0.04788	0.01585	0.02970	0.01283	0.01669	0.00991	0.00809	0.00728	0.00259	0.03844	0.00566	0.00446	0.00930
41	0.01323	0.01041	0.01599	0.04062	0.01679	0.01038	0.10572	0.01505	0.01389	0.01892	0.02508	0.07072	0.02695	0.45536	0.06092	0.00647	0.00924	0.04012	0.03772	0.00644
42	0.05846	0.02107	0.04408	0.06481	0.07546	0.02021	0.54009	0.02557	0.01870	0.02632	0.01599	0.02132	0.01209	0.00696	0.00918	0.00270	0.01294	0.00907	0.00412	0.01084
43	0.14947	0.02139	0.06072	0.09328	0.22570	0.07776	0.17257	0.02601	0.01820	0.05742	0.01531	0.01923	0.01184	0.00752	0.00784	0.00252	0.01060	0.00714	0.00444	0.01103
44	0.77215	0.01569	0.01193	0.01067	0.01569	0.01820	0.00879	0.02385	0.01381	0.03641	0.01130	0.01318	0.00879	0.00753	0.00502	0.00251	0.00628	0.00439	0.00502	0.00879
45	0.01002	0.00716	0.00957	0.01145	0.01198	0.00671	0.00777	0.01153	0.01567	0.02086	0.04465	0.68352	0.05337	0.02529	0.01039	0.00331	0.00482	0.04776	0.00753	0.00663
46	0.03043	0.05276	0.02500	0.01864	0.02498	0.07499	0.01538	0.56622	0.03611	0.04745	0.01862	0.01885	0.01341	0.00952	0.00794	0.00238	0.00935	0.00703	0.00763	0.01333
47	0.01647	0.01518	0.02298	0.21736	0.05712	0.01628	0.06866	0.02050	0.01607	0.02339	0.01596	0.05246	0.01387	0.00931	0.01093	0.00238	0.13347	0.00743	0.04060	0.23957
48	0.01777	0.01353	0.02341	0.07525	0.02573	0.01355	0.17002	0.02146	0.01803	0.12491	0.05576	0.24480	0.03150	0.01541	0.01089	0.00300	0.06043	0.05876	0.00648	0.00932
49	0.01693	0.14812	0.54415	0.02110	0.03186	0.02047	0.02646	0.02503	0.01728	0.02494	0.04190	0.01836	0.01316	0.00797	0.00739	0.00244	0.01111	0.00611	0.00367	0.01155
50	0.01909	0.02171	0.04688	0.03364	0.04149	0.02071	0.60795	0.02571	0.01886	0.02571	0.01617	0.02171	0.01224	0.00716	0.01032	0.00277	0.04349	0.00947	0.00408	0.01085
51	0.02684	0.05489	0.02321	0.01875	0.05456	0.09278	0.01454	0.42555	0.03178	0.04097	0.02697	0.02694	0.10431	0.01086	0.00810	0.00241	0.00888	0.00832	0.00719	0.01215
52	0.02082	0.01479	0.01658	0.01442	0.01786	0.01589	0.01090	0.25363	0.10677	0.06083	0.02844	0.18299	0.02744	0.14649	0.01568	0.02985	0.00730	0.01197	0.00733	0.01003
53	0.01532	0.01442	0.02434	0.69533	0.05589	0.01803	0.02253	0.02073	0.01622	0.02073	0.01442	0.02163	0.01082	0.00811	0.00811	0.00270	0.01082	0.00721	0.00361	0.00901
54	0.01607	0.01532	0.02630	0.58839	0.13346	0.01828	0.04516	0.02146	0.01662	0.02167	0.01460	0.02144	0.01113	0.00795	0.00816	0.00267	0.01077	0.00730	0.00368	0.00958
55	0.01929	0.01860	0.03323	0.13520	0.20422	0.01926	0.23345	0.06772	0.04527	0.02749	0.01727	0.02205	0.01346	0.00803	0.00918	0.00259	0.03912	0.00815	0.06534	0.01108
56	0.01132	0.00876	0.01034	0.01040	0.01266	0.00809	0.00808	0.01490	0.04234	0.02592	0.25750	0.07198	0.30860	0.05181	0.01131	0.00310	0.00489	0.12278	0.00788	0.00735
57	0.01166	0.00841	0.01160	0.01160	0.01255	0.00936	0.00835	0.01357	0.01261	0.01777	0.02305	0.03917	0.02345	0.28559	0.46228	0.01126	0.01697	0.00976	0.00454	0.00644
58	0.77215	0.01569	0.01193	0.01067	0.01569	0.01820	0.00879	0.02385	0.01381	0.03641	0.01130	0.01318	0.00879	0.00753	0.00502	0.00251	0.00628	0.00439	0.00502	0.00879
59	0.02374	0.07300	0.05177	0.01652	0.02347	0.01681	0.06949	0.11277	0.08041	0.16457	0.02048	0.02088	0.01497	0.00806	0.00730	0.00203	0.00781	0.00671	0.00645	0.27275
60	0.03031	0.03867	0.02299	0.02090	0.02508	0.68226	0.01568	0.03240	0.02299	0.01986	0.01254	0.01463	0.01045	0.00836	0.00732	0.00209	0.01463	0.00523	0.00418	0.00941
61	0.00995	0.00755	0.00918	0.01021	0.01155	0.00678	0.00711	0.01182	0.01723	0.02230	0.11924	0.44333	0.24847	0.02298	0.01003	0.00304	0.00443	0.02033	0.00768	0.00678
62	0.00959	0.00822	0.00822	0.00822	0.01096	0.00685	0.00617	0.01165	0.01850	0.02192	0.08220	0.07809	0.66092	0.02055	0.00959	0.00274	0.00411	0.01713	0.00754	0.00685
63	0.02169	0.71972	0.04252	0.01388	0.02083	0.03211	0.01388	0.02430	0.01649	0.01909	0.01128	0.01302	0.01041	0.00694	0.00521	0.00174	0.00868	0.00434	0.00347	0.01041
64	0.01148	0.00829	0.01085	0.01021	0.01212	0.00766	0.00766	0.01531	0.02297	0.03254	0.65994	0.06061	0.07656	0.01659	0.00957	0.00255	0.00383	0.01467	0.00893	0.00766
65	0.01683	0.01442	0.01683	0.01202	0.01923	0.01082	0.00961	0.02043	0.01683	0.02644	0.01442	0.01683	0.01202	0.00601	0.00601	0.00120	0.00601	0.00481	0.00481	0.76444
66	0.01148	0.00829	0.01085	0.01021	0.01212	0.00766	0.00766	0.01531	0.02297	0.03254	0.65994	0.06061	0.07656	0.01659	0.00957	0.00255	0.00383	0.01467	0.00893	0.00766
67	0.02008	0.01928	0.03294	0.04981	0.66422	0.01928	0.02490	0.02490	0.01848	0.02651	0.01526	0.02008	0.01285	0.00723	0.00803	0.00241	0.00964	0.00723	0.00402	0.01285
68	0.02710	0.02055	0.02233	0.01701	0.02360	0.02157	0.01395	0.46760	0.05738	0.04461	0.01882	0.01928	0.01381	0.00891	0.00762	0.00216	0.00814	0.00679	0.00734	0.19143
69	0.01195	0.00849	0.01191	0.01191	0.01340	0.00955	0.00912	0.01477	0.01373	0.02024	0.02536	0.03495	0.05086	0.08680	0.53301	0.01089	0.01794	0.00911	0.09885	0.00714
70	0.04444	0.01061	0.01322	0.01291	0.01583	0.01023	0.01027	0.02157	0.07264	0.13336	0.07958	0.16928	0.09003	0.05578	0.01125	0.00329	0.00623	0.19118	0.00774	0.04058
71	0.01911	0.01960	0.03432	0.26618	0.17080	0.05101	0.23860	0.05447	0.01912	0.02522	0.01546	0.02097	0.01189	0.00758	0.00858	0.00261	0.01168	0.00796	0.00411	0.01073
72	0.00989	0.00706	0.00942	0.01130	0.01177	0.00659	0.00753	0.01130	0.01554	0.02071	0.04472	0.70954	0.05367	0.02542	0.01036	0.00330	0.00471	0.02307	0.00753	0.00659
73	0.00989	0.00706	0.00942	0.01130	0.01177	0.00659	0.00753	0.01130	0.01554	0.02071	0.04472	0.70954	0.05367	0.02542	0.01036	0.00330	0.00471	0.02307	0.00753	0.00659
74	0.01136	0.00789	0.00907	0.00916	0.00972	0.00762	0.00561	0.01217	0.01420	0.01887	0.11079	0.11217	0.10472	0.49706	0.03142	0.00628	0.00670	0.01367	0.00591	0.00560
75	0.01627	0.04197	0.67279	0.02313	0.03512	0.01884	0.02998	0.02570	0.01713	0.02570	0.01456	0.01713	0.01028	0.00771	0.00771	0.00257	0.01199	0.00600	0.00343	0.01199
76	0.01627	0.04197	0.67279	0.02313	0.03512	0.01884	0.02998	0.02570	0.01713	0.02570	0.01456	0.01713	0.01028	0.00771	0.00771	0.00257	0.01199	0.00600	0.00343	0.01199
77	0.01133	0.00829	0.01063	0.01004	0.01203	0.00759	0.00753	0.01501	0.02260	0.03165	0.61176	0.06207	0.12529	0.01692	0.00957	0.00257	0.00385	0.01488	0.00882	0.00759
78	0.00989	0.00706	0.00942	0.01130	0.01177	0.00659	0.00753	0.01130	0.01554	0.02071	0.04472	0.70954	0.05367	0.02542	0.01036	0.00330	0.00471	0.02307	0.00753	0.00659
79	0.03031	0.03867	0.02299	0.02090	0.02508	0.68226	0.01568	0.03240	0.02299	0.01986	0.01254	0.01463	0.01045	0.00836	0.00732	0.00209	0.01463	0.00523	0.00418	0.00941
80	0.01683	0.01442	0.01683	0.01202	0.01923	0.01082	0.00961	0.02043	0.01683	0.02644	0.01442	0.01683	0.01202	0.00601	0.00601	0.00120	0.00601	0.00481	0.00481	0.76444
81	0.01180	0.00787	0.00885	0.00885	0.00885	0.00787	0.00492	0.01180	0.01180	0.01573	0.02557	0.05310	0.02950	0.71483	0.04130	0.00787	0.00787	0.01180	0.00492	0.00492
82	0.01159	0.00869	0.01304	0.01304	0.01449	0.01014	0.01014	0.01449	0.01304	0.01884	0.02173	0.03188	0.02029	0.06086	0.68268	0.01304	0.02173	0.00869	0.00435	0.00724
83	0.01096	0.00829	0.01004	0.01016	0.01213	0.00753	0.00769	0.01380	0.01978	0.02618	0.31007	0.11881	0.26151	0.05728	0.01157	0.00311	0.00467	0.09132	0.00796	0.00714
84	0.01180	0.00787	0.00885	0.00885	0.00885	0.00787	0.00492	0.01180	0.01180	0.01573	0.02557	0.05310	0.02950	0.71483	0.04130	0.00787	0.00787	0.01180	0.00492	0.00492
85	0.01915	0.02189	0.04788	0.03420	0.04241	0.02052	0.63475	0.02599	0.01915	0.02599	0.01642	0.02189	0.01231	0.00684	0.00958	0.00274	0.01368	0.00958	0.00410	0.01094
86	0.01094	0.00801	0.01021	0.01039	0.01199	0.00738	0.00758	0.01384	0.02008	0.02750	0.39493	0.22325	0.13700	0.04191	0.01085	0.00298	0.00436	0.04134	0.00823	0.00720
87	0.01335	0.00813	0.00922	0.00900	0.00950	0.00804	0.00534	0.01388	0.01288	0.04978	0.02598	0.04960	0.02818	0.61085	0.03617	0.00702	0.00742	0.01120	0.07884	0.00562
88	0.03085	0.02273	0.02435	0.01867	0.02516	0.02516	0.01542	0.63716	0.03815	0.05114	0.01948	0.01948	0.01380	0.00974	0.00812	0.00244	0.00893	0.00731	0.00812	0.01380
89	0.00996	0.00829	0.00874	0.00878	0.01139	0.00706	0.00669	0.01228	0.01894	0.02308	0.13628	0.07712	0.57066	0.02027	0.00968	0.00278	0.00427	0.04911	0.00767	0.00696
90	0.01470	0.01092	0.01190	0.01106	0.01425	0.01089	0.00848	0.02287	0.18777	0.06182	0.16849	0.05492	0.28857	0.01567	0.00879	0.00262	0.00479	0.01317	0.07930	0.00903
91	0.00989	0.00706	0.00942	0.01130	0.01177	0.00659	0.00753	0.01130	0.01554	0.02071	0.04472	0.70954	0.05367	0.02542	0.01036	0.00330	0.00471	0.02307	0.00753	0.00659
92	0.01409	0.00705	0.01057	0.01057	0.01057	0.00705	0.00705	0.01057	0.01057	0.01409	0.01409	0.02467	0.01409	0.02819	0.03171	0.76392	0.00705	0.00705	0.00352	0.00352
93	0.01380	0.01046	0.01308	0.01396	0.01620	0.01074	0.01138	0.04051	0.11364	0.02574	0.04470	0.20004	0.10149	0.02068	0.01034	0.00336	0.00650	0.32748	0.00763	0.00827
94	0.02054	0.01496	0.01640	0.01373	0.01807	0.01552	0.01092	0.27576	0.06045	0.06653	0.13030	0.07674	0.21677	0.01473	0.00887	0.00260	0.00636	0.01214	0.00813	0.01049
95	0.02147	0.69119	0.06905	0.01427	0.02143	0.03155	0.01456	0.02436	0.01651	0.01937	0.01142	0.01319	0.01041	0.00697	0.00531	0.00177	0.00882	0.00441	0.00347	0.01048
96	0.05293	0.06184	0.10724	0.13150	0.08237	0.26731	0.01914	0.08068	0.02058	0.02463	0.01367	0.01708	0.01093	0.00866	0.00904	0.00243	0.06931	0.00607	0.00427	0.01032
97	0.01159	0.00869	0.01304	0.01304	0.01449	0.01014	0.01014	0.01449	0.01304	0.01884	0.02173	0.03188	0.02029	0.06086	0.68268	0.01304	0.02173	0.00869	0.00435	0.00724
98	0.01162	0.00854	0.01225	0.01222	0.01345	0.00966	0.00917	0.01407	0.01322	0.01885	0.04738	0.03657	0.02404	0.16915	0.54841	0.01176	0.01870	0.00945	0.00462	0.00687
99	0.01125	0.00840	0.01151	0.01163	0.01296	0.00912	0.00863	0.01348	0.01374	0.01889	0.03196	0.08432	0.11046	0.15505	0.44920	0.01023	0.01611	0.01123	0.00507	0.00679
100	0.01159	0.00869	0.01304	0.01304	0.01449	0.01014	0.01014	0.01449	0.01304	0.01884	0.02173	0.03188	0.02029	0.06086	0.68268	0.01304	0.02173	0.00869	0.00435	0.00724
101	0.03610	0.01429	0.01913	0.01467	0.02096	0.01265	0.01212	0.07205	0.02404	0.63618	0.03133	0.02718	0.01974	0.01003	0.00816	0.00251	0.00701	0.00811	0.00994	0.01381
102	0.07792	0.01114	0.01382	0.01240	0.01605	0.01047	0.00968	0.02519	0.05436	0.26012	0.14653	0.17869	0.09082	0.01564	0.00888	0.00277	0.00564	0.04137	0.00853	0.00996
103	0.01598	0.00839	0.00848	0.00817	0.01031	0.00852	0.00620	0.05254	0.01817	0.03139	0.02609	0.02967	0.02042	0.00947	0.00581	0.00192	0.00406	0.00755	0.71899	0.00790
104	0.00959	0.00822	0.00822	0.00822	0.01096	0.00685	0.00617	0.01165	0.01850	0.02192	0.08220	0.07809	0.66092	0.02055	0.00959	0.00274	0.00411	0.01713	0.00754	0.00685
105	0.01096	0.00761	0.00913	0.00980	0.01021	0.00733	0.00609	0.01179	0.01411	0.01877	0.06874	0.29876	0.07244	0.38735	0.02655	0.00563	0.00629	0.01640	0.00623	0.00578
106	0.01051	0.00808	0.00927	0.00926	0.01116	0.00721	0.00664	0.01282	0.01883	0.02449	0.25921	0.13365	0.33203	0.10460	0.01354	0.00336	0.00454	0.01628	0.00767	0.00685
107	0.00975	0.00823	0.00845	0.00839	0.01106	0.00692	0.00629	0.01196	0.01888	0.02283	0.13174	0.07659	0.61081	0.02021	0.00959	0.00272	0.00409	0.01691	0.00765	0.00692
108	0.03085	0.02273	0.02435	0.01867	0.02516	0.02516	0.01542	0.63716	0.03815	0.05114	0.01948	0.01948	0.01380	0.00974	0.00812	0.00244	0.00893	0.00731	0.00812	0.01380
109	0.01054	0.00767	0.00945	0.01014	0.01121	0.00710	0.00688	0.01235	0.01703	0.02271	0.18708	0.34718	0.14987	0.14425	0.01552	0.00385	0.00497	0.01824	0.00739	0.00658
110	0.01010	0.00805	0.00856	0.00871	0.01070	0.00705	0.00613	0.01181	0.01721	0.02116	0.09430	0.13057	0.46422	0.14724	0.01543	0.00372	0.00484	0.01659	0.00712	0.00651
111	0.03085	0.02273	0.02435	0.01867	0.02516	0.02516	0.01542	0.63716	0.03815	0.05114	0.01948	0.01948	0.01380	0.00974	0.00812	0.00244	0.00893	0.00731	0.00812	0.01380
112	0.00959	0.00822	0.00822	0.00822	0.01096	0.00685	0.00617	0.01165	0.01850	0.02192	0.08220	0.07809	0.66092	0.02055	0.00959	0.00274	0.00411	0.01713	0.00754	0.00685
113	0.19669	0.01664	0.01743	0.01418	0.01946	0.01789	0.01156	0.23429	0.08060	0.16823	0.02238	0.02223	0.01593	0.00937	0.00708	0.00242	0.00694	0.00702	0.11800	0.01167
114	0.01026	0.00813	0.00923	0.00920	0.01144	0.00710	0.00681	0.01285	0.01971	0.02540	0.27427	0.13563	0.40181	0.01970	0.00966	0.00273	0.00407	0.01689	0.00801	0.00710
115	0.03085	0.02273	0.02435	0.01867	0.02516	0.02516	0.01542	0.63716	0.03815	0.05114	0.01948	0.01948	0.01380	0.00974	0.00812	0.00244	0.00893	0.00731	0.00812	0.01380
116	0.00989	0.00706	0.00942	0.01130	0.01177	0.00659	0.00753	0.01130	0.01554	0.02071	0.04472	0.70954	0.05367	0.02542	0.01036	0.00330	0.00471	0.02307	0.00753	0.00659
117	0.01159	0.00869	0.01304	0.01304	0.01449	0.01014	0.01014	0.01449	0.01304	0.01884	0.02173	0.03188	0.02029	0.06086	0.68268	0.01304	0.02173	0.00869	0.00435	0.00724
118	0.01642	0.04098	0.64189	0.02367	0.03548	0.01893	0.05989	0.02571	0.01723	0.02571	0.01465	0.01737	0.01038	0.00767	0.00780	0.00258	0.01208	0.00617	0.00346	0.01194
119	0.01319	0.01135	0.01166	0.01104	0.01440	0.01138	0.00843	0.02233	0.23278	0.02600	0.06550	0.06185	0.44491	0.01731	0.00914	0.00274	0.00489	0.01443	0.00778	0.00889
120	0.01543	0.01456	0.02436	0.66678	0.05442	0.01832	0.02233	0.02068	0.01606	0.02068	0.01426	0.02147	0.01081	0.00837	0.00890	0.00274	0.04001	0.00721	0.00360	0.00901
121	0.01964	0.01882	0.03213	0.11031	0.60719	0.01916	0.02468	0.02451	0.01827	0.02597	0.01518	0.02023	0.01266	0.00731	0.00804	0.00244	0.00975	0.00723	0.00398	0.01249
122	0.01857	0.02086	0.04509	0.03239	0.04012	0.01955	0.58747	0.02519	0.01944	0.02649	0.06493	0.02481	0.01716	0.00757	0.00958	0.00272	0.01294	0.00996	0.00447	0.01070
123	0.02883	0.02165	0.02435	0.10649	0.02915	0.02424	0.01635	0.55716	0.03531	0.04719	0.01882	0.01976	0.01341	0.00953	0.00812	0.00247	0.00917	0.00729	0.00753	0.01318
124	0.01480	0.01291	0.01373	0.04220	0.01739	0.04705	0.01025	0.02376	0.20633	0.02821	0.20619	0.05471	0.21449	0.01568	0.00913	0.00273	0.00582	0.05776	0.00776	0.00910
125	0.01848	0.01796	0.06640	0.01609	0.02092	0.01822	0.01347	0.03737	0.50806	0.03164	0.03711	0.03702	0.08947	0.01227	0.00849	0.00278	0.00666	0.03789	0.00778	0.01192
126	0.01057	0.00824	0.01225	0.01286	0.01404	0.00765	0.05474	0.01242	0.01596	0.02117	0.04455	0.62463	0.08236	0.02377	0.01026	0.00322	0.00535	0.02174	0.00727	0.00693
127	0.01606	0.01742	0.07336	0.45885	0.04479	0.01997	0.02178	0.02077	0.01525	0.02077	0.01339	0.02022	0.01073	0.00976	0.01319	0.00293	0.20088	0.00709	0.00358	0.00920
128	0.02696	0.02953	0.02715	0.07954	0.09191	0.34927	0.08632	0.15914	0.02481	0.02794	0.01488	0.01758	0.01164	0.00836	0.00787	0.00232	0.01251	0.00651	0.00495	0.01082
129	0.01296	0.00926	0.01291	0.01459	0.01646	0.00921	0.01267	0.01670	0.01900	0.02491	0.08947	0.08920	0.04895	0.02198	0.01108	0.00365	0.00720	0.56475	0.00758	0.00749
130	0.03482	0.01386	0.01925	0.06577	0.02337	0.01239	0.01273	0.03813	0.02270	0.62090	0.03069	0.02717	0.01939	0.00990	0.00816	0.00253	0.00720	0.00809	0.00956	0.01345
131	0.01792	0.01747	0.03190	0.30681	0.04319	0.01900	0.24750	0.06883	0.01892	0.02545	0.01718	0.02503	0.01368	0.00880	0.00962	0.00275	0.04538	0.03667	0.03393	0.00995
132	0.01193	0.00891	0.01238	0.01266	0.01385	0.00873	0.04067	0.04224	0.01615	0.02162	0.03744	0.46358	0.04338	0.14722	0.04897	0.00454	0.00690	0.04514	0.00676	0.00694
133	0.01034	0.00819	0.00929	0.00913	0.01145	0.00715	0.00681	0.01305	0.02008	0.02597	0.30372	0.10128	0.40627	0.01925	0.00962	0.00269	0.00403	0.01646	0.00807	0.00715
134	0.01658	0.01358	0.01507	0.01378	0.01711	0.01497	0.01047	0.03125	0.38716	0.03209	0.24689	0.04237	0.04284	0.06598	0.01120	0.00307	0.00564	0.01125	0.00824	0.01047
135	0.02754	0.06610	0.02362	0.02049	0.05051	0.42980	0.01528	0.09985	0.10634	0.02575	0.01615	0.01748	0.01288	0.00863	0.00739	0.00217	0.01200	0.00600	0.00514	0.04688
136	0.01288	0.00938	0.01177	0.01077	0.01306	0.00895	0.00819	0.06206	0.02395	0.03356	0.59089	0.05814	0.09283	0.01621	0.00946	0.00255	0.00422	0.01421	0.00882	0.00809

[dist]
# distance from previous block
# <min> <max>
0	4

[block]
# block no. 4 follows, 23 sequences, length 7
# corresponding to MSA columns:
# 288-294
name=unknown_E
#
# <colnr> <probs for GDERKNQSTAVLIFYWHMCP>
#	G	D	E	R	K	N	Q	S	T	A	V	L	I	F	Y	W	H	M	C	P
0	0.02268	0.01888	0.02139	0.02074	0.09393	0.02125	0.01480	0.18101	0.43502	0.03716	0.02785	0.02659	0.02085	0.01029	0.00820	0.00264	0.00737	0.00852	0.00775	0.01307
1	0.01084	0.00820	0.01000	0.00970	0.01177	0.00736	0.00722	0.01401	0.02122	0.02874	0.45521	0.10569	0.24383	0.01828	0.00962	0.00265	0.00396	0.01590	0.00844	0.00736
2	0.01842	0.01579	0.02307	0.37675	0.03997	0.01841	0.04438	0.16471	0.02139	0.02812	0.02190	0.09295	0.04767	0.01105	0.00926	0.00274	0.03885	0.00941	0.00527	0.00987
3	0.01457	0.01323	0.02178	0.46207	0.11348	0.01547	0.01927	0.01898	0.01631	0.02137	0.02165	0.18349	0.02114	0.01209	0.00863	0.00281	0.00925	0.01095	0.00458	0.00887
4	0.02169	0.17703	0.02748	0.04180	0.07157	0.06648	0.07625	0.13838	0.02168	0.07261	0.02317	0.18114	0.02231	0.01219	0.00807	0.00250	0.00873	0.01048	0.00592	0.01051
