[name]
unknown

[dist]
# distance from previous block
# <min> <max>
0	180

[block]
# block no. 0 follows, 25 sequences, length 46
# corresponding to MSA columns:
# 188-233
name=unknown_A
#
# <colnr> <probs for GDERKNQSTAVLIFYWHMCP>
#	G	D	E	R	K	N	Q	S	T	A	V	L	I	F	Y	W	H	M	C	P
0	0.01233	0.00881	0.01231	0.01410	0.01581	0.00879	0.01222	0.01579	0.01769	0.02302	0.04114	0.12086	0.04497	0.02157	0.01067	0.00355	0.00700	0.59514	0.00714	0.00710
1	0.00940	0.00804	0.00854	0.03655	0.01226	0.00697	0.00660	0.01146	0.01743	0.02084	0.07396	0.10768	0.61490	0.01941	0.00915	0.00265	0.00422	0.01629	0.00705	0.00662
2	0.01128	0.00752	0.00846	0.00846	0.00846	0.00752	0.00470	0.01128	0.01128	0.01503	0.02443	0.05074	0.02819	0.72751	0.03946	0.00752	0.00752	0.01128	0.00470	0.00470
3	0.03479	0.01320	0.01799	0.01380	0.01979	0.01140	0.01140	0.03779	0.02219	0.68451	0.03059	0.02639	0.01919	0.00960	0.00780	0.00240	0.00660	0.00780	0.00960	0.01320
4	0.00936	0.00786	0.00813	0.00806	0.01059	0.00663	0.00605	0.01151	0.01814	0.02206	0.14401	0.07279	0.60984	0.01922	0.00916	0.00260	0.00390	0.01611	0.00735	0.00663
5	0.01595	0.07706	0.63083	0.02245	0.05379	0.01871	0.02765	0.02446	0.01638	0.02424	0.01377	0.01625	0.00991	0.00731	0.00725	0.00241	0.01121	0.00568	0.00329	0.01140
6	0.01622	0.07161	0.58104	0.02456	0.10627	0.01868	0.02734	0.02440	0.01649	0.02433	0.01384	0.01650	0.01011	0.00728	0.00728	0.00240	0.01105	0.00579	0.00334	0.01148
7	0.00926	0.00786	0.00799	0.00796	0.01053	0.00659	0.00597	0.01131	0.01790	0.02148	0.11019	0.07373	0.64402	0.01944	0.00916	0.00261	0.00391	0.01624	0.00727	0.00659
8	0.02896	0.03695	0.02197	0.01998	0.02397	0.69638	0.01498	0.03096	0.02197	0.01898	0.01199	0.01398	0.00999	0.00799	0.00699	0.00200	0.01398	0.00499	0.00400	0.00899
9	0.01647	0.01565	0.02429	0.56329	0.13365	0.04383	0.02127	0.04978	0.01700	0.02184	0.01404	0.02012	0.01071	0.00772	0.00771	0.00251	0.01024	0.00682	0.00372	0.00932
10	0.02049	0.35075	0.11399	0.01840	0.04294	0.14595	0.06670	0.02409	0.01732	0.02070	0.05230	0.01716	0.01402	0.00800	0.00770	0.00208	0.05802	0.00576	0.00382	0.00981
11	0.41791	0.08445	0.01904	0.05039	0.05480	0.04132	0.03761	0.04822	0.04375	0.07808	0.01416	0.01584	0.01082	0.00747	0.00588	0.00227	0.00730	0.00528	0.00505	0.05036
12	0.01832	0.02100	0.10191	0.13185	0.13596	0.07528	0.08502	0.02364	0.05479	0.04072	0.01666	0.02084	0.03334	0.00959	0.01247	0.00269	0.19453	0.00726	0.00413	0.01000
13	0.00943	0.00683	0.00891	0.01058	0.01119	0.00632	0.00710	0.01082	0.01505	0.01988	0.04533	0.67543	0.09662	0.02395	0.00984	0.00311	0.00446	0.02163	0.00720	0.00632
14	0.00951	0.00677	0.00898	0.01072	0.01115	0.00634	0.00711	0.01081	0.01472	0.01963	0.04212	0.69973	0.05050	0.04808	0.01090	0.00330	0.00460	0.02168	0.00711	0.00624
15	0.05734	0.01382	0.01593	0.01154	0.01827	0.01076	0.00926	0.02063	0.01624	0.05958	0.01449	0.01642	0.01172	0.00602	0.00580	0.00128	0.00580	0.00474	0.00486	0.69553
16	0.02837	0.08741	0.02333	0.01949	0.02367	0.64806	0.01486	0.03040	0.02152	0.01892	0.01190	0.01387	0.00998	0.00789	0.00684	0.00197	0.01357	0.00493	0.00395	0.00906
17	0.00942	0.00768	0.00816	0.00838	0.01049	0.00661	0.00605	0.01124	0.01702	0.02081	0.09482	0.16175	0.52010	0.06867	0.01134	0.00302	0.00424	0.01670	0.00708	0.00642
18	0.01928	0.01673	0.01813	0.01713	0.04825	0.01925	0.01276	0.04046	0.63754	0.03213	0.03083	0.02851	0.02318	0.01037	0.00788	0.00262	0.00627	0.00869	0.00772	0.01227
19	0.00975	0.00702	0.00927	0.01076	0.01150	0.00654	0.00743	0.01147	0.01582	0.02115	0.10773	0.59800	0.07719	0.02311	0.00983	0.00308	0.00453	0.05204	0.00733	0.00645
20	0.78228	0.01499	0.01140	0.01020	0.01499	0.01739	0.00840	0.02279	0.01320	0.03479	0.01080	0.01260	0.00840	0.00720	0.00480	0.00240	0.00600	0.00420	0.00480	0.00840
21	0.01108	0.00831	0.01246	0.01246	0.01385	0.00969	0.00969	0.01385	0.01246	0.01800	0.02077	0.03046	0.01938	0.05815	0.69678	0.01246	0.02077	0.00831	0.00415	0.00692
22	0.01894	0.01825	0.03114	0.07545	0.58269	0.01848	0.05649	0.02456	0.05080	0.02542	0.01548	0.01985	0.01275	0.00711	0.00777	0.00235	0.00931	0.00712	0.00403	0.01202
23	0.00916	0.00785	0.00785	0.00785	0.01047	0.00655	0.00589	0.01113	0.01767	0.02095	0.07855	0.07462	0.67599	0.01964	0.00916	0.00262	0.00393	0.01636	0.00720	0.00655
24	0.01109	0.00824	0.01210	0.01210	0.01336	0.00949	0.00924	0.01361	0.01235	0.01773	0.02110	0.03230	0.02018	0.11898	0.63705	0.01201	0.01956	0.00858	0.00420	0.00672
25	0.02073	0.73217	0.04063	0.01327	0.01990	0.03068	0.01327	0.02322	0.01575	0.01824	0.01078	0.01244	0.00995	0.00663	0.00498	0.00166	0.00829	0.00415	0.00332	0.00995
26	0.02947	0.02172	0.02327	0.01784	0.02404	0.02404	0.01474	0.65329	0.03646	0.04887	0.01862	0.01862	0.01319	0.00931	0.00776	0.00233	0.00853	0.00698	0.00776	0.01319
27	0.01445	0.00723	0.00723	0.00723	0.00903	0.00723	0.00542	0.01807	0.01626	0.02891	0.02529	0.02891	0.01987	0.00903	0.00542	0.00181	0.00361	0.00723	0.77055	0.00723
28	0.02945	0.02253	0.02320	0.01795	0.02404	0.05971	0.01475	0.62028	0.03569	0.04728	0.01826	0.01837	0.01302	0.00924	0.00772	0.00231	0.00882	0.00688	0.00756	0.01296
29	0.02121	0.01700	0.01817	0.01589	0.02055	0.01936	0.01249	0.10585	0.56355	0.06966	0.03013	0.02770	0.02231	0.01034	0.00787	0.00259	0.00642	0.00852	0.00797	0.01242
30	0.01720	0.01494	0.01779	0.01357	0.01914	0.01390	0.01096	0.05561	0.06846	0.02609	0.01490	0.01738	0.01235	0.00755	0.00912	0.00168	0.11696	0.00540	0.00484	0.55217
31	0.01389	0.01222	0.01644	0.01492	0.01512	0.01559	0.01147	0.01520	0.01260	0.01837	0.05386	0.10972	0.02383	0.22473	0.05422	0.00488	0.36114	0.01028	0.00451	0.00701
32	0.01759	0.01909	0.03678	0.02841	0.05753	0.02046	0.39919	0.02233	0.01617	0.02272	0.01599	0.02139	0.03378	0.00928	0.01438	0.00286	0.23990	0.00854	0.00386	0.00975
33	0.03440	0.01381	0.01838	0.01409	0.02010	0.01231	0.01164	0.08246	0.02323	0.63838	0.02972	0.02583	0.01876	0.00958	0.00779	0.00239	0.00674	0.00774	0.00946	0.01319
34	0.00945	0.00675	0.00900	0.01080	0.01125	0.00630	0.00720	0.01080	0.01484	0.01979	0.04274	0.72245	0.05128	0.02429	0.00990	0.00315	0.00450	0.02204	0.00720	0.00630
35	0.01673	0.01592	0.02704	0.40469	0.34123	0.01778	0.02257	0.02164	0.01649	0.02235	0.01415	0.01999	0.01123	0.00736	0.00772	0.00245	0.00982	0.00690	0.00363	0.01030
36	0.06128	0.01421	0.01760	0.01418	0.01970	0.01378	0.01151	0.03810	0.19592	0.48126	0.03004	0.02651	0.01996	0.00975	0.00770	0.00246	0.00645	0.00791	0.00894	0.01275
37	0.03099	0.01356	0.01762	0.01381	0.01930	0.01247	0.01129	0.09389	0.04992	0.52434	0.10142	0.02927	0.02483	0.01031	0.00795	0.00241	0.00643	0.00845	0.00923	0.01250
38	0.01128	0.00817	0.01095	0.01210	0.01367	0.00785	0.00977	0.01427	0.01808	0.02401	0.18064	0.21554	0.09801	0.02070	0.01009	0.00317	0.00559	0.32170	0.00746	0.00696
39	0.01987	0.08289	0.44613	0.01926	0.02861	0.01784	0.02262	0.02866	0.08593	0.14671	0.01863	0.01926	0.01302	0.00806	0.00733	0.00241	0.00977	0.00632	0.00493	0.01176
40	0.00953	0.00681	0.00907	0.01074	0.01126	0.00635	0.00720	0.01100	0.01522	0.02039	0.07640	0.68707	0.05245	0.02384	0.00986	0.00311	0.00445	0.02162	0.00727	0.00635
41	0.01230	0.00880	0.01222	0.01370	0.01549	0.00872	0.01183	0.01588	0.01838	0.02422	0.12290	0.08365	0.04831	0.02070	0.01051	0.00342	0.00669	0.54782	0.00732	0.00716
42	0.56611	0.02014	0.01448	0.04681	0.01901	0.17826	0.01060	0.02458	0.01539	0.03031	0.01122	0.01332	0.00887	0.00741	0.00546	0.00231	0.00810	0.00452	0.00454	0.00855
43	0.44348	0.01773	0.01606	0.04247	0.01974	0.05258	0.01134	0.16290	0.08683	0.03569	0.01484	0.01617	0.01126	0.00828	0.00668	0.00243	0.03050	0.00552	0.00563	0.00989
44	0.01697	0.02822	0.31196	0.12502	0.07717	0.08780	0.08940	0.02327	0.01745	0.02372	0.07736	0.02146	0.01640	0.00847	0.00859	0.00247	0.04297	0.00711	0.00399	0.01020
45	0.11183	0.08344	0.23393	0.02612	0.19328	0.08988	0.04147	0.05887	0.04462	0.02654	0.01429	0.01686	0.01112	0.00744	0.00701	0.00230	0.00992	0.00595	0.00413	0.01102

[dist]
# distance from previous block
# <min> <max>
2	10

[block]
# block no. 1 follows, 25 sequences, length 156
# corresponding to MSA columns:
# 244-399
name=unknown_B
#
# <colnr> <probs for GDERKNQSTAVLIFYWHMCP>
#	G	D	E	R	K	N	Q	S	T	A	V	L	I	F	Y	W	H	M	C	P
0	0.18140	0.04566	0.10360	0.04374	0.02401	0.04384	0.06334	0.20045	0.05733	0.07739	0.01660	0.01844	0.01233	0.00967	0.00883	0.06229	0.00857	0.00637	0.00562	0.01051
1	0.20688	0.01830	0.07059	0.06965	0.05993	0.09157	0.07646	0.02215	0.01722	0.05896	0.08342	0.02727	0.08812	0.01134	0.03263	0.00273	0.00866	0.00783	0.00516	0.04115
2	0.25450	0.04674	0.04495	0.06899	0.04747	0.01791	0.01301	0.13876	0.08791	0.06475	0.01770	0.02094	0.01391	0.01127	0.04473	0.00290	0.00812	0.02746	0.00567	0.06234
3	0.08173	0.02118	0.11646	0.01848	0.05876	0.06688	0.03841	0.14715	0.15587	0.08292	0.04630	0.02429	0.03722	0.01268	0.05450	0.00311	0.00922	0.00758	0.00618	0.01107
4	0.01445	0.00723	0.00723	0.00723	0.00903	0.00723	0.00542	0.01807	0.01626	0.02891	0.02529	0.02891	0.01987	0.00903	0.00542	0.00181	0.00361	0.00723	0.77055	0.00723
5	0.02028	0.04798	0.02669	0.22015	0.03367	0.09041	0.10778	0.15510	0.02025	0.02624	0.01442	0.01900	0.01142	0.01090	0.03827	0.00297	0.13314	0.00697	0.00449	0.00984
6	0.52356	0.01980	0.12672	0.01324	0.01939	0.01779	0.01267	0.09022	0.01678	0.07878	0.01349	0.01480	0.00987	0.00761	0.00574	0.00240	0.00722	0.00499	0.00518	0.00974
7	0.05667	0.01656	0.01962	0.09045	0.06944	0.04404	0.01414	0.15987	0.15211	0.17683	0.02506	0.05228	0.01970	0.01061	0.00793	0.00254	0.00772	0.05594	0.00712	0.01138
8	0.01084	0.00792	0.01017	0.00961	0.01150	0.00726	0.00721	0.01436	0.02162	0.03031	0.62930	0.05920	0.11940	0.01614	0.00915	0.00245	0.00368	0.01420	0.00843	0.00726
9	0.01583	0.01351	0.01581	0.01146	0.01810	0.01018	0.00911	0.01919	0.01603	0.02506	0.01489	0.04303	0.01300	0.00645	0.00590	0.00122	0.00569	0.00526	0.00469	0.74559
10	0.01588	0.00898	0.01190	0.01064	0.01328	0.00813	0.00816	0.01931	0.02172	0.16691	0.51605	0.07720	0.06105	0.01488	0.00889	0.00246	0.00430	0.01304	0.00870	0.00850
11	0.01085	0.00792	0.01019	0.00963	0.01151	0.00726	0.00722	0.01439	0.02166	0.03040	0.63443	0.05906	0.11421	0.01611	0.00915	0.00245	0.00368	0.01418	0.00844	0.00726
12	0.00917	0.00781	0.00790	0.00796	0.01050	0.00654	0.00594	0.01112	0.01757	0.02090	0.07726	0.09785	0.65359	0.01980	0.00919	0.00264	0.00395	0.01657	0.00720	0.00654
13	0.78228	0.01499	0.01140	0.01020	0.01499	0.01739	0.00840	0.02279	0.01320	0.03479	0.01080	0.01260	0.00840	0.00720	0.00480	0.00240	0.00600	0.00420	0.00480	0.00840
14	0.02073	0.73217	0.04063	0.01327	0.01990	0.03068	0.01327	0.02322	0.01575	0.01824	0.01078	0.01244	0.00995	0.00663	0.00498	0.00166	0.00829	0.00415	0.00332	0.00995
15	0.78228	0.01499	0.01140	0.01020	0.01499	0.01739	0.00840	0.02279	0.01320	0.03479	0.01080	0.01260	0.00840	0.00720	0.00480	0.00240	0.00600	0.00420	0.00480	0.00840
16	0.72386	0.01552	0.01232	0.01079	0.01570	0.01791	0.00889	0.07172	0.01500	0.03588	0.01140	0.01306	0.00877	0.00736	0.00503	0.00239	0.00619	0.00441	0.00503	0.00877
17	0.02947	0.02172	0.02327	0.01784	0.02404	0.02404	0.01474	0.65329	0.03646	0.04887	0.01862	0.01862	0.01319	0.00931	0.00776	0.00233	0.00853	0.00698	0.00776	0.01319
18	0.01998	0.01700	0.01792	0.01592	0.02043	0.01961	0.01244	0.08288	0.62233	0.03355	0.03068	0.02823	0.02295	0.01044	0.00788	0.00261	0.00630	0.00864	0.00788	0.01233
19	0.01386	0.01381	0.02731	0.02170	0.02584	0.01293	0.32802	0.01779	0.01657	0.02231	0.02926	0.37285	0.03159	0.01544	0.00952	0.00288	0.00877	0.01562	0.00556	0.00837
20	0.02947	0.02172	0.02327	0.01784	0.02404	0.02404	0.01474	0.65329	0.03646	0.04887	0.01862	0.01862	0.01319	0.00931	0.00776	0.00233	0.00853	0.00698	0.00776	0.01319
21	0.00994	0.00729	0.00943	0.01080	0.01183	0.00677	0.00776	0.01186	0.01619	0.02129	0.09637	0.49708	0.13582	0.02262	0.00985	0.00308	0.00472	0.10349	0.00729	0.00653
22	0.01368	0.00852	0.01123	0.01021	0.01252	0.00778	0.00778	0.01726	0.02198	0.10523	0.60193	0.05434	0.06704	0.01514	0.00899	0.00243	0.00399	0.01332	0.00866	0.00798
23	0.01097	0.00793	0.01036	0.00975	0.01158	0.00732	0.00732	0.01463	0.02195	0.03109	0.67505	0.05792	0.07316	0.01585	0.00914	0.00244	0.00366	0.01402	0.00854	0.00732
24	0.03479	0.01320	0.01799	0.01380	0.01979	0.01140	0.01140	0.03779	0.02219	0.68451	0.03059	0.02639	0.01919	0.00960	0.00780	0.00240	0.00660	0.00780	0.00960	0.01320
25	0.01521	0.01465	0.02431	0.55817	0.04701	0.01848	0.04780	0.01982	0.01498	0.01982	0.01323	0.02003	0.01037	0.00873	0.01094	0.00273	0.13464	0.00697	0.00346	0.00867
26	0.01115	0.00746	0.00849	0.00862	0.00865	0.00743	0.00487	0.01124	0.01152	0.01536	0.02568	0.09648	0.02976	0.67963	0.03745	0.00722	0.00731	0.01201	0.00487	0.00481
27	0.00945	0.00675	0.00900	0.01080	0.01125	0.00630	0.00720	0.01080	0.01484	0.01979	0.04274	0.72245	0.05128	0.02429	0.00990	0.00315	0.00450	0.02204	0.00720	0.00630
28	0.78228	0.01499	0.01140	0.01020	0.01499	0.01739	0.00840	0.02279	0.01320	0.03479	0.01080	0.01260	0.00840	0.00720	0.00480	0.00240	0.00600	0.00420	0.00480	0.00840
29	0.01076	0.00792	0.01007	0.00953	0.01145	0.00723	0.00715	0.01422	0.02144	0.02990	0.60481	0.05988	0.14414	0.01630	0.00915	0.00246	0.00369	0.01430	0.00838	0.00723
30	0.01105	0.00745	0.00865	0.00886	0.00896	0.00744	0.00515	0.01130	0.01173	0.01569	0.02647	0.12919	0.03063	0.62348	0.05682	0.00716	0.00758	0.01245	0.00498	0.00496
31	0.01743	0.01763	0.02898	0.08142	0.02854	0.02125	0.19308	0.04584	0.04056	0.02227	0.01570	0.02103	0.03580	0.01106	0.01744	0.00301	0.37773	0.00789	0.00403	0.00930
32	0.01069	0.00771	0.01011	0.00995	0.01152	0.00713	0.00729	0.01391	0.02062	0.02898	0.55664	0.18236	0.06906	0.01743	0.00929	0.00257	0.00382	0.01552	0.00828	0.00713
33	0.01608	0.01378	0.01608	0.01148	0.01837	0.01034	0.00919	0.01952	0.01608	0.02527	0.01378	0.01608	0.01148	0.00574	0.00574	0.00115	0.00574	0.00459	0.00459	0.77491
34	0.01830	0.02092	0.04575	0.03268	0.04052	0.01961	0.65098	0.02484	0.01830	0.02484	0.01569	0.02092	0.01176	0.00654	0.00915	0.00261	0.01307	0.00915	0.00392	0.01046
35	0.01076	0.00792	0.01007	0.00953	0.01145	0.00722	0.00715	0.01422	0.02144	0.02989	0.60421	0.05990	0.14475	0.01630	0.00915	0.00246	0.00369	0.01430	0.00838	0.00722
36	0.02947	0.02172	0.02327	0.01784	0.02404	0.02404	0.01474	0.65329	0.03646	0.04887	0.01862	0.01862	0.01319	0.00931	0.00776	0.00233	0.00853	0.00698	0.00776	0.01319
37	0.01108	0.00831	0.01246	0.01246	0.01385	0.00969	0.00969	0.01385	0.01246	0.01800	0.02077	0.03046	0.01938	0.05815	0.69678	0.01246	0.02077	0.00831	0.00415	0.00692
38	0.01128	0.00752	0.00846	0.00846	0.00846	0.00752	0.00470	0.01128	0.01128	0.01503	0.02443	0.05074	0.02819	0.72751	0.03946	0.00752	0.00752	0.01128	0.00470	0.00470
39	0.02947	0.02172	0.02327	0.01784	0.02404	0.02404	0.01474	0.65329	0.03646	0.04887	0.01862	0.01862	0.01319	0.00931	0.00776	0.00233	0.00853	0.00698	0.00776	0.01319
40	0.02947	0.02172	0.02327	0.01784	0.02404	0.02404	0.01474	0.65329	0.03646	0.04887	0.01862	0.01862	0.01319	0.00931	0.00776	0.00233	0.00853	0.00698	0.00776	0.01319
41	0.01562	0.00835	0.00847	0.00805	0.01020	0.00853	0.00614	0.06736	0.01783	0.03046	0.02478	0.02811	0.01935	0.00905	0.00560	0.00185	0.00400	0.00721	0.71136	0.00769
42	0.03307	0.01569	0.06398	0.01467	0.02106	0.01283	0.01283	0.08465	0.02290	0.59025	0.02852	0.02511	0.01809	0.00942	0.00776	0.00240	0.00708	0.00759	0.00902	0.01308
43	0.01562	0.00835	0.00847	0.00805	0.01020	0.00853	0.00614	0.06736	0.01783	0.03046	0.02478	0.02811	0.01935	0.00905	0.00560	0.00185	0.00400	0.00721	0.71136	0.00769
44	0.00945	0.00675	0.00900	0.01080	0.01125	0.00630	0.00720	0.01080	0.01484	0.01979	0.04274	0.72245	0.05128	0.02429	0.00990	0.00315	0.00450	0.02204	0.00720	0.00630
45	0.02947	0.02172	0.02327	0.01784	0.02404	0.02404	0.01474	0.65329	0.03646	0.04887	0.01862	0.01862	0.01319	0.00931	0.00776	0.00233	0.00853	0.00698	0.00776	0.01319
46	0.02376	0.40601	0.03203	0.01643	0.02156	0.29590	0.01420	0.02600	0.01797	0.01856	0.01122	0.01336	0.00998	0.00765	0.00717	0.00191	0.05857	0.00466	0.00359	0.00947
47	0.01919	0.01842	0.03147	0.04759	0.67914	0.01842	0.02380	0.02380	0.01765	0.02533	0.01458	0.01919	0.01228	0.00691	0.00768	0.00230	0.00921	0.00691	0.00384	0.01228
48	0.02033	0.04201	0.07145	0.03198	0.34333	0.06692	0.04312	0.02518	0.04405	0.09871	0.04291	0.07409	0.01819	0.00931	0.00843	0.00241	0.03312	0.00826	0.00502	0.01118
49	0.01779	0.06116	0.40081	0.02437	0.05686	0.01815	0.18565	0.02512	0.01748	0.07043	0.03820	0.01960	0.01325	0.00755	0.00782	0.00245	0.01105	0.00701	0.00408	0.01115
50	0.01128	0.00752	0.00846	0.00846	0.00846	0.00752	0.00470	0.01128	0.01128	0.01503	0.02443	0.05074	0.02819	0.72751	0.03946	0.00752	0.00752	0.01128	0.00470	0.00470
51	0.01654	0.01405	0.01633	0.01170	0.01857	0.01081	0.00938	0.04132	0.01678	0.02608	0.01395	0.01617	0.01154	0.00586	0.00581	0.00119	0.00584	0.00468	0.00470	0.74871
52	0.06189	0.01512	0.01871	0.01456	0.02044	0.01457	0.01197	0.15423	0.06832	0.49415	0.02761	0.02455	0.01794	0.00951	0.00768	0.00240	0.00691	0.00757	0.00894	0.01294
53	0.01128	0.00752	0.00846	0.00846	0.00846	0.00752	0.00470	0.01128	0.01128	0.01503	0.02443	0.05074	0.02819	0.72751	0.03946	0.00752	0.00752	0.01128	0.00470	0.00470
54	0.00945	0.00675	0.00900	0.01080	0.01125	0.00630	0.00720	0.01080	0.01484	0.01979	0.04274	0.72245	0.05128	0.02429	0.00990	0.00315	0.00450	0.02204	0.00720	0.00630
55	0.01464	0.01378	0.02326	0.70887	0.05340	0.01723	0.02153	0.01981	0.01550	0.01981	0.01378	0.02067	0.01034	0.00775	0.00775	0.00258	0.01034	0.00689	0.00345	0.00861
56	0.01929	0.01666	0.01753	0.01578	0.02016	0.01929	0.01227	0.04120	0.66513	0.03243	0.03156	0.02893	0.02367	0.01052	0.00789	0.00263	0.00614	0.00877	0.00789	0.01227
57	0.01191	0.00874	0.01168	0.01315	0.01508	0.00851	0.01133	0.01520	0.01782	0.02281	0.04764	0.08520	0.15562	0.02111	0.01044	0.00340	0.00657	0.51961	0.00715	0.00704
58	0.01608	0.01378	0.01608	0.01148	0.01837	0.01034	0.00919	0.01952	0.01608	0.02527	0.01378	0.01608	0.01148	0.00574	0.00574	0.00115	0.00574	0.00459	0.00459	0.77491
59	0.02947	0.02172	0.02327	0.01784	0.02404	0.02404	0.01474	0.65329	0.03646	0.04887	0.01862	0.01862	0.01319	0.00931	0.00776	0.00233	0.00853	0.00698	0.00776	0.01319
60	0.02073	0.73217	0.04063	0.01327	0.01990	0.03068	0.01327	0.02322	0.01575	0.01824	0.01078	0.01244	0.00995	0.00663	0.00498	0.00166	0.00829	0.00415	0.00332	0.00995
61	0.01158	0.00797	0.00951	0.00994	0.01045	0.00794	0.00641	0.03707	0.01379	0.01835	0.03064	0.24141	0.03537	0.44616	0.02765	0.00577	0.00668	0.06191	0.00571	0.00568
62	0.01128	0.00752	0.00846	0.00846	0.00846	0.00752	0.00470	0.01128	0.01128	0.01503	0.02443	0.05074	0.02819	0.72751	0.03946	0.00752	0.00752	0.01128	0.00470	0.00470
63	0.01830	0.02092	0.04575	0.03268	0.04052	0.01961	0.65098	0.02484	0.01830	0.02484	0.01569	0.02092	0.01176	0.00654	0.00915	0.00261	0.01307	0.00915	0.00392	0.01046
64	0.01143	0.00841	0.01076	0.01009	0.01206	0.00798	0.00759	0.01610	0.05745	0.03117	0.63953	0.05632	0.07043	0.01556	0.00908	0.00245	0.00379	0.01373	0.00850	0.00759
65	0.08426	0.50307	0.07896	0.01481	0.02115	0.14669	0.01422	0.02465	0.01669	0.02016	0.01121	0.01299	0.00982	0.00697	0.00548	0.00183	0.00933	0.00441	0.00356	0.00976
66	0.03479	0.01320	0.01799	0.01380	0.01979	0.01140	0.01140	0.03779	0.02219	0.68451	0.03059	0.02639	0.01919	0.00960	0.00780	0.00240	0.00660	0.00780	0.00960	0.01320
67	0.00955	0.00682	0.00911	0.01091	0.01140	0.00638	0.00737	0.01097	0.01494	0.01990	0.04268	0.70172	0.05106	0.02420	0.00992	0.00316	0.00458	0.04179	0.00720	0.00633
68	0.01864	0.01007	0.01302	0.01135	0.01460	0.00930	0.00883	0.02319	0.06538	0.22873	0.38852	0.07155	0.07660	0.01405	0.00868	0.00247	0.00476	0.01216	0.00871	0.00937
69	0.01720	0.01909	0.04055	0.02961	0.03627	0.01821	0.54994	0.02294	0.01764	0.02400	0.01865	0.10336	0.01635	0.00891	0.00989	0.00271	0.03994	0.01057	0.00429	0.00989
70	0.00945	0.00675	0.00900	0.01080	0.01125	0.00630	0.00720	0.01080	0.01484	0.01979	0.04274	0.72245	0.05128	0.02429	0.00990	0.00315	0.00450	0.02204	0.00720	0.00630
71	0.01083	0.00792	0.01017	0.00961	0.01150	0.00726	0.00721	0.01436	0.02162	0.03031	0.62876	0.05921	0.11994	0.01614	0.00915	0.00245	0.00368	0.01420	0.00843	0.00726
72	0.01819	0.01861	0.03528	0.14167	0.35973	0.01866	0.24483	0.02356	0.01756	0.02433	0.01485	0.02002	0.01181	0.00690	0.00821	0.00246	0.01074	0.00770	0.00381	0.01109
73	0.01650	0.01628	0.02286	0.01973	0.01984	0.02264	0.01639	0.01828	0.01192	0.01861	0.01102	0.01803	0.01091	0.01710	0.07854	0.00411	0.65855	0.00691	0.00345	0.00836
74	0.01218	0.00822	0.00919	0.00892	0.00923	0.00834	0.00520	0.04316	0.01253	0.01671	0.02414	0.04914	0.02744	0.69184	0.03789	0.00726	0.00757	0.01106	0.00485	0.00512
75	0.75584	0.01523	0.01181	0.01046	0.01531	0.01763	0.00862	0.04494	0.01401	0.03528	0.01107	0.01281	0.00857	0.00727	0.00490	0.00240	0.00609	0.00430	0.00490	0.00857
76	0.01347	0.00673	0.01010	0.01010	0.01010	0.00673	0.00673	0.01010	0.01010	0.01347	0.01347	0.02357	0.01347	0.02694	0.03030	0.77441	0.00673	0.00673	0.00337	0.00337
77	0.02032	0.01708	0.01844	0.01686	0.04346	0.01941	0.01276	0.12730	0.52491	0.03407	0.03107	0.02902	0.04910	0.01060	0.00792	0.00257	0.00650	0.00876	0.00770	0.01216
78	0.01347	0.00673	0.01010	0.01010	0.01010	0.00673	0.00673	0.01010	0.01010	0.01347	0.01347	0.02357	0.01347	0.02694	0.03030	0.77441	0.00673	0.00673	0.00337	0.00337
79	0.01090	0.00792	0.01026	0.00967	0.01154	0.00728	0.00725	0.01448	0.02176	0.03066	0.64940	0.05864	0.09908	0.01601	0.00915	0.00245	0.00367	0.01412	0.00848	0.00728
80	0.78228	0.01499	0.01140	0.01020	0.01499	0.01739	0.00840	0.02279	0.01320	0.03479	0.01080	0.01260	0.00840	0.00720	0.00480	0.00240	0.00600	0.00420	0.00480	0.00840
81	0.01325	0.01043	0.01229	0.01154	0.01406	0.01076	0.00872	0.02209	0.21234	0.03021	0.41089	0.10042	0.08206	0.01507	0.00883	0.00256	0.00447	0.01317	0.00819	0.00868
82	0.01014	0.00786	0.00903	0.00876	0.01082	0.00697	0.00644	0.01272	0.01912	0.02508	0.34351	0.06528	0.35520	0.07136	0.01144	0.00291	0.00408	0.01492	0.00761	0.00675
83	0.03294	0.01279	0.01740	0.01348	0.01916	0.01108	0.01108	0.03599	0.02217	0.63381	0.08060	0.02884	0.02338	0.01008	0.00790	0.00240	0.00637	0.00828	0.00951	0.01274
84	0.78228	0.01499	0.01140	0.01020	0.01499	0.01739	0.00840	0.02279	0.01320	0.03479	0.01080	0.01260	0.00840	0.00720	0.00480	0.00240	0.00600	0.00420	0.00480	0.00840
85	0.02073	0.73217	0.04063	0.01327	0.01990	0.03068	0.01327	0.02322	0.01575	0.01824	0.01078	0.01244	0.00995	0.00663	0.00498	0.00166	0.00829	0.00415	0.00332	0.00995
86	0.02073	0.73217	0.04063	0.01327	0.01990	0.03068	0.01327	0.02322	0.01575	0.01824	0.01078	0.01244	0.00995	0.00663	0.00498	0.00166	0.00829	0.00415	0.00332	0.00995
87	0.03064	0.16433	0.02271	0.01384	0.01984	0.01605	0.01186	0.03499	0.07073	0.49411	0.02651	0.02366	0.01760	0.00905	0.00721	0.00226	0.00692	0.00711	0.00815	0.01244
88	0.01108	0.00831	0.01246	0.01246	0.01385	0.00969	0.00969	0.01385	0.01246	0.01800	0.02077	0.03046	0.01938	0.05815	0.69678	0.01246	0.02077	0.00831	0.00415	0.00692
89	0.72231	0.01435	0.01121	0.01024	0.01470	0.01653	0.00830	0.02186	0.01332	0.03362	0.01327	0.06768	0.01172	0.00852	0.00519	0.00246	0.00588	0.00558	0.00498	0.00823
90	0.01419	0.01323	0.02240	0.61047	0.04835	0.01610	0.03991	0.01898	0.01552	0.01997	0.01703	0.09805	0.01490	0.00954	0.00803	0.00265	0.00978	0.00863	0.00387	0.00842
91	0.51019	0.07274	0.07113	0.05279	0.02220	0.01890	0.08691	0.04137	0.01504	0.03114	0.01200	0.01448	0.00927	0.00718	0.00577	0.00238	0.00774	0.00513	0.00447	0.00915
92	0.78228	0.01499	0.01140	0.01020	0.01499	0.01739	0.00840	0.02279	0.01320	0.03479	0.01080	0.01260	0.00840	0.00720	0.00480	0.00240	0.00600	0.00420	0.00480	0.00840
93	0.03058	0.01228	0.01655	0.01300	0.01832	0.01065	0.01062	0.03361	0.02194	0.57100	0.11242	0.03267	0.05846	0.01087	0.00803	0.00241	0.00610	0.00899	0.00935	0.01214
94	0.02337	0.02633	0.03269	0.02634	0.05819	0.27565	0.29108	0.05118	0.02007	0.04957	0.01457	0.01808	0.01136	0.00781	0.00927	0.00240	0.06050	0.00719	0.00428	0.01006
95	0.00972	0.00834	0.00839	0.00829	0.01101	0.00725	0.00624	0.01279	0.05341	0.02158	0.07595	0.07210	0.63999	0.01913	0.00909	0.00262	0.00405	0.01594	0.00724	0.00686
96	0.01128	0.00752	0.00846	0.00846	0.00846	0.00752	0.00470	0.01128	0.01128	0.01503	0.02443	0.05074	0.02819	0.72751	0.03946	0.00752	0.00752	0.01128	0.00470	0.00470
97	0.02868	0.02073	0.01889	0.01563	0.02053	0.20776	0.01238	0.14368	0.02452	0.28619	0.09370	0.02660	0.04548	0.01013	0.00776	0.00228	0.00863	0.00783	0.00747	0.01113
98	0.02008	0.25226	0.22131	0.02050	0.04489	0.15270	0.09338	0.02486	0.01726	0.02117	0.01289	0.01575	0.01050	0.00894	0.02916	0.00248	0.03249	0.00564	0.00355	0.01018
99	0.01699	0.03140	0.42094	0.03174	0.26477	0.01824	0.05782	0.02430	0.01693	0.02485	0.01424	0.01760	0.01080	0.00716	0.00757	0.00241	0.01074	0.00632	0.00351	0.01170
100	0.01083	0.00792	0.01017	0.00961	0.01150	0.00726	0.00721	0.01436	0.02162	0.03030	0.62866	0.05922	0.12004	0.01615	0.00915	0.00245	0.00368	0.01420	0.00843	0.00726
101	0.05615	0.01939	0.07135	0.20468	0.05829	0.04731	0.14913	0.04923	0.18428	0.02630	0.01860	0.02160	0.01408	0.00842	0.00856	0.00257	0.03716	0.00755	0.00493	0.01042
102	0.01867	0.01846	0.03056	0.16766	0.49447	0.04467	0.06583	0.02341	0.01747	0.02403	0.01441	0.01938	0.01180	0.00708	0.00776	0.00236	0.00987	0.00698	0.00378	0.01135
103	0.01019	0.00768	0.01114	0.01183	0.01280	0.00732	0.03925	0.01202	0.01527	0.02062	0.08826	0.56330	0.04796	0.05189	0.05770	0.00387	0.00608	0.01943	0.00684	0.00656
104	0.72386	0.01552	0.01232	0.01079	0.01570	0.01791	0.00889	0.07172	0.01500	0.03588	0.01140	0.01306	0.00877	0.00736	0.00503	0.00239	0.00619	0.00441	0.00503	0.00877
105	0.02810	0.01171	0.01585	0.01266	0.01749	0.01025	0.01025	0.03128	0.02212	0.50090	0.21169	0.03525	0.03436	0.01135	0.00818	0.00241	0.00577	0.00955	0.00930	0.01154
106	0.01445	0.00723	0.00723	0.00723	0.00903	0.00723	0.00542	0.01807	0.01626	0.02891	0.02529	0.02891	0.01987	0.00903	0.00542	0.00181	0.00361	0.00723	0.77055	0.00723
107	0.01047	0.00792	0.00971	0.00960	0.01158	0.00716	0.00729	0.01349	0.01997	0.02684	0.41356	0.10186	0.24901	0.01787	0.00931	0.00262	0.00405	0.06272	0.00796	0.00702
108	0.06078	0.01360	0.01797	0.01383	0.01979	0.01211	0.01142	0.06176	0.02244	0.63643	0.02942	0.02560	0.01858	0.00950	0.00769	0.00240	0.00665	0.00764	0.00936	0.01303
109	0.01021	0.00713	0.00877	0.00971	0.01011	0.00683	0.00615	0.01111	0.01373	0.01826	0.05522	0.40834	0.06754	0.30548	0.02169	0.00486	0.00566	0.01727	0.00624	0.00570
110	0.01546	0.01503	0.01899	0.01718	0.01788	0.06824	0.01380	0.01742	0.01313	0.01865	0.01686	0.10327	0.01736	0.02584	0.19429	0.00558	0.40023	0.00884	0.00408	0.00786
111	0.01552	0.03908	0.66149	0.04883	0.03433	0.01798	0.02837	0.02437	0.01634	0.02437	0.01391	0.01654	0.00984	0.00738	0.00738	0.00246	0.01142	0.00577	0.00328	0.01135
112	0.00945	0.00790	0.00825	0.00827	0.01079	0.00670	0.00627	0.01161	0.01803	0.02187	0.12614	0.07376	0.60108	0.01940	0.00922	0.00264	0.00403	0.04064	0.00731	0.00663
113	0.00927	0.00782	0.00804	0.00807	0.01056	0.00658	0.00602	0.01131	0.01780	0.02146	0.11011	0.09841	0.61889	0.01961	0.00919	0.00263	0.00393	0.01645	0.00727	0.00658
114	0.01608	0.01378	0.01608	0.01148	0.01837	0.01034	0.00919	0.01952	0.01608	0.02527	0.01378	0.01608	0.01148	0.00574	0.00574	0.00115	0.00574	0.00459	0.00459	0.77491
115	0.01884	0.01806	0.03083	0.09890	0.63058	0.01833	0.02362	0.02349	0.01749	0.02490	0.01452	0.01931	0.01213	0.00697	0.00768	0.00232	0.00930	0.00691	0.00381	0.01200
116	0.02749	0.03324	0.02117	0.01904	0.02316	0.57227	0.01440	0.07334	0.07163	0.02211	0.01652	0.01780	0.03723	0.00873	0.00720	0.00209	0.01262	0.00586	0.00467	0.00943
117	0.01678	0.01634	0.02493	0.23058	0.03201	0.02090	0.06609	0.04290	0.01455	0.02087	0.01216	0.01842	0.01051	0.01078	0.01734	0.00295	0.39037	0.00691	0.00366	0.04096
118	0.02674	0.06964	0.04471	0.01681	0.02271	0.01615	0.08835	0.08407	0.11960	0.33800	0.02529	0.02440	0.01752	0.01236	0.05466	0.00309	0.00870	0.00773	0.00747	0.01200
119	0.01996	0.04669	0.05549	0.04495	0.05496	0.04141	0.31194	0.02500	0.01827	0.10812	0.01852	0.02456	0.01467	0.00795	0.00814	0.00234	0.01024	0.04970	0.00491	0.13217
120	0.10924	0.05855	0.12348	0.01606	0.04107	0.01682	0.01434	0.07672	0.16883	0.21360	0.02648	0.02527	0.05692	0.00954	0.00733	0.00243	0.00733	0.00753	0.00687	0.01155
121	0.05120	0.05157	0.22185	0.05599	0.08970	0.01700	0.08522	0.02950	0.08646	0.20425	0.02029	0.02106	0.01423	0.00816	0.00758	0.00243	0.00915	0.00702	0.00566	0.01167
122	0.01071	0.00830	0.01001	0.01069	0.01289	0.00760	0.00876	0.01350	0.01814	0.02283	0.11871	0.07838	0.35834	0.02002	0.00980	0.00300	0.00523	0.26892	0.00730	0.00686
123	0.02843	0.01795	0.02036	0.01606	0.02155	0.01896	0.01307	0.43157	0.03054	0.19780	0.02427	0.10182	0.01903	0.01111	0.00801	0.00244	0.00760	0.00892	0.00813	0.01239
124	0.02341	0.04630	0.02335	0.19425	0.06658	0.02107	0.01630	0.38923	0.02801	0.03709	0.02094	0.02274	0.05742	0.00938	0.00774	0.00238	0.00871	0.00748	0.00623	0.01140
125	0.00916	0.00785	0.00785	0.00785	0.01047	0.00655	0.00589	0.01113	0.01767	0.02095	0.07855	0.07462	0.67599	0.01964	0.00916	0.00262	0.00393	0.01636	0.00720	0.00655
126	0.01038	0.00790	0.00954	0.00913	0.01122	0.00706	0.00685	0.01349	0.02055	0.02777	0.47985	0.06338	0.27043	0.01709	0.00915	0.00250	0.00375	0.01479	0.00810	0.00706
127	0.02482	0.02175	0.12255	0.05651	0.10806	0.01927	0.06034	0.29024	0.02578	0.13636	0.01904	0.02097	0.01381	0.03426	0.00893	0.00257	0.00911	0.00721	0.00631	0.01210
128	0.02034	0.01921	0.02373	0.30847	0.17104	0.13515	0.01889	0.07253	0.04322	0.06062	0.04132	0.02112	0.01432	0.00826	0.00767	0.00239	0.00998	0.00697	0.00465	0.01013
129	0.00916	0.00785	0.00785	0.00785	0.01047	0.00655	0.00589	0.01113	0.01767	0.02095	0.07855	0.07462	0.67599	0.01964	0.00916	0.00262	0.00393	0.01636	0.00720	0.00655
130	0.04266	0.01605	0.06054	0.51917	0.04618	0.01745	0.06665	0.06377	0.01709	0.02297	0.01540	0.05021	0.01230	0.00844	0.00782	0.00258	0.01007	0.00756	0.00398	0.00911
131	0.07552	0.01824	0.06896	0.01665	0.04461	0.01770	0.01356	0.34001	0.02654	0.07319	0.04622	0.17649	0.02344	0.01250	0.00805	0.00253	0.00743	0.01033	0.00707	0.01096
132	0.02947	0.02172	0.02327	0.01784	0.02404	0.02404	0.01474	0.65329	0.03646	0.04887	0.01862	0.01862	0.01319	0.00931	0.00776	0.00233	0.00853	0.00698	0.00776	0.01319
133	0.62665	0.01475	0.01380	0.15184	0.02278	0.01736	0.01106	0.02219	0.01366	0.03175	0.01140	0.01423	0.00879	0.00731	0.00540	0.00244	0.00688	0.00474	0.00452	0.00844
134	0.02785	0.01355	0.01708	0.01370	0.01873	0.01294	0.01109	0.10782	0.09083	0.41152	0.15591	0.03191	0.02954	0.01089	0.00807	0.00242	0.00621	0.00902	0.00899	0.01194
135	0.04346	0.01569	0.02346	0.43683	0.12760	0.04306	0.01980	0.04093	0.01598	0.02161	0.01341	0.01952	0.01070	0.00911	0.01065	0.03108	0.09765	0.00671	0.00370	0.00905
136	0.01097	0.00793	0.01036	0.00975	0.01158	0.00732	0.00732	0.01463	0.02195	0.03109	0.67505	0.05792	0.07316	0.01585	0.00914	0.00244	0.00366	0.01402	0.00854	0.00732
137	0.01014	0.00789	0.00920	0.00887	0.01107	0.00696	0.00666	0.01301	0.01997	0.02639	0.39879	0.06565	0.35235	0.01760	0.00915	0.00252	0.00378	0.01511	0.00792	0.00696
138	0.00945	0.00675	0.00900	0.01080	0.01125	0.00630	0.00720	0.01080	0.01484	0.01979	0.04274	0.72245	0.05128	0.02429	0.00990	0.00315	0.00450	0.02204	0.00720	0.00630
139	0.01074	0.00774	0.01015	0.00992	0.01153	0.00716	0.00730	0.01404	0.02085	0.02935	0.57744	0.16050	0.06978	0.01715	0.00926	0.00255	0.00379	0.01526	0.00833	0.00716
140	0.01128	0.00752	0.00846	0.00846	0.00846	0.00752	0.00470	0.01128	0.01128	0.01503	0.02443	0.05074	0.02819	0.72751	0.03946	0.00752	0.00752	0.01128	0.00470	0.00470
141	0.03449	0.01367	0.01828	0.01402	0.02003	0.01209	0.01158	0.07176	0.02298	0.64943	0.02993	0.02596	0.01886	0.00958	0.00780	0.00240	0.00670	0.00775	0.00950	0.01319
142	0.01026	0.00738	0.00973	0.01024	0.01143	0.00684	0.00726	0.01285	0.01864	0.02584	0.38100	0.36695	0.06299	0.01978	0.00949	0.00277	0.00405	0.01775	0.00791	0.00684
143	0.01555	0.04011	0.68733	0.02210	0.03356	0.01801	0.02865	0.02455	0.01637	0.02455	0.01391	0.01637	0.00982	0.00737	0.00737	0.00246	0.01146	0.00573	0.00327	0.01146
144	0.01820	0.02061	0.04404	0.03172	0.03896	0.01993	0.60178	0.02436	0.01780	0.02436	0.01526	0.02061	0.01164	0.00708	0.01041	0.00267	0.06741	0.00897	0.00388	0.01030
145	0.02073	0.73217	0.04063	0.01327	0.01990	0.03068	0.01327	0.02322	0.01575	0.01824	0.01078	0.01244	0.00995	0.00663	0.00498	0.00166	0.00829	0.00415	0.00332	0.00995
146	0.02919	0.01249	0.01655	0.01320	0.01831	0.01126	0.01071	0.03378	0.07204	0.51339	0.14953	0.03240	0.02949	0.01082	0.00805	0.00242	0.00602	0.00902	0.00927	0.01204
147	0.11699	0.01323	0.01789	0.06895	0.08876	0.01322	0.01264	0.02781	0.01951	0.32902	0.14367	0.02886	0.02601	0.01027	0.00864	0.00247	0.04554	0.00830	0.00741	0.01082
148	0.03310	0.01302	0.01792	0.04150	0.02084	0.01148	0.01165	0.03621	0.02192	0.63378	0.05369	0.02732	0.02083	0.00975	0.00785	0.00241	0.00664	0.00799	0.00931	0.01279
149	0.00952	0.00678	0.00897	0.01070	0.01113	0.00635	0.00709	0.01082	0.01470	0.01959	0.04197	0.69430	0.05031	0.05376	0.01114	0.00333	0.00462	0.02159	0.00709	0.00623
150	0.01121	0.00749	0.00848	0.00854	0.00856	0.00747	0.00479	0.01126	0.01141	0.01521	0.02510	0.07534	0.02903	0.70175	0.03838	0.00736	0.00741	0.01167	0.00479	0.00476
151	0.01988	0.45350	0.03472	0.04114	0.02279	0.02503	0.08799	0.08708	0.01782	0.02211	0.01484	0.06859	0.01383	0.00939	0.00763	0.04464	0.00858	0.00662	0.00415	0.00966
152	0.04678	0.03729	0.61539	0.02107	0.03190	0.01753	0.02668	0.02539	0.01664	0.06989	0.01493	0.01690	0.01040	0.00751	0.00730	0.00245	0.01091	0.00581	0.00376	0.01146
153	0.02321	0.01063	0.01428	0.01183	0.01580	0.00941	0.00941	0.02653	0.02207	0.36679	0.34395	0.04172	0.04543	0.01264	0.00845	0.00242	0.00517	0.01082	0.00908	0.01034
154	0.01024	0.00792	0.01189	0.01237	0.01349	0.00739	0.05598	0.01217	0.01569	0.02110	0.09252	0.61483	0.05008	0.02225	0.00978	0.00305	0.00508	0.02041	0.00706	0.00670
155	0.01550	0.01495	0.02588	0.55809	0.11599	0.01782	0.07041	0.02057	0.01579	0.02072	0.01386	0.02038	0.01064	0.00782	0.00861	0.00259	0.04066	0.00706	0.00352	0.00913

[dist]
# distance from previous block
# <min> <max>
3	33

[block]
# block no. 2 follows, 25 sequences, length 12
# corresponding to MSA columns:
# 433-444
name=unknown_C
#
# <colnr> <probs for GDERKNQSTAVLIFYWHMCP>
#	G	D	E	R	K	N	Q	S	T	A	V	L	I	F	Y	W	H	M	C	P
0	0.01002	0.00745	0.00942	0.01084	0.01172	0.00711	0.00739	0.01268	0.05485	0.02067	0.04522	0.62271	0.10488	0.02304	0.00971	0.00307	0.00455	0.02073	0.00724	0.00669
1	0.13282	0.05386	0.03907	0.02974	0.09355	0.01970	0.46749	0.02436	0.01736	0.02605	0.01462	0.01911	0.01122	0.00667	0.00817	0.00251	0.01143	0.00797	0.00402	0.01029
2	0.78228	0.01499	0.01140	0.01020	0.01499	0.01739	0.00840	0.02279	0.01320	0.03479	0.01080	0.01260	0.00840	0.00720	0.00480	0.00240	0.00600	0.00420	0.00480	0.00840
3	0.02682	0.02040	0.02177	0.01730	0.02303	0.02280	0.01409	0.49359	0.20049	0.04458	0.02199	0.02131	0.01592	0.00962	0.00779	0.00241	0.00791	0.00745	0.00779	0.01295
4	0.01143	0.00819	0.01118	0.01235	0.01385	0.00793	0.01000	0.01454	0.01825	0.02450	0.20521	0.21876	0.05345	0.02061	0.01013	0.00319	0.00566	0.33626	0.00751	0.00700
5	0.78228	0.01499	0.01140	0.01020	0.01499	0.01739	0.00840	0.02279	0.01320	0.03479	0.01080	0.01260	0.00840	0.00720	0.00480	0.00240	0.00600	0.00420	0.00480	0.00840
6	0.01126	0.00759	0.00884	0.00884	0.00897	0.00773	0.00518	0.01152	0.01139	0.01532	0.02408	0.04879	0.02734	0.66328	0.10254	0.00799	0.00879	0.01099	0.00465	0.00491
7	0.03479	0.01320	0.01799	0.01380	0.01979	0.01140	0.01140	0.03779	0.02219	0.68451	0.03059	0.02639	0.01919	0.00960	0.00780	0.00240	0.00660	0.00780	0.00960	0.01320
8	0.00916	0.00785	0.00785	0.00785	0.01047	0.00655	0.00589	0.01113	0.01767	0.02095	0.07855	0.07462	0.67599	0.01964	0.00916	0.00262	0.00393	0.01636	0.00720	0.00655
9	0.01524	0.01495	0.02694	0.59809	0.05129	0.01762	0.12465	0.02063	0.01596	0.02063	0.01409	0.02071	0.01057	0.00755	0.00798	0.00259	0.01078	0.00726	0.00352	0.00892
10	0.07560	0.01504	0.02515	0.50846	0.04582	0.01812	0.09777	0.02056	0.01534	0.02150	0.01346	0.01973	0.01035	0.00808	0.00929	0.00265	0.07372	0.00695	0.00361	0.00881
11	0.02837	0.01173	0.01571	0.01270	0.01756	0.01019	0.01022	0.03121	0.02116	0.51435	0.09383	0.09464	0.07851	0.01225	0.00821	0.00249	0.00594	0.01029	0.00910	0.01153

[dist]
# distance from previous block
# <min> <max>
0	1

[block]
# block no. 3 follows, 25 sequences, length 16
# corresponding to MSA columns:
# 446-461
name=unknown_D
#
# <colnr> <probs for GDERKNQSTAVLIFYWHMCP>
#	G	D	E	R	K	N	Q	S	T	A	V	L	I	F	Y	W	H	M	C	P
0	0.01944	0.35608	0.12158	0.01827	0.04271	0.08057	0.04030	0.02282	0.01556	0.01970	0.01180	0.01518	0.01043	0.01002	0.03270	0.00258	0.16165	0.00540	0.00345	0.00975
1	0.00919	0.00774	0.00797	0.00816	0.01055	0.00652	0.00603	0.01109	0.01738	0.02083	0.07483	0.14182	0.61119	0.02012	0.00924	0.00267	0.00399	0.01695	0.00720	0.00652
2	0.01721	0.01375	0.01619	0.01162	0.01846	0.01040	0.00932	0.02063	0.01645	0.06507	0.01480	0.01670	0.01195	0.00597	0.00587	0.00122	0.00579	0.00479	0.00490	0.72892
3	0.63394	0.01821	0.09302	0.03736	0.01896	0.01772	0.01154	0.04700	0.01455	0.03356	0.01158	0.01357	0.00882	0.00732	0.00533	0.00241	0.00691	0.00459	0.00468	0.00895
4	0.00955	0.00679	0.00897	0.01067	0.01109	0.00636	0.00706	0.01082	0.01465	0.01953	0.04174	0.68586	0.05002	0.06260	0.01151	0.00339	0.00466	0.02146	0.00706	0.00621
5	0.07685	0.01985	0.07149	0.14753	0.15205	0.01874	0.35123	0.02363	0.01721	0.02483	0.01470	0.01968	0.01125	0.00690	0.00822	0.00253	0.01130	0.00781	0.00386	0.01036
6	0.01879	0.30822	0.13190	0.01448	0.02178	0.06899	0.01430	0.02262	0.01642	0.02188	0.01247	0.01451	0.01050	0.00652	0.00578	0.00162	0.00826	0.00462	0.00383	0.29253
7	0.01128	0.00752	0.00846	0.00846	0.00846	0.00752	0.00470	0.01128	0.01128	0.01503	0.02443	0.05074	0.02819	0.72751	0.03946	0.00752	0.00752	0.01128	0.00470	0.00470
8	0.00945	0.00675	0.00900	0.01080	0.01125	0.00630	0.00720	0.01080	0.01484	0.01979	0.04274	0.72245	0.05128	0.02429	0.00990	0.00315	0.00450	0.02204	0.00720	0.00630
9	0.01069	0.00828	0.01165	0.01237	0.01352	0.00802	0.04241	0.01391	0.06539	0.02104	0.04041	0.63080	0.04701	0.02226	0.00970	0.00308	0.00509	0.02032	0.00707	0.00699
10	0.01664	0.01534	0.02490	0.54499	0.04735	0.01852	0.06574	0.08828	0.01774	0.02323	0.01422	0.02025	0.01074	0.00818	0.00891	0.00261	0.05215	0.00706	0.00394	0.00923
11	0.00955	0.00683	0.00909	0.01072	0.01127	0.00637	0.00721	0.01107	0.01534	0.02059	0.08717	0.67575	0.05282	0.02370	0.00984	0.00310	0.00444	0.02148	0.00729	0.00637
12	0.02205	0.07582	0.02423	0.07293	0.02439	0.27833	0.01622	0.04700	0.01716	0.01995	0.01149	0.01586	0.01021	0.01035	0.01497	0.00264	0.31772	0.00593	0.00378	0.00896
13	0.01608	0.01378	0.01608	0.01148	0.01837	0.01034	0.00919	0.01952	0.01608	0.02527	0.01378	0.01608	0.01148	0.00574	0.00574	0.00115	0.00574	0.00459	0.00459	0.77491
14	0.02597	0.01825	0.02019	0.01630	0.02144	0.01980	0.01321	0.46322	0.06158	0.09229	0.02436	0.12223	0.02065	0.01193	0.00817	0.00251	0.00765	0.03049	0.00780	0.01196
15	0.07038	0.01776	0.02021	0.08600	0.12055	0.07491	0.01461	0.18158	0.11011	0.06199	0.02187	0.07434	0.01889	0.05368	0.00970	0.00280	0.00828	0.03566	0.00611	0.01057

[dist]
# distance from previous block
# <min> <max>
0	2

[block]
# block no. 4 follows, 25 sequences, length 21
# corresponding to MSA columns:
# 464-484
name=unknown_E
#
# <colnr> <probs for GDERKNQSTAVLIFYWHMCP>
#	G	D	E	R	K	N	Q	S	T	A	V	L	I	F	Y	W	H	M	C	P
0	0.02639	0.07004	0.01908	0.01399	0.01885	0.01528	0.01138	0.12790	0.09898	0.32494	0.02571	0.02705	0.01892	0.08036	0.08186	0.00387	0.00853	0.00787	0.00760	0.01140
1	0.01960	0.04118	0.02206	0.06370	0.02399	0.01670	0.07305	0.20043	0.02170	0.03045	0.01780	0.08507	0.01560	0.00923	0.00828	0.00206	0.04817	0.00765	0.00549	0.28777
2	0.07115	0.13729	0.12963	0.02490	0.15395	0.04058	0.11129	0.10754	0.07512	0.02812	0.01566	0.01800	0.01220	0.00751	0.00716	0.00226	0.00942	0.00647	0.00463	0.03711
3	0.02216	0.54458	0.03575	0.01509	0.02076	0.16534	0.01386	0.02449	0.01676	0.01842	0.01099	0.01305	0.00997	0.00736	0.00671	0.00184	0.05527	0.00449	0.00346	0.00966
4	0.01608	0.01378	0.01608	0.01148	0.01837	0.01034	0.00919	0.01952	0.01608	0.02527	0.01378	0.01608	0.01148	0.00574	0.00574	0.00115	0.00574	0.00459	0.00459	0.77491
5	0.01126	0.00758	0.00879	0.00879	0.00891	0.00770	0.00511	0.01149	0.01137	0.01528	0.02412	0.04905	0.02745	0.67165	0.09432	0.00793	0.00862	0.01103	0.00465	0.00488
6	0.00992	0.00741	0.00925	0.00997	0.01134	0.00673	0.00713	0.01213	0.01756	0.02330	0.22542	0.36843	0.19858	0.02080	0.00955	0.00285	0.00424	0.04116	0.00757	0.00667
