[name]
unknown

[dist]
# distance from previous block
# <min> <max>
0	35

[block]
# block no. 0 follows, 26 sequences, length 11
# corresponding to MSA columns:
# 38-48
name=unknown_A
#
# <colnr> <probs for GDERKNQSTAVLIFYWHMCP>
#	G	D	E	R	K	N	Q	S	T	A	V	L	I	F	Y	W	H	M	C	P
0	0.01983	0.01604	0.04476	0.01508	0.02037	0.01505	0.03558	0.19544	0.05340	0.06554	0.02142	0.03032	0.01847	0.01017	0.00816	0.00220	0.03622	0.11541	0.03317	0.24337
1	0.04668	0.09603	0.31531	0.01948	0.02672	0.09074	0.07927	0.04759	0.01701	0.02327	0.01879	0.02107	0.07193	0.00894	0.00906	0.00240	0.08510	0.00675	0.00393	0.00993
2	0.01083	0.01008	0.07174	0.01033	0.01164	0.00791	0.00773	0.01235	0.01344	0.01831	0.08232	0.26075	0.03662	0.38462	0.02419	0.00515	0.00647	0.01407	0.00554	0.00591
3	0.02883	0.02125	0.02276	0.01745	0.02352	0.02352	0.01442	0.66082	0.03566	0.04780	0.01821	0.01821	0.01290	0.00911	0.00759	0.00228	0.00835	0.00683	0.00759	0.01290
4	0.01285	0.01069	0.01658	0.08012	0.02030	0.01048	0.09600	0.04857	0.01693	0.02289	0.07619	0.33868	0.03659	0.03904	0.00993	0.00291	0.00667	0.08567	0.00613	0.06279
5	0.01098	0.00788	0.00997	0.01098	0.01191	0.00767	0.00754	0.06382	0.01637	0.02192	0.06478	0.61265	0.04696	0.05450	0.01080	0.00318	0.00482	0.01957	0.00703	0.00668
6	0.02883	0.02125	0.02276	0.01745	0.02352	0.02352	0.01442	0.66082	0.03566	0.04780	0.01821	0.01821	0.01290	0.00911	0.00759	0.00228	0.00835	0.00683	0.00759	0.01290
7	0.02743	0.02020	0.02176	0.01696	0.02263	0.02228	0.01389	0.61425	0.03415	0.04577	0.01990	0.06909	0.01557	0.01016	0.00774	0.00233	0.00806	0.00788	0.00755	0.01242
8	0.01056	0.00774	0.00968	0.01078	0.01188	0.00739	0.00755	0.05181	0.01631	0.02142	0.04452	0.57879	0.12457	0.02218	0.00949	0.00298	0.00468	0.04394	0.00707	0.00665
9	0.05356	0.01539	0.02414	0.36582	0.23717	0.01784	0.01997	0.02255	0.07596	0.02278	0.01493	0.01989	0.01179	0.00795	0.00864	0.00249	0.05856	0.00678	0.00395	0.00982
10	0.44815	0.09710	0.12545	0.01330	0.01933	0.01926	0.01279	0.08288	0.06961	0.03176	0.01341	0.01474	0.01025	0.00746	0.00563	0.00229	0.00721	0.00496	0.00481	0.00960

[dist]
# distance from previous block
# <min> <max>
0	3

[block]
# block no. 1 follows, 26 sequences, length 56
# corresponding to MSA columns:
# 52-107
name=unknown_B
#
# <colnr> <probs for GDERKNQSTAVLIFYWHMCP>
#	G	D	E	R	K	N	Q	S	T	A	V	L	I	F	Y	W	H	M	C	P
0	0.02291	0.01823	0.06352	0.01569	0.02204	0.01654	0.03918	0.24245	0.04573	0.12344	0.01787	0.01863	0.01309	0.00794	0.00768	0.00197	0.03698	0.00620	0.00617	0.27375
1	0.05851	0.16773	0.53505	0.01937	0.02935	0.01989	0.02414	0.02368	0.01573	0.02342	0.01287	0.01510	0.00956	0.00706	0.00663	0.00225	0.01034	0.00523	0.00329	0.01077
2	0.01883	0.51038	0.12090	0.01418	0.02061	0.04981	0.01438	0.02323	0.05796	0.01975	0.01646	0.04997	0.03984	0.00821	0.00582	0.00190	0.00824	0.00589	0.00388	0.00974
3	0.01097	0.00789	0.01093	0.01093	0.01204	0.00879	0.00807	0.01308	0.01227	0.01754	0.02322	0.03563	0.04329	0.20502	0.49942	0.01031	0.01610	0.00899	0.03923	0.00629
4	0.00961	0.00776	0.00859	0.00852	0.01083	0.00673	0.00649	0.01206	0.01841	0.02325	0.23583	0.06934	0.48530	0.01832	0.00904	0.00257	0.00394	0.04937	0.00739	0.00664
5	0.01697	0.01891	0.04056	0.06031	0.03763	0.01791	0.57197	0.02285	0.01748	0.02364	0.01763	0.08387	0.01491	0.00800	0.00896	0.00260	0.01192	0.00998	0.00410	0.00979
6	0.01673	0.01345	0.01583	0.01136	0.01805	0.01017	0.00911	0.02008	0.01606	0.06130	0.01438	0.01628	0.01165	0.00582	0.00573	0.00119	0.00566	0.00467	0.00476	0.73771
7	0.01659	0.01659	0.02323	0.01991	0.01991	0.02323	0.01659	0.01825	0.01162	0.01825	0.00996	0.01659	0.00996	0.01328	0.02489	0.00332	0.71955	0.00664	0.00332	0.00830
8	0.01084	0.00813	0.01219	0.01219	0.01354	0.00948	0.00948	0.01354	0.01219	0.01761	0.02032	0.02980	0.01896	0.05689	0.70337	0.01219	0.02032	0.00813	0.00406	0.00677
9	0.01849	0.01773	0.03027	0.08952	0.64539	0.01795	0.02314	0.02303	0.01714	0.02443	0.01422	0.01887	0.01189	0.00681	0.00751	0.00227	0.00908	0.00676	0.00373	0.01178
10	0.01521	0.03923	0.69413	0.02162	0.03283	0.01762	0.02802	0.02402	0.01601	0.02402	0.01361	0.01601	0.00961	0.00721	0.00721	0.00240	0.01121	0.00560	0.00320	0.01121
11	0.02946	0.01783	0.02035	0.01587	0.02166	0.01876	0.01302	0.37623	0.10439	0.26565	0.02367	0.02197	0.01609	0.00934	0.00762	0.00233	0.00743	0.00730	0.00822	0.01280
12	0.01084	0.00813	0.01219	0.01219	0.01354	0.00948	0.00948	0.01354	0.01219	0.01761	0.02032	0.02980	0.01896	0.05689	0.70337	0.01219	0.02032	0.00813	0.00406	0.00677
13	0.01432	0.01348	0.02275	0.71520	0.05224	0.01685	0.02107	0.01938	0.01517	0.01938	0.01348	0.02022	0.01011	0.00758	0.00758	0.00253	0.01011	0.00674	0.00337	0.00843
14	0.00965	0.00714	0.01010	0.01140	0.01213	0.00669	0.02804	0.01123	0.01476	0.01967	0.04089	0.67679	0.04864	0.02308	0.00969	0.00308	0.00478	0.04895	0.00694	0.00633
15	0.03403	0.01291	0.01760	0.01350	0.01936	0.01115	0.01115	0.03697	0.02171	0.69137	0.02992	0.02582	0.01878	0.00939	0.00763	0.00235	0.00645	0.00763	0.00939	0.01291
16	0.00896	0.00768	0.00768	0.00768	0.01025	0.00640	0.00576	0.01089	0.01729	0.02049	0.07684	0.07300	0.68304	0.01921	0.00896	0.00256	0.00384	0.01601	0.00704	0.00640
17	0.02028	0.73799	0.03975	0.01298	0.01947	0.03001	0.01298	0.02271	0.01541	0.01785	0.01055	0.01217	0.00973	0.00649	0.00487	0.00162	0.00811	0.00406	0.00324	0.00973
18	0.01885	0.01268	0.01770	0.21725	0.02693	0.01404	0.04077	0.08676	0.04990	0.12115	0.02127	0.04770	0.01638	0.00928	0.00795	0.00232	0.04353	0.00766	0.22861	0.00929
19	0.00924	0.00660	0.00880	0.01056	0.01100	0.00616	0.00704	0.01056	0.01452	0.01936	0.04181	0.72848	0.05017	0.02376	0.00968	0.00308	0.00440	0.02156	0.00704	0.00616
20	0.01042	0.00762	0.00979	0.00951	0.01121	0.00698	0.00703	0.01361	0.02034	0.02835	0.56000	0.13395	0.11939	0.01674	0.00903	0.00248	0.00369	0.01479	0.00809	0.00698
21	0.05841	0.05401	0.05610	0.04105	0.16299	0.12804	0.01686	0.30364	0.02541	0.03361	0.01507	0.01699	0.01155	0.00823	0.00781	0.00225	0.03498	0.00620	0.00543	0.01137
22	0.39699	0.15982	0.08407	0.01434	0.04266	0.05898	0.01259	0.06370	0.01599	0.02895	0.02975	0.01468	0.01095	0.00756	0.00619	0.00221	0.03199	0.00490	0.00443	0.00924
23	0.75228	0.04743	0.01244	0.01011	0.01489	0.01760	0.00843	0.02232	0.01302	0.03330	0.01056	0.01231	0.00828	0.00702	0.00470	0.00231	0.00597	0.00410	0.00463	0.00828
24	0.01574	0.01757	0.09039	0.43161	0.14640	0.01747	0.09078	0.02212	0.05194	0.02188	0.01477	0.02006	0.01123	0.00744	0.00769	0.00248	0.01011	0.00698	0.00370	0.00965
25	0.01996	0.41645	0.19945	0.01616	0.02359	0.02381	0.04333	0.02420	0.01614	0.08438	0.01343	0.01505	0.01070	0.00716	0.00662	0.00197	0.03413	0.00509	0.00389	0.03450
26	0.02498	0.01885	0.04289	0.10205	0.02523	0.06082	0.01431	0.32732	0.05535	0.13928	0.09138	0.02389	0.01997	0.00956	0.00769	0.00233	0.00808	0.00760	0.00706	0.01138
27	0.01084	0.00813	0.01219	0.01219	0.01354	0.00948	0.00948	0.01354	0.01219	0.01761	0.02032	0.02980	0.01896	0.05689	0.70337	0.01219	0.02032	0.00813	0.00406	0.00677
28	0.01727	0.04890	0.03460	0.12301	0.03504	0.01887	0.37787	0.04935	0.05330	0.02385	0.01734	0.07197	0.01464	0.00874	0.00984	0.00260	0.06977	0.00905	0.00431	0.00970
29	0.01726	0.12603	0.52452	0.02107	0.05226	0.05234	0.02467	0.05458	0.01718	0.02414	0.01337	0.01561	0.00987	0.00722	0.00692	0.00227	0.01072	0.00547	0.00347	0.01101
30	0.01086	0.00734	0.00852	0.00859	0.00883	0.00724	0.00507	0.01136	0.01247	0.01682	0.09859	0.10336	0.03424	0.59815	0.03305	0.00647	0.00670	0.01215	0.00520	0.00500
31	0.00918	0.00682	0.00857	0.00997	0.01085	0.00621	0.00678	0.01063	0.01509	0.01959	0.04896	0.59468	0.17935	0.02283	0.00954	0.00297	0.00429	0.02043	0.00704	0.00621
32	0.01835	0.01763	0.03037	0.04417	0.62685	0.01755	0.04886	0.02289	0.01750	0.02503	0.04643	0.02067	0.01486	0.00716	0.00764	0.00227	0.00891	0.00718	0.00398	0.01171
33	0.31120	0.05199	0.18259	0.01447	0.02125	0.01677	0.01453	0.07869	0.01788	0.19901	0.01685	0.01713	0.01169	0.00782	0.00630	0.00232	0.00763	0.00559	0.00569	0.01059
34	0.01554	0.08413	0.65209	0.02106	0.03197	0.01841	0.02706	0.02394	0.01598	0.02362	0.01341	0.01577	0.00962	0.00716	0.00706	0.00235	0.01101	0.00551	0.00321	0.01112
35	0.08890	0.01421	0.02253	0.54696	0.11601	0.01725	0.01989	0.02004	0.01503	0.02132	0.01314	0.01916	0.01013	0.00767	0.00800	0.00251	0.03841	0.00649	0.00354	0.00879
36	0.01207	0.00963	0.01030	0.01015	0.01267	0.00838	0.00749	0.01428	0.03983	0.02467	0.18554	0.08781	0.48766	0.01944	0.00983	0.00296	0.00479	0.03668	0.00794	0.00790
37	0.60052	0.01345	0.01172	0.01151	0.04301	0.01516	0.00875	0.02097	0.01438	0.03254	0.08924	0.02104	0.01742	0.00858	0.00554	0.00236	0.00567	0.02789	0.04211	0.00816
38	0.10320	0.09150	0.07511	0.01657	0.02269	0.07767	0.01454	0.39233	0.05123	0.05900	0.01664	0.01710	0.01217	0.00844	0.00695	0.00222	0.00859	0.00612	0.00630	0.01163
39	0.01093	0.00737	0.00825	0.00825	0.00837	0.00731	0.00465	0.01102	0.01133	0.01498	0.02639	0.05074	0.05845	0.69979	0.03721	0.00713	0.00719	0.01126	0.00471	0.00468
40	0.00924	0.00660	0.00880	0.01056	0.01100	0.00616	0.00704	0.01056	0.01452	0.01936	0.04181	0.72848	0.05017	0.02376	0.00968	0.00308	0.00440	0.02156	0.00704	0.00616
41	0.02883	0.02125	0.02276	0.01745	0.02352	0.02352	0.01442	0.66082	0.03566	0.04780	0.01821	0.01821	0.01290	0.00911	0.00759	0.00228	0.00835	0.00683	0.00759	0.01290
42	0.01590	0.12882	0.57664	0.02000	0.03038	0.01887	0.02516	0.02362	0.01592	0.02325	0.01321	0.01550	0.00970	0.00704	0.00683	0.00224	0.01054	0.00535	0.00327	0.04777
43	0.01853	0.49625	0.26614	0.01597	0.02409	0.02572	0.01818	0.02317	0.01562	0.01998	0.01161	0.01350	0.00969	0.00674	0.00568	0.00189	0.00918	0.00459	0.00323	0.01024
44	0.01521	0.03923	0.69413	0.02162	0.03283	0.01762	0.02802	0.02402	0.01601	0.02402	0.01361	0.01601	0.00961	0.00721	0.00721	0.00240	0.01121	0.00560	0.00320	0.01121
45	0.00913	0.00702	0.00837	0.00944	0.01071	0.00626	0.00654	0.01069	0.01560	0.01980	0.05542	0.47370	0.29616	0.02199	0.00940	0.00288	0.00418	0.01940	0.00704	0.00626
46	0.01530	0.04328	0.04941	0.01457	0.01728	0.04510	0.06366	0.04028	0.01700	0.07537	0.11184	0.30090	0.03523	0.04970	0.01173	0.00294	0.07860	0.01359	0.00617	0.00806
47	0.01156	0.00824	0.00971	0.00939	0.00939	0.00887	0.00575	0.01172	0.01109	0.01505	0.02256	0.04647	0.02589	0.66446	0.03729	0.00697	0.07556	0.01061	0.00447	0.00495
48	0.00898	0.00764	0.00773	0.00780	0.01028	0.00639	0.00582	0.01087	0.01717	0.02044	0.07538	0.10022	0.65675	0.01940	0.00899	0.00258	0.00387	0.01624	0.00704	0.00639
49	0.02005	0.01508	0.01654	0.01457	0.01884	0.01664	0.01152	0.09343	0.44007	0.10172	0.06197	0.03410	0.06910	0.01143	0.00797	0.00256	0.00606	0.03917	0.00783	0.01135
50	0.04272	0.02320	0.20989	0.06474	0.04904	0.01780	0.08761	0.13592	0.11842	0.14435	0.01990	0.02065	0.01404	0.00828	0.00757	0.00242	0.00901	0.00704	0.00582	0.01157
51	0.02740	0.03278	0.02170	0.02015	0.05004	0.57509	0.01480	0.10017	0.02259	0.02206	0.01285	0.01495	0.01053	0.00960	0.03088	0.00235	0.01312	0.00529	0.00432	0.00932
52	0.02711	0.01184	0.01575	0.01281	0.01752	0.01069	0.01042	0.03140	0.06326	0.47786	0.16761	0.03533	0.03135	0.01129	0.00805	0.00242	0.00585	0.03914	0.00895	0.01136
53	0.01629	0.03158	0.47603	0.02420	0.13542	0.01708	0.02434	0.06631	0.01808	0.02637	0.07805	0.02050	0.01615	0.00806	0.00745	0.00237	0.00993	0.00665	0.00408	0.01107
54	0.01695	0.01948	0.07304	0.13704	0.08754	0.01834	0.41108	0.02326	0.03785	0.02340	0.01608	0.04434	0.01286	0.00762	0.00909	0.00257	0.03694	0.00859	0.00394	0.00999
55	0.01223	0.00977	0.01199	0.01087	0.01422	0.00798	0.00794	0.01450	0.01508	0.02183	0.02875	0.40004	0.03223	0.01540	0.00781	0.00218	0.00496	0.01370	0.00587	0.36266

[dist]
# distance from previous block
# <min> <max>
0	2

[block]
# block no. 2 follows, 26 sequences, length 6
# corresponding to MSA columns:
# 110-115
name=unknown_C
#
# <colnr> <probs for GDERKNQSTAVLIFYWHMCP>
#	G	D	E	R	K	N	Q	S	T	A	V	L	I	F	Y	W	H	M	C	P
0	0.13562	0.01744	0.02738	0.05435	0.05865	0.01770	0.24319	0.13293	0.05309	0.07811	0.01721	0.01972	0.01273	0.00753	0.00742	0.00233	0.00902	0.00721	0.04660	0.05177
1	0.02414	0.05764	0.05554	0.01666	0.02161	0.28247	0.01365	0.15249	0.09984	0.06323	0.05511	0.02194	0.04463	0.00914	0.00720	0.00213	0.00958	0.00678	0.00571	0.05051
2	0.01796	0.01867	0.02894	0.02253	0.02647	0.07463	0.24846	0.05438	0.01642	0.02243	0.01521	0.06290	0.01386	0.03566	0.01487	0.00285	0.24686	0.00827	0.00414	0.06448
3	0.01847	0.01746	0.09899	0.01463	0.01986	0.01530	0.01279	0.13163	0.22841	0.06550	0.02925	0.11406	0.07365	0.01142	0.00769	0.00236	0.00663	0.00952	0.00666	0.11572
4	0.07873	0.09114	0.58778	0.02000	0.03031	0.01852	0.02524	0.02378	0.01571	0.02436	0.01313	0.01542	0.00950	0.00714	0.00682	0.00234	0.01053	0.00536	0.00333	0.01085
5	0.01650	0.21691	0.52774	0.01942	0.02943	0.02077	0.02420	0.02369	0.01586	0.02245	0.01283	0.01504	0.00964	0.00702	0.00661	0.00220	0.01042	0.00521	0.00321	0.01083

[dist]
# distance from previous block
# <min> <max>
5	9

[block]
# block no. 3 follows, 26 sequences, length 29
# corresponding to MSA columns:
# 127-155
name=unknown_D
#
# <colnr> <probs for GDERKNQSTAVLIFYWHMCP>
#	G	D	E	R	K	N	Q	S	T	A	V	L	I	F	Y	W	H	M	C	P
0	0.02183	0.58104	0.07283	0.01401	0.02051	0.07950	0.01378	0.02463	0.01647	0.07767	0.01252	0.01370	0.01053	0.00689	0.00539	0.00176	0.00857	0.00452	0.00384	0.01002
1	0.02424	0.18996	0.07820	0.01828	0.05276	0.23289	0.01517	0.13495	0.10119	0.05894	0.01604	0.01689	0.01245	0.00801	0.00672	0.00208	0.00981	0.00575	0.00505	0.01063
2	0.04550	0.02265	0.14672	0.02621	0.11465	0.04777	0.23964	0.05748	0.06497	0.07592	0.01663	0.01941	0.01243	0.00757	0.00854	0.00241	0.04092	0.00726	0.00463	0.03869
3	0.02466	0.01812	0.01995	0.01537	0.02115	0.01892	0.01255	0.43286	0.05772	0.06839	0.07095	0.02154	0.01792	0.00900	0.00732	0.00208	0.00726	0.00703	0.00713	0.16007
4	0.02883	0.02125	0.02276	0.01745	0.02352	0.02352	0.01442	0.66082	0.03566	0.04780	0.01821	0.01821	0.01290	0.00911	0.00759	0.00228	0.00835	0.00683	0.00759	0.01290
5	0.02560	0.01964	0.02094	0.01680	0.02229	0.02201	0.01364	0.45963	0.24212	0.04259	0.02232	0.02148	0.01622	0.00949	0.00763	0.00237	0.00759	0.00740	0.00763	0.01261
6	0.78701	0.01467	0.01115	0.00997	0.01467	0.01702	0.00821	0.02230	0.01291	0.03403	0.01056	0.01232	0.00821	0.00704	0.00469	0.00235	0.00587	0.00411	0.00469	0.00821
7	0.01887	0.01629	0.01715	0.01544	0.01972	0.01887	0.01201	0.04031	0.67241	0.03173	0.03087	0.02830	0.02315	0.01029	0.00772	0.00257	0.00600	0.00858	0.00772	0.01201
8	0.01084	0.00813	0.01219	0.01219	0.01354	0.00948	0.00948	0.01354	0.01219	0.01761	0.02032	0.02980	0.01896	0.05689	0.70337	0.01219	0.02032	0.00813	0.00406	0.00677
9	0.01318	0.00659	0.00988	0.00988	0.00988	0.00659	0.00659	0.00988	0.00988	0.01318	0.01318	0.02306	0.01318	0.02635	0.02964	0.77931	0.00659	0.00659	0.00329	0.00329
10	0.01573	0.01348	0.01573	0.01123	0.01798	0.01011	0.00899	0.01910	0.01573	0.02472	0.01348	0.01573	0.01123	0.00562	0.00562	0.00112	0.00562	0.00449	0.00449	0.77980
11	0.01360	0.01204	0.04337	0.01265	0.01558	0.01163	0.01026	0.02311	0.24052	0.02781	0.24603	0.13188	0.07668	0.01521	0.00872	0.00268	0.00526	0.08665	0.00752	0.00880
12	0.01667	0.07336	0.02427	0.02015	0.04981	0.02277	0.01622	0.01857	0.01221	0.01848	0.01078	0.01708	0.01053	0.01487	0.06030	0.00363	0.59193	0.00652	0.00337	0.00850
13	0.02883	0.02125	0.02276	0.01745	0.02352	0.02352	0.01442	0.66082	0.03566	0.04780	0.01821	0.01821	0.01290	0.00911	0.00759	0.00228	0.00835	0.00683	0.00759	0.01290
14	0.02028	0.73799	0.03975	0.01298	0.01947	0.03001	0.01298	0.02271	0.01541	0.01785	0.01055	0.01217	0.00973	0.00649	0.00487	0.00162	0.00811	0.00406	0.00324	0.00973
15	0.01444	0.00947	0.01172	0.01069	0.01332	0.00911	0.00816	0.02010	0.10820	0.10949	0.43724	0.07673	0.11178	0.01471	0.00865	0.00245	0.00431	0.01280	0.00822	0.00840
16	0.01906	0.22557	0.31759	0.01751	0.02605	0.01944	0.05076	0.02462	0.01659	0.10212	0.01478	0.01631	0.01103	0.00704	0.00650	0.00203	0.00918	0.00545	0.00414	0.10422
17	0.02090	0.01514	0.01695	0.01426	0.01931	0.01576	0.01125	0.03548	0.42695	0.14613	0.02723	0.02535	0.02000	0.00920	0.00728	0.00224	0.00601	0.00759	0.00737	0.16560
18	0.01573	0.01348	0.01573	0.01123	0.01798	0.01011	0.00899	0.01910	0.01573	0.02472	0.01348	0.01573	0.01123	0.00562	0.00562	0.00112	0.00562	0.00449	0.00449	0.77980
19	0.02325	0.39540	0.06561	0.01558	0.02121	0.26663	0.01402	0.02591	0.01789	0.04787	0.01246	0.01406	0.01047	0.00720	0.00582	0.00182	0.01002	0.00469	0.03056	0.00952
20	0.00924	0.00660	0.00880	0.01056	0.01100	0.00616	0.00704	0.01056	0.01452	0.01936	0.04181	0.72848	0.05017	0.02376	0.00968	0.00308	0.00440	0.02156	0.00704	0.00616
21	0.01850	0.49253	0.26963	0.01601	0.02416	0.02566	0.01826	0.02317	0.01562	0.02001	0.01162	0.01352	0.00969	0.00674	0.00569	0.00190	0.00920	0.00460	0.00323	0.01025
22	0.00940	0.00671	0.00898	0.01074	0.01125	0.00630	0.00731	0.01083	0.01468	0.01954	0.04172	0.69465	0.04982	0.02362	0.00972	0.00310	0.00454	0.05385	0.00704	0.00620
23	0.78701	0.01467	0.01115	0.00997	0.01467	0.01702	0.00821	0.02230	0.01291	0.03403	0.01056	0.01232	0.00821	0.00704	0.00469	0.00235	0.00587	0.00411	0.00469	0.00821
24	0.01318	0.00659	0.00988	0.00988	0.00988	0.00659	0.00659	0.00988	0.00988	0.01318	0.01318	0.02306	0.01318	0.02635	0.02964	0.77931	0.00659	0.00659	0.00329	0.00329
25	0.01573	0.01348	0.01573	0.01123	0.01798	0.01011	0.00899	0.01910	0.01573	0.02472	0.01348	0.01573	0.01123	0.00562	0.00562	0.00112	0.00562	0.00449	0.00449	0.77980
26	0.01683	0.25276	0.46554	0.01890	0.02819	0.02165	0.02293	0.02338	0.01565	0.02189	0.01252	0.01486	0.00966	0.00724	0.00722	0.00220	0.03956	0.00517	0.00322	0.01064
27	0.01048	0.00764	0.00945	0.00912	0.01069	0.00705	0.00656	0.01319	0.01901	0.02617	0.47136	0.08155	0.15039	0.12827	0.01360	0.00321	0.00423	0.01390	0.00753	0.00662
28	0.01168	0.00952	0.01325	0.09438	0.01851	0.00911	0.03655	0.01454	0.01634	0.02162	0.08666	0.18706	0.16415	0.05658	0.01054	0.00295	0.00608	0.14275	0.00615	0.09159

[dist]
# distance from previous block
# <min> <max>
3	5

[block]
# block no. 4 follows, 26 sequences, length 174
# corresponding to MSA columns:
# 161-334
name=unknown_E
#
# <colnr> <probs for GDERKNQSTAVLIFYWHMCP>
#	G	D	E	R	K	N	Q	S	T	A	V	L	I	F	Y	W	H	M	C	P
0	0.01726	0.02074	0.09003	0.05514	0.03608	0.01864	0.47438	0.02312	0.01689	0.02355	0.01449	0.01938	0.01114	0.00708	0.00999	0.00250	0.07783	0.00804	0.00377	0.06993
1	0.01887	0.01629	0.01715	0.01544	0.01972	0.01887	0.01201	0.04031	0.67241	0.03173	0.03087	0.02830	0.02315	0.01029	0.00772	0.00257	0.00600	0.00858	0.00772	0.01201
2	0.02758	0.03271	0.02245	0.02159	0.08016	0.55820	0.01536	0.10966	0.02293	0.02280	0.01276	0.01469	0.01036	0.00789	0.00699	0.00202	0.01260	0.00529	0.00436	0.00959
3	0.00916	0.00769	0.00796	0.00789	0.01037	0.00649	0.00592	0.01127	0.01775	0.02159	0.14410	0.07118	0.61509	0.01880	0.00896	0.00254	0.00381	0.01575	0.00719	0.00649
4	0.02197	0.50623	0.06182	0.01524	0.02105	0.19932	0.01416	0.02453	0.01684	0.01830	0.01095	0.01286	0.00975	0.00709	0.00616	0.00180	0.03459	0.00442	0.00341	0.00951
5	0.00943	0.00674	0.00900	0.01068	0.01122	0.00631	0.00728	0.01092	0.01489	0.01989	0.06383	0.67648	0.05061	0.02335	0.00969	0.00307	0.00449	0.04879	0.00708	0.00623
6	0.00945	0.00669	0.00874	0.01029	0.01068	0.00630	0.00675	0.01062	0.01411	0.01881	0.03968	0.64772	0.04748	0.10820	0.01312	0.00359	0.00475	0.02031	0.00675	0.00597
7	0.01097	0.00759	0.00947	0.00947	0.00989	0.00800	0.00609	0.01180	0.01139	0.01559	0.02280	0.04357	0.02494	0.52642	0.24201	0.00883	0.01132	0.01014	0.00443	0.00526
8	0.01659	0.01659	0.02323	0.01991	0.01991	0.02323	0.01659	0.01825	0.01162	0.01825	0.00996	0.01659	0.00996	0.01328	0.02489	0.00332	0.71955	0.00664	0.00332	0.00830
9	0.01573	0.01348	0.01573	0.01123	0.01798	0.01011	0.00899	0.01910	0.01573	0.02472	0.01348	0.01573	0.01123	0.00562	0.00562	0.00112	0.00562	0.00449	0.00449	0.77980
10	0.01638	0.01346	0.01579	0.01131	0.01802	0.01015	0.00906	0.01973	0.01594	0.04832	0.01406	0.01609	0.01150	0.00575	0.00569	0.00117	0.00565	0.00460	0.00467	0.75265
11	0.01432	0.01348	0.02275	0.71520	0.05224	0.01685	0.02107	0.01938	0.01517	0.01938	0.01348	0.02022	0.01011	0.00758	0.00758	0.00253	0.01011	0.00674	0.00337	0.00843
12	0.01399	0.01358	0.02505	0.01990	0.02411	0.01273	0.27432	0.01774	0.01607	0.02214	0.02625	0.29664	0.02779	0.01392	0.00950	0.00265	0.03516	0.04070	0.00528	0.10249
13	0.02835	0.03566	0.02154	0.01947	0.02345	0.68053	0.01465	0.05112	0.02196	0.01953	0.01194	0.01383	0.00987	0.00786	0.00686	0.00196	0.01350	0.00495	0.00403	0.00893
14	0.02560	0.02356	0.02032	0.04134	0.02247	0.23221	0.01364	0.32038	0.04615	0.03370	0.01686	0.01833	0.01281	0.00882	0.00778	0.00217	0.03806	0.00630	0.09895	0.01055
15	0.01599	0.01353	0.01575	0.01144	0.01794	0.01047	0.00912	0.04244	0.01642	0.02538	0.01463	0.04042	0.01264	0.00637	0.00583	0.00123	0.00568	0.00517	0.00470	0.72485
16	0.01927	0.01649	0.01738	0.01552	0.01988	0.01905	0.01210	0.06530	0.64676	0.03238	0.03036	0.02789	0.02274	0.01024	0.00771	0.00256	0.00610	0.00851	0.00771	0.01204
17	0.00902	0.00769	0.00776	0.00774	0.01028	0.00643	0.00580	0.01099	0.01741	0.02079	0.09486	0.07251	0.66483	0.01910	0.00896	0.00256	0.00383	0.01594	0.00708	0.00643
18	0.01877	0.01802	0.03079	0.04656	0.68612	0.01802	0.02328	0.02328	0.01727	0.02478	0.01427	0.01877	0.01201	0.00676	0.00751	0.00225	0.00901	0.00676	0.00375	0.01201
19	0.01546	0.07363	0.66192	0.02119	0.03217	0.01823	0.02728	0.02396	0.01598	0.02372	0.01346	0.01582	0.00961	0.00717	0.00709	0.00236	0.01106	0.00553	0.00320	0.01114
20	0.04258	0.00827	0.01052	0.00974	0.01184	0.00773	0.00738	0.01568	0.02114	0.06114	0.62532	0.05347	0.06662	0.01489	0.00872	0.00238	0.00380	0.01305	0.00825	0.00746
21	0.00939	0.00765	0.00831	0.00825	0.01053	0.00657	0.00615	0.01167	0.01814	0.02276	0.21699	0.09856	0.51150	0.01855	0.00899	0.00254	0.00381	0.01572	0.00735	0.00657
22	0.01388	0.01288	0.02152	0.65318	0.04861	0.01591	0.01983	0.01860	0.01511	0.01938	0.01597	0.08256	0.01364	0.00901	0.00777	0.00258	0.00961	0.00805	0.00369	0.00823
23	0.01863	0.01787	0.03052	0.06865	0.66517	0.01798	0.02321	0.02315	0.01720	0.02460	0.01424	0.01882	0.01195	0.00679	0.00751	0.00226	0.00905	0.00676	0.00374	0.01190
24	0.01813	0.01940	0.02627	0.02241	0.04685	0.10883	0.11985	0.02074	0.01412	0.01947	0.01166	0.01750	0.01065	0.01315	0.04919	0.00337	0.45927	0.00686	0.00353	0.00874
25	0.00896	0.00768	0.00768	0.00768	0.01025	0.00640	0.00576	0.01089	0.01729	0.02049	0.07684	0.07300	0.68304	0.01921	0.00896	0.00256	0.00384	0.01601	0.00704	0.00640
26	0.01772	0.02011	0.04365	0.06625	0.04027	0.01906	0.62658	0.02405	0.01777	0.02405	0.01525	0.02045	0.01144	0.00645	0.00888	0.00256	0.01265	0.00884	0.00381	0.01014
27	0.02019	0.51685	0.16877	0.01547	0.02261	0.10530	0.01619	0.02385	0.01624	0.01917	0.01130	0.01311	0.00971	0.00679	0.00556	0.00182	0.00938	0.00446	0.00331	0.00992
28	0.03403	0.01291	0.01760	0.01350	0.01936	0.01115	0.01115	0.03697	0.02171	0.69137	0.02992	0.02582	0.01878	0.00939	0.00763	0.00235	0.00645	0.00763	0.00939	0.01291
29	0.01447	0.01375	0.02345	0.63059	0.07797	0.01661	0.04715	0.01943	0.01545	0.01986	0.01599	0.02217	0.03572	0.00794	0.00769	0.00252	0.00994	0.00718	0.00355	0.00858
30	0.01788	0.02060	0.06799	0.03213	0.11770	0.01915	0.49810	0.02452	0.04360	0.02436	0.01551	0.02020	0.01189	0.00695	0.00939	0.00255	0.04468	0.00842	0.00393	0.01047
31	0.01065	0.00775	0.01003	0.00946	0.01128	0.00712	0.00709	0.01416	0.02128	0.02996	0.65411	0.05741	0.09986	0.01568	0.00895	0.00239	0.00359	0.01382	0.00829	0.00712
32	0.00920	0.00769	0.00801	0.00793	0.01039	0.00650	0.00595	0.01134	0.01784	0.02180	0.15677	0.07084	0.60229	0.01872	0.00896	0.00254	0.00381	0.01571	0.00722	0.00650
33	0.12220	0.01349	0.01708	0.01326	0.01900	0.01240	0.01095	0.06355	0.02131	0.58499	0.02712	0.02389	0.01727	0.00910	0.00728	0.00234	0.00647	0.00718	0.00876	0.01236
34	0.00896	0.00768	0.00768	0.00768	0.01025	0.00640	0.00576	0.01089	0.01729	0.02049	0.07684	0.07300	0.68304	0.01921	0.00896	0.00256	0.00384	0.01601	0.00704	0.00640
35	0.01847	0.00946	0.01262	0.01085	0.01400	0.00848	0.00848	0.02183	0.02155	0.24984	0.46560	0.04642	0.05404	0.01348	0.00851	0.00237	0.00453	0.01170	0.00869	0.00907
36	0.01222	0.00873	0.01222	0.01397	0.01572	0.00873	0.01222	0.01572	0.01746	0.02270	0.04016	0.08556	0.04365	0.02095	0.01048	0.00349	0.00698	0.63506	0.00698	0.00698
37	0.02028	0.73799	0.03975	0.01298	0.01947	0.03001	0.01298	0.02271	0.01541	0.01785	0.01055	0.01217	0.00973	0.00649	0.00487	0.00162	0.00811	0.00406	0.00324	0.00973
38	0.01349	0.01020	0.01400	0.01614	0.11540	0.00982	0.01070	0.01795	0.05756	0.05754	0.31275	0.05509	0.14736	0.01506	0.00885	0.00258	0.00528	0.11468	0.00724	0.00830
39	0.01103	0.00735	0.00827	0.00827	0.00827	0.00735	0.00460	0.01103	0.01103	0.01471	0.02390	0.04964	0.02758	0.73343	0.03861	0.00735	0.00735	0.01103	0.00460	0.00460
40	0.01887	0.01629	0.01715	0.01544	0.01972	0.01887	0.01201	0.04031	0.67241	0.03173	0.03087	0.02830	0.02315	0.01029	0.00772	0.00257	0.00600	0.00858	0.00772	0.01201
41	0.02028	0.73799	0.03975	0.01298	0.01947	0.03001	0.01298	0.02271	0.01541	0.01785	0.01055	0.01217	0.00973	0.00649	0.00487	0.00162	0.00811	0.00406	0.00324	0.00973
42	0.01149	0.00792	0.01038	0.00967	0.01159	0.00729	0.00729	0.01504	0.02148	0.05169	0.66112	0.05567	0.06987	0.01531	0.00890	0.00238	0.00367	0.01352	0.00838	0.00734
43	0.02028	0.73799	0.03975	0.01298	0.01947	0.03001	0.01298	0.02271	0.01541	0.01785	0.01055	0.01217	0.00973	0.00649	0.00487	0.00162	0.00811	0.00406	0.00324	0.00973
44	0.00897	0.00765	0.00772	0.00779	0.01027	0.00639	0.00581	0.01087	0.01719	0.02045	0.07560	0.09620	0.66063	0.01937	0.00899	0.00258	0.00386	0.01620	0.00704	0.00639
45	0.01094	0.00732	0.00830	0.00839	0.00841	0.00729	0.00472	0.01101	0.01121	0.01494	0.02480	0.08369	0.02871	0.69783	0.03716	0.00714	0.00721	0.01156	0.00472	0.00467
46	0.01844	0.01768	0.03019	0.09651	0.63876	0.01793	0.02311	0.02299	0.01711	0.02438	0.01421	0.01888	0.01187	0.00682	0.00751	0.00227	0.00909	0.00676	0.00373	0.01175
47	0.01521	0.03923	0.69413	0.02162	0.03283	0.01762	0.02802	0.02402	0.01601	0.02402	0.01361	0.01601	0.00961	0.00721	0.00721	0.00240	0.01121	0.00560	0.00320	0.01121
48	0.01467	0.00956	0.01138	0.01030	0.01324	0.00897	0.00793	0.01987	0.10088	0.12578	0.32252	0.05348	0.24163	0.01507	0.00860	0.00246	0.00439	0.01286	0.00803	0.00839
49	0.01067	0.00779	0.01005	0.00960	0.01144	0.00717	0.00727	0.01412	0.02098	0.02933	0.60827	0.05916	0.11646	0.01603	0.00901	0.00245	0.00375	0.04118	0.00819	0.00709
50	0.02027	0.65036	0.09059	0.01386	0.02071	0.02874	0.01423	0.05177	0.01638	0.01969	0.01113	0.01275	0.00987	0.00666	0.00517	0.00171	0.00837	0.00430	0.00344	0.00999
51	0.03403	0.01291	0.01760	0.01350	0.01936	0.01115	0.01115	0.03697	0.02171	0.69137	0.02992	0.02582	0.01878	0.00939	0.00763	0.00235	0.00645	0.00763	0.00939	0.01291
52	0.02903	0.02094	0.02257	0.01731	0.02337	0.02307	0.01430	0.63784	0.03515	0.07151	0.01864	0.01849	0.01312	0.00912	0.00759	0.00228	0.00828	0.00686	0.00765	0.01290
53	0.01093	0.00849	0.00984	0.00991	0.01203	0.00793	0.00747	0.04304	0.04143	0.02420	0.19089	0.20276	0.31514	0.01873	0.00913	0.00270	0.00444	0.06651	0.00736	0.00706
54	0.01459	0.01379	0.02307	0.65826	0.07409	0.01719	0.02094	0.01947	0.01508	0.01953	0.01335	0.02000	0.01017	0.00782	0.00838	0.00255	0.04304	0.00674	0.00338	0.00855
55	0.78701	0.01467	0.01115	0.00997	0.01467	0.01702	0.00821	0.02230	0.01291	0.03403	0.01056	0.01232	0.00821	0.00704	0.00469	0.00235	0.00587	0.00411	0.00469	0.00821
56	0.01055	0.00775	0.00988	0.00935	0.01122	0.00708	0.00701	0.01395	0.02103	0.02937	0.61858	0.05837	0.13575	0.01590	0.00895	0.00240	0.00361	0.01396	0.00821	0.00708
57	0.01954	0.01420	0.01661	0.01243	0.01862	0.01210	0.00998	0.10186	0.04495	0.11217	0.01803	0.04751	0.01449	0.00747	0.00637	0.00156	0.00603	0.00606	0.00573	0.52429
58	0.01074	0.00775	0.01014	0.00954	0.01133	0.00716	0.00716	0.01431	0.02147	0.03042	0.68211	0.05666	0.07157	0.01551	0.00895	0.00239	0.00358	0.01372	0.00835	0.00716
59	0.01084	0.00813	0.01219	0.01219	0.01354	0.00948	0.00948	0.01354	0.01219	0.01761	0.02032	0.02980	0.01896	0.05689	0.70337	0.01219	0.02032	0.00813	0.00406	0.00677
60	0.00997	0.00764	0.00913	0.00894	0.01091	0.00680	0.00663	0.01275	0.01938	0.02589	0.40851	0.11600	0.29493	0.01753	0.00901	0.00251	0.00374	0.01518	0.00777	0.00680
61	0.00930	0.00670	0.00882	0.01040	0.01099	0.00622	0.00700	0.01076	0.01498	0.01995	0.07473	0.66901	0.07672	0.02317	0.00962	0.00303	0.00434	0.02095	0.00711	0.00622
62	0.00924	0.00660	0.00880	0.01056	0.01100	0.00616	0.00704	0.01056	0.01452	0.01936	0.04181	0.72848	0.05017	0.02376	0.00968	0.00308	0.00440	0.02156	0.00704	0.00616
63	0.02028	0.73799	0.03975	0.01298	0.01947	0.03001	0.01298	0.02271	0.01541	0.01785	0.01055	0.01217	0.00973	0.00649	0.00487	0.00162	0.00811	0.00406	0.00324	0.00973
64	0.01810	0.35772	0.13813	0.01694	0.02177	0.02551	0.01673	0.02126	0.01409	0.01898	0.01082	0.01443	0.00980	0.00913	0.01270	0.00238	0.27355	0.00526	0.00327	0.00943
65	0.01703	0.04361	0.01498	0.04482	0.01627	0.11746	0.00943	0.12537	0.01770	0.02195	0.02295	0.06529	0.05056	0.32160	0.07467	0.00519	0.00936	0.00936	0.00506	0.00735
66	0.01780	0.04594	0.02702	0.02147	0.02318	0.07317	0.11460	0.02024	0.01345	0.01919	0.01093	0.01680	0.01017	0.01156	0.02036	0.00304	0.53218	0.00676	0.00344	0.00868
67	0.01007	0.00704	0.00889	0.00974	0.01019	0.00681	0.00631	0.01120	0.01384	0.01868	0.09331	0.39998	0.04290	0.27144	0.05015	0.00490	0.00605	0.01659	0.00618	0.00573
68	0.01868	0.01829	0.03234	0.04493	0.61421	0.01815	0.09394	0.02339	0.01734	0.02473	0.01439	0.01896	0.01196	0.00672	0.00767	0.00229	0.00943	0.00700	0.00376	0.01182
69	0.02723	0.01999	0.02303	0.01773	0.02335	0.02206	0.04635	0.53700	0.03194	0.07390	0.01839	0.01898	0.01319	0.00922	0.00858	0.00233	0.04984	0.00697	0.03767	0.01227
70	0.01103	0.00735	0.00827	0.00827	0.00827	0.00735	0.00460	0.01103	0.01103	0.01471	0.02390	0.04964	0.02758	0.73343	0.03861	0.00735	0.00735	0.01103	0.00460	0.00460
71	0.00959	0.00704	0.00942	0.01088	0.01136	0.00687	0.00742	0.01103	0.01471	0.01980	0.06868	0.67115	0.04954	0.02299	0.01024	0.00306	0.03232	0.02064	0.00695	0.00629
72	0.02058	0.01777	0.02096	0.08236	0.15643	0.06541	0.01515	0.12807	0.27208	0.05318	0.02287	0.04830	0.01822	0.03406	0.00870	0.00259	0.00786	0.00803	0.00619	0.01119
73	0.01332	0.00894	0.01249	0.01395	0.01590	0.00885	0.01217	0.01678	0.01767	0.05625	0.03965	0.08256	0.04240	0.02037	0.01033	0.00343	0.00696	0.60358	0.00711	0.00728
74	0.02950	0.01280	0.01666	0.01326	0.01851	0.01170	0.01078	0.03486	0.10659	0.53435	0.07654	0.03005	0.04819	0.01030	0.00778	0.00239	0.00610	0.00849	0.00901	0.01215
75	0.01577	0.09257	0.61288	0.02067	0.03120	0.01864	0.02614	0.02465	0.04539	0.02389	0.01415	0.01627	0.01023	0.00729	0.00705	0.00235	0.01074	0.00562	0.00341	0.01113
76	0.02516	0.09025	0.05809	0.02427	0.15511	0.41697	0.01686	0.08353	0.02113	0.02258	0.01279	0.01508	0.01048	0.00758	0.00689	0.00204	0.01169	0.00539	0.00411	0.00999
77	0.01697	0.01877	0.03912	0.02870	0.03487	0.01844	0.52891	0.02238	0.01691	0.02319	0.01717	0.08468	0.01487	0.00873	0.01076	0.00269	0.08928	0.00985	0.00407	0.00965
78	0.02040	0.59706	0.11387	0.01443	0.02135	0.05216	0.01485	0.05454	0.01669	0.02006	0.01132	0.01296	0.00988	0.00675	0.00534	0.00176	0.00868	0.00440	0.00348	0.01003
79	0.00972	0.00771	0.00874	0.00848	0.01071	0.00673	0.00636	0.01236	0.01908	0.02475	0.33674	0.06598	0.42047	0.01762	0.00896	0.00249	0.00373	0.01502	0.00760	0.00673
80	0.01910	0.02044	0.03456	0.06003	0.32690	0.08345	0.26198	0.02396	0.01758	0.02352	0.01421	0.01888	0.01145	0.00705	0.00880	0.00240	0.04379	0.00740	0.00377	0.01074
81	0.00943	0.00772	0.00844	0.00861	0.01085	0.00656	0.00628	0.01135	0.01672	0.02082	0.08910	0.22442	0.47653	0.01947	0.00897	0.00261	0.00405	0.01666	0.00697	0.04444
82	0.01734	0.01905	0.03935	0.08904	0.03802	0.01820	0.52017	0.02318	0.01727	0.02373	0.01484	0.01986	0.01131	0.00662	0.00897	0.00244	0.03268	0.00825	0.00385	0.08583
83	0.01775	0.01880	0.03682	0.09369	0.23495	0.01897	0.35725	0.02306	0.01695	0.02351	0.01440	0.01960	0.01141	0.00719	0.00975	0.00253	0.07130	0.00790	0.00373	0.01045
84	0.00924	0.00660	0.00880	0.01056	0.01100	0.00616	0.00704	0.01056	0.01452	0.01936	0.04181	0.72848	0.05017	0.02376	0.00968	0.00308	0.00440	0.02156	0.00704	0.00616
85	0.01454	0.01371	0.02315	0.68229	0.08344	0.01691	0.02117	0.01957	0.01527	0.01965	0.01352	0.02015	0.01020	0.00754	0.00758	0.00251	0.01006	0.00674	0.00339	0.00860
86	0.02653	0.03309	0.02162	0.02056	0.05546	0.60659	0.01494	0.02863	0.02041	0.01881	0.01215	0.01479	0.01030	0.01022	0.03893	0.00249	0.04655	0.00520	0.00388	0.00884
87	0.01207	0.00868	0.01201	0.01368	0.01546	0.00862	0.01192	0.01549	0.01745	0.02260	0.04186	0.08498	0.07323	0.02087	0.01041	0.00345	0.00684	0.60642	0.00699	0.00696
88	0.01423	0.01327	0.02229	0.68440	0.05064	0.01650	0.02068	0.01922	0.01527	0.01953	0.01465	0.02309	0.01158	0.00817	0.00771	0.00257	0.00997	0.03434	0.00353	0.00836
89	0.01047	0.00769	0.00980	0.00939	0.01120	0.00703	0.00700	0.01375	0.02067	0.02878	0.58414	0.09152	0.13765	0.01632	0.00898	0.00244	0.00365	0.01436	0.00814	0.00703
90	0.01432	0.01348	0.02275	0.71520	0.05224	0.01685	0.02107	0.01938	0.01517	0.01938	0.01348	0.02022	0.01011	0.00758	0.00758	0.00253	0.01011	0.00674	0.00337	0.00843
91	0.01887	0.01629	0.01715	0.01544	0.01972	0.01887	0.01201	0.04031	0.67241	0.03173	0.03087	0.02830	0.02315	0.01029	0.00772	0.00257	0.00600	0.00858	0.00772	0.01201
92	0.01074	0.00775	0.01014	0.00954	0.01133	0.00716	0.00716	0.01431	0.02147	0.03042	0.68211	0.05666	0.07157	0.01551	0.00895	0.00239	0.00358	0.01372	0.00835	0.00716
93	0.01912	0.01886	0.03104	0.04482	0.63067	0.04544	0.05141	0.02360	0.01747	0.02451	0.01421	0.01865	0.01190	0.00678	0.00755	0.00225	0.00937	0.00678	0.00376	0.01181
94	0.78701	0.01467	0.01115	0.00997	0.01467	0.01702	0.00821	0.02230	0.01291	0.03403	0.01056	0.01232	0.00821	0.00704	0.00469	0.00235	0.00587	0.00411	0.00469	0.00821
95	0.01705	0.01989	0.07228	0.05449	0.03655	0.01762	0.51532	0.02301	0.01736	0.02391	0.01622	0.05193	0.01309	0.00720	0.00855	0.00244	0.01159	0.00887	0.00399	0.07865
96	0.01859	0.42259	0.30447	0.01678	0.02507	0.05552	0.01916	0.02359	0.01593	0.02038	0.01184	0.01380	0.00968	0.00684	0.00591	0.00195	0.00962	0.00472	0.00326	0.01029
97	0.01084	0.00813	0.01219	0.01219	0.01354	0.00948	0.00948	0.01354	0.01219	0.01761	0.02032	0.02980	0.01896	0.05689	0.70337	0.01219	0.02032	0.00813	0.00406	0.00677
98	0.01040	0.00769	0.01108	0.03392	0.01364	0.00735	0.04006	0.01254	0.01565	0.02163	0.11484	0.53546	0.04711	0.02023	0.00915	0.00285	0.00484	0.01839	0.06656	0.00663
99	0.01414	0.00707	0.00707	0.00707	0.00884	0.00707	0.00530	0.01767	0.01591	0.02828	0.02474	0.02828	0.01944	0.00884	0.00530	0.00177	0.00353	0.00707	0.77554	0.00707
100	0.01558	0.01524	0.02723	0.50568	0.15682	0.01738	0.11224	0.02073	0.01591	0.02099	0.01388	0.02001	0.01063	0.00728	0.00777	0.00249	0.01031	0.00706	0.00350	0.00929
101	0.02756	0.02062	0.02205	0.01720	0.02304	0.02293	0.01411	0.58180	0.11675	0.04576	0.01982	0.01950	0.01421	0.00926	0.00760	0.00231	0.00805	0.00705	0.00760	0.01279
102	0.78701	0.01467	0.01115	0.00997	0.01467	0.01702	0.00821	0.02230	0.01291	0.03403	0.01056	0.01232	0.00821	0.00704	0.00469	0.00235	0.00587	0.00411	0.00469	0.00821
103	0.03146	0.01268	0.01700	0.01329	0.01876	0.01123	0.01088	0.03537	0.05434	0.60698	0.08059	0.02834	0.02309	0.00991	0.00773	0.00236	0.00621	0.00815	0.00922	0.01242
104	0.01878	0.01781	0.02909	0.04269	0.60325	0.01813	0.02188	0.02540	0.09874	0.02564	0.01633	0.01996	0.01340	0.00720	0.00754	0.00229	0.00864	0.00698	0.00425	0.01201
105	0.01103	0.00735	0.00827	0.00827	0.00827	0.00735	0.00460	0.01103	0.01103	0.01471	0.02390	0.04964	0.02758	0.73343	0.03861	0.00735	0.00735	0.01103	0.00460	0.00460
106	0.01610	0.01587	0.02228	0.01925	0.01937	0.02205	0.01598	0.01785	0.01167	0.01820	0.01085	0.01773	0.01073	0.01702	0.08317	0.00408	0.65948	0.00677	0.00338	0.00817
107	0.78701	0.01467	0.01115	0.00997	0.01467	0.01702	0.00821	0.02230	0.01291	0.03403	0.01056	0.01232	0.00821	0.00704	0.00469	0.00235	0.00587	0.00411	0.00469	0.00821
108	0.12258	0.01440	0.01676	0.01342	0.01874	0.04154	0.01092	0.05559	0.07373	0.47551	0.05859	0.02513	0.01987	0.00940	0.00731	0.00235	0.00657	0.00744	0.00834	0.01181
109	0.01208	0.00863	0.01206	0.01381	0.01550	0.00861	0.01198	0.01548	0.01732	0.02254	0.04024	0.11543	0.04396	0.02108	0.01044	0.00347	0.00686	0.60655	0.00699	0.00695
110	0.19284	0.03207	0.48462	0.01978	0.02921	0.01760	0.07447	0.02365	0.01545	0.02634	0.01305	0.01552	0.00944	0.00710	0.00677	0.00240	0.01011	0.00553	0.00360	0.01044
111	0.01774	0.02120	0.07410	0.03110	0.03869	0.01924	0.60852	0.02409	0.01761	0.02409	0.01509	0.02013	0.01137	0.00666	0.00939	0.00258	0.03570	0.00872	0.00379	0.01021
112	0.01777	0.01700	0.02897	0.19761	0.54292	0.01776	0.02278	0.02240	0.01680	0.02356	0.01409	0.01910	0.01158	0.00694	0.00753	0.00231	0.00926	0.00675	0.00367	0.01120
113	0.01103	0.00735	0.00827	0.00827	0.00827	0.00735	0.00460	0.01103	0.01103	0.01471	0.02390	0.04964	0.02758	0.73343	0.03861	0.00735	0.00735	0.01103	0.00460	0.00460
114	0.00945	0.00682	0.00897	0.01046	0.01116	0.00634	0.00717	0.01106	0.01532	0.02042	0.09433	0.61944	0.08339	0.02278	0.00962	0.00301	0.00440	0.04245	0.00714	0.00628
115	0.00930	0.00669	0.00882	0.01041	0.01099	0.00621	0.00700	0.01074	0.01493	0.01989	0.07122	0.67483	0.07442	0.02323	0.00962	0.00303	0.00434	0.02101	0.00710	0.00621
116	0.01125	0.00784	0.00991	0.00940	0.01123	0.00718	0.00694	0.01427	0.01998	0.04900	0.52015	0.08255	0.13594	0.06766	0.01107	0.00279	0.00400	0.01389	0.00791	0.00703
117	0.02028	0.73799	0.03975	0.01298	0.01947	0.03001	0.01298	0.02271	0.01541	0.01785	0.01055	0.01217	0.00973	0.00649	0.00487	0.00162	0.00811	0.00406	0.00324	0.00973
118	0.01414	0.00707	0.00707	0.00707	0.00884	0.00707	0.00530	0.01767	0.01591	0.02828	0.02474	0.02828	0.01944	0.00884	0.00530	0.00177	0.00353	0.00707	0.77554	0.00707
119	0.01619	0.01655	0.02951	0.02406	0.05382	0.01877	0.26284	0.01987	0.01472	0.02128	0.01612	0.08641	0.01511	0.01284	0.04160	0.00324	0.29894	0.00902	0.03021	0.00890
120	0.01839	0.01617	0.01893	0.02014	0.12772	0.01815	0.01355	0.03617	0.53536	0.03008	0.03031	0.02883	0.05200	0.01013	0.00774	0.00252	0.00639	0.00863	0.00704	0.01175
121	0.02130	0.01042	0.01374	0.01156	0.01525	0.00948	0.00914	0.02548	0.05362	0.31894	0.36543	0.04180	0.04615	0.01258	0.00831	0.00238	0.00495	0.01081	0.00877	0.00991
122	0.00991	0.00761	0.00839	0.00826	0.00997	0.00682	0.00577	0.01169	0.01658	0.02120	0.19877	0.06318	0.37323	0.20639	0.01676	0.00378	0.00471	0.01418	0.00669	0.00610
123	0.01088	0.00795	0.01128	0.01128	0.01231	0.00898	0.00834	0.01296	0.01192	0.01693	0.02115	0.03443	0.02097	0.21484	0.54817	0.01106	0.01729	0.00880	0.00419	0.00626
124	0.78701	0.01467	0.01115	0.00997	0.01467	0.01702	0.00821	0.02230	0.01291	0.03403	0.01056	0.01232	0.00821	0.00704	0.00469	0.00235	0.00587	0.00411	0.00469	0.00821
125	0.02883	0.02125	0.02276	0.01745	0.02352	0.02352	0.01442	0.66082	0.03566	0.04780	0.01821	0.01821	0.01290	0.00911	0.00759	0.00228	0.00835	0.00683	0.00759	0.01290
126	0.01084	0.00813	0.01219	0.01219	0.01354	0.00948	0.00948	0.01354	0.01219	0.01761	0.02032	0.02980	0.01896	0.05689	0.70337	0.01219	0.02032	0.00813	0.00406	0.00677
127	0.02811	0.02086	0.02276	0.05246	0.02496	0.02319	0.01475	0.62864	0.03463	0.04638	0.01797	0.01831	0.01276	0.00903	0.00759	0.00229	0.00844	0.00682	0.00738	0.01267
128	0.01088	0.00733	0.00850	0.00863	0.00873	0.00736	0.00501	0.01111	0.01136	0.01520	0.02513	0.10158	0.02893	0.64673	0.06724	0.00725	0.00773	0.01172	0.00476	0.00482
129	0.01877	0.01358	0.01596	0.01497	0.01858	0.01468	0.01240	0.12475	0.24595	0.08228	0.03279	0.05083	0.02993	0.01456	0.00886	0.00290	0.00681	0.27380	0.00752	0.01009
130	0.01318	0.00659	0.00988	0.00988	0.00988	0.00659	0.00659	0.00988	0.00988	0.01318	0.01318	0.02306	0.01318	0.02635	0.02964	0.77931	0.00659	0.00659	0.00329	0.00329
131	0.02883	0.02125	0.02276	0.01745	0.02352	0.02352	0.01442	0.66082	0.03566	0.04780	0.01821	0.01821	0.01290	0.00911	0.00759	0.00228	0.00835	0.00683	0.00759	0.01290
132	0.01275	0.00872	0.01055	0.01011	0.01119	0.00932	0.00696	0.06650	0.01390	0.01963	0.02242	0.03898	0.02297	0.39923	0.23438	0.00787	0.01100	0.00942	0.07792	0.00618
133	0.01616	0.03791	0.66019	0.02121	0.03215	0.01729	0.02718	0.02467	0.01630	0.05750	0.01443	0.01651	0.01007	0.00732	0.00723	0.00240	0.01097	0.00571	0.00351	0.01130
134	0.01877	0.01802	0.03079	0.04656	0.68612	0.01802	0.02328	0.02328	0.01727	0.02478	0.01427	0.01877	0.01201	0.00676	0.00751	0.00225	0.00901	0.00676	0.00375	0.01201
