[name]
unknown

[dist]
# distance from previous block
# <min> <max>
7	32

[block]
# block no. 0 follows, 25 sequences, length 10
# corresponding to MSA columns:
# 40-49
name=unknown_A
#
# <colnr> <probs for GDERKNQSTAVLIFYWHMCP>
#	G	D	E	R	K	N	Q	S	T	A	V	L	I	F	Y	W	H	M	C	P
0	0.04784	0.00932	0.01063	0.01072	0.01265	0.00939	0.00778	0.01734	0.12133	0.02461	0.17193	0.23501	0.15186	0.09790	0.01242	0.00330	0.00500	0.03633	0.00719	0.00746
1	0.06047	0.01019	0.05823	0.00946	0.01184	0.00874	0.00785	0.01705	0.01545	0.02611	0.06279	0.07362	0.02372	0.05590	0.05639	0.04549	0.00596	0.00856	0.43498	0.00718
2	0.06520	0.05561	0.01481	0.01247	0.01537	0.03583	0.00995	0.02249	0.10435	0.09356	0.09991	0.10031	0.02951	0.01883	0.09699	0.00380	0.03339	0.06606	0.11281	0.00874
3	0.11940	0.01021	0.04151	0.01035	0.01253	0.00920	0.00791	0.01657	0.01503	0.07187	0.06480	0.23525	0.03132	0.14601	0.01437	0.03442	0.00563	0.01225	0.13425	0.00714
4	0.01149	0.00852	0.01029	0.01088	0.01224	0.00843	0.00792	0.01509	0.07561	0.02145	0.08924	0.23007	0.12670	0.19642	0.01708	0.00415	0.00578	0.13518	0.00673	0.00673
5	0.04009	0.01070	0.01234	0.01180	0.01395	0.01130	0.00880	0.06148	0.11611	0.02588	0.11643	0.18848	0.07318	0.12294	0.01394	0.00342	0.03718	0.05056	0.05277	0.02863
6	0.37335	0.01380	0.01360	0.03913	0.01727	0.01496	0.00962	0.06931	0.06530	0.07776	0.13689	0.02459	0.02315	0.00934	0.00644	0.00233	0.00588	0.00702	0.03272	0.05755
7	0.01683	0.01363	0.01677	0.05149	0.01983	0.01313	0.01108	0.06812	0.05734	0.05071	0.02073	0.14568	0.01966	0.01081	0.00919	0.00207	0.08576	0.00869	0.00550	0.37299
8	0.06216	0.01411	0.06378	0.05157	0.01850	0.01431	0.01198	0.08665	0.07432	0.02716	0.02125	0.06449	0.01817	0.01926	0.13493	0.00427	0.09015	0.00803	0.20610	0.00879
9	0.01772	0.01481	0.05546	0.06678	0.02065	0.03201	0.01287	0.06014	0.01738	0.09857	0.06827	0.09939	0.02209	0.01614	0.07747	0.00342	0.13645	0.00885	0.05161	0.11993

[dist]
# distance from previous block
# <min> <max>
2	8

[block]
# block no. 1 follows, 25 sequences, length 43
# corresponding to MSA columns:
# 58-100
name=unknown_B
#
# <colnr> <probs for GDERKNQSTAVLIFYWHMCP>
#	G	D	E	R	K	N	Q	S	T	A	V	L	I	F	Y	W	H	M	C	P
0	0.06384	0.01870	0.02870	0.12816	0.52258	0.05740	0.02210	0.02364	0.01737	0.02481	0.01411	0.01869	0.01167	0.00710	0.00748	0.00233	0.00944	0.00664	0.00385	0.01140
1	0.02358	0.04225	0.02058	0.01652	0.02151	0.07125	0.03537	0.17664	0.32003	0.10582	0.06341	0.02602	0.02176	0.00999	0.00780	0.00244	0.00751	0.00813	0.00749	0.01190
2	0.13956	0.01936	0.07418	0.01593	0.02143	0.01942	0.01381	0.23781	0.18021	0.10540	0.04541	0.02221	0.01743	0.00960	0.00822	0.00249	0.04169	0.00722	0.00698	0.01165
3	0.01445	0.00723	0.00723	0.00723	0.00903	0.00723	0.00542	0.01807	0.01626	0.02891	0.02529	0.02891	0.01987	0.00903	0.00542	0.00181	0.00361	0.00723	0.77055	0.00723
4	0.01733	0.01619	0.05360	0.20244	0.03017	0.01720	0.06346	0.12494	0.11332	0.02771	0.06648	0.08332	0.02203	0.01308	0.03634	0.00306	0.06323	0.03071	0.00563	0.00976
5	0.01045	0.00791	0.00964	0.00920	0.01126	0.00709	0.00690	0.01361	0.02071	0.02815	0.50190	0.06277	0.24815	0.01695	0.00915	0.00249	0.00374	0.01470	0.00815	0.00709
6	0.01682	0.02292	0.18931	0.08455	0.19408	0.01773	0.21093	0.02289	0.01755	0.02485	0.07772	0.02277	0.01713	0.00809	0.00890	0.00251	0.03853	0.00797	0.00413	0.01062
7	0.11483	0.23106	0.09773	0.09407	0.02549	0.20176	0.01554	0.06086	0.01829	0.02316	0.01363	0.04561	0.01179	0.00819	0.00644	0.00213	0.00995	0.00580	0.00411	0.00954
8	0.33260	0.08626	0.04866	0.12768	0.02515	0.01855	0.05031	0.07050	0.04642	0.07644	0.01583	0.04310	0.01254	0.00832	0.00643	0.00241	0.00776	0.00632	0.00511	0.00963
9	0.01669	0.01597	0.04699	0.28240	0.19558	0.01710	0.01877	0.04475	0.11649	0.02448	0.04556	0.02496	0.04209	0.00976	0.00937	0.03286	0.03369	0.00779	0.00471	0.01000
10	0.03479	0.01320	0.01799	0.01380	0.01979	0.01140	0.01140	0.03779	0.02219	0.68451	0.03059	0.02639	0.01919	0.00960	0.00780	0.00240	0.00660	0.00780	0.00960	0.01320
11	0.02073	0.73217	0.04063	0.01327	0.01990	0.03068	0.01327	0.02322	0.01575	0.01824	0.01078	0.01244	0.00995	0.00663	0.00498	0.00166	0.00829	0.00415	0.00332	0.00995
12	0.01445	0.00723	0.00723	0.00723	0.00903	0.00723	0.00542	0.01807	0.01626	0.02891	0.02529	0.02891	0.01987	0.00903	0.00542	0.00181	0.00361	0.00723	0.77055	0.00723
13	0.02812	0.02035	0.02268	0.07207	0.02593	0.02254	0.01496	0.53793	0.06454	0.08251	0.01956	0.01973	0.01382	0.00926	0.00776	0.00237	0.00845	0.00711	0.00753	0.01278
14	0.01677	0.01669	0.02371	0.07849	0.02315	0.02320	0.01735	0.01876	0.01218	0.01876	0.01048	0.01728	0.01019	0.01308	0.02395	0.00332	0.65396	0.00679	0.00340	0.00849
15	0.01073	0.00824	0.01232	0.03712	0.01536	0.00796	0.04640	0.01295	0.01565	0.02075	0.03982	0.53448	0.04626	0.02212	0.00993	0.00318	0.00571	0.13738	0.00686	0.00678
16	0.06228	0.02408	0.02314	0.09845	0.10793	0.20604	0.01628	0.28121	0.05034	0.03325	0.01587	0.01775	0.01205	0.00842	0.00740	0.00228	0.01010	0.00635	0.00562	0.01115
17	0.00945	0.00675	0.00900	0.01080	0.01125	0.00630	0.00720	0.01080	0.01484	0.01979	0.04274	0.72245	0.05128	0.02429	0.00990	0.00315	0.00450	0.02204	0.00720	0.00630
18	0.02420	0.07337	0.07573	0.07845	0.05246	0.10086	0.04708	0.29208	0.02565	0.06308	0.01790	0.05926	0.01438	0.00947	0.00817	0.00237	0.03095	0.00746	0.00586	0.01122
19	0.02487	0.04888	0.17960	0.01779	0.02467	0.07830	0.05353	0.12463	0.05059	0.22875	0.07228	0.02348	0.01890	0.00913	0.00770	0.00236	0.00890	0.00741	0.00660	0.01162
20	0.01030	0.00817	0.00929	0.00896	0.01128	0.00730	0.00673	0.01366	0.04046	0.02585	0.34330	0.06569	0.38586	0.01765	0.00911	0.00254	0.00388	0.01507	0.00782	0.00707
21	0.01608	0.01378	0.01608	0.01148	0.01837	0.01034	0.00919	0.01952	0.01608	0.02527	0.01378	0.01608	0.01148	0.00574	0.00574	0.00115	0.00574	0.00459	0.00459	0.77491
22	0.02150	0.05913	0.02731	0.01922	0.02587	0.01700	0.19165	0.13878	0.04380	0.10366	0.01853	0.02190	0.01429	0.00784	0.00751	0.00209	0.00862	0.02947	0.00568	0.23616
23	0.05389	0.54162	0.03467	0.01431	0.02013	0.14888	0.01320	0.02414	0.01661	0.01906	0.01148	0.01360	0.01035	0.00941	0.03897	0.00228	0.00983	0.00450	0.00354	0.00956
24	0.00945	0.00675	0.00900	0.01080	0.01125	0.00630	0.00720	0.01080	0.01484	0.01979	0.04274	0.72245	0.05128	0.02429	0.00990	0.00315	0.00450	0.02204	0.00720	0.00630
25	0.01608	0.01378	0.01608	0.01148	0.01837	0.01034	0.00919	0.01952	0.01608	0.02527	0.01378	0.01608	0.01148	0.00574	0.00574	0.00115	0.00574	0.00459	0.00459	0.77491
26	0.11267	0.02129	0.16964	0.17377	0.05475	0.01775	0.04058	0.10736	0.08793	0.05294	0.01669	0.01942	0.01241	0.00876	0.00817	0.03275	0.00895	0.00652	0.00492	0.04272
27	0.02765	0.14774	0.02495	0.01891	0.02332	0.59029	0.01471	0.02973	0.02098	0.01886	0.01179	0.01374	0.00998	0.00777	0.00667	0.00194	0.01308	0.00486	0.00389	0.00914
28	0.00919	0.00775	0.00796	0.00813	0.01054	0.00652	0.00601	0.01110	0.01741	0.02084	0.07524	0.13449	0.61826	0.02007	0.00923	0.00267	0.00398	0.01689	0.00720	0.00652
29	0.02132	0.01733	0.01835	0.01574	0.02038	0.01962	0.01240	0.20342	0.44601	0.03575	0.02969	0.02879	0.04702	0.03723	0.00908	0.00273	0.00674	0.00868	0.00771	0.01201
30	0.12142	0.01813	0.01935	0.01542	0.02087	0.01978	0.01260	0.37871	0.10184	0.12217	0.04952	0.02208	0.01738	0.00949	0.00739	0.00237	0.00732	0.00725	0.03489	0.01202
31	0.00945	0.00675	0.00900	0.01080	0.01125	0.00630	0.00720	0.01080	0.01484	0.01979	0.04274	0.72245	0.05128	0.02429	0.00990	0.00315	0.00450	0.02204	0.00720	0.00630
32	0.02017	0.69031	0.03888	0.01306	0.01942	0.02933	0.01292	0.02272	0.01611	0.01898	0.04918	0.01507	0.01360	0.00717	0.00522	0.00170	0.00802	0.00472	0.00362	0.00980
33	0.01098	0.00793	0.01055	0.01119	0.01272	0.00750	0.00869	0.01402	0.01901	0.02591	0.33027	0.21931	0.08258	0.01949	0.00976	0.00292	0.00484	0.18753	0.00779	0.00700
34	0.02973	0.02131	0.02302	0.01765	0.02384	0.02344	0.01458	0.62365	0.03577	0.07948	0.01919	0.01899	0.01348	0.00932	0.00776	0.00233	0.00844	0.00702	0.00785	0.01319
35	0.01696	0.01696	0.02375	0.02036	0.02036	0.02375	0.01696	0.01866	0.01187	0.01866	0.01018	0.01696	0.01018	0.01357	0.02545	0.00339	0.71332	0.00679	0.00339	0.00848
36	0.02896	0.03695	0.02197	0.01998	0.02397	0.69638	0.01498	0.03096	0.02197	0.01898	0.01199	0.01398	0.00999	0.00799	0.00699	0.00200	0.01398	0.00499	0.00400	0.00899
37	0.01509	0.01466	0.02587	0.56730	0.07688	0.01717	0.10113	0.02028	0.01604	0.02073	0.01657	0.02273	0.03644	0.00802	0.00798	0.00258	0.01039	0.00755	0.00367	0.00892
38	0.00976	0.00702	0.00932	0.01106	0.01173	0.00658	0.00771	0.01136	0.01526	0.02019	0.04384	0.63223	0.07298	0.02382	0.00996	0.00317	0.00476	0.08565	0.00719	0.00640
39	0.08038	0.01400	0.01971	0.13824	0.18790	0.01489	0.01503	0.05182	0.08932	0.06678	0.20685	0.03147	0.03080	0.01030	0.00791	0.00244	0.00703	0.00898	0.00615	0.01001
40	0.12761	0.01747	0.07519	0.08798	0.10033	0.01695	0.04400	0.05358	0.21032	0.07994	0.04991	0.06396	0.02009	0.00981	0.00758	0.00253	0.00758	0.00832	0.00609	0.01076
41	0.01171	0.00807	0.00982	0.01016	0.01217	0.00710	0.00739	0.01369	0.01684	0.06929	0.08132	0.36185	0.25859	0.02025	0.00930	0.00280	0.00459	0.04377	0.00731	0.04398
42	0.01938	0.09760	0.02034	0.01508	0.04787	0.05591	0.01152	0.13510	0.07624	0.02803	0.01880	0.08110	0.01685	0.03961	0.00817	0.00210	0.00717	0.00728	0.00547	0.30638

[dist]
# distance from previous block
# <min> <max>
0	2

[block]
# block no. 2 follows, 25 sequences, length 128
# corresponding to MSA columns:
# 103-230
name=unknown_C
#
# <colnr> <probs for GDERKNQSTAVLIFYWHMCP>
#	G	D	E	R	K	N	Q	S	T	A	V	L	I	F	Y	W	H	M	C	P
0	0.02691	0.01787	0.02008	0.01584	0.02109	0.01916	0.01287	0.42848	0.06018	0.13807	0.08463	0.02441	0.02042	0.01123	0.00942	0.05422	0.00754	0.00785	0.00782	0.01191
1	0.00958	0.00680	0.00896	0.01063	0.01105	0.00638	0.00702	0.01083	0.01459	0.01946	0.04144	0.67505	0.04965	0.07391	0.01198	0.00346	0.00471	0.02128	0.00702	0.00618
2	0.15119	0.01778	0.02066	0.04583	0.11744	0.04436	0.01445	0.16272	0.11880	0.15019	0.01980	0.02043	0.01447	0.00903	0.00849	0.00247	0.05717	0.00683	0.00643	0.01146
3	0.01476	0.01327	0.02001	0.34109	0.03512	0.01384	0.04536	0.01960	0.03890	0.02226	0.01869	0.09860	0.01698	0.00951	0.00757	0.00226	0.00818	0.03149	0.00452	0.23801
4	0.01197	0.00892	0.01280	0.01253	0.01409	0.01028	0.00970	0.04447	0.01356	0.01935	0.02083	0.03083	0.01949	0.08671	0.63331	0.01175	0.01957	0.00838	0.00435	0.00712
5	0.04222	0.01472	0.01752	0.07552	0.04634	0.03351	0.01169	0.04282	0.08721	0.04862	0.04966	0.02079	0.01608	0.00874	0.00861	0.03999	0.03742	0.00620	0.00517	0.38717
6	0.45560	0.04196	0.06319	0.01480	0.02055	0.06570	0.07002	0.07908	0.01733	0.08806	0.01389	0.01539	0.01029	0.00757	0.00604	0.00236	0.00791	0.00535	0.00517	0.00970
7	0.00945	0.00675	0.00900	0.01080	0.01125	0.00630	0.00720	0.01080	0.01484	0.01979	0.04274	0.72245	0.05128	0.02429	0.00990	0.00315	0.00450	0.02204	0.00720	0.00630
8	0.01235	0.01304	0.09285	0.07993	0.02001	0.01064	0.04245	0.01725	0.06044	0.02421	0.17207	0.28867	0.04094	0.01796	0.03876	0.00315	0.00689	0.01422	0.03615	0.00801
9	0.01627	0.05200	0.02232	0.14501	0.02536	0.04589	0.01612	0.01932	0.03450	0.01939	0.01526	0.08704	0.01503	0.01483	0.04758	0.00345	0.40000	0.00822	0.00397	0.00844
10	0.00941	0.00688	0.00886	0.01044	0.01115	0.00633	0.00704	0.01084	0.01519	0.01993	0.04707	0.64399	0.12694	0.02373	0.00981	0.00308	0.00443	0.02135	0.00720	0.00633
11	0.02274	0.47651	0.03632	0.01671	0.02300	0.13282	0.07586	0.09356	0.01924	0.02235	0.01230	0.01418	0.01049	0.00713	0.00600	0.00188	0.00967	0.00508	0.00397	0.01020
12	0.02099	0.01016	0.01347	0.01160	0.01520	0.00903	0.00919	0.02414	0.02122	0.30781	0.29886	0.07818	0.09034	0.01411	0.00868	0.00252	0.00513	0.04088	0.00876	0.00971
13	0.34036	0.01894	0.01837	0.01468	0.02031	0.02130	0.01212	0.39291	0.02685	0.04305	0.01539	0.01613	0.01121	0.00844	0.00653	0.00236	0.00749	0.00583	0.00653	0.01121
14	0.01134	0.00850	0.01219	0.01206	0.01315	0.00986	0.00909	0.01358	0.01223	0.01750	0.02100	0.03351	0.02058	0.17457	0.55461	0.01124	0.04540	0.00877	0.00422	0.00659
15	0.02896	0.03695	0.02197	0.01998	0.02397	0.69638	0.01498	0.03096	0.02197	0.01898	0.01199	0.01398	0.00999	0.00799	0.00699	0.00200	0.01398	0.00499	0.00400	0.00899
16	0.02905	0.02300	0.02293	0.01797	0.02389	0.08856	0.01467	0.57064	0.05845	0.04538	0.01846	0.01855	0.01327	0.00923	0.00769	0.00231	0.00897	0.00686	0.00740	0.01275
17	0.00948	0.00754	0.00851	0.00896	0.01084	0.00657	0.00646	0.01148	0.01740	0.02192	0.14494	0.26232	0.41521	0.02051	0.00938	0.00275	0.00406	0.01773	0.00737	0.00657
18	0.02115	0.01671	0.02288	0.05654	0.13272	0.01784	0.07310	0.09332	0.28606	0.10483	0.04927	0.02799	0.02107	0.00977	0.00808	0.00254	0.00772	0.02984	0.00681	0.01176
19	0.07903	0.01773	0.02465	0.05598	0.33087	0.04086	0.01790	0.08911	0.07372	0.16465	0.01929	0.02082	0.01431	0.00808	0.00750	0.00236	0.00832	0.00699	0.00580	0.01203
20	0.00959	0.00701	0.00903	0.01034	0.01120	0.00645	0.00706	0.01128	0.01600	0.02125	0.12091	0.57098	0.12480	0.02277	0.00973	0.00301	0.00434	0.02046	0.00735	0.00645
21	0.10363	0.36686	0.21592	0.01565	0.02330	0.05548	0.01686	0.02419	0.01616	0.04338	0.01250	0.01426	0.01012	0.00701	0.00585	0.00198	0.00901	0.00477	0.00376	0.04929
22	0.14257	0.04826	0.24091	0.04001	0.07047	0.01567	0.01753	0.02610	0.01734	0.17379	0.03665	0.01940	0.01396	0.00785	0.00686	0.00225	0.00829	0.00612	0.00529	0.10067
23	0.37309	0.12723	0.02146	0.08763	0.06655	0.01959	0.04018	0.07503	0.01675	0.05494	0.01311	0.01540	0.01020	0.00732	0.00592	0.00224	0.00755	0.00525	0.00474	0.04582
24	0.00974	0.00693	0.00921	0.01092	0.01144	0.00653	0.00744	0.01117	0.01488	0.01980	0.04176	0.64805	0.04974	0.05734	0.01135	0.00338	0.00482	0.06216	0.00708	0.00628
25	0.01445	0.00723	0.00723	0.00723	0.00903	0.00723	0.00542	0.01807	0.01626	0.02891	0.02529	0.02891	0.01987	0.00903	0.00542	0.00181	0.00361	0.00723	0.77055	0.00723
26	0.01597	0.06463	0.05670	0.13870	0.08637	0.01700	0.29600	0.02086	0.01682	0.02254	0.02058	0.16750	0.01969	0.01054	0.00861	0.00263	0.01013	0.01085	0.00446	0.00943
27	0.02424	0.01925	0.01834	0.01603	0.02048	0.14480	0.01276	0.11954	0.23157	0.15228	0.05739	0.03231	0.02355	0.01121	0.00807	0.00252	0.00804	0.07911	0.00740	0.01112
28	0.01005	0.00733	0.00952	0.01098	0.01172	0.00703	0.00746	0.01261	0.04850	0.02120	0.08463	0.64243	0.05134	0.02302	0.00974	0.00307	0.00453	0.02083	0.00732	0.00667
29	0.04332	0.01394	0.01620	0.01177	0.01833	0.01109	0.00945	0.01961	0.01582	0.02536	0.01354	0.01599	0.01133	0.00609	0.00644	0.00128	0.03210	0.00466	0.00456	0.71914
30	0.03893	0.01221	0.05033	0.09994	0.02108	0.01229	0.05854	0.01526	0.01459	0.02053	0.02886	0.38681	0.03249	0.05035	0.01299	0.00322	0.11359	0.01499	0.00552	0.00748
31	0.00945	0.00675	0.00900	0.01080	0.01125	0.00630	0.00720	0.01080	0.01484	0.01979	0.04274	0.72245	0.05128	0.02429	0.00990	0.00315	0.00450	0.02204	0.00720	0.00630
32	0.01676	0.01839	0.05684	0.13838	0.03765	0.01751	0.41654	0.02302	0.04906	0.02343	0.01800	0.07344	0.01508	0.00932	0.00994	0.04202	0.01127	0.00949	0.00423	0.00961
33	0.01778	0.01596	0.01849	0.03912	0.05208	0.04811	0.04373	0.03163	0.39741	0.02773	0.05784	0.03171	0.06859	0.03889	0.01099	0.04216	0.03157	0.00915	0.00665	0.01043
34	0.00945	0.00675	0.00900	0.01080	0.01125	0.00630	0.00720	0.01080	0.01484	0.01979	0.04274	0.72245	0.05128	0.02429	0.00990	0.00315	0.00450	0.02204	0.00720	0.00630
35	0.02509	0.05454	0.02235	0.05289	0.05264	0.38710	0.01505	0.10020	0.11050	0.02452	0.01746	0.01899	0.03209	0.00900	0.00817	0.00224	0.04595	0.00630	0.00496	0.00998
36	0.01172	0.00791	0.01039	0.01090	0.01249	0.00734	0.00818	0.01437	0.01841	0.05809	0.26820	0.30419	0.10371	0.01976	0.00960	0.00289	0.00468	0.11223	0.00778	0.00716
37	0.07227	0.05738	0.16246	0.05830	0.05069	0.01718	0.24737	0.02368	0.01744	0.07436	0.04883	0.02601	0.01701	0.01075	0.03807	0.00298	0.01075	0.04967	0.00467	0.01013
38	0.01685	0.01670	0.02421	0.10057	0.06837	0.02265	0.01794	0.01914	0.01268	0.01924	0.01088	0.01754	0.01034	0.01246	0.02224	0.00323	0.58599	0.00681	0.00343	0.00875
39	0.02896	0.03695	0.02197	0.01998	0.02397	0.69638	0.01498	0.03096	0.02197	0.01898	0.01199	0.01398	0.00999	0.00799	0.00699	0.00200	0.01398	0.00499	0.00400	0.00899
40	0.01603	0.03074	0.41164	0.02443	0.03379	0.01753	0.23218	0.02371	0.01753	0.02526	0.07681	0.02179	0.01643	0.00789	0.00812	0.00251	0.01126	0.00764	0.00398	0.01074
41	0.01063	0.00788	0.00991	0.00948	0.01139	0.00716	0.00708	0.01393	0.02102	0.02906	0.55646	0.08209	0.17170	0.01675	0.00917	0.00249	0.00373	0.01467	0.00827	0.00716
42	0.01481	0.01379	0.01943	0.05129	0.01922	0.01834	0.01420	0.01678	0.01270	0.01893	0.04047	0.07381	0.01813	0.06881	0.12498	0.00494	0.44882	0.00869	0.00407	0.00780
43	0.04123	0.01334	0.05982	0.01427	0.01712	0.04433	0.06059	0.04061	0.01769	0.04848	0.11928	0.34053	0.06927	0.01741	0.00962	0.00282	0.03103	0.03802	0.00659	0.00795
44	0.00986	0.00735	0.00933	0.01049	0.01163	0.00660	0.00717	0.01142	0.01527	0.02030	0.04511	0.59678	0.12405	0.02248	0.00953	0.00295	0.00451	0.02018	0.00702	0.05795
45	0.01870	0.01740	0.02788	0.15204	0.28873	0.01847	0.10199	0.07017	0.13707	0.02715	0.01921	0.02461	0.01553	0.00852	0.00807	0.00251	0.00921	0.03657	0.00495	0.01122
46	0.01821	0.06527	0.34135	0.05100	0.19080	0.03940	0.04359	0.02640	0.07948	0.04784	0.01619	0.01864	0.01218	0.00760	0.00744	0.00239	0.01015	0.00643	0.00413	0.01152
47	0.04136	0.04779	0.29555	0.06051	0.13705	0.01827	0.09562	0.04668	0.07108	0.08644	0.01716	0.01937	0.01254	0.00771	0.00759	0.00244	0.01000	0.00677	0.00460	0.01148
48	0.02103	0.56659	0.05906	0.01469	0.02071	0.10841	0.01411	0.02370	0.01646	0.01878	0.01233	0.01619	0.01147	0.00773	0.00632	0.00188	0.03577	0.03150	0.00357	0.00971
49	0.00980	0.00696	0.00919	0.01085	0.01135	0.00657	0.00736	0.01119	0.01476	0.01964	0.04115	0.62544	0.04898	0.08046	0.01232	0.00353	0.00492	0.06231	0.00699	0.00623
50	0.05133	0.02069	0.04951	0.08203	0.12458	0.07135	0.06414	0.30035	0.02598	0.03503	0.04915	0.05505	0.01692	0.00941	0.00784	0.00240	0.00913	0.00791	0.00596	0.01127
51	0.02147	0.02381	0.02308	0.09170	0.02572	0.26619	0.03952	0.05266	0.01753	0.02083	0.01234	0.01690	0.01070	0.01157	0.03685	0.00291	0.26836	0.00618	0.00392	0.04776
52	0.01445	0.00723	0.00723	0.00723	0.00903	0.00723	0.00542	0.01807	0.01626	0.02891	0.02529	0.02891	0.01987	0.00903	0.00542	0.00181	0.00361	0.00723	0.77055	0.00723
53	0.06013	0.01621	0.01731	0.01465	0.01906	0.01785	0.01154	0.24798	0.24500	0.06107	0.05132	0.06246	0.06618	0.06158	0.01012	0.00286	0.00677	0.00936	0.00747	0.01107
54	0.14126	0.02318	0.02185	0.10038	0.10223	0.22131	0.01583	0.12913	0.04449	0.02766	0.01393	0.01680	0.01111	0.00866	0.00907	0.00240	0.09001	0.00598	0.00473	0.01000
55	0.00945	0.00675	0.00900	0.01080	0.01125	0.00630	0.00720	0.01080	0.01484	0.01979	0.04274	0.72245	0.05128	0.02429	0.00990	0.00315	0.00450	0.02204	0.00720	0.00630
56	0.01808	0.01542	0.01651	0.01506	0.01909	0.01758	0.01176	0.03726	0.57018	0.03154	0.07668	0.03516	0.04796	0.01169	0.00815	0.00266	0.00595	0.03989	0.00787	0.01151
57	0.04143	0.02017	0.20163	0.08387	0.02488	0.01566	0.04092	0.05673	0.01506	0.04616	0.01402	0.01959	0.01160	0.01443	0.01725	0.23343	0.12441	0.00655	0.00391	0.00831
58	0.00954	0.00679	0.00897	0.01068	0.01110	0.00636	0.00707	0.01082	0.01466	0.01955	0.04181	0.68841	0.05011	0.05993	0.01139	0.00337	0.00465	0.02150	0.00707	0.00622
59	0.02419	0.18227	0.02465	0.05208	0.02311	0.40351	0.01401	0.05588	0.02024	0.02038	0.01758	0.01954	0.06127	0.01082	0.03680	0.00247	0.01184	0.00601	0.00425	0.00910
60	0.01026	0.00738	0.00990	0.01163	0.01252	0.00702	0.00859	0.01224	0.01577	0.02076	0.04361	0.52608	0.07267	0.02334	0.01009	0.00324	0.00519	0.18598	0.00718	0.00654
61	0.03201	0.01542	0.01942	0.04071	0.02208	0.01502	0.01261	0.18399	0.05710	0.47606	0.02716	0.02445	0.01765	0.00950	0.00779	0.00240	0.00718	0.00762	0.00884	0.01298
62	0.15686	0.18726	0.02524	0.01554	0.02152	0.04942	0.01331	0.37442	0.02708	0.03817	0.01519	0.01596	0.01149	0.00827	0.00657	0.00217	0.00824	0.00577	0.00607	0.01145
63	0.02896	0.03695	0.02197	0.01998	0.02397	0.69638	0.01498	0.03096	0.02197	0.01898	0.01199	0.01398	0.00999	0.00799	0.00699	0.00200	0.01398	0.00499	0.00400	0.00899
64	0.01520	0.01435	0.02427	0.62757	0.13033	0.01737	0.02181	0.02030	0.01577	0.02049	0.01388	0.02049	0.01058	0.00765	0.00774	0.00255	0.01020	0.00689	0.00349	0.00906
65	0.00945	0.00675	0.00900	0.01080	0.01125	0.00630	0.00720	0.01080	0.01484	0.01979	0.04274	0.72245	0.05128	0.02429	0.00990	0.00315	0.00450	0.02204	0.00720	0.00630
66	0.01880	0.01789	0.02981	0.10382	0.57965	0.01837	0.02282	0.02461	0.06095	0.02532	0.01565	0.01998	0.01287	0.00723	0.00770	0.00235	0.00910	0.00703	0.00408	0.01196
67	0.00943	0.00680	0.00894	0.01066	0.01121	0.00631	0.00714	0.01081	0.01498	0.01985	0.04443	0.69182	0.08081	0.02407	0.00986	0.00312	0.00447	0.02177	0.00720	0.00631
68	0.01733	0.01872	0.05200	0.07665	0.19743	0.03936	0.26177	0.02314	0.05049	0.02396	0.02225	0.05857	0.07006	0.00927	0.00929	0.00257	0.04313	0.00929	0.00446	0.01025
69	0.65066	0.04191	0.06234	0.01265	0.01819	0.01804	0.05315	0.02307	0.01385	0.03283	0.01134	0.01341	0.00878	0.00715	0.00528	0.00239	0.00694	0.00464	0.00458	0.00880
70	0.01598	0.09796	0.63327	0.02136	0.03242	0.01907	0.02736	0.02444	0.01632	0.02403	0.01365	0.01604	0.00983	0.00731	0.00717	0.00239	0.01119	0.00560	0.00328	0.01133
71	0.01645	0.01386	0.01613	0.01169	0.01830	0.01082	0.00935	0.04895	0.01733	0.02667	0.04752	0.01832	0.01469	0.00642	0.00601	0.00127	0.00577	0.00518	0.00494	0.70035
72	0.01128	0.00752	0.00846	0.00846	0.00846	0.00752	0.00470	0.01128	0.01128	0.01503	0.02443	0.05074	0.02819	0.72751	0.03946	0.00752	0.00752	0.01128	0.00470	0.00470
73	0.02577	0.01692	0.01998	0.05098	0.05076	0.01790	0.01332	0.34175	0.05231	0.16860	0.05499	0.05954	0.04441	0.03542	0.00908	0.00260	0.00755	0.00875	0.00763	0.01175
74	0.23077	0.01291	0.01412	0.01190	0.01642	0.01285	0.00948	0.06215	0.04329	0.21703	0.08761	0.09802	0.02406	0.01073	0.00703	0.00234	0.00580	0.00858	0.04037	0.08453
75	0.00995	0.00725	0.00943	0.01105	0.01170	0.00696	0.00746	0.01235	0.04802	0.02044	0.04216	0.68706	0.04987	0.02359	0.00979	0.00312	0.00458	0.02136	0.00723	0.00660
76	0.01843	0.02115	0.07421	0.03661	0.23147	0.01917	0.43135	0.02451	0.01801	0.02497	0.01527	0.02017	0.01182	0.00669	0.00862	0.00251	0.01183	0.00830	0.00386	0.01106
77	0.02642	0.02542	0.02275	0.10407	0.05172	0.24931	0.01582	0.30148	0.07054	0.03326	0.01651	0.01802	0.01243	0.00867	0.00750	0.00227	0.01045	0.00642	0.00582	0.01112
78	0.00952	0.00680	0.00906	0.01075	0.01126	0.00635	0.00720	0.01098	0.01518	0.02032	0.07234	0.69133	0.05231	0.02390	0.00986	0.00312	0.00446	0.02167	0.00726	0.00635
79	0.01984	0.01878	0.08030	0.02750	0.23962	0.01764	0.06094	0.03135	0.26476	0.08639	0.05423	0.02528	0.01991	0.00896	0.00791	0.00248	0.00800	0.00809	0.00607	0.01193
80	0.01362	0.00944	0.01208	0.04138	0.01376	0.01020	0.00823	0.07473	0.01459	0.01981	0.04721	0.09288	0.02503	0.29411	0.11941	0.14697	0.03522	0.01026	0.00493	0.00613
81	0.00952	0.00678	0.00898	0.01071	0.01114	0.00634	0.00710	0.01081	0.01471	0.01961	0.04204	0.69697	0.05041	0.05096	0.01102	0.00331	0.00461	0.02163	0.00710	0.00624
82	0.02073	0.73217	0.04063	0.01327	0.01990	0.03068	0.01327	0.02322	0.01575	0.01824	0.01078	0.01244	0.00995	0.00663	0.00498	0.00166	0.00829	0.00415	0.00332	0.00995
83	0.01076	0.00786	0.01010	0.00965	0.01148	0.00721	0.00720	0.01417	0.02128	0.02976	0.59802	0.09036	0.12006	0.01655	0.00918	0.00249	0.00372	0.01458	0.00837	0.00721
84	0.03248	0.02386	0.02536	0.02011	0.02632	0.02542	0.01603	0.61326	0.03742	0.05057	0.02227	0.02401	0.01687	0.01186	0.00939	0.00306	0.00972	0.00819	0.00889	0.01490
85	0.01819	0.01653	0.02260	0.18444	0.20249	0.07937	0.04118	0.04329	0.05995	0.05592	0.05478	0.08203	0.04122	0.01081	0.00821	0.00255	0.00878	0.05252	0.00525	0.00989
86	0.02896	0.03695	0.02197	0.01998	0.02397	0.69638	0.01498	0.03096	0.02197	0.01898	0.01199	0.01398	0.00999	0.00799	0.00699	0.00200	0.01398	0.00499	0.00400	0.00899
87	0.13203	0.11351	0.02679	0.02932	0.29716	0.23053	0.01752	0.02581	0.01812	0.02382	0.01275	0.01577	0.01072	0.00725	0.00671	0.00214	0.01012	0.00558	0.00396	0.01041
88	0.00945	0.00675	0.00900	0.01080	0.01125	0.00630	0.00720	0.01080	0.01484	0.01979	0.04274	0.72245	0.05128	0.02429	0.00990	0.00315	0.00450	0.02204	0.00720	0.00630
89	0.02067	0.02022	0.03062	0.02928	0.19146	0.08609	0.22439	0.05805	0.12562	0.05711	0.02061	0.02297	0.03720	0.00814	0.00813	0.00241	0.01001	0.00806	0.00514	0.03384
90	0.02698	0.02048	0.02186	0.01733	0.02309	0.02288	0.01413	0.50330	0.19051	0.04484	0.02179	0.02114	0.01575	0.00960	0.00779	0.00240	0.00795	0.00742	0.00779	0.01296
91	0.03238	0.01314	0.01756	0.01364	0.01939	0.01157	0.01119	0.03636	0.05376	0.60298	0.05990	0.02767	0.02168	0.00982	0.00780	0.00238	0.00641	0.00804	0.00932	0.03501
92	0.04391	0.01754	0.06988	0.21437	0.33306	0.01720	0.02111	0.04243	0.03724	0.02488	0.01774	0.02693	0.01539	0.00895	0.00792	0.00254	0.00921	0.07479	0.00434	0.01058
93	0.00945	0.00675	0.00900	0.01080	0.01125	0.00630	0.00720	0.01080	0.01484	0.01979	0.04274	0.72245	0.05128	0.02429	0.00990	0.00315	0.00450	0.02204	0.00720	0.00630
94	0.70941	0.01565	0.01255	0.01094	0.01587	0.01804	0.00901	0.08382	0.01545	0.03615	0.01155	0.01318	0.00886	0.00740	0.00508	0.00239	0.00624	0.00447	0.00508	0.00886
95	0.02331	0.01877	0.01971	0.01732	0.05324	0.05090	0.01317	0.33077	0.20230	0.03795	0.02870	0.02799	0.09163	0.01062	0.00783	0.00241	0.00746	0.00845	0.03577	0.01172
96	0.01734	0.01948	0.06214	0.19778	0.10764	0.01903	0.38275	0.02323	0.01720	0.02338	0.01480	0.02034	0.01133	0.00721	0.00930	0.00260	0.04241	0.00814	0.00375	0.01015
97	0.01557	0.01330	0.01551	0.01132	0.01781	0.01004	0.00899	0.01889	0.01610	0.02490	0.01733	0.04345	0.03877	0.00694	0.00602	0.00128	0.00563	0.00567	0.00479	0.71769
98	0.01812	0.02220	0.08884	0.03197	0.04006	0.01950	0.60918	0.02482	0.01817	0.02482	0.01557	0.02061	0.01163	0.00659	0.00903	0.00260	0.01296	0.00892	0.00388	0.01052
99	0.01014	0.00725	0.00976	0.01140	0.01219	0.00687	0.00822	0.01207	0.01590	0.02121	0.08488	0.55578	0.05147	0.02317	0.01000	0.00318	0.00495	0.13776	0.00728	0.00653
100	0.05271	0.01465	0.04675	0.04658	0.02012	0.01156	0.01070	0.04863	0.01674	0.02592	0.01707	0.09444	0.01569	0.00821	0.00643	0.00162	0.00624	0.00678	0.00492	0.54423
101	0.06496	0.05109	0.02282	0.03879	0.02418	0.19095	0.01452	0.40208	0.02978	0.06235	0.01659	0.01729	0.01217	0.00874	0.00732	0.00223	0.00974	0.00627	0.00645	0.01165
102	0.00945	0.00675	0.00900	0.01080	0.01125	0.00630	0.00720	0.01080	0.01484	0.01979	0.04274	0.72245	0.05128	0.02429	0.00990	0.00315	0.00450	0.02204	0.00720	0.00630
103	0.01261	0.01623	0.15692	0.07370	0.02207	0.01131	0.06647	0.01749	0.01916	0.02669	0.33514	0.07597	0.10823	0.01337	0.00869	0.00252	0.00672	0.01187	0.00641	0.00844
104	0.01993	0.02272	0.11545	0.01975	0.06450	0.11524	0.04704	0.07907	0.29240	0.02842	0.02444	0.02501	0.04164	0.01273	0.05404	0.00313	0.00964	0.00781	0.00594	0.01109
105	0.00956	0.00679	0.00896	0.01065	0.01108	0.00637	0.00704	0.01083	0.01463	0.01950	0.04161	0.68128	0.04987	0.06739	0.01171	0.00342	0.00468	0.02138	0.00704	0.00620
106	0.07193	0.04459	0.03950	0.04939	0.02021	0.18731	0.01203	0.12530	0.02199	0.05808	0.10756	0.03313	0.14701	0.01138	0.00761	0.00230	0.00818	0.00885	0.03448	0.00919
107	0.00961	0.00684	0.00904	0.01064	0.01113	0.00641	0.00709	0.01101	0.01504	0.02015	0.07415	0.65753	0.05133	0.05633	0.01122	0.00331	0.00459	0.02114	0.00715	0.00628
108	0.17933	0.01878	0.01955	0.01627	0.04283	0.06396	0.01281	0.28388	0.02604	0.23138	0.02003	0.01944	0.01377	0.00881	0.00713	0.00234	0.00785	0.00654	0.00733	0.01193
109	0.30421	0.01578	0.01667	0.01425	0.01743	0.06202	0.05749	0.07182	0.01553	0.02692	0.01603	0.05044	0.01542	0.16699	0.01627	0.00368	0.10869	0.00747	0.00479	0.00810
110	0.02899	0.03623	0.02203	0.01987	0.02397	0.66460	0.01497	0.06038	0.02266	0.02039	0.01230	0.01420	0.01014	0.00805	0.00703	0.00201	0.01372	0.00509	0.00417	0.00919
111	0.05180	0.25164	0.08830	0.01847	0.08560	0.10060	0.01519	0.07132	0.05234	0.13387	0.04786	0.01937	0.01555	0.00822	0.00669	0.00212	0.00866	0.00617	0.00533	0.01090
112	0.01032	0.00771	0.00840	0.00856	0.00983	0.00710	0.00570	0.01142	0.01459	0.01825	0.05013	0.08933	0.31936	0.34985	0.02339	0.00497	0.00578	0.04357	0.00603	0.00570
113	0.02363	0.01922	0.02020	0.01841	0.06534	0.06795	0.01361	0.23411	0.30899	0.06868	0.02447	0.02485	0.01856	0.04508	0.00932	0.00270	0.00776	0.00787	0.00723	0.01201
114	0.01810	0.05109	0.01685	0.01384	0.01796	0.01666	0.01094	0.07854	0.39249	0.05094	0.10943	0.03756	0.12835	0.01221	0.00807	0.00253	0.00582	0.01013	0.00766	0.01081
115	0.00948	0.00688	0.00895	0.01052	0.01119	0.00635	0.00709	0.01096	0.01532	0.02028	0.06750	0.64618	0.10347	0.02362	0.00981	0.00308	0.00442	0.02130	0.00724	0.00635
116	0.05478	0.02007	0.08240	0.03971	0.45871	0.01819	0.12792	0.02469	0.01769	0.05903	0.01535	0.01932	0.01218	0.00703	0.00777	0.00238	0.00975	0.00711	0.00415	0.01178
117	0.01977	0.01716	0.05013	0.12511	0.34745	0.01703	0.01945	0.02734	0.13189	0.10047	0.02058	0.05475	0.01654	0.00880	0.00783	0.00245	0.00839	0.00800	0.00529	0.01158
118	0.07229	0.43289	0.12283	0.01784	0.07158	0.12643	0.01607	0.02457	0.01674	0.02085	0.01167	0.01372	0.01001	0.00699	0.00579	0.00192	0.00948	0.00470	0.00355	0.01008
119	0.02073	0.73217	0.04063	0.01327	0.01990	0.03068	0.01327	0.02322	0.01575	0.01824	0.01078	0.01244	0.00995	0.00663	0.00498	0.00166	0.00829	0.00415	0.00332	0.00995
120	0.01128	0.00752	0.00846	0.00846	0.00846	0.00752	0.00470	0.01128	0.01128	0.01503	0.02443	0.05074	0.02819	0.72751	0.03946	0.00752	0.00752	0.01128	0.00470	0.00470
121	0.02622	0.02053	0.02045	0.01658	0.02154	0.09724	0.01323	0.41998	0.05998	0.07184	0.02053	0.04921	0.01646	0.06220	0.04512	0.00322	0.00934	0.00783	0.00701	0.01149
122	0.01137	0.00752	0.00925	0.00934	0.00957	0.00771	0.00577	0.01152	0.01152	0.01557	0.02374	0.07909	0.02660	0.52311	0.13574	0.08279	0.00928	0.01093	0.00461	0.00498
123	0.00954	0.00679	0.00897	0.01068	0.01110	0.00636	0.00707	0.01082	0.01466	0.01955	0.04181	0.68841	0.05011	0.05993	0.01139	0.00337	0.00465	0.02150	0.00707	0.00622
124	0.02353	0.04410	0.02358	0.15156	0.12801	0.22695	0.01685	0.17107	0.05311	0.02808	0.01577	0.01847	0.01225	0.00821	0.00732	0.00224	0.01029	0.00636	0.04175	0.01048
125	0.02263	0.07692	0.06066	0.02090	0.02522	0.26559	0.10916	0.09008	0.01966	0.02314	0.01429	0.04963	0.01256	0.00977	0.01143	0.00248	0.16497	0.00699	0.00431	0.00960
126	0.02971	0.02135	0.02304	0.01766	0.02386	0.02349	0.01459	0.62651	0.03583	0.07652	0.01914	0.01895	0.01345	0.00932	0.00776	0.00233	0.00845	0.00702	0.00784	0.01319
127	0.02536	0.02063	0.05509	0.01644	0.02308	0.02025	0.01403	0.46006	0.03025	0.04162	0.01715	0.01786	0.01258	0.00830	0.00722	0.00203	0.00797	0.00631	0.00672	0.20704

[dist]
# distance from previous block
# <min> <max>
0	1

[block]
# block no. 3 follows, 25 sequences, length 6
# corresponding to MSA columns:
# 232-237
name=unknown_D
#
# <colnr> <probs for GDERKNQSTAVLIFYWHMCP>
#	G	D	E	R	K	N	Q	S	T	A	V	L	I	F	Y	W	H	M	C	P
0	0.01117	0.00901	0.01426	0.01339	0.01496	0.00850	0.09796	0.01327	0.01549	0.02090	0.10288	0.43940	0.04411	0.13941	0.01469	0.00373	0.00613	0.01755	0.00645	0.00673
1	0.02108	0.01827	0.06791	0.23367	0.10402	0.01733	0.12230	0.02460	0.01867	0.11828	0.02288	0.11077	0.01988	0.01201	0.01037	0.00317	0.04744	0.01007	0.00594	0.01134
2	0.01211	0.00844	0.01068	0.01036	0.01231	0.00795	0.00767	0.01624	0.05819	0.05774	0.44046	0.18628	0.10754	0.01719	0.00916	0.00260	0.00412	0.01517	0.00819	0.00762
3	0.01087	0.00859	0.01212	0.01562	0.10576	0.00809	0.00940	0.01287	0.01592	0.02127	0.07440	0.51543	0.11847	0.02088	0.00946	0.00293	0.00506	0.01885	0.00679	0.00722
4	0.06383	0.02359	0.01983	0.09231	0.07180	0.29944	0.01439	0.09963	0.02067	0.02422	0.02104	0.11930	0.05284	0.01113	0.00821	0.00239	0.03259	0.00863	0.00503	0.00913
5	0.00993	0.00705	0.00935	0.01101	0.01158	0.00668	0.00761	0.01142	0.01491	0.01982	0.04117	0.60054	0.04880	0.07681	0.01221	0.00352	0.00502	0.08929	0.00700	0.00627

[dist]
# distance from previous block
# <min> <max>
0	1

[block]
# block no. 4 follows, 25 sequences, length 31
# corresponding to MSA columns:
# 239-269
name=unknown_E
#
# <colnr> <probs for GDERKNQSTAVLIFYWHMCP>
#	G	D	E	R	K	N	Q	S	T	A	V	L	I	F	Y	W	H	M	C	P
0	0.05755	0.07893	0.05248	0.01680	0.02276	0.05565	0.01441	0.43107	0.02957	0.08470	0.01810	0.01891	0.01327	0.01229	0.05559	0.00298	0.00954	0.00663	0.00677	0.01201
1	0.02509	0.01778	0.02140	0.01700	0.02217	0.01901	0.05743	0.40142	0.05251	0.10227	0.02345	0.11259	0.01945	0.01306	0.03521	0.00286	0.00840	0.00930	0.02795	0.01166
2	0.01246	0.00907	0.01202	0.01315	0.05913	0.00844	0.00878	0.01584	0.04363	0.05430	0.25185	0.30615	0.10185	0.01777	0.00905	0.00266	0.00472	0.01583	0.00741	0.04588
3	0.02022	0.01634	0.01804	0.01398	0.01998	0.01584	0.01123	0.20521	0.14870	0.03323	0.02169	0.02207	0.04564	0.00835	0.00690	0.00184	0.00653	0.00665	0.00627	0.37129
4	0.01066	0.00870	0.01291	0.01299	0.01419	0.00862	0.05982	0.01251	0.01515	0.02022	0.04127	0.56210	0.09753	0.02172	0.01086	0.00308	0.05476	0.01946	0.00667	0.00681
5	0.01948	0.01832	0.05096	0.08343	0.41540	0.03407	0.08137	0.02463	0.03865	0.07793	0.02086	0.02400	0.05934	0.00820	0.00792	0.00239	0.00918	0.00783	0.00463	0.01142
6	0.01979	0.02019	0.07098	0.03265	0.35656	0.04625	0.01947	0.05592	0.23959	0.02841	0.02039	0.02209	0.01595	0.00831	0.00770	0.00241	0.00848	0.00739	0.00535	0.01213
7	0.01026	0.00732	0.00926	0.00988	0.01078	0.00686	0.00669	0.01210	0.01651	0.02245	0.23777	0.35420	0.08475	0.15669	0.01531	0.00374	0.00479	0.01719	0.00713	0.00632
8	0.01692	0.06386	0.57197	0.02341	0.07759	0.06503	0.02680	0.02489	0.01682	0.02399	0.01371	0.01626	0.01001	0.00735	0.00727	0.00238	0.01136	0.00570	0.00336	0.01129
9	0.02046	0.01788	0.01894	0.03991	0.02164	0.07346	0.01188	0.17307	0.03754	0.03008	0.01508	0.01704	0.01197	0.00732	0.00731	0.00169	0.03797	0.00548	0.00529	0.44598
10	0.72071	0.07297	0.01376	0.01044	0.01539	0.01847	0.00879	0.02283	0.01340	0.03345	0.01079	0.01258	0.00852	0.00715	0.00481	0.00234	0.00618	0.00419	0.00468	0.00852
11	0.01645	0.00928	0.00957	0.00885	0.01124	0.00960	0.00680	0.10838	0.01910	0.03148	0.02486	0.04804	0.01985	0.00953	0.00589	0.00192	0.00434	0.00763	0.63917	0.00805
12	0.01064	0.00725	0.00864	0.00927	0.00942	0.00710	0.00556	0.01111	0.01251	0.01668	0.03076	0.28284	0.03617	0.48452	0.02925	0.00601	0.00647	0.01500	0.00556	0.00525
13	0.01908	0.04502	0.03453	0.04349	0.53329	0.01910	0.14295	0.02397	0.01771	0.02498	0.01466	0.01927	0.01210	0.00683	0.00786	0.00234	0.00991	0.00723	0.00383	0.01185
14	0.01853	0.01418	0.01611	0.01184	0.01833	0.03221	0.00946	0.02188	0.01696	0.09934	0.01609	0.01770	0.01265	0.00638	0.00600	0.00134	0.00601	0.00508	0.03692	0.63298
15	0.00927	0.00774	0.00809	0.00826	0.01061	0.00655	0.00610	0.01124	0.01755	0.02126	0.10050	0.14445	0.58183	0.01998	0.00924	0.00267	0.00398	0.01688	0.00726	0.00655
16	0.05985	0.05192	0.04829	0.06325	0.02421	0.01857	0.01407	0.29673	0.02663	0.25183	0.02111	0.02056	0.01440	0.00884	0.00741	0.00229	0.00789	0.00683	0.00741	0.04790
17	0.46005	0.01765	0.06150	0.06891	0.02131	0.01847	0.01242	0.11267	0.04790	0.06220	0.01416	0.01591	0.01059	0.00809	0.00682	0.00246	0.03850	0.00540	0.00529	0.00969
18	0.00940	0.00691	0.00882	0.01035	0.01113	0.00634	0.00700	0.01085	0.01527	0.01997	0.04814	0.62473	0.14551	0.02359	0.00979	0.00307	0.00441	0.02119	0.00720	0.00634
19	0.01754	0.01750	0.06864	0.27801	0.03442	0.01947	0.04170	0.11514	0.04582	0.02478	0.01503	0.02032	0.01205	0.01354	0.06784	0.00354	0.18372	0.00708	0.00433	0.00955
20	0.01809	0.16034	0.19449	0.01580	0.02201	0.01771	0.01606	0.02658	0.15288	0.08500	0.06840	0.03405	0.05201	0.01108	0.00770	0.00249	0.00786	0.09117	0.00586	0.01042
21	0.00951	0.00680	0.00905	0.01075	0.01126	0.00634	0.00720	0.01095	0.01514	0.02026	0.06869	0.69517	0.05218	0.02395	0.00987	0.00312	0.00446	0.02171	0.00725	0.00634
22	0.01086	0.00824	0.00973	0.00941	0.01145	0.00754	0.00695	0.03447	0.01985	0.02648	0.36319	0.12069	0.27286	0.05078	0.01058	0.00280	0.00417	0.01517	0.00776	0.00704
23	0.01064	0.00760	0.01037	0.01216	0.01314	0.00733	0.00927	0.01286	0.01602	0.02113	0.04208	0.47348	0.04867	0.02317	0.01022	0.00331	0.00553	0.25922	0.00717	0.00663
24	0.02178	0.64362	0.03825	0.01412	0.02042	0.11547	0.01349	0.02420	0.01655	0.01834	0.01093	0.01263	0.00995	0.00681	0.00523	0.00170	0.00902	0.00425	0.00340	0.00983
25	0.60550	0.01603	0.01367	0.07854	0.01953	0.05120	0.01034	0.05225	0.01492	0.03257	0.01190	0.01442	0.00931	0.00936	0.03204	0.00278	0.00750	0.00479	0.00474	0.00862
26	0.04625	0.01990	0.01985	0.01598	0.02115	0.06791	0.01293	0.43189	0.10029	0.04164	0.02034	0.02078	0.01497	0.00925	0.00729	0.00226	0.00785	0.00700	0.12068	0.01178
27	0.02216	0.05157	0.02744	0.06599	0.37232	0.21878	0.01962	0.05979	0.01969	0.02402	0.01480	0.04113	0.01279	0.00797	0.00745	0.00223	0.01044	0.00675	0.00417	0.01090
28	0.01154	0.00948	0.01390	0.01540	0.06773	0.00899	0.05346	0.01449	0.03203	0.02169	0.04492	0.36955	0.16325	0.01997	0.00962	0.00300	0.00584	0.12105	0.00671	0.00740
29	0.37295	0.06488	0.01823	0.01408	0.01925	0.09361	0.01153	0.19774	0.08382	0.03565	0.01507	0.01596	0.01146	0.00815	0.00615	0.00231	0.00771	0.00548	0.00573	0.01024
30	0.01980	0.01618	0.01762	0.01446	0.01935	0.03434	0.01137	0.15094	0.20972	0.04541	0.02253	0.06912	0.01888	0.04313	0.00951	0.00239	0.03601	0.00793	0.00641	0.24489

[dist]
# distance from previous block
# <min> <max>
0	1

[block]
# block no. 5 follows, 25 sequences, length 97
# corresponding to MSA columns:
# 271-367
name=unknown_F
#
# <colnr> <probs for GDERKNQSTAVLIFYWHMCP>
#	G	D	E	R	K	N	Q	S	T	A	V	L	I	F	Y	W	H	M	C	P
0	0.05286	0.00863	0.01035	0.01032	0.01171	0.00849	0.00720	0.03961	0.01684	0.04749	0.20210	0.23896	0.04521	0.22421	0.01788	0.00414	0.00556	0.03487	0.00681	0.00677
1	0.01245	0.01004	0.01131	0.01132	0.01375	0.01014	0.00862	0.01959	0.18007	0.02447	0.10161	0.15580	0.25478	0.05519	0.01075	0.00307	0.00516	0.09655	0.00734	0.00799
2	0.02730	0.06706	0.05426	0.01719	0.02329	0.05167	0.01466	0.41484	0.12005	0.10013	0.02050	0.02006	0.01469	0.00918	0.00755	0.00232	0.00838	0.00698	0.00729	0.01259
3	0.04747	0.07184	0.06513	0.06437	0.37378	0.05116	0.08563	0.06774	0.01879	0.02608	0.01558	0.02138	0.01314	0.00780	0.00763	0.00236	0.00967	0.03496	0.00423	0.01126
4	0.00954	0.00694	0.00900	0.01044	0.01120	0.00640	0.00709	0.01113	0.01566	0.02078	0.09552	0.61019	0.11113	0.02320	0.00977	0.00304	0.00438	0.02089	0.00730	0.00640
5	0.01485	0.00790	0.00810	0.00790	0.00980	0.00800	0.00589	0.04740	0.01696	0.02895	0.02557	0.05437	0.02103	0.03894	0.00708	0.00211	0.00404	0.00792	0.67583	0.00737
6	0.02170	0.08395	0.09815	0.04962	0.02451	0.01954	0.05539	0.26600	0.08873	0.06027	0.05225	0.06846	0.05613	0.01054	0.00784	0.00242	0.00817	0.00871	0.00646	0.01116
7	0.01708	0.03741	0.61423	0.02187	0.03279	0.01757	0.05001	0.02555	0.01687	0.07362	0.01522	0.01728	0.01059	0.00750	0.00746	0.00246	0.01116	0.00601	0.00377	0.01155
8	0.00945	0.00675	0.00900	0.01080	0.01125	0.00630	0.00720	0.01080	0.01484	0.01979	0.04274	0.72245	0.05128	0.02429	0.00990	0.00315	0.00450	0.02204	0.00720	0.00630
9	0.05858	0.02007	0.02251	0.01889	0.06483	0.02178	0.01459	0.49515	0.05452	0.12062	0.01990	0.01968	0.01401	0.00915	0.00764	0.00235	0.00817	0.00702	0.00761	0.01291
10	0.45979	0.13414	0.10389	0.01284	0.01854	0.01922	0.01228	0.02340	0.01475	0.06413	0.03620	0.01561	0.01182	0.00784	0.00637	0.00233	0.03785	0.00504	0.00469	0.00926
11	0.02070	0.01717	0.01827	0.01606	0.02063	0.01963	0.01269	0.14260	0.53165	0.03478	0.02980	0.02975	0.02283	0.01079	0.00799	0.00262	0.00658	0.03541	0.00783	0.01220
12	0.03029	0.05638	0.02112	0.01655	0.05685	0.01614	0.01290	0.17674	0.05840	0.40183	0.02516	0.02311	0.01681	0.00910	0.00754	0.00229	0.00722	0.00727	0.00820	0.04611
13	0.00937	0.00764	0.00829	0.00861	0.01072	0.00656	0.00627	0.01135	0.01746	0.02156	0.12102	0.20416	0.49949	0.02026	0.00931	0.00271	0.00402	0.01732	0.00731	0.00656
14	0.06726	0.13144	0.10580	0.33752	0.07257	0.04461	0.04430	0.06689	0.01744	0.02362	0.01353	0.01789	0.01044	0.00752	0.00710	0.00236	0.00992	0.00618	0.00386	0.00975
15	0.02740	0.02165	0.02037	0.06183	0.04979	0.21168	0.01391	0.15344	0.05903	0.20679	0.04476	0.02183	0.01653	0.00995	0.00866	0.03859	0.00932	0.00697	0.00657	0.01092
16	0.00954	0.00687	0.00907	0.01079	0.01138	0.00640	0.00733	0.01099	0.01507	0.01996	0.04416	0.67363	0.07694	0.02400	0.00989	0.00314	0.00457	0.04274	0.00720	0.00634
17	0.02806	0.02079	0.02245	0.01747	0.02334	0.02308	0.01436	0.59263	0.06295	0.04652	0.01930	0.01969	0.01397	0.01193	0.04401	0.00287	0.00907	0.00713	0.00757	0.01282
