[name]
unknown

[dist]
# distance from previous block
# <min> <max>
0	200

[block]
# block no. 0 follows, 16 sequences, length 69
# corresponding to MSA columns:
# 205-273
name=unknown_A
#
# <colnr> <probs for GDERKNQSTAVLIFYWHMCP>
#	G	D	E	R	K	N	Q	S	T	A	V	L	I	F	Y	W	H	M	C	P
0	0.01903	0.01437	0.05870	0.01534	0.01882	0.01174	0.01244	0.05766	0.02285	0.11170	0.09686	0.32259	0.09287	0.05541	0.01336	0.00384	0.00719	0.04588	0.00909	0.01025
1	0.02514	0.01672	0.01947	0.01868	0.06290	0.01790	0.01352	0.16046	0.10335	0.07844	0.02952	0.03210	0.02263	0.01773	0.07089	0.00401	0.00939	0.00938	0.27513	0.01263
2	0.02158	0.01738	0.06119	0.01582	0.02099	0.01460	0.01296	0.09371	0.05232	0.08384	0.03234	0.17822	0.03138	0.10358	0.01498	0.00371	0.00804	0.01335	0.05533	0.16469
3	0.02557	0.15886	0.06594	0.02945	0.17155	0.02574	0.02068	0.15319	0.05481	0.03611	0.02220	0.02909	0.01891	0.01561	0.05624	0.00376	0.01175	0.04331	0.00637	0.05085
4	0.02174	0.01773	0.02183	0.01709	0.02384	0.01580	0.04043	0.12973	0.02495	0.03590	0.02645	0.15926	0.02566	0.01317	0.00903	0.00237	0.00800	0.01139	0.00719	0.38845
5	0.02962	0.01399	0.01839	0.01544	0.02051	0.01278	0.01221	0.03525	0.06800	0.32882	0.22744	0.09262	0.05021	0.01609	0.01052	0.00311	0.00677	0.01379	0.01117	0.01328
6	0.03431	0.02492	0.02567	0.02056	0.02718	0.07105	0.01650	0.34031	0.11259	0.12986	0.02752	0.02895	0.02043	0.05988	0.01260	0.00342	0.01034	0.00938	0.00940	0.01513
7	0.03021	0.02207	0.02508	0.01990	0.02573	0.02439	0.01633	0.32278	0.03394	0.08411	0.02835	0.02953	0.05984	0.01308	0.01287	0.00299	0.10803	0.00942	0.06297	0.06839
8	0.07524	0.02559	0.05400	0.03876	0.04828	0.02430	0.52263	0.03086	0.02240	0.03197	0.01915	0.02537	0.01439	0.00823	0.01103	0.00325	0.01568	0.01098	0.00498	0.01288
9	0.72785	0.01874	0.01425	0.01275	0.01874	0.02174	0.01050	0.02849	0.01649	0.04348	0.01350	0.01574	0.01050	0.00900	0.00600	0.00300	0.00750	0.00525	0.00600	0.01050
10	0.02568	0.02734	0.02914	0.02513	0.02679	0.16544	0.02045	0.06249	0.01976	0.02589	0.01393	0.02048	0.01291	0.01501	0.02506	0.00375	0.45686	0.00798	0.00477	0.01113
11	0.01409	0.00940	0.01057	0.01057	0.01057	0.00940	0.00587	0.01409	0.01409	0.01879	0.03054	0.06342	0.03524	0.65938	0.04933	0.00940	0.00940	0.01409	0.00587	0.00587
12	0.02010	0.01723	0.02010	0.01436	0.02297	0.01292	0.01148	0.02440	0.02010	0.03158	0.01723	0.02010	0.01436	0.00718	0.00718	0.00144	0.00718	0.00574	0.00574	0.71863
13	0.02035	0.02016	0.03645	0.36858	0.14337	0.02186	0.14822	0.02694	0.02064	0.02773	0.01792	0.02523	0.01380	0.00901	0.00990	0.00306	0.01309	0.00906	0.00462	0.05999
14	0.01366	0.00976	0.01338	0.01562	0.01699	0.00947	0.01222	0.01670	0.02039	0.02682	0.05239	0.38824	0.06005	0.02862	0.01287	0.00419	0.00723	0.27406	0.00896	0.00838
15	0.01944	0.05013	0.60917	0.02762	0.04195	0.02251	0.03581	0.03069	0.02046	0.03069	0.01739	0.02046	0.01228	0.00921	0.00921	0.00307	0.01432	0.00716	0.00409	0.01432
16	0.03620	0.04619	0.02747	0.02497	0.02996	0.62047	0.01873	0.03870	0.02747	0.02372	0.01498	0.01748	0.01248	0.00999	0.00874	0.00250	0.01748	0.00624	0.00499	0.01124
17	0.01166	0.00983	0.01010	0.01003	0.01321	0.00827	0.00752	0.01430	0.02257	0.02731	0.14232	0.09142	0.55015	0.02412	0.01145	0.00325	0.00488	0.02019	0.00915	0.00827
18	0.28870	0.01730	0.01954	0.01563	0.02259	0.01693	0.01290	0.04052	0.02371	0.40421	0.02937	0.02681	0.01916	0.01092	0.00840	0.00300	0.00798	0.00813	0.00985	0.01435
19	0.04348	0.01649	0.02249	0.01724	0.02474	0.01425	0.01425	0.04723	0.02774	0.60564	0.03824	0.03299	0.02399	0.01200	0.00975	0.00300	0.00825	0.00975	0.01200	0.01649
20	0.01557	0.01211	0.01560	0.01470	0.01502	0.01425	0.01033	0.01667	0.01453	0.02046	0.02587	0.04961	0.02835	0.41125	0.15357	0.00946	0.14765	0.01219	0.00540	0.00741
21	0.02399	0.02303	0.03934	0.05949	0.59893	0.02303	0.02974	0.02974	0.02207	0.03166	0.01823	0.02399	0.01535	0.00864	0.00960	0.00288	0.01151	0.00864	0.00480	0.01535
22	0.02400	0.02112	0.02207	0.01667	0.02467	0.06304	0.01329	0.10461	0.06210	0.03578	0.01941	0.02143	0.01554	0.00843	0.00784	0.00185	0.00850	0.00656	0.00653	0.51656
23	0.01332	0.00989	0.01240	0.01178	0.01424	0.00898	0.00883	0.01752	0.02649	0.03663	0.50656	0.07607	0.18010	0.02065	0.01144	0.00309	0.00463	0.01804	0.01038	0.00898
24	0.03161	0.02448	0.02707	0.07624	0.03196	0.02762	0.01831	0.37341	0.19401	0.05207	0.02728	0.02713	0.01985	0.01189	0.00974	0.00304	0.01002	0.00934	0.00926	0.01565
25	0.02054	0.01638	0.01788	0.01662	0.02094	0.01780	0.01269	0.03767	0.34936	0.06213	0.08743	0.13228	0.13212	0.01778	0.01057	0.00334	0.00675	0.01518	0.00975	0.01278
26	0.02929	0.02291	0.06179	0.01950	0.02589	0.02259	0.01648	0.31414	0.07802	0.09040	0.10972	0.06715	0.03216	0.05003	0.01229	0.00339	0.00928	0.01143	0.00940	0.01415
27	0.02010	0.01723	0.02010	0.01436	0.02297	0.01292	0.01148	0.02440	0.02010	0.03158	0.01723	0.02010	0.01436	0.00718	0.00718	0.00144	0.00718	0.00574	0.00574	0.71863
28	0.03394	0.01901	0.02297	0.01753	0.02497	0.01776	0.01432	0.17787	0.03064	0.28192	0.07052	0.03026	0.02471	0.01133	0.00925	0.00261	0.00836	0.00910	0.00980	0.18313
29	0.02016	0.06190	0.03591	0.41228	0.09411	0.02384	0.11527	0.02632	0.01983	0.02604	0.01711	0.02475	0.01333	0.00981	0.01139	0.00321	0.05993	0.00885	0.00442	0.01156
30	0.03507	0.02464	0.02707	0.02116	0.02827	0.02692	0.01734	0.47442	0.04151	0.09944	0.02611	0.05765	0.01988	0.01523	0.03571	0.00351	0.01086	0.00986	0.00965	0.01570
31	0.02490	0.02122	0.02236	0.01989	0.02551	0.02448	0.01553	0.08377	0.54784	0.04183	0.03843	0.03535	0.02876	0.01305	0.00985	0.00326	0.00786	0.01082	0.00985	0.01541
32	0.01807	0.00903	0.00903	0.00903	0.01129	0.00903	0.00678	0.02258	0.02033	0.03613	0.03162	0.03613	0.02484	0.01129	0.00678	0.00226	0.00452	0.00903	0.71319	0.00903
33	0.72785	0.01874	0.01425	0.01275	0.01874	0.02174	0.01050	0.02849	0.01649	0.04348	0.01350	0.01574	0.01050	0.00900	0.00600	0.00300	0.00750	0.00525	0.00600	0.01050
34	0.01335	0.01045	0.01200	0.01179	0.01429	0.00985	0.00860	0.01767	0.05693	0.02921	0.20938	0.10795	0.28956	0.10051	0.06101	0.00488	0.00712	0.01800	0.00885	0.00863
35	0.02010	0.01723	0.02010	0.01436	0.02297	0.01292	0.01148	0.02440	0.02010	0.03158	0.01723	0.02010	0.01436	0.00718	0.00718	0.00144	0.00718	0.00574	0.00574	0.71863
36	0.01988	0.09182	0.57132	0.02688	0.04079	0.02358	0.03451	0.03058	0.02041	0.03016	0.01713	0.02013	0.01229	0.00915	0.00901	0.00300	0.01406	0.00703	0.00410	0.01420
37	0.01878	0.01815	0.03198	0.57455	0.06509	0.02184	0.08241	0.02541	0.01974	0.02541	0.01747	0.02587	0.01310	0.00953	0.00987	0.00323	0.01327	0.00891	0.00437	0.01100
38	0.03438	0.02742	0.02760	0.02202	0.02913	0.07453	0.01786	0.42838	0.14555	0.05431	0.02569	0.02526	0.01865	0.01179	0.00965	0.00295	0.01062	0.00896	0.00936	0.01586
39	0.03157	0.02207	0.02424	0.01982	0.02618	0.02418	0.01583	0.26431	0.23825	0.12938	0.03189	0.03215	0.02367	0.05615	0.01245	0.00350	0.00913	0.01006	0.00983	0.01534
40	0.01397	0.00989	0.01307	0.01307	0.01393	0.01075	0.00899	0.01570	0.01483	0.02064	0.02825	0.05078	0.02975	0.36675	0.33446	0.01248	0.01766	0.01224	0.00553	0.00726
41	0.01807	0.00903	0.00903	0.00903	0.01129	0.00903	0.00678	0.02258	0.02033	0.03613	0.03162	0.03613	0.02484	0.01129	0.00678	0.00226	0.00452	0.00903	0.71319	0.00903
42	0.02187	0.02429	0.05078	0.03714	0.04519	0.02384	0.46340	0.02890	0.02168	0.02974	0.02136	0.07209	0.01815	0.01077	0.01373	0.00342	0.08377	0.01231	0.00513	0.01242
43	0.03143	0.02205	0.02562	0.02211	0.07054	0.02255	0.01659	0.29043	0.07181	0.12783	0.03072	0.03028	0.06091	0.01182	0.00944	0.00274	0.00921	0.00942	0.00899	0.12553
44	0.14791	0.01863	0.02121	0.01620	0.02387	0.01726	0.01324	0.10958	0.02571	0.23340	0.02462	0.02422	0.01730	0.00975	0.00821	0.00244	0.00809	0.00745	0.00848	0.26242
45	0.02482	0.02014	0.02503	0.06076	0.02885	0.02163	0.05762	0.20010	0.17316	0.04226	0.07468	0.11965	0.03187	0.01461	0.01021	0.00311	0.00906	0.01264	0.00873	0.06106
46	0.03055	0.02319	0.02510	0.02024	0.02668	0.02566	0.01637	0.36805	0.16720	0.05311	0.10934	0.03335	0.03034	0.01317	0.00998	0.00302	0.00909	0.01051	0.00987	0.01516
47	0.02161	0.02309	0.04597	0.11029	0.11522	0.02346	0.34411	0.02825	0.02127	0.02919	0.02057	0.06462	0.01747	0.01070	0.01315	0.00336	0.07871	0.01147	0.00501	0.01250
48	0.02576	0.15346	0.19228	0.02046	0.02917	0.05629	0.02077	0.03483	0.10182	0.12296	0.02380	0.02517	0.01792	0.01559	0.06311	0.00386	0.01230	0.00787	0.00648	0.06610
49	0.13287	0.16553	0.36049	0.02269	0.03401	0.02612	0.02669	0.07140	0.02163	0.03347	0.01646	0.01897	0.01236	0.00918	0.00815	0.00285	0.01219	0.00659	0.00483	0.01352
50	0.01181	0.00843	0.01125	0.01350	0.01406	0.00787	0.00900	0.01350	0.01856	0.02474	0.05342	0.65306	0.06410	0.03036	0.01237	0.00394	0.00562	0.02755	0.00900	0.00787
51	0.01527	0.01315	0.02003	0.07336	0.02394	0.01466	0.05444	0.01825	0.01894	0.02595	0.07018	0.37181	0.04733	0.02359	0.01571	0.00386	0.12660	0.04630	0.00747	0.00915
52	0.02644	0.02385	0.02199	0.01982	0.02480	0.13331	0.01543	0.08824	0.29625	0.06375	0.07605	0.07046	0.03308	0.01466	0.01011	0.00319	0.00956	0.04658	0.00898	0.01345
53	0.01807	0.00903	0.00903	0.00903	0.01129	0.00903	0.00678	0.02258	0.02033	0.03613	0.03162	0.03613	0.02484	0.01129	0.00678	0.00226	0.00452	0.00903	0.71319	0.00903
54	0.02070	0.01657	0.02187	0.01872	0.02240	0.01837	0.05396	0.14096	0.06662	0.03276	0.03129	0.04070	0.06702	0.13036	0.22220	0.00830	0.05811	0.01135	0.00685	0.01089
55	0.02288	0.02614	0.05719	0.04085	0.05065	0.02451	0.56373	0.03105	0.02288	0.03105	0.01961	0.02614	0.01471	0.00817	0.01144	0.00327	0.01634	0.01144	0.00490	0.01307
56	0.03582	0.01988	0.03417	0.02756	0.07667	0.01799	0.17986	0.04104	0.02585	0.38955	0.03112	0.03025	0.02055	0.01059	0.01024	0.00307	0.01092	0.01017	0.00932	0.01538
57	0.01561	0.01065	0.01211	0.01187	0.01254	0.01082	0.00736	0.05182	0.01685	0.02245	0.03216	0.09013	0.03634	0.55433	0.04311	0.00845	0.00928	0.04084	0.00643	0.00684
58	0.01807	0.00903	0.00903	0.00903	0.01129	0.00903	0.00678	0.02258	0.02033	0.03613	0.03162	0.03613	0.02484	0.01129	0.00678	0.00226	0.00452	0.00903	0.71319	0.00903
59	0.01671	0.05925	0.01625	0.01329	0.01675	0.09437	0.01025	0.02005	0.02477	0.03062	0.27645	0.06941	0.27731	0.01959	0.01072	0.00300	0.00687	0.01632	0.00878	0.00927
60	0.02288	0.02614	0.05719	0.04085	0.05065	0.02451	0.56373	0.03105	0.02288	0.03105	0.01961	0.02614	0.01471	0.00817	0.01144	0.00327	0.01634	0.01144	0.00490	0.01307
61	0.08370	0.15876	0.45503	0.02430	0.03679	0.02531	0.03007	0.03019	0.01997	0.03040	0.01634	0.01915	0.01215	0.00902	0.00838	0.00288	0.01300	0.00663	0.00427	0.01364
62	0.01807	0.00903	0.00903	0.00903	0.01129	0.00903	0.00678	0.02258	0.02033	0.03613	0.03162	0.03613	0.02484	0.01129	0.00678	0.00226	0.00452	0.00903	0.71319	0.00903
63	0.02098	0.01672	0.02233	0.01682	0.02431	0.01334	0.06052	0.02521	0.02072	0.07490	0.02419	0.11128	0.02218	0.01092	0.00849	0.00207	0.00786	0.00965	0.00661	0.50090
64	0.01625	0.01234	0.01748	0.06357	0.02179	0.01425	0.01339	0.06658	0.01844	0.02586	0.02536	0.03753	0.02342	0.10217	0.48077	0.01308	0.02247	0.01035	0.00557	0.00932
65	0.01830	0.01723	0.02907	0.63609	0.06675	0.02153	0.02692	0.02476	0.01938	0.02476	0.01723	0.02584	0.01292	0.00969	0.00969	0.00323	0.01292	0.00861	0.00431	0.01077
66	0.03555	0.02638	0.02840	0.02169	0.02951	0.02874	0.01789	0.52490	0.04361	0.05881	0.02280	0.02303	0.01632	0.01129	0.00950	0.00280	0.01040	0.00850	0.00939	0.07050
67	0.03570	0.02678	0.03000	0.02561	0.08072	0.02943	0.01943	0.51880	0.04348	0.05846	0.02282	0.02333	0.01638	0.01137	0.00969	0.00291	0.01074	0.00872	0.00926	0.01638
68	0.02317	0.02000	0.02102	0.01899	0.02430	0.02293	0.01475	0.04871	0.53995	0.03948	0.04380	0.04039	0.07151	0.01399	0.00998	0.00329	0.00747	0.01166	0.00980	0.01481

[dist]
# distance from previous block
# <min> <max>
0	1

[block]
# block no. 1 follows, 16 sequences, length 27
# corresponding to MSA columns:
# 275-301
name=unknown_B
#
# <colnr> <probs for GDERKNQSTAVLIFYWHMCP>
#	G	D	E	R	K	N	Q	S	T	A	V	L	I	F	Y	W	H	M	C	P
0	0.02010	0.01723	0.02010	0.01436	0.02297	0.01292	0.01148	0.02440	0.02010	0.03158	0.01723	0.02010	0.01436	0.00718	0.00718	0.00144	0.00718	0.00574	0.00574	0.71863
1	0.01843	0.01948	0.09490	0.01892	0.02324	0.01784	0.01679	0.06185	0.01884	0.02760	0.02139	0.03066	0.01934	0.07250	0.27985	0.00879	0.12866	0.00908	0.00533	0.10649
2	0.03096	0.01496	0.02097	0.01761	0.02231	0.01527	0.01431	0.03443	0.02218	0.34300	0.03121	0.03337	0.02280	0.03304	0.21851	0.00738	0.08585	0.00982	0.00882	0.01318
3	0.02008	0.01561	0.01797	0.01414	0.02082	0.01309	0.01115	0.02662	0.08504	0.07292	0.07978	0.04076	0.13385	0.01247	0.00880	0.00223	0.00668	0.01032	0.00765	0.40002
4	0.02076	0.14817	0.02318	0.01700	0.02021	0.16846	0.01296	0.02293	0.02103	0.02410	0.03580	0.36632	0.04084	0.02085	0.01023	0.00320	0.00955	0.01774	0.00703	0.00963
5	0.01205	0.00862	0.01146	0.01333	0.01411	0.00803	0.00902	0.01410	0.01969	0.02654	0.12213	0.57922	0.06758	0.02902	0.01225	0.00382	0.00549	0.02628	0.00921	0.00803
6	0.01229	0.00864	0.01110	0.01288	0.01332	0.00819	0.00834	0.01362	0.01762	0.02349	0.04861	0.52906	0.05803	0.16265	0.02014	0.00508	0.00642	0.02472	0.00834	0.00745
7	0.02792	0.09226	0.02652	0.08355	0.02952	0.02089	0.01573	0.11172	0.09650	0.14351	0.02447	0.02513	0.01805	0.00989	0.00853	0.00244	0.00893	0.00784	0.00769	0.23889
8	0.03227	0.01661	0.02078	0.01683	0.02268	0.01597	0.01342	0.10333	0.09181	0.30072	0.10353	0.03601	0.03092	0.01525	0.01300	0.08379	0.00797	0.01037	0.01005	0.05469
9	0.17129	0.02323	0.02533	0.02213	0.02413	0.10211	0.01810	0.02601	0.01684	0.02757	0.01395	0.02057	0.01290	0.01767	0.05803	0.00442	0.39277	0.00763	0.00476	0.01055
10	0.01551	0.01165	0.01777	0.21577	0.03100	0.01275	0.01474	0.01812	0.01963	0.02637	0.16327	0.16974	0.04343	0.02184	0.01698	0.16327	0.00837	0.01469	0.00680	0.00830
11	0.48012	0.13309	0.02254	0.01450	0.02119	0.02416	0.01247	0.05956	0.02003	0.11225	0.01716	0.01830	0.01287	0.00939	0.00671	0.00283	0.00827	0.00599	0.00663	0.01192
12	0.02772	0.02166	0.02231	0.01931	0.02513	0.05423	0.01520	0.11447	0.37603	0.10714	0.04029	0.03738	0.06851	0.01350	0.00989	0.00316	0.00844	0.01098	0.00977	0.01487
13	0.01807	0.00903	0.00903	0.00903	0.01129	0.00903	0.00678	0.02258	0.02033	0.03613	0.03162	0.03613	0.02484	0.01129	0.00678	0.00226	0.00452	0.00903	0.71319	0.00903
14	0.01362	0.00954	0.01233	0.01210	0.01402	0.00879	0.00881	0.01648	0.02388	0.03289	0.39783	0.13519	0.14136	0.02336	0.01490	0.09409	0.00522	0.01787	0.00945	0.00825
15	0.02354	0.02062	0.02360	0.02435	0.09763	0.02327	0.01682	0.04709	0.48584	0.03879	0.03932	0.03711	0.05249	0.01307	0.00990	0.00323	0.00804	0.01108	0.00918	0.01503
16	0.11263	0.03959	0.40389	0.02607	0.03805	0.02171	0.09068	0.03232	0.02106	0.09737	0.01951	0.02193	0.01365	0.00938	0.00912	0.00308	0.01300	0.00770	0.00532	0.01394
17	0.02518	0.59566	0.11393	0.01783	0.02681	0.03656	0.01876	0.02921	0.01978	0.02369	0.01392	0.01610	0.01242	0.00840	0.00656	0.00219	0.01081	0.00541	0.00414	0.01265
18	0.10724	0.04200	0.02328	0.04707	0.06767	0.02029	0.01544	0.15146	0.07582	0.11288	0.09792	0.03412	0.04876	0.01628	0.04925	0.00371	0.00969	0.00996	0.00832	0.05883
19	0.06603	0.07891	0.03054	0.14678	0.06954	0.22515	0.08050	0.02953	0.02275	0.02697	0.04193	0.09516	0.02173	0.01215	0.00944	0.00293	0.01311	0.01016	0.00550	0.01118
20	0.02567	0.49442	0.04289	0.01680	0.02429	0.03356	0.01590	0.10021	0.02316	0.02823	0.02180	0.02361	0.05709	0.01343	0.04023	0.00300	0.01084	0.00708	0.00532	0.01246
21	0.02051	0.01646	0.01852	0.01702	0.02130	0.01732	0.01284	0.09673	0.23419	0.03597	0.04007	0.26671	0.03923	0.01877	0.01047	0.00326	0.00720	0.01635	0.00901	0.09807
22	0.01871	0.01702	0.02751	0.40396	0.05095	0.02011	0.05371	0.05096	0.02036	0.02700	0.02209	0.09699	0.01977	0.01646	0.05117	0.00409	0.04672	0.01093	0.00525	0.03622
23	0.02081	0.01762	0.02116	0.07435	0.02725	0.01529	0.01351	0.06008	0.05827	0.03302	0.02102	0.05603	0.01803	0.00934	0.00803	0.00196	0.00789	0.00772	0.00630	0.52230
24	0.51736	0.01764	0.01569	0.05273	0.02182	0.01990	0.01162	0.02785	0.05396	0.03904	0.02079	0.02323	0.04676	0.01138	0.00850	0.03949	0.00773	0.00692	0.00621	0.05138
25	0.03239	0.02253	0.02631	0.02315	0.06446	0.02471	0.01757	0.24051	0.20532	0.15442	0.03020	0.02905	0.02169	0.01229	0.01105	0.00312	0.04637	0.00959	0.00955	0.01571
26	0.06818	0.03417	0.28039	0.06095	0.04082	0.02221	0.16528	0.06614	0.02291	0.07420	0.01956	0.02296	0.01407	0.00918	0.00954	0.00300	0.01320	0.00841	0.00547	0.05935

[dist]
# distance from previous block
# <min> <max>
2	18

[block]
# block no. 2 follows, 16 sequences, length 7
# corresponding to MSA columns:
# 320-326
name=unknown_C
#
# <colnr> <probs for GDERKNQSTAVLIFYWHMCP>
#	G	D	E	R	K	N	Q	S	T	A	V	L	I	F	Y	W	H	M	C	P
0	0.03385	0.02538	0.02748	0.02088	0.02879	0.02700	0.01718	0.46976	0.04102	0.05581	0.02219	0.02270	0.01610	0.01084	0.00925	0.00265	0.01004	0.00819	0.00899	0.14190
1	0.15566	0.01978	0.02207	0.08172	0.02799	0.02133	0.01529	0.20840	0.06517	0.08698	0.11688	0.03158	0.02864	0.01208	0.00913	0.00290	0.00868	0.00952	0.00849	0.06772
2	0.03684	0.02715	0.02909	0.02230	0.03006	0.03006	0.01842	0.56661	0.04557	0.06108	0.02327	0.02327	0.01648	0.01163	0.00970	0.00291	0.01067	0.00873	0.00970	0.01648
3	0.01318	0.00967	0.01165	0.01181	0.01357	0.00896	0.00839	0.01585	0.02169	0.02894	0.24828	0.14943	0.18690	0.17104	0.02047	0.00477	0.00618	0.05237	0.00886	0.00800
4	0.01261	0.00943	0.01183	0.01302	0.01479	0.00865	0.00960	0.01539	0.02148	0.02811	0.15530	0.33633	0.19821	0.02662	0.01214	0.00370	0.00576	0.09943	0.00927	0.00832
5	0.01409	0.00940	0.01057	0.01057	0.01057	0.00940	0.00587	0.01409	0.01409	0.01879	0.03054	0.06342	0.03524	0.65938	0.04933	0.00940	0.00940	0.01409	0.00587	0.00587
6	0.01946	0.01767	0.03168	0.25163	0.04432	0.01822	0.16382	0.02373	0.01893	0.02568	0.01778	0.02589	0.01446	0.01418	0.01598	0.15968	0.01202	0.00891	0.00465	0.11131

[dist]
# distance from previous block
# <min> <max>
0	1

[block]
# block no. 3 follows, 16 sequences, length 62
# corresponding to MSA columns:
# 328-357,361-392
name=unknown_D
#
# <colnr> <probs for GDERKNQSTAVLIFYWHMCP>
#	G	D	E	R	K	N	Q	S	T	A	V	L	I	F	Y	W	H	M	C	P
0	0.13931	0.02911	0.02493	0.02145	0.02675	0.22516	0.04560	0.09870	0.12810	0.03613	0.07503	0.02717	0.02336	0.01181	0.01028	0.00296	0.04599	0.00871	0.00709	0.01236
1	0.02344	0.02569	0.07777	0.10952	0.12151	0.02382	0.32515	0.07873	0.02417	0.03314	0.01925	0.02496	0.01459	0.00874	0.01051	0.00308	0.01424	0.00998	0.00525	0.04646
2	0.12391	0.15968	0.09226	0.07785	0.08460	0.02770	0.05237	0.15781	0.06973	0.03837	0.01934	0.02180	0.01489	0.00980	0.00851	0.00284	0.01091	0.00766	0.00627	0.01370
3	0.45330	0.07732	0.02089	0.01549	0.02197	0.07049	0.01287	0.07428	0.02164	0.12727	0.01815	0.01909	0.01335	0.00968	0.00710	0.00287	0.00890	0.00628	0.00696	0.01211
4	0.01807	0.00903	0.00903	0.00903	0.01129	0.00903	0.00678	0.02258	0.02033	0.03613	0.03162	0.03613	0.02484	0.01129	0.00678	0.00226	0.00452	0.00903	0.71319	0.00903
5	0.01351	0.00977	0.01223	0.01260	0.01410	0.00896	0.00849	0.01561	0.01940	0.02676	0.15368	0.33362	0.05802	0.18007	0.02075	0.00486	0.00648	0.02024	0.00827	0.07257
6	0.02402	0.01421	0.01726	0.01535	0.01975	0.01396	0.01187	0.03338	0.16148	0.19285	0.18839	0.12555	0.10552	0.01779	0.01070	0.00322	0.00651	0.01529	0.01046	0.01244
7	0.03549	0.02647	0.02832	0.02203	0.02954	0.02942	0.01809	0.51169	0.10270	0.05889	0.02499	0.02464	0.01788	0.01180	0.00971	0.00295	0.01035	0.00896	0.00971	0.01636
8	0.02020	0.01760	0.02100	0.01539	0.02320	0.01449	0.01239	0.02430	0.01961	0.03081	0.01680	0.02020	0.01420	0.00809	0.00948	0.00170	0.06660	0.00600	0.00560	0.65232
9	0.02328	0.01938	0.02253	0.01671	0.02448	0.01743	0.01354	0.12463	0.02439	0.03638	0.01798	0.02077	0.01462	0.00878	0.00961	0.00193	0.05848	0.00651	0.00635	0.53220
10	0.03220	0.02038	0.02330	0.01884	0.02493	0.02143	0.01509	0.28582	0.08530	0.17648	0.07570	0.08692	0.03022	0.04295	0.01185	0.00335	0.00887	0.01172	0.01008	0.01459
11	0.02160	0.02369	0.04952	0.03587	0.04472	0.02190	0.46133	0.02882	0.02222	0.03052	0.02247	0.08285	0.01919	0.01010	0.01112	0.00316	0.01450	0.01238	0.00535	0.07867
12	0.09556	0.08360	0.03175	0.03270	0.20713	0.16055	0.02072	0.12449	0.02719	0.09814	0.01969	0.02189	0.01514	0.00982	0.00881	0.00275	0.01190	0.00762	0.00652	0.01404
13	0.01197	0.00869	0.01156	0.01348	0.01430	0.00828	0.00919	0.01387	0.01848	0.02462	0.05339	0.56590	0.08984	0.03391	0.06792	0.00496	0.00744	0.02559	0.00865	0.00796
14	0.60317	0.01938	0.01689	0.06769	0.02394	0.02248	0.01264	0.07733	0.01940	0.04347	0.01471	0.01731	0.01125	0.00930	0.00666	0.00301	0.00826	0.00586	0.00619	0.01107
15	0.02731	0.01756	0.02442	0.01907	0.02526	0.01658	0.06503	0.07702	0.02499	0.19981	0.09039	0.08110	0.02972	0.01320	0.01167	0.00282	0.06614	0.01099	0.00849	0.18842
16	0.07892	0.01560	0.02021	0.05197	0.02460	0.01602	0.03950	0.08915	0.07271	0.14002	0.03900	0.22838	0.03787	0.01903	0.01081	0.00352	0.00834	0.08351	0.00901	0.01184
17	0.63241	0.01990	0.01629	0.01407	0.02031	0.02289	0.01159	0.10281	0.02051	0.04592	0.01485	0.01678	0.01132	0.00936	0.00651	0.00299	0.00793	0.00573	0.00651	0.01132
18	0.03467	0.02552	0.02754	0.02154	0.02867	0.02813	0.01760	0.51863	0.04323	0.05793	0.02588	0.07790	0.02061	0.01326	0.00993	0.00300	0.01023	0.01036	0.00963	0.01574
19	0.01300	0.00894	0.01089	0.01197	0.01224	0.00867	0.00737	0.01381	0.01623	0.02164	0.04150	0.34585	0.04906	0.35810	0.03163	0.00678	0.00759	0.02054	0.00737	0.00683
20	0.02411	0.02082	0.02192	0.01972	0.02520	0.02411	0.01534	0.05150	0.58142	0.04054	0.03945	0.03616	0.02959	0.01315	0.00986	0.00329	0.00767	0.01096	0.00986	0.01534
21	0.01175	0.00867	0.01100	0.01286	0.01389	0.00793	0.00872	0.01357	0.01916	0.02499	0.06111	0.55687	0.15532	0.02936	0.01221	0.00382	0.00550	0.02633	0.00900	0.00793
22	0.03838	0.01763	0.02234	0.01790	0.02486	0.01684	0.01453	0.04836	0.17346	0.45692	0.03856	0.03382	0.02546	0.01230	0.00978	0.00307	0.00810	0.01007	0.01143	0.01619
23	0.01339	0.00964	0.01274	0.01297	0.01482	0.00898	0.00962	0.01722	0.02479	0.03452	0.41434	0.22166	0.08171	0.02303	0.01182	0.00338	0.00518	0.06126	0.01011	0.00881
24	0.01684	0.00842	0.01263	0.01263	0.01263	0.00842	0.00842	0.01263	0.01263	0.01684	0.01684	0.02946	0.01684	0.03367	0.03788	0.71801	0.00842	0.00842	0.00421	0.00421
25	0.01222	0.00967	0.01108	0.01207	0.01413	0.00878	0.00853	0.01548	0.04680	0.02616	0.07369	0.36212	0.31075	0.02683	0.01182	0.00360	0.00539	0.02345	0.00904	0.00837
26	0.02399	0.02303	0.03934	0.05949	0.59893	0.02303	0.02974	0.02974	0.02207	0.03166	0.01823	0.02399	0.01535	0.00864	0.00960	0.00288	0.01151	0.00864	0.00480	0.01535
27	0.01817	0.01518	0.01804	0.01416	0.02089	0.01174	0.01091	0.02186	0.01974	0.02999	0.02565	0.16744	0.02594	0.01258	0.00839	0.00202	0.00682	0.01082	0.00650	0.55318
28	0.02750	0.09607	0.23430	0.06547	0.08049	0.09184	0.02577	0.19516	0.02891	0.03820	0.01862	0.02115	0.01388	0.00994	0.00909	0.00286	0.01287	0.00756	0.00598	0.01433
29	0.03274	0.02724	0.08954	0.02673	0.03558	0.02524	0.15999	0.29028	0.03434	0.14276	0.02431	0.02539	0.01690	0.01057	0.01011	0.00303	0.01206	0.00945	0.00832	0.01540
30	0.08884	0.13074	0.07302	0.01768	0.02533	0.02196	0.01583	0.09641	0.08566	0.14573	0.02561	0.06090	0.02024	0.01116	0.00847	0.00263	0.00889	0.00870	0.00767	0.14454
31	0.34713	0.02179	0.05648	0.04870	0.02586	0.02258	0.01522	0.08623	0.16620	0.08655	0.02348	0.02388	0.01727	0.01060	0.00803	0.00308	0.00861	0.00769	0.00760	0.01303
32	0.01757	0.08898	0.30198	0.01999	0.02859	0.01821	0.02260	0.02521	0.02339	0.03349	0.26475	0.04233	0.04632	0.01368	0.00989	0.00297	0.00977	0.01144	0.00692	0.01193
33	0.01562	0.01116	0.01562	0.01785	0.02008	0.01116	0.01562	0.02008	0.02231	0.02900	0.05132	0.10933	0.05578	0.02677	0.01339	0.00446	0.00892	0.53369	0.00892	0.00892
34	0.01964	0.01574	0.01860	0.01874	0.02251	0.01730	0.01549	0.03498	0.28747	0.03448	0.04569	0.07463	0.04336	0.02031	0.01172	0.00391	0.00833	0.28578	0.00937	0.01197
35	0.01223	0.00913	0.01138	0.01234	0.01396	0.00828	0.00868	0.01485	0.02167	0.02878	0.20548	0.37665	0.18855	0.02630	0.01192	0.00356	0.00519	0.02335	0.00944	0.00828
36	0.01190	0.00899	0.01070	0.01199	0.01341	0.00812	0.00816	0.01369	0.01933	0.02467	0.06632	0.40969	0.23983	0.08732	0.01552	0.00422	0.00574	0.02391	0.00871	0.00779
37	0.01944	0.05013	0.60917	0.02762	0.04195	0.02251	0.03581	0.03069	0.02046	0.03069	0.01739	0.02046	0.01228	0.00921	0.00921	0.00307	0.01432	0.00716	0.00409	0.01432
38	0.02353	0.02238	0.03805	0.05723	0.56750	0.02238	0.02898	0.02922	0.02208	0.03152	0.02003	0.02862	0.01755	0.00962	0.00980	0.00296	0.01137	0.03714	0.00502	0.01500
39	0.03504	0.02823	0.02891	0.08007	0.03348	0.09165	0.01925	0.46008	0.04120	0.05373	0.02183	0.02290	0.01573	0.01128	0.00959	0.00290	0.01160	0.00845	0.00869	0.01539
40	0.03201	0.02286	0.02511	0.02018	0.02671	0.02495	0.01632	0.36442	0.13307	0.09651	0.07811	0.05993	0.02804	0.01351	0.01000	0.00304	0.00920	0.01083	0.00996	0.01525
41	0.11156	0.06192	0.18542	0.11483	0.03432	0.02054	0.02185	0.07571	0.02360	0.10165	0.07545	0.03521	0.02521	0.01236	0.00942	0.00314	0.01061	0.05773	0.00683	0.01266
42	0.07985	0.13645	0.33370	0.02439	0.03533	0.05880	0.05436	0.07834	0.05324	0.03331	0.01817	0.02056	0.01360	0.00947	0.00866	0.00289	0.01277	0.00722	0.00514	0.01374
43	0.06395	0.01744	0.02784	0.44502	0.05415	0.02066	0.05520	0.05380	0.02076	0.02827	0.02040	0.03250	0.01697	0.01229	0.01123	0.03746	0.01210	0.05411	0.00514	0.01072
44	0.01226	0.00877	0.01173	0.01374	0.01457	0.00823	0.00954	0.01440	0.01955	0.02619	0.09549	0.56426	0.06558	0.02925	0.01238	0.00391	0.00580	0.06718	0.00912	0.00806
45	0.07339	0.01176	0.01393	0.01284	0.01573	0.01145	0.00960	0.04953	0.02538	0.06760	0.36754	0.09997	0.09966	0.08203	0.01461	0.00373	0.00590	0.01611	0.00964	0.00959
46	0.01371	0.00923	0.01069	0.01107	0.01116	0.00914	0.00640	0.01399	0.01485	0.01980	0.03442	0.16338	0.04013	0.55275	0.04306	0.00847	0.00876	0.01638	0.00640	0.00621
47	0.02694	0.01780	0.02058	0.01782	0.02271	0.01845	0.01414	0.25347	0.03185	0.11761	0.04200	0.21161	0.08023	0.01920	0.01090	0.00337	0.00834	0.06053	0.00968	0.01279
48	0.01259	0.00904	0.01195	0.01296	0.01423	0.00839	0.00906	0.01546	0.02219	0.03052	0.27466	0.41533	0.07530	0.02604	0.01199	0.00357	0.00519	0.02345	0.00968	0.00839
49	0.02516	0.02058	0.02195	0.01959	0.02518	0.02357	0.01528	0.05127	0.55129	0.07129	0.03938	0.03599	0.02928	0.01309	0.00986	0.00327	0.00770	0.01089	0.00998	0.01540
50	0.01449	0.01008	0.01264	0.01236	0.01489	0.00912	0.00931	0.01820	0.02492	0.06061	0.36440	0.14783	0.19432	0.02213	0.01157	0.00328	0.00517	0.04550	0.01007	0.00911
51	0.03684	0.02715	0.02909	0.02230	0.03006	0.03006	0.01842	0.56661	0.04557	0.06108	0.02327	0.02327	0.01648	0.01163	0.00970	0.00291	0.01067	0.00873	0.00970	0.01648
52	0.05653	0.08162	0.42771	0.07542	0.04273	0.02365	0.09998	0.03006	0.02043	0.03043	0.01722	0.02106	0.01256	0.00904	0.00918	0.00304	0.01387	0.00760	0.00431	0.01357
53	0.02238	0.11423	0.16299	0.10073	0.11746	0.02437	0.13919	0.07708	0.02341	0.03152	0.02554	0.02919	0.06827	0.01050	0.00964	0.00297	0.01246	0.00956	0.00536	0.01316
54	0.03355	0.14083	0.10563	0.01822	0.02624	0.02003	0.01723	0.06340	0.02610	0.33485	0.08887	0.03178	0.02706	0.01175	0.00920	0.00284	0.00918	0.00933	0.00923	0.01468
55	0.01407	0.01074	0.01303	0.01248	0.01512	0.01018	0.00933	0.02004	0.07391	0.03571	0.41759	0.10978	0.17997	0.02080	0.01136	0.00317	0.00497	0.01814	0.01018	0.00942
56	0.02293	0.02149	0.03737	0.03170	0.09399	0.02135	0.25167	0.03481	0.16735	0.06477	0.03509	0.04003	0.07854	0.01234	0.01085	0.00328	0.01162	0.04023	0.00719	0.01338
57	0.01216	0.00903	0.01108	0.01256	0.01385	0.00829	0.00869	0.01404	0.01924	0.02479	0.06231	0.42620	0.19329	0.08761	0.01566	0.00431	0.00599	0.05435	0.00870	0.00782
58	0.02054	0.02112	0.03812	0.28213	0.05044	0.02469	0.19492	0.02636	0.01925	0.02636	0.01675	0.02468	0.01343	0.01119	0.01625	0.00352	0.18485	0.00947	0.00448	0.01145
59	0.01431	0.01107	0.01646	0.01620	0.01782	0.01322	0.01269	0.01769	0.01553	0.02255	0.02513	0.03701	0.02351	0.06918	0.58388	0.01486	0.06473	0.01026	0.00513	0.00878
60	0.51101	0.02268	0.01712	0.01528	0.02098	0.11554	0.01220	0.03188	0.05257	0.06683	0.04356	0.02069	0.01636	0.01005	0.00709	0.00294	0.00898	0.00653	0.00657	0.01112
61	0.02005	0.02133	0.04269	0.03162	0.03868	0.02066	0.36955	0.02656	0.02299	0.03140	0.12982	0.04023	0.08140	0.01247	0.01306	0.00331	0.06309	0.01312	0.00626	0.01172

[dist]
# distance from previous block
# <min> <max>
1	7

[block]
# block no. 4 follows, 16 sequences, length 57
# corresponding to MSA columns:
# 400-456
name=unknown_E
#
# <colnr> <probs for GDERKNQSTAVLIFYWHMCP>
#	G	D	E	R	K	N	Q	S	T	A	V	L	I	F	Y	W	H	M	C	P
0	0.02972	0.02317	0.02397	0.02018	0.02616	0.06380	0.01635	0.27606	0.16592	0.07490	0.05774	0.04101	0.05084	0.01447	0.01023	0.00317	0.00961	0.06888	0.00946	0.01436
1	0.01384	0.01133	0.01229	0.01227	0.01464	0.03576	0.00904	0.01693	0.02336	0.03029	0.26852	0.14625	0.25041	0.06846	0.01425	0.00373	0.00594	0.04495	0.00922	0.00851
2	0.03173	0.02471	0.02869	0.09025	0.07760	0.02760	0.01970	0.38065	0.13063	0.05147	0.02494	0.02576	0.01821	0.01145	0.00971	0.00300	0.01047	0.00908	0.00877	0.01559
3	0.01480	0.01057	0.01234	0.01244	0.01367	0.01060	0.00849	0.01811	0.05808	0.02461	0.09968	0.07168	0.08765	0.39987	0.03408	0.00706	0.00834	0.09304	0.00737	0.00754
4	0.02268	0.02009	0.03102	0.41732	0.16128	0.02333	0.02594	0.12217	0.02455	0.03254	0.01849	0.02503	0.01402	0.00984	0.00967	0.00311	0.01225	0.00864	0.00536	0.01265
5	0.02510	0.02131	0.02248	0.01993	0.02558	0.02457	0.01558	0.09174	0.53956	0.04215	0.03818	0.03515	0.02856	0.01303	0.00985	0.00326	0.00790	0.01078	0.00985	0.01543
6	0.02435	0.05612	0.22170	0.02860	0.12651	0.01994	0.05068	0.06655	0.02336	0.12431	0.02767	0.13620	0.02434	0.01341	0.00994	0.00314	0.01100	0.01170	0.00678	0.01370
7	0.72785	0.01874	0.01425	0.01275	0.01874	0.02174	0.01050	0.02849	0.01649	0.04348	0.01350	0.01574	0.01050	0.00900	0.00600	0.00300	0.00750	0.00525	0.00600	0.01050
8	0.01908	0.01818	0.02976	0.50814	0.09110	0.02288	0.02619	0.02483	0.01883	0.02494	0.01659	0.02501	0.01303	0.01076	0.01311	0.00337	0.11027	0.00859	0.00432	0.01101
9	0.01316	0.01025	0.01211	0.01304	0.01501	0.00978	0.00923	0.01801	0.08022	0.02784	0.10317	0.38958	0.21035	0.02615	0.01178	0.00362	0.00557	0.02309	0.00921	0.00885
10	0.10840	0.02020	0.02741	0.09525	0.03289	0.02093	0.08772	0.13652	0.08314	0.17542	0.05945	0.02945	0.02255	0.01115	0.00951	0.00300	0.00992	0.00951	0.00843	0.04915
11	0.01512	0.01192	0.01585	0.01735	0.06222	0.01070	0.01195	0.01861	0.02164	0.02991	0.14976	0.25459	0.09969	0.02159	0.01115	0.00327	0.00660	0.09661	0.00841	0.13306
12	0.30947	0.09434	0.20105	0.02090	0.05583	0.06490	0.02025	0.02898	0.01921	0.03427	0.01774	0.06106	0.01526	0.01050	0.00780	0.00295	0.01064	0.00758	0.00531	0.01197
13	0.02202	0.02190	0.03910	0.25131	0.12132	0.02395	0.19961	0.05595	0.05576	0.03032	0.01940	0.02581	0.01498	0.00998	0.01210	0.00327	0.06575	0.00967	0.00516	0.01264
14	0.01684	0.00842	0.01263	0.01263	0.01263	0.00842	0.00842	0.01263	0.01263	0.01684	0.01684	0.02946	0.01684	0.03367	0.03788	0.71801	0.00842	0.00842	0.00421	0.00421
15	0.02437	0.01929	0.02067	0.01846	0.02387	0.02159	0.01440	0.04714	0.47567	0.08605	0.04561	0.04199	0.08943	0.01427	0.01002	0.00326	0.00742	0.01187	0.00995	0.01467
16	0.02120	0.02120	0.02969	0.02545	0.02545	0.02969	0.02120	0.02332	0.01484	0.02332	0.01272	0.02120	0.01272	0.01696	0.03181	0.00424	0.64165	0.00848	0.00424	0.01060
17	0.01246	0.00912	0.01183	0.01358	0.01486	0.00849	0.00979	0.01486	0.02018	0.02652	0.09536	0.46001	0.13335	0.02836	0.01234	0.00387	0.00595	0.10181	0.00910	0.00816
18	0.03079	0.01532	0.01949	0.01618	0.02172	0.01457	0.01291	0.03927	0.13272	0.32662	0.20685	0.04553	0.04550	0.01458	0.01028	0.00307	0.00702	0.01233	0.01119	0.01405
19	0.01201	0.00859	0.01143	0.01336	0.01410	0.00801	0.00901	0.01401	0.01950	0.02625	0.11106	0.59112	0.06702	0.02924	0.01227	0.00384	0.00551	0.02648	0.00918	0.00801
20	0.02288	0.02614	0.05719	0.04085	0.05065	0.02451	0.56373	0.03105	0.02288	0.03105	0.01961	0.02614	0.01471	0.00817	0.01144	0.00327	0.01634	0.01144	0.00490	0.01307
21	0.01304	0.00988	0.01201	0.01148	0.01406	0.00886	0.00861	0.01697	0.02583	0.03505	0.44476	0.07868	0.24288	0.02124	0.01144	0.00312	0.00467	0.01841	0.01017	0.00886
22	0.02069	0.02044	0.02869	0.02475	0.02487	0.02845	0.02056	0.02290	0.01489	0.02327	0.01365	0.02239	0.01353	0.02089	0.07328	0.00504	0.59830	0.00862	0.00431	0.01047
23	0.19584	0.33886	0.08441	0.06558	0.02864	0.03081	0.01771	0.08604	0.02172	0.03270	0.01514	0.01763	0.01242	0.00900	0.00706	0.00256	0.01023	0.00601	0.00519	0.01243
24	0.02035	0.01861	0.02721	0.24242	0.09745	0.02096	0.05850	0.03347	0.20922	0.03230	0.07182	0.03707	0.06412	0.01238	0.01011	0.00321	0.01012	0.01105	0.00704	0.01263
25	0.02683	0.02289	0.03116	0.18419	0.03976	0.02736	0.05849	0.24180	0.02888	0.03935	0.01859	0.02357	0.01441	0.01234	0.01581	0.00338	0.18274	0.00881	0.00649	0.01317
26	0.02263	0.01191	0.01565	0.01357	0.01751	0.01063	0.01058	0.02681	0.02717	0.21060	0.39119	0.06181	0.10489	0.01775	0.01092	0.00305	0.00571	0.01536	0.01096	0.01132
27	0.03544	0.02777	0.02821	0.02221	0.02953	0.06960	0.01811	0.47574	0.10150	0.05635	0.02443	0.02425	0.01761	0.01168	0.00965	0.00292	0.01081	0.00880	0.00939	0.01600
28	0.01216	0.00862	0.01127	0.01311	0.01371	0.00811	0.00867	0.01384	0.01859	0.02492	0.08220	0.55661	0.06260	0.09685	0.01626	0.00447	0.00596	0.02554	0.00876	0.00773
29	0.01409	0.00940	0.01057	0.01057	0.01057	0.00940	0.00587	0.01409	0.01409	0.01879	0.03054	0.06342	0.03524	0.65938	0.04933	0.00940	0.00940	0.01409	0.00587	0.00587
30	0.01195	0.00859	0.01111	0.01306	0.01375	0.00800	0.00867	0.01356	0.01845	0.02440	0.05448	0.57691	0.09413	0.07514	0.01497	0.00429	0.00585	0.02616	0.00877	0.00775
31	0.03130	0.34088	0.03857	0.02098	0.02754	0.34335	0.01771	0.03409	0.02377	0.02328	0.01426	0.01656	0.01246	0.00918	0.00754	0.00230	0.01409	0.00574	0.00459	0.01181
32	0.72785	0.01874	0.01425	0.01275	0.01874	0.02174	0.01050	0.02849	0.01649	0.04348	0.01350	0.01574	0.01050	0.00900	0.00600	0.00300	0.00750	0.00525	0.00600	0.01050
33	0.01470	0.01296	0.01619	0.01659	0.01824	0.06016	0.05314	0.01696	0.01964	0.02515	0.04758	0.55118	0.05595	0.02693	0.01200	0.00376	0.00745	0.02452	0.00834	0.00856
34	0.01944	0.05013	0.60917	0.02762	0.04195	0.02251	0.03581	0.03069	0.02046	0.03069	0.01739	0.02046	0.01228	0.00921	0.00921	0.00307	0.01432	0.00716	0.00409	0.01432
35	0.02030	0.13145	0.53535	0.02616	0.03969	0.02460	0.03327	0.03047	0.02036	0.02965	0.01688	0.01981	0.01230	0.00909	0.00881	0.00294	0.01380	0.00690	0.00410	0.01407
36	0.02591	0.66522	0.05079	0.01658	0.02488	0.03835	0.01658	0.02902	0.01969	0.02280	0.01347	0.01555	0.01244	0.00829	0.00622	0.00207	0.01036	0.00518	0.00415	0.01244
37	0.51705	0.07085	0.05350	0.01600	0.02247	0.12723	0.01382	0.03043	0.01886	0.03785	0.01398	0.01631	0.01108	0.00913	0.00668	0.00285	0.00983	0.00553	0.00558	0.01098
38	0.02411	0.02082	0.02192	0.01972	0.02520	0.02411	0.01534	0.05150	0.58142	0.04054	0.03945	0.03616	0.02959	0.01315	0.00986	0.00329	0.00767	0.01096	0.00986	0.01534
39	0.02794	0.01698	0.02090	0.01532	0.02356	0.01336	0.01241	0.03206	0.02266	0.22418	0.02428	0.02442	0.01759	0.00879	0.00804	0.00196	0.00754	0.00709	0.00784	0.48307
40	0.01390	0.00932	0.01063	0.01081	0.01086	0.00927	0.00613	0.01404	0.01447	0.01929	0.03244	0.11250	0.03764	0.60703	0.04625	0.00894	0.00908	0.01521	0.00613	0.00604
41	0.02509	0.58712	0.12168	0.01799	0.02704	0.03634	0.01902	0.02923	0.01979	0.02380	0.01397	0.01617	0.01242	0.00841	0.00660	0.00220	0.01087	0.00543	0.00414	0.01268
42	0.02411	0.02082	0.02192	0.01972	0.02520	0.02411	0.01534	0.05150	0.58142	0.04054	0.03945	0.03616	0.02959	0.01315	0.00986	0.00329	0.00767	0.01096	0.00986	0.01534
43	0.02222	0.02310	0.04436	0.16393	0.22542	0.02376	0.25670	0.02893	0.02145	0.02954	0.01829	0.02511	0.01444	0.00914	0.01171	0.00319	0.05098	0.00982	0.00471	0.01319
44	0.02112	0.05691	0.02324	0.01795	0.02329	0.01952	0.03757	0.06262	0.18989	0.03302	0.03263	0.09928	0.05453	0.05739	0.01361	0.00329	0.05266	0.01152	0.00749	0.18245
45	0.01181	0.00843	0.01125	0.01350	0.01406	0.00787	0.00900	0.01350	0.01856	0.02474	0.05342	0.65306	0.06410	0.03036	0.01237	0.00394	0.00562	0.02755	0.00900	0.00787
46	0.02913	0.02062	0.06355	0.01818	0.02512	0.01845	0.01550	0.13027	0.13616	0.19987	0.03710	0.08205	0.06503	0.01367	0.00972	0.00294	0.00842	0.01126	0.00937	0.10360
47	0.24258	0.02461	0.02214	0.01847	0.02476	0.10595	0.01484	0.19992	0.08187	0.10167	0.05516	0.02522	0.02044	0.01126	0.00857	0.00293	0.00978	0.00816	0.00823	0.01343
48	0.01916	0.01678	0.02316	0.20070	0.07427	0.01640	0.01758	0.02561	0.05954	0.02949	0.02393	0.08126	0.02172	0.01155	0.00908	0.00258	0.00917	0.04089	0.00601	0.31113
49	0.01218	0.00931	0.01122	0.01217	0.01408	0.00836	0.00876	0.01475	0.02146	0.02776	0.15678	0.32851	0.26107	0.02637	0.01194	0.00358	0.00536	0.04885	0.00926	0.00824
50	0.03016	0.07388	0.02635	0.02133	0.06328	0.02259	0.01630	0.26192	0.03244	0.12853	0.06105	0.04021	0.02762	0.07884	0.01391	0.00368	0.00967	0.06563	0.00884	0.01377
51	0.02701	0.59918	0.04830	0.01748	0.02542	0.10045	0.01681	0.03005	0.02052	0.02290	0.01364	0.01575	0.01244	0.00847	0.00649	0.00212	0.01112	0.00530	0.00424	0.01231
52	0.01724	0.01210	0.01401	0.01279	0.01630	0.01130	0.00979	0.07786	0.02672	0.07389	0.26191	0.11179	0.27554	0.02097	0.01120	0.00318	0.00569	0.01787	0.00988	0.00998
53	0.12117	0.02354	0.02566	0.08523	0.09098	0.05971	0.01821	0.23255	0.12041	0.04412	0.02801	0.02907	0.05613	0.01179	0.00928	0.00301	0.01009	0.00925	0.00785	0.01395
54	0.02554	0.07618	0.27933	0.02393	0.03371	0.08885	0.02512	0.12289	0.15935	0.03673	0.02312	0.02405	0.01713	0.01057	0.00921	0.00297	0.01224	0.00810	0.00648	0.01447
55	0.12428	0.46272	0.04071	0.01687	0.02403	0.09628	0.01565	0.02916	0.01979	0.02577	0.01452	0.01737	0.01300	0.01310	0.04973	0.00320	0.01182	0.00567	0.00457	0.01177
56	0.39161	0.01880	0.01900	0.01550	0.02226	0.01978	0.01279	0.09401	0.02394	0.26002	0.02400	0.02314	0.01630	0.01043	0.00783	0.00299	0.00813	0.00734	0.00869	0.01344

[dist]
# distance from previous block
# <min> <max>
0	1

[block]
# block no. 5 follows, 16 sequences, length 9
# corresponding to MSA columns:
# 458-466
name=unknown_F
#
# <colnr> <probs for GDERKNQSTAVLIFYWHMCP>
#	G	D	E	R	K	N	Q	S	T	A	V	L	I	F	Y	W	H	M	C	P
0	0.02866	0.05415	0.02025	0.01539	0.02089	0.01506	0.01244	0.03559	0.10135	0.28583	0.17348	0.04945	0.11517	0.01540	0.01016	0.00303	0.00701	0.01285	0.01053	0.01329
1	0.01879	0.01169	0.01622	0.01731	0.02017	0.01136	0.01491	0.02318	0.02339	0.09875	0.09500	0.09712	0.05495	0.02443	0.01279	0.00417	0.00848	0.42801	0.00944	0.00985
2	0.01876	0.01339	0.02071	0.27915	0.03684	0.01542	0.01696	0.05386	0.01765	0.02310	0.01742	0.02751	0.01514	0.02201	0.02402	0.36664	0.01048	0.00852	0.00461	0.00780
3	0.01261	0.00986	0.01142	0.01103	0.01380	0.00867	0.00828	0.01615	0.02483	0.03267	0.35178	0.08259	0.33735	0.02212	0.01144	0.00316	0.00474	0.01896	0.00985	0.00867
4	0.72785	0.01874	0.01425	0.01275	0.01874	0.02174	0.01050	0.02849	0.01649	0.04348	0.01350	0.01574	0.01050	0.00900	0.00600	0.00300	0.00750	0.00525	0.00600	0.01050
5	0.01722	0.01680	0.03220	0.10318	0.03556	0.01641	0.23590	0.02230	0.02091	0.02810	0.06587	0.28693	0.03919	0.01816	0.01160	0.00353	0.01082	0.01806	0.00684	0.01042
6	0.10637	0.02796	0.02669	0.02139	0.02842	0.09921	0.01735	0.39930	0.09146	0.05286	0.02282	0.02303	0.01664	0.01131	0.00922	0.00290	0.01087	0.00829	0.00877	0.01513
7	0.03129	0.02329	0.02513	0.02021	0.02641	0.02569	0.01615	0.41306	0.10051	0.05191	0.02813	0.07773	0.02346	0.07496	0.01370	0.00365	0.00981	0.01096	0.00930	0.01467
8	0.03423	0.03757	0.02962	0.03199	0.15938	0.41603	0.02074	0.03761	0.02626	0.09074	0.01833	0.02070	0.01443	0.00990	0.00905	0.00264	0.01508	0.00718	0.00573	0.01277

[dist]
# distance from previous block
# <min> <max>
0	2

[block]
# block no. 6 follows, 16 sequences, length 101
# corresponding to MSA columns:
# 469-569
name=unknown_G
#
# <colnr> <probs for GDERKNQSTAVLIFYWHMCP>
#	G	D	E	R	K	N	Q	S	T	A	V	L	I	F	Y	W	H	M	C	P
0	0.72785	0.01874	0.01425	0.01275	0.01874	0.02174	0.01050	0.02849	0.01649	0.04348	0.01350	0.01574	0.01050	0.00900	0.00600	0.00300	0.00750	0.00525	0.00600	0.01050
1	0.03313	0.02457	0.02668	0.02132	0.02813	0.02710	0.01748	0.46474	0.07613	0.05548	0.02796	0.06710	0.02276	0.01386	0.01011	0.00310	0.01006	0.04528	0.00961	0.01539
2	0.03352	0.08181	0.02918	0.05899	0.03141	0.50946	0.01922	0.03625	0.02565	0.02369	0.01486	0.01808	0.01252	0.01034	0.01022	0.00263	0.05961	0.00646	0.00485	0.01124
