[name]
unknown

[dist]
# distance from previous block
# <min> <max>
0	52

[block]
# block no. 0 follows, 22 sequences, length 26
# corresponding to MSA columns:
# 52-77
name=unknown_A
#
# <colnr> <probs for GDERKNQSTAVLIFYWHMCP>
#	G	D	E	R	K	N	Q	S	T	A	V	L	I	F	Y	W	H	M	C	P
0	0.01403	0.06073	0.01558	0.01522	0.01751	0.01126	0.01345	0.01777	0.01896	0.02447	0.04163	0.08786	0.04511	0.02180	0.01103	0.00368	0.00774	0.55696	0.00735	0.00787
1	0.02353	0.59872	0.06400	0.01496	0.02218	0.03069	0.01483	0.06971	0.01890	0.05818	0.01347	0.01480	0.01146	0.00752	0.00581	0.00191	0.00893	0.00495	0.00427	0.01117
2	0.04940	0.01707	0.01705	0.01553	0.01839	0.12635	0.01210	0.12067	0.01943	0.02594	0.01973	0.02713	0.01754	0.06794	0.34993	0.00825	0.04250	0.00793	0.02818	0.00894
3	0.01897	0.02228	0.10680	0.07457	0.28487	0.01942	0.22925	0.02577	0.04413	0.02660	0.02025	0.02449	0.04673	0.00825	0.00882	0.00265	0.01118	0.00869	0.00442	0.01185
4	0.01208	0.00805	0.00906	0.00906	0.00906	0.00805	0.00503	0.01208	0.01208	0.01611	0.02618	0.05436	0.03020	0.70804	0.04228	0.00805	0.00805	0.01208	0.00503	0.00503
5	0.01723	0.01477	0.01723	0.01230	0.01969	0.01107	0.00984	0.02092	0.01723	0.02707	0.01477	0.01723	0.01230	0.00615	0.00615	0.00123	0.00615	0.00492	0.00492	0.75883
6	0.02288	0.06143	0.08777	0.06172	0.03423	0.04557	0.27123	0.07532	0.05426	0.11012	0.01880	0.02185	0.01386	0.00879	0.01044	0.00273	0.07374	0.00828	0.00537	0.01162
7	0.01918	0.02150	0.06042	0.06615	0.07242	0.02014	0.44392	0.02646	0.05042	0.02655	0.01707	0.02203	0.01305	0.00755	0.00989	0.00269	0.03792	0.00895	0.00440	0.06929
8	0.01012	0.00723	0.00964	0.01157	0.01205	0.00675	0.00771	0.01157	0.01591	0.02121	0.04579	0.70262	0.05495	0.02603	0.01060	0.00337	0.00482	0.02362	0.00771	0.00675
9	0.01207	0.00809	0.00925	0.00925	0.00931	0.00815	0.00526	0.01220	0.01214	0.01624	0.02601	0.05343	0.02980	0.68023	0.06954	0.00828	0.00867	0.01194	0.00501	0.00514
10	0.01834	0.01543	0.01782	0.01283	0.02016	0.01221	0.01031	0.06809	0.01892	0.02903	0.01517	0.01744	0.01245	0.00645	0.00632	0.00133	0.00638	0.00512	0.00518	0.70102
11	0.02454	0.01909	0.02213	0.01788	0.02199	0.02204	0.01457	0.36661	0.02946	0.04043	0.11894	0.02781	0.02437	0.04358	0.01433	0.00302	0.16153	0.00884	0.00725	0.01159
12	0.01203	0.00821	0.00984	0.00980	0.01014	0.00840	0.00602	0.01270	0.01290	0.01753	0.05935	0.05141	0.03134	0.57057	0.13869	0.00858	0.01003	0.01175	0.00517	0.00555
13	0.01191	0.00875	0.01257	0.01257	0.01379	0.00996	0.00942	0.01434	0.01312	0.01871	0.02296	0.03657	0.02248	0.17916	0.56060	0.01239	0.01968	0.00948	0.00456	0.00699
14	0.02497	0.02860	0.02357	0.02054	0.02469	0.38306	0.08146	0.08073	0.02231	0.02384	0.01888	0.09701	0.01756	0.01743	0.09418	0.00383	0.01413	0.00857	0.00504	0.00959
15	0.02095	0.18918	0.02225	0.01373	0.01798	0.08849	0.01145	0.11316	0.05601	0.02898	0.02532	0.05286	0.06357	0.01071	0.00768	0.00223	0.03349	0.00805	0.22401	0.00988
16	0.72640	0.05382	0.01391	0.01110	0.01635	0.01941	0.00928	0.02444	0.01429	0.03631	0.01157	0.01349	0.00909	0.00768	0.00515	0.00253	0.00656	0.00450	0.00506	0.00909
17	0.01723	0.01477	0.01723	0.01230	0.01969	0.01107	0.00984	0.02092	0.01723	0.02707	0.01477	0.01723	0.01230	0.00615	0.00615	0.00123	0.00615	0.00492	0.00492	0.75883
18	0.01723	0.01477	0.01723	0.01230	0.01969	0.01107	0.00984	0.02092	0.01723	0.02707	0.01477	0.01723	0.01230	0.00615	0.00615	0.00123	0.00615	0.00492	0.00492	0.75883
19	0.02244	0.34012	0.13898	0.01901	0.05980	0.10075	0.01748	0.08941	0.05194	0.02554	0.01841	0.01981	0.04657	0.00868	0.00688	0.00218	0.00986	0.00627	0.00463	0.01124
20	0.01899	0.01498	0.02170	0.10542	0.08924	0.01596	0.06194	0.14373	0.02214	0.06265	0.07602	0.23163	0.03111	0.01497	0.01029	0.00289	0.04631	0.01317	0.00670	0.01016
21	0.02006	0.01690	0.02238	0.08863	0.21234	0.05179	0.01655	0.07818	0.10015	0.06794	0.17969	0.03444	0.05269	0.01127	0.00868	0.00258	0.00795	0.00984	0.00673	0.01121
22	0.01922	0.01433	0.02057	0.06829	0.02353	0.01390	0.08626	0.08923	0.02039	0.09897	0.08476	0.12525	0.02763	0.08401	0.01271	0.00306	0.03179	0.01083	0.00649	0.15877
23	0.10442	0.05671	0.02943	0.12736	0.29985	0.01916	0.08192	0.02606	0.04064	0.07625	0.01829	0.05150	0.01510	0.00871	0.00801	0.00258	0.00946	0.00803	0.00494	0.01158
24	0.07593	0.01674	0.02056	0.01805	0.01902	0.05453	0.01470	0.02027	0.01402	0.02256	0.01453	0.02172	0.01352	0.04374	0.06691	0.00410	0.44255	0.00732	0.10058	0.00866
25	0.05180	0.02111	0.01756	0.03403	0.02037	0.21815	0.01213	0.09015	0.04535	0.07465	0.05628	0.04900	0.02047	0.01401	0.05633	0.00307	0.01001	0.00785	0.14584	0.05183

[dist]
# distance from previous block
# <min> <max>
0	2

[block]
# block no. 1 follows, 22 sequences, length 13
# corresponding to MSA columns:
# 80-92
name=unknown_B
#
# <colnr> <probs for GDERKNQSTAVLIFYWHMCP>
#	G	D	E	R	K	N	Q	S	T	A	V	L	I	F	Y	W	H	M	C	P
0	0.05283	0.01103	0.01449	0.01257	0.01633	0.01045	0.00997	0.02486	0.02040	0.26728	0.18651	0.04230	0.09983	0.02493	0.16247	0.00509	0.00947	0.01090	0.00818	0.01009
1	0.51075	0.06875	0.05718	0.01392	0.01905	0.02097	0.01234	0.05244	0.03874	0.03373	0.01290	0.01527	0.01029	0.00878	0.00839	0.00266	0.09388	0.00526	0.00500	0.00972
2	0.50525	0.04059	0.01611	0.01314	0.01851	0.06545	0.01075	0.06372	0.05952	0.11519	0.01632	0.01701	0.01203	0.00845	0.00613	0.00253	0.00736	0.00555	0.00609	0.01032
3	0.01443	0.00722	0.01082	0.01082	0.01082	0.00722	0.00722	0.01082	0.01082	0.01443	0.01443	0.02525	0.01443	0.02886	0.03247	0.75830	0.00722	0.00722	0.00361	0.00361
4	0.68889	0.01593	0.01353	0.08110	0.02033	0.01862	0.01046	0.02409	0.01439	0.03561	0.01190	0.01439	0.00921	0.00777	0.00547	0.00259	0.00691	0.00480	0.00499	0.00902
5	0.02409	0.01946	0.06237	0.01639	0.02166	0.01946	0.01386	0.34876	0.09588	0.04132	0.02552	0.10907	0.02141	0.01195	0.00818	0.00256	0.00768	0.00968	0.12876	0.01193
6	0.01267	0.01007	0.01488	0.01442	0.01572	0.01229	0.01137	0.01549	0.01327	0.01937	0.02082	0.03081	0.01952	0.05627	0.59322	0.01212	0.10703	0.00869	0.00435	0.00763
7	0.38991	0.12708	0.12498	0.01556	0.02159	0.08948	0.01485	0.02530	0.01594	0.02953	0.01218	0.01470	0.00984	0.00836	0.00787	0.00251	0.07097	0.00510	0.00441	0.00985
8	0.10862	0.01751	0.02950	0.24650	0.03849	0.02032	0.18495	0.02243	0.01621	0.02437	0.01527	0.04714	0.01294	0.01001	0.01278	0.00298	0.16792	0.00831	0.00415	0.00961
9	0.01144	0.00835	0.01075	0.01043	0.01229	0.00766	0.00771	0.01496	0.02236	0.03121	0.54479	0.13314	0.11734	0.01826	0.00989	0.00271	0.00404	0.01614	0.00889	0.00766
10	0.01318	0.01029	0.01419	0.12253	0.03994	0.01093	0.01124	0.05532	0.01715	0.02278	0.03579	0.32938	0.07909	0.09724	0.09728	0.00490	0.00878	0.01591	0.00630	0.00776
11	0.19137	0.01743	0.08430	0.08651	0.02428	0.01432	0.01340	0.02405	0.01718	0.10460	0.01828	0.06411	0.01507	0.00875	0.00690	0.00216	0.00741	0.00688	0.00552	0.28748
12	0.07395	0.02040	0.03076	0.02391	0.02910	0.10099	0.27050	0.02555	0.04888	0.04965	0.10239	0.06813	0.02412	0.01084	0.01092	0.00279	0.08144	0.01006	0.00551	0.01010

[dist]
# distance from previous block
# <min> <max>
3	15

[block]
# block no. 2 follows, 22 sequences, length 40
# corresponding to MSA columns:
# 108-147
name=unknown_C
#
# <colnr> <probs for GDERKNQSTAVLIFYWHMCP>
#	G	D	E	R	K	N	Q	S	T	A	V	L	I	F	Y	W	H	M	C	P
0	0.04151	0.01605	0.08034	0.01895	0.06995	0.01364	0.07175	0.10096	0.02067	0.02910	0.09975	0.29808	0.03690	0.01626	0.00928	0.00284	0.00741	0.01466	0.00672	0.04517
1	0.02446	0.01896	0.02198	0.01776	0.02308	0.05507	0.05941	0.27104	0.09161	0.08478	0.07588	0.03251	0.06122	0.01489	0.05216	0.00328	0.00938	0.03495	0.00756	0.04002
2	0.02406	0.13796	0.02799	0.06300	0.05024	0.02324	0.05247	0.26997	0.07319	0.03570	0.01913	0.04951	0.01554	0.00968	0.00849	0.00238	0.03463	0.00767	0.00625	0.08889
3	0.01436	0.00874	0.01254	0.01213	0.01230	0.00958	0.00856	0.01245	0.01235	0.01699	0.06427	0.06339	0.02170	0.06090	0.02948	0.52880	0.09339	0.00890	0.00431	0.00485
4	0.05336	0.01901	0.05711	0.02606	0.17727	0.01888	0.06265	0.07666	0.24584	0.05582	0.06336	0.06182	0.02369	0.01065	0.00850	0.00269	0.00818	0.00945	0.00674	0.01224
5	0.01217	0.00795	0.00922	0.00931	0.00933	0.00793	0.00532	0.01196	0.01217	0.01622	0.02621	0.08251	0.03017	0.62490	0.04006	0.06442	0.00784	0.01225	0.00505	0.00501
6	0.01768	0.02139	0.13387	0.05167	0.05760	0.01795	0.18248	0.02888	0.20061	0.02792	0.02762	0.10933	0.03952	0.01172	0.00912	0.00287	0.00964	0.03301	0.00595	0.01118
7	0.03214	0.01925	0.02220	0.01693	0.02358	0.01960	0.01396	0.36402	0.03159	0.26174	0.02389	0.02257	0.01618	0.00970	0.00811	0.00240	0.00813	0.00753	0.00866	0.08781
8	0.01950	0.02039	0.04018	0.16484	0.17489	0.02042	0.35872	0.04816	0.01962	0.02665	0.01628	0.02187	0.01248	0.00745	0.00912	0.00271	0.01238	0.00874	0.00424	0.01134
9	0.01891	0.01955	0.02612	0.10004	0.02704	0.07343	0.04119	0.02138	0.01425	0.02041	0.01172	0.01856	0.01097	0.01308	0.02291	0.00339	0.53689	0.00723	0.00371	0.00922
10	0.01956	0.02041	0.03898	0.03318	0.14199	0.02005	0.38095	0.02905	0.13261	0.02852	0.05229	0.02569	0.01839	0.00836	0.00929	0.00274	0.01144	0.00959	0.00521	0.01172
11	0.01585	0.00997	0.01331	0.01296	0.04212	0.00900	0.00926	0.01938	0.02212	0.12198	0.42140	0.11686	0.08588	0.01615	0.00943	0.00262	0.00484	0.01420	0.00869	0.04399
12	0.07733	0.05743	0.08545	0.18523	0.16130	0.06931	0.02015	0.13700	0.02190	0.03004	0.01758	0.02474	0.01458	0.00941	0.00804	0.00261	0.01015	0.05149	0.00507	0.01120
13	0.69861	0.01649	0.01311	0.01158	0.01677	0.01907	0.00950	0.05403	0.04318	0.03788	0.01295	0.01458	0.00997	0.00798	0.00544	0.00258	0.00656	0.00486	0.00544	0.00943
14	0.01711	0.03803	0.53178	0.02439	0.03577	0.01891	0.11109	0.02595	0.01780	0.02641	0.01516	0.01819	0.01094	0.00764	0.00803	0.00255	0.01206	0.00655	0.00371	0.06794
15	0.01750	0.01827	0.09966	0.06860	0.05912	0.01618	0.01561	0.05638	0.22548	0.03053	0.11032	0.06052	0.04811	0.01258	0.00875	0.00272	0.00753	0.06592	0.00692	0.06931
16	0.01443	0.00722	0.01082	0.01082	0.01082	0.00722	0.00722	0.01082	0.01082	0.01443	0.01443	0.02525	0.01443	0.02886	0.03247	0.75830	0.00722	0.00722	0.00361	0.00361
17	0.01581	0.01168	0.01476	0.13525	0.02204	0.03618	0.01149	0.02033	0.04934	0.07479	0.23263	0.13912	0.07000	0.01492	0.00943	0.00270	0.02575	0.01282	0.09226	0.00871
18	0.01913	0.01813	0.02789	0.02078	0.02684	0.01778	0.17445	0.06805	0.01857	0.02739	0.01489	0.01899	0.01223	0.00841	0.01166	0.00224	0.15103	0.00689	0.00472	0.34992
19	0.04170	0.01338	0.01498	0.01410	0.01739	0.01464	0.01084	0.02995	0.33286	0.03246	0.22321	0.11249	0.04526	0.01506	0.00914	0.00286	0.00564	0.04519	0.00843	0.01043
20	0.01749	0.03771	0.51553	0.02841	0.11506	0.01954	0.09752	0.02624	0.01795	0.02645	0.01521	0.01847	0.01109	0.00773	0.00815	0.00263	0.01217	0.00671	0.00366	0.01227
21	0.01830	0.01540	0.01780	0.01281	0.02014	0.01217	0.01029	0.06634	0.01886	0.02896	0.01515	0.01743	0.01244	0.00644	0.00631	0.00132	0.00638	0.00511	0.00518	0.70315
22	0.01759	0.00992	0.01245	0.01117	0.01448	0.00876	0.00875	0.02079	0.02199	0.18543	0.29847	0.06063	0.23328	0.01683	0.00953	0.00272	0.00498	0.04415	0.00892	0.00914
23	0.01554	0.01181	0.01433	0.01184	0.01621	0.01027	0.00919	0.02095	0.07206	0.05643	0.34077	0.04158	0.04729	0.01224	0.00828	0.00212	0.00509	0.01056	0.00757	0.28586
24	0.01559	0.01138	0.01318	0.01236	0.01546	0.01145	0.00947	0.02418	0.19013	0.07697	0.23785	0.10899	0.18441	0.01680	0.00946	0.00282	0.00516	0.03632	0.00855	0.00948
25	0.01723	0.01477	0.01723	0.01230	0.01969	0.01107	0.00984	0.02092	0.01723	0.02707	0.01477	0.01723	0.01230	0.00615	0.00615	0.00123	0.00615	0.00492	0.00492	0.75883
26	0.01025	0.00728	0.00960	0.01140	0.01185	0.00683	0.00754	0.01160	0.01566	0.02087	0.04451	0.66033	0.05333	0.07052	0.01267	0.00368	0.00503	0.02286	0.00754	0.00664
27	0.01079	0.00799	0.01016	0.01172	0.01262	0.00767	0.00798	0.01371	0.05689	0.02217	0.04734	0.62087	0.08944	0.02476	0.01042	0.00330	0.00490	0.02232	0.00776	0.00718
28	0.05374	0.01765	0.02042	0.01628	0.04560	0.01670	0.01266	0.20932	0.02432	0.09169	0.01776	0.01905	0.01346	0.00803	0.00762	0.00190	0.02602	0.00615	0.00638	0.38524
29	0.01723	0.01477	0.01723	0.01230	0.01969	0.01107	0.00984	0.02092	0.01723	0.02707	0.01477	0.01723	0.01230	0.00615	0.00615	0.00123	0.00615	0.00492	0.00492	0.75883
30	0.05354	0.02221	0.02652	0.14175	0.27463	0.15185	0.02009	0.07104	0.02029	0.02688	0.01547	0.01983	0.01256	0.00860	0.00906	0.00250	0.05509	0.00688	0.05010	0.01110
31	0.02054	0.02135	0.06751	0.19101	0.31751	0.06296	0.02281	0.07074	0.05168	0.02709	0.01616	0.02073	0.01291	0.00855	0.00938	0.00262	0.05288	0.00729	0.00449	0.01177
32	0.09616	0.17157	0.02367	0.01433	0.02018	0.01878	0.01226	0.10326	0.04398	0.28414	0.10519	0.02706	0.02420	0.01020	0.00757	0.00240	0.00724	0.00792	0.00785	0.01203
33	0.09507	0.06616	0.01631	0.01267	0.01580	0.06232	0.00962	0.02292	0.01762	0.16872	0.08339	0.06765	0.04816	0.20146	0.01891	0.03272	0.03512	0.01001	0.00656	0.00879
34	0.01675	0.01831	0.09298	0.02866	0.23886	0.01560	0.06587	0.02357	0.09422	0.02624	0.02981	0.17998	0.07196	0.01307	0.00890	0.00273	0.00831	0.01201	0.00571	0.04646
35	0.06901	0.01312	0.03764	0.04440	0.01703	0.04230	0.01030	0.06862	0.01797	0.02579	0.10349	0.03372	0.08337	0.02078	0.06534	0.22184	0.00814	0.00899	0.07532	0.03283
36	0.02184	0.01883	0.02097	0.01687	0.02181	0.07359	0.04134	0.19760	0.05759	0.03183	0.01886	0.02398	0.01591	0.07708	0.08985	0.00402	0.05856	0.00744	0.00587	0.19614
37	0.05719	0.05602	0.04201	0.08157	0.02375	0.01904	0.01368	0.27273	0.05294	0.03498	0.02439	0.14541	0.02305	0.10085	0.01270	0.00336	0.00828	0.01065	0.00676	0.01064
38	0.17451	0.07017	0.04438	0.06698	0.05114	0.02021	0.01387	0.03360	0.33116	0.03142	0.02415	0.02569	0.01895	0.04836	0.00937	0.00295	0.00750	0.00779	0.00647	0.01132
39	0.06179	0.06060	0.02078	0.01468	0.02063	0.01487	0.04269	0.04879	0.01888	0.10699	0.05685	0.05178	0.01895	0.00919	0.00859	0.00200	0.05813	0.00728	0.00590	0.37063

[dist]
# distance from previous block
# <min> <max>
0	3

[block]
# block no. 3 follows, 22 sequences, length 37
# corresponding to MSA columns:
# 151-187
name=unknown_D
#
# <colnr> <probs for GDERKNQSTAVLIFYWHMCP>
#	G	D	E	R	K	N	Q	S	T	A	V	L	I	F	Y	W	H	M	C	P
0	0.02012	0.01495	0.01744	0.01353	0.01951	0.01324	0.01074	0.10920	0.06192	0.08500	0.09078	0.06788	0.02413	0.00983	0.00748	0.00191	0.00635	0.00817	0.00673	0.41109
1	0.05640	0.37641	0.03367	0.01664	0.02310	0.12749	0.01475	0.20674	0.02442	0.03020	0.01426	0.01556	0.01164	0.00821	0.00654	0.00208	0.00979	0.00549	0.00515	0.01147
2	0.01857	0.01418	0.01690	0.01237	0.01921	0.01090	0.00989	0.02224	0.01835	0.08479	0.07009	0.02200	0.01862	0.00744	0.00666	0.00147	0.00605	0.00608	0.00576	0.62844
3	0.07783	0.12822	0.01969	0.01479	0.01786	0.01440	0.05591	0.01865	0.04219	0.02410	0.03413	0.30676	0.03765	0.01859	0.00932	0.00308	0.00706	0.15483	0.00656	0.00839
4	0.02201	0.55517	0.06597	0.01493	0.02138	0.09585	0.01436	0.02471	0.01719	0.01963	0.01306	0.01714	0.01231	0.06638	0.00878	0.00238	0.00959	0.00525	0.00375	0.01015
5	0.01205	0.00809	0.00923	0.00918	0.00934	0.00804	0.00527	0.01238	0.01304	0.01756	0.07892	0.05501	0.03426	0.64979	0.03954	0.00760	0.00771	0.01233	0.00538	0.00527
6	0.01961	0.01657	0.01953	0.06923	0.02374	0.01720	0.01317	0.10777	0.19082	0.03113	0.02224	0.06354	0.01851	0.01015	0.00929	0.00229	0.06486	0.00802	0.00631	0.28600
7	0.01709	0.03390	0.44053	0.02766	0.14543	0.01848	0.05841	0.02560	0.04025	0.02645	0.02165	0.02408	0.06578	0.00899	0.00824	0.00263	0.01105	0.00764	0.00418	0.01197
8	0.01844	0.01897	0.02986	0.02428	0.02586	0.02461	0.13209	0.02123	0.01401	0.02123	0.01201	0.01897	0.01122	0.01313	0.02399	0.00348	0.56563	0.00774	0.00374	0.00948
9	0.01318	0.00950	0.01311	0.01491	0.01687	0.00942	0.01299	0.01691	0.01911	0.02472	0.04626	0.09293	0.08208	0.02284	0.01138	0.00377	0.00745	0.56730	0.00765	0.00761
10	0.01974	0.02510	0.12059	0.03356	0.10479	0.05090	0.40908	0.02619	0.01887	0.02578	0.01576	0.02091	0.01217	0.00787	0.01078	0.00279	0.07108	0.00868	0.00406	0.01129
11	0.02606	0.03081	0.02233	0.02013	0.02340	0.44342	0.01550	0.05187	0.02087	0.02139	0.01427	0.01841	0.01242	0.01785	0.11358	0.00412	0.12354	0.00629	0.00436	0.00938
12	0.01207	0.00811	0.00933	0.00933	0.00943	0.00820	0.00537	0.01226	0.01216	0.01631	0.02593	0.05299	0.02960	0.66708	0.08243	0.00839	0.00895	0.01188	0.00500	0.00518
13	0.01266	0.00970	0.01340	0.01298	0.01383	0.01138	0.00960	0.01456	0.01288	0.01837	0.02218	0.03778	0.02259	0.25893	0.40271	0.01058	0.09476	0.00971	0.00454	0.00686
14	0.01349	0.01142	0.01865	0.01690	0.01979	0.01096	0.12594	0.01797	0.04413	0.02586	0.14255	0.24429	0.07505	0.01926	0.01043	0.00321	0.00722	0.17728	0.00730	0.00829
15	0.02012	0.40187	0.03373	0.01646	0.02077	0.05614	0.01485	0.02258	0.01558	0.01967	0.01287	0.01730	0.01209	0.01659	0.10134	0.00385	0.19487	0.00584	0.00373	0.00976
16	0.01968	0.02053	0.02543	0.02402	0.07931	0.10363	0.01823	0.02187	0.01463	0.02065	0.01207	0.01864	0.01152	0.01527	0.05168	0.00378	0.51870	0.00712	0.00379	0.00945
17	0.13896	0.01368	0.01401	0.01202	0.01594	0.01474	0.00960	0.18533	0.02242	0.03660	0.02174	0.02476	0.01697	0.01387	0.06454	0.00315	0.00740	0.00714	0.33554	0.04161
18	0.01660	0.01675	0.05671	0.02400	0.08074	0.01594	0.17258	0.02253	0.05817	0.02531	0.02619	0.07301	0.02531	0.01775	0.06730	0.00393	0.06802	0.16823	0.00554	0.05538
19	0.02195	0.66803	0.04236	0.01471	0.02135	0.03239	0.01447	0.02456	0.01661	0.01957	0.01151	0.01364	0.01068	0.00759	0.00675	0.00190	0.05319	0.00463	0.00356	0.01056
20	0.03632	0.01567	0.02023	0.01551	0.02197	0.01448	0.01281	0.13892	0.02634	0.55993	0.03063	0.02688	0.01949	0.01023	0.00835	0.00256	0.00742	0.00821	0.00995	0.01414
21	0.01208	0.00805	0.00906	0.00906	0.00906	0.00805	0.00503	0.01208	0.01208	0.01611	0.02618	0.05436	0.03020	0.70804	0.04228	0.00805	0.00805	0.01208	0.00503	0.00503
22	0.41930	0.01715	0.01731	0.01422	0.01938	0.01907	0.05022	0.17946	0.02110	0.03870	0.01627	0.01963	0.01286	0.04912	0.00848	0.00283	0.00749	0.00633	0.07096	0.01013
23	0.01841	0.01313	0.01378	0.01261	0.01603	0.01451	0.00974	0.05891	0.30445	0.03382	0.06272	0.03210	0.02583	0.01081	0.00735	0.00240	0.00536	0.00887	0.33864	0.01052
24	0.01368	0.00990	0.01360	0.01536	0.01739	0.01001	0.01338	0.01830	0.04415	0.02526	0.04358	0.09119	0.04691	0.02248	0.01135	0.00378	0.00761	0.57654	0.00768	0.00787
25	0.24957	0.02124	0.02069	0.01648	0.02255	0.05350	0.01353	0.37830	0.02982	0.09107	0.01807	0.01841	0.01292	0.00926	0.00734	0.00250	0.00846	0.00656	0.00733	0.01240
26	0.01959	0.13379	0.18925	0.06468	0.03022	0.05381	0.08810	0.04963	0.01719	0.02369	0.01337	0.01791	0.01110	0.01004	0.01421	0.00283	0.23934	0.00676	0.00389	0.01061
27	0.01017	0.00772	0.00937	0.01046	0.01182	0.00693	0.00727	0.01204	0.01754	0.02265	0.11074	0.44725	0.24876	0.02364	0.01028	0.00313	0.00455	0.02092	0.00784	0.00693
28	0.01012	0.00723	0.00964	0.01157	0.01205	0.00675	0.00771	0.01157	0.01591	0.02121	0.04579	0.70262	0.05495	0.02603	0.01060	0.00337	0.00482	0.02362	0.00771	0.00675
29	0.50762	0.02233	0.11576	0.01519	0.02168	0.05020	0.03691	0.09194	0.01806	0.03606	0.01326	0.01524	0.01001	0.00800	0.00620	0.00256	0.00831	0.00532	0.00516	0.01018
30	0.01717	0.12308	0.56763	0.02209	0.03339	0.02055	0.02793	0.02578	0.01766	0.02572	0.03593	0.01853	0.01282	0.00810	0.00765	0.00253	0.01158	0.00623	0.00370	0.01193
31	0.02475	0.09977	0.02762	0.02439	0.10418	0.27687	0.01771	0.06573	0.01984	0.02308	0.01291	0.01685	0.01130	0.01024	0.01366	0.00264	0.22765	0.00626	0.00424	0.01031
32	0.01202	0.00795	0.00919	0.00935	0.00939	0.00791	0.00536	0.01198	0.01235	0.01647	0.02732	0.10799	0.03160	0.62038	0.03917	0.04068	0.00774	0.01284	0.00520	0.00512
33	0.06499	0.15616	0.02349	0.01603	0.02037	0.12767	0.01322	0.12667	0.06019	0.02734	0.02073	0.02416	0.04465	0.02338	0.18087	0.00519	0.04218	0.00731	0.00531	0.01007
34	0.01353	0.00943	0.01078	0.01013	0.01109	0.00943	0.00631	0.04865	0.01406	0.01913	0.02483	0.04858	0.02751	0.58104	0.07811	0.00762	0.00889	0.01115	0.00518	0.05455
35	0.27856	0.01800	0.02320	0.06956	0.25036	0.01975	0.01724	0.07692	0.04384	0.06570	0.01591	0.01887	0.01243	0.00849	0.00827	0.00261	0.04710	0.00653	0.00527	0.01138
36	0.12925	0.02293	0.09660	0.06453	0.17458	0.02107	0.11723	0.11821	0.02204	0.03327	0.01968	0.05437	0.01668	0.01226	0.02801	0.00343	0.03855	0.00880	0.00589	0.01262

[dist]
# distance from previous block
# <min> <max>
5	11

[block]
# block no. 4 follows, 22 sequences, length 24
# corresponding to MSA columns:
# 199-222
name=unknown_E
#
# <colnr> <probs for GDERKNQSTAVLIFYWHMCP>
#	G	D	E	R	K	N	Q	S	T	A	V	L	I	F	Y	W	H	M	C	P
0	0.02905	0.01785	0.02083	0.04670	0.02360	0.01876	0.01372	0.31627	0.06434	0.21473	0.08989	0.02781	0.02337	0.01077	0.00837	0.00253	0.00774	0.00862	0.04215	0.01292
1	0.01287	0.11155	0.01534	0.01112	0.01390	0.01140	0.00898	0.01598	0.02041	0.02691	0.31388	0.11306	0.19834	0.01783	0.00939	0.00272	0.00517	0.07548	0.00772	0.00795
2	0.02398	0.02252	0.02363	0.07722	0.02630	0.15290	0.04063	0.21869	0.02403	0.03055	0.01683	0.02247	0.01421	0.06658	0.06716	0.00395	0.14484	0.00755	0.00547	0.01049
3	0.01324	0.00973	0.01385	0.06494	0.01952	0.00992	0.01334	0.01705	0.01908	0.02502	0.08844	0.12271	0.04784	0.02158	0.01106	0.00363	0.00745	0.47641	0.00747	0.00773
4	0.13515	0.01331	0.01949	0.14065	0.08400	0.01422	0.05879	0.04363	0.01528	0.02353	0.01457	0.02159	0.01260	0.01631	0.01758	0.30795	0.00858	0.00694	0.00421	0.04160
5	0.01947	0.01881	0.02792	0.14622	0.25055	0.08336	0.09026	0.02359	0.04332	0.02313	0.01569	0.02167	0.01313	0.01191	0.01346	0.13746	0.03836	0.00752	0.00414	0.01003
6	0.01614	0.01182	0.01516	0.06449	0.02004	0.01235	0.01246	0.05861	0.11122	0.05706	0.17903	0.07985	0.07101	0.01747	0.01000	0.00313	0.00675	0.23620	0.00797	0.00923
7	0.01896	0.07272	0.14679	0.11372	0.30084	0.02015	0.09458	0.02559	0.04380	0.02589	0.01733	0.02380	0.01434	0.00842	0.00832	0.00260	0.01062	0.03540	0.00427	0.01187
8	0.02273	0.06503	0.02466	0.17407	0.07993	0.20409	0.01733	0.09313	0.02090	0.02548	0.01515	0.01930	0.01233	0.01105	0.03650	0.00284	0.06878	0.00653	0.03406	0.06612
9	0.04764	0.00842	0.00949	0.00955	0.00997	0.00852	0.00574	0.01288	0.01304	0.01839	0.05493	0.10330	0.03300	0.56827	0.05786	0.00736	0.00801	0.01266	0.00542	0.00556
10	0.01076	0.00798	0.01011	0.01108	0.01249	0.00733	0.00804	0.01312	0.01852	0.02452	0.18850	0.37759	0.17550	0.02273	0.01036	0.00314	0.00478	0.07832	0.00803	0.00713
11	0.02051	0.25054	0.13359	0.15028	0.12042	0.05452	0.04809	0.05792	0.01870	0.02416	0.01399	0.01772	0.01136	0.00802	0.00806	0.00237	0.03843	0.00624	0.00398	0.01109
12	0.09732	0.01949	0.07138	0.11154	0.10466	0.03895	0.06666	0.12723	0.04942	0.03069	0.02345	0.07965	0.03870	0.01176	0.00929	0.00282	0.03572	0.06483	0.00574	0.01069
13	0.07288	0.00934	0.01153	0.01247	0.01409	0.00923	0.00915	0.03895	0.01743	0.05923	0.04019	0.45840	0.04559	0.05350	0.01153	0.00352	0.00583	0.11192	0.00754	0.00768
14	0.02352	0.02521	0.02978	0.04020	0.43287	0.20460	0.02195	0.02900	0.06478	0.02576	0.01614	0.01973	0.01334	0.00801	0.00803	0.00240	0.01108	0.00697	0.00447	0.01216
15	0.01387	0.01031	0.01363	0.01310	0.01461	0.01156	0.00977	0.07213	0.01619	0.02258	0.05064	0.10982	0.02770	0.18012	0.35409	0.00927	0.04637	0.01120	0.00544	0.00759
16	0.01879	0.01906	0.05194	0.06558	0.42376	0.04331	0.02105	0.02468	0.06528	0.02629	0.02687	0.06001	0.09666	0.01038	0.00851	0.00258	0.00902	0.00945	0.00502	0.01175
17	0.01817	0.01479	0.02319	0.09977	0.31220	0.01478	0.01816	0.02238	0.01919	0.07337	0.05786	0.04157	0.11906	0.01221	0.00883	0.00270	0.00811	0.08168	0.04124	0.01073
18	0.01550	0.00830	0.00910	0.06154	0.01344	0.00859	0.00717	0.01951	0.01736	0.03020	0.02612	0.03027	0.02049	0.00957	0.00600	0.00200	0.00444	0.00771	0.69482	0.00786
19	0.01959	0.02563	0.24006	0.01999	0.02822	0.01692	0.08763	0.07170	0.01942	0.07347	0.01792	0.05056	0.01435	0.00889	0.00904	0.00233	0.05363	0.00734	0.00506	0.22824
20	0.01331	0.01162	0.02008	0.06565	0.02265	0.01141	0.14414	0.01688	0.01787	0.02425	0.13318	0.27770	0.04222	0.05380	0.05928	0.00405	0.00874	0.05854	0.00652	0.00811
21	0.07012	0.02034	0.02348	0.05264	0.11429	0.06733	0.03506	0.18982	0.18891	0.08804	0.02372	0.02615	0.01815	0.01011	0.00827	0.00264	0.00883	0.03251	0.00708	0.01252
22	0.01551	0.01277	0.01797	0.09534	0.05961	0.01477	0.01335	0.06264	0.01591	0.02246	0.01948	0.03047	0.01841	0.14513	0.27741	0.00777	0.10817	0.00861	0.00464	0.04959
23	0.05112	0.01662	0.04564	0.06511	0.02332	0.01653	0.04137	0.13927	0.09556	0.05870	0.02402	0.06299	0.02165	0.12541	0.01467	0.00352	0.03678	0.05129	0.00635	0.10008

[dist]
# distance from previous block
# <min> <max>
0	1

[block]
# block no. 5 follows, 22 sequences, length 55
# corresponding to MSA columns:
# 224-278
name=unknown_F
#
# <colnr> <probs for GDERKNQSTAVLIFYWHMCP>
#	G	D	E	R	K	N	Q	S	T	A	V	L	I	F	Y	W	H	M	C	P
0	0.01960	0.01829	0.04669	0.21974	0.20624	0.01937	0.05169	0.12786	0.02139	0.02917	0.04867	0.02544	0.03964	0.01177	0.03748	0.00312	0.04935	0.00829	0.00507	0.01112
1	0.05103	0.01800	0.04766	0.19561	0.17436	0.01879	0.05375	0.12216	0.06590	0.03067	0.04757	0.02443	0.01721	0.01196	0.04550	0.00319	0.01012	0.00798	0.04295	0.01116
2	0.01576	0.00952	0.01226	0.01201	0.01437	0.00889	0.00896	0.01963	0.05450	0.13021	0.23113	0.28964	0.09404	0.01940	0.00986	0.00296	0.00510	0.04445	0.00861	0.00870
3	0.02421	0.07022	0.02784	0.14848	0.12355	0.16624	0.05215	0.08385	0.04644	0.07887	0.01671	0.01999	0.01299	0.00918	0.01002	0.00257	0.08348	0.00703	0.00507	0.01111
4	0.01849	0.01469	0.02213	0.32652	0.07916	0.01726	0.01830	0.06314	0.01845	0.07634	0.02119	0.09671	0.01872	0.01179	0.01092	0.00288	0.09558	0.03121	0.04670	0.00981
5	0.01195	0.00924	0.01343	0.01337	0.01479	0.01072	0.01036	0.01471	0.01382	0.01964	0.02696	0.07900	0.06072	0.05495	0.55757	0.01155	0.05464	0.01031	0.00482	0.00743
6	0.05679	0.05694	0.02206	0.01726	0.02047	0.05231	0.01424	0.20154	0.02258	0.03277	0.04327	0.02203	0.01630	0.01147	0.01419	0.00275	0.24551	0.00736	0.12974	0.01042
7	0.04769	0.09560	0.02321	0.05774	0.02329	0.15246	0.01454	0.13365	0.02206	0.07044	0.04157	0.05306	0.01750	0.01104	0.01109	0.00257	0.13280	0.00771	0.07164	0.01034
8	0.01083	0.00827	0.01185	0.01268	0.01387	0.00769	0.03982	0.01286	0.01687	0.02241	0.08031	0.56281	0.09322	0.02407	0.01051	0.00329	0.00533	0.04862	0.00761	0.00710
9	0.01061	0.00755	0.01002	0.01167	0.01234	0.00713	0.00805	0.01234	0.01646	0.02203	0.08458	0.57353	0.05453	0.06294	0.01238	0.00362	0.00518	0.07060	0.00765	0.00680
10	0.19507	0.02168	0.09146	0.01662	0.02291	0.02078	0.01481	0.32487	0.02686	0.04076	0.01700	0.01906	0.01283	0.01292	0.04337	0.04993	0.00929	0.00659	0.00640	0.04680
11	0.02221	0.71304	0.04353	0.01421	0.02132	0.03287	0.01421	0.02488	0.01688	0.01955	0.01155	0.01333	0.01066	0.00711	0.00533	0.00178	0.00888	0.00444	0.00355	0.01066
12	0.01521	0.00930	0.01195	0.01082	0.01354	0.00837	0.00828	0.01880	0.02297	0.12307	0.49029	0.05942	0.14266	0.01652	0.00959	0.00263	0.00441	0.01437	0.00913	0.00865
13	0.01088	0.00824	0.00989	0.00989	0.01179	0.00741	0.00718	0.01361	0.02023	0.02696	0.33810	0.16909	0.26071	0.05446	0.01156	0.00307	0.00436	0.01706	0.00824	0.00725
14	0.01876	0.01680	0.02172	0.01821	0.02041	0.02083	0.01497	0.06173	0.05372	0.02540	0.01527	0.02026	0.01333	0.01209	0.01898	0.00292	0.41534	0.00706	0.08416	0.13803
15	0.02400	0.49120	0.06001	0.01535	0.02228	0.02888	0.01473	0.14073	0.02178	0.05635	0.04439	0.01773	0.01496	0.00830	0.00634	0.00202	0.00874	0.00576	0.00504	0.01141
16	0.01067	0.00845	0.00960	0.00931	0.01174	0.00738	0.00698	0.01357	0.02095	0.02721	0.33324	0.07210	0.40079	0.01926	0.00981	0.00272	0.00408	0.01643	0.00834	0.00738
17	0.01723	0.01477	0.01723	0.01230	0.01969	0.01107	0.00984	0.02092	0.01723	0.02707	0.01477	0.01723	0.01230	0.00615	0.00615	0.00123	0.00615	0.00492	0.00492	0.75883
18	0.01996	0.01575	0.01989	0.01463	0.02159	0.01327	0.04791	0.08677	0.01992	0.07262	0.01710	0.01946	0.01356	0.01009	0.04490	0.00224	0.00793	0.00595	0.00558	0.54088
19	0.10419	0.09932	0.18469	0.01844	0.02651	0.01851	0.07074	0.06999	0.02070	0.23329	0.02044	0.02068	0.01414	0.00851	0.00756	0.00243	0.00919	0.00683	0.00633	0.05750
20	0.01012	0.00723	0.00964	0.01157	0.01205	0.00675	0.00771	0.01157	0.01591	0.02121	0.04579	0.70262	0.05495	0.02603	0.01060	0.00337	0.00482	0.02362	0.00771	0.00675
21	0.01012	0.00723	0.00964	0.01157	0.01205	0.00675	0.00771	0.01157	0.01591	0.02121	0.04579	0.70262	0.05495	0.02603	0.01060	0.00337	0.00482	0.02362	0.00771	0.00675
22	0.39850	0.01471	0.01507	0.01244	0.01795	0.01513	0.01023	0.03122	0.01860	0.31335	0.02189	0.02109	0.01486	0.00897	0.00660	0.00253	0.00656	0.00640	0.05269	0.01120
23	0.02594	0.11887	0.23429	0.01964	0.02816	0.02361	0.02015	0.31228	0.02809	0.08371	0.01815	0.01891	0.01297	0.00895	0.00779	0.00245	0.00997	0.00671	0.00628	0.01308
24	0.01058	0.00786	0.01055	0.01216	0.01261	0.00782	0.00831	0.01205	0.01572	0.02114	0.04378	0.66332	0.05242	0.02537	0.01156	0.00339	0.04433	0.02268	0.00748	0.00688
25	0.01012	0.00723	0.00964	0.01157	0.01205	0.00675	0.00771	0.01157	0.01591	0.02121	0.04579	0.70262	0.05495	0.02603	0.01060	0.00337	0.00482	0.02362	0.00771	0.00675
26	0.01641	0.01553	0.02185	0.01924	0.01958	0.02111	0.01574	0.01842	0.01284	0.01965	0.01427	0.02324	0.01411	0.05774	0.18008	0.00612	0.50380	0.00787	0.00389	0.00851
27	0.01695	0.07757	0.63291	0.02319	0.03520	0.01999	0.02984	0.02623	0.01751	0.02596	0.01473	0.01732	0.01053	0.00785	0.00776	0.00259	0.01210	0.00605	0.00351	0.01219
28	0.01666	0.04297	0.66500	0.02368	0.03596	0.01929	0.03069	0.02631	0.01754	0.02631	0.01491	0.01754	0.01052	0.00789	0.00789	0.00263	0.01228	0.00614	0.00351	0.01228
29	0.01012	0.00723	0.00964	0.01157	0.01205	0.00675	0.00771	0.01157	0.01591	0.02121	0.04579	0.70262	0.05495	0.02603	0.01060	0.00337	0.00482	0.02362	0.00771	0.00675
30	0.06484	0.01749	0.04517	0.01771	0.05063	0.01785	0.01385	0.03885	0.37909	0.16814	0.05024	0.03158	0.02469	0.01113	0.00836	0.00276	0.00701	0.02962	0.00825	0.01274
31	0.04730	0.08102	0.20773	0.01859	0.02412	0.01818	0.05330	0.06065	0.01719	0.02489	0.02059	0.12576	0.01996	0.05716	0.09131	0.00437	0.10356	0.00971	0.00479	0.00981
32	0.01893	0.02110	0.04488	0.14715	0.04579	0.02057	0.52252	0.02569	0.01909	0.02569	0.01646	0.02236	0.01234	0.00723	0.00955	0.00280	0.01350	0.00939	0.00411	0.01087
33	0.01735	0.01538	0.02459	0.55091	0.08578	0.01854	0.02161	0.07637	0.01846	0.02401	0.01527	0.02204	0.01167	0.00961	0.00972	0.04700	0.01060	0.00738	0.00413	0.00957
34	0.06276	0.34240	0.24045	0.02057	0.02943	0.02572	0.12313	0.02560	0.01740	0.02392	0.01351	0.01622	0.01085	0.00737	0.00690	0.00227	0.01069	0.00590	0.00374	0.01117
35	0.05208	0.01830	0.06085	0.25902	0.04096	0.01886	0.22582	0.02228	0.01707	0.02392	0.01823	0.09418	0.01616	0.01038	0.01092	0.00292	0.08420	0.00974	0.00435	0.00975
36	0.01732	0.02070	0.16685	0.02440	0.09170	0.01493	0.15339	0.02274	0.01857	0.07149	0.02817	0.16857	0.02764	0.01418	0.00958	0.00302	0.00971	0.12090	0.00581	0.01032
37	0.01530	0.01647	0.06014	0.06682	0.02911	0.01565	0.24260	0.01955	0.01705	0.02335	0.02730	0.28945	0.02887	0.01549	0.01194	0.00311	0.08860	0.01460	0.00545	0.00913
38	0.01208	0.00805	0.00906	0.00906	0.00906	0.00805	0.00503	0.01208	0.01208	0.01611	0.02618	0.05436	0.03020	0.70804	0.04228	0.00805	0.00805	0.01208	0.00503	0.00503
39	0.02629	0.02221	0.02516	0.05680	0.02750	0.08997	0.08020	0.34261	0.02962	0.03955	0.01832	0.02016	0.01365	0.00886	0.00792	0.00229	0.00962	0.00716	0.05598	0.11612
40	0.02072	0.10174	0.41631	0.02014	0.03032	0.01923	0.02365	0.06108	0.01943	0.10758	0.01710	0.01858	0.01220	0.00805	0.00753	0.00238	0.01045	0.00619	0.00479	0.09253
41	0.15829	0.14401	0.02259	0.05030	0.04141	0.07909	0.01301	0.02756	0.04205	0.15876	0.12003	0.02604	0.02395	0.01024	0.00846	0.00247	0.04716	0.00763	0.00641	0.01054
42	0.02904	0.01564	0.01875	0.01535	0.02089	0.01570	0.01236	0.09359	0.22105	0.34843	0.05655	0.03245	0.05891	0.01141	0.00851	0.00266	0.00683	0.00935	0.00933	0.01320
43	0.02022	0.01746	0.01836	0.01656	0.02118	0.02011	0.01287	0.04283	0.61581	0.03425	0.03587	0.03299	0.05098	0.01167	0.00851	0.00282	0.00648	0.00972	0.00842	0.01290
44	0.76672	0.01607	0.01221	0.01092	0.01607	0.01864	0.00900	0.02442	0.01414	0.03727	0.01157	0.01350	0.00900	0.00771	0.00514	0.00257	0.00643	0.00450	0.00514	0.00900
45	0.76672	0.01607	0.01221	0.01092	0.01607	0.01864	0.00900	0.02442	0.01414	0.03727	0.01157	0.01350	0.00900	0.00771	0.00514	0.00257	0.00643	0.00450	0.00514	0.00900
46	0.03490	0.01403	0.01879	0.01466	0.02074	0.01245	0.01202	0.03931	0.05897	0.59102	0.06748	0.03032	0.02407	0.01071	0.00844	0.00259	0.00686	0.00879	0.01011	0.01373
47	0.01009	0.00737	0.00950	0.01120	0.01195	0.00678	0.00755	0.01161	0.01626	0.02135	0.05024	0.63038	0.12431	0.02545	0.01051	0.00331	0.00475	0.02291	0.00771	0.00678
48	0.36365	0.06845	0.04542	0.01376	0.01992	0.01812	0.01200	0.08333	0.02001	0.25272	0.01977	0.01933	0.01363	0.00876	0.00666	0.00251	0.00731	0.00616	0.00701	0.01149
49	0.01260	0.00823	0.01002	0.01002	0.01075	0.00864	0.00663	0.01406	0.01333	0.01948	0.02526	0.04447	0.02612	0.41341	0.20965	0.00848	0.01124	0.01048	0.13101	0.00614
50	0.01131	0.00833	0.01014	0.00988	0.01162	0.00763	0.00708	0.01409	0.02033	0.02765	0.40001	0.10329	0.18875	0.12587	0.01490	0.00355	0.00468	0.01561	0.00812	0.00716
51	0.01786	0.01535	0.01918	0.01399	0.02107	0.01230	0.04619	0.05571	0.01856	0.02822	0.01663	0.04972	0.01442	0.00735	0.00670	0.00150	0.00672	0.00623	0.00520	0.63711
52	0.01331	0.01023	0.01057	0.01068	0.01141	0.04637	0.00673	0.03562	0.01492	0.01914	0.03242	0.20170	0.06332	0.45318	0.03023	0.00619	0.00756	0.01445	0.00585	0.00612
53	0.02543	0.01987	0.02379	0.05786	0.02604	0.02202	0.04560	0.38271	0.06529	0.04061	0.01989	0.02329	0.01552	0.05286	0.05176	0.00352	0.05507	0.00789	0.00692	0.05406
54	0.02056	0.02762	0.20619	0.02384	0.03168	0.09273	0.19486	0.02835	0.07455	0.06390	0.04978	0.02271	0.01663	0.00870	0.00913	0.00255	0.03615	0.00791	0.00504	0.07713

[dist]
# distance from previous block
# <min> <max>
1	6

[block]
# block no. 6 follows, 22 sequences, length 24
# corresponding to MSA columns:
# 286-300,383-391
name=unknown_G
#
# <colnr> <probs for GDERKNQSTAVLIFYWHMCP>
#	G	D	E	R	K	N	Q	S	T	A	V	L	I	F	Y	W	H	M	C	P
0	0.01786	0.11598	0.27006	0.13684	0.03373	0.02155	0.04607	0.05003	0.01724	0.02418	0.01467	0.01935	0.01172	0.01315	0.06190	0.00353	0.12086	0.00673	0.00388	0.01070
1	0.65537	0.01594	0.01312	0.01145	0.01667	0.01802	0.00941	0.04942	0.01603	0.08428	0.01609	0.01724	0.03309	0.00847	0.00568	0.00258	0.00650	0.00537	0.00575	0.00952
2	0.01497	0.00779	0.00794	0.00794	0.00958	0.00779	0.00569	0.01825	0.01661	0.02872	0.02696	0.03452	0.02264	0.11561	0.01134	0.00286	0.00451	0.00840	0.64053	0.00733
3	0.01012	0.00723	0.00964	0.01157	0.01205	0.00675	0.00771	0.01157	0.01591	0.02121	0.04579	0.70262	0.05495	0.02603	0.01060	0.00337	0.00482	0.02362	0.00771	0.00675
4	0.01046	0.00805	0.00957	0.01001	0.01182	0.00716	0.00719	0.01286	0.01924	0.02509	0.23102	0.27707	0.29753	0.02152	0.01007	0.00294	0.00433	0.01880	0.00811	0.00716
5	0.01188	0.00885	0.01308	0.01308	0.01447	0.01024	0.01004	0.01466	0.01327	0.01908	0.02250	0.03402	0.02137	0.10350	0.63475	0.01301	0.02135	0.00910	0.00449	0.00727
6	0.01843	0.01548	0.01787	0.01288	0.02020	0.01231	0.01034	0.07185	0.01906	0.02919	0.01520	0.01745	0.01246	0.00647	0.00633	0.00134	0.00640	0.00514	0.00521	0.69640
7	0.34413	0.01825	0.01918	0.12883	0.02670	0.02074	0.01392	0.23523	0.02376	0.07327	0.01616	0.01800	0.01176	0.00874	0.00695	0.00258	0.00820	0.00623	0.00627	0.01110
8	0.37989	0.02404	0.01996	0.02148	0.12882	0.22130	0.01439	0.02711	0.01779	0.02957	0.01263	0.01537	0.01032	0.00822	0.00735	0.00247	0.03939	0.00538	0.00463	0.00991
9	0.02337	0.12712	0.02698	0.04221	0.05054	0.01731	0.10037	0.06357	0.02082	0.18211	0.04768	0.06139	0.02155	0.01047	0.00814	0.00241	0.00840	0.05360	0.00655	0.12542
10	0.46461	0.01469	0.01431	0.01224	0.01741	0.01554	0.00994	0.02860	0.01744	0.24034	0.02138	0.07610	0.01663	0.01009	0.00665	0.00264	0.00650	0.00736	0.00704	0.01049
11	0.01176	0.00888	0.01290	0.04080	0.01613	0.00869	0.03922	0.01397	0.01630	0.02158	0.04015	0.42652	0.04632	0.11334	0.01482	0.00403	0.00655	0.14398	0.00701	0.00703
12	0.02496	0.44841	0.03748	0.01771	0.02416	0.19146	0.05383	0.07327	0.02041	0.02270	0.01285	0.01482	0.01106	0.00768	0.00638	0.00199	0.01075	0.00524	0.00414	0.01070
13	0.02181	0.01894	0.02573	0.16933	0.13090	0.04542	0.06444	0.17945	0.08068	0.03287	0.04435	0.02396	0.01705	0.00952	0.00918	0.00261	0.04263	0.00803	0.06164	0.01145
14	0.01022	0.00748	0.00940	0.01087	0.01169	0.00689	0.00728	0.01166	0.01609	0.02101	0.05039	0.55402	0.14809	0.07745	0.01290	0.00364	0.00497	0.02177	0.00751	0.00666
15	0.02829	0.03620	0.06154	0.02041	0.02480	0.55056	0.01618	0.03102	0.02219	0.02157	0.01408	0.01662	0.01159	0.00887	0.00823	0.00222	0.04325	0.00568	0.06706	0.00961
16	0.01184	0.00795	0.00913	0.00936	0.00942	0.00790	0.00536	0.01202	0.01254	0.01673	0.02855	0.13298	0.03320	0.62534	0.03844	0.00749	0.00766	0.01348	0.00536	0.00524
17	0.01845	0.01873	0.02852	0.02462	0.05237	0.02468	0.08825	0.02100	0.01379	0.02107	0.01179	0.01877	0.01120	0.01336	0.02442	0.00349	0.58471	0.00757	0.00372	0.00951
18	0.04305	0.01600	0.02709	0.40816	0.20709	0.01807	0.05894	0.02205	0.01725	0.02365	0.01733	0.07257	0.01493	0.00930	0.00844	0.00273	0.01031	0.00865	0.00418	0.01018
19	0.01325	0.00887	0.01171	0.01105	0.01324	0.00820	0.00849	0.01712	0.02320	0.06636	0.57301	0.06262	0.07299	0.01707	0.00985	0.00270	0.00437	0.05864	0.00909	0.00816
20	0.02307	0.02170	0.22322	0.01655	0.02350	0.01324	0.01707	0.02855	0.02149	0.26889	0.18425	0.03657	0.03331	0.01183	0.00872	0.00266	0.00796	0.03808	0.00770	0.01163
21	0.01141	0.00923	0.01476	0.01453	0.01610	0.00863	0.08720	0.01367	0.01670	0.02241	0.06772	0.58807	0.05050	0.02320	0.01047	0.00327	0.00596	0.02148	0.00732	0.00737
22	0.01835	0.02910	0.27419	0.03266	0.14120	0.01968	0.28428	0.02581	0.01860	0.02640	0.01688	0.04320	0.01335	0.00804	0.00886	0.00270	0.01237	0.00851	0.00405	0.01178
23	0.01648	0.04309	0.02101	0.03498	0.02009	0.03658	0.07193	0.05679	0.01673	0.02275	0.06183	0.03590	0.06924	0.17904	0.10040	0.00538	0.18445	0.00991	0.00507	0.00834

[dist]
# distance from previous block
# <min> <max>
6	12

[block]
# block no. 7 follows, 22 sequences, length 23
# corresponding to MSA columns:
# 404-426
name=unknown_H
#
# <colnr> <probs for GDERKNQSTAVLIFYWHMCP>
#	G	D	E	R	K	N	Q	S	T	A	V	L	I	F	Y	W	H	M	C	P
0	0.13696	0.05723	0.02324	0.09043	0.02683	0.15008	0.01535	0.24420	0.02549	0.03491	0.01535	0.01763	0.01184	0.00915	0.00881	0.00244	0.06091	0.00629	0.00576	0.05709
1	0.05485	0.12801	0.06811	0.03016	0.24450	0.02153	0.07951	0.07511	0.08897	0.10093	0.01917	0.02113	0.01464	0.00831	0.00783	0.00246	0.00939	0.00732	0.00554	0.01253
2	0.01928	0.01551	0.01840	0.04677	0.02218	0.01283	0.01114	0.07709	0.01945	0.05516	0.01598	0.01817	0.01275	0.00678	0.00655	0.00148	0.00671	0.00542	0.00539	0.62297
3	0.01232	0.00857	0.01060	0.01076	0.01186	0.00837	0.00739	0.01365	0.01629	0.04297	0.12515	0.24852	0.14844	0.20487	0.02060	0.04211	0.03771	0.01625	0.00688	0.00669
4	0.05208	0.02008	0.02089	0.01818	0.04862	0.06861	0.01388	0.33912	0.09054	0.04169	0.13610	0.06140	0.02838	0.01186	0.00853	0.00256	0.00810	0.00955	0.00786	0.01197
5	0.01202	0.00824	0.01002	0.00999	0.01038	0.00852	0.00624	0.01279	0.01279	0.01744	0.05008	0.05022	0.03017	0.54842	0.17069	0.00892	0.01080	0.01155	0.00508	0.00563
6	0.07576	0.06182	0.03514	0.02747	0.07731	0.12075	0.30928	0.02542	0.01896	0.02537	0.01773	0.07092	0.01547	0.01106	0.03685	0.00302	0.01234	0.00903	0.00454	0.04175
7	0.01024	0.00732	0.00975	0.01148	0.01208	0.00683	0.00772	0.01187	0.01647	0.02210	0.09064	0.65521	0.05668	0.02536	0.01054	0.00332	0.00475	0.02298	0.00782	0.00683
8	0.02499	0.02725	0.02896	0.06455	0.35404	0.26769	0.02123	0.06521	0.02180	0.02586	0.01480	0.01848	0.01220	0.00804	0.00796	0.00236	0.01181	0.00663	0.00442	0.01172
9	0.55069	0.01549	0.01430	0.01207	0.01759	0.01673	0.00995	0.02918	0.01699	0.22229	0.01785	0.01787	0.01242	0.00847	0.00609	0.00257	0.00662	0.00564	0.00666	0.01052
10	0.02178	0.01632	0.01953	0.01715	0.06822	0.01529	0.01254	0.05806	0.19802	0.11493	0.02292	0.02301	0.01729	0.00844	0.00736	0.00201	0.00681	0.00696	0.00674	0.35664
11	0.01223	0.00878	0.01020	0.00966	0.01231	0.00767	0.00731	0.01519	0.02120	0.06383	0.32688	0.06924	0.36797	0.01867	0.00973	0.00271	0.00425	0.01592	0.00848	0.00778
12	0.01569	0.01477	0.02492	0.68808	0.05722	0.01846	0.02307	0.02123	0.01661	0.02123	0.01477	0.02215	0.01107	0.00831	0.00831	0.00277	0.01107	0.00738	0.00369	0.00923
13	0.01961	0.02241	0.04902	0.03501	0.04342	0.02101	0.62605	0.02661	0.01961	0.02661	0.01681	0.02241	0.01261	0.00700	0.00980	0.00280	0.01401	0.00980	0.00420	0.01120
