[name]
unknown

[dist]
# distance from previous block
# <min> <max>
0	96

[block]
# block no. 0 follows, 24 sequences, length 40
# corresponding to MSA columns:
# 101-140
name=unknown_A
#
# <colnr> <probs for GDERKNQSTAVLIFYWHMCP>
#	G	D	E	R	K	N	Q	S	T	A	V	L	I	F	Y	W	H	M	C	P
0	0.01278	0.00913	0.01278	0.01460	0.01643	0.00913	0.01278	0.01643	0.01825	0.02373	0.04199	0.08945	0.04564	0.02191	0.01095	0.00365	0.00730	0.61847	0.00730	0.00730
1	0.05156	0.02148	0.09966	0.12556	0.17222	0.01921	0.34348	0.02436	0.01777	0.02523	0.01515	0.02017	0.01160	0.00704	0.00848	0.00258	0.01169	0.00801	0.00390	0.01083
2	0.02376	0.01862	0.01995	0.01670	0.02173	0.02091	0.01330	0.32087	0.31578	0.03995	0.02704	0.08084	0.02152	0.01133	0.00817	0.00259	0.00728	0.00923	0.00795	0.01249
3	0.01872	0.02139	0.04679	0.03342	0.04144	0.02005	0.64305	0.02540	0.01872	0.02540	0.01604	0.02139	0.01203	0.00668	0.00936	0.00267	0.01337	0.00936	0.00401	0.01070
4	0.01801	0.02615	0.24876	0.06878	0.09794	0.01871	0.22206	0.07365	0.04696	0.02699	0.01794	0.06472	0.01459	0.00866	0.00840	0.00260	0.01102	0.00849	0.00446	0.01113
5	0.01478	0.00739	0.00739	0.00739	0.00924	0.00739	0.00554	0.01848	0.01663	0.02956	0.02587	0.02956	0.02033	0.00924	0.00554	0.00185	0.00370	0.00739	0.76534	0.00739
6	0.01792	0.01933	0.03940	0.07602	0.11795	0.01898	0.44134	0.02377	0.01839	0.02530	0.06692	0.02392	0.01687	0.00795	0.00998	0.00266	0.04935	0.00918	0.00431	0.01044
7	0.01922	0.01941	0.05839	0.04465	0.59328	0.01817	0.02337	0.02402	0.01787	0.02587	0.01482	0.01925	0.01239	0.00699	0.00768	0.00227	0.00924	0.00683	0.00396	0.07232
8	0.01478	0.00739	0.00739	0.00739	0.00924	0.00739	0.00554	0.01848	0.01663	0.02956	0.02587	0.02956	0.02033	0.00924	0.00554	0.00185	0.00370	0.00739	0.76534	0.00739
9	0.03487	0.01463	0.01910	0.01465	0.02081	0.01334	0.01210	0.11759	0.02459	0.59571	0.02969	0.02596	0.01883	0.00978	0.00797	0.00244	0.00701	0.00787	0.00957	0.01349
10	0.06508	0.01330	0.01745	0.01348	0.01938	0.01157	0.01106	0.03485	0.02172	0.55144	0.06772	0.02740	0.02181	0.00975	0.00774	0.00234	0.00646	0.00791	0.00908	0.08046
11	0.77733	0.01534	0.01166	0.01043	0.01534	0.01779	0.00859	0.02331	0.01350	0.03558	0.01104	0.01288	0.00859	0.00736	0.00491	0.00245	0.00613	0.00429	0.00491	0.00859
12	0.01972	0.01703	0.01793	0.01614	0.02062	0.01972	0.01255	0.04214	0.65752	0.03317	0.03228	0.02959	0.02421	0.01076	0.00807	0.00269	0.00628	0.00897	0.00807	0.01255
13	0.01174	0.00899	0.01312	0.01290	0.01409	0.01064	0.00993	0.01424	0.01260	0.01818	0.02088	0.03214	0.02003	0.11643	0.58821	0.01169	0.06431	0.00867	0.00425	0.00698
14	0.03014	0.02221	0.02380	0.01825	0.02459	0.02459	0.01507	0.64541	0.03728	0.04998	0.01904	0.01904	0.01349	0.00952	0.00793	0.00238	0.00873	0.00714	0.00793	0.01349
15	0.00966	0.00690	0.00920	0.01104	0.01150	0.00644	0.00736	0.01104	0.01518	0.02024	0.04371	0.71614	0.05245	0.02484	0.01012	0.00322	0.00460	0.02254	0.00736	0.00644
16	0.77733	0.01534	0.01166	0.01043	0.01534	0.01779	0.00859	0.02331	0.01350	0.03558	0.01104	0.01288	0.00859	0.00736	0.00491	0.00245	0.00613	0.00429	0.00491	0.00859
17	0.02040	0.01737	0.01831	0.01627	0.02088	0.02004	0.01271	0.08111	0.61745	0.03426	0.03142	0.02890	0.02351	0.01068	0.00806	0.00267	0.00643	0.00885	0.00806	0.01261
18	0.62418	0.01674	0.01414	0.01203	0.01723	0.01918	0.00992	0.15082	0.01837	0.03853	0.01268	0.01414	0.00959	0.00780	0.00553	0.00244	0.00667	0.00488	0.00553	0.00959
19	0.01104	0.00810	0.01035	0.00978	0.01173	0.00740	0.00734	0.01461	0.02202	0.03078	0.60978	0.06092	0.13334	0.01659	0.00935	0.00251	0.00377	0.01458	0.00859	0.00740
20	0.09519	0.01333	0.01781	0.06793	0.02200	0.01238	0.01195	0.03434	0.02070	0.53484	0.02726	0.02518	0.01766	0.01044	0.00898	0.04475	0.00701	0.00753	0.00855	0.01216
21	0.01151	0.00772	0.00880	0.00875	0.00890	0.00767	0.00502	0.01180	0.01239	0.01667	0.07573	0.05247	0.03246	0.66564	0.03791	0.00728	0.00738	0.01175	0.00511	0.00502
22	0.02046	0.63037	0.13078	0.01483	0.02230	0.02957	0.01577	0.02394	0.01620	0.01956	0.01147	0.01328	0.01016	0.00689	0.00543	0.00181	0.00893	0.00447	0.00339	0.01039
23	0.01650	0.11741	0.60901	0.02159	0.03276	0.01986	0.02754	0.02496	0.01667	0.02439	0.01387	0.01629	0.01006	0.00745	0.00726	0.00242	0.01136	0.00568	0.00335	0.01155
24	0.01377	0.00689	0.01033	0.01033	0.01033	0.00689	0.00689	0.01033	0.01033	0.01377	0.01377	0.02410	0.01377	0.02755	0.03099	0.76928	0.00689	0.00689	0.00344	0.00344
25	0.02120	0.72609	0.04155	0.01357	0.02035	0.03138	0.01357	0.02374	0.01611	0.01866	0.01102	0.01272	0.01018	0.00678	0.00509	0.00170	0.00848	0.00424	0.00339	0.01018
26	0.02548	0.02015	0.02136	0.06137	0.02428	0.07166	0.01438	0.36851	0.09103	0.06744	0.07276	0.02513	0.04035	0.01056	0.00904	0.00248	0.04689	0.00806	0.00725	0.01181
27	0.01018	0.00728	0.00976	0.01141	0.01215	0.00686	0.00805	0.01203	0.01614	0.02159	0.09276	0.58544	0.05336	0.02379	0.01017	0.00322	0.00487	0.09686	0.00746	0.00663
28	0.01644	0.01409	0.01644	0.01175	0.01879	0.01057	0.00940	0.01997	0.01644	0.02584	0.01409	0.01644	0.01175	0.00587	0.00587	0.00117	0.00587	0.00470	0.00470	0.76979
29	0.02509	0.01611	0.01890	0.01523	0.02069	0.01647	0.01228	0.11362	0.23243	0.22660	0.02570	0.02433	0.01838	0.00957	0.00858	0.00234	0.04445	0.00753	0.00770	0.15400
30	0.77733	0.01534	0.01166	0.01043	0.01534	0.01779	0.00859	0.02331	0.01350	0.03558	0.01104	0.01288	0.00859	0.00736	0.00491	0.00245	0.00613	0.00429	0.00491	0.00859
31	0.01151	0.00771	0.00876	0.00872	0.00883	0.00768	0.00496	0.01173	0.01215	0.01630	0.06121	0.05231	0.03142	0.68157	0.03861	0.00740	0.00747	0.01169	0.00503	0.00496
32	0.01170	0.00886	0.01027	0.00972	0.01191	0.00823	0.00718	0.05174	0.02051	0.02728	0.33776	0.08703	0.27319	0.08492	0.01227	0.00308	0.00455	0.01478	0.00778	0.00728
33	0.02358	0.01992	0.02004	0.01706	0.02210	0.06215	0.01351	0.22969	0.42526	0.03757	0.02692	0.02536	0.02001	0.01021	0.00797	0.00255	0.00753	0.00816	0.00778	0.01264
34	0.01510	0.01449	0.02259	0.01936	0.02075	0.01801	0.09877	0.01760	0.01372	0.02006	0.01939	0.15802	0.02036	0.02200	0.12154	0.00472	0.37021	0.01059	0.00443	0.00826
35	0.73633	0.01544	0.01234	0.01099	0.01563	0.01814	0.00906	0.02308	0.01342	0.03469	0.01101	0.01312	0.00869	0.00771	0.00605	0.00251	0.04394	0.00444	0.00483	0.00859
36	0.01587	0.01323	0.04053	0.01705	0.08405	0.01216	0.04572	0.06926	0.06563	0.06483	0.22958	0.05114	0.16710	0.01455	0.00903	0.00265	0.00629	0.07469	0.00732	0.00931
37	0.02298	0.14870	0.02288	0.01698	0.02118	0.32293	0.01355	0.02921	0.14450	0.02250	0.02256	0.05865	0.03991	0.01094	0.00755	0.00234	0.01024	0.06744	0.00532	0.00963
38	0.01722	0.01307	0.01516	0.01439	0.01785	0.01392	0.01133	0.02937	0.32161	0.07030	0.05776	0.15214	0.03386	0.01512	0.00889	0.00286	0.00613	0.13468	0.00773	0.05663
39	0.02658	0.17405	0.07283	0.02015	0.05406	0.37546	0.01632	0.12460	0.02288	0.02470	0.01332	0.01513	0.01081	0.00800	0.00691	0.00207	0.01185	0.00539	0.00448	0.01039

[dist]
# distance from previous block
# <min> <max>
0	2

[block]
# block no. 1 follows, 24 sequences, length 79
# corresponding to MSA columns:
# 143-221
name=unknown_B
#
# <colnr> <probs for GDERKNQSTAVLIFYWHMCP>
#	G	D	E	R	K	N	Q	S	T	A	V	L	I	F	Y	W	H	M	C	P
0	0.07311	0.05158	0.16052	0.01605	0.05030	0.01443	0.01457	0.07503	0.01875	0.10417	0.04808	0.06116	0.09412	0.07269	0.03681	0.00330	0.00828	0.03803	0.00587	0.05316
1	0.52481	0.01716	0.07468	0.01241	0.01769	0.01676	0.01110	0.05903	0.01569	0.08505	0.01410	0.01627	0.01075	0.01149	0.04318	0.04244	0.00769	0.00525	0.00522	0.00921
2	0.06154	0.31692	0.07679	0.01977	0.09373	0.17109	0.01592	0.06166	0.04936	0.02342	0.01373	0.01584	0.01151	0.00914	0.02696	0.00236	0.01026	0.00538	0.00419	0.01046
3	0.02226	0.07191	0.01769	0.01350	0.01778	0.01392	0.01109	0.10849	0.06853	0.21997	0.12296	0.08980	0.08850	0.01389	0.00856	0.00262	0.00638	0.08360	0.00806	0.01048
4	0.04926	0.01258	0.01972	0.01759	0.04103	0.01411	0.10778	0.01701	0.01449	0.02134	0.06990	0.08281	0.02422	0.14187	0.19058	0.00622	0.14683	0.01009	0.00475	0.00781
5	0.02043	0.01593	0.01742	0.01519	0.01973	0.01741	0.01207	0.13680	0.36904	0.06568	0.06686	0.03615	0.07105	0.01201	0.00830	0.00261	0.00647	0.05219	0.00791	0.04675
6	0.02761	0.20371	0.02716	0.01865	0.02351	0.49485	0.01488	0.06224	0.02172	0.02084	0.01232	0.01417	0.01038	0.00791	0.00669	0.00198	0.01260	0.00500	0.00412	0.00966
7	0.01478	0.00739	0.00739	0.00739	0.00924	0.00739	0.00554	0.01848	0.01663	0.02956	0.02587	0.02956	0.02033	0.00924	0.00554	0.00185	0.00370	0.00739	0.76534	0.00739
8	0.02958	0.02133	0.02304	0.01785	0.02404	0.02351	0.01469	0.56424	0.08694	0.08182	0.02076	0.02032	0.01468	0.00964	0.00795	0.00241	0.00842	0.00733	0.00804	0.01341
9	0.02902	0.03614	0.02392	0.02107	0.02548	0.62061	0.05110	0.05964	0.02294	0.02116	0.01279	0.01492	0.01047	0.00815	0.00731	0.00209	0.01399	0.00544	0.00426	0.00948
10	0.03014	0.02221	0.02380	0.01825	0.02459	0.02459	0.01507	0.64541	0.03728	0.04998	0.01904	0.01904	0.01349	0.00952	0.00793	0.00238	0.00873	0.00714	0.00793	0.01349
11	0.02174	0.01658	0.01799	0.01588	0.02057	0.01870	0.01244	0.04169	0.57660	0.11529	0.03215	0.02925	0.02362	0.01064	0.00806	0.00266	0.00634	0.00884	0.00829	0.01267
12	0.01377	0.00689	0.01033	0.01033	0.01033	0.00689	0.00689	0.01033	0.01033	0.01377	0.01377	0.02410	0.01377	0.02755	0.03099	0.76928	0.00689	0.00689	0.00344	0.00344
13	0.01719	0.01469	0.01559	0.01431	0.01819	0.01643	0.01103	0.03447	0.49487	0.03063	0.07156	0.07119	0.12967	0.01317	0.00844	0.00270	0.00572	0.01110	0.00796	0.01109
14	0.01715	0.01455	0.01681	0.01218	0.01911	0.01149	0.00975	0.04769	0.03940	0.02713	0.01493	0.01701	0.01225	0.00620	0.00604	0.00128	0.00601	0.00495	0.00495	0.71114
15	0.01995	0.01867	0.03118	0.04427	0.56989	0.01878	0.04695	0.06615	0.01940	0.02741	0.01663	0.02325	0.01430	0.00798	0.00807	0.00244	0.00942	0.03861	0.00437	0.01228
16	0.74474	0.04597	0.01294	0.01056	0.01555	0.01837	0.00880	0.02333	0.01361	0.03485	0.01104	0.01287	0.00866	0.00734	0.00492	0.00242	0.00624	0.00429	0.00484	0.00866
17	0.02146	0.57787	0.13130	0.01490	0.02234	0.02813	0.01568	0.02499	0.01667	0.06599	0.01291	0.01430	0.01082	0.00711	0.00564	0.00187	0.00882	0.00473	0.00384	0.01063
18	0.01159	0.00880	0.01293	0.01279	0.01404	0.01034	0.00986	0.01418	0.01263	0.01822	0.02106	0.03205	0.02007	0.10424	0.61696	0.01201	0.04834	0.00865	0.00426	0.00699
19	0.01083	0.00825	0.00909	0.00876	0.01136	0.00708	0.00661	0.01333	0.01938	0.04847	0.23143	0.07004	0.48993	0.01869	0.00932	0.00262	0.00405	0.01579	0.00781	0.00715
20	0.03515	0.01419	0.01883	0.01444	0.02059	0.01269	0.01193	0.08704	0.02386	0.62730	0.03031	0.02636	0.01914	0.00979	0.00797	0.00245	0.00691	0.00791	0.00966	0.01349
21	0.03014	0.02221	0.02380	0.01825	0.02459	0.02459	0.01507	0.64541	0.03728	0.04998	0.01904	0.01904	0.01349	0.00952	0.00793	0.00238	0.00873	0.00714	0.00793	0.01349
22	0.02966	0.03670	0.02257	0.02028	0.02452	0.64263	0.01530	0.07491	0.02352	0.02156	0.01274	0.01463	0.01044	0.00827	0.00721	0.00207	0.01391	0.00525	0.00436	0.00950
23	0.01911	0.01624	0.01721	0.01552	0.01984	0.01848	0.01216	0.06742	0.55064	0.03265	0.03590	0.03526	0.07642	0.01190	0.00828	0.00271	0.00625	0.03412	0.00797	0.01191
24	0.02120	0.72609	0.04155	0.01357	0.02035	0.03138	0.01357	0.02374	0.01611	0.01866	0.01102	0.01272	0.01018	0.00678	0.00509	0.00170	0.00848	0.00424	0.00339	0.01018
25	0.01590	0.04102	0.68023	0.02260	0.03432	0.01842	0.02930	0.02511	0.01674	0.02511	0.01423	0.01674	0.01005	0.00753	0.00753	0.00251	0.01172	0.00586	0.00335	0.01172
26	0.01478	0.00739	0.00739	0.00739	0.00924	0.00739	0.00554	0.01848	0.01663	0.02956	0.02587	0.02956	0.02033	0.00924	0.00554	0.00185	0.00370	0.00739	0.76534	0.00739
27	0.02187	0.01810	0.01914	0.01657	0.02144	0.02073	0.01307	0.16625	0.52992	0.03663	0.02955	0.02742	0.02200	0.01050	0.00804	0.00263	0.00678	0.00859	0.00804	0.01274
28	0.03311	0.01746	0.02086	0.01599	0.02222	0.01754	0.01321	0.31479	0.02934	0.39182	0.02571	0.02337	0.01683	0.00968	0.00796	0.00242	0.00765	0.00759	0.00896	0.01349
29	0.01957	0.01604	0.01729	0.01559	0.01988	0.01824	0.01218	0.03935	0.56882	0.05880	0.07555	0.03337	0.02812	0.01144	0.00824	0.00270	0.00616	0.02843	0.00816	0.01208
30	0.00974	0.00693	0.00918	0.01094	0.01138	0.00649	0.00725	0.01106	0.01503	0.02003	0.04290	0.68769	0.05144	0.05468	0.01142	0.00341	0.00473	0.02207	0.00725	0.00637
31	0.02766	0.01976	0.02149	0.01700	0.02261	0.02168	0.01378	0.47590	0.11265	0.08946	0.02268	0.04587	0.01729	0.04307	0.00952	0.00270	0.00809	0.00815	0.00792	0.01273
32	0.01133	0.00850	0.01274	0.01274	0.01416	0.00991	0.00991	0.01416	0.01274	0.01841	0.02124	0.03115	0.01982	0.05947	0.68989	0.01274	0.02124	0.00850	0.00425	0.00708
33	0.03431	0.01445	0.01887	0.01458	0.02065	0.01322	0.01201	0.09354	0.05514	0.58917	0.03023	0.02640	0.01930	0.00983	0.00798	0.00246	0.00690	0.00795	0.00956	0.01345
34	0.01109	0.00810	0.01042	0.00984	0.01177	0.00743	0.00738	0.01471	0.02214	0.03107	0.62628	0.06044	0.11666	0.01648	0.00935	0.00251	0.00376	0.01451	0.00863	0.00743
35	0.02950	0.06377	0.02426	0.01875	0.02435	0.25326	0.01508	0.40267	0.03111	0.03787	0.01630	0.01709	0.01219	0.00892	0.00752	0.00223	0.01063	0.00629	0.00638	0.01184
36	0.00966	0.00690	0.00920	0.01104	0.01150	0.00644	0.00736	0.01104	0.01518	0.02024	0.04371	0.71614	0.05245	0.02484	0.01012	0.00322	0.00460	0.02254	0.00736	0.00644
37	0.01963	0.01884	0.03219	0.04867	0.67185	0.01884	0.02434	0.02434	0.01806	0.02591	0.01492	0.01963	0.01256	0.00707	0.00785	0.00236	0.00942	0.00707	0.00393	0.01256
38	0.01936	0.01945	0.03536	0.04140	0.42915	0.01928	0.20825	0.02614	0.07158	0.02636	0.01670	0.02098	0.01337	0.00726	0.00832	0.00248	0.01034	0.00791	0.00430	0.01200
39	0.02135	0.01571	0.01754	0.01322	0.01974	0.04357	0.01059	0.05618	0.06837	0.14197	0.01868	0.01934	0.01411	0.00723	0.00657	0.00162	0.00659	0.00574	0.00599	0.50588
40	0.77733	0.01534	0.01166	0.01043	0.01534	0.01779	0.00859	0.02331	0.01350	0.03558	0.01104	0.01288	0.00859	0.00736	0.00491	0.00245	0.00613	0.00429	0.00491	0.00859
41	0.02286	0.01814	0.01918	0.05118	0.02235	0.05011	0.01302	0.25150	0.24981	0.06016	0.06109	0.02958	0.05155	0.05125	0.00994	0.00281	0.00760	0.00879	0.00748	0.01159
42	0.01086	0.00783	0.01028	0.01022	0.01177	0.00724	0.00745	0.01406	0.02077	0.02913	0.52353	0.21098	0.06965	0.01821	0.00953	0.00266	0.00394	0.01624	0.00841	0.00724
43	0.02620	0.01908	0.02077	0.01665	0.02193	0.02108	0.01340	0.42672	0.14801	0.07353	0.02265	0.02451	0.01726	0.06842	0.03993	0.00331	0.00863	0.00792	0.00764	0.01235
44	0.01153	0.00769	0.00865	0.00865	0.00865	0.00769	0.00480	0.01153	0.01153	0.01538	0.02499	0.05189	0.02883	0.72131	0.04036	0.00769	0.00769	0.01153	0.00480	0.00480
45	0.01682	0.07178	0.50283	0.02461	0.03523	0.01946	0.16854	0.02511	0.01716	0.02485	0.01448	0.01760	0.01051	0.00730	0.00782	0.00251	0.01193	0.00657	0.00350	0.01141
46	0.01133	0.00850	0.01274	0.01274	0.01416	0.00991	0.00991	0.01416	0.01274	0.01841	0.02124	0.03115	0.01982	0.05947	0.68989	0.01274	0.02124	0.00850	0.00425	0.00708
47	0.01205	0.00833	0.00959	0.00961	0.01022	0.00828	0.00597	0.04420	0.01430	0.01905	0.06010	0.17143	0.06183	0.49645	0.03048	0.00615	0.00684	0.01365	0.00572	0.00575
48	0.01153	0.00880	0.01314	0.01302	0.01439	0.01040	0.01017	0.01433	0.01272	0.01843	0.02087	0.03068	0.01950	0.05791	0.66717	0.01243	0.04470	0.00844	0.00422	0.00713
49	0.01806	0.01448	0.01692	0.01219	0.01916	0.01134	0.00980	0.05303	0.01781	0.05818	0.01517	0.01708	0.01221	0.00625	0.00608	0.00130	0.00606	0.00498	0.00511	0.69478
50	0.02120	0.72609	0.04155	0.01357	0.02035	0.03138	0.01357	0.02374	0.01611	0.01866	0.01102	0.01272	0.01018	0.00678	0.00509	0.00170	0.00848	0.00424	0.00339	0.01018
51	0.02760	0.06422	0.05405	0.02053	0.04959	0.41139	0.01598	0.16205	0.07156	0.02740	0.01531	0.01668	0.01202	0.00851	0.00733	0.00218	0.01195	0.00589	0.00512	0.01065
52	0.06350	0.02610	0.02262	0.01856	0.02381	0.22176	0.01484	0.38219	0.05658	0.03820	0.01684	0.01771	0.01260	0.00926	0.00834	0.00234	0.04006	0.00647	0.00646	0.01174
53	0.00975	0.00809	0.00856	0.00856	0.01110	0.00690	0.00650	0.01205	0.01863	0.02283	0.15266	0.07473	0.56716	0.01967	0.00944	0.00270	0.00412	0.04221	0.00753	0.00682
54	0.01223	0.00879	0.01162	0.01146	0.01256	0.00964	0.00820	0.04400	0.01365	0.01898	0.02375	0.07701	0.02458	0.29093	0.38619	0.00989	0.01485	0.01031	0.00480	0.00655
55	0.01153	0.00769	0.00865	0.00865	0.00865	0.00769	0.00480	0.01153	0.01153	0.01538	0.02499	0.05189	0.02883	0.72131	0.04036	0.00769	0.00769	0.01153	0.00480	0.00480
56	0.01590	0.04102	0.68023	0.02260	0.03432	0.01842	0.02930	0.02511	0.01674	0.02511	0.01423	0.01674	0.01005	0.00753	0.00753	0.00251	0.01172	0.00586	0.00335	0.01172
57	0.01153	0.00769	0.00865	0.00865	0.00865	0.00769	0.00480	0.01153	0.01153	0.01538	0.02499	0.05189	0.02883	0.72131	0.04036	0.00769	0.00769	0.01153	0.00480	0.00480
58	0.01143	0.00810	0.01075	0.01075	0.01148	0.00883	0.00743	0.01288	0.01215	0.01693	0.02306	0.04125	0.02421	0.38174	0.37362	0.01028	0.01464	0.00997	0.00452	0.00597
59	0.01102	0.00810	0.01032	0.00976	0.01172	0.00740	0.00732	0.01457	0.02197	0.03067	0.60370	0.06109	0.13950	0.01663	0.00935	0.00251	0.00377	0.01460	0.00858	0.00740
60	0.01872	0.02139	0.04679	0.03342	0.04144	0.02005	0.64305	0.02540	0.01872	0.02540	0.01604	0.02139	0.01203	0.00668	0.00936	0.00267	0.01337	0.00936	0.00401	0.01070
61	0.02962	0.03779	0.02247	0.02043	0.02451	0.68948	0.01532	0.03166	0.02247	0.01941	0.01226	0.01430	0.01021	0.00817	0.00715	0.00204	0.01430	0.00511	0.00409	0.00919
62	0.02120	0.72609	0.04155	0.01357	0.02035	0.03138	0.01357	0.02374	0.01611	0.01866	0.01102	0.01272	0.01018	0.00678	0.00509	0.00170	0.00848	0.00424	0.00339	0.01018
63	0.01875	0.02129	0.04623	0.03401	0.06573	0.02001	0.61921	0.02536	0.01869	0.02542	0.01600	0.02132	0.01205	0.00670	0.00930	0.00266	0.01322	0.00927	0.00401	0.01077
64	0.01478	0.00739	0.00739	0.00739	0.00924	0.00739	0.00554	0.01848	0.01663	0.02956	0.02587	0.02956	0.02033	0.00924	0.00554	0.00185	0.00370	0.00739	0.76534	0.00739
65	0.01860	0.02221	0.07322	0.03297	0.04115	0.01999	0.61744	0.02539	0.01863	0.02539	0.01597	0.02120	0.01195	0.00672	0.00928	0.00267	0.01330	0.00921	0.00398	0.01074
66	0.03066	0.02139	0.02329	0.01786	0.02418	0.02337	0.01475	0.58828	0.03591	0.10904	0.02019	0.01979	0.01406	0.00955	0.00794	0.00239	0.00854	0.00722	0.00811	0.01349
67	0.02046	0.01740	0.01834	0.01629	0.02090	0.02007	0.01273	0.08464	0.61382	0.03436	0.03134	0.02884	0.02345	0.01067	0.00806	0.00267	0.00645	0.00884	0.00806	0.01262
68	0.01975	0.51157	0.20614	0.01776	0.05845	0.02736	0.01820	0.02413	0.01638	0.02071	0.01206	0.01413	0.01027	0.00699	0.00587	0.00194	0.00937	0.00481	0.00341	0.01070
69	0.02745	0.02175	0.06833	0.01752	0.02367	0.02200	0.01501	0.49097	0.06860	0.07548	0.02049	0.02228	0.01528	0.06177	0.01030	0.00280	0.00862	0.00752	0.00748	0.01267
70	0.01912	0.12217	0.27358	0.02416	0.03267	0.04090	0.22979	0.02649	0.05055	0.05447	0.01592	0.01884	0.01192	0.00769	0.00857	0.00249	0.03835	0.00709	0.00414	0.01110
71	0.05992	0.02307	0.02228	0.01776	0.02348	0.10823	0.01440	0.48228	0.06919	0.04381	0.04373	0.02034	0.01585	0.00959	0.00777	0.00236	0.00900	0.00714	0.00735	0.01245
72	0.01578	0.01452	0.02379	0.66604	0.05303	0.01799	0.02165	0.05336	0.01699	0.02183	0.01436	0.02103	0.01073	0.00801	0.00793	0.00263	0.01047	0.00705	0.00376	0.00906
73	0.04880	0.00728	0.01031	0.01039	0.01065	0.00736	0.00700	0.01098	0.01083	0.01526	0.01585	0.07444	0.01638	0.02642	0.02825	0.67750	0.00668	0.00792	0.00380	0.00390
74	0.01265	0.00904	0.01263	0.01446	0.01623	0.00902	0.01256	0.01621	0.01813	0.02359	0.04206	0.11509	0.04592	0.02203	0.01092	0.00363	0.00719	0.59409	0.00730	0.00727
75	0.01927	0.01805	0.03014	0.21369	0.42190	0.01908	0.05823	0.07603	0.01916	0.02646	0.01512	0.02007	0.01210	0.00747	0.00796	0.00245	0.00988	0.00720	0.00417	0.01157
76	0.01668	0.01322	0.01410	0.01231	0.01613	0.01364	0.00966	0.17508	0.14093	0.03203	0.13278	0.05127	0.31003	0.01524	0.00877	0.00258	0.00557	0.01261	0.00781	0.00956
77	0.02781	0.02105	0.02248	0.01777	0.02370	0.02350	0.01451	0.51012	0.17637	0.04621	0.02201	0.02140	0.01589	0.00980	0.00796	0.00245	0.00818	0.00755	0.00796	0.01328
78	0.01693	0.12018	0.52820	0.02388	0.07791	0.02007	0.05637	0.02491	0.01685	0.02441	0.01398	0.01669	0.01033	0.00737	0.00735	0.00241	0.01125	0.00592	0.00343	0.01155

[dist]
# distance from previous block
# <min> <max>
0	1

[block]
# block no. 2 follows, 24 sequences, length 26
# corresponding to MSA columns:
# 224-249
name=unknown_C
#
# <colnr> <probs for GDERKNQSTAVLIFYWHMCP>
#	G	D	E	R	K	N	Q	S	T	A	V	L	I	F	Y	W	H	M	C	P
0	0.02380	0.42918	0.05641	0.01790	0.06286	0.11928	0.01530	0.14430	0.02119	0.02544	0.01308	0.01472	0.01096	0.00754	0.00617	0.00194	0.00949	0.00515	0.00439	0.01088
1	0.01363	0.00694	0.01023	0.01023	0.01023	0.00694	0.00676	0.01041	0.01041	0.01387	0.01447	0.02583	0.01471	0.07075	0.03158	0.72186	0.00694	0.00718	0.00353	0.00353
2	0.02659	0.18479	0.04895	0.01721	0.02355	0.05441	0.01496	0.39709	0.09096	0.03900	0.01802	0.01832	0.01350	0.00889	0.00724	0.00224	0.00877	0.00652	0.00658	0.01239
3	0.02008	0.01842	0.02682	0.02761	0.19841	0.03914	0.11447	0.12223	0.12600	0.02936	0.02018	0.05923	0.01693	0.01276	0.05379	0.00319	0.05151	0.00850	0.00546	0.04591
4	0.01438	0.01298	0.01860	0.01684	0.01754	0.01720	0.01368	0.01666	0.01244	0.01875	0.01575	0.02415	0.01505	0.03636	0.35330	0.00804	0.36882	0.00771	0.00385	0.00789
5	0.01757	0.05311	0.04691	0.11811	0.14327	0.06893	0.01618	0.05475	0.11056	0.02440	0.02116	0.06862	0.01877	0.02099	0.15717	0.00476	0.01173	0.02807	0.00503	0.00991
6	0.01349	0.00857	0.01119	0.01056	0.01277	0.00782	0.00801	0.01683	0.02135	0.09513	0.48364	0.12156	0.10136	0.01685	0.00935	0.00262	0.00428	0.03811	0.00857	0.00794
7	0.01795	0.08498	0.38014	0.02540	0.06322	0.01991	0.18905	0.05599	0.01830	0.02601	0.01474	0.01790	0.01092	0.00728	0.00781	0.00244	0.01147	0.00674	0.00383	0.03593
8	0.00966	0.00690	0.00920	0.01104	0.01150	0.00644	0.00736	0.01104	0.01518	0.02024	0.04371	0.71614	0.05245	0.02484	0.01012	0.00322	0.00460	0.02254	0.00736	0.00644
9	0.02744	0.02817	0.02346	0.08206	0.06745	0.32722	0.01627	0.24420	0.05440	0.03112	0.01582	0.01756	0.01214	0.00866	0.00758	0.00226	0.01137	0.00628	0.00554	0.01101
10	0.02275	0.02063	0.02479	0.14485	0.18491	0.09169	0.01825	0.20147	0.12202	0.03182	0.01813	0.02060	0.01393	0.00889	0.00864	0.00248	0.03973	0.00716	0.00562	0.01164
11	0.77733	0.01534	0.01166	0.01043	0.01534	0.01779	0.00859	0.02331	0.01350	0.03558	0.01104	0.01288	0.00859	0.00736	0.00491	0.00245	0.00613	0.00429	0.00491	0.00859
12	0.02909	0.03668	0.02223	0.02020	0.02431	0.65345	0.01517	0.03223	0.05663	0.02015	0.01333	0.01512	0.01097	0.00831	0.00720	0.00208	0.01387	0.00531	0.00430	0.00937
13	0.02962	0.03779	0.02247	0.02043	0.02451	0.68948	0.01532	0.03166	0.02247	0.01941	0.01226	0.01430	0.01021	0.00817	0.00715	0.00204	0.01430	0.00511	0.00409	0.00919
14	0.01114	0.00810	0.01049	0.00989	0.01180	0.00745	0.00742	0.01481	0.02225	0.03134	0.64184	0.05999	0.10093	0.01638	0.00935	0.00250	0.00375	0.01445	0.00867	0.00745
15	0.00985	0.00703	0.00941	0.01125	0.01180	0.00660	0.00768	0.01136	0.01537	0.02045	0.04360	0.67876	0.05204	0.02467	0.01017	0.00325	0.00476	0.05809	0.00736	0.00649
16	0.01135	0.00841	0.01229	0.01229	0.01356	0.00967	0.00935	0.01387	0.01261	0.01808	0.02165	0.03343	0.02081	0.13214	0.61857	0.01219	0.01975	0.00883	0.00431	0.00683
17	0.01377	0.00689	0.01033	0.01033	0.01033	0.00689	0.00689	0.01033	0.01033	0.01377	0.01377	0.02410	0.01377	0.02755	0.03099	0.76928	0.00689	0.00689	0.00344	0.00344
18	0.01536	0.01462	0.02510	0.64327	0.08555	0.01777	0.04600	0.02067	0.01608	0.02075	0.01421	0.02107	0.01073	0.00784	0.00798	0.00263	0.01062	0.00714	0.00356	0.00907
19	0.02037	0.01736	0.01830	0.01627	0.02087	0.02003	0.01271	0.07970	0.61890	0.03422	0.03145	0.02893	0.02354	0.01068	0.00806	0.00267	0.00643	0.00885	0.00806	0.01261
20	0.01927	0.01664	0.01749	0.01578	0.02018	0.01915	0.01226	0.04078	0.62922	0.03265	0.03440	0.03165	0.05273	0.01117	0.00813	0.00269	0.00618	0.00931	0.00804	0.01229
21	0.29773	0.01615	0.01686	0.01379	0.01929	0.01720	0.01127	0.13901	0.10916	0.25036	0.02205	0.02092	0.01524	0.00902	0.00688	0.00247	0.00681	0.00665	0.00749	0.01161
22	0.01142	0.00813	0.01087	0.01087	0.01164	0.00889	0.00758	0.01296	0.01219	0.01702	0.02295	0.04064	0.02394	0.36224	0.39275	0.01043	0.01504	0.00988	0.00450	0.00604
23	0.02730	0.08077	0.02195	0.01577	0.02133	0.01969	0.01302	0.31389	0.09550	0.18875	0.06428	0.05890	0.02153	0.01066	0.00790	0.00242	0.00747	0.00849	0.00800	0.01237
24	0.00988	0.00713	0.00939	0.01098	0.01170	0.00664	0.00754	0.01154	0.01591	0.02117	0.08440	0.61586	0.08444	0.02394	0.01007	0.00317	0.00464	0.04761	0.00744	0.00656
25	0.05351	0.01691	0.02428	0.04568	0.02538	0.05607	0.17333	0.14186	0.02228	0.09536	0.08635	0.15003	0.02718	0.01239	0.00876	0.00266	0.00875	0.03261	0.00654	0.01007

[dist]
# distance from previous block
# <min> <max>
0	2

[block]
# block no. 3 follows, 24 sequences, length 113
# corresponding to MSA columns:
# 252-364
name=unknown_D
#
# <colnr> <probs for GDERKNQSTAVLIFYWHMCP>
#	G	D	E	R	K	N	Q	S	T	A	V	L	I	F	Y	W	H	M	C	P
0	0.13876	0.02374	0.02121	0.04885	0.02425	0.16654	0.01427	0.33981	0.08338	0.03842	0.01731	0.01812	0.01285	0.00894	0.00733	0.00236	0.00942	0.00643	0.00646	0.01154
1	0.03003	0.05234	0.04591	0.01503	0.02101	0.01570	0.01285	0.16400	0.05674	0.39748	0.08224	0.02711	0.02249	0.01011	0.00793	0.00242	0.00716	0.00813	0.00866	0.01269
2	0.01664	0.04244	0.01367	0.01093	0.01412	0.00949	0.00859	0.02010	0.02175	0.15915	0.45570	0.04989	0.08860	0.01430	0.00875	0.00241	0.00465	0.01236	0.00848	0.03796
3	0.01933	0.01854	0.03165	0.09008	0.63275	0.01876	0.02419	0.02408	0.01792	0.02555	0.01486	0.01972	0.01243	0.00712	0.00786	0.00237	0.00949	0.00706	0.00390	0.01232
4	0.01732	0.01407	0.01653	0.01185	0.01886	0.01062	0.00950	0.02083	0.01673	0.05581	0.01489	0.01693	0.01211	0.00605	0.00597	0.00123	0.00591	0.00485	0.00493	0.73500
5	0.01122	0.00811	0.01060	0.00998	0.01185	0.00748	0.00748	0.01496	0.02245	0.03180	0.66766	0.05923	0.07482	0.01621	0.00935	0.00249	0.00374	0.01434	0.00873	0.00748
6	0.01018	0.00761	0.01093	0.01214	0.01297	0.00713	0.03398	0.01189	0.01547	0.02062	0.04248	0.65822	0.05046	0.02395	0.01013	0.00322	0.00509	0.04967	0.00722	0.00666
7	0.00974	0.00696	0.00927	0.01099	0.01152	0.00649	0.00737	0.01124	0.01554	0.02082	0.07485	0.68335	0.05356	0.02441	0.01008	0.00318	0.00456	0.02213	0.00743	0.00649
8	0.01617	0.01532	0.02595	0.53381	0.21369	0.01793	0.02262	0.02131	0.01642	0.02172	0.01431	0.02075	0.01108	0.00771	0.00791	0.00257	0.01027	0.00705	0.00363	0.00978
9	0.02962	0.03779	0.02247	0.02043	0.02451	0.68948	0.01532	0.03166	0.02247	0.01941	0.01226	0.01430	0.01021	0.00817	0.00715	0.00204	0.01430	0.00511	0.00409	0.00919
10	0.00963	0.00804	0.00839	0.00831	0.01087	0.00680	0.00623	0.01188	0.01869	0.02288	0.16275	0.07392	0.58530	0.01954	0.00937	0.00265	0.00398	0.01640	0.00756	0.00680
11	0.09703	0.01605	0.02452	0.01856	0.02474	0.01537	0.15242	0.05877	0.04756	0.39975	0.02490	0.02393	0.01657	0.00906	0.00862	0.00254	0.03174	0.00792	0.00772	0.01223
12	0.00980	0.00805	0.00863	0.00848	0.01097	0.00688	0.00636	0.01221	0.01908	0.02382	0.21587	0.07237	0.53159	0.01919	0.00937	0.00264	0.00395	0.01618	0.00768	0.00688
13	0.02764	0.02088	0.02305	0.01938	0.05854	0.02306	0.01500	0.52025	0.10568	0.04568	0.02122	0.04594	0.01608	0.01009	0.00802	0.00244	0.00833	0.00791	0.00771	0.01307
14	0.77733	0.01534	0.01166	0.01043	0.01534	0.01779	0.00859	0.02331	0.01350	0.03558	0.01104	0.01288	0.00859	0.00736	0.00491	0.00245	0.00613	0.00429	0.00491	0.00859
15	0.01122	0.00811	0.01060	0.00998	0.01185	0.00748	0.00748	0.01496	0.02245	0.03180	0.66766	0.05923	0.07482	0.01621	0.00935	0.00249	0.00374	0.01434	0.00873	0.00748
16	0.03437	0.01543	0.01960	0.01503	0.02121	0.01453	0.01242	0.17364	0.02594	0.53776	0.02856	0.02522	0.01826	0.00975	0.00797	0.00244	0.00719	0.00779	0.00940	0.01349
17	0.01134	0.00847	0.01259	0.01259	0.01396	0.00983	0.00973	0.01406	0.01270	0.01830	0.02138	0.03191	0.02015	0.08365	0.66616	0.01256	0.02075	0.00861	0.00427	0.00700
18	0.01972	0.01703	0.01793	0.01614	0.02062	0.01972	0.01255	0.04214	0.65752	0.03317	0.03228	0.02959	0.02421	0.01076	0.00807	0.00269	0.00628	0.00897	0.00807	0.01255
19	0.03014	0.02221	0.02380	0.01825	0.02459	0.02459	0.01507	0.64541	0.03728	0.04998	0.01904	0.01904	0.01349	0.00952	0.00793	0.00238	0.00873	0.00714	0.00793	0.01349
20	0.01590	0.04102	0.68023	0.02260	0.03432	0.01842	0.02930	0.02511	0.01674	0.02511	0.01423	0.01674	0.01005	0.00753	0.00753	0.00251	0.01172	0.00586	0.00335	0.01172
21	0.01478	0.00739	0.00739	0.00739	0.00924	0.00739	0.00554	0.01848	0.01663	0.02956	0.02587	0.02956	0.02033	0.00924	0.00554	0.00185	0.00370	0.00739	0.76534	0.00739
22	0.01153	0.00769	0.00865	0.00865	0.00865	0.00769	0.00480	0.01153	0.01153	0.01538	0.02499	0.05189	0.02883	0.72131	0.04036	0.00769	0.00769	0.01153	0.00480	0.00480
23	0.01635	0.01593	0.02275	0.01949	0.02032	0.02097	0.04006	0.01839	0.01299	0.01983	0.01460	0.08835	0.01513	0.01590	0.04701	0.00362	0.54168	0.00853	0.00399	0.05410
24	0.01478	0.00739	0.00739	0.00739	0.00924	0.00739	0.00554	0.01848	0.01663	0.02956	0.02587	0.02956	0.02033	0.00924	0.00554	0.00185	0.00370	0.00739	0.76534	0.00739
25	0.01963	0.01884	0.03219	0.04867	0.67185	0.01884	0.02434	0.02434	0.01806	0.02591	0.01492	0.01963	0.01256	0.00707	0.00785	0.00236	0.00942	0.00707	0.00393	0.01256
26	0.01824	0.01404	0.01663	0.01197	0.01893	0.01067	0.00961	0.02172	0.01703	0.08702	0.01571	0.01743	0.01249	0.00624	0.00607	0.00129	0.00595	0.00501	0.00518	0.69877
27	0.77733	0.01534	0.01166	0.01043	0.01534	0.01779	0.00859	0.02331	0.01350	0.03558	0.01104	0.01288	0.00859	0.00736	0.00491	0.00245	0.00613	0.00429	0.00491	0.00859
28	0.01972	0.01703	0.01793	0.01614	0.02062	0.01972	0.01255	0.04214	0.65752	0.03317	0.03228	0.02959	0.02421	0.01076	0.00807	0.00269	0.00628	0.00897	0.00807	0.01255
29	0.01366	0.01185	0.01693	0.01559	0.01637	0.01531	0.01245	0.01589	0.01244	0.01848	0.01731	0.02715	0.01677	0.08385	0.39315	0.00885	0.28432	0.00809	0.00398	0.00755
30	0.03047	0.02169	0.02347	0.01800	0.02433	0.02382	0.01487	0.60903	0.03641	0.08759	0.01977	0.01952	0.01385	0.00954	0.00794	0.00238	0.00861	0.00719	0.00805	0.01349
31	0.06977	0.07754	0.08090	0.01716	0.06296	0.01617	0.01431	0.10468	0.02216	0.37447	0.02344	0.02207	0.01573	0.00878	0.00739	0.00230	0.00766	0.00692	0.00753	0.05807
32	0.02002	0.02535	0.15464	0.03839	0.41405	0.09640	0.06304	0.02600	0.03986	0.02522	0.01513	0.01891	0.01217	0.00738	0.00781	0.00238	0.01057	0.00682	0.00398	0.01189
33	0.02327	0.01413	0.01815	0.01331	0.02006	0.01127	0.03147	0.02674	0.01872	0.25553	0.02022	0.02033	0.01453	0.00729	0.00673	0.00168	0.00643	0.00601	0.00648	0.47765
34	0.77733	0.01534	0.01166	0.01043	0.01534	0.01779	0.00859	0.02331	0.01350	0.03558	0.01104	0.01288	0.00859	0.00736	0.00491	0.00245	0.00613	0.00429	0.00491	0.00859
35	0.03226	0.01883	0.02170	0.01664	0.02290	0.01957	0.01374	0.40969	0.03162	0.29369	0.02380	0.02213	0.01587	0.00963	0.00795	0.00241	0.00796	0.00746	0.00866	0.01349
36	0.03456	0.01404	0.01865	0.01427	0.02045	0.01239	0.01178	0.07434	0.02334	0.61599	0.02992	0.02613	0.01897	0.00965	0.00790	0.00240	0.00683	0.00781	0.00952	0.04105
37	0.01511	0.01428	0.02314	0.55311	0.04678	0.01818	0.02050	0.01960	0.01520	0.02006	0.01495	0.05519	0.01263	0.00977	0.01108	0.00281	0.12741	0.00780	0.00371	0.00867
38	0.01478	0.00739	0.00739	0.00739	0.00924	0.00739	0.00554	0.01848	0.01663	0.02956	0.02587	0.02956	0.02033	0.00924	0.00554	0.00185	0.00370	0.00739	0.76534	0.00739
39	0.02802	0.01528	0.01830	0.01501	0.02033	0.01554	0.01207	0.08998	0.25972	0.35304	0.06224	0.02889	0.02355	0.01046	0.00807	0.00254	0.00659	0.00859	0.00895	0.01285
40	0.01724	0.01407	0.01652	0.01184	0.01885	0.01062	0.00949	0.02074	0.01670	0.05286	0.01481	0.01688	0.01207	0.00604	0.00596	0.00123	0.00591	0.00483	0.00491	0.73843
41	0.01478	0.00739	0.00739	0.00739	0.00924	0.00739	0.00554	0.01848	0.01663	0.02956	0.02587	0.02956	0.02033	0.00924	0.00554	0.00185	0.00370	0.00739	0.76534	0.00739
42	0.01929	0.01428	0.01788	0.01291	0.01986	0.01109	0.03372	0.02287	0.01743	0.11980	0.01665	0.01815	0.01289	0.00647	0.00631	0.00142	0.00628	0.00535	0.00541	0.63195
43	0.03303	0.01295	0.01749	0.01360	0.01934	0.01120	0.01116	0.03608	0.02245	0.61180	0.06607	0.03109	0.05483	0.01065	0.00811	0.00247	0.00646	0.00874	0.00964	0.01285
44	0.09043	0.39248	0.05847	0.01609	0.02196	0.26193	0.01440	0.02656	0.01815	0.02068	0.01159	0.01346	0.01004	0.00736	0.00590	0.00192	0.01046	0.00462	0.00377	0.00975
45	0.02188	0.01715	0.01840	0.01596	0.02061	0.01938	0.01250	0.13406	0.49031	0.07349	0.02979	0.02893	0.02250	0.04662	0.00968	0.00288	0.00676	0.00875	0.00799	0.01236
46	0.01135	0.00839	0.01223	0.01223	0.01347	0.00963	0.00927	0.01383	0.01259	0.01803	0.02171	0.03376	0.02096	0.14278	0.60813	0.01211	0.01953	0.00888	0.00432	0.00679
47	0.03014	0.02221	0.02380	0.01825	0.02459	0.02459	0.01507	0.64541	0.03728	0.04998	0.01904	0.01904	0.01349	0.00952	0.00793	0.00238	0.00873	0.00714	0.00793	0.01349
48	0.02751	0.03380	0.02199	0.06077	0.02584	0.56604	0.01538	0.03228	0.10093	0.02117	0.01485	0.01661	0.01197	0.00848	0.00731	0.00216	0.01308	0.00570	0.00455	0.00959
49	0.01963	0.01884	0.03219	0.04867	0.67185	0.01884	0.02434	0.02434	0.01806	0.02591	0.01492	0.01963	0.01256	0.00707	0.00785	0.00236	0.00942	0.00707	0.00393	0.01256
50	0.77733	0.01534	0.01166	0.01043	0.01534	0.01779	0.00859	0.02331	0.01350	0.03558	0.01104	0.01288	0.00859	0.00736	0.00491	0.00245	0.00613	0.00429	0.00491	0.00859
51	0.03523	0.01405	0.01874	0.01437	0.02052	0.01247	0.01187	0.07708	0.02362	0.63760	0.03051	0.02649	0.01924	0.00980	0.00797	0.00245	0.00687	0.00792	0.00970	0.01349
52	0.02038	0.01689	0.01795	0.01605	0.02060	0.01939	0.01251	0.04199	0.63140	0.05968	0.03223	0.02948	0.02402	0.01072	0.00806	0.00268	0.00630	0.00892	0.00814	0.01259
53	0.01843	0.01309	0.03975	0.01285	0.01660	0.01223	0.01051	0.12387	0.07497	0.12112	0.40118	0.04438	0.05093	0.01350	0.00877	0.00249	0.00546	0.01156	0.00849	0.00983
54	0.01478	0.00739	0.00739	0.00739	0.00924	0.00739	0.00554	0.01848	0.01663	0.02956	0.02587	0.02956	0.02033	0.00924	0.00554	0.00185	0.00370	0.00739	0.76534	0.00739
55	0.01737	0.01842	0.03414	0.05214	0.03148	0.02069	0.32079	0.02168	0.01562	0.02222	0.01503	0.04735	0.01324	0.01246	0.04394	0.00342	0.28779	0.00879	0.00392	0.00951
56	0.01912	0.07731	0.23947	0.02333	0.03166	0.02011	0.21225	0.09794	0.05134	0.02789	0.01586	0.01879	0.01195	0.00770	0.00856	0.00240	0.03799	0.00705	0.00446	0.08482
57	0.01478	0.00739	0.00739	0.00739	0.00924	0.00739	0.00554	0.01848	0.01663	0.02956	0.02587	0.02956	0.02033	0.00924	0.00554	0.00185	0.00370	0.00739	0.76534	0.00739
58	0.07648	0.15612	0.40719	0.01964	0.02913	0.01995	0.05408	0.02634	0.01719	0.10124	0.01552	0.01718	0.01118	0.00761	0.00705	0.00236	0.01023	0.00588	0.00427	0.01137
59	0.01953	0.02206	0.11053	0.02614	0.18529	0.07840	0.08334	0.07608	0.04304	0.02748	0.03655	0.02321	0.01580	0.00827	0.00767	0.00220	0.00933	0.03711	0.00485	0.18312
60	0.01979	0.53003	0.18138	0.01602	0.02346	0.02807	0.01728	0.02375	0.01600	0.02011	0.01169	0.01390	0.01016	0.00740	0.00695	0.00199	0.05343	0.00477	0.00339	0.01042
61	0.01934	0.01908	0.05900	0.03802	0.44071	0.01835	0.06042	0.06698	0.07770	0.02738	0.01835	0.04587	0.01578	0.04666	0.00979	0.00273	0.00918	0.00810	0.00472	0.01184
62	0.01133	0.00850	0.01274	0.01274	0.01416	0.00991	0.00991	0.01416	0.01274	0.01841	0.02124	0.03115	0.01982	0.05947	0.68989	0.01274	0.02124	0.00850	0.00425	0.00708
63	0.03273	0.01695	0.02040	0.01576	0.02189	0.01692	0.01298	0.26652	0.06043	0.40918	0.02674	0.02414	0.01756	0.00975	0.00796	0.00244	0.00747	0.00771	0.00902	0.01344
64	0.27355	0.06069	0.29116	0.01746	0.05341	0.01735	0.01811	0.02365	0.01655	0.05108	0.09105	0.02075	0.01768	0.00852	0.00677	0.00244	0.00845	0.00638	0.00476	0.01018
65	0.02054	0.01169	0.01408	0.01122	0.01637	0.00954	0.00896	0.02336	0.01921	0.25107	0.04407	0.04180	0.25244	0.01239	0.00787	0.00216	0.00550	0.01020	0.00745	0.23005
66	0.68103	0.01622	0.01322	0.01144	0.01653	0.01867	0.00942	0.10349	0.01656	0.03743	0.01207	0.01368	0.00922	0.00764	0.00530	0.00244	0.00647	0.00466	0.00530	0.00922
67	0.03014	0.02221	0.02380	0.01825	0.02459	0.02459	0.01507	0.64541	0.03728	0.04998	0.01904	0.01904	0.01349	0.00952	0.00793	0.00238	0.00873	0.00714	0.00793	0.01349
68	0.74913	0.01527	0.01191	0.01057	0.01552	0.01756	0.00870	0.02389	0.01385	0.05998	0.01181	0.01342	0.00901	0.00745	0.00502	0.00245	0.00616	0.00443	0.00509	0.00877
69	0.02606	0.02028	0.06021	0.01701	0.02297	0.02063	0.01444	0.34037	0.21166	0.11340	0.02646	0.02518	0.04401	0.01022	0.00801	0.00250	0.00778	0.00808	0.00789	0.01283
70	0.01478	0.00739	0.00739	0.00739	0.00924	0.00739	0.00554	0.01848	0.01663	0.02956	0.02587	0.02956	0.02033	0.00924	0.00554	0.00185	0.00370	0.00739	0.76534	0.00739
71	0.01850	0.02092	0.10770	0.04005	0.45532	0.01823	0.09186	0.02463	0.04958	0.02578	0.01755	0.06173	0.01518	0.00833	0.00813	0.00248	0.00968	0.00820	0.00428	0.01189
72	0.01705	0.04162	0.05707	0.01739	0.02449	0.01422	0.15270	0.02267	0.05566	0.02617	0.04559	0.02020	0.01532	0.00694	0.00700	0.00175	0.00786	0.00648	0.00482	0.45500
73	0.01498	0.01409	0.02378	0.70226	0.05462	0.01762	0.02202	0.02026	0.01586	0.02026	0.01409	0.02114	0.01057	0.00793	0.00793	0.00264	0.01057	0.00705	0.00352	0.00881
74	0.01691	0.01437	0.01669	0.01197	0.01899	0.01105	0.00959	0.04128	0.01715	0.02666	0.01426	0.01653	0.01180	0.00600	0.00594	0.00122	0.00597	0.00478	0.00481	0.74402
75	0.03045	0.01332	0.01759	0.01341	0.01950	0.01121	0.01098	0.03364	0.02144	0.51260	0.06215	0.02662	0.02103	0.00937	0.00763	0.00220	0.00641	0.00766	0.00874	0.16403
76	0.01478	0.00739	0.00739	0.00739	0.00924	0.00739	0.00554	0.01848	0.01663	0.02956	0.02587	0.02956	0.02033	0.00924	0.00554	0.00185	0.00370	0.00739	0.76534	0.00739
77	0.02088	0.01845	0.02060	0.02175	0.12955	0.05943	0.01465	0.03841	0.48952	0.05466	0.02814	0.02691	0.02126	0.00995	0.00797	0.00259	0.00730	0.00838	0.00720	0.01239
78	0.02376	0.06981	0.11890	0.01796	0.02346	0.16936	0.01601	0.08341	0.17197	0.10729	0.04560	0.02215	0.01747	0.00970	0.00911	0.00246	0.06723	0.00711	0.00603	0.01120
79	0.02787	0.02200	0.02272	0.04137	0.02481	0.07109	0.01489	0.50194	0.08435	0.04394	0.01955	0.02018	0.01431	0.01179	0.03956	0.00287	0.00957	0.00720	0.00735	0.01264
80	0.02120	0.72609	0.04155	0.01357	0.02035	0.03138	0.01357	0.02374	0.01611	0.01866	0.01102	0.01272	0.01018	0.00678	0.00509	0.00170	0.00848	0.00424	0.00339	0.01018
81	0.01133	0.00850	0.01274	0.01274	0.01416	0.00991	0.00991	0.01416	0.01274	0.01841	0.02124	0.03115	0.01982	0.05947	0.68989	0.01274	0.02124	0.00850	0.00425	0.00708
82	0.01153	0.00769	0.00865	0.00865	0.00865	0.00769	0.00480	0.01153	0.01153	0.01538	0.02499	0.05189	0.02883	0.72131	0.04036	0.00769	0.00769	0.01153	0.00480	0.00480
83	0.01133	0.00850	0.01274	0.01274	0.01416	0.00991	0.00991	0.01416	0.01274	0.01841	0.02124	0.03115	0.01982	0.05947	0.68989	0.01274	0.02124	0.00850	0.00425	0.00708
84	0.01972	0.01703	0.01793	0.01614	0.02062	0.01972	0.01255	0.04214	0.65752	0.03317	0.03228	0.02959	0.02421	0.01076	0.00807	0.00269	0.00628	0.00897	0.00807	0.01255
85	0.01724	0.01720	0.02427	0.05246	0.02239	0.02398	0.01757	0.01914	0.01232	0.01914	0.01058	0.01753	0.01042	0.01360	0.02518	0.00343	0.67447	0.00694	0.00347	0.00868
86	0.01891	0.01611	0.01733	0.01596	0.02013	0.01848	0.01258	0.03912	0.58257	0.03207	0.03341	0.03660	0.02672	0.01207	0.00841	0.00280	0.00640	0.08043	0.00798	0.01194
87	0.01644	0.01409	0.01644	0.01175	0.01879	0.01057	0.00940	0.01997	0.01644	0.02584	0.01409	0.01644	0.01175	0.00587	0.00587	0.00117	0.00587	0.00470	0.00470	0.76979
88	0.01478	0.00739	0.00739	0.00739	0.00924	0.00739	0.00554	0.01848	0.01663	0.02956	0.02587	0.02956	0.02033	0.00924	0.00554	0.00185	0.00370	0.00739	0.76534	0.00739
89	0.02120	0.72609	0.04155	0.01357	0.02035	0.03138	0.01357	0.02374	0.01611	0.01866	0.01102	0.01272	0.01018	0.00678	0.00509	0.00170	0.00848	0.00424	0.00339	0.01018
90	0.03021	0.02100	0.02291	0.01769	0.02391	0.02293	0.01457	0.54839	0.06721	0.11773	0.02105	0.02044	0.01470	0.00961	0.00794	0.00240	0.00839	0.00732	0.00815	0.01344
91	0.05300	0.03103	0.30009	0.04800	0.07382	0.12492	0.02163	0.12187	0.04292	0.05331	0.01567	0.01778	0.01161	0.00841	0.00835	0.00246	0.04283	0.00624	0.00470	0.01137
92	0.69477	0.01517	0.01272	0.05209	0.01793	0.01747	0.00955	0.02389	0.01409	0.06655	0.01223	0.01408	0.00926	0.00752	0.00524	0.00247	0.00643	0.00464	0.00507	0.00884
93	0.01891	0.01912	0.03596	0.04148	0.41956	0.01867	0.23269	0.02422	0.01829	0.02561	0.01692	0.02441	0.01437	0.00783	0.00855	0.00254	0.01063	0.04449	0.00416	0.01162
