[name]
unknown

[dist]
# distance from previous block
# <min> <max>
0	18

[block]
# block no. 0 follows, 23 sequences, length 95
# corresponding to MSA columns:
# 18-112
name=unknown_A
#
# <colnr> <probs for GDERKNQSTAVLIFYWHMCP>
#	G	D	E	R	K	N	Q	S	T	A	V	L	I	F	Y	W	H	M	C	P
0	0.01308	0.00934	0.01308	0.01494	0.01681	0.00934	0.01308	0.01681	0.01868	0.02428	0.04296	0.09153	0.04670	0.02242	0.01121	0.00374	0.00747	0.60960	0.00747	0.00747
1	0.02450	0.02861	0.35440	0.01910	0.02814	0.01628	0.02128	0.03278	0.08095	0.27748	0.02315	0.02249	0.01551	0.00894	0.00794	0.00256	0.00947	0.00715	0.00647	0.01278
2	0.01125	0.00811	0.01063	0.01037	0.01207	0.00750	0.00764	0.01471	0.02186	0.03078	0.56817	0.15740	0.07315	0.01791	0.00969	0.00266	0.00396	0.01593	0.00872	0.00750
3	0.01627	0.04197	0.67279	0.02313	0.03512	0.01884	0.02998	0.02570	0.01713	0.02570	0.01456	0.01713	0.01028	0.00771	0.00771	0.00257	0.01199	0.00600	0.00343	0.01199
4	0.02191	0.02226	0.09110	0.02630	0.14412	0.05818	0.12323	0.18836	0.07351	0.03295	0.04411	0.02321	0.01688	0.01230	0.05355	0.00320	0.01077	0.00797	0.03438	0.01171
5	0.01179	0.00790	0.00901	0.00901	0.00906	0.00795	0.00511	0.01190	0.01185	0.01585	0.02542	0.05230	0.02915	0.69005	0.06560	0.00806	0.00839	0.01168	0.00490	0.00500
6	0.01148	0.00829	0.01085	0.01021	0.01212	0.00766	0.00766	0.01531	0.02297	0.03254	0.65994	0.06061	0.07656	0.01659	0.00957	0.00255	0.00383	0.01467	0.00893	0.00766
7	0.02829	0.02134	0.02326	0.01834	0.02404	0.02396	0.01502	0.52345	0.08836	0.04652	0.02114	0.04822	0.01617	0.01075	0.00934	0.00256	0.05018	0.00809	0.00783	0.01313
8	0.01962	0.01886	0.03211	0.10661	0.56136	0.01925	0.04586	0.02528	0.04330	0.02626	0.01593	0.02069	0.01312	0.00745	0.00810	0.00246	0.00976	0.00739	0.00415	0.01244
9	0.02143	0.01805	0.01905	0.01677	0.02158	0.02077	0.01315	0.11274	0.57790	0.03596	0.03144	0.02901	0.02348	0.01086	0.00824	0.00272	0.00672	0.00895	0.00824	0.01296
10	0.00989	0.00706	0.00942	0.01130	0.01177	0.00659	0.00753	0.01130	0.01554	0.02071	0.04472	0.70954	0.05367	0.02542	0.01036	0.00330	0.00471	0.02307	0.00753	0.00659
11	0.01653	0.07439	0.64264	0.02269	0.03444	0.01948	0.02921	0.02563	0.01710	0.02538	0.01440	0.01693	0.01029	0.00767	0.00759	0.00253	0.01183	0.00592	0.00343	0.01192
12	0.00989	0.00706	0.00942	0.01130	0.01177	0.00659	0.00753	0.01130	0.01554	0.02071	0.04472	0.70954	0.05367	0.02542	0.01036	0.00330	0.00471	0.02307	0.00753	0.00659
13	0.00989	0.00706	0.00942	0.01130	0.01177	0.00659	0.00753	0.01130	0.01554	0.02071	0.04472	0.70954	0.05367	0.02542	0.01036	0.00330	0.00471	0.02307	0.00753	0.00659
14	0.01865	0.02091	0.04480	0.12065	0.04417	0.02019	0.55470	0.02530	0.01877	0.02530	0.01616	0.02185	0.01212	0.00701	0.00938	0.00273	0.01331	0.00927	0.00404	0.01069
15	0.01655	0.06964	0.57975	0.06825	0.03613	0.01944	0.04946	0.02531	0.01711	0.02508	0.01447	0.01741	0.01039	0.00767	0.00769	0.00255	0.01182	0.00613	0.00346	0.01169
16	0.01627	0.04197	0.67279	0.02313	0.03512	0.01884	0.02998	0.02570	0.01713	0.02570	0.01456	0.01713	0.01028	0.00771	0.00771	0.00257	0.01199	0.00600	0.00343	0.01199
17	0.01532	0.01442	0.02434	0.69533	0.05589	0.01803	0.02253	0.02073	0.01622	0.02073	0.01442	0.02163	0.01082	0.00811	0.00811	0.00270	0.01082	0.00721	0.00361	0.00901
18	0.05700	0.03940	0.60450	0.02383	0.06638	0.01883	0.02858	0.02556	0.01702	0.02631	0.01442	0.01707	0.01033	0.00768	0.00758	0.00256	0.01156	0.00597	0.00354	0.01186
19	0.03641	0.01381	0.01883	0.01444	0.02071	0.01193	0.01193	0.03954	0.02322	0.66984	0.03201	0.02762	0.02009	0.01004	0.00816	0.00251	0.00690	0.00816	0.01004	0.01381
20	0.01627	0.04197	0.67279	0.02313	0.03512	0.01884	0.02998	0.02570	0.01713	0.02570	0.01456	0.01713	0.01028	0.00771	0.00771	0.00257	0.01199	0.00600	0.00343	0.01199
21	0.00975	0.00808	0.00854	0.00873	0.01114	0.00687	0.00643	0.01185	0.01843	0.02249	0.11644	0.15384	0.54769	0.02088	0.00968	0.00280	0.00416	0.01768	0.00763	0.00687
22	0.01962	0.05871	0.45165	0.02367	0.03405	0.01871	0.13666	0.02751	0.01827	0.10974	0.01706	0.01922	0.01193	0.00783	0.00802	0.00256	0.01152	0.00687	0.00442	0.01198
23	0.01627	0.04197	0.67279	0.02313	0.03512	0.01884	0.02998	0.02570	0.01713	0.02570	0.01456	0.01713	0.01028	0.00771	0.00771	0.00257	0.01199	0.00600	0.00343	0.01199
24	0.02057	0.01824	0.01853	0.01668	0.02125	0.04549	0.01295	0.04271	0.62561	0.03341	0.03224	0.02968	0.02422	0.01091	0.00822	0.00273	0.00674	0.00902	0.00810	0.01271
25	0.01597	0.01521	0.02610	0.60272	0.12026	0.01825	0.04481	0.02137	0.01657	0.02154	0.01458	0.02148	0.01109	0.00797	0.00816	0.00267	0.01079	0.00730	0.00367	0.00949
26	0.01766	0.01066	0.01283	0.01204	0.01508	0.01010	0.00905	0.05988	0.07067	0.16232	0.06962	0.28436	0.19625	0.01847	0.00936	0.00286	0.00540	0.01599	0.00821	0.00919
27	0.01338	0.00705	0.01037	0.01069	0.01077	0.00697	0.00713	0.01069	0.01142	0.01522	0.01931	0.14130	0.02083	0.02772	0.02808	0.63438	0.00665	0.00978	0.00421	0.00405
28	0.01905	0.02151	0.04641	0.05924	0.06806	0.02038	0.58748	0.02575	0.01902	0.02582	0.01630	0.02181	0.01228	0.00690	0.00946	0.00272	0.01341	0.00939	0.00408	0.01095
29	0.01701	0.03726	0.53291	0.02718	0.10069	0.01909	0.10113	0.02565	0.01751	0.02582	0.01485	0.01800	0.01078	0.00756	0.00796	0.00257	0.01195	0.00655	0.00357	0.01196
30	0.03039	0.03630	0.02320	0.02057	0.02510	0.58428	0.01564	0.12257	0.02525	0.02452	0.01358	0.01536	0.01095	0.00857	0.00744	0.00214	0.01378	0.00554	0.00477	0.01006
31	0.01292	0.00907	0.01068	0.01022	0.01273	0.00822	0.00766	0.04248	0.02072	0.06779	0.26428	0.16377	0.30163	0.01882	0.00955	0.00273	0.00450	0.01621	0.00819	0.00783
32	0.02935	0.02184	0.02355	0.01796	0.02453	0.02363	0.01480	0.57134	0.03587	0.04850	0.01894	0.01920	0.01361	0.00934	0.00789	0.00230	0.00862	0.00704	0.00776	0.09391
33	0.01040	0.00761	0.00996	0.01135	0.01232	0.00690	0.00769	0.01197	0.01563	0.02114	0.04248	0.65837	0.05059	0.02399	0.01004	0.00314	0.00480	0.02172	0.00733	0.06257
34	0.02008	0.01928	0.03294	0.04981	0.66422	0.01928	0.02490	0.02490	0.01848	0.02651	0.01526	0.02008	0.01285	0.00723	0.00803	0.00241	0.00964	0.00723	0.00402	0.01285
35	0.02272	0.50418	0.03777	0.01668	0.02285	0.13664	0.05168	0.02646	0.04872	0.02038	0.01284	0.01485	0.01125	0.00765	0.00681	0.00198	0.03718	0.00515	0.00386	0.01034
36	0.00989	0.00706	0.00942	0.01130	0.01177	0.00659	0.00753	0.01130	0.01554	0.02071	0.04472	0.70954	0.05367	0.02542	0.01036	0.00330	0.00471	0.02307	0.00753	0.00659
37	0.01904	0.02268	0.07264	0.03376	0.04212	0.02045	0.61079	0.02598	0.01907	0.02598	0.01634	0.02170	0.01223	0.00687	0.00950	0.00273	0.01361	0.00943	0.00408	0.01099
38	0.02572	0.02636	0.02763	0.06524	0.02911	0.23454	0.11184	0.20801	0.02473	0.03009	0.01501	0.01815	0.01179	0.00948	0.01114	0.00257	0.12561	0.00695	0.00520	0.01083
39	0.02009	0.01917	0.03206	0.04780	0.62547	0.01933	0.02418	0.02600	0.05650	0.02696	0.01633	0.02070	0.01357	0.00746	0.00805	0.00243	0.00945	0.00735	0.00427	0.01285
40	0.77215	0.01569	0.01193	0.01067	0.01569	0.01820	0.00879	0.02385	0.01381	0.03641	0.01130	0.01318	0.00879	0.00753	0.00502	0.00251	0.00628	0.00439	0.00502	0.00879
41	0.01140	0.00829	0.01073	0.01012	0.01207	0.00762	0.00759	0.01515	0.02277	0.03207	0.63419	0.06139	0.10261	0.01677	0.00957	0.00256	0.00384	0.01478	0.00887	0.00762
42	0.01513	0.00756	0.00756	0.00756	0.00945	0.00756	0.00567	0.01891	0.01702	0.03025	0.02647	0.03025	0.02080	0.00945	0.00567	0.00189	0.00378	0.00756	0.75988	0.00756
43	0.00989	0.00706	0.00942	0.01130	0.01177	0.00659	0.00753	0.01130	0.01554	0.02071	0.04472	0.70954	0.05367	0.02542	0.01036	0.00330	0.00471	0.02307	0.00753	0.00659
44	0.01007	0.00719	0.00963	0.01151	0.01206	0.00675	0.00786	0.01162	0.01572	0.02092	0.04462	0.67354	0.05326	0.02525	0.01041	0.00332	0.00487	0.05723	0.00753	0.00664
45	0.02008	0.01928	0.03294	0.04981	0.66422	0.01928	0.02490	0.02490	0.01848	0.02651	0.01526	0.02008	0.01285	0.00723	0.00803	0.00241	0.00964	0.00723	0.00402	0.01285
46	0.00989	0.00706	0.00942	0.01130	0.01177	0.00659	0.00753	0.01130	0.01554	0.02071	0.04472	0.70954	0.05367	0.02542	0.01036	0.00330	0.00471	0.02307	0.00753	0.00659
47	0.01894	0.02125	0.04433	0.03221	0.03916	0.02119	0.53966	0.02500	0.01812	0.02500	0.01553	0.02125	0.01206	0.00797	0.01220	0.00286	0.11945	0.00919	0.00402	0.01063
48	0.01008	0.00824	0.00890	0.00874	0.01126	0.00706	0.00655	0.01260	0.01966	0.02469	0.23283	0.07353	0.50856	0.01952	0.00958	0.00269	0.00404	0.01649	0.00790	0.00706
49	0.60070	0.01551	0.01321	0.01158	0.01652	0.01757	0.00945	0.04907	0.05860	0.07684	0.05347	0.01835	0.01485	0.00856	0.00583	0.00253	0.00628	0.00569	0.00591	0.00950
50	0.03085	0.02273	0.02435	0.01867	0.02516	0.02516	0.01542	0.63716	0.03815	0.05114	0.01948	0.01948	0.01380	0.00974	0.00812	0.00244	0.00893	0.00731	0.00812	0.01380
51	0.01878	0.02451	0.12959	0.03275	0.04145	0.02030	0.55567	0.02595	0.01889	0.02595	0.01617	0.02127	0.01205	0.00695	0.00933	0.00271	0.01346	0.00911	0.00402	0.01108
52	0.02244	0.01775	0.02239	0.23715	0.03289	0.02047	0.01661	0.31648	0.02663	0.03564	0.05637	0.02509	0.01761	0.06311	0.01179	0.00300	0.04940	0.00805	0.00619	0.01092
53	0.02018	0.01743	0.01835	0.01651	0.02110	0.02018	0.01284	0.04312	0.64956	0.03394	0.03303	0.03027	0.02477	0.01101	0.00826	0.00275	0.00642	0.00917	0.00826	0.01284
54	0.67522	0.01661	0.01355	0.01172	0.01693	0.01911	0.00966	0.10404	0.01699	0.03833	0.01237	0.01401	0.00944	0.00782	0.00543	0.00250	0.00662	0.00477	0.00543	0.00944
55	0.01056	0.00755	0.01019	0.01207	0.01284	0.00717	0.00871	0.01247	0.01620	0.02147	0.04435	0.57825	0.05219	0.02478	0.01054	0.00339	0.00529	0.14767	0.00752	0.00678
56	0.01254	0.01009	0.01486	0.01431	0.01554	0.01241	0.01132	0.01527	0.01295	0.01894	0.02003	0.02970	0.01880	0.05366	0.58151	0.01158	0.12632	0.00845	0.00422	0.00750
57	0.77215	0.01569	0.01193	0.01067	0.01569	0.01820	0.00879	0.02385	0.01381	0.03641	0.01130	0.01318	0.00879	0.00753	0.00502	0.00251	0.00628	0.00439	0.00502	0.00879
58	0.01532	0.01442	0.02434	0.69533	0.05589	0.01803	0.02253	0.02073	0.01622	0.02073	0.01442	0.02163	0.01082	0.00811	0.00811	0.00270	0.01082	0.00721	0.00361	0.00901
59	0.01769	0.01463	0.01648	0.01537	0.01852	0.01663	0.01172	0.08251	0.35416	0.03028	0.03405	0.24286	0.03200	0.01566	0.01014	0.00295	0.05269	0.01326	0.00770	0.01069
60	0.01080	0.00777	0.01023	0.01068	0.01197	0.00720	0.00760	0.01359	0.01978	0.02746	0.39596	0.33906	0.06674	0.02038	0.00991	0.00287	0.00421	0.01828	0.00833	0.00720
61	0.01091	0.00806	0.01019	0.01010	0.01188	0.00734	0.00741	0.01403	0.02095	0.02879	0.46110	0.17995	0.16169	0.01878	0.00971	0.00271	0.00403	0.01656	0.00847	0.00734
62	0.01456	0.01081	0.01400	0.01216	0.01535	0.01016	0.04598	0.07986	0.02263	0.06301	0.31886	0.08252	0.24532	0.01654	0.00938	0.00264	0.00523	0.01436	0.00812	0.00851
63	0.01081	0.00745	0.00914	0.01012	0.01036	0.00720	0.00627	0.01154	0.01374	0.01832	0.03550	0.39365	0.04204	0.35718	0.02525	0.00550	0.00623	0.01765	0.00627	0.00579
64	0.01627	0.04197	0.67279	0.02313	0.03512	0.01884	0.02998	0.02570	0.01713	0.02570	0.01456	0.01713	0.01028	0.00771	0.00771	0.00257	0.01199	0.00600	0.00343	0.01199
65	0.01683	0.01442	0.01683	0.01202	0.01923	0.01082	0.00961	0.02043	0.01683	0.02644	0.01442	0.01683	0.01202	0.00601	0.00601	0.00120	0.00601	0.00481	0.00481	0.76444
66	0.01532	0.01442	0.02434	0.69533	0.05589	0.01803	0.02253	0.02073	0.01622	0.02073	0.01442	0.02163	0.01082	0.00811	0.00811	0.00270	0.01082	0.00721	0.00361	0.00901
67	0.01986	0.01905	0.03252	0.08069	0.63511	0.01922	0.02479	0.02470	0.01837	0.02623	0.01522	0.02016	0.01276	0.00727	0.00804	0.00242	0.00970	0.00723	0.00400	0.01267
68	0.01972	0.01752	0.02319	0.06023	0.02314	0.02284	0.01655	0.13901	0.01793	0.02632	0.01400	0.01968	0.01229	0.01477	0.04995	0.00361	0.45379	0.00725	0.04852	0.00969
69	0.01161	0.00799	0.01014	0.01100	0.01252	0.00728	0.00796	0.01376	0.01776	0.05477	0.13199	0.41000	0.17753	0.02226	0.01006	0.00308	0.00482	0.07041	0.00783	0.00721
70	0.63942	0.01658	0.01337	0.01167	0.01681	0.05008	0.00954	0.02632	0.01549	0.11842	0.01407	0.01514	0.01035	0.00790	0.00554	0.00249	0.00677	0.00493	0.00564	0.00947
71	0.06469	0.01038	0.01168	0.01048	0.01273	0.01000	0.00723	0.05432	0.01668	0.02443	0.14141	0.08232	0.03456	0.34338	0.02362	0.00488	0.00661	0.01113	0.00601	0.12347
72	0.02853	0.02033	0.02225	0.01741	0.02340	0.02196	0.01420	0.49591	0.05773	0.08850	0.02247	0.07184	0.01753	0.01079	0.00818	0.00245	0.00823	0.00848	0.00804	0.05177
73	0.02092	0.01592	0.01765	0.01478	0.01910	0.01716	0.01174	0.27086	0.15391	0.03979	0.24953	0.03885	0.06893	0.01291	0.00872	0.00255	0.00641	0.01073	0.00840	0.01112
74	0.00989	0.00706	0.00942	0.01130	0.01177	0.00659	0.00753	0.01130	0.01554	0.02071	0.04472	0.70954	0.05367	0.02542	0.01036	0.00330	0.00471	0.02307	0.00753	0.00659
75	0.01683	0.01442	0.01683	0.01202	0.01923	0.01082	0.00961	0.02043	0.01683	0.02644	0.01442	0.01683	0.01202	0.00601	0.00601	0.00120	0.00601	0.00481	0.00481	0.76444
76	0.03085	0.02273	0.02435	0.01867	0.02516	0.02516	0.01542	0.63716	0.03815	0.05114	0.01948	0.01948	0.01380	0.00974	0.00812	0.00244	0.00893	0.00731	0.00812	0.01380
77	0.02964	0.03755	0.02309	0.02093	0.02488	0.64701	0.01579	0.03171	0.02243	0.01984	0.01244	0.01480	0.01046	0.00867	0.00835	0.00217	0.05138	0.00533	0.00415	0.00938
78	0.06934	0.02641	0.02268	0.01866	0.02422	0.21411	0.01488	0.36848	0.09533	0.03954	0.01843	0.01885	0.01369	0.00935	0.00773	0.00237	0.01018	0.00674	0.00683	0.01216
79	0.01180	0.00787	0.00885	0.00885	0.00885	0.00787	0.00492	0.01180	0.01180	0.01573	0.02557	0.05310	0.02950	0.71483	0.04130	0.00787	0.00787	0.01180	0.00492	0.00492
80	0.68036	0.01656	0.01346	0.01166	0.01686	0.01906	0.00961	0.09980	0.01682	0.03823	0.01231	0.01396	0.00941	0.00781	0.00540	0.00250	0.00661	0.00475	0.00540	0.00941
81	0.01683	0.01442	0.01683	0.01202	0.01923	0.01082	0.00961	0.02043	0.01683	0.02644	0.01442	0.01683	0.01202	0.00601	0.00601	0.00120	0.00601	0.00481	0.00481	0.76444
82	0.77215	0.01569	0.01193	0.01067	0.01569	0.01820	0.00879	0.02385	0.01381	0.03641	0.01130	0.01318	0.00879	0.00753	0.00502	0.00251	0.00628	0.00439	0.00502	0.00879
83	0.02169	0.71972	0.04252	0.01388	0.02083	0.03211	0.01388	0.02430	0.01649	0.01909	0.01128	0.01302	0.01041	0.00694	0.00521	0.00174	0.00868	0.00434	0.00347	0.01041
84	0.00959	0.00822	0.00822	0.00822	0.01096	0.00685	0.00617	0.01165	0.01850	0.02192	0.08220	0.07809	0.66092	0.02055	0.00959	0.00274	0.00411	0.01713	0.00754	0.00685
85	0.01137	0.00829	0.01069	0.01009	0.01205	0.00761	0.00757	0.01510	0.02271	0.03192	0.62629	0.06163	0.11060	0.01682	0.00957	0.00256	0.00384	0.01482	0.00885	0.00761
86	0.77215	0.01569	0.01193	0.01067	0.01569	0.01820	0.00879	0.02385	0.01381	0.03641	0.01130	0.01318	0.00879	0.00753	0.00502	0.00251	0.00628	0.00439	0.00502	0.00879
87	0.01016	0.00732	0.00963	0.01100	0.01180	0.00679	0.00751	0.01203	0.01696	0.02287	0.15588	0.57195	0.07861	0.02368	0.01019	0.00314	0.00453	0.02136	0.00778	0.00679
88	0.01160	0.00865	0.01283	0.01283	0.01420	0.01003	0.00987	0.01435	0.01298	0.01868	0.02193	0.03297	0.02076	0.09443	0.64975	0.01277	0.02102	0.00885	0.00438	0.00713
89	0.02170	0.57318	0.10782	0.01606	0.02358	0.02905	0.05164	0.02529	0.01704	0.05223	0.01294	0.01468	0.01099	0.00717	0.00587	0.00192	0.00923	0.00501	0.00383	0.01078
90	0.06859	0.01715	0.01865	0.01559	0.02080	0.01839	0.01238	0.19197	0.26809	0.09778	0.02707	0.08305	0.02159	0.01107	0.00795	0.00251	0.00692	0.00902	0.00776	0.09367
91	0.19980	0.08406	0.18525	0.01670	0.02418	0.02006	0.01671	0.16276	0.04323	0.14644	0.01828	0.01865	0.01292	0.00857	0.00705	0.00245	0.00862	0.00625	0.00616	0.01185
92	0.69099	0.01717	0.04108	0.01276	0.01827	0.01838	0.05169	0.02407	0.01430	0.03527	0.01177	0.01393	0.00908	0.00749	0.00544	0.00253	0.00701	0.00481	0.00490	0.00906
93	0.06062	0.00893	0.01022	0.00934	0.01184	0.00891	0.04253	0.01916	0.01704	0.02984	0.02851	0.03178	0.06028	0.00989	0.00611	0.00203	0.00453	0.00810	0.62255	0.00779
94	0.07326	0.02028	0.02280	0.02010	0.07837	0.02217	0.01507	0.39063	0.13873	0.10199	0.02210	0.02176	0.01588	0.00964	0.00795	0.00250	0.00821	0.00752	0.00778	0.01325

[dist]
# distance from previous block
# <min> <max>
0	5

[block]
# block no. 1 follows, 23 sequences, length 24
# corresponding to MSA columns:
# 118-141
name=unknown_B
#
# <colnr> <probs for GDERKNQSTAVLIFYWHMCP>
#	G	D	E	R	K	N	Q	S	T	A	V	L	I	F	Y	W	H	M	C	P
0	0.02611	0.01525	0.02344	0.01800	0.02400	0.01398	0.13640	0.03231	0.09522	0.32632	0.05590	0.07053	0.02286	0.01035	0.00843	0.00250	0.00783	0.00944	0.00787	0.09327
1	0.06580	0.06326	0.02080	0.01489	0.02119	0.01729	0.01229	0.16796	0.09832	0.24323	0.02314	0.02210	0.01629	0.00889	0.00735	0.00219	0.00720	0.00693	0.00759	0.17331
2	0.03011	0.02396	0.02384	0.01875	0.02490	0.08952	0.01528	0.53980	0.07561	0.04696	0.01966	0.01969	0.01417	0.00969	0.00805	0.00242	0.00933	0.00722	0.00774	0.01331
3	0.01888	0.02135	0.04619	0.08161	0.04337	0.02034	0.59085	0.02561	0.01894	0.02561	0.01627	0.02187	0.01220	0.00693	0.00947	0.00273	0.01347	0.00941	0.00407	0.01081
4	0.01001	0.00777	0.00912	0.00976	0.01147	0.00688	0.00695	0.01210	0.01805	0.02316	0.16071	0.32443	0.32694	0.02183	0.00989	0.00293	0.00430	0.01907	0.00776	0.00688
5	0.21169	0.01241	0.01260	0.01084	0.01485	0.01294	0.00869	0.08909	0.01963	0.15732	0.02298	0.02431	0.01690	0.00911	0.00624	0.00222	0.00555	0.00685	0.34604	0.00973
6	0.02322	0.01894	0.02006	0.01713	0.02226	0.02160	0.01358	0.21242	0.47531	0.03884	0.02917	0.02720	0.02164	0.01065	0.00822	0.00266	0.00714	0.00864	0.00822	0.01312
7	0.77215	0.01569	0.01193	0.01067	0.01569	0.01820	0.00879	0.02385	0.01381	0.03641	0.01130	0.01318	0.00879	0.00753	0.00502	0.00251	0.00628	0.00439	0.00502	0.00879
8	0.01056	0.00826	0.00957	0.00924	0.01156	0.00726	0.00693	0.01352	0.02079	0.02736	0.37823	0.06913	0.36150	0.01852	0.00958	0.00264	0.00397	0.01587	0.00825	0.00726
9	0.01148	0.00829	0.01085	0.01021	0.01212	0.00766	0.00766	0.01531	0.02297	0.03254	0.65994	0.06061	0.07656	0.01659	0.00957	0.00255	0.00383	0.01467	0.00893	0.00766
10	0.02018	0.01743	0.01835	0.01651	0.02110	0.02018	0.01284	0.04312	0.64956	0.03394	0.03303	0.03027	0.02477	0.01101	0.00826	0.00275	0.00642	0.00917	0.00826	0.01284
11	0.01580	0.01500	0.02481	0.59559	0.08183	0.01878	0.02216	0.02081	0.01595	0.02089	0.01408	0.02116	0.01090	0.00869	0.00999	0.00278	0.08078	0.00720	0.00362	0.00919
12	0.01500	0.00912	0.01169	0.01057	0.01326	0.00819	0.00810	0.01847	0.02239	0.12756	0.48508	0.05803	0.14871	0.01614	0.00936	0.00257	0.00433	0.01403	0.00891	0.00848
13	0.08905	0.01969	0.02087	0.01696	0.02267	0.02193	0.01374	0.34017	0.24430	0.08840	0.02434	0.02324	0.01759	0.01001	0.00791	0.00256	0.00771	0.00776	0.00805	0.01306
14	0.01915	0.02189	0.04788	0.03420	0.04241	0.02052	0.63475	0.02599	0.01915	0.02599	0.01642	0.02189	0.01231	0.00684	0.00958	0.00274	0.01368	0.00958	0.00410	0.01094
15	0.03156	0.01583	0.01943	0.01537	0.02121	0.01557	0.01253	0.15611	0.12190	0.41861	0.06183	0.02812	0.02246	0.01047	0.00824	0.00253	0.00707	0.00848	0.00934	0.01334
16	0.03206	0.02078	0.02314	0.01774	0.02419	0.02227	0.01466	0.50649	0.03489	0.18642	0.02222	0.02126	0.01517	0.00981	0.00813	0.00245	0.00849	0.00749	0.00854	0.01380
17	0.01048	0.00810	0.00955	0.00952	0.01159	0.00717	0.00702	0.01324	0.02009	0.02650	0.33505	0.15579	0.31781	0.01944	0.00969	0.00273	0.00407	0.01684	0.00816	0.00717
18	0.02769	0.02122	0.02209	0.01785	0.02363	0.04969	0.01443	0.39115	0.23305	0.07605	0.02419	0.02317	0.01751	0.01011	0.00813	0.00253	0.00825	0.00786	0.00810	0.01331
19	0.01148	0.00829	0.01085	0.01021	0.01212	0.00766	0.00766	0.01531	0.02297	0.03254	0.65994	0.06061	0.07656	0.01659	0.00957	0.00255	0.00383	0.01467	0.00893	0.00766
20	0.03641	0.01381	0.01883	0.01444	0.02071	0.01193	0.01193	0.03954	0.02322	0.66984	0.03201	0.02762	0.02009	0.01004	0.00816	0.00251	0.00690	0.00816	0.01004	0.01381
21	0.01194	0.00789	0.00873	0.00871	0.00925	0.00773	0.00523	0.01270	0.01346	0.01858	0.05715	0.05332	0.09035	0.54427	0.03315	0.00652	0.00690	0.01197	0.08668	0.00550
22	0.02087	0.61648	0.13852	0.01529	0.02300	0.03009	0.01634	0.02451	0.01659	0.02010	0.01178	0.01364	0.01039	0.00706	0.00559	0.00186	0.00918	0.00459	0.00346	0.01065
23	0.02024	0.56484	0.15410	0.01537	0.02298	0.02858	0.01648	0.02413	0.01691	0.02091	0.04223	0.01598	0.01349	0.00753	0.00586	0.00192	0.00905	0.00512	0.00372	0.01057

[dist]
# distance from previous block
# <min> <max>
0	3

[block]
# block no. 2 follows, 23 sequences, length 7
# corresponding to MSA columns:
# 145-151
name=unknown_C
#
# <colnr> <probs for GDERKNQSTAVLIFYWHMCP>
#	G	D	E	R	K	N	Q	S	T	A	V	L	I	F	Y	W	H	M	C	P
0	0.46472	0.11528	0.12011	0.05350	0.02232	0.02059	0.01397	0.06080	0.01629	0.03237	0.01248	0.01464	0.00966	0.00765	0.00583	0.00242	0.00791	0.00497	0.00467	0.00982
1	0.07670	0.00988	0.01211	0.01199	0.01424	0.00975	0.00884	0.01890	0.04337	0.12949	0.09282	0.38018	0.09569	0.01930	0.00995	0.00298	0.03092	0.01675	0.00774	0.00840
2	0.17446	0.02252	0.01942	0.01616	0.02125	0.15854	0.01291	0.29653	0.02760	0.03819	0.07251	0.02452	0.06106	0.01030	0.00755	0.00241	0.00886	0.00756	0.00671	0.01092
3	0.01199	0.00848	0.01010	0.01052	0.01140	0.00831	0.00690	0.05005	0.01605	0.02134	0.07153	0.33084	0.08412	0.29509	0.02231	0.00496	0.00612	0.01681	0.00661	0.00645
4	0.02136	0.50776	0.17663	0.01656	0.02432	0.09198	0.01753	0.02538	0.01725	0.02059	0.01211	0.01406	0.01039	0.00724	0.00595	0.00195	0.00997	0.00478	0.00353	0.01066
5	0.11411	0.07470	0.02108	0.10178	0.02529	0.04857	0.01373	0.10431	0.24208	0.06943	0.02188	0.02227	0.01644	0.00908	0.00732	0.00240	0.00779	0.00707	0.00646	0.08421
6	0.02223	0.50199	0.13933	0.01649	0.02378	0.13523	0.01673	0.02583	0.01764	0.02026	0.01201	0.01393	0.01040	0.00729	0.00594	0.00193	0.01017	0.00475	0.00358	0.01050

[dist]
# distance from previous block
# <min> <max>
0	1

[block]
# block no. 3 follows, 23 sequences, length 46
# corresponding to MSA columns:
# 153-198
name=unknown_D
#
# <colnr> <probs for GDERKNQSTAVLIFYWHMCP>
#	G	D	E	R	K	N	Q	S	T	A	V	L	I	F	Y	W	H	M	C	P
0	0.01026	0.00767	0.01099	0.01223	0.01302	0.00716	0.03314	0.01190	0.01568	0.02093	0.04357	0.68146	0.05198	0.02466	0.01032	0.00327	0.00507	0.02252	0.00739	0.00677
1	0.01187	0.00897	0.01305	0.01291	0.01414	0.01049	0.00987	0.01439	0.01288	0.01852	0.02171	0.03367	0.02092	0.13197	0.58438	0.01208	0.04779	0.00898	0.00438	0.00705
2	0.02894	0.03635	0.02214	0.02015	0.02429	0.62140	0.01514	0.03204	0.05315	0.02063	0.01650	0.01809	0.03887	0.00901	0.00746	0.00215	0.01379	0.00592	0.00452	0.00946
3	0.00983	0.00729	0.00917	0.01068	0.01161	0.00664	0.00726	0.01137	0.01613	0.02096	0.05227	0.58240	0.17593	0.02444	0.01020	0.00318	0.00459	0.02187	0.00753	0.00664
4	0.01080	0.00771	0.01046	0.01234	0.01322	0.00738	0.00912	0.01288	0.01644	0.02174	0.04422	0.53232	0.05167	0.02456	0.01060	0.00342	0.00550	0.19125	0.00751	0.00684
5	0.01985	0.01904	0.03251	0.08148	0.63437	0.01922	0.02479	0.02470	0.01837	0.02623	0.01522	0.02016	0.01275	0.00727	0.00804	0.00242	0.00970	0.00723	0.00400	0.01266
6	0.01000	0.00715	0.00952	0.01122	0.01179	0.00667	0.00754	0.01159	0.01607	0.02157	0.08929	0.66253	0.05533	0.02478	0.01030	0.00324	0.00464	0.02246	0.00763	0.00667
7	0.03518	0.01354	0.01844	0.01423	0.02029	0.01172	0.01172	0.03836	0.02321	0.63857	0.06282	0.02924	0.02286	0.01036	0.00823	0.00251	0.00675	0.00848	0.00999	0.01351
8	0.03031	0.03867	0.02299	0.02090	0.02508	0.68226	0.01568	0.03240	0.02299	0.01986	0.01254	0.01463	0.01045	0.00836	0.00732	0.00209	0.01463	0.00523	0.00418	0.00941
9	0.02169	0.71972	0.04252	0.01388	0.02083	0.03211	0.01388	0.02430	0.01649	0.01909	0.01128	0.01302	0.01041	0.00694	0.00521	0.00174	0.00868	0.00434	0.00347	0.01041
10	0.01128	0.00829	0.01057	0.01000	0.01200	0.00757	0.00750	0.01492	0.02249	0.03141	0.59847	0.06247	0.13874	0.01701	0.00957	0.00257	0.00386	0.01494	0.00878	0.00757
11	0.02018	0.01743	0.01835	0.01651	0.02110	0.02018	0.01284	0.04312	0.64956	0.03394	0.03303	0.03027	0.02477	0.01101	0.00826	0.00275	0.00642	0.00917	0.00826	0.01284
12	0.01159	0.00869	0.01304	0.01304	0.01449	0.01014	0.01014	0.01449	0.01304	0.01884	0.02173	0.03188	0.02029	0.06086	0.68268	0.01304	0.02173	0.00869	0.00435	0.00724
13	0.01948	0.01867	0.03185	0.13118	0.58753	0.01912	0.02460	0.02438	0.01819	0.02578	0.01516	0.02028	0.01260	0.00734	0.00804	0.00245	0.00979	0.00723	0.00396	0.01237
14	0.01692	0.01548	0.02515	0.67792	0.05594	0.01875	0.02285	0.02172	0.01716	0.02218	0.01601	0.02372	0.01236	0.00917	0.00876	0.00299	0.01123	0.00769	0.00417	0.00982
15	0.01183	0.00845	0.01165	0.01352	0.01484	0.00827	0.01091	0.01466	0.01745	0.02289	0.04365	0.33296	0.04942	0.02359	0.01088	0.00356	0.00639	0.38047	0.00750	0.00713
16	0.02068	0.01909	0.02954	0.04143	0.50046	0.01978	0.02197	0.06140	0.14659	0.02933	0.01907	0.02210	0.01530	0.00813	0.00808	0.00248	0.00895	0.00763	0.00509	0.01290
17	0.02287	0.02394	0.02532	0.22712	0.10086	0.21938	0.03925	0.10369	0.05598	0.02571	0.01537	0.01927	0.01210	0.00890	0.00940	0.00253	0.06644	0.00681	0.00466	0.01040
18	0.03641	0.01381	0.01883	0.01444	0.02071	0.01193	0.01193	0.03954	0.02322	0.66984	0.03201	0.02762	0.02009	0.01004	0.00816	0.00251	0.00690	0.00816	0.01004	0.01381
19	0.00989	0.00706	0.00942	0.01130	0.01177	0.00659	0.00753	0.01130	0.01554	0.02071	0.04472	0.70954	0.05367	0.02542	0.01036	0.00330	0.00471	0.02307	0.00753	0.00659
20	0.02805	0.03403	0.02274	0.02171	0.05868	0.53456	0.01569	0.03381	0.12888	0.02260	0.01616	0.01757	0.01301	0.00875	0.00751	0.00222	0.01297	0.00600	0.00486	0.01017
21	0.02852	0.01877	0.04549	0.01670	0.02260	0.01883	0.01394	0.26420	0.17227	0.23372	0.02746	0.05778	0.02004	0.01081	0.00826	0.00258	0.00765	0.00871	0.00853	0.01316
22	0.00989	0.00706	0.00942	0.01130	0.01177	0.00659	0.00753	0.01130	0.01554	0.02071	0.04472	0.70954	0.05367	0.02542	0.01036	0.00330	0.00471	0.02307	0.00753	0.00659
23	0.02880	0.03609	0.02357	0.06790	0.05813	0.60524	0.01659	0.03125	0.02232	0.02024	0.01280	0.01537	0.01059	0.00829	0.00740	0.00215	0.01413	0.00546	0.00413	0.00955
24	0.54186	0.01736	0.01471	0.04148	0.01905	0.06313	0.01058	0.07828	0.01769	0.07855	0.04209	0.01725	0.01316	0.00837	0.00599	0.00249	0.00720	0.00553	0.00568	0.00956
25	0.01279	0.01024	0.01342	0.01331	0.01481	0.04700	0.01024	0.01521	0.01342	0.01857	0.02071	0.03044	0.01932	0.05575	0.60142	0.06320	0.02035	0.00839	0.00428	0.00711
26	0.07968	0.02226	0.02323	0.22659	0.03391	0.12951	0.01717	0.30461	0.02717	0.03562	0.01620	0.01890	0.01197	0.00886	0.00776	0.00247	0.01025	0.00673	0.00586	0.01125
27	0.10898	0.02964	0.02170	0.01882	0.02344	0.38362	0.01465	0.14279	0.04797	0.07214	0.01568	0.01702	0.01210	0.00906	0.00838	0.00233	0.04965	0.00597	0.00551	0.01055
28	0.77215	0.01569	0.01193	0.01067	0.01569	0.01820	0.00879	0.02385	0.01381	0.03641	0.01130	0.01318	0.00879	0.00753	0.00502	0.00251	0.00628	0.00439	0.00502	0.00879
29	0.01650	0.01413	0.01699	0.05828	0.02130	0.01149	0.01049	0.02107	0.04417	0.02679	0.05917	0.02071	0.01688	0.00708	0.00649	0.00146	0.00620	0.00583	0.00515	0.62981
30	0.03531	0.01405	0.01880	0.01458	0.02074	0.01248	0.01199	0.03979	0.06557	0.62685	0.03208	0.02780	0.02040	0.01011	0.00817	0.00253	0.00687	0.00823	0.00992	0.01374
31	0.13097	0.01683	0.01951	0.01527	0.02137	0.01700	0.01258	0.21235	0.05505	0.37638	0.02567	0.02346	0.01697	0.00967	0.00774	0.00250	0.00739	0.00746	0.00874	0.01310
32	0.08162	0.07279	0.02427	0.01900	0.02373	0.29218	0.04299	0.16069	0.02377	0.06428	0.01547	0.01742	0.01208	0.00914	0.00916	0.00236	0.07834	0.00619	0.03394	0.01057
33	0.00989	0.00706	0.00942	0.01130	0.01177	0.00659	0.00753	0.01130	0.01554	0.02071	0.04472	0.70954	0.05367	0.02542	0.01036	0.00330	0.00471	0.02307	0.00753	0.00659
34	0.00976	0.00823	0.00845	0.00840	0.01106	0.00692	0.00630	0.01197	0.01889	0.02286	0.13313	0.07655	0.60941	0.02020	0.00959	0.00272	0.00409	0.01691	0.00766	0.00692
35	0.02963	0.05620	0.02400	0.01892	0.02436	0.27433	0.01512	0.30587	0.02904	0.07010	0.01672	0.01767	0.01257	0.00912	0.00821	0.00227	0.03300	0.00634	0.00626	0.04027
36	0.01138	0.00821	0.01075	0.01028	0.01210	0.00758	0.00765	0.01504	0.02246	0.03173	0.61805	0.10479	0.07500	0.01719	0.00962	0.00260	0.00389	0.01525	0.00884	0.00758
37	0.01002	0.00712	0.00938	0.01113	0.01157	0.00668	0.00735	0.01133	0.01528	0.02037	0.04342	0.66484	0.05202	0.07236	0.01246	0.00361	0.00492	0.02230	0.00735	0.00648
38	0.01180	0.00787	0.00885	0.00885	0.00885	0.00787	0.00492	0.01180	0.01180	0.01573	0.02557	0.05310	0.02950	0.71483	0.04130	0.00787	0.00787	0.01180	0.00492	0.00492
39	0.77215	0.01569	0.01193	0.01067	0.01569	0.01820	0.00879	0.02385	0.01381	0.03641	0.01130	0.01318	0.00879	0.00753	0.00502	0.00251	0.00628	0.00439	0.00502	0.00879
40	0.01974	0.34370	0.05402	0.01501	0.02031	0.05056	0.01361	0.06661	0.10606	0.02358	0.01765	0.02078	0.01510	0.02116	0.17403	0.00478	0.01199	0.00640	0.00470	0.01022
41	0.02818	0.01938	0.02135	0.01720	0.02301	0.02117	0.01394	0.33118	0.24376	0.15263	0.02627	0.02457	0.01863	0.01022	0.00817	0.00256	0.00772	0.00809	0.00850	0.01348
42	0.01895	0.05413	0.13456	0.07223	0.23313	0.02024	0.26823	0.02594	0.04401	0.02584	0.01612	0.02055	0.01251	0.00734	0.00849	0.00256	0.01150	0.00793	0.00409	0.01164
43	0.01683	0.01442	0.01683	0.01202	0.01923	0.01082	0.00961	0.02043	0.01683	0.02644	0.01442	0.01683	0.01202	0.00601	0.00601	0.00120	0.00601	0.00481	0.00481	0.76444
44	0.28920	0.01972	0.01938	0.01565	0.02143	0.02221	0.01283	0.36079	0.09314	0.04420	0.01802	0.01840	0.01318	0.00910	0.00705	0.00249	0.00774	0.00648	0.00705	0.01195
45	0.02359	0.01974	0.06760	0.01719	0.02285	0.01961	0.03488	0.27433	0.20214	0.06651	0.02829	0.02998	0.05354	0.01100	0.00822	0.00258	0.00783	0.03599	0.06194	0.01220

[dist]
# distance from previous block
# <min> <max>
1	3

[block]
# block no. 4 follows, 23 sequences, length 129
# corresponding to MSA columns:
# 202-330
name=unknown_E
#
# <colnr> <probs for GDERKNQSTAVLIFYWHMCP>
#	G	D	E	R	K	N	Q	S	T	A	V	L	I	F	Y	W	H	M	C	P
0	0.01859	0.02019	0.04067	0.03110	0.06556	0.02003	0.46766	0.02567	0.06278	0.02566	0.01866	0.06254	0.01550	0.00894	0.01107	0.00283	0.07730	0.01000	0.00454	0.01071
1	0.02046	0.01756	0.02510	0.01884	0.02526	0.01654	0.15299	0.19405	0.02320	0.03259	0.01997	0.10261	0.01763	0.00960	0.00794	0.00215	0.00842	0.00880	0.00591	0.29038
2	0.07154	0.07725	0.02377	0.04916	0.02498	0.31167	0.01518	0.21226	0.02540	0.03021	0.01495	0.01718	0.01187	0.01142	0.04137	0.00282	0.03695	0.00607	0.00533	0.01063
3	0.02109	0.18815	0.36445	0.02042	0.05289	0.02119	0.02240	0.04977	0.04713	0.11360	0.01724	0.01843	0.01253	0.00806	0.00726	0.00237	0.01010	0.00616	0.00475	0.01202
4	0.01114	0.00834	0.01019	0.01031	0.01198	0.00781	0.00738	0.01460	0.04747	0.02638	0.32142	0.22881	0.17174	0.07061	0.01205	0.00318	0.00452	0.01682	0.00799	0.00727
5	0.07772	0.07795	0.38217	0.02424	0.09935	0.01982	0.06740	0.07402	0.01908	0.02857	0.04493	0.01943	0.01398	0.00811	0.00762	0.00249	0.01056	0.00666	0.00430	0.01160
6	0.01210	0.00776	0.00908	0.00908	0.00908	0.00776	0.00520	0.01164	0.01164	0.01552	0.02405	0.04933	0.02746	0.62390	0.04003	0.10799	0.00776	0.01117	0.00473	0.00473
7	0.01187	0.00929	0.00984	0.01021	0.01105	0.04083	0.00661	0.01283	0.01441	0.01834	0.03837	0.22005	0.13249	0.35868	0.06465	0.00593	0.00763	0.01497	0.00592	0.00600
8	0.03031	0.03867	0.02299	0.02090	0.02508	0.68226	0.01568	0.03240	0.02299	0.01986	0.01254	0.01463	0.01045	0.00836	0.00732	0.00209	0.01463	0.00523	0.00418	0.00941
9	0.02363	0.02004	0.02070	0.01800	0.05074	0.07716	0.01362	0.25133	0.18654	0.03638	0.02297	0.06883	0.01869	0.01024	0.00785	0.00232	0.00800	0.00823	0.00699	0.14772
10	0.22592	0.07339	0.07162	0.02021	0.07754	0.31300	0.01558	0.06865	0.02030	0.02732	0.01298	0.01512	0.01042	0.00800	0.00671	0.00227	0.01102	0.00531	0.00455	0.01009
11	0.00989	0.00706	0.00942	0.01130	0.01177	0.00659	0.00753	0.01130	0.01554	0.02071	0.04472	0.70954	0.05367	0.02542	0.01036	0.00330	0.00471	0.02307	0.00753	0.00659
12	0.02169	0.71972	0.04252	0.01388	0.02083	0.03211	0.01388	0.02430	0.01649	0.01909	0.01128	0.01302	0.01041	0.00694	0.00521	0.00174	0.00868	0.00434	0.00347	0.01041
13	0.02144	0.42717	0.18973	0.01801	0.02605	0.05816	0.05451	0.07691	0.01893	0.02381	0.01311	0.01514	0.01078	0.00742	0.00640	0.00207	0.01006	0.00533	0.00392	0.01106
14	0.03085	0.02273	0.02435	0.01867	0.02516	0.02516	0.01542	0.63716	0.03815	0.05114	0.01948	0.01948	0.01380	0.00974	0.00812	0.00244	0.00893	0.00731	0.00812	0.01380
15	0.01915	0.02189	0.04788	0.03420	0.04241	0.02052	0.63475	0.02599	0.01915	0.02599	0.01642	0.02189	0.01231	0.00684	0.00958	0.00274	0.01368	0.00958	0.00410	0.01094
16	0.01615	0.01541	0.02651	0.57732	0.14133	0.01831	0.04765	0.02153	0.01666	0.02176	0.01462	0.02142	0.01117	0.00794	0.00816	0.00266	0.01077	0.00731	0.00368	0.00963
17	0.04185	0.11925	0.55506	0.02204	0.03308	0.02043	0.04935	0.02548	0.01702	0.02529	0.01414	0.01670	0.01032	0.00758	0.00740	0.00248	0.01148	0.00588	0.00351	0.01166
18	0.03641	0.01381	0.01883	0.01444	0.02071	0.01193	0.01193	0.03954	0.02322	0.66984	0.03201	0.02762	0.02009	0.01004	0.00816	0.00251	0.00690	0.00816	0.01004	0.01381
19	0.01148	0.00829	0.01085	0.01021	0.01212	0.00766	0.00766	0.01531	0.02297	0.03254	0.65994	0.06061	0.07656	0.01659	0.00957	0.00255	0.00383	0.01467	0.00893	0.00766
20	0.02955	0.02168	0.02332	0.01822	0.02444	0.02400	0.01494	0.53330	0.12291	0.07049	0.02181	0.02127	0.01555	0.00993	0.00814	0.00248	0.00851	0.00760	0.00820	0.01367
21	0.01180	0.00787	0.00885	0.00885	0.00885	0.00787	0.00492	0.01180	0.01180	0.01573	0.02557	0.05310	0.02950	0.71483	0.04130	0.00787	0.00787	0.01180	0.00492	0.00492
22	0.03580	0.01395	0.01881	0.01451	0.02073	0.01224	0.01196	0.03968	0.04678	0.64592	0.03205	0.02772	0.02026	0.01008	0.00816	0.00252	0.00689	0.00820	0.00998	0.01377
23	0.00987	0.00712	0.00936	0.01115	0.01173	0.00660	0.00746	0.01132	0.01568	0.02077	0.04657	0.67834	0.08367	0.02518	0.01032	0.00327	0.00468	0.02277	0.00753	0.00660
24	0.02973	0.02229	0.02459	0.02041	0.06265	0.02459	0.01587	0.57448	0.06436	0.04892	0.01984	0.02000	0.01423	0.00965	0.00812	0.00245	0.00886	0.00738	0.00788	0.01370
25	0.01915	0.02189	0.04788	0.03420	0.04241	0.02052	0.63475	0.02599	0.01915	0.02599	0.01642	0.02189	0.01231	0.00684	0.00958	0.00274	0.01368	0.00958	0.00410	0.01094
26	0.01652	0.01565	0.02651	0.53238	0.20945	0.01834	0.02313	0.02178	0.01679	0.02219	0.01463	0.02124	0.01133	0.00789	0.00809	0.00263	0.01052	0.00722	0.00371	0.00998
27	0.01760	0.20806	0.51834	0.02086	0.03162	0.02209	0.02604	0.02535	0.01697	0.02408	0.01376	0.01612	0.01031	0.00752	0.00710	0.00237	0.01118	0.00559	0.00344	0.01161
28	0.01051	0.00754	0.00998	0.01087	0.01191	0.00701	0.00758	0.01287	0.01845	0.02535	0.28602	0.45502	0.06265	0.02196	0.01005	0.00300	0.00436	0.01978	0.00808	0.00701
29	0.03641	0.01381	0.01883	0.01444	0.02071	0.01193	0.01193	0.03954	0.02322	0.66984	0.03201	0.02762	0.02009	0.01004	0.00816	0.00251	0.00690	0.00816	0.01004	0.01381
30	0.01067	0.00826	0.00972	0.00936	0.01162	0.00731	0.00702	0.01374	0.02105	0.02799	0.41251	0.06810	0.32683	0.01829	0.00958	0.00263	0.00395	0.01572	0.00833	0.00731
31	0.00966	0.00822	0.00831	0.00829	0.01100	0.00688	0.00622	0.01178	0.01866	0.02230	0.10290	0.07746	0.63999	0.02041	0.00959	0.00273	0.00410	0.01704	0.00759	0.00688
32	0.01775	0.01775	0.02485	0.02130	0.02130	0.02485	0.01775	0.01953	0.01243	0.01953	0.01065	0.01775	0.01065	0.01420	0.02663	0.00355	0.69998	0.00710	0.00355	0.00888
33	0.77215	0.01569	0.01193	0.01067	0.01569	0.01820	0.00879	0.02385	0.01381	0.03641	0.01130	0.01318	0.00879	0.00753	0.00502	0.00251	0.00628	0.00439	0.00502	0.00879
34	0.01683	0.01442	0.01683	0.01202	0.01923	0.01082	0.00961	0.02043	0.01683	0.02644	0.01442	0.01683	0.01202	0.00601	0.00601	0.00120	0.00601	0.00481	0.00481	0.76444
35	0.01683	0.01442	0.01683	0.01202	0.01923	0.01082	0.00961	0.02043	0.01683	0.02644	0.01442	0.01683	0.01202	0.00601	0.00601	0.00120	0.00601	0.00481	0.00481	0.76444
36	0.77215	0.01569	0.01193	0.01067	0.01569	0.01820	0.00879	0.02385	0.01381	0.03641	0.01130	0.01318	0.00879	0.00753	0.00502	0.00251	0.00628	0.00439	0.00502	0.00879
37	0.02018	0.01743	0.01835	0.01651	0.02110	0.02018	0.01284	0.04312	0.64956	0.03394	0.03303	0.03027	0.02477	0.01101	0.00826	0.00275	0.00642	0.00917	0.00826	0.01284
38	0.77215	0.01569	0.01193	0.01067	0.01569	0.01820	0.00879	0.02385	0.01381	0.03641	0.01130	0.01318	0.00879	0.00753	0.00502	0.00251	0.00628	0.00439	0.00502	0.00879
39	0.02008	0.01928	0.03294	0.04981	0.66422	0.01928	0.02490	0.02490	0.01848	0.02651	0.01526	0.02008	0.01285	0.00723	0.00803	0.00241	0.00964	0.00723	0.00402	0.01285
40	0.02018	0.01743	0.01835	0.01651	0.02110	0.02018	0.01284	0.04312	0.64956	0.03394	0.03303	0.03027	0.02477	0.01101	0.00826	0.00275	0.00642	0.00917	0.00826	0.01284
41	0.02018	0.01743	0.01835	0.01651	0.02110	0.02018	0.01284	0.04312	0.64956	0.03394	0.03303	0.03027	0.02477	0.01101	0.00826	0.00275	0.00642	0.00917	0.00826	0.01284
42	0.02018	0.01743	0.01835	0.01651	0.02110	0.02018	0.01284	0.04312	0.64956	0.03394	0.03303	0.03027	0.02477	0.01101	0.00826	0.00275	0.00642	0.00917	0.00826	0.01284
43	0.01138	0.00821	0.01075	0.01028	0.01210	0.00759	0.00765	0.01505	0.02247	0.03175	0.61904	0.10375	0.07504	0.01718	0.00962	0.00260	0.00389	0.01523	0.00884	0.00759
44	0.01210	0.00894	0.01138	0.01065	0.01276	0.00854	0.00802	0.01728	0.06721	0.03264	0.61567	0.05847	0.07291	0.01619	0.00948	0.00257	0.00401	0.01429	0.00888	0.00802
45	0.01627	0.04197	0.67279	0.02313	0.03512	0.01884	0.02998	0.02570	0.01713	0.02570	0.01456	0.01713	0.01028	0.00771	0.00771	0.00257	0.01199	0.00600	0.00343	0.01199
46	0.01018	0.00824	0.00904	0.00884	0.01132	0.00710	0.00663	0.01279	0.01989	0.02523	0.26209	0.07265	0.47897	0.01932	0.00958	0.00268	0.00402	0.01636	0.00797	0.00710
47	0.00972	0.00823	0.00841	0.00836	0.01104	0.00691	0.00627	0.01190	0.01881	0.02267	0.12299	0.07686	0.61967	0.02027	0.00959	0.00273	0.00409	0.01695	0.00763	0.00691
48	0.00989	0.00706	0.00942	0.01130	0.01177	0.00659	0.00753	0.01130	0.01554	0.02071	0.04472	0.70954	0.05367	0.02542	0.01036	0.00330	0.00471	0.02307	0.00753	0.00659
49	0.01915	0.02189	0.04788	0.03420	0.04241	0.02052	0.63475	0.02599	0.01915	0.02599	0.01642	0.02189	0.01231	0.00684	0.00958	0.00274	0.01368	0.00958	0.00410	0.01094
50	0.03379	0.01350	0.01814	0.01431	0.02010	0.01193	0.01166	0.03771	0.05135	0.59491	0.03296	0.07589	0.02267	0.01117	0.00832	0.00258	0.00673	0.00926	0.00978	0.01326
51	0.01148	0.00829	0.01085	0.01021	0.01212	0.00766	0.00766	0.01531	0.02297	0.03254	0.65994	0.06061	0.07656	0.01659	0.00957	0.00255	0.00383	0.01467	0.00893	0.00766
52	0.01971	0.01915	0.03344	0.08976	0.58162	0.01929	0.06781	0.02471	0.01838	0.02611	0.01529	0.02031	0.01269	0.00726	0.00815	0.00245	0.01000	0.00739	0.00400	0.01247
53	0.01845	0.02003	0.04197	0.09788	0.04076	0.01957	0.50838	0.02475	0.01846	0.02550	0.01667	0.02226	0.01266	0.00742	0.00982	0.00271	0.03886	0.00911	0.05427	0.01045
54	0.67582	0.07147	0.01611	0.01209	0.01742	0.01941	0.04011	0.02399	0.01428	0.03453	0.01155	0.01360	0.00909	0.00745	0.00526	0.00246	0.00683	0.00465	0.00485	0.00902
55	0.01748	0.01906	0.03595	0.02722	0.03292	0.05631	0.41653	0.02248	0.01819	0.02404	0.02285	0.18955	0.02225	0.01181	0.01041	0.00287	0.04295	0.01251	0.00492	0.00969
56	0.02008	0.01928	0.03294	0.04981	0.66422	0.01928	0.02490	0.02490	0.01848	0.02651	0.01526	0.02008	0.01285	0.00723	0.00803	0.00241	0.00964	0.00723	0.00402	0.01285
57	0.01136	0.00829	0.01067	0.01008	0.01205	0.00760	0.00756	0.01507	0.02267	0.03183	0.62153	0.06177	0.11541	0.01685	0.00957	0.00256	0.00385	0.01484	0.00884	0.00760
58	0.00989	0.00706	0.00942	0.01130	0.01177	0.00659	0.00753	0.01130	0.01554	0.02071	0.04472	0.70954	0.05367	0.02542	0.01036	0.00330	0.00471	0.02307	0.00753	0.00659
59	0.01513	0.00756	0.00756	0.00756	0.00945	0.00756	0.00567	0.01891	0.01702	0.03025	0.02647	0.03025	0.02080	0.00945	0.00567	0.00189	0.00378	0.00756	0.75988	0.00756
60	0.01513	0.00756	0.00756	0.00756	0.00945	0.00756	0.00567	0.01891	0.01702	0.03025	0.02647	0.03025	0.02080	0.00945	0.00567	0.00189	0.00378	0.00756	0.75988	0.00756
61	0.03641	0.01381	0.01883	0.01444	0.02071	0.01193	0.01193	0.03954	0.02322	0.66984	0.03201	0.02762	0.02009	0.01004	0.00816	0.00251	0.00690	0.00816	0.01004	0.01381
62	0.07894	0.01538	0.01721	0.01260	0.01956	0.01290	0.01015	0.08459	0.01879	0.02980	0.01470	0.01681	0.01194	0.00652	0.00615	0.00143	0.00633	0.00503	0.00517	0.62600
63	0.03085	0.02273	0.02435	0.01867	0.02516	0.02516	0.01542	0.63716	0.03815	0.05114	0.01948	0.01948	0.01380	0.00974	0.00812	0.00244	0.00893	0.00731	0.00812	0.01380
64	0.03031	0.03867	0.02299	0.02090	0.02508	0.68226	0.01568	0.03240	0.02299	0.01986	0.01254	0.01463	0.01045	0.00836	0.00732	0.00209	0.01463	0.00523	0.00418	0.00941
