[name]
unknown

[dist]
# distance from previous block
# <min> <max>
3	54

[block]
# block no. 0 follows, 21 sequences, length 15
# corresponding to MSA columns:
# 103-117
name=unknown_A
#
# <colnr> <probs for GDERKNQSTAVLIFYWHMCP>
#	G	D	E	R	K	N	Q	S	T	A	V	L	I	F	Y	W	H	M	C	P
0	0.01970	0.01588	0.01849	0.01493	0.01957	0.01621	0.01178	0.15619	0.05715	0.03139	0.04622	0.03001	0.05388	0.09705	0.05401	0.00366	0.08436	0.00840	0.00619	0.25493
1	0.02147	0.01835	0.02684	0.33570	0.17252	0.02080	0.02143	0.18812	0.02419	0.03239	0.04353	0.02346	0.01560	0.00916	0.00856	0.00269	0.01022	0.00793	0.00542	0.01164
2	0.02005	0.01967	0.03404	0.06934	0.16491	0.02022	0.21519	0.06395	0.01964	0.02776	0.01702	0.02408	0.01427	0.00931	0.01182	0.00273	0.11497	0.03284	0.00470	0.11349
3	0.01842	0.03173	0.32515	0.02786	0.03818	0.01955	0.27835	0.02645	0.01883	0.02717	0.01608	0.02005	0.01190	0.00749	0.00871	0.00260	0.01261	0.00774	0.00406	0.09704
4	0.01434	0.01074	0.01636	0.01386	0.01697	0.00986	0.08170	0.01859	0.02334	0.06693	0.50048	0.05785	0.10281	0.01603	0.00996	0.00271	0.00546	0.01452	0.00873	0.00875
5	0.07481	0.01810	0.06674	0.01666	0.02259	0.01634	0.04100	0.13105	0.10000	0.20879	0.08794	0.08504	0.02696	0.01189	0.00859	0.00266	0.00765	0.00997	0.00816	0.05507
6	0.09011	0.04727	0.02013	0.05771	0.02309	0.01711	0.01308	0.12297	0.11389	0.25993	0.07126	0.07721	0.02542	0.01180	0.00842	0.00270	0.00739	0.00963	0.00848	0.01239
7	0.13341	0.01232	0.01673	0.01731	0.06379	0.01244	0.06191	0.01953	0.06036	0.02746	0.07442	0.33717	0.03974	0.01816	0.00943	0.00308	0.00665	0.04917	0.00697	0.02994
8	0.08221	0.02534	0.02441	0.05910	0.02762	0.12274	0.01618	0.45300	0.03443	0.04565	0.01841	0.01933	0.01338	0.00973	0.00816	0.00252	0.01020	0.00711	0.00737	0.01310
9	0.01897	0.01955	0.03648	0.11655	0.08939	0.02135	0.29091	0.02416	0.01762	0.02510	0.01595	0.02221	0.01289	0.00960	0.01413	0.00300	0.18918	0.00869	0.05370	0.01058
10	0.10499	0.02094	0.02133	0.03469	0.02367	0.06434	0.01405	0.36763	0.03165	0.09693	0.06645	0.02416	0.01953	0.01037	0.00806	0.00252	0.00858	0.00786	0.05970	0.01256
11	0.08372	0.02010	0.05743	0.08577	0.40975	0.01986	0.02224	0.06261	0.06508	0.03053	0.01777	0.02169	0.01423	0.00826	0.00805	0.00257	0.00942	0.00744	0.04091	0.01258
12	0.34996	0.01568	0.01741	0.01709	0.08661	0.01631	0.01215	0.05565	0.02016	0.21153	0.09715	0.02537	0.02209	0.00989	0.00728	0.00262	0.00696	0.00753	0.00730	0.01126
13	0.11594	0.01568	0.02332	0.16443	0.03065	0.01702	0.11604	0.07426	0.02038	0.07693	0.08696	0.02750	0.02145	0.01004	0.00919	0.00267	0.04613	0.00858	0.12267	0.01016
14	0.02445	0.02011	0.02712	0.11666	0.20763	0.02247	0.01967	0.26790	0.02674	0.03703	0.01788	0.02140	0.01385	0.00973	0.01045	0.00268	0.08335	0.00762	0.05070	0.01256

[dist]
# distance from previous block
# <min> <max>
9	26

[block]
# block no. 1 follows, 21 sequences, length 42
# corresponding to MSA columns:
# 146-187
name=unknown_B
#
# <colnr> <probs for GDERKNQSTAVLIFYWHMCP>
#	G	D	E	R	K	N	Q	S	T	A	V	L	I	F	Y	W	H	M	C	P
0	0.04579	0.01813	0.07221	0.01571	0.02049	0.04949	0.04740	0.10030	0.13391	0.03100	0.09826	0.07763	0.20177	0.03731	0.01026	0.00296	0.00750	0.01238	0.00730	0.01019
1	0.02799	0.01993	0.02020	0.01695	0.02192	0.11058	0.01343	0.20535	0.07971	0.18888	0.06322	0.08447	0.02464	0.01645	0.06287	0.00355	0.00988	0.00974	0.00810	0.01213
2	0.09025	0.02378	0.02270	0.01850	0.02445	0.10713	0.01490	0.34792	0.15456	0.07643	0.02235	0.02197	0.01626	0.01012	0.00817	0.00258	0.00927	0.00757	0.00785	0.01324
3	0.01664	0.04098	0.60130	0.02309	0.03476	0.01875	0.02943	0.02601	0.01849	0.02757	0.06931	0.02189	0.01676	0.00889	0.00825	0.00269	0.01184	0.00707	0.00409	0.01219
4	0.03515	0.11746	0.02388	0.01591	0.02232	0.09782	0.01330	0.03823	0.02331	0.48280	0.02787	0.02505	0.01833	0.00984	0.00800	0.00246	0.00853	0.00759	0.00877	0.01339
5	0.02617	0.01754	0.01970	0.01612	0.02132	0.01835	0.01287	0.32265	0.05801	0.12475	0.03138	0.14461	0.06003	0.01368	0.00883	0.00268	0.00754	0.01127	0.03630	0.04620
6	0.01903	0.04048	0.57324	0.02402	0.03590	0.01922	0.05759	0.02821	0.01862	0.08089	0.01694	0.01915	0.01177	0.00825	0.00822	0.00270	0.01220	0.00666	0.00422	0.01269
7	0.01037	0.00741	0.00987	0.01185	0.01234	0.00691	0.00790	0.01185	0.01629	0.02172	0.04690	0.69537	0.05629	0.02666	0.01086	0.00346	0.00494	0.02419	0.00790	0.00691
8	0.01880	0.21318	0.44653	0.02275	0.03362	0.02351	0.07746	0.02660	0.01797	0.02519	0.01455	0.01728	0.01100	0.00780	0.00758	0.00248	0.01183	0.00616	0.00367	0.01205
9	0.02409	0.02444	0.03125	0.06754	0.44138	0.15038	0.02314	0.08375	0.02219	0.02862	0.01582	0.01992	0.01299	0.00811	0.00829	0.00247	0.01114	0.00717	0.00464	0.01269
10	0.01238	0.00825	0.00928	0.00928	0.00928	0.00825	0.00516	0.01238	0.01238	0.01650	0.02681	0.05569	0.03094	0.70092	0.04331	0.00825	0.00825	0.01238	0.00516	0.00516
11	0.03235	0.02384	0.02554	0.01958	0.02639	0.02639	0.01618	0.61946	0.04001	0.05363	0.02043	0.02043	0.01447	0.01022	0.00851	0.00255	0.00936	0.00766	0.00851	0.01447
12	0.01527	0.01322	0.06780	0.01282	0.01666	0.01056	0.01114	0.02089	0.07499	0.08606	0.23419	0.06331	0.23516	0.01749	0.00983	0.00291	0.00584	0.08439	0.00827	0.00921
13	0.02052	0.02030	0.07520	0.02095	0.08511	0.02030	0.01595	0.05912	0.46240	0.03394	0.03370	0.03209	0.05967	0.01140	0.00866	0.00282	0.00752	0.00956	0.00773	0.01306
14	0.01216	0.00912	0.01368	0.01368	0.01520	0.01064	0.01064	0.01520	0.01368	0.01976	0.02279	0.03343	0.02127	0.06382	0.66720	0.01368	0.02279	0.00912	0.00456	0.00760
15	0.07859	0.01893	0.08091	0.41996	0.19304	0.01931	0.02371	0.02350	0.01745	0.02498	0.01508	0.02117	0.01163	0.00820	0.00819	0.00273	0.01077	0.00721	0.00399	0.01066
16	0.02549	0.31546	0.11887	0.02079	0.05870	0.28287	0.01821	0.02910	0.02021	0.02169	0.01304	0.01530	0.01105	0.00800	0.00685	0.00212	0.01211	0.00532	0.00396	0.01086
17	0.01897	0.02248	0.07980	0.03191	0.03925	0.02066	0.47491	0.02532	0.01897	0.02613	0.01896	0.07753	0.01619	0.00958	0.01173	0.00299	0.07844	0.01074	0.00450	0.01096
18	0.01596	0.01502	0.02464	0.56166	0.08447	0.01834	0.02213	0.02113	0.01716	0.02211	0.02084	0.02728	0.06350	0.00982	0.00952	0.00286	0.04153	0.00841	0.00414	0.00947
19	0.01952	0.07888	0.01624	0.01230	0.01543	0.05237	0.00986	0.10711	0.02081	0.03145	0.02408	0.05745	0.02009	0.01353	0.04269	0.00284	0.04323	0.00822	0.41463	0.00928
20	0.01238	0.00825	0.00928	0.00928	0.00928	0.00825	0.00516	0.01238	0.01238	0.01650	0.02681	0.05569	0.03094	0.70092	0.04331	0.00825	0.00825	0.01238	0.00516	0.00516
21	0.03154	0.02648	0.02528	0.04863	0.02777	0.14182	0.01655	0.48773	0.03614	0.04632	0.01889	0.01961	0.01370	0.00988	0.00836	0.00250	0.01053	0.00726	0.00756	0.01342
22	0.16314	0.08480	0.05234	0.01792	0.02444	0.02541	0.01553	0.40438	0.03112	0.04511	0.01744	0.01842	0.01288	0.00965	0.00851	0.00256	0.03964	0.00675	0.00705	0.01288
23	0.01845	0.01820	0.02729	0.06102	0.02584	0.02414	0.07575	0.02117	0.01423	0.02187	0.01297	0.02005	0.01198	0.01349	0.02378	0.00349	0.54125	0.00773	0.04788	0.00944
24	0.01765	0.01513	0.01765	0.01260	0.02017	0.01134	0.01008	0.02143	0.01765	0.02773	0.01513	0.01765	0.01260	0.00630	0.00630	0.00126	0.00630	0.00504	0.00504	0.75295
25	0.01371	0.01202	0.01899	0.01734	0.01893	0.01301	0.09785	0.01608	0.01604	0.02203	0.03389	0.38498	0.03877	0.07684	0.01679	0.00384	0.13984	0.04477	0.00634	0.00794
26	0.05748	0.04740	0.02871	0.05129	0.02674	0.06316	0.08674	0.07472	0.01726	0.02508	0.01302	0.01883	0.01155	0.01232	0.02014	0.00327	0.42046	0.00740	0.00432	0.01011
27	0.05516	0.02061	0.05396	0.10593	0.45640	0.02045	0.04766	0.05815	0.04656	0.02936	0.01680	0.02128	0.01355	0.00800	0.00835	0.00260	0.01013	0.00759	0.00462	0.01284
28	0.01381	0.00960	0.01399	0.01403	0.01545	0.00942	0.04484	0.01573	0.01680	0.07369	0.04098	0.52985	0.04695	0.05680	0.01322	0.00361	0.04537	0.02051	0.00753	0.00786
29	0.01238	0.00825	0.00928	0.00928	0.00928	0.00825	0.00516	0.01238	0.01238	0.01650	0.02681	0.05569	0.03094	0.70092	0.04331	0.00825	0.00825	0.01238	0.00516	0.00516
30	0.02210	0.01505	0.01742	0.01544	0.01915	0.01574	0.01184	0.27542	0.02715	0.08740	0.03443	0.35050	0.03542	0.01827	0.00966	0.00300	0.00703	0.01580	0.00838	0.01078
31	0.10891	0.34785	0.08252	0.01867	0.04901	0.22069	0.01631	0.02813	0.01916	0.02319	0.01267	0.01482	0.01083	0.00787	0.00643	0.00212	0.01101	0.00510	0.00407	0.01064
32	0.01010	0.00844	0.00880	0.00909	0.01162	0.00714	0.00667	0.01216	0.01895	0.02281	0.08050	0.17102	0.55895	0.02229	0.01017	0.00296	0.00440	0.01887	0.00790	0.00714
33	0.01119	0.00775	0.00963	0.01080	0.01109	0.00746	0.00678	0.01206	0.01470	0.01959	0.03871	0.43454	0.04595	0.30159	0.02409	0.00541	0.00629	0.01937	0.00678	0.00620
34	0.02093	0.01642	0.01781	0.01582	0.02038	0.01820	0.01234	0.06507	0.44581	0.07823	0.10307	0.03874	0.08409	0.01290	0.00891	0.00283	0.00639	0.01079	0.00879	0.01247
35	0.02980	0.01828	0.02074	0.01658	0.02224	0.01921	0.01343	0.33200	0.06708	0.20015	0.02748	0.07983	0.02096	0.01170	0.00848	0.00261	0.00779	0.00939	0.07907	0.01317
36	0.01037	0.00741	0.00987	0.01185	0.01234	0.00691	0.00790	0.01185	0.01629	0.02172	0.04690	0.69537	0.05629	0.02666	0.01086	0.00346	0.00494	0.02419	0.00790	0.00691
37	0.01142	0.00867	0.01051	0.01005	0.01233	0.00776	0.00754	0.01485	0.02261	0.03062	0.46781	0.06934	0.25803	0.01871	0.01004	0.00274	0.00411	0.01620	0.00891	0.00776
38	0.02340	0.02466	0.03227	0.04562	0.51223	0.16128	0.02401	0.02783	0.02041	0.02628	0.01538	0.01982	0.01293	0.00784	0.00826	0.00245	0.01125	0.00712	0.00425	0.01269
39	0.03179	0.04056	0.02412	0.02192	0.02631	0.66676	0.01644	0.03398	0.02412	0.02083	0.01315	0.01535	0.01096	0.00877	0.00767	0.00219	0.01535	0.00548	0.00438	0.00987
40	0.01607	0.01513	0.02552	0.68047	0.05861	0.01891	0.02363	0.02174	0.01702	0.02174	0.01513	0.02269	0.01134	0.00851	0.00851	0.00284	0.01134	0.00756	0.00378	0.00945
41	0.01037	0.00741	0.00987	0.01185	0.01234	0.00691	0.00790	0.01185	0.01629	0.02172	0.04690	0.69537	0.05629	0.02666	0.01086	0.00346	0.00494	0.02419	0.00790	0.00691

[dist]
# distance from previous block
# <min> <max>
0	1

[block]
# block no. 2 follows, 21 sequences, length 59
# corresponding to MSA columns:
# 189-247
name=unknown_C
#
# <colnr> <probs for GDERKNQSTAVLIFYWHMCP>
#	G	D	E	R	K	N	Q	S	T	A	V	L	I	F	Y	W	H	M	C	P
0	0.01700	0.00903	0.00915	0.00874	0.01105	0.00921	0.00665	0.06122	0.01938	0.03324	0.02726	0.03095	0.02131	0.00994	0.00613	0.00202	0.00434	0.00791	0.69712	0.00838
1	0.03235	0.02384	0.02554	0.01958	0.02639	0.02639	0.01618	0.61946	0.04001	0.05363	0.02043	0.02043	0.01447	0.01022	0.00851	0.00255	0.00936	0.00766	0.00851	0.01447
2	0.01947	0.21938	0.41489	0.06075	0.03345	0.06457	0.02550	0.02669	0.01812	0.02439	0.01421	0.01693	0.01086	0.00794	0.00738	0.00244	0.01175	0.00585	0.00367	0.01177
3	0.01478	0.00739	0.01109	0.01109	0.01109	0.00739	0.00739	0.01109	0.01109	0.01478	0.01478	0.02587	0.01478	0.02956	0.03326	0.75240	0.00739	0.00739	0.00370	0.00370
4	0.01150	0.00905	0.01036	0.01083	0.01290	0.00842	0.00794	0.01517	0.06092	0.02433	0.11556	0.23510	0.31648	0.06258	0.01229	0.00341	0.00512	0.06258	0.00792	0.00755
5	0.02183	0.45707	0.15834	0.04614	0.02667	0.07873	0.01857	0.02596	0.01768	0.02151	0.01269	0.01529	0.01093	0.00806	0.00761	0.00217	0.05078	0.00526	0.00370	0.01100
6	0.05266	0.02140	0.06262	0.05848	0.02625	0.09002	0.07374	0.04674	0.06451	0.02473	0.01813	0.07371	0.01691	0.04605	0.01799	0.00341	0.27888	0.00900	0.00487	0.00990
7	0.03692	0.01650	0.02100	0.01610	0.02273	0.01550	0.01330	0.16617	0.02773	0.52427	0.03074	0.02712	0.01964	0.01046	0.00855	0.00262	0.00770	0.00836	0.01010	0.01448
8	0.02218	0.01692	0.02113	0.01600	0.02252	0.01550	0.05342	0.17702	0.02449	0.07816	0.06833	0.06387	0.02155	0.00975	0.00785	0.00204	0.00746	0.00826	0.00678	0.35676
9	0.02084	0.01587	0.01845	0.01383	0.02066	0.01348	0.01105	0.11728	0.02157	0.07460	0.01969	0.07112	0.01685	0.00879	0.00716	0.00173	0.00675	0.00718	0.00619	0.52690
10	0.01909	0.27931	0.43923	0.02081	0.03150	0.02471	0.02544	0.02643	0.01773	0.02449	0.01405	0.01643	0.01083	0.00780	0.00715	0.00238	0.01134	0.00567	0.00361	0.01199
11	0.03069	0.02670	0.02298	0.01910	0.02445	0.23072	0.01505	0.28854	0.06873	0.09885	0.01985	0.02078	0.01475	0.01136	0.01016	0.06028	0.01077	0.00715	0.00702	0.01209
12	0.01365	0.00910	0.01127	0.01049	0.01290	0.00820	0.00783	0.01692	0.02227	0.07824	0.43164	0.06438	0.19599	0.06496	0.01222	0.00310	0.00462	0.01522	0.00885	0.00814
13	0.01046	0.00744	0.00985	0.01174	0.01221	0.00697	0.00778	0.01187	0.01612	0.02149	0.04601	0.66697	0.05516	0.05659	0.01230	0.00367	0.00508	0.02367	0.00778	0.00683
14	0.09335	0.01575	0.02414	0.53008	0.07993	0.01916	0.02149	0.02410	0.06437	0.02480	0.01634	0.02240	0.01236	0.00864	0.00818	0.00280	0.01044	0.00742	0.00433	0.00993
15	0.01353	0.00904	0.01177	0.01089	0.01321	0.00827	0.00824	0.01743	0.02393	0.07075	0.58580	0.06219	0.09811	0.01714	0.00995	0.00268	0.00422	0.01508	0.00938	0.00838
16	0.01037	0.00741	0.00987	0.01185	0.01234	0.00691	0.00790	0.01185	0.01629	0.02172	0.04690	0.69537	0.05629	0.02666	0.01086	0.00346	0.00494	0.02419	0.00790	0.00691
17	0.01454	0.01418	0.01231	0.01197	0.01493	0.10892	0.00900	0.01857	0.06763	0.02464	0.11849	0.11390	0.38478	0.01890	0.00970	0.00283	0.00631	0.03269	0.00756	0.00815
18	0.01662	0.00866	0.00874	0.00847	0.01067	0.00878	0.00642	0.04740	0.01887	0.03273	0.02742	0.03121	0.02147	0.00993	0.00607	0.00201	0.00421	0.00792	0.71416	0.00823
19	0.01037	0.00741	0.00987	0.01185	0.01234	0.00691	0.00790	0.01185	0.01629	0.02172	0.04690	0.69537	0.05629	0.02666	0.01086	0.00346	0.00494	0.02419	0.00790	0.00691
20	0.01607	0.01513	0.02552	0.68047	0.05861	0.01891	0.02363	0.02174	0.01702	0.02174	0.01513	0.02269	0.01134	0.00851	0.00851	0.00284	0.01134	0.00756	0.00378	0.00945
21	0.01034	0.00750	0.00978	0.01160	0.01228	0.00693	0.00779	0.01188	0.01653	0.02182	0.04994	0.64802	0.10167	0.02627	0.01080	0.00341	0.00489	0.02371	0.00790	0.00693
22	0.01047	0.00745	0.00984	0.01172	0.01219	0.00698	0.00776	0.01188	0.01609	0.02145	0.04587	0.66233	0.05498	0.06149	0.01254	0.00370	0.00511	0.02358	0.00776	0.00682
23	0.01055	0.00871	0.00931	0.00936	0.01207	0.00747	0.00716	0.01306	0.01999	0.02453	0.15198	0.08061	0.53382	0.02118	0.01017	0.00292	0.00452	0.05716	0.00808	0.00733
24	0.01607	0.01513	0.02552	0.68047	0.05861	0.01891	0.02363	0.02174	0.01702	0.02174	0.01513	0.02269	0.01134	0.00851	0.00851	0.00284	0.01134	0.00756	0.00378	0.00945
25	0.02123	0.52880	0.20851	0.01716	0.02586	0.02995	0.01908	0.02588	0.01747	0.02188	0.01275	0.01481	0.01088	0.00750	0.00616	0.00205	0.01003	0.00502	0.00363	0.01136
26	0.01764	0.01537	0.01929	0.01458	0.02122	0.01287	0.03732	0.02224	0.04091	0.02742	0.01804	0.02451	0.01585	0.00835	0.00820	0.00174	0.04518	0.05076	0.00529	0.59322
27	0.01863	0.02069	0.07356	0.05619	0.02615	0.07988	0.08236	0.05206	0.01754	0.02380	0.02093	0.16889	0.02148	0.01499	0.01676	0.00324	0.27707	0.01118	0.00501	0.00959
28	0.01464	0.01283	0.01840	0.01705	0.01787	0.01660	0.01366	0.01708	0.01362	0.02020	0.01995	0.07852	0.01988	0.04114	0.35759	0.00886	0.28981	0.00960	0.00448	0.00824
29	0.02009	0.02296	0.05022	0.03587	0.04448	0.02152	0.61693	0.02726	0.02009	0.02726	0.01722	0.02296	0.01291	0.00717	0.01004	0.00287	0.01435	0.01004	0.00430	0.01148
30	0.01983	0.01895	0.03205	0.14402	0.53169	0.01945	0.02487	0.02485	0.01903	0.02668	0.01899	0.02401	0.04117	0.00834	0.00851	0.00259	0.01004	0.00804	0.00431	0.01260
31	0.01335	0.00959	0.01173	0.01153	0.01392	0.00906	0.00874	0.01816	0.07027	0.05592	0.31571	0.15856	0.18825	0.01935	0.01012	0.00294	0.00486	0.06082	0.00871	0.00838
32	0.01186	0.00804	0.00943	0.00994	0.01006	0.00791	0.00585	0.01224	0.01337	0.01783	0.03193	0.21849	0.03739	0.52933	0.03506	0.00703	0.00741	0.01538	0.00585	0.00560
33	0.01726	0.01649	0.02294	0.02001	0.02018	0.02250	0.01632	0.01905	0.01303	0.01998	0.01409	0.02417	0.01437	0.09319	0.09873	0.00528	0.54161	0.00815	0.00397	0.00868
34	0.01903	0.06750	0.24022	0.08179	0.08349	0.02136	0.30978	0.02656	0.01897	0.02636	0.01605	0.02069	0.01204	0.00760	0.00893	0.00273	0.01296	0.00817	0.00399	0.01178
35	0.01101	0.00827	0.01112	0.01266	0.01311	0.00839	0.00873	0.01252	0.01604	0.02163	0.04415	0.64314	0.05280	0.02575	0.01218	0.00348	0.05745	0.02290	0.00758	0.00710
36	0.02070	0.05946	0.04542	0.03226	0.03948	0.05922	0.47620	0.02670	0.01928	0.02566	0.01595	0.02149	0.01248	0.00824	0.01191	0.00288	0.09822	0.00917	0.00420	0.01109
37	0.76103	0.01646	0.01251	0.01119	0.01646	0.01909	0.00922	0.02502	0.01448	0.03818	0.01185	0.01382	0.00922	0.00790	0.00527	0.00263	0.00658	0.00461	0.00527	0.00922
38	0.01350	0.00913	0.01052	0.01010	0.01293	0.00790	0.00759	0.01609	0.02057	0.09231	0.19307	0.13949	0.39554	0.02007	0.00998	0.00287	0.00463	0.01710	0.00849	0.00811
39	0.10781	0.23728	0.03032	0.01759	0.02386	0.08847	0.06037	0.20517	0.02515	0.03364	0.04632	0.02238	0.04841	0.00957	0.00737	0.00234	0.00944	0.00719	0.00590	0.01142
40	0.04717	0.01248	0.01803	0.05569	0.02056	0.01344	0.07524	0.06301	0.01804	0.02577	0.03203	0.34936	0.03511	0.05381	0.01341	0.00343	0.08122	0.01601	0.05770	0.00847
41	0.01050	0.00746	0.00984	0.01169	0.01215	0.00700	0.00773	0.01188	0.01604	0.02139	0.04563	0.65470	0.05467	0.06953	0.01293	0.00376	0.00515	0.02344	0.00773	0.00680
42	0.03386	0.01399	0.01857	0.01454	0.02048	0.01236	0.01190	0.06130	0.02472	0.53405	0.09641	0.03485	0.05958	0.01178	0.00878	0.00265	0.00685	0.00970	0.01019	0.01346
43	0.01750	0.01844	0.06889	0.39920	0.19947	0.01892	0.06510	0.02329	0.01803	0.02418	0.01729	0.02639	0.01419	0.00906	0.00876	0.00282	0.01112	0.04252	0.00415	0.01069
44	0.01392	0.01171	0.01706	0.01604	0.01715	0.01485	0.01282	0.01664	0.01350	0.01995	0.01962	0.02939	0.01852	0.05046	0.49263	0.01096	0.20372	0.00866	0.00433	0.00807
45	0.01346	0.00961	0.01342	0.01538	0.01722	0.00957	0.01326	0.01719	0.01934	0.02518	0.04520	0.14225	0.04954	0.02375	0.01169	0.00388	0.00761	0.54685	0.00784	0.00776
46	0.01857	0.07840	0.54789	0.02549	0.08247	0.02029	0.02929	0.02740	0.01830	0.05254	0.01589	0.01842	0.01142	0.00810	0.00798	0.00263	0.01197	0.00638	0.00393	0.01263
47	0.02679	0.01896	0.02141	0.01754	0.02264	0.02079	0.01411	0.37812	0.07326	0.09201	0.02631	0.12353	0.02246	0.01706	0.06025	0.00361	0.02998	0.01044	0.00814	0.01259
48	0.01331	0.00898	0.01178	0.01092	0.01315	0.00825	0.00825	0.01729	0.02410	0.06406	0.61388	0.06190	0.07744	0.01707	0.00997	0.00267	0.00417	0.01506	0.00942	0.00834
49	0.02759	0.01643	0.01860	0.01534	0.02056	0.01727	0.01232	0.17547	0.19459	0.21493	0.02957	0.02826	0.02101	0.01061	0.00805	0.00255	0.00694	0.00851	0.15851	0.01288
50	0.07107	0.07439	0.02304	0.01714	0.02293	0.10408	0.01397	0.23041	0.09852	0.16746	0.07179	0.02536	0.02134	0.01046	0.00813	0.00252	0.00879	0.00799	0.00793	0.01269
51	0.02221	0.04773	0.10180	0.04749	0.05567	0.01573	0.01584	0.08073	0.07769	0.16526	0.14120	0.05952	0.03373	0.01325	0.00910	0.00282	0.00790	0.08310	0.00774	0.01148
52	0.01303	0.00930	0.01310	0.01294	0.01439	0.01077	0.00998	0.01602	0.01424	0.02151	0.02327	0.03360	0.02139	0.08400	0.50529	0.01114	0.04789	0.00902	0.12152	0.00761
53	0.01199	0.00895	0.01090	0.01195	0.01323	0.00878	0.00842	0.01569	0.07373	0.02276	0.04744	0.39454	0.12312	0.12830	0.01566	0.00412	0.00584	0.07964	0.00754	0.00738
54	0.05840	0.03192	0.29775	0.02373	0.07835	0.02272	0.02320	0.29098	0.02774	0.03943	0.01747	0.01911	0.01256	0.00899	0.00817	0.00262	0.01068	0.00692	0.00591	0.01334
55	0.09428	0.01267	0.01090	0.03761	0.01439	0.08156	0.00816	0.02199	0.01815	0.03079	0.02400	0.02772	0.01890	0.00952	0.00617	0.00211	0.00578	0.00731	0.55965	0.00834
56	0.59145	0.01782	0.05296	0.05666	0.05348	0.01861	0.01229	0.02452	0.01561	0.03571	0.04510	0.01759	0.01334	0.00842	0.00605	0.00265	0.00730	0.00561	0.00523	0.00960
57	0.07531	0.13231	0.44611	0.02232	0.03280	0.02142	0.07158	0.02611	0.01758	0.02655	0.01500	0.01809	0.01130	0.01029	0.03605	0.00305	0.01220	0.00632	0.00383	0.01178
58	0.02031	0.02292	0.08489	0.07319	0.05758	0.02105	0.41770	0.07183	0.02084	0.02888	0.01746	0.02262	0.01320	0.00805	0.01021	0.00281	0.04211	0.00915	0.04378	0.01143

[dist]
# distance from previous block
# <min> <max>
0	7

[block]
# block no. 3 follows, 21 sequences, length 19
# corresponding to MSA columns:
# 255-273
name=unknown_D
#
# <colnr> <probs for GDERKNQSTAVLIFYWHMCP>
#	G	D	E	R	K	N	Q	S	T	A	V	L	I	F	Y	W	H	M	C	P
0	0.01037	0.00741	0.00987	0.01185	0.01234	0.00691	0.00790	0.01185	0.01629	0.02172	0.04690	0.69537	0.05629	0.02666	0.01086	0.00346	0.00494	0.02419	0.00790	0.00691
1	0.01177	0.00869	0.01099	0.01042	0.01254	0.00791	0.00781	0.01552	0.02344	0.03257	0.56568	0.06612	0.15893	0.01798	0.01004	0.00270	0.00406	0.01575	0.00916	0.00791
2	0.02403	0.02100	0.01995	0.01777	0.02267	0.10850	0.01380	0.04338	0.49906	0.08485	0.03162	0.02928	0.02352	0.01108	0.00852	0.00277	0.00795	0.00897	0.00823	0.01306
3	0.01354	0.00967	0.01351	0.01547	0.01735	0.00964	0.01341	0.01733	0.01942	0.02527	0.04516	0.12770	0.04936	0.02368	0.01171	0.00389	0.00768	0.56059	0.00784	0.00779
4	0.02107	0.01658	0.01834	0.01689	0.02134	0.01865	0.01345	0.04029	0.48688	0.07634	0.03633	0.04244	0.02954	0.01350	0.00918	0.00304	0.00696	0.10795	0.00865	0.01259
5	0.01282	0.01014	0.01568	0.12662	0.02255	0.01204	0.01284	0.01631	0.01424	0.02009	0.02150	0.03161	0.01959	0.05446	0.55563	0.01184	0.02086	0.00885	0.00443	0.00791
6	0.01307	0.01510	0.12095	0.01447	0.01846	0.01051	0.01388	0.01757	0.02007	0.02665	0.15774	0.07342	0.19733	0.01931	0.01040	0.00323	0.00707	0.24485	0.00741	0.00851
7	0.01598	0.01087	0.01195	0.01094	0.01222	0.01130	0.00707	0.11568	0.01741	0.02377	0.02579	0.04817	0.02756	0.53931	0.03501	0.00688	0.00816	0.01129	0.05371	0.00691
8	0.02009	0.02296	0.05022	0.03587	0.04448	0.02152	0.61693	0.02726	0.02009	0.02726	0.01722	0.02296	0.01291	0.00717	0.01004	0.00287	0.01435	0.01004	0.00430	0.01148
9	0.02106	0.02022	0.03454	0.05223	0.64784	0.02022	0.02612	0.02612	0.01938	0.02780	0.01601	0.02106	0.01348	0.00758	0.00842	0.00253	0.01011	0.00758	0.00421	0.01348
10	0.02179	0.01576	0.01805	0.01911	0.02101	0.01384	0.01333	0.02066	0.02293	0.03139	0.05333	0.44563	0.09212	0.02927	0.01458	0.00516	0.00905	0.12975	0.01072	0.01249
11	0.03010	0.01989	0.02237	0.01759	0.02322	0.02144	0.01423	0.44448	0.03316	0.12174	0.02111	0.02241	0.01535	0.01353	0.01271	0.12957	0.00877	0.00773	0.00795	0.01265
12	0.03034	0.01530	0.02023	0.01649	0.02129	0.01566	0.01361	0.07477	0.05001	0.39457	0.07155	0.03345	0.02502	0.01260	0.01215	0.00291	0.12204	0.04641	0.00890	0.01269
13	0.02121	0.01220	0.01566	0.01358	0.01730	0.01209	0.01070	0.06783	0.07619	0.19721	0.28009	0.04350	0.04527	0.02243	0.12073	0.00454	0.00866	0.01147	0.00874	0.01059
14	0.01774	0.07011	0.49212	0.02402	0.03403	0.02157	0.05630	0.02580	0.01720	0.02554	0.01451	0.01811	0.01095	0.00916	0.01141	0.00284	0.12645	0.00658	0.00365	0.01189
15	0.02036	0.10453	0.26793	0.01983	0.02705	0.18443	0.02053	0.02554	0.01929	0.02344	0.02604	0.02773	0.11819	0.01103	0.00973	0.00259	0.06871	0.00798	0.00454	0.01052
16	0.01770	0.01943	0.04032	0.02955	0.03662	0.01806	0.47047	0.02362	0.01970	0.02614	0.03100	0.08049	0.12294	0.01099	0.01010	0.00291	0.01198	0.01238	0.00517	0.01043
17	0.01607	0.01513	0.02552	0.68047	0.05861	0.01891	0.02363	0.02174	0.01702	0.02174	0.01513	0.02269	0.01134	0.00851	0.00851	0.00284	0.01134	0.00756	0.00378	0.00945
18	0.01923	0.01515	0.02398	0.02153	0.10065	0.01341	0.12159	0.02371	0.02074	0.10345	0.18354	0.05588	0.03303	0.01073	0.00865	0.00232	0.00770	0.01006	0.00669	0.21798

[dist]
# distance from previous block
# <min> <max>
0	5

[block]
# block no. 4 follows, 21 sequences, length 30
# corresponding to MSA columns:
# 279-308
name=unknown_E
#
# <colnr> <probs for GDERKNQSTAVLIFYWHMCP>
#	G	D	E	R	K	N	Q	S	T	A	V	L	I	F	Y	W	H	M	C	P
0	0.56833	0.01792	0.06470	0.08504	0.02216	0.01836	0.01226	0.02392	0.01489	0.03398	0.01353	0.01806	0.01110	0.05668	0.00852	0.00305	0.00769	0.00561	0.00496	0.00922
1	0.05944	0.01354	0.01786	0.01407	0.01984	0.01199	0.01150	0.03693	0.02353	0.52884	0.09107	0.03196	0.02640	0.01106	0.00840	0.00259	0.00668	0.00903	0.06207	0.01322
2	0.01850	0.01818	0.02502	0.02113	0.02207	0.02423	0.01756	0.02060	0.01361	0.02138	0.01166	0.01850	0.01135	0.01383	0.02524	0.00342	0.60084	0.00715	0.00389	0.10186
3	0.01828	0.01951	0.07290	0.35745	0.27542	0.01964	0.06677	0.02411	0.01817	0.02473	0.01561	0.02179	0.01221	0.00804	0.00856	0.00271	0.01118	0.00766	0.00397	0.01130
4	0.02070	0.01736	0.01824	0.01649	0.02105	0.02000	0.01280	0.04297	0.57808	0.03526	0.03403	0.03175	0.02561	0.01140	0.00842	0.00281	0.00649	0.00947	0.07409	0.01298
5	0.01057	0.00755	0.01010	0.01207	0.01265	0.00708	0.00824	0.01219	0.01649	0.02194	0.04680	0.66008	0.05585	0.02648	0.01091	0.00348	0.00511	0.05754	0.00790	0.00697
6	0.01358	0.00904	0.01187	0.01097	0.01324	0.00829	0.00829	0.01756	0.02410	0.07061	0.60744	0.06153	0.07681	0.01699	0.00995	0.00267	0.00420	0.01499	0.00944	0.00841
7	0.02073	0.01967	0.03299	0.04918	0.59416	0.01979	0.02505	0.02650	0.04411	0.02801	0.01807	0.02488	0.01559	0.00846	0.00858	0.00260	0.00987	0.03398	0.00456	0.01322
8	0.01037	0.00741	0.00987	0.01185	0.01234	0.00691	0.00790	0.01185	0.01629	0.02172	0.04690	0.69537	0.05629	0.02666	0.01086	0.00346	0.00494	0.02419	0.00790	0.00691
9	0.01037	0.00741	0.00987	0.01185	0.01234	0.00691	0.00790	0.01185	0.01629	0.02172	0.04690	0.69537	0.05629	0.02666	0.01086	0.00346	0.00494	0.02419	0.00790	0.00691
10	0.03205	0.02191	0.02468	0.01913	0.02530	0.02418	0.01582	0.47573	0.03517	0.14490	0.02168	0.02161	0.01522	0.01068	0.01024	0.00267	0.06885	0.00778	0.00841	0.01402
11	0.02742	0.01884	0.02088	0.01741	0.02308	0.02063	0.01393	0.18372	0.36220	0.16863	0.03097	0.02843	0.02216	0.01101	0.00860	0.00275	0.00748	0.00892	0.00901	0.01392
12	0.01877	0.01940	0.06535	0.35670	0.04194	0.04906	0.02000	0.03150	0.24952	0.02728	0.02241	0.02546	0.01681	0.00964	0.00850	0.00282	0.00987	0.00816	0.00564	0.01120
13	0.02275	0.70604	0.04459	0.01456	0.02184	0.03367	0.01456	0.02548	0.01729	0.02002	0.01183	0.01365	0.01092	0.00728	0.00546	0.00182	0.00910	0.00455	0.00364	0.01092
14	0.05343	0.02298	0.02389	0.06306	0.02727	0.06238	0.01587	0.46273	0.07548	0.04696	0.02062	0.02129	0.01495	0.01002	0.00826	0.00255	0.00936	0.00757	0.03796	0.01336
15	0.14480	0.02411	0.02336	0.04863	0.02631	0.09455	0.01546	0.43618	0.03327	0.04621	0.01806	0.01895	0.01313	0.00962	0.00792	0.00254	0.00967	0.00695	0.00734	0.01293
16	0.01380	0.00909	0.01194	0.01100	0.01332	0.00833	0.00833	0.01776	0.02411	0.07563	0.60251	0.06125	0.07633	0.01694	0.00994	0.00267	0.00423	0.01493	0.00945	0.00846
17	0.01066	0.00763	0.01014	0.01165	0.01241	0.00711	0.00792	0.01259	0.01767	0.02392	0.15239	0.58363	0.06053	0.02502	0.01072	0.00332	0.00477	0.02264	0.00816	0.00711
18	0.01208	0.00994	0.01512	0.01506	0.01622	0.01019	0.06290	0.01411	0.01629	0.02208	0.04057	0.56568	0.04777	0.02372	0.01256	0.00343	0.07634	0.02120	0.00715	0.00756
19	0.71265	0.01633	0.01299	0.01146	0.01681	0.01865	0.00944	0.02612	0.01514	0.07939	0.01330	0.01484	0.01001	0.00808	0.00549	0.00263	0.00663	0.00487	0.00562	0.00957
20	0.03790	0.01493	0.02003	0.01535	0.02195	0.01317	0.01268	0.06903	0.02510	0.62512	0.03295	0.02856	0.02075	0.01052	0.00856	0.00263	0.00734	0.00852	0.01044	0.01448
21	0.01037	0.00741	0.00987	0.01185	0.01234	0.00691	0.00790	0.01185	0.01629	0.02172	0.04690	0.69537	0.05629	0.02666	0.01086	0.00346	0.00494	0.02419	0.00790	0.00691
22	0.01095	0.00800	0.01038	0.01215	0.01287	0.00768	0.00820	0.01366	0.04968	0.02248	0.04624	0.65942	0.05464	0.02584	0.01074	0.00343	0.00503	0.02340	0.00794	0.00727
23	0.03818	0.01448	0.01975	0.01514	0.02172	0.01251	0.01251	0.04147	0.02436	0.65373	0.03357	0.02897	0.02107	0.01053	0.00856	0.00263	0.00724	0.00856	0.01053	0.01448
24	0.01037	0.00741	0.00987	0.01185	0.01234	0.00691	0.00790	0.01185	0.01629	0.02172	0.04690	0.69537	0.05629	0.02666	0.01086	0.00346	0.00494	0.02419	0.00790	0.00691
25	0.02167	0.01853	0.01953	0.01742	0.02232	0.02140	0.01359	0.07110	0.60577	0.03641	0.03400	0.03124	0.02546	0.01149	0.00865	0.00287	0.00685	0.00953	0.00865	0.01352
26	0.02704	0.01966	0.02141	0.01780	0.02350	0.02183	0.01425	0.23663	0.35833	0.11905	0.02976	0.02762	0.02152	0.01097	0.00860	0.00274	0.00768	0.00883	0.00885	0.01393
27	0.01062	0.00768	0.01004	0.01148	0.01235	0.00711	0.00784	0.01254	0.01771	0.02377	0.14392	0.55882	0.09484	0.02489	0.01068	0.00330	0.00475	0.02243	0.00813	0.00711
28	0.03637	0.01457	0.01952	0.01508	0.02140	0.01288	0.01241	0.06630	0.02505	0.58979	0.06900	0.03062	0.02426	0.01092	0.00864	0.00263	0.00715	0.00892	0.01037	0.01410
29	0.01884	0.20192	0.42910	0.02342	0.03419	0.02337	0.10376	0.02663	0.01808	0.02531	0.01469	0.01757	0.01109	0.00777	0.00770	0.00251	0.01196	0.00636	0.00370	0.01203

[dist]
# distance from previous block
# <min> <max>
0	6

[block]
# block no. 5 follows, 21 sequences, length 55
# corresponding to MSA columns:
# 315-369
name=unknown_F
#
# <colnr> <probs for GDERKNQSTAVLIFYWHMCP>
#	G	D	E	R	K	N	Q	S	T	A	V	L	I	F	Y	W	H	M	C	P
0	0.06925	0.02346	0.02488	0.01916	0.02589	0.02602	0.01582	0.58936	0.03872	0.05285	0.02000	0.02010	0.01421	0.01010	0.00835	0.00256	0.00922	0.00751	0.00835	0.01421
1	0.01973	0.01663	0.02107	0.01569	0.02257	0.01451	0.06469	0.12935	0.02193	0.03181	0.02165	0.06030	0.04720	0.00901	0.00748	0.00184	0.00739	0.00770	0.00591	0.47352
2	0.01792	0.11904	0.55507	0.02455	0.06582	0.02139	0.02923	0.02674	0.01796	0.02620	0.01491	0.01763	0.01093	0.00797	0.00780	0.00259	0.01205	0.00615	0.00363	0.01243
3	0.01576	0.00882	0.00955	0.00928	0.01120	0.00911	0.00687	0.04510	0.01771	0.02953	0.02674	0.03418	0.02247	0.09576	0.08857	0.00411	0.00693	0.00857	0.54187	0.00786
4	0.01984	0.01897	0.03233	0.20623	0.50341	0.01990	0.02551	0.02505	0.01880	0.02632	0.01579	0.02146	0.01296	0.00781	0.00845	0.00260	0.01041	0.00758	0.00411	0.01249
5	0.01986	0.03590	0.45332	0.02906	0.14370	0.01929	0.06364	0.02814	0.01892	0.08382	0.01717	0.01980	0.01231	0.00816	0.00830	0.00267	0.01176	0.00695	0.00437	0.01284
6	0.01930	0.03056	0.30152	0.03930	0.35070	0.02010	0.06356	0.02654	0.01882	0.02741	0.01576	0.01985	0.01229	0.00777	0.00838	0.00262	0.01142	0.00718	0.00395	0.01297
7	0.01029	0.00870	0.00895	0.00908	0.01189	0.00735	0.00693	0.01256	0.01941	0.02315	0.08355	0.08281	0.60585	0.02168	0.01017	0.00294	0.00454	0.05502	0.00790	0.00723
8	0.76103	0.01646	0.01251	0.01119	0.01646	0.01909	0.00922	0.02502	0.01448	0.03818	0.01185	0.01382	0.00922	0.00790	0.00527	0.00263	0.00658	0.00461	0.00527	0.00922
9	0.01763	0.04060	0.56550	0.02783	0.10667	0.01987	0.05059	0.02687	0.01820	0.02706	0.01542	0.01849	0.01116	0.00800	0.00819	0.00268	0.01236	0.00656	0.00369	0.01264
10	0.01116	0.00822	0.01063	0.01212	0.01312	0.00773	0.00824	0.01372	0.04281	0.02259	0.04493	0.63604	0.05300	0.02509	0.01056	0.00333	0.00508	0.02270	0.00780	0.04114
11	0.02220	0.01728	0.02116	0.01648	0.02258	0.01666	0.03953	0.17579	0.04820	0.06732	0.02155	0.05871	0.01843	0.01037	0.00910	0.00222	0.04796	0.04345	0.00657	0.33445
12	0.01085	0.00865	0.00972	0.00945	0.01198	0.00752	0.00709	0.01375	0.02127	0.02743	0.30861	0.07458	0.41921	0.01989	0.01005	0.00279	0.00419	0.01693	0.00849	0.00752
13	0.01328	0.00899	0.01167	0.01084	0.01311	0.00822	0.00819	0.01717	0.02389	0.06499	0.58712	0.06265	0.10297	0.01724	0.00996	0.00268	0.00419	0.01516	0.00936	0.00832
14	0.09941	0.07263	0.55648	0.02235	0.03387	0.02035	0.02818	0.02667	0.01755	0.02786	0.01473	0.01730	0.01061	0.00803	0.00765	0.00265	0.01175	0.00602	0.00378	0.01213
15	0.02958	0.03237	0.02478	0.02250	0.05399	0.39036	0.01682	0.16882	0.06598	0.02967	0.01618	0.01814	0.01288	0.00977	0.00976	0.00247	0.07258	0.00652	0.00555	0.01128
16	0.01037	0.00741	0.00987	0.01185	0.01234	0.00691	0.00790	0.01185	0.01629	0.02172	0.04690	0.69537	0.05629	0.02666	0.01086	0.00346	0.00494	0.02419	0.00790	0.00691
17	0.01052	0.00752	0.01001	0.01175	0.01238	0.00701	0.00791	0.01223	0.01700	0.02285	0.10086	0.63821	0.05846	0.02582	0.01079	0.00339	0.00485	0.02340	0.00803	0.00701
18	0.01227	0.03948	0.01258	0.01110	0.01327	0.00908	0.00851	0.01579	0.02229	0.03068	0.46623	0.12798	0.12657	0.01864	0.01002	0.00281	0.00459	0.05143	0.00873	0.00795
19	0.01034	0.00863	0.00901	0.00892	0.01167	0.00730	0.00669	0.01276	0.02006	0.02457	0.16547	0.07929	0.56414	0.02096	0.01005	0.00285	0.00427	0.01759	0.00811	0.00730
20	0.01037	0.00741	0.00987	0.01185	0.01234	0.00691	0.00790	0.01185	0.01629	0.02172	0.04690	0.69537	0.05629	0.02666	0.01086	0.00346	0.00494	0.02419	0.00790	0.00691
21	0.02009	0.02296	0.05022	0.03587	0.04448	0.02152	0.61693	0.02726	0.02009	0.02726	0.01722	0.02296	0.01291	0.00717	0.01004	0.00287	0.01435	0.01004	0.00430	0.01148
22	0.01827	0.18346	0.52788	0.02221	0.03367	0.02269	0.02789	0.02664	0.01782	0.02549	0.01455	0.01706	0.01081	0.00792	0.00753	0.00251	0.01184	0.00592	0.00360	0.01223
23	0.01258	0.00973	0.01448	0.01424	0.01566	0.01164	0.01115	0.01554	0.01364	0.01980	0.02204	0.03247	0.02062	0.06066	0.62582	0.01303	0.06568	0.00901	0.00450	0.00771
24	0.02275	0.70604	0.04459	0.01456	0.02184	0.03367	0.01456	0.02548	0.01729	0.02002	0.01183	0.01365	0.01092	0.00728	0.00546	0.00182	0.00910	0.00455	0.00364	0.01092
25	0.01094	0.00789	0.01049	0.01237	0.01324	0.00743	0.00886	0.01289	0.01702	0.02244	0.04846	0.56035	0.08312	0.02586	0.01098	0.00351	0.00542	0.12376	0.00789	0.00709
26	0.01245	0.00893	0.01127	0.01243	0.01348	0.00873	0.00853	0.06684	0.01826	0.02438	0.04362	0.60589	0.05138	0.05514	0.01209	0.00359	0.00549	0.02217	0.00783	0.00752
27	0.03100	0.02283	0.02458	0.01910	0.02553	0.02519	0.01567	0.58207	0.03855	0.05167	0.02206	0.06197	0.01705	0.01123	0.00866	0.00261	0.00909	0.00868	0.00848	0.01401
28	0.02106	0.02022	0.03454	0.05223	0.64784	0.02022	0.02612	0.02612	0.01938	0.02780	0.01601	0.02106	0.01348	0.00758	0.00842	0.00253	0.01011	0.00758	0.00421	0.01348
29	0.01679	0.01548	0.02666	0.50731	0.12677	0.01817	0.05427	0.02162	0.01694	0.02216	0.01532	0.02279	0.01200	0.01023	0.01082	0.07061	0.01099	0.00768	0.00386	0.00954
30	0.01265	0.00916	0.01237	0.01388	0.01566	0.00888	0.01148	0.01600	0.01949	0.02556	0.11469	0.19697	0.10158	0.02323	0.01127	0.00362	0.00662	0.38122	0.00802	0.00764
31	0.10757	0.01920	0.02081	0.01642	0.02241	0.02058	0.01346	0.35386	0.05237	0.16882	0.02348	0.02312	0.01647	0.01005	0.00790	0.00253	0.00795	0.00762	0.09225	0.01315
32	0.03818	0.01448	0.01975	0.01514	0.02172	0.01251	0.01251	0.04147	0.02436	0.65373	0.03357	0.02897	0.02107	0.01053	0.00856	0.00263	0.00724	0.00856	0.01053	0.01448
33	0.01707	0.04402	0.65683	0.02426	0.03683	0.01976	0.03144	0.02695	0.01797	0.02695	0.01527	0.01797	0.01078	0.00809	0.00809	0.00270	0.01258	0.00629	0.00359	0.01258
34	0.01037	0.00741	0.00987	0.01185	0.01234	0.00691	0.00790	0.01185	0.01629	0.02172	0.04690	0.69537	0.05629	0.02666	0.01086	0.00346	0.00494	0.02419	0.00790	0.00691
35	0.01037	0.00741	0.00987	0.01185	0.01234	0.00691	0.00790	0.01185	0.01629	0.02172	0.04690	0.69537	0.05629	0.02666	0.01086	0.00346	0.00494	0.02419	0.00790	0.00691
36	0.01607	0.01513	0.02552	0.68047	0.05861	0.01891	0.02363	0.02174	0.01702	0.02174	0.01513	0.02269	0.01134	0.00851	0.00851	0.00284	0.01134	0.00756	0.00378	0.00945
37	0.01052	0.00752	0.01001	0.01175	0.01238	0.00701	0.00791	0.01223	0.01700	0.02285	0.10086	0.63821	0.05846	0.02582	0.01079	0.00339	0.00485	0.02340	0.00803	0.00701
38	0.01037	0.00741	0.00987	0.01185	0.01234	0.00691	0.00790	0.01185	0.01629	0.02172	0.04690	0.69537	0.05629	0.02666	0.01086	0.00346	0.00494	0.02419	0.00790	0.00691
39	0.02401	0.01579	0.01663	0.01369	0.01806	0.01705	0.01100	0.31618	0.02880	0.04255	0.02414	0.02614	0.01818	0.01006	0.00722	0.00227	0.00663	0.00780	0.38262	0.01116
40	0.02082	0.01609	0.01866	0.01377	0.02089	0.01348	0.01105	0.11093	0.02132	0.06987	0.01823	0.04403	0.01503	0.00790	0.00694	0.00162	0.00676	0.00636	0.00600	0.57023
41	0.01549	0.05485	0.05296	0.01239	0.01590	0.01151	0.01045	0.05090	0.02397	0.06855	0.47520	0.05429	0.08922	0.01562	0.00947	0.00262	0.00532	0.01349	0.00863	0.00915
42	0.01797	0.01771	0.03170	0.21578	0.03998	0.01715	0.23784	0.02326	0.01810	0.02529	0.01588	0.02140	0.01244	0.00820	0.00940	0.03236	0.01078	0.00772	0.00435	0.23270
43	0.01860	0.01709	0.03157	0.12094	0.03433	0.01729	0.28006	0.02394	0.01864	0.04979	0.02250	0.02726	0.04634	0.00934	0.01022	0.00268	0.06455	0.00917	0.15253	0.04318
44	0.01157	0.00868	0.01071	0.01021	0.01242	0.00783	0.00765	0.01513	0.02296	0.03145	0.50942	0.06798	0.21589	0.01840	0.01004	0.00272	0.00409	0.01601	0.00902	0.00783
45	0.01600	0.01469	0.02471	0.64249	0.05592	0.01825	0.02271	0.02114	0.01668	0.02135	0.01511	0.02287	0.01154	0.00970	0.00991	0.04536	0.01112	0.00755	0.00378	0.00913
46	0.06322	0.25018	0.28932	0.01778	0.02622	0.02193	0.02002	0.02481	0.01781	0.05616	0.02223	0.08023	0.05624	0.01043	0.00746	0.00248	0.00962	0.00806	0.00471	0.01109
47	0.01981	0.02486	0.10509	0.03482	0.04378	0.02136	0.56396	0.02723	0.01989	0.02723	0.01704	0.02250	0.01272	0.00726	0.00987	0.00285	0.01419	0.00970	0.00424	0.01158
48	0.01150	0.00834	0.01089	0.01124	0.01280	0.00772	0.00822	0.01461	0.02112	0.02914	0.39280	0.26940	0.09787	0.02090	0.01040	0.00300	0.00453	0.04916	0.00874	0.00762
49	0.01663	0.01448	0.02351	0.44487	0.13657	0.01690	0.02076	0.02185	0.01766	0.02436	0.01905	0.02852	0.01564	0.00955	0.00833	0.00273	0.00985	0.04535	0.11366	0.00972
50	0.05188	0.09133	0.31407	0.02155	0.03091	0.01890	0.10497	0.02900	0.01953	0.16155	0.02340	0.02441	0.05224	0.00923	0.00823	0.00264	0.01061	0.00779	0.00552	0.01222
51	0.01451	0.00833	0.01045	0.01109	0.01254	0.00797	0.00780	0.01679	0.01703	0.08102	0.03820	0.38855	0.04074	0.06453	0.04863	0.00388	0.00611	0.01704	0.19697	0.00779
52	0.10230	0.22128	0.37835	0.05918	0.03171	0.02346	0.02383	0.02602	0.01733	0.02600	0.01393	0.01659	0.01068	0.00787	0.00707	0.00246	0.01087	0.00570	0.00381	0.01156
53	0.69564	0.01628	0.01316	0.01155	0.01693	0.01850	0.00951	0.02650	0.01538	0.09387	0.01381	0.01519	0.01029	0.00814	0.00556	0.00263	0.00664	0.00497	0.00574	0.00969
54	0.01321	0.00962	0.01198	0.01205	0.01382	0.00870	0.00862	0.01577	0.02230	0.03093	0.41638	0.24515	0.11505	0.02120	0.01091	0.00322	0.00494	0.01835	0.00928	0.00853

[dist]
# distance from previous block
# <min> <max>
0	8

[block]
# block no. 6 follows, 21 sequences, length 51
# corresponding to MSA columns:
# 378-427,429
name=unknown_G
#
# <colnr> <probs for GDERKNQSTAVLIFYWHMCP>
#	G	D	E	R	K	N	Q	S	T	A	V	L	I	F	Y	W	H	M	C	P
0	0.31162	0.02037	0.05623	0.01578	0.02229	0.02050	0.01369	0.24468	0.02590	0.16309	0.01941	0.01942	0.01353	0.00927	0.00725	0.00261	0.00807	0.00659	0.00738	0.01235
1	0.01912	0.17700	0.18642	0.05328	0.03229	0.02196	0.17290	0.02464	0.01768	0.02443	0.01472	0.01886	0.01183	0.00883	0.01009	0.03633	0.05044	0.00688	0.00400	0.10831
2	0.02003	0.05472	0.02681	0.02192	0.02268	0.08513	0.01822	0.02197	0.01426	0.02049	0.01139	0.01807	0.01114	0.01396	0.02496	0.00349	0.59044	0.00712	0.00378	0.00944
3	0.01054	0.00760	0.00998	0.01159	0.01235	0.00705	0.00785	0.01232	0.01727	0.02312	0.11323	0.60035	0.08435	0.02544	0.01074	0.00335	0.00481	0.02297	0.00806	0.00705
4	0.02063	0.02017	0.03558	0.09226	0.54574	0.02027	0.08760	0.02595	0.01929	0.02734	0.01608	0.02137	0.01328	0.00760	0.00860	0.00258	0.01063	0.00784	0.00419	0.01300
5	0.01037	0.00741	0.00987	0.01185	0.01234	0.00691	0.00790	0.01185	0.01629	0.02172	0.04690	0.69537	0.05629	0.02666	0.01086	0.00346	0.00494	0.02419	0.00790	0.00691
6	0.01037	0.00741	0.00987	0.01185	0.01234	0.00691	0.00790	0.01185	0.01629	0.02172	0.04690	0.69537	0.05629	0.02666	0.01086	0.00346	0.00494	0.02419	0.00790	0.00691
7	0.06436	0.00799	0.01118	0.01109	0.01144	0.00817	0.00751	0.01201	0.01131	0.01634	0.01459	0.02507	0.01441	0.02812	0.03140	0.70259	0.00734	0.00721	0.00380	0.00406
8	0.03161	0.02347	0.02512	0.01943	0.02611	0.02604	0.01600	0.58126	0.07942	0.05243	0.02138	0.02118	0.01524	0.01030	0.00852	0.00258	0.00919	0.00779	0.00852	0.01441
9	0.01709	0.01082	0.01318	0.01216	0.01527	0.01032	0.00925	0.02313	0.10768	0.13369	0.27787	0.14213	0.15866	0.01742	0.00971	0.00284	0.00511	0.01509	0.00901	0.00957
10	0.02002	0.01323	0.01552	0.01352	0.01733	0.01354	0.01056	0.09170	0.16152	0.12079	0.29888	0.04586	0.07085	0.01409	0.00912	0.00267	0.00565	0.01199	0.05237	0.01079
11	0.01478	0.00739	0.01109	0.01109	0.01109	0.00739	0.00739	0.01109	0.01109	0.01478	0.01478	0.02587	0.01478	0.02956	0.03326	0.75240	0.00739	0.00739	0.00370	0.00370
12	0.01294	0.00893	0.01145	0.01069	0.01297	0.00813	0.00806	0.01674	0.02364	0.05894	0.56262	0.06394	0.13373	0.01752	0.00998	0.00269	0.00418	0.01536	0.00927	0.00822
13	0.01037	0.00741	0.00987	0.01185	0.01234	0.00691	0.00790	0.01185	0.01629	0.02172	0.04690	0.69537	0.05629	0.02666	0.01086	0.00346	0.00494	0.02419	0.00790	0.00691
