[name]
unknown

[dist]
# distance from previous block
# <min> <max>
0	7

[block]
# block no. 0 follows, 22 sequences, length 23
# corresponding to MSA columns:
# 7-29
name=unknown_A
#
# <colnr> <probs for GDERKNQSTAVLIFYWHMCP>
#	G	D	E	R	K	N	Q	S	T	A	V	L	I	F	Y	W	H	M	C	P
0	0.07918	0.04948	0.01895	0.05566	0.02132	0.01443	0.04363	0.09715	0.02230	0.13142	0.15808	0.09176	0.05482	0.01409	0.00889	0.00276	0.00712	0.09150	0.00756	0.02991
1	0.02181	0.01659	0.02069	0.01701	0.02176	0.01745	0.06722	0.23430	0.10120	0.07457	0.06541	0.09191	0.13708	0.01419	0.00969	0.00279	0.02792	0.03945	0.00780	0.01116
2	0.02395	0.10089	0.02099	0.01478	0.02012	0.01675	0.01227	0.11276	0.10743	0.18343	0.08096	0.06773	0.02718	0.01195	0.00821	0.00247	0.00706	0.06186	0.00775	0.11145
3	0.22394	0.17175	0.25008	0.01892	0.05465	0.02276	0.01928	0.09968	0.01919	0.03113	0.01395	0.01600	0.01070	0.00791	0.00668	0.00241	0.00948	0.00556	0.00458	0.01132
4	0.01549	0.00774	0.00774	0.00774	0.00968	0.00774	0.00581	0.01936	0.01742	0.03097	0.02710	0.03097	0.02129	0.00968	0.00581	0.00194	0.00387	0.00774	0.75416	0.00774
5	0.07175	0.09010	0.02487	0.01755	0.02364	0.02388	0.01469	0.37907	0.07955	0.12487	0.02093	0.02078	0.01505	0.00994	0.00883	0.00252	0.04389	0.00726	0.00768	0.01315
6	0.09384	0.01859	0.01822	0.01541	0.02032	0.11582	0.01219	0.08062	0.13396	0.23814	0.13536	0.03066	0.02849	0.01111	0.00820	0.00255	0.00774	0.00883	0.00822	0.01171
7	0.02366	0.60261	0.04025	0.01539	0.02204	0.13812	0.01452	0.02624	0.01797	0.01967	0.01176	0.01360	0.01067	0.00735	0.00568	0.00184	0.00988	0.00459	0.00367	0.01049
8	0.04417	0.00919	0.01158	0.01066	0.01311	0.00854	0.00811	0.01755	0.02292	0.07635	0.55370	0.05867	0.10120	0.01635	0.00951	0.00262	0.00425	0.01426	0.00899	0.00828
9	0.01149	0.00847	0.01058	0.01163	0.01269	0.00811	0.00783	0.01437	0.05865	0.02174	0.04065	0.53139	0.04728	0.11797	0.01459	0.00387	0.00546	0.02008	0.00725	0.04589
10	0.01103	0.00822	0.01026	0.01027	0.01210	0.00745	0.00750	0.01408	0.02103	0.02864	0.41293	0.19690	0.18970	0.01966	0.00997	0.00281	0.00416	0.01729	0.00856	0.00745
11	0.05946	0.02425	0.15197	0.01924	0.02532	0.07493	0.07125	0.18810	0.02365	0.03209	0.02780	0.10473	0.09442	0.01251	0.00972	0.00273	0.05083	0.01014	0.00604	0.01083
12	0.01314	0.01013	0.01401	0.01234	0.01422	0.00953	0.06198	0.01471	0.01444	0.01996	0.05608	0.12099	0.03115	0.41730	0.05870	0.00618	0.00843	0.01232	0.00542	0.09894
13	0.09806	0.01529	0.01830	0.01429	0.02022	0.01447	0.01166	0.13582	0.02460	0.33060	0.10325	0.02812	0.02442	0.01025	0.00792	0.00238	0.00685	0.00820	0.00857	0.11672
14	0.13316	0.03879	0.56361	0.02170	0.03287	0.01919	0.02732	0.02602	0.01701	0.02801	0.01439	0.01691	0.01029	0.00786	0.00747	0.00262	0.01137	0.00588	0.00376	0.01177
15	0.02902	0.01978	0.02179	0.01676	0.02305	0.02078	0.01375	0.43127	0.03267	0.11757	0.02143	0.02156	0.01529	0.00951	0.00783	0.00230	0.00806	0.00729	0.07498	0.10534
16	0.01279	0.00884	0.01241	0.09490	0.01824	0.00875	0.00990	0.01537	0.01809	0.06223	0.17088	0.44123	0.05249	0.02096	0.01001	0.00309	0.00553	0.01886	0.00768	0.00773
17	0.01865	0.10115	0.02636	0.04097	0.05564	0.01960	0.08209	0.02168	0.01589	0.07865	0.01980	0.10039	0.01871	0.02087	0.12175	0.00467	0.22915	0.00945	0.00491	0.00964
18	0.01405	0.00879	0.01118	0.01097	0.01317	0.00789	0.00807	0.01680	0.02039	0.10514	0.28808	0.25835	0.16606	0.01966	0.00987	0.00288	0.00464	0.01729	0.00859	0.00813
19	0.01664	0.01476	0.01929	0.01691	0.01975	0.05975	0.06697	0.06153	0.01723	0.02338	0.02217	0.03668	0.02146	0.10753	0.24215	0.00702	0.09269	0.08138	0.00509	0.06761
20	0.02238	0.01612	0.01807	0.01517	0.01991	0.01703	0.01193	0.16756	0.24264	0.08878	0.05452	0.03078	0.06522	0.01345	0.01129	0.09567	0.00697	0.00894	0.00761	0.08596
21	0.61638	0.01862	0.09091	0.01252	0.01815	0.01778	0.01152	0.02363	0.01469	0.03468	0.01467	0.06834	0.01281	0.00918	0.00590	0.00264	0.00701	0.00620	0.00515	0.00922
22	0.01114	0.00827	0.01071	0.01156	0.01302	0.00738	0.00799	0.01309	0.01675	0.02301	0.09629	0.56072	0.05179	0.02277	0.00998	0.00304	0.00490	0.02054	0.00750	0.09954

[dist]
# distance from previous block
# <min> <max>
0	1

[block]
# block no. 1 follows, 22 sequences, length 31
# corresponding to MSA columns:
# 31-61
name=unknown_B
#
# <colnr> <probs for GDERKNQSTAVLIFYWHMCP>
#	G	D	E	R	K	N	Q	S	T	A	V	L	I	F	Y	W	H	M	C	P
0	0.01028	0.00742	0.00974	0.01129	0.01205	0.00688	0.00766	0.01203	0.01688	0.02258	0.11347	0.60291	0.08643	0.02480	0.01048	0.00326	0.00469	0.02239	0.00787	0.00688
1	0.02207	0.01649	0.01814	0.01617	0.02072	0.01835	0.01257	0.06559	0.47189	0.11186	0.03436	0.10172	0.02743	0.01266	0.00866	0.00283	0.00656	0.01070	0.00859	0.01263
2	0.19541	0.01133	0.01287	0.01136	0.01490	0.01120	0.00892	0.02232	0.02134	0.14996	0.38613	0.04433	0.05130	0.01355	0.00843	0.00260	0.00509	0.01130	0.00841	0.00927
3	0.03466	0.01535	0.01961	0.01519	0.02143	0.01424	0.01250	0.12934	0.04100	0.52222	0.03332	0.02957	0.05030	0.01078	0.00842	0.00258	0.00724	0.00869	0.00981	0.01377
4	0.02036	0.01327	0.01573	0.01402	0.01779	0.01372	0.01083	0.05913	0.23186	0.15273	0.21458	0.12790	0.04327	0.01464	0.00910	0.00277	0.00579	0.01263	0.00890	0.01099
5	0.01261	0.00841	0.01066	0.01034	0.01228	0.00777	0.00766	0.01608	0.02164	0.04978	0.45838	0.14341	0.09592	0.01740	0.00944	0.00265	0.00414	0.01531	0.08828	0.00783
6	0.02005	0.01153	0.01283	0.01142	0.01442	0.01177	0.00869	0.14335	0.02180	0.09988	0.02864	0.11948	0.02503	0.07537	0.01053	0.00286	0.00579	0.01025	0.35696	0.00934
7	0.76672	0.01607	0.01221	0.01092	0.01607	0.01864	0.00900	0.02442	0.01414	0.03727	0.01157	0.01350	0.00900	0.00771	0.00514	0.00257	0.00643	0.00450	0.00514	0.00900
8	0.30378	0.01393	0.01474	0.01261	0.01722	0.01436	0.01002	0.06780	0.01976	0.22900	0.08122	0.09836	0.02518	0.04615	0.00920	0.00293	0.00649	0.00927	0.00758	0.01040
9	0.01347	0.00929	0.01084	0.01117	0.01264	0.00919	0.00775	0.07972	0.01824	0.02512	0.04063	0.37203	0.09610	0.13845	0.01507	0.00384	0.00566	0.01724	0.10613	0.00741
10	0.01919	0.01402	0.01598	0.01444	0.01767	0.01490	0.01108	0.23326	0.07068	0.03460	0.08858	0.24316	0.03695	0.06407	0.01158	0.00324	0.00676	0.05169	0.03822	0.00991
11	0.68750	0.01586	0.01298	0.01134	0.01662	0.01794	0.00935	0.02616	0.01518	0.10512	0.01387	0.01510	0.01025	0.00799	0.00549	0.00257	0.00650	0.00492	0.00570	0.00956
12	0.01189	0.00841	0.01013	0.01079	0.01258	0.00763	0.00793	0.01394	0.01773	0.04998	0.08164	0.27756	0.26785	0.08687	0.01329	0.00360	0.00535	0.09803	0.00762	0.00717
13	0.01238	0.00919	0.01113	0.01142	0.01322	0.00877	0.00822	0.06858	0.02029	0.02700	0.18770	0.38121	0.16640	0.02161	0.01007	0.00302	0.00490	0.01909	0.00809	0.00771
14	0.03065	0.01334	0.01759	0.01411	0.01948	0.01210	0.01142	0.03584	0.07978	0.47895	0.15702	0.03530	0.03260	0.01172	0.00865	0.00260	0.00639	0.00979	0.00989	0.01278
15	0.03436	0.01444	0.01902	0.01477	0.02079	0.01303	0.01212	0.09154	0.02514	0.54752	0.08982	0.03070	0.02542	0.01088	0.00849	0.00257	0.00696	0.00890	0.01000	0.01354
16	0.03009	0.01387	0.01786	0.01452	0.01977	0.01295	0.01166	0.07695	0.08014	0.43480	0.09913	0.09494	0.02994	0.01254	0.00873	0.00267	0.00662	0.01053	0.00961	0.01268
17	0.01020	0.00729	0.00971	0.01151	0.01207	0.00680	0.00772	0.01177	0.01628	0.02181	0.07581	0.67089	0.05611	0.02558	0.01056	0.00334	0.00478	0.02319	0.00778	0.00680
18	0.01025	0.00751	0.00937	0.01079	0.01163	0.00691	0.00722	0.01168	0.01609	0.02096	0.05071	0.53500	0.15714	0.08708	0.01334	0.00370	0.00501	0.02151	0.00747	0.00664
19	0.01337	0.01112	0.01624	0.01537	0.01650	0.01398	0.01225	0.01607	0.01320	0.01945	0.01954	0.02918	0.01841	0.05089	0.52035	0.01103	0.18245	0.00851	0.00426	0.00782
20	0.08684	0.01141	0.01314	0.01194	0.01519	0.01146	0.00920	0.02369	0.12990	0.10083	0.34475	0.06928	0.10979	0.01504	0.00899	0.00268	0.00502	0.01282	0.00859	0.00945
21	0.01272	0.00893	0.01095	0.01089	0.01131	0.00968	0.00725	0.01380	0.01340	0.01914	0.02736	0.14174	0.03017	0.40576	0.09193	0.00679	0.07285	0.01255	0.08660	0.00619
22	0.01379	0.00882	0.01051	0.01058	0.01174	0.00944	0.00771	0.01644	0.01640	0.02594	0.07034	0.21208	0.03360	0.08068	0.01310	0.00312	0.07935	0.01278	0.35621	0.00738
23	0.01130	0.00840	0.01164	0.08507	0.01713	0.00846	0.00962	0.01336	0.01618	0.02149	0.06476	0.47765	0.04784	0.09610	0.01378	0.00382	0.00607	0.07332	0.00704	0.00696
24	0.02056	0.01974	0.03372	0.05099	0.65622	0.01974	0.02550	0.02550	0.01892	0.02714	0.01563	0.02056	0.01316	0.00740	0.00822	0.00247	0.00987	0.00740	0.00411	0.01316
25	0.01719	0.01496	0.01836	0.08612	0.02389	0.01260	0.01163	0.02162	0.03587	0.02645	0.01522	0.01821	0.01252	0.00679	0.00709	0.00152	0.02736	0.00539	0.00486	0.63234
26	0.01168	0.01151	0.07295	0.05913	0.01788	0.00941	0.01147	0.01443	0.01584	0.02144	0.03686	0.43182	0.04200	0.07054	0.08308	0.00466	0.00823	0.06308	0.00652	0.00747
27	0.01115	0.00769	0.00937	0.01052	0.01143	0.00725	0.00715	0.01280	0.01594	0.02170	0.04509	0.41222	0.12101	0.14139	0.01551	0.00398	0.00534	0.04709	0.08676	0.00663
28	0.01279	0.00922	0.01133	0.01190	0.01324	0.00906	0.00828	0.07903	0.01889	0.02528	0.09970	0.47746	0.07624	0.09029	0.01336	0.00364	0.00550	0.01966	0.00765	0.00749
29	0.07224	0.01854	0.01960	0.01916	0.07845	0.04804	0.01372	0.11555	0.36677	0.03463	0.03334	0.03199	0.08914	0.01145	0.00829	0.00269	0.00732	0.00933	0.00755	0.01218
30	0.02020	0.01602	0.02441	0.41330	0.10913	0.01781	0.02005	0.08083	0.01981	0.09499	0.01730	0.02192	0.01274	0.00835	0.00807	0.00253	0.00981	0.00724	0.00502	0.09048

[dist]
# distance from previous block
# <min> <max>
3	5

[block]
# block no. 2 follows, 22 sequences, length 12
# corresponding to MSA columns:
# 67-78
name=unknown_C
#
# <colnr> <probs for GDERKNQSTAVLIFYWHMCP>
#	G	D	E	R	K	N	Q	S	T	A	V	L	I	F	Y	W	H	M	C	P
0	0.13435	0.28041	0.02915	0.01728	0.02271	0.34695	0.01436	0.02890	0.01976	0.02250	0.01219	0.01417	0.01044	0.00791	0.00637	0.00207	0.01153	0.00490	0.00414	0.00991
1	0.02768	0.01332	0.01730	0.01362	0.01945	0.01110	0.01089	0.03077	0.02079	0.38978	0.02957	0.12279	0.02321	0.01139	0.00806	0.00231	0.00648	0.00959	0.00840	0.22351
2	0.01646	0.01389	0.02254	0.47472	0.08527	0.01652	0.01959	0.04654	0.01656	0.02159	0.01498	0.02260	0.01205	0.01262	0.01336	0.16084	0.01010	0.00735	0.00391	0.00853
3	0.02018	0.01717	0.02492	0.49903	0.04833	0.02052	0.02101	0.19284	0.02295	0.03002	0.01623	0.02153	0.01194	0.00878	0.00831	0.00269	0.01053	0.00741	0.00500	0.01061
4	0.01093	0.00832	0.01185	0.10951	0.01859	0.00844	0.00994	0.01297	0.01601	0.02121	0.04130	0.60410	0.04859	0.02346	0.01027	0.00329	0.00573	0.02127	0.00713	0.00711
5	0.01089	0.00765	0.00988	0.01137	0.01188	0.00732	0.00767	0.01224	0.01536	0.02041	0.04116	0.49526	0.04863	0.18035	0.01787	0.00448	0.00583	0.07819	0.00710	0.00645
6	0.01753	0.14769	0.56788	0.02220	0.03367	0.02142	0.02812	0.02608	0.01744	0.02525	0.01438	0.01688	0.01055	0.00777	0.00749	0.00250	0.01175	0.00587	0.00352	0.01202
7	0.05603	0.01773	0.10926	0.01393	0.02001	0.01325	0.01271	0.06478	0.06113	0.03099	0.17711	0.03373	0.07599	0.01083	0.00782	0.00215	0.00661	0.00895	0.00644	0.27058
8	0.02102	0.44275	0.11955	0.01521	0.02194	0.02660	0.01548	0.06834	0.01851	0.02453	0.01484	0.01712	0.01245	0.00809	0.00684	0.00204	0.03599	0.00548	0.11258	0.01065
9	0.01952	0.35114	0.27252	0.01736	0.02579	0.02403	0.01959	0.02497	0.01818	0.04953	0.08800	0.02117	0.01887	0.00868	0.00693	0.00223	0.00951	0.00647	0.00446	0.01108
10	0.27434	0.02241	0.19231	0.12296	0.02936	0.01722	0.04972	0.02448	0.01665	0.07766	0.01833	0.08693	0.01544	0.00986	0.00743	0.00271	0.00902	0.00790	0.00508	0.01020
11	0.02167	0.30202	0.31151	0.01922	0.02822	0.10026	0.02152	0.02736	0.01834	0.05928	0.01438	0.01621	0.01117	0.00780	0.00687	0.00224	0.01097	0.00551	0.00400	0.01145

[dist]
# distance from previous block
# <min> <max>
13	37

[block]
# block no. 3 follows, 22 sequences, length 42
# corresponding to MSA columns:
# 117-158
name=unknown_D
#
# <colnr> <probs for GDERKNQSTAVLIFYWHMCP>
#	G	D	E	R	K	N	Q	S	T	A	V	L	I	F	Y	W	H	M	C	P
0	0.01995	0.02037	0.06497	0.15370	0.47017	0.01981	0.05309	0.04950	0.01932	0.02712	0.01568	0.02073	0.01269	0.00766	0.00830	0.00254	0.01036	0.00745	0.00419	0.01241
1	0.01946	0.01881	0.03185	0.15098	0.37733	0.01937	0.10128	0.02668	0.08449	0.02688	0.01752	0.02201	0.01399	0.00785	0.00837	0.00254	0.01008	0.00780	0.00455	0.04816
2	0.02019	0.09444	0.07101	0.07602	0.06927	0.02034	0.35978	0.02610	0.01907	0.06425	0.01797	0.02420	0.01419	0.00800	0.00882	0.00260	0.01182	0.03357	0.00462	0.05373
3	0.02089	0.02063	0.11461	0.01595	0.02323	0.01619	0.01450	0.15125	0.08812	0.05640	0.02015	0.05484	0.01630	0.00892	0.00741	0.00203	0.00769	0.00720	0.00614	0.34754
4	0.01844	0.01473	0.01735	0.01245	0.01978	0.01114	0.00999	0.02210	0.01762	0.06558	0.01586	0.01790	0.01281	0.00640	0.00629	0.00131	0.00621	0.00513	0.00525	0.71366
5	0.01371	0.00944	0.01238	0.01266	0.01484	0.00908	0.01015	0.01811	0.04846	0.05904	0.29683	0.13007	0.08850	0.01954	0.01033	0.00313	0.00560	0.22153	0.00844	0.00817
6	0.02824	0.03353	0.02214	0.04594	0.02540	0.50728	0.01527	0.09550	0.02448	0.02409	0.02125	0.02269	0.07915	0.01003	0.00786	0.00227	0.01305	0.00695	0.00506	0.00983
7	0.07640	0.02528	0.02395	0.01896	0.02516	0.12289	0.01541	0.50212	0.03520	0.04662	0.01837	0.01880	0.01330	0.00962	0.00799	0.00244	0.00985	0.00698	0.00751	0.01314
8	0.02221	0.71304	0.04353	0.01421	0.02132	0.03287	0.01421	0.02488	0.01688	0.01955	0.01155	0.01333	0.01066	0.00711	0.00533	0.00178	0.00888	0.00444	0.00355	0.01066
9	0.01176	0.00849	0.01110	0.01045	0.01241	0.00784	0.00784	0.01568	0.02352	0.03331	0.65184	0.06206	0.07839	0.01698	0.00980	0.00261	0.00392	0.01502	0.00914	0.00784
10	0.03589	0.01528	0.01985	0.01534	0.02171	0.01404	0.01263	0.10298	0.05431	0.56799	0.03146	0.02752	0.02011	0.01030	0.00835	0.00257	0.00727	0.00831	0.00999	0.01409
11	0.03727	0.01414	0.01928	0.01478	0.02121	0.01221	0.01221	0.04049	0.02378	0.66198	0.03277	0.02828	0.02056	0.01028	0.00835	0.00257	0.00707	0.00835	0.01028	0.01414
12	0.01208	0.00805	0.00906	0.00906	0.00906	0.00805	0.00503	0.01208	0.01208	0.01611	0.02618	0.05436	0.03020	0.70804	0.04228	0.00805	0.00805	0.01208	0.00503	0.00503
13	0.03727	0.01414	0.01928	0.01478	0.02121	0.01221	0.01221	0.04049	0.02378	0.66198	0.03277	0.02828	0.02056	0.01028	0.00835	0.00257	0.00707	0.00835	0.01028	0.01414
14	0.02302	0.01703	0.01893	0.01620	0.02045	0.01844	0.01265	0.36713	0.06476	0.03984	0.03029	0.27302	0.02986	0.01598	0.00917	0.00284	0.00740	0.01356	0.00810	0.01134
15	0.01749	0.01660	0.02817	0.45249	0.27872	0.01893	0.02397	0.02280	0.01746	0.02341	0.01508	0.02156	0.01185	0.00797	0.00828	0.00266	0.01063	0.00739	0.00385	0.01068
16	0.03727	0.01414	0.01928	0.01478	0.02121	0.01221	0.01221	0.04049	0.02378	0.66198	0.03277	0.02828	0.02056	0.01028	0.00835	0.00257	0.00707	0.00835	0.01028	0.01414
17	0.01975	0.01891	0.03225	0.15715	0.55641	0.01952	0.02509	0.02478	0.01853	0.02615	0.01548	0.02083	0.01281	0.00755	0.00824	0.00252	0.01007	0.00740	0.00404	0.01250
18	0.01176	0.00849	0.01110	0.01045	0.01241	0.00784	0.00784	0.01568	0.02352	0.03331	0.65184	0.06206	0.07839	0.01698	0.00980	0.00261	0.00392	0.01502	0.00914	0.00784
19	0.01176	0.00849	0.01110	0.01045	0.01241	0.00784	0.00784	0.01568	0.02352	0.03331	0.65184	0.06206	0.07839	0.01698	0.00980	0.00261	0.00392	0.01502	0.00914	0.00784
20	0.01187	0.00890	0.01335	0.01335	0.01483	0.01038	0.01038	0.01483	0.01335	0.01928	0.02225	0.03264	0.02077	0.06231	0.67512	0.01335	0.02225	0.00890	0.00445	0.00742
21	0.01723	0.01477	0.01723	0.01230	0.01969	0.01107	0.00984	0.02092	0.01723	0.02707	0.01477	0.01723	0.01230	0.00615	0.00615	0.00123	0.00615	0.00492	0.00492	0.75883
22	0.00982	0.00842	0.00842	0.00842	0.01122	0.00701	0.00631	0.01192	0.01894	0.02244	0.08416	0.07995	0.65285	0.02104	0.00982	0.00281	0.00421	0.01753	0.00771	0.00701
23	0.03103	0.03959	0.02354	0.02140	0.02568	0.67469	0.01605	0.03317	0.02354	0.02033	0.01284	0.01498	0.01070	0.00856	0.00749	0.00214	0.01498	0.00535	0.00428	0.00963
24	0.01961	0.02241	0.04902	0.03501	0.04342	0.02101	0.62605	0.02661	0.01961	0.02661	0.01681	0.02241	0.01261	0.00700	0.00980	0.00280	0.01401	0.00980	0.00420	0.01120
25	0.01876	0.01790	0.03046	0.28658	0.43472	0.01926	0.02460	0.02392	0.01806	0.02495	0.01531	0.02115	0.01239	0.00774	0.00825	0.00258	0.01031	0.00739	0.00396	0.01171
26	0.01215	0.00924	0.01360	0.01345	0.01478	0.01088	0.01039	0.01488	0.01325	0.01912	0.02201	0.03335	0.02093	0.09974	0.60920	0.01262	0.04961	0.00903	0.00445	0.00734
27	0.01569	0.01477	0.02492	0.68808	0.05722	0.01846	0.02307	0.02123	0.01661	0.02123	0.01477	0.02215	0.01107	0.00831	0.00831	0.00277	0.01107	0.00738	0.00369	0.00923
28	0.01723	0.01477	0.01723	0.01230	0.01969	0.01107	0.00984	0.02092	0.01723	0.02707	0.01477	0.01723	0.01230	0.00615	0.00615	0.00123	0.00615	0.00492	0.00492	0.75883
29	0.01012	0.00723	0.00964	0.01157	0.01205	0.00675	0.00771	0.01157	0.01591	0.02121	0.04579	0.70262	0.05495	0.02603	0.01060	0.00337	0.00482	0.02362	0.00771	0.00675
30	0.03727	0.01414	0.01928	0.01478	0.02121	0.01221	0.01221	0.04049	0.02378	0.66198	0.03277	0.02828	0.02056	0.01028	0.00835	0.00257	0.00707	0.00835	0.01028	0.01414
31	0.02221	0.71304	0.04353	0.01421	0.02132	0.03287	0.01421	0.02488	0.01688	0.01955	0.01155	0.01333	0.01066	0.00711	0.00533	0.00178	0.00888	0.00444	0.00355	0.01066
32	0.76672	0.01607	0.01221	0.01092	0.01607	0.01864	0.00900	0.02442	0.01414	0.03727	0.01157	0.01350	0.00900	0.00771	0.00514	0.00257	0.00643	0.00450	0.00514	0.00900
33	0.03727	0.01414	0.01928	0.01478	0.02121	0.01221	0.01221	0.04049	0.02378	0.66198	0.03277	0.02828	0.02056	0.01028	0.00835	0.00257	0.00707	0.00835	0.01028	0.01414
34	0.03158	0.02327	0.02493	0.01911	0.02576	0.02576	0.01579	0.62852	0.03906	0.05236	0.01995	0.01995	0.01413	0.00997	0.00831	0.00249	0.00914	0.00748	0.00831	0.01413
35	0.03010	0.11097	0.02566	0.02064	0.02522	0.60667	0.01586	0.03229	0.02284	0.02025	0.01270	0.01481	0.01070	0.00841	0.00726	0.00210	0.01434	0.00525	0.00420	0.00974
36	0.01723	0.01477	0.01723	0.01230	0.01969	0.01107	0.00984	0.02092	0.01723	0.02707	0.01477	0.01723	0.01230	0.00615	0.00615	0.00123	0.00615	0.00492	0.00492	0.75883
37	0.03158	0.02327	0.02493	0.01911	0.02576	0.02576	0.01579	0.62852	0.03906	0.05236	0.01995	0.01995	0.01413	0.00997	0.00831	0.00249	0.00914	0.00748	0.00831	0.01413
38	0.01087	0.00803	0.01044	0.01165	0.01286	0.00721	0.00794	0.01256	0.01605	0.02183	0.04250	0.62998	0.05043	0.02392	0.01013	0.00315	0.00496	0.02164	0.00742	0.08645
39	0.01763	0.01704	0.02366	0.02051	0.02064	0.02352	0.01696	0.01954	0.01315	0.02068	0.01354	0.05247	0.01366	0.01483	0.02522	0.00353	0.61989	0.00810	0.04654	0.00890
40	0.01725	0.11399	0.59914	0.02268	0.03440	0.02073	0.02895	0.02616	0.01747	0.02559	0.01455	0.01709	0.01054	0.00781	0.00762	0.00254	0.01192	0.00596	0.00351	0.01211
41	0.02145	0.06364	0.02658	0.05865	0.02563	0.11580	0.05969	0.08722	0.01850	0.02490	0.01377	0.01865	0.01188	0.01114	0.01656	0.00286	0.32318	0.00691	0.03763	0.05537

[dist]
# distance from previous block
# <min> <max>
16	32

[block]
# block no. 4 follows, 22 sequences, length 28
# corresponding to MSA columns:
# 193-220
name=unknown_E
#
# <colnr> <probs for GDERKNQSTAVLIFYWHMCP>
#	G	D	E	R	K	N	Q	S	T	A	V	L	I	F	Y	W	H	M	C	P
0	0.01480	0.05097	0.07218	0.01157	0.01368	0.01202	0.00884	0.06928	0.01526	0.02047	0.02379	0.04569	0.02590	0.54352	0.03409	0.00672	0.00858	0.01071	0.00511	0.00682
1	0.01046	0.00844	0.00931	0.00909	0.01161	0.00729	0.00682	0.01316	0.02045	0.02604	0.27195	0.07403	0.46282	0.01970	0.00981	0.00274	0.00411	0.01670	0.00819	0.00729
2	0.02710	0.01961	0.02109	0.01642	0.02221	0.02103	0.01335	0.45689	0.03275	0.04541	0.02069	0.02252	0.01557	0.03464	0.00895	0.00249	0.00804	0.00743	0.11647	0.08735
3	0.02814	0.02173	0.02165	0.01726	0.02262	0.07809	0.01383	0.46023	0.03310	0.04416	0.02062	0.02376	0.01602	0.07349	0.01109	0.00291	0.00902	0.00774	0.08226	0.01227
4	0.20681	0.08195	0.02140	0.01585	0.02133	0.02173	0.01340	0.31699	0.02753	0.04102	0.03882	0.03002	0.01944	0.01130	0.00778	0.00265	0.00808	0.09547	0.00703	0.01141
5	0.01528	0.01382	0.04740	0.01432	0.04099	0.01085	0.01102	0.04507	0.01832	0.02667	0.06622	0.23640	0.03087	0.01383	0.00818	0.00223	0.00621	0.02870	0.00619	0.35742
6	0.01974	0.01126	0.01439	0.01276	0.01604	0.01071	0.00999	0.08244	0.02372	0.18075	0.32048	0.10715	0.05220	0.04079	0.01068	0.00295	0.00570	0.05956	0.00894	0.00974
7	0.01875	0.01592	0.01873	0.01384	0.02049	0.01383	0.01118	0.08160	0.01901	0.02897	0.01494	0.01758	0.01236	0.00729	0.00826	0.00157	0.06795	0.00539	0.00515	0.61720
8	0.02100	0.01969	0.03268	0.08373	0.58328	0.02005	0.02474	0.06376	0.02008	0.02843	0.01586	0.02061	0.01311	0.00762	0.00823	0.00249	0.00989	0.00741	0.00436	0.01301
9	0.02836	0.02126	0.02215	0.01792	0.02375	0.05163	0.01448	0.36708	0.21413	0.09332	0.02492	0.02393	0.01799	0.01031	0.00825	0.00256	0.00834	0.00802	0.02812	0.01347
10	0.01307	0.01093	0.01540	0.01453	0.01592	0.01163	0.04320	0.01490	0.01513	0.02114	0.03222	0.38917	0.03719	0.10955	0.01743	0.00380	0.13629	0.01656	0.00615	0.07580
11	0.02130	0.02121	0.04333	0.03139	0.03925	0.02019	0.50978	0.02961	0.08215	0.08433	0.01994	0.02379	0.01459	0.00772	0.00954	0.00278	0.01264	0.00963	0.00517	0.01166
12	0.03117	0.03558	0.02388	0.02084	0.02570	0.51529	0.01599	0.17942	0.02735	0.02820	0.01459	0.01620	0.01154	0.00891	0.00769	0.00223	0.01355	0.00587	0.00527	0.01074
13	0.01660	0.02287	0.17070	0.02573	0.03226	0.01773	0.29099	0.02235	0.01760	0.02461	0.02262	0.18091	0.02194	0.01242	0.01132	0.00298	0.07936	0.01201	0.00482	0.01018
14	0.02663	0.02196	0.02342	0.05475	0.07534	0.08173	0.01586	0.36831	0.10147	0.04196	0.08346	0.02511	0.02128	0.01040	0.00839	0.00252	0.00902	0.00825	0.00748	0.01265
15	0.01208	0.00805	0.00906	0.00906	0.00906	0.00805	0.00503	0.01208	0.01208	0.01611	0.02618	0.05436	0.03020	0.70804	0.04228	0.00805	0.00805	0.01208	0.00503	0.00503
16	0.01720	0.01555	0.01931	0.24112	0.04540	0.04049	0.01545	0.02888	0.25843	0.02769	0.09023	0.03576	0.08929	0.02802	0.00943	0.00287	0.00800	0.00997	0.00652	0.01038
17	0.01607	0.01516	0.02561	0.63776	0.10453	0.01856	0.02326	0.02156	0.01679	0.02169	0.01483	0.02202	0.01124	0.00823	0.00830	0.00274	0.01098	0.00738	0.00372	0.00954
18	0.01637	0.00951	0.01258	0.01123	0.01400	0.00863	0.00863	0.02016	0.02356	0.14695	0.53993	0.05595	0.06793	0.01577	0.00954	0.00261	0.00449	0.01382	0.00935	0.00898
19	0.02600	0.02162	0.02893	0.08876	0.03166	0.07241	0.15898	0.26710	0.02732	0.09050	0.01913	0.02215	0.01422	0.03416	0.00970	0.00269	0.01053	0.00793	0.00640	0.05981
20	0.01814	0.01833	0.02441	0.10772	0.02612	0.06045	0.01813	0.02049	0.01396	0.02019	0.01291	0.03927	0.01254	0.01526	0.04386	0.00374	0.52394	0.00771	0.00383	0.00901
21	0.01238	0.00933	0.01315	0.01270	0.01453	0.01014	0.00964	0.01503	0.01354	0.01958	0.02208	0.03405	0.02122	0.14102	0.53194	0.01156	0.01894	0.00895	0.00457	0.07564
22	0.01966	0.01509	0.01775	0.01283	0.02009	0.01183	0.01032	0.04975	0.01879	0.08506	0.01661	0.01834	0.01313	0.00669	0.00645	0.00141	0.00637	0.00534	0.00555	0.65895
23	0.01792	0.02183	0.10991	0.02267	0.02589	0.05860	0.10782	0.02160	0.01523	0.02183	0.01550	0.06334	0.01466	0.01661	0.06954	0.00402	0.37085	0.00855	0.00406	0.00957
24	0.02218	0.01801	0.01920	0.01694	0.02185	0.02057	0.01327	0.08127	0.57218	0.06695	0.03288	0.03015	0.02440	0.01114	0.00844	0.00278	0.00676	0.00922	0.00853	0.01326
25	0.01010	0.00730	0.00957	0.01139	0.01200	0.00676	0.00763	0.01159	0.01608	0.02128	0.04797	0.66718	0.08897	0.02574	0.01056	0.00334	0.00478	0.02327	0.00771	0.00676
26	0.02161	0.01523	0.01644	0.01432	0.01849	0.01684	0.01129	0.15076	0.27059	0.06732	0.02836	0.02876	0.02143	0.01340	0.04558	0.00308	0.00720	0.00844	0.22939	0.01146
27	0.01615	0.01546	0.02775	0.02249	0.03921	0.01649	0.23446	0.01986	0.01578	0.02243	0.02044	0.07235	0.01962	0.13703	0.11419	0.00535	0.13919	0.01031	0.04264	0.00880

[dist]
# distance from previous block
# <min> <max>
0	4

[block]
# block no. 5 follows, 22 sequences, length 41
# corresponding to MSA columns:
# 225-265
name=unknown_F
#
# <colnr> <probs for GDERKNQSTAVLIFYWHMCP>
#	G	D	E	R	K	N	Q	S	T	A	V	L	I	F	Y	W	H	M	C	P
0	0.52609	0.01602	0.01531	0.06635	0.02090	0.01783	0.01113	0.06284	0.01762	0.15430	0.01630	0.01735	0.01164	0.00838	0.00619	0.00258	0.00708	0.00563	0.00618	0.01028
1	0.01607	0.01515	0.02560	0.63878	0.10357	0.01856	0.02326	0.02156	0.01679	0.02168	0.01483	0.02203	0.01124	0.00824	0.00830	0.00275	0.01098	0.00738	0.00372	0.00953
2	0.01037	0.00837	0.00924	0.00931	0.01172	0.00725	0.00696	0.01286	0.01969	0.02476	0.20241	0.12635	0.46312	0.02062	0.00993	0.00284	0.00430	0.03470	0.00802	0.00719
3	0.08837	0.02380	0.02386	0.01863	0.02501	0.06832	0.01528	0.54228	0.03610	0.04906	0.01883	0.01912	0.01350	0.00970	0.00801	0.00248	0.00932	0.00711	0.00780	0.01343
4	0.01012	0.00723	0.00964	0.01157	0.01205	0.00675	0.00771	0.01157	0.01591	0.02121	0.04579	0.70262	0.05495	0.02603	0.01060	0.00337	0.00482	0.02362	0.00771	0.00675
5	0.01177	0.00902	0.01306	0.01339	0.01447	0.01031	0.01011	0.01421	0.01407	0.01990	0.02846	0.22991	0.03023	0.04840	0.43547	0.00975	0.06164	0.01315	0.00536	0.00733
6	0.01549	0.00774	0.00774	0.00774	0.00968	0.00774	0.00581	0.01936	0.01742	0.03097	0.02710	0.03097	0.02129	0.00968	0.00581	0.00194	0.00387	0.00774	0.75416	0.00774
7	0.01051	0.00753	0.00999	0.01130	0.01214	0.00701	0.00774	0.01254	0.01771	0.02407	0.18933	0.55090	0.06050	0.02388	0.01041	0.00319	0.00461	0.02158	0.00805	0.00701
8	0.14996	0.01480	0.01716	0.01411	0.01966	0.01467	0.01142	0.03640	0.15548	0.37396	0.03364	0.03057	0.06993	0.01093	0.00797	0.00264	0.00663	0.00868	0.00885	0.01252
9	0.01025	0.00739	0.00949	0.01111	0.01175	0.00687	0.00739	0.01164	0.01587	0.02092	0.04754	0.59952	0.10392	0.07832	0.01299	0.00369	0.00502	0.02221	0.00750	0.00664
10	0.01967	0.02223	0.04800	0.03608	0.08412	0.02092	0.58616	0.02654	0.01956	0.02665	0.01673	0.02229	0.01264	0.00703	0.00970	0.00278	0.01373	0.00964	0.00420	0.01133
11	0.02391	0.31577	0.12638	0.02111	0.07888	0.18094	0.01829	0.07357	0.02028	0.02392	0.01332	0.01565	0.01114	0.00811	0.00757	0.00218	0.03827	0.00550	0.00414	0.01107
12	0.01241	0.00924	0.01094	0.01099	0.01287	0.00879	0.00788	0.06516	0.02009	0.02659	0.19264	0.29401	0.20011	0.07406	0.01248	0.00335	0.00508	0.01787	0.00789	0.00756
13	0.01853	0.02244	0.09492	0.03027	0.03712	0.02075	0.43080	0.02462	0.01785	0.02496	0.01613	0.02211	0.01279	0.01256	0.06391	0.00374	0.12275	0.00902	0.00407	0.01067
14	0.01713	0.01793	0.03385	0.02593	0.03100	0.03308	0.35403	0.02185	0.01792	0.02445	0.02515	0.17099	0.04615	0.01274	0.01201	0.00298	0.09825	0.01257	0.03234	0.00965
15	0.01559	0.03402	0.02117	0.06972	0.02155	0.01864	0.03428	0.01767	0.01391	0.02001	0.02024	0.14849	0.02184	0.09983	0.06126	0.00453	0.35351	0.01092	0.00461	0.00821
16	0.01766	0.01412	0.06788	0.01264	0.01629	0.01275	0.01090	0.09680	0.10517	0.03243	0.02894	0.08685	0.02485	0.01214	0.00749	0.00245	0.00598	0.05650	0.37859	0.00956
17	0.02826	0.02034	0.02207	0.01765	0.02342	0.02241	0.01424	0.40410	0.18192	0.09479	0.02469	0.02529	0.01830	0.05106	0.01033	0.00290	0.00829	0.00828	0.00831	0.01336
18	0.01893	0.02730	0.19750	0.03277	0.06059	0.02055	0.46349	0.02650	0.01909	0.02655	0.01631	0.02117	0.01212	0.00723	0.00929	0.00275	0.01346	0.00884	0.00403	0.01152
19	0.01161	0.00789	0.01037	0.01182	0.01273	0.00744	0.00807	0.01390	0.03574	0.04819	0.06794	0.63013	0.05353	0.02459	0.01042	0.00330	0.00493	0.02223	0.00789	0.00729
20	0.03911	0.02056	0.08044	0.02862	0.03536	0.01832	0.43115	0.02339	0.01795	0.02506	0.01916	0.09299	0.01689	0.01119	0.01216	0.06717	0.03545	0.01055	0.00448	0.01003
21	0.01829	0.07775	0.38800	0.02990	0.13434	0.02062	0.16191	0.02616	0.01818	0.02607	0.01523	0.01883	0.01141	0.00757	0.00821	0.00259	0.01207	0.00705	0.00376	0.01207
22	0.01758	0.13119	0.54569	0.02308	0.03444	0.02121	0.06364	0.02614	0.01757	0.02542	0.01457	0.01726	0.01066	0.00774	0.00766	0.00253	0.01193	0.00613	0.00355	0.01200
23	0.02011	0.01957	0.03426	0.09896	0.56086	0.01974	0.07339	0.02525	0.01879	0.02664	0.01565	0.02083	0.01295	0.00744	0.00836	0.00252	0.01029	0.00759	0.00409	0.01270
24	0.01536	0.01197	0.01405	0.01345	0.01468	0.06743	0.01018	0.01661	0.01410	0.01991	0.01913	0.02815	0.01765	0.05595	0.27610	0.18591	0.09123	0.00794	0.11333	0.00687
25	0.07507	0.01376	0.01665	0.10775	0.02267	0.06355	0.04863	0.02071	0.08562	0.02620	0.13201	0.28165	0.03983	0.01653	0.00919	0.00291	0.00720	0.01465	0.00679	0.00864
26	0.01230	0.00963	0.01090	0.01094	0.01355	0.00893	0.00853	0.06076	0.02057	0.02595	0.11638	0.14655	0.38477	0.02073	0.01007	0.00300	0.00522	0.11566	0.00787	0.00771
27	0.01191	0.00804	0.00939	0.00954	0.00968	0.00811	0.00560	0.01222	0.01247	0.01672	0.02747	0.10440	0.03154	0.61099	0.08181	0.00803	0.00874	0.01279	0.00521	0.00533
28	0.01012	0.00723	0.00964	0.01157	0.01205	0.00675	0.00771	0.01157	0.01591	0.02121	0.04579	0.70262	0.05495	0.02603	0.01060	0.00337	0.00482	0.02362	0.00771	0.00675
29	0.01948	0.02182	0.04571	0.03416	0.06593	0.02146	0.53240	0.02581	0.01880	0.02588	0.01609	0.02185	0.01243	0.00788	0.01173	0.00288	0.09109	0.00942	0.00413	0.01104
30	0.01187	0.00884	0.01130	0.01190	0.01398	0.00827	0.00963	0.01522	0.02042	0.02698	0.25734	0.10419	0.20122	0.02062	0.01049	0.00316	0.00547	0.24341	0.00817	0.00753
31	0.07083	0.00841	0.01042	0.01126	0.01263	0.00813	0.00801	0.01408	0.01833	0.02652	0.23978	0.42277	0.05871	0.02155	0.00993	0.00308	0.00473	0.03556	0.00797	0.00731
32	0.07823	0.01843	0.03196	0.23151	0.32897	0.01949	0.12267	0.02435	0.01798	0.02613	0.01525	0.02077	0.01213	0.00762	0.00826	0.00262	0.01063	0.00756	0.00409	0.01136
33	0.01639	0.01069	0.01435	0.01582	0.08284	0.00981	0.01098	0.01961	0.02045	0.12741	0.16850	0.10059	0.22598	0.01773	0.00976	0.00292	0.00589	0.12320	0.00800	0.00907
34	0.01006	0.00795	0.00909	0.00997	0.01176	0.00698	0.00713	0.01194	0.01766	0.02200	0.06667	0.34300	0.38104	0.02320	0.01020	0.00308	0.00458	0.03903	0.00771	0.00692
35	0.01130	0.00773	0.00929	0.01006	0.01025	0.00753	0.00610	0.01188	0.01361	0.01814	0.03400	0.31287	0.04007	0.43607	0.02965	0.00619	0.00676	0.01668	0.00610	0.00572
36	0.17264	0.02429	0.02076	0.01719	0.02263	0.16869	0.01376	0.31376	0.05338	0.04011	0.01775	0.01875	0.01329	0.00925	0.00735	0.00240	0.00947	0.00652	0.05634	0.01166
37	0.05112	0.01936	0.07010	0.14492	0.02854	0.04538	0.01606	0.17860	0.07281	0.08655	0.02072	0.02390	0.01570	0.03197	0.02851	0.00305	0.04957	0.00758	0.09449	0.01108
38	0.01629	0.02108	0.17559	0.31386	0.04023	0.01771	0.06039	0.02163	0.01622	0.02283	0.01548	0.02163	0.01210	0.01059	0.01201	0.06706	0.07691	0.00725	0.06168	0.00947
39	0.01601	0.07014	0.05297	0.01230	0.01450	0.06358	0.00922	0.06449	0.01614	0.02062	0.02448	0.09830	0.02680	0.44299	0.02921	0.00593	0.00872	0.01121	0.00525	0.00714
40	0.01841	0.01499	0.02097	0.12619	0.02714	0.01377	0.05997	0.02222	0.01717	0.07522	0.01701	0.02225	0.01408	0.06171	0.01101	0.00238	0.04833	0.00667	0.00502	0.41551

[dist]
# distance from previous block
# <min> <max>
0	11

[block]
# block no. 6 follows, 22 sequences, length 16
# corresponding to MSA columns:
# 277-292
name=unknown_G
#
# <colnr> <probs for GDERKNQSTAVLIFYWHMCP>
#	G	D	E	R	K	N	Q	S	T	A	V	L	I	F	Y	W	H	M	C	P
0	0.01253	0.09906	0.01377	0.01010	0.01312	0.01108	0.00793	0.01594	0.04845	0.02408	0.11576	0.14152	0.37034	0.01826	0.00900	0.00267	0.00495	0.01532	0.05825	0.00787
1	0.01111	0.00835	0.01082	0.01179	0.01237	0.00849	0.00809	0.01255	0.01568	0.02110	0.07516	0.48648	0.08184	0.12241	0.01639	0.00400	0.05968	0.01987	0.00708	0.00676
2	0.01744	0.01863	0.03799	0.02859	0.03448	0.01823	0.42926	0.02281	0.01830	0.02495	0.02292	0.15051	0.02193	0.01193	0.01157	0.00303	0.07202	0.04043	0.00496	0.01003
3	0.05258	0.01439	0.02418	0.02344	0.09277	0.01430	0.16442	0.02183	0.05991	0.02633	0.03219	0.13978	0.03292	0.01622	0.01009	0.00324	0.00895	0.24668	0.00636	0.00944
4	0.01890	0.02108	0.04516	0.03394	0.07082	0.01982	0.54781	0.02537	0.01928	0.02621	0.01904	0.07617	0.01598	0.00853	0.00979	0.00283	0.01308	0.01078	0.00448	0.01095
5	0.01731	0.03777	0.51435	0.02578	0.03670	0.01993	0.14529	0.02606	0.01770	0.02606	0.01508	0.01851	0.01095	0.00805	0.00921	0.00271	0.04607	0.00690	0.00365	0.01191
6	0.01998	0.01995	0.03589	0.08716	0.39553	0.02007	0.18470	0.02715	0.07395	0.02727	0.01749	0.02209	0.01395	0.00770	0.00867	0.00261	0.01077	0.00822	0.00449	0.01237
7	0.01825	0.09550	0.42514	0.03007	0.18606	0.02069	0.05815	0.02600	0.01792	0.02593	0.01488	0.01815	0.01128	0.00766	0.00784	0.00252	0.01148	0.00648	0.00369	0.01229
8	0.01129	0.00839	0.01066	0.01189	0.01306	0.00813	0.00837	0.01491	0.06659	0.02390	0.11593	0.51587	0.08416	0.02343	0.01035	0.00324	0.00496	0.04952	0.00793	0.00744
9	0.05559	0.14316	0.23787	0.02022	0.02777	0.26153	0.02013	0.06001	0.05439	0.02531	0.01476	0.01662	0.01153	0.00829	0.00728	0.00232	0.01202	0.00576	0.00438	0.01106
10	0.01905	0.06224	0.29843	0.02461	0.08850	0.01915	0.09994	0.07926	0.06231	0.04643	0.02105	0.10299	0.01806	0.01038	0.00846	0.00269	0.01039	0.00917	0.00512	0.01175
11	0.01012	0.00723	0.00964	0.01157	0.01205	0.00675	0.00771	0.01157	0.01591	0.02121	0.04579	0.70262	0.05495	0.02603	0.01060	0.00337	0.00482	0.02362	0.00771	0.00675
12	0.01888	0.01811	0.03126	0.17664	0.37489	0.01887	0.09367	0.02510	0.05253	0.02609	0.01883	0.02747	0.01607	0.00899	0.00870	0.00270	0.01025	0.05474	0.00455	0.01168
13	0.01956	0.01871	0.03191	0.18229	0.53277	0.01947	0.02500	0.02462	0.01844	0.02592	0.01545	0.02089	0.01273	0.00759	0.00824	0.00253	0.01012	0.00740	0.00403	0.01235
14	0.13804	0.11834	0.14896	0.02168	0.02911	0.02053	0.19073	0.02529	0.01741	0.05891	0.01599	0.03844	0.01289	0.00846	0.00892	0.00252	0.05678	0.00729	0.00457	0.07513
15	0.01731	0.01143	0.01458	0.04998	0.01843	0.01101	0.01058	0.07259	0.04367	0.10850	0.08398	0.33291	0.03996	0.01788	0.00937	0.00285	0.00612	0.04427	0.00769	0.09691

[dist]
# distance from previous block
# <min> <max>
10	16

[block]
# block no. 7 follows, 22 sequences, length 24
# corresponding to MSA columns:
# 309-332
name=unknown_H
#
# <colnr> <probs for GDERKNQSTAVLIFYWHMCP>
#	G	D	E	R	K	N	Q	S	T	A	V	L	I	F	Y	W	H	M	C	P
0	0.01727	0.03478	0.01600	0.01272	0.01711	0.01279	0.00995	0.11504	0.01989	0.02829	0.02675	0.08285	0.06264	0.10004	0.06856	0.00376	0.00803	0.04283	0.05482	0.26590
1	0.01654	0.00876	0.00886	0.00848	0.01073	0.00892	0.00646	0.05910	0.01883	0.03237	0.02663	0.03025	0.02083	0.00970	0.00597	0.00197	0.00422	0.00773	0.70550	0.00816
2	0.02486	0.01993	0.02115	0.01775	0.02320	0.02262	0.01416	0.26877	0.40975	0.04152	0.02848	0.02675	0.02104	0.01077	0.00840	0.00269	0.00756	0.00866	0.00840	0.01353
3	0.01018	0.00757	0.00949	0.01082	0.01190	0.00688	0.00742	0.01194	0.01711	0.02236	0.09832	0.52347	0.18365	0.02431	0.01038	0.00320	0.00462	0.02170	0.00782	0.00688
4	0.01717	0.10370	0.60868	0.02282	0.03463	0.02052	0.02920	0.02618	0.01748	0.02570	0.01460	0.01716	0.01054	0.00782	0.00766	0.00255	0.01197	0.00598	0.00351	0.01213
5	0.01696	0.07936	0.63125	0.02316	0.03516	0.02003	0.02980	0.02623	0.01750	0.02594	0.01473	0.01731	0.01053	0.00785	0.00775	0.00258	0.01209	0.00605	0.00351	0.01219
6	0.01144	0.00898	0.01051	0.01063	0.01309	0.00821	0.00837	0.01512	0.04120	0.02644	0.23672	0.07589	0.34893	0.01993	0.01009	0.00295	0.00488	0.13092	0.00814	0.00758
7	0.01666	0.04297	0.66500	0.02368	0.03596	0.01929	0.03069	0.02631	0.01754	0.02631	0.01491	0.01754	0.01052	0.00789	0.00789	0.00263	0.01228	0.00614	0.00351	0.01228
8	0.01709	0.01606	0.02646	0.50391	0.18721	0.01888	0.02296	0.02365	0.05756	0.02341	0.01619	0.02237	0.01246	0.00830	0.00830	0.00271	0.01052	0.00752	0.00409	0.01035
9	0.03271	0.01777	0.01994	0.01612	0.02200	0.07136	0.01300	0.08329	0.15927	0.42670	0.03038	0.02713	0.02030	0.01033	0.00830	0.00258	0.00778	0.00826	0.00923	0.01354
10	0.34520	0.01945	0.03192	0.02392	0.03053	0.02017	0.32986	0.02536	0.01692	0.03096	0.01426	0.01833	0.01096	0.00765	0.00855	0.00274	0.04111	0.00738	0.00459	0.01015
11	0.01885	0.01799	0.03063	0.27452	0.44606	0.01929	0.02464	0.02400	0.01811	0.02507	0.01532	0.02112	0.01243	0.00772	0.00825	0.00257	0.01029	0.00740	0.00396	0.01178
12	0.02063	0.52166	0.22103	0.01692	0.02550	0.02899	0.01892	0.02528	0.01707	0.02148	0.01251	0.01453	0.01062	0.00733	0.00606	0.00202	0.00985	0.00493	0.00354	0.01112
13	0.01483	0.01314	0.02127	0.06985	0.21921	0.01347	0.04998	0.01790	0.01676	0.02308	0.02986	0.33854	0.03303	0.04870	0.01202	0.00325	0.04485	0.01527	0.00578	0.00922
14	0.01033	0.00738	0.00952	0.01114	0.01167	0.00691	0.00734	0.01164	0.01559	0.02067	0.04517	0.60135	0.07768	0.10433	0.01422	0.00389	0.00517	0.02203	0.00740	0.00656
15	0.01880	0.10072	0.53549	0.02265	0.03386	0.02008	0.05288	0.02723	0.01802	0.07226	0.01599	0.01815	0.01136	0.00796	0.00777	0.00256	0.01166	0.00630	0.00404	0.01222
16	0.05263	0.01649	0.02312	0.23344	0.03217	0.02141	0.01809	0.06775	0.01648	0.02463	0.01425	0.02046	0.01200	0.01146	0.01687	0.00308	0.33113	0.00724	0.06790	0.00941
17	0.26196	0.01924	0.02065	0.01685	0.02247	0.04038	0.06442	0.18751	0.16526	0.06526	0.02075	0.02121	0.01535	0.00926	0.00735	0.00259	0.00801	0.00715	0.03268	0.01166
18	0.01010	0.00733	0.00954	0.01130	0.01198	0.00677	0.00759	0.01160	0.01616	0.02131	0.04905	0.64968	0.10578	0.02560	0.01054	0.00333	0.00477	0.02310	0.00771	0.00677
19	0.01911	0.02217	0.06890	0.03108	0.03745	0.02210	0.44197	0.02487	0.01772	0.02487	0.01518	0.02110	0.01207	0.00901	0.01429	0.00301	0.19139	0.00899	0.00402	0.01070
20	0.01622	0.01291	0.01533	0.01526	0.01836	0.01401	0.01246	0.02838	0.28313	0.03031	0.13008	0.06245	0.04285	0.01712	0.00995	0.00322	0.00664	0.26311	0.00821	0.01001
21	0.02720	0.01714	0.01958	0.01566	0.02106	0.01778	0.01270	0.29804	0.07531	0.19051	0.12796	0.03440	0.08080	0.01217	0.00869	0.00258	0.00723	0.00986	0.00887	0.01247
22	0.01703	0.01523	0.02387	0.06791	0.34456	0.01548	0.01813	0.02295	0.07564	0.02783	0.14611	0.13186	0.03316	0.01246	0.00891	0.00268	0.00772	0.01150	0.00601	0.01095
23	0.27924	0.01964	0.04711	0.07721	0.02464	0.02172	0.01473	0.23857	0.02331	0.03820	0.01543	0.01798	0.01176	0.00956	0.00965	0.00268	0.09955	0.00637	0.03171	0.01095

[dist]
# distance from previous block
# <min> <max>
0	143

[block]
# block no. 8 follows, 22 sequences, length 14
# corresponding to MSA columns:
# 476-489
name=unknown_I
#
# <colnr> <probs for GDERKNQSTAVLIFYWHMCP>
#	G	D	E	R	K	N	Q	S	T	A	V	L	I	F	Y	W	H	M	C	P
0	0.01205	0.00810	0.00925	0.00919	0.00938	0.00803	0.00530	0.01242	0.01316	0.01773	0.08509	0.05509	0.03474	0.64298	0.03922	0.00754	0.00766	0.01236	0.00542	0.00530
1	0.03312	0.02194	0.02326	0.01808	0.02449	0.06971	0.01482	0.42174	0.03368	0.21900	0.02298	0.02189	0.01566	0.00995	0.00826	0.00249	0.00900	0.00757	0.00856	0.01380
2	0.01994	0.01844	0.03012	0.25374	0.40854	0.01985	0.02387	0.07622	0.01991	0.02741	0.01572	0.02102	0.01257	0.00792	0.00826	0.00257	0.01020	0.00740	0.00434	0.01197
3	0.01891	0.02099	0.04490	0.07612	0.04244	0.02002	0.54292	0.02559	0.01938	0.02613	0.01862	0.02750	0.01503	0.00823	0.00983	0.00287	0.01336	0.05193	0.00442	0.01082
4	0.01085	0.00790	0.01022	0.01082	0.01215	0.00727	0.00767	0.01348	0.01963	0.02687	0.32736	0.36221	0.10968	0.02150	0.01018	0.00298	0.00436	0.01922	0.00837	0.00727
5	0.01819	0.04083	0.61701	0.02302	0.03486	0.01877	0.02932	0.02736	0.01800	0.07355	0.01624	0.01834	0.01127	0.00807	0.00793	0.00263	0.01189	0.00630	0.00401	0.01242
6	0.04915	0.28787	0.07999	0.07962	0.02926	0.08708	0.09066	0.12667	0.02174	0.05342	0.01510	0.01740	0.01185	0.00802	0.00714	0.00226	0.01041	0.00623	0.00483	0.01128
7	0.01055	0.00744	0.00963	0.01108	0.01156	0.00703	0.00726	0.01189	0.01570	0.02104	0.07755	0.55538	0.05210	0.14139	0.01594	0.00412	0.00532	0.02116	0.00734	0.00652
8	0.08045	0.00931	0.00924	0.00883	0.01095	0.00966	0.00647	0.05000	0.01736	0.03011	0.02524	0.03284	0.02137	0.12718	0.01202	0.00305	0.00507	0.00818	0.52495	0.00772
9	0.01937	0.02171	0.04512	0.03283	0.03984	0.02174	0.52546	0.02552	0.01847	0.02552	0.01583	0.02171	0.01232	0.00825	0.01269	0.00294	0.12634	0.00938	0.00411	0.01085
10	0.01728	0.01581	0.02232	0.12568	0.02633	0.02000	0.03481	0.06607	0.05162	0.02393	0.02105	0.16453	0.02136	0.01522	0.01769	0.00328	0.32762	0.01096	0.00515	0.00929
11	0.01039	0.00745	0.00970	0.01119	0.01187	0.00695	0.00751	0.01202	0.01654	0.02214	0.10611	0.57637	0.07759	0.06698	0.01245	0.00357	0.00491	0.02183	0.00769	0.00676
12	0.01481	0.01421	0.02175	0.01908	0.02166	0.05367	0.15223	0.01779	0.01707	0.02251	0.03272	0.37696	0.03661	0.01896	0.01231	0.00323	0.09131	0.05862	0.00619	0.00830
13	0.17219	0.01922	0.02538	0.13863	0.24386	0.02108	0.01894	0.20211	0.02351	0.03561	0.01594	0.01923	0.01227	0.00837	0.00765	0.00255	0.00917	0.00684	0.00548	0.01196

[dist]
# distance from previous block
# <min> <max>
3	6

[block]
