[name]
unknown

[dist]
# distance from previous block
# <min> <max>
0	45

[block]
# block no. 0 follows, 26 sequences, length 12
# corresponding to MSA columns:
# 45-56
name=unknown_A
#
# <colnr> <probs for GDERKNQSTAVLIFYWHMCP>
#	G	D	E	R	K	N	Q	S	T	A	V	L	I	F	Y	W	H	M	C	P
0	0.01434	0.00987	0.01408	0.07237	0.01811	0.00984	0.04592	0.03543	0.03987	0.09122	0.03502	0.29760	0.06493	0.09507	0.01235	0.00339	0.00647	0.11990	0.00656	0.00767
1	0.01958	0.08995	0.02306	0.13834	0.02675	0.01654	0.09488	0.02796	0.18664	0.14289	0.04320	0.07008	0.03474	0.00978	0.00764	0.00239	0.00764	0.00864	0.00612	0.04318
2	0.01266	0.01094	0.01680	0.04458	0.01816	0.01175	0.09199	0.04044	0.01575	0.02151	0.07260	0.38017	0.05233	0.04823	0.01295	0.00312	0.11741	0.01532	0.00590	0.00738
3	0.01769	0.01164	0.01479	0.10116	0.01976	0.01199	0.01064	0.12150	0.05133	0.12787	0.22232	0.11117	0.07061	0.06070	0.01034	0.00280	0.00606	0.01136	0.00727	0.00900
4	0.06770	0.01123	0.01377	0.01224	0.01481	0.01185	0.00955	0.09918	0.02064	0.10073	0.31547	0.14359	0.04454	0.01450	0.01013	0.00257	0.07958	0.01200	0.00740	0.00854
5	0.01036	0.00710	0.00835	0.00900	0.00979	0.00672	0.00588	0.01166	0.01421	0.01940	0.06618	0.31245	0.12970	0.25335	0.01855	0.00424	0.00516	0.01549	0.08659	0.00582
6	0.00967	0.00685	0.00890	0.01012	0.01067	0.00645	0.00672	0.01110	0.01493	0.02013	0.12064	0.55070	0.04981	0.11942	0.01353	0.00357	0.00470	0.01913	0.00687	0.00607
7	0.01314	0.00849	0.01138	0.01179	0.01296	0.00859	0.00851	0.01473	0.01525	0.10459	0.03846	0.53699	0.06894	0.02065	0.01098	0.00299	0.07936	0.01800	0.00695	0.00725
8	0.07966	0.00771	0.00742	0.00732	0.00933	0.00791	0.00555	0.01807	0.01565	0.02877	0.02354	0.02693	0.01849	0.00868	0.00525	0.00182	0.00373	0.00682	0.71019	0.00717
9	0.01803	0.01027	0.01255	0.01136	0.01413	0.00995	0.00841	0.03769	0.10432	0.19942	0.12132	0.16648	0.08350	0.15071	0.01415	0.00348	0.00566	0.01236	0.00747	0.00873
10	0.02078	0.01192	0.01440	0.01269	0.01659	0.01163	0.00981	0.02839	0.19952	0.25525	0.03654	0.19307	0.08989	0.01370	0.00815	0.00254	0.00556	0.01175	0.00791	0.04991
11	0.08943	0.01684	0.01839	0.01471	0.01989	0.01797	0.01194	0.32790	0.11382	0.12274	0.10475	0.02477	0.02197	0.00975	0.00743	0.00228	0.00683	0.00768	0.00752	0.05341

[dist]
# distance from previous block
# <min> <max>
4	9

[block]
# block no. 1 follows, 26 sequences, length 32
# corresponding to MSA columns:
# 66-97
name=unknown_B
#
# <colnr> <probs for GDERKNQSTAVLIFYWHMCP>
#	G	D	E	R	K	N	Q	S	T	A	V	L	I	F	Y	W	H	M	C	P
0	0.14487	0.02019	0.13872	0.02596	0.24252	0.01740	0.01802	0.07299	0.06387	0.07377	0.01745	0.05917	0.01438	0.00884	0.00813	0.00243	0.04835	0.00717	0.00494	0.01083
1	0.44150	0.07733	0.06425	0.01249	0.01816	0.01757	0.01121	0.08680	0.01732	0.16758	0.01547	0.01589	0.01105	0.00768	0.00576	0.00228	0.00679	0.00519	0.00570	0.00996
2	0.34898	0.01296	0.01389	0.01158	0.01638	0.01308	0.00942	0.02780	0.01760	0.33239	0.06823	0.05889	0.01967	0.00958	0.00659	0.00239	0.00590	0.00730	0.00721	0.01017
3	0.09181	0.01629	0.01757	0.01408	0.01926	0.08294	0.01140	0.14084	0.02336	0.38822	0.09357	0.02544	0.02158	0.00964	0.00744	0.00230	0.00716	0.00757	0.00803	0.01150
4	0.02837	0.01264	0.01739	0.03489	0.05862	0.01113	0.01146	0.03150	0.02064	0.50481	0.08184	0.02894	0.04904	0.00981	0.00764	0.00227	0.00631	0.00816	0.00836	0.06620
5	0.78701	0.01467	0.01115	0.00997	0.01467	0.01702	0.00821	0.02230	0.01291	0.03403	0.01056	0.01232	0.00821	0.00704	0.00469	0.00235	0.00587	0.00411	0.00469	0.00821
6	0.01675	0.01345	0.01583	0.01136	0.01805	0.01017	0.00911	0.02010	0.01606	0.06201	0.01440	0.01629	0.01166	0.00583	0.00573	0.00119	0.00566	0.00467	0.00477	0.73690
7	0.01466	0.01387	0.02447	0.60005	0.04848	0.01654	0.09088	0.01939	0.01517	0.01958	0.01367	0.02041	0.01044	0.00850	0.00897	0.04599	0.01021	0.00698	0.00342	0.00834
8	0.00923	0.00666	0.00874	0.01040	0.01096	0.00617	0.00697	0.01058	0.01468	0.01943	0.04383	0.69067	0.08667	0.02350	0.00964	0.00305	0.00437	0.02124	0.00704	0.00617
9	0.02554	0.24138	0.02712	0.01736	0.02214	0.39357	0.01421	0.10444	0.02102	0.02190	0.01210	0.01390	0.01015	0.00780	0.00707	0.00195	0.03971	0.00495	0.00414	0.00955
10	0.07028	0.11830	0.02308	0.01822	0.02248	0.58426	0.01409	0.02894	0.02029	0.01935	0.01152	0.01342	0.00968	0.00761	0.00648	0.00194	0.01258	0.00474	0.00387	0.00887
11	0.27160	0.12477	0.02076	0.06470	0.02209	0.33946	0.01279	0.02588	0.01743	0.02352	0.01131	0.01349	0.00929	0.00737	0.00592	0.00208	0.01013	0.00465	0.00403	0.00871
12	0.01679	0.01742	0.03469	0.22521	0.13910	0.01771	0.35035	0.02203	0.01663	0.02242	0.01455	0.02027	0.01128	0.00780	0.00940	0.04203	0.01115	0.00788	0.00367	0.00964
13	0.00932	0.00666	0.00887	0.01051	0.01102	0.00621	0.00705	0.01075	0.01488	0.01993	0.07439	0.69430	0.05126	0.02334	0.00964	0.00305	0.00436	0.02116	0.00711	0.00621
14	0.01084	0.00813	0.01219	0.01219	0.01354	0.00948	0.00948	0.01354	0.01219	0.01761	0.02032	0.02980	0.01896	0.05689	0.70337	0.01219	0.02032	0.00813	0.00406	0.00677
15	0.01745	0.01667	0.02839	0.24587	0.49716	0.01767	0.02262	0.02212	0.01664	0.02317	0.01403	0.01921	0.01145	0.00700	0.00753	0.00233	0.00934	0.00675	0.00364	0.01094
16	0.01095	0.00741	0.00872	0.00878	0.00895	0.00755	0.00522	0.01129	0.01128	0.01519	0.02412	0.07085	0.02741	0.63472	0.11058	0.00774	0.00867	0.01107	0.00462	0.00489
17	0.02519	0.01920	0.02224	0.15954	0.02893	0.02157	0.01548	0.50761	0.03085	0.04107	0.01926	0.02050	0.03531	0.00914	0.00763	0.00234	0.00855	0.00713	0.00671	0.01176
18	0.01084	0.00813	0.01219	0.01219	0.01354	0.00948	0.00948	0.01354	0.01219	0.01761	0.02032	0.02980	0.01896	0.05689	0.70337	0.01219	0.02032	0.00813	0.00406	0.00677
19	0.15236	0.01751	0.01770	0.05468	0.02153	0.05360	0.01265	0.19349	0.27031	0.03414	0.02296	0.02657	0.01826	0.01004	0.00735	0.00250	0.00729	0.05961	0.00667	0.01080
20	0.01851	0.01514	0.01634	0.01466	0.01871	0.01717	0.01140	0.03708	0.56898	0.05805	0.10819	0.03157	0.02873	0.01087	0.00786	0.00254	0.00573	0.00915	0.00786	0.01147
21	0.01593	0.13832	0.60133	0.02039	0.03093	0.01937	0.02589	0.02384	0.01593	0.02315	0.01318	0.01547	0.00963	0.00710	0.00687	0.00229	0.01077	0.00539	0.00321	0.01100
22	0.01043	0.00747	0.00971	0.00968	0.01104	0.00695	0.00695	0.01326	0.01920	0.02687	0.49471	0.20398	0.06375	0.06806	0.01120	0.00289	0.00403	0.01525	0.00780	0.00676
23	0.14411	0.01056	0.01364	0.01292	0.01522	0.01089	0.05434	0.05217	0.01599	0.06383	0.03131	0.44627	0.03472	0.01760	0.00917	0.00284	0.03486	0.01545	0.00644	0.00767
24	0.00998	0.00719	0.00948	0.01030	0.01139	0.00670	0.00736	0.01230	0.01741	0.02379	0.28563	0.41735	0.07514	0.02034	0.00943	0.00283	0.00423	0.05503	0.00753	0.00659
25	0.06596	0.47143	0.03215	0.01470	0.02033	0.22047	0.01312	0.02536	0.01723	0.04312	0.01158	0.01310	0.00998	0.00700	0.00552	0.00178	0.00951	0.00442	0.00374	0.00949
26	0.01576	0.01464	0.02422	0.56334	0.16658	0.01735	0.02118	0.04762	0.01643	0.02158	0.01383	0.01987	0.01058	0.00750	0.00757	0.00247	0.00983	0.00675	0.00362	0.00927
27	0.02520	0.01350	0.03385	0.01269	0.01861	0.01097	0.01057	0.02921	0.04744	0.38238	0.05537	0.02554	0.04215	0.00880	0.00709	0.00198	0.00607	0.00720	0.00749	0.25389
28	0.01751	0.01653	0.02719	0.27513	0.32271	0.01798	0.06586	0.04572	0.08912	0.02441	0.01603	0.02043	0.01257	0.00749	0.00766	0.00241	0.00931	0.00711	0.00419	0.01066
29	0.78701	0.01467	0.01115	0.00997	0.01467	0.01702	0.00821	0.02230	0.01291	0.03403	0.01056	0.01232	0.00821	0.00704	0.00469	0.00235	0.00587	0.00411	0.00469	0.00821
30	0.02690	0.02016	0.02171	0.01670	0.02273	0.02187	0.01372	0.55831	0.07127	0.04448	0.01847	0.01855	0.01334	0.00882	0.00739	0.00218	0.00793	0.00669	0.00728	0.09151
31	0.02176	0.01653	0.02377	0.14384	0.28294	0.04043	0.01769	0.07866	0.05692	0.15123	0.01821	0.02064	0.01360	0.00835	0.00810	0.02548	0.00840	0.00684	0.00533	0.05128

[dist]
# distance from previous block
# <min> <max>
0	1

[block]
# block no. 2 follows, 26 sequences, length 332
# corresponding to MSA columns:
# 99-430
name=unknown_C
#
# <colnr> <probs for GDERKNQSTAVLIFYWHMCP>
#	G	D	E	R	K	N	Q	S	T	A	V	L	I	F	Y	W	H	M	C	P
0	0.66262	0.01682	0.03306	0.01140	0.01639	0.04265	0.00964	0.08471	0.01553	0.03451	0.01144	0.01305	0.00877	0.00727	0.00513	0.00233	0.00655	0.00444	0.00490	0.00878
1	0.09811	0.02354	0.02081	0.01681	0.02223	0.19022	0.01351	0.38363	0.02847	0.07850	0.01646	0.01693	0.01200	0.00849	0.00707	0.00217	0.00922	0.00606	0.00641	0.03939
2	0.05771	0.01287	0.01622	0.01309	0.01802	0.01220	0.01059	0.05709	0.10778	0.44078	0.13989	0.03057	0.02770	0.01045	0.00775	0.00238	0.00595	0.00862	0.00874	0.01162
3	0.78701	0.01467	0.01115	0.00997	0.01467	0.01702	0.00821	0.02230	0.01291	0.03403	0.01056	0.01232	0.00821	0.00704	0.00469	0.00235	0.00587	0.00411	0.00469	0.00821
4	0.01078	0.00786	0.01112	0.01123	0.01223	0.00881	0.00826	0.01281	0.01208	0.01708	0.02244	0.07762	0.02279	0.20261	0.51498	0.01057	0.01649	0.00960	0.00437	0.00626
5	0.01563	0.01495	0.02577	0.51319	0.21540	0.01725	0.04900	0.02060	0.01583	0.02099	0.01376	0.01986	0.01066	0.00732	0.00762	0.00246	0.00994	0.00684	0.00349	0.00943
6	0.00918	0.00759	0.00794	0.00805	0.01029	0.00647	0.00590	0.01107	0.01704	0.02073	0.10717	0.12390	0.56807	0.05002	0.01029	0.00280	0.00402	0.01611	0.00701	0.00635
7	0.05920	0.02047	0.02198	0.01691	0.02291	0.02249	0.01397	0.59670	0.03389	0.08731	0.01864	0.01845	0.01308	0.00904	0.00748	0.00228	0.00813	0.00677	0.00759	0.01271
8	0.06684	0.02076	0.02200	0.01701	0.02296	0.02305	0.01403	0.60920	0.05438	0.04661	0.01822	0.01823	0.01298	0.00904	0.00745	0.00229	0.00815	0.00675	0.00745	0.01263
9	0.02226	0.50359	0.05473	0.01473	0.02097	0.05244	0.01395	0.16919	0.02017	0.02494	0.01242	0.01387	0.01046	0.00738	0.00627	0.00186	0.03122	0.00485	0.00427	0.01042
10	0.01074	0.00775	0.01014	0.00954	0.01133	0.00716	0.00716	0.01431	0.02147	0.03042	0.68211	0.05666	0.07157	0.01551	0.00895	0.00239	0.00358	0.01372	0.00835	0.00716
11	0.08305	0.54998	0.03397	0.01375	0.01968	0.13016	0.01279	0.02430	0.01634	0.04172	0.01137	0.01286	0.00992	0.00683	0.00524	0.00175	0.00872	0.00430	0.00367	0.00958
12	0.00973	0.00765	0.00879	0.00863	0.01075	0.00671	0.00643	0.01232	0.01890	0.02463	0.33114	0.10311	0.38838	0.01790	0.00900	0.00252	0.00376	0.01535	0.00760	0.00671
13	0.02715	0.03103	0.02194	0.01916	0.02308	0.49275	0.01482	0.15503	0.02325	0.02438	0.01283	0.01490	0.01042	0.00867	0.00896	0.00217	0.08986	0.00547	0.00458	0.00956
14	0.00924	0.00660	0.00880	0.01056	0.01100	0.00616	0.00704	0.01056	0.01452	0.01936	0.04181	0.72848	0.05017	0.02376	0.00968	0.00308	0.00440	0.02156	0.00704	0.00616
15	0.01650	0.00903	0.01199	0.01052	0.01332	0.00815	0.00815	0.01992	0.02153	0.19411	0.52060	0.04902	0.05849	0.01399	0.00862	0.00238	0.00429	0.01221	0.00861	0.00858
16	0.01318	0.00659	0.00988	0.00988	0.00988	0.00659	0.00659	0.00988	0.00988	0.01318	0.01318	0.02306	0.01318	0.02635	0.02964	0.77931	0.00659	0.00659	0.00329	0.00329
17	0.01432	0.01348	0.02275	0.71520	0.05224	0.01685	0.02107	0.01938	0.01517	0.01938	0.01348	0.02022	0.01011	0.00758	0.00758	0.00253	0.01011	0.00674	0.00337	0.00843
18	0.04947	0.39962	0.03062	0.01582	0.02109	0.33088	0.01357	0.02609	0.01805	0.01871	0.01107	0.01285	0.00970	0.00710	0.00574	0.00180	0.01053	0.00443	0.00359	0.00926
19	0.01580	0.01370	0.01662	0.01187	0.01864	0.01039	0.02904	0.01926	0.01580	0.02470	0.01354	0.01587	0.01124	0.00564	0.00572	0.00117	0.00584	0.00463	0.00447	0.75605
20	0.07797	0.06968	0.16945	0.01757	0.02456	0.04506	0.01680	0.39688	0.04769	0.03829	0.01637	0.01710	0.01187	0.00838	0.00711	0.00227	0.00889	0.00619	0.00604	0.01184
21	0.02697	0.02590	0.02100	0.01744	0.02238	0.28629	0.01378	0.36106	0.02861	0.03414	0.02061	0.02105	0.06796	0.00945	0.00741	0.00217	0.01004	0.00684	0.00611	0.01076
22	0.01862	0.02029	0.07372	0.04029	0.48079	0.04166	0.12962	0.02348	0.01716	0.02411	0.01410	0.01860	0.01160	0.00709	0.00859	0.00236	0.04585	0.00699	0.00372	0.01137
23	0.04821	0.71165	0.03871	0.01287	0.01929	0.02954	0.01281	0.02270	0.01532	0.01844	0.01055	0.01217	0.00968	0.00651	0.00486	0.00165	0.00803	0.00406	0.00330	0.00968
24	0.01908	0.57304	0.19422	0.01502	0.02262	0.02709	0.01653	0.02302	0.01555	0.01930	0.01127	0.01308	0.00970	0.00666	0.00542	0.00181	0.00884	0.00442	0.00323	0.01008
25	0.01790	0.02046	0.04476	0.03197	0.03964	0.01918	0.65857	0.02430	0.01790	0.02430	0.01535	0.02046	0.01151	0.00639	0.00895	0.00256	0.01279	0.00895	0.00384	0.01023
26	0.00924	0.00660	0.00880	0.01056	0.01100	0.00616	0.00704	0.01056	0.01452	0.01936	0.04181	0.72848	0.05017	0.02376	0.00968	0.00308	0.00440	0.02156	0.00704	0.00616
27	0.00906	0.00730	0.00808	0.00870	0.01051	0.00632	0.00621	0.01077	0.01632	0.02009	0.06452	0.30347	0.46051	0.02081	0.00922	0.00274	0.00404	0.01796	0.00704	0.00632
28	0.01687	0.01790	0.03583	0.25304	0.13025	0.01828	0.36905	0.02258	0.01694	0.02278	0.01460	0.02016	0.01113	0.00682	0.00832	0.00251	0.01142	0.00795	0.00368	0.00989
29	0.00961	0.00709	0.00900	0.00983	0.01097	0.00647	0.00687	0.01165	0.01688	0.02260	0.22468	0.43922	0.15571	0.02076	0.00936	0.00281	0.00408	0.01852	0.00740	0.00647
30	0.02449	0.01568	0.06501	0.01903	0.04974	0.01321	0.15374	0.04457	0.02005	0.34409	0.06882	0.06983	0.02280	0.01033	0.00824	0.00250	0.00800	0.04158	0.00719	0.01110
31	0.00941	0.00778	0.00833	0.00863	0.01100	0.00670	0.00667	0.01151	0.01720	0.02074	0.07063	0.10001	0.57389	0.01962	0.00919	0.00270	0.00428	0.09820	0.00704	0.00647
32	0.07246	0.02046	0.02208	0.05330	0.02450	0.02279	0.01440	0.59009	0.03326	0.04552	0.01752	0.01797	0.01248	0.00891	0.00742	0.00229	0.00829	0.00667	0.00720	0.01239
33	0.02670	0.17895	0.02521	0.01821	0.02264	0.56606	0.01431	0.02875	0.02026	0.01842	0.01148	0.01337	0.00976	0.00755	0.00644	0.00189	0.01255	0.00472	0.00377	0.00898
34	0.01121	0.00783	0.00997	0.00948	0.01132	0.00716	0.00702	0.01432	0.02022	0.04874	0.53644	0.09485	0.12850	0.04697	0.01022	0.00265	0.00390	0.01408	0.00802	0.00709
35	0.01656	0.01670	0.03116	0.33761	0.22486	0.01783	0.20062	0.02184	0.01652	0.02226	0.01422	0.01989	0.01103	0.00702	0.00795	0.00246	0.01056	0.00737	0.00361	0.00993
36	0.01021	0.00774	0.00854	0.00855	0.01085	0.00665	0.00633	0.01229	0.01758	0.04793	0.14481	0.16272	0.49097	0.01902	0.00901	0.00261	0.00399	0.01619	0.00730	0.00672
37	0.01566	0.06495	0.60772	0.02225	0.03294	0.01825	0.08636	0.02400	0.01617	0.02380	0.01365	0.01628	0.00979	0.00710	0.00728	0.00239	0.01124	0.00586	0.00326	0.01106
38	0.06258	0.02395	0.01919	0.01590	0.02082	0.29693	0.01243	0.09770	0.01995	0.02488	0.01291	0.01506	0.01058	0.00753	0.00765	0.00181	0.05944	0.00505	0.00454	0.28108
39	0.06606	0.00970	0.01241	0.01081	0.01396	0.00894	0.00843	0.02154	0.02074	0.23072	0.41771	0.07052	0.05078	0.01344	0.00831	0.00240	0.00463	0.01158	0.00839	0.00893
40	0.08920	0.01639	0.01808	0.01471	0.01977	0.01748	0.01186	0.27721	0.15295	0.16586	0.05088	0.06688	0.02033	0.01028	0.00750	0.00237	0.00678	0.00822	0.00762	0.03561
41	0.01703	0.01879	0.10220	0.04320	0.08294	0.01558	0.19818	0.02177	0.01627	0.04784	0.01531	0.04209	0.01263	0.00767	0.00904	0.00214	0.07804	0.00704	0.00422	0.25802
42	0.01523	0.01488	0.02367	0.61495	0.06820	0.04444	0.04107	0.02004	0.01541	0.01962	0.01334	0.01977	0.01019	0.00778	0.00836	0.00253	0.04177	0.00673	0.00342	0.00860
43	0.02588	0.01967	0.02140	0.01645	0.02275	0.01971	0.01322	0.42809	0.02949	0.04093	0.01834	0.01990	0.01406	0.00914	0.00770	0.00223	0.00799	0.00662	0.00709	0.26933
44	0.01716	0.06306	0.31206	0.17487	0.10714	0.01733	0.06137	0.02345	0.01642	0.06839	0.01471	0.01796	0.01083	0.00720	0.00724	0.00230	0.00999	0.00617	0.00384	0.05851
45	0.01836	0.01955	0.08249	0.06477	0.61584	0.01795	0.02358	0.02322	0.01711	0.02456	0.01419	0.01860	0.01177	0.00682	0.00749	0.00227	0.00922	0.00667	0.00370	0.01184
46	0.02285	0.02334	0.02624	0.07634	0.36686	0.23259	0.01931	0.06196	0.01973	0.05846	0.01446	0.01760	0.01159	0.00741	0.00731	0.00218	0.01037	0.00622	0.00429	0.01088
47	0.02810	0.05801	0.02213	0.01925	0.02332	0.65452	0.01459	0.05504	0.02186	0.01970	0.01194	0.01381	0.00989	0.00782	0.00681	0.00196	0.01329	0.00494	0.00403	0.00899
48	0.00969	0.00771	0.00869	0.00845	0.01069	0.00671	0.00634	0.01229	0.01901	0.02457	0.32557	0.06628	0.43176	0.01769	0.00896	0.00249	0.00373	0.01507	0.00758	0.00671
49	0.00999	0.00696	0.00853	0.00948	0.00982	0.00668	0.00595	0.01077	0.01315	0.01744	0.03561	0.41496	0.06568	0.32418	0.02190	0.00487	0.00563	0.01688	0.00601	0.00551
50	0.01778	0.01697	0.05010	0.02109	0.06258	0.02023	0.05798	0.05309	0.01458	0.06026	0.01452	0.05831	0.01346	0.01402	0.04554	0.00339	0.45510	0.00772	0.00419	0.00910
51	0.75410	0.04572	0.01238	0.01010	0.01487	0.01757	0.00842	0.02231	0.01302	0.03334	0.01056	0.01232	0.00828	0.00702	0.00470	0.00232	0.00596	0.00411	0.00463	0.00828
52	0.02809	0.01901	0.02096	0.01644	0.02219	0.02064	0.01346	0.45237	0.13768	0.15524	0.02229	0.02117	0.01559	0.00935	0.00762	0.00234	0.00764	0.00725	0.00792	0.01275
53	0.01970	0.01671	0.01762	0.01561	0.02004	0.01926	0.01221	0.09241	0.61894	0.03308	0.02981	0.02745	0.02229	0.01019	0.00771	0.00255	0.00620	0.00843	0.00771	0.01208
54	0.02689	0.01456	0.01746	0.01437	0.01948	0.01481	0.01154	0.07007	0.28681	0.36961	0.04970	0.02738	0.02187	0.00993	0.00770	0.00244	0.00628	0.00816	0.00858	0.01236
55	0.01773	0.03170	0.46116	0.02474	0.08597	0.01733	0.13882	0.02521	0.01698	0.08614	0.01549	0.01794	0.01100	0.00723	0.00758	0.00241	0.01087	0.00649	0.00394	0.01126
56	0.06639	0.02051	0.02218	0.05336	0.02457	0.02285	0.01445	0.59520	0.03345	0.04563	0.01758	0.01802	0.01252	0.00892	0.00744	0.00229	0.00831	0.00669	0.00722	0.01243
57	0.00941	0.00744	0.00848	0.00876	0.01066	0.00651	0.00637	0.01155	0.01755	0.02238	0.19995	0.22348	0.40163	0.01948	0.00913	0.00265	0.00392	0.01682	0.00733	0.00651
58	0.00942	0.00671	0.00891	0.01060	0.01107	0.00630	0.00714	0.01077	0.01449	0.01930	0.04105	0.67881	0.04906	0.05110	0.01083	0.00326	0.00461	0.04350	0.00694	0.00613
59	0.78701	0.01467	0.01115	0.00997	0.01467	0.01702	0.00821	0.02230	0.01291	0.03403	0.01056	0.01232	0.00821	0.00704	0.00469	0.00235	0.00587	0.00411	0.00469	0.00821
60	0.01789	0.02037	0.11661	0.10579	0.54161	0.01786	0.02369	0.02301	0.01691	0.02418	0.01411	0.01855	0.01152	0.00689	0.00748	0.00230	0.00940	0.00661	0.00365	0.01157
61	0.06573	0.02165	0.12005	0.01845	0.06999	0.08542	0.01521	0.13077	0.24123	0.05840	0.07664	0.02407	0.02038	0.00935	0.00744	0.00238	0.00794	0.00749	0.00630	0.01112
62	0.02060	0.02210	0.02707	0.14450	0.41119	0.19904	0.02065	0.02452	0.01806	0.02229	0.01347	0.01765	0.01112	0.00717	0.00734	0.00222	0.01042	0.00626	0.00373	0.01060
63	0.01021	0.00809	0.00944	0.01102	0.01163	0.04137	0.00743	0.01156	0.01487	0.01932	0.04029	0.69236	0.04813	0.02296	0.00954	0.00302	0.00487	0.02072	0.00688	0.00629
64	0.02882	0.02020	0.20499	0.01575	0.02309	0.01294	0.01582	0.03338	0.02013	0.50652	0.02541	0.02310	0.01624	0.00878	0.00751	0.00236	0.00777	0.00707	0.00767	0.01244
65	0.03123	0.05385	0.01855	0.01360	0.01920	0.01254	0.01136	0.03525	0.05922	0.57993	0.02942	0.02830	0.01982	0.00988	0.00763	0.00238	0.00655	0.04011	0.00882	0.01237
66	0.00924	0.00660	0.00880	0.01056	0.01100	0.00616	0.00704	0.01056	0.01452	0.01936	0.04181	0.72848	0.05017	0.02376	0.00968	0.00308	0.00440	0.02156	0.00704	0.00616
67	0.01837	0.02064	0.10253	0.02290	0.02937	0.01900	0.27679	0.05055	0.31546	0.02834	0.02229	0.02347	0.01663	0.00833	0.00816	0.00254	0.00940	0.00835	0.00564	0.01122
68	0.01866	0.01639	0.02683	0.27388	0.39135	0.01760	0.02133	0.06233	0.01792	0.05902	0.01506	0.01960	0.01176	0.00733	0.00755	0.00235	0.00922	0.00680	0.00415	0.01088
69	0.01573	0.01348	0.01573	0.01123	0.01798	0.01011	0.00899	0.01910	0.01573	0.02472	0.01348	0.01573	0.01123	0.00562	0.00562	0.00112	0.00562	0.00449	0.00449	0.77980
70	0.01103	0.00735	0.00827	0.00827	0.00827	0.00735	0.00460	0.01103	0.01103	0.01471	0.02390	0.04964	0.02758	0.73343	0.03861	0.00735	0.00735	0.01103	0.00460	0.00460
71	0.01051	0.00750	0.00984	0.01125	0.01219	0.00723	0.00840	0.01242	0.01519	0.01991	0.04067	0.37362	0.08047	0.12343	0.01403	0.00380	0.00568	0.23094	0.00667	0.00624
72	0.01030	0.00742	0.00975	0.00984	0.01124	0.00687	0.00712	0.01322	0.01944	0.02719	0.49541	0.25255	0.06533	0.01791	0.00916	0.00259	0.00382	0.01601	0.00797	0.00687
73	0.01463	0.01388	0.01939	0.01739	0.01757	0.01865	0.01407	0.01628	0.01229	0.01846	0.01756	0.17292	0.01930	0.01828	0.06380	0.00382	0.51981	0.00999	0.00418	0.00774
74	0.01080	0.00660	0.00923	0.01029	0.01056	0.00633	0.00686	0.01029	0.01269	0.01691	0.03048	0.44933	0.03553	0.02479	0.01758	0.31025	0.00527	0.01564	0.00556	0.00503
75	0.01852	0.01823	0.02882	0.16469	0.53524	0.05651	0.02240	0.02298	0.01713	0.02346	0.01398	0.01874	0.01155	0.00697	0.00748	0.00229	0.00947	0.00665	0.00369	0.01119
76	0.02035	0.02291	0.01679	0.01684	0.03926	0.37033	0.01236	0.02242	0.01847	0.01929	0.02279	0.11283	0.02382	0.09857	0.01174	0.00307	0.01029	0.14518	0.00500	0.00771
77	0.78701	0.01467	0.01115	0.00997	0.01467	0.01702	0.00821	0.02230	0.01291	0.03403	0.01056	0.01232	0.00821	0.00704	0.00469	0.00235	0.00587	0.00411	0.00469	0.00821
78	0.01877	0.01802	0.03079	0.04656	0.68612	0.01802	0.02328	0.02328	0.01727	0.02478	0.01427	0.01877	0.01201	0.00676	0.00751	0.00225	0.00901	0.00676	0.00375	0.01201
79	0.01729	0.01055	0.01288	0.01136	0.01462	0.01023	0.00883	0.02401	0.14730	0.17653	0.34278	0.04614	0.11915	0.01355	0.00842	0.00243	0.00472	0.01162	0.00831	0.00929
80	0.01821	0.01697	0.02798	0.23225	0.46296	0.01807	0.02205	0.06571	0.01794	0.02484	0.01432	0.01914	0.01154	0.00715	0.00754	0.00233	0.00927	0.00676	0.00391	0.01107
81	0.14077	0.01867	0.01838	0.01479	0.02022	0.12643	0.01198	0.16472	0.02333	0.35258	0.02173	0.02031	0.01456	0.00874	0.00707	0.00227	0.00793	0.00651	0.00745	0.01156
82	0.01032	0.00709	0.00859	0.00923	0.00952	0.00688	0.00570	0.01105	0.01303	0.01748	0.07177	0.31176	0.03902	0.41518	0.02561	0.00540	0.00598	0.01526	0.00577	0.00536
83	0.01085	0.00808	0.01195	0.01195	0.01322	0.00935	0.00918	0.01339	0.01212	0.01743	0.02054	0.03103	0.01950	0.09900	0.66200	0.01189	0.01951	0.00831	0.00410	0.00664
84	0.02636	0.01863	0.02019	0.01603	0.02145	0.02047	0.01306	0.44603	0.15474	0.09744	0.02206	0.02146	0.01580	0.00934	0.00746	0.00230	0.00741	0.00725	0.06019	0.01233
85	0.01257	0.01080	0.01697	0.01524	0.01682	0.01293	0.06523	0.01529	0.01252	0.01820	0.01798	0.02706	0.01684	0.06585	0.49019	0.00948	0.15681	0.00800	0.00392	0.00729
86	0.01633	0.01323	0.02224	0.06734	0.22511	0.01376	0.08557	0.04335	0.01452	0.02006	0.01379	0.02071	0.01225	0.01553	0.01803	0.33127	0.04858	0.00692	0.00368	0.00773
87	0.10824	0.01757	0.01821	0.01475	0.02011	0.09142	0.01192	0.14482	0.10858	0.34947	0.02398	0.02207	0.01623	0.00904	0.00724	0.00232	0.00747	0.00695	0.00776	0.01185
88	0.01521	0.03923	0.69413	0.02162	0.03283	0.01762	0.02802	0.02402	0.01601	0.02402	0.01361	0.01601	0.00961	0.00721	0.00721	0.00240	0.01121	0.00560	0.00320	0.01121
89	0.01581	0.01378	0.01645	0.01207	0.01816	0.01137	0.00972	0.01902	0.01533	0.02410	0.01314	0.01581	0.01111	0.00635	0.00747	0.00133	0.07425	0.00470	0.00438	0.70563
90	0.05851	0.04226	0.03846	0.01338	0.01891	0.01244	0.01140	0.03312	0.06370	0.50417	0.03132	0.03011	0.06043	0.01028	0.00760	0.00240	0.00648	0.03480	0.00841	0.01183
91	0.01751	0.01444	0.01560	0.01387	0.01771	0.01605	0.01080	0.09689	0.42627	0.03224	0.16195	0.03639	0.08377	0.01190	0.00805	0.00250	0.00559	0.01000	0.00778	0.01070
92	0.00924	0.00769	0.00807	0.00798	0.01042	0.00652	0.00598	0.01142	0.01794	0.02205	0.17175	0.07044	0.58715	0.01863	0.00896	0.00253	0.00380	0.01565	0.00725	0.00652
93	0.01784	0.01707	0.02911	0.18644	0.55350	0.01778	0.02282	0.02246	0.01683	0.02365	0.01410	0.01908	0.01162	0.00693	0.00752	0.00231	0.00924	0.00675	0.00367	0.01126
94	0.02833	0.03615	0.02149	0.01954	0.02345	0.70298	0.01466	0.03029	0.02149	0.01856	0.01172	0.01368	0.00977	0.00782	0.00684	0.00195	0.01368	0.00489	0.00391	0.00879
95	0.00931	0.00681	0.00860	0.01000	0.01073	0.00627	0.00671	0.01064	0.01473	0.01926	0.04595	0.59164	0.14260	0.06463	0.01127	0.00325	0.00449	0.02012	0.00690	0.00611
96	0.01877	0.01802	0.03079	0.04656	0.68612	0.01802	0.02328	0.02328	0.01727	0.02478	0.01427	0.01877	0.01201	0.00676	0.00751	0.00225	0.00901	0.00676	0.00375	0.01201
97	0.01432	0.01348	0.02275	0.71520	0.05224	0.01685	0.02107	0.01938	0.01517	0.01938	0.01348	0.02022	0.01011	0.00758	0.00758	0.00253	0.01011	0.00674	0.00337	0.00843
98	0.78701	0.01467	0.01115	0.00997	0.01467	0.01702	0.00821	0.02230	0.01291	0.03403	0.01056	0.01232	0.00821	0.00704	0.00469	0.00235	0.00587	0.00411	0.00469	0.00821
99	0.01003	0.00728	0.00946	0.00984	0.01114	0.00671	0.00703	0.01260	0.01843	0.02538	0.38863	0.32836	0.09875	0.01905	0.00924	0.00268	0.00393	0.01701	0.00775	0.00671
100	0.03133	0.01333	0.01744	0.01362	0.01915	0.01216	0.01116	0.07793	0.05880	0.56847	0.07130	0.02743	0.02203	0.00981	0.00772	0.00236	0.00637	0.00802	0.00911	0.01249
101	0.02883	0.02125	0.02276	0.01745	0.02352	0.02352	0.01442	0.66082	0.03566	0.04780	0.01821	0.01821	0.01290	0.00911	0.00759	0.00228	0.00835	0.00683	0.00759	0.01290
102	0.01008	0.00720	0.00976	0.01152	0.01232	0.00688	0.00850	0.01201	0.01535	0.02030	0.04134	0.54802	0.04834	0.02297	0.00990	0.00320	0.00513	0.19376	0.00703	0.00639
103	0.00933	0.00666	0.00890	0.01066	0.01114	0.00624	0.00720	0.01072	0.01461	0.01946	0.04176	0.70927	0.04997	0.02368	0.00971	0.00309	0.00448	0.03989	0.00704	0.00619
104	0.01631	0.01717	0.03563	0.02692	0.03293	0.01625	0.47715	0.02189	0.01778	0.02385	0.02231	0.03873	0.02053	0.01048	0.00938	0.00282	0.01116	0.18469	0.00472	0.00932
105	0.01088	0.00772	0.01018	0.01098	0.01215	0.00744	0.00832	0.01333	0.01691	0.02288	0.22314	0.22923	0.05082	0.12965	0.01417	0.00367	0.00543	0.20964	0.00702	0.00647
106	0.01790	0.02046	0.04476	0.03197	0.03964	0.01918	0.65857	0.02430	0.01790	0.02430	0.01535	0.02046	0.01151	0.00639	0.00895	0.00256	0.01279	0.00895	0.00384	0.01023
107	0.01056	0.00790	0.01013	0.03350	0.01319	0.00765	0.00789	0.03446	0.03775	0.02096	0.04103	0.60073	0.08273	0.02155	0.00933	0.00294	0.00477	0.01937	0.00690	0.02667
108	0.01993	0.01984	0.02415	0.09383	0.21732	0.12573	0.03706	0.06772	0.14857	0.02507	0.01704	0.02012	0.01371	0.01036	0.03297	0.00278	0.10164	0.00693	0.00474	0.01051
109	0.07229	0.01898	0.01994	0.01623	0.02155	0.02137	0.01313	0.38865	0.27276	0.04093	0.02248	0.02162	0.01645	0.00942	0.00746	0.00239	0.00731	0.00731	0.00746	0.01227
110	0.78701	0.01467	0.01115	0.00997	0.01467	0.01702	0.00821	0.02230	0.01291	0.03403	0.01056	0.01232	0.00821	0.00704	0.00469	0.00235	0.00587	0.00411	0.00469	0.00821
111	0.01877	0.01802	0.03079	0.04656	0.68612	0.01802	0.02328	0.02328	0.01727	0.02478	0.01427	0.01877	0.01201	0.00676	0.00751	0.00225	0.00901	0.00676	0.00375	0.01201
112	0.01115	0.00803	0.01072	0.01078	0.01256	0.00760	0.00858	0.01471	0.02035	0.02825	0.50193	0.06477	0.06373	0.01704	0.00938	0.00270	0.00453	0.18812	0.00797	0.00711
113	0.01171	0.01356	0.12407	0.01167	0.01527	0.00945	0.01077	0.04306	0.01819	0.02413	0.18151	0.10716	0.26492	0.06094	0.01064	0.00291	0.00577	0.07017	0.00654	0.00757
114	0.01521	0.03923	0.69413	0.02162	0.03283	0.01762	0.02802	0.02402	0.01601	0.02402	0.01361	0.01601	0.00961	0.00721	0.00721	0.00240	0.01121	0.00560	0.00320	0.01121
115	0.02679	0.02521	0.01871	0.01633	0.02044	0.39305	0.01255	0.05421	0.02210	0.18389	0.12835	0.02396	0.02239	0.00953	0.00741	0.00213	0.01004	0.00710	0.00612	0.00967
116	0.02028	0.73799	0.03975	0.01298	0.01947	0.03001	0.01298	0.02271	0.01541	0.01785	0.01055	0.01217	0.00973	0.00649	0.00487	0.00162	0.00811	0.00406	0.00324	0.00973
117	0.01481	0.00867	0.01139	0.01019	0.01272	0.00784	0.00782	0.01823	0.02138	0.14739	0.54783	0.05169	0.08095	0.01453	0.00871	0.00238	0.00410	0.01271	0.00849	0.00815
118	0.02883	0.02125	0.02276	0.01745	0.02352	0.02352	0.01442	0.66082	0.03566	0.04780	0.01821	0.01821	0.01290	0.00911	0.00759	0.00228	0.00835	0.00683	0.00759	0.01290
119	0.78701	0.01467	0.01115	0.00997	0.01467	0.01702	0.00821	0.02230	0.01291	0.03403	0.01056	0.01232	0.00821	0.00704	0.00469	0.00235	0.00587	0.00411	0.00469	0.00821
120	0.01606	0.01525	0.02588	0.45497	0.29894	0.01731	0.02193	0.02090	0.01599	0.02148	0.01379	0.01966	0.01085	0.00726	0.00755	0.00242	0.00968	0.00675	0.00352	0.00982
121	0.01414	0.00707	0.00707	0.00707	0.00884	0.00707	0.00530	0.01767	0.01591	0.02828	0.02474	0.02828	0.01944	0.00884	0.00530	0.00177	0.00353	0.00707	0.77554	0.00707
122	0.01666	0.01274	0.01455	0.01360	0.01692	0.01364	0.01051	0.04791	0.33375	0.06684	0.07332	0.18735	0.03282	0.01424	0.00837	0.00266	0.00567	0.07103	0.00747	0.04996
123	0.01064	0.00775	0.01000	0.00944	0.01127	0.00711	0.00708	0.01412	0.02123	0.02986	0.64792	0.05758	0.10611	0.01572	0.00895	0.00240	0.00359	0.01385	0.00828	0.00711
124	0.01764	0.10010	0.45501	0.02218	0.03186	0.01861	0.14728	0.02493	0.01675	0.07403	0.01489	0.01725	0.01068	0.00715	0.00735	0.00235	0.01086	0.00626	0.00380	0.01101
125	0.01084	0.00813	0.01219	0.01219	0.01354	0.00948	0.00948	0.01354	0.01219	0.01761	0.02032	0.02980	0.01896	0.05689	0.70337	0.01219	0.02032	0.00813	0.00406	0.00677
126	0.01815	0.01798	0.03245	0.11384	0.50408	0.01811	0.13682	0.02305	0.01716	0.02413	0.01438	0.01923	0.01173	0.00678	0.00778	0.00234	0.00980	0.00715	0.00373	0.01132
127	0.02900	0.01278	0.03797	0.01301	0.01827	0.01060	0.01093	0.03225	0.02148	0.54439	0.15322	0.03136	0.02850	0.01048	0.00786	0.00236	0.00606	0.00872	0.00899	0.01176
128	0.06451	0.04536	0.13205	0.05457	0.02228	0.04627	0.01430	0.06045	0.19552	0.11810	0.14075	0.02785	0.02578	0.00993	0.00751	0.00239	0.00727	0.00809	0.00653	0.01051
129	0.01882	0.01999	0.05398	0.04104	0.47606	0.04523	0.18454	0.02384	0.01756	0.02439	0.01442	0.01892	0.01173	0.00672	0.00784	0.00232	0.01022	0.00721	0.00376	0.01141
130	0.31106	0.24542	0.02329	0.01339	0.01825	0.08772	0.01161	0.08769	0.01698	0.02747	0.03047	0.01461	0.01126	0.00790	0.00700	0.00215	0.06516	0.00492	0.00445	0.00920
131	0.01767	0.01961	0.04147	0.09379	0.10289	0.01886	0.54113	0.02376	0.01760	0.02391	0.01508	0.02028	0.01143	0.00653	0.00869	0.00253	0.01219	0.00855	0.00379	0.01024
132	0.01053	0.00775	0.00986	0.00933	0.01121	0.00707	0.00700	0.01392	0.02099	0.02929	0.61319	0.05852	0.14120	0.01593	0.00895	0.00241	0.00361	0.01398	0.00820	0.00707
133	0.01647	0.01415	0.01489	0.01358	0.01740	0.01579	0.01051	0.03311	0.50904	0.02935	0.06833	0.03876	0.16164	0.01236	0.00803	0.00256	0.00545	0.01033	0.00761	0.01064
134	0.01432	0.01348	0.02275	0.71520	0.05224	0.01685	0.02107	0.01938	0.01517	0.01938	0.01348	0.02022	0.01011	0.00758	0.00758	0.00253	0.01011	0.00674	0.00337	0.00843
135	0.01692	0.01452	0.01534	0.01394	0.01783	0.01633	0.01080	0.03443	0.53727	0.02999	0.07580	0.03658	0.12373	0.01192	0.00797	0.00256	0.00554	0.00998	0.00766	0.01089
136	0.01877	0.01802	0.03079	0.04656	0.68612	0.01802	0.02328	0.02328	0.01727	0.02478	0.01427	0.01877	0.01201	0.00676	0.00751	0.00225	0.00901	0.00676	0.00375	0.01201
137	0.01737	0.01493	0.01550	0.04400	0.01766	0.12367	0.01127	0.01949	0.01680	0.10343	0.05492	0.12693	0.16338	0.04305	0.01302	0.00289	0.15434	0.04347	0.00584	0.00803
138	0.01020	0.00750	0.00971	0.01087	0.01189	0.00713	0.00758	0.01291	0.04861	0.02137	0.10277	0.57870	0.04945	0.02161	0.00942	0.00295	0.00455	0.04597	0.00712	0.02970
139	0.01808	0.43445	0.32402	0.01673	0.02527	0.02463	0.01951	0.02328	0.01567	0.02053	0.01188	0.01384	0.00968	0.00680	0.00588	0.00196	0.00946	0.00473	0.00323	0.01038
140	0.02256	0.01813	0.01923	0.01618	0.02113	0.02059	0.01290	0.27051	0.43619	0.03769	0.02617	0.02456	0.01935	0.00985	0.00767	0.00246	0.00687	0.00793	0.00767	0.01234
141	0.01414	0.00707	0.00707	0.00707	0.00884	0.00707	0.00530	0.01767	0.01591	0.02828	0.02474	0.02828	0.01944	0.00884	0.00530	0.00177	0.00353	0.00707	0.77554	0.00707
142	0.01875	0.01803	0.03068	0.04489	0.64009	0.01809	0.04232	0.02398	0.04305	0.02504	0.01495	0.01920	0.01244	0.00689	0.00756	0.00227	0.00901	0.00690	0.00391	0.01196
143	0.02095	0.01762	0.01801	0.01578	0.02032	0.04852	0.01237	0.11270	0.54791	0.05507	0.02853	0.02640	0.02123	0.01002	0.00766	0.00250	0.00662	0.00818	0.00759	0.01200
144	0.02436	0.01733	0.06608	0.01840	0.02463	0.01532	0.15298	0.12639	0.06259	0.26030	0.05709	0.02594	0.01904	0.00906	0.00791	0.00235	0.00820	0.02907	0.00693	0.06603
145	0.01557	0.08805	0.64841	0.02102	0.03190	0.01848	0.02697	0.02393	0.01597	0.02359	0.01340	0.01575	0.00962	0.00716	0.00704	0.00235	0.01099	0.00550	0.00321	0.01111
146	0.01951	0.01562	0.01714	0.04211	0.02063	0.01769	0.01220	0.07545	0.51529	0.07018	0.03170	0.03140	0.05090	0.01086	0.00786	0.00258	0.00628	0.03348	0.00758	0.01154
147	0.78701	0.01467	0.01115	0.00997	0.01467	0.01702	0.00821	0.02230	0.01291	0.03403	0.01056	0.01232	0.00821	0.00704	0.00469	0.00235	0.00587	0.00411	0.00469	0.00821
148	0.01103	0.00735	0.00827	0.00827	0.00827	0.00735	0.00460	0.01103	0.01103	0.01471	0.02390	0.04964	0.02758	0.73343	0.03861	0.00735	0.00735	0.01103	0.00460	0.00460
149	0.01926	0.01649	0.01737	0.01552	0.01987	0.01905	0.01210	0.06490	0.64717	0.03237	0.03037	0.02790	0.02275	0.01024	0.00771	0.00256	0.00610	0.00851	0.00771	0.01204
150	0.01919	0.01630	0.01729	0.01550	0.01979	0.01876	0.01215	0.07446	0.61259	0.03231	0.03050	0.02982	0.02332	0.01061	0.00781	0.00259	0.00617	0.03130	0.00768	0.01187
151	0.01562	0.01532	0.02252	0.01927	0.01992	0.02048	0.05521	0.01767	0.01224	0.01862	0.01329	0.05995	0.01339	0.01823	0.09715	0.00423	0.55728	0.00782	0.00365	0.00813
152	0.02707	0.02274	0.02134	0.01708	0.02248	0.13961	0.01379	0.48766	0.05233	0.04037	0.02150	0.02149	0.05844	0.00961	0.00756	0.00225	0.00889	0.00718	0.00692	0.01172
153	0.01773	0.01818	0.03374	0.03037	0.19413	0.01702	0.33038	0.02392	0.05563	0.02494	0.01561	0.01953	0.01226	0.00655	0.00784	0.00219	0.00999	0.00747	0.00418	0.16835
154	0.01074	0.00775	0.01014	0.00954	0.01133	0.00716	0.00716	0.01431	0.02147	0.03042	0.68211	0.05666	0.07157	0.01551	0.00895	0.00239	0.00358	0.01372	0.00835	0.00716
155	0.00924	0.00660	0.00880	0.01056	0.01100	0.00616	0.00704	0.01056	0.01452	0.01936	0.04181	0.72848	0.05017	0.02376	0.00968	0.00308	0.00440	0.02156	0.00704	0.00616
156	0.78701	0.01467	0.01115	0.00997	0.01467	0.01702	0.00821	0.02230	0.01291	0.03403	0.01056	0.01232	0.00821	0.00704	0.00469	0.00235	0.00587	0.00411	0.00469	0.00821
157	0.01066	0.00775	0.01003	0.00946	0.01128	0.00712	0.00710	0.01416	0.02129	0.02998	0.65527	0.05738	0.09869	0.01567	0.00895	0.00239	0.00359	0.01382	0.00829	0.00712
158	0.11237	0.02132	0.02101	0.01881	0.07348	0.10695	0.01405	0.35979	0.13228	0.03819	0.01826	0.01864	0.01356	0.00872	0.00718	0.00229	0.00841	0.00655	0.00652	0.01164
159	0.21176	0.01793	0.08312	0.26616	0.10119	0.01815	0.01728	0.11450	0.05203	0.02880	0.01443	0.01782	0.01087	0.00769	0.00682	0.00241	0.00856	0.00608	0.00456	0.00984
160	0.01960	0.01843	0.05278	0.04364	0.62215	0.01758	0.02269	0.02416	0.01750	0.06624	0.01522	0.01912	0.01235	0.00694	0.00751	0.00226	0.00893	0.00677	0.00409	0.01204
161	0.02868	0.01982	0.02157	0.01661	0.02247	0.02161	0.01370	0.57246	0.03345	0.10866	0.01962	0.01939	0.01375	0.00912	0.00749	0.00226	0.00795	0.00692	0.04182	0.01264
162	0.02787	0.01983	0.02186	0.04393	0.02396	0.02183	0.01420	0.53155	0.08714	0.09940	0.02007	0.01977	0.01415	0.00917	0.00760	0.00232	0.00806	0.00704	0.00759	0.01265
163	0.02826	0.02028	0.02196	0.01699	0.02282	0.02226	0.01397	0.60648	0.03418	0.07518	0.01970	0.04768	0.01469	0.00972	0.00768	0.00231	0.00810	0.00747	0.00765	0.01262
164	0.01140	0.01087	0.06773	0.01071	0.01350	0.00862	0.00905	0.01626	0.05738	0.02898	0.52996	0.05324	0.12346	0.01488	0.00873	0.00241	0.00438	0.01297	0.00775	0.00770
165	0.01928	0.01650	0.01738	0.01552	0.01988	0.01906	0.01210	0.06575	0.64630	0.03239	0.03035	0.02789	0.02273	0.01024	0.00771	0.00256	0.00610	0.00850	0.00771	0.01204
166	0.01242	0.01402	0.12520	0.01234	0.01595	0.01031	0.01124	0.01898	0.10113	0.02895	0.45713	0.08029	0.05412	0.01389	0.00854	0.00245	0.00520	0.01212	0.00735	0.00839
167	0.01045	0.00745	0.00811	0.00811	0.00883	0.00709	0.00492	0.01099	0.01279	0.01633	0.03876	0.05619	0.21155	0.53296	0.03029	0.00601	0.00637	0.01243	0.00528	0.00510
168	0.01815	0.01587	0.01803	0.04114	0.08009	0.01802	0.01297	0.03642	0.55467	0.03006	0.03140	0.02970	0.05900	0.01039	0.00777	0.00254	0.00629	0.00877	0.00718	0.01157
169	0.00935	0.00669	0.00872	0.01030	0.01079	0.00625	0.00683	0.01061	0.01440	0.01910	0.04201	0.65749	0.07376	0.07063	0.01157	0.00334	0.00457	0.02064	0.00688	0.00607
170	0.01617	0.03201	0.45516	0.02561	0.07501	0.01835	0.18026	0.02370	0.01629	0.02380	0.01386	0.01730	0.01024	0.00734	0.00868	0.00248	0.05292	0.00655	0.00340	0.01085
171	0.08442	0.47677	0.10649	0.01485	0.02125	0.14674	0.01455	0.02416	0.01635	0.01999	0.01109	0.01287	0.00960	0.00685	0.00546	0.00183	0.00925	0.00438	0.00348	0.00961
172	0.70047	0.01565	0.01162	0.01045	0.01499	0.05917	0.00849	0.02222	0.01366	0.03238	0.01398	0.01547	0.04241	0.00770	0.00504	0.00233	0.00625	0.00476	0.00476	0.00816
173	0.01086	0.00738	0.00822	0.00822	0.00844	0.00727	0.00469	0.01102	0.01156	0.01519	0.02834	0.05160	0.08262	0.67345	0.03612	0.00695	0.00706	0.01145	0.00480	0.00475
174	0.00898	0.00764	0.00773	0.00780	0.01028	0.00639	0.00581	0.01087	0.01718	0.02045	0.07545	0.09898	0.65795	0.01939	0.00899	0.00258	0.00386	0.01623	0.00704	0.00639
175	0.01718	0.01673	0.02924	0.26170	0.39825	0.01792	0.08165	0.02194	0.01646	0.02277	0.01397	0.01933	0.01128	0.00720	0.00823	0.00240	0.03260	0.00695	0.00362	0.01056
176	0.02850	0.02108	0.02258	0.01738	0.02340	0.02337	0.01434	0.64012	0.05691	0.04727	0.01863	0.01855	0.01324	0.00914	0.00759	0.00229	0.00827	0.00689	0.00759	0.01287
177	0.03190	0.01244	0.01692	0.01313	0.01863	0.01078	0.01078	0.03489	0.02169	0.63079	0.08970	0.02864	0.02361	0.00995	0.00775	0.00235	0.00619	0.00819	0.00929	0.01238
178	0.01283	0.07361	0.09787	0.01182	0.01531	0.01121	0.01061	0.03622	0.04270	0.02851	0.46453	0.08372	0.05408	0.01382	0.00835	0.00237	0.00518	0.01196	0.00717	0.00816
179	0.03127	0.01460	0.01835	0.01425	0.01992	0.01393	0.01171	0.16497	0.05746	0.49905	0.05339	0.02559	0.01988	0.00962	0.00768	0.00235	0.00671	0.00775	0.00889	0.01263
180	0.01567	0.03649	0.60837	0.02484	0.11729	0.01767	0.02741	0.02393	0.01618	0.02412	0.01370	0.01637	0.00992	0.00715	0.00725	0.00238	0.01093	0.00575	0.00327	0.01131
181	0.01521	0.03923	0.69413	0.02162	0.03283	0.01762	0.02802	0.02402	0.01601	0.02402	0.01361	0.01601	0.00961	0.00721	0.00721	0.00240	0.01121	0.00560	0.00320	0.01121
182	0.01908	0.01564	0.01771	0.08245	0.02277	0.01791	0.01306	0.08462	0.48227	0.05091	0.02900	0.03170	0.02277	0.01085	0.00794	0.00262	0.00668	0.06341	0.00728	0.01132
183	0.01659	0.01659	0.02323	0.01991	0.01991	0.02323	0.01659	0.01825	0.01162	0.01825	0.00996	0.01659	0.00996	0.01328	0.02489	0.00332	0.71955	0.00664	0.00332	0.00830
184	0.04812	0.01422	0.01543	0.01331	0.01715	0.01533	0.01051	0.22487	0.17295	0.03400	0.15630	0.05952	0.11854	0.03327	0.00899	0.00262	0.00601	0.03151	0.00746	0.00991
185	0.00973	0.00717	0.00917	0.01065	0.01141	0.00684	0.00722	0.01213	0.04890	0.02007	0.04329	0.65370	0.08581	0.02280	0.00954	0.00302	0.00445	0.02056	0.00708	0.00648
186	0.02928	0.01573	0.01883	0.01481	0.02025	0.01581	0.01208	0.27536	0.05243	0.35823	0.04304	0.06751	0.02000	0.01037	0.00778	0.00238	0.00696	0.00838	0.00845	0.01230
187	0.01069	0.00804	0.00994	0.00953	0.01149	0.00747	0.00712	0.01462	0.04830	0.02813	0.51327	0.09622	0.17407	0.01639	0.00894	0.00246	0.00377	0.01434	0.00802	0.00718
188	0.02773	0.03488	0.02122	0.01928	0.02321	0.65917	0.01449	0.03093	0.06318	0.01941	0.01295	0.01461	0.01063	0.00797	0.00690	0.00199	0.01319	0.00512	0.00415	0.00900
189	0.03034	0.01336	0.01731	0.01358	0.01896	0.01234	0.01110	0.09306	0.05975	0.52738	0.09470	0.02836	0.02380	0.01003	0.00776	0.00236	0.00632	0.00822	0.00902	0.01228
190	0.01467	0.01395	0.02282	0.61072	0.04738	0.01781	0.02039	0.01921	0.01463	0.01921	0.01295	0.01968	0.01009	0.00844	0.01018	0.00265	0.11672	0.00673	0.00336	0.00841
191	0.01540	0.01510	0.02537	0.45444	0.06838	0.01866	0.08346	0.01975	0.01467	0.01981	0.01285	0.01932	0.01029	0.00879	0.01186	0.00271	0.18005	0.00694	0.00342	0.00872
192	0.02351	0.01798	0.02168	0.05545	0.07925	0.01967	0.03608	0.31974	0.19203	0.07480	0.06273	0.02382	0.01921	0.00945	0.00775	0.00238	0.00765	0.00781	0.00710	0.01192
193	0.02142	0.01310	0.01516	0.01298	0.01728	0.01334	0.01027	0.05597	0.26797	0.23420	0.10034	0.03776	0.14299	0.01204	0.00802	0.00247	0.00562	0.01002	0.00817	0.01086
194	0.06335	0.01382	0.01787	0.01375	0.01960	0.01263	0.01136	0.09934	0.02277	0.60037	0.02797	0.02451	0.01776	0.00927	0.00751	0.00234	0.00662	0.00741	0.00902	0.01272
195	0.02983	0.01352	0.01726	0.01381	0.01919	0.01278	0.01122	0.03700	0.16999	0.51990	0.05100	0.02737	0.02146	0.00979	0.00769	0.00240	0.00626	0.00804	0.00897	0.01252
