[name]
unknown

[dist]
# distance from previous block
# <min> <max>
4	48

[block]
# block no. 0 follows, 25 sequences, length 127
# corresponding to MSA columns:
# 48-174
name=unknown_A
#
# <colnr> <probs for GDERKNQSTAVLIFYWHMCP>
#	G	D	E	R	K	N	Q	S	T	A	V	L	I	F	Y	W	H	M	C	P
0	0.02402	0.01901	0.02020	0.01674	0.02197	0.02150	0.01342	0.32547	0.37315	0.04007	0.02555	0.02414	0.01880	0.00996	0.00783	0.00249	0.00725	0.00794	0.00783	0.01270
1	0.00945	0.00675	0.00900	0.01080	0.01125	0.00630	0.00720	0.01080	0.01484	0.01979	0.04274	0.72245	0.05128	0.02429	0.00990	0.00315	0.00450	0.02204	0.00720	0.00630
2	0.00945	0.00675	0.00900	0.01080	0.01125	0.00630	0.00720	0.01080	0.01484	0.01979	0.04274	0.72245	0.05128	0.02429	0.00990	0.00315	0.00450	0.02204	0.00720	0.00630
3	0.01862	0.45025	0.30407	0.01687	0.02546	0.02552	0.01953	0.02376	0.01601	0.02081	0.01206	0.01404	0.00990	0.00693	0.00595	0.00198	0.00958	0.00479	0.00330	0.01056
4	0.01684	0.03710	0.59974	0.02247	0.03334	0.01777	0.07662	0.02531	0.01684	0.06121	0.01498	0.01728	0.01049	0.00742	0.00753	0.00246	0.01132	0.00611	0.00368	0.01148
5	0.01082	0.00788	0.01017	0.00969	0.01151	0.00723	0.00723	0.01429	0.02144	0.03010	0.61789	0.08355	0.10637	0.01638	0.00917	0.00248	0.00370	0.01445	0.00841	0.00723
6	0.01657	0.01442	0.08498	0.01317	0.01716	0.01218	0.01150	0.09718	0.09563	0.08496	0.38332	0.04387	0.04850	0.01323	0.00859	0.00248	0.00569	0.02923	0.00786	0.00949
7	0.01859	0.02025	0.04188	0.08507	0.03987	0.01982	0.54150	0.05971	0.01887	0.02557	0.01550	0.02062	0.01167	0.00705	0.00957	0.00262	0.03862	0.00876	0.00408	0.01039
8	0.01347	0.00673	0.01010	0.01010	0.01010	0.00673	0.00673	0.01010	0.01010	0.01347	0.01347	0.02357	0.01347	0.02694	0.03030	0.77441	0.00673	0.00673	0.00337	0.00337
9	0.02939	0.02423	0.02306	0.01819	0.02403	0.13487	0.01478	0.55071	0.03407	0.04394	0.01752	0.01785	0.01266	0.00909	0.00763	0.00227	0.00943	0.00665	0.00714	0.01249
10	0.01712	0.01870	0.06102	0.02500	0.05639	0.01595	0.36694	0.02257	0.01772	0.02533	0.05220	0.02126	0.01508	0.00687	0.00797	0.00213	0.01007	0.00779	0.00436	0.24554
11	0.01627	0.13634	0.59741	0.02087	0.03166	0.01977	0.02651	0.02437	0.01628	0.02368	0.01348	0.01582	0.00984	0.00726	0.00703	0.00234	0.01102	0.00551	0.00328	0.01125
12	0.01843	0.01583	0.01677	0.01527	0.01944	0.01813	0.01192	0.03844	0.60132	0.03140	0.03461	0.03397	0.06137	0.01149	0.00808	0.00267	0.00605	0.03524	0.00782	0.01173
13	0.01445	0.00723	0.00723	0.00723	0.00903	0.00723	0.00542	0.01807	0.01626	0.02891	0.02529	0.02891	0.01987	0.00903	0.00542	0.00181	0.00361	0.00723	0.77055	0.00723
14	0.09112	0.01539	0.02644	0.48620	0.08212	0.01772	0.12943	0.02120	0.01588	0.02246	0.01386	0.01984	0.01050	0.00744	0.00770	0.00256	0.01032	0.00702	0.00368	0.00912
15	0.01783	0.01987	0.04241	0.06664	0.07549	0.01891	0.55974	0.02399	0.01799	0.02442	0.01657	0.04784	0.01324	0.00730	0.00903	0.00262	0.01239	0.00941	0.00402	0.01031
16	0.01598	0.03712	0.58765	0.02374	0.03464	0.01826	0.12534	0.02460	0.01667	0.02460	0.01419	0.01708	0.01012	0.00724	0.00764	0.00248	0.01171	0.00626	0.00337	0.01130
17	0.00967	0.00701	0.00913	0.01042	0.01124	0.00648	0.00712	0.01143	0.01617	0.02166	0.14524	0.57098	0.09952	0.02262	0.00973	0.00300	0.00432	0.02037	0.00741	0.00648
18	0.01847	0.01785	0.02807	0.13346	0.49306	0.04784	0.02172	0.02292	0.01749	0.02416	0.01581	0.02286	0.01370	0.00783	0.00773	0.00234	0.00929	0.04173	0.00402	0.04965
19	0.02648	0.01874	0.02058	0.01630	0.02174	0.02041	0.01328	0.44571	0.11746	0.09989	0.09582	0.02512	0.02191	0.01024	0.00794	0.00239	0.00749	0.00809	0.00802	0.01240
20	0.01097	0.00793	0.01036	0.00975	0.01158	0.00732	0.00732	0.01463	0.02195	0.03109	0.67505	0.05792	0.07316	0.01585	0.00914	0.00244	0.00366	0.01402	0.00854	0.00732
21	0.00945	0.00675	0.00900	0.01080	0.01125	0.00630	0.00720	0.01080	0.01484	0.01979	0.04274	0.72245	0.05128	0.02429	0.00990	0.00315	0.00450	0.02204	0.00720	0.00630
22	0.01608	0.01378	0.01608	0.01148	0.01837	0.01034	0.00919	0.01952	0.01608	0.02527	0.01378	0.01608	0.01148	0.00574	0.00574	0.00115	0.00574	0.00459	0.00459	0.77491
23	0.01903	0.01929	0.05592	0.04622	0.63660	0.01844	0.04253	0.02385	0.01763	0.02529	0.01459	0.01914	0.01218	0.00691	0.00771	0.00232	0.00941	0.00693	0.00382	0.01220
24	0.00945	0.00675	0.00900	0.01080	0.01125	0.00630	0.00720	0.01080	0.01484	0.01979	0.04274	0.72245	0.05128	0.02429	0.00990	0.00315	0.00450	0.02204	0.00720	0.00630
25	0.01595	0.01333	0.01397	0.01298	0.01608	0.05096	0.00986	0.02696	0.29693	0.04836	0.23065	0.10889	0.09500	0.01409	0.00852	0.00258	0.00549	0.01206	0.00779	0.00955
26	0.02994	0.01989	0.02201	0.01699	0.02307	0.02147	0.01400	0.50906	0.06543	0.16522	0.02147	0.02057	0.01482	0.00942	0.00777	0.00236	0.00806	0.00722	0.00810	0.01314
27	0.01057	0.00766	0.01000	0.01145	0.01256	0.00730	0.00863	0.01263	0.01589	0.02070	0.04479	0.38646	0.11723	0.07629	0.01234	0.00356	0.00555	0.22291	0.00699	0.00649
28	0.01641	0.01632	0.02435	0.02052	0.02134	0.02181	0.07026	0.01864	0.01249	0.01911	0.01184	0.01882	0.01135	0.01800	0.09987	0.00435	0.57534	0.00716	0.00352	0.00847
29	0.01572	0.01460	0.02446	0.01966	0.02231	0.01683	0.18754	0.01909	0.01440	0.02170	0.01663	0.02425	0.01474	0.06783	0.10903	0.00443	0.25999	0.00803	0.13041	0.00834
30	0.02054	0.08146	0.15461	0.02863	0.23340	0.15360	0.05876	0.05120	0.01854	0.02415	0.01423	0.01759	0.01148	0.00776	0.00824	0.00228	0.05015	0.00624	0.04642	0.01072
31	0.02489	0.01868	0.02012	0.01656	0.02187	0.02087	0.01331	0.31410	0.34058	0.08441	0.02572	0.02415	0.01868	0.00992	0.00782	0.00248	0.00724	0.00790	0.00795	0.01274
32	0.02087	0.30986	0.22152	0.01680	0.02393	0.10873	0.01758	0.02527	0.01751	0.08151	0.05079	0.01776	0.01430	0.00806	0.00718	0.00211	0.03590	0.00570	0.00426	0.01036
33	0.06556	0.06228	0.02313	0.04071	0.02407	0.08649	0.01442	0.46349	0.07597	0.04150	0.01790	0.01832	0.01310	0.00896	0.00739	0.00229	0.00880	0.00662	0.00687	0.01215
34	0.01347	0.00673	0.01010	0.01010	0.01010	0.00673	0.00673	0.01010	0.01010	0.01347	0.01347	0.02357	0.01347	0.02694	0.03030	0.77441	0.00673	0.00673	0.00337	0.00337
35	0.01928	0.34136	0.33229	0.01802	0.02655	0.09818	0.02044	0.02468	0.01672	0.02119	0.01234	0.01439	0.00990	0.00712	0.00628	0.00206	0.01036	0.00496	0.00337	0.01053
36	0.01780	0.34076	0.40639	0.01826	0.02762	0.02351	0.02197	0.02397	0.01610	0.02181	0.01255	0.01466	0.00988	0.00705	0.00633	0.00211	0.01008	0.00504	0.00329	0.01080
37	0.01747	0.01716	0.02378	0.07044	0.02362	0.04690	0.05161	0.05495	0.01432	0.02074	0.01228	0.01870	0.01130	0.01648	0.08440	0.00403	0.49230	0.00701	0.00377	0.00874
38	0.00998	0.00843	0.00873	0.00878	0.01131	0.00751	0.00652	0.01344	0.06784	0.02172	0.07117	0.13830	0.56031	0.01941	0.00914	0.00267	0.00416	0.01636	0.00725	0.00697
39	0.01731	0.01809	0.02254	0.51919	0.04472	0.14708	0.01957	0.02163	0.01646	0.01953	0.01361	0.01969	0.01067	0.01029	0.03931	0.00295	0.03859	0.00659	0.00358	0.00860
40	0.00993	0.00788	0.00892	0.00866	0.01095	0.00687	0.00650	0.01262	0.01949	0.02527	0.33249	0.06751	0.41936	0.01803	0.00916	0.00254	0.00381	0.01537	0.00777	0.00687
41	0.00952	0.00678	0.00897	0.01070	0.01113	0.00635	0.00709	0.01082	0.01469	0.01959	0.04196	0.69415	0.05031	0.05391	0.01114	0.00333	0.00463	0.02159	0.00709	0.00623
42	0.01816	0.01792	0.03214	0.17391	0.45586	0.01838	0.12305	0.02319	0.01734	0.02418	0.01460	0.01975	0.01182	0.00701	0.00793	0.00241	0.01004	0.00726	0.00377	0.01128
43	0.00945	0.00787	0.00825	0.00816	0.01065	0.00667	0.00612	0.01169	0.01835	0.02256	0.17369	0.07196	0.57984	0.01903	0.00916	0.00259	0.00388	0.01599	0.00741	0.00667
44	0.00918	0.00779	0.00792	0.00802	0.01052	0.00653	0.00596	0.01111	0.01751	0.02088	0.07653	0.11118	0.64073	0.01990	0.00921	0.00265	0.00396	0.01668	0.00720	0.00653
45	0.01752	0.01463	0.01579	0.01433	0.01820	0.01634	0.01122	0.06833	0.45538	0.03154	0.10906	0.03950	0.09572	0.01258	0.00831	0.00264	0.00582	0.04434	0.00784	0.01090
46	0.05431	0.42719	0.16940	0.01674	0.02398	0.02600	0.05248	0.07244	0.01733	0.02306	0.01228	0.01443	0.01022	0.00736	0.00694	0.00205	0.04454	0.00511	0.00376	0.01040
47	0.01305	0.00978	0.01380	0.04381	0.05673	0.00989	0.01243	0.03953	0.01837	0.02436	0.09332	0.16508	0.04355	0.01946	0.01004	0.00325	0.00677	0.40222	0.00694	0.00763
48	0.01126	0.00754	0.00855	0.00852	0.00861	0.00751	0.00483	0.01144	0.01181	0.01584	0.05712	0.05110	0.03045	0.69176	0.03794	0.00726	0.00732	0.01141	0.00489	0.00483
49	0.00945	0.00675	0.00900	0.01080	0.01125	0.00630	0.00720	0.01080	0.01484	0.01979	0.04274	0.72245	0.05128	0.02429	0.00990	0.00315	0.00450	0.02204	0.00720	0.00630
50	0.01608	0.01378	0.01608	0.01148	0.01837	0.01034	0.00919	0.01952	0.01608	0.02527	0.01378	0.01608	0.01148	0.00574	0.00574	0.00115	0.00574	0.00459	0.00459	0.77491
51	0.01674	0.01664	0.02333	0.02006	0.02011	0.02322	0.01669	0.01848	0.01190	0.01864	0.01057	0.01747	0.01052	0.01524	0.05056	0.00373	0.68741	0.00684	0.00342	0.00842
52	0.00952	0.00733	0.00872	0.00951	0.01098	0.00652	0.00670	0.01139	0.01682	0.02163	0.13406	0.38697	0.29915	0.02143	0.00952	0.00285	0.00417	0.01883	0.00736	0.00652
53	0.26344	0.03425	0.04389	0.09267	0.02373	0.01820	0.04162	0.15809	0.01964	0.06547	0.01515	0.01746	0.01143	0.00817	0.00760	0.00233	0.05118	0.00592	0.04779	0.07198
54	0.00964	0.00696	0.00913	0.01052	0.01126	0.00645	0.00715	0.01133	0.01593	0.02137	0.12978	0.60350	0.08236	0.02294	0.00976	0.00303	0.00436	0.02070	0.00738	0.00645
55	0.02681	0.01954	0.02126	0.01667	0.02232	0.02129	0.01360	0.51722	0.06906	0.06547	0.04843	0.05639	0.01835	0.01029	0.00786	0.00235	0.00783	0.00808	0.00772	0.03946
56	0.01731	0.15760	0.54628	0.02021	0.03060	0.01988	0.02523	0.02492	0.01653	0.05318	0.01413	0.01615	0.01027	0.00734	0.00698	0.00232	0.01070	0.00555	0.00357	0.01128
57	0.00952	0.00681	0.00907	0.01074	0.01126	0.00635	0.00720	0.01099	0.01520	0.02036	0.07450	0.68906	0.05238	0.02387	0.00986	0.00311	0.00446	0.02164	0.00726	0.00635
58	0.01555	0.04011	0.68733	0.02210	0.03356	0.01801	0.02865	0.02455	0.01637	0.02455	0.01391	0.01637	0.00982	0.00737	0.00737	0.00246	0.01146	0.00573	0.00327	0.01146
59	0.06129	0.21698	0.36937	0.01828	0.02691	0.05554	0.02091	0.02634	0.09098	0.02411	0.01485	0.01645	0.01138	0.00756	0.00664	0.00224	0.00984	0.00554	0.00394	0.01086
60	0.07580	0.07130	0.54816	0.02162	0.03201	0.01873	0.07868	0.02437	0.01625	0.02506	0.01366	0.01626	0.00988	0.00725	0.00720	0.00242	0.01101	0.00582	0.00345	0.01106
61	0.01427	0.00724	0.00730	0.00730	0.00900	0.00724	0.00538	0.01768	0.01598	0.02812	0.02524	0.03014	0.02034	0.04958	0.00734	0.00213	0.00383	0.00746	0.72733	0.00708
62	0.01128	0.00752	0.00846	0.00846	0.00846	0.00752	0.00470	0.01128	0.01128	0.01503	0.02443	0.05074	0.02819	0.72751	0.03946	0.00752	0.00752	0.01128	0.00470	0.00470
63	0.02977	0.02124	0.02297	0.01761	0.02381	0.02334	0.01455	0.61885	0.03566	0.08443	0.01929	0.01905	0.01352	0.00932	0.00776	0.00233	0.00842	0.00703	0.00786	0.01319
64	0.01864	0.01769	0.02906	0.04289	0.59037	0.01783	0.02190	0.02444	0.06812	0.02564	0.01949	0.02305	0.05030	0.00790	0.00778	0.00235	0.00868	0.00758	0.00434	0.01196
65	0.01113	0.00804	0.00944	0.00908	0.01126	0.00712	0.00672	0.01374	0.01926	0.05203	0.33325	0.08921	0.32487	0.05735	0.01082	0.00283	0.00414	0.01493	0.00774	0.00704
66	0.00952	0.00678	0.00898	0.01071	0.01114	0.00634	0.00710	0.01081	0.01471	0.01962	0.04205	0.69732	0.05042	0.05060	0.01100	0.00331	0.00461	0.02164	0.00710	0.00624
67	0.01608	0.01378	0.01608	0.01148	0.01837	0.01034	0.00919	0.01952	0.01608	0.02527	0.01378	0.01608	0.01148	0.00574	0.00574	0.00115	0.00574	0.00459	0.00459	0.77491
68	0.01919	0.01842	0.03147	0.04759	0.67914	0.01842	0.02380	0.02380	0.01765	0.02533	0.01458	0.01919	0.01228	0.00691	0.00768	0.00230	0.00921	0.00691	0.00384	0.01228
69	0.02323	0.01064	0.01429	0.01183	0.01581	0.00942	0.00942	0.02655	0.02207	0.36741	0.34335	0.04169	0.04538	0.01263	0.00845	0.00242	0.00517	0.01082	0.00908	0.01034
70	0.04246	0.01146	0.07320	0.01114	0.01420	0.00892	0.00955	0.01717	0.02111	0.06754	0.55214	0.05056	0.06178	0.01438	0.00874	0.00244	0.00463	0.01253	0.00797	0.00807
71	0.01844	0.01645	0.04383	0.06193	0.19955	0.04609	0.01545	0.02781	0.21385	0.07398	0.10728	0.09227	0.02726	0.01105	0.00810	0.00251	0.00731	0.00971	0.00634	0.01078
72	0.01164	0.00840	0.01130	0.01186	0.01369	0.00806	0.00975	0.01520	0.01985	0.02698	0.35197	0.07261	0.07900	0.01864	0.00990	0.00299	0.00533	0.30777	0.00782	0.00721
73	0.01128	0.00752	0.00846	0.00846	0.00846	0.00752	0.00470	0.01128	0.01128	0.01503	0.02443	0.05074	0.02819	0.72751	0.03946	0.00752	0.00752	0.01128	0.00470	0.00470
74	0.09065	0.26309	0.04642	0.01570	0.02101	0.13643	0.01375	0.08921	0.06742	0.10195	0.01566	0.01669	0.01226	0.00843	0.00797	0.00218	0.07005	0.00562	0.00508	0.01044
75	0.11249	0.06147	0.02256	0.08266	0.02543	0.08336	0.01451	0.40628	0.05357	0.03945	0.01673	0.01776	0.01230	0.00870	0.00720	0.00230	0.00880	0.00639	0.00643	0.01161
76	0.01100	0.00788	0.01054	0.01211	0.01326	0.00763	0.00943	0.01332	0.01613	0.02110	0.04238	0.34159	0.07784	0.07510	0.01244	0.00365	0.00594	0.30508	0.00698	0.00659
77	0.01180	0.00872	0.01144	0.01275	0.01447	0.00862	0.01041	0.01575	0.05387	0.02307	0.07130	0.22342	0.10987	0.02103	0.01015	0.00328	0.00602	0.36959	0.00726	0.00719
78	0.01830	0.09812	0.32227	0.03169	0.30423	0.01919	0.02445	0.02459	0.01707	0.04843	0.01450	0.01754	0.01122	0.00718	0.00728	0.00231	0.01002	0.00615	0.00375	0.01172
79	0.01581	0.07487	0.65484	0.02166	0.03287	0.01864	0.02787	0.02449	0.01634	0.02424	0.01376	0.01617	0.00983	0.00733	0.00725	0.00242	0.01130	0.00565	0.00328	0.01138
80	0.00968	0.00813	0.00845	0.00851	0.01099	0.00709	0.00633	0.01250	0.04486	0.02171	0.09562	0.12837	0.57183	0.01952	0.00917	0.00266	0.00406	0.01645	0.00728	0.00679
81	0.07605	0.01525	0.01713	0.01493	0.01912	0.01639	0.01215	0.26983	0.09460	0.08845	0.05200	0.11746	0.02727	0.01367	0.00844	0.00271	0.00701	0.12943	0.00755	0.01055
82	0.06325	0.30335	0.03124	0.02541	0.24055	0.13342	0.01643	0.02405	0.01736	0.02179	0.01566	0.01809	0.04413	0.00763	0.00641	0.00202	0.00918	0.00583	0.00388	0.01032
83	0.01826	0.02078	0.04500	0.03226	0.03984	0.01975	0.62946	0.02463	0.01808	0.02463	0.01550	0.02078	0.01171	0.00677	0.00970	0.00264	0.03684	0.00907	0.00390	0.01039
84	0.01253	0.00837	0.01030	0.00956	0.01198	0.00745	0.00726	0.01564	0.02073	0.08526	0.44585	0.06000	0.24315	0.01640	0.00903	0.00249	0.00399	0.01416	0.00824	0.00761
85	0.64732	0.01636	0.04300	0.01144	0.01671	0.01732	0.00990	0.05904	0.01534	0.08609	0.01292	0.01418	0.00957	0.00751	0.00531	0.00240	0.00643	0.00470	0.00527	0.00918
86	0.57574	0.04778	0.13574	0.01286	0.01901	0.01836	0.01258	0.05482	0.01504	0.03300	0.01175	0.01358	0.00896	0.00731	0.00542	0.00238	0.00721	0.00461	0.00461	0.00925
87	0.01045	0.00750	0.00971	0.01115	0.01189	0.00719	0.00758	0.04309	0.01593	0.02125	0.04152	0.68707	0.04937	0.02354	0.00979	0.00311	0.00470	0.02129	0.00723	0.00664
88	0.02947	0.02172	0.02327	0.01784	0.02404	0.02404	0.01474	0.65329	0.03646	0.04887	0.01862	0.01862	0.01319	0.00931	0.00776	0.00233	0.00853	0.00698	0.00776	0.01319
89	0.02833	0.02101	0.02247	0.01738	0.02338	0.02320	0.01431	0.60692	0.05795	0.04721	0.02138	0.02114	0.03909	0.00975	0.00782	0.00235	0.00827	0.00741	0.00774	0.01290
90	0.01830	0.02092	0.04575	0.03268	0.04052	0.01961	0.65098	0.02484	0.01830	0.02484	0.01569	0.02092	0.01176	0.00654	0.00915	0.00261	0.01307	0.00915	0.00392	0.01046
91	0.02896	0.03695	0.02197	0.01998	0.02397	0.69638	0.01498	0.03096	0.02197	0.01898	0.01199	0.01398	0.00999	0.00799	0.00699	0.00200	0.01398	0.00499	0.00400	0.00899
92	0.02028	0.01621	0.01738	0.01519	0.01965	0.01821	0.01193	0.12090	0.48025	0.06141	0.06841	0.03162	0.06164	0.01113	0.00801	0.00257	0.00622	0.00921	0.00794	0.01183
93	0.01555	0.04011	0.68733	0.02210	0.03356	0.01801	0.02865	0.02455	0.01637	0.02455	0.01391	0.01637	0.00982	0.00737	0.00737	0.00246	0.01146	0.00573	0.00327	0.01146
94	0.00993	0.00728	0.00942	0.01056	0.01161	0.00666	0.00735	0.01177	0.01616	0.02167	0.12862	0.53881	0.10316	0.02215	0.00964	0.00297	0.00447	0.04138	0.00730	0.02908
95	0.01550	0.01215	0.01832	0.19534	0.02616	0.01383	0.08571	0.02065	0.05181	0.02508	0.01980	0.02447	0.01555	0.00901	0.00889	0.00233	0.08796	0.00740	0.35165	0.00838
96	0.06840	0.07667	0.01869	0.01359	0.01846	0.01497	0.01111	0.14247	0.04496	0.30518	0.08751	0.11492	0.02599	0.01164	0.00777	0.00243	0.00651	0.00956	0.00798	0.01118
97	0.01427	0.01008	0.01166	0.01108	0.01246	0.01049	0.00755	0.13412	0.01708	0.02290	0.02784	0.21696	0.03079	0.37065	0.06289	0.00568	0.00768	0.01307	0.00590	0.00686
98	0.00943	0.00681	0.00893	0.01063	0.01120	0.00631	0.00712	0.01081	0.01500	0.01986	0.04474	0.68620	0.08623	0.02403	0.00986	0.00312	0.00447	0.02172	0.00720	0.00631
99	0.01464	0.01378	0.02326	0.70887	0.05340	0.01723	0.02153	0.01981	0.01550	0.01981	0.01378	0.02067	0.01034	0.00775	0.00775	0.00258	0.01034	0.00689	0.00345	0.00861
100	0.02692	0.05977	0.02279	0.04236	0.05108	0.52102	0.01522	0.06577	0.08156	0.02215	0.01428	0.01599	0.01153	0.00819	0.00709	0.00209	0.01242	0.00556	0.00451	0.00969
101	0.00953	0.00808	0.00826	0.00832	0.01085	0.00696	0.00619	0.01213	0.03946	0.02126	0.07460	0.11559	0.61285	0.01963	0.00917	0.00265	0.00404	0.01648	0.00722	0.00672
102	0.00945	0.00675	0.00900	0.01080	0.01125	0.00630	0.00720	0.01080	0.01484	0.01979	0.04274	0.72245	0.05128	0.02429	0.00990	0.00315	0.00450	0.02204	0.00720	0.00630
103	0.01799	0.02073	0.06348	0.03258	0.08884	0.01893	0.55010	0.02431	0.01817	0.02478	0.01682	0.02398	0.01339	0.00734	0.00906	0.00263	0.01242	0.03992	0.00406	0.01046
104	0.07772	0.01176	0.01444	0.01280	0.01661	0.01144	0.01040	0.07618	0.04735	0.24131	0.15019	0.08394	0.07146	0.01416	0.00856	0.00268	0.00599	0.12505	0.00810	0.00985
105	0.01203	0.00859	0.01195	0.01366	0.01526	0.00851	0.01160	0.01530	0.01757	0.02299	0.06156	0.17359	0.04645	0.02163	0.01055	0.00348	0.00667	0.52440	0.00719	0.00703
106	0.01136	0.00829	0.01091	0.01126	0.01315	0.00784	0.00911	0.01482	0.01999	0.02714	0.37920	0.07061	0.12185	0.01831	0.00973	0.00288	0.00499	0.24349	0.00788	0.00717
107	0.01880	0.02085	0.04425	0.03264	0.06467	0.01975	0.59987	0.05118	0.01904	0.02586	0.01577	0.02075	0.01184	0.00667	0.00903	0.00259	0.01273	0.00897	0.00408	0.01064
108	0.01246	0.01006	0.01137	0.01087	0.01353	0.01006	0.00831	0.01999	0.17890	0.02741	0.27355	0.08042	0.25324	0.01630	0.00894	0.00262	0.00454	0.04135	0.00784	0.00825
109	0.00937	0.00732	0.00850	0.00935	0.01089	0.00645	0.00658	0.01109	0.01645	0.02074	0.08224	0.38842	0.35152	0.02176	0.00952	0.00287	0.00419	0.01904	0.00725	0.00645
110	0.01868	0.35742	0.35343	0.01793	0.02676	0.06177	0.02083	0.02430	0.01640	0.02135	0.01237	0.01443	0.00989	0.00707	0.00625	0.00206	0.01015	0.00496	0.00333	0.01063
111	0.02697	0.01276	0.01615	0.01306	0.01790	0.01198	0.01054	0.07487	0.08546	0.41175	0.13886	0.03361	0.05778	0.01113	0.00799	0.00241	0.00596	0.00923	0.04000	0.01159
112	0.00977	0.00699	0.00933	0.01086	0.01153	0.00654	0.00748	0.01149	0.01579	0.02122	0.11312	0.61647	0.05339	0.02321	0.00985	0.00309	0.00454	0.05155	0.00734	0.00645
113	0.02977	0.02125	0.02298	0.01762	0.02381	0.02334	0.01455	0.61912	0.03566	0.08415	0.01928	0.01905	0.01352	0.00932	0.00776	0.00233	0.00842	0.00703	0.00786	0.01319
114	0.32006	0.01342	0.01364	0.01173	0.01627	0.01414	0.00944	0.02794	0.11813	0.20497	0.08467	0.02763	0.06556	0.01004	0.00678	0.00244	0.00575	0.00768	0.02971	0.01001
115	0.01396	0.00731	0.00755	0.00749	0.00933	0.00722	0.00562	0.01753	0.01686	0.02890	0.09078	0.03305	0.04364	0.01000	0.00589	0.00189	0.00363	0.00815	0.67396	0.00722
116	0.01087	0.00792	0.01022	0.00965	0.01152	0.00727	0.00724	0.01443	0.02171	0.03052	0.64135	0.05886	0.10721	0.01607	0.00915	0.00245	0.00367	0.01415	0.00846	0.00727
117	0.01496	0.01434	0.02454	0.63645	0.05102	0.01769	0.05652	0.02003	0.01548	0.02003	0.01371	0.02050	0.01041	0.00798	0.00872	0.00263	0.04581	0.00701	0.00347	0.00871
118	0.01641	0.01621	0.02289	0.05834	0.02169	0.02240	0.01667	0.01828	0.01225	0.01879	0.01222	0.05702	0.01251	0.01385	0.02358	0.00333	0.63395	0.00765	0.00361	0.00837
119	0.01067	0.00780	0.01001	0.00969	0.01145	0.00715	0.00718	0.01395	0.02088	0.02911	0.56146	0.12480	0.12287	0.01701	0.00922	0.00252	0.00376	0.01501	0.00829	0.00715
120	0.26373	0.01031	0.00984	0.04767	0.01382	0.01122	0.00749	0.02037	0.01543	0.05293	0.02014	0.02308	0.01560	0.00839	0.00543	0.00206	0.00486	0.00625	0.45347	0.00789
121	0.02805	0.01976	0.02154	0.01698	0.02280	0.02169	0.01388	0.46323	0.15927	0.11680	0.02252	0.02153	0.01593	0.00958	0.00779	0.00239	0.00784	0.00743	0.00799	0.01301
122	0.01105	0.00779	0.00935	0.00947	0.01019	0.00758	0.00600	0.01187	0.01268	0.01714	0.02961	0.19143	0.05774	0.44588	0.09065	0.00648	0.00785	0.01313	0.00528	0.04883
123	0.01670	0.16175	0.52770	0.02001	0.03003	0.03981	0.02472	0.02414	0.01663	0.02351	0.03791	0.01715	0.01221	0.00757	0.00700	0.00230	0.01068	0.00574	0.00350	0.01096
124	0.05924	0.08201	0.51289	0.02282	0.06818	0.04062	0.06061	0.02455	0.01651	0.02459	0.01361	0.01624	0.01000	0.00726	0.00717	0.00239	0.01099	0.00577	0.00345	0.01110
125	0.07903	0.01522	0.01698	0.01372	0.01884	0.05198	0.01107	0.11459	0.06849	0.33489	0.09673	0.02945	0.05955	0.01042	0.00767	0.00234	0.00670	0.00835	0.00811	0.04586
126	0.01587	0.01229	0.01466	0.01157	0.01668	0.01010	0.00902	0.05345	0.01816	0.05441	0.11769	0.12705	0.02697	0.01035	0.00706	0.00175	0.00544	0.00884	0.00595	0.47268

[dist]
# distance from previous block
# <min> <max>
0	1

[block]
# block no. 1 follows, 25 sequences, length 153
# corresponding to MSA columns:
# 176-328
name=unknown_B
#
# <colnr> <probs for GDERKNQSTAVLIFYWHMCP>
#	G	D	E	R	K	N	Q	S	T	A	V	L	I	F	Y	W	H	M	C	P
0	0.02231	0.28864	0.02713	0.04986	0.02133	0.02244	0.01308	0.17545	0.05038	0.08749	0.04440	0.02029	0.01589	0.01106	0.04030	0.00261	0.03763	0.00641	0.05273	0.01057
1	0.00976	0.00691	0.00901	0.01045	0.01092	0.00651	0.00690	0.01109	0.01484	0.01989	0.07882	0.59965	0.04977	0.11017	0.01348	0.00364	0.00482	0.02023	0.00697	0.00616
2	0.05511	0.42656	0.06845	0.01534	0.02093	0.07899	0.01450	0.07844	0.01771	0.02243	0.01351	0.01835	0.01229	0.00866	0.00798	0.00212	0.08216	0.04258	0.00406	0.00985
3	0.02897	0.01870	0.05429	0.03944	0.02324	0.04232	0.01413	0.27003	0.06227	0.29412	0.02448	0.02532	0.01725	0.00987	0.00787	0.00243	0.00798	0.03690	0.00795	0.01245
4	0.00926	0.00786	0.00798	0.00795	0.01053	0.00658	0.00596	0.01131	0.01789	0.02147	0.10907	0.07376	0.64515	0.01944	0.00916	0.00261	0.00391	0.01624	0.00727	0.00658
5	0.01499	0.01417	0.02373	0.64386	0.08646	0.01756	0.02147	0.01998	0.01547	0.02007	0.01368	0.02044	0.01044	0.00795	0.00848	0.00260	0.03950	0.00689	0.00346	0.00881
6	0.02848	0.02122	0.02271	0.01764	0.02367	0.02358	0.01450	0.59352	0.09784	0.04726	0.01988	0.01962	0.01421	0.00943	0.00777	0.00236	0.00830	0.00716	0.00777	0.01310
7	0.00952	0.00681	0.00907	0.01074	0.01126	0.00635	0.00720	0.01099	0.01521	0.02037	0.07509	0.68845	0.05240	0.02386	0.00986	0.00311	0.00446	0.02163	0.00727	0.00635
8	0.01568	0.01335	0.01565	0.01144	0.01794	0.01009	0.00907	0.01899	0.01600	0.02493	0.01554	0.05890	0.01390	0.00687	0.00599	0.00127	0.00567	0.00565	0.00475	0.72832
9	0.02442	0.01872	0.02002	0.01645	0.02172	0.02092	0.01323	0.33846	0.31607	0.06135	0.02679	0.02534	0.04019	0.01020	0.00786	0.00247	0.00725	0.00812	0.00786	0.01256
10	0.01445	0.00723	0.00723	0.00723	0.00903	0.00723	0.00542	0.01807	0.01626	0.02891	0.02529	0.02891	0.01987	0.00903	0.00542	0.00181	0.00361	0.00723	0.77055	0.00723
11	0.00972	0.00788	0.00862	0.00844	0.01081	0.00678	0.00633	0.01220	0.01898	0.02405	0.26109	0.06951	0.49151	0.01848	0.00916	0.00256	0.00384	0.01565	0.00761	0.00678
12	0.00945	0.00675	0.00900	0.01080	0.01125	0.00630	0.00720	0.01080	0.01484	0.01979	0.04274	0.72245	0.05128	0.02429	0.00990	0.00315	0.00450	0.02204	0.00720	0.00630
13	0.04689	0.01770	0.02891	0.06371	0.44926	0.01843	0.07002	0.04308	0.06888	0.02606	0.01611	0.02038	0.01323	0.01017	0.04367	0.00293	0.03762	0.00720	0.00430	0.01146
14	0.01011	0.00769	0.00931	0.00933	0.01116	0.00688	0.00683	0.01281	0.01929	0.02579	0.36880	0.18214	0.26450	0.01859	0.00929	0.00262	0.00390	0.01621	0.00786	0.00688
15	0.00945	0.00675	0.00900	0.01080	0.01125	0.00630	0.00720	0.01080	0.01484	0.01979	0.04274	0.72245	0.05128	0.02429	0.00990	0.00315	0.00450	0.02204	0.00720	0.00630
16	0.01757	0.01718	0.02725	0.34936	0.36102	0.05029	0.02234	0.02231	0.01688	0.02250	0.01409	0.01962	0.01128	0.00735	0.00768	0.00242	0.00995	0.00681	0.00367	0.01044
17	0.01976	0.27481	0.28058	0.01934	0.05485	0.14754	0.01971	0.02474	0.01707	0.02107	0.01284	0.01538	0.01046	0.00964	0.03945	0.00257	0.01118	0.00522	0.00349	0.01030
18	0.01929	0.01666	0.01753	0.01578	0.02016	0.01929	0.01227	0.04120	0.66513	0.03243	0.03156	0.02893	0.02367	0.01052	0.00789	0.00263	0.00614	0.00877	0.00789	0.01227
19	0.01128	0.00752	0.00846	0.00846	0.00846	0.00752	0.00470	0.01128	0.01128	0.01503	0.02443	0.05074	0.02819	0.72751	0.03946	0.00752	0.00752	0.01128	0.00470	0.00470
20	0.01778	0.02084	0.07118	0.03154	0.07321	0.01905	0.53369	0.02389	0.01776	0.02437	0.01652	0.05164	0.01340	0.00767	0.00970	0.00265	0.04142	0.00935	0.00401	0.01034
21	0.01696	0.01696	0.02375	0.02036	0.02036	0.02375	0.01696	0.01866	0.01187	0.01866	0.01018	0.01696	0.01018	0.01357	0.02545	0.00339	0.71332	0.00679	0.00339	0.00848
22	0.01445	0.00723	0.00723	0.00723	0.00903	0.00723	0.00542	0.01807	0.01626	0.02891	0.02529	0.02891	0.01987	0.00903	0.00542	0.00181	0.00361	0.00723	0.77055	0.00723
23	0.01919	0.01842	0.03147	0.04759	0.67914	0.01842	0.02380	0.02380	0.01765	0.02533	0.01458	0.01919	0.01228	0.00691	0.00768	0.00230	0.00921	0.00691	0.00384	0.01228
24	0.01810	0.38103	0.36876	0.01775	0.02683	0.02425	0.02107	0.02390	0.01607	0.02145	0.01237	0.01443	0.00989	0.00701	0.00619	0.00206	0.00990	0.00495	0.00330	0.01072
25	0.02947	0.02172	0.02327	0.01784	0.02404	0.02404	0.01474	0.65329	0.03646	0.04887	0.01862	0.01862	0.01319	0.00931	0.00776	0.00233	0.00853	0.00698	0.00776	0.01319
26	0.04946	0.03900	0.65744	0.02157	0.03274	0.01798	0.02775	0.02448	0.01623	0.02501	0.01378	0.01620	0.00976	0.00736	0.00725	0.00245	0.01122	0.00566	0.00334	0.01132
27	0.01513	0.01121	0.04222	0.01187	0.01488	0.00995	0.00967	0.04859	0.07401	0.09902	0.39382	0.10292	0.07164	0.01516	0.00890	0.00257	0.00500	0.04667	0.00811	0.00868
28	0.01316	0.00850	0.01119	0.01074	0.01293	0.00785	0.00839	0.01659	0.02091	0.08642	0.47229	0.08229	0.09216	0.01661	0.00929	0.00264	0.00449	0.10750	0.00831	0.00774
29	0.01108	0.00831	0.01246	0.01246	0.01385	0.00969	0.00969	0.01385	0.01246	0.01800	0.02077	0.03046	0.01938	0.05815	0.69678	0.01246	0.02077	0.00831	0.00415	0.00692
30	0.01898	0.01208	0.01373	0.01153	0.01490	0.01269	0.03928	0.20216	0.02220	0.03448	0.02290	0.02554	0.01755	0.00899	0.00628	0.00200	0.00549	0.00725	0.51288	0.00911
31	0.71713	0.04579	0.01308	0.01076	0.01560	0.04813	0.00889	0.02317	0.01369	0.03340	0.01085	0.01265	0.00853	0.00721	0.00490	0.00235	0.00645	0.00423	0.00470	0.00849
32	0.01478	0.01397	0.02329	0.66714	0.05140	0.01762	0.02126	0.01974	0.01528	0.01974	0.01356	0.02045	0.01033	0.00810	0.00882	0.00263	0.05295	0.00688	0.00344	0.00861
33	0.00969	0.00692	0.00928	0.01108	0.01163	0.00651	0.00762	0.01122	0.01509	0.02007	0.04260	0.67124	0.05075	0.02406	0.00996	0.00318	0.00471	0.07083	0.00719	0.00637
34	0.02947	0.02172	0.02327	0.01784	0.02404	0.02404	0.01474	0.65329	0.03646	0.04887	0.01862	0.01862	0.01319	0.00931	0.00776	0.00233	0.00853	0.00698	0.00776	0.01319
35	0.00972	0.00695	0.00927	0.01082	0.01146	0.00650	0.00741	0.01140	0.01571	0.02111	0.10934	0.62843	0.05334	0.02329	0.00985	0.00309	0.00451	0.04401	0.00734	0.00644
36	0.01097	0.00793	0.01036	0.00975	0.01158	0.00732	0.00732	0.01463	0.02195	0.03109	0.67505	0.05792	0.07316	0.01585	0.00914	0.00244	0.00366	0.01402	0.00854	0.00732
37	0.28084	0.01379	0.01582	0.01261	0.01821	0.01337	0.01041	0.03285	0.01923	0.47064	0.02407	0.02185	0.01564	0.00881	0.00681	0.00240	0.00640	0.00661	0.00802	0.01162
38	0.02073	0.73217	0.04063	0.01327	0.01990	0.03068	0.01327	0.02322	0.01575	0.01824	0.01078	0.01244	0.00995	0.00663	0.00498	0.00166	0.00829	0.00415	0.00332	0.00995
39	0.00945	0.00675	0.00900	0.01080	0.01125	0.00630	0.00720	0.01080	0.01484	0.01979	0.04274	0.72245	0.05128	0.02429	0.00990	0.00315	0.00450	0.02204	0.00720	0.00630
40	0.00945	0.00675	0.00900	0.01080	0.01125	0.00630	0.00720	0.01080	0.01484	0.01979	0.04274	0.72245	0.05128	0.02429	0.00990	0.00315	0.00450	0.02204	0.00720	0.00630
41	0.01830	0.02092	0.04575	0.03268	0.04052	0.01961	0.65098	0.02484	0.01830	0.02484	0.01569	0.02092	0.01176	0.00654	0.00915	0.00261	0.01307	0.00915	0.00392	0.01046
42	0.51961	0.01464	0.01358	0.01143	0.01649	0.01589	0.00940	0.06454	0.01696	0.19656	0.01678	0.01705	0.01184	0.00800	0.00575	0.00237	0.00620	0.00538	0.03770	0.00983
43	0.00945	0.00675	0.00900	0.01080	0.01125	0.00630	0.00720	0.01080	0.01484	0.01979	0.04274	0.72245	0.05128	0.02429	0.00990	0.00315	0.00450	0.02204	0.00720	0.00630
44	0.01128	0.00752	0.00846	0.00846	0.00846	0.00752	0.00470	0.01128	0.01128	0.01503	0.02443	0.05074	0.02819	0.72751	0.03946	0.00752	0.00752	0.01128	0.00470	0.00470
45	0.01901	0.01824	0.03115	0.07375	0.65439	0.01838	0.02371	0.02364	0.01757	0.02511	0.01455	0.01925	0.01220	0.00694	0.00768	0.00231	0.00926	0.00691	0.00382	0.01214
46	0.05882	0.05935	0.59767	0.02077	0.03145	0.01806	0.02622	0.02505	0.01645	0.05647	0.01444	0.01652	0.01020	0.00744	0.00717	0.00242	0.01083	0.00569	0.00366	0.01133
47	0.03479	0.01320	0.01799	0.01380	0.01979	0.01140	0.01140	0.03779	0.02219	0.68451	0.03059	0.02639	0.01919	0.00960	0.00780	0.00240	0.00660	0.00780	0.00960	0.01320
48	0.01129	0.00821	0.01198	0.01198	0.01333	0.00945	0.00923	0.01399	0.01264	0.01854	0.02119	0.03121	0.01978	0.08300	0.62755	0.01161	0.01918	0.00837	0.05063	0.00685
49	0.02853	0.01953	0.02149	0.01684	0.02264	0.02122	0.01378	0.48541	0.09653	0.13436	0.02237	0.04422	0.01634	0.00997	0.00785	0.00239	0.00789	0.00778	0.00801	0.01287
50	0.00945	0.00675	0.00900	0.01080	0.01125	0.00630	0.00720	0.01080	0.01484	0.01979	0.04274	0.72245	0.05128	0.02429	0.00990	0.00315	0.00450	0.02204	0.00720	0.00630
51	0.01813	0.02043	0.04303	0.03115	0.03802	0.02012	0.57242	0.02407	0.01750	0.02407	0.01500	0.02043	0.01157	0.00741	0.01117	0.00271	0.09983	0.00886	0.00386	0.01021
52	0.01919	0.01842	0.03147	0.04759	0.67914	0.01842	0.02380	0.02380	0.01765	0.02533	0.01458	0.01919	0.01228	0.00691	0.00768	0.00230	0.00921	0.00691	0.00384	0.01228
53	0.46878	0.04765	0.01586	0.01229	0.01749	0.01833	0.01021	0.16088	0.01951	0.11200	0.01535	0.01613	0.01121	0.00798	0.00582	0.00233	0.00662	0.00533	0.03622	0.01001
54	0.00953	0.00678	0.00897	0.01068	0.01111	0.00636	0.00708	0.01082	0.01467	0.01956	0.04185	0.69003	0.05017	0.05823	0.01132	0.00336	0.00464	0.02152	0.00708	0.00622
55	0.01070	0.00771	0.01040	0.01210	0.01322	0.00741	0.00934	0.01301	0.01624	0.02127	0.04387	0.42459	0.08047	0.02286	0.01020	0.00330	0.00557	0.27392	0.00717	0.00666
56	0.04946	0.03900	0.65744	0.02157	0.03274	0.01798	0.02775	0.02448	0.01623	0.02501	0.01378	0.01620	0.00976	0.00736	0.00725	0.00245	0.01122	0.00566	0.00334	0.01132
57	0.00967	0.00692	0.00919	0.01065	0.01129	0.00644	0.00721	0.01134	0.01586	0.02141	0.13317	0.62741	0.05441	0.02308	0.00979	0.00305	0.00438	0.02090	0.00739	0.00644
58	0.00968	0.00697	0.00924	0.01096	0.01161	0.00652	0.00758	0.01124	0.01521	0.02012	0.04408	0.64358	0.07662	0.02386	0.00993	0.00316	0.00469	0.07137	0.00719	0.00638
59	0.02011	0.64878	0.11856	0.01433	0.02155	0.02915	0.01512	0.02338	0.01583	0.01900	0.01116	0.01291	0.00993	0.00672	0.00526	0.00175	0.00867	0.00434	0.00331	0.01013
60	0.06345	0.01637	0.02716	0.31190	0.32260	0.01820	0.04947	0.02190	0.01624	0.02330	0.01385	0.01936	0.01113	0.00759	0.00851	0.00249	0.04567	0.00683	0.00372	0.01028
61	0.01012	0.00825	0.00903	0.00905	0.01144	0.00736	0.00685	0.01330	0.04724	0.02318	0.17014	0.10981	0.47517	0.01899	0.00923	0.00267	0.00419	0.04958	0.00745	0.00695
62	0.02776	0.05538	0.02256	0.01709	0.02276	0.13465	0.01391	0.42183	0.05147	0.06865	0.01810	0.01846	0.01325	0.00884	0.00734	0.00218	0.00897	0.00651	0.03176	0.04853
63	0.00972	0.00690	0.00906	0.01052	0.01104	0.00648	0.00700	0.01114	0.01511	0.02029	0.09077	0.61486	0.05109	0.08174	0.01228	0.00345	0.00468	0.02052	0.00710	0.00625
64	0.05612	0.39649	0.25004	0.01737	0.02541	0.06195	0.05079	0.02414	0.01630	0.02148	0.01212	0.01425	0.00993	0.00697	0.00607	0.00202	0.00978	0.00497	0.00344	0.01034
65	0.05442	0.07935	0.05746	0.01785	0.02365	0.21801	0.01501	0.33812	0.02810	0.07117	0.01626	0.01692	0.01201	0.00857	0.00721	0.00219	0.01005	0.00608	0.00611	0.01147
66	0.12534	0.02013	0.02051	0.04088	0.05218	0.07392	0.01388	0.31338	0.16078	0.07175	0.02003	0.02010	0.01466	0.00903	0.00733	0.00238	0.00812	0.00687	0.00687	0.01184
67	0.03214	0.01323	0.01739	0.01350	0.01921	0.01172	0.01110	0.07268	0.02265	0.58586	0.03421	0.03029	0.07834	0.01049	0.00792	0.00241	0.00647	0.00852	0.00927	0.01259
68	0.02898	0.02147	0.02299	0.01774	0.02386	0.02382	0.01462	0.62374	0.06680	0.04807	0.01924	0.01911	0.01369	0.00937	0.00776	0.00234	0.00842	0.00707	0.00776	0.01314
69	0.01667	0.15784	0.46594	0.07593	0.06599	0.02025	0.04677	0.02392	0.01633	0.02312	0.01345	0.01632	0.01008	0.00722	0.00705	0.00232	0.01076	0.00572	0.00335	0.01098
70	0.01609	0.13612	0.56822	0.02034	0.03072	0.01935	0.02560	0.02395	0.01652	0.02394	0.04096	0.01754	0.01247	0.00762	0.00710	0.00234	0.01069	0.00585	0.00350	0.01107
71	0.04437	0.14890	0.49588	0.01911	0.02866	0.01908	0.02347	0.02338	0.01666	0.02450	0.07303	0.01934	0.01551	0.00801	0.00704	0.00232	0.01004	0.00616	0.00381	0.01073
72	0.01190	0.00822	0.01011	0.00946	0.01176	0.00734	0.00716	0.01504	0.02074	0.06781	0.46578	0.06077	0.24190	0.01655	0.00907	0.00249	0.00391	0.01431	0.00822	0.00745
73	0.02864	0.02107	0.02259	0.01741	0.02333	0.02329	0.01428	0.62390	0.03530	0.04732	0.01888	0.02009	0.01387	0.04218	0.00921	0.00256	0.00849	0.00718	0.00762	0.01280
74	0.05487	0.67613	0.03868	0.01336	0.01982	0.05323	0.01311	0.02347	0.01586	0.01900	0.01082	0.01250	0.00988	0.00671	0.00504	0.00170	0.00839	0.00418	0.00341	0.00985
75	0.00955	0.00785	0.00831	0.00843	0.01075	0.00674	0.00629	0.01157	0.01752	0.02135	0.10930	0.09975	0.55180	0.05353	0.01072	0.00291	0.00426	0.04568	0.00716	0.00652
76	0.01083	0.00792	0.01017	0.00961	0.01150	0.00726	0.00721	0.01436	0.02162	0.03031	0.62907	0.05921	0.11962	0.01614	0.00915	0.00245	0.00368	0.01420	0.00843	0.00726
77	0.02037	0.01606	0.01782	0.01643	0.04670	0.01787	0.01234	0.09633	0.46566	0.07792	0.07066	0.03116	0.05412	0.01092	0.00799	0.00256	0.00628	0.00911	0.00784	0.01187
78	0.01081	0.00786	0.01018	0.00973	0.01152	0.00723	0.00725	0.01427	0.02137	0.03002	0.61374	0.09522	0.09875	0.01648	0.00919	0.00249	0.00372	0.01457	0.00840	0.00723
79	0.00916	0.00785	0.00785	0.00785	0.01047	0.00655	0.00589	0.01113	0.01767	0.02095	0.07855	0.07462	0.67599	0.01964	0.00916	0.00262	0.00393	0.01636	0.00720	0.00655
80	0.01696	0.01696	0.02375	0.02036	0.02036	0.02375	0.01696	0.01866	0.01187	0.01866	0.01018	0.01696	0.01018	0.01357	0.02545	0.00339	0.71332	0.00679	0.00339	0.00848
81	0.06072	0.02309	0.02264	0.01775	0.02366	0.09667	0.01450	0.55960	0.03392	0.04504	0.01757	0.01786	0.01264	0.00908	0.00755	0.00229	0.00902	0.00665	0.00723	0.01253
82	0.00955	0.00679	0.00897	0.01067	0.01109	0.00636	0.00706	0.01082	0.01465	0.01953	0.04173	0.68549	0.05001	0.06298	0.01152	0.00339	0.00466	0.02145	0.00706	0.00621
83	0.00945	0.00675	0.00900	0.01080	0.01125	0.00630	0.00720	0.01080	0.01484	0.01979	0.04274	0.72245	0.05128	0.02429	0.00990	0.00315	0.00450	0.02204	0.00720	0.00630
84	0.02010	0.64756	0.11970	0.01435	0.02157	0.02913	0.01515	0.02338	0.01583	0.01901	0.01116	0.01292	0.00993	0.00672	0.00527	0.00176	0.00868	0.00434	0.00331	0.01013
85	0.00925	0.00784	0.00788	0.00788	0.01039	0.00659	0.00584	0.01113	0.01741	0.02070	0.07630	0.07363	0.64916	0.04896	0.01042	0.00282	0.00408	0.01615	0.00710	0.00647
86	0.01445	0.00723	0.00723	0.00723	0.00903	0.00723	0.00542	0.01807	0.01626	0.02891	0.02529	0.02891	0.01987	0.00903	0.00542	0.00181	0.00361	0.00723	0.77055	0.00723
87	0.02636	0.01953	0.02097	0.01652	0.02193	0.02148	0.01340	0.53748	0.06221	0.04393	0.02310	0.04931	0.04561	0.04989	0.00965	0.00267	0.00801	0.00827	0.00755	0.01213
88	0.01016	0.00781	0.00929	0.00910	0.01113	0.00694	0.00676	0.01299	0.01976	0.02631	0.39649	0.11456	0.30477	0.01795	0.00921	0.00256	0.00383	0.01553	0.00792	0.00694
89	0.00916	0.00785	0.00785	0.00785	0.01047	0.00655	0.00589	0.01113	0.01767	0.02095	0.07855	0.07462	0.67599	0.01964	0.00916	0.00262	0.00393	0.01636	0.00720	0.00655
90	0.02947	0.02172	0.02327	0.01784	0.02404	0.02404	0.01474	0.65329	0.03646	0.04887	0.01862	0.01862	0.01319	0.00931	0.00776	0.00233	0.00853	0.00698	0.00776	0.01319
91	0.05310	0.08520	0.02305	0.07014	0.02539	0.48428	0.01498	0.08456	0.04848	0.02272	0.01338	0.01534	0.01080	0.00806	0.00692	0.00208	0.01220	0.00537	0.00442	0.00952
92	0.00945	0.00675	0.00900	0.01080	0.01125	0.00630	0.00720	0.01080	0.01484	0.01979	0.04274	0.72245	0.05128	0.02429	0.00990	0.00315	0.00450	0.02204	0.00720	0.00630
93	0.02073	0.73217	0.04063	0.01327	0.01990	0.03068	0.01327	0.02322	0.01575	0.01824	0.01078	0.01244	0.00995	0.00663	0.00498	0.00166	0.00829	0.00415	0.00332	0.00995
94	0.01025	0.00802	0.00943	0.00991	0.01202	0.00720	0.00777	0.01279	0.01812	0.02294	0.15897	0.13323	0.37902	0.01988	0.00959	0.00286	0.00469	0.15913	0.00739	0.00678
95	0.03479	0.01320	0.01799	0.01380	0.01979	0.01140	0.01140	0.03779	0.02219	0.68451	0.03059	0.02639	0.01919	0.00960	0.00780	0.00240	0.00660	0.00780	0.00960	0.01320
96	0.00968	0.00692	0.00927	0.01107	0.01162	0.00650	0.00761	0.01121	0.01508	0.02006	0.04260	0.67291	0.05076	0.02407	0.00996	0.00318	0.00470	0.06923	0.00719	0.00636
97	0.01672	0.01661	0.02328	0.02003	0.02009	0.02317	0.01666	0.01846	0.01190	0.01863	0.01061	0.01752	0.01056	0.01541	0.05309	0.00377	0.68480	0.00685	0.00342	0.00842
98	0.03479	0.01320	0.01799	0.01380	0.01979	0.01140	0.01140	0.03779	0.02219	0.68451	0.03059	0.02639	0.01919	0.00960	0.00780	0.00240	0.00660	0.00780	0.00960	0.01320
99	0.02896	0.03695	0.02197	0.01998	0.02397	0.69638	0.01498	0.03096	0.02197	0.01898	0.01199	0.01398	0.00999	0.00799	0.00699	0.00200	0.01398	0.00499	0.00400	0.00899
100	0.01929	0.01666	0.01753	0.01578	0.02016	0.01929	0.01227	0.04120	0.66513	0.03243	0.03156	0.02893	0.02367	0.01052	0.00789	0.00263	0.00614	0.00877	0.00789	0.01227
101	0.01347	0.00673	0.01010	0.01010	0.01010	0.00673	0.00673	0.01010	0.01010	0.01347	0.01347	0.02357	0.01347	0.02694	0.03030	0.77441	0.00673	0.00673	0.00337	0.00337
102	0.01919	0.01842	0.03147	0.04759	0.67914	0.01842	0.02380	0.02380	0.01765	0.02533	0.01458	0.01919	0.01228	0.00691	0.00768	0.00230	0.00921	0.00691	0.00384	0.01228
103	0.01128	0.00752	0.00846	0.00846	0.00846	0.00752	0.00470	0.01128	0.01128	0.01503	0.02443	0.05074	0.02819	0.72751	0.03946	0.00752	0.00752	0.01128	0.00470	0.00470
104	0.00940	0.00733	0.00854	0.00936	0.01090	0.00647	0.00659	0.01116	0.01656	0.02095	0.09429	0.38268	0.34487	0.02165	0.00951	0.00286	0.00418	0.01894	0.00727	0.00647
105	0.00932	0.00786	0.00807	0.00802	0.01057	0.00661	0.00601	0.01143	0.01804	0.02182	0.12984	0.07318	0.62416	0.01931	0.00916	0.00260	0.00390	0.01616	0.00731	0.00661
106	0.01876	0.01798	0.03069	0.11066	0.61946	0.01831	0.02358	0.02342	0.01745	0.02480	0.01451	0.01933	0.01210	0.00699	0.00768	0.00233	0.00932	0.00691	0.00380	0.01193
107	0.01827	0.02059	0.04378	0.03154	0.03889	0.01980	0.59982	0.02508	0.03911	0.02479	0.01594	0.02099	0.01208	0.00700	0.00989	0.00265	0.04632	0.00902	0.00403	0.01042
108	0.02881	0.02108	0.02256	0.01737	0.02338	0.02330	0.01433	0.62520	0.03556	0.04798	0.01891	0.01907	0.01348	0.00930	0.00765	0.00230	0.00831	0.00699	0.04149	0.01292
109	0.01014	0.00738	0.00961	0.01053	0.01168	0.00684	0.00757	0.01242	0.01748	0.02360	0.23746	0.41523	0.10840	0.02111	0.00968	0.00292	0.00442	0.06923	0.00760	0.00670
110	0.01876	0.01798	0.03069	0.11082	0.61931	0.01831	0.02358	0.02341	0.01745	0.02480	0.01451	0.01933	0.01210	0.00699	0.00768	0.00233	0.00932	0.00691	0.00380	0.01193
111	0.01184	0.00944	0.01393	0.01349	0.01469	0.01153	0.01064	0.01447	0.01238	0.01809	0.01939	0.02870	0.01818	0.05234	0.60920	0.01128	0.11112	0.00811	0.00405	0.00713
112	0.05242	0.01959	0.04028	0.08305	0.03858	0.01918	0.51666	0.02460	0.01771	0.05192	0.01568	0.02057	0.01174	0.00712	0.00957	0.00263	0.04576	0.00859	0.00413	0.01024
113	0.02644	0.01814	0.02059	0.01717	0.04422	0.01945	0.01341	0.43656	0.05171	0.12251	0.05461	0.09579	0.02114	0.01119	0.00805	0.00244	0.00758	0.00906	0.00783	0.01212
114	0.00969	0.00691	0.00916	0.01079	0.01133	0.00648	0.00730	0.01117	0.01511	0.02021	0.06802	0.64623	0.05107	0.05036	0.01101	0.00330	0.00468	0.04371	0.00716	0.00631
