[name]
unknown

[dist]
# distance from previous block
# <min> <max>
0	0

[block]
# block no. 0 follows, 23 sequences, length 69
# corresponding to MSA columns:
# 0-68
name=unknown_A
#
# <colnr> <probs for GDERKNQSTAVLIFYWHMCP>
#	G	D	E	R	K	N	Q	S	T	A	V	L	I	F	Y	W	H	M	C	P
0	0.01308	0.00934	0.01308	0.01494	0.01681	0.00934	0.01308	0.01681	0.01868	0.02428	0.04296	0.09153	0.04670	0.02242	0.01121	0.00374	0.00747	0.60960	0.00747	0.00747
1	0.03641	0.01381	0.01883	0.01444	0.02071	0.01193	0.01193	0.03954	0.02322	0.66984	0.03201	0.02762	0.02009	0.01004	0.00816	0.00251	0.00690	0.00816	0.01004	0.01381
2	0.03273	0.01419	0.01847	0.01416	0.02038	0.01243	0.01164	0.07501	0.02330	0.53198	0.03177	0.02838	0.04940	0.01011	0.00800	0.00238	0.00681	0.00818	0.00925	0.09141
3	0.02313	0.01649	0.01905	0.01407	0.02097	0.01468	0.01143	0.18262	0.02322	0.12070	0.01813	0.01899	0.01358	0.00753	0.00685	0.00170	0.00689	0.00591	0.00638	0.46770
4	0.01086	0.00815	0.01007	0.00985	0.01181	0.00735	0.00729	0.01401	0.02111	0.02874	0.45632	0.13369	0.21402	0.01847	0.00966	0.00268	0.00399	0.01615	0.00845	0.00735
5	0.01203	0.00862	0.00987	0.00987	0.01228	0.00764	0.00753	0.01435	0.01857	0.06076	0.12893	0.09954	0.39985	0.07967	0.01248	0.00330	0.00504	0.09481	0.00760	0.00725
6	0.01753	0.09425	0.45616	0.02436	0.03477	0.02039	0.15532	0.02647	0.04766	0.02559	0.01555	0.01841	0.01141	0.00762	0.00792	0.00254	0.01180	0.00676	0.00380	0.01168
7	0.02018	0.01743	0.01835	0.01651	0.02110	0.02018	0.01284	0.04312	0.64956	0.03394	0.03303	0.03027	0.02477	0.01101	0.00826	0.00275	0.00642	0.00917	0.00826	0.01284
8	0.01513	0.00756	0.00756	0.00756	0.00945	0.00756	0.00567	0.01891	0.01702	0.03025	0.02647	0.03025	0.02080	0.00945	0.00567	0.00189	0.00378	0.00756	0.75988	0.00756
9	0.01700	0.01659	0.02315	0.02004	0.02013	0.02290	0.01651	0.01875	0.01243	0.01926	0.01225	0.02074	0.01238	0.05830	0.07006	0.00442	0.61539	0.00748	0.00368	0.00854
10	0.01150	0.00836	0.01086	0.01042	0.01237	0.00773	0.00794	0.01523	0.02247	0.03149	0.59189	0.06347	0.10295	0.01716	0.00968	0.00264	0.00408	0.05340	0.00877	0.00761
11	0.03502	0.01604	0.02021	0.01549	0.02183	0.01523	0.01280	0.18888	0.02695	0.51523	0.02888	0.02558	0.01852	0.00997	0.00815	0.00249	0.00741	0.00795	0.00956	0.01381
12	0.01513	0.00756	0.00756	0.00756	0.00945	0.00756	0.00567	0.01891	0.01702	0.03025	0.02647	0.03025	0.02080	0.00945	0.00567	0.00189	0.00378	0.00756	0.75988	0.00756
13	0.01768	0.01003	0.01029	0.00937	0.01201	0.01042	0.00726	0.11944	0.02045	0.03365	0.02533	0.02850	0.01966	0.00950	0.00607	0.00198	0.00462	0.00752	0.63763	0.00858
14	0.03452	0.01387	0.01864	0.01420	0.02057	0.01182	0.01170	0.03770	0.02261	0.60780	0.03032	0.02658	0.01931	0.00965	0.00795	0.00238	0.00682	0.00784	0.00954	0.08618
15	0.03031	0.03867	0.02299	0.02090	0.02508	0.68226	0.01568	0.03240	0.02299	0.01986	0.01254	0.01463	0.01045	0.00836	0.00732	0.00209	0.01463	0.00523	0.00418	0.00941
16	0.01551	0.01461	0.02467	0.67013	0.07963	0.01808	0.02263	0.02089	0.01631	0.02096	0.01446	0.02157	0.01090	0.00808	0.00811	0.00269	0.01077	0.00721	0.00362	0.00916
17	0.02249	0.01740	0.01877	0.01644	0.02132	0.01966	0.01291	0.07991	0.54800	0.09931	0.03208	0.02933	0.02361	0.01083	0.00824	0.00271	0.00663	0.00895	0.00843	0.01300
18	0.01683	0.01442	0.01683	0.01202	0.01923	0.01082	0.00961	0.02043	0.01683	0.02644	0.01442	0.01683	0.01202	0.00601	0.00601	0.00120	0.00601	0.00481	0.00481	0.76444
19	0.02771	0.03425	0.02370	0.02209	0.04905	0.54112	0.01640	0.02985	0.02096	0.02006	0.01231	0.01539	0.01058	0.00934	0.01074	0.00236	0.13494	0.00563	0.00406	0.00945
20	0.01251	0.00852	0.01118	0.01038	0.01248	0.00783	0.00783	0.01631	0.02298	0.05885	0.63401	0.05925	0.07423	0.01632	0.00951	0.00255	0.00396	0.01441	0.00898	0.00791
21	0.01087	0.00782	0.01029	0.01063	0.01199	0.00725	0.00761	0.01376	0.02010	0.02798	0.42276	0.31079	0.06774	0.01999	0.00987	0.00284	0.00417	0.01791	0.00839	0.00725
22	0.03085	0.02273	0.02435	0.01867	0.02516	0.02516	0.01542	0.63716	0.03815	0.05114	0.01948	0.01948	0.01380	0.00974	0.00812	0.00244	0.00893	0.00731	0.00812	0.01380
23	0.01409	0.00705	0.01057	0.01057	0.01057	0.00705	0.00705	0.01057	0.01057	0.01409	0.01409	0.02467	0.01409	0.02819	0.03171	0.76392	0.00705	0.00705	0.00352	0.00352
24	0.47316	0.01853	0.01694	0.01390	0.01951	0.02101	0.01146	0.27122	0.02363	0.04235	0.01460	0.01572	0.01081	0.00842	0.00627	0.00248	0.00735	0.00557	0.00627	0.01081
25	0.01562	0.01473	0.02488	0.65496	0.09393	0.01811	0.02268	0.02099	0.01637	0.02109	0.01447	0.02154	0.01094	0.00806	0.00811	0.00269	0.01074	0.00721	0.00363	0.00925
26	0.58284	0.01669	0.01497	0.14617	0.02412	0.05410	0.01187	0.02370	0.01478	0.03242	0.01198	0.01493	0.00928	0.00769	0.00575	0.00253	0.00762	0.00499	0.00470	0.00887
27	0.70471	0.07896	0.01468	0.01096	0.01615	0.01945	0.00925	0.02389	0.01405	0.03485	0.01130	0.01317	0.00893	0.00748	0.00504	0.00244	0.00649	0.00439	0.00488	0.00893
28	0.01354	0.01013	0.01196	0.01236	0.01440	0.01031	0.00890	0.02064	0.17749	0.04962	0.06595	0.41792	0.11425	0.02032	0.00963	0.00304	0.00513	0.01801	0.00786	0.00852
29	0.00985	0.00823	0.00857	0.00849	0.01112	0.00696	0.00637	0.01214	0.01910	0.02335	0.16008	0.07573	0.58215	0.02002	0.00959	0.00271	0.00407	0.01679	0.00772	0.00696
30	0.03641	0.01381	0.01883	0.01444	0.02071	0.01193	0.01193	0.03954	0.02322	0.66984	0.03201	0.02762	0.02009	0.01004	0.00816	0.00251	0.00690	0.00816	0.01004	0.01381
31	0.01178	0.00797	0.00935	0.00935	0.00952	0.00814	0.00554	0.01212	0.01195	0.01610	0.02511	0.05058	0.02840	0.63705	0.11759	0.00848	0.00952	0.01143	0.00485	0.00519
32	0.77215	0.01569	0.01193	0.01067	0.01569	0.01820	0.00879	0.02385	0.01381	0.03641	0.01130	0.01318	0.00879	0.00753	0.00502	0.00251	0.00628	0.00439	0.00502	0.00879
33	0.02122	0.01795	0.01893	0.01672	0.02150	0.02067	0.01310	0.10115	0.58983	0.03562	0.03170	0.02922	0.02370	0.01088	0.00824	0.00272	0.00667	0.00899	0.00824	0.01294
34	0.01513	0.00756	0.00756	0.00756	0.00945	0.00756	0.00567	0.01891	0.01702	0.03025	0.02647	0.03025	0.02080	0.00945	0.00567	0.00189	0.00378	0.00756	0.75988	0.00756
35	0.02769	0.03361	0.02283	0.02048	0.02405	0.52936	0.01569	0.05678	0.02173	0.02116	0.01304	0.01612	0.01111	0.01178	0.04276	0.00284	0.10954	0.00575	0.00428	0.00942
36	0.03085	0.02273	0.02435	0.01867	0.02516	0.02516	0.01542	0.63716	0.03815	0.05114	0.01948	0.01948	0.01380	0.00974	0.00812	0.00244	0.00893	0.00731	0.00812	0.01380
37	0.01148	0.00829	0.01085	0.01021	0.01212	0.00766	0.00766	0.01531	0.02297	0.03254	0.65994	0.06061	0.07656	0.01659	0.00957	0.00255	0.00383	0.01467	0.00893	0.00766
38	0.03528	0.01348	0.01823	0.01407	0.02012	0.01169	0.01159	0.03845	0.02290	0.63594	0.03172	0.02776	0.02012	0.01001	0.00803	0.00248	0.00674	0.00813	0.04978	0.01348
39	0.00987	0.00712	0.00936	0.01115	0.01173	0.00660	0.00747	0.01132	0.01568	0.02077	0.04653	0.67917	0.08288	0.02519	0.01032	0.00327	0.00468	0.02278	0.00753	0.00660
40	0.01159	0.00869	0.01304	0.01304	0.01449	0.01014	0.01014	0.01449	0.01304	0.01884	0.02173	0.03188	0.02029	0.06086	0.68268	0.01304	0.02173	0.00869	0.00435	0.00724
41	0.02178	0.48472	0.10296	0.01656	0.02289	0.11210	0.01620	0.02493	0.01692	0.01992	0.01171	0.01418	0.01043	0.00802	0.00815	0.00207	0.08770	0.00493	0.00357	0.01028
42	0.01683	0.01442	0.01683	0.01202	0.01923	0.01082	0.00961	0.02043	0.01683	0.02644	0.01442	0.01683	0.01202	0.00601	0.00601	0.00120	0.00601	0.00481	0.00481	0.76444
43	0.01752	0.02037	0.08837	0.06882	0.16412	0.01792	0.33548	0.02327	0.01815	0.02500	0.02015	0.12367	0.01834	0.00983	0.00915	0.00274	0.01123	0.01069	0.00452	0.01066
44	0.01749	0.03739	0.56558	0.08971	0.03626	0.01831	0.02806	0.02610	0.01744	0.06700	0.01568	0.01826	0.01097	0.00790	0.00778	0.00258	0.01154	0.00626	0.00387	0.01181
45	0.05446	0.01308	0.01991	0.35525	0.11490	0.01468	0.01700	0.01903	0.01782	0.02434	0.12731	0.03664	0.13087	0.01140	0.00842	0.00264	0.00820	0.00991	0.00523	0.00890
46	0.04590	0.01753	0.05651	0.36298	0.20196	0.01874	0.02140	0.02578	0.11963	0.02517	0.01755	0.02211	0.01350	0.00832	0.00798	0.00262	0.00969	0.00737	0.00451	0.01075
47	0.01364	0.01027	0.01142	0.01061	0.01310	0.04424	0.00802	0.01693	0.02199	0.06933	0.45636	0.05997	0.20021	0.01662	0.00936	0.00257	0.00467	0.01430	0.00843	0.00796
48	0.01213	0.00838	0.01049	0.01009	0.01208	0.00761	0.00742	0.01515	0.02080	0.05701	0.43263	0.12852	0.16873	0.05881	0.01145	0.00297	0.00434	0.01550	0.00836	0.00752
49	0.06879	0.10331	0.07865	0.01654	0.02326	0.01832	0.04037	0.11882	0.08634	0.32587	0.02464	0.02310	0.01676	0.00926	0.00766	0.00245	0.00804	0.00736	0.00773	0.01276
50	0.01113	0.00824	0.01050	0.01134	0.01269	0.00788	0.00815	0.01467	0.05518	0.02512	0.21937	0.40754	0.09594	0.02159	0.01002	0.00305	0.00470	0.05758	0.00796	0.00733
51	0.00989	0.00706	0.00942	0.01130	0.01177	0.00659	0.00753	0.01130	0.01554	0.02071	0.04472	0.70954	0.05367	0.02542	0.01036	0.00330	0.00471	0.02307	0.00753	0.00659
52	0.03031	0.03867	0.02299	0.02090	0.02508	0.68226	0.01568	0.03240	0.02299	0.01986	0.01254	0.01463	0.01045	0.00836	0.00732	0.00209	0.01463	0.00523	0.00418	0.00941
53	0.57026	0.01642	0.01714	0.05246	0.16010	0.01843	0.01299	0.02393	0.01495	0.03347	0.01232	0.01511	0.00978	0.00749	0.00583	0.00250	0.00724	0.00515	0.00473	0.00969
54	0.01775	0.01775	0.02485	0.02130	0.02130	0.02485	0.01775	0.01953	0.01243	0.01953	0.01065	0.01775	0.01065	0.01420	0.02663	0.00355	0.69998	0.00710	0.00355	0.00888
55	0.02201	0.01802	0.02008	0.01904	0.06725	0.02036	0.01396	0.10857	0.51141	0.06018	0.03020	0.02823	0.02250	0.01056	0.00822	0.00268	0.00695	0.00879	0.00801	0.01299
56	0.61970	0.11566	0.01703	0.01163	0.01701	0.02060	0.00992	0.06227	0.01571	0.03488	0.01181	0.01355	0.00933	0.00759	0.00524	0.00240	0.00678	0.00457	0.00500	0.00933
57	0.01532	0.01442	0.02434	0.69533	0.05589	0.01803	0.02253	0.02073	0.01622	0.02073	0.01442	0.02163	0.01082	0.00811	0.00811	0.00270	0.01082	0.00721	0.00361	0.00901
58	0.01148	0.00829	0.01085	0.01021	0.01212	0.00766	0.00766	0.01531	0.02297	0.03254	0.65994	0.06061	0.07656	0.01659	0.00957	0.00255	0.00383	0.01467	0.00893	0.00766
59	0.03031	0.03867	0.02299	0.02090	0.02508	0.68226	0.01568	0.03240	0.02299	0.01986	0.01254	0.01463	0.01045	0.00836	0.00732	0.00209	0.01463	0.00523	0.00418	0.00941
60	0.03307	0.01455	0.01873	0.01486	0.02079	0.01362	0.01211	0.04028	0.15204	0.53905	0.03222	0.02816	0.02105	0.01024	0.00818	0.00256	0.00681	0.00837	0.00968	0.01361
61	0.01148	0.00829	0.01085	0.01021	0.01212	0.00766	0.00766	0.01531	0.02297	0.03254	0.65994	0.06061	0.07656	0.01659	0.00957	0.00255	0.00383	0.01467	0.00893	0.00766
62	0.01888	0.02049	0.04216	0.11522	0.16670	0.01998	0.44223	0.02516	0.01867	0.02547	0.01595	0.02150	0.01224	0.00707	0.00910	0.00267	0.01255	0.00883	0.00403	0.01109
63	0.01409	0.00705	0.01057	0.01057	0.01057	0.00705	0.00705	0.01057	0.01057	0.01409	0.01409	0.02467	0.01409	0.02819	0.03171	0.76392	0.00705	0.00705	0.00352	0.00352
64	0.01109	0.00828	0.01031	0.00980	0.01188	0.00749	0.00735	0.01456	0.02205	0.03035	0.54089	0.06421	0.19698	0.01740	0.00957	0.00259	0.00389	0.01518	0.00864	0.00749
65	0.01742	0.01721	0.02439	0.02226	0.05553	0.02348	0.01754	0.01934	0.01294	0.01998	0.01290	0.05843	0.01329	0.01448	0.02467	0.00347	0.62187	0.00804	0.00381	0.00896
66	0.05733	0.01685	0.05668	0.48920	0.18158	0.01834	0.02265	0.02202	0.01661	0.02304	0.01444	0.02063	0.01111	0.00787	0.00791	0.00262	0.01038	0.00700	0.00376	0.00996
67	0.04176	0.02983	0.33481	0.02339	0.10084	0.05635	0.04490	0.02607	0.07223	0.02616	0.01654	0.01943	0.01274	0.01117	0.05134	0.00305	0.01115	0.00647	0.00427	0.10750
68	0.02111	0.64713	0.11002	0.01487	0.02236	0.03069	0.01561	0.02445	0.01656	0.01980	0.01163	0.01346	0.01040	0.00702	0.00547	0.00182	0.00903	0.00452	0.00347	0.01058

[dist]
# distance from previous block
# <min> <max>
0	3

[block]
# block no. 1 follows, 23 sequences, length 22
# corresponding to MSA columns:
# 72-93
name=unknown_B
#
# <colnr> <probs for GDERKNQSTAVLIFYWHMCP>
#	G	D	E	R	K	N	Q	S	T	A	V	L	I	F	Y	W	H	M	C	P
0	0.04430	0.04995	0.01297	0.01062	0.01361	0.08553	0.00832	0.08484	0.01973	0.03089	0.02291	0.02594	0.01798	0.00917	0.00606	0.00198	0.00585	0.00700	0.53375	0.00860
1	0.37607	0.01558	0.01620	0.01312	0.01884	0.01617	0.01083	0.09276	0.02038	0.31431	0.02117	0.02012	0.01423	0.00885	0.00670	0.00250	0.00682	0.00633	0.00753	0.01149
2	0.01785	0.01408	0.01669	0.04334	0.02030	0.01194	0.01045	0.06555	0.03953	0.06070	0.02318	0.08036	0.05778	0.00931	0.00704	0.00175	0.00627	0.00773	0.00578	0.50037
3	0.01649	0.04071	0.63723	0.02461	0.07008	0.01887	0.02970	0.02565	0.01721	0.02574	0.01460	0.01730	0.01042	0.00768	0.00773	0.00256	0.01186	0.00606	0.00346	0.01204
4	0.05756	0.01801	0.01968	0.10918	0.05834	0.05559	0.01435	0.14949	0.26995	0.03399	0.02400	0.02481	0.01810	0.00967	0.00767	0.00251	0.00778	0.00780	0.10004	0.01147
5	0.01808	0.02189	0.10637	0.02360	0.02683	0.04923	0.13612	0.02180	0.01472	0.02148	0.01278	0.01895	0.01133	0.01382	0.04895	0.00363	0.42968	0.00743	0.00370	0.00959
6	0.01004	0.00718	0.00955	0.01119	0.01180	0.00669	0.00754	0.01168	0.01624	0.02184	0.10315	0.64791	0.05584	0.02458	0.01028	0.00322	0.00462	0.02227	0.00767	0.00669
7	0.01116	0.00820	0.01046	0.01008	0.01197	0.00749	0.00749	0.01463	0.02195	0.03054	0.55317	0.11006	0.13725	0.01766	0.00963	0.00263	0.00392	0.01555	0.00868	0.00749
8	0.03085	0.02273	0.02435	0.01867	0.02516	0.02516	0.01542	0.63716	0.03815	0.05114	0.01948	0.01948	0.01380	0.00974	0.00812	0.00244	0.00893	0.00731	0.00812	0.01380
9	0.72527	0.01557	0.01237	0.01091	0.01601	0.01780	0.00899	0.02485	0.01441	0.07677	0.01262	0.01410	0.00951	0.00769	0.00522	0.00251	0.00632	0.00463	0.00534	0.00911
10	0.68625	0.01608	0.01311	0.01140	0.01658	0.01838	0.00939	0.06649	0.01592	0.06778	0.01285	0.01430	0.00967	0.00780	0.00538	0.00251	0.00649	0.00477	0.00547	0.00937
11	0.03085	0.02273	0.02435	0.01867	0.02516	0.02516	0.01542	0.63716	0.03815	0.05114	0.01948	0.01948	0.01380	0.00974	0.00812	0.00244	0.00893	0.00731	0.00812	0.01380
12	0.02169	0.71972	0.04252	0.01388	0.02083	0.03211	0.01388	0.02430	0.01649	0.01909	0.01128	0.01302	0.01041	0.00694	0.00521	0.00174	0.00868	0.00434	0.00347	0.01041
13	0.03036	0.03735	0.02311	0.02072	0.02509	0.62763	0.01566	0.08267	0.02425	0.02246	0.01312	0.01504	0.01073	0.00848	0.00738	0.00212	0.01416	0.00540	0.00451	0.00977
14	0.01974	0.01933	0.02516	0.31777	0.03891	0.11075	0.08517	0.09360	0.05245	0.02559	0.01747	0.05203	0.01427	0.00958	0.00941	0.00265	0.05633	0.00803	0.03194	0.00985
15	0.01056	0.00781	0.00987	0.01031	0.01180	0.00712	0.00737	0.01317	0.01938	0.02627	0.32975	0.31377	0.16163	0.02063	0.00988	0.00287	0.00421	0.01831	0.00817	0.00712
16	0.00983	0.00814	0.00844	0.00851	0.01092	0.00694	0.00622	0.01181	0.01812	0.02195	0.10332	0.10832	0.56234	0.06486	0.01165	0.00309	0.00437	0.01698	0.00743	0.00675
17	0.01072	0.00771	0.01016	0.01073	0.01195	0.00715	0.00760	0.01340	0.01943	0.02691	0.36696	0.36964	0.06566	0.02079	0.00994	0.00291	0.00425	0.01867	0.00827	0.00715
18	0.01409	0.00705	0.01057	0.01057	0.01057	0.00705	0.00705	0.01057	0.01057	0.01409	0.01409	0.02467	0.01409	0.02819	0.03171	0.76392	0.00705	0.00705	0.00352	0.00352
19	0.01759	0.03804	0.57051	0.02351	0.06211	0.01865	0.02779	0.02745	0.06065	0.05439	0.01662	0.01862	0.01181	0.00801	0.00778	0.00257	0.01128	0.00636	0.00407	0.01217
20	0.02802	0.05669	0.10919	0.01958	0.08766	0.06100	0.01589	0.03401	0.08166	0.34593	0.05811	0.02576	0.02024	0.00960	0.00796	0.00246	0.00828	0.00781	0.00757	0.01258
21	0.01765	0.02104	0.08682	0.06407	0.03786	0.01882	0.45337	0.02387	0.01861	0.02556	0.06142	0.06183	0.01867	0.00899	0.01018	0.00278	0.04341	0.01017	0.00452	0.01036

[dist]
# distance from previous block
# <min> <max>
4	8

[block]
# block no. 2 follows, 23 sequences, length 22
# corresponding to MSA columns:
# 102-123
name=unknown_C
#
# <colnr> <probs for GDERKNQSTAVLIFYWHMCP>
#	G	D	E	R	K	N	Q	S	T	A	V	L	I	F	Y	W	H	M	C	P
0	0.01882	0.01383	0.01585	0.04109	0.04220	0.03312	0.01110	0.07061	0.15689	0.11267	0.17026	0.04446	0.17578	0.01355	0.00867	0.00255	0.00613	0.01139	0.00784	0.04319
1	0.05584	0.01857	0.03382	0.10432	0.07605	0.01831	0.30890	0.07890	0.02066	0.13572	0.02017	0.05626	0.01550	0.00875	0.00878	0.00267	0.01077	0.00916	0.00559	0.01126
2	0.02746	0.01923	0.02138	0.05717	0.02418	0.02112	0.01409	0.46762	0.03228	0.07341	0.02039	0.02156	0.01480	0.01045	0.00887	0.03640	0.00822	0.00736	0.10175	0.01227
3	0.06846	0.01096	0.01376	0.01198	0.01553	0.01035	0.00935	0.02481	0.05952	0.22948	0.35444	0.07937	0.05045	0.01411	0.00880	0.00259	0.00514	0.01211	0.00891	0.00989
4	0.01557	0.02665	0.31965	0.06229	0.05831	0.01584	0.10966	0.02250	0.01894	0.02729	0.18356	0.02957	0.02811	0.00985	0.00844	0.00254	0.00971	0.00886	0.00505	0.03760
5	0.01513	0.00756	0.00756	0.00756	0.00945	0.00756	0.00567	0.01891	0.01702	0.03025	0.02647	0.03025	0.02080	0.00945	0.00567	0.00189	0.00378	0.00756	0.75988	0.00756
6	0.01924	0.01811	0.06526	0.02958	0.29506	0.01687	0.01792	0.14964	0.02300	0.03168	0.11579	0.06599	0.09393	0.01145	0.00853	0.00253	0.00798	0.01007	0.00609	0.01130
7	0.77215	0.01569	0.01193	0.01067	0.01569	0.01820	0.00879	0.02385	0.01381	0.03641	0.01130	0.01318	0.00879	0.00753	0.00502	0.00251	0.00628	0.00439	0.00502	0.00879
8	0.01775	0.01775	0.02485	0.02130	0.02130	0.02485	0.01775	0.01953	0.01243	0.01953	0.01065	0.01775	0.01065	0.01420	0.02663	0.00355	0.69998	0.00710	0.00355	0.00888
9	0.02359	0.01912	0.02027	0.01720	0.02240	0.02177	0.01367	0.23296	0.45417	0.03944	0.02870	0.02682	0.02126	0.01060	0.00821	0.00265	0.00722	0.00858	0.00821	0.01315
10	0.50538	0.01550	0.01505	0.05595	0.01998	0.01700	0.01078	0.05848	0.01751	0.19175	0.01700	0.01759	0.01195	0.00830	0.00615	0.00252	0.00686	0.00565	0.00632	0.01029
11	0.01946	0.01480	0.01741	0.01260	0.01968	0.01167	0.01014	0.05444	0.01856	0.09019	0.01639	0.01801	0.01289	0.00660	0.00633	0.00139	0.00625	0.00526	0.00549	0.65243
12	0.01130	0.00829	0.01059	0.01002	0.01201	0.00758	0.00751	0.01496	0.02254	0.03151	0.60415	0.06230	0.13299	0.01697	0.00957	0.00257	0.00386	0.01491	0.00880	0.00758
13	0.01651	0.01002	0.00977	0.00918	0.01139	0.03090	0.00683	0.07542	0.01864	0.02997	0.02720	0.03291	0.04291	0.08702	0.00999	0.00263	0.00506	0.00826	0.55751	0.00788
14	0.03605	0.01438	0.01919	0.01471	0.02100	0.01278	0.01215	0.07801	0.02419	0.63001	0.03121	0.02709	0.01968	0.01002	0.00816	0.00251	0.00703	0.00810	0.00992	0.01381
15	0.01292	0.00861	0.01131	0.01045	0.01262	0.00790	0.00790	0.01671	0.02298	0.06924	0.62377	0.05871	0.07331	0.01621	0.00949	0.00255	0.00401	0.01430	0.00900	0.00801
16	0.02169	0.71972	0.04252	0.01388	0.02083	0.03211	0.01388	0.02430	0.01649	0.01909	0.01128	0.01302	0.01041	0.00694	0.00521	0.00174	0.00868	0.00434	0.00347	0.01041
17	0.15173	0.01460	0.01791	0.01409	0.02010	0.01380	0.01160	0.05818	0.05389	0.51588	0.02835	0.02518	0.01832	0.00968	0.00767	0.00252	0.00685	0.00759	0.00909	0.01297
18	0.01045	0.00830	0.00941	0.00927	0.01167	0.00727	0.00705	0.01323	0.02013	0.02589	0.29020	0.07240	0.41848	0.01920	0.00966	0.00272	0.00417	0.04528	0.00804	0.00717
19	0.01524	0.01196	0.01594	0.01432	0.01701	0.01338	0.01138	0.09657	0.01672	0.02403	0.01964	0.02727	0.01764	0.04367	0.45838	0.00943	0.07333	0.00791	0.00483	0.10136
20	0.01276	0.00988	0.01192	0.01236	0.01415	0.01017	0.00887	0.01999	0.17356	0.02644	0.17008	0.40662	0.05131	0.02002	0.00967	0.00301	0.00495	0.01789	0.00800	0.00836
21	0.04782	0.22608	0.26059	0.05116	0.05985	0.02344	0.02074	0.09965	0.01937	0.05353	0.01462	0.01694	0.01128	0.00824	0.00822	0.00237	0.05437	0.00591	0.00439	0.01143

[dist]
# distance from previous block
# <min> <max>
0	3

[block]
# block no. 3 follows, 23 sequences, length 22
# corresponding to MSA columns:
# 127-148
name=unknown_D
#
# <colnr> <probs for GDERKNQSTAVLIFYWHMCP>
#	G	D	E	R	K	N	Q	S	T	A	V	L	I	F	Y	W	H	M	C	P
0	0.11840	0.22575	0.06983	0.01636	0.02277	0.08662	0.01476	0.23084	0.02435	0.07080	0.01593	0.01710	0.01224	0.01009	0.02898	0.00257	0.00957	0.00590	0.00570	0.01145
1	0.09308	0.02209	0.02281	0.06113	0.02604	0.05861	0.01515	0.47386	0.07399	0.04514	0.01897	0.01953	0.01372	0.00946	0.00782	0.00246	0.00896	0.00706	0.00736	0.01277
2	0.02005	0.10937	0.06336	0.06290	0.22956	0.05865	0.26178	0.02532	0.01836	0.02446	0.01482	0.01947	0.01193	0.00743	0.00896	0.00250	0.03826	0.00762	0.00393	0.01126
3	0.01124	0.00875	0.00992	0.01020	0.01228	0.00802	0.00739	0.05305	0.01900	0.02414	0.10436	0.30960	0.34988	0.02139	0.00978	0.00291	0.00463	0.01853	0.00767	0.00727
4	0.00989	0.00706	0.00942	0.01130	0.01177	0.00659	0.00753	0.01130	0.01554	0.02071	0.04472	0.70954	0.05367	0.02542	0.01036	0.00330	0.00471	0.02307	0.00753	0.00659
5	0.01067	0.00813	0.00981	0.00968	0.01170	0.00727	0.00715	0.01364	0.02063	0.02767	0.39804	0.14113	0.26715	0.01892	0.00967	0.00270	0.00402	0.01645	0.00831	0.00727
6	0.03329	0.01312	0.01783	0.01391	0.01964	0.01139	0.01139	0.03652	0.02319	0.59022	0.11045	0.03174	0.02714	0.01086	0.00834	0.00252	0.00652	0.00897	0.00990	0.01304
7	0.03025	0.02243	0.02402	0.01855	0.02494	0.02488	0.01528	0.60388	0.07240	0.05018	0.02024	0.02009	0.01441	0.00981	0.00813	0.00245	0.00879	0.00741	0.00813	0.01375
8	0.03060	0.01729	0.02017	0.01599	0.02184	0.01783	0.01304	0.24597	0.14319	0.31189	0.02763	0.02540	0.01880	0.01009	0.00806	0.00250	0.00738	0.00803	0.04092	0.01336
9	0.03446	0.01693	0.02076	0.01592	0.02227	0.01656	0.01315	0.24862	0.02845	0.45338	0.02763	0.02477	0.01789	0.00994	0.00814	0.00248	0.00761	0.00786	0.00937	0.01381
10	0.03085	0.02273	0.02435	0.01867	0.02516	0.02516	0.01542	0.63716	0.03815	0.05114	0.01948	0.01948	0.01380	0.00974	0.00812	0.00244	0.00893	0.00731	0.00812	0.01380
11	0.02169	0.71972	0.04252	0.01388	0.02083	0.03211	0.01388	0.02430	0.01649	0.01909	0.01128	0.01302	0.01041	0.00694	0.00521	0.00174	0.00868	0.00434	0.00347	0.01041
12	0.02959	0.02175	0.02333	0.01802	0.02409	0.02403	0.01473	0.59610	0.03642	0.04881	0.01988	0.02169	0.01483	0.05603	0.01030	0.00279	0.00886	0.00760	0.00791	0.01322
13	0.02081	0.01774	0.01870	0.01664	0.02134	0.02048	0.01299	0.07801	0.61364	0.03495	0.03223	0.02964	0.02413	0.01093	0.00825	0.00273	0.00657	0.00906	0.00825	0.01290
14	0.01148	0.00829	0.01085	0.01021	0.01212	0.00766	0.00766	0.01531	0.02297	0.03254	0.65994	0.06061	0.07656	0.01659	0.00957	0.00255	0.00383	0.01467	0.00893	0.00766
15	0.01773	0.01688	0.02868	0.36932	0.36311	0.01866	0.02373	0.02284	0.01736	0.02365	0.01485	0.02085	0.01185	0.00767	0.00807	0.00256	0.01022	0.00722	0.00381	0.01095
16	0.00985	0.00719	0.00928	0.01096	0.01168	0.00662	0.00738	0.01134	0.01586	0.02085	0.04889	0.63936	0.12116	0.02488	0.01027	0.00323	0.00464	0.02241	0.00753	0.00662
17	0.01409	0.00705	0.01057	0.01057	0.01057	0.00705	0.00705	0.01057	0.01057	0.01409	0.01409	0.02467	0.01409	0.02819	0.03171	0.76392	0.00705	0.00705	0.00352	0.00352
18	0.01192	0.00899	0.01130	0.01259	0.01389	0.00909	0.00909	0.01703	0.11588	0.02326	0.04265	0.52226	0.04821	0.02276	0.01014	0.00327	0.00534	0.09701	0.00764	0.00769
19	0.01425	0.00965	0.01298	0.05340	0.05624	0.01072	0.00999	0.01761	0.01524	0.02436	0.02258	0.03010	0.01942	0.06131	0.23453	0.00607	0.04765	0.00808	0.33800	0.00782
20	0.07088	0.02249	0.02501	0.01973	0.02539	0.08749	0.08347	0.36130	0.08860	0.04025	0.01897	0.02017	0.01409	0.00953	0.00904	0.00252	0.05005	0.00736	0.03150	0.01217
21	0.11183	0.28517	0.16366	0.01625	0.02357	0.04868	0.01650	0.13212	0.02063	0.05557	0.01502	0.01650	0.01168	0.00796	0.00644	0.00218	0.00904	0.00555	0.04056	0.01111

[dist]
# distance from previous block
# <min> <max>
0	1

[block]
# block no. 4 follows, 23 sequences, length 11
# corresponding to MSA columns:
# 150-160
name=unknown_E
#
# <colnr> <probs for GDERKNQSTAVLIFYWHMCP>
#	G	D	E	R	K	N	Q	S	T	A	V	L	I	F	Y	W	H	M	C	P
0	0.13741	0.09221	0.02742	0.07268	0.26489	0.07825	0.01830	0.16042	0.02215	0.03176	0.01490	0.01782	0.01186	0.00796	0.00725	0.00235	0.00938	0.00635	0.00501	0.01165
1	0.04289	0.07082	0.20567	0.02974	0.17497	0.04799	0.17071	0.02767	0.04531	0.08161	0.01707	0.01993	0.01278	0.00771	0.00804	0.00250	0.01093	0.00728	0.00458	0.01182
2	0.03145	0.01349	0.01775	0.01412	0.01965	0.01226	0.01148	0.03681	0.09055	0.51943	0.11293	0.03215	0.02786	0.01099	0.00835	0.00254	0.00646	0.00911	0.00971	0.01291
3	0.01749	0.03845	0.53447	0.02486	0.03581	0.05391	0.13011	0.02610	0.01778	0.02544	0.01477	0.01779	0.01063	0.00760	0.00800	0.00257	0.01241	0.00655	0.00358	0.01168
4	0.01650	0.00889	0.00903	0.00854	0.01083	0.00911	0.00653	0.07311	0.01887	0.03208	0.02586	0.02931	0.02018	0.00948	0.00589	0.00194	0.00423	0.00754	0.69398	0.00811
5	0.01045	0.00771	0.00985	0.01142	0.01225	0.00737	0.00776	0.01311	0.05139	0.02152	0.04610	0.63702	0.08500	0.02435	0.01020	0.00323	0.00477	0.02196	0.00757	0.00696
6	0.01830	0.01956	0.03576	0.05925	0.03296	0.02247	0.31096	0.02265	0.01580	0.02265	0.01357	0.01990	0.01145	0.01042	0.01766	0.00312	0.34155	0.00828	0.00382	0.00986
7	0.02031	0.01941	0.01773	0.01608	0.02024	0.12516	0.01237	0.03672	0.44873	0.03069	0.08815	0.03379	0.07197	0.01174	0.00831	0.00263	0.00736	0.00958	0.00761	0.01141
8	0.01056	0.00796	0.00983	0.01050	0.01215	0.00723	0.00774	0.01304	0.01870	0.02461	0.22096	0.29228	0.23161	0.02135	0.01001	0.00298	0.00458	0.07895	0.00790	0.00704
9	0.02884	0.02081	0.02277	0.01731	0.02391	0.02198	0.01425	0.49866	0.03370	0.08389	0.01938	0.01952	0.01388	0.00914	0.00777	0.00223	0.00832	0.00694	0.00768	0.13901
10	0.01159	0.00781	0.00901	0.00917	0.00932	0.00773	0.00533	0.01193	0.01276	0.01712	0.06054	0.12045	0.03441	0.60817	0.03649	0.00712	0.00733	0.01310	0.00539	0.00523

[dist]
# distance from previous block
# <min> <max>
0	1

[block]
# block no. 5 follows, 23 sequences, length 37
# corresponding to MSA columns:
# 162-198
name=unknown_F
#
# <colnr> <probs for GDERKNQSTAVLIFYWHMCP>
#	G	D	E	R	K	N	Q	S	T	A	V	L	I	F	Y	W	H	M	C	P
0	0.12156	0.02326	0.02238	0.01773	0.02376	0.10079	0.01445	0.45893	0.03259	0.07914	0.01835	0.01858	0.01313	0.00933	0.00765	0.00241	0.00917	0.00675	0.00738	0.01267
1	0.59330	0.01646	0.01460	0.04631	0.01926	0.01877	0.01054	0.10648	0.01772	0.07364	0.01373	0.01527	0.01020	0.00800	0.00577	0.00251	0.00689	0.00514	0.00565	0.00975
2	0.01180	0.00787	0.00885	0.00885	0.00885	0.00787	0.00492	0.01180	0.01180	0.01573	0.02557	0.05310	0.02950	0.71483	0.04130	0.00787	0.00787	0.01180	0.00492	0.00492
3	0.01466	0.00960	0.01336	0.01463	0.01682	0.00943	0.01268	0.01836	0.01926	0.07116	0.07813	0.08513	0.04653	0.02119	0.01089	0.00358	0.00722	0.53171	0.00774	0.00794
4	0.01308	0.00934	0.01308	0.01494	0.01681	0.00934	0.01308	0.01681	0.01868	0.02428	0.04296	0.09153	0.04670	0.02242	0.01121	0.00374	0.00747	0.60960	0.00747	0.00747
5	0.02298	0.64276	0.04013	0.01431	0.02106	0.06802	0.01388	0.02558	0.01722	0.05434	0.01247	0.01390	0.01094	0.00719	0.00549	0.00180	0.00892	0.00460	0.00387	0.01054
6	0.01138	0.00821	0.01075	0.01028	0.01210	0.00758	0.00765	0.01504	0.02246	0.03173	0.61796	0.10489	0.07500	0.01719	0.00962	0.00260	0.00389	0.01525	0.00884	0.00758
7	0.03085	0.02273	0.02435	0.01867	0.02516	0.02516	0.01542	0.63716	0.03815	0.05114	0.01948	0.01948	0.01380	0.00974	0.00812	0.00244	0.00893	0.00731	0.00812	0.01380
8	0.00989	0.00706	0.00942	0.01130	0.01177	0.00659	0.00753	0.01130	0.01554	0.02071	0.04472	0.70954	0.05367	0.02542	0.01036	0.00330	0.00471	0.02307	0.00753	0.00659
9	0.08760	0.01357	0.01780	0.01388	0.01977	0.01209	0.01141	0.03678	0.02253	0.58130	0.07290	0.02881	0.02309	0.01030	0.00803	0.00251	0.00665	0.00833	0.00961	0.01303
10	0.01011	0.00706	0.00948	0.01126	0.01170	0.00662	0.00751	0.01126	0.01527	0.02035	0.04306	0.67241	0.05152	0.02557	0.01151	0.04453	0.00483	0.02220	0.00731	0.00642
11	0.00989	0.00706	0.00942	0.01130	0.01177	0.00659	0.00753	0.01130	0.01554	0.02071	0.04472	0.70954	0.05367	0.02542	0.01036	0.00330	0.00471	0.02307	0.00753	0.00659
12	0.01683	0.01442	0.01683	0.01202	0.01923	0.01082	0.00961	0.02043	0.01683	0.02644	0.01442	0.01683	0.01202	0.00601	0.00601	0.00120	0.00601	0.00481	0.00481	0.76444
13	0.73144	0.05389	0.01359	0.01085	0.01597	0.01896	0.00906	0.02388	0.01395	0.03547	0.01130	0.01317	0.00888	0.00750	0.00503	0.00247	0.00641	0.00439	0.00494	0.00888
14	0.02622	0.01947	0.02071	0.01670	0.02213	0.02167	0.01353	0.41279	0.18351	0.04425	0.02367	0.02350	0.01737	0.01001	0.00783	0.00244	0.00765	0.00779	0.10599	0.01276
15	0.10966	0.01755	0.08345	0.42630	0.07744	0.01788	0.02037	0.02443	0.05269	0.07082	0.01642	0.02102	0.01209	0.00826	0.00771	0.00264	0.00978	0.00693	0.00451	0.01004
16	0.01148	0.00829	0.01085	0.01021	0.01212	0.00766	0.00766	0.01531	0.02297	0.03254	0.65994	0.06061	0.07656	0.01659	0.00957	0.00255	0.00383	0.01467	0.00893	0.00766
17	0.01683	0.01442	0.01683	0.01202	0.01923	0.01082	0.00961	0.02043	0.01683	0.02644	0.01442	0.01683	0.01202	0.00601	0.00601	0.00120	0.00601	0.00481	0.00481	0.76444
18	0.01012	0.00824	0.00896	0.00878	0.01129	0.00708	0.00659	0.01268	0.01976	0.02492	0.24523	0.07316	0.49603	0.01943	0.00958	0.00269	0.00403	0.01643	0.00793	0.00708
19	0.01013	0.00724	0.00968	0.01142	0.01204	0.00679	0.00781	0.01180	0.01611	0.02156	0.07965	0.64217	0.05463	0.02477	0.01035	0.00327	0.00479	0.05147	0.00761	0.00669
20	0.03641	0.01381	0.01883	0.01444	0.02071	0.01193	0.01193	0.03954	0.02322	0.66984	0.03201	0.02762	0.02009	0.01004	0.00816	0.00251	0.00690	0.00816	0.01004	0.01381
21	0.01513	0.00756	0.00756	0.00756	0.00945	0.00756	0.00567	0.01891	0.01702	0.03025	0.02647	0.03025	0.02080	0.00945	0.00567	0.00189	0.00378	0.00756	0.75988	0.00756
22	0.77215	0.01569	0.01193	0.01067	0.01569	0.01820	0.00879	0.02385	0.01381	0.03641	0.01130	0.01318	0.00879	0.00753	0.00502	0.00251	0.00628	0.00439	0.00502	0.00879
23	0.77215	0.01569	0.01193	0.01067	0.01569	0.01820	0.00879	0.02385	0.01381	0.03641	0.01130	0.01318	0.00879	0.00753	0.00502	0.00251	0.00628	0.00439	0.00502	0.00879
24	0.02169	0.71972	0.04252	0.01388	0.02083	0.03211	0.01388	0.02430	0.01649	0.01909	0.01128	0.01302	0.01041	0.00694	0.00521	0.00174	0.00868	0.00434	0.00347	0.01041
25	0.02210	0.68769	0.04160	0.01421	0.02103	0.06268	0.01397	0.02468	0.01679	0.01913	0.01134	0.01309	0.01041	0.00701	0.00531	0.00175	0.00896	0.00438	0.00350	0.01037
26	0.02712	0.02031	0.02031	0.01622	0.02147	0.06825	0.01315	0.44852	0.03210	0.04399	0.02062	0.02166	0.01520	0.00957	0.00749	0.00228	0.00813	0.00722	0.18437	0.01202
27	0.01700	0.01625	0.02713	0.43980	0.19116	0.01895	0.05106	0.02308	0.05099	0.02295	0.01550	0.02153	0.01210	0.00836	0.00925	0.00269	0.05061	0.00743	0.00397	0.01019
28	0.01108	0.00822	0.01032	0.00992	0.01191	0.00746	0.00739	0.01448	0.02183	0.03012	0.52987	0.09618	0.17574	0.01771	0.00961	0.00262	0.00392	0.01552	0.00862	0.00746
29	0.01707	0.01688	0.02348	0.02027	0.02047	0.02329	0.01682	0.01890	0.01278	0.01963	0.01497	0.02159	0.04631	0.01640	0.05172	0.00388	0.63533	0.00771	0.00380	0.00870
30	0.00987	0.00712	0.00936	0.01115	0.01173	0.00660	0.00746	0.01132	0.01568	0.02077	0.04658	0.67832	0.08369	0.02518	0.01032	0.00327	0.00468	0.02277	0.00753	0.00660
31	0.01163	0.00853	0.01221	0.01221	0.01337	0.00969	0.00910	0.01395	0.01279	0.01822	0.02250	0.03610	0.02212	0.19100	0.55504	0.01201	0.01897	0.00931	0.00446	0.00678
32	0.01462	0.00951	0.01201	0.01094	0.01357	0.00891	0.00835	0.01954	0.06539	0.10080	0.50240	0.05638	0.11420	0.01582	0.00933	0.00258	0.00436	0.01379	0.00889	0.00861
33	0.01783	0.02060	0.07227	0.13140	0.07250	0.01902	0.43860	0.02410	0.01832	0.02484	0.01797	0.07026	0.01494	0.00841	0.00924	0.00275	0.01233	0.00988	0.00423	0.01049
34	0.05889	0.01858	0.07865	0.05688	0.02407	0.04349	0.05681	0.13648	0.02131	0.12715	0.02491	0.12658	0.04074	0.01239	0.01050	0.00273	0.09218	0.00992	0.04724	0.01050
35	0.02789	0.12175	0.07037	0.01947	0.02509	0.32226	0.01642	0.21788	0.02602	0.02984	0.01459	0.01622	0.01148	0.00879	0.00809	0.00224	0.03941	0.00588	0.00523	0.01105
36	0.55778	0.05986	0.09313	0.06295	0.04471	0.01912	0.01315	0.02391	0.01470	0.03265	0.01205	0.01449	0.00935	0.00755	0.00568	0.00248	0.00754	0.00488	0.00461	0.00942

[dist]
# distance from previous block
# <min> <max>
0	1

[block]
# block no. 6 follows, 23 sequences, length 51
# corresponding to MSA columns:
# 200-250
name=unknown_G
#
# <colnr> <probs for GDERKNQSTAVLIFYWHMCP>
#	G	D	E	R	K	N	Q	S	T	A	V	L	I	F	Y	W	H	M	C	P
0	0.01881	0.02427	0.12214	0.03288	0.04154	0.02032	0.56288	0.02596	0.01891	0.02596	0.01620	0.02132	0.01207	0.00694	0.00935	0.00272	0.01348	0.00915	0.00402	0.01107
1	0.01126	0.00768	0.00922	0.00990	0.01014	0.00753	0.00612	0.01187	0.01329	0.01769	0.03239	0.26132	0.03789	0.46603	0.03018	0.00624	0.00685	0.04296	0.00586	0.00556
2	0.01867	0.02407	0.13062	0.06341	0.09375	0.02008	0.47448	0.02563	0.01869	0.02576	0.01598	0.02108	0.01201	0.00705	0.00913	0.00268	0.01299	0.00879	0.00398	0.01116
3	0.01933	0.02007	0.05953	0.18148	0.48412	0.04546	0.02427	0.02437	0.01813	0.02501	0.01495	0.02005	0.01222	0.00748	0.00801	0.00247	0.01019	0.00709	0.00391	0.01188
4	0.02029	0.01025	0.01376	0.01213	0.01550	0.00924	0.00959	0.02375	0.02235	0.25519	0.35954	0.08346	0.05320	0.01519	0.00924	0.00267	0.00524	0.06053	0.00914	0.00975
5	0.01220	0.00949	0.01305	0.01410	0.01499	0.01034	0.01103	0.01448	0.01616	0.02178	0.03890	0.38814	0.04466	0.02266	0.01314	0.00349	0.11188	0.22536	0.00690	0.00725
6	0.02743	0.02103	0.02243	0.01798	0.02386	0.02357	0.01460	0.44688	0.23400	0.04563	0.02382	0.02294	0.01731	0.01015	0.00816	0.00254	0.00813	0.00790	0.00816	0.01349
7	0.00989	0.00706	0.00942	0.01130	0.01177	0.00659	0.00753	0.01130	0.01554	0.02071	0.04472	0.70954	0.05367	0.02542	0.01036	0.00330	0.00471	0.02307	0.00753	0.00659
8	0.01829	0.01941	0.03759	0.02773	0.03435	0.01891	0.42208	0.02548	0.07479	0.02590	0.01903	0.06545	0.01589	0.00890	0.01049	0.00267	0.06669	0.00968	0.00473	0.09194
9	0.77215	0.01569	0.01193	0.01067	0.01569	0.01820	0.00879	0.02385	0.01381	0.03641	0.01130	0.01318	0.00879	0.00753	0.00502	0.00251	0.00628	0.00439	0.00502	0.00879
10	0.01775	0.01775	0.02485	0.02130	0.02130	0.02485	0.01775	0.01953	0.01243	0.01953	0.01065	0.01775	0.01065	0.01420	0.02663	0.00355	0.69998	0.00710	0.00355	0.00888
11	0.01627	0.04197	0.67279	0.02313	0.03512	0.01884	0.02998	0.02570	0.01713	0.02570	0.01456	0.01713	0.01028	0.00771	0.00771	0.00257	0.01199	0.00600	0.00343	0.01199
12	0.02169	0.71972	0.04252	0.01388	0.02083	0.03211	0.01388	0.02430	0.01649	0.01909	0.01128	0.01302	0.01041	0.00694	0.00521	0.00174	0.00868	0.00434	0.00347	0.01041
13	0.01409	0.00705	0.01057	0.01057	0.01057	0.00705	0.00705	0.01057	0.01057	0.01409	0.01409	0.02467	0.01409	0.02819	0.03171	0.76392	0.00705	0.00705	0.00352	0.00352
14	0.01110	0.00828	0.01031	0.00980	0.01188	0.00749	0.00735	0.01456	0.02205	0.03036	0.54142	0.06420	0.19643	0.01740	0.00957	0.00259	0.00389	0.01518	0.00865	0.00749
15	0.01532	0.01442	0.02434	0.69533	0.05589	0.01803	0.02253	0.02073	0.01622	0.02073	0.01442	0.02163	0.01082	0.00811	0.00811	0.00270	0.01082	0.00721	0.00361	0.00901
16	0.69941	0.01563	0.01231	0.01090	0.01584	0.01801	0.00895	0.05295	0.01513	0.03681	0.01244	0.01432	0.00962	0.00773	0.00520	0.00248	0.00628	0.00469	0.04234	0.00897
17	0.01124	0.00811	0.01063	0.01038	0.01207	0.00749	0.00764	0.01470	0.02183	0.03073	0.56561	0.16010	0.07305	0.01794	0.00969	0.00267	0.00396	0.01596	0.00872	0.00749
18	0.02190	0.03041	0.37215	0.02460	0.07761	0.01744	0.11760	0.02906	0.01902	0.18293	0.01915	0.02063	0.01317	0.00811	0.00813	0.00257	0.01084	0.00716	0.00519	0.01234
19	0.01409	0.00705	0.01057	0.01057	0.01057	0.00705	0.00705	0.01057	0.01057	0.01409	0.01409	0.02467	0.01409	0.02819	0.03171	0.76392	0.00705	0.00705	0.00352	0.00352
20	0.03216	0.01425	0.01836	0.01472	0.02043	0.01334	0.01193	0.03912	0.14617	0.51880	0.03272	0.05535	0.02235	0.01085	0.00827	0.00259	0.00672	0.00895	0.00959	0.01333
21	0.02702	0.01641	0.01809	0.01469	0.01966	0.04296	0.01183	0.22382	0.08173	0.22362	0.09007	0.02850	0.02394	0.01053	0.00786	0.00240	0.00701	0.00842	0.12951	0.01191
22	0.01943	0.01467	0.02152	0.13209	0.16297	0.01524	0.03568	0.04943	0.11086	0.11438	0.17627	0.03472	0.05541	0.01111	0.00857	0.00258	0.00751	0.00986	0.00682	0.01086
23	0.30789	0.36465	0.08058	0.01362	0.02022	0.02542	0.01330	0.05255	0.01652	0.02770	0.01193	0.01371	0.00994	0.00736	0.00547	0.00213	0.00804	0.00463	0.00427	0.01008
24	0.58715	0.04180	0.04006	0.08341	0.02118	0.01829	0.01144	0.02467	0.01492	0.07642	0.01315	0.01519	0.00988	0.00775	0.00567	0.00251	0.00710	0.00500	0.00509	0.00933
25	0.07846	0.09910	0.51635	0.02098	0.03156	0.02044	0.02578	0.06978	0.01833	0.02781	0.01436	0.01662	0.01043	0.00777	0.00730	0.00248	0.01101	0.00581	0.00390	0.01172
26	0.00994	0.00732	0.00932	0.01076	0.01167	0.00670	0.00733	0.01161	0.01646	0.02165	0.08953	0.57185	0.14789	0.02412	0.01019	0.00316	0.00456	0.02163	0.00762	0.00670
27	0.01040	0.00712	0.00948	0.01106	0.01145	0.00672	0.00730	0.01127	0.01482	0.01976	0.04058	0.60037	0.04836	0.07568	0.01452	0.07199	0.00515	0.02081	0.00698	0.00619
28	0.00989	0.00706	0.00942	0.01130	0.01177	0.00659	0.00753	0.01130	0.01554	0.02071	0.04472	0.70954	0.05367	0.02542	0.01036	0.00330	0.00471	0.02307	0.00753	0.00659
29	0.03641	0.01381	0.01883	0.01444	0.02071	0.01193	0.01193	0.03954	0.02322	0.66984	0.03201	0.02762	0.02009	0.01004	0.00816	0.00251	0.00690	0.00816	0.01004	0.01381
30	0.03085	0.02273	0.02435	0.01867	0.02516	0.02516	0.01542	0.63716	0.03815	0.05114	0.01948	0.01948	0.01380	0.00974	0.00812	0.00244	0.00893	0.00731	0.00812	0.01380
31	0.01513	0.00756	0.00756	0.00756	0.00945	0.00756	0.00567	0.01891	0.01702	0.03025	0.02647	0.03025	0.02080	0.00945	0.00567	0.00189	0.00378	0.00756	0.75988	0.00756
32	0.03305	0.01919	0.02216	0.01699	0.02340	0.01991	0.01403	0.39997	0.03223	0.29670	0.02445	0.02271	0.01629	0.00986	0.00813	0.00247	0.00813	0.00764	0.00888	0.01380
33	0.01915	0.02189	0.04788	0.03420	0.04241	0.02052	0.63475	0.02599	0.01915	0.02599	0.01642	0.02189	0.01231	0.00684	0.00958	0.00274	0.01368	0.00958	0.00410	0.01094
34	0.02169	0.71972	0.04252	0.01388	0.02083	0.03211	0.01388	0.02430	0.01649	0.01909	0.01128	0.01302	0.01041	0.00694	0.00521	0.00174	0.00868	0.00434	0.00347	0.01041
35	0.01832	0.01065	0.01098	0.00982	0.01265	0.01114	0.00766	0.14473	0.02132	0.03450	0.02505	0.02806	0.01937	0.00951	0.00617	0.00200	0.00483	0.00751	0.60689	0.00883
36	0.01113	0.00799	0.01037	0.01186	0.01271	0.00769	0.00821	0.04419	0.01686	0.02247	0.04332	0.64399	0.05126	0.02446	0.01028	0.00327	0.00506	0.05031	0.00756	0.00701
37	0.00959	0.00822	0.00822	0.00822	0.01096	0.00685	0.00617	0.01165	0.01850	0.02192	0.08220	0.07809	0.66092	0.02055	0.00959	0.00274	0.00411	0.01713	0.00754	0.00685
38	0.01532	0.01442	0.02434	0.69533	0.05589	0.01803	0.02253	0.02073	0.01622	0.02073	0.01442	0.02163	0.01082	0.00811	0.00811	0.00270	0.01082	0.00721	0.00361	0.00901
39	0.01121	0.00829	0.01051	0.01026	0.01222	0.00758	0.00777	0.01464	0.02163	0.02978	0.50040	0.09908	0.16274	0.01802	0.00972	0.00269	0.00415	0.05328	0.00855	0.00747
40	0.01409	0.00705	0.01057	0.01057	0.01057	0.00705	0.00705	0.01057	0.01057	0.01409	0.01409	0.02467	0.01409	0.02819	0.03171	0.76392	0.00705	0.00705	0.00352	0.00352
41	0.07760	0.01611	0.02616	0.42918	0.25171	0.01845	0.02221	0.02235	0.01677	0.02388	0.01445	0.02045	0.01132	0.00778	0.00784	0.00259	0.01007	0.00699	0.00385	0.01025
42	0.01023	0.00733	0.00972	0.01106	0.01185	0.00682	0.00756	0.01217	0.01714	0.02327	0.17779	0.56918	0.05862	0.02351	0.01019	0.00313	0.00452	0.02125	0.00784	0.00682
43	0.01306	0.00860	0.01079	0.09167	0.01559	0.00887	0.00803	0.01578	0.01656	0.02471	0.16155	0.08560	0.03619	0.21976	0.01760	0.00398	0.00590	0.01128	0.23755	0.00692
44	0.03188	0.01317	0.01769	0.01373	0.01954	0.01131	0.01123	0.03514	0.02273	0.54372	0.10901	0.03095	0.02654	0.01057	0.00818	0.00242	0.00646	0.00873	0.00952	0.06749
45	0.02008	0.01928	0.03294	0.04981	0.66422	0.01928	0.02490	0.02490	0.01848	0.02651	0.01526	0.02008	0.01285	0.00723	0.00803	0.00241	0.00964	0.00723	0.00402	0.01285
46	0.08651	0.02074	0.06752	0.01660	0.02255	0.02083	0.01429	0.38171	0.08601	0.07567	0.02118	0.02241	0.01566	0.03619	0.00890	0.00264	0.00812	0.00738	0.07281	0.01230
47	0.34458	0.13828	0.02043	0.07435	0.02170	0.01863	0.01177	0.02748	0.01706	0.19344	0.01704	0.01780	0.01231	0.00804	0.00619	0.00232	0.00726	0.00562	0.00589	0.04978
48	0.08262	0.01539	0.01704	0.01449	0.01963	0.01593	0.01157	0.05514	0.29744	0.15785	0.03163	0.03202	0.06186	0.01094	0.00788	0.00251	0.00644	0.03616	0.00779	0.11568
49	0.06858	0.37939	0.15645	0.01938	0.05398	0.02639	0.07050	0.06897	0.01817	0.02469	0.01308	0.01552	0.01081	0.00761	0.00721	0.00218	0.03660	0.00555	0.00398	0.01094
50	0.05809	0.07516	0.09611	0.04594	0.02368	0.01754	0.01460	0.07706	0.16898	0.20835	0.04885	0.02466	0.01937	0.00942	0.00761	0.00240	0.00762	0.00752	0.00716	0.07988

[dist]
# distance from previous block
# <min> <max>
2	5

[block]
# block no. 7 follows, 23 sequences, length 16
