[name]
unknown

[dist]
# distance from previous block
# <min> <max>
0	0

[block]
# block no. 0 follows, 23 sequences, length 17
# corresponding to MSA columns:
# 55-71
name=unknown_A
#
# <colnr> <probs for GDERKNQSTAVLIFYWHMCP>
#	G	D	E	R	K	N	Q	S	T	A	V	L	I	F	Y	W	H	M	C	P
0	0.01308	0.00934	0.01308	0.01494	0.01681	0.00934	0.01308	0.01681	0.01868	0.02428	0.04296	0.09153	0.04670	0.02242	0.01121	0.00374	0.00747	0.60960	0.00747	0.00747
1	0.03085	0.02273	0.02435	0.01867	0.02516	0.02516	0.01542	0.63716	0.03815	0.05114	0.01948	0.01948	0.01380	0.00974	0.00812	0.00244	0.00893	0.00731	0.00812	0.01380
2	0.01915	0.02189	0.04788	0.03420	0.04241	0.02052	0.63475	0.02599	0.01915	0.02599	0.01642	0.02189	0.01231	0.00684	0.00958	0.00274	0.01368	0.00958	0.00410	0.01094
3	0.01900	0.02141	0.04589	0.03278	0.04092	0.01990	0.59466	0.02564	0.01900	0.02602	0.01629	0.02156	0.01229	0.00679	0.00935	0.00264	0.01319	0.00927	0.00415	0.05927
4	0.77215	0.01569	0.01193	0.01067	0.01569	0.01820	0.00879	0.02385	0.01381	0.03641	0.01130	0.01318	0.00879	0.00753	0.00502	0.00251	0.00628	0.00439	0.00502	0.00879
5	0.01159	0.00869	0.01304	0.01304	0.01449	0.01014	0.01014	0.01449	0.01304	0.01884	0.02173	0.03188	0.02029	0.06086	0.68268	0.01304	0.02173	0.00869	0.00435	0.00724
6	0.01305	0.00864	0.01135	0.01047	0.01266	0.00792	0.00792	0.01683	0.02298	0.07246	0.62060	0.05855	0.07302	0.01618	0.00948	0.00255	0.00402	0.01427	0.00900	0.00804
7	0.03537	0.01404	0.01880	0.01457	0.02074	0.01246	0.01198	0.03977	0.06339	0.62905	0.03208	0.02779	0.02039	0.01010	0.00817	0.00253	0.00687	0.00822	0.00993	0.01375
8	0.03043	0.01565	0.01903	0.01544	0.02114	0.01566	0.01247	0.08032	0.24087	0.40894	0.03153	0.02800	0.02129	0.01036	0.00819	0.00259	0.00687	0.00845	0.00930	0.01347
9	0.01683	0.01442	0.01683	0.01202	0.01923	0.01082	0.00961	0.02043	0.01683	0.02644	0.01442	0.01683	0.01202	0.00601	0.00601	0.00120	0.00601	0.00481	0.00481	0.76444
10	0.01683	0.01442	0.01683	0.01202	0.01923	0.01082	0.00961	0.02043	0.01683	0.02644	0.01442	0.01683	0.01202	0.00601	0.00601	0.00120	0.00601	0.00481	0.00481	0.76444
11	0.01140	0.00851	0.01263	0.01284	0.01418	0.00974	0.00985	0.01413	0.01333	0.01905	0.02436	0.10916	0.02409	0.05682	0.60601	0.01193	0.01979	0.01033	0.00471	0.00717
12	0.03085	0.02273	0.02435	0.01867	0.02516	0.02516	0.01542	0.63716	0.03815	0.05114	0.01948	0.01948	0.01380	0.00974	0.00812	0.00244	0.00893	0.00731	0.00812	0.01380
13	0.01915	0.02189	0.04788	0.03420	0.04241	0.02052	0.63475	0.02599	0.01915	0.02599	0.01642	0.02189	0.01231	0.00684	0.00958	0.00274	0.01368	0.00958	0.00410	0.01094
14	0.03641	0.01381	0.01883	0.01444	0.02071	0.01193	0.01193	0.03954	0.02322	0.66984	0.03201	0.02762	0.02009	0.01004	0.00816	0.00251	0.00690	0.00816	0.01004	0.01381
15	0.01901	0.02142	0.04593	0.03281	0.04096	0.01991	0.59559	0.02564	0.01901	0.02602	0.01629	0.02157	0.01229	0.00679	0.00935	0.00264	0.01320	0.00928	0.00415	0.05814
16	0.01866	0.01484	0.01735	0.01251	0.01964	0.01166	0.01006	0.05523	0.01834	0.06301	0.01566	0.01756	0.01256	0.00643	0.00624	0.00134	0.00622	0.00513	0.00528	0.68227

[dist]
# distance from previous block
# <min> <max>
0	2

[block]
# block no. 1 follows, 23 sequences, length 9
# corresponding to MSA columns:
# 74-82
name=unknown_B
#
# <colnr> <probs for GDERKNQSTAVLIFYWHMCP>
#	G	D	E	R	K	N	Q	S	T	A	V	L	I	F	Y	W	H	M	C	P
0	0.70816	0.01553	0.01253	0.01100	0.01613	0.01766	0.00906	0.02522	0.01463	0.09149	0.01310	0.01444	0.00977	0.00775	0.00529	0.00251	0.00633	0.00472	0.00546	0.00922
1	0.71371	0.01554	0.01247	0.01097	0.01609	0.01770	0.00904	0.02510	0.01456	0.08672	0.01294	0.01433	0.00969	0.00773	0.00527	0.00251	0.00633	0.00469	0.00542	0.00919
2	0.01159	0.00869	0.01304	0.01304	0.01449	0.01014	0.01014	0.01449	0.01304	0.01884	0.02173	0.03188	0.02029	0.06086	0.68268	0.01304	0.02173	0.00869	0.00435	0.00724
3	0.01804	0.01833	0.03266	0.02359	0.03076	0.01661	0.31717	0.02310	0.01765	0.02572	0.01513	0.01938	0.01206	0.00701	0.00926	0.00213	0.06041	0.00732	0.00437	0.33932
4	0.32302	0.01670	0.01676	0.01391	0.01922	0.01825	0.01132	0.16699	0.10808	0.15158	0.06161	0.02255	0.01847	0.00953	0.00701	0.00253	0.00685	0.00703	0.00730	0.01129
5	0.65977	0.01615	0.01344	0.01160	0.01683	0.01835	0.00956	0.07598	0.01648	0.08126	0.01341	0.01470	0.00998	0.00789	0.00550	0.00250	0.00654	0.00490	0.00563	0.00955
6	0.01176	0.00801	0.00958	0.00958	0.00983	0.00826	0.00583	0.01227	0.01202	0.01627	0.02490	0.04940	0.02790	0.60093	0.15300	0.00877	0.01028	0.01126	0.00482	0.00532
7	0.77215	0.01569	0.01193	0.01067	0.01569	0.01820	0.00879	0.02385	0.01381	0.03641	0.01130	0.01318	0.00879	0.00753	0.00502	0.00251	0.00628	0.00439	0.00502	0.00879
8	0.07586	0.01675	0.01906	0.01498	0.02086	0.01682	0.01218	0.22104	0.09258	0.20755	0.07619	0.02536	0.02124	0.00976	0.00771	0.00230	0.00704	0.00774	0.00796	0.13700

[dist]
# distance from previous block
# <min> <max>
0	1

[block]
# block no. 2 follows, 23 sequences, length 20
# corresponding to MSA columns:
# 84-103
name=unknown_C
#
# <colnr> <probs for GDERKNQSTAVLIFYWHMCP>
#	G	D	E	R	K	N	Q	S	T	A	V	L	I	F	Y	W	H	M	C	P
0	0.32389	0.01573	0.01600	0.01258	0.01869	0.01550	0.01028	0.09133	0.01894	0.13606	0.01653	0.01738	0.01221	0.00767	0.00619	0.00207	0.00657	0.00545	0.00609	0.26085
1	0.01955	0.01434	0.01710	0.01235	0.01944	0.01097	0.00994	0.02309	0.01772	0.11591	0.01687	0.01833	0.01314	0.00657	0.00631	0.00138	0.00613	0.00527	0.00554	0.66006
2	0.02866	0.01696	0.01995	0.01537	0.02173	0.01646	0.01254	0.21118	0.09415	0.27625	0.02454	0.02312	0.01696	0.00916	0.00768	0.00222	0.00725	0.00727	0.00812	0.18042
3	0.01915	0.02189	0.04788	0.03420	0.04241	0.02052	0.63475	0.02599	0.01915	0.02599	0.01642	0.02189	0.01231	0.00684	0.00958	0.00274	0.01368	0.00958	0.00410	0.01094
4	0.01939	0.01530	0.01771	0.01300	0.01995	0.01268	0.01044	0.07886	0.05221	0.06576	0.01686	0.01839	0.01331	0.00684	0.00644	0.00147	0.00635	0.00545	0.00559	0.61400
5	0.01236	0.01004	0.01367	0.01403	0.01459	0.01150	0.01059	0.01417	0.01524	0.02104	0.05738	0.40681	0.04188	0.05699	0.01598	0.00362	0.17514	0.09127	0.00647	0.00721
6	0.01253	0.01020	0.01354	0.01344	0.01502	0.04401	0.01042	0.01539	0.01354	0.01889	0.02127	0.03101	0.01979	0.05821	0.64865	0.01249	0.02138	0.00852	0.00434	0.00735
7	0.69213	0.01551	0.01290	0.03926	0.01769	0.01778	0.00956	0.02476	0.01453	0.07768	0.01280	0.01449	0.00962	0.00772	0.00536	0.00252	0.00651	0.00476	0.00530	0.00913
8	0.01775	0.01775	0.02485	0.02130	0.02130	0.02485	0.01775	0.01953	0.01243	0.01953	0.01065	0.01775	0.01065	0.01420	0.02663	0.00355	0.69998	0.00710	0.00355	0.00888
9	0.01203	0.00934	0.01388	0.01363	0.01497	0.01118	0.01068	0.01485	0.01300	0.01889	0.02095	0.03088	0.01960	0.05755	0.63621	0.01237	0.06977	0.00858	0.00429	0.00736
10	0.77215	0.01569	0.01193	0.01067	0.01569	0.01820	0.00879	0.02385	0.01381	0.03641	0.01130	0.01318	0.00879	0.00753	0.00502	0.00251	0.00628	0.00439	0.00502	0.00879
11	0.55276	0.01540	0.01394	0.01194	0.01721	0.01696	0.00979	0.02877	0.06323	0.17691	0.01752	0.01766	0.01249	0.00835	0.00596	0.00253	0.00643	0.00559	0.00638	0.01020
12	0.02118	0.01637	0.02090	0.01543	0.02236	0.01439	0.06569	0.11011	0.06252	0.09533	0.01831	0.01962	0.01395	0.00734	0.00698	0.00174	0.00721	0.00620	0.00596	0.46841
13	0.01704	0.01462	0.01692	0.01231	0.01935	0.01142	0.00982	0.02190	0.05770	0.02693	0.01562	0.01769	0.01284	0.00633	0.00615	0.00130	0.00604	0.00509	0.00503	0.71588
14	0.01913	0.02126	0.04406	0.03198	0.03934	0.02080	0.54500	0.02680	0.06535	0.02612	0.01724	0.02222	0.01312	0.00767	0.01069	0.00279	0.06175	0.00937	0.00437	0.01094
15	0.10132	0.01658	0.01855	0.01459	0.02036	0.01663	0.01174	0.20413	0.08422	0.19565	0.02257	0.02391	0.01675	0.06149	0.00990	0.00266	0.00728	0.00726	0.00743	0.15700
16	0.01366	0.00881	0.01062	0.00998	0.01128	0.00840	0.00650	0.01485	0.01457	0.06233	0.10505	0.07994	0.03408	0.45790	0.06760	0.00643	0.00780	0.01176	0.00584	0.06260
17	0.05964	0.02109	0.02017	0.01663	0.02196	0.14751	0.01324	0.12782	0.13912	0.18801	0.02225	0.02182	0.01610	0.00944	0.00854	0.00235	0.04370	0.00700	0.00706	0.10653
18	0.11093	0.01513	0.01882	0.01647	0.06756	0.01417	0.01227	0.07234	0.05802	0.34130	0.04740	0.02443	0.01882	0.00914	0.00749	0.00229	0.00688	0.00734	0.00788	0.14133
19	0.07402	0.01668	0.02405	0.01740	0.02464	0.01436	0.15460	0.05422	0.01826	0.02837	0.01492	0.01787	0.01194	0.00651	0.00687	0.00172	0.00796	0.00601	0.00483	0.49478

[dist]
# distance from previous block
# <min> <max>
4	18

[block]
# block no. 3 follows, 23 sequences, length 16
# corresponding to MSA columns:
# 122-137
name=unknown_D
#
# <colnr> <probs for GDERKNQSTAVLIFYWHMCP>
#	G	D	E	R	K	N	Q	S	T	A	V	L	I	F	Y	W	H	M	C	P
0	0.02043	0.01865	0.01855	0.01422	0.02053	0.11727	0.01128	0.04518	0.01865	0.05707	0.01497	0.01714	0.01216	0.00711	0.00740	0.00156	0.04153	0.00524	0.00502	0.54603
1	0.02016	0.01626	0.01968	0.01432	0.02141	0.01392	0.03898	0.13433	0.02106	0.05279	0.01604	0.01791	0.01263	0.00687	0.00663	0.00154	0.00692	0.00559	0.00556	0.56739
2	0.31999	0.01292	0.01344	0.01151	0.01601	0.01299	0.00918	0.02399	0.01832	0.16427	0.17085	0.06897	0.03009	0.01109	0.00716	0.00244	0.00571	0.00874	0.00711	0.08523
3	0.02316	0.01803	0.02007	0.01506	0.02167	0.01742	0.01225	0.31088	0.02719	0.03839	0.04936	0.02029	0.01611	0.00830	0.00718	0.00185	0.00728	0.00648	0.00658	0.37245
4	0.12620	0.02167	0.02140	0.01731	0.02308	0.06269	0.01404	0.39832	0.15939	0.04380	0.02076	0.02057	0.01519	0.00963	0.00769	0.00249	0.00841	0.00718	0.00750	0.01268
5	0.01832	0.01926	0.03627	0.02632	0.03329	0.01822	0.38337	0.02364	0.01771	0.02538	0.01518	0.01995	0.01204	0.00745	0.01051	0.00239	0.09062	0.00792	0.00424	0.22793
6	0.01187	0.00834	0.01125	0.01125	0.01222	0.00920	0.00805	0.01381	0.01284	0.01843	0.02335	0.03919	0.02353	0.28619	0.41859	0.01057	0.01583	0.00971	0.04931	0.00645
7	0.15383	0.02476	0.01952	0.01664	0.02145	0.24557	0.01309	0.23099	0.02620	0.03436	0.07302	0.02426	0.06240	0.01022	0.00754	0.00236	0.00966	0.00740	0.00627	0.01045
8	0.02277	0.01795	0.02214	0.01684	0.02268	0.01819	0.04313	0.22095	0.02352	0.07144	0.01660	0.01871	0.01287	0.00878	0.01022	0.00212	0.11610	0.00640	0.00596	0.32263
9	0.02997	0.03139	0.02182	0.01888	0.02383	0.47014	0.01448	0.06992	0.02336	0.12429	0.01621	0.01719	0.01232	0.00848	0.00737	0.00209	0.01222	0.00577	0.00541	0.08489
10	0.28385	0.01369	0.01281	0.01187	0.01543	0.05302	0.00947	0.05016	0.01925	0.04731	0.19841	0.04243	0.10529	0.01472	0.02772	0.00295	0.00660	0.06972	0.00681	0.00849
11	0.01760	0.01871	0.03765	0.02737	0.03444	0.01710	0.44735	0.02336	0.01889	0.02629	0.07095	0.06559	0.02006	0.00863	0.00906	0.00251	0.01113	0.01006	0.00482	0.12846
12	0.01860	0.02017	0.03996	0.02902	0.03598	0.01957	0.45506	0.02426	0.01790	0.02521	0.01534	0.02055	0.01205	0.00769	0.01128	0.00260	0.10340	0.00850	0.00414	0.12872
13	0.14654	0.03507	0.02126	0.01930	0.02361	0.57822	0.01460	0.03106	0.02156	0.02245	0.01235	0.01441	0.01019	0.00823	0.00696	0.00216	0.01332	0.00510	0.00431	0.00931
14	0.71911	0.01754	0.05830	0.01154	0.01706	0.01825	0.01027	0.02398	0.01404	0.03565	0.01153	0.01346	0.00889	0.00754	0.00521	0.00251	0.00668	0.00451	0.00491	0.00901
15	0.02898	0.01325	0.01745	0.01433	0.01956	0.01204	0.01185	0.06468	0.04007	0.43393	0.08408	0.03946	0.02831	0.01233	0.00865	0.00264	0.00679	0.10274	0.00914	0.04973

[dist]
# distance from previous block
# <min> <max>
24	43

[block]
# block no. 4 follows, 23 sequences, length 15
# corresponding to MSA columns:
# 182-196
name=unknown_E
#
# <colnr> <probs for GDERKNQSTAVLIFYWHMCP>
#	G	D	E	R	K	N	Q	S	T	A	V	L	I	F	Y	W	H	M	C	P
0	0.01922	0.01604	0.03920	0.01403	0.02122	0.01260	0.03911	0.04842	0.04653	0.07994	0.01698	0.01865	0.01327	0.00680	0.00658	0.00154	0.00675	0.00563	0.00545	0.58205
1	0.02362	0.01479	0.01739	0.01471	0.01948	0.01519	0.01174	0.08893	0.25058	0.21043	0.14340	0.03586	0.03203	0.01185	0.00846	0.00258	0.00634	0.03437	0.00865	0.04958
2	0.01808	0.01987	0.04181	0.15154	0.04331	0.01943	0.49366	0.02452	0.01882	0.02538	0.04820	0.02378	0.01525	0.00755	0.00931	0.00272	0.01267	0.00941	0.00426	0.01043
3	0.01744	0.01907	0.04010	0.02960	0.03610	0.01819	0.49863	0.02311	0.01825	0.02480	0.02127	0.14502	0.01966	0.01045	0.01037	0.00287	0.03839	0.01190	0.00470	0.01008
4	0.01016	0.00739	0.00963	0.01123	0.01207	0.00686	0.00781	0.01190	0.01637	0.02161	0.07588	0.57809	0.11002	0.02436	0.01031	0.00324	0.00481	0.06395	0.00759	0.00673
5	0.02517	0.01707	0.01905	0.01622	0.02140	0.01866	0.01287	0.10011	0.43767	0.19027	0.03146	0.02858	0.02256	0.01065	0.00822	0.00266	0.00678	0.00875	0.00868	0.01317
6	0.16296	0.03291	0.02090	0.01879	0.02325	0.50373	0.01432	0.06267	0.04613	0.02499	0.01346	0.01522	0.01088	0.00839	0.00698	0.00221	0.01252	0.00534	0.00469	0.00966
7	0.01889	0.02371	0.10470	0.03319	0.04174	0.02037	0.57976	0.02596	0.01897	0.02596	0.01625	0.02146	0.01213	0.00692	0.00941	0.00272	0.01353	0.00925	0.00404	0.01104
8	0.01279	0.00915	0.01268	0.01409	0.01597	0.00904	0.01210	0.01654	0.01945	0.02576	0.15358	0.08599	0.05205	0.02137	0.01091	0.00352	0.00682	0.50293	0.00773	0.00750
9	0.18749	0.02689	0.13776	0.01806	0.02490	0.11408	0.01664	0.31145	0.02704	0.03905	0.01587	0.01703	0.01162	0.00871	0.00727	0.00243	0.00970	0.00616	0.00606	0.01179
10	0.07254	0.01576	0.01904	0.01518	0.02107	0.01560	0.01238	0.11355	0.15243	0.42872	0.02953	0.02636	0.01965	0.01007	0.00800	0.00255	0.00702	0.00806	0.00917	0.01334
11	0.01279	0.00913	0.01274	0.01461	0.01635	0.00909	0.01257	0.01631	0.01839	0.02396	0.04312	0.14772	0.04733	0.02269	0.01113	0.00370	0.00722	0.55627	0.00748	0.00739
12	0.02618	0.02998	0.02701	0.02254	0.02684	0.37137	0.10695	0.09953	0.04085	0.02474	0.01418	0.01728	0.01157	0.00942	0.01123	0.00251	0.13647	0.00656	0.00463	0.01015
13	0.01008	0.00764	0.00930	0.01015	0.01158	0.00686	0.00713	0.01213	0.01779	0.02321	0.16665	0.39732	0.24614	0.02233	0.00998	0.00299	0.00436	0.01972	0.00778	0.00686
14	0.62595	0.05007	0.01523	0.01202	0.01735	0.01990	0.01002	0.11544	0.01757	0.03779	0.01252	0.01411	0.00961	0.00783	0.00549	0.00246	0.00679	0.00483	0.00541	0.00961

[dist]
# distance from previous block
# <min> <max>
53	127

[block]
# block no. 5 follows, 23 sequences, length 8
# corresponding to MSA columns:
# 338-345
name=unknown_F
#
# <colnr> <probs for GDERKNQSTAVLIFYWHMCP>
#	G	D	E	R	K	N	Q	S	T	A	V	L	I	F	Y	W	H	M	C	P
0	0.16568	0.01671	0.11394	0.01541	0.02028	0.01350	0.01471	0.04628	0.01893	0.12785	0.02992	0.05242	0.02845	0.01490	0.00889	0.00308	0.00789	0.28472	0.00681	0.00963
1	0.67639	0.01599	0.01351	0.06069	0.01913	0.01857	0.01015	0.05752	0.01533	0.03609	0.01198	0.01414	0.00921	0.00770	0.00542	0.00252	0.00675	0.00476	0.00509	0.00908
2	0.01686	0.01155	0.01713	0.01624	0.01940	0.01133	0.07101	0.02230	0.07310	0.10713	0.08233	0.11308	0.04083	0.01820	0.01024	0.00329	0.00744	0.34185	0.00765	0.00901
3	0.33286	0.01889	0.01753	0.01430	0.02002	0.05091	0.01161	0.21287	0.07627	0.03842	0.01618	0.01718	0.01224	0.00831	0.00650	0.00229	0.00746	0.00579	0.00617	0.12418
4	0.16011	0.01860	0.02199	0.21017	0.03196	0.13231	0.09346	0.02300	0.01825	0.02570	0.07278	0.03211	0.02126	0.01064	0.00814	0.00270	0.00992	0.09292	0.00504	0.00895
5	0.11753	0.01663	0.01823	0.01390	0.02041	0.01576	0.01127	0.16701	0.06086	0.09482	0.01801	0.01883	0.01357	0.00776	0.00671	0.00187	0.00683	0.00592	0.00631	0.37776
6	0.08482	0.01056	0.01447	0.06031	0.01654	0.01097	0.07231	0.01516	0.01312	0.01924	0.02232	0.04298	0.02405	0.49737	0.05856	0.00667	0.00910	0.01042	0.00473	0.00630
7	0.02037	0.01729	0.02249	0.01636	0.02353	0.01537	0.08991	0.16401	0.02206	0.03211	0.01585	0.01808	0.01247	0.00698	0.00695	0.00168	0.00765	0.00599	0.00549	0.49538

[dist]
# distance from previous block
# <min> <max>
3	5

[block]
# block no. 6 follows, 23 sequences, length 9
# corresponding to MSA columns:
# 351-359
name=unknown_G
#
# <colnr> <probs for GDERKNQSTAVLIFYWHMCP>
#	G	D	E	R	K	N	Q	S	T	A	V	L	I	F	Y	W	H	M	C	P
0	0.06403	0.01510	0.01781	0.01444	0.01963	0.01472	0.01169	0.11216	0.05904	0.12534	0.02289	0.07787	0.01976	0.01091	0.00908	0.00228	0.06207	0.05336	0.00659	0.28123
1	0.65394	0.01607	0.01345	0.01160	0.01683	0.01821	0.00956	0.07184	0.01645	0.09074	0.01366	0.01487	0.01012	0.00791	0.00552	0.00250	0.00653	0.00493	0.00568	0.00959
2	0.18514	0.01718	0.01883	0.01466	0.02062	0.06518	0.05960	0.07249	0.01949	0.06977	0.07621	0.02127	0.01795	0.00813	0.00681	0.00198	0.00741	0.00646	0.00572	0.30509
3	0.49543	0.01516	0.01374	0.01174	0.01663	0.01661	0.00954	0.08941	0.01849	0.06965	0.11212	0.02203	0.02041	0.00919	0.00627	0.00243	0.00621	0.00649	0.00620	0.05226
4	0.66570	0.01566	0.01288	0.01134	0.01644	0.01784	0.00930	0.02633	0.05550	0.08619	0.01433	0.01542	0.01071	0.00795	0.00548	0.00253	0.00634	0.00500	0.00563	0.00944
5	0.01180	0.00787	0.00885	0.00885	0.00885	0.00787	0.00492	0.01180	0.01180	0.01573	0.02557	0.05310	0.02950	0.71483	0.04130	0.00787	0.00787	0.01180	0.00492	0.00492
6	0.02031	0.02057	0.04229	0.03058	0.03791	0.01978	0.50631	0.02629	0.01881	0.07692	0.01709	0.02178	0.01278	0.00768	0.01074	0.00272	0.07046	0.00905	0.00456	0.04335
7	0.01888	0.02105	0.04403	0.03168	0.03929	0.02006	0.54746	0.02515	0.01854	0.02561	0.01589	0.02124	0.01218	0.00725	0.01040	0.00267	0.05730	0.00905	0.00412	0.06812
8	0.01804	0.01490	0.01887	0.01462	0.01988	0.01384	0.03521	0.06646	0.01783	0.05069	0.01808	0.07993	0.01659	0.03613	0.01106	0.00218	0.10594	0.00750	0.00529	0.44697

[dist]
# distance from previous block
# <min> <max>
0	10

[block]
# block no. 7 follows, 23 sequences, length 6
# corresponding to MSA columns:
# 373-378
name=unknown_H
#
# <colnr> <probs for GDERKNQSTAVLIFYWHMCP>
#	G	D	E	R	K	N	Q	S	T	A	V	L	I	F	Y	W	H	M	C	P
0	0.61517	0.01547	0.01466	0.01240	0.01756	0.01716	0.04622	0.02500	0.01553	0.09583	0.04960	0.01771	0.01384	0.00823	0.00584	0.00253	0.00664	0.00563	0.00566	0.00933
1	0.01739	0.01537	0.01954	0.01434	0.02134	0.01265	0.06132	0.02339	0.08676	0.02723	0.01664	0.01872	0.01345	0.00663	0.00655	0.00150	0.00668	0.00568	0.00513	0.61971
2	0.01966	0.01626	0.02381	0.01784	0.02407	0.01486	0.13361	0.05840	0.04262	0.08558	0.01882	0.05869	0.01564	0.00869	0.00899	0.00206	0.06271	0.00757	0.00552	0.37460
3	0.65404	0.01765	0.01341	0.01186	0.01689	0.07807	0.00963	0.02571	0.01529	0.07860	0.01284	0.01431	0.00972	0.00778	0.00545	0.00247	0.00708	0.00473	0.00529	0.00919
4	0.01209	0.00897	0.01214	0.01190	0.01267	0.01021	0.00854	0.01374	0.01250	0.01763	0.02254	0.03950	0.02336	0.32186	0.37944	0.01031	0.06181	0.00984	0.00452	0.00641
5	0.01804	0.01546	0.02002	0.01480	0.02150	0.01299	0.06955	0.08821	0.01930	0.02867	0.01757	0.07251	0.01554	0.00804	0.00693	0.00165	0.00696	0.00698	0.00532	0.54996

[dist]
# distance from previous block
# <min> <max>
20	90

[block]
# block no. 8 follows, 23 sequences, length 24
# corresponding to MSA columns:
# 471-494
name=unknown_I
#
# <colnr> <probs for GDERKNQSTAVLIFYWHMCP>
#	G	D	E	R	K	N	Q	S	T	A	V	L	I	F	Y	W	H	M	C	P
0	0.01242	0.00943	0.01417	0.01481	0.01658	0.00918	0.05555	0.01542	0.01731	0.02277	0.04058	0.28036	0.04541	0.06337	0.01261	0.00377	0.00706	0.34480	0.00710	0.00729
1	0.03544	0.01402	0.01880	0.01456	0.02074	0.01242	0.01198	0.03976	0.06042	0.63207	0.03207	0.02778	0.02036	0.01010	0.00817	0.00253	0.00688	0.00822	0.00994	0.01375
2	0.77215	0.01569	0.01193	0.01067	0.01569	0.01820	0.00879	0.02385	0.01381	0.03641	0.01130	0.01318	0.00879	0.00753	0.00502	0.00251	0.00628	0.00439	0.00502	0.00879
3	0.01683	0.01442	0.01683	0.01202	0.01923	0.01082	0.00961	0.02043	0.01683	0.02644	0.01442	0.01683	0.01202	0.00601	0.00601	0.00120	0.00601	0.00481	0.00481	0.76444
4	0.01683	0.01442	0.01683	0.01202	0.01923	0.01082	0.00961	0.02043	0.01683	0.02644	0.01442	0.01683	0.01202	0.00601	0.00601	0.00120	0.00601	0.00481	0.00481	0.76444
5	0.01915	0.02189	0.04788	0.03420	0.04241	0.02052	0.63475	0.02599	0.01915	0.02599	0.01642	0.02189	0.01231	0.00684	0.00958	0.00274	0.01368	0.00958	0.00410	0.01094
6	0.02008	0.01928	0.03294	0.04981	0.66422	0.01928	0.02490	0.02490	0.01848	0.02651	0.01526	0.02008	0.01285	0.00723	0.00803	0.00241	0.00964	0.00723	0.00402	0.01285
7	0.02008	0.01928	0.03294	0.04981	0.66422	0.01928	0.02490	0.02490	0.01848	0.02651	0.01526	0.02008	0.01285	0.00723	0.00803	0.00241	0.00964	0.00723	0.00402	0.01285
8	0.01042	0.00763	0.00998	0.01135	0.01234	0.00691	0.00769	0.01200	0.01563	0.02115	0.04240	0.65646	0.05048	0.02393	0.01002	0.00313	0.00481	0.02167	0.00732	0.06466
9	0.02169	0.71972	0.04252	0.01388	0.02083	0.03211	0.01388	0.02430	0.01649	0.01909	0.01128	0.01302	0.01041	0.00694	0.00521	0.00174	0.00868	0.00434	0.00347	0.01041
10	0.01727	0.01386	0.01639	0.01208	0.01876	0.01057	0.00958	0.02070	0.01704	0.05709	0.01745	0.06718	0.01540	0.00760	0.00643	0.00142	0.00596	0.00628	0.00526	0.67368
11	0.02169	0.64499	0.08431	0.01481	0.02197	0.05880	0.01505	0.02474	0.01681	0.01957	0.01156	0.01336	0.01041	0.00705	0.00547	0.00181	0.00915	0.00449	0.00350	0.01048
12	0.03112	0.02229	0.02408	0.01846	0.02494	0.02451	0.01525	0.60782	0.03742	0.08151	0.02010	0.01988	0.01411	0.00976	0.00812	0.00244	0.00883	0.00735	0.00821	0.01380
13	0.00959	0.00822	0.00822	0.00822	0.01096	0.00685	0.00617	0.01165	0.01850	0.02192	0.08220	0.07809	0.66092	0.02055	0.00959	0.00274	0.00411	0.01713	0.00754	0.00685
14	0.01683	0.01442	0.01683	0.01202	0.01923	0.01082	0.00961	0.02043	0.01683	0.02644	0.01442	0.01683	0.01202	0.00601	0.00601	0.00120	0.00601	0.00481	0.00481	0.76444
15	0.08417	0.02222	0.02346	0.01809	0.02448	0.02466	0.01495	0.59304	0.03640	0.05008	0.01889	0.01903	0.01344	0.00958	0.00789	0.00244	0.00874	0.00710	0.00789	0.01344
16	0.01731	0.01400	0.01501	0.01329	0.01767	0.01451	0.01033	0.03048	0.34768	0.06241	0.04644	0.04374	0.22394	0.01342	0.00842	0.00256	0.00567	0.01115	0.00774	0.09423
17	0.01925	0.01662	0.01745	0.01578	0.02020	0.01901	0.01225	0.04034	0.59382	0.03288	0.03737	0.03450	0.08095	0.01185	0.00837	0.00275	0.00622	0.00988	0.00819	0.01231
18	0.01915	0.02189	0.04788	0.03420	0.04241	0.02052	0.63475	0.02599	0.01915	0.02599	0.01642	0.02189	0.01231	0.00684	0.00958	0.00274	0.01368	0.00958	0.00410	0.01094
19	0.01606	0.01169	0.01393	0.01318	0.01548	0.01037	0.00953	0.01822	0.02475	0.03494	0.57689	0.06466	0.11543	0.01916	0.01126	0.00336	0.00553	0.01561	0.01001	0.00993
20	0.01076	0.06162	0.01116	0.00916	0.01215	0.00893	0.00727	0.01299	0.01836	0.02189	0.07388	0.07424	0.56512	0.01967	0.00939	0.00274	0.00471	0.06156	0.00723	0.00716
21	0.01635	0.03886	0.59168	0.07407	0.03705	0.01887	0.06090	0.02534	0.01717	0.02534	0.01465	0.01772	0.01042	0.00769	0.00784	0.00259	0.01199	0.00627	0.00347	0.01171
22	0.07774	0.55461	0.11240	0.01495	0.02231	0.02919	0.01544	0.05415	0.01741	0.02271	0.01206	0.01382	0.01044	0.00721	0.00562	0.00192	0.00889	0.00468	0.00381	0.01064
23	0.02114	0.58784	0.08867	0.06593	0.02472	0.05590	0.01584	0.02446	0.01678	0.01975	0.01182	0.01404	0.01043	0.00714	0.00570	0.00189	0.00933	0.00472	0.00351	0.01039

[dist]
# distance from previous block
# <min> <max>
0	1

[block]
# block no. 9 follows, 23 sequences, length 201
# corresponding to MSA columns:
# 496-696
name=unknown_J
#
# <colnr> <probs for GDERKNQSTAVLIFYWHMCP>
#	G	D	E	R	K	N	Q	S	T	A	V	L	I	F	Y	W	H	M	C	P
0	0.01917	0.05442	0.04279	0.08660	0.16909	0.02064	0.43408	0.02529	0.01866	0.02537	0.01578	0.02107	0.01222	0.00702	0.00894	0.00262	0.01240	0.00867	0.00402	0.01116
1	0.02637	0.01350	0.01858	0.04314	0.02114	0.01278	0.04148	0.07673	0.05392	0.35193	0.20904	0.03603	0.03521	0.01170	0.00863	0.00255	0.00665	0.01003	0.00894	0.01166
2	0.01907	0.01779	0.02811	0.28445	0.32936	0.04996	0.04349	0.02385	0.01809	0.05271	0.01842	0.02323	0.03945	0.00828	0.00815	0.00253	0.01010	0.00766	0.00429	0.01098
3	0.01593	0.01529	0.02642	0.41431	0.07385	0.01759	0.11741	0.02168	0.04691	0.02222	0.01833	0.07702	0.01594	0.03872	0.01074	0.00300	0.04195	0.00911	0.00429	0.00932
4	0.77215	0.01569	0.01193	0.01067	0.01569	0.01820	0.00879	0.02385	0.01381	0.03641	0.01130	0.01318	0.00879	0.00753	0.00502	0.00251	0.00628	0.00439	0.00502	0.00879
5	0.73803	0.01688	0.04175	0.01123	0.01657	0.01823	0.00974	0.02394	0.01396	0.03592	0.01145	0.01336	0.00885	0.00754	0.00514	0.00251	0.00653	0.00447	0.00495	0.00893
6	0.01889	0.02106	0.04414	0.06561	0.06730	0.02072	0.52662	0.02514	0.01840	0.02520	0.01578	0.02144	0.01212	0.00755	0.01091	0.00279	0.07239	0.00915	0.00403	0.01075
7	0.01194	0.00869	0.01103	0.01079	0.01261	0.00820	0.00793	0.04414	0.02169	0.03008	0.45318	0.21619	0.09562	0.01858	0.00969	0.00273	0.00430	0.01646	0.00849	0.00766
8	0.01197	0.00898	0.01305	0.01394	0.04461	0.01000	0.00974	0.01434	0.01317	0.01869	0.02312	0.06394	0.02310	0.18181	0.49918	0.01113	0.01778	0.00982	0.00457	0.00704
9	0.02758	0.02010	0.02056	0.01694	0.02237	0.07601	0.01356	0.25437	0.23948	0.15265	0.02598	0.02459	0.01862	0.01009	0.00801	0.00250	0.00800	0.00792	0.03778	0.01286
10	0.02018	0.01743	0.01835	0.01651	0.02110	0.02018	0.01284	0.04312	0.64956	0.03394	0.03303	0.03027	0.02477	0.01101	0.00826	0.00275	0.00642	0.00917	0.00826	0.01284
11	0.02966	0.09039	0.02448	0.02037	0.02476	0.63289	0.01554	0.03179	0.02250	0.01980	0.01245	0.01451	0.01045	0.00825	0.00716	0.00206	0.01418	0.00516	0.00413	0.00948
12	0.01043	0.00828	0.00945	0.01001	0.01198	0.00749	0.00730	0.01335	0.04389	0.02303	0.11599	0.28026	0.36211	0.02148	0.00985	0.00295	0.00451	0.04287	0.00768	0.00711
13	0.01532	0.01442	0.02434	0.69533	0.05589	0.01803	0.02253	0.02073	0.01622	0.02073	0.01442	0.02163	0.01082	0.00811	0.00811	0.00270	0.01082	0.00721	0.00361	0.00901
14	0.77215	0.01569	0.01193	0.01067	0.01569	0.01820	0.00879	0.02385	0.01381	0.03641	0.01130	0.01318	0.00879	0.00753	0.00502	0.00251	0.00628	0.00439	0.00502	0.00879
15	0.01915	0.02189	0.04788	0.03420	0.04241	0.02052	0.63475	0.02599	0.01915	0.02599	0.01642	0.02189	0.01231	0.00684	0.00958	0.00274	0.01368	0.00958	0.00410	0.01094
16	0.01148	0.00829	0.01085	0.01021	0.01212	0.00766	0.00766	0.01531	0.02297	0.03254	0.65994	0.06061	0.07656	0.01659	0.00957	0.00255	0.00383	0.01467	0.00893	0.00766
17	0.01683	0.01442	0.01683	0.01202	0.01923	0.01082	0.00961	0.02043	0.01683	0.02644	0.01442	0.01683	0.01202	0.00601	0.00601	0.00120	0.00601	0.00481	0.00481	0.76444
18	0.01683	0.01442	0.01683	0.01202	0.01923	0.01082	0.00961	0.02043	0.01683	0.02644	0.01442	0.01683	0.01202	0.00601	0.00601	0.00120	0.00601	0.00481	0.00481	0.76444
19	0.00996	0.00709	0.00939	0.01120	0.01165	0.00664	0.00743	0.01132	0.01539	0.02052	0.04397	0.68368	0.05272	0.05257	0.01158	0.00348	0.00483	0.02262	0.00743	0.00652
20	0.01148	0.00829	0.01085	0.01021	0.01212	0.00766	0.00766	0.01531	0.02297	0.03254	0.65994	0.06061	0.07656	0.01659	0.00957	0.00255	0.00383	0.01467	0.00893	0.00766
21	0.02018	0.01743	0.01835	0.01651	0.02110	0.02018	0.01284	0.04312	0.64956	0.03394	0.03303	0.03027	0.02477	0.01101	0.00826	0.00275	0.00642	0.00917	0.00826	0.01284
22	0.02018	0.01743	0.01835	0.01651	0.02110	0.02018	0.01284	0.04312	0.64956	0.03394	0.03303	0.03027	0.02477	0.01101	0.00826	0.00275	0.00642	0.00917	0.00826	0.01284
23	0.02314	0.51788	0.06618	0.01656	0.02330	0.13934	0.04296	0.04964	0.01857	0.02106	0.01219	0.01412	0.01063	0.00732	0.00598	0.00190	0.01005	0.00491	0.00380	0.01047
24	0.01179	0.00790	0.00902	0.00902	0.00908	0.00796	0.00513	0.01191	0.01185	0.01586	0.02541	0.05223	0.02912	0.68798	0.06763	0.00808	0.00844	0.01167	0.00489	0.00501
25	0.01948	0.04957	0.01874	0.01550	0.02006	0.01899	0.01222	0.06269	0.48881	0.03346	0.10838	0.03218	0.02950	0.01124	0.00817	0.00260	0.00629	0.00936	0.00796	0.04479
26	0.01442	0.00896	0.01170	0.01063	0.01311	0.00814	0.00811	0.01809	0.02281	0.10930	0.55874	0.05737	0.09511	0.01597	0.00940	0.00256	0.00421	0.01399	0.00901	0.00837
27	0.01919	0.02172	0.04679	0.03355	0.04162	0.02051	0.61184	0.02662	0.04237	0.02628	0.01703	0.02220	0.01277	0.00699	0.00953	0.00274	0.01341	0.00956	0.00426	0.01101
28	0.02169	0.71972	0.04252	0.01388	0.02083	0.03211	0.01388	0.02430	0.01649	0.01909	0.01128	0.01302	0.01041	0.00694	0.00521	0.00174	0.00868	0.00434	0.00347	0.01041
29	0.01886	0.02132	0.04609	0.08440	0.04343	0.02033	0.58826	0.02559	0.01893	0.02559	0.01626	0.02187	0.01220	0.00694	0.00946	0.00273	0.01346	0.00940	0.00407	0.01080
30	0.77215	0.01569	0.01193	0.01067	0.01569	0.01820	0.00879	0.02385	0.01381	0.03641	0.01130	0.01318	0.00879	0.00753	0.00502	0.00251	0.00628	0.00439	0.00502	0.00879
31	0.02878	0.03613	0.02322	0.02095	0.02462	0.60225	0.01593	0.03083	0.02171	0.01982	0.01231	0.01501	0.01048	0.00907	0.00967	0.00227	0.09804	0.00545	0.00410	0.00934
32	0.03517	0.01408	0.01879	0.01459	0.02074	0.01255	0.01200	0.03982	0.07078	0.62155	0.03209	0.02782	0.02044	0.01012	0.00817	0.00253	0.00687	0.00824	0.00991	0.01374
33	0.03085	0.02273	0.02435	0.01867	0.02516	0.02516	0.01542	0.63716	0.03815	0.05114	0.01948	0.01948	0.01380	0.00974	0.00812	0.00244	0.00893	0.00731	0.00812	0.01380
34	0.01683	0.01442	0.01683	0.01202	0.01923	0.01082	0.00961	0.02043	0.01683	0.02644	0.01442	0.01683	0.01202	0.00601	0.00601	0.00120	0.00601	0.00481	0.00481	0.76444
35	0.01532	0.01442	0.02434	0.69533	0.05589	0.01803	0.02253	0.02073	0.01622	0.02073	0.01442	0.02163	0.01082	0.00811	0.00811	0.00270	0.01082	0.00721	0.00361	0.00901
36	0.01178	0.00794	0.00921	0.00921	0.00934	0.00806	0.00537	0.01203	0.01191	0.01600	0.02523	0.05126	0.02870	0.65808	0.09696	0.00832	0.00907	0.01153	0.00487	0.00512
37	0.01151	0.00884	0.01089	0.01192	0.01418	0.00822	0.00996	0.01448	0.01860	0.02322	0.06063	0.08548	0.32333	0.02158	0.01048	0.00329	0.00596	0.34277	0.00750	0.00719
38	0.01532	0.01442	0.02434	0.69533	0.05589	0.01803	0.02253	0.02073	0.01622	0.02073	0.01442	0.02163	0.01082	0.00811	0.00811	0.00270	0.01082	0.00721	0.00361	0.00901
39	0.01513	0.00756	0.00756	0.00756	0.00945	0.00756	0.00567	0.01891	0.01702	0.03025	0.02647	0.03025	0.02080	0.00945	0.00567	0.00189	0.00378	0.00756	0.75988	0.00756
40	0.02018	0.01743	0.01835	0.01651	0.02110	0.02018	0.01284	0.04312	0.64956	0.03394	0.03303	0.03027	0.02477	0.01101	0.00826	0.00275	0.00642	0.00917	0.00826	0.01284
41	0.02347	0.01706	0.01871	0.01626	0.02123	0.01900	0.01281	0.07058	0.51332	0.14373	0.03221	0.02931	0.02345	0.01078	0.00823	0.00270	0.00662	0.00891	0.00856	0.01305
42	0.01238	0.00995	0.01346	0.01337	0.01493	0.03831	0.01037	0.01524	0.01346	0.01888	0.02135	0.03115	0.01987	0.05866	0.65437	0.01258	0.02144	0.00855	0.00434	0.00734
43	0.02806	0.02068	0.02206	0.01739	0.02322	0.02293	0.01421	0.50498	0.11485	0.04704	0.02185	0.02184	0.01584	0.00988	0.00791	0.00243	0.00814	0.00757	0.07599	0.01311
44	0.01069	0.00740	0.00918	0.01027	0.01054	0.00713	0.00643	0.01151	0.01397	0.01862	0.03668	0.43397	0.04352	0.31483	0.02335	0.00521	0.00603	0.01834	0.00643	0.00589
45	0.01683	0.01442	0.01683	0.01202	0.01923	0.01082	0.00961	0.02043	0.01683	0.02644	0.01442	0.01683	0.01202	0.00601	0.00601	0.00120	0.00601	0.00481	0.00481	0.76444
46	0.01608	0.00872	0.00884	0.00850	0.01072	0.00897	0.00646	0.04798	0.04846	0.03137	0.02647	0.02977	0.02067	0.00954	0.00591	0.00196	0.00414	0.00763	0.68972	0.00810
47	0.02060	0.01764	0.01858	0.01660	0.02126	0.02038	0.01294	0.06624	0.62576	0.03461	0.03250	0.02985	0.02434	0.01096	0.00825	0.00274	0.00652	0.00910	0.00825	0.01288
48	0.03480	0.01553	0.01979	0.01527	0.02152	0.01460	0.01258	0.14597	0.04985	0.53546	0.02982	0.02627	0.01915	0.01003	0.00816	0.00251	0.00725	0.00805	0.00963	0.01377
49	0.02081	0.60892	0.14556	0.01540	0.02316	0.02994	0.01652	0.02453	0.01659	0.02017	0.01182	0.01369	0.01039	0.00707	0.00562	0.00187	0.00922	0.00461	0.00346	0.01067
50	0.01013	0.00723	0.00969	0.01158	0.01215	0.00680	0.00795	0.01172	0.01577	0.02098	0.04459	0.66261	0.05314	0.02519	0.01042	0.00333	0.00492	0.06760	0.00753	0.00666
51	0.06743	0.01389	0.01854	0.01428	0.02050	0.01219	0.01179	0.03888	0.02283	0.64313	0.03114	0.02701	0.01961	0.00994	0.00803	0.00251	0.00688	0.00800	0.00983	0.01360
52	0.02008	0.01928	0.03294	0.04981	0.66422	0.01928	0.02490	0.02490	0.01848	0.02651	0.01526	0.02008	0.01285	0.00723	0.00803	0.00241	0.00964	0.00723	0.00402	0.01285
53	0.01893	0.02341	0.09533	0.03336	0.04185	0.02039	0.58883	0.02597	0.01900	0.02597	0.01628	0.02153	0.01216	0.00691	0.00943	0.00272	0.01355	0.00930	0.00405	0.01102
54	0.01627	0.00869	0.00897	0.00854	0.01070	0.00888	0.00647	0.06548	0.01833	0.03112	0.02539	0.02919	0.01997	0.01031	0.00701	0.03578	0.00432	0.00752	0.66920	0.00786
55	0.01905	0.02157	0.04613	0.03322	0.04081	0.02085	0.58790	0.02550	0.01864	0.02550	0.01598	0.02157	0.01219	0.00740	0.01087	0.00280	0.06579	0.00939	0.00406	0.01079
56	0.01134	0.00829	0.01065	0.01006	0.01203	0.00760	0.00754	0.01503	0.02263	0.03173	0.61607	0.06194	0.12093	0.01689	0.00957	0.00257	0.00385	0.01486	0.00883	0.00760
57	0.01683	0.01442	0.01683	0.01202	0.01923	0.01082	0.00961	0.02043	0.01683	0.02644	0.01442	0.01683	0.01202	0.00601	0.00601	0.00120	0.00601	0.00481	0.00481	0.76444
58	0.01003	0.00716	0.00958	0.01146	0.01200	0.00671	0.00778	0.01155	0.01568	0.02087	0.04464	0.68179	0.05335	0.02529	0.01040	0.00332	0.00483	0.04940	0.00753	0.00663
59	0.03641	0.01381	0.01883	0.01444	0.02071	0.01193	0.01193	0.03954	0.02322	0.66984	0.03201	0.02762	0.02009	0.01004	0.00816	0.00251	0.00690	0.00816	0.01004	0.01381
60	0.02738	0.01697	0.01919	0.01571	0.02107	0.01805	0.01265	0.20608	0.24070	0.22163	0.02835	0.02649	0.01999	0.01023	0.00796	0.00252	0.00702	0.00821	0.07688	0.01291
61	0.00982	0.00823	0.00855	0.00847	0.01110	0.00695	0.00635	0.01210	0.01905	0.02324	0.15385	0.07592	0.58845	0.02006	0.00959	0.00272	0.00408	0.01682	0.00771	0.00695
62	0.00997	0.00823	0.00874	0.00861	0.01119	0.00701	0.00646	0.01237	0.01938	0.02403	0.19677	0.07462	0.54504	0.01976	0.00959	0.00270	0.00405	0.01664	0.00781	0.00701
63	0.01973	0.01882	0.03158	0.09722	0.58703	0.01923	0.02414	0.02546	0.04872	0.02643	0.01606	0.02069	0.01327	0.00748	0.00805	0.00245	0.00957	0.00732	0.00419	0.01256
64	0.01683	0.01442	0.01683	0.01202	0.01923	0.01082	0.00961	0.02043	0.01683	0.02644	0.01442	0.01683	0.01202	0.00601	0.00601	0.00120	0.00601	0.00481	0.00481	0.76444
65	0.01137	0.00769	0.00898	0.00940	0.00951	0.00758	0.00550	0.01169	0.01264	0.01685	0.02987	0.20072	0.03493	0.55980	0.03434	0.00684	0.00716	0.01433	0.00550	0.00529
66	0.03641	0.01381	0.01883	0.01444	0.02071	0.01193	0.01193	0.03954	0.02322	0.66984	0.03201	0.02762	0.02009	0.01004	0.00816	0.00251	0.00690	0.00816	0.01004	0.01381
67	0.02634	0.01965	0.02199	0.05166	0.09855	0.07271	0.01517	0.20507	0.18754	0.14554	0.02416	0.02393	0.01751	0.00963	0.00798	0.00249	0.00833	0.00776	0.04141	0.01259
68	0.01052	0.00768	0.00989	0.01056	0.01184	0.00706	0.00745	0.01299	0.01889	0.02572	0.30273	0.38144	0.12053	0.02131	0.00996	0.00294	0.00429	0.01903	0.00811	0.00706
69	0.01683	0.01442	0.01683	0.01202	0.01923	0.01082	0.00961	0.02043	0.01683	0.02644	0.01442	0.01683	0.01202	0.00601	0.00601	0.00120	0.00601	0.00481	0.00481	0.76444
70	0.02064	0.07345	0.03378	0.04516	0.56232	0.05065	0.04698	0.02524	0.01856	0.02562	0.01488	0.01937	0.01254	0.00724	0.00784	0.00236	0.00995	0.00701	0.00399	0.01244
71	0.02908	0.09679	0.02447	0.02009	0.02453	0.59453	0.01539	0.03220	0.05204	0.02046	0.01340	0.01523	0.01113	0.00836	0.00718	0.00209	0.01373	0.00534	0.00431	0.00966
72	0.01627	0.04197	0.67279	0.02313	0.03512	0.01884	0.02998	0.02570	0.01713	0.02570	0.01456	0.01713	0.01028	0.00771	0.00771	0.00257	0.01199	0.00600	0.00343	0.01199
73	0.02207	0.01737	0.01867	0.01644	0.02126	0.01971	0.01289	0.07089	0.56715	0.08908	0.03230	0.02954	0.02385	0.01087	0.00824	0.00272	0.00658	0.00900	0.00840	0.01297
74	0.01683	0.01442	0.01683	0.01202	0.01923	0.01082	0.00961	0.02043	0.01683	0.02644	0.01442	0.01683	0.01202	0.00601	0.00601	0.00120	0.00601	0.00481	0.00481	0.76444
75	0.01002	0.00716	0.00957	0.01145	0.01198	0.00670	0.00776	0.01152	0.01566	0.02086	0.04465	0.68416	0.05338	0.02530	0.01039	0.00331	0.00482	0.04715	0.00753	0.00663
76	0.01189	0.00908	0.01340	0.01323	0.01454	0.01073	0.01026	0.01460	0.01295	0.01872	0.02139	0.03221	0.02027	0.08956	0.62137	0.01235	0.05312	0.00877	0.00434	0.00721
77	0.01259	0.00877	0.01125	0.01101	0.01300	0.00828	0.00824	0.01679	0.05137	0.05471	0.43901	0.17740	0.09225	0.01811	0.00967	0.00276	0.00442	0.04390	0.00856	0.00791
78	0.01148	0.00829	0.01085	0.01021	0.01212	0.00766	0.00766	0.01531	0.02297	0.03254	0.65994	0.06061	0.07656	0.01659	0.00957	0.00255	0.00383	0.01467	0.00893	0.00766
79	0.02888	0.12173	0.02585	0.02104	0.04891	0.54866	0.01580	0.05661	0.02265	0.02134	0.01278	0.01484	0.01068	0.00820	0.00712	0.00207	0.01346	0.00528	0.00425	0.00985
80	0.01775	0.01775	0.02485	0.02130	0.02130	0.02485	0.01775	0.01953	0.01243	0.01953	0.01065	0.01775	0.01065	0.01420	0.02663	0.00355	0.69998	0.00710	0.00355	0.00888
81	0.77215	0.01569	0.01193	0.01067	0.01569	0.01820	0.00879	0.02385	0.01381	0.03641	0.01130	0.01318	0.00879	0.00753	0.00502	0.00251	0.00628	0.00439	0.00502	0.00879
82	0.01670	0.09551	0.62300	0.02240	0.03399	0.01989	0.02871	0.02559	0.01708	0.02518	0.01430	0.01681	0.01029	0.00765	0.00751	0.00250	0.01173	0.00587	0.00343	0.01187
83	0.02572	0.01686	0.01901	0.01611	0.02134	0.01827	0.01281	0.09373	0.41840	0.21617	0.03156	0.02858	0.02248	0.01062	0.00822	0.00266	0.00678	0.00872	0.00875	0.01320
84	0.77215	0.01569	0.01193	0.01067	0.01569	0.01820	0.00879	0.02385	0.01381	0.03641	0.01130	0.01318	0.00879	0.00753	0.00502	0.00251	0.00628	0.00439	0.00502	0.00879
85	0.01683	0.01442	0.01683	0.01202	0.01923	0.01082	0.00961	0.02043	0.01683	0.02644	0.01442	0.01683	0.01202	0.00601	0.00601	0.00120	0.00601	0.00481	0.00481	0.76444
86	0.00977	0.00808	0.00856	0.00875	0.01115	0.00688	0.00645	0.01188	0.01847	0.02257	0.12087	0.15456	0.54234	0.02085	0.00968	0.00279	0.00416	0.01767	0.00764	0.00688
87	0.01532	0.01442	0.02434	0.69533	0.05589	0.01803	0.02253	0.02073	0.01622	0.02073	0.01442	0.02163	0.01082	0.00811	0.00811	0.00270	0.01082	0.00721	0.00361	0.00901
88	0.01513	0.00756	0.00756	0.00756	0.00945	0.00756	0.00567	0.01891	0.01702	0.03025	0.02647	0.03025	0.02080	0.00945	0.00567	0.00189	0.00378	0.00756	0.75988	0.00756
89	0.03031	0.03867	0.02299	0.02090	0.02508	0.68226	0.01568	0.03240	0.02299	0.01986	0.01254	0.01463	0.01045	0.00836	0.00732	0.00209	0.01463	0.00523	0.00418	0.00941
90	0.01532	0.01442	0.02434	0.69533	0.05589	0.01803	0.02253	0.02073	0.01622	0.02073	0.01442	0.02163	0.01082	0.00811	0.00811	0.00270	0.01082	0.00721	0.00361	0.00901
91	0.01513	0.00756	0.00756	0.00756	0.00945	0.00756	0.00567	0.01891	0.01702	0.03025	0.02647	0.03025	0.02080	0.00945	0.00567	0.00189	0.00378	0.00756	0.75988	0.00756
92	0.02008	0.01928	0.03294	0.04981	0.66422	0.01928	0.02490	0.02490	0.01848	0.02651	0.01526	0.02008	0.01285	0.00723	0.00803	0.00241	0.00964	0.00723	0.00402	0.01285
93	0.03641	0.01381	0.01883	0.01444	0.02071	0.01193	0.01193	0.03954	0.02322	0.66984	0.03201	0.02762	0.02009	0.01004	0.00816	0.00251	0.00690	0.00816	0.01004	0.01381
94	0.01159	0.00869	0.01304	0.01304	0.01449	0.01014	0.01014	0.01449	0.01304	0.01884	0.02173	0.03188	0.02029	0.06086	0.68268	0.01304	0.02173	0.00869	0.00435	0.00724
95	0.01292	0.00929	0.01286	0.01464	0.01655	0.00923	0.01277	0.01658	0.01867	0.02418	0.04471	0.09093	0.07398	0.02233	0.01114	0.00369	0.00732	0.58328	0.00747	0.00744
96	0.01513	0.00756	0.00756	0.00756	0.00945	0.00756	0.00567	0.01891	0.01702	0.03025	0.02647	0.03025	0.02080	0.00945	0.00567	0.00189	0.00378	0.00756	0.75988	0.00756
97	0.01683	0.01442	0.01683	0.01202	0.01923	0.01082	0.00961	0.02043	0.01683	0.02644	0.01442	0.01683	0.01202	0.00601	0.00601	0.00120	0.00601	0.00481	0.00481	0.76444
98	0.01165	0.00845	0.01181	0.01181	0.01284	0.00948	0.00861	0.01370	0.01268	0.01793	0.02286	0.03809	0.02298	0.25239	0.49483	0.01153	0.01767	0.00960	0.00451	0.00656
99	0.01308	0.00934	0.01308	0.01494	0.01681	0.00934	0.01308	0.01681	0.01868	0.02428	0.04296	0.09153	0.04670	0.02242	0.01121	0.00374	0.00747	0.60960	0.00747	0.00747
100	0.01763	0.01907	0.03831	0.05711	0.03568	0.01945	0.42829	0.02289	0.01745	0.02403	0.01880	0.10480	0.01700	0.01040	0.01249	0.00294	0.12856	0.01070	0.00441	0.00998
101	0.01180	0.00787	0.00885	0.00885	0.00885	0.00787	0.00492	0.01180	0.01180	0.01573	0.02557	0.05310	0.02950	0.71483	0.04130	0.00787	0.00787	0.01180	0.00492	0.00492
102	0.01098	0.00914	0.00976	0.00979	0.01251	0.00834	0.00752	0.01519	0.07750	0.02368	0.09866	0.09809	0.49793	0.01983	0.00964	0.00284	0.00463	0.06883	0.00766	0.00749
103	0.02119	0.65711	0.10074	0.01474	0.02215	0.03088	0.01537	0.02443	0.01655	0.01970	0.01158	0.01340	0.01040	0.00701	0.00544	0.00181	0.00898	0.00449	0.00347	0.01056
104	0.77215	0.01569	0.01193	0.01067	0.01569	0.01820	0.00879	0.02385	0.01381	0.03641	0.01130	0.01318	0.00879	0.00753	0.00502	0.00251	0.00628	0.00439	0.00502	0.00879
105	0.77215	0.01569	0.01193	0.01067	0.01569	0.01820	0.00879	0.02385	0.01381	0.03641	0.01130	0.01318	0.00879	0.00753	0.00502	0.00251	0.00628	0.00439	0.00502	0.00879
