[name]
unknown

[dist]
# distance from previous block
# <min> <max>
0	36

[block]
# block no. 0 follows, 24 sequences, length 151
# corresponding to MSA columns:
# 36-186
name=unknown_A
#
# <colnr> <probs for GDERKNQSTAVLIFYWHMCP>
#	G	D	E	R	K	N	Q	S	T	A	V	L	I	F	Y	W	H	M	C	P
0	0.01438	0.00986	0.01378	0.01494	0.01691	0.01016	0.01298	0.01788	0.01816	0.06164	0.03952	0.08160	0.04207	0.02073	0.01166	0.00357	0.04798	0.54722	0.00723	0.00774
1	0.33949	0.05692	0.05060	0.01281	0.01843	0.01539	0.01116	0.02912	0.01776	0.30109	0.02156	0.05989	0.01592	0.00938	0.00664	0.00246	0.00673	0.00697	0.00693	0.01077
2	0.08944	0.48954	0.03191	0.01282	0.01836	0.02505	0.01202	0.03962	0.01724	0.02310	0.11132	0.02104	0.02048	0.01141	0.04565	0.00255	0.00829	0.00611	0.00452	0.00954
3	0.38664	0.01683	0.02125	0.06262	0.29643	0.01830	0.01613	0.02432	0.04061	0.03059	0.01367	0.01682	0.01099	0.00740	0.00644	0.00243	0.00776	0.00580	0.00454	0.01044
4	0.01614	0.07107	0.65221	0.02221	0.03371	0.01898	0.02861	0.02505	0.01671	0.02483	0.01409	0.01657	0.01005	0.00750	0.00743	0.00248	0.01158	0.00579	0.00335	0.01165
5	0.00965	0.00694	0.00916	0.01093	0.01147	0.00645	0.00731	0.01105	0.01529	0.02029	0.04507	0.69235	0.07536	0.02467	0.01009	0.00320	0.00458	0.02233	0.00736	0.00645
6	0.02242	0.01605	0.01601	0.01333	0.01746	0.05083	0.01064	0.30100	0.05384	0.03801	0.02466	0.02602	0.04406	0.00983	0.00697	0.00217	0.00662	0.00762	0.32206	0.01041
7	0.00966	0.00690	0.00920	0.01104	0.01150	0.00644	0.00736	0.01104	0.01518	0.02024	0.04371	0.71614	0.05245	0.02484	0.01012	0.00322	0.00460	0.02254	0.00736	0.00644
8	0.01080	0.00832	0.00868	0.00843	0.01125	0.00698	0.00638	0.01294	0.01850	0.05573	0.10240	0.07305	0.61024	0.01939	0.00930	0.00266	0.00415	0.01618	0.00755	0.00708
9	0.02164	0.69054	0.04057	0.01392	0.02057	0.06536	0.01366	0.02415	0.01644	0.01870	0.01109	0.01280	0.01018	0.00686	0.00519	0.00171	0.00878	0.00428	0.00343	0.01013
10	0.01963	0.01884	0.03219	0.04867	0.67185	0.01884	0.02434	0.02434	0.01806	0.02591	0.01492	0.01963	0.01256	0.00707	0.00785	0.00236	0.00942	0.00707	0.00393	0.01256
11	0.02484	0.13683	0.06382	0.02518	0.12157	0.34882	0.09483	0.05126	0.02065	0.02243	0.01329	0.01602	0.01089	0.00763	0.00726	0.00215	0.01224	0.00590	0.00405	0.01031
12	0.00941	0.00788	0.00819	0.00844	0.01082	0.00666	0.00620	0.01134	0.01769	0.02126	0.07544	0.16180	0.58631	0.02072	0.00947	0.00275	0.00409	0.01751	0.00736	0.00666
13	0.02334	0.01894	0.02164	0.06369	0.07520	0.02136	0.01503	0.26690	0.33224	0.03811	0.02475	0.02428	0.01837	0.00982	0.00799	0.00254	0.00772	0.00800	0.00740	0.01266
14	0.03014	0.02221	0.02380	0.01825	0.02459	0.02459	0.01507	0.64541	0.03728	0.04998	0.01904	0.01904	0.01349	0.00952	0.00793	0.00238	0.00873	0.00714	0.00793	0.01349
15	0.00966	0.00690	0.00920	0.01104	0.01150	0.00644	0.00736	0.01104	0.01518	0.02024	0.04371	0.71614	0.05245	0.02484	0.01012	0.00322	0.00460	0.02254	0.00736	0.00644
16	0.01081	0.00835	0.01229	0.03915	0.03995	0.00804	0.03579	0.01271	0.01556	0.02089	0.06533	0.56680	0.04715	0.06306	0.01165	0.00337	0.00553	0.01981	0.00685	0.00690
17	0.04630	0.30947	0.40421	0.01860	0.02812	0.02349	0.02234	0.02451	0.01637	0.02296	0.01285	0.01502	0.01004	0.00723	0.00647	0.00219	0.01024	0.00516	0.00342	0.01100
18	0.01044	0.00794	0.00960	0.00948	0.01144	0.00710	0.00700	0.01333	0.02015	0.02705	0.40269	0.14494	0.26296	0.01851	0.00945	0.00264	0.00393	0.01611	0.00812	0.00710
19	0.01783	0.01466	0.01798	0.01293	0.01995	0.01151	0.03436	0.04434	0.01757	0.05365	0.01507	0.01717	0.01215	0.00620	0.00617	0.00133	0.00631	0.00511	0.00500	0.68072
20	0.00974	0.00702	0.00923	0.01085	0.01149	0.00651	0.00731	0.01128	0.01573	0.02097	0.08162	0.64984	0.08078	0.02413	0.01004	0.00315	0.00453	0.02181	0.00744	0.00651
21	0.06452	0.02328	0.02219	0.02100	0.09665	0.17165	0.01505	0.27750	0.09253	0.03529	0.04508	0.02229	0.03823	0.00970	0.00823	0.00238	0.02931	0.00732	0.00635	0.01146
22	0.02117	0.01773	0.05727	0.01457	0.02129	0.01522	0.01246	0.16715	0.04599	0.08018	0.01709	0.01839	0.01306	0.00760	0.00745	0.00177	0.03342	0.00582	0.00583	0.43655
23	0.02571	0.01961	0.02147	0.02048	0.10146	0.08058	0.01456	0.20919	0.20876	0.13947	0.05718	0.02506	0.02031	0.00984	0.00797	0.00245	0.00804	0.00798	0.00747	0.01240
24	0.01070	0.00796	0.00996	0.00973	0.01159	0.00722	0.00719	0.01384	0.02080	0.02853	0.48609	0.13643	0.18486	0.01792	0.00944	0.00261	0.00389	0.01572	0.00832	0.00722
25	0.01920	0.01650	0.01901	0.14017	0.02665	0.01915	0.01417	0.08219	0.46721	0.03159	0.03006	0.02928	0.04867	0.01055	0.00809	0.00266	0.00714	0.00882	0.00721	0.01169
26	0.02917	0.02118	0.02278	0.01757	0.02371	0.02324	0.01448	0.59304	0.03581	0.06692	0.02273	0.02239	0.04930	0.01010	0.00801	0.00240	0.00841	0.00769	0.00796	0.01312
27	0.00978	0.00699	0.00931	0.01096	0.01153	0.00652	0.00737	0.01135	0.01574	0.02114	0.09197	0.66533	0.05418	0.02418	0.01006	0.00316	0.00453	0.02191	0.00747	0.00652
28	0.02967	0.03639	0.02259	0.02023	0.02452	0.62966	0.01530	0.08689	0.02380	0.02216	0.01287	0.01473	0.01051	0.00829	0.00722	0.00207	0.01380	0.00529	0.00443	0.00958
29	0.00972	0.00695	0.00925	0.01100	0.01151	0.00648	0.00737	0.01119	0.01545	0.02067	0.06690	0.69172	0.05328	0.02452	0.01009	0.00319	0.00457	0.02224	0.00741	0.00648
30	0.01731	0.01739	0.02524	0.04990	0.02312	0.02383	0.04448	0.01941	0.01258	0.01941	0.01081	0.01768	0.01049	0.01332	0.02455	0.00340	0.64779	0.00705	0.00350	0.00877
31	0.01478	0.00739	0.00739	0.00739	0.00924	0.00739	0.00554	0.01848	0.01663	0.02956	0.02587	0.02956	0.02033	0.00924	0.00554	0.00185	0.00370	0.00739	0.76534	0.00739
32	0.02962	0.03779	0.02247	0.02043	0.02451	0.68948	0.01532	0.03166	0.02247	0.01941	0.01226	0.01430	0.01021	0.00817	0.00715	0.00204	0.01430	0.00511	0.00409	0.00919
33	0.06114	0.01653	0.02325	0.33279	0.03615	0.04673	0.01890	0.02036	0.01433	0.02060	0.01221	0.01871	0.01037	0.01055	0.01575	0.00298	0.31955	0.00676	0.00360	0.00875
34	0.00951	0.00776	0.00842	0.00885	0.01095	0.00666	0.00641	0.01143	0.01752	0.02152	0.09323	0.23433	0.49362	0.02112	0.00956	0.00281	0.00415	0.01809	0.00741	0.00666
35	0.02096	0.01654	0.01873	0.04028	0.02155	0.01648	0.01203	0.24795	0.09624	0.03517	0.05792	0.06776	0.02009	0.00967	0.00743	0.00205	0.00692	0.00789	0.00661	0.28773
36	0.01789	0.01678	0.02799	0.34894	0.36197	0.01850	0.02291	0.04663	0.01779	0.02424	0.01470	0.02030	0.01168	0.00756	0.00789	0.00249	0.00992	0.00706	0.00390	0.01087
37	0.00951	0.00804	0.00823	0.00818	0.01080	0.00675	0.00613	0.01165	0.01840	0.02220	0.12430	0.07504	0.62418	0.01979	0.00937	0.00266	0.00400	0.01656	0.00747	0.00675
38	0.01606	0.04009	0.65309	0.02369	0.06102	0.01843	0.02909	0.02508	0.01680	0.02515	0.01426	0.01686	0.01015	0.00751	0.00755	0.00250	0.01162	0.00591	0.00337	0.01175
39	0.77733	0.01534	0.01166	0.01043	0.01534	0.01779	0.00859	0.02331	0.01350	0.03558	0.01104	0.01288	0.00859	0.00736	0.00491	0.00245	0.00613	0.00429	0.00491	0.00859
40	0.00966	0.00690	0.00920	0.01104	0.01150	0.00644	0.00736	0.01104	0.01518	0.02024	0.04371	0.71614	0.05245	0.02484	0.01012	0.00322	0.00460	0.02254	0.00736	0.00644
41	0.02174	0.01707	0.01839	0.01606	0.02071	0.01926	0.01260	0.13726	0.48318	0.07261	0.03075	0.06784	0.02386	0.01133	0.00816	0.00266	0.00660	0.00941	0.00811	0.01240
42	0.02516	0.02206	0.05688	0.01763	0.02322	0.07256	0.01470	0.35573	0.21077	0.03976	0.02347	0.06213	0.01838	0.01055	0.00802	0.00250	0.00837	0.00833	0.00740	0.01239
43	0.03397	0.01365	0.01826	0.01410	0.02001	0.01210	0.01160	0.06869	0.02344	0.60983	0.06527	0.02833	0.02231	0.01015	0.00805	0.00245	0.00669	0.00828	0.00966	0.01317
44	0.01382	0.00691	0.01020	0.01020	0.01028	0.00691	0.00683	0.01068	0.01060	0.01445	0.01429	0.02434	0.01406	0.02676	0.02990	0.73625	0.00675	0.00691	0.03624	0.00361
45	0.01779	0.01834	0.02605	0.02175	0.02294	0.05732	0.08726	0.02016	0.01345	0.01977	0.01177	0.01845	0.01113	0.01544	0.06196	0.00385	0.55292	0.00721	0.00361	0.00884
46	0.00957	0.00725	0.00884	0.01010	0.01125	0.00652	0.00694	0.01115	0.01609	0.02061	0.05515	0.51626	0.24494	0.02336	0.00989	0.00305	0.00442	0.02073	0.00736	0.00652
47	0.01517	0.01436	0.02383	0.64719	0.05189	0.01816	0.02164	0.02017	0.01556	0.02017	0.01380	0.02084	0.01056	0.00841	0.00939	0.00271	0.06683	0.00704	0.00352	0.00880
48	0.01713	0.01715	0.02514	0.02121	0.02180	0.02327	0.05728	0.01924	0.01260	0.01946	0.01133	0.01832	0.01100	0.01577	0.05923	0.00390	0.62671	0.00718	0.00354	0.00872
49	0.00966	0.00690	0.00920	0.01104	0.01150	0.00644	0.00736	0.01104	0.01518	0.02024	0.04371	0.71614	0.05245	0.02484	0.01012	0.00322	0.00460	0.02254	0.00736	0.00644
50	0.02164	0.69054	0.04057	0.01392	0.02057	0.06536	0.01366	0.02415	0.01644	0.01870	0.01109	0.01280	0.01018	0.00686	0.00519	0.00171	0.00878	0.00428	0.00343	0.01013
51	0.00966	0.00690	0.00920	0.01104	0.01150	0.00644	0.00736	0.01104	0.01518	0.02024	0.04371	0.71614	0.05245	0.02484	0.01012	0.00322	0.00460	0.02254	0.00736	0.00644
52	0.03014	0.02221	0.02380	0.01825	0.02459	0.02459	0.01507	0.64541	0.03728	0.04998	0.01904	0.01904	0.01349	0.00952	0.00793	0.00238	0.00873	0.00714	0.00793	0.01349
53	0.03014	0.02221	0.02380	0.01825	0.02459	0.02459	0.01507	0.64541	0.03728	0.04998	0.01904	0.01904	0.01349	0.00952	0.00793	0.00238	0.00873	0.00714	0.00793	0.01349
54	0.02962	0.03779	0.02247	0.02043	0.02451	0.68948	0.01532	0.03166	0.02247	0.01941	0.01226	0.01430	0.01021	0.00817	0.00715	0.00204	0.01430	0.00511	0.00409	0.00919
55	0.01656	0.01443	0.02218	0.21335	0.09390	0.01729	0.05671	0.03796	0.01594	0.02368	0.01636	0.02220	0.01343	0.01169	0.03902	0.00305	0.19357	0.00731	0.17235	0.00902
56	0.00937	0.00803	0.00803	0.00803	0.01071	0.00669	0.00602	0.01138	0.01807	0.02142	0.08033	0.07632	0.66863	0.02008	0.00937	0.00268	0.00402	0.01674	0.00736	0.00669
57	0.02682	0.01974	0.02104	0.01669	0.02224	0.02190	0.01361	0.48301	0.12837	0.04512	0.02181	0.02183	0.01588	0.00967	0.00768	0.00237	0.00778	0.00744	0.09435	0.01265
58	0.01722	0.01640	0.02816	0.30470	0.27542	0.01822	0.08099	0.02206	0.01670	0.02329	0.01499	0.02081	0.01200	0.00802	0.00928	0.00256	0.06339	0.00729	0.04822	0.01028
59	0.00944	0.00804	0.00813	0.00811	0.01075	0.00672	0.00608	0.01152	0.01824	0.02182	0.10277	0.07566	0.64594	0.01994	0.00937	0.00267	0.00401	0.01664	0.00742	0.00672
60	0.01670	0.03824	0.57568	0.02285	0.03350	0.05463	0.06739	0.02512	0.01724	0.02476	0.01540	0.01995	0.01167	0.00812	0.00777	0.00254	0.01178	0.03170	0.00360	0.01133
61	0.77733	0.01534	0.01166	0.01043	0.01534	0.01779	0.00859	0.02331	0.01350	0.03558	0.01104	0.01288	0.00859	0.00736	0.00491	0.00245	0.00613	0.00429	0.00491	0.00859
62	0.00966	0.00690	0.00920	0.01104	0.01150	0.00644	0.00736	0.01104	0.01518	0.02024	0.04371	0.71614	0.05245	0.02484	0.01012	0.00322	0.00460	0.02254	0.00736	0.00644
63	0.21428	0.06155	0.05806	0.01510	0.02078	0.06979	0.01304	0.26089	0.02479	0.08594	0.04259	0.01950	0.01493	0.00887	0.00683	0.00232	0.00799	0.00639	0.05533	0.01102
64	0.03010	0.02218	0.02307	0.01796	0.02409	0.05957	0.01472	0.54087	0.06100	0.09541	0.02015	0.01982	0.01422	0.00952	0.00790	0.00238	0.00878	0.00717	0.00787	0.01321
65	0.00966	0.00690	0.00920	0.01104	0.01150	0.00644	0.00736	0.01104	0.01518	0.02024	0.04371	0.71614	0.05245	0.02484	0.01012	0.00322	0.00460	0.02254	0.00736	0.00644
66	0.02296	0.01840	0.02054	0.01725	0.02241	0.02069	0.03676	0.19670	0.45016	0.06133	0.02822	0.02647	0.02082	0.01025	0.00808	0.00260	0.00719	0.00847	0.00795	0.01276
67	0.02971	0.02218	0.02467	0.01882	0.02523	0.02442	0.03897	0.62181	0.03658	0.04904	0.01892	0.01913	0.01343	0.00941	0.00799	0.00239	0.00890	0.00722	0.00778	0.01338
68	0.00966	0.00690	0.00920	0.01104	0.01150	0.00644	0.00736	0.01104	0.01518	0.02024	0.04371	0.71614	0.05245	0.02484	0.01012	0.00322	0.00460	0.02254	0.00736	0.00644
69	0.01557	0.01493	0.02602	0.55419	0.04932	0.01792	0.09743	0.02076	0.01602	0.02118	0.01456	0.02127	0.01111	0.00817	0.00907	0.00266	0.05117	0.00734	0.03235	0.00898
70	0.02040	0.01737	0.01831	0.01627	0.02088	0.02004	0.01271	0.08101	0.61756	0.03425	0.03142	0.02891	0.02352	0.01068	0.00806	0.00267	0.00643	0.00885	0.00806	0.01261
71	0.00966	0.00690	0.00920	0.01104	0.01150	0.00644	0.00736	0.01104	0.01518	0.02024	0.04371	0.71614	0.05245	0.02484	0.01012	0.00322	0.00460	0.02254	0.00736	0.00644
72	0.02962	0.03779	0.02247	0.02043	0.02451	0.68948	0.01532	0.03166	0.02247	0.01941	0.01226	0.01430	0.01021	0.00817	0.00715	0.00204	0.01430	0.00511	0.00409	0.00919
73	0.00966	0.00690	0.00920	0.01104	0.01150	0.00644	0.00736	0.01104	0.01518	0.02024	0.04371	0.71614	0.05245	0.02484	0.01012	0.00322	0.00460	0.02254	0.00736	0.00644
74	0.03014	0.02221	0.02380	0.01825	0.02459	0.02459	0.01507	0.64541	0.03728	0.04998	0.01904	0.01904	0.01349	0.00952	0.00793	0.00238	0.00873	0.00714	0.00793	0.01349
75	0.01726	0.00978	0.01003	0.00914	0.01171	0.01016	0.00708	0.11943	0.01996	0.03285	0.02477	0.02787	0.01922	0.00928	0.00593	0.00193	0.00451	0.00735	0.64338	0.00837
76	0.02962	0.03779	0.02247	0.02043	0.02451	0.68948	0.01532	0.03166	0.02247	0.01941	0.01226	0.01430	0.01021	0.00817	0.00715	0.00204	0.01430	0.00511	0.00409	0.00919
77	0.01217	0.00878	0.01102	0.01175	0.01304	0.00863	0.00826	0.08403	0.01849	0.02489	0.10795	0.56579	0.05040	0.02216	0.00979	0.00305	0.00498	0.01990	0.00757	0.00736
78	0.00937	0.00803	0.00803	0.00803	0.01071	0.00669	0.00602	0.01138	0.01807	0.02142	0.08033	0.07632	0.66863	0.02008	0.00937	0.00268	0.00402	0.01674	0.00736	0.00669
79	0.02107	0.04878	0.01969	0.01628	0.02110	0.02083	0.01291	0.11545	0.55318	0.03460	0.02972	0.02755	0.02227	0.01043	0.00792	0.00261	0.00667	0.00853	0.00785	0.01256
80	0.01933	0.01854	0.03165	0.09079	0.63208	0.01876	0.02419	0.02407	0.01791	0.02554	0.01486	0.01972	0.01243	0.00712	0.00786	0.00237	0.00949	0.00706	0.00390	0.01232
81	0.01122	0.00811	0.01060	0.00998	0.01185	0.00748	0.00748	0.01496	0.02245	0.03180	0.66766	0.05923	0.07482	0.01621	0.00935	0.00249	0.00374	0.01434	0.00873	0.00748
82	0.01590	0.04102	0.68023	0.02260	0.03432	0.01842	0.02930	0.02511	0.01674	0.02511	0.01423	0.01674	0.01005	0.00753	0.00753	0.00251	0.01172	0.00586	0.00335	0.01172
83	0.75192	0.01527	0.01189	0.01055	0.01550	0.01758	0.00869	0.02384	0.01381	0.05756	0.01173	0.01337	0.00897	0.00745	0.00501	0.00245	0.00616	0.00442	0.00508	0.00876
84	0.00966	0.00690	0.00920	0.01104	0.01150	0.00644	0.00736	0.01104	0.01518	0.02024	0.04371	0.71614	0.05245	0.02484	0.01012	0.00322	0.00460	0.02254	0.00736	0.00644
85	0.02743	0.09872	0.02590	0.02066	0.02501	0.54708	0.05573	0.02980	0.02104	0.01971	0.01228	0.01479	0.01034	0.00828	0.00821	0.00214	0.05416	0.00541	0.00398	0.00935
86	0.69128	0.01448	0.01135	0.01023	0.01479	0.01662	0.00835	0.02257	0.01416	0.03502	0.04762	0.01637	0.01287	0.00795	0.00519	0.00242	0.00586	0.00502	0.04937	0.00846
87	0.00966	0.00690	0.00920	0.01104	0.01150	0.00644	0.00736	0.01104	0.01518	0.02024	0.04371	0.71614	0.05245	0.02484	0.01012	0.00322	0.00460	0.02254	0.00736	0.00644
88	0.01209	0.00911	0.01129	0.01057	0.01278	0.00883	0.00798	0.01785	0.09415	0.03139	0.56374	0.05680	0.10139	0.01580	0.00921	0.00253	0.00404	0.01386	0.00858	0.00801
89	0.02965	0.03688	0.02255	0.02030	0.02452	0.65064	0.01531	0.06752	0.02334	0.02119	0.01265	0.01458	0.01041	0.00825	0.00720	0.00206	0.01397	0.00523	0.00431	0.00944
90	0.00972	0.00695	0.00925	0.01100	0.01151	0.00648	0.00737	0.01119	0.01546	0.02068	0.06749	0.69110	0.05330	0.02451	0.01009	0.00319	0.00457	0.02223	0.00741	0.00648
91	0.01822	0.01565	0.01777	0.01792	0.08229	0.01732	0.01261	0.05949	0.44364	0.03151	0.07738	0.03631	0.11164	0.01194	0.00830	0.00263	0.00622	0.01009	0.00761	0.01149
92	0.01652	0.01534	0.02537	0.54919	0.16951	0.01815	0.02215	0.04846	0.01721	0.02263	0.01447	0.02076	0.01107	0.00784	0.00791	0.00258	0.01027	0.00705	0.00379	0.00972
93	0.00972	0.00695	0.00925	0.01100	0.01151	0.00648	0.00737	0.01119	0.01546	0.02068	0.06755	0.69104	0.05330	0.02451	0.01009	0.00319	0.00457	0.02223	0.00741	0.00648
94	0.02908	0.08215	0.02370	0.01999	0.02425	0.64707	0.01521	0.03115	0.02206	0.01936	0.01218	0.01420	0.01021	0.00808	0.00702	0.00202	0.01393	0.00505	0.00404	0.00926
95	0.00966	0.00690	0.00920	0.01104	0.01150	0.00644	0.00736	0.01104	0.01518	0.02024	0.04371	0.71614	0.05245	0.02484	0.01012	0.00322	0.00460	0.02254	0.00736	0.00644
96	0.03117	0.02057	0.02278	0.01746	0.02377	0.02215	0.01443	0.53081	0.03453	0.16847	0.02135	0.02054	0.01465	0.00958	0.00794	0.00239	0.00835	0.00730	0.00829	0.01349
97	0.01177	0.00882	0.01296	0.01282	0.01419	0.01040	0.01001	0.01460	0.01292	0.01901	0.02101	0.03048	0.01945	0.05492	0.62597	0.01178	0.04984	0.00837	0.04352	0.00716
98	0.02962	0.03779	0.02247	0.02043	0.02451	0.68948	0.01532	0.03166	0.02247	0.01941	0.01226	0.01430	0.01021	0.00817	0.00715	0.00204	0.01430	0.00511	0.00409	0.00919
99	0.01851	0.02099	0.04554	0.06980	0.04216	0.01992	0.60927	0.02512	0.01856	0.02512	0.01594	0.02138	0.01195	0.00675	0.00928	0.00267	0.01322	0.00923	0.00398	0.01059
100	0.00937	0.00803	0.00803	0.00803	0.01071	0.00669	0.00602	0.01138	0.01807	0.02142	0.08033	0.07632	0.66863	0.02008	0.00937	0.00268	0.00402	0.01674	0.00736	0.00669
101	0.07710	0.03171	0.02121	0.01866	0.02311	0.48179	0.01431	0.14793	0.02441	0.02686	0.01422	0.01595	0.01129	0.00844	0.00707	0.00212	0.01213	0.00557	0.04628	0.00988
102	0.02472	0.40416	0.03311	0.01788	0.04941	0.29030	0.01476	0.04522	0.01933	0.02018	0.01191	0.01382	0.01039	0.00742	0.00610	0.00188	0.01082	0.00479	0.00382	0.00999
103	0.00971	0.00699	0.00921	0.01088	0.01148	0.00649	0.00731	0.01121	0.01558	0.02074	0.06950	0.66414	0.07878	0.02431	0.01006	0.00317	0.00454	0.02198	0.00741	0.00649
104	0.02075	0.01755	0.01851	0.01635	0.02101	0.02020	0.01280	0.10167	0.59631	0.03483	0.03097	0.02854	0.02315	0.01064	0.00806	0.00266	0.00652	0.00879	0.00806	0.01264
105	0.77733	0.01534	0.01166	0.01043	0.01534	0.01779	0.00859	0.02331	0.01350	0.03558	0.01104	0.01288	0.00859	0.00736	0.00491	0.00245	0.00613	0.00429	0.00491	0.00859
106	0.00984	0.00698	0.00915	0.01081	0.01122	0.00656	0.00711	0.01109	0.01483	0.01977	0.04188	0.65128	0.05014	0.09285	0.01307	0.00366	0.00490	0.02147	0.00711	0.00628
107	0.00966	0.00690	0.00920	0.01104	0.01150	0.00644	0.00736	0.01104	0.01518	0.02024	0.04371	0.71614	0.05245	0.02484	0.01012	0.00322	0.00460	0.02254	0.00736	0.00644
108	0.01259	0.01036	0.01517	0.01444	0.01556	0.01294	0.01148	0.01520	0.01262	0.01855	0.01896	0.02825	0.01784	0.04988	0.55024	0.01079	0.16546	0.00817	0.00408	0.00742
109	0.00966	0.00690	0.00920	0.01104	0.01150	0.00644	0.00736	0.01104	0.01518	0.02024	0.04371	0.71614	0.05245	0.02484	0.01012	0.00322	0.00460	0.02254	0.00736	0.00644
110	0.01783	0.01815	0.02422	0.02080	0.02096	0.05038	0.01727	0.01958	0.01255	0.01910	0.01048	0.01723	0.01040	0.01366	0.02528	0.00341	0.67963	0.00687	0.00349	0.00869
111	0.71512	0.04314	0.01312	0.01071	0.01575	0.01805	0.00892	0.02400	0.01400	0.06307	0.01193	0.01349	0.00913	0.00745	0.00505	0.00242	0.00625	0.00445	0.00506	0.00887
112	0.02310	0.01881	0.04372	0.04468	0.02297	0.05755	0.01368	0.08919	0.39723	0.12980	0.02771	0.02608	0.02022	0.00993	0.00788	0.00252	0.00739	0.00808	0.00759	0.04186
113	0.10072	0.06524	0.46329	0.02293	0.05700	0.04420	0.08905	0.02510	0.01683	0.02583	0.01388	0.01664	0.01020	0.00740	0.00732	0.00246	0.01114	0.00600	0.00364	0.01114
114	0.01169	0.00898	0.01324	0.01303	0.01431	0.01065	0.01012	0.01433	0.01266	0.01831	0.02077	0.03126	0.01967	0.08586	0.62276	0.01198	0.06054	0.00854	0.00423	0.00707
115	0.01958	0.01898	0.03298	0.04784	0.63756	0.01891	0.05799	0.02439	0.01809	0.02588	0.01498	0.01972	0.01253	0.00704	0.00793	0.00237	0.00964	0.00719	0.00393	0.01246
116	0.00966	0.00690	0.00920	0.01104	0.01150	0.00644	0.00736	0.01104	0.01518	0.02024	0.04371	0.71614	0.05245	0.02484	0.01012	0.00322	0.00460	0.02254	0.00736	0.00644
117	0.01940	0.01895	0.03069	0.13454	0.56453	0.04477	0.02368	0.02408	0.01794	0.02490	0.01470	0.01962	0.01220	0.00722	0.00783	0.00238	0.00976	0.00699	0.00388	0.01193
118	0.01690	0.01668	0.02342	0.02021	0.02032	0.02321	0.01679	0.01871	0.01219	0.01903	0.01122	0.01839	0.01112	0.01731	0.07592	0.00417	0.65528	0.00706	0.00353	0.00855
119	0.00965	0.00695	0.00915	0.01092	0.01147	0.00645	0.00731	0.01106	0.01530	0.02029	0.04522	0.68970	0.07791	0.02465	0.01009	0.00320	0.00458	0.02230	0.00736	0.00645
120	0.02429	0.02123	0.02872	0.06602	0.02974	0.06085	0.16859	0.33440	0.02720	0.03613	0.01708	0.02005	0.01289	0.01189	0.04943	0.00314	0.06329	0.00762	0.00592	0.01152
121	0.00965	0.00694	0.00916	0.01093	0.01147	0.00645	0.00731	0.01105	0.01529	0.02029	0.04510	0.69179	0.07590	0.02466	0.01009	0.00320	0.00458	0.02232	0.00736	0.00645
122	0.01757	0.01801	0.02798	0.02289	0.02421	0.02359	0.12007	0.02012	0.01322	0.02012	0.01133	0.01801	0.01068	0.01270	0.02329	0.00334	0.59296	0.00734	0.00356	0.00901
123	0.29336	0.01858	0.01834	0.01469	0.02026	0.02068	0.01209	0.36545	0.02711	0.06811	0.01709	0.01779	0.01239	0.00875	0.00673	0.00238	0.00744	0.00618	0.05118	0.01140
124	0.02962	0.03779	0.02247	0.02043	0.02451	0.68948	0.01532	0.03166	0.02247	0.01941	0.01226	0.01430	0.01021	0.00817	0.00715	0.00204	0.01430	0.00511	0.00409	0.00919
125	0.01731	0.01707	0.02384	0.22815	0.03213	0.07449	0.07773	0.04389	0.01616	0.02172	0.01628	0.07696	0.01489	0.01314	0.03923	0.00324	0.23329	0.00842	0.03322	0.00885
126	0.00999	0.00726	0.00942	0.01056	0.01151	0.00670	0.00728	0.01195	0.01705	0.02294	0.18705	0.51594	0.10798	0.02251	0.00989	0.00301	0.00436	0.02022	0.00767	0.00670
127	0.02190	0.59870	0.03731	0.01391	0.02022	0.06799	0.01330	0.06396	0.01788	0.02135	0.01248	0.01420	0.01098	0.00718	0.00542	0.00177	0.00856	0.00466	0.04807	0.01017
128	0.02895	0.02465	0.02288	0.04001	0.02493	0.16342	0.01497	0.47197	0.03268	0.04181	0.01772	0.01852	0.01297	0.00917	0.00767	0.00230	0.00976	0.00672	0.03670	0.01220
129	0.01138	0.00907	0.01011	0.01021	0.01286	0.00827	0.00817	0.04720	0.01933	0.02392	0.09039	0.07565	0.46324	0.01979	0.00967	0.00288	0.00504	0.15817	0.00743	0.00724
130	0.02547	0.38013	0.03218	0.01673	0.02244	0.27864	0.01441	0.10311	0.02111	0.02279	0.01247	0.01409	0.01060	0.00764	0.00622	0.00191	0.01070	0.00492	0.00421	0.01021
131	0.01774	0.01851	0.03076	0.02444	0.02675	0.02307	0.19736	0.02090	0.01404	0.02090	0.01203	0.01851	0.01088	0.01181	0.02123	0.00324	0.50731	0.00764	0.00363	0.00926
132	0.00985	0.00705	0.00937	0.01091	0.01154	0.00657	0.00738	0.01152	0.01607	0.02166	0.12022	0.63558	0.05519	0.02379	0.01003	0.00313	0.00450	0.02154	0.00753	0.00657
133	0.00966	0.00690	0.00920	0.01104	0.01150	0.00644	0.00736	0.01104	0.01518	0.02024	0.04371	0.71614	0.05245	0.02484	0.01012	0.00322	0.00460	0.02254	0.00736	0.00644
134	0.01872	0.02139	0.04679	0.03342	0.04144	0.02005	0.64305	0.02540	0.01872	0.02540	0.01604	0.02139	0.01203	0.00668	0.00936	0.00267	0.01337	0.00936	0.00401	0.01070
135	0.01478	0.00739	0.00739	0.00739	0.00924	0.00739	0.00554	0.01848	0.01663	0.02956	0.02587	0.02956	0.02033	0.00924	0.00554	0.00185	0.00370	0.00739	0.76534	0.00739
136	0.01102	0.00787	0.01076	0.01259	0.01365	0.00761	0.00972	0.01339	0.01652	0.02176	0.04296	0.44327	0.04948	0.02356	0.01048	0.00341	0.00578	0.28202	0.00734	0.00682
137	0.01072	0.00798	0.01077	0.05113	0.01443	0.00758	0.00834	0.01313	0.01747	0.02396	0.22906	0.44838	0.05507	0.02047	0.00959	0.00288	0.00474	0.01843	0.00744	0.03844
138	0.77733	0.01534	0.01166	0.01043	0.01534	0.01779	0.00859	0.02331	0.01350	0.03558	0.01104	0.01288	0.00859	0.00736	0.00491	0.00245	0.00613	0.00429	0.00491	0.00859
139	0.00965	0.00694	0.00916	0.01094	0.01147	0.00645	0.00732	0.01105	0.01528	0.02028	0.04496	0.69422	0.07355	0.02468	0.01010	0.00320	0.00458	0.02234	0.00736	0.00645
140	0.01816	0.02091	0.06509	0.05567	0.03784	0.01978	0.48349	0.02412	0.01763	0.02449	0.01513	0.02042	0.01170	0.00754	0.01093	0.00266	0.09259	0.00856	0.00395	0.05934
141	0.25786	0.02609	0.01959	0.01670	0.02174	0.27747	0.01319	0.22030	0.02435	0.03386	0.01400	0.01534	0.01074	0.00834	0.00671	0.00227	0.01007	0.00549	0.00553	0.01035
142	0.00971	0.00694	0.00925	0.01101	0.01151	0.00647	0.00736	0.01117	0.01541	0.02061	0.06353	0.69526	0.05316	0.02457	0.01010	0.00320	0.00457	0.02228	0.00740	0.00647
143	0.01758	0.01589	0.02486	0.48254	0.15356	0.01866	0.02115	0.08591	0.05575	0.02499	0.01579	0.02116	0.01200	0.00811	0.00792	0.00257	0.00994	0.00717	0.00431	0.01014
144	0.02159	0.25674	0.25591	0.01823	0.02619	0.08354	0.01933	0.15190	0.02111	0.02736	0.01427	0.01624	0.01117	0.00970	0.03231	0.00256	0.01065	0.00563	0.00440	0.01118
145	0.01091	0.00802	0.01025	0.01003	0.01185	0.00735	0.00750	0.01422	0.02107	0.02916	0.51467	0.12563	0.14140	0.01771	0.00949	0.00263	0.00399	0.03844	0.00838	0.00728
146	0.02037	0.01631	0.01742	0.01545	0.01998	0.01837	0.01208	0.06591	0.53810	0.07447	0.03549	0.03271	0.07514	0.01139	0.00816	0.00266	0.00623	0.00944	0.00812	0.01218
147	0.01003	0.00706	0.00909	0.01056	0.01093	0.00669	0.00685	0.01114	0.01445	0.01927	0.03997	0.58354	0.04773	0.16387	0.01616	0.00411	0.00522	0.02035	0.00685	0.00611
148	0.02699	0.02274	0.02329	0.07588	0.05985	0.11623	0.01582	0.41854	0.06524	0.03986	0.01827	0.01962	0.01357	0.01108	0.03436	0.00277	0.01005	0.00699	0.00669	0.01215
149	0.01847	0.01822	0.09185	0.05178	0.10331	0.01542	0.24568	0.02366	0.01856	0.10223	0.04802	0.09855	0.02349	0.01137	0.00908	0.00277	0.00985	0.09186	0.00555	0.01028
150	0.01985	0.59928	0.10033	0.01436	0.02116	0.02831	0.01476	0.02306	0.01589	0.01925	0.01220	0.01468	0.01099	0.01134	0.06366	0.00272	0.00988	0.00476	0.00346	0.01006

[dist]
# distance from previous block
# <min> <max>
0	3

[block]
# block no. 1 follows, 24 sequences, length 35
# corresponding to MSA columns:
# 190-224
name=unknown_B
#
# <colnr> <probs for GDERKNQSTAVLIFYWHMCP>
#	G	D	E	R	K	N	Q	S	T	A	V	L	I	F	Y	W	H	M	C	P
0	0.66847	0.07917	0.01472	0.01091	0.01606	0.01867	0.00920	0.02419	0.01424	0.06940	0.01215	0.01364	0.00934	0.00744	0.00509	0.00239	0.00638	0.00449	0.00504	0.00900
1	0.15036	0.01609	0.02044	0.10230	0.10055	0.01698	0.01453	0.13654	0.02147	0.21148	0.04142	0.02169	0.01575	0.00901	0.00831	0.00244	0.04392	0.00698	0.00656	0.05319
2	0.11740	0.41778	0.07348	0.04896	0.02447	0.02572	0.07569	0.05679	0.01751	0.05852	0.01335	0.01532	0.01084	0.00725	0.00607	0.00206	0.00887	0.00533	0.00422	0.01040
3	0.02962	0.03779	0.02247	0.02043	0.02451	0.68948	0.01532	0.03166	0.02247	0.01941	0.01226	0.01430	0.01021	0.00817	0.00715	0.00204	0.01430	0.00511	0.00409	0.00919
4	0.01701	0.01443	0.01675	0.01201	0.01903	0.01115	0.00963	0.04584	0.01731	0.02684	0.01430	0.01655	0.01182	0.00602	0.00596	0.00122	0.00599	0.00480	0.00483	0.73851
5	0.01098	0.00798	0.01037	0.01020	0.01191	0.00736	0.00759	0.01431	0.02109	0.02942	0.53109	0.15067	0.09942	0.01779	0.00952	0.00264	0.00400	0.03794	0.00842	0.00730
6	0.01478	0.00739	0.00739	0.00739	0.00924	0.00739	0.00554	0.01848	0.01663	0.02956	0.02587	0.02956	0.02033	0.00924	0.00554	0.00185	0.00370	0.00739	0.76534	0.00739
7	0.02110	0.08638	0.02282	0.14687	0.06554	0.01928	0.01525	0.21086	0.05345	0.06696	0.05676	0.06690	0.05153	0.01130	0.00900	0.00255	0.04515	0.03142	0.00624	0.01065
8	0.01959	0.01346	0.01603	0.03697	0.01874	0.01411	0.01133	0.22361	0.05486	0.08816	0.10031	0.26464	0.03615	0.01620	0.00902	0.00278	0.00648	0.04986	0.00781	0.00989
9	0.01800	0.01441	0.01715	0.01356	0.04544	0.01161	0.01028	0.05992	0.01824	0.06087	0.01929	0.02087	0.05159	0.00721	0.00640	0.00145	0.00613	0.00584	0.00529	0.60644
10	0.71668	0.03896	0.04494	0.01112	0.01641	0.01825	0.00975	0.02341	0.01373	0.03454	0.01120	0.01306	0.00871	0.00735	0.00504	0.00243	0.00648	0.00437	0.00478	0.00879
11	0.01133	0.00850	0.01274	0.01274	0.01416	0.00991	0.00991	0.01416	0.01274	0.01841	0.02124	0.03115	0.01982	0.05947	0.68989	0.01274	0.02124	0.00850	0.00425	0.00708
12	0.01471	0.01253	0.02086	0.55169	0.04498	0.01528	0.01873	0.01810	0.01465	0.01885	0.01402	0.02179	0.01127	0.01220	0.01295	0.16947	0.00977	0.00701	0.00351	0.00764
13	0.01715	0.20210	0.53006	0.02048	0.03104	0.02146	0.02560	0.02479	0.01659	0.02359	0.01348	0.01580	0.01008	0.00736	0.00696	0.00232	0.01096	0.00548	0.00336	0.01136
14	0.01166	0.00927	0.01077	0.01117	0.01361	0.00886	0.00892	0.01645	0.08670	0.02414	0.10908	0.10649	0.33463	0.01956	0.00974	0.00298	0.00525	0.19563	0.00753	0.00755
15	0.01189	0.00832	0.01042	0.00976	0.01198	0.00750	0.00737	0.01525	0.02158	0.05717	0.52317	0.06128	0.19122	0.01671	0.00930	0.00253	0.00392	0.01455	0.00850	0.00758
16	0.01090	0.00782	0.01046	0.01214	0.01317	0.00751	0.00921	0.01309	0.01627	0.02136	0.04368	0.42481	0.07397	0.05640	0.01183	0.00357	0.00573	0.24417	0.00722	0.00670
17	0.01795	0.02674	0.21952	0.03047	0.03950	0.01961	0.47569	0.02532	0.01818	0.02532	0.01555	0.02012	0.01149	0.00692	0.00886	0.00263	0.01292	0.00840	0.00383	0.01097
18	0.02804	0.02067	0.02217	0.01716	0.02319	0.02260	0.01409	0.54815	0.06224	0.04673	0.01977	0.01999	0.01427	0.00936	0.00769	0.00230	0.00817	0.00711	0.05308	0.05323
19	0.00966	0.00690	0.00920	0.01104	0.01150	0.00644	0.00736	0.01104	0.01518	0.02024	0.04371	0.71614	0.05245	0.02484	0.01012	0.00322	0.00460	0.02254	0.00736	0.00644
20	0.01694	0.01571	0.02257	0.01648	0.02297	0.01364	0.12141	0.02083	0.01640	0.02507	0.01406	0.01740	0.01166	0.00683	0.00855	0.00167	0.07892	0.00575	0.00445	0.55869
21	0.01872	0.02139	0.04679	0.03342	0.04144	0.02005	0.64305	0.02540	0.01872	0.02540	0.01604	0.02139	0.01203	0.00668	0.00936	0.00267	0.01337	0.00936	0.00401	0.01070
22	0.01014	0.00800	0.00918	0.00928	0.01145	0.00704	0.00697	0.01269	0.01909	0.02451	0.24817	0.13533	0.39658	0.01951	0.00953	0.00273	0.00418	0.05090	0.00776	0.00694
23	0.02473	0.01849	0.02009	0.01619	0.02111	0.02044	0.01295	0.42774	0.11909	0.04141	0.05860	0.02689	0.02042	0.08853	0.04366	0.00349	0.00858	0.00834	0.00749	0.01178
24	0.01863	0.01220	0.01474	0.03623	0.01747	0.01236	0.01022	0.08218	0.14361	0.14077	0.30620	0.04469	0.10052	0.01354	0.00870	0.00254	0.00545	0.01155	0.00841	0.00998
25	0.00966	0.00690	0.00920	0.01104	0.01150	0.00644	0.00736	0.01104	0.01518	0.02024	0.04371	0.71614	0.05245	0.02484	0.01012	0.00322	0.00460	0.02254	0.00736	0.00644
26	0.02120	0.72609	0.04155	0.01357	0.02035	0.03138	0.01357	0.02374	0.01611	0.01866	0.01102	0.01272	0.01018	0.00678	0.00509	0.00170	0.00848	0.00424	0.00339	0.01018
27	0.65770	0.04135	0.01396	0.05968	0.01855	0.01797	0.00988	0.02389	0.01423	0.06659	0.01229	0.01418	0.00935	0.00751	0.00528	0.00244	0.00657	0.00467	0.00500	0.00891
28	0.01113	0.01156	0.09069	0.01222	0.01461	0.00839	0.01031	0.01443	0.01817	0.02522	0.26790	0.36201	0.05518	0.01947	0.00957	0.00289	0.00527	0.04613	0.00737	0.00750
29	0.02193	0.66670	0.03991	0.01416	0.02071	0.08816	0.01372	0.02443	0.01666	0.01872	0.01113	0.01286	0.01018	0.00690	0.00527	0.00173	0.00898	0.00431	0.00345	0.01009
30	0.01523	0.01452	0.02466	0.64522	0.05253	0.01802	0.04492	0.02040	0.01579	0.02040	0.01399	0.02097	0.01062	0.00816	0.00883	0.00268	0.04351	0.00713	0.00354	0.00887
31	0.01244	0.00981	0.01411	0.01526	0.05195	0.00989	0.04181	0.04694	0.01654	0.02229	0.03661	0.49641	0.04232	0.05975	0.01231	0.00338	0.03956	0.05447	0.00669	0.00745
32	0.57990	0.01501	0.01480	0.18959	0.02551	0.01774	0.01207	0.02252	0.01411	0.03161	0.01183	0.01502	0.00910	0.00751	0.00569	0.00250	0.00728	0.00501	0.00455	0.00865
33	0.02570	0.03270	0.06186	0.02269	0.05954	0.47069	0.04457	0.02844	0.01995	0.02029	0.01236	0.01556	0.01044	0.00900	0.01058	0.00236	0.13407	0.00576	0.00393	0.00949
34	0.01759	0.01368	0.01695	0.08474	0.02219	0.01165	0.01092	0.02207	0.05495	0.07515	0.01770	0.04739	0.01471	0.00820	0.00741	0.02780	0.00644	0.00626	0.00524	0.52897

[dist]
# distance from previous block
# <min> <max>
10	14

[block]
# block no. 2 follows, 24 sequences, length 18
# corresponding to MSA columns:
# 239-256
name=unknown_C
#
# <colnr> <probs for GDERKNQSTAVLIFYWHMCP>
#	G	D	E	R	K	N	Q	S	T	A	V	L	I	F	Y	W	H	M	C	P
0	0.01000	0.00714	0.00959	0.01143	0.01203	0.00673	0.00795	0.01162	0.01551	0.02062	0.04352	0.64835	0.05171	0.02453	0.01021	0.00327	0.00489	0.08701	0.00735	0.00653
1	0.01630	0.09271	0.63203	0.02192	0.03327	0.01939	0.02811	0.02501	0.01669	0.02463	0.01399	0.01644	0.01006	0.00748	0.00735	0.00245	0.01147	0.00574	0.00335	0.01160
2	0.02120	0.65023	0.08433	0.01448	0.02148	0.05833	0.01472	0.02417	0.01642	0.01913	0.01130	0.01306	0.01017	0.00689	0.00534	0.00177	0.00895	0.00439	0.00342	0.01024
3	0.01144	0.00804	0.01044	0.01044	0.01106	0.00866	0.00704	0.01268	0.01206	0.01670	0.02335	0.04282	0.02489	0.43168	0.32461	0.00990	0.01362	0.01020	0.00456	0.00580
4	0.01505	0.01006	0.01296	0.01284	0.03379	0.00976	0.00930	0.08421	0.02164	0.08103	0.32022	0.24651	0.05427	0.01747	0.00933	0.00273	0.00507	0.03720	0.00813	0.00845
5	0.01883	0.41936	0.32751	0.01761	0.02661	0.02557	0.02061	0.02436	0.01639	0.02155	0.01246	0.01452	0.01012	0.00712	0.00618	0.00206	0.00993	0.00497	0.00337	0.01087
6	0.01141	0.00821	0.01005	0.01034	0.01048	0.00861	0.00658	0.01197	0.01270	0.01716	0.02959	0.25311	0.03463	0.45189	0.02995	0.00598	0.06169	0.01455	0.00548	0.00561
7	0.00975	0.00694	0.00917	0.01092	0.01136	0.00650	0.00724	0.01107	0.01500	0.02000	0.04279	0.68360	0.05129	0.05896	0.01160	0.00344	0.00475	0.02200	0.00724	0.00636
8	0.00967	0.00727	0.00896	0.01017	0.01131	0.00657	0.00701	0.01135	0.01637	0.02121	0.08858	0.50633	0.22031	0.02307	0.00988	0.00303	0.00439	0.02051	0.00744	0.00657
9	0.02800	0.02049	0.02201	0.01695	0.02299	0.02228	0.01394	0.55345	0.03424	0.04672	0.01924	0.01969	0.01390	0.00925	0.00760	0.00226	0.00814	0.00699	0.06724	0.06462
10	0.02681	0.15265	0.02571	0.01673	0.02280	0.02420	0.01412	0.38026	0.14950	0.07694	0.02074	0.02030	0.01524	0.00926	0.00743	0.00231	0.00810	0.00699	0.00722	0.01269
11	0.02138	0.59305	0.03718	0.01379	0.02014	0.02875	0.01325	0.09029	0.01890	0.02309	0.06393	0.01709	0.01566	0.00783	0.00573	0.00183	0.00813	0.00535	0.00431	0.01032
12	0.02308	0.01864	0.01907	0.01642	0.02126	0.05808	0.01295	0.15342	0.43796	0.08131	0.05030	0.02756	0.02280	0.01050	0.00803	0.00257	0.00714	0.00852	0.00796	0.01243
13	0.02633	0.02168	0.02087	0.01678	0.02207	0.11171	0.01353	0.44340	0.03202	0.04129	0.07615	0.02778	0.08877	0.01101	0.00809	0.00238	0.00858	0.00847	0.00741	0.01169
14	0.06215	0.01573	0.01795	0.01555	0.01788	0.08418	0.01251	0.02235	0.01810	0.13170	0.19865	0.03246	0.05764	0.01317	0.01464	0.00280	0.25791	0.00924	0.00627	0.00910
15	0.05546	0.18798	0.02654	0.01778	0.02265	0.27644	0.01460	0.15481	0.06393	0.02699	0.01445	0.01610	0.01173	0.00875	0.00842	0.00221	0.07005	0.00570	0.00495	0.01045
16	0.07308	0.03133	0.43115	0.01939	0.02841	0.01780	0.02247	0.02879	0.14794	0.06435	0.04598	0.02144	0.01608	0.00867	0.00755	0.00254	0.00959	0.00685	0.00501	0.01158
17	0.01980	0.02292	0.21463	0.09350	0.07825	0.06743	0.01837	0.02555	0.04200	0.14696	0.07996	0.08495	0.04969	0.01088	0.00813	0.00254	0.00887	0.00914	0.00583	0.01061

[dist]
# distance from previous block
# <min> <max>
29	56

[block]
# block no. 3 follows, 24 sequences, length 27
# corresponding to MSA columns:
# 318-344
name=unknown_D
#
# <colnr> <probs for GDERKNQSTAVLIFYWHMCP>
#	G	D	E	R	K	N	Q	S	T	A	V	L	I	F	Y	W	H	M	C	P
0	0.09042	0.01746	0.10048	0.04316	0.02145	0.03660	0.01274	0.02442	0.01781	0.16007	0.04095	0.06440	0.01770	0.00886	0.00693	0.00202	0.00709	0.00714	0.03423	0.28606
1	0.02149	0.31223	0.02675	0.01429	0.01899	0.20531	0.01220	0.02419	0.01816	0.02188	0.04703	0.01887	0.01535	0.00826	0.00665	0.00189	0.03088	0.00566	0.14198	0.04797
2	0.15532	0.01471	0.01915	0.03689	0.04338	0.01364	0.07128	0.02180	0.01663	0.06823	0.04912	0.04555	0.01637	0.00815	0.00750	0.00196	0.03687	0.00669	0.00518	0.36158
3	0.06341	0.06902	0.05832	0.01311	0.01740	0.05799	0.01120	0.02028	0.06064	0.02549	0.15164	0.03609	0.14039	0.01375	0.03452	0.00267	0.06238	0.00932	0.00584	0.14654
4	0.02700	0.03255	0.02279	0.14384	0.02997	0.52703	0.01652	0.06717	0.02218	0.02143	0.01301	0.01583	0.01048	0.00821	0.00734	0.00217	0.01328	0.00558	0.00422	0.00939
5	0.01809	0.03546	0.51902	0.02108	0.03112	0.01878	0.02534	0.13662	0.02037	0.02931	0.01696	0.06121	0.01334	0.00898	0.00777	0.00253	0.01073	0.00714	0.00443	0.01171
6	0.01614	0.02374	0.23386	0.02177	0.02841	0.01699	0.17590	0.02517	0.13280	0.02537	0.02362	0.15925	0.02156	0.01167	0.00955	0.00277	0.04519	0.01067	0.00517	0.01041
7	0.15311	0.01432	0.02159	0.57690	0.04750	0.01765	0.01959	0.02081	0.01543	0.02304	0.01354	0.01965	0.01021	0.00783	0.00738	0.00261	0.00977	0.00655	0.00377	0.00877
8	0.01069	0.00897	0.00972	0.00914	0.01229	0.00736	0.00683	0.01289	0.01736	0.02205	0.06307	0.15737	0.46109	0.01819	0.00885	0.00248	0.00444	0.01539	0.00688	0.14493
9	0.15507	0.01661	0.02649	0.28907	0.26537	0.01829	0.07237	0.02269	0.01645	0.02547	0.01400	0.01913	0.01104	0.00742	0.00747	0.00251	0.00959	0.00675	0.00396	0.01026
10	0.01777	0.01688	0.02781	0.04131	0.55205	0.01664	0.02102	0.02199	0.01806	0.02509	0.02677	0.02990	0.13144	0.00942	0.00813	0.00241	0.00844	0.00882	0.00455	0.01150
11	0.01059	0.00699	0.00887	0.01038	0.01109	0.00661	0.00703	0.01239	0.01544	0.02193	0.04047	0.59173	0.04663	0.02202	0.00929	0.00297	0.00444	0.01980	0.14470	0.00661
12	0.01574	0.03614	0.56128	0.14575	0.03800	0.01827	0.02798	0.02423	0.01658	0.02423	0.01421	0.01754	0.01014	0.00761	0.00761	0.00254	0.01151	0.00607	0.00338	0.01119
13	0.01815	0.01892	0.02898	0.07663	0.02911	0.06199	0.19050	0.02189	0.01570	0.02218	0.01306	0.01842	0.01110	0.00959	0.01511	0.00268	0.28781	0.00710	0.00389	0.14719
14	0.01853	0.02103	0.04564	0.06687	0.04210	0.01993	0.61199	0.02514	0.01857	0.02514	0.01595	0.02138	0.01196	0.00675	0.00929	0.00267	0.01323	0.00924	0.00399	0.01060
15	0.01132	0.00817	0.01073	0.01026	0.01213	0.00758	0.00781	0.01505	0.02219	0.03131	0.62936	0.06108	0.07304	0.01656	0.00945	0.00256	0.00396	0.05133	0.00864	0.00747
16	0.03014	0.02221	0.02380	0.01825	0.02459	0.02459	0.01507	0.64541	0.03728	0.04998	0.01904	0.01904	0.01349	0.00952	0.00793	0.00238	0.00873	0.00714	0.00793	0.01349
17	0.01745	0.01903	0.03895	0.10248	0.03831	0.01916	0.45934	0.02304	0.01743	0.02377	0.01743	0.07596	0.01490	0.00902	0.01103	0.00280	0.08591	0.00990	0.00417	0.00994
18	0.00966	0.00690	0.00920	0.01104	0.01150	0.00644	0.00736	0.01104	0.01518	0.02024	0.04371	0.71614	0.05245	0.02484	0.01012	0.00322	0.00460	0.02254	0.00736	0.00644
19	0.01033	0.00788	0.00831	0.00831	0.00980	0.00713	0.00548	0.01145	0.01517	0.01874	0.05579	0.06548	0.38489	0.33107	0.02312	0.00490	0.00564	0.01443	0.00623	0.00586
20	0.01792	0.01979	0.05787	0.06270	0.06715	0.01854	0.38006	0.02343	0.01737	0.02457	0.01489	0.01982	0.01170	0.00740	0.01026	0.00246	0.08406	0.00791	0.00403	0.14806
21	0.07799	0.02280	0.15212	0.03272	0.22171	0.01836	0.25948	0.02397	0.01753	0.02598	0.01673	0.06311	0.01410	0.00815	0.00828	0.00257	0.01078	0.00848	0.00415	0.01099
22	0.02282	0.01522	0.01673	0.01414	0.01872	0.05512	0.01114	0.05408	0.22420	0.20867	0.17632	0.03340	0.03247	0.01118	0.00811	0.00241	0.00636	0.00930	0.00819	0.07143
23	0.01588	0.01361	0.01578	0.01145	0.01815	0.01026	0.00913	0.01929	0.01657	0.02549	0.01934	0.02119	0.06377	0.00700	0.00615	0.00129	0.00573	0.00565	0.00491	0.70935
24	0.05090	0.01800	0.06713	0.07019	0.02456	0.01690	0.01443	0.20539	0.08169	0.28458	0.06468	0.02537	0.02003	0.00983	0.00793	0.00248	0.00771	0.00789	0.00795	0.01238
25	0.22744	0.19235	0.04375	0.01562	0.04781	0.02211	0.01295	0.12799	0.13558	0.05250	0.03956	0.01930	0.01543	0.00856	0.00647	0.00230	0.00741	0.00621	0.00579	0.01087
26	0.05496	0.23190	0.14679	0.02039	0.09551	0.06437	0.01759	0.17961	0.02203	0.02966	0.01430	0.01612	0.01127	0.00769	0.00671	0.00211	0.00932	0.00565	0.00477	0.05926

[dist]
# distance from previous block
# <min> <max>
1	7

[block]
# block no. 4 follows, 24 sequences, length 23
# corresponding to MSA columns:
# 352-374
name=unknown_E
#
# <colnr> <probs for GDERKNQSTAVLIFYWHMCP>
#	G	D	E	R	K	N	Q	S	T	A	V	L	I	F	Y	W	H	M	C	P
0	0.02320	0.01713	0.02310	0.07673	0.08774	0.01876	0.03699	0.16741	0.05025	0.13923	0.01861	0.02098	0.01405	0.01145	0.03634	0.00290	0.14660	0.00716	0.00600	0.09536
1	0.02320	0.01730	0.01933	0.01563	0.02096	0.05073	0.03194	0.18901	0.15201	0.12097	0.05229	0.08093	0.02181	0.01049	0.00781	0.00228	0.00728	0.00870	0.00725	0.16006
2	0.10923	0.01205	0.01624	0.03344	0.01843	0.01112	0.07227	0.01864	0.01753	0.05324	0.17478	0.14561	0.03416	0.04410	0.00933	0.00252	0.00619	0.01089	0.00623	0.20400
3	0.01791	0.01336	0.01545	0.01306	0.01707	0.01351	0.01025	0.13304	0.15154	0.06066	0.31727	0.03947	0.04362	0.01237	0.00835	0.00234	0.00552	0.01051	0.00799	0.10672
4	0.01639	0.01495	0.04990	0.02306	0.19065	0.01433	0.01487	0.06632	0.13099	0.02900	0.15902	0.13664	0.03621	0.01375	0.00881	0.00270	0.00687	0.06866	0.00670	0.01016
5	0.03834	0.00987	0.01229	0.01166	0.01403	0.00966	0.00898	0.07705	0.02192	0.06373	0.37893	0.17015	0.05709	0.01705	0.00930	0.00272	0.00497	0.07585	0.00820	0.00821
