[name]
unknown

[dist]
# distance from previous block
# <min> <max>
13	194

[block]
# block no. 0 follows, 25 sequences, length 29
# corresponding to MSA columns:
# 194-222
name=unknown_A
#
# <colnr> <probs for GDERKNQSTAVLIFYWHMCP>
#	G	D	E	R	K	N	Q	S	T	A	V	L	I	F	Y	W	H	M	C	P
0	0.11495	0.32822	0.02536	0.01287	0.01710	0.02082	0.01122	0.02167	0.06142	0.04936	0.01733	0.09225	0.01644	0.01438	0.05002	0.07745	0.04861	0.00719	0.00457	0.00877
1	0.08693	0.06569	0.02236	0.05899	0.02270	0.01647	0.11734	0.10860	0.01754	0.02550	0.03568	0.02446	0.01640	0.04641	0.26663	0.00632	0.04074	0.00768	0.00469	0.00887
2	0.01577	0.01120	0.01274	0.01188	0.01437	0.01183	0.00879	0.09168	0.16034	0.04908	0.07226	0.15667	0.07912	0.11549	0.04484	0.03647	0.00645	0.01183	0.08073	0.00847
3	0.14991	0.01737	0.01802	0.01455	0.01983	0.01891	0.01181	0.30945	0.13348	0.07162	0.02038	0.02054	0.01497	0.00889	0.00692	0.00226	0.00694	0.00671	0.08090	0.06654
4	0.05541	0.09552	0.08577	0.08285	0.08532	0.05608	0.13505	0.02207	0.01621	0.02302	0.01395	0.01818	0.01148	0.01116	0.06134	0.00295	0.05702	0.00634	0.00391	0.15637
5	0.48124	0.01436	0.01338	0.01184	0.01584	0.01637	0.00954	0.08447	0.01628	0.07087	0.01716	0.09993	0.01528	0.01013	0.00739	0.00253	0.05695	0.00714	0.04043	0.00886
6	0.05578	0.03770	0.08566	0.02197	0.04495	0.01948	0.20130	0.14816	0.14402	0.06840	0.05200	0.02296	0.01734	0.00883	0.00867	0.00251	0.03506	0.00804	0.00590	0.01128
7	0.59218	0.01871	0.09211	0.01373	0.01961	0.01802	0.06063	0.05951	0.01529	0.03366	0.01198	0.01402	0.00910	0.00729	0.00560	0.00242	0.00731	0.00492	0.00473	0.00918
8	0.01084	0.00770	0.01040	0.01205	0.01302	0.00747	0.00919	0.01301	0.01581	0.02083	0.04063	0.40882	0.04676	0.07733	0.01251	0.00366	0.00582	0.27064	0.00698	0.00652
9	0.01676	0.01959	0.08228	0.04969	0.03278	0.01898	0.36921	0.02193	0.01597	0.02247	0.01501	0.02100	0.01224	0.01484	0.10211	0.00405	0.15949	0.00823	0.00378	0.00959
10	0.00982	0.00699	0.00926	0.01088	0.01145	0.00659	0.00744	0.01133	0.01509	0.02013	0.06178	0.61764	0.05020	0.06343	0.01160	0.00340	0.00483	0.06475	0.00710	0.00630
11	0.07921	0.01998	0.04957	0.02640	0.09353	0.01962	0.29915	0.14545	0.05287	0.03042	0.01615	0.01944	0.01228	0.00760	0.00871	0.00243	0.03856	0.00760	0.00492	0.06610
12	0.78228	0.01499	0.01140	0.01020	0.01499	0.01739	0.00840	0.02279	0.01320	0.03479	0.01080	0.01260	0.00840	0.00720	0.00480	0.00240	0.00600	0.00420	0.00480	0.00840
13	0.02193	0.63086	0.03791	0.01424	0.02049	0.12769	0.01352	0.02435	0.01666	0.01835	0.01096	0.01266	0.00996	0.00683	0.00527	0.00171	0.00912	0.00427	0.00342	0.00981
14	0.01152	0.00853	0.01156	0.01135	0.01210	0.00969	0.00815	0.01312	0.01195	0.01686	0.02157	0.03769	0.02232	0.32140	0.39433	0.00994	0.05805	0.00939	0.00432	0.00613
15	0.02067	0.01587	0.01714	0.01423	0.01871	0.01710	0.01141	0.32242	0.12811	0.03669	0.08575	0.03729	0.17882	0.01490	0.04232	0.00295	0.00728	0.01012	0.00753	0.01069
16	0.00966	0.00767	0.00810	0.00827	0.01010	0.00674	0.00576	0.01113	0.01599	0.01953	0.06312	0.13261	0.47220	0.17613	0.01591	0.00375	0.00477	0.01580	0.00665	0.00611
17	0.03195	0.01461	0.01896	0.01477	0.02028	0.01410	0.01219	0.13679	0.02356	0.51576	0.02708	0.02475	0.01771	0.01173	0.03658	0.00285	0.04730	0.00763	0.00873	0.01268
18	0.73800	0.01455	0.01116	0.01003	0.01465	0.01681	0.00823	0.02252	0.01337	0.03445	0.01163	0.01354	0.00906	0.00730	0.00483	0.00236	0.00586	0.00437	0.04895	0.00833
19	0.01083	0.00733	0.00972	0.01098	0.01157	0.00710	0.00774	0.01187	0.01428	0.01892	0.03587	0.39537	0.04161	0.15517	0.01775	0.08619	0.00583	0.13973	0.00631	0.00586
20	0.01128	0.00752	0.00846	0.00846	0.00846	0.00752	0.00470	0.01128	0.01128	0.01503	0.02443	0.05074	0.02819	0.72751	0.03946	0.00752	0.00752	0.01128	0.00470	0.00470
21	0.01722	0.01375	0.01619	0.01163	0.01846	0.01040	0.00932	0.02064	0.01645	0.06545	0.01481	0.01671	0.01195	0.00598	0.00587	0.00122	0.00579	0.00479	0.00490	0.72847
22	0.00942	0.00683	0.00891	0.01057	0.01119	0.00632	0.00710	0.01082	0.01506	0.01988	0.04550	0.67249	0.09946	0.02393	0.00984	0.00311	0.00445	0.02160	0.00720	0.00632
23	0.01639	0.01602	0.02222	0.01917	0.01917	0.02213	0.01574	0.01792	0.01181	0.01830	0.01160	0.02034	0.01198	0.08497	0.02685	0.00381	0.64273	0.00723	0.00352	0.00810
24	0.02267	0.06363	0.02084	0.01893	0.06102	0.36740	0.01385	0.06987	0.01960	0.02119	0.01516	0.01943	0.01314	0.02278	0.21100	0.00512	0.01500	0.00619	0.00427	0.00893
25	0.05177	0.01421	0.01601	0.01413	0.01813	0.01516	0.01098	0.13452	0.24704	0.14561	0.03240	0.19338	0.04582	0.01358	0.00824	0.00265	0.00616	0.01151	0.00785	0.01084
26	0.10195	0.27116	0.05460	0.01718	0.06282	0.08214	0.03419	0.10952	0.02022	0.11276	0.05247	0.01866	0.01519	0.00812	0.00651	0.00210	0.00845	0.00604	0.00529	0.01064
27	0.15789	0.06068	0.05639	0.04415	0.07027	0.01741	0.09341	0.09033	0.08755	0.02878	0.04115	0.02645	0.01783	0.01485	0.08630	0.00361	0.00967	0.05481	0.00527	0.03320
28	0.01967	0.05997	0.01967	0.01485	0.02004	0.01729	0.02980	0.16758	0.22705	0.03223	0.05539	0.07840	0.02184	0.01010	0.00742	0.00218	0.00666	0.00840	0.00665	0.19483

[dist]
# distance from previous block
# <min> <max>
0	1

[block]
# block no. 1 follows, 25 sequences, length 35
# corresponding to MSA columns:
# 224-258
name=unknown_B
#
# <colnr> <probs for GDERKNQSTAVLIFYWHMCP>
#	G	D	E	R	K	N	Q	S	T	A	V	L	I	F	Y	W	H	M	C	P
0	0.10568	0.06612	0.02190	0.01823	0.07376	0.11381	0.01366	0.23514	0.07899	0.10179	0.01794	0.01843	0.01331	0.00834	0.00698	0.00217	0.00840	0.00624	0.00623	0.08290
1	0.24415	0.04576	0.01926	0.03836	0.02125	0.10773	0.01256	0.19916	0.04978	0.09956	0.01618	0.01716	0.01201	0.00853	0.00753	0.00231	0.04408	0.00586	0.00594	0.04284
2	0.01338	0.00998	0.01363	0.01331	0.01534	0.00998	0.05141	0.01899	0.13209	0.05720	0.06679	0.42971	0.04182	0.04834	0.01060	0.00315	0.00567	0.04340	0.00718	0.00802
3	0.01608	0.01378	0.01608	0.01148	0.01837	0.01034	0.00919	0.01952	0.01608	0.02527	0.01378	0.01608	0.01148	0.00574	0.00574	0.00115	0.00574	0.00459	0.00459	0.77491
4	0.02669	0.10284	0.05016	0.01340	0.01868	0.01385	0.01170	0.04962	0.01965	0.39387	0.02510	0.02475	0.01751	0.01569	0.10132	0.00362	0.00873	0.00723	0.08431	0.01125
5	0.00989	0.00706	0.00950	0.01130	0.01194	0.00668	0.00796	0.01155	0.01528	0.02028	0.04249	0.63110	0.05032	0.02388	0.01001	0.00321	0.00488	0.10906	0.00719	0.00642
6	0.20514	0.08114	0.08718	0.01400	0.01900	0.04415	0.04284	0.04577	0.05105	0.06077	0.14328	0.08846	0.02679	0.01066	0.00714	0.00235	0.00699	0.00865	0.00585	0.04878
7	0.01858	0.23541	0.02419	0.01310	0.01908	0.01705	0.03304	0.02249	0.04823	0.07667	0.01821	0.09092	0.01643	0.00855	0.00633	0.00174	0.00675	0.00692	0.00502	0.33130
8	0.01470	0.00771	0.00775	0.00766	0.00960	0.00784	0.00577	0.01925	0.04934	0.02909	0.02561	0.02891	0.02007	0.00911	0.00555	0.00185	0.00374	0.00731	0.73167	0.00748
9	0.04772	0.14373	0.02932	0.08161	0.20728	0.19592	0.07040	0.05686	0.05227	0.02384	0.01424	0.01721	0.01159	0.00749	0.00709	0.00218	0.01040	0.00614	0.00420	0.01051
10	0.04495	0.07472	0.21388	0.02947	0.16353	0.05065	0.24175	0.02437	0.01756	0.02465	0.03229	0.01914	0.01269	0.00719	0.00783	0.00240	0.01106	0.00719	0.00385	0.01084
11	0.75003	0.01593	0.01185	0.01062	0.01538	0.04646	0.00868	0.02314	0.01357	0.03411	0.01085	0.01265	0.00847	0.00723	0.00489	0.00238	0.00634	0.00423	0.00476	0.00842
12	0.01632	0.01688	0.09883	0.17198	0.10715	0.01522	0.01635	0.04330	0.15287	0.04819	0.02813	0.11459	0.08217	0.01141	0.00804	0.00254	0.00773	0.00988	0.00563	0.04278
13	0.01957	0.08631	0.01969	0.01358	0.01904	0.01466	0.03300	0.06788	0.07881	0.11417	0.02364	0.02696	0.06128	0.04233	0.00905	0.00220	0.03047	0.03003	0.00588	0.30147
14	0.02896	0.03695	0.02197	0.01998	0.02397	0.69638	0.01498	0.03096	0.02197	0.01898	0.01199	0.01398	0.00999	0.00799	0.00699	0.00200	0.01398	0.00499	0.00400	0.00899
15	0.01990	0.01888	0.02930	0.04222	0.56918	0.04433	0.02186	0.07362	0.01932	0.02675	0.01792	0.02165	0.04462	0.00776	0.00773	0.00231	0.00908	0.00730	0.00432	0.01195
16	0.01696	0.01696	0.02375	0.02036	0.02036	0.02375	0.01696	0.01866	0.01187	0.01866	0.01018	0.01696	0.01018	0.01357	0.02545	0.00339	0.71332	0.00679	0.00339	0.00848
17	0.70502	0.01481	0.01208	0.01057	0.01549	0.01677	0.00871	0.02434	0.01413	0.10194	0.01284	0.01402	0.00951	0.00745	0.00511	0.00240	0.00606	0.00457	0.00529	0.00889
18	0.01118	0.00786	0.01020	0.01017	0.01082	0.00841	0.00688	0.01248	0.01221	0.01693	0.04972	0.04261	0.02638	0.42016	0.31124	0.00936	0.01286	0.01016	0.00463	0.00573
19	0.01673	0.01662	0.02330	0.02004	0.02010	0.02319	0.01667	0.01847	0.01190	0.01863	0.01060	0.01750	0.01054	0.01535	0.05220	0.00375	0.68572	0.00685	0.00342	0.00842
20	0.00970	0.00693	0.00929	0.01109	0.01165	0.00652	0.00765	0.01124	0.01510	0.02008	0.04259	0.66867	0.05072	0.02405	0.00997	0.00318	0.00472	0.07328	0.00719	0.00637
21	0.01122	0.00814	0.01089	0.01207	0.01362	0.00781	0.00972	0.01416	0.01793	0.02376	0.16754	0.22867	0.10325	0.02086	0.01009	0.00317	0.00559	0.31718	0.00743	0.00693
22	0.01830	0.02092	0.04575	0.03268	0.04052	0.01961	0.65098	0.02484	0.01830	0.02484	0.01569	0.02092	0.01176	0.00654	0.00915	0.00261	0.01307	0.00915	0.00392	0.01046
23	0.03479	0.01320	0.01799	0.01380	0.01979	0.01140	0.01140	0.03779	0.02219	0.68451	0.03059	0.02639	0.01919	0.00960	0.00780	0.00240	0.00660	0.00780	0.00960	0.01320
24	0.01207	0.00857	0.01177	0.01338	0.01487	0.00853	0.01123	0.01509	0.01693	0.02210	0.03967	0.14794	0.04376	0.08767	0.01331	0.00390	0.00691	0.50856	0.00692	0.00683
25	0.01496	0.01410	0.02382	0.66341	0.09642	0.01731	0.02169	0.02008	0.01565	0.02019	0.01384	0.02057	0.01047	0.00769	0.00775	0.00256	0.01026	0.00689	0.00347	0.00887
26	0.01111	0.00762	0.00927	0.00939	0.00969	0.00786	0.00584	0.01174	0.01175	0.01594	0.02498	0.09299	0.02807	0.54927	0.16499	0.00818	0.00988	0.01144	0.00476	0.00524
27	0.03479	0.01320	0.01799	0.01380	0.01979	0.01140	0.01140	0.03779	0.02219	0.68451	0.03059	0.02639	0.01919	0.00960	0.00780	0.00240	0.00660	0.00780	0.00960	0.01320
28	0.01088	0.00797	0.01023	0.00981	0.01171	0.00733	0.00745	0.01437	0.02133	0.02972	0.58584	0.06102	0.12902	0.01650	0.00923	0.00251	0.00386	0.04565	0.00834	0.00723
29	0.01727	0.17382	0.50214	0.02153	0.06387	0.02073	0.02487	0.04763	0.01706	0.02426	0.01351	0.01583	0.01010	0.00727	0.00693	0.00229	0.01061	0.00553	0.00348	0.01127
30	0.01578	0.03850	0.63360	0.02299	0.03414	0.01814	0.08077	0.02458	0.01653	0.02458	0.01406	0.01675	0.00998	0.00730	0.00752	0.00247	0.01159	0.00602	0.00333	0.01138
31	0.00916	0.00785	0.00785	0.00785	0.01047	0.00655	0.00589	0.01113	0.01767	0.02095	0.07855	0.07462	0.67599	0.01964	0.00916	0.00262	0.00393	0.01636	0.00720	0.00655
32	0.02896	0.03695	0.02197	0.01998	0.02397	0.69638	0.01498	0.03096	0.02197	0.01898	0.01199	0.01398	0.00999	0.00799	0.00699	0.00200	0.01398	0.00499	0.00400	0.00899
33	0.02837	0.03345	0.02282	0.02156	0.06903	0.55128	0.01555	0.12163	0.02380	0.02379	0.01313	0.01502	0.01061	0.00811	0.00715	0.00207	0.01286	0.00542	0.00454	0.00983
34	0.31971	0.11151	0.02094	0.04109	0.06271	0.04301	0.01261	0.18498	0.02095	0.09441	0.01500	0.01614	0.01119	0.00791	0.00622	0.00227	0.00763	0.00553	0.00566	0.01054

[dist]
# distance from previous block
# <min> <max>
0	4

[block]
# block no. 2 follows, 25 sequences, length 34
# corresponding to MSA columns:
# 263-296
name=unknown_C
#
# <colnr> <probs for GDERKNQSTAVLIFYWHMCP>
#	G	D	E	R	K	N	Q	S	T	A	V	L	I	F	Y	W	H	M	C	P
0	0.02374	0.05236	0.02501	0.01975	0.05442	0.04341	0.08040	0.19088	0.05440	0.12715	0.01774	0.01949	0.01336	0.00929	0.01102	0.00242	0.14733	0.00691	0.00590	0.09503
1	0.00945	0.00675	0.00900	0.01080	0.01125	0.00630	0.00720	0.01080	0.01484	0.01979	0.04274	0.72245	0.05128	0.02429	0.00990	0.00315	0.00450	0.02204	0.00720	0.00630
2	0.00945	0.00675	0.00900	0.01080	0.01125	0.00630	0.00720	0.01080	0.01484	0.01979	0.04274	0.72245	0.05128	0.02429	0.00990	0.00315	0.00450	0.02204	0.00720	0.00630
3	0.01608	0.01378	0.01608	0.01148	0.01837	0.01034	0.00919	0.01952	0.01608	0.02527	0.01378	0.01608	0.01148	0.00574	0.00574	0.00115	0.00574	0.00459	0.00459	0.77491
4	0.72478	0.01667	0.01220	0.01094	0.01568	0.06921	0.00890	0.02342	0.01387	0.03358	0.01089	0.01270	0.00852	0.00726	0.00497	0.00237	0.00661	0.00426	0.00474	0.00844
5	0.01076	0.00786	0.01010	0.00966	0.01148	0.00720	0.00720	0.01417	0.02126	0.02973	0.59671	0.09197	0.11978	0.01657	0.00918	0.00249	0.00372	0.01460	0.00836	0.00720
6	0.01912	0.01708	0.02363	0.02991	0.31935	0.01827	0.01728	0.05947	0.29659	0.02986	0.06861	0.02607	0.02150	0.00920	0.00787	0.00245	0.00747	0.00821	0.00609	0.01197
7	0.00945	0.00675	0.00900	0.01080	0.01125	0.00630	0.00720	0.01080	0.01484	0.01979	0.04274	0.72245	0.05128	0.02429	0.00990	0.00315	0.00450	0.02204	0.00720	0.00630
8	0.78228	0.01499	0.01140	0.01020	0.01499	0.01739	0.00840	0.02279	0.01320	0.03479	0.01080	0.01260	0.00840	0.00720	0.00480	0.00240	0.00600	0.00420	0.00480	0.00840
9	0.01108	0.00831	0.01246	0.01246	0.01385	0.00969	0.00969	0.01385	0.01246	0.01800	0.02077	0.03046	0.01938	0.05815	0.69678	0.01246	0.02077	0.00831	0.00415	0.00692
10	0.01730	0.01893	0.03972	0.16312	0.04180	0.01861	0.49683	0.02342	0.01773	0.02378	0.01658	0.02419	0.01313	0.00752	0.00896	0.00266	0.01224	0.03955	0.00399	0.00993
11	0.01437	0.01100	0.01258	0.01237	0.01527	0.01123	0.00982	0.05258	0.17594	0.04872	0.04927	0.13747	0.23688	0.01752	0.00919	0.00289	0.00563	0.16119	0.00746	0.00862
12	0.01136	0.00872	0.01300	0.01284	0.01415	0.01036	0.01004	0.01407	0.01243	0.01803	0.02027	0.02982	0.01895	0.05604	0.66497	0.01203	0.05359	0.00824	0.00412	0.00700
13	0.02073	0.73217	0.04063	0.01327	0.01990	0.03068	0.01327	0.02322	0.01575	0.01824	0.01078	0.01244	0.00995	0.00663	0.00498	0.00166	0.00829	0.00415	0.00332	0.00995
14	0.01176	0.00994	0.01043	0.01003	0.01293	0.00967	0.00760	0.01865	0.17429	0.02445	0.11131	0.08883	0.44677	0.01734	0.00888	0.00263	0.00446	0.01458	0.00747	0.00798
15	0.01560	0.00833	0.00845	0.00804	0.01018	0.00851	0.00613	0.06660	0.01780	0.03043	0.02478	0.02812	0.01936	0.00905	0.00560	0.00185	0.00399	0.00721	0.71227	0.00768
16	0.02871	0.02265	0.02275	0.01788	0.02376	0.08075	0.01458	0.55734	0.07954	0.04517	0.01897	0.01895	0.01365	0.00928	0.00770	0.00232	0.00883	0.00694	0.00745	0.01277
17	0.05726	0.01303	0.03741	0.07203	0.06829	0.06359	0.01143	0.01757	0.04049	0.02474	0.19619	0.22009	0.08801	0.01566	0.00867	0.00266	0.00633	0.04211	0.00647	0.00798
18	0.02028	0.01686	0.04248	0.09995	0.02485	0.01526	0.01300	0.19452	0.02185	0.05631	0.01576	0.01775	0.01205	0.00717	0.00668	0.00174	0.00731	0.00570	0.00547	0.41501
19	0.03298	0.01282	0.01757	0.01369	0.01934	0.01127	0.01127	0.03596	0.02145	0.63359	0.02984	0.02670	0.01921	0.01331	0.06044	0.00317	0.00768	0.00784	0.00918	0.01272
20	0.17714	0.02040	0.02094	0.01634	0.02227	0.02274	0.01349	0.52962	0.03189	0.04610	0.01708	0.01743	0.01225	0.00889	0.00718	0.00234	0.00804	0.00644	0.00718	0.01225
21	0.01366	0.01119	0.01141	0.01085	0.01343	0.05832	0.00811	0.01852	0.09909	0.05597	0.23507	0.12107	0.26105	0.03546	0.00966	0.00270	0.00512	0.01395	0.00749	0.00789
22	0.00945	0.00675	0.00900	0.01080	0.01125	0.00630	0.00720	0.01080	0.01484	0.01979	0.04274	0.72245	0.05128	0.02429	0.00990	0.00315	0.00450	0.02204	0.00720	0.00630
23	0.03272	0.01319	0.01766	0.01368	0.01937	0.01168	0.01124	0.06482	0.02284	0.60490	0.07921	0.02843	0.02303	0.01006	0.00790	0.00240	0.00646	0.00823	0.00943	0.01275
24	0.02193	0.01712	0.01839	0.01592	0.02069	0.01937	0.01256	0.12894	0.52563	0.08462	0.02962	0.02725	0.02182	0.01027	0.00786	0.00257	0.00652	0.00844	0.00800	0.01247
25	0.00978	0.00696	0.00913	0.01048	0.01108	0.00652	0.00702	0.01133	0.01549	0.02089	0.12293	0.58543	0.05234	0.07687	0.01206	0.00339	0.00462	0.02019	0.00718	0.00631
26	0.02136	0.61840	0.09394	0.01406	0.02105	0.02813	0.01443	0.02444	0.01630	0.06963	0.01256	0.01384	0.01064	0.00692	0.00539	0.00178	0.00843	0.00456	0.00379	0.01033
27	0.00959	0.00692	0.00909	0.01055	0.01125	0.00642	0.00715	0.01122	0.01572	0.02104	0.11100	0.62274	0.08222	0.02319	0.00978	0.00305	0.00438	0.02094	0.00734	0.00642
28	0.00945	0.00675	0.00900	0.01080	0.01125	0.00630	0.00720	0.01080	0.01484	0.01979	0.04274	0.72245	0.05128	0.02429	0.00990	0.00315	0.00450	0.02204	0.00720	0.00630
29	0.02190	0.04204	0.25637	0.01931	0.04863	0.01521	0.07367	0.05679	0.01975	0.22711	0.07551	0.04974	0.02078	0.00973	0.00795	0.00248	0.00881	0.02671	0.00618	0.01132
30	0.01742	0.02200	0.12005	0.02997	0.06848	0.01834	0.47682	0.02379	0.01755	0.02436	0.01571	0.02078	0.01208	0.01027	0.05721	0.00322	0.01298	0.00841	0.00388	0.03668
31	0.01775	0.01926	0.04008	0.02911	0.03573	0.01859	0.52480	0.02306	0.01711	0.02356	0.01500	0.02056	0.01175	0.00850	0.01177	0.05701	0.06791	0.00858	0.00387	0.04602
32	0.01606	0.04271	0.01777	0.01500	0.01799	0.04955	0.05001	0.11172	0.07319	0.02446	0.02275	0.10669	0.02120	0.03508	0.35044	0.00746	0.01449	0.00945	0.00530	0.00868
33	0.01964	0.05213	0.07692	0.12563	0.03401	0.13788	0.24687	0.04254	0.04865	0.02364	0.01490	0.01872	0.01155	0.00744	0.00835	0.00233	0.03318	0.00705	0.00413	0.08446

[dist]
# distance from previous block
# <min> <max>
0	15

[block]
# block no. 3 follows, 25 sequences, length 201
# corresponding to MSA columns:
# 312-512
name=unknown_D
#
# <colnr> <probs for GDERKNQSTAVLIFYWHMCP>
#	G	D	E	R	K	N	Q	S	T	A	V	L	I	F	Y	W	H	M	C	P
0	0.15440	0.11690	0.02294	0.01674	0.04674	0.07662	0.03684	0.20485	0.06138	0.12161	0.01752	0.01841	0.01303	0.00932	0.00807	0.04323	0.00822	0.00624	0.00606	0.01087
1	0.11353	0.08447	0.06897	0.01691	0.04665	0.13555	0.04435	0.13046	0.02123	0.02895	0.12392	0.05998	0.04510	0.01214	0.03272	0.00268	0.00893	0.00829	0.00562	0.00955
2	0.09347	0.17580	0.07360	0.05681	0.02352	0.02104	0.01430	0.19252	0.08277	0.13945	0.01856	0.01882	0.01353	0.00833	0.00680	0.00221	0.00793	0.00623	0.00613	0.03819
3	0.04928	0.01996	0.03084	0.08134	0.03180	0.07711	0.28818	0.10984	0.05921	0.02813	0.05101	0.02160	0.01545	0.00810	0.00878	0.00242	0.03702	0.00793	0.00495	0.06704
4	0.01601	0.01554	0.04980	0.35582	0.12961	0.01654	0.04381	0.04387	0.04026	0.02263	0.01807	0.02532	0.03458	0.00986	0.00973	0.03944	0.04024	0.03792	0.00419	0.04675
5	0.02987	0.01465	0.01827	0.01422	0.02013	0.01369	0.01161	0.10232	0.10972	0.44874	0.02741	0.02465	0.01822	0.00923	0.00756	0.00227	0.00664	0.00745	0.00857	0.10478
6	0.01140	0.00801	0.01012	0.00966	0.01167	0.00726	0.00722	0.01459	0.02075	0.05143	0.50985	0.10796	0.16733	0.01686	0.00916	0.00252	0.00387	0.01477	0.00826	0.00732
7	0.15958	0.01350	0.01689	0.01319	0.01899	0.01240	0.01090	0.03528	0.02069	0.57604	0.02728	0.02409	0.01739	0.00920	0.00730	0.00240	0.00650	0.00720	0.00880	0.01239
8	0.01064	0.00778	0.00999	0.00971	0.01145	0.00713	0.00718	0.01388	0.02074	0.02888	0.54873	0.13786	0.12275	0.01718	0.00924	0.00254	0.00378	0.01517	0.00826	0.00713
9	0.00930	0.00786	0.00805	0.00800	0.01056	0.00661	0.00600	0.01140	0.01800	0.02173	0.12464	0.07333	0.62942	0.01934	0.00916	0.00260	0.00391	0.01618	0.00730	0.00661
10	0.78228	0.01499	0.01140	0.01020	0.01499	0.01739	0.00840	0.02279	0.01320	0.03479	0.01080	0.01260	0.00840	0.00720	0.00480	0.00240	0.00600	0.00420	0.00480	0.00840
11	0.01608	0.01378	0.01608	0.01148	0.01837	0.01034	0.00919	0.01952	0.01608	0.02527	0.01378	0.01608	0.01148	0.00574	0.00574	0.00115	0.00574	0.00459	0.00459	0.77491
12	0.02073	0.73217	0.04063	0.01327	0.01990	0.03068	0.01327	0.02322	0.01575	0.01824	0.01078	0.01244	0.00995	0.00663	0.00498	0.00166	0.00829	0.00415	0.00332	0.00995
13	0.02947	0.02172	0.02327	0.01784	0.02404	0.02404	0.01474	0.65329	0.03646	0.04887	0.01862	0.01862	0.01319	0.00931	0.00776	0.00233	0.00853	0.00698	0.00776	0.01319
14	0.02947	0.02172	0.02327	0.01784	0.02404	0.02404	0.01474	0.65329	0.03646	0.04887	0.01862	0.01862	0.01319	0.00931	0.00776	0.00233	0.00853	0.00698	0.00776	0.01319
15	0.02883	0.07442	0.02456	0.01750	0.02374	0.02454	0.01463	0.60655	0.03492	0.04659	0.01803	0.01816	0.01295	0.00911	0.00755	0.00228	0.00851	0.00677	0.00743	0.01295
16	0.01709	0.01668	0.02123	0.02743	0.28332	0.11746	0.01575	0.02024	0.01590	0.02085	0.01726	0.02517	0.01586	0.08814	0.25663	0.00634	0.01392	0.00750	0.00405	0.00921
17	0.02800	0.01807	0.02028	0.01621	0.02185	0.01941	0.01317	0.32085	0.20924	0.21011	0.02537	0.02354	0.01770	0.00972	0.00780	0.00243	0.00735	0.00770	0.00827	0.01293
18	0.01128	0.00752	0.00846	0.00846	0.00846	0.00752	0.00470	0.01128	0.01128	0.01503	0.02443	0.05074	0.02819	0.72751	0.03946	0.00752	0.00752	0.01128	0.00470	0.00470
19	0.05243	0.01548	0.01638	0.01440	0.01881	0.01711	0.01119	0.05523	0.47534	0.05116	0.03085	0.03021	0.05634	0.04550	0.00918	0.00272	0.00614	0.00865	0.00733	0.07555
20	0.01716	0.01451	0.01664	0.01224	0.01887	0.01195	0.00979	0.05943	0.07444	0.02731	0.01564	0.01736	0.01266	0.00638	0.00605	0.00135	0.00594	0.00510	0.00507	0.66210
21	0.03455	0.01358	0.01823	0.01398	0.01999	0.01197	0.01155	0.06582	0.02284	0.65556	0.03004	0.02604	0.01892	0.00958	0.00780	0.00240	0.00669	0.00776	0.00951	0.01319
22	0.03032	0.01537	0.01884	0.01466	0.02046	0.01490	0.01200	0.18546	0.07808	0.41673	0.05168	0.02538	0.01977	0.00964	0.00774	0.00234	0.00687	0.00775	0.00870	0.05332
23	0.01700	0.00924	0.01208	0.01183	0.01411	0.00864	0.00871	0.02022	0.05627	0.19602	0.08693	0.39663	0.04172	0.04712	0.01038	0.00306	0.00530	0.03835	0.00787	0.00851
24	0.00945	0.00675	0.00900	0.01080	0.01125	0.00630	0.00720	0.01080	0.01484	0.01979	0.04274	0.72245	0.05128	0.02429	0.00990	0.00315	0.00450	0.02204	0.00720	0.00630
25	0.74261	0.01490	0.01175	0.01039	0.01525	0.01708	0.00856	0.02359	0.01367	0.06927	0.01185	0.01333	0.00897	0.00732	0.00496	0.00240	0.00603	0.00439	0.00505	0.00865
26	0.02765	0.01396	0.01755	0.01419	0.01919	0.01377	0.01151	0.12994	0.09680	0.38443	0.07781	0.02838	0.02298	0.01563	0.08578	0.00355	0.00822	0.00832	0.00842	0.01192
27	0.01295	0.01049	0.01349	0.01295	0.01430	0.03857	0.00988	0.03788	0.01349	0.01876	0.02008	0.03144	0.01942	0.15376	0.49114	0.01021	0.07137	0.00846	0.00430	0.00701
28	0.00969	0.00693	0.00925	0.01090	0.01150	0.00649	0.00746	0.01129	0.01543	0.02065	0.08140	0.65063	0.05230	0.02363	0.00989	0.00313	0.00458	0.05117	0.00728	0.00640
29	0.01039	0.00787	0.00964	0.00978	0.01168	0.00713	0.00742	0.01322	0.01929	0.02566	0.34112	0.14821	0.25608	0.01868	0.00941	0.00271	0.00423	0.08275	0.00780	0.00693
30	0.01608	0.01378	0.01608	0.01148	0.01837	0.01034	0.00919	0.01952	0.01608	0.02527	0.01378	0.01608	0.01148	0.00574	0.00574	0.00115	0.00574	0.00459	0.00459	0.77491
31	0.01722	0.02843	0.29696	0.02854	0.03780	0.01898	0.40731	0.02473	0.01754	0.02473	0.01499	0.01914	0.01100	0.00686	0.00845	0.00255	0.01244	0.00781	0.00367	0.01085
32	0.00916	0.00785	0.00785	0.00785	0.01047	0.00655	0.00589	0.01113	0.01767	0.02095	0.07855	0.07462	0.67599	0.01964	0.00916	0.00262	0.00393	0.01636	0.00720	0.00655
33	0.02947	0.02172	0.02327	0.01784	0.02404	0.02404	0.01474	0.65329	0.03646	0.04887	0.01862	0.01862	0.01319	0.00931	0.00776	0.00233	0.00853	0.00698	0.00776	0.01319
34	0.01109	0.00827	0.01229	0.01229	0.01361	0.00960	0.00947	0.01373	0.01241	0.01787	0.02093	0.03135	0.01977	0.08757	0.66789	0.01224	0.02019	0.00844	0.00418	0.00683
35	0.01555	0.04011	0.68733	0.02210	0.03356	0.01801	0.02865	0.02455	0.01637	0.02455	0.01391	0.01637	0.00982	0.00737	0.00737	0.00246	0.01146	0.00573	0.00327	0.01146
36	0.03479	0.01320	0.01799	0.01380	0.01979	0.01140	0.01140	0.03779	0.02219	0.68451	0.03059	0.02639	0.01919	0.00960	0.00780	0.00240	0.00660	0.00780	0.00960	0.01320
37	0.02770	0.02084	0.02227	0.01748	0.02337	0.02322	0.01431	0.54686	0.14577	0.04601	0.02087	0.02041	0.01501	0.00952	0.00778	0.00238	0.00812	0.00729	0.00778	0.01303
38	0.02860	0.06985	0.02298	0.01949	0.02378	0.61333	0.01488	0.07728	0.02275	0.02118	0.01242	0.01425	0.01023	0.00802	0.00695	0.00201	0.01329	0.00510	0.00424	0.00935
39	0.01614	0.03635	0.56843	0.02551	0.09776	0.01818	0.08082	0.02450	0.01666	0.02466	0.01413	0.01703	0.01023	0.00725	0.00755	0.00245	0.01137	0.00614	0.00338	0.01146
40	0.01222	0.00926	0.01370	0.01556	0.04845	0.00907	0.03488	0.01541	0.01727	0.02283	0.06414	0.23763	0.04459	0.02065	0.01024	0.00332	0.00667	0.39986	0.00693	0.00731
41	0.00945	0.00675	0.00900	0.01080	0.01125	0.00630	0.00720	0.01080	0.01484	0.01979	0.04274	0.72245	0.05128	0.02429	0.00990	0.00315	0.00450	0.02204	0.00720	0.00630
42	0.02947	0.02172	0.02327	0.01784	0.02404	0.02404	0.01474	0.65329	0.03646	0.04887	0.01862	0.01862	0.01319	0.00931	0.00776	0.00233	0.00853	0.00698	0.00776	0.01319
43	0.02896	0.03695	0.02197	0.01998	0.02397	0.69638	0.01498	0.03096	0.02197	0.01898	0.01199	0.01398	0.00999	0.00799	0.00699	0.00200	0.01398	0.00499	0.00400	0.00899
44	0.01919	0.01836	0.03098	0.04648	0.65610	0.01845	0.02339	0.02440	0.04030	0.02558	0.01518	0.01953	0.01268	0.00703	0.00768	0.00231	0.00910	0.00697	0.00398	0.01228
45	0.01277	0.01183	0.03531	0.01495	0.05037	0.03757	0.06739	0.01509	0.01551	0.02047	0.08611	0.18252	0.10942	0.20500	0.05055	0.00448	0.03331	0.03462	0.00564	0.00709
46	0.01010	0.00764	0.01056	0.04280	0.03938	0.00739	0.00849	0.01183	0.01507	0.02002	0.04175	0.59899	0.08507	0.02383	0.03478	0.00340	0.00550	0.01993	0.00679	0.00667
47	0.01108	0.00831	0.01246	0.01246	0.01385	0.00969	0.00969	0.01385	0.01246	0.01800	0.02077	0.03046	0.01938	0.05815	0.69678	0.01246	0.02077	0.00831	0.00415	0.00692
48	0.01608	0.01378	0.01608	0.01148	0.01837	0.01034	0.00919	0.01952	0.01608	0.02527	0.01378	0.01608	0.01148	0.00574	0.00574	0.00115	0.00574	0.00459	0.00459	0.77491
49	0.03088	0.01832	0.02103	0.01625	0.02228	0.01915	0.01338	0.39514	0.06459	0.28105	0.02369	0.02201	0.01594	0.00948	0.00778	0.00237	0.00770	0.00737	0.00844	0.01314
50	0.01128	0.00752	0.00846	0.00846	0.00846	0.00752	0.00470	0.01128	0.01128	0.01503	0.02443	0.05074	0.02819	0.72751	0.03946	0.00752	0.00752	0.01128	0.00470	0.00470
51	0.01097	0.00739	0.00855	0.00885	0.00893	0.00731	0.00512	0.01119	0.01188	0.01584	0.02753	0.16435	0.03209	0.60857	0.03446	0.00678	0.00701	0.01310	0.00512	0.00497
52	0.01464	0.01378	0.02326	0.70887	0.05340	0.01723	0.02153	0.01981	0.01550	0.01981	0.01378	0.02067	0.01034	0.00775	0.00775	0.00258	0.01034	0.00689	0.00345	0.00861
53	0.01929	0.01666	0.01753	0.01578	0.02016	0.01929	0.01227	0.04120	0.66513	0.03243	0.03156	0.02893	0.02367	0.01052	0.00789	0.00263	0.00614	0.00877	0.00789	0.01227
54	0.00916	0.00785	0.00785	0.00785	0.01047	0.00655	0.00589	0.01113	0.01767	0.02095	0.07855	0.07462	0.67599	0.01964	0.00916	0.00262	0.00393	0.01636	0.00720	0.00655
55	0.01659	0.01409	0.01635	0.01173	0.01859	0.01086	0.00940	0.04391	0.01686	0.02617	0.01397	0.01618	0.01155	0.00588	0.00582	0.00119	0.00585	0.00469	0.00472	0.74559
56	0.02946	0.02228	0.02322	0.01792	0.02404	0.04880	0.01475	0.63038	0.03592	0.04777	0.01837	0.01844	0.01307	0.00926	0.00773	0.00231	0.00873	0.00691	0.00762	0.01303
57	0.02073	0.73217	0.04063	0.01327	0.01990	0.03068	0.01327	0.02322	0.01575	0.01824	0.01078	0.01244	0.00995	0.00663	0.00498	0.00166	0.00829	0.00415	0.00332	0.00995
58	0.01868	0.01790	0.03054	0.12233	0.60842	0.01829	0.02354	0.02335	0.01741	0.02471	0.01449	0.01936	0.01206	0.00700	0.00768	0.00233	0.00934	0.00691	0.00379	0.01187
59	0.02896	0.03695	0.02197	0.01998	0.02397	0.69638	0.01498	0.03096	0.02197	0.01898	0.01199	0.01398	0.00999	0.00799	0.00699	0.00200	0.01398	0.00499	0.00400	0.00899
60	0.01830	0.02092	0.04575	0.03268	0.04052	0.01961	0.65098	0.02484	0.01830	0.02484	0.01569	0.02092	0.01176	0.00654	0.00915	0.00261	0.01307	0.00915	0.00392	0.01046
61	0.01097	0.00793	0.01036	0.00975	0.01158	0.00732	0.00732	0.01463	0.02195	0.03109	0.67505	0.05792	0.07316	0.01585	0.00914	0.00244	0.00366	0.01402	0.00854	0.00732
62	0.02646	0.13194	0.05625	0.05844	0.04930	0.10406	0.01455	0.05861	0.04102	0.28583	0.02190	0.02410	0.01617	0.00938	0.00802	0.00234	0.03443	0.03948	0.00648	0.01122
63	0.03479	0.01320	0.01799	0.01380	0.01979	0.01140	0.01140	0.03779	0.02219	0.68451	0.03059	0.02639	0.01919	0.00960	0.00780	0.00240	0.00660	0.00780	0.00960	0.01320
64	0.01233	0.00887	0.01226	0.01396	0.01579	0.00881	0.01217	0.01582	0.01784	0.02309	0.04291	0.08682	0.07592	0.02133	0.01063	0.00352	0.00698	0.59669	0.00714	0.00711
65	0.00928	0.00781	0.00805	0.00809	0.01057	0.00658	0.00603	0.01132	0.01782	0.02151	0.11288	0.09939	0.61500	0.01959	0.00919	0.00263	0.00393	0.01645	0.00728	0.00658
66	0.01789	0.02127	0.07748	0.08688	0.06430	0.01929	0.54477	0.02438	0.01795	0.02444	0.01540	0.02059	0.01157	0.00669	0.00889	0.00259	0.01263	0.00871	0.00385	0.01043
67	0.00952	0.00702	0.00892	0.01024	0.01115	0.00642	0.00700	0.01115	0.01586	0.02087	0.09826	0.56677	0.15265	0.02288	0.00972	0.00301	0.00434	0.02050	0.00730	0.00642
68	0.00958	0.00684	0.00915	0.01095	0.01146	0.00641	0.00743	0.01103	0.01498	0.01994	0.04266	0.69454	0.05099	0.02417	0.00993	0.00317	0.00461	0.04863	0.00719	0.00633
69	0.01154	0.00798	0.01024	0.00984	0.01175	0.00727	0.00731	0.01471	0.02064	0.05463	0.50910	0.13949	0.13220	0.01703	0.00919	0.00254	0.00391	0.01500	0.00827	0.00734
70	0.01598	0.01536	0.02583	0.47061	0.18114	0.01828	0.04352	0.02070	0.01566	0.02102	0.01362	0.01996	0.01078	0.00817	0.00972	0.00261	0.08711	0.00696	0.00354	0.00944
71	0.01127	0.00755	0.00860	0.00860	0.00865	0.00760	0.00488	0.01137	0.01132	0.01514	0.02430	0.05000	0.02787	0.70293	0.06360	0.00770	0.00800	0.01117	0.00468	0.00478
72	0.02700	0.12113	0.02520	0.02182	0.08680	0.54853	0.01562	0.02931	0.02079	0.01950	0.01209	0.01429	0.01020	0.00772	0.00681	0.00199	0.01282	0.00507	0.00390	0.00943
73	0.01347	0.00673	0.01010	0.01010	0.01010	0.00673	0.00673	0.01010	0.01010	0.01347	0.01347	0.02357	0.01347	0.02694	0.03030	0.77441	0.00673	0.00673	0.00337	0.00337
74	0.01861	0.01588	0.01703	0.01563	0.01975	0.01825	0.01229	0.03869	0.60055	0.03151	0.03251	0.03477	0.02576	0.01161	0.00817	0.00272	0.00624	0.07044	0.00781	0.01176
75	0.01347	0.00673	0.01010	0.01010	0.01010	0.00673	0.00673	0.01010	0.01010	0.01347	0.01347	0.02357	0.01347	0.02694	0.03030	0.77441	0.00673	0.00673	0.00337	0.00337
76	0.00954	0.00787	0.00837	0.00825	0.01070	0.00670	0.00618	0.01185	0.01855	0.02303	0.20109	0.07119	0.55215	0.01886	0.00916	0.00258	0.00387	0.01588	0.00747	0.00670
77	0.03365	0.01294	0.01763	0.01360	0.01940	0.01120	0.01120	0.03668	0.02218	0.65328	0.06139	0.02790	0.02177	0.00990	0.00786	0.00240	0.00646	0.00809	0.00955	0.01291
78	0.00943	0.00680	0.00895	0.01067	0.01121	0.00631	0.00714	0.01081	0.01497	0.01984	0.04431	0.69398	0.07874	0.02409	0.00986	0.00313	0.00447	0.02179	0.00720	0.00631
79	0.00945	0.00675	0.00900	0.01080	0.01125	0.00630	0.00720	0.01080	0.01484	0.01979	0.04274	0.72245	0.05128	0.02429	0.00990	0.00315	0.00450	0.02204	0.00720	0.00630
80	0.78228	0.01499	0.01140	0.01020	0.01499	0.01739	0.00840	0.02279	0.01320	0.03479	0.01080	0.01260	0.00840	0.00720	0.00480	0.00240	0.00600	0.00420	0.00480	0.00840
81	0.02947	0.02172	0.02327	0.01784	0.02404	0.02404	0.01474	0.65329	0.03646	0.04887	0.01862	0.01862	0.01319	0.00931	0.00776	0.00233	0.00853	0.00698	0.00776	0.01319
82	0.02157	0.66123	0.03873	0.01395	0.02032	0.09861	0.01344	0.02401	0.01639	0.01832	0.01090	0.01260	0.00995	0.00677	0.00518	0.00169	0.00887	0.00423	0.00339	0.00985
83	0.02896	0.03695	0.02197	0.01998	0.02397	0.69638	0.01498	0.03096	0.02197	0.01898	0.01199	0.01398	0.00999	0.00799	0.00699	0.00200	0.01398	0.00499	0.00400	0.00899
84	0.02506	0.33661	0.05504	0.01532	0.02181	0.05759	0.01398	0.21963	0.02323	0.10557	0.01581	0.01635	0.01209	0.00786	0.00638	0.00197	0.00845	0.00557	0.00551	0.04617
85	0.01108	0.00831	0.01246	0.01246	0.01385	0.00969	0.00969	0.01385	0.01246	0.01800	0.02077	0.03046	0.01938	0.05815	0.69678	0.01246	0.02077	0.00831	0.00415	0.00692
86	0.78228	0.01499	0.01140	0.01020	0.01499	0.01739	0.00840	0.02279	0.01320	0.03479	0.01080	0.01260	0.00840	0.00720	0.00480	0.00240	0.00600	0.00420	0.00480	0.00840
87	0.01061	0.00874	0.01383	0.01348	0.01511	0.00810	0.09343	0.01271	0.01555	0.02057	0.04221	0.57228	0.10005	0.02151	0.00973	0.00303	0.00560	0.01982	0.00676	0.00688
88	0.01803	0.05901	0.14476	0.02944	0.03766	0.01989	0.49863	0.02531	0.04162	0.02474	0.01575	0.02008	0.01181	0.00682	0.00862	0.00254	0.01233	0.00835	0.00394	0.01066
89	0.78228	0.01499	0.01140	0.01020	0.01499	0.01739	0.00840	0.02279	0.01320	0.03479	0.01080	0.01260	0.00840	0.00720	0.00480	0.00240	0.00600	0.00420	0.00480	0.00840
90	0.01240	0.00886	0.01237	0.01401	0.01580	0.00883	0.01218	0.01598	0.01809	0.02368	0.07906	0.08569	0.04633	0.02109	0.01062	0.00350	0.00693	0.59021	0.00722	0.00715
91	0.01719	0.01877	0.03912	0.03052	0.08390	0.01799	0.49651	0.02272	0.01755	0.02398	0.01882	0.10989	0.01677	0.00911	0.00979	0.00269	0.03985	0.01053	0.00431	0.00999
92	0.06233	0.02068	0.02223	0.04233	0.02436	0.02308	0.01448	0.54803	0.08970	0.04573	0.01922	0.01932	0.01378	0.00926	0.00763	0.00237	0.00827	0.00701	0.00748	0.01272
93	0.00945	0.00675	0.00900	0.01080	0.01125	0.00630	0.00720	0.01080	0.01484	0.01979	0.04274	0.72245	0.05128	0.02429	0.00990	0.00315	0.00450	0.02204	0.00720	0.00630
94	0.02777	0.01983	0.02293	0.01774	0.02358	0.02151	0.04512	0.52025	0.03252	0.09604	0.02038	0.04453	0.01523	0.01205	0.04084	0.00286	0.00904	0.00774	0.00752	0.01251
95	0.01725	0.02829	0.30378	0.02973	0.11157	0.01895	0.30465	0.02440	0.01723	0.02458	0.01466	0.01874	0.01099	0.00714	0.00878	0.00254	0.03465	0.00742	0.00363	0.01101
96	0.01636	0.02073	0.12122	0.06100	0.03499	0.01742	0.41580	0.02216	0.01713	0.02354	0.01927	0.12716	0.01741	0.00969	0.00961	0.00270	0.03928	0.01047	0.00429	0.00978
97	0.03479	0.01320	0.01799	0.01380	0.01979	0.01140	0.01140	0.03779	0.02219	0.68451	0.03059	0.02639	0.01919	0.00960	0.00780	0.00240	0.00660	0.00780	0.00960	0.01320
98	0.02410	0.01696	0.01929	0.01441	0.02090	0.01611	0.01177	0.28243	0.02528	0.12379	0.01803	0.01851	0.01322	0.00773	0.00685	0.00180	0.00700	0.00601	0.00657	0.35924
99	0.01962	0.12860	0.13906	0.02019	0.05351	0.09960	0.10881	0.07940	0.01875	0.05663	0.01880	0.10709	0.01699	0.01368	0.06084	0.00316	0.03208	0.00846	0.00477	0.00998
100	0.01498	0.01433	0.01650	0.01536	0.01669	0.10482	0.01210	0.01728	0.01354	0.01820	0.01699	0.02546	0.01605	0.06214	0.41016	0.00857	0.19776	0.00757	0.00395	0.00753
101	0.58364	0.09449	0.01615	0.01205	0.01692	0.12504	0.00994	0.02412	0.01484	0.03056	0.01098	0.01280	0.00881	0.00726	0.00516	0.00226	0.00749	0.00432	0.00452	0.00865
102	0.00925	0.00781	0.00800	0.00806	0.01055	0.00656	0.00600	0.01124	0.01771	0.02128	0.09944	0.10349	0.62478	0.01971	0.00920	0.00264	0.00394	0.01653	0.00725	0.00656
103	0.01445	0.00723	0.00723	0.00723	0.00903	0.00723	0.00542	0.01807	0.01626	0.02891	0.02529	0.02891	0.01987	0.00903	0.00542	0.00181	0.00361	0.00723	0.77055	0.00723
104	0.00925	0.00786	0.00798	0.00795	0.01053	0.00658	0.00596	0.01130	0.01788	0.02145	0.10811	0.07379	0.64611	0.01945	0.00916	0.00261	0.00391	0.01625	0.00727	0.00658
105	0.03227	0.01327	0.01774	0.01348	0.01960	0.01125	0.01110	0.03533	0.02137	0.59569	0.02832	0.02500	0.01815	0.00908	0.00752	0.00223	0.00648	0.00737	0.00892	0.11583
106	0.01108	0.00831	0.01246	0.01246	0.01385	0.00969	0.00969	0.01385	0.01246	0.01800	0.02077	0.03046	0.01938	0.05815	0.69678	0.01246	0.02077	0.00831	0.00415	0.00692
107	0.01835	0.02077	0.04490	0.03357	0.07881	0.01954	0.61338	0.02477	0.01826	0.02487	0.01562	0.02081	0.01180	0.00656	0.00906	0.00260	0.01284	0.00902	0.00392	0.01057
108	0.62553	0.01462	0.01278	0.01095	0.01600	0.01614	0.00903	0.02594	0.01508	0.17103	0.01495	0.01549	0.01066	0.00770	0.00543	0.00240	0.00612	0.00495	0.00580	0.00940
109	0.01091	0.00990	0.04186	0.01066	0.01342	0.00806	0.03424	0.01440	0.02020	0.02734	0.43000	0.05977	0.25765	0.01628	0.00907	0.00250	0.00448	0.01418	0.00769	0.00739
110	0.00916	0.00785	0.00785	0.00785	0.01047	0.00655	0.00589	0.01113	0.01767	0.02095	0.07855	0.07462	0.67599	0.01964	0.00916	0.00262	0.00393	0.01636	0.00720	0.00655
111	0.01616	0.01421	0.01809	0.03535	0.02084	0.01112	0.04806	0.01985	0.01619	0.02506	0.01390	0.01652	0.01146	0.00585	0.00601	0.00128	0.00633	0.00494	0.00452	0.70425
112	0.07921	0.07668	0.02018	0.01504	0.02038	0.01897	0.01230	0.14716	0.28973	0.19871	0.02578	0.02390	0.01843	0.00951	0.00738	0.00242	0.00685	0.00749	0.00769	0.01220
113	0.01642	0.00902	0.01255	0.01195	0.01420	0.00892	0.00905	0.01884	0.01624	0.18192	0.08574	0.21540	0.03276	0.06016	0.26199	0.00649	0.01101	0.01242	0.00668	0.00823
114	0.02271	0.01902	0.02160	0.11684	0.07360	0.04726	0.01541	0.25922	0.27305	0.03559	0.02235	0.02273	0.01662	0.00933	0.00777	0.00246	0.00813	0.00757	0.00677	0.01196
115	0.02634	0.20760	0.07281	0.01822	0.07128	0.05091	0.03579	0.12911	0.02170	0.23947	0.01923	0.01917	0.01372	0.00812	0.00695	0.00214	0.00840	0.00631	0.00618	0.03655
116	0.11548	0.22809	0.17739	0.01855	0.07949	0.02154	0.01701	0.11339	0.01952	0.11867	0.01565	0.01672	0.01166	0.00767	0.00651	0.00218	0.00861	0.00565	0.00502	0.01120
117	0.01852	0.01612	0.01786	0.05798	0.04292	0.01853	0.01289	0.03792	0.57439	0.03090	0.03219	0.03030	0.05368	0.01067	0.00794	0.00262	0.00638	0.00896	0.00746	0.01178
118	0.01718	0.01416	0.01941	0.13063	0.10539	0.06951	0.06045	0.02114	0.01996	0.09828	0.28702	0.03784	0.06345	0.01154	0.00841	0.00242	0.00733	0.01027	0.00647	0.00913
119	0.01790	0.05783	0.12858	0.02944	0.09301	0.01889	0.41342	0.02408	0.01763	0.02456	0.01491	0.01923	0.01143	0.00661	0.00822	0.00237	0.01152	0.00777	0.00386	0.08873
120	0.01674	0.01722	0.06156	0.07146	0.02532	0.04304	0.12614	0.02834	0.27694	0.02672	0.07378	0.06382	0.04761	0.01484	0.06790	0.00345	0.00924	0.00964	0.00608	0.01016
121	0.01215	0.00882	0.01202	0.01362	0.01549	0.00868	0.01182	0.01556	0.01783	0.02297	0.04488	0.08615	0.10905	0.02124	0.01055	0.00347	0.00681	0.56465	0.00715	0.00708
122	0.01575	0.01568	0.02582	0.50736	0.08093	0.04942	0.10578	0.02070	0.01627	0.02074	0.01573	0.06238	0.01307	0.00855	0.00803	0.00258	0.01047	0.00802	0.00378	0.00894
123	0.06351	0.14300	0.02824	0.02008	0.02540	0.37114	0.11725	0.07402	0.02101	0.04791	0.01352	0.01560	0.01077	0.00765	0.00699	0.00210	0.01185	0.00574	0.00440	0.00982
124	0.01172	0.00863	0.01141	0.01265	0.01460	0.00833	0.01078	0.01498	0.01816	0.02343	0.10142	0.08249	0.16973	0.02061	0.01028	0.00329	0.00622	0.45696	0.00727	0.00704
125	0.01097	0.00793	0.01036	0.00975	0.01158	0.00732	0.00732	0.01463	0.02195	0.03109	0.67505	0.05792	0.07316	0.01585	0.00914	0.00244	0.00366	0.01402	0.00854	0.00732
126	0.01938	0.16701	0.14978	0.11734	0.17532	0.02096	0.04368	0.05594	0.06690	0.05706	0.01571	0.01854	0.01224	0.00785	0.00794	0.00233	0.04028	0.00640	0.00435	0.01102
127	0.12538	0.08050	0.02271	0.01912	0.05461	0.38220	0.01438	0.16300	0.02329	0.02771	0.01330	0.01494	0.01058	0.00802	0.00676	0.00211	0.01113	0.00535	0.00485	0.01005
128	0.00921	0.00769	0.00803	0.00830	0.01059	0.00651	0.00609	0.01108	0.01724	0.02077	0.07308	0.17353	0.58062	0.02035	0.00928	0.00270	0.00401	0.01723	0.00720	0.00651
129	0.00964	0.00710	0.00904	0.01019	0.01118	0.00649	0.00702	0.01145	0.01638	0.02174	0.14722	0.52085	0.14868	0.02227	0.00967	0.00296	0.00428	0.01993	0.00741	0.00649
130	0.01863	0.06047	0.02962	0.06945	0.39480	0.01894	0.08427	0.02647	0.13928	0.02572	0.01866	0.04676	0.01557	0.00822	0.00779	0.00240	0.00885	0.00788	0.00468	0.01155
131	0.01925	0.01572	0.01683	0.01508	0.01935	0.01782	0.01174	0.03857	0.57676	0.06423	0.06414	0.03201	0.05176	0.01109	0.00800	0.00261	0.00595	0.00927	0.00798	0.01185
132	0.01914	0.01902	0.03053	0.08274	0.52000	0.05129	0.05334	0.02349	0.01725	0.02407	0.01407	0.01892	0.01184	0.00759	0.00931	0.00242	0.07280	0.00691	0.00379	0.01147
133	0.01097	0.00793	0.01036	0.00975	0.01158	0.00732	0.00732	0.01463	0.02195	0.03109	0.67505	0.05792	0.07316	0.01585	0.00914	0.00244	0.00366	0.01402	0.00854	0.00732
134	0.02651	0.03181	0.02085	0.01891	0.02300	0.52463	0.01429	0.03356	0.18512	0.02239	0.01695	0.01777	0.01346	0.00863	0.00722	0.00216	0.01199	0.00595	0.00498	0.00982
135	0.01895	0.01631	0.01725	0.01554	0.01982	0.01881	0.01208	0.04014	0.63954	0.03238	0.05716	0.03008	0.02564	0.01073	0.00794	0.00262	0.00604	0.00898	0.00792	0.01208
136	0.00995	0.00852	0.00911	0.04023	0.01291	0.00763	0.00696	0.01303	0.04625	0.02194	0.10519	0.06927	0.58502	0.01849	0.00904	0.00261	0.00430	0.01547	0.00713	0.00693
137	0.01097	0.00793	0.01036	0.00975	0.01158	0.00732	0.00732	0.01463	0.02195	0.03109	0.67505	0.05792	0.07316	0.01585	0.00914	0.00244	0.00366	0.01402	0.00854	0.00732
138	0.01186	0.00808	0.01060	0.00997	0.01190	0.00743	0.00747	0.01537	0.02161	0.05680	0.61780	0.08959	0.06991	0.01602	0.00913	0.00247	0.00382	0.01417	0.00851	0.00750
139	0.01128	0.00752	0.00846	0.00846	0.00846	0.00752	0.00470	0.01128	0.01128	0.01503	0.02443	0.05074	0.02819	0.72751	0.03946	0.00752	0.00752	0.01128	0.00470	0.00470
