[name]
unknown

[dist]
# distance from previous block
# <min> <max>
0	179

[block]
# block no. 0 follows, 23 sequences, length 42
# corresponding to MSA columns:
# 209-250
name=unknown_A
#
# <colnr> <probs for GDERKNQSTAVLIFYWHMCP>
#	G	D	E	R	K	N	Q	S	T	A	V	L	I	F	Y	W	H	M	C	P
0	0.02357	0.10093	0.12272	0.02308	0.05365	0.23371	0.12334	0.09518	0.05244	0.02633	0.01714	0.02241	0.01418	0.00898	0.00795	0.00242	0.01180	0.04453	0.00482	0.01081
1	0.01676	0.08365	0.60280	0.02308	0.03457	0.01976	0.05832	0.02562	0.01719	0.02530	0.01445	0.01710	0.01039	0.00762	0.00764	0.00253	0.01187	0.00607	0.00346	0.01184
2	0.01249	0.00934	0.01198	0.01255	0.01473	0.00910	0.01033	0.01717	0.05838	0.02712	0.24210	0.07609	0.14589	0.01961	0.01027	0.00316	0.00576	0.29817	0.00799	0.00776
3	0.01635	0.03767	0.56413	0.02318	0.03368	0.01882	0.06067	0.02486	0.01702	0.02525	0.01590	0.02131	0.01231	0.00884	0.00918	0.00270	0.05515	0.03779	0.00368	0.01150
4	0.02840	0.03435	0.02235	0.02091	0.04716	0.55517	0.01521	0.06285	0.04772	0.02203	0.01463	0.01812	0.01248	0.05296	0.00956	0.00251	0.01340	0.00598	0.00459	0.00962
5	0.01934	0.18476	0.42060	0.02257	0.07047	0.10076	0.02452	0.02615	0.01778	0.02364	0.01367	0.01614	0.01049	0.00759	0.00715	0.00232	0.01145	0.00563	0.00356	0.01140
6	0.01760	0.03346	0.43827	0.02220	0.03182	0.01936	0.07550	0.03058	0.19370	0.02802	0.01987	0.02119	0.01449	0.00856	0.00802	0.00263	0.01058	0.00718	0.00483	0.01214
7	0.01993	0.05811	0.10206	0.02748	0.03481	0.02110	0.37167	0.09855	0.05098	0.02825	0.01715	0.02145	0.01317	0.01097	0.04851	0.00327	0.04824	0.00849	0.00467	0.01113
8	0.02482	0.13545	0.20711	0.02047	0.02717	0.36606	0.01946	0.04696	0.02058	0.02230	0.01308	0.01533	0.01050	0.00819	0.00771	0.00223	0.03279	0.00543	0.00397	0.01039
9	0.01000	0.00714	0.00955	0.01143	0.01195	0.00669	0.00773	0.01150	0.01565	0.02084	0.04466	0.68742	0.05342	0.02531	0.01039	0.00331	0.00481	0.04405	0.00753	0.00662
10	0.01108	0.00827	0.01032	0.01009	0.01211	0.00752	0.00762	0.01439	0.02138	0.02918	0.46979	0.10073	0.19932	0.01822	0.00970	0.00270	0.00413	0.04755	0.00848	0.00742
11	0.02284	0.02158	0.06549	0.03894	0.42214	0.02096	0.05213	0.19577	0.02392	0.03331	0.01646	0.01984	0.01295	0.00794	0.00811	0.00244	0.00976	0.00730	0.00513	0.01298
12	0.01714	0.14957	0.57273	0.02166	0.03285	0.02095	0.02742	0.02547	0.01703	0.02465	0.01404	0.01648	0.01030	0.00759	0.00731	0.00244	0.01147	0.00573	0.00343	0.01174
13	0.01004	0.00713	0.00937	0.01110	0.01153	0.00670	0.00732	0.01134	0.01523	0.02030	0.04315	0.65548	0.05168	0.08220	0.01291	0.00367	0.00497	0.02214	0.00732	0.00645
14	0.01386	0.00943	0.01194	0.01083	0.01329	0.00887	0.00827	0.05271	0.02365	0.06720	0.56144	0.05728	0.09775	0.01603	0.00941	0.00255	0.00430	0.01401	0.00888	0.00831
15	0.02985	0.10833	0.02406	0.01927	0.09103	0.09212	0.01421	0.06709	0.07796	0.33833	0.02434	0.02300	0.01686	0.00912	0.00763	0.00234	0.00834	0.00720	0.00750	0.03143
16	0.01091	0.00779	0.01059	0.01247	0.01339	0.00747	0.00931	0.01307	0.01654	0.02186	0.04416	0.51123	0.05143	0.02446	0.01063	0.00344	0.00559	0.21127	0.00751	0.00687
17	0.02861	0.02140	0.02315	0.01761	0.02422	0.02287	0.01449	0.53863	0.03474	0.04719	0.01867	0.01906	0.01351	0.00914	0.00778	0.00224	0.00846	0.00691	0.00759	0.13372
18	0.02330	0.01794	0.01891	0.04111	0.02253	0.05679	0.01321	0.04109	0.48598	0.13876	0.03100	0.02862	0.02266	0.01059	0.00818	0.00267	0.00713	0.00871	0.00815	0.01267
19	0.09571	0.01454	0.02188	0.50475	0.04509	0.01796	0.01939	0.02188	0.05507	0.02314	0.01665	0.05793	0.01376	0.00951	0.00899	0.00277	0.04974	0.00788	0.00425	0.00909
20	0.06053	0.20836	0.32808	0.01814	0.02717	0.02064	0.02065	0.02841	0.01819	0.17160	0.01754	0.01827	0.01248	0.00804	0.00703	0.00234	0.00969	0.00598	0.00503	0.01184
21	0.01640	0.01619	0.03016	0.47135	0.04963	0.01819	0.19579	0.02213	0.01710	0.02273	0.01562	0.02216	0.01176	0.00782	0.00840	0.00267	0.01126	0.00790	0.04325	0.00949
22	0.01113	0.00918	0.00960	0.00952	0.01207	0.00846	0.00709	0.01515	0.08164	0.02254	0.06821	0.07104	0.48591	0.10243	0.01333	0.00341	0.00499	0.04975	0.00729	0.00726
23	0.01818	0.04676	0.03800	0.24495	0.13785	0.02001	0.32614	0.02410	0.01802	0.02413	0.01541	0.02119	0.01184	0.00730	0.00871	0.00264	0.01198	0.00827	0.00391	0.01059
24	0.03238	0.01489	0.02073	0.01889	0.09146	0.01409	0.01378	0.03691	0.06289	0.51675	0.02889	0.02634	0.01900	0.01006	0.00931	0.00258	0.05079	0.00806	0.00886	0.01333
25	0.00961	0.00815	0.00829	0.00840	0.01101	0.00683	0.00624	0.01162	0.01832	0.02185	0.08002	0.11474	0.62568	0.02083	0.00963	0.00277	0.00414	0.01747	0.00753	0.00683
26	0.01583	0.01542	0.02748	0.60707	0.05409	0.01836	0.10426	0.02143	0.01662	0.02143	0.01469	0.02167	0.01102	0.00794	0.00831	0.00271	0.01120	0.00753	0.00367	0.00927
27	0.02356	0.30624	0.21764	0.01760	0.02584	0.02477	0.01864	0.15488	0.02191	0.09426	0.01607	0.01705	0.01207	0.00807	0.00684	0.00220	0.00950	0.00583	0.00511	0.01193
28	0.01020	0.00749	0.01028	0.05100	0.01433	0.00725	0.00840	0.01185	0.01558	0.02071	0.04296	0.66961	0.05118	0.02442	0.01023	0.00326	0.00506	0.02215	0.00730	0.00673
29	0.01686	0.01457	0.01718	0.01280	0.01924	0.01205	0.01022	0.02133	0.05044	0.02626	0.01607	0.03760	0.01382	0.00734	0.00751	0.00149	0.04822	0.00571	0.00499	0.65629
30	0.01340	0.01019	0.01530	0.05838	0.02019	0.01031	0.04297	0.01740	0.01883	0.02468	0.08020	0.08179	0.04475	0.02039	0.01083	0.00355	0.00774	0.50421	0.00716	0.00775
31	0.02753	0.02010	0.02154	0.01680	0.02268	0.02189	0.01375	0.49365	0.06585	0.04620	0.02072	0.02119	0.01511	0.00954	0.00770	0.00231	0.00799	0.00728	0.09950	0.05866
32	0.01185	0.00799	0.00932	0.00941	0.00959	0.00808	0.00565	0.01222	0.01223	0.01636	0.02625	0.05387	0.02986	0.64052	0.07714	0.00795	0.00865	0.04284	0.00502	0.00519
33	0.05619	0.05274	0.31089	0.02421	0.06474	0.12320	0.09517	0.06113	0.01890	0.02602	0.01414	0.01735	0.01086	0.00843	0.00964	0.00257	0.08228	0.00643	0.00401	0.01110
34	0.05545	0.14019	0.49130	0.02041	0.03082	0.02023	0.02502	0.02656	0.01738	0.07910	0.01537	0.01720	0.01105	0.00778	0.00724	0.00244	0.01079	0.00585	0.00406	0.01175
35	0.01904	0.01822	0.03106	0.19058	0.53155	0.01901	0.02439	0.02399	0.01799	0.02525	0.01508	0.02042	0.01241	0.00742	0.00805	0.00247	0.00990	0.00723	0.00393	0.01202
36	0.01922	0.01879	0.03323	0.15119	0.49772	0.01922	0.09250	0.02436	0.01819	0.02553	0.01526	0.02053	0.01247	0.00733	0.00822	0.00249	0.01028	0.00749	0.00396	0.01203
37	0.02190	0.02183	0.02265	0.05587	0.02362	0.18086	0.01616	0.04934	0.05564	0.05968	0.01517	0.01977	0.01293	0.01566	0.07163	0.00377	0.33232	0.00698	0.00462	0.00960
38	0.00984	0.00823	0.00857	0.00849	0.01112	0.00696	0.00637	0.01214	0.01910	0.02335	0.15983	0.07574	0.58240	0.02002	0.00959	0.00271	0.00407	0.01680	0.00772	0.00696
39	0.01525	0.01399	0.02354	0.65558	0.05326	0.01739	0.02164	0.02014	0.01590	0.02035	0.01440	0.02181	0.01101	0.00928	0.00948	0.04689	0.01060	0.00720	0.00360	0.00870
40	0.11294	0.02463	0.02246	0.13461	0.06309	0.21810	0.01623	0.19922	0.07662	0.03221	0.01650	0.01859	0.01257	0.00877	0.00752	0.00241	0.01047	0.00648	0.00561	0.01097
41	0.01763	0.02077	0.09036	0.25647	0.07898	0.01962	0.32497	0.02392	0.01774	0.02401	0.01534	0.02117	0.01161	0.00761	0.00941	0.00272	0.03515	0.00827	0.00386	0.01041

[dist]
# distance from previous block
# <min> <max>
0	1

[block]
# block no. 1 follows, 23 sequences, length 7
# corresponding to MSA columns:
# 252-258
name=unknown_B
#
# <colnr> <probs for GDERKNQSTAVLIFYWHMCP>
#	G	D	E	R	K	N	Q	S	T	A	V	L	I	F	Y	W	H	M	C	P
0	0.01346	0.01351	0.04809	0.01347	0.01558	0.08603	0.01050	0.01682	0.04944	0.02209	0.04193	0.42736	0.09860	0.02096	0.00979	0.00309	0.00661	0.08805	0.00695	0.00766
1	0.03187	0.01955	0.07637	0.01626	0.02268	0.06688	0.01421	0.14725	0.02543	0.41589	0.05920	0.02590	0.02025	0.00999	0.00812	0.00247	0.00816	0.00792	0.00860	0.01299
2	0.01209	0.00864	0.01018	0.01020	0.01128	0.00848	0.00676	0.03477	0.03803	0.02254	0.16378	0.19471	0.09268	0.32303	0.02349	0.00505	0.00606	0.01496	0.00672	0.00656
3	0.01932	0.07671	0.03329	0.09348	0.48192	0.01982	0.07579	0.02405	0.01820	0.02521	0.01786	0.02228	0.04044	0.00782	0.00801	0.00242	0.00976	0.00762	0.00410	0.01193
4	0.02530	0.01898	0.02104	0.01721	0.02201	0.02111	0.01382	0.44567	0.06017	0.04228	0.02476	0.16128	0.02229	0.01327	0.00966	0.00269	0.04811	0.01061	0.00774	0.01199
5	0.02765	0.02019	0.02403	0.01848	0.02434	0.02171	0.06530	0.46924	0.03280	0.08094	0.05375	0.02500	0.01857	0.06673	0.01099	0.00291	0.00885	0.00829	0.00768	0.01253
6	0.05840	0.02088	0.08570	0.09397	0.37828	0.03835	0.02178	0.07599	0.05528	0.02829	0.01656	0.02062	0.01333	0.01076	0.04481	0.00305	0.01035	0.00711	0.00458	0.01191

[dist]
# distance from previous block
# <min> <max>
1	6

[block]
# block no. 2 follows, 23 sequences, length 80
# corresponding to MSA columns:
# 265-344
name=unknown_C
#
# <colnr> <probs for GDERKNQSTAVLIFYWHMCP>
#	G	D	E	R	K	N	Q	S	T	A	V	L	I	F	Y	W	H	M	C	P
0	0.01920	0.01754	0.01708	0.01579	0.01982	0.07873	0.01225	0.03605	0.46329	0.03030	0.03709	0.06471	0.08861	0.01302	0.00858	0.00278	0.00695	0.04914	0.00773	0.01134
1	0.01522	0.00836	0.00919	0.03328	0.01206	0.00855	0.00693	0.04338	0.01739	0.02902	0.02692	0.09604	0.02305	0.01193	0.00763	0.04039	0.00450	0.00904	0.58953	0.00757
2	0.01458	0.00892	0.01029	0.01003	0.01159	0.00865	0.00682	0.04503	0.01609	0.05676	0.02999	0.20278	0.03118	0.26877	0.01998	0.00442	0.00600	0.01277	0.19328	0.04207
3	0.06147	0.01599	0.01906	0.04410	0.02250	0.01656	0.01287	0.09092	0.24849	0.33318	0.02964	0.02698	0.02034	0.01017	0.00805	0.00260	0.00704	0.00824	0.00874	0.01304
4	0.02122	0.66086	0.09725	0.01469	0.02207	0.03096	0.01528	0.02442	0.01654	0.01966	0.01157	0.01337	0.01040	0.00701	0.00542	0.00181	0.00897	0.00448	0.00347	0.01055
5	0.01431	0.00762	0.00804	0.00814	0.00971	0.00766	0.00587	0.01749	0.01615	0.02755	0.02708	0.06720	0.02347	0.09677	0.03913	0.00315	0.00508	0.00890	0.59949	0.00718
6	0.02651	0.02079	0.02271	0.08454	0.02642	0.05109	0.01533	0.43154	0.05978	0.04161	0.01927	0.02174	0.01461	0.04002	0.01061	0.00274	0.05387	0.00748	0.03718	0.01215
7	0.01745	0.05734	0.37890	0.07971	0.03781	0.01983	0.21057	0.02614	0.04685	0.02553	0.01584	0.01938	0.01161	0.00760	0.00824	0.00261	0.01203	0.00726	0.00387	0.01142
8	0.02309	0.02662	0.03269	0.07604	0.11497	0.25678	0.23494	0.02936	0.07842	0.02423	0.01628	0.01982	0.01276	0.00791	0.00835	0.00246	0.01263	0.00752	0.00447	0.01068
9	0.01269	0.00965	0.01178	0.01137	0.01359	0.00955	0.00863	0.01892	0.11449	0.02990	0.41172	0.09385	0.10829	0.04761	0.01094	0.00296	0.00476	0.06279	0.00836	0.00817
10	0.02942	0.02178	0.02341	0.01824	0.02437	0.02409	0.01495	0.58288	0.06327	0.04900	0.02122	0.05177	0.01611	0.01052	0.00823	0.00249	0.00863	0.00811	0.00810	0.01343
11	0.01067	0.00821	0.01213	0.04243	0.01531	0.00786	0.04083	0.01265	0.01607	0.02149	0.06787	0.61623	0.05060	0.02332	0.01018	0.00321	0.00541	0.02132	0.00724	0.00697
12	0.02267	0.01585	0.01727	0.01426	0.01804	0.01712	0.01082	0.30914	0.07513	0.06459	0.02364	0.03338	0.02096	0.26601	0.02008	0.00441	0.00803	0.00914	0.03922	0.01023
13	0.01251	0.00861	0.01009	0.01014	0.01078	0.00861	0.00646	0.04516	0.01496	0.02007	0.07748	0.16446	0.03705	0.47934	0.03066	0.00623	0.00706	0.03842	0.00594	0.00598
14	0.01532	0.01442	0.02434	0.69533	0.05589	0.01803	0.02253	0.02073	0.01622	0.02073	0.01442	0.02163	0.01082	0.00811	0.00811	0.00270	0.01082	0.00721	0.00361	0.00901
15	0.01578	0.01489	0.02517	0.63301	0.11462	0.01815	0.02276	0.02113	0.01644	0.02129	0.01450	0.02148	0.01101	0.00803	0.00810	0.00268	0.01070	0.00721	0.00365	0.00938
16	0.01470	0.00787	0.00854	0.00838	0.00970	0.00780	0.00569	0.01684	0.01516	0.04756	0.02584	0.03782	0.02350	0.25412	0.01918	0.03612	0.00544	0.00903	0.44000	0.00670
17	0.64955	0.01602	0.01395	0.07854	0.02026	0.01864	0.01057	0.06338	0.01563	0.03582	0.01214	0.01442	0.00931	0.00773	0.00553	0.00252	0.00690	0.00486	0.00508	0.00914
18	0.05701	0.01262	0.01582	0.01385	0.01752	0.03859	0.01104	0.05181	0.01864	0.25131	0.05477	0.02965	0.02168	0.03403	0.32495	0.00744	0.01409	0.00839	0.00676	0.01002
19	0.16686	0.02174	0.02068	0.01691	0.02228	0.11119	0.01369	0.28160	0.08107	0.11979	0.01932	0.01953	0.01400	0.00953	0.00843	0.00250	0.04517	0.00674	0.00703	0.01193
20	0.01089	0.00807	0.01008	0.01084	0.01250	0.00741	0.00818	0.01318	0.01821	0.02372	0.17171	0.25327	0.23411	0.02185	0.01106	0.03586	0.00499	0.12959	0.00762	0.00690
21	0.02339	0.01928	0.05441	0.21320	0.18993	0.06854	0.01943	0.05830	0.07848	0.16400	0.02022	0.02249	0.01468	0.00865	0.00804	0.00253	0.00954	0.00740	0.00577	0.01173
22	0.02847	0.02053	0.02233	0.01765	0.02346	0.02252	0.01437	0.51336	0.07508	0.07564	0.02327	0.08424	0.01848	0.01128	0.00833	0.00254	0.00828	0.00892	0.00816	0.01307
23	0.03207	0.01340	0.01773	0.01401	0.01965	0.01200	0.01142	0.03672	0.07013	0.54367	0.08967	0.03244	0.04684	0.01105	0.00834	0.00254	0.00650	0.00912	0.00973	0.01296
24	0.01576	0.01487	0.02513	0.63599	0.11181	0.01814	0.02275	0.02112	0.01643	0.02126	0.01450	0.02149	0.01100	0.00803	0.00811	0.00268	0.01071	0.00721	0.00364	0.00937
25	0.01921	0.02172	0.04691	0.03521	0.08279	0.02044	0.59514	0.02592	0.01911	0.02603	0.01634	0.02177	0.01235	0.00687	0.00948	0.00271	0.01342	0.00942	0.00410	0.01107
26	0.02045	0.01629	0.01978	0.12155	0.02627	0.01906	0.01478	0.03566	0.39523	0.09217	0.02812	0.03004	0.02162	0.01131	0.01030	0.00285	0.08080	0.03487	0.00718	0.01169
27	0.01011	0.00722	0.00965	0.01141	0.01202	0.00677	0.00779	0.01174	0.01603	0.02144	0.07391	0.65028	0.05444	0.02486	0.01036	0.00328	0.00479	0.04961	0.00760	0.00668
28	0.04504	0.02734	0.33691	0.05365	0.05543	0.01606	0.10101	0.02250	0.01856	0.02718	0.15276	0.03016	0.05828	0.01011	0.00836	0.00259	0.00972	0.00889	0.00497	0.01045
29	0.00991	0.00730	0.00929	0.01076	0.01166	0.00668	0.00732	0.01154	0.01635	0.02145	0.07923	0.57838	0.15194	0.02423	0.01020	0.00317	0.00457	0.02173	0.00760	0.00668
30	0.01409	0.00705	0.01057	0.01057	0.01057	0.00705	0.00705	0.01057	0.01057	0.01409	0.01409	0.02467	0.01409	0.02819	0.03171	0.76392	0.00705	0.00705	0.00352	0.00352
31	0.01847	0.02022	0.04012	0.08799	0.03832	0.02138	0.42843	0.02393	0.01723	0.02393	0.01481	0.02084	0.01177	0.00878	0.01369	0.00294	0.18422	0.00876	0.00392	0.01026
32	0.58211	0.12595	0.01782	0.01209	0.01743	0.05659	0.01025	0.05256	0.01584	0.03351	0.01174	0.01352	0.00936	0.00759	0.00532	0.00236	0.00722	0.00456	0.00488	0.00930
33	0.01762	0.01312	0.01413	0.01277	0.01678	0.01359	0.00992	0.02943	0.30975	0.10369	0.05364	0.05012	0.29248	0.01492	0.00881	0.00272	0.00550	0.01241	0.00816	0.01043
34	0.01224	0.00875	0.01212	0.01399	0.01550	0.00862	0.01163	0.01538	0.01786	0.02335	0.04342	0.25253	0.04851	0.02320	0.01099	0.00362	0.00675	0.45680	0.00749	0.00724
35	0.02008	0.01928	0.03294	0.04981	0.66422	0.01928	0.02490	0.02490	0.01848	0.02651	0.01526	0.02008	0.01285	0.00723	0.00803	0.00241	0.00964	0.00723	0.00402	0.01285
36	0.01734	0.07762	0.60452	0.02239	0.03382	0.01989	0.02834	0.05786	0.01820	0.02668	0.01464	0.01703	0.01047	0.00777	0.00760	0.00252	0.01165	0.00598	0.00368	0.01200
37	0.00976	0.00823	0.00846	0.00840	0.01107	0.00692	0.00630	0.01198	0.01891	0.02290	0.13552	0.07648	0.60699	0.02018	0.00959	0.00272	0.00408	0.01690	0.00766	0.00692
38	0.74043	0.01599	0.01246	0.01101	0.01610	0.01850	0.00907	0.05009	0.01485	0.03704	0.01165	0.01345	0.00900	0.00763	0.00515	0.00251	0.00639	0.00452	0.00515	0.00900
39	0.77215	0.01569	0.01193	0.01067	0.01569	0.01820	0.00879	0.02385	0.01381	0.03641	0.01130	0.01318	0.00879	0.00753	0.00502	0.00251	0.00628	0.00439	0.00502	0.00879
40	0.01779	0.01694	0.02879	0.36118	0.37078	0.01868	0.02376	0.02289	0.01739	0.02372	0.01486	0.02083	0.01187	0.00766	0.00807	0.00255	0.01021	0.00722	0.00382	0.01100
41	0.01180	0.00787	0.00885	0.00885	0.00885	0.00787	0.00492	0.01180	0.01180	0.01573	0.02557	0.05310	0.02950	0.71483	0.04130	0.00787	0.00787	0.01180	0.00492	0.00492
42	0.77215	0.01569	0.01193	0.01067	0.01569	0.01820	0.00879	0.02385	0.01381	0.03641	0.01130	0.01318	0.00879	0.00753	0.00502	0.00251	0.00628	0.00439	0.00502	0.00879
43	0.02271	0.01869	0.01977	0.01703	0.02206	0.02137	0.01346	0.18416	0.50439	0.03803	0.02981	0.02771	0.02216	0.01071	0.00822	0.00268	0.00702	0.00873	0.00822	0.01307
44	0.12901	0.02180	0.02271	0.01761	0.02391	0.02424	0.01454	0.55594	0.03493	0.04919	0.01840	0.01865	0.01314	0.00945	0.00771	0.00245	0.00858	0.00692	0.00771	0.01314
45	0.01148	0.00829	0.01085	0.01021	0.01212	0.00766	0.00766	0.01531	0.02297	0.03254	0.65994	0.06061	0.07656	0.01659	0.00957	0.00255	0.00383	0.01467	0.00893	0.00766
46	0.00997	0.00713	0.00949	0.01124	0.01179	0.00665	0.00754	0.01152	0.01594	0.02135	0.07800	0.67444	0.05491	0.02494	0.01031	0.00326	0.00466	0.02261	0.00761	0.00665
47	0.02816	0.02271	0.02275	0.01832	0.02415	0.07748	0.01480	0.44043	0.18868	0.04432	0.02228	0.02177	0.01625	0.00994	0.00809	0.00249	0.00877	0.00760	0.00783	0.01320
48	0.01159	0.00869	0.01304	0.01304	0.01449	0.01014	0.01014	0.01449	0.01304	0.01884	0.02173	0.03188	0.02029	0.06086	0.68268	0.01304	0.02173	0.00869	0.00435	0.00724
49	0.01180	0.00787	0.00885	0.00885	0.00885	0.00787	0.00492	0.01180	0.01180	0.01573	0.02557	0.05310	0.02950	0.71483	0.04130	0.00787	0.00787	0.01180	0.00492	0.00492
50	0.01427	0.01140	0.01637	0.06076	0.07790	0.01151	0.03828	0.07401	0.02054	0.02806	0.22428	0.21387	0.07305	0.01921	0.04589	0.00337	0.00711	0.04441	0.00711	0.00860
51	0.01164	0.00780	0.00890	0.00905	0.00909	0.00776	0.00513	0.01176	0.01210	0.01614	0.02713	0.10660	0.03147	0.65865	0.03878	0.00749	0.00761	0.01272	0.00513	0.00505
52	0.00989	0.00706	0.00942	0.01130	0.01177	0.00659	0.00753	0.01130	0.01554	0.02071	0.04472	0.70954	0.05367	0.02542	0.01036	0.00330	0.00471	0.02307	0.00753	0.00659
53	0.02008	0.01928	0.03294	0.04981	0.66422	0.01928	0.02490	0.02490	0.01848	0.02651	0.01526	0.02008	0.01285	0.00723	0.00803	0.00241	0.00964	0.00723	0.00402	0.01285
54	0.01409	0.00705	0.01057	0.01057	0.01057	0.00705	0.00705	0.01057	0.01057	0.01409	0.01409	0.02467	0.01409	0.02819	0.03171	0.76392	0.00705	0.00705	0.00352	0.00352
55	0.00989	0.00706	0.00942	0.01130	0.01177	0.00659	0.00753	0.01130	0.01554	0.02071	0.04472	0.70954	0.05367	0.02542	0.01036	0.00330	0.00471	0.02307	0.00753	0.00659
56	0.00989	0.00706	0.00942	0.01130	0.01177	0.00659	0.00753	0.01130	0.01554	0.02071	0.04472	0.70954	0.05367	0.02542	0.01036	0.00330	0.00471	0.02307	0.00753	0.00659
57	0.01385	0.01065	0.01577	0.01992	0.11506	0.01060	0.01437	0.01754	0.01836	0.02430	0.03890	0.13727	0.04218	0.02038	0.01065	0.00349	0.00755	0.46401	0.00695	0.00821
58	0.01180	0.00787	0.00885	0.00885	0.00885	0.00787	0.00492	0.01180	0.01180	0.01573	0.02557	0.05310	0.02950	0.71483	0.04130	0.00787	0.00787	0.01180	0.00492	0.00492
59	0.03031	0.03867	0.02299	0.02090	0.02508	0.68226	0.01568	0.03240	0.02299	0.01986	0.01254	0.01463	0.01045	0.00836	0.00732	0.00209	0.01463	0.00523	0.00418	0.00941
60	0.01042	0.00861	0.00920	0.00910	0.01168	0.00760	0.00680	0.01373	0.04910	0.02417	0.17283	0.10580	0.50306	0.01970	0.00956	0.00274	0.00420	0.01665	0.00780	0.00725
61	0.01152	0.00795	0.00897	0.00891	0.00940	0.00773	0.00532	0.01212	0.01363	0.01805	0.09301	0.05663	0.10507	0.56950	0.03468	0.00678	0.00706	0.01268	0.00560	0.00540
62	0.03085	0.02273	0.02435	0.01867	0.02516	0.02516	0.01542	0.63716	0.03815	0.05114	0.01948	0.01948	0.01380	0.00974	0.00812	0.00244	0.00893	0.00731	0.00812	0.01380
63	0.01139	0.00769	0.00897	0.00937	0.00948	0.00759	0.00548	0.01169	0.01260	0.01680	0.02967	0.19369	0.03468	0.56718	0.03467	0.00689	0.00719	0.01421	0.00548	0.00528
64	0.01013	0.00728	0.00946	0.01090	0.01160	0.00678	0.00733	0.01173	0.01621	0.02165	0.10508	0.57848	0.08617	0.06161	0.01191	0.00344	0.00476	0.02134	0.00753	0.00662
65	0.01083	0.00827	0.00995	0.00953	0.01172	0.00738	0.00715	0.01406	0.02144	0.02890	0.46188	0.06660	0.27689	0.01795	0.00958	0.00262	0.00392	0.01551	0.00845	0.00738
66	0.03031	0.03867	0.02299	0.02090	0.02508	0.68226	0.01568	0.03240	0.02299	0.01986	0.01254	0.01463	0.01045	0.00836	0.00732	0.00209	0.01463	0.00523	0.00418	0.00941
67	0.01180	0.00787	0.00885	0.00885	0.00885	0.00787	0.00492	0.01180	0.01180	0.01573	0.02557	0.05310	0.02950	0.71483	0.04130	0.00787	0.00787	0.01180	0.00492	0.00492
68	0.48093	0.01391	0.01174	0.01046	0.01469	0.01566	0.00846	0.07726	0.01694	0.03590	0.01654	0.01882	0.01280	0.00830	0.00549	0.00232	0.00577	0.00560	0.22954	0.00887
69	0.01180	0.00787	0.00885	0.00885	0.00885	0.00787	0.00492	0.01180	0.01180	0.01573	0.02557	0.05310	0.02950	0.71483	0.04130	0.00787	0.00787	0.01180	0.00492	0.00492
70	0.00969	0.00822	0.00836	0.00832	0.01102	0.00689	0.00624	0.01184	0.01873	0.02248	0.11266	0.07717	0.63012	0.02034	0.00959	0.00273	0.00410	0.01700	0.00761	0.00689
71	0.02124	0.01720	0.01838	0.01638	0.02107	0.01965	0.01278	0.04289	0.60888	0.07524	0.03296	0.03010	0.02447	0.01095	0.00825	0.00274	0.00645	0.00911	0.00837	0.01291
72	0.00969	0.00822	0.00835	0.00832	0.01102	0.00689	0.00624	0.01183	0.01872	0.02245	0.11125	0.07721	0.63154	0.02035	0.00959	0.00273	0.00410	0.01700	0.00761	0.00689
73	0.01683	0.01442	0.01683	0.01202	0.01923	0.01082	0.00961	0.02043	0.01683	0.02644	0.01442	0.01683	0.01202	0.00601	0.00601	0.00120	0.00601	0.00481	0.00481	0.76444
74	0.01461	0.01446	0.02846	0.02261	0.02698	0.01356	0.31517	0.01886	0.01771	0.02389	0.05490	0.32445	0.03404	0.01586	0.00997	0.00301	0.00917	0.03757	0.00590	0.00880
75	0.00981	0.00736	0.00910	0.01050	0.01156	0.00666	0.00718	0.01139	0.01631	0.02103	0.05449	0.54504	0.21186	0.02415	0.01016	0.00315	0.00455	0.02152	0.00753	0.00666
76	0.01168	0.00871	0.01090	0.01028	0.01241	0.00814	0.00773	0.01619	0.05137	0.03142	0.56683	0.06115	0.13911	0.01677	0.00951	0.00258	0.00398	0.01469	0.00875	0.00781
77	0.01505	0.01336	0.02054	0.04691	0.02109	0.01628	0.07132	0.04219	0.01453	0.02096	0.01773	0.02669	0.01641	0.06343	0.34595	0.00822	0.21847	0.00831	0.00423	0.00832
78	0.05765	0.31369	0.08545	0.01749	0.05576	0.05321	0.01530	0.09250	0.04949	0.08890	0.01653	0.01916	0.01350	0.04654	0.00934	0.00251	0.04078	0.00613	0.00506	0.01100
79	0.01798	0.01504	0.01770	0.01360	0.01934	0.01359	0.01088	0.10173	0.01921	0.02847	0.01947	0.07570	0.03716	0.00935	0.00872	0.00181	0.07209	0.00726	0.00544	0.50546

[dist]
# distance from previous block
# <min> <max>
4	13

[block]
# block no. 3 follows, 23 sequences, length 31
# corresponding to MSA columns:
# 358-388
name=unknown_D
#
# <colnr> <probs for GDERKNQSTAVLIFYWHMCP>
#	G	D	E	R	K	N	Q	S	T	A	V	L	I	F	Y	W	H	M	C	P
0	0.09010	0.06819	0.01965	0.01570	0.02033	0.28188	0.01230	0.07096	0.05136	0.05726	0.05049	0.02292	0.04642	0.00934	0.00706	0.00213	0.00952	0.00675	0.07396	0.08368
1	0.01276	0.01038	0.01457	0.01272	0.01557	0.00990	0.06483	0.01844	0.08143	0.03069	0.46653	0.05651	0.14230	0.01569	0.00945	0.00261	0.00500	0.01401	0.00825	0.00834
2	0.23886	0.02028	0.02057	0.06043	0.05429	0.05327	0.01419	0.30745	0.08870	0.04068	0.01765	0.01869	0.01307	0.00895	0.00721	0.00249	0.00835	0.00655	0.00659	0.01173
3	0.01180	0.00787	0.00885	0.00885	0.00885	0.00787	0.00492	0.01180	0.01180	0.01573	0.02557	0.05310	0.02950	0.71483	0.04130	0.00787	0.00787	0.01180	0.00492	0.00492
4	0.04798	0.01586	0.02487	0.48615	0.15089	0.01872	0.02142	0.05217	0.05747	0.02460	0.01585	0.02148	0.01209	0.00820	0.00798	0.00264	0.01007	0.00723	0.00424	0.01011
5	0.77215	0.01569	0.01193	0.01067	0.01569	0.01820	0.00879	0.02385	0.01381	0.03641	0.01130	0.01318	0.00879	0.00753	0.00502	0.00251	0.00628	0.00439	0.00502	0.00879
6	0.00989	0.00706	0.00942	0.01130	0.01177	0.00659	0.00753	0.01130	0.01554	0.02071	0.04472	0.70954	0.05367	0.02542	0.01036	0.00330	0.00471	0.02307	0.00753	0.00659
7	0.01627	0.04197	0.67279	0.02313	0.03512	0.01884	0.02998	0.02570	0.01713	0.02570	0.01456	0.01713	0.01028	0.00771	0.00771	0.00257	0.01199	0.00600	0.00343	0.01199
8	0.00980	0.00738	0.00908	0.01044	0.01154	0.00666	0.00715	0.01139	0.01636	0.02105	0.05516	0.53366	0.22281	0.02406	0.01014	0.00314	0.00454	0.02141	0.00753	0.00666
9	0.00984	0.00724	0.00923	0.01083	0.01164	0.00663	0.00732	0.01135	0.01599	0.02090	0.05049	0.61244	0.14704	0.02467	0.01024	0.00321	0.00462	0.02215	0.00753	0.00663
10	0.02065	0.01766	0.01861	0.01661	0.02128	0.02040	0.01296	0.06912	0.62280	0.03470	0.03243	0.02980	0.02429	0.01095	0.00825	0.00274	0.00653	0.00909	0.00825	0.01289
11	0.77215	0.01569	0.01193	0.01067	0.01569	0.01820	0.00879	0.02385	0.01381	0.03641	0.01130	0.01318	0.00879	0.00753	0.00502	0.00251	0.00628	0.00439	0.00502	0.00879
12	0.03172	0.01277	0.01733	0.01364	0.01910	0.01112	0.01112	0.03499	0.02318	0.55011	0.14997	0.03382	0.03070	0.01127	0.00842	0.00252	0.00633	0.00938	0.00983	0.01265
13	0.77215	0.01569	0.01193	0.01067	0.01569	0.01820	0.00879	0.02385	0.01381	0.03641	0.01130	0.01318	0.00879	0.00753	0.00502	0.00251	0.00628	0.00439	0.00502	0.00879
14	0.01215	0.00952	0.01411	0.01379	0.01511	0.01148	0.01083	0.01495	0.01298	0.01890	0.02073	0.03060	0.01941	0.05662	0.62317	0.01218	0.08326	0.00855	0.00427	0.00739
15	0.01169	0.00788	0.00882	0.00882	0.00896	0.00781	0.00498	0.01179	0.01214	0.01605	0.02846	0.05438	0.06175	0.67938	0.03968	0.00760	0.00767	0.01207	0.00505	0.00502
16	0.02681	0.03088	0.02285	0.10217	0.02821	0.43540	0.01627	0.08750	0.09315	0.02442	0.01561	0.01783	0.01242	0.00903	0.00851	0.00234	0.04538	0.00619	0.00490	0.01012
17	0.01552	0.01530	0.02860	0.02266	0.02655	0.01651	0.25749	0.01980	0.01535	0.02176	0.01792	0.02576	0.01565	0.03235	0.31590	0.00751	0.12348	0.00880	0.00413	0.00896
18	0.02068	0.01768	0.01863	0.01661	0.02129	0.02041	0.01296	0.07061	0.62126	0.03474	0.03240	0.02977	0.02426	0.01095	0.00825	0.00274	0.00654	0.00909	0.00825	0.01289
19	0.01288	0.00901	0.01149	0.01083	0.01310	0.00847	0.00830	0.01748	0.05230	0.05741	0.53174	0.06073	0.10754	0.01665	0.00955	0.00264	0.00431	0.04872	0.00877	0.00809
20	0.01221	0.00866	0.01179	0.01347	0.01482	0.00856	0.01095	0.01502	0.01724	0.02257	0.04153	0.22872	0.04648	0.09614	0.01419	0.00407	0.00688	0.41249	0.00722	0.00700
21	0.01164	0.00849	0.01203	0.01203	0.01313	0.00960	0.00889	0.01384	0.01274	0.01809	0.02266	0.03698	0.02250	0.21805	0.52852	0.01180	0.01840	0.00944	0.00448	0.00669
22	0.01159	0.00869	0.01304	0.01304	0.01449	0.01014	0.01014	0.01449	0.01304	0.01884	0.02173	0.03188	0.02029	0.06086	0.68268	0.01304	0.02173	0.00869	0.00435	0.00724
23	0.77215	0.01569	0.01193	0.01067	0.01569	0.01820	0.00879	0.02385	0.01381	0.03641	0.01130	0.01318	0.00879	0.00753	0.00502	0.00251	0.00628	0.00439	0.00502	0.00879
24	0.51318	0.01852	0.01704	0.01453	0.02004	0.01991	0.01157	0.13696	0.02111	0.12119	0.01833	0.02022	0.01394	0.01014	0.00726	0.00301	0.00778	0.00637	0.00715	0.01175
25	0.01159	0.00869	0.01304	0.01304	0.01449	0.01014	0.01014	0.01449	0.01304	0.01884	0.02173	0.03188	0.02029	0.06086	0.68268	0.01304	0.02173	0.00869	0.00435	0.00724
26	0.02796	0.09743	0.02479	0.01770	0.02360	0.11294	0.01459	0.42319	0.06172	0.04088	0.02228	0.02235	0.05432	0.01000	0.00780	0.00235	0.00925	0.00742	0.00707	0.01237
27	0.27591	0.03106	0.01933	0.01752	0.02198	0.46241	0.01340	0.02957	0.01995	0.02534	0.01213	0.01415	0.00990	0.00809	0.00656	0.00223	0.01187	0.00495	0.00446	0.00920
28	0.09058	0.03460	0.45669	0.02366	0.08784	0.01976	0.02535	0.11629	0.02006	0.03057	0.01504	0.01737	0.01089	0.00795	0.00754	0.00253	0.01078	0.00615	0.00433	0.01203
29	0.01774	0.01746	0.07591	0.01560	0.02021	0.01705	0.01315	0.03485	0.44159	0.03286	0.18203	0.03637	0.03590	0.01205	0.00852	0.00269	0.00630	0.01021	0.00798	0.01152
30	0.01151	0.00962	0.01409	0.01470	0.05529	0.00886	0.06384	0.01395	0.01733	0.02269	0.10536	0.34100	0.21329	0.05571	0.01144	0.00320	0.00573	0.01792	0.00700	0.00745

[dist]
# distance from previous block
# <min> <max>
0	6

[block]
# block no. 4 follows, 23 sequences, length 39
# corresponding to MSA columns:
# 402-440
name=unknown_E
#
# <colnr> <probs for GDERKNQSTAVLIFYWHMCP>
#	G	D	E	R	K	N	Q	S	T	A	V	L	I	F	Y	W	H	M	C	P
0	0.01536	0.01138	0.01383	0.01182	0.01562	0.01022	0.00911	0.04785	0.05446	0.05598	0.29905	0.08804	0.04566	0.03891	0.00961	0.00245	0.00529	0.03113	0.00742	0.22680
1	0.02224	0.24208	0.17490	0.05191	0.09662	0.02185	0.01857	0.08138	0.02001	0.11468	0.04465	0.01992	0.01525	0.00827	0.00710	0.00223	0.00910	0.00642	0.00514	0.03767
2	0.01159	0.00869	0.01304	0.01304	0.01449	0.01014	0.01014	0.01449	0.01304	0.01884	0.02173	0.03188	0.02029	0.06086	0.68268	0.01304	0.02173	0.00869	0.00435	0.00724
3	0.02741	0.20894	0.06272	0.01927	0.02456	0.48430	0.01600	0.03002	0.02105	0.01998	0.01234	0.01436	0.01043	0.00797	0.00681	0.00203	0.01300	0.00505	0.00396	0.00980
4	0.01295	0.00925	0.01293	0.01479	0.01661	0.00923	0.01285	0.01659	0.01855	0.02414	0.04303	0.11682	0.04698	0.02254	0.01117	0.00372	0.00736	0.58560	0.00747	0.00744
5	0.01920	0.02174	0.04704	0.03507	0.07718	0.02045	0.60065	0.02593	0.01911	0.02602	0.01635	0.02179	0.01234	0.00686	0.00949	0.00272	0.01345	0.00944	0.00410	0.01105
6	0.00989	0.00706	0.00942	0.01130	0.01177	0.00659	0.00753	0.01130	0.01554	0.02071	0.04472	0.70954	0.05367	0.02542	0.01036	0.00330	0.00471	0.02307	0.00753	0.00659
7	0.07522	0.01494	0.01910	0.01473	0.02096	0.01380	0.01216	0.10801	0.02445	0.56411	0.02945	0.02590	0.01875	0.00987	0.00799	0.00250	0.00711	0.00786	0.00955	0.01354
8	0.01159	0.00869	0.01304	0.01304	0.01449	0.01014	0.01014	0.01449	0.01304	0.01884	0.02173	0.03188	0.02029	0.06086	0.68268	0.01304	0.02173	0.00869	0.00435	0.00724
9	0.01171	0.00783	0.00888	0.00896	0.00898	0.00781	0.00504	0.01178	0.01197	0.01596	0.02645	0.08334	0.03061	0.68307	0.03987	0.00766	0.00772	0.01232	0.00504	0.00499
10	0.01180	0.00787	0.00885	0.00885	0.00885	0.00787	0.00492	0.01180	0.01180	0.01573	0.02557	0.05310	0.02950	0.71483	0.04130	0.00787	0.00787	0.01180	0.00492	0.00492
11	0.02018	0.01743	0.01835	0.01651	0.02110	0.02018	0.01284	0.04312	0.64956	0.03394	0.03303	0.03027	0.02477	0.01101	0.00826	0.00275	0.00642	0.00917	0.00826	0.01284
12	0.00968	0.00822	0.00834	0.00831	0.01102	0.00689	0.00624	0.01182	0.01871	0.02242	0.10963	0.07726	0.63318	0.02036	0.00959	0.00273	0.00410	0.01701	0.00760	0.00689
13	0.03559	0.01512	0.01964	0.01506	0.02137	0.01387	0.01244	0.12721	0.02541	0.57907	0.03017	0.02642	0.01916	0.01000	0.00815	0.00250	0.00720	0.00803	0.00976	0.01381
14	0.02034	0.01026	0.01330	0.01151	0.01510	0.00905	0.00899	0.02348	0.02190	0.26701	0.29549	0.08756	0.15202	0.01531	0.00909	0.00261	0.00507	0.01313	0.00903	0.00975
15	0.01159	0.00869	0.01304	0.01304	0.01449	0.01014	0.01014	0.01449	0.01304	0.01884	0.02173	0.03188	0.02029	0.06086	0.68268	0.01304	0.02173	0.00869	0.00435	0.00724
16	0.01226	0.00876	0.01214	0.01401	0.01552	0.00864	0.01166	0.01540	0.01788	0.02337	0.04341	0.24927	0.04848	0.02318	0.01099	0.00362	0.00677	0.45989	0.00749	0.00725
17	0.01444	0.00898	0.01187	0.01091	0.01333	0.00823	0.00839	0.01819	0.02281	0.10608	0.55987	0.05815	0.06869	0.01609	0.00948	0.00260	0.00435	0.04019	0.00900	0.00836
18	0.00989	0.00706	0.00942	0.01130	0.01177	0.00659	0.00753	0.01130	0.01554	0.02071	0.04472	0.70954	0.05367	0.02542	0.01036	0.00330	0.00471	0.02307	0.00753	0.00659
19	0.01513	0.00756	0.00756	0.00756	0.00945	0.00756	0.00567	0.01891	0.01702	0.03025	0.02647	0.03025	0.02080	0.00945	0.00567	0.00189	0.00378	0.00756	0.75988	0.00756
20	0.64970	0.01475	0.01212	0.01079	0.01551	0.01669	0.00880	0.02359	0.01531	0.06543	0.08749	0.01935	0.01717	0.00870	0.00570	0.00252	0.00602	0.00576	0.00571	0.00889
21	0.01249	0.00850	0.00988	0.00963	0.01187	0.00752	0.00699	0.01469	0.01866	0.07666	0.18850	0.15076	0.33132	0.10001	0.01325	0.00335	0.00480	0.01604	0.00773	0.00734
22	0.02764	0.01528	0.01848	0.01469	0.01983	0.01519	0.01192	0.23360	0.02817	0.28571	0.20150	0.03401	0.03360	0.01175	0.00854	0.00250	0.00673	0.00967	0.00909	0.01210
23	0.00989	0.00706	0.00942	0.01130	0.01177	0.00659	0.00753	0.01130	0.01554	0.02071	0.04472	0.70954	0.05367	0.02542	0.01036	0.00330	0.00471	0.02307	0.00753	0.00659
24	0.01175	0.00960	0.00991	0.00976	0.01251	0.00808	0.00718	0.01345	0.01998	0.02472	0.14892	0.07669	0.57532	0.02090	0.01027	0.00303	0.00474	0.01708	0.00821	0.00790
25	0.01182	0.00866	0.01094	0.01086	0.01198	0.00923	0.00759	0.01425	0.04040	0.01853	0.03085	0.04614	0.09867	0.33061	0.30450	0.00922	0.01317	0.01101	0.00512	0.00645
26	0.03085	0.02273	0.02435	0.01867	0.02516	0.02516	0.01542	0.63716	0.03815	0.05114	0.01948	0.01948	0.01380	0.00974	0.00812	0.00244	0.00893	0.00731	0.00812	0.01380
27	0.01578	0.00986	0.01374	0.01488	0.01726	0.00964	0.01294	0.01945	0.01921	0.09915	0.04169	0.08412	0.04361	0.02098	0.01085	0.00359	0.00741	0.53985	0.00777	0.00821
28	0.03381	0.01537	0.01948	0.01522	0.02133	0.01458	0.01248	0.11655	0.09777	0.51680	0.03052	0.02688	0.01982	0.01012	0.00817	0.00253	0.00711	0.00817	0.00959	0.01370
29	0.02420	0.02238	0.02332	0.20233	0.06798	0.16092	0.01722	0.25233	0.02656	0.03325	0.07423	0.02278	0.01790	0.00949	0.00807	0.00244	0.01023	0.00750	0.00591	0.01097
30	0.03082	0.02347	0.02429	0.01877	0.02516	0.05577	0.01543	0.60900	0.03745	0.04968	0.01916	0.01926	0.01364	0.00968	0.00808	0.00242	0.00919	0.00721	0.00793	0.01359
31	0.01180	0.00787	0.00885	0.00885	0.00885	0.00787	0.00492	0.01180	0.01180	0.01573	0.02557	0.05310	0.02950	0.71483	0.04130	0.00787	0.00787	0.01180	0.00492	0.00492
32	0.01862	0.01841	0.03343	0.17850	0.38389	0.01887	0.14978	0.02394	0.01816	0.02512	0.01646	0.02368	0.01370	0.00795	0.00850	0.00259	0.01063	0.03224	0.00409	0.01145
33	0.02096	0.02153	0.02872	0.14357	0.35613	0.12701	0.04660	0.02780	0.09861	0.02542	0.01698	0.02081	0.01362	0.00802	0.00802	0.00246	0.01040	0.00724	0.00452	0.01160
34	0.02926	0.03686	0.02344	0.05150	0.05115	0.62758	0.01633	0.03160	0.02252	0.02015	0.01273	0.01515	0.01056	0.00831	0.00738	0.00213	0.01427	0.00539	0.00415	0.00952
35	0.01168	0.00835	0.01130	0.01130	0.01215	0.00920	0.00798	0.01337	0.01253	0.01755	0.02332	0.04068	0.02411	0.33206	0.41670	0.01089	0.01598	0.00998	0.00458	0.00628
36	0.01506	0.00995	0.01261	0.01157	0.01423	0.00961	0.00892	0.02103	0.09548	0.09633	0.49777	0.05510	0.06361	0.01553	0.00935	0.00262	0.00459	0.03886	0.00890	0.00887
37	0.01076	0.00797	0.01033	0.01134	0.01265	0.00712	0.00778	0.01252	0.01599	0.02186	0.06653	0.60249	0.04978	0.02281	0.00982	0.00302	0.00482	0.02060	0.00727	0.09452
38	0.02704	0.01964	0.14733	0.01603	0.02268	0.01445	0.01523	0.10014	0.05131	0.34162	0.12909	0.03010	0.02681	0.01065	0.00830	0.00253	0.00762	0.00874	0.00826	0.01241

[dist]
# distance from previous block
# <min> <max>
0	1

[block]
# block no. 5 follows, 23 sequences, length 46
# corresponding to MSA columns:
# 442-487
name=unknown_F
#
# <colnr> <probs for GDERKNQSTAVLIFYWHMCP>
#	G	D	E	R	K	N	Q	S	T	A	V	L	I	F	Y	W	H	M	C	P
0	0.20915	0.43795	0.07680	0.01405	0.02072	0.05449	0.01372	0.02529	0.01643	0.05201	0.01246	0.01404	0.01042	0.00734	0.00555	0.00203	0.00849	0.00467	0.00417	0.01022
1	0.02072	0.01645	0.02110	0.01574	0.02220	0.01487	0.07353	0.16505	0.02205	0.06200	0.01849	0.05079	0.01549	0.04060	0.00878	0.00211	0.00753	0.00716	0.00588	0.40944
2	0.06016	0.01408	0.01722	0.01410	0.01913	0.01381	0.01134	0.08039	0.13537	0.35018	0.15966	0.03363	0.03157	0.01143	0.00833	0.00256	0.00631	0.00945	0.00913	0.01215
3	0.02771	0.02122	0.02235	0.01782	0.02336	0.05444	0.01449	0.50977	0.03358	0.04462	0.02051	0.05086	0.01612	0.01617	0.08481	0.00366	0.01047	0.00805	0.00747	0.01253
4	0.31264	0.05418	0.01892	0.01565	0.02048	0.24824	0.01239	0.10483	0.05627	0.03150	0.04482	0.01768	0.01418	0.00870	0.00661	0.00234	0.00949	0.00580	0.00542	0.00988
5	0.36046	0.01908	0.01917	0.04572	0.04944	0.02150	0.01317	0.31081	0.02550	0.04220	0.01543	0.01679	0.01139	0.00858	0.00673	0.00248	0.00786	0.00600	0.00637	0.01132
6	0.03641	0.01381	0.01883	0.01444	0.02071	0.01193	0.01193	0.03954	0.02322	0.66984	0.03201	0.02762	0.02009	0.01004	0.00816	0.00251	0.00690	0.00816	0.01004	0.01381
7	0.01409	0.00705	0.01057	0.01057	0.01057	0.00705	0.00705	0.01057	0.01057	0.01409	0.01409	0.02467	0.01409	0.02819	0.03171	0.76392	0.00705	0.00705	0.00352	0.00352
8	0.01785	0.01934	0.03986	0.25948	0.04700	0.01967	0.42613	0.02420	0.01815	0.02420	0.01574	0.02180	0.01180	0.00727	0.00908	0.00273	0.01270	0.00877	0.00393	0.01029
9	0.00989	0.00706	0.00942	0.01130	0.01177	0.00659	0.00753	0.01130	0.01554	0.02071	0.04472	0.70954	0.05367	0.02542	0.01036	0.00330	0.00471	0.02307	0.00753	0.00659
10	0.00989	0.00706	0.00942	0.01130	0.01177	0.00659	0.00753	0.01130	0.01554	0.02071	0.04472	0.70954	0.05367	0.02542	0.01036	0.00330	0.00471	0.02307	0.00753	0.00659
11	0.01615	0.00855	0.00866	0.00829	0.01048	0.00871	0.00631	0.05929	0.01840	0.03162	0.02601	0.02955	0.02034	0.00947	0.00583	0.00193	0.00412	0.00755	0.71078	0.00797
12	0.02996	0.02229	0.02386	0.01849	0.02483	0.02475	0.01521	0.58804	0.08871	0.04972	0.02060	0.02037	0.01471	0.00985	0.00813	0.00246	0.00872	0.00746	0.00813	0.01372
13	0.01409	0.00705	0.01057	0.01057	0.01057	0.00705	0.00705	0.01057	0.01057	0.01409	0.01409	0.02467	0.01409	0.02819	0.03171	0.76392	0.00705	0.00705	0.00352	0.00352
14	0.02169	0.71972	0.04252	0.01388	0.02083	0.03211	0.01388	0.02430	0.01649	0.01909	0.01128	0.01302	0.01041	0.00694	0.00521	0.00174	0.00868	0.00434	0.00347	0.01041
15	0.01180	0.00787	0.00885	0.00885	0.00885	0.00787	0.00492	0.01180	0.01180	0.01573	0.02557	0.05310	0.02950	0.71483	0.04130	0.00787	0.00787	0.01180	0.00492	0.00492
16	0.02941	0.02354	0.02422	0.07923	0.02790	0.08831	0.01608	0.52349	0.03472	0.04539	0.01836	0.01920	0.01321	0.00946	0.00804	0.00243	0.00965	0.00710	0.00733	0.01295
17	0.01130	0.00843	0.01063	0.01072	0.01275	0.00775	0.00836	0.01461	0.02082	0.02806	0.38498	0.09858	0.20055	0.01898	0.00992	0.00285	0.00463	0.13039	0.00828	0.00739
18	0.01707	0.01483	0.01538	0.01406	0.01767	0.04565	0.01080	0.03141	0.37577	0.03171	0.22024	0.04310	0.10149	0.01345	0.00873	0.00266	0.00581	0.01138	0.00820	0.01058
19	0.03034	0.03778	0.02307	0.02078	0.02509	0.64539	0.01566	0.06633	0.02384	0.02161	0.01293	0.01490	0.01064	0.00844	0.00736	0.00211	0.01431	0.00534	0.00440	0.00965
20	0.01774	0.10019	0.58520	0.02189	0.03315	0.01967	0.02768	0.02625	0.01737	0.05679	0.01513	0.01729	0.01077	0.00776	0.00751	0.00249	0.01145	0.00596	0.00376	0.01194
21	0.01756	0.01670	0.02838	0.39206	0.34168	0.01862	0.02365	0.02269	0.01728	0.02345	0.01482	0.02090	0.01177	0.00770	0.00808	0.00257	0.01026	0.00722	0.00380	0.01082
22	0.03550	0.01401	0.01880	0.01455	0.02074	0.01239	0.01198	0.03974	0.05837	0.63416	0.03207	0.02777	0.02035	0.01010	0.00817	0.00252	0.00688	0.00822	0.00994	0.01375
23	0.01101	0.00828	0.01019	0.00971	0.01183	0.00746	0.00728	0.01440	0.02185	0.02990	0.51610	0.06496	0.22204	0.01757	0.00958	0.00260	0.00390	0.01528	0.00858	0.00746
24	0.01796	0.01849	0.03048	0.39371	0.09880	0.06374	0.17414	0.02443	0.05313	0.02320	0.01590	0.02158	0.01212	0.00790	0.00842	0.00265	0.01144	0.00778	0.00406	0.01005
25	0.01940	0.02197	0.03966	0.02948	0.03600	0.09461	0.45992	0.02493	0.01862	0.02419	0.01708	0.04402	0.01405	0.01267	0.06870	0.00362	0.04734	0.00932	0.00422	0.01021
26	0.01711	0.01738	0.02321	0.52682	0.04717	0.10746	0.02040	0.02164	0.01691	0.02055	0.01596	0.06543	0.01356	0.00957	0.00905	0.00270	0.04428	0.00797	0.00394	0.00890
27	0.01947	0.01865	0.03182	0.13354	0.58531	0.01912	0.02460	0.02436	0.01818	0.02576	0.01515	0.02028	0.01259	0.00734	0.00804	0.00245	0.00979	0.00723	0.00396	0.01235
28	0.02944	0.06870	0.02385	0.02009	0.02469	0.54370	0.01542	0.10018	0.05625	0.02404	0.01430	0.01589	0.01155	0.00858	0.00735	0.00215	0.01329	0.00562	0.00479	0.01012
29	0.03031	0.03867	0.02299	0.02090	0.02508	0.68226	0.01568	0.03240	0.02299	0.01986	0.01254	0.01463	0.01045	0.00836	0.00732	0.00209	0.01463	0.00523	0.00418	0.00941
30	0.00989	0.00706	0.00942	0.01130	0.01177	0.00659	0.00753	0.01130	0.01554	0.02071	0.04472	0.70954	0.05367	0.02542	0.01036	0.00330	0.00471	0.02307	0.00753	0.00659
31	0.13367	0.01571	0.02143	0.41040	0.04067	0.01851	0.01794	0.12837	0.02002	0.06070	0.01623	0.02066	0.01193	0.00846	0.00754	0.00258	0.00929	0.00686	0.03902	0.00998
32	0.01063	0.00826	0.00966	0.00931	0.01160	0.00729	0.00698	0.01365	0.02094	0.02773	0.39811	0.06853	0.34139	0.01838	0.00958	0.00264	0.00396	0.01579	0.00830	0.00729
33	0.01915	0.02189	0.04788	0.03420	0.04241	0.02052	0.63475	0.02599	0.01915	0.02599	0.01642	0.02189	0.01231	0.00684	0.00958	0.00274	0.01368	0.00958	0.00410	0.01094
34	0.00989	0.00706	0.00942	0.01130	0.01177	0.00659	0.00753	0.01130	0.01554	0.02071	0.04472	0.70954	0.05367	0.02542	0.01036	0.00330	0.00471	0.02307	0.00753	0.00659
35	0.02008	0.01928	0.03294	0.04981	0.66422	0.01928	0.02490	0.02490	0.01848	0.02651	0.01526	0.02008	0.01285	0.00723	0.00803	0.00241	0.00964	0.00723	0.00402	0.01285
36	0.01627	0.04197	0.67279	0.02313	0.03512	0.01884	0.02998	0.02570	0.01713	0.02570	0.01456	0.01713	0.01028	0.00771	0.00771	0.00257	0.01199	0.00600	0.00343	0.01199
