[name]
unknown

[dist]
# distance from previous block
# <min> <max>
0	46

[block]
# block no. 0 follows, 24 sequences, length 23
# corresponding to MSA columns:
# 48-70
name=unknown_A
#
# <colnr> <probs for GDERKNQSTAVLIFYWHMCP>
#	G	D	E	R	K	N	Q	S	T	A	V	L	I	F	Y	W	H	M	C	P
0	0.05073	0.06146	0.14240	0.05710	0.18547	0.01646	0.01816	0.04348	0.05894	0.09876	0.08366	0.06153	0.02351	0.01059	0.00802	0.00254	0.00826	0.05234	0.00571	0.01089
1	0.77733	0.01534	0.01166	0.01043	0.01534	0.01779	0.00859	0.02331	0.01350	0.03558	0.01104	0.01288	0.00859	0.00736	0.00491	0.00245	0.00613	0.00429	0.00491	0.00859
2	0.01454	0.05077	0.01286	0.01131	0.01338	0.00898	0.00838	0.01694	0.01851	0.11794	0.22833	0.37733	0.05199	0.01901	0.00928	0.00280	0.00488	0.01689	0.00789	0.00799
3	0.02120	0.72609	0.04155	0.01357	0.02035	0.03138	0.01357	0.02374	0.01611	0.01866	0.01102	0.01272	0.01018	0.00678	0.00509	0.00170	0.00848	0.00424	0.00339	0.01018
4	0.01535	0.01290	0.01526	0.01156	0.01753	0.00991	0.00905	0.01863	0.01665	0.02554	0.05621	0.10029	0.02021	0.00869	0.00657	0.00149	0.00560	0.00734	0.00525	0.63597
5	0.07324	0.03759	0.01605	0.01252	0.01734	0.01201	0.01005	0.02852	0.06980	0.31131	0.08883	0.09058	0.05523	0.01151	0.00771	0.00235	0.00591	0.00954	0.04078	0.09913
6	0.01786	0.09139	0.01691	0.01361	0.04923	0.01198	0.01016	0.02175	0.04305	0.15938	0.30723	0.10596	0.07311	0.01430	0.00859	0.00250	0.00547	0.03035	0.00785	0.00932
7	0.00966	0.00690	0.00920	0.01104	0.01150	0.00644	0.00736	0.01104	0.01518	0.02024	0.04371	0.71614	0.05245	0.02484	0.01012	0.00322	0.00460	0.02254	0.00736	0.00644
8	0.01474	0.01336	0.02281	0.49255	0.04412	0.01562	0.07939	0.01958	0.01614	0.02168	0.01869	0.09785	0.01625	0.00978	0.00807	0.00263	0.00951	0.00900	0.07963	0.00859
9	0.05361	0.43746	0.27913	0.01681	0.02535	0.02591	0.01923	0.02424	0.01623	0.02184	0.01222	0.01423	0.01006	0.00709	0.00599	0.00204	0.00959	0.00485	0.00344	0.01068
10	0.01746	0.02091	0.08926	0.07272	0.03668	0.01954	0.41825	0.02316	0.01715	0.02375	0.01669	0.06493	0.01412	0.00909	0.01171	0.00282	0.11822	0.00941	0.00406	0.01007
11	0.00991	0.00700	0.00913	0.01073	0.01112	0.00661	0.00702	0.01111	0.01470	0.01960	0.04123	0.62841	0.04933	0.11683	0.01412	0.00381	0.00501	0.02109	0.00702	0.00622
12	0.01191	0.00747	0.00847	0.00883	0.00933	0.00738	0.00547	0.01302	0.01340	0.01954	0.02881	0.17523	0.03146	0.42474	0.02660	0.00550	0.00618	0.01272	0.17826	0.00571
13	0.13702	0.20930	0.38440	0.01958	0.05656	0.02162	0.02184	0.02445	0.01613	0.02516	0.01295	0.01525	0.00996	0.00730	0.00652	0.00229	0.00992	0.00526	0.00363	0.01088
14	0.01016	0.00737	0.00961	0.01097	0.01181	0.00675	0.00736	0.01160	0.01509	0.02035	0.04104	0.64263	0.04888	0.05646	0.01129	0.00331	0.00482	0.02095	0.00708	0.05248
15	0.01377	0.00689	0.01033	0.01033	0.01033	0.00689	0.00689	0.01033	0.01033	0.01377	0.01377	0.02410	0.01377	0.02755	0.03099	0.76928	0.00689	0.00689	0.00344	0.00344
16	0.02553	0.02416	0.02061	0.04873	0.02364	0.26354	0.01437	0.13085	0.14103	0.09307	0.02069	0.02360	0.01628	0.01285	0.04893	0.00304	0.04106	0.03121	0.00611	0.01070
17	0.01653	0.01537	0.02718	0.34123	0.10485	0.01679	0.15674	0.04891	0.01749	0.02369	0.01763	0.06959	0.01486	0.00956	0.00902	0.02884	0.01001	0.00865	0.05368	0.00937
18	0.02076	0.02153	0.02938	0.13015	0.47698	0.13601	0.02245	0.02508	0.01854	0.02402	0.01434	0.01889	0.01189	0.00737	0.00774	0.00234	0.01043	0.00672	0.00390	0.01148
19	0.01911	0.36350	0.32064	0.01816	0.02671	0.05649	0.02072	0.02453	0.01653	0.02155	0.01247	0.01475	0.01013	0.00747	0.00712	0.00214	0.03872	0.00510	0.00341	0.01075
20	0.01131	0.00936	0.01543	0.01484	0.01660	0.00879	0.10907	0.01368	0.01595	0.02129	0.03918	0.56460	0.04556	0.02176	0.01005	0.00316	0.00617	0.05920	0.00682	0.00718
21	0.01955	0.07201	0.25703	0.02619	0.06082	0.01890	0.27627	0.02624	0.01815	0.09034	0.01650	0.01952	0.01201	0.00727	0.00811	0.00245	0.01133	0.00740	0.00436	0.04555
22	0.06839	0.01829	0.12878	0.01661	0.02195	0.01501	0.04517	0.04916	0.17071	0.11387	0.08361	0.04161	0.02857	0.01267	0.00859	0.00281	0.00769	0.14896	0.00698	0.01057

[dist]
# distance from previous block
# <min> <max>
0	27

[block]
# block no. 1 follows, 24 sequences, length 63
# corresponding to MSA columns:
# 98-160
name=unknown_B
#
# <colnr> <probs for GDERKNQSTAVLIFYWHMCP>
#	G	D	E	R	K	N	Q	S	T	A	V	L	I	F	Y	W	H	M	C	P
0	0.00976	0.00694	0.00917	0.01092	0.01135	0.00651	0.00723	0.01107	0.01499	0.01999	0.04274	0.68179	0.05123	0.06086	0.01169	0.00345	0.00476	0.02197	0.00723	0.00636
1	0.05327	0.01565	0.02339	0.38530	0.03877	0.02041	0.01936	0.03784	0.01492	0.02140	0.01266	0.01921	0.01050	0.01025	0.01479	0.00295	0.27988	0.00687	0.00370	0.00888
2	0.01596	0.01096	0.01690	0.01610	0.04530	0.01045	0.09252	0.01985	0.05803	0.11652	0.03482	0.39619	0.03652	0.03923	0.01018	0.00303	0.00642	0.01607	0.04629	0.00866
3	0.02207	0.01533	0.09598	0.01553	0.02061	0.01162	0.07682	0.02598	0.01999	0.28414	0.16222	0.10546	0.03336	0.06093	0.01080	0.00293	0.00722	0.01097	0.00763	0.01040
4	0.03077	0.01325	0.01738	0.01403	0.01930	0.01210	0.01130	0.06011	0.06955	0.51725	0.03249	0.11755	0.02404	0.01185	0.00826	0.00257	0.00651	0.00993	0.00928	0.01250
5	0.01743	0.01169	0.01743	0.09536	0.02178	0.01179	0.06767	0.04641	0.01876	0.14169	0.12047	0.18740	0.06786	0.06880	0.01215	0.00317	0.03559	0.03880	0.00691	0.00883
6	0.08901	0.04193	0.06902	0.08250	0.12071	0.01983	0.21878	0.15638	0.02147	0.03068	0.01743	0.06390	0.01441	0.00873	0.00814	0.00254	0.01014	0.00840	0.00504	0.01098
7	0.64382	0.01615	0.01357	0.01163	0.01679	0.01839	0.00959	0.10591	0.01706	0.06791	0.01305	0.01436	0.00976	0.00776	0.00545	0.00244	0.00650	0.00484	0.00554	0.00947
8	0.01153	0.00769	0.00865	0.00865	0.00865	0.00769	0.00480	0.01153	0.01153	0.01538	0.02499	0.05189	0.02883	0.72131	0.04036	0.00769	0.00769	0.01153	0.00480	0.00480
9	0.02944	0.02179	0.02342	0.01791	0.02429	0.02387	0.01478	0.61306	0.03621	0.04873	0.01878	0.01890	0.01340	0.00933	0.00783	0.00232	0.00858	0.00701	0.00777	0.05260
10	0.10816	0.05492	0.10020	0.12481	0.27803	0.04770	0.12618	0.02421	0.01729	0.02549	0.01417	0.01848	0.01125	0.00724	0.00757	0.00243	0.01026	0.00678	0.00392	0.01092
11	0.01036	0.00732	0.00959	0.01114	0.01171	0.00699	0.00768	0.01183	0.01502	0.01995	0.04057	0.53041	0.04788	0.13272	0.01493	0.00397	0.00544	0.09926	0.00696	0.00630
12	0.05940	0.02019	0.02951	0.10375	0.03227	0.05862	0.22101	0.21932	0.02405	0.05635	0.01776	0.04548	0.01380	0.00858	0.00817	0.00246	0.01028	0.00806	0.00561	0.05533
13	0.01813	0.14992	0.41273	0.05028	0.03222	0.02116	0.08150	0.06625	0.04852	0.02587	0.01503	0.01745	0.01117	0.00763	0.00736	0.00240	0.01083	0.00620	0.00395	0.01140
14	0.01644	0.01409	0.01644	0.01175	0.01879	0.01057	0.00940	0.01997	0.01644	0.02584	0.01409	0.01644	0.01175	0.00587	0.00587	0.00117	0.00587	0.00470	0.00470	0.76979
15	0.00994	0.00728	0.00975	0.01140	0.01184	0.00709	0.00773	0.01134	0.01507	0.02020	0.04249	0.69056	0.05091	0.02444	0.01070	0.00323	0.03031	0.02197	0.00722	0.00652
16	0.02206	0.03034	0.38750	0.01952	0.02857	0.01795	0.02198	0.14007	0.04914	0.14937	0.04322	0.02115	0.01543	0.00877	0.00778	0.00248	0.00974	0.00692	0.00576	0.01224
17	0.39185	0.13494	0.01903	0.01230	0.01790	0.01821	0.01052	0.02881	0.03663	0.23545	0.01809	0.01783	0.01283	0.00814	0.00600	0.00233	0.00673	0.00559	0.00630	0.01053
18	0.00976	0.00698	0.00914	0.01082	0.01131	0.00652	0.00717	0.01108	0.01505	0.01999	0.04367	0.65910	0.06882	0.06519	0.01186	0.00346	0.00476	0.02174	0.00721	0.00635
19	0.00966	0.00690	0.00920	0.01104	0.01150	0.00644	0.00736	0.01104	0.01518	0.02024	0.04371	0.71614	0.05245	0.02484	0.01012	0.00322	0.00460	0.02254	0.00736	0.00644
20	0.07041	0.06052	0.04864	0.01379	0.01823	0.01728	0.01149	0.04925	0.36448	0.03124	0.02897	0.02846	0.04800	0.01017	0.00717	0.00242	0.00610	0.00815	0.16444	0.01079
21	0.00994	0.00791	0.00876	0.00898	0.01104	0.00693	0.00657	0.01203	0.01786	0.02237	0.15154	0.15584	0.43956	0.06832	0.01165	0.00310	0.00443	0.03912	0.00737	0.00666
22	0.00966	0.00690	0.00920	0.01104	0.01150	0.00644	0.00736	0.01104	0.01518	0.02024	0.04371	0.71614	0.05245	0.02484	0.01012	0.00322	0.00460	0.02254	0.00736	0.00644
23	0.01645	0.08466	0.59484	0.02275	0.03389	0.01938	0.07035	0.02504	0.01684	0.02471	0.01414	0.01680	0.01019	0.00743	0.00750	0.00247	0.01162	0.00599	0.00340	0.01155
24	0.55610	0.01682	0.01422	0.03385	0.01811	0.04323	0.01017	0.12733	0.01807	0.03655	0.01338	0.01520	0.01021	0.00788	0.00563	0.00240	0.00687	0.00507	0.04954	0.00937
25	0.01592	0.00771	0.00823	0.00798	0.00995	0.00760	0.00599	0.01909	0.01655	0.06613	0.02535	0.02904	0.01984	0.01053	0.00743	0.05451	0.00409	0.00739	0.66917	0.00748
26	0.01656	0.01359	0.01587	0.01215	0.01800	0.01117	0.00955	0.07650	0.01860	0.02777	0.05936	0.10485	0.02085	0.00918	0.00680	0.00162	0.00585	0.00771	0.00558	0.55843
27	0.54580	0.01722	0.04944	0.01252	0.01790	0.01808	0.01079	0.06303	0.10040	0.07672	0.01577	0.01655	0.01171	0.00810	0.00584	0.00248	0.00664	0.00539	0.00573	0.00988
28	0.01759	0.01447	0.02247	0.11084	0.30594	0.01464	0.01710	0.05127	0.01973	0.06870	0.15160	0.06991	0.07961	0.01126	0.00841	0.00250	0.00754	0.01016	0.00586	0.01042
29	0.01869	0.02085	0.04346	0.03149	0.03875	0.02031	0.56150	0.02606	0.05928	0.02548	0.01671	0.02165	0.01271	0.00742	0.01037	0.00273	0.05845	0.00917	0.00424	0.01068
30	0.01868	0.01772	0.03007	0.12365	0.56099	0.01813	0.02339	0.02340	0.01781	0.02512	0.01640	0.02387	0.01425	0.00803	0.00804	0.00246	0.00943	0.04268	0.00407	0.01181
31	0.57418	0.01572	0.01389	0.01168	0.01700	0.01731	0.00961	0.08504	0.01701	0.10805	0.01427	0.01528	0.01049	0.00775	0.00560	0.00237	0.00644	0.00501	0.00574	0.05758
32	0.01715	0.01631	0.02771	0.39677	0.34311	0.01819	0.02310	0.02217	0.01688	0.02290	0.01448	0.02043	0.01150	0.00752	0.00789	0.00251	0.01003	0.00706	0.00371	0.01056
33	0.02971	0.01961	0.02187	0.01687	0.02310	0.02079	0.01386	0.44503	0.07283	0.17377	0.02204	0.02115	0.01530	0.00943	0.00782	0.00234	0.00799	0.00727	0.00812	0.06109
34	0.02357	0.02210	0.02313	0.01943	0.02256	0.13036	0.01577	0.21887	0.09462	0.03036	0.01587	0.01877	0.01290	0.01125	0.01533	0.00281	0.29919	0.00694	0.00548	0.01070
35	0.02017	0.01679	0.01800	0.01613	0.02052	0.01917	0.01271	0.11047	0.52121	0.03411	0.03173	0.05323	0.02527	0.01180	0.00831	0.00274	0.00658	0.05096	0.00798	0.01212
36	0.01087	0.00740	0.00981	0.01122	0.01200	0.00697	0.00779	0.01252	0.01578	0.03890	0.07414	0.55964	0.05041	0.07331	0.01225	0.00352	0.00508	0.07443	0.00731	0.00665
37	0.62558	0.01615	0.01413	0.03188	0.01781	0.01894	0.01025	0.08760	0.01594	0.03550	0.01192	0.01407	0.00928	0.00805	0.00676	0.00252	0.05458	0.00485	0.00508	0.00911
38	0.01693	0.01670	0.03051	0.02354	0.02789	0.01793	0.29212	0.05299	0.01722	0.02441	0.05429	0.02491	0.01730	0.01992	0.15387	0.00488	0.15786	0.00879	0.02855	0.00938
39	0.04739	0.01281	0.01768	0.03497	0.01802	0.01499	0.06262	0.04676	0.01533	0.02301	0.02435	0.10298	0.06286	0.12397	0.03924	0.00391	0.21574	0.01015	0.11537	0.00787
40	0.00957	0.00797	0.00835	0.00841	0.01087	0.00675	0.00625	0.01170	0.01830	0.02232	0.13340	0.11672	0.57208	0.02003	0.00942	0.00270	0.00403	0.01689	0.00749	0.00675
41	0.00975	0.00697	0.00928	0.01098	0.01152	0.00650	0.00737	0.01127	0.01560	0.02091	0.07997	0.67796	0.05375	0.02434	0.01008	0.00318	0.00455	0.02207	0.00744	0.00650
42	0.05601	0.01287	0.01638	0.03675	0.05697	0.01335	0.01290	0.06464	0.12952	0.13284	0.07149	0.07875	0.03307	0.01507	0.00910	0.00296	0.00696	0.23287	0.00754	0.00997
43	0.01627	0.08780	0.63661	0.02198	0.03337	0.01930	0.02822	0.02502	0.01670	0.02467	0.01401	0.01647	0.01005	0.00748	0.00737	0.00246	0.01150	0.00575	0.00335	0.01161
44	0.01152	0.00772	0.00882	0.00882	0.00887	0.00778	0.00501	0.01164	0.01158	0.01550	0.02483	0.05104	0.02846	0.69422	0.06695	0.00789	0.00824	0.01141	0.00478	0.00490
45	0.04901	0.01656	0.06002	0.02257	0.02804	0.01471	0.30746	0.02201	0.01879	0.06785	0.11772	0.10523	0.02989	0.01216	0.00928	0.00280	0.00948	0.09110	0.00584	0.00949
46	0.02011	0.01656	0.02218	0.28838	0.05461	0.04618	0.04356	0.08214	0.18184	0.08944	0.02241	0.06058	0.01751	0.00980	0.00811	0.00261	0.00888	0.00848	0.00593	0.01070
47	0.01377	0.00689	0.01033	0.01033	0.01033	0.00689	0.00689	0.01033	0.01033	0.01377	0.01377	0.02410	0.01377	0.02755	0.03099	0.76928	0.00689	0.00689	0.00344	0.00344
48	0.01284	0.01104	0.01694	0.35444	0.03371	0.01252	0.01546	0.01666	0.01648	0.02106	0.03371	0.16757	0.11486	0.01525	0.00908	0.00294	0.00798	0.12421	0.00545	0.00781
49	0.01894	0.01788	0.02966	0.19471	0.33530	0.01872	0.09453	0.06365	0.06260	0.02653	0.01627	0.02068	0.01285	0.00757	0.00797	0.00243	0.00972	0.00735	0.00442	0.04821
50	0.11143	0.09547	0.25534	0.02177	0.08256	0.06323	0.05026	0.14425	0.05117	0.03059	0.01534	0.01726	0.01153	0.00793	0.00718	0.00238	0.00996	0.00614	0.00476	0.01144
51	0.02013	0.02204	0.02535	0.10268	0.05827	0.17884	0.05012	0.02275	0.01563	0.01996	0.01178	0.01740	0.01057	0.01114	0.01774	0.00294	0.39324	0.00665	0.00367	0.00910
52	0.01683	0.01612	0.06027	0.01266	0.01999	0.01152	0.01088	0.03978	0.01711	0.02654	0.01426	0.01654	0.01169	0.00610	0.00605	0.00130	0.00635	0.00485	0.00471	0.69645
53	0.01822	0.02072	0.06127	0.10615	0.09792	0.01990	0.46092	0.02433	0.01786	0.02447	0.01531	0.02080	0.01176	0.00734	0.01008	0.00269	0.05716	0.00864	0.00389	0.01056
54	0.01653	0.00930	0.01217	0.01077	0.01364	0.00836	0.00832	0.02001	0.02222	0.17496	0.48819	0.05315	0.10063	0.01503	0.00905	0.00250	0.00443	0.01308	0.00888	0.00877
55	0.02577	0.02115	0.02024	0.01694	0.02203	0.11401	0.01346	0.26665	0.26055	0.07799	0.02408	0.02331	0.01771	0.00979	0.00775	0.00242	0.00821	0.00759	0.04815	0.01222
56	0.00986	0.00705	0.00940	0.01108	0.01167	0.00659	0.00753	0.01146	0.01575	0.02111	0.08463	0.65442	0.05372	0.02419	0.01010	0.00319	0.00462	0.03967	0.00745	0.00653
57	0.02405	0.06594	0.02940	0.02539	0.13460	0.06766	0.13281	0.27930	0.06339	0.03495	0.02056	0.02224	0.04500	0.00890	0.00803	0.00240	0.00970	0.00779	0.00596	0.01193
58	0.07630	0.02207	0.13192	0.05144	0.02643	0.01943	0.05017	0.30623	0.02655	0.10523	0.02103	0.05227	0.01662	0.01025	0.00802	0.00256	0.00892	0.04609	0.00667	0.01180
59	0.01104	0.00999	0.04774	0.01258	0.01441	0.00828	0.04906	0.01350	0.01658	0.02255	0.15567	0.42815	0.06810	0.08854	0.01270	0.00343	0.00567	0.01803	0.00694	0.00704
60	0.02013	0.06253	0.06373	0.06192	0.02372	0.01674	0.01355	0.15696	0.08356	0.04510	0.01831	0.02174	0.01466	0.00821	0.00699	0.00194	0.00747	0.03215	0.00569	0.33490
61	0.06454	0.14982	0.44125	0.01903	0.02859	0.01945	0.02282	0.02579	0.01726	0.09146	0.03916	0.01844	0.01333	0.00795	0.00708	0.00237	0.01004	0.00602	0.00431	0.01130
62	0.05854	0.07150	0.28568	0.04443	0.03210	0.01938	0.19474	0.02438	0.01714	0.05256	0.04571	0.02022	0.01406	0.00836	0.00962	0.00259	0.07690	0.00728	0.00416	0.01066

[dist]
# distance from previous block
# <min> <max>
0	1

[block]
# block no. 2 follows, 24 sequences, length 115
# corresponding to MSA columns:
# 162-276
name=unknown_C
#
# <colnr> <probs for GDERKNQSTAVLIFYWHMCP>
#	G	D	E	R	K	N	Q	S	T	A	V	L	I	F	Y	W	H	M	C	P
0	0.01822	0.02504	0.20700	0.05951	0.10957	0.01920	0.26526	0.07133	0.01887	0.02642	0.01677	0.05694	0.01370	0.00858	0.00944	0.00264	0.04780	0.00847	0.00426	0.01098
1	0.02552	0.01380	0.02043	0.08316	0.16002	0.01298	0.01450	0.02926	0.02082	0.34680	0.13302	0.02995	0.02633	0.01000	0.00810	0.00241	0.00712	0.00865	0.00762	0.03951
2	0.01452	0.01093	0.01490	0.07956	0.01934	0.01100	0.03640	0.07346	0.05248	0.05087	0.13236	0.35501	0.04180	0.01740	0.00914	0.00279	0.00602	0.01561	0.00710	0.04932
3	0.15504	0.02049	0.09331	0.07678	0.05223	0.08051	0.01510	0.10752	0.05067	0.20806	0.02015	0.02062	0.01414	0.00868	0.00720	0.00241	0.00846	0.00663	0.04072	0.01128
4	0.00966	0.00690	0.00920	0.01104	0.01150	0.00644	0.00736	0.01104	0.01518	0.02024	0.04371	0.71614	0.05245	0.02484	0.01012	0.00322	0.00460	0.02254	0.00736	0.00644
5	0.01876	0.02126	0.04603	0.03422	0.07442	0.01999	0.61068	0.02535	0.01868	0.02543	0.01598	0.02130	0.01206	0.00670	0.00928	0.00266	0.01316	0.00924	0.00401	0.01079
6	0.01471	0.01397	0.02401	0.36626	0.06829	0.01610	0.10109	0.01896	0.01585	0.02109	0.02070	0.17663	0.02023	0.01206	0.01026	0.00284	0.07299	0.01082	0.00446	0.00869
7	0.01620	0.01540	0.02655	0.57490	0.08019	0.01821	0.08604	0.04691	0.01714	0.02228	0.01454	0.02101	0.01093	0.00783	0.00807	0.00262	0.01073	0.00729	0.00378	0.00937
8	0.03558	0.01350	0.01840	0.01411	0.02024	0.01166	0.01166	0.03865	0.02270	0.67734	0.03128	0.02699	0.01963	0.00981	0.00797	0.00245	0.00675	0.00797	0.00981	0.01350
9	0.00966	0.00690	0.00920	0.01104	0.01150	0.00644	0.00736	0.01104	0.01518	0.02024	0.04371	0.71614	0.05245	0.02484	0.01012	0.00322	0.00460	0.02254	0.00736	0.00644
10	0.22563	0.07620	0.05452	0.07651	0.02397	0.10400	0.01415	0.18264	0.02176	0.06626	0.01621	0.04909	0.01309	0.00920	0.00755	0.00242	0.03426	0.00658	0.00557	0.01037
11	0.00966	0.00690	0.00920	0.01104	0.01150	0.00644	0.00736	0.01104	0.01518	0.02024	0.04371	0.71614	0.05245	0.02484	0.01012	0.00322	0.00460	0.02254	0.00736	0.00644
12	0.00980	0.00726	0.00918	0.01056	0.01156	0.00664	0.00732	0.01149	0.01618	0.02114	0.07953	0.54055	0.16984	0.02343	0.00998	0.00310	0.00455	0.04390	0.00742	0.00657
13	0.02067	0.01576	0.01707	0.01519	0.01959	0.01762	0.01195	0.06556	0.48754	0.09094	0.03360	0.03304	0.05063	0.01134	0.00808	0.00264	0.00623	0.03168	0.04892	0.01196
14	0.02252	0.57927	0.08590	0.01449	0.02156	0.02830	0.01462	0.05173	0.01767	0.08160	0.01348	0.01461	0.01119	0.00724	0.00566	0.00186	0.00857	0.00483	0.00418	0.01074
15	0.02679	0.02022	0.02047	0.01679	0.02227	0.08587	0.01343	0.25348	0.24415	0.14071	0.02462	0.02333	0.01773	0.00969	0.00782	0.00241	0.00799	0.00759	0.00775	0.04690
16	0.01805	0.01994	0.04165	0.06693	0.03899	0.01924	0.52397	0.02412	0.01791	0.02459	0.01578	0.02132	0.01217	0.00909	0.03627	0.00302	0.04480	0.00885	0.00400	0.04932
17	0.01860	0.01573	0.01908	0.01397	0.02084	0.01344	0.04285	0.10649	0.05293	0.02948	0.01582	0.01774	0.01265	0.00667	0.00645	0.00149	0.00667	0.00549	0.00528	0.58833
18	0.23867	0.02118	0.01883	0.01567	0.02099	0.12909	0.01259	0.22564	0.10390	0.11134	0.01876	0.01878	0.01363	0.00888	0.00698	0.00239	0.00838	0.00634	0.00669	0.01130
19	0.01165	0.00784	0.00941	0.00939	0.00981	0.00807	0.00588	0.01250	0.01243	0.01729	0.04897	0.04722	0.02850	0.53625	0.15663	0.00812	0.00982	0.01087	0.04388	0.00546
20	0.01238	0.00856	0.01126	0.01139	0.01343	0.00802	0.00910	0.01581	0.02048	0.05244	0.37478	0.09667	0.11737	0.01841	0.00982	0.00289	0.00499	0.19652	0.00816	0.00754
21	0.04942	0.42863	0.29112	0.01699	0.02564	0.02574	0.01954	0.02426	0.01625	0.02187	0.01228	0.01431	0.01006	0.00710	0.00604	0.00205	0.00966	0.00488	0.00344	0.01072
22	0.02249	0.01625	0.01803	0.01425	0.01964	0.04111	0.01143	0.16135	0.07077	0.12173	0.02094	0.05108	0.01652	0.00920	0.00803	0.00203	0.04272	0.00714	0.06803	0.27727
23	0.00966	0.00690	0.00920	0.01104	0.01150	0.00644	0.00736	0.01104	0.01518	0.02024	0.04371	0.71614	0.05245	0.02484	0.01012	0.00322	0.00460	0.02254	0.00736	0.00644
24	0.00957	0.00758	0.00862	0.00932	0.01108	0.00663	0.00663	0.01141	0.01712	0.02143	0.09297	0.33097	0.39506	0.02180	0.00967	0.00289	0.00424	0.01894	0.00743	0.00663
25	0.02304	0.26704	0.18563	0.01826	0.02517	0.23906	0.01789	0.07326	0.01981	0.02280	0.01309	0.01520	0.01069	0.00915	0.02642	0.00237	0.01152	0.00525	0.00397	0.01039
26	0.00969	0.00805	0.00847	0.00836	0.01090	0.00683	0.00627	0.01199	0.01882	0.02319	0.18053	0.07340	0.56733	0.01942	0.00937	0.00265	0.00397	0.01633	0.00760	0.00683
27	0.01133	0.00850	0.01274	0.01274	0.01416	0.00991	0.00991	0.01416	0.01274	0.01841	0.02124	0.03115	0.01982	0.05947	0.68989	0.01274	0.02124	0.00850	0.00425	0.00708
28	0.01797	0.02393	0.15173	0.05640	0.06422	0.02010	0.41818	0.02440	0.01750	0.02447	0.01498	0.02006	0.01147	0.00770	0.01080	0.00272	0.09059	0.00830	0.00381	0.01065
29	0.00966	0.00690	0.00920	0.01104	0.01150	0.00644	0.00736	0.01104	0.01518	0.02024	0.04371	0.71614	0.05245	0.02484	0.01012	0.00322	0.00460	0.02254	0.00736	0.00644
30	0.20781	0.01955	0.02289	0.08271	0.21412	0.07909	0.01686	0.11973	0.05304	0.03072	0.01482	0.01786	0.01178	0.00845	0.00862	0.00249	0.06743	0.00631	0.00494	0.01079
31	0.02556	0.01992	0.02049	0.01672	0.02201	0.04760	0.01346	0.38054	0.22520	0.04181	0.02344	0.02302	0.01726	0.00982	0.00773	0.00241	0.00775	0.00764	0.07512	0.01249
32	0.01075	0.00725	0.00966	0.01106	0.01185	0.00673	0.00753	0.01240	0.01611	0.04531	0.09947	0.63175	0.05326	0.02352	0.00997	0.00313	0.00460	0.02127	0.00757	0.00679
33	0.02006	0.53219	0.16157	0.01847	0.08218	0.02779	0.01752	0.02406	0.01641	0.02054	0.01198	0.01411	0.01037	0.00695	0.00580	0.00191	0.00918	0.00480	0.00343	0.01069
34	0.05238	0.01495	0.01933	0.25195	0.03158	0.01528	0.01444	0.05422	0.10396	0.02655	0.01666	0.01982	0.01297	0.00750	0.00694	0.00201	0.00771	0.00619	0.00492	0.33065
35	0.13608	0.01911	0.02001	0.01570	0.02170	0.04442	0.01285	0.32866	0.05734	0.16811	0.02024	0.01981	0.01422	0.00895	0.00730	0.00230	0.00780	0.00669	0.00744	0.08129
36	0.01138	0.00938	0.01102	0.01088	0.01284	0.00943	0.00814	0.01537	0.07543	0.02387	0.16698	0.21188	0.30625	0.01912	0.01082	0.00284	0.06342	0.01612	0.00734	0.00747
37	0.01079	0.00804	0.01120	0.01218	0.01315	0.00766	0.03202	0.03590	0.01616	0.02158	0.04170	0.66281	0.04941	0.02356	0.01001	0.00317	0.00509	0.02145	0.00725	0.00687
38	0.01359	0.01194	0.01958	0.33236	0.09038	0.01332	0.04501	0.01739	0.01596	0.02134	0.02563	0.27776	0.02664	0.01409	0.00871	0.00280	0.00813	0.01289	0.03419	0.00830
39	0.01494	0.01635	0.13947	0.01849	0.05607	0.01163	0.09497	0.01885	0.01687	0.08063	0.03200	0.37527	0.03412	0.01692	0.00927	0.00292	0.00759	0.03848	0.00622	0.00895
40	0.01757	0.01801	0.02795	0.02287	0.02418	0.02360	0.11918	0.02011	0.01321	0.02011	0.01133	0.01801	0.01067	0.01271	0.02331	0.00334	0.59395	0.00733	0.00356	0.00900
41	0.01139	0.00836	0.00966	0.00932	0.01182	0.00732	0.00712	0.01416	0.01991	0.05499	0.29324	0.06837	0.39192	0.01827	0.00937	0.00264	0.00419	0.04263	0.00798	0.00732
42	0.05768	0.10817	0.01761	0.04345	0.01794	0.01517	0.01061	0.06871	0.12335	0.06136	0.15455	0.04311	0.16828	0.01510	0.03424	0.00289	0.00662	0.03488	0.00694	0.00935
43	0.04660	0.01644	0.02330	0.21675	0.26740	0.07137	0.01846	0.02113	0.01627	0.02213	0.01617	0.02406	0.01424	0.08390	0.10493	0.00436	0.01148	0.00742	0.00400	0.00958
44	0.00990	0.00707	0.00947	0.01131	0.01187	0.00664	0.00777	0.01145	0.01541	0.02051	0.04358	0.66905	0.05194	0.02462	0.01018	0.00325	0.00480	0.06732	0.00736	0.00651
45	0.01775	0.01918	0.03911	0.02891	0.03476	0.01934	0.47121	0.02279	0.01698	0.02345	0.01643	0.05721	0.01397	0.00996	0.01334	0.04410	0.12819	0.00951	0.00407	0.00975
46	0.05607	0.14171	0.02142	0.01352	0.01916	0.01660	0.01145	0.10208	0.04975	0.30674	0.05559	0.02662	0.05241	0.00977	0.00725	0.00224	0.00679	0.00765	0.04187	0.05134
47	0.01405	0.00930	0.01117	0.01135	0.01319	0.00919	0.00820	0.07527	0.04589	0.05557	0.08687	0.41353	0.06868	0.01899	0.00898	0.00281	0.00494	0.01678	0.11731	0.00792
48	0.15073	0.02312	0.01926	0.08023	0.10737	0.27499	0.01411	0.04985	0.01928	0.02617	0.01538	0.01841	0.01230	0.00812	0.00666	0.00218	0.00975	0.00590	0.14688	0.00933
49	0.04648	0.00853	0.00888	0.00870	0.01068	0.00878	0.00648	0.05124	0.01708	0.02894	0.02627	0.09134	0.02277	0.04782	0.03434	0.00274	0.00503	0.00886	0.55751	0.00754
50	0.01163	0.00878	0.01268	0.01253	0.01368	0.01025	0.00952	0.01401	0.01254	0.01801	0.02128	0.03348	0.02068	0.15150	0.56757	0.01161	0.05028	0.00886	0.00429	0.00683
51	0.01818	0.01737	0.02957	0.25191	0.47991	0.01846	0.02362	0.02307	0.01737	0.02415	0.01466	0.02010	0.01194	0.00733	0.00787	0.00244	0.00978	0.00706	0.00380	0.01139
52	0.01590	0.04102	0.68023	0.02260	0.03432	0.01842	0.02930	0.02511	0.01674	0.02511	0.01423	0.01674	0.01005	0.00753	0.00753	0.00251	0.01172	0.00586	0.00335	0.01172
53	0.03475	0.01368	0.01838	0.01421	0.02026	0.01208	0.01170	0.03883	0.05591	0.64364	0.03134	0.02713	0.01987	0.00986	0.00798	0.00247	0.00672	0.00803	0.00972	0.01345
54	0.02625	0.01164	0.01534	0.01268	0.01722	0.01034	0.01011	0.02990	0.04480	0.42768	0.14721	0.09937	0.08592	0.01317	0.00853	0.00256	0.00579	0.01116	0.00914	0.01121
55	0.01339	0.04477	0.01313	0.01183	0.01408	0.01019	0.00914	0.01858	0.09458	0.05152	0.27798	0.22063	0.07628	0.01789	0.00934	0.00281	0.00507	0.09281	0.00785	0.00813
56	0.00995	0.00713	0.00925	0.01083	0.01142	0.00668	0.00730	0.01134	0.01513	0.02001	0.04375	0.59672	0.08054	0.08775	0.01287	0.00362	0.00497	0.04729	0.00713	0.00634
57	0.14258	0.01952	0.02074	0.01618	0.02215	0.02125	0.01334	0.44860	0.03106	0.13539	0.01976	0.01954	0.01381	0.00923	0.00742	0.00239	0.00791	0.00684	0.02972	0.01258
58	0.01207	0.00954	0.01121	0.01144	0.01395	0.00925	0.00921	0.01748	0.10049	0.02538	0.16038	0.07160	0.29261	0.01881	0.00970	0.00295	0.00528	0.20322	0.00766	0.00776
59	0.02004	0.01962	0.03179	0.04752	0.64534	0.04630	0.02397	0.02464	0.01824	0.02564	0.01481	0.01941	0.01246	0.00711	0.00782	0.00234	0.00962	0.00699	0.00393	0.01242
60	0.01014	0.00721	0.00951	0.01090	0.01157	0.00678	0.00744	0.01183	0.01601	0.02156	0.12329	0.55610	0.05339	0.07232	0.01218	0.00346	0.00483	0.04763	0.00736	0.00650
61	0.15140	0.06781	0.29278	0.02406	0.12896	0.10599	0.04030	0.02518	0.01694	0.02571	0.01323	0.01616	0.01029	0.00774	0.00786	0.00242	0.04286	0.00575	0.00383	0.01072
62	0.01011	0.00734	0.00989	0.04290	0.01330	0.00710	0.00785	0.01166	0.01523	0.02033	0.06590	0.60671	0.04959	0.07703	0.01230	0.00351	0.00508	0.02065	0.00704	0.00647
63	0.01872	0.02139	0.04679	0.03342	0.04144	0.02005	0.64305	0.02540	0.01872	0.02540	0.01604	0.02139	0.01203	0.00668	0.00936	0.00267	0.01337	0.00936	0.00401	0.01070
64	0.02288	0.05973	0.13587	0.02977	0.25695	0.10667	0.03918	0.08345	0.07119	0.09175	0.01766	0.01963	0.01341	0.00804	0.00765	0.00236	0.00993	0.00679	0.00509	0.01198
65	0.01705	0.19493	0.47459	0.02054	0.03053	0.02099	0.05519	0.02438	0.01694	0.02394	0.04144	0.01787	0.01293	0.00769	0.00714	0.00233	0.01072	0.00603	0.00362	0.01114
66	0.00984	0.00704	0.00936	0.01092	0.01154	0.00656	0.00738	0.01149	0.01602	0.02158	0.11568	0.64036	0.05503	0.02385	0.01003	0.00314	0.00450	0.02160	0.00752	0.00656
67	0.02442	0.36322	0.03276	0.01851	0.04951	0.26334	0.03806	0.05818	0.04530	0.02160	0.01306	0.01488	0.01108	0.00758	0.00635	0.00196	0.01069	0.00519	0.00410	0.01020
68	0.01342	0.00939	0.01236	0.01315	0.01521	0.00930	0.01079	0.01813	0.06775	0.05210	0.15411	0.16159	0.07184	0.01987	0.01015	0.00323	0.00608	0.33596	0.00773	0.00785
69	0.01590	0.04102	0.68023	0.02260	0.03432	0.01842	0.02930	0.02511	0.01674	0.02511	0.01423	0.01674	0.01005	0.00753	0.00753	0.00251	0.01172	0.00586	0.00335	0.01172
70	0.01712	0.03336	0.44830	0.02995	0.17905	0.01873	0.11130	0.02498	0.01731	0.02533	0.01463	0.01802	0.01088	0.00731	0.00785	0.00250	0.01142	0.00661	0.00357	0.01177
71	0.01204	0.00886	0.01175	0.01309	0.01509	0.00857	0.01120	0.01538	0.01844	0.02371	0.08212	0.08533	0.16744	0.02126	0.01056	0.00340	0.00648	0.47069	0.00739	0.00719
72	0.01397	0.00740	0.00758	0.00773	0.00953	0.00726	0.00572	0.01736	0.01662	0.02822	0.03136	0.08749	0.07141	0.01129	0.00619	0.00202	0.00379	0.00929	0.64850	0.00726
73	0.01106	0.00810	0.01037	0.00981	0.01175	0.00741	0.00735	0.01465	0.02206	0.03089	0.61605	0.06074	0.12700	0.01655	0.00935	0.00251	0.00377	0.01455	0.00861	0.00741
74	0.01644	0.01409	0.01644	0.01175	0.01879	0.01057	0.00940	0.01997	0.01644	0.02584	0.01409	0.01644	0.01175	0.00587	0.00587	0.00117	0.00587	0.00470	0.00470	0.76979
75	0.00966	0.00690	0.00920	0.01104	0.01150	0.00644	0.00736	0.01104	0.01518	0.02024	0.04371	0.71614	0.05245	0.02484	0.01012	0.00322	0.00460	0.02254	0.00736	0.00644
76	0.00955	0.00804	0.00828	0.00822	0.01082	0.00677	0.00616	0.01172	0.01849	0.02241	0.13600	0.07470	0.61235	0.01972	0.00937	0.00266	0.00399	0.01651	0.00749	0.00677
77	0.00982	0.00699	0.00923	0.01088	0.01137	0.00655	0.00723	0.01122	0.01527	0.02044	0.06691	0.65593	0.05208	0.06095	0.01167	0.00343	0.00473	0.02165	0.00728	0.00640
78	0.01558	0.01624	0.03330	0.02547	0.03081	0.01524	0.41215	0.02046	0.01759	0.02370	0.02601	0.24188	0.02638	0.01314	0.00968	0.00289	0.01032	0.04474	0.00523	0.00919
79	0.05221	0.63952	0.03875	0.01402	0.02050	0.08637	0.01352	0.02440	0.01654	0.01940	0.01113	0.01286	0.01012	0.00692	0.00525	0.00176	0.00888	0.00432	0.00351	0.01003
80	0.01963	0.01884	0.03219	0.04867	0.67185	0.01884	0.02434	0.02434	0.01806	0.02591	0.01492	0.01963	0.01256	0.00707	0.00785	0.00236	0.00942	0.00707	0.00393	0.01256
81	0.00991	0.00708	0.00948	0.01132	0.01189	0.00665	0.00779	0.01147	0.01542	0.02052	0.04357	0.66674	0.05191	0.02461	0.01019	0.00325	0.00481	0.06952	0.00736	0.00651
82	0.02452	0.01826	0.02147	0.01601	0.02269	0.01778	0.04089	0.32048	0.02697	0.08591	0.01783	0.01869	0.01318	0.00795	0.00717	0.00191	0.00764	0.00632	0.00659	0.31772
83	0.01073	0.00775	0.01005	0.01144	0.01237	0.00739	0.00803	0.03572	0.01665	0.02214	0.06819	0.59142	0.07435	0.02352	0.01005	0.00317	0.00491	0.06788	0.00743	0.00683
84	0.03357	0.01305	0.01776	0.01377	0.01955	0.01131	0.01131	0.03669	0.02268	0.62409	0.08378	0.02965	0.02418	0.01034	0.00809	0.00246	0.00650	0.00850	0.00973	0.01300
85	0.01572	0.03974	0.65427	0.02211	0.03345	0.01799	0.02845	0.02472	0.01696	0.02537	0.03956	0.01839	0.01256	0.00787	0.00760	0.00251	0.01141	0.00619	0.00356	0.01156
86	0.02710	0.01779	0.02001	0.01611	0.02132	0.01896	0.01309	0.41972	0.03061	0.14313	0.02530	0.11345	0.02099	0.01201	0.00825	0.00253	0.00764	0.03299	0.03689	0.01211
87	0.01143	0.00808	0.01063	0.01063	0.01132	0.00877	0.00728	0.01281	0.01212	0.01685	0.02317	0.04184	0.02446	0.40038	0.35532	0.01014	0.01426	0.01006	0.00453	0.00591
88	0.01122	0.00811	0.01060	0.00998	0.01185	0.00748	0.00748	0.01496	0.02245	0.03180	0.66766	0.05923	0.07482	0.01621	0.00935	0.00249	0.00374	0.01434	0.00873	0.00748
89	0.01971	0.01818	0.02473	0.25600	0.14550	0.05261	0.05057	0.09864	0.19553	0.02837	0.01980	0.02264	0.01505	0.00869	0.00799	0.00255	0.00931	0.00761	0.00539	0.01113
90	0.60583	0.11285	0.04680	0.01188	0.01713	0.01995	0.01060	0.02326	0.01394	0.03206	0.01116	0.01324	0.00895	0.00759	0.00601	0.00240	0.03837	0.00448	0.00457	0.00895
91	0.01633	0.01562	0.02207	0.05590	0.02130	0.02137	0.01615	0.01848	0.01260	0.01948	0.01265	0.01985	0.01205	0.01934	0.11115	0.00457	0.55139	0.00717	0.03410	0.00842
92	0.02071	0.01672	0.02120	0.10394	0.13007	0.03543	0.01477	0.16740	0.02224	0.06407	0.05200	0.05852	0.01799	0.00900	0.00748	0.00210	0.00780	0.00759	0.00578	0.23520
93	0.01833	0.20458	0.14661	0.02179	0.05090	0.02439	0.08994	0.02227	0.01495	0.02102	0.01206	0.01660	0.01055	0.00985	0.01478	0.00271	0.29884	0.00634	0.00351	0.00998
94	0.00978	0.00698	0.00934	0.01117	0.01169	0.00654	0.00756	0.01124	0.01530	0.02037	0.04364	0.69270	0.05219	0.02473	0.01015	0.00324	0.00470	0.04483	0.00736	0.00647
95	0.01658	0.03309	0.44369	0.02545	0.03549	0.01840	0.22526	0.02470	0.01766	0.02554	0.04719	0.02034	0.01389	0.00769	0.00821	0.00256	0.01185	0.00740	0.00383	0.01118
96	0.01791	0.06529	0.25089	0.05757	0.11114	0.04499	0.25693	0.02455	0.01784	0.02439	0.01739	0.02110	0.03752	0.00766	0.00820	0.00250	0.01164	0.00769	0.00386	0.01093
97	0.01740	0.01626	0.03043	0.31501	0.04153	0.01778	0.23756	0.02199	0.01640	0.05395	0.01529	0.02146	0.01180	0.00983	0.01200	0.07083	0.06939	0.00788	0.00399	0.00921
98	0.00990	0.00707	0.00948	0.01131	0.01188	0.00665	0.00778	0.01145	0.01542	0.02051	0.04357	0.66817	0.05193	0.02462	0.01019	0.00325	0.00481	0.06816	0.00736	0.00651
99	0.01107	0.00805	0.01041	0.00992	0.01178	0.00740	0.00740	0.01463	0.02194	0.03081	0.61309	0.08583	0.10442	0.01675	0.00938	0.00253	0.00379	0.01479	0.00861	0.00740
100	0.02017	0.01729	0.02196	0.08488	0.10800	0.01929	0.04219	0.12145	0.34968	0.03237	0.02656	0.03042	0.02110	0.01056	0.00829	0.00267	0.00781	0.05661	0.00687	0.01184
101	0.01020	0.00745	0.00967	0.01132	0.01199	0.00716	0.00764	0.01272	0.04976	0.02094	0.04309	0.67919	0.05093	0.02409	0.01001	0.00319	0.00469	0.02181	0.00740	0.00677
102	0.00966	0.00690	0.00920	0.01104	0.01150	0.00644	0.00736	0.01104	0.01518	0.02024	0.04371	0.71614	0.05245	0.02484	0.01012	0.00322	0.00460	0.02254	0.00736	0.00644
103	0.02120	0.72609	0.04155	0.01357	0.02035	0.03138	0.01357	0.02374	0.01611	0.01866	0.01102	0.01272	0.01018	0.00678	0.00509	0.00170	0.00848	0.00424	0.00339	0.01018
104	0.03014	0.02221	0.02380	0.01825	0.02459	0.02459	0.01507	0.64541	0.03728	0.04998	0.01904	0.01904	0.01349	0.00952	0.00793	0.00238	0.00873	0.00714	0.00793	0.01349
105	0.01377	0.00689	0.01033	0.01033	0.01033	0.00689	0.00689	0.01033	0.01033	0.01377	0.01377	0.02410	0.01377	0.02755	0.03099	0.76928	0.00689	0.00689	0.00344	0.00344
106	0.01478	0.00739	0.00739	0.00739	0.00924	0.00739	0.00554	0.01848	0.01663	0.02956	0.02587	0.02956	0.02033	0.00924	0.00554	0.00185	0.00370	0.00739	0.76534	0.00739
107	0.01993	0.01920	0.05428	0.05103	0.02423	0.02290	0.04107	0.16754	0.01897	0.02706	0.01591	0.02049	0.03849	0.01227	0.01875	0.00307	0.42271	0.00744	0.00470	0.00995
108	0.01640	0.01409	0.01667	0.03267	0.01988	0.01078	0.00978	0.01998	0.01643	0.02567	0.01409	0.01659	0.01171	0.00593	0.00593	0.00122	0.00602	0.00477	0.00466	0.74674
109	0.05359	0.32078	0.06141	0.01799	0.02446	0.14173	0.07437	0.16813	0.02225	0.02756	0.01370	0.01545	0.01105	0.00770	0.00660	0.00207	0.01006	0.00561	0.00467	0.01082
110	0.01153	0.00769	0.00865	0.00865	0.00865	0.00769	0.00480	0.01153	0.01153	0.01538	0.02499	0.05189	0.02883	0.72131	0.04036	0.00769	0.00769	0.01153	0.00480	0.00480
111	0.02691	0.05806	0.02283	0.04547	0.02422	0.14052	0.01445	0.39134	0.07409	0.03881	0.02066	0.02120	0.03758	0.00954	0.00762	0.00231	0.00924	0.00712	0.03619	0.01182
112	0.01124	0.00827	0.01060	0.01064	0.01233	0.00783	0.00787	0.01519	0.04907	0.02836	0.44035	0.21475	0.08918	0.01841	0.00955	0.00273	0.00423	0.04371	0.00826	0.00743
113	0.04838	0.12406	0.31101	0.02191	0.06265	0.05233	0.10040	0.02625	0.01765	0.10427	0.01642	0.01947	0.01240	0.03879	0.00882	0.00261	0.01050	0.00656	0.00442	0.01110
114	0.02141	0.17278	0.20690	0.02244	0.03028	0.08442	0.18712	0.04957	0.01881	0.08326	0.01545	0.01797	0.01163	0.00773	0.00824	0.00237	0.03757	0.00668	0.00437	0.01100

[dist]
# distance from previous block
# <min> <max>
0	1

[block]
# block no. 3 follows, 24 sequences, length 132
# corresponding to MSA columns:
# 278-409
name=unknown_D
#
# <colnr> <probs for GDERKNQSTAVLIFYWHMCP>
#	G	D	E	R	K	N	Q	S	T	A	V	L	I	F	Y	W	H	M	C	P
0	0.00968	0.00747	0.00885	0.00973	0.01121	0.00663	0.00683	0.01152	0.01699	0.02172	0.11261	0.39902	0.30503	0.02216	0.00975	0.00294	0.00429	0.01947	0.00748	0.00663
1	0.01663	0.01603	0.05764	0.29312	0.07211	0.03861	0.01692	0.09512	0.01893	0.02519	0.02566	0.05668	0.10072	0.01266	0.03498	0.00296	0.03596	0.00891	0.06196	0.00923
2	0.01832	0.01669	0.02706	0.33394	0.26675	0.01847	0.04554	0.09083	0.01924	0.02592	0.01647	0.02397	0.01349	0.00848	0.00812	0.00257	0.00990	0.03923	0.00437	0.01064
3	0.01741	0.01862	0.03782	0.21794	0.09552	0.01876	0.39706	0.02335	0.01774	0.02383	0.01647	0.04782	0.01322	0.00775	0.00887	0.00266	0.01194	0.00904	0.00400	0.01017
4	0.01146	0.00796	0.01001	0.01001	0.01048	0.00843	0.00650	0.01241	0.01193	0.01638	0.02374	0.04500	0.02584	0.50141	0.25618	0.00937	0.01219	0.01052	0.00462	0.00556
5	0.01696	0.01440	0.01672	0.01199	0.01901	0.01110	0.00961	0.04370	0.01723	0.02676	0.01428	0.01654	0.01181	0.00601	0.00595	0.00122	0.00598	0.00479	0.00482	0.74109
6	0.04535	0.08434	0.02528	0.34164	0.03706	0.01912	0.07294	0.02045	0.01541	0.02169	0.01532	0.04768	0.01302	0.00954	0.01083	0.00265	0.13552	0.00750	0.06579	0.00887
7	0.00979	0.00700	0.00931	0.01096	0.01153	0.00652	0.00737	0.01135	0.01576	0.02116	0.09323	0.66400	0.05422	0.02416	0.01006	0.00316	0.00453	0.02189	0.00747	0.00652
8	0.07043	0.01817	0.01912	0.03825	0.02136	0.04182	0.01262	0.37479	0.05332	0.06560	0.06993	0.02499	0.01977	0.04177	0.00904	0.00259	0.00767	0.00778	0.08965	0.01134
9	0.01051	0.00797	0.01153	0.03832	0.01435	0.00764	0.03630	0.01239	0.01574	0.02112	0.09101	0.56486	0.04943	0.06458	0.01176	0.00338	0.00534	0.02003	0.00702	0.00671
10	0.03003	0.02166	0.02337	0.01799	0.02427	0.02386	0.01484	0.59861	0.05763	0.07669	0.02002	0.01974	0.01412	0.00957	0.00794	0.00239	0.00856	0.00724	0.00802	0.01345
11	0.01910	0.01871	0.03314	0.10597	0.54191	0.01887	0.09689	0.02409	0.01793	0.02534	0.01497	0.01997	0.01232	0.00710	0.00803	0.00242	0.00999	0.00733	0.00390	0.01200
12	0.01788	0.01847	0.02679	0.05538	0.02499	0.05001	0.08987	0.02037	0.01350	0.01988	0.01131	0.01788	0.01060	0.01253	0.02246	0.00328	0.56514	0.00715	0.00356	0.00894
13	0.01816	0.01732	0.02959	0.04582	0.02865	0.04291	0.28736	0.07915	0.01862	0.02619	0.01791	0.02333	0.01440	0.01658	0.11976	0.00419	0.07416	0.00827	0.11805	0.00958
14	0.01701	0.01363	0.01619	0.01634	0.04262	0.01489	0.01270	0.07398	0.29002	0.03007	0.07290	0.08495	0.03505	0.01552	0.00926	0.00301	0.00671	0.22737	0.00764	0.01014
15	0.15908	0.27382	0.08965	0.01546	0.02209	0.02224	0.04993	0.09502	0.01950	0.13115	0.04192	0.01845	0.01443	0.00811	0.00647	0.00219	0.00821	0.00601	0.00543	0.01085
16	0.01877	0.01935	0.03999	0.10947	0.03966	0.01895	0.48117	0.02475	0.01847	0.05901	0.04560	0.02318	0.01501	0.00774	0.00984	0.00269	0.04241	0.00913	0.00445	0.01039
17	0.00946	0.00797	0.00820	0.00829	0.01080	0.00671	0.00616	0.01150	0.01807	0.02175	0.10054	0.11416	0.60890	0.02022	0.00942	0.00270	0.00404	0.01699	0.00742	0.00671
18	0.01854	0.02087	0.04391	0.03181	0.03880	0.02060	0.56284	0.02459	0.01787	0.02459	0.01532	0.02087	0.01182	0.00761	0.01149	0.00278	0.10226	0.00905	0.00394	0.01044
19	0.01787	0.01442	0.01685	0.01213	0.01911	0.01122	0.00974	0.04772	0.01761	0.05521	0.01505	0.01701	0.01216	0.00620	0.00605	0.00128	0.00603	0.00495	0.00506	0.70433
20	0.01963	0.01884	0.03219	0.04867	0.67185	0.01884	0.02434	0.02434	0.01806	0.02591	0.01492	0.01963	0.01256	0.00707	0.00785	0.00236	0.00942	0.00707	0.00393	0.01256
21	0.01190	0.00856	0.01171	0.01326	0.01485	0.00837	0.01101	0.01505	0.01799	0.02362	0.09585	0.21042	0.07318	0.02194	0.01059	0.00343	0.00635	0.42735	0.00743	0.00712
22	0.00968	0.00711	0.00908	0.01056	0.01140	0.00652	0.00717	0.01124	0.01589	0.02086	0.07327	0.59684	0.14368	0.02381	0.00998	0.00311	0.00448	0.02137	0.00741	0.00652
23	0.02209	0.01767	0.01882	0.01593	0.02078	0.01977	0.01266	0.24654	0.36177	0.03799	0.06386	0.03106	0.07279	0.01133	0.00819	0.00257	0.00682	0.00921	0.00800	0.01216
24	0.01871	0.01791	0.03053	0.17756	0.55013	0.01860	0.02388	0.02353	0.01762	0.02479	0.01475	0.01993	0.01217	0.00724	0.00787	0.00241	0.00965	0.00706	0.00385	0.01182
25	0.01810	0.01846	0.02954	0.02368	0.02578	0.02331	0.16380	0.04152	0.01452	0.02160	0.01202	0.01835	0.01089	0.01205	0.02152	0.00325	0.52106	0.00751	0.00375	0.00931
26	0.01109	0.00810	0.01041	0.00984	0.01176	0.00743	0.00738	0.01471	0.02213	0.03105	0.62526	0.06047	0.11770	0.01649	0.00935	0.00251	0.00376	0.01451	0.00863	0.00743
27	0.01097	0.00756	0.00890	0.00927	0.00966	0.00734	0.00566	0.01168	0.01356	0.01809	0.08245	0.20510	0.07138	0.47064	0.02942	0.00600	0.00648	0.01453	0.00583	0.00549
28	0.01498	0.01409	0.02378	0.70226	0.05462	0.01762	0.02202	0.02026	0.01586	0.02026	0.01409	0.02114	0.01057	0.00793	0.00793	0.00264	0.01057	0.00705	0.00352	0.00881
29	0.00966	0.00690	0.00920	0.01104	0.01150	0.00644	0.00736	0.01104	0.01518	0.02024	0.04371	0.71614	0.05245	0.02484	0.01012	0.00322	0.00460	0.02254	0.00736	0.00644
30	0.01431	0.00925	0.01262	0.01332	0.01557	0.00890	0.01129	0.01787	0.01953	0.08248	0.17606	0.07704	0.07336	0.01956	0.01029	0.00326	0.00637	0.41323	0.00783	0.00786
31	0.01644	0.06528	0.58097	0.02352	0.03462	0.01911	0.10087	0.02509	0.01695	0.02490	0.01432	0.01713	0.01028	0.00740	0.00765	0.00250	0.01179	0.00621	0.00343	0.01154
32	0.01897	0.01827	0.03164	0.04553	0.59591	0.01816	0.05885	0.02360	0.01792	0.02554	0.01671	0.06164	0.01493	0.00811	0.00807	0.00243	0.00936	0.00813	0.00414	0.01209
33	0.01152	0.00773	0.00886	0.00886	0.00894	0.00780	0.00507	0.01167	0.01160	0.01553	0.02479	0.05081	0.02836	0.68659	0.07444	0.00795	0.00840	0.01137	0.00478	0.00492
34	0.02522	0.02551	0.02449	0.02669	0.19795	0.25199	0.01715	0.17023	0.07390	0.02965	0.01659	0.01875	0.01311	0.00864	0.00821	0.00230	0.03569	0.00656	0.03611	0.01126
35	0.00973	0.00795	0.00863	0.00883	0.01113	0.00684	0.00658	0.01193	0.01825	0.02256	0.14285	0.15002	0.50647	0.02025	0.00951	0.00275	0.00416	0.03727	0.00752	0.00678
36	0.02124	0.65003	0.06279	0.01490	0.02180	0.05492	0.03845	0.02415	0.01647	0.01916	0.01137	0.01325	0.01024	0.00686	0.00541	0.00177	0.00900	0.00452	0.00344	0.01021
37	0.01892	0.01764	0.02795	0.02098	0.04912	0.01566	0.22172	0.09548	0.01971	0.02853	0.01535	0.01850	0.01207	0.00661	0.00734	0.00186	0.00883	0.00662	0.00482	0.40228
