[name]
unknown

[dist]
# distance from previous block
# <min> <max>
0	2

[block]
# block no. 0 follows, 23 sequences, length 50
# corresponding to MSA columns:
# 2-51
name=unknown_A
#
# <colnr> <probs for GDERKNQSTAVLIFYWHMCP>
#	G	D	E	R	K	N	Q	S	T	A	V	L	I	F	Y	W	H	M	C	P
0	0.01370	0.01102	0.01394	0.04567	0.01784	0.00941	0.00984	0.01672	0.01705	0.02452	0.07479	0.25117	0.03409	0.01503	0.00837	0.00234	0.00584	0.08191	0.00623	0.34051
1	0.58437	0.06716	0.01371	0.01062	0.01522	0.01752	0.00883	0.02283	0.01439	0.03352	0.01371	0.01620	0.01097	0.01015	0.03579	0.00285	0.00684	0.00499	0.10165	0.00868
2	0.02202	0.54628	0.09854	0.01655	0.02371	0.10236	0.04730	0.02541	0.01740	0.02014	0.01198	0.01403	0.01050	0.00716	0.00589	0.00190	0.00990	0.00486	0.00358	0.01047
3	0.03006	0.06614	0.02429	0.01995	0.02491	0.46786	0.01552	0.20129	0.02693	0.02858	0.01443	0.01591	0.01139	0.00868	0.00744	0.00217	0.01276	0.00577	0.00525	0.01068
4	0.01683	0.01442	0.01683	0.01202	0.01923	0.01082	0.00961	0.02043	0.01683	0.02644	0.01442	0.01683	0.01202	0.00601	0.00601	0.00120	0.00601	0.00481	0.00481	0.76444
5	0.01775	0.01775	0.02485	0.02130	0.02130	0.02485	0.01775	0.01953	0.01243	0.01953	0.01065	0.01775	0.01065	0.01420	0.02663	0.00355	0.69998	0.00710	0.00355	0.00888
6	0.01343	0.00908	0.01133	0.01194	0.01364	0.00883	0.00848	0.01791	0.09687	0.07584	0.08933	0.48158	0.08733	0.02141	0.00981	0.00307	0.00500	0.01912	0.00793	0.00806
7	0.00989	0.00706	0.00942	0.01130	0.01177	0.00659	0.00753	0.01130	0.01554	0.02071	0.04472	0.70954	0.05367	0.02542	0.01036	0.00330	0.00471	0.02307	0.00753	0.00659
8	0.00989	0.00706	0.00942	0.01130	0.01177	0.00659	0.00753	0.01130	0.01554	0.02071	0.04472	0.70954	0.05367	0.02542	0.01036	0.00330	0.00471	0.02307	0.00753	0.00659
9	0.77215	0.01569	0.01193	0.01067	0.01569	0.01820	0.00879	0.02385	0.01381	0.03641	0.01130	0.01318	0.00879	0.00753	0.00502	0.00251	0.00628	0.00439	0.00502	0.00879
10	0.01532	0.01442	0.02434	0.69533	0.05589	0.01803	0.02253	0.02073	0.01622	0.02073	0.01442	0.02163	0.01082	0.00811	0.00811	0.00270	0.01082	0.00721	0.00361	0.00901
11	0.00959	0.00822	0.00822	0.00822	0.01096	0.00685	0.00617	0.01165	0.01850	0.02192	0.08220	0.07809	0.66092	0.02055	0.00959	0.00274	0.00411	0.01713	0.00754	0.00685
12	0.01532	0.01442	0.02434	0.69533	0.05589	0.01803	0.02253	0.02073	0.01622	0.02073	0.01442	0.02163	0.01082	0.00811	0.00811	0.00270	0.01082	0.00721	0.00361	0.00901
13	0.01197	0.00785	0.00879	0.00879	0.00888	0.00785	0.00495	0.01216	0.01206	0.01646	0.02561	0.05195	0.02906	0.67930	0.03951	0.00757	0.00766	0.01159	0.04294	0.00505
14	0.00987	0.00711	0.00937	0.01117	0.01174	0.00660	0.00748	0.01131	0.01566	0.02076	0.04628	0.68333	0.07887	0.02522	0.01033	0.00327	0.00468	0.02282	0.00753	0.00660
15	0.03031	0.03867	0.02299	0.02090	0.02508	0.68226	0.01568	0.03240	0.02299	0.01986	0.01254	0.01463	0.01045	0.00836	0.00732	0.00209	0.01463	0.00523	0.00418	0.00941
16	0.01696	0.01780	0.06852	0.47727	0.14559	0.01872	0.07266	0.04329	0.01762	0.02340	0.01489	0.02106	0.01132	0.00790	0.00819	0.00264	0.01088	0.00733	0.00385	0.01011
17	0.01513	0.00756	0.00756	0.00756	0.00945	0.00756	0.00567	0.01891	0.01702	0.03025	0.02647	0.03025	0.02080	0.00945	0.00567	0.00189	0.00378	0.00756	0.75988	0.00756
18	0.01034	0.00870	0.00902	0.00886	0.01160	0.00762	0.00667	0.01365	0.05124	0.02369	0.14233	0.07375	0.56504	0.01963	0.00952	0.00272	0.00420	0.01645	0.00772	0.00724
19	0.01665	0.09507	0.58083	0.06484	0.03527	0.01987	0.02821	0.02527	0.01702	0.02485	0.01429	0.01708	0.01032	0.00767	0.00753	0.00251	0.01165	0.00594	0.00344	0.01168
20	0.01990	0.01235	0.01286	0.01113	0.01447	0.01316	0.00878	0.19995	0.04688	0.03648	0.02468	0.02711	0.01891	0.00960	0.00648	0.00208	0.00538	0.00755	0.51267	0.00958
21	0.01165	0.00780	0.00889	0.00904	0.00908	0.00777	0.00512	0.01176	0.01209	0.01613	0.02708	0.10491	0.03141	0.66042	0.03886	0.00751	0.00762	0.01269	0.00512	0.00505
22	0.01611	0.01523	0.02576	0.58847	0.15659	0.01823	0.02293	0.02142	0.01660	0.02169	0.01456	0.02138	0.01115	0.00797	0.00810	0.00266	0.01062	0.00721	0.00367	0.00965
23	0.01893	0.01906	0.02672	0.36679	0.25202	0.09730	0.02201	0.02464	0.05015	0.02322	0.01543	0.02073	0.01216	0.00800	0.00800	0.00254	0.01065	0.00708	0.00405	0.01053
24	0.13444	0.02103	0.02218	0.01721	0.02349	0.02312	0.01422	0.50347	0.03356	0.09915	0.01936	0.01926	0.01361	0.00946	0.00769	0.00245	0.00840	0.00697	0.00784	0.01310
25	0.01586	0.03842	0.59646	0.02257	0.03349	0.01791	0.05009	0.02454	0.01708	0.02530	0.01707	0.07333	0.01386	0.00911	0.00799	0.00263	0.01146	0.00751	0.00378	0.01152
26	0.02259	0.01574	0.01839	0.01379	0.02037	0.01386	0.01112	0.15526	0.02235	0.13328	0.01978	0.05324	0.01573	0.00840	0.00702	0.00178	0.00671	0.00677	0.00648	0.44732
27	0.01083	0.00777	0.01032	0.01112	0.01232	0.00727	0.00802	0.01346	0.01899	0.02609	0.30978	0.38103	0.06299	0.02138	0.01008	0.00301	0.00455	0.06574	0.00813	0.00712
28	0.01683	0.01442	0.01683	0.01202	0.01923	0.01082	0.00961	0.02043	0.01683	0.02644	0.01442	0.01683	0.01202	0.00601	0.00601	0.00120	0.00601	0.00481	0.00481	0.76444
29	0.01667	0.06671	0.61721	0.02409	0.06558	0.01937	0.02912	0.02560	0.01717	0.02549	0.01447	0.01712	0.01041	0.00766	0.00763	0.00253	0.01175	0.00599	0.00346	0.01197
30	0.02535	0.01743	0.01848	0.01479	0.01967	0.01901	0.01201	0.42102	0.03076	0.04384	0.02192	0.02325	0.01625	0.00964	0.00726	0.00224	0.00713	0.00740	0.27093	0.01162
31	0.00989	0.00706	0.00942	0.01130	0.01177	0.00659	0.00753	0.01130	0.01554	0.02071	0.04472	0.70954	0.05367	0.02542	0.01036	0.00330	0.00471	0.02307	0.00753	0.00659
32	0.06295	0.00808	0.00784	0.00776	0.00985	0.00824	0.00587	0.01922	0.01681	0.03064	0.02551	0.02917	0.02004	0.00933	0.00563	0.00193	0.00394	0.00736	0.71219	0.00764
33	0.01166	0.00842	0.01167	0.01167	0.01264	0.00940	0.00843	0.01361	0.01263	0.01782	0.02299	0.03883	0.02330	0.27506	0.47260	0.01135	0.01719	0.00971	0.00453	0.00648
34	0.01133	0.00829	0.01064	0.01005	0.01203	0.00759	0.00754	0.01502	0.02262	0.03170	0.61434	0.06199	0.12268	0.01690	0.00957	0.00257	0.00385	0.01487	0.00882	0.00759
35	0.01819	0.01474	0.01722	0.01239	0.01953	0.01145	0.00995	0.04671	0.01796	0.05312	0.01533	0.01737	0.01241	0.00632	0.00618	0.00131	0.00617	0.00504	0.00515	0.70346
36	0.01889	0.01806	0.03077	0.21207	0.51130	0.01896	0.02431	0.02385	0.01791	0.02506	0.01505	0.02047	0.01234	0.00745	0.00805	0.00248	0.00994	0.00723	0.00391	0.01189
37	0.01627	0.04197	0.67279	0.02313	0.03512	0.01884	0.02998	0.02570	0.01713	0.02570	0.01456	0.01713	0.01028	0.00771	0.00771	0.00257	0.01199	0.00600	0.00343	0.01199
38	0.01148	0.00829	0.01085	0.01021	0.01212	0.00766	0.00766	0.01531	0.02297	0.03254	0.65994	0.06061	0.07656	0.01659	0.00957	0.00255	0.00383	0.01467	0.00893	0.00766
39	0.01513	0.00756	0.00756	0.00756	0.00945	0.00756	0.00567	0.01891	0.01702	0.03025	0.02647	0.03025	0.02080	0.00945	0.00567	0.00189	0.00378	0.00756	0.75988	0.00756
40	0.01159	0.00869	0.01304	0.01304	0.01449	0.01014	0.01014	0.01449	0.01304	0.01884	0.02173	0.03188	0.02029	0.06086	0.68268	0.01304	0.02173	0.00869	0.00435	0.00724
41	0.02008	0.01928	0.03294	0.04981	0.66422	0.01928	0.02490	0.02490	0.01848	0.02651	0.01526	0.02008	0.01285	0.00723	0.00803	0.00241	0.00964	0.00723	0.00402	0.01285
42	0.00974	0.00823	0.00843	0.00838	0.01105	0.00691	0.00628	0.01193	0.01885	0.02276	0.12780	0.07671	0.61481	0.02024	0.00959	0.00273	0.00409	0.01693	0.00765	0.00691
43	0.01513	0.00756	0.00756	0.00756	0.00945	0.00756	0.00567	0.01891	0.01702	0.03025	0.02647	0.03025	0.02080	0.00945	0.00567	0.00189	0.00378	0.00756	0.75988	0.00756
44	0.01986	0.01905	0.03253	0.08007	0.63570	0.01922	0.02479	0.02471	0.01837	0.02624	0.01522	0.02016	0.01276	0.00727	0.00804	0.00242	0.00969	0.00723	0.00400	0.01267
45	0.02169	0.71972	0.04252	0.01388	0.02083	0.03211	0.01388	0.02430	0.01649	0.01909	0.01128	0.01302	0.01041	0.00694	0.00521	0.00174	0.00868	0.00434	0.00347	0.01041
46	0.02971	0.02206	0.02374	0.01813	0.02468	0.02400	0.01495	0.58726	0.03643	0.04914	0.01907	0.01927	0.01366	0.00944	0.00795	0.00234	0.00869	0.00710	0.00785	0.07454
47	0.03130	0.02201	0.02390	0.01833	0.02480	0.02409	0.01514	0.58881	0.03694	0.10120	0.02050	0.02014	0.01431	0.00977	0.00812	0.00244	0.00877	0.00737	0.00827	0.01380
48	0.02895	0.02077	0.02247	0.01755	0.02340	0.02282	0.01425	0.52018	0.07394	0.07842	0.02145	0.02323	0.01605	0.06548	0.01075	0.00289	0.00858	0.00782	0.00797	0.01304
49	0.18063	0.02214	0.01947	0.01642	0.02158	0.13401	0.01308	0.24779	0.16503	0.03800	0.01993	0.02023	0.01494	0.00932	0.00726	0.00244	0.00857	0.00678	0.04086	0.01152

[dist]
# distance from previous block
# <min> <max>
9	14

[block]
# block no. 1 follows, 23 sequences, length 15
# corresponding to MSA columns:
# 66-80
name=unknown_B
#
# <colnr> <probs for GDERKNQSTAVLIFYWHMCP>
#	G	D	E	R	K	N	Q	S	T	A	V	L	I	F	Y	W	H	M	C	P
0	0.16099	0.01900	0.01931	0.01622	0.02156	0.02159	0.01302	0.25101	0.31613	0.04051	0.02425	0.02332	0.01795	0.00992	0.00762	0.00260	0.00729	0.00764	0.00762	0.01244
1	0.34221	0.01346	0.01336	0.01169	0.01577	0.01446	0.00933	0.07256	0.04528	0.08774	0.25306	0.03300	0.03568	0.01139	0.00733	0.00253	0.00565	0.00891	0.00725	0.00935
2	0.66672	0.01546	0.01280	0.01108	0.01633	0.01725	0.00911	0.02505	0.01480	0.09178	0.01329	0.01465	0.00996	0.00767	0.00535	0.00244	0.00632	0.00475	0.00545	0.04974
3	0.02140	0.02178	0.03165	0.04608	0.58176	0.10482	0.02371	0.02587	0.01906	0.02565	0.01491	0.01938	0.01254	0.00738	0.00794	0.00237	0.01028	0.00697	0.00404	0.01241
4	0.02097	0.01720	0.01846	0.01609	0.02067	0.01946	0.01264	0.14607	0.45907	0.03685	0.11148	0.03225	0.02948	0.01150	0.00840	0.00267	0.00654	0.00955	0.00832	0.01235
5	0.01279	0.00933	0.01146	0.01190	0.01349	0.00915	0.00848	0.09262	0.01966	0.02634	0.12812	0.49097	0.09079	0.02187	0.00991	0.00305	0.00509	0.01950	0.00780	0.00768
6	0.01057	0.00806	0.00972	0.00971	0.01167	0.00720	0.00713	0.01340	0.02021	0.02696	0.36114	0.17470	0.27126	0.01941	0.00971	0.00274	0.00407	0.01691	0.00822	0.00720
7	0.02548	0.01898	0.02099	0.01599	0.02257	0.01915	0.01304	0.34598	0.07993	0.07426	0.01952	0.01989	0.01442	0.00858	0.00741	0.00204	0.00762	0.00665	0.00710	0.27040
8	0.01453	0.00900	0.01164	0.01057	0.01313	0.00813	0.00807	0.01811	0.02259	0.11380	0.52638	0.05794	0.12242	0.01610	0.00939	0.00256	0.00425	0.01406	0.00895	0.00838
9	0.01286	0.00749	0.00964	0.00964	0.00964	0.00749	0.00590	0.01123	0.01123	0.01498	0.02028	0.04000	0.02240	0.39839	0.03688	0.35630	0.00749	0.00961	0.00427	0.00427
10	0.01812	0.27299	0.45795	0.01998	0.03025	0.02337	0.02449	0.02522	0.01691	0.02345	0.01344	0.01573	0.01032	0.00745	0.00686	0.00229	0.01086	0.00543	0.00344	0.01145
11	0.02556	0.01989	0.02171	0.01753	0.02271	0.02247	0.01427	0.40200	0.16288	0.04213	0.02709	0.02677	0.07295	0.01136	0.00992	0.00263	0.06936	0.00855	0.00769	0.01255
12	0.01683	0.01442	0.01683	0.01202	0.01923	0.01082	0.00961	0.02043	0.01683	0.02644	0.01442	0.01683	0.01202	0.00601	0.00601	0.00120	0.00601	0.00481	0.00481	0.76444
13	0.01877	0.01838	0.02238	0.01954	0.02059	0.08053	0.01589	0.06993	0.01578	0.02219	0.01540	0.07976	0.01543	0.01789	0.07229	0.00404	0.46935	0.00848	0.00439	0.00900
14	0.01915	0.02189	0.04788	0.03420	0.04241	0.02052	0.63475	0.02599	0.01915	0.02599	0.01642	0.02189	0.01231	0.00684	0.00958	0.00274	0.01368	0.00958	0.00410	0.01094

[dist]
# distance from previous block
# <min> <max>
0	3

[block]
# block no. 2 follows, 23 sequences, length 46
# corresponding to MSA columns:
# 84-129
name=unknown_C
#
# <colnr> <probs for GDERKNQSTAVLIFYWHMCP>
#	G	D	E	R	K	N	Q	S	T	A	V	L	I	F	Y	W	H	M	C	P
0	0.02690	0.02534	0.02199	0.01836	0.02313	0.22253	0.01458	0.30817	0.06195	0.03558	0.04527	0.02422	0.06256	0.01076	0.00941	0.00246	0.06115	0.00774	0.00658	0.01132
1	0.01961	0.01880	0.03208	0.11406	0.60367	0.01915	0.02467	0.02449	0.01825	0.02593	0.01518	0.02024	0.01265	0.00732	0.00804	0.00244	0.00976	0.00723	0.00398	0.01247
2	0.01967	0.01886	0.03219	0.10553	0.61171	0.01917	0.02470	0.02454	0.01828	0.02601	0.01519	0.02022	0.01268	0.00731	0.00804	0.00244	0.00974	0.00723	0.00398	0.01252
3	0.02143	0.01414	0.01646	0.01467	0.01836	0.01478	0.01126	0.20046	0.11848	0.12842	0.03380	0.30695	0.03283	0.01644	0.00907	0.00285	0.00651	0.01422	0.00818	0.01068
4	0.06088	0.01048	0.01129	0.01012	0.01312	0.01082	0.00794	0.09234	0.01959	0.09579	0.02501	0.02792	0.01921	0.01337	0.05791	0.00290	0.00620	0.00750	0.49865	0.00895
5	0.01938	0.01857	0.03168	0.14445	0.57503	0.01910	0.02456	0.02429	0.01815	0.02566	0.01514	0.02031	0.01255	0.00736	0.00804	0.00245	0.00981	0.00723	0.00396	0.01229
6	0.01261	0.00823	0.01076	0.01076	0.01206	0.00901	0.00795	0.01522	0.01392	0.02143	0.02375	0.03531	0.02211	0.16619	0.37770	0.00900	0.01422	0.00895	0.21392	0.00691
7	0.02782	0.02993	0.02198	0.01937	0.02380	0.39725	0.01492	0.10067	0.16425	0.05959	0.01879	0.01947	0.01452	0.00946	0.00857	0.00237	0.04404	0.00657	0.00579	0.01086
8	0.00976	0.00823	0.00846	0.00840	0.01106	0.00692	0.00630	0.01198	0.01890	0.02288	0.13423	0.07652	0.60830	0.02019	0.00959	0.00272	0.00408	0.01690	0.00766	0.00692
9	0.01627	0.04197	0.67279	0.02313	0.03512	0.01884	0.02998	0.02570	0.01713	0.02570	0.01456	0.01713	0.01028	0.00771	0.00771	0.00257	0.01199	0.00600	0.00343	0.01199
10	0.01597	0.01351	0.01591	0.01193	0.01831	0.01029	0.00936	0.01930	0.01667	0.02573	0.01818	0.10266	0.01718	0.00841	0.00655	0.00146	0.00585	0.00707	0.00515	0.67054
11	0.02008	0.01928	0.03294	0.04981	0.66422	0.01928	0.02490	0.02490	0.01848	0.02651	0.01526	0.02008	0.01285	0.00723	0.00803	0.00241	0.00964	0.00723	0.00402	0.01285
12	0.02008	0.01928	0.03294	0.04981	0.66422	0.01928	0.02490	0.02490	0.01848	0.02651	0.01526	0.02008	0.01285	0.00723	0.00803	0.00241	0.00964	0.00723	0.00402	0.01285
13	0.77215	0.01569	0.01193	0.01067	0.01569	0.01820	0.00879	0.02385	0.01381	0.03641	0.01130	0.01318	0.00879	0.00753	0.00502	0.00251	0.00628	0.00439	0.00502	0.00879
14	0.01982	0.01702	0.01808	0.01643	0.02088	0.01963	0.01286	0.04177	0.61736	0.03345	0.03353	0.03340	0.02589	0.01159	0.00841	0.00280	0.00648	0.03982	0.00822	0.01257
15	0.01513	0.00756	0.00756	0.00756	0.00945	0.00756	0.00567	0.01891	0.01702	0.03025	0.02647	0.03025	0.02080	0.00945	0.00567	0.00189	0.00378	0.00756	0.75988	0.00756
16	0.00959	0.00822	0.00822	0.00822	0.01096	0.00685	0.00617	0.01165	0.01850	0.02192	0.08220	0.07809	0.66092	0.02055	0.00959	0.00274	0.00411	0.01713	0.00754	0.00685
17	0.01532	0.01442	0.02434	0.69533	0.05589	0.01803	0.02253	0.02073	0.01622	0.02073	0.01442	0.02163	0.01082	0.00811	0.00811	0.00270	0.01082	0.00721	0.00361	0.00901
18	0.02018	0.01743	0.01835	0.01651	0.02110	0.02018	0.01284	0.04312	0.64956	0.03394	0.03303	0.03027	0.02477	0.01101	0.00826	0.00275	0.00642	0.00917	0.00826	0.01284
19	0.02325	0.01896	0.02008	0.01713	0.02227	0.02162	0.01359	0.21417	0.47350	0.03889	0.02913	0.02717	0.02161	0.01064	0.00822	0.00266	0.00714	0.00864	0.00822	0.01312
20	0.77215	0.01569	0.01193	0.01067	0.01569	0.01820	0.00879	0.02385	0.01381	0.03641	0.01130	0.01318	0.00879	0.00753	0.00502	0.00251	0.00628	0.00439	0.00502	0.00879
21	0.01627	0.04197	0.67279	0.02313	0.03512	0.01884	0.02998	0.02570	0.01713	0.02570	0.01456	0.01713	0.01028	0.00771	0.00771	0.00257	0.01199	0.00600	0.00343	0.01199
22	0.01648	0.04051	0.62726	0.02393	0.03565	0.01897	0.07405	0.02572	0.01728	0.02572	0.01470	0.01748	0.01043	0.00765	0.00785	0.00258	0.01211	0.00626	0.00348	0.01192
23	0.01159	0.00869	0.01304	0.01304	0.01449	0.01014	0.01014	0.01449	0.01304	0.01884	0.02173	0.03188	0.02029	0.06086	0.68268	0.01304	0.02173	0.00869	0.00435	0.00724
24	0.01447	0.00828	0.00983	0.05872	0.01379	0.00882	0.00775	0.01820	0.01620	0.02739	0.02469	0.02993	0.01997	0.01911	0.13438	0.00407	0.00770	0.00775	0.56134	0.00761
25	0.03031	0.03867	0.02299	0.02090	0.02508	0.68226	0.01568	0.03240	0.02299	0.01986	0.01254	0.01463	0.01045	0.00836	0.00732	0.00209	0.01463	0.00523	0.00418	0.00941
26	0.03082	0.02361	0.02428	0.01879	0.02516	0.06170	0.01544	0.60353	0.03731	0.04940	0.01910	0.01921	0.01361	0.00966	0.00807	0.00242	0.00925	0.00719	0.00790	0.01356
27	0.01856	0.02014	0.03814	0.02874	0.03348	0.02235	0.37366	0.02326	0.01631	0.02326	0.01398	0.02014	0.01161	0.00996	0.01679	0.00308	0.30410	0.00853	0.00387	0.01007
28	0.77215	0.01569	0.01193	0.01067	0.01569	0.01820	0.00879	0.02385	0.01381	0.03641	0.01130	0.01318	0.00879	0.00753	0.00502	0.00251	0.00628	0.00439	0.00502	0.00879
29	0.00989	0.00706	0.00942	0.01130	0.01177	0.00659	0.00753	0.01130	0.01554	0.02071	0.04472	0.70954	0.05367	0.02542	0.01036	0.00330	0.00471	0.02307	0.00753	0.00659
30	0.01409	0.00705	0.01057	0.01057	0.01057	0.00705	0.00705	0.01057	0.01057	0.01409	0.01409	0.02467	0.01409	0.02819	0.03171	0.76392	0.00705	0.00705	0.00352	0.00352
31	0.01148	0.00829	0.01085	0.01021	0.01212	0.00766	0.00766	0.01531	0.02297	0.03254	0.65994	0.06061	0.07656	0.01659	0.00957	0.00255	0.00383	0.01467	0.00893	0.00766
32	0.02008	0.01928	0.03294	0.04981	0.66422	0.01928	0.02490	0.02490	0.01848	0.02651	0.01526	0.02008	0.01285	0.00723	0.00803	0.00241	0.00964	0.00723	0.00402	0.01285
33	0.01061	0.00848	0.00967	0.01031	0.01268	0.00755	0.00822	0.01311	0.01840	0.02254	0.06904	0.11399	0.45389	0.02133	0.01009	0.00305	0.00510	0.18740	0.00752	0.00702
34	0.02879	0.03141	0.02256	0.01966	0.02445	0.41764	0.01515	0.17826	0.12885	0.02961	0.01754	0.01834	0.01359	0.00912	0.00766	0.00228	0.01193	0.00637	0.00578	0.01101
35	0.02008	0.01928	0.03294	0.04981	0.66422	0.01928	0.02490	0.02490	0.01848	0.02651	0.01526	0.02008	0.01285	0.00723	0.00803	0.00241	0.00964	0.00723	0.00402	0.01285
36	0.01642	0.11081	0.54617	0.02098	0.03153	0.01924	0.02626	0.02461	0.01759	0.02561	0.07250	0.02062	0.01628	0.00843	0.00761	0.00248	0.01090	0.00660	0.00393	0.01143
37	0.01903	0.02151	0.04580	0.03304	0.04050	0.02091	0.57903	0.02541	0.01854	0.02541	0.01590	0.02151	0.01216	0.00750	0.01112	0.00281	0.07566	0.00935	0.00405	0.01076
38	0.01012	0.00723	0.00968	0.01156	0.01214	0.00679	0.00794	0.01170	0.01576	0.02097	0.04459	0.66450	0.05316	0.02520	0.01042	0.00333	0.00491	0.06581	0.00753	0.00665
39	0.01736	0.13109	0.52875	0.02128	0.03193	0.02075	0.02626	0.02708	0.07416	0.02555	0.01579	0.01776	0.01161	0.00790	0.00742	0.00247	0.01104	0.00606	0.00387	0.01186
40	0.01759	0.04023	0.61423	0.02272	0.03422	0.01942	0.02867	0.08092	0.01903	0.02799	0.01501	0.01734	0.01060	0.00789	0.00775	0.00256	0.01172	0.00611	0.00385	0.01216
41	0.01682	0.01699	0.02383	0.02023	0.02230	0.07816	0.10938	0.01969	0.01481	0.02044	0.01725	0.07209	0.01667	0.02629	0.20298	0.00591	0.29443	0.00891	0.00420	0.00862
42	0.01595	0.01520	0.02483	0.55281	0.07877	0.01922	0.02185	0.02073	0.01570	0.02080	0.01383	0.02091	0.01089	0.00908	0.01119	0.00283	0.12542	0.00719	0.00362	0.00917
43	0.02051	0.01751	0.01756	0.01382	0.01967	0.10365	0.01085	0.07604	0.02034	0.07536	0.06292	0.06653	0.01982	0.00898	0.00707	0.00176	0.00727	0.00723	0.00586	0.43726
44	0.67286	0.01615	0.01303	0.01154	0.01658	0.01868	0.00943	0.05155	0.07225	0.03681	0.01361	0.01499	0.01044	0.00794	0.00544	0.00253	0.00640	0.00495	0.00544	0.00937
45	0.01569	0.01590	0.03074	0.02348	0.02875	0.01503	0.34479	0.02168	0.05423	0.02640	0.13722	0.14483	0.07802	0.01276	0.00963	0.00280	0.00943	0.01317	0.00597	0.00948

[dist]
# distance from previous block
# <min> <max>
0	5

[block]
# block no. 3 follows, 23 sequences, length 9
# corresponding to MSA columns:
# 135-143
name=unknown_D
#
# <colnr> <probs for GDERKNQSTAVLIFYWHMCP>
#	G	D	E	R	K	N	Q	S	T	A	V	L	I	F	Y	W	H	M	C	P
0	0.01595	0.03260	0.45231	0.25169	0.04218	0.01857	0.02745	0.02401	0.01682	0.02401	0.01451	0.01866	0.01046	0.00785	0.00785	0.00262	0.01159	0.00641	0.00349	0.01098
1	0.51405	0.01353	0.01232	0.01212	0.01607	0.01519	0.01025	0.02146	0.01547	0.03228	0.02206	0.03982	0.02168	0.01259	0.00712	0.00293	0.00668	0.21017	0.00585	0.00834
2	0.01445	0.00722	0.00955	0.00955	0.01019	0.00722	0.00658	0.01341	0.01276	0.01959	0.01830	0.02656	0.01637	0.02182	0.02286	0.50482	0.00594	0.00722	0.26070	0.00490
3	0.01038	0.00825	0.00932	0.00905	0.01145	0.00719	0.00679	0.01318	0.02037	0.02637	0.32439	0.07076	0.41596	0.01889	0.00958	0.00266	0.00399	0.01610	0.00812	0.00719
4	0.01167	0.00723	0.00879	0.01003	0.01098	0.00692	0.00690	0.01389	0.01604	0.02396	0.03852	0.47857	0.04249	0.01999	0.00876	0.00282	0.00439	0.01780	0.26334	0.00692
5	0.01341	0.00867	0.01141	0.01062	0.01280	0.00794	0.00799	0.01704	0.02255	0.08348	0.57273	0.09625	0.07063	0.01658	0.00950	0.00259	0.00413	0.01464	0.00894	0.00809
6	0.01513	0.00756	0.00756	0.00756	0.00945	0.00756	0.00567	0.01891	0.01702	0.03025	0.02647	0.03025	0.02080	0.00945	0.00567	0.00189	0.00378	0.00756	0.75988	0.00756
7	0.01716	0.01554	0.02542	0.03634	0.44249	0.01533	0.01904	0.02164	0.02000	0.02856	0.23446	0.03386	0.03452	0.01041	0.00856	0.00246	0.00766	0.00976	0.00569	0.01109
8	0.01647	0.01563	0.01930	0.01705	0.01729	0.05795	0.01327	0.01766	0.01284	0.01826	0.01583	0.02959	0.01705	0.25208	0.03048	0.00493	0.42413	0.00859	0.00405	0.00756

[dist]
# distance from previous block
# <min> <max>
0	22

[block]
# block no. 4 follows, 23 sequences, length 91
# corresponding to MSA columns:
# 166-251,254-258
name=unknown_E
#
# <colnr> <probs for GDERKNQSTAVLIFYWHMCP>
#	G	D	E	R	K	N	Q	S	T	A	V	L	I	F	Y	W	H	M	C	P
0	0.01191	0.00829	0.01006	0.06067	0.01263	0.00853	0.00646	0.01243	0.01244	0.01652	0.02630	0.10447	0.03007	0.60526	0.03627	0.00710	0.00783	0.01238	0.00503	0.00536
1	0.71481	0.01513	0.01165	0.01049	0.01534	0.01735	0.00859	0.02293	0.01416	0.03532	0.01663	0.01806	0.05782	0.00851	0.00537	0.00253	0.00611	0.00535	0.00521	0.00864
2	0.01354	0.01001	0.01361	0.01317	0.01516	0.01150	0.01028	0.05025	0.06256	0.02259	0.02284	0.03097	0.02032	0.05034	0.54274	0.01082	0.01849	0.00857	0.06421	0.00804
3	0.02169	0.71972	0.04252	0.01388	0.02083	0.03211	0.01388	0.02430	0.01649	0.01909	0.01128	0.01302	0.01041	0.00694	0.00521	0.00174	0.00868	0.00434	0.00347	0.01041
4	0.01844	0.01707	0.02289	0.01951	0.02038	0.02269	0.01605	0.08835	0.01608	0.02386	0.06126	0.02306	0.01697	0.05131	0.02405	0.00358	0.53284	0.00794	0.00454	0.00913
5	0.01982	0.01919	0.03108	0.04599	0.59202	0.04280	0.02346	0.02439	0.01823	0.02569	0.01565	0.02077	0.01332	0.01130	0.05874	0.00320	0.01073	0.00727	0.00405	0.01231
6	0.01905	0.01435	0.01763	0.06369	0.02216	0.01149	0.01086	0.02274	0.01755	0.10297	0.01653	0.01848	0.01289	0.00665	0.00642	0.00147	0.00648	0.00539	0.00534	0.61785
7	0.01485	0.00762	0.00781	0.00776	0.00965	0.00757	0.00582	0.01864	0.01746	0.03042	0.07410	0.03253	0.02499	0.00999	0.00597	0.00194	0.00378	0.00810	0.70341	0.00757
8	0.05723	0.07831	0.02157	0.01742	0.02169	0.34514	0.01362	0.11737	0.04906	0.02694	0.06430	0.02142	0.01772	0.01396	0.06862	0.00318	0.01208	0.00671	0.03382	0.00984
9	0.01583	0.01452	0.02378	0.63828	0.05277	0.01790	0.02162	0.04675	0.01744	0.02251	0.04125	0.02315	0.01365	0.00853	0.00817	0.00269	0.01045	0.00752	0.00402	0.00916
10	0.01409	0.00705	0.01057	0.01057	0.01057	0.00705	0.00705	0.01057	0.01057	0.01409	0.01409	0.02467	0.01409	0.02819	0.03171	0.76392	0.00705	0.00705	0.00352	0.00352
11	0.01627	0.04197	0.67279	0.02313	0.03512	0.01884	0.02998	0.02570	0.01713	0.02570	0.01456	0.01713	0.01028	0.00771	0.00771	0.00257	0.01199	0.00600	0.00343	0.01199
12	0.01874	0.02401	0.11945	0.03225	0.04047	0.02055	0.53254	0.02562	0.01857	0.02562	0.01590	0.02112	0.01199	0.00732	0.01024	0.00276	0.04885	0.00903	0.00400	0.01096
13	0.01148	0.00829	0.01085	0.01021	0.01212	0.00766	0.00766	0.01531	0.02297	0.03254	0.65994	0.06061	0.07656	0.01659	0.00957	0.00255	0.00383	0.01467	0.00893	0.00766
14	0.01154	0.00833	0.01093	0.01039	0.01230	0.00772	0.00786	0.01537	0.02281	0.03222	0.63642	0.06179	0.07542	0.01681	0.00963	0.00260	0.00397	0.03735	0.00888	0.00765
15	0.02234	0.66897	0.04107	0.01441	0.02114	0.08055	0.01402	0.02490	0.01697	0.01915	0.01137	0.01314	0.01042	0.00705	0.00536	0.00176	0.00912	0.00440	0.00352	0.01034
16	0.01753	0.00967	0.01277	0.01133	0.01434	0.00873	0.00884	0.02111	0.02269	0.18674	0.46051	0.05447	0.08544	0.01538	0.00929	0.00259	0.00473	0.03565	0.00909	0.00911
17	0.01650	0.06993	0.64680	0.02275	0.03453	0.01939	0.02932	0.02564	0.01710	0.02542	0.01443	0.01696	0.01028	0.00768	0.00761	0.00254	0.01186	0.00593	0.00343	0.01193
18	0.02894	0.03372	0.02210	0.01960	0.02382	0.52491	0.01479	0.12683	0.02452	0.02450	0.01467	0.01843	0.01248	0.06409	0.01011	0.00260	0.01320	0.00607	0.00486	0.00975
19	0.03130	0.01459	0.01800	0.01418	0.01971	0.01399	0.01159	0.14907	0.04634	0.42617	0.02877	0.02661	0.01918	0.00992	0.00775	0.00240	0.00676	0.00793	0.13301	0.01275
20	0.01051	0.00747	0.00991	0.01154	0.01222	0.00709	0.00806	0.01222	0.01597	0.02129	0.06843	0.55300	0.05189	0.07650	0.01276	0.00367	0.00527	0.09819	0.00739	0.00662
21	0.01372	0.01171	0.01664	0.01543	0.01623	0.01494	0.01220	0.01593	0.01270	0.01875	0.01834	0.02927	0.01796	0.11353	0.39092	0.00925	0.25232	0.00847	0.00413	0.00756
22	0.01004	0.00781	0.00918	0.01008	0.01176	0.00695	0.00729	0.01201	0.01743	0.02199	0.08624	0.34698	0.33609	0.02260	0.01003	0.00304	0.00459	0.06149	0.00758	0.00682
23	0.73930	0.01600	0.01248	0.01103	0.01611	0.01851	0.00908	0.05103	0.01489	0.03706	0.01166	0.01346	0.00901	0.00763	0.00516	0.00251	0.00639	0.00452	0.00516	0.00901
24	0.09820	0.02016	0.04528	0.01686	0.02336	0.02039	0.01433	0.38301	0.03079	0.23215	0.02228	0.02124	0.01508	0.00956	0.00784	0.00247	0.00820	0.00725	0.00824	0.01329
25	0.01931	0.01865	0.03227	0.14838	0.54323	0.01914	0.05145	0.02431	0.01816	0.02560	0.01518	0.02040	0.01252	0.00735	0.00811	0.00247	0.01000	0.00733	0.00396	0.01218
26	0.01729	0.01413	0.01663	0.01208	0.01901	0.01070	0.00962	0.02080	0.01701	0.04985	0.01617	0.04252	0.01384	0.00687	0.00625	0.00133	0.00599	0.00560	0.00510	0.70921
27	0.01972	0.01877	0.02978	0.10067	0.53333	0.04648	0.02280	0.02439	0.01836	0.02602	0.01596	0.02078	0.01320	0.00753	0.00782	0.00238	0.00949	0.00717	0.06338	0.01196
28	0.01034	0.00829	0.00926	0.00912	0.01156	0.00721	0.00691	0.01304	0.01996	0.02548	0.26956	0.07288	0.44673	0.01933	0.00964	0.00272	0.00414	0.03869	0.00799	0.00714
29	0.03617	0.01419	0.01907	0.01462	0.02090	0.01249	0.01207	0.06499	0.02386	0.64350	0.03148	0.02727	0.01982	0.01003	0.00816	0.00251	0.00699	0.00812	0.00996	0.01381
30	0.01683	0.10646	0.57641	0.02163	0.03288	0.01971	0.02733	0.02528	0.01705	0.02509	0.01423	0.01671	0.01038	0.00754	0.00737	0.00242	0.01135	0.00577	0.00350	0.05203
31	0.01689	0.01151	0.01510	0.11889	0.02135	0.01171	0.03570	0.06774	0.01851	0.04935	0.02347	0.07935	0.01974	0.01231	0.03752	0.00264	0.00696	0.00850	0.33657	0.10619
32	0.02169	0.71972	0.04252	0.01388	0.02083	0.03211	0.01388	0.02430	0.01649	0.01909	0.01128	0.01302	0.01041	0.00694	0.00521	0.00174	0.00868	0.00434	0.00347	0.01041
33	0.02389	0.14602	0.25708	0.01883	0.02731	0.01968	0.05218	0.07570	0.05287	0.19403	0.01994	0.02024	0.01402	0.00840	0.00750	0.00237	0.00947	0.00669	0.00583	0.03793
34	0.03254	0.01412	0.01802	0.01426	0.01989	0.03180	0.01160	0.03678	0.05665	0.54441	0.10257	0.03111	0.02644	0.01079	0.00830	0.00252	0.00676	0.00886	0.00965	0.01293
35	0.03641	0.01381	0.01883	0.01444	0.02071	0.01193	0.01193	0.03954	0.02322	0.66984	0.03201	0.02762	0.02009	0.01004	0.00816	0.00251	0.00690	0.00816	0.01004	0.01381
36	0.01171	0.00857	0.01104	0.01055	0.01246	0.00808	0.00786	0.01613	0.04784	0.03167	0.58613	0.11037	0.07266	0.01706	0.00958	0.00262	0.00400	0.01511	0.00879	0.00778
37	0.01831	0.02264	0.10234	0.13192	0.04374	0.01999	0.48720	0.02518	0.01853	0.02518	0.01595	0.02141	0.01190	0.00711	0.00918	0.00272	0.01310	0.00889	0.00397	0.01075
38	0.01956	0.01875	0.03199	0.12049	0.59761	0.01914	0.02464	0.02445	0.01823	0.02588	0.01517	0.02025	0.01263	0.00733	0.00804	0.00244	0.00977	0.00723	0.00397	0.01243
39	0.00989	0.00706	0.00942	0.01130	0.01177	0.00659	0.00753	0.01130	0.01554	0.02071	0.04472	0.70954	0.05367	0.02542	0.01036	0.00330	0.00471	0.02307	0.00753	0.00659
40	0.04311	0.01447	0.02388	0.67020	0.05441	0.01803	0.02203	0.02085	0.01614	0.02131	0.01431	0.02132	0.01074	0.00809	0.00800	0.00270	0.01065	0.00711	0.00366	0.00901
41	0.01188	0.00858	0.01246	0.01246	0.01390	0.00986	0.00961	0.01475	0.01332	0.01965	0.02224	0.03245	0.02063	0.07851	0.60723	0.01198	0.01984	0.00871	0.06475	0.00719
42	0.01276	0.00937	0.01162	0.01066	0.01300	0.00890	0.00810	0.06173	0.02370	0.03295	0.55819	0.05914	0.12605	0.01644	0.00946	0.00256	0.00424	0.01435	0.00874	0.00804
43	0.01683	0.01442	0.01683	0.01202	0.01923	0.01082	0.00961	0.02043	0.01683	0.02644	0.01442	0.01683	0.01202	0.00601	0.00601	0.00120	0.00601	0.00481	0.00481	0.76444
44	0.01833	0.01476	0.01725	0.01242	0.01956	0.01150	0.00998	0.04851	0.01806	0.05663	0.01544	0.01743	0.01246	0.00636	0.00620	0.00132	0.00618	0.00507	0.00519	0.69736
45	0.02075	0.01862	0.01861	0.01676	0.02132	0.05731	0.01300	0.04252	0.61442	0.03315	0.03188	0.02940	0.02397	0.01086	0.00820	0.00272	0.00688	0.00895	0.00803	0.01265
46	0.01409	0.00705	0.01057	0.01057	0.01057	0.00705	0.00705	0.01057	0.01057	0.01409	0.01409	0.02467	0.01409	0.02819	0.03171	0.76392	0.00705	0.00705	0.00352	0.00352
47	0.02018	0.01743	0.01835	0.01651	0.02110	0.02018	0.01284	0.04312	0.64956	0.03394	0.03303	0.03027	0.02477	0.01101	0.00826	0.00275	0.00642	0.00917	0.00826	0.01284
48	0.01167	0.00837	0.01142	0.01142	0.01231	0.00926	0.00812	0.01345	0.01256	0.01763	0.02322	0.04010	0.02385	0.31417	0.43424	0.01104	0.01636	0.00990	0.00457	0.00634
49	0.01627	0.04197	0.67279	0.02313	0.03512	0.01884	0.02998	0.02570	0.01713	0.02570	0.01456	0.01713	0.01028	0.00771	0.00771	0.00257	0.01199	0.00600	0.00343	0.01199
50	0.01587	0.00846	0.00872	0.00840	0.01053	0.00865	0.00640	0.05340	0.01805	0.03097	0.02589	0.02971	0.02039	0.01149	0.03248	0.00236	0.00478	0.00759	0.68795	0.00790
51	0.02169	0.71972	0.04252	0.01388	0.02083	0.03211	0.01388	0.02430	0.01649	0.01909	0.01128	0.01302	0.01041	0.00694	0.00521	0.00174	0.00868	0.00434	0.00347	0.01041
52	0.01627	0.04197	0.67279	0.02313	0.03512	0.01884	0.02998	0.02570	0.01713	0.02570	0.01456	0.01713	0.01028	0.00771	0.00771	0.00257	0.01199	0.00600	0.00343	0.01199
53	0.02169	0.71972	0.04252	0.01388	0.02083	0.03211	0.01388	0.02430	0.01649	0.01909	0.01128	0.01302	0.01041	0.00694	0.00521	0.00174	0.00868	0.00434	0.00347	0.01041
54	0.00989	0.00706	0.00942	0.01130	0.01177	0.00659	0.00753	0.01130	0.01554	0.02071	0.04472	0.70954	0.05367	0.02542	0.01036	0.00330	0.00471	0.02307	0.00753	0.00659
55	0.01127	0.00824	0.01058	0.01010	0.01202	0.00755	0.00753	0.01487	0.02232	0.03124	0.59030	0.08755	0.12158	0.01725	0.00960	0.00260	0.00388	0.01520	0.00877	0.00755
56	0.01775	0.01775	0.02485	0.02130	0.02130	0.02485	0.01775	0.01953	0.01243	0.01953	0.01065	0.01775	0.01065	0.01420	0.02663	0.00355	0.69998	0.00710	0.00355	0.00888
57	0.01161	0.00863	0.01271	0.01271	0.01405	0.00996	0.00973	0.01428	0.01294	0.01859	0.02204	0.03354	0.02101	0.11224	0.63228	0.01263	0.02064	0.00894	0.00439	0.00706
58	0.01178	0.00793	0.00918	0.00918	0.00929	0.00805	0.00533	0.01201	0.01190	0.01598	0.02527	0.05143	0.02878	0.66345	0.09170	0.00827	0.00896	0.01156	0.00487	0.00510
59	0.01159	0.00869	0.01304	0.01304	0.01449	0.01014	0.01014	0.01449	0.01304	0.01884	0.02173	0.03188	0.02029	0.06086	0.68268	0.01304	0.02173	0.00869	0.00435	0.00724
60	0.02045	0.56472	0.18666	0.01600	0.02409	0.02907	0.01757	0.02462	0.01663	0.02060	0.01203	0.01396	0.01038	0.00712	0.00578	0.00193	0.00944	0.00472	0.00346	0.01077
61	0.01741	0.01724	0.02419	0.02084	0.02092	0.02403	0.01733	0.01925	0.01246	0.01949	0.01127	0.01854	0.01119	0.01682	0.06342	0.00408	0.66195	0.00719	0.00360	0.00878
62	0.01005	0.00824	0.00886	0.00870	0.01124	0.00705	0.00653	0.01254	0.01958	0.02450	0.22267	0.07384	0.51885	0.01959	0.00959	0.00269	0.00404	0.01653	0.00787	0.00705
63	0.77215	0.01569	0.01193	0.01067	0.01569	0.01820	0.00879	0.02385	0.01381	0.03641	0.01130	0.01318	0.00879	0.00753	0.00502	0.00251	0.00628	0.00439	0.00502	0.00879
64	0.01938	0.01872	0.03239	0.13942	0.55156	0.01916	0.05159	0.02437	0.01819	0.02568	0.01520	0.02038	0.01254	0.00734	0.00811	0.00247	0.00998	0.00733	0.00396	0.01223
65	0.01627	0.04197	0.67279	0.02313	0.03512	0.01884	0.02998	0.02570	0.01713	0.02570	0.01456	0.01713	0.01028	0.00771	0.00771	0.00257	0.01199	0.00600	0.00343	0.01199
66	0.02169	0.71972	0.04252	0.01388	0.02083	0.03211	0.01388	0.02430	0.01649	0.01909	0.01128	0.01302	0.01041	0.00694	0.00521	0.00174	0.00868	0.00434	0.00347	0.01041
67	0.01627	0.04197	0.67279	0.02313	0.03512	0.01884	0.02998	0.02570	0.01713	0.02570	0.01456	0.01713	0.01028	0.00771	0.00771	0.00257	0.01199	0.00600	0.00343	0.01199
68	0.03031	0.03867	0.02299	0.02090	0.02508	0.68226	0.01568	0.03240	0.02299	0.01986	0.01254	0.01463	0.01045	0.00836	0.00732	0.00209	0.01463	0.00523	0.00418	0.00941
69	0.00989	0.00706	0.00942	0.01130	0.01177	0.00659	0.00753	0.01130	0.01554	0.02071	0.04472	0.70954	0.05367	0.02542	0.01036	0.00330	0.00471	0.02307	0.00753	0.00659
70	0.77215	0.01569	0.01193	0.01067	0.01569	0.01820	0.00879	0.02385	0.01381	0.03641	0.01130	0.01318	0.00879	0.00753	0.00502	0.00251	0.00628	0.00439	0.00502	0.00879
71	0.03014	0.02301	0.02430	0.04874	0.02652	0.05154	0.01575	0.58528	0.03656	0.04852	0.01898	0.01938	0.01353	0.00961	0.00808	0.00243	0.00924	0.00722	0.00776	0.01341
72	0.01140	0.00823	0.01077	0.01026	0.01210	0.00760	0.00765	0.01511	0.02259	0.03193	0.62823	0.09405	0.07538	0.01704	0.00961	0.00259	0.00387	0.01511	0.00886	0.00760
73	0.01971	0.01890	0.03226	0.10053	0.61642	0.01918	0.02472	0.02457	0.01830	0.02606	0.01520	0.02020	0.01269	0.00730	0.00804	0.00243	0.00973	0.00723	0.00398	0.01255
74	0.01898	0.02156	0.04684	0.06349	0.04300	0.02041	0.60762	0.02576	0.01902	0.02576	0.01633	0.02188	0.01225	0.00690	0.00951	0.00273	0.01355	0.00947	0.00408	0.01086
75	0.01855	0.01039	0.01050	0.01009	0.01241	0.01011	0.00743	0.05247	0.01960	0.03327	0.02817	0.03274	0.02253	0.01115	0.00697	0.00242	0.00504	0.00832	0.68856	0.00927
76	0.01148	0.00829	0.01085	0.01021	0.01212	0.00766	0.00766	0.01531	0.02297	0.03254	0.65994	0.06061	0.07656	0.01659	0.00957	0.00255	0.00383	0.01467	0.00893	0.00766
77	0.02134	0.01887	0.01882	0.01691	0.02143	0.06956	0.01331	0.09333	0.49824	0.03366	0.03106	0.03295	0.02444	0.01159	0.00841	0.00275	0.00735	0.05589	0.00788	0.01225
78	0.05849	0.02366	0.02379	0.01854	0.02480	0.07431	0.01519	0.56878	0.03610	0.04824	0.01865	0.01888	0.01336	0.00955	0.00794	0.00241	0.00926	0.00704	0.00771	0.01328
79	0.00995	0.00831	0.00872	0.00884	0.01147	0.00708	0.00677	0.01221	0.01871	0.02257	0.10461	0.07837	0.58687	0.02052	0.00972	0.00281	0.00436	0.06357	0.00759	0.00693
80	0.02120	0.65820	0.09972	0.01472	0.02212	0.03090	0.01534	0.02442	0.01655	0.01969	0.01158	0.01339	0.01040	0.00701	0.00543	0.00181	0.00898	0.00449	0.00347	0.01056
81	0.01148	0.00829	0.01085	0.01021	0.01212	0.00766	0.00766	0.01531	0.02297	0.03254	0.65994	0.06061	0.07656	0.01659	0.00957	0.00255	0.00383	0.01467	0.00893	0.00766
82	0.03085	0.02273	0.02435	0.01867	0.02516	0.02516	0.01542	0.63716	0.03815	0.05114	0.01948	0.01948	0.01380	0.00974	0.00812	0.00244	0.00893	0.00731	0.00812	0.01380
83	0.03085	0.02273	0.02435	0.01867	0.02516	0.02516	0.01542	0.63716	0.03815	0.05114	0.01948	0.01948	0.01380	0.00974	0.00812	0.00244	0.00893	0.00731	0.00812	0.01380
84	0.01807	0.01040	0.01070	0.00964	0.01239	0.01086	0.00750	0.13459	0.02097	0.03416	0.02516	0.02824	0.01949	0.00951	0.00613	0.00199	0.00474	0.00751	0.61922	0.00873
85	0.02967	0.02185	0.02351	0.01826	0.02441	0.02412	0.01498	0.60206	0.03688	0.04943	0.02090	0.05818	0.01604	0.01062	0.00824	0.00248	0.00869	0.00819	0.00808	0.01340
86	0.01696	0.06718	0.56975	0.02596	0.11029	0.01944	0.02870	0.02554	0.01727	0.02552	0.01451	0.01732	0.01059	0.00762	0.00764	0.00252	0.01157	0.00608	0.00350	0.01203
87	0.02140	0.68351	0.07619	0.01438	0.02159	0.03140	0.01474	0.02437	0.01652	0.01944	0.01146	0.01324	0.01041	0.00698	0.00534	0.00178	0.00885	0.00443	0.00347	0.01050
88	0.01683	0.01442	0.01683	0.01202	0.01923	0.01082	0.00961	0.02043	0.01683	0.02644	0.01442	0.01683	0.01202	0.00601	0.00601	0.00120	0.00601	0.00481	0.00481	0.76444
89	0.03082	0.02345	0.02429	0.01877	0.02516	0.05488	0.01543	0.60981	0.03747	0.04972	0.01917	0.01926	0.01365	0.00968	0.00808	0.00242	0.00919	0.00721	0.00794	0.01360
90	0.67124	0.01583	0.01284	0.01127	0.01624	0.01816	0.00925	0.07157	0.01624	0.03735	0.04832	0.01634	0.01298	0.00821	0.00552	0.00251	0.00635	0.00520	0.00548	0.00912

[dist]
# distance from previous block
# <min> <max>
0	1

[block]
# block no. 5 follows, 23 sequences, length 100
# corresponding to MSA columns:
# 260-359
name=unknown_F
#
# <colnr> <probs for GDERKNQSTAVLIFYWHMCP>
#	G	D	E	R	K	N	Q	S	T	A	V	L	I	F	Y	W	H	M	C	P
0	0.02520	0.01203	0.01577	0.01324	0.01764	0.01110	0.01065	0.03041	0.08016	0.36014	0.24322	0.04267	0.04101	0.01305	0.00882	0.00262	0.00586	0.04577	0.00936	0.01129
1	0.11406	0.02349	0.02222	0.01776	0.02368	0.11641	0.01442	0.42609	0.05593	0.07927	0.01881	0.01896	0.01354	0.00936	0.00766	0.00241	0.00923	0.00680	0.00733	0.01258
2	0.01588	0.00829	0.00837	0.00810	0.01021	0.00841	0.00614	0.04859	0.01803	0.03125	0.02613	0.02973	0.02046	0.00947	0.00579	0.00192	0.00403	0.00755	0.72379	0.00786
3	0.00989	0.00706	0.00942	0.01130	0.01177	0.00659	0.00753	0.01130	0.01554	0.02071	0.04472	0.70954	0.05367	0.02542	0.01036	0.00330	0.00471	0.02307	0.00753	0.00659
4	0.02018	0.01743	0.01835	0.01651	0.02110	0.02018	0.01284	0.04312	0.64956	0.03394	0.03303	0.03027	0.02477	0.01101	0.00826	0.00275	0.00642	0.00917	0.00826	0.01284
5	0.02169	0.71972	0.04252	0.01388	0.02083	0.03211	0.01388	0.02430	0.01649	0.01909	0.01128	0.01302	0.01041	0.00694	0.00521	0.00174	0.00868	0.00434	0.00347	0.01041
6	0.77215	0.01569	0.01193	0.01067	0.01569	0.01820	0.00879	0.02385	0.01381	0.03641	0.01130	0.01318	0.00879	0.00753	0.00502	0.00251	0.00628	0.00439	0.00502	0.00879
7	0.02169	0.71972	0.04252	0.01388	0.02083	0.03211	0.01388	0.02430	0.01649	0.01909	0.01128	0.01302	0.01041	0.00694	0.00521	0.00174	0.00868	0.00434	0.00347	0.01041
8	0.02049	0.01802	0.01848	0.04271	0.02211	0.05439	0.01302	0.08664	0.48490	0.03338	0.05718	0.03194	0.05808	0.01137	0.00831	0.00268	0.00701	0.00937	0.00784	0.01207
9	0.01710	0.12174	0.56688	0.02331	0.06361	0.02045	0.02782	0.02549	0.01712	0.02495	0.01420	0.01678	0.01042	0.00759	0.00743	0.00246	0.01148	0.00586	0.00346	0.01184
10	0.02018	0.01743	0.01835	0.01651	0.02110	0.02018	0.01284	0.04312	0.64956	0.03394	0.03303	0.03027	0.02477	0.01101	0.00826	0.00275	0.00642	0.00917	0.00826	0.01284
11	0.01161	0.00861	0.01263	0.01263	0.01394	0.00992	0.00963	0.01423	0.01292	0.01853	0.02211	0.03396	0.02119	0.12492	0.61985	0.01253	0.02038	0.00900	0.00440	0.00702
12	0.01409	0.00705	0.01057	0.01057	0.01057	0.00705	0.00705	0.01057	0.01057	0.01409	0.01409	0.02467	0.01409	0.02819	0.03171	0.76392	0.00705	0.00705	0.00352	0.00352
13	0.01627	0.04197	0.67279	0.02313	0.03512	0.01884	0.02998	0.02570	0.01713	0.02570	0.01456	0.01713	0.01028	0.00771	0.00771	0.00257	0.01199	0.00600	0.00343	0.01199
14	0.03085	0.02273	0.02435	0.01867	0.02516	0.02516	0.01542	0.63716	0.03815	0.05114	0.01948	0.01948	0.01380	0.00974	0.00812	0.00244	0.00893	0.00731	0.00812	0.01380
15	0.02169	0.71972	0.04252	0.01388	0.02083	0.03211	0.01388	0.02430	0.01649	0.01909	0.01128	0.01302	0.01041	0.00694	0.00521	0.00174	0.00868	0.00434	0.00347	0.01041
16	0.77215	0.01569	0.01193	0.01067	0.01569	0.01820	0.00879	0.02385	0.01381	0.03641	0.01130	0.01318	0.00879	0.00753	0.00502	0.00251	0.00628	0.00439	0.00502	0.00879
17	0.01289	0.00921	0.01286	0.01473	0.01652	0.00918	0.01275	0.01649	0.01849	0.02407	0.04307	0.12783	0.04711	0.02259	0.01116	0.00371	0.00731	0.57515	0.00748	0.00742
18	0.01915	0.02189	0.04788	0.03420	0.04241	0.02052	0.63475	0.02599	0.01915	0.02599	0.01642	0.02189	0.01231	0.00684	0.00958	0.00274	0.01368	0.00958	0.00410	0.01094
19	0.77215	0.01569	0.01193	0.01067	0.01569	0.01820	0.00879	0.02385	0.01381	0.03641	0.01130	0.01318	0.00879	0.00753	0.00502	0.00251	0.00628	0.00439	0.00502	0.00879
20	0.01915	0.02189	0.04788	0.03420	0.04241	0.02052	0.63475	0.02599	0.01915	0.02599	0.01642	0.02189	0.01231	0.00684	0.00958	0.00274	0.01368	0.00958	0.00410	0.01094
21	0.01775	0.01775	0.02485	0.02130	0.02130	0.02485	0.01775	0.01953	0.01243	0.01953	0.01065	0.01775	0.01065	0.01420	0.02663	0.00355	0.69998	0.00710	0.00355	0.00888
22	0.01409	0.00705	0.01057	0.01057	0.01057	0.00705	0.00705	0.01057	0.01057	0.01409	0.01409	0.02467	0.01409	0.02819	0.03171	0.76392	0.00705	0.00705	0.00352	0.00352
23	0.00959	0.00822	0.00822	0.00822	0.01096	0.00685	0.00617	0.01165	0.01850	0.02192	0.08220	0.07809	0.66092	0.02055	0.00959	0.00274	0.00411	0.01713	0.00754	0.00685
24	0.01532	0.01442	0.02434	0.69533	0.05589	0.01803	0.02253	0.02073	0.01622	0.02073	0.01442	0.02163	0.01082	0.00811	0.00811	0.00270	0.01082	0.00721	0.00361	0.00901
