[name]
unknown

[dist]
# distance from previous block
# <min> <max>
0	0

[block]
# block no. 0 follows, 22 sequences, length 15
# corresponding to MSA columns:
# 0-14
name=unknown_A
#
# <colnr> <probs for GDERKNQSTAVLIFYWHMCP>
#	G	D	E	R	K	N	Q	S	T	A	V	L	I	F	Y	W	H	M	C	P
0	0.01339	0.00956	0.01339	0.01530	0.01721	0.00956	0.01339	0.01721	0.01912	0.02486	0.04399	0.09371	0.04781	0.02295	0.01147	0.00382	0.00765	0.60031	0.00765	0.00765
1	0.01961	0.02241	0.04902	0.03501	0.04342	0.02101	0.62605	0.02661	0.01961	0.02661	0.01681	0.02241	0.01261	0.00700	0.00980	0.00280	0.01401	0.00980	0.00420	0.01120
2	0.01569	0.01477	0.02492	0.68808	0.05722	0.01846	0.02307	0.02123	0.01661	0.02123	0.01477	0.02215	0.01107	0.00831	0.00831	0.00277	0.01107	0.00738	0.00369	0.00923
3	0.03154	0.02437	0.02484	0.01927	0.02576	0.06943	0.01581	0.58846	0.03802	0.05020	0.01947	0.01961	0.01390	0.00988	0.00826	0.00247	0.00953	0.00734	0.00804	0.01383
4	0.00982	0.00842	0.00842	0.00842	0.01122	0.00701	0.00631	0.01192	0.01894	0.02244	0.08416	0.07995	0.65285	0.02104	0.00982	0.00281	0.00421	0.01753	0.00771	0.00701
5	0.03670	0.01505	0.01985	0.01522	0.02166	0.01357	0.01257	0.09951	0.02531	0.60078	0.03149	0.02744	0.01992	0.01025	0.00835	0.00256	0.00728	0.00827	0.01008	0.01414
6	0.03158	0.02327	0.02493	0.01911	0.02576	0.02576	0.01579	0.62852	0.03906	0.05236	0.01995	0.01995	0.01413	0.00997	0.00831	0.00249	0.00914	0.00748	0.00831	0.01413
7	0.01208	0.00805	0.00906	0.00906	0.00906	0.00805	0.00503	0.01208	0.01208	0.01611	0.02618	0.05436	0.03020	0.70804	0.04228	0.00805	0.00805	0.01208	0.00503	0.00503
8	0.01208	0.00805	0.00906	0.00906	0.00906	0.00805	0.00503	0.01208	0.01208	0.01611	0.02618	0.05436	0.03020	0.70804	0.04228	0.00805	0.00805	0.01208	0.00503	0.00503
9	0.01919	0.02159	0.04643	0.10510	0.04490	0.02073	0.56134	0.02603	0.01929	0.02603	0.01659	0.02238	0.01244	0.00714	0.00964	0.00280	0.01369	0.00954	0.00415	0.01099
10	0.01942	0.01526	0.01784	0.01289	0.02017	0.01207	0.01037	0.06032	0.01902	0.06949	0.01625	0.01811	0.01295	0.00666	0.00643	0.00140	0.00640	0.00530	0.00548	0.66419
11	0.01988	0.01573	0.02543	0.07260	0.35786	0.01574	0.02022	0.02432	0.01937	0.09424	0.02611	0.04391	0.02446	0.01253	0.00924	0.00291	0.00896	0.18932	0.00584	0.01135
12	0.05620	0.01899	0.02450	0.02714	0.21660	0.02011	0.01712	0.21032	0.13901	0.10502	0.06184	0.02542	0.02039	0.00980	0.00828	0.00256	0.00823	0.00825	0.00718	0.01304
13	0.13672	0.01765	0.05059	0.05768	0.31350	0.01710	0.01822	0.05112	0.01916	0.09820	0.01872	0.02181	0.01441	0.00827	0.00739	0.00243	0.00824	0.00706	0.12010	0.01164
14	0.10154	0.25440	0.07356	0.02874	0.26978	0.02310	0.01875	0.02567	0.01810	0.06218	0.04135	0.01934	0.01485	0.00793	0.00697	0.00227	0.00891	0.00638	0.00456	0.01164

[dist]
# distance from previous block
# <min> <max>
5	16

[block]
# block no. 1 follows, 22 sequences, length 18
# corresponding to MSA columns:
# 31-48
name=unknown_B
#
# <colnr> <probs for GDERKNQSTAVLIFYWHMCP>
#	G	D	E	R	K	N	Q	S	T	A	V	L	I	F	Y	W	H	M	C	P
0	0.01991	0.06995	0.31190	0.03470	0.30888	0.01987	0.02636	0.02669	0.01847	0.06318	0.01607	0.01926	0.01228	0.00777	0.00792	0.00251	0.01071	0.00673	0.00417	0.01268
1	0.08949	0.05927	0.16869	0.01781	0.02520	0.04462	0.06367	0.02553	0.03636	0.07579	0.04517	0.02040	0.01541	0.00836	0.00838	0.00222	0.04858	0.00652	0.00510	0.23343
2	0.01662	0.01389	0.02206	0.06633	0.30193	0.01375	0.01669	0.02074	0.02013	0.05126	0.23398	0.12115	0.04053	0.01313	0.00906	0.00265	0.00719	0.01205	0.00646	0.01038
3	0.02198	0.01980	0.02475	0.02879	0.25099	0.05766	0.01741	0.12367	0.16655	0.03225	0.02316	0.02460	0.04316	0.00917	0.00801	0.00236	0.00850	0.00782	0.00606	0.12332
4	0.05647	0.03002	0.31691	0.03667	0.34459	0.01948	0.02700	0.02581	0.01805	0.02728	0.01510	0.01884	0.01176	0.00764	0.00792	0.00255	0.01078	0.00669	0.00389	0.01255
5	0.01948	0.01487	0.01726	0.01306	0.01955	0.01246	0.01040	0.08132	0.04262	0.07867	0.02312	0.06045	0.05318	0.00900	0.00708	0.00173	0.00634	0.00737	0.00611	0.51592
6	0.01648	0.00958	0.01237	0.01105	0.01397	0.00859	0.00850	0.02004	0.02302	0.15399	0.46340	0.05765	0.13629	0.01617	0.00952	0.00263	0.00457	0.01403	0.00919	0.00896
7	0.02018	0.01935	0.03303	0.10061	0.60956	0.01964	0.02531	0.02516	0.01874	0.02668	0.01556	0.02068	0.01300	0.00747	0.00823	0.00249	0.00996	0.00740	0.00408	0.01285
8	0.03002	0.02212	0.02415	0.05343	0.02667	0.02456	0.01571	0.56912	0.03690	0.04976	0.02000	0.02056	0.01430	0.00987	0.00820	0.00248	0.00900	0.00749	0.04208	0.01358
9	0.01723	0.01477	0.01723	0.01230	0.01969	0.01107	0.00984	0.02092	0.01723	0.02707	0.01477	0.01723	0.01230	0.00615	0.00615	0.00123	0.00615	0.00492	0.00492	0.75883
10	0.01012	0.00723	0.00964	0.01157	0.01205	0.00675	0.00771	0.01157	0.01591	0.02121	0.04579	0.70262	0.05495	0.02603	0.01060	0.00337	0.00482	0.02362	0.00771	0.00675
11	0.02056	0.01974	0.03372	0.05099	0.65622	0.01974	0.02550	0.02550	0.01892	0.02714	0.01563	0.02056	0.01316	0.00740	0.00822	0.00247	0.00987	0.00740	0.00411	0.01316
12	0.01723	0.01162	0.01410	0.01204	0.01603	0.01063	0.00936	0.02340	0.10266	0.11739	0.31909	0.04684	0.10354	0.01372	0.00876	0.00240	0.00513	0.01176	0.00831	0.14599
13	0.01931	0.02176	0.04652	0.07289	0.04324	0.02106	0.56266	0.02599	0.01912	0.02599	0.01642	0.02220	0.01244	0.00743	0.01052	0.00284	0.04495	0.00955	0.00415	0.01099
14	0.03103	0.03959	0.02354	0.02140	0.02568	0.67469	0.01605	0.03317	0.02354	0.02033	0.01284	0.01498	0.01070	0.00856	0.00749	0.00214	0.01498	0.00535	0.00428	0.00963
15	0.71483	0.01554	0.01195	0.01075	0.01573	0.01784	0.00881	0.02356	0.01447	0.03626	0.01654	0.01805	0.05314	0.00863	0.00546	0.00259	0.00627	0.00539	0.00532	0.00886
16	0.01837	0.06146	0.07318	0.01335	0.01752	0.01217	0.01167	0.02356	0.05784	0.15318	0.33736	0.08314	0.05089	0.01461	0.00908	0.00265	0.00596	0.03581	0.00831	0.00989
17	0.01903	0.01894	0.03547	0.10431	0.03619	0.01940	0.32450	0.02427	0.01811	0.05197	0.04305	0.02297	0.01523	0.00894	0.01221	0.00274	0.13137	0.00867	0.00459	0.09803

[dist]
# distance from previous block
# <min> <max>
0	1

[block]
# block no. 2 follows, 22 sequences, length 7
# corresponding to MSA columns:
# 50-56
name=unknown_C
#
# <colnr> <probs for GDERKNQSTAVLIFYWHMCP>
#	G	D	E	R	K	N	Q	S	T	A	V	L	I	F	Y	W	H	M	C	P
0	0.01753	0.11333	0.54089	0.02371	0.03507	0.02092	0.08410	0.02618	0.01766	0.02561	0.01472	0.01754	0.01073	0.00773	0.00779	0.00255	0.01207	0.00630	0.00358	0.01200
1	0.02486	0.01688	0.07609	0.01414	0.01956	0.04424	0.01234	0.05949	0.07046	0.24809	0.07556	0.02887	0.02329	0.01010	0.00763	0.00232	0.00693	0.00816	0.18074	0.07024
2	0.02133	0.60674	0.14212	0.01572	0.02364	0.03072	0.01683	0.02510	0.01698	0.02062	0.01208	0.01399	0.01064	0.00723	0.00574	0.00191	0.00942	0.00471	0.00355	0.01092
3	0.03158	0.02327	0.02493	0.01911	0.02576	0.02576	0.01579	0.62852	0.03906	0.05236	0.01995	0.01995	0.01413	0.00997	0.00831	0.00249	0.00914	0.00748	0.00831	0.01413
4	0.01723	0.01477	0.01723	0.01230	0.01969	0.01107	0.00984	0.02092	0.01723	0.02707	0.01477	0.01723	0.01230	0.00615	0.00615	0.00123	0.00615	0.00492	0.00492	0.75883
5	0.01116	0.00855	0.01027	0.01006	0.01233	0.00766	0.00769	0.01439	0.02146	0.02858	0.39206	0.07120	0.29159	0.01896	0.00993	0.00278	0.00431	0.06099	0.00849	0.00751
6	0.02056	0.01974	0.03372	0.05099	0.65622	0.01974	0.02550	0.02550	0.01892	0.02714	0.01563	0.02056	0.01316	0.00740	0.00822	0.00247	0.00987	0.00740	0.00411	0.01316

[dist]
# distance from previous block
# <min> <max>
0	1

[block]
# block no. 3 follows, 22 sequences, length 16
# corresponding to MSA columns:
# 58-73
name=unknown_D
#
# <colnr> <probs for GDERKNQSTAVLIFYWHMCP>
#	G	D	E	R	K	N	Q	S	T	A	V	L	I	F	Y	W	H	M	C	P
0	0.01489	0.01147	0.01370	0.01259	0.01550	0.01162	0.00970	0.04807	0.15389	0.03272	0.38901	0.05358	0.05674	0.04602	0.01084	0.00292	0.00528	0.05754	0.00846	0.04545
1	0.03037	0.01756	0.02119	0.01670	0.02234	0.01824	0.01369	0.22660	0.07777	0.30040	0.05048	0.02571	0.01990	0.01071	0.01001	0.00260	0.06957	0.00816	0.00859	0.04940
2	0.02016	0.01933	0.03299	0.10350	0.60685	0.01963	0.02530	0.02514	0.01873	0.02665	0.01556	0.02069	0.01299	0.00748	0.00823	0.00249	0.00997	0.00740	0.00408	0.01283
3	0.01559	0.01419	0.02384	0.63641	0.05368	0.01760	0.02186	0.02043	0.01617	0.02071	0.01474	0.02239	0.01133	0.00987	0.01015	0.06041	0.01078	0.00737	0.00368	0.00880
4	0.02879	0.02043	0.02245	0.04923	0.02506	0.02251	0.01473	0.47333	0.06626	0.07838	0.02185	0.02225	0.01567	0.00994	0.00805	0.00247	0.00842	0.00765	0.08937	0.01315
5	0.01569	0.01477	0.02492	0.68808	0.05722	0.01846	0.02307	0.02123	0.01661	0.02123	0.01477	0.02215	0.01107	0.00831	0.00831	0.00277	0.01107	0.00738	0.00369	0.00923
6	0.02258	0.01868	0.03583	0.14017	0.03899	0.01784	0.33906	0.02824	0.01981	0.16373	0.01976	0.02321	0.01405	0.00787	0.00893	0.00262	0.01135	0.00867	0.00549	0.07313
7	0.00984	0.00835	0.00849	0.00860	0.01127	0.00700	0.00639	0.01190	0.01876	0.02237	0.08189	0.11671	0.61755	0.02133	0.00986	0.00284	0.00424	0.01789	0.00771	0.00700
8	0.01187	0.00854	0.01095	0.05850	0.01547	0.00801	0.00862	0.01409	0.01785	0.05326	0.10578	0.38829	0.22436	0.02181	0.01004	0.00306	0.00512	0.01925	0.00767	0.00745
9	0.02221	0.71304	0.04353	0.01421	0.02132	0.03287	0.01421	0.02488	0.01688	0.01955	0.01155	0.01333	0.01066	0.00711	0.00533	0.00178	0.00888	0.00444	0.00355	0.01066
10	0.03158	0.02327	0.02493	0.01911	0.02576	0.02576	0.01579	0.62852	0.03906	0.05236	0.01995	0.01995	0.01413	0.00997	0.00831	0.00249	0.00914	0.00748	0.00831	0.01413
11	0.02221	0.71304	0.04353	0.01421	0.02132	0.03287	0.01421	0.02488	0.01688	0.01955	0.01155	0.01333	0.01066	0.00711	0.00533	0.00178	0.00888	0.00444	0.00355	0.01066
12	0.02040	0.49491	0.24584	0.01730	0.02609	0.02845	0.01958	0.02534	0.01709	0.02175	0.01264	0.01470	0.01062	0.00736	0.00616	0.00205	0.00999	0.00499	0.00354	0.01119
13	0.02016	0.46495	0.27363	0.01772	0.02674	0.02784	0.02032	0.02541	0.01712	0.02205	0.01279	0.01489	0.01061	0.00740	0.00628	0.00209	0.01014	0.00507	0.00354	0.01126
14	0.07154	0.27142	0.40526	0.01952	0.02952	0.02391	0.02350	0.02568	0.01707	0.02476	0.01352	0.01581	0.01046	0.00761	0.00682	0.00233	0.01070	0.00544	0.00364	0.01149
15	0.06054	0.05763	0.15286	0.01988	0.02755	0.01633	0.14137	0.02935	0.02024	0.23068	0.07507	0.02533	0.02005	0.00904	0.00817	0.00247	0.00923	0.00808	0.00651	0.07961

[dist]
# distance from previous block
# <min> <max>
16	39

[block]
# block no. 4 follows, 22 sequences, length 6
# corresponding to MSA columns:
# 118-123
name=unknown_E
#
# <colnr> <probs for GDERKNQSTAVLIFYWHMCP>
#	G	D	E	R	K	N	Q	S	T	A	V	L	I	F	Y	W	H	M	C	P
0	0.02310	0.02473	0.18588	0.01897	0.02590	0.02037	0.01819	0.12921	0.28849	0.10563	0.02563	0.02492	0.01859	0.01024	0.00914	0.00273	0.04008	0.00804	0.00715	0.01300
1	0.01792	0.01602	0.02236	0.02089	0.11840	0.01453	0.07620	0.02470	0.11107	0.02695	0.01927	0.02455	0.01646	0.08662	0.01128	0.00259	0.00781	0.00729	0.00527	0.36981
2	0.01858	0.01020	0.01411	0.01453	0.04480	0.00939	0.01053	0.02146	0.02005	0.19464	0.15766	0.28442	0.04743	0.01882	0.00986	0.00303	0.00587	0.09677	0.00850	0.00934
3	0.03077	0.02104	0.02312	0.01811	0.02443	0.02291	0.01484	0.44903	0.12919	0.14271	0.02403	0.02291	0.01683	0.01022	0.00834	0.00255	0.00843	0.00791	0.00863	0.01398
4	0.02007	0.01615	0.01841	0.01389	0.02047	0.01425	0.01109	0.16764	0.02241	0.03268	0.01884	0.08012	0.01662	0.00888	0.00708	0.00173	0.00676	0.00724	0.00600	0.50967
5	0.01802	0.01507	0.01731	0.01612	0.07112	0.04092	0.01140	0.02509	0.12986	0.06010	0.12471	0.03438	0.09766	0.01082	0.00787	0.00211	0.00640	0.00909	0.00668	0.29527

[dist]
# distance from previous block
# <min> <max>
22	49

[block]
# block no. 5 follows, 22 sequences, length 29
# corresponding to MSA columns:
# 174,175,197-223
name=unknown_F
#
# <colnr> <probs for GDERKNQSTAVLIFYWHMCP>
#	G	D	E	R	K	N	Q	S	T	A	V	L	I	F	Y	W	H	M	C	P
0	0.02756	0.02030	0.02228	0.01755	0.02322	0.02230	0.01435	0.50403	0.03522	0.04754	0.10571	0.02651	0.02328	0.01446	0.05356	0.00324	0.00932	0.00860	0.00816	0.01282
1	0.01464	0.01213	0.01280	0.01178	0.01530	0.01227	0.00907	0.06691	0.19313	0.02923	0.12622	0.06004	0.37041	0.01708	0.00933	0.00276	0.00520	0.01427	0.00812	0.00933
2	0.03158	0.02327	0.02493	0.01911	0.02576	0.02576	0.01579	0.62852	0.03906	0.05236	0.01995	0.01995	0.01413	0.00997	0.00831	0.00249	0.00914	0.00748	0.00831	0.01413
3	0.01848	0.01557	0.01788	0.01306	0.02024	0.01269	0.01047	0.06720	0.05332	0.02937	0.01620	0.01819	0.01316	0.00672	0.00644	0.00141	0.00640	0.00536	0.00537	0.66247
4	0.02799	0.02298	0.07038	0.01840	0.02490	0.02341	0.01588	0.46772	0.11333	0.04672	0.02184	0.02193	0.01579	0.00997	0.00813	0.00251	0.00869	0.00764	0.05836	0.01343
5	0.64485	0.06337	0.01555	0.04890	0.01909	0.01988	0.01041	0.04899	0.01548	0.03581	0.01209	0.01423	0.00943	0.00780	0.00546	0.00252	0.00696	0.00478	0.00508	0.00933
6	0.01123	0.00871	0.00897	0.00874	0.01173	0.00728	0.00661	0.01339	0.01918	0.05523	0.08152	0.07730	0.62044	0.02049	0.00974	0.00279	0.00435	0.01706	0.00785	0.00738
7	0.01641	0.01297	0.01508	0.01249	0.01705	0.01174	0.00970	0.10091	0.04604	0.03140	0.19565	0.11224	0.09098	0.01327	0.00832	0.00221	0.00566	0.01132	0.00720	0.27934
8	0.02056	0.01974	0.03372	0.05099	0.65622	0.01974	0.02550	0.02550	0.01892	0.02714	0.01563	0.02056	0.01316	0.00740	0.00822	0.00247	0.00987	0.00740	0.00411	0.01316
9	0.01569	0.01477	0.02492	0.68808	0.05722	0.01846	0.02307	0.02123	0.01661	0.02123	0.01477	0.02215	0.01107	0.00831	0.00831	0.00277	0.01107	0.00738	0.00369	0.00923
10	0.01969	0.01885	0.03215	0.16452	0.54947	0.01951	0.02506	0.02473	0.01851	0.02609	0.01547	0.02084	0.01279	0.00756	0.00824	0.00252	0.01008	0.00740	0.00404	0.01246
11	0.02066	0.01785	0.01878	0.01691	0.02160	0.02066	0.01315	0.04414	0.64121	0.03475	0.03381	0.03099	0.02536	0.01127	0.00845	0.00282	0.00657	0.00939	0.00845	0.01315
12	0.03727	0.01414	0.01928	0.01478	0.02121	0.01221	0.01221	0.04049	0.02378	0.66198	0.03277	0.02828	0.02056	0.01028	0.00835	0.00257	0.00707	0.00835	0.01028	0.01414
13	0.01569	0.01477	0.02492	0.68808	0.05722	0.01846	0.02307	0.02123	0.01661	0.02123	0.01477	0.02215	0.01107	0.00831	0.00831	0.00277	0.01107	0.00738	0.00369	0.00923
14	0.02056	0.01974	0.03372	0.05099	0.65622	0.01974	0.02550	0.02550	0.01892	0.02714	0.01563	0.02056	0.01316	0.00740	0.00822	0.00247	0.00987	0.00740	0.00411	0.01316
15	0.01601	0.01490	0.02713	0.05802	0.02866	0.01517	0.22425	0.02086	0.01867	0.02490	0.03059	0.05969	0.03097	0.01607	0.01195	0.00340	0.06267	0.32108	0.00595	0.00906
16	0.01208	0.00805	0.00906	0.00906	0.00906	0.00805	0.00503	0.01208	0.01208	0.01611	0.02618	0.05436	0.03020	0.70804	0.04228	0.00805	0.00805	0.01208	0.00503	0.00503
17	0.01723	0.01477	0.01723	0.01230	0.01969	0.01107	0.00984	0.02092	0.01723	0.02707	0.01477	0.01723	0.01230	0.00615	0.00615	0.00123	0.00615	0.00492	0.00492	0.75883
18	0.02056	0.01974	0.03372	0.05099	0.65622	0.01974	0.02550	0.02550	0.01892	0.02714	0.01563	0.02056	0.01316	0.00740	0.00822	0.00247	0.00987	0.00740	0.00411	0.01316
19	0.01569	0.01477	0.02492	0.68808	0.05722	0.01846	0.02307	0.02123	0.01661	0.02123	0.01477	0.02215	0.01107	0.00831	0.00831	0.00277	0.01107	0.00738	0.00369	0.00923
20	0.02026	0.01943	0.03318	0.09012	0.61943	0.01966	0.02535	0.02523	0.01877	0.02678	0.01557	0.02066	0.01303	0.00746	0.00823	0.00249	0.00994	0.00740	0.00409	0.01292
21	0.01012	0.00723	0.00964	0.01157	0.01205	0.00675	0.00771	0.01157	0.01591	0.02121	0.04579	0.70262	0.05495	0.02603	0.01060	0.00337	0.00482	0.02362	0.00771	0.00675
22	0.02236	0.48807	0.12260	0.01583	0.02307	0.07571	0.01607	0.02604	0.01828	0.05941	0.05268	0.01790	0.01539	0.00812	0.00629	0.00202	0.00938	0.00562	0.00434	0.01084
23	0.02214	0.08206	0.31529	0.02003	0.02892	0.02190	0.02170	0.23815	0.06208	0.03523	0.02180	0.02270	0.05213	0.00957	0.00800	0.00254	0.01009	0.00738	0.00575	0.01254
24	0.10951	0.06038	0.02440	0.14567	0.03028	0.02238	0.04087	0.30633	0.06547	0.03877	0.01985	0.02500	0.01566	0.01006	0.00805	0.00263	0.00912	0.04720	0.00658	0.01179
25	0.15807	0.02112	0.11870	0.18636	0.03186	0.01961	0.01767	0.20372	0.02346	0.03548	0.05413	0.02203	0.01605	0.00922	0.00762	0.00258	0.00902	0.00716	0.04519	0.01096
26	0.10763	0.12761	0.06365	0.01663	0.02268	0.02331	0.01457	0.32297	0.05997	0.03873	0.01867	0.02154	0.01480	0.05410	0.05454	0.00348	0.00968	0.00707	0.00649	0.01187
27	0.34835	0.09705	0.10470	0.11783	0.02716	0.02146	0.01569	0.12636	0.01947	0.03400	0.01391	0.01642	0.01056	0.00814	0.00654	0.00251	0.00863	0.00565	0.00507	0.01051
28	0.07485	0.02961	0.28805	0.08941	0.10589	0.02118	0.02327	0.20853	0.02391	0.03460	0.01627	0.01879	0.01187	0.00849	0.00790	0.00258	0.01051	0.00670	0.00517	0.01241

[dist]
# distance from previous block
# <min> <max>
4	20

[block]
# block no. 6 follows, 22 sequences, length 17
# corresponding to MSA columns:
# 244-260
name=unknown_G
#
# <colnr> <probs for GDERKNQSTAVLIFYWHMCP>
#	G	D	E	R	K	N	Q	S	T	A	V	L	I	F	Y	W	H	M	C	P
0	0.05740	0.12689	0.29156	0.04710	0.02746	0.05392	0.01978	0.02385	0.01837	0.02650	0.10588	0.02315	0.02053	0.00889	0.00740	0.00228	0.00949	0.00693	0.00467	0.11799
1	0.22503	0.12642	0.13948	0.02185	0.02962	0.02136	0.21675	0.02691	0.03419	0.06238	0.01557	0.01834	0.01174	0.00765	0.00743	0.00254	0.01031	0.00685	0.00468	0.01091
2	0.59844	0.01975	0.08420	0.01393	0.02008	0.01936	0.03777	0.07161	0.01666	0.03683	0.01279	0.01480	0.00971	0.00788	0.00588	0.00258	0.00758	0.00513	0.00517	0.00984
3	0.02030	0.02289	0.04342	0.03327	0.07934	0.06781	0.48162	0.02639	0.01937	0.02586	0.01603	0.02128	0.01240	0.00750	0.01029	0.00270	0.04948	0.00896	0.00421	0.04687
4	0.01740	0.02677	0.25003	0.10845	0.03794	0.01811	0.23463	0.02442	0.01804	0.02569	0.01675	0.04668	0.01332	0.00809	0.00847	0.00254	0.01156	0.00809	0.00414	0.11886
5	0.02929	0.02609	0.02284	0.06407	0.07476	0.28594	0.01578	0.12837	0.02529	0.16571	0.06419	0.02291	0.01843	0.00966	0.00808	0.00239	0.01089	0.00732	0.00652	0.01145
6	0.12806	0.01921	0.03062	0.04522	0.56399	0.01958	0.02312	0.02534	0.01823	0.02860	0.01504	0.01954	0.01256	0.00745	0.00778	0.00248	0.00937	0.00698	0.00426	0.01256
7	0.01880	0.01468	0.02410	0.59107	0.05203	0.01756	0.02151	0.02400	0.01764	0.11354	0.01736	0.02303	0.01244	0.00859	0.00831	0.00274	0.01050	0.00752	0.00464	0.00994
8	0.03216	0.01558	0.01965	0.01487	0.02153	0.01391	0.01222	0.12060	0.02456	0.43853	0.02708	0.02471	0.01787	0.00935	0.00788	0.00227	0.00717	0.00749	0.00885	0.17371
9	0.01638	0.01939	0.11812	0.52083	0.12140	0.01872	0.02444	0.02244	0.01700	0.02262	0.01488	0.02131	0.01123	0.00814	0.00824	0.00271	0.01111	0.00721	0.00371	0.01011
10	0.01553	0.01191	0.01372	0.01233	0.01545	0.01209	0.00950	0.10733	0.11335	0.03416	0.36294	0.07343	0.15318	0.01607	0.00942	0.00268	0.00513	0.01379	0.00865	0.00934
11	0.01873	0.26617	0.42255	0.02199	0.06473	0.02387	0.02489	0.02578	0.01739	0.02409	0.01382	0.01629	0.01071	0.00760	0.00705	0.00234	0.01101	0.00564	0.00356	0.01178
12	0.07618	0.07833	0.15942	0.02038	0.05446	0.02098	0.06157	0.19878	0.06505	0.05434	0.01780	0.01927	0.01327	0.00837	0.00757	0.00233	0.00930	0.00670	0.00582	0.12008
13	0.14706	0.04159	0.05513	0.01750	0.04984	0.02076	0.01424	0.30783	0.05736	0.04134	0.06404	0.02247	0.01832	0.00957	0.00751	0.00240	0.00792	0.00729	0.04249	0.06532
14	0.05276	0.08596	0.02300	0.01539	0.02192	0.01539	0.06750	0.06548	0.02097	0.18742	0.08369	0.02462	0.02089	0.00876	0.00742	0.00204	0.00736	0.00735	0.00671	0.27536
15	0.21001	0.17004	0.13238	0.06872	0.02654	0.02384	0.01680	0.20195	0.02279	0.03488	0.01483	0.01670	0.01127	0.00832	0.00682	0.00241	0.00908	0.00586	0.00535	0.01142
16	0.08321	0.07252	0.02673	0.03930	0.08834	0.02049	0.09209	0.18084	0.10192	0.12631	0.06680	0.02497	0.02005	0.00961	0.00814	0.00255	0.00865	0.00820	0.00700	0.01229

[dist]
# distance from previous block
# <min> <max>
1	6

[block]
# block no. 7 follows, 22 sequences, length 11
# corresponding to MSA columns:
# 267-277
name=unknown_H
#
# <colnr> <probs for GDERKNQSTAVLIFYWHMCP>
#	G	D	E	R	K	N	Q	S	T	A	V	L	I	F	Y	W	H	M	C	P
0	0.01999	0.01589	0.08018	0.01403	0.01966	0.01224	0.01231	0.02574	0.08356	0.15804	0.03245	0.03960	0.09229	0.07397	0.01124	0.00288	0.00711	0.07268	0.00688	0.21925
1	0.01973	0.01078	0.01495	0.01516	0.01827	0.01026	0.01307	0.02339	0.02036	0.19398	0.04101	0.07634	0.04058	0.01959	0.01065	0.00349	0.00750	0.44318	0.00835	0.00937
2	0.01724	0.11278	0.60026	0.02269	0.03443	0.02071	0.02898	0.02616	0.01747	0.02560	0.01456	0.01710	0.01054	0.00781	0.00763	0.00254	0.01192	0.00596	0.00351	0.01211
3	0.01398	0.02346	0.29410	0.01677	0.02311	0.01293	0.01834	0.02024	0.02006	0.02873	0.27786	0.07859	0.04443	0.01417	0.00920	0.00279	0.00800	0.07708	0.00647	0.00968
4	0.25604	0.17328	0.25628	0.02069	0.09594	0.02200	0.01976	0.02532	0.01648	0.02845	0.01322	0.01571	0.01036	0.00761	0.00652	0.00241	0.00944	0.00540	0.00410	0.01099
5	0.09909	0.05455	0.19246	0.07906	0.02941	0.05410	0.08221	0.02827	0.06044	0.12981	0.08984	0.02531	0.02083	0.00944	0.00803	0.00259	0.00960	0.00791	0.00586	0.01119
6	0.02046	0.08804	0.21553	0.03565	0.34484	0.02045	0.02448	0.02769	0.05964	0.05998	0.01715	0.02013	0.01337	0.00792	0.00789	0.00248	0.01011	0.00695	0.00450	0.01273
7	0.06114	0.13483	0.17875	0.04738	0.02794	0.14924	0.04301	0.06802	0.08196	0.02712	0.01608	0.01804	0.01252	0.00815	0.00726	0.00227	0.01054	0.00612	0.00475	0.09488
8	0.14445	0.02238	0.16499	0.04588	0.05780	0.01787	0.01697	0.14294	0.05724	0.10264	0.08281	0.02780	0.06065	0.01040	0.00794	0.00260	0.00835	0.00824	0.00655	0.01151
9	0.03900	0.09781	0.12779	0.08616	0.05192	0.10604	0.01651	0.04955	0.02000	0.06750	0.08252	0.02331	0.01940	0.00891	0.00740	0.00220	0.00914	0.00699	0.04437	0.13349
10	0.26330	0.13515	0.09791	0.01395	0.01967	0.01861	0.01300	0.02628	0.08127	0.08717	0.10778	0.05989	0.02431	0.01048	0.00707	0.00252	0.00719	0.00801	0.00617	0.01028

[dist]
# distance from previous block
# <min> <max>
30	159

[block]
# block no. 8 follows, 22 sequences, length 34
# corresponding to MSA columns:
# 446-479
name=unknown_I
#
# <colnr> <probs for GDERKNQSTAVLIFYWHMCP>
#	G	D	E	R	K	N	Q	S	T	A	V	L	I	F	Y	W	H	M	C	P
0	0.01992	0.06869	0.15209	0.03361	0.30303	0.07926	0.05182	0.02651	0.05821	0.02697	0.08208	0.02405	0.01976	0.00880	0.00817	0.00248	0.01012	0.00782	0.00477	0.01186
1	0.01763	0.07365	0.34135	0.07921	0.12497	0.01946	0.05408	0.02651	0.07522	0.02693	0.06644	0.02304	0.01773	0.00878	0.00811	0.00259	0.01052	0.00749	0.00454	0.01174
2	0.06425	0.08384	0.19267	0.02497	0.07116	0.01995	0.20297	0.07206	0.01998	0.02906	0.05184	0.02130	0.01559	0.00802	0.00807	0.00244	0.01065	0.00757	0.00470	0.08891
3	0.26595	0.02080	0.09886	0.02759	0.24413	0.01886	0.01825	0.06207	0.04089	0.10337	0.01703	0.01910	0.01281	0.00817	0.00721	0.00255	0.00856	0.00649	0.00546	0.01186
4	0.02051	0.25370	0.09359	0.07172	0.20927	0.02188	0.01855	0.02493	0.01841	0.06490	0.05573	0.02182	0.01708	0.00837	0.00714	0.00224	0.00884	0.00684	0.06321	0.01127
5	0.07734	0.02241	0.11951	0.02919	0.25459	0.05850	0.01943	0.06097	0.05774	0.06102	0.08306	0.02424	0.02014	0.00899	0.00792	0.00242	0.00900	0.00763	0.00550	0.07038
6	0.14894	0.06363	0.32561	0.02067	0.02990	0.01918	0.09837	0.02643	0.05598	0.02855	0.01556	0.01805	0.01166	0.00772	0.00736	0.00245	0.01023	0.00630	0.00436	0.09906
7	0.02456	0.02011	0.06368	0.01884	0.05560	0.01779	0.04947	0.23436	0.02571	0.10219	0.01861	0.01980	0.01375	0.00813	0.00755	0.00205	0.00830	0.00664	0.00649	0.29634
8	0.03323	0.04992	0.05175	0.01524	0.02163	0.01403	0.01312	0.03826	0.07115	0.52686	0.03141	0.05177	0.02121	0.01066	0.00827	0.00258	0.00729	0.00869	0.00938	0.01353
9	0.02035	0.01975	0.03440	0.06942	0.59979	0.01978	0.06282	0.02543	0.01889	0.02693	0.01567	0.02072	0.01306	0.00740	0.00833	0.00250	0.01016	0.00755	0.00410	0.01292
10	0.02301	0.01967	0.03168	0.04486	0.54123	0.01977	0.02345	0.08914	0.02138	0.07942	0.01742	0.02110	0.01384	0.00789	0.00824	0.00248	0.00957	0.00748	0.00503	0.01334
11	0.02588	0.01675	0.02403	0.09502	0.20691	0.01640	0.01713	0.06692	0.07515	0.24111	0.02300	0.02374	0.01642	0.00879	0.00803	0.00240	0.00825	0.00757	0.00686	0.10962
12	0.02207	0.01609	0.01891	0.01468	0.02086	0.01510	0.01181	0.07051	0.14461	0.12817	0.02149	0.02195	0.01624	0.00861	0.00844	0.00200	0.04999	0.00667	0.00661	0.39520
13	0.01002	0.00842	0.00869	0.00863	0.01134	0.00710	0.00647	0.01231	0.01941	0.02357	0.14297	0.07810	0.59334	0.02062	0.00982	0.00279	0.00418	0.01727	0.00786	0.00710
14	0.03154	0.02440	0.02484	0.01927	0.02576	0.07058	0.01581	0.58740	0.03799	0.05014	0.01945	0.01960	0.01389	0.00988	0.00825	0.00247	0.00954	0.00733	0.00803	0.01382
15	0.03043	0.02321	0.02366	0.01847	0.02465	0.06493	0.01512	0.54937	0.03660	0.04888	0.02000	0.02040	0.01441	0.00986	0.00809	0.00243	0.00914	0.00737	0.05958	0.01341
16	0.01208	0.00805	0.00906	0.00906	0.00906	0.00805	0.00503	0.01208	0.01208	0.01611	0.02618	0.05436	0.03020	0.70804	0.04228	0.00805	0.00805	0.01208	0.00503	0.00503
17	0.01208	0.00805	0.00906	0.00906	0.00906	0.00805	0.00503	0.01208	0.01208	0.01611	0.02618	0.05436	0.03020	0.70804	0.04228	0.00805	0.00805	0.01208	0.00503	0.00503
18	0.03455	0.01474	0.01920	0.01513	0.02127	0.01359	0.01236	0.04108	0.12482	0.55934	0.03294	0.02872	0.02135	0.01044	0.00837	0.00261	0.00699	0.00852	0.00998	0.01398
19	0.01723	0.01477	0.01723	0.01230	0.01969	0.01107	0.00984	0.02092	0.01723	0.02707	0.01477	0.01723	0.01230	0.00615	0.00615	0.00123	0.00615	0.00492	0.00492	0.75883
20	0.01619	0.01528	0.02583	0.62208	0.11927	0.01859	0.02332	0.02167	0.01685	0.02184	0.01485	0.02198	0.01129	0.00821	0.00830	0.00274	0.01095	0.00738	0.00373	0.00964
21	0.02056	0.01974	0.03372	0.05099	0.65622	0.01974	0.02550	0.02550	0.01892	0.02714	0.01563	0.02056	0.01316	0.00740	0.00822	0.00247	0.00987	0.00740	0.00411	0.01316
22	0.03727	0.01414	0.01928	0.01478	0.02121	0.01221	0.01221	0.04049	0.02378	0.66198	0.03277	0.02828	0.02056	0.01028	0.00835	0.00257	0.00707	0.00835	0.01028	0.01414
23	0.06368	0.01421	0.01902	0.01464	0.02102	0.01244	0.01209	0.03990	0.02343	0.63936	0.03201	0.02774	0.02015	0.01019	0.00824	0.00257	0.00705	0.00821	0.01010	0.01395
24	0.01691	0.00994	0.01303	0.01177	0.01465	0.00921	0.00916	0.02140	0.04579	0.14950	0.47975	0.05647	0.06398	0.01587	0.00958	0.00268	0.00481	0.04705	0.00925	0.00919
25	0.02083	0.02053	0.03186	0.04687	0.57973	0.06437	0.02394	0.02552	0.01947	0.02699	0.04798	0.02230	0.01633	0.00797	0.00825	0.00245	0.00992	0.00765	0.00438	0.01264
26	0.01493	0.01195	0.01394	0.01429	0.01671	0.01290	0.01073	0.02584	0.27556	0.02732	0.04058	0.34175	0.04171	0.01949	0.00983	0.00320	0.00593	0.09581	0.00801	0.00952
27	0.01689	0.07654	0.56064	0.02317	0.03440	0.01955	0.06437	0.02570	0.01793	0.02632	0.04743	0.01988	0.01413	0.00826	0.00797	0.00259	0.01177	0.00672	0.00384	0.01190
28	0.02018	0.01935	0.03303	0.10083	0.60936	0.01964	0.02531	0.02516	0.01874	0.02668	0.01556	0.02069	0.01300	0.00747	0.00823	0.00249	0.00996	0.00740	0.00408	0.01285
29	0.02514	0.02044	0.07036	0.01877	0.06366	0.01853	0.01512	0.23947	0.09104	0.11112	0.02075	0.02115	0.01520	0.00872	0.00767	0.00218	0.00805	0.00694	0.00695	0.22874
30	0.01818	0.11114	0.56016	0.02241	0.03380	0.02111	0.02804	0.06423	0.01883	0.02725	0.01488	0.01725	0.01077	0.00794	0.00765	0.00253	0.01173	0.00605	0.00382	0.01223
31	0.09645	0.06694	0.20412	0.08850	0.27265	0.02028	0.04785	0.02625	0.05100	0.02739	0.01571	0.01933	0.01231	0.00782	0.00772	0.00254	0.01021	0.00678	0.00422	0.01193
32	0.02409	0.02560	0.09025	0.10786	0.12775	0.18274	0.01870	0.12647	0.05399	0.06736	0.05269	0.02444	0.04231	0.00968	0.00819	0.00249	0.01057	0.00772	0.00571	0.01139
33	0.06539	0.06636	0.35764	0.02370	0.09491	0.04054	0.02367	0.13926	0.02198	0.03179	0.04674	0.01996	0.01472	0.00865	0.00780	0.00253	0.01059	0.00675	0.00488	0.01214

[dist]
# distance from previous block
# <min> <max>
0	1

[block]
# block no. 9 follows, 22 sequences, length 8
# corresponding to MSA columns:
# 481-488
name=unknown_J
#
# <colnr> <probs for GDERKNQSTAVLIFYWHMCP>
#	G	D	E	R	K	N	Q	S	T	A	V	L	I	F	Y	W	H	M	C	P
0	0.44477	0.01892	0.09519	0.01726	0.08821	0.01719	0.01374	0.02606	0.01700	0.11164	0.06532	0.02039	0.01651	0.00875	0.00657	0.00257	0.00740	0.00632	0.00578	0.01039
1	0.01690	0.08378	0.36759	0.10223	0.03321	0.01903	0.04330	0.02621	0.08576	0.02695	0.09537	0.02489	0.02065	0.00934	0.00810	0.00261	0.01027	0.00773	0.00479	0.01129
2	0.18099	0.02172	0.08448	0.03419	0.31298	0.02036	0.09536	0.09925	0.02033	0.03225	0.01537	0.01894	0.01209	0.00778	0.00774	0.00255	0.00976	0.00698	0.00480	0.01207
3	0.01976	0.10463	0.06997	0.03584	0.37602	0.02035	0.02129	0.02735	0.11127	0.02705	0.02086	0.02897	0.01826	0.00966	0.00824	0.00259	0.00917	0.07150	0.00504	0.01220
4	0.02116	0.07498	0.07582	0.02792	0.22236	0.02073	0.01868	0.10479	0.20718	0.03171	0.02309	0.02758	0.01882	0.00988	0.00819	0.00258	0.00861	0.04735	0.00611	0.04246
5	0.08051	0.08103	0.07198	0.02405	0.10247	0.05739	0.12898	0.10745	0.11740	0.03123	0.01825	0.02034	0.01411	0.00821	0.00776	0.00238	0.00966	0.00718	0.00545	0.10418
6	0.05686	0.01776	0.07468	0.06238	0.05087	0.01553	0.01513	0.13848	0.02298	0.18908	0.02563	0.07303	0.02136	0.01160	0.00837	0.00258	0.00806	0.08062	0.00717	0.11782
7	0.21952	0.05063	0.25142	0.05153	0.06998	0.07144	0.01999	0.05321	0.08561	0.03038	0.01605	0.01810	0.01210	0.00831	0.00716	0.00256	0.00985	0.00614	0.00479	0.01123

[dist]
# distance from previous block
# <min> <max>
3	31

[block]
# block no. 10 follows, 22 sequences, length 34
# corresponding to MSA columns:
# 520-553
name=unknown_K
#
# <colnr> <probs for GDERKNQSTAVLIFYWHMCP>
#	G	D	E	R	K	N	Q	S	T	A	V	L	I	F	Y	W	H	M	C	P
0	0.13974	0.07205	0.09232	0.09594	0.19005	0.02109	0.01898	0.11681	0.09555	0.05370	0.01793	0.02019	0.01369	0.00852	0.00754	0.00253	0.00903	0.00688	0.00548	0.01199
1	0.06658	0.06562	0.07630	0.03378	0.35479	0.01880	0.02006	0.06622	0.02023	0.02974	0.09376	0.02423	0.02058	0.00871	0.00786	0.00237	0.00870	0.00768	0.00507	0.06892
2	0.10154	0.19698	0.18966	0.05362	0.07371	0.02331	0.01924	0.14440	0.02176	0.07915	0.01612	0.01781	0.01209	0.00825	0.00713	0.00238	0.00957	0.00613	0.00520	0.01195
3	0.02255	0.12472	0.17796	0.04737	0.13599	0.02255	0.02037	0.14858	0.13436	0.05616	0.01962	0.02092	0.01478	0.00882	0.00780	0.00249	0.00949	0.00709	0.00572	0.01269
4	0.05822	0.06707	0.07280	0.07518	0.42041	0.02100	0.06554	0.07127	0.01992	0.02866	0.01548	0.01971	0.01254	0.00764	0.00798	0.00248	0.01008	0.00716	0.00439	0.01246
5	0.37518	0.05706	0.11012	0.02150	0.14409	0.01980	0.01621	0.07206	0.01822	0.07535	0.01486	0.01689	0.01126	0.00799	0.00658	0.00251	0.00828	0.00577	0.00521	0.01108
6	0.12788	0.07121	0.19220	0.01880	0.06511	0.03628	0.01734	0.02736	0.06629	0.12391	0.07836	0.06315	0.02357	0.01101	0.00795	0.00265	0.00851	0.04119	0.00616	0.01108
7	0.11447	0.08782	0.16269	0.01963	0.06468	0.02112	0.01776	0.22490	0.02514	0.10409	0.04453	0.02066	0.01568	0.00904	0.00756	0.00244	0.00898	0.00688	0.00633	0.03560
8	0.02197	0.01876	0.06346	0.02085	0.11311	0.01732	0.01520	0.08708	0.22794	0.10166	0.02716	0.02691	0.04973	0.00970	0.00795	0.00237	0.00751	0.00809	0.00693	0.16630
9	0.08523	0.01784	0.02003	0.01609	0.02176	0.01864	0.01301	0.29514	0.07394	0.19954	0.02626	0.09915	0.02071	0.01162	0.00826	0.00259	0.00761	0.00932	0.00836	0.04492
10	0.22001	0.06977	0.04198	0.01556	0.02097	0.11318	0.01298	0.12347	0.11079	0.09789	0.07718	0.02327	0.02007	0.00977	0.00730	0.00248	0.00830	0.00719	0.00670	0.01112
11	0.01887	0.02335	0.10864	0.07842	0.05997	0.01986	0.45690	0.02573	0.01898	0.02625	0.01628	0.02143	0.01227	0.00713	0.00917	0.00265	0.01290	0.00881	0.00415	0.06823
12	0.02604	0.01964	0.02116	0.01759	0.02316	0.02199	0.01409	0.26655	0.36645	0.08749	0.02845	0.02658	0.02073	0.01070	0.00839	0.00268	0.00759	0.00859	0.00853	0.01359
13	0.02105	0.36387	0.10267	0.02324	0.03121	0.05154	0.24722	0.02598	0.01823	0.02288	0.01390	0.01722	0.01138	0.00720	0.00734	0.00226	0.01137	0.00666	0.00382	0.01098
14	0.01188	0.00884	0.01305	0.01305	0.01443	0.01022	0.01001	0.01464	0.01326	0.01906	0.02253	0.03416	0.02143	0.10764	0.63070	0.01298	0.02126	0.00912	0.00449	0.00725
15	0.02491	0.50724	0.03742	0.01641	0.02265	0.22901	0.01478	0.02741	0.01892	0.01979	0.01194	0.01383	0.01067	0.00755	0.00599	0.00189	0.01075	0.00472	0.00378	0.01035
16	0.01723	0.01477	0.01723	0.01230	0.01969	0.01107	0.00984	0.02092	0.01723	0.02707	0.01477	0.01723	0.01230	0.00615	0.00615	0.00123	0.00615	0.00492	0.00492	0.75883
17	0.03158	0.02327	0.02493	0.01911	0.02576	0.02576	0.01579	0.62852	0.03906	0.05236	0.01995	0.01995	0.01413	0.00997	0.00831	0.00249	0.00914	0.00748	0.00831	0.01413
18	0.01676	0.01586	0.02685	0.54846	0.18849	0.01874	0.02360	0.02216	0.01712	0.02252	0.01495	0.02180	0.01153	0.00811	0.00829	0.00270	0.01081	0.00739	0.00378	0.01009
19	0.02373	0.01575	0.01866	0.01392	0.02083	0.01356	0.01126	0.09394	0.06028	0.17929	0.02076	0.02098	0.01526	0.00786	0.00705	0.00178	0.00672	0.00629	0.00677	0.45529
20	0.11640	0.03134	0.02419	0.02185	0.04429	0.42282	0.04833	0.02914	0.02009	0.02286	0.01263	0.01595	0.01071	0.00942	0.01094	0.00251	0.13671	0.00590	0.00426	0.00965
21	0.01187	0.00890	0.01335	0.01335	0.01483	0.01038	0.01038	0.01483	0.01335	0.01928	0.02225	0.03264	0.02077	0.06231	0.67512	0.01335	0.02225	0.00890	0.00445	0.00742
22	0.01889	0.01937	0.02534	0.02179	0.02203	0.06158	0.01806	0.02073	0.01332	0.02001	0.01101	0.01800	0.01089	0.01421	0.02616	0.00355	0.65511	0.00716	0.00367	0.00912
23	0.01723	0.01477	0.01723	0.01230	0.01969	0.01107	0.00984	0.02092	0.01723	0.02707	0.01477	0.01723	0.01230	0.00615	0.00615	0.00123	0.00615	0.00492	0.00492	0.75883
24	0.01122	0.00839	0.01041	0.01008	0.01212	0.00758	0.00749	0.01458	0.02200	0.03011	0.48635	0.10838	0.20373	0.01848	0.00986	0.00271	0.00404	0.01615	0.00873	0.00758
25	0.02147	0.43407	0.20113	0.01863	0.02687	0.08971	0.05696	0.02614	0.01785	0.02180	0.01286	0.01513	0.01075	0.00744	0.00647	0.00209	0.01065	0.00530	0.00365	0.01101
26	0.01923	0.19960	0.03017	0.01983	0.02168	0.02738	0.01714	0.02127	0.01381	0.01988	0.01107	0.01691	0.01084	0.01260	0.02154	0.00315	0.51426	0.00653	0.00361	0.00950
27	0.03727	0.01414	0.01928	0.01478	0.02121	0.01221	0.01221	0.04049	0.02378	0.66198	0.03277	0.02828	0.02056	0.01028	0.00835	0.00257	0.00707	0.00835	0.01028	0.01414
28	0.01549	0.00774	0.00774	0.00774	0.00968	0.00774	0.00581	0.01936	0.01742	0.03097	0.02710	0.03097	0.02129	0.00968	0.00581	0.00194	0.00387	0.00774	0.75416	0.00774
29	0.01443	0.00722	0.01082	0.01082	0.01082	0.00722	0.00722	0.01082	0.01082	0.01443	0.01443	0.02525	0.01443	0.02886	0.03247	0.75830	0.00722	0.00722	0.00361	0.00361
30	0.02194	0.01950	0.03042	0.08706	0.39534	0.02019	0.05538	0.15619	0.02351	0.03261	0.06124	0.02356	0.01777	0.00868	0.00845	0.00252	0.00961	0.00809	0.00536	0.01260
31	0.01893	0.02163	0.07992	0.11121	0.17124	0.02104	0.29116	0.02466	0.01787	0.02501	0.01524	0.02098	0.01213	0.00851	0.01198	0.00285	0.12214	0.00836	0.00399	0.01112
32	0.63895	0.01836	0.06318	0.04734	0.02013	0.01898	0.01167	0.05043	0.01560	0.03626	0.01235	0.01453	0.00944	0.00785	0.00565	0.00258	0.00723	0.00490	0.00508	0.00948
33	0.01939	0.02392	0.09423	0.03418	0.04287	0.02088	0.58236	0.02659	0.01946	0.02659	0.01667	0.02205	0.01245	0.00707	0.00966	0.00279	0.01388	0.00953	0.00415	0.01128

[dist]
# distance from previous block
# <min> <max>
0	19

[block]
# block no. 11 follows, 22 sequences, length 332
# corresponding to MSA columns:
# 573-904
name=unknown_L
#
# <colnr> <probs for GDERKNQSTAVLIFYWHMCP>
#	G	D	E	R	K	N	Q	S	T	A	V	L	I	F	Y	W	H	M	C	P
0	0.01569	0.01477	0.02492	0.68808	0.05722	0.01846	0.02307	0.02123	0.01661	0.02123	0.01477	0.02215	0.01107	0.00831	0.00831	0.00277	0.01107	0.00738	0.00369	0.00923
1	0.01012	0.00723	0.00964	0.01157	0.01205	0.00675	0.00771	0.01157	0.01591	0.02121	0.04579	0.70262	0.05495	0.02603	0.01060	0.00337	0.00482	0.02362	0.00771	0.00675
2	0.01673	0.01583	0.02680	0.55157	0.18557	0.01873	0.02359	0.02214	0.01711	0.02249	0.01495	0.02181	0.01152	0.00811	0.00829	0.00270	0.01082	0.00739	0.00378	0.01007
3	0.03103	0.03959	0.02354	0.02140	0.02568	0.67469	0.01605	0.03317	0.02354	0.02033	0.01284	0.01498	0.01070	0.00856	0.00749	0.00214	0.01498	0.00535	0.00428	0.00963
4	0.00982	0.00842	0.00842	0.00842	0.01122	0.00701	0.00631	0.01192	0.01894	0.02244	0.08416	0.07995	0.65285	0.02104	0.00982	0.00281	0.00421	0.01753	0.00771	0.00701
5	0.01666	0.04297	0.66500	0.02368	0.03596	0.01929	0.03069	0.02631	0.01754	0.02631	0.01491	0.01754	0.01052	0.00789	0.00789	0.00263	0.01228	0.00614	0.00351	0.01228
6	0.02066	0.01785	0.01878	0.01691	0.02160	0.02066	0.01315	0.04414	0.64121	0.03475	0.03381	0.03099	0.02536	0.01127	0.00845	0.00282	0.00657	0.00939	0.00845	0.01315
7	0.01012	0.00723	0.00964	0.01157	0.01205	0.00675	0.00771	0.01157	0.01591	0.02121	0.04579	0.70262	0.05495	0.02603	0.01060	0.00337	0.00482	0.02362	0.00771	0.00675
8	0.03233	0.02206	0.02418	0.01854	0.02516	0.02397	0.01532	0.55069	0.03704	0.13305	0.02164	0.02105	0.01498	0.01001	0.00832	0.00250	0.00887	0.00760	0.00857	0.01413
9	0.03103	0.03959	0.02354	0.02140	0.02568	0.67469	0.01605	0.03317	0.02354	0.02033	0.01284	0.01498	0.01070	0.00856	0.00749	0.00214	0.01498	0.00535	0.00428	0.00963
10	0.01038	0.00734	0.00956	0.01124	0.01166	0.00692	0.00736	0.01163	0.01540	0.02054	0.04321	0.61739	0.05169	0.11569	0.01477	0.00399	0.00524	0.02210	0.00736	0.00652
11	0.01080	0.00751	0.00944	0.01071	0.01102	0.00720	0.00679	0.01174	0.01459	0.01945	0.03904	0.47961	0.04643	0.26066	0.02150	0.00498	0.00593	0.01965	0.00679	0.00616
12	0.01569	0.01477	0.02492	0.68808	0.05722	0.01846	0.02307	0.02123	0.01661	0.02123	0.01477	0.02215	0.01107	0.00831	0.00831	0.00277	0.01107	0.00738	0.00369	0.00923
13	0.03158	0.02327	0.02493	0.01911	0.02576	0.02576	0.01579	0.62852	0.03906	0.05236	0.01995	0.01995	0.01413	0.00997	0.00831	0.00249	0.00914	0.00748	0.00831	0.01413
14	0.01176	0.00849	0.01110	0.01045	0.01241	0.00784	0.00784	0.01568	0.02352	0.03331	0.65184	0.06206	0.07839	0.01698	0.00980	0.00261	0.00392	0.01502	0.00914	0.00784
15	0.01008	0.00776	0.00923	0.01028	0.01174	0.00691	0.00717	0.01191	0.01748	0.02230	0.09127	0.42629	0.29057	0.02362	0.01026	0.00311	0.00453	0.02080	0.00778	0.00691
16	0.01499	0.00855	0.01146	0.01201	0.01367	0.00780	0.00850	0.01699	0.01803	0.13356	0.10386	0.52188	0.05131	0.02240	0.01013	0.00316	0.00512	0.02011	0.00830	0.00814
17	0.01012	0.00723	0.00964	0.01157	0.01205	0.00675	0.00771	0.01157	0.01591	0.02121	0.04579	0.70262	0.05495	0.02603	0.01060	0.00337	0.00482	0.02362	0.00771	0.00675
18	0.03015	0.02256	0.02413	0.01883	0.02522	0.02510	0.01544	0.55213	0.11777	0.05005	0.02176	0.02139	0.01560	0.01014	0.00833	0.00254	0.00881	0.00773	0.00833	0.01400
19	0.01783	0.01512	0.01755	0.01259	0.01994	0.01169	0.01009	0.04649	0.01815	0.02813	0.01498	0.01734	0.01238	0.00631	0.00624	0.00128	0.00628	0.00503	0.00506	0.72749
20	0.02289	0.59716	0.09820	0.01512	0.02264	0.03001	0.01556	0.02623	0.01748	0.07061	0.01352	0.01488	0.01143	0.00743	0.00580	0.00192	0.00905	0.00490	0.00408	0.01108
21	0.02221	0.71304	0.04353	0.01421	0.02132	0.03287	0.01421	0.02488	0.01688	0.01955	0.01155	0.01333	0.01066	0.00711	0.00533	0.00178	0.00888	0.00444	0.00355	0.01066
22	0.01012	0.00723	0.00964	0.01157	0.01205	0.00675	0.00771	0.01157	0.01591	0.02121	0.04579	0.70262	0.05495	0.02603	0.01060	0.00337	0.00482	0.02362	0.00771	0.00675
23	0.01012	0.00723	0.00964	0.01157	0.01205	0.00675	0.00771	0.01157	0.01591	0.02121	0.04579	0.70262	0.05495	0.02603	0.01060	0.00337	0.00482	0.02362	0.00771	0.00675
24	0.01562	0.00829	0.00849	0.00810	0.01046	0.00800	0.00612	0.01948	0.01741	0.03067	0.02613	0.02989	0.02059	0.00940	0.00583	0.00188	0.00405	0.00752	0.69532	0.06673
25	0.01570	0.00815	0.00819	0.00811	0.01016	0.00827	0.00611	0.02036	0.04274	0.03113	0.02737	0.03097	0.02146	0.00974	0.00591	0.00197	0.00398	0.00781	0.72389	0.00796
26	0.01143	0.00838	0.01071	0.01033	0.01226	0.00767	0.00767	0.01497	0.02244	0.03124	0.54552	0.11421	0.13597	0.01811	0.00986	0.00269	0.00402	0.01596	0.00888	0.00767
27	0.01187	0.00890	0.01335	0.01335	0.01483	0.01038	0.01038	0.01483	0.01335	0.01928	0.02225	0.03264	0.02077	0.06231	0.67512	0.01335	0.02225	0.00890	0.00445	0.00742
28	0.01012	0.00723	0.00964	0.01157	0.01205	0.00675	0.00771	0.01157	0.01591	0.02121	0.04579	0.70262	0.05495	0.02603	0.01060	0.00337	0.00482	0.02362	0.00771	0.00675
29	0.01549	0.00774	0.00774	0.00774	0.00968	0.00774	0.00581	0.01936	0.01742	0.03097	0.02710	0.03097	0.02129	0.00968	0.00581	0.00194	0.00387	0.00774	0.75416	0.00774
30	0.01012	0.00723	0.00964	0.01157	0.01205	0.00675	0.00771	0.01157	0.01591	0.02121	0.04579	0.70262	0.05495	0.02603	0.01060	0.00337	0.00482	0.02362	0.00771	0.00675
31	0.03103	0.03959	0.02354	0.02140	0.02568	0.67469	0.01605	0.03317	0.02354	0.02033	0.01284	0.01498	0.01070	0.00856	0.00749	0.00214	0.01498	0.00535	0.00428	0.00963
