[name]
unknown

[dist]
# distance from previous block
# <min> <max>
12	35

[block]
# block no. 0 follows, 23 sequences, length 47
# corresponding to MSA columns:
# 43-89
name=unknown_A
#
# <colnr> <probs for GDERKNQSTAVLIFYWHMCP>
#	G	D	E	R	K	N	Q	S	T	A	V	L	I	F	Y	W	H	M	C	P
0	0.05590	0.28458	0.05510	0.02292	0.16406	0.04655	0.01652	0.08641	0.01954	0.05423	0.04649	0.01949	0.01536	0.01073	0.03789	0.00269	0.03935	0.00637	0.00476	0.01105
1	0.09554	0.11378	0.08172	0.01778	0.02395	0.14338	0.01553	0.24370	0.12640	0.03504	0.01816	0.01872	0.01374	0.00895	0.00730	0.00235	0.00956	0.00647	0.00613	0.01180
2	0.08125	0.21471	0.17312	0.01546	0.02165	0.02025	0.01547	0.11173	0.01919	0.02730	0.02019	0.13171	0.01937	0.05254	0.00919	0.00272	0.00837	0.00879	0.03691	0.01007
3	0.02491	0.14028	0.21557	0.01819	0.02612	0.02216	0.01857	0.26375	0.02583	0.10386	0.01840	0.01914	0.01324	0.00871	0.00741	0.00234	0.00931	0.00654	0.04326	0.01241
4	0.02305	0.17920	0.14349	0.01759	0.02458	0.02355	0.01678	0.18444	0.21938	0.05582	0.02143	0.02127	0.01605	0.00916	0.00744	0.00241	0.00857	0.00702	0.00635	0.01242
5	0.02618	0.01587	0.01819	0.01487	0.01950	0.01660	0.01160	0.21500	0.14383	0.21664	0.02698	0.03132	0.02116	0.16683	0.01553	0.00372	0.00764	0.00890	0.00798	0.01165
6	0.02709	0.17656	0.02739	0.01715	0.02334	0.02553	0.01463	0.43313	0.06178	0.04117	0.01846	0.01934	0.01399	0.01235	0.04931	0.00295	0.00954	0.00682	0.00686	0.01259
7	0.03021	0.02241	0.02400	0.01854	0.02492	0.02487	0.01527	0.60203	0.07431	0.05012	0.02028	0.02012	0.01445	0.00982	0.00813	0.00245	0.00878	0.00742	0.00813	0.01374
8	0.01488	0.01101	0.01313	0.01204	0.01432	0.01168	0.00898	0.12979	0.01882	0.02521	0.05925	0.04451	0.14005	0.20816	0.24407	0.00745	0.01189	0.01100	0.00596	0.00782
9	0.02503	0.01962	0.02224	0.16789	0.02990	0.04903	0.01568	0.39401	0.02942	0.03901	0.01888	0.02326	0.01471	0.07462	0.01107	0.00296	0.00930	0.00762	0.03422	0.01150
10	0.02322	0.10366	0.02377	0.01683	0.02174	0.05246	0.03605	0.30373	0.02593	0.03435	0.01941	0.05599	0.01674	0.05258	0.11550	0.00429	0.03488	0.00803	0.00614	0.04469
11	0.02654	0.01952	0.02135	0.01679	0.02226	0.02127	0.01370	0.49890	0.03478	0.04700	0.16187	0.02863	0.02775	0.01126	0.00844	0.00246	0.00779	0.00894	0.00830	0.01243
12	0.01816	0.36229	0.15729	0.01510	0.02136	0.02241	0.01537	0.05153	0.01749	0.02281	0.02042	0.16975	0.02062	0.01145	0.00701	0.00229	0.00825	0.00912	0.03736	0.00992
13	0.01421	0.04062	0.01486	0.01292	0.01514	0.01138	0.03970	0.06388	0.01672	0.02422	0.02704	0.18085	0.02687	0.06159	0.25966	0.00667	0.01192	0.01155	0.15233	0.00789
14	0.02554	0.02010	0.02171	0.01772	0.02267	0.04812	0.01438	0.39896	0.11023	0.04055	0.02079	0.02259	0.01594	0.01846	0.11930	0.00426	0.05177	0.00768	0.00709	0.01214
15	0.02460	0.43763	0.03456	0.01582	0.02216	0.09098	0.01432	0.19115	0.02285	0.02786	0.01404	0.01567	0.01173	0.00998	0.03307	0.00241	0.00983	0.00540	0.00484	0.01111
16	0.02092	0.62291	0.13254	0.01520	0.02287	0.03021	0.01618	0.02450	0.01658	0.02003	0.01175	0.01360	0.01039	0.00705	0.00556	0.00185	0.00915	0.00458	0.00346	0.01064
17	0.00989	0.00706	0.00942	0.01130	0.01177	0.00659	0.00753	0.01130	0.01554	0.02071	0.04472	0.70954	0.05367	0.02542	0.01036	0.00330	0.00471	0.02307	0.00753	0.00659
18	0.01627	0.04197	0.67279	0.02313	0.03512	0.01884	0.02998	0.02570	0.01713	0.02570	0.01456	0.01713	0.01028	0.00771	0.00771	0.00257	0.01199	0.00600	0.00343	0.01199
19	0.01683	0.01442	0.01683	0.01202	0.01923	0.01082	0.00961	0.02043	0.01683	0.02644	0.01442	0.01683	0.01202	0.00601	0.00601	0.00120	0.00601	0.00481	0.00481	0.76444
20	0.01627	0.04197	0.67279	0.02313	0.03512	0.01884	0.02998	0.02570	0.01713	0.02570	0.01456	0.01713	0.01028	0.00771	0.00771	0.00257	0.01199	0.00600	0.00343	0.01199
21	0.01409	0.00705	0.01057	0.01057	0.01057	0.00705	0.00705	0.01057	0.01057	0.01409	0.01409	0.02467	0.01409	0.02819	0.03171	0.76392	0.00705	0.00705	0.00352	0.00352
22	0.00989	0.00706	0.00942	0.01130	0.01177	0.00659	0.00753	0.01130	0.01554	0.02071	0.04472	0.70954	0.05367	0.02542	0.01036	0.00330	0.00471	0.02307	0.00753	0.00659
23	0.02169	0.71972	0.04252	0.01388	0.02083	0.03211	0.01388	0.02430	0.01649	0.01909	0.01128	0.01302	0.01041	0.00694	0.00521	0.00174	0.00868	0.00434	0.00347	0.01041
24	0.02147	0.58761	0.12676	0.01555	0.02301	0.06876	0.01617	0.02497	0.01696	0.02003	0.01180	0.01367	0.01040	0.00713	0.00567	0.00187	0.00948	0.00462	0.00351	0.01057
25	0.01031	0.00825	0.00922	0.00898	0.01140	0.00716	0.00673	0.01305	0.02020	0.02598	0.30299	0.07141	0.43760	0.01904	0.00958	0.00267	0.00400	0.01619	0.00807	0.00716
26	0.01915	0.02189	0.04788	0.03420	0.04241	0.02052	0.63475	0.02599	0.01915	0.02599	0.01642	0.02189	0.01231	0.00684	0.00958	0.00274	0.01368	0.00958	0.00410	0.01094
27	0.02004	0.01933	0.03303	0.04758	0.60538	0.01938	0.05444	0.02575	0.04616	0.02681	0.01610	0.02062	0.01335	0.00738	0.00812	0.00244	0.00970	0.00743	0.00421	0.01276
28	0.03031	0.03867	0.02299	0.02090	0.02508	0.68226	0.01568	0.03240	0.02299	0.01986	0.01254	0.01463	0.01045	0.00836	0.00732	0.00209	0.01463	0.00523	0.00418	0.00941
29	0.77215	0.01569	0.01193	0.01067	0.01569	0.01820	0.00879	0.02385	0.01381	0.03641	0.01130	0.01318	0.00879	0.00753	0.00502	0.00251	0.00628	0.00439	0.00502	0.00879
30	0.01645	0.04073	0.63404	0.02381	0.03557	0.01895	0.06748	0.02572	0.01726	0.02572	0.01468	0.01743	0.01040	0.00766	0.00782	0.00258	0.01210	0.00622	0.00347	0.01193
31	0.00989	0.00706	0.00942	0.01130	0.01177	0.00659	0.00753	0.01130	0.01554	0.02071	0.04472	0.70954	0.05367	0.02542	0.01036	0.00330	0.00471	0.02307	0.00753	0.00659
32	0.01180	0.00787	0.00885	0.00885	0.00885	0.00787	0.00492	0.01180	0.01180	0.01573	0.02557	0.05310	0.02950	0.71483	0.04130	0.00787	0.00787	0.01180	0.00492	0.00492
33	0.01159	0.00869	0.01304	0.01304	0.01449	0.01014	0.01014	0.01449	0.01304	0.01884	0.02173	0.03188	0.02029	0.06086	0.68268	0.01304	0.02173	0.00869	0.00435	0.00724
34	0.00989	0.00706	0.00942	0.01130	0.01177	0.00659	0.00753	0.01130	0.01554	0.02071	0.04472	0.70954	0.05367	0.02542	0.01036	0.00330	0.00471	0.02307	0.00753	0.00659
35	0.01627	0.04197	0.67279	0.02313	0.03512	0.01884	0.02998	0.02570	0.01713	0.02570	0.01456	0.01713	0.01028	0.00771	0.00771	0.00257	0.01199	0.00600	0.00343	0.01199
36	0.00989	0.00706	0.00942	0.01130	0.01177	0.00659	0.00753	0.01130	0.01554	0.02071	0.04472	0.70954	0.05367	0.02542	0.01036	0.00330	0.00471	0.02307	0.00753	0.00659
37	0.03085	0.02273	0.02435	0.01867	0.02516	0.02516	0.01542	0.63716	0.03815	0.05114	0.01948	0.01948	0.01380	0.00974	0.00812	0.00244	0.00893	0.00731	0.00812	0.01380
38	0.01661	0.08400	0.63371	0.02255	0.03423	0.01967	0.02898	0.02561	0.01709	0.02529	0.01436	0.01688	0.01029	0.00766	0.00755	0.00252	0.01179	0.00589	0.00343	0.01189
39	0.77215	0.01569	0.01193	0.01067	0.01569	0.01820	0.00879	0.02385	0.01381	0.03641	0.01130	0.01318	0.00879	0.00753	0.00502	0.00251	0.00628	0.00439	0.00502	0.00879
40	0.01627	0.04197	0.67279	0.02313	0.03512	0.01884	0.02998	0.02570	0.01713	0.02570	0.01456	0.01713	0.01028	0.00771	0.00771	0.00257	0.01199	0.00600	0.00343	0.01199
41	0.01627	0.04197	0.67279	0.02313	0.03512	0.01884	0.02998	0.02570	0.01713	0.02570	0.01456	0.01713	0.01028	0.00771	0.00771	0.00257	0.01199	0.00600	0.00343	0.01199
42	0.01686	0.11460	0.60525	0.02214	0.03359	0.02027	0.02825	0.02555	0.01706	0.02499	0.01421	0.01669	0.01029	0.00763	0.00744	0.00248	0.01164	0.00582	0.00343	0.01182
43	0.03372	0.01316	0.01792	0.01406	0.01980	0.01142	0.01148	0.03679	0.02276	0.60294	0.06088	0.06940	0.02460	0.01124	0.00835	0.00256	0.00664	0.00933	0.00984	0.01311
44	0.03081	0.01248	0.01695	0.01362	0.01880	0.01089	0.01098	0.03386	0.02243	0.52953	0.10820	0.09906	0.03015	0.01235	0.00855	0.00259	0.00632	0.01041	0.00966	0.01236
45	0.01004	0.00717	0.00959	0.01147	0.01201	0.00672	0.00780	0.01156	0.01569	0.02088	0.04464	0.68001	0.05333	0.02528	0.01040	0.00332	0.00484	0.05109	0.00753	0.00663
46	0.03272	0.01390	0.01816	0.01425	0.02006	0.01257	0.01166	0.06435	0.06068	0.54261	0.06392	0.03141	0.05358	0.01090	0.00830	0.00253	0.00669	0.00892	0.00968	0.01312

[dist]
# distance from previous block
# <min> <max>
8	12

[block]
# block no. 1 follows, 23 sequences, length 17
# corresponding to MSA columns:
# 102-118
name=unknown_B
#
# <colnr> <probs for GDERKNQSTAVLIFYWHMCP>
#	G	D	E	R	K	N	Q	S	T	A	V	L	I	F	Y	W	H	M	C	P
0	0.01775	0.01775	0.02485	0.02130	0.02130	0.02485	0.01775	0.01953	0.01243	0.01953	0.01065	0.01775	0.01065	0.01420	0.02663	0.00355	0.69998	0.00710	0.00355	0.00888
1	0.01148	0.00829	0.01085	0.01021	0.01212	0.00766	0.00766	0.01531	0.02297	0.03254	0.65994	0.06061	0.07656	0.01659	0.00957	0.00255	0.00383	0.01467	0.00893	0.00766
2	0.01550	0.01466	0.02437	0.64638	0.05337	0.01852	0.02219	0.02064	0.01595	0.02064	0.01415	0.02135	0.01080	0.00855	0.00946	0.00277	0.06086	0.00720	0.00360	0.00900
3	0.01180	0.00787	0.00885	0.00885	0.00885	0.00787	0.00492	0.01180	0.01180	0.01573	0.02557	0.05310	0.02950	0.71483	0.04130	0.00787	0.00787	0.01180	0.00492	0.00492
4	0.03085	0.02273	0.02435	0.01867	0.02516	0.02516	0.01542	0.63716	0.03815	0.05114	0.01948	0.01948	0.01380	0.00974	0.00812	0.00244	0.00893	0.00731	0.00812	0.01380
5	0.01767	0.18958	0.49962	0.02255	0.06615	0.02178	0.02617	0.02535	0.01706	0.02429	0.01388	0.01639	0.01045	0.00751	0.00718	0.00238	0.01114	0.00570	0.00347	0.01169
6	0.02059	0.02009	0.03134	0.04587	0.58415	0.05190	0.02354	0.02665	0.06647	0.02675	0.01647	0.02059	0.01364	0.00757	0.00801	0.00242	0.00964	0.00728	0.00435	0.01268
7	0.01627	0.04197	0.67279	0.02313	0.03512	0.01884	0.02998	0.02570	0.01713	0.02570	0.01456	0.01713	0.01028	0.00771	0.00771	0.00257	0.01199	0.00600	0.00343	0.01199
8	0.03641	0.01381	0.01883	0.01444	0.02071	0.01193	0.01193	0.03954	0.02322	0.66984	0.03201	0.02762	0.02009	0.01004	0.00816	0.00251	0.00690	0.00816	0.01004	0.01381
9	0.01627	0.04197	0.67279	0.02313	0.03512	0.01884	0.02998	0.02570	0.01713	0.02570	0.01456	0.01713	0.01028	0.00771	0.00771	0.00257	0.01199	0.00600	0.00343	0.01199
10	0.01011	0.00824	0.00894	0.00877	0.01128	0.00707	0.00657	0.01265	0.01972	0.02483	0.24073	0.07329	0.50057	0.01946	0.00958	0.00269	0.00403	0.01645	0.00792	0.00707
11	0.01118	0.01043	0.00944	0.00944	0.01210	0.05796	0.00700	0.01319	0.01859	0.02166	0.07376	0.12672	0.56029	0.02004	0.00948	0.00274	0.00496	0.01673	0.00728	0.00702
12	0.02172	0.01801	0.01901	0.01653	0.02140	0.02050	0.01302	0.15517	0.50274	0.03666	0.03277	0.03048	0.05287	0.01122	0.00829	0.00269	0.00679	0.00919	0.00820	0.01274
13	0.01734	0.20747	0.47922	0.02010	0.03027	0.02148	0.02473	0.02476	0.01731	0.02446	0.05068	0.01860	0.01410	0.00803	0.00720	0.00236	0.01071	0.00608	0.00375	0.01135
14	0.08029	0.02609	0.16024	0.02931	0.10745	0.08123	0.26993	0.02551	0.01786	0.02555	0.01451	0.01892	0.01134	0.00807	0.01034	0.00268	0.08835	0.00751	0.00398	0.01083
15	0.14479	0.02428	0.02115	0.02129	0.10906	0.24524	0.01475	0.09759	0.05523	0.07885	0.01703	0.01882	0.01317	0.00886	0.00804	0.00236	0.04231	0.00630	0.06026	0.01064
16	0.05530	0.01952	0.02913	0.16522	0.43414	0.05493	0.02245	0.07399	0.01967	0.02752	0.01512	0.01972	0.01223	0.00767	0.00788	0.00245	0.00992	0.00699	0.00433	0.01184

[dist]
# distance from previous block
# <min> <max>
4	7

[block]
# block no. 2 follows, 23 sequences, length 25
# corresponding to MSA columns:
# 126-150
name=unknown_C
#
# <colnr> <probs for GDERKNQSTAVLIFYWHMCP>
#	G	D	E	R	K	N	Q	S	T	A	V	L	I	F	Y	W	H	M	C	P
0	0.02227	0.01729	0.02036	0.09442	0.09772	0.07772	0.01508	0.04682	0.21659	0.14016	0.04355	0.03032	0.02171	0.01505	0.06860	0.00356	0.00953	0.04107	0.00682	0.01136
1	0.02094	0.01955	0.03225	0.04733	0.61347	0.01975	0.02415	0.07352	0.02004	0.02847	0.01560	0.02003	0.01293	0.00743	0.00804	0.00241	0.00958	0.00724	0.00434	0.01293
2	0.27931	0.07180	0.02014	0.12466	0.06520	0.01886	0.01371	0.10067	0.05525	0.10095	0.01878	0.06504	0.01526	0.00950	0.00698	0.00253	0.00770	0.00731	0.00588	0.01045
3	0.01842	0.07293	0.47618	0.02193	0.03211	0.01945	0.06288	0.02873	0.10080	0.06360	0.01793	0.01953	0.01288	0.00818	0.00778	0.00255	0.01089	0.00667	0.00449	0.01206
4	0.02067	0.01523	0.01879	0.01590	0.07101	0.01277	0.01158	0.04977	0.05544	0.12077	0.01831	0.01953	0.01406	0.00713	0.00670	0.00163	0.00657	0.00584	0.00583	0.52247
5	0.02263	0.01557	0.02240	0.08617	0.21599	0.01602	0.01668	0.03090	0.16399	0.18901	0.02721	0.08280	0.02217	0.01109	0.00847	0.00268	0.00782	0.03950	0.00692	0.01198
6	0.01081	0.00808	0.01125	0.01421	0.06340	0.00768	0.00875	0.01241	0.01554	0.02087	0.04121	0.61454	0.04894	0.06624	0.01207	0.00351	0.00529	0.02112	0.00709	0.00699
7	0.02008	0.01928	0.03294	0.04981	0.66422	0.01928	0.02490	0.02490	0.01848	0.02651	0.01526	0.02008	0.01285	0.00723	0.00803	0.00241	0.00964	0.00723	0.00402	0.01285
8	0.01795	0.01711	0.02909	0.33878	0.39189	0.01872	0.02384	0.02304	0.01747	0.02392	0.01489	0.02078	0.01194	0.00762	0.00807	0.00254	0.01017	0.00722	0.00383	0.01113
9	0.01000	0.00711	0.00938	0.01116	0.01160	0.00666	0.00738	0.01133	0.01532	0.02043	0.04362	0.67192	0.05228	0.06493	0.01213	0.00356	0.00489	0.02242	0.00738	0.00649
10	0.03268	0.01365	0.01807	0.01425	0.01998	0.01231	0.01163	0.03771	0.08094	0.55424	0.08824	0.03081	0.02557	0.01072	0.00829	0.00254	0.00659	0.00884	0.00978	0.01317
11	0.01755	0.01670	0.02836	0.39310	0.34070	0.01861	0.02364	0.02268	0.01728	0.02344	0.01482	0.02091	0.01177	0.00770	0.00808	0.00257	0.01027	0.00722	0.00380	0.01081
12	0.00982	0.00823	0.00859	0.00880	0.01137	0.00699	0.00667	0.01195	0.01836	0.02201	0.07784	0.11073	0.59159	0.02091	0.00973	0.00283	0.00435	0.05481	0.00753	0.00688
13	0.00989	0.00706	0.00942	0.01130	0.01177	0.00659	0.00753	0.01130	0.01554	0.02071	0.04472	0.70954	0.05367	0.02542	0.01036	0.00330	0.00471	0.02307	0.00753	0.00659
14	0.17865	0.01470	0.02166	0.54758	0.04721	0.01807	0.01957	0.02141	0.01570	0.02411	0.01375	0.01981	0.01038	0.00799	0.00745	0.00266	0.00984	0.00660	0.00391	0.00897
15	0.01592	0.01496	0.02490	0.61398	0.10906	0.01821	0.02241	0.02188	0.03849	0.02171	0.01515	0.02180	0.01148	0.00813	0.00811	0.00268	0.01056	0.00728	0.00380	0.00949
16	0.02122	0.02144	0.03183	0.04658	0.59285	0.09331	0.02387	0.02574	0.01898	0.02577	0.01496	0.01947	0.01258	0.00736	0.00795	0.00237	0.01020	0.00701	0.00403	0.01247
17	0.01646	0.01537	0.02582	0.61458	0.05326	0.01860	0.06076	0.05662	0.01767	0.02282	0.01484	0.02153	0.01108	0.00813	0.00821	0.00269	0.01089	0.00737	0.00390	0.00941
18	0.01544	0.01423	0.02234	0.46295	0.04292	0.01736	0.01917	0.01959	0.01547	0.02086	0.01586	0.06689	0.01387	0.01062	0.01166	0.02494	0.11761	0.00804	0.00397	0.07620
19	0.02035	0.01687	0.02039	0.05419	0.02380	0.01560	0.03718	0.16763	0.06184	0.03239	0.01687	0.01878	0.01319	0.00736	0.00691	0.00174	0.00731	0.00600	0.00571	0.46587
20	0.02820	0.02182	0.02614	0.06540	0.02856	0.02401	0.07113	0.51011	0.06689	0.04595	0.01957	0.02040	0.01404	0.00944	0.00825	0.00250	0.00935	0.00760	0.00746	0.01317
21	0.01785	0.01951	0.04083	0.17466	0.04370	0.01926	0.47084	0.02410	0.01834	0.02459	0.01747	0.05772	0.01415	0.00808	0.00930	0.00276	0.01260	0.00977	0.00418	0.01030
22	0.01537	0.01411	0.02344	0.61250	0.05095	0.01766	0.02123	0.01998	0.01564	0.02022	0.01419	0.02162	0.01103	0.00979	0.01071	0.05388	0.04823	0.00719	0.00360	0.00864
23	0.01964	0.01727	0.02572	0.22222	0.26417	0.01898	0.02036	0.11185	0.09752	0.02905	0.02026	0.02807	0.01688	0.00965	0.00838	0.00266	0.00929	0.06132	0.00531	0.01141
24	0.33392	0.12714	0.06228	0.12359	0.06002	0.01935	0.01427	0.02469	0.01630	0.08799	0.03376	0.01799	0.01285	0.00799	0.00633	0.00238	0.00790	0.00576	0.00497	0.03049

[dist]
# distance from previous block
# <min> <max>
0	13

[block]
# block no. 3 follows, 23 sequences, length 19
# corresponding to MSA columns:
# 170-184,187-190
name=unknown_D
#
# <colnr> <probs for GDERKNQSTAVLIFYWHMCP>
#	G	D	E	R	K	N	Q	S	T	A	V	L	I	F	Y	W	H	M	C	P
0	0.02607	0.01947	0.02150	0.01906	0.06385	0.04664	0.01425	0.41413	0.03085	0.07279	0.02476	0.16209	0.02214	0.01277	0.00854	0.00260	0.00823	0.01051	0.00767	0.01207
1	0.02633	0.06697	0.02921	0.02100	0.02747	0.02351	0.13896	0.41394	0.06225	0.04164	0.02026	0.05441	0.01581	0.00982	0.00834	0.00251	0.00953	0.00844	0.00699	0.01260
2	0.01793	0.01531	0.02309	0.14934	0.02950	0.01471	0.10621	0.04633	0.01837	0.06166	0.05908	0.05187	0.01827	0.00890	0.00873	0.00216	0.04679	0.00783	0.00521	0.30874
3	0.01683	0.01442	0.01683	0.01202	0.01923	0.01082	0.00961	0.02043	0.01683	0.02644	0.01442	0.01683	0.01202	0.00601	0.00601	0.00120	0.00601	0.00481	0.00481	0.76444
4	0.03358	0.01423	0.01867	0.01452	0.02067	0.01275	0.01190	0.03886	0.08995	0.56582	0.03114	0.02730	0.02014	0.00992	0.00805	0.00246	0.00680	0.00808	0.00956	0.05559
5	0.03085	0.02273	0.02435	0.01867	0.02516	0.02516	0.01542	0.63716	0.03815	0.05114	0.01948	0.01948	0.01380	0.00974	0.00812	0.00244	0.00893	0.00731	0.00812	0.01380
6	0.00959	0.00822	0.00822	0.00822	0.01096	0.00685	0.00617	0.01165	0.01850	0.02192	0.08220	0.07809	0.66092	0.02055	0.00959	0.00274	0.00411	0.01713	0.00754	0.00685
7	0.00989	0.00706	0.00942	0.01130	0.01177	0.00659	0.00753	0.01130	0.01554	0.02071	0.04472	0.70954	0.05367	0.02542	0.01036	0.00330	0.00471	0.02307	0.00753	0.00659
8	0.02008	0.01928	0.03294	0.04981	0.66422	0.01928	0.02490	0.02490	0.01848	0.02651	0.01526	0.02008	0.01285	0.00723	0.00803	0.00241	0.00964	0.00723	0.00402	0.01285
9	0.02985	0.03666	0.02285	0.02055	0.02489	0.60960	0.01552	0.06996	0.05460	0.02246	0.01397	0.01570	0.01136	0.00858	0.00741	0.00214	0.01388	0.00555	0.00462	0.00984
10	0.01906	0.02162	0.04640	0.03337	0.04105	0.02080	0.59515	0.02558	0.01872	0.02558	0.01605	0.02162	0.01221	0.00731	0.01067	0.00279	0.05772	0.00942	0.00407	0.01081
11	0.02269	0.01574	0.01913	0.01462	0.02097	0.01425	0.03136	0.11876	0.08669	0.15160	0.02199	0.05537	0.01721	0.00884	0.00730	0.00195	0.00684	0.00733	0.00676	0.37060
12	0.66096	0.01675	0.01379	0.01187	0.01711	0.01925	0.00978	0.11584	0.01746	0.03862	0.01253	0.01413	0.00954	0.00786	0.00549	0.00250	0.00667	0.00483	0.00549	0.00954
13	0.01893	0.02123	0.04424	0.03216	0.03907	0.02121	0.53710	0.02497	0.01809	0.02497	0.01550	0.02123	0.01205	0.00801	0.01227	0.00286	0.12229	0.00918	0.00402	0.01062
14	0.01584	0.01523	0.02661	0.61426	0.08060	0.01828	0.07235	0.02134	0.01656	0.02140	0.01462	0.02159	0.01102	0.00797	0.00823	0.00269	0.01100	0.00740	0.00366	0.00933
15	0.02316	0.01904	0.03488	0.02534	0.03275	0.01766	0.35521	0.06615	0.04647	0.16124	0.02023	0.02256	0.01448	0.00773	0.00864	0.00246	0.01062	0.00846	0.00585	0.11707
16	0.73139	0.01559	0.01231	0.01088	0.01597	0.01786	0.00896	0.02472	0.01433	0.07149	0.01245	0.01398	0.00941	0.00767	0.00520	0.00251	0.00631	0.00460	0.00530	0.00907
17	0.09164	0.00910	0.01107	0.01068	0.01285	0.00876	0.00796	0.01662	0.02056	0.06240	0.43933	0.18241	0.06216	0.01707	0.00918	0.00269	0.00441	0.01494	0.00830	0.00787
18	0.04654	0.01468	0.01875	0.01601	0.02008	0.01568	0.07996	0.05946	0.29191	0.03262	0.21557	0.06874	0.05937	0.01293	0.00879	0.00269	0.00644	0.01143	0.00780	0.01053

[dist]
# distance from previous block
# <min> <max>
0	4

[block]
# block no. 4 follows, 23 sequences, length 17
# corresponding to MSA columns:
# 195-211
name=unknown_E
#
# <colnr> <probs for GDERKNQSTAVLIFYWHMCP>
#	G	D	E	R	K	N	Q	S	T	A	V	L	I	F	Y	W	H	M	C	P
0	0.01786	0.01904	0.03799	0.09562	0.06504	0.01840	0.41264	0.02354	0.01806	0.02491	0.01770	0.06907	0.01497	0.00850	0.00975	0.00263	0.04021	0.00958	0.00434	0.09015
1	0.01768	0.01888	0.03713	0.15822	0.03958	0.02010	0.37037	0.02312	0.01704	0.02340	0.01539	0.02178	0.01226	0.01187	0.05616	0.00354	0.13093	0.00864	0.00393	0.00998
2	0.01022	0.00751	0.01032	0.05275	0.01444	0.00728	0.00844	0.01187	0.01558	0.02071	0.04289	0.66785	0.05107	0.02437	0.01022	0.00326	0.00508	0.02211	0.00729	0.00674
3	0.02008	0.01928	0.03294	0.04981	0.66422	0.01928	0.02490	0.02490	0.01848	0.02651	0.01526	0.02008	0.01285	0.00723	0.00803	0.00241	0.00964	0.00723	0.00402	0.01285
4	0.01876	0.35285	0.38369	0.01889	0.02856	0.02493	0.02260	0.02505	0.01684	0.02267	0.01306	0.01524	0.01034	0.00736	0.00656	0.00219	0.01047	0.00524	0.00345	0.01127
5	0.01306	0.00864	0.01135	0.01048	0.01267	0.00793	0.00793	0.01685	0.02298	0.07293	0.62014	0.05852	0.07298	0.01617	0.00948	0.00255	0.00402	0.01426	0.00900	0.00805
6	0.01491	0.00758	0.00765	0.00765	0.00941	0.00758	0.00562	0.01844	0.01667	0.02929	0.02641	0.03176	0.02137	0.05608	0.00803	0.00229	0.00405	0.00784	0.70998	0.00739
7	0.01158	0.00836	0.01098	0.01049	0.01240	0.00776	0.00798	0.01540	0.02271	0.03205	0.62330	0.06245	0.07479	0.01693	0.00967	0.00262	0.00404	0.05000	0.00885	0.00765
8	0.01159	0.00869	0.01304	0.01304	0.01449	0.01014	0.01014	0.01449	0.01304	0.01884	0.02173	0.03188	0.02029	0.06086	0.68268	0.01304	0.02173	0.00869	0.00435	0.00724
9	0.00996	0.00721	0.00942	0.01103	0.01174	0.00667	0.00745	0.01155	0.01616	0.02148	0.08277	0.63076	0.09464	0.02459	0.01026	0.00322	0.00462	0.02219	0.00761	0.00667
10	0.03031	0.03867	0.02299	0.02090	0.02508	0.68226	0.01568	0.03240	0.02299	0.01986	0.01254	0.01463	0.01045	0.00836	0.00732	0.00209	0.01463	0.00523	0.00418	0.00941
11	0.01683	0.01442	0.01683	0.01202	0.01923	0.01082	0.00961	0.02043	0.01683	0.02644	0.01442	0.01683	0.01202	0.00601	0.00601	0.00120	0.00601	0.00481	0.00481	0.76444
12	0.02032	0.01993	0.03205	0.08057	0.60449	0.04979	0.02436	0.02504	0.01857	0.02592	0.01510	0.01991	0.01264	0.00733	0.00800	0.00241	0.00993	0.00714	0.00400	0.01250
13	0.01566	0.01476	0.02494	0.65028	0.09834	0.01812	0.02270	0.02102	0.01638	0.02114	0.01448	0.02153	0.01096	0.00805	0.00811	0.00268	0.01073	0.00721	0.00363	0.00928
14	0.00989	0.00706	0.00942	0.01130	0.01177	0.00659	0.00753	0.01130	0.01554	0.02071	0.04472	0.70954	0.05367	0.02542	0.01036	0.00330	0.00471	0.02307	0.00753	0.00659
15	0.45016	0.01570	0.01526	0.01264	0.01805	0.01686	0.01039	0.10051	0.01967	0.21258	0.04471	0.01986	0.01529	0.00886	0.00644	0.00250	0.00666	0.00620	0.00693	0.01072
16	0.20771	0.01974	0.01965	0.01578	0.02133	0.05855	0.01283	0.33390	0.02763	0.12638	0.01845	0.01913	0.01327	0.01039	0.00890	0.05278	0.00823	0.00659	0.00710	0.01167

[dist]
# distance from previous block
# <min> <max>
0	4

[block]
# block no. 5 follows, 23 sequences, length 24
# corresponding to MSA columns:
# 216-239
name=unknown_F
#
# <colnr> <probs for GDERKNQSTAVLIFYWHMCP>
#	G	D	E	R	K	N	Q	S	T	A	V	L	I	F	Y	W	H	M	C	P
0	0.01685	0.01386	0.01613	0.01264	0.01840	0.01163	0.00985	0.07291	0.04398	0.02779	0.02138	0.14949	0.02062	0.01023	0.00711	0.00177	0.00603	0.00868	0.00575	0.52492
1	0.01770	0.01364	0.01622	0.01575	0.04940	0.01393	0.01123	0.18079	0.08539	0.03096	0.03211	0.34928	0.03366	0.01681	0.00896	0.00274	0.00638	0.01473	0.00728	0.09303
2	0.02132	0.01558	0.01840	0.04579	0.02117	0.01597	0.03651	0.19160	0.11180	0.06125	0.02237	0.02522	0.01743	0.05042	0.00924	0.00248	0.00708	0.00752	0.16162	0.15726
3	0.01834	0.24112	0.43119	0.01990	0.02964	0.05290	0.02380	0.02516	0.01705	0.02321	0.01377	0.01636	0.01071	0.00954	0.03277	0.00270	0.01150	0.00557	0.00351	0.01122
4	0.20690	0.05848	0.02395	0.25334	0.15365	0.02030	0.01790	0.12292	0.01964	0.03057	0.01445	0.01839	0.01116	0.00800	0.00716	0.00250	0.00903	0.00636	0.00476	0.01054
5	0.66776	0.01668	0.01368	0.01180	0.01703	0.01918	0.00972	0.11021	0.01724	0.03848	0.01245	0.01407	0.00949	0.00784	0.00546	0.00250	0.00665	0.00480	0.00546	0.00949
6	0.66558	0.01551	0.01367	0.10708	0.02135	0.01818	0.01072	0.02341	0.01415	0.03420	0.01174	0.01437	0.00907	0.00761	0.00546	0.00254	0.00692	0.00479	0.00482	0.00882
7	0.00989	0.00706	0.00942	0.01130	0.01177	0.00659	0.00753	0.01130	0.01554	0.02071	0.04472	0.70954	0.05367	0.02542	0.01036	0.00330	0.00471	0.02307	0.00753	0.00659
8	0.00989	0.00706	0.00942	0.01130	0.01177	0.00659	0.00753	0.01130	0.01554	0.02071	0.04472	0.70954	0.05367	0.02542	0.01036	0.00330	0.00471	0.02307	0.00753	0.00659
9	0.01641	0.04106	0.64431	0.02363	0.03545	0.01892	0.05755	0.02571	0.01722	0.02571	0.01465	0.01735	0.01037	0.00767	0.00779	0.00258	0.01207	0.00616	0.00346	0.01194
10	0.03562	0.01507	0.01961	0.01503	0.02134	0.01379	0.01242	0.12370	0.02533	0.58272	0.03025	0.02647	0.01920	0.01000	0.00815	0.00250	0.00719	0.00804	0.00977	0.01381
11	0.00989	0.00706	0.00942	0.01130	0.01177	0.00659	0.00753	0.01130	0.01554	0.02071	0.04472	0.70954	0.05367	0.02542	0.01036	0.00330	0.00471	0.02307	0.00753	0.00659
12	0.00989	0.00706	0.00942	0.01130	0.01177	0.00659	0.00753	0.01130	0.01554	0.02071	0.04472	0.70954	0.05367	0.02542	0.01036	0.00330	0.00471	0.02307	0.00753	0.00659
13	0.77215	0.01569	0.01193	0.01067	0.01569	0.01820	0.00879	0.02385	0.01381	0.03641	0.01130	0.01318	0.00879	0.00753	0.00502	0.00251	0.00628	0.00439	0.00502	0.00879
14	0.01115	0.00823	0.01041	0.00998	0.01194	0.00749	0.00744	0.01462	0.02200	0.03051	0.55085	0.09232	0.15782	0.01754	0.00961	0.00261	0.00391	0.01540	0.00867	0.00749
15	0.01122	0.00828	0.01047	0.00993	0.01196	0.00754	0.00745	0.01479	0.02234	0.03104	0.57825	0.06308	0.15919	0.01715	0.00957	0.00258	0.00387	0.01502	0.00873	0.00754
16	0.01644	0.01588	0.02232	0.01958	0.01981	0.02176	0.01611	0.01836	0.01269	0.01950	0.01412	0.05856	0.01442	0.02140	0.11810	0.00487	0.56546	0.00822	0.00389	0.00852
17	0.01599	0.01534	0.02448	0.51027	0.04639	0.01990	0.02122	0.02040	0.01518	0.02040	0.01339	0.02057	0.01077	0.00978	0.01320	0.00294	0.20003	0.00718	0.00359	0.00898
18	0.12275	0.01472	0.01628	0.01212	0.01888	0.01231	0.00973	0.02262	0.04573	0.05067	0.01546	0.01731	0.01244	0.00659	0.00605	0.00150	0.00610	0.00507	0.00518	0.59848
19	0.19050	0.01879	0.01979	0.01570	0.02148	0.02040	0.01283	0.34693	0.05727	0.15450	0.02079	0.02142	0.01497	0.03818	0.00882	0.00270	0.00784	0.00710	0.00766	0.01231
20	0.07368	0.10815	0.01836	0.01309	0.01516	0.01256	0.06265	0.01484	0.01239	0.01753	0.01369	0.02192	0.01302	0.02180	0.02406	0.53341	0.00779	0.00669	0.00368	0.00553
21	0.24684	0.06147	0.02000	0.01543	0.02091	0.10017	0.01265	0.19761	0.07292	0.12606	0.01935	0.02100	0.01454	0.00932	0.00706	0.00245	0.00830	0.02587	0.00672	0.01132
22	0.05338	0.01587	0.02259	0.34277	0.06301	0.01826	0.03704	0.09265	0.12992	0.07088	0.02106	0.06148	0.01664	0.00980	0.00817	0.00268	0.00908	0.00847	0.00565	0.01059
23	0.51714	0.01874	0.05550	0.01804	0.10949	0.01937	0.01324	0.11070	0.01810	0.03646	0.01320	0.01527	0.01016	0.00781	0.00604	0.00249	0.00746	0.00530	0.00522	0.01026

[dist]
# distance from previous block
# <min> <max>
2	13

[block]
# block no. 6 follows, 23 sequences, length 64
# corresponding to MSA columns:
# 253-316
name=unknown_G
#
# <colnr> <probs for GDERKNQSTAVLIFYWHMCP>
#	G	D	E	R	K	N	Q	S	T	A	V	L	I	F	Y	W	H	M	C	P
0	0.22478	0.09399	0.43581	0.01889	0.02852	0.01983	0.02274	0.02507	0.01616	0.02807	0.01338	0.01568	0.00988	0.00759	0.00675	0.00248	0.01013	0.00541	0.00387	0.01097
1	0.15487	0.10754	0.48667	0.01989	0.03009	0.02010	0.02444	0.02521	0.01646	0.02697	0.01363	0.01598	0.01002	0.00760	0.00696	0.00247	0.01060	0.00553	0.00372	0.01124
2	0.01655	0.01511	0.02493	0.55199	0.13519	0.01804	0.02193	0.04602	0.01719	0.02248	0.01473	0.02146	0.01135	0.00889	0.00908	0.03408	0.01042	0.00721	0.00384	0.00950
3	0.00986	0.00717	0.00930	0.01100	0.01169	0.00662	0.00740	0.01133	0.01582	0.02083	0.04831	0.64903	0.11185	0.02495	0.01028	0.00324	0.00465	0.02250	0.00753	0.00662
4	0.01926	0.01448	0.01605	0.01454	0.01853	0.01578	0.01134	0.03437	0.40503	0.09582	0.09445	0.04197	0.09106	0.04139	0.01001	0.00298	0.00614	0.04730	0.00825	0.01125
5	0.01097	0.00827	0.01013	0.00967	0.01181	0.00744	0.00725	0.01432	0.02175	0.02965	0.50282	0.06537	0.23548	0.01767	0.00958	0.00260	0.00390	0.01534	0.00855	0.00744
6	0.01791	0.04638	0.02557	0.02100	0.02128	0.02515	0.01759	0.01972	0.01259	0.01951	0.01068	0.01756	0.01064	0.01391	0.02576	0.00348	0.67179	0.00699	0.00355	0.00894
7	0.77215	0.01569	0.01193	0.01067	0.01569	0.01820	0.00879	0.02385	0.01381	0.03641	0.01130	0.01318	0.00879	0.00753	0.00502	0.00251	0.00628	0.00439	0.00502	0.00879
8	0.00989	0.00706	0.00942	0.01130	0.01177	0.00659	0.00753	0.01130	0.01554	0.02071	0.04472	0.70954	0.05367	0.02542	0.01036	0.00330	0.00471	0.02307	0.00753	0.00659
9	0.01042	0.00818	0.00942	0.00926	0.01151	0.00718	0.00689	0.01320	0.02025	0.02642	0.32896	0.10847	0.37260	0.01914	0.00963	0.00269	0.00402	0.01643	0.00814	0.00718
10	0.01683	0.01442	0.01683	0.01202	0.01923	0.01082	0.00961	0.02043	0.01683	0.02644	0.01442	0.01683	0.01202	0.00601	0.00601	0.00120	0.00601	0.00481	0.00481	0.76444
11	0.06594	0.03276	0.02284	0.02046	0.02374	0.49946	0.01579	0.02905	0.02013	0.02064	0.01205	0.01526	0.01041	0.00964	0.01156	0.00244	0.16887	0.00561	0.00408	0.00925
12	0.03023	0.02242	0.02401	0.01855	0.02493	0.02488	0.01527	0.60290	0.07341	0.05015	0.02026	0.02010	0.01443	0.00981	0.00813	0.00245	0.00878	0.00741	0.00813	0.01374
13	0.01683	0.01442	0.01683	0.01202	0.01923	0.01082	0.00961	0.02043	0.01683	0.02644	0.01442	0.01683	0.01202	0.00601	0.00601	0.00120	0.00601	0.00481	0.00481	0.76444
14	0.03641	0.01381	0.01883	0.01444	0.02071	0.01193	0.01193	0.03954	0.02322	0.66984	0.03201	0.02762	0.02009	0.01004	0.00816	0.00251	0.00690	0.00816	0.01004	0.01381
15	0.01644	0.01226	0.01296	0.01134	0.01521	0.01192	0.00891	0.15593	0.05351	0.06646	0.06279	0.05966	0.44737	0.01705	0.00911	0.00266	0.00547	0.01401	0.00785	0.00911
16	0.01980	0.01899	0.03242	0.08856	0.62770	0.01920	0.02476	0.02465	0.01834	0.02616	0.01521	0.02018	0.01273	0.00728	0.00804	0.00243	0.00971	0.00723	0.00399	0.01262
17	0.06130	0.00875	0.00860	0.00826	0.01056	0.00902	0.00631	0.04782	0.01780	0.03159	0.02524	0.02873	0.01975	0.00935	0.00575	0.00195	0.00417	0.00736	0.67977	0.00792
18	0.49010	0.01552	0.01491	0.01237	0.01789	0.01661	0.01020	0.06655	0.01833	0.24095	0.01846	0.01821	0.01273	0.00848	0.00622	0.00251	0.00664	0.00578	0.00683	0.01071
19	0.01873	0.06342	0.10467	0.07204	0.04043	0.02105	0.47838	0.02528	0.01835	0.02498	0.01558	0.02074	0.01185	0.00731	0.00976	0.00269	0.04130	0.00869	0.00395	0.01081
20	0.00970	0.00822	0.00838	0.00834	0.01103	0.00690	0.00625	0.01187	0.01876	0.02256	0.11688	0.07704	0.62584	0.02031	0.00959	0.00273	0.00409	0.01698	0.00762	0.00690
21	0.00998	0.00710	0.00939	0.01118	0.01163	0.00665	0.00741	0.01132	0.01536	0.02047	0.04380	0.67802	0.05251	0.05853	0.01184	0.00351	0.00486	0.02253	0.00741	0.00651
22	0.00959	0.00822	0.00822	0.00822	0.01096	0.00685	0.00617	0.01165	0.01850	0.02192	0.08220	0.07809	0.66092	0.02055	0.00959	0.00274	0.00411	0.01713	0.00754	0.00685
23	0.77215	0.01569	0.01193	0.01067	0.01569	0.01820	0.00879	0.02385	0.01381	0.03641	0.01130	0.01318	0.00879	0.00753	0.00502	0.00251	0.00628	0.00439	0.00502	0.00879
24	0.02169	0.71972	0.04252	0.01388	0.02083	0.03211	0.01388	0.02430	0.01649	0.01909	0.01128	0.01302	0.01041	0.00694	0.00521	0.00174	0.00868	0.00434	0.00347	0.01041
25	0.01611	0.04445	0.01374	0.01109	0.01397	0.00957	0.00867	0.01977	0.02269	0.13730	0.52393	0.05280	0.06394	0.01503	0.00912	0.00250	0.00458	0.01308	0.00885	0.00881
26	0.00989	0.00706	0.00942	0.01130	0.01177	0.00659	0.00753	0.01130	0.01554	0.02071	0.04472	0.70954	0.05367	0.02542	0.01036	0.00330	0.00471	0.02307	0.00753	0.00659
27	0.01125	0.00818	0.01060	0.01021	0.01204	0.00752	0.00757	0.01479	0.02210	0.03100	0.57841	0.11818	0.10262	0.01755	0.00964	0.00263	0.00392	0.01553	0.00874	0.00752
28	0.03641	0.01381	0.01883	0.01444	0.02071	0.01193	0.01193	0.03954	0.02322	0.66984	0.03201	0.02762	0.02009	0.01004	0.00816	0.00251	0.00690	0.00816	0.01004	0.01381
29	0.01146	0.00835	0.01082	0.01036	0.01232	0.00770	0.00788	0.01518	0.02245	0.03143	0.58967	0.06344	0.10992	0.01716	0.00967	0.00263	0.00406	0.04914	0.00876	0.00760
30	0.02214	0.68440	0.04151	0.01425	0.02105	0.06582	0.01398	0.02472	0.01682	0.01913	0.01135	0.01310	0.01042	0.00702	0.00532	0.00175	0.00899	0.00438	0.00351	0.01036
31	0.02169	0.71972	0.04252	0.01388	0.02083	0.03211	0.01388	0.02430	0.01649	0.01909	0.01128	0.01302	0.01041	0.00694	0.00521	0.00174	0.00868	0.00434	0.00347	0.01041
32	0.01137	0.00829	0.01069	0.01009	0.01205	0.00761	0.00756	0.01509	0.02269	0.03189	0.62446	0.06169	0.11244	0.01683	0.00957	0.00256	0.00385	0.01482	0.00885	0.00761
33	0.02121	0.65918	0.09881	0.01471	0.02210	0.03092	0.01532	0.02442	0.01654	0.01968	0.01157	0.01338	0.01040	0.00701	0.00543	0.00181	0.00897	0.00449	0.00347	0.01055
34	0.01148	0.00829	0.01085	0.01021	0.01212	0.00766	0.00766	0.01531	0.02297	0.03254	0.65994	0.06061	0.07656	0.01659	0.00957	0.00255	0.00383	0.01467	0.00893	0.00766
35	0.02175	0.01915	0.01917	0.01697	0.02171	0.05883	0.01325	0.09740	0.55692	0.03472	0.03059	0.02837	0.02293	0.01074	0.00819	0.00268	0.00713	0.00877	0.00801	0.01273
36	0.02795	0.02109	0.02270	0.01800	0.02391	0.02353	0.01469	0.49692	0.15168	0.04642	0.02213	0.02208	0.01616	0.01234	0.03935	0.00299	0.00905	0.00772	0.00797	0.01332
37	0.01627	0.04197	0.67279	0.02313	0.03512	0.01884	0.02998	0.02570	0.01713	0.02570	0.01456	0.01713	0.01028	0.00771	0.00771	0.00257	0.01199	0.00600	0.00343	0.01199
38	0.03031	0.03867	0.02299	0.02090	0.02508	0.68226	0.01568	0.03240	0.02299	0.01986	0.01254	0.01463	0.01045	0.00836	0.00732	0.00209	0.01463	0.00523	0.00418	0.00941
39	0.00959	0.00822	0.00822	0.00822	0.01096	0.00685	0.00617	0.01165	0.01850	0.02192	0.08220	0.07809	0.66092	0.02055	0.00959	0.00274	0.00411	0.01713	0.00754	0.00685
40	0.01627	0.04197	0.67279	0.02313	0.03512	0.01884	0.02998	0.02570	0.01713	0.02570	0.01456	0.01713	0.01028	0.00771	0.00771	0.00257	0.01199	0.00600	0.00343	0.01199
41	0.01532	0.01442	0.02434	0.69533	0.05589	0.01803	0.02253	0.02073	0.01622	0.02073	0.01442	0.02163	0.01082	0.00811	0.00811	0.00270	0.01082	0.00721	0.00361	0.00901
42	0.01148	0.00829	0.01085	0.01021	0.01212	0.00766	0.00766	0.01531	0.02297	0.03254	0.65994	0.06061	0.07656	0.01659	0.00957	0.00255	0.00383	0.01467	0.00893	0.00766
43	0.00989	0.00706	0.00942	0.01130	0.01177	0.00659	0.00753	0.01130	0.01554	0.02071	0.04472	0.70954	0.05367	0.02542	0.01036	0.00330	0.00471	0.02307	0.00753	0.00659
44	0.03085	0.02273	0.02435	0.01867	0.02516	0.02516	0.01542	0.63716	0.03815	0.05114	0.01948	0.01948	0.01380	0.00974	0.00812	0.00244	0.00893	0.00731	0.00812	0.01380
45	0.01513	0.00756	0.00756	0.00756	0.00945	0.00756	0.00567	0.01891	0.01702	0.03025	0.02647	0.03025	0.02080	0.00945	0.00567	0.00189	0.00378	0.00756	0.75988	0.00756
46	0.00959	0.00822	0.00822	0.00822	0.01096	0.00685	0.00617	0.01165	0.01850	0.02192	0.08220	0.07809	0.66092	0.02055	0.00959	0.00274	0.00411	0.01713	0.00754	0.00685
47	0.01756	0.01486	0.01722	0.01237	0.01954	0.01156	0.00992	0.05257	0.01794	0.02773	0.01469	0.01696	0.01211	0.00620	0.00612	0.00127	0.00616	0.00494	0.00498	0.72532
48	0.77215	0.01569	0.01193	0.01067	0.01569	0.01820	0.00879	0.02385	0.01381	0.03641	0.01130	0.01318	0.00879	0.00753	0.00502	0.00251	0.00628	0.00439	0.00502	0.00879
49	0.01683	0.01442	0.01683	0.01202	0.01923	0.01082	0.00961	0.02043	0.01683	0.02644	0.01442	0.01683	0.01202	0.00601	0.00601	0.00120	0.00601	0.00481	0.00481	0.76444
50	0.02033	0.01729	0.01837	0.01654	0.02108	0.01989	0.01297	0.06934	0.59096	0.03428	0.03288	0.03272	0.02532	0.01150	0.00839	0.00278	0.00659	0.03792	0.00821	0.01263
51	0.01915	0.02189	0.04788	0.03420	0.04241	0.02052	0.63475	0.02599	0.01915	0.02599	0.01642	0.02189	0.01231	0.00684	0.00958	0.00274	0.01368	0.00958	0.00410	0.01094
52	0.01141	0.00824	0.01078	0.01026	0.01211	0.00761	0.00765	0.01512	0.02262	0.03198	0.63092	0.09122	0.07548	0.01701	0.00961	0.00259	0.00387	0.01507	0.00887	0.00761
53	0.01725	0.01634	0.02693	0.41517	0.25380	0.01890	0.02262	0.02308	0.04607	0.02319	0.01536	0.02132	0.01213	0.00827	0.00906	0.00265	0.04614	0.00730	0.00395	0.01045
54	0.00989	0.00706	0.00942	0.01130	0.01177	0.00659	0.00753	0.01130	0.01554	0.02071	0.04472	0.70954	0.05367	0.02542	0.01036	0.00330	0.00471	0.02307	0.00753	0.00659
55	0.01971	0.01695	0.01794	0.01627	0.02067	0.01956	0.01260	0.04165	0.62030	0.03333	0.03357	0.06162	0.02610	0.01167	0.00835	0.00278	0.00634	0.00982	0.00822	0.01255
56	0.01006	0.00714	0.00936	0.01107	0.01150	0.00671	0.00729	0.01135	0.01519	0.02025	0.04294	0.64839	0.05142	0.08964	0.01324	0.00372	0.00500	0.02202	0.00729	0.00643
57	0.01604	0.04030	0.64000	0.02249	0.03398	0.01829	0.02887	0.02518	0.01742	0.02604	0.04653	0.01929	0.01356	0.00815	0.00780	0.00257	0.01159	0.00643	0.00370	0.01178
58	0.02084	0.01776	0.01872	0.01665	0.02135	0.02049	0.01300	0.07959	0.61202	0.03500	0.03219	0.02961	0.02410	0.01093	0.00825	0.00273	0.00658	0.00906	0.00825	0.01290
59	0.06039	0.01061	0.01375	0.01199	0.01553	0.00969	0.00932	0.02443	0.02159	0.27355	0.30437	0.13306	0.04846	0.01482	0.00890	0.00263	0.00524	0.01279	0.00896	0.00991
60	0.05593	0.04360	0.01818	0.01372	0.01896	0.01504	0.01126	0.18002	0.02516	0.29435	0.07080	0.03227	0.09159	0.01124	0.00792	0.00243	0.00666	0.00897	0.08014	0.01174
61	0.01751	0.05643	0.01851	0.01333	0.01866	0.01221	0.03856	0.02060	0.01714	0.08260	0.04692	0.12527	0.02237	0.04682	0.00961	0.00221	0.02874	0.00887	0.00570	0.40794
62	0.28150	0.04920	0.01473	0.01188	0.01601	0.01400	0.00965	0.02440	0.04797	0.14886	0.20826	0.05603	0.03471	0.01204	0.00755	0.00258	0.00582	0.03795	0.00735	0.00951
63	0.15701	0.29758	0.14615	0.04307	0.02418	0.06405	0.01612	0.02723	0.05013	0.08490	0.01515	0.01650	0.01176	0.00782	0.00631	0.00221	0.00902	0.00543	0.00465	0.01073

[dist]
# distance from previous block
# <min> <max>
3	10

[block]
# block no. 7 follows, 23 sequences, length 98
# corresponding to MSA columns:
# 327-351,353-377,382-427,429,430
name=unknown_H
#
# <colnr> <probs for GDERKNQSTAVLIFYWHMCP>
#	G	D	E	R	K	N	Q	S	T	A	V	L	I	F	Y	W	H	M	C	P
0	0.02015	0.05214	0.06413	0.01410	0.01862	0.01368	0.01218	0.05356	0.06498	0.17390	0.15545	0.09080	0.08172	0.01356	0.00967	0.00260	0.05005	0.03645	0.00750	0.06475
1	0.01789	0.01619	0.02558	0.24306	0.03576	0.01652	0.13777	0.09778	0.01946	0.02673	0.01783	0.06493	0.01527	0.03896	0.00946	0.00257	0.00948	0.00831	0.00486	0.19159
2	0.01974	0.01840	0.02631	0.30104	0.24756	0.06079	0.02121	0.09552	0.04608	0.02684	0.01729	0.02409	0.01408	0.00882	0.00819	0.00259	0.01011	0.03571	0.00468	0.01095
3	0.07363	0.01351	0.01613	0.05707	0.02060	0.01407	0.01208	0.05139	0.18281	0.11514	0.07587	0.09807	0.03089	0.01374	0.00863	0.00277	0.00668	0.12319	0.00750	0.07624
4	0.01951	0.01815	0.02988	0.23072	0.44575	0.01935	0.02355	0.06767	0.01925	0.02664	0.01533	0.02048	0.01234	0.00766	0.00806	0.00250	0.00992	0.00723	0.00419	0.01183
5	0.02731	0.01445	0.01798	0.01391	0.01994	0.01292	0.01128	0.07693	0.07409	0.34606	0.08106	0.02724	0.02278	0.00960	0.00772	0.00218	0.00651	0.00786	0.00827	0.21192
6	0.02919	0.02100	0.02284	0.01776	0.02393	0.02285	0.01454	0.52675	0.06272	0.08098	0.02163	0.04989	0.01626	0.01033	0.00814	0.00244	0.00841	0.00801	0.00806	0.04427
7	0.01784	0.01487	0.01887	0.01352	0.02076	0.01148	0.04909	0.02163	0.01726	0.05504	0.01533	0.01762	0.01240	0.00624	0.00633	0.00136	0.00653	0.00526	0.00500	0.68358
8	0.01813	0.01525	0.02049	0.01469	0.02197	0.01199	0.08143	0.02209	0.01743	0.06063	0.01559	0.01798	0.01248	0.00632	0.00653	0.00145	0.00694	0.00553	0.00501	0.63808
9	0.01273	0.00857	0.01124	0.01042	0.01255	0.00787	0.00787	0.01652	0.02298	0.06432	0.62862	0.05897	0.07375	0.01626	0.00950	0.00255	0.00398	0.01435	0.00899	0.00796
10	0.03085	0.02273	0.02435	0.01867	0.02516	0.02516	0.01542	0.63716	0.03815	0.05114	0.01948	0.01948	0.01380	0.00974	0.00812	0.00244	0.00893	0.00731	0.00812	0.01380
11	0.01985	0.02294	0.04631	0.03336	0.04132	0.06220	0.59576	0.02640	0.01939	0.02561	0.01617	0.02143	0.01219	0.00694	0.00943	0.00270	0.01374	0.00930	0.00411	0.01085
12	0.00989	0.00706	0.00942	0.01130	0.01177	0.00659	0.00753	0.01130	0.01554	0.02071	0.04472	0.70954	0.05367	0.02542	0.01036	0.00330	0.00471	0.02307	0.00753	0.00659
13	0.01148	0.00829	0.01085	0.01021	0.01212	0.00766	0.00766	0.01531	0.02297	0.03254	0.65994	0.06061	0.07656	0.01659	0.00957	0.00255	0.00383	0.01467	0.00893	0.00766
14	0.01597	0.01508	0.02550	0.60805	0.13814	0.01820	0.02285	0.02130	0.01653	0.02151	0.01454	0.02142	0.01109	0.00799	0.00810	0.00266	0.01066	0.00721	0.00366	0.00953
15	0.00989	0.00706	0.00942	0.01130	0.01177	0.00659	0.00753	0.01130	0.01554	0.02071	0.04472	0.70954	0.05367	0.02542	0.01036	0.00330	0.00471	0.02307	0.00753	0.00659
16	0.00989	0.00706	0.00942	0.01130	0.01177	0.00659	0.00753	0.01130	0.01554	0.02071	0.04472	0.70954	0.05367	0.02542	0.01036	0.00330	0.00471	0.02307	0.00753	0.00659
17	0.01409	0.00705	0.01057	0.01057	0.01057	0.00705	0.00705	0.01057	0.01057	0.01409	0.01409	0.02467	0.01409	0.02819	0.03171	0.76392	0.00705	0.00705	0.00352	0.00352
18	0.77215	0.01569	0.01193	0.01067	0.01569	0.01820	0.00879	0.02385	0.01381	0.03641	0.01130	0.01318	0.00879	0.00753	0.00502	0.00251	0.00628	0.00439	0.00502	0.00879
