[name]
unknown

[dist]
# distance from previous block
# <min> <max>
8	13

[block]
# block no. 0 follows, 25 sequences, length 33
# corresponding to MSA columns:
# 13-45
name=unknown_A
#
# <colnr> <probs for GDERKNQSTAVLIFYWHMCP>
#	G	D	E	R	K	N	Q	S	T	A	V	L	I	F	Y	W	H	M	C	P
0	0.15113	0.02348	0.02111	0.01700	0.02257	0.14880	0.01376	0.43484	0.02998	0.04099	0.01611	0.01677	0.01181	0.00872	0.00713	0.00228	0.00914	0.00616	0.00657	0.01163
1	0.03180	0.01438	0.01829	0.01442	0.02016	0.01362	0.01178	0.08198	0.13164	0.52949	0.02990	0.02627	0.01952	0.00973	0.00781	0.00243	0.00666	0.00790	0.00918	0.01304
2	0.02896	0.03695	0.02197	0.01998	0.02397	0.69638	0.01498	0.03096	0.02197	0.01898	0.01199	0.01398	0.00999	0.00799	0.00699	0.00200	0.01398	0.00499	0.00400	0.00899
3	0.00945	0.00675	0.00900	0.01080	0.01125	0.00630	0.00720	0.01080	0.01484	0.01979	0.04274	0.72245	0.05128	0.02429	0.00990	0.00315	0.00450	0.02204	0.00720	0.00630
4	0.00945	0.00675	0.00900	0.01080	0.01125	0.00630	0.00720	0.01080	0.01484	0.01979	0.04274	0.72245	0.05128	0.02429	0.00990	0.00315	0.00450	0.02204	0.00720	0.00630
5	0.01128	0.00752	0.00846	0.00846	0.00846	0.00752	0.00470	0.01128	0.01128	0.01503	0.02443	0.05074	0.02819	0.72751	0.03946	0.00752	0.00752	0.01128	0.00470	0.00470
6	0.02947	0.02172	0.02327	0.01784	0.02404	0.02404	0.01474	0.65329	0.03646	0.04887	0.01862	0.01862	0.01319	0.00931	0.00776	0.00233	0.00853	0.00698	0.00776	0.01319
7	0.10043	0.06543	0.01885	0.01396	0.01945	0.01549	0.01148	0.03626	0.19684	0.39707	0.02757	0.02479	0.01874	0.00941	0.00734	0.00241	0.00653	0.00746	0.00823	0.01226
8	0.03391	0.01442	0.04846	0.01417	0.02042	0.01170	0.01218	0.03718	0.02193	0.65447	0.02983	0.02593	0.01877	0.00950	0.00778	0.00240	0.00682	0.00770	0.00931	0.01312
9	0.01608	0.01378	0.01608	0.01148	0.01837	0.01034	0.00919	0.01952	0.01608	0.02527	0.01378	0.01608	0.01148	0.00574	0.00574	0.00115	0.00574	0.00459	0.00459	0.77491
10	0.01579	0.07206	0.65748	0.02169	0.03293	0.01859	0.02794	0.02449	0.01634	0.02426	0.01377	0.01619	0.00983	0.00733	0.00726	0.00242	0.01131	0.00566	0.00328	0.01139
11	0.01128	0.00752	0.00846	0.00846	0.00846	0.00752	0.00470	0.01128	0.01128	0.01503	0.02443	0.05074	0.02819	0.72751	0.03946	0.00752	0.00752	0.01128	0.00470	0.00470
12	0.02856	0.03430	0.02220	0.01973	0.02384	0.58746	0.01503	0.10726	0.02337	0.02265	0.01273	0.01467	0.01039	0.00837	0.00780	0.00209	0.04032	0.00531	0.00444	0.00949
13	0.01105	0.00742	0.00852	0.00874	0.00880	0.00737	0.00500	0.01122	0.01171	0.01562	0.02667	0.13310	0.03102	0.64129	0.03584	0.00698	0.00715	0.01260	0.00500	0.00489
14	0.02789	0.03191	0.02271	0.02147	0.07281	0.49412	0.01547	0.14271	0.05346	0.02543	0.01426	0.01588	0.01136	0.00826	0.00722	0.00211	0.01229	0.00567	0.00484	0.01014
15	0.00963	0.00689	0.00917	0.01067	0.01129	0.00642	0.00721	0.01127	0.01572	0.02119	0.12066	0.64055	0.05398	0.02325	0.00980	0.00306	0.00439	0.02105	0.00736	0.00642
16	0.01608	0.01378	0.01608	0.01148	0.01837	0.01034	0.00919	0.01952	0.01608	0.02527	0.01378	0.01608	0.01148	0.00574	0.00574	0.00115	0.00574	0.00459	0.00459	0.77491
17	0.01128	0.00752	0.00846	0.00846	0.00846	0.00752	0.00470	0.01128	0.01128	0.01503	0.02443	0.05074	0.02819	0.72751	0.03946	0.00752	0.00752	0.01128	0.00470	0.00470
18	0.01035	0.00798	0.00967	0.01066	0.01253	0.00730	0.00840	0.01273	0.01713	0.02146	0.05821	0.21728	0.32898	0.02123	0.00984	0.00305	0.00514	0.22418	0.00718	0.00669
19	0.01608	0.01378	0.01608	0.01148	0.01837	0.01034	0.00919	0.01952	0.01608	0.02527	0.01378	0.01608	0.01148	0.00574	0.00574	0.00115	0.00574	0.00459	0.00459	0.77491
20	0.01109	0.00800	0.01052	0.01009	0.01192	0.00744	0.00770	0.01474	0.02164	0.03050	0.62764	0.06013	0.07103	0.01627	0.00926	0.00252	0.00392	0.05986	0.00843	0.00730
21	0.08299	0.02124	0.02243	0.01730	0.02340	0.02357	0.01429	0.60846	0.03480	0.04786	0.01806	0.01819	0.01285	0.00916	0.00755	0.00233	0.00835	0.00678	0.00755	0.01285
22	0.01830	0.02092	0.04575	0.03268	0.04052	0.01961	0.65098	0.02484	0.01830	0.02484	0.01569	0.02092	0.01176	0.00654	0.00915	0.00261	0.01307	0.00915	0.00392	0.01046
23	0.03479	0.01320	0.01799	0.01380	0.01979	0.01140	0.01140	0.03779	0.02219	0.68451	0.03059	0.02639	0.01919	0.00960	0.00780	0.00240	0.00660	0.00780	0.00960	0.01320
24	0.07428	0.01780	0.01888	0.01587	0.02096	0.01998	0.01269	0.22350	0.38338	0.08786	0.02622	0.02455	0.01916	0.00986	0.00764	0.00251	0.00688	0.00785	0.00778	0.01236
25	0.69215	0.04252	0.01269	0.01038	0.01520	0.01729	0.00862	0.02334	0.01381	0.06386	0.01220	0.01378	0.00934	0.00735	0.00496	0.00235	0.00603	0.00447	0.03100	0.00864
26	0.01708	0.01437	0.01662	0.01196	0.01880	0.01136	0.00960	0.06692	0.01760	0.02703	0.01414	0.01627	0.01161	0.00601	0.00589	0.00124	0.00595	0.00477	0.00483	0.71794
27	0.03114	0.01290	0.01716	0.01352	0.01896	0.01156	0.01104	0.03563	0.07025	0.56758	0.09789	0.02987	0.02516	0.01032	0.00794	0.00242	0.00626	0.00852	0.00936	0.01251
28	0.01087	0.00785	0.01027	0.00982	0.01156	0.00725	0.00731	0.01438	0.02148	0.03034	0.63300	0.10211	0.07170	0.01641	0.00919	0.00249	0.00371	0.01456	0.00845	0.00725
29	0.00978	0.00695	0.00919	0.01086	0.01137	0.00656	0.00737	0.01118	0.01479	0.01968	0.04132	0.63247	0.04920	0.07409	0.01205	0.00349	0.00489	0.06150	0.00702	0.00624
30	0.02814	0.02016	0.02196	0.01692	0.02305	0.02177	0.01391	0.51990	0.07567	0.09114	0.01995	0.01966	0.01418	0.00913	0.00761	0.00226	0.00802	0.00697	0.00765	0.07193
31	0.72457	0.01486	0.01191	0.01047	0.01537	0.01693	0.00863	0.02395	0.01389	0.08495	0.01232	0.01366	0.00923	0.00738	0.00503	0.00240	0.00604	0.00448	0.00517	0.00877
32	0.01920	0.54905	0.18622	0.01514	0.02270	0.02696	0.01654	0.02321	0.01612	0.02014	0.03548	0.01497	0.01220	0.00713	0.00567	0.00187	0.00884	0.00486	0.00350	0.01020

[dist]
# distance from previous block
# <min> <max>
0	3

[block]
# block no. 1 follows, 25 sequences, length 16
# corresponding to MSA columns:
# 49-64
name=unknown_B
#
# <colnr> <probs for GDERKNQSTAVLIFYWHMCP>
#	G	D	E	R	K	N	Q	S	T	A	V	L	I	F	Y	W	H	M	C	P
0	0.02271	0.07625	0.02015	0.01528	0.02022	0.01935	0.01237	0.16732	0.34961	0.11086	0.07952	0.02743	0.02381	0.01027	0.00771	0.00244	0.00668	0.00832	0.00773	0.01198
1	0.02020	0.50466	0.19645	0.01580	0.02357	0.02705	0.01713	0.07605	0.01763	0.02233	0.01219	0.01391	0.01019	0.00703	0.00579	0.00191	0.00908	0.00477	0.00368	0.01059
2	0.01097	0.00793	0.01036	0.00975	0.01158	0.00732	0.00732	0.01463	0.02195	0.03109	0.67505	0.05792	0.07316	0.01585	0.00914	0.00244	0.00366	0.01402	0.00854	0.00732
3	0.78228	0.01499	0.01140	0.01020	0.01499	0.01739	0.00840	0.02279	0.01320	0.03479	0.01080	0.01260	0.00840	0.00720	0.00480	0.00240	0.00600	0.00420	0.00480	0.00840
4	0.01555	0.04011	0.68733	0.02210	0.03356	0.01801	0.02865	0.02455	0.01637	0.02455	0.01391	0.01637	0.00982	0.00737	0.00737	0.00246	0.01146	0.00573	0.00327	0.01146
5	0.01555	0.04011	0.68733	0.02210	0.03356	0.01801	0.02865	0.02455	0.01637	0.02455	0.01391	0.01637	0.00982	0.00737	0.00737	0.00246	0.01146	0.00573	0.00327	0.01146
6	0.02073	0.73217	0.04063	0.01327	0.01990	0.03068	0.01327	0.02322	0.01575	0.01824	0.01078	0.01244	0.00995	0.00663	0.00498	0.00166	0.00829	0.00415	0.00332	0.00995
7	0.02826	0.02107	0.02327	0.07428	0.02644	0.02349	0.01529	0.60155	0.03474	0.04649	0.01822	0.01878	0.01295	0.00918	0.00776	0.00235	0.00868	0.00697	0.00740	0.01281
8	0.01128	0.00752	0.00846	0.00846	0.00846	0.00752	0.00470	0.01128	0.01128	0.01503	0.02443	0.05074	0.02819	0.72751	0.03946	0.00752	0.00752	0.01128	0.00470	0.00470
9	0.00964	0.00690	0.00917	0.01067	0.01129	0.00643	0.00721	0.01128	0.01574	0.02121	0.12227	0.63886	0.05403	0.02323	0.00980	0.00306	0.00439	0.02103	0.00737	0.00643
10	0.78228	0.01499	0.01140	0.01020	0.01499	0.01739	0.00840	0.02279	0.01320	0.03479	0.01080	0.01260	0.00840	0.00720	0.00480	0.00240	0.00600	0.00420	0.00480	0.00840
11	0.01830	0.02092	0.04575	0.03268	0.04052	0.01961	0.65098	0.02484	0.01830	0.02484	0.01569	0.02092	0.01176	0.00654	0.00915	0.00261	0.01307	0.00915	0.00392	0.01046
12	0.02149	0.01734	0.01795	0.01573	0.02028	0.04861	0.01233	0.09039	0.50552	0.08641	0.05571	0.02838	0.02384	0.01045	0.00788	0.00255	0.00662	0.00858	0.00787	0.01208
13	0.02882	0.02139	0.02290	0.01771	0.02379	0.02374	0.01458	0.61381	0.07700	0.04781	0.01945	0.01928	0.01386	0.00939	0.00777	0.00235	0.00838	0.00710	0.00777	0.01313
14	0.35168	0.07865	0.07255	0.04032	0.02140	0.02017	0.01304	0.21480	0.02138	0.07855	0.01481	0.01591	0.01087	0.00798	0.00622	0.00233	0.00760	0.00550	0.00571	0.01054
15	0.02661	0.02996	0.02052	0.01835	0.02254	0.47092	0.01397	0.06346	0.15010	0.05325	0.04351	0.01948	0.01579	0.00894	0.00733	0.00217	0.01142	0.00632	0.00538	0.00997

[dist]
# distance from previous block
# <min> <max>
2	5

[block]
# block no. 2 follows, 25 sequences, length 9
# corresponding to MSA columns:
# 70-78
name=unknown_C
#
# <colnr> <probs for GDERKNQSTAVLIFYWHMCP>
#	G	D	E	R	K	N	Q	S	T	A	V	L	I	F	Y	W	H	M	C	P
0	0.02928	0.01939	0.02162	0.01650	0.02273	0.02041	0.01360	0.47951	0.03192	0.16742	0.02045	0.01986	0.01417	0.00904	0.00758	0.00223	0.00791	0.00692	0.00782	0.08161
1	0.01929	0.01666	0.01753	0.01578	0.02016	0.01929	0.01227	0.04120	0.66513	0.03243	0.03156	0.02893	0.02367	0.01052	0.00789	0.00263	0.00614	0.00877	0.00789	0.01227
2	0.01104	0.00755	0.00839	0.00839	0.00868	0.00741	0.00483	0.01126	0.01198	0.01568	0.03035	0.05335	0.09906	0.65007	0.03615	0.00698	0.00712	0.01183	0.00497	0.00490
3	0.02845	0.02673	0.02164	0.01816	0.02322	0.29975	0.01428	0.27559	0.10485	0.08372	0.01836	0.01854	0.01359	0.00893	0.00746	0.00223	0.01034	0.00644	0.00636	0.01135
4	0.01108	0.00831	0.01246	0.01246	0.01385	0.00969	0.00969	0.01385	0.01246	0.01800	0.02077	0.03046	0.01938	0.05815	0.69678	0.01246	0.02077	0.00831	0.00415	0.00692
5	0.01128	0.00752	0.00846	0.00846	0.00846	0.00752	0.00470	0.01128	0.01128	0.01503	0.02443	0.05074	0.02819	0.72751	0.03946	0.00752	0.00752	0.01128	0.00470	0.00470
6	0.03033	0.02035	0.02242	0.01719	0.02336	0.02201	0.01420	0.55417	0.03416	0.15123	0.02054	0.01987	0.01415	0.00935	0.00776	0.00234	0.00822	0.00711	0.00805	0.01319
7	0.02876	0.02608	0.02317	0.02095	0.08255	0.25564	0.01539	0.33573	0.02870	0.08319	0.01684	0.01763	0.01244	0.00866	0.00749	0.00222	0.01034	0.00635	0.00624	0.01165
8	0.02132	0.01717	0.01943	0.01485	0.02075	0.01712	0.01207	0.25369	0.07522	0.03399	0.01670	0.01811	0.01298	0.00804	0.00818	0.00187	0.06151	0.00597	0.00593	0.37512

[dist]
# distance from previous block
# <min> <max>
1	3

[block]
# block no. 3 follows, 25 sequences, length 20
# corresponding to MSA columns:
# 82-101
name=unknown_D
#
# <colnr> <probs for GDERKNQSTAVLIFYWHMCP>
#	G	D	E	R	K	N	Q	S	T	A	V	L	I	F	Y	W	H	M	C	P
0	0.02659	0.02121	0.02158	0.01739	0.02295	0.06276	0.01406	0.44475	0.21170	0.04248	0.02185	0.02123	0.01593	0.00957	0.00775	0.00239	0.00819	0.00736	0.00757	0.01268
1	0.02916	0.02210	0.02276	0.01774	0.02373	0.06272	0.01453	0.56915	0.06363	0.06705	0.01920	0.01906	0.01367	0.00930	0.00772	0.00232	0.00868	0.00697	0.00760	0.01290
2	0.02073	0.73217	0.04063	0.01327	0.01990	0.03068	0.01327	0.02322	0.01575	0.01824	0.01078	0.01244	0.00995	0.00663	0.00498	0.00166	0.00829	0.00415	0.00332	0.00995
3	0.01608	0.01378	0.01608	0.01148	0.01837	0.01034	0.00919	0.01952	0.01608	0.02527	0.01378	0.01608	0.01148	0.00574	0.00574	0.00115	0.00574	0.00459	0.00459	0.77491
4	0.01118	0.00748	0.00848	0.00858	0.00860	0.00745	0.00483	0.01125	0.01146	0.01528	0.02537	0.08539	0.02938	0.69123	0.03794	0.00729	0.00736	0.01183	0.00483	0.00478
5	0.03452	0.01362	0.01826	0.01400	0.02001	0.01203	0.01156	0.06863	0.02291	0.65265	0.02999	0.02600	0.01889	0.00958	0.00780	0.00240	0.00669	0.00776	0.00950	0.01319
6	0.07233	0.02134	0.02259	0.01740	0.02353	0.02367	0.01438	0.61739	0.03513	0.04806	0.01817	0.01827	0.01291	0.00919	0.00759	0.00233	0.00839	0.00682	0.00759	0.01291
7	0.00916	0.00785	0.00785	0.00785	0.01047	0.00655	0.00589	0.01113	0.01767	0.02095	0.07855	0.07462	0.67599	0.01964	0.00916	0.00262	0.00393	0.01636	0.00720	0.00655
8	0.78228	0.01499	0.01140	0.01020	0.01499	0.01739	0.00840	0.02279	0.01320	0.03479	0.01080	0.01260	0.00840	0.00720	0.00480	0.00240	0.00600	0.00420	0.00480	0.00840
9	0.01769	0.01928	0.03786	0.06156	0.03512	0.02017	0.43315	0.02281	0.01644	0.02304	0.01411	0.01970	0.01128	0.00835	0.01309	0.00275	0.19094	0.00826	0.00379	0.04060
10	0.02315	0.01988	0.03136	0.02314	0.02984	0.02000	0.27998	0.29570	0.02596	0.05728	0.01844	0.04898	0.01425	0.00852	0.00828	0.00240	0.00999	0.00837	0.00596	0.06853
11	0.01946	0.01611	0.02024	0.01504	0.02144	0.01473	0.07335	0.16602	0.05890	0.03123	0.01673	0.01857	0.01306	0.00709	0.00664	0.00168	0.00701	0.00597	0.04664	0.44008
12	0.06318	0.00948	0.01023	0.00935	0.01188	0.00953	0.00704	0.06433	0.01758	0.11248	0.02556	0.07002	0.02146	0.09532	0.01016	0.00271	0.00500	0.00845	0.43811	0.00813
13	0.01667	0.01272	0.01492	0.01153	0.01707	0.01034	0.00904	0.05318	0.01731	0.05809	0.01972	0.11531	0.01808	0.00893	0.00650	0.00160	0.00560	0.00749	0.06231	0.53359
14	0.01577	0.01346	0.01575	0.01145	0.01805	0.01015	0.00910	0.01912	0.01602	0.02501	0.01511	0.04844	0.01331	0.00659	0.00593	0.00124	0.00569	0.00539	0.00471	0.73970
15	0.01986	0.01463	0.01814	0.01331	0.01996	0.01215	0.03737	0.06293	0.04774	0.12227	0.01740	0.01851	0.01327	0.00677	0.00641	0.00153	0.00637	0.00559	0.00563	0.55018
16	0.06868	0.01501	0.01748	0.01394	0.01939	0.01482	0.01126	0.13489	0.14415	0.26346	0.07875	0.02583	0.02173	0.00951	0.00743	0.00224	0.00642	0.00766	0.00784	0.12947
17	0.01945	0.01137	0.01420	0.01274	0.01613	0.01073	0.00974	0.11472	0.02037	0.18748	0.05728	0.32989	0.03444	0.01622	0.00866	0.00263	0.00580	0.03605	0.00766	0.08443
18	0.02861	0.01939	0.02104	0.01634	0.02235	0.04438	0.01336	0.39861	0.07808	0.17809	0.02142	0.02062	0.01496	0.00909	0.00757	0.00225	0.00790	0.00700	0.00773	0.08119
19	0.06339	0.01343	0.01669	0.01376	0.01807	0.01339	0.03754	0.13828	0.07343	0.22042	0.15154	0.08561	0.06883	0.03846	0.00934	0.00268	0.00632	0.01045	0.00793	0.01043

[dist]
# distance from previous block
# <min> <max>
23	39

[block]
# block no. 4 follows, 25 sequences, length 8
# corresponding to MSA columns:
# 146-153
name=unknown_E
#
# <colnr> <probs for GDERKNQSTAVLIFYWHMCP>
#	G	D	E	R	K	N	Q	S	T	A	V	L	I	F	Y	W	H	M	C	P
0	0.71016	0.01564	0.01253	0.01093	0.01586	0.01803	0.00900	0.08319	0.01542	0.03614	0.01155	0.01317	0.00886	0.00740	0.00508	0.00239	0.00624	0.00447	0.00508	0.00886
1	0.09425	0.02641	0.02180	0.01792	0.02324	0.25620	0.01427	0.38347	0.02944	0.03730	0.01565	0.01649	0.01167	0.00867	0.00724	0.00222	0.01020	0.00605	0.00620	0.01132
2	0.08224	0.01330	0.01602	0.01335	0.01768	0.01352	0.01071	0.07327	0.13361	0.28224	0.19480	0.03305	0.03238	0.01133	0.00861	0.00248	0.03296	0.00921	0.00829	0.01096
3	0.01702	0.00994	0.01284	0.01153	0.01449	0.00942	0.00905	0.02220	0.08050	0.17238	0.42772	0.05069	0.05473	0.01443	0.00886	0.00253	0.00479	0.05924	0.00860	0.00903
4	0.01400	0.01283	0.01342	0.01309	0.01470	0.12065	0.00982	0.01624	0.01383	0.01772	0.01988	0.03076	0.01915	0.14799	0.48880	0.01004	0.01773	0.00820	0.00421	0.00693
5	0.01795	0.01982	0.04086	0.02939	0.03665	0.01873	0.53581	0.02383	0.01765	0.02452	0.01513	0.02010	0.01164	0.00686	0.00970	0.00248	0.05367	0.00846	0.00397	0.10278
6	0.14446	0.02243	0.02031	0.01659	0.02199	0.14563	0.01335	0.34229	0.08669	0.08457	0.01822	0.01833	0.01324	0.00887	0.00718	0.00231	0.00879	0.00641	0.00675	0.01159
7	0.01632	0.01400	0.01619	0.01181	0.01851	0.01102	0.00942	0.02119	0.06601	0.02582	0.01515	0.01707	0.01242	0.00611	0.00591	0.00126	0.00577	0.00491	0.00485	0.71624

[dist]
# distance from previous block
# <min> <max>
0	1

[block]
# block no. 5 follows, 25 sequences, length 9
# corresponding to MSA columns:
# 155-163
name=unknown_F
#
# <colnr> <probs for GDERKNQSTAVLIFYWHMCP>
#	G	D	E	R	K	N	Q	S	T	A	V	L	I	F	Y	W	H	M	C	P
0	0.01369	0.00990	0.01505	0.01424	0.01688	0.00930	0.07939	0.01694	0.01816	0.07487	0.11887	0.18673	0.12411	0.01851	0.00978	0.00304	0.00643	0.24918	0.00717	0.00776
1	0.44024	0.01550	0.01545	0.04543	0.01942	0.01687	0.01075	0.12271	0.01915	0.20201	0.01718	0.01742	0.01197	0.00816	0.00616	0.00240	0.00674	0.00567	0.00641	0.01036
2	0.07582	0.01477	0.02079	0.36518	0.03682	0.01727	0.04433	0.06792	0.14710	0.04605	0.01892	0.02239	0.01412	0.00847	0.00744	0.00250	0.00853	0.00722	0.06462	0.00975
3	0.01696	0.01482	0.02063	0.07124	0.02181	0.01862	0.03782	0.11045	0.01624	0.02341	0.01547	0.02265	0.01393	0.05385	0.17724	0.00539	0.31465	0.00748	0.02867	0.00868
4	0.01780	0.01537	0.01612	0.01462	0.01874	0.01742	0.01134	0.03680	0.57032	0.03075	0.03844	0.03562	0.11919	0.01185	0.00808	0.00263	0.00581	0.00988	0.00779	0.01143
5	0.01805	0.01487	0.01730	0.01312	0.01898	0.01332	0.01051	0.13360	0.01942	0.02873	0.01665	0.07043	0.01475	0.00827	0.00761	0.00165	0.04861	0.00649	0.00529	0.53236
6	0.01732	0.01452	0.01674	0.01207	0.01890	0.01161	0.00970	0.07822	0.01797	0.02745	0.01423	0.01631	0.01164	0.00607	0.00593	0.00126	0.00600	0.00481	0.00489	0.70436
7	0.01794	0.01494	0.01762	0.05974	0.02158	0.01281	0.01084	0.11235	0.01902	0.02835	0.01449	0.01676	0.01166	0.00640	0.00617	0.00142	0.00646	0.00510	0.00498	0.61136
8	0.02603	0.02596	0.02048	0.01777	0.02231	0.31715	0.01380	0.12194	0.20268	0.07894	0.01982	0.01992	0.01502	0.00911	0.00794	0.00227	0.03177	0.00659	0.00605	0.03445

[dist]
# distance from previous block
# <min> <max>
3	9

[block]
# block no. 6 follows, 25 sequences, length 37
# corresponding to MSA columns:
# 173-209
name=unknown_G
#
# <colnr> <probs for GDERKNQSTAVLIFYWHMCP>
#	G	D	E	R	K	N	Q	S	T	A	V	L	I	F	Y	W	H	M	C	P
0	0.01664	0.01403	0.01615	0.01215	0.01841	0.01159	0.00963	0.05125	0.07746	0.02675	0.01731	0.05747	0.01496	0.00741	0.00627	0.00146	0.00584	0.00609	0.00520	0.62394
1	0.01608	0.01378	0.01608	0.01148	0.01837	0.01034	0.00919	0.01952	0.01608	0.02527	0.01378	0.01608	0.01148	0.00574	0.00574	0.00115	0.00574	0.00459	0.00459	0.77491
2	0.01730	0.01478	0.01805	0.01299	0.01987	0.01191	0.03917	0.07296	0.01789	0.02723	0.01427	0.01651	0.01164	0.00608	0.00607	0.00131	0.00631	0.00500	0.00483	0.67582
3	0.08188	0.01465	0.01744	0.01285	0.01944	0.01236	0.03765	0.05067	0.04283	0.05040	0.01513	0.01698	0.01207	0.00639	0.00606	0.00147	0.00626	0.00515	0.00503	0.58529
4	0.01794	0.02028	0.04370	0.03149	0.03880	0.01927	0.60677	0.02413	0.01796	0.02445	0.01647	0.04588	0.01313	0.00741	0.00972	0.00266	0.03616	0.00953	0.00402	0.01024
5	0.02324	0.01275	0.01626	0.01468	0.01877	0.01262	0.01236	0.10552	0.07953	0.26511	0.03365	0.05169	0.02969	0.01468	0.00904	0.00291	0.00703	0.27179	0.00817	0.01053
6	0.02062	0.01991	0.03497	0.02549	0.03259	0.01944	0.38180	0.16746	0.06849	0.03087	0.01725	0.02037	0.01290	0.00735	0.00832	0.00237	0.01064	0.00807	0.00516	0.10594
7	0.01757	0.08424	0.02841	0.05226	0.02735	0.01645	0.21946	0.05134	0.04960	0.02533	0.01686	0.05835	0.01431	0.00763	0.00731	0.00198	0.00867	0.00745	0.00465	0.30077
8	0.01955	0.01987	0.04120	0.02985	0.03674	0.01934	0.53316	0.02530	0.01798	0.07958	0.01638	0.02097	0.01223	0.00750	0.01069	0.00268	0.08337	0.00880	0.00434	0.01049
9	0.13407	0.01845	0.01989	0.01557	0.02109	0.02001	0.01274	0.40156	0.02829	0.12388	0.01876	0.02006	0.01378	0.04230	0.00933	0.00256	0.03231	0.00676	0.00712	0.05147
10	0.01330	0.01159	0.01648	0.01526	0.01596	0.01491	0.01213	0.01540	0.01235	0.01824	0.01840	0.07814	0.01858	0.07262	0.34439	0.00790	0.29398	0.00889	0.00411	0.00738
11	0.02896	0.03695	0.02197	0.01998	0.02397	0.69638	0.01498	0.03096	0.02197	0.01898	0.01199	0.01398	0.00999	0.00799	0.00699	0.00200	0.01398	0.00499	0.00400	0.00899
12	0.01608	0.01378	0.01608	0.01148	0.01837	0.01034	0.00919	0.01952	0.01608	0.02527	0.01378	0.01608	0.01148	0.00574	0.00574	0.00115	0.00574	0.00459	0.00459	0.77491
13	0.01108	0.00831	0.01246	0.01246	0.01385	0.00969	0.00969	0.01385	0.01246	0.01800	0.02077	0.03046	0.01938	0.05815	0.69678	0.01246	0.02077	0.00831	0.00415	0.00692
14	0.01464	0.01378	0.02326	0.70887	0.05340	0.01723	0.02153	0.01981	0.01550	0.01981	0.01378	0.02067	0.01034	0.00775	0.00775	0.00258	0.01034	0.00689	0.00345	0.00861
15	0.01696	0.01696	0.02375	0.02036	0.02036	0.02375	0.01696	0.01866	0.01187	0.01866	0.01018	0.01696	0.01018	0.01357	0.02545	0.00339	0.71332	0.00679	0.00339	0.00848
16	0.01929	0.01666	0.01753	0.01578	0.02016	0.01929	0.01227	0.04120	0.66513	0.03243	0.03156	0.02893	0.02367	0.01052	0.00789	0.00263	0.00614	0.00877	0.00789	0.01227
17	0.02192	0.01400	0.01695	0.01243	0.01904	0.01128	0.01007	0.05481	0.01875	0.20988	0.01869	0.01907	0.01371	0.00698	0.00641	0.00155	0.00611	0.00560	0.00614	0.52660
18	0.01869	0.01362	0.01535	0.01392	0.01746	0.01464	0.01067	0.12427	0.27454	0.08886	0.05986	0.22339	0.06204	0.01472	0.00853	0.00270	0.00589	0.01266	0.00782	0.01037
19	0.02947	0.02172	0.02327	0.01784	0.02404	0.02404	0.01474	0.65329	0.03646	0.04887	0.01862	0.01862	0.01319	0.00931	0.00776	0.00233	0.00853	0.00698	0.00776	0.01319
20	0.02947	0.02172	0.02327	0.01784	0.02404	0.02404	0.01474	0.65329	0.03646	0.04887	0.01862	0.01862	0.01319	0.00931	0.00776	0.00233	0.00853	0.00698	0.00776	0.01319
21	0.01575	0.01491	0.02526	0.54788	0.20574	0.01752	0.02208	0.02078	0.01603	0.02115	0.01398	0.02031	0.01081	0.00755	0.00773	0.00252	0.01006	0.00689	0.00354	0.00951
22	0.03361	0.01294	0.01762	0.01360	0.01939	0.01119	0.01119	0.03665	0.02218	0.65230	0.06235	0.02794	0.02185	0.00990	0.00786	0.00240	0.00645	0.00810	0.00954	0.01291
23	0.02836	0.02556	0.02369	0.02124	0.08606	0.20682	0.01566	0.42400	0.03073	0.03849	0.01643	0.01741	0.01223	0.00872	0.00754	0.00223	0.01008	0.00643	0.00636	0.01196
24	0.01608	0.01378	0.01608	0.01148	0.01837	0.01034	0.00919	0.01952	0.01608	0.02527	0.01378	0.01608	0.01148	0.00574	0.00574	0.00115	0.00574	0.00459	0.00459	0.77491
25	0.01108	0.00831	0.01246	0.01246	0.01385	0.00969	0.00969	0.01385	0.01246	0.01800	0.02077	0.03046	0.01938	0.05815	0.69678	0.01246	0.02077	0.00831	0.00415	0.00692
26	0.00973	0.00764	0.00889	0.00975	0.01152	0.00680	0.00726	0.01171	0.01675	0.02088	0.06127	0.29325	0.37785	0.02145	0.00963	0.00293	0.00457	0.10439	0.00719	0.00655
27	0.01811	0.01301	0.01575	0.01278	0.01827	0.01109	0.01045	0.02338	0.08244	0.11146	0.02327	0.03314	0.02041	0.00989	0.00723	0.00195	0.00618	0.13124	0.00609	0.44383
28	0.03035	0.01309	0.01733	0.01320	0.01919	0.01103	0.01082	0.03346	0.02105	0.53596	0.05411	0.02579	0.02000	0.00914	0.00747	0.00217	0.00632	0.00746	0.00863	0.15342
29	0.01608	0.01378	0.01608	0.01148	0.01837	0.01034	0.00919	0.01952	0.01608	0.02527	0.01378	0.01608	0.01148	0.00574	0.00574	0.00115	0.00574	0.00459	0.00459	0.77491
30	0.01578	0.03850	0.63348	0.02299	0.03414	0.01814	0.08088	0.02458	0.01653	0.02458	0.01406	0.01675	0.00999	0.00730	0.00752	0.00247	0.01159	0.00602	0.00333	0.01137
31	0.01001	0.00765	0.00924	0.00975	0.01147	0.00688	0.00721	0.01238	0.01801	0.02349	0.22262	0.25665	0.28378	0.02012	0.00950	0.00280	0.00430	0.06985	0.00755	0.00673
32	0.01402	0.01389	0.02701	0.02136	0.02567	0.01289	0.31712	0.01796	0.01657	0.02247	0.02838	0.35208	0.03042	0.01489	0.00934	0.00280	0.00868	0.01503	0.00550	0.04393
33	0.01841	0.01796	0.03102	0.02227	0.02956	0.01609	0.31814	0.08209	0.01908	0.02729	0.01515	0.01864	0.01178	0.00646	0.00757	0.00196	0.00953	0.00701	0.00457	0.33540
34	0.08014	0.01521	0.02389	0.01822	0.02357	0.01433	0.19291	0.01995	0.01587	0.02448	0.01796	0.12079	0.01701	0.00960	0.00922	0.00219	0.07877	0.00864	0.00468	0.30258
35	0.01937	0.01644	0.02030	0.01617	0.02163	0.01683	0.06533	0.08571	0.28658	0.04889	0.02201	0.02237	0.01685	0.00866	0.00827	0.00215	0.04693	0.00713	0.00626	0.26212
36	0.01840	0.01571	0.02244	0.01802	0.02109	0.01805	0.07296	0.05076	0.01635	0.07911	0.08031	0.02214	0.01781	0.01107	0.01609	0.00265	0.34483	0.00740	0.00492	0.15987

[dist]
# distance from previous block
# <min> <max>
8	13

[block]
# block no. 7 follows, 25 sequences, length 15
# corresponding to MSA columns:
# 223-237
name=unknown_H
#
# <colnr> <probs for GDERKNQSTAVLIFYWHMCP>
#	G	D	E	R	K	N	Q	S	T	A	V	L	I	F	Y	W	H	M	C	P
0	0.01495	0.01242	0.02055	0.01705	0.02062	0.01198	0.17872	0.02039	0.08588	0.06376	0.12731	0.17415	0.07652	0.07418	0.01174	0.00317	0.00738	0.06415	0.00653	0.00854
1	0.09210	0.01840	0.01921	0.01528	0.02099	0.06869	0.01238	0.23576	0.10143	0.22663	0.02198	0.02098	0.01536	0.00889	0.00727	0.00224	0.00760	0.00680	0.00745	0.09055
2	0.02240	0.01633	0.01840	0.01482	0.02008	0.01656	0.01193	0.30028	0.07613	0.07742	0.02343	0.11230	0.02041	0.01108	0.00771	0.00224	0.00697	0.03986	0.00702	0.19463
3	0.05351	0.01373	0.01691	0.01248	0.01888	0.01089	0.04260	0.01936	0.01597	0.02534	0.01573	0.06482	0.01409	0.00713	0.00616	0.00142	0.00605	0.00601	0.00475	0.64417
4	0.02124	0.01514	0.01913	0.01426	0.02074	0.01324	0.05129	0.08437	0.07994	0.15045	0.01913	0.01974	0.01423	0.00729	0.00673	0.00172	0.00666	0.00609	0.00608	0.44251
5	0.01764	0.01793	0.03345	0.02428	0.03137	0.01616	0.38457	0.04545	0.01823	0.02574	0.01681	0.02354	0.01382	0.00733	0.00812	0.00220	0.01022	0.04699	0.00448	0.25167
6	0.02132	0.01572	0.01769	0.01572	0.02005	0.01730	0.01279	0.17055	0.32333	0.08991	0.03078	0.03978	0.02574	0.01266	0.00850	0.00276	0.00693	0.14926	0.00784	0.01138
7	0.01118	0.00753	0.00874	0.00883	0.00894	0.00761	0.00514	0.01142	0.01151	0.01544	0.02501	0.07962	0.02865	0.65185	0.08137	0.00765	0.00825	0.01156	0.00477	0.00492
8	0.01710	0.01679	0.02920	0.02120	0.02806	0.01472	0.29818	0.04375	0.01772	0.02553	0.01680	0.06700	0.01441	0.00750	0.00763	0.00199	0.00906	0.00793	0.00458	0.35084
9	0.01974	0.01589	0.01760	0.01441	0.01964	0.01611	0.01144	0.18617	0.21683	0.03287	0.02377	0.08670	0.02014	0.01021	0.00742	0.00214	0.00650	0.02566	0.00670	0.26007
10	0.02234	0.01478	0.01739	0.01330	0.01913	0.01353	0.01074	0.16446	0.04535	0.16603	0.10300	0.02452	0.02171	0.00878	0.00712	0.00188	0.00629	0.00712	0.00694	0.32559
11	0.34119	0.01422	0.01435	0.01124	0.01713	0.01344	0.00914	0.02322	0.01564	0.11311	0.01466	0.01592	0.01116	0.00685	0.00561	0.00183	0.00596	0.00483	0.00532	0.35517
12	0.02036	0.01613	0.01783	0.01340	0.01982	0.03353	0.01077	0.14121	0.07119	0.07053	0.01706	0.01813	0.01319	0.00708	0.00645	0.00159	0.00659	0.00557	0.00573	0.50385
13	0.02293	0.01692	0.01786	0.01501	0.02014	0.06276	0.01191	0.07183	0.32163	0.16267	0.02650	0.02645	0.01978	0.00962	0.00752	0.00230	0.00688	0.02730	0.00737	0.14263
14	0.01178	0.00867	0.01163	0.01074	0.01173	0.00862	0.04433	0.01280	0.01226	0.01674	0.02383	0.07844	0.02636	0.51962	0.13050	0.00744	0.00955	0.01097	0.00469	0.03930

[dist]
# distance from previous block
# <min> <max>
0	2

[block]
# block no. 8 follows, 25 sequences, length 6
# corresponding to MSA columns:
# 240-245
name=unknown_I
#
# <colnr> <probs for GDERKNQSTAVLIFYWHMCP>
#	G	D	E	R	K	N	Q	S	T	A	V	L	I	F	Y	W	H	M	C	P
0	0.02391	0.01793	0.01905	0.01593	0.02080	0.04557	0.01278	0.26559	0.26140	0.09883	0.08396	0.02916	0.02406	0.01079	0.00802	0.00249	0.00720	0.03273	0.00787	0.01192
1	0.01792	0.01774	0.03166	0.03506	0.33314	0.01741	0.20834	0.02447	0.08146	0.02538	0.01908	0.08361	0.01671	0.00866	0.00825	0.00245	0.00948	0.00902	0.00460	0.04556
2	0.02206	0.01415	0.01708	0.01254	0.01914	0.01154	0.01016	0.06669	0.01910	0.20602	0.01867	0.01905	0.01369	0.00703	0.00643	0.00157	0.00616	0.00562	0.00616	0.51715
3	0.01624	0.01437	0.01750	0.01313	0.01874	0.01282	0.01063	0.01936	0.01530	0.02404	0.01311	0.01624	0.01124	0.00719	0.00939	0.00156	0.13677	0.00500	0.00437	0.63298
4	0.15685	0.01276	0.01389	0.01100	0.01630	0.01097	0.00854	0.01856	0.01513	0.02577	0.01755	0.10876	0.01696	0.04693	0.00790	0.00198	0.00572	0.00714	0.00497	0.49232
5	0.02063	0.01679	0.02267	0.01839	0.02359	0.01780	0.13022	0.08034	0.37118	0.09386	0.02745	0.06618	0.02134	0.01020	0.00813	0.00255	0.00753	0.00920	0.00713	0.04484

[dist]
# distance from previous block
# <min> <max>
8	18

[block]
# block no. 9 follows, 25 sequences, length 10
# corresponding to MSA columns:
# 264-273
name=unknown_J
#
# <colnr> <probs for GDERKNQSTAVLIFYWHMCP>
#	G	D	E	R	K	N	Q	S	T	A	V	L	I	F	Y	W	H	M	C	P
0	0.78228	0.01499	0.01140	0.01020	0.01499	0.01739	0.00840	0.02279	0.01320	0.03479	0.01080	0.01260	0.00840	0.00720	0.00480	0.00240	0.00600	0.00420	0.00480	0.00840
1	0.02640	0.01307	0.01680	0.01269	0.01874	0.01074	0.01032	0.02961	0.01994	0.40111	0.06623	0.02466	0.01987	0.00859	0.00713	0.00194	0.00609	0.00703	0.00770	0.29130
2	0.01030	0.00758	0.00968	0.01014	0.01161	0.00697	0.00742	0.01293	0.01865	0.02528	0.33281	0.28733	0.15026	0.01963	0.00951	0.00278	0.00422	0.05825	0.00780	0.00685
3	0.01097	0.00793	0.01036	0.00975	0.01158	0.00732	0.00732	0.01463	0.02195	0.03109	0.67505	0.05792	0.07316	0.01585	0.00914	0.00244	0.00366	0.01402	0.00854	0.00732
4	0.01741	0.01437	0.01657	0.01227	0.01866	0.01187	0.00979	0.10182	0.01866	0.02800	0.01626	0.06137	0.01424	0.00739	0.00627	0.00143	0.00603	0.00602	0.00517	0.62641
5	0.03151	0.01379	0.01790	0.01425	0.01984	0.01281	0.01171	0.06557	0.10042	0.54188	0.03070	0.02951	0.02078	0.01031	0.00796	0.00248	0.00666	0.04000	0.00918	0.01277
6	0.38716	0.02158	0.01558	0.01383	0.01839	0.22670	0.01082	0.02647	0.07756	0.02878	0.03896	0.01658	0.01306	0.00797	0.00601	0.00220	0.00837	0.00528	0.00497	0.06973
7	0.01735	0.01505	0.01931	0.01389	0.02081	0.01226	0.06698	0.07071	0.01791	0.02712	0.01434	0.01671	0.01165	0.00610	0.00621	0.00137	0.00662	0.00519	0.00479	0.64565
8	0.01417	0.00994	0.01329	0.01425	0.01665	0.00992	0.01228	0.01917	0.06933	0.05310	0.03864	0.07699	0.04039	0.01935	0.01014	0.00334	0.00697	0.52331	0.00720	0.04157
9	0.01247	0.00904	0.01231	0.01375	0.01556	0.00907	0.01171	0.01670	0.04643	0.02401	0.09147	0.12518	0.04643	0.02069	0.01041	0.00341	0.00664	0.51010	0.00729	0.00732

[dist]
# distance from previous block
# <min> <max>
2	4

[block]
# block no. 10 follows, 25 sequences, length 338
# corresponding to MSA columns:
# 278-615
name=unknown_K
#
# <colnr> <probs for GDERKNQSTAVLIFYWHMCP>
#	G	D	E	R	K	N	Q	S	T	A	V	L	I	F	Y	W	H	M	C	P
0	0.02901	0.03562	0.02209	0.01979	0.02398	0.63735	0.01496	0.08560	0.02324	0.02160	0.01257	0.01439	0.01027	0.00811	0.00706	0.00203	0.01350	0.00517	0.00433	0.00936
1	0.01090	0.00792	0.01027	0.00968	0.01154	0.00729	0.00726	0.01449	0.02178	0.03069	0.65165	0.05857	0.09681	0.01600	0.00915	0.00245	0.00367	0.01411	0.00848	0.00729
2	0.01108	0.00831	0.01246	0.01246	0.01385	0.00969	0.00969	0.01385	0.01246	0.01800	0.02077	0.03046	0.01938	0.05815	0.69678	0.01246	0.02077	0.00831	0.00415	0.00692
3	0.01555	0.04011	0.68733	0.02210	0.03356	0.01801	0.02865	0.02455	0.01637	0.02455	0.01391	0.01637	0.00982	0.00737	0.00737	0.00246	0.01146	0.00573	0.00327	0.01146
4	0.01825	0.01395	0.01750	0.01282	0.01937	0.01114	0.03856	0.02256	0.04410	0.10026	0.03967	0.01946	0.01504	0.00677	0.00634	0.00146	0.00611	0.00567	0.00540	0.59556
5	0.01080	0.00792	0.01013	0.00958	0.01148	0.00724	0.00718	0.01430	0.02155	0.03014	0.61891	0.05949	0.12989	0.01621	0.00915	0.00246	0.00368	0.01424	0.00841	0.00724
6	0.01819	0.02058	0.04389	0.03164	0.03881	0.01996	0.59726	0.02431	0.01776	0.02431	0.01522	0.02058	0.01163	0.00713	0.01053	0.00268	0.07240	0.00895	0.00388	0.01029
7	0.01611	0.01391	0.01639	0.01184	0.01845	0.01088	0.00950	0.01949	0.01591	0.02500	0.01364	0.01611	0.01143	0.00606	0.00653	0.00124	0.03420	0.00468	0.00455	0.74408
8	0.01696	0.01696	0.02375	0.02036	0.02036	0.02375	0.01696	0.01866	0.01187	0.01866	0.01018	0.01696	0.01018	0.01357	0.02545	0.00339	0.71332	0.00679	0.00339	0.00848
9	0.01347	0.00673	0.01010	0.01010	0.01010	0.00673	0.00673	0.01010	0.01010	0.01347	0.01347	0.02357	0.01347	0.02694	0.03030	0.77441	0.00673	0.00673	0.00337	0.00337
10	0.01128	0.00752	0.00846	0.00846	0.00846	0.00752	0.00470	0.01128	0.01128	0.01503	0.02443	0.05074	0.02819	0.72751	0.03946	0.00752	0.00752	0.01128	0.00470	0.00470
11	0.01114	0.00805	0.01115	0.01115	0.01208	0.00898	0.00806	0.01300	0.01207	0.01703	0.02197	0.03710	0.02227	0.27723	0.48165	0.01084	0.01643	0.00928	0.00433	0.00619
12	0.01508	0.00783	0.00789	0.00767	0.00966	0.00793	0.00581	0.04448	0.01710	0.02974	0.02502	0.02848	0.01960	0.00904	0.00552	0.00183	0.00382	0.00722	0.73883	0.00747
13	0.01919	0.01842	0.03147	0.04759	0.67914	0.01842	0.02380	0.02380	0.01765	0.02533	0.01458	0.01919	0.01228	0.00691	0.00768	0.00230	0.00921	0.00691	0.00384	0.01228
14	0.01784	0.02088	0.06712	0.03199	0.06788	0.01890	0.57089	0.02415	0.01805	0.02462	0.01678	0.05199	0.01348	0.00738	0.00905	0.00262	0.01245	0.00950	0.00404	0.01039
15	0.01097	0.00793	0.01036	0.00975	0.01158	0.00732	0.00732	0.01463	0.02195	0.03109	0.67505	0.05792	0.07316	0.01585	0.00914	0.00244	0.00366	0.01402	0.00854	0.00732
16	0.01555	0.04011	0.68733	0.02210	0.03356	0.01801	0.02865	0.02455	0.01637	0.02455	0.01391	0.01637	0.00982	0.00737	0.00737	0.00246	0.01146	0.00573	0.00327	0.01146
17	0.02918	0.02135	0.02408	0.01835	0.02463	0.02335	0.04342	0.60088	0.03508	0.07251	0.01895	0.01902	0.01336	0.00919	0.00782	0.00234	0.00866	0.00711	0.00765	0.01306
18	0.01900	0.01823	0.03114	0.07460	0.65359	0.01837	0.02370	0.02363	0.01757	0.02511	0.01455	0.01925	0.01220	0.00694	0.00768	0.00231	0.00926	0.00691	0.00382	0.01213
19	0.02526	0.02273	0.05145	0.02404	0.16149	0.10715	0.01683	0.36693	0.02840	0.03706	0.01985	0.02276	0.03888	0.00940	0.00779	0.00234	0.00926	0.03024	0.00622	0.01191
20	0.01066	0.00791	0.00993	0.00942	0.01139	0.00718	0.00707	0.01402	0.02121	0.02933	0.57156	0.06082	0.17774	0.01651	0.00915	0.00247	0.00370	0.01443	0.00830	0.00718
21	0.01347	0.00673	0.01010	0.01010	0.01010	0.00673	0.00673	0.01010	0.01010	0.01347	0.01347	0.02357	0.01347	0.02694	0.03030	0.77441	0.00673	0.00673	0.00337	0.00337
22	0.00980	0.00694	0.00909	0.01068	0.01114	0.00656	0.00715	0.01109	0.01456	0.01939	0.04051	0.61486	0.04827	0.10655	0.01340	0.00368	0.00497	0.04830	0.00690	0.00615
23	0.01608	0.01378	0.01608	0.01148	0.01837	0.01034	0.00919	0.01952	0.01608	0.02527	0.01378	0.01608	0.01148	0.00574	0.00574	0.00115	0.00574	0.00459	0.00459	0.77491
24	0.01114	0.00746	0.00850	0.00863	0.00867	0.00742	0.00489	0.01124	0.01155	0.01539	0.02581	0.10151	0.02993	0.67436	0.03723	0.00719	0.00729	0.01209	0.00489	0.00482
25	0.02947	0.02172	0.02327	0.01784	0.02404	0.02404	0.01474	0.65329	0.03646	0.04887	0.01862	0.01862	0.01319	0.00931	0.00776	0.00233	0.00853	0.00698	0.00776	0.01319
26	0.00934	0.00779	0.00795	0.00802	0.01034	0.00661	0.00585	0.01113	0.01706	0.02044	0.07291	0.09782	0.60093	0.07543	0.01157	0.00302	0.00423	0.01618	0.00700	0.00639
27	0.00945	0.00738	0.00836	0.00908	0.01062	0.00652	0.00632	0.01101	0.01603	0.02001	0.05987	0.33180	0.37401	0.07846	0.01189	0.00322	0.00444	0.01823	0.00700	0.00630
28	0.02073	0.73217	0.04063	0.01327	0.01990	0.03068	0.01327	0.02322	0.01575	0.01824	0.01078	0.01244	0.00995	0.00663	0.00498	0.00166	0.00829	0.00415	0.00332	0.00995
29	0.02947	0.02172	0.02327	0.01784	0.02404	0.02404	0.01474	0.65329	0.03646	0.04887	0.01862	0.01862	0.01319	0.00931	0.00776	0.00233	0.00853	0.00698	0.00776	0.01319
30	0.00951	0.00716	0.00883	0.01012	0.01125	0.00649	0.00707	0.01113	0.01578	0.02027	0.05276	0.51077	0.22725	0.02285	0.00973	0.00302	0.00446	0.04796	0.00720	0.00641
31	0.01778	0.01935	0.03964	0.13776	0.11668	0.01929	0.45245	0.02367	0.01751	0.02385	0.01502	0.02050	0.01154	0.00708	0.00948	0.00261	0.04325	0.00843	0.00382	0.01030
32	0.00945	0.00675	0.00900	0.01080	0.01125	0.00630	0.00720	0.01080	0.01484	0.01979	0.04274	0.72245	0.05128	0.02429	0.00990	0.00315	0.00450	0.02204	0.00720	0.00630
33	0.01578	0.07080	0.65865	0.02171	0.03295	0.01857	0.02797	0.02450	0.01634	0.02427	0.01378	0.01620	0.00983	0.00733	0.00726	0.00242	0.01132	0.00566	0.00328	0.01139
34	0.01555	0.04011	0.68733	0.02210	0.03356	0.01801	0.02865	0.02455	0.01637	0.02455	0.01391	0.01637	0.00982	0.00737	0.00737	0.00246	0.01146	0.00573	0.00327	0.01146
35	0.01812	0.01565	0.01642	0.01487	0.01905	0.01782	0.01154	0.03775	0.59085	0.03112	0.03695	0.03417	0.09851	0.01157	0.00804	0.00263	0.00588	0.00964	0.00781	0.01162
36	0.01117	0.00792	0.01050	0.01050	0.01121	0.00863	0.00725	0.01259	0.01188	0.01655	0.02256	0.04040	0.02370	0.38606	0.37477	0.01004	0.01428	0.00976	0.00442	0.00583
37	0.02849	0.03617	0.02204	0.01999	0.02383	0.67000	0.01506	0.03048	0.02158	0.01896	0.01191	0.01410	0.00999	0.00821	0.00772	0.00205	0.04141	0.00506	0.00397	0.00897
38	0.02947	0.02172	0.02327	0.01784	0.02404	0.02404	0.01474	0.65329	0.03646	0.04887	0.01862	0.01862	0.01319	0.00931	0.00776	0.00233	0.00853	0.00698	0.00776	0.01319
39	0.01090	0.00792	0.01027	0.00968	0.01154	0.00729	0.00726	0.01450	0.02178	0.03070	0.65184	0.05857	0.09662	0.01600	0.00915	0.00245	0.00367	0.01411	0.00848	0.00729
40	0.01830	0.02092	0.04575	0.03268	0.04052	0.01961	0.65098	0.02484	0.01830	0.02484	0.01569	0.02092	0.01176	0.00654	0.00915	0.00261	0.01307	0.00915	0.00392	0.01046
41	0.01608	0.01378	0.01608	0.01148	0.01837	0.01034	0.00919	0.01952	0.01608	0.02527	0.01378	0.01608	0.01148	0.00574	0.00574	0.00115	0.00574	0.00459	0.00459	0.77491
42	0.02073	0.73217	0.04063	0.01327	0.01990	0.03068	0.01327	0.02322	0.01575	0.01824	0.01078	0.01244	0.00995	0.00663	0.00498	0.00166	0.00829	0.00415	0.00332	0.00995
43	0.01608	0.01378	0.01608	0.01148	0.01837	0.01034	0.00919	0.01952	0.01608	0.02527	0.01378	0.01608	0.01148	0.00574	0.00574	0.00115	0.00574	0.00459	0.00459	0.77491
44	0.01555	0.04011	0.68733	0.02210	0.03356	0.01801	0.02865	0.02455	0.01637	0.02455	0.01391	0.01637	0.00982	0.00737	0.00737	0.00246	0.01146	0.00573	0.00327	0.01146
45	0.02909	0.03324	0.02229	0.01945	0.02399	0.53233	0.01492	0.18281	0.02551	0.02627	0.01360	0.01511	0.01077	0.00831	0.00718	0.00208	0.01265	0.00548	0.00491	0.01001
46	0.01097	0.00793	0.01036	0.00975	0.01158	0.00732	0.00732	0.01463	0.02195	0.03109	0.67505	0.05792	0.07316	0.01585	0.00914	0.00244	0.00366	0.01402	0.00854	0.00732
47	0.00975	0.00792	0.00866	0.00858	0.01097	0.00683	0.00651	0.01219	0.01874	0.02355	0.22489	0.07100	0.50118	0.01877	0.00922	0.00261	0.00399	0.04034	0.00753	0.00676
48	0.01083	0.00792	0.01017	0.00961	0.01150	0.00726	0.00720	0.01436	0.02161	0.03030	0.62844	0.05922	0.12027	0.01615	0.00915	0.00245	0.00368	0.01421	0.00843	0.00726
49	0.01633	0.01291	0.01886	0.43502	0.03777	0.01528	0.01631	0.09372	0.01817	0.02572	0.01751	0.02269	0.01329	0.00829	0.00711	0.00234	0.00828	0.00699	0.21463	0.00877
50	0.01929	0.01666	0.01753	0.01578	0.02016	0.01929	0.01227	0.04120	0.66513	0.03243	0.03156	0.02893	0.02367	0.01052	0.00789	0.00263	0.00614	0.00877	0.00789	0.01227
51	0.02054	0.70632	0.06479	0.01360	0.02041	0.03021	0.01384	0.02327	0.01578	0.01848	0.01090	0.01258	0.00995	0.00666	0.00506	0.00169	0.00841	0.00421	0.00332	0.01001
52	0.78228	0.01499	0.01140	0.01020	0.01499	0.01739	0.00840	0.02279	0.01320	0.03479	0.01080	0.01260	0.00840	0.00720	0.00480	0.00240	0.00600	0.00420	0.00480	0.00840
53	0.78228	0.01499	0.01140	0.01020	0.01499	0.01739	0.00840	0.02279	0.01320	0.03479	0.01080	0.01260	0.00840	0.00720	0.00480	0.00240	0.00600	0.00420	0.00480	0.00840
54	0.01464	0.01378	0.02326	0.70887	0.05340	0.01723	0.02153	0.01981	0.01550	0.01981	0.01378	0.02067	0.01034	0.00775	0.00775	0.00258	0.01034	0.00689	0.00345	0.00861
55	0.01108	0.00831	0.01246	0.01246	0.01385	0.00969	0.00969	0.01385	0.01246	0.01800	0.02077	0.03046	0.01938	0.05815	0.69678	0.01246	0.02077	0.00831	0.00415	0.00692
56	0.02073	0.73217	0.04063	0.01327	0.01990	0.03068	0.01327	0.02322	0.01575	0.01824	0.01078	0.01244	0.00995	0.00663	0.00498	0.00166	0.00829	0.00415	0.00332	0.00995
57	0.01097	0.00793	0.01036	0.00975	0.01158	0.00732	0.00732	0.01463	0.02195	0.03109	0.67505	0.05792	0.07316	0.01585	0.00914	0.00244	0.00366	0.01402	0.00854	0.00732
58	0.01818	0.02056	0.04377	0.03157	0.03871	0.01998	0.59383	0.02428	0.01772	0.02428	0.01519	0.02056	0.01162	0.00717	0.01062	0.00268	0.07619	0.00894	0.00387	0.01028
59	0.00945	0.00675	0.00900	0.01080	0.01125	0.00630	0.00720	0.01080	0.01484	0.01979	0.04274	0.72245	0.05128	0.02429	0.00990	0.00315	0.00450	0.02204	0.00720	0.00630
60	0.01108	0.00831	0.01246	0.01246	0.01385	0.00969	0.00969	0.01385	0.01246	0.01800	0.02077	0.03046	0.01938	0.05815	0.69678	0.01246	0.02077	0.00831	0.00415	0.00692
61	0.02047	0.69794	0.07262	0.01370	0.02058	0.03005	0.01403	0.02328	0.01579	0.01855	0.01093	0.01263	0.00994	0.00667	0.00509	0.00170	0.00845	0.00422	0.00331	0.01002
62	0.01464	0.01378	0.02326	0.70887	0.05340	0.01723	0.02153	0.01981	0.01550	0.01981	0.01378	0.02067	0.01034	0.00775	0.00775	0.00258	0.01034	0.00689	0.00345	0.00861
63	0.01305	0.01062	0.01347	0.01303	0.01568	0.01076	0.03853	0.02045	0.16964	0.02578	0.14513	0.15033	0.16591	0.01736	0.00932	0.00289	0.00564	0.15672	0.00741	0.00829
64	0.01464	0.01378	0.02326	0.70887	0.05340	0.01723	0.02153	0.01981	0.01550	0.01981	0.01378	0.02067	0.01034	0.00775	0.00775	0.00258	0.01034	0.00689	0.00345	0.00861
