[name]
unknown

[dist]
# distance from previous block
# <min> <max>
0	14

[block]
# block no. 0 follows, 25 sequences, length 52
# corresponding to MSA columns:
# 14-65
name=unknown_A
#
# <colnr> <probs for GDERKNQSTAVLIFYWHMCP>
#	G	D	E	R	K	N	Q	S	T	A	V	L	I	F	Y	W	H	M	C	P
0	0.02428	0.01943	0.01948	0.01623	0.02111	0.07208	0.01307	0.34118	0.20692	0.03874	0.02353	0.02576	0.01816	0.01016	0.00767	0.00240	0.00774	0.04030	0.08005	0.01172
1	0.02882	0.02825	0.02246	0.01870	0.02385	0.32120	0.01474	0.35253	0.05626	0.03496	0.01622	0.01700	0.01221	0.00878	0.00742	0.00219	0.01084	0.00618	0.00610	0.01129
2	0.03287	0.01347	0.01785	0.01388	0.01964	0.01209	0.01140	0.05800	0.05684	0.60308	0.05506	0.02748	0.02131	0.00988	0.00785	0.00241	0.00653	0.00806	0.00940	0.01292
3	0.01555	0.04011	0.68733	0.02210	0.03356	0.01801	0.02865	0.02455	0.01637	0.02455	0.01391	0.01637	0.00982	0.00737	0.00737	0.00246	0.01146	0.00573	0.00327	0.01146
4	0.01464	0.01378	0.02326	0.70887	0.05340	0.01723	0.02153	0.01981	0.01550	0.01981	0.01378	0.02067	0.01034	0.00775	0.00775	0.00258	0.01034	0.00689	0.00345	0.00861
5	0.01876	0.01798	0.03069	0.11051	0.61960	0.01831	0.02358	0.02342	0.01745	0.02481	0.01451	0.01933	0.01210	0.00699	0.00768	0.00233	0.00932	0.00691	0.00380	0.01193
6	0.01109	0.00751	0.00883	0.00899	0.00914	0.00758	0.00533	0.01144	0.01170	0.01571	0.02582	0.11069	0.02960	0.60959	0.08925	0.00751	0.00830	0.01203	0.00488	0.00502
7	0.01142	0.00800	0.00975	0.00952	0.01161	0.00712	0.00705	0.01413	0.01947	0.06077	0.34913	0.16567	0.26159	0.01806	0.00920	0.00261	0.00403	0.01570	0.00795	0.00722
8	0.02952	0.03469	0.02159	0.01939	0.02357	0.63120	0.01464	0.03161	0.02199	0.08230	0.01376	0.01516	0.01086	0.00814	0.00707	0.00204	0.01328	0.00526	0.00453	0.00939
9	0.00945	0.00675	0.00900	0.01080	0.01125	0.00630	0.00720	0.01080	0.01484	0.01979	0.04274	0.72245	0.05128	0.02429	0.00990	0.00315	0.00450	0.02204	0.00720	0.00630
10	0.01464	0.01378	0.02326	0.70887	0.05340	0.01723	0.02153	0.01981	0.01550	0.01981	0.01378	0.02067	0.01034	0.00775	0.00775	0.00258	0.01034	0.00689	0.00345	0.00861
11	0.01897	0.01820	0.03108	0.07909	0.64933	0.01837	0.02369	0.02361	0.01755	0.02507	0.01455	0.01926	0.01219	0.00695	0.00768	0.00232	0.00926	0.00691	0.00382	0.01211
12	0.01464	0.01378	0.02326	0.70887	0.05340	0.01723	0.02153	0.01981	0.01550	0.01981	0.01378	0.02067	0.01034	0.00775	0.00775	0.00258	0.01034	0.00689	0.00345	0.00861
13	0.00945	0.00675	0.00900	0.01080	0.01125	0.00630	0.00720	0.01080	0.01484	0.01979	0.04274	0.72245	0.05128	0.02429	0.00990	0.00315	0.00450	0.02204	0.00720	0.00630
14	0.02073	0.73217	0.04063	0.01327	0.01990	0.03068	0.01327	0.02322	0.01575	0.01824	0.01078	0.01244	0.00995	0.00663	0.00498	0.00166	0.00829	0.00415	0.00332	0.00995
15	0.01830	0.02092	0.04575	0.03268	0.04052	0.01961	0.65098	0.02484	0.01830	0.02484	0.01569	0.02092	0.01176	0.00654	0.00915	0.00261	0.01307	0.00915	0.00392	0.01046
16	0.00945	0.00675	0.00900	0.01080	0.01125	0.00630	0.00720	0.01080	0.01484	0.01979	0.04274	0.72245	0.05128	0.02429	0.00990	0.00315	0.00450	0.02204	0.00720	0.00630
17	0.78228	0.01499	0.01140	0.01020	0.01499	0.01739	0.00840	0.02279	0.01320	0.03479	0.01080	0.01260	0.00840	0.00720	0.00480	0.00240	0.00600	0.00420	0.00480	0.00840
18	0.01108	0.00831	0.01246	0.01246	0.01385	0.00969	0.00969	0.01385	0.01246	0.01800	0.02077	0.03046	0.01938	0.05815	0.69678	0.01246	0.02077	0.00831	0.00415	0.00692
19	0.01488	0.01402	0.02369	0.67421	0.08620	0.01729	0.02165	0.02002	0.01562	0.02010	0.01382	0.02059	0.01044	0.00771	0.00775	0.00257	0.01028	0.00689	0.00347	0.00881
20	0.01792	0.02240	0.10490	0.03061	0.03812	0.01981	0.53717	0.02428	0.01756	0.02428	0.01504	0.02014	0.01144	0.00722	0.01038	0.00267	0.07321	0.00862	0.00381	0.01038
21	0.01747	0.01464	0.01681	0.01224	0.01898	0.01196	0.00983	0.08060	0.04108	0.02777	0.01487	0.01678	0.01208	0.00625	0.00601	0.00131	0.00602	0.00497	0.00501	0.67533
22	0.00945	0.00675	0.00900	0.01080	0.01125	0.00630	0.00720	0.01080	0.01484	0.01979	0.04274	0.72245	0.05128	0.02429	0.00990	0.00315	0.00450	0.02204	0.00720	0.00630
23	0.66901	0.01472	0.01240	0.01074	0.01572	0.01649	0.00885	0.02506	0.01456	0.13324	0.01380	0.01469	0.01003	0.00756	0.00525	0.00240	0.00609	0.00474	0.00553	0.00912
24	0.01171	0.00987	0.01008	0.00953	0.01260	0.00932	0.00729	0.04962	0.11255	0.02410	0.06855	0.06502	0.54619	0.01777	0.00890	0.00260	0.00449	0.01476	0.00733	0.00773
25	0.01598	0.09739	0.63381	0.02137	0.03243	0.01906	0.02737	0.02444	0.01632	0.02403	0.01365	0.01604	0.00983	0.00731	0.00717	0.00239	0.01120	0.00560	0.00328	0.01133
26	0.02828	0.02186	0.02255	0.01770	0.02359	0.05553	0.01446	0.55309	0.10822	0.04555	0.01979	0.01958	0.01424	0.00938	0.00774	0.00235	0.00852	0.00709	0.00759	0.01288
27	0.00945	0.00675	0.00900	0.01080	0.01125	0.00630	0.00720	0.01080	0.01484	0.01979	0.04274	0.72245	0.05128	0.02429	0.00990	0.00315	0.00450	0.02204	0.00720	0.00630
28	0.01786	0.01373	0.01626	0.01170	0.01851	0.01044	0.00940	0.02126	0.01666	0.08799	0.01538	0.01706	0.01222	0.00611	0.00594	0.00127	0.00582	0.00490	0.00507	0.70243
29	0.00945	0.00675	0.00900	0.01080	0.01125	0.00630	0.00720	0.01080	0.01484	0.01979	0.04274	0.72245	0.05128	0.02429	0.00990	0.00315	0.00450	0.02204	0.00720	0.00630
30	0.01097	0.00793	0.01036	0.00975	0.01158	0.00732	0.00732	0.01463	0.02195	0.03109	0.67505	0.05792	0.07316	0.01585	0.00914	0.00244	0.00366	0.01402	0.00854	0.00732
31	0.01624	0.13250	0.60099	0.02092	0.03173	0.01970	0.02659	0.02438	0.01629	0.02371	0.01350	0.01584	0.00984	0.00727	0.00705	0.00235	0.01104	0.00552	0.00328	0.01126
32	0.01876	0.01798	0.03069	0.11051	0.61960	0.01831	0.02358	0.02342	0.01745	0.02481	0.01451	0.01933	0.01210	0.00699	0.00768	0.00233	0.00932	0.00691	0.00380	0.01193
33	0.00945	0.00675	0.00900	0.01080	0.01125	0.00630	0.00720	0.01080	0.01484	0.01979	0.04274	0.72245	0.05128	0.02429	0.00990	0.00315	0.00450	0.02204	0.00720	0.00630
34	0.01118	0.00748	0.00848	0.00858	0.00860	0.00745	0.00483	0.01125	0.01146	0.01528	0.02539	0.08595	0.02940	0.69065	0.03791	0.00729	0.00736	0.01184	0.00483	0.00478
35	0.02885	0.02190	0.02257	0.01752	0.02344	0.05688	0.01438	0.59696	0.03493	0.04658	0.01855	0.01879	0.01329	0.00923	0.00763	0.00229	0.00861	0.00689	0.03797	0.01274
36	0.02073	0.73217	0.04063	0.01327	0.01990	0.03068	0.01327	0.02322	0.01575	0.01824	0.01078	0.01244	0.00995	0.00663	0.00498	0.00166	0.00829	0.00415	0.00332	0.00995
37	0.00945	0.00675	0.00900	0.01080	0.01125	0.00630	0.00720	0.01080	0.01484	0.01979	0.04274	0.72245	0.05128	0.02429	0.00990	0.00315	0.00450	0.02204	0.00720	0.00630
38	0.01083	0.00792	0.01017	0.00960	0.01150	0.00725	0.00720	0.01435	0.02161	0.03029	0.62774	0.05924	0.12097	0.01615	0.00915	0.00245	0.00368	0.01421	0.00843	0.00725
39	0.01696	0.01696	0.02375	0.02036	0.02036	0.02375	0.01696	0.01866	0.01187	0.01866	0.01018	0.01696	0.01018	0.01357	0.02545	0.00339	0.71332	0.00679	0.00339	0.00848
40	0.01929	0.01666	0.01753	0.01578	0.02016	0.01929	0.01227	0.04120	0.66513	0.03243	0.03156	0.02893	0.02367	0.01052	0.00789	0.00263	0.00614	0.00877	0.00789	0.01227
41	0.01929	0.01666	0.01753	0.01578	0.02016	0.01929	0.01227	0.04120	0.66513	0.03243	0.03156	0.02893	0.02367	0.01052	0.00789	0.00263	0.00614	0.00877	0.00789	0.01227
42	0.01581	0.07460	0.65510	0.02166	0.03288	0.01864	0.02788	0.02449	0.01634	0.02424	0.01376	0.01617	0.00983	0.00733	0.00725	0.00242	0.01130	0.00565	0.00328	0.01138
43	0.02947	0.02172	0.02327	0.01784	0.02404	0.02404	0.01474	0.65329	0.03646	0.04887	0.01862	0.01862	0.01319	0.00931	0.00776	0.00233	0.00853	0.00698	0.00776	0.01319
44	0.00945	0.00675	0.00900	0.01080	0.01125	0.00630	0.00720	0.01080	0.01484	0.01979	0.04274	0.72245	0.05128	0.02429	0.00990	0.00315	0.00450	0.02204	0.00720	0.00630
45	0.01464	0.01378	0.02326	0.70887	0.05340	0.01723	0.02153	0.01981	0.01550	0.01981	0.01378	0.02067	0.01034	0.00775	0.00775	0.00258	0.01034	0.00689	0.00345	0.00861
46	0.02900	0.03578	0.02207	0.01981	0.02398	0.64445	0.01496	0.07903	0.02309	0.02129	0.01250	0.01434	0.01023	0.00809	0.00705	0.00202	0.01356	0.00515	0.00429	0.00931
47	0.03382	0.01298	0.01768	0.01363	0.01946	0.01123	0.01123	0.03684	0.02218	0.65792	0.05682	0.02767	0.02139	0.00985	0.00785	0.00240	0.00648	0.00805	0.00955	0.01296
48	0.01919	0.01842	0.03147	0.04759	0.67914	0.01842	0.02380	0.02380	0.01765	0.02533	0.01458	0.01919	0.01228	0.00691	0.00768	0.00230	0.00921	0.00691	0.00384	0.01228
49	0.00945	0.00675	0.00900	0.01080	0.01125	0.00630	0.00720	0.01080	0.01484	0.01979	0.04274	0.72245	0.05128	0.02429	0.00990	0.00315	0.00450	0.02204	0.00720	0.00630
50	0.02943	0.02203	0.02257	0.01763	0.02358	0.07241	0.01442	0.53967	0.05848	0.09184	0.01949	0.01923	0.01379	0.00928	0.00771	0.00232	0.00870	0.00696	0.00762	0.01284
51	0.02911	0.01222	0.01633	0.01320	0.01815	0.01090	0.01062	0.03301	0.05517	0.51979	0.09817	0.09600	0.02804	0.01169	0.00814	0.00249	0.00607	0.00984	0.00917	0.01189

[dist]
# distance from previous block
# <min> <max>
0	1

[block]
# block no. 1 follows, 25 sequences, length 128
# corresponding to MSA columns:
# 67-194
name=unknown_B
#
# <colnr> <probs for GDERKNQSTAVLIFYWHMCP>
#	G	D	E	R	K	N	Q	S	T	A	V	L	I	F	Y	W	H	M	C	P
0	0.01919	0.01842	0.03147	0.04759	0.67914	0.01842	0.02380	0.02380	0.01765	0.02533	0.01458	0.01919	0.01228	0.00691	0.00768	0.00230	0.00921	0.00691	0.00384	0.01228
1	0.02080	0.01814	0.01882	0.01726	0.04297	0.04888	0.01305	0.10665	0.54737	0.03340	0.02874	0.02684	0.02156	0.01016	0.00783	0.00256	0.00684	0.00835	0.00757	0.01223
2	0.01566	0.03936	0.66225	0.02251	0.03383	0.01807	0.05298	0.02457	0.01645	0.02457	0.01398	0.01655	0.00990	0.00733	0.00744	0.00246	0.01152	0.00586	0.00330	0.01142
3	0.01919	0.01842	0.03147	0.04759	0.67914	0.01842	0.02380	0.02380	0.01765	0.02533	0.01458	0.01919	0.01228	0.00691	0.00768	0.00230	0.00921	0.00691	0.00384	0.01228
4	0.01544	0.03648	0.59379	0.02202	0.03255	0.01739	0.07257	0.02389	0.01690	0.02503	0.05969	0.01957	0.01434	0.00789	0.00762	0.00247	0.01104	0.00655	0.00368	0.01110
5	0.02842	0.02175	0.02264	0.01771	0.02365	0.04753	0.01450	0.56909	0.09963	0.04614	0.01969	0.01950	0.01413	0.00938	0.00774	0.00235	0.00848	0.00709	0.00764	0.01294
6	0.01562	0.01552	0.02849	0.53546	0.07474	0.01779	0.15928	0.02106	0.01620	0.02112	0.01423	0.02067	0.01072	0.00745	0.00805	0.00258	0.01089	0.00739	0.00356	0.00916
7	0.02814	0.03557	0.02210	0.02000	0.02372	0.64994	0.01512	0.03011	0.02128	0.01895	0.01186	0.01419	0.01000	0.00838	0.00827	0.00209	0.06227	0.00512	0.00395	0.00895
8	0.01076	0.00748	0.00950	0.00993	0.01112	0.00704	0.00705	0.01320	0.01768	0.02475	0.29851	0.28008	0.07346	0.09518	0.01246	0.00324	0.00452	0.04423	0.06315	0.00665
9	0.02073	0.73217	0.04063	0.01327	0.01990	0.03068	0.01327	0.02322	0.01575	0.01824	0.01078	0.01244	0.00995	0.00663	0.00498	0.00166	0.00829	0.00415	0.00332	0.00995
10	0.03137	0.01402	0.01801	0.01410	0.01971	0.01309	0.01154	0.10659	0.06819	0.51927	0.07630	0.02798	0.02275	0.01008	0.00790	0.00241	0.00657	0.00823	0.00919	0.01270
11	0.00986	0.00710	0.00926	0.01035	0.01120	0.00659	0.00709	0.01174	0.01653	0.02237	0.19419	0.51625	0.08029	0.04554	0.01067	0.00310	0.00438	0.01955	0.00743	0.00650
12	0.00954	0.00682	0.00908	0.01074	0.01127	0.00636	0.00720	0.01102	0.01526	0.02045	0.07956	0.68374	0.05256	0.02380	0.00985	0.00311	0.00445	0.02158	0.00728	0.00636
13	0.05745	0.03873	0.65039	0.02145	0.03254	0.01797	0.02754	0.02446	0.01620	0.02511	0.01374	0.01616	0.00974	0.00736	0.00723	0.00245	0.01116	0.00565	0.00336	0.01129
14	0.01608	0.01378	0.01608	0.01148	0.01837	0.01034	0.00919	0.01952	0.01608	0.02527	0.01378	0.01608	0.01148	0.00574	0.00574	0.00115	0.00574	0.00459	0.00459	0.77491
15	0.01135	0.00871	0.01298	0.01282	0.01415	0.01034	0.01003	0.01407	0.01243	0.01803	0.02028	0.02984	0.01896	0.05610	0.66586	0.01204	0.05267	0.00824	0.00412	0.00699
16	0.01645	0.01563	0.02652	0.44576	0.30238	0.01770	0.02243	0.02140	0.01636	0.02201	0.01410	0.02008	0.01111	0.00742	0.00772	0.00247	0.00989	0.00690	0.00360	0.01007
17	0.02493	0.01495	0.01743	0.01470	0.01958	0.01568	0.01170	0.06171	0.35487	0.27799	0.07512	0.02958	0.02500	0.01049	0.00794	0.00252	0.00623	0.00870	0.00857	0.01231
18	0.01621	0.12841	0.60482	0.02097	0.03182	0.01962	0.02668	0.02438	0.01629	0.02375	0.01351	0.01587	0.00984	0.00727	0.00706	0.00235	0.01105	0.00553	0.00328	0.01127
19	0.02896	0.03695	0.02197	0.01998	0.02397	0.69638	0.01498	0.03096	0.02197	0.01898	0.01199	0.01398	0.00999	0.00799	0.00699	0.00200	0.01398	0.00499	0.00400	0.00899
20	0.03437	0.01386	0.01841	0.01411	0.02013	0.01238	0.01166	0.08587	0.02331	0.63486	0.02965	0.02578	0.01872	0.00957	0.00779	0.00239	0.00675	0.00773	0.00945	0.01319
21	0.01496	0.01421	0.02430	0.65831	0.08184	0.01735	0.04035	0.02014	0.01569	0.02021	0.01387	0.02061	0.01047	0.00768	0.00779	0.00257	0.01037	0.00696	0.00348	0.00884
22	0.01131	0.00745	0.00977	0.01059	0.01180	0.00684	0.00740	0.01328	0.01694	0.06316	0.17547	0.50374	0.09024	0.02136	0.00957	0.00292	0.00442	0.01917	0.00762	0.00695
23	0.01090	0.00792	0.01026	0.00967	0.01154	0.00728	0.00725	0.01448	0.02176	0.03066	0.64940	0.05864	0.09908	0.01601	0.00915	0.00245	0.00367	0.01412	0.00848	0.00728
24	0.01565	0.01481	0.02507	0.56257	0.19184	0.01749	0.02203	0.02069	0.01598	0.02103	0.01396	0.02034	0.01077	0.00757	0.00774	0.00252	0.01009	0.00689	0.00353	0.00942
25	0.01571	0.03899	0.64996	0.02272	0.03396	0.01810	0.06490	0.02457	0.01648	0.02457	0.01402	0.01663	0.00994	0.00732	0.00747	0.00246	0.01155	0.00593	0.00331	0.01140
26	0.02898	0.03642	0.02202	0.01990	0.02397	0.67300	0.01497	0.05260	0.02248	0.02002	0.01222	0.01414	0.01010	0.00804	0.00702	0.00201	0.01379	0.00506	0.00413	0.00913
27	0.02896	0.03695	0.02197	0.01998	0.02397	0.69638	0.01498	0.03096	0.02197	0.01898	0.01199	0.01398	0.00999	0.00799	0.00699	0.00200	0.01398	0.00499	0.00400	0.00899
28	0.01685	0.07725	0.54138	0.02264	0.03313	0.01923	0.10114	0.05475	0.01753	0.02539	0.01417	0.01679	0.01022	0.00732	0.00746	0.00242	0.01133	0.00610	0.00357	0.01133
29	0.00971	0.00694	0.00930	0.01110	0.01167	0.00653	0.00766	0.01126	0.01511	0.02009	0.04259	0.66694	0.05070	0.02404	0.00997	0.00319	0.00473	0.07492	0.00719	0.00637
30	0.01696	0.01696	0.02375	0.02036	0.02036	0.02375	0.01696	0.01866	0.01187	0.01866	0.01018	0.01696	0.01018	0.01357	0.02545	0.00339	0.71332	0.00679	0.00339	0.00848
31	0.00994	0.00765	0.01105	0.01186	0.01289	0.00709	0.04460	0.01164	0.01525	0.02017	0.04377	0.63433	0.09455	0.02292	0.00980	0.00308	0.00496	0.02088	0.00701	0.00656
32	0.22299	0.25187	0.26346	0.01672	0.02465	0.02196	0.05458	0.02367	0.01544	0.02531	0.01219	0.01437	0.00959	0.00704	0.00602	0.00220	0.00908	0.00502	0.00373	0.01010
33	0.00950	0.00679	0.00905	0.01076	0.01126	0.00634	0.00720	0.01094	0.01511	0.02021	0.06601	0.69799	0.05209	0.02398	0.00987	0.00312	0.00447	0.02175	0.00725	0.00634
34	0.00958	0.00684	0.00915	0.01095	0.01145	0.00641	0.00743	0.01102	0.01497	0.01994	0.04266	0.69515	0.05100	0.02417	0.00993	0.00317	0.00461	0.04805	0.00719	0.00633
35	0.01893	0.01815	0.03099	0.08611	0.64269	0.01835	0.02366	0.02356	0.01753	0.02501	0.01454	0.01928	0.01217	0.00696	0.00768	0.00232	0.00928	0.00691	0.00382	0.01207
36	0.01028	0.00781	0.01148	0.01224	0.01331	0.00733	0.04507	0.01226	0.01577	0.02115	0.08717	0.58927	0.05012	0.02244	0.00985	0.00310	0.00512	0.06247	0.00710	0.00667
37	0.01712	0.01631	0.02773	0.34869	0.39423	0.01788	0.02277	0.02198	0.01668	0.02282	0.01422	0.01986	0.01140	0.00729	0.00771	0.00243	0.00972	0.00690	0.00366	0.01061
38	0.01555	0.04011	0.68733	0.02210	0.03356	0.01801	0.02865	0.02455	0.01637	0.02455	0.01391	0.01637	0.00982	0.00737	0.00737	0.00246	0.01146	0.00573	0.00327	0.01146
39	0.01703	0.23826	0.50217	0.01957	0.02965	0.02164	0.02424	0.02417	0.01619	0.02275	0.01302	0.01524	0.00986	0.00716	0.00668	0.00223	0.01055	0.00528	0.00329	0.01103
40	0.01870	0.01773	0.03009	0.04516	0.63077	0.01773	0.02297	0.02323	0.01767	0.02518	0.01652	0.02417	0.01464	0.00797	0.00790	0.00240	0.00906	0.05214	0.00408	0.01191
41	0.02017	0.65702	0.11086	0.01423	0.02138	0.02930	0.01494	0.02336	0.01582	0.01893	0.01112	0.01286	0.00994	0.00671	0.00523	0.00174	0.00864	0.00432	0.00331	0.01011
42	0.01564	0.01539	0.02407	0.60030	0.04910	0.05046	0.04435	0.02045	0.01565	0.01987	0.01350	0.02009	0.01036	0.00814	0.00906	0.00262	0.06189	0.00688	0.00349	0.00869
43	0.01190	0.01085	0.05008	0.01106	0.01368	0.00937	0.00886	0.01767	0.11076	0.02676	0.31969	0.14259	0.16848	0.05065	0.01042	0.00284	0.00481	0.01416	0.00753	0.00786
44	0.02083	0.01550	0.01665	0.01429	0.01864	0.01706	0.01130	0.17894	0.32828	0.07061	0.06085	0.03109	0.07123	0.01093	0.00772	0.00244	0.00615	0.00892	0.09727	0.01129
45	0.01608	0.01532	0.02385	0.60573	0.10033	0.04378	0.02122	0.04314	0.01667	0.02125	0.01395	0.02022	0.01058	0.00775	0.00772	0.00253	0.01032	0.00682	0.00365	0.00908
46	0.01571	0.06154	0.66731	0.02183	0.03314	0.01840	0.02817	0.02451	0.01635	0.02436	0.01382	0.01625	0.00983	0.00734	0.00729	0.00243	0.01136	0.00568	0.00328	0.01141
47	0.00945	0.00675	0.00900	0.01080	0.01125	0.00630	0.00720	0.01080	0.01484	0.01979	0.04274	0.72245	0.05128	0.02429	0.00990	0.00315	0.00450	0.02204	0.00720	0.00630
48	0.01919	0.01842	0.03147	0.04759	0.67914	0.01842	0.02380	0.02380	0.01765	0.02533	0.01458	0.01919	0.01228	0.00691	0.00768	0.00230	0.00921	0.00691	0.00384	0.01228
49	0.06762	0.01554	0.01777	0.01480	0.01987	0.01635	0.01185	0.12439	0.27394	0.27265	0.02877	0.05900	0.02104	0.01049	0.00776	0.00251	0.00656	0.00855	0.00829	0.01224
50	0.01471	0.01356	0.02175	0.16415	0.02693	0.01664	0.08919	0.01805	0.01377	0.01989	0.01575	0.02364	0.01402	0.04726	0.20064	0.00563	0.23297	0.00767	0.04564	0.00812
51	0.01003	0.00835	0.00882	0.00862	0.01119	0.00738	0.00649	0.01338	0.05380	0.02333	0.17913	0.06923	0.53610	0.01848	0.00909	0.00259	0.00400	0.01554	0.00747	0.00699
52	0.01464	0.01378	0.02326	0.70887	0.05340	0.01723	0.02153	0.01981	0.01550	0.01981	0.01378	0.02067	0.01034	0.00775	0.00775	0.00258	0.01034	0.00689	0.00345	0.00861
53	0.01901	0.01824	0.03115	0.07345	0.65467	0.01838	0.02371	0.02364	0.01757	0.02512	0.01455	0.01925	0.01221	0.00694	0.00768	0.00231	0.00926	0.00691	0.00382	0.01214
54	0.00945	0.00675	0.00900	0.01080	0.01125	0.00630	0.00720	0.01080	0.01484	0.01979	0.04274	0.72245	0.05128	0.02429	0.00990	0.00315	0.00450	0.02204	0.00720	0.00630
55	0.02009	0.64657	0.12062	0.01436	0.02159	0.02911	0.01517	0.02338	0.01583	0.01902	0.01117	0.01292	0.00993	0.00672	0.00527	0.00176	0.00868	0.00434	0.00331	0.01014
56	0.01754	0.01792	0.02366	0.02034	0.02053	0.05610	0.01687	0.01925	0.01236	0.01868	0.01027	0.01682	0.01017	0.01330	0.02456	0.00333	0.67968	0.00670	0.00342	0.00851
57	0.01634	0.13335	0.57893	0.02124	0.03193	0.01978	0.04664	0.02438	0.01635	0.02371	0.01355	0.01598	0.00990	0.00724	0.00710	0.00235	0.01108	0.00563	0.00330	0.01122
58	0.02076	0.01565	0.01722	0.01542	0.01982	0.01753	0.01218	0.03893	0.53608	0.11476	0.03213	0.03287	0.02463	0.01120	0.00808	0.00267	0.00627	0.05374	0.00805	0.01202
59	0.02633	0.02055	0.02089	0.01678	0.02218	0.06104	0.01358	0.44954	0.15859	0.04242	0.02128	0.02114	0.01556	0.00945	0.00757	0.00233	0.00802	0.00724	0.06321	0.01233
60	0.02073	0.73217	0.04063	0.01327	0.01990	0.03068	0.01327	0.02322	0.01575	0.01824	0.01078	0.01244	0.00995	0.00663	0.00498	0.00166	0.00829	0.00415	0.00332	0.00995
61	0.00945	0.00675	0.00900	0.01080	0.01125	0.00630	0.00720	0.01080	0.01484	0.01979	0.04274	0.72245	0.05128	0.02429	0.00990	0.00315	0.00450	0.02204	0.00720	0.00630
62	0.01886	0.01808	0.03087	0.09583	0.63350	0.01834	0.02363	0.02351	0.01750	0.02493	0.01453	0.01930	0.01214	0.00697	0.00768	0.00232	0.00929	0.00691	0.00381	0.01201
63	0.01128	0.00752	0.00846	0.00846	0.00846	0.00752	0.00470	0.01128	0.01128	0.01503	0.02443	0.05074	0.02819	0.72751	0.03946	0.00752	0.00752	0.01128	0.00470	0.00470
64	0.00945	0.00675	0.00900	0.01080	0.01125	0.00630	0.00720	0.01080	0.01484	0.01979	0.04274	0.72245	0.05128	0.02429	0.00990	0.00315	0.00450	0.02204	0.00720	0.00630
65	0.02896	0.03695	0.02197	0.01998	0.02397	0.69638	0.01498	0.03096	0.02197	0.01898	0.01199	0.01398	0.00999	0.00799	0.00699	0.00200	0.01398	0.00499	0.00400	0.00899
66	0.02896	0.03695	0.02197	0.01998	0.02397	0.69638	0.01498	0.03096	0.02197	0.01898	0.01199	0.01398	0.00999	0.00799	0.00699	0.00200	0.01398	0.00499	0.00400	0.00899
67	0.01830	0.02092	0.04575	0.03268	0.04052	0.01961	0.65098	0.02484	0.01830	0.02484	0.01569	0.02092	0.01176	0.00654	0.00915	0.00261	0.01307	0.00915	0.00392	0.01046
68	0.01108	0.00831	0.01246	0.01246	0.01385	0.00969	0.00969	0.01385	0.01246	0.01800	0.02077	0.03046	0.01938	0.05815	0.69678	0.01246	0.02077	0.00831	0.00415	0.00692
69	0.01271	0.00831	0.01092	0.01005	0.01218	0.00761	0.00761	0.01632	0.02197	0.07876	0.62804	0.05562	0.06922	0.01540	0.00905	0.00244	0.00387	0.01357	0.00861	0.00774
70	0.01674	0.01686	0.02514	0.02107	0.02183	0.02256	0.07609	0.01888	0.01262	0.01929	0.01220	0.04983	0.01222	0.01340	0.02320	0.00331	0.61487	0.00771	0.00362	0.00857
71	0.01919	0.01842	0.03147	0.04759	0.67914	0.01842	0.02380	0.02380	0.01765	0.02533	0.01458	0.01919	0.01228	0.00691	0.00768	0.00230	0.00921	0.00691	0.00384	0.01228
72	0.01097	0.00793	0.01036	0.00975	0.01158	0.00732	0.00732	0.01463	0.02195	0.03109	0.67505	0.05792	0.07316	0.01585	0.00914	0.00244	0.00366	0.01402	0.00854	0.00732
73	0.01490	0.01427	0.02481	0.66219	0.05251	0.01739	0.06499	0.02016	0.01570	0.02016	0.01391	0.02069	0.01043	0.00767	0.00785	0.00259	0.01052	0.00705	0.00348	0.00874
74	0.02159	0.01206	0.01320	0.01110	0.01473	0.01242	0.00885	0.19333	0.02263	0.13310	0.02428	0.02574	0.01796	0.00919	0.00641	0.00204	0.00540	0.00725	0.44900	0.00974
75	0.00966	0.00690	0.00924	0.01104	0.01158	0.00648	0.00756	0.01116	0.01505	0.02003	0.04262	0.67861	0.05082	0.02409	0.00995	0.00318	0.00468	0.06381	0.00719	0.00636
76	0.01555	0.04011	0.68733	0.02210	0.03356	0.01801	0.02865	0.02455	0.01637	0.02455	0.01391	0.01637	0.00982	0.00737	0.00737	0.00246	0.01146	0.00573	0.00327	0.01146
77	0.01891	0.01826	0.03152	0.08321	0.62274	0.01840	0.04548	0.02361	0.01756	0.02501	0.01458	0.01933	0.01216	0.00694	0.00773	0.00233	0.00941	0.00699	0.00382	0.01202
78	0.02106	0.59708	0.11892	0.01439	0.02158	0.02778	0.01504	0.02439	0.01628	0.06502	0.01253	0.01389	0.01057	0.00693	0.00547	0.00181	0.00857	0.00459	0.00375	0.01036
79	0.10176	0.07077	0.02304	0.01682	0.02274	0.06043	0.01394	0.49267	0.05429	0.04316	0.01741	0.01772	0.01269	0.00889	0.00724	0.00228	0.00848	0.00647	0.00696	0.01223
80	0.01997	0.01831	0.02929	0.07528	0.56371	0.04430	0.02226	0.02438	0.01798	0.06077	0.01626	0.02187	0.01362	0.00765	0.00777	0.00235	0.00924	0.02889	0.00426	0.01184
81	0.06113	0.01299	0.01702	0.01340	0.01889	0.01172	0.01096	0.03531	0.05926	0.56208	0.08796	0.02884	0.02389	0.01012	0.00781	0.00242	0.00628	0.00827	0.00921	0.01242
82	0.01919	0.01842	0.03147	0.04759	0.67914	0.01842	0.02380	0.02380	0.01765	0.02533	0.01458	0.01919	0.01228	0.00691	0.00768	0.00230	0.00921	0.00691	0.00384	0.01228
83	0.05747	0.01580	0.01855	0.01511	0.02047	0.01625	0.01236	0.18697	0.16338	0.31800	0.02783	0.02872	0.02003	0.01045	0.00789	0.00251	0.00699	0.05041	0.00842	0.01239
84	0.01593	0.09050	0.64024	0.02146	0.03256	0.01893	0.02753	0.02446	0.01633	0.02410	0.01369	0.01608	0.00983	0.00731	0.00719	0.00240	0.01123	0.00561	0.00328	0.01135
85	0.01463	0.01330	0.02209	0.65769	0.05017	0.01650	0.02036	0.01968	0.01556	0.02047	0.01462	0.02127	0.01103	0.00785	0.00758	0.00253	0.00985	0.00692	0.05940	0.00851
86	0.00916	0.00785	0.00785	0.00785	0.01047	0.00655	0.00589	0.01113	0.01767	0.02095	0.07855	0.07462	0.67599	0.01964	0.00916	0.00262	0.00393	0.01636	0.00720	0.00655
87	0.01670	0.01821	0.03806	0.07574	0.03644	0.01762	0.49173	0.02222	0.01739	0.02354	0.01935	0.12391	0.01742	0.00947	0.00971	0.00272	0.03496	0.01081	0.00435	0.00965
88	0.01830	0.02092	0.04575	0.03268	0.04052	0.01961	0.65098	0.02484	0.01830	0.02484	0.01569	0.02092	0.01176	0.00654	0.00915	0.00261	0.01307	0.00915	0.00392	0.01046
89	0.00945	0.00675	0.00900	0.01080	0.01125	0.00630	0.00720	0.01080	0.01484	0.01979	0.04274	0.72245	0.05128	0.02429	0.00990	0.00315	0.00450	0.02204	0.00720	0.00630
90	0.01830	0.02092	0.04575	0.03268	0.04052	0.01961	0.65098	0.02484	0.01830	0.02484	0.01569	0.02092	0.01176	0.00654	0.00915	0.00261	0.01307	0.00915	0.00392	0.01046
91	0.01555	0.04011	0.68733	0.02210	0.03356	0.01801	0.02865	0.02455	0.01637	0.02455	0.01391	0.01637	0.00982	0.00737	0.00737	0.00246	0.01146	0.00573	0.00327	0.01146
92	0.01894	0.01817	0.03102	0.08373	0.64494	0.01836	0.02367	0.02358	0.01754	0.02503	0.01454	0.01927	0.01218	0.00695	0.00768	0.00232	0.00927	0.00691	0.00382	0.01208
93	0.02896	0.03695	0.02197	0.01998	0.02397	0.69638	0.01498	0.03096	0.02197	0.01898	0.01199	0.01398	0.00999	0.00799	0.00699	0.00200	0.01398	0.00499	0.00400	0.00899
94	0.01175	0.00839	0.01164	0.01343	0.01489	0.00828	0.01120	0.01478	0.01711	0.02237	0.04146	0.24286	0.04625	0.02212	0.01051	0.00347	0.00649	0.47891	0.00715	0.00693
95	0.01816	0.02049	0.04341	0.03137	0.03838	0.02005	0.58357	0.02418	0.01762	0.02418	0.01510	0.02049	0.01160	0.00728	0.01088	0.00270	0.08753	0.00890	0.00387	0.01025
96	0.03479	0.01320	0.01799	0.01380	0.01979	0.01140	0.01140	0.03779	0.02219	0.68451	0.03059	0.02639	0.01919	0.00960	0.00780	0.00240	0.00660	0.00780	0.00960	0.01320
97	0.01097	0.00793	0.01036	0.00975	0.01158	0.00732	0.00732	0.01463	0.02195	0.03109	0.67505	0.05792	0.07316	0.01585	0.00914	0.00244	0.00366	0.01402	0.00854	0.00732
98	0.01097	0.00793	0.01036	0.00975	0.01158	0.00732	0.00732	0.01463	0.02195	0.03109	0.67505	0.05792	0.07316	0.01585	0.00914	0.00244	0.00366	0.01402	0.00854	0.00732
99	0.01830	0.02092	0.04575	0.03268	0.04052	0.01961	0.65098	0.02484	0.01830	0.02484	0.01569	0.02092	0.01176	0.00654	0.00915	0.00261	0.01307	0.00915	0.00392	0.01046
100	0.01929	0.01666	0.01753	0.01578	0.02016	0.01929	0.01227	0.04120	0.66513	0.03243	0.03156	0.02893	0.02367	0.01052	0.00789	0.00263	0.00614	0.00877	0.00789	0.01227
101	0.01608	0.01378	0.01608	0.01148	0.01837	0.01034	0.00919	0.01952	0.01608	0.02527	0.01378	0.01608	0.01148	0.00574	0.00574	0.00115	0.00574	0.00459	0.00459	0.77491
102	0.78228	0.01499	0.01140	0.01020	0.01499	0.01739	0.00840	0.02279	0.01320	0.03479	0.01080	0.01260	0.00840	0.00720	0.00480	0.00240	0.00600	0.00420	0.00480	0.00840
103	0.78228	0.01499	0.01140	0.01020	0.01499	0.01739	0.00840	0.02279	0.01320	0.03479	0.01080	0.01260	0.00840	0.00720	0.00480	0.00240	0.00600	0.00420	0.00480	0.00840
104	0.01888	0.01810	0.03090	0.09325	0.63594	0.01834	0.02364	0.02352	0.01751	0.02495	0.01453	0.01929	0.01215	0.00697	0.00768	0.00232	0.00929	0.00691	0.00381	0.01203
105	0.01919	0.01842	0.03147	0.04759	0.67914	0.01842	0.02380	0.02380	0.01765	0.02533	0.01458	0.01919	0.01228	0.00691	0.00768	0.00230	0.00921	0.00691	0.00384	0.01228
106	0.01487	0.01410	0.02270	0.53733	0.04477	0.01804	0.01995	0.01916	0.01474	0.01958	0.01439	0.05225	0.01219	0.00969	0.01143	0.00277	0.15238	0.00757	0.00361	0.00848
107	0.02691	0.02087	0.02182	0.01705	0.02302	0.04601	0.01391	0.49464	0.11175	0.04351	0.01952	0.01948	0.01421	0.00907	0.00755	0.00224	0.00816	0.00690	0.00734	0.08606
108	0.00925	0.00786	0.00797	0.00794	0.01052	0.00658	0.00596	0.01129	0.01787	0.02141	0.10602	0.07385	0.64823	0.01946	0.00916	0.00261	0.00391	0.01626	0.00726	0.00658
109	0.01744	0.01374	0.01622	0.01165	0.01848	0.01041	0.00935	0.02086	0.01652	0.07335	0.01501	0.01683	0.01205	0.00602	0.00589	0.00124	0.00580	0.00483	0.00496	0.71934
110	0.01128	0.00752	0.00846	0.00846	0.00846	0.00752	0.00470	0.01128	0.01128	0.01503	0.02443	0.05074	0.02819	0.72751	0.03946	0.00752	0.00752	0.01128	0.00470	0.00470
111	0.01464	0.01378	0.02326	0.70887	0.05340	0.01723	0.02153	0.01981	0.01550	0.01981	0.01378	0.02067	0.01034	0.00775	0.00775	0.00258	0.01034	0.00689	0.00345	0.00861
112	0.01464	0.01378	0.02326	0.70887	0.05340	0.01723	0.02153	0.01981	0.01550	0.01981	0.01378	0.02067	0.01034	0.00775	0.00775	0.00258	0.01034	0.00689	0.00345	0.00861
113	0.01830	0.02092	0.04575	0.03268	0.04052	0.01961	0.65098	0.02484	0.01830	0.02484	0.01569	0.02092	0.01176	0.00654	0.00915	0.00261	0.01307	0.00915	0.00392	0.01046
114	0.01464	0.01378	0.02326	0.70887	0.05340	0.01723	0.02153	0.01981	0.01550	0.01981	0.01378	0.02067	0.01034	0.00775	0.00775	0.00258	0.01034	0.00689	0.00345	0.00861
115	0.01249	0.00892	0.01249	0.01428	0.01606	0.00892	0.01249	0.01606	0.01785	0.02320	0.04105	0.08746	0.04462	0.02142	0.01071	0.00357	0.00714	0.62695	0.00714	0.00714
116	0.01825	0.02077	0.04493	0.03222	0.03977	0.01976	0.62734	0.02461	0.01806	0.02461	0.01548	0.02077	0.01171	0.00680	0.00976	0.00264	0.03918	0.00906	0.00390	0.01038
117	0.01076	0.00917	0.00942	0.00913	0.01198	0.00849	0.00691	0.01579	0.11470	0.02315	0.10021	0.06698	0.54945	0.01809	0.00897	0.00261	0.00424	0.01512	0.00737	0.00744
118	0.02073	0.73217	0.04063	0.01327	0.01990	0.03068	0.01327	0.02322	0.01575	0.01824	0.01078	0.01244	0.00995	0.00663	0.00498	0.00166	0.00829	0.00415	0.00332	0.00995
119	0.01645	0.16027	0.57505	0.02057	0.03119	0.02021	0.02598	0.02432	0.01626	0.02346	0.01337	0.01569	0.00984	0.00724	0.00695	0.00232	0.01091	0.00545	0.00328	0.01120
120	0.00977	0.00719	0.00963	0.01121	0.01164	0.00705	0.00762	0.01113	0.01472	0.01974	0.04134	0.69212	0.04951	0.02383	0.01057	0.00316	0.03497	0.02139	0.00703	0.00639
121	0.01138	0.00834	0.00967	0.00990	0.01197	0.00764	0.00719	0.01472	0.06128	0.05438	0.12728	0.28912	0.31914	0.01971	0.00926	0.00277	0.00437	0.01712	0.00751	0.00725
122	0.01620	0.01389	0.01613	0.01164	0.01844	0.01067	0.00930	0.02032	0.03997	0.02553	0.01444	0.01655	0.01193	0.00592	0.00582	0.00120	0.00576	0.00475	0.00472	0.74684
123	0.01870	0.01545	0.01769	0.01307	0.01955	0.01358	0.01055	0.13816	0.04151	0.02970	0.01517	0.01701	0.01217	0.00679	0.00677	0.00148	0.02698	0.00524	0.00526	0.58516
124	0.02843	0.02045	0.02222	0.01706	0.02324	0.02213	0.01405	0.54839	0.05758	0.08355	0.01944	0.01927	0.01380	0.00911	0.00762	0.00226	0.00813	0.00692	0.00764	0.06872
125	0.10795	0.01736	0.01912	0.03848	0.02137	0.01892	0.01261	0.38647	0.02766	0.11231	0.02090	0.06532	0.01680	0.05418	0.04256	0.00319	0.00838	0.00802	0.00711	0.01129
126	0.31813	0.01576	0.01522	0.04048	0.01923	0.01818	0.01098	0.05567	0.33615	0.03307	0.02396	0.02349	0.04077	0.00940	0.00671	0.00253	0.00626	0.00711	0.00647	0.01044
127	0.02412	0.01843	0.02106	0.08698	0.02519	0.01969	0.01397	0.42647	0.02894	0.03941	0.01813	0.04243	0.01411	0.01092	0.03455	0.00256	0.00856	0.00709	0.00658	0.15079

[dist]
# distance from previous block
# <min> <max>
0	1

[block]
# block no. 2 follows, 25 sequences, length 106
# corresponding to MSA columns:
# 196-301
name=unknown_C
#
# <colnr> <probs for GDERKNQSTAVLIFYWHMCP>
#	G	D	E	R	K	N	Q	S	T	A	V	L	I	F	Y	W	H	M	C	P
0	0.10694	0.01465	0.01691	0.01350	0.01881	0.01444	0.01093	0.13772	0.09434	0.25921	0.10734	0.02652	0.02341	0.00968	0.00738	0.00225	0.00632	0.00775	0.00776	0.11416
1	0.01483	0.01071	0.01588	0.01393	0.01699	0.01093	0.05350	0.04046	0.01517	0.07743	0.02146	0.06493	0.01932	0.03997	0.43767	0.00857	0.01572	0.00853	0.00496	0.10903
2	0.01779	0.01332	0.01585	0.01174	0.01791	0.01058	0.00938	0.04377	0.01812	0.09142	0.09423	0.02216	0.01964	0.00745	0.00642	0.00147	0.00568	0.00612	0.00567	0.58130
3	0.01097	0.00793	0.01036	0.00975	0.01158	0.00732	0.00732	0.01463	0.02195	0.03109	0.67505	0.05792	0.07316	0.01585	0.00914	0.00244	0.00366	0.01402	0.00854	0.00732
4	0.02445	0.01480	0.02046	0.01585	0.02142	0.01380	0.08558	0.12800	0.04796	0.26671	0.04741	0.10154	0.02161	0.01040	0.00787	0.00229	0.00716	0.00910	0.00738	0.14622
5	0.01830	0.02092	0.04575	0.03268	0.04052	0.01961	0.65098	0.02484	0.01830	0.02484	0.01569	0.02092	0.01176	0.00654	0.00915	0.00261	0.01307	0.00915	0.00392	0.01046
6	0.01608	0.01378	0.01608	0.01148	0.01837	0.01034	0.00919	0.01952	0.01608	0.02527	0.01378	0.01608	0.01148	0.00574	0.00574	0.00115	0.00574	0.00459	0.00459	0.77491
7	0.02045	0.69438	0.07594	0.01375	0.02065	0.02999	0.01411	0.02329	0.01579	0.01859	0.01095	0.01265	0.00994	0.00667	0.00511	0.00170	0.00846	0.00423	0.00331	0.01003
8	0.02073	0.73217	0.04063	0.01327	0.01990	0.03068	0.01327	0.02322	0.01575	0.01824	0.01078	0.01244	0.00995	0.00663	0.00498	0.00166	0.00829	0.00415	0.00332	0.00995
9	0.01608	0.01378	0.01608	0.01148	0.01837	0.01034	0.00919	0.01952	0.01608	0.02527	0.01378	0.01608	0.01148	0.00574	0.00574	0.00115	0.00574	0.00459	0.00459	0.77491
10	0.01109	0.00827	0.01227	0.01227	0.01359	0.00959	0.00946	0.01373	0.01241	0.01786	0.02094	0.03141	0.01979	0.08936	0.66614	0.01223	0.02015	0.00845	0.00418	0.00682
11	0.00955	0.00787	0.00839	0.00826	0.01071	0.00671	0.00619	0.01187	0.01858	0.02311	0.20559	0.07106	0.54760	0.01883	0.00916	0.00258	0.00387	0.01587	0.00748	0.00671
12	0.03479	0.01320	0.01799	0.01380	0.01979	0.01140	0.01140	0.03779	0.02219	0.68451	0.03059	0.02639	0.01919	0.00960	0.00780	0.00240	0.00660	0.00780	0.00960	0.01320
13	0.02073	0.73217	0.04063	0.01327	0.01990	0.03068	0.01327	0.02322	0.01575	0.01824	0.01078	0.01244	0.00995	0.00663	0.00498	0.00166	0.00829	0.00415	0.00332	0.00995
14	0.00960	0.00685	0.00917	0.01097	0.01148	0.00643	0.00746	0.01105	0.01499	0.01996	0.04265	0.69153	0.05096	0.02415	0.00994	0.00317	0.00463	0.05150	0.00719	0.00634
15	0.00945	0.00675	0.00900	0.01080	0.01125	0.00630	0.00720	0.01080	0.01484	0.01979	0.04274	0.72245	0.05128	0.02429	0.00990	0.00315	0.00450	0.02204	0.00720	0.00630
16	0.01645	0.01775	0.03694	0.02753	0.03348	0.01700	0.48329	0.02175	0.01741	0.02363	0.02128	0.14438	0.02002	0.01058	0.01005	0.00278	0.04149	0.04007	0.00461	0.00950
17	0.01001	0.00724	0.00946	0.01027	0.01134	0.00669	0.00718	0.01225	0.01764	0.02409	0.28211	0.44297	0.08808	0.02091	0.00958	0.00286	0.00416	0.01877	0.00770	0.00669
18	0.03479	0.01320	0.01799	0.01380	0.01979	0.01140	0.01140	0.03779	0.02219	0.68451	0.03059	0.02639	0.01919	0.00960	0.00780	0.00240	0.00660	0.00780	0.00960	0.01320
19	0.02073	0.73217	0.04063	0.01327	0.01990	0.03068	0.01327	0.02322	0.01575	0.01824	0.01078	0.01244	0.00995	0.00663	0.00498	0.00166	0.00829	0.00415	0.00332	0.00995
20	0.38120	0.22486	0.05877	0.06919	0.02145	0.09164	0.01265	0.02362	0.01520	0.02662	0.01133	0.01355	0.00924	0.00717	0.00546	0.00216	0.00813	0.00457	0.00410	0.00909
21	0.01464	0.01378	0.02326	0.70887	0.05340	0.01723	0.02153	0.01981	0.01550	0.01981	0.01378	0.02067	0.01034	0.00775	0.00775	0.00258	0.01034	0.00689	0.00345	0.00861
22	0.00923	0.00786	0.00794	0.00792	0.01051	0.00657	0.00594	0.01125	0.01782	0.02130	0.09946	0.07403	0.65486	0.01950	0.00916	0.00261	0.00392	0.01628	0.00725	0.00657
23	0.01913	0.02068	0.03068	0.02402	0.02782	0.11218	0.25015	0.04615	0.01724	0.02299	0.05931	0.02095	0.01526	0.01022	0.01512	0.00281	0.28379	0.00793	0.00419	0.00938
24	0.01555	0.04011	0.68733	0.02210	0.03356	0.01801	0.02865	0.02455	0.01637	0.02455	0.01391	0.01637	0.00982	0.00737	0.00737	0.00246	0.01146	0.00573	0.00327	0.01146
25	0.00945	0.00675	0.00900	0.01080	0.01125	0.00630	0.00720	0.01080	0.01484	0.01979	0.04274	0.72245	0.05128	0.02429	0.00990	0.00315	0.00450	0.02204	0.00720	0.00630
26	0.01830	0.02092	0.04575	0.03268	0.04052	0.01961	0.65098	0.02484	0.01830	0.02484	0.01569	0.02092	0.01176	0.00654	0.00915	0.00261	0.01307	0.00915	0.00392	0.01046
27	0.05414	0.07955	0.36575	0.06280	0.07777	0.01926	0.18421	0.02414	0.01670	0.02448	0.01403	0.01749	0.01045	0.00709	0.00757	0.00243	0.01117	0.00656	0.00356	0.01085
28	0.04850	0.47754	0.22662	0.01698	0.04807	0.02604	0.01793	0.02361	0.01590	0.02097	0.01183	0.01383	0.00994	0.00688	0.00576	0.00194	0.00916	0.00471	0.00338	0.01041
29	0.00985	0.00783	0.00884	0.00869	0.01092	0.00682	0.00648	0.01241	0.01913	0.02466	0.29841	0.09762	0.42401	0.01844	0.00919	0.00258	0.00385	0.01575	0.00770	0.00682
30	0.01610	0.01175	0.01299	0.01187	0.01535	0.01199	0.00914	0.02589	0.26392	0.10111	0.11809	0.07969	0.26109	0.01485	0.00856	0.00260	0.00506	0.01253	0.00788	0.00954
31	0.01975	0.05037	0.03065	0.10760	0.47721	0.01852	0.06385	0.02498	0.04165	0.06694	0.01606	0.01997	0.01281	0.00726	0.00767	0.00234	0.00926	0.00706	0.00430	0.01175
32	0.00996	0.00714	0.00945	0.01045	0.01136	0.00664	0.00724	0.01208	0.01721	0.02356	0.25362	0.50082	0.05858	0.02148	0.00965	0.00291	0.00422	0.01937	0.00764	0.00664
33	0.01881	0.01804	0.03044	0.09581	0.55908	0.01844	0.04798	0.02475	0.06283	0.02538	0.01575	0.02006	0.01291	0.00721	0.00776	0.00236	0.00924	0.00713	0.00409	0.01192
34	0.01108	0.00796	0.01024	0.01144	0.01242	0.00772	0.00802	0.05621	0.01681	0.02247	0.06633	0.61184	0.04913	0.02275	0.00976	0.00309	0.00489	0.05370	0.00729	0.00687
35	0.01937	0.55083	0.21009	0.01558	0.02348	0.02736	0.01730	0.02357	0.01592	0.01990	0.01160	0.01347	0.00992	0.00683	0.00560	0.00187	0.00912	0.00456	0.00331	0.01035
36	0.00968	0.00691	0.00913	0.01059	0.01118	0.00646	0.00712	0.01124	0.01550	0.02087	0.11230	0.62377	0.05286	0.04938	0.01091	0.00323	0.00452	0.02075	0.00725	0.00635
37	0.01672	0.15577	0.52574	0.02126	0.05415	0.02023	0.02518	0.02500	0.04345	0.02384	0.01414	0.01633	0.01051	0.00736	0.00699	0.00232	0.01062	0.00563	0.00349	0.01127
38	0.02181	0.02681	0.06925	0.28015	0.06378	0.33602	0.01867	0.02644	0.04586	0.02052	0.01373	0.01751	0.01078	0.00792	0.00737	0.00229	0.01190	0.00600	0.00389	0.00930
39	0.03206	0.01409	0.01809	0.01414	0.01979	0.01310	0.01168	0.13371	0.02399	0.52510	0.02885	0.02773	0.01929	0.01000	0.00779	0.00241	0.00678	0.03249	0.04626	0.01266
40	0.01802	0.02132	0.07248	0.03073	0.03781	0.02003	0.54727	0.02409	0.01745	0.02409	0.01495	0.02024	0.01149	0.00741	0.01100	0.00270	0.09611	0.00871	0.00383	0.01027
41	0.14289	0.12316	0.41644	0.01782	0.02679	0.01866	0.02116	0.02487	0.01621	0.07604	0.01469	0.01646	0.01069	0.00747	0.00660	0.00231	0.00950	0.00549	0.03200	0.01074
42	0.27572	0.01172	0.01141	0.01043	0.01356	0.01298	0.00814	0.07176	0.04804	0.03051	0.06443	0.02631	0.01984	0.06732	0.09352	0.00386	0.00735	0.00715	0.20780	0.00814
43	0.01147	0.00831	0.00892	0.00851	0.01135	0.00702	0.00647	0.01367	0.01841	0.07769	0.12418	0.06917	0.57046	0.01848	0.00905	0.00258	0.00413	0.01545	0.00751	0.00717
44	0.01909	0.01869	0.03301	0.04599	0.61046	0.01855	0.09124	0.02391	0.01772	0.02528	0.01470	0.01938	0.01223	0.00687	0.00783	0.00234	0.00963	0.00715	0.00385	0.01209
45	0.01644	0.01625	0.02272	0.01969	0.01972	0.02253	0.01628	0.01811	0.01208	0.01874	0.01246	0.06634	0.01306	0.01432	0.02436	0.00338	0.66370	0.00785	0.00366	0.00833
46	0.00943	0.00680	0.00895	0.01067	0.01121	0.00631	0.00714	0.01081	0.01497	0.01984	0.04428	0.69453	0.07820	0.02409	0.00986	0.00313	0.00447	0.02180	0.00720	0.00631
47	0.02805	0.03576	0.04992	0.01998	0.02426	0.61597	0.01560	0.05876	0.02208	0.02057	0.01231	0.01439	0.01013	0.00820	0.00763	0.00208	0.03576	0.00517	0.00412	0.00927
48	0.01960	0.01553	0.01641	0.01526	0.03855	0.04741	0.01144	0.05887	0.38031	0.09833	0.03776	0.07256	0.12966	0.01238	0.00814	0.00258	0.00630	0.01032	0.00761	0.01099
49	0.01814	0.02061	0.04478	0.06182	0.04108	0.01951	0.62386	0.02462	0.01818	0.02462	0.01560	0.02090	0.01170	0.00659	0.00909	0.00261	0.01295	0.00905	0.00390	0.01038
50	0.01097	0.00793	0.01036	0.00975	0.01158	0.00732	0.00732	0.01463	0.02195	0.03109	0.67505	0.05792	0.07316	0.01585	0.00914	0.00244	0.00366	0.01402	0.00854	0.00732
51	0.01757	0.06187	0.58801	0.02112	0.03179	0.01858	0.02636	0.06911	0.01802	0.05578	0.01489	0.01684	0.01048	0.00758	0.00733	0.00242	0.01092	0.00585	0.00387	0.01161
52	0.01592	0.03862	0.62964	0.02155	0.03222	0.04856	0.02716	0.02429	0.01656	0.02411	0.01498	0.04464	0.01150	0.00808	0.00745	0.00246	0.01129	0.00635	0.00346	0.01114
53	0.01464	0.01378	0.02326	0.70887	0.05340	0.01723	0.02153	0.01981	0.01550	0.01981	0.01378	0.02067	0.01034	0.00775	0.00775	0.00258	0.01034	0.00689	0.00345	0.00861
54	0.02129	0.68454	0.03935	0.01373	0.02018	0.07629	0.01338	0.02375	0.01618	0.01829	0.01086	0.01254	0.00995	0.00673	0.00511	0.00168	0.00868	0.00420	0.00336	0.00988
55	0.01804	0.01850	0.05165	0.17345	0.40046	0.01841	0.12633	0.02400	0.04691	0.02446	0.01536	0.02013	0.01226	0.00719	0.00793	0.00243	0.01000	0.00732	0.00394	0.01123
56	0.01555	0.04011	0.68733	0.02210	0.03356	0.01801	0.02865	0.02455	0.01637	0.02455	0.01391	0.01637	0.00982	0.00737	0.00737	0.00246	0.01146	0.00573	0.00327	0.01146
57	0.00935	0.00786	0.00811	0.00805	0.01058	0.00662	0.00603	0.01148	0.01810	0.02196	0.13840	0.07294	0.61551	0.01926	0.00916	0.00260	0.00390	0.01613	0.00733	0.00662
58	0.01702	0.17190	0.48548	0.02105	0.05934	0.04331	0.02423	0.02413	0.01670	0.02341	0.03657	0.01712	0.01220	0.00752	0.00697	0.00228	0.01055	0.00574	0.00352	0.01097
59	0.01464	0.01378	0.02326	0.70887	0.05340	0.01723	0.02153	0.01981	0.01550	0.01981	0.01378	0.02067	0.01034	0.00775	0.00775	0.00258	0.01034	0.00689	0.00345	0.00861
