[name]
unknown

[dist]
# distance from previous block
# <min> <max>
8	23

[block]
# block no. 0 follows, 24 sequences, length 44
# corresponding to MSA columns:
# 26-69
name=unknown_A
#
# <colnr> <probs for GDERKNQSTAVLIFYWHMCP>
#	G	D	E	R	K	N	Q	S	T	A	V	L	I	F	Y	W	H	M	C	P
0	0.01310	0.00834	0.01089	0.01106	0.01238	0.00811	0.00790	0.01542	0.05728	0.05400	0.17451	0.24090	0.06413	0.06620	0.01633	0.17430	0.00545	0.04625	0.00679	0.00669
1	0.08855	0.03776	0.01730	0.01360	0.01863	0.01433	0.01115	0.10926	0.08614	0.30794	0.07431	0.03549	0.09585	0.01177	0.00803	0.00253	0.00649	0.04118	0.00830	0.01141
2	0.01340	0.00961	0.01157	0.01129	0.01286	0.00986	0.00809	0.07737	0.04404	0.02332	0.09707	0.16081	0.08637	0.22973	0.08832	0.04320	0.00783	0.05190	0.00632	0.00702
3	0.05110	0.00922	0.01134	0.01088	0.01321	0.00877	0.00833	0.03827	0.02076	0.07162	0.37515	0.14910	0.12034	0.01716	0.00923	0.00270	0.00466	0.06212	0.00814	0.00790
4	0.04658	0.05987	0.01829	0.01564	0.01908	0.37035	0.01189	0.04011	0.01960	0.02136	0.02358	0.02727	0.09533	0.06033	0.07505	0.00350	0.01173	0.00746	0.06457	0.00839
5	0.39228	0.05866	0.01661	0.01257	0.01769	0.01776	0.01043	0.14055	0.02050	0.13227	0.09230	0.02154	0.01898	0.00913	0.00646	0.00240	0.00657	0.00654	0.00656	0.01020
6	0.02266	0.01369	0.04549	0.01330	0.01803	0.01185	0.01096	0.02866	0.11370	0.27251	0.11362	0.03597	0.02867	0.09776	0.01199	0.00303	0.00653	0.03833	0.00775	0.10550
7	0.04164	0.01888	0.13675	0.22637	0.08567	0.01628	0.01807	0.06429	0.09609	0.02556	0.02756	0.03010	0.12124	0.01116	0.00911	0.03916	0.00862	0.00858	0.00505	0.00980
8	0.06571	0.08350	0.05426	0.02507	0.17202	0.23433	0.01724	0.12762	0.02227	0.07864	0.01532	0.01729	0.01193	0.00827	0.00787	0.00226	0.03412	0.00609	0.00505	0.01114
9	0.14695	0.07716	0.22740	0.01712	0.02398	0.09951	0.03792	0.06441	0.01954	0.06802	0.12251	0.02345	0.02140	0.00920	0.00728	0.00238	0.00911	0.00712	0.00530	0.01026
10	0.11711	0.23180	0.02174	0.01246	0.01673	0.06320	0.01054	0.02287	0.09337	0.02711	0.23394	0.03326	0.06471	0.01117	0.00717	0.00225	0.00652	0.00880	0.00614	0.00912
11	0.07721	0.27420	0.09288	0.07217	0.05152	0.02220	0.04554	0.06032	0.04598	0.02402	0.03135	0.05256	0.01502	0.01015	0.00922	0.05143	0.04320	0.00684	0.00439	0.00977
12	0.02149	0.01277	0.01583	0.04989	0.01942	0.01287	0.01134	0.08715	0.12683	0.21233	0.09893	0.08497	0.09912	0.01432	0.00948	0.02865	0.00639	0.06981	0.00802	0.01037
13	0.02341	0.02324	0.11730	0.05944	0.06145	0.02123	0.15564	0.33162	0.02730	0.03704	0.01847	0.05321	0.01439	0.00917	0.00829	0.00252	0.01008	0.00819	0.00600	0.01200
14	0.01806	0.06055	0.01915	0.04547	0.02119	0.01366	0.01084	0.08340	0.01850	0.02755	0.01440	0.01669	0.01176	0.00640	0.00613	0.00140	0.00655	0.00503	0.00489	0.60840
15	0.01554	0.00813	0.00820	0.00793	0.01000	0.00824	0.00602	0.04957	0.01765	0.03058	0.02553	0.02904	0.01999	0.00925	0.00566	0.00187	0.00394	0.00738	0.72777	0.00769
16	0.07355	0.01333	0.01766	0.01371	0.01957	0.01177	0.01129	0.03666	0.02220	0.61142	0.06178	0.02784	0.02178	0.01000	0.00788	0.00246	0.00657	0.00810	0.00950	0.01294
17	0.02010	0.10538	0.18307	0.10792	0.16498	0.10557	0.09928	0.05834	0.03607	0.02482	0.01471	0.01814	0.01147	0.00757	0.00759	0.00236	0.01098	0.00656	0.00404	0.01104
18	0.01045	0.00808	0.00953	0.00917	0.01137	0.00715	0.00687	0.01347	0.02062	0.02747	0.42270	0.06636	0.32249	0.01783	0.00936	0.00257	0.00386	0.01534	0.00816	0.00715
19	0.01870	0.01869	0.02797	0.11045	0.05870	0.07268	0.15775	0.06121	0.01670	0.02259	0.01384	0.01988	0.01179	0.01375	0.05189	0.05251	0.25022	0.00745	0.00399	0.00925
20	0.02105	0.01511	0.01691	0.01466	0.01901	0.01640	0.01153	0.09839	0.36549	0.12267	0.15231	0.03522	0.05254	0.01183	0.00833	0.00259	0.00605	0.00990	0.00840	0.01163
21	0.02335	0.03866	0.02334	0.01731	0.02362	0.05199	0.07313	0.29919	0.04786	0.03601	0.01816	0.04776	0.01456	0.00867	0.00742	0.00205	0.00831	0.00713	0.00623	0.24525
22	0.02940	0.05504	0.02314	0.01711	0.02323	0.02228	0.01416	0.44794	0.10438	0.14799	0.02213	0.02121	0.01553	0.00957	0.00781	0.00239	0.00812	0.00734	0.00803	0.01322
23	0.02514	0.01958	0.02028	0.01620	0.02172	0.06015	0.01295	0.34769	0.12106	0.06573	0.02148	0.04630	0.01696	0.04416	0.00925	0.00251	0.00800	0.00770	0.00714	0.12597
24	0.01306	0.00938	0.01180	0.01115	0.01342	0.00917	0.00850	0.01900	0.10116	0.05172	0.50753	0.08783	0.06424	0.01602	0.00926	0.00261	0.00437	0.04298	0.00855	0.00825
25	0.01122	0.00811	0.01060	0.00998	0.01185	0.00748	0.00748	0.01496	0.02245	0.03180	0.66766	0.05923	0.07482	0.01621	0.00935	0.00249	0.00374	0.01434	0.00873	0.00748
26	0.01543	0.01201	0.01465	0.01238	0.01648	0.01086	0.00952	0.01999	0.07239	0.05795	0.11664	0.18466	0.03149	0.01280	0.00886	0.00217	0.04792	0.01084	0.00636	0.33661
27	0.01425	0.00855	0.01113	0.01161	0.01315	0.00803	0.00817	0.04177	0.01737	0.11234	0.07313	0.52831	0.04645	0.05198	0.01101	0.00324	0.00516	0.01898	0.00768	0.00769
28	0.74292	0.01650	0.04187	0.01098	0.01619	0.01782	0.00952	0.02339	0.01364	0.03511	0.01119	0.01306	0.00865	0.00737	0.00503	0.00246	0.00639	0.00436	0.00484	0.00873
29	0.06640	0.02188	0.02321	0.01787	0.02414	0.02426	0.01476	0.61522	0.03613	0.04928	0.01865	0.01874	0.01325	0.00941	0.00779	0.00238	0.00860	0.00700	0.00779	0.01325
30	0.01995	0.01611	0.01822	0.03745	0.02127	0.03149	0.01108	0.12951	0.02047	0.05800	0.01565	0.01746	0.01231	0.00681	0.00643	0.00151	0.00680	0.00536	0.00542	0.55870
31	0.01091	0.00795	0.01026	0.00999	0.01173	0.00730	0.00738	0.01424	0.02125	0.02969	0.55202	0.14446	0.10802	0.01755	0.00945	0.00260	0.00387	0.01554	0.00847	0.00730
32	0.02351	0.01941	0.02066	0.07952	0.02515	0.05285	0.01441	0.28006	0.28832	0.03755	0.02577	0.02652	0.03413	0.01039	0.00806	0.00255	0.00800	0.02361	0.00737	0.01215
33	0.03094	0.01247	0.01692	0.01332	0.01864	0.01086	0.01086	0.03413	0.02265	0.55436	0.15252	0.03313	0.03014	0.01103	0.00824	0.00246	0.00617	0.00919	0.00961	0.01235
34	0.02697	0.02094	0.02219	0.01838	0.02391	0.02309	0.01457	0.36150	0.31036	0.04336	0.02657	0.02622	0.01993	0.01127	0.00876	0.00286	0.00821	0.00851	0.00852	0.01388
35	0.01478	0.00739	0.00739	0.00739	0.00924	0.00739	0.00554	0.01848	0.01663	0.02956	0.02587	0.02956	0.02033	0.00924	0.00554	0.00185	0.00370	0.00739	0.76534	0.00739
36	0.01329	0.00991	0.01207	0.01117	0.01347	0.00995	0.00844	0.07903	0.05003	0.02947	0.36731	0.07406	0.12143	0.06647	0.09435	0.00412	0.00681	0.01302	0.00762	0.00797
37	0.01127	0.00825	0.00910	0.00899	0.01153	0.00706	0.00670	0.01345	0.01845	0.06436	0.13169	0.15129	0.49041	0.01963	0.00937	0.00271	0.00424	0.01666	0.00766	0.00718
38	0.01731	0.05566	0.09110	0.32290	0.15787	0.01857	0.02046	0.06120	0.07999	0.02478	0.01806	0.06519	0.01505	0.00912	0.00788	0.00255	0.00945	0.00797	0.00453	0.01037
39	0.01984	0.31524	0.28777	0.02199	0.11616	0.02332	0.02107	0.02532	0.01705	0.06438	0.01411	0.01616	0.01106	0.00731	0.00661	0.00215	0.00976	0.00550	0.00386	0.01132
40	0.10373	0.44770	0.09394	0.01521	0.02171	0.08680	0.01481	0.05505	0.03474	0.02309	0.01238	0.01416	0.01054	0.00751	0.00637	0.00200	0.03123	0.00483	0.00396	0.01024
41	0.01478	0.00739	0.00739	0.00739	0.00924	0.00739	0.00554	0.01848	0.01663	0.02956	0.02587	0.02956	0.02033	0.00924	0.00554	0.00185	0.00370	0.00739	0.76534	0.00739
42	0.01769	0.01456	0.01671	0.01278	0.01888	0.01251	0.01011	0.10040	0.06006	0.02880	0.01903	0.09188	0.01709	0.00867	0.00673	0.00164	0.00613	0.00718	0.00561	0.54355
43	0.01197	0.00830	0.01111	0.04542	0.01476	0.00768	0.00850	0.01393	0.01605	0.05600	0.06716	0.55358	0.04604	0.02114	0.00949	0.00294	0.00508	0.01905	0.00713	0.07468

[dist]
# distance from previous block
# <min> <max>
5	10

[block]
# block no. 1 follows, 24 sequences, length 13
# corresponding to MSA columns:
# 80-92
name=unknown_B
#
# <colnr> <probs for GDERKNQSTAVLIFYWHMCP>
#	G	D	E	R	K	N	Q	S	T	A	V	L	I	F	Y	W	H	M	C	P
0	0.01052	0.00815	0.00963	0.00948	0.01170	0.00726	0.00725	0.01348	0.02016	0.02651	0.35509	0.06928	0.33806	0.01840	0.00949	0.00267	0.00415	0.06359	0.00800	0.00712
1	0.01751	0.05972	0.41672	0.02343	0.06918	0.01764	0.11014	0.02487	0.01804	0.06743	0.08275	0.02242	0.01776	0.00840	0.00792	0.00249	0.01054	0.00736	0.00444	0.01124
2	0.01347	0.00689	0.01025	0.01038	0.01042	0.00685	0.00692	0.01038	0.01069	0.01426	0.01602	0.07601	0.01667	0.02735	0.02943	0.71183	0.00672	0.00806	0.00374	0.00367
3	0.01593	0.01484	0.02343	0.33845	0.11544	0.01698	0.04195	0.02014	0.01572	0.02199	0.01577	0.06066	0.01373	0.00944	0.01053	0.00255	0.11625	0.00772	0.02571	0.11278
4	0.01044	0.00797	0.01089	0.01311	0.05076	0.00768	0.00854	0.01229	0.01539	0.02048	0.04363	0.49992	0.12442	0.02790	0.10247	0.00440	0.00708	0.01897	0.00673	0.00692
5	0.19360	0.23404	0.02750	0.01848	0.06620	0.22062	0.05598	0.02576	0.01799	0.02423	0.04088	0.01633	0.01296	0.00775	0.00632	0.00212	0.00986	0.00549	0.00425	0.00961
6	0.16405	0.14439	0.07141	0.05739	0.02565	0.06327	0.08634	0.11358	0.02059	0.15610	0.01715	0.01828	0.01242	0.00806	0.00697	0.00232	0.00902	0.00630	0.00568	0.01101
7	0.01805	0.07730	0.09869	0.21308	0.03414	0.11056	0.10504	0.02250	0.01673	0.02134	0.01678	0.02151	0.03929	0.01102	0.03608	0.00296	0.11274	0.00721	0.02564	0.00933
8	0.01548	0.00958	0.01217	0.01155	0.01335	0.00946	0.00833	0.05285	0.01840	0.11372	0.18775	0.25751	0.04463	0.16007	0.01629	0.00380	0.03508	0.01477	0.00738	0.00783
9	0.01444	0.01108	0.01175	0.01154	0.01387	0.05459	0.00859	0.05866	0.01947	0.06622	0.12921	0.25873	0.21488	0.04125	0.01034	0.00296	0.00566	0.05157	0.00743	0.00777
10	0.01580	0.01348	0.01622	0.01279	0.01813	0.01194	0.01013	0.02077	0.07456	0.02486	0.01783	0.05048	0.01570	0.01492	0.10060	0.00311	0.04897	0.00652	0.00499	0.51819
11	0.22654	0.02079	0.08587	0.05974	0.02455	0.02029	0.01484	0.31114	0.02593	0.11120	0.01747	0.01819	0.01234	0.00868	0.00709	0.00244	0.00824	0.00634	0.00660	0.01171
12	0.08869	0.11142	0.02340	0.01667	0.02207	0.14867	0.01366	0.31452	0.06828	0.03666	0.06559	0.02053	0.01733	0.00932	0.00729	0.00227	0.00900	0.00681	0.00646	0.01135

[dist]
# distance from previous block
# <min> <max>
1	29

[block]
# block no. 2 follows, 24 sequences, length 27
# corresponding to MSA columns:
# 122-148
name=unknown_C
#
# <colnr> <probs for GDERKNQSTAVLIFYWHMCP>
#	G	D	E	R	K	N	Q	S	T	A	V	L	I	F	Y	W	H	M	C	P
0	0.06785	0.02978	0.02505	0.04671	0.02713	0.38912	0.09411	0.14585	0.05179	0.02742	0.01489	0.01693	0.01160	0.00830	0.00752	0.00226	0.01220	0.00622	0.00500	0.01029
1	0.07904	0.05227	0.35535	0.02404	0.03305	0.01990	0.19776	0.05824	0.01786	0.02683	0.01442	0.01777	0.01070	0.00773	0.00885	0.00258	0.05184	0.00680	0.00392	0.01105
2	0.08237	0.02396	0.06185	0.04145	0.02618	0.09635	0.04956	0.41282	0.06094	0.04098	0.01774	0.01864	0.01291	0.00895	0.00769	0.00240	0.00952	0.00684	0.00667	0.01220
3	0.23398	0.06284	0.08453	0.02098	0.12823	0.14746	0.01549	0.08535	0.01941	0.08460	0.01517	0.01770	0.01186	0.03141	0.00780	0.00249	0.00926	0.00588	0.00506	0.01051
4	0.09494	0.01450	0.01869	0.29274	0.05954	0.05165	0.01555	0.06160	0.04513	0.02418	0.02143	0.08695	0.04012	0.01284	0.01035	0.08052	0.00863	0.04721	0.00490	0.00852
5	0.01639	0.01270	0.01408	0.01376	0.04384	0.05666	0.01002	0.04691	0.10169	0.08253	0.29105	0.08192	0.14346	0.01501	0.00891	0.00258	0.00570	0.03595	0.00785	0.00902
6	0.02280	0.01686	0.01948	0.01610	0.02052	0.01886	0.01306	0.39895	0.02770	0.03765	0.01990	0.02377	0.01596	0.02902	0.27419	0.00643	0.01361	0.00767	0.00649	0.01098
7	0.06714	0.05097	0.14179	0.12206	0.09386	0.02017	0.07436	0.11640	0.17604	0.03040	0.01920	0.02114	0.01441	0.00850	0.00771	0.00252	0.00924	0.00724	0.00539	0.01148
8	0.01140	0.00823	0.01011	0.00975	0.01191	0.00739	0.00737	0.01452	0.02075	0.04717	0.43331	0.09362	0.23943	0.01770	0.00941	0.00262	0.00407	0.03561	0.00826	0.00738
9	0.01045	0.00761	0.00956	0.00998	0.01125	0.00702	0.00698	0.01272	0.01811	0.02456	0.29830	0.30053	0.13861	0.09197	0.01281	0.00331	0.00449	0.01736	0.00765	0.00673
10	0.00970	0.00798	0.00854	0.00854	0.01095	0.00681	0.00635	0.01197	0.01865	0.02312	0.17842	0.11082	0.53126	0.01970	0.00941	0.00268	0.00400	0.01667	0.00760	0.00681
11	0.02062	0.01675	0.01918	0.01430	0.02067	0.01570	0.01163	0.20787	0.02242	0.03264	0.01533	0.01728	0.01218	0.00750	0.00783	0.00169	0.05341	0.00558	0.00559	0.49181
12	0.02807	0.02413	0.02386	0.06406	0.06923	0.16230	0.01613	0.38206	0.02982	0.06693	0.01721	0.01850	0.01270	0.00917	0.00854	0.00237	0.03968	0.00673	0.00648	0.01202
13	0.01107	0.00758	0.00880	0.00912	0.00941	0.00740	0.00545	0.01158	0.01298	0.01726	0.05846	0.17563	0.06601	0.52928	0.03198	0.00640	0.00677	0.01393	0.00557	0.00531
14	0.02416	0.02730	0.02324	0.01985	0.02470	0.34064	0.08412	0.03386	0.24129	0.02524	0.01972	0.02051	0.01535	0.00876	0.00763	0.00228	0.01089	0.00689	0.00549	0.05806
15	0.01888	0.24541	0.06007	0.06326	0.04604	0.06258	0.01603	0.04525	0.01612	0.02095	0.01698	0.04593	0.05059	0.01095	0.01323	0.00258	0.24455	0.00710	0.00404	0.00946
16	0.02117	0.01596	0.01832	0.06142	0.02269	0.01754	0.01320	0.09951	0.37484	0.09911	0.02960	0.03360	0.02338	0.01131	0.00823	0.00265	0.00696	0.07670	0.00765	0.05619
17	0.06449	0.01808	0.09353	0.34815	0.05994	0.01776	0.05306	0.08415	0.06111	0.02621	0.02067	0.02631	0.05130	0.00935	0.00798	0.00263	0.00956	0.03114	0.00474	0.00986
18	0.15740	0.01369	0.01687	0.01332	0.01893	0.01281	0.01094	0.05522	0.02164	0.49922	0.07607	0.02682	0.02179	0.00988	0.00757	0.00245	0.00648	0.00782	0.00885	0.01222
19	0.01521	0.04093	0.03815	0.01263	0.01523	0.01243	0.01011	0.05845	0.07405	0.05392	0.18874	0.04433	0.05511	0.16870	0.10429	0.00501	0.04213	0.04588	0.00648	0.00824
20	0.00962	0.00704	0.00905	0.01066	0.01140	0.00647	0.00719	0.01108	0.01555	0.02039	0.04832	0.63555	0.13006	0.02424	0.01003	0.00315	0.00453	0.02181	0.00736	0.00647
21	0.01958	0.01807	0.09145	0.01591	0.02064	0.01714	0.01373	0.06829	0.33374	0.09252	0.03224	0.07441	0.07367	0.03357	0.01040	0.00286	0.05349	0.00983	0.00719	0.01126
22	0.01478	0.00739	0.00739	0.00739	0.00924	0.00739	0.00554	0.01848	0.01663	0.02956	0.02587	0.02956	0.02033	0.00924	0.00554	0.00185	0.00370	0.00739	0.76534	0.00739
23	0.04476	0.01159	0.01273	0.03570	0.01545	0.03639	0.00887	0.06408	0.04309	0.14912	0.02608	0.07311	0.02175	0.09266	0.04048	0.00331	0.00670	0.00882	0.29638	0.00893
24	0.01026	0.00792	0.00937	0.00931	0.01134	0.00703	0.00687	0.01299	0.01973	0.02607	0.34726	0.14885	0.31665	0.01889	0.00946	0.00266	0.00396	0.01636	0.00799	0.00703
25	0.01543	0.01255	0.02075	0.14896	0.09901	0.01286	0.12884	0.01984	0.01702	0.02551	0.02497	0.07458	0.05615	0.00996	0.00750	0.00235	0.00752	0.00923	0.29823	0.00875
26	0.04411	0.07856	0.06048	0.01653	0.06218	0.03548	0.01299	0.02617	0.09620	0.17399	0.06926	0.12832	0.06272	0.01254	0.00920	0.00255	0.05427	0.01022	0.00673	0.03748

[dist]
# distance from previous block
# <min> <max>
0	7

[block]
# block no. 3 follows, 24 sequences, length 14
# corresponding to MSA columns:
# 156-169
name=unknown_D
#
# <colnr> <probs for GDERKNQSTAVLIFYWHMCP>
#	G	D	E	R	K	N	Q	S	T	A	V	L	I	F	Y	W	H	M	C	P
0	0.02017	0.02256	0.04021	0.07391	0.03844	0.09515	0.46725	0.05551	0.01949	0.02524	0.01532	0.02024	0.01171	0.00747	0.00988	0.00263	0.05174	0.00849	0.00415	0.01043
1	0.06044	0.01101	0.05980	0.01009	0.01326	0.00862	0.00854	0.01467	0.01949	0.02693	0.31500	0.06063	0.32957	0.01671	0.00894	0.00257	0.00462	0.01412	0.00747	0.00752
2	0.06348	0.00914	0.01141	0.01048	0.01300	0.00860	0.00801	0.01778	0.02109	0.10280	0.47820	0.07795	0.09500	0.01674	0.02898	0.00283	0.00480	0.01325	0.00834	0.00813
3	0.32286	0.09657	0.01875	0.01329	0.01877	0.08318	0.01106	0.03040	0.03766	0.26833	0.01926	0.01871	0.01347	0.00838	0.00637	0.00234	0.00743	0.00587	0.00656	0.01075
4	0.67151	0.01643	0.04520	0.01137	0.01672	0.01726	0.00989	0.02481	0.01450	0.09418	0.01306	0.01437	0.00968	0.00760	0.00532	0.00246	0.00647	0.00471	0.00528	0.00919
5	0.01156	0.00856	0.01163	0.01222	0.04417	0.00802	0.00858	0.01510	0.02126	0.02989	0.53805	0.12612	0.06792	0.01696	0.00945	0.00262	0.00430	0.04772	0.00828	0.00761
6	0.01558	0.05984	0.44044	0.02011	0.02908	0.01710	0.06534	0.02416	0.06547	0.02561	0.07359	0.04469	0.06528	0.00976	0.00795	0.00253	0.00990	0.00819	0.00458	0.01080
7	0.00976	0.00805	0.00857	0.00844	0.01095	0.00686	0.00633	0.01213	0.01899	0.02360	0.20384	0.07272	0.54376	0.01927	0.00937	0.00264	0.00396	0.01623	0.00765	0.00686
8	0.01704	0.01671	0.02965	0.38770	0.21403	0.01844	0.12732	0.02312	0.04377	0.02316	0.01540	0.02114	0.01191	0.00761	0.00816	0.00257	0.01056	0.00752	0.00390	0.01028
9	0.03282	0.01333	0.01781	0.01394	0.01966	0.01186	0.01141	0.03715	0.06256	0.59014	0.07742	0.02949	0.02391	0.01034	0.00808	0.00247	0.00650	0.00850	0.00963	0.01300
10	0.65705	0.01473	0.01229	0.01078	0.01564	0.01657	0.00884	0.02441	0.01496	0.10146	0.05074	0.01699	0.01352	0.00812	0.00548	0.00246	0.00606	0.00525	0.00563	0.00903
11	0.01577	0.01479	0.01514	0.01437	0.01626	0.13587	0.01097	0.04308	0.01538	0.01961	0.01935	0.02896	0.01824	0.11177	0.43959	0.00940	0.05145	0.00804	0.00439	0.00758
12	0.01562	0.01322	0.01556	0.01166	0.01791	0.01007	0.00915	0.01888	0.01629	0.02516	0.01769	0.10149	0.01669	0.00818	0.00639	0.00142	0.00572	0.00687	0.00502	0.67700
13	0.01644	0.01409	0.01644	0.01175	0.01879	0.01057	0.00940	0.01997	0.01644	0.02584	0.01409	0.01644	0.01175	0.00587	0.00587	0.00117	0.00587	0.00470	0.00470	0.76979

[dist]
# distance from previous block
# <min> <max>
0	1

[block]
# block no. 4 follows, 24 sequences, length 13
# corresponding to MSA columns:
# 171-183
name=unknown_E
#
# <colnr> <probs for GDERKNQSTAVLIFYWHMCP>
#	G	D	E	R	K	N	Q	S	T	A	V	L	I	F	Y	W	H	M	C	P
0	0.02151	0.01248	0.01650	0.01586	0.08187	0.01146	0.01114	0.05579	0.04503	0.24004	0.20006	0.06610	0.09030	0.01238	0.00833	0.00239	0.00589	0.01060	0.00797	0.08432
1	0.01689	0.01337	0.01586	0.01181	0.01817	0.01024	0.00933	0.02018	0.01668	0.06256	0.01792	0.08427	0.01611	0.00792	0.00640	0.00144	0.00580	0.00660	0.00525	0.65320
2	0.01890	0.02004	0.04031	0.13074	0.12767	0.01978	0.43735	0.05699	0.01919	0.02602	0.01577	0.02099	0.01197	0.00706	0.00887	0.00261	0.01219	0.00860	0.00413	0.01082
3	0.06291	0.09624	0.02370	0.01929	0.02374	0.57584	0.01485	0.05428	0.02208	0.02126	0.01236	0.01428	0.01026	0.00807	0.00690	0.00204	0.01321	0.00507	0.00421	0.00942
4	0.01022	0.00746	0.00968	0.01132	0.01200	0.00717	0.00765	0.01276	0.05060	0.02096	0.04308	0.67829	0.05089	0.02407	0.01001	0.00319	0.00469	0.02179	0.00740	0.00678
5	0.02591	0.02186	0.02244	0.08388	0.02648	0.09616	0.01533	0.36514	0.16287	0.03895	0.02024	0.02086	0.01497	0.00966	0.00862	0.00248	0.03775	0.00728	0.00693	0.01217
6	0.01478	0.00739	0.00739	0.00739	0.00924	0.00739	0.00554	0.01848	0.01663	0.02956	0.02587	0.02956	0.02033	0.00924	0.00554	0.00185	0.00370	0.00739	0.76534	0.00739
7	0.05656	0.01642	0.03076	0.02349	0.02905	0.01569	0.34075	0.05415	0.01918	0.08364	0.05007	0.16269	0.02479	0.01188	0.00917	0.00278	0.00977	0.04355	0.00578	0.00984
8	0.01911	0.01367	0.01553	0.01441	0.01799	0.01483	0.01096	0.03285	0.38646	0.12021	0.03537	0.22341	0.03155	0.01461	0.00864	0.00281	0.00587	0.01267	0.00811	0.01096
9	0.02875	0.03597	0.02207	0.02005	0.02417	0.63058	0.01508	0.03259	0.07832	0.02062	0.01402	0.01564	0.01144	0.00840	0.00723	0.00210	0.01359	0.00545	0.00444	0.00949
10	0.00986	0.00698	0.00914	0.01079	0.01120	0.00657	0.00709	0.01109	0.01479	0.01973	0.04172	0.64558	0.04994	0.09883	0.01333	0.00370	0.00493	0.02137	0.00709	0.00627
11	0.02113	0.01813	0.01845	0.01615	0.02068	0.05376	0.01265	0.13445	0.47119	0.03500	0.08503	0.02974	0.02625	0.01091	0.00811	0.00259	0.00685	0.00895	0.00790	0.01208
12	0.01957	0.03892	0.08974	0.07208	0.20637	0.03523	0.01767	0.06958	0.16043	0.06237	0.04835	0.02567	0.01897	0.04796	0.04969	0.00333	0.00931	0.00791	0.00560	0.01124

[dist]
# distance from previous block
# <min> <max>
0	1

[block]
# block no. 5 follows, 24 sequences, length 11
# corresponding to MSA columns:
# 185-195
name=unknown_F
#
# <colnr> <probs for GDERKNQSTAVLIFYWHMCP>
#	G	D	E	R	K	N	Q	S	T	A	V	L	I	F	Y	W	H	M	C	P
0	0.05333	0.02170	0.12241	0.01556	0.02127	0.11215	0.01408	0.13627	0.02103	0.06006	0.02238	0.04284	0.06076	0.01498	0.08210	0.00332	0.00999	0.00744	0.04706	0.13126
1	0.02212	0.01819	0.01980	0.05817	0.02370	0.02085	0.01377	0.19631	0.45885	0.03672	0.02776	0.02636	0.02062	0.01027	0.00803	0.00261	0.00717	0.00838	0.00776	0.01257
2	0.01041	0.00743	0.00971	0.01125	0.01199	0.00707	0.00794	0.01205	0.01540	0.02032	0.04271	0.50154	0.07411	0.10699	0.01383	0.00380	0.00541	0.12457	0.00705	0.00641
3	0.01776	0.01551	0.01648	0.06695	0.02095	0.06094	0.01204	0.07473	0.32204	0.02906	0.06230	0.20788	0.03127	0.01422	0.00858	0.00275	0.00676	0.01223	0.00729	0.01027
4	0.01478	0.00739	0.00739	0.00739	0.00924	0.00739	0.00554	0.01848	0.01663	0.02956	0.02587	0.02956	0.02033	0.00924	0.00554	0.00185	0.00370	0.00739	0.76534	0.00739
5	0.02020	0.07401	0.09004	0.19632	0.07904	0.02089	0.09811	0.15002	0.13575	0.02986	0.01842	0.02111	0.01384	0.00841	0.00788	0.00250	0.00966	0.00738	0.00528	0.01129
6	0.01377	0.00689	0.01033	0.01033	0.01033	0.00689	0.00689	0.01033	0.01033	0.01377	0.01377	0.02410	0.01377	0.02755	0.03099	0.76928	0.00689	0.00689	0.00344	0.00344
7	0.02117	0.39287	0.13171	0.01608	0.02266	0.15979	0.01574	0.02568	0.05271	0.02079	0.01783	0.01908	0.05751	0.00834	0.00634	0.00201	0.00971	0.00581	0.00406	0.01010
8	0.01855	0.01447	0.01846	0.01328	0.02029	0.01125	0.04741	0.02222	0.01722	0.09299	0.01598	0.01783	0.01258	0.00633	0.00630	0.00140	0.00641	0.00531	0.00518	0.64654
9	0.57141	0.01554	0.01360	0.01165	0.01660	0.01744	0.00955	0.10318	0.01786	0.08253	0.06326	0.01818	0.01501	0.00848	0.00585	0.00245	0.00633	0.00568	0.00593	0.00948
10	0.01768	0.01899	0.06265	0.02718	0.08308	0.01693	0.35592	0.05880	0.01911	0.02652	0.04350	0.10696	0.01934	0.00941	0.00877	0.00251	0.01042	0.01016	0.00487	0.09719

[dist]
# distance from previous block
# <min> <max>
1	2

[block]
# block no. 6 follows, 24 sequences, length 15
# corresponding to MSA columns:
# 198-212
name=unknown_G
#
# <colnr> <probs for GDERKNQSTAVLIFYWHMCP>
#	G	D	E	R	K	N	Q	S	T	A	V	L	I	F	Y	W	H	M	C	P
0	0.02241	0.01850	0.02104	0.02005	0.09347	0.02043	0.01436	0.20626	0.37686	0.03660	0.02561	0.02478	0.01921	0.00972	0.00788	0.00248	0.00728	0.00800	0.00737	0.05769
1	0.01939	0.06057	0.02168	0.01792	0.01992	0.15126	0.01445	0.07285	0.01688	0.02171	0.01624	0.08048	0.01586	0.02040	0.12661	0.00449	0.29799	0.00807	0.00443	0.00881
2	0.00962	0.00706	0.00904	0.01061	0.01139	0.00648	0.00717	0.01109	0.01559	0.02041	0.04891	0.62529	0.13994	0.02417	0.01002	0.00314	0.00452	0.02172	0.00736	0.00648
3	0.01594	0.01385	0.01759	0.05606	0.02142	0.01109	0.03575	0.01954	0.01640	0.02505	0.01639	0.06933	0.01473	0.00746	0.00646	0.00148	0.00638	0.00637	0.00480	0.63391
4	0.01858	0.01604	0.01684	0.01524	0.01953	0.01829	0.01183	0.03874	0.58697	0.03188	0.03758	0.03474	0.09531	0.01179	0.00821	0.00269	0.00603	0.00982	0.00799	0.01191
5	0.02463	0.02674	0.09836	0.02623	0.14347	0.20156	0.09698	0.12881	0.07626	0.07372	0.01752	0.01934	0.01320	0.00826	0.00786	0.00237	0.01093	0.00693	0.00532	0.01153
6	0.01186	0.00919	0.01341	0.01311	0.01429	0.01097	0.01014	0.01437	0.01260	0.01822	0.02061	0.03163	0.01974	0.10855	0.58095	0.01154	0.07896	0.00861	0.00423	0.00703
7	0.02108	0.01720	0.01887	0.01715	0.04995	0.01917	0.01292	0.19319	0.37929	0.03616	0.06957	0.03190	0.07550	0.01134	0.00820	0.00258	0.00672	0.00935	0.00783	0.01202
8	0.00979	0.00700	0.00932	0.01095	0.01153	0.00653	0.00737	0.01137	0.01579	0.02121	0.09566	0.66144	0.05431	0.02412	0.01006	0.00316	0.00453	0.02186	0.00747	0.00653
9	0.01736	0.01751	0.02271	0.01977	0.02020	0.06435	0.01628	0.01925	0.01287	0.01902	0.01190	0.01891	0.01159	0.01932	0.10925	0.00456	0.57601	0.00702	0.00361	0.00850
10	0.01877	0.01571	0.01676	0.01494	0.01913	0.01766	0.01164	0.08673	0.48095	0.03341	0.10540	0.03599	0.08418	0.01206	0.00831	0.00264	0.00601	0.01007	0.00807	0.01157
11	0.01550	0.02574	0.33685	0.02054	0.07953	0.01495	0.03736	0.02121	0.01644	0.04265	0.07087	0.03231	0.02172	0.14936	0.01511	0.00362	0.03541	0.04653	0.00458	0.00973
12	0.07964	0.01298	0.01310	0.08712	0.01874	0.05186	0.00987	0.06801	0.07261	0.02596	0.07135	0.05213	0.37687	0.01521	0.00847	0.00259	0.00609	0.01242	0.00668	0.00829
13	0.04669	0.01149	0.01745	0.28644	0.03042	0.01262	0.01425	0.02067	0.01553	0.14787	0.01887	0.02687	0.01531	0.01520	0.01518	0.24125	0.00832	0.04260	0.00500	0.00796
14	0.02003	0.31775	0.10436	0.01959	0.09372	0.07581	0.01654	0.02364	0.01694	0.03851	0.01529	0.02172	0.01386	0.00893	0.00829	0.00219	0.06979	0.05786	0.00412	0.07106

[dist]
# distance from previous block
# <min> <max>
1	8

[block]
# block no. 7 follows, 24 sequences, length 57
# corresponding to MSA columns:
# 221-250,254-263,266-282
name=unknown_H
#
# <colnr> <probs for GDERKNQSTAVLIFYWHMCP>
#	G	D	E	R	K	N	Q	S	T	A	V	L	I	F	Y	W	H	M	C	P
0	0.02621	0.02781	0.02371	0.09300	0.05548	0.36131	0.05100	0.11124	0.06009	0.06320	0.01628	0.01852	0.01260	0.01031	0.03251	0.00265	0.01226	0.00642	0.00510	0.01032
1	0.01567	0.01444	0.01825	0.02134	0.16206	0.07948	0.01317	0.01813	0.01506	0.02028	0.05312	0.03170	0.02125	0.18795	0.21243	0.00665	0.08771	0.00869	0.00444	0.00819
2	0.02204	0.01738	0.01937	0.05429	0.06012	0.04916	0.01361	0.11521	0.34917	0.09818	0.09034	0.02914	0.02530	0.01056	0.00811	0.00255	0.00718	0.00877	0.00762	0.01191
3	0.01134	0.00845	0.01251	0.01251	0.01384	0.00978	0.00961	0.01401	0.01267	0.01823	0.02146	0.03236	0.02035	0.09814	0.65194	0.01245	0.02045	0.00867	0.00428	0.00695
4	0.01804	0.04780	0.16730	0.04575	0.12688	0.01495	0.01714	0.02476	0.07938	0.10015	0.13333	0.03358	0.05426	0.01076	0.00809	0.00246	0.00780	0.04424	0.00603	0.05731
5	0.01228	0.00899	0.01121	0.01085	0.01337	0.00771	0.00785	0.01461	0.01714	0.04702	0.13839	0.37634	0.10421	0.01839	0.00893	0.00259	0.00476	0.01632	0.00709	0.17194
6	0.01701	0.01430	0.01660	0.01212	0.01885	0.01126	0.00966	0.05800	0.01767	0.02709	0.01562	0.04540	0.01353	0.00688	0.00617	0.00133	0.00600	0.00558	0.00501	0.69194
7	0.01937	0.01707	0.04990	0.01391	0.02052	0.05374	0.02979	0.04241	0.05536	0.09065	0.02081	0.02185	0.05151	0.00773	0.00674	0.00167	0.00698	0.00626	0.00553	0.47820
8	0.62116	0.09427	0.08062	0.01196	0.01774	0.01931	0.01116	0.02353	0.01410	0.03273	0.01135	0.01324	0.00890	0.00732	0.00519	0.00238	0.00694	0.00444	0.00459	0.00907
9	0.01334	0.01289	0.05464	0.01719	0.08316	0.01112	0.07559	0.01860	0.05763	0.02866	0.37197	0.07518	0.11936	0.01427	0.00906	0.00256	0.00597	0.01289	0.00721	0.00873
10	0.04655	0.04765	0.02428	0.04982	0.02250	0.10072	0.01685	0.02092	0.01370	0.01976	0.01083	0.01682	0.01032	0.01244	0.02146	0.00316	0.54331	0.00653	0.00359	0.00880
11	0.01781	0.01560	0.02113	0.03715	0.05979	0.01899	0.03975	0.10523	0.04747	0.02375	0.01716	0.02781	0.01663	0.20128	0.02421	0.00429	0.30002	0.00840	0.00472	0.00882
12	0.01158	0.00879	0.01290	0.01276	0.01402	0.01032	0.00983	0.01416	0.01263	0.01821	0.02109	0.03214	0.02012	0.10677	0.61542	0.01200	0.04738	0.00866	0.00426	0.00697
13	0.02077	0.01633	0.01984	0.12579	0.06370	0.01825	0.01449	0.14312	0.29220	0.07286	0.08601	0.02958	0.04080	0.01056	0.00816	0.00257	0.00732	0.00886	0.00723	0.01156
14	0.00988	0.00805	0.00873	0.00856	0.01102	0.00691	0.00642	0.01236	0.01926	0.02425	0.24021	0.07167	0.50699	0.01903	0.00937	0.00263	0.00394	0.01608	0.00774	0.00691
15	0.01619	0.01382	0.01617	0.01172	0.01851	0.01041	0.00932	0.01963	0.01640	0.02563	0.01522	0.04308	0.01330	0.00659	0.00603	0.00125	0.00582	0.00538	0.00480	0.74073
16	0.01498	0.01409	0.02378	0.70226	0.05462	0.01762	0.02202	0.02026	0.01586	0.02026	0.01409	0.02114	0.01057	0.00793	0.00793	0.00264	0.01057	0.00705	0.00352	0.00881
17	0.06687	0.05935	0.05569	0.01745	0.05882	0.08469	0.01373	0.18152	0.08300	0.12089	0.08003	0.05208	0.02183	0.03109	0.00861	0.00251	0.00807	0.00813	0.00675	0.03888
18	0.28972	0.32808	0.07350	0.01358	0.01991	0.04385	0.01295	0.05792	0.01692	0.06372	0.01286	0.01425	0.01031	0.00740	0.00557	0.00211	0.00797	0.00476	0.00455	0.01006
19	0.01136	0.00776	0.00909	0.00916	0.00944	0.00785	0.00550	0.01180	0.01206	0.01612	0.02745	0.07449	0.05411	0.59599	0.10910	0.00788	0.00891	0.01180	0.00494	0.00519
20	0.11271	0.01376	0.01567	0.01336	0.01721	0.01468	0.01065	0.11985	0.11361	0.13059	0.24306	0.03655	0.05949	0.01238	0.00918	0.00256	0.04669	0.00995	0.00785	0.01020
21	0.01003	0.00702	0.00943	0.01100	0.01147	0.00671	0.00737	0.01120	0.01466	0.01963	0.04025	0.61676	0.04780	0.05728	0.05051	0.03939	0.00577	0.02055	0.00689	0.00627
22	0.01134	0.00770	0.00911	0.00928	0.00946	0.00780	0.00555	0.01175	0.01198	0.01612	0.02631	0.11019	0.03008	0.59189	0.10251	0.00779	0.00876	0.01223	0.00498	0.00518
23	0.02628	0.02033	0.02190	0.05625	0.02461	0.05033	0.01456	0.47382	0.05712	0.04267	0.05063	0.02238	0.01713	0.01412	0.06776	0.00331	0.00983	0.00759	0.00724	0.01215
24	0.01891	0.24577	0.36331	0.02284	0.10579	0.06902	0.02297	0.02506	0.01711	0.02285	0.01320	0.01570	0.01040	0.00729	0.00680	0.00221	0.01064	0.00546	0.00348	0.01118
25	0.01235	0.00912	0.01201	0.01309	0.01506	0.00899	0.01095	0.01664	0.04972	0.02504	0.14418	0.11560	0.11188	0.02045	0.01036	0.00330	0.00621	0.40001	0.00757	0.00748
26	0.01736	0.02775	0.30390	0.06141	0.13897	0.01821	0.17743	0.04763	0.01851	0.02628	0.04630	0.02351	0.01551	0.00831	0.00829	0.00257	0.01104	0.03168	0.00419	0.01116
27	0.00975	0.00800	0.00860	0.00856	0.01097	0.00684	0.00638	0.01208	0.01881	0.02343	0.19549	0.10252	0.52198	0.01953	0.00940	0.00267	0.00399	0.01653	0.00764	0.00684
28	0.01627	0.01359	0.01730	0.01540	0.01786	0.05012	0.03847	0.12059	0.01747	0.02388	0.01947	0.02786	0.01765	0.08097	0.41665	0.00894	0.07613	0.00817	0.00481	0.00841
29	0.01122	0.00811	0.01060	0.00998	0.01185	0.00748	0.00748	0.01496	0.02245	0.03180	0.66766	0.05923	0.07482	0.01621	0.00935	0.00249	0.00374	0.01434	0.00873	0.00748
30	0.01977	0.01925	0.08356	0.05157	0.35202	0.01779	0.01987	0.06517	0.12704	0.06055	0.08382	0.02535	0.02084	0.00895	0.00802	0.00245	0.00839	0.00805	0.00557	0.01198
31	0.06792	0.01358	0.01811	0.01395	0.02003	0.01192	0.01152	0.03798	0.02230	0.64936	0.03040	0.02638	0.01915	0.00971	0.00784	0.00245	0.00672	0.00781	0.00960	0.01328
32	0.01514	0.01777	0.16669	0.04363	0.02178	0.01262	0.04354	0.02227	0.09006	0.06507	0.30346	0.06104	0.04358	0.01306	0.00877	0.00262	0.00696	0.04550	0.00694	0.00951
33	0.02962	0.03779	0.02247	0.02043	0.02451	0.68948	0.01532	0.03166	0.02247	0.01941	0.01226	0.01430	0.01021	0.00817	0.00715	0.00204	0.01430	0.00511	0.00409	0.00919
34	0.02460	0.13379	0.17046	0.01544	0.02217	0.03591	0.01536	0.02905	0.02025	0.29740	0.12941	0.02737	0.02484	0.00983	0.00762	0.00234	0.00787	0.00787	0.00697	0.01143
35	0.00987	0.00699	0.00914	0.01078	0.01119	0.00658	0.00708	0.01110	0.01478	0.01971	0.04164	0.64295	0.04985	0.10158	0.01345	0.00371	0.00494	0.02133	0.00708	0.00626
36	0.77733	0.01534	0.01166	0.01043	0.01534	0.01779	0.00859	0.02331	0.01350	0.03558	0.01104	0.01288	0.00859	0.00736	0.00491	0.00245	0.00613	0.00429	0.00491	0.00859
37	0.01887	0.03036	0.28410	0.09309	0.03530	0.13105	0.18518	0.02611	0.04365	0.02400	0.01623	0.02152	0.01269	0.00818	0.00815	0.00254	0.01207	0.03231	0.00401	0.01058
38	0.02979	0.01522	0.01855	0.01505	0.02063	0.01519	0.01216	0.07516	0.24264	0.41851	0.03091	0.02742	0.02085	0.01012	0.00800	0.00253	0.00670	0.00827	0.00910	0.01317
39	0.02245	0.01735	0.01868	0.01599	0.02085	0.01942	0.01266	0.17313	0.43626	0.07917	0.05025	0.02966	0.04625	0.01092	0.00812	0.00260	0.00669	0.00894	0.00815	0.01246
40	0.02972	0.02200	0.02356	0.01816	0.02443	0.02439	0.01497	0.62058	0.06281	0.04928	0.01958	0.01947	0.01393	0.00957	0.00794	0.00239	0.00863	0.00721	0.00794	0.01345
41	0.05219	0.10394	0.20115	0.01952	0.06921	0.05499	0.05566	0.02626	0.03624	0.14624	0.10620	0.05220	0.02283	0.00975	0.00770	0.00241	0.00878	0.00814	0.00575	0.01084
42	0.01682	0.01560	0.05819	0.04433	0.02098	0.01376	0.01257	0.02120	0.05006	0.05574	0.01869	0.09868	0.01710	0.01007	0.01021	0.00209	0.12575	0.00770	0.00509	0.39537
43	0.00993	0.00731	0.00904	0.01008	0.01124	0.00662	0.00697	0.01139	0.01625	0.02105	0.09837	0.44752	0.22501	0.02303	0.01107	0.04759	0.00451	0.01939	0.00723	0.00641
44	0.01393	0.01242	0.05471	0.01576	0.08666	0.01083	0.01126	0.01953	0.09069	0.05502	0.23902	0.11950	0.16516	0.01799	0.04872	0.00321	0.00644	0.01314	0.00717	0.00884
45	0.00999	0.00712	0.00945	0.01110	0.01169	0.00670	0.00758	0.01156	0.01555	0.02078	0.07170	0.62171	0.05211	0.05318	0.01139	0.00340	0.00485	0.05638	0.00731	0.00647
46	0.01710	0.24567	0.37057	0.01792	0.02664	0.02116	0.02096	0.02429	0.05289	0.02380	0.05790	0.02202	0.04998	0.00869	0.00702	0.00228	0.00952	0.00664	0.00417	0.01077
47	0.01644	0.01409	0.01644	0.01175	0.01879	0.01057	0.00940	0.01997	0.01644	0.02584	0.01409	0.01644	0.01175	0.00587	0.00587	0.00117	0.00587	0.00470	0.00470	0.76979
48	0.01150	0.00830	0.01114	0.01206	0.01367	0.00794	0.00963	0.01467	0.01908	0.02573	0.25881	0.20213	0.08073	0.02046	0.01018	0.00313	0.00542	0.27045	0.00781	0.00717
49	0.08066	0.06835	0.21581	0.02070	0.06335	0.05875	0.04486	0.26078	0.02474	0.03490	0.01609	0.01781	0.01189	0.00827	0.00734	0.00235	0.00973	0.00636	0.03549	0.01175
50	0.02908	0.01806	0.01915	0.01574	0.02108	0.08984	0.01259	0.11779	0.19421	0.32682	0.05107	0.02642	0.02102	0.01008	0.00795	0.00246	0.00760	0.00805	0.00843	0.01255
51	0.03089	0.01267	0.01704	0.01346	0.01880	0.01118	0.01096	0.03466	0.04187	0.54637	0.14120	0.03264	0.02930	0.01095	0.00822	0.00247	0.00621	0.00910	0.00957	0.01243
52	0.01968	0.01860	0.03109	0.04390	0.56628	0.01861	0.05279	0.06183	0.01927	0.02712	0.01871	0.02270	0.04759	0.00789	0.00801	0.00239	0.00928	0.00770	0.00436	0.01221
53	0.01106	0.00749	0.00879	0.00925	0.00937	0.00737	0.00545	0.01141	0.01245	0.01660	0.02971	0.21942	0.03479	0.54566	0.03273	0.00656	0.00691	0.01431	0.00545	0.00522
54	0.02120	0.72609	0.04155	0.01357	0.02035	0.03138	0.01357	0.02374	0.01611	0.01866	0.01102	0.01272	0.01018	0.00678	0.00509	0.00170	0.00848	0.00424	0.00339	0.01018
55	0.01791	0.01482	0.01910	0.01389	0.02082	0.01193	0.06110	0.02276	0.05429	0.06326	0.01629	0.01821	0.01294	0.00645	0.00640	0.00146	0.00655	0.00551	0.00513	0.62118
56	0.01644	0.01409	0.01644	0.01175	0.01879	0.01057	0.00940	0.01997	0.01644	0.02584	0.01409	0.01644	0.01175	0.00587	0.00587	0.00117	0.00587	0.00470	0.00470	0.76979

[dist]
# distance from previous block
# <min> <max>
5	8

[block]
# block no. 8 follows, 24 sequences, length 14
# corresponding to MSA columns:
# 291-304
name=unknown_I
#
# <colnr> <probs for GDERKNQSTAVLIFYWHMCP>
#	G	D	E	R	K	N	Q	S	T	A	V	L	I	F	Y	W	H	M	C	P
0	0.02432	0.01587	0.01936	0.01628	0.06317	0.01457	0.01221	0.13117	0.08064	0.20375	0.02121	0.02110	0.01533	0.00805	0.00711	0.00193	0.00685	0.00652	0.00686	0.32370
1	0.01920	0.07254	0.12018	0.05112	0.26351	0.09558	0.07967	0.02423	0.03772	0.02405	0.05749	0.02142	0.01611	0.00927	0.00962	0.04426	0.03194	0.00721	0.00422	0.01064
2	0.01715	0.01556	0.02429	0.30455	0.24484	0.01731	0.01971	0.04742	0.09013	0.02606	0.09439	0.02605	0.02051	0.00901	0.00809	0.00253	0.00883	0.00814	0.00495	0.01047
3	0.01236	0.00974	0.01314	0.01246	0.01429	0.01031	0.00936	0.01457	0.01363	0.01966	0.02413	0.16813	0.02536	0.11853	0.30908	0.00757	0.07352	0.01095	0.00495	0.12826
4	0.68616	0.01731	0.05307	0.01164	0.01705	0.01824	0.01024	0.06075	0.01512	0.03581	0.01172	0.01349	0.00897	0.00750	0.00525	0.00245	0.00663	0.00456	0.00499	0.00907
5	0.01478	0.00739	0.00739	0.00739	0.00924	0.00739	0.00554	0.01848	0.01663	0.02956	0.02587	0.02956	0.02033	0.00924	0.00554	0.00185	0.00370	0.00739	0.76534	0.00739
6	0.00966	0.00690	0.00920	0.01104	0.01150	0.00644	0.00736	0.01104	0.01518	0.02024	0.04371	0.71614	0.05245	0.02484	0.01012	0.00322	0.00460	0.02254	0.00736	0.00644
7	0.06503	0.01998	0.06160	0.20368	0.32875	0.06578	0.06022	0.02474	0.04862	0.02491	0.01517	0.01967	0.01206	0.00756	0.00773	0.00246	0.01006	0.00693	0.00407	0.01099
8	0.01043	0.00785	0.01049	0.01150	0.01245	0.00790	0.00827	0.01235	0.01554	0.02088	0.07986	0.45308	0.10705	0.02858	0.11474	0.00461	0.03574	0.04511	0.00681	0.00676
9	0.02265	0.02175	0.06812	0.09473	0.14726	0.08187	0.04573	0.23311	0.04421	0.03214	0.03549	0.02054	0.01439	0.00992	0.01021	0.03978	0.05428	0.00719	0.00543	0.01120
10	0.01377	0.00689	0.01033	0.01033	0.01033	0.00689	0.00689	0.01033	0.01033	0.01377	0.01377	0.02410	0.01377	0.02755	0.03099	0.76928	0.00689	0.00689	0.00344	0.00344
11	0.04599	0.02068	0.06006	0.10721	0.17210	0.04179	0.01827	0.28327	0.06622	0.03562	0.01903	0.02388	0.01511	0.00939	0.00797	0.00250	0.00912	0.04388	0.00601	0.01190
12	0.00993	0.00715	0.00929	0.01080	0.01150	0.00667	0.00735	0.01146	0.01560	0.02068	0.07165	0.58587	0.09229	0.06208	0.01172	0.00341	0.00480	0.04402	0.00728	0.00645
13	0.02990	0.02129	0.02306	0.01783	0.02405	0.02339	0.01468	0.56631	0.07367	0.09313	0.02070	0.02023	0.01456	0.00961	0.00794	0.00240	0.00844	0.00731	0.00807	0.01343

[dist]
# distance from previous block
# <min> <max>
0	1

[block]
# block no. 9 follows, 24 sequences, length 6
# corresponding to MSA columns:
# 306-311
name=unknown_J
#
# <colnr> <probs for GDERKNQSTAVLIFYWHMCP>
#	G	D	E	R	K	N	Q	S	T	A	V	L	I	F	Y	W	H	M	C	P
0	0.02151	0.08431	0.02738	0.06650	0.02635	0.08245	0.10817	0.11695	0.06579	0.05715	0.01633	0.02087	0.01346	0.04617	0.01458	0.00295	0.20656	0.00735	0.00497	0.01020
1	0.01757	0.02156	0.09547	0.03027	0.03784	0.01855	0.52814	0.02393	0.01820	0.02486	0.01868	0.09104	0.01594	0.00859	0.00928	0.00272	0.01235	0.01040	0.00429	0.01035
2	0.02632	0.08352	0.08790	0.06958	0.15585	0.01949	0.01769	0.19982	0.02418	0.20756	0.02001	0.02066	0.01414	0.00857	0.00763	0.00236	0.00872	0.00696	0.00650	0.01252
3	0.01377	0.00689	0.01033	0.01033	0.01033	0.00689	0.00689	0.01033	0.01033	0.01377	0.01377	0.02410	0.01377	0.02755	0.03099	0.76928	0.00689	0.00689	0.00344	0.00344
4	0.01079	0.00804	0.01021	0.01106	0.01273	0.00746	0.00855	0.01346	0.01832	0.02403	0.18986	0.24749	0.20245	0.02100	0.01000	0.00305	0.00501	0.18188	0.00765	0.00697
5	0.01594	0.01700	0.08820	0.11346	0.05604	0.01653	0.07961	0.05198	0.06895	0.02535	0.10339	0.07956	0.02559	0.01574	0.06155	0.00356	0.12413	0.03867	0.00533	0.00943

[dist]
# distance from previous block
# <min> <max>
1	4

[block]
# block no. 10 follows, 24 sequences, length 13
# corresponding to MSA columns:
# 316-328
name=unknown_K
#
# <colnr> <probs for GDERKNQSTAVLIFYWHMCP>
#	G	D	E	R	K	N	Q	S	T	A	V	L	I	F	Y	W	H	M	C	P
0	0.01083	0.00766	0.01003	0.01110	0.01200	0.00733	0.00795	0.01285	0.01654	0.02230	0.15999	0.36825	0.05166	0.13586	0.01504	0.00389	0.00543	0.12756	0.00720	0.00653
1	0.02407	0.05262	0.01978	0.01615	0.01987	0.22321	0.01284	0.08225	0.03902	0.12539	0.02612	0.02697	0.09957	0.01112	0.01043	0.00243	0.11984	0.00782	0.07068	0.00982
2	0.01011	0.00751	0.00943	0.01012	0.01146	0.00683	0.00715	0.01238	0.01809	0.02421	0.25270	0.38127	0.17738	0.02114	0.00973	0.00288	0.00421	0.01878	0.00780	0.00683
3	0.01755	0.07645	0.51919	0.02326	0.03369	0.06885	0.10203	0.02556	0.01737	0.02437	0.01413	0.01690	0.01031	0.00744	0.00759	0.00245	0.01193	0.00614	0.00349	0.01132
4	0.01061	0.00800	0.01000	0.01018	0.01200	0.00738	0.00765	0.01346	0.01921	0.02576	0.32335	0.17163	0.22136	0.02163	0.04949	0.00335	0.00527	0.06485	0.00777	0.00707
5	0.01676	0.01588	0.02751	0.47218	0.08330	0.01813	0.12571	0.06709	0.01802	0.02364	0.01611	0.05090	0.01295	0.00852	0.00826	0.00264	0.01058	0.00811	0.00412	0.00958
6	0.01053	0.00734	0.00943	0.01048	0.01121	0.00698	0.00713	0.01162	0.01488	0.01968	0.06864	0.41155	0.10625	0.13530	0.03843	0.06615	0.00584	0.04588	0.00660	0.00607
7	0.02003	0.01723	0.02845	0.12531	0.42777	0.01771	0.04792	0.02592	0.07239	0.07795	0.01761	0.02154	0.01390	0.00859	0.00896	0.03583	0.00914	0.00739	0.00469	0.01167
8	0.02219	0.01574	0.01788	0.01447	0.02020	0.01558	0.01152	0.06971	0.29826	0.15005	0.02546	0.02426	0.01873	0.00894	0.00734	0.00214	0.00638	0.00730	0.00730	0.25656
9	0.02264	0.01294	0.03858	0.01380	0.01803	0.01171	0.01145	0.02920	0.12684	0.28840	0.15117	0.09703	0.03637	0.01389	0.00880	0.00272	0.00619	0.09092	0.00857	0.01077
10	0.14605	0.24488	0.09373	0.01666	0.02242	0.17103	0.01524	0.09984	0.01935	0.02602	0.01253	0.01466	0.01033	0.00819	0.00789	0.00221	0.06931	0.00518	0.00434	0.01013
11	0.09158	0.02508	0.02118	0.01759	0.02293	0.21868	0.01395	0.29551	0.11513	0.03615	0.01792	0.01843	0.01349	0.00892	0.00735	0.00227	0.00966	0.00642	0.00639	0.05137
12	0.14354	0.06143	0.06102	0.08127	0.13320	0.09539	0.15768	0.08540	0.05692	0.02845	0.01534	0.01846	0.01189	0.00768	0.00749	0.00242	0.01023	0.00681	0.00466	0.01073

[dist]
# distance from previous block
# <min> <max>
14	19

[block]
# block no. 11 follows, 24 sequences, length 20
# corresponding to MSA columns:
# 348-367
name=unknown_L
#
# <colnr> <probs for GDERKNQSTAVLIFYWHMCP>
