[name]
unknown

[dist]
# distance from previous block
# <min> <max>
0	49

[block]
# block no. 0 follows, 25 sequences, length 12
# corresponding to MSA columns:
# 50-61
name=unknown_A
#
# <colnr> <probs for GDERKNQSTAVLIFYWHMCP>
#	G	D	E	R	K	N	Q	S	T	A	V	L	I	F	Y	W	H	M	C	P
0	0.09381	0.03614	0.01599	0.03823	0.06195	0.03131	0.01228	0.08940	0.01842	0.04438	0.02678	0.04897	0.02669	0.06164	0.04337	0.04440	0.00814	0.25724	0.03257	0.00829
1	0.01501	0.01263	0.01806	0.11171	0.06598	0.01250	0.05341	0.06757	0.03910	0.02425	0.02478	0.21099	0.02526	0.04527	0.04210	0.00312	0.00784	0.04231	0.00551	0.17261
2	0.06604	0.01605	0.05832	0.01335	0.01691	0.09302	0.01099	0.10412	0.02110	0.02904	0.23929	0.13428	0.03951	0.03506	0.00919	0.00260	0.00675	0.04263	0.00669	0.05504
3	0.06143	0.00898	0.01277	0.03049	0.01423	0.00934	0.04198	0.01457	0.04327	0.01872	0.01982	0.07669	0.01966	0.06354	0.06635	0.39133	0.00778	0.04993	0.04357	0.00558
4	0.01226	0.00918	0.01117	0.01159	0.01312	0.00932	0.00824	0.05812	0.09295	0.02419	0.10824	0.44037	0.06577	0.05751	0.03676	0.00351	0.00562	0.01735	0.00722	0.00752
5	0.01395	0.00935	0.01231	0.01135	0.01367	0.00876	0.04024	0.01705	0.05876	0.09485	0.12478	0.18642	0.19514	0.11331	0.01447	0.05149	0.00557	0.01413	0.00694	0.00745
6	0.01344	0.00766	0.00897	0.00906	0.01027	0.00776	0.00639	0.03597	0.01488	0.02331	0.02543	0.13607	0.02440	0.10676	0.05642	0.12791	0.00594	0.00996	0.36306	0.00633
7	0.01532	0.00910	0.01140	0.01067	0.01299	0.00851	0.00792	0.04940	0.01978	0.12899	0.27347	0.20340	0.09922	0.06083	0.01073	0.00289	0.00482	0.01420	0.04828	0.00806
8	0.00997	0.00713	0.00931	0.01061	0.01136	0.00670	0.00732	0.01166	0.01572	0.02106	0.11942	0.52414	0.07343	0.07845	0.01217	0.00342	0.00479	0.05983	0.00716	0.00636
9	0.00986	0.00696	0.00889	0.01023	0.01095	0.00649	0.00689	0.01142	0.01533	0.02072	0.08168	0.56771	0.09182	0.06251	0.01126	0.00325	0.00454	0.01986	0.04328	0.00633
10	0.14180	0.01216	0.01219	0.01186	0.01421	0.05270	0.00886	0.09800	0.01816	0.02712	0.07132	0.27101	0.03257	0.05389	0.01067	0.03552	0.00612	0.04740	0.06676	0.00768
11	0.10639	0.01134	0.01237	0.01161	0.01435	0.01182	0.00864	0.09268	0.09752	0.06859	0.06806	0.23294	0.09109	0.08880	0.01140	0.00316	0.00565	0.01294	0.04220	0.00846

[dist]
# distance from previous block
# <min> <max>
7	13

[block]
# block no. 1 follows, 25 sequences, length 27
# corresponding to MSA columns:
# 75-101
name=unknown_B
#
# <colnr> <probs for GDERKNQSTAVLIFYWHMCP>
#	G	D	E	R	K	N	Q	S	T	A	V	L	I	F	Y	W	H	M	C	P
0	0.16185	0.05532	0.14729	0.01506	0.02070	0.01581	0.03767	0.06419	0.01862	0.09105	0.16449	0.02615	0.02522	0.00985	0.00847	0.00237	0.05767	0.00764	0.00577	0.06481
1	0.01067	0.00807	0.01038	0.01088	0.01256	0.00723	0.00765	0.01255	0.01521	0.02095	0.05813	0.51287	0.06779	0.02328	0.05827	0.00345	0.00581	0.01778	0.00660	0.12987
2	0.02040	0.06766	0.05309	0.03540	0.02109	0.01578	0.01249	0.09166	0.16979	0.11290	0.02290	0.05378	0.01854	0.00946	0.00722	0.00212	0.00686	0.03726	0.00636	0.23524
3	0.01355	0.00936	0.01250	0.01213	0.04677	0.00844	0.00861	0.01719	0.02122	0.07698	0.53596	0.04993	0.06066	0.01404	0.00867	0.00231	0.00434	0.01237	0.00802	0.07693
4	0.01608	0.01378	0.01608	0.01148	0.01837	0.01034	0.00919	0.01952	0.01608	0.02527	0.01378	0.01608	0.01148	0.00574	0.00574	0.00115	0.00574	0.00459	0.00459	0.77491
5	0.01776	0.02054	0.07529	0.13292	0.14121	0.01899	0.42788	0.02393	0.01769	0.02417	0.01514	0.02036	0.01153	0.00682	0.00862	0.00255	0.01199	0.00829	0.00380	0.01053
6	0.14135	0.01833	0.03196	0.02670	0.10649	0.01860	0.32642	0.05614	0.05467	0.02756	0.02003	0.02335	0.05943	0.00835	0.00896	0.00257	0.04585	0.00835	0.00468	0.01020
7	0.01057	0.00771	0.00994	0.00980	0.01144	0.00708	0.00719	0.01369	0.02037	0.02835	0.51923	0.17779	0.11261	0.01763	0.00928	0.00258	0.00383	0.01562	0.00820	0.00708
8	0.07890	0.01982	0.02144	0.09642	0.05343	0.05415	0.01490	0.34480	0.16960	0.03850	0.01987	0.02049	0.01464	0.00908	0.00753	0.00241	0.00832	0.00707	0.00674	0.01188
9	0.01094	0.00787	0.01012	0.01099	0.01207	0.00755	0.00766	0.04927	0.01762	0.02389	0.17517	0.54051	0.05368	0.02163	0.00961	0.00295	0.00456	0.01946	0.00751	0.00692
10	0.07910	0.13706	0.02864	0.02078	0.06849	0.08794	0.10606	0.28861	0.05265	0.03433	0.01601	0.01754	0.01219	0.00809	0.00722	0.00224	0.00943	0.00652	0.00566	0.01143
11	0.02391	0.01492	0.02093	0.01897	0.10532	0.01374	0.04544	0.02846	0.05677	0.27421	0.02112	0.02144	0.01514	0.00823	0.00848	0.00209	0.05749	0.00674	0.00646	0.25012
12	0.02281	0.42578	0.03198	0.01571	0.02091	0.25455	0.01375	0.02507	0.01772	0.01863	0.01401	0.01584	0.03805	0.00803	0.00700	0.00191	0.05005	0.00510	0.00371	0.00940
13	0.01456	0.01206	0.01340	0.01446	0.05631	0.07200	0.00979	0.06656	0.01701	0.02199	0.06169	0.21991	0.03361	0.18908	0.06264	0.02599	0.00813	0.08771	0.00590	0.00722
14	0.07516	0.04208	0.13494	0.04726	0.04488	0.06529	0.05793	0.12811	0.02028	0.11816	0.01718	0.01968	0.01296	0.02660	0.04854	0.00294	0.02579	0.00649	0.00534	0.10038
15	0.02476	0.01800	0.04043	0.05259	0.04904	0.01878	0.01415	0.24148	0.23510	0.15348	0.05179	0.02506	0.01988	0.00979	0.00785	0.00246	0.00741	0.00796	0.00765	0.01233
16	0.01831	0.06791	0.04447	0.05958	0.03969	0.02024	0.58233	0.02452	0.01801	0.02419	0.01528	0.02034	0.01158	0.00659	0.00881	0.00255	0.01264	0.00872	0.00386	0.01035
17	0.01883	0.02006	0.07749	0.07454	0.05947	0.01889	0.29523	0.10363	0.14214	0.02860	0.02291	0.02531	0.05813	0.00866	0.00846	0.00256	0.01013	0.00880	0.00528	0.01089
18	0.00949	0.00684	0.00900	0.01063	0.01123	0.00635	0.00715	0.01096	0.01524	0.02028	0.06902	0.66914	0.07843	0.02376	0.00984	0.00310	0.00444	0.02149	0.00725	0.00635
19	0.02549	0.01842	0.02013	0.01636	0.02155	0.02024	0.01317	0.40408	0.17639	0.08787	0.02488	0.09334	0.01989	0.01113	0.00801	0.00248	0.00744	0.00898	0.00786	0.01228
20	0.00990	0.00771	0.00899	0.00903	0.01102	0.00680	0.00663	0.01242	0.01888	0.02466	0.30147	0.16625	0.35070	0.01889	0.00927	0.00263	0.00391	0.01633	0.00771	0.00680
21	0.02404	0.02067	0.06537	0.05790	0.02501	0.02154	0.01518	0.35547	0.25870	0.03967	0.02265	0.02227	0.01654	0.00952	0.00778	0.00246	0.00798	0.00753	0.00725	0.01248
22	0.01347	0.00673	0.01010	0.01010	0.01010	0.00673	0.00673	0.01010	0.01010	0.01347	0.01347	0.02357	0.01347	0.02694	0.03030	0.77441	0.00673	0.00673	0.00337	0.00337
23	0.01340	0.01994	0.22882	0.05635	0.02370	0.01336	0.07599	0.01779	0.01523	0.02144	0.05092	0.21103	0.02653	0.12325	0.01453	0.00351	0.05925	0.01171	0.00483	0.00841
24	0.44438	0.09598	0.01829	0.01324	0.01847	0.09387	0.01101	0.15179	0.01939	0.05280	0.01308	0.01434	0.01002	0.00772	0.00574	0.00226	0.00764	0.00495	0.00529	0.00974
25	0.40361	0.24851	0.06048	0.01293	0.01871	0.07085	0.01189	0.05422	0.01596	0.02844	0.01143	0.01315	0.00932	0.00719	0.00530	0.00213	0.00774	0.00446	0.00432	0.00934
26	0.04475	0.01790	0.07538	0.01641	0.02157	0.01687	0.04432	0.22431	0.08372	0.17040	0.02491	0.12302	0.02084	0.03825	0.00995	0.00275	0.03677	0.00955	0.00714	0.01119

[dist]
# distance from previous block
# <min> <max>
1	7

[block]
# block no. 2 follows, 25 sequences, length 18
# corresponding to MSA columns:
# 109-126
name=unknown_C
#
# <colnr> <probs for GDERKNQSTAVLIFYWHMCP>
#	G	D	E	R	K	N	Q	S	T	A	V	L	I	F	Y	W	H	M	C	P
0	0.01724	0.01396	0.01822	0.01593	0.01928	0.01523	0.07390	0.05099	0.28500	0.06173	0.05682	0.16166	0.02922	0.06703	0.01200	0.00314	0.05181	0.03001	0.00693	0.00988
1	0.01124	0.00765	0.00913	0.00913	0.00937	0.00788	0.00554	0.01171	0.01148	0.01553	0.02381	0.04732	0.02670	0.61467	0.15027	0.00835	0.00975	0.01078	0.00461	0.00507
2	0.01995	0.62747	0.13847	0.01460	0.02197	0.02876	0.01559	0.02342	0.01585	0.01920	0.01125	0.01303	0.00993	0.00674	0.00534	0.00178	0.00877	0.00439	0.00331	0.01018
3	0.00992	0.00758	0.00916	0.00983	0.01146	0.00682	0.00722	0.01215	0.01754	0.02274	0.18006	0.29884	0.28229	0.02068	0.00956	0.00285	0.00436	0.07281	0.00746	0.00666
4	0.01318	0.02352	0.32422	0.01811	0.06854	0.01290	0.01844	0.01869	0.01686	0.02306	0.03749	0.09774	0.20697	0.01363	0.00844	0.00266	0.00815	0.07301	0.00514	0.00926
5	0.00960	0.00787	0.00847	0.00832	0.01074	0.00673	0.00624	0.01198	0.01871	0.02342	0.22375	0.07055	0.52925	0.01872	0.00916	0.00257	0.00386	0.01579	0.00753	0.00673
6	0.00993	0.00709	0.00923	0.01045	0.01100	0.00688	0.00697	0.01122	0.01406	0.01880	0.03839	0.50746	0.06538	0.15284	0.08768	0.00489	0.00673	0.01848	0.00643	0.00609
7	0.01426	0.01307	0.02063	0.49814	0.04188	0.01610	0.01828	0.01954	0.05416	0.02047	0.01926	0.13491	0.01778	0.01108	0.00954	0.00274	0.06593	0.00946	0.00432	0.00845
8	0.01929	0.01666	0.01753	0.01578	0.02016	0.01929	0.01227	0.04120	0.66513	0.03243	0.03156	0.02893	0.02367	0.01052	0.00789	0.00263	0.00614	0.00877	0.00789	0.01227
9	0.01555	0.04011	0.68733	0.02210	0.03356	0.01801	0.02865	0.02455	0.01637	0.02455	0.01391	0.01637	0.00982	0.00737	0.00737	0.00246	0.01146	0.00573	0.00327	0.01146
10	0.01173	0.00896	0.01160	0.01384	0.07683	0.00888	0.00831	0.01453	0.06280	0.01979	0.03539	0.33900	0.07767	0.25240	0.01920	0.00443	0.00604	0.01565	0.00610	0.00683
11	0.02070	0.02275	0.01835	0.01944	0.06939	0.33118	0.01450	0.02361	0.01976	0.02139	0.02548	0.04798	0.02600	0.01405	0.00874	0.00274	0.01050	0.28964	0.00542	0.00839
12	0.01685	0.08649	0.53935	0.02053	0.03046	0.07327	0.02502	0.02495	0.03703	0.02376	0.01674	0.01868	0.03761	0.00797	0.00726	0.00237	0.01097	0.00609	0.00364	0.01098
13	0.01586	0.01365	0.01433	0.01326	0.01656	0.03918	0.01013	0.02903	0.37001	0.02956	0.19705	0.08478	0.10718	0.01361	0.00843	0.00259	0.00547	0.01160	0.00779	0.00992
14	0.01323	0.00844	0.01097	0.01004	0.01233	0.00767	0.00764	0.01672	0.02172	0.09530	0.57526	0.05579	0.10405	0.01546	0.00901	0.00245	0.00397	0.01355	0.00856	0.00785
15	0.01186	0.00907	0.01162	0.01141	0.01165	0.01030	0.00785	0.01271	0.01225	0.01696	0.02544	0.18394	0.02903	0.38879	0.09676	0.00638	0.13066	0.01246	0.00494	0.00591
16	0.02033	0.02094	0.01840	0.08458	0.02276	0.25874	0.01344	0.10688	0.01941	0.02269	0.01664	0.02198	0.01428	0.02859	0.28833	0.00636	0.01565	0.00680	0.00451	0.00868
17	0.04922	0.23890	0.39679	0.02109	0.08213	0.04197	0.02252	0.02422	0.01633	0.02303	0.01287	0.01523	0.01001	0.00713	0.00658	0.00219	0.01020	0.00528	0.00342	0.01089

[dist]
# distance from previous block
# <min> <max>
6	9

[block]
# block no. 3 follows, 25 sequences, length 39
# corresponding to MSA columns:
# 136-174
name=unknown_D
#
# <colnr> <probs for GDERKNQSTAVLIFYWHMCP>
#	G	D	E	R	K	N	Q	S	T	A	V	L	I	F	Y	W	H	M	C	P
0	0.02029	0.09869	0.08578	0.01683	0.06277	0.11425	0.01362	0.06213	0.08072	0.10646	0.17799	0.05518	0.05099	0.01105	0.00776	0.00232	0.00772	0.00903	0.00640	0.01004
1	0.08845	0.01806	0.01909	0.01587	0.02096	0.02019	0.01272	0.29632	0.28578	0.07038	0.02478	0.05306	0.01893	0.01028	0.00765	0.00249	0.00709	0.00815	0.00762	0.01212
2	0.66770	0.01722	0.01276	0.01145	0.01615	0.08340	0.00925	0.02459	0.04947	0.03313	0.01204	0.01362	0.00938	0.00745	0.00518	0.00237	0.00678	0.00452	0.00489	0.00867
3	0.01613	0.05033	0.05698	0.27713	0.11768	0.01690	0.08998	0.06142	0.01798	0.02421	0.08163	0.09430	0.02116	0.01017	0.00862	0.00255	0.02951	0.00919	0.00469	0.00943
4	0.01728	0.01753	0.02313	0.04752	0.02232	0.08585	0.06729	0.01977	0.01381	0.01965	0.01302	0.01943	0.01193	0.01765	0.10565	0.00423	0.43797	0.00702	0.04049	0.00844
5	0.04933	0.07011	0.16515	0.10740	0.06277	0.02019	0.27069	0.08006	0.01850	0.02603	0.01454	0.01862	0.01103	0.00748	0.00878	0.00251	0.04494	0.00727	0.00405	0.01055
6	0.01327	0.00680	0.00995	0.00995	0.00995	0.00680	0.00655	0.01021	0.01021	0.01361	0.01446	0.02602	0.01480	0.09021	0.03113	0.70515	0.00680	0.00714	0.00349	0.00349
7	0.02147	0.02208	0.01915	0.01910	0.07646	0.23385	0.01373	0.07147	0.24181	0.02667	0.02817	0.03245	0.07859	0.01121	0.00796	0.00247	0.00896	0.06797	0.00616	0.01027
8	0.01347	0.00673	0.01010	0.01010	0.01010	0.00673	0.00673	0.01010	0.01010	0.01347	0.01347	0.02357	0.01347	0.02694	0.03030	0.77441	0.00673	0.00673	0.00337	0.00337
9	0.01887	0.01618	0.01813	0.06114	0.02183	0.01882	0.01294	0.09970	0.43441	0.03100	0.03166	0.03065	0.08378	0.01137	0.00957	0.00266	0.06993	0.00901	0.00711	0.01123
10	0.02947	0.02172	0.02327	0.01784	0.02404	0.02404	0.01474	0.65329	0.03646	0.04887	0.01862	0.01862	0.01319	0.00931	0.00776	0.00233	0.00853	0.00698	0.00776	0.01319
11	0.01890	0.07870	0.04471	0.01223	0.01739	0.01222	0.01038	0.02335	0.05038	0.16272	0.22483	0.03160	0.03276	0.01008	0.00733	0.00198	0.00575	0.00841	0.00685	0.23944
12	0.01430	0.02330	0.29787	0.01642	0.02251	0.03477	0.01756	0.02173	0.08132	0.02630	0.19343	0.09864	0.03482	0.01279	0.00842	0.00262	0.00794	0.06992	0.00585	0.00950
13	0.01608	0.01378	0.01608	0.01148	0.01837	0.01034	0.00919	0.01952	0.01608	0.02527	0.01378	0.01608	0.01148	0.00574	0.00574	0.00115	0.00574	0.00459	0.00459	0.77491
14	0.00945	0.00675	0.00900	0.01080	0.01125	0.00630	0.00720	0.01080	0.01484	0.01979	0.04274	0.72245	0.05128	0.02429	0.00990	0.00315	0.00450	0.02204	0.00720	0.00630
15	0.01731	0.03660	0.51584	0.02366	0.03379	0.08411	0.13103	0.02522	0.01724	0.02406	0.01402	0.01690	0.01016	0.00729	0.00763	0.00244	0.01197	0.00623	0.00345	0.01105
16	0.01445	0.00723	0.00723	0.00723	0.00903	0.00723	0.00542	0.01807	0.01626	0.02891	0.02529	0.02891	0.01987	0.00903	0.00542	0.00181	0.00361	0.00723	0.77055	0.00723
17	0.01929	0.01666	0.01753	0.01578	0.02016	0.01929	0.01227	0.04120	0.66513	0.03243	0.03156	0.02893	0.02367	0.01052	0.00789	0.00263	0.00614	0.00877	0.00789	0.01227
18	0.02947	0.02172	0.02327	0.01784	0.02404	0.02404	0.01474	0.65329	0.03646	0.04887	0.01862	0.01862	0.01319	0.00931	0.00776	0.00233	0.00853	0.00698	0.00776	0.01319
19	0.01154	0.00959	0.01337	0.05885	0.01614	0.01108	0.01041	0.01322	0.01420	0.01953	0.03325	0.51198	0.03902	0.02071	0.01338	0.00317	0.17005	0.01749	0.00606	0.00696
20	0.02947	0.02172	0.02327	0.01784	0.02404	0.02404	0.01474	0.65329	0.03646	0.04887	0.01862	0.01862	0.01319	0.00931	0.00776	0.00233	0.00853	0.00698	0.00776	0.01319
21	0.01163	0.00799	0.01012	0.00971	0.01152	0.00732	0.00711	0.01457	0.01996	0.05460	0.47028	0.12241	0.13225	0.07214	0.01152	0.00292	0.00419	0.01459	0.00800	0.00717
22	0.05365	0.01637	0.02810	0.34480	0.25877	0.01819	0.09524	0.02183	0.01629	0.02293	0.01398	0.01966	0.01106	0.00755	0.00850	0.00252	0.03980	0.00703	0.00370	0.01005
23	0.00959	0.00787	0.00844	0.00830	0.01073	0.00673	0.00622	0.01195	0.01867	0.02332	0.21829	0.07071	0.53477	0.01875	0.00916	0.00258	0.00386	0.01582	0.00751	0.00673
24	0.01463	0.01328	0.02202	0.65497	0.04999	0.01646	0.02030	0.01968	0.01556	0.02051	0.01467	0.02130	0.01107	0.00785	0.00757	0.00252	0.00982	0.00692	0.06238	0.00851
25	0.03091	0.01941	0.02184	0.01675	0.02289	0.02062	0.01383	0.48668	0.03259	0.22092	0.02186	0.02072	0.01481	0.00939	0.00777	0.00235	0.00801	0.00720	0.00825	0.01319
26	0.01411	0.01321	0.02176	0.64083	0.04924	0.01619	0.02002	0.01897	0.01571	0.01992	0.02007	0.02591	0.07494	0.00891	0.00789	0.00259	0.00971	0.00781	0.00381	0.00841
27	0.02036	0.29500	0.12916	0.01636	0.02174	0.08331	0.01570	0.04980	0.01703	0.06927	0.01616	0.08447	0.01481	0.01005	0.00965	0.00232	0.12351	0.00702	0.00441	0.00987
28	0.47991	0.01659	0.01658	0.01410	0.01858	0.08178	0.09249	0.02209	0.01546	0.03018	0.05843	0.08951	0.01763	0.00951	0.00639	0.00247	0.00739	0.00739	0.00510	0.00844
29	0.01754	0.06719	0.07864	0.02500	0.03084	0.04840	0.34944	0.02332	0.04918	0.02315	0.01952	0.08469	0.03550	0.00976	0.01075	0.00266	0.10082	0.00948	0.00437	0.00977
30	0.02030	0.05881	0.06718	0.07623	0.11885	0.01665	0.04257	0.10432	0.10728	0.11819	0.05486	0.07459	0.02127	0.05058	0.03128	0.00304	0.00837	0.00885	0.00610	0.01070
31	0.01773	0.01440	0.01734	0.01796	0.10161	0.01552	0.01228	0.06393	0.33260	0.05285	0.19516	0.03661	0.06510	0.01176	0.00823	0.00251	0.00594	0.01010	0.00755	0.01082
32	0.02947	0.02172	0.02327	0.01784	0.02404	0.02404	0.01474	0.65329	0.03646	0.04887	0.01862	0.01862	0.01319	0.00931	0.00776	0.00233	0.00853	0.00698	0.00776	0.01319
33	0.01637	0.05426	0.50427	0.02496	0.09586	0.01821	0.09399	0.02424	0.01667	0.02452	0.01408	0.01701	0.01035	0.00713	0.00744	0.00237	0.01105	0.00611	0.00346	0.04762
34	0.01347	0.00673	0.01010	0.01010	0.01010	0.00673	0.00673	0.01010	0.01010	0.01347	0.01347	0.02357	0.01347	0.02694	0.03030	0.77441	0.00673	0.00673	0.00337	0.00337
35	0.02945	0.02248	0.02320	0.01795	0.02404	0.05748	0.01475	0.62234	0.03574	0.04738	0.01829	0.01839	0.01303	0.00924	0.00772	0.00231	0.00880	0.00688	0.00757	0.01298
36	0.05887	0.04609	0.14407	0.01774	0.02472	0.16293	0.06589	0.10416	0.02002	0.02702	0.01395	0.01611	0.01090	0.00714	0.00677	0.00191	0.00959	0.00552	0.00454	0.25205
37	0.01566	0.01523	0.04958	0.01493	0.01889	0.04603	0.04858	0.02520	0.24195	0.02553	0.02987	0.26160	0.02916	0.01397	0.00825	0.00254	0.00657	0.01234	0.00649	0.12764
38	0.01620	0.04417	0.18214	0.02481	0.03194	0.01682	0.35160	0.02201	0.01747	0.02423	0.08079	0.06942	0.01992	0.00990	0.00982	0.04451	0.01074	0.00941	0.00439	0.00970

[dist]
# distance from previous block
# <min> <max>
0	1

[block]
# block no. 4 follows, 25 sequences, length 10
# corresponding to MSA columns:
# 176-185
name=unknown_E
#
# <colnr> <probs for GDERKNQSTAVLIFYWHMCP>
#	G	D	E	R	K	N	Q	S	T	A	V	L	I	F	Y	W	H	M	C	P
0	0.01035	0.00828	0.00996	0.01065	0.01203	0.00814	0.00762	0.01309	0.05257	0.02083	0.05216	0.42567	0.25587	0.02133	0.01044	0.00296	0.04569	0.01850	0.00702	0.00685
1	0.01742	0.01872	0.08576	0.05309	0.05140	0.01571	0.28724	0.02360	0.05380	0.05314	0.01896	0.08310	0.01603	0.00845	0.00807	0.00230	0.00963	0.00876	0.00476	0.18008
2	0.78228	0.01499	0.01140	0.01020	0.01499	0.01739	0.00840	0.02279	0.01320	0.03479	0.01080	0.01260	0.00840	0.00720	0.00480	0.00240	0.00600	0.00420	0.00480	0.00840
3	0.02161	0.01942	0.02208	0.13246	0.11190	0.11403	0.01635	0.22268	0.02302	0.02963	0.01816	0.02626	0.01567	0.03727	0.05031	0.00327	0.05743	0.06287	0.00536	0.01023
4	0.02073	0.73217	0.04063	0.01327	0.01990	0.03068	0.01327	0.02322	0.01575	0.01824	0.01078	0.01244	0.00995	0.00663	0.00498	0.00166	0.00829	0.00415	0.00332	0.00995
5	0.01139	0.00916	0.01125	0.04073	0.01411	0.00946	0.00842	0.01520	0.07758	0.02222	0.12606	0.27690	0.19730	0.08185	0.01301	0.00326	0.05239	0.01575	0.00680	0.00716
6	0.01637	0.01422	0.01754	0.01491	0.08100	0.01110	0.01057	0.01993	0.01623	0.02527	0.01386	0.01637	0.01156	0.00585	0.00593	0.00126	0.00607	0.00481	0.00452	0.70263
7	0.02270	0.24944	0.08748	0.01612	0.02220	0.06880	0.01476	0.23219	0.09388	0.03097	0.04233	0.01933	0.01540	0.01084	0.03872	0.00261	0.00920	0.00636	0.00556	0.01110
8	0.02188	0.02493	0.04277	0.07667	0.13160	0.30441	0.04584	0.06682	0.02069	0.02369	0.07922	0.02357	0.04380	0.01183	0.04647	0.00281	0.01144	0.00730	0.00472	0.00955
9	0.02075	0.16559	0.13087	0.07550	0.04429	0.04730	0.01618	0.12998	0.10725	0.05858	0.03967	0.01983	0.01515	0.00823	0.00695	0.00214	0.00847	0.00639	0.00531	0.09155

[dist]
# distance from previous block
# <min> <max>
0	1

[block]
# block no. 5 follows, 25 sequences, length 36
# corresponding to MSA columns:
# 187-222
name=unknown_F
#
# <colnr> <probs for GDERKNQSTAVLIFYWHMCP>
#	G	D	E	R	K	N	Q	S	T	A	V	L	I	F	Y	W	H	M	C	P
0	0.08032	0.05349	0.24340	0.10360	0.19071	0.01720	0.04623	0.02342	0.01685	0.06553	0.03892	0.05492	0.01530	0.00850	0.00746	0.00243	0.00934	0.00733	0.00435	0.01069
1	0.06308	0.01321	0.01615	0.01351	0.01739	0.01331	0.03190	0.12667	0.08073	0.19164	0.06005	0.05901	0.02457	0.16040	0.01506	0.02299	0.00702	0.04027	0.00707	0.03598
2	0.01993	0.01986	0.03923	0.03097	0.10110	0.04142	0.47390	0.02560	0.01843	0.08603	0.01710	0.02149	0.01283	0.00950	0.04333	0.00304	0.01249	0.00861	0.00446	0.01067
3	0.01428	0.00905	0.01238	0.01317	0.01534	0.00871	0.01111	0.01759	0.01862	0.09237	0.12261	0.11842	0.07121	0.01960	0.01009	0.00324	0.00634	0.42059	0.00758	0.00771
4	0.01097	0.00796	0.01113	0.01130	0.01225	0.00882	0.00821	0.01291	0.01240	0.01744	0.02383	0.10332	0.02470	0.22090	0.46637	0.01032	0.01589	0.01039	0.00459	0.00631
5	0.01608	0.01378	0.01608	0.01148	0.01837	0.01034	0.00919	0.01952	0.01608	0.02527	0.01378	0.01608	0.01148	0.00574	0.00574	0.00115	0.00574	0.00459	0.00459	0.77491
6	0.01619	0.04088	0.08553	0.02579	0.03240	0.01677	0.42821	0.02178	0.01796	0.02417	0.05546	0.07283	0.08035	0.00996	0.00900	0.00264	0.01074	0.03503	0.00471	0.00961
7	0.05262	0.64976	0.03763	0.01329	0.01957	0.05583	0.01293	0.02322	0.01611	0.01940	0.03348	0.01406	0.01204	0.00703	0.00519	0.00173	0.00826	0.00452	0.00358	0.00976
8	0.01834	0.01629	0.02698	0.33060	0.35361	0.01777	0.02190	0.04552	0.01762	0.05527	0.01515	0.02015	0.01180	0.00749	0.00772	0.00243	0.00955	0.00695	0.00409	0.01077
9	0.01226	0.00859	0.01068	0.01008	0.01237	0.00796	0.00772	0.01632	0.04788	0.06179	0.47033	0.05977	0.18156	0.01631	0.00911	0.00254	0.00414	0.04471	0.00824	0.00766
10	0.01081	0.00780	0.01022	0.00986	0.01155	0.00721	0.00730	0.01423	0.02120	0.02990	0.60805	0.12833	0.07084	0.01675	0.00922	0.00251	0.00375	0.01487	0.00839	0.00721
11	0.01885	0.01524	0.07568	0.01324	0.01916	0.01137	0.01148	0.02234	0.01692	0.15303	0.02073	0.11177	0.01805	0.00949	0.00783	0.00189	0.04183	0.00774	0.00574	0.41763
12	0.01513	0.00885	0.01170	0.01046	0.01302	0.00803	0.00803	0.01867	0.02199	0.14516	0.56255	0.05241	0.06374	0.01476	0.00891	0.00243	0.00417	0.01294	0.00872	0.00834
13	0.78228	0.01499	0.01140	0.01020	0.01499	0.01739	0.00840	0.02279	0.01320	0.03479	0.01080	0.01260	0.00840	0.00720	0.00480	0.00240	0.00600	0.00420	0.00480	0.00840
14	0.11354	0.05308	0.02006	0.01510	0.02075	0.01882	0.01244	0.24206	0.15135	0.23748	0.02354	0.02203	0.01638	0.00926	0.00732	0.00238	0.00717	0.00712	0.00779	0.01231
15	0.02802	0.03400	0.02139	0.01916	0.02330	0.59580	0.01450	0.09096	0.02318	0.02201	0.01598	0.01749	0.04379	0.00870	0.00718	0.00206	0.01294	0.00576	0.00452	0.00928
16	0.01472	0.01196	0.01367	0.01335	0.01627	0.01289	0.01051	0.02621	0.31032	0.02790	0.12753	0.11505	0.10506	0.01582	0.00899	0.00285	0.00563	0.14424	0.00768	0.00934
17	0.01935	0.01644	0.01743	0.01556	0.01989	0.01888	0.01213	0.07050	0.59868	0.03319	0.06581	0.02998	0.02583	0.01075	0.00795	0.00260	0.00612	0.00896	0.00792	0.01205
18	0.01117	0.00750	0.00858	0.00864	0.00876	0.00745	0.00496	0.01143	0.01201	0.01611	0.05970	0.08319	0.03167	0.65631	0.03645	0.00704	0.00717	0.01193	0.00502	0.00491
19	0.01445	0.00723	0.00723	0.00723	0.00903	0.00723	0.00542	0.01807	0.01626	0.02891	0.02529	0.02891	0.01987	0.00903	0.00542	0.00181	0.00361	0.00723	0.77055	0.00723
20	0.01445	0.00723	0.00723	0.00723	0.00903	0.00723	0.00542	0.01807	0.01626	0.02891	0.02529	0.02891	0.01987	0.00903	0.00542	0.00181	0.00361	0.00723	0.77055	0.00723
21	0.00933	0.00786	0.00809	0.00803	0.01058	0.00662	0.00602	0.01146	0.01807	0.02189	0.13433	0.07306	0.61962	0.01928	0.00916	0.00260	0.00390	0.01614	0.00732	0.00662
22	0.01469	0.00912	0.01174	0.01084	0.01336	0.00852	0.00835	0.01902	0.05521	0.12199	0.45603	0.08610	0.09077	0.01558	0.00901	0.00255	0.00444	0.04591	0.00845	0.00831
23	0.21940	0.09746	0.15565	0.02063	0.13717	0.01769	0.03563	0.02423	0.01621	0.08248	0.01432	0.01640	0.01098	0.00710	0.00635	0.00214	0.00813	0.00548	0.00452	0.11802
24	0.01610	0.06569	0.60020	0.02413	0.09338	0.01855	0.02758	0.02443	0.01647	0.02438	0.01385	0.01648	0.01006	0.00729	0.00730	0.00241	0.01112	0.00578	0.00333	0.01148
25	0.57619	0.01549	0.01605	0.08080	0.13673	0.01756	0.01234	0.02270	0.01420	0.03173	0.01174	0.01451	0.00927	0.00720	0.00558	0.00240	0.00697	0.00493	0.00450	0.00911
26	0.01881	0.11171	0.11028	0.05003	0.22298	0.04176	0.15285	0.02380	0.01795	0.05713	0.05184	0.02576	0.01744	0.00861	0.00790	0.00241	0.00980	0.05379	0.00450	0.01067
27	0.01877	0.05511	0.08986	0.02041	0.08447	0.07917	0.10891	0.07637	0.05597	0.06124	0.11589	0.09260	0.02608	0.04870	0.00975	0.00267	0.00861	0.00960	0.00571	0.03012
28	0.01108	0.00748	0.00868	0.00879	0.00900	0.00739	0.00517	0.01155	0.01260	0.01697	0.08695	0.11292	0.03451	0.59656	0.03392	0.00664	0.00688	0.01252	0.00529	0.00509
29	0.27438	0.11221	0.02356	0.07489	0.14540	0.07217	0.04485	0.05858	0.07766	0.02851	0.01441	0.01679	0.01144	0.00756	0.00641	0.00230	0.00834	0.00578	0.00466	0.01010
30	0.05476	0.13811	0.09012	0.03652	0.05864	0.02227	0.01575	0.32005	0.06191	0.07121	0.01767	0.01869	0.01317	0.01045	0.03458	0.00266	0.00901	0.00647	0.00611	0.01183
31	0.00994	0.00783	0.00883	0.00930	0.01124	0.00697	0.00696	0.01196	0.01699	0.02111	0.09387	0.16127	0.41804	0.08032	0.01205	0.00323	0.00474	0.10184	0.00705	0.00648
32	0.01786	0.01477	0.02020	0.11230	0.16194	0.04600	0.01536	0.07900	0.01821	0.05951	0.05546	0.10894	0.02226	0.01461	0.04225	0.02940	0.09502	0.04023	0.03734	0.00933
33	0.01242	0.03773	0.01344	0.01214	0.01375	0.01085	0.00928	0.04840	0.01383	0.01933	0.02174	0.06231	0.02134	0.14832	0.50711	0.01036	0.01699	0.00910	0.00453	0.00704
34	0.35608	0.05758	0.03847	0.01846	0.07997	0.09006	0.07247	0.11606	0.01884	0.03172	0.01439	0.01866	0.01178	0.00816	0.00649	0.00238	0.00847	0.03519	0.00497	0.00980
35	0.17227	0.07463	0.02296	0.05567	0.12524	0.13264	0.03631	0.12988	0.03697	0.02862	0.02849	0.01778	0.01260	0.00926	0.00897	0.04419	0.04266	0.00612	0.00482	0.00992

[dist]
# distance from previous block
# <min> <max>
0	1

[block]
# block no. 6 follows, 25 sequences, length 35
# corresponding to MSA columns:
# 224-258
name=unknown_G
#
# <colnr> <probs for GDERKNQSTAVLIFYWHMCP>
#	G	D	E	R	K	N	Q	S	T	A	V	L	I	F	Y	W	H	M	C	P
0	0.01813	0.05328	0.14304	0.04444	0.16999	0.07025	0.01680	0.02376	0.05502	0.07802	0.17077	0.02996	0.04588	0.01001	0.00776	0.00233	0.00799	0.00850	0.03384	0.01021
1	0.01133	0.00838	0.01087	0.01188	0.01348	0.00814	0.00932	0.01503	0.05088	0.02385	0.15879	0.27254	0.10869	0.02057	0.00989	0.00310	0.00536	0.24332	0.00745	0.00712
2	0.08974	0.02336	0.02209	0.02268	0.14611	0.25041	0.04390	0.05650	0.07552	0.05256	0.01892	0.02052	0.04643	0.00835	0.00715	0.00215	0.00970	0.00655	0.00500	0.09237
3	0.01942	0.01749	0.12505	0.01464	0.01967	0.01432	0.01326	0.07874	0.19425	0.13949	0.19764	0.03453	0.03319	0.05143	0.00988	0.00276	0.00670	0.00950	0.00740	0.01063
4	0.01852	0.01659	0.01835	0.01894	0.09907	0.04269	0.01308	0.03534	0.48754	0.03013	0.05733	0.03188	0.07462	0.01091	0.00798	0.00256	0.00653	0.00920	0.00723	0.01151
5	0.01399	0.01254	0.02063	0.53934	0.04410	0.01527	0.01908	0.01870	0.01560	0.02018	0.01865	0.03196	0.01648	0.01431	0.06866	0.00360	0.01075	0.10382	0.00408	0.00823
6	0.00943	0.00681	0.00893	0.01063	0.01120	0.00631	0.00712	0.01081	0.01500	0.01986	0.04475	0.68606	0.08637	0.02403	0.00986	0.00312	0.00447	0.02172	0.00720	0.00631
7	0.02947	0.02172	0.02327	0.01784	0.02404	0.02404	0.01474	0.65329	0.03646	0.04887	0.01862	0.01862	0.01319	0.00931	0.00776	0.00233	0.00853	0.00698	0.00776	0.01319
8	0.01590	0.01581	0.02314	0.64844	0.05082	0.07681	0.02096	0.02079	0.01607	0.01974	0.01362	0.02009	0.01031	0.00777	0.00769	0.00253	0.01066	0.00672	0.00349	0.00865
9	0.01464	0.01378	0.02326	0.70887	0.05340	0.01723	0.02153	0.01981	0.01550	0.01981	0.01378	0.02067	0.01034	0.00775	0.00775	0.00258	0.01034	0.00689	0.00345	0.00861
10	0.02489	0.01892	0.02030	0.01667	0.02201	0.02120	0.01341	0.33432	0.33397	0.07067	0.02531	0.02387	0.01844	0.00990	0.00782	0.00247	0.00731	0.00787	0.00791	0.01275
11	0.01094	0.00813	0.01197	0.01213	0.01337	0.00929	0.00924	0.01346	0.01262	0.01802	0.02286	0.09210	0.02259	0.08602	0.60624	0.01142	0.01873	0.00965	0.00445	0.00677
12	0.03170	0.01415	0.01818	0.01411	0.01976	0.01316	0.01159	0.13959	0.02458	0.51717	0.08776	0.02797	0.02314	0.01012	0.00791	0.00239	0.00665	0.00823	0.00919	0.01265
13	0.02194	0.01329	0.01542	0.01315	0.01755	0.01336	0.01049	0.08959	0.20065	0.22938	0.08759	0.04108	0.16877	0.01284	0.00831	0.00254	0.00587	0.02904	0.00827	0.01087
14	0.01803	0.01589	0.01971	0.01804	0.05447	0.01759	0.06820	0.03514	0.48480	0.03122	0.11979	0.03180	0.02900	0.01073	0.00817	0.00258	0.00655	0.00944	0.00742	0.01142
15	0.01670	0.01094	0.01610	0.08274	0.07694	0.01048	0.03585	0.02040	0.02026	0.15129	0.32122	0.04631	0.10972	0.01333	0.00869	0.00250	0.00587	0.03418	0.00746	0.00902
16	0.01537	0.01310	0.01507	0.01549	0.07354	0.04429	0.01075	0.05521	0.18414	0.02920	0.27493	0.06420	0.10424	0.01601	0.04690	0.00305	0.00651	0.01145	0.00729	0.00926
17	0.02430	0.02880	0.02023	0.01937	0.04968	0.47042	0.01399	0.04860	0.02011	0.02021	0.01673	0.10602	0.01637	0.04729	0.01045	0.00255	0.06394	0.00776	0.00452	0.00869
18	0.01598	0.04579	0.03272	0.07120	0.03164	0.01600	0.37099	0.02096	0.01766	0.02413	0.08209	0.12460	0.02312	0.01000	0.00869	0.00250	0.00991	0.01071	0.00484	0.07647
19	0.12787	0.01894	0.09915	0.05017	0.10513	0.03980	0.08002	0.06821	0.04137	0.02786	0.05108	0.08138	0.01809	0.00912	0.00728	0.00225	0.00813	0.00788	0.00502	0.15126
20	0.02031	0.01360	0.01740	0.01555	0.07924	0.01147	0.01104	0.05239	0.01837	0.17095	0.02129	0.10426	0.01815	0.00911	0.00697	0.00183	0.00623	0.00774	0.00609	0.40802
21	0.02855	0.02126	0.02275	0.01765	0.02369	0.02361	0.01451	0.59760	0.09365	0.04737	0.01979	0.01955	0.01414	0.00942	0.00777	0.00235	0.00831	0.00714	0.00777	0.01310
22	0.20403	0.04437	0.04573	0.08682	0.04385	0.21278	0.01336	0.05241	0.01813	0.02527	0.02127	0.02308	0.09906	0.00932	0.00727	0.00226	0.02798	0.00670	0.00470	0.05162
23	0.01887	0.01603	0.01958	0.07614	0.02328	0.03318	0.04867	0.17571	0.07464	0.02974	0.02363	0.05246	0.07438	0.01205	0.04025	0.00263	0.03862	0.00801	0.00575	0.22637
24	0.02444	0.01898	0.02041	0.01673	0.02195	0.02137	0.01349	0.37653	0.28275	0.04067	0.02383	0.02334	0.01766	0.01251	0.04624	0.00301	0.00827	0.00776	0.00761	0.01248
25	0.78228	0.01499	0.01140	0.01020	0.01499	0.01739	0.00840	0.02279	0.01320	0.03479	0.01080	0.01260	0.00840	0.00720	0.00480	0.00240	0.00600	0.00420	0.00480	0.00840
26	0.02271	0.08153	0.02126	0.01635	0.02108	0.06748	0.01319	0.14661	0.37603	0.07232	0.02483	0.02379	0.01863	0.00990	0.00852	0.00248	0.04676	0.00761	0.00705	0.01185
27	0.02896	0.03695	0.02197	0.01998	0.02397	0.69638	0.01498	0.03096	0.02197	0.01898	0.01199	0.01398	0.00999	0.00799	0.00699	0.00200	0.01398	0.00499	0.00400	0.00899
28	0.01323	0.00851	0.01090	0.01013	0.01250	0.00771	0.00780	0.01658	0.02116	0.09606	0.49277	0.05856	0.15091	0.01603	0.00909	0.00252	0.00418	0.04518	0.00838	0.00780
29	0.01019	0.00773	0.00930	0.00939	0.01099	0.00726	0.00673	0.01229	0.01665	0.02189	0.19736	0.14750	0.26802	0.12986	0.10550	0.00469	0.00672	0.01474	0.00673	0.00647
30	0.01445	0.00723	0.00723	0.00723	0.00903	0.00723	0.00542	0.01807	0.01626	0.02891	0.02529	0.02891	0.01987	0.00903	0.00542	0.00181	0.00361	0.00723	0.77055	0.00723
31	0.03601	0.01152	0.01621	0.06803	0.07333	0.01176	0.05988	0.07932	0.01751	0.02411	0.05699	0.17145	0.11457	0.13805	0.04843	0.00394	0.00763	0.01233	0.04101	0.00792
32	0.08605	0.18641	0.02467	0.01559	0.02072	0.08431	0.04508	0.20720	0.04200	0.03039	0.04808	0.07219	0.01792	0.01233	0.04571	0.00277	0.00899	0.00752	0.00560	0.03646
33	0.02115	0.10594	0.13322	0.02350	0.11622	0.15133	0.09889	0.09438	0.04355	0.02614	0.03734	0.01853	0.01364	0.00771	0.00728	0.00215	0.01021	0.00644	0.00453	0.07784
34	0.05914	0.13519	0.09102	0.06808	0.11935	0.04436	0.01616	0.14438	0.11141	0.02875	0.01924	0.07629	0.01657	0.02732	0.00806	0.00248	0.00839	0.00774	0.00533	0.01075

[dist]
# distance from previous block
# <min> <max>
0	6

[block]
# block no. 7 follows, 25 sequences, length 34
# corresponding to MSA columns:
# 265-298
name=unknown_H
#
# <colnr> <probs for GDERKNQSTAVLIFYWHMCP>
#	G	D	E	R	K	N	Q	S	T	A	V	L	I	F	Y	W	H	M	C	P
0	0.04122	0.01654	0.06769	0.02162	0.17663	0.05197	0.01438	0.07409	0.03918	0.09819	0.03165	0.11742	0.11984	0.05613	0.01011	0.00284	0.00756	0.03709	0.00603	0.00983
1	0.01183	0.03719	0.01099	0.01046	0.01238	0.00803	0.00783	0.01397	0.01724	0.06219	0.12625	0.33476	0.22237	0.02012	0.00935	0.00285	0.00476	0.07295	0.00734	0.00713
2	0.05844	0.11643	0.01960	0.01412	0.01865	0.05333	0.01147	0.07096	0.29739	0.08485	0.04814	0.02807	0.06246	0.01209	0.03445	0.00276	0.00727	0.00807	0.04071	0.01076
3	0.78228	0.01499	0.01140	0.01020	0.01499	0.01739	0.00840	0.02279	0.01320	0.03479	0.01080	0.01260	0.00840	0.00720	0.00480	0.00240	0.00600	0.00420	0.00480	0.00840
4	0.03099	0.01484	0.01847	0.01464	0.02033	0.01440	0.01194	0.10502	0.15744	0.48021	0.02950	0.02608	0.01947	0.00976	0.00781	0.00244	0.00671	0.00791	0.00904	0.01300
5	0.01136	0.00833	0.01070	0.01003	0.01198	0.00787	0.00755	0.01587	0.05183	0.03116	0.64515	0.05657	0.07086	0.01560	0.00909	0.00245	0.00377	0.01378	0.00851	0.00755
6	0.01056	0.00785	0.00985	0.00963	0.01149	0.00714	0.00721	0.01370	0.02042	0.02798	0.48901	0.11578	0.18541	0.01744	0.00926	0.00257	0.00389	0.03560	0.00813	0.00708
7	0.01128	0.00752	0.00846	0.00846	0.00846	0.00752	0.00470	0.01128	0.01128	0.01503	0.02443	0.05074	0.02819	0.72751	0.03946	0.00752	0.00752	0.01128	0.00470	0.00470
8	0.01368	0.00977	0.01166	0.01060	0.01298	0.02957	0.00807	0.04681	0.02247	0.06795	0.56081	0.05364	0.09167	0.01511	0.00894	0.00243	0.00439	0.01316	0.00836	0.00795
9	0.74901	0.01491	0.01169	0.01036	0.01521	0.01713	0.00853	0.02346	0.01360	0.06371	0.01168	0.01321	0.00888	0.00730	0.00493	0.00240	0.00602	0.00436	0.00501	0.00861
10	0.01236	0.01146	0.04299	0.01335	0.01534	0.05187	0.01086	0.01536	0.01321	0.01835	0.01993	0.02883	0.01839	0.05284	0.62418	0.01138	0.01994	0.00799	0.00410	0.00725
11	0.01715	0.01388	0.01624	0.01179	0.01852	0.01079	0.00943	0.02139	0.04519	0.05836	0.01541	0.01716	0.01241	0.00615	0.00594	0.00128	0.00580	0.00494	0.00499	0.70318
12	0.01608	0.01378	0.01608	0.01148	0.01837	0.01034	0.00919	0.01952	0.01608	0.02527	0.01378	0.01608	0.01148	0.00574	0.00574	0.00115	0.00574	0.00459	0.00459	0.77491
13	0.16719	0.08518	0.01586	0.04706	0.01689	0.01248	0.05042	0.01586	0.01486	0.02298	0.02978	0.42523	0.03375	0.01704	0.00820	0.00278	0.00604	0.01500	0.00591	0.00749
14	0.01683	0.19349	0.02127	0.01195	0.01762	0.01553	0.01001	0.05458	0.01691	0.02369	0.01954	0.09358	0.04472	0.03548	0.00750	0.00185	0.00640	0.00721	0.00484	0.39702
15	0.02195	0.04695	0.10398	0.11239	0.05583	0.02096	0.01696	0.25740	0.21793	0.03492	0.02081	0.02151	0.01537	0.00902	0.00764	0.00244	0.00844	0.00724	0.00634	0.01193
16	0.11408	0.51668	0.06203	0.01423	0.02047	0.12327	0.01358	0.02432	0.01636	0.02062	0.01109	0.01284	0.00976	0.00693	0.00534	0.00183	0.00896	0.00434	0.00359	0.00969
17	0.01035	0.00713	0.00873	0.00965	0.00988	0.00690	0.00597	0.01103	0.01309	0.01745	0.03374	0.39243	0.03994	0.36979	0.02442	0.00530	0.00598	0.01675	0.00597	0.00551
18	0.01301	0.01210	0.05072	0.01596	0.07310	0.01049	0.06897	0.03555	0.02065	0.02889	0.43145	0.04789	0.09902	0.01576	0.03949	0.00290	0.00633	0.01224	0.00712	0.00834
19	0.01445	0.00723	0.00723	0.00723	0.00903	0.00723	0.00542	0.01807	0.01626	0.02891	0.02529	0.02891	0.01987	0.00903	0.00542	0.00181	0.00361	0.00723	0.77055	0.00723
20	0.01563	0.07993	0.59111	0.02118	0.03177	0.01824	0.04758	0.02379	0.01647	0.02399	0.01713	0.01930	0.04435	0.00793	0.00737	0.00242	0.01093	0.00630	0.00350	0.01108
21	0.01929	0.01666	0.01753	0.01578	0.02016	0.01929	0.01227	0.04120	0.66513	0.03243	0.03156	0.02893	0.02367	0.01052	0.00789	0.00263	0.00614	0.00877	0.00789	0.01227
22	0.01618	0.01620	0.02447	0.39591	0.03969	0.05414	0.06319	0.02016	0.01484	0.01971	0.01304	0.01964	0.01073	0.01138	0.04020	0.00318	0.21820	0.00697	0.00352	0.00866
23	0.02119	0.69299	0.03958	0.01365	0.02013	0.06819	0.01336	0.02365	0.01610	0.01828	0.01085	0.01252	0.00995	0.00671	0.00509	0.00168	0.00861	0.00419	0.00335	0.00990
24	0.00945	0.00675	0.00900	0.01080	0.01125	0.00630	0.00720	0.01080	0.01484	0.01979	0.04274	0.72245	0.05128	0.02429	0.00990	0.00315	0.00450	0.02204	0.00720	0.00630
25	0.01857	0.01493	0.01989	0.04361	0.02202	0.03956	0.10836	0.02884	0.24782	0.10931	0.15087	0.03692	0.10193	0.01159	0.00840	0.00254	0.00700	0.01030	0.00722	0.01030
26	0.06508	0.02121	0.02249	0.01740	0.02347	0.02355	0.01434	0.60064	0.05846	0.04759	0.01872	0.01871	0.01334	0.00925	0.00762	0.00234	0.00832	0.00691	0.00762	0.01292
27	0.02941	0.01201	0.01627	0.01288	0.01794	0.01048	0.01048	0.03256	0.02214	0.53702	0.17606	0.03351	0.03137	0.01101	0.00810	0.00241	0.00593	0.00920	0.00936	0.01187
28	0.01365	0.04056	0.19990	0.01522	0.04691	0.01216	0.01440	0.04392	0.02062	0.02936	0.41663	0.04176	0.04864	0.01257	0.00840	0.00241	0.00639	0.01083	0.00668	0.00899
29	0.01445	0.00723	0.00723	0.00723	0.00903	0.00723	0.00542	0.01807	0.01626	0.02891	0.02529	0.02891	0.01987	0.00903	0.00542	0.00181	0.00361	0.00723	0.77055	0.00723
30	0.06490	0.01643	0.02632	0.10385	0.04773	0.01852	0.17132	0.09779	0.01771	0.05209	0.01634	0.03992	0.01367	0.01634	0.10704	0.00409	0.16382	0.00792	0.00462	0.00958
31	0.01347	0.00673	0.01010	0.01010	0.01010	0.00673	0.00673	0.01010	0.01010	0.01347	0.01347	0.02357	0.01347	0.02694	0.03030	0.77441	0.00673	0.00673	0.00337	0.00337
32	0.05464	0.09377	0.02469	0.02276	0.14552	0.20634	0.01560	0.20282	0.07416	0.03066	0.04433	0.01911	0.01504	0.00853	0.00721	0.00220	0.00963	0.00648	0.00548	0.01104
33	0.12247	0.02416	0.26383	0.05480	0.17114	0.01663	0.04778	0.02322	0.04867	0.02619	0.03830	0.06517	0.01713	0.00935	0.00757	0.00253	0.00909	0.03707	0.00446	0.01044

[dist]
# distance from previous block
# <min> <max>
0	1

[block]
# block no. 8 follows, 25 sequences, length 8
# corresponding to MSA columns:
# 300-307
name=unknown_I
#
# <colnr> <probs for GDERKNQSTAVLIFYWHMCP>
#	G	D	E	R	K	N	Q	S	T	A	V	L	I	F	Y	W	H	M	C	P
0	0.01562	0.01519	0.02316	0.59264	0.09199	0.05659	0.02066	0.02050	0.01632	0.02064	0.04339	0.02185	0.01326	0.00807	0.00776	0.00252	0.01017	0.00710	0.00373	0.00882
1	0.02164	0.46489	0.03419	0.01802	0.09651	0.05747	0.01441	0.11814	0.01977	0.02452	0.05414	0.01708	0.01468	0.00771	0.00606	0.00190	0.00841	0.00555	0.00441	0.01050
2	0.01986	0.01685	0.01788	0.01563	0.02034	0.01902	0.01225	0.08809	0.56894	0.03322	0.02926	0.02719	0.02197	0.01008	0.00773	0.00250	0.00630	0.00833	0.00764	0.06691
3	0.11507	0.01741	0.01972	0.09764	0.06957	0.11993	0.01485	0.02040	0.01453	0.02122	0.01377	0.01974	0.01228	0.02136	0.17612	0.00504	0.22243	0.00657	0.00388	0.00846
4	0.00984	0.00698	0.00921	0.01085	0.01135	0.00660	0.00737	0.01123	0.01475	0.01962	0.04098	0.61566	0.04873	0.08667	0.01259	0.00357	0.00496	0.06586	0.00697	0.00622
5	0.03405	0.01137	0.01390	0.04832	0.03845	0.06446	0.01061	0.03021	0.01460	0.01987	0.04878	0.08186	0.02270	0.05486	0.35153	0.09553	0.01426	0.03293	0.00465	0.00705
6	0.53847	0.01488	0.01530	0.07724	0.09742	0.01670	0.01178	0.02325	0.01472	0.07253	0.01425	0.01868	0.01150	0.00807	0.00588	0.00246	0.00686	0.03589	0.00498	0.00912
7	0.07850	0.01635	0.02456	0.21660	0.31089	0.01742	0.01914	0.06508	0.04489	0.02633	0.01682	0.02078	0.03103	0.00774	0.00737	0.00232	0.00865	0.00685	0.00440	0.07430

[dist]
# distance from previous block
# <min> <max>
0	1

[block]
# block no. 9 follows, 25 sequences, length 10
# corresponding to MSA columns:
# 309-318
name=unknown_J
#
# <colnr> <probs for GDERKNQSTAVLIFYWHMCP>
#	G	D	E	R	K	N	Q	S	T	A	V	L	I	F	Y	W	H	M	C	P
0	0.01524	0.01372	0.02197	0.59631	0.04749	0.01673	0.01975	0.06456	0.01695	0.02190	0.01674	0.08373	0.01423	0.00935	0.00795	0.00262	0.00968	0.00826	0.00409	0.00873
1	0.14465	0.03834	0.08513	0.29357	0.10074	0.01683	0.07077	0.02157	0.01586	0.04999	0.01672	0.08197	0.01430	0.00897	0.00744	0.00253	0.00909	0.00784	0.00431	0.00938
2	0.01849	0.01574	0.01694	0.01560	0.01968	0.01806	0.01230	0.03824	0.58887	0.03135	0.03268	0.03582	0.02614	0.01180	0.00822	0.00274	0.00625	0.08160	0.00780	0.01167
3	0.01608	0.01512	0.01954	0.24104	0.09827	0.08178	0.03579	0.04398	0.04841	0.02287	0.09947	0.03257	0.06346	0.11307	0.03346	0.00347	0.00912	0.00898	0.00497	0.00856
4	0.01112	0.00814	0.01161	0.01161	0.01271	0.00923	0.00864	0.01330	0.01221	0.01737	0.02154	0.03475	0.02125	0.19964	0.55784	0.01142	0.01797	0.00893	0.00427	0.00645
5	0.02439	0.01916	0.02184	0.02029	0.09934	0.02119	0.01460	0.36770	0.21882	0.03963	0.02224	0.02326	0.01689	0.04355	0.00929	0.00266	0.00786	0.00770	0.00719	0.01241
6	0.00976	0.00725	0.00910	0.00996	0.01118	0.00659	0.00697	0.01180	0.01713	0.02277	0.20374	0.43260	0.18012	0.02132	0.00957	0.00287	0.00418	0.01897	0.00752	0.00659
7	0.02670	0.03281	0.02075	0.01913	0.02294	0.58117	0.01455	0.03034	0.06993	0.02038	0.01618	0.02198	0.01426	0.00944	0.00741	0.00219	0.01275	0.06347	0.00458	0.00906
8	0.29519	0.02535	0.16528	0.01964	0.09689	0.15779	0.01646	0.04900	0.01740	0.02803	0.01429	0.01922	0.01185	0.00831	0.00662	0.00239	0.00938	0.04273	0.00444	0.00975
9	0.01571	0.01435	0.02326	0.65893	0.05128	0.01772	0.02104	0.06559	0.01702	0.02191	0.01413	0.02052	0.01054	0.00786	0.00775	0.00257	0.01021	0.00690	0.00376	0.00894

[dist]
# distance from previous block
# <min> <max>
7	24

[block]
# block no. 10 follows, 25 sequences, length 41
# corresponding to MSA columns:
# 344-384
name=unknown_K
#
