[name]
unknown

[dist]
# distance from previous block
# <min> <max>
0	8

[block]
# block no. 0 follows, 23 sequences, length 11
# corresponding to MSA columns:
# 8-18
name=unknown_A
#
# <colnr> <probs for GDERKNQSTAVLIFYWHMCP>
#	G	D	E	R	K	N	Q	S	T	A	V	L	I	F	Y	W	H	M	C	P
0	0.01363	0.00997	0.01349	0.01507	0.01715	0.01019	0.01306	0.01886	0.06788	0.02504	0.04219	0.08675	0.04499	0.02153	0.01098	0.00366	0.00739	0.56278	0.00753	0.00789
1	0.01627	0.04197	0.67279	0.02313	0.03512	0.01884	0.02998	0.02570	0.01713	0.02570	0.01456	0.01713	0.01028	0.00771	0.00771	0.00257	0.01199	0.00600	0.00343	0.01199
2	0.49598	0.02529	0.25338	0.01522	0.02279	0.01844	0.01653	0.02453	0.01502	0.03249	0.01249	0.01462	0.00933	0.00760	0.00600	0.00253	0.00836	0.00498	0.00444	0.00996
3	0.02896	0.02168	0.02332	0.01796	0.02439	0.02361	0.01476	0.54633	0.07506	0.04792	0.01990	0.01994	0.01434	0.00950	0.00794	0.00235	0.00852	0.00721	0.00784	0.07847
4	0.52682	0.11832	0.07887	0.01303	0.01911	0.02088	0.01210	0.08112	0.01676	0.03433	0.01236	0.01411	0.00962	0.00767	0.00559	0.00240	0.00739	0.00481	0.00494	0.00978
5	0.03085	0.02273	0.02435	0.01867	0.02516	0.02516	0.01542	0.63716	0.03815	0.05114	0.01948	0.01948	0.01380	0.00974	0.00812	0.00244	0.00893	0.00731	0.00812	0.01380
6	0.01813	0.01519	0.01753	0.01264	0.01978	0.01215	0.01015	0.07779	0.01881	0.02874	0.01489	0.01707	0.01218	0.00636	0.00621	0.00132	0.00628	0.00504	0.00512	0.69463
7	0.01482	0.01374	0.02295	0.63172	0.05178	0.01696	0.02114	0.01985	0.01616	0.02073	0.01724	0.08561	0.01480	0.00972	0.00832	0.00276	0.01025	0.00869	0.00397	0.00879
8	0.01427	0.00927	0.01069	0.00999	0.01099	0.00928	0.00635	0.05899	0.01565	0.05044	0.10540	0.05043	0.03386	0.54319	0.03337	0.00656	0.00739	0.01167	0.00589	0.00632
9	0.05654	0.01496	0.02368	0.62032	0.05199	0.01844	0.02140	0.05600	0.01734	0.02330	0.01454	0.02106	0.01088	0.00817	0.00795	0.00268	0.01047	0.00707	0.00394	0.00927
10	0.01971	0.01890	0.03227	0.10010	0.61682	0.01918	0.02472	0.02458	0.01830	0.02606	0.01520	0.02020	0.01269	0.00730	0.00804	0.00243	0.00973	0.00723	0.00398	0.01255

[dist]
# distance from previous block
# <min> <max>
0	2

[block]
# block no. 1 follows, 23 sequences, length 44
# corresponding to MSA columns:
# 21-64
name=unknown_B
#
# <colnr> <probs for GDERKNQSTAVLIFYWHMCP>
#	G	D	E	R	K	N	Q	S	T	A	V	L	I	F	Y	W	H	M	C	P
0	0.01166	0.00781	0.00889	0.00902	0.00906	0.00778	0.00510	0.01176	0.01207	0.01609	0.02693	0.09983	0.03122	0.66576	0.03910	0.00754	0.00764	0.01260	0.00510	0.00504
1	0.01683	0.01442	0.01683	0.01202	0.01923	0.01082	0.00961	0.02043	0.01683	0.02644	0.01442	0.01683	0.01202	0.00601	0.00601	0.00120	0.00601	0.00481	0.00481	0.76444
2	0.01157	0.00835	0.01096	0.01045	0.01236	0.00774	0.00793	0.01539	0.02275	0.03212	0.62846	0.06219	0.07504	0.01689	0.00965	0.00261	0.00401	0.04502	0.00886	0.00765
3	0.77215	0.01569	0.01193	0.01067	0.01569	0.01820	0.00879	0.02385	0.01381	0.03641	0.01130	0.01318	0.00879	0.00753	0.00502	0.00251	0.00628	0.00439	0.00502	0.00879
4	0.00989	0.00706	0.00942	0.01130	0.01177	0.00659	0.00753	0.01130	0.01554	0.02071	0.04472	0.70954	0.05367	0.02542	0.01036	0.00330	0.00471	0.02307	0.00753	0.00659
5	0.01409	0.00705	0.01057	0.01057	0.01057	0.00705	0.00705	0.01057	0.01057	0.01409	0.01409	0.02467	0.01409	0.02819	0.03171	0.76392	0.00705	0.00705	0.00352	0.00352
6	0.00959	0.00822	0.00822	0.00822	0.01096	0.00685	0.00617	0.01165	0.01850	0.02192	0.08220	0.07809	0.66092	0.02055	0.00959	0.00274	0.00411	0.01713	0.00754	0.00685
7	0.03031	0.03867	0.02299	0.02090	0.02508	0.68226	0.01568	0.03240	0.02299	0.01986	0.01254	0.01463	0.01045	0.00836	0.00732	0.00209	0.01463	0.00523	0.00418	0.00941
8	0.03085	0.02273	0.02435	0.01867	0.02516	0.02516	0.01542	0.63716	0.03815	0.05114	0.01948	0.01948	0.01380	0.00974	0.00812	0.00244	0.00893	0.00731	0.00812	0.01380
9	0.01683	0.01442	0.01683	0.01202	0.01923	0.01082	0.00961	0.02043	0.01683	0.02644	0.01442	0.01683	0.01202	0.00601	0.00601	0.00120	0.00601	0.00481	0.00481	0.76444
10	0.01532	0.01442	0.02434	0.69533	0.05589	0.01803	0.02253	0.02073	0.01622	0.02073	0.01442	0.02163	0.01082	0.00811	0.00811	0.00270	0.01082	0.00721	0.00361	0.00901
11	0.02008	0.01928	0.03294	0.04981	0.66422	0.01928	0.02490	0.02490	0.01848	0.02651	0.01526	0.02008	0.01285	0.00723	0.00803	0.00241	0.00964	0.00723	0.00402	0.01285
12	0.01775	0.01775	0.02485	0.02130	0.02130	0.02485	0.01775	0.01953	0.01243	0.01953	0.01065	0.01775	0.01065	0.01420	0.02663	0.00355	0.69998	0.00710	0.00355	0.00888
13	0.01171	0.00783	0.00888	0.00897	0.00899	0.00780	0.00505	0.01178	0.01198	0.01598	0.02651	0.08533	0.03069	0.68099	0.03978	0.00764	0.00771	0.01235	0.00505	0.00500
14	0.03641	0.01381	0.01883	0.01444	0.02071	0.01193	0.01193	0.03954	0.02322	0.66984	0.03201	0.02762	0.02009	0.01004	0.00816	0.00251	0.00690	0.00816	0.01004	0.01381
15	0.02008	0.01928	0.03294	0.04981	0.66422	0.01928	0.02490	0.02490	0.01848	0.02651	0.01526	0.02008	0.01285	0.00723	0.00803	0.00241	0.00964	0.00723	0.00402	0.01285
16	0.00989	0.00706	0.00942	0.01130	0.01177	0.00659	0.00753	0.01130	0.01554	0.02071	0.04472	0.70954	0.05367	0.02542	0.01036	0.00330	0.00471	0.02307	0.00753	0.00659
17	0.77215	0.01569	0.01193	0.01067	0.01569	0.01820	0.00879	0.02385	0.01381	0.03641	0.01130	0.01318	0.00879	0.00753	0.00502	0.00251	0.00628	0.00439	0.00502	0.00879
18	0.31585	0.01468	0.01747	0.17454	0.02712	0.01580	0.01323	0.02901	0.01792	0.27093	0.01983	0.02062	0.01352	0.00861	0.00694	0.00256	0.00759	0.00648	0.00657	0.01073
19	0.01532	0.01442	0.02434	0.69533	0.05589	0.01803	0.02253	0.02073	0.01622	0.02073	0.01442	0.02163	0.01082	0.00811	0.00811	0.00270	0.01082	0.00721	0.00361	0.00901
20	0.01409	0.00705	0.01057	0.01057	0.01057	0.00705	0.00705	0.01057	0.01057	0.01409	0.01409	0.02467	0.01409	0.02819	0.03171	0.76392	0.00705	0.00705	0.00352	0.00352
21	0.01683	0.01442	0.01683	0.01202	0.01923	0.01082	0.00961	0.02043	0.01683	0.02644	0.01442	0.01683	0.01202	0.00601	0.00601	0.00120	0.00601	0.00481	0.00481	0.76444
22	0.03085	0.02273	0.02435	0.01867	0.02516	0.02516	0.01542	0.63716	0.03815	0.05114	0.01948	0.01948	0.01380	0.00974	0.00812	0.00244	0.00893	0.00731	0.00812	0.01380
23	0.03641	0.01381	0.01883	0.01444	0.02071	0.01193	0.01193	0.03954	0.02322	0.66984	0.03201	0.02762	0.02009	0.01004	0.00816	0.00251	0.00690	0.00816	0.01004	0.01381
24	0.01708	0.01030	0.01233	0.01103	0.01433	0.00938	0.00851	0.06279	0.02180	0.15811	0.22019	0.11412	0.27421	0.01701	0.00926	0.00267	0.00500	0.01447	0.00846	0.00895
25	0.03085	0.02273	0.02435	0.01867	0.02516	0.02516	0.01542	0.63716	0.03815	0.05114	0.01948	0.01948	0.01380	0.00974	0.00812	0.00244	0.00893	0.00731	0.00812	0.01380
26	0.01148	0.00829	0.01085	0.01021	0.01212	0.00766	0.00766	0.01531	0.02297	0.03254	0.65994	0.06061	0.07656	0.01659	0.00957	0.00255	0.00383	0.01467	0.00893	0.00766
27	0.01985	0.01905	0.03252	0.08085	0.63496	0.01922	0.02479	0.02470	0.01837	0.02623	0.01522	0.02016	0.01276	0.00727	0.00804	0.00242	0.00970	0.00723	0.00400	0.01267
28	0.03085	0.02273	0.02435	0.01867	0.02516	0.02516	0.01542	0.63716	0.03815	0.05114	0.01948	0.01948	0.01380	0.00974	0.00812	0.00244	0.00893	0.00731	0.00812	0.01380
29	0.02084	0.01881	0.01865	0.01680	0.02136	0.06328	0.01303	0.04242	0.60877	0.03303	0.03169	0.02926	0.02384	0.01084	0.00820	0.00271	0.00696	0.00892	0.00799	0.01262
30	0.02018	0.01743	0.01835	0.01651	0.02110	0.02018	0.01284	0.04312	0.64956	0.03394	0.03303	0.03027	0.02477	0.01101	0.00826	0.00275	0.00642	0.00917	0.00826	0.01284
31	0.03085	0.02273	0.02435	0.01867	0.02516	0.02516	0.01542	0.63716	0.03815	0.05114	0.01948	0.01948	0.01380	0.00974	0.00812	0.00244	0.00893	0.00731	0.00812	0.01380
32	0.03085	0.02273	0.02435	0.01867	0.02516	0.02516	0.01542	0.63716	0.03815	0.05114	0.01948	0.01948	0.01380	0.00974	0.00812	0.00244	0.00893	0.00731	0.00812	0.01380
33	0.02169	0.71972	0.04252	0.01388	0.02083	0.03211	0.01388	0.02430	0.01649	0.01909	0.01128	0.01302	0.01041	0.00694	0.00521	0.00174	0.00868	0.00434	0.00347	0.01041
34	0.03641	0.01381	0.01883	0.01444	0.02071	0.01193	0.01193	0.03954	0.02322	0.66984	0.03201	0.02762	0.02009	0.01004	0.00816	0.00251	0.00690	0.00816	0.01004	0.01381
35	0.03211	0.01419	0.01880	0.01493	0.02036	0.01349	0.01222	0.03725	0.08794	0.52443	0.06274	0.02888	0.02279	0.01078	0.00956	0.00261	0.05603	0.00852	0.00934	0.01304
36	0.03085	0.02273	0.02435	0.01867	0.02516	0.02516	0.01542	0.63716	0.03815	0.05114	0.01948	0.01948	0.01380	0.00974	0.00812	0.00244	0.00893	0.00731	0.00812	0.01380
37	0.01015	0.00744	0.00954	0.01072	0.01174	0.00682	0.00739	0.01210	0.01730	0.02309	0.16537	0.50985	0.13230	0.02316	0.01011	0.00309	0.00447	0.02076	0.00780	0.00682
38	0.01775	0.01775	0.02485	0.02130	0.02130	0.02485	0.01775	0.01953	0.01243	0.01953	0.01065	0.01775	0.01065	0.01420	0.02663	0.00355	0.69998	0.00710	0.00355	0.00888
39	0.01627	0.04197	0.67279	0.02313	0.03512	0.01884	0.02998	0.02570	0.01713	0.02570	0.01456	0.01713	0.01028	0.00771	0.00771	0.00257	0.01199	0.00600	0.00343	0.01199
40	0.03287	0.01305	0.01756	0.01372	0.01946	0.01129	0.01124	0.03598	0.02287	0.58223	0.07646	0.03336	0.06938	0.01122	0.00835	0.00253	0.00651	0.00922	0.00979	0.01291
41	0.01771	0.01485	0.01720	0.01282	0.01958	0.01214	0.01033	0.06151	0.04953	0.02831	0.01713	0.02149	0.01454	0.00734	0.00652	0.00149	0.00629	0.03614	0.00533	0.63974
42	0.02904	0.02170	0.02337	0.01794	0.02442	0.02358	0.01476	0.55235	0.06298	0.04803	0.01959	0.01970	0.01411	0.00944	0.00792	0.00233	0.00854	0.00715	0.00781	0.08522
43	0.08305	0.01397	0.01725	0.01355	0.01940	0.01267	0.01106	0.05913	0.05077	0.43738	0.03351	0.03053	0.08506	0.01058	0.00787	0.00241	0.00654	0.00850	0.00874	0.08802

[dist]
# distance from previous block
# <min> <max>
2	7

[block]
# block no. 2 follows, 23 sequences, length 12
# corresponding to MSA columns:
# 72-83
name=unknown_C
#
# <colnr> <probs for GDERKNQSTAVLIFYWHMCP>
#	G	D	E	R	K	N	Q	S	T	A	V	L	I	F	Y	W	H	M	C	P
0	0.01001	0.00711	0.00938	0.01114	0.01158	0.00667	0.00736	0.01133	0.01529	0.02039	0.04348	0.66681	0.05209	0.07030	0.01237	0.00359	0.00491	0.02233	0.00736	0.00648
1	0.02979	0.02171	0.02322	0.01792	0.02410	0.02398	0.01477	0.59548	0.03673	0.04973	0.01995	0.02021	0.01427	0.00972	0.00795	0.00240	0.00858	0.00732	0.05880	0.01338
2	0.02037	0.02118	0.01601	0.01474	0.01739	0.27344	0.01073	0.02340	0.05885	0.04412	0.08236	0.03813	0.10227	0.19796	0.01756	0.00385	0.03421	0.00966	0.00564	0.00811
3	0.03085	0.02273	0.02435	0.01867	0.02516	0.02516	0.01542	0.63716	0.03815	0.05114	0.01948	0.01948	0.01380	0.00974	0.00812	0.00244	0.00893	0.00731	0.00812	0.01380
4	0.02298	0.01969	0.01986	0.01720	0.02217	0.05701	0.01354	0.16765	0.48694	0.03680	0.02907	0.02716	0.02169	0.01060	0.00818	0.00265	0.00739	0.00857	0.00801	0.01286
5	0.01839	0.01509	0.01737	0.01297	0.01953	0.01265	0.01033	0.11320	0.01995	0.02972	0.01763	0.07309	0.01565	0.00814	0.00668	0.00156	0.00635	0.00666	0.00553	0.58952
6	0.03085	0.02273	0.02435	0.01867	0.02516	0.02516	0.01542	0.63716	0.03815	0.05114	0.01948	0.01948	0.01380	0.00974	0.00812	0.00244	0.00893	0.00731	0.00812	0.01380
7	0.01013	0.00725	0.00963	0.01113	0.01182	0.00675	0.00755	0.01191	0.01666	0.02251	0.13799	0.61115	0.05714	0.02408	0.01024	0.00318	0.00457	0.02180	0.00774	0.00675
8	0.03204	0.01421	0.01848	0.01425	0.02052	0.01247	0.01165	0.03696	0.07633	0.51739	0.02943	0.02621	0.01927	0.00951	0.00784	0.00233	0.00673	0.00774	0.00909	0.12753
9	0.02490	0.01815	0.02042	0.01525	0.02206	0.01744	0.01246	0.30279	0.02708	0.09323	0.01824	0.01897	0.01353	0.00806	0.00715	0.00188	0.00742	0.00623	0.00677	0.35797
10	0.01978	0.01617	0.01841	0.01342	0.02048	0.01384	0.01084	0.15032	0.02132	0.03164	0.01549	0.01739	0.01239	0.00680	0.00645	0.00146	0.00662	0.00533	0.00550	0.60635
11	0.02853	0.02114	0.02217	0.01764	0.02354	0.04793	0.01434	0.43666	0.14501	0.09405	0.02504	0.02413	0.04114	0.01036	0.00817	0.00250	0.00836	0.00801	0.00812	0.01319

[dist]
# distance from previous block
# <min> <max>
0	2

[block]
# block no. 3 follows, 23 sequences, length 15
# corresponding to MSA columns:
# 86-100
name=unknown_D
#
# <colnr> <probs for GDERKNQSTAVLIFYWHMCP>
#	G	D	E	R	K	N	Q	S	T	A	V	L	I	F	Y	W	H	M	C	P
0	0.01721	0.01477	0.01700	0.01253	0.01944	0.01189	0.00998	0.02303	0.08929	0.02730	0.01655	0.01837	0.01348	0.00658	0.00627	0.00138	0.00606	0.00531	0.00520	0.67836
1	0.03085	0.02273	0.02435	0.01867	0.02516	0.02516	0.01542	0.63716	0.03815	0.05114	0.01948	0.01948	0.01380	0.00974	0.00812	0.00244	0.00893	0.00731	0.00812	0.01380
2	0.01843	0.01537	0.01769	0.01278	0.01991	0.01246	0.01028	0.09106	0.01927	0.02927	0.01500	0.01713	0.01222	0.00644	0.00625	0.00134	0.00634	0.00509	0.00519	0.67847
3	0.03092	0.02223	0.02331	0.01817	0.02442	0.05782	0.01489	0.50354	0.06758	0.12189	0.02131	0.02076	0.01494	0.00977	0.00809	0.00244	0.00886	0.00740	0.00815	0.01352
4	0.01683	0.01442	0.01683	0.01202	0.01923	0.01082	0.00961	0.02043	0.01683	0.02644	0.01442	0.01683	0.01202	0.00601	0.00601	0.00120	0.00601	0.00481	0.00481	0.76444
5	0.03448	0.01424	0.01877	0.01468	0.02076	0.01290	0.01203	0.03997	0.09742	0.59451	0.03213	0.02793	0.02064	0.01016	0.00817	0.00254	0.00685	0.00828	0.00983	0.01369
6	0.01152	0.00794	0.00892	0.00888	0.00933	0.00774	0.00526	0.01203	0.01337	0.01765	0.07765	0.05650	0.10520	0.58513	0.03539	0.00690	0.00715	0.01262	0.00551	0.00533
7	0.00989	0.00706	0.00942	0.01130	0.01177	0.00659	0.00753	0.01130	0.01554	0.02071	0.04472	0.70954	0.05367	0.02542	0.01036	0.00330	0.00471	0.02307	0.00753	0.00659
8	0.01532	0.01442	0.02434	0.69533	0.05589	0.01803	0.02253	0.02073	0.01622	0.02073	0.01442	0.02163	0.01082	0.00811	0.00811	0.00270	0.01082	0.00721	0.00361	0.00901
9	0.01683	0.01442	0.01683	0.01202	0.01923	0.01082	0.00961	0.02043	0.01683	0.02644	0.01442	0.01683	0.01202	0.00601	0.00601	0.00120	0.00601	0.00481	0.00481	0.76444
10	0.01562	0.01473	0.02488	0.65479	0.09409	0.01811	0.02268	0.02099	0.01637	0.02109	0.01448	0.02154	0.01094	0.00806	0.00811	0.00269	0.01074	0.00721	0.00363	0.00925
11	0.01806	0.01438	0.01695	0.01217	0.01932	0.01089	0.00976	0.02163	0.01723	0.06685	0.01553	0.01750	0.01253	0.00626	0.00614	0.00128	0.00607	0.00502	0.00514	0.71729
12	0.03641	0.01381	0.01883	0.01444	0.02071	0.01193	0.01193	0.03954	0.02322	0.66984	0.03201	0.02762	0.02009	0.01004	0.00816	0.00251	0.00690	0.00816	0.01004	0.01381
13	0.36758	0.02054	0.01914	0.01583	0.02127	0.15473	0.06663	0.02973	0.01854	0.19012	0.01718	0.01786	0.01227	0.00827	0.00669	0.00244	0.00883	0.00597	0.00602	0.01036
14	0.01755	0.01619	0.02338	0.01695	0.02418	0.01350	0.13965	0.02322	0.06279	0.02689	0.01617	0.01884	0.01300	0.00654	0.00691	0.00163	0.00763	0.00611	0.00491	0.55395

[dist]
# distance from previous block
# <min> <max>
0	1

[block]
# block no. 4 follows, 23 sequences, length 26
# corresponding to MSA columns:
# 102-127
name=unknown_E
#
# <colnr> <probs for GDERKNQSTAVLIFYWHMCP>
#	G	D	E	R	K	N	Q	S	T	A	V	L	I	F	Y	W	H	M	C	P
0	0.01915	0.02189	0.04788	0.03420	0.04241	0.02052	0.63475	0.02599	0.01915	0.02599	0.01642	0.02189	0.01231	0.00684	0.00958	0.00274	0.01368	0.00958	0.00410	0.01094
1	0.03085	0.02273	0.02435	0.01867	0.02516	0.02516	0.01542	0.63716	0.03815	0.05114	0.01948	0.01948	0.01380	0.00974	0.00812	0.00244	0.00893	0.00731	0.00812	0.01380
2	0.01532	0.01442	0.02434	0.69533	0.05589	0.01803	0.02253	0.02073	0.01622	0.02073	0.01442	0.02163	0.01082	0.00811	0.00811	0.00270	0.01082	0.00721	0.00361	0.00901
3	0.02966	0.01532	0.01863	0.01530	0.02087	0.01536	0.01231	0.04103	0.28376	0.40533	0.03243	0.02872	0.02203	0.01044	0.00820	0.00261	0.00670	0.00858	0.00930	0.01341
4	0.02008	0.01928	0.03294	0.04981	0.66422	0.01928	0.02490	0.02490	0.01848	0.02651	0.01526	0.02008	0.01285	0.00723	0.00803	0.00241	0.00964	0.00723	0.00402	0.01285
5	0.01532	0.01442	0.02434	0.69533	0.05589	0.01803	0.02253	0.02073	0.01622	0.02073	0.01442	0.02163	0.01082	0.00811	0.00811	0.00270	0.01082	0.00721	0.00361	0.00901
6	0.00985	0.00720	0.00927	0.01092	0.01167	0.00662	0.00736	0.01134	0.01590	0.02086	0.04931	0.63229	0.12795	0.02483	0.01026	0.00323	0.00463	0.02234	0.00753	0.00662
7	0.03085	0.02273	0.02435	0.01867	0.02516	0.02516	0.01542	0.63716	0.03815	0.05114	0.01948	0.01948	0.01380	0.00974	0.00812	0.00244	0.00893	0.00731	0.00812	0.01380
8	0.01959	0.02139	0.03201	0.02538	0.02847	0.09634	0.21470	0.02302	0.01575	0.02163	0.01270	0.01873	0.01116	0.01120	0.01904	0.00313	0.40468	0.00768	0.00380	0.00960
9	0.00989	0.00706	0.00942	0.01130	0.01177	0.00659	0.00753	0.01130	0.01554	0.02071	0.04472	0.70954	0.05367	0.02542	0.01036	0.00330	0.00471	0.02307	0.00753	0.00659
10	0.01180	0.00787	0.00885	0.00885	0.00885	0.00787	0.00492	0.01180	0.01180	0.01573	0.02557	0.05310	0.02950	0.71483	0.04130	0.00787	0.00787	0.01180	0.00492	0.00492
11	0.00989	0.00706	0.00942	0.01130	0.01177	0.00659	0.00753	0.01130	0.01554	0.02071	0.04472	0.70954	0.05367	0.02542	0.01036	0.00330	0.00471	0.02307	0.00753	0.00659
12	0.01532	0.01442	0.02434	0.69533	0.05589	0.01803	0.02253	0.02073	0.01622	0.02073	0.01442	0.02163	0.01082	0.00811	0.00811	0.00270	0.01082	0.00721	0.00361	0.00901
13	0.62593	0.01708	0.01438	0.01225	0.01756	0.01958	0.01010	0.14482	0.01861	0.03931	0.01291	0.01442	0.00978	0.00797	0.00563	0.00250	0.00680	0.00497	0.00563	0.00978
14	0.01628	0.01502	0.02316	0.56144	0.04902	0.01845	0.02062	0.02515	0.14114	0.02334	0.01809	0.02334	0.01357	0.00868	0.00814	0.00271	0.00995	0.00760	0.00452	0.00977
15	0.03940	0.02883	0.03027	0.02518	0.03164	0.02899	0.01910	0.52280	0.04064	0.05569	0.03004	0.03515	0.02449	0.01716	0.01286	0.00456	0.01234	0.01078	0.01137	0.01872
16	0.02703	0.03285	0.02187	0.01917	0.02374	0.51714	0.01459	0.02940	0.02125	0.02114	0.01282	0.01522	0.01077	0.00819	0.00802	0.00199	0.04700	0.00524	0.00427	0.15830
17	0.02778	0.02109	0.02435	0.15213	0.03122	0.02376	0.01683	0.51558	0.03383	0.04514	0.01848	0.01991	0.01321	0.00942	0.00812	0.00249	0.00930	0.00729	0.00723	0.01286
18	0.01936	0.57915	0.03599	0.01337	0.01904	0.02707	0.01263	0.02173	0.01630	0.01941	0.01788	0.15040	0.01894	0.01059	0.00622	0.00204	0.00789	0.00803	0.00427	0.00966
19	0.01839	0.01606	0.02434	0.56187	0.04983	0.01944	0.02113	0.14232	0.02055	0.02673	0.01542	0.02121	0.01140	0.00843	0.00811	0.00265	0.01044	0.00723	0.00450	0.00996
20	0.02169	0.71972	0.04252	0.01388	0.02083	0.03211	0.01388	0.02430	0.01649	0.01909	0.01128	0.01302	0.01041	0.00694	0.00521	0.00174	0.00868	0.00434	0.00347	0.01041
21	0.01547	0.01402	0.02318	0.48135	0.12336	0.01647	0.02096	0.02047	0.01699	0.02215	0.02016	0.03523	0.01815	0.01082	0.00871	0.00287	0.01001	0.12603	0.00442	0.00918
22	0.03321	0.01452	0.01874	0.01485	0.02079	0.01355	0.01211	0.04025	0.14676	0.54441	0.03221	0.02814	0.02101	0.01023	0.00818	0.00256	0.00681	0.00836	0.00969	0.01362
23	0.01066	0.00803	0.00986	0.00989	0.01174	0.00723	0.00723	0.01354	0.02030	0.02736	0.38356	0.19330	0.22885	0.01939	0.00973	0.00275	0.00408	0.01699	0.00828	0.00723
24	0.62306	0.02088	0.14228	0.01313	0.01952	0.01833	0.01297	0.02422	0.01446	0.03429	0.01194	0.01396	0.00908	0.00757	0.00555	0.00252	0.00740	0.00471	0.00471	0.00942
25	0.02833	0.12266	0.47792	0.02769	0.03797	0.02545	0.02892	0.03178	0.02369	0.03450	0.02571	0.03279	0.02168	0.01544	0.01224	0.00457	0.01442	0.00954	0.00761	0.01709

[dist]
# distance from previous block
# <min> <max>
0	4

[block]
# block no. 5 follows, 23 sequences, length 23
# corresponding to MSA columns:
# 132-154
name=unknown_F
#
# <colnr> <probs for GDERKNQSTAVLIFYWHMCP>
#	G	D	E	R	K	N	Q	S	T	A	V	L	I	F	Y	W	H	M	C	P
0	0.01667	0.01544	0.02411	0.50916	0.10976	0.01854	0.02102	0.02518	0.13060	0.02368	0.01786	0.02304	0.01353	0.00855	0.00813	0.00268	0.00991	0.00757	0.00448	0.01008
1	0.01792	0.04230	0.65523	0.02394	0.03577	0.01957	0.03010	0.02660	0.01809	0.02707	0.01622	0.01945	0.01192	0.00884	0.00840	0.00287	0.01240	0.00653	0.00403	0.01275
2	0.01700	0.01554	0.02519	0.67705	0.05595	0.01878	0.02286	0.02177	0.01721	0.02225	0.01609	0.02383	0.01244	0.00923	0.00879	0.00300	0.01125	0.00771	0.00420	0.00986
3	0.01848	0.11243	0.59002	0.02298	0.03429	0.02095	0.02843	0.02645	0.01802	0.02639	0.01588	0.01903	0.01193	0.00876	0.00814	0.00279	0.01205	0.00636	0.00403	0.01259
4	0.01220	0.00907	0.01082	0.01127	0.01288	0.00811	0.00789	0.01393	0.01937	0.02593	0.24104	0.31621	0.20744	0.04882	0.01175	0.00339	0.00503	0.01869	0.00834	0.00783
5	0.01580	0.00837	0.01181	0.01174	0.01192	0.00811	0.00781	0.01190	0.01171	0.01580	0.01577	0.02677	0.01562	0.02873	0.03172	0.74260	0.00759	0.00756	0.00412	0.00452
6	0.03748	0.01494	0.01984	0.01549	0.02177	0.01285	0.01255	0.04005	0.02401	0.65292	0.03318	0.02964	0.02145	0.01110	0.00884	0.00281	0.00745	0.00864	0.01046	0.01452
7	0.02021	0.01904	0.02568	0.02337	0.05995	0.02477	0.01818	0.04822	0.06049	0.02383	0.01466	0.02116	0.01355	0.01432	0.02362	0.00366	0.56238	0.00777	0.00470	0.01044
8	0.03085	0.02273	0.02435	0.01867	0.02516	0.02516	0.01542	0.63716	0.03815	0.05114	0.01948	0.01948	0.01380	0.00974	0.00812	0.00244	0.00893	0.00731	0.00812	0.01380
9	0.03462	0.01341	0.01826	0.01413	0.02010	0.01162	0.01162	0.03781	0.02321	0.62427	0.07690	0.02998	0.02412	0.01051	0.00826	0.00251	0.00668	0.00863	0.00996	0.01337
10	0.03290	0.01702	0.01918	0.01547	0.02123	0.08275	0.01248	0.03944	0.13428	0.48981	0.03018	0.02675	0.01992	0.01004	0.00809	0.00251	0.00762	0.00804	0.00912	0.01318
11	0.01898	0.01570	0.01798	0.01304	0.02014	0.01302	0.01051	0.11516	0.02010	0.03023	0.01520	0.01723	0.01229	0.00658	0.00633	0.00139	0.00646	0.00519	0.00532	0.64914
12	0.03142	0.02181	0.02378	0.01823	0.02470	0.02379	0.01506	0.57533	0.03661	0.11515	0.02078	0.02032	0.01445	0.00977	0.00812	0.00244	0.00872	0.00739	0.00832	0.01380
13	0.02998	0.02056	0.02261	0.01767	0.02376	0.02234	0.01447	0.49351	0.07672	0.12900	0.02307	0.04976	0.01700	0.01051	0.00822	0.00250	0.00832	0.00819	0.00835	0.01344
14	0.01775	0.01775	0.02485	0.02130	0.02130	0.02485	0.01775	0.01953	0.01243	0.01953	0.01065	0.01775	0.01065	0.01420	0.02663	0.00355	0.69998	0.00710	0.00355	0.00888
15	0.01775	0.01775	0.02485	0.02130	0.02130	0.02485	0.01775	0.01953	0.01243	0.01953	0.01065	0.01775	0.01065	0.01420	0.02663	0.00355	0.69998	0.00710	0.00355	0.00888
16	0.01162	0.00858	0.01247	0.01247	0.01373	0.00983	0.00944	0.01413	0.01287	0.01842	0.02225	0.03475	0.02153	0.14936	0.59588	0.01234	0.01986	0.00911	0.00442	0.00693
17	0.01003	0.00717	0.00954	0.01120	0.01180	0.00669	0.00754	0.01166	0.01620	0.02178	0.10013	0.65110	0.05573	0.02463	0.01029	0.00323	0.00463	0.02231	0.00766	0.00669
18	0.01980	0.01433	0.01713	0.01239	0.01945	0.01099	0.00997	0.02333	0.01780	0.12413	0.01709	0.01846	0.01324	0.00662	0.00634	0.00140	0.00615	0.00532	0.00560	0.65047
19	0.01798	0.01472	0.01704	0.01266	0.01909	0.01230	0.01013	0.10107	0.02043	0.03049	0.09885	0.02286	0.02063	0.00787	0.00675	0.00154	0.00611	0.00642	0.00578	0.56728
20	0.17097	0.01448	0.01751	0.01393	0.01982	0.01383	0.01143	0.03696	0.07789	0.49546	0.02827	0.02519	0.01842	0.00967	0.00759	0.00253	0.00675	0.00755	0.00895	0.01279
21	0.02928	0.02189	0.02349	0.01819	0.02454	0.02410	0.01494	0.55718	0.09230	0.04853	0.02048	0.02034	0.01471	0.00969	0.00804	0.00241	0.00858	0.00737	0.00799	0.04594
22	0.03085	0.02273	0.02435	0.01867	0.02516	0.02516	0.01542	0.63716	0.03815	0.05114	0.01948	0.01948	0.01380	0.00974	0.00812	0.00244	0.00893	0.00731	0.00812	0.01380

[dist]
# distance from previous block
# <min> <max>
0	2

[block]
# block no. 6 follows, 23 sequences, length 45
# corresponding to MSA columns:
# 157-201
name=unknown_G
#
# <colnr> <probs for GDERKNQSTAVLIFYWHMCP>
#	G	D	E	R	K	N	Q	S	T	A	V	L	I	F	Y	W	H	M	C	P
0	0.01831	0.01530	0.01762	0.01272	0.01986	0.01234	0.01023	0.08573	0.01908	0.02906	0.01496	0.01711	0.01221	0.00640	0.00623	0.00133	0.00632	0.00507	0.00516	0.68496
1	0.77215	0.01569	0.01193	0.01067	0.01569	0.01820	0.00879	0.02385	0.01381	0.03641	0.01130	0.01318	0.00879	0.00753	0.00502	0.00251	0.00628	0.00439	0.00502	0.00879
2	0.00989	0.00706	0.00942	0.01130	0.01177	0.00659	0.00753	0.01130	0.01554	0.02071	0.04472	0.70954	0.05367	0.02542	0.01036	0.00330	0.00471	0.02307	0.00753	0.00659
3	0.00986	0.00823	0.00860	0.00851	0.01113	0.00697	0.00638	0.01217	0.01914	0.02345	0.16517	0.07558	0.57700	0.01998	0.00959	0.00271	0.00407	0.01677	0.00774	0.00697
4	0.02008	0.01928	0.03294	0.04981	0.66422	0.01928	0.02490	0.02490	0.01848	0.02651	0.01526	0.02008	0.01285	0.00723	0.00803	0.00241	0.00964	0.00723	0.00402	0.01285
5	0.00962	0.00811	0.00833	0.00851	0.01104	0.00683	0.00629	0.01161	0.01822	0.02181	0.07872	0.13677	0.60449	0.02100	0.00966	0.00279	0.00417	0.01768	0.00753	0.00683
6	0.01159	0.00869	0.01304	0.01304	0.01449	0.01014	0.01014	0.01449	0.01304	0.01884	0.02173	0.03188	0.02029	0.06086	0.68268	0.01304	0.02173	0.00869	0.00435	0.00724
7	0.77215	0.01569	0.01193	0.01067	0.01569	0.01820	0.00879	0.02385	0.01381	0.03641	0.01130	0.01318	0.00879	0.00753	0.00502	0.00251	0.00628	0.00439	0.00502	0.00879
8	0.02169	0.71972	0.04252	0.01388	0.02083	0.03211	0.01388	0.02430	0.01649	0.01909	0.01128	0.01302	0.01041	0.00694	0.00521	0.00174	0.00868	0.00434	0.00347	0.01041
9	0.03641	0.01381	0.01883	0.01444	0.02071	0.01193	0.01193	0.03954	0.02322	0.66984	0.03201	0.02762	0.02009	0.01004	0.00816	0.00251	0.00690	0.00816	0.01004	0.01381
10	0.01006	0.00714	0.00936	0.01107	0.01150	0.00671	0.00729	0.01134	0.01519	0.02025	0.04296	0.64905	0.05144	0.08895	0.01321	0.00372	0.00500	0.02203	0.00729	0.00644
11	0.02932	0.02042	0.02265	0.01768	0.02362	0.02235	0.01454	0.51617	0.03412	0.10473	0.02087	0.02154	0.01507	0.01518	0.07954	0.00356	0.01010	0.00753	0.00790	0.01311
12	0.07663	0.02229	0.02358	0.01818	0.02458	0.02473	0.01501	0.59928	0.03665	0.05023	0.01898	0.01909	0.01349	0.00960	0.00793	0.00244	0.00877	0.00713	0.00793	0.01349
13	0.77215	0.01569	0.01193	0.01067	0.01569	0.01820	0.00879	0.02385	0.01381	0.03641	0.01130	0.01318	0.00879	0.00753	0.00502	0.00251	0.00628	0.00439	0.00502	0.00879
14	0.03641	0.01381	0.01883	0.01444	0.02071	0.01193	0.01193	0.03954	0.02322	0.66984	0.03201	0.02762	0.02009	0.01004	0.00816	0.00251	0.00690	0.00816	0.01004	0.01381
15	0.03031	0.03867	0.02299	0.02090	0.02508	0.68226	0.01568	0.03240	0.02299	0.01986	0.01254	0.01463	0.01045	0.00836	0.00732	0.00209	0.01463	0.00523	0.00418	0.00941
16	0.01159	0.00869	0.01304	0.01304	0.01449	0.01014	0.01014	0.01449	0.01304	0.01884	0.02173	0.03188	0.02029	0.06086	0.68268	0.01304	0.02173	0.00869	0.00435	0.00724
17	0.01532	0.01442	0.02434	0.69533	0.05589	0.01803	0.02253	0.02073	0.01622	0.02073	0.01442	0.02163	0.01082	0.00811	0.00811	0.00270	0.01082	0.00721	0.00361	0.00901
18	0.03085	0.02273	0.02435	0.01867	0.02516	0.02516	0.01542	0.63716	0.03815	0.05114	0.01948	0.01948	0.01380	0.00974	0.00812	0.00244	0.00893	0.00731	0.00812	0.01380
19	0.00989	0.00706	0.00942	0.01130	0.01177	0.00659	0.00753	0.01130	0.01554	0.02071	0.04472	0.70954	0.05367	0.02542	0.01036	0.00330	0.00471	0.02307	0.00753	0.00659
20	0.00989	0.00706	0.00942	0.01130	0.01177	0.00659	0.00753	0.01130	0.01554	0.02071	0.04472	0.70954	0.05367	0.02542	0.01036	0.00330	0.00471	0.02307	0.00753	0.00659
21	0.03641	0.01381	0.01883	0.01444	0.02071	0.01193	0.01193	0.03954	0.02322	0.66984	0.03201	0.02762	0.02009	0.01004	0.00816	0.00251	0.00690	0.00816	0.01004	0.01381
22	0.02935	0.03538	0.02300	0.02054	0.02475	0.56529	0.01563	0.08611	0.05061	0.02323	0.01395	0.01588	0.01137	0.00887	0.00832	0.00222	0.04527	0.00567	0.00468	0.00992
23	0.01293	0.00948	0.01091	0.01026	0.01294	0.00879	0.00783	0.03990	0.04892	0.05498	0.28283	0.06474	0.31989	0.04387	0.01065	0.00288	0.00468	0.03747	0.00811	0.00793
24	0.01866	0.01929	0.02468	0.04922	0.02304	0.07737	0.01778	0.02061	0.01343	0.01960	0.01096	0.01766	0.01064	0.01348	0.02431	0.00340	0.61636	0.00695	0.00360	0.00892
25	0.03085	0.02273	0.02435	0.01867	0.02516	0.02516	0.01542	0.63716	0.03815	0.05114	0.01948	0.01948	0.01380	0.00974	0.00812	0.00244	0.00893	0.00731	0.00812	0.01380
26	0.02018	0.01743	0.01835	0.01651	0.02110	0.02018	0.01284	0.04312	0.64956	0.03394	0.03303	0.03027	0.02477	0.01101	0.00826	0.00275	0.00642	0.00917	0.00826	0.01284
27	0.03612	0.01427	0.01911	0.01465	0.02094	0.01261	0.01211	0.07020	0.02399	0.63810	0.03137	0.02720	0.01976	0.01003	0.00816	0.00251	0.00701	0.00812	0.00994	0.01381
28	0.01614	0.01526	0.02581	0.58458	0.16026	0.01824	0.02294	0.02145	0.01661	0.02172	0.01457	0.02137	0.01117	0.00796	0.00810	0.00265	0.01061	0.00721	0.00368	0.00967
29	0.01867	0.02216	0.07403	0.03271	0.04076	0.01995	0.57832	0.02543	0.01877	0.02564	0.01658	0.02215	0.01260	0.00943	0.04132	0.00322	0.01399	0.00937	0.00409	0.01082
30	0.00989	0.00706	0.00942	0.01130	0.01177	0.00659	0.00753	0.01130	0.01554	0.02071	0.04472	0.70954	0.05367	0.02542	0.01036	0.00330	0.00471	0.02307	0.00753	0.00659
31	0.00959	0.00822	0.00822	0.00822	0.01096	0.00685	0.00617	0.01165	0.01850	0.02192	0.08220	0.07809	0.66092	0.02055	0.00959	0.00274	0.00411	0.01713	0.00754	0.00685
32	0.07633	0.01627	0.02280	0.01737	0.02351	0.01568	0.10139	0.14787	0.02461	0.36627	0.05358	0.02593	0.01960	0.00963	0.00812	0.00250	0.00796	0.00823	0.03977	0.01255
33	0.01915	0.02189	0.04788	0.03420	0.04241	0.02052	0.63475	0.02599	0.01915	0.02599	0.01642	0.02189	0.01231	0.00684	0.00958	0.00274	0.01368	0.00958	0.00410	0.01094
34	0.01148	0.00829	0.01085	0.01021	0.01212	0.00766	0.00766	0.01531	0.02297	0.03254	0.65994	0.06061	0.07656	0.01659	0.00957	0.00255	0.00383	0.01467	0.00893	0.00766
35	0.00959	0.00822	0.00822	0.00822	0.01096	0.00685	0.00617	0.01165	0.01850	0.02192	0.08220	0.07809	0.66092	0.02055	0.00959	0.00274	0.00411	0.01713	0.00754	0.00685
36	0.01905	0.01645	0.01727	0.01563	0.02002	0.01876	0.01213	0.03975	0.58212	0.03266	0.03828	0.03538	0.09275	0.01203	0.00840	0.00275	0.00617	0.01002	0.00818	0.01220
37	0.01758	0.01436	0.02375	0.62257	0.05213	0.01738	0.02140	0.02274	0.01697	0.09010	0.01630	0.02227	0.01181	0.00832	0.00812	0.00268	0.01040	0.00731	0.00429	0.00953
38	0.01267	0.08467	0.01619	0.01313	0.01517	0.01249	0.01054	0.01554	0.01341	0.01886	0.02062	0.02986	0.01923	0.05510	0.61028	0.01183	0.02034	0.00823	0.00425	0.00758
39	0.01805	0.01558	0.01631	0.01485	0.01906	0.01750	0.01150	0.03679	0.52264	0.03153	0.04292	0.03989	0.15271	0.01293	0.00852	0.00275	0.00596	0.01077	0.00811	0.01164
40	0.01611	0.08028	0.56336	0.02148	0.03203	0.01873	0.02687	0.02441	0.01665	0.02456	0.01513	0.01845	0.01136	0.01334	0.07968	0.00364	0.01283	0.00618	0.00353	0.01139
41	0.01495	0.01372	0.02268	0.62197	0.05086	0.01694	0.02065	0.01978	0.01575	0.02020	0.01561	0.02500	0.01281	0.08363	0.01166	0.00326	0.01050	0.00770	0.00375	0.00858
42	0.09705	0.03916	0.60217	0.02180	0.03304	0.01878	0.02772	0.02550	0.01678	0.02684	0.01421	0.01671	0.01012	0.00769	0.00742	0.00256	0.01138	0.00582	0.00360	0.01165
43	0.01627	0.01539	0.02606	0.56636	0.17742	0.01828	0.02301	0.02157	0.01667	0.02189	0.01459	0.02132	0.01122	0.00794	0.00810	0.00265	0.01058	0.00721	0.00369	0.00978
44	0.01685	0.12326	0.52516	0.09381	0.03556	0.02041	0.02718	0.02499	0.01695	0.02435	0.01414	0.01710	0.01035	0.00766	0.00744	0.00248	0.01145	0.00592	0.00345	0.01148

[dist]
# distance from previous block
# <min> <max>
5	7

[block]
# block no. 7 follows, 23 sequences, length 75
# corresponding to MSA columns:
# 209-283
name=unknown_H
#
# <colnr> <probs for GDERKNQSTAVLIFYWHMCP>
#	G	D	E	R	K	N	Q	S	T	A	V	L	I	F	Y	W	H	M	C	P
0	0.02108	0.01072	0.01412	0.01204	0.01568	0.00976	0.00946	0.02546	0.04943	0.26858	0.40105	0.04712	0.05347	0.01393	0.00899	0.00255	0.00508	0.01203	0.00932	0.01015
1	0.01071	0.00789	0.01010	0.01119	0.01227	0.00750	0.00776	0.01373	0.04881	0.02386	0.17230	0.51319	0.08495	0.02266	0.01006	0.00309	0.00458	0.02038	0.00786	0.00713
2	0.01964	0.02165	0.04514	0.03255	0.04011	0.02105	0.56195	0.05602	0.01964	0.02681	0.01618	0.02149	0.01227	0.00748	0.01066	0.00278	0.06008	0.00929	0.00427	0.01095
3	0.01988	0.01907	0.03256	0.07768	0.63795	0.01923	0.02480	0.02472	0.01838	0.02626	0.01523	0.02015	0.01277	0.00727	0.00804	0.00242	0.00969	0.00723	0.00400	0.01269
4	0.01613	0.01523	0.02132	0.01858	0.01944	0.02018	0.01527	0.01831	0.01288	0.01982	0.01371	0.02126	0.01318	0.02545	0.19124	0.00579	0.48120	0.00735	0.00384	0.05980
5	0.02878	0.02122	0.02273	0.01763	0.02359	0.02334	0.01440	0.57291	0.03577	0.04780	0.02285	0.02414	0.04596	0.04859	0.00999	0.00275	0.00864	0.00802	0.00792	0.01298
6	0.01683	0.01442	0.01683	0.01202	0.01923	0.01082	0.00961	0.02043	0.01683	0.02644	0.01442	0.01683	0.01202	0.00601	0.00601	0.00120	0.00601	0.00481	0.00481	0.76444
7	0.01764	0.04006	0.62835	0.02254	0.03414	0.01837	0.02875	0.02664	0.01755	0.06947	0.01575	0.01784	0.01095	0.00787	0.00774	0.00257	0.01165	0.00614	0.00388	0.01212
8	0.02169	0.71972	0.04252	0.01388	0.02083	0.03211	0.01388	0.02430	0.01649	0.01909	0.01128	0.01302	0.01041	0.00694	0.00521	0.00174	0.00868	0.00434	0.00347	0.01041
9	0.01180	0.00787	0.00885	0.00885	0.00885	0.00787	0.00492	0.01180	0.01180	0.01573	0.02557	0.05310	0.02950	0.71483	0.04130	0.00787	0.00787	0.01180	0.00492	0.00492
10	0.01030	0.00773	0.01114	0.01233	0.01315	0.00722	0.03573	0.01196	0.01570	0.02095	0.04345	0.67863	0.05181	0.02459	0.01032	0.00327	0.00511	0.02246	0.00738	0.00679
11	0.00989	0.00706	0.00942	0.01130	0.01177	0.00659	0.00753	0.01130	0.01554	0.02071	0.04472	0.70954	0.05367	0.02542	0.01036	0.00330	0.00471	0.02307	0.00753	0.00659
12	0.01513	0.00756	0.00756	0.00756	0.00945	0.00756	0.00567	0.01891	0.01702	0.03025	0.02647	0.03025	0.02080	0.00945	0.00567	0.00189	0.00378	0.00756	0.75988	0.00756
13	0.02169	0.71972	0.04252	0.01388	0.02083	0.03211	0.01388	0.02430	0.01649	0.01909	0.01128	0.01302	0.01041	0.00694	0.00521	0.00174	0.00868	0.00434	0.00347	0.01041
14	0.01148	0.00829	0.01085	0.01021	0.01212	0.00766	0.00766	0.01531	0.02297	0.03254	0.65994	0.06061	0.07656	0.01659	0.00957	0.00255	0.00383	0.01467	0.00893	0.00766
15	0.00959	0.00822	0.00822	0.00822	0.01096	0.00685	0.00617	0.01165	0.01850	0.02192	0.08220	0.07809	0.66092	0.02055	0.00959	0.00274	0.00411	0.01713	0.00754	0.00685
16	0.77215	0.01569	0.01193	0.01067	0.01569	0.01820	0.00879	0.02385	0.01381	0.03641	0.01130	0.01318	0.00879	0.00753	0.00502	0.00251	0.00628	0.00439	0.00502	0.00879
17	0.01976	0.01895	0.03235	0.09367	0.62288	0.01919	0.02474	0.02462	0.01832	0.02612	0.01521	0.02019	0.01271	0.00729	0.00804	0.00243	0.00972	0.00723	0.00399	0.01259
18	0.01747	0.01481	0.01717	0.01233	0.01950	0.01148	0.00988	0.04889	0.01781	0.02758	0.01466	0.01695	0.01210	0.00618	0.00611	0.00126	0.00614	0.00492	0.00496	0.72981
19	0.01033	0.00822	0.00909	0.00889	0.01118	0.00717	0.00655	0.01280	0.01944	0.02482	0.25929	0.07092	0.43495	0.06654	0.01174	0.00303	0.00428	0.01600	0.00779	0.00697
20	0.01840	0.02014	0.04084	0.02979	0.03660	0.01965	0.48028	0.02413	0.01798	0.02502	0.01669	0.04893	0.01377	0.00843	0.01139	0.00273	0.09665	0.00941	0.00424	0.07492
21	0.01889	0.02138	0.04628	0.07917	0.04332	0.02035	0.59310	0.02563	0.01895	0.02563	0.01628	0.02187	0.01221	0.00693	0.00948	0.00273	0.01349	0.00942	0.00407	0.01081
22	0.02039	0.01431	0.01719	0.01246	0.01950	0.01102	0.01004	0.02391	0.01799	0.14354	0.01762	0.01879	0.01349	0.00674	0.00640	0.00144	0.00617	0.00542	0.00576	0.62782
23	0.02169	0.71972	0.04252	0.01388	0.02083	0.03211	0.01388	0.02430	0.01649	0.01909	0.01128	0.01302	0.01041	0.00694	0.00521	0.00174	0.00868	0.00434	0.00347	0.01041
24	0.77215	0.01569	0.01193	0.01067	0.01569	0.01820	0.00879	0.02385	0.01381	0.03641	0.01130	0.01318	0.00879	0.00753	0.00502	0.00251	0.00628	0.00439	0.00502	0.00879
25	0.09696	0.01369	0.01743	0.01385	0.01948	0.01263	0.01131	0.03611	0.06499	0.51060	0.09023	0.02969	0.02481	0.01052	0.00803	0.00253	0.00652	0.00852	0.00938	0.01272
26	0.01104	0.00851	0.00974	0.00952	0.01154	0.00781	0.00688	0.01427	0.04412	0.02544	0.28592	0.09594	0.30130	0.11567	0.01398	0.00341	0.00465	0.01543	0.00772	0.00711
27	0.01945	0.02141	0.07968	0.04099	0.39234	0.01991	0.19434	0.02567	0.04164	0.02624	0.01596	0.02065	0.01286	0.00764	0.00938	0.00258	0.04522	0.00787	0.00413	0.01206
28	0.01409	0.00705	0.01057	0.01057	0.01057	0.00705	0.00705	0.01057	0.01057	0.01409	0.01409	0.02467	0.01409	0.02819	0.03171	0.76392	0.00705	0.00705	0.00352	0.00352
29	0.01704	0.03567	0.48387	0.02557	0.03587	0.01964	0.16937	0.02535	0.01728	0.02535	0.01473	0.01828	0.01078	0.00795	0.00943	0.00267	0.05913	0.00690	0.00359	0.01154
30	0.01995	0.01729	0.01863	0.04873	0.02275	0.02008	0.01330	0.04205	0.61950	0.03332	0.03214	0.02986	0.02411	0.01087	0.00825	0.00275	0.00663	0.00908	0.00804	0.01266
31	0.01627	0.04197	0.67279	0.02313	0.03512	0.01884	0.02998	0.02570	0.01713	0.02570	0.01456	0.01713	0.01028	0.00771	0.00771	0.00257	0.01199	0.00600	0.00343	0.01199
32	0.01574	0.00816	0.00822	0.00800	0.01007	0.00825	0.00605	0.04315	0.01785	0.03107	0.02620	0.02983	0.02052	0.00946	0.00577	0.00191	0.00398	0.00755	0.73040	0.00781
33	0.01532	0.01442	0.02434	0.69533	0.05589	0.01803	0.02253	0.02073	0.01622	0.02073	0.01442	0.02163	0.01082	0.00811	0.00811	0.00270	0.01082	0.00721	0.00361	0.00901
34	0.01532	0.01442	0.02434	0.69533	0.05589	0.01803	0.02253	0.02073	0.01622	0.02073	0.01442	0.02163	0.01082	0.00811	0.00811	0.00270	0.01082	0.00721	0.00361	0.00901
35	0.37002	0.01829	0.01654	0.01386	0.01904	0.05143	0.01126	0.21065	0.06542	0.06372	0.01737	0.01830	0.01291	0.00873	0.00646	0.00243	0.00731	0.00605	0.06953	0.01069
36	0.01148	0.00829	0.01085	0.01021	0.01212	0.00766	0.00766	0.01531	0.02297	0.03254	0.65994	0.06061	0.07656	0.01659	0.00957	0.00255	0.00383	0.01467	0.00893	0.00766
37	0.03641	0.01381	0.01883	0.01444	0.02071	0.01193	0.01193	0.03954	0.02322	0.66984	0.03201	0.02762	0.02009	0.01004	0.00816	0.00251	0.00690	0.00816	0.01004	0.01381
38	0.01849	0.01772	0.07218	0.01375	0.02127	0.01324	0.01202	0.09630	0.01946	0.02940	0.01505	0.01718	0.01209	0.00661	0.00641	0.00147	0.00686	0.00521	0.00510	0.61018
39	0.01409	0.00705	0.01057	0.01057	0.01057	0.00705	0.00705	0.01057	0.01057	0.01409	0.01409	0.02467	0.01409	0.02819	0.03171	0.76392	0.00705	0.00705	0.00352	0.00352
40	0.01627	0.04197	0.67279	0.02313	0.03512	0.01884	0.02998	0.02570	0.01713	0.02570	0.01456	0.01713	0.01028	0.00771	0.00771	0.00257	0.01199	0.00600	0.00343	0.01199
41	0.01513	0.00756	0.00756	0.00756	0.00945	0.00756	0.00567	0.01891	0.01702	0.03025	0.02647	0.03025	0.02080	0.00945	0.00567	0.00189	0.00378	0.00756	0.75988	0.00756
42	0.01683	0.01442	0.01683	0.01202	0.01923	0.01082	0.00961	0.02043	0.01683	0.02644	0.01442	0.01683	0.01202	0.00601	0.00601	0.00120	0.00601	0.00481	0.00481	0.76444
43	0.00989	0.00706	0.00942	0.01130	0.01177	0.00659	0.00753	0.01130	0.01554	0.02071	0.04472	0.70954	0.05367	0.02542	0.01036	0.00330	0.00471	0.02307	0.00753	0.00659
44	0.01068	0.00807	0.01184	0.01288	0.01389	0.00760	0.04213	0.01260	0.01602	0.02133	0.04302	0.61586	0.05078	0.02414	0.01039	0.00331	0.00545	0.07576	0.00734	0.00691
45	0.00989	0.00706	0.00942	0.01130	0.01177	0.00659	0.00753	0.01130	0.01554	0.02071	0.04472	0.70954	0.05367	0.02542	0.01036	0.00330	0.00471	0.02307	0.00753	0.00659
46	0.01247	0.00855	0.01092	0.01018	0.01240	0.00777	0.00769	0.01605	0.02245	0.06212	0.56150	0.06107	0.14267	0.01674	0.00950	0.00257	0.00401	0.01465	0.00882	0.00786
47	0.02169	0.71972	0.04252	0.01388	0.02083	0.03211	0.01388	0.02430	0.01649	0.01909	0.01128	0.01302	0.01041	0.00694	0.00521	0.00174	0.00868	0.00434	0.00347	0.01041
48	0.01308	0.00934	0.01308	0.01494	0.01681	0.00934	0.01308	0.01681	0.01868	0.02428	0.04296	0.09153	0.04670	0.02242	0.01121	0.00374	0.00747	0.60960	0.00747	0.00747
49	0.01409	0.00705	0.01057	0.01057	0.01057	0.00705	0.00705	0.01057	0.01057	0.01409	0.01409	0.02467	0.01409	0.02819	0.03171	0.76392	0.00705	0.00705	0.00352	0.00352
50	0.01532	0.01442	0.02434	0.69533	0.05589	0.01803	0.02253	0.02073	0.01622	0.02073	0.01442	0.02163	0.01082	0.00811	0.00811	0.00270	0.01082	0.00721	0.00361	0.00901
51	0.01683	0.01442	0.01683	0.01202	0.01923	0.01082	0.00961	0.02043	0.01683	0.02644	0.01442	0.01683	0.01202	0.00601	0.00601	0.00120	0.00601	0.00481	0.00481	0.76444
52	0.02008	0.01928	0.03294	0.04981	0.66422	0.01928	0.02490	0.02490	0.01848	0.02651	0.01526	0.02008	0.01285	0.00723	0.00803	0.00241	0.00964	0.00723	0.00402	0.01285
53	0.02123	0.66178	0.09639	0.01467	0.02205	0.03097	0.01526	0.02442	0.01654	0.01966	0.01156	0.01337	0.01040	0.00701	0.00542	0.00181	0.00896	0.00448	0.00347	0.01055
54	0.77215	0.01569	0.01193	0.01067	0.01569	0.01820	0.00879	0.02385	0.01381	0.03641	0.01130	0.01318	0.00879	0.00753	0.00502	0.00251	0.00628	0.00439	0.00502	0.00879
55	0.01179	0.00792	0.00914	0.00914	0.00923	0.00802	0.00527	0.01198	0.01188	0.01594	0.02531	0.05166	0.02887	0.67035	0.08493	0.00822	0.00881	0.01159	0.00488	0.00508
56	0.01627	0.04197	0.67279	0.02313	0.03512	0.01884	0.02998	0.02570	0.01713	0.02570	0.01456	0.01713	0.01028	0.00771	0.00771	0.00257	0.01199	0.00600	0.00343	0.01199
