[name]
unknown

[dist]
# distance from previous block
# <min> <max>
0	26

[block]
# block no. 0 follows, 24 sequences, length 18
# corresponding to MSA columns:
# 26-43
name=unknown_A
#
# <colnr> <probs for GDERKNQSTAVLIFYWHMCP>
#	G	D	E	R	K	N	Q	S	T	A	V	L	I	F	Y	W	H	M	C	P
0	0.01968	0.01456	0.04633	0.01512	0.01960	0.01355	0.04291	0.11006	0.09099	0.13253	0.08082	0.11900	0.02822	0.01845	0.09055	0.00377	0.00868	0.05082	0.00703	0.08731
1	0.08132	0.01464	0.02120	0.13172	0.05975	0.01542	0.09334	0.09573	0.05925	0.08080	0.09976	0.03684	0.05706	0.01149	0.00840	0.00266	0.00800	0.08302	0.02975	0.00988
2	0.04154	0.01152	0.01505	0.07826	0.01922	0.01198	0.01117	0.05697	0.01892	0.10565	0.16742	0.10387	0.03625	0.08817	0.01340	0.00324	0.06099	0.09024	0.00680	0.05935
3	0.01278	0.00896	0.01188	0.01213	0.01332	0.00908	0.00870	0.01451	0.01575	0.06485	0.08256	0.47491	0.04403	0.05975	0.01312	0.00329	0.08125	0.01779	0.00693	0.04442
4	0.05746	0.01422	0.02424	0.06605	0.05345	0.01435	0.19000	0.01864	0.01566	0.02270	0.02169	0.19729	0.02205	0.01398	0.01233	0.07467	0.07289	0.01122	0.00485	0.09225
5	0.00994	0.00707	0.00934	0.01106	0.01156	0.00666	0.00746	0.01135	0.01509	0.02009	0.04237	0.64018	0.05053	0.07121	0.01218	0.00354	0.00494	0.05186	0.00719	0.00638
6	0.01164	0.00766	0.00941	0.00998	0.01118	0.00712	0.00683	0.01341	0.01632	0.05043	0.12500	0.35461	0.12879	0.13965	0.01464	0.00368	0.00497	0.01713	0.06085	0.00671
7	0.07265	0.01092	0.01296	0.04429	0.01576	0.01114	0.00896	0.09433	0.01949	0.10045	0.16130	0.15253	0.03666	0.16047	0.01494	0.00364	0.00615	0.01204	0.05302	0.00830
8	0.01064	0.00731	0.00904	0.00994	0.01065	0.00694	0.00656	0.01213	0.01533	0.02104	0.10790	0.40381	0.07612	0.19166	0.01702	0.00410	0.00516	0.01762	0.06078	0.00624
9	0.02412	0.01136	0.01489	0.01309	0.01699	0.01037	0.01041	0.05595	0.02046	0.35104	0.03779	0.17397	0.07590	0.04889	0.01044	0.00303	0.00635	0.09610	0.00849	0.01037
10	0.01349	0.00810	0.00908	0.00876	0.01036	0.00768	0.00601	0.01538	0.01457	0.02313	0.02514	0.09748	0.02432	0.21334	0.01774	0.06021	0.00537	0.00964	0.34399	0.08623
11	0.01413	0.00826	0.01051	0.01062	0.01206	0.00766	0.00728	0.01568	0.01625	0.11740	0.10463	0.34272	0.07328	0.20147	0.01750	0.00416	0.00560	0.01640	0.00721	0.00718
12	0.11155	0.01372	0.01644	0.01370	0.01803	0.01405	0.01100	0.07225	0.08841	0.25678	0.14124	0.06478	0.02893	0.01165	0.00929	0.00254	0.06060	0.00925	0.00786	0.04794
13	0.02097	0.01446	0.01577	0.01294	0.01705	0.01523	0.01026	0.28395	0.02471	0.03598	0.02137	0.02550	0.01713	0.06356	0.06237	0.00327	0.00770	0.00740	0.25454	0.08585
14	0.09047	0.01195	0.01474	0.04110	0.01794	0.01138	0.01004	0.02688	0.06268	0.26433	0.18439	0.05535	0.03265	0.01128	0.00775	0.00236	0.00570	0.00940	0.06737	0.07222
15	0.01482	0.01109	0.01410	0.01407	0.04311	0.01159	0.00998	0.06346	0.05034	0.05656	0.09398	0.24471	0.09721	0.08483	0.05139	0.00382	0.07405	0.01392	0.00664	0.04031
16	0.22274	0.01490	0.01676	0.05761	0.02065	0.01566	0.01154	0.07239	0.06491	0.16067	0.02144	0.04845	0.03605	0.00965	0.00834	0.00237	0.06121	0.00716	0.00629	0.14123
17	0.08910	0.01587	0.01795	0.01445	0.01964	0.01643	0.01173	0.25070	0.06098	0.25211	0.02545	0.06519	0.01885	0.01041	0.00757	0.00242	0.00690	0.00825	0.09408	0.01192

[dist]
# distance from previous block
# <min> <max>
0	5

[block]
# block no. 1 follows, 24 sequences, length 8
# corresponding to MSA columns:
# 49-56
name=unknown_B
#
# <colnr> <probs for GDERKNQSTAVLIFYWHMCP>
#	G	D	E	R	K	N	Q	S	T	A	V	L	I	F	Y	W	H	M	C	P
0	0.06790	0.01860	0.02045	0.06645	0.02315	0.09182	0.04425	0.17430	0.09193	0.03144	0.05171	0.02302	0.01743	0.01159	0.03059	0.00283	0.11635	0.00746	0.09858	0.01015
1	0.01516	0.01269	0.01489	0.01372	0.01503	0.05512	0.01086	0.01774	0.01521	0.02282	0.05282	0.06708	0.06634	0.02054	0.12111	0.00427	0.23359	0.00908	0.22416	0.00777
2	0.17596	0.00999	0.01131	0.01115	0.01375	0.00978	0.00821	0.01748	0.01647	0.09110	0.10253	0.37554	0.03945	0.01733	0.00841	0.00276	0.00514	0.01504	0.00705	0.06155
3	0.01567	0.06454	0.02022	0.02275	0.20644	0.01452	0.01371	0.02254	0.13067	0.02778	0.23319	0.12927	0.04008	0.01309	0.00849	0.00253	0.00630	0.01167	0.00664	0.00990
4	0.01137	0.00948	0.01013	0.00993	0.01274	0.00891	0.00765	0.01675	0.11487	0.02442	0.13008	0.06849	0.46572	0.01842	0.00929	0.00273	0.00457	0.05915	0.00760	0.00770
5	0.01999	0.01151	0.01440	0.01266	0.01597	0.01139	0.00976	0.09274	0.06020	0.19780	0.15532	0.12796	0.06353	0.07140	0.09413	0.00422	0.00779	0.01181	0.00781	0.00963
6	0.01644	0.01409	0.01644	0.01175	0.01879	0.01057	0.00940	0.01997	0.01644	0.02584	0.01409	0.01644	0.01175	0.00587	0.00587	0.00117	0.00587	0.00470	0.00470	0.76979
7	0.01914	0.27439	0.12715	0.02412	0.03167	0.02414	0.29780	0.02437	0.01711	0.02256	0.01366	0.01743	0.01101	0.00730	0.00867	0.00236	0.05604	0.00692	0.00367	0.01052

[dist]
# distance from previous block
# <min> <max>
1	8

[block]
# block no. 2 follows, 24 sequences, length 17
# corresponding to MSA columns:
# 65-81
name=unknown_C
#
# <colnr> <probs for GDERKNQSTAVLIFYWHMCP>
#	G	D	E	R	K	N	Q	S	T	A	V	L	I	F	Y	W	H	M	C	P
0	0.01562	0.01403	0.01504	0.01188	0.01708	0.04532	0.00939	0.04034	0.01771	0.02471	0.03305	0.03374	0.20098	0.01068	0.00819	0.00183	0.04662	0.00841	0.00548	0.43990
1	0.04256	0.01253	0.04284	0.01250	0.01653	0.01067	0.03123	0.06140	0.02141	0.06866	0.36980	0.06950	0.04792	0.01288	0.00835	0.00228	0.00543	0.01120	0.00743	0.14486
2	0.01044	0.00763	0.00982	0.01021	0.01161	0.00700	0.00730	0.01310	0.01920	0.02632	0.36913	0.31815	0.12076	0.01995	0.00966	0.00280	0.00410	0.01777	0.00807	0.00700
3	0.01624	0.03870	0.60527	0.02388	0.03516	0.01861	0.10193	0.02515	0.01698	0.02515	0.01445	0.01729	0.01028	0.00743	0.00775	0.00253	0.01191	0.00627	0.00343	0.01160
4	0.00967	0.00767	0.00869	0.00922	0.01109	0.00670	0.00662	0.01166	0.01762	0.02218	0.13273	0.28143	0.40434	0.02120	0.00961	0.00283	0.00418	0.01835	0.00751	0.00670
5	0.68228	0.01839	0.05983	0.01184	0.01719	0.05454	0.01043	0.02389	0.01422	0.03395	0.01134	0.01323	0.00878	0.00742	0.00522	0.00244	0.00698	0.00445	0.00475	0.00884
6	0.02063	0.01769	0.02375	0.07643	0.25110	0.01931	0.01749	0.07569	0.32306	0.05368	0.02396	0.02468	0.01826	0.00915	0.00797	0.00254	0.00787	0.00800	0.00635	0.01239
7	0.02487	0.08420	0.20522	0.02040	0.02679	0.43329	0.01895	0.02974	0.04565	0.02148	0.01351	0.01547	0.01072	0.00800	0.00715	0.00217	0.01288	0.00541	0.00399	0.01009
8	0.01153	0.00769	0.00865	0.00865	0.00865	0.00769	0.00480	0.01153	0.01153	0.01538	0.02499	0.05189	0.02883	0.72131	0.04036	0.00769	0.00769	0.01153	0.00480	0.00480
9	0.01972	0.01703	0.01793	0.01614	0.02062	0.01972	0.01255	0.04214	0.65752	0.03317	0.03228	0.02959	0.02421	0.01076	0.00807	0.00269	0.00628	0.00897	0.00807	0.01255
10	0.03558	0.01350	0.01840	0.01411	0.02024	0.01166	0.01166	0.03865	0.02270	0.67734	0.03128	0.02699	0.01963	0.00981	0.00797	0.00245	0.00675	0.00797	0.00981	0.01350
11	0.01908	0.01615	0.01721	0.01559	0.01987	0.01837	0.01226	0.06902	0.53905	0.03259	0.03550	0.03630	0.06852	0.01209	0.00835	0.00274	0.00632	0.05120	0.00796	0.01184
12	0.01478	0.00739	0.00739	0.00739	0.00924	0.00739	0.00554	0.01848	0.01663	0.02956	0.02587	0.02956	0.02033	0.00924	0.00554	0.00185	0.00370	0.00739	0.76534	0.00739
13	0.03685	0.01004	0.01333	0.01429	0.05778	0.01041	0.01022	0.01542	0.01847	0.02586	0.27159	0.15370	0.13924	0.01762	0.01130	0.00288	0.08355	0.09265	0.00711	0.00770
14	0.00953	0.00742	0.00867	0.00967	0.01114	0.00656	0.00675	0.01120	0.01650	0.02078	0.06040	0.42451	0.33330	0.02267	0.00978	0.00297	0.00433	0.01990	0.00736	0.00656
15	0.01695	0.04404	0.01882	0.08403	0.02212	0.04220	0.05641	0.11693	0.10982	0.02781	0.08936	0.08406	0.14863	0.04296	0.05722	0.00347	0.00834	0.01110	0.00643	0.00931
16	0.10414	0.03232	0.19755	0.02302	0.07988	0.30032	0.05566	0.02721	0.01870	0.02351	0.01296	0.01585	0.01031	0.00813	0.00849	0.00237	0.05978	0.00575	0.00392	0.01012

[dist]
# distance from previous block
# <min> <max>
1	6

[block]
# block no. 3 follows, 24 sequences, length 13
# corresponding to MSA columns:
# 88-100
name=unknown_D
#
# <colnr> <probs for GDERKNQSTAVLIFYWHMCP>
#	G	D	E	R	K	N	Q	S	T	A	V	L	I	F	Y	W	H	M	C	P
0	0.01707	0.11460	0.32547	0.09656	0.11407	0.01961	0.11274	0.02383	0.01733	0.02432	0.04981	0.02005	0.01425	0.00778	0.00768	0.00243	0.01072	0.00690	0.00383	0.01095
1	0.01725	0.00999	0.01301	0.01184	0.01456	0.00972	0.00905	0.05556	0.01938	0.16499	0.19413	0.12510	0.08650	0.06926	0.15732	0.00511	0.00881	0.01231	0.00744	0.00868
2	0.02036	0.01730	0.01908	0.08033	0.02420	0.02003	0.01370	0.10252	0.53351	0.03371	0.02921	0.02771	0.02183	0.01037	0.00804	0.00265	0.00693	0.00860	0.00763	0.01230
3	0.03443	0.01534	0.01954	0.01498	0.02116	0.01439	0.01238	0.16676	0.02578	0.54488	0.02870	0.02531	0.01833	0.00975	0.00797	0.00244	0.00717	0.00780	0.00942	0.01349
4	0.02152	0.59221	0.10148	0.01512	0.02211	0.09475	0.01526	0.02466	0.01680	0.01936	0.01146	0.01326	0.01017	0.00699	0.00553	0.00181	0.00937	0.00448	0.00346	0.01023
5	0.02230	0.63589	0.03905	0.01447	0.02090	0.11762	0.01380	0.02478	0.01695	0.01876	0.01119	0.01293	0.01018	0.00697	0.00536	0.00174	0.00924	0.00435	0.00348	0.01005
6	0.00959	0.00759	0.00864	0.00933	0.01109	0.00664	0.00663	0.01144	0.01717	0.02153	0.09834	0.32787	0.39264	0.02175	0.00967	0.00288	0.00423	0.01890	0.00744	0.00664
7	0.01422	0.01566	0.12167	0.01637	0.05855	0.01301	0.01350	0.04959	0.05054	0.02310	0.08074	0.03310	0.02405	0.15031	0.26814	0.00723	0.03782	0.00895	0.00496	0.00849
8	0.01377	0.00689	0.01033	0.01033	0.01033	0.00689	0.00689	0.01033	0.01033	0.01377	0.01377	0.02410	0.01377	0.02755	0.03099	0.76928	0.00689	0.00689	0.00344	0.00344
9	0.02098	0.04693	0.02118	0.09507	0.10287	0.15952	0.03389	0.06349	0.05704	0.08479	0.02785	0.06587	0.09382	0.04981	0.00988	0.00277	0.00914	0.03965	0.00572	0.00975
10	0.01212	0.00799	0.01023	0.03478	0.01280	0.00797	0.00761	0.01376	0.01455	0.04391	0.03418	0.28633	0.05850	0.23610	0.08215	0.00530	0.00744	0.04931	0.06848	0.00649
11	0.17087	0.02176	0.05779	0.05421	0.08621	0.06021	0.01572	0.34246	0.02727	0.06497	0.01669	0.01793	0.01218	0.00862	0.00728	0.00240	0.00880	0.00643	0.00635	0.01188
12	0.06770	0.08137	0.11365	0.04728	0.09768	0.35311	0.05361	0.02744	0.01953	0.02218	0.01405	0.04044	0.01196	0.00831	0.00726	0.00224	0.01200	0.00624	0.00406	0.00991

[dist]
# distance from previous block
# <min> <max>
0	5

[block]
# block no. 4 follows, 24 sequences, length 25
# corresponding to MSA columns:
# 106-130
name=unknown_E
#
# <colnr> <probs for GDERKNQSTAVLIFYWHMCP>
#	G	D	E	R	K	N	Q	S	T	A	V	L	I	F	Y	W	H	M	C	P
0	0.01774	0.01576	0.01681	0.04920	0.04228	0.05760	0.01190	0.05793	0.30724	0.02954	0.10710	0.06669	0.09701	0.01214	0.00818	0.00249	0.00656	0.01020	0.00712	0.07651
1	0.01031	0.00778	0.00953	0.00969	0.01144	0.00700	0.00704	0.01298	0.01940	0.02599	0.34656	0.22786	0.23657	0.01946	0.00955	0.00273	0.00403	0.01706	0.00800	0.00700
2	0.01988	0.09050	0.02028	0.01302	0.01989	0.01491	0.01079	0.11457	0.01981	0.05889	0.01531	0.01693	0.01220	0.00670	0.00619	0.00147	0.00661	0.00517	0.00528	0.54159
3	0.01784	0.01930	0.09469	0.28152	0.32067	0.01819	0.02287	0.04957	0.01787	0.02480	0.01468	0.01970	0.01158	0.00748	0.00775	0.00242	0.00987	0.00682	0.00393	0.04843
4	0.01792	0.08694	0.39976	0.02549	0.12285	0.04897	0.05342	0.02612	0.06313	0.02477	0.01519	0.01791	0.01155	0.00794	0.00842	0.00247	0.04551	0.00631	0.00384	0.01147
5	0.01645	0.01526	0.02374	0.01933	0.02252	0.04089	0.17745	0.07760	0.01702	0.02312	0.02097	0.10793	0.02066	0.13123	0.14433	0.00547	0.11228	0.01035	0.00487	0.00852
6	0.01133	0.00850	0.01274	0.01274	0.01416	0.00991	0.00991	0.01416	0.01274	0.01841	0.02124	0.03115	0.01982	0.05947	0.68989	0.01274	0.02124	0.00850	0.00425	0.00708
7	0.01787	0.01599	0.01999	0.10662	0.10988	0.01832	0.01497	0.03218	0.37933	0.02835	0.03109	0.03116	0.08669	0.01110	0.00945	0.00269	0.05744	0.00913	0.00654	0.01119
8	0.01963	0.01884	0.03219	0.04867	0.67185	0.01884	0.02434	0.02434	0.01806	0.02591	0.01492	0.01963	0.01256	0.00707	0.00785	0.00236	0.00942	0.00707	0.00393	0.01256
9	0.00956	0.00793	0.00837	0.00849	0.01088	0.00674	0.00628	0.01166	0.01818	0.02222	0.12807	0.13539	0.55853	0.02020	0.00944	0.00271	0.00405	0.01708	0.00748	0.00674
10	0.02926	0.06909	0.02343	0.02000	0.02432	0.62608	0.01523	0.06152	0.02291	0.02088	0.01253	0.01446	0.01037	0.00817	0.00709	0.00204	0.01375	0.00517	0.00424	0.00945
11	0.02198	0.10543	0.24673	0.02122	0.05960	0.13334	0.04310	0.14970	0.06563	0.02923	0.03915	0.01906	0.01424	0.00843	0.00747	0.00233	0.01050	0.00652	0.00495	0.01139
12	0.02731	0.02080	0.02220	0.01767	0.02351	0.02327	0.01439	0.48150	0.20580	0.04541	0.02263	0.02190	0.01640	0.00986	0.00797	0.00246	0.00806	0.00764	0.00797	0.01323
13	0.03256	0.01417	0.01836	0.01438	0.02017	0.01309	0.01177	0.08146	0.08013	0.54273	0.06225	0.02826	0.02235	0.01020	0.00805	0.00247	0.00670	0.00832	0.00947	0.01311
14	0.04856	0.00793	0.00992	0.01039	0.01182	0.00750	0.00742	0.01349	0.01860	0.02642	0.33335	0.34869	0.08712	0.01976	0.00947	0.00282	0.00425	0.01758	0.00787	0.00704
15	0.03089	0.02447	0.02262	0.01809	0.02388	0.17871	0.01458	0.40389	0.03146	0.14343	0.01941	0.01920	0.01370	0.00925	0.00776	0.00231	0.00972	0.00680	0.00733	0.01248
16	0.01089	0.00802	0.01019	0.00980	0.01168	0.00732	0.00729	0.01427	0.02144	0.02978	0.55500	0.10256	0.14777	0.01724	0.00940	0.00256	0.00383	0.01516	0.00847	0.00732
17	0.01929	0.01654	0.01761	0.01604	0.02036	0.01906	0.01257	0.04053	0.61744	0.03258	0.03288	0.03334	0.02555	0.01146	0.00825	0.00275	0.00634	0.04718	0.00802	0.01222
18	0.01055	0.00802	0.00973	0.00964	0.01165	0.00721	0.00723	0.01351	0.02018	0.02700	0.39141	0.12510	0.26579	0.01851	0.00950	0.00267	0.00407	0.04302	0.00810	0.00712
19	0.02189	0.02264	0.02075	0.01941	0.07312	0.23777	0.03989	0.02903	0.15676	0.04512	0.02052	0.07702	0.01760	0.00950	0.00749	0.00215	0.00927	0.00771	0.00551	0.17685
20	0.01022	0.00798	0.00927	0.00912	0.01128	0.00703	0.00677	0.01296	0.01982	0.02598	0.34057	0.11474	0.35849	0.01869	0.00942	0.00263	0.00394	0.01608	0.00797	0.00703
21	0.02232	0.04861	0.02041	0.04034	0.02239	0.02077	0.01330	0.23756	0.35276	0.03707	0.04932	0.02815	0.05019	0.01068	0.00799	0.00254	0.00715	0.00862	0.00765	0.01220
22	0.13183	0.05216	0.05233	0.09862	0.11423	0.06469	0.04746	0.18627	0.07077	0.05682	0.01690	0.01889	0.01272	0.00824	0.00730	0.00237	0.00902	0.00659	0.00558	0.03722
23	0.01931	0.25052	0.35279	0.04486	0.05810	0.07102	0.02229	0.05284	0.01791	0.02368	0.01334	0.01571	0.01038	0.00743	0.00679	0.00222	0.01062	0.00546	0.00365	0.01107
24	0.01632	0.01823	0.09588	0.04146	0.10630	0.07378	0.04393	0.02326	0.11362	0.02465	0.03244	0.10975	0.07996	0.01444	0.00901	0.00287	0.00841	0.17019	0.00598	0.00952

[dist]
# distance from previous block
# <min> <max>
0	1

[block]
# block no. 5 follows, 24 sequences, length 9
# corresponding to MSA columns:
# 132-140
name=unknown_F
#
# <colnr> <probs for GDERKNQSTAVLIFYWHMCP>
#	G	D	E	R	K	N	Q	S	T	A	V	L	I	F	Y	W	H	M	C	P
0	0.08223	0.01994	0.07342	0.12436	0.12573	0.07022	0.01665	0.14497	0.02128	0.05962	0.01710	0.02115	0.01340	0.00837	0.00727	0.00226	0.00879	0.02493	0.04825	0.11004
1	0.09904	0.02757	0.19867	0.02384	0.09578	0.10379	0.08369	0.16309	0.02166	0.03062	0.01468	0.01739	0.01118	0.00841	0.00901	0.00250	0.06664	0.00646	0.00476	0.01122
2	0.01379	0.00895	0.01175	0.01087	0.01279	0.00804	0.00776	0.01340	0.01296	0.01820	0.01959	0.07930	0.02039	0.10676	0.02287	0.37093	0.00661	0.05720	0.00450	0.19334
3	0.00989	0.00700	0.00913	0.01075	0.01115	0.00659	0.00705	0.01110	0.01473	0.01965	0.04141	0.63456	0.04955	0.11038	0.01384	0.00377	0.00498	0.02119	0.00705	0.00624
4	0.01462	0.01208	0.01655	0.06726	0.14664	0.01277	0.01241	0.02044	0.12518	0.02240	0.02907	0.08957	0.06221	0.22220	0.05974	0.00481	0.00837	0.05959	0.00559	0.00851
5	0.01478	0.00739	0.00739	0.00739	0.00924	0.00739	0.00554	0.01848	0.01663	0.02956	0.02587	0.02956	0.02033	0.00924	0.00554	0.00185	0.00370	0.00739	0.76534	0.00739
6	0.01968	0.05780	0.10416	0.08868	0.08629	0.14852	0.01655	0.04954	0.09717	0.04251	0.04216	0.09280	0.03620	0.03406	0.00994	0.00269	0.04725	0.00881	0.00524	0.00998
7	0.02222	0.01277	0.01627	0.01584	0.08296	0.01249	0.01113	0.10259	0.05444	0.21328	0.16294	0.03518	0.06403	0.01132	0.00788	0.00236	0.00591	0.00951	0.14625	0.01062
8	0.02165	0.10579	0.02771	0.06835	0.17142	0.07591	0.08311	0.11700	0.04644	0.07266	0.02094	0.05612	0.04011	0.01194	0.04352	0.00292	0.00998	0.00814	0.00534	0.01094

[dist]
# distance from previous block
# <min> <max>
4	12

[block]
# block no. 6 follows, 24 sequences, length 31
# corresponding to MSA columns:
# 153-183
name=unknown_G
#
# <colnr> <probs for GDERKNQSTAVLIFYWHMCP>
#	G	D	E	R	K	N	Q	S	T	A	V	L	I	F	Y	W	H	M	C	P
0	0.03598	0.02224	0.18070	0.04538	0.22355	0.01699	0.11523	0.02296	0.01722	0.04446	0.01990	0.04570	0.04192	0.01096	0.03275	0.00290	0.04237	0.03053	0.00439	0.04388
1	0.20997	0.02063	0.07475	0.04590	0.02344	0.06412	0.03605	0.20682	0.04809	0.07685	0.01658	0.01817	0.01230	0.00923	0.00813	0.03969	0.00843	0.00620	0.00587	0.06878
2	0.09925	0.06382	0.02893	0.09301	0.33892	0.01828	0.08291	0.02326	0.01707	0.02590	0.01417	0.01828	0.01163	0.00693	0.00721	0.00220	0.00897	0.00645	0.00409	0.12874
3	0.01587	0.01155	0.01111	0.01045	0.01203	0.07663	0.00720	0.04429	0.01629	0.04861	0.07021	0.03977	0.02674	0.33311	0.05521	0.00512	0.00775	0.00960	0.19155	0.00691
4	0.01262	0.00953	0.01170	0.05412	0.01578	0.00934	0.00921	0.01708	0.07022	0.04865	0.18090	0.06259	0.27397	0.05351	0.04011	0.00346	0.00608	0.10615	0.00729	0.00773
5	0.01614	0.01574	0.02024	0.01804	0.01881	0.06516	0.01468	0.01827	0.01306	0.01888	0.01422	0.02184	0.01360	0.02900	0.25064	0.00653	0.42586	0.00734	0.00378	0.00817
6	0.72883	0.01522	0.01210	0.01067	0.01566	0.01739	0.00879	0.02431	0.01410	0.07754	0.01237	0.01380	0.00931	0.00752	0.00511	0.00245	0.00617	0.00453	0.00523	0.00891
7	0.00957	0.00804	0.00834	0.00853	0.01106	0.00681	0.00645	0.01163	0.01794	0.02149	0.07649	0.10827	0.60510	0.02041	0.00949	0.00276	0.00422	0.04932	0.00736	0.00671
8	0.01275	0.00914	0.01237	0.01346	0.04457	0.00959	0.00901	0.04368	0.01467	0.01997	0.02862	0.26857	0.03190	0.16421	0.12311	0.10744	0.03687	0.03790	0.00557	0.00659
9	0.00993	0.00701	0.00912	0.01070	0.01110	0.00662	0.00700	0.01111	0.01467	0.01955	0.04106	0.62213	0.04910	0.12341	0.01440	0.00385	0.00504	0.02098	0.00700	0.00621
10	0.01810	0.11868	0.07054	0.15147	0.23257	0.01975	0.04242	0.02617	0.13821	0.02516	0.04130	0.04671	0.01746	0.00885	0.00768	0.00243	0.00883	0.00783	0.00481	0.01102
11	0.01915	0.01689	0.02617	0.03623	0.43671	0.01726	0.01957	0.02699	0.13845	0.05188	0.08486	0.02819	0.02239	0.00930	0.00816	0.00248	0.00809	0.02981	0.00552	0.01190
12	0.58134	0.01468	0.01347	0.05857	0.01864	0.01643	0.00993	0.02509	0.01542	0.13187	0.04077	0.01746	0.01307	0.00813	0.00576	0.00247	0.00644	0.00545	0.00571	0.00930
13	0.01133	0.00850	0.01274	0.01274	0.01416	0.00991	0.00991	0.01416	0.01274	0.01841	0.02124	0.03115	0.01982	0.05947	0.68989	0.01274	0.02124	0.00850	0.00425	0.00708
14	0.01653	0.01400	0.01763	0.14343	0.02518	0.01251	0.01186	0.06012	0.01740	0.02561	0.01622	0.04929	0.01422	0.04217	0.00826	0.00194	0.00699	0.00640	0.00481	0.50544
15	0.01644	0.01409	0.01644	0.01175	0.01879	0.01057	0.00940	0.01997	0.01644	0.02584	0.01409	0.01644	0.01175	0.00587	0.00587	0.00117	0.00587	0.00470	0.00470	0.76979
16	0.04923	0.02572	0.32273	0.05272	0.13292	0.01544	0.02164	0.02235	0.01696	0.05266	0.02205	0.12661	0.02062	0.01155	0.00823	0.00271	0.00935	0.07128	0.00478	0.01045
17	0.01850	0.01768	0.03039	0.14744	0.51757	0.01818	0.04648	0.02332	0.01775	0.02490	0.01628	0.02367	0.01401	0.00798	0.00809	0.00248	0.00963	0.03997	0.00405	0.01163
18	0.01754	0.01380	0.01633	0.01183	0.01859	0.01051	0.00947	0.02104	0.01713	0.07092	0.04340	0.01901	0.01500	0.00659	0.00617	0.00132	0.00584	0.00534	0.00522	0.68496
19	0.01823	0.02590	0.23458	0.03111	0.25852	0.04505	0.07894	0.02670	0.10229	0.02669	0.05971	0.02256	0.01723	0.00831	0.00799	0.00247	0.00991	0.00754	0.00462	0.01166
20	0.02874	0.10994	0.02447	0.01971	0.02408	0.62050	0.01514	0.03083	0.02181	0.01933	0.01213	0.01413	0.01021	0.00803	0.00693	0.00201	0.01369	0.00502	0.00401	0.00930
21	0.00974	0.00705	0.00921	0.01077	0.01147	0.00652	0.00728	0.01131	0.01584	0.02105	0.08538	0.63090	0.09624	0.02397	0.01002	0.00314	0.00451	0.02163	0.00745	0.00652
22	0.02596	0.02076	0.02194	0.06061	0.02525	0.05063	0.01474	0.39463	0.22627	0.04165	0.02252	0.02222	0.01647	0.00974	0.00794	0.00248	0.00832	0.00761	0.00754	0.01272
23	0.01478	0.00739	0.00739	0.00739	0.00924	0.00739	0.00554	0.01848	0.01663	0.02956	0.02587	0.02956	0.02033	0.00924	0.00554	0.00185	0.00370	0.00739	0.76534	0.00739
24	0.01250	0.01091	0.01684	0.01629	0.07120	0.01003	0.10273	0.01561	0.01862	0.02435	0.18516	0.07725	0.29018	0.01685	0.01053	0.04385	0.00620	0.05645	0.00666	0.00781
25	0.02982	0.01311	0.01715	0.01374	0.01894	0.01199	0.01111	0.06401	0.06286	0.48839	0.11768	0.06291	0.02862	0.01142	0.00826	0.00251	0.00631	0.00953	0.00935	0.01229
26	0.01295	0.01334	0.08783	0.01371	0.01665	0.01088	0.03797	0.04526	0.04627	0.02583	0.20514	0.27611	0.07606	0.05180	0.01151	0.00306	0.03547	0.01512	0.00691	0.00811
27	0.01807	0.02029	0.04349	0.03149	0.03872	0.01932	0.57810	0.02423	0.01824	0.02483	0.01764	0.06666	0.01461	0.00814	0.01003	0.00274	0.03871	0.01013	0.00421	0.01034
28	0.05079	0.14008	0.16758	0.08136	0.14510	0.02020	0.01901	0.12681	0.02091	0.05705	0.08064	0.02190	0.01798	0.00865	0.00738	0.00233	0.00893	0.00700	0.00512	0.01119
29	0.40107	0.04502	0.13849	0.01890	0.11998	0.01790	0.01512	0.04634	0.01654	0.03180	0.06923	0.01885	0.01542	0.00817	0.00634	0.00242	0.00763	0.00598	0.00486	0.00991
30	0.05364	0.15555	0.05345	0.07924	0.17585	0.09930	0.04282	0.11807	0.07022	0.02756	0.01545	0.01811	0.01236	0.00815	0.00794	0.00231	0.03774	0.00639	0.00473	0.01113

[dist]
# distance from previous block
# <min> <max>
1	3

[block]
# block no. 7 follows, 24 sequences, length 13
# corresponding to MSA columns:
# 187-199
name=unknown_H
#
# <colnr> <probs for GDERKNQSTAVLIFYWHMCP>
#	G	D	E	R	K	N	Q	S	T	A	V	L	I	F	Y	W	H	M	C	P
0	0.02563	0.01825	0.01997	0.01603	0.02109	0.01971	0.01287	0.46463	0.03134	0.07430	0.02703	0.11395	0.06169	0.04375	0.00975	0.00275	0.00775	0.00997	0.00778	0.01176
1	0.02314	0.06526	0.02487	0.06854	0.06662	0.07446	0.06002	0.20732	0.02343	0.06398	0.01611	0.01826	0.01236	0.00801	0.00800	0.00208	0.03756	0.00634	0.00554	0.20811
2	0.01768	0.13483	0.03575	0.01344	0.01748	0.06988	0.01102	0.06398	0.15151	0.02676	0.13027	0.06049	0.06989	0.06465	0.03367	0.00305	0.00747	0.00949	0.03392	0.04480
3	0.01070	0.00779	0.00985	0.01079	0.01201	0.00732	0.00788	0.01279	0.01684	0.02220	0.14034	0.30874	0.14751	0.11389	0.01403	0.00370	0.00531	0.13449	0.00722	0.00659
4	0.02294	0.02103	0.02315	0.05764	0.06605	0.11644	0.06854	0.19274	0.22656	0.03247	0.02192	0.02444	0.01719	0.06080	0.01033	0.00285	0.00922	0.00793	0.00637	0.01139
5	0.01478	0.00739	0.00739	0.00739	0.00924	0.00739	0.00554	0.01848	0.01663	0.02956	0.02587	0.02956	0.02033	0.00924	0.00554	0.00185	0.00370	0.00739	0.76534	0.00739
6	0.02072	0.02092	0.11832	0.07660	0.10653	0.01916	0.05192	0.20886	0.10052	0.03198	0.01949	0.02451	0.01560	0.01252	0.03489	0.05237	0.03113	0.03716	0.00564	0.01115
7	0.01377	0.00689	0.01033	0.01033	0.01033	0.00689	0.00689	0.01033	0.01033	0.01377	0.01377	0.02410	0.01377	0.02755	0.03099	0.76928	0.00689	0.00689	0.00344	0.00344
8	0.01971	0.28181	0.32179	0.01999	0.02872	0.10641	0.07092	0.02546	0.01739	0.02214	0.01299	0.01538	0.01027	0.00728	0.00677	0.00218	0.01102	0.00547	0.00351	0.01078
9	0.02023	0.01483	0.01809	0.01385	0.02004	0.01315	0.03319	0.05121	0.13681	0.12468	0.05284	0.02284	0.01843	0.00804	0.00697	0.00181	0.00635	0.00671	0.00638	0.42354
10	0.27791	0.01546	0.05836	0.01487	0.06436	0.01461	0.01154	0.06241	0.04884	0.06105	0.21214	0.02961	0.03067	0.01033	0.00717	0.00239	0.00620	0.00821	0.00643	0.05745
11	0.38912	0.01835	0.05884	0.01490	0.02035	0.04411	0.05729	0.04980	0.13108	0.09080	0.01873	0.04378	0.01454	0.00889	0.00662	0.00252	0.00745	0.00672	0.00591	0.01020
12	0.05539	0.01611	0.02351	0.47651	0.09043	0.05470	0.02015	0.02210	0.01619	0.05335	0.01435	0.02013	0.01102	0.00858	0.00968	0.00266	0.08506	0.00684	0.00395	0.00931

[dist]
# distance from previous block
# <min> <max>
0	1

[block]
# block no. 8 follows, 24 sequences, length 14
# corresponding to MSA columns:
# 201-214
name=unknown_I
#
# <colnr> <probs for GDERKNQSTAVLIFYWHMCP>
#	G	D	E	R	K	N	Q	S	T	A	V	L	I	F	Y	W	H	M	C	P
0	0.01999	0.24603	0.02512	0.01438	0.01985	0.02198	0.01225	0.09120	0.27368	0.02841	0.02696	0.02627	0.07723	0.00979	0.00702	0.00221	0.00699	0.00761	0.00618	0.07684
1	0.08423	0.01912	0.10568	0.01673	0.06414	0.05248	0.01377	0.04222	0.06663	0.06514	0.01853	0.05980	0.01557	0.01157	0.04901	0.00265	0.00843	0.00687	0.00523	0.29220
2	0.01522	0.16834	0.08369	0.04397	0.05647	0.01660	0.01366	0.01829	0.01598	0.03743	0.05898	0.20152	0.07763	0.01764	0.05851	0.00336	0.08725	0.01150	0.00524	0.00874
3	0.01264	0.00920	0.03158	0.01132	0.01321	0.00804	0.00869	0.01528	0.01789	0.06982	0.22605	0.26367	0.08731	0.08239	0.05114	0.00386	0.00613	0.06699	0.00741	0.00739
4	0.01942	0.04334	0.02515	0.02155	0.11754	0.01619	0.10489	0.09753	0.01975	0.04653	0.04475	0.02007	0.01506	0.00761	0.00809	0.00194	0.04238	0.00663	0.00509	0.33649
5	0.01841	0.01576	0.01674	0.01515	0.01931	0.01794	0.01175	0.03806	0.56700	0.03236	0.08794	0.03481	0.06643	0.01176	0.00825	0.00267	0.00593	0.00987	0.00808	0.01178
6	0.02099	0.02091	0.01870	0.01817	0.05878	0.17968	0.01329	0.06075	0.32829	0.02828	0.03190	0.03362	0.09496	0.01157	0.00814	0.00255	0.00831	0.04355	0.00673	0.01081
7	0.01135	0.00843	0.01240	0.01240	0.01370	0.00973	0.00949	0.01394	0.01264	0.01816	0.02155	0.03288	0.02057	0.11450	0.63589	0.01232	0.02011	0.00875	0.00429	0.00689
8	0.01907	0.01811	0.05913	0.07566	0.02417	0.01914	0.01425	0.06027	0.51521	0.03173	0.03094	0.02946	0.04635	0.01062	0.00807	0.00266	0.00699	0.00884	0.00735	0.01199
9	0.01122	0.00740	0.00986	0.01107	0.01200	0.00685	0.00760	0.01299	0.01650	0.05620	0.12251	0.59632	0.05357	0.02296	0.00991	0.00309	0.00460	0.02073	0.00766	0.00694
10	0.01569	0.01415	0.01680	0.03772	0.07145	0.07224	0.01246	0.01948	0.05837	0.02177	0.05336	0.03760	0.05685	0.12521	0.11444	0.00497	0.14323	0.06410	0.05197	0.00814
11	0.01665	0.01014	0.01277	0.01137	0.01416	0.00978	0.00867	0.04585	0.06039	0.14113	0.36872	0.04870	0.08163	0.07771	0.05362	0.00358	0.00605	0.01214	0.00816	0.00878
12	0.04691	0.01967	0.10089	0.10526	0.20042	0.04257	0.06230	0.06407	0.01877	0.02633	0.05718	0.03136	0.02013	0.01069	0.00990	0.00271	0.06978	0.09588	0.00487	0.01029
13	0.01639	0.05136	0.08269	0.02039	0.09129	0.01484	0.11867	0.05552	0.01960	0.04995	0.17319	0.06354	0.10234	0.01371	0.03438	0.00289	0.03680	0.01058	0.00594	0.03592

[dist]
# distance from previous block
# <min> <max>
14	37

[block]
# block no. 9 follows, 24 sequences, length 29
# corresponding to MSA columns:
# 254,256-283
name=unknown_J
#
# <colnr> <probs for GDERKNQSTAVLIFYWHMCP>
#	G	D	E	R	K	N	Q	S	T	A	V	L	I	F	Y	W	H	M	C	P
0	0.01093	0.03807	0.01101	0.00974	0.01185	0.00813	0.00732	0.01383	0.02002	0.02687	0.39632	0.14996	0.23104	0.01803	0.00928	0.00261	0.00413	0.01567	0.00795	0.00724
1	0.02270	0.18728	0.04848	0.08954	0.02550	0.21504	0.01502	0.10490	0.04789	0.02537	0.06343	0.01960	0.01622	0.00868	0.00748	0.00213	0.02813	0.00628	0.00487	0.06148
2	0.01143	0.00808	0.01024	0.01126	0.01209	0.00799	0.00803	0.01369	0.03594	0.02033	0.05840	0.29686	0.04283	0.25292	0.02020	0.00476	0.00631	0.16571	0.00657	0.00635
3	0.16729	0.04958	0.15736	0.02313	0.14064	0.05612	0.05077	0.11140	0.04435	0.03085	0.05313	0.02274	0.01652	0.00887	0.00739	0.00246	0.00907	0.03236	0.00512	0.01086
4	0.01771	0.01409	0.01555	0.01377	0.01742	0.01532	0.01066	0.12857	0.29026	0.03381	0.21896	0.06118	0.08078	0.03412	0.00952	0.00274	0.00578	0.01124	0.00808	0.01042
5	0.01218	0.00857	0.01023	0.01029	0.01096	0.00895	0.00679	0.01445	0.05644	0.01780	0.02661	0.05116	0.02891	0.51589	0.12344	0.00765	0.00939	0.06921	0.00519	0.00588
6	0.01629	0.01421	0.01789	0.01297	0.01979	0.01094	0.04584	0.01991	0.01652	0.02558	0.01545	0.04600	0.01346	0.00671	0.00625	0.00135	0.00625	0.00571	0.00477	0.69409
7	0.01907	0.01872	0.01762	0.01556	0.01769	0.16696	0.01191	0.09566	0.01885	0.02337	0.07320	0.03401	0.09223	0.16489	0.01954	0.00376	0.18424	0.00919	0.00527	0.00824
8	0.01432	0.01259	0.01721	0.01551	0.01583	0.01629	0.01208	0.01581	0.01210	0.01787	0.01703	0.03035	0.01780	0.22642	0.18023	0.00677	0.35193	0.00860	0.00403	0.00721
9	0.01326	0.00974	0.01266	0.01385	0.01583	0.01000	0.01150	0.01904	0.10138	0.02499	0.06413	0.16767	0.04397	0.02018	0.01019	0.00335	0.00651	0.40796	0.03593	0.00787
10	0.01948	0.07654	0.16115	0.01781	0.02380	0.08093	0.03547	0.09712	0.16675	0.02798	0.02202	0.06463	0.01878	0.01262	0.03789	0.00293	0.02910	0.04237	0.00562	0.05699
11	0.01054	0.00752	0.00995	0.01103	0.01199	0.00710	0.00786	0.01272	0.01725	0.02343	0.20806	0.43214	0.05625	0.06237	0.01176	0.00333	0.00486	0.08756	0.00757	0.00672
12	0.01939	0.16869	0.26632	0.06111	0.09565	0.02142	0.02088	0.05427	0.11314	0.05350	0.01713	0.01896	0.01305	0.00826	0.00790	0.00239	0.03547	0.00638	0.00461	0.01149
13	0.00998	0.00810	0.00887	0.00880	0.01124	0.00699	0.00667	0.01249	0.01917	0.02410	0.22451	0.07264	0.49462	0.01920	0.00943	0.00267	0.00409	0.04182	0.00770	0.00692
14	0.01448	0.00856	0.01391	0.01445	0.06213	0.00849	0.04169	0.01219	0.01136	0.01531	0.01398	0.02362	0.01359	0.02490	0.02810	0.67078	0.00742	0.00703	0.00351	0.00452
15	0.01110	0.00801	0.01049	0.01006	0.01182	0.00740	0.00747	0.01467	0.02190	0.03092	0.62035	0.10905	0.07313	0.01687	0.00941	0.00255	0.00381	0.01496	0.00863	0.00740
16	0.01504	0.03189	0.47723	0.06697	0.03159	0.01628	0.05029	0.02280	0.01789	0.02611	0.14270	0.02559	0.02289	0.00923	0.00799	0.00252	0.01014	0.00775	0.00445	0.01065
17	0.02432	0.01160	0.01522	0.01250	0.01674	0.01056	0.00999	0.06444	0.02346	0.34996	0.31616	0.04098	0.04403	0.01267	0.00859	0.00247	0.00552	0.01078	0.00921	0.01080
18	0.01843	0.05514	0.22369	0.07610	0.08900	0.05795	0.09465	0.02370	0.01662	0.04750	0.03653	0.01958	0.01325	0.00937	0.01231	0.00270	0.18208	0.00700	0.00399	0.01042
19	0.02965	0.03686	0.02255	0.02030	0.02452	0.64957	0.01531	0.06851	0.02336	0.02124	0.01266	0.01458	0.01041	0.00825	0.00720	0.00206	0.01397	0.00523	0.00432	0.00945
20	0.01788	0.04093	0.07528	0.07299	0.11374	0.01536	0.05752	0.10308	0.05674	0.06557	0.09763	0.15077	0.07305	0.01285	0.00854	0.00261	0.00767	0.01138	0.00630	0.01013
21	0.00966	0.00690	0.00920	0.01104	0.01150	0.00644	0.00736	0.01104	0.01518	0.02024	0.04371	0.71614	0.05245	0.02484	0.01012	0.00322	0.00460	0.02254	0.00736	0.00644
22	0.72529	0.01525	0.01248	0.05765	0.01802	0.01778	0.00950	0.02310	0.01366	0.03453	0.01125	0.01345	0.00872	0.00740	0.00511	0.00247	0.00644	0.00448	0.00481	0.00860
23	0.02160	0.01852	0.02602	0.05294	0.28846	0.04197	0.05345	0.08653	0.19137	0.07708	0.04535	0.02421	0.01841	0.00886	0.00804	0.00248	0.00854	0.00798	0.00600	0.01218
24	0.01365	0.01492	0.14246	0.01261	0.01675	0.00986	0.01196	0.01831	0.02108	0.07269	0.46187	0.04978	0.09408	0.01432	0.00891	0.00251	0.00552	0.01240	0.00766	0.00867
25	0.01763	0.02941	0.33641	0.11207	0.03298	0.06383	0.06876	0.05855	0.09404	0.02608	0.02161	0.02367	0.06207	0.00900	0.00792	0.00254	0.01048	0.00749	0.00458	0.01089
26	0.02723	0.02012	0.02179	0.01715	0.02276	0.02212	0.01398	0.54322	0.05387	0.04640	0.07003	0.06189	0.02067	0.01093	0.00817	0.00245	0.00804	0.00861	0.00796	0.01260
27	0.01811	0.29782	0.40294	0.02068	0.06517	0.02332	0.02309	0.02455	0.01658	0.02273	0.01306	0.01539	0.01024	0.00722	0.00663	0.00220	0.01037	0.00532	0.00340	0.01119
28	0.01577	0.01921	0.13576	0.01922	0.04916	0.01836	0.01679	0.02136	0.08325	0.02369	0.10010	0.07931	0.05111	0.01352	0.01611	0.00300	0.31035	0.00948	0.00506	0.00939

[dist]
# distance from previous block
# <min> <max>
2	4

[block]
# block no. 10 follows, 24 sequences, length 8
# corresponding to MSA columns:
# 288-295
name=unknown_K
#
# <colnr> <probs for GDERKNQSTAVLIFYWHMCP>
#	G	D	E	R	K	N	Q	S	T	A	V	L	I	F	Y	W	H	M	C	P
0	0.01838	0.33850	0.20820	0.01621	0.02303	0.07684	0.01704	0.02275	0.01673	0.02120	0.04863	0.04655	0.01626	0.01407	0.08117	0.00326	0.01083	0.00648	0.00397	0.00989
1	0.02952	0.01517	0.01874	0.01436	0.02039	0.01410	0.01176	0.17096	0.02497	0.38425	0.07159	0.02582	0.02095	0.00957	0.00773	0.00223	0.00684	0.00772	0.00849	0.13484
2	0.05537	0.12052	0.07093	0.01691	0.02161	0.19385	0.06212	0.02504	0.04663	0.06727	0.13850	0.08065	0.02683	0.01097	0.00822	0.00237	0.02827	0.00884	0.00562	0.00948
3	0.02243	0.12941	0.05892	0.01758	0.04921	0.09630	0.01441	0.23411	0.02332	0.03057	0.01693	0.02021	0.01377	0.01783	0.12345	0.02750	0.03521	0.00662	0.05178	0.01043
4	0.01074	0.00769	0.00875	0.00896	0.00980	0.00726	0.00568	0.01172	0.01450	0.01888	0.09553	0.15162	0.18520	0.39958	0.02623	0.00545	0.00606	0.01453	0.00610	0.00570
5	0.01276	0.00840	0.01067	0.01012	0.01232	0.00758	0.00757	0.01589	0.02093	0.08222	0.44793	0.13379	0.16515	0.01730	0.00933	0.00260	0.00413	0.01514	0.00844	0.00773
6	0.01934	0.02056	0.08241	0.04665	0.62244	0.01881	0.02472	0.02440	0.01795	0.02585	0.01486	0.01940	0.01237	0.00710	0.00783	0.00237	0.00960	0.00697	0.00388	0.01250
7	0.01739	0.01468	0.01641	0.01436	0.01908	0.01503	0.01134	0.03082	0.35655	0.02917	0.02857	0.07117	0.02449	0.01135	0.00785	0.00237	0.00618	0.07750	0.00693	0.23875

[dist]
# distance from previous block
# <min> <max>
4	5

[block]
# block no. 11 follows, 24 sequences, length 6
# corresponding to MSA columns:
# 301-306
name=unknown_L
#
# <colnr> <probs for GDERKNQSTAVLIFYWHMCP>
#	G	D	E	R	K	N	Q	S	T	A	V	L	I	F	Y	W	H	M	C	P
0	0.01084	0.00809	0.01006	0.00957	0.01161	0.00732	0.00718	0.01422	0.02153	0.02963	0.54503	0.06280	0.19880	0.01702	0.00936	0.00253	0.00380	0.01484	0.00844	0.00732
1	0.01979	0.02356	0.10939	0.12877	0.15203	0.11232	0.14206	0.05552	0.05740	0.02506	0.01663	0.02237	0.01349	0.00869	0.00928	0.00258	0.05393	0.03209	0.00439	0.01066
2	0.01504	0.00895	0.01108	0.01027	0.01303	0.00789	0.00779	0.01780	0.02017	0.14926	0.27957	0.14256	0.25139	0.01734	0.00920	0.00264	0.00451	0.01495	0.00832	0.00824
3	0.01211	0.00998	0.01164	0.01261	0.05291	0.00983	0.00847	0.01729	0.11985	0.02249	0.05298	0.14618	0.32023	0.10916	0.05495	0.00398	0.00631	0.01451	0.00675	0.00775
4	0.02422	0.01857	0.02088	0.06380	0.02421	0.01978	0.01370	0.39186	0.07826	0.04088	0.07990	0.02334	0.01958	0.00952	0.00773	0.00223	0.00772	0.00754	0.00717	0.13912
5	0.01668	0.10289	0.57121	0.02376	0.08196	0.01965	0.02746	0.02493	0.01678	0.02457	0.01399	0.01659	0.01025	0.00743	0.00733	0.00242	0.01124	0.00580	0.00340	0.01164

[dist]
# distance from previous block
# <min> <max>
0	1

[block]
# block no. 12 follows, 24 sequences, length 17
# corresponding to MSA columns:
# 308-324
name=unknown_M
#
# <colnr> <probs for GDERKNQSTAVLIFYWHMCP>
#	G	D	E	R	K	N	Q	S	T	A	V	L	I	F	Y	W	H	M	C	P
0	0.08416	0.08646	0.02220	0.01744	0.04638	0.20758	0.01350	0.18501	0.02450	0.12061	0.05615	0.02165	0.03492	0.00923	0.00728	0.00221	0.00930	0.00680	0.00623	0.03839
1	0.01124	0.00765	0.00865	0.00880	0.00901	0.00752	0.00509	0.01148	0.01226	0.01617	0.03016	0.10690	0.07316	0.61883	0.03588	0.00700	0.00720	0.01276	0.00518	0.00506
2	0.01881	0.01550	0.01771	0.01287	0.01979	0.01299	0.01038	0.12807	0.02005	0.03001	0.01495	0.01689	0.01205	0.00650	0.00623	0.00138	0.00637	0.00512	0.00526	0.63907
3	0.02150	0.02073	0.02009	0.06991	0.05606	0.13691	0.01442	0.06094	0.44310	0.03008	0.02605	0.02538	0.01975	0.00986	0.00788	0.00254	0.00825	0.00798	0.00682	0.01172
4	0.02611	0.01971	0.02099	0.01689	0.02239	0.02201	0.01369	0.42987	0.21268	0.04377	0.02329	0.02278	0.01702	0.00985	0.00781	0.00243	0.00768	0.00768	0.06058	0.01280
5	0.01008	0.00715	0.00944	0.01111	0.01164	0.00677	0.00757	0.01152	0.01510	0.02009	0.04189	0.60609	0.04978	0.08718	0.01290	0.00366	0.00510	0.06945	0.00713	0.00636
6	0.01078	0.00772	0.01043	0.01191	0.01297	0.00736	0.00893	0.01316	0.01713	0.02294	0.13509	0.43975	0.05379	0.02273	0.01025	0.00324	0.00525	0.19218	0.00755	0.00684
7	0.01122	0.00850	0.01044	0.01023	0.01229	0.00794	0.00773	0.01534	0.05269	0.02826	0.42418	0.11828	0.19315	0.01780	0.00945	0.00267	0.00420	0.04994	0.00821	0.00747
8	0.02325	0.02693	0.06626	0.06275	0.17910	0.25419	0.09981	0.07371	0.06309	0.02523	0.01533	0.01843	0.01218	0.00816	0.00851	0.00238	0.03862	0.00673	0.00449	0.01082
9	0.01377	0.00689	0.01033	0.01033	0.01033	0.00689	0.00689	0.01033	0.01033	0.01377	0.01377	0.02410	0.01377	0.02755	0.03099	0.76928	0.00689	0.00689	0.00344	0.00344
10	0.02040	0.02042	0.08419	0.08415	0.19212	0.01993	0.05751	0.12019	0.25412	0.03145	0.02179	0.02316	0.01652	0.00886	0.00801	0.00254	0.00872	0.00780	0.00594	0.01218
11	0.01833	0.01665	0.02341	0.13392	0.02746	0.02034	0.05281	0.10704	0.05796	0.02525	0.01519	0.02040	0.01278	0.01515	0.07649	0.00374	0.29383	0.00722	0.00458	0.06744
12	0.01896	0.07929	0.01982	0.01290	0.01982	0.01458	0.01064	0.11557	0.01959	0.02887	0.01457	0.01650	0.01187	0.00651	0.00612	0.00140	0.00654	0.00503	0.00507	0.58636
13	0.00964	0.00793	0.00833	0.00844	0.01073	0.00678	0.00616	0.01160	0.01775	0.02166	0.11309	0.12542	0.54210	0.06120	0.01124	0.00300	0.00426	0.01674	0.00730	0.00662
14	0.04509	0.14050	0.12521	0.07248	0.02521	0.05119	0.01697	0.02404	0.01607	0.10035	0.01441	0.01755	0.01151	0.00939	0.01228	0.00248	0.21113	0.00603	0.00441	0.09367
15	0.01812	0.11097	0.16169	0.05964	0.17990	0.01868	0.08597	0.06480	0.01872	0.02602	0.04295	0.05421	0.01717	0.00894	0.00772	0.00235	0.00936	0.03122	0.00455	0.07702
16	0.01945	0.01927	0.10319	0.05685	0.02502	0.01757	0.06345	0.09537	0.24555	0.06341	0.08302	0.02757	0.02276	0.02970	0.00955	0.00265	0.03231	0.00843	0.00653	0.06832

[dist]
# distance from previous block
# <min> <max>
3	8

[block]
# block no. 13 follows, 24 sequences, length 19
# corresponding to MSA columns:
# 334-352
name=unknown_N
#
# <colnr> <probs for GDERKNQSTAVLIFYWHMCP>
#	G	D	E	R	K	N	Q	S	T	A	V	L	I	F	Y	W	H	M	C	P
0	0.01049	0.00761	0.00970	0.01110	0.01187	0.00733	0.00760	0.01278	0.04215	0.02053	0.04261	0.54304	0.07493	0.10154	0.01343	0.00370	0.00517	0.06071	0.00710	0.00658
1	0.01775	0.01549	0.02148	0.11930	0.19358	0.01700	0.01645	0.07931	0.16460	0.02826	0.06789	0.05247	0.07283	0.01165	0.00932	0.00267	0.04290	0.05038	0.00603	0.01063
2	0.01360	0.01048	0.01467	0.01388	0.01567	0.01240	0.01096	0.07578	0.01508	0.02152	0.02022	0.02896	0.01851	0.05125	0.57457	0.01105	0.07078	0.00825	0.00455	0.00782
3	0.02117	0.02591	0.14887	0.04771	0.03025	0.15171	0.18630	0.02746	0.06594	0.08066	0.02010	0.02258	0.04575	0.00915	0.00998	0.00258	0.08082	0.00777	0.00481	0.01049
4	0.00950	0.00804	0.00821	0.00816	0.01079	0.00675	0.00612	0.01162	0.01837	0.02212	0.11997	0.07516	0.62856	0.01982	0.00937	0.00267	0.00400	0.01657	0.00746	0.00675
5	0.01498	0.01409	0.02378	0.70226	0.05462	0.01762	0.02202	0.02026	0.01586	0.02026	0.01409	0.02114	0.01057	0.00793	0.00793	0.00264	0.01057	0.00705	0.00352	0.00881
6	0.01131	0.00805	0.01078	0.01089	0.01165	0.00875	0.00758	0.01284	0.01238	0.01723	0.02426	0.08337	0.02572	0.33876	0.37058	0.00999	0.01442	0.01068	0.00468	0.00607
7	0.01666	0.00895	0.00960	0.03411	0.01244	0.00919	0.00707	0.06566	0.01834	0.05349	0.02512	0.02838	0.01943	0.00923	0.00589	0.00194	0.00443	0.00738	0.65457	0.00811
8	0.02128	0.01784	0.05449	0.02389	0.11824	0.01576	0.17441	0.07637	0.03755	0.13418	0.05238	0.04699	0.01822	0.00857	0.00800	0.00227	0.00876	0.00823	0.00584	0.16670
9	0.02134	0.05255	0.02027	0.03283	0.04772	0.14085	0.05188	0.08467	0.02198	0.11626	0.16280	0.07567	0.07306	0.01177	0.00817	0.00235	0.00806	0.00990	0.00665	0.05124
10	0.65214	0.04502	0.01450	0.01290	0.05168	0.01798	0.00987	0.02447	0.01450	0.07965	0.01268	0.01424	0.00965	0.00749	0.00529	0.00242	0.00645	0.00470	0.00514	0.00922
11	0.02940	0.06451	0.02303	0.01661	0.02266	0.02193	0.01384	0.47284	0.03238	0.14211	0.02084	0.02053	0.01466	0.00937	0.00760	0.00231	0.00808	0.00710	0.05731	0.01288
12	0.06955	0.09511	0.04293	0.01902	0.02346	0.05113	0.08375	0.16116	0.05244	0.02895	0.01616	0.05193	0.01393	0.01048	0.01252	0.00262	0.20052	0.00743	0.00512	0.05180
13	0.06107	0.12361	0.01975	0.04861	0.01986	0.13985	0.01181	0.04436	0.09773	0.06669	0.15515	0.03574	0.09569	0.01179	0.00778	0.00238	0.00770	0.03462	0.00637	0.00942
14	0.01377	0.00689	0.01033	0.01033	0.01033	0.00689	0.00689	0.01033	0.01033	0.01377	0.01377	0.02410	0.01377	0.02755	0.03099	0.76928	0.00689	0.00689	0.00344	0.00344
15	0.02287	0.01910	0.02128	0.05350	0.09675	0.05367	0.01476	0.26790	0.20825	0.03655	0.05187	0.02796	0.06895	0.01052	0.00809	0.00249	0.00792	0.00857	0.00710	0.01191
