[name]
unknown

[dist]
# distance from previous block
# <min> <max>
0	99

[block]
# block no. 0 follows, 23 sequences, length 51
# corresponding to MSA columns:
# 129-179
name=unknown_A
#
# <colnr> <probs for GDERKNQSTAVLIFYWHMCP>
#	G	D	E	R	K	N	Q	S	T	A	V	L	I	F	Y	W	H	M	C	P
0	0.01064	0.00812	0.00963	0.00952	0.01149	0.00726	0.00695	0.01337	0.01998	0.02655	0.35156	0.13234	0.28688	0.05572	0.01133	0.00298	0.00423	0.01627	0.00806	0.00711
1	0.01845	0.07822	0.15948	0.03105	0.10084	0.02029	0.38272	0.02497	0.01833	0.02520	0.01696	0.05400	0.01388	0.00796	0.00878	0.00262	0.01213	0.00894	0.00409	0.01108
2	0.01585	0.01486	0.02457	0.62314	0.09137	0.01821	0.02221	0.02207	0.04693	0.02172	0.01537	0.02196	0.01161	0.00820	0.00811	0.00269	0.01053	0.00731	0.00386	0.00943
3	0.01142	0.00853	0.01267	0.01286	0.01421	0.00978	0.00988	0.01417	0.01329	0.01903	0.02406	0.10048	0.02366	0.05727	0.61461	0.01205	0.02001	0.01015	0.00467	0.00718
4	0.01713	0.07783	0.54482	0.02641	0.12436	0.01967	0.02832	0.02550	0.01729	0.02543	0.01447	0.01732	0.01066	0.00760	0.00761	0.00250	0.01146	0.00608	0.00351	0.01202
5	0.69563	0.01835	0.07883	0.01193	0.01766	0.01827	0.01093	0.02404	0.01415	0.03532	0.01163	0.01358	0.00894	0.00755	0.00529	0.00252	0.00686	0.00456	0.00486	0.00911
6	0.04840	0.11045	0.54856	0.02124	0.03214	0.01987	0.02657	0.02614	0.01722	0.05653	0.01493	0.01705	0.01071	0.00773	0.00736	0.00248	0.01117	0.00586	0.00381	0.01178
7	0.02083	0.01666	0.02203	0.10182	0.16781	0.01827	0.01656	0.03461	0.33647	0.09459	0.02740	0.03028	0.02130	0.01040	0.00835	0.00270	0.00775	0.04306	0.00691	0.01219
8	0.01621	0.01197	0.01643	0.20058	0.06473	0.01322	0.01321	0.08897	0.01944	0.02835	0.07963	0.09761	0.02504	0.01432	0.04828	0.00308	0.00783	0.00969	0.23253	0.00889
9	0.20417	0.23298	0.22567	0.01643	0.02361	0.04781	0.01747	0.02391	0.01602	0.02554	0.01432	0.05649	0.01258	0.00886	0.00740	0.00238	0.04392	0.00616	0.00411	0.01015
10	0.39397	0.18553	0.19799	0.01479	0.02214	0.02159	0.01571	0.02445	0.01533	0.02950	0.01218	0.01421	0.00957	0.00744	0.00579	0.00235	0.00838	0.00482	0.00423	0.01003
11	0.01406	0.01596	0.09013	0.05326	0.02664	0.01313	0.21584	0.01842	0.01714	0.02320	0.03083	0.33633	0.03319	0.01650	0.00979	0.00304	0.00887	0.05913	0.00580	0.00874
12	0.01291	0.00912	0.01039	0.00971	0.01083	0.00888	0.00608	0.03685	0.01363	0.01853	0.02646	0.04836	0.05325	0.55863	0.06766	0.00707	0.00827	0.01103	0.00511	0.07722
13	0.02010	0.01946	0.02560	0.02143	0.02280	0.05229	0.04118	0.10347	0.01659	0.02405	0.01214	0.01801	0.01113	0.01307	0.02267	0.00331	0.55170	0.00715	0.00421	0.00964
14	0.77215	0.01569	0.01193	0.01067	0.01569	0.01820	0.00879	0.02385	0.01381	0.03641	0.01130	0.01318	0.00879	0.00753	0.00502	0.00251	0.00628	0.00439	0.00502	0.00879
15	0.01716	0.03458	0.46356	0.06389	0.12954	0.01908	0.10734	0.02536	0.01754	0.02559	0.01490	0.01842	0.01095	0.00755	0.00802	0.00257	0.01180	0.00671	0.00361	0.01183
16	0.69592	0.01632	0.01557	0.01305	0.01840	0.01844	0.07216	0.02407	0.01435	0.03535	0.01182	0.01406	0.00914	0.00746	0.00548	0.00253	0.00703	0.00492	0.00493	0.00901
17	0.01470	0.01380	0.07970	0.01303	0.01665	0.01155	0.01116	0.02301	0.15374	0.05615	0.42096	0.06757	0.05615	0.01453	0.00908	0.00262	0.00534	0.01264	0.00823	0.00939
18	0.03297	0.01305	0.01773	0.01385	0.01953	0.01134	0.01134	0.03621	0.02319	0.58204	0.11852	0.03216	0.02787	0.01094	0.00835	0.00252	0.00648	0.00906	0.00989	0.01296
19	0.01674	0.03943	0.01705	0.01554	0.05018	0.01487	0.01164	0.11376	0.01819	0.02648	0.02254	0.02903	0.04117	0.05343	0.26836	0.00668	0.09414	0.00825	0.14368	0.00884
20	0.01179	0.00792	0.00913	0.00913	0.00922	0.00802	0.00526	0.01198	0.01188	0.01594	0.02531	0.05170	0.02889	0.67179	0.08351	0.00821	0.00878	0.01160	0.00488	0.00507
21	0.01677	0.02607	0.25708	0.05393	0.08494	0.01844	0.19903	0.02311	0.01731	0.02472	0.03916	0.08685	0.01751	0.01015	0.01070	0.00279	0.08732	0.00923	0.00427	0.01063
22	0.77215	0.01569	0.01193	0.01067	0.01569	0.01820	0.00879	0.02385	0.01381	0.03641	0.01130	0.01318	0.00879	0.00753	0.00502	0.00251	0.00628	0.00439	0.00502	0.00879
23	0.77215	0.01569	0.01193	0.01067	0.01569	0.01820	0.00879	0.02385	0.01381	0.03641	0.01130	0.01318	0.00879	0.00753	0.00502	0.00251	0.00628	0.00439	0.00502	0.00879
24	0.01848	0.01896	0.02475	0.02128	0.02152	0.06278	0.01763	0.02027	0.01304	0.01955	0.01076	0.01757	0.01064	0.01387	0.02551	0.00347	0.66044	0.00699	0.00359	0.00891
25	0.01374	0.01520	0.12264	0.01368	0.01756	0.01121	0.01257	0.05103	0.05764	0.03010	0.33975	0.11489	0.07670	0.01600	0.00935	0.00276	0.00607	0.07269	0.00760	0.00885
26	0.01160	0.00864	0.01278	0.01278	0.01415	0.01000	0.00982	0.01433	0.01296	0.01865	0.02197	0.03317	0.02085	0.10081	0.64350	0.01272	0.02089	0.00888	0.00438	0.00710
27	0.01986	0.02041	0.06427	0.04570	0.56395	0.01937	0.05385	0.02611	0.05700	0.02690	0.01637	0.02065	0.01343	0.00747	0.00811	0.00245	0.00975	0.00740	0.00425	0.01272
28	0.77215	0.01569	0.01193	0.01067	0.01569	0.01820	0.00879	0.02385	0.01381	0.03641	0.01130	0.01318	0.00879	0.00753	0.00502	0.00251	0.00628	0.00439	0.00502	0.00879
29	0.01737	0.01253	0.01603	0.04146	0.01979	0.01338	0.01344	0.11259	0.05984	0.06009	0.03735	0.09089	0.06202	0.01830	0.01094	0.00331	0.04090	0.35323	0.00741	0.00913
30	0.01180	0.00787	0.00885	0.00885	0.00885	0.00787	0.00492	0.01180	0.01180	0.01573	0.02557	0.05310	0.02950	0.71483	0.04130	0.00787	0.00787	0.01180	0.00492	0.00492
31	0.03055	0.02050	0.02268	0.01756	0.02376	0.02212	0.01444	0.49246	0.05869	0.14977	0.04795	0.02288	0.01778	0.01012	0.00819	0.00246	0.00830	0.00781	0.00847	0.01352
32	0.01872	0.05251	0.17850	0.05472	0.34963	0.04453	0.02354	0.02412	0.01789	0.02515	0.03534	0.02376	0.01555	0.00899	0.00939	0.00257	0.06064	0.03869	0.00415	0.01158
33	0.77215	0.01569	0.01193	0.01067	0.01569	0.01820	0.00879	0.02385	0.01381	0.03641	0.01130	0.01318	0.00879	0.00753	0.00502	0.00251	0.00628	0.00439	0.00502	0.00879
34	0.01136	0.00895	0.01047	0.01154	0.01243	0.04031	0.00792	0.01315	0.01660	0.02197	0.13188	0.49354	0.05131	0.07390	0.05106	0.00401	0.00627	0.01932	0.00721	0.00681
35	0.01308	0.00934	0.01308	0.01494	0.01681	0.00934	0.01308	0.01681	0.01868	0.02428	0.04296	0.09153	0.04670	0.02242	0.01121	0.00374	0.00747	0.60960	0.00747	0.00747
36	0.01946	0.25440	0.11898	0.02014	0.02488	0.05143	0.06904	0.02296	0.01536	0.02075	0.01193	0.01632	0.01065	0.01010	0.01486	0.00270	0.29629	0.00617	0.00358	0.00999
37	0.73408	0.01702	0.04521	0.01130	0.01667	0.01824	0.00986	0.02395	0.01398	0.03587	0.01146	0.01338	0.00886	0.00754	0.00516	0.00251	0.00656	0.00447	0.00494	0.00895
38	0.01901	0.01580	0.02200	0.10311	0.02516	0.01875	0.04610	0.08393	0.05064	0.06823	0.01889	0.06839	0.01705	0.06329	0.04039	0.00362	0.25629	0.00871	0.00521	0.06542
39	0.77215	0.01569	0.01193	0.01067	0.01569	0.01820	0.00879	0.02385	0.01381	0.03641	0.01130	0.01318	0.00879	0.00753	0.00502	0.00251	0.00628	0.00439	0.00502	0.00879
40	0.01296	0.01444	0.10929	0.01277	0.01656	0.01084	0.01143	0.01979	0.10877	0.02890	0.32500	0.10983	0.15588	0.01593	0.00918	0.00268	0.00553	0.01377	0.00766	0.00880
41	0.01158	0.00818	0.01075	0.01087	0.01155	0.00879	0.00741	0.01296	0.01260	0.01744	0.02512	0.08687	0.02699	0.37878	0.32434	0.00987	0.01382	0.01116	0.00484	0.00606
42	0.01826	0.01546	0.01635	0.01473	0.01891	0.01724	0.01144	0.06495	0.46623	0.03256	0.08235	0.04022	0.14053	0.01301	0.00857	0.00272	0.00596	0.01085	0.00817	0.01149
43	0.01519	0.01031	0.01693	0.05366	0.01788	0.01108	0.08166	0.01440	0.01250	0.01747	0.01485	0.02384	0.01379	0.02191	0.02556	0.50473	0.07797	0.00739	0.05338	0.00551
44	0.03297	0.01432	0.01862	0.01469	0.02041	0.01316	0.01195	0.11697	0.02445	0.52101	0.03162	0.09556	0.02264	0.01156	0.00838	0.00258	0.00695	0.00955	0.00953	0.01308
45	0.16221	0.43259	0.03300	0.01666	0.05989	0.13735	0.01391	0.02561	0.01720	0.02288	0.01174	0.01375	0.01027	0.00731	0.00570	0.00198	0.00929	0.00467	0.00391	0.01009
46	0.68272	0.01580	0.01385	0.05779	0.05250	0.01825	0.01054	0.02370	0.01421	0.03485	0.01171	0.01410	0.00914	0.00755	0.00538	0.00252	0.00675	0.00473	0.00488	0.00902
47	0.01136	0.00861	0.01129	0.01160	0.01298	0.00853	0.00869	0.01409	0.01900	0.02603	0.30215	0.27759	0.11177	0.02028	0.01112	0.00300	0.05033	0.07645	0.00785	0.00730
48	0.01921	0.01825	0.02959	0.07328	0.46627	0.01870	0.05257	0.02679	0.11553	0.02708	0.02188	0.02517	0.05195	0.00860	0.00824	0.00251	0.00909	0.00822	0.00486	0.01222
49	0.01159	0.00869	0.01304	0.01304	0.01449	0.01014	0.01014	0.01449	0.01304	0.01884	0.02173	0.03188	0.02029	0.06086	0.68268	0.01304	0.02173	0.00869	0.00435	0.00724
50	0.01663	0.03949	0.59554	0.02450	0.03602	0.01905	0.10474	0.02573	0.01738	0.02573	0.01479	0.01772	0.01053	0.00760	0.00794	0.00259	0.01220	0.00644	0.00351	0.01186

[dist]
# distance from previous block
# <min> <max>
0	8

[block]
# block no. 1 follows, 23 sequences, length 33
# corresponding to MSA columns:
# 188-220
name=unknown_B
#
# <colnr> <probs for GDERKNQSTAVLIFYWHMCP>
#	G	D	E	R	K	N	Q	S	T	A	V	L	I	F	Y	W	H	M	C	P
0	0.77215	0.01569	0.01193	0.01067	0.01569	0.01820	0.00879	0.02385	0.01381	0.03641	0.01130	0.01318	0.00879	0.00753	0.00502	0.00251	0.00628	0.00439	0.00502	0.00879
1	0.01923	0.28940	0.37801	0.01992	0.02958	0.02416	0.04767	0.06067	0.01820	0.02475	0.01371	0.01595	0.01061	0.00751	0.00689	0.00226	0.01066	0.00561	0.00374	0.01147
2	0.01180	0.00787	0.00885	0.00885	0.00885	0.00787	0.00492	0.01180	0.01180	0.01573	0.02557	0.05310	0.02950	0.71483	0.04130	0.00787	0.00787	0.01180	0.00492	0.00492
3	0.01474	0.03762	0.05243	0.01555	0.06083	0.01104	0.05234	0.01898	0.02169	0.07154	0.45061	0.04976	0.08192	0.01421	0.00912	0.00253	0.00571	0.01266	0.00779	0.00893
4	0.01919	0.01380	0.01580	0.10373	0.02096	0.05215	0.01145	0.12900	0.02039	0.07088	0.04728	0.11011	0.02369	0.08672	0.01341	0.04353	0.03686	0.00989	0.16230	0.00884
5	0.03031	0.03867	0.02299	0.02090	0.02508	0.68226	0.01568	0.03240	0.02299	0.01986	0.01254	0.01463	0.01045	0.00836	0.00732	0.00209	0.01463	0.00523	0.00418	0.00941
6	0.01622	0.01093	0.01480	0.01431	0.03854	0.01048	0.03368	0.02159	0.08133	0.11404	0.25778	0.08596	0.12717	0.01642	0.00954	0.00284	0.00579	0.12134	0.00816	0.00910
7	0.01588	0.01335	0.01583	0.01211	0.01830	0.01028	0.00960	0.01926	0.01680	0.02571	0.01928	0.09432	0.01843	0.00901	0.00677	0.00157	0.00596	0.04183	0.00525	0.64048
8	0.01593	0.01200	0.01485	0.01503	0.01782	0.01267	0.01256	0.08583	0.13400	0.02945	0.09677	0.09337	0.04241	0.01862	0.01017	0.00330	0.00699	0.36133	0.00782	0.00908
9	0.77215	0.01569	0.01193	0.01067	0.01569	0.01820	0.00879	0.02385	0.01381	0.03641	0.01130	0.01318	0.00879	0.00753	0.00502	0.00251	0.00628	0.00439	0.00502	0.00879
10	0.01701	0.01854	0.05584	0.06547	0.03066	0.02006	0.25173	0.02124	0.01571	0.02236	0.01702	0.08521	0.01584	0.01438	0.05246	0.00365	0.26956	0.00959	0.00418	0.00948
11	0.73215	0.01559	0.01230	0.01088	0.01597	0.01786	0.00896	0.02471	0.01432	0.07084	0.01242	0.01397	0.00940	0.00767	0.00519	0.00251	0.00631	0.00460	0.00529	0.00906
12	0.01903	0.01536	0.01842	0.01955	0.11408	0.01649	0.01315	0.03327	0.36909	0.07546	0.08005	0.03827	0.12818	0.01228	0.00852	0.00267	0.00639	0.01046	0.00768	0.01161
13	0.01164	0.00849	0.01201	0.01201	0.01311	0.00958	0.00886	0.01383	0.01274	0.01808	0.02267	0.03708	0.02255	0.22129	0.52534	0.01177	0.01833	0.00946	0.00449	0.00667
14	0.02022	0.01728	0.01819	0.01626	0.02085	0.01984	0.01268	0.06875	0.59489	0.03421	0.03451	0.03182	0.05139	0.01136	0.00831	0.00274	0.00644	0.00943	0.00822	0.01263
15	0.01409	0.00705	0.01057	0.01057	0.01057	0.00705	0.00705	0.01057	0.01057	0.01409	0.01409	0.02467	0.01409	0.02819	0.03171	0.76392	0.00705	0.00705	0.00352	0.00352
16	0.01568	0.01247	0.01575	0.01290	0.01785	0.01030	0.03194	0.01957	0.04550	0.05201	0.02571	0.23814	0.02618	0.01260	0.00771	0.00205	0.00593	0.01112	0.00602	0.43056
17	0.02265	0.64418	0.04035	0.01466	0.02130	0.10422	0.01408	0.02520	0.01721	0.01918	0.01142	0.01320	0.01042	0.00710	0.00544	0.00177	0.00934	0.00444	0.00355	0.01030
18	0.68662	0.01514	0.01210	0.01073	0.01565	0.01725	0.00881	0.02453	0.01455	0.07421	0.01337	0.01498	0.01012	0.00779	0.00525	0.00248	0.00618	0.00479	0.04644	0.00902
19	0.08032	0.02226	0.02352	0.01814	0.02453	0.02470	0.01498	0.59623	0.03653	0.05016	0.01894	0.01906	0.01346	0.00959	0.00791	0.00244	0.00875	0.00711	0.00791	0.01346
20	0.02112	0.01557	0.01692	0.01469	0.01879	0.01727	0.01147	0.16365	0.30523	0.05872	0.02911	0.03012	0.04261	0.04199	0.03469	0.04452	0.00720	0.00876	0.10641	0.01116
21	0.01160	0.00866	0.01286	0.01286	0.01424	0.01004	0.00991	0.01437	0.01299	0.01870	0.02190	0.03281	0.02069	0.08950	0.65458	0.01281	0.02113	0.00883	0.00437	0.00714
22	0.01960	0.03371	0.42897	0.02315	0.05900	0.01944	0.02474	0.05993	0.11790	0.03045	0.05518	0.02738	0.01977	0.01077	0.00897	0.00302	0.01081	0.02868	0.00567	0.01287
23	0.77215	0.01569	0.01193	0.01067	0.01569	0.01820	0.00879	0.02385	0.01381	0.03641	0.01130	0.01318	0.00879	0.00753	0.00502	0.00251	0.00628	0.00439	0.00502	0.00879
24	0.05554	0.09712	0.54355	0.02244	0.03339	0.02006	0.06788	0.02550	0.01704	0.02570	0.01424	0.01690	0.01035	0.00758	0.00748	0.00251	0.01153	0.00601	0.00356	0.01162
25	0.01123	0.00828	0.01049	0.00994	0.01196	0.00755	0.00745	0.01481	0.02236	0.03110	0.58145	0.06299	0.15595	0.01713	0.00957	0.00258	0.00387	0.01501	0.00874	0.00755
26	0.01460	0.01095	0.01546	0.01394	0.01554	0.01241	0.04374	0.04258	0.01574	0.02333	0.07963	0.07244	0.02528	0.07702	0.17992	0.08210	0.12421	0.00970	0.13388	0.00750
27	0.02419	0.08654	0.02443	0.08472	0.04665	0.32992	0.03829	0.09157	0.02138	0.02347	0.01519	0.01914	0.01270	0.01745	0.12544	0.00410	0.01420	0.00639	0.00451	0.00971
28	0.68484	0.01599	0.01306	0.01136	0.01654	0.01823	0.00936	0.06038	0.01579	0.07540	0.01302	0.01442	0.00976	0.00781	0.00539	0.00251	0.00647	0.00479	0.00550	0.00938
29	0.01101	0.00903	0.01112	0.01277	0.06409	0.00811	0.00857	0.01359	0.01880	0.02397	0.16120	0.16239	0.38710	0.01967	0.00968	0.00283	0.00482	0.05633	0.00747	0.00746
30	0.01531	0.01405	0.02342	0.65787	0.05336	0.01746	0.02162	0.02063	0.01627	0.02125	0.01508	0.02210	0.01136	0.00819	0.00798	0.00266	0.01043	0.00723	0.04480	0.00893
31	0.01783	0.01797	0.02608	0.02199	0.02242	0.02462	0.05054	0.01987	0.01278	0.01987	0.01096	0.01797	0.01074	0.01381	0.02572	0.00351	0.66352	0.00723	0.00358	0.00899
32	0.77215	0.01569	0.01193	0.01067	0.01569	0.01820	0.00879	0.02385	0.01381	0.03641	0.01130	0.01318	0.00879	0.00753	0.00502	0.00251	0.00628	0.00439	0.00502	0.00879

[dist]
# distance from previous block
# <min> <max>
0	1

[block]
# block no. 2 follows, 23 sequences, length 7
# corresponding to MSA columns:
# 222-228
name=unknown_C
#
# <colnr> <probs for GDERKNQSTAVLIFYWHMCP>
#	G	D	E	R	K	N	Q	S	T	A	V	L	I	F	Y	W	H	M	C	P
0	0.01644	0.01432	0.01506	0.04337	0.01839	0.06236	0.01094	0.02709	0.26164	0.02892	0.21215	0.04607	0.06457	0.08490	0.01218	0.00323	0.00660	0.05473	0.00753	0.00951
1	0.77215	0.01569	0.01193	0.01067	0.01569	0.01820	0.00879	0.02385	0.01381	0.03641	0.01130	0.01318	0.00879	0.00753	0.00502	0.00251	0.00628	0.00439	0.00502	0.00879
2	0.01992	0.01644	0.01776	0.01594	0.02029	0.01853	0.01263	0.11288	0.45123	0.03455	0.06468	0.03856	0.05810	0.01267	0.00865	0.00280	0.00661	0.06769	0.00816	0.01191
3	0.01221	0.00952	0.01391	0.01356	0.01477	0.01143	0.01053	0.01480	0.01290	0.01869	0.02091	0.03195	0.01997	0.10105	0.57449	0.01176	0.08725	0.00875	0.00431	0.00725
4	0.01903	0.01843	0.02501	0.15436	0.27821	0.06679	0.01926	0.02745	0.15955	0.02592	0.02394	0.02672	0.06598	0.00972	0.00909	0.00260	0.04326	0.00829	0.00516	0.01122
5	0.01751	0.00987	0.01011	0.00925	0.01184	0.01024	0.00715	0.11288	0.02023	0.03343	0.02541	0.02861	0.01973	0.00950	0.00604	0.00197	0.00456	0.00752	0.64562	0.00851
6	0.18641	0.01450	0.01646	0.01311	0.01879	0.01389	0.01067	0.07420	0.04550	0.30055	0.05959	0.02687	0.05357	0.00983	0.00732	0.00233	0.00645	0.00765	0.00779	0.12453

[dist]
# distance from previous block
# <min> <max>
0	2

[block]
# block no. 3 follows, 23 sequences, length 24
# corresponding to MSA columns:
# 231-254
name=unknown_D
#
# <colnr> <probs for GDERKNQSTAVLIFYWHMCP>
#	G	D	E	R	K	N	Q	S	T	A	V	L	I	F	Y	W	H	M	C	P
0	0.25900	0.09806	0.02074	0.06420	0.02247	0.05273	0.01283	0.20956	0.05919	0.03539	0.01836	0.08016	0.01573	0.01005	0.00699	0.00248	0.00795	0.00749	0.00606	0.01057
1	0.01694	0.01131	0.01388	0.01249	0.01555	0.01128	0.00972	0.07602	0.10350	0.10094	0.39777	0.08070	0.05590	0.01528	0.00925	0.00266	0.00516	0.04344	0.00875	0.00945
2	0.02081	0.01575	0.01791	0.01604	0.04755	0.01682	0.01191	0.28217	0.09202	0.03739	0.16152	0.07582	0.07633	0.07683	0.01167	0.00305	0.00696	0.01103	0.00775	0.01067
3	0.01159	0.00869	0.01304	0.01304	0.01449	0.01014	0.01014	0.01449	0.01304	0.01884	0.02173	0.03188	0.02029	0.06086	0.68268	0.01304	0.02173	0.00869	0.00435	0.00724
4	0.01817	0.01587	0.02231	0.29424	0.13230	0.01807	0.01801	0.08515	0.16238	0.02801	0.02532	0.02814	0.06864	0.00987	0.00816	0.00262	0.00863	0.00850	0.03493	0.01069
5	0.77215	0.01569	0.01193	0.01067	0.01569	0.01820	0.00879	0.02385	0.01381	0.03641	0.01130	0.01318	0.00879	0.00753	0.00502	0.00251	0.00628	0.00439	0.00502	0.00879
6	0.01876	0.02267	0.08432	0.07194	0.04275	0.02027	0.56259	0.02567	0.01886	0.02567	0.01619	0.02159	0.01210	0.00697	0.00938	0.00272	0.01341	0.00922	0.00403	0.01090
7	0.01409	0.00705	0.01057	0.01057	0.01057	0.00705	0.00705	0.01057	0.01057	0.01409	0.01409	0.02467	0.01409	0.02819	0.03171	0.76392	0.00705	0.00705	0.00352	0.00352
8	0.01917	0.20129	0.02835	0.01833	0.02137	0.05550	0.04314	0.05818	0.01596	0.02151	0.01363	0.01911	0.01252	0.01953	0.13221	0.00455	0.29555	0.00669	0.00400	0.00941
9	0.01629	0.01650	0.03020	0.14839	0.05651	0.01811	0.23932	0.02059	0.01640	0.02257	0.02055	0.16141	0.02015	0.01247	0.01309	0.00301	0.15924	0.01128	0.00459	0.00932
10	0.67447	0.01662	0.01356	0.01172	0.01694	0.01912	0.00966	0.10467	0.01702	0.03835	0.01238	0.01401	0.00945	0.00782	0.00543	0.00250	0.00663	0.00478	0.00543	0.00945
11	0.01974	0.01898	0.03210	0.07730	0.60139	0.01953	0.02440	0.02442	0.01804	0.02586	0.01497	0.02002	0.01264	0.00765	0.00906	0.00249	0.04775	0.00722	0.00397	0.01246
12	0.01565	0.01475	0.02492	0.65131	0.09737	0.01811	0.02270	0.02102	0.01638	0.02113	0.01448	0.02153	0.01096	0.00805	0.00811	0.00268	0.01074	0.00721	0.00363	0.00928
13	0.01794	0.01832	0.02800	0.02306	0.02418	0.02426	0.10194	0.02041	0.01334	0.02041	0.01144	0.01832	0.01088	0.01320	0.02430	0.00344	0.60634	0.00744	0.00363	0.00916
14	0.77215	0.01569	0.01193	0.01067	0.01569	0.01820	0.00879	0.02385	0.01381	0.03641	0.01130	0.01318	0.00879	0.00753	0.00502	0.00251	0.00628	0.00439	0.00502	0.00879
15	0.01972	0.02102	0.07374	0.04601	0.53922	0.01943	0.11047	0.02510	0.01849	0.02639	0.01538	0.02016	0.01262	0.00720	0.00823	0.00247	0.01035	0.00748	0.00399	0.01253
16	0.77215	0.01569	0.01193	0.01067	0.01569	0.01820	0.00879	0.02385	0.01381	0.03641	0.01130	0.01318	0.00879	0.00753	0.00502	0.00251	0.00628	0.00439	0.00502	0.00879
17	0.01772	0.01645	0.06951	0.03871	0.07830	0.01551	0.01375	0.03016	0.29414	0.06719	0.13719	0.03968	0.12222	0.01254	0.00859	0.00266	0.00657	0.01066	0.00745	0.01101
18	0.01235	0.00877	0.01084	0.01086	0.01325	0.00798	0.00865	0.01550	0.02038	0.05578	0.27963	0.07275	0.27018	0.01909	0.00991	0.00290	0.00496	0.16046	0.00814	0.00761
19	0.01179	0.00848	0.01195	0.01195	0.01313	0.00957	0.00889	0.01414	0.01297	0.01872	0.02272	0.03609	0.02217	0.19060	0.52323	0.01150	0.01814	0.00927	0.03791	0.00679
20	0.01162	0.00856	0.01238	0.01238	0.01361	0.00979	0.00932	0.01407	0.01285	0.01835	0.02233	0.03520	0.02173	0.16328	0.58223	0.01223	0.01956	0.00918	0.00444	0.00688
21	0.02893	0.07087	0.02419	0.02135	0.05005	0.55745	0.01579	0.05871	0.05768	0.02223	0.01402	0.01584	0.01148	0.00845	0.00732	0.00214	0.01343	0.00557	0.00453	0.00998
22	0.05682	0.02516	0.15415	0.08182	0.08522	0.06444	0.32141	0.02657	0.01874	0.06306	0.01623	0.02028	0.01202	0.00745	0.00855	0.00261	0.01215	0.00793	0.00433	0.01109
23	0.05331	0.19625	0.31371	0.05837	0.07316	0.02235	0.02205	0.09235	0.01944	0.05619	0.01500	0.01715	0.01128	0.00783	0.00710	0.00235	0.01016	0.00592	0.00437	0.01165

[dist]
# distance from previous block
# <min> <max>
0	1

[block]
# block no. 4 follows, 23 sequences, length 47
# corresponding to MSA columns:
# 256-302
name=unknown_E
#
# <colnr> <probs for GDERKNQSTAVLIFYWHMCP>
#	G	D	E	R	K	N	Q	S	T	A	V	L	I	F	Y	W	H	M	C	P
0	0.05715	0.01922	0.10582	0.06056	0.28397	0.01620	0.05123	0.02575	0.01919	0.13194	0.07441	0.02994	0.02150	0.00979	0.00834	0.00260	0.00892	0.05626	0.00565	0.01157
1	0.02156	0.01756	0.01871	0.01654	0.02131	0.02008	0.01295	0.07691	0.58506	0.06492	0.03220	0.02953	0.02392	0.01089	0.00824	0.00272	0.00659	0.00902	0.00833	0.01294
2	0.03082	0.02347	0.02429	0.01877	0.02516	0.05587	0.01543	0.60890	0.03744	0.04968	0.01916	0.01925	0.01364	0.00968	0.00808	0.00242	0.00920	0.00721	0.00793	0.01359
3	0.01409	0.00705	0.01057	0.01057	0.01057	0.00705	0.00705	0.01057	0.01057	0.01409	0.01409	0.02467	0.01409	0.02819	0.03171	0.76392	0.00705	0.00705	0.00352	0.00352
4	0.01159	0.00869	0.01304	0.01304	0.01449	0.01014	0.01014	0.01449	0.01304	0.01884	0.02173	0.03188	0.02029	0.06086	0.68268	0.01304	0.02173	0.00869	0.00435	0.00724
5	0.01845	0.06525	0.32216	0.03593	0.34751	0.01974	0.02663	0.02523	0.01777	0.02576	0.01474	0.01839	0.01157	0.00743	0.00774	0.00245	0.01065	0.00653	0.00372	0.01234
6	0.77215	0.01569	0.01193	0.01067	0.01569	0.01820	0.00879	0.02385	0.01381	0.03641	0.01130	0.01318	0.00879	0.00753	0.00502	0.00251	0.00628	0.00439	0.00502	0.00879
7	0.05098	0.53585	0.14877	0.01575	0.02333	0.06671	0.01656	0.02499	0.01687	0.02096	0.01192	0.01382	0.01033	0.00718	0.00575	0.00193	0.00950	0.00468	0.00357	0.01056
8	0.01390	0.00705	0.01052	0.01060	0.01063	0.00703	0.00707	0.01060	0.01080	0.01440	0.01549	0.05591	0.01590	0.02806	0.03074	0.72921	0.00694	0.00778	0.00371	0.00366
9	0.01229	0.01178	0.07069	0.01312	0.04313	0.00917	0.01041	0.01666	0.02225	0.03166	0.57391	0.05495	0.06784	0.01538	0.00934	0.00255	0.00481	0.01357	0.00822	0.00827
10	0.02216	0.05836	0.02201	0.04542	0.11589	0.30765	0.01570	0.02596	0.04491	0.02288	0.05426	0.07282	0.02395	0.01223	0.00839	0.00256	0.01072	0.11933	0.00531	0.00947
11	0.03035	0.03762	0.02308	0.02076	0.02509	0.63868	0.01566	0.07251	0.02400	0.02193	0.01300	0.01495	0.01067	0.00845	0.00737	0.00211	0.01425	0.00536	0.00444	0.00970
12	0.02172	0.02226	0.04935	0.02394	0.16352	0.18439	0.04133	0.09157	0.05140	0.02877	0.07526	0.02619	0.04132	0.00959	0.00771	0.00230	0.00928	0.00789	0.13177	0.01043
13	0.01474	0.01378	0.02252	0.58029	0.07262	0.01659	0.02046	0.01968	0.01661	0.02110	0.02343	0.02905	0.09697	0.00973	0.00831	0.00270	0.00988	0.00852	0.00414	0.00887
14	0.01713	0.13001	0.55822	0.02248	0.03361	0.02067	0.05859	0.02553	0.01715	0.02484	0.01422	0.01683	0.01040	0.00756	0.00748	0.00247	0.01164	0.00596	0.00347	0.01173
15	0.77215	0.01569	0.01193	0.01067	0.01569	0.01820	0.00879	0.02385	0.01381	0.03641	0.01130	0.01318	0.00879	0.00753	0.00502	0.00251	0.00628	0.00439	0.00502	0.00879
16	0.01600	0.00972	0.01359	0.09916	0.01793	0.01043	0.00986	0.08011	0.01485	0.02021	0.01647	0.04510	0.01530	0.02230	0.02377	0.51055	0.00745	0.00762	0.05388	0.00570
17	0.77215	0.01569	0.01193	0.01067	0.01569	0.01820	0.00879	0.02385	0.01381	0.03641	0.01130	0.01318	0.00879	0.00753	0.00502	0.00251	0.00628	0.00439	0.00502	0.00879
18	0.01398	0.05296	0.15972	0.01540	0.04070	0.01276	0.01426	0.02024	0.06703	0.02850	0.30698	0.07088	0.08278	0.01446	0.00896	0.00267	0.00663	0.06491	0.00697	0.00922
19	0.01548	0.01474	0.02533	0.66754	0.05532	0.01813	0.04826	0.02095	0.01635	0.02095	0.01451	0.02164	0.01088	0.00806	0.00817	0.00271	0.01094	0.00731	0.00363	0.00909
20	0.08560	0.01001	0.01211	0.17785	0.02151	0.01114	0.01013	0.01982	0.01652	0.02847	0.02208	0.02653	0.01721	0.00894	0.00621	0.00215	0.00575	0.00718	0.50273	0.00804
21	0.01160	0.00865	0.01283	0.01283	0.01420	0.01003	0.00988	0.01435	0.01298	0.01868	0.02193	0.03296	0.02075	0.09408	0.65009	0.01278	0.02103	0.00885	0.00438	0.00713
22	0.01775	0.01487	0.01762	0.05169	0.02154	0.01240	0.01081	0.07870	0.01876	0.02820	0.01632	0.04978	0.01407	0.00739	0.00653	0.00150	0.00650	0.00604	0.00518	0.61435
23	0.03085	0.02273	0.02435	0.01867	0.02516	0.02516	0.01542	0.63716	0.03815	0.05114	0.01948	0.01948	0.01380	0.00974	0.00812	0.00244	0.00893	0.00731	0.00812	0.01380
24	0.77215	0.01569	0.01193	0.01067	0.01569	0.01820	0.00879	0.02385	0.01381	0.03641	0.01130	0.01318	0.00879	0.00753	0.00502	0.00251	0.00628	0.00439	0.00502	0.00879
25	0.02946	0.10605	0.02493	0.02021	0.02466	0.61794	0.01550	0.03160	0.02235	0.01978	0.01242	0.01447	0.01045	0.00822	0.00711	0.00206	0.01404	0.00514	0.00411	0.00951
26	0.01366	0.01114	0.01244	0.01171	0.01465	0.01138	0.00889	0.02298	0.22164	0.02944	0.26806	0.08547	0.22427	0.01633	0.00919	0.00270	0.00478	0.01399	0.00826	0.00904
27	0.01159	0.00869	0.01304	0.01304	0.01449	0.01014	0.01014	0.01449	0.01304	0.01884	0.02173	0.03188	0.02029	0.06086	0.68268	0.01304	0.02173	0.00869	0.00435	0.00724
28	0.02079	0.02943	0.31148	0.02095	0.02940	0.01992	0.07746	0.21809	0.05596	0.03344	0.02070	0.02361	0.04076	0.04970	0.01005	0.00286	0.01033	0.00770	0.00547	0.01189
29	0.77215	0.01569	0.01193	0.01067	0.01569	0.01820	0.00879	0.02385	0.01381	0.03641	0.01130	0.01318	0.00879	0.00753	0.00502	0.00251	0.00628	0.00439	0.00502	0.00879
30	0.06080	0.03041	0.32900	0.02695	0.03616	0.01991	0.28251	0.02531	0.01748	0.02602	0.01490	0.01895	0.01107	0.00776	0.00960	0.00270	0.05801	0.00748	0.00381	0.01116
31	0.01409	0.00705	0.01057	0.01057	0.01057	0.00705	0.00705	0.01057	0.01057	0.01409	0.01409	0.02467	0.01409	0.02819	0.03171	0.76392	0.00705	0.00705	0.00352	0.00352
32	0.01836	0.01753	0.02983	0.28292	0.44453	0.01883	0.02405	0.02340	0.01766	0.02442	0.01496	0.02064	0.01212	0.00755	0.00806	0.00252	0.01006	0.00722	0.00387	0.01147
33	0.02861	0.06735	0.02347	0.01996	0.02405	0.55542	0.01530	0.06003	0.02258	0.02173	0.01326	0.01559	0.01103	0.00874	0.00830	0.00217	0.05312	0.00549	0.03423	0.00956
34	0.03002	0.06606	0.02410	0.02019	0.02491	0.53575	0.01555	0.14031	0.02542	0.02542	0.01373	0.01543	0.01105	0.00855	0.00737	0.00214	0.01335	0.00556	0.00485	0.01024
35	0.01602	0.01093	0.01620	0.07265	0.02042	0.01069	0.05835	0.04318	0.01958	0.10693	0.13725	0.24978	0.06887	0.01783	0.00972	0.00300	0.00666	0.11578	0.00749	0.00866
36	0.01600	0.01529	0.02635	0.59624	0.11924	0.01828	0.05166	0.02142	0.01660	0.02159	0.01460	0.02148	0.01110	0.00796	0.00817	0.00267	0.01083	0.00732	0.00367	0.00951
37	0.01857	0.01923	0.02627	0.02214	0.02292	0.06242	0.05856	0.02070	0.01348	0.01998	0.01114	0.01785	0.01075	0.01338	0.02439	0.00341	0.61499	0.00716	0.00362	0.00904
38	0.77215	0.01569	0.01193	0.01067	0.01569	0.01820	0.00879	0.02385	0.01381	0.03641	0.01130	0.01318	0.00879	0.00753	0.00502	0.00251	0.00628	0.00439	0.00502	0.00879
39	0.01673	0.07834	0.56365	0.05588	0.03579	0.01968	0.06880	0.02540	0.01718	0.02510	0.01449	0.01743	0.01045	0.00763	0.00771	0.00254	0.01186	0.00620	0.00348	0.01169
40	0.77215	0.01569	0.01193	0.01067	0.01569	0.01820	0.00879	0.02385	0.01381	0.03641	0.01130	0.01318	0.00879	0.00753	0.00502	0.00251	0.00628	0.00439	0.00502	0.00879
41	0.01998	0.01739	0.02022	0.09487	0.06942	0.02004	0.01484	0.05869	0.51529	0.03251	0.02928	0.02825	0.02203	0.01038	0.00822	0.00271	0.00722	0.00876	0.00744	0.01245
42	0.01308	0.00934	0.01308	0.01494	0.01681	0.00934	0.01308	0.01681	0.01868	0.02428	0.04296	0.09153	0.04670	0.02242	0.01121	0.00374	0.00747	0.60960	0.00747	0.00747
43	0.01719	0.01624	0.02421	0.38013	0.20494	0.05100	0.02034	0.02271	0.04395	0.02344	0.02000	0.02504	0.04974	0.00882	0.00798	0.00255	0.00967	0.00779	0.05432	0.00997
44	0.01409	0.00705	0.01057	0.01057	0.01057	0.00705	0.00705	0.01057	0.01057	0.01409	0.01409	0.02467	0.01409	0.02819	0.03171	0.76392	0.00705	0.00705	0.00352	0.00352
45	0.01221	0.00980	0.01240	0.03873	0.01562	0.00998	0.00963	0.01625	0.06932	0.02371	0.10598	0.31997	0.14788	0.01990	0.01084	0.00302	0.05133	0.07198	0.00718	0.04428
46	0.02220	0.04561	0.03360	0.03118	0.18745	0.11776	0.23747	0.02851	0.07365	0.07820	0.01941	0.05338	0.01574	0.00865	0.00852	0.00253	0.01106	0.00865	0.00508	0.01136

[dist]
# distance from previous block
# <min> <max>
0	2

[block]
# block no. 5 follows, 23 sequences, length 25
# corresponding to MSA columns:
# 305-315,353-366
name=unknown_F
#
# <colnr> <probs for GDERKNQSTAVLIFYWHMCP>
#	G	D	E	R	K	N	Q	S	T	A	V	L	I	F	Y	W	H	M	C	P
0	0.01900	0.02295	0.08086	0.03362	0.04202	0.02043	0.60283	0.02598	0.01905	0.02598	0.01632	0.02164	0.01220	0.00689	0.00948	0.00273	0.01359	0.00939	0.00407	0.01100
1	0.01803	0.02175	0.09663	0.11458	0.08033	0.01922	0.43061	0.02461	0.01880	0.02574	0.05430	0.02364	0.01581	0.00768	0.00913	0.00269	0.01234	0.00913	0.00427	0.01072
2	0.01159	0.00869	0.01304	0.01304	0.01449	0.01014	0.01014	0.01449	0.01304	0.01884	0.02173	0.03188	0.02029	0.06086	0.68268	0.01304	0.02173	0.00869	0.00435	0.00724
3	0.02012	0.01649	0.05001	0.01431	0.01865	0.04461	0.01190	0.21319	0.04855	0.07008	0.30885	0.04174	0.08069	0.01333	0.00880	0.00251	0.00659	0.01112	0.00813	0.01033
4	0.77215	0.01569	0.01193	0.01067	0.01569	0.01820	0.00879	0.02385	0.01381	0.03641	0.01130	0.01318	0.00879	0.00753	0.00502	0.00251	0.00628	0.00439	0.00502	0.00879
5	0.02184	0.02004	0.02895	0.02541	0.09345	0.08422	0.19650	0.10963	0.07570	0.06895	0.02450	0.03373	0.03919	0.01104	0.00975	0.00277	0.03899	0.09841	0.00596	0.01098
6	0.01409	0.00705	0.01057	0.01057	0.01057	0.00705	0.00705	0.01057	0.01057	0.01409	0.01409	0.02467	0.01409	0.02819	0.03171	0.76392	0.00705	0.00705	0.00352	0.00352
7	0.01668	0.02257	0.20485	0.02244	0.05024	0.01643	0.17329	0.02240	0.01823	0.04895	0.11642	0.05691	0.05346	0.01103	0.01075	0.00272	0.08900	0.00972	0.04376	0.01014
8	0.02547	0.21024	0.09792	0.01910	0.02445	0.34088	0.01682	0.02849	0.01953	0.04948	0.01310	0.01542	0.01088	0.00865	0.00900	0.00223	0.08872	0.00542	0.00411	0.01008
9	0.77215	0.01569	0.01193	0.01067	0.01569	0.01820	0.00879	0.02385	0.01381	0.03641	0.01130	0.01318	0.00879	0.00753	0.00502	0.00251	0.00628	0.00439	0.00502	0.00879
10	0.01090	0.00819	0.00999	0.00968	0.01166	0.00739	0.00714	0.01397	0.02091	0.02838	0.44637	0.10093	0.22890	0.04644	0.01091	0.00286	0.00412	0.01568	0.00832	0.00727
11	0.01915	0.02189	0.04788	0.03420	0.04241	0.02052	0.63475	0.02599	0.01915	0.02599	0.01642	0.02189	0.01231	0.00684	0.00958	0.00274	0.01368	0.00958	0.00410	0.01094
12	0.01807	0.05110	0.05892	0.02295	0.02503	0.02426	0.10910	0.02098	0.01382	0.02075	0.01171	0.01812	0.01087	0.01249	0.02228	0.00330	0.53594	0.00729	0.00362	0.00939
13	0.77215	0.01569	0.01193	0.01067	0.01569	0.01820	0.00879	0.02385	0.01381	0.03641	0.01130	0.01318	0.00879	0.00753	0.00502	0.00251	0.00628	0.00439	0.00502	0.00879
14	0.01673	0.01775	0.05808	0.12018	0.14326	0.01836	0.16606	0.02113	0.01669	0.02343	0.04410	0.11946	0.02016	0.01177	0.01290	0.00292	0.16237	0.01025	0.00455	0.00986
15	0.77215	0.01569	0.01193	0.01067	0.01569	0.01820	0.00879	0.02385	0.01381	0.03641	0.01130	0.01318	0.00879	0.00753	0.00502	0.00251	0.00628	0.00439	0.00502	0.00879
16	0.02017	0.01766	0.02014	0.02060	0.10007	0.02007	0.01432	0.04088	0.57207	0.03303	0.03084	0.02902	0.02331	0.01054	0.00823	0.00271	0.00682	0.00894	0.00774	0.01284
17	0.01775	0.01775	0.02485	0.02130	0.02130	0.02485	0.01775	0.01953	0.01243	0.01953	0.01065	0.01775	0.01065	0.01420	0.02663	0.00355	0.69998	0.00710	0.00355	0.00888
18	0.01713	0.01342	0.01487	0.01349	0.01717	0.01442	0.01042	0.03082	0.35518	0.06498	0.21120	0.04529	0.13004	0.01385	0.00880	0.00268	0.00541	0.01176	0.00843	0.01062
19	0.01409	0.00705	0.01057	0.01057	0.01057	0.00705	0.00705	0.01057	0.01057	0.01409	0.01409	0.02467	0.01409	0.02819	0.03171	0.76392	0.00705	0.00705	0.00352	0.00352
20	0.01193	0.00988	0.00984	0.00988	0.01132	0.04944	0.00667	0.01325	0.01585	0.01963	0.07545	0.12777	0.25931	0.28860	0.05194	0.00518	0.00705	0.01447	0.00624	0.00629
21	0.01139	0.00908	0.01345	0.07537	0.01789	0.00939	0.03588	0.01355	0.01576	0.02108	0.03879	0.54304	0.04524	0.02227	0.01107	0.00326	0.04434	0.05514	0.00681	0.00717
22	0.01750	0.01626	0.02755	0.34692	0.34124	0.01794	0.02269	0.02208	0.01694	0.02306	0.01480	0.02109	0.01199	0.00894	0.00954	0.04994	0.01002	0.00721	0.00380	0.01049
23	0.01640	0.01616	0.02424	0.64703	0.05368	0.06559	0.02204	0.02157	0.01671	0.02067	0.01429	0.02113	0.01079	0.00813	0.00806	0.00266	0.01109	0.00707	0.00365	0.00904
24	0.05388	0.05342	0.05091	0.01542	0.05787	0.01398	0.01202	0.06886	0.08164	0.15432	0.25149	0.04029	0.08718	0.01264	0.00844	0.00251	0.00621	0.01062	0.00785	0.01046

[dist]
# distance from previous block
# <min> <max>
0	1

[block]
# block no. 6 follows, 23 sequences, length 70
# corresponding to MSA columns:
# 368-411,436-461
name=unknown_G
#
# <colnr> <probs for GDERKNQSTAVLIFYWHMCP>
#	G	D	E	R	K	N	Q	S	T	A	V	L	I	F	Y	W	H	M	C	P
0	0.06218	0.21491	0.02420	0.01350	0.01960	0.05030	0.01145	0.06303	0.03675	0.08497	0.01732	0.04287	0.01479	0.04013	0.00794	0.00209	0.00751	0.00622	0.00530	0.27494
1	0.66707	0.01545	0.01230	0.01090	0.01578	0.01770	0.00893	0.05826	0.01552	0.03642	0.01518	0.01680	0.03485	0.00825	0.00540	0.00249	0.00624	0.00519	0.03833	0.00895
2	0.02847	0.02047	0.02225	0.01765	0.02352	0.02250	0.01436	0.47235	0.12856	0.08912	0.02376	0.05915	0.01806	0.01081	0.00826	0.00254	0.00818	0.00850	0.00824	0.01326
3	0.01851	0.02239	0.08781	0.11045	0.04348	0.02012	0.52214	0.02536	0.01867	0.02536	0.01606	0.02153	0.01200	0.00705	0.00928	0.00272	0.01323	0.00906	0.00400	0.01079
4	0.01161	0.00864	0.01275	0.01275	0.01410	0.00999	0.00979	0.01431	0.01296	0.01862	0.02200	0.03333	0.02091	0.10551	0.63889	0.01269	0.02079	0.00891	0.00439	0.00709
5	0.02123	0.01485	0.01769	0.05984	0.02132	0.01393	0.01119	0.13596	0.04298	0.11645	0.02030	0.02578	0.01679	0.12862	0.01294	0.00290	0.00733	0.00723	0.00619	0.31647
6	0.01595	0.01628	0.03181	0.14231	0.03534	0.01586	0.32474	0.02094	0.01756	0.02375	0.02317	0.19734	0.02261	0.01176	0.00928	0.00277	0.01036	0.01229	0.00494	0.06094
7	0.02365	0.01999	0.02308	0.25187	0.03491	0.08223	0.01766	0.30566	0.02721	0.03503	0.01946	0.02705	0.01578	0.01033	0.00835	0.00263	0.00996	0.06791	0.00613	0.01110
8	0.02946	0.03714	0.02260	0.02034	0.02471	0.63975	0.01529	0.03164	0.02260	0.02028	0.01266	0.01477	0.01055	0.00821	0.00723	0.00203	0.01409	0.00520	0.00422	0.05721
9	0.01748	0.02884	0.29457	0.10375	0.03967	0.01984	0.28368	0.02487	0.01758	0.02487	0.01508	0.01969	0.01122	0.00780	0.00974	0.00272	0.05613	0.00771	0.00374	0.01102
10	0.01159	0.00869	0.01304	0.01304	0.01449	0.01014	0.01014	0.01449	0.01304	0.01884	0.02173	0.03188	0.02029	0.06086	0.68268	0.01304	0.02173	0.00869	0.00435	0.00724
11	0.02018	0.01620	0.01921	0.01931	0.09321	0.01790	0.01356	0.06264	0.36866	0.07954	0.05960	0.03449	0.09792	0.01195	0.00942	0.00271	0.04424	0.00982	0.00759	0.01184
12	0.77215	0.01569	0.01193	0.01067	0.01569	0.01820	0.00879	0.02385	0.01381	0.03641	0.01130	0.01318	0.00879	0.00753	0.00502	0.00251	0.00628	0.00439	0.00502	0.00879
13	0.02139	0.35167	0.21732	0.01888	0.02678	0.13507	0.05295	0.02679	0.04009	0.02199	0.01347	0.01554	0.01099	0.00753	0.00661	0.00212	0.01080	0.00541	0.00378	0.01081
14	0.01180	0.00787	0.00885	0.00885	0.00885	0.00787	0.00492	0.01180	0.01180	0.01573	0.02557	0.05310	0.02950	0.71483	0.04130	0.00787	0.00787	0.01180	0.00492	0.00492
15	0.01580	0.01023	0.03486	0.01112	0.01361	0.00875	0.00853	0.01872	0.01988	0.13441	0.35532	0.08711	0.05290	0.17371	0.01649	0.00379	0.00559	0.01309	0.00794	0.00816
16	0.01891	0.02209	0.09855	0.02957	0.07450	0.02063	0.35966	0.04843	0.01823	0.02595	0.01569	0.02086	0.01234	0.00865	0.01239	0.00280	0.14739	0.00841	0.04427	0.01069
17	0.73004	0.01558	0.01232	0.01089	0.01598	0.01784	0.00897	0.02475	0.01435	0.07266	0.01248	0.01401	0.00943	0.00768	0.00520	0.00251	0.00631	0.00461	0.00531	0.00907
18	0.01665	0.01523	0.02920	0.05619	0.05700	0.01466	0.28413	0.02140	0.01847	0.06030	0.08045	0.14887	0.02897	0.01621	0.05560	0.00358	0.01060	0.06726	0.00573	0.00950
19	0.01532	0.01442	0.02434	0.69533	0.05589	0.01803	0.02253	0.02073	0.01622	0.02073	0.01442	0.02163	0.01082	0.00811	0.00811	0.00270	0.01082	0.00721	0.00361	0.00901
20	0.01783	0.01798	0.02612	0.02201	0.02247	0.02461	0.05178	0.01988	0.01280	0.01988	0.01097	0.01798	0.01074	0.01380	0.02569	0.00351	0.66213	0.00724	0.00358	0.00899
21	0.77215	0.01569	0.01193	0.01067	0.01569	0.01820	0.00879	0.02385	0.01381	0.03641	0.01130	0.01318	0.00879	0.00753	0.00502	0.00251	0.00628	0.00439	0.00502	0.00879
22	0.01801	0.01871	0.03627	0.03022	0.11454	0.01865	0.35644	0.02292	0.01727	0.02424	0.01656	0.04442	0.01404	0.01218	0.04873	0.03452	0.09743	0.00894	0.00418	0.06173
23	0.77215	0.01569	0.01193	0.01067	0.01569	0.01820	0.00879	0.02385	0.01381	0.03641	0.01130	0.01318	0.00879	0.00753	0.00502	0.00251	0.00628	0.00439	0.00502	0.00879
24	0.01991	0.01662	0.02101	0.07196	0.02490	0.01816	0.07567	0.10934	0.32877	0.05515	0.06782	0.03443	0.09699	0.01156	0.00858	0.00269	0.00744	0.01000	0.00746	0.01152
25	0.01180	0.00787	0.00885	0.00885	0.00885	0.00787	0.00492	0.01180	0.01180	0.01573	0.02557	0.05310	0.02950	0.71483	0.04130	0.00787	0.00787	0.01180	0.00492	0.00492
26	0.01266	0.00948	0.01304	0.01349	0.03634	0.01051	0.00961	0.03397	0.01443	0.02040	0.02675	0.09871	0.05328	0.16078	0.38279	0.00927	0.04050	0.01074	0.03602	0.00724
27	0.01159	0.00869	0.01304	0.01304	0.01449	0.01014	0.01014	0.01449	0.01304	0.01884	0.02173	0.03188	0.02029	0.06086	0.68268	0.01304	0.02173	0.00869	0.00435	0.00724
28	0.03641	0.01381	0.01883	0.01444	0.02071	0.01193	0.01193	0.03954	0.02322	0.66984	0.03201	0.02762	0.02009	0.01004	0.00816	0.00251	0.00690	0.00816	0.01004	0.01381
29	0.40098	0.05715	0.01903	0.01454	0.02019	0.05829	0.01204	0.26457	0.02399	0.04034	0.01457	0.01572	0.01093	0.00841	0.00637	0.00242	0.00790	0.00558	0.00611	0.01087
30	0.77215	0.01569	0.01193	0.01067	0.01569	0.01820	0.00879	0.02385	0.01381	0.03641	0.01130	0.01318	0.00879	0.00753	0.00502	0.00251	0.00628	0.00439	0.00502	0.00879
31	0.03615	0.01421	0.01908	0.01463	0.02092	0.01253	0.01209	0.06672	0.02390	0.64170	0.03144	0.02725	0.01980	0.01003	0.00816	0.00251	0.00700	0.00812	0.00996	0.01381
32	0.01301	0.01029	0.01164	0.01108	0.01375	0.01010	0.00834	0.05204	0.11594	0.02863	0.25322	0.14130	0.26416	0.01785	0.00940	0.00273	0.00471	0.01534	0.00813	0.00837
33	0.01159	0.00869	0.01304	0.01304	0.01449	0.01014	0.01014	0.01449	0.01304	0.01884	0.02173	0.03188	0.02029	0.06086	0.68268	0.01304	0.02173	0.00869	0.00435	0.00724
34	0.01959	0.05638	0.31615	0.02419	0.13062	0.01939	0.02222	0.12008	0.08046	0.03070	0.01825	0.02037	0.01367	0.00840	0.00757	0.00244	0.00966	0.00679	0.08109	0.01198
35	0.77215	0.01569	0.01193	0.01067	0.01569	0.01820	0.00879	0.02385	0.01381	0.03641	0.01130	0.01318	0.00879	0.00753	0.00502	0.00251	0.00628	0.00439	0.00502	0.00879
36	0.21510	0.03139	0.40746	0.01971	0.02872	0.01850	0.05743	0.02468	0.01618	0.02849	0.01420	0.01699	0.01050	0.00795	0.00777	0.00257	0.03743	0.00589	0.03829	0.01077
37	0.01409	0.00705	0.01057	0.01057	0.01057	0.00705	0.00705	0.01057	0.01057	0.01409	0.01409	0.02467	0.01409	0.02819	0.03171	0.76392	0.00705	0.00705	0.00352	0.00352
38	0.01810	0.01814	0.03149	0.29920	0.25833	0.03959	0.14399	0.02343	0.01787	0.02384	0.01604	0.02338	0.01305	0.00807	0.00846	0.00263	0.01099	0.02874	0.00400	0.01066
39	0.02503	0.11930	0.02420	0.01815	0.02215	0.31755	0.01444	0.12274	0.02235	0.02514	0.05001	0.02057	0.01596	0.04044	0.04941	0.00314	0.08805	0.00662	0.00494	0.00978
40	0.02867	0.16797	0.02670	0.01957	0.02428	0.55882	0.01534	0.03086	0.02176	0.01971	0.01230	0.01433	0.01044	0.00809	0.00692	0.00202	0.01350	0.00506	0.00405	0.00960
41	0.01938	0.01838	0.03120	0.08320	0.58968	0.01858	0.02402	0.02416	0.01836	0.02605	0.01697	0.02469	0.01488	0.00824	0.00824	0.00251	0.00957	0.04537	0.00421	0.01230
42	0.02008	0.01928	0.03294	0.04981	0.66422	0.01928	0.02490	0.02490	0.01848	0.02651	0.01526	0.02008	0.01285	0.00723	0.00803	0.00241	0.00964	0.00723	0.00402	0.01285
43	0.01857	0.04233	0.02534	0.02103	0.02149	0.06080	0.01751	0.02039	0.01314	0.01953	0.01078	0.01742	0.01063	0.01364	0.02486	0.00341	0.63967	0.00691	0.00358	0.00896
44	0.77215	0.01569	0.01193	0.01067	0.01569	0.01820	0.00879	0.02385	0.01381	0.03641	0.01130	0.01318	0.00879	0.00753	0.00502	0.00251	0.00628	0.00439	0.00502	0.00879
45	0.01944	0.02101	0.04262	0.03711	0.19459	0.02020	0.45131	0.02663	0.05250	0.02654	0.01701	0.02189	0.01311	0.00716	0.00913	0.00266	0.01230	0.00898	0.00430	0.01152
46	0.74473	0.01595	0.01239	0.01097	0.01604	0.01846	0.00903	0.04654	0.01471	0.03695	0.01160	0.01341	0.00897	0.00761	0.00514	0.00251	0.00637	0.00450	0.00514	0.00897
