[name]
unknown

[dist]
# distance from previous block
# <min> <max>
33	70

[block]
# block no. 0 follows, 22 sequences, length 23
# corresponding to MSA columns:
# 104-126
name=unknown_A
#
# <colnr> <probs for GDERKNQSTAVLIFYWHMCP>
#	G	D	E	R	K	N	Q	S	T	A	V	L	I	F	Y	W	H	M	C	P
0	0.02035	0.01766	0.06965	0.17512	0.07766	0.01712	0.06678	0.12672	0.06246	0.07372	0.02127	0.08541	0.01798	0.01323	0.01200	0.10838	0.00928	0.00918	0.00569	0.01034
1	0.16720	0.02036	0.02193	0.09054	0.02639	0.04788	0.01528	0.33136	0.02729	0.03988	0.01670	0.01922	0.01269	0.01239	0.04288	0.00318	0.07998	0.00687	0.00638	0.01159
2	0.01517	0.01280	0.01701	0.11563	0.08012	0.01376	0.01293	0.06505	0.06182	0.02740	0.16041	0.08774	0.18470	0.04511	0.01197	0.00303	0.05684	0.01269	0.00675	0.00907
3	0.01103	0.00886	0.01303	0.01308	0.01466	0.00816	0.06424	0.01303	0.01660	0.02170	0.04883	0.50567	0.15217	0.05283	0.01176	0.00343	0.00570	0.02081	0.00727	0.00713
4	0.02165	0.27487	0.16856	0.01958	0.02587	0.09518	0.03396	0.06830	0.01844	0.02370	0.01299	0.01620	0.01099	0.00932	0.01141	0.00250	0.16580	0.00589	0.00400	0.01080
5	0.02199	0.11505	0.03077	0.02175	0.02632	0.08507	0.14297	0.11163	0.08572	0.02724	0.01713	0.02214	0.01448	0.05692	0.01511	0.00312	0.17904	0.00781	0.00507	0.01067
6	0.01320	0.06211	0.01389	0.03511	0.01513	0.05110	0.00892	0.01629	0.02096	0.02717	0.34107	0.10509	0.22508	0.01721	0.00934	0.00264	0.00537	0.01469	0.00774	0.00790
7	0.01977	0.09192	0.24440	0.02703	0.07600	0.02156	0.21390	0.07106	0.05834	0.02813	0.01668	0.01991	0.01263	0.00799	0.00881	0.00258	0.02972	0.00751	0.00448	0.03761
8	0.02428	0.04954	0.15707	0.07018	0.04888	0.02316	0.07559	0.29911	0.07476	0.03790	0.01852	0.02040	0.01361	0.00928	0.00909	0.00262	0.03970	0.00745	0.00616	0.01269
9	0.01272	0.01015	0.01499	0.01449	0.01578	0.01242	0.01144	0.01553	0.01327	0.01938	0.02072	0.03068	0.01943	0.05585	0.58752	0.01204	0.11293	0.00868	0.00434	0.00764
10	0.11770	0.06810	0.45737	0.01982	0.02932	0.01853	0.02386	0.02426	0.01640	0.02631	0.01553	0.02017	0.01229	0.05523	0.05837	0.00370	0.01179	0.00640	0.00389	0.01095
11	0.01049	0.00835	0.00943	0.00951	0.01181	0.00729	0.00709	0.01308	0.01988	0.02538	0.23549	0.14109	0.41351	0.02050	0.00994	0.00284	0.00429	0.03468	0.00811	0.00723
12	0.01899	0.01626	0.01724	0.01563	0.01995	0.01843	0.01212	0.03901	0.53685	0.03351	0.08558	0.03787	0.08713	0.01261	0.00868	0.00280	0.00615	0.01057	0.00844	0.01218
13	0.01797	0.01400	0.01781	0.01569	0.01819	0.01642	0.01247	0.17390	0.02043	0.02857	0.05935	0.03048	0.02176	0.08565	0.31220	0.00795	0.12336	0.00889	0.00565	0.00927
14	0.01805	0.01474	0.01731	0.01241	0.01975	0.01112	0.00994	0.02172	0.01749	0.05308	0.01550	0.01768	0.01264	0.00632	0.00624	0.00129	0.00619	0.00506	0.00514	0.72832
15	0.01597	0.01538	0.02624	0.08985	0.02882	0.01599	0.20435	0.02265	0.08933	0.02601	0.09316	0.08646	0.10865	0.01379	0.01120	0.00299	0.06750	0.06605	0.00607	0.00955
16	0.01428	0.00727	0.01071	0.01071	0.01071	0.00727	0.00708	0.01090	0.01090	0.01453	0.01516	0.02707	0.01541	0.07116	0.03308	0.71157	0.00727	0.00752	0.00370	0.00370
17	0.01318	0.01060	0.01529	0.01436	0.01667	0.01016	0.07641	0.07024	0.01923	0.02544	0.07563	0.44871	0.12854	0.02133	0.01016	0.00311	0.00610	0.01936	0.00745	0.00801
18	0.02185	0.04303	0.02727	0.07241	0.02751	0.06993	0.08521	0.16792	0.02110	0.02856	0.01524	0.02032	0.01277	0.01584	0.07676	0.00393	0.26737	0.00753	0.00495	0.01049
19	0.01723	0.01477	0.01723	0.01230	0.01969	0.01107	0.00984	0.02092	0.01723	0.02707	0.01477	0.01723	0.01230	0.00615	0.00615	0.00123	0.00615	0.00492	0.00492	0.75883
20	0.08124	0.01349	0.01873	0.08108	0.02280	0.01398	0.03363	0.02748	0.01916	0.29102	0.06878	0.10851	0.02572	0.04414	0.03102	0.00336	0.08733	0.01032	0.00749	0.01070
21	0.01710	0.01567	0.02526	0.56331	0.05156	0.01852	0.04483	0.06498	0.01838	0.02411	0.01522	0.02162	0.01145	0.00821	0.00820	0.00263	0.01067	0.00730	0.00414	0.06683
22	0.01855	0.01886	0.02466	0.06779	0.06926	0.07267	0.01807	0.02084	0.01449	0.02071	0.01430	0.07027	0.01440	0.01402	0.02185	0.00336	0.49423	0.00838	0.00403	0.00925

[dist]
# distance from previous block
# <min> <max>
0	8

[block]
# block no. 1 follows, 22 sequences, length 49
# corresponding to MSA columns:
# 135-148,159-176,189-200,203-207
name=unknown_B
#
# <colnr> <probs for GDERKNQSTAVLIFYWHMCP>
#	G	D	E	R	K	N	Q	S	T	A	V	L	I	F	Y	W	H	M	C	P
0	0.02176	0.02008	0.04909	0.02961	0.22453	0.05583	0.07642	0.03178	0.19710	0.08562	0.06147	0.02642	0.02093	0.00983	0.00964	0.00268	0.05018	0.00859	0.00618	0.01225
1	0.01901	0.09064	0.27153	0.03405	0.26386	0.02063	0.10709	0.02574	0.01826	0.02608	0.01512	0.01892	0.01185	0.00746	0.00799	0.00247	0.01111	0.00691	0.00388	0.03740
2	0.01826	0.01838	0.02714	0.02251	0.02364	0.02432	0.07216	0.02063	0.01357	0.02094	0.01163	0.01851	0.01113	0.01344	0.02464	0.00344	0.59753	0.00738	0.00375	0.04701
3	0.01902	0.01471	0.01741	0.01253	0.01982	0.01118	0.01006	0.02267	0.01781	0.08389	0.01638	0.01822	0.01304	0.00652	0.00635	0.00135	0.00623	0.00523	0.00540	0.69218
4	0.02972	0.01735	0.02035	0.01618	0.02188	0.01782	0.01307	0.24559	0.12386	0.26206	0.02594	0.02498	0.01811	0.01180	0.01041	0.07016	0.00770	0.00795	0.00846	0.04659
5	0.01753	0.10072	0.54899	0.02544	0.09398	0.02055	0.02872	0.02610	0.01761	0.02578	0.01468	0.01745	0.01079	0.00778	0.00770	0.00254	0.01174	0.00611	0.00357	0.01222
6	0.02883	0.01419	0.03711	0.01430	0.01970	0.01243	0.01185	0.03470	0.09917	0.42636	0.11180	0.06215	0.06483	0.01238	0.00870	0.00265	0.00653	0.01036	0.00946	0.01249
7	0.01783	0.06502	0.34444	0.02734	0.03715	0.02003	0.27742	0.02562	0.01829	0.02585	0.01710	0.05404	0.01365	0.00840	0.00870	0.00270	0.01246	0.00847	0.00401	0.01147
8	0.01176	0.00849	0.01110	0.01045	0.01241	0.00784	0.00784	0.01568	0.02352	0.03331	0.65184	0.06206	0.07839	0.01698	0.00980	0.00261	0.00392	0.01502	0.00914	0.00784
9	0.01398	0.01200	0.01866	0.02455	0.22139	0.01154	0.03103	0.01714	0.01837	0.02516	0.12711	0.31321	0.09714	0.01769	0.00962	0.00290	0.00653	0.01618	0.00666	0.00913
10	0.00995	0.00834	0.00865	0.00873	0.01134	0.00704	0.00649	0.01211	0.01900	0.02297	0.11355	0.11939	0.58174	0.02114	0.00987	0.00283	0.00423	0.01779	0.00779	0.00704
11	0.02457	0.01925	0.02059	0.01745	0.02279	0.02176	0.01387	0.21316	0.43899	0.06819	0.02975	0.02767	0.02189	0.01085	0.00841	0.00271	0.00734	0.00879	0.00849	0.01348
12	0.03403	0.01342	0.01824	0.01423	0.02009	0.01165	0.01165	0.03734	0.02374	0.58214	0.11139	0.03257	0.02791	0.01113	0.00854	0.00258	0.00667	0.00920	0.01014	0.01334
13	0.11191	0.03955	0.58210	0.02206	0.03343	0.01921	0.02794	0.02607	0.01711	0.02770	0.01448	0.01703	0.01033	0.00787	0.00754	0.00262	0.01153	0.00593	0.00372	0.01186
14	0.76672	0.01607	0.01221	0.01092	0.01607	0.01864	0.00900	0.02442	0.01414	0.03727	0.01157	0.01350	0.00900	0.00771	0.00514	0.00257	0.00643	0.00450	0.00514	0.00900
15	0.01836	0.02365	0.16891	0.11063	0.07492	0.01907	0.25335	0.02472	0.01850	0.04847	0.05052	0.02660	0.01728	0.00943	0.01063	0.00284	0.06948	0.03718	0.00458	0.01088
16	0.01888	0.12294	0.40216	0.02507	0.03531	0.05825	0.17072	0.02658	0.01829	0.02519	0.01482	0.01803	0.01105	0.00762	0.00800	0.00254	0.01241	0.00676	0.00372	0.01167
17	0.01040	0.00743	0.00996	0.01188	0.01249	0.00699	0.00819	0.01205	0.01618	0.02152	0.04563	0.65088	0.05434	0.02577	0.01068	0.00341	0.00506	0.07262	0.00771	0.00682
18	0.01557	0.01352	0.01853	0.17625	0.08068	0.01505	0.01491	0.02382	0.15265	0.02743	0.15543	0.04530	0.11233	0.01381	0.01005	0.00287	0.04173	0.06367	0.00668	0.00970
19	0.01008	0.00739	0.00948	0.01115	0.01194	0.00678	0.00752	0.01161	0.01631	0.02137	0.05092	0.61927	0.13498	0.02536	0.01050	0.00330	0.00474	0.02280	0.00771	0.00678
20	0.01810	0.02061	0.06890	0.08467	0.03605	0.02102	0.33232	0.02328	0.01706	0.02391	0.01677	0.06556	0.01467	0.01054	0.01457	0.00306	0.20492	0.00960	0.00419	0.01020
21	0.01012	0.00723	0.00964	0.01157	0.01205	0.00675	0.00771	0.01157	0.01591	0.02121	0.04579	0.70262	0.05495	0.02603	0.01060	0.00337	0.00482	0.02362	0.00771	0.00675
22	0.01797	0.03057	0.31915	0.07216	0.07358	0.02038	0.23612	0.02550	0.01787	0.02559	0.01526	0.01976	0.01146	0.00815	0.01025	0.00278	0.07050	0.00766	0.00381	0.01148
23	0.01828	0.01741	0.02959	0.34960	0.37546	0.01914	0.02436	0.02349	0.01784	0.02437	0.01522	0.02130	0.01218	0.00783	0.00826	0.00261	0.01043	0.00739	0.00391	0.01132
24	0.03103	0.03959	0.02354	0.02140	0.02568	0.67469	0.01605	0.03317	0.02354	0.02033	0.01284	0.01498	0.01070	0.00856	0.00749	0.00214	0.01498	0.00535	0.00428	0.00963
25	0.01759	0.07403	0.52910	0.02767	0.13694	0.02007	0.02898	0.02610	0.01773	0.02609	0.01485	0.01782	0.01096	0.00777	0.00781	0.00256	0.01171	0.00626	0.00361	0.01234
26	0.01870	0.02742	0.20905	0.03077	0.03940	0.02098	0.41151	0.02590	0.01841	0.02590	0.01575	0.02072	0.01190	0.00795	0.01096	0.00284	0.07799	0.00860	0.00397	0.01129
27	0.01012	0.00723	0.00964	0.01157	0.01205	0.00675	0.00771	0.01157	0.01591	0.02121	0.04579	0.70262	0.05495	0.02603	0.01060	0.00337	0.00482	0.02362	0.00771	0.00675
28	0.01066	0.00746	0.00948	0.01087	0.01122	0.00711	0.00697	0.01171	0.01485	0.01980	0.04036	0.52327	0.04810	0.21472	0.01937	0.00467	0.00571	0.02043	0.00697	0.00627
29	0.03475	0.01583	0.02009	0.01550	0.02175	0.01492	0.01276	0.16653	0.02707	0.49819	0.06132	0.02818	0.02210	0.01055	0.00842	0.00256	0.00736	0.00850	0.00980	0.01382
30	0.01926	0.01617	0.01869	0.01387	0.02066	0.01413	0.01118	0.09916	0.04999	0.03030	0.01615	0.01829	0.01310	0.00731	0.00760	0.00159	0.04111	0.00558	0.00546	0.59041
31	0.50342	0.05763	0.09883	0.07420	0.02336	0.07481	0.01388	0.02514	0.01573	0.03209	0.01238	0.01490	0.00961	0.00783	0.00598	0.00252	0.00844	0.00503	0.00465	0.00957
32	0.01188	0.00886	0.01313	0.01313	0.01453	0.01026	0.01011	0.01469	0.01329	0.01912	0.02246	0.03377	0.02126	0.09591	0.64219	0.01308	0.02151	0.00907	0.00448	0.00729
33	0.01975	0.02201	0.04673	0.03741	0.13514	0.02082	0.53616	0.02644	0.01950	0.02669	0.01663	0.02213	0.01269	0.00706	0.00957	0.00275	0.01339	0.00944	0.00419	0.01150
34	0.01688	0.06961	0.64029	0.02330	0.03537	0.01983	0.03004	0.02625	0.01751	0.02604	0.01477	0.01737	0.01053	0.00786	0.00779	0.00260	0.01214	0.00607	0.00351	0.01221
35	0.01154	0.00983	0.01010	0.00979	0.01283	0.00910	0.00741	0.01693	0.11231	0.02483	0.10519	0.07172	0.53002	0.01937	0.00961	0.00280	0.00455	0.01619	0.00790	0.00797
36	0.01443	0.00722	0.01082	0.01082	0.01082	0.00722	0.00722	0.01082	0.01082	0.01443	0.01443	0.02525	0.01443	0.02886	0.03247	0.75830	0.00722	0.00722	0.00361	0.00361
37	0.01188	0.00887	0.01318	0.01318	0.01460	0.01029	0.01017	0.01472	0.01330	0.01916	0.02241	0.03352	0.02115	0.08870	0.64926	0.01313	0.02167	0.00903	0.00447	0.00732
38	0.10510	0.06500	0.02311	0.01754	0.02342	0.06632	0.01433	0.34144	0.18633	0.04221	0.02159	0.02133	0.01599	0.00979	0.00778	0.00252	0.00857	0.00732	0.00746	0.01284
39	0.01977	0.01521	0.01779	0.01306	0.02016	0.01230	0.01048	0.04598	0.05731	0.08583	0.01776	0.01918	0.01393	0.00698	0.00657	0.00150	0.00637	0.00560	0.00575	0.61849
40	0.07048	0.29323	0.10659	0.01790	0.02453	0.23712	0.01652	0.07949	0.02105	0.04425	0.01373	0.01540	0.01116	0.00805	0.00667	0.00213	0.01108	0.00532	0.00449	0.01082
41	0.76672	0.01607	0.01221	0.01092	0.01607	0.01864	0.00900	0.02442	0.01414	0.03727	0.01157	0.01350	0.00900	0.00771	0.00514	0.00257	0.00643	0.00450	0.00514	0.00900
42	0.07745	0.01799	0.05129	0.01551	0.02126	0.05592	0.01309	0.11340	0.07339	0.32745	0.11755	0.02996	0.02661	0.01090	0.00828	0.00256	0.00756	0.00874	0.00866	0.01244
43	0.01575	0.01646	0.06344	0.64809	0.05594	0.01851	0.02353	0.02153	0.01667	0.02153	0.01477	0.02187	0.01104	0.00828	0.00828	0.00276	0.01115	0.00731	0.00368	0.00941
44	0.01842	0.01842	0.03393	0.16917	0.25338	0.01918	0.20319	0.02362	0.01796	0.02472	0.01731	0.02622	0.01482	0.04252	0.01166	0.00303	0.05227	0.03505	0.00423	0.01089
45	0.02245	0.01691	0.01834	0.01541	0.01943	0.01871	0.01179	0.28407	0.17134	0.03617	0.02512	0.03314	0.02175	0.21609	0.04829	0.00468	0.00881	0.00933	0.00721	0.01095
46	0.03025	0.02125	0.02310	0.01790	0.02394	0.02320	0.01457	0.53087	0.03554	0.09315	0.02143	0.02363	0.01603	0.07247	0.01135	0.00300	0.00889	0.00795	0.00816	0.01331
47	0.02701	0.02137	0.02323	0.10449	0.05838	0.07711	0.01595	0.37839	0.03066	0.06834	0.02274	0.02526	0.04784	0.04932	0.01022	0.00283	0.00951	0.00810	0.00705	0.01220
48	0.01678	0.01434	0.01705	0.03388	0.02046	0.01107	0.01015	0.02040	0.01713	0.02655	0.01651	0.05589	0.01466	0.00734	0.00647	0.00140	0.00623	0.00605	0.00504	0.69260

[dist]
# distance from previous block
# <min> <max>
0	2

[block]
# block no. 2 follows, 22 sequences, length 47
# corresponding to MSA columns:
# 216-222,225-264
name=unknown_C
#
# <colnr> <probs for GDERKNQSTAVLIFYWHMCP>
#	G	D	E	R	K	N	Q	S	T	A	V	L	I	F	Y	W	H	M	C	P
0	0.02653	0.08632	0.02503	0.02110	0.06201	0.34762	0.01577	0.11720	0.02333	0.02587	0.01787	0.02001	0.04755	0.00976	0.00954	0.00232	0.08087	0.00657	0.00497	0.04976
1	0.02118	0.06045	0.02498	0.15359	0.06982	0.04374	0.06062	0.05539	0.29256	0.06282	0.02419	0.02519	0.01821	0.00946	0.00818	0.00261	0.00876	0.00814	0.00642	0.04369
2	0.25451	0.17843	0.21566	0.04061	0.02560	0.02224	0.01780	0.06251	0.04009	0.05275	0.01473	0.01652	0.01120	0.00801	0.00654	0.00242	0.00907	0.00557	0.00474	0.01099
3	0.02178	0.02292	0.02502	0.02153	0.02289	0.15805	0.01757	0.06703	0.01685	0.02242	0.01196	0.01765	0.01110	0.01299	0.02184	0.00325	0.50459	0.00689	0.00411	0.00957
4	0.01549	0.00774	0.00774	0.00774	0.00968	0.00774	0.00581	0.01936	0.01742	0.03097	0.02710	0.03097	0.02129	0.00968	0.00581	0.00194	0.00387	0.00774	0.75416	0.00774
5	0.01191	0.00823	0.01021	0.01033	0.01075	0.00858	0.00659	0.01277	0.01264	0.01724	0.02633	0.08760	0.02923	0.49863	0.20549	0.00916	0.01156	0.01194	0.00504	0.00576
6	0.01188	0.00884	0.01304	0.01304	0.01441	0.01021	0.00999	0.01463	0.01326	0.01905	0.02254	0.03422	0.02146	0.10936	0.62901	0.01297	0.02122	0.00913	0.00449	0.00724
7	0.01818	0.01818	0.02545	0.02181	0.02181	0.02545	0.01818	0.01999	0.01272	0.01999	0.01091	0.01818	0.01091	0.01454	0.02726	0.00364	0.69284	0.00727	0.00364	0.00909
8	0.76672	0.01607	0.01221	0.01092	0.01607	0.01864	0.00900	0.02442	0.01414	0.03727	0.01157	0.01350	0.00900	0.00771	0.00514	0.00257	0.00643	0.00450	0.00514	0.00900
9	0.04879	0.11836	0.19279	0.01913	0.06259	0.01926	0.01787	0.09721	0.07957	0.11955	0.11818	0.02694	0.02439	0.01005	0.00792	0.00249	0.00854	0.00807	0.00644	0.01186
10	0.01176	0.00849	0.01110	0.01045	0.01241	0.00784	0.00784	0.01568	0.02352	0.03331	0.65184	0.06206	0.07839	0.01698	0.00980	0.00261	0.00392	0.01502	0.00914	0.00784
11	0.04560	0.01723	0.09477	0.11673	0.15262	0.01461	0.05356	0.02360	0.01892	0.12462	0.08668	0.16184	0.02831	0.01268	0.00883	0.00276	0.00840	0.01143	0.00620	0.01059
12	0.72457	0.01758	0.04889	0.01164	0.01718	0.01867	0.01022	0.02453	0.01433	0.03666	0.01176	0.01372	0.00908	0.00772	0.00530	0.00257	0.00676	0.00459	0.00505	0.00918
13	0.01527	0.01460	0.11324	0.01346	0.01755	0.01020	0.01245	0.01914	0.01948	0.10041	0.14273	0.10528	0.19598	0.05390	0.01143	0.00323	0.00667	0.12872	0.00743	0.00881
14	0.01746	0.11340	0.53277	0.02282	0.03409	0.02051	0.06297	0.02593	0.01758	0.02562	0.01465	0.01735	0.01074	0.00768	0.00765	0.00249	0.01174	0.00612	0.00362	0.04481
15	0.49663	0.16965	0.05834	0.01277	0.01850	0.02104	0.01180	0.02404	0.01535	0.03171	0.01444	0.02032	0.01266	0.00885	0.00587	0.00250	0.00742	0.05375	0.00490	0.00945
16	0.03158	0.02327	0.02493	0.01911	0.02576	0.02576	0.01579	0.62852	0.03906	0.05236	0.01995	0.01995	0.01413	0.00997	0.00831	0.00249	0.00914	0.00748	0.00831	0.01413
17	0.07471	0.02481	0.02402	0.01891	0.02518	0.10360	0.01542	0.52122	0.03572	0.04761	0.01860	0.01897	0.01341	0.00967	0.00803	0.00246	0.00969	0.00705	0.00764	0.01328
18	0.01281	0.00872	0.01144	0.01063	0.01277	0.00802	0.00802	0.01670	0.02353	0.05928	0.62627	0.06066	0.07600	0.01671	0.00974	0.00261	0.00405	0.01475	0.00919	0.00810
19	0.02907	0.01232	0.01665	0.01339	0.01838	0.01080	0.01080	0.03251	0.02369	0.45987	0.23179	0.03914	0.03915	0.01244	0.00882	0.00258	0.00606	0.01050	0.00992	0.01211
20	0.01117	0.00820	0.01047	0.01047	0.01219	0.00750	0.00763	0.01433	0.02129	0.02937	0.45152	0.20687	0.13920	0.01947	0.00998	0.00280	0.00415	0.01723	0.00866	0.00750
21	0.03153	0.02462	0.02482	0.01930	0.02576	0.07931	0.01581	0.57939	0.03778	0.04971	0.01936	0.01954	0.01385	0.00986	0.00824	0.00246	0.00962	0.00730	0.00798	0.01376
22	0.07588	0.01951	0.01870	0.01684	0.02154	0.07449	0.01309	0.04180	0.54455	0.03375	0.03046	0.02840	0.02296	0.01079	0.00813	0.00274	0.00726	0.00870	0.00787	0.01256
23	0.01549	0.00774	0.00774	0.00774	0.00968	0.00774	0.00581	0.01936	0.01742	0.03097	0.02710	0.03097	0.02129	0.00968	0.00581	0.00194	0.00387	0.00774	0.75416	0.00774
24	0.08454	0.02101	0.02258	0.05284	0.02556	0.04809	0.01487	0.41636	0.03230	0.14422	0.02161	0.04173	0.01574	0.01021	0.00812	0.00254	0.00882	0.00781	0.00797	0.01309
25	0.76672	0.01607	0.01221	0.01092	0.01607	0.01864	0.00900	0.02442	0.01414	0.03727	0.01157	0.01350	0.00900	0.00771	0.00514	0.00257	0.00643	0.00450	0.00514	0.00900
26	0.01010	0.00732	0.00954	0.01132	0.01198	0.00677	0.00760	0.01160	0.01614	0.02130	0.04879	0.65395	0.10168	0.02564	0.01054	0.00333	0.00477	0.02314	0.00771	0.00677
27	0.01599	0.01507	0.02546	0.64856	0.09437	0.01854	0.02322	0.02149	0.01675	0.02159	0.01482	0.02205	0.01120	0.00825	0.00830	0.00275	0.01100	0.00738	0.00372	0.00947
28	0.76672	0.01607	0.01221	0.01092	0.01607	0.01864	0.00900	0.02442	0.01414	0.03727	0.01157	0.01350	0.00900	0.00771	0.00514	0.00257	0.00643	0.00450	0.00514	0.00900
29	0.01126	0.00804	0.01094	0.01286	0.01384	0.00772	0.00968	0.01353	0.01702	0.02248	0.04516	0.49117	0.05247	0.02496	0.01091	0.00353	0.00580	0.22387	0.00769	0.00706
30	0.00994	0.00842	0.00858	0.00854	0.01129	0.00706	0.00640	0.01215	0.01921	0.02310	0.11855	0.07887	0.61805	0.02079	0.00982	0.00279	0.00419	0.01738	0.00780	0.00706
31	0.02717	0.01988	0.02140	0.01739	0.02306	0.02206	0.01405	0.35221	0.24591	0.08276	0.02599	0.02497	0.01886	0.01042	0.00821	0.00258	0.00780	0.00821	0.05367	0.01340
32	0.01048	0.00759	0.00990	0.01112	0.01208	0.00701	0.00766	0.01253	0.01783	0.02406	0.18695	0.51848	0.09620	0.02366	0.01037	0.00317	0.00458	0.02128	0.00804	0.00701
33	0.03108	0.03825	0.02366	0.02121	0.02569	0.62114	0.01603	0.08230	0.02482	0.02297	0.01343	0.01539	0.01098	0.00868	0.00756	0.00217	0.01450	0.00553	0.00461	0.01000
34	0.02566	0.07897	0.05086	0.05958	0.02553	0.09664	0.01566	0.13515	0.20543	0.12753	0.02316	0.02322	0.01711	0.01019	0.00959	0.00262	0.06635	0.00760	0.00691	0.01223
35	0.03068	0.02282	0.02442	0.01893	0.02542	0.02534	0.01557	0.58030	0.08875	0.05090	0.02109	0.02086	0.01505	0.01008	0.00832	0.00252	0.00893	0.00764	0.00832	0.01405
36	0.01322	0.00884	0.01150	0.01099	0.01320	0.00811	0.00840	0.01681	0.02242	0.07018	0.49184	0.10200	0.11258	0.01784	0.00988	0.00276	0.00446	0.05796	0.00892	0.00809
37	0.02826	0.02249	0.02301	0.01857	0.02450	0.05832	0.01501	0.42114	0.21970	0.04537	0.02375	0.02301	0.01733	0.01029	0.00831	0.00257	0.00867	0.00794	0.00814	0.01360
38	0.01187	0.00890	0.01335	0.01335	0.01483	0.01038	0.01038	0.01483	0.01335	0.01928	0.02225	0.03264	0.02077	0.06231	0.67512	0.01335	0.02225	0.00890	0.00445	0.00742
39	0.01094	0.00783	0.01054	0.01219	0.01311	0.00742	0.00885	0.01312	0.01735	0.02321	0.10929	0.51402	0.05600	0.02446	0.01069	0.00338	0.00529	0.13740	0.00785	0.00704
40	0.01002	0.00842	0.00869	0.00863	0.01134	0.00710	0.00647	0.01231	0.01941	0.02356	0.14265	0.07811	0.59366	0.02062	0.00982	0.00279	0.00418	0.01727	0.00786	0.00710
41	0.01819	0.03904	0.56007	0.02439	0.03590	0.01906	0.09435	0.02717	0.01813	0.06370	0.01616	0.01870	0.01134	0.00794	0.00813	0.00265	0.01216	0.00667	0.00398	0.01227
42	0.01723	0.01477	0.01723	0.01230	0.01969	0.01107	0.00984	0.02092	0.01723	0.02707	0.01477	0.01723	0.01230	0.00615	0.00615	0.00123	0.00615	0.00492	0.00492	0.75883
43	0.01019	0.00728	0.00970	0.01152	0.01207	0.00679	0.00772	0.01175	0.01624	0.02173	0.07206	0.67486	0.05596	0.02563	0.01057	0.00334	0.00478	0.02324	0.00777	0.00679
44	0.02359	0.01479	0.01828	0.01390	0.01999	0.01300	0.01126	0.06947	0.02102	0.21310	0.08157	0.02500	0.02112	0.00917	0.00856	0.00199	0.04763	0.00721	0.00705	0.37228
45	0.10637	0.09432	0.04464	0.01636	0.02166	0.18985	0.01355	0.11009	0.06561	0.09880	0.11034	0.02487	0.02295	0.01000	0.00759	0.00234	0.00919	0.00747	0.00648	0.03751
46	0.06305	0.01768	0.02411	0.06782	0.02611	0.01963	0.08474	0.21815	0.02387	0.10463	0.04108	0.02344	0.01643	0.01507	0.05353	0.06576	0.10970	0.00798	0.00628	0.01093

[dist]
# distance from previous block
# <min> <max>
1	14

[block]
# block no. 3 follows, 22 sequences, length 24
# corresponding to MSA columns:
# 279-302
name=unknown_D
#
# <colnr> <probs for GDERKNQSTAVLIFYWHMCP>
#	G	D	E	R	K	N	Q	S	T	A	V	L	I	F	Y	W	H	M	C	P
0	0.22530	0.06665	0.02888	0.07294	0.02971	0.01974	0.20198	0.07049	0.03730	0.08137	0.01667	0.01940	0.01246	0.00783	0.00752	0.00248	0.00953	0.00706	0.00534	0.07735
1	0.01818	0.01818	0.02545	0.02181	0.02181	0.02545	0.01818	0.01999	0.01272	0.01999	0.01091	0.01818	0.01091	0.01454	0.02726	0.00364	0.69284	0.00727	0.00364	0.00909
2	0.03727	0.01414	0.01928	0.01478	0.02121	0.01221	0.01221	0.04049	0.02378	0.66198	0.03277	0.02828	0.02056	0.01028	0.00835	0.00257	0.00707	0.00835	0.01028	0.01414
3	0.01160	0.00849	0.01089	0.01029	0.01232	0.00777	0.00772	0.01538	0.02315	0.03245	0.60662	0.06348	0.12414	0.01731	0.00980	0.00263	0.00394	0.01522	0.00903	0.00777
4	0.01206	0.00814	0.00949	0.00949	0.00963	0.00828	0.00556	0.01235	0.01221	0.01642	0.02579	0.05221	0.02927	0.64412	0.10493	0.00858	0.00946	0.01177	0.00498	0.00527
5	0.01737	0.01736	0.02516	0.59686	0.07973	0.08156	0.02250	0.02256	0.01738	0.02139	0.01462	0.02139	0.01113	0.00829	0.00822	0.00270	0.01140	0.00719	0.00377	0.00943
6	0.03461	0.01515	0.01951	0.01531	0.02150	0.01413	0.01253	0.07206	0.11252	0.54046	0.03224	0.02822	0.02091	0.01041	0.00837	0.00260	0.00711	0.00846	0.00992	0.01400
7	0.06965	0.05738	0.39705	0.09087	0.11673	0.01987	0.08285	0.02556	0.01756	0.02648	0.01481	0.01840	0.01101	0.00775	0.00787	0.00260	0.01149	0.00659	0.00378	0.01171
8	0.02659	0.02171	0.02493	0.15020	0.03135	0.05623	0.01755	0.39630	0.03026	0.04022	0.01733	0.01989	0.01292	0.01021	0.01090	0.00269	0.10459	0.00733	0.00656	0.01225
9	0.01057	0.00756	0.01010	0.01170	0.01247	0.00709	0.00814	0.01251	0.01712	0.02303	0.12339	0.57604	0.05743	0.02464	0.01056	0.00331	0.00491	0.06459	0.00789	0.00695
10	0.01835	0.01789	0.02934	0.23616	0.26399	0.02104	0.04933	0.02266	0.01646	0.02326	0.01406	0.02044	0.01185	0.00971	0.01379	0.00291	0.20674	0.00746	0.00385	0.01070
11	0.01100	0.00823	0.01036	0.01179	0.01300	0.00784	0.00841	0.01399	0.05038	0.02252	0.05072	0.50628	0.14259	0.02415	0.01046	0.00331	0.00513	0.08486	0.00775	0.00723
12	0.01785	0.01636	0.02283	0.01675	0.02363	0.01414	0.10657	0.02299	0.05088	0.02692	0.01584	0.01884	0.01296	0.00714	0.00831	0.00173	0.05510	0.00609	0.00491	0.55017
13	0.12985	0.01951	0.07049	0.12337	0.10331	0.07526	0.01654	0.04447	0.10491	0.06212	0.05262	0.03245	0.06385	0.01106	0.00816	0.00270	0.00875	0.05406	0.00596	0.01055
14	0.70968	0.01662	0.01320	0.01156	0.01682	0.01919	0.00952	0.07129	0.01607	0.03844	0.01222	0.01400	0.00939	0.00789	0.00539	0.00256	0.00664	0.00473	0.00539	0.00939
15	0.02409	0.01965	0.02188	0.05425	0.02503	0.02277	0.01505	0.25004	0.33909	0.03908	0.02589	0.02548	0.01935	0.01092	0.00998	0.00277	0.06558	0.00842	0.00774	0.01295
16	0.01549	0.00774	0.00774	0.00774	0.00968	0.00774	0.00581	0.01936	0.01742	0.03097	0.02710	0.03097	0.02129	0.00968	0.00581	0.00194	0.00387	0.00774	0.75416	0.00774
17	0.28225	0.01702	0.01562	0.01464	0.01822	0.11355	0.04036	0.02322	0.06622	0.02873	0.04435	0.20210	0.02780	0.01433	0.00804	0.00285	0.00770	0.05800	0.00621	0.00880
18	0.01829	0.01850	0.02727	0.02283	0.02349	0.02510	0.06534	0.02051	0.01326	0.02051	0.01136	0.01850	0.01104	0.01396	0.02591	0.00357	0.64017	0.00747	0.00368	0.00925
19	0.01628	0.01551	0.02299	0.13299	0.02693	0.01956	0.04514	0.01910	0.01454	0.02118	0.01781	0.12167	0.01811	0.01629	0.04723	0.00365	0.36337	0.00975	0.00441	0.06349
20	0.01773	0.01745	0.02461	0.06905	0.02401	0.02376	0.01788	0.01994	0.01323	0.02037	0.01176	0.01894	0.01133	0.01543	0.04823	0.00381	0.58917	0.00723	0.00373	0.04234
21	0.52743	0.01784	0.01751	0.06776	0.02259	0.05271	0.05392	0.05568	0.01713	0.08069	0.01421	0.01628	0.01060	0.00805	0.00623	0.00258	0.00795	0.00557	0.00545	0.00983
22	0.08409	0.19068	0.02769	0.01980	0.05404	0.29915	0.01539	0.08201	0.07101	0.02570	0.01476	0.01662	0.01215	0.00875	0.00801	0.00227	0.04663	0.00578	0.00482	0.01064
23	0.09263	0.02544	0.17400	0.02426	0.10638	0.07239	0.04973	0.05753	0.04636	0.06068	0.04673	0.02115	0.01558	0.01009	0.01211	0.00279	0.15880	0.00727	0.00496	0.01113

[dist]
# distance from previous block
# <min> <max>
1	5

[block]
# block no. 4 follows, 22 sequences, length 13
# corresponding to MSA columns:
# 308-320
name=unknown_E
#
# <colnr> <probs for GDERKNQSTAVLIFYWHMCP>
#	G	D	E	R	K	N	Q	S	T	A	V	L	I	F	Y	W	H	M	C	P
0	0.10761	0.18495	0.32348	0.02028	0.02881	0.06875	0.04984	0.02573	0.01710	0.02517	0.01338	0.01623	0.01051	0.00826	0.00868	0.00249	0.06810	0.00578	0.00381	0.01103
1	0.24318	0.02103	0.06812	0.14733	0.12400	0.02014	0.03400	0.07256	0.02140	0.09154	0.04946	0.02668	0.01895	0.01138	0.00912	0.00334	0.00992	0.00820	0.00683	0.01281
2	0.01026	0.00739	0.00950	0.01112	0.01174	0.00687	0.00738	0.01164	0.01584	0.02089	0.04724	0.60107	0.10022	0.08069	0.01310	0.00371	0.00503	0.02220	0.00750	0.00663
3	0.11266	0.11024	0.11029	0.02232	0.07071	0.28100	0.06287	0.06063	0.02110	0.05438	0.01457	0.01675	0.01141	0.00816	0.00733	0.00232	0.01184	0.00597	0.00466	0.01082
4	0.02526	0.49019	0.16933	0.01919	0.02713	0.06955	0.01906	0.02794	0.01979	0.02480	0.01662	0.02028	0.01465	0.01018	0.00786	0.00277	0.01116	0.00628	0.00507	0.01290
5	0.01141	0.00777	0.00926	0.00992	0.01008	0.00761	0.00595	0.01191	0.01339	0.01785	0.03287	0.27550	0.03864	0.47539	0.03148	0.00646	0.00695	0.01602	0.00595	0.00562
6	0.01459	0.01158	0.01193	0.01190	0.01472	0.00979	0.00858	0.01534	0.02080	0.02589	0.07788	0.10461	0.53784	0.04935	0.01273	0.00380	0.00608	0.04461	0.00879	0.00918
7	0.11488	0.06942	0.02835	0.12500	0.04656	0.02168	0.12774	0.05860	0.01688	0.02565	0.01445	0.02013	0.01216	0.01482	0.07630	0.00389	0.20197	0.00735	0.00431	0.00985
8	0.62643	0.01535	0.01275	0.01154	0.01629	0.01750	0.00951	0.04891	0.01624	0.03675	0.06192	0.02301	0.01711	0.00957	0.00607	0.00266	0.00644	0.04717	0.00575	0.00903
9	0.01546	0.01004	0.01306	0.01355	0.01614	0.00965	0.01133	0.01955	0.04327	0.09376	0.09650	0.07809	0.14662	0.04486	0.01172	0.00354	0.00669	0.34978	0.00800	0.00837
10	0.02548	0.01218	0.01641	0.01473	0.01903	0.01131	0.01234	0.03004	0.05420	0.34211	0.08696	0.05543	0.03559	0.01558	0.00963	0.00305	0.00700	0.22862	0.00912	0.01117
11	0.02267	0.01933	0.02807	0.02442	0.09395	0.02004	0.15830	0.26070	0.07581	0.03646	0.02740	0.10641	0.06415	0.01178	0.00904	0.00271	0.00930	0.01078	0.00680	0.01189
12	0.02677	0.01805	0.02072	0.01667	0.02299	0.01581	0.01282	0.09849	0.07371	0.16452	0.02692	0.07586	0.02224	0.01217	0.00918	0.00277	0.00803	0.00903	0.00828	0.35495

[dist]
# distance from previous block
# <min> <max>
1	6

[block]
# block no. 5 follows, 22 sequences, length 90
# corresponding to MSA columns:
# 327-416
name=unknown_F
#
# <colnr> <probs for GDERKNQSTAVLIFYWHMCP>
#	G	D	E	R	K	N	Q	S	T	A	V	L	I	F	Y	W	H	M	C	P
0	0.01592	0.01500	0.02533	0.65807	0.08543	0.01852	0.02319	0.02143	0.01672	0.02150	0.01481	0.02207	0.01117	0.00826	0.00830	0.00275	0.01102	0.00738	0.00371	0.00941
1	0.09443	0.03654	0.48038	0.02435	0.08963	0.04823	0.02645	0.02706	0.01790	0.05885	0.01543	0.01783	0.01112	0.00798	0.00765	0.00258	0.01133	0.00616	0.00410	0.01200
2	0.01918	0.01833	0.03122	0.23176	0.48626	0.01937	0.02481	0.02428	0.01826	0.02546	0.01538	0.02101	0.01257	0.00766	0.00825	0.00255	0.01021	0.00740	0.00399	0.01204
3	0.01569	0.01477	0.02492	0.68808	0.05722	0.01846	0.02307	0.02123	0.01661	0.02123	0.01477	0.02215	0.01107	0.00831	0.00831	0.00277	0.01107	0.00738	0.00369	0.00923
4	0.02076	0.53815	0.20574	0.01668	0.02514	0.02933	0.01852	0.02525	0.01705	0.02131	0.01243	0.01443	0.01063	0.00731	0.00600	0.00200	0.00977	0.00488	0.00354	0.01108
5	0.01111	0.00807	0.01051	0.01101	0.01247	0.00747	0.00800	0.01398	0.02012	0.02762	0.35514	0.30649	0.10294	0.02097	0.01020	0.00298	0.00448	0.05063	0.00843	0.00737
6	0.06452	0.02251	0.02284	0.01834	0.02426	0.07655	0.01509	0.46361	0.03395	0.07662	0.02191	0.02671	0.01715	0.01101	0.00840	0.00260	0.00925	0.06395	0.00787	0.01290
7	0.06101	0.02002	0.03729	0.18683	0.11932	0.02056	0.32165	0.07961	0.02028	0.02834	0.01618	0.02141	0.01226	0.00766	0.00887	0.00271	0.01195	0.00844	0.00450	0.01113
8	0.03151	0.03236	0.02387	0.02025	0.02551	0.40265	0.01578	0.25620	0.02936	0.06068	0.01638	0.01743	0.01242	0.00916	0.00784	0.00229	0.01245	0.00628	0.00605	0.01151
9	0.01366	0.01007	0.01401	0.04865	0.01914	0.01036	0.01358	0.01832	0.04634	0.02494	0.04217	0.11757	0.04534	0.02186	0.01114	0.00371	0.00763	0.51609	0.00749	0.00793
10	0.02056	0.01974	0.03372	0.05099	0.65622	0.01974	0.02550	0.02550	0.01892	0.02714	0.01563	0.02056	0.01316	0.00740	0.00822	0.00247	0.00987	0.00740	0.00411	0.01316
11	0.01187	0.00890	0.01335	0.01335	0.01483	0.01038	0.01038	0.01483	0.01335	0.01928	0.02225	0.03264	0.02077	0.06231	0.67512	0.01335	0.02225	0.00890	0.00445	0.00742
12	0.01176	0.00849	0.01110	0.01045	0.01241	0.00784	0.00784	0.01568	0.02352	0.03331	0.65184	0.06206	0.07839	0.01698	0.00980	0.00261	0.00392	0.01502	0.00914	0.00784
13	0.01666	0.04297	0.66500	0.02368	0.03596	0.01929	0.03069	0.02631	0.01754	0.02631	0.01491	0.01754	0.01052	0.00789	0.00789	0.00263	0.01228	0.00614	0.00351	0.01228
14	0.01012	0.00723	0.00964	0.01157	0.01205	0.00675	0.00771	0.01157	0.01591	0.02121	0.04579	0.70262	0.05495	0.02603	0.01060	0.00337	0.00482	0.02362	0.00771	0.00675
15	0.01088	0.00777	0.01051	0.01244	0.01325	0.00740	0.00904	0.01288	0.01666	0.02206	0.04537	0.56055	0.05328	0.02531	0.01081	0.00348	0.00548	0.15817	0.00770	0.00696
16	0.01063	0.00784	0.01002	0.01124	0.01246	0.00722	0.00804	0.01278	0.01786	0.02359	0.14379	0.44622	0.15552	0.02355	0.01044	0.00321	0.00485	0.07581	0.00792	0.00704
17	0.01176	0.00849	0.01110	0.01045	0.01241	0.00784	0.00784	0.01568	0.02352	0.03331	0.65184	0.06206	0.07839	0.01698	0.00980	0.00261	0.00392	0.01502	0.00914	0.00784
18	0.03727	0.01414	0.01928	0.01478	0.02121	0.01221	0.01221	0.04049	0.02378	0.66198	0.03277	0.02828	0.02056	0.01028	0.00835	0.00257	0.00707	0.00835	0.01028	0.01414
19	0.02221	0.71304	0.04353	0.01421	0.02132	0.03287	0.01421	0.02488	0.01688	0.01955	0.01155	0.01333	0.01066	0.00711	0.00533	0.00178	0.00888	0.00444	0.00355	0.01066
20	0.01894	0.01794	0.02764	0.12604	0.25880	0.02146	0.02096	0.05029	0.01681	0.02425	0.01429	0.02058	0.01251	0.01375	0.05629	0.00363	0.27357	0.00744	0.00409	0.01073
21	0.03583	0.01446	0.01924	0.01497	0.02124	0.01294	0.01229	0.04080	0.07746	0.60745	0.03286	0.02851	0.02098	0.01037	0.00836	0.00259	0.00703	0.00844	0.01012	0.01405
22	0.01763	0.04162	0.63467	0.02326	0.03526	0.01896	0.02983	0.02697	0.01783	0.05617	0.01575	0.01804	0.01100	0.00800	0.00791	0.00263	0.01203	0.00624	0.00383	0.01236
23	0.01207	0.00811	0.00932	0.00932	0.00941	0.00820	0.00536	0.01225	0.01216	0.01630	0.02594	0.05304	0.02963	0.66861	0.08093	0.00838	0.00892	0.01189	0.00500	0.00518
24	0.01633	0.06098	0.36710	0.02233	0.03123	0.01756	0.13822	0.02382	0.01930	0.02770	0.16373	0.02867	0.02676	0.00981	0.00859	0.00262	0.01051	0.00884	0.00496	0.01096
25	0.02077	0.02050	0.03087	0.10737	0.51078	0.07924	0.02354	0.02511	0.01874	0.02535	0.01523	0.02042	0.01279	0.00860	0.00930	0.03777	0.01033	0.00720	0.00406	0.01201
26	0.01871	0.01935	0.02670	0.02249	0.02353	0.06381	0.07205	0.02100	0.01415	0.02066	0.01319	0.05051	0.01311	0.01404	0.02371	0.00346	0.55826	0.00815	0.00392	0.00920
27	0.45710	0.07930	0.07568	0.01682	0.05924	0.07603	0.04171	0.02491	0.01611	0.03145	0.01416	0.04899	0.01212	0.00861	0.00628	0.00252	0.00837	0.00608	0.00481	0.00972
28	0.09425	0.01796	0.02320	0.26662	0.07407	0.02059	0.01808	0.25428	0.02512	0.03518	0.01827	0.02441	0.01442	0.01170	0.03438	0.00310	0.01008	0.03726	0.00586	0.01117
29	0.02714	0.34582	0.03330	0.01725	0.02369	0.14447	0.01511	0.24290	0.02602	0.03146	0.01479	0.01600	0.01191	0.00839	0.00678	0.00210	0.01006	0.00569	0.00539	0.01172
30	0.01051	0.00750	0.01002	0.01154	0.01209	0.00729	0.00777	0.01200	0.01524	0.02050	0.04118	0.56298	0.04862	0.09533	0.09077	0.00498	0.00715	0.02081	0.00708	0.00666
31	0.01895	0.16953	0.39396	0.02258	0.03218	0.05320	0.08792	0.02668	0.03940	0.02471	0.01481	0.01761	0.01131	0.00813	0.00857	0.00252	0.04623	0.00632	0.00380	0.01159
32	0.01976	0.01922	0.03050	0.17247	0.47675	0.05072	0.02396	0.02462	0.01870	0.02554	0.01673	0.02423	0.01435	0.00841	0.00837	0.00258	0.01024	0.03670	0.00421	0.01195
33	0.02066	0.01785	0.01878	0.01691	0.02160	0.02066	0.01315	0.04414	0.64121	0.03475	0.03381	0.03099	0.02536	0.01127	0.00845	0.00282	0.00657	0.00939	0.00845	0.01315
34	0.02020	0.02017	0.03325	0.15170	0.46828	0.05223	0.08250	0.02529	0.01884	0.02579	0.01546	0.02072	0.01264	0.00757	0.00835	0.00253	0.01072	0.00753	0.00406	0.01216
35	0.01765	0.01300	0.02055	0.04909	0.02278	0.01311	0.11573	0.02294	0.07649	0.11417	0.06386	0.26175	0.03620	0.01701	0.01075	0.00311	0.04232	0.08275	0.00721	0.00953
36	0.02025	0.01910	0.03256	0.04895	0.62350	0.01910	0.02457	0.02475	0.01851	0.02650	0.01557	0.02080	0.01322	0.00849	0.00945	0.04079	0.00973	0.00739	0.00409	0.01267
37	0.01012	0.00723	0.00964	0.01157	0.01205	0.00675	0.00771	0.01157	0.01591	0.02121	0.04579	0.70262	0.05495	0.02603	0.01060	0.00337	0.00482	0.02362	0.00771	0.00675
38	0.01032	0.00738	0.00985	0.01167	0.01227	0.00691	0.00794	0.01197	0.01636	0.02187	0.07161	0.65095	0.05566	0.02552	0.01060	0.00336	0.00489	0.04627	0.00777	0.00683
39	0.05042	0.04176	0.63562	0.02310	0.03506	0.01926	0.02972	0.02622	0.01739	0.02680	0.01476	0.01736	0.01045	0.00788	0.00777	0.00263	0.01201	0.00606	0.00358	0.01213
40	0.03727	0.01414	0.01928	0.01478	0.02121	0.01221	0.01221	0.04049	0.02378	0.66198	0.03277	0.02828	0.02056	0.01028	0.00835	0.00257	0.00707	0.00835	0.01028	0.01414
41	0.03727	0.01414	0.01928	0.01478	0.02121	0.01221	0.01221	0.04049	0.02378	0.66198	0.03277	0.02828	0.02056	0.01028	0.00835	0.00257	0.00707	0.00835	0.01028	0.01414
42	0.03103	0.03959	0.02354	0.02140	0.02568	0.67469	0.01605	0.03317	0.02354	0.02033	0.01284	0.01498	0.01070	0.00856	0.00749	0.00214	0.01498	0.00535	0.00428	0.00963
43	0.01127	0.00841	0.01157	0.01244	0.01315	0.00899	0.00885	0.01306	0.01462	0.02010	0.03502	0.40507	0.04002	0.09806	0.21392	0.00681	0.04821	0.01725	0.00627	0.00692
44	0.01176	0.00849	0.01110	0.01045	0.01241	0.00784	0.00784	0.01568	0.02352	0.03331	0.65184	0.06206	0.07839	0.01698	0.00980	0.00261	0.00392	0.01502	0.00914	0.00784
45	0.02221	0.71304	0.04353	0.01421	0.02132	0.03287	0.01421	0.02488	0.01688	0.01955	0.01155	0.01333	0.01066	0.00711	0.00533	0.00178	0.00888	0.00444	0.00355	0.01066
46	0.02056	0.01974	0.03372	0.05099	0.65622	0.01974	0.02550	0.02550	0.01892	0.02714	0.01563	0.02056	0.01316	0.00740	0.00822	0.00247	0.00987	0.00740	0.00411	0.01316
47	0.01189	0.00882	0.01295	0.01295	0.01429	0.01016	0.00988	0.01457	0.01323	0.01899	0.02262	0.03469	0.02166	0.12323	0.61541	0.01285	0.02091	0.00920	0.00451	0.00719
48	0.01187	0.00890	0.01335	0.01335	0.01483	0.01038	0.01038	0.01483	0.01335	0.01928	0.02225	0.03264	0.02077	0.06231	0.67512	0.01335	0.02225	0.00890	0.00445	0.00742
49	0.02056	0.01974	0.03372	0.05099	0.65622	0.01974	0.02550	0.02550	0.01892	0.02714	0.01563	0.02056	0.01316	0.00740	0.00822	0.00247	0.00987	0.00740	0.00411	0.01316
50	0.10554	0.01713	0.02011	0.01566	0.02183	0.01718	0.01290	0.23452	0.02794	0.36884	0.05410	0.02556	0.01987	0.01023	0.00809	0.00255	0.00756	0.00798	0.00907	0.01335
51	0.01012	0.00723	0.00964	0.01157	0.01205	0.00675	0.00771	0.01157	0.01591	0.02121	0.04579	0.70262	0.05495	0.02603	0.01060	0.00337	0.00482	0.02362	0.00771	0.00675
52	0.02950	0.07337	0.02529	0.02212	0.05267	0.52459	0.01644	0.08138	0.02373	0.02324	0.01339	0.01571	0.01110	0.00884	0.00845	0.00224	0.04755	0.00566	0.00454	0.01019
53	0.00982	0.00842	0.00842	0.00842	0.01122	0.00701	0.00631	0.01192	0.01894	0.02244	0.08416	0.07995	0.65285	0.02104	0.00982	0.00281	0.00421	0.01753	0.00771	0.00701
54	0.01569	0.01477	0.02492	0.68808	0.05722	0.01846	0.02307	0.02123	0.01661	0.02123	0.01477	0.02215	0.01107	0.00831	0.00831	0.00277	0.01107	0.00738	0.00369	0.00923
55	0.01176	0.00849	0.01110	0.01045	0.01241	0.00784	0.00784	0.01568	0.02352	0.03331	0.65184	0.06206	0.07839	0.01698	0.00980	0.00261	0.00392	0.01502	0.00914	0.00784
56	0.03727	0.01414	0.01928	0.01478	0.02121	0.01221	0.01221	0.04049	0.02378	0.66198	0.03277	0.02828	0.02056	0.01028	0.00835	0.00257	0.00707	0.00835	0.01028	0.01414
57	0.01028	0.00735	0.00978	0.01146	0.01208	0.00685	0.00772	0.01196	0.01664	0.02237	0.10424	0.64084	0.05721	0.02515	0.01053	0.00330	0.00473	0.02279	0.00785	0.00685
58	0.00982	0.00842	0.00842	0.00842	0.01122	0.00701	0.00631	0.01192	0.01894	0.02244	0.08416	0.07995	0.65285	0.02104	0.00982	0.00281	0.00421	0.01753	0.00771	0.00701
59	0.59111	0.01469	0.01311	0.07228	0.01910	0.01697	0.01004	0.02222	0.01412	0.03287	0.01371	0.04714	0.01183	0.01065	0.00832	0.07572	0.00685	0.00590	0.00498	0.00839
60	0.01012	0.00723	0.00964	0.01157	0.01205	0.00675	0.00771	0.01157	0.01591	0.02121	0.04579	0.70262	0.05495	0.02603	0.01060	0.00337	0.00482	0.02362	0.00771	0.00675
61	0.01666	0.04297	0.66500	0.02368	0.03596	0.01929	0.03069	0.02631	0.01754	0.02631	0.01491	0.01754	0.01052	0.00789	0.00789	0.00263	0.01228	0.00614	0.00351	0.01228
62	0.01114	0.00841	0.01029	0.00994	0.01206	0.00756	0.00741	0.01443	0.02187	0.02971	0.46470	0.09806	0.23691	0.01855	0.00984	0.00270	0.00404	0.01614	0.00868	0.00756
63	0.01443	0.00722	0.01082	0.01082	0.01082	0.00722	0.00722	0.01082	0.01082	0.01443	0.01443	0.02525	0.01443	0.02886	0.03247	0.75830	0.00722	0.00722	0.00361	0.00361
64	0.02452	0.02363	0.02070	0.01825	0.02310	0.17394	0.01417	0.11858	0.41776	0.03371	0.02709	0.02580	0.02046	0.01047	0.00821	0.00262	0.00887	0.00820	0.00746	0.01246
65	0.02552	0.39565	0.03428	0.01647	0.02299	0.08407	0.01473	0.20098	0.07943	0.03041	0.01606	0.01694	0.01297	0.00843	0.00665	0.00211	0.00927	0.00583	0.00542	0.01179
66	0.05313	0.02354	0.11607	0.06036	0.04052	0.02000	0.47422	0.02575	0.01916	0.02713	0.04466	0.02320	0.01507	0.00764	0.00930	0.00276	0.01288	0.00926	0.00436	0.01099
67	0.02391	0.58301	0.03967	0.01560	0.02216	0.15680	0.01457	0.02648	0.01817	0.01970	0.01180	0.01365	0.01067	0.00739	0.00575	0.00185	0.01006	0.00462	0.00369	0.01046
68	0.01731	0.01560	0.02604	0.06636	0.35917	0.01567	0.04777	0.02175	0.01865	0.02567	0.02647	0.09948	0.02668	0.01354	0.00945	0.00297	0.00904	0.18220	0.00543	0.01074
69	0.00982	0.00842	0.00842	0.00842	0.01122	0.00701	0.00631	0.01192	0.01894	0.02244	0.08416	0.07995	0.65285	0.02104	0.00982	0.00281	0.00421	0.01753	0.00771	0.00701
70	0.06232	0.02540	0.02349	0.02034	0.05344	0.16229	0.01557	0.35498	0.12880	0.04094	0.02005	0.02037	0.01490	0.00966	0.00801	0.00247	0.00989	0.00719	0.00714	0.01274
71	0.01176	0.00849	0.01110	0.01045	0.01241	0.00784	0.00784	0.01568	0.02352	0.03331	0.65184	0.06206	0.07839	0.01698	0.00980	0.00261	0.00392	0.01502	0.00914	0.00784
72	0.02903	0.02200	0.02350	0.01860	0.02479	0.02457	0.01517	0.49217	0.17956	0.04825	0.02318	0.02252	0.01675	0.01028	0.00834	0.00257	0.00854	0.00793	0.00834	0.01390
73	0.09581	0.46875	0.07432	0.01542	0.02233	0.08895	0.01486	0.05716	0.01878	0.05876	0.01347	0.01491	0.01122	0.00767	0.00599	0.00202	0.00934	0.00500	0.00438	0.01087
74	0.03103	0.03959	0.02354	0.02140	0.02568	0.67469	0.01605	0.03317	0.02354	0.02033	0.01284	0.01498	0.01070	0.00856	0.00749	0.00214	0.01498	0.00535	0.00428	0.00963
75	0.01723	0.01477	0.01723	0.01230	0.01969	0.01107	0.00984	0.02092	0.01723	0.02707	0.01477	0.01723	0.01230	0.00615	0.00615	0.00123	0.00615	0.00492	0.00492	0.75883
76	0.01525	0.01388	0.02003	0.04916	0.02035	0.01840	0.01493	0.01775	0.01318	0.01973	0.01614	0.02481	0.01531	0.03555	0.31524	0.00793	0.36199	0.00800	0.00400	0.00835
77	0.11967	0.02241	0.02341	0.01813	0.02460	0.02491	0.01498	0.55613	0.03607	0.05055	0.01894	0.01917	0.01351	0.00970	0.00793	0.00250	0.00882	0.00712	0.00793	0.01351
78	0.02066	0.01785	0.01878	0.01691	0.02160	0.02066	0.01315	0.04414	0.64121	0.03475	0.03381	0.03099	0.02536	0.01127	0.00845	0.00282	0.00657	0.00939	0.00845	0.01315
79	0.01012	0.00723	0.00964	0.01157	0.01205	0.00675	0.00771	0.01157	0.01591	0.02121	0.04579	0.70262	0.05495	0.02603	0.01060	0.00337	0.00482	0.02362	0.00771	0.00675
