[name]
unknown

[dist]
# distance from previous block
# <min> <max>
0	89

[block]
# block no. 0 follows, 25 sequences, length 54
# corresponding to MSA columns:
# 103-156
name=unknown_A
#
# <colnr> <probs for GDERKNQSTAVLIFYWHMCP>
#	G	D	E	R	K	N	Q	S	T	A	V	L	I	F	Y	W	H	M	C	P
0	0.01249	0.00892	0.01249	0.01428	0.01606	0.00892	0.01249	0.01606	0.01785	0.02320	0.04105	0.08746	0.04462	0.02142	0.01071	0.00357	0.00714	0.62695	0.00714	0.00714
1	0.02947	0.02172	0.02327	0.01784	0.02404	0.02404	0.01474	0.65329	0.03646	0.04887	0.01862	0.01862	0.01319	0.00931	0.00776	0.00233	0.00853	0.00698	0.00776	0.01319
2	0.01097	0.00793	0.01036	0.00975	0.01158	0.00732	0.00732	0.01463	0.02195	0.03109	0.67505	0.05792	0.07316	0.01585	0.00914	0.00244	0.00366	0.01402	0.00854	0.00732
3	0.01919	0.01842	0.03147	0.04759	0.67914	0.01842	0.02380	0.02380	0.01765	0.02533	0.01458	0.01919	0.01228	0.00691	0.00768	0.00230	0.00921	0.00691	0.00384	0.01228
4	0.03479	0.01320	0.01799	0.01380	0.01979	0.01140	0.01140	0.03779	0.02219	0.68451	0.03059	0.02639	0.01919	0.00960	0.00780	0.00240	0.00660	0.00780	0.00960	0.01320
5	0.01128	0.00752	0.00846	0.00846	0.00846	0.00752	0.00470	0.01128	0.01128	0.01503	0.02443	0.05074	0.02819	0.72751	0.03946	0.00752	0.00752	0.01128	0.00470	0.00470
6	0.01580	0.07273	0.65684	0.02168	0.03291	0.01860	0.02792	0.02449	0.01634	0.02426	0.01377	0.01618	0.00983	0.00733	0.00725	0.00242	0.01131	0.00565	0.00328	0.01139
7	0.00945	0.00675	0.00900	0.01080	0.01125	0.00630	0.00720	0.01080	0.01484	0.01979	0.04274	0.72245	0.05128	0.02429	0.00990	0.00315	0.00450	0.02204	0.00720	0.00630
8	0.01085	0.00792	0.01019	0.00963	0.01151	0.00726	0.00722	0.01439	0.02166	0.03041	0.63467	0.05905	0.11397	0.01611	0.00915	0.00245	0.00368	0.01418	0.00844	0.00726
9	0.01627	0.01370	0.01596	0.01173	0.01818	0.01071	0.00932	0.04806	0.01694	0.02600	0.01583	0.06084	0.01408	0.00708	0.00610	0.00133	0.00579	0.00581	0.00490	0.69136
10	0.03339	0.01289	0.01755	0.01356	0.01931	0.01116	0.01116	0.03643	0.02218	0.64622	0.06835	0.02824	0.02236	0.00996	0.00788	0.00240	0.00643	0.00816	0.00953	0.01285
11	0.01097	0.00793	0.01036	0.00975	0.01158	0.00732	0.00732	0.01463	0.02195	0.03109	0.67505	0.05792	0.07316	0.01585	0.00914	0.00244	0.00366	0.01402	0.00854	0.00732
12	0.11672	0.06456	0.57239	0.02018	0.03057	0.01843	0.02536	0.02427	0.01593	0.02565	0.01338	0.01572	0.00964	0.00731	0.00693	0.00242	0.01061	0.00546	0.00348	0.01100
13	0.01464	0.01378	0.02326	0.70887	0.05340	0.01723	0.02153	0.01981	0.01550	0.01981	0.01378	0.02067	0.01034	0.00775	0.00775	0.00258	0.01034	0.00689	0.00345	0.00861
14	0.01753	0.29616	0.42163	0.01875	0.02798	0.02293	0.02249	0.02383	0.01597	0.02198	0.01261	0.01493	0.00988	0.00733	0.00718	0.00220	0.03735	0.00518	0.00329	0.01078
15	0.01189	0.01066	0.01916	0.01685	0.01934	0.00998	0.18521	0.01468	0.01580	0.02119	0.03526	0.52847	0.04036	0.01938	0.00969	0.00300	0.00687	0.01848	0.00629	0.00745
16	0.00959	0.00686	0.00912	0.01070	0.01128	0.00639	0.00721	0.01115	0.01550	0.02084	0.10110	0.66111	0.05330	0.02351	0.00983	0.00308	0.00442	0.02130	0.00732	0.00639
17	0.01426	0.00964	0.01313	0.01434	0.01653	0.00968	0.01241	0.01887	0.05604	0.06418	0.03986	0.08030	0.04184	0.02006	0.01037	0.00344	0.00705	0.55288	0.00733	0.00781
18	0.72619	0.01486	0.01189	0.01047	0.01535	0.01694	0.00862	0.02392	0.01387	0.08354	0.01228	0.01363	0.00921	0.00738	0.00502	0.00240	0.00604	0.00447	0.00516	0.00876
19	0.01935	0.54779	0.21293	0.01562	0.02354	0.02730	0.01736	0.02357	0.01592	0.01992	0.01161	0.01349	0.00992	0.00683	0.00561	0.00187	0.00914	0.00457	0.00331	0.01035
20	0.01919	0.01842	0.03147	0.04759	0.67914	0.01842	0.02380	0.02380	0.01765	0.02533	0.01458	0.01919	0.01228	0.00691	0.00768	0.00230	0.00921	0.00691	0.00384	0.01228
21	0.02842	0.01247	0.01645	0.01311	0.01827	0.01105	0.01059	0.03261	0.06075	0.48796	0.11398	0.06142	0.02745	0.01089	0.00794	0.00237	0.00604	0.00911	0.00893	0.06021
22	0.01396	0.01286	0.02138	0.61695	0.04785	0.01579	0.01965	0.01862	0.01542	0.01981	0.01759	0.11308	0.01573	0.00993	0.00803	0.00266	0.00957	0.00889	0.00394	0.00831
23	0.00927	0.00786	0.00800	0.00796	0.01054	0.00659	0.00597	0.01133	0.01792	0.02152	0.11234	0.07367	0.64185	0.01942	0.00916	0.00261	0.00391	0.01623	0.00728	0.00659
24	0.10250	0.03325	0.02078	0.01874	0.02292	0.57166	0.01420	0.05559	0.05122	0.02235	0.01303	0.01472	0.01059	0.00808	0.00685	0.00208	0.01262	0.00517	0.00440	0.00925
25	0.00927	0.00786	0.00801	0.00797	0.01054	0.00659	0.00598	0.01134	0.01793	0.02157	0.11502	0.07360	0.63914	0.01941	0.00916	0.00261	0.00391	0.01622	0.00728	0.00659
26	0.01555	0.04011	0.68733	0.02210	0.03356	0.01801	0.02865	0.02455	0.01637	0.02455	0.01391	0.01637	0.00982	0.00737	0.00737	0.00246	0.01146	0.00573	0.00327	0.01146
27	0.01445	0.00723	0.00723	0.00723	0.00903	0.00723	0.00542	0.01807	0.01626	0.02891	0.02529	0.02891	0.01987	0.00903	0.00542	0.00181	0.00361	0.00723	0.77055	0.00723
28	0.00918	0.00779	0.00792	0.00803	0.01052	0.00653	0.00597	0.01111	0.01751	0.02088	0.07645	0.11258	0.63939	0.01991	0.00921	0.00265	0.00396	0.01670	0.00720	0.00653
29	0.01555	0.04011	0.68733	0.02210	0.03356	0.01801	0.02865	0.02455	0.01637	0.02455	0.01391	0.01637	0.00982	0.00737	0.00737	0.00246	0.01146	0.00573	0.00327	0.01146
30	0.01422	0.00725	0.00732	0.00732	0.00899	0.00725	0.00537	0.01756	0.01589	0.02787	0.02523	0.03055	0.02050	0.06294	0.00797	0.00224	0.00391	0.00753	0.71309	0.00704
31	0.01445	0.00723	0.00723	0.00723	0.00903	0.00723	0.00542	0.01807	0.01626	0.02891	0.02529	0.02891	0.01987	0.00903	0.00542	0.00181	0.00361	0.00723	0.77055	0.00723
32	0.78228	0.01499	0.01140	0.01020	0.01499	0.01739	0.00840	0.02279	0.01320	0.03479	0.01080	0.01260	0.00840	0.00720	0.00480	0.00240	0.00600	0.00420	0.00480	0.00840
33	0.01865	0.01843	0.03325	0.04303	0.52687	0.01815	0.14299	0.02358	0.01797	0.02550	0.04462	0.02127	0.01493	0.00724	0.00802	0.00237	0.00970	0.00766	0.00407	0.01171
34	0.01745	0.01777	0.02323	0.02075	0.04161	0.06527	0.01663	0.01932	0.01273	0.01886	0.01106	0.01764	0.01077	0.01561	0.06304	0.00380	0.60565	0.00677	0.00349	0.00855
35	0.00943	0.00682	0.00892	0.01061	0.01120	0.00631	0.00711	0.01082	0.01502	0.01987	0.04500	0.68150	0.09077	0.02400	0.00985	0.00312	0.00446	0.02168	0.00720	0.00631
36	0.01108	0.00831	0.01246	0.01246	0.01385	0.00969	0.00969	0.01385	0.01246	0.01800	0.02077	0.03046	0.01938	0.05815	0.69678	0.01246	0.02077	0.00831	0.00415	0.00692
37	0.01062	0.00777	0.00999	0.00988	0.01157	0.00714	0.00733	0.01377	0.02034	0.02817	0.50274	0.16100	0.12558	0.01766	0.00931	0.00260	0.00392	0.03535	0.00816	0.00708
38	0.78228	0.01499	0.01140	0.01020	0.01499	0.01739	0.00840	0.02279	0.01320	0.03479	0.01080	0.01260	0.00840	0.00720	0.00480	0.00240	0.00600	0.00420	0.00480	0.00840
39	0.01929	0.01666	0.01753	0.01578	0.02016	0.01929	0.01227	0.04120	0.66513	0.03243	0.03156	0.02893	0.02367	0.01052	0.00789	0.00263	0.00614	0.00877	0.00789	0.01227
40	0.02900	0.03581	0.02207	0.01981	0.02398	0.64593	0.01496	0.07765	0.02306	0.02122	0.01248	0.01433	0.01023	0.00809	0.00705	0.00202	0.01357	0.00514	0.00428	0.00930
41	0.02073	0.73217	0.04063	0.01327	0.01990	0.03068	0.01327	0.02322	0.01575	0.01824	0.01078	0.01244	0.00995	0.00663	0.00498	0.00166	0.00829	0.00415	0.00332	0.00995
42	0.06140	0.00770	0.00748	0.00741	0.00940	0.00785	0.00560	0.01836	0.01607	0.02927	0.02441	0.02791	0.01917	0.00892	0.00538	0.00184	0.00376	0.00704	0.72373	0.00730
43	0.01128	0.00752	0.00846	0.00846	0.00846	0.00752	0.00470	0.01128	0.01128	0.01503	0.02443	0.05074	0.02819	0.72751	0.03946	0.00752	0.00752	0.01128	0.00470	0.00470
44	0.00931	0.00779	0.00811	0.00818	0.01060	0.00658	0.00608	0.01136	0.01780	0.02160	0.11892	0.11437	0.59342	0.01966	0.00921	0.00264	0.00394	0.01656	0.00730	0.00658
45	0.01592	0.01543	0.02174	0.01895	0.01920	0.02125	0.01567	0.01780	0.01198	0.01854	0.01206	0.01936	0.01181	0.02149	0.14466	0.00500	0.59033	0.00706	0.00353	0.00820
46	0.01706	0.01726	0.02540	0.02128	0.02187	0.02344	0.06453	0.01912	0.01236	0.01912	0.01059	0.01726	0.01030	0.01304	0.02422	0.00333	0.66078	0.00696	0.00343	0.00863
47	0.01128	0.00752	0.00846	0.00846	0.00846	0.00752	0.00470	0.01128	0.01128	0.01503	0.02443	0.05074	0.02819	0.72751	0.03946	0.00752	0.00752	0.01128	0.00470	0.00470
48	0.00943	0.00681	0.00893	0.01063	0.01120	0.00631	0.00712	0.01081	0.01501	0.01986	0.04476	0.68575	0.08667	0.02403	0.00986	0.00312	0.00447	0.02172	0.00720	0.00631
49	0.00945	0.00675	0.00900	0.01080	0.01125	0.00630	0.00720	0.01080	0.01484	0.01979	0.04274	0.72245	0.05128	0.02429	0.00990	0.00315	0.00450	0.02204	0.00720	0.00630
50	0.01816	0.29904	0.42150	0.01850	0.02796	0.02254	0.02228	0.02451	0.01634	0.04487	0.01331	0.01524	0.01019	0.00717	0.00648	0.00215	0.01010	0.00521	0.00351	0.01095
51	0.01555	0.04011	0.68733	0.02210	0.03356	0.01801	0.02865	0.02455	0.01637	0.02455	0.01391	0.01637	0.00982	0.00737	0.00737	0.00246	0.01146	0.00573	0.00327	0.01146
52	0.01570	0.01329	0.01942	0.14813	0.06604	0.01470	0.05086	0.10122	0.02073	0.02872	0.28356	0.05939	0.03782	0.01237	0.01053	0.00259	0.08928	0.01044	0.00626	0.00893
53	0.02322	0.01626	0.01810	0.01528	0.02035	0.01753	0.01212	0.10032	0.42550	0.16563	0.02879	0.02646	0.02084	0.00987	0.00770	0.00245	0.00644	0.00809	0.00799	0.06707

[dist]
# distance from previous block
# <min> <max>
0	1

[block]
# block no. 1 follows, 25 sequences, length 56
# corresponding to MSA columns:
# 158-213
name=unknown_B
#
# <colnr> <probs for GDERKNQSTAVLIFYWHMCP>
#	G	D	E	R	K	N	Q	S	T	A	V	L	I	F	Y	W	H	M	C	P
0	0.02748	0.01788	0.02012	0.01595	0.02169	0.01891	0.01297	0.31180	0.18629	0.20119	0.02448	0.02293	0.01715	0.00946	0.00768	0.00235	0.00729	0.00748	0.00806	0.05886
1	0.01919	0.01842	0.03147	0.04759	0.67914	0.01842	0.02380	0.02380	0.01765	0.02533	0.01458	0.01919	0.01228	0.00691	0.00768	0.00230	0.00921	0.00691	0.00384	0.01228
2	0.78228	0.01499	0.01140	0.01020	0.01499	0.01739	0.00840	0.02279	0.01320	0.03479	0.01080	0.01260	0.00840	0.00720	0.00480	0.00240	0.00600	0.00420	0.00480	0.00840
3	0.01959	0.01882	0.02803	0.11593	0.40262	0.06445	0.05328	0.06708	0.06086	0.02615	0.01730	0.02372	0.01458	0.00831	0.00791	0.00243	0.00950	0.04361	0.00453	0.01129
4	0.01060	0.00789	0.01018	0.01072	0.01227	0.00701	0.00749	0.01260	0.01616	0.02237	0.14109	0.51886	0.04941	0.02040	0.00921	0.00276	0.00453	0.01837	0.00706	0.11101
5	0.05466	0.01727	0.01937	0.04197	0.02211	0.01879	0.01295	0.27820	0.20969	0.15481	0.06830	0.02543	0.02099	0.01001	0.00778	0.00245	0.00715	0.00800	0.00790	0.01217
6	0.01112	0.00815	0.01165	0.01165	0.01276	0.00925	0.00868	0.01333	0.01222	0.01740	0.02151	0.03456	0.02116	0.19345	0.56392	0.01146	0.01809	0.00891	0.00426	0.00647
7	0.02513	0.01851	0.01922	0.01595	0.02063	0.07149	0.01265	0.36521	0.06628	0.10755	0.02528	0.16975	0.02232	0.01250	0.00816	0.00250	0.00775	0.01023	0.00755	0.01133
8	0.02919	0.01473	0.01822	0.01422	0.01975	0.01412	0.01161	0.18274	0.04372	0.39905	0.10658	0.02798	0.02416	0.01014	0.00786	0.00233	0.00665	0.00824	0.00873	0.05000
9	0.01830	0.02092	0.04575	0.03268	0.04052	0.01961	0.65098	0.02484	0.01830	0.02484	0.01569	0.02092	0.01176	0.00654	0.00915	0.00261	0.01307	0.00915	0.00392	0.01046
10	0.01919	0.01842	0.03147	0.04759	0.67914	0.01842	0.02380	0.02380	0.01765	0.02533	0.01458	0.01919	0.01228	0.00691	0.00768	0.00230	0.00921	0.00691	0.00384	0.01228
11	0.01039	0.00812	0.01228	0.01356	0.03636	0.00763	0.05167	0.01220	0.01518	0.02033	0.03992	0.65027	0.04724	0.02248	0.00977	0.00308	0.00525	0.02064	0.00686	0.00679
12	0.01005	0.00771	0.01148	0.01228	0.01322	0.00720	0.05070	0.01175	0.01508	0.02013	0.04091	0.67504	0.04861	0.02309	0.00985	0.00311	0.00508	0.02117	0.00698	0.00658
13	0.01653	0.01666	0.02667	0.02160	0.02339	0.02085	0.15076	0.01928	0.01386	0.02057	0.05516	0.02245	0.01565	0.05436	0.02175	0.00341	0.47654	0.00802	0.00391	0.00860
14	0.01818	0.01722	0.02920	0.12956	0.55669	0.01766	0.02278	0.02279	0.01739	0.02449	0.01619	0.02379	0.01412	0.00795	0.00788	0.00242	0.00922	0.04698	0.00400	0.01148
15	0.01252	0.01049	0.01604	0.01475	0.01615	0.01264	0.04388	0.01517	0.01260	0.01834	0.01876	0.02846	0.01773	0.07803	0.50996	0.01009	0.14488	0.00821	0.00403	0.00729
16	0.00957	0.00683	0.00913	0.01093	0.01143	0.00640	0.00740	0.01100	0.01496	0.01993	0.04267	0.69762	0.05102	0.02418	0.00993	0.00317	0.00460	0.04569	0.00720	0.00633
17	0.78228	0.01499	0.01140	0.01020	0.01499	0.01739	0.00840	0.02279	0.01320	0.03479	0.01080	0.01260	0.00840	0.00720	0.00480	0.00240	0.00600	0.00420	0.00480	0.00840
18	0.01002	0.00766	0.01137	0.01221	0.01314	0.00716	0.04880	0.01170	0.01507	0.02012	0.04099	0.67711	0.04873	0.02314	0.00985	0.00311	0.00505	0.02121	0.00699	0.00657
19	0.01919	0.01842	0.03147	0.04759	0.67914	0.01842	0.02380	0.02380	0.01765	0.02533	0.01458	0.01919	0.01228	0.00691	0.00768	0.00230	0.00921	0.00691	0.00384	0.01228
20	0.01919	0.01842	0.03147	0.04759	0.67914	0.01842	0.02380	0.02380	0.01765	0.02533	0.01458	0.01919	0.01228	0.00691	0.00768	0.00230	0.00921	0.00691	0.00384	0.01228
21	0.01805	0.01372	0.01628	0.01173	0.01852	0.01045	0.00942	0.02145	0.01672	0.09488	0.01556	0.01717	0.01230	0.00615	0.00596	0.00128	0.00583	0.00493	0.00512	0.69447
22	0.01124	0.00823	0.01066	0.00984	0.01193	0.00747	0.00741	0.01488	0.02164	0.03079	0.64092	0.05576	0.06998	0.01533	0.00897	0.00237	0.00377	0.01354	0.00833	0.04694
23	0.02882	0.01999	0.10181	0.01608	0.02238	0.06202	0.01438	0.16633	0.06993	0.34925	0.05095	0.02411	0.01863	0.00947	0.00774	0.00238	0.00796	0.00750	0.00788	0.01239
24	0.01793	0.03678	0.60457	0.02107	0.03186	0.01719	0.02651	0.02619	0.01709	0.10616	0.01598	0.01761	0.01098	0.00764	0.00742	0.00245	0.01086	0.00599	0.00406	0.01167
25	0.00945	0.00675	0.00900	0.01080	0.01125	0.00630	0.00720	0.01080	0.01484	0.01979	0.04274	0.72245	0.05128	0.02429	0.00990	0.00315	0.00450	0.02204	0.00720	0.00630
26	0.01690	0.01613	0.02712	0.36073	0.34376	0.01816	0.02233	0.02161	0.01630	0.02232	0.01395	0.01977	0.01124	0.00769	0.00873	0.00250	0.04993	0.00689	0.00363	0.01032
27	0.03479	0.01320	0.01799	0.01380	0.01979	0.01140	0.01140	0.03779	0.02219	0.68451	0.03059	0.02639	0.01919	0.00960	0.00780	0.00240	0.00660	0.00780	0.00960	0.01320
28	0.03295	0.01313	0.01763	0.01371	0.01944	0.01160	0.01126	0.03692	0.05389	0.62303	0.05956	0.02793	0.02184	0.00992	0.00786	0.00241	0.00644	0.00812	0.00946	0.01289
29	0.02947	0.02172	0.02327	0.01784	0.02404	0.02404	0.01474	0.65329	0.03646	0.04887	0.01862	0.01862	0.01319	0.00931	0.00776	0.00233	0.00853	0.00698	0.00776	0.01319
30	0.03479	0.01320	0.01799	0.01380	0.01979	0.01140	0.01140	0.03779	0.02219	0.68451	0.03059	0.02639	0.01919	0.00960	0.00780	0.00240	0.00660	0.00780	0.00960	0.01320
31	0.00945	0.00675	0.00900	0.01080	0.01125	0.00630	0.00720	0.01080	0.01484	0.01979	0.04274	0.72245	0.05128	0.02429	0.00990	0.00315	0.00450	0.02204	0.00720	0.00630
32	0.01647	0.03989	0.64196	0.02195	0.03290	0.06427	0.02772	0.02499	0.01675	0.02417	0.01378	0.01621	0.00983	0.00741	0.00734	0.00242	0.01163	0.00568	0.00332	0.01129
33	0.01464	0.01378	0.02326	0.70887	0.05340	0.01723	0.02153	0.01981	0.01550	0.01981	0.01378	0.02067	0.01034	0.00775	0.00775	0.00258	0.01034	0.00689	0.00345	0.00861
34	0.00943	0.00681	0.00893	0.01062	0.01120	0.00631	0.00712	0.01082	0.01501	0.01986	0.04485	0.68421	0.08815	0.02402	0.00985	0.00312	0.00446	0.02171	0.00720	0.00631
35	0.00916	0.00785	0.00785	0.00785	0.01047	0.00655	0.00589	0.01113	0.01767	0.02095	0.07855	0.07462	0.67599	0.01964	0.00916	0.00262	0.00393	0.01636	0.00720	0.00655
36	0.01089	0.00792	0.01025	0.00967	0.01153	0.00728	0.00725	0.01447	0.02175	0.03063	0.64778	0.05868	0.10072	0.01602	0.00915	0.00245	0.00367	0.01413	0.00847	0.00728
37	0.00945	0.00675	0.00900	0.01080	0.01125	0.00630	0.00720	0.01080	0.01484	0.01979	0.04274	0.72245	0.05128	0.02429	0.00990	0.00315	0.00450	0.02204	0.00720	0.00630
38	0.01445	0.00723	0.00723	0.00723	0.00903	0.00723	0.00542	0.01807	0.01626	0.02891	0.02529	0.02891	0.01987	0.00903	0.00542	0.00181	0.00361	0.00723	0.77055	0.00723
39	0.02053	0.70556	0.06549	0.01361	0.02043	0.03019	0.01386	0.02327	0.01578	0.01848	0.01090	0.01259	0.00995	0.00666	0.00507	0.00169	0.00841	0.00421	0.00332	0.01001
40	0.41246	0.01649	0.01503	0.01256	0.01763	0.06251	0.01024	0.10475	0.01908	0.19823	0.01753	0.01770	0.01237	0.00820	0.00610	0.00233	0.00689	0.00565	0.04407	0.01018
41	0.01535	0.01224	0.01335	0.01232	0.01575	0.01291	0.00954	0.02703	0.32221	0.05499	0.14927	0.04894	0.22700	0.01440	0.00856	0.00262	0.00513	0.03092	0.00783	0.00964
42	0.01013	0.00773	0.00930	0.00925	0.01115	0.00690	0.00680	0.01286	0.01944	0.02594	0.37680	0.15963	0.27918	0.01838	0.00926	0.00260	0.00387	0.01599	0.00788	0.00690
43	0.01569	0.01097	0.01278	0.01197	0.01390	0.01156	0.00870	0.12389	0.06849	0.04495	0.02767	0.11058	0.02857	0.33070	0.06880	0.00554	0.00811	0.08342	0.00611	0.00759
44	0.01021	0.00732	0.00973	0.01064	0.01168	0.00684	0.00758	0.01255	0.01765	0.02417	0.27508	0.43712	0.05889	0.02100	0.00967	0.00292	0.00436	0.05819	0.00769	0.00673
45	0.01138	0.00854	0.01127	0.01047	0.01218	0.00843	0.00797	0.01490	0.02127	0.03025	0.63012	0.05515	0.06890	0.01570	0.01025	0.00250	0.05161	0.01353	0.00819	0.00739
46	0.02160	0.65833	0.03865	0.01398	0.02033	0.10139	0.01345	0.02404	0.01641	0.01832	0.01091	0.01260	0.00995	0.00678	0.00519	0.00169	0.00890	0.00424	0.00339	0.00985
47	0.01249	0.00892	0.01249	0.01428	0.01606	0.00892	0.01249	0.01606	0.01785	0.02320	0.04105	0.08746	0.04462	0.02142	0.01071	0.00357	0.00714	0.62695	0.00714	0.00714
48	0.01300	0.00932	0.03412	0.01064	0.01299	0.00784	0.00833	0.01627	0.02026	0.08981	0.44404	0.17243	0.09758	0.01669	0.00909	0.00257	0.00437	0.01471	0.00814	0.00779
49	0.02157	0.01954	0.01871	0.01649	0.02105	0.09641	0.01287	0.11159	0.51892	0.03283	0.02783	0.02603	0.02090	0.01009	0.00777	0.00252	0.00730	0.00813	0.00743	0.01201
50	0.00945	0.00675	0.00900	0.01080	0.01125	0.00630	0.00720	0.01080	0.01484	0.01979	0.04274	0.72245	0.05128	0.02429	0.00990	0.00315	0.00450	0.02204	0.00720	0.00630
51	0.01555	0.04011	0.68733	0.02210	0.03356	0.01801	0.02865	0.02455	0.01637	0.02455	0.01391	0.01637	0.00982	0.00737	0.00737	0.00246	0.01146	0.00573	0.00327	0.01146
52	0.02015	0.01611	0.01743	0.01385	0.01948	0.04126	0.01101	0.11494	0.18873	0.07318	0.06478	0.02319	0.01950	0.00850	0.00699	0.00190	0.00647	0.00687	0.00646	0.33919
53	0.01113	0.00813	0.01055	0.00987	0.01185	0.00740	0.00739	0.01469	0.02143	0.03042	0.62344	0.08143	0.06976	0.01575	0.00903	0.00241	0.00378	0.01393	0.00832	0.03928
54	0.01735	0.01402	0.01631	0.01201	0.01862	0.01123	0.00959	0.02251	0.07753	0.05997	0.01632	0.01782	0.01303	0.00639	0.00605	0.00135	0.00582	0.00515	0.00516	0.66375
55	0.05923	0.02039	0.02165	0.01693	0.02265	0.02264	0.01382	0.54952	0.08377	0.04544	0.01957	0.02064	0.01450	0.04215	0.00909	0.00259	0.00819	0.00720	0.00750	0.01253

[dist]
# distance from previous block
# <min> <max>
0	4

[block]
# block no. 2 follows, 25 sequences, length 92
# corresponding to MSA columns:
# 218-309
name=unknown_C
#
# <colnr> <probs for GDERKNQSTAVLIFYWHMCP>
#	G	D	E	R	K	N	Q	S	T	A	V	L	I	F	Y	W	H	M	C	P
0	0.71363	0.01501	0.01192	0.01054	0.01528	0.01728	0.00865	0.05239	0.01467	0.03530	0.03949	0.01481	0.01139	0.00767	0.00512	0.00240	0.00602	0.00475	0.00510	0.00858
1	0.02898	0.01300	0.01684	0.01354	0.01869	0.01207	0.01096	0.03506	0.12382	0.48924	0.12164	0.03124	0.02751	0.01062	0.00800	0.00244	0.00611	0.00883	0.00918	0.01222
2	0.01832	0.01753	0.02989	0.17462	0.55894	0.01819	0.02336	0.02303	0.01724	0.02427	0.01443	0.01947	0.01191	0.00707	0.00769	0.00236	0.00943	0.00691	0.00376	0.01158
3	0.00944	0.00763	0.00840	0.00870	0.01077	0.00659	0.00634	0.01149	0.01761	0.02195	0.14401	0.20712	0.47258	0.02014	0.00931	0.00271	0.00401	0.01726	0.00736	0.00659
4	0.01696	0.01614	0.02744	0.37242	0.37177	0.01784	0.02268	0.02184	0.01660	0.02262	0.01419	0.01992	0.01133	0.00732	0.00771	0.00244	0.00976	0.00690	0.00365	0.01048
5	0.72430	0.01615	0.01226	0.01087	0.01569	0.04604	0.00890	0.04529	0.01438	0.03462	0.01112	0.01287	0.00863	0.00730	0.00499	0.00238	0.00642	0.00433	0.00487	0.00859
6	0.01097	0.00793	0.01036	0.00975	0.01158	0.00732	0.00732	0.01463	0.02195	0.03109	0.67505	0.05792	0.07316	0.01585	0.00914	0.00244	0.00366	0.01402	0.00854	0.00732
7	0.01902	0.01368	0.01533	0.01388	0.01770	0.01477	0.01070	0.03290	0.39926	0.12531	0.07497	0.12256	0.07995	0.01317	0.00831	0.00265	0.00568	0.01122	0.00804	0.01090
8	0.02800	0.01572	0.04523	0.01477	0.02033	0.01469	0.01240	0.10983	0.17223	0.38203	0.07698	0.02800	0.02317	0.01015	0.00790	0.00245	0.00670	0.00831	0.00865	0.01247
9	0.01128	0.00752	0.00846	0.00846	0.00846	0.00752	0.00470	0.01128	0.01128	0.01503	0.02443	0.05074	0.02819	0.72751	0.03946	0.00752	0.00752	0.01128	0.00470	0.00470
10	0.01474	0.00779	0.00784	0.00774	0.00970	0.00795	0.00583	0.01945	0.05508	0.02912	0.02567	0.02891	0.02010	0.00912	0.00557	0.00186	0.00376	0.00732	0.72493	0.00753
11	0.01015	0.00789	0.00922	0.00889	0.01108	0.00697	0.00667	0.01304	0.02001	0.02648	0.40412	0.06550	0.34696	0.01757	0.00915	0.00252	0.00378	0.01509	0.00793	0.00697
12	0.02896	0.03695	0.02197	0.01998	0.02397	0.69638	0.01498	0.03096	0.02197	0.01898	0.01199	0.01398	0.00999	0.00799	0.00699	0.00200	0.01398	0.00499	0.00400	0.00899
13	0.01555	0.04011	0.68733	0.02210	0.03356	0.01801	0.02865	0.02455	0.01637	0.02455	0.01391	0.01637	0.00982	0.00737	0.00737	0.00246	0.01146	0.00573	0.00327	0.01146
14	0.02896	0.03695	0.02197	0.01998	0.02397	0.69638	0.01498	0.03096	0.02197	0.01898	0.01199	0.01398	0.00999	0.00799	0.00699	0.00200	0.01398	0.00499	0.00400	0.00899
15	0.01608	0.01378	0.01608	0.01148	0.01837	0.01034	0.00919	0.01952	0.01608	0.02527	0.01378	0.01608	0.01148	0.00574	0.00574	0.00115	0.00574	0.00459	0.00459	0.77491
16	0.01097	0.00793	0.01036	0.00975	0.01158	0.00732	0.00732	0.01463	0.02195	0.03109	0.67505	0.05792	0.07316	0.01585	0.00914	0.00244	0.00366	0.01402	0.00854	0.00732
17	0.02545	0.02879	0.02088	0.01955	0.05226	0.41871	0.01434	0.08536	0.17607	0.02510	0.02005	0.02066	0.04086	0.00913	0.00739	0.00222	0.01102	0.00661	0.00537	0.01018
18	0.60001	0.01468	0.01298	0.01114	0.01617	0.01621	0.00916	0.02655	0.03734	0.17048	0.01564	0.01604	0.01117	0.00781	0.00553	0.00241	0.00613	0.00511	0.00591	0.00953
19	0.02034	0.68033	0.08907	0.01393	0.02092	0.02973	0.01442	0.02332	0.01580	0.01871	0.01101	0.01273	0.00994	0.00669	0.00515	0.00172	0.00853	0.00426	0.00331	0.01006
20	0.01773	0.01373	0.01625	0.01169	0.01850	0.01043	0.00938	0.02113	0.01662	0.08331	0.01526	0.01699	0.01216	0.00608	0.00592	0.00126	0.00582	0.00488	0.00503	0.70784
21	0.01128	0.00752	0.00846	0.00846	0.00846	0.00752	0.00470	0.01128	0.01128	0.01503	0.02443	0.05074	0.02819	0.72751	0.03946	0.00752	0.00752	0.01128	0.00470	0.00470
22	0.01445	0.00723	0.00723	0.00723	0.00903	0.00723	0.00542	0.01807	0.01626	0.02891	0.02529	0.02891	0.01987	0.00903	0.00542	0.00181	0.00361	0.00723	0.77055	0.00723
23	0.01204	0.00816	0.01071	0.00994	0.01195	0.00750	0.00750	0.01567	0.02196	0.06032	0.64622	0.05651	0.07075	0.01557	0.00908	0.00244	0.00379	0.01374	0.00858	0.00758
24	0.01555	0.04011	0.68733	0.02210	0.03356	0.01801	0.02865	0.02455	0.01637	0.02455	0.01391	0.01637	0.00982	0.00737	0.00737	0.00246	0.01146	0.00573	0.00327	0.01146
25	0.01164	0.00859	0.01135	0.01275	0.01465	0.00830	0.01084	0.01477	0.01767	0.02256	0.04907	0.11490	0.17865	0.02118	0.01034	0.00335	0.00633	0.46892	0.00716	0.00697
26	0.54445	0.01423	0.01314	0.01113	0.01617	0.01536	0.00916	0.02691	0.01586	0.21977	0.01691	0.01705	0.01184	0.00794	0.00567	0.00238	0.00609	0.00532	0.03089	0.00973
27	0.01070	0.00791	0.00998	0.00946	0.01141	0.00720	0.00710	0.01410	0.02129	0.02954	0.58379	0.06047	0.16539	0.01643	0.00915	0.00247	0.00370	0.01438	0.00833	0.00720
28	0.01153	0.00776	0.00957	0.00997	0.01172	0.00693	0.00715	0.01359	0.01747	0.07190	0.16284	0.36264	0.23749	0.02034	0.00939	0.00281	0.00434	0.01790	0.00761	0.00707
29	0.02695	0.01983	0.02147	0.01695	0.02243	0.02181	0.01379	0.57242	0.03374	0.04521	0.02165	0.10720	0.01798	0.01119	0.00803	0.00243	0.00802	0.00888	0.00769	0.01232
30	0.02971	0.01688	0.01982	0.01545	0.02109	0.01727	0.01265	0.34262	0.02901	0.30186	0.06364	0.05186	0.02069	0.01041	0.00794	0.00240	0.00730	0.00832	0.00852	0.01257
31	0.01738	0.01657	0.02820	0.31128	0.42962	0.01795	0.02289	0.02221	0.01680	0.02313	0.01426	0.01978	0.01151	0.00724	0.00771	0.00241	0.00966	0.00690	0.00368	0.01082
32	0.01527	0.01442	0.02438	0.61811	0.13929	0.01739	0.02184	0.02036	0.01580	0.02057	0.01389	0.02047	0.01060	0.00764	0.00774	0.00255	0.01018	0.00689	0.00350	0.00912
33	0.01464	0.01378	0.02326	0.70887	0.05340	0.01723	0.02153	0.01981	0.01550	0.01981	0.01378	0.02067	0.01034	0.00775	0.00775	0.00258	0.01034	0.00689	0.00345	0.00861
34	0.02452	0.01549	0.01769	0.01511	0.02004	0.01662	0.01198	0.04005	0.44787	0.25279	0.03123	0.02807	0.02216	0.01021	0.00786	0.00255	0.00629	0.00844	0.00847	0.01258
35	0.01087	0.00792	0.01021	0.00964	0.01152	0.00727	0.00723	0.01442	0.02169	0.03049	0.63937	0.05892	0.10922	0.01608	0.00915	0.00245	0.00367	0.01416	0.00846	0.00727
36	0.01820	0.02062	0.04410	0.03176	0.03901	0.01992	0.60349	0.02437	0.01782	0.02437	0.01527	0.02062	0.01165	0.00706	0.01037	0.00267	0.06552	0.00897	0.00388	0.01031
37	0.00943	0.00787	0.00822	0.00813	0.01064	0.00666	0.00610	0.01164	0.01830	0.02243	0.16592	0.07217	0.58770	0.01908	0.00916	0.00259	0.00389	0.01602	0.00740	0.00666
38	0.01181	0.00797	0.01080	0.01080	0.01207	0.00887	0.00809	0.01435	0.01308	0.01984	0.02223	0.03305	0.02075	0.14396	0.45891	0.00954	0.01530	0.00851	0.16340	0.00667
39	0.01438	0.01113	0.01384	0.01458	0.01708	0.01189	0.01220	0.02331	0.20998	0.02580	0.03830	0.09715	0.03868	0.01830	0.00984	0.00327	0.00673	0.41754	0.00736	0.00863
40	0.01097	0.00793	0.01036	0.00975	0.01158	0.00732	0.00732	0.01463	0.02195	0.03109	0.67505	0.05792	0.07316	0.01585	0.00914	0.00244	0.00366	0.01402	0.00854	0.00732
41	0.01317	0.01112	0.01588	0.01475	0.01564	0.01420	0.01178	0.01552	0.01237	0.01854	0.01754	0.02660	0.01664	0.06413	0.42482	0.00887	0.24993	0.00786	0.03327	0.00738
42	0.01549	0.03803	0.63648	0.02250	0.05556	0.01759	0.02761	0.02412	0.01664	0.02485	0.04088	0.01816	0.01249	0.00770	0.00745	0.00245	0.01106	0.00611	0.00351	0.01132
43	0.02073	0.73217	0.04063	0.01327	0.01990	0.03068	0.01327	0.02322	0.01575	0.01824	0.01078	0.01244	0.00995	0.00663	0.00498	0.00166	0.00829	0.00415	0.00332	0.00995
44	0.01464	0.01378	0.02326	0.70887	0.05340	0.01723	0.02153	0.01981	0.01550	0.01981	0.01378	0.02067	0.01034	0.00775	0.00775	0.00258	0.01034	0.00689	0.00345	0.00861
45	0.01097	0.00793	0.01036	0.00975	0.01158	0.00732	0.00732	0.01463	0.02195	0.03109	0.67505	0.05792	0.07316	0.01585	0.00914	0.00244	0.00366	0.01402	0.00854	0.00732
46	0.01830	0.02092	0.04575	0.03268	0.04052	0.01961	0.65098	0.02484	0.01830	0.02484	0.01569	0.02092	0.01176	0.00654	0.00915	0.00261	0.01307	0.00915	0.00392	0.01046
47	0.01019	0.00745	0.00974	0.01129	0.01237	0.00700	0.00837	0.01218	0.01599	0.02082	0.04713	0.47319	0.13375	0.02293	0.01001	0.00318	0.00510	0.17558	0.00718	0.00655
48	0.01245	0.00805	0.01055	0.01027	0.01212	0.00736	0.00756	0.01541	0.02005	0.08049	0.44447	0.22179	0.08452	0.01759	0.00922	0.00262	0.00411	0.01560	0.00824	0.00751
49	0.01885	0.01807	0.03086	0.09712	0.63227	0.01833	0.02363	0.02350	0.01749	0.02492	0.01452	0.01930	0.01214	0.00697	0.00768	0.00232	0.00930	0.00691	0.00381	0.01201
50	0.01555	0.04011	0.68733	0.02210	0.03356	0.01801	0.02865	0.02455	0.01637	0.02455	0.01391	0.01637	0.00982	0.00737	0.00737	0.00246	0.01146	0.00573	0.00327	0.01146
51	0.01076	0.00776	0.01017	0.00990	0.01154	0.00717	0.00730	0.01409	0.02094	0.02949	0.58560	0.15192	0.07006	0.01705	0.00925	0.00254	0.00378	0.01516	0.00835	0.00717
52	0.06276	0.02320	0.01970	0.01686	0.02172	0.22789	0.01322	0.14521	0.22280	0.13398	0.02208	0.02131	0.01615	0.00922	0.00743	0.00233	0.00905	0.00692	0.00679	0.01138
53	0.01929	0.01666	0.01753	0.01578	0.02016	0.01929	0.01227	0.04120	0.66513	0.03243	0.03156	0.02893	0.02367	0.01052	0.00789	0.00263	0.00614	0.00877	0.00789	0.01227
54	0.01608	0.01378	0.01608	0.01148	0.01837	0.01034	0.00919	0.01952	0.01608	0.02527	0.01378	0.01608	0.01148	0.00574	0.00574	0.00115	0.00574	0.00459	0.00459	0.77491
55	0.01618	0.09025	0.58218	0.02237	0.03315	0.01910	0.08250	0.02448	0.01649	0.02411	0.01384	0.01648	0.01000	0.00724	0.00735	0.00241	0.01136	0.00591	0.00333	0.01126
56	0.01830	0.02092	0.04575	0.03268	0.04052	0.01961	0.65098	0.02484	0.01830	0.02484	0.01569	0.02092	0.01176	0.00654	0.00915	0.00261	0.01307	0.00915	0.00392	0.01046
57	0.01608	0.01378	0.01608	0.01148	0.01837	0.01034	0.00919	0.01952	0.01608	0.02527	0.01378	0.01608	0.01148	0.00574	0.00574	0.00115	0.00574	0.00459	0.00459	0.77491
58	0.01535	0.00809	0.00819	0.00786	0.00993	0.00823	0.00598	0.05607	0.01747	0.03010	0.02489	0.02829	0.01947	0.00905	0.00556	0.00184	0.00391	0.00721	0.72492	0.00758
59	0.03304	0.06720	0.01967	0.01384	0.01982	0.01319	0.01158	0.03685	0.05047	0.60543	0.02915	0.02546	0.01870	0.00942	0.00759	0.00235	0.00670	0.00757	0.00905	0.01291
60	0.01015	0.00748	0.00950	0.00988	0.01130	0.00683	0.00707	0.01271	0.01869	0.02545	0.35507	0.30831	0.14985	0.01953	0.00943	0.00273	0.00401	0.01735	0.00785	0.00683
61	0.07398	0.02081	0.02200	0.01701	0.02298	0.02306	0.01403	0.59327	0.03435	0.04732	0.01838	0.01862	0.01313	0.00917	0.00750	0.00231	0.00821	0.00682	0.03436	0.01269
62	0.00967	0.00697	0.00917	0.01054	0.01127	0.00646	0.00717	0.01140	0.01604	0.02159	0.14225	0.59749	0.07554	0.02282	0.00976	0.00302	0.00435	0.02061	0.00741	0.00646
63	0.02073	0.73217	0.04063	0.01327	0.01990	0.03068	0.01327	0.02322	0.01575	0.01824	0.01078	0.01244	0.00995	0.00663	0.00498	0.00166	0.00829	0.00415	0.00332	0.00995
64	0.78228	0.01499	0.01140	0.01020	0.01499	0.01739	0.00840	0.02279	0.01320	0.03479	0.01080	0.01260	0.00840	0.00720	0.00480	0.00240	0.00600	0.00420	0.00480	0.00840
65	0.01129	0.00862	0.01287	0.01275	0.01408	0.01021	0.00996	0.01402	0.01244	0.01802	0.02038	0.02997	0.01905	0.05652	0.67226	0.01213	0.04607	0.00825	0.00413	0.00698
66	0.01283	0.01011	0.00965	0.00947	0.00982	0.06817	0.00560	0.01301	0.01222	0.01538	0.02333	0.04750	0.02659	0.66416	0.03661	0.00703	0.00809	0.01072	0.00464	0.00508
67	0.00942	0.00685	0.00890	0.01054	0.01118	0.00632	0.00708	0.01083	0.01509	0.01989	0.04589	0.66541	0.10628	0.02388	0.00983	0.00310	0.00445	0.02154	0.00720	0.00632
68	0.01445	0.00723	0.00723	0.00723	0.00903	0.00723	0.00542	0.01807	0.01626	0.02891	0.02529	0.02891	0.01987	0.00903	0.00542	0.00181	0.00361	0.00723	0.77055	0.00723
69	0.00945	0.00675	0.00900	0.01080	0.01125	0.00630	0.00720	0.01080	0.01484	0.01979	0.04274	0.72245	0.05128	0.02429	0.00990	0.00315	0.00450	0.02204	0.00720	0.00630
70	0.03479	0.01320	0.01799	0.01380	0.01979	0.01140	0.01140	0.03779	0.02219	0.68451	0.03059	0.02639	0.01919	0.00960	0.00780	0.00240	0.00660	0.00780	0.00960	0.01320
71	0.00945	0.00675	0.00900	0.01080	0.01125	0.00630	0.00720	0.01080	0.01484	0.01979	0.04274	0.72245	0.05128	0.02429	0.00990	0.00315	0.00450	0.02204	0.00720	0.00630
72	0.02331	0.01724	0.01896	0.01545	0.02092	0.01832	0.01237	0.20918	0.31420	0.10649	0.02495	0.02368	0.01827	0.00931	0.00750	0.00228	0.00680	0.00749	0.00750	0.13578
73	0.02019	0.01710	0.01804	0.01596	0.02051	0.01971	0.01249	0.09530	0.60956	0.03389	0.03041	0.02802	0.02274	0.01041	0.00788	0.00260	0.00635	0.00861	0.00788	0.01235
74	0.01803	0.02038	0.04407	0.08333	0.04149	0.01943	0.60383	0.02446	0.01809	0.02446	0.01554	0.02090	0.01166	0.00663	0.00905	0.00261	0.01287	0.00898	0.00389	0.01032
75	0.01108	0.00831	0.01246	0.01246	0.01385	0.00969	0.00969	0.01385	0.01246	0.01800	0.02077	0.03046	0.01938	0.05815	0.69678	0.01246	0.02077	0.00831	0.00415	0.00692
76	0.01187	0.00867	0.01162	0.01290	0.01481	0.00842	0.01102	0.01522	0.01826	0.02372	0.11298	0.08255	0.13619	0.02058	0.01033	0.00332	0.00632	0.47685	0.00729	0.00707
77	0.00916	0.00785	0.00785	0.00785	0.01047	0.00655	0.00589	0.01113	0.01767	0.02095	0.07855	0.07462	0.67599	0.01964	0.00916	0.00262	0.00393	0.01636	0.00720	0.00655
78	0.00951	0.00680	0.00905	0.01075	0.01126	0.00634	0.00720	0.01095	0.01513	0.02025	0.06851	0.69536	0.05217	0.02395	0.00987	0.00312	0.00446	0.02172	0.00725	0.00634
79	0.02896	0.03695	0.02197	0.01998	0.02397	0.69638	0.01498	0.03096	0.02197	0.01898	0.01199	0.01398	0.00999	0.00799	0.00699	0.00200	0.01398	0.00499	0.00400	0.00899
80	0.01108	0.00831	0.01246	0.01246	0.01385	0.00969	0.00969	0.01385	0.01246	0.01800	0.02077	0.03046	0.01938	0.05815	0.69678	0.01246	0.02077	0.00831	0.00415	0.00692
81	0.08524	0.02959	0.02192	0.01942	0.04453	0.39750	0.01469	0.23938	0.02605	0.03042	0.01421	0.01561	0.01102	0.00834	0.00711	0.00215	0.01140	0.00566	0.00531	0.01046
82	0.02082	0.01742	0.01840	0.01609	0.02075	0.02000	0.01264	0.13355	0.57028	0.03491	0.02961	0.02737	0.02209	0.01034	0.00787	0.00258	0.00650	0.00850	0.00787	0.01241
83	0.75202	0.01599	0.03807	0.01067	0.01573	0.01742	0.00920	0.02286	0.01332	0.03438	0.01092	0.01274	0.00845	0.00720	0.00490	0.00240	0.00621	0.00426	0.00474	0.00852
84	0.03333	0.01312	0.01769	0.01371	0.01949	0.01152	0.01127	0.03702	0.04478	0.63657	0.05530	0.02769	0.02142	0.00987	0.00785	0.00241	0.00647	0.00807	0.00950	0.01294
85	0.03043	0.02068	0.02226	0.01717	0.02326	0.04467	0.01413	0.51934	0.03335	0.16425	0.02058	0.01988	0.01418	0.00932	0.00774	0.00233	0.00836	0.00706	0.00797	0.01304
86	0.01830	0.02092	0.04575	0.03268	0.04052	0.01961	0.65098	0.02484	0.01830	0.02484	0.01569	0.02092	0.01176	0.00654	0.00915	0.00261	0.01307	0.00915	0.00392	0.01046
87	0.02073	0.73217	0.04063	0.01327	0.01990	0.03068	0.01327	0.02322	0.01575	0.01824	0.01078	0.01244	0.00995	0.00663	0.00498	0.00166	0.00829	0.00415	0.00332	0.00995
88	0.00945	0.00675	0.00900	0.01080	0.01125	0.00630	0.00720	0.01080	0.01484	0.01979	0.04274	0.72245	0.05128	0.02429	0.00990	0.00315	0.00450	0.02204	0.00720	0.00630
89	0.01342	0.00909	0.01002	0.00993	0.01015	0.00878	0.00570	0.01285	0.01262	0.01705	0.02609	0.05238	0.02955	0.70430	0.03921	0.00771	0.00816	0.01174	0.00538	0.00586
90	0.01806	0.01514	0.01738	0.01286	0.01973	0.01150	0.01004	0.02081	0.01726	0.02693	0.01580	0.01890	0.01341	0.00716	0.00664	0.00156	0.00644	0.00529	0.00528	0.74979
91	0.01323	0.00986	0.01389	0.01380	0.01535	0.01088	0.01052	0.01533	0.01377	0.01992	0.02255	0.03280	0.02104	0.05778	0.67411	0.01249	0.02095	0.00887	0.00485	0.00801

[dist]
# distance from previous block
# <min> <max>
0	8

[block]
# block no. 3 follows, 25 sequences, length 367
# corresponding to MSA columns:
# 318-684
name=unknown_D
#
# <colnr> <probs for GDERKNQSTAVLIFYWHMCP>
#	G	D	E	R	K	N	Q	S	T	A	V	L	I	F	Y	W	H	M	C	P
0	0.02696	0.35093	0.03165	0.01806	0.02341	0.34758	0.01491	0.05052	0.02076	0.02177	0.01396	0.01663	0.01225	0.00890	0.00705	0.00228	0.01168	0.00543	0.00459	0.01069
1	0.02994	0.02175	0.02315	0.01825	0.02411	0.02346	0.01471	0.58007	0.03537	0.04821	0.02119	0.02245	0.01577	0.01071	0.00848	0.00269	0.00880	0.00767	0.06953	0.01366
2	0.01581	0.03830	0.62691	0.02310	0.03421	0.01816	0.08726	0.02458	0.01655	0.02458	0.01408	0.01680	0.01000	0.00729	0.00753	0.00247	0.01161	0.00605	0.00333	0.01136
3	0.01573	0.06418	0.66484	0.02179	0.03308	0.01845	0.02811	0.02451	0.01635	0.02434	0.01381	0.01623	0.00983	0.00734	0.00728	0.00243	0.01135	0.00567	0.00328	0.01141
4	0.01525	0.01440	0.02434	0.62122	0.13634	0.01739	0.02183	0.02034	0.01579	0.02054	0.01389	0.02048	0.01059	0.00764	0.00774	0.00255	0.01019	0.00689	0.00350	0.00910
5	0.01708	0.01627	0.02766	0.35480	0.38845	0.01787	0.02274	0.02194	0.01666	0.02277	0.01421	0.01988	0.01138	0.00730	0.00771	0.00243	0.00973	0.00690	0.00366	0.01058
6	0.01608	0.01378	0.01608	0.01148	0.01837	0.01034	0.00919	0.01952	0.01608	0.02527	0.01378	0.01608	0.01148	0.00574	0.00574	0.00115	0.00574	0.00459	0.00459	0.77491
7	0.00916	0.00785	0.00785	0.00785	0.01047	0.00655	0.00589	0.01113	0.01767	0.02095	0.07855	0.07462	0.67599	0.01964	0.00916	0.00262	0.00393	0.01636	0.00720	0.00655
8	0.01089	0.00792	0.01024	0.00966	0.01153	0.00728	0.00725	0.01446	0.02174	0.03061	0.64660	0.05871	0.10191	0.01603	0.00915	0.00245	0.00367	0.01413	0.00847	0.00728
9	0.01919	0.01842	0.03147	0.04759	0.67914	0.01842	0.02380	0.02380	0.01765	0.02533	0.01458	0.01919	0.01228	0.00691	0.00768	0.00230	0.00921	0.00691	0.00384	0.01228
10	0.01464	0.01378	0.02326	0.70887	0.05340	0.01723	0.02153	0.01981	0.01550	0.01981	0.01378	0.02067	0.01034	0.00775	0.00775	0.00258	0.01034	0.00689	0.00345	0.00861
11	0.00925	0.00786	0.00798	0.00795	0.01053	0.00658	0.00596	0.01130	0.01788	0.02143	0.10730	0.07381	0.64694	0.01945	0.00916	0.00261	0.00391	0.01625	0.00726	0.00658
12	0.55155	0.01667	0.01480	0.01236	0.01758	0.01886	0.01019	0.18806	0.01968	0.06821	0.01374	0.01480	0.01014	0.00786	0.00571	0.00238	0.00669	0.00509	0.00579	0.00987
13	0.01464	0.01378	0.02326	0.70887	0.05340	0.01723	0.02153	0.01981	0.01550	0.01981	0.01378	0.02067	0.01034	0.00775	0.00775	0.00258	0.01034	0.00689	0.00345	0.00861
14	0.01555	0.04011	0.68733	0.02210	0.03356	0.01801	0.02865	0.02455	0.01637	0.02455	0.01391	0.01637	0.00982	0.00737	0.00737	0.00246	0.01146	0.00573	0.00327	0.01146
15	0.01555	0.04011	0.68733	0.02210	0.03356	0.01801	0.02865	0.02455	0.01637	0.02455	0.01391	0.01637	0.00982	0.00737	0.00737	0.00246	0.01146	0.00573	0.00327	0.01146
16	0.01128	0.00752	0.00846	0.00846	0.00846	0.00752	0.00470	0.01128	0.01128	0.01503	0.02443	0.05074	0.02819	0.72751	0.03946	0.00752	0.00752	0.01128	0.00470	0.00470
17	0.00945	0.00675	0.00900	0.01080	0.01125	0.00630	0.00720	0.01080	0.01484	0.01979	0.04274	0.72245	0.05128	0.02429	0.00990	0.00315	0.00450	0.02204	0.00720	0.00630
18	0.00945	0.00675	0.00900	0.01080	0.01125	0.00630	0.00720	0.01080	0.01484	0.01979	0.04274	0.72245	0.05128	0.02429	0.00990	0.00315	0.00450	0.02204	0.00720	0.00630
19	0.03479	0.01320	0.01799	0.01380	0.01979	0.01140	0.01140	0.03779	0.02219	0.68451	0.03059	0.02639	0.01919	0.00960	0.00780	0.00240	0.00660	0.00780	0.00960	0.01320
20	0.03479	0.01320	0.01799	0.01380	0.01979	0.01140	0.01140	0.03779	0.02219	0.68451	0.03059	0.02639	0.01919	0.00960	0.00780	0.00240	0.00660	0.00780	0.00960	0.01320
21	0.01608	0.01378	0.01608	0.01148	0.01837	0.01034	0.00919	0.01952	0.01608	0.02527	0.01378	0.01608	0.01148	0.00574	0.00574	0.00115	0.00574	0.00459	0.00459	0.77491
22	0.78228	0.01499	0.01140	0.01020	0.01499	0.01739	0.00840	0.02279	0.01320	0.03479	0.01080	0.01260	0.00840	0.00720	0.00480	0.00240	0.00600	0.00420	0.00480	0.00840
23	0.78228	0.01499	0.01140	0.01020	0.01499	0.01739	0.00840	0.02279	0.01320	0.03479	0.01080	0.01260	0.00840	0.00720	0.00480	0.00240	0.00600	0.00420	0.00480	0.00840
24	0.00945	0.00675	0.00900	0.01080	0.01125	0.00630	0.00720	0.01080	0.01484	0.01979	0.04274	0.72245	0.05128	0.02429	0.00990	0.00315	0.00450	0.02204	0.00720	0.00630
25	0.78228	0.01499	0.01140	0.01020	0.01499	0.01739	0.00840	0.02279	0.01320	0.03479	0.01080	0.01260	0.00840	0.00720	0.00480	0.00240	0.00600	0.00420	0.00480	0.00840
26	0.01249	0.00892	0.01249	0.01428	0.01606	0.00892	0.01249	0.01606	0.01785	0.02320	0.04105	0.08746	0.04462	0.02142	0.01071	0.00357	0.00714	0.62695	0.00714	0.00714
27	0.01128	0.00752	0.00846	0.00846	0.00846	0.00752	0.00470	0.01128	0.01128	0.01503	0.02443	0.05074	0.02819	0.72751	0.03946	0.00752	0.00752	0.01128	0.00470	0.00470
28	0.03377	0.01297	0.01767	0.01362	0.01944	0.01122	0.01122	0.03679	0.02218	0.65651	0.05820	0.02774	0.02151	0.00986	0.00786	0.00240	0.00647	0.00806	0.00955	0.01294
29	0.02756	0.03344	0.02136	0.01928	0.02341	0.57357	0.01457	0.05392	0.11711	0.02199	0.01509	0.01634	0.01211	0.00841	0.00715	0.00210	0.01264	0.00562	0.00470	0.00962
30	0.03435	0.01389	0.01843	0.01413	0.02014	0.01243	0.01167	0.08818	0.02336	0.63246	0.02961	0.02575	0.01870	0.00957	0.00779	0.00239	0.00676	0.00773	0.00945	0.01319
31	0.01657	0.03868	0.65189	0.02166	0.03283	0.01766	0.02773	0.02526	0.01668	0.05951	0.01480	0.01690	0.01032	0.00748	0.00739	0.00245	0.01120	0.00584	0.00361	0.01155
32	0.78228	0.01499	0.01140	0.01020	0.01499	0.01739	0.00840	0.02279	0.01320	0.03479	0.01080	0.01260	0.00840	0.00720	0.00480	0.00240	0.00600	0.00420	0.00480	0.00840
33	0.01538	0.00909	0.01112	0.01020	0.01323	0.00799	0.00802	0.01819	0.01989	0.16428	0.23942	0.06063	0.30852	0.01656	0.00900	0.00260	0.00468	0.06486	0.00809	0.00822
34	0.02947	0.02172	0.02327	0.01784	0.02404	0.02404	0.01474	0.65329	0.03646	0.04887	0.01862	0.01862	0.01319	0.00931	0.00776	0.00233	0.00853	0.00698	0.00776	0.01319
35	0.01830	0.02092	0.04575	0.03268	0.04052	0.01961	0.65098	0.02484	0.01830	0.02484	0.01569	0.02092	0.01176	0.00654	0.00915	0.00261	0.01307	0.00915	0.00392	0.01046
36	0.01464	0.01378	0.02326	0.70887	0.05340	0.01723	0.02153	0.01981	0.01550	0.01981	0.01378	0.02067	0.01034	0.00775	0.00775	0.00258	0.01034	0.00689	0.00345	0.00861
