[name]
unknown

[dist]
# distance from previous block
# <min> <max>
0	14

[block]
# block no. 0 follows, 25 sequences, length 41
# corresponding to MSA columns:
# 14-54
name=unknown_A
#
# <colnr> <probs for GDERKNQSTAVLIFYWHMCP>
#	G	D	E	R	K	N	Q	S	T	A	V	L	I	F	Y	W	H	M	C	P
0	0.01249	0.00892	0.01249	0.01428	0.01606	0.00892	0.01249	0.01606	0.01785	0.02320	0.04105	0.08746	0.04462	0.02142	0.01071	0.00357	0.00714	0.62695	0.00714	0.00714
1	0.01110	0.00823	0.01208	0.01208	0.01333	0.00949	0.00922	0.01360	0.01235	0.01772	0.02112	0.03238	0.02022	0.12167	0.63440	0.01199	0.01951	0.00859	0.00421	0.00671
2	0.01830	0.02092	0.04575	0.03268	0.04052	0.01961	0.65098	0.02484	0.01830	0.02484	0.01569	0.02092	0.01176	0.00654	0.00915	0.00261	0.01307	0.00915	0.00392	0.01046
3	0.01058	0.00760	0.00982	0.01024	0.01130	0.00723	0.00705	0.01252	0.01602	0.02213	0.21341	0.33095	0.04911	0.15298	0.07196	0.00445	0.00621	0.01607	0.00677	0.03361
4	0.01608	0.01378	0.01608	0.01148	0.01837	0.01034	0.00919	0.01952	0.01608	0.02527	0.01378	0.01608	0.01148	0.00574	0.00574	0.00115	0.00574	0.00459	0.00459	0.77491
5	0.01097	0.00793	0.01036	0.00975	0.01158	0.00732	0.00732	0.01463	0.02195	0.03109	0.67505	0.05792	0.07316	0.01585	0.00914	0.00244	0.00366	0.01402	0.00854	0.00732
6	0.38122	0.01753	0.06008	0.12665	0.05278	0.05125	0.01334	0.05904	0.05196	0.03082	0.07407	0.01989	0.01609	0.00842	0.00642	0.00242	0.00754	0.00620	0.00507	0.00922
7	0.22699	0.02832	0.01944	0.01700	0.02163	0.39145	0.01321	0.14593	0.02239	0.02876	0.01292	0.01449	0.01017	0.00803	0.00656	0.00217	0.01086	0.00516	0.00491	0.00962
8	0.01003	0.00765	0.00927	0.00994	0.01141	0.00703	0.00704	0.01275	0.03972	0.02294	0.18580	0.37913	0.22741	0.02074	0.00947	0.00283	0.00422	0.01832	0.00750	0.00679
9	0.01664	0.18532	0.55164	0.02025	0.03069	0.02067	0.02542	0.02427	0.01624	0.02323	0.01326	0.01554	0.00985	0.00721	0.00686	0.00229	0.01079	0.00540	0.00328	0.01114
10	0.01967	0.01960	0.03017	0.08885	0.58561	0.07257	0.02294	0.02411	0.01786	0.02446	0.01432	0.01887	0.01197	0.00705	0.00763	0.00230	0.00967	0.00675	0.00382	0.01178
11	0.00926	0.00786	0.00798	0.00795	0.01053	0.00658	0.00596	0.01130	0.01789	0.02146	0.10862	0.07378	0.64560	0.01945	0.00916	0.00261	0.00391	0.01625	0.00727	0.00658
12	0.01464	0.01378	0.02326	0.70887	0.05340	0.01723	0.02153	0.01981	0.01550	0.01981	0.01378	0.02067	0.01034	0.00775	0.00775	0.00258	0.01034	0.00689	0.00345	0.00861
13	0.01789	0.01710	0.02913	0.23637	0.50050	0.01808	0.02315	0.02266	0.01704	0.02376	0.01436	0.01961	0.01173	0.00715	0.00770	0.00238	0.00953	0.00690	0.00373	0.01123
14	0.05360	0.01564	0.01835	0.01473	0.02032	0.01580	0.01193	0.13492	0.20749	0.33176	0.02719	0.02473	0.01864	0.00948	0.00758	0.00237	0.00670	0.00761	0.00832	0.06283
15	0.01464	0.01378	0.02326	0.70887	0.05340	0.01723	0.02153	0.01981	0.01550	0.01981	0.01378	0.02067	0.01034	0.00775	0.00775	0.00258	0.01034	0.00689	0.00345	0.00861
16	0.01767	0.01687	0.02873	0.26831	0.47029	0.01802	0.02304	0.02247	0.01694	0.02349	0.01432	0.01968	0.01163	0.00719	0.00770	0.00240	0.00959	0.00690	0.00371	0.01106
17	0.02749	0.01731	0.02358	0.06838	0.23779	0.05457	0.01667	0.10562	0.02200	0.31431	0.02184	0.02205	0.01515	0.00848	0.00770	0.00235	0.00833	0.00719	0.00680	0.01237
18	0.01097	0.00793	0.01036	0.00975	0.01158	0.00732	0.00732	0.01463	0.02195	0.03109	0.67505	0.05792	0.07316	0.01585	0.00914	0.00244	0.00366	0.01402	0.00854	0.00732
19	0.01919	0.01842	0.03147	0.04759	0.67914	0.01842	0.02380	0.02380	0.01765	0.02533	0.01458	0.01919	0.01228	0.00691	0.00768	0.00230	0.00921	0.00691	0.00384	0.01228
20	0.02754	0.03234	0.02280	0.02122	0.05928	0.51702	0.01559	0.11172	0.02284	0.02324	0.01286	0.01512	0.01055	0.00855	0.00861	0.00217	0.06894	0.00550	0.00443	0.00968
21	0.00953	0.00785	0.00823	0.00815	0.01051	0.00671	0.00602	0.01161	0.01789	0.02199	0.15635	0.07099	0.55736	0.05943	0.01089	0.00287	0.00410	0.01576	0.00724	0.00654
22	0.00945	0.00675	0.00900	0.01080	0.01125	0.00630	0.00720	0.01080	0.01484	0.01979	0.04274	0.72245	0.05128	0.02429	0.00990	0.00315	0.00450	0.02204	0.00720	0.00630
23	0.18227	0.01756	0.01815	0.01488	0.01981	0.01960	0.01207	0.37050	0.07344	0.04012	0.01982	0.06257	0.01597	0.01308	0.05248	0.00306	0.00819	0.00755	0.03784	0.01105
24	0.01712	0.24916	0.49198	0.01943	0.02943	0.02184	0.02400	0.02415	0.01618	0.02265	0.01297	0.01518	0.00986	0.00715	0.00664	0.00221	0.01050	0.00525	0.00329	0.01100
25	0.00989	0.00774	0.00806	0.00806	0.00978	0.00688	0.00548	0.01118	0.01548	0.01892	0.06000	0.06644	0.45398	0.26224	0.01955	0.00430	0.00516	0.01462	0.00634	0.00591
26	0.78228	0.01499	0.01140	0.01020	0.01499	0.01739	0.00840	0.02279	0.01320	0.03479	0.01080	0.01260	0.00840	0.00720	0.00480	0.00240	0.00600	0.00420	0.00480	0.00840
27	0.00945	0.00675	0.00900	0.01080	0.01125	0.00630	0.00720	0.01080	0.01484	0.01979	0.04274	0.72245	0.05128	0.02429	0.00990	0.00315	0.00450	0.02204	0.00720	0.00630
28	0.01606	0.08442	0.60539	0.02217	0.03309	0.01894	0.06589	0.02448	0.01645	0.02416	0.01382	0.01639	0.00995	0.00727	0.00732	0.00241	0.01135	0.00584	0.00332	0.01130
29	0.02186	0.44259	0.08844	0.01755	0.02446	0.08158	0.10387	0.06624	0.01832	0.05126	0.01320	0.01508	0.01082	0.00710	0.00622	0.00196	0.00962	0.00539	0.00402	0.01042
30	0.01445	0.00723	0.00723	0.00723	0.00903	0.00723	0.00542	0.01807	0.01626	0.02891	0.02529	0.02891	0.01987	0.00903	0.00542	0.00181	0.00361	0.00723	0.77055	0.00723
31	0.01666	0.01748	0.03520	0.03130	0.16824	0.01662	0.38715	0.02173	0.01745	0.02390	0.02102	0.16493	0.02001	0.01027	0.00900	0.00266	0.01050	0.01133	0.00458	0.00998
32	0.08235	0.06772	0.05698	0.01886	0.07688	0.23971	0.01426	0.09998	0.09401	0.02801	0.12406	0.02379	0.02233	0.00945	0.00732	0.00224	0.00925	0.00722	0.00559	0.01000
33	0.01003	0.00694	0.00917	0.01051	0.01093	0.00668	0.00695	0.01099	0.01393	0.01865	0.03721	0.54836	0.04404	0.12561	0.05260	0.05022	0.00594	0.01886	0.00645	0.00593
34	0.07658	0.00999	0.01228	0.01228	0.01418	0.01016	0.02864	0.10243	0.01790	0.02563	0.03516	0.51525	0.03990	0.01961	0.00897	0.00290	0.00542	0.01746	0.03766	0.00760
35	0.06466	0.02636	0.26827	0.03404	0.31685	0.01838	0.11213	0.02415	0.01701	0.02556	0.01426	0.01801	0.01109	0.00704	0.00759	0.00241	0.01036	0.00663	0.00371	0.01149
36	0.08191	0.20685	0.38455	0.01830	0.02726	0.02171	0.02126	0.08409	0.04087	0.02642	0.01395	0.01574	0.01054	0.00747	0.00662	0.00225	0.00976	0.00544	0.00400	0.01102
37	0.00944	0.00679	0.00895	0.01068	0.01122	0.00631	0.00715	0.01081	0.01496	0.01984	0.04415	0.69682	0.07599	0.02411	0.00987	0.00313	0.00448	0.02182	0.00720	0.00631
38	0.02238	0.10642	0.03541	0.02770	0.10721	0.20915	0.28617	0.06747	0.02015	0.02409	0.01416	0.01767	0.01122	0.00718	0.00781	0.00228	0.01203	0.00702	0.00411	0.01038
39	0.05768	0.06464	0.41422	0.02321	0.10210	0.06403	0.02355	0.11291	0.01951	0.02792	0.01422	0.01648	0.01051	0.00759	0.00719	0.00235	0.01055	0.00584	0.00409	0.01141
40	0.02094	0.06376	0.07349	0.01921	0.09321	0.23092	0.01399	0.10245	0.01929	0.02281	0.01687	0.02567	0.01585	0.19975	0.04620	0.00401	0.01083	0.00727	0.00455	0.00892

[dist]
# distance from previous block
# <min> <max>
1	10

[block]
# block no. 1 follows, 25 sequences, length 17
# corresponding to MSA columns:
# 65-81
name=unknown_B
#
# <colnr> <probs for GDERKNQSTAVLIFYWHMCP>
#	G	D	E	R	K	N	Q	S	T	A	V	L	I	F	Y	W	H	M	C	P
0	0.01868	0.28009	0.13813	0.01449	0.02151	0.01992	0.01438	0.02441	0.07794	0.05557	0.01557	0.01723	0.01257	0.00950	0.03923	0.00230	0.00844	0.00536	0.00445	0.22026
1	0.25908	0.11805	0.24850	0.01566	0.02296	0.05627	0.01666	0.04678	0.01682	0.05379	0.04575	0.01705	0.01306	0.00778	0.00629	0.00226	0.00861	0.00550	0.00451	0.03462
2	0.05067	0.48054	0.24675	0.01597	0.02408	0.02607	0.01800	0.02363	0.01585	0.02095	0.01179	0.01370	0.00984	0.00689	0.00573	0.00194	0.00921	0.00466	0.00336	0.01037
3	0.01901	0.14368	0.27264	0.02315	0.12150	0.05920	0.05088	0.07892	0.07215	0.02588	0.01851	0.02031	0.04449	0.00821	0.00725	0.00230	0.00978	0.00664	0.00439	0.01111
4	0.02481	0.01211	0.01550	0.01259	0.01730	0.01102	0.01012	0.05357	0.05705	0.37250	0.14143	0.03582	0.09271	0.01384	0.04215	0.00286	0.00654	0.00953	0.00842	0.06014
5	0.01114	0.00753	0.00882	0.00894	0.00908	0.00762	0.00527	0.01146	0.01160	0.01558	0.02530	0.09223	0.02895	0.62711	0.09178	0.00764	0.00842	0.01172	0.00481	0.00498
6	0.04564	0.09856	0.05035	0.04290	0.07468	0.10904	0.21613	0.02395	0.01708	0.05741	0.01594	0.06326	0.01384	0.00931	0.01073	0.00255	0.12663	0.00794	0.00428	0.00980
7	0.07136	0.15494	0.29790	0.01804	0.02620	0.07936	0.03948	0.02776	0.01793	0.17216	0.01679	0.01761	0.01194	0.00776	0.00690	0.00226	0.00973	0.00586	0.00489	0.01113
8	0.01929	0.01666	0.01753	0.01578	0.02016	0.01929	0.01227	0.04120	0.66513	0.03243	0.03156	0.02893	0.02367	0.01052	0.00789	0.00263	0.00614	0.00877	0.00789	0.01227
9	0.01887	0.24334	0.42327	0.01891	0.02824	0.05757	0.02241	0.02523	0.01681	0.05898	0.01381	0.01563	0.01039	0.00731	0.00666	0.00219	0.01039	0.00534	0.00368	0.01098
10	0.01347	0.00673	0.01010	0.01010	0.01010	0.00673	0.00673	0.01010	0.01010	0.01347	0.01347	0.02357	0.01347	0.02694	0.03030	0.77441	0.00673	0.00673	0.00337	0.00337
11	0.01588	0.01302	0.01316	0.01209	0.01478	0.07573	0.00924	0.07732	0.10931	0.02837	0.23689	0.04209	0.09694	0.03385	0.04675	0.04129	0.00670	0.02801	0.09026	0.00832
12	0.02165	0.65561	0.03866	0.01389	0.02035	0.06854	0.01344	0.05618	0.01718	0.01986	0.01125	0.01285	0.01012	0.00685	0.00523	0.00171	0.00863	0.00434	0.00358	0.01006
13	0.01027	0.00727	0.00874	0.00943	0.01004	0.00689	0.00603	0.01129	0.01418	0.01873	0.08183	0.32802	0.11514	0.31138	0.02188	0.00483	0.00561	0.01644	0.00626	0.00574
14	0.02443	0.01753	0.01919	0.01605	0.02118	0.01942	0.01282	0.20983	0.39481	0.13495	0.02784	0.02570	0.02010	0.01005	0.00784	0.00251	0.00687	0.00813	0.00811	0.01266
15	0.01864	0.37366	0.26867	0.01699	0.02462	0.06015	0.01877	0.02344	0.01640	0.02119	0.04460	0.01641	0.01303	0.00779	0.00724	0.00209	0.04710	0.00538	0.00360	0.01023
16	0.67761	0.01525	0.01242	0.01071	0.01576	0.01715	0.00880	0.05616	0.01468	0.03474	0.01146	0.01321	0.00891	0.00719	0.00504	0.00229	0.00611	0.00438	0.00494	0.07317

[dist]
# distance from previous block
# <min> <max>
0	1

[block]
# block no. 2 follows, 25 sequences, length 75
# corresponding to MSA columns:
# 83-157
name=unknown_C
#
# <colnr> <probs for GDERKNQSTAVLIFYWHMCP>
#	G	D	E	R	K	N	Q	S	T	A	V	L	I	F	Y	W	H	M	C	P
0	0.01152	0.00834	0.01117	0.01102	0.01178	0.00936	0.00784	0.01312	0.01205	0.01711	0.02193	0.03818	0.02262	0.33115	0.37587	0.00971	0.04619	0.00943	0.02552	0.00608
1	0.09220	0.13806	0.02344	0.01682	0.02151	0.30686	0.01356	0.11229	0.04064	0.02519	0.01345	0.01548	0.01107	0.00945	0.02559	0.00234	0.05502	0.00535	0.00460	0.06708
2	0.57600	0.01528	0.01335	0.04130	0.01765	0.01754	0.00974	0.08221	0.06577	0.03475	0.03335	0.01789	0.03238	0.00829	0.00569	0.00243	0.00630	0.00556	0.00543	0.00906
3	0.01637	0.01555	0.02638	0.45719	0.29156	0.01768	0.02239	0.02133	0.01632	0.02191	0.01409	0.02011	0.01108	0.00743	0.00772	0.00248	0.00991	0.00690	0.00359	0.01001
4	0.01396	0.01171	0.01977	0.23353	0.05490	0.01286	0.08574	0.01658	0.01487	0.01973	0.02216	0.14741	0.02244	0.01613	0.01384	0.15477	0.03874	0.08890	0.00460	0.00735
5	0.01671	0.01765	0.06366	0.24581	0.26795	0.01774	0.12402	0.02177	0.01638	0.02265	0.01480	0.02059	0.01195	0.01147	0.06345	0.00330	0.03885	0.00731	0.00371	0.01022
6	0.01919	0.01842	0.03147	0.04759	0.67914	0.01842	0.02380	0.02380	0.01765	0.02533	0.01458	0.01919	0.01228	0.00691	0.00768	0.00230	0.00921	0.00691	0.00384	0.01228
7	0.01895	0.01818	0.03104	0.08211	0.64648	0.01836	0.02368	0.02359	0.01754	0.02504	0.01454	0.01927	0.01218	0.00695	0.00768	0.00232	0.00927	0.00691	0.00382	0.01209
8	0.01364	0.00721	0.01050	0.01019	0.01066	0.00698	0.00690	0.01073	0.01050	0.01426	0.01349	0.02307	0.01333	0.02551	0.02865	0.72242	0.00667	0.00659	0.00345	0.05524
9	0.05178	0.01682	0.09192	0.13360	0.06997	0.01308	0.01425	0.02024	0.01605	0.02454	0.01626	0.01924	0.03716	0.00696	0.00648	0.00173	0.00733	0.00571	0.00431	0.44255
10	0.01108	0.00831	0.01246	0.01246	0.01385	0.00969	0.00969	0.01385	0.01246	0.01800	0.02077	0.03046	0.01938	0.05815	0.69678	0.01246	0.02077	0.00831	0.00415	0.00692
11	0.01464	0.01378	0.02326	0.70887	0.05340	0.01723	0.02153	0.01981	0.01550	0.01981	0.01378	0.02067	0.01034	0.00775	0.00775	0.00258	0.01034	0.00689	0.00345	0.00861
12	0.02387	0.01890	0.02053	0.05116	0.02365	0.02143	0.01390	0.32920	0.33599	0.03957	0.02456	0.02365	0.01806	0.00981	0.00782	0.00248	0.00748	0.00783	0.00761	0.01252
13	0.06495	0.01732	0.02842	0.43837	0.04557	0.06353	0.18797	0.02209	0.01654	0.02204	0.01398	0.01978	0.01057	0.00741	0.00789	0.00254	0.01104	0.00720	0.00369	0.00912
14	0.17409	0.01572	0.01700	0.01417	0.01898	0.01667	0.01145	0.25336	0.05427	0.15028	0.02407	0.12238	0.02057	0.01157	0.00756	0.00250	0.00686	0.03681	0.00730	0.03437
15	0.00977	0.00695	0.00918	0.01076	0.01130	0.00654	0.00728	0.01123	0.01503	0.02008	0.06643	0.62130	0.05028	0.07110	0.01189	0.00343	0.00479	0.04931	0.00708	0.00627
16	0.01445	0.00723	0.00723	0.00723	0.00903	0.00723	0.00542	0.01807	0.01626	0.02891	0.02529	0.02891	0.01987	0.00903	0.00542	0.00181	0.00361	0.00723	0.77055	0.00723
17	0.01445	0.00723	0.00723	0.00723	0.00903	0.00723	0.00542	0.01807	0.01626	0.02891	0.02529	0.02891	0.01987	0.00903	0.00542	0.00181	0.00361	0.00723	0.77055	0.00723
18	0.02574	0.02260	0.02003	0.01679	0.02182	0.19053	0.01326	0.23291	0.18934	0.08928	0.02386	0.02325	0.04650	0.00965	0.00759	0.00229	0.00881	0.00735	0.00685	0.04155
19	0.01046	0.00781	0.01129	0.01235	0.01343	0.00740	0.03589	0.01254	0.01584	0.02110	0.06606	0.54671	0.04919	0.02266	0.00999	0.00318	0.00533	0.13500	0.00710	0.00668
20	0.01445	0.00723	0.00723	0.00723	0.00903	0.00723	0.00542	0.01807	0.01626	0.02891	0.02529	0.02891	0.01987	0.00903	0.00542	0.00181	0.00361	0.00723	0.77055	0.00723
21	0.01920	0.02001	0.06079	0.08607	0.57975	0.05024	0.02346	0.02392	0.01767	0.02465	0.01438	0.01891	0.01194	0.00703	0.00763	0.00231	0.00961	0.00676	0.00380	0.01186
22	0.01115	0.00801	0.01097	0.01097	0.01184	0.00888	0.00784	0.01289	0.01202	0.01690	0.02213	0.03799	0.02265	0.30669	0.45271	0.01063	0.01585	0.00941	0.00436	0.00610
23	0.02947	0.02172	0.02327	0.01784	0.02404	0.02404	0.01474	0.65329	0.03646	0.04887	0.01862	0.01862	0.01319	0.00931	0.00776	0.00233	0.00853	0.00698	0.00776	0.01319
24	0.02698	0.01806	0.02008	0.01623	0.02174	0.01961	0.01313	0.30133	0.25807	0.18054	0.02583	0.02398	0.01823	0.00980	0.00781	0.00245	0.00726	0.00780	0.00820	0.01286
25	0.01647	0.01679	0.03151	0.37815	0.12029	0.01847	0.22496	0.02184	0.01647	0.02202	0.01431	0.02039	0.01102	0.00756	0.00910	0.00260	0.04717	0.00762	0.00364	0.00963
26	0.02695	0.02785	0.02137	0.01840	0.02314	0.34354	0.01430	0.21940	0.17044	0.03093	0.01835	0.01872	0.01401	0.00895	0.00742	0.00224	0.01059	0.00643	0.00599	0.01098
27	0.01164	0.00778	0.01011	0.01019	0.01111	0.00774	0.00723	0.01112	0.01345	0.01729	0.03902	0.15960	0.23091	0.02326	0.01973	0.34393	0.05296	0.01244	0.00525	0.00523
28	0.01534	0.01482	0.01598	0.01503	0.01664	0.13201	0.01179	0.01781	0.01412	0.01859	0.01748	0.02514	0.01612	0.04012	0.43796	0.00873	0.14222	0.00743	0.02511	0.00757
29	0.07540	0.02664	0.02111	0.01788	0.02261	0.32042	0.01406	0.20967	0.05541	0.10461	0.01676	0.01748	0.01250	0.00888	0.00807	0.00226	0.04345	0.00609	0.00591	0.01076
30	0.01120	0.00782	0.01002	0.01002	0.01056	0.00836	0.00664	0.01228	0.01174	0.01619	0.02300	0.04284	0.02476	0.46684	0.29545	0.00944	0.01268	0.01012	0.00449	0.00556
31	0.01578	0.01491	0.02438	0.51986	0.15491	0.01794	0.02117	0.02147	0.04789	0.02129	0.01457	0.02060	0.01132	0.00811	0.00886	0.00259	0.05424	0.00698	0.00373	0.00940
32	0.12550	0.02232	0.01943	0.01631	0.02129	0.18380	0.01294	0.23283	0.13240	0.09853	0.04526	0.02073	0.01649	0.00920	0.00727	0.00232	0.00875	0.00679	0.00669	0.01116
33	0.01696	0.01696	0.02375	0.02036	0.02036	0.02375	0.01696	0.01866	0.01187	0.01866	0.01018	0.01696	0.01018	0.01357	0.02545	0.00339	0.71332	0.00679	0.00339	0.00848
34	0.01039	0.00782	0.00961	0.00934	0.01127	0.00704	0.00694	0.01344	0.02031	0.02763	0.47370	0.11204	0.22711	0.01746	0.00921	0.00254	0.00379	0.01523	0.00809	0.00704
35	0.02314	0.01994	0.03084	0.02471	0.07008	0.02117	0.23319	0.25502	0.07586	0.06446	0.01807	0.02045	0.01345	0.00876	0.01007	0.00256	0.08289	0.00788	0.00584	0.01163
36	0.01463	0.01337	0.02225	0.66466	0.05061	0.01660	0.02052	0.01970	0.01555	0.02038	0.01451	0.02119	0.01094	0.00783	0.00760	0.00253	0.00991	0.00691	0.05179	0.00853
37	0.01480	0.01013	0.01041	0.01009	0.01170	0.06016	0.00759	0.01744	0.01512	0.02394	0.02189	0.02816	0.01854	0.05244	0.14484	0.05209	0.04335	0.00740	0.44291	0.00701
38	0.01696	0.01696	0.02375	0.02036	0.02036	0.02375	0.01696	0.01866	0.01187	0.01866	0.01018	0.01696	0.01018	0.01357	0.02545	0.00339	0.71332	0.00679	0.00339	0.00848
39	0.19300	0.16191	0.17812	0.01592	0.04167	0.01880	0.01558	0.05814	0.01759	0.13186	0.01658	0.01933	0.01275	0.00808	0.00645	0.00223	0.00808	0.02999	0.00512	0.05880
40	0.01494	0.12398	0.19667	0.05821	0.02243	0.04930	0.01580	0.01933	0.01474	0.02025	0.01701	0.02365	0.01492	0.06436	0.27168	0.00638	0.01406	0.00687	0.03674	0.00867
41	0.09211	0.02299	0.31264	0.01582	0.02212	0.01317	0.01741	0.01966	0.01750	0.02674	0.19294	0.10152	0.03353	0.01250	0.00812	0.00261	0.00778	0.06613	0.00555	0.00916
42	0.01711	0.02181	0.12744	0.08102	0.07818	0.01847	0.41475	0.02324	0.01732	0.02390	0.01669	0.06346	0.01381	0.00814	0.00940	0.00263	0.03935	0.00908	0.00397	0.01024
43	0.02406	0.09971	0.02545	0.12869	0.09320	0.04736	0.01626	0.31072	0.02567	0.05971	0.01615	0.01823	0.01217	0.00851	0.00814	0.00227	0.04203	0.00647	0.00575	0.04945
44	0.01123	0.00748	0.00979	0.01078	0.01158	0.00721	0.00745	0.01273	0.01480	0.04560	0.06208	0.43687	0.04373	0.16955	0.05569	0.00456	0.00633	0.06949	0.00665	0.00639
45	0.09814	0.01065	0.05408	0.00896	0.01200	0.00930	0.00768	0.02025	0.01631	0.07056	0.02331	0.02616	0.01792	0.00876	0.00563	0.00195	0.00458	0.00684	0.58891	0.00801
46	0.02699	0.01743	0.02234	0.01946	0.08338	0.01796	0.05307	0.29897	0.05464	0.21331	0.04662	0.02484	0.01826	0.05454	0.00990	0.00271	0.00801	0.00794	0.00749	0.01214
47	0.00945	0.00675	0.00900	0.01080	0.01125	0.00630	0.00720	0.01080	0.01484	0.01979	0.04274	0.72245	0.05128	0.02429	0.00990	0.00315	0.00450	0.02204	0.00720	0.00630
48	0.02772	0.01516	0.01807	0.01445	0.01973	0.01520	0.01173	0.19370	0.11978	0.33330	0.08044	0.03018	0.06315	0.01076	0.00799	0.00243	0.00664	0.00874	0.00864	0.01219
49	0.02269	0.01563	0.01723	0.01359	0.01913	0.05533	0.01085	0.09863	0.09677	0.18788	0.09737	0.02510	0.02205	0.00895	0.00719	0.00196	0.00658	0.00725	0.00697	0.27887
50	0.01445	0.00723	0.00723	0.00723	0.00903	0.00723	0.00542	0.01807	0.01626	0.02891	0.02529	0.02891	0.01987	0.00903	0.00542	0.00181	0.00361	0.00723	0.77055	0.00723
51	0.02604	0.01932	0.02406	0.01825	0.02456	0.02007	0.09094	0.38136	0.08407	0.10459	0.01993	0.02022	0.01429	0.00864	0.00768	0.00224	0.00833	0.00717	0.00708	0.11116
52	0.06765	0.01607	0.02596	0.05229	0.02608	0.01682	0.21696	0.10488	0.01981	0.06931	0.10621	0.03008	0.07040	0.04290	0.01191	0.00284	0.09530	0.00933	0.00563	0.00957
53	0.01445	0.00723	0.00723	0.00723	0.00903	0.00723	0.00542	0.01807	0.01626	0.02891	0.02529	0.02891	0.01987	0.00903	0.00542	0.00181	0.00361	0.00723	0.77055	0.00723
54	0.01661	0.01217	0.01432	0.01185	0.01619	0.01092	0.00920	0.11410	0.02051	0.06935	0.14096	0.15361	0.08957	0.01278	0.00780	0.00211	0.00548	0.01091	0.00676	0.27480
55	0.01128	0.00752	0.00846	0.00846	0.00846	0.00752	0.00470	0.01128	0.01128	0.01503	0.02443	0.05074	0.02819	0.72751	0.03946	0.00752	0.00752	0.01128	0.00470	0.00470
56	0.01084	0.00892	0.00966	0.00930	0.01192	0.00827	0.00702	0.01563	0.09611	0.02496	0.22819	0.06482	0.44118	0.01756	0.00901	0.00257	0.00412	0.01485	0.00763	0.00743
57	0.31167	0.01536	0.01647	0.01317	0.01876	0.01585	0.01087	0.14050	0.02136	0.33120	0.02113	0.01990	0.01412	0.00865	0.00668	0.00239	0.00672	0.00632	0.00749	0.01141
58	0.01704	0.01680	0.02309	0.01972	0.02026	0.02291	0.01637	0.01982	0.04450	0.01965	0.01141	0.01752	0.01091	0.01306	0.02366	0.00325	0.64555	0.00678	0.00367	0.04404
59	0.01608	0.01378	0.01608	0.01148	0.01837	0.01034	0.00919	0.01952	0.01608	0.02527	0.01378	0.01608	0.01148	0.00574	0.00574	0.00115	0.00574	0.00459	0.00459	0.77491
60	0.01816	0.01790	0.02792	0.28410	0.41315	0.05998	0.02243	0.02280	0.01715	0.02295	0.01413	0.01940	0.01144	0.00728	0.00766	0.00239	0.00991	0.00678	0.00371	0.01076
61	0.01358	0.01022	0.01145	0.01054	0.01304	0.03799	0.00800	0.05575	0.02165	0.05962	0.42063	0.08685	0.18904	0.01600	0.00894	0.00248	0.00464	0.01377	0.00800	0.00782
62	0.01021	0.00756	0.00953	0.00974	0.01129	0.00688	0.00704	0.01289	0.01911	0.02600	0.38509	0.25840	0.16965	0.01901	0.00937	0.00268	0.00395	0.01681	0.00791	0.00688
63	0.05662	0.01865	0.02613	0.06999	0.40171	0.06338	0.01929	0.09987	0.02022	0.08922	0.01667	0.01968	0.01296	0.00767	0.00742	0.00229	0.00886	0.00676	0.04097	0.01165
64	0.01872	0.01818	0.03170	0.10555	0.58041	0.01840	0.06576	0.02351	0.01751	0.02481	0.01459	0.01944	0.01207	0.00696	0.00778	0.00235	0.00957	0.00706	0.00381	0.01183
65	0.01696	0.01696	0.02375	0.02036	0.02036	0.02375	0.01696	0.01866	0.01187	0.01866	0.01018	0.01696	0.01018	0.01357	0.02545	0.00339	0.71332	0.00679	0.00339	0.00848
66	0.01252	0.00822	0.01078	0.01161	0.01314	0.00806	0.00904	0.01495	0.01599	0.05570	0.03916	0.21546	0.09309	0.10076	0.08409	0.00456	0.00744	0.23045	0.05804	0.00693
67	0.01447	0.01231	0.01921	0.09685	0.19439	0.01267	0.04148	0.05662	0.01699	0.02313	0.02760	0.30547	0.02972	0.04549	0.04595	0.00346	0.00804	0.03188	0.00554	0.00873
68	0.01009	0.00723	0.00859	0.00939	0.01005	0.00680	0.00602	0.01104	0.01398	0.01819	0.04203	0.35428	0.15149	0.29060	0.02100	0.00472	0.00555	0.01696	0.00625	0.00573
69	0.01128	0.00752	0.00846	0.00846	0.00846	0.00752	0.00470	0.01128	0.01128	0.01503	0.02443	0.05074	0.02819	0.72751	0.03946	0.00752	0.00752	0.01128	0.00470	0.00470
70	0.01696	0.01696	0.02375	0.02036	0.02036	0.02375	0.01696	0.01866	0.01187	0.01866	0.01018	0.01696	0.01018	0.01357	0.02545	0.00339	0.71332	0.00679	0.00339	0.00848
71	0.19921	0.01730	0.01741	0.01434	0.01927	0.04960	0.01152	0.24197	0.08678	0.14511	0.05109	0.04587	0.01859	0.03799	0.00845	0.00261	0.00726	0.00756	0.00712	0.01097
72	0.08943	0.06704	0.15684	0.02828	0.25552	0.01903	0.05255	0.09621	0.05944	0.02909	0.05984	0.02083	0.01617	0.00809	0.00738	0.00235	0.00886	0.00697	0.00480	0.01129
73	0.01565	0.07983	0.01698	0.04487	0.01821	0.03948	0.01015	0.05789	0.05172	0.02515	0.09509	0.20601	0.02917	0.01244	0.00751	0.00211	0.00616	0.01064	0.00588	0.26507
74	0.02066	0.01553	0.01985	0.06299	0.04782	0.03935	0.05847	0.02853	0.16838	0.15009	0.02269	0.05858	0.01776	0.00887	0.00735	0.00211	0.00721	0.00766	0.00626	0.24985

[dist]
# distance from previous block
# <min> <max>
3	28

[block]
# block no. 3 follows, 25 sequences, length 48
# corresponding to MSA columns:
# 186-233
name=unknown_D
#
# <colnr> <probs for GDERKNQSTAVLIFYWHMCP>
#	G	D	E	R	K	N	Q	S	T	A	V	L	I	F	Y	W	H	M	C	P
0	0.02262	0.01491	0.01938	0.01619	0.01932	0.01721	0.01319	0.02833	0.13024	0.23669	0.02387	0.02535	0.04311	0.03136	0.01548	0.00292	0.27988	0.00787	0.00643	0.04566
1	0.04793	0.01362	0.01929	0.22238	0.10093	0.01533	0.01522	0.09035	0.01876	0.05607	0.10239	0.07241	0.05550	0.04300	0.01099	0.00284	0.06790	0.03046	0.00552	0.00911
2	0.26443	0.01857	0.01853	0.04957	0.09412	0.10050	0.01308	0.12543	0.05172	0.13554	0.01965	0.02034	0.03976	0.00867	0.00679	0.00236	0.00795	0.00645	0.00600	0.01054
3	0.17765	0.01949	0.01623	0.04585	0.01969	0.19516	0.01137	0.08280	0.04725	0.09292	0.12344	0.02903	0.08733	0.01056	0.00731	0.00233	0.00805	0.00805	0.00621	0.00929
4	0.01739	0.17755	0.34203	0.02038	0.02820	0.02177	0.07539	0.02477	0.06889	0.02301	0.01429	0.01706	0.01120	0.00834	0.00980	0.00246	0.11697	0.00610	0.00373	0.01067
5	0.01587	0.01403	0.02093	0.43817	0.08149	0.01651	0.01792	0.05305	0.10893	0.02432	0.04926	0.02627	0.04787	0.00915	0.00779	0.00252	0.00867	0.00795	0.03992	0.00937
6	0.01116	0.00798	0.01082	0.01082	0.01163	0.00880	0.00764	0.01279	0.01197	0.01678	0.02227	0.03879	0.02300	0.33295	0.42692	0.01043	0.01533	0.00953	0.00438	0.00601
7	0.01939	0.02014	0.03616	0.03165	0.16908	0.04768	0.36847	0.08095	0.04622	0.02690	0.02024	0.02383	0.05503	0.00793	0.00858	0.00250	0.01103	0.00876	0.00462	0.01084
8	0.01445	0.00723	0.00723	0.00723	0.00903	0.00723	0.00542	0.01807	0.01626	0.02891	0.02529	0.02891	0.01987	0.00903	0.00542	0.00181	0.00361	0.00723	0.77055	0.00723
9	0.01556	0.01406	0.02401	0.65400	0.05159	0.01711	0.04792	0.02070	0.01587	0.04501	0.01449	0.02090	0.01073	0.00777	0.00781	0.00258	0.01031	0.00702	0.00370	0.00886
10	0.01753	0.01673	0.02847	0.28898	0.45072	0.01799	0.02297	0.02234	0.01687	0.02332	0.01429	0.01973	0.01157	0.00722	0.00770	0.00241	0.00962	0.00690	0.00369	0.01094
11	0.01445	0.00723	0.00723	0.00723	0.00903	0.00723	0.00542	0.01807	0.01626	0.02891	0.02529	0.02891	0.01987	0.00903	0.00542	0.00181	0.00361	0.00723	0.77055	0.00723
12	0.25959	0.01486	0.01711	0.09067	0.02203	0.01590	0.01199	0.05662	0.01677	0.15030	0.01576	0.01766	0.01175	0.00831	0.00864	0.00227	0.09567	0.00572	0.00547	0.17292
13	0.01091	0.00786	0.01021	0.01026	0.01118	0.00827	0.00715	0.01251	0.01310	0.01793	0.06689	0.07672	0.08138	0.31497	0.30744	0.00866	0.01237	0.01113	0.00502	0.00601
14	0.01705	0.01847	0.06578	0.05871	0.02589	0.07615	0.14768	0.02150	0.01773	0.02487	0.08772	0.02187	0.01810	0.00747	0.00718	0.00185	0.00847	0.00686	0.00468	0.36195
15	0.02300	0.40400	0.03103	0.01462	0.02057	0.04889	0.01315	0.16387	0.10794	0.05123	0.01658	0.01718	0.01321	0.00798	0.00616	0.00198	0.00801	0.00566	0.03399	0.01095
16	0.02685	0.06264	0.02422	0.01779	0.02378	0.02280	0.04695	0.44847	0.14314	0.07212	0.02080	0.02052	0.01502	0.00923	0.00769	0.00236	0.00825	0.00727	0.00740	0.01269
17	0.01946	0.01594	0.01602	0.01458	0.01766	0.09013	0.01110	0.25771	0.02387	0.03075	0.02936	0.31975	0.03100	0.04307	0.00991	0.00289	0.00733	0.04332	0.00696	0.00920
18	0.00972	0.00738	0.00908	0.01000	0.01138	0.00674	0.00716	0.01166	0.01648	0.02135	0.11474	0.39418	0.24870	0.02325	0.03787	0.00332	0.00503	0.04821	0.00720	0.00654
19	0.01110	0.00782	0.01020	0.01028	0.01090	0.00839	0.00696	0.01235	0.01195	0.01653	0.02374	0.07410	0.02552	0.40744	0.31943	0.00943	0.01305	0.01052	0.00458	0.00573
20	0.02680	0.01566	0.01734	0.01402	0.01883	0.04611	0.01140	0.24415	0.02578	0.25219	0.05569	0.02733	0.02032	0.01004	0.00745	0.00228	0.00690	0.02985	0.15651	0.01134
21	0.01157	0.00849	0.01126	0.01255	0.01438	0.00818	0.01054	0.01470	0.01792	0.02320	0.09947	0.13272	0.15407	0.02089	0.01026	0.00328	0.00610	0.42617	0.00727	0.00699
22	0.01892	0.01815	0.03098	0.08691	0.64194	0.01835	0.02366	0.02356	0.01753	0.02500	0.01454	0.01928	0.01217	0.00696	0.00768	0.00232	0.00928	0.00691	0.00381	0.01206
23	0.01919	0.01842	0.03147	0.04759	0.67914	0.01842	0.02380	0.02380	0.01765	0.02533	0.01458	0.01919	0.01228	0.00691	0.00768	0.00230	0.00921	0.00691	0.00384	0.01228
24	0.01696	0.01696	0.02375	0.02036	0.02036	0.02375	0.01696	0.01866	0.01187	0.01866	0.01018	0.01696	0.01018	0.01357	0.02545	0.00339	0.71332	0.00679	0.00339	0.00848
25	0.00999	0.00789	0.00900	0.00872	0.01098	0.00690	0.00654	0.01273	0.01963	0.02558	0.35112	0.06699	0.40053	0.01791	0.00916	0.00254	0.00380	0.01529	0.00781	0.00690
26	0.00951	0.00739	0.00869	0.00966	0.01119	0.00658	0.00693	0.01128	0.01634	0.02054	0.05912	0.38423	0.33854	0.02197	0.00961	0.00293	0.00440	0.05744	0.00720	0.00646
27	0.00972	0.00712	0.00897	0.01006	0.01099	0.00655	0.00685	0.01138	0.01597	0.02113	0.12935	0.49451	0.14742	0.06761	0.01158	0.00326	0.00450	0.01945	0.00721	0.00637
28	0.02186	0.02436	0.02526	0.10783	0.29689	0.28428	0.01892	0.02535	0.01869	0.02161	0.01398	0.01823	0.01174	0.01163	0.06388	0.00305	0.01216	0.00627	0.00388	0.01014
29	0.01696	0.01696	0.02375	0.02036	0.02036	0.02375	0.01696	0.01866	0.01187	0.01866	0.01018	0.01696	0.01018	0.01357	0.02545	0.00339	0.71332	0.00679	0.00339	0.00848
30	0.01059	0.00751	0.01040	0.01143	0.01241	0.00779	0.00839	0.01277	0.01429	0.01998	0.03350	0.37881	0.03716	0.03542	0.25962	0.00648	0.01056	0.06117	0.05507	0.00665
31	0.04954	0.09230	0.25444	0.01666	0.02327	0.04994	0.01710	0.02713	0.19457	0.02581	0.04749	0.06783	0.01977	0.04445	0.00889	0.00265	0.00843	0.00793	0.00523	0.03657
32	0.06446	0.02068	0.02354	0.06627	0.12555	0.08625	0.01636	0.30256	0.02551	0.07356	0.01623	0.01832	0.01227	0.00919	0.00988	0.00246	0.10288	0.00665	0.00589	0.01148
33	0.01048	0.00773	0.00992	0.01125	0.01218	0.00753	0.00781	0.01376	0.06877	0.02179	0.08880	0.59333	0.05041	0.02243	0.00971	0.00307	0.00467	0.04212	0.00735	0.00689
34	0.02182	0.00971	0.01333	0.01206	0.01498	0.00872	0.00905	0.02310	0.01740	0.32478	0.03200	0.27919	0.02986	0.01799	0.01251	0.13825	0.00586	0.01279	0.00763	0.00896
35	0.02074	0.10463	0.29236	0.02101	0.02807	0.23927	0.06132	0.02585	0.01774	0.02148	0.01267	0.01556	0.01005	0.00813	0.00913	0.00234	0.09028	0.00567	0.00357	0.01011
36	0.01726	0.01808	0.03479	0.22423	0.13903	0.01922	0.30747	0.02257	0.01670	0.02281	0.01437	0.02014	0.01126	0.00772	0.01035	0.00265	0.08975	0.00791	0.00372	0.00999
37	0.01114	0.00807	0.01126	0.01126	0.01223	0.00904	0.00820	0.01308	0.01211	0.01711	0.02186	0.03653	0.02202	0.25837	0.50017	0.01098	0.01680	0.00920	0.00432	0.00626
38	0.01940	0.01095	0.01276	0.01088	0.01454	0.01009	0.00841	0.09077	0.02042	0.22125	0.07093	0.05033	0.30154	0.10757	0.01255	0.00315	0.00569	0.01202	0.00770	0.00905
39	0.74612	0.01491	0.01172	0.01037	0.01523	0.01710	0.00854	0.02352	0.01363	0.06621	0.01175	0.01326	0.00892	0.00731	0.00494	0.00240	0.00603	0.00437	0.00503	0.00863
40	0.01457	0.01431	0.02791	0.09873	0.02967	0.01478	0.28552	0.01922	0.01530	0.02113	0.01781	0.02528	0.01511	0.03044	0.32564	0.00715	0.01631	0.00851	0.00398	0.00862
41	0.01459	0.01371	0.02282	0.62239	0.09086	0.01663	0.02070	0.01952	0.01578	0.02024	0.01790	0.02397	0.05229	0.00844	0.00784	0.00257	0.00986	0.00749	0.00371	0.00872
42	0.01670	0.01252	0.01491	0.01395	0.01690	0.01342	0.01079	0.08053	0.20145	0.06603	0.03208	0.25279	0.03153	0.01762	0.03883	0.00320	0.04310	0.06901	0.00709	0.05753
43	0.01825	0.17959	0.24257	0.01907	0.02529	0.08486	0.04086	0.02285	0.01580	0.02126	0.01338	0.01861	0.01158	0.00923	0.01125	0.00245	0.17798	0.03204	0.00363	0.04944
44	0.05331	0.01748	0.05397	0.10850	0.02806	0.01745	0.13464	0.17800	0.10089	0.06266	0.02512	0.11049	0.05273	0.01095	0.00823	0.00258	0.00853	0.00981	0.00614	0.01048
45	0.01808	0.02845	0.31736	0.02884	0.10764	0.01837	0.28163	0.02527	0.01760	0.05887	0.01558	0.01906	0.01137	0.00709	0.00815	0.00250	0.01162	0.00737	0.00393	0.01123
46	0.25393	0.01262	0.01655	0.01419	0.01786	0.01285	0.10668	0.01978	0.03094	0.06721	0.02423	0.20120	0.02458	0.09242	0.01116	0.00319	0.00695	0.03620	0.00572	0.04175
47	0.06850	0.02032	0.04899	0.02074	0.13136	0.15208	0.01433	0.07371	0.07225	0.02638	0.07059	0.05476	0.01917	0.01035	0.00929	0.03964	0.04255	0.00744	0.00515	0.11241

[dist]
# distance from previous block
# <min> <max>
2	6

[block]
# block no. 4 follows, 25 sequences, length 44
# corresponding to MSA columns:
# 240-283
name=unknown_E
#
# <colnr> <probs for GDERKNQSTAVLIFYWHMCP>
#	G	D	E	R	K	N	Q	S	T	A	V	L	I	F	Y	W	H	M	C	P
0	0.02039	0.06989	0.03016	0.08136	0.29588	0.01974	0.11282	0.16234	0.02142	0.02915	0.01742	0.07168	0.01502	0.00873	0.00789	0.00239	0.00930	0.00819	0.00491	0.01133
1	0.01384	0.01262	0.01936	0.18780	0.23581	0.01295	0.01554	0.01752	0.01735	0.02281	0.08642	0.07271	0.22917	0.01264	0.00838	0.00252	0.00716	0.01115	0.00533	0.00893
2	0.01217	0.00966	0.01486	0.01325	0.01473	0.01027	0.08212	0.01412	0.01260	0.01750	0.02151	0.03797	0.02215	0.34778	0.30672	0.00887	0.03331	0.00968	0.00435	0.00639
3	0.01259	0.00771	0.00954	0.00954	0.01090	0.00827	0.00704	0.01531	0.01395	0.02235	0.02332	0.03289	0.02095	0.13925	0.29142	0.00701	0.01118	0.00829	0.34177	0.00672
4	0.01445	0.00723	0.00723	0.00723	0.00903	0.00723	0.00542	0.01807	0.01626	0.02891	0.02529	0.02891	0.01987	0.00903	0.00542	0.00181	0.00361	0.00723	0.77055	0.00723
5	0.01885	0.01807	0.03086	0.09718	0.63222	0.01833	0.02363	0.02350	0.01749	0.02492	0.01452	0.01930	0.01214	0.00697	0.00768	0.00232	0.00930	0.00691	0.00381	0.01201
6	0.01439	0.01109	0.03422	0.01443	0.06538	0.01011	0.01067	0.06306	0.02194	0.06094	0.43968	0.05344	0.05579	0.01491	0.00903	0.00257	0.00529	0.09673	0.00782	0.00850
7	0.01445	0.00723	0.00723	0.00723	0.00903	0.00723	0.00542	0.01807	0.01626	0.02891	0.02529	0.02891	0.01987	0.00903	0.00542	0.00181	0.00361	0.00723	0.77055	0.00723
8	0.16070	0.01738	0.02100	0.09319	0.24399	0.08888	0.01593	0.04971	0.04725	0.02648	0.01712	0.06069	0.01489	0.01248	0.05999	0.00314	0.00941	0.00730	0.04060	0.00988
9	0.03983	0.00929	0.01169	0.01131	0.01367	0.00895	0.00870	0.01880	0.06624	0.10224	0.32245	0.17496	0.07701	0.01678	0.00907	0.00271	0.00482	0.08530	0.00803	0.00814
10	0.02660	0.02743	0.02003	0.01723	0.02175	0.39286	0.01329	0.15083	0.02404	0.06707	0.05195	0.01911	0.01536	0.00867	0.00712	0.00204	0.01067	0.00615	0.05048	0.06731
11	0.02536	0.01402	0.01662	0.01393	0.01886	0.01412	0.01112	0.03611	0.28951	0.33583	0.03656	0.03305	0.09730	0.01115	0.00799	0.00252	0.00610	0.00920	0.00861	0.01204
12	0.35414	0.15200	0.27475	0.01529	0.02296	0.01999	0.01700	0.02354	0.01486	0.02794	0.01198	0.01401	0.00922	0.00716	0.00581	0.00229	0.00849	0.00477	0.00395	0.00984
13	0.02398	0.02279	0.01993	0.01728	0.02198	0.18674	0.01350	0.17775	0.36426	0.03286	0.02381	0.02291	0.01793	0.00962	0.00764	0.00241	0.00861	0.00743	0.00690	0.01167
14	0.01872	0.01422	0.01585	0.01422	0.01764	0.01534	0.01089	0.25505	0.14548	0.03302	0.03327	0.30168	0.05976	0.01593	0.00869	0.00272	0.00628	0.01370	0.00754	0.00999
15	0.01783	0.34490	0.40252	0.01821	0.02754	0.02359	0.02187	0.02397	0.01610	0.02177	0.01253	0.01464	0.00988	0.00704	0.00631	0.00210	0.01006	0.00503	0.00329	0.01079
16	0.01749	0.01853	0.03246	0.02523	0.02834	0.02211	0.26795	0.02111	0.01442	0.02111	0.01236	0.01853	0.01081	0.01079	0.01899	0.00308	0.43611	0.00772	0.00360	0.00926
17	0.01114	0.00796	0.01094	0.01273	0.01393	0.00776	0.01015	0.01373	0.01652	0.02169	0.04180	0.36908	0.04758	0.02269	0.01035	0.00338	0.00597	0.35867	0.00717	0.00677
18	0.00954	0.00690	0.00903	0.01055	0.01122	0.00639	0.00713	0.01109	0.01552	0.02068	0.09054	0.63630	0.08963	0.02341	0.00980	0.00307	0.00440	0.02113	0.00729	0.00639
19	0.01425	0.01298	0.01872	0.04752	0.01894	0.01722	0.01394	0.01658	0.01230	0.01842	0.01504	0.02311	0.01427	0.03308	0.32240	0.00738	0.37486	0.00747	0.00373	0.00780
20	0.01696	0.01696	0.02375	0.02036	0.02036	0.02375	0.01696	0.01866	0.01187	0.01866	0.01018	0.01696	0.01018	0.01357	0.02545	0.00339	0.71332	0.00679	0.00339	0.00848
21	0.01026	0.00790	0.00957	0.01058	0.01239	0.00721	0.00825	0.01256	0.01700	0.02134	0.05783	0.24509	0.32153	0.02138	0.00983	0.00305	0.00506	0.20532	0.00718	0.00666
22	0.00945	0.00675	0.00900	0.01080	0.01125	0.00630	0.00720	0.01080	0.01484	0.01979	0.04274	0.72245	0.05128	0.02429	0.00990	0.00315	0.00450	0.02204	0.00720	0.00630
23	0.01816	0.01341	0.01525	0.01328	0.01695	0.01428	0.01039	0.12777	0.24136	0.07388	0.29539	0.04037	0.06111	0.01273	0.00842	0.00249	0.00547	0.01080	0.00822	0.01027
24	0.02421	0.08329	0.24305	0.01888	0.02685	0.02258	0.01920	0.39725	0.02823	0.03848	0.01646	0.01739	0.01183	0.00846	0.00741	0.00232	0.00948	0.00635	0.00594	0.01237
25	0.01713	0.19727	0.15323	0.01400	0.02172	0.01688	0.01400	0.02142	0.01605	0.02338	0.01306	0.01523	0.01078	0.00628	0.00587	0.00153	0.00749	0.00470	0.00402	0.43594
26	0.02371	0.01753	0.02528	0.03116	0.34331	0.01787	0.01804	0.15238	0.07973	0.15000	0.04781	0.02288	0.01730	0.00857	0.00780	0.00236	0.00810	0.00755	0.00621	0.01241
27	0.01696	0.01696	0.02375	0.02036	0.02036	0.02375	0.01696	0.01866	0.01187	0.01866	0.01018	0.01696	0.01018	0.01357	0.02545	0.00339	0.71332	0.00679	0.00339	0.00848
28	0.01573	0.01466	0.02519	0.05858	0.28629	0.01563	0.09080	0.01970	0.01531	0.02186	0.01667	0.02349	0.01464	0.02641	0.26522	0.00620	0.06238	0.00768	0.00392	0.00966
29	0.02160	0.07740	0.26850	0.01769	0.02493	0.04102	0.01834	0.16967	0.06881	0.09756	0.01769	0.01933	0.01303	0.01052	0.01002	0.09197	0.00920	0.00643	0.00534	0.01096
30	0.01286	0.00799	0.01026	0.01040	0.01212	0.00726	0.00745	0.01505	0.01784	0.10001	0.21966	0.35065	0.12711	0.05102	0.01067	0.00300	0.00458	0.01701	0.00773	0.00734
31	0.02273	0.20125	0.15399	0.01617	0.02281	0.05695	0.01578	0.22266	0.04335	0.05909	0.01709	0.01824	0.01292	0.00821	0.00668	0.00212	0.00860	0.00605	0.09422	0.01110
32	0.13098	0.01281	0.01394	0.01243	0.01612	0.01354	0.00964	0.05476	0.21065	0.12337	0.14932	0.08808	0.07971	0.03935	0.00907	0.00274	0.00560	0.01050	0.00757	0.00981
33	0.01771	0.01916	0.03599	0.02721	0.03158	0.02144	0.36979	0.02210	0.01545	0.02210	0.01324	0.01916	0.01106	0.00966	0.01638	0.00296	0.32363	0.00810	0.00369	0.00958
34	0.00998	0.00780	0.00905	0.00891	0.01102	0.00687	0.00662	0.01265	0.01934	0.02533	0.33857	0.11584	0.36365	0.01832	0.00921	0.00258	0.00385	0.01576	0.00779	0.00687
35	0.01948	0.02082	0.03406	0.16167	0.11659	0.09649	0.29755	0.06098	0.01870	0.02423	0.01454	0.01945	0.01132	0.00765	0.00955	0.00254	0.06252	0.00767	0.00402	0.01018
36	0.11365	0.01651	0.01788	0.01462	0.01950	0.01785	0.01170	0.26339	0.15500	0.14597	0.06645	0.02631	0.02085	0.06365	0.00991	0.00280	0.00703	0.00794	0.00757	0.01142
37	0.01047	0.00714	0.00970	0.01107	0.01169	0.00687	0.00778	0.01161	0.01466	0.01958	0.05739	0.48981	0.04470	0.05495	0.03650	0.09321	0.00573	0.09450	0.00658	0.00605
38	0.00953	0.00790	0.00839	0.00854	0.01098	0.00676	0.00651	0.01169	0.01785	0.02168	0.10970	0.09520	0.57330	0.01970	0.00930	0.00270	0.00417	0.06219	0.00727	0.00663
39	0.01270	0.00917	0.01186	0.01162	0.01275	0.01010	0.00848	0.03425	0.05116	0.01986	0.05170	0.07762	0.02675	0.23867	0.23634	0.06301	0.04484	0.04760	0.02491	0.00659
40	0.01616	0.06978	0.58018	0.02365	0.06376	0.01873	0.07268	0.02448	0.01654	0.02432	0.01393	0.01665	0.01008	0.00725	0.00740	0.00242	0.01132	0.00596	0.00335	0.01136
41	0.02424	0.02813	0.02213	0.02124	0.06994	0.39683	0.01546	0.03017	0.14230	0.02194	0.01557	0.01774	0.01279	0.00940	0.01055	0.00239	0.13860	0.00617	0.00462	0.00976
42	0.07576	0.12609	0.05248	0.02995	0.34048	0.01903	0.01765	0.02453	0.09159	0.02501	0.01633	0.02079	0.01397	0.05933	0.00925	0.00256	0.00823	0.00664	0.00439	0.05594
43	0.06084	0.02691	0.02471	0.02628	0.18669	0.34510	0.05507	0.07353	0.02133	0.05519	0.04187	0.01838	0.01389	0.00809	0.00737	0.00219	0.01119	0.00634	0.00471	0.01030

[dist]
# distance from previous block
# <min> <max>
1	21

[block]
# block no. 5 follows, 25 sequences, length 7
# corresponding to MSA columns:
# 306-312
name=unknown_F
#
# <colnr> <probs for GDERKNQSTAVLIFYWHMCP>
#	G	D	E	R	K	N	Q	S	T	A	V	L	I	F	Y	W	H	M	C	P
0	0.01646	0.01500	0.02114	0.01510	0.02215	0.01192	0.11861	0.02043	0.01646	0.02519	0.01411	0.01690	0.01153	0.00588	0.00632	0.00140	0.00699	0.00537	0.00448	0.64458
1	0.02747	0.02342	0.02023	0.01701	0.02193	0.23358	0.01340	0.20406	0.14100	0.14799	0.05511	0.02241	0.01823	0.00950	0.00762	0.00230	0.00924	0.00718	0.00695	0.01139
2	0.00930	0.00731	0.00841	0.00929	0.01085	0.00642	0.00653	0.01097	0.01629	0.02038	0.06105	0.39106	0.37084	0.02191	0.00952	0.00288	0.00421	0.01914	0.00720	0.00642
3	0.03120	0.01245	0.01657	0.01296	0.01849	0.01072	0.01062	0.03405	0.02156	0.59150	0.03731	0.03315	0.11126	0.01100	0.00799	0.00243	0.00622	0.00900	0.00926	0.01226
4	0.01765	0.01448	0.01678	0.01261	0.01897	0.01214	0.01025	0.10806	0.01909	0.02840	0.01678	0.02251	0.01454	0.00758	0.00645	0.00152	0.00625	0.05789	0.00525	0.60280
5	0.01919	0.01842	0.03147	0.04759	0.67914	0.01842	0.02380	0.02380	0.01765	0.02533	0.01458	0.01919	0.01228	0.00691	0.00768	0.00230	0.00921	0.00691	0.00384	0.01228
6	0.02498	0.01681	0.01867	0.01474	0.02045	0.09778	0.04111	0.03033	0.09657	0.27788	0.02569	0.02468	0.05149	0.00885	0.00729	0.00206	0.00739	0.00722	0.00694	0.21906

[dist]
# distance from previous block
# <min> <max>
15	70

[block]
# block no. 6 follows, 25 sequences, length 36
# corresponding to MSA columns:
# 386-421
name=unknown_G
#
# <colnr> <probs for GDERKNQSTAVLIFYWHMCP>
#	G	D	E	R	K	N	Q	S	T	A	V	L	I	F	Y	W	H	M	C	P
0	0.01800	0.01888	0.03527	0.02595	0.03250	0.01849	0.40719	0.02593	0.11278	0.02552	0.01729	0.02104	0.01335	0.00758	0.00978	0.00246	0.06817	0.00821	0.00457	0.12708
1	0.02911	0.01600	0.02035	0.01614	0.02179	0.04214	0.05970	0.06497	0.18721	0.41299	0.02844	0.02578	0.01915	0.00953	0.00789	0.00245	0.00735	0.00800	0.00843	0.01258
