[name]
unknown

[dist]
# distance from previous block
# <min> <max>
29	50

[block]
# block no. 0 follows, 22 sequences, length 7
# corresponding to MSA columns:
# 59-65
name=unknown_A
#
# <colnr> <probs for GDERKNQSTAVLIFYWHMCP>
#	G	D	E	R	K	N	Q	S	T	A	V	L	I	F	Y	W	H	M	C	P
0	0.02149	0.01862	0.03226	0.14558	0.43609	0.01886	0.08094	0.02653	0.01914	0.09388	0.01743	0.02181	0.01357	0.00781	0.00840	0.00256	0.01015	0.00773	0.00471	0.01246
1	0.04588	0.01190	0.01928	0.15092	0.02571	0.01254	0.11404	0.01862	0.01577	0.02375	0.02075	0.06495	0.01833	0.05052	0.03995	0.14148	0.00872	0.00894	0.20024	0.00771
2	0.01163	0.00861	0.01102	0.01216	0.01339	0.00845	0.00866	0.01574	0.07697	0.02472	0.14261	0.49114	0.05541	0.02294	0.01033	0.00323	0.00504	0.06234	0.00801	0.00760
3	0.01089	0.00784	0.00907	0.00980	0.01126	0.00714	0.00680	0.01284	0.01722	0.02298	0.09525	0.31915	0.24904	0.08746	0.01282	0.00343	0.00477	0.01822	0.08717	0.00685
4	0.06341	0.01582	0.02170	0.01702	0.02294	0.01534	0.07755	0.07374	0.12747	0.36803	0.08263	0.02981	0.02455	0.01054	0.00850	0.00264	0.00756	0.00902	0.00887	0.01288
5	0.01428	0.00960	0.01181	0.01160	0.01345	0.00927	0.00828	0.07047	0.02015	0.06262	0.20372	0.30568	0.08981	0.11293	0.01428	0.00364	0.00550	0.01707	0.00793	0.00791
6	0.01259	0.01022	0.01133	0.01099	0.01390	0.00943	0.00813	0.04185	0.07843	0.02498	0.05851	0.25032	0.32667	0.01965	0.00950	0.00281	0.00501	0.01689	0.00754	0.08124

[dist]
# distance from previous block
# <min> <max>
2	6

[block]
# block no. 1 follows, 22 sequences, length 77
# corresponding to MSA columns:
# 72-148
name=unknown_B
#
# <colnr> <probs for GDERKNQSTAVLIFYWHMCP>
#	G	D	E	R	K	N	Q	S	T	A	V	L	I	F	Y	W	H	M	C	P
0	0.01038	0.00784	0.00934	0.01030	0.01164	0.00710	0.00714	0.01210	0.01703	0.02183	0.08647	0.37748	0.25818	0.09045	0.01342	0.00361	0.00496	0.03646	0.00752	0.00675
1	0.01089	0.00785	0.00917	0.00988	0.01134	0.00715	0.00687	0.01291	0.01744	0.02334	0.11609	0.32179	0.23787	0.08079	0.01254	0.00338	0.00472	0.01830	0.08077	0.00689
2	0.01021	0.00776	0.00940	0.01040	0.01182	0.00696	0.00726	0.01215	0.01776	0.02297	0.12639	0.42576	0.25444	0.02337	0.01025	0.00310	0.00452	0.02065	0.00787	0.00696
3	0.04962	0.01227	0.01554	0.01290	0.01752	0.01123	0.01030	0.03018	0.06643	0.35257	0.20756	0.04311	0.10824	0.01333	0.00882	0.00263	0.00583	0.01117	0.00938	0.01137
4	0.31487	0.01370	0.01372	0.01204	0.01660	0.01433	0.00961	0.02700	0.08917	0.16838	0.09217	0.05564	0.11746	0.01214	0.00753	0.00266	0.00596	0.00946	0.00748	0.01010
5	0.41022	0.01572	0.01539	0.01292	0.01818	0.01694	0.01054	0.09091	0.05224	0.18201	0.08120	0.02323	0.01983	0.00963	0.00684	0.00258	0.00662	0.00698	0.00722	0.01081
6	0.16119	0.01570	0.01883	0.01470	0.02094	0.01513	0.01214	0.11690	0.02419	0.47313	0.02742	0.02463	0.01772	0.00980	0.00780	0.00256	0.00724	0.00758	0.00914	0.01326
7	0.01984	0.01297	0.01501	0.01324	0.01691	0.01328	0.01021	0.08960	0.16973	0.13100	0.18285	0.08990	0.09710	0.04814	0.01053	0.00294	0.00587	0.01217	0.04827	0.01044
8	0.01019	0.00728	0.00970	0.01152	0.01206	0.00679	0.00772	0.01173	0.01621	0.02170	0.07025	0.67676	0.05589	0.02566	0.01057	0.00334	0.00478	0.02327	0.00777	0.00679
9	0.06250	0.01188	0.01453	0.01222	0.01684	0.01064	0.00974	0.02791	0.04016	0.34038	0.09202	0.07390	0.22328	0.01466	0.00885	0.00269	0.00581	0.01216	0.00898	0.01087
10	0.01443	0.00722	0.01082	0.01082	0.01082	0.00722	0.00722	0.01082	0.01082	0.01443	0.01443	0.02525	0.01443	0.02886	0.03247	0.75830	0.00722	0.00722	0.00361	0.00361
11	0.01188	0.00886	0.01313	0.01313	0.01454	0.01027	0.01011	0.01469	0.01329	0.01912	0.02245	0.03375	0.02125	0.09526	0.64282	0.01308	0.02153	0.00906	0.00448	0.00730
12	0.01208	0.00805	0.00906	0.00906	0.00906	0.00805	0.00503	0.01208	0.01208	0.01611	0.02618	0.05436	0.03020	0.70804	0.04228	0.00805	0.00805	0.01208	0.00503	0.00503
13	0.01036	0.00736	0.00969	0.01132	0.01186	0.00690	0.00753	0.01185	0.01609	0.02156	0.08035	0.61887	0.05459	0.07364	0.01279	0.00366	0.00499	0.02229	0.00761	0.00669
14	0.01732	0.17800	0.47095	0.02040	0.03057	0.02095	0.02499	0.02495	0.01800	0.02561	0.07812	0.02113	0.01736	0.00864	0.00755	0.00245	0.01074	0.00668	0.00408	0.01150
15	0.01170	0.00874	0.01299	0.01318	0.01456	0.01003	0.01012	0.01451	0.01360	0.01947	0.02456	0.09828	0.02412	0.05875	0.61001	0.01237	0.02054	0.01034	0.00477	0.00735
16	0.01667	0.01543	0.02542	0.62188	0.09004	0.01886	0.02289	0.04852	0.01774	0.02295	0.01505	0.02196	0.01133	0.00833	0.00830	0.00274	0.01092	0.00739	0.00392	0.00967
17	0.01164	0.00849	0.01095	0.01033	0.01234	0.00779	0.00775	0.01545	0.02324	0.03267	0.61817	0.06312	0.11245	0.01722	0.00980	0.00262	0.00394	0.01517	0.00906	0.00779
18	0.01441	0.00798	0.01207	0.05908	0.01474	0.00824	0.00895	0.01220	0.01206	0.01596	0.01742	0.03190	0.01754	0.02682	0.02866	0.62926	0.00753	0.06673	0.00402	0.00441
19	0.01423	0.01165	0.01632	0.01440	0.01743	0.01164	0.06967	0.02212	0.14395	0.03174	0.40069	0.09856	0.05862	0.01576	0.00966	0.00277	0.00564	0.03764	0.00836	0.00913
20	0.01338	0.01151	0.01939	0.01730	0.01990	0.01097	0.14903	0.04649	0.01793	0.02403	0.03786	0.51277	0.04321	0.02087	0.01030	0.00320	0.00713	0.01965	0.00694	0.00814
21	0.01689	0.07082	0.63917	0.02328	0.03535	0.01986	0.03001	0.02625	0.01751	0.02603	0.01477	0.01736	0.01053	0.00786	0.00779	0.00260	0.01214	0.00607	0.00351	0.01221
22	0.01839	0.01625	0.04782	0.01529	0.02221	0.01260	0.07125	0.04510	0.01884	0.06308	0.04449	0.06664	0.01839	0.00847	0.00724	0.00177	0.00717	0.00742	0.00558	0.50201
23	0.01589	0.01497	0.02528	0.66185	0.08187	0.01851	0.02317	0.02140	0.01671	0.02147	0.01480	0.02208	0.01116	0.00827	0.00830	0.00276	0.01102	0.00738	0.00371	0.00939
24	0.01348	0.00883	0.01161	0.01081	0.01301	0.00809	0.00814	0.01722	0.02315	0.07708	0.57754	0.09201	0.07312	0.01697	0.00974	0.00265	0.00419	0.01499	0.00915	0.00823
25	0.01857	0.02567	0.19983	0.02648	0.03377	0.02014	0.27323	0.06668	0.01941	0.02741	0.04925	0.05853	0.01749	0.01009	0.01186	0.00288	0.11378	0.00931	0.00466	0.01097
26	0.01915	0.02093	0.04253	0.09896	0.09903	0.02115	0.44137	0.02522	0.01846	0.02537	0.01582	0.02172	0.01231	0.00804	0.01152	0.00286	0.09149	0.00905	0.00408	0.01095
27	0.01935	0.02317	0.07916	0.03350	0.04151	0.02123	0.55240	0.02613	0.01901	0.02613	0.01629	0.02186	0.01238	0.00758	0.01094	0.00285	0.06184	0.00944	0.00413	0.01111
28	0.01189	0.00882	0.01293	0.01293	0.01427	0.01016	0.00986	0.01456	0.01323	0.01897	0.02264	0.03477	0.02169	0.12558	0.61311	0.01283	0.02086	0.00921	0.00451	0.00718
29	0.02135	0.01673	0.01799	0.01602	0.02072	0.01876	0.01251	0.04119	0.53242	0.09303	0.03780	0.03471	0.07578	0.01197	0.00855	0.00279	0.00643	0.00995	0.00857	0.01275
30	0.13348	0.01474	0.01795	0.01414	0.02001	0.01400	0.01162	0.09386	0.02362	0.46003	0.05193	0.02689	0.02061	0.01013	0.00783	0.00253	0.00689	0.00797	0.04892	0.01286
31	0.02266	0.01664	0.02337	0.05292	0.02490	0.01838	0.08529	0.20130	0.02316	0.10718	0.02072	0.02495	0.01625	0.02408	0.18887	0.00556	0.08993	0.00822	0.03469	0.01093
32	0.01068	0.00813	0.00986	0.01039	0.01217	0.00732	0.00761	0.01319	0.01929	0.02529	0.23096	0.27150	0.26576	0.02157	0.01016	0.00299	0.00452	0.05330	0.00812	0.00720
33	0.02573	0.01896	0.02118	0.05341	0.02454	0.02101	0.01434	0.31778	0.21595	0.08536	0.02728	0.09087	0.02180	0.01187	0.00858	0.00270	0.00790	0.00969	0.00819	0.01285
34	0.01005	0.00832	0.00854	0.00863	0.01105	0.00710	0.00625	0.01192	0.01812	0.02176	0.07661	0.10777	0.56272	0.08860	0.01304	0.00335	0.00461	0.01729	0.00745	0.00681
35	0.01057	0.00766	0.01003	0.01171	0.01240	0.00729	0.00791	0.01290	0.03825	0.02222	0.07236	0.65046	0.05495	0.02510	0.01049	0.00332	0.00484	0.02273	0.00780	0.00702
36	0.03103	0.03959	0.02354	0.02140	0.02568	0.67469	0.01605	0.03317	0.02354	0.02033	0.01284	0.01498	0.01070	0.00856	0.00749	0.00214	0.01498	0.00535	0.00428	0.00963
37	0.01743	0.01569	0.02498	0.52800	0.10862	0.01870	0.02181	0.08065	0.01899	0.02484	0.01692	0.05614	0.01379	0.00928	0.00841	0.00274	0.01045	0.00821	0.00439	0.00996
38	0.02914	0.03655	0.02232	0.02033	0.02438	0.60935	0.01525	0.03146	0.02354	0.02160	0.07545	0.01959	0.01733	0.00939	0.00772	0.00219	0.01390	0.00630	0.00476	0.00946
39	0.01207	0.00809	0.00924	0.00924	0.00930	0.00815	0.00525	0.01219	0.01213	0.01624	0.02601	0.05347	0.02981	0.68146	0.06833	0.00827	0.00864	0.01195	0.00501	0.00513
40	0.03048	0.02273	0.02431	0.01889	0.02535	0.02525	0.01552	0.56989	0.09947	0.05059	0.02134	0.02105	0.01525	0.01010	0.00832	0.00253	0.00888	0.00767	0.00832	0.01403
41	0.03091	0.01847	0.02130	0.01681	0.02285	0.01930	0.01372	0.30074	0.12543	0.26333	0.05849	0.02670	0.02136	0.01063	0.00842	0.00258	0.00775	0.00846	0.00907	0.01366
42	0.02399	0.26657	0.19322	0.01948	0.02766	0.02382	0.07966	0.09053	0.02068	0.13480	0.01739	0.01866	0.01287	0.00833	0.00784	0.00235	0.02841	0.00646	0.00525	0.01203
43	0.01037	0.00741	0.00993	0.01185	0.01245	0.00696	0.00815	0.01200	0.01615	0.02149	0.04565	0.65589	0.05440	0.02579	0.01067	0.00341	0.00504	0.06788	0.00771	0.00682
44	0.03162	0.02089	0.02324	0.01795	0.02421	0.02252	0.01474	0.49760	0.03501	0.15200	0.02179	0.02162	0.01522	0.01103	0.00960	0.04272	0.00869	0.00761	0.00839	0.01357
45	0.02843	0.02186	0.02311	0.06540	0.02630	0.05782	0.01528	0.48810	0.03411	0.04538	0.02051	0.04216	0.01581	0.03294	0.00933	0.00268	0.00919	0.00801	0.04086	0.01274
46	0.01763	0.01730	0.02485	0.15338	0.02871	0.02321	0.01865	0.02029	0.01376	0.02066	0.01190	0.01891	0.01102	0.01281	0.02225	0.00332	0.51691	0.00715	0.00372	0.05358
47	0.06691	0.06847	0.09028	0.01896	0.02525	0.16858	0.01645	0.25792	0.14136	0.03654	0.01944	0.01988	0.01457	0.00939	0.00776	0.00245	0.01013	0.00688	0.00649	0.01227
48	0.03061	0.02353	0.02434	0.01903	0.02540	0.05422	0.01557	0.55162	0.09028	0.04941	0.02082	0.02068	0.01494	0.01002	0.00829	0.00251	0.00918	0.00755	0.00814	0.01384
49	0.01981	0.01762	0.08284	0.10817	0.02709	0.01429	0.03426	0.05541	0.05641	0.10650	0.05109	0.05800	0.01928	0.00921	0.00766	0.00213	0.00780	0.00782	0.00598	0.30864
50	0.02190	0.01952	0.18246	0.01555	0.02173	0.01256	0.01531	0.02731	0.04105	0.24870	0.15054	0.10367	0.07720	0.01332	0.00884	0.00270	0.00737	0.01127	0.00782	0.01118
51	0.01208	0.00805	0.00906	0.00906	0.00906	0.00805	0.00503	0.01208	0.01208	0.01611	0.02618	0.05436	0.03020	0.70804	0.04228	0.00805	0.00805	0.01208	0.00503	0.00503
52	0.01802	0.01724	0.02928	0.37403	0.28468	0.01920	0.05595	0.02432	0.04954	0.02448	0.01618	0.02200	0.01269	0.00804	0.00836	0.00266	0.01054	0.00762	0.00412	0.01104
53	0.02467	0.02132	0.09737	0.11073	0.10100	0.06239	0.01818	0.09119	0.14189	0.17305	0.02451	0.02751	0.01832	0.01011	0.00840	0.00267	0.00920	0.03833	0.00682	0.01232
54	0.01814	0.03845	0.54060	0.02492	0.03632	0.01919	0.11848	0.02707	0.01816	0.05844	0.01609	0.01881	0.01134	0.00788	0.00820	0.00265	0.01227	0.00680	0.00395	0.01221
55	0.03727	0.01414	0.01928	0.01478	0.02121	0.01221	0.01221	0.04049	0.02378	0.66198	0.03277	0.02828	0.02056	0.01028	0.00835	0.00257	0.00707	0.00835	0.01028	0.01414
56	0.07286	0.01924	0.06521	0.21585	0.28130	0.01978	0.02207	0.05659	0.01857	0.05887	0.01569	0.02044	0.01234	0.00868	0.00989	0.00269	0.07684	0.00716	0.00452	0.01143
57	0.29047	0.05054	0.01695	0.04045	0.01942	0.01735	0.01126	0.05750	0.10635	0.11211	0.08648	0.02790	0.05499	0.01294	0.03758	0.00310	0.02962	0.00797	0.00673	0.01029
58	0.01179	0.00870	0.01106	0.01077	0.01268	0.00818	0.00796	0.01607	0.04867	0.03095	0.50272	0.15574	0.10674	0.01831	0.00986	0.00274	0.00418	0.01619	0.00882	0.00786
59	0.01879	0.02849	0.23687	0.03294	0.09498	0.02037	0.39042	0.02642	0.01891	0.02656	0.01612	0.02075	0.01201	0.00731	0.00908	0.00272	0.01311	0.00847	0.00398	0.01171
60	0.02768	0.17931	0.02738	0.03821	0.04323	0.25943	0.01540	0.03157	0.05734	0.14885	0.01771	0.01890	0.01363	0.00928	0.00922	0.00236	0.07771	0.00629	0.00548	0.01101
61	0.01495	0.01145	0.01440	0.01502	0.01763	0.01205	0.01256	0.02362	0.17264	0.02846	0.12558	0.07391	0.04652	0.01925	0.01050	0.00341	0.00687	0.37410	0.00805	0.00903
62	0.01116	0.00830	0.01024	0.01007	0.01193	0.00754	0.00735	0.01418	0.02101	0.02861	0.42371	0.14236	0.19658	0.05571	0.01163	0.00304	0.00431	0.01644	0.00845	0.00738
63	0.05141	0.03187	0.32213	0.03061	0.19848	0.07377	0.05634	0.02597	0.01789	0.02591	0.01449	0.01827	0.01132	0.00841	0.00983	0.00265	0.07838	0.00664	0.00385	0.01179
64	0.02165	0.02069	0.03033	0.11094	0.45712	0.07039	0.02307	0.08439	0.02101	0.02837	0.01689	0.02319	0.01424	0.00847	0.00832	0.00253	0.01023	0.03118	0.00464	0.01235
65	0.01287	0.00846	0.01037	0.01091	0.01288	0.00753	0.00791	0.01491	0.01814	0.08503	0.08071	0.37374	0.25750	0.02230	0.01012	0.00309	0.00491	0.04299	0.00802	0.00764
66	0.01202	0.00862	0.01163	0.01243	0.01407	0.00824	0.00982	0.01540	0.02039	0.02781	0.30967	0.20292	0.06260	0.02097	0.01057	0.00320	0.00545	0.22833	0.00831	0.00755
67	0.09307	0.01876	0.03052	0.12587	0.51940	0.01947	0.02358	0.02486	0.01816	0.02740	0.01512	0.02006	0.01249	0.00754	0.00793	0.00251	0.00968	0.00712	0.00416	0.01226
68	0.16364	0.06151	0.05374	0.01588	0.02197	0.05470	0.01368	0.24559	0.02646	0.16638	0.04576	0.02194	0.01688	0.00954	0.00743	0.00245	0.00821	0.00707	0.04508	0.01208
69	0.02911	0.02204	0.02354	0.01861	0.02482	0.02461	0.01519	0.49612	0.17549	0.04837	0.02309	0.02245	0.01667	0.01027	0.00834	0.00257	0.00856	0.00791	0.00834	0.01391
70	0.06965	0.27215	0.02915	0.03392	0.02286	0.04641	0.01408	0.23444	0.04374	0.06573	0.01751	0.01889	0.01366	0.01130	0.03939	0.00275	0.00936	0.00631	0.03705	0.01166
71	0.01025	0.00738	0.00961	0.01125	0.01191	0.00686	0.00754	0.01178	0.01625	0.02160	0.07315	0.61689	0.08719	0.05136	0.01173	0.00349	0.00487	0.02248	0.00767	0.00674
72	0.03112	0.02163	0.02378	0.01839	0.02475	0.02364	0.01516	0.53922	0.03623	0.11038	0.02132	0.02142	0.01510	0.01271	0.04274	0.00306	0.00962	0.00764	0.00830	0.01378
73	0.01565	0.01341	0.02153	0.42657	0.08373	0.01527	0.01840	0.01919	0.01580	0.02104	0.01644	0.05871	0.01427	0.01250	0.01234	0.13177	0.00951	0.00799	0.00404	0.08185
74	0.01294	0.00963	0.01375	0.01343	0.01512	0.01109	0.01039	0.04772	0.01467	0.02090	0.02234	0.03311	0.02091	0.09384	0.60557	0.01248	0.02079	0.00899	0.00469	0.00765
75	0.01247	0.00889	0.01151	0.01076	0.01132	0.00892	0.03883	0.01306	0.01258	0.01690	0.02539	0.05111	0.02859	0.62473	0.08521	0.00815	0.00938	0.01173	0.00495	0.00553
76	0.03061	0.03786	0.02405	0.02255	0.05278	0.61163	0.01644	0.06488	0.02418	0.02235	0.01334	0.01549	0.01099	0.00859	0.00757	0.00217	0.01445	0.00555	0.00449	0.01002

[dist]
# distance from previous block
# <min> <max>
0	2

[block]
# block no. 2 follows, 22 sequences, length 23
# corresponding to MSA columns:
# 151-173
name=unknown_C
#
# <colnr> <probs for GDERKNQSTAVLIFYWHMCP>
#	G	D	E	R	K	N	Q	S	T	A	V	L	I	F	Y	W	H	M	C	P
0	0.05635	0.01667	0.01870	0.01767	0.05219	0.01844	0.01306	0.08502	0.39689	0.09840	0.03206	0.10692	0.02606	0.01243	0.00852	0.00280	0.00678	0.01047	0.00817	0.01239
1	0.01213	0.00922	0.01260	0.08948	0.01759	0.00904	0.00955	0.01616	0.02251	0.03143	0.55296	0.05817	0.09532	0.01615	0.00962	0.00264	0.00477	0.01424	0.00845	0.00797
2	0.10001	0.00895	0.00965	0.00967	0.01037	0.00927	0.00594	0.01359	0.01270	0.01915	0.02602	0.10514	0.02950	0.54101	0.06058	0.00722	0.00815	0.01207	0.00526	0.00574
3	0.07190	0.01431	0.01958	0.09319	0.02515	0.01327	0.01331	0.03742	0.02245	0.55536	0.02959	0.02681	0.01887	0.00992	0.00818	0.00259	0.00750	0.00804	0.00925	0.01330
4	0.10019	0.00899	0.00943	0.00928	0.00988	0.00929	0.00550	0.01352	0.01232	0.01858	0.02447	0.04959	0.02773	0.62628	0.03795	0.00741	0.00786	0.01120	0.00505	0.00550
5	0.60266	0.01578	0.01337	0.01176	0.01646	0.01804	0.00949	0.08548	0.01634	0.03617	0.01277	0.01554	0.01016	0.01042	0.00866	0.09080	0.00680	0.00512	0.00529	0.00890
6	0.01840	0.06458	0.47132	0.08181	0.03693	0.05256	0.08027	0.05185	0.01883	0.02644	0.01504	0.01818	0.01092	0.00794	0.00799	0.00259	0.01219	0.00652	0.00383	0.01180
7	0.76672	0.01607	0.01221	0.01092	0.01607	0.01864	0.00900	0.02442	0.01414	0.03727	0.01157	0.01350	0.00900	0.00771	0.00514	0.00257	0.00643	0.00450	0.00514	0.00900
8	0.03158	0.02327	0.02493	0.01911	0.02576	0.02576	0.01579	0.62852	0.03906	0.05236	0.01995	0.01995	0.01413	0.00997	0.00831	0.00249	0.00914	0.00748	0.00831	0.01413
9	0.01153	0.00839	0.01085	0.01043	0.01232	0.00771	0.00775	0.01517	0.02270	0.03183	0.57650	0.11180	0.10609	0.01788	0.00986	0.00268	0.00400	0.01581	0.00896	0.00771
10	0.01295	0.00871	0.01147	0.01096	0.01301	0.00803	0.00826	0.01662	0.02269	0.06329	0.54430	0.11736	0.07226	0.01767	0.00986	0.00272	0.00430	0.03846	0.00902	0.00805
11	0.03308	0.01321	0.01794	0.01407	0.01976	0.01149	0.01149	0.03641	0.02373	0.55866	0.13451	0.03383	0.03007	0.01138	0.00859	0.00258	0.00655	0.00945	0.01010	0.01310
12	0.01686	0.01632	0.02289	0.02010	0.02028	0.02235	0.01651	0.01876	0.01306	0.02003	0.01505	0.07915	0.01570	0.02019	0.08890	0.00456	0.56766	0.00885	0.00407	0.00872
13	0.01188	0.00797	0.00912	0.00932	0.00937	0.00792	0.00531	0.01203	0.01247	0.01663	0.02818	0.12059	0.03273	0.63837	0.03905	0.00758	0.00772	0.01326	0.00531	0.00521
14	0.01443	0.00722	0.01082	0.01082	0.01082	0.00722	0.00722	0.01082	0.01082	0.01443	0.01443	0.02525	0.01443	0.02886	0.03247	0.75830	0.00722	0.00722	0.00361	0.00361
15	0.01001	0.00765	0.00921	0.01046	0.01176	0.00684	0.00722	0.01169	0.01697	0.02164	0.05929	0.48350	0.26536	0.02427	0.01033	0.00317	0.00460	0.02148	0.00771	0.00684
16	0.01489	0.00956	0.01221	0.04456	0.01578	0.00905	0.00916	0.01871	0.04118	0.10164	0.26066	0.16679	0.15981	0.01775	0.00952	0.00281	0.00512	0.04459	0.04774	0.00847
17	0.01066	0.00762	0.01026	0.01218	0.01290	0.00721	0.00865	0.01250	0.01644	0.02181	0.04549	0.60200	0.05377	0.02552	0.01075	0.00345	0.00529	0.11891	0.00770	0.00690
18	0.03017	0.02335	0.02486	0.07745	0.02850	0.05772	0.01644	0.54577	0.03633	0.04804	0.01914	0.01989	0.01369	0.00976	0.00827	0.00250	0.00960	0.00736	0.00771	0.01348
19	0.01138	0.00832	0.01069	0.01043	0.01227	0.00763	0.00770	0.01482	0.02213	0.03081	0.52458	0.14895	0.12224	0.01852	0.00991	0.00273	0.00406	0.01638	0.00884	0.00763
20	0.01723	0.01477	0.01723	0.01230	0.01969	0.01107	0.00984	0.02092	0.01723	0.02707	0.01477	0.01723	0.01230	0.00615	0.00615	0.00123	0.00615	0.00492	0.00492	0.75883
21	0.06199	0.02555	0.16465	0.02268	0.09997	0.02174	0.01917	0.34296	0.02940	0.04130	0.07236	0.02280	0.01850	0.00971	0.00818	0.00253	0.00933	0.00768	0.00668	0.01281
22	0.03158	0.02327	0.02493	0.01911	0.02576	0.02576	0.01579	0.62852	0.03906	0.05236	0.01995	0.01995	0.01413	0.00997	0.00831	0.00249	0.00914	0.00748	0.00831	0.01413

[dist]
# distance from previous block
# <min> <max>
0	1

[block]
# block no. 3 follows, 22 sequences, length 17
# corresponding to MSA columns:
# 175-191
name=unknown_D
#
# <colnr> <probs for GDERKNQSTAVLIFYWHMCP>
#	G	D	E	R	K	N	Q	S	T	A	V	L	I	F	Y	W	H	M	C	P
0	0.01918	0.04210	0.01531	0.01255	0.01594	0.01146	0.00980	0.05003	0.06585	0.17192	0.33783	0.13003	0.05303	0.01550	0.00922	0.00267	0.00537	0.01344	0.00888	0.00987
1	0.26194	0.10034	0.29708	0.01813	0.02619	0.02138	0.02001	0.06027	0.01722	0.03016	0.01343	0.01598	0.01028	0.00844	0.00839	0.00260	0.06732	0.00560	0.00434	0.01088
2	0.05131	0.01699	0.02627	0.23930	0.27694	0.01828	0.02070	0.02847	0.08977	0.12056	0.01981	0.02311	0.01483	0.00856	0.00817	0.00262	0.00932	0.00765	0.00543	0.01191
3	0.01138	0.00848	0.01059	0.01006	0.01218	0.00768	0.00754	0.01495	0.02263	0.03121	0.54222	0.06551	0.18931	0.01777	0.00980	0.00265	0.00397	0.01551	0.00887	0.00768
4	0.02295	0.07710	0.02169	0.01687	0.02210	0.02198	0.01354	0.11814	0.48305	0.06353	0.03009	0.02795	0.02245	0.01071	0.00817	0.00268	0.00712	0.00868	0.00810	0.01311
5	0.01181	0.00974	0.03153	0.01186	0.01410	0.00820	0.00921	0.01482	0.01909	0.02625	0.23854	0.30333	0.09914	0.02016	0.00993	0.00294	0.00516	0.08493	0.00779	0.07148
6	0.05052	0.10297	0.28481	0.02553	0.05550	0.02127	0.20576	0.07469	0.01981	0.02814	0.01822	0.02122	0.03742	0.00822	0.00821	0.00258	0.01153	0.00761	0.00437	0.01161
7	0.01780	0.01752	0.04796	0.23577	0.33762	0.01792	0.04734	0.02294	0.01796	0.02471	0.01855	0.02893	0.01627	0.01185	0.04040	0.00323	0.01084	0.06698	0.00434	0.01104
8	0.01133	0.00834	0.01060	0.01033	0.01222	0.00761	0.00763	0.01473	0.02207	0.03056	0.51101	0.13824	0.14739	0.01853	0.00989	0.00272	0.00406	0.01633	0.00880	0.00761
9	0.02873	0.02965	0.02282	0.01966	0.02474	0.32940	0.01529	0.20997	0.17487	0.03313	0.01990	0.02024	0.01519	0.00962	0.00796	0.00240	0.01127	0.00693	0.00645	0.01178
10	0.04480	0.05252	0.14557	0.25033	0.03864	0.07678	0.05644	0.15115	0.02231	0.02955	0.01686	0.02267	0.01317	0.00909	0.00816	0.00263	0.01102	0.03243	0.00492	0.01096
11	0.02948	0.02219	0.02432	0.06144	0.02735	0.02479	0.01599	0.53181	0.09749	0.04863	0.02099	0.02118	0.01505	0.01000	0.00832	0.00254	0.00901	0.00766	0.00803	0.01372
12	0.01038	0.00743	0.00987	0.01139	0.01211	0.00692	0.00773	0.01221	0.01709	0.02309	0.14009	0.60295	0.05859	0.02462	0.01048	0.00326	0.00468	0.02228	0.00793	0.00692
13	0.01497	0.02101	0.20491	0.01950	0.02515	0.01408	0.14135	0.01975	0.01665	0.02353	0.08878	0.05841	0.02479	0.12699	0.10206	0.06276	0.01167	0.00991	0.00480	0.00894
14	0.10222	0.13389	0.15174	0.15493	0.08460	0.02095	0.05492	0.04808	0.07355	0.02692	0.01798	0.06273	0.01511	0.00927	0.00763	0.00257	0.00963	0.00770	0.00472	0.01085
15	0.33301	0.04541	0.11982	0.07440	0.05524	0.02030	0.01619	0.09400	0.04282	0.06112	0.01526	0.01755	0.01152	0.00870	0.00803	0.00263	0.05198	0.00601	0.00528	0.01076
16	0.01026	0.00729	0.00960	0.01139	0.01184	0.00684	0.00753	0.01160	0.01564	0.02085	0.04443	0.65764	0.05323	0.07335	0.01280	0.00370	0.00504	0.02282	0.00753	0.00663

[dist]
# distance from previous block
# <min> <max>
7	11

[block]
# block no. 4 follows, 22 sequences, length 16
# corresponding to MSA columns:
# 203-218
name=unknown_E
#
# <colnr> <probs for GDERKNQSTAVLIFYWHMCP>
#	G	D	E	R	K	N	Q	S	T	A	V	L	I	F	Y	W	H	M	C	P
0	0.13509	0.01528	0.01807	0.01439	0.01996	0.01505	0.01175	0.14829	0.02534	0.35522	0.12610	0.02996	0.02691	0.01093	0.00812	0.00256	0.00688	0.00870	0.00899	0.01240
1	0.05114	0.02246	0.02175	0.11655	0.02782	0.15004	0.01537	0.26970	0.07172	0.03627	0.06706	0.02389	0.01900	0.01201	0.03380	0.00290	0.01025	0.00772	0.02922	0.01133
2	0.01345	0.01020	0.01410	0.01280	0.01515	0.01017	0.04413	0.03851	0.01695	0.02404	0.11066	0.10675	0.06844	0.14435	0.21790	0.00674	0.01126	0.01180	0.05769	0.06490
3	0.12468	0.24453	0.25509	0.01793	0.02634	0.06584	0.01942	0.06602	0.01907	0.07001	0.01480	0.01639	0.01128	0.00796	0.00675	0.00231	0.01004	0.00557	0.00457	0.01140
4	0.58194	0.10401	0.01724	0.01218	0.01760	0.02091	0.01029	0.05420	0.06356	0.03556	0.01366	0.01511	0.01070	0.00801	0.00557	0.00249	0.00687	0.00500	0.00534	0.00976
5	0.01178	0.00865	0.01241	0.01255	0.01373	0.00976	0.00935	0.01417	0.01333	0.01892	0.02454	0.08360	0.02467	0.16105	0.52865	0.01181	0.01879	0.01044	0.00477	0.00700
6	0.01155	0.05818	0.01306	0.01217	0.01331	0.00988	0.00877	0.01326	0.01628	0.02160	0.06902	0.54186	0.08865	0.02323	0.01123	0.00321	0.04986	0.02044	0.00721	0.00724
7	0.01141	0.00818	0.00994	0.01051	0.01144	0.00760	0.00678	0.01250	0.01466	0.01974	0.03754	0.37141	0.06884	0.28836	0.02249	0.00500	0.00615	0.01745	0.00646	0.06356
8	0.01681	0.01644	0.02098	0.05740	0.02137	0.06391	0.01537	0.01879	0.01423	0.02006	0.01871	0.13750	0.02001	0.05299	0.06612	0.00431	0.41182	0.01028	0.00450	0.00842
9	0.01094	0.00829	0.01110	0.05722	0.01556	0.00783	0.00882	0.01284	0.01619	0.02165	0.04356	0.58161	0.07858	0.02330	0.01012	0.00317	0.00530	0.02101	0.00726	0.05565
10	0.02071	0.01668	0.01892	0.01408	0.02095	0.01477	0.01132	0.18174	0.02296	0.03351	0.01756	0.04940	0.01475	0.00808	0.00693	0.00166	0.00688	0.00646	0.00595	0.52667
11	0.02847	0.02172	0.02318	0.01849	0.02458	0.02431	0.01504	0.46206	0.21058	0.04734	0.02390	0.02309	0.01733	0.01034	0.00835	0.00259	0.00841	0.00802	0.00835	0.01385
12	0.01075	0.00749	0.00945	0.01077	0.01110	0.00716	0.00686	0.01173	0.01468	0.01958	0.03953	0.49571	0.04705	0.24372	0.02072	0.00487	0.00585	0.01993	0.00686	0.00620
13	0.02776	0.05982	0.02486	0.01812	0.02405	0.02177	0.06057	0.39372	0.03097	0.10112	0.02131	0.02329	0.01589	0.03895	0.04052	0.00316	0.00947	0.00783	0.06426	0.01256
14	0.01093	0.00843	0.00979	0.00947	0.01167	0.00749	0.00699	0.01379	0.02076	0.02742	0.36173	0.06941	0.32756	0.06380	0.01192	0.00305	0.00432	0.01593	0.00825	0.00729
15	0.02376	0.01935	0.02104	0.05636	0.02495	0.02212	0.01454	0.22392	0.41853	0.03943	0.02841	0.02706	0.02105	0.01070	0.00840	0.00271	0.00763	0.00868	0.00813	0.01323

[dist]
# distance from previous block
# <min> <max>
0	14

[block]
# block no. 5 follows, 22 sequences, length 36
# corresponding to MSA columns:
# 233-268
name=unknown_F
#
# <colnr> <probs for GDERKNQSTAVLIFYWHMCP>
#	G	D	E	R	K	N	Q	S	T	A	V	L	I	F	Y	W	H	M	C	P
0	0.10713	0.63354	0.03996	0.01384	0.02072	0.03125	0.01362	0.02482	0.01657	0.02157	0.01155	0.01335	0.01047	0.00718	0.00531	0.00187	0.00860	0.00445	0.00373	0.01047
1	0.01549	0.00774	0.00774	0.00774	0.00968	0.00774	0.00581	0.01936	0.01742	0.03097	0.02710	0.03097	0.02129	0.00968	0.00581	0.00194	0.00387	0.00774	0.75416	0.00774
2	0.01310	0.09282	0.01695	0.01345	0.01561	0.01306	0.01084	0.01603	0.01377	0.01932	0.02098	0.03033	0.01956	0.05573	0.59530	0.01197	0.02066	0.00837	0.00434	0.00780
3	0.01628	0.01513	0.02419	0.60809	0.05297	0.01872	0.02189	0.02396	0.09105	0.02284	0.01704	0.02320	0.01278	0.00866	0.00832	0.00277	0.01054	0.00762	0.00426	0.00970
4	0.01187	0.00890	0.01335	0.01335	0.01483	0.01038	0.01038	0.01483	0.01335	0.01928	0.02225	0.03264	0.02077	0.06231	0.67512	0.01335	0.02225	0.00890	0.00445	0.00742
5	0.02009	0.10005	0.04103	0.02826	0.03544	0.02242	0.40301	0.03007	0.15593	0.02740	0.01977	0.02314	0.01514	0.00818	0.00952	0.00271	0.03226	0.00903	0.00505	0.01151
6	0.05330	0.02296	0.12880	0.05861	0.19290	0.02000	0.01999	0.22347	0.02480	0.05868	0.01830	0.02263	0.01432	0.00992	0.00916	0.03517	0.00948	0.02826	0.00579	0.04345
7	0.01167	0.00842	0.01103	0.01051	0.01239	0.00778	0.00783	0.01546	0.02311	0.03267	0.61968	0.09605	0.07714	0.01746	0.00984	0.00265	0.00397	0.01548	0.00907	0.00778
8	0.12190	0.01386	0.04194	0.09316	0.02146	0.01347	0.01194	0.07451	0.04672	0.05990	0.29622	0.07059	0.04356	0.01309	0.00852	0.00260	0.00631	0.01106	0.00740	0.04178
9	0.02818	0.02124	0.02302	0.01802	0.02424	0.02322	0.01474	0.48180	0.10468	0.04663	0.02123	0.02163	0.01560	0.01248	0.04212	0.00298	0.00928	0.00756	0.00786	0.07350
10	0.14888	0.02114	0.09364	0.04076	0.02449	0.01966	0.01531	0.28299	0.02770	0.14909	0.07660	0.02390	0.01963	0.00999	0.00788	0.00256	0.00830	0.00766	0.00749	0.01234
11	0.14601	0.13277	0.05892	0.01677	0.02321	0.02264	0.03959	0.23644	0.08964	0.08806	0.02258	0.02268	0.04670	0.00963	0.00745	0.00247	0.00834	0.00731	0.00674	0.01205
12	0.01585	0.01312	0.01543	0.01174	0.01750	0.01026	0.00903	0.01904	0.01714	0.02612	0.07354	0.05502	0.02201	0.08802	0.01079	0.00222	0.00611	0.00744	0.00543	0.57420
13	0.01393	0.01149	0.01700	0.04213	0.01906	0.01137	0.07981	0.02060	0.09624	0.03192	0.45769	0.05332	0.06069	0.01502	0.00964	0.00271	0.00581	0.03443	0.00822	0.00891
14	0.02883	0.01292	0.01700	0.01387	0.01883	0.01175	0.01112	0.05735	0.04856	0.42805	0.16483	0.08785	0.03546	0.01296	0.00884	0.00265	0.00629	0.01097	0.00969	0.01218
15	0.01012	0.00723	0.00964	0.01157	0.01205	0.00675	0.00771	0.01157	0.01591	0.02121	0.04579	0.70262	0.05495	0.02603	0.01060	0.00337	0.00482	0.02362	0.00771	0.00675
16	0.01618	0.01789	0.08922	0.43817	0.07768	0.01752	0.04114	0.02165	0.01685	0.02287	0.01610	0.04998	0.01319	0.00886	0.00871	0.00261	0.03059	0.00773	0.00403	0.09902
17	0.68287	0.01689	0.01366	0.01186	0.01717	0.01945	0.00977	0.09333	0.01698	0.03899	0.01252	0.01423	0.00958	0.00797	0.00550	0.00256	0.00674	0.00484	0.00550	0.00958
18	0.01723	0.01477	0.01723	0.01230	0.01969	0.01107	0.00984	0.02092	0.01723	0.02707	0.01477	0.01723	0.01230	0.00615	0.00615	0.00123	0.00615	0.00492	0.00492	0.75883
19	0.02443	0.36178	0.08070	0.01972	0.02641	0.24253	0.08888	0.02792	0.01945	0.02112	0.01284	0.01525	0.01090	0.00763	0.00675	0.00208	0.01174	0.00550	0.00387	0.01050
20	0.02092	0.01774	0.02040	0.01720	0.02258	0.01912	0.04229	0.10477	0.40873	0.03460	0.02887	0.03042	0.02255	0.01071	0.00829	0.00258	0.00721	0.03983	0.00762	0.13360
21	0.01889	0.02170	0.06551	0.03071	0.03710	0.02141	0.44737	0.02460	0.01774	0.02475	0.01582	0.02254	0.01284	0.03588	0.01479	0.00318	0.16134	0.00920	0.00408	0.01055
22	0.01617	0.01437	0.02236	0.44623	0.04260	0.01823	0.01939	0.02068	0.01594	0.02248	0.01589	0.02270	0.01262	0.00979	0.01180	0.00282	0.14950	0.00742	0.12003	0.00897
23	0.02963	0.02062	0.02284	0.01735	0.02411	0.02145	0.01427	0.44698	0.03323	0.12037	0.02052	0.02044	0.01456	0.00931	0.00792	0.00227	0.00835	0.00711	0.00792	0.15074
24	0.03106	0.02301	0.02464	0.01901	0.02557	0.02552	0.01566	0.60087	0.06755	0.05152	0.02060	0.02047	0.01466	0.01003	0.00832	0.00251	0.00902	0.00757	0.00832	0.01408
25	0.01549	0.00774	0.00774	0.00774	0.00968	0.00774	0.00581	0.01936	0.01742	0.03097	0.02710	0.03097	0.02129	0.00968	0.00581	0.00194	0.00387	0.00774	0.75416	0.00774
26	0.01088	0.00837	0.01147	0.09196	0.01755	0.00829	0.00961	0.01300	0.01650	0.02151	0.04673	0.51962	0.12293	0.02317	0.01027	0.00325	0.00561	0.04494	0.00723	0.00711
27	0.01443	0.00722	0.01082	0.01082	0.01082	0.00722	0.00722	0.01082	0.01082	0.01443	0.01443	0.02525	0.01443	0.02886	0.03247	0.75830	0.00722	0.00722	0.00361	0.00361
28	0.01788	0.01777	0.02538	0.10121	0.02603	0.02461	0.01876	0.02014	0.01319	0.02014	0.01137	0.01865	0.01093	0.01380	0.02500	0.00353	0.61159	0.00728	0.00364	0.00910
29	0.01009	0.00736	0.00950	0.01121	0.01195	0.00678	0.00755	0.01161	0.01625	0.02135	0.05016	0.63160	0.12314	0.02546	0.01051	0.00331	0.00475	0.02292	0.00771	0.00678
30	0.01817	0.02026	0.08307	0.12393	0.11419	0.01922	0.27860	0.02305	0.01711	0.02369	0.01527	0.02163	0.01232	0.01077	0.01394	0.09287	0.08957	0.00829	0.00393	0.01010
31	0.11685	0.01495	0.01759	0.01440	0.01970	0.01498	0.01163	0.08972	0.12861	0.32597	0.12659	0.03152	0.02850	0.01117	0.00821	0.00261	0.00661	0.00904	0.00900	0.01237
32	0.02269	0.08193	0.02049	0.01339	0.02043	0.01416	0.01107	0.04518	0.03814	0.16801	0.01918	0.01980	0.01443	0.00743	0.00670	0.00167	0.00672	0.00585	0.00619	0.47656
33	0.02265	0.02063	0.10146	0.01732	0.02482	0.01653	0.05885	0.17999	0.02363	0.09403	0.01927	0.04766	0.01513	0.00863	0.00758	0.00206	0.00828	0.00719	0.00620	0.31810
34	0.70248	0.05183	0.01426	0.01139	0.01668	0.01962	0.00951	0.04607	0.01517	0.03691	0.01187	0.01372	0.00927	0.00776	0.00526	0.00253	0.00665	0.00460	0.00517	0.00927
35	0.02557	0.01916	0.02196	0.04966	0.02383	0.02177	0.01453	0.37872	0.05841	0.05829	0.02062	0.02571	0.01674	0.10583	0.04089	0.00382	0.08740	0.00824	0.00703	0.01180

[dist]
# distance from previous block
# <min> <max>
0	5

[block]
# block no. 6 follows, 22 sequences, length 8
# corresponding to MSA columns:
# 274-281
name=unknown_G
#
# <colnr> <probs for GDERKNQSTAVLIFYWHMCP>
#	G	D	E	R	K	N	Q	S	T	A	V	L	I	F	Y	W	H	M	C	P
0	0.01759	0.01897	0.03945	0.13059	0.04080	0.01848	0.44178	0.02354	0.01860	0.02498	0.02085	0.12443	0.01873	0.01005	0.00970	0.00288	0.01218	0.01151	0.00465	0.01024
1	0.01026	0.00744	0.00969	0.01123	0.01203	0.00687	0.00762	0.01199	0.01687	0.02248	0.10776	0.59540	0.10009	0.02479	0.01047	0.00326	0.00469	0.02234	0.00785	0.00687
2	0.01710	0.03989	0.57257	0.02538	0.03708	0.01955	0.12003	0.02635	0.01785	0.02635	0.01519	0.01827	0.01084	0.00776	0.00818	0.00266	0.01254	0.00669	0.00361	0.01212
3	0.01012	0.00723	0.00964	0.01157	0.01205	0.00675	0.00771	0.01157	0.01591	0.02121	0.04579	0.70262	0.05495	0.02603	0.01060	0.00337	0.00482	0.02362	0.00771	0.00675
4	0.01760	0.01786	0.03024	0.25995	0.03888	0.02204	0.14827	0.02183	0.01555	0.02183	0.01352	0.02047	0.01132	0.01075	0.01688	0.00315	0.30866	0.00784	0.00377	0.00958
5	0.01165	0.00870	0.01104	0.01165	0.01366	0.00809	0.00928	0.01484	0.02018	0.02662	0.25012	0.13957	0.20951	0.02085	0.01044	0.00314	0.00531	0.20972	0.00815	0.00746
6	0.01839	0.03826	0.48268	0.02596	0.03679	0.06949	0.15866	0.02690	0.01844	0.02592	0.01516	0.01840	0.01099	0.00775	0.00828	0.00263	0.01286	0.00687	0.00372	0.01184
7	0.01443	0.00722	0.01082	0.01082	0.01082	0.00722	0.00722	0.01082	0.01082	0.01443	0.01443	0.02525	0.01443	0.02886	0.03247	0.75830	0.00722	0.00722	0.00361	0.00361

[dist]
# distance from previous block
# <min> <max>
0	2

[block]
# block no. 7 follows, 22 sequences, length 81
# corresponding to MSA columns:
# 284-364
name=unknown_H
#
# <colnr> <probs for GDERKNQSTAVLIFYWHMCP>
#	G	D	E	R	K	N	Q	S	T	A	V	L	I	F	Y	W	H	M	C	P
0	0.01870	0.01564	0.01802	0.01301	0.02031	0.01259	0.01046	0.08342	0.01947	0.02967	0.01530	0.01751	0.01249	0.00655	0.00637	0.00136	0.00646	0.00518	0.00527	0.68222
1	0.01718	0.06326	0.49727	0.02245	0.03350	0.01872	0.07167	0.02547	0.01762	0.02618	0.01490	0.01769	0.01095	0.00753	0.00768	0.00240	0.01136	0.00617	0.00377	0.12422
2	0.01549	0.00774	0.00774	0.00774	0.00968	0.00774	0.00581	0.01936	0.01742	0.03097	0.02710	0.03097	0.02129	0.00968	0.00581	0.00194	0.00387	0.00774	0.75416	0.00774
3	0.01789	0.01719	0.03035	0.48538	0.05150	0.01964	0.15832	0.07288	0.01915	0.02502	0.01566	0.02202	0.01167	0.00815	0.00864	0.00275	0.01157	0.00794	0.00419	0.01008
4	0.13399	0.60840	0.03883	0.01372	0.02053	0.03073	0.01343	0.02481	0.01647	0.02221	0.01155	0.01335	0.01041	0.00720	0.00530	0.00190	0.00852	0.00445	0.00379	0.01041
5	0.01592	0.01477	0.02376	0.58662	0.05158	0.01735	0.02109	0.02118	0.01670	0.02210	0.01477	0.02141	0.01126	0.00798	0.00798	0.00254	0.01034	0.00701	0.00388	0.12177
6	0.01012	0.00723	0.00964	0.01157	0.01205	0.00675	0.00771	0.01157	0.01591	0.02121	0.04579	0.70262	0.05495	0.02603	0.01060	0.00337	0.00482	0.02362	0.00771	0.00675
7	0.02248	0.01071	0.01412	0.01239	0.01610	0.00945	0.00959	0.02536	0.02152	0.30729	0.18945	0.18692	0.10689	0.01639	0.00934	0.00278	0.00553	0.01419	0.00919	0.01030
8	0.01126	0.00847	0.01041	0.00993	0.01210	0.00763	0.00744	0.01471	0.02233	0.03050	0.50509	0.06668	0.22689	0.01803	0.00980	0.00266	0.00399	0.01567	0.00878	0.00763
9	0.01187	0.00890	0.01335	0.01335	0.01483	0.01038	0.01038	0.01483	0.01335	0.01928	0.02225	0.03264	0.02077	0.06231	0.67512	0.01335	0.02225	0.00890	0.00445	0.00742
10	0.02416	0.56406	0.03911	0.01580	0.02229	0.17486	0.01462	0.02671	0.01835	0.01972	0.01184	0.01369	0.01067	0.00743	0.00581	0.00186	0.01023	0.00464	0.00371	0.01043
11	0.05950	0.02175	0.02325	0.01826	0.02455	0.02410	0.01496	0.49010	0.12778	0.07669	0.02227	0.02172	0.01590	0.01009	0.00821	0.00255	0.00855	0.00769	0.00829	0.01378
12	0.01138	0.00883	0.01097	0.01193	0.01317	0.00882	0.00842	0.01491	0.06910	0.02302	0.07629	0.49296	0.14261	0.02312	0.01099	0.00322	0.03471	0.02040	0.00766	0.00748
13	0.02390	0.01538	0.01766	0.01543	0.02004	0.01629	0.01206	0.08116	0.31969	0.19820	0.03594	0.13189	0.04826	0.01345	0.00878	0.00281	0.00656	0.01138	0.00879	0.01232
14	0.01723	0.01477	0.01723	0.01230	0.01969	0.01107	0.00984	0.02092	0.01723	0.02707	0.01477	0.01723	0.01230	0.00615	0.00615	0.00123	0.00615	0.00492	0.00492	0.75883
15	0.02898	0.05042	0.02324	0.01767	0.02377	0.02273	0.01448	0.35743	0.20154	0.13331	0.02523	0.02389	0.01799	0.01025	0.00823	0.00256	0.00813	0.00800	0.00843	0.01371
16	0.02096	0.56208	0.18355	0.01635	0.02462	0.02981	0.01793	0.02520	0.01703	0.02107	0.01231	0.01428	0.01063	0.00728	0.00591	0.00197	0.00965	0.00482	0.00354	0.01103
17	0.02640	0.05462	0.02435	0.01920	0.02375	0.11150	0.01564	0.25958	0.14119	0.06008	0.01974	0.02097	0.01515	0.01088	0.01216	0.00272	0.15592	0.00740	0.00665	0.01211
18	0.01708	0.01662	0.02573	0.07236	0.02630	0.02036	0.11493	0.02239	0.08401	0.02295	0.02030	0.12381	0.01972	0.01577	0.03963	0.00362	0.32959	0.01043	0.00490	0.00948
19	0.01012	0.00723	0.00964	0.01157	0.01205	0.00675	0.00771	0.01157	0.01591	0.02121	0.04579	0.70262	0.05495	0.02603	0.01060	0.00337	0.00482	0.02362	0.00771	0.00675
20	0.00982	0.00842	0.00842	0.00842	0.01122	0.00701	0.00631	0.01192	0.01894	0.02244	0.08416	0.07995	0.65285	0.02104	0.00982	0.00281	0.00421	0.01753	0.00771	0.00701
21	0.02066	0.01785	0.01878	0.01691	0.02160	0.02066	0.01315	0.04414	0.64121	0.03475	0.03381	0.03099	0.02536	0.01127	0.00845	0.00282	0.00657	0.00939	0.00845	0.01315
22	0.02919	0.02199	0.02493	0.11955	0.03048	0.02467	0.01688	0.53735	0.03569	0.04768	0.01917	0.02028	0.01367	0.00972	0.00831	0.00253	0.00943	0.00746	0.00762	0.01339
23	0.01110	0.00798	0.01051	0.01090	0.01227	0.00740	0.00779	0.01402	0.02044	0.02843	0.40727	0.32055	0.06893	0.02063	0.01012	0.00292	0.00428	0.01849	0.00857	0.00740
24	0.01634	0.01036	0.01465	0.01383	0.01630	0.01143	0.01087	0.02089	0.06211	0.11694	0.02470	0.03186	0.02108	0.05066	0.52491	0.01094	0.01879	0.00886	0.00563	0.00886
25	0.56018	0.01688	0.04387	0.06897	0.02119	0.01769	0.01164	0.02665	0.01595	0.12922	0.01517	0.01662	0.01098	0.00816	0.00601	0.00259	0.00718	0.00539	0.00572	0.00994
26	0.01549	0.00774	0.00774	0.00774	0.00968	0.00774	0.00581	0.01936	0.01742	0.03097	0.02710	0.03097	0.02129	0.00968	0.00581	0.00194	0.00387	0.00774	0.75416	0.00774
27	0.03158	0.02327	0.02493	0.01911	0.02576	0.02576	0.01579	0.62852	0.03906	0.05236	0.01995	0.01995	0.01413	0.00997	0.00831	0.00249	0.00914	0.00748	0.00831	0.01413
28	0.01613	0.01498	0.02414	0.55896	0.07759	0.01740	0.02119	0.02136	0.01680	0.02236	0.01480	0.02134	0.01135	0.00794	0.00798	0.00252	0.01028	0.00701	0.00389	0.12194
29	0.01732	0.01769	0.03060	0.02441	0.02736	0.02087	0.21581	0.02092	0.01531	0.02219	0.01694	0.07855	0.01618	0.01795	0.08679	0.00434	0.34348	0.00964	0.00425	0.00941
30	0.01689	0.03925	0.56898	0.02340	0.03383	0.02022	0.02881	0.02536	0.01682	0.02536	0.01431	0.01763	0.01058	0.00889	0.01080	0.00278	0.11445	0.00631	0.00353	0.01180
31	0.01794	0.06227	0.03136	0.20454	0.03731	0.01901	0.19782	0.02285	0.01725	0.02408	0.01474	0.01996	0.01180	0.00797	0.01008	0.00241	0.08508	0.00727	0.00414	0.20210
32	0.12724	0.01195	0.01527	0.01316	0.01648	0.01206	0.05518	0.05465	0.05042	0.03457	0.44360	0.04795	0.05692	0.01418	0.00895	0.00262	0.00548	0.01236	0.00809	0.00887
33	0.01552	0.00934	0.01223	0.01102	0.01369	0.00846	0.00844	0.01926	0.02338	0.12729	0.53747	0.05766	0.09138	0.01613	0.00958	0.00261	0.00440	0.01412	0.00926	0.00875
34	0.04321	0.01763	0.02672	0.23852	0.06500	0.06063	0.14681	0.08697	0.02000	0.02647	0.02212	0.16483	0.02100	0.01191	0.00895	0.00281	0.01022	0.01111	0.00525	0.00985
35	0.01122	0.00829	0.01048	0.01031	0.01218	0.00755	0.00759	0.01450	0.02170	0.02989	0.47684	0.15962	0.16116	0.01893	0.00992	0.00275	0.00410	0.01667	0.00872	0.00755
36	0.01057	0.00756	0.01009	0.01163	0.01242	0.00708	0.00808	0.01253	0.01724	0.02325	0.13667	0.56929	0.05803	0.02448	0.01054	0.00329	0.00486	0.05753	0.00792	0.00697
37	0.03158	0.02327	0.02493	0.01911	0.02576	0.02576	0.01579	0.62852	0.03906	0.05236	0.01995	0.01995	0.01413	0.00997	0.00831	0.00249	0.00914	0.00748	0.00831	0.01413
38	0.03158	0.02327	0.02493	0.01911	0.02576	0.02576	0.01579	0.62852	0.03906	0.05236	0.01995	0.01995	0.01413	0.00997	0.00831	0.00249	0.00914	0.00748	0.00831	0.01413
39	0.52513	0.01561	0.01482	0.01251	0.01779	0.01711	0.01033	0.02880	0.01682	0.21448	0.01758	0.01792	0.01238	0.00875	0.00705	0.00262	0.03757	0.00572	0.00654	0.01047
40	0.06454	0.17787	0.30210	0.02439	0.03393	0.02268	0.21000	0.02598	0.01783	0.02563	0.01458	0.01790	0.01110	0.00744	0.00777	0.00250	0.01173	0.00681	0.00383	0.01140
41	0.01770	0.00833	0.01211	0.01139	0.01248	0.00800	0.00800	0.01557	0.01354	0.11280	0.05609	0.02795	0.01925	0.02535	0.02746	0.59871	0.00699	0.00786	0.00495	0.00545
42	0.01328	0.00948	0.01326	0.01518	0.01704	0.00947	0.01320	0.01702	0.01902	0.02474	0.04405	0.11391	0.04805	0.02305	0.01145	0.00381	0.00756	0.58117	0.00765	0.00762
43	0.02258	0.01790	0.01920	0.01688	0.02183	0.02034	0.01324	0.07954	0.55805	0.08297	0.03289	0.03012	0.02431	0.01112	0.00844	0.00278	0.00677	0.00920	0.00858	0.01328
44	0.01182	0.00853	0.01119	0.01063	0.01259	0.00790	0.00805	0.01573	0.02335	0.03299	0.62890	0.06325	0.07723	0.01721	0.00986	0.00266	0.00406	0.03711	0.00909	0.00783
45	0.01169	0.00844	0.01105	0.01050	0.01240	0.00780	0.00783	0.01551	0.02321	0.03283	0.62768	0.08759	0.07745	0.01734	0.00983	0.00264	0.00396	0.01537	0.00909	0.00780
46	0.01443	0.00722	0.01082	0.01082	0.01082	0.00722	0.00722	0.01082	0.01082	0.01443	0.01443	0.02525	0.01443	0.02886	0.03247	0.75830	0.00722	0.00722	0.00361	0.00361
47	0.01961	0.02285	0.12783	0.09478	0.51807	0.01958	0.02609	0.02530	0.01854	0.02657	0.01545	0.02023	0.01261	0.00754	0.00818	0.00251	0.01032	0.00721	0.00399	0.01273
48	0.01876	0.02060	0.04308	0.18268	0.06685	0.02039	0.47028	0.02536	0.01891	0.02541	0.01631	0.02229	0.01228	0.00731	0.00941	0.00278	0.01321	0.00918	0.00408	0.01082
