[name]
unknown

[dist]
# distance from previous block
# <min> <max>
0	17

[block]
# block no. 0 follows, 25 sequences, length 9
# corresponding to MSA columns:
# 17-25
name=unknown_A
#
# <colnr> <probs for GDERKNQSTAVLIFYWHMCP>
#	G	D	E	R	K	N	Q	S	T	A	V	L	I	F	Y	W	H	M	C	P
0	0.01618	0.01625	0.02882	0.11671	0.03067	0.01796	0.23926	0.02029	0.01540	0.02161	0.01649	0.02671	0.01489	0.04417	0.04551	0.00347	0.20409	0.05876	0.00406	0.05872
1	0.01905	0.14915	0.32405	0.02177	0.05084	0.06833	0.10994	0.07619	0.01861	0.02521	0.01390	0.01644	0.01059	0.00721	0.00713	0.00221	0.01066	0.00596	0.00389	0.05886
2	0.01618	0.01423	0.04646	0.02315	0.23537	0.02867	0.01383	0.02027	0.04938	0.07766	0.07713	0.07176	0.19744	0.08093	0.01129	0.00295	0.00693	0.01104	0.00591	0.00941
3	0.01864	0.01467	0.01706	0.04927	0.04675	0.06984	0.05228	0.14011	0.02022	0.02940	0.02134	0.06722	0.01788	0.01208	0.03857	0.00268	0.04685	0.00804	0.31811	0.00899
4	0.10216	0.09581	0.17395	0.01994	0.07834	0.02188	0.01773	0.27146	0.06443	0.03488	0.01615	0.01750	0.01209	0.00840	0.00766	0.00235	0.03183	0.00622	0.00553	0.01169
5	0.07022	0.01331	0.01590	0.05376	0.01970	0.01147	0.01010	0.01956	0.01576	0.04871	0.01680	0.08427	0.01524	0.00822	0.00711	0.00166	0.03620	0.00659	0.00492	0.54051
6	0.01097	0.00754	0.00871	0.00876	0.00920	0.00734	0.00530	0.01167	0.01334	0.01786	0.11431	0.10218	0.07657	0.53849	0.03143	0.00623	0.00657	0.01274	0.00554	0.00527
7	0.01314	0.01033	0.01233	0.01199	0.01399	0.02834	0.00908	0.04208	0.09473	0.02252	0.07144	0.08206	0.09628	0.10283	0.29635	0.00717	0.01207	0.03157	0.03406	0.00762
8	0.04394	0.01317	0.01794	0.04880	0.02094	0.01244	0.07589	0.06709	0.05703	0.02646	0.04755	0.15171	0.02628	0.01248	0.00803	0.00235	0.00688	0.10409	0.00589	0.25103

[dist]
# distance from previous block
# <min> <max>
0	2

[block]
# block no. 1 follows, 25 sequences, length 40
# corresponding to MSA columns:
# 28-67
name=unknown_B
#
# <colnr> <probs for GDERKNQSTAVLIFYWHMCP>
#	G	D	E	R	K	N	Q	S	T	A	V	L	I	F	Y	W	H	M	C	P
0	0.01635	0.01550	0.02063	0.35720	0.03616	0.05554	0.01666	0.02257	0.09247	0.02218	0.01578	0.02044	0.01250	0.01037	0.03865	0.00276	0.06977	0.00659	0.00426	0.16362
1	0.20498	0.07524	0.01993	0.01616	0.02030	0.28499	0.01288	0.10945	0.02021	0.02696	0.01549	0.05109	0.01394	0.00974	0.00789	0.00234	0.05244	0.04183	0.00493	0.00922
2	0.02338	0.01568	0.01850	0.01484	0.01989	0.01597	0.01195	0.18077	0.11445	0.17399	0.02329	0.08061	0.01857	0.01035	0.00899	0.00228	0.06571	0.00813	0.00704	0.18563
3	0.05416	0.01317	0.01824	0.17879	0.11923	0.01431	0.01429	0.12911	0.01952	0.02708	0.06012	0.26373	0.02852	0.01402	0.00841	0.00268	0.00727	0.01238	0.00590	0.00907
4	0.01473	0.01389	0.02099	0.49913	0.08001	0.04020	0.01865	0.01972	0.03632	0.02071	0.02240	0.06991	0.06962	0.01027	0.00808	0.00262	0.00928	0.03061	0.00430	0.00859
5	0.01868	0.01840	0.03278	0.07931	0.51605	0.01824	0.12559	0.02359	0.01758	0.02495	0.01469	0.01943	0.01206	0.00685	0.00785	0.00232	0.00977	0.00719	0.00386	0.04079
6	0.01988	0.01695	0.01787	0.01590	0.02039	0.01956	0.01242	0.07677	0.62860	0.03339	0.03081	0.02833	0.02306	0.01045	0.00788	0.00261	0.00628	0.00866	0.00788	0.01233
7	0.02515	0.01755	0.01865	0.01479	0.01972	0.01920	0.01206	0.47045	0.03064	0.04312	0.02054	0.02158	0.01511	0.00923	0.00708	0.00218	0.00712	0.00705	0.22731	0.01147
8	0.03448	0.01369	0.01830	0.01403	0.02004	0.01213	0.01159	0.07334	0.02302	0.64780	0.02990	0.02594	0.01885	0.00958	0.00779	0.00239	0.00671	0.00775	0.00949	0.01319
9	0.01585	0.08032	0.64975	0.02159	0.03276	0.01874	0.02775	0.02448	0.01633	0.02419	0.01373	0.01614	0.00983	0.00732	0.00723	0.00241	0.01127	0.00564	0.00328	0.01137
10	0.00916	0.00785	0.00785	0.00785	0.01047	0.00655	0.00589	0.01113	0.01767	0.02095	0.07855	0.07462	0.67599	0.01964	0.00916	0.00262	0.00393	0.01636	0.00720	0.00655
11	0.01068	0.00791	0.00996	0.00945	0.01141	0.00719	0.00709	0.01407	0.02126	0.02947	0.57966	0.06059	0.16957	0.01646	0.00915	0.00247	0.00370	0.01440	0.00832	0.00719
12	0.06991	0.02019	0.02277	0.14176	0.05988	0.07609	0.03876	0.30565	0.12471	0.03592	0.01842	0.01993	0.01364	0.00877	0.00758	0.00241	0.00897	0.00698	0.00620	0.01146
13	0.01555	0.04011	0.68733	0.02210	0.03356	0.01801	0.02865	0.02455	0.01637	0.02455	0.01391	0.01637	0.00982	0.00737	0.00737	0.00246	0.01146	0.00573	0.00327	0.01146
14	0.03294	0.01320	0.01770	0.01369	0.01942	0.01166	0.01126	0.06244	0.02278	0.61304	0.07385	0.02820	0.02260	0.01001	0.00789	0.00240	0.00648	0.00819	0.00945	0.01280
15	0.01482	0.01412	0.02433	0.67669	0.05279	0.01734	0.05149	0.02005	0.01564	0.02005	0.01387	0.02068	0.01040	0.00769	0.00782	0.00259	0.01047	0.00700	0.00347	0.00870
16	0.01656	0.01741	0.03394	0.33477	0.04471	0.01887	0.31891	0.02210	0.01654	0.02210	0.01440	0.02049	0.01100	0.00764	0.00981	0.00266	0.06702	0.00795	0.00367	0.00948
17	0.02744	0.02028	0.02176	0.01695	0.02271	0.02227	0.01390	0.58851	0.03445	0.04600	0.02322	0.05040	0.05483	0.01054	0.00793	0.00238	0.00809	0.00816	0.00770	0.01251
18	0.00945	0.00675	0.00900	0.01080	0.01125	0.00630	0.00720	0.01080	0.01484	0.01979	0.04274	0.72245	0.05128	0.02429	0.00990	0.00315	0.00450	0.02204	0.00720	0.00630
19	0.01464	0.01378	0.02326	0.70887	0.05340	0.01723	0.02153	0.01981	0.01550	0.01981	0.01378	0.02067	0.01034	0.00775	0.00775	0.00258	0.01034	0.00689	0.00345	0.00861
20	0.01658	0.01170	0.01359	0.01204	0.01536	0.01193	0.00935	0.07517	0.18140	0.09387	0.32458	0.04668	0.12820	0.01389	0.00860	0.00250	0.00498	0.01186	0.00824	0.00948
21	0.01427	0.01411	0.02730	0.05838	0.02742	0.01336	0.30808	0.01863	0.01752	0.02389	0.11603	0.24294	0.03248	0.01337	0.00920	0.00271	0.00873	0.01356	0.00558	0.03244
22	0.05413	0.01850	0.02186	0.09778	0.05446	0.02084	0.01509	0.37428	0.05505	0.08584	0.01859	0.01998	0.01357	0.00937	0.00906	0.00244	0.06872	0.00699	0.04173	0.01172
23	0.01929	0.01666	0.01753	0.01578	0.02016	0.01929	0.01227	0.04120	0.66513	0.03243	0.03156	0.02893	0.02367	0.01052	0.00789	0.00263	0.00614	0.00877	0.00789	0.01227
24	0.01812	0.02052	0.04413	0.05520	0.04018	0.01969	0.60490	0.02443	0.01796	0.02443	0.01541	0.02075	0.01165	0.00685	0.00974	0.00264	0.04023	0.00898	0.00388	0.01032
25	0.01464	0.01378	0.02326	0.70887	0.05340	0.01723	0.02153	0.01981	0.01550	0.01981	0.01378	0.02067	0.01034	0.00775	0.00775	0.00258	0.01034	0.00689	0.00345	0.00861
26	0.01608	0.01378	0.01608	0.01148	0.01837	0.01034	0.00919	0.01952	0.01608	0.02527	0.01378	0.01608	0.01148	0.00574	0.00574	0.00115	0.00574	0.00459	0.00459	0.77491
27	0.01155	0.00806	0.00940	0.00927	0.00929	0.00845	0.00554	0.01170	0.01146	0.01545	0.02431	0.07579	0.02803	0.65593	0.03742	0.00709	0.05011	0.01144	0.00472	0.00499
28	0.01929	0.01666	0.01753	0.01578	0.02016	0.01929	0.01227	0.04120	0.66513	0.03243	0.03156	0.02893	0.02367	0.01052	0.00789	0.00263	0.00614	0.00877	0.00789	0.01227
29	0.01608	0.01378	0.01608	0.01148	0.01837	0.01034	0.00919	0.01952	0.01608	0.02527	0.01378	0.01608	0.01148	0.00574	0.00574	0.00115	0.00574	0.00459	0.00459	0.77491
30	0.01667	0.01493	0.02548	0.46308	0.10644	0.01703	0.09260	0.02270	0.05568	0.05739	0.01711	0.04687	0.01346	0.00840	0.00799	0.00257	0.00988	0.00787	0.00427	0.00956
31	0.01890	0.54043	0.12211	0.01493	0.02180	0.02633	0.04231	0.02240	0.01590	0.01948	0.01548	0.01745	0.04621	0.00969	0.03617	0.00233	0.00923	0.00541	0.00358	0.00985
32	0.24097	0.08444	0.20962	0.01798	0.07055	0.04258	0.01682	0.06277	0.01789	0.14520	0.01596	0.01698	0.01146	0.00775	0.00653	0.00233	0.00852	0.00565	0.00516	0.01083
33	0.01722	0.01839	0.05491	0.02099	0.02387	0.04552	0.13629	0.02142	0.04935	0.02172	0.01501	0.05225	0.01363	0.01145	0.01717	0.00290	0.37979	0.00785	0.03669	0.05359
34	0.01464	0.01378	0.02326	0.70887	0.05340	0.01723	0.02153	0.01981	0.01550	0.01981	0.01378	0.02067	0.01034	0.00775	0.00775	0.00258	0.01034	0.00689	0.00345	0.00861
35	0.01725	0.02017	0.07432	0.13468	0.04003	0.01903	0.46184	0.02330	0.01719	0.02345	0.01517	0.02075	0.01163	0.00903	0.03456	0.00300	0.05236	0.00846	0.00379	0.00999
36	0.00945	0.00675	0.00900	0.01080	0.01125	0.00630	0.00720	0.01080	0.01484	0.01979	0.04274	0.72245	0.05128	0.02429	0.00990	0.00315	0.00450	0.02204	0.00720	0.00630
37	0.01118	0.00748	0.00848	0.00857	0.00860	0.00746	0.00482	0.01125	0.01145	0.01527	0.02534	0.08419	0.02934	0.69249	0.03799	0.00730	0.00737	0.01181	0.00482	0.00478
38	0.67016	0.01512	0.01263	0.01092	0.01591	0.01708	0.00900	0.05327	0.01520	0.10287	0.01321	0.01430	0.00974	0.00754	0.00525	0.00240	0.00618	0.00470	0.00543	0.00911
39	0.07441	0.08289	0.14536	0.09240	0.08639	0.05467	0.09778	0.05008	0.07681	0.06449	0.05452	0.02110	0.01592	0.00813	0.00737	0.00233	0.00924	0.00697	0.00490	0.04426

[dist]
# distance from previous block
# <min> <max>
3	6

[block]
# block no. 2 follows, 25 sequences, length 18
# corresponding to MSA columns:
# 74-91
name=unknown_C
#
# <colnr> <probs for GDERKNQSTAVLIFYWHMCP>
#	G	D	E	R	K	N	Q	S	T	A	V	L	I	F	Y	W	H	M	C	P
0	0.04122	0.01462	0.02126	0.24221	0.03066	0.01764	0.04416	0.05146	0.05994	0.08178	0.03808	0.06217	0.01680	0.01090	0.01250	0.00276	0.19548	0.00819	0.03888	0.00928
1	0.09105	0.40946	0.12320	0.01645	0.06528	0.02371	0.01522	0.02488	0.01674	0.10277	0.03727	0.01675	0.01330	0.00749	0.00596	0.00200	0.00821	0.00535	0.00443	0.01048
2	0.25010	0.05639	0.02034	0.04079	0.06583	0.22170	0.01353	0.14829	0.06380	0.03075	0.01438	0.01595	0.01120	0.00803	0.00653	0.00225	0.00934	0.00554	0.00516	0.01009
3	0.01464	0.01378	0.02326	0.70887	0.05340	0.01723	0.02153	0.01981	0.01550	0.01981	0.01378	0.02067	0.01034	0.00775	0.00775	0.00258	0.01034	0.00689	0.00345	0.00861
4	0.01608	0.01378	0.01608	0.01148	0.01837	0.01034	0.00919	0.01952	0.01608	0.02527	0.01378	0.01608	0.01148	0.00574	0.00574	0.00115	0.00574	0.00459	0.00459	0.77491
5	0.01789	0.01485	0.01705	0.01234	0.01914	0.01219	0.00994	0.10510	0.01883	0.02845	0.01443	0.01642	0.01171	0.00622	0.00601	0.00131	0.00612	0.00492	0.00502	0.67206
6	0.02947	0.02172	0.02327	0.01784	0.02404	0.02404	0.01474	0.65329	0.03646	0.04887	0.01862	0.01862	0.01319	0.00931	0.00776	0.00233	0.00853	0.00698	0.00776	0.01319
7	0.02396	0.01673	0.01854	0.01558	0.02053	0.01832	0.01242	0.17787	0.37352	0.15357	0.06182	0.02764	0.02305	0.01036	0.00791	0.00251	0.00663	0.00846	0.00820	0.01239
8	0.01128	0.00752	0.00846	0.00846	0.00846	0.00752	0.00470	0.01128	0.01128	0.01503	0.02443	0.05074	0.02819	0.72751	0.03946	0.00752	0.00752	0.01128	0.00470	0.00470
9	0.02947	0.02172	0.02327	0.01784	0.02404	0.02404	0.01474	0.65329	0.03646	0.04887	0.01862	0.01862	0.01319	0.00931	0.00776	0.00233	0.00853	0.00698	0.00776	0.01319
10	0.00956	0.00684	0.00910	0.01072	0.01127	0.00637	0.00721	0.01109	0.01538	0.02065	0.09048	0.67227	0.05293	0.02365	0.00984	0.00310	0.00443	0.02144	0.00730	0.00637
11	0.01607	0.01624	0.05859	0.01798	0.01900	0.01998	0.01543	0.01854	0.01280	0.02040	0.01336	0.01968	0.01225	0.01606	0.07415	0.00382	0.51842	0.00691	0.11197	0.00835
12	0.11720	0.01339	0.01727	0.01340	0.01926	0.01206	0.01107	0.03613	0.02120	0.61288	0.02841	0.02487	0.01800	0.00933	0.00747	0.00240	0.00653	0.00740	0.00907	0.01267
13	0.01657	0.01627	0.03051	0.28383	0.08280	0.01721	0.26324	0.02274	0.05520	0.02320	0.01639	0.02184	0.01259	0.00833	0.00915	0.03691	0.01046	0.00789	0.05540	0.00946
14	0.02592	0.07789	0.02373	0.01940	0.02294	0.44369	0.01526	0.08859	0.02083	0.02178	0.01217	0.01496	0.01034	0.00921	0.01084	0.00230	0.16110	0.00551	0.00419	0.00936
15	0.01128	0.00752	0.00846	0.00846	0.00846	0.00752	0.00470	0.01128	0.01128	0.01503	0.02443	0.05074	0.02819	0.72751	0.03946	0.00752	0.00752	0.01128	0.00470	0.00470
16	0.01794	0.35949	0.38888	0.01802	0.02726	0.02386	0.02155	0.02394	0.01609	0.02164	0.01247	0.01456	0.00988	0.00703	0.00626	0.00209	0.01000	0.00500	0.00329	0.01076
17	0.06839	0.01502	0.05542	0.01403	0.01967	0.01303	0.01199	0.05678	0.09126	0.45850	0.06643	0.02776	0.02187	0.03311	0.00873	0.00259	0.00672	0.00805	0.00851	0.01212

[dist]
# distance from previous block
# <min> <max>
0	1

[block]
# block no. 3 follows, 25 sequences, length 23
# corresponding to MSA columns:
# 93-115
name=unknown_D
#
# <colnr> <probs for GDERKNQSTAVLIFYWHMCP>
#	G	D	E	R	K	N	Q	S	T	A	V	L	I	F	Y	W	H	M	C	P
0	0.02092	0.60554	0.10243	0.01470	0.02158	0.08575	0.01492	0.02400	0.01634	0.01892	0.01119	0.01295	0.00994	0.00682	0.00538	0.00177	0.00908	0.00437	0.00337	0.01002
1	0.02947	0.02172	0.02327	0.01784	0.02404	0.02404	0.01474	0.65329	0.03646	0.04887	0.01862	0.01862	0.01319	0.00931	0.00776	0.00233	0.00853	0.00698	0.00776	0.01319
2	0.01464	0.01378	0.02326	0.70887	0.05340	0.01723	0.02153	0.01981	0.01550	0.01981	0.01378	0.02067	0.01034	0.00775	0.00775	0.00258	0.01034	0.00689	0.00345	0.00861
3	0.01608	0.01378	0.01608	0.01148	0.01837	0.01034	0.00919	0.01952	0.01608	0.02527	0.01378	0.01608	0.01148	0.00574	0.00574	0.00115	0.00574	0.00459	0.00459	0.77491
4	0.52100	0.01582	0.01438	0.01191	0.01723	0.01730	0.00980	0.12717	0.01813	0.09996	0.01427	0.01523	0.01050	0.00765	0.00566	0.00228	0.00645	0.00504	0.00574	0.07449
5	0.02947	0.02172	0.02327	0.01784	0.02404	0.02404	0.01474	0.65329	0.03646	0.04887	0.01862	0.01862	0.01319	0.00931	0.00776	0.00233	0.00853	0.00698	0.00776	0.01319
6	0.70902	0.01482	0.01204	0.01055	0.01546	0.01681	0.00869	0.02426	0.01408	0.09846	0.01274	0.01395	0.00946	0.00743	0.00509	0.00240	0.00606	0.00455	0.00527	0.00887
7	0.02051	0.01750	0.01929	0.02005	0.11632	0.07464	0.01364	0.03491	0.40163	0.08190	0.09040	0.02887	0.02534	0.01022	0.00790	0.00249	0.00705	0.00861	0.00716	0.01158
8	0.01464	0.01378	0.02326	0.70887	0.05340	0.01723	0.02153	0.01981	0.01550	0.01981	0.01378	0.02067	0.01034	0.00775	0.00775	0.00258	0.01034	0.00689	0.00345	0.00861
9	0.00945	0.00675	0.00900	0.01080	0.01125	0.00630	0.00720	0.01080	0.01484	0.01979	0.04274	0.72245	0.05128	0.02429	0.00990	0.00315	0.00450	0.02204	0.00720	0.00630
10	0.02856	0.02070	0.02245	0.01714	0.02339	0.02237	0.01413	0.57481	0.03416	0.07254	0.01869	0.01871	0.01328	0.00902	0.00759	0.00223	0.00822	0.00681	0.00756	0.07762
11	0.01594	0.01378	0.01678	0.07983	0.02181	0.01101	0.01040	0.01955	0.01602	0.02473	0.01378	0.01653	0.01137	0.00594	0.00594	0.00129	0.00619	0.00482	0.00448	0.69981
12	0.00945	0.00675	0.00900	0.01080	0.01125	0.00630	0.00720	0.01080	0.01484	0.01979	0.04274	0.72245	0.05128	0.02429	0.00990	0.00315	0.00450	0.02204	0.00720	0.00630
13	0.01894	0.23308	0.38756	0.01919	0.02788	0.09524	0.02197	0.04414	0.01725	0.02270	0.01283	0.01510	0.00999	0.00752	0.00735	0.00221	0.03753	0.00528	0.00351	0.01071
14	0.01630	0.01599	0.02248	0.01947	0.01962	0.02217	0.01615	0.01812	0.01194	0.01859	0.01137	0.01848	0.01121	0.01858	0.10093	0.00441	0.63544	0.00696	0.00348	0.00831
15	0.01853	0.01767	0.03003	0.09288	0.60764	0.01789	0.02296	0.02314	0.01768	0.02517	0.04143	0.02087	0.01462	0.00733	0.00774	0.00233	0.00906	0.00720	0.00400	0.01182
16	0.01633	0.01401	0.01619	0.01183	0.01852	0.01105	0.00943	0.02124	0.06761	0.02583	0.01519	0.01710	0.01245	0.00612	0.00591	0.00127	0.00577	0.00493	0.00486	0.71435
17	0.01785	0.01709	0.02872	0.15638	0.42322	0.01799	0.06596	0.02384	0.06869	0.02446	0.01699	0.05135	0.01448	0.00829	0.00845	0.00247	0.03055	0.00788	0.00423	0.01114
18	0.01022	0.00725	0.00905	0.01010	0.01074	0.00689	0.00676	0.01147	0.01451	0.01916	0.06245	0.41076	0.09458	0.22436	0.01832	0.00436	0.00547	0.06107	0.00653	0.00596
19	0.01828	0.01503	0.01916	0.01384	0.02070	0.01235	0.06074	0.07745	0.01835	0.05647	0.01511	0.01714	0.01200	0.00629	0.00628	0.00143	0.00661	0.00531	0.00504	0.61241
20	0.01480	0.05383	0.07032	0.01155	0.01509	0.01024	0.00985	0.01811	0.01857	0.10115	0.28332	0.10066	0.09010	0.07241	0.03946	0.00319	0.00618	0.01175	0.00693	0.06249
21	0.01958	0.01366	0.01581	0.01330	0.01768	0.01331	0.01033	0.17698	0.07628	0.09691	0.02694	0.22315	0.02550	0.01289	0.00782	0.00229	0.00612	0.01099	0.03387	0.19660
22	0.10579	0.01153	0.01470	0.03382	0.03626	0.01147	0.05430	0.06231	0.01777	0.04825	0.07832	0.13542	0.02551	0.01253	0.02566	0.00251	0.00619	0.00965	0.21842	0.08961

[dist]
# distance from previous block
# <min> <max>
13	31

[block]
# block no. 4 follows, 25 sequences, length 19
# corresponding to MSA columns:
# 150-168
name=unknown_E
#
# <colnr> <probs for GDERKNQSTAVLIFYWHMCP>
#	G	D	E	R	K	N	Q	S	T	A	V	L	I	F	Y	W	H	M	C	P
0	0.08669	0.01712	0.01939	0.01640	0.02136	0.01623	0.01257	0.10954	0.10375	0.24312	0.16309	0.03645	0.03279	0.01363	0.00972	0.00323	0.00769	0.01001	0.00946	0.06773
1	0.01474	0.01655	0.09321	0.63653	0.05131	0.01731	0.02228	0.02031	0.01560	0.02031	0.01380	0.02022	0.01028	0.00771	0.00771	0.00257	0.01045	0.00677	0.00343	0.00891
2	0.02498	0.01584	0.01688	0.01451	0.01889	0.08532	0.01136	0.06103	0.19412	0.28291	0.07322	0.11543	0.02683	0.01194	0.00809	0.00251	0.00688	0.00994	0.00809	0.01124
3	0.01532	0.01344	0.02143	0.54012	0.07340	0.01612	0.01901	0.05080	0.01713	0.02300	0.05948	0.02369	0.01558	0.00844	0.00765	0.00248	0.00919	0.00740	0.06750	0.00880
4	0.01093	0.00902	0.01449	0.04527	0.01697	0.00860	0.09148	0.01330	0.01587	0.02124	0.08130	0.53874	0.06110	0.02055	0.00963	0.00299	0.00581	0.01900	0.00669	0.00702
5	0.01008	0.00761	0.01022	0.07437	0.01489	0.00745	0.00824	0.01188	0.01535	0.02020	0.07428	0.51753	0.11307	0.06288	0.01131	0.00326	0.00511	0.01903	0.00677	0.00649
6	0.01600	0.01516	0.02571	0.51174	0.23994	0.01758	0.02221	0.02100	0.01615	0.02146	0.01402	0.02023	0.01092	0.00750	0.00773	0.00250	0.01000	0.00690	0.00356	0.00971
7	0.02813	0.08942	0.02001	0.01344	0.01951	0.01399	0.01123	0.05710	0.05015	0.41358	0.04053	0.02347	0.01799	0.00871	0.00713	0.00208	0.00659	0.00695	0.00778	0.16220
8	0.35076	0.01592	0.01525	0.09616	0.02142	0.06824	0.01139	0.02696	0.12534	0.10740	0.01974	0.07681	0.01616	0.00959	0.00662	0.00249	0.00710	0.00726	0.00586	0.00952
9	0.02469	0.01885	0.02055	0.01589	0.02190	0.01972	0.01293	0.42745	0.08281	0.04079	0.01941	0.04453	0.01504	0.00910	0.00736	0.00210	0.00752	0.00711	0.00699	0.19526
10	0.01299	0.00921	0.01091	0.01149	0.01305	0.03003	0.00814	0.01646	0.07034	0.07316	0.10931	0.48863	0.07544	0.02039	0.00936	0.00291	0.00498	0.01819	0.00748	0.00753
11	0.12942	0.01588	0.01677	0.06757	0.02140	0.04664	0.01191	0.05650	0.29337	0.10638	0.02539	0.08106	0.02033	0.01036	0.00740	0.00246	0.00678	0.00842	0.00684	0.06513
12	0.15552	0.01358	0.01595	0.12942	0.04893	0.01526	0.01241	0.07045	0.17767	0.02822	0.02789	0.17366	0.05168	0.01292	0.00787	0.00269	0.00671	0.03364	0.00622	0.00934
13	0.01022	0.00760	0.01017	0.06409	0.01436	0.00745	0.00818	0.01198	0.01519	0.02008	0.07246	0.49326	0.08943	0.09623	0.01279	0.00351	0.00530	0.04458	0.00671	0.00641
14	0.01743	0.01474	0.01846	0.01366	0.02005	0.01240	0.05290	0.09946	0.01872	0.02782	0.01667	0.06919	0.01467	0.00762	0.00653	0.00154	0.00650	0.00650	0.00514	0.56999
15	0.01586	0.01547	0.07109	0.01259	0.01901	0.01114	0.01082	0.05040	0.01696	0.02569	0.01769	0.10543	0.01646	0.00840	0.00650	0.00157	0.00620	0.00701	0.00497	0.57673
16	0.01754	0.01306	0.04763	0.01342	0.01730	0.01165	0.01129	0.09116	0.07054	0.11118	0.17581	0.11933	0.03832	0.01447	0.00867	0.00260	0.00614	0.13247	0.00744	0.09000
17	0.01909	0.02283	0.20717	0.17921	0.03317	0.01809	0.06081	0.09968	0.15178	0.07322	0.02031	0.02384	0.01523	0.00895	0.00788	0.00255	0.00938	0.03034	0.00539	0.01106
18	0.07227	0.01466	0.02187	0.06571	0.02456	0.01448	0.14332	0.04596	0.11756	0.13502	0.02490	0.14961	0.02170	0.01101	0.00801	0.00247	0.00766	0.01009	0.00630	0.10283

[dist]
# distance from previous block
# <min> <max>
42	136

[block]
# block no. 5 follows, 25 sequences, length 9
# corresponding to MSA columns:
# 311-319
name=unknown_F
#
# <colnr> <probs for GDERKNQSTAVLIFYWHMCP>
#	G	D	E	R	K	N	Q	S	T	A	V	L	I	F	Y	W	H	M	C	P
0	0.02080	0.15120	0.36337	0.01982	0.02874	0.05089	0.06263	0.08754	0.01928	0.10195	0.01580	0.01727	0.01139	0.00766	0.00715	0.00229	0.01029	0.00601	0.00452	0.01140
1	0.02145	0.27359	0.11623	0.01553	0.02165	0.06952	0.01480	0.06593	0.12762	0.09532	0.05831	0.02382	0.01876	0.00918	0.00691	0.00221	0.00827	0.03463	0.00555	0.01073
2	0.12434	0.17534	0.13443	0.01508	0.02192	0.01926	0.01464	0.09518	0.05830	0.22080	0.01925	0.01893	0.01363	0.00819	0.00667	0.00222	0.00785	0.00607	0.00612	0.03176
3	0.05615	0.09144	0.46243	0.02033	0.03003	0.01884	0.05822	0.06271	0.01801	0.08900	0.01547	0.01720	0.01096	0.00758	0.00721	0.00238	0.01038	0.00598	0.00426	0.01140
4	0.02498	0.11433	0.07080	0.01646	0.02252	0.02198	0.01449	0.37777	0.09735	0.07087	0.07354	0.02237	0.01889	0.00950	0.00749	0.00229	0.00796	0.00733	0.00702	0.01206
5	0.01757	0.01132	0.01362	0.01247	0.01530	0.01145	0.00937	0.10424	0.10923	0.12447	0.17409	0.24657	0.04122	0.05913	0.01066	0.00297	0.00556	0.01375	0.00786	0.00915
6	0.01445	0.00957	0.01294	0.10197	0.01789	0.00979	0.00958	0.01806	0.04319	0.09437	0.27669	0.04609	0.04216	0.17839	0.06455	0.00437	0.00716	0.03437	0.00672	0.00768
7	0.01380	0.00831	0.01376	0.01237	0.01320	0.00817	0.07516	0.01177	0.01107	0.01481	0.01461	0.02554	0.01450	0.08274	0.02881	0.62877	0.00747	0.00737	0.00354	0.00423
8	0.02642	0.12504	0.02514	0.02165	0.08880	0.50719	0.01550	0.02975	0.05326	0.02020	0.01308	0.01506	0.01090	0.00783	0.00684	0.00202	0.01236	0.00527	0.00409	0.00961

[dist]
# distance from previous block
# <min> <max>
0	1

[block]
# block no. 6 follows, 25 sequences, length 12
# corresponding to MSA columns:
# 321-332
name=unknown_G
#
# <colnr> <probs for GDERKNQSTAVLIFYWHMCP>
#	G	D	E	R	K	N	Q	S	T	A	V	L	I	F	Y	W	H	M	C	P
0	0.01663	0.01706	0.09326	0.19719	0.21294	0.01572	0.01893	0.02360	0.09317	0.04887	0.10152	0.03139	0.02350	0.01006	0.00814	0.00256	0.00841	0.06157	0.00523	0.01025
1	0.00977	0.00772	0.00879	0.00885	0.01092	0.00675	0.00651	0.01217	0.01861	0.02394	0.25887	0.15904	0.40233	0.01910	0.00926	0.00264	0.00392	0.01642	0.00761	0.00675
2	0.04438	0.01163	0.01371	0.01229	0.01552	0.01169	0.00940	0.11231	0.08187	0.16038	0.11480	0.21642	0.05751	0.03534	0.00922	0.00273	0.00559	0.01259	0.06316	0.00945
3	0.01620	0.09073	0.01831	0.01164	0.01813	0.01229	0.00951	0.01942	0.01597	0.02419	0.01513	0.05644	0.01362	0.00691	0.00590	0.00132	0.00594	0.00555	0.00461	0.64820
4	0.00993	0.00720	0.00924	0.01015	0.01113	0.00666	0.00699	0.01188	0.01682	0.02269	0.21537	0.45404	0.10875	0.05771	0.01115	0.00314	0.00438	0.01885	0.00743	0.00651
5	0.00956	0.00683	0.00910	0.01072	0.01127	0.00637	0.00721	0.01107	0.01536	0.02061	0.08856	0.67429	0.05287	0.02368	0.00984	0.00310	0.00444	0.02146	0.00729	0.00637
6	0.01804	0.02231	0.10086	0.03196	0.07173	0.01959	0.53535	0.02448	0.01781	0.02456	0.01523	0.02025	0.01155	0.00694	0.00965	0.00262	0.04406	0.00863	0.00384	0.01055
7	0.01661	0.06665	0.38509	0.04893	0.07446	0.01866	0.19540	0.02395	0.01698	0.02413	0.01556	0.02110	0.01218	0.00776	0.00792	0.00251	0.01135	0.03621	0.00368	0.01086
8	0.00980	0.00703	0.00876	0.00998	0.01057	0.00658	0.00653	0.01093	0.01439	0.01891	0.04271	0.51033	0.11366	0.17283	0.01608	0.00402	0.00508	0.01915	0.00667	0.00599
9	0.01609	0.06497	0.55875	0.02274	0.06172	0.01916	0.02653	0.02383	0.01592	0.02370	0.01341	0.01640	0.00998	0.00798	0.00923	0.00252	0.08680	0.00583	0.00331	0.01111
10	0.02852	0.01958	0.02150	0.01688	0.02275	0.02135	0.01382	0.45690	0.14188	0.14073	0.02261	0.02154	0.01587	0.00956	0.00779	0.00239	0.00783	0.00741	0.00805	0.01303
11	0.01552	0.01073	0.05046	0.01132	0.01424	0.00863	0.00909	0.01839	0.01852	0.14700	0.24502	0.17051	0.08713	0.09917	0.01241	0.00315	0.00545	0.03034	0.00747	0.03546

[dist]
# distance from previous block
# <min> <max>
3	11

[block]
# block no. 7 follows, 25 sequences, length 24
# corresponding to MSA columns:
# 345-368
name=unknown_H
#
# <colnr> <probs for GDERKNQSTAVLIFYWHMCP>
#	G	D	E	R	K	N	Q	S	T	A	V	L	I	F	Y	W	H	M	C	P
0	0.21134	0.12530	0.15338	0.01633	0.05991	0.07430	0.01474	0.02431	0.01727	0.10231	0.07698	0.02290	0.05327	0.00894	0.00667	0.00228	0.00803	0.00669	0.00517	0.00987
1	0.09320	0.01745	0.01886	0.01521	0.02045	0.01890	0.01235	0.33307	0.13840	0.12645	0.07591	0.02634	0.04816	0.01032	0.00769	0.00242	0.00706	0.00810	0.00780	0.01186
2	0.01149	0.07226	0.01270	0.01016	0.01221	0.00918	0.00776	0.01456	0.01995	0.02748	0.47642	0.17080	0.09294	0.01669	0.00891	0.00250	0.00423	0.01466	0.00777	0.00734
3	0.07590	0.36043	0.22833	0.04886	0.02636	0.02405	0.05594	0.02446	0.04975	0.02256	0.01322	0.01536	0.01064	0.00714	0.00620	0.00210	0.00933	0.00529	0.00370	0.01037
4	0.08465	0.01807	0.08776	0.22351	0.03319	0.01867	0.10772	0.04385	0.01566	0.02352	0.01438	0.04171	0.01205	0.00953	0.01201	0.00271	0.18547	0.00728	0.02731	0.03095
5	0.00963	0.00688	0.00921	0.01100	0.01153	0.00645	0.00751	0.01111	0.01502	0.02000	0.04263	0.68445	0.05088	0.02412	0.00995	0.00317	0.00466	0.05824	0.00719	0.00635
6	0.01445	0.00723	0.00723	0.00723	0.00903	0.00723	0.00542	0.01807	0.01626	0.02891	0.02529	0.02891	0.01987	0.00903	0.00542	0.00181	0.00361	0.00723	0.77055	0.00723
7	0.02128	0.51016	0.06858	0.01471	0.02062	0.13763	0.01399	0.02407	0.01670	0.01938	0.01203	0.01410	0.01058	0.00730	0.00621	0.00183	0.03498	0.00466	0.05156	0.00965
8	0.01953	0.01169	0.04421	0.01281	0.01609	0.01012	0.01012	0.04947	0.05913	0.23843	0.05325	0.35374	0.03561	0.03550	0.00964	0.00290	0.00583	0.01468	0.00784	0.00943
9	0.01445	0.00723	0.00723	0.00723	0.00903	0.00723	0.00542	0.01807	0.01626	0.02891	0.02529	0.02891	0.01987	0.00903	0.00542	0.00181	0.00361	0.00723	0.77055	0.00723
10	0.02070	0.29369	0.18178	0.01658	0.02326	0.07362	0.01675	0.05531	0.08812	0.06666	0.04270	0.01856	0.01476	0.00840	0.00761	0.00218	0.04798	0.00600	0.00468	0.01065
11	0.09680	0.03934	0.02135	0.41651	0.03887	0.01721	0.01718	0.08772	0.01845	0.12380	0.01676	0.02049	0.01206	0.00813	0.00729	0.00245	0.00886	0.00668	0.03031	0.00974
12	0.00945	0.00675	0.00900	0.01080	0.01125	0.00630	0.00720	0.01080	0.01484	0.01979	0.04274	0.72245	0.05128	0.02429	0.00990	0.00315	0.00450	0.02204	0.00720	0.00630
13	0.01599	0.01555	0.02224	0.08123	0.02248	0.02133	0.01643	0.01814	0.01228	0.01868	0.01188	0.01905	0.01139	0.01885	0.11120	0.00450	0.56001	0.00699	0.00350	0.00829
14	0.29568	0.22606	0.02163	0.06858	0.01946	0.02023	0.01120	0.05853	0.01633	0.02810	0.05465	0.01825	0.01461	0.00815	0.00632	0.00217	0.03132	0.00559	0.08417	0.00897
15	0.02435	0.01249	0.01547	0.01290	0.01744	0.01196	0.01029	0.03166	0.16788	0.35087	0.14903	0.03764	0.09964	0.01197	0.00820	0.00248	0.00569	0.01002	0.00877	0.01125
16	0.00972	0.00694	0.00931	0.01111	0.01168	0.00653	0.00767	0.01127	0.01511	0.02010	0.04259	0.66586	0.05069	0.02404	0.00997	0.00319	0.00473	0.07595	0.00719	0.00637
17	0.03091	0.05269	0.06917	0.01498	0.02108	0.01442	0.01323	0.06743	0.04834	0.51094	0.02682	0.02420	0.01749	0.00949	0.00843	0.00242	0.03955	0.00741	0.00836	0.01265
18	0.04209	0.14696	0.47547	0.02017	0.02986	0.02019	0.04985	0.02578	0.07406	0.02460	0.01496	0.01692	0.01111	0.00749	0.00702	0.00235	0.01037	0.00584	0.00377	0.01115
19	0.07373	0.01450	0.02094	0.16083	0.08654	0.01476	0.03558	0.06132	0.02009	0.34393	0.04936	0.02411	0.01745	0.00910	0.00827	0.00247	0.03114	0.00753	0.00698	0.01138
20	0.29864	0.30577	0.02523	0.04885	0.02006	0.05668	0.01178	0.02518	0.01597	0.11100	0.01358	0.01482	0.01061	0.00735	0.00553	0.00209	0.00764	0.00483	0.00471	0.00969
21	0.01190	0.00885	0.01226	0.01443	0.04660	0.00861	0.01120	0.01499	0.01756	0.02301	0.08318	0.19197	0.10227	0.02071	0.01018	0.00328	0.00627	0.39845	0.00708	0.00720
22	0.00945	0.00675	0.00900	0.01080	0.01125	0.00630	0.00720	0.01080	0.01484	0.01979	0.04274	0.72245	0.05128	0.02429	0.00990	0.00315	0.00450	0.02204	0.00720	0.00630
23	0.74057	0.01537	0.01205	0.01062	0.01550	0.01776	0.00875	0.05772	0.01448	0.03557	0.01123	0.01293	0.00866	0.00731	0.00496	0.00240	0.00614	0.00435	0.00496	0.00866

[dist]
# distance from previous block
# <min> <max>
0	1

[block]
# block no. 8 follows, 25 sequences, length 67
# corresponding to MSA columns:
# 370-436
name=unknown_I
#
# <colnr> <probs for GDERKNQSTAVLIFYWHMCP>
#	G	D	E	R	K	N	Q	S	T	A	V	L	I	F	Y	W	H	M	C	P
0	0.01481	0.01401	0.02329	0.65975	0.05104	0.01769	0.02121	0.01973	0.01524	0.01973	0.01352	0.02041	0.01032	0.00817	0.00901	0.00264	0.06048	0.00688	0.00344	0.00860
1	0.01689	0.01664	0.02560	0.52023	0.11470	0.06444	0.06525	0.04414	0.01712	0.02173	0.01405	0.02000	0.01072	0.00765	0.00779	0.00251	0.01060	0.00692	0.00371	0.00932
2	0.01477	0.00822	0.00859	0.00835	0.01015	0.00835	0.00610	0.06043	0.01698	0.02805	0.02595	0.07906	0.02256	0.09268	0.00980	0.00259	0.00446	0.00871	0.57690	0.00728
3	0.01999	0.01906	0.02868	0.15744	0.46774	0.05971	0.02199	0.08463	0.01937	0.02628	0.01468	0.01908	0.01189	0.00735	0.00766	0.00234	0.00963	0.00680	0.00416	0.01154
4	0.05240	0.01683	0.06514	0.33934	0.28195	0.01716	0.02157	0.02147	0.01641	0.02310	0.01582	0.02407	0.01330	0.00833	0.00776	0.00253	0.00956	0.04931	0.00390	0.01005
5	0.01464	0.01378	0.02326	0.70887	0.05340	0.01723	0.02153	0.01981	0.01550	0.01981	0.01378	0.02067	0.01034	0.00775	0.00775	0.00258	0.01034	0.00689	0.00345	0.00861
6	0.02914	0.02010	0.02207	0.01696	0.02311	0.02164	0.01397	0.52486	0.05533	0.12653	0.02032	0.01982	0.01421	0.00921	0.00767	0.00229	0.00807	0.00703	0.00784	0.04982
7	0.24485	0.01633	0.04422	0.06341	0.09180	0.01660	0.01327	0.09358	0.10865	0.13960	0.04111	0.02393	0.05274	0.00923	0.00701	0.00244	0.00705	0.00721	0.00632	0.01065
8	0.00933	0.00752	0.00832	0.00883	0.01076	0.00651	0.00635	0.01119	0.01701	0.02105	0.09465	0.27075	0.45886	0.02088	0.00939	0.00277	0.00409	0.01798	0.00726	0.00651
9	0.00945	0.00675	0.00900	0.01080	0.01125	0.00630	0.00720	0.01080	0.01484	0.01979	0.04274	0.72245	0.05128	0.02429	0.00990	0.00315	0.00450	0.02204	0.00720	0.00630
10	0.01490	0.01404	0.02372	0.67172	0.08856	0.01729	0.02166	0.02003	0.01562	0.02012	0.01383	0.02059	0.01045	0.00770	0.00775	0.00257	0.01027	0.00689	0.00347	0.00882
11	0.02223	0.01597	0.01860	0.01575	0.02055	0.01734	0.03729	0.08924	0.42162	0.15149	0.05692	0.03003	0.04626	0.01062	0.00801	0.00255	0.00652	0.00893	0.00803	0.01205
12	0.00943	0.00683	0.00892	0.01059	0.01119	0.00632	0.00710	0.01082	0.01505	0.01988	0.04529	0.67623	0.09585	0.02396	0.00984	0.00311	0.00446	0.02164	0.00720	0.00632
13	0.01128	0.00752	0.00846	0.00846	0.00846	0.00752	0.00470	0.01128	0.01128	0.01503	0.02443	0.05074	0.02819	0.72751	0.03946	0.00752	0.00752	0.01128	0.00470	0.00470
14	0.01577	0.01500	0.02577	0.49736	0.15807	0.01752	0.06613	0.02076	0.01596	0.02138	0.01430	0.02056	0.01108	0.00778	0.00843	0.00254	0.03647	0.00706	0.02873	0.00933
15	0.00945	0.00675	0.00900	0.01080	0.01125	0.00630	0.00720	0.01080	0.01484	0.01979	0.04274	0.72245	0.05128	0.02429	0.00990	0.00315	0.00450	0.02204	0.00720	0.00630
16	0.00952	0.00787	0.00835	0.00823	0.01069	0.00670	0.00617	0.01182	0.01852	0.02295	0.19635	0.07132	0.55694	0.01889	0.00916	0.00258	0.00387	0.01590	0.00746	0.00670
17	0.02073	0.73217	0.04063	0.01327	0.01990	0.03068	0.01327	0.02322	0.01575	0.01824	0.01078	0.01244	0.00995	0.00663	0.00498	0.00166	0.00829	0.00415	0.00332	0.00995
18	0.01146	0.00820	0.01120	0.03765	0.01402	0.00828	0.00880	0.01359	0.01645	0.04595	0.15742	0.46852	0.04983	0.02076	0.01058	0.00301	0.04759	0.05252	0.00716	0.00700
19	0.32218	0.09249	0.04498	0.04399	0.04459	0.27116	0.01337	0.02573	0.01703	0.02557	0.01159	0.01391	0.00945	0.00764	0.00653	0.00221	0.02954	0.00482	0.00417	0.00903
20	0.02881	0.02123	0.02288	0.01765	0.02368	0.02353	0.01455	0.63019	0.03559	0.04775	0.01869	0.01904	0.01341	0.01107	0.03265	0.00269	0.00897	0.00703	0.00763	0.01296
21	0.02740	0.29636	0.02727	0.01383	0.02016	0.02016	0.01231	0.09241	0.02066	0.31224	0.02041	0.01940	0.01441	0.00813	0.00654	0.00201	0.00740	0.00605	0.00659	0.06626
22	0.01718	0.01941	0.06367	0.23177	0.08791	0.01876	0.39837	0.02328	0.01736	0.02338	0.01498	0.02054	0.01130	0.00695	0.00857	0.00258	0.01194	0.00820	0.00375	0.01008
23	0.00945	0.00675	0.00900	0.01080	0.01125	0.00630	0.00720	0.01080	0.01484	0.01979	0.04274	0.72245	0.05128	0.02429	0.00990	0.00315	0.00450	0.02204	0.00720	0.00630
24	0.02823	0.03199	0.02240	0.01951	0.02373	0.49214	0.01507	0.17472	0.02462	0.02590	0.01340	0.01527	0.01074	0.00869	0.00849	0.00217	0.06260	0.00558	0.00483	0.00993
25	0.00977	0.00698	0.00937	0.01117	0.01176	0.00658	0.00777	0.01136	0.01517	0.02016	0.04255	0.65421	0.05057	0.02398	0.00998	0.00319	0.00478	0.08705	0.00719	0.00639
26	0.01780	0.01713	0.02721	0.06803	0.02691	0.02063	0.16431	0.02392	0.11196	0.04484	0.01677	0.04555	0.01436	0.01133	0.01667	0.00300	0.34722	0.00822	0.00454	0.00960
27	0.00942	0.00736	0.00855	0.00932	0.01090	0.00649	0.00659	0.01123	0.01669	0.02115	0.10485	0.36739	0.34952	0.02148	0.00949	0.00285	0.00417	0.01877	0.00729	0.00649
28	0.05861	0.01444	0.01836	0.01425	0.02014	0.01351	0.01173	0.10889	0.05966	0.55212	0.02858	0.02516	0.01838	0.00953	0.00770	0.00240	0.00678	0.00764	0.00912	0.01298
29	0.01930	0.02462	0.16031	0.07510	0.39952	0.09561	0.04596	0.02507	0.03598	0.02432	0.01463	0.01846	0.01172	0.00726	0.00760	0.00233	0.01032	0.00659	0.00384	0.01147
30	0.00941	0.00689	0.00885	0.01041	0.01115	0.00633	0.00703	0.01084	0.01521	0.01994	0.04738	0.63834	0.13239	0.02369	0.00980	0.00308	0.00442	0.02131	0.00720	0.00633
31	0.01567	0.00867	0.00929	0.00869	0.01137	0.00826	0.00667	0.01987	0.05702	0.10354	0.04098	0.04122	0.20095	0.01211	0.00688	0.00215	0.00420	0.00991	0.42450	0.00804
32	0.00943	0.00680	0.00894	0.01066	0.01121	0.00631	0.00714	0.01081	0.01498	0.01985	0.04442	0.69194	0.08070	0.02407	0.00986	0.00312	0.00447	0.02177	0.00720	0.00631
33	0.03092	0.01527	0.06450	0.01509	0.02126	0.01231	0.04250	0.05193	0.02200	0.54579	0.07270	0.02740	0.02175	0.00972	0.00792	0.00241	0.00709	0.00813	0.00877	0.01254
34	0.00963	0.00688	0.00921	0.01101	0.01154	0.00646	0.00752	0.01111	0.01503	0.02000	0.04263	0.68410	0.05088	0.02412	0.00995	0.00317	0.00466	0.05858	0.00719	0.00635
35	0.07487	0.01859	0.01756	0.03702	0.04290	0.14003	0.01217	0.19141	0.02231	0.05499	0.01834	0.02081	0.01420	0.01035	0.02667	0.00249	0.05859	0.00654	0.22042	0.00974
36	0.01073	0.00792	0.01003	0.00950	0.01144	0.00721	0.00713	0.01417	0.02138	0.02975	0.59628	0.06012	0.15277	0.01635	0.00915	0.00246	0.00369	0.01433	0.00836	0.00721
37	0.08261	0.02095	0.02210	0.01718	0.02318	0.02330	0.01415	0.57392	0.07011	0.04694	0.01878	0.01877	0.01343	0.00923	0.00755	0.00235	0.00822	0.00688	0.00755	0.01279
38	0.78228	0.01499	0.01140	0.01020	0.01499	0.01739	0.00840	0.02279	0.01320	0.03479	0.01080	0.01260	0.00840	0.00720	0.00480	0.00240	0.00600	0.00420	0.00480	0.00840
39	0.02721	0.03349	0.02269	0.02269	0.09510	0.57419	0.01575	0.03091	0.06738	0.02063	0.01366	0.01562	0.01121	0.00805	0.00713	0.00208	0.01290	0.00547	0.00426	0.00958
40	0.02896	0.03695	0.02197	0.01998	0.02397	0.69638	0.01498	0.03096	0.02197	0.01898	0.01199	0.01398	0.00999	0.00799	0.00699	0.00200	0.01398	0.00499	0.00400	0.00899
41	0.00998	0.00760	0.01122	0.01212	0.01301	0.00710	0.04608	0.01164	0.01505	0.02010	0.04110	0.68008	0.04890	0.02322	0.00985	0.00312	0.00502	0.02126	0.00700	0.00655
42	0.00945	0.00675	0.00900	0.01080	0.01125	0.00630	0.00720	0.01080	0.01484	0.01979	0.04274	0.72245	0.05128	0.02429	0.00990	0.00315	0.00450	0.02204	0.00720	0.00630
43	0.02896	0.03695	0.02197	0.01998	0.02397	0.69638	0.01498	0.03096	0.02197	0.01898	0.01199	0.01398	0.00999	0.00799	0.00699	0.00200	0.01398	0.00499	0.00400	0.00899
44	0.00935	0.00786	0.00812	0.00805	0.01059	0.00663	0.00604	0.01149	0.01812	0.02200	0.14077	0.07288	0.61311	0.01924	0.00916	0.00260	0.00390	0.01612	0.00734	0.00663
45	0.01445	0.00723	0.00723	0.00723	0.00903	0.00723	0.00542	0.01807	0.01626	0.02891	0.02529	0.02891	0.01987	0.00903	0.00542	0.00181	0.00361	0.00723	0.77055	0.00723
46	0.01919	0.01842	0.03147	0.04759	0.67914	0.01842	0.02380	0.02380	0.01765	0.02533	0.01458	0.01919	0.01228	0.00691	0.00768	0.00230	0.00921	0.00691	0.00384	0.01228
47	0.00945	0.00675	0.00900	0.01080	0.01125	0.00630	0.00720	0.01080	0.01484	0.01979	0.04274	0.72245	0.05128	0.02429	0.00990	0.00315	0.00450	0.02204	0.00720	0.00630
48	0.00970	0.00788	0.00859	0.00841	0.01080	0.00677	0.00631	0.01216	0.01893	0.02394	0.25445	0.06969	0.49822	0.01852	0.00916	0.00257	0.00385	0.01567	0.00759	0.00677
49	0.01127	0.00755	0.00862	0.00862	0.00867	0.00760	0.00490	0.01138	0.01132	0.01515	0.02428	0.04993	0.02784	0.70090	0.06560	0.00771	0.00804	0.01116	0.00468	0.00479
50	0.01869	0.01986	0.03664	0.11677	0.28303	0.04950	0.31122	0.02413	0.01790	0.02417	0.01488	0.01992	0.01171	0.00688	0.00833	0.00246	0.01133	0.00785	0.00384	0.01087
51	0.01066	0.00865	0.00919	0.00886	0.01148	0.00770	0.00669	0.05039	0.01927	0.02400	0.15679	0.09941	0.52211	0.01870	0.00911	0.00260	0.00419	0.01574	0.00742	0.00704
52	0.02947	0.02172	0.02327	0.01784	0.02404	0.02404	0.01474	0.65329	0.03646	0.04887	0.01862	0.01862	0.01319	0.00931	0.00776	0.00233	0.00853	0.00698	0.00776	0.01319
53	0.01464	0.01378	0.02326	0.70887	0.05340	0.01723	0.02153	0.01981	0.01550	0.01981	0.01378	0.02067	0.01034	0.00775	0.00775	0.00258	0.01034	0.00689	0.00345	0.00861
54	0.02845	0.07217	0.02411	0.01771	0.02361	0.10388	0.01458	0.51477	0.05549	0.04265	0.01775	0.01801	0.01295	0.00901	0.00748	0.00225	0.00908	0.00661	0.00701	0.01243
55	0.01932	0.11577	0.46515	0.01948	0.02923	0.01900	0.02325	0.07537	0.01849	0.09575	0.01568	0.01714	0.01115	0.00761	0.00711	0.00230	0.01015	0.00582	0.00435	0.03787
56	0.08090	0.02102	0.02147	0.04818	0.02407	0.08273	0.01412	0.42581	0.04889	0.12712	0.01921	0.01920	0.01353	0.00905	0.00749	0.00233	0.00861	0.00676	0.00726	0.01224
57	0.02849	0.03616	0.02204	0.01999	0.02383	0.66960	0.01506	0.03047	0.02157	0.01896	0.01191	0.01410	0.01000	0.00821	0.00773	0.00205	0.04182	0.00507	0.00397	0.00897
58	0.02073	0.73217	0.04063	0.01327	0.01990	0.03068	0.01327	0.02322	0.01575	0.01824	0.01078	0.01244	0.00995	0.00663	0.00498	0.00166	0.00829	0.00415	0.00332	0.00995
59	0.01945	0.04443	0.01392	0.01095	0.01476	0.01037	0.00868	0.05682	0.02028	0.23726	0.13138	0.06847	0.26919	0.04688	0.00984	0.00270	0.00540	0.01213	0.00788	0.00923
60	0.00967	0.00684	0.00893	0.01051	0.01090	0.00645	0.00689	0.01086	0.01441	0.01921	0.04049	0.64001	0.04845	0.11060	0.01353	0.00369	0.00487	0.02072	0.00689	0.00610
61	0.01128	0.00752	0.00846	0.00846	0.00846	0.00752	0.00470	0.01128	0.01128	0.01503	0.02443	0.05074	0.02819	0.72751	0.03946	0.00752	0.00752	0.01128	0.00470	0.00470
62	0.01705	0.02032	0.08381	0.10337	0.03867	0.01845	0.47220	0.02306	0.01739	0.02370	0.01706	0.06967	0.01419	0.00822	0.00951	0.00267	0.03717	0.00949	0.00404	0.00996
63	0.02575	0.09552	0.02575	0.04958	0.15726	0.42705	0.01683	0.07116	0.02129	0.02228	0.01292	0.01545	0.01068	0.00773	0.00702	0.00207	0.01199	0.00551	0.00414	0.01002
64	0.05249	0.08189	0.02250	0.01805	0.02234	0.39021	0.01419	0.13342	0.06824	0.02548	0.01672	0.01813	0.03641	0.00908	0.00830	0.00221	0.05949	0.00605	0.00496	0.00985
65	0.05337	0.01996	0.02142	0.01645	0.02263	0.02137	0.01350	0.49952	0.06262	0.04378	0.01818	0.01849	0.01325	0.00872	0.00733	0.00215	0.00788	0.00658	0.00715	0.13566
66	0.00988	0.00780	0.00882	0.00871	0.01083	0.00683	0.00642	0.01233	0.01876	0.02419	0.28179	0.10710	0.40590	0.04357	0.01027	0.00276	0.00399	0.01571	0.00758	0.00673

[dist]
# distance from previous block
# <min> <max>
0	1

[block]
# block no. 9 follows, 25 sequences, length 43
# corresponding to MSA columns:
# 438-480
name=unknown_J
#
# <colnr> <probs for GDERKNQSTAVLIFYWHMCP>
#	G	D	E	R	K	N	Q	S	T	A	V	L	I	F	Y	W	H	M	C	P
0	0.01012	0.00833	0.00898	0.00913	0.01143	0.00753	0.00672	0.01361	0.06714	0.02231	0.10913	0.18848	0.47048	0.01953	0.00920	0.00270	0.00418	0.01666	0.00734	0.00699
1	0.02108	0.57936	0.13012	0.01455	0.02182	0.02741	0.01529	0.02452	0.01634	0.07027	0.01274	0.01406	0.01064	0.00696	0.00553	0.00183	0.00861	0.00465	0.00379	0.01041
2	0.02719	0.02001	0.02164	0.01704	0.02259	0.02202	0.01388	0.58013	0.03399	0.04556	0.02136	0.09876	0.01752	0.01101	0.00800	0.00242	0.00807	0.00870	0.00769	0.01240
3	0.00959	0.00681	0.00895	0.01061	0.01102	0.00640	0.00699	0.01084	0.01456	0.01941	0.04125	0.66799	0.04941	0.08130	0.01229	0.00350	0.00474	0.02117	0.00699	0.00617
4	0.00951	0.00679	0.00905	0.01075	0.01126	0.00634	0.00720	0.01095	0.01513	0.02024	0.06785	0.69605	0.05215	0.02396	0.00987	0.00312	0.00447	0.02172	0.00725	0.00634
5	0.19445	0.06936	0.06534	0.04595	0.02140	0.03860	0.01297	0.22601	0.02287	0.06839	0.06746	0.04812	0.01793	0.00935	0.00689	0.00229	0.00752	0.00708	0.02492	0.04309
6	0.01030	0.00749	0.00974	0.01024	0.01157	0.00693	0.00740	0.01291	0.01862	0.02549	0.35086	0.32623	0.10601	0.01975	0.00952	0.00279	0.00417	0.04529	0.00784	0.00685
7	0.00943	0.00682	0.00893	0.01061	0.01120	0.00631	0.00712	0.01082	0.01502	0.01986	0.04496	0.68211	0.09018	0.02400	0.00985	0.00312	0.00446	0.02169	0.00720	0.00631
8	0.01963	0.01843	0.02472	0.15383	0.03001	0.08690	0.13227	0.14414	0.05378	0.02730	0.01887	0.08889	0.01635	0.01039	0.01014	0.00259	0.09405	0.00872	0.04926	0.00974
