[name]
unknown

[dist]
# distance from previous block
# <min> <max>
7	61

[block]
# block no. 0 follows, 23 sequences, length 18
# corresponding to MSA columns:
# 76-93
name=unknown_A
#
# <colnr> <probs for GDERKNQSTAVLIFYWHMCP>
#	G	D	E	R	K	N	Q	S	T	A	V	L	I	F	Y	W	H	M	C	P
0	0.06012	0.02026	0.02161	0.05290	0.02480	0.05742	0.01441	0.32471	0.14963	0.15469	0.02333	0.02259	0.01647	0.00978	0.00798	0.00251	0.00839	0.00757	0.00790	0.01291
1	0.02090	0.15970	0.36948	0.04695	0.03030	0.10157	0.02274	0.02798	0.04244	0.08205	0.01600	0.01771	0.01179	0.00800	0.00729	0.00237	0.01099	0.00597	0.00432	0.01147
2	0.02081	0.01671	0.01799	0.01605	0.02061	0.01898	0.01251	0.04143	0.57521	0.07619	0.06564	0.03168	0.02716	0.01124	0.00832	0.00273	0.00632	0.00939	0.00841	0.01264
3	0.01392	0.01193	0.01898	0.44936	0.03991	0.01410	0.01702	0.01830	0.01680	0.02257	0.08240	0.15571	0.02590	0.01228	0.00849	0.00274	0.00847	0.01094	0.06188	0.00832
4	0.01160	0.00783	0.00914	0.00933	0.00945	0.00787	0.00547	0.01190	0.01224	0.01640	0.02726	0.11720	0.03139	0.61002	0.07378	0.00770	0.00832	0.01275	0.00515	0.00521
5	0.03085	0.02273	0.02435	0.01867	0.02516	0.02516	0.01542	0.63716	0.03815	0.05114	0.01948	0.01948	0.01380	0.00974	0.00812	0.00244	0.00893	0.00731	0.00812	0.01380
6	0.02766	0.01619	0.01861	0.01524	0.02054	0.01692	0.01227	0.16660	0.22601	0.26261	0.02903	0.02701	0.02031	0.01022	0.00790	0.00250	0.00684	0.00823	0.09248	0.01280
7	0.01409	0.00705	0.01057	0.01057	0.01057	0.00705	0.00705	0.01057	0.01057	0.01409	0.01409	0.02467	0.01409	0.02819	0.03171	0.76392	0.00705	0.00705	0.00352	0.00352
8	0.02018	0.01743	0.01835	0.01651	0.02110	0.02018	0.01284	0.04312	0.64956	0.03394	0.03303	0.03027	0.02477	0.01101	0.00826	0.00275	0.00642	0.00917	0.00826	0.01284
9	0.01683	0.01442	0.01683	0.01202	0.01923	0.01082	0.00961	0.02043	0.01683	0.02644	0.01442	0.01683	0.01202	0.00601	0.00601	0.00120	0.00601	0.00481	0.00481	0.76444
10	0.01060	0.00835	0.01141	0.01155	0.01325	0.00758	0.04023	0.01290	0.01782	0.02348	0.16650	0.39930	0.20350	0.02162	0.00998	0.00299	0.00487	0.01935	0.00761	0.00708
11	0.06369	0.02516	0.01954	0.01734	0.02139	0.28684	0.01341	0.09953	0.16475	0.02867	0.05744	0.02529	0.05195	0.01053	0.00874	0.00243	0.04791	0.00765	0.03744	0.01031
12	0.02797	0.09340	0.02529	0.02174	0.05520	0.53655	0.01616	0.03020	0.02128	0.02009	0.01240	0.01504	0.01058	0.00871	0.00890	0.00221	0.07520	0.00542	0.00406	0.00961
13	0.01880	0.01815	0.03143	0.21670	0.47583	0.01901	0.05410	0.02387	0.01792	0.02498	0.01510	0.02057	0.01230	0.00744	0.00813	0.00250	0.01014	0.00734	0.00391	0.01176
14	0.02226	0.01880	0.02814	0.04935	0.06395	0.04693	0.19349	0.08377	0.10346	0.11327	0.02238	0.02399	0.03621	0.00850	0.00818	0.00235	0.00938	0.00808	0.00601	0.15149
15	0.08706	0.02210	0.10025	0.04621	0.02510	0.02094	0.01577	0.38907	0.02971	0.07690	0.02162	0.02224	0.03924	0.00967	0.00772	0.00245	0.00853	0.00736	0.05578	0.01229
16	0.03031	0.03867	0.02299	0.02090	0.02508	0.68226	0.01568	0.03240	0.02299	0.01986	0.01254	0.01463	0.01045	0.00836	0.00732	0.00209	0.01463	0.00523	0.00418	0.00941
17	0.01448	0.01398	0.02501	0.06549	0.02617	0.01429	0.21886	0.01889	0.04172	0.02294	0.03114	0.31478	0.05753	0.01622	0.01138	0.00305	0.07442	0.01519	0.00578	0.00868

[dist]
# distance from previous block
# <min> <max>
0	4

[block]
# block no. 1 follows, 23 sequences, length 38
# corresponding to MSA columns:
# 98-135
name=unknown_B
#
# <colnr> <probs for GDERKNQSTAVLIFYWHMCP>
#	G	D	E	R	K	N	Q	S	T	A	V	L	I	F	Y	W	H	M	C	P
0	0.01915	0.02189	0.04788	0.03420	0.04241	0.02052	0.63475	0.02599	0.01915	0.02599	0.01642	0.02189	0.01231	0.00684	0.00958	0.00274	0.01368	0.00958	0.00410	0.01094
1	0.00989	0.00706	0.00942	0.01130	0.01177	0.00659	0.00753	0.01130	0.01554	0.02071	0.04472	0.70954	0.05367	0.02542	0.01036	0.00330	0.00471	0.02307	0.00753	0.00659
2	0.01180	0.00787	0.00885	0.00885	0.00885	0.00787	0.00492	0.01180	0.01180	0.01573	0.02557	0.05310	0.02950	0.71483	0.04130	0.00787	0.00787	0.01180	0.00492	0.00492
3	0.01775	0.06043	0.38501	0.02821	0.07005	0.02001	0.25096	0.02571	0.01792	0.02558	0.01515	0.01887	0.01116	0.00733	0.00831	0.00259	0.01236	0.00731	0.00371	0.01159
4	0.01649	0.04067	0.63618	0.02465	0.07111	0.01887	0.02969	0.02565	0.01721	0.02574	0.01460	0.01730	0.01043	0.00768	0.00773	0.00256	0.01186	0.00607	0.00346	0.01204
5	0.01532	0.01442	0.02434	0.69533	0.05589	0.01803	0.02253	0.02073	0.01622	0.02073	0.01442	0.02163	0.01082	0.00811	0.00811	0.00270	0.01082	0.00721	0.00361	0.00901
6	0.01464	0.01188	0.01392	0.03967	0.01735	0.01265	0.01038	0.02522	0.25334	0.02995	0.24918	0.10661	0.10964	0.01574	0.00921	0.00280	0.00542	0.05485	0.00811	0.00945
7	0.06787	0.02446	0.02218	0.02203	0.10453	0.20752	0.01539	0.13838	0.25143	0.03211	0.02142	0.02174	0.01642	0.00936	0.00775	0.00245	0.00957	0.00722	0.00636	0.01181
8	0.00989	0.00706	0.00942	0.01130	0.01177	0.00659	0.00753	0.01130	0.01554	0.02071	0.04472	0.70954	0.05367	0.02542	0.01036	0.00330	0.00471	0.02307	0.00753	0.00659
9	0.01084	0.00813	0.01005	0.00988	0.01181	0.00734	0.00729	0.01396	0.02100	0.02859	0.44866	0.14462	0.21082	0.01861	0.00967	0.00269	0.00400	0.01628	0.00843	0.00734
10	0.01127	0.00870	0.01219	0.01282	0.01399	0.00844	0.04307	0.01446	0.06146	0.02167	0.04113	0.58217	0.04779	0.06474	0.01202	0.00350	0.00553	0.02062	0.00723	0.00719
11	0.01744	0.01732	0.02479	0.10809	0.02576	0.02397	0.01837	0.01968	0.01292	0.01968	0.01114	0.01825	0.01067	0.01342	0.02424	0.00344	0.61124	0.00712	0.00356	0.00889
12	0.01409	0.00705	0.01057	0.01057	0.01057	0.00705	0.00705	0.01057	0.01057	0.01409	0.01409	0.02467	0.01409	0.02819	0.03171	0.76392	0.00705	0.00705	0.00352	0.00352
13	0.01180	0.00787	0.00885	0.00885	0.00885	0.00787	0.00492	0.01180	0.01180	0.01573	0.02557	0.05310	0.02950	0.71483	0.04130	0.00787	0.00787	0.01180	0.00492	0.00492
14	0.02150	0.68600	0.04167	0.01424	0.02085	0.03176	0.01407	0.02407	0.01629	0.01911	0.01125	0.01324	0.01042	0.00729	0.00624	0.00182	0.04188	0.00447	0.00347	0.01034
15	0.00989	0.00706	0.00942	0.01130	0.01177	0.00659	0.00753	0.01130	0.01554	0.02071	0.04472	0.70954	0.05367	0.02542	0.01036	0.00330	0.00471	0.02307	0.00753	0.00659
16	0.01409	0.00705	0.01057	0.01057	0.01057	0.00705	0.00705	0.01057	0.01057	0.01409	0.01409	0.02467	0.01409	0.02819	0.03171	0.76392	0.00705	0.00705	0.00352	0.00352
17	0.02074	0.01771	0.01866	0.01663	0.02131	0.02044	0.01298	0.07411	0.61766	0.03484	0.03232	0.02971	0.02420	0.01094	0.00825	0.00274	0.00655	0.00908	0.00825	0.01289
18	0.02123	0.66861	0.04120	0.06327	0.02337	0.03109	0.01451	0.02404	0.01647	0.01921	0.01151	0.01364	0.01044	0.00703	0.00542	0.00181	0.00883	0.00455	0.00348	0.01031
19	0.07237	0.01793	0.02500	0.29701	0.11586	0.04808	0.05105	0.10689	0.05628	0.07454	0.01718	0.02104	0.01285	0.00870	0.00877	0.00262	0.04066	0.00725	0.00513	0.01079
20	0.01915	0.02189	0.04788	0.03420	0.04241	0.02052	0.63475	0.02599	0.01915	0.02599	0.01642	0.02189	0.01231	0.00684	0.00958	0.00274	0.01368	0.00958	0.00410	0.01094
21	0.01532	0.01442	0.02434	0.69533	0.05589	0.01803	0.02253	0.02073	0.01622	0.02073	0.01442	0.02163	0.01082	0.00811	0.00811	0.00270	0.01082	0.00721	0.00361	0.00901
22	0.01981	0.02092	0.07930	0.04787	0.61863	0.01925	0.02527	0.02496	0.01838	0.02645	0.01521	0.01987	0.01267	0.00726	0.00801	0.00242	0.00981	0.00714	0.00397	0.01279
23	0.01779	0.04317	0.07941	0.05393	0.02913	0.02262	0.18100	0.02170	0.01487	0.02170	0.01309	0.01937	0.01144	0.01312	0.04522	0.00354	0.38787	0.00765	0.00372	0.00965
24	0.01067	0.00745	0.00946	0.01067	0.01112	0.00714	0.00698	0.01185	0.01483	0.01983	0.06322	0.45756	0.04693	0.23432	0.01976	0.00467	0.00575	0.04483	0.00679	0.00616
25	0.01003	0.00738	0.00944	0.01102	0.01194	0.00680	0.00765	0.01169	0.01620	0.02112	0.05062	0.57120	0.15059	0.02446	0.01029	0.00323	0.00478	0.05735	0.00753	0.00669
26	0.01684	0.05547	0.02547	0.06905	0.02433	0.02077	0.09000	0.01969	0.01438	0.02125	0.01627	0.08055	0.01577	0.01493	0.04480	0.00352	0.38882	0.00875	0.06050	0.00886
27	0.02744	0.05099	0.02567	0.01923	0.02519	0.05092	0.08518	0.38107	0.03040	0.10660	0.02254	0.07040	0.01818	0.01089	0.00842	0.00255	0.00915	0.03541	0.00741	0.01236
28	0.01000	0.00726	0.00945	0.01096	0.01174	0.00671	0.00743	0.01168	0.01643	0.02185	0.10194	0.60206	0.10403	0.02425	0.01023	0.00319	0.00458	0.02185	0.00766	0.00671
29	0.00999	0.00711	0.00938	0.01116	0.01160	0.00666	0.00738	0.01133	0.01532	0.02043	0.04364	0.67258	0.05231	0.06423	0.01210	0.00355	0.00489	0.02243	0.00738	0.00650
30	0.05478	0.01655	0.02140	0.14526	0.05312	0.01829	0.04482	0.12706	0.21938	0.09934	0.02600	0.06866	0.02088	0.01104	0.00837	0.00272	0.00810	0.03578	0.00697	0.01149
31	0.01558	0.01401	0.02315	0.58948	0.08604	0.01705	0.02098	0.02079	0.01643	0.02202	0.01568	0.02241	0.01193	0.00820	0.00786	0.00261	0.01004	0.00725	0.07941	0.00909
32	0.06608	0.00811	0.00786	0.00777	0.00987	0.00828	0.00588	0.01924	0.01680	0.03067	0.02545	0.02910	0.01999	0.00932	0.00563	0.00193	0.00395	0.00735	0.70907	0.00765
33	0.02610	0.01980	0.02131	0.01733	0.02304	0.02195	0.01397	0.33815	0.29373	0.07064	0.02555	0.02428	0.01863	0.01015	0.00810	0.00253	0.00768	0.00804	0.00814	0.04088
34	0.02003	0.02056	0.05451	0.09896	0.56491	0.04878	0.02448	0.02493	0.01845	0.02572	0.01505	0.01986	0.01249	0.00737	0.00800	0.00242	0.01004	0.00710	0.00397	0.01236
35	0.03012	0.02134	0.02318	0.01805	0.02431	0.02344	0.01482	0.51715	0.10653	0.10333	0.02212	0.02142	0.01560	0.00991	0.00814	0.00248	0.00847	0.00759	0.00830	0.01369
36	0.01915	0.02189	0.04788	0.03420	0.04241	0.02052	0.63475	0.02599	0.01915	0.02599	0.01642	0.02189	0.01231	0.00684	0.00958	0.00274	0.01368	0.00958	0.00410	0.01094
37	0.01021	0.00750	0.01031	0.05239	0.01442	0.00728	0.00843	0.01187	0.01558	0.02071	0.04290	0.66822	0.05109	0.02438	0.01022	0.00326	0.00507	0.02212	0.00730	0.00674

[dist]
# distance from previous block
# <min> <max>
0	1

[block]
# block no. 2 follows, 23 sequences, length 61
# corresponding to MSA columns:
# 137-197
name=unknown_C
#
# <colnr> <probs for GDERKNQSTAVLIFYWHMCP>
#	G	D	E	R	K	N	Q	S	T	A	V	L	I	F	Y	W	H	M	C	P
0	0.01989	0.01967	0.05447	0.12710	0.53450	0.01940	0.02432	0.05495	0.01913	0.02699	0.01534	0.02014	0.01256	0.00748	0.00804	0.00245	0.00983	0.00719	0.00415	0.01239
1	0.01462	0.01070	0.01335	0.01240	0.01385	0.01192	0.00897	0.09939	0.01594	0.02198	0.02256	0.03866	0.02291	0.33361	0.28233	0.00890	0.04585	0.00977	0.00507	0.00722
2	0.01539	0.01005	0.01040	0.00993	0.01258	0.01049	0.00756	0.02352	0.16868	0.03012	0.06843	0.03832	0.11143	0.01170	0.00702	0.00225	0.00446	0.00961	0.43933	0.00873
3	0.01844	0.01707	0.02512	0.54087	0.04946	0.05156	0.04320	0.11056	0.01983	0.02527	0.01513	0.02099	0.01128	0.00831	0.00813	0.00264	0.01083	0.00721	0.00430	0.00979
4	0.02210	0.68772	0.04160	0.01421	0.02103	0.06265	0.01397	0.02468	0.01679	0.01913	0.01134	0.01309	0.01041	0.00701	0.00531	0.00175	0.00896	0.00438	0.00350	0.01037
5	0.01210	0.00839	0.01197	0.11195	0.01808	0.00879	0.00968	0.01352	0.01470	0.02014	0.03218	0.32884	0.05864	0.02511	0.07600	0.15061	0.00753	0.01473	0.07055	0.00651
6	0.01046	0.00730	0.00925	0.01057	0.01090	0.00697	0.00675	0.01145	0.01442	0.01923	0.03902	0.51423	0.04648	0.23053	0.01956	0.00466	0.00565	0.01972	0.00675	0.00609
7	0.01570	0.01191	0.01304	0.01282	0.01586	0.04193	0.01027	0.02182	0.12313	0.08067	0.08529	0.09210	0.24270	0.01801	0.00962	0.00298	0.00617	0.17944	0.00777	0.00876
8	0.01772	0.10752	0.47033	0.02380	0.06405	0.02026	0.07953	0.05074	0.01840	0.02638	0.03768	0.01892	0.01311	0.00793	0.00771	0.00248	0.01126	0.00656	0.00391	0.01170
9	0.02402	0.01460	0.01736	0.01498	0.01957	0.01514	0.01205	0.08628	0.24902	0.22772	0.12443	0.03935	0.03227	0.01261	0.00871	0.00272	0.00651	0.07194	0.00881	0.01190
10	0.01262	0.00846	0.01103	0.01041	0.01234	0.00781	0.00770	0.01603	0.02183	0.06219	0.55042	0.10331	0.06952	0.05664	0.01136	0.00290	0.00427	0.01477	0.00866	0.00773
11	0.01683	0.01442	0.01683	0.01202	0.01923	0.01082	0.00961	0.02043	0.01683	0.02644	0.01442	0.01683	0.01202	0.00601	0.00601	0.00120	0.00601	0.00481	0.00481	0.76444
12	0.01473	0.00997	0.01198	0.01094	0.01384	0.00934	0.00848	0.05299	0.04482	0.08886	0.36174	0.06014	0.22456	0.01671	0.00938	0.00265	0.00471	0.03713	0.00853	0.00853
13	0.02123	0.01803	0.01957	0.01816	0.04911	0.02064	0.01362	0.10094	0.56214	0.03532	0.03093	0.02877	0.02318	0.01072	0.00823	0.00271	0.00681	0.00891	0.00806	0.01294
14	0.01931	0.02098	0.03197	0.28654	0.09237	0.11900	0.20608	0.02430	0.01798	0.02254	0.01449	0.02021	0.01136	0.00821	0.01000	0.00267	0.07057	0.00762	0.00387	0.00995
15	0.01464	0.00886	0.01190	0.01198	0.01404	0.00822	0.00920	0.01764	0.02001	0.11260	0.27959	0.25378	0.05670	0.01941	0.00992	0.00299	0.00518	0.12684	0.00840	0.00813
16	0.02169	0.71972	0.04252	0.01388	0.02083	0.03211	0.01388	0.02430	0.01649	0.01909	0.01128	0.01302	0.01041	0.00694	0.00521	0.00174	0.00868	0.00434	0.00347	0.01041
17	0.01173	0.00784	0.00887	0.00894	0.00896	0.00782	0.00502	0.01178	0.01194	0.01592	0.02630	0.07814	0.03042	0.68854	0.04012	0.00769	0.00775	0.01223	0.00502	0.00498
18	0.01973	0.01696	0.01796	0.01619	0.02063	0.01953	0.01257	0.04168	0.61708	0.03387	0.06552	0.03185	0.02745	0.01130	0.00832	0.00274	0.00629	0.00946	0.00829	0.01257
19	0.03006	0.01647	0.01963	0.01564	0.02134	0.01669	0.01272	0.20081	0.14034	0.33817	0.07673	0.02840	0.02353	0.01063	0.00827	0.00254	0.00713	0.00861	0.00911	0.01316
20	0.01138	0.00829	0.01070	0.01010	0.01206	0.00761	0.00757	0.01511	0.02272	0.03194	0.62756	0.06159	0.10931	0.01681	0.00957	0.00256	0.00384	0.01481	0.00885	0.00761
21	0.00989	0.00706	0.00942	0.01130	0.01177	0.00659	0.00753	0.01130	0.01554	0.02071	0.04472	0.70954	0.05367	0.02542	0.01036	0.00330	0.00471	0.02307	0.00753	0.00659
22	0.01683	0.01442	0.01683	0.01202	0.01923	0.01082	0.00961	0.02043	0.01683	0.02644	0.01442	0.01683	0.01202	0.00601	0.00601	0.00120	0.00601	0.00481	0.00481	0.76444
23	0.01532	0.01442	0.02434	0.69533	0.05589	0.01803	0.02253	0.02073	0.01622	0.02073	0.01442	0.02163	0.01082	0.00811	0.00811	0.00270	0.01082	0.00721	0.00361	0.00901
24	0.01217	0.00780	0.00879	0.00885	0.00924	0.00775	0.00529	0.01297	0.01328	0.01890	0.05791	0.08220	0.03175	0.54508	0.03309	0.00652	0.00692	0.01188	0.11408	0.00551
25	0.00987	0.00712	0.00935	0.01113	0.01173	0.00660	0.00746	0.01132	0.01570	0.02078	0.04676	0.67528	0.08662	0.02516	0.01032	0.00327	0.00468	0.02275	0.00753	0.00660
26	0.03085	0.02273	0.02435	0.01867	0.02516	0.02516	0.01542	0.63716	0.03815	0.05114	0.01948	0.01948	0.01380	0.00974	0.00812	0.00244	0.00893	0.00731	0.00812	0.01380
27	0.00987	0.00711	0.00936	0.01116	0.01173	0.00660	0.00747	0.01131	0.01566	0.02077	0.04635	0.68217	0.07999	0.02521	0.01032	0.00327	0.00468	0.02281	0.00753	0.00660
28	0.01200	0.00941	0.01493	0.01419	0.01600	0.01070	0.04393	0.01511	0.01337	0.01922	0.02145	0.03134	0.01985	0.05793	0.64626	0.01248	0.02130	0.00874	0.00433	0.00744
29	0.01023	0.00825	0.00910	0.00889	0.01135	0.00712	0.00667	0.01288	0.02000	0.02550	0.27674	0.07220	0.46416	0.01922	0.00958	0.00268	0.00402	0.01630	0.00801	0.00712
30	0.01187	0.00848	0.01170	0.01357	0.01491	0.00830	0.01099	0.01474	0.01750	0.02294	0.04363	0.32421	0.04932	0.02355	0.01089	0.00357	0.00643	0.38877	0.00749	0.00714
31	0.03085	0.02273	0.02435	0.01867	0.02516	0.02516	0.01542	0.63716	0.03815	0.05114	0.01948	0.01948	0.01380	0.00974	0.00812	0.00244	0.00893	0.00731	0.00812	0.01380
32	0.01180	0.00787	0.00885	0.00885	0.00885	0.00787	0.00492	0.01180	0.01180	0.01573	0.02557	0.05310	0.02950	0.71483	0.04130	0.00787	0.00787	0.01180	0.00492	0.00492
33	0.00989	0.00706	0.00942	0.01130	0.01177	0.00659	0.00753	0.01130	0.01554	0.02071	0.04472	0.70954	0.05367	0.02542	0.01036	0.00330	0.00471	0.02307	0.00753	0.00659
34	0.03024	0.02777	0.02366	0.01932	0.02497	0.24167	0.01540	0.41358	0.05799	0.04012	0.01774	0.01832	0.01314	0.00934	0.00786	0.00233	0.01071	0.00670	0.00682	0.01231
35	0.01683	0.01442	0.01683	0.01202	0.01923	0.01082	0.00961	0.02043	0.01683	0.02644	0.01442	0.01683	0.01202	0.00601	0.00601	0.00120	0.00601	0.00481	0.00481	0.76444
36	0.01426	0.01247	0.02007	0.40861	0.07359	0.01445	0.01819	0.01873	0.01707	0.02233	0.05720	0.12444	0.02660	0.01342	0.00906	0.00295	0.00898	0.12389	0.00514	0.00855
37	0.02030	0.54544	0.20459	0.01626	0.02450	0.02870	0.01802	0.02466	0.01665	0.02079	0.01212	0.01407	0.01038	0.00714	0.00585	0.00195	0.00953	0.00476	0.00346	0.01082
38	0.00986	0.00716	0.00931	0.01103	0.01170	0.00661	0.00741	0.01133	0.01579	0.02082	0.04794	0.65527	0.10586	0.02500	0.01029	0.00325	0.00466	0.02256	0.00753	0.00661
39	0.01679	0.00917	0.00934	0.00874	0.01112	0.00943	0.00671	0.08450	0.01926	0.03247	0.02573	0.02911	0.02006	0.00948	0.00593	0.00195	0.00433	0.00754	0.68012	0.00822
40	0.06201	0.01796	0.02353	0.11792	0.08006	0.01893	0.04917	0.26083	0.02660	0.18593	0.02436	0.02492	0.05130	0.00973	0.00814	0.00253	0.00864	0.00803	0.00719	0.01225
41	0.03411	0.01369	0.01835	0.01431	0.02025	0.01213	0.01173	0.03836	0.05709	0.59914	0.06782	0.02964	0.02356	0.01047	0.00825	0.00253	0.00670	0.00859	0.00988	0.01341
42	0.03609	0.01432	0.01915	0.01468	0.02097	0.01268	0.01213	0.07357	0.02407	0.63461	0.03130	0.02715	0.01973	0.01003	0.00816	0.00251	0.00702	0.00811	0.00993	0.01381
43	0.01894	0.02147	0.04656	0.07125	0.04316	0.02038	0.60044	0.02570	0.01899	0.02570	0.01630	0.02187	0.01223	0.00691	0.00949	0.00273	0.01352	0.00944	0.00408	0.01084
44	0.01148	0.00829	0.01085	0.01021	0.01212	0.00766	0.00766	0.01531	0.02297	0.03254	0.65994	0.06061	0.07656	0.01659	0.00957	0.00255	0.00383	0.01467	0.00893	0.00766
45	0.02724	0.01992	0.02047	0.01623	0.02158	0.04784	0.01321	0.47160	0.03272	0.04510	0.02079	0.02174	0.01526	0.00962	0.00753	0.00230	0.00799	0.00728	0.17940	0.01220
46	0.01409	0.00705	0.01057	0.01057	0.01057	0.00705	0.00705	0.01057	0.01057	0.01409	0.01409	0.02467	0.01409	0.02819	0.03171	0.76392	0.00705	0.00705	0.00352	0.00352
47	0.01766	0.01716	0.02439	0.02080	0.02143	0.02327	0.03639	0.04150	0.01363	0.02080	0.01225	0.01935	0.01177	0.01844	0.09049	0.00443	0.58614	0.00734	0.00381	0.00896
48	0.01409	0.00705	0.01057	0.01057	0.01057	0.00705	0.00705	0.01057	0.01057	0.01409	0.01409	0.02467	0.01409	0.02819	0.03171	0.76392	0.00705	0.00705	0.00352	0.00352
49	0.01657	0.01558	0.02630	0.48551	0.22578	0.01803	0.02282	0.02175	0.01696	0.02251	0.01583	0.02406	0.01286	0.00845	0.00822	0.00266	0.01035	0.03187	0.00388	0.01003
50	0.01205	0.00858	0.01027	0.00997	0.01116	0.00841	0.00676	0.01498	0.04869	0.02410	0.29085	0.05725	0.07206	0.34295	0.02439	0.00509	0.00598	0.03295	0.00692	0.00660
51	0.00997	0.00713	0.00949	0.01124	0.01179	0.00665	0.00754	0.01152	0.01594	0.02135	0.07801	0.67443	0.05491	0.02494	0.01031	0.00326	0.00466	0.02261	0.00761	0.00665
52	0.03413	0.01635	0.02027	0.01566	0.02191	0.01584	0.01290	0.19776	0.05841	0.47451	0.02875	0.02560	0.01866	0.01001	0.00815	0.00250	0.00742	0.00798	0.00944	0.01376
53	0.01627	0.04197	0.67279	0.02313	0.03512	0.01884	0.02998	0.02570	0.01713	0.02570	0.01456	0.01713	0.01028	0.00771	0.00771	0.00257	0.01199	0.00600	0.00343	0.01199
54	0.01929	0.06099	0.04758	0.03306	0.04120	0.02117	0.59996	0.02590	0.01900	0.02561	0.01613	0.02139	0.01221	0.00685	0.00933	0.00268	0.01340	0.00928	0.00407	0.01091
55	0.02169	0.71972	0.04252	0.01388	0.02083	0.03211	0.01388	0.02430	0.01649	0.01909	0.01128	0.01302	0.01041	0.00694	0.00521	0.00174	0.00868	0.00434	0.00347	0.01041
56	0.01513	0.00756	0.00756	0.00756	0.00945	0.00756	0.00567	0.01891	0.01702	0.03025	0.02647	0.03025	0.02080	0.00945	0.00567	0.00189	0.00378	0.00756	0.75988	0.00756
57	0.00986	0.00715	0.00932	0.01106	0.01171	0.00661	0.00743	0.01132	0.01576	0.02081	0.04760	0.66113	0.10022	0.02505	0.01030	0.00325	0.00466	0.02261	0.00753	0.00661
58	0.01409	0.00705	0.01057	0.01057	0.01057	0.00705	0.00705	0.01057	0.01057	0.01409	0.01409	0.02467	0.01409	0.02819	0.03171	0.76392	0.00705	0.00705	0.00352	0.00352
59	0.02832	0.01452	0.01805	0.01480	0.01985	0.01415	0.01198	0.15970	0.06048	0.35024	0.08804	0.09637	0.02872	0.01274	0.00866	0.00265	0.00685	0.04266	0.00906	0.01218
60	0.15511	0.16986	0.02423	0.01486	0.02146	0.02022	0.01232	0.11430	0.02097	0.05702	0.01700	0.01951	0.01395	0.00886	0.00712	0.00227	0.00792	0.00595	0.00605	0.30105

[dist]
# distance from previous block
# <min> <max>
0	22

[block]
# block no. 3 follows, 23 sequences, length 29
# corresponding to MSA columns:
# 220-248
name=unknown_D
#
# <colnr> <probs for GDERKNQSTAVLIFYWHMCP>
#	G	D	E	R	K	N	Q	S	T	A	V	L	I	F	Y	W	H	M	C	P
0	0.05804	0.02391	0.02382	0.16302	0.15459	0.23036	0.01785	0.09091	0.05921	0.04805	0.01654	0.01955	0.01285	0.00845	0.00762	0.00238	0.01073	0.00663	0.03480	0.01070
1	0.01775	0.01775	0.02485	0.02130	0.02130	0.02485	0.01775	0.01953	0.01243	0.01953	0.01065	0.01775	0.01065	0.01420	0.02663	0.00355	0.69998	0.00710	0.00355	0.00888
2	0.01161	0.00862	0.01269	0.01269	0.01401	0.00995	0.00970	0.01426	0.01294	0.01857	0.02206	0.03367	0.02106	0.11602	0.62858	0.01260	0.02056	0.00896	0.00439	0.00705
3	0.01073	0.00826	0.00980	0.00942	0.01166	0.00734	0.00706	0.01386	0.02119	0.02833	0.43069	0.06755	0.30844	0.01816	0.00958	0.00263	0.00394	0.01565	0.00838	0.00734
4	0.03072	0.01917	0.02173	0.01694	0.02302	0.02029	0.01390	0.39487	0.08206	0.22278	0.05191	0.02442	0.01917	0.01022	0.00820	0.00249	0.00794	0.00801	0.00870	0.01346
5	0.01513	0.00756	0.00756	0.00756	0.00945	0.00756	0.00567	0.01891	0.01702	0.03025	0.02647	0.03025	0.02080	0.00945	0.00567	0.00189	0.00378	0.00756	0.75988	0.00756
6	0.01758	0.00997	0.01288	0.01156	0.01464	0.00915	0.00901	0.02179	0.04775	0.18121	0.38647	0.07643	0.10818	0.01574	0.00929	0.00265	0.00489	0.04267	0.00893	0.00921
7	0.05792	0.01866	0.02089	0.04342	0.02344	0.02019	0.01390	0.41631	0.03108	0.12188	0.02367	0.07847	0.01894	0.01134	0.00819	0.00255	0.00805	0.03104	0.03771	0.01235
8	0.02395	0.02061	0.02088	0.01858	0.04433	0.07244	0.01419	0.20834	0.40848	0.03743	0.02705	0.02570	0.02019	0.01032	0.00814	0.00260	0.00787	0.00828	0.00776	0.01285
9	0.01001	0.00716	0.00953	0.01121	0.01180	0.00668	0.00754	0.01162	0.01613	0.02166	0.09379	0.65779	0.05549	0.02472	0.01029	0.00324	0.00464	0.02240	0.00764	0.00668
10	0.02169	0.71972	0.04252	0.01388	0.02083	0.03211	0.01388	0.02430	0.01649	0.01909	0.01128	0.01302	0.01041	0.00694	0.00521	0.00174	0.00868	0.00434	0.00347	0.01041
11	0.01325	0.00891	0.01264	0.09576	0.01735	0.00958	0.00956	0.01441	0.04672	0.01807	0.02523	0.10244	0.06648	0.08387	0.12437	0.32117	0.00935	0.01018	0.00472	0.00593
12	0.00989	0.00706	0.00942	0.01130	0.01177	0.00659	0.00753	0.01130	0.01554	0.02071	0.04472	0.70954	0.05367	0.02542	0.01036	0.00330	0.00471	0.02307	0.00753	0.00659
13	0.02076	0.01707	0.01822	0.01590	0.02051	0.01927	0.01252	0.15661	0.42895	0.03532	0.03481	0.03314	0.08800	0.01439	0.04415	0.00323	0.00749	0.00960	0.00795	0.01212
14	0.01827	0.01528	0.01760	0.01270	0.01984	0.01230	0.01021	0.08408	0.01903	0.02899	0.01494	0.01710	0.01220	0.00639	0.00623	0.00133	0.00631	0.00507	0.00515	0.68697
15	0.01608	0.01573	0.02721	0.53248	0.04997	0.01918	0.09487	0.02121	0.01610	0.02121	0.01419	0.02118	0.01097	0.00872	0.01060	0.00281	0.09714	0.00748	0.00366	0.00923
16	0.01627	0.04197	0.67279	0.02313	0.03512	0.01884	0.02998	0.02570	0.01713	0.02570	0.01456	0.01713	0.01028	0.00771	0.00771	0.00257	0.01199	0.00600	0.00343	0.01199
17	0.03473	0.01418	0.01878	0.01465	0.02075	0.01278	0.01202	0.03991	0.08786	0.60421	0.03212	0.02789	0.02057	0.01014	0.00817	0.00254	0.00685	0.00826	0.00986	0.01371
18	0.07292	0.01532	0.02256	0.01704	0.02352	0.01390	0.09527	0.05924	0.02274	0.52690	0.02836	0.02578	0.01821	0.00947	0.00818	0.00254	0.00785	0.00812	0.00891	0.01316
19	0.04921	0.20029	0.31009	0.02298	0.03199	0.02274	0.17217	0.02507	0.01712	0.02431	0.01390	0.01715	0.01076	0.00760	0.00830	0.00245	0.04266	0.00645	0.00367	0.01108
20	0.01356	0.01236	0.01895	0.01795	0.06975	0.01228	0.10690	0.01779	0.04725	0.02506	0.15365	0.12487	0.23521	0.01631	0.01098	0.00284	0.06496	0.03413	0.00666	0.00854
21	0.01199	0.00922	0.01385	0.08310	0.01829	0.01076	0.01098	0.01491	0.01326	0.01877	0.02130	0.03261	0.02009	0.11057	0.55897	0.01154	0.01944	0.00880	0.00432	0.00723
22	0.57130	0.01723	0.01394	0.06632	0.01944	0.08578	0.01045	0.02337	0.01468	0.03157	0.01191	0.01497	0.00957	0.00941	0.00776	0.06671	0.00757	0.00493	0.00470	0.00843
23	0.02006	0.01745	0.01867	0.01675	0.02111	0.02041	0.01308	0.04196	0.61822	0.03323	0.03193	0.02966	0.02408	0.01117	0.00916	0.00279	0.04054	0.00907	0.00803	0.01265
24	0.00989	0.00706	0.00942	0.01130	0.01177	0.00659	0.00753	0.01130	0.01554	0.02071	0.04472	0.70954	0.05367	0.02542	0.01036	0.00330	0.00471	0.02307	0.00753	0.00659
25	0.02567	0.02911	0.02133	0.02066	0.07350	0.40971	0.01471	0.11103	0.02364	0.02496	0.02469	0.02608	0.11062	0.01239	0.03442	0.00269	0.01213	0.00762	0.00523	0.00981
26	0.01775	0.05744	0.24057	0.05315	0.03769	0.01989	0.34887	0.02478	0.01794	0.02498	0.01666	0.05116	0.01337	0.00822	0.00927	0.00269	0.03199	0.00868	0.00399	0.01092
27	0.02006	0.01858	0.02912	0.02176	0.02822	0.01817	0.22679	0.12574	0.08615	0.03048	0.01883	0.04785	0.01529	0.00869	0.00924	0.00232	0.05118	0.00817	0.00550	0.22785
28	0.02000	0.01673	0.01810	0.08019	0.04599	0.08417	0.01301	0.21324	0.02424	0.03179	0.08131	0.15833	0.05512	0.01770	0.06543	0.00348	0.00911	0.01127	0.04095	0.00982

[dist]
# distance from previous block
# <min> <max>
0	5

[block]
# block no. 4 follows, 23 sequences, length 25
# corresponding to MSA columns:
# 254-278
name=unknown_E
#
# <colnr> <probs for GDERKNQSTAVLIFYWHMCP>
#	G	D	E	R	K	N	Q	S	T	A	V	L	I	F	Y	W	H	M	C	P
0	0.02124	0.01716	0.04367	0.05693	0.09079	0.01695	0.01479	0.06364	0.27504	0.10778	0.02633	0.02932	0.02052	0.01011	0.00802	0.00248	0.00740	0.04800	0.00698	0.13285
1	0.01645	0.04078	0.63570	0.02378	0.03555	0.01894	0.06588	0.02571	0.01725	0.02571	0.01467	0.01741	0.01040	0.00766	0.00782	0.00258	0.01209	0.00621	0.00347	0.01193
2	0.01627	0.04197	0.67279	0.02313	0.03512	0.01884	0.02998	0.02570	0.01713	0.02570	0.01456	0.01713	0.01028	0.00771	0.00771	0.00257	0.01199	0.00600	0.00343	0.01199
3	0.01730	0.07716	0.37175	0.02470	0.06623	0.01854	0.15319	0.02440	0.01758	0.04306	0.01865	0.09593	0.01600	0.00950	0.00826	0.00262	0.01104	0.00868	0.00425	0.01116
4	0.06662	0.03575	0.49915	0.02685	0.12599	0.01896	0.06363	0.02548	0.01723	0.02654	0.01456	0.01758	0.01068	0.00758	0.00769	0.00255	0.01137	0.00628	0.00366	0.01185
5	0.01728	0.16797	0.55562	0.02141	0.03246	0.02131	0.02699	0.02544	0.01701	0.02447	0.01395	0.01637	0.01030	0.00757	0.00724	0.00241	0.01138	0.00569	0.00343	0.01170
6	0.01553	0.01663	0.06877	0.53417	0.08013	0.01765	0.06343	0.02108	0.01673	0.02177	0.01862	0.02461	0.04944	0.00869	0.00827	0.00269	0.01063	0.00788	0.00388	0.00940
7	0.01607	0.01551	0.06510	0.36781	0.10644	0.01591	0.01905	0.05956	0.01721	0.02289	0.01871	0.10987	0.01709	0.01270	0.01116	0.09294	0.00941	0.00916	0.00443	0.00898
8	0.01777	0.06393	0.07039	0.33643	0.21149	0.01964	0.02175	0.02557	0.10586	0.02437	0.01707	0.02157	0.01326	0.00818	0.00790	0.00256	0.00982	0.00722	0.00435	0.01088
9	0.06550	0.04026	0.62975	0.02232	0.03385	0.01880	0.02860	0.02558	0.01691	0.02639	0.01435	0.01687	0.01018	0.00770	0.00753	0.00257	0.01162	0.00589	0.00353	0.01178
10	0.01608	0.01470	0.02322	0.44806	0.07722	0.01848	0.01995	0.02052	0.01563	0.02176	0.01489	0.02160	0.01190	0.00948	0.01177	0.00278	0.15544	0.00722	0.08025	0.00905
11	0.01503	0.01352	0.02158	0.34157	0.15452	0.01526	0.01850	0.01908	0.01678	0.02198	0.02725	0.06808	0.10033	0.01270	0.01023	0.03294	0.03201	0.06492	0.00473	0.00897
12	0.01057	0.00882	0.00912	0.00895	0.01158	0.00787	0.00663	0.01402	0.06088	0.02304	0.11386	0.07207	0.53783	0.06486	0.01156	0.00306	0.00449	0.01608	0.00751	0.00718
13	0.01532	0.01442	0.02434	0.69533	0.05589	0.01803	0.02253	0.02073	0.01622	0.02073	0.01442	0.02163	0.01082	0.00811	0.00811	0.00270	0.01082	0.00721	0.00361	0.00901
14	0.01807	0.05298	0.08228	0.06284	0.09522	0.01902	0.40284	0.02370	0.01797	0.02443	0.01763	0.06747	0.01495	0.00944	0.01032	0.04489	0.01185	0.00953	0.00420	0.01037
15	0.01904	0.01559	0.02200	0.04313	0.13688	0.01632	0.07183	0.06222	0.20779	0.06349	0.03190	0.06194	0.06694	0.01254	0.00883	0.00279	0.00781	0.10129	0.03663	0.01102
16	0.01045	0.00869	0.00920	0.00929	0.01181	0.00776	0.00688	0.01392	0.06088	0.02316	0.10602	0.15648	0.50624	0.02032	0.00960	0.00280	0.00433	0.01723	0.00766	0.00726
17	0.01563	0.01439	0.02405	0.61807	0.09347	0.01758	0.02183	0.02091	0.01641	0.02159	0.01509	0.02197	0.01146	0.00812	0.00798	0.00264	0.01038	0.00723	0.04199	0.00919
18	0.07765	0.20653	0.35756	0.06553	0.03131	0.02222	0.05891	0.02551	0.03966	0.02486	0.01425	0.01684	0.01088	0.00760	0.00702	0.00238	0.01052	0.00586	0.00379	0.01111
19	0.02024	0.01831	0.02769	0.18396	0.38710	0.05726	0.02152	0.02562	0.04515	0.06773	0.05282	0.02329	0.01680	0.00836	0.00811	0.00248	0.00956	0.00767	0.00478	0.01158
20	0.05171	0.00831	0.00974	0.01029	0.01213	0.00764	0.00736	0.01372	0.01765	0.04918	0.13510	0.36361	0.24178	0.02118	0.00964	0.00295	0.00458	0.01853	0.00768	0.00721
21	0.02336	0.01863	0.06615	0.02462	0.07072	0.01708	0.23399	0.02897	0.04450	0.21657	0.07865	0.02658	0.02062	0.00964	0.01063	0.00271	0.07969	0.00900	0.00636	0.01154
22	0.01634	0.04086	0.64292	0.02304	0.03448	0.01912	0.02942	0.02541	0.01691	0.02541	0.01438	0.01716	0.01030	0.00801	0.00858	0.00261	0.04371	0.00605	0.00343	0.01185
23	0.01676	0.06297	0.33117	0.02175	0.02833	0.02078	0.05683	0.02256	0.01527	0.02271	0.01387	0.01876	0.01145	0.01469	0.07636	0.00383	0.24122	0.00673	0.00359	0.01038
24	0.02008	0.01928	0.03294	0.04981	0.66422	0.01928	0.02490	0.02490	0.01848	0.02651	0.01526	0.02008	0.01285	0.00723	0.00803	0.00241	0.00964	0.00723	0.00402	0.01285

[dist]
# distance from previous block
# <min> <max>
0	3

[block]
# block no. 5 follows, 23 sequences, length 13
# corresponding to MSA columns:
# 282-294
name=unknown_F
#
# <colnr> <probs for GDERKNQSTAVLIFYWHMCP>
#	G	D	E	R	K	N	Q	S	T	A	V	L	I	F	Y	W	H	M	C	P
0	0.05434	0.01543	0.02538	0.53592	0.17162	0.01828	0.02230	0.02170	0.01654	0.02264	0.01443	0.02091	0.01111	0.00791	0.00794	0.00264	0.01036	0.00707	0.00376	0.00975
1	0.08529	0.01467	0.07840	0.01434	0.01889	0.01191	0.03192	0.05088	0.01935	0.23264	0.05117	0.19100	0.06613	0.01547	0.01002	0.04677	0.00691	0.03681	0.00745	0.00997
2	0.02614	0.07012	0.02101	0.01553	0.02087	0.01867	0.01285	0.29120	0.06434	0.16935	0.05377	0.06227	0.07872	0.01230	0.00838	0.00256	0.00746	0.04441	0.00809	0.01196
3	0.01100	0.00794	0.01062	0.01223	0.01337	0.00756	0.00925	0.01335	0.01719	0.02268	0.08474	0.43166	0.08883	0.02361	0.01054	0.00336	0.00551	0.21200	0.00760	0.00696
4	0.01864	0.01630	0.02455	0.31372	0.19499	0.01827	0.02013	0.11594	0.04658	0.02773	0.02138	0.03008	0.03935	0.01009	0.00845	0.00269	0.00949	0.06589	0.00510	0.01062
5	0.02585	0.02158	0.02087	0.01762	0.02287	0.10545	0.01396	0.22921	0.33764	0.07724	0.02608	0.02471	0.01919	0.01021	0.00809	0.00255	0.00829	0.00802	0.00781	0.01277
6	0.01532	0.01442	0.02434	0.69533	0.05589	0.01803	0.02253	0.02073	0.01622	0.02073	0.01442	0.02163	0.01082	0.00811	0.00811	0.00270	0.01082	0.00721	0.00361	0.00901
7	0.01609	0.01511	0.02451	0.52472	0.11190	0.01786	0.02125	0.02105	0.01629	0.02180	0.01429	0.02079	0.01113	0.00818	0.00898	0.00258	0.05053	0.00697	0.00376	0.08220
8	0.02788	0.01327	0.01725	0.01332	0.01927	0.01105	0.01077	0.03109	0.02096	0.41327	0.06500	0.06594	0.02310	0.01018	0.00776	0.00219	0.00634	0.00846	0.00836	0.22453
9	0.01409	0.00705	0.01057	0.01057	0.01057	0.00705	0.00705	0.01057	0.01057	0.01409	0.01409	0.02467	0.01409	0.02819	0.03171	0.76392	0.00705	0.00705	0.00352	0.00352
10	0.41908	0.01334	0.01314	0.07970	0.01907	0.01505	0.01017	0.05626	0.01603	0.03092	0.02233	0.22754	0.02303	0.01320	0.00715	0.00277	0.00641	0.01056	0.00583	0.00844
11	0.02811	0.02187	0.02254	0.05966	0.02568	0.07787	0.01500	0.42464	0.10731	0.06987	0.02105	0.02132	0.01523	0.00968	0.00796	0.00244	0.00891	0.00740	0.04071	0.01275
12	0.02447	0.02411	0.01955	0.01711	0.02129	0.28135	0.01328	0.13893	0.04914	0.05407	0.01832	0.02148	0.01486	0.02066	0.16126	0.00463	0.01352	0.00676	0.03868	0.05653

[dist]
# distance from previous block
# <min> <max>
48	97

[block]
# block no. 6 follows, 23 sequences, length 39
# corresponding to MSA columns:
# 402-440
name=unknown_G
#
# <colnr> <probs for GDERKNQSTAVLIFYWHMCP>
#	G	D	E	R	K	N	Q	S	T	A	V	L	I	F	Y	W	H	M	C	P
0	0.09490	0.01608	0.01619	0.01357	0.01801	0.05597	0.01067	0.17917	0.04106	0.05185	0.05293	0.07885	0.10694	0.04064	0.00956	0.00257	0.02532	0.00950	0.05116	0.12506
1	0.01970	0.01730	0.02114	0.01944	0.08403	0.04473	0.01420	0.13238	0.01968	0.02790	0.01791	0.02176	0.04094	0.01415	0.06157	0.02611	0.17517	0.00696	0.00505	0.22989
2	0.06261	0.04078	0.04098	0.12732	0.02621	0.04690	0.05283	0.08446	0.04987	0.02641	0.01900	0.06543	0.01656	0.01648	0.08662	0.00386	0.13013	0.00826	0.08585	0.00943
3	0.02028	0.05333	0.04638	0.05636	0.02444	0.04489	0.07754	0.08039	0.10261	0.07580	0.01976	0.02474	0.01628	0.08196	0.05029	0.00355	0.08788	0.00770	0.00552	0.12031
4	0.02232	0.01813	0.01936	0.01500	0.02125	0.05689	0.01203	0.15564	0.10702	0.07242	0.01887	0.01976	0.01448	0.00811	0.00757	0.00188	0.02746	0.00622	0.00622	0.38936
5	0.02159	0.01280	0.01602	0.01251	0.01815	0.01037	0.00990	0.02483	0.01928	0.22607	0.08728	0.10220	0.02559	0.01049	0.00752	0.00198	0.00592	0.00887	0.00715	0.37147
6	0.01989	0.01375	0.01701	0.05545	0.02031	0.03581	0.01139	0.02308	0.01878	0.16209	0.12406	0.09777	0.02808	0.01158	0.00970	0.00227	0.07513	0.00937	0.00664	0.25785
7	0.01312	0.01123	0.01530	0.04174	0.01664	0.01358	0.01149	0.01488	0.01452	0.02049	0.03198	0.35570	0.06536	0.04812	0.01705	0.00347	0.24975	0.01550	0.03260	0.00747
8	0.01027	0.00728	0.00950	0.01091	0.01148	0.00684	0.00725	0.01177	0.01588	0.02138	0.10614	0.56887	0.05332	0.10182	0.01375	0.00373	0.00497	0.02094	0.00738	0.00651
9	0.01268	0.00783	0.01041	0.01145	0.01257	0.00723	0.00788	0.01435	0.01660	0.08559	0.07907	0.57937	0.05080	0.04883	0.01124	0.00334	0.00499	0.02068	0.00777	0.00731
10	0.01020	0.00723	0.00950	0.01119	0.01167	0.00682	0.00748	0.01155	0.01528	0.02035	0.04276	0.62129	0.05101	0.09366	0.01346	0.00377	0.00512	0.04393	0.00727	0.00646
11	0.01302	0.00874	0.01041	0.00996	0.01256	0.00768	0.00755	0.01579	0.02027	0.08978	0.27127	0.11751	0.33120	0.01859	0.00955	0.00273	0.00443	0.03290	0.00826	0.00781
12	0.02893	0.02130	0.02301	0.01783	0.02387	0.02343	0.01465	0.57550	0.03665	0.04929	0.08298	0.02356	0.02002	0.01042	0.00826	0.00245	0.00842	0.00804	0.00820	0.01319
13	0.03061	0.07138	0.02436	0.01889	0.02442	0.29842	0.01509	0.28789	0.02901	0.09746	0.01732	0.01787	0.01282	0.00902	0.00761	0.00226	0.01109	0.00634	0.00638	0.01176
14	0.01879	0.01678	0.02622	0.44830	0.18423	0.01942	0.02194	0.11798	0.02014	0.02675	0.01540	0.02096	0.01173	0.00817	0.00810	0.00260	0.01026	0.00723	0.00440	0.01060
15	0.01093	0.00875	0.00985	0.00973	0.01210	0.00799	0.00723	0.01490	0.06287	0.02589	0.25291	0.13575	0.37342	0.01919	0.00957	0.00274	0.00424	0.01645	0.00801	0.00748
16	0.01692	0.01428	0.01666	0.01221	0.01900	0.01108	0.00970	0.04192	0.01751	0.02698	0.01639	0.05782	0.01454	0.00729	0.00634	0.00137	0.00604	0.00597	0.00509	0.69289
17	0.16776	0.01415	0.01760	0.01376	0.01982	0.01305	0.01137	0.03674	0.02154	0.55675	0.02831	0.02504	0.01807	0.00959	0.00760	0.00251	0.00679	0.00749	0.00915	0.01291
18	0.01159	0.00869	0.01304	0.01304	0.01449	0.01014	0.01014	0.01449	0.01304	0.01884	0.02173	0.03188	0.02029	0.06086	0.68268	0.01304	0.02173	0.00869	0.00435	0.00724
19	0.01627	0.04197	0.67279	0.02313	0.03512	0.01884	0.02998	0.02570	0.01713	0.02570	0.01456	0.01713	0.01028	0.00771	0.00771	0.00257	0.01199	0.00600	0.00343	0.01199
20	0.01064	0.00761	0.01026	0.01201	0.01285	0.00723	0.00871	0.01267	0.01658	0.02207	0.07545	0.54611	0.05335	0.02434	0.01050	0.00335	0.00525	0.14662	0.00759	0.00683
21	0.01079	0.00776	0.01022	0.01068	0.01197	0.00719	0.00760	0.01357	0.01974	0.02740	0.39282	0.34237	0.06662	0.02042	0.00991	0.00287	0.00421	0.01832	0.00832	0.00719
22	0.00989	0.00706	0.00942	0.01130	0.01177	0.00659	0.00753	0.01130	0.01554	0.02071	0.04472	0.70954	0.05367	0.02542	0.01036	0.00330	0.00471	0.02307	0.00753	0.00659
23	0.12797	0.01815	0.01969	0.01564	0.02121	0.01960	0.01283	0.36376	0.02904	0.15131	0.02123	0.02170	0.01518	0.01287	0.05231	0.00312	0.00868	0.00718	0.06629	0.01221
24	0.58413	0.01580	0.01405	0.01191	0.01727	0.01748	0.00982	0.06753	0.01720	0.15689	0.01575	0.01632	0.01125	0.00815	0.00582	0.00251	0.00657	0.00530	0.00617	0.01007
25	0.02074	0.01082	0.01412	0.01210	0.01571	0.00997	0.00949	0.02559	0.06466	0.25446	0.39975	0.04711	0.05347	0.01394	0.00899	0.00255	0.00507	0.01204	0.00927	0.01014
26	0.01740	0.01662	0.02905	0.14590	0.38039	0.01697	0.08983	0.02194	0.01767	0.02449	0.02047	0.14256	0.01969	0.01055	0.00863	0.00265	0.00941	0.01029	0.00458	0.01091
27	0.05639	0.01264	0.01615	0.01311	0.01793	0.01161	0.01054	0.05264	0.04868	0.37306	0.22822	0.03689	0.03713	0.01190	0.00841	0.00249	0.00593	0.00996	0.00917	0.03715
28	0.31150	0.04366	0.04377	0.09467	0.02412	0.04903	0.01407	0.12858	0.01940	0.05613	0.03981	0.01849	0.01344	0.00934	0.00930	0.00262	0.10043	0.00623	0.00538	0.01003
29	0.01235	0.00920	0.01159	0.01083	0.01301	0.00890	0.00817	0.01807	0.08510	0.03268	0.59778	0.05760	0.07143	0.01604	0.00944	0.00257	0.00409	0.01413	0.00887	0.00817
30	0.01292	0.00921	0.01125	0.01116	0.01339	0.00875	0.00838	0.01760	0.07885	0.05955	0.27446	0.20714	0.17991	0.01890	0.00966	0.00285	0.00472	0.05503	0.00823	0.00804
31	0.01575	0.01187	0.01430	0.01182	0.01602	0.01063	0.00921	0.05768	0.05894	0.05348	0.35568	0.04116	0.04708	0.01223	0.00822	0.00212	0.00510	0.01052	0.00756	0.25064
32	0.01054	0.00765	0.00994	0.01065	0.01187	0.00705	0.00750	0.01300	0.01884	0.02575	0.30518	0.39839	0.10064	0.02142	0.00998	0.00295	0.00430	0.01918	0.00812	0.00705
33	0.01072	0.00793	0.01029	0.01134	0.01262	0.00710	0.00777	0.01246	0.01593	0.02176	0.06222	0.60982	0.04977	0.02294	0.00984	0.00304	0.00482	0.02073	0.00727	0.09161
34	0.01159	0.00869	0.01304	0.01304	0.01449	0.01014	0.01014	0.01449	0.01304	0.01884	0.02173	0.03188	0.02029	0.06086	0.68268	0.01304	0.02173	0.00869	0.00435	0.00724
35	0.02169	0.71972	0.04252	0.01388	0.02083	0.03211	0.01388	0.02430	0.01649	0.01909	0.01128	0.01302	0.01041	0.00694	0.00521	0.00174	0.00868	0.00434	0.00347	0.01041
36	0.01736	0.01557	0.02122	0.01851	0.01968	0.02044	0.01519	0.08727	0.01550	0.02286	0.01499	0.02222	0.01392	0.02781	0.22295	0.00630	0.41738	0.00761	0.00430	0.00893
37	0.02002	0.01710	0.02587	0.38881	0.04281	0.01958	0.08811	0.19130	0.02266	0.03034	0.01684	0.02164	0.01247	0.00851	0.00812	0.00258	0.01015	0.00753	0.05512	0.01045
38	0.64350	0.01461	0.01211	0.01093	0.01549	0.01655	0.00881	0.02333	0.01431	0.07171	0.01472	0.05746	0.01248	0.00983	0.00688	0.04105	0.00626	0.00590	0.00540	0.00868

[dist]
# distance from previous block
# <min> <max>
0	1

[block]
# block no. 7 follows, 23 sequences, length 62
# corresponding to MSA columns:
# 442-503
name=unknown_H
#
# <colnr> <probs for GDERKNQSTAVLIFYWHMCP>
#	G	D	E	R	K	N	Q	S	T	A	V	L	I	F	Y	W	H	M	C	P
0	0.02153	0.01756	0.01870	0.01654	0.02131	0.02007	0.01294	0.07592	0.58650	0.06447	0.03223	0.02955	0.02394	0.01089	0.00824	0.00272	0.00658	0.00902	0.00833	0.01294
1	0.00989	0.00706	0.00942	0.01130	0.01177	0.00659	0.00753	0.01130	0.01554	0.02071	0.04472	0.70954	0.05367	0.02542	0.01036	0.00330	0.00471	0.02307	0.00753	0.00659
2	0.02142	0.02971	0.31151	0.02199	0.06159	0.01999	0.04485	0.23898	0.02455	0.03448	0.01782	0.05139	0.01392	0.00909	0.00795	0.00246	0.01009	0.00739	0.00542	0.06541
3	0.03221	0.04943	0.01930	0.01425	0.01997	0.01319	0.01173	0.05993	0.04071	0.52505	0.06016	0.06985	0.02413	0.01114	0.00821	0.00253	0.00679	0.00917	0.00938	0.01288
4	0.00995	0.00711	0.00947	0.01125	0.01178	0.00663	0.00754	0.01146	0.01583	0.02119	0.06939	0.68352	0.05459	0.02507	0.01033	0.00327	0.00467	0.02273	0.00759	0.00663
5	0.01113	0.00793	0.01013	0.01135	0.01213	0.00763	0.00765	0.04066	0.01660	0.02224	0.07291	0.58059	0.05062	0.09138	0.01323	0.00366	0.00517	0.02081	0.00738	0.00682
6	0.02402	0.01907	0.01922	0.01616	0.02081	0.07196	0.01275	0.28510	0.17932	0.05553	0.02679	0.05039	0.04587	0.05271	0.04390	0.00334	0.00871	0.00888	0.04390	0.01157
7	0.01650	0.01742	0.03561	0.13604	0.03785	0.01705	0.39784	0.02191	0.01788	0.02398	0.02232	0.17307	0.02116	0.01113	0.00951	0.00285	0.01124	0.01216	0.00478	0.00967
8	0.01710	0.00989	0.01275	0.01138	0.01435	0.00913	0.00876	0.02157	0.05468	0.16773	0.44010	0.07956	0.08942	0.01546	0.00923	0.00259	0.00467	0.01347	0.00901	0.00915
9	0.01645	0.04074	0.63457	0.02380	0.03557	0.01895	0.06697	0.02572	0.01725	0.02572	0.01468	0.01742	0.01040	0.00766	0.00782	0.00258	0.01210	0.00621	0.00347	0.01193
