[name]
unknown

[dist]
# distance from previous block
# <min> <max>
0	2

[block]
# block no. 0 follows, 25 sequences, length 7
# corresponding to MSA columns:
# 2-8
name=unknown_A
#
# <colnr> <probs for GDERKNQSTAVLIFYWHMCP>
#	G	D	E	R	K	N	Q	S	T	A	V	L	I	F	Y	W	H	M	C	P
0	0.01249	0.00892	0.01249	0.01428	0.01606	0.00892	0.01249	0.01606	0.01785	0.02320	0.04105	0.08746	0.04462	0.02142	0.01071	0.00357	0.00714	0.62695	0.00714	0.00714
1	0.01134	0.00801	0.00954	0.00962	0.00969	0.00837	0.00591	0.01168	0.01190	0.01606	0.02653	0.15960	0.03083	0.56464	0.03366	0.00653	0.05308	0.01276	0.00503	0.00521
2	0.01492	0.01374	0.02423	0.54658	0.04667	0.01622	0.09176	0.01921	0.01517	0.01961	0.01396	0.02105	0.01088	0.00994	0.01065	0.09638	0.01021	0.00713	0.00349	0.00819
3	0.00979	0.00694	0.00906	0.01044	0.01096	0.00653	0.00692	0.01119	0.01507	0.02026	0.09724	0.58610	0.05060	0.10400	0.01321	0.00359	0.00477	0.02009	0.00703	0.00621
4	0.01537	0.01520	0.02774	0.57413	0.05084	0.01770	0.14696	0.02081	0.01606	0.02081	0.01416	0.02072	0.01062	0.00751	0.00803	0.00259	0.01088	0.00734	0.00354	0.00898
5	0.01892	0.01127	0.01312	0.01153	0.01444	0.01160	0.00877	0.12916	0.05496	0.12499	0.07524	0.06974	0.02588	0.13085	0.07420	0.00402	0.00725	0.00941	0.19573	0.00892
6	0.04467	0.00891	0.01128	0.01061	0.01293	0.00829	0.00798	0.01782	0.01928	0.13566	0.33158	0.15126	0.08600	0.07497	0.01144	0.00302	0.00486	0.04361	0.00791	0.00792

[dist]
# distance from previous block
# <min> <max>
3	5

[block]
# block no. 1 follows, 25 sequences, length 8
# corresponding to MSA columns:
# 14-21
name=unknown_B
#
# <colnr> <probs for GDERKNQSTAVLIFYWHMCP>
#	G	D	E	R	K	N	Q	S	T	A	V	L	I	F	Y	W	H	M	C	P
0	0.01532	0.01165	0.01434	0.09650	0.01931	0.01176	0.01012	0.12886	0.01842	0.02543	0.02597	0.24296	0.02731	0.14211	0.01368	0.00332	0.00665	0.01201	0.03430	0.13995
1	0.01407	0.01208	0.01888	0.38010	0.07193	0.01427	0.01627	0.01832	0.04311	0.02064	0.02087	0.16420	0.02005	0.01287	0.01053	0.05547	0.04455	0.01006	0.04366	0.00807
2	0.01464	0.01378	0.02326	0.70887	0.05340	0.01723	0.02153	0.01981	0.01550	0.01981	0.01378	0.02067	0.01034	0.00775	0.00775	0.00258	0.01034	0.00689	0.00345	0.00861
3	0.01354	0.00838	0.01089	0.01088	0.01275	0.00753	0.00772	0.01556	0.01680	0.10477	0.14440	0.41670	0.04604	0.07047	0.01131	0.00309	0.00494	0.01670	0.00733	0.07019
4	0.01007	0.00710	0.00872	0.00975	0.01021	0.00675	0.00622	0.01099	0.01379	0.01820	0.03892	0.43797	0.08915	0.27182	0.02026	0.00465	0.00552	0.01783	0.00632	0.00575
5	0.01625	0.01591	0.02238	0.01940	0.01956	0.02204	0.01608	0.01807	0.01195	0.01858	0.01147	0.01860	0.01130	0.01899	0.10707	0.00450	0.62911	0.00697	0.00349	0.00829
6	0.17034	0.01438	0.01803	0.08683	0.05437	0.01561	0.04450	0.13083	0.01989	0.03114	0.13691	0.04434	0.02414	0.01234	0.04091	0.00286	0.04398	0.00811	0.03888	0.06161
7	0.54430	0.01533	0.01601	0.06043	0.02032	0.01710	0.06242	0.05894	0.01603	0.06988	0.04602	0.01720	0.01291	0.00787	0.00591	0.00243	0.00693	0.00564	0.00526	0.00907

[dist]
# distance from previous block
# <min> <max>
0	1

[block]
# block no. 2 follows, 25 sequences, length 240
# corresponding to MSA columns:
# 23-262
name=unknown_C
#
# <colnr> <probs for GDERKNQSTAVLIFYWHMCP>
#	G	D	E	R	K	N	Q	S	T	A	V	L	I	F	Y	W	H	M	C	P
0	0.02357	0.01376	0.01678	0.04307	0.02002	0.01402	0.01145	0.03410	0.27077	0.27903	0.13057	0.03172	0.02874	0.01072	0.00797	0.00246	0.00609	0.00900	0.00834	0.03783
1	0.12699	0.01058	0.01265	0.01099	0.01432	0.01024	0.00863	0.04336	0.02126	0.17657	0.41480	0.04310	0.04989	0.01300	0.00818	0.00242	0.00481	0.01100	0.00821	0.00898
2	0.12055	0.02679	0.01883	0.01685	0.02073	0.38390	0.01293	0.09665	0.06244	0.02589	0.01624	0.05077	0.01376	0.00927	0.00756	0.00222	0.03625	0.00641	0.06267	0.00930
3	0.01654	0.01554	0.02579	0.49159	0.11754	0.01806	0.07758	0.05387	0.06271	0.02321	0.01553	0.02101	0.01176	0.00782	0.00788	0.00255	0.01007	0.00723	0.00406	0.00967
4	0.02068	0.70938	0.03989	0.01335	0.01991	0.03032	0.01324	0.02379	0.03644	0.01869	0.01144	0.01296	0.01039	0.00676	0.00507	0.00169	0.00822	0.00429	0.00346	0.01002
5	0.01724	0.02054	0.08775	0.02774	0.03472	0.01818	0.45961	0.02304	0.01718	0.02399	0.01617	0.04591	0.01319	0.00947	0.03367	0.00290	0.06218	0.00879	0.00402	0.07372
6	0.01061	0.00779	0.00994	0.00966	0.01143	0.00712	0.00715	0.01383	0.02071	0.02876	0.54120	0.13227	0.13630	0.01718	0.00923	0.00254	0.00378	0.01515	0.00824	0.00712
7	0.00967	0.00691	0.00922	0.01084	0.01144	0.00647	0.00739	0.01127	0.01549	0.02077	0.09050	0.65010	0.05271	0.02355	0.00987	0.00311	0.00453	0.04247	0.00730	0.00640
8	0.07431	0.10178	0.47875	0.02061	0.03032	0.01939	0.06773	0.02557	0.06528	0.02533	0.01484	0.01697	0.01091	0.00746	0.00711	0.00240	0.01045	0.00593	0.00379	0.01107
9	0.09737	0.02088	0.08749	0.09332	0.03758	0.01923	0.44629	0.02382	0.01705	0.02508	0.01459	0.01949	0.01105	0.00712	0.00922	0.00261	0.04581	0.00805	0.00389	0.01005
10	0.00945	0.00675	0.00900	0.01080	0.01125	0.00630	0.00720	0.01080	0.01484	0.01979	0.04274	0.72245	0.05128	0.02429	0.00990	0.00315	0.00450	0.02204	0.00720	0.00630
11	0.06415	0.01561	0.02912	0.22403	0.06765	0.01617	0.27072	0.02047	0.01628	0.02281	0.01915	0.12410	0.01775	0.04557	0.01002	0.00290	0.01011	0.01006	0.00435	0.00898
12	0.01830	0.01177	0.01313	0.01166	0.01487	0.06084	0.00908	0.02214	0.04546	0.18881	0.34384	0.04896	0.12995	0.01420	0.00866	0.00247	0.00541	0.03328	0.00821	0.00896
13	0.01520	0.00795	0.00803	0.00776	0.00978	0.00807	0.00589	0.04981	0.01727	0.02990	0.02496	0.02839	0.01954	0.00905	0.00554	0.00183	0.00386	0.00721	0.73243	0.00752
14	0.06346	0.01807	0.01952	0.01568	0.02089	0.01979	0.01272	0.39882	0.12686	0.08666	0.07232	0.04107	0.02073	0.01027	0.00771	0.00239	0.00726	0.00809	0.03574	0.01197
15	0.10589	0.08972	0.01920	0.01357	0.01867	0.03744	0.01122	0.11207	0.06938	0.28665	0.13027	0.02743	0.02521	0.01004	0.00738	0.00232	0.00668	0.00794	0.00772	0.01118
16	0.01667	0.06379	0.61822	0.02164	0.03241	0.06613	0.02716	0.02496	0.01674	0.02394	0.01367	0.01607	0.00984	0.00738	0.00726	0.00240	0.01153	0.00562	0.00333	0.01123
17	0.01987	0.53567	0.12313	0.01465	0.02137	0.07400	0.01498	0.02328	0.01675	0.02012	0.06215	0.01655	0.01478	0.00753	0.00575	0.00185	0.00876	0.00517	0.00376	0.00988
18	0.01830	0.02134	0.06286	0.02941	0.03568	0.04331	0.48088	0.02380	0.01707	0.02339	0.01440	0.01973	0.01132	0.00802	0.01228	0.00274	0.15320	0.00842	0.00380	0.01005
19	0.01079	0.00778	0.01020	0.00988	0.01154	0.00719	0.00730	0.01416	0.02108	0.02972	0.59802	0.13887	0.07049	0.01688	0.00924	0.00253	0.00376	0.01500	0.00837	0.00719
20	0.01081	0.00732	0.00860	0.00906	0.00917	0.00720	0.00534	0.01115	0.01219	0.01626	0.02913	0.22329	0.03412	0.54686	0.03187	0.00639	0.00674	0.01404	0.00534	0.00511
21	0.02146	0.60087	0.07948	0.01450	0.02128	0.06156	0.01444	0.07134	0.01766	0.02099	0.01163	0.01323	0.01019	0.00695	0.00543	0.00178	0.00879	0.00450	0.00368	0.01024
22	0.01160	0.00791	0.01041	0.01010	0.01183	0.00729	0.00745	0.01482	0.02068	0.05383	0.53667	0.17648	0.06717	0.01714	0.00923	0.00257	0.00392	0.01523	0.00833	0.00736
23	0.01097	0.00793	0.01036	0.00975	0.01158	0.00732	0.00732	0.01463	0.02195	0.03109	0.67505	0.05792	0.07316	0.01585	0.00914	0.00244	0.00366	0.01402	0.00854	0.00732
24	0.59957	0.03974	0.01484	0.01190	0.01705	0.01922	0.00989	0.15507	0.01816	0.03720	0.01244	0.01385	0.00945	0.00762	0.00542	0.00236	0.00660	0.00478	0.00537	0.00945
25	0.01893	0.01875	0.02913	0.18167	0.50521	0.06500	0.02272	0.02347	0.01751	0.02376	0.01424	0.01914	0.01172	0.00716	0.00764	0.00234	0.00977	0.00677	0.00377	0.01130
26	0.02846	0.03611	0.02205	0.01999	0.02382	0.66810	0.01506	0.03044	0.02155	0.01896	0.01191	0.01411	0.01000	0.00822	0.00777	0.00206	0.04338	0.00507	0.00397	0.00897
27	0.01833	0.01746	0.02904	0.06653	0.58756	0.01758	0.02206	0.02337	0.04014	0.02508	0.01964	0.02348	0.05927	0.00796	0.00779	0.00235	0.00877	0.00764	0.00420	0.01175
28	0.03279	0.01364	0.01793	0.01405	0.01984	0.01241	0.01151	0.03823	0.10503	0.60049	0.03071	0.02672	0.01977	0.00972	0.00781	0.00243	0.00654	0.00792	0.00938	0.01308
29	0.01891	0.02006	0.08108	0.04566	0.63031	0.01839	0.02416	0.02385	0.01756	0.02527	0.01453	0.01898	0.01210	0.00694	0.00765	0.00231	0.00938	0.00682	0.00380	0.01222
30	0.00957	0.00687	0.00926	0.01092	0.01144	0.00655	0.00739	0.01103	0.01466	0.01966	0.04107	0.67011	0.04887	0.02685	0.06185	0.00385	0.00573	0.02100	0.00697	0.00635
31	0.05498	0.01912	0.01897	0.01627	0.02113	0.06798	0.01286	0.18577	0.42117	0.05672	0.02618	0.02464	0.01941	0.00988	0.00766	0.00250	0.00727	0.00785	0.00751	0.01213
32	0.01505	0.00989	0.03471	0.01084	0.01369	0.00835	0.00872	0.01878	0.02180	0.13850	0.54635	0.05131	0.06211	0.01453	0.00886	0.00243	0.00441	0.01271	0.00853	0.00843
33	0.11935	0.21648	0.07310	0.01598	0.02148	0.22071	0.01408	0.09670	0.01972	0.05773	0.01399	0.01596	0.01130	0.01150	0.05850	0.00284	0.01079	0.00533	0.00458	0.00988
34	0.01696	0.01696	0.02375	0.02036	0.02036	0.02375	0.01696	0.01866	0.01187	0.01866	0.01018	0.01696	0.01018	0.01357	0.02545	0.00339	0.71332	0.00679	0.00339	0.00848
35	0.01097	0.00793	0.01036	0.00975	0.01158	0.00732	0.00732	0.01463	0.02195	0.03109	0.67505	0.05792	0.07316	0.01585	0.00914	0.00244	0.00366	0.01402	0.00854	0.00732
36	0.19865	0.02125	0.01988	0.01606	0.02158	0.09719	0.01305	0.37851	0.06698	0.06807	0.01739	0.01769	0.01263	0.00877	0.00701	0.00233	0.00835	0.00627	0.00675	0.01158
37	0.04597	0.00853	0.00969	0.03363	0.01241	0.00912	0.00746	0.01764	0.03794	0.02600	0.02628	0.11435	0.02380	0.04473	0.05447	0.00311	0.03026	0.03016	0.45715	0.00730
38	0.03479	0.01320	0.01799	0.01380	0.01979	0.01140	0.01140	0.03779	0.02219	0.68451	0.03059	0.02639	0.01919	0.00960	0.00780	0.00240	0.00660	0.00780	0.00960	0.01320
39	0.01081	0.00794	0.01020	0.01011	0.01192	0.00732	0.00771	0.01409	0.02046	0.02819	0.48827	0.11436	0.13785	0.01755	0.00938	0.00264	0.00413	0.08181	0.00813	0.00713
40	0.38071	0.01622	0.03983	0.24850	0.07720	0.01800	0.01512	0.07537	0.01637	0.02994	0.01284	0.01642	0.00978	0.00755	0.00633	0.00245	0.00808	0.00558	0.00448	0.00926
41	0.01212	0.00912	0.01348	0.04888	0.01774	0.00914	0.03570	0.01537	0.01706	0.02231	0.03912	0.22745	0.04321	0.02084	0.01032	0.00339	0.00692	0.43385	0.00685	0.00714
42	0.00945	0.00675	0.00900	0.01080	0.01125	0.00630	0.00720	0.01080	0.01484	0.01979	0.04274	0.72245	0.05128	0.02429	0.00990	0.00315	0.00450	0.02204	0.00720	0.00630
43	0.01320	0.00678	0.00996	0.01003	0.01004	0.00677	0.00663	0.01020	0.01034	0.01378	0.01515	0.04952	0.01567	0.06917	0.03015	0.70125	0.00670	0.00754	0.00358	0.00355
44	0.04733	0.04579	0.08116	0.03120	0.16912	0.04317	0.32270	0.02369	0.01704	0.02402	0.01447	0.01932	0.01159	0.00922	0.03353	0.00289	0.08181	0.00767	0.00383	0.01044
45	0.01121	0.00749	0.00848	0.00854	0.00855	0.00747	0.00479	0.01126	0.01140	0.01520	0.02507	0.07411	0.02899	0.70304	0.03844	0.00737	0.00741	0.01165	0.00479	0.00475
46	0.01805	0.02210	0.08993	0.03142	0.03919	0.01967	0.58057	0.02456	0.01789	0.02456	0.01533	0.02043	0.01156	0.00689	0.00971	0.00264	0.04240	0.00881	0.00385	0.01044
47	0.01720	0.01631	0.02740	0.22255	0.45560	0.01715	0.02176	0.02180	0.01722	0.02383	0.03984	0.02358	0.04592	0.00805	0.00782	0.00240	0.00907	0.00760	0.00405	0.01085
48	0.01617	0.07756	0.58648	0.02354	0.07205	0.01882	0.05107	0.02444	0.01649	0.02425	0.01384	0.01649	0.01005	0.00727	0.00732	0.00241	0.01120	0.00584	0.00334	0.01138
49	0.01728	0.01634	0.02702	0.32470	0.36849	0.01798	0.02203	0.02334	0.06226	0.02350	0.01544	0.02050	0.01226	0.00752	0.00772	0.00244	0.00947	0.00703	0.00396	0.01073
50	0.01628	0.01585	0.06337	0.01256	0.01958	0.01155	0.01079	0.02152	0.06519	0.02576	0.01514	0.01707	0.01229	0.00622	0.00602	0.00135	0.00617	0.00499	0.00475	0.66355
51	0.01748	0.18091	0.27067	0.02301	0.03103	0.02141	0.21791	0.02351	0.01634	0.02258	0.01373	0.01748	0.01082	0.00923	0.03308	0.00276	0.06746	0.00663	0.00353	0.01042
52	0.01200	0.00906	0.01283	0.03776	0.06533	0.00899	0.01135	0.01477	0.01646	0.02164	0.03904	0.25262	0.06829	0.07023	0.01212	0.00356	0.00656	0.32362	0.00662	0.00715
53	0.01048	0.00831	0.01278	0.06152	0.01642	0.00807	0.05690	0.01249	0.01515	0.02018	0.03865	0.62005	0.04541	0.02179	0.00969	0.00307	0.00556	0.02000	0.00669	0.00678
54	0.01464	0.01378	0.02326	0.70887	0.05340	0.01723	0.02153	0.01981	0.01550	0.01981	0.01378	0.02067	0.01034	0.00775	0.00775	0.00258	0.01034	0.00689	0.00345	0.00861
55	0.01936	0.01744	0.01918	0.06708	0.07250	0.04755	0.01391	0.03795	0.54345	0.03044	0.02820	0.02698	0.02129	0.00995	0.00783	0.00258	0.00699	0.00834	0.00711	0.01188
56	0.01061	0.00778	0.00964	0.00992	0.01122	0.00734	0.00694	0.01346	0.03931	0.02425	0.29879	0.27212	0.12114	0.11562	0.01347	0.00338	0.00457	0.01630	0.00742	0.00672
57	0.04629	0.17451	0.29540	0.02151	0.07708	0.11763	0.04242	0.02509	0.01696	0.04395	0.01328	0.01584	0.01041	0.00776	0.00815	0.00229	0.06156	0.00560	0.00372	0.01056
58	0.01162	0.00956	0.01506	0.01392	0.01597	0.00884	0.10253	0.01390	0.01540	0.02090	0.05646	0.44014	0.04040	0.10269	0.01298	0.00344	0.00629	0.04279	0.00628	0.06083
59	0.01196	0.01008	0.01064	0.01011	0.01307	0.00986	0.00770	0.01919	0.18120	0.02526	0.15022	0.06078	0.42745	0.01681	0.00884	0.00260	0.00445	0.01412	0.00756	0.00809
60	0.01858	0.01886	0.02827	0.27654	0.35930	0.08934	0.05240	0.02320	0.01738	0.02270	0.01408	0.01925	0.01133	0.00730	0.00770	0.00238	0.01030	0.00681	0.00372	0.01056
61	0.02561	0.02185	0.02016	0.01680	0.02181	0.14649	0.01334	0.30101	0.20241	0.06378	0.02371	0.02318	0.03898	0.00975	0.00762	0.00234	0.00849	0.00746	0.03350	0.01172
62	0.01696	0.01696	0.02375	0.02036	0.02036	0.02375	0.01696	0.01866	0.01187	0.01866	0.01018	0.01696	0.01018	0.01357	0.02545	0.00339	0.71332	0.00679	0.00339	0.00848
63	0.01614	0.01399	0.01694	0.01210	0.01902	0.01061	0.02786	0.01968	0.01614	0.02525	0.01384	0.01622	0.01149	0.00577	0.00584	0.00119	0.00596	0.00473	0.00457	0.75267
64	0.01783	0.02423	0.15652	0.03085	0.03932	0.01933	0.54354	0.02479	0.01797	0.02479	0.01538	0.02013	0.01143	0.00668	0.00884	0.00259	0.01279	0.00856	0.00381	0.01063
65	0.01128	0.00752	0.00846	0.00846	0.00846	0.00752	0.00470	0.01128	0.01128	0.01503	0.02443	0.05074	0.02819	0.72751	0.03946	0.00752	0.00752	0.01128	0.00470	0.00470
66	0.00956	0.00679	0.00896	0.01065	0.01108	0.00637	0.00705	0.01083	0.01463	0.01951	0.04163	0.68186	0.04989	0.06678	0.01168	0.00341	0.00468	0.02139	0.00705	0.00620
67	0.02100	0.01627	0.01758	0.01556	0.02012	0.01841	0.01218	0.04082	0.59415	0.10442	0.03145	0.02865	0.02317	0.01042	0.00788	0.00260	0.00619	0.00866	0.00808	0.01237
68	0.00945	0.00675	0.00900	0.01080	0.01125	0.00630	0.00720	0.01080	0.01484	0.01979	0.04274	0.72245	0.05128	0.02429	0.00990	0.00315	0.00450	0.02204	0.00720	0.00630
69	0.01542	0.01443	0.02528	0.51003	0.09163	0.01670	0.10193	0.02058	0.01609	0.02169	0.01514	0.02136	0.01154	0.00765	0.00771	0.00250	0.00999	0.00722	0.07412	0.00898
70	0.01087	0.00789	0.01004	0.00952	0.01127	0.00728	0.00702	0.01413	0.02084	0.02916	0.58390	0.05855	0.11213	0.06995	0.01144	0.00284	0.00397	0.01398	0.00815	0.00706
71	0.00945	0.00675	0.00900	0.01080	0.01125	0.00630	0.00720	0.01080	0.01484	0.01979	0.04274	0.72245	0.05128	0.02429	0.00990	0.00315	0.00450	0.02204	0.00720	0.00630
72	0.03479	0.01320	0.01799	0.01380	0.01979	0.01140	0.01140	0.03779	0.02219	0.68451	0.03059	0.02639	0.01919	0.00960	0.00780	0.00240	0.00660	0.00780	0.00960	0.01320
73	0.01574	0.03876	0.64223	0.02284	0.03405	0.01812	0.07239	0.02457	0.01651	0.02457	0.01404	0.01669	0.00996	0.00731	0.00749	0.00247	0.01157	0.00597	0.00332	0.01139
74	0.02896	0.03695	0.02197	0.01998	0.02397	0.69638	0.01498	0.03096	0.02197	0.01898	0.01199	0.01398	0.00999	0.00799	0.00699	0.00200	0.01398	0.00499	0.00400	0.00899
75	0.01919	0.01842	0.03147	0.04759	0.67914	0.01842	0.02380	0.02380	0.01765	0.02533	0.01458	0.01919	0.01228	0.00691	0.00768	0.00230	0.00921	0.00691	0.00384	0.01228
76	0.01073	0.00914	0.00939	0.00911	0.01194	0.00844	0.00689	0.01569	0.11237	0.02313	0.10150	0.06712	0.55067	0.01812	0.00898	0.00261	0.00424	0.01514	0.00737	0.00742
77	0.02615	0.03990	0.09581	0.03924	0.02327	0.01756	0.01461	0.22359	0.11112	0.23949	0.06930	0.02482	0.02010	0.00967	0.00776	0.00240	0.00765	0.00774	0.00762	0.01221
78	0.01115	0.00934	0.01461	0.01404	0.01549	0.00931	0.08606	0.01328	0.01543	0.02083	0.06474	0.53315	0.06541	0.02080	0.01095	0.00305	0.05999	0.01877	0.00656	0.00702
79	0.01234	0.00882	0.01232	0.01411	0.01582	0.00879	0.01223	0.01580	0.01770	0.02303	0.04114	0.11920	0.04496	0.02156	0.01067	0.00355	0.00701	0.59672	0.00714	0.00710
80	0.04682	0.51532	0.11140	0.01459	0.02168	0.02703	0.01484	0.09091	0.01798	0.02318	0.01214	0.01374	0.01031	0.00698	0.00558	0.00182	0.00848	0.00466	0.00390	0.04865
81	0.02132	0.68249	0.03930	0.01375	0.02019	0.07826	0.01339	0.02377	0.01620	0.01829	0.01087	0.01255	0.00995	0.00673	0.00512	0.00168	0.00870	0.00421	0.00337	0.00988
82	0.07517	0.03695	0.01422	0.01183	0.01503	0.01231	0.00903	0.13477	0.02026	0.08119	0.13248	0.19304	0.03374	0.09170	0.01137	0.00298	0.00589	0.01172	0.04385	0.06247
83	0.01836	0.01542	0.07190	0.01518	0.01941	0.01431	0.01336	0.09759	0.20056	0.08905	0.07844	0.04941	0.05257	0.01432	0.00889	0.00286	0.00698	0.21380	0.00742	0.01015
84	0.00974	0.00697	0.00926	0.01060	0.01131	0.00649	0.00722	0.01153	0.01620	0.02194	0.16294	0.59612	0.05544	0.02269	0.00975	0.00301	0.00434	0.02052	0.00745	0.00649
85	0.01061	0.00783	0.00991	0.00957	0.01140	0.00713	0.00711	0.01385	0.02081	0.02882	0.54394	0.11051	0.15567	0.01702	0.00920	0.00252	0.00376	0.01496	0.00825	0.00713
86	0.02097	0.62615	0.08811	0.01445	0.02125	0.08111	0.01456	0.02392	0.01628	0.01878	0.01111	0.01285	0.00994	0.00679	0.00531	0.00174	0.00897	0.00433	0.00337	0.00999
87	0.01265	0.00999	0.01189	0.01245	0.01494	0.01006	0.01022	0.01913	0.14071	0.02414	0.05095	0.09412	0.23692	0.01889	0.00967	0.00308	0.00586	0.29913	0.00730	0.00790
88	0.00945	0.00675	0.00900	0.01080	0.01125	0.00630	0.00720	0.01080	0.01484	0.01979	0.04274	0.72245	0.05128	0.02429	0.00990	0.00315	0.00450	0.02204	0.00720	0.00630
89	0.01216	0.01004	0.01304	0.01292	0.01446	0.05118	0.01001	0.01488	0.01304	0.01806	0.02024	0.02946	0.01882	0.05512	0.65510	0.01183	0.02036	0.00811	0.00414	0.00705
90	0.08705	0.10543	0.02231	0.03965	0.02245	0.22821	0.01340	0.19877	0.02407	0.11517	0.02007	0.02047	0.05218	0.00904	0.00706	0.00219	0.00951	0.00649	0.00591	0.01059
91	0.04337	0.00799	0.00923	0.00897	0.00990	0.00783	0.00581	0.01293	0.01533	0.02171	0.25446	0.05248	0.06527	0.42299	0.02632	0.00535	0.00597	0.01212	0.00614	0.00584
92	0.00989	0.00726	0.01001	0.05312	0.01400	0.00707	0.00829	0.01156	0.01501	0.01994	0.04091	0.65334	0.04853	0.02317	0.00980	0.00313	0.00496	0.04656	0.00697	0.00647
93	0.01464	0.01378	0.02326	0.70887	0.05340	0.01723	0.02153	0.01981	0.01550	0.01981	0.01378	0.02067	0.01034	0.00775	0.00775	0.00258	0.01034	0.00689	0.00345	0.00861
94	0.00957	0.00680	0.00896	0.01064	0.01105	0.00638	0.00703	0.01083	0.01460	0.01947	0.04148	0.67633	0.04970	0.07257	0.01193	0.00345	0.00471	0.02130	0.00703	0.00619
95	0.02303	0.05681	0.10232	0.02625	0.16294	0.21727	0.06879	0.12255	0.04842	0.02648	0.01470	0.01737	0.01167	0.00822	0.00872	0.00232	0.06038	0.00636	0.00454	0.01086
96	0.01083	0.00787	0.01020	0.00972	0.01152	0.00724	0.00725	0.01432	0.02147	0.03019	0.62349	0.08656	0.09747	0.01636	0.00918	0.00248	0.00370	0.01446	0.00842	0.00724
97	0.01810	0.19790	0.49107	0.01948	0.02944	0.02047	0.02389	0.02518	0.01664	0.06949	0.01436	0.01617	0.01051	0.00735	0.00685	0.00227	0.01039	0.00551	0.00373	0.01123
98	0.04305	0.01514	0.02060	0.04456	0.02227	0.01440	0.07348	0.02000	0.01535	0.02403	0.01316	0.01679	0.01110	0.00749	0.00998	0.00183	0.14521	0.00555	0.00425	0.49176
99	0.01681	0.01669	0.02461	0.02066	0.02139	0.02244	0.06705	0.01899	0.01256	0.01948	0.01145	0.01808	0.01091	0.01416	0.04318	0.00354	0.61277	0.00703	0.02963	0.00855
100	0.02025	0.66831	0.10031	0.01408	0.02116	0.02951	0.01469	0.02334	0.01581	0.01882	0.01107	0.01280	0.00994	0.00670	0.00520	0.00173	0.00858	0.00429	0.00331	0.01009
101	0.02898	0.02147	0.02299	0.01774	0.02386	0.02381	0.01462	0.62369	0.06686	0.04807	0.01924	0.01911	0.01369	0.00937	0.00776	0.00234	0.00842	0.00707	0.00776	0.01314
102	0.00971	0.00695	0.00923	0.01062	0.01130	0.00647	0.00722	0.01146	0.01607	0.02175	0.15198	0.60764	0.05506	0.02283	0.00977	0.00303	0.00435	0.02066	0.00743	0.00647
103	0.01130	0.00805	0.00997	0.00941	0.01146	0.00728	0.00702	0.01442	0.02060	0.04746	0.50169	0.06025	0.19810	0.04640	0.01038	0.00269	0.00396	0.01422	0.00812	0.00721
104	0.01830	0.02092	0.04575	0.03268	0.04052	0.01961	0.65098	0.02484	0.01830	0.02484	0.01569	0.02092	0.01176	0.00654	0.00915	0.00261	0.01307	0.00915	0.00392	0.01046
105	0.01793	0.02117	0.07392	0.02997	0.03660	0.02026	0.50759	0.02373	0.01707	0.02373	0.01462	0.01999	0.01139	0.00782	0.01195	0.00274	0.13701	0.00856	0.00380	0.01016
106	0.00963	0.00696	0.00916	0.01085	0.01152	0.00649	0.00747	0.01117	0.01522	0.02009	0.04479	0.64114	0.08859	0.02382	0.00991	0.00314	0.00464	0.06187	0.00719	0.00637
107	0.01155	0.00859	0.01069	0.01016	0.01212	0.00824	0.00761	0.01625	0.06953	0.02928	0.52596	0.05740	0.10602	0.05889	0.01094	0.00281	0.00421	0.03415	0.00812	0.00748
108	0.02589	0.01938	0.02079	0.01669	0.02221	0.02150	0.01354	0.42906	0.21564	0.06532	0.02526	0.02419	0.04415	0.01010	0.00786	0.00243	0.00758	0.00791	0.00784	0.01265
109	0.01555	0.04011	0.68733	0.02210	0.03356	0.01801	0.02865	0.02455	0.01637	0.02455	0.01391	0.01637	0.00982	0.00737	0.00737	0.00246	0.01146	0.00573	0.00327	0.01146
110	0.15373	0.01348	0.01694	0.01322	0.01903	0.01235	0.01092	0.03540	0.02076	0.58112	0.02744	0.02420	0.01748	0.00921	0.00732	0.00240	0.00650	0.00722	0.00883	0.01243
111	0.01347	0.00673	0.01010	0.01010	0.01010	0.00673	0.00673	0.01010	0.01010	0.01347	0.01347	0.02357	0.01347	0.02694	0.03030	0.77441	0.00673	0.00673	0.00337	0.00337
112	0.01632	0.01705	0.01647	0.07398	0.02062	0.20108	0.04985	0.01929	0.04007	0.02044	0.02962	0.37549	0.03270	0.01668	0.00882	0.00274	0.00831	0.03691	0.00581	0.00774
113	0.01464	0.01378	0.02326	0.70887	0.05340	0.01723	0.02153	0.01981	0.01550	0.01981	0.01378	0.02067	0.01034	0.00775	0.00775	0.00258	0.01034	0.00689	0.00345	0.00861
114	0.00962	0.00729	0.00890	0.00989	0.01120	0.00657	0.00698	0.01148	0.01657	0.02145	0.11976	0.43048	0.24729	0.02187	0.00962	0.00292	0.00432	0.03994	0.00734	0.00651
115	0.01903	0.44747	0.21515	0.01635	0.02393	0.04980	0.03854	0.02347	0.01616	0.02057	0.01263	0.01495	0.01059	0.00848	0.02619	0.00224	0.00973	0.00501	0.02955	0.01016
116	0.06351	0.01534	0.02312	0.51893	0.09116	0.01832	0.01991	0.11272	0.01857	0.02535	0.01436	0.01978	0.01077	0.00789	0.00757	0.00252	0.00973	0.00674	0.00418	0.00953
117	0.01007	0.00701	0.00881	0.01000	0.01030	0.00671	0.00635	0.01096	0.01363	0.01818	0.03652	0.49438	0.04344	0.26306	0.01994	0.00463	0.00552	0.01839	0.00635	0.00575
118	0.01801	0.04145	0.04200	0.01444	0.02138	0.01388	0.06177	0.09212	0.04053	0.02785	0.01498	0.01706	0.01200	0.00645	0.00634	0.00151	0.00693	0.00539	0.00492	0.55099
119	0.01177	0.00850	0.01160	0.01318	0.01483	0.00833	0.01110	0.01491	0.01754	0.02282	0.06518	0.17658	0.09092	0.02152	0.01043	0.00340	0.00642	0.47679	0.00720	0.00698
120	0.06237	0.01753	0.06339	0.01485	0.02115	0.01575	0.01279	0.16406	0.11603	0.24163	0.02260	0.02161	0.01580	0.00860	0.00720	0.00216	0.00706	0.00678	0.00726	0.17137
121	0.02324	0.01774	0.01958	0.06806	0.02327	0.01970	0.01328	0.33584	0.20458	0.03879	0.02230	0.02261	0.01650	0.00932	0.00744	0.00231	0.00733	0.00737	0.09074	0.05001
122	0.00945	0.00675	0.00900	0.01080	0.01125	0.00630	0.00720	0.01080	0.01484	0.01979	0.04274	0.72245	0.05128	0.02429	0.00990	0.00315	0.00450	0.02204	0.00720	0.00630
123	0.02988	0.02107	0.02287	0.01753	0.02372	0.02309	0.01448	0.60673	0.03538	0.09695	0.01952	0.01920	0.01364	0.00933	0.00776	0.00233	0.00839	0.00704	0.00790	0.01319
124	0.01844	0.01750	0.02970	0.09560	0.59174	0.01776	0.02294	0.02303	0.01750	0.02478	0.01612	0.02343	0.01409	0.00785	0.00787	0.00240	0.00917	0.04437	0.00401	0.01169
125	0.01120	0.00748	0.00848	0.00855	0.00857	0.00747	0.00480	0.01126	0.01142	0.01523	0.02520	0.07886	0.02916	0.69807	0.03823	0.00733	0.00739	0.01173	0.00480	0.00477
126	0.03307	0.01596	0.01970	0.01511	0.02117	0.01550	0.01248	0.23734	0.02682	0.47843	0.02671	0.02387	0.01725	0.00950	0.00778	0.00238	0.00722	0.00753	0.00900	0.01319
127	0.01285	0.01383	0.06209	0.01125	0.01435	0.09073	0.00935	0.01612	0.02004	0.02560	0.33718	0.05532	0.27109	0.01558	0.00876	0.00245	0.00558	0.01313	0.00713	0.00756
128	0.01415	0.00777	0.00858	0.06042	0.01254	0.00796	0.00673	0.01783	0.01647	0.02803	0.05089	0.03096	0.04384	0.00956	0.00587	0.00192	0.00413	0.00777	0.65727	0.00731
129	0.00945	0.00675	0.00900	0.01080	0.01125	0.00630	0.00720	0.01080	0.01484	0.01979	0.04274	0.72245	0.05128	0.02429	0.00990	0.00315	0.00450	0.02204	0.00720	0.00630
130	0.02694	0.02346	0.02159	0.01839	0.04351	0.18009	0.01421	0.36245	0.09079	0.06005	0.06471	0.02155	0.01782	0.00951	0.00769	0.00229	0.00920	0.00720	0.00688	0.01167
131	0.01958	0.61289	0.10952	0.01418	0.02103	0.02803	0.01473	0.02280	0.01562	0.01892	0.01173	0.01396	0.01051	0.00983	0.04704	0.00240	0.00939	0.00457	0.00336	0.00993
132	0.01642	0.01746	0.03533	0.02668	0.03212	0.01727	0.43642	0.02145	0.01709	0.02333	0.02109	0.12265	0.01998	0.01108	0.01116	0.00286	0.08713	0.06651	0.00460	0.00937
133	0.10578	0.01510	0.02175	0.01964	0.05923	0.01856	0.08108	0.01844	0.01318	0.02114	0.01552	0.07105	0.01585	0.12090	0.02127	0.00374	0.35700	0.00848	0.00410	0.00818
134	0.01082	0.00887	0.00991	0.01144	0.01214	0.05481	0.00774	0.01221	0.01535	0.01974	0.04057	0.67264	0.04838	0.02315	0.00969	0.00307	0.00517	0.02084	0.00697	0.00649
135	0.01878	0.07402	0.03715	0.07492	0.03436	0.05459	0.38109	0.04978	0.01768	0.02352	0.01444	0.01953	0.01151	0.00963	0.03412	0.00295	0.12018	0.00792	0.00393	0.00991
136	0.01970	0.01910	0.02257	0.02040	0.06059	0.11822	0.05231	0.09634	0.01759	0.02417	0.01509	0.04271	0.01345	0.01281	0.03848	0.00308	0.32177	0.00731	0.08511	0.00920
137	0.02947	0.02172	0.02327	0.01784	0.02404	0.02404	0.01474	0.65329	0.03646	0.04887	0.01862	0.01862	0.01319	0.00931	0.00776	0.00233	0.00853	0.00698	0.00776	0.01319
138	0.01615	0.01398	0.01692	0.08350	0.02210	0.01166	0.01067	0.02105	0.06088	0.02520	0.01501	0.01744	0.01221	0.00628	0.00610	0.00140	0.00624	0.00512	0.00470	0.64339
139	0.00964	0.00695	0.00920	0.01082	0.01146	0.00642	0.00726	0.01105	0.01488	0.01995	0.04188	0.70169	0.05011	0.02375	0.00977	0.00309	0.00453	0.02153	0.00712	0.02888
140	0.01241	0.00883	0.01221	0.01387	0.01553	0.00883	0.01195	0.01573	0.01739	0.02263	0.03988	0.08488	0.04347	0.07105	0.01273	0.00385	0.00717	0.58367	0.00697	0.00697
141	0.78228	0.01499	0.01140	0.01020	0.01499	0.01739	0.00840	0.02279	0.01320	0.03479	0.01080	0.01260	0.00840	0.00720	0.00480	0.00240	0.00600	0.00420	0.00480	0.00840
142	0.01730	0.01964	0.06688	0.08490	0.03301	0.02102	0.30624	0.02186	0.01533	0.02186	0.01318	0.01905	0.01090	0.00956	0.01562	0.00292	0.29974	0.00782	0.00363	0.00954
143	0.00916	0.00785	0.00785	0.00785	0.01047	0.00655	0.00589	0.01113	0.01767	0.02095	0.07855	0.07462	0.67599	0.01964	0.00916	0.00262	0.00393	0.01636	0.00720	0.00655
144	0.02206	0.01604	0.01762	0.01542	0.02010	0.01787	0.01212	0.04059	0.54987	0.14933	0.03138	0.02847	0.02287	0.01035	0.00787	0.00259	0.00622	0.00859	0.00820	0.01244
145	0.02409	0.07928	0.18304	0.02026	0.02727	0.14202	0.07269	0.27389	0.02527	0.03255	0.01523	0.01696	0.01137	0.00833	0.00805	0.00231	0.03444	0.00631	0.00524	0.01141
146	0.00917	0.00782	0.00789	0.00796	0.01050	0.00654	0.00594	0.01112	0.01758	0.02091	0.07732	0.09683	0.65458	0.01980	0.00919	0.00264	0.00395	0.01656	0.00720	0.00654
147	0.01034	0.00748	0.00979	0.01028	0.01157	0.00693	0.00741	0.01299	0.01873	0.02581	0.37147	0.33238	0.08414	0.01965	0.00951	0.00278	0.00414	0.03984	0.00789	0.00686
148	0.02487	0.40557	0.03210	0.01570	0.02165	0.17226	0.01388	0.15864	0.02171	0.04927	0.01342	0.01459	0.01098	0.00760	0.00610	0.00190	0.00951	0.00506	0.00463	0.01055
149	0.01828	0.02130	0.06341	0.03342	0.08521	0.01948	0.58879	0.02476	0.01820	0.02486	0.01556	0.02066	0.01174	0.00659	0.00899	0.00259	0.01275	0.00889	0.00390	0.01061
150	0.01780	0.01690	0.02892	0.25494	0.38895	0.01799	0.06658	0.04422	0.01768	0.02428	0.01547	0.02214	0.01278	0.00774	0.00791	0.00246	0.00975	0.02867	0.00397	0.01084
151	0.00945	0.00675	0.00900	0.01080	0.01125	0.00630	0.00720	0.01080	0.01484	0.01979	0.04274	0.72245	0.05128	0.02429	0.00990	0.00315	0.00450	0.02204	0.00720	0.00630
152	0.02389	0.24988	0.05547	0.01561	0.02202	0.02380	0.01397	0.33242	0.02597	0.03438	0.01630	0.04294	0.01327	0.00856	0.00671	0.00202	0.00813	0.00633	0.00578	0.09254
153	0.02703	0.02033	0.02179	0.01724	0.02294	0.02262	0.01405	0.52495	0.14543	0.04502	0.02168	0.04400	0.01629	0.01002	0.00785	0.00241	0.00798	0.00780	0.00776	0.01280
154	0.00941	0.00789	0.00820	0.00819	0.01071	0.00667	0.00618	0.01157	0.01807	0.02193	0.13252	0.07340	0.60504	0.01933	0.00920	0.00263	0.00398	0.03112	0.00732	0.00663
155	0.01941	0.33057	0.20720	0.01986	0.05852	0.07033	0.07279	0.02537	0.06217	0.02189	0.01374	0.01596	0.01116	0.00744	0.00715	0.00213	0.03439	0.00561	0.00375	0.01055
156	0.02061	0.45963	0.17071	0.01635	0.02330	0.11883	0.01685	0.02433	0.01654	0.01967	0.01156	0.01368	0.00994	0.00731	0.00673	0.00195	0.04382	0.00472	0.00340	0.01006
157	0.05544	0.01294	0.01637	0.01295	0.01826	0.01173	0.01058	0.08160	0.02232	0.48706	0.05873	0.03376	0.12060	0.01124	0.00795	0.00243	0.00622	0.00913	0.00888	0.01181
158	0.01622	0.01604	0.02405	0.58483	0.11924	0.06873	0.02128	0.02109	0.01623	0.02035	0.01373	0.02000	0.01052	0.00768	0.00769	0.00251	0.01049	0.00675	0.00353	0.00904
159	0.01192	0.00865	0.01035	0.00970	0.01211	0.00797	0.00735	0.01613	0.05951	0.05553	0.42572	0.05997	0.25320	0.01643	0.00902	0.00250	0.00401	0.01416	0.00813	0.00763
160	0.00945	0.00675	0.00900	0.01080	0.01125	0.00630	0.00720	0.01080	0.01484	0.01979	0.04274	0.72245	0.05128	0.02429	0.00990	0.00315	0.00450	0.02204	0.00720	0.00630
161	0.02111	0.01718	0.01828	0.01597	0.02064	0.01962	0.01256	0.11874	0.56316	0.05704	0.02988	0.02753	0.02218	0.01033	0.00787	0.00258	0.00646	0.00851	0.00793	0.01242
162	0.02388	0.01719	0.01791	0.01484	0.01987	0.06856	0.01180	0.15554	0.22206	0.17011	0.05327	0.02900	0.07521	0.01044	0.00774	0.00234	0.00700	0.00839	0.00760	0.07724
163	0.00951	0.00678	0.00898	0.01071	0.01114	0.00634	0.00711	0.01081	0.01471	0.01962	0.04206	0.69785	0.05044	0.05004	0.01098	0.00331	0.00461	0.02165	0.00711	0.00624
164	0.01239	0.00885	0.01237	0.01416	0.01590	0.00883	0.01231	0.01588	0.01775	0.02309	0.04111	0.10923	0.04485	0.02152	0.01068	0.00356	0.00705	0.60622	0.00714	0.00711
165	0.01188	0.01022	0.01053	0.01019	0.01288	0.03449	0.00781	0.01703	0.10663	0.02482	0.19962	0.06322	0.39073	0.01723	0.00900	0.00261	0.00474	0.05128	0.00747	0.00762
166	0.08892	0.01930	0.02054	0.04009	0.02268	0.02142	0.01343	0.50993	0.03161	0.04451	0.01854	0.01932	0.01343	0.00905	0.00726	0.00228	0.00785	0.00678	0.09108	0.01198
167	0.01131	0.00880	0.01042	0.01006	0.01238	0.00833	0.00772	0.01617	0.08131	0.02750	0.38277	0.06250	0.25379	0.01693	0.00914	0.00259	0.00423	0.05858	0.00796	0.00753
168	0.02790	0.02054	0.02219	0.01723	0.02297	0.02273	0.01412	0.59826	0.03435	0.04610	0.01894	0.02039	0.01405	0.03863	0.04227	0.00301	0.00909	0.00721	0.00747	0.01256
169	0.02454	0.01894	0.01917	0.01551	0.02049	0.09229	0.01232	0.29691	0.07590	0.09921	0.04469	0.02383	0.01772	0.06256	0.05137	0.00317	0.00892	0.00735	0.00677	0.09835
170	0.00945	0.00675	0.00900	0.01080	0.01125	0.00630	0.00720	0.01080	0.01484	0.01979	0.04274	0.72245	0.05128	0.02429	0.00990	0.00315	0.00450	0.02204	0.00720	0.00630
171	0.01370	0.00854	0.01116	0.01015	0.01250	0.00776	0.00774	0.01721	0.02180	0.10756	0.57424	0.05491	0.09204	0.01527	0.00899	0.00244	0.00402	0.01339	0.00860	0.00798
172	0.02947	0.02172	0.02327	0.01784	0.02404	0.02404	0.01474	0.65329	0.03646	0.04887	0.01862	0.01862	0.01319	0.00931	0.00776	0.00233	0.00853	0.00698	0.00776	0.01319
173	0.01679	0.01365	0.01601	0.01167	0.01826	0.01058	0.00932	0.02087	0.03896	0.05331	0.03814	0.01841	0.01438	0.00642	0.00602	0.00130	0.00572	0.00520	0.00505	0.68993
174	0.01645	0.01603	0.02763	0.43268	0.06538	0.01877	0.13943	0.04469	0.03862	0.02230	0.01454	0.02046	0.01121	0.00831	0.01002	0.00266	0.09024	0.00737	0.00385	0.00936
175	0.00945	0.00675	0.00900	0.01080	0.01125	0.00630	0.00720	0.01080	0.01484	0.01979	0.04274	0.72245	0.05128	0.02429	0.00990	0.00315	0.00450	0.02204	0.00720	0.00630
176	0.01463	0.01329	0.02204	0.65580	0.05005	0.01647	0.02031	0.01968	0.01556	0.02050	0.01465	0.02129	0.01106	0.00785	0.00758	0.00253	0.00983	0.00692	0.06147	0.00851
177	0.02073	0.73217	0.04063	0.01327	0.01990	0.03068	0.01327	0.02322	0.01575	0.01824	0.01078	0.01244	0.00995	0.00663	0.00498	0.00166	0.00829	0.00415	0.00332	0.00995
178	0.03269	0.01396	0.01933	0.04536	0.06328	0.01270	0.01277	0.06591	0.02231	0.58397	0.02829	0.02532	0.01809	0.00933	0.00779	0.00240	0.00701	0.00766	0.00888	0.01294
179	0.00943	0.00680	0.00894	0.01065	0.01121	0.00631	0.00713	0.01081	0.01498	0.01985	0.04447	0.69112	0.08149	0.02407	0.00986	0.00312	0.00447	0.02177	0.00720	0.00631
180	0.00925	0.00780	0.00792	0.00798	0.01042	0.00657	0.00589	0.01112	0.01734	0.02068	0.07530	0.09567	0.63051	0.04637	0.01033	0.00282	0.00408	0.01637	0.00711	0.00647
181	0.02256	0.10471	0.14943	0.02105	0.08142	0.10417	0.04915	0.22224	0.06955	0.03180	0.05614	0.02021	0.01602	0.00862	0.00744	0.00228	0.00954	0.00684	0.00549	0.01135
182	0.01621	0.01538	0.02608	0.48134	0.26870	0.01764	0.02231	0.02118	0.01624	0.02171	0.01406	0.02016	0.01101	0.00746	0.00773	0.00249	0.00995	0.00690	0.00358	0.00988
183	0.03037	0.01252	0.01676	0.01338	0.01867	0.01109	0.01098	0.03413	0.04616	0.55370	0.08097	0.03366	0.04871	0.01106	0.00810	0.00248	0.00629	0.03956	0.00924	0.01218
184	0.04721	0.55975	0.10746	0.01620	0.06102	0.02731	0.01530	0.02399	0.01612	0.04781	0.01218	0.01386	0.01041	0.00687	0.00551	0.00184	0.00854	0.00464	0.00366	0.01033
185	0.01731	0.08945	0.04538	0.01645	0.01986	0.01647	0.09752	0.04312	0.04824	0.07364	0.09742	0.09268	0.02527	0.07453	0.01417	0.00304	0.14881	0.00966	0.05803	0.00895
186	0.00950	0.00679	0.00904	0.01076	0.01126	0.00633	0.00720	0.01093	0.01509	0.02018	0.06430	0.69978	0.05203	0.02400	0.00987	0.00312	0.00447	0.02177	0.00724	0.00633
187	0.00943	0.00683	0.00892	0.01059	0.01119	0.00632	0.00711	0.01082	0.01504	0.01987	0.04525	0.67691	0.09520	0.02396	0.00985	0.00311	0.00446	0.02164	0.00720	0.00632
188	0.09410	0.56886	0.03531	0.01366	0.01960	0.05142	0.01302	0.02372	0.01573	0.04489	0.01153	0.01331	0.01016	0.00727	0.00638	0.00187	0.05118	0.00448	0.00372	0.00980
189	0.02097	0.01892	0.02017	0.01888	0.06850	0.09522	0.04400	0.08189	0.39712	0.05518	0.02964	0.02848	0.06562	0.01030	0.00791	0.00250	0.00763	0.00859	0.00697	0.01151
190	0.01452	0.01179	0.01391	0.01387	0.01652	0.05796	0.03261	0.01926	0.06991	0.04901	0.11223	0.06782	0.14381	0.01777	0.00964	0.00303	0.00682	0.32445	0.00712	0.00794
191	0.13834	0.45206	0.05681	0.01453	0.02052	0.16658	0.01346	0.02481	0.01668	0.02116	0.01115	0.01293	0.00972	0.00703	0.00546	0.00187	0.00925	0.00439	0.00368	0.00957
192	0.01657	0.01382	0.01622	0.03579	0.01913	0.01221	0.01011	0.04372	0.08320	0.02682	0.03947	0.02003	0.01544	0.00734	0.00703	0.00158	0.03557	0.00579	0.05893	0.53122
193	0.02042	0.01482	0.01748	0.01452	0.01841	0.01556	0.03501	0.31374	0.02621	0.05799	0.12241	0.15212	0.06316	0.07807	0.01131	0.00298	0.00691	0.01158	0.00739	0.00994
194	0.01941	0.11450	0.05163	0.05209	0.04519	0.17956	0.03066	0.04304	0.01657	0.02029	0.01544	0.07281	0.01486	0.04152	0.06529	0.00349	0.19319	0.00751	0.00410	0.00883
195	0.01161	0.00830	0.01106	0.01092	0.01173	0.00929	0.00779	0.01330	0.01220	0.01753	0.02202	0.03770	0.02246	0.31407	0.37071	0.00951	0.04368	0.00933	0.05064	0.00614
196	0.02733	0.03234	0.02194	0.07267	0.02602	0.53239	0.01530	0.09612	0.06186	0.02299	0.01400	0.01589	0.01118	0.00826	0.00718	0.00212	0.01265	0.00558	0.00458	0.00960
197	0.02408	0.07654	0.02080	0.01694	0.02127	0.35661	0.01317	0.09872	0.14888	0.02511	0.02475	0.02486	0.09581	0.00998	0.00738	0.00221	0.01019	0.00731	0.00553	0.00986
198	0.01757	0.01354	0.01599	0.01188	0.01818	0.01069	0.00944	0.04690	0.01731	0.07616	0.01746	0.07040	0.01515	0.00759	0.00630	0.00144	0.00583	0.00626	0.00531	0.62661
199	0.01391	0.01291	0.02123	0.61367	0.04761	0.01576	0.01948	0.01861	0.01563	0.01990	0.02043	0.06716	0.06316	0.00965	0.00799	0.00262	0.00950	0.00852	0.00396	0.00832
200	0.01492	0.01432	0.02496	0.65772	0.05243	0.01741	0.06914	0.02019	0.01572	0.02019	0.01393	0.02069	0.01044	0.00766	0.00786	0.00259	0.01054	0.00706	0.00348	0.00875
201	0.01071	0.00803	0.01002	0.01004	0.01201	0.00734	0.00779	0.01384	0.01995	0.02683	0.39825	0.09012	0.22151	0.01801	0.00943	0.00269	0.00432	0.11414	0.00792	0.00706
202	0.01062	0.00772	0.01000	0.00984	0.01147	0.00710	0.00722	0.01379	0.02050	0.02862	0.53523	0.17436	0.09948	0.01751	0.00928	0.00257	0.00382	0.01553	0.00824	0.00710
203	0.01867	0.02134	0.04261	0.08306	0.04050	0.06032	0.56494	0.02483	0.01831	0.02410	0.01532	0.02048	0.01155	0.00672	0.00891	0.00257	0.01292	0.00873	0.00389	0.01023
204	0.01128	0.00752	0.00846	0.00846	0.00846	0.00752	0.00470	0.01128	0.01128	0.01503	0.02443	0.05074	0.02819	0.72751	0.03946	0.00752	0.00752	0.01128	0.00470	0.00470
205	0.00981	0.00703	0.00926	0.01090	0.01154	0.00662	0.00753	0.01133	0.01506	0.01993	0.04303	0.60519	0.07298	0.05785	0.01138	0.00338	0.00487	0.07890	0.00707	0.00631
206	0.01500	0.01420	0.02368	0.63529	0.08166	0.01768	0.02137	0.01993	0.01539	0.02001	0.01360	0.02038	0.01042	0.00806	0.00882	0.00262	0.05276	0.00689	0.00346	0.00878
207	0.02788	0.03174	0.02223	0.01951	0.02344	0.50179	0.01505	0.11946	0.02293	0.04490	0.01334	0.01539	0.01077	0.00886	0.00920	0.00221	0.09139	0.00557	0.00465	0.00967
208	0.01192	0.00986	0.01237	0.01143	0.01419	0.00931	0.04646	0.04595	0.06663	0.02493	0.15716	0.15770	0.34142	0.01782	0.00917	0.00269	0.00504	0.04104	0.00729	0.00764
209	0.01855	0.01807	0.03115	0.10426	0.52785	0.01880	0.06716	0.02312	0.01707	0.02429	0.01426	0.01928	0.01191	0.00746	0.00913	0.00243	0.06284	0.00706	0.00377	0.01153
210	0.01298	0.01051	0.01567	0.03837	0.01693	0.01275	0.03510	0.01586	0.01310	0.01966	0.01881	0.02700	0.01707	0.04043	0.44111	0.00882	0.15099	0.00788	0.08953	0.00745
211	0.01773	0.01368	0.01443	0.01247	0.01603	0.03560	0.00977	0.21590	0.07072	0.03344	0.19253	0.07157	0.17839	0.01384	0.00830	0.00242	0.00579	0.01149	0.06657	0.00934
212	0.01594	0.10822	0.02304	0.01739	0.01862	0.02103	0.01460	0.01801	0.01253	0.01843	0.01299	0.01985	0.01252	0.02416	0.19596	0.00551	0.44249	0.00683	0.00358	0.00827
213	0.01458	0.01340	0.02181	0.53331	0.07553	0.01639	0.01930	0.01872	0.01516	0.01969	0.01808	0.02429	0.05740	0.01015	0.01055	0.04927	0.06279	0.00754	0.00372	0.00832
214	0.01608	0.01378	0.01608	0.01148	0.01837	0.01034	0.00919	0.01952	0.01608	0.02527	0.01378	0.01608	0.01148	0.00574	0.00574	0.00115	0.00574	0.00459	0.00459	0.77491
215	0.00964	0.00698	0.00916	0.01082	0.01153	0.00650	0.00747	0.01119	0.01527	0.02012	0.04529	0.62949	0.09741	0.02374	0.00990	0.00314	0.00464	0.06414	0.00719	0.00638
216	0.00971	0.00695	0.00928	0.01089	0.01151	0.00651	0.00747	0.01135	0.01553	0.02082	0.09048	0.64045	0.05260	0.02351	0.00988	0.00312	0.00457	0.05167	0.00730	0.00642
217	0.01615	0.12016	0.61253	0.02108	0.03198	0.01947	0.02687	0.02440	0.01630	0.02382	0.01355	0.01592	0.00984	0.00728	0.00709	0.00236	0.01109	0.00555	0.00328	0.01128
218	0.01906	0.01818	0.03039	0.06491	0.62112	0.01844	0.02303	0.02473	0.05671	0.02560	0.01559	0.01982	0.01291	0.00715	0.00769	0.00233	0.00906	0.00702	0.00407	0.01217
219	0.01445	0.00723	0.00723	0.00723	0.00903	0.00723	0.00542	0.01807	0.01626	0.02891	0.02529	0.02891	0.01987	0.00903	0.00542	0.00181	0.00361	0.00723	0.77055	0.00723
220	0.02870	0.06075	0.02268	0.01965	0.02383	0.64484	0.01491	0.05674	0.02236	0.02020	0.01222	0.01412	0.01012	0.00800	0.00695	0.00200	0.01355	0.00505	0.00413	0.00920
221	0.01754	0.02270	0.15731	0.14703	0.19627	0.04497	0.13399	0.02283	0.01632	0.02276	0.01365	0.01862	0.01093	0.00827	0.01093	0.00261	0.13226	0.00698	0.00361	0.01039
222	0.01031	0.00888	0.00906	0.00932	0.01167	0.03036	0.00711	0.01248	0.01778	0.02146	0.09407	0.12894	0.50339	0.01968	0.00933	0.00274	0.00467	0.08491	0.00714	0.00671
223	0.01013	0.00717	0.00866	0.00955	0.01007	0.00680	0.00608	0.01102	0.01378	0.01807	0.03967	0.38745	0.11316	0.29753	0.02132	0.00479	0.00561	0.01721	0.00622	0.00570
224	0.00997	0.00731	0.00992	0.04028	0.01349	0.00704	0.00831	0.01174	0.01529	0.02019	0.04261	0.60373	0.07083	0.02313	0.00987	0.00315	0.00500	0.08463	0.00703	0.00649
