[name]
unknown

[dist]
# distance from previous block
# <min> <max>
0	114

[block]
# block no. 0 follows, 21 sequences, length 106
# corresponding to MSA columns:
# 114-219
name=unknown_A
#
# <colnr> <probs for GDERKNQSTAVLIFYWHMCP>
#	G	D	E	R	K	N	Q	S	T	A	V	L	I	F	Y	W	H	M	C	P
0	0.01737	0.01283	0.01610	0.01766	0.04444	0.04441	0.01442	0.05396	0.02123	0.06293	0.04023	0.08079	0.04208	0.02063	0.01105	0.00362	0.00836	0.47125	0.00771	0.00892
1	0.07061	0.02393	0.02338	0.08310	0.02806	0.12918	0.01630	0.37102	0.03167	0.04144	0.02068	0.02696	0.01672	0.01100	0.00851	0.00266	0.01023	0.06516	0.00712	0.01226
2	0.02310	0.02509	0.06348	0.11851	0.26068	0.16847	0.02115	0.08307	0.05957	0.02790	0.01849	0.05825	0.01573	0.00957	0.00840	0.00258	0.01105	0.00809	0.00504	0.01179
3	0.04921	0.09102	0.12047	0.06636	0.02929	0.06732	0.10687	0.05296	0.01831	0.02553	0.04996	0.02222	0.01605	0.01437	0.06138	0.00366	0.18243	0.00771	0.00451	0.01036
4	0.06005	0.06791	0.55854	0.02272	0.03422	0.02037	0.02845	0.02783	0.05297	0.02781	0.01605	0.01835	0.01157	0.00824	0.00785	0.00267	0.01176	0.00631	0.00398	0.01237
5	0.05123	0.36014	0.16501	0.01699	0.02447	0.06220	0.01744	0.08330	0.02037	0.02659	0.05913	0.04459	0.01776	0.00929	0.00695	0.00225	0.00959	0.00678	0.00478	0.01113
6	0.02665	0.01997	0.02174	0.01770	0.02302	0.02212	0.01416	0.41754	0.12232	0.04441	0.02529	0.08312	0.02106	0.05363	0.04389	0.00356	0.00921	0.00972	0.00809	0.01280
7	0.01555	0.01068	0.01286	0.01265	0.01393	0.04604	0.00912	0.03710	0.01545	0.02029	0.05332	0.10885	0.02668	0.06083	0.06007	0.37713	0.00838	0.06536	0.00524	0.04045
8	0.01746	0.11753	0.55468	0.02247	0.03391	0.02075	0.02834	0.02623	0.01820	0.02652	0.04652	0.01977	0.01430	0.00846	0.00788	0.00259	0.01175	0.00655	0.00389	0.01216
9	0.01809	0.05082	0.02921	0.36307	0.28965	0.01957	0.02331	0.02319	0.01809	0.02414	0.01890	0.02458	0.04407	0.00874	0.00840	0.00266	0.01039	0.00795	0.00415	0.01102
10	0.01037	0.00741	0.00987	0.01185	0.01234	0.00691	0.00790	0.01185	0.01629	0.02172	0.04690	0.69537	0.05629	0.02666	0.01086	0.00346	0.00494	0.02419	0.00790	0.00691
11	0.02339	0.65933	0.04316	0.01508	0.02216	0.07812	0.01469	0.02608	0.01777	0.02008	0.01192	0.01377	0.01092	0.00739	0.00562	0.00185	0.00954	0.00462	0.00369	0.01085
12	0.02788	0.02038	0.02211	0.01811	0.02399	0.02263	0.01458	0.30159	0.30637	0.10588	0.02818	0.02641	0.02034	0.01085	0.00858	0.00271	0.00796	0.00864	0.00878	0.01402
13	0.01789	0.12157	0.55431	0.02368	0.03543	0.02150	0.05824	0.02679	0.01799	0.02614	0.01496	0.01770	0.01090	0.00794	0.00787	0.00260	0.01225	0.00627	0.00363	0.01233
14	0.01223	0.00819	0.00932	0.00946	0.00950	0.00816	0.00535	0.01234	0.01265	0.01687	0.02822	0.10060	0.03272	0.65359	0.04104	0.00791	0.00802	0.01321	0.00535	0.00528
15	0.02304	0.61857	0.08085	0.01568	0.02308	0.07726	0.01573	0.02617	0.01781	0.02050	0.01214	0.01404	0.01092	0.00743	0.00578	0.00190	0.00975	0.00472	0.00369	0.01095
16	0.01870	0.01887	0.02745	0.02312	0.02361	0.02581	0.05281	0.02087	0.01344	0.02087	0.01152	0.01887	0.01127	0.01445	0.02691	0.00367	0.64701	0.00760	0.00376	0.00943
17	0.01365	0.01008	0.01257	0.01197	0.01281	0.01144	0.00861	0.01530	0.01416	0.02057	0.02898	0.04432	0.07950	0.30738	0.15053	0.00715	0.11959	0.01081	0.11371	0.00688
18	0.01049	0.00750	0.00998	0.01177	0.01237	0.00699	0.00791	0.01215	0.01684	0.02259	0.08878	0.65102	0.05797	0.02601	0.01080	0.00340	0.00487	0.02357	0.00800	0.00699
19	0.01102	0.00791	0.01046	0.01140	0.01249	0.00735	0.00795	0.01350	0.01934	0.02657	0.28016	0.44829	0.06568	0.02304	0.01054	0.00315	0.00458	0.02075	0.00847	0.00735
20	0.02211	0.63090	0.11409	0.01566	0.02354	0.03209	0.01648	0.02565	0.01737	0.02081	0.01222	0.01414	0.01091	0.00737	0.00576	0.00192	0.00950	0.00475	0.00364	0.01111
21	0.01339	0.00966	0.01327	0.01496	0.01698	0.00954	0.01295	0.01721	0.01983	0.02580	0.08119	0.09331	0.08739	0.02305	0.01155	0.00378	0.00740	0.52301	0.00793	0.00781
22	0.02106	0.02022	0.03454	0.05223	0.64784	0.02022	0.02612	0.02612	0.01938	0.02780	0.01601	0.02106	0.01348	0.00758	0.00842	0.00253	0.01011	0.00758	0.00421	0.01348
23	0.01765	0.01513	0.01765	0.01260	0.02017	0.01134	0.01008	0.02143	0.01765	0.02773	0.01513	0.01765	0.01260	0.00630	0.00630	0.00126	0.00630	0.00504	0.00504	0.75295
24	0.01242	0.00927	0.01320	0.01308	0.01423	0.01068	0.00979	0.01480	0.01339	0.01912	0.02322	0.03746	0.02290	0.19206	0.51811	0.01223	0.04250	0.00972	0.00465	0.00716
25	0.01204	0.00870	0.01138	0.01071	0.01271	0.00803	0.00803	0.01606	0.02409	0.03413	0.64335	0.06357	0.08030	0.01740	0.01004	0.00268	0.00401	0.01539	0.00937	0.00803
26	0.01037	0.00741	0.00987	0.01185	0.01234	0.00691	0.00790	0.01185	0.01629	0.02172	0.04690	0.69537	0.05629	0.02666	0.01086	0.00346	0.00494	0.02419	0.00790	0.00691
27	0.02061	0.01976	0.03373	0.10889	0.59470	0.02010	0.02589	0.02572	0.01916	0.02726	0.01593	0.02121	0.01329	0.00767	0.00843	0.00256	0.01022	0.00758	0.00417	0.01312
28	0.01614	0.01548	0.01962	0.01822	0.01866	0.05484	0.01430	0.01787	0.01494	0.02099	0.02526	0.28309	0.02880	0.01915	0.02011	0.00353	0.38134	0.01388	0.00539	0.00840
29	0.01782	0.01528	0.01773	0.01284	0.02026	0.01183	0.01025	0.02260	0.04789	0.02812	0.01609	0.01834	0.01326	0.00656	0.00642	0.00134	0.00632	0.00527	0.00522	0.71657
30	0.02555	0.09274	0.02746	0.02097	0.02491	0.23878	0.04541	0.13373	0.02264	0.02699	0.01734	0.02052	0.04112	0.01122	0.01383	0.00274	0.21126	0.00717	0.00502	0.01059
31	0.02182	0.02156	0.03316	0.04861	0.57742	0.06565	0.02490	0.02749	0.04595	0.02765	0.01660	0.02112	0.01384	0.00784	0.00838	0.00252	0.01033	0.00752	0.00441	0.01323
32	0.02422	0.01879	0.02084	0.01862	0.05312	0.02052	0.01407	0.20435	0.32077	0.07395	0.03325	0.03158	0.07450	0.01156	0.00862	0.00269	0.00745	0.00943	0.00829	0.04337
33	0.05400	0.07984	0.59074	0.02307	0.03499	0.02051	0.02940	0.02677	0.01776	0.02711	0.01491	0.01752	0.01071	0.00803	0.00780	0.00264	0.01209	0.00611	0.00368	0.01232
34	0.01607	0.01513	0.02552	0.68047	0.05861	0.01891	0.02363	0.02174	0.01702	0.02174	0.01513	0.02269	0.01134	0.00851	0.00851	0.00284	0.01134	0.00756	0.00378	0.00945
35	0.02000	0.02271	0.04885	0.03510	0.04322	0.02178	0.58307	0.02688	0.01969	0.02688	0.01687	0.02271	0.01281	0.00761	0.01106	0.00292	0.05232	0.00990	0.00427	0.01136
36	0.01678	0.01642	0.02877	0.47481	0.05021	0.01971	0.11283	0.02212	0.01687	0.02234	0.01537	0.02280	0.01205	0.01175	0.04336	0.00348	0.08878	0.00800	0.00389	0.00965
37	0.01586	0.00793	0.00793	0.00793	0.00991	0.00793	0.00595	0.01983	0.01785	0.03173	0.02776	0.03173	0.02181	0.00991	0.00595	0.00198	0.00397	0.00793	0.74817	0.00793
38	0.03818	0.01448	0.01975	0.01514	0.02172	0.01251	0.01251	0.04147	0.02436	0.65373	0.03357	0.02897	0.02107	0.01053	0.00856	0.00263	0.00724	0.00856	0.01053	0.01448
39	0.01164	0.00930	0.01192	0.01219	0.01412	0.00876	0.03096	0.01553	0.06647	0.02446	0.10769	0.39183	0.21818	0.02251	0.01036	0.00316	0.00518	0.02001	0.00795	0.00777
40	0.01478	0.00739	0.01109	0.01109	0.01109	0.00739	0.00739	0.01109	0.01109	0.01478	0.01478	0.02587	0.01478	0.02956	0.03326	0.75240	0.00739	0.00739	0.00370	0.00370
41	0.01006	0.00862	0.00862	0.00862	0.01149	0.00718	0.00647	0.01221	0.01940	0.02299	0.08621	0.08190	0.64438	0.02155	0.01006	0.00287	0.00431	0.01796	0.00790	0.00718
42	0.02106	0.02022	0.03454	0.05223	0.64784	0.02022	0.02612	0.02612	0.01938	0.02780	0.01601	0.02106	0.01348	0.00758	0.00842	0.00253	0.01011	0.00758	0.00421	0.01348
43	0.02106	0.02022	0.03454	0.05223	0.64784	0.02022	0.02612	0.02612	0.01938	0.02780	0.01601	0.02106	0.01348	0.00758	0.00842	0.00253	0.01011	0.00758	0.00421	0.01348
44	0.01037	0.00741	0.00987	0.01185	0.01234	0.00691	0.00790	0.01185	0.01629	0.02172	0.04690	0.69537	0.05629	0.02666	0.01086	0.00346	0.00494	0.02419	0.00790	0.00691
45	0.01586	0.00793	0.00793	0.00793	0.00991	0.00793	0.00595	0.01983	0.01785	0.03173	0.02776	0.03173	0.02181	0.00991	0.00595	0.00198	0.00397	0.00793	0.74817	0.00793
46	0.02275	0.70604	0.04459	0.01456	0.02184	0.03367	0.01456	0.02548	0.01729	0.02002	0.01183	0.01365	0.01092	0.00728	0.00546	0.00182	0.00910	0.00455	0.00364	0.01092
47	0.01765	0.01513	0.01765	0.01260	0.02017	0.01134	0.01008	0.02143	0.01765	0.02773	0.01513	0.01765	0.01260	0.00630	0.00630	0.00126	0.00630	0.00504	0.00504	0.75295
48	0.09979	0.05304	0.01854	0.01407	0.01924	0.01447	0.01144	0.05759	0.07094	0.33256	0.14419	0.07035	0.03246	0.01234	0.00847	0.00266	0.00660	0.01014	0.00903	0.01206
49	0.05948	0.01697	0.01943	0.01616	0.02158	0.01784	0.01292	0.15113	0.22986	0.23896	0.06067	0.06669	0.02576	0.01193	0.00864	0.00275	0.00717	0.00978	0.00909	0.01318
50	0.01906	0.01163	0.01217	0.01078	0.01391	0.01209	0.00842	0.15542	0.02333	0.03635	0.06467	0.03380	0.05846	0.01107	0.00700	0.00220	0.00521	0.00886	0.49619	0.00938
51	0.67436	0.01626	0.01323	0.01150	0.01698	0.01824	0.00946	0.02573	0.01524	0.07238	0.01328	0.01492	0.01010	0.00795	0.00552	0.00255	0.00660	0.00486	0.00555	0.05530
52	0.03120	0.02173	0.02394	0.01855	0.02515	0.02335	0.01534	0.49865	0.03619	0.11090	0.02264	0.02478	0.01669	0.01067	0.00855	0.00255	0.00890	0.03577	0.00849	0.05595
53	0.66810	0.01740	0.01417	0.01226	0.01772	0.02002	0.01010	0.10083	0.01774	0.04015	0.01294	0.01467	0.00989	0.00820	0.00568	0.00262	0.00694	0.00500	0.00568	0.00989
54	0.01139	0.00850	0.01079	0.01201	0.01325	0.00799	0.00826	0.01438	0.05143	0.02338	0.07211	0.57182	0.07868	0.02421	0.01045	0.00326	0.00504	0.02180	0.00787	0.04339
55	0.01939	0.01299	0.01528	0.01446	0.01814	0.01334	0.01143	0.02951	0.23088	0.13536	0.04645	0.14477	0.13402	0.01730	0.00974	0.00311	0.00637	0.11818	0.00860	0.01067
56	0.54706	0.10070	0.01799	0.01253	0.01828	0.02054	0.01064	0.06091	0.01741	0.10698	0.01481	0.01591	0.01107	0.00826	0.00585	0.00253	0.00712	0.00523	0.00585	0.01032
57	0.01636	0.01556	0.02627	0.55029	0.07681	0.01902	0.04835	0.02161	0.01693	0.02213	0.01645	0.05354	0.01357	0.00970	0.01004	0.00292	0.05844	0.00843	0.00401	0.00957
58	0.02083	0.02158	0.07010	0.05064	0.61292	0.02019	0.02642	0.02616	0.01930	0.02775	0.01597	0.02089	0.01333	0.00761	0.00841	0.00254	0.01025	0.00751	0.00418	0.01343
59	0.03179	0.04056	0.02412	0.02192	0.02631	0.66676	0.01644	0.03398	0.02412	0.02083	0.01315	0.01535	0.01096	0.00877	0.00767	0.00219	0.01535	0.00548	0.00438	0.00987
60	0.01607	0.01513	0.02552	0.68047	0.05861	0.01891	0.02363	0.02174	0.01702	0.02174	0.01513	0.02269	0.01134	0.00851	0.00851	0.00284	0.01134	0.00756	0.00378	0.00945
61	0.03179	0.04056	0.02412	0.02192	0.02631	0.66676	0.01644	0.03398	0.02412	0.02083	0.01315	0.01535	0.01096	0.00877	0.00767	0.00219	0.01535	0.00548	0.00438	0.00987
62	0.01643	0.01052	0.01430	0.01570	0.05198	0.01008	0.01153	0.02040	0.04629	0.11123	0.10819	0.24681	0.08424	0.02044	0.01045	0.00329	0.00638	0.19446	0.00822	0.00902
63	0.01298	0.01033	0.01526	0.01478	0.01611	0.01261	0.01166	0.01587	0.01359	0.01985	0.02131	0.03154	0.01999	0.05758	0.58567	0.01241	0.10730	0.00890	0.00445	0.00782
64	0.03609	0.01580	0.02032	0.01580	0.02225	0.01473	0.01298	0.10287	0.07885	0.53662	0.03228	0.02831	0.02080	0.01059	0.00856	0.00265	0.00742	0.00856	0.01016	0.01439
65	0.01655	0.01568	0.02607	0.59488	0.08893	0.01953	0.02339	0.02189	0.01684	0.02199	0.01487	0.02229	0.01145	0.00894	0.00999	0.00289	0.06280	0.00756	0.00380	0.00967
66	0.01037	0.00741	0.00987	0.01185	0.01234	0.00691	0.00790	0.01185	0.01629	0.02172	0.04690	0.69537	0.05629	0.02666	0.01086	0.00346	0.00494	0.02419	0.00790	0.00691
67	0.01037	0.00741	0.00987	0.01185	0.01234	0.00691	0.00790	0.01185	0.01629	0.02172	0.04690	0.69537	0.05629	0.02666	0.01086	0.00346	0.00494	0.02419	0.00790	0.00691
68	0.01037	0.00741	0.00987	0.01185	0.01234	0.00691	0.00790	0.01185	0.01629	0.02172	0.04690	0.69537	0.05629	0.02666	0.01086	0.00346	0.00494	0.02419	0.00790	0.00691
69	0.01908	0.01898	0.02616	0.05970	0.02558	0.05961	0.06944	0.04715	0.01669	0.02378	0.06925	0.02377	0.01806	0.01565	0.04936	0.00380	0.43147	0.00836	0.00456	0.00957
70	0.01371	0.00980	0.01371	0.01567	0.01763	0.00980	0.01371	0.01763	0.01959	0.02547	0.04506	0.09599	0.04898	0.02351	0.01175	0.00392	0.00784	0.59056	0.00784	0.00784
71	0.01037	0.00741	0.00987	0.01185	0.01234	0.00691	0.00790	0.01185	0.01629	0.02172	0.04690	0.69537	0.05629	0.02666	0.01086	0.00346	0.00494	0.02419	0.00790	0.00691
72	0.01912	0.01823	0.03103	0.29717	0.41811	0.01971	0.02515	0.02441	0.01846	0.02544	0.01566	0.02170	0.01265	0.00794	0.00846	0.00265	0.01059	0.00757	0.00404	0.01191
73	0.01707	0.01614	0.02732	0.55505	0.17625	0.01917	0.02413	0.02262	0.01749	0.02295	0.01530	0.02236	0.01177	0.00832	0.00849	0.00277	0.01110	0.00757	0.00387	0.01026
74	0.76103	0.01646	0.01251	0.01119	0.01646	0.01909	0.00922	0.02502	0.01448	0.03818	0.01185	0.01382	0.00922	0.00790	0.00527	0.00263	0.00658	0.00461	0.00527	0.00922
75	0.01297	0.00883	0.01138	0.01087	0.01301	0.00805	0.00810	0.01650	0.02282	0.06226	0.49791	0.13468	0.12346	0.01846	0.01006	0.00278	0.00430	0.01627	0.00913	0.00815
76	0.01037	0.00741	0.00987	0.01185	0.01234	0.00691	0.00790	0.01185	0.01629	0.02172	0.04690	0.69537	0.05629	0.02666	0.01086	0.00346	0.00494	0.02419	0.00790	0.00691
77	0.01756	0.10161	0.60357	0.02341	0.03553	0.02097	0.02997	0.02682	0.01791	0.02635	0.01497	0.01759	0.01079	0.00802	0.00786	0.00262	0.01227	0.00614	0.00360	0.01243
78	0.56786	0.01540	0.01352	0.04472	0.01860	0.01759	0.01015	0.02518	0.05321	0.05713	0.01817	0.09342	0.01613	0.01038	0.00639	0.00275	0.00666	0.00743	0.00589	0.00941
79	0.01765	0.01513	0.01765	0.01260	0.02017	0.01134	0.01008	0.02143	0.01765	0.02773	0.01513	0.01765	0.01260	0.00630	0.00630	0.00126	0.00630	0.00504	0.00504	0.75295
80	0.01238	0.00825	0.00928	0.00928	0.00928	0.00825	0.00516	0.01238	0.01238	0.01650	0.02681	0.05569	0.03094	0.70092	0.04331	0.00825	0.00825	0.01238	0.00516	0.00516
81	0.02362	0.01842	0.01901	0.01682	0.02170	0.05195	0.01313	0.04295	0.49456	0.11350	0.03309	0.03057	0.02439	0.01120	0.00847	0.00278	0.00710	0.00920	0.04442	0.01315
82	0.02428	0.01962	0.02287	0.01910	0.02228	0.06178	0.01561	0.19180	0.04374	0.08629	0.05361	0.02403	0.01825	0.01495	0.04705	0.00352	0.27543	0.00810	0.03652	0.01117
83	0.02030	0.01944	0.03316	0.14871	0.55735	0.02002	0.02574	0.02545	0.01901	0.02687	0.01587	0.02131	0.01315	0.00772	0.00844	0.00257	0.01030	0.00758	0.00415	0.01286
84	0.01765	0.01513	0.01765	0.01260	0.02017	0.01134	0.01008	0.02143	0.01765	0.02773	0.01513	0.01765	0.01260	0.00630	0.00630	0.00126	0.00630	0.00504	0.00504	0.75295
85	0.09417	0.07306	0.51706	0.02324	0.03452	0.02052	0.06941	0.02670	0.01772	0.02778	0.01488	0.01767	0.01078	0.00796	0.00780	0.00266	0.01191	0.00629	0.00382	0.01207
86	0.01961	0.01592	0.01880	0.01399	0.02080	0.01366	0.01127	0.05244	0.04971	0.05966	0.01700	0.01912	0.01368	0.00757	0.00816	0.00165	0.05419	0.00574	0.00557	0.59147
87	0.76103	0.01646	0.01251	0.01119	0.01646	0.01909	0.00922	0.02502	0.01448	0.03818	0.01185	0.01382	0.00922	0.00790	0.00527	0.00263	0.00658	0.00461	0.00527	0.00922
88	0.07078	0.02172	0.02415	0.05308	0.08010	0.04561	0.01620	0.36327	0.08957	0.07832	0.02084	0.02144	0.01517	0.00964	0.00818	0.00252	0.00903	0.00749	0.00751	0.05538
89	0.01037	0.00741	0.00987	0.01185	0.01234	0.00691	0.00790	0.01185	0.01629	0.02172	0.04690	0.69537	0.05629	0.02666	0.01086	0.00346	0.00494	0.02419	0.00790	0.00691
90	0.02106	0.02022	0.03454	0.05223	0.64784	0.02022	0.02612	0.02612	0.01938	0.02780	0.01601	0.02106	0.01348	0.00758	0.00842	0.00253	0.01011	0.00758	0.00421	0.01348
91	0.02103	0.01907	0.01884	0.01684	0.02166	0.06506	0.01305	0.04104	0.51676	0.03333	0.03519	0.03288	0.06223	0.01167	0.00854	0.00274	0.00717	0.00958	0.00811	0.05523
92	0.01045	0.00747	0.00994	0.01180	0.01236	0.00696	0.00791	0.01204	0.01665	0.02230	0.07456	0.66608	0.05740	0.02623	0.01082	0.00342	0.00489	0.02378	0.00797	0.00696
93	0.01765	0.01513	0.01765	0.01260	0.02017	0.01134	0.01008	0.02143	0.01765	0.02773	0.01513	0.01765	0.01260	0.00630	0.00630	0.00126	0.00630	0.00504	0.00504	0.75295
94	0.02406	0.01763	0.01933	0.01695	0.02206	0.01969	0.01331	0.04458	0.52893	0.14084	0.03446	0.03128	0.02514	0.01137	0.00864	0.00284	0.00682	0.00944	0.00898	0.01364
95	0.01216	0.00912	0.01368	0.01368	0.01520	0.01064	0.01064	0.01520	0.01368	0.01976	0.02279	0.03343	0.02127	0.06382	0.66720	0.01368	0.02279	0.00912	0.00456	0.00760
96	0.01349	0.00972	0.01340	0.01524	0.01725	0.00963	0.01327	0.01730	0.01958	0.02532	0.04759	0.09513	0.08563	0.02339	0.01165	0.00385	0.00762	0.55530	0.00784	0.00780
97	0.03121	0.02295	0.02461	0.01899	0.02541	0.02535	0.01555	0.58477	0.03843	0.05151	0.02080	0.02245	0.01541	0.04968	0.01050	0.00288	0.00930	0.00793	0.00832	0.01394
98	0.01015	0.00862	0.00875	0.00872	0.01155	0.00722	0.00654	0.01239	0.01962	0.02351	0.11239	0.08104	0.61787	0.02136	0.01006	0.00286	0.00430	0.01784	0.00797	0.00722
99	0.01216	0.00912	0.01368	0.01368	0.01520	0.01064	0.01064	0.01520	0.01368	0.01976	0.02279	0.03343	0.02127	0.06382	0.66720	0.01368	0.02279	0.00912	0.00456	0.00760
100	0.01235	0.00834	0.00974	0.00974	0.00990	0.00850	0.00573	0.01267	0.01251	0.01684	0.02640	0.05337	0.02993	0.63458	0.10829	0.00882	0.00977	0.01204	0.00509	0.00541
101	0.05663	0.63331	0.08080	0.01500	0.02252	0.03214	0.01535	0.02555	0.01720	0.02129	0.01204	0.01393	0.01083	0.00736	0.00561	0.00191	0.00920	0.00466	0.00371	0.01094
102	0.01707	0.04402	0.65683	0.02426	0.03683	0.01976	0.03144	0.02695	0.01797	0.02695	0.01527	0.01797	0.01078	0.00809	0.00809	0.00270	0.01258	0.00629	0.00359	0.01258
103	0.01765	0.01513	0.01765	0.01260	0.02017	0.01134	0.01008	0.02143	0.01765	0.02773	0.01513	0.01765	0.01260	0.00630	0.00630	0.00126	0.00630	0.00504	0.00504	0.75295
104	0.01090	0.00794	0.01043	0.01184	0.01284	0.00724	0.00804	0.01265	0.01676	0.02270	0.07430	0.62255	0.05478	0.02495	0.01054	0.00328	0.00498	0.02258	0.00780	0.05290
105	0.02410	0.01762	0.02017	0.09146	0.02539	0.01936	0.01409	0.28486	0.12257	0.06895	0.05407	0.06310	0.06577	0.01211	0.00859	0.00266	0.00781	0.00986	0.07546	0.01201

[dist]
# distance from previous block
# <min> <max>
3	7

[block]
# block no. 1 follows, 21 sequences, length 14
# corresponding to MSA columns:
# 227-240
name=unknown_B
#
# <colnr> <probs for GDERKNQSTAVLIFYWHMCP>
#	G	D	E	R	K	N	Q	S	T	A	V	L	I	F	Y	W	H	M	C	P
0	0.02827	0.07323	0.02517	0.02080	0.06760	0.12699	0.01578	0.21433	0.09866	0.12404	0.04940	0.02351	0.01859	0.01048	0.00978	0.00259	0.06329	0.00777	0.00715	0.01258
1	0.02616	0.01471	0.01943	0.13344	0.02708	0.01517	0.01408	0.03519	0.17578	0.29554	0.11956	0.03360	0.02922	0.01143	0.00879	0.00274	0.00737	0.00965	0.00869	0.01239
2	0.25501	0.12200	0.05676	0.06823	0.02308	0.04768	0.01366	0.05342	0.06206	0.07864	0.06612	0.05564	0.02120	0.01067	0.00733	0.00262	0.00804	0.03134	0.00609	0.01040
3	0.01060	0.00766	0.01009	0.01194	0.01269	0.00715	0.00825	0.01231	0.01674	0.02209	0.04923	0.61116	0.09262	0.02610	0.01088	0.00345	0.00512	0.06701	0.00790	0.00700
4	0.01765	0.01513	0.01765	0.01260	0.02017	0.01134	0.01008	0.02143	0.01765	0.02773	0.01513	0.01765	0.01260	0.00630	0.00630	0.00126	0.00630	0.00504	0.00504	0.75295
5	0.02427	0.51727	0.10442	0.01612	0.02385	0.02994	0.01633	0.08716	0.02019	0.07063	0.01466	0.01591	0.01201	0.00790	0.00627	0.00205	0.00935	0.00534	0.00464	0.01171
6	0.01478	0.00739	0.01109	0.01109	0.01109	0.00739	0.00739	0.01109	0.01109	0.01478	0.01478	0.02587	0.01478	0.02956	0.03326	0.75240	0.00739	0.00739	0.00370	0.00370
7	0.01204	0.00870	0.01138	0.01071	0.01271	0.00803	0.00803	0.01606	0.02409	0.03413	0.64335	0.06357	0.08030	0.01740	0.01004	0.00268	0.00401	0.01539	0.00937	0.00803
8	0.02501	0.02078	0.02125	0.01822	0.02349	0.05731	0.01457	0.23727	0.35549	0.04019	0.02938	0.03153	0.02288	0.01178	0.00877	0.00281	0.00817	0.04955	0.00832	0.01322
9	0.70662	0.01701	0.01348	0.01182	0.01720	0.01964	0.00974	0.06941	0.01639	0.03934	0.01249	0.01432	0.00961	0.00807	0.00551	0.00263	0.00679	0.00484	0.00551	0.00961
10	0.01707	0.04402	0.65683	0.02426	0.03683	0.01976	0.03144	0.02695	0.01797	0.02695	0.01527	0.01797	0.01078	0.00809	0.00809	0.00270	0.01258	0.00629	0.00359	0.01258
11	0.01037	0.00741	0.00987	0.01185	0.01234	0.00691	0.00790	0.01185	0.01629	0.02172	0.04690	0.69537	0.05629	0.02666	0.01086	0.00346	0.00494	0.02419	0.00790	0.00691
12	0.38704	0.13089	0.07036	0.06346	0.02393	0.02292	0.01420	0.14231	0.02042	0.03625	0.01404	0.01607	0.01080	0.00832	0.00639	0.00251	0.00834	0.00555	0.00541	0.01080
13	0.30943	0.11477	0.02100	0.08043	0.02274	0.01987	0.01280	0.02437	0.01622	0.07811	0.01616	0.05538	0.01388	0.00976	0.00893	0.00255	0.08570	0.00669	0.00524	0.09599

[dist]
# distance from previous block
# <min> <max>
25	34

[block]
# block no. 2 follows, 21 sequences, length 16
# corresponding to MSA columns:
# 280-295
name=unknown_C
#
# <colnr> <probs for GDERKNQSTAVLIFYWHMCP>
#	G	D	E	R	K	N	Q	S	T	A	V	L	I	F	Y	W	H	M	C	P
0	0.02775	0.02174	0.02380	0.09265	0.02862	0.04748	0.01600	0.42745	0.05861	0.04437	0.02103	0.05410	0.01638	0.01052	0.00842	0.00252	0.00924	0.00825	0.00752	0.07353
1	0.05902	0.01971	0.08048	0.29720	0.04284	0.01926	0.14997	0.05727	0.01878	0.02661	0.01641	0.03984	0.01307	0.00885	0.00942	0.00271	0.04359	0.00806	0.00447	0.08246
2	0.02100	0.01811	0.08010	0.01453	0.02219	0.01320	0.01282	0.02708	0.07287	0.12268	0.01964	0.02063	0.01488	0.00757	0.00702	0.00175	0.00709	0.00610	0.00605	0.50468
3	0.08815	0.01352	0.01867	0.11583	0.02497	0.01449	0.06574	0.05580	0.08789	0.02953	0.13693	0.14032	0.03741	0.05066	0.01116	0.00328	0.00770	0.08170	0.00693	0.00930
4	0.03274	0.02039	0.02385	0.01993	0.06012	0.02143	0.01544	0.36974	0.07381	0.23505	0.02516	0.02385	0.01721	0.01025	0.00853	0.00260	0.00858	0.00806	0.00890	0.01435
5	0.02853	0.02104	0.02302	0.01768	0.02446	0.02205	0.01446	0.41340	0.08670	0.07622	0.02121	0.02126	0.01542	0.00952	0.00806	0.00231	0.00838	0.00732	0.00789	0.17106
6	0.03149	0.02066	0.02311	0.01791	0.02422	0.02206	0.01472	0.45471	0.03559	0.16286	0.08249	0.02614	0.02199	0.01096	0.00867	0.00258	0.00846	0.00857	0.00897	0.01386
7	0.01882	0.01552	0.01768	0.01395	0.01999	0.01410	0.01100	0.08490	0.13425	0.03206	0.08125	0.06433	0.02429	0.00991	0.00758	0.00195	0.00639	0.00826	0.00664	0.42712
8	0.04952	0.01099	0.01267	0.01199	0.01516	0.01008	0.00874	0.01823	0.07597	0.02566	0.06143	0.31042	0.10902	0.04917	0.01063	0.00295	0.00557	0.01561	0.00708	0.18912
9	0.09011	0.01775	0.02778	0.06014	0.38408	0.01827	0.04904	0.02568	0.07788	0.02843	0.02196	0.12018	0.02044	0.01080	0.00858	0.00274	0.00894	0.01004	0.00527	0.01187
10	0.02042	0.01819	0.02965	0.19442	0.03672	0.02008	0.15920	0.08640	0.01983	0.06347	0.01791	0.05225	0.01475	0.01037	0.01262	0.00285	0.14450	0.00871	0.00509	0.08257
11	0.07155	0.02128	0.02269	0.01797	0.02431	0.02331	0.01464	0.40003	0.16308	0.06995	0.02311	0.02260	0.01675	0.01011	0.00821	0.00255	0.00835	0.00776	0.00820	0.06354
12	0.02069	0.08286	0.05312	0.01417	0.02058	0.01600	0.01220	0.12102	0.03821	0.05821	0.06140	0.04477	0.02020	0.00919	0.00720	0.00194	0.00702	0.00735	0.07819	0.32568
13	0.01928	0.06026	0.14538	0.25228	0.08787	0.10436	0.02201	0.02556	0.05189	0.02371	0.01900	0.02327	0.04342	0.00976	0.01012	0.00274	0.07666	0.00751	0.00432	0.01059
14	0.08652	0.06285	0.11449	0.12187	0.03240	0.06403	0.10674	0.02716	0.04975	0.08637	0.01813	0.04487	0.01455	0.01020	0.01145	0.00285	0.12191	0.00796	0.00504	0.01085
15	0.02080	0.35826	0.20253	0.01811	0.02551	0.08775	0.01897	0.02532	0.01803	0.02257	0.03669	0.05233	0.01567	0.00951	0.00832	0.00233	0.05564	0.00669	0.00412	0.01085

[dist]
# distance from previous block
# <min> <max>
4	13

[block]
# block no. 3 follows, 21 sequences, length 20
# corresponding to MSA columns:
# 309-328
name=unknown_D
#
# <colnr> <probs for GDERKNQSTAVLIFYWHMCP>
#	G	D	E	R	K	N	Q	S	T	A	V	L	I	F	Y	W	H	M	C	P
0	0.04474	0.23949	0.02835	0.05214	0.02382	0.14081	0.03128	0.02828	0.05662	0.09787	0.10433	0.02484	0.02277	0.00985	0.00803	0.00230	0.02871	0.00742	0.00581	0.04255
1	0.01841	0.01432	0.07565	0.01397	0.01832	0.01123	0.01224	0.04335	0.03992	0.14216	0.21286	0.10506	0.10679	0.01626	0.00959	0.00285	0.00644	0.09238	0.00826	0.04994
2	0.03021	0.02037	0.02268	0.01762	0.02388	0.02153	0.01434	0.43537	0.03378	0.13694	0.02362	0.05909	0.01814	0.03532	0.00971	0.00272	0.00854	0.00865	0.00840	0.06909
3	0.02503	0.01832	0.02110	0.03736	0.02345	0.01890	0.01366	0.30770	0.02839	0.08076	0.02320	0.11529	0.02011	0.01178	0.00919	0.00244	0.03821	0.00941	0.00738	0.18832
4	0.07389	0.41619	0.11766	0.01682	0.02434	0.08259	0.01669	0.09590	0.02063	0.04620	0.01408	0.01564	0.01153	0.00800	0.00643	0.00213	0.00988	0.00535	0.00459	0.01146
5	0.02387	0.62675	0.04238	0.01514	0.02237	0.03283	0.01475	0.09452	0.01993	0.02393	0.01283	0.01444	0.01133	0.00762	0.00582	0.00191	0.00913	0.00491	0.00421	0.01133
6	0.09189	0.02231	0.02416	0.06831	0.02778	0.02498	0.01603	0.49896	0.06268	0.04914	0.01995	0.02055	0.01431	0.00995	0.00825	0.00260	0.00916	0.00749	0.00789	0.01361
7	0.02194	0.61202	0.13155	0.01594	0.02397	0.03170	0.01696	0.02569	0.01739	0.02101	0.01232	0.01426	0.01090	0.00739	0.00583	0.00194	0.00959	0.00480	0.00363	0.01116
8	0.09792	0.00861	0.01020	0.01145	0.01253	0.00852	0.00778	0.01366	0.01610	0.02377	0.07291	0.51681	0.04952	0.09282	0.01348	0.00381	0.00542	0.02024	0.00739	0.00706
9	0.01773	0.12097	0.58567	0.02313	0.03509	0.02138	0.02948	0.02678	0.01789	0.02615	0.01487	0.01747	0.01080	0.00799	0.00778	0.00259	0.01217	0.00609	0.00360	0.01238
10	0.03505	0.01430	0.01908	0.01495	0.02107	0.01275	0.01223	0.03979	0.06512	0.56520	0.07997	0.03178	0.02590	0.01112	0.00868	0.00265	0.00696	0.00915	0.01032	0.01392
11	0.01556	0.01423	0.02295	0.53883	0.04955	0.01679	0.02051	0.02056	0.01699	0.02231	0.01882	0.10039	0.01669	0.01041	0.00857	0.00276	0.01012	0.00925	0.00438	0.08032
12	0.01049	0.00746	0.00984	0.01170	0.01216	0.00699	0.00774	0.01188	0.01606	0.02141	0.04571	0.65749	0.05478	0.06659	0.01278	0.00374	0.00513	0.02349	0.00774	0.00681
13	0.03184	0.03915	0.02424	0.02173	0.02632	0.61292	0.01642	0.08321	0.02545	0.02359	0.01377	0.01577	0.01126	0.00889	0.00774	0.00222	0.01484	0.00566	0.00473	0.01025
14	0.09278	0.02280	0.02397	0.01871	0.02524	0.02539	0.01539	0.52644	0.08228	0.05098	0.02077	0.02072	0.01489	0.01012	0.00825	0.00259	0.00893	0.00755	0.00825	0.01396
15	0.01478	0.00739	0.01109	0.01109	0.01109	0.00739	0.00739	0.01109	0.01109	0.01478	0.01478	0.02587	0.01478	0.02956	0.03326	0.75240	0.00739	0.00739	0.00370	0.00370
16	0.03179	0.04056	0.02412	0.02192	0.02631	0.66676	0.01644	0.03398	0.02412	0.02083	0.01315	0.01535	0.01096	0.00877	0.00767	0.00219	0.01535	0.00548	0.00438	0.00987
17	0.01069	0.00763	0.01024	0.01222	0.01285	0.00719	0.00846	0.01240	0.01661	0.02208	0.04673	0.63800	0.05559	0.02636	0.01095	0.00350	0.00521	0.07840	0.00789	0.00700
18	0.76103	0.01646	0.01251	0.01119	0.01646	0.01909	0.00922	0.02502	0.01448	0.03818	0.01185	0.01382	0.00922	0.00790	0.00527	0.00263	0.00658	0.00461	0.00527	0.00922
19	0.01112	0.00955	0.00964	0.00945	0.01251	0.00852	0.00714	0.01537	0.07808	0.02420	0.08127	0.07710	0.58519	0.02059	0.00992	0.00287	0.00454	0.01716	0.00798	0.00779

[dist]
# distance from previous block
# <min> <max>
0	44

[block]
# block no. 4 follows, 21 sequences, length 264
# corresponding to MSA columns:
# 373-636
name=unknown_E
#
# <colnr> <probs for GDERKNQSTAVLIFYWHMCP>
#	G	D	E	R	K	N	Q	S	T	A	V	L	I	F	Y	W	H	M	C	P
0	0.01879	0.24484	0.47111	0.02131	0.03229	0.02398	0.02632	0.02651	0.01776	0.02485	0.01423	0.01666	0.01082	0.00784	0.00729	0.00243	0.01152	0.00576	0.00361	0.01207
1	0.01345	0.00985	0.01399	0.05852	0.01954	0.01002	0.01350	0.01725	0.01932	0.02529	0.07364	0.14885	0.04883	0.02253	0.01137	0.00374	0.00758	0.46721	0.00766	0.00786
2	0.01983	0.01896	0.03231	0.20792	0.50182	0.01989	0.02550	0.02503	0.01879	0.02630	0.01579	0.02147	0.01295	0.00781	0.00845	0.00260	0.01042	0.00758	0.00411	0.01248
3	0.01671	0.01215	0.01368	0.01256	0.01607	0.01208	0.00975	0.07366	0.13570	0.07832	0.15810	0.10087	0.26614	0.01759	0.00968	0.00288	0.00557	0.04027	0.00855	0.00969
4	0.02082	0.01997	0.03410	0.08325	0.61875	0.02016	0.02599	0.02590	0.01926	0.02750	0.01596	0.02114	0.01337	0.00763	0.00843	0.00254	0.01017	0.00758	0.00419	0.01328
5	0.01382	0.00913	0.01190	0.01132	0.01363	0.00837	0.00868	0.01753	0.02308	0.07616	0.48899	0.09516	0.10942	0.01810	0.01010	0.00282	0.00460	0.05965	0.00917	0.00836
6	0.01037	0.00741	0.00987	0.01185	0.01234	0.00691	0.00790	0.01185	0.01629	0.02172	0.04690	0.69537	0.05629	0.02666	0.01086	0.00346	0.00494	0.02419	0.00790	0.00691
7	0.01707	0.04402	0.65683	0.02426	0.03683	0.01976	0.03144	0.02695	0.01797	0.02695	0.01527	0.01797	0.01078	0.00809	0.00809	0.00270	0.01258	0.00629	0.00359	0.01258
8	0.03272	0.01629	0.06042	0.01526	0.02157	0.01348	0.01325	0.08574	0.02478	0.47041	0.07767	0.03038	0.02444	0.01083	0.00845	0.00259	0.00729	0.00881	0.06222	0.01340
9	0.01954	0.01851	0.03143	0.15462	0.50046	0.01926	0.02451	0.02455	0.01854	0.02617	0.01638	0.02228	0.01372	0.01206	0.05902	0.00344	0.01129	0.00770	0.00417	0.01235
10	0.01820	0.01766	0.02460	0.02123	0.02140	0.02447	0.01762	0.02022	0.01331	0.02102	0.01252	0.01993	0.01215	0.01676	0.05446	0.00407	0.62180	0.00754	0.04187	0.00916
11	0.02001	0.02273	0.04898	0.03518	0.04334	0.02175	0.58630	0.02691	0.01973	0.02691	0.01691	0.02273	0.01282	0.00757	0.01096	0.00291	0.04869	0.00991	0.00427	0.01137
12	0.01707	0.04402	0.65683	0.02426	0.03683	0.01976	0.03144	0.02695	0.01797	0.02695	0.01527	0.01797	0.01078	0.00809	0.00809	0.00270	0.01258	0.00629	0.00359	0.01258
13	0.01738	0.08004	0.62352	0.02373	0.03602	0.02052	0.03052	0.02687	0.01793	0.02657	0.01508	0.01773	0.01079	0.00804	0.00794	0.00265	0.01239	0.00619	0.00360	0.01249
14	0.02085	0.01990	0.03332	0.07716	0.58863	0.02022	0.02532	0.02697	0.05264	0.02797	0.01698	0.02171	0.01407	0.00784	0.00844	0.00256	0.00998	0.00769	0.00444	0.01331
15	0.01037	0.00741	0.00987	0.01185	0.01234	0.00691	0.00790	0.01185	0.01629	0.02172	0.04690	0.69537	0.05629	0.02666	0.01086	0.00346	0.00494	0.02419	0.00790	0.00691
16	0.02039	0.01954	0.03333	0.13638	0.56891	0.02004	0.02578	0.02553	0.01906	0.02699	0.01589	0.02128	0.01319	0.00771	0.00844	0.00257	0.01028	0.00758	0.00415	0.01294
17	0.01301	0.00929	0.01291	0.01487	0.01652	0.00919	0.01249	0.01641	0.01890	0.02468	0.04545	0.22219	0.05052	0.02417	0.01157	0.00382	0.00723	0.47131	0.00785	0.00764
18	0.02009	0.02296	0.05022	0.03587	0.04448	0.02152	0.61693	0.02726	0.02009	0.02726	0.01722	0.02296	0.01291	0.00717	0.01004	0.00287	0.01435	0.01004	0.00430	0.01148
19	0.02009	0.02296	0.05022	0.03587	0.04448	0.02152	0.61693	0.02726	0.02009	0.02726	0.01722	0.02296	0.01291	0.00717	0.01004	0.00287	0.01435	0.01004	0.00430	0.01148
20	0.01892	0.01793	0.03043	0.36385	0.30501	0.01984	0.05099	0.04478	0.01895	0.02566	0.01578	0.02194	0.01242	0.00812	0.00854	0.00270	0.01089	0.00769	0.00415	0.01142
21	0.01845	0.01839	0.02603	0.06539	0.02471	0.02560	0.01895	0.02056	0.01329	0.02056	0.01143	0.01888	0.01118	0.01448	0.02666	0.00367	0.64126	0.00745	0.00373	0.00932
22	0.02275	0.70604	0.04459	0.01456	0.02184	0.03367	0.01456	0.02548	0.01729	0.02002	0.01183	0.01365	0.01092	0.00728	0.00546	0.00182	0.00910	0.00455	0.00364	0.01092
23	0.06889	0.01593	0.02015	0.01563	0.02210	0.01495	0.01287	0.11480	0.05189	0.52320	0.03097	0.02732	0.01990	0.01042	0.00841	0.00263	0.00746	0.00831	0.00996	0.01420
24	0.02323	0.59951	0.09966	0.01550	0.02322	0.03100	0.01599	0.02666	0.01782	0.06211	0.01357	0.01505	0.01157	0.00757	0.00591	0.00195	0.00930	0.00497	0.00409	0.01131
25	0.01171	0.00869	0.01091	0.01035	0.01251	0.00789	0.00776	0.01540	0.02329	0.03223	0.54832	0.06670	0.17651	0.01811	0.01004	0.00271	0.00407	0.01583	0.00912	0.00789
26	0.01878	0.08191	0.35010	0.02861	0.03908	0.02151	0.28431	0.02698	0.01884	0.02659	0.01587	0.01983	0.01172	0.00763	0.00875	0.00271	0.01310	0.00779	0.00391	0.01198
27	0.02106	0.02022	0.03454	0.05223	0.64784	0.02022	0.02612	0.02612	0.01938	0.02780	0.01601	0.02106	0.01348	0.00758	0.00842	0.00253	0.01011	0.00758	0.00421	0.01348
28	0.01006	0.00862	0.00862	0.00862	0.01149	0.00718	0.00647	0.01221	0.01940	0.02299	0.08621	0.08190	0.64438	0.02155	0.01006	0.00287	0.00431	0.01796	0.00790	0.00718
29	0.01037	0.00741	0.00987	0.01185	0.01234	0.00691	0.00790	0.01185	0.01629	0.02172	0.04690	0.69537	0.05629	0.02666	0.01086	0.00346	0.00494	0.02419	0.00790	0.00691
30	0.02244	0.53572	0.09773	0.01637	0.02327	0.03058	0.01649	0.02576	0.01718	0.04892	0.01304	0.01530	0.01139	0.00837	0.00841	0.00215	0.08664	0.00522	0.00395	0.01105
31	0.01636	0.01568	0.02728	0.63467	0.05761	0.01909	0.06578	0.02214	0.01723	0.02214	0.01527	0.02271	0.01146	0.00841	0.00862	0.00284	0.01156	0.00774	0.00382	0.00960
32	0.02071	0.01986	0.03390	0.09687	0.60598	0.02013	0.02594	0.02581	0.01921	0.02737	0.01594	0.02118	0.01333	0.00765	0.00843	0.00255	0.01020	0.00758	0.00418	0.01319
33	0.03112	0.03945	0.02422	0.02195	0.02611	0.63425	0.01655	0.03330	0.02355	0.02081	0.01305	0.01551	0.01097	0.00908	0.00870	0.00227	0.04935	0.00558	0.00435	0.00984
34	0.41437	0.01738	0.01607	0.07121	0.02157	0.05147	0.01175	0.11918	0.02056	0.03707	0.09218	0.05455	0.02126	0.01043	0.00704	0.00266	0.00750	0.00766	0.00624	0.00986
35	0.01707	0.04402	0.65683	0.02426	0.03683	0.01976	0.03144	0.02695	0.01797	0.02695	0.01527	0.01797	0.01078	0.00809	0.00809	0.00270	0.01258	0.00629	0.00359	0.01258
36	0.01006	0.00862	0.00862	0.00862	0.01149	0.00718	0.00647	0.01221	0.01940	0.02299	0.08621	0.08190	0.64438	0.02155	0.01006	0.00287	0.00431	0.01796	0.00790	0.00718
37	0.01868	0.12581	0.55282	0.02265	0.03431	0.02120	0.02852	0.02739	0.01816	0.05285	0.01562	0.01790	0.01124	0.00809	0.00778	0.00258	0.01191	0.00617	0.00390	0.01245
38	0.01707	0.04402	0.65683	0.02426	0.03683	0.01976	0.03144	0.02695	0.01797	0.02695	0.01527	0.01797	0.01078	0.00809	0.00809	0.00270	0.01258	0.00629	0.00359	0.01258
39	0.01139	0.00855	0.01075	0.01217	0.01360	0.00809	0.00897	0.01437	0.04182	0.02326	0.05393	0.42866	0.17148	0.02442	0.01079	0.00341	0.00545	0.13356	0.00792	0.00741
40	0.02106	0.02022	0.03454	0.05223	0.64784	0.02022	0.02612	0.02612	0.01938	0.02780	0.01601	0.02106	0.01348	0.00758	0.00842	0.00253	0.01011	0.00758	0.00421	0.01348
41	0.07745	0.02442	0.02309	0.01885	0.02478	0.11275	0.01516	0.37250	0.16783	0.04411	0.02203	0.02182	0.01620	0.01016	0.00822	0.00258	0.00942	0.00760	0.00777	0.01327
42	0.01482	0.01138	0.01463	0.06166	0.01958	0.01200	0.01217	0.05010	0.11489	0.02823	0.11703	0.23841	0.04706	0.02003	0.01042	0.00333	0.00670	0.20071	0.00792	0.00892
43	0.01304	0.01059	0.01710	0.01580	0.01784	0.01209	0.06032	0.01637	0.01418	0.02039	0.02192	0.03204	0.02023	0.05743	0.59040	0.01243	0.04622	0.00913	0.00451	0.00798
44	0.01602	0.01518	0.02608	0.61799	0.05584	0.01851	0.05304	0.02158	0.01714	0.02202	0.01665	0.05265	0.01342	0.00925	0.00869	0.00287	0.01121	0.00843	0.00399	0.00944
45	0.06991	0.01661	0.01939	0.01699	0.05258	0.04833	0.01288	0.10422	0.07429	0.32787	0.10719	0.03082	0.02678	0.01105	0.00841	0.00259	0.00742	0.00897	0.04099	0.01271
46	0.02099	0.02041	0.03566	0.05107	0.60497	0.02031	0.06809	0.02620	0.01943	0.02776	0.01609	0.02120	0.01344	0.00755	0.00854	0.00255	0.01041	0.00776	0.00422	0.01334
47	0.01886	0.02099	0.04513	0.03284	0.04042	0.01968	0.54011	0.02532	0.01961	0.02656	0.02096	0.10777	0.01838	0.00963	0.01015	0.00294	0.01316	0.01183	0.00476	0.01090
48	0.02088	0.02003	0.03420	0.07575	0.62578	0.02017	0.02602	0.02595	0.01929	0.02758	0.01597	0.02112	0.01340	0.00762	0.00843	0.00254	0.01016	0.00758	0.00420	0.01333
49	0.01834	0.15950	0.49511	0.02356	0.03485	0.02238	0.07981	0.02672	0.01803	0.02575	0.01483	0.01764	0.01099	0.00786	0.00779	0.00256	0.01212	0.00631	0.00366	0.01219
50	0.03192	0.02096	0.02340	0.01819	0.02447	0.02251	0.01489	0.47203	0.03527	0.15707	0.02346	0.04581	0.01712	0.01161	0.00958	0.03213	0.00876	0.00839	0.00866	0.01378
51	0.01722	0.04295	0.62605	0.02484	0.03722	0.01985	0.06115	0.02697	0.01807	0.02697	0.01537	0.01822	0.01089	0.00804	0.00818	0.00270	0.01267	0.00648	0.00363	0.01252
52	0.01720	0.04308	0.62967	0.02478	0.03717	0.01984	0.05766	0.02696	0.01806	0.02696	0.01536	0.01819	0.01088	0.00804	0.00817	0.00270	0.01266	0.00646	0.00363	0.01253
53	0.01841	0.01248	0.01552	0.01541	0.01862	0.01297	0.01261	0.02773	0.19338	0.10544	0.08000	0.12037	0.04175	0.01842	0.01030	0.00335	0.00695	0.26761	0.00850	0.01017
54	0.01157	0.00937	0.01004	0.00961	0.01248	0.00829	0.00728	0.04224	0.02142	0.02691	0.20561	0.07491	0.49002	0.02009	0.00998	0.00281	0.00449	0.01690	0.00825	0.00772
55	0.01628	0.01542	0.02463	0.48535	0.04724	0.01977	0.02145	0.02081	0.01605	0.02145	0.01629	0.06575	0.01424	0.01116	0.01313	0.00308	0.16596	0.00862	0.00404	0.00925
56	0.02128	0.01928	0.03174	0.11415	0.50909	0.01982	0.02427	0.02783	0.06783	0.05486	0.01815	0.02242	0.01457	0.00812	0.00846	0.00259	0.00985	0.00778	0.00479	0.01310
57	0.01078	0.00806	0.01157	0.01286	0.01370	0.00753	0.03354	0.01250	0.01645	0.02196	0.04565	0.66706	0.05446	0.02584	0.01083	0.00343	0.00533	0.02360	0.00775	0.00710
58	0.01707	0.04402	0.65683	0.02426	0.03683	0.01976	0.03144	0.02695	0.01797	0.02695	0.01527	0.01797	0.01078	0.00809	0.00809	0.00270	0.01258	0.00629	0.00359	0.01258
59	0.01968	0.01835	0.03118	0.16736	0.49189	0.01906	0.02432	0.02423	0.01834	0.02574	0.01575	0.02171	0.01317	0.00932	0.01020	0.05586	0.01015	0.00757	0.00409	0.01203
60	0.02079	0.01994	0.03405	0.08642	0.61578	0.02015	0.02598	0.02588	0.01925	0.02747	0.01596	0.02115	0.01336	0.00763	0.00843	0.00254	0.01018	0.00758	0.00419	0.01326
61	0.01338	0.00899	0.01180	0.01093	0.01317	0.00826	0.00826	0.01736	0.02410	0.06578	0.61220	0.06180	0.07727	0.01705	0.00996	0.00267	0.00418	0.01504	0.00943	0.00836
62	0.02009	0.02296	0.05022	0.03587	0.04448	0.02152	0.61693	0.02726	0.02009	0.02726	0.01722	0.02296	0.01291	0.00717	0.01004	0.00287	0.01435	0.01004	0.00430	0.01148
63	0.10383	0.02191	0.02308	0.01808	0.02435	0.02427	0.01485	0.50016	0.05717	0.05017	0.06081	0.02299	0.01865	0.01050	0.00829	0.00258	0.00864	0.00793	0.00825	0.01349
64	0.01127	0.00810	0.01068	0.01124	0.01254	0.00751	0.00797	0.01411	0.02048	0.02838	0.36699	0.35630	0.06917	0.02169	0.01042	0.00304	0.00444	0.01947	0.00869	0.00751
65	0.01074	0.00769	0.01021	0.01160	0.01243	0.00716	0.00793	0.01279	0.01803	0.02448	0.17947	0.55495	0.06162	0.02460	0.01068	0.00328	0.00473	0.02224	0.00823	0.00716
66	0.01691	0.01644	0.02916	0.55765	0.09876	0.01932	0.09577	0.02272	0.01756	0.02284	0.01544	0.02261	0.01169	0.00828	0.00869	0.00282	0.01162	0.00787	0.00388	0.00999
67	0.01707	0.04402	0.65683	0.02426	0.03683	0.01976	0.03144	0.02695	0.01797	0.02695	0.01527	0.01797	0.01078	0.00809	0.00809	0.00270	0.01258	0.00629	0.00359	0.01258
68	0.03235	0.02384	0.02554	0.01958	0.02639	0.02639	0.01618	0.61946	0.04001	0.05363	0.02043	0.02043	0.01447	0.01022	0.00851	0.00255	0.00936	0.00766	0.00851	0.01447
69	0.02009	0.02296	0.05022	0.03587	0.04448	0.02152	0.61693	0.02726	0.02009	0.02726	0.01722	0.02296	0.01291	0.00717	0.01004	0.00287	0.01435	0.01004	0.00430	0.01148
70	0.01173	0.00869	0.01094	0.01038	0.01252	0.00790	0.00778	0.01546	0.02335	0.03238	0.55603	0.06644	0.16871	0.01805	0.01004	0.00271	0.00406	0.01579	0.00914	0.00790
71	0.01016	0.00862	0.00876	0.00873	0.01156	0.00723	0.00655	0.01241	0.01964	0.02356	0.11467	0.08096	0.61557	0.02134	0.01006	0.00286	0.00430	0.01783	0.00798	0.00723
72	0.01683	0.01325	0.01686	0.30382	0.03246	0.05584	0.01448	0.02143	0.01817	0.02674	0.04867	0.02811	0.01912	0.00956	0.00737	0.00240	0.00795	0.00794	0.34028	0.00873
73	0.01811	0.03677	0.44814	0.02825	0.03946	0.02037	0.23286	0.02706	0.01870	0.02706	0.01594	0.01968	0.01151	0.00777	0.00876	0.00276	0.01319	0.00758	0.00384	0.01220
74	0.03127	0.02330	0.02493	0.01936	0.02598	0.02589	0.01591	0.56404	0.09719	0.05189	0.02180	0.02152	0.01558	0.01034	0.00853	0.00259	0.00911	0.00785	0.00853	0.01438
75	0.02106	0.02022	0.03454	0.05223	0.64784	0.02022	0.02612	0.02612	0.01938	0.02780	0.01601	0.02106	0.01348	0.00758	0.00842	0.00253	0.01011	0.00758	0.00421	0.01348
76	0.01888	0.25534	0.46140	0.02116	0.03205	0.02420	0.02605	0.02648	0.01775	0.02474	0.01417	0.01659	0.01083	0.00783	0.00725	0.00242	0.01147	0.00573	0.00361	0.01205
77	0.02101	0.02036	0.03534	0.05140	0.61695	0.02029	0.05636	0.02618	0.01941	0.02777	0.01607	0.02116	0.01345	0.00756	0.00851	0.00254	0.01033	0.00771	0.00422	0.01338
78	0.02009	0.02296	0.05022	0.03587	0.04448	0.02152	0.61693	0.02726	0.02009	0.02726	0.01722	0.02296	0.01291	0.00717	0.01004	0.00287	0.01435	0.01004	0.00430	0.01148
79	0.01006	0.00862	0.00862	0.00862	0.01149	0.00718	0.00647	0.01221	0.01940	0.02299	0.08621	0.08190	0.64438	0.02155	0.01006	0.00287	0.00431	0.01796	0.00790	0.00718
80	0.03489	0.05157	0.05330	0.01563	0.02237	0.01452	0.01358	0.07028	0.02451	0.53044	0.05686	0.02864	0.02220	0.01052	0.00844	0.00259	0.00758	0.00848	0.00967	0.01393
