[name]
unknown

[dist]
# distance from previous block
# <min> <max>
0	518

[block]
# block no. 0 follows, 26 sequences, length 93
# corresponding to MSA columns:
# 530-622
name=unknown_A
#
# <colnr> <probs for GDERKNQSTAVLIFYWHMCP>
#	G	D	E	R	K	N	Q	S	T	A	V	L	I	F	Y	W	H	M	C	P
0	0.01222	0.00873	0.01222	0.01397	0.01572	0.00873	0.01222	0.01572	0.01746	0.02270	0.04016	0.08556	0.04365	0.02095	0.01048	0.00349	0.00698	0.63506	0.00698	0.00698
1	0.03403	0.01291	0.01760	0.01350	0.01936	0.01115	0.01115	0.03697	0.02171	0.69137	0.02992	0.02582	0.01878	0.00939	0.00763	0.00235	0.00645	0.00763	0.00939	0.01291
2	0.01521	0.03923	0.69413	0.02162	0.03283	0.01762	0.02802	0.02402	0.01601	0.02402	0.01361	0.01601	0.00961	0.00721	0.00721	0.00240	0.01121	0.00560	0.00320	0.01121
3	0.03403	0.01291	0.01760	0.01350	0.01936	0.01115	0.01115	0.03697	0.02171	0.69137	0.02992	0.02582	0.01878	0.00939	0.00763	0.00235	0.00645	0.00763	0.00939	0.01291
4	0.01659	0.01659	0.02323	0.01991	0.01991	0.02323	0.01659	0.01825	0.01162	0.01825	0.00996	0.01659	0.00996	0.01328	0.02489	0.00332	0.71955	0.00664	0.00332	0.00830
5	0.01790	0.02046	0.04476	0.03197	0.03964	0.01918	0.65857	0.02430	0.01790	0.02430	0.01535	0.02046	0.01151	0.00639	0.00895	0.00256	0.01279	0.00895	0.00384	0.01023
6	0.03403	0.01291	0.01760	0.01350	0.01936	0.01115	0.01115	0.03697	0.02171	0.69137	0.02992	0.02582	0.01878	0.00939	0.00763	0.00235	0.00645	0.00763	0.00939	0.01291
7	0.01074	0.00775	0.01014	0.00954	0.01133	0.00716	0.00716	0.01431	0.02147	0.03042	0.68211	0.05666	0.07157	0.01551	0.00895	0.00239	0.00358	0.01372	0.00835	0.00716
8	0.59173	0.01421	0.01282	0.01089	0.01589	0.01549	0.00898	0.02610	0.01519	0.20451	0.01558	0.01582	0.01095	0.00765	0.00545	0.00235	0.00602	0.00502	0.00591	0.00943
9	0.01103	0.00735	0.00827	0.00827	0.00827	0.00735	0.00460	0.01103	0.01103	0.01471	0.02390	0.04964	0.02758	0.73343	0.03861	0.00735	0.00735	0.01103	0.00460	0.00460
10	0.01765	0.02222	0.10573	0.03100	0.03900	0.01903	0.59936	0.02427	0.01773	0.02427	0.01518	0.02004	0.01133	0.00647	0.00879	0.00254	0.01264	0.00864	0.00378	0.01032
11	0.01103	0.00735	0.00827	0.00827	0.00827	0.00735	0.00460	0.01103	0.01103	0.01471	0.02390	0.04964	0.02758	0.73343	0.03861	0.00735	0.00735	0.01103	0.00460	0.00460
12	0.01887	0.01629	0.01715	0.01544	0.01972	0.01887	0.01201	0.04031	0.67241	0.03173	0.03087	0.02830	0.02315	0.01029	0.00772	0.00257	0.00600	0.00858	0.00772	0.01201
13	0.01074	0.00775	0.01014	0.00954	0.01133	0.00716	0.00716	0.01431	0.02147	0.03042	0.68211	0.05666	0.07157	0.01551	0.00895	0.00239	0.00358	0.01372	0.00835	0.00716
14	0.01654	0.01498	0.02026	0.34826	0.03519	0.01823	0.01665	0.02873	0.31127	0.02487	0.02106	0.02360	0.01598	0.00922	0.00892	0.00261	0.06070	0.00756	0.00533	0.01003
15	0.01643	0.01390	0.01610	0.01157	0.01827	0.01083	0.00928	0.05334	0.01679	0.02595	0.01373	0.01586	0.01132	0.00580	0.00572	0.00118	0.00576	0.00462	0.00466	0.73888
16	0.01918	0.58688	0.18126	0.01485	0.02236	0.02733	0.01623	0.02300	0.01554	0.01918	0.01121	0.01300	0.00971	0.00664	0.00537	0.00179	0.00878	0.00439	0.00324	0.01005
17	0.78701	0.01467	0.01115	0.00997	0.01467	0.01702	0.00821	0.02230	0.01291	0.03403	0.01056	0.01232	0.00821	0.00704	0.00469	0.00235	0.00587	0.00411	0.00469	0.00821
18	0.00988	0.00768	0.00898	0.00874	0.01083	0.00678	0.00652	0.01262	0.01931	0.02551	0.38423	0.09020	0.34646	0.01750	0.00898	0.00249	0.00373	0.01506	0.00771	0.00678
19	0.02031	0.62514	0.08236	0.01524	0.04695	0.06461	0.01449	0.02323	0.01585	0.01857	0.01096	0.01277	0.00982	0.00662	0.00523	0.00172	0.00865	0.00431	0.00330	0.00987
20	0.00949	0.00687	0.00866	0.00989	0.01058	0.00638	0.00659	0.01081	0.01468	0.01934	0.06872	0.53946	0.12295	0.11208	0.01320	0.00353	0.00467	0.01928	0.00679	0.00603
21	0.01793	0.01791	0.03115	0.07606	0.36551	0.01922	0.14936	0.02296	0.04180	0.02339	0.01426	0.01915	0.01184	0.00812	0.01114	0.00255	0.14585	0.00725	0.00382	0.01073
22	0.00934	0.00664	0.00877	0.01044	0.01086	0.00622	0.00691	0.01059	0.01434	0.01911	0.04085	0.69226	0.04896	0.06163	0.01122	0.00331	0.00456	0.02100	0.00691	0.00608
23	0.02806	0.02083	0.02276	0.05468	0.02505	0.02317	0.01477	0.62660	0.03457	0.04629	0.01796	0.01832	0.01275	0.00902	0.00759	0.00229	0.00844	0.00682	0.00736	0.01266
24	0.01623	0.01681	0.03266	0.36826	0.10631	0.01793	0.28661	0.02179	0.01650	0.02193	0.01433	0.02019	0.01087	0.00701	0.00815	0.00251	0.01112	0.00766	0.00360	0.00951
25	0.01521	0.03923	0.69413	0.02162	0.03283	0.01762	0.02802	0.02402	0.01601	0.02402	0.01361	0.01601	0.00961	0.00721	0.00721	0.00240	0.01121	0.00560	0.00320	0.01121
26	0.01209	0.00805	0.01057	0.00977	0.01180	0.00739	0.00739	0.01563	0.02148	0.06874	0.64430	0.05487	0.06851	0.01515	0.00887	0.00238	0.00375	0.01336	0.00841	0.00749
27	0.00910	0.00716	0.00823	0.00908	0.01061	0.00629	0.00638	0.01073	0.01595	0.01994	0.05983	0.39121	0.37581	0.02142	0.00931	0.00281	0.00411	0.01870	0.00704	0.00629
28	0.01840	0.01754	0.02935	0.10133	0.59559	0.01797	0.02247	0.02389	0.05344	0.02471	0.01512	0.01942	0.01247	0.00702	0.00753	0.00229	0.00894	0.00686	0.00394	0.01171
29	0.02350	0.02810	0.02221	0.01969	0.02199	0.42315	0.01545	0.02533	0.01743	0.01844	0.01100	0.01488	0.00985	0.01006	0.01427	0.00252	0.30426	0.00561	0.00367	0.00859
30	0.00896	0.00768	0.00768	0.00768	0.01025	0.00640	0.00576	0.01089	0.01729	0.02049	0.07684	0.07300	0.68304	0.01921	0.00896	0.00256	0.00384	0.01601	0.00704	0.00640
31	0.01102	0.00807	0.01191	0.01191	0.01328	0.00935	0.00925	0.01377	0.01240	0.01820	0.02056	0.02971	0.01899	0.05422	0.66465	0.01161	0.01939	0.00807	0.04686	0.00679
32	0.01002	0.00779	0.01130	0.01192	0.01288	0.00751	0.04346	0.01174	0.01499	0.02008	0.06572	0.61393	0.07140	0.02195	0.01010	0.00301	0.02906	0.01984	0.00679	0.00651
33	0.02902	0.01946	0.02139	0.01646	0.02233	0.02105	0.01358	0.54363	0.03283	0.14187	0.02019	0.01973	0.01402	0.00914	0.00750	0.00227	0.00788	0.00696	0.03802	0.01267
34	0.74560	0.01503	0.01178	0.01038	0.01515	0.01737	0.00855	0.05717	0.01415	0.03478	0.01098	0.01264	0.00847	0.00715	0.00485	0.00234	0.00600	0.00426	0.00485	0.00847
35	0.01038	0.00748	0.00982	0.00979	0.01125	0.00692	0.00713	0.01341	0.01980	0.02777	0.52861	0.21772	0.06644	0.01749	0.00912	0.00255	0.00378	0.01560	0.00804	0.00692
36	0.01887	0.01629	0.01715	0.01544	0.01972	0.01887	0.01201	0.04031	0.67241	0.03173	0.03087	0.02830	0.02315	0.01029	0.00772	0.00257	0.00600	0.00858	0.00772	0.01201
37	0.03000	0.01619	0.01929	0.01498	0.02064	0.01632	0.01231	0.29247	0.05318	0.36387	0.06132	0.02450	0.01946	0.00965	0.00769	0.00233	0.00706	0.00767	0.00852	0.01255
38	0.01318	0.00659	0.00988	0.00988	0.00988	0.00659	0.00659	0.00988	0.00988	0.01318	0.01318	0.02306	0.01318	0.02635	0.02964	0.77931	0.00659	0.00659	0.00329	0.00329
39	0.01707	0.01629	0.02772	0.30181	0.44413	0.01758	0.02243	0.02179	0.01647	0.02272	0.01397	0.01933	0.01129	0.00707	0.00754	0.00236	0.00943	0.00675	0.00361	0.01064
40	0.01877	0.01802	0.03079	0.04656	0.68612	0.01802	0.02328	0.02328	0.01727	0.02478	0.01427	0.01877	0.01201	0.00676	0.00751	0.00225	0.00901	0.00676	0.00375	0.01201
41	0.01556	0.01474	0.02498	0.52979	0.22801	0.01718	0.02168	0.02046	0.01575	0.02088	0.01370	0.01982	0.01064	0.00735	0.00756	0.00245	0.00981	0.00675	0.00348	0.00942
42	0.03115	0.01225	0.01660	0.01295	0.01825	0.01066	0.01055	0.03402	0.02127	0.60866	0.08508	0.02937	0.02361	0.03834	0.00896	0.00255	0.00625	0.00828	0.00911	0.01209
43	0.00896	0.00768	0.00768	0.00768	0.01025	0.00640	0.00576	0.01089	0.01729	0.02049	0.07684	0.07300	0.68304	0.01921	0.00896	0.00256	0.00384	0.01601	0.00704	0.00640
44	0.01531	0.01593	0.03183	0.23319	0.03838	0.01619	0.35267	0.02040	0.01649	0.02195	0.01944	0.14496	0.01789	0.00981	0.00867	0.00264	0.01051	0.01051	0.00426	0.00897
45	0.01078	0.00725	0.00835	0.00860	0.00866	0.00718	0.00494	0.01096	0.01153	0.01537	0.02644	0.14587	0.03078	0.63283	0.03451	0.00675	0.00694	0.01252	0.00494	0.00482
46	0.01852	0.01776	0.03032	0.08532	0.64937	0.01795	0.02315	0.02305	0.01715	0.02447	0.01422	0.01886	0.01190	0.00681	0.00751	0.00227	0.00907	0.00676	0.00373	0.01181
47	0.02833	0.03615	0.02149	0.01954	0.02345	0.70298	0.01466	0.03029	0.02149	0.01856	0.01172	0.01368	0.00977	0.00782	0.00684	0.00195	0.01368	0.00489	0.00391	0.00879
48	0.73193	0.01515	0.01199	0.01052	0.01531	0.01749	0.00867	0.06868	0.01456	0.03503	0.01112	0.01275	0.00855	0.00719	0.00490	0.00234	0.00605	0.00430	0.00490	0.00855
49	0.00990	0.00772	0.00898	0.00866	0.01082	0.00680	0.00650	0.01269	0.01949	0.02572	0.39560	0.06439	0.36101	0.01726	0.00895	0.00247	0.00370	0.01480	0.00773	0.00680
50	0.00954	0.00700	0.00961	0.05141	0.01339	0.00678	0.00785	0.01107	0.01456	0.01936	0.04016	0.68742	0.04784	0.02283	0.00956	0.00305	0.00473	0.02070	0.00683	0.00629
51	0.02471	0.01411	0.01682	0.01431	0.01905	0.01456	0.01148	0.03655	0.33244	0.31452	0.05349	0.03153	0.02413	0.01070	0.00788	0.00252	0.00617	0.04467	0.00841	0.01194
52	0.71432	0.01698	0.07547	0.01107	0.01638	0.01707	0.01008	0.02246	0.01320	0.03309	0.01085	0.01267	0.00835	0.00706	0.00493	0.00235	0.00637	0.00425	0.00455	0.00850
53	0.01068	0.00771	0.01009	0.00958	0.01132	0.00712	0.00715	0.01417	0.02120	0.02998	0.65689	0.08312	0.07073	0.01583	0.00898	0.00241	0.00361	0.01403	0.00830	0.00712
54	0.01084	0.00813	0.01219	0.01219	0.01354	0.00948	0.00948	0.01354	0.01219	0.01761	0.02032	0.02980	0.01896	0.05689	0.70337	0.01219	0.02032	0.00813	0.00406	0.00677
55	0.01573	0.01348	0.01573	0.01123	0.01798	0.01011	0.00899	0.01910	0.01573	0.02472	0.01348	0.01573	0.01123	0.00562	0.00562	0.00112	0.00562	0.00449	0.00449	0.77980
56	0.03403	0.01291	0.01760	0.01350	0.01936	0.01115	0.01115	0.03697	0.02171	0.69137	0.02992	0.02582	0.01878	0.00939	0.00763	0.00235	0.00645	0.00763	0.00939	0.01291
57	0.02883	0.02125	0.02276	0.01745	0.02352	0.02352	0.01442	0.66082	0.03566	0.04780	0.01821	0.01821	0.01290	0.00911	0.00759	0.00228	0.00835	0.00683	0.00759	0.01290
58	0.01573	0.01348	0.01573	0.01123	0.01798	0.01011	0.00899	0.01910	0.01573	0.02472	0.01348	0.01573	0.01123	0.00562	0.00562	0.00112	0.00562	0.00449	0.00449	0.77980
59	0.02883	0.02125	0.02276	0.01745	0.02352	0.02352	0.01442	0.66082	0.03566	0.04780	0.01821	0.01821	0.01290	0.00911	0.00759	0.00228	0.00835	0.00683	0.00759	0.01290
60	0.02883	0.02125	0.02276	0.01745	0.02352	0.02352	0.01442	0.66082	0.03566	0.04780	0.01821	0.01821	0.01290	0.00911	0.00759	0.00228	0.00835	0.00683	0.00759	0.01290
61	0.01299	0.00659	0.00983	0.00991	0.00993	0.00657	0.00661	0.00991	0.01010	0.01347	0.01453	0.05643	0.01493	0.02623	0.02870	0.74259	0.00648	0.00730	0.00347	0.00343
62	0.00924	0.00660	0.00880	0.01056	0.01100	0.00616	0.00704	0.01056	0.01452	0.01936	0.04181	0.72848	0.05017	0.02376	0.00968	0.00308	0.00440	0.02156	0.00704	0.00616
63	0.00942	0.00761	0.00782	0.00782	0.00981	0.00661	0.00550	0.01092	0.01590	0.01920	0.06506	0.06780	0.53715	0.17817	0.01556	0.00363	0.00462	0.01490	0.00650	0.00600
64	0.01082	0.00785	0.01028	0.01011	0.01188	0.00731	0.00780	0.01424	0.02052	0.02859	0.54804	0.08399	0.09114	0.01668	0.00918	0.00257	0.00409	0.09977	0.00807	0.00707
65	0.01074	0.00775	0.01014	0.00954	0.01133	0.00716	0.00716	0.01431	0.02147	0.03042	0.68211	0.05666	0.07157	0.01551	0.00895	0.00239	0.00358	0.01372	0.00835	0.00716
66	0.00896	0.00768	0.00768	0.00768	0.01025	0.00640	0.00576	0.01089	0.01729	0.02049	0.07684	0.07300	0.68304	0.01921	0.00896	0.00256	0.00384	0.01601	0.00704	0.00640
67	0.03085	0.01217	0.01655	0.01301	0.01827	0.01057	0.01061	0.03379	0.02140	0.60247	0.09206	0.05634	0.02500	0.01053	0.00783	0.00238	0.00610	0.00875	0.00920	0.01210
68	0.01130	0.00867	0.01073	0.01159	0.01375	0.00830	0.00967	0.01508	0.04857	0.02268	0.08176	0.07704	0.27323	0.01958	0.00974	0.00307	0.00566	0.35546	0.00710	0.00702
69	0.01209	0.00863	0.01207	0.01382	0.01550	0.00861	0.01199	0.01548	0.01733	0.02255	0.04023	0.11449	0.04395	0.02108	0.01044	0.00347	0.00687	0.60745	0.00699	0.00695
70	0.02793	0.02056	0.02219	0.01726	0.02310	0.02271	0.01430	0.62559	0.03467	0.04643	0.01941	0.02189	0.01458	0.00975	0.00775	0.00234	0.00827	0.04114	0.00755	0.01258
71	0.02584	0.01976	0.02108	0.01685	0.02238	0.02213	0.01369	0.47465	0.22671	0.04298	0.02201	0.02124	0.01598	0.00946	0.00763	0.00237	0.00764	0.00735	0.00763	0.01263
72	0.01015	0.00732	0.00978	0.01132	0.01231	0.00695	0.00844	0.01224	0.01588	0.02099	0.08012	0.47832	0.07953	0.02228	0.00983	0.00313	0.00505	0.19279	0.00710	0.00646
73	0.01084	0.00813	0.01219	0.01219	0.01354	0.00948	0.00948	0.01354	0.01219	0.01761	0.02032	0.02980	0.01896	0.05689	0.70337	0.01219	0.02032	0.00813	0.00406	0.00677
74	0.02364	0.01347	0.01588	0.01343	0.01806	0.01363	0.01068	0.03422	0.29362	0.30544	0.06168	0.03396	0.10573	0.01123	0.00788	0.00247	0.00583	0.00931	0.00836	0.01149
75	0.10043	0.01454	0.02130	0.43935	0.03896	0.01818	0.01801	0.04183	0.01491	0.02196	0.01258	0.01834	0.01001	0.00870	0.01083	0.00261	0.15884	0.00634	0.00370	0.03858
76	0.04575	0.00884	0.00983	0.00951	0.01190	0.00843	0.00724	0.01551	0.07674	0.02552	0.28019	0.06028	0.31612	0.04447	0.00989	0.00273	0.00434	0.04815	0.00736	0.00721
77	0.02028	0.73799	0.03975	0.01298	0.01947	0.03001	0.01298	0.02271	0.01541	0.01785	0.01055	0.01217	0.00973	0.00649	0.00487	0.00162	0.00811	0.00406	0.00324	0.00973
78	0.01499	0.01270	0.01494	0.01116	0.01718	0.00966	0.00877	0.01813	0.01559	0.02411	0.01670	0.09681	0.01566	0.00768	0.00608	0.00135	0.00548	0.00644	0.00478	0.69179
79	0.02776	0.02045	0.02200	0.01708	0.02284	0.02257	0.01401	0.62531	0.03451	0.04625	0.01950	0.05700	0.01493	0.00991	0.00770	0.00232	0.00813	0.00763	0.00756	0.01253
80	0.01032	0.00736	0.00993	0.01152	0.01241	0.00707	0.00860	0.01237	0.01560	0.02068	0.06572	0.47025	0.04804	0.05028	0.01104	0.00335	0.00531	0.21676	0.00698	0.00640
81	0.78701	0.01467	0.01115	0.00997	0.01467	0.01702	0.00821	0.02230	0.01291	0.03403	0.01056	0.01232	0.00821	0.00704	0.00469	0.00235	0.00587	0.00411	0.00469	0.00821
82	0.01255	0.00950	0.01215	0.01321	0.01539	0.00962	0.01123	0.01799	0.09737	0.02347	0.04451	0.07669	0.13679	0.01939	0.00991	0.00324	0.00639	0.46600	0.00708	0.00751
83	0.00925	0.00777	0.00808	0.00823	0.01072	0.00660	0.00632	0.01130	0.01730	0.02068	0.07367	0.07408	0.62780	0.01936	0.00910	0.00264	0.00411	0.06949	0.00704	0.00645
84	0.02092	0.60618	0.05802	0.01404	0.02015	0.06751	0.01369	0.02351	0.01582	0.04464	0.01144	0.01316	0.01010	0.00708	0.00628	0.00179	0.04794	0.00444	0.00353	0.00977
85	0.05596	0.01481	0.01806	0.03739	0.04528	0.01520	0.01213	0.16763	0.12977	0.28895	0.05108	0.05245	0.02035	0.01080	0.00864	0.03737	0.00679	0.00815	0.00773	0.01147
86	0.00921	0.00772	0.00805	0.00825	0.01067	0.00656	0.00628	0.01122	0.01719	0.02061	0.07284	0.09943	0.61250	0.01951	0.00910	0.00265	0.00409	0.06065	0.00704	0.00644
87	0.01877	0.01802	0.03079	0.04656	0.68612	0.01802	0.02328	0.02328	0.01727	0.02478	0.01427	0.01877	0.01201	0.00676	0.00751	0.00225	0.00901	0.00676	0.00375	0.01201
88	0.01710	0.15678	0.32774	0.08150	0.17595	0.01996	0.02259	0.02437	0.06152	0.02323	0.01439	0.01712	0.01114	0.00722	0.00692	0.00225	0.00971	0.00588	0.00366	0.01095
89	0.02346	0.02383	0.01885	0.01659	0.02048	0.30525	0.01281	0.10807	0.16946	0.05720	0.11876	0.02466	0.02291	0.00995	0.00811	0.00226	0.03381	0.00747	0.00612	0.00995
90	0.00955	0.00682	0.00915	0.01091	0.01149	0.00643	0.00757	0.01109	0.01482	0.01971	0.04164	0.66240	0.04950	0.02347	0.00976	0.00312	0.00467	0.08462	0.00704	0.00625
91	0.01635	0.01385	0.01606	0.01153	0.01824	0.01075	0.00924	0.04946	0.01667	0.02581	0.01371	0.01585	0.01131	0.00578	0.00571	0.00118	0.00575	0.00460	0.00464	0.74351
92	0.01407	0.01217	0.04696	0.01455	0.01704	0.01210	0.07195	0.01739	0.01682	0.06257	0.25007	0.07457	0.03664	0.04791	0.11324	0.00419	0.13293	0.01056	0.03633	0.00795

[dist]
# distance from previous block
# <min> <max>
0	9

[block]
# block no. 1 follows, 26 sequences, length 206
# corresponding to MSA columns:
# 632-837
name=unknown_B
#
# <colnr> <probs for GDERKNQSTAVLIFYWHMCP>
#	G	D	E	R	K	N	Q	S	T	A	V	L	I	F	Y	W	H	M	C	P
0	0.02085	0.01725	0.02378	0.34315	0.12139	0.01974	0.01862	0.28340	0.02386	0.03175	0.01552	0.01921	0.01150	0.00810	0.00758	0.00239	0.00925	0.00678	0.00515	0.01072
1	0.12549	0.45227	0.11230	0.04037	0.02180	0.04985	0.01474	0.02265	0.01509	0.02094	0.01103	0.01331	0.00954	0.00721	0.00667	0.00198	0.05721	0.00456	0.00347	0.00952
2	0.01213	0.00836	0.01164	0.08712	0.01606	0.00946	0.00922	0.01510	0.01343	0.02047	0.02106	0.02992	0.01882	0.09246	0.38467	0.00792	0.01361	0.00792	0.21378	0.00686
3	0.01100	0.00791	0.01078	0.01239	0.01371	0.00769	0.00999	0.01368	0.01655	0.02169	0.06290	0.31051	0.07058	0.02170	0.01009	0.00328	0.00585	0.37597	0.00705	0.00668
4	0.02380	0.01870	0.01994	0.01631	0.02158	0.02092	0.01312	0.35339	0.32751	0.03961	0.02386	0.02276	0.01755	0.00953	0.00758	0.00237	0.00717	0.00755	0.00754	0.03919
5	0.01423	0.00887	0.01156	0.01072	0.01311	0.00833	0.00830	0.01850	0.05257	0.11587	0.49257	0.07838	0.05940	0.01517	0.00886	0.00250	0.00436	0.06029	0.00830	0.00809
6	0.01790	0.02046	0.04476	0.03197	0.03964	0.01918	0.65857	0.02430	0.01790	0.02430	0.01535	0.02046	0.01151	0.00639	0.00895	0.00256	0.01279	0.00895	0.00384	0.01023
7	0.02088	0.01670	0.01784	0.01557	0.02016	0.01900	0.01225	0.11384	0.56111	0.06979	0.02932	0.02696	0.02170	0.01010	0.00770	0.00253	0.00631	0.00832	0.00779	0.01216
8	0.01655	0.01705	0.03279	0.35247	0.04423	0.01840	0.31092	0.04417	0.01700	0.02258	0.01436	0.02012	0.01084	0.00732	0.00888	0.00256	0.03889	0.00775	0.00373	0.00940
9	0.02595	0.01397	0.01692	0.01418	0.01908	0.01414	0.01141	0.03668	0.29395	0.36406	0.05431	0.03041	0.02353	0.01046	0.00783	0.00249	0.00618	0.03383	0.00855	0.01208
10	0.01067	0.00775	0.01005	0.00948	0.01129	0.00713	0.00711	0.01419	0.02132	0.03006	0.66037	0.05725	0.09353	0.01564	0.00895	0.00239	0.00359	0.01380	0.00830	0.00713
11	0.00957	0.00683	0.00901	0.01030	0.01096	0.00638	0.00697	0.01123	0.01559	0.02110	0.15180	0.58697	0.05302	0.04889	0.01064	0.00312	0.00437	0.01981	0.00718	0.00627
12	0.05597	0.02101	0.02235	0.01718	0.02321	0.02329	0.01419	0.63797	0.03485	0.04731	0.01794	0.01800	0.01273	0.00903	0.00748	0.00228	0.00826	0.00673	0.00748	0.01273
13	0.03383	0.01323	0.01780	0.01365	0.01953	0.01163	0.01128	0.06135	0.02226	0.66622	0.02947	0.02552	0.01855	0.00938	0.00763	0.00234	0.00653	0.00760	0.00932	0.01291
14	0.00942	0.00775	0.00832	0.00830	0.01069	0.00664	0.00631	0.01170	0.01800	0.02226	0.17669	0.07086	0.54929	0.01867	0.00903	0.00258	0.00395	0.04571	0.00726	0.00656
15	0.00938	0.00671	0.00893	0.01047	0.01103	0.00625	0.00705	0.01091	0.01517	0.02040	0.10180	0.66554	0.05217	0.02299	0.00961	0.00302	0.00432	0.02083	0.00716	0.00625
16	0.01093	0.00731	0.00830	0.00840	0.00842	0.00729	0.00473	0.01100	0.01122	0.01496	0.02488	0.08684	0.02881	0.69453	0.03702	0.00712	0.00719	0.01161	0.00473	0.00468
17	0.05839	0.01340	0.01756	0.01359	0.01937	0.01208	0.01120	0.05994	0.04490	0.62212	0.02887	0.02517	0.01836	0.00933	0.00753	0.00235	0.00649	0.00751	0.00911	0.01272
18	0.01922	0.01647	0.01735	0.01551	0.01986	0.01903	0.01209	0.06216	0.64999	0.03230	0.03043	0.02794	0.02279	0.01025	0.00771	0.00256	0.00609	0.00851	0.00771	0.01204
19	0.66335	0.01438	0.01221	0.01055	0.01544	0.01605	0.00870	0.02471	0.01435	0.14198	0.01374	0.01454	0.00995	0.00743	0.00518	0.00235	0.00596	0.00469	0.00546	0.00899
20	0.00932	0.00666	0.00887	0.01051	0.01102	0.00622	0.00705	0.01077	0.01490	0.01997	0.07690	0.69166	0.05134	0.02331	0.00964	0.00304	0.00436	0.02113	0.00711	0.00622
21	0.01318	0.00659	0.00988	0.00988	0.00988	0.00659	0.00659	0.00988	0.00988	0.01318	0.01318	0.02306	0.01318	0.02635	0.02964	0.77931	0.00659	0.00659	0.00329	0.00329
22	0.00985	0.00710	0.00897	0.01027	0.01086	0.00680	0.00679	0.01170	0.03729	0.01912	0.03995	0.57417	0.06928	0.13310	0.01407	0.00371	0.00489	0.01927	0.00669	0.00613
23	0.01876	0.01371	0.01495	0.01266	0.01558	0.01483	0.00934	0.26741	0.08963	0.03028	0.06089	0.03560	0.02397	0.33448	0.02159	0.00459	0.00738	0.00930	0.00630	0.00875
24	0.00959	0.00681	0.00872	0.01003	0.01052	0.00641	0.00659	0.01080	0.01430	0.01905	0.06525	0.56335	0.06991	0.14363	0.01453	0.00376	0.00485	0.01927	0.00668	0.00594
25	0.00896	0.00768	0.00768	0.00768	0.01025	0.00640	0.00576	0.01089	0.01729	0.02049	0.07684	0.07300	0.68304	0.01921	0.00896	0.00256	0.00384	0.01601	0.00704	0.00640
26	0.01079	0.00810	0.01141	0.01196	0.01288	0.00894	0.00897	0.01286	0.01332	0.01847	0.02880	0.25827	0.03148	0.09448	0.32504	0.00757	0.05125	0.07360	0.00530	0.00651
27	0.00981	0.00721	0.00918	0.01050	0.01136	0.00684	0.00723	0.01206	0.03963	0.02029	0.06685	0.57062	0.10572	0.04716	0.01056	0.00315	0.00458	0.04382	0.00703	0.00641
28	0.00956	0.00690	0.00913	0.01079	0.01149	0.00647	0.00756	0.01116	0.01501	0.01980	0.04354	0.61972	0.08412	0.02320	0.00973	0.00310	0.00466	0.09076	0.00703	0.00627
29	0.01432	0.01348	0.02275	0.71520	0.05224	0.01685	0.02107	0.01938	0.01517	0.01938	0.01348	0.02022	0.01011	0.00758	0.00758	0.00253	0.01011	0.00674	0.00337	0.00843
30	0.01085	0.00808	0.01198	0.01198	0.01326	0.00936	0.00921	0.01341	0.01213	0.01745	0.02051	0.03089	0.01943	0.09397	0.66694	0.01193	0.01961	0.00829	0.00409	0.00665
31	0.01759	0.01499	0.01582	0.01433	0.01831	0.01694	0.01110	0.05847	0.53895	0.03040	0.03671	0.06122	0.10829	0.01192	0.00795	0.00258	0.00575	0.00997	0.00760	0.01109
32	0.00924	0.00660	0.00880	0.01056	0.01100	0.00616	0.00704	0.01056	0.01452	0.01936	0.04181	0.72848	0.05017	0.02376	0.00968	0.00308	0.00440	0.02156	0.00704	0.00616
33	0.01877	0.01802	0.03079	0.04656	0.68612	0.01802	0.02328	0.02328	0.01727	0.02478	0.01427	0.01877	0.01201	0.00676	0.00751	0.00225	0.00901	0.00676	0.00375	0.01201
34	0.02951	0.01232	0.01626	0.01278	0.01800	0.01087	0.01044	0.05806	0.02186	0.54651	0.09076	0.03248	0.08334	0.01080	0.00786	0.00237	0.00604	0.00889	0.00901	0.01182
35	0.00924	0.00660	0.00880	0.01056	0.01100	0.00616	0.00704	0.01056	0.01452	0.01936	0.04181	0.72848	0.05017	0.02376	0.00968	0.00308	0.00440	0.02156	0.00704	0.00616
36	0.00924	0.00660	0.00880	0.01056	0.01100	0.00616	0.00704	0.01056	0.01452	0.01936	0.04181	0.72848	0.05017	0.02376	0.00968	0.00308	0.00440	0.02156	0.00704	0.00616
37	0.02883	0.02125	0.02276	0.01745	0.02352	0.02352	0.01442	0.66082	0.03566	0.04780	0.01821	0.01821	0.01290	0.00911	0.00759	0.00228	0.00835	0.00683	0.00759	0.01290
38	0.01117	0.00862	0.01284	0.01264	0.01392	0.01029	0.00990	0.01382	0.01216	0.01765	0.01971	0.02903	0.01844	0.05434	0.66370	0.01167	0.06120	0.00804	0.00402	0.00686
39	0.01659	0.01659	0.02323	0.01991	0.01991	0.02323	0.01659	0.01825	0.01162	0.01825	0.00996	0.01659	0.00996	0.01328	0.02489	0.00332	0.71955	0.00664	0.00332	0.00830
40	0.69986	0.01447	0.01190	0.01038	0.01521	0.01634	0.00855	0.02399	0.01393	0.11011	0.01280	0.01388	0.00944	0.00731	0.00503	0.00235	0.00594	0.00451	0.00524	0.00876
41	0.01318	0.00659	0.00988	0.00988	0.00988	0.00659	0.00659	0.00988	0.00988	0.01318	0.01318	0.02306	0.01318	0.02635	0.02964	0.77931	0.00659	0.00659	0.00329	0.00329
42	0.00896	0.00768	0.00768	0.00768	0.01025	0.00640	0.00576	0.01089	0.01729	0.02049	0.07684	0.07300	0.68304	0.01921	0.00896	0.00256	0.00384	0.01601	0.00704	0.00640
43	0.01103	0.00735	0.00827	0.00827	0.00827	0.00735	0.00460	0.01103	0.01103	0.01471	0.02390	0.04964	0.02758	0.73343	0.03861	0.00735	0.00735	0.01103	0.00460	0.00460
44	0.01521	0.03923	0.69413	0.02162	0.03283	0.01762	0.02802	0.02402	0.01601	0.02402	0.01361	0.01601	0.00961	0.00721	0.00721	0.00240	0.01121	0.00560	0.00320	0.01121
45	0.02543	0.01894	0.02047	0.01573	0.02160	0.02015	0.01289	0.49403	0.05334	0.04223	0.01824	0.01873	0.01336	0.00855	0.00713	0.00206	0.00753	0.00651	0.05198	0.14109
46	0.01659	0.01659	0.02323	0.01991	0.01991	0.02323	0.01659	0.01825	0.01162	0.01825	0.00996	0.01659	0.00996	0.01328	0.02489	0.00332	0.71955	0.00664	0.00332	0.00830
47	0.78701	0.01467	0.01115	0.00997	0.01467	0.01702	0.00821	0.02230	0.01291	0.03403	0.01056	0.01232	0.00821	0.00704	0.00469	0.00235	0.00587	0.00411	0.00469	0.00821
48	0.01835	0.01759	0.03003	0.10982	0.62614	0.01791	0.02307	0.02291	0.01707	0.02427	0.01419	0.01891	0.01183	0.00684	0.00752	0.00228	0.00912	0.00676	0.00372	0.01168
49	0.01299	0.00995	0.01457	0.01815	0.10642	0.00990	0.01348	0.01656	0.01743	0.02290	0.03802	0.07603	0.06329	0.01896	0.01002	0.00329	0.00714	0.52670	0.00655	0.00764
50	0.02804	0.02082	0.02276	0.05570	0.02510	0.02316	0.01478	0.62567	0.03454	0.04625	0.01795	0.01832	0.01275	0.00902	0.00759	0.00229	0.00844	0.00682	0.00736	0.01265
51	0.01741	0.01297	0.01490	0.01420	0.04021	0.01416	0.01023	0.04944	0.32771	0.07719	0.05961	0.03648	0.02618	0.19508	0.04306	0.00415	0.00705	0.03361	0.00677	0.00960
52	0.02780	0.02047	0.02190	0.01697	0.02279	0.02268	0.01396	0.60661	0.06587	0.04629	0.01907	0.01908	0.01364	0.00915	0.00751	0.00227	0.00805	0.00692	0.03633	0.01264
53	0.01887	0.01629	0.01715	0.01544	0.01972	0.01887	0.01201	0.04031	0.67241	0.03173	0.03087	0.02830	0.02315	0.01029	0.00772	0.00257	0.00600	0.00858	0.00772	0.01201
54	0.01817	0.01741	0.02970	0.13693	0.60044	0.01786	0.02298	0.02275	0.01699	0.02405	0.01416	0.01897	0.01176	0.00687	0.00752	0.00229	0.00916	0.00676	0.00370	0.01153
55	0.01014	0.00734	0.00961	0.01019	0.01146	0.00682	0.00740	0.01269	0.01810	0.02480	0.34149	0.33794	0.09042	0.01950	0.00936	0.00276	0.00418	0.06145	0.00765	0.00670
56	0.01318	0.00659	0.00988	0.00988	0.00988	0.00659	0.00659	0.00988	0.00988	0.01318	0.01318	0.02306	0.01318	0.02635	0.02964	0.77931	0.00659	0.00659	0.00329	0.00329
57	0.01067	0.00712	0.00946	0.01087	0.01176	0.00662	0.00761	0.01227	0.01521	0.05233	0.04246	0.61731	0.07274	0.02266	0.00962	0.00306	0.00469	0.06984	0.00715	0.00656
58	0.02484	0.02217	0.02141	0.13506	0.02740	0.17240	0.01504	0.34809	0.04935	0.03430	0.01669	0.01861	0.01250	0.01019	0.03053	0.00257	0.00999	0.00649	0.03156	0.01080
59	0.00940	0.00670	0.00886	0.01041	0.01091	0.00627	0.00695	0.01080	0.01479	0.01982	0.07852	0.66174	0.05050	0.05198	0.01081	0.00321	0.00447	0.02068	0.00702	0.00616
60	0.01054	0.00760	0.00996	0.00968	0.01129	0.00702	0.00714	0.01382	0.02055	0.02895	0.59717	0.14578	0.06873	0.01660	0.00904	0.00248	0.00369	0.01476	0.00818	0.00702
61	0.01834	0.01758	0.03000	0.11179	0.62428	0.01791	0.02306	0.02290	0.01707	0.02425	0.01419	0.01891	0.01183	0.00684	0.00752	0.00228	0.00912	0.00676	0.00372	0.01166
62	0.01153	0.00836	0.01135	0.01294	0.01459	0.00818	0.01095	0.01460	0.01707	0.02206	0.04383	0.16694	0.10484	0.02115	0.01023	0.00335	0.00636	0.49784	0.00700	0.00682
63	0.01054	0.00715	0.00842	0.00889	0.00901	0.00703	0.00526	0.01090	0.01198	0.01597	0.02876	0.23390	0.03371	0.54081	0.03076	0.00619	0.00655	0.01389	0.00526	0.00502
64	0.02883	0.02125	0.02276	0.01745	0.02352	0.02352	0.01442	0.66082	0.03566	0.04780	0.01821	0.01821	0.01290	0.00911	0.00759	0.00228	0.00835	0.00683	0.00759	0.01290
65	0.71568	0.01453	0.01195	0.03761	0.01639	0.01669	0.00888	0.02299	0.01348	0.06949	0.01174	0.01337	0.00887	0.00719	0.00497	0.00235	0.00606	0.00440	0.00490	0.00848
66	0.01447	0.01377	0.02366	0.68705	0.05172	0.01695	0.04733	0.01958	0.01528	0.01958	0.01356	0.02023	0.01017	0.00753	0.00764	0.00253	0.01022	0.00683	0.00339	0.00850
67	0.01432	0.01348	0.02275	0.71520	0.05224	0.01685	0.02107	0.01938	0.01517	0.01938	0.01348	0.02022	0.01011	0.00758	0.00758	0.00253	0.01011	0.00674	0.00337	0.00843
68	0.01573	0.01348	0.01573	0.01123	0.01798	0.01011	0.00899	0.01910	0.01573	0.02472	0.01348	0.01573	0.01123	0.00562	0.00562	0.00112	0.00562	0.00449	0.00449	0.77980
69	0.00924	0.00660	0.00880	0.01056	0.01100	0.00616	0.00704	0.01056	0.01452	0.01936	0.04181	0.72848	0.05017	0.02376	0.00968	0.00308	0.00440	0.02156	0.00704	0.00616
70	0.00924	0.00660	0.00880	0.01056	0.01100	0.00616	0.00704	0.01056	0.01452	0.01936	0.04181	0.72848	0.05017	0.02376	0.00968	0.00308	0.00440	0.02156	0.00704	0.00616
71	0.01085	0.00808	0.01196	0.01196	0.01324	0.00936	0.00920	0.01340	0.01212	0.01744	0.02053	0.03096	0.01947	0.09645	0.66450	0.01191	0.01956	0.00830	0.00409	0.00665
72	0.02883	0.02125	0.02276	0.01745	0.02352	0.02352	0.01442	0.66082	0.03566	0.04780	0.01821	0.01821	0.01290	0.00911	0.00759	0.00228	0.00835	0.00683	0.00759	0.01290
73	0.01103	0.00735	0.00827	0.00827	0.00827	0.00735	0.00460	0.01103	0.01103	0.01471	0.02390	0.04964	0.02758	0.73343	0.03861	0.00735	0.00735	0.01103	0.00460	0.00460
74	0.01790	0.02046	0.04476	0.03197	0.03964	0.01918	0.65857	0.02430	0.01790	0.02430	0.01535	0.02046	0.01151	0.00639	0.00895	0.00256	0.01279	0.00895	0.00384	0.01023
75	0.09186	0.01330	0.01706	0.01336	0.01902	0.01218	0.01098	0.03607	0.06951	0.59075	0.02848	0.02495	0.01828	0.00927	0.00740	0.00236	0.00637	0.00742	0.00890	0.01247
76	0.03011	0.01921	0.02150	0.01648	0.02250	0.02050	0.01362	0.50824	0.03225	0.20520	0.02108	0.02007	0.01434	0.00917	0.00760	0.00229	0.00788	0.00702	0.00803	0.01290
77	0.00924	0.00660	0.00880	0.01056	0.01100	0.00616	0.00704	0.01056	0.01452	0.01936	0.04181	0.72848	0.05017	0.02376	0.00968	0.00308	0.00440	0.02156	0.00704	0.00616
78	0.01573	0.01348	0.01573	0.01123	0.01798	0.01011	0.00899	0.01910	0.01573	0.02472	0.01348	0.01573	0.01123	0.00562	0.00562	0.00112	0.00562	0.00449	0.00449	0.77980
79	0.01485	0.01408	0.02341	0.60798	0.09869	0.01745	0.02088	0.01959	0.01505	0.01971	0.01326	0.01982	0.01025	0.00797	0.00896	0.00257	0.06666	0.00673	0.00340	0.00869
80	0.00924	0.00660	0.00880	0.01056	0.01100	0.00616	0.00704	0.01056	0.01452	0.01936	0.04181	0.72848	0.05017	0.02376	0.00968	0.00308	0.00440	0.02156	0.00704	0.00616
81	0.01573	0.01348	0.01573	0.01123	0.01798	0.01011	0.00899	0.01910	0.01573	0.02472	0.01348	0.01573	0.01123	0.00562	0.00562	0.00112	0.00562	0.00449	0.00449	0.77980
82	0.01074	0.00775	0.01014	0.00954	0.01133	0.00716	0.00716	0.01431	0.02147	0.03042	0.68211	0.05666	0.07157	0.01551	0.00895	0.00239	0.00358	0.01372	0.00835	0.00716
83	0.01573	0.01348	0.01573	0.01123	0.01798	0.01011	0.00899	0.01910	0.01573	0.02472	0.01348	0.01573	0.01123	0.00562	0.00562	0.00112	0.00562	0.00449	0.00449	0.77980
84	0.02530	0.02085	0.02210	0.16091	0.02893	0.09807	0.01551	0.43645	0.02919	0.03801	0.01673	0.01845	0.01219	0.00864	0.00743	0.00227	0.00915	0.00660	0.03189	0.01132
85	0.01030	0.00774	0.00953	0.00908	0.01106	0.00697	0.00681	0.01347	0.02044	0.02796	0.53232	0.06070	0.22289	0.01642	0.00895	0.00243	0.00364	0.01428	0.00803	0.00697
86	0.01998	0.59678	0.13497	0.01461	0.02165	0.06508	0.01528	0.02332	0.01583	0.01879	0.01106	0.01282	0.00972	0.00667	0.00532	0.00176	0.00887	0.00433	0.00327	0.00990
87	0.02065	0.66190	0.07694	0.01351	0.02024	0.02837	0.01377	0.02348	0.01575	0.05094	0.01167	0.01306	0.01017	0.00667	0.00514	0.00170	0.00821	0.00432	0.00354	0.00997
88	0.01887	0.01629	0.01715	0.01544	0.01972	0.01887	0.01201	0.04031	0.67241	0.03173	0.03087	0.02830	0.02315	0.01029	0.00772	0.00257	0.00600	0.00858	0.00772	0.01201
89	0.00904	0.00769	0.00779	0.00776	0.01029	0.00643	0.00582	0.01103	0.01746	0.02090	0.10178	0.07232	0.65784	0.01906	0.00896	0.00255	0.00383	0.01591	0.00710	0.00643
90	0.01798	0.01748	0.06087	0.17670	0.02998	0.04581	0.11114	0.05890	0.04066	0.05472	0.01488	0.01975	0.01190	0.01062	0.01398	0.05747	0.20549	0.00702	0.03562	0.00902
91	0.01457	0.01373	0.02319	0.67855	0.08698	0.01692	0.02119	0.01959	0.01528	0.01968	0.01352	0.02014	0.01022	0.00754	0.00758	0.00251	0.01005	0.00674	0.00339	0.00862
92	0.01084	0.00813	0.01219	0.01219	0.01354	0.00948	0.00948	0.01354	0.01219	0.01761	0.02032	0.02980	0.01896	0.05689	0.70337	0.01219	0.02032	0.00813	0.00406	0.00677
93	0.00924	0.00660	0.00880	0.01056	0.01100	0.00616	0.00704	0.01056	0.01452	0.01936	0.04181	0.72848	0.05017	0.02376	0.00968	0.00308	0.00440	0.02156	0.00704	0.00616
94	0.01521	0.03923	0.69413	0.02162	0.03283	0.01762	0.02802	0.02402	0.01601	0.02402	0.01361	0.01601	0.00961	0.00721	0.00721	0.00240	0.01121	0.00560	0.00320	0.01121
95	0.02883	0.02125	0.02276	0.01745	0.02352	0.02352	0.01442	0.66082	0.03566	0.04780	0.01821	0.01821	0.01290	0.00911	0.00759	0.00228	0.00835	0.00683	0.00759	0.01290
96	0.01074	0.00775	0.01014	0.00954	0.01133	0.00716	0.00716	0.01431	0.02147	0.03042	0.68211	0.05666	0.07157	0.01551	0.00895	0.00239	0.00358	0.01372	0.00835	0.00716
97	0.01470	0.01406	0.02352	0.61460	0.04819	0.01765	0.04122	0.01941	0.01485	0.01941	0.01314	0.01982	0.01014	0.00819	0.00958	0.00262	0.09025	0.00680	0.00338	0.00847
98	0.01620	0.01376	0.01598	0.01146	0.01818	0.01060	0.00918	0.04229	0.01645	0.02555	0.01365	0.01582	0.01129	0.00574	0.00569	0.00117	0.00572	0.00458	0.00461	0.75209
99	0.00924	0.00660	0.00880	0.01056	0.01100	0.00616	0.00704	0.01056	0.01452	0.01936	0.04181	0.72848	0.05017	0.02376	0.00968	0.00308	0.00440	0.02156	0.00704	0.00616
100	0.00924	0.00660	0.00880	0.01056	0.01100	0.00616	0.00704	0.01056	0.01452	0.01936	0.04181	0.72848	0.05017	0.02376	0.00968	0.00308	0.00440	0.02156	0.00704	0.00616
101	0.01995	0.71306	0.03874	0.01286	0.01919	0.02923	0.01278	0.02243	0.01562	0.01827	0.03348	0.01369	0.01185	0.00680	0.00501	0.00165	0.00796	0.00439	0.00342	0.00965
102	0.07525	0.46449	0.03225	0.01418	0.02028	0.04961	0.01303	0.18120	0.04167	0.02683	0.01314	0.01424	0.01085	0.00734	0.00569	0.00188	0.00813	0.00492	0.00458	0.01045
103	0.01694	0.19517	0.43780	0.02367	0.13524	0.02051	0.02383	0.02360	0.01608	0.02274	0.01302	0.01558	0.01003	0.00697	0.00672	0.00220	0.01015	0.00544	0.00330	0.01100
104	0.01827	0.02109	0.08733	0.05759	0.06196	0.01861	0.54061	0.02457	0.01780	0.05159	0.01571	0.02030	0.01164	0.00663	0.00867	0.00253	0.01218	0.00850	0.00400	0.01040
105	0.01084	0.00813	0.01219	0.01219	0.01354	0.00948	0.00948	0.01354	0.01219	0.01761	0.02032	0.02980	0.01896	0.05689	0.70337	0.01219	0.02032	0.00813	0.00406	0.00677
106	0.02291	0.04836	0.02741	0.05470	0.33825	0.23635	0.04391	0.06933	0.01992	0.04746	0.01417	0.01725	0.01144	0.00735	0.00727	0.00216	0.01051	0.00619	0.00424	0.01082
107	0.01793	0.02038	0.04429	0.03246	0.06121	0.01914	0.63737	0.02426	0.01788	0.02431	0.01531	0.02040	0.01153	0.00641	0.00890	0.00255	0.01266	0.00888	0.00383	0.01029
108	0.01222	0.00873	0.01222	0.01397	0.01572	0.00873	0.01222	0.01572	0.01746	0.02270	0.04016	0.08556	0.04365	0.02095	0.01048	0.00349	0.00698	0.63506	0.00698	0.00698
109	0.01647	0.03619	0.62012	0.02060	0.03109	0.01677	0.02605	0.02466	0.01663	0.07421	0.03766	0.01814	0.01241	0.00765	0.00730	0.00240	0.01059	0.00603	0.00384	0.01120
110	0.01344	0.01084	0.01205	0.01159	0.01438	0.01117	0.00899	0.05179	0.20394	0.02609	0.11772	0.10168	0.24789	0.04148	0.00983	0.00286	0.00521	0.09336	0.00731	0.00838
111	0.00981	0.00704	0.00931	0.01017	0.01113	0.00654	0.00709	0.01199	0.01716	0.02356	0.28494	0.47338	0.05829	0.02063	0.00940	0.00282	0.00409	0.01858	0.00754	0.00654
112	0.03403	0.01291	0.01760	0.01350	0.01936	0.01115	0.01115	0.03697	0.02171	0.69137	0.02992	0.02582	0.01878	0.00939	0.00763	0.00235	0.00645	0.00763	0.00939	0.01291
113	0.02519	0.02854	0.02228	0.02178	0.09449	0.42327	0.01542	0.10943	0.04720	0.02346	0.01378	0.01632	0.01134	0.01047	0.03710	0.00260	0.07742	0.00578	0.00447	0.00967
114	0.01889	0.31194	0.35129	0.01797	0.02639	0.11119	0.02041	0.02432	0.01649	0.02090	0.01217	0.01421	0.00968	0.00701	0.00624	0.00204	0.01032	0.00491	0.00331	0.01032
115	0.01103	0.00735	0.00827	0.00827	0.00827	0.00735	0.00460	0.01103	0.01103	0.01471	0.02390	0.04964	0.02758	0.73343	0.03861	0.00735	0.00735	0.01103	0.00460	0.00460
116	0.01841	0.01894	0.05686	0.12432	0.56226	0.03999	0.02293	0.02307	0.01711	0.02390	0.01406	0.01867	0.01162	0.00691	0.00748	0.00228	0.00938	0.00665	0.00369	0.01145
117	0.01960	0.19421	0.16968	0.02928	0.30273	0.04722	0.02038	0.02499	0.04248	0.05953	0.01465	0.01718	0.01169	0.00711	0.00681	0.00214	0.00918	0.00592	0.00399	0.01123
118	0.06879	0.30921	0.02794	0.01511	0.02080	0.10732	0.01312	0.20068	0.09285	0.05366	0.01571	0.01627	0.01230	0.00792	0.00625	0.00201	0.00843	0.00554	0.00531	0.01076
119	0.01617	0.02051	0.16032	0.02527	0.16026	0.01498	0.16582	0.02141	0.01657	0.02405	0.01697	0.07033	0.01494	0.00813	0.00753	0.00215	0.00903	0.02779	0.00420	0.21358
120	0.03383	0.01323	0.01780	0.01365	0.01952	0.01163	0.01128	0.06126	0.02225	0.66631	0.02947	0.02552	0.01855	0.00938	0.00763	0.00234	0.00653	0.00760	0.00932	0.01291
121	0.02316	0.01436	0.01714	0.01306	0.01914	0.01278	0.01056	0.08418	0.10639	0.24099	0.02146	0.02084	0.01537	0.00775	0.00671	0.00181	0.00618	0.00624	0.00676	0.36512
122	0.01776	0.01840	0.03566	0.08659	0.33396	0.01807	0.30278	0.02304	0.01731	0.02401	0.01558	0.04262	0.01289	0.00721	0.00822	0.00243	0.01061	0.00820	0.00387	0.01078
123	0.00924	0.00660	0.00880	0.01056	0.01100	0.00616	0.00704	0.01056	0.01452	0.01936	0.04181	0.72848	0.05017	0.02376	0.00968	0.00308	0.00440	0.02156	0.00704	0.00616
124	0.01790	0.02046	0.04476	0.03197	0.03964	0.01918	0.65857	0.02430	0.01790	0.02430	0.01535	0.02046	0.01151	0.00639	0.00895	0.00256	0.01279	0.00895	0.00384	0.01023
125	0.01611	0.01530	0.02597	0.44710	0.30640	0.01732	0.02195	0.02094	0.01601	0.02155	0.01380	0.01964	0.01087	0.00725	0.00755	0.00242	0.00967	0.00675	0.00352	0.00986
126	0.01141	0.00874	0.01276	0.01250	0.01371	0.01042	0.00973	0.01397	0.01223	0.01791	0.01977	0.02940	0.01857	0.07602	0.60213	0.01096	0.07512	0.00808	0.02976	0.00683
127	0.00924	0.00660	0.00880	0.01056	0.01100	0.00616	0.00704	0.01056	0.01452	0.01936	0.04181	0.72848	0.05017	0.02376	0.00968	0.00308	0.00440	0.02156	0.00704	0.00616
128	0.01155	0.01046	0.01491	0.01665	0.13000	0.00950	0.06099	0.01440	0.01761	0.02239	0.11462	0.08373	0.43270	0.01587	0.00874	0.00251	0.00545	0.01385	0.00634	0.00774
129	0.00942	0.00671	0.00888	0.01040	0.01092	0.00628	0.00696	0.01086	0.01491	0.02001	0.08890	0.65309	0.05092	0.04957	0.01070	0.00319	0.00445	0.02059	0.00705	0.00618
130	0.01877	0.01802	0.03079	0.04656	0.68612	0.01802	0.02328	0.02328	0.01727	0.02478	0.01427	0.01877	0.01201	0.00676	0.00751	0.00225	0.00901	0.00676	0.00375	0.01201
131	0.02883	0.02125	0.02276	0.01745	0.02352	0.02352	0.01442	0.66082	0.03566	0.04780	0.01821	0.01821	0.01290	0.00911	0.00759	0.00228	0.00835	0.00683	0.00759	0.01290
132	0.01318	0.00659	0.00988	0.00988	0.00988	0.00659	0.00659	0.00988	0.00988	0.01318	0.01318	0.02306	0.01318	0.02635	0.02964	0.77931	0.00659	0.00659	0.00329	0.00329
133	0.01318	0.00659	0.00988	0.00988	0.00988	0.00659	0.00659	0.00988	0.00988	0.01318	0.01318	0.02306	0.01318	0.02635	0.02964	0.77931	0.00659	0.00659	0.00329	0.00329
134	0.06044	0.01425	0.01816	0.01398	0.01983	0.01326	0.01154	0.13231	0.02354	0.56871	0.02742	0.02416	0.01749	0.00926	0.00752	0.00234	0.00672	0.00738	0.00894	0.01274
135	0.02096	0.01923	0.01784	0.01599	0.02029	0.12447	0.01238	0.03862	0.54481	0.05687	0.02787	0.02593	0.02090	0.00987	0.00758	0.00247	0.00721	0.00797	0.00720	0.01155
136	0.02833	0.03615	0.02149	0.01954	0.02345	0.70298	0.01466	0.03029	0.02149	0.01856	0.01172	0.01368	0.00977	0.00782	0.00684	0.00195	0.01368	0.00489	0.00391	0.00879
137	0.01084	0.00813	0.01219	0.01219	0.01354	0.00948	0.00948	0.01354	0.01219	0.01761	0.02032	0.02980	0.01896	0.05689	0.70337	0.01219	0.02032	0.00813	0.00406	0.00677
138	0.01074	0.00775	0.01014	0.00954	0.01133	0.00716	0.00716	0.01431	0.02147	0.03042	0.68211	0.05666	0.07157	0.01551	0.00895	0.00239	0.00358	0.01372	0.00835	0.00716
139	0.02883	0.02125	0.02276	0.01745	0.02352	0.02352	0.01442	0.66082	0.03566	0.04780	0.01821	0.01821	0.01290	0.00911	0.00759	0.00228	0.00835	0.00683	0.00759	0.01290
140	0.02028	0.73799	0.03975	0.01298	0.01947	0.03001	0.01298	0.02271	0.01541	0.01785	0.01055	0.01217	0.00973	0.00649	0.00487	0.00162	0.00811	0.00406	0.00324	0.00973
141	0.01318	0.00659	0.00988	0.00988	0.00988	0.00659	0.00659	0.00988	0.00988	0.01318	0.01318	0.02306	0.01318	0.02635	0.02964	0.77931	0.00659	0.00659	0.00329	0.00329
142	0.01318	0.00659	0.00988	0.00988	0.00988	0.00659	0.00659	0.00988	0.00988	0.01318	0.01318	0.02306	0.01318	0.02635	0.02964	0.77931	0.00659	0.00659	0.00329	0.00329
143	0.01521	0.03923	0.69413	0.02162	0.03283	0.01762	0.02802	0.02402	0.01601	0.02402	0.01361	0.01601	0.00961	0.00721	0.00721	0.00240	0.01121	0.00560	0.00320	0.01121
144	0.01542	0.03781	0.64476	0.02241	0.03335	0.01773	0.07596	0.02404	0.01616	0.02404	0.01374	0.01635	0.00975	0.00714	0.00734	0.00241	0.01133	0.00586	0.00325	0.01114
145	0.01084	0.00810	0.01204	0.01204	0.01334	0.00940	0.00929	0.01345	0.01214	0.01749	0.02046	0.03057	0.01930	0.08333	0.67739	0.01200	0.01981	0.00824	0.00408	0.00669
146	0.00896	0.00768	0.00768	0.00768	0.01025	0.00640	0.00576	0.01089	0.01729	0.02049	0.07684	0.07300	0.68304	0.01921	0.00896	0.00256	0.00384	0.01601	0.00704	0.00640
147	0.01084	0.00813	0.01219	0.01219	0.01354	0.00948	0.00948	0.01354	0.01219	0.01761	0.02032	0.02980	0.01896	0.05689	0.70337	0.01219	0.02032	0.00813	0.00406	0.00677
