[name]
unknown

[dist]
# distance from previous block
# <min> <max>
0	169

[block]
# block no. 0 follows, 24 sequences, length 95
# corresponding to MSA columns:
# 186-280
name=unknown_A
#
# <colnr> <probs for GDERKNQSTAVLIFYWHMCP>
#	G	D	E	R	K	N	Q	S	T	A	V	L	I	F	Y	W	H	M	C	P
0	0.04520	0.01251	0.01818	0.01847	0.10097	0.01226	0.05921	0.07177	0.02164	0.09010	0.28482	0.07358	0.04449	0.01401	0.00901	0.00267	0.00651	0.09782	0.00740	0.00940
1	0.02563	0.15569	0.08423	0.01887	0.02416	0.42694	0.01591	0.03106	0.10362	0.02158	0.01483	0.01624	0.01202	0.00821	0.00694	0.00211	0.01201	0.00553	0.00442	0.01003
2	0.01735	0.01735	0.02429	0.02082	0.02082	0.02429	0.01735	0.01908	0.01214	0.01908	0.01041	0.01735	0.01041	0.01388	0.02602	0.00347	0.70680	0.00694	0.00347	0.00867
3	0.01101	0.00794	0.01044	0.01035	0.01197	0.00737	0.00768	0.01433	0.02100	0.02944	0.53231	0.17607	0.06969	0.01796	0.00955	0.00267	0.00404	0.04045	0.00843	0.00729
4	0.03458	0.01402	0.01860	0.01438	0.02044	0.01257	0.01184	0.06325	0.05468	0.62022	0.03084	0.02680	0.01961	0.00985	0.00798	0.00246	0.00680	0.00799	0.00965	0.01345
5	0.01919	0.02103	0.04330	0.03134	0.03847	0.02072	0.54652	0.05772	0.01904	0.02607	0.01563	0.02086	0.01195	0.00756	0.01096	0.00274	0.08310	0.00900	0.00416	0.01064
6	0.03353	0.01359	0.01810	0.01413	0.01999	0.01214	0.01158	0.03812	0.07213	0.60549	0.05274	0.02828	0.02184	0.01010	0.00803	0.00247	0.00661	0.00827	0.00964	0.01322
7	0.02950	0.02128	0.02298	0.01784	0.02400	0.02347	0.01466	0.55903	0.09216	0.08182	0.02088	0.02041	0.01477	0.00965	0.00795	0.00241	0.00840	0.00735	0.00804	0.01340
8	0.01153	0.00769	0.00865	0.00865	0.00865	0.00769	0.00480	0.01153	0.01153	0.01538	0.02499	0.05189	0.02883	0.72131	0.04036	0.00769	0.00769	0.01153	0.00480	0.00480
9	0.01872	0.02139	0.04679	0.03342	0.04144	0.02005	0.64305	0.02540	0.01872	0.02540	0.01604	0.02139	0.01203	0.00668	0.00936	0.00267	0.01337	0.00936	0.00401	0.01070
10	0.01105	0.00804	0.01040	0.00994	0.01177	0.00739	0.00741	0.01458	0.02185	0.03069	0.60647	0.09465	0.10230	0.01685	0.00939	0.00254	0.00380	0.01489	0.00859	0.00739
11	0.02038	0.47076	0.12415	0.02095	0.10712	0.04817	0.06438	0.02438	0.01684	0.02096	0.01236	0.01483	0.01060	0.00696	0.00615	0.00197	0.00958	0.00523	0.00352	0.01069
12	0.03558	0.01350	0.01840	0.01411	0.02024	0.01166	0.01166	0.03865	0.02270	0.67734	0.03128	0.02699	0.01963	0.00981	0.00797	0.00245	0.00675	0.00797	0.00981	0.01350
13	0.01153	0.00769	0.00865	0.00865	0.00865	0.00769	0.00480	0.01153	0.01153	0.01538	0.02499	0.05189	0.02883	0.72131	0.04036	0.00769	0.00769	0.01153	0.00480	0.00480
14	0.67302	0.07983	0.01494	0.01109	0.01624	0.01934	0.00935	0.05337	0.01488	0.03475	0.01143	0.01316	0.00897	0.00741	0.00507	0.00238	0.00647	0.00443	0.00492	0.00897
15	0.01726	0.02019	0.11039	0.33299	0.13039	0.01877	0.18387	0.04646	0.01781	0.02407	0.01491	0.02039	0.01126	0.00750	0.00824	0.00259	0.01121	0.00751	0.00385	0.01033
16	0.05448	0.01927	0.04516	0.06385	0.23326	0.04845	0.04073	0.05659	0.26396	0.05873	0.02216	0.02327	0.01689	0.00881	0.00783	0.00251	0.00842	0.00767	0.00595	0.01202
17	0.01143	0.00764	0.00868	0.00878	0.00881	0.00762	0.00495	0.01150	0.01174	0.01565	0.02604	0.08924	0.03016	0.68216	0.03866	0.00744	0.00751	0.01215	0.00495	0.00490
18	0.01007	0.00851	0.00878	0.00874	0.01144	0.00744	0.00665	0.01318	0.04869	0.02248	0.09993	0.07390	0.59104	0.01955	0.00937	0.00271	0.00424	0.03881	0.00745	0.00703
19	0.00966	0.00690	0.00920	0.01104	0.01150	0.00644	0.00736	0.01104	0.01518	0.02024	0.04371	0.71614	0.05245	0.02484	0.01012	0.00322	0.00460	0.02254	0.00736	0.00644
20	0.02120	0.72609	0.04155	0.01357	0.02035	0.03138	0.01357	0.02374	0.01611	0.01866	0.01102	0.01272	0.01018	0.00678	0.00509	0.00170	0.00848	0.00424	0.00339	0.01018
21	0.01137	0.00821	0.01081	0.01043	0.01229	0.00764	0.00800	0.01511	0.02204	0.03101	0.60669	0.06218	0.07198	0.01677	0.00951	0.00261	0.00409	0.07321	0.00859	0.00746
22	0.01646	0.11259	0.61350	0.02166	0.03286	0.01977	0.02766	0.02497	0.01668	0.02444	0.01390	0.01632	0.01006	0.00746	0.00728	0.00243	0.01138	0.00569	0.00335	0.01156
23	0.00966	0.00690	0.00920	0.01104	0.01150	0.00644	0.00736	0.01104	0.01518	0.02024	0.04371	0.71614	0.05245	0.02484	0.01012	0.00322	0.00460	0.02254	0.00736	0.00644
24	0.02962	0.03779	0.02247	0.02043	0.02451	0.68948	0.01532	0.03166	0.02247	0.01941	0.01226	0.01430	0.01021	0.00817	0.00715	0.00204	0.01430	0.00511	0.00409	0.00919
25	0.01722	0.01717	0.02426	0.05913	0.02272	0.02391	0.01761	0.01915	0.01235	0.01915	0.01062	0.01756	0.01042	0.01354	0.02501	0.00342	0.66766	0.00695	0.00347	0.00868
26	0.02135	0.66507	0.06874	0.01427	0.02115	0.06039	0.01434	0.02416	0.01643	0.01897	0.01122	0.01297	0.01017	0.00688	0.00529	0.00175	0.00888	0.00435	0.00342	0.01020
27	0.00966	0.00690	0.00920	0.01104	0.01150	0.00644	0.00736	0.01104	0.01518	0.02024	0.04371	0.71614	0.05245	0.02484	0.01012	0.00322	0.00460	0.02254	0.00736	0.00644
28	0.00966	0.00690	0.00920	0.01104	0.01150	0.00644	0.00736	0.01104	0.01518	0.02024	0.04371	0.71614	0.05245	0.02484	0.01012	0.00322	0.00460	0.02254	0.00736	0.00644
29	0.03014	0.02221	0.02380	0.01825	0.02459	0.02459	0.01507	0.64541	0.03728	0.04998	0.01904	0.01904	0.01349	0.00952	0.00793	0.00238	0.00873	0.00714	0.00793	0.01349
30	0.03014	0.02221	0.02380	0.01825	0.02459	0.02459	0.01507	0.64541	0.03728	0.04998	0.01904	0.01904	0.01349	0.00952	0.00793	0.00238	0.00873	0.00714	0.00793	0.01349
31	0.28498	0.05941	0.09105	0.02592	0.23781	0.09462	0.01717	0.02555	0.01695	0.05951	0.01378	0.01636	0.01087	0.00746	0.00657	0.00234	0.00889	0.00565	0.00448	0.01063
32	0.01133	0.00850	0.01274	0.01274	0.01416	0.00991	0.00991	0.01416	0.01274	0.01841	0.02124	0.03115	0.01982	0.05947	0.68989	0.01274	0.02124	0.00850	0.00425	0.00708
33	0.01212	0.01230	0.07744	0.01346	0.03795	0.00946	0.04143	0.01637	0.02106	0.02944	0.48256	0.05387	0.13155	0.01503	0.00913	0.00252	0.00521	0.01330	0.00766	0.00813
34	0.01590	0.04102	0.68023	0.02260	0.03432	0.01842	0.02930	0.02511	0.01674	0.02511	0.01423	0.01674	0.01005	0.00753	0.00753	0.00251	0.01172	0.00586	0.00335	0.01172
35	0.01577	0.01490	0.02521	0.59112	0.15957	0.01783	0.02242	0.02095	0.01623	0.02122	0.01423	0.02088	0.01091	0.00778	0.00791	0.00259	0.01038	0.00705	0.00359	0.00945
36	0.01735	0.01735	0.02429	0.02082	0.02082	0.02429	0.01735	0.01908	0.01214	0.01908	0.01041	0.01735	0.01041	0.01388	0.02602	0.00347	0.70680	0.00694	0.00347	0.00867
37	0.00985	0.00755	0.00904	0.00973	0.01128	0.00673	0.00689	0.01191	0.01762	0.02287	0.17538	0.35661	0.28306	0.02146	0.00970	0.00288	0.00422	0.01886	0.00762	0.00673
38	0.05784	0.02076	0.02218	0.01746	0.02332	0.02313	0.01431	0.52664	0.10277	0.04616	0.02026	0.02049	0.01474	0.01181	0.03848	0.00288	0.00892	0.00729	0.00766	0.01290
39	0.01778	0.14644	0.48085	0.05709	0.03285	0.02020	0.05616	0.02530	0.01698	0.05489	0.01461	0.01705	0.01065	0.00750	0.00728	0.00239	0.01099	0.00594	0.00371	0.01135
40	0.08338	0.17449	0.18654	0.02469	0.16771	0.14954	0.01961	0.02672	0.05376	0.02417	0.01409	0.01648	0.01134	0.00756	0.00684	0.00222	0.01027	0.00569	0.00402	0.01089
41	0.77733	0.01534	0.01166	0.01043	0.01534	0.01779	0.00859	0.02331	0.01350	0.03558	0.01104	0.01288	0.00859	0.00736	0.00491	0.00245	0.00613	0.00429	0.00491	0.00859
42	0.01935	0.01901	0.03070	0.13436	0.49090	0.04617	0.05781	0.02508	0.05197	0.02523	0.01568	0.02024	0.01278	0.00740	0.00793	0.00242	0.00983	0.00721	0.00410	0.01180
43	0.02409	0.01631	0.01833	0.01462	0.02022	0.01645	0.01179	0.21832	0.15508	0.15889	0.03082	0.02936	0.09777	0.01050	0.00779	0.00228	0.00677	0.00844	0.00769	0.14449
44	0.01163	0.00853	0.01068	0.01013	0.01190	0.00821	0.00740	0.01572	0.05380	0.02861	0.49379	0.05636	0.09036	0.11624	0.03911	0.00362	0.00509	0.01355	0.00792	0.00732
45	0.01147	0.00877	0.01029	0.00976	0.01209	0.00805	0.00735	0.04696	0.02125	0.02836	0.38517	0.09795	0.28792	0.01773	0.00932	0.00259	0.00415	0.01527	0.00811	0.00746
46	0.02254	0.01869	0.01910	0.01629	0.02107	0.04749	0.01283	0.22618	0.38340	0.03658	0.02948	0.02885	0.05260	0.03704	0.00925	0.00275	0.00730	0.00872	0.00771	0.01213
47	0.02437	0.02251	0.02824	0.06344	0.31329	0.13224	0.05243	0.17790	0.02365	0.06143	0.01628	0.01910	0.01261	0.00800	0.00784	0.00234	0.01020	0.00692	0.00520	0.01200
48	0.77733	0.01534	0.01166	0.01043	0.01534	0.01779	0.00859	0.02331	0.01350	0.03558	0.01104	0.01288	0.00859	0.00736	0.00491	0.00245	0.00613	0.00429	0.00491	0.00859
49	0.77733	0.01534	0.01166	0.01043	0.01534	0.01779	0.00859	0.02331	0.01350	0.03558	0.01104	0.01288	0.00859	0.00736	0.00491	0.00245	0.00613	0.00429	0.00491	0.00859
50	0.01590	0.04102	0.68023	0.02260	0.03432	0.01842	0.02930	0.02511	0.01674	0.02511	0.01423	0.01674	0.01005	0.00753	0.00753	0.00251	0.01172	0.00586	0.00335	0.01172
51	0.01701	0.01689	0.02362	0.02038	0.02041	0.02350	0.01691	0.01873	0.01228	0.01914	0.01189	0.04837	0.01228	0.01437	0.02532	0.00346	0.67563	0.00763	0.00364	0.00858
52	0.01478	0.00739	0.00739	0.00739	0.00924	0.00739	0.00554	0.01848	0.01663	0.02956	0.02587	0.02956	0.02033	0.00924	0.00554	0.00185	0.00370	0.00739	0.76534	0.00739
53	0.01133	0.00850	0.01274	0.01274	0.01416	0.00991	0.00991	0.01416	0.01274	0.01841	0.02124	0.03115	0.01982	0.05947	0.68989	0.01274	0.02124	0.00850	0.00425	0.00708
54	0.01133	0.00850	0.01274	0.01274	0.01416	0.00991	0.00991	0.01416	0.01274	0.01841	0.02124	0.03115	0.01982	0.05947	0.68989	0.01274	0.02124	0.00850	0.00425	0.00708
55	0.01837	0.02038	0.04115	0.03027	0.03628	0.02111	0.48631	0.02382	0.01707	0.02382	0.01463	0.02038	0.01163	0.00849	0.01353	0.00287	0.18707	0.00875	0.00388	0.01019
56	0.77733	0.01534	0.01166	0.01043	0.01534	0.01779	0.00859	0.02331	0.01350	0.03558	0.01104	0.01288	0.00859	0.00736	0.00491	0.00245	0.00613	0.00429	0.00491	0.00859
57	0.01881	0.01936	0.06660	0.07641	0.54853	0.01835	0.02324	0.02459	0.04975	0.02578	0.01812	0.02213	0.03719	0.00780	0.00790	0.00241	0.00925	0.00745	0.00421	0.01211
58	0.01097	0.00810	0.01025	0.00971	0.01169	0.00738	0.00728	0.01448	0.02185	0.03039	0.58807	0.06155	0.15530	0.01674	0.00936	0.00252	0.00378	0.01467	0.00854	0.00738
59	0.01498	0.01409	0.02378	0.70226	0.05462	0.01762	0.02202	0.02026	0.01586	0.02026	0.01409	0.02114	0.01057	0.00793	0.00793	0.00264	0.01057	0.00705	0.00352	0.00881
60	0.12802	0.50483	0.06024	0.01443	0.02055	0.08019	0.01384	0.02410	0.01604	0.02138	0.01122	0.01329	0.00996	0.00740	0.00650	0.00196	0.04800	0.00453	0.00366	0.00985
61	0.01210	0.00854	0.00948	0.00897	0.01180	0.00730	0.00682	0.01455	0.01937	0.08237	0.19475	0.06843	0.49028	0.01838	0.00924	0.00262	0.00421	0.01547	0.00786	0.00746
62	0.01698	0.01372	0.01618	0.01182	0.01851	0.01042	0.00940	0.02038	0.01666	0.05485	0.01630	0.05068	0.01406	0.00697	0.00617	0.00133	0.00585	0.00571	0.00506	0.69896
63	0.04392	0.02406	0.21634	0.09212	0.11248	0.01892	0.13338	0.02358	0.01647	0.05819	0.01588	0.04654	0.01297	0.00933	0.01139	0.00273	0.13934	0.00767	0.00413	0.01057
64	0.03014	0.02221	0.02380	0.01825	0.02459	0.02459	0.01507	0.64541	0.03728	0.04998	0.01904	0.01904	0.01349	0.00952	0.00793	0.00238	0.00873	0.00714	0.00793	0.01349
65	0.01149	0.00785	0.00948	0.00948	0.00976	0.00814	0.00584	0.01206	0.01178	0.01599	0.02423	0.04771	0.02701	0.58776	0.17143	0.00871	0.01042	0.01092	0.00469	0.00526
66	0.01476	0.00889	0.01173	0.01058	0.01307	0.00809	0.00809	0.01841	0.02248	0.12561	0.57519	0.05455	0.06680	0.01528	0.00915	0.00249	0.00418	0.01342	0.00889	0.00836
67	0.03558	0.01350	0.01840	0.01411	0.02024	0.01166	0.01166	0.03865	0.02270	0.67734	0.03128	0.02699	0.01963	0.00981	0.00797	0.00245	0.00675	0.00797	0.00981	0.01350
68	0.00966	0.00690	0.00920	0.01104	0.01150	0.00644	0.00736	0.01104	0.01518	0.02024	0.04371	0.71614	0.05245	0.02484	0.01012	0.00322	0.00460	0.02254	0.00736	0.00644
69	0.03014	0.02221	0.02380	0.01825	0.02459	0.02459	0.01507	0.64541	0.03728	0.04998	0.01904	0.01904	0.01349	0.00952	0.00793	0.00238	0.00873	0.00714	0.00793	0.01349
70	0.01972	0.01703	0.01793	0.01614	0.02062	0.01972	0.01255	0.04214	0.65752	0.03317	0.03228	0.02959	0.02421	0.01076	0.00807	0.00269	0.00628	0.00897	0.00807	0.01255
71	0.01478	0.00739	0.00739	0.00739	0.00924	0.00739	0.00554	0.01848	0.01663	0.02956	0.02587	0.02956	0.02033	0.00924	0.00554	0.00185	0.00370	0.00739	0.76534	0.00739
72	0.01740	0.01751	0.02518	0.02132	0.02163	0.02412	0.04209	0.01933	0.01240	0.01933	0.01063	0.01751	0.01047	0.01359	0.02536	0.00344	0.67938	0.00704	0.00349	0.00875
73	0.77733	0.01534	0.01166	0.01043	0.01534	0.01779	0.00859	0.02331	0.01350	0.03558	0.01104	0.01288	0.00859	0.00736	0.00491	0.00245	0.00613	0.00429	0.00491	0.00859
74	0.01003	0.00717	0.00963	0.01147	0.01209	0.00676	0.00801	0.01168	0.01555	0.02066	0.04350	0.64140	0.05164	0.02449	0.01022	0.00327	0.00492	0.09362	0.00735	0.00654
75	0.01814	0.01782	0.02537	0.02130	0.02205	0.02410	0.04817	0.05461	0.01388	0.02113	0.01117	0.01764	0.01066	0.01328	0.02418	0.00337	0.63325	0.00707	0.00375	0.00904
76	0.77733	0.01534	0.01166	0.01043	0.01534	0.01779	0.00859	0.02331	0.01350	0.03558	0.01104	0.01288	0.00859	0.00736	0.00491	0.00245	0.00613	0.00429	0.00491	0.00859
77	0.01245	0.00889	0.01240	0.01423	0.01591	0.00884	0.01221	0.01586	0.01793	0.02336	0.04217	0.15576	0.04636	0.02222	0.01086	0.00361	0.00702	0.55541	0.00731	0.00721
78	0.01153	0.00769	0.00865	0.00865	0.00865	0.00769	0.00480	0.01153	0.01153	0.01538	0.02499	0.05189	0.02883	0.72131	0.04036	0.00769	0.00769	0.01153	0.00480	0.00480
79	0.01235	0.00833	0.00931	0.00907	0.00935	0.00843	0.00526	0.03936	0.01266	0.01689	0.02472	0.05045	0.02816	0.69007	0.03894	0.00745	0.00773	0.01134	0.00494	0.00519
80	0.02120	0.72609	0.04155	0.01357	0.02035	0.03138	0.01357	0.02374	0.01611	0.01866	0.01102	0.01272	0.01018	0.00678	0.00509	0.00170	0.00848	0.00424	0.00339	0.01018
81	0.77733	0.01534	0.01166	0.01043	0.01534	0.01779	0.00859	0.02331	0.01350	0.03558	0.01104	0.01288	0.00859	0.00736	0.00491	0.00245	0.00613	0.00429	0.00491	0.00859
82	0.02962	0.03779	0.02247	0.02043	0.02451	0.68948	0.01532	0.03166	0.02247	0.01941	0.01226	0.01430	0.01021	0.00817	0.00715	0.00204	0.01430	0.00511	0.00409	0.00919
83	0.01708	0.01696	0.02378	0.02046	0.02052	0.02365	0.01702	0.01887	0.01217	0.01905	0.01089	0.01796	0.01083	0.01590	0.05550	0.00388	0.67636	0.00701	0.00350	0.00860
84	0.01972	0.01703	0.01793	0.01614	0.02062	0.01972	0.01255	0.04214	0.65752	0.03317	0.03228	0.02959	0.02421	0.01076	0.00807	0.00269	0.00628	0.00897	0.00807	0.01255
85	0.01133	0.00850	0.01274	0.01274	0.01416	0.00991	0.00991	0.01416	0.01274	0.01841	0.02124	0.03115	0.01982	0.05947	0.68989	0.01274	0.02124	0.00850	0.00425	0.00708
86	0.01341	0.01020	0.01378	0.01582	0.05092	0.01034	0.01249	0.01876	0.08075	0.02486	0.07148	0.10900	0.07632	0.01981	0.01031	0.00336	0.00684	0.43627	0.00727	0.00803
87	0.00938	0.00799	0.00808	0.00815	0.01074	0.00668	0.00608	0.01137	0.01796	0.02137	0.07885	0.10218	0.64372	0.02028	0.00940	0.00270	0.00404	0.01697	0.00736	0.00668
88	0.01590	0.04102	0.68023	0.02260	0.03432	0.01842	0.02930	0.02511	0.01674	0.02511	0.01423	0.01674	0.01005	0.00753	0.00753	0.00251	0.01172	0.00586	0.00335	0.01172
89	0.01644	0.01409	0.01644	0.01175	0.01879	0.01057	0.00940	0.01997	0.01644	0.02584	0.01409	0.01644	0.01175	0.00587	0.00587	0.00117	0.00587	0.00470	0.00470	0.76979
90	0.69911	0.05070	0.01379	0.04736	0.01767	0.01846	0.00955	0.02317	0.01375	0.03392	0.01120	0.01331	0.00877	0.00736	0.00508	0.00243	0.00649	0.00444	0.00476	0.00868
91	0.48850	0.02273	0.20859	0.04153	0.02269	0.01767	0.01534	0.02445	0.01498	0.06245	0.01306	0.01501	0.00962	0.00755	0.00594	0.00248	0.00798	0.00504	0.00463	0.00975
92	0.02002	0.08912	0.14194	0.05434	0.07797	0.04552	0.28855	0.05005	0.01878	0.05946	0.01565	0.01929	0.01184	0.00743	0.00865	0.00245	0.03285	0.00746	0.00430	0.04433
93	0.19812	0.26201	0.06152	0.01514	0.02132	0.09959	0.01369	0.15902	0.02114	0.06228	0.01406	0.01521	0.01099	0.00785	0.00616	0.00214	0.00874	0.00524	0.00511	0.01066
94	0.14125	0.08751	0.02324	0.04379	0.05586	0.16910	0.01453	0.26017	0.07336	0.03468	0.01621	0.01739	0.01237	0.00856	0.00705	0.00229	0.00945	0.00613	0.00586	0.01121

[dist]
# distance from previous block
# <min> <max>
1	342

[block]
# block no. 1 follows, 24 sequences, length 21
# corresponding to MSA columns:
# 623-643
name=unknown_B
#
# <colnr> <probs for GDERKNQSTAVLIFYWHMCP>
#	G	D	E	R	K	N	Q	S	T	A	V	L	I	F	Y	W	H	M	C	P
0	0.02137	0.44424	0.13220	0.04270	0.05900	0.07270	0.01695	0.02509	0.01697	0.05809	0.01305	0.01511	0.01086	0.00749	0.00681	0.00202	0.03586	0.00511	0.00384	0.01055
1	0.01412	0.08170	0.01467	0.01123	0.01391	0.01136	0.00881	0.05083	0.04553	0.04717	0.37924	0.10008	0.09400	0.05284	0.01052	0.00280	0.00512	0.04020	0.00770	0.00817
2	0.01829	0.09788	0.03407	0.13688	0.03381	0.04528	0.24028	0.02248	0.01589	0.02149	0.01315	0.01879	0.01098	0.00935	0.01413	0.00280	0.24370	0.00745	0.00368	0.00960
3	0.01028	0.00794	0.00937	0.00928	0.01133	0.00704	0.00686	0.01303	0.01981	0.02617	0.35269	0.13991	0.32014	0.01879	0.00945	0.00265	0.00395	0.01626	0.00801	0.00704
4	0.01735	0.01735	0.02429	0.02082	0.02082	0.02429	0.01735	0.01908	0.01214	0.01908	0.01041	0.01735	0.01041	0.01388	0.02602	0.00347	0.70680	0.00694	0.00347	0.00867
5	0.01315	0.01035	0.01264	0.01418	0.01599	0.04565	0.01193	0.01635	0.01808	0.02295	0.04225	0.16461	0.07151	0.02145	0.01057	0.00347	0.00720	0.48323	0.00714	0.00727
6	0.00968	0.00805	0.00846	0.00835	0.01090	0.00682	0.00627	0.01197	0.01880	0.02314	0.17753	0.07349	0.57036	0.01944	0.00937	0.00265	0.00397	0.01634	0.00759	0.00682
7	0.01133	0.00850	0.01274	0.01274	0.01416	0.00991	0.00991	0.01416	0.01274	0.01841	0.02124	0.03115	0.01982	0.05947	0.68989	0.01274	0.02124	0.00850	0.00425	0.00708
8	0.01909	0.01868	0.03302	0.10778	0.54487	0.01886	0.09241	0.02408	0.01792	0.02533	0.01496	0.01996	0.01232	0.00710	0.00802	0.00242	0.00996	0.00732	0.00390	0.01201
9	0.03014	0.02221	0.02380	0.01825	0.02459	0.02459	0.01507	0.64541	0.03728	0.04998	0.01904	0.01904	0.01349	0.00952	0.00793	0.00238	0.00873	0.00714	0.00793	0.01349
10	0.06559	0.01373	0.01721	0.01366	0.01899	0.01272	0.01116	0.02913	0.05470	0.31491	0.06118	0.02745	0.02081	0.00987	0.00879	0.00225	0.05798	0.03457	0.00742	0.21787
11	0.64057	0.01713	0.04849	0.04924	0.01916	0.01832	0.01089	0.06916	0.01555	0.03526	0.01197	0.01399	0.00913	0.00756	0.00543	0.00246	0.00686	0.00474	0.00497	0.00913
12	0.05661	0.01704	0.07783	0.01931	0.02461	0.01465	0.19155	0.09668	0.01912	0.02728	0.02507	0.25335	0.02543	0.01315	0.00864	0.00262	0.00843	0.01240	0.00570	0.10053
13	0.01760	0.21912	0.44318	0.02140	0.03142	0.02200	0.09203	0.02478	0.01679	0.02345	0.01358	0.01619	0.01030	0.00724	0.00709	0.00231	0.01105	0.00581	0.00343	0.01120
14	0.27850	0.01636	0.06362	0.01320	0.01925	0.01453	0.01157	0.02853	0.06470	0.22265	0.02035	0.02155	0.01483	0.00851	0.00661	0.00227	0.00672	0.02437	0.00651	0.15537
15	0.01470	0.01089	0.01297	0.01146	0.01483	0.00958	0.00835	0.06201	0.01708	0.04755	0.02981	0.27903	0.05258	0.12022	0.01291	0.00308	0.00586	0.01293	0.00620	0.26797
16	0.08459	0.05725	0.16753	0.05802	0.09116	0.11683	0.01824	0.09007	0.02141	0.08214	0.07353	0.02348	0.01870	0.00974	0.00805	0.00260	0.00990	0.00725	0.00579	0.05371
17	0.05135	0.53474	0.06481	0.01448	0.02100	0.06971	0.01403	0.05152	0.01754	0.05196	0.01292	0.01462	0.01105	0.00910	0.03047	0.00225	0.00929	0.00482	0.00402	0.01031
18	0.01219	0.00886	0.01155	0.01267	0.04138	0.00909	0.00820	0.04758	0.01485	0.02018	0.03047	0.29290	0.03432	0.26027	0.15262	0.00647	0.00931	0.01461	0.00579	0.00669
19	0.01020	0.00744	0.00932	0.01019	0.01114	0.00700	0.00693	0.01184	0.01582	0.02102	0.12386	0.39545	0.14108	0.13332	0.05378	0.00429	0.00584	0.01812	0.00696	0.00639
20	0.14939	0.05801	0.02094	0.05364	0.02304	0.11684	0.01320	0.21918	0.02313	0.03311	0.01454	0.01646	0.01134	0.00814	0.00757	0.00211	0.04139	0.00567	0.00547	0.17683

[dist]
# distance from previous block
# <min> <max>
0	6

[block]
# block no. 2 follows, 24 sequences, length 7
# corresponding to MSA columns:
# 650-656
name=unknown_C
#
# <colnr> <probs for GDERKNQSTAVLIFYWHMCP>
#	G	D	E	R	K	N	Q	S	T	A	V	L	I	F	Y	W	H	M	C	P
0	0.02152	0.01659	0.01862	0.01436	0.02014	0.01618	0.01157	0.29531	0.02637	0.03702	0.10150	0.05461	0.02244	0.00967	0.00742	0.00197	0.00680	0.00782	0.00676	0.30334
1	0.02358	0.01543	0.01712	0.01385	0.01874	0.08334	0.01099	0.02654	0.01959	0.25464	0.09544	0.07464	0.02428	0.01055	0.00878	0.00216	0.05332	0.00840	0.00700	0.23159
2	0.01177	0.00844	0.01029	0.00993	0.01117	0.00805	0.00656	0.01314	0.01411	0.01965	0.10839	0.13684	0.03506	0.38534	0.09738	0.00622	0.00800	0.01230	0.00558	0.09178
3	0.01952	0.09451	0.07430	0.02143	0.09826	0.01778	0.12124	0.10708	0.01983	0.02824	0.01487	0.01762	0.01183	0.00686	0.00700	0.00188	0.00863	0.00612	0.00470	0.31830
4	0.02522	0.02461	0.10572	0.01778	0.02400	0.10359	0.01574	0.37846	0.07187	0.03868	0.02537	0.02531	0.08715	0.01037	0.00796	0.00241	0.00911	0.00793	0.00681	0.01190
5	0.01788	0.01433	0.02044	0.10863	0.02598	0.01292	0.07922	0.02294	0.05093	0.08271	0.02035	0.02860	0.01731	0.00890	0.00747	0.00204	0.00759	0.08481	0.00543	0.38152
6	0.01850	0.01584	0.02012	0.01454	0.02158	0.01331	0.06615	0.10538	0.01947	0.02908	0.01494	0.01723	0.01201	0.00644	0.00646	0.00147	0.00692	0.00544	0.00508	0.60002

[dist]
# distance from previous block
# <min> <max>
5	8

[block]
# block no. 3 follows, 24 sequences, length 84
# corresponding to MSA columns:
# 665-748
name=unknown_D
#
# <colnr> <probs for GDERKNQSTAVLIFYWHMCP>
#	G	D	E	R	K	N	Q	S	T	A	V	L	I	F	Y	W	H	M	C	P
0	0.01599	0.01567	0.02335	0.05426	0.02247	0.02052	0.06367	0.01822	0.01336	0.01983	0.01683	0.13968	0.01787	0.01494	0.02107	0.00332	0.49644	0.00985	0.00419	0.00845
1	0.01532	0.01316	0.02198	0.46813	0.12551	0.01547	0.01907	0.01865	0.01495	0.01960	0.01413	0.02158	0.01152	0.01204	0.01288	0.16765	0.00963	0.00702	0.00356	0.00814
2	0.01498	0.01409	0.02378	0.70226	0.05462	0.01762	0.02202	0.02026	0.01586	0.02026	0.01409	0.02114	0.01057	0.00793	0.00793	0.00264	0.01057	0.00705	0.00352	0.00881
3	0.01946	0.01844	0.03113	0.13619	0.53461	0.01899	0.04481	0.05364	0.01870	0.02627	0.01504	0.01987	0.01231	0.00729	0.00792	0.00241	0.00968	0.00715	0.00407	0.01203
4	0.01963	0.01884	0.03219	0.04867	0.67185	0.01884	0.02434	0.02434	0.01806	0.02591	0.01492	0.01963	0.01256	0.00707	0.00785	0.00236	0.00942	0.00707	0.00393	0.01256
5	0.01498	0.01409	0.02378	0.70226	0.05462	0.01762	0.02202	0.02026	0.01586	0.02026	0.01409	0.02114	0.01057	0.00793	0.00793	0.00264	0.01057	0.00705	0.00352	0.00881
6	0.01854	0.02201	0.07148	0.03242	0.04023	0.02018	0.59018	0.02511	0.01834	0.02511	0.01572	0.02102	0.01188	0.00704	0.01003	0.00270	0.04430	0.00911	0.00396	0.01065
7	0.02356	0.01087	0.01437	0.01192	0.01606	0.00955	0.00949	0.02680	0.02217	0.36245	0.28683	0.04424	0.10100	0.01328	0.00865	0.00249	0.00531	0.01129	0.00916	0.01050
8	0.02250	0.01687	0.01899	0.01454	0.02066	0.01631	0.01174	0.27008	0.05391	0.06857	0.04704	0.04882	0.01775	0.00895	0.00722	0.00193	0.00693	0.00716	0.00667	0.33334
9	0.01625	0.01576	0.02582	0.43307	0.07540	0.01946	0.06863	0.02162	0.04521	0.02128	0.01431	0.02063	0.01138	0.00925	0.01210	0.00282	0.16664	0.00729	0.00378	0.00929
10	0.01881	0.01431	0.01501	0.01387	0.01673	0.07453	0.01054	0.13178	0.08294	0.07567	0.09658	0.19800	0.03436	0.07330	0.01261	0.04247	0.00706	0.06535	0.00714	0.00895
11	0.08663	0.01957	0.02093	0.01595	0.02236	0.02044	0.01309	0.43460	0.03001	0.04261	0.01712	0.01788	0.01264	0.00841	0.00716	0.00208	0.00778	0.00628	0.00686	0.20759
12	0.04435	0.01527	0.02388	0.44336	0.04241	0.01891	0.04727	0.02128	0.04273	0.02162	0.01408	0.02020	0.01117	0.00913	0.01159	0.00275	0.15612	0.00700	0.00383	0.04303
13	0.02762	0.02288	0.02399	0.11031	0.05625	0.10384	0.01642	0.46189	0.03183	0.04132	0.01739	0.01877	0.01266	0.00904	0.00783	0.00237	0.00967	0.00688	0.00671	0.01231
14	0.01092	0.00809	0.01019	0.00966	0.01166	0.00735	0.00725	0.01439	0.02174	0.03012	0.57274	0.06199	0.17079	0.01684	0.00936	0.00252	0.00379	0.01473	0.00851	0.00735
15	0.01810	0.06635	0.53947	0.02241	0.03311	0.01852	0.08066	0.02627	0.01741	0.08201	0.01575	0.01787	0.01106	0.00763	0.00763	0.00249	0.01129	0.00628	0.00397	0.01172
16	0.02025	0.60303	0.15627	0.01519	0.02286	0.02905	0.01639	0.02399	0.01623	0.01982	0.01160	0.01344	0.01015	0.00692	0.00553	0.00184	0.00906	0.00453	0.00338	0.01045
17	0.01590	0.04102	0.68023	0.02260	0.03432	0.01842	0.02930	0.02511	0.01674	0.02511	0.01423	0.01674	0.01005	0.00753	0.00753	0.00251	0.01172	0.00586	0.00335	0.01172
18	0.02002	0.01646	0.01751	0.01568	0.02016	0.01876	0.01222	0.04060	0.59852	0.06358	0.03437	0.03155	0.05273	0.01113	0.00812	0.00268	0.00620	0.00926	0.00812	0.01234
19	0.01963	0.01884	0.03219	0.04867	0.67185	0.01884	0.02434	0.02434	0.01806	0.02591	0.01492	0.01963	0.01256	0.00707	0.00785	0.00236	0.00942	0.00707	0.00393	0.01256
20	0.01134	0.00846	0.01254	0.01254	0.01388	0.00980	0.00966	0.01403	0.01268	0.01826	0.02143	0.03220	0.02028	0.09277	0.65721	0.01249	0.02056	0.00865	0.00428	0.00697
21	0.00945	0.00804	0.00814	0.00811	0.01076	0.00673	0.00609	0.01153	0.01826	0.02185	0.10472	0.07561	0.64398	0.01992	0.00937	0.00267	0.00401	0.01664	0.00742	0.00673
22	0.01590	0.04102	0.68023	0.02260	0.03432	0.01842	0.02930	0.02511	0.01674	0.02511	0.01423	0.01674	0.01005	0.00753	0.00753	0.00251	0.01172	0.00586	0.00335	0.01172
23	0.00966	0.00690	0.00920	0.01104	0.01150	0.00644	0.00736	0.01104	0.01518	0.02024	0.04371	0.71614	0.05245	0.02484	0.01012	0.00322	0.00460	0.02254	0.00736	0.00644
24	0.01278	0.00913	0.01278	0.01460	0.01643	0.00913	0.01278	0.01643	0.01825	0.02373	0.04199	0.08945	0.04564	0.02191	0.01095	0.00365	0.00730	0.61847	0.00730	0.00730
25	0.01104	0.00810	0.01035	0.00978	0.01173	0.00740	0.00734	0.01461	0.02201	0.03077	0.60962	0.06092	0.13351	0.01659	0.00935	0.00251	0.00377	0.01458	0.00859	0.00740
26	0.00937	0.00803	0.00803	0.00803	0.01071	0.00669	0.00602	0.01138	0.01807	0.02142	0.08033	0.07632	0.66863	0.02008	0.00937	0.00268	0.00402	0.01674	0.00736	0.00669
27	0.02962	0.03779	0.02247	0.02043	0.02451	0.68948	0.01532	0.03166	0.02247	0.01941	0.01226	0.01430	0.01021	0.00817	0.00715	0.00204	0.01430	0.00511	0.00409	0.00919
28	0.02120	0.72609	0.04155	0.01357	0.02035	0.03138	0.01357	0.02374	0.01611	0.01866	0.01102	0.01272	0.01018	0.00678	0.00509	0.00170	0.00848	0.00424	0.00339	0.01018
29	0.01735	0.01735	0.02429	0.02082	0.02082	0.02429	0.01735	0.01908	0.01214	0.01908	0.01041	0.01735	0.01041	0.01388	0.02602	0.00347	0.70680	0.00694	0.00347	0.00867
30	0.00976	0.00710	0.00921	0.01069	0.01146	0.00655	0.00725	0.01139	0.01603	0.02129	0.09804	0.60633	0.10819	0.02372	0.00999	0.00311	0.00448	0.02136	0.00747	0.00655
31	0.01278	0.00913	0.01278	0.01460	0.01643	0.00913	0.01278	0.01643	0.01825	0.02373	0.04199	0.08945	0.04564	0.02191	0.01095	0.00365	0.00730	0.61847	0.00730	0.00730
32	0.01134	0.00843	0.01242	0.01242	0.01372	0.00973	0.00950	0.01395	0.01265	0.01817	0.02154	0.03281	0.02055	0.11252	0.63783	0.01234	0.02015	0.00874	0.00429	0.00690
33	0.01963	0.01884	0.03219	0.04867	0.67185	0.01884	0.02434	0.02434	0.01806	0.02591	0.01492	0.01963	0.01256	0.00707	0.00785	0.00236	0.00942	0.00707	0.00393	0.01256
34	0.01942	0.01863	0.03182	0.07759	0.64454	0.01879	0.02423	0.02416	0.01796	0.02566	0.01488	0.01969	0.01247	0.00710	0.00785	0.00237	0.00947	0.00706	0.00391	0.01239
35	0.01735	0.01735	0.02429	0.02082	0.02082	0.02429	0.01735	0.01908	0.01214	0.01908	0.01041	0.01735	0.01041	0.01388	0.02602	0.00347	0.70680	0.00694	0.00347	0.00867
36	0.01498	0.01409	0.02378	0.70226	0.05462	0.01762	0.02202	0.02026	0.01586	0.02026	0.01409	0.02114	0.01057	0.00793	0.00793	0.00264	0.01057	0.00705	0.00352	0.00881
37	0.00966	0.00690	0.00920	0.01104	0.01150	0.00644	0.00736	0.01104	0.01518	0.02024	0.04371	0.71614	0.05245	0.02484	0.01012	0.00322	0.00460	0.02254	0.00736	0.00644
38	0.03014	0.02221	0.02380	0.01825	0.02459	0.02459	0.01507	0.64541	0.03728	0.04998	0.01904	0.01904	0.01349	0.00952	0.00793	0.00238	0.00873	0.00714	0.00793	0.01349
39	0.01131	0.00830	0.01070	0.01004	0.01209	0.00754	0.00751	0.01487	0.02170	0.03066	0.59081	0.08855	0.09115	0.01630	0.00924	0.00248	0.00388	0.01439	0.00845	0.04003
40	0.77733	0.01534	0.01166	0.01043	0.01534	0.01779	0.00859	0.02331	0.01350	0.03558	0.01104	0.01288	0.00859	0.00736	0.00491	0.00245	0.00613	0.00429	0.00491	0.00859
41	0.01800	0.01927	0.03498	0.02681	0.03062	0.02228	0.31474	0.02209	0.01527	0.02209	0.01309	0.01927	0.01118	0.01046	0.01810	0.00309	0.37722	0.00809	0.00373	0.00963
42	0.01972	0.01703	0.01793	0.01614	0.02062	0.01972	0.01255	0.04214	0.65752	0.03317	0.03228	0.02959	0.02421	0.01076	0.00807	0.00269	0.00628	0.00897	0.00807	0.01255
43	0.02962	0.03779	0.02247	0.02043	0.02451	0.68948	0.01532	0.03166	0.02247	0.01941	0.01226	0.01430	0.01021	0.00817	0.00715	0.00204	0.01430	0.00511	0.00409	0.00919
44	0.02962	0.03779	0.02247	0.02043	0.02451	0.68948	0.01532	0.03166	0.02247	0.01941	0.01226	0.01430	0.01021	0.00817	0.00715	0.00204	0.01430	0.00511	0.00409	0.00919
45	0.01644	0.01654	0.01639	0.01633	0.04116	0.17943	0.01211	0.01909	0.01533	0.01896	0.01830	0.02593	0.01675	0.04279	0.46591	0.00930	0.04966	0.00753	0.00416	0.00788
46	0.03558	0.01350	0.01840	0.01411	0.02024	0.01166	0.01166	0.03865	0.02270	0.67734	0.03128	0.02699	0.01963	0.00981	0.00797	0.00245	0.00675	0.00797	0.00981	0.01350
47	0.01963	0.01884	0.03219	0.04867	0.67185	0.01884	0.02434	0.02434	0.01806	0.02591	0.01492	0.01963	0.01256	0.00707	0.00785	0.00236	0.00942	0.00707	0.00393	0.01256
48	0.02718	0.02074	0.02213	0.01765	0.02346	0.02321	0.01435	0.47364	0.21388	0.04519	0.02281	0.02204	0.01654	0.00987	0.00797	0.00247	0.00803	0.00766	0.00797	0.01322
49	0.01122	0.00811	0.01060	0.00998	0.01185	0.00748	0.00748	0.01496	0.02245	0.03180	0.66766	0.05923	0.07482	0.01621	0.00935	0.00249	0.00374	0.01434	0.00873	0.00748
50	0.01122	0.00811	0.01060	0.00998	0.01185	0.00748	0.00748	0.01496	0.02245	0.03180	0.66766	0.05923	0.07482	0.01621	0.00935	0.00249	0.00374	0.01434	0.00873	0.00748
51	0.02962	0.03779	0.02247	0.02043	0.02451	0.68948	0.01532	0.03166	0.02247	0.01941	0.01226	0.01430	0.01021	0.00817	0.00715	0.00204	0.01430	0.00511	0.00409	0.00919
52	0.01257	0.00931	0.01229	0.01368	0.01575	0.00923	0.01175	0.01681	0.04674	0.02380	0.04736	0.08479	0.13899	0.02113	0.01058	0.00346	0.00676	0.50020	0.00735	0.00744
53	0.03306	0.01294	0.01759	0.01368	0.01937	0.01122	0.01122	0.03619	0.02267	0.61047	0.09721	0.03033	0.02535	0.01048	0.00812	0.00246	0.00644	0.00863	0.00970	0.01287
54	0.02120	0.72609	0.04155	0.01357	0.02035	0.03138	0.01357	0.02374	0.01611	0.01866	0.01102	0.01272	0.01018	0.00678	0.00509	0.00170	0.00848	0.00424	0.00339	0.01018
55	0.01136	0.00829	0.01091	0.01229	0.01381	0.00795	0.00985	0.01404	0.01734	0.02251	0.07514	0.24858	0.13618	0.05053	0.01163	0.00351	0.00599	0.32589	0.00729	0.00690
56	0.00957	0.00802	0.00853	0.00862	0.01107	0.00698	0.00645	0.01162	0.01743	0.02108	0.07299	0.10563	0.57683	0.02395	0.07190	0.00363	0.00563	0.01628	0.00708	0.00672
57	0.01153	0.00769	0.00865	0.00865	0.00865	0.00769	0.00480	0.01153	0.01153	0.01538	0.02499	0.05189	0.02883	0.72131	0.04036	0.00769	0.00769	0.01153	0.00480	0.00480
58	0.01830	0.01749	0.02979	0.23476	0.49611	0.01849	0.02368	0.02318	0.01743	0.02430	0.01468	0.02006	0.01199	0.00731	0.00787	0.00244	0.00975	0.00706	0.00381	0.01149
59	0.01618	0.07685	0.64683	0.02213	0.03359	0.01909	0.02848	0.02504	0.01671	0.02478	0.01406	0.01653	0.01005	0.00749	0.00741	0.00247	0.01155	0.00578	0.00335	0.01164
60	0.01872	0.02139	0.04679	0.03342	0.04144	0.02005	0.64305	0.02540	0.01872	0.02540	0.01604	0.02139	0.01203	0.00668	0.00936	0.00267	0.01337	0.00936	0.00401	0.01070
61	0.00965	0.00696	0.00914	0.01089	0.01146	0.00645	0.00729	0.01106	0.01533	0.02030	0.04555	0.68395	0.08345	0.02460	0.01008	0.00319	0.00457	0.02225	0.00736	0.00645
62	0.02873	0.03610	0.02334	0.02295	0.08225	0.62967	0.01613	0.03101	0.02208	0.01999	0.01249	0.01478	0.01042	0.00807	0.00721	0.00207	0.01387	0.00528	0.00407	0.00949
63	0.01972	0.01703	0.01793	0.01614	0.02062	0.01972	0.01255	0.04214	0.65752	0.03317	0.03228	0.02959	0.02421	0.01076	0.00807	0.00269	0.00628	0.00897	0.00807	0.01255
64	0.01533	0.01479	0.02598	0.63836	0.05336	0.01785	0.08135	0.02075	0.01613	0.02075	0.01428	0.02117	0.01071	0.00781	0.00806	0.00265	0.01084	0.00727	0.00357	0.00899
65	0.00937	0.00803	0.00803	0.00803	0.01071	0.00669	0.00602	0.01138	0.01807	0.02142	0.08033	0.07632	0.66863	0.02008	0.00937	0.00268	0.00402	0.01674	0.00736	0.00669
66	0.01122	0.00811	0.01060	0.00998	0.01185	0.00748	0.00748	0.01496	0.02245	0.03180	0.66766	0.05923	0.07482	0.01621	0.00935	0.00249	0.00374	0.01434	0.00873	0.00748
67	0.00966	0.00690	0.00920	0.01104	0.01150	0.00644	0.00736	0.01104	0.01518	0.02024	0.04371	0.71614	0.05245	0.02484	0.01012	0.00322	0.00460	0.02254	0.00736	0.00644
68	0.01122	0.00811	0.01060	0.00998	0.01185	0.00748	0.00748	0.01496	0.02245	0.03180	0.66766	0.05923	0.07482	0.01621	0.00935	0.00249	0.00374	0.01434	0.00873	0.00748
69	0.03558	0.01350	0.01840	0.01411	0.02024	0.01166	0.01166	0.03865	0.02270	0.67734	0.03128	0.02699	0.01963	0.00981	0.00797	0.00245	0.00675	0.00797	0.00981	0.01350
70	0.01261	0.00907	0.01254	0.01427	0.01614	0.00901	0.01244	0.01618	0.01825	0.02362	0.04391	0.08879	0.07689	0.02181	0.01087	0.00360	0.00714	0.58829	0.00731	0.00727
71	0.01590	0.04102	0.68023	0.02260	0.03432	0.01842	0.02930	0.02511	0.01674	0.02511	0.01423	0.01674	0.01005	0.00753	0.00753	0.00251	0.01172	0.00586	0.00335	0.01172
72	0.01972	0.01703	0.01793	0.01614	0.02062	0.01972	0.01255	0.04214	0.65752	0.03317	0.03228	0.02959	0.02421	0.01076	0.00807	0.00269	0.00628	0.00897	0.00807	0.01255
73	0.01377	0.00689	0.01033	0.01033	0.01033	0.00689	0.00689	0.01033	0.01033	0.01377	0.01377	0.02410	0.01377	0.02755	0.03099	0.76928	0.00689	0.00689	0.00344	0.00344
74	0.03278	0.01798	0.02118	0.01624	0.02248	0.01831	0.01341	0.35066	0.03020	0.35474	0.02499	0.02290	0.01647	0.00966	0.00795	0.00242	0.00776	0.00755	0.00885	0.01349
75	0.02912	0.01301	0.01695	0.01365	0.01880	0.01200	0.01103	0.03490	0.10788	0.47600	0.14465	0.03308	0.03006	0.01108	0.00823	0.00249	0.00615	0.00924	0.00939	0.01230
76	0.02097	0.69687	0.06879	0.01395	0.02095	0.03082	0.01424	0.02380	0.01614	0.01893	0.01116	0.01289	0.01017	0.00682	0.00519	0.00173	0.00862	0.00431	0.00339	0.01024
77	0.02965	0.03699	0.02254	0.02032	0.02452	0.65538	0.01531	0.06315	0.02323	0.02098	0.01261	0.01454	0.01038	0.00824	0.00719	0.00206	0.01401	0.00521	0.00428	0.00941
78	0.01771	0.01692	0.02854	0.30171	0.40036	0.01863	0.02310	0.02250	0.01692	0.02338	0.01438	0.02011	0.01168	0.00773	0.00875	0.00252	0.04336	0.00705	0.00375	0.01091
79	0.01132	0.00772	0.00859	0.00859	0.00885	0.00759	0.00492	0.01152	0.01216	0.01596	0.03034	0.05425	0.09070	0.65351	0.03736	0.00720	0.00733	0.01204	0.00505	0.00499
80	0.02917	0.03623	0.02230	0.02014	0.02433	0.63298	0.01518	0.05464	0.05351	0.02119	0.01347	0.01521	0.01101	0.00835	0.00722	0.00209	0.01371	0.00537	0.00442	0.00951
81	0.00937	0.00803	0.00803	0.00803	0.01071	0.00669	0.00602	0.01138	0.01807	0.02142	0.08033	0.07632	0.66863	0.02008	0.00937	0.00268	0.00402	0.01674	0.00736	0.00669
82	0.02457	0.45083	0.03392	0.01631	0.02202	0.29456	0.01427	0.02691	0.01866	0.01896	0.01152	0.01335	0.01019	0.00734	0.00591	0.00183	0.01081	0.00459	0.00367	0.00978
83	0.02041	0.65340	0.07269	0.01384	0.02062	0.02946	0.01406	0.02336	0.01648	0.01968	0.04553	0.01536	0.01355	0.00732	0.00544	0.00178	0.00840	0.00485	0.00367	0.01011

[dist]
# distance from previous block
# <min> <max>
0	1

[block]
# block no. 4 follows, 24 sequences, length 23
# corresponding to MSA columns:
# 750-772
name=unknown_E
#
# <colnr> <probs for GDERKNQSTAVLIFYWHMCP>
#	G	D	E	R	K	N	Q	S	T	A	V	L	I	F	Y	W	H	M	C	P
0	0.02175	0.68137	0.04031	0.01401	0.02062	0.07413	0.01368	0.02426	0.01653	0.01871	0.01110	0.01282	0.01018	0.00687	0.00522	0.00172	0.00886	0.00430	0.00344	0.01011
1	0.01606	0.01369	0.01603	0.01171	0.01838	0.01034	0.00928	0.01946	0.01637	0.02552	0.01577	0.05598	0.01405	0.00694	0.00611	0.00129	0.00580	0.00571	0.00485	0.72666
2	0.01232	0.00880	0.01225	0.01408	0.01570	0.00873	0.01198	0.01563	0.01780	0.02321	0.04224	0.18232	0.04665	0.02234	0.01083	0.00359	0.00690	0.53016	0.00731	0.00717
3	0.01109	0.00971	0.04299	0.01021	0.01273	0.00786	0.00827	0.01475	0.02130	0.02941	0.51910	0.06053	0.18939	0.01655	0.00927	0.00253	0.00419	0.01440	0.00819	0.00753
4	0.01972	0.01703	0.01793	0.01614	0.02062	0.01972	0.01255	0.04214	0.65752	0.03317	0.03228	0.02959	0.02421	0.01076	0.00807	0.00269	0.00628	0.00897	0.00807	0.01255
5	0.00966	0.00690	0.00920	0.01104	0.01150	0.00644	0.00736	0.01104	0.01518	0.02024	0.04371	0.71614	0.05245	0.02484	0.01012	0.00322	0.00460	0.02254	0.00736	0.00644
6	0.01714	0.01630	0.02769	0.39811	0.34185	0.01819	0.02310	0.02216	0.01688	0.02289	0.01448	0.02044	0.01150	0.00753	0.00789	0.00251	0.01004	0.00706	0.00371	0.01055
7	0.01590	0.04102	0.68023	0.02260	0.03432	0.01842	0.02930	0.02511	0.01674	0.02511	0.01423	0.01674	0.01005	0.00753	0.00753	0.00251	0.01172	0.00586	0.00335	0.01172
8	0.01153	0.00769	0.00865	0.00865	0.00865	0.00769	0.00480	0.01153	0.01153	0.01538	0.02499	0.05189	0.02883	0.72131	0.04036	0.00769	0.00769	0.01153	0.00480	0.00480
9	0.01278	0.00913	0.01278	0.01460	0.01643	0.00913	0.01278	0.01643	0.01825	0.02373	0.04199	0.08945	0.04564	0.02191	0.01095	0.00365	0.00730	0.61847	0.00730	0.00730
10	0.01963	0.01884	0.03219	0.04867	0.67185	0.01884	0.02434	0.02434	0.01806	0.02591	0.01492	0.01963	0.01256	0.00707	0.00785	0.00236	0.00942	0.00707	0.00393	0.01256
11	0.01133	0.00850	0.01274	0.01274	0.01416	0.00991	0.00991	0.01416	0.01274	0.01841	0.02124	0.03115	0.01982	0.05947	0.68989	0.01274	0.02124	0.00850	0.00425	0.00708
12	0.01498	0.01409	0.02378	0.70226	0.05462	0.01762	0.02202	0.02026	0.01586	0.02026	0.01409	0.02114	0.01057	0.00793	0.00793	0.00264	0.01057	0.00705	0.00352	0.00881
13	0.01737	0.01654	0.02811	0.36562	0.37253	0.01825	0.02321	0.02236	0.01699	0.02317	0.01452	0.02036	0.01160	0.00748	0.00789	0.00249	0.00998	0.00706	0.00373	0.01074
14	0.02120	0.72609	0.04155	0.01357	0.02035	0.03138	0.01357	0.02374	0.01611	0.01866	0.01102	0.01272	0.01018	0.00678	0.00509	0.00170	0.00848	0.00424	0.00339	0.01018
15	0.01153	0.00769	0.00865	0.00865	0.00865	0.00769	0.00480	0.01153	0.01153	0.01538	0.02499	0.05189	0.02883	0.72131	0.04036	0.00769	0.00769	0.01153	0.00480	0.00480
16	0.00937	0.00803	0.00803	0.00803	0.01071	0.00669	0.00602	0.01138	0.01807	0.02142	0.08033	0.07632	0.66863	0.02008	0.00937	0.00268	0.00402	0.01674	0.00736	0.00669
17	0.01963	0.01884	0.03219	0.04867	0.67185	0.01884	0.02434	0.02434	0.01806	0.02591	0.01492	0.01963	0.01256	0.00707	0.00785	0.00236	0.00942	0.00707	0.00393	0.01256
18	0.01687	0.04079	0.63401	0.02245	0.03363	0.06557	0.02832	0.02557	0.01714	0.02471	0.01409	0.01657	0.01006	0.00758	0.00751	0.00248	0.01190	0.00581	0.00340	0.01154
19	0.01901	0.01822	0.03108	0.13462	0.59068	0.01868	0.02403	0.02380	0.01777	0.02516	0.01481	0.01983	0.01230	0.00718	0.00786	0.00239	0.00957	0.00706	0.00387	0.01207
20	0.01829	0.00980	0.01035	0.00931	0.01206	0.00998	0.00724	0.10348	0.01981	0.07780	0.02534	0.02798	0.01936	0.00932	0.00603	0.00196	0.00458	0.00740	0.61127	0.00863
21	0.02120	0.72609	0.04155	0.01357	0.02035	0.03138	0.01357	0.02374	0.01611	0.01866	0.01102	0.01272	0.01018	0.00678	0.00509	0.00170	0.00848	0.00424	0.00339	0.01018
22	0.03014	0.02221	0.02380	0.01825	0.02459	0.02459	0.01507	0.64541	0.03728	0.04998	0.01904	0.01904	0.01349	0.00952	0.00793	0.00238	0.00873	0.00714	0.00793	0.01349

[dist]
# distance from previous block
# <min> <max>
5	38

[block]
# block no. 5 follows, 24 sequences, length 66
# corresponding to MSA columns:
# 844-847,849-910
name=unknown_F
#
# <colnr> <probs for GDERKNQSTAVLIFYWHMCP>
#	G	D	E	R	K	N	Q	S	T	A	V	L	I	F	Y	W	H	M	C	P
0	0.01559	0.06806	0.55267	0.02070	0.03075	0.01755	0.02579	0.02368	0.01721	0.02515	0.05998	0.02519	0.01722	0.00922	0.00781	0.00256	0.01068	0.05514	0.00403	0.01101
1	0.01278	0.00913	0.01278	0.01460	0.01643	0.00913	0.01278	0.01643	0.01825	0.02373	0.04199	0.08945	0.04564	0.02191	0.01095	0.00365	0.00730	0.61847	0.00730	0.00730
2	0.03536	0.01384	0.01862	0.01427	0.02041	0.01217	0.01179	0.06265	0.02327	0.65252	0.03080	0.02668	0.01939	0.00980	0.00797	0.00245	0.00683	0.00794	0.00974	0.01349
3	0.00937	0.00803	0.00803	0.00803	0.01071	0.00669	0.00602	0.01138	0.01807	0.02142	0.08033	0.07632	0.66863	0.02008	0.00937	0.00268	0.00402	0.01674	0.00736	0.00669
4	0.01925	0.01649	0.01739	0.01570	0.01992	0.01902	0.01210	0.04035	0.61987	0.03213	0.03185	0.03089	0.02448	0.05217	0.00995	0.00298	0.00636	0.00911	0.00788	0.01210
5	0.00966	0.00690	0.00920	0.01104	0.01150	0.00644	0.00736	0.01104	0.01518	0.02024	0.04371	0.71614	0.05245	0.02484	0.01012	0.00322	0.00460	0.02254	0.00736	0.00644
