[name]
unknown

[dist]
# distance from previous block
# <min> <max>
30	118

[block]
# block no. 0 follows, 26 sequences, length 8
# corresponding to MSA columns:
# 130-137
name=unknown_A
#
# <colnr> <probs for GDERKNQSTAVLIFYWHMCP>
#	G	D	E	R	K	N	Q	S	T	A	V	L	I	F	Y	W	H	M	C	P
0	0.02016	0.19499	0.11712	0.07328	0.07542	0.18519	0.01688	0.04644	0.04196	0.02109	0.01349	0.01673	0.01128	0.01170	0.06184	0.00294	0.07034	0.00568	0.00384	0.00963
1	0.05242	0.01791	0.03572	0.11753	0.06463	0.01803	0.42935	0.02212	0.01664	0.02338	0.01644	0.07194	0.01395	0.00832	0.00959	0.00262	0.05671	0.00913	0.00402	0.00956
2	0.02203	0.01696	0.01873	0.01417	0.02005	0.01671	0.01141	0.34444	0.02549	0.03568	0.01668	0.01958	0.01333	0.06299	0.00914	0.00218	0.00714	0.00618	0.00607	0.33105
3	0.07938	0.01719	0.01753	0.01498	0.01973	0.05353	0.01188	0.14022	0.36444	0.12618	0.02808	0.02622	0.04698	0.00998	0.00747	0.00244	0.00676	0.00794	0.00748	0.01160
4	0.15170	0.01707	0.01838	0.09289	0.02298	0.01913	0.01271	0.38216	0.02649	0.03928	0.01742	0.01902	0.01282	0.00855	0.00675	0.00224	0.00738	0.00640	0.12594	0.01071
5	0.15719	0.01797	0.01988	0.17030	0.05016	0.06356	0.01452	0.25332	0.04600	0.08269	0.04121	0.01968	0.01419	0.00854	0.00709	0.00234	0.00828	0.00658	0.00595	0.01055
6	0.01877	0.01802	0.03079	0.04656	0.68612	0.01802	0.02328	0.02328	0.01727	0.02478	0.01427	0.01877	0.01201	0.00676	0.00751	0.00225	0.00901	0.00676	0.00375	0.01201
7	0.01477	0.01394	0.02356	0.64785	0.11609	0.01697	0.02129	0.01977	0.01538	0.01992	0.01356	0.02008	0.01030	0.00750	0.00758	0.00250	0.01000	0.00674	0.00341	0.00879

[dist]
# distance from previous block
# <min> <max>
3	10

[block]
# block no. 1 follows, 26 sequences, length 6
# corresponding to MSA columns:
# 148-153
name=unknown_B
#
# <colnr> <probs for GDERKNQSTAVLIFYWHMCP>
#	G	D	E	R	K	N	Q	S	T	A	V	L	I	F	Y	W	H	M	C	P
0	0.25959	0.01423	0.01876	0.33979	0.09445	0.01670	0.01580	0.02209	0.06752	0.02604	0.04645	0.02000	0.01371	0.00794	0.00674	0.00244	0.00802	0.00639	0.00441	0.00892
1	0.01665	0.17039	0.12306	0.28866	0.08704	0.02049	0.10678	0.02162	0.01566	0.02071	0.01299	0.01767	0.01029	0.00740	0.00813	0.00235	0.05078	0.00632	0.00341	0.00960
2	0.05560	0.01520	0.01990	0.14393	0.02464	0.07304	0.05380	0.01844	0.01429	0.02036	0.01800	0.14831	0.01809	0.01414	0.03621	0.00313	0.26298	0.00932	0.04263	0.00798
3	0.01123	0.00819	0.01030	0.01088	0.01222	0.00772	0.00761	0.04806	0.01595	0.02164	0.06871	0.50672	0.04365	0.08769	0.01196	0.00326	0.00506	0.04411	0.00670	0.06835
4	0.01489	0.01404	0.05838	0.05790	0.02389	0.01257	0.18350	0.02035	0.06861	0.06467	0.08597	0.18300	0.07978	0.01401	0.00893	0.00274	0.00777	0.08420	0.00607	0.00872
5	0.11029	0.39682	0.14953	0.07260	0.02344	0.02305	0.01545	0.02189	0.01560	0.02188	0.04707	0.01895	0.01417	0.00785	0.00594	0.00204	0.00828	0.03184	0.00384	0.00946

[dist]
# distance from previous block
# <min> <max>
12	28

[block]
# block no. 2 follows, 26 sequences, length 24
# corresponding to MSA columns:
# 182-205
name=unknown_C
#
# <colnr> <probs for GDERKNQSTAVLIFYWHMCP>
#	G	D	E	R	K	N	Q	S	T	A	V	L	I	F	Y	W	H	M	C	P
0	0.04490	0.01684	0.05162	0.17443	0.41649	0.01678	0.02040	0.02229	0.05004	0.02399	0.02013	0.02384	0.06922	0.00820	0.00754	0.00236	0.00861	0.00750	0.00417	0.01064
1	0.02407	0.05553	0.02122	0.01605	0.02162	0.02122	0.01311	0.37348	0.23889	0.03913	0.02152	0.02096	0.01591	0.00906	0.00733	0.00224	0.00735	0.00706	0.00715	0.07713
2	0.04617	0.01177	0.01625	0.34192	0.03131	0.01315	0.01383	0.06611	0.01778	0.02326	0.07557	0.04033	0.24899	0.01221	0.00802	0.00250	0.00722	0.01029	0.00533	0.00798
3	0.01978	0.01223	0.01474	0.01275	0.01632	0.01220	0.01013	0.18941	0.02379	0.15841	0.20953	0.13135	0.08031	0.01438	0.00855	0.00254	0.00578	0.06021	0.00799	0.00958
4	0.02883	0.02125	0.02276	0.01745	0.02352	0.02352	0.01442	0.66082	0.03566	0.04780	0.01821	0.01821	0.01290	0.00911	0.00759	0.00228	0.00835	0.00683	0.00759	0.01290
5	0.01113	0.00849	0.01248	0.01232	0.01352	0.01002	0.00951	0.01361	0.01209	0.01745	0.02004	0.03043	0.01908	0.09826	0.62746	0.01145	0.05366	0.00824	0.00406	0.00671
6	0.01490	0.01407	0.02379	0.62912	0.13385	0.01700	0.02135	0.01988	0.01544	0.02008	0.01358	0.02004	0.01036	0.00748	0.00757	0.00249	0.00997	0.00674	0.00342	0.00889
7	0.01877	0.01802	0.03079	0.04656	0.68612	0.01802	0.02328	0.02328	0.01727	0.02478	0.01427	0.01877	0.01201	0.00676	0.00751	0.00225	0.00901	0.00676	0.00375	0.01201
8	0.01573	0.01348	0.01573	0.01123	0.01798	0.01011	0.00899	0.01910	0.01573	0.02472	0.01348	0.01573	0.01123	0.00562	0.00562	0.00112	0.00562	0.00449	0.00449	0.77980
9	0.00924	0.00660	0.00880	0.01056	0.01100	0.00616	0.00704	0.01056	0.01452	0.01936	0.04181	0.72848	0.05017	0.02376	0.00968	0.00308	0.00440	0.02156	0.00704	0.00616
10	0.01095	0.00767	0.00987	0.00987	0.01043	0.00822	0.00659	0.01206	0.01150	0.01589	0.02243	0.04153	0.02406	0.45690	0.31033	0.00933	0.01265	0.00984	0.00438	0.00549
11	0.14311	0.02025	0.02101	0.01632	0.02219	0.02254	0.01348	0.56458	0.03223	0.04573	0.01706	0.01732	0.01219	0.00879	0.00715	0.00229	0.00797	0.00642	0.00715	0.01219
12	0.00896	0.00768	0.00768	0.00768	0.01025	0.00640	0.00576	0.01089	0.01729	0.02049	0.07684	0.07300	0.68304	0.01921	0.00896	0.00256	0.00384	0.01601	0.00704	0.00640
13	0.02646	0.01968	0.02120	0.01674	0.02222	0.02178	0.01364	0.55732	0.08835	0.04422	0.02113	0.07430	0.01667	0.01035	0.00776	0.00236	0.00784	0.00812	0.00756	0.01230
14	0.01659	0.01659	0.02323	0.01991	0.01991	0.02323	0.01659	0.01825	0.01162	0.01825	0.00996	0.01659	0.00996	0.01328	0.02489	0.00332	0.71955	0.00664	0.00332	0.00830
15	0.01484	0.01401	0.02368	0.63773	0.12568	0.01699	0.02132	0.01983	0.01541	0.02001	0.01357	0.02005	0.01033	0.00749	0.00757	0.00250	0.00998	0.00674	0.00341	0.00884
16	0.00896	0.00768	0.00768	0.00768	0.01025	0.00640	0.00576	0.01089	0.01729	0.02049	0.07684	0.07300	0.68304	0.01921	0.00896	0.00256	0.00384	0.01601	0.00704	0.00640
17	0.02544	0.01882	0.02035	0.01638	0.02167	0.02083	0.01325	0.44938	0.18289	0.06728	0.02315	0.06655	0.01793	0.01034	0.00775	0.00240	0.00747	0.00822	0.00765	0.01226
18	0.01636	0.19671	0.54665	0.01967	0.02982	0.02041	0.02463	0.02373	0.01588	0.02263	0.01292	0.01515	0.00964	0.00704	0.00668	0.00223	0.01051	0.00526	0.00321	0.01088
19	0.01773	0.01696	0.02891	0.20299	0.53781	0.01775	0.02276	0.02237	0.01678	0.02352	0.01408	0.01911	0.01157	0.00695	0.00753	0.00232	0.00927	0.00675	0.00366	0.01118
20	0.01643	0.01563	0.02655	0.39889	0.35210	0.01741	0.02211	0.02122	0.01616	0.02193	0.01385	0.01954	0.01101	0.00719	0.00755	0.00240	0.00959	0.00675	0.00355	0.01012
21	0.02830	0.02630	0.01925	0.01693	0.02119	0.41922	0.01296	0.03127	0.04673	0.22048	0.02007	0.06891	0.01588	0.00952	0.00731	0.00218	0.01055	0.00704	0.00592	0.00996
22	0.02332	0.01661	0.01762	0.01497	0.01987	0.05712	0.01182	0.05987	0.40141	0.19463	0.02777	0.02553	0.02003	0.00954	0.00749	0.00236	0.00663	0.00776	0.00767	0.06798
23	0.02088	0.01674	0.02019	0.01521	0.02144	0.01595	0.05312	0.27479	0.02391	0.03376	0.01707	0.02117	0.01384	0.00797	0.00691	0.00182	0.00725	0.04316	0.00583	0.37900

[dist]
# distance from previous block
# <min> <max>
20	33

[block]
# block no. 3 follows, 26 sequences, length 6
# corresponding to MSA columns:
# 240-245
name=unknown_D
#
# <colnr> <probs for GDERKNQSTAVLIFYWHMCP>
#	G	D	E	R	K	N	Q	S	T	A	V	L	I	F	Y	W	H	M	C	P
0	0.01675	0.01366	0.02124	0.20751	0.02973	0.01372	0.10821	0.06538	0.01757	0.06983	0.02080	0.07881	0.01890	0.05062	0.00961	0.00264	0.00832	0.07795	0.00511	0.16365
1	0.05084	0.01230	0.03924	0.09440	0.01845	0.04253	0.01034	0.06697	0.01633	0.07092	0.04396	0.17362	0.02657	0.17860	0.01651	0.05746	0.00716	0.03573	0.03067	0.00739
2	0.01707	0.23873	0.43121	0.02190	0.10172	0.02124	0.02315	0.02356	0.01598	0.02232	0.01280	0.01521	0.00991	0.00695	0.00656	0.00216	0.01007	0.00529	0.00328	0.01087
3	0.02096	0.06759	0.06627	0.01413	0.01953	0.06309	0.01207	0.11092	0.14486	0.12285	0.02586	0.02669	0.07695	0.04993	0.00887	0.00239	0.00724	0.00753	0.00624	0.14604
4	0.04975	0.01270	0.01348	0.01207	0.01487	0.04354	0.00893	0.15479	0.04124	0.07106	0.07557	0.18930	0.06689	0.16913	0.01469	0.00354	0.00651	0.01185	0.00658	0.03350
5	0.07542	0.01478	0.01627	0.01338	0.01821	0.01491	0.01059	0.20009	0.11709	0.07648	0.02527	0.13267	0.04748	0.01102	0.00731	0.00219	0.00624	0.00907	0.00667	0.19488

[dist]
# distance from previous block
# <min> <max>
3	12

[block]
# block no. 4 follows, 26 sequences, length 101
# corresponding to MSA columns:
# 258-358
name=unknown_E
#
# <colnr> <probs for GDERKNQSTAVLIFYWHMCP>
#	G	D	E	R	K	N	Q	S	T	A	V	L	I	F	Y	W	H	M	C	P
0	0.02417	0.01651	0.01849	0.01478	0.01976	0.01749	0.01192	0.34060	0.11540	0.11780	0.08779	0.02477	0.02102	0.01052	0.00859	0.03935	0.00689	0.00769	0.03354	0.06293
1	0.02421	0.06102	0.09144	0.01653	0.02251	0.02017	0.01465	0.28589	0.18769	0.11470	0.02141	0.02092	0.01547	0.00911	0.00795	0.00233	0.03186	0.00699	0.00688	0.03826
2	0.02073	0.01760	0.01883	0.01701	0.05190	0.08628	0.03550	0.10964	0.29453	0.07721	0.02722	0.07844	0.04756	0.01052	0.00767	0.00236	0.00725	0.00880	0.00676	0.07420
3	0.02018	0.47582	0.19245	0.01593	0.02318	0.11954	0.01678	0.02406	0.01639	0.01941	0.01143	0.01329	0.00971	0.00684	0.00569	0.00185	0.00961	0.00454	0.00333	0.00995
4	0.02713	0.02030	0.02183	0.01683	0.02283	0.02215	0.01383	0.56852	0.07704	0.04490	0.01869	0.01870	0.01346	0.00891	0.00744	0.00221	0.00797	0.00676	0.00735	0.07313
5	0.02564	0.02537	0.02243	0.01880	0.02261	0.26366	0.01504	0.27973	0.02473	0.03019	0.01389	0.01621	0.01107	0.00968	0.01158	0.00242	0.18530	0.00609	0.00524	0.01031
6	0.00928	0.00682	0.00858	0.00995	0.01074	0.00626	0.00670	0.01064	0.01484	0.01934	0.04707	0.58241	0.15937	0.05629	0.01091	0.00319	0.00444	0.02010	0.00693	0.00613
7	0.01170	0.00875	0.01270	0.01244	0.01402	0.01015	0.00972	0.04445	0.01331	0.01905	0.02022	0.02924	0.01867	0.05461	0.67015	0.01172	0.01975	0.00806	0.00423	0.00706
8	0.01743	0.01449	0.01664	0.01204	0.01870	0.01185	0.00969	0.10244	0.01832	0.02771	0.01410	0.01605	0.01145	0.00607	0.00587	0.00127	0.00597	0.00480	0.00490	0.68020
9	0.00924	0.00660	0.00880	0.01056	0.01100	0.00616	0.00704	0.01056	0.01452	0.01936	0.04181	0.72848	0.05017	0.02376	0.00968	0.00308	0.00440	0.02156	0.00704	0.00616
10	0.00925	0.00765	0.00785	0.00782	0.01009	0.00653	0.00570	0.01104	0.01683	0.02032	0.09662	0.06997	0.59174	0.09090	0.01195	0.00304	0.00418	0.01541	0.00685	0.00625
11	0.01521	0.03923	0.69413	0.02162	0.03283	0.01762	0.02802	0.02402	0.01601	0.02402	0.01361	0.01601	0.00961	0.00721	0.00721	0.00240	0.01121	0.00560	0.00320	0.01121
12	0.01877	0.01802	0.03079	0.04656	0.68612	0.01802	0.02328	0.02328	0.01727	0.02478	0.01427	0.01877	0.01201	0.00676	0.00751	0.00225	0.00901	0.00676	0.00375	0.01201
13	0.01222	0.00873	0.01222	0.01397	0.01572	0.00873	0.01222	0.01572	0.01746	0.02270	0.04016	0.08556	0.04365	0.02095	0.01048	0.00349	0.00698	0.63506	0.00698	0.00698
14	0.01103	0.00735	0.00827	0.00827	0.00827	0.00735	0.00460	0.01103	0.01103	0.01471	0.02390	0.04964	0.02758	0.73343	0.03861	0.00735	0.00735	0.01103	0.00460	0.00460
15	0.01084	0.00728	0.00833	0.00851	0.00856	0.00723	0.00485	0.01098	0.01139	0.01519	0.02577	0.12038	0.02993	0.65948	0.03559	0.00691	0.00705	0.01213	0.00485	0.00476
16	0.00899	0.00760	0.00777	0.00790	0.01030	0.00638	0.00586	0.01086	0.01708	0.02041	0.07419	0.12260	0.63515	0.01955	0.00902	0.00260	0.00388	0.01643	0.00704	0.00638
17	0.00924	0.00660	0.00880	0.01056	0.01100	0.00616	0.00704	0.01056	0.01452	0.01936	0.04181	0.72848	0.05017	0.02376	0.00968	0.00308	0.00440	0.02156	0.00704	0.00616
18	0.02833	0.03615	0.02149	0.01954	0.02345	0.70298	0.01466	0.03029	0.02149	0.01856	0.01172	0.01368	0.00977	0.00782	0.00684	0.00195	0.01368	0.00489	0.00391	0.00879
19	0.02061	0.01716	0.01813	0.01579	0.02039	0.01968	0.01243	0.14895	0.56092	0.03454	0.02866	0.02653	0.02136	0.01008	0.00770	0.00252	0.00641	0.00827	0.00770	0.01216
20	0.00924	0.00660	0.00880	0.01056	0.01100	0.00616	0.00704	0.01056	0.01452	0.01936	0.04181	0.72848	0.05017	0.02376	0.00968	0.00308	0.00440	0.02156	0.00704	0.00616
21	0.02838	0.03482	0.02161	0.01935	0.02346	0.64248	0.01463	0.08643	0.02276	0.02117	0.01230	0.01408	0.01005	0.00793	0.00691	0.00198	0.01320	0.00506	0.00424	0.00916
22	0.02883	0.02125	0.02276	0.01745	0.02352	0.02352	0.01442	0.66082	0.03566	0.04780	0.01821	0.01821	0.01290	0.00911	0.00759	0.00228	0.00835	0.00683	0.00759	0.01290
23	0.02840	0.02151	0.02249	0.01743	0.02336	0.04479	0.01432	0.61517	0.06163	0.04621	0.01853	0.01849	0.01323	0.00911	0.00757	0.00228	0.00842	0.00684	0.00748	0.01273
24	0.01216	0.00869	0.01213	0.01377	0.01552	0.00866	0.01199	0.01565	0.01764	0.02305	0.06904	0.08426	0.04491	0.02071	0.01041	0.00344	0.00683	0.60711	0.00705	0.00699
25	0.01966	0.01669	0.01760	0.01560	0.02003	0.01924	0.01220	0.08983	0.62159	0.03301	0.02986	0.02749	0.02234	0.01020	0.00771	0.00255	0.00619	0.00844	0.00771	0.01208
26	0.01790	0.02046	0.04476	0.03197	0.03964	0.01918	0.65857	0.02430	0.01790	0.02430	0.01535	0.02046	0.01151	0.00639	0.00895	0.00256	0.01279	0.00895	0.00384	0.01023
27	0.00924	0.00660	0.00880	0.01056	0.01100	0.00616	0.00704	0.01056	0.01452	0.01936	0.04181	0.72848	0.05017	0.02376	0.00968	0.00308	0.00440	0.02156	0.00704	0.00616
28	0.01659	0.01659	0.02323	0.01991	0.01991	0.02323	0.01659	0.01825	0.01162	0.01825	0.00996	0.01659	0.00996	0.01328	0.02489	0.00332	0.71955	0.00664	0.00332	0.00830
29	0.02883	0.02125	0.02276	0.01745	0.02352	0.02352	0.01442	0.66082	0.03566	0.04780	0.01821	0.01821	0.01290	0.00911	0.00759	0.00228	0.00835	0.00683	0.00759	0.01290
30	0.01877	0.01802	0.03079	0.04656	0.68612	0.01802	0.02328	0.02328	0.01727	0.02478	0.01427	0.01877	0.01201	0.00676	0.00751	0.00225	0.00901	0.00676	0.00375	0.01201
31	0.01074	0.00775	0.01014	0.00954	0.01133	0.00716	0.00716	0.01431	0.02147	0.03042	0.68211	0.05666	0.07157	0.01551	0.00895	0.00239	0.00358	0.01372	0.00835	0.00716
32	0.02028	0.73799	0.03975	0.01298	0.01947	0.03001	0.01298	0.02271	0.01541	0.01785	0.01055	0.01217	0.00973	0.00649	0.00487	0.00162	0.00811	0.00406	0.00324	0.00973
33	0.01053	0.00787	0.01096	0.01172	0.01276	0.00751	0.03428	0.04051	0.01585	0.02122	0.06109	0.64480	0.04761	0.02211	0.00953	0.00300	0.00490	0.02012	0.00698	0.00667
34	0.00924	0.00660	0.00880	0.01056	0.01100	0.00616	0.00704	0.01056	0.01452	0.01936	0.04181	0.72848	0.05017	0.02376	0.00968	0.00308	0.00440	0.02156	0.00704	0.00616
35	0.02375	0.01872	0.01990	0.01642	0.02158	0.02115	0.01319	0.34415	0.36062	0.03960	0.02467	0.02336	0.01813	0.00971	0.00765	0.00243	0.00715	0.00772	0.00765	0.01244
36	0.00924	0.00660	0.00880	0.01056	0.01100	0.00616	0.00704	0.01056	0.01452	0.01936	0.04181	0.72848	0.05017	0.02376	0.00968	0.00308	0.00440	0.02156	0.00704	0.00616
37	0.01521	0.03923	0.69413	0.02162	0.03283	0.01762	0.02802	0.02402	0.01601	0.02402	0.01361	0.01601	0.00961	0.00721	0.00721	0.00240	0.01121	0.00560	0.00320	0.01121
38	0.01074	0.00775	0.01014	0.00954	0.01133	0.00716	0.00716	0.01431	0.02147	0.03042	0.68211	0.05666	0.07157	0.01551	0.00895	0.00239	0.00358	0.01372	0.00835	0.00716
39	0.01516	0.01207	0.01440	0.01462	0.01749	0.01321	0.01213	0.02658	0.30689	0.02669	0.03606	0.06026	0.03459	0.01624	0.00926	0.00309	0.00655	0.35821	0.00731	0.00920
40	0.01432	0.01348	0.02275	0.71520	0.05224	0.01685	0.02107	0.01938	0.01517	0.01938	0.01348	0.02022	0.01011	0.00758	0.00758	0.00253	0.01011	0.00674	0.00337	0.00843
41	0.00896	0.00768	0.00768	0.00768	0.01025	0.00640	0.00576	0.01089	0.01729	0.02049	0.07684	0.07300	0.68304	0.01921	0.00896	0.00256	0.00384	0.01601	0.00704	0.00640
42	0.01877	0.01802	0.03079	0.04656	0.68612	0.01802	0.02328	0.02328	0.01727	0.02478	0.01427	0.01877	0.01201	0.00676	0.00751	0.00225	0.00901	0.00676	0.00375	0.01201
43	0.01814	0.01737	0.02964	0.14220	0.59544	0.01785	0.02296	0.02272	0.01697	0.02401	0.01416	0.01898	0.01174	0.00688	0.00752	0.00229	0.00917	0.00676	0.00370	0.01150
44	0.01698	0.01870	0.03905	0.14056	0.03983	0.01855	0.50560	0.02278	0.01707	0.02307	0.01569	0.04399	0.01251	0.00747	0.00947	0.00260	0.04360	0.00892	0.00385	0.00972
45	0.00956	0.00786	0.00852	0.00878	0.01117	0.00681	0.00687	0.01181	0.01749	0.02126	0.09590	0.07435	0.55436	0.01934	0.00921	0.00270	0.00434	0.11605	0.00709	0.00653
46	0.02033	0.02026	0.02935	0.04212	0.57958	0.09744	0.02188	0.05289	0.01859	0.02510	0.01415	0.01816	0.01180	0.00699	0.00744	0.00222	0.00952	0.00654	0.00395	0.01168
47	0.01596	0.01393	0.01715	0.01238	0.01906	0.01090	0.03961	0.02022	0.04294	0.02499	0.01429	0.01647	0.01174	0.00585	0.00586	0.00125	0.00597	0.00487	0.00460	0.71197
48	0.02963	0.01675	0.01962	0.01529	0.02097	0.01719	0.01254	0.31695	0.08060	0.32478	0.04827	0.02371	0.01839	0.00955	0.00766	0.00233	0.00716	0.00756	0.00841	0.01262
49	0.04174	0.11518	0.56752	0.02076	0.03106	0.01905	0.05580	0.02383	0.01593	0.02368	0.01325	0.01568	0.00967	0.00708	0.00695	0.00232	0.01076	0.00554	0.00329	0.01090
50	0.01327	0.01011	0.01307	0.09986	0.01924	0.04001	0.01169	0.01620	0.01674	0.05249	0.03705	0.24805	0.06454	0.01887	0.00954	0.00310	0.00681	0.30557	0.00653	0.00727
51	0.01644	0.00978	0.01256	0.01104	0.01403	0.00910	0.00862	0.04064	0.04863	0.16019	0.45961	0.04792	0.05427	0.01376	0.00854	0.00238	0.00459	0.03501	0.00832	0.03456
52	0.02113	0.01318	0.01585	0.01448	0.01847	0.01381	0.01183	0.03228	0.30378	0.21106	0.03329	0.04415	0.02787	0.01312	0.00849	0.00278	0.00641	0.18925	0.00797	0.01080
53	0.01580	0.11956	0.61891	0.02063	0.03129	0.01904	0.02630	0.02387	0.01594	0.02331	0.01326	0.01557	0.00962	0.00712	0.00694	0.00231	0.01085	0.00543	0.00321	0.01104
54	0.01103	0.00735	0.00827	0.00827	0.00827	0.00735	0.00460	0.01103	0.01103	0.01471	0.02390	0.04964	0.02758	0.73343	0.03861	0.00735	0.00735	0.01103	0.00460	0.00460
55	0.01780	0.02014	0.04299	0.03098	0.03802	0.01952	0.60572	0.02380	0.01739	0.02380	0.01490	0.02014	0.01138	0.00696	0.01026	0.00262	0.07096	0.00876	0.00379	0.01007
56	0.01573	0.01348	0.01573	0.01123	0.01798	0.01011	0.00899	0.01910	0.01573	0.02472	0.01348	0.01573	0.01123	0.00562	0.00562	0.00112	0.00562	0.00449	0.00449	0.77980
57	0.01573	0.01348	0.01573	0.01123	0.01798	0.01011	0.00899	0.01910	0.01573	0.02472	0.01348	0.01573	0.01123	0.00562	0.00562	0.00112	0.00562	0.00449	0.00449	0.77980
58	0.01650	0.01312	0.01551	0.01134	0.01773	0.00999	0.00902	0.01975	0.01602	0.06381	0.01578	0.04978	0.01351	0.00669	0.00593	0.00129	0.00561	0.00548	0.00490	0.69823
59	0.01521	0.03923	0.69413	0.02162	0.03283	0.01762	0.02802	0.02402	0.01601	0.02402	0.01361	0.01601	0.00961	0.00721	0.00721	0.00240	0.01121	0.00560	0.00320	0.01121
60	0.01084	0.00813	0.01219	0.01219	0.01354	0.00948	0.00948	0.01354	0.01219	0.01761	0.02032	0.02980	0.01896	0.05689	0.70337	0.01219	0.02032	0.00813	0.00406	0.00677
61	0.01189	0.01084	0.01979	0.01711	0.01976	0.01014	0.20620	0.01476	0.01556	0.02087	0.03372	0.51206	0.03835	0.01845	0.00946	0.00292	0.00696	0.01771	0.00606	0.00740
62	0.00924	0.00660	0.00880	0.01056	0.01100	0.00616	0.00704	0.01056	0.01452	0.01936	0.04181	0.72848	0.05017	0.02376	0.00968	0.00308	0.00440	0.02156	0.00704	0.00616
63	0.01943	0.01747	0.01741	0.01568	0.01994	0.05924	0.01216	0.03971	0.63400	0.03095	0.02974	0.02744	0.02236	0.01014	0.00767	0.00254	0.00646	0.00836	0.00749	0.01182
64	0.02644	0.02195	0.02230	0.07503	0.02549	0.10658	0.01495	0.46474	0.06872	0.03958	0.01740	0.01834	0.01276	0.00908	0.00828	0.00232	0.04101	0.00668	0.00660	0.01177
65	0.01780	0.39540	0.36058	0.01721	0.02602	0.02393	0.02036	0.02335	0.01571	0.02087	0.01205	0.01405	0.00967	0.00684	0.00601	0.00200	0.00963	0.00482	0.00322	0.01046
66	0.01521	0.03923	0.69413	0.02162	0.03283	0.01762	0.02802	0.02402	0.01601	0.02402	0.01361	0.01601	0.00961	0.00721	0.00721	0.00240	0.01121	0.00560	0.00320	0.01121
67	0.00924	0.00660	0.00880	0.01056	0.01100	0.00616	0.00704	0.01056	0.01452	0.01936	0.04181	0.72848	0.05017	0.02376	0.00968	0.00308	0.00440	0.02156	0.00704	0.00616
68	0.08465	0.02485	0.02114	0.09089	0.08660	0.31737	0.01501	0.10227	0.04787	0.11484	0.01603	0.01746	0.01201	0.00810	0.00704	0.00219	0.01038	0.00593	0.00522	0.01017
69	0.01731	0.01934	0.04134	0.02977	0.03699	0.01801	0.59069	0.02327	0.01761	0.02404	0.01675	0.06029	0.01368	0.00734	0.00883	0.00252	0.01197	0.00945	0.00405	0.04675
70	0.00922	0.00666	0.00874	0.01039	0.01096	0.00618	0.00697	0.01058	0.01469	0.01943	0.04387	0.68980	0.08751	0.02349	0.00964	0.00305	0.00437	0.02124	0.00704	0.00618
71	0.01334	0.01010	0.01350	0.01515	0.04028	0.01044	0.01236	0.01944	0.11133	0.02442	0.06690	0.07365	0.04084	0.01867	0.00991	0.00327	0.00676	0.49469	0.00703	0.00789
72	0.01570	0.11081	0.59389	0.05384	0.03236	0.01887	0.02612	0.02366	0.01591	0.02316	0.01329	0.01581	0.00965	0.00715	0.00698	0.00233	0.01083	0.00550	0.00322	0.01092
73	0.01768	0.01981	0.04113	0.02994	0.03632	0.01986	0.55042	0.02328	0.01684	0.02328	0.01444	0.01981	0.01125	0.00755	0.01164	0.00269	0.13185	0.00856	0.00375	0.00990
74	0.01887	0.01629	0.01715	0.01544	0.01972	0.01887	0.01201	0.04031	0.67241	0.03173	0.03087	0.02830	0.02315	0.01029	0.00772	0.00257	0.00600	0.00858	0.00772	0.01201
75	0.02908	0.02085	0.02252	0.01727	0.02333	0.02294	0.01426	0.63154	0.03501	0.07802	0.01876	0.01857	0.01318	0.00912	0.00759	0.00228	0.00826	0.00687	0.00767	0.01290
76	0.07592	0.02280	0.02079	0.01701	0.02227	0.15184	0.01364	0.39076	0.14297	0.03853	0.01870	0.01873	0.01380	0.00893	0.00728	0.00227	0.00879	0.00659	0.00672	0.01166
77	0.03300	0.01294	0.01750	0.01337	0.01928	0.01109	0.01103	0.03595	0.02137	0.65365	0.02899	0.02525	0.01835	0.00917	0.00751	0.00228	0.00641	0.00745	0.00911	0.05630
78	0.74441	0.01457	0.01151	0.01017	0.01493	0.01668	0.00838	0.02313	0.01341	0.07122	0.01166	0.01309	0.00881	0.00717	0.00486	0.00235	0.00590	0.00431	0.00496	0.00848
79	0.01542	0.06757	0.66759	0.02127	0.03229	0.01812	0.02741	0.02397	0.01599	0.02377	0.01349	0.01586	0.00961	0.00718	0.00711	0.00237	0.01108	0.00554	0.00320	0.01115
80	0.00924	0.00660	0.00880	0.01056	0.01100	0.00616	0.00704	0.01056	0.01452	0.01936	0.04181	0.72848	0.05017	0.02376	0.00968	0.00308	0.00440	0.02156	0.00704	0.00616
81	0.71423	0.01481	0.01196	0.01046	0.01528	0.01691	0.00862	0.04703	0.01428	0.07334	0.01199	0.01334	0.00901	0.00726	0.00498	0.00234	0.00599	0.00442	0.00508	0.00867
82	0.01414	0.00707	0.00707	0.00707	0.00884	0.00707	0.00530	0.01767	0.01591	0.02828	0.02474	0.02828	0.01944	0.00884	0.00530	0.00177	0.00353	0.00707	0.77554	0.00707
83	0.01490	0.01460	0.02628	0.60553	0.05022	0.01723	0.12339	0.02017	0.01561	0.02017	0.01378	0.02026	0.01034	0.00739	0.00780	0.00253	0.01054	0.00710	0.00345	0.00872
84	0.00924	0.00660	0.00880	0.01056	0.01100	0.00616	0.00704	0.01056	0.01452	0.01936	0.04181	0.72848	0.05017	0.02376	0.00968	0.00308	0.00440	0.02156	0.00704	0.00616
85	0.00924	0.00660	0.00880	0.01056	0.01100	0.00616	0.00704	0.01056	0.01452	0.01936	0.04181	0.72848	0.05017	0.02376	0.00968	0.00308	0.00440	0.02156	0.00704	0.00616
86	0.01154	0.00793	0.01040	0.00968	0.01161	0.00730	0.00730	0.01510	0.02148	0.05331	0.65952	0.05559	0.06974	0.01529	0.00890	0.00238	0.00368	0.01351	0.00839	0.00736
87	0.01708	0.01803	0.03122	0.02439	0.02723	0.02173	0.25480	0.02050	0.01395	0.02050	0.01196	0.01803	0.01053	0.01072	0.01898	0.00304	0.45730	0.00750	0.00351	0.00901
88	0.00924	0.00660	0.00880	0.01056	0.01100	0.00616	0.00704	0.01056	0.01452	0.01936	0.04181	0.72848	0.05017	0.02376	0.00968	0.00308	0.00440	0.02156	0.00704	0.00616
89	0.01103	0.00735	0.00827	0.00827	0.00827	0.00735	0.00460	0.01103	0.01103	0.01471	0.02390	0.04964	0.02758	0.73343	0.03861	0.00735	0.00735	0.01103	0.00460	0.00460
90	0.01573	0.01348	0.01573	0.01123	0.01798	0.01011	0.00899	0.01910	0.01573	0.02472	0.01348	0.01573	0.01123	0.00562	0.00562	0.00112	0.00562	0.00449	0.00449	0.77980
91	0.01521	0.03923	0.69413	0.02162	0.03283	0.01762	0.02802	0.02402	0.01601	0.02402	0.01361	0.01601	0.00961	0.00721	0.00721	0.00240	0.01121	0.00560	0.00320	0.01121
92	0.00924	0.00660	0.00880	0.01056	0.01100	0.00616	0.00704	0.01056	0.01452	0.01936	0.04181	0.72848	0.05017	0.02376	0.00968	0.00308	0.00440	0.02156	0.00704	0.00616
93	0.01096	0.00733	0.00829	0.00836	0.00837	0.00731	0.00469	0.01101	0.01116	0.01488	0.02457	0.07497	0.02842	0.70695	0.03753	0.00719	0.00724	0.01142	0.00469	0.00465
94	0.01967	0.01719	0.02575	0.03490	0.43882	0.01790	0.01905	0.02941	0.22355	0.06468	0.02038	0.02217	0.01590	0.00802	0.00758	0.00236	0.00792	0.00738	0.00532	0.01206
95	0.03014	0.01271	0.01682	0.01321	0.01848	0.01144	0.01079	0.06187	0.04515	0.55088	0.11688	0.02970	0.02575	0.01023	0.00781	0.00236	0.00614	0.00844	0.00911	0.01211
96	0.05118	0.01967	0.13369	0.27874	0.32541	0.01750	0.02258	0.02197	0.01612	0.02315	0.01372	0.01855	0.01078	0.00714	0.00736	0.00238	0.00961	0.00645	0.00357	0.01044
97	0.05035	0.13652	0.57154	0.01988	0.03014	0.01933	0.02502	0.02376	0.01579	0.02360	0.01304	0.01531	0.00956	0.00710	0.00676	0.00229	0.01054	0.00532	0.00328	0.01087
98	0.01361	0.00724	0.00789	0.00789	0.00959	0.00746	0.00597	0.01701	0.01531	0.02656	0.02403	0.02852	0.01936	0.01656	0.11753	0.00344	0.00623	0.00724	0.65151	0.00702
99	0.10318	0.01806	0.01841	0.01476	0.02008	0.05838	0.01195	0.30318	0.09847	0.12660	0.02197	0.02162	0.03714	0.00905	0.00706	0.00220	0.00731	0.00688	0.04162	0.07208
100	0.01679	0.01617	0.02310	0.17277	0.02723	0.02185	0.01746	0.05486	0.01376	0.02017	0.01120	0.01748	0.01016	0.01179	0.02010	0.00309	0.52320	0.00667	0.00357	0.00859

[dist]
# distance from previous block
# <min> <max>
2	7

[block]
# block no. 5 follows, 26 sequences, length 55
# corresponding to MSA columns:
# 366-420
name=unknown_F
#
# <colnr> <probs for GDERKNQSTAVLIFYWHMCP>
#	G	D	E	R	K	N	Q	S	T	A	V	L	I	F	Y	W	H	M	C	P
0	0.03044	0.01359	0.01745	0.01381	0.01926	0.01274	0.01126	0.06467	0.12352	0.53140	0.05751	0.02718	0.02146	0.00978	0.00770	0.00238	0.00635	0.00800	0.00900	0.01252
1	0.05647	0.02220	0.02104	0.01689	0.02227	0.12175	0.01365	0.46615	0.08577	0.04086	0.01829	0.01857	0.01339	0.00893	0.00729	0.00224	0.00864	0.00660	0.03718	0.01181
2	0.01828	0.01752	0.02991	0.11998	0.61651	0.01789	0.02304	0.02285	0.01704	0.02419	0.01418	0.01893	0.01181	0.00685	0.00752	0.00228	0.00913	0.00676	0.00371	0.01162
3	0.01565	0.01364	0.02280	0.64629	0.07754	0.01658	0.02059	0.02056	0.01563	0.05815	0.01446	0.02048	0.01069	0.00765	0.00758	0.00251	0.00985	0.00679	0.00373	0.00884
4	0.01946	0.01568	0.01735	0.01619	0.04770	0.01759	0.01209	0.06767	0.51954	0.06958	0.06339	0.03028	0.04829	0.01061	0.00780	0.00252	0.00608	0.00888	0.00764	0.01166
5	0.00924	0.00660	0.00880	0.01056	0.01100	0.00616	0.00704	0.01056	0.01452	0.01936	0.04181	0.72848	0.05017	0.02376	0.00968	0.00308	0.00440	0.02156	0.00704	0.00616
6	0.01745	0.34741	0.40553	0.01781	0.02694	0.02308	0.02139	0.02344	0.01575	0.02130	0.01226	0.01432	0.00966	0.00689	0.00617	0.00206	0.00984	0.00492	0.00322	0.01056
7	0.02739	0.02039	0.02199	0.01677	0.02291	0.02205	0.01382	0.59036	0.03347	0.04527	0.01769	0.01794	0.01272	0.00872	0.00737	0.00215	0.00805	0.00657	0.00725	0.09711
8	0.00924	0.00660	0.00880	0.01056	0.01100	0.00616	0.00704	0.01056	0.01452	0.01936	0.04181	0.72848	0.05017	0.02376	0.00968	0.00308	0.00440	0.02156	0.00704	0.00616
9	0.01659	0.01659	0.02323	0.01991	0.01991	0.02323	0.01659	0.01825	0.01162	0.01825	0.00996	0.01659	0.00996	0.01328	0.02489	0.00332	0.71955	0.00664	0.00332	0.00830
10	0.00924	0.00660	0.00880	0.01056	0.01100	0.00616	0.00704	0.01056	0.01452	0.01936	0.04181	0.72848	0.05017	0.02376	0.00968	0.00308	0.00440	0.02156	0.00704	0.00616
11	0.01778	0.02134	0.07506	0.03149	0.03932	0.01911	0.62914	0.02428	0.01781	0.02428	0.01526	0.02025	0.01142	0.00643	0.00887	0.00255	0.01271	0.00880	0.00381	0.01028
12	0.00924	0.00660	0.00880	0.01056	0.01100	0.00616	0.00704	0.01056	0.01452	0.01936	0.04181	0.72848	0.05017	0.02376	0.00968	0.00308	0.00440	0.02156	0.00704	0.00616
13	0.00907	0.00769	0.00782	0.00779	0.01031	0.00645	0.00584	0.01108	0.01753	0.02106	0.11155	0.07206	0.64797	0.01900	0.00896	0.00255	0.00383	0.01588	0.00712	0.00645
14	0.01432	0.01348	0.02275	0.71520	0.05224	0.01685	0.02107	0.01938	0.01517	0.01938	0.01348	0.02022	0.01011	0.00758	0.00758	0.00253	0.01011	0.00674	0.00337	0.00843
15	0.02833	0.03615	0.02149	0.01954	0.02345	0.70298	0.01466	0.03029	0.02149	0.01856	0.01172	0.01368	0.00977	0.00782	0.00684	0.00195	0.01368	0.00489	0.00391	0.00879
16	0.01084	0.00813	0.01219	0.01219	0.01354	0.00948	0.00948	0.01354	0.01219	0.01761	0.02032	0.02980	0.01896	0.05689	0.70337	0.01219	0.02032	0.00813	0.00406	0.00677
17	0.01073	0.00781	0.01014	0.00971	0.01153	0.00721	0.00738	0.01423	0.02104	0.02949	0.61566	0.05912	0.09991	0.01600	0.00903	0.00246	0.00379	0.04946	0.00821	0.00711
18	0.01521	0.03923	0.69413	0.02162	0.03283	0.01762	0.02802	0.02402	0.01601	0.02402	0.01361	0.01601	0.00961	0.00721	0.00721	0.00240	0.01121	0.00560	0.00320	0.01121
19	0.01398	0.00898	0.01142	0.01027	0.01255	0.00848	0.00775	0.05326	0.02151	0.09216	0.53288	0.05103	0.05991	0.06914	0.01100	0.00275	0.00441	0.01255	0.00812	0.00783
20	0.01414	0.00707	0.00707	0.00707	0.00884	0.00707	0.00530	0.01767	0.01591	0.02828	0.02474	0.02828	0.01944	0.00884	0.00530	0.00177	0.00353	0.00707	0.77554	0.00707
21	0.01086	0.00803	0.01172	0.01172	0.01291	0.00922	0.00889	0.01324	0.01205	0.01726	0.02075	0.03220	0.02001	0.13886	0.62283	0.01160	0.01875	0.00848	0.00413	0.00651
22	0.01573	0.01348	0.01573	0.01123	0.01798	0.01011	0.00899	0.01910	0.01573	0.02472	0.01348	0.01573	0.01123	0.00562	0.00562	0.00112	0.00562	0.00449	0.00449	0.77980
23	0.01783	0.01260	0.01465	0.01322	0.01629	0.01302	0.01003	0.24078	0.04138	0.06177	0.06338	0.36870	0.03457	0.01653	0.00862	0.00265	0.00593	0.01439	0.00734	0.03634
24	0.01214	0.00808	0.01052	0.00973	0.01180	0.00738	0.00736	0.01562	0.02134	0.07179	0.61914	0.05530	0.09025	0.01525	0.00886	0.00239	0.00377	0.01342	0.00837	0.00749
25	0.01849	0.01774	0.03028	0.08877	0.64609	0.01795	0.02314	0.02303	0.01714	0.02444	0.01422	0.01886	0.01189	0.00681	0.00751	0.00227	0.00908	0.00676	0.00373	0.01179
26	0.02841	0.03393	0.02168	0.01923	0.02346	0.60176	0.01462	0.12422	0.02361	0.02292	0.01269	0.01435	0.01024	0.00801	0.00695	0.00200	0.01288	0.00517	0.00446	0.00941
27	0.21013	0.03023	0.07256	0.01726	0.02208	0.43821	0.01415	0.06962	0.01993	0.02466	0.01202	0.01384	0.00959	0.00767	0.00640	0.00211	0.01125	0.00488	0.00429	0.00912
28	0.14900	0.05238	0.02093	0.01707	0.02194	0.33727	0.01349	0.24476	0.02477	0.03102	0.01372	0.01496	0.01059	0.00809	0.00668	0.00212	0.01041	0.00540	0.00527	0.01014
29	0.01177	0.00877	0.01062	0.00978	0.01205	0.00825	0.00744	0.06279	0.02174	0.02981	0.51379	0.05692	0.18617	0.01574	0.00885	0.00241	0.00399	0.01364	0.00804	0.00745
30	0.01318	0.00659	0.00988	0.00988	0.00988	0.00659	0.00659	0.00988	0.00988	0.01318	0.01318	0.02306	0.01318	0.02635	0.02964	0.77931	0.00659	0.00659	0.00329	0.00329
31	0.01795	0.02034	0.04407	0.03269	0.07157	0.01912	0.62719	0.02425	0.01787	0.02432	0.01529	0.02038	0.01153	0.00641	0.00888	0.00254	0.01260	0.00884	0.00383	0.01032
32	0.05609	0.15063	0.30536	0.01740	0.02494	0.05907	0.01875	0.05171	0.16161	0.02603	0.04547	0.01957	0.01534	0.00822	0.00686	0.00227	0.00897	0.00627	0.00471	0.01074
33	0.01521	0.03923	0.69413	0.02162	0.03283	0.01762	0.02802	0.02402	0.01601	0.02402	0.01361	0.01601	0.00961	0.00721	0.00721	0.00240	0.01121	0.00560	0.00320	0.01121
34	0.01414	0.00707	0.00707	0.00707	0.00884	0.00707	0.00530	0.01767	0.01591	0.02828	0.02474	0.02828	0.01944	0.00884	0.00530	0.00177	0.00353	0.00707	0.77554	0.00707
35	0.00924	0.00660	0.00880	0.01056	0.01100	0.00616	0.00704	0.01056	0.01452	0.01936	0.04181	0.72848	0.05017	0.02376	0.00968	0.00308	0.00440	0.02156	0.00704	0.00616
36	0.01118	0.00872	0.01120	0.01130	0.01319	0.00798	0.00814	0.01306	0.01476	0.02064	0.03379	0.50899	0.03917	0.01905	0.00954	0.00267	0.03978	0.03971	0.00628	0.18085
37	0.01790	0.02046	0.04476	0.03197	0.03964	0.01918	0.65857	0.02430	0.01790	0.02430	0.01535	0.02046	0.01151	0.00639	0.00895	0.00256	0.01279	0.00895	0.00384	0.01023
38	0.00909	0.00772	0.00785	0.00792	0.01045	0.00649	0.00600	0.01106	0.01730	0.02057	0.07548	0.07346	0.65936	0.01927	0.00902	0.00260	0.00396	0.03893	0.00704	0.00642
39	0.02741	0.03380	0.02089	0.01882	0.02280	0.62560	0.01420	0.06914	0.02218	0.02051	0.01536	0.01690	0.04330	0.00846	0.00699	0.00200	0.01285	0.00556	0.00430	0.00893
40	0.02028	0.73799	0.03975	0.01298	0.01947	0.03001	0.01298	0.02271	0.01541	0.01785	0.01055	0.01217	0.00973	0.00649	0.00487	0.00162	0.00811	0.00406	0.00324	0.00973
41	0.01084	0.00728	0.00833	0.00851	0.00856	0.00723	0.00485	0.01098	0.01139	0.01519	0.02576	0.12030	0.02993	0.65956	0.03560	0.00691	0.00705	0.01213	0.00485	0.00476
42	0.01089	0.00729	0.00831	0.00845	0.00849	0.00726	0.00479	0.01099	0.01131	0.01508	0.02532	0.10360	0.02937	0.67702	0.03631	0.00701	0.00712	0.01187	0.00479	0.00472
43	0.02833	0.03615	0.02149	0.01954	0.02345	0.70298	0.01466	0.03029	0.02149	0.01856	0.01172	0.01368	0.00977	0.00782	0.00684	0.00195	0.01368	0.00489	0.00391	0.00879
44	0.01444	0.01363	0.02277	0.68116	0.05066	0.01716	0.02085	0.01932	0.01499	0.01932	0.01331	0.02004	0.01010	0.00786	0.00843	0.00257	0.04485	0.00674	0.00337	0.00842
45	0.01102	0.00739	0.00845	0.00845	0.00851	0.00745	0.00481	0.01114	0.01108	0.01484	0.02374	0.04876	0.02719	0.70344	0.06808	0.00757	0.00793	0.01090	0.00457	0.00469
46	0.01318	0.00659	0.00988	0.00988	0.00988	0.00659	0.00659	0.00988	0.00988	0.01318	0.01318	0.02306	0.01318	0.02635	0.02964	0.77931	0.00659	0.00659	0.00329	0.00329
47	0.03127	0.01306	0.01721	0.01354	0.01904	0.01184	0.01106	0.03632	0.09500	0.58723	0.05947	0.02749	0.02165	0.00977	0.00770	0.00237	0.00627	0.00801	0.00915	0.01255
48	0.01779	0.02013	0.04291	0.03094	0.03795	0.01953	0.60354	0.02378	0.01736	0.02378	0.01488	0.02013	0.01138	0.00698	0.01032	0.00262	0.07337	0.00875	0.00379	0.01006
49	0.01629	0.01548	0.02630	0.42031	0.33180	0.01737	0.02204	0.02110	0.01609	0.02176	0.01383	0.01958	0.01095	0.00722	0.00755	0.00241	0.00963	0.00675	0.00354	0.01001
50	0.02028	0.73799	0.03975	0.01298	0.01947	0.03001	0.01298	0.02271	0.01541	0.01785	0.01055	0.01217	0.00973	0.00649	0.00487	0.00162	0.00811	0.00406	0.00324	0.00973
51	0.01189	0.00851	0.01179	0.01318	0.01489	0.00840	0.01128	0.01532	0.01795	0.02372	0.13565	0.10508	0.04804	0.02025	0.01022	0.00331	0.00638	0.51997	0.00719	0.00698
52	0.01521	0.03923	0.69413	0.02162	0.03283	0.01762	0.02802	0.02402	0.01601	0.02402	0.01361	0.01601	0.00961	0.00721	0.00721	0.00240	0.01121	0.00560	0.00320	0.01121
53	0.05327	0.05670	0.02317	0.01707	0.02303	0.04973	0.01415	0.58441	0.03338	0.04476	0.01734	0.01755	0.01247	0.00886	0.00733	0.00223	0.00846	0.00653	0.00714	0.01243
54	0.33082	0.01379	0.01497	0.01212	0.01735	0.01390	0.00997	0.06102	0.01891	0.36944	0.05112	0.02149	0.01669	0.00872	0.00652	0.00235	0.00619	0.00647	0.00739	0.01079

[dist]
# distance from previous block
# <min> <max>
13	18

[block]
# block no. 6 follows, 26 sequences, length 13
# corresponding to MSA columns:
# 441-453
name=unknown_G
#
# <colnr> <probs for GDERKNQSTAVLIFYWHMCP>
#	G	D	E	R	K	N	Q	S	T	A	V	L	I	F	Y	W	H	M	C	P
0	0.01813	0.03904	0.02862	0.10034	0.02945	0.05358	0.21545	0.04885	0.01648	0.03887	0.01387	0.01892	0.01142	0.02665	0.01271	0.00257	0.18783	0.00702	0.00405	0.12615
1	0.02220	0.02210	0.01926	0.01544	0.02084	0.22543	0.01218	0.14854	0.02120	0.02704	0.01369	0.01563	0.01105	0.00737	0.00737	0.00172	0.04517	0.00518	0.00486	0.35373
2	0.01721	0.01832	0.03440	0.02547	0.03092	0.01886	0.38332	0.02185	0.01586	0.02273	0.01360	0.01867	0.01105	0.00814	0.01275	0.00254	0.20305	0.00763	0.00380	0.12985
3	0.10413	0.01647	0.01772	0.01468	0.01984	0.01783	0.01177	0.17303	0.31119	0.13711	0.02445	0.02304	0.01772	0.00919	0.00719	0.00234	0.00655	0.00726	0.00738	0.07112
4	0.01235	0.00754	0.00934	0.00934	0.01068	0.00810	0.00691	0.01505	0.01370	0.02199	0.02281	0.03192	0.02040	0.13092	0.29567	0.00682	0.01094	0.00806	0.35087	0.00660
5	0.01628	0.01490	0.02139	0.23063	0.02882	0.01963	0.01668	0.05190	0.01439	0.02117	0.01299	0.01899	0.01114	0.01086	0.01669	0.00286	0.39215	0.00672	0.08336	0.00845
6	0.01081	0.00740	0.00898	0.00917	0.00944	0.00759	0.00567	0.01140	0.01159	0.01568	0.02517	0.11705	0.02849	0.54631	0.14680	0.00772	0.00921	0.01164	0.00476	0.00512
7	0.00915	0.00769	0.00794	0.00788	0.01036	0.00648	0.00591	0.01124	0.01772	0.02152	0.13991	0.07130	0.61933	0.01882	0.00896	0.00254	0.00381	0.01577	0.00718	0.00648
8	0.02632	0.21490	0.02631	0.01765	0.02243	0.46243	0.01420	0.09119	0.02134	0.02129	0.01207	0.01374	0.01007	0.00760	0.00641	0.00190	0.01172	0.00487	0.00410	0.00944
9	0.01575	0.08289	0.61205	0.02257	0.07136	0.01844	0.02677	0.02389	0.01605	0.02367	0.01345	0.01593	0.00976	0.00713	0.00707	0.00234	0.01088	0.00557	0.00324	0.01116
10	0.01777	0.20202	0.17301	0.06051	0.03391	0.02144	0.33847	0.02359	0.01676	0.02239	0.01371	0.01749	0.01061	0.00664	0.00752	0.00229	0.01117	0.00695	0.00354	0.01021
11	0.66118	0.01442	0.01255	0.05667	0.01761	0.01642	0.00935	0.02357	0.01393	0.09859	0.01268	0.01419	0.00939	0.00731	0.00518	0.00236	0.00620	0.00463	0.00507	0.00870
12	0.01709	0.01869	0.03853	0.13437	0.08233	0.01850	0.47578	0.02283	0.01719	0.02324	0.01677	0.02185	0.03284	0.00727	0.00925	0.00256	0.03856	0.00861	0.00384	0.00988

[dist]
# distance from previous block
# <min> <max>
0	2

[block]
# block no. 7 follows, 26 sequences, length 10
# corresponding to MSA columns:
# 456-465
name=unknown_H
#
# <colnr> <probs for GDERKNQSTAVLIFYWHMCP>
#	G	D	E	R	K	N	Q	S	T	A	V	L	I	F	Y	W	H	M	C	P
0	0.07168	0.24977	0.44672	0.01817	0.02748	0.02134	0.02204	0.02350	0.01561	0.02286	0.01246	0.01458	0.00955	0.00698	0.00632	0.00216	0.00989	0.00503	0.00332	0.01055
1	0.01460	0.03489	0.59979	0.01995	0.02986	0.01617	0.02515	0.02268	0.01677	0.02490	0.10581	0.02162	0.01815	0.00835	0.00745	0.00240	0.01016	0.00672	0.00391	0.01065
2	0.06828	0.07703	0.02763	0.07497	0.02724	0.07516	0.17796	0.10059	0.04364	0.02522	0.01462	0.01866	0.01186	0.01223	0.06544	0.00322	0.12560	0.00686	0.00438	0.03941
3	0.01052	0.00727	0.00924	0.01000	0.01129	0.00660	0.00702	0.01245	0.01665	0.04971	0.17269	0.45746	0.15933	0.02078	0.00933	0.00283	0.00423	0.01851	0.00740	0.00668
4	0.02644	0.07661	0.02260	0.01612	0.02196	0.02201	0.01341	0.49069	0.07498	0.06406	0.01887	0.01894	0.01371	0.00881	0.00720	0.00217	0.00779	0.00665	0.03689	0.05010
5	0.01196	0.00933	0.01309	0.01244	0.01451	0.00875	0.05408	0.05690	0.01743	0.02389	0.14113	0.46198	0.04525	0.01871	0.00904	0.00272	0.00523	0.01700	0.00686	0.06972
6	0.08941	0.48187	0.16729	0.01491	0.02200	0.07442	0.01569	0.02348	0.01574	0.02061	0.01125	0.01306	0.00957	0.00678	0.00546	0.00187	0.00893	0.00443	0.00342	0.00983
7	0.02600	0.08351	0.02309	0.01774	0.02249	0.25596	0.01425	0.27876	0.10076	0.03153	0.01627	0.01722	0.01255	0.00887	0.00829	0.00222	0.05783	0.00613	0.00570	0.01083
8	0.13279	0.02312	0.09630	0.05699	0.03216	0.11308	0.32884	0.05241	0.04488	0.02599	0.01464	0.01811	0.01107	0.00710	0.00769	0.00242	0.01114	0.00714	0.00421	0.00993
9	0.07947	0.10818	0.12644	0.07852	0.03166	0.04851	0.26360	0.06054	0.01771	0.02503	0.01384	0.01731	0.01063	0.00682	0.00729	0.00223	0.01035	0.00662	0.00399	0.08127

[dist]
# distance from previous block
# <min> <max>
4	15

[block]
# block no. 8 follows, 26 sequences, length 6
# corresponding to MSA columns:
# 481-486
name=unknown_I
#
# <colnr> <probs for GDERKNQSTAVLIFYWHMCP>
#	G	D	E	R	K	N	Q	S	T	A	V	L	I	F	Y	W	H	M	C	P
0	0.07995	0.06890	0.01424	0.01158	0.01459	0.01171	0.00889	0.02059	0.10884	0.09386	0.13370	0.28645	0.03720	0.01509	0.00800	0.00252	0.00521	0.01306	0.00692	0.05869
1	0.19690	0.04825	0.01537	0.01205	0.01655	0.01292	0.00994	0.02665	0.05702	0.27162	0.13879	0.03250	0.02732	0.01071	0.00724	0.00239	0.00589	0.06284	0.00735	0.03769
2	0.01060	0.00721	0.00854	0.00890	0.00914	0.00706	0.00536	0.01118	0.01266	0.01703	0.08030	0.20625	0.03626	0.51326	0.02960	0.00598	0.00637	0.01367	0.00546	0.00516
3	0.05958	0.24581	0.02843	0.01768	0.02256	0.27836	0.05593	0.10028	0.01976	0.02285	0.01215	0.01439	0.01018	0.00793	0.00800	0.00207	0.07508	0.00525	0.00412	0.00959
4	0.06074	0.05743	0.02124	0.01607	0.02143	0.01910	0.05282	0.21859	0.24720	0.14070	0.02558	0.02440	0.04128	0.00951	0.00748	0.00238	0.00722	0.00774	0.00728	0.01179
5	0.01928	0.01909	0.03820	0.02793	0.03437	0.01889	0.48840	0.02575	0.05741	0.08470	0.01701	0.02099	0.01270	0.00767	0.01054	0.00262	0.09101	0.00855	0.00452	0.01037

[dist]
# distance from previous block
# <min> <max>
1	5

[block]
# block no. 9 follows, 26 sequences, length 12
# corresponding to MSA columns:
# 492-503
name=unknown_J
#
# <colnr> <probs for GDERKNQSTAVLIFYWHMCP>
#	G	D	E	R	K	N	Q	S	T	A	V	L	I	F	Y	W	H	M	C	P
