[name]
unknown

[dist]
# distance from previous block
# <min> <max>
7	40

[block]
# block no. 0 follows, 24 sequences, length 8
# corresponding to MSA columns:
# 44-51
name=unknown_A
#
# <colnr> <probs for GDERKNQSTAVLIFYWHMCP>
#	G	D	E	R	K	N	Q	S	T	A	V	L	I	F	Y	W	H	M	C	P
0	0.10846	0.01948	0.01903	0.14365	0.02660	0.13443	0.01422	0.14475	0.11176	0.03054	0.01991	0.02548	0.01622	0.00969	0.00745	0.00243	0.00881	0.05432	0.05732	0.04545
1	0.01938	0.01685	0.02387	0.35032	0.13091	0.01949	0.01925	0.14158	0.14251	0.02907	0.01860	0.02214	0.01400	0.00864	0.00794	0.00256	0.00924	0.00743	0.00527	0.01093
2	0.01062	0.00793	0.01010	0.01100	0.01150	0.00805	0.00743	0.01177	0.01438	0.01918	0.04001	0.46899	0.09227	0.17652	0.01787	0.00418	0.05691	0.01852	0.00651	0.00627
3	0.01157	0.00852	0.01134	0.01187	0.01299	0.00913	0.00863	0.01486	0.05735	0.01974	0.03045	0.23101	0.03277	0.16721	0.28390	0.00781	0.01205	0.05625	0.00570	0.00686
4	0.02068	0.01854	0.02898	0.17113	0.43016	0.01967	0.02216	0.13934	0.02121	0.02929	0.01552	0.01981	0.01234	0.00769	0.00788	0.00242	0.00952	0.00708	0.00459	0.01200
5	0.06743	0.01052	0.01270	0.01118	0.01453	0.00991	0.00861	0.02246	0.06523	0.21162	0.11306	0.04297	0.20262	0.01659	0.01262	0.14552	0.00561	0.01074	0.00739	0.00869
6	0.03084	0.01465	0.02088	0.02080	0.14171	0.01349	0.01427	0.06567	0.02229	0.48112	0.02830	0.02928	0.01969	0.01007	0.00814	0.00251	0.00738	0.04751	0.00846	0.01292
7	0.00966	0.00690	0.00920	0.01104	0.01150	0.00644	0.00736	0.01104	0.01518	0.02024	0.04371	0.71614	0.05245	0.02484	0.01012	0.00322	0.00460	0.02254	0.00736	0.00644

[dist]
# distance from previous block
# <min> <max>
0	15

[block]
# block no. 1 follows, 24 sequences, length 8
# corresponding to MSA columns:
# 67-74
name=unknown_B
#
# <colnr> <probs for GDERKNQSTAVLIFYWHMCP>
#	G	D	E	R	K	N	Q	S	T	A	V	L	I	F	Y	W	H	M	C	P
0	0.14144	0.01180	0.01397	0.01192	0.01572	0.01155	0.00922	0.02634	0.06728	0.27649	0.08801	0.03277	0.05698	0.08669	0.01409	0.10383	0.00631	0.00875	0.00733	0.00951
1	0.04973	0.01461	0.10097	0.01403	0.01811	0.01159	0.01284	0.02279	0.08603	0.10865	0.24281	0.05258	0.04362	0.01484	0.00904	0.00282	0.00647	0.17163	0.00754	0.00931
2	0.01976	0.10648	0.01728	0.01205	0.01573	0.01586	0.00974	0.21489	0.02265	0.03290	0.02358	0.09625	0.02058	0.04453	0.00837	0.00242	0.00619	0.00867	0.31264	0.00945
3	0.11679	0.01016	0.01212	0.01072	0.01394	0.00963	0.00836	0.02063	0.02093	0.16478	0.39708	0.04801	0.10804	0.01407	0.00849	0.00250	0.00470	0.01192	0.00833	0.00880
4	0.12090	0.00847	0.00808	0.00801	0.01021	0.00879	0.00607	0.01875	0.01611	0.02990	0.02477	0.06458	0.02043	0.00983	0.00570	0.00201	0.00408	0.00778	0.61801	0.00751
5	0.01019	0.00731	0.00940	0.01040	0.01124	0.00682	0.00706	0.01200	0.01659	0.02241	0.18459	0.46649	0.08626	0.09482	0.01304	0.00349	0.00470	0.01925	0.00741	0.00652
6	0.07055	0.01264	0.01290	0.01105	0.01454	0.01356	0.00878	0.21854	0.02300	0.03647	0.02270	0.02510	0.01736	0.00920	0.00626	0.00206	0.00546	0.00710	0.47330	0.00941
7	0.05743	0.01097	0.01313	0.01216	0.01513	0.01064	0.00913	0.10120	0.02008	0.16707	0.06091	0.32137	0.10863	0.04155	0.01002	0.00297	0.00569	0.01512	0.00780	0.00901

[dist]
# distance from previous block
# <min> <max>
0	1

[block]
# block no. 2 follows, 24 sequences, length 8
# corresponding to MSA columns:
# 76-83
name=unknown_C
#
# <colnr> <probs for GDERKNQSTAVLIFYWHMCP>
#	G	D	E	R	K	N	Q	S	T	A	V	L	I	F	Y	W	H	M	C	P
0	0.02483	0.01350	0.01646	0.01373	0.01838	0.01336	0.01094	0.06334	0.19285	0.31041	0.16687	0.03618	0.05993	0.01184	0.00835	0.00253	0.00597	0.00991	0.00892	0.01169
1	0.00981	0.00696	0.00916	0.01085	0.01128	0.00654	0.00716	0.01108	0.01489	0.01986	0.04222	0.66351	0.05058	0.08003	0.01252	0.00357	0.00485	0.02167	0.00716	0.00631
2	0.01011	0.00733	0.01015	0.01150	0.01221	0.00737	0.00804	0.01188	0.01453	0.01975	0.03770	0.53304	0.04373	0.03410	0.19182	0.00577	0.00905	0.01879	0.00653	0.00661
3	0.01289	0.00808	0.00978	0.01005	0.01150	0.00739	0.00684	0.01423	0.01568	0.09005	0.04572	0.31836	0.18314	0.20830	0.01780	0.00421	0.00552	0.01670	0.00694	0.00682
4	0.02709	0.01533	0.02511	0.01900	0.02504	0.01414	0.18005	0.03285	0.07595	0.37834	0.09590	0.02919	0.02394	0.00975	0.00850	0.00254	0.00815	0.00912	0.00800	0.01202
5	0.01204	0.01009	0.01343	0.01309	0.01399	0.01148	0.00991	0.01412	0.01634	0.02270	0.18107	0.31055	0.11274	0.01943	0.01412	0.00306	0.19204	0.01588	0.00663	0.00730
6	0.01492	0.01182	0.01225	0.01076	0.01442	0.01148	0.00844	0.18086	0.02321	0.02905	0.06395	0.06101	0.49351	0.01726	0.00899	0.00260	0.00528	0.01417	0.00752	0.00851
7	0.01497	0.00874	0.01059	0.01041	0.01253	0.00838	0.00768	0.01905	0.05948	0.10124	0.17240	0.24508	0.06536	0.01602	0.00833	0.00256	0.00451	0.01398	0.21059	0.00813

[dist]
# distance from previous block
# <min> <max>
5	15

[block]
# block no. 3 follows, 24 sequences, length 75
# corresponding to MSA columns:
# 101-175
name=unknown_D
#
# <colnr> <probs for GDERKNQSTAVLIFYWHMCP>
#	G	D	E	R	K	N	Q	S	T	A	V	L	I	F	Y	W	H	M	C	P
0	0.09213	0.02544	0.12024	0.05625	0.06650	0.13157	0.26794	0.06082	0.01937	0.02653	0.01462	0.01829	0.01116	0.00731	0.00792	0.00242	0.01165	0.00711	0.00425	0.04848
1	0.01816	0.16152	0.41927	0.02216	0.03180	0.02095	0.11728	0.02526	0.01702	0.05071	0.01449	0.01715	0.01077	0.00757	0.00799	0.00242	0.03428	0.00621	0.00373	0.01126
2	0.01680	0.09895	0.52854	0.02342	0.03415	0.01981	0.11989	0.02503	0.01698	0.02458	0.01422	0.01708	0.01035	0.00734	0.00759	0.00246	0.01168	0.00624	0.00345	0.01143
3	0.01135	0.00770	0.00912	0.00928	0.00946	0.00781	0.00555	0.01176	0.01197	0.01611	0.02621	0.10689	0.02993	0.59317	0.10473	0.00783	0.00882	0.01217	0.00497	0.00518
4	0.01478	0.00739	0.00739	0.00739	0.00924	0.00739	0.00554	0.01848	0.01663	0.02956	0.02587	0.02956	0.02033	0.00924	0.00554	0.00185	0.00370	0.00739	0.76534	0.00739
5	0.01088	0.00788	0.01004	0.01126	0.01222	0.00753	0.00774	0.04721	0.01691	0.02252	0.07302	0.61547	0.08080	0.02335	0.00993	0.00311	0.00477	0.02101	0.00746	0.00690
6	0.05595	0.01813	0.01898	0.01636	0.02128	0.02074	0.01294	0.17757	0.48862	0.03708	0.02834	0.02646	0.02109	0.01033	0.00790	0.00261	0.00682	0.00834	0.00790	0.01259
7	0.01760	0.01516	0.01961	0.01438	0.02108	0.01259	0.06960	0.08069	0.01861	0.02782	0.01644	0.05684	0.01425	0.00738	0.00664	0.00155	0.00678	0.00639	0.00510	0.58150
8	0.01632	0.03691	0.55732	0.02355	0.03385	0.01911	0.09085	0.02461	0.01653	0.02461	0.01408	0.01727	0.01028	0.00801	0.00936	0.00261	0.07365	0.00631	0.00343	0.01134
9	0.01478	0.00739	0.00739	0.00739	0.00924	0.00739	0.00554	0.01848	0.01663	0.02956	0.02587	0.02956	0.02033	0.00924	0.00554	0.00185	0.00370	0.00739	0.76534	0.00739
10	0.00955	0.00804	0.00828	0.00822	0.01082	0.00677	0.00616	0.01172	0.01849	0.02240	0.13593	0.07470	0.61242	0.01972	0.00937	0.00266	0.00399	0.01651	0.00749	0.00677
11	0.01590	0.04102	0.68023	0.02260	0.03432	0.01842	0.02930	0.02511	0.01674	0.02511	0.01423	0.01674	0.01005	0.00753	0.00753	0.00251	0.01172	0.00586	0.00335	0.01172
12	0.03558	0.01350	0.01840	0.01411	0.02024	0.01166	0.01166	0.03865	0.02270	0.67734	0.03128	0.02699	0.01963	0.00981	0.00797	0.00245	0.00675	0.00797	0.00981	0.01350
13	0.03558	0.01350	0.01840	0.01411	0.02024	0.01166	0.01166	0.03865	0.02270	0.67734	0.03128	0.02699	0.01963	0.00981	0.00797	0.00245	0.00675	0.00797	0.00981	0.01350
14	0.74406	0.01564	0.01220	0.01078	0.01575	0.01809	0.00888	0.05101	0.01455	0.03622	0.01140	0.01316	0.00881	0.00746	0.00504	0.00245	0.00625	0.00442	0.00504	0.00881
15	0.03045	0.02172	0.02349	0.01801	0.02435	0.02386	0.01488	0.61111	0.03646	0.08544	0.01973	0.01949	0.01383	0.00954	0.00794	0.00238	0.00861	0.00719	0.00804	0.01349
16	0.00961	0.00804	0.00837	0.00828	0.01086	0.00680	0.00621	0.01184	0.01864	0.02277	0.15637	0.07410	0.59175	0.01958	0.00937	0.00265	0.00398	0.01643	0.00754	0.00680
17	0.00964	0.00697	0.00914	0.01087	0.01146	0.00646	0.00729	0.01106	0.01535	0.02031	0.04578	0.67986	0.08739	0.02457	0.01008	0.00319	0.00457	0.02221	0.00736	0.00646
18	0.05486	0.02448	0.02379	0.02068	0.07353	0.14165	0.01560	0.46814	0.03238	0.04224	0.01725	0.01803	0.01267	0.00902	0.00768	0.00232	0.00968	0.00668	0.00684	0.01249
19	0.01963	0.01884	0.03219	0.04867	0.67185	0.01884	0.02434	0.02434	0.01806	0.02591	0.01492	0.01963	0.01256	0.00707	0.00785	0.00236	0.00942	0.00707	0.00393	0.01256
20	0.01195	0.00866	0.01173	0.01328	0.01498	0.00844	0.01113	0.01513	0.01800	0.02342	0.07643	0.17792	0.10295	0.02189	0.01061	0.00345	0.00644	0.44906	0.00739	0.00713
21	0.02120	0.72609	0.04155	0.01357	0.02035	0.03138	0.01357	0.02374	0.01611	0.01866	0.01102	0.01272	0.01018	0.00678	0.00509	0.00170	0.00848	0.00424	0.00339	0.01018
22	0.01637	0.01641	0.02998	0.32114	0.07823	0.01742	0.22424	0.02270	0.05339	0.02329	0.01956	0.05171	0.03897	0.00869	0.00846	0.00260	0.01048	0.00881	0.00432	0.04323
23	0.06221	0.04208	0.02245	0.01690	0.02288	0.02277	0.01397	0.51251	0.05760	0.07801	0.01991	0.01992	0.01424	0.00939	0.00759	0.00235	0.00815	0.00705	0.04719	0.01281
24	0.01558	0.00907	0.01200	0.01072	0.01335	0.00823	0.00823	0.01920	0.02249	0.14731	0.55380	0.05346	0.06495	0.01507	0.00911	0.00249	0.00428	0.01320	0.00892	0.00856
25	0.02338	0.35320	0.06246	0.01848	0.05264	0.09938	0.06454	0.11762	0.02062	0.05649	0.01421	0.01590	0.01146	0.00748	0.00649	0.00199	0.00950	0.00557	0.00460	0.05400
26	0.01644	0.01409	0.01644	0.01175	0.01879	0.01057	0.00940	0.01997	0.01644	0.02584	0.01409	0.01644	0.01175	0.00587	0.00587	0.00117	0.00587	0.00470	0.00470	0.76979
27	0.01478	0.00739	0.00739	0.00739	0.00924	0.00739	0.00554	0.01848	0.01663	0.02956	0.02587	0.02956	0.02033	0.00924	0.00554	0.00185	0.00370	0.00739	0.76534	0.00739
28	0.01921	0.24253	0.32622	0.02062	0.02965	0.02225	0.11072	0.02635	0.04873	0.06058	0.01538	0.01741	0.01161	0.00747	0.00711	0.00229	0.01043	0.00614	0.00406	0.01125
29	0.02120	0.72609	0.04155	0.01357	0.02035	0.03138	0.01357	0.02374	0.01611	0.01866	0.01102	0.01272	0.01018	0.00678	0.00509	0.00170	0.00848	0.00424	0.00339	0.01018
30	0.01153	0.00769	0.00865	0.00865	0.00865	0.00769	0.00480	0.01153	0.01153	0.01538	0.02499	0.05189	0.02883	0.72131	0.04036	0.00769	0.00769	0.01153	0.00480	0.00480
31	0.01134	0.00845	0.01253	0.01253	0.01387	0.00980	0.00965	0.01402	0.01268	0.01825	0.02144	0.03223	0.02029	0.09393	0.65607	0.01248	0.02053	0.00865	0.00428	0.00696
32	0.02125	0.01896	0.03034	0.05830	0.05684	0.01969	0.25007	0.14423	0.19067	0.05847	0.02259	0.05390	0.01756	0.00929	0.00860	0.00262	0.00968	0.00916	0.00617	0.01161
33	0.01143	0.00809	0.01067	0.01067	0.01137	0.00879	0.00733	0.01283	0.01213	0.01687	0.02314	0.04165	0.02438	0.39450	0.36109	0.01018	0.01438	0.01003	0.00453	0.00593
34	0.03345	0.01690	0.02051	0.01573	0.02194	0.01671	0.01299	0.27581	0.02840	0.43212	0.02650	0.02388	0.01723	0.00970	0.00796	0.00242	0.00752	0.00765	0.00908	0.01349
35	0.01478	0.00739	0.00739	0.00739	0.00924	0.00739	0.00554	0.01848	0.01663	0.02956	0.02587	0.02956	0.02033	0.00924	0.00554	0.00185	0.00370	0.00739	0.76534	0.00739
36	0.77733	0.01534	0.01166	0.01043	0.01534	0.01779	0.00859	0.02331	0.01350	0.03558	0.01104	0.01288	0.00859	0.00736	0.00491	0.00245	0.00613	0.00429	0.00491	0.00859
37	0.74382	0.01528	0.01219	0.04084	0.01706	0.01778	0.00918	0.02318	0.01360	0.03491	0.01118	0.01324	0.00868	0.00739	0.00504	0.00246	0.00633	0.00441	0.00485	0.00860
38	0.01377	0.00689	0.01033	0.01033	0.01033	0.00689	0.00689	0.01033	0.01033	0.01377	0.01377	0.02410	0.01377	0.02755	0.03099	0.76928	0.00689	0.00689	0.00344	0.00344
39	0.00963	0.00701	0.00909	0.01075	0.01143	0.00647	0.00723	0.01107	0.01546	0.02036	0.04722	0.65470	0.11161	0.02439	0.01005	0.00317	0.00454	0.02199	0.00736	0.00647
40	0.01819	0.01903	0.06705	0.19382	0.43279	0.01890	0.04878	0.02320	0.01717	0.02417	0.01448	0.01975	0.01182	0.00766	0.00894	0.00251	0.04951	0.00708	0.00378	0.01136
41	0.01810	0.22393	0.47235	0.02006	0.03003	0.05982	0.02430	0.02512	0.01690	0.02306	0.01326	0.01553	0.01009	0.00737	0.00686	0.00227	0.01100	0.00538	0.00340	0.01116
42	0.02962	0.03779	0.02247	0.02043	0.02451	0.68948	0.01532	0.03166	0.02247	0.01941	0.01226	0.01430	0.01021	0.00817	0.00715	0.00204	0.01430	0.00511	0.00409	0.00919
43	0.01768	0.01433	0.01668	0.01226	0.01903	0.01146	0.00980	0.02291	0.07518	0.05859	0.01660	0.01816	0.01327	0.00651	0.00618	0.00138	0.00595	0.00525	0.00526	0.66353
44	0.00937	0.00803	0.00803	0.00803	0.01071	0.00669	0.00602	0.01138	0.01807	0.02142	0.08033	0.07632	0.66863	0.02008	0.00937	0.00268	0.00402	0.01674	0.00736	0.00669
45	0.01644	0.01409	0.01644	0.01175	0.01879	0.01057	0.00940	0.01997	0.01644	0.02584	0.01409	0.01644	0.01175	0.00587	0.00587	0.00117	0.00587	0.00470	0.00470	0.76979
46	0.01665	0.03998	0.65528	0.02228	0.03379	0.01816	0.02863	0.02562	0.01697	0.04970	0.01487	0.01713	0.01041	0.00762	0.00755	0.00251	0.01153	0.00594	0.00359	0.01179
47	0.02120	0.72609	0.04155	0.01357	0.02035	0.03138	0.01357	0.02374	0.01611	0.01866	0.01102	0.01272	0.01018	0.00678	0.00509	0.00170	0.00848	0.00424	0.00339	0.01018
48	0.02770	0.01983	0.02147	0.01681	0.02230	0.02175	0.01357	0.51450	0.06090	0.07420	0.02091	0.02382	0.01609	0.09505	0.01183	0.00303	0.00840	0.00779	0.00765	0.01240
49	0.02948	0.02170	0.02326	0.01790	0.02402	0.02399	0.01471	0.62286	0.03637	0.04875	0.01925	0.02021	0.01403	0.03484	0.00909	0.00257	0.00869	0.00730	0.00782	0.01318
50	0.02906	0.02167	0.02319	0.01803	0.02418	0.02408	0.01481	0.58240	0.10206	0.04822	0.02042	0.02014	0.01461	0.00965	0.00795	0.00241	0.00847	0.00733	0.00795	0.01339
51	0.01191	0.00936	0.01387	0.01353	0.01481	0.01131	0.01064	0.01464	0.01269	0.01847	0.02019	0.02981	0.01891	0.05504	0.62527	0.01184	0.08797	0.00834	0.00417	0.00724
52	0.77733	0.01534	0.01166	0.01043	0.01534	0.01779	0.00859	0.02331	0.01350	0.03558	0.01104	0.01288	0.00859	0.00736	0.00491	0.00245	0.00613	0.00429	0.00491	0.00859
53	0.00937	0.00803	0.00803	0.00803	0.01071	0.00669	0.00602	0.01138	0.01807	0.02142	0.08033	0.07632	0.66863	0.02008	0.00937	0.00268	0.00402	0.01674	0.00736	0.00669
54	0.01133	0.00850	0.01274	0.01274	0.01416	0.00991	0.00991	0.01416	0.01274	0.01841	0.02124	0.03115	0.01982	0.05947	0.68989	0.01274	0.02124	0.00850	0.00425	0.00708
55	0.01644	0.01409	0.01644	0.01175	0.01879	0.01057	0.00940	0.01997	0.01644	0.02584	0.01409	0.01644	0.01175	0.00587	0.00587	0.00117	0.00587	0.00470	0.00470	0.76979
56	0.01377	0.00689	0.01033	0.01033	0.01033	0.00689	0.00689	0.01033	0.01033	0.01377	0.01377	0.02410	0.01377	0.02755	0.03099	0.76928	0.00689	0.00689	0.00344	0.00344
57	0.00966	0.00690	0.00920	0.01104	0.01150	0.00644	0.00736	0.01104	0.01518	0.02024	0.04371	0.71614	0.05245	0.02484	0.01012	0.00322	0.00460	0.02254	0.00736	0.00644
58	0.01498	0.01409	0.02378	0.70226	0.05462	0.01762	0.02202	0.02026	0.01586	0.02026	0.01409	0.02114	0.01057	0.00793	0.00793	0.00264	0.01057	0.00705	0.00352	0.00881
59	0.01859	0.02101	0.04467	0.03223	0.03950	0.02045	0.58403	0.02481	0.01810	0.02481	0.01551	0.02101	0.01188	0.00736	0.01093	0.00275	0.07877	0.00913	0.00396	0.01050
60	0.02157	0.02596	0.05816	0.02392	0.02776	0.23657	0.17368	0.02497	0.01731	0.02103	0.01258	0.01735	0.01074	0.00997	0.01498	0.00277	0.28048	0.00691	0.00380	0.00948
61	0.01122	0.00811	0.01060	0.00998	0.01185	0.00748	0.00748	0.01496	0.02245	0.03180	0.66766	0.05923	0.07482	0.01621	0.00935	0.00249	0.00374	0.01434	0.00873	0.00748
62	0.02120	0.72609	0.04155	0.01357	0.02035	0.03138	0.01357	0.02374	0.01611	0.01866	0.01102	0.01272	0.01018	0.00678	0.00509	0.00170	0.00848	0.00424	0.00339	0.01018
63	0.00969	0.00757	0.00880	0.00950	0.01116	0.00667	0.00674	0.01163	0.01734	0.02206	0.12884	0.34130	0.34716	0.02165	0.00968	0.00288	0.00423	0.01890	0.00751	0.00667
64	0.01766	0.01710	0.02985	0.31405	0.37301	0.01843	0.06967	0.02275	0.01721	0.02357	0.01467	0.02038	0.01171	0.00739	0.00799	0.00250	0.01018	0.00723	0.00377	0.01089
65	0.00965	0.00696	0.00914	0.01089	0.01146	0.00645	0.00730	0.01106	0.01532	0.02030	0.04551	0.68463	0.08279	0.02461	0.01008	0.00319	0.00457	0.02226	0.00736	0.00645
66	0.01942	0.01863	0.03182	0.07749	0.64463	0.01879	0.02423	0.02416	0.01796	0.02566	0.01488	0.01969	0.01247	0.00710	0.00785	0.00237	0.00947	0.00706	0.00391	0.01240
67	0.01673	0.14771	0.58076	0.02119	0.03215	0.02043	0.02685	0.02490	0.01664	0.02411	0.01373	0.01612	0.01007	0.00742	0.00715	0.00238	0.01121	0.00561	0.00336	0.01148
68	0.00966	0.00690	0.00920	0.01104	0.01150	0.00644	0.00736	0.01104	0.01518	0.02024	0.04371	0.71614	0.05245	0.02484	0.01012	0.00322	0.00460	0.02254	0.00736	0.00644
69	0.00966	0.00690	0.00920	0.01104	0.01150	0.00644	0.00736	0.01104	0.01518	0.02024	0.04371	0.71614	0.05245	0.02484	0.01012	0.00322	0.00460	0.02254	0.00736	0.00644
70	0.01602	0.04021	0.65406	0.02305	0.03462	0.01848	0.05465	0.02512	0.01682	0.02512	0.01431	0.01693	0.01013	0.00750	0.00761	0.00252	0.01179	0.00600	0.00338	0.01168
71	0.02765	0.01609	0.02554	0.05479	0.12523	0.01528	0.12012	0.08326	0.02187	0.35315	0.02498	0.05699	0.01790	0.00948	0.00828	0.00251	0.00851	0.00865	0.00737	0.01233
72	0.01660	0.01433	0.01723	0.01359	0.05142	0.01098	0.01014	0.02019	0.01652	0.02584	0.01414	0.01660	0.01179	0.00593	0.00597	0.00123	0.00605	0.00482	0.00466	0.73196
73	0.06308	0.01726	0.01859	0.01517	0.02017	0.01870	0.01224	0.33151	0.13771	0.07663	0.10994	0.03184	0.08926	0.01155	0.00813	0.00249	0.00695	0.00923	0.00795	0.01163
74	0.08783	0.32357	0.11614	0.04553	0.02301	0.04544	0.01493	0.02633	0.06776	0.08719	0.04467	0.01868	0.01502	0.00802	0.00634	0.00209	0.00832	0.00583	0.00485	0.04849

[dist]
# distance from previous block
# <min> <max>
0	1

[block]
# block no. 4 follows, 24 sequences, length 44
# corresponding to MSA columns:
# 177-220
name=unknown_E
#
# <colnr> <probs for GDERKNQSTAVLIFYWHMCP>
#	G	D	E	R	K	N	Q	S	T	A	V	L	I	F	Y	W	H	M	C	P
0	0.11116	0.26927	0.12527	0.06139	0.07017	0.06834	0.04897	0.06572	0.01843	0.07303	0.01430	0.01633	0.01117	0.00754	0.00654	0.00218	0.00940	0.00563	0.00445	0.01071
1	0.01763	0.26452	0.47187	0.01965	0.02976	0.02264	0.02417	0.02467	0.01654	0.02301	0.01318	0.01543	0.01009	0.00729	0.00674	0.00225	0.01066	0.00533	0.00336	0.01122
2	0.00964	0.00735	0.00888	0.00997	0.01125	0.00658	0.00692	0.01136	0.01653	0.02124	0.08817	0.46599	0.26198	0.02279	0.00983	0.00300	0.00436	0.02016	0.00743	0.00658
3	0.01630	0.03825	0.59081	0.02413	0.03533	0.01865	0.11594	0.02515	0.01702	0.02515	0.01449	0.01740	0.01033	0.00741	0.00779	0.00253	0.01195	0.00635	0.00344	0.01157
4	0.03558	0.01350	0.01840	0.01411	0.02024	0.01166	0.01166	0.03865	0.02270	0.67734	0.03128	0.02699	0.01963	0.00981	0.00797	0.00245	0.00675	0.00797	0.00981	0.01350
5	0.01111	0.00810	0.01044	0.00986	0.01178	0.00743	0.00739	0.01474	0.02218	0.03116	0.63130	0.06029	0.11159	0.01645	0.00935	0.00251	0.00376	0.01449	0.00864	0.00743
6	0.01884	0.01747	0.02554	0.13750	0.21309	0.01916	0.07458	0.03204	0.31447	0.02832	0.02294	0.02465	0.01760	0.00888	0.00810	0.00259	0.00850	0.00815	0.00579	0.01178
7	0.01963	0.01884	0.03219	0.04867	0.67185	0.01884	0.02434	0.02434	0.01806	0.02591	0.01492	0.01963	0.01256	0.00707	0.00785	0.00236	0.00942	0.00707	0.00393	0.01256
8	0.03558	0.01350	0.01840	0.01411	0.02024	0.01166	0.01166	0.03865	0.02270	0.67734	0.03128	0.02699	0.01963	0.00981	0.00797	0.00245	0.00675	0.00797	0.00981	0.01350
9	0.01963	0.01884	0.03219	0.04867	0.67185	0.01884	0.02434	0.02434	0.01806	0.02591	0.01492	0.01963	0.01256	0.00707	0.00785	0.00236	0.00942	0.00707	0.00393	0.01256
10	0.01176	0.00925	0.01081	0.01051	0.01296	0.00883	0.00812	0.01712	0.09613	0.02759	0.32790	0.06459	0.26962	0.01746	0.00937	0.00270	0.00449	0.07497	0.00804	0.00780
11	0.00973	0.00695	0.00926	0.01100	0.01152	0.00648	0.00737	0.01120	0.01548	0.02072	0.06956	0.68892	0.05337	0.02449	0.01009	0.00319	0.00457	0.02220	0.00742	0.00648
12	0.01133	0.00850	0.01274	0.01274	0.01416	0.00991	0.00991	0.01416	0.01274	0.01841	0.02124	0.03115	0.01982	0.05947	0.68989	0.01274	0.02124	0.00850	0.00425	0.00708
13	0.01581	0.01384	0.02304	0.63996	0.05133	0.01696	0.02113	0.02093	0.01628	0.05035	0.01613	0.02448	0.01256	0.00864	0.00807	0.00268	0.01025	0.03461	0.00398	0.00895
14	0.03014	0.02221	0.02380	0.01825	0.02459	0.02459	0.01507	0.64541	0.03728	0.04998	0.01904	0.01904	0.01349	0.00952	0.00793	0.00238	0.00873	0.00714	0.00793	0.01349
15	0.01478	0.00739	0.00739	0.00739	0.00924	0.00739	0.00554	0.01848	0.01663	0.02956	0.02587	0.02956	0.02033	0.00924	0.00554	0.00185	0.00370	0.00739	0.76534	0.00739
16	0.01216	0.00882	0.01199	0.01365	0.01543	0.00865	0.01163	0.01545	0.01795	0.02319	0.04579	0.14637	0.10555	0.02201	0.01073	0.00352	0.00674	0.50590	0.00731	0.00716
17	0.02906	0.08382	0.02375	0.01997	0.02424	0.64547	0.01520	0.03114	0.02205	0.01936	0.01217	0.01419	0.01021	0.00808	0.00701	0.00202	0.01391	0.00505	0.00404	0.00926
18	0.01590	0.04102	0.68023	0.02260	0.03432	0.01842	0.02930	0.02511	0.01674	0.02511	0.01423	0.01674	0.01005	0.00753	0.00753	0.00251	0.01172	0.00586	0.00335	0.01172
19	0.05638	0.01815	0.01949	0.01632	0.02156	0.02026	0.01305	0.22325	0.37580	0.10662	0.02728	0.02542	0.01983	0.01014	0.00788	0.00256	0.00706	0.00811	0.00808	0.01277
20	0.01939	0.01012	0.01335	0.03826	0.01660	0.00919	0.00973	0.02229	0.02002	0.25043	0.16175	0.14625	0.15684	0.01620	0.00910	0.00274	0.00558	0.07454	0.00831	0.00930
21	0.00972	0.00715	0.00912	0.01053	0.01141	0.00655	0.00717	0.01135	0.01609	0.02119	0.09082	0.57799	0.14468	0.02357	0.00996	0.00309	0.00446	0.02114	0.00745	0.00655
22	0.01590	0.04102	0.68023	0.02260	0.03432	0.01842	0.02930	0.02511	0.01674	0.02511	0.01423	0.01674	0.01005	0.00753	0.00753	0.00251	0.01172	0.00586	0.00335	0.01172
23	0.01566	0.05454	0.16188	0.02577	0.16454	0.01562	0.13264	0.02078	0.01769	0.02429	0.05559	0.11296	0.08177	0.01214	0.00869	0.00267	0.00907	0.06869	0.00504	0.00996
24	0.01212	0.01623	0.17567	0.01465	0.01858	0.01030	0.03490	0.01636	0.01770	0.02472	0.18854	0.31168	0.04564	0.01763	0.00934	0.00288	0.00664	0.06160	0.00659	0.00820
25	0.02120	0.72609	0.04155	0.01357	0.02035	0.03138	0.01357	0.02374	0.01611	0.01866	0.01102	0.01272	0.01018	0.00678	0.00509	0.00170	0.00848	0.00424	0.00339	0.01018
26	0.03177	0.01535	0.01887	0.01476	0.02054	0.01494	0.01210	0.17716	0.07231	0.44233	0.02818	0.02552	0.01860	0.00978	0.00781	0.00241	0.00696	0.00782	0.05977	0.01302
27	0.05748	0.01884	0.02979	0.10850	0.46907	0.04880	0.05675	0.02522	0.01816	0.06904	0.01568	0.01980	0.01250	0.00738	0.00778	0.00240	0.00964	0.00703	0.00434	0.01179
28	0.01644	0.01409	0.01644	0.01175	0.01879	0.01057	0.00940	0.01997	0.01644	0.02584	0.01409	0.01644	0.01175	0.00587	0.00587	0.00117	0.00587	0.00470	0.00470	0.76979
29	0.01111	0.00795	0.01083	0.01244	0.01360	0.00766	0.00965	0.01366	0.01713	0.02276	0.09986	0.39327	0.05163	0.02282	0.01040	0.00333	0.00566	0.27188	0.00746	0.00690
30	0.00966	0.00690	0.00920	0.01104	0.01150	0.00644	0.00736	0.01104	0.01518	0.02024	0.04371	0.71614	0.05245	0.02484	0.01012	0.00322	0.00460	0.02254	0.00736	0.00644
31	0.02013	0.01819	0.03125	0.10752	0.54254	0.01834	0.05343	0.02489	0.01817	0.06569	0.01591	0.02031	0.01278	0.00730	0.00794	0.00240	0.00956	0.00723	0.00426	0.01217
32	0.02014	0.01859	0.08146	0.01588	0.02044	0.07627	0.01346	0.03217	0.30309	0.11096	0.05740	0.12038	0.02820	0.01289	0.00844	0.00271	0.00734	0.05190	0.00735	0.01093
33	0.00966	0.00690	0.00920	0.01104	0.01150	0.00644	0.00736	0.01104	0.01518	0.02024	0.04371	0.71614	0.05245	0.02484	0.01012	0.00322	0.00460	0.02254	0.00736	0.00644
34	0.01763	0.01723	0.03058	0.31134	0.34454	0.01850	0.09944	0.02282	0.01725	0.02356	0.01472	0.02046	0.01169	0.00737	0.00807	0.00251	0.01037	0.00734	0.00377	0.01081
35	0.01803	0.01941	0.03918	0.07430	0.12478	0.01892	0.43137	0.02373	0.01785	0.02461	0.01664	0.05198	0.01374	0.00796	0.00980	0.00263	0.04758	0.00916	0.00412	0.04422
36	0.01958	0.01552	0.02097	0.20444	0.08856	0.01513	0.01510	0.10244	0.01960	0.07794	0.01614	0.01916	0.01233	0.00732	0.00704	0.00194	0.00791	0.00612	0.00512	0.33764
37	0.01620	0.07941	0.64444	0.02210	0.03354	0.01914	0.02842	0.02504	0.01671	0.02475	0.01405	0.01652	0.01005	0.00749	0.00740	0.00247	0.01154	0.00577	0.00335	0.01163
38	0.01138	0.00766	0.00889	0.00918	0.00932	0.00761	0.00545	0.01169	0.01224	0.01630	0.02786	0.12884	0.03225	0.61135	0.03563	0.00700	0.00732	0.03971	0.00521	0.00510
39	0.01508	0.01423	0.02381	0.67327	0.05318	0.01790	0.02182	0.02021	0.01570	0.02021	0.01394	0.02098	0.01056	0.00818	0.00870	0.00268	0.04019	0.00704	0.00352	0.00880
40	0.01377	0.00689	0.01033	0.01033	0.01033	0.00689	0.00689	0.01033	0.01033	0.01377	0.01377	0.02410	0.01377	0.02755	0.03099	0.76928	0.00689	0.00689	0.00344	0.00344
41	0.01644	0.01409	0.01644	0.01175	0.01879	0.01057	0.00940	0.01997	0.01644	0.02584	0.01409	0.01644	0.01175	0.00587	0.00587	0.00117	0.00587	0.00470	0.00470	0.76979
42	0.01114	0.00810	0.01049	0.00989	0.01180	0.00745	0.00742	0.01481	0.02225	0.03134	0.64172	0.05999	0.10106	0.01638	0.00935	0.00250	0.00375	0.01445	0.00867	0.00745
43	0.01032	0.00741	0.00979	0.01059	0.01165	0.00688	0.00741	0.01269	0.01824	0.02510	0.30605	0.43994	0.06186	0.02121	0.00980	0.00292	0.00424	0.01909	0.00794	0.00688

[dist]
# distance from previous block
# <min> <max>
0	1

[block]
# block no. 5 follows, 24 sequences, length 58
# corresponding to MSA columns:
# 222-279
name=unknown_F
#
# <colnr> <probs for GDERKNQSTAVLIFYWHMCP>
#	G	D	E	R	K	N	Q	S	T	A	V	L	I	F	Y	W	H	M	C	P
0	0.06787	0.49866	0.15413	0.01560	0.02294	0.08444	0.01627	0.02464	0.01661	0.02094	0.01171	0.01360	0.01006	0.00707	0.00570	0.00192	0.00942	0.00461	0.00354	0.01027
1	0.45290	0.01632	0.04533	0.01391	0.04483	0.01635	0.01127	0.06536	0.01791	0.18995	0.04547	0.01914	0.01468	0.00847	0.00627	0.00245	0.00673	0.00598	0.00633	0.01033
2	0.00999	0.00735	0.01012	0.05439	0.01421	0.00714	0.00828	0.01162	0.01522	0.02024	0.04185	0.67256	0.04982	0.02378	0.00998	0.00318	0.00498	0.02157	0.00712	0.00659
3	0.77733	0.01534	0.01166	0.01043	0.01534	0.01779	0.00859	0.02331	0.01350	0.03558	0.01104	0.01288	0.00859	0.00736	0.00491	0.00245	0.00613	0.00429	0.00491	0.00859
4	0.38415	0.01525	0.01527	0.07247	0.02036	0.01684	0.01084	0.09327	0.07307	0.09274	0.01724	0.02046	0.01354	0.06674	0.00903	0.00283	0.00699	0.00621	0.00583	0.05686
5	0.05817	0.23451	0.25894	0.01933	0.02777	0.02257	0.08763	0.09995	0.01955	0.07917	0.01528	0.01698	0.01141	0.00763	0.00697	0.00227	0.00992	0.00601	0.00458	0.01136
6	0.01342	0.00906	0.01246	0.01193	0.01338	0.00981	0.00892	0.06273	0.01553	0.02167	0.12108	0.03384	0.02689	0.07281	0.33089	0.20164	0.01321	0.00905	0.00507	0.00661
7	0.01734	0.02007	0.07009	0.16403	0.04205	0.01874	0.45575	0.02357	0.01786	0.02408	0.01711	0.05979	0.01390	0.00798	0.00903	0.00269	0.01225	0.00947	0.00407	0.01013
8	0.01377	0.00689	0.01033	0.01033	0.01033	0.00689	0.00689	0.01033	0.01033	0.01377	0.01377	0.02410	0.01377	0.02755	0.03099	0.76928	0.00689	0.00689	0.00344	0.00344
9	0.02402	0.10564	0.15395	0.01757	0.02449	0.02210	0.01680	0.37520	0.02899	0.03926	0.09511	0.02268	0.01979	0.00961	0.00770	0.00234	0.00869	0.00742	0.00660	0.01203
10	0.01985	0.02964	0.37249	0.02221	0.03175	0.01679	0.14720	0.02692	0.01811	0.13545	0.01746	0.01937	0.01224	0.00758	0.00780	0.00240	0.01060	0.00680	0.00471	0.09063
11	0.08418	0.02216	0.11695	0.12897	0.03109	0.02040	0.07361	0.29483	0.02573	0.06680	0.01701	0.01903	0.01222	0.00840	0.00767	0.00242	0.00943	0.00684	0.00592	0.04634
12	0.01831	0.05392	0.04014	0.15397	0.14196	0.01998	0.40452	0.02424	0.01798	0.02424	0.01527	0.02065	0.01176	0.00697	0.00866	0.00257	0.01201	0.00834	0.00388	0.01063
13	0.01280	0.00723	0.00960	0.00960	0.00960	0.00723	0.00598	0.01085	0.01085	0.01447	0.01863	0.03615	0.02030	0.32822	0.03505	0.43922	0.00723	0.00890	0.00403	0.00403
14	0.02803	0.18138	0.02734	0.01781	0.02364	0.20828	0.01481	0.34042	0.02857	0.03471	0.01542	0.01635	0.01186	0.00855	0.00709	0.00214	0.01020	0.00594	0.00588	0.01158
15	0.00966	0.00690	0.00920	0.01104	0.01150	0.00644	0.00736	0.01104	0.01518	0.02024	0.04371	0.71614	0.05245	0.02484	0.01012	0.00322	0.00460	0.02254	0.00736	0.00644
16	0.01127	0.00731	0.00977	0.01123	0.01204	0.00676	0.00763	0.01275	0.01565	0.06101	0.04294	0.67338	0.05041	0.02391	0.00999	0.00317	0.00473	0.02164	0.00751	0.00688
17	0.01899	0.06822	0.16742	0.06845	0.33437	0.05155	0.09847	0.02451	0.01759	0.02435	0.01431	0.01854	0.01153	0.00749	0.00856	0.00243	0.04114	0.00682	0.00375	0.01150
18	0.02015	0.01725	0.01817	0.01622	0.02078	0.01992	0.01265	0.06682	0.63214	0.03386	0.03173	0.02915	0.02377	0.01071	0.00806	0.00268	0.00638	0.00889	0.00806	0.01259
19	0.00974	0.00696	0.00927	0.01099	0.01152	0.00649	0.00737	0.01123	0.01552	0.02079	0.07311	0.68518	0.05350	0.02444	0.01009	0.00319	0.00456	0.02216	0.00743	0.00649
20	0.03558	0.01350	0.01840	0.01411	0.02024	0.01166	0.01166	0.03865	0.02270	0.67734	0.03128	0.02699	0.01963	0.00981	0.00797	0.00245	0.00675	0.00797	0.00981	0.01350
21	0.01667	0.05790	0.28233	0.05615	0.03210	0.01772	0.19749	0.02295	0.01686	0.04458	0.01873	0.10136	0.01636	0.01182	0.03721	0.00307	0.04309	0.00902	0.00427	0.01032
22	0.01084	0.00837	0.01016	0.01114	0.01321	0.00769	0.00902	0.01347	0.01783	0.02226	0.06012	0.15262	0.33790	0.02138	0.01012	0.00315	0.00547	0.27099	0.00734	0.00692
23	0.01498	0.01409	0.02378	0.70226	0.05462	0.01762	0.02202	0.02026	0.01586	0.02026	0.01409	0.02114	0.01057	0.00793	0.00793	0.00264	0.01057	0.00705	0.00352	0.00881
24	0.07315	0.02919	0.02127	0.01997	0.05456	0.39943	0.01465	0.08151	0.17790	0.02649	0.01773	0.01858	0.01390	0.00880	0.00733	0.00227	0.01116	0.00625	0.00540	0.01048
25	0.01791	0.01998	0.04261	0.03095	0.03799	0.01915	0.55958	0.02398	0.01801	0.02459	0.01730	0.05318	0.01415	0.01021	0.04112	0.00319	0.04187	0.00982	0.00415	0.01025
26	0.01697	0.01688	0.02438	0.02075	0.02118	0.02308	0.04242	0.01899	0.01246	0.01929	0.01142	0.01851	0.01115	0.01686	0.07305	0.00410	0.62916	0.00715	0.00355	0.00864
27	0.07173	0.02183	0.02312	0.01781	0.02408	0.02421	0.01471	0.61078	0.03596	0.04917	0.01859	0.01870	0.01321	0.00940	0.00776	0.00238	0.00858	0.00698	0.00776	0.01321
28	0.01963	0.01884	0.03219	0.04867	0.67185	0.01884	0.02434	0.02434	0.01806	0.02591	0.01492	0.01963	0.01256	0.00707	0.00785	0.00236	0.00942	0.00707	0.00393	0.01256
29	0.03014	0.02221	0.02380	0.01825	0.02459	0.02459	0.01507	0.64541	0.03728	0.04998	0.01904	0.01904	0.01349	0.00952	0.00793	0.00238	0.00873	0.00714	0.00793	0.01349
30	0.01122	0.00811	0.01060	0.00998	0.01185	0.00748	0.00748	0.01496	0.02245	0.03180	0.66766	0.05923	0.07482	0.01621	0.00935	0.00249	0.00374	0.01434	0.00873	0.00748
31	0.00966	0.00690	0.00920	0.01104	0.01150	0.00644	0.00736	0.01104	0.01518	0.02024	0.04371	0.71614	0.05245	0.02484	0.01012	0.00322	0.00460	0.02254	0.00736	0.00644
32	0.00997	0.00790	0.00897	0.00902	0.01116	0.00690	0.00664	0.01242	0.01901	0.02440	0.25297	0.15683	0.40662	0.01955	0.00947	0.00269	0.00401	0.01679	0.00778	0.00690
33	0.01498	0.01409	0.02378	0.70226	0.05462	0.01762	0.02202	0.02026	0.01586	0.02026	0.01409	0.02114	0.01057	0.00793	0.00793	0.00264	0.01057	0.00705	0.00352	0.00881
34	0.01017	0.00731	0.00962	0.01128	0.01201	0.00689	0.00793	0.01183	0.01557	0.02055	0.04433	0.56509	0.08028	0.05815	0.01168	0.00347	0.00510	0.10501	0.00723	0.00649
35	0.01137	0.00832	0.01187	0.01187	0.01298	0.00944	0.00882	0.01360	0.01248	0.01776	0.02204	0.03559	0.02175	0.20117	0.55083	0.01166	0.01834	0.00915	0.00437	0.00659
36	0.01100	0.00810	0.01029	0.00974	0.01171	0.00739	0.00731	0.01453	0.02192	0.03055	0.59706	0.06129	0.14621	0.01668	0.00936	0.00252	0.00377	0.01463	0.00857	0.00739
37	0.03150	0.02004	0.02246	0.01722	0.02351	0.02138	0.01422	0.49458	0.03366	0.20593	0.02208	0.02102	0.01501	0.00959	0.00794	0.00240	0.00823	0.00735	0.00840	0.01349
38	0.01782	0.01405	0.01658	0.01192	0.01890	0.01065	0.00956	0.02131	0.01689	0.07266	0.01533	0.01720	0.01231	0.00616	0.00602	0.00127	0.00594	0.00493	0.00507	0.71544
39	0.02120	0.72609	0.04155	0.01357	0.02035	0.03138	0.01357	0.02374	0.01611	0.01866	0.01102	0.01272	0.01018	0.00678	0.00509	0.00170	0.00848	0.00424	0.00339	0.01018
40	0.02158	0.69487	0.04069	0.01388	0.02054	0.06123	0.01365	0.02410	0.01640	0.01869	0.01108	0.01279	0.01018	0.00685	0.00518	0.00171	0.00874	0.00428	0.00342	0.01013
41	0.01963	0.01884	0.03219	0.04867	0.67185	0.01884	0.02434	0.02434	0.01806	0.02591	0.01492	0.01963	0.01256	0.00707	0.00785	0.00236	0.00942	0.00707	0.00393	0.01256
42	0.02935	0.06135	0.02321	0.02008	0.02437	0.63483	0.01525	0.06039	0.02295	0.02083	0.01253	0.01447	0.01037	0.00819	0.00711	0.00205	0.01383	0.00517	0.00424	0.00943
43	0.03014	0.02221	0.02380	0.01825	0.02459	0.02459	0.01507	0.64541	0.03728	0.04998	0.01904	0.01904	0.01349	0.00952	0.00793	0.00238	0.00873	0.00714	0.00793	0.01349
44	0.02670	0.02402	0.02615	0.02059	0.02639	0.14859	0.11343	0.36813	0.06503	0.03798	0.01919	0.05205	0.01508	0.00961	0.00812	0.00242	0.01018	0.00793	0.00657	0.01185
45	0.01678	0.01877	0.07384	0.14164	0.09347	0.05031	0.12788	0.02089	0.01563	0.02155	0.01641	0.07740	0.01509	0.01462	0.06582	0.00364	0.20424	0.00864	0.00402	0.00937
46	0.01161	0.00891	0.01329	0.01312	0.01447	0.01059	0.01026	0.01439	0.01272	0.01844	0.02073	0.03050	0.01938	0.05732	0.65860	0.01231	0.05355	0.00842	0.00421	0.00716
47	0.00957	0.00804	0.00831	0.00824	0.01083	0.00678	0.00618	0.01176	0.01854	0.02252	0.14270	0.07450	0.60557	0.01967	0.00937	0.00266	0.00399	0.01648	0.00751	0.00678
48	0.00939	0.00795	0.00812	0.00825	0.01077	0.00668	0.00612	0.01136	0.01787	0.02134	0.07770	0.12230	0.62435	0.02043	0.00943	0.00272	0.00406	0.01715	0.00736	0.00668
49	0.01963	0.01884	0.03219	0.04867	0.67185	0.01884	0.02434	0.02434	0.01806	0.02591	0.01492	0.01963	0.01256	0.00707	0.00785	0.00236	0.00942	0.00707	0.00393	0.01256
50	0.00980	0.00709	0.00903	0.01050	0.01116	0.00658	0.00699	0.01112	0.01516	0.01993	0.04592	0.58783	0.11603	0.08732	0.01278	0.00357	0.00482	0.02093	0.00713	0.00632
51	0.02120	0.72609	0.04155	0.01357	0.02035	0.03138	0.01357	0.02374	0.01611	0.01866	0.01102	0.01272	0.01018	0.00678	0.00509	0.00170	0.00848	0.00424	0.00339	0.01018
52	0.01872	0.02139	0.04679	0.03342	0.04144	0.02005	0.64305	0.02540	0.01872	0.02540	0.01604	0.02139	0.01203	0.00668	0.00936	0.00267	0.01337	0.00936	0.00401	0.01070
53	0.03558	0.01350	0.01840	0.01411	0.02024	0.01166	0.01166	0.03865	0.02270	0.67734	0.03128	0.02699	0.01963	0.00981	0.00797	0.00245	0.00675	0.00797	0.00981	0.01350
54	0.02869	0.02128	0.02279	0.01772	0.02368	0.02358	0.01449	0.57940	0.07773	0.04745	0.02016	0.02107	0.01482	0.03841	0.00925	0.00262	0.00852	0.00744	0.00782	0.01307
55	0.00966	0.00690	0.00920	0.01104	0.01150	0.00644	0.00736	0.01104	0.01518	0.02024	0.04371	0.71614	0.05245	0.02484	0.01012	0.00322	0.00460	0.02254	0.00736	0.00644
56	0.02737	0.01932	0.02115	0.01660	0.02211	0.02102	0.01348	0.48322	0.06377	0.09076	0.07634	0.02539	0.02055	0.04979	0.00987	0.00271	0.00798	0.00815	0.00797	0.01244
57	0.00966	0.00690	0.00920	0.01104	0.01150	0.00644	0.00736	0.01104	0.01518	0.02024	0.04371	0.71614	0.05245	0.02484	0.01012	0.00322	0.00460	0.02254	0.00736	0.00644

[dist]
# distance from previous block
# <min> <max>
0	1

[block]
# block no. 6 follows, 24 sequences, length 96
# corresponding to MSA columns:
# 281-376
name=unknown_G
#
# <colnr> <probs for GDERKNQSTAVLIFYWHMCP>
#	G	D	E	R	K	N	Q	S	T	A	V	L	I	F	Y	W	H	M	C	P
0	0.03044	0.02174	0.02351	0.01802	0.02436	0.02389	0.01489	0.61245	0.03649	0.08405	0.01970	0.01947	0.01382	0.00954	0.00793	0.00238	0.00862	0.00718	0.00803	0.01349
1	0.01498	0.01409	0.02378	0.70226	0.05462	0.01762	0.02202	0.02026	0.01586	0.02026	0.01409	0.02114	0.01057	0.00793	0.00793	0.00264	0.01057	0.00705	0.00352	0.00881
2	0.01619	0.07732	0.64638	0.02212	0.03358	0.01910	0.02846	0.02504	0.01671	0.02477	0.01406	0.01653	0.01005	0.00749	0.00740	0.00247	0.01155	0.00577	0.00335	0.01164
3	0.02120	0.72609	0.04155	0.01357	0.02035	0.03138	0.01357	0.02374	0.01611	0.01866	0.01102	0.01272	0.01018	0.00678	0.00509	0.00170	0.00848	0.00424	0.00339	0.01018
4	0.01133	0.00850	0.01274	0.01274	0.01416	0.00991	0.00991	0.01416	0.01274	0.01841	0.02124	0.03115	0.01982	0.05947	0.68989	0.01274	0.02124	0.00850	0.00425	0.00708
5	0.01325	0.01100	0.01169	0.01089	0.01407	0.01099	0.00835	0.04628	0.18783	0.02733	0.15775	0.05896	0.37831	0.01658	0.00897	0.00264	0.00476	0.01392	0.00779	0.00864
6	0.02029	0.01732	0.01825	0.01625	0.02084	0.01999	0.01269	0.07490	0.62383	0.03408	0.03156	0.02901	0.02362	0.01069	0.00806	0.00267	0.00641	0.00887	0.00806	0.01260
7	0.02962	0.03779	0.02247	0.02043	0.02451	0.68948	0.01532	0.03166	0.02247	0.01941	0.01226	0.01430	0.01021	0.00817	0.00715	0.00204	0.01430	0.00511	0.00409	0.00919
8	0.02202	0.01817	0.01922	0.01660	0.02149	0.02080	0.01311	0.17497	0.52096	0.03687	0.02936	0.02726	0.02185	0.01049	0.00804	0.00262	0.00682	0.00856	0.00804	0.01276
9	0.02587	0.02009	0.02139	0.01738	0.02296	0.02260	0.01404	0.39819	0.29146	0.04309	0.02446	0.02336	0.01788	0.01003	0.00799	0.00251	0.00772	0.00789	0.00799	0.01310
10	0.02496	0.02887	0.29215	0.01953	0.02805	0.02050	0.02049	0.31813	0.02711	0.11535	0.01854	0.01906	0.01282	0.00874	0.00777	0.00244	0.00971	0.00672	0.00628	0.01276
11	0.03558	0.01350	0.01840	0.01411	0.02024	0.01166	0.01166	0.03865	0.02270	0.67734	0.03128	0.02699	0.01963	0.00981	0.00797	0.00245	0.00675	0.00797	0.00981	0.01350
12	0.01629	0.01851	0.07065	0.12080	0.06487	0.01685	0.36658	0.02187	0.01783	0.02412	0.04530	0.11564	0.04256	0.01013	0.00909	0.00271	0.01088	0.01092	0.00463	0.00976
13	0.05313	0.01361	0.04103	0.04861	0.02089	0.01197	0.01235	0.03125	0.05298	0.41642	0.03375	0.07437	0.05880	0.01241	0.00840	0.00267	0.00687	0.08057	0.00844	0.01149
14	0.01816	0.01925	0.01734	0.01770	0.06005	0.24443	0.01270	0.02084	0.01643	0.01923	0.01774	0.02461	0.01605	0.03844	0.41096	0.00839	0.01809	0.00724	0.00417	0.00816
15	0.01498	0.01409	0.02378	0.70226	0.05462	0.01762	0.02202	0.02026	0.01586	0.02026	0.01409	0.02114	0.01057	0.00793	0.00793	0.00264	0.01057	0.00705	0.00352	0.00881
16	0.02768	0.06043	0.22074	0.01792	0.02589	0.01586	0.05244	0.06397	0.02108	0.37776	0.02360	0.02243	0.01551	0.00878	0.00776	0.00244	0.00881	0.00717	0.00711	0.01263
17	0.03558	0.01350	0.01840	0.01411	0.02024	0.01166	0.01166	0.03865	0.02270	0.67734	0.03128	0.02699	0.01963	0.00981	0.00797	0.00245	0.00675	0.00797	0.00981	0.01350
18	0.00966	0.00690	0.00920	0.01104	0.01150	0.00644	0.00736	0.01104	0.01518	0.02024	0.04371	0.71614	0.05245	0.02484	0.01012	0.00322	0.00460	0.02254	0.00736	0.00644
19	0.00966	0.00690	0.00920	0.01104	0.01150	0.00644	0.00736	0.01104	0.01518	0.02024	0.04371	0.71614	0.05245	0.02484	0.01012	0.00322	0.00460	0.02254	0.00736	0.00644
20	0.02564	0.02108	0.02548	0.12759	0.16440	0.05623	0.01807	0.39028	0.02929	0.03892	0.01709	0.01924	0.01269	0.00870	0.00787	0.00240	0.00943	0.00701	0.00624	0.01237
21	0.00966	0.00690	0.00920	0.01104	0.01150	0.00644	0.00736	0.01104	0.01518	0.02024	0.04371	0.71614	0.05245	0.02484	0.01012	0.00322	0.00460	0.02254	0.00736	0.00644
22	0.01278	0.00913	0.01278	0.01460	0.01643	0.00913	0.01278	0.01643	0.01825	0.02373	0.04199	0.08945	0.04564	0.02191	0.01095	0.00365	0.00730	0.61847	0.00730	0.00730
23	0.01170	0.00860	0.01101	0.01032	0.01234	0.00816	0.00776	0.01648	0.05785	0.03188	0.63225	0.05758	0.07200	0.01591	0.00928	0.00250	0.00388	0.01404	0.00869	0.00776
24	0.06103	0.65692	0.06934	0.01382	0.02073	0.03006	0.01403	0.02378	0.01600	0.01985	0.01117	0.01291	0.01009	0.00685	0.00519	0.00177	0.00850	0.00432	0.00347	0.01016
25	0.01357	0.00995	0.01217	0.01153	0.01400	0.00992	0.00884	0.02054	0.13943	0.05273	0.42460	0.08859	0.09071	0.01599	0.00921	0.00265	0.00461	0.05402	0.00841	0.00853
26	0.03424	0.01450	0.01894	0.01448	0.02068	0.01307	0.01195	0.10622	0.02410	0.58207	0.02926	0.02570	0.01864	0.00963	0.00789	0.00240	0.00694	0.00776	0.00941	0.04214
27	0.01116	0.00810	0.01051	0.00991	0.01181	0.00745	0.00743	0.01483	0.02229	0.03142	0.64624	0.05986	0.09648	0.01635	0.00935	0.00250	0.00375	0.01443	0.00868	0.00745
28	0.01278	0.00913	0.01278	0.01460	0.01643	0.00913	0.01278	0.01643	0.01825	0.02373	0.04199	0.08945	0.04564	0.02191	0.01095	0.00365	0.00730	0.61847	0.00730	0.00730
29	0.00966	0.00690	0.00920	0.01104	0.01150	0.00644	0.00736	0.01104	0.01518	0.02024	0.04371	0.71614	0.05245	0.02484	0.01012	0.00322	0.00460	0.02254	0.00736	0.00644
30	0.77733	0.01534	0.01166	0.01043	0.01534	0.01779	0.00859	0.02331	0.01350	0.03558	0.01104	0.01288	0.00859	0.00736	0.00491	0.00245	0.00613	0.00429	0.00491	0.00859
31	0.03558	0.01350	0.01840	0.01411	0.02024	0.01166	0.01166	0.03865	0.02270	0.67734	0.03128	0.02699	0.01963	0.00981	0.00797	0.00245	0.00675	0.00797	0.00981	0.01350
32	0.02104	0.12259	0.02206	0.01420	0.02069	0.10920	0.01168	0.11729	0.02040	0.02758	0.01415	0.01600	0.01157	0.00688	0.00625	0.00155	0.00785	0.00506	0.00492	0.43906
