[name]
unknown

[dist]
# distance from previous block
# <min> <max>
0	235

[block]
# block no. 0 follows, 20 sequences, length 100
# corresponding to MSA columns:
# 235-334
name=unknown_A
#
# <colnr> <probs for GDERKNQSTAVLIFYWHMCP>
#	G	D	E	R	K	N	Q	S	T	A	V	L	I	F	Y	W	H	M	C	P
0	0.10737	0.01903	0.01926	0.01717	0.02216	0.04933	0.01368	0.09466	0.37561	0.07287	0.03142	0.03488	0.02485	0.01229	0.00872	0.00295	0.00769	0.06502	0.00829	0.01273
1	0.05941	0.02223	0.02244	0.02177	0.08507	0.11404	0.01567	0.17848	0.19800	0.06945	0.02699	0.06808	0.02234	0.01209	0.00882	0.00280	0.00919	0.04289	0.00759	0.01264
2	0.10047	0.02192	0.02227	0.05234	0.02523	0.08634	0.01511	0.24000	0.09600	0.03840	0.01946	0.02132	0.01494	0.01033	0.01034	0.00263	0.08883	0.00727	0.04621	0.08059
3	0.02570	0.02603	0.02013	0.01789	0.02241	0.26165	0.01376	0.11488	0.18482	0.03160	0.02948	0.02958	0.07862	0.01138	0.00829	0.00253	0.01007	0.00861	0.09130	0.01126
4	0.07332	0.02790	0.02643	0.02676	0.15111	0.21279	0.01801	0.25559	0.02914	0.03730	0.01700	0.01897	0.01314	0.00914	0.00814	0.00244	0.01126	0.00685	0.00619	0.04852
5	0.06735	0.02014	0.02119	0.01696	0.02302	0.05778	0.01373	0.25820	0.09776	0.19313	0.02543	0.02466	0.01793	0.01026	0.00818	0.00254	0.00832	0.00790	0.07364	0.05187
6	0.07122	0.02085	0.02291	0.01817	0.02461	0.02255	0.01484	0.34537	0.15167	0.17646	0.02623	0.02475	0.01833	0.01068	0.00859	0.00271	0.00845	0.00828	0.00902	0.01434
7	0.01339	0.00908	0.01146	0.01086	0.01293	0.00833	0.00794	0.01668	0.02246	0.06082	0.45095	0.09367	0.13095	0.09524	0.01414	0.00345	0.00485	0.01578	0.00894	0.00807
8	0.01073	0.00763	0.01009	0.01201	0.01249	0.00715	0.00796	0.01217	0.01650	0.02200	0.04704	0.65601	0.05638	0.06086	0.01281	0.00379	0.00523	0.02419	0.00796	0.00699
9	0.02148	0.02102	0.03710	0.05177	0.57627	0.02087	0.08817	0.02689	0.01994	0.02844	0.01654	0.02179	0.01376	0.00773	0.00881	0.00263	0.01082	0.00804	0.00433	0.01360
10	0.02332	0.69869	0.04571	0.01493	0.02239	0.03451	0.01493	0.02612	0.01772	0.02052	0.01213	0.01399	0.01119	0.00746	0.00560	0.00187	0.00933	0.00466	0.00373	0.01119
11	0.01235	0.00892	0.01166	0.01097	0.01303	0.00823	0.00823	0.01646	0.02469	0.03498	0.63443	0.06516	0.08230	0.01783	0.01029	0.00274	0.00412	0.01578	0.00960	0.00823
12	0.01235	0.00892	0.01166	0.01097	0.01303	0.00823	0.00823	0.01646	0.02469	0.03498	0.63443	0.06516	0.08230	0.01783	0.01029	0.00274	0.00412	0.01578	0.00960	0.00823
13	0.07900	0.01496	0.01983	0.01529	0.02197	0.01320	0.01263	0.04157	0.02440	0.61134	0.03317	0.02883	0.02092	0.01065	0.00858	0.00270	0.00738	0.00855	0.01050	0.01454
14	0.01250	0.00917	0.01314	0.01314	0.01439	0.01043	0.00981	0.01501	0.01376	0.01960	0.02417	0.03872	0.02374	0.18796	0.53898	0.01293	0.02046	0.01000	0.00479	0.00730
15	0.01235	0.00892	0.01166	0.01097	0.01303	0.00823	0.00823	0.01646	0.02469	0.03498	0.63443	0.06516	0.08230	0.01783	0.01029	0.00274	0.00412	0.01578	0.00960	0.00823
16	0.02332	0.69869	0.04571	0.01493	0.02239	0.03451	0.01493	0.02612	0.01772	0.02052	0.01213	0.01399	0.01119	0.00746	0.00560	0.00187	0.00933	0.00466	0.00373	0.01119
17	0.01395	0.00927	0.01217	0.01125	0.01358	0.00850	0.00850	0.01802	0.02471	0.07144	0.59858	0.06304	0.07868	0.01741	0.01020	0.00274	0.00431	0.01536	0.00967	0.00863
18	0.01515	0.00758	0.01136	0.01136	0.01136	0.00758	0.00758	0.01136	0.01136	0.01515	0.01515	0.02652	0.01515	0.03030	0.03409	0.74621	0.00758	0.00758	0.00379	0.00379
19	0.03316	0.02443	0.02618	0.02007	0.02705	0.02705	0.01658	0.60995	0.04101	0.05497	0.02094	0.02094	0.01483	0.01047	0.00873	0.00262	0.00960	0.00785	0.00873	0.01483
20	0.03288	0.02064	0.02350	0.01836	0.02484	0.02197	0.01508	0.39096	0.06755	0.21000	0.02551	0.02473	0.01772	0.01392	0.04760	0.00334	0.00969	0.00830	0.00905	0.01436
21	0.02705	0.38070	0.07328	0.01764	0.02523	0.03058	0.01663	0.26806	0.02741	0.03521	0.01599	0.01713	0.01269	0.00876	0.00705	0.00223	0.00965	0.00609	0.00580	0.01280
22	0.02076	0.01988	0.03390	0.15408	0.54499	0.02051	0.02636	0.02604	0.01947	0.02749	0.01626	0.02186	0.01346	0.00793	0.00865	0.00264	0.01057	0.00777	0.00425	0.01315
23	0.01995	0.01817	0.02127	0.21000	0.03339	0.05800	0.01708	0.03538	0.34084	0.03023	0.02952	0.03630	0.02398	0.01214	0.00913	0.00302	0.00895	0.07388	0.00705	0.01172
24	0.07008	0.02750	0.27998	0.01916	0.02838	0.01628	0.02067	0.03540	0.02169	0.35552	0.02540	0.02415	0.01655	0.00961	0.00838	0.00273	0.00965	0.00758	0.00755	0.01373
25	0.03153	0.11632	0.02711	0.02161	0.02645	0.58745	0.01663	0.03384	0.02392	0.02125	0.01333	0.01553	0.01123	0.00882	0.00761	0.00220	0.01500	0.00551	0.00441	0.01024
26	0.01267	0.00928	0.01369	0.01369	0.01527	0.01075	0.01064	0.01584	0.01426	0.02093	0.02365	0.03417	0.02184	0.06234	0.62253	0.01335	0.02229	0.00928	0.04572	0.00781
27	0.03316	0.02443	0.02618	0.02007	0.02705	0.02705	0.01658	0.60995	0.04101	0.05497	0.02094	0.02094	0.01483	0.01047	0.00873	0.00262	0.00960	0.00785	0.00873	0.01483
28	0.02186	0.16513	0.03559	0.13511	0.38585	0.06156	0.02329	0.02645	0.01934	0.02546	0.01519	0.01987	0.01278	0.00792	0.00796	0.00246	0.01065	0.00698	0.00414	0.01243
29	0.02128	0.01674	0.01922	0.01435	0.02164	0.01442	0.01151	0.08517	0.09094	0.06888	0.01950	0.02074	0.01522	0.00775	0.00711	0.00170	0.00688	0.00620	0.00629	0.54445
30	0.01267	0.00851	0.00978	0.00978	0.00988	0.00860	0.00562	0.01286	0.01276	0.01711	0.02724	0.05572	0.03112	0.65592	0.08112	0.00879	0.00935	0.01249	0.00525	0.00543
31	0.01274	0.00920	0.01035	0.00987	0.01264	0.00799	0.00738	0.01544	0.02115	0.06380	0.23508	0.07397	0.41088	0.05630	0.01204	0.00317	0.00473	0.01678	0.00853	0.00795
32	0.01920	0.02315	0.10681	0.06331	0.10083	0.01972	0.32516	0.02556	0.01927	0.02708	0.01850	0.06189	0.01553	0.00903	0.01028	0.00277	0.04262	0.00966	0.00458	0.09504
33	0.02059	0.02353	0.05147	0.03676	0.04559	0.02206	0.60735	0.02794	0.02059	0.02794	0.01765	0.02353	0.01324	0.00735	0.01029	0.00294	0.01471	0.01029	0.00441	0.01176
34	0.01063	0.00759	0.01012	0.01215	0.01265	0.00709	0.00810	0.01215	0.01670	0.02227	0.04808	0.68775	0.05769	0.02733	0.01113	0.00354	0.00506	0.02480	0.00810	0.00709
35	0.01858	0.02516	0.15799	0.03072	0.03905	0.01945	0.40085	0.02566	0.01974	0.02718	0.02213	0.09565	0.01964	0.01060	0.01011	0.00303	0.01296	0.04536	0.00487	0.01127
36	0.02072	0.24810	0.36945	0.02408	0.09063	0.02447	0.02534	0.02774	0.01864	0.05362	0.01547	0.01784	0.01185	0.00809	0.00749	0.00246	0.01127	0.00612	0.00408	0.01253
37	0.01388	0.00991	0.01385	0.01586	0.01779	0.00989	0.01374	0.01776	0.01990	0.02590	0.04628	0.12923	0.05059	0.02427	0.01200	0.00399	0.00788	0.55125	0.00804	0.00798
38	0.75506	0.01687	0.01282	0.01147	0.01687	0.01957	0.00945	0.02564	0.01484	0.03914	0.01215	0.01417	0.00945	0.00810	0.00540	0.00270	0.00675	0.00472	0.00540	0.00945
39	0.03914	0.01484	0.02024	0.01552	0.02227	0.01282	0.01282	0.04251	0.02497	0.64507	0.03441	0.02969	0.02159	0.01080	0.00877	0.00270	0.00742	0.00877	0.01080	0.01484
40	0.01922	0.02897	0.22709	0.03252	0.07234	0.02062	0.36857	0.02709	0.02015	0.02830	0.05409	0.02440	0.01677	0.00829	0.00961	0.00286	0.01330	0.00934	0.00450	0.01200
41	0.01352	0.00919	0.01194	0.01110	0.01341	0.00841	0.00838	0.01752	0.02450	0.06309	0.58334	0.06429	0.10273	0.01768	0.01022	0.00275	0.00428	0.01556	0.00959	0.00850
42	0.03275	0.02222	0.02446	0.01906	0.02576	0.02413	0.01565	0.45185	0.10793	0.14723	0.02484	0.02373	0.01732	0.01069	0.00875	0.00267	0.00893	0.00824	0.00908	0.01471
43	0.02201	0.02198	0.03648	0.05044	0.55232	0.05074	0.08308	0.02726	0.02016	0.02811	0.01639	0.02150	0.01364	0.00779	0.00876	0.00261	0.01104	0.00792	0.00434	0.01344
44	0.04881	0.01785	0.02107	0.18183	0.03184	0.02103	0.01625	0.03951	0.44764	0.03303	0.02958	0.02950	0.02220	0.01091	0.00870	0.00294	0.00808	0.00913	0.00749	0.01260
45	0.01245	0.00836	0.00958	0.00981	0.00987	0.00830	0.00561	0.01262	0.01314	0.01752	0.02983	0.12882	0.03467	0.61767	0.04061	0.00790	0.00807	0.01406	0.00561	0.00549
46	0.03201	0.03938	0.02452	0.02208	0.02673	0.58904	0.01667	0.06638	0.05892	0.02400	0.01511	0.01695	0.01229	0.00923	0.00797	0.00231	0.01491	0.00597	0.00497	0.01057
47	0.02159	0.02073	0.03541	0.05354	0.63903	0.02073	0.02677	0.02677	0.01986	0.02850	0.01641	0.02159	0.01382	0.00777	0.00864	0.00259	0.01036	0.00777	0.00432	0.01382
48	0.01984	0.02356	0.08188	0.10076	0.04454	0.02210	0.45857	0.02669	0.01947	0.02669	0.01674	0.02279	0.01277	0.00828	0.01170	0.00301	0.07538	0.00956	0.00426	0.01141
49	0.01235	0.00892	0.01166	0.01097	0.01303	0.00823	0.00823	0.01646	0.02469	0.03498	0.63443	0.06516	0.08230	0.01783	0.01029	0.00274	0.00412	0.01578	0.00960	0.00823
50	0.02170	0.01874	0.01972	0.01775	0.02268	0.02170	0.01381	0.04635	0.62327	0.03649	0.03550	0.03254	0.02663	0.01183	0.00888	0.00296	0.00690	0.00986	0.00888	0.01381
51	0.01908	0.01908	0.02672	0.02290	0.02290	0.02672	0.01908	0.02099	0.01336	0.02099	0.01145	0.01908	0.01145	0.01527	0.02863	0.00382	0.67748	0.00763	0.00382	0.00954
52	0.01235	0.00892	0.01166	0.01097	0.01303	0.00823	0.00823	0.01646	0.02469	0.03498	0.63443	0.06516	0.08230	0.01783	0.01029	0.00274	0.00412	0.01578	0.00960	0.00823
53	0.01213	0.00891	0.01136	0.01075	0.01290	0.00814	0.00806	0.01604	0.02418	0.03376	0.57627	0.06716	0.14122	0.01829	0.01029	0.00277	0.00415	0.01606	0.00944	0.00814
54	0.01267	0.00851	0.00978	0.00978	0.00987	0.00860	0.00562	0.01286	0.01276	0.01711	0.02724	0.05573	0.03113	0.65628	0.08076	0.00879	0.00934	0.01249	0.00525	0.00543
55	0.02680	0.02656	0.03116	0.03579	0.28567	0.17097	0.05398	0.17062	0.02589	0.03291	0.01667	0.02006	0.01332	0.00904	0.00950	0.00259	0.04274	0.00742	0.00542	0.01289
56	0.02702	0.07141	0.02579	0.02125	0.02454	0.35588	0.01683	0.06131	0.02136	0.02366	0.01399	0.01785	0.01210	0.01098	0.01409	0.00272	0.21852	0.00644	0.04411	0.01016
57	0.75506	0.01687	0.01282	0.01147	0.01687	0.01957	0.00945	0.02564	0.01484	0.03914	0.01215	0.01417	0.00945	0.00810	0.00540	0.00270	0.00675	0.00472	0.00540	0.00945
58	0.01852	0.01831	0.02660	0.16386	0.03097	0.02513	0.02020	0.02127	0.01424	0.02127	0.01233	0.01999	0.01149	0.01385	0.02431	0.00362	0.53299	0.00766	0.00383	0.00957
59	0.02214	0.01986	0.03259	0.02351	0.03154	0.01790	0.24951	0.10340	0.02247	0.06279	0.01803	0.02122	0.01374	0.00757	0.00841	0.00220	0.01022	0.00775	0.00562	0.31953
60	0.03624	0.01816	0.02299	0.01921	0.06085	0.01769	0.01482	0.21661	0.02961	0.42594	0.02917	0.02650	0.01904	0.01051	0.00875	0.00267	0.00827	0.00843	0.00977	0.01478
61	0.02170	0.01874	0.01972	0.01775	0.02268	0.02170	0.01381	0.04635	0.62327	0.03649	0.03550	0.03254	0.02663	0.01183	0.00888	0.00296	0.00690	0.00986	0.00888	0.01381
62	0.01515	0.00758	0.01136	0.01136	0.01136	0.00758	0.00758	0.01136	0.01136	0.01515	0.01515	0.02652	0.01515	0.03030	0.03409	0.74621	0.00758	0.00758	0.00379	0.00379
63	0.02121	0.05447	0.02958	0.34855	0.14446	0.14380	0.05742	0.02698	0.04493	0.02398	0.01607	0.02150	0.01262	0.00861	0.00849	0.00268	0.01209	0.00744	0.00430	0.01082
64	0.02135	0.02048	0.03498	0.08237	0.61207	0.02066	0.02665	0.02656	0.01975	0.02821	0.01637	0.02167	0.01371	0.00782	0.00864	0.00261	0.01042	0.00777	0.00430	0.01362
65	0.03914	0.01484	0.02024	0.01552	0.02227	0.01282	0.01282	0.04251	0.02497	0.64507	0.03441	0.02969	0.02159	0.01080	0.00877	0.00270	0.00742	0.00877	0.01080	0.01484
66	0.02088	0.02009	0.03477	0.05016	0.56956	0.01998	0.05707	0.02596	0.01971	0.02810	0.01836	0.06143	0.01640	0.00892	0.00887	0.00267	0.01028	0.00892	0.00455	0.01330
67	0.02111	0.02175	0.06429	0.08001	0.55608	0.02070	0.05449	0.02666	0.01972	0.02814	0.01639	0.02161	0.01356	0.00782	0.00870	0.00263	0.01075	0.00783	0.00427	0.01349
68	0.05388	0.01667	0.01927	0.07849	0.02460	0.01834	0.01434	0.22357	0.11830	0.03704	0.03434	0.13422	0.06510	0.01577	0.00959	0.00308	0.00804	0.10619	0.00790	0.01127
69	0.37003	0.24698	0.06087	0.01491	0.02106	0.08162	0.01368	0.02649	0.01680	0.02983	0.01242	0.01473	0.01038	0.00834	0.00701	0.00244	0.04250	0.00503	0.00459	0.01028
70	0.01235	0.00892	0.01166	0.01097	0.01303	0.00823	0.00823	0.01646	0.02469	0.03498	0.63443	0.06516	0.08230	0.01783	0.01029	0.00274	0.00412	0.01578	0.00960	0.00823
71	0.01965	0.01926	0.03302	0.22379	0.32078	0.02139	0.08206	0.02472	0.01824	0.02552	0.01551	0.02187	0.01277	0.00915	0.01189	0.00290	0.11357	0.00799	0.00412	0.01178
72	0.01109	0.00831	0.01035	0.01186	0.01297	0.00781	0.00812	0.01379	0.04526	0.02314	0.05419	0.55719	0.15222	0.02574	0.01089	0.00342	0.00504	0.02305	0.00813	0.00744
73	0.01235	0.00892	0.01166	0.01097	0.01303	0.00823	0.00823	0.01646	0.02469	0.03498	0.63443	0.06516	0.08230	0.01783	0.01029	0.00274	0.00412	0.01578	0.00960	0.00823
74	0.03252	0.02412	0.02582	0.01994	0.02681	0.02675	0.01642	0.57853	0.07347	0.05394	0.02175	0.02159	0.01549	0.01055	0.00873	0.00264	0.00945	0.00797	0.00873	0.01478
75	0.01486	0.00938	0.01236	0.01155	0.01392	0.00857	0.00868	0.01863	0.02389	0.09504	0.51321	0.12621	0.07364	0.01811	0.01022	0.00282	0.00455	0.01601	0.00957	0.00878
76	0.01229	0.00952	0.01279	0.01375	0.01424	0.01039	0.00983	0.01399	0.01622	0.02253	0.04109	0.54642	0.04838	0.02453	0.01381	0.00352	0.11669	0.02118	0.04129	0.00754
77	0.01515	0.00758	0.01136	0.01136	0.01136	0.00758	0.00758	0.01136	0.01136	0.01515	0.01515	0.02652	0.01515	0.03030	0.03409	0.74621	0.00758	0.00758	0.00379	0.00379
78	0.01202	0.00890	0.01121	0.01063	0.01283	0.00809	0.00797	0.01583	0.02392	0.03316	0.54716	0.06816	0.17071	0.01851	0.01029	0.00278	0.00416	0.01620	0.00936	0.00809
79	0.31212	0.08472	0.05845	0.05292	0.05024	0.05321	0.01415	0.03013	0.01926	0.19039	0.04473	0.02147	0.01632	0.00922	0.00713	0.00261	0.00834	0.00668	0.00652	0.01140
80	0.05634	0.01779	0.02598	0.46620	0.07988	0.02114	0.02196	0.15144	0.02260	0.03058	0.01658	0.02222	0.01233	0.00903	0.00856	0.00282	0.01088	0.00763	0.00504	0.01101
81	0.01626	0.00813	0.00813	0.00813	0.01016	0.00813	0.00610	0.02033	0.01829	0.03252	0.02846	0.03252	0.02236	0.01016	0.00610	0.00203	0.00407	0.00813	0.74187	0.00813
82	0.01843	0.01726	0.02540	0.03206	0.27517	0.04511	0.01879	0.02181	0.01662	0.02353	0.01811	0.02751	0.01699	0.09220	0.17520	0.00620	0.14619	0.00853	0.00441	0.01048
83	0.02210	0.34225	0.27767	0.02033	0.02992	0.02686	0.05667	0.05332	0.01954	0.05564	0.01529	0.01734	0.01193	0.00807	0.00721	0.00235	0.01095	0.00603	0.00432	0.01222
84	0.02541	0.34983	0.10273	0.01809	0.02550	0.08625	0.01722	0.15221	0.09114	0.03041	0.01711	0.01817	0.01368	0.00881	0.00712	0.00228	0.01008	0.00620	0.00542	0.01234
85	0.56489	0.01907	0.01483	0.01309	0.01834	0.09100	0.01055	0.02783	0.01746	0.09539	0.04701	0.01851	0.01464	0.00897	0.00626	0.00265	0.00770	0.00579	0.00604	0.00998
86	0.01682	0.02154	0.17625	0.02126	0.05514	0.01498	0.11639	0.02409	0.05441	0.05190	0.29748	0.04169	0.04495	0.01269	0.00959	0.00278	0.00861	0.01164	0.00703	0.01075
87	0.01727	0.01685	0.02728	0.29030	0.03944	0.02114	0.08075	0.02130	0.01614	0.02238	0.01764	0.09215	0.01661	0.01304	0.01669	0.00332	0.26399	0.00978	0.00436	0.00957
88	0.02163	0.01157	0.01574	0.01487	0.05306	0.01044	0.01075	0.02545	0.02421	0.23573	0.36680	0.05197	0.09117	0.01516	0.00969	0.00273	0.00560	0.01314	0.00959	0.01070
89	0.02412	0.58775	0.07490	0.01618	0.02372	0.07057	0.01604	0.05923	0.01947	0.02286	0.01288	0.01471	0.01139	0.00776	0.00605	0.00198	0.00991	0.00499	0.00405	0.01142
90	0.01750	0.04512	0.64825	0.02486	0.03775	0.02026	0.03223	0.02762	0.01842	0.02762	0.01565	0.01842	0.01105	0.00829	0.00829	0.00276	0.01289	0.00645	0.00368	0.01289
91	0.13158	0.10364	0.29824	0.02204	0.06584	0.05618	0.02246	0.08655	0.02111	0.09049	0.01702	0.01870	0.01239	0.00864	0.00766	0.00260	0.01076	0.00640	0.00521	0.01249
92	0.01279	0.00921	0.01167	0.01291	0.01404	0.00901	0.00891	0.06965	0.01904	0.02541	0.04547	0.62361	0.05357	0.02571	0.01090	0.00345	0.00550	0.02317	0.00816	0.00783
93	0.01292	0.00881	0.01134	0.01134	0.01221	0.00949	0.00781	0.01465	0.01379	0.01982	0.02578	0.04487	0.02653	0.35659	0.30816	0.01028	0.01453	0.01081	0.07361	0.00664
94	0.01938	0.01583	0.01973	0.01415	0.02190	0.01217	0.03770	0.02338	0.01859	0.06277	0.01666	0.01898	0.01342	0.00674	0.00676	0.00145	0.00689	0.00560	0.00545	0.67245
95	0.03914	0.01484	0.02024	0.01552	0.02227	0.01282	0.01282	0.04251	0.02497	0.64507	0.03441	0.02969	0.02159	0.01080	0.00877	0.00270	0.00742	0.00877	0.01080	0.01484
96	0.01543	0.01312	0.01943	0.01660	0.01994	0.01299	0.10519	0.08158	0.02215	0.02966	0.17133	0.21952	0.16484	0.01858	0.01131	0.00307	0.04196	0.01652	0.00767	0.00911
97	0.02796	0.07017	0.02466	0.02062	0.02442	0.42214	0.01598	0.06382	0.02259	0.02298	0.01742	0.02051	0.04313	0.01185	0.01252	0.04727	0.11060	0.00675	0.00474	0.00985
98	0.02150	0.39430	0.28924	0.01941	0.02890	0.06564	0.02207	0.02725	0.01842	0.02346	0.01364	0.01589	0.01114	0.00789	0.00682	0.00225	0.01115	0.00544	0.00376	0.01182
99	0.01874	0.08183	0.55108	0.02367	0.03555	0.02148	0.02951	0.05308	0.05300	0.02884	0.01677	0.01904	0.01208	0.00853	0.00818	0.00271	0.01221	0.00659	0.00419	0.01292

[dist]
# distance from previous block
# <min> <max>
2	8

[block]
# block no. 1 follows, 20 sequences, length 18
# corresponding to MSA columns:
# 343-360
name=unknown_B
#
# <colnr> <probs for GDERKNQSTAVLIFYWHMCP>
#	G	D	E	R	K	N	Q	S	T	A	V	L	I	F	Y	W	H	M	C	P
0	0.02761	0.03232	0.02892	0.03439	0.26107	0.37852	0.02078	0.03096	0.02222	0.02407	0.01449	0.01816	0.01224	0.00888	0.00934	0.00247	0.05114	0.00656	0.00439	0.01150
1	0.01800	0.01706	0.02892	0.48763	0.23298	0.01978	0.02499	0.02363	0.01816	0.02414	0.01577	0.02276	0.01228	0.00844	0.00870	0.00281	0.01125	0.00776	0.00401	0.01092
2	0.02144	0.01915	0.02958	0.14914	0.23199	0.02058	0.08679	0.03341	0.22158	0.05982	0.02364	0.02616	0.01802	0.00940	0.00892	0.00282	0.00978	0.00880	0.00609	0.01289
3	0.01908	0.01908	0.02672	0.02290	0.02290	0.02672	0.01908	0.02099	0.01336	0.02099	0.01145	0.01908	0.01145	0.01527	0.02863	0.00382	0.67748	0.00763	0.00382	0.00954
4	0.01646	0.01497	0.02486	0.62449	0.05647	0.01857	0.02292	0.02215	0.01750	0.02303	0.01644	0.02393	0.01240	0.00883	0.00853	0.00284	0.01108	0.00778	0.05719	0.00958
5	0.01626	0.00813	0.00813	0.00813	0.01016	0.00813	0.00610	0.02033	0.01829	0.03252	0.02846	0.03252	0.02236	0.01016	0.00610	0.00203	0.00407	0.00813	0.74187	0.00813
6	0.01375	0.00982	0.01371	0.01572	0.01759	0.00978	0.01353	0.01755	0.01978	0.02576	0.04635	0.15071	0.05087	0.02438	0.01197	0.00397	0.00777	0.53101	0.00804	0.00795
7	0.01782	0.01910	0.03997	0.02992	0.03643	0.01789	0.44069	0.02355	0.01951	0.02636	0.02611	0.20826	0.02560	0.01291	0.01053	0.00311	0.01202	0.01433	0.00544	0.01046
8	0.01809	0.01550	0.01809	0.01292	0.02067	0.01163	0.01034	0.02196	0.01809	0.02842	0.01550	0.01809	0.01292	0.00646	0.00646	0.00129	0.00646	0.00517	0.00517	0.74677
9	0.01938	0.01830	0.03015	0.31937	0.33886	0.02022	0.02464	0.02638	0.06664	0.02644	0.01753	0.02318	0.01388	0.00851	0.00869	0.00276	0.01064	0.00793	0.00449	0.01202
10	0.02479	0.52453	0.04034	0.01694	0.02330	0.15346	0.01559	0.02742	0.01875	0.02071	0.01234	0.01469	0.01122	0.00831	0.00767	0.00208	0.05804	0.00506	0.00388	0.01087
11	0.02634	0.01844	0.02141	0.01921	0.07063	0.01940	0.01423	0.30993	0.06043	0.10533	0.10941	0.03574	0.09522	0.01260	0.00900	0.00267	0.00778	0.01026	0.03923	0.01273
12	0.01770	0.01522	0.01875	0.01607	0.06898	0.01195	0.01144	0.02147	0.01811	0.02788	0.01847	0.07781	0.01697	0.00842	0.00705	0.00159	0.00665	0.00712	0.00536	0.62301
13	0.01559	0.03100	0.39111	0.02135	0.06132	0.01590	0.02331	0.02298	0.01974	0.02830	0.14064	0.06975	0.09754	0.01259	0.00906	0.00281	0.00975	0.01057	0.00555	0.01115
14	0.01963	0.01740	0.02712	0.36741	0.19599	0.01971	0.02233	0.10246	0.02192	0.02946	0.07439	0.02645	0.01922	0.00957	0.00885	0.00277	0.01033	0.00852	0.00518	0.01128
15	0.02169	0.01888	0.02081	0.02023	0.06540	0.02163	0.01471	0.04499	0.58146	0.03594	0.03418	0.03179	0.02574	0.01155	0.00886	0.00293	0.00714	0.00972	0.00856	0.01381
16	0.01828	0.01570	0.01777	0.01363	0.02046	0.01341	0.01079	0.02634	0.14351	0.02975	0.02482	0.02576	0.06000	0.00868	0.00723	0.00175	0.00641	0.00708	0.00614	0.54247
17	0.01958	0.09753	0.42089	0.02842	0.09849	0.05256	0.10754	0.02779	0.01910	0.02682	0.01558	0.01891	0.01165	0.00807	0.00834	0.00266	0.01270	0.00691	0.00389	0.01255

[dist]
# distance from previous block
# <min> <max>
0	3

[block]
# block no. 2 follows, 20 sequences, length 19
# corresponding to MSA columns:
# 364-382
name=unknown_C
#
# <colnr> <probs for GDERKNQSTAVLIFYWHMCP>
#	G	D	E	R	K	N	Q	S	T	A	V	L	I	F	Y	W	H	M	C	P
0	0.01673	0.01601	0.02776	0.63242	0.05916	0.01955	0.06097	0.02264	0.01764	0.02264	0.01564	0.02327	0.01173	0.00863	0.00882	0.00291	0.01182	0.00791	0.00391	0.00982
1	0.01312	0.00977	0.01368	0.01654	0.05275	0.00951	0.01235	0.01624	0.01890	0.02479	0.04745	0.29523	0.08373	0.02412	0.01143	0.00371	0.00695	0.32390	0.00784	0.00801
2	0.02030	0.01974	0.03461	0.19757	0.45224	0.02052	0.07580	0.02582	0.01936	0.02699	0.01630	0.02215	0.01325	0.00796	0.00880	0.00269	0.01103	0.00798	0.00422	0.01267
3	0.01946	0.01855	0.03156	0.31130	0.39793	0.02017	0.02571	0.02490	0.01885	0.02591	0.01603	0.02228	0.01291	0.00817	0.00867	0.00272	0.01089	0.00776	0.00413	0.01210
4	0.02159	0.02073	0.03541	0.05354	0.63903	0.02073	0.02677	0.02677	0.01986	0.02850	0.01641	0.02159	0.01382	0.00777	0.00864	0.00259	0.01036	0.00777	0.00432	0.01382
5	0.01084	0.00775	0.00999	0.01170	0.01227	0.00725	0.00772	0.01222	0.01642	0.02175	0.04782	0.58955	0.08330	0.09942	0.01471	0.00405	0.00540	0.02317	0.00779	0.00690
6	0.02292	0.55255	0.14319	0.01700	0.02518	0.06925	0.01788	0.02688	0.01825	0.02174	0.01279	0.01482	0.01117	0.00769	0.00617	0.00204	0.01029	0.00501	0.00377	0.01141
7	0.02064	0.01985	0.03381	0.16012	0.47322	0.02061	0.05636	0.02706	0.05095	0.02779	0.01731	0.02256	0.01407	0.00813	0.00875	0.00268	0.01064	0.00801	0.00448	0.01298
8	0.01364	0.00974	0.01358	0.01559	0.01742	0.00968	0.01334	0.01736	0.01967	0.02564	0.04641	0.16944	0.05110	0.02449	0.01194	0.00396	0.00767	0.51335	0.00804	0.00792
9	0.01319	0.01014	0.01389	0.04013	0.05144	0.00986	0.01226	0.01665	0.01996	0.02604	0.11559	0.16694	0.16280	0.02201	0.01109	0.00349	0.00677	0.28171	0.00786	0.00818
10	0.02024	0.02486	0.15264	0.11532	0.46007	0.02049	0.02755	0.02645	0.01932	0.02765	0.01616	0.02116	0.01304	0.00797	0.00858	0.00266	0.01099	0.00751	0.00415	0.01319
11	0.11848	0.46616	0.11372	0.01720	0.04703	0.02910	0.01668	0.02717	0.01792	0.05862	0.01396	0.01572	0.01162	0.00784	0.00619	0.00216	0.00937	0.00524	0.00435	0.01148
12	0.01060	0.00769	0.01002	0.01188	0.01258	0.00711	0.00798	0.01218	0.01696	0.02237	0.05133	0.63899	0.10435	0.02691	0.01107	0.00349	0.00501	0.02428	0.00810	0.00711
13	0.02272	0.01555	0.01710	0.01370	0.01922	0.06614	0.01080	0.02633	0.02218	0.18285	0.18624	0.03598	0.05971	0.01142	0.00833	0.00218	0.00679	0.00946	0.00780	0.27551
14	0.01979	0.01611	0.01934	0.08094	0.02475	0.01476	0.01264	0.13504	0.02229	0.03209	0.02122	0.11492	0.01956	0.01045	0.00780	0.00204	0.00739	0.00876	0.00615	0.42396
15	0.02207	0.01845	0.02565	0.06700	0.25312	0.01892	0.01847	0.18688	0.02543	0.03504	0.05812	0.09856	0.04829	0.01175	0.00891	0.00263	0.00872	0.01030	0.00646	0.07521
16	0.02365	0.03064	0.24378	0.05182	0.08802	0.02289	0.14430	0.22108	0.02646	0.03666	0.01788	0.02075	0.01301	0.00879	0.00889	0.00274	0.01191	0.00786	0.00557	0.01327
17	0.02059	0.01723	0.01983	0.01486	0.02186	0.01544	0.01197	0.10796	0.06999	0.03248	0.01768	0.01972	0.01422	0.00793	0.00815	0.00175	0.04244	0.00606	0.00590	0.54392
18	0.01379	0.03990	0.01742	0.01431	0.01793	0.01102	0.07490	0.01690	0.01903	0.02531	0.10489	0.19439	0.19317	0.05352	0.01166	0.00315	0.00666	0.06126	0.00709	0.11371

[dist]
# distance from previous block
# <min> <max>
0	1

[block]
# block no. 3 follows, 20 sequences, length 20
# corresponding to MSA columns:
# 384,386-404
name=unknown_D
#
# <colnr> <probs for GDERKNQSTAVLIFYWHMCP>
#	G	D	E	R	K	N	Q	S	T	A	V	L	I	F	Y	W	H	M	C	P
0	0.01772	0.01009	0.01313	0.01170	0.01463	0.00914	0.00890	0.02133	0.02376	0.15749	0.44729	0.05837	0.09435	0.05867	0.01210	0.00310	0.00507	0.01429	0.00950	0.00935
1	0.02499	0.01876	0.02050	0.01739	0.02267	0.02082	0.01380	0.18668	0.35794	0.09059	0.09955	0.03304	0.02951	0.01208	0.00899	0.00283	0.00732	0.00993	0.00908	0.01352
2	0.02520	0.51111	0.03981	0.01618	0.02336	0.03205	0.01518	0.14648	0.06727	0.02872	0.01565	0.01678	0.01308	0.00840	0.00648	0.00210	0.00920	0.00570	0.00513	0.01213
3	0.01628	0.05798	0.01687	0.01495	0.04462	0.01464	0.01057	0.02563	0.20455	0.02952	0.21105	0.07684	0.06640	0.15297	0.01645	0.00395	0.00654	0.01273	0.00775	0.00971
4	0.03009	0.02262	0.02453	0.01861	0.02575	0.02391	0.01531	0.49024	0.03635	0.04957	0.01984	0.02036	0.01444	0.00965	0.00826	0.00235	0.00896	0.00731	0.00800	0.16385
5	0.02116	0.01732	0.01973	0.01438	0.02197	0.01477	0.01161	0.14167	0.02275	0.03383	0.01661	0.01867	0.01331	0.00728	0.00692	0.00156	0.00710	0.00571	0.00589	0.59776
6	0.01184	0.00877	0.01023	0.01000	0.01165	0.00817	0.00693	0.01400	0.01883	0.02495	0.24223	0.06675	0.23166	0.23889	0.05358	0.00521	0.00656	0.01526	0.00751	0.00700
7	0.01057	0.00877	0.00925	0.00929	0.01198	0.00745	0.00691	0.01296	0.02025	0.02483	0.15007	0.11933	0.53447	0.02192	0.01036	0.00296	0.00442	0.01850	0.00828	0.00745
8	0.01079	0.00876	0.00897	0.00897	0.01132	0.00759	0.00635	0.01255	0.01842	0.02221	0.07597	0.07848	0.51257	0.15877	0.01725	0.00407	0.00524	0.01724	0.00753	0.00694
9	0.02332	0.69869	0.04571	0.01493	0.02239	0.03451	0.01493	0.02612	0.01772	0.02052	0.01213	0.01399	0.01119	0.00746	0.00560	0.00187	0.00933	0.00466	0.00373	0.01119
10	0.01805	0.03943	0.50269	0.02604	0.03690	0.02125	0.09907	0.02687	0.01807	0.02687	0.01539	0.01910	0.01136	0.00901	0.01097	0.00291	0.09284	0.00705	0.00379	0.01236
11	0.01788	0.08839	0.60836	0.02420	0.03674	0.02120	0.03108	0.02752	0.01837	0.02715	0.01542	0.01812	0.01106	0.00823	0.00811	0.00270	0.01266	0.00633	0.00369	0.01278
12	0.17869	0.03078	0.02276	0.04405	0.02602	0.33535	0.01564	0.16442	0.02576	0.03274	0.01493	0.01702	0.01172	0.00937	0.00837	0.00251	0.03713	0.00611	0.00560	0.01103
13	0.47841	0.01636	0.01478	0.01321	0.01829	0.01840	0.01058	0.03056	0.13987	0.09851	0.02181	0.06932	0.01774	0.01055	0.00687	0.00281	0.00672	0.00766	0.00685	0.01070
14	0.01048	0.00859	0.00924	0.00962	0.01202	0.00735	0.00701	0.01265	0.01948	0.02389	0.10823	0.20591	0.48943	0.02294	0.01048	0.00306	0.00453	0.01957	0.00818	0.00735
15	0.01180	0.00889	0.01090	0.01040	0.01269	0.00800	0.00780	0.01540	0.02339	0.03190	0.48698	0.07023	0.23168	0.01898	0.01029	0.00280	0.00420	0.01649	0.00920	0.00800
16	0.01246	0.00935	0.01402	0.01402	0.01558	0.01090	0.01090	0.01558	0.01402	0.02025	0.02336	0.03427	0.02181	0.06542	0.65888	0.01402	0.02336	0.00935	0.00467	0.00779
17	0.03304	0.02792	0.02588	0.02056	0.02703	0.15559	0.01664	0.49286	0.03770	0.04813	0.01942	0.01988	0.01410	0.01017	0.00855	0.00254	0.01085	0.00740	0.00786	0.01387
18	0.01809	0.01550	0.01809	0.01292	0.02067	0.01163	0.01034	0.02196	0.01809	0.02842	0.01550	0.01809	0.01292	0.00646	0.00646	0.00129	0.00646	0.00517	0.00517	0.74677
19	0.13522	0.01865	0.02032	0.01668	0.02247	0.02003	0.01346	0.23206	0.15015	0.18496	0.02785	0.07480	0.02128	0.01176	0.00847	0.00279	0.00778	0.00931	0.00871	0.01326

[dist]
# distance from previous block
# <min> <max>
0	1

[block]
# block no. 4 follows, 20 sequences, length 33
# corresponding to MSA columns:
# 406-438
name=unknown_E
#
# <colnr> <probs for GDERKNQSTAVLIFYWHMCP>
#	G	D	E	R	K	N	Q	S	T	A	V	L	I	F	Y	W	H	M	C	P
0	0.01634	0.01143	0.01383	0.01380	0.01595	0.01168	0.01035	0.13324	0.02220	0.03026	0.06814	0.34780	0.04427	0.04640	0.01242	0.03002	0.00647	0.09532	0.06136	0.00871
1	0.02033	0.01944	0.03314	0.20552	0.49687	0.02039	0.02615	0.02567	0.01927	0.02697	0.01619	0.02200	0.01328	0.00801	0.00866	0.00267	0.01067	0.00777	0.00421	0.01280
2	0.01647	0.01550	0.02616	0.67248	0.06008	0.01938	0.02422	0.02229	0.01744	0.02229	0.01550	0.02326	0.01163	0.00872	0.00872	0.00291	0.01163	0.00775	0.00388	0.00969
3	0.03421	0.02099	0.02384	0.01847	0.02522	0.02217	0.01519	0.38996	0.07827	0.23981	0.02625	0.02455	0.01782	0.01067	0.00875	0.00267	0.00872	0.00829	0.00939	0.01476
4	0.02262	0.52371	0.17161	0.01745	0.02589	0.06676	0.01868	0.02693	0.01827	0.02207	0.01295	0.01502	0.01117	0.00772	0.00629	0.00208	0.01044	0.00509	0.00376	0.01149
5	0.02055	0.01384	0.01768	0.01573	0.01929	0.01531	0.01252	0.13810	0.07810	0.10269	0.02535	0.03095	0.02087	0.04312	0.39308	0.00940	0.01722	0.00903	0.00659	0.01057
6	0.01406	0.01004	0.01406	0.01606	0.01807	0.01004	0.01406	0.01807	0.02008	0.02610	0.04618	0.09839	0.05020	0.02410	0.01205	0.00402	0.00803	0.58032	0.00803	0.00803
7	0.03914	0.01484	0.02024	0.01552	0.02227	0.01282	0.01282	0.04251	0.02497	0.64507	0.03441	0.02969	0.02159	0.01080	0.00877	0.00270	0.00742	0.00877	0.01080	0.01484
8	0.02007	0.02556	0.12715	0.06138	0.11626	0.02176	0.41096	0.02723	0.01976	0.02744	0.01687	0.02240	0.01287	0.00793	0.01058	0.00291	0.04336	0.00926	0.00426	0.01198
9	0.01647	0.01550	0.02616	0.67248	0.06008	0.01938	0.02422	0.02229	0.01744	0.02229	0.01550	0.02326	0.01163	0.00872	0.00872	0.00291	0.01163	0.00775	0.00388	0.00969
10	0.01063	0.00759	0.01012	0.01215	0.01265	0.00709	0.00810	0.01215	0.01670	0.02227	0.04808	0.68775	0.05769	0.02733	0.01113	0.00354	0.00506	0.02480	0.00810	0.00709
11	0.02029	0.05320	0.03445	0.21069	0.42449	0.02114	0.05902	0.02565	0.01917	0.02646	0.01603	0.02175	0.01309	0.00798	0.00860	0.00266	0.01089	0.00776	0.00418	0.01250
12	0.02218	0.32193	0.25214	0.02034	0.02917	0.02636	0.05715	0.02779	0.01845	0.07721	0.01556	0.01783	0.01218	0.00860	0.00877	0.00246	0.05929	0.00620	0.00437	0.01201
13	0.01406	0.01004	0.01406	0.01606	0.01807	0.01004	0.01406	0.01807	0.02008	0.02610	0.04618	0.09839	0.05020	0.02410	0.01205	0.00402	0.00803	0.58032	0.00803	0.00803
14	0.02057	0.01969	0.03357	0.17660	0.52392	0.02046	0.02626	0.02588	0.01938	0.02726	0.01623	0.02192	0.01338	0.00796	0.00865	0.00265	0.01061	0.00777	0.00423	0.01300
15	0.02378	0.22777	0.28310	0.02144	0.03109	0.02316	0.08696	0.03014	0.01974	0.14662	0.01852	0.01990	0.01340	0.00843	0.00782	0.00251	0.01098	0.00681	0.00517	0.01265
16	0.06315	0.02280	0.03603	0.04362	0.40561	0.06720	0.13988	0.06305	0.02137	0.03007	0.01649	0.02111	0.01334	0.00796	0.00874	0.00264	0.01137	0.00796	0.00468	0.01296
17	0.01663	0.01590	0.02698	0.52077	0.05233	0.01947	0.06463	0.02190	0.01723	0.02257	0.01742	0.06672	0.01477	0.01048	0.01091	0.00304	0.07537	0.00905	0.00419	0.00965
18	0.01779	0.04336	0.60415	0.02693	0.08102	0.02029	0.03184	0.02756	0.01852	0.02769	0.01571	0.01864	0.01125	0.00825	0.00831	0.00275	0.01271	0.00654	0.00373	0.01296
19	0.03018	0.11267	0.02727	0.02167	0.02604	0.52454	0.01687	0.03245	0.02278	0.02122	0.01313	0.01588	0.01125	0.00946	0.00972	0.00236	0.08229	0.00572	0.00434	0.01018
20	0.01054	0.00792	0.00978	0.01127	0.01242	0.00716	0.00771	0.01224	0.01754	0.02261	0.05877	0.52755	0.21100	0.02594	0.01091	0.00338	0.00489	0.02310	0.00810	0.00716
21	0.03316	0.02443	0.02618	0.02007	0.02705	0.02705	0.01658	0.60995	0.04101	0.05497	0.02094	0.02094	0.01483	0.01047	0.00873	0.00262	0.00960	0.00785	0.00873	0.01483
22	0.01760	0.01498	0.01756	0.01287	0.02014	0.01133	0.01019	0.02132	0.01800	0.02802	0.01765	0.06228	0.01587	0.00784	0.00677	0.00144	0.00637	0.00646	0.00536	0.69796
23	0.02170	0.01874	0.01972	0.01775	0.02268	0.02170	0.01381	0.04635	0.62327	0.03649	0.03550	0.03254	0.02663	0.01183	0.00888	0.00296	0.00690	0.00986	0.00888	0.01381
24	0.03480	0.10361	0.02326	0.01537	0.02188	0.01610	0.01297	0.07055	0.02491	0.48642	0.07437	0.02974	0.02427	0.01086	0.00847	0.00259	0.00755	0.00870	0.00968	0.01389
25	0.03316	0.02443	0.02618	0.02007	0.02705	0.02705	0.01658	0.60995	0.04101	0.05497	0.02094	0.02094	0.01483	0.01047	0.00873	0.00262	0.00960	0.00785	0.00873	0.01483
26	0.02041	0.02477	0.08586	0.03608	0.04514	0.02196	0.57421	0.02792	0.02046	0.02792	0.01753	0.02323	0.01311	0.00741	0.01018	0.00293	0.01460	0.01007	0.00437	0.01183
27	0.01433	0.01091	0.01471	0.01674	0.05108	0.01085	0.01312	0.01960	0.06051	0.02792	0.13255	0.08355	0.11296	0.02128	0.01122	0.00357	0.00714	0.37114	0.00812	0.00869
28	0.07075	0.01719	0.02168	0.01776	0.02272	0.06136	0.10033	0.09183	0.06058	0.12651	0.13687	0.07249	0.11457	0.01397	0.00940	0.00284	0.00822	0.03215	0.00789	0.01089
29	0.05127	0.22811	0.28425	0.02219	0.07314	0.02458	0.02253	0.07135	0.05703	0.06349	0.01719	0.01887	0.01305	0.00852	0.00751	0.00248	0.01051	0.00640	0.00490	0.01263
30	0.02954	0.02186	0.02342	0.01825	0.02467	0.02375	0.01494	0.48351	0.06382	0.04958	0.02543	0.02543	0.04977	0.01092	0.00854	0.00254	0.00869	0.00839	0.05079	0.05616
31	0.09681	0.01711	0.07785	0.05330	0.02325	0.01482	0.07507	0.07443	0.02038	0.06180	0.02187	0.02508	0.01664	0.00904	0.00722	0.00232	0.00763	0.00750	0.29695	0.09093
32	0.08059	0.02021	0.02172	0.01760	0.02322	0.02196	0.01414	0.42620	0.03340	0.04632	0.02542	0.15146	0.02279	0.01345	0.00887	0.00275	0.00837	0.01085	0.00822	0.04246

[dist]
# distance from previous block
# <min> <max>
5	11

[block]
# block no. 5 follows, 20 sequences, length 11
# corresponding to MSA columns:
# 450-460
name=unknown_F
#
# <colnr> <probs for GDERKNQSTAVLIFYWHMCP>
#	G	D	E	R	K	N	Q	S	T	A	V	L	I	F	Y	W	H	M	C	P
0	0.45311	0.01683	0.05511	0.01217	0.01773	0.01606	0.01061	0.02283	0.01705	0.03477	0.08296	0.02838	0.09300	0.01056	0.00679	0.00257	0.00658	0.00763	0.00600	0.09927
1	0.10007	0.02839	0.14940	0.02124	0.05331	0.11151	0.01895	0.23626	0.02789	0.11287	0.02042	0.02322	0.01523	0.01006	0.00832	0.00267	0.01056	0.02988	0.00682	0.01293
2	0.02487	0.01963	0.02110	0.01799	0.02319	0.02204	0.01421	0.26443	0.32017	0.04205	0.03129	0.10739	0.02574	0.01317	0.00909	0.00289	0.00774	0.01088	0.00872	0.01340
3	0.01853	0.01590	0.01829	0.01351	0.02092	0.01286	0.01076	0.02494	0.09193	0.02941	0.01794	0.01985	0.01459	0.00712	0.00675	0.00150	0.00651	0.00574	0.00562	0.65734
4	0.02542	0.01810	0.01965	0.01677	0.02197	0.02002	0.01330	0.15370	0.36229	0.11390	0.03165	0.02991	0.02317	0.01124	0.00850	0.00275	0.00715	0.00912	0.09793	0.01345
5	0.09910	0.08906	0.01818	0.04539	0.01844	0.01625	0.01124	0.02172	0.09121	0.02774	0.15723	0.13899	0.05775	0.08897	0.01459	0.00353	0.07225	0.01253	0.00679	0.00905
6	0.02126	0.08236	0.02004	0.01524	0.01901	0.01835	0.01176	0.23414	0.06856	0.03408	0.03003	0.21731	0.03057	0.13864	0.01557	0.00389	0.00788	0.01338	0.00745	0.01047
7	0.01967	0.01743	0.04815	0.06942	0.19530	0.01768	0.01666	0.12265	0.02024	0.02790	0.02079	0.03422	0.02009	0.25899	0.02313	0.00485	0.05770	0.00951	0.00535	0.01026
8	0.01560	0.01119	0.01426	0.01565	0.06161	0.01137	0.01009	0.08645	0.01839	0.02465	0.03241	0.22395	0.03601	0.26321	0.02435	0.05858	0.00771	0.07024	0.00656	0.00775
9	0.02052	0.02218	0.03720	0.03013	0.08019	0.09081	0.33806	0.02664	0.04151	0.02653	0.02298	0.03303	0.03840	0.05518	0.01207	0.00321	0.01251	0.05729	0.00509	0.04645
10	0.01894	0.02031	0.10007	0.02038	0.02608	0.04241	0.13451	0.10711	0.02122	0.02926	0.02429	0.13850	0.02296	0.04428	0.10827	0.00462	0.01204	0.01113	0.03112	0.08249

[dist]
# distance from previous block
# <min> <max>
32	63

[block]
# block no. 6 follows, 20 sequences, length 6
# corresponding to MSA columns:
# 536-541
name=unknown_G
#
# <colnr> <probs for GDERKNQSTAVLIFYWHMCP>
#	G	D	E	R	K	N	Q	S	T	A	V	L	I	F	Y	W	H	M	C	P
0	0.02760	0.06039	0.02409	0.02169	0.11107	0.05067	0.01527	0.09460	0.11660	0.21191	0.02503	0.02518	0.01829	0.01309	0.04930	0.00318	0.00942	0.00786	0.00749	0.10727
1	0.11658	0.05615	0.01418	0.01102	0.01443	0.01313	0.00861	0.05989	0.01977	0.10246	0.07293	0.03364	0.02531	0.10022	0.01181	0.00312	0.00608	0.00871	0.31263	0.00933
2	0.01593	0.01625	0.06599	0.01399	0.01919	0.04800	0.01195	0.01981	0.01963	0.02728	0.11127	0.11721	0.10197	0.01441	0.00880	0.00241	0.00700	0.07642	0.00658	0.29591
3	0.07939	0.16551	0.12357	0.08727	0.02649	0.04792	0.01649	0.02718	0.12081	0.02848	0.11536	0.03199	0.07325	0.01127	0.00806	0.00260	0.00864	0.00893	0.00599	0.01081
4	0.01559	0.01141	0.01440	0.01564	0.06417	0.01156	0.01012	0.08484	0.01936	0.02615	0.09512	0.15977	0.04002	0.30022	0.02454	0.00538	0.00768	0.07918	0.00684	0.00802
5	0.02640	0.12853	0.10160	0.01988	0.05335	0.09475	0.01713	0.14777	0.04843	0.11081	0.02031	0.02177	0.01530	0.00989	0.00936	0.00253	0.06212	0.00715	0.09067	0.01223

[dist]
# distance from previous block
# <min> <max>
117	346

[block]
# block no. 7 follows, 20 sequences, length 6
# corresponding to MSA columns:
# 926-931
name=unknown_H
#
# <colnr> <probs for GDERKNQSTAVLIFYWHMCP>
#	G	D	E	R	K	N	Q	S	T	A	V	L	I	F	Y	W	H	M	C	P
0	0.03269	0.01967	0.02266	0.01767	0.02434	0.02027	0.01446	0.29283	0.11437	0.25890	0.02735	0.02545	0.01872	0.01051	0.00861	0.00261	0.00825	0.00828	0.00924	0.06314
1	0.06582	0.00975	0.01136	0.01184	0.01386	0.00944	0.00864	0.04649	0.02003	0.02784	0.15169	0.35026	0.17154	0.02223	0.01032	0.00320	0.00527	0.04424	0.00819	0.00797
2	0.09578	0.01506	0.01517	0.01341	0.01743	0.08399	0.01032	0.02450	0.02176	0.15780	0.20192	0.12261	0.09216	0.01494	0.00898	0.00266	0.00673	0.01248	0.00814	0.07415
3	0.02189	0.01747	0.02686	0.10996	0.08238	0.01866	0.12227	0.09340	0.09164	0.09259	0.02477	0.08477	0.02098	0.05131	0.01261	0.00324	0.05764	0.01036	0.04576	0.01142
4	0.02811	0.11641	0.02639	0.01797	0.02427	0.08877	0.01490	0.35400	0.03235	0.04230	0.08793	0.02422	0.02144	0.01040	0.00819	0.00238	0.00930	0.00786	0.00741	0.07541
5	0.04149	0.07978	0.01546	0.01213	0.01451	0.01215	0.00915	0.01965	0.01704	0.10051	0.05240	0.12072	0.03318	0.25172	0.05902	0.00545	0.00831	0.07629	0.06284	0.00820

[dist]
# distance from previous block
# <min> <max>
4	9

[block]
# block no. 8 follows, 20 sequences, length 6
# corresponding to MSA columns:
# 941-946
name=unknown_I
#
# <colnr> <probs for GDERKNQSTAVLIFYWHMCP>
#	G	D	E	R	K	N	Q	S	T	A	V	L	I	F	Y	W	H	M	C	P
0	0.02484	0.05505	0.02001	0.01743	0.06502	0.01459	0.01266	0.06141	0.08101	0.23998	0.09114	0.17337	0.03372	0.01447	0.00910	0.00277	0.00693	0.01245	0.00856	0.05550
1	0.08898	0.13838	0.02482	0.04181	0.02372	0.02143	0.01377	0.21604	0.02530	0.03602	0.01992	0.05898	0.01744	0.01033	0.00762	0.00230	0.00825	0.03995	0.00638	0.19856
2	0.17006	0.02161	0.02027	0.03965	0.02332	0.09126	0.01367	0.30325	0.02943	0.04248	0.04449	0.02540	0.05261	0.01069	0.00789	0.00257	0.00880	0.00791	0.07280	0.01181
3	0.08120	0.06140	0.02349	0.09903	0.02774	0.06147	0.01528	0.27682	0.06169	0.07625	0.02071	0.02214	0.01528	0.00970	0.00790	0.00250	0.00907	0.00736	0.07746	0.04349
4	0.07792	0.13892	0.06747	0.01649	0.02318	0.02160	0.01452	0.07096	0.24214	0.10002	0.02443	0.02386	0.01833	0.00958	0.00764	0.00245	0.00789	0.00742	0.00703	0.11814
5	0.06669	0.30618	0.02960	0.01469	0.02093	0.05118	0.01301	0.07904	0.02195	0.12722	0.08237	0.02726	0.06328	0.01033	0.00731	0.00226	0.00817	0.00771	0.00640	0.05441

[dist]
# distance from previous block
# <min> <max>
1	3

[block]
# block no. 9 follows, 20 sequences, length 14
# corresponding to MSA columns:
# 950-963
name=unknown_J
#
# <colnr> <probs for GDERKNQSTAVLIFYWHMCP>
#	G	D	E	R	K	N	Q	S	T	A	V	L	I	F	Y	W	H	M	C	P
0	0.06569	0.42604	0.14600	0.01737	0.02535	0.08457	0.01778	0.04991	0.01955	0.05703	0.01437	0.01602	0.01176	0.00807	0.00654	0.00218	0.01028	0.00540	0.00444	0.01163
1	0.06493	0.32430	0.12028	0.01629	0.02286	0.07304	0.01585	0.05345	0.04443	0.02606	0.01948	0.09590	0.01811	0.01057	0.00711	0.00236	0.00922	0.00796	0.05696	0.01084
2	0.01416	0.01337	0.08637	0.01288	0.01635	0.00980	0.01125	0.01881	0.02355	0.06313	0.50231	0.09051	0.06974	0.01687	0.01002	0.00279	0.00535	0.01482	0.00889	0.00904
3	0.01266	0.00856	0.01004	0.01004	0.01022	0.00874	0.00594	0.01302	0.01284	0.01730	0.02700	0.05442	0.03056	0.62007	0.11619	0.00911	0.01020	0.01229	0.00521	0.00558
4	0.01802	0.10350	0.59443	0.02397	0.03638	0.02153	0.03068	0.02749	0.01835	0.02699	0.01534	0.01802	0.01106	0.00821	0.00805	0.00268	0.01257	0.00629	0.00369	0.01274
5	0.02332	0.69869	0.04571	0.01493	0.02239	0.03451	0.01493	0.02612	0.01772	0.02052	0.01213	0.01399	0.01119	0.00746	0.00560	0.00187	0.00933	0.00466	0.00373	0.01119
6	0.01251	0.00915	0.01300	0.01300	0.01421	0.01035	0.00964	0.01492	0.01372	0.01950	0.02429	0.03941	0.02404	0.20697	0.52038	0.01277	0.02000	0.01010	0.00481	0.00722
7	0.01268	0.00846	0.00951	0.00951	0.00951	0.00846	0.00529	0.01268	0.01268	0.01691	0.02748	0.05708	0.03171	0.69345	0.04440	0.00846	0.00846	0.01268	0.00529	0.00529
8	0.02858	0.02086	0.02290	0.01829	0.02401	0.02304	0.01489	0.47569	0.03529	0.04789	0.02316	0.06082	0.01847	0.01783	0.08468	0.00397	0.01066	0.00900	0.04677	0.01322
9	0.02254	0.01798	0.02061	0.04231	0.02392	0.01676	0.01283	0.21498	0.02553	0.03655	0.01922	0.05889	0.01615	0.00911	0.00758	0.00193	0.00762	0.00732	0.00646	0.43173
10	0.03737	0.01532	0.02011	0.01552	0.02203	0.01382	0.01279	0.09118	0.02601	0.55998	0.03291	0.02907	0.02104	0.01073	0.00862	0.00266	0.00743	0.00866	0.05027	0.01448
