[name]
unknown

[dist]
# distance from previous block
# <min> <max>
0	39

[block]
# block no. 0 follows, 24 sequences, length 8
# corresponding to MSA columns:
# 41-48
name=unknown_A
#
# <colnr> <probs for GDERKNQSTAVLIFYWHMCP>
#	G	D	E	R	K	N	Q	S	T	A	V	L	I	F	Y	W	H	M	C	P
0	0.01596	0.00938	0.01170	0.01070	0.01339	0.00858	0.00803	0.01949	0.04589	0.15623	0.29778	0.11816	0.16336	0.07141	0.01153	0.00300	0.00489	0.01387	0.00823	0.00843
1	0.01934	0.01312	0.01557	0.01357	0.01645	0.01375	0.01024	0.25326	0.02191	0.02952	0.02177	0.15969	0.02126	0.01898	0.01670	0.28318	0.00708	0.00999	0.00600	0.04863
2	0.06145	0.01916	0.06815	0.09176	0.34877	0.01982	0.02102	0.02467	0.07869	0.02527	0.01538	0.01971	0.01271	0.00890	0.01131	0.00265	0.14816	0.00699	0.00422	0.01119
3	0.14788	0.01929	0.14891	0.01519	0.02197	0.01433	0.01458	0.03282	0.06005	0.37996	0.04894	0.02409	0.01835	0.00927	0.00746	0.00248	0.00750	0.00727	0.00759	0.01207
4	0.04767	0.01866	0.14746	0.01479	0.02017	0.03542	0.01388	0.06463	0.07796	0.16684	0.20761	0.07114	0.05570	0.01222	0.00830	0.00253	0.00699	0.01022	0.00737	0.01044
5	0.06671	0.01604	0.01797	0.01467	0.02026	0.01639	0.01174	0.09584	0.28314	0.18416	0.02590	0.02436	0.01870	0.00925	0.00742	0.00229	0.00654	0.00744	0.00761	0.16356
6	0.02312	0.02008	0.08989	0.03740	0.44092	0.01773	0.02169	0.06667	0.02008	0.15719	0.01838	0.02079	0.01379	0.00781	0.00785	0.00239	0.00906	0.00714	0.00530	0.01273
7	0.02170	0.01478	0.01616	0.01417	0.01847	0.01621	0.01112	0.06344	0.40245	0.13468	0.03026	0.02871	0.02224	0.01025	0.00754	0.00247	0.00594	0.00842	0.15927	0.01171

[dist]
# distance from previous block
# <min> <max>
0	5

[block]
# block no. 1 follows, 24 sequences, length 53
# corresponding to MSA columns:
# 54-106
name=unknown_B
#
# <colnr> <probs for GDERKNQSTAVLIFYWHMCP>
#	G	D	E	R	K	N	Q	S	T	A	V	L	I	F	Y	W	H	M	C	P
0	0.06828	0.27637	0.02674	0.03482	0.02102	0.01986	0.01254	0.05692	0.02018	0.33500	0.04007	0.02139	0.01661	0.00868	0.00678	0.00218	0.00747	0.00652	0.00688	0.01169
1	0.02632	0.01597	0.04605	0.01521	0.02066	0.01510	0.01269	0.07306	0.23767	0.31514	0.03044	0.05795	0.02250	0.01098	0.00811	0.00256	0.00682	0.03270	0.00844	0.04165
2	0.01841	0.02293	0.13397	0.07799	0.27179	0.01922	0.28804	0.02466	0.01801	0.02523	0.01524	0.02004	0.01184	0.00703	0.00845	0.00253	0.01151	0.00786	0.00385	0.01142
3	0.01618	0.07620	0.64743	0.02214	0.03360	0.01908	0.02849	0.02504	0.01671	0.02478	0.01407	0.01654	0.01005	0.00750	0.00741	0.00247	0.01155	0.00578	0.00335	0.01164
4	0.01122	0.00811	0.01060	0.00998	0.01185	0.00748	0.00748	0.01496	0.02245	0.03180	0.66766	0.05923	0.07482	0.01621	0.00935	0.00249	0.00374	0.01434	0.00873	0.00748
5	0.02264	0.01586	0.01767	0.01541	0.02011	0.01743	0.01212	0.04008	0.49334	0.16830	0.06304	0.03049	0.02571	0.01083	0.00811	0.00263	0.00625	0.00902	0.00847	0.01250
6	0.00966	0.00690	0.00920	0.01104	0.01150	0.00644	0.00736	0.01104	0.01518	0.02024	0.04371	0.71614	0.05245	0.02484	0.01012	0.00322	0.00460	0.02254	0.00736	0.00644
7	0.01963	0.01884	0.03219	0.04867	0.67185	0.01884	0.02434	0.02434	0.01806	0.02591	0.01492	0.01963	0.01256	0.00707	0.00785	0.00236	0.00942	0.00707	0.00393	0.01256
8	0.01112	0.00810	0.01046	0.00987	0.01179	0.00744	0.00740	0.01477	0.02221	0.03124	0.63592	0.06016	0.10692	0.01642	0.00935	0.00250	0.00376	0.01447	0.00866	0.00744
9	0.01679	0.01656	0.02364	0.09077	0.02397	0.02286	0.01745	0.01895	0.01256	0.01917	0.01135	0.01845	0.01091	0.01561	0.05825	0.00386	0.59971	0.00703	0.00352	0.00861
10	0.00975	0.00697	0.00928	0.01098	0.01152	0.00650	0.00737	0.01127	0.01560	0.02091	0.07993	0.67800	0.05375	0.02434	0.01008	0.00318	0.00455	0.02207	0.00744	0.00650
11	0.03014	0.02221	0.02380	0.01825	0.02459	0.02459	0.01507	0.64541	0.03728	0.04998	0.01904	0.01904	0.01349	0.00952	0.00793	0.00238	0.00873	0.00714	0.00793	0.01349
12	0.02120	0.72609	0.04155	0.01357	0.02035	0.03138	0.01357	0.02374	0.01611	0.01866	0.01102	0.01272	0.01018	0.00678	0.00509	0.00170	0.00848	0.00424	0.00339	0.01018
13	0.03481	0.01473	0.01917	0.01469	0.02086	0.01348	0.01214	0.12440	0.02476	0.58868	0.02955	0.02587	0.01876	0.00977	0.00797	0.00244	0.00703	0.00786	0.00955	0.01349
14	0.10637	0.02184	0.02223	0.01743	0.02345	0.04825	0.01430	0.53086	0.06305	0.04659	0.01858	0.01872	0.01336	0.00931	0.00760	0.00239	0.00855	0.00686	0.00749	0.01278
15	0.01972	0.01703	0.01793	0.01614	0.02062	0.01972	0.01255	0.04214	0.65752	0.03317	0.03228	0.02959	0.02421	0.01076	0.00807	0.00269	0.00628	0.00897	0.00807	0.01255
16	0.01749	0.01776	0.02659	0.02211	0.02293	0.02386	0.08138	0.01973	0.01282	0.01973	0.01099	0.01776	0.01058	0.01314	0.02432	0.00339	0.63584	0.00719	0.00353	0.00888
17	0.01872	0.02139	0.04679	0.03342	0.04144	0.02005	0.64305	0.02540	0.01872	0.02540	0.01604	0.02139	0.01203	0.00668	0.00936	0.00267	0.01337	0.00936	0.00401	0.01070
18	0.01644	0.01409	0.01644	0.01175	0.01879	0.01057	0.00940	0.01997	0.01644	0.02584	0.01409	0.01644	0.01175	0.00587	0.00587	0.00117	0.00587	0.00470	0.00470	0.76979
19	0.00979	0.00715	0.00925	0.01087	0.01166	0.00661	0.00748	0.01136	0.01568	0.02056	0.04797	0.60797	0.12527	0.02413	0.01008	0.00318	0.00467	0.05246	0.00736	0.00652
20	0.22322	0.01626	0.04371	0.01354	0.01814	0.01647	0.01112	0.19872	0.06044	0.05954	0.04658	0.10511	0.03925	0.07246	0.01018	0.00295	0.00694	0.00907	0.00656	0.03975
21	0.64150	0.05179	0.01430	0.03997	0.01767	0.01795	0.00968	0.02454	0.01453	0.09013	0.01294	0.01445	0.00972	0.00757	0.00531	0.00242	0.00650	0.00473	0.00520	0.00911
22	0.05459	0.01170	0.01546	0.01255	0.01716	0.01044	0.01010	0.02990	0.02227	0.43062	0.25036	0.03761	0.03829	0.01193	0.00834	0.00247	0.00569	0.01004	0.00926	0.01124
23	0.02377	0.01762	0.01915	0.01630	0.02136	0.01968	0.01294	0.16136	0.45516	0.11701	0.02953	0.02717	0.02151	0.01039	0.00803	0.00260	0.00682	0.00848	0.00826	0.01285
24	0.01046	0.00808	0.00954	0.00917	0.01138	0.00716	0.00688	0.01348	0.02064	0.02752	0.42520	0.06629	0.31995	0.01781	0.00936	0.00257	0.00385	0.01533	0.00817	0.00716
25	0.01738	0.03021	0.33545	0.02799	0.03740	0.01947	0.33851	0.02503	0.01756	0.02503	0.01500	0.01911	0.01106	0.00735	0.00916	0.00263	0.03922	0.00767	0.00369	0.01109
26	0.00974	0.00734	0.00901	0.01008	0.01131	0.00662	0.00699	0.01153	0.01673	0.02174	0.11671	0.46842	0.22979	0.02262	0.00983	0.00299	0.00435	0.02007	0.00750	0.00662
27	0.01153	0.00769	0.00865	0.00865	0.00865	0.00769	0.00480	0.01153	0.01153	0.01538	0.02499	0.05189	0.02883	0.72131	0.04036	0.00769	0.00769	0.01153	0.00480	0.00480
28	0.03178	0.01475	0.01859	0.01478	0.02056	0.01414	0.01204	0.07221	0.16381	0.50105	0.03084	0.02713	0.02031	0.01001	0.00799	0.00250	0.00675	0.00815	0.00933	0.01329
29	0.02962	0.03779	0.02247	0.02043	0.02451	0.68948	0.01532	0.03166	0.02247	0.01941	0.01226	0.01430	0.01021	0.00817	0.00715	0.00204	0.01430	0.00511	0.00409	0.00919
30	0.01811	0.01889	0.02732	0.04747	0.02514	0.05893	0.10504	0.02068	0.01375	0.02003	0.01143	0.01789	0.01063	0.01235	0.02202	0.00325	0.54730	0.00718	0.00358	0.00899
31	0.02029	0.01731	0.01825	0.01625	0.02084	0.01999	0.01269	0.07474	0.62400	0.03408	0.03156	0.02902	0.02363	0.01069	0.00806	0.00267	0.00641	0.00887	0.00806	0.01260
32	0.02266	0.01699	0.01903	0.01450	0.02054	0.01645	0.01165	0.29522	0.02554	0.06066	0.01878	0.04969	0.01547	0.04710	0.00891	0.00219	0.00721	0.00703	0.00644	0.33394
33	0.01101	0.00796	0.01025	0.00992	0.01158	0.00736	0.00726	0.01424	0.02093	0.02930	0.54560	0.12338	0.09432	0.05815	0.01123	0.00287	0.00407	0.01507	0.00831	0.00719
34	0.02488	0.01601	0.01813	0.01536	0.02041	0.01715	0.01221	0.08858	0.39029	0.22706	0.03293	0.02992	0.04903	0.01077	0.00808	0.00259	0.00652	0.00885	0.00855	0.01266
35	0.02149	0.01697	0.01951	0.11153	0.02566	0.01931	0.01406	0.16171	0.37355	0.06724	0.02758	0.06272	0.02137	0.01081	0.00813	0.00264	0.00731	0.00900	0.00746	0.01195
36	0.01637	0.10099	0.62432	0.02181	0.03310	0.01955	0.02792	0.02499	0.01669	0.02455	0.01395	0.01639	0.01006	0.00747	0.00732	0.00244	0.01144	0.00572	0.00335	0.01158
37	0.01829	0.01535	0.01643	0.01482	0.01885	0.01725	0.01148	0.07239	0.48144	0.03253	0.09349	0.06720	0.08088	0.01258	0.00838	0.00268	0.00594	0.01059	0.00803	0.01140
38	0.02974	0.02201	0.02357	0.01816	0.02444	0.02440	0.01498	0.62221	0.06114	0.04933	0.01955	0.01944	0.01390	0.00957	0.00794	0.00239	0.00863	0.00721	0.00794	0.01345
39	0.25094	0.01747	0.01777	0.01466	0.01977	0.01924	0.01185	0.31211	0.05525	0.08690	0.02108	0.10107	0.01759	0.01077	0.00730	0.00252	0.00720	0.00826	0.00710	0.01114
40	0.06199	0.01433	0.01826	0.01420	0.02022	0.01314	0.01164	0.06849	0.07309	0.52913	0.02889	0.02559	0.01876	0.00954	0.00773	0.00239	0.00674	0.00767	0.00908	0.05913
41	0.02099	0.69910	0.06671	0.01392	0.02090	0.03087	0.01419	0.02380	0.01614	0.01891	0.01115	0.01288	0.01017	0.00681	0.00518	0.00173	0.00861	0.00430	0.00339	0.01024
42	0.77733	0.01534	0.01166	0.01043	0.01534	0.01779	0.00859	0.02331	0.01350	0.03558	0.01104	0.01288	0.00859	0.00736	0.00491	0.00245	0.00613	0.00429	0.00491	0.00859
43	0.02962	0.03779	0.02247	0.02043	0.02451	0.68948	0.01532	0.03166	0.02247	0.01941	0.01226	0.01430	0.01021	0.00817	0.00715	0.00204	0.01430	0.00511	0.00409	0.00919
44	0.02784	0.01419	0.01691	0.01388	0.01895	0.03758	0.01113	0.03476	0.15095	0.41182	0.08717	0.03403	0.08192	0.01137	0.00820	0.00251	0.00644	0.00936	0.00894	0.01205
45	0.01372	0.00990	0.01296	0.01286	0.01400	0.01047	0.00915	0.01491	0.01376	0.01949	0.02437	0.04037	0.02452	0.27333	0.45525	0.01112	0.01704	0.01009	0.00518	0.00751
46	0.01224	0.00903	0.01088	0.01181	0.01313	0.00806	0.00812	0.01344	0.01819	0.02429	0.15061	0.46971	0.17155	0.02342	0.01067	0.00337	0.00516	0.02025	0.00822	0.00785
47	0.01794	0.01630	0.02509	0.53736	0.08548	0.01941	0.02161	0.02309	0.05588	0.02326	0.01709	0.02410	0.01362	0.01004	0.01045	0.00309	0.07340	0.00782	0.00460	0.01035
48	0.01385	0.00939	0.01034	0.01024	0.01047	0.00905	0.00589	0.01323	0.01298	0.01755	0.02676	0.05363	0.03028	0.69639	0.04006	0.00789	0.00837	0.01203	0.00554	0.00606
49	0.02044	0.01670	0.01990	0.01566	0.02099	0.01573	0.01241	0.07942	0.01896	0.05003	0.01753	0.04274	0.01529	0.01006	0.01121	0.00229	0.14481	0.00680	0.00575	0.47328
50	0.01366	0.01012	0.01407	0.01397	0.01549	0.01107	0.01053	0.01562	0.01409	0.02031	0.02335	0.03477	0.02209	0.09433	0.63092	0.01249	0.02070	0.00927	0.00503	0.00813
51	0.01795	0.01598	0.02492	0.64292	0.05319	0.01897	0.02211	0.05388	0.01825	0.02379	0.01653	0.02391	0.01284	0.00947	0.00882	0.00302	0.01105	0.00771	0.00453	0.01016
52	0.01223	0.00877	0.01104	0.01242	0.01326	0.00797	0.00836	0.01322	0.01736	0.02361	0.11889	0.61531	0.05568	0.02465	0.01084	0.00350	0.00530	0.02166	0.00816	0.00776

[dist]
# distance from previous block
# <min> <max>
0	4

[block]
# block no. 2 follows, 24 sequences, length 88
# corresponding to MSA columns:
# 111-198
name=unknown_C
#
# <colnr> <probs for GDERKNQSTAVLIFYWHMCP>
#	G	D	E	R	K	N	Q	S	T	A	V	L	I	F	Y	W	H	M	C	P
0	0.01280	0.00940	0.01151	0.01105	0.01307	0.00844	0.00809	0.01555	0.02230	0.03104	0.53601	0.10182	0.15058	0.01817	0.01009	0.00289	0.00451	0.01546	0.00895	0.00826
1	0.01278	0.00947	0.01145	0.01088	0.01303	0.00846	0.00801	0.01558	0.02249	0.03115	0.54025	0.06362	0.18523	0.01788	0.01005	0.00285	0.00447	0.01511	0.00896	0.00828
2	0.02087	0.01761	0.01860	0.01685	0.02123	0.01975	0.01290	0.04098	0.60129	0.03433	0.07139	0.03345	0.02855	0.01219	0.00887	0.00300	0.00673	0.00977	0.00861	0.01304
3	0.03675	0.01471	0.01949	0.01525	0.02139	0.01265	0.01233	0.03921	0.02355	0.65908	0.03255	0.02917	0.02109	0.01095	0.00871	0.00278	0.00734	0.00849	0.01026	0.01426
4	0.02230	0.01919	0.01952	0.01749	0.02211	0.04574	0.01344	0.07438	0.58237	0.03480	0.03205	0.03055	0.02444	0.01170	0.00876	0.00297	0.00731	0.00921	0.00841	0.01327
5	0.02003	0.01862	0.03060	0.22464	0.48717	0.01929	0.02401	0.02424	0.01845	0.02585	0.01645	0.02243	0.01370	0.00852	0.00861	0.00276	0.01024	0.00760	0.00444	0.01234
6	0.01877	0.01868	0.03342	0.24160	0.04100	0.01922	0.27995	0.02337	0.01780	0.02465	0.01631	0.02259	0.01306	0.00895	0.01087	0.00287	0.08380	0.00824	0.00451	0.11033
7	0.77733	0.01534	0.01166	0.01043	0.01534	0.01779	0.00859	0.02331	0.01350	0.03558	0.01104	0.01288	0.00859	0.00736	0.00491	0.00245	0.00613	0.00429	0.00491	0.00859
8	0.01133	0.00850	0.01274	0.01274	0.01416	0.00991	0.00991	0.01416	0.01274	0.01841	0.02124	0.03115	0.01982	0.05947	0.68989	0.01274	0.02124	0.00850	0.00425	0.00708
9	0.01122	0.00811	0.01060	0.00998	0.01185	0.00748	0.00748	0.01496	0.02245	0.03180	0.66766	0.05923	0.07482	0.01621	0.00935	0.00249	0.00374	0.01434	0.00873	0.00748
10	0.01644	0.01409	0.01644	0.01175	0.01879	0.01057	0.00940	0.01997	0.01644	0.02584	0.01409	0.01644	0.01175	0.00587	0.00587	0.00117	0.00587	0.00470	0.00470	0.76979
11	0.02962	0.03779	0.02247	0.02043	0.02451	0.68948	0.01532	0.03166	0.02247	0.01941	0.01226	0.01430	0.01021	0.00817	0.00715	0.00204	0.01430	0.00511	0.00409	0.00919
12	0.03014	0.02221	0.02380	0.01825	0.02459	0.02459	0.01507	0.64541	0.03728	0.04998	0.01904	0.01904	0.01349	0.00952	0.00793	0.00238	0.00873	0.00714	0.00793	0.01349
13	0.01944	0.01052	0.01358	0.01161	0.01503	0.00969	0.00911	0.05875	0.02323	0.22277	0.42128	0.04798	0.07601	0.01407	0.00886	0.00248	0.00493	0.01213	0.00895	0.00958
14	0.01644	0.01409	0.01644	0.01175	0.01879	0.01057	0.00940	0.01997	0.01644	0.02584	0.01409	0.01644	0.01175	0.00587	0.00587	0.00117	0.00587	0.00470	0.00470	0.76979
15	0.01377	0.00689	0.01033	0.01033	0.01033	0.00689	0.00689	0.01033	0.01033	0.01377	0.01377	0.02410	0.01377	0.02755	0.03099	0.76928	0.00689	0.00689	0.00344	0.00344
16	0.01811	0.01626	0.02211	0.29833	0.03582	0.01906	0.05058	0.05479	0.33691	0.02809	0.02345	0.02529	0.01756	0.00933	0.00808	0.00266	0.00851	0.00813	0.00598	0.01095
17	0.01657	0.01449	0.01808	0.01292	0.02002	0.01108	0.04362	0.02026	0.01657	0.02582	0.01420	0.01671	0.01176	0.00592	0.00606	0.00126	0.00628	0.00495	0.00466	0.72879
18	0.02765	0.02193	0.06032	0.01768	0.02381	0.05226	0.01499	0.38218	0.16767	0.11426	0.02268	0.02186	0.01614	0.00964	0.00791	0.00245	0.00841	0.00746	0.00773	0.01298
19	0.01606	0.01520	0.02575	0.54960	0.19878	0.01790	0.02256	0.02121	0.01637	0.02158	0.01429	0.02079	0.01104	0.00773	0.00791	0.00258	0.01030	0.00705	0.00362	0.00969
20	0.01003	0.00716	0.00962	0.01146	0.01208	0.00676	0.00800	0.01167	0.01554	0.02065	0.04350	0.64249	0.05165	0.02450	0.01022	0.00327	0.00492	0.09257	0.00735	0.00654
21	0.01644	0.01409	0.01644	0.01175	0.01879	0.01057	0.00940	0.01997	0.01644	0.02584	0.01409	0.01644	0.01175	0.00587	0.00587	0.00117	0.00587	0.00470	0.00470	0.76979
22	0.01122	0.00811	0.01060	0.00998	0.01185	0.00748	0.00748	0.01496	0.02245	0.03180	0.66766	0.05923	0.07482	0.01621	0.00935	0.00249	0.00374	0.01434	0.00873	0.00748
23	0.01153	0.00769	0.00865	0.00865	0.00865	0.00769	0.00480	0.01153	0.01153	0.01538	0.02499	0.05189	0.02883	0.72131	0.04036	0.00769	0.00769	0.01153	0.00480	0.00480
24	0.03014	0.02221	0.02380	0.01825	0.02459	0.02459	0.01507	0.64541	0.03728	0.04998	0.01904	0.01904	0.01349	0.00952	0.00793	0.00238	0.00873	0.00714	0.00793	0.01349
25	0.03014	0.02221	0.02380	0.01825	0.02459	0.02459	0.01507	0.64541	0.03728	0.04998	0.01904	0.01904	0.01349	0.00952	0.00793	0.00238	0.00873	0.00714	0.00793	0.01349
26	0.00951	0.00751	0.00857	0.00943	0.01108	0.00658	0.00664	0.01122	0.01673	0.02088	0.06334	0.37308	0.38283	0.02229	0.00972	0.00293	0.00429	0.01943	0.00736	0.00658
27	0.03014	0.02221	0.02380	0.01825	0.02459	0.02459	0.01507	0.64541	0.03728	0.04998	0.01904	0.01904	0.01349	0.00952	0.00793	0.00238	0.00873	0.00714	0.00793	0.01349
28	0.00966	0.00690	0.00920	0.01104	0.01150	0.00644	0.00736	0.01104	0.01518	0.02024	0.04371	0.71614	0.05245	0.02484	0.01012	0.00322	0.00460	0.02254	0.00736	0.00644
29	0.02054	0.51329	0.16260	0.01577	0.02312	0.08235	0.01656	0.02438	0.01697	0.02040	0.03318	0.01515	0.01226	0.00735	0.00587	0.00191	0.00943	0.00495	0.00362	0.01031
30	0.00983	0.00702	0.00939	0.01123	0.01176	0.00658	0.00765	0.01133	0.01535	0.02043	0.04361	0.68272	0.05208	0.02469	0.01017	0.00324	0.00474	0.05433	0.00736	0.00649
31	0.00966	0.00690	0.00920	0.01104	0.01150	0.00644	0.00736	0.01104	0.01518	0.02024	0.04371	0.71614	0.05245	0.02484	0.01012	0.00322	0.00460	0.02254	0.00736	0.00644
32	0.01644	0.01409	0.01644	0.01175	0.01879	0.01057	0.00940	0.01997	0.01644	0.02584	0.01409	0.01644	0.01175	0.00587	0.00587	0.00117	0.00587	0.00470	0.00470	0.76979
33	0.01590	0.04102	0.68023	0.02260	0.03432	0.01842	0.02930	0.02511	0.01674	0.02511	0.01423	0.01674	0.01005	0.00753	0.00753	0.00251	0.01172	0.00586	0.00335	0.01172
34	0.01531	0.01443	0.02439	0.65547	0.09880	0.01771	0.02219	0.02055	0.01601	0.02066	0.01415	0.02103	0.01071	0.00787	0.00792	0.00262	0.01049	0.00705	0.00355	0.00908
35	0.03337	0.01401	0.01839	0.01431	0.02020	0.01273	0.01175	0.07348	0.06139	0.57722	0.05524	0.02793	0.02168	0.01010	0.00803	0.00246	0.00672	0.00823	0.00956	0.01321
36	0.03558	0.01350	0.01840	0.01411	0.02024	0.01166	0.01166	0.03865	0.02270	0.67734	0.03128	0.02699	0.01963	0.00981	0.00797	0.00245	0.00675	0.00797	0.00981	0.01350
37	0.02129	0.01768	0.01816	0.01618	0.02076	0.04812	0.01261	0.04143	0.58461	0.07869	0.03134	0.02874	0.02327	0.01058	0.00802	0.00264	0.00666	0.00873	0.00802	0.01247
38	0.00966	0.00690	0.00920	0.01104	0.01150	0.00644	0.00736	0.01104	0.01518	0.02024	0.04371	0.71614	0.05245	0.02484	0.01012	0.00322	0.00460	0.02254	0.00736	0.00644
39	0.01295	0.00944	0.01282	0.01440	0.01638	0.00951	0.01249	0.01738	0.04709	0.02406	0.04313	0.08621	0.07035	0.02133	0.01076	0.00357	0.00712	0.56617	0.00734	0.00751
40	0.01122	0.00811	0.01060	0.00998	0.01185	0.00748	0.00748	0.01496	0.02245	0.03180	0.66766	0.05923	0.07482	0.01621	0.00935	0.00249	0.00374	0.01434	0.00873	0.00748
41	0.01133	0.00850	0.01274	0.01274	0.01416	0.00991	0.00991	0.01416	0.01274	0.01841	0.02124	0.03115	0.01982	0.05947	0.68989	0.01274	0.02124	0.00850	0.00425	0.00708
42	0.01704	0.18829	0.54293	0.02066	0.03132	0.02120	0.02592	0.02482	0.01661	0.02373	0.01354	0.01588	0.01007	0.00737	0.00701	0.00234	0.01102	0.00551	0.00336	0.01139
43	0.02134	0.64807	0.07860	0.01448	0.02141	0.06615	0.01460	0.02425	0.01649	0.01908	0.01128	0.01305	0.01017	0.00690	0.00535	0.00176	0.00899	0.00438	0.00343	0.01022
44	0.01198	0.04840	0.03986	0.01102	0.01348	0.00951	0.00884	0.01619	0.04482	0.02879	0.46811	0.15313	0.08276	0.01656	0.00911	0.00257	0.00456	0.01455	0.00794	0.00781
45	0.01094	0.00809	0.01021	0.00968	0.01167	0.00736	0.00726	0.01442	0.02178	0.03021	0.57764	0.06185	0.16584	0.01680	0.00936	0.00252	0.00378	0.01471	0.00852	0.00736
46	0.01684	0.03283	0.42935	0.02526	0.03453	0.01959	0.19149	0.02444	0.01669	0.02444	0.01424	0.01806	0.01062	0.00810	0.01033	0.00267	0.09899	0.00693	0.00354	0.01107
47	0.00937	0.00803	0.00803	0.00803	0.01071	0.00669	0.00602	0.01138	0.01807	0.02142	0.08033	0.07632	0.66863	0.02008	0.00937	0.00268	0.00402	0.01674	0.00736	0.00669
48	0.01350	0.01171	0.01333	0.01403	0.06747	0.07093	0.00951	0.01708	0.02185	0.02962	0.52191	0.05276	0.09582	0.01493	0.00903	0.00245	0.00519	0.01302	0.00783	0.00802
49	0.02957	0.02187	0.02349	0.01797	0.02435	0.02400	0.01483	0.61915	0.03641	0.04896	0.01883	0.01893	0.01341	0.00937	0.00785	0.00233	0.00861	0.00704	0.00780	0.04523
50	0.65225	0.07546	0.01516	0.01134	0.01652	0.01949	0.00954	0.07474	0.01568	0.03535	0.01170	0.01338	0.00913	0.00749	0.00517	0.00238	0.00654	0.00452	0.00503	0.00913
51	0.01237	0.00888	0.01125	0.01149	0.01268	0.00915	0.00807	0.07021	0.01638	0.02227	0.07087	0.33073	0.03851	0.17576	0.15767	0.00602	0.00904	0.01540	0.00631	0.00694
52	0.01855	0.02087	0.04462	0.03187	0.03982	0.01937	0.59769	0.02501	0.01855	0.02543	0.01590	0.02104	0.01201	0.00663	0.00911	0.00257	0.01283	0.00902	0.00406	0.06503
53	0.77733	0.01534	0.01166	0.01043	0.01534	0.01779	0.00859	0.02331	0.01350	0.03558	0.01104	0.01288	0.00859	0.00736	0.00491	0.00245	0.00613	0.00429	0.00491	0.00859
54	0.01927	0.01418	0.01583	0.01382	0.01706	0.01506	0.01037	0.27341	0.06117	0.03238	0.02806	0.22945	0.02857	0.16067	0.01519	0.00370	0.00707	0.01256	0.00702	0.03517
55	0.01589	0.01489	0.02440	0.57257	0.12827	0.01792	0.02163	0.02233	0.06206	0.02188	0.01550	0.02156	0.01179	0.00802	0.00793	0.00261	0.01012	0.00719	0.00390	0.00954
56	0.20026	0.04057	0.01633	0.09251	0.02028	0.03563	0.01174	0.01985	0.01589	0.07188	0.08671	0.19040	0.02728	0.01377	0.01064	0.00279	0.11853	0.01075	0.00576	0.00843
57	0.01820	0.01991	0.04039	0.07926	0.06323	0.01972	0.47060	0.02400	0.01765	0.02441	0.01515	0.02058	0.01176	0.00750	0.01076	0.00265	0.08603	0.00857	0.00396	0.05567
58	0.01770	0.01484	0.01712	0.01234	0.01932	0.01186	0.00992	0.07733	0.01835	0.02805	0.01455	0.01668	0.01190	0.00621	0.00606	0.00129	0.00613	0.00492	0.00499	0.70043
59	0.04795	0.01353	0.01716	0.15599	0.02418	0.01506	0.01259	0.19541	0.04440	0.02748	0.01991	0.02494	0.05227	0.01648	0.01647	0.28730	0.00795	0.00756	0.00521	0.00816
60	0.01107	0.00810	0.01039	0.00982	0.01175	0.00742	0.00736	0.01467	0.02209	0.03094	0.61914	0.06065	0.12388	0.01653	0.00935	0.00251	0.00376	0.01454	0.00862	0.00742
61	0.01902	0.02021	0.03335	0.07244	0.03196	0.06177	0.27387	0.04879	0.01676	0.02307	0.01344	0.01915	0.01120	0.01000	0.01607	0.00296	0.30444	0.00784	0.00392	0.00974
62	0.01153	0.00769	0.00865	0.00865	0.00865	0.00769	0.00480	0.01153	0.01153	0.01538	0.02499	0.05189	0.02883	0.72131	0.04036	0.00769	0.00769	0.01153	0.00480	0.00480
63	0.01700	0.01897	0.06117	0.07534	0.03558	0.01696	0.41489	0.02264	0.01772	0.02450	0.01869	0.09913	0.01638	0.00875	0.00879	0.00252	0.01107	0.00990	0.00442	0.11557
64	0.01507	0.01423	0.02381	0.67365	0.05320	0.01790	0.02183	0.02021	0.01570	0.02021	0.01394	0.02098	0.01056	0.00818	0.00869	0.00268	0.03980	0.00704	0.00352	0.00880
65	0.01525	0.01427	0.02344	0.66206	0.05262	0.01774	0.02147	0.02154	0.05345	0.02102	0.01516	0.02164	0.01137	0.00809	0.00794	0.00265	0.01032	0.00716	0.00379	0.00903
66	0.03454	0.01417	0.01870	0.01444	0.02051	0.01278	0.01190	0.07435	0.05219	0.61152	0.03061	0.02664	0.01948	0.00984	0.00798	0.00246	0.00684	0.00797	0.00963	0.01345
67	0.00966	0.00690	0.00920	0.01104	0.01150	0.00644	0.00736	0.01104	0.01518	0.02024	0.04371	0.71614	0.05245	0.02484	0.01012	0.00322	0.00460	0.02254	0.00736	0.00644
68	0.02862	0.02259	0.02287	0.01810	0.02402	0.07149	0.01473	0.51531	0.12481	0.04539	0.02044	0.02021	0.01478	0.00960	0.00790	0.00240	0.00878	0.00725	0.00768	0.01304
69	0.00966	0.00690	0.00920	0.01104	0.01150	0.00644	0.00736	0.01104	0.01518	0.02024	0.04371	0.71614	0.05245	0.02484	0.01012	0.00322	0.00460	0.02254	0.00736	0.00644
70	0.01644	0.01409	0.01644	0.01175	0.01879	0.01057	0.00940	0.01997	0.01644	0.02584	0.01409	0.01644	0.01175	0.00587	0.00587	0.00117	0.00587	0.00470	0.00470	0.76979
71	0.02282	0.01617	0.01847	0.01399	0.02004	0.01522	0.01125	0.23695	0.02432	0.10811	0.04790	0.02258	0.01711	0.05070	0.00904	0.00218	0.00697	0.00676	0.00658	0.34285
72	0.02773	0.19218	0.02675	0.01889	0.02358	0.54186	0.01493	0.02989	0.02105	0.01924	0.01198	0.01395	0.01021	0.00786	0.00669	0.00197	0.01299	0.00491	0.00393	0.00941
73	0.02482	0.01661	0.01861	0.01581	0.02090	0.01809	0.01256	0.09827	0.43426	0.20179	0.03077	0.02792	0.02201	0.01040	0.00803	0.00260	0.00663	0.00854	0.00851	0.01288
74	0.02674	0.02149	0.02167	0.01754	0.02304	0.07037	0.01410	0.42000	0.20230	0.04222	0.02229	0.02253	0.01660	0.03131	0.00890	0.00260	0.00843	0.00762	0.00760	0.01266
75	0.01135	0.00843	0.01241	0.01241	0.01370	0.00973	0.00949	0.01394	0.01264	0.01816	0.02155	0.03287	0.02057	0.11415	0.63623	0.01233	0.02012	0.00875	0.00429	0.00689
76	0.03021	0.01615	0.01932	0.01546	0.02119	0.01636	0.01256	0.15704	0.19833	0.38056	0.02918	0.02616	0.01969	0.01001	0.00799	0.00250	0.00700	0.00808	0.00898	0.01324
77	0.02912	0.07883	0.02361	0.02002	0.02427	0.65025	0.01522	0.03119	0.02209	0.01936	0.01218	0.01421	0.01021	0.00809	0.00703	0.00202	0.01395	0.00506	0.00404	0.00925
78	0.00966	0.00690	0.00920	0.01104	0.01150	0.00644	0.00736	0.01104	0.01518	0.02024	0.04371	0.71614	0.05245	0.02484	0.01012	0.00322	0.00460	0.02254	0.00736	0.00644
79	0.01972	0.01703	0.01793	0.01614	0.02062	0.01972	0.01255	0.04214	0.65752	0.03317	0.03228	0.02959	0.02421	0.01076	0.00807	0.00269	0.00628	0.00897	0.00807	0.01255
80	0.03533	0.01390	0.01865	0.01430	0.02044	0.01225	0.01181	0.06651	0.02337	0.64853	0.03072	0.02663	0.01935	0.00980	0.00797	0.00245	0.00684	0.00794	0.00973	0.01349
81	0.01081	0.00815	0.01174	0.01200	0.01288	0.00775	0.05218	0.01220	0.01445	0.01930	0.03669	0.48772	0.04320	0.21090	0.01820	0.00438	0.00606	0.01864	0.00643	0.00631
82	0.00973	0.00693	0.00918	0.01095	0.01139	0.00649	0.00726	0.01106	0.01504	0.02006	0.04299	0.69066	0.05154	0.05156	0.01128	0.00339	0.00472	0.02212	0.00726	0.00638
83	0.01972	0.01703	0.01793	0.01614	0.02062	0.01972	0.01255	0.04214	0.65752	0.03317	0.03228	0.02959	0.02421	0.01076	0.00807	0.00269	0.00628	0.00897	0.00807	0.01255
84	0.01271	0.00846	0.01114	0.01039	0.01251	0.00779	0.00793	0.01641	0.02230	0.06931	0.60655	0.05850	0.07048	0.01605	0.00933	0.00254	0.00405	0.03698	0.00874	0.00783
85	0.03291	0.01536	0.01926	0.01503	0.02102	0.01473	0.01233	0.14170	0.09503	0.50029	0.02932	0.02593	0.01909	0.00987	0.00798	0.00247	0.00703	0.00794	0.00930	0.01339
86	0.02589	0.09463	0.02446	0.01763	0.02242	0.07981	0.01466	0.37735	0.02806	0.03740	0.01663	0.01843	0.01282	0.00986	0.01053	0.00243	0.12935	0.00665	0.05947	0.01152
87	0.03010	0.02364	0.02368	0.01845	0.02458	0.08557	0.01510	0.58912	0.03593	0.04717	0.01842	0.01860	0.01319	0.00940	0.00786	0.00235	0.00924	0.00695	0.00758	0.01309

[dist]
# distance from previous block
# <min> <max>
0	1

[block]
# block no. 3 follows, 24 sequences, length 14
# corresponding to MSA columns:
# 200-213
name=unknown_D
#
# <colnr> <probs for GDERKNQSTAVLIFYWHMCP>
#	G	D	E	R	K	N	Q	S	T	A	V	L	I	F	Y	W	H	M	C	P
0	0.09377	0.01479	0.01649	0.01287	0.01888	0.01348	0.01026	0.06552	0.11553	0.08363	0.01975	0.05292	0.01607	0.00824	0.00663	0.00181	0.00616	0.00660	0.00600	0.43060
1	0.02255	0.01854	0.02580	0.07724	0.02748	0.02067	0.12143	0.30890	0.02524	0.03419	0.01796	0.06205	0.01494	0.01191	0.01275	0.06447	0.10893	0.00839	0.00587	0.01070
2	0.01833	0.21889	0.11292	0.05231	0.02617	0.04577	0.09338	0.02203	0.01524	0.02056	0.01317	0.03590	0.01189	0.01128	0.03175	0.00291	0.24745	0.00675	0.00365	0.00964
3	0.01296	0.01075	0.01146	0.01097	0.01378	0.01090	0.00817	0.02127	0.21751	0.02535	0.10564	0.09995	0.32585	0.07573	0.01160	0.00312	0.00505	0.01406	0.00748	0.00841
4	0.01893	0.13646	0.04272	0.02836	0.03504	0.02252	0.45041	0.02423	0.01735	0.02339	0.01441	0.01939	0.01150	0.00773	0.01104	0.00263	0.11157	0.00817	0.00383	0.01032
5	0.01697	0.01577	0.02209	0.11650	0.02469	0.02084	0.01647	0.06871	0.01500	0.02179	0.01519	0.07738	0.01487	0.01686	0.06818	0.00391	0.44342	0.00839	0.00422	0.00878
6	0.01126	0.00758	0.00873	0.00899	0.00906	0.00751	0.00517	0.01146	0.01205	0.01607	0.02766	0.14672	0.03220	0.62188	0.03604	0.00705	0.00725	0.01310	0.00517	0.00504
7	0.01840	0.01525	0.01749	0.01267	0.01962	0.01257	0.01021	0.10926	0.01942	0.02929	0.01480	0.01681	0.01199	0.00639	0.00617	0.00135	0.00628	0.00505	0.00516	0.66182
8	0.01371	0.01200	0.01731	0.01594	0.01680	0.01560	0.01286	0.01611	0.01251	0.01868	0.01695	0.02569	0.01610	0.04143	0.42718	0.00907	0.29253	0.00788	0.00394	0.00771
9	0.00966	0.00690	0.00920	0.01104	0.01150	0.00644	0.00736	0.01104	0.01518	0.02024	0.04371	0.71614	0.05245	0.02484	0.01012	0.00322	0.00460	0.02254	0.00736	0.00644
10	0.01854	0.02265	0.08741	0.03273	0.04099	0.01995	0.60369	0.02538	0.01859	0.02538	0.01593	0.02109	0.01190	0.00674	0.00924	0.00266	0.01326	0.00913	0.00397	0.01076
11	0.30684	0.01223	0.01268	0.01137	0.01531	0.01267	0.00913	0.02339	0.04228	0.15498	0.17089	0.06050	0.07503	0.01236	0.00748	0.00259	0.00560	0.04830	0.00723	0.00914
12	0.01089	0.00838	0.01211	0.01222	0.01361	0.00774	0.04866	0.01291	0.01614	0.02196	0.11962	0.50646	0.04916	0.07294	0.01201	0.00333	0.00534	0.01903	0.00701	0.04049
13	0.25961	0.05563	0.01949	0.06014	0.02215	0.18151	0.01301	0.11953	0.02046	0.05900	0.05635	0.01865	0.01486	0.00905	0.00805	0.00239	0.05894	0.00611	0.00537	0.00972

[dist]
# distance from previous block
# <min> <max>
5	9

[block]
# block no. 4 follows, 24 sequences, length 70
# corresponding to MSA columns:
# 223-292
name=unknown_E
#
# <colnr> <probs for GDERKNQSTAVLIFYWHMCP>
#	G	D	E	R	K	N	Q	S	T	A	V	L	I	F	Y	W	H	M	C	P
0	0.08449	0.01707	0.02473	0.32484	0.24570	0.04671	0.02025	0.02477	0.08820	0.02483	0.01604	0.02058	0.01255	0.00793	0.00762	0.00251	0.00949	0.00694	0.00431	0.01044
1	0.01184	0.00800	0.00946	0.00928	0.00977	0.00790	0.00562	0.01207	0.01194	0.01622	0.02420	0.07197	0.02731	0.57066	0.08185	0.05273	0.00837	0.01110	0.00478	0.04495
2	0.01616	0.03926	0.62335	0.02357	0.03496	0.01856	0.08441	0.02514	0.01692	0.02514	0.01439	0.01716	0.01022	0.00746	0.00770	0.00253	0.01187	0.00617	0.00341	0.01163
3	0.00966	0.00690	0.00920	0.01104	0.01150	0.00644	0.00736	0.01104	0.01518	0.02024	0.04371	0.71614	0.05245	0.02484	0.01012	0.00322	0.00460	0.02254	0.00736	0.00644
4	0.02120	0.01807	0.01823	0.01628	0.02083	0.05902	0.01267	0.04132	0.58439	0.06832	0.03103	0.02853	0.02312	0.01055	0.00801	0.00264	0.00678	0.00868	0.00793	0.01240
5	0.01644	0.01409	0.01644	0.01175	0.01879	0.01057	0.00940	0.01997	0.01644	0.02584	0.01409	0.01644	0.01175	0.00587	0.00587	0.00117	0.00587	0.00470	0.00470	0.76979
6	0.01088	0.00809	0.01013	0.00962	0.01164	0.00734	0.00721	0.01430	0.02164	0.02989	0.55940	0.06238	0.18428	0.01693	0.00936	0.00253	0.00379	0.01478	0.00848	0.00734
7	0.03064	0.01371	0.01767	0.01414	0.01962	0.01281	0.01148	0.03734	0.14023	0.50496	0.08381	0.03012	0.02502	0.01052	0.00811	0.00250	0.00641	0.00868	0.00940	0.01283
8	0.03558	0.01350	0.01840	0.01411	0.02024	0.01166	0.01166	0.03865	0.02270	0.67734	0.03128	0.02699	0.01963	0.00981	0.00797	0.00245	0.00675	0.00797	0.00981	0.01350
9	0.00965	0.00800	0.00844	0.00842	0.01090	0.00680	0.00628	0.01188	0.01859	0.02286	0.16250	0.09640	0.56257	0.01970	0.00940	0.00267	0.00400	0.01660	0.00756	0.00680
10	0.03014	0.02221	0.02380	0.01825	0.02459	0.02459	0.01507	0.64541	0.03728	0.04998	0.01904	0.01904	0.01349	0.00952	0.00793	0.00238	0.00873	0.00714	0.00793	0.01349
11	0.01098	0.00810	0.01027	0.00972	0.01170	0.00738	0.00729	0.01450	0.02188	0.03045	0.59123	0.06146	0.15210	0.01672	0.00936	0.00252	0.00378	0.01465	0.00855	0.00738
12	0.01714	0.01706	0.02424	0.08201	0.02385	0.02369	0.01777	0.01919	0.01248	0.01919	0.01074	0.01769	0.01042	0.01334	0.02440	0.00340	0.64428	0.00695	0.00347	0.00869
13	0.00966	0.00690	0.00920	0.01104	0.01150	0.00644	0.00736	0.01104	0.01518	0.02024	0.04371	0.71614	0.05245	0.02484	0.01012	0.00322	0.00460	0.02254	0.00736	0.00644
14	0.00966	0.00690	0.00920	0.01104	0.01150	0.00644	0.00736	0.01104	0.01518	0.02024	0.04371	0.71614	0.05245	0.02484	0.01012	0.00322	0.00460	0.02254	0.00736	0.00644
15	0.21863	0.01487	0.01719	0.01364	0.01943	0.01465	0.01123	0.08946	0.04599	0.43705	0.02520	0.02287	0.01651	0.00922	0.00721	0.00246	0.00675	0.00702	0.00836	0.01224
16	0.09977	0.06400	0.02366	0.01733	0.02347	0.05251	0.01438	0.52410	0.03317	0.04547	0.01752	0.01788	0.01269	0.00910	0.00745	0.00233	0.00870	0.00661	0.00722	0.01265
17	0.02132	0.63143	0.08981	0.01454	0.02168	0.02997	0.01487	0.06074	0.01742	0.02101	0.01175	0.01341	0.01036	0.00700	0.00545	0.00180	0.00874	0.00454	0.00366	0.01049
18	0.77733	0.01534	0.01166	0.01043	0.01534	0.01779	0.00859	0.02331	0.01350	0.03558	0.01104	0.01288	0.00859	0.00736	0.00491	0.00245	0.00613	0.00429	0.00491	0.00859
19	0.02036	0.01185	0.01512	0.05121	0.01855	0.01181	0.01059	0.02779	0.15529	0.22232	0.27620	0.07566	0.04305	0.01316	0.00863	0.00257	0.00559	0.01134	0.00855	0.01035
20	0.01590	0.04102	0.68023	0.02260	0.03432	0.01842	0.02930	0.02511	0.01674	0.02511	0.01423	0.01674	0.01005	0.00753	0.00753	0.00251	0.01172	0.00586	0.00335	0.01172
21	0.00973	0.00707	0.00918	0.01071	0.01145	0.00653	0.00725	0.01130	0.01587	0.02103	0.08402	0.61970	0.10911	0.02390	0.01001	0.00313	0.00450	0.02153	0.00744	0.00653
22	0.01837	0.02050	0.04247	0.05518	0.03870	0.02063	0.52349	0.02423	0.01759	0.02423	0.01510	0.02075	0.01173	0.00785	0.01191	0.00280	0.12136	0.00890	0.00391	0.01031
23	0.01122	0.00811	0.01060	0.00998	0.01185	0.00748	0.00748	0.01496	0.02245	0.03180	0.66766	0.05923	0.07482	0.01621	0.00935	0.00249	0.00374	0.01434	0.00873	0.00748
24	0.02831	0.03095	0.02214	0.01927	0.02397	0.42906	0.01486	0.18363	0.11850	0.02890	0.01683	0.01769	0.01305	0.00888	0.00748	0.00222	0.01177	0.00617	0.00561	0.01073
25	0.27158	0.05996	0.39363	0.05459	0.02845	0.01871	0.02129	0.02419	0.01558	0.02809	0.01302	0.01551	0.00959	0.00747	0.00657	0.00246	0.00965	0.00533	0.00388	0.01045
26	0.01644	0.01409	0.01644	0.01175	0.01879	0.01057	0.00940	0.01997	0.01644	0.02584	0.01409	0.01644	0.01175	0.00587	0.00587	0.00117	0.00587	0.00470	0.00470	0.76979
27	0.00937	0.00803	0.00803	0.00803	0.01071	0.00669	0.00602	0.01138	0.01807	0.02142	0.08033	0.07632	0.66863	0.02008	0.00937	0.00268	0.00402	0.01674	0.00736	0.00669
28	0.02425	0.08289	0.02252	0.01680	0.02227	0.02282	0.01371	0.29473	0.33853	0.03895	0.02479	0.02363	0.01843	0.00988	0.00774	0.00247	0.00751	0.00777	0.00759	0.01273
29	0.01101	0.00804	0.00999	0.00954	0.01127	0.00740	0.00693	0.01403	0.02042	0.02823	0.50334	0.06061	0.14988	0.10904	0.01341	0.00320	0.00430	0.01430	0.00803	0.00702
30	0.02818	0.02097	0.02262	0.01784	0.02375	0.02324	0.01471	0.55391	0.09185	0.04691	0.02159	0.02416	0.01636	0.01037	0.00812	0.00248	0.00842	0.04358	0.00791	0.01303
31	0.01080	0.00803	0.00994	0.00956	0.01147	0.00729	0.00707	0.01394	0.02083	0.02857	0.49753	0.08719	0.19417	0.04577	0.01064	0.00277	0.00399	0.01503	0.00824	0.00717
32	0.01644	0.01409	0.01644	0.01175	0.01879	0.01057	0.00940	0.01997	0.01644	0.02584	0.01409	0.01644	0.01175	0.00587	0.00587	0.00117	0.00587	0.00470	0.00470	0.76979
33	0.00966	0.00690	0.00920	0.01104	0.01150	0.00644	0.00736	0.01104	0.01518	0.02024	0.04371	0.71614	0.05245	0.02484	0.01012	0.00322	0.00460	0.02254	0.00736	0.00644
34	0.01644	0.01409	0.01644	0.01175	0.01879	0.01057	0.00940	0.01997	0.01644	0.02584	0.01409	0.01644	0.01175	0.00587	0.00587	0.00117	0.00587	0.00470	0.00470	0.76979
35	0.03123	0.03605	0.01895	0.01379	0.02013	0.01254	0.01141	0.05742	0.02183	0.50727	0.02687	0.02421	0.01758	0.00895	0.00748	0.00218	0.00671	0.00719	0.00855	0.15967
36	0.02425	0.43379	0.05860	0.01657	0.02250	0.28531	0.01485	0.02686	0.01860	0.01919	0.01162	0.01349	0.01019	0.00735	0.00598	0.00186	0.01085	0.00464	0.00366	0.00986
37	0.02956	0.02192	0.02347	0.01813	0.02437	0.02432	0.01493	0.61172	0.07191	0.04904	0.01978	0.01963	0.01408	0.00959	0.00794	0.00240	0.00859	0.00724	0.00794	0.01343
38	0.51989	0.08027	0.01679	0.01311	0.01798	0.16633	0.01064	0.02592	0.04091	0.03051	0.01214	0.01383	0.00969	0.00762	0.00554	0.00231	0.00813	0.00465	0.00472	0.00901
39	0.00966	0.00690	0.00920	0.01104	0.01150	0.00644	0.00736	0.01104	0.01518	0.02024	0.04371	0.71614	0.05245	0.02484	0.01012	0.00322	0.00460	0.02254	0.00736	0.00644
40	0.01897	0.01817	0.03100	0.14071	0.58493	0.01867	0.02401	0.02376	0.01775	0.02511	0.01480	0.01984	0.01228	0.00719	0.00786	0.00240	0.00958	0.00706	0.00387	0.01203
41	0.01590	0.04102	0.68023	0.02260	0.03432	0.01842	0.02930	0.02511	0.01674	0.02511	0.01423	0.01674	0.01005	0.00753	0.00753	0.00251	0.01172	0.00586	0.00335	0.01172
42	0.02962	0.03779	0.02247	0.02043	0.02451	0.68948	0.01532	0.03166	0.02247	0.01941	0.01226	0.01430	0.01021	0.00817	0.00715	0.00204	0.01430	0.00511	0.00409	0.00919
43	0.02101	0.67168	0.04196	0.01510	0.02198	0.03050	0.06217	0.02387	0.01631	0.01918	0.01141	0.01339	0.01032	0.00678	0.00542	0.00177	0.00886	0.00464	0.00344	0.01022
44	0.01723	0.01847	0.05911	0.02050	0.02145	0.02335	0.01763	0.01945	0.01259	0.01972	0.01078	0.01728	0.01045	0.01317	0.02411	0.00331	0.63741	0.00678	0.00352	0.04370
45	0.00949	0.00797	0.00823	0.00830	0.01081	0.00672	0.00618	0.01155	0.01814	0.02190	0.10901	0.11106	0.60326	0.02015	0.00941	0.00270	0.00403	0.01693	0.00744	0.00672
46	0.01708	0.01452	0.01722	0.04912	0.02102	0.01168	0.01037	0.05269	0.01750	0.02680	0.01435	0.01683	0.01177	0.00617	0.00609	0.00132	0.00627	0.00495	0.00480	0.68942
47	0.03470	0.01369	0.01838	0.01422	0.02026	0.01210	0.01170	0.03884	0.05805	0.64147	0.03134	0.02714	0.01988	0.00987	0.00798	0.00247	0.00672	0.00803	0.00972	0.01344
48	0.01377	0.00689	0.01033	0.01033	0.01033	0.00689	0.00689	0.01033	0.01033	0.01377	0.01377	0.02410	0.01377	0.02755	0.03099	0.76928	0.00689	0.00689	0.00344	0.00344
49	0.01498	0.01409	0.02378	0.70226	0.05462	0.01762	0.02202	0.02026	0.01586	0.02026	0.01409	0.02114	0.01057	0.00793	0.00793	0.00264	0.01057	0.00705	0.00352	0.00881
50	0.01153	0.00769	0.00865	0.00865	0.00865	0.00769	0.00480	0.01153	0.01153	0.01538	0.02499	0.05189	0.02883	0.72131	0.04036	0.00769	0.00769	0.01153	0.00480	0.00480
51	0.02074	0.66596	0.09761	0.01436	0.02158	0.03024	0.01495	0.02386	0.01617	0.01922	0.01131	0.01307	0.01016	0.00685	0.00530	0.00177	0.00876	0.00438	0.00339	0.01031
52	0.01736	0.01449	0.01677	0.01230	0.01898	0.01164	0.00981	0.07572	0.01826	0.02775	0.01589	0.04873	0.01377	0.00707	0.00625	0.00138	0.00607	0.00573	0.00511	0.66691
53	0.01742	0.01654	0.02788	0.38900	0.25991	0.01872	0.05564	0.04491	0.01737	0.02349	0.01449	0.02039	0.01142	0.00790	0.00881	0.00258	0.04215	0.00718	0.00385	0.01034
54	0.00971	0.00699	0.00912	0.01079	0.01135	0.00650	0.00719	0.01108	0.01521	0.02013	0.04507	0.65621	0.08599	0.04996	0.01118	0.00335	0.00468	0.02182	0.00727	0.00640
55	0.77733	0.01534	0.01166	0.01043	0.01534	0.01779	0.00859	0.02331	0.01350	0.03558	0.01104	0.01288	0.00859	0.00736	0.00491	0.00245	0.00613	0.00429	0.00491	0.00859
56	0.03309	0.01404	0.01826	0.01419	0.02009	0.01275	0.01166	0.08762	0.04679	0.56526	0.03304	0.02917	0.05543	0.01040	0.00805	0.00247	0.00674	0.00843	0.00946	0.01308
57	0.01377	0.00689	0.01033	0.01033	0.01033	0.00689	0.00689	0.01033	0.01033	0.01377	0.01377	0.02410	0.01377	0.02755	0.03099	0.76928	0.00689	0.00689	0.00344	0.00344
58	0.00998	0.00815	0.00989	0.07151	0.01495	0.00758	0.00797	0.01205	0.01678	0.02087	0.06050	0.31392	0.37594	0.02080	0.00953	0.00288	0.00483	0.01807	0.00702	0.00679
59	0.01963	0.01884	0.03219	0.04867	0.67185	0.01884	0.02434	0.02434	0.01806	0.02591	0.01492	0.01963	0.01256	0.00707	0.00785	0.00236	0.00942	0.00707	0.00393	0.01256
60	0.03014	0.02221	0.02380	0.01825	0.02459	0.02459	0.01507	0.64541	0.03728	0.04998	0.01904	0.01904	0.01349	0.00952	0.00793	0.00238	0.00873	0.00714	0.00793	0.01349
61	0.03012	0.02305	0.02373	0.01836	0.02459	0.06025	0.01509	0.61249	0.03649	0.04834	0.01867	0.01878	0.01331	0.00945	0.00789	0.00236	0.00902	0.00703	0.00773	0.01326
62	0.01317	0.00805	0.01084	0.01124	0.01193	0.00802	0.00771	0.05841	0.01452	0.01938	0.02752	0.33234	0.03100	0.02499	0.01995	0.36997	0.00601	0.01389	0.00553	0.00554
63	0.70461	0.01516	0.01232	0.01079	0.01582	0.01719	0.00889	0.02481	0.01440	0.09849	0.01303	0.01426	0.00967	0.00760	0.00521	0.00245	0.00619	0.00465	0.00539	0.00907
64	0.01500	0.01398	0.02126	0.01829	0.01952	0.01772	0.07316	0.01740	0.01291	0.01913	0.01578	0.02533	0.01528	0.09156	0.24179	0.00679	0.35512	0.00809	0.00389	0.00800
65	0.01104	0.00810	0.01035	0.00979	0.01174	0.00741	0.00734	0.01462	0.02202	0.03079	0.61047	0.06090	0.13265	0.01659	0.00935	0.00251	0.00377	0.01457	0.00860	0.00741
66	0.01762	0.02045	0.07038	0.06764	0.07433	0.01856	0.49000	0.02376	0.01812	0.02468	0.01828	0.08345	0.01552	0.00844	0.00918	0.00270	0.01214	0.01013	0.00425	0.01036
67	0.01570	0.01621	0.06145	0.53941	0.15090	0.01760	0.02252	0.02107	0.01633	0.02154	0.01507	0.02269	0.01191	0.00819	0.00798	0.00262	0.01035	0.02524	0.00369	0.00953
68	0.01633	0.06382	0.48885	0.02223	0.03214	0.01841	0.10075	0.02527	0.05307	0.02583	0.06447	0.02105	0.01595	0.00823	0.00782	0.00251	0.01088	0.00703	0.00410	0.01126
69	0.66985	0.01882	0.07226	0.01204	0.01752	0.05297	0.01080	0.02391	0.01426	0.03379	0.01139	0.01330	0.00880	0.00742	0.00526	0.00244	0.00706	0.00448	0.00472	0.00890

[dist]
# distance from previous block
# <min> <max>
0	1

[block]
# block no. 5 follows, 24 sequences, length 23
# corresponding to MSA columns:
# 294-316
name=unknown_F
#
# <colnr> <probs for GDERKNQSTAVLIFYWHMCP>
#	G	D	E	R	K	N	Q	S	T	A	V	L	I	F	Y	W	H	M	C	P
0	0.12772	0.15516	0.02504	0.01936	0.06522	0.36746	0.01456	0.07155	0.02088	0.04675	0.01318	0.01495	0.01070	0.00789	0.00661	0.00209	0.01119	0.00521	0.00453	0.00996
1	0.01817	0.02457	0.15431	0.03101	0.03930	0.01996	0.50996	0.02507	0.01808	0.02507	0.01548	0.02041	0.01162	0.00715	0.00979	0.00268	0.04405	0.00865	0.00387	0.01078
2	0.00966	0.00690	0.00920	0.01104	0.01150	0.00644	0.00736	0.01104	0.01518	0.02024	0.04371	0.71614	0.05245	0.02484	0.01012	0.00322	0.00460	0.02254	0.00736	0.00644
