[name]
unknown

[dist]
# distance from previous block
# <min> <max>
0	9

[block]
# block no. 0 follows, 24 sequences, length 16
# corresponding to MSA columns:
# 9-24
name=unknown_A
#
# <colnr> <probs for GDERKNQSTAVLIFYWHMCP>
#	G	D	E	R	K	N	Q	S	T	A	V	L	I	F	Y	W	H	M	C	P
0	0.02024	0.01415	0.05116	0.01386	0.01799	0.01301	0.01146	0.10304	0.12868	0.17077	0.15648	0.14702	0.06741	0.01439	0.00875	0.00267	0.00615	0.03425	0.00813	0.01040
1	0.01630	0.07725	0.43789	0.07010	0.03080	0.01710	0.02309	0.02329	0.01665	0.04337	0.01700	0.07645	0.01417	0.00886	0.00745	0.00238	0.01001	0.00719	0.00405	0.09659
2	0.01098	0.00803	0.01031	0.00988	0.01174	0.00736	0.00736	0.01445	0.02167	0.03029	0.58409	0.09918	0.12095	0.01703	0.00940	0.00255	0.00381	0.01501	0.00854	0.00736
3	0.05639	0.01416	0.02313	0.66468	0.05248	0.01763	0.02129	0.02043	0.01573	0.02109	0.01393	0.02069	0.01046	0.00790	0.00776	0.00263	0.01033	0.00690	0.00360	0.00880
4	0.01398	0.01001	0.01444	0.01355	0.01596	0.00925	0.06220	0.04593	0.01743	0.07180	0.05445	0.49354	0.04184	0.01957	0.00941	0.00288	0.00579	0.01783	0.00710	0.07304
5	0.02231	0.01943	0.12321	0.04388	0.04552	0.01620	0.08624	0.09936	0.12620	0.17149	0.07043	0.02789	0.02147	0.00979	0.00806	0.00251	0.00820	0.02300	0.06331	0.01151
6	0.01122	0.00811	0.01060	0.00998	0.01185	0.00748	0.00748	0.01496	0.02245	0.03180	0.66766	0.05923	0.07482	0.01621	0.00935	0.00249	0.00374	0.01434	0.00873	0.00748
7	0.07113	0.05604	0.02009	0.07385	0.02325	0.07994	0.01305	0.13270	0.12219	0.23528	0.02351	0.02300	0.01658	0.00925	0.00738	0.00237	0.00786	0.00718	0.06372	0.01162
8	0.01907	0.01763	0.03240	0.17115	0.03691	0.01789	0.29942	0.06007	0.01870	0.07360	0.01792	0.05858	0.01443	0.00870	0.00962	0.00258	0.05296	0.00880	0.00477	0.07475
9	0.01612	0.00944	0.01031	0.00959	0.01175	0.01015	0.00745	0.07931	0.01809	0.03007	0.02402	0.02805	0.01911	0.01377	0.06492	0.00291	0.04153	0.00744	0.58797	0.00802
10	0.01095	0.00771	0.00947	0.00960	0.01052	0.00732	0.00638	0.01273	0.01669	0.02285	0.27566	0.18722	0.07813	0.28533	0.02126	0.00461	0.00542	0.01500	0.00691	0.00623
11	0.01674	0.01404	0.02332	0.64335	0.05167	0.01711	0.02114	0.02183	0.01644	0.07650	0.01557	0.02164	0.01135	0.00809	0.00793	0.00263	0.01024	0.00713	0.00406	0.00921
12	0.02130	0.01651	0.01775	0.01550	0.02017	0.01844	0.01219	0.10300	0.48333	0.08909	0.03487	0.03222	0.07739	0.01134	0.00816	0.00264	0.00638	0.00935	0.00814	0.01223
13	0.00969	0.00723	0.00902	0.01030	0.01134	0.00656	0.00707	0.01136	0.01628	0.02121	0.08982	0.53202	0.19274	0.02325	0.00991	0.00305	0.00442	0.02074	0.00744	0.00656
14	0.02719	0.01767	0.02021	0.01716	0.04496	0.01891	0.01334	0.26379	0.21699	0.19532	0.02616	0.02467	0.01849	0.00986	0.00786	0.00246	0.00728	0.00790	0.04691	0.01287
15	0.02504	0.01797	0.01978	0.01645	0.02158	0.01975	0.01322	0.29637	0.26292	0.10911	0.02755	0.06853	0.02159	0.01137	0.00822	0.00260	0.00731	0.03001	0.00813	0.01250

[dist]
# distance from previous block
# <min> <max>
0	1

[block]
# block no. 1 follows, 24 sequences, length 21
# corresponding to MSA columns:
# 26-46
name=unknown_B
#
# <colnr> <probs for GDERKNQSTAVLIFYWHMCP>
#	G	D	E	R	K	N	Q	S	T	A	V	L	I	F	Y	W	H	M	C	P
0	0.02949	0.02158	0.02309	0.01778	0.02393	0.02385	0.01466	0.61854	0.03640	0.04910	0.01933	0.01949	0.01378	0.00951	0.00783	0.00236	0.00851	0.00715	0.04040	0.01322
1	0.10283	0.01630	0.02016	0.16654	0.05364	0.01846	0.01502	0.09835	0.20749	0.11719	0.02176	0.02283	0.01601	0.00940	0.00873	0.00257	0.05209	0.00737	0.00639	0.03687
2	0.02215	0.45615	0.14343	0.01735	0.05308	0.05906	0.01673	0.06478	0.01838	0.06429	0.01360	0.01510	0.01108	0.00736	0.00609	0.00197	0.00925	0.00510	0.00414	0.01092
3	0.02168	0.05144	0.05278	0.01848	0.04776	0.03824	0.05438	0.15151	0.09482	0.09257	0.06156	0.05883	0.02033	0.01072	0.01042	0.00251	0.10750	0.00837	0.03367	0.06244
4	0.12755	0.06441	0.05013	0.02746	0.26887	0.07000	0.01694	0.04246	0.06768	0.09241	0.07937	0.02297	0.01913	0.00868	0.00737	0.00236	0.00831	0.00723	0.00548	0.01119
5	0.01894	0.39962	0.30085	0.01743	0.02608	0.02532	0.01993	0.02551	0.05858	0.02225	0.01373	0.01547	0.01105	0.00735	0.00628	0.00209	0.00966	0.00521	0.00368	0.01096
6	0.01187	0.00958	0.01226	0.01348	0.07717	0.00895	0.00893	0.01606	0.05158	0.02794	0.38283	0.05938	0.25758	0.01629	0.00915	0.00255	0.00452	0.01413	0.00778	0.00798
7	0.01295	0.01054	0.01144	0.01083	0.01367	0.01050	0.00815	0.04323	0.16416	0.02673	0.16755	0.10166	0.32647	0.04381	0.01024	0.00286	0.00484	0.01436	0.00769	0.00833
8	0.07052	0.13922	0.11099	0.04287	0.08007	0.05219	0.04833	0.04602	0.05325	0.12536	0.01700	0.01870	0.01288	0.00824	0.00838	0.00227	0.06065	0.00627	0.00513	0.09167
9	0.03229	0.01514	0.01898	0.01495	0.02083	0.01456	0.01222	0.11310	0.12949	0.49439	0.02996	0.02645	0.01964	0.00993	0.00799	0.00248	0.00691	0.00804	0.00930	0.01334
10	0.00966	0.00690	0.00920	0.01104	0.01150	0.00644	0.00736	0.01104	0.01518	0.02024	0.04371	0.71614	0.05245	0.02484	0.01012	0.00322	0.00460	0.02254	0.00736	0.00644
11	0.01728	0.01885	0.05767	0.22870	0.09802	0.02011	0.23981	0.02236	0.01626	0.02250	0.01403	0.02007	0.01121	0.00873	0.01247	0.00281	0.16770	0.00779	0.00371	0.00990
12	0.01987	0.01647	0.01941	0.09301	0.06692	0.01871	0.01420	0.07499	0.44717	0.05486	0.02891	0.06564	0.02268	0.01088	0.00814	0.00266	0.00703	0.00924	0.00731	0.01189
13	0.00966	0.00690	0.00920	0.01104	0.01150	0.00644	0.00736	0.01104	0.01518	0.02024	0.04371	0.71614	0.05245	0.02484	0.01012	0.00322	0.00460	0.02254	0.00736	0.00644
14	0.06092	0.02020	0.02195	0.02019	0.06275	0.13250	0.03343	0.06852	0.12791	0.08208	0.04218	0.02410	0.01745	0.01116	0.01315	0.00276	0.21263	0.03010	0.00565	0.01036
15	0.14387	0.01908	0.02101	0.09354	0.02542	0.02176	0.01445	0.40277	0.02839	0.04127	0.01706	0.01879	0.01258	0.00926	0.00847	0.00246	0.05254	0.00668	0.04903	0.01155
16	0.01225	0.00956	0.01229	0.01223	0.01340	0.03477	0.00909	0.01445	0.01317	0.01845	0.02286	0.07769	0.02291	0.17169	0.45763	0.01013	0.03803	0.00973	0.03291	0.00677
17	0.00976	0.00698	0.00929	0.01097	0.01152	0.00651	0.00737	0.01129	0.01564	0.02097	0.08319	0.67457	0.05386	0.02430	0.01007	0.00317	0.00455	0.02202	0.00745	0.00651
18	0.05937	0.46443	0.12397	0.01486	0.02172	0.08581	0.01504	0.02418	0.01668	0.02138	0.01253	0.01452	0.01071	0.00714	0.00566	0.00187	0.00896	0.00474	0.04618	0.04025
19	0.12209	0.41398	0.19495	0.01556	0.02317	0.02557	0.01674	0.02521	0.05702	0.02348	0.01319	0.01482	0.01083	0.00730	0.00586	0.00207	0.00883	0.00495	0.00389	0.01050
20	0.51004	0.01730	0.04727	0.04762	0.02108	0.01841	0.05204	0.06507	0.01619	0.07620	0.01349	0.01563	0.01014	0.00807	0.00720	0.00254	0.05162	0.00542	0.00514	0.00953

[dist]
# distance from previous block
# <min> <max>
0	12

[block]
# block no. 2 follows, 24 sequences, length 17
# corresponding to MSA columns:
# 59-75
name=unknown_C
#
# <colnr> <probs for GDERKNQSTAVLIFYWHMCP>
#	G	D	E	R	K	N	Q	S	T	A	V	L	I	F	Y	W	H	M	C	P
0	0.01590	0.04102	0.68023	0.02260	0.03432	0.01842	0.02930	0.02511	0.01674	0.02511	0.01423	0.01674	0.01005	0.00753	0.00753	0.00251	0.01172	0.00586	0.00335	0.01172
1	0.01153	0.00769	0.00865	0.00865	0.00865	0.00769	0.00480	0.01153	0.01153	0.01538	0.02499	0.05189	0.02883	0.72131	0.04036	0.00769	0.00769	0.01153	0.00480	0.00480
2	0.06352	0.05295	0.02234	0.29574	0.09634	0.09103	0.01696	0.06344	0.05738	0.05042	0.01764	0.04520	0.01486	0.06760	0.01028	0.00290	0.00953	0.00757	0.00475	0.00958
3	0.01533	0.01446	0.02443	0.65208	0.10200	0.01771	0.02220	0.02057	0.01603	0.02069	0.01416	0.02103	0.01072	0.00786	0.00792	0.00262	0.01048	0.00705	0.00355	0.00910
4	0.02435	0.01218	0.01543	0.01295	0.01729	0.01146	0.01027	0.04993	0.10183	0.34010	0.18365	0.08450	0.07502	0.01307	0.00854	0.00256	0.00574	0.01109	0.00896	0.01107
5	0.01628	0.01578	0.02282	0.01954	0.02009	0.02114	0.04583	0.01823	0.01248	0.01901	0.01307	0.02191	0.01304	0.07694	0.09905	0.00479	0.54043	0.00761	0.00369	0.00828
6	0.01172	0.00895	0.01300	0.01279	0.01396	0.01055	0.00981	0.01417	0.01257	0.01812	0.02099	0.03259	0.02024	0.12975	0.57737	0.01162	0.06188	0.00874	0.00426	0.00693
7	0.02197	0.01815	0.01920	0.01659	0.02148	0.02078	0.01310	0.17241	0.52358	0.03680	0.02942	0.02731	0.02189	0.01049	0.00804	0.00262	0.00680	0.00857	0.00804	0.01275
8	0.01671	0.01529	0.02339	0.41047	0.04069	0.01847	0.03731	0.06797	0.01706	0.02311	0.01524	0.02332	0.01267	0.00967	0.01135	0.00271	0.14078	0.03767	0.00415	0.07196
9	0.02011	0.01342	0.01549	0.01378	0.01772	0.01411	0.01070	0.03242	0.32775	0.16408	0.14640	0.09348	0.06979	0.01319	0.00851	0.00265	0.00567	0.01125	0.00845	0.01104
10	0.00964	0.00698	0.00912	0.01084	0.01145	0.00646	0.00727	0.01106	0.01538	0.02032	0.04620	0.67262	0.09436	0.02452	0.01007	0.00318	0.00456	0.02215	0.00736	0.00646
11	0.01827	0.02006	0.04190	0.13262	0.10968	0.01957	0.48734	0.02454	0.01823	0.02470	0.01564	0.02117	0.01187	0.00691	0.00899	0.00264	0.01255	0.00878	0.00393	0.01062
12	0.07463	0.00842	0.00978	0.00983	0.01108	0.00837	0.00680	0.01411	0.01626	0.02400	0.23284	0.13922	0.04559	0.27605	0.02043	0.00454	0.00571	0.04857	0.03733	0.00644
13	0.06067	0.00746	0.00936	0.01100	0.01176	0.00720	0.00744	0.01186	0.01507	0.02126	0.04154	0.66941	0.04953	0.02368	0.00977	0.00317	0.00470	0.02133	0.00720	0.00658
14	0.01127	0.00847	0.01050	0.01014	0.01213	0.00794	0.00754	0.01556	0.05597	0.02925	0.48711	0.12539	0.15433	0.01732	0.00936	0.00260	0.00400	0.01520	0.00836	0.00754
15	0.18235	0.02081	0.02160	0.01911	0.07590	0.04794	0.01437	0.40736	0.06647	0.04287	0.01757	0.01826	0.01290	0.00889	0.00728	0.00240	0.00832	0.00658	0.00684	0.01218
16	0.12633	0.02456	0.02216	0.01964	0.04950	0.27479	0.06231	0.08778	0.02103	0.11047	0.01757	0.06384	0.01459	0.00977	0.00882	0.00243	0.06157	0.00727	0.00547	0.01012

[dist]
# distance from previous block
# <min> <max>
6	12

[block]
# block no. 3 follows, 24 sequences, length 32
# corresponding to MSA columns:
# 88-119
name=unknown_D
#
# <colnr> <probs for GDERKNQSTAVLIFYWHMCP>
#	G	D	E	R	K	N	Q	S	T	A	V	L	I	F	Y	W	H	M	C	P
0	0.02237	0.11404	0.02307	0.01711	0.04515	0.05772	0.01350	0.20514	0.20696	0.03293	0.02417	0.02420	0.05604	0.00984	0.00824	0.00231	0.03887	0.00751	0.00646	0.08435
1	0.06196	0.05853	0.11781	0.01502	0.02173	0.01448	0.01406	0.06838	0.02158	0.40119	0.07022	0.02535	0.02035	0.00945	0.00761	0.00236	0.00742	0.00753	0.00784	0.04713
2	0.05824	0.05208	0.13940	0.01695	0.02409	0.01681	0.03865	0.13548	0.05232	0.34851	0.02399	0.02256	0.01597	0.00905	0.00770	0.00244	0.00824	0.00724	0.00757	0.01269
3	0.01774	0.02711	0.24033	0.02904	0.03754	0.01990	0.40208	0.02479	0.01757	0.02479	0.01502	0.01962	0.01129	0.00754	0.01017	0.00269	0.07010	0.00808	0.00376	0.01084
4	0.01498	0.01322	0.02083	0.41088	0.07817	0.01596	0.01815	0.01900	0.01569	0.02119	0.02049	0.02977	0.05180	0.01129	0.01115	0.03691	0.08832	0.05475	0.05899	0.00845
5	0.02114	0.01698	0.02206	0.15016	0.13872	0.01895	0.01650	0.09132	0.31592	0.08578	0.02458	0.02509	0.01827	0.00940	0.00798	0.00257	0.00789	0.00803	0.00664	0.01202
6	0.01740	0.09943	0.42739	0.02755	0.14066	0.01993	0.10839	0.02489	0.01716	0.02467	0.01428	0.01746	0.01074	0.00727	0.00760	0.00243	0.01125	0.00637	0.00354	0.01158
7	0.00976	0.00698	0.00929	0.01098	0.01152	0.00651	0.00737	0.01128	0.01563	0.02096	0.08222	0.67560	0.05383	0.02431	0.01007	0.00318	0.00455	0.02204	0.00745	0.00651
8	0.01362	0.00696	0.01035	0.01031	0.01042	0.00692	0.00692	0.01061	0.01107	0.01487	0.05344	0.02624	0.01748	0.02686	0.02968	0.72277	0.00670	0.00734	0.00376	0.00369
9	0.14424	0.52719	0.07345	0.01325	0.01974	0.02700	0.01325	0.02346	0.01575	0.02244	0.01207	0.01395	0.01049	0.00706	0.00523	0.00188	0.00802	0.00453	0.04714	0.00985
10	0.35108	0.05054	0.10607	0.08292	0.02370	0.04365	0.01391	0.05591	0.01705	0.09750	0.01460	0.01638	0.01080	0.00767	0.00622	0.00231	0.00792	0.00537	0.00510	0.08131
11	0.01057	0.00740	0.00936	0.01052	0.01115	0.00705	0.00712	0.01168	0.01459	0.01919	0.04047	0.41174	0.09183	0.20020	0.01859	0.03420	0.00568	0.07608	0.00656	0.00601
12	0.01137	0.00771	0.00860	0.00860	0.00881	0.00761	0.00490	0.01152	0.01204	0.01584	0.02925	0.05378	0.07816	0.66725	0.03797	0.00730	0.00740	0.01193	0.00500	0.00495
13	0.00969	0.00709	0.00912	0.01063	0.01142	0.00652	0.00720	0.01125	0.01585	0.02089	0.07540	0.60888	0.12915	0.02388	0.01000	0.00312	0.00449	0.02147	0.00742	0.00652
14	0.01816	0.01638	0.02660	0.29892	0.21646	0.01872	0.05723	0.05605	0.01752	0.04101	0.01524	0.02068	0.01207	0.00862	0.01032	0.00262	0.10386	0.00722	0.04208	0.01025
15	0.77733	0.01534	0.01166	0.01043	0.01534	0.01779	0.00859	0.02331	0.01350	0.03558	0.01104	0.01288	0.00859	0.00736	0.00491	0.00245	0.00613	0.00429	0.00491	0.00859
16	0.01644	0.01409	0.01644	0.01175	0.01879	0.01057	0.00940	0.01997	0.01644	0.02584	0.01409	0.01644	0.01175	0.00587	0.00587	0.00117	0.00587	0.00470	0.00470	0.76979
17	0.01879	0.01417	0.01674	0.01223	0.01905	0.01115	0.00981	0.02320	0.04915	0.10045	0.01696	0.01830	0.01327	0.00657	0.00622	0.00140	0.00599	0.00528	0.00545	0.64582
18	0.01932	0.48299	0.26818	0.01677	0.02531	0.02678	0.01915	0.02423	0.01634	0.02095	0.01216	0.01415	0.01013	0.00705	0.00596	0.00199	0.00963	0.00481	0.00338	0.01072
19	0.01872	0.02139	0.04679	0.03342	0.04144	0.02005	0.64305	0.02540	0.01872	0.02540	0.01604	0.02139	0.01203	0.00668	0.00936	0.00267	0.01337	0.00936	0.00401	0.01070
20	0.03084	0.01485	0.01848	0.01485	0.02052	0.01446	0.01204	0.06342	0.20442	0.46894	0.03109	0.02742	0.02069	0.01007	0.00800	0.00252	0.00669	0.00822	0.00924	0.01323
21	0.00983	0.00702	0.00940	0.01124	0.01177	0.00659	0.00766	0.01134	0.01535	0.02043	0.04361	0.68193	0.05208	0.02468	0.01017	0.00324	0.00475	0.05507	0.00736	0.00649
22	0.00966	0.00690	0.00920	0.01104	0.01150	0.00644	0.00736	0.01104	0.01518	0.02024	0.04371	0.71614	0.05245	0.02484	0.01012	0.00322	0.00460	0.02254	0.00736	0.00644
23	0.06090	0.00989	0.01193	0.01115	0.01365	0.00982	0.00844	0.01997	0.10183	0.07019	0.44447	0.11737	0.05869	0.01546	0.00891	0.00259	0.00448	0.01349	0.00834	0.00845
24	0.00964	0.00697	0.00913	0.01086	0.01145	0.00646	0.00728	0.01106	0.01535	0.02031	0.04587	0.67837	0.08883	0.02456	0.01008	0.00319	0.00457	0.02220	0.00736	0.00646
25	0.01170	0.00836	0.01154	0.01337	0.01473	0.00820	0.01091	0.01457	0.01719	0.02253	0.04258	0.30582	0.04799	0.02292	0.01067	0.00350	0.00637	0.41272	0.00732	0.00700
26	0.01917	0.46398	0.28591	0.01702	0.02570	0.02642	0.01959	0.02427	0.01635	0.02113	0.01225	0.01426	0.01013	0.00707	0.00602	0.00201	0.00972	0.00486	0.00338	0.01077
27	0.23458	0.01473	0.01569	0.01307	0.01810	0.01548	0.01058	0.08760	0.13427	0.25477	0.02415	0.02313	0.01692	0.00921	0.00686	0.00242	0.00633	0.00699	0.09382	0.01128
28	0.00964	0.00799	0.00844	0.00844	0.01090	0.00679	0.00629	0.01186	0.01855	0.02280	0.15995	0.10334	0.55814	0.01977	0.00940	0.00268	0.00401	0.01667	0.00755	0.00679
29	0.28628	0.01766	0.01736	0.01433	0.01958	0.01978	0.01167	0.26374	0.12984	0.06968	0.01945	0.01967	0.01427	0.00897	0.00676	0.00243	0.00702	0.00651	0.05374	0.01126
30	0.02372	0.02543	0.19750	0.03927	0.02946	0.02045	0.10608	0.25718	0.09792	0.09330	0.01983	0.02073	0.01407	0.00873	0.00805	0.00250	0.00975	0.00739	0.00625	0.01240
31	0.01380	0.01092	0.01374	0.01339	0.01565	0.01118	0.03718	0.07806	0.13253	0.02573	0.04110	0.44270	0.09292	0.01966	0.00945	0.00298	0.00564	0.01757	0.00739	0.00842

[dist]
# distance from previous block
# <min> <max>
0	1

[block]
# block no. 4 follows, 24 sequences, length 33
# corresponding to MSA columns:
# 121-131,134-155
name=unknown_E
#
# <colnr> <probs for GDERKNQSTAVLIFYWHMCP>
#	G	D	E	R	K	N	Q	S	T	A	V	L	I	F	Y	W	H	M	C	P
0	0.15206	0.01869	0.05841	0.28974	0.06494	0.02005	0.01792	0.22732	0.02266	0.03323	0.01524	0.01871	0.01125	0.00829	0.00738	0.00250	0.00921	0.00654	0.00522	0.01064
1	0.01930	0.01955	0.13051	0.01642	0.02422	0.01347	0.08305	0.04254	0.01812	0.10410	0.01653	0.01838	0.01249	0.00682	0.00685	0.00175	0.00786	0.00587	0.00511	0.44709
2	0.06443	0.02090	0.02212	0.01722	0.02318	0.02317	0.01416	0.55869	0.05977	0.04754	0.01955	0.01972	0.01404	0.00945	0.00767	0.00237	0.00824	0.00709	0.04780	0.01289
3	0.06881	0.01841	0.05937	0.01585	0.02188	0.01772	0.01357	0.22351	0.14650	0.26245	0.02746	0.02555	0.04241	0.01003	0.00784	0.00249	0.00743	0.00791	0.00815	0.01268
4	0.34503	0.02073	0.01755	0.01467	0.01996	0.14135	0.01182	0.17072	0.02215	0.14253	0.01647	0.01690	0.01185	0.00841	0.00652	0.00236	0.00833	0.00571	0.00627	0.01064
5	0.01066	0.00850	0.01335	0.01351	0.01480	0.00794	0.07749	0.01263	0.01557	0.02081	0.04065	0.63949	0.04799	0.02284	0.01004	0.00316	0.00557	0.02109	0.00699	0.00691
6	0.01993	0.58573	0.14293	0.01487	0.02224	0.02829	0.01584	0.02360	0.01648	0.02025	0.03917	0.01532	0.01288	0.00730	0.00566	0.00186	0.00880	0.00493	0.00361	0.01031
7	0.01614	0.01572	0.02541	0.20543	0.10258	0.01924	0.08093	0.01966	0.01475	0.02086	0.01597	0.08387	0.01512	0.01375	0.04400	0.00341	0.28139	0.00873	0.00398	0.00907
8	0.01125	0.00745	0.00928	0.01025	0.01146	0.00705	0.00739	0.01372	0.01703	0.02438	0.13754	0.37896	0.08175	0.01967	0.00906	0.00282	0.00448	0.07005	0.16950	0.00689
9	0.01141	0.00845	0.01072	0.01045	0.01237	0.00797	0.00787	0.01565	0.05017	0.02958	0.50327	0.12133	0.11427	0.01736	0.00945	0.00265	0.00415	0.04695	0.00839	0.00755
10	0.04886	0.14415	0.02578	0.05309	0.02458	0.08683	0.01472	0.39387	0.02904	0.03795	0.01664	0.01810	0.01266	0.01154	0.04502	0.00282	0.00992	0.00643	0.00626	0.01176
11	0.01172	0.00839	0.00972	0.00920	0.01176	0.00732	0.00697	0.01451	0.02016	0.06550	0.31929	0.06629	0.38465	0.01787	0.00928	0.00259	0.00407	0.01522	0.00807	0.00743
12	0.01423	0.01150	0.01316	0.01335	0.01564	0.01247	0.00972	0.02515	0.30660	0.02611	0.03852	0.40466	0.03963	0.01845	0.00919	0.00298	0.00536	0.01638	0.00768	0.00921
13	0.01614	0.03962	0.63952	0.02424	0.07437	0.01844	0.02899	0.02506	0.01682	0.02516	0.01427	0.01692	0.01020	0.00750	0.00755	0.00250	0.01158	0.00594	0.00338	0.01177
14	0.01724	0.01506	0.02539	0.30387	0.16133	0.01634	0.09266	0.03941	0.03648	0.05794	0.02102	0.10219	0.01883	0.01056	0.00851	0.00270	0.00944	0.04624	0.00490	0.00989
15	0.01150	0.00780	0.00924	0.00924	0.00945	0.00801	0.00554	0.01191	0.01171	0.01581	0.02444	0.04889	0.02753	0.62556	0.13433	0.00842	0.00965	0.01109	0.00472	0.00513
16	0.00966	0.00690	0.00920	0.01104	0.01150	0.00644	0.00736	0.01104	0.01518	0.02024	0.04371	0.71614	0.05245	0.02484	0.01012	0.00322	0.00460	0.02254	0.00736	0.00644
17	0.02066	0.02033	0.03743	0.07040	0.03639	0.02035	0.41090	0.15957	0.05602	0.03061	0.01847	0.04763	0.01443	0.00828	0.00892	0.00263	0.01148	0.00921	0.00517	0.01112
18	0.02877	0.01891	0.02048	0.07470	0.02451	0.08339	0.01380	0.25691	0.06220	0.24723	0.02500	0.02424	0.03792	0.00976	0.00784	0.00240	0.00831	0.00764	0.03380	0.01218
19	0.59049	0.01529	0.01437	0.07658	0.01983	0.01800	0.01085	0.02356	0.01415	0.07156	0.01250	0.01493	0.00961	0.00817	0.00733	0.00257	0.07134	0.00502	0.00494	0.00891
20	0.07907	0.01420	0.02276	0.64409	0.05131	0.01763	0.02089	0.02052	0.01566	0.02155	0.01384	0.02045	0.01040	0.00788	0.00767	0.00263	0.01020	0.00682	0.00364	0.00879
21	0.00989	0.00716	0.00936	0.01071	0.01151	0.00662	0.00731	0.01169	0.01650	0.02215	0.14528	0.57592	0.09012	0.02320	0.00996	0.00307	0.00443	0.02091	0.00758	0.00662
22	0.07285	0.01920	0.08981	0.05373	0.02592	0.05727	0.08581	0.03374	0.07655	0.36557	0.02459	0.02359	0.01646	0.00896	0.00786	0.00249	0.00861	0.00755	0.00735	0.01210
23	0.01876	0.21558	0.14234	0.01394	0.01966	0.01682	0.01382	0.02306	0.01968	0.13028	0.26339	0.03334	0.03613	0.01097	0.00761	0.00227	0.00700	0.00896	0.00643	0.00997
24	0.00966	0.00690	0.00920	0.01104	0.01150	0.00644	0.00736	0.01104	0.01518	0.02024	0.04371	0.71614	0.05245	0.02484	0.01012	0.00322	0.00460	0.02254	0.00736	0.00644
25	0.00966	0.00690	0.00920	0.01104	0.01150	0.00644	0.00736	0.01104	0.01518	0.02024	0.04371	0.71614	0.05245	0.02484	0.01012	0.00322	0.00460	0.02254	0.00736	0.00644
26	0.01383	0.00691	0.01017	0.01017	0.01027	0.00691	0.00681	0.01077	0.01067	0.01463	0.01443	0.02440	0.01413	0.02656	0.02962	0.72778	0.00671	0.00691	0.04465	0.00366
27	0.02925	0.02177	0.02330	0.01806	0.02425	0.02417	0.01486	0.59374	0.09041	0.04854	0.02017	0.01994	0.01440	0.00963	0.00794	0.00241	0.00852	0.00730	0.00794	0.01341
28	0.01504	0.01303	0.02027	0.35895	0.06641	0.01569	0.01715	0.05931	0.01610	0.02171	0.01688	0.02481	0.01430	0.04441	0.22657	0.00600	0.04301	0.00763	0.00410	0.00863
29	0.01478	0.00739	0.00739	0.00739	0.00924	0.00739	0.00554	0.01848	0.01663	0.02956	0.02587	0.02956	0.02033	0.00924	0.00554	0.00185	0.00370	0.00739	0.76534	0.00739
30	0.01291	0.01591	0.12996	0.01726	0.02104	0.01200	0.11909	0.01680	0.01670	0.02321	0.10440	0.36053	0.03842	0.01716	0.01047	0.00294	0.05129	0.01557	0.00603	0.00831
31	0.24003	0.05281	0.15237	0.05779	0.02639	0.01744	0.12702	0.02359	0.01689	0.06765	0.08090	0.02392	0.01833	0.00904	0.00795	0.00256	0.03243	0.02808	0.00501	0.00981
32	0.15089	0.01617	0.01771	0.01549	0.04201	0.01728	0.01192	0.15425	0.20244	0.12929	0.09433	0.02642	0.02320	0.00998	0.00750	0.00243	0.00662	0.00794	0.00749	0.05663

[dist]
# distance from previous block
# <min> <max>
0	1

[block]
# block no. 5 follows, 24 sequences, length 68
# corresponding to MSA columns:
# 157-224
name=unknown_F
#
# <colnr> <probs for GDERKNQSTAVLIFYWHMCP>
#	G	D	E	R	K	N	Q	S	T	A	V	L	I	F	Y	W	H	M	C	P
0	0.25238	0.01519	0.01580	0.01278	0.01823	0.04304	0.01035	0.04865	0.04151	0.25890	0.06970	0.02279	0.01880	0.00888	0.00678	0.00224	0.00657	0.00671	0.00706	0.13363
1	0.05444	0.01435	0.01694	0.08565	0.02199	0.01353	0.01126	0.13261	0.02030	0.03020	0.05848	0.07687	0.01940	0.00916	0.00696	0.00189	0.00656	0.00754	0.04253	0.36934
2	0.02436	0.01732	0.01905	0.01478	0.02037	0.01783	0.01202	0.36964	0.02875	0.06802	0.05986	0.02278	0.01814	0.00918	0.00729	0.00208	0.00708	0.00717	0.10978	0.16451
3	0.05711	0.62401	0.10335	0.01431	0.02149	0.02944	0.01489	0.02386	0.01605	0.02011	0.01134	0.01313	0.01009	0.00689	0.00532	0.00181	0.00869	0.00440	0.00346	0.01025
4	0.02955	0.02192	0.02347	0.01813	0.02437	0.02432	0.01493	0.61125	0.07240	0.04902	0.01979	0.01964	0.01409	0.00959	0.00794	0.00240	0.00859	0.00724	0.00794	0.01343
5	0.01976	0.01364	0.01665	0.01248	0.01869	0.01100	0.00998	0.02300	0.01743	0.15136	0.01914	0.06207	0.01576	0.00810	0.00725	0.00163	0.03041	0.00652	0.00581	0.54934
6	0.01857	0.02096	0.04441	0.03209	0.03926	0.02050	0.57675	0.02473	0.01802	0.02473	0.01545	0.02096	0.01186	0.00745	0.01112	0.00276	0.08684	0.00910	0.00395	0.01048
7	0.00984	0.00701	0.00926	0.01087	0.01140	0.00656	0.00726	0.01131	0.01548	0.02075	0.08174	0.64689	0.05283	0.05404	0.01136	0.00337	0.00468	0.02156	0.00734	0.00644
8	0.01582	0.04874	0.02397	0.59062	0.04908	0.01852	0.02053	0.02293	0.08924	0.02166	0.01603	0.02170	0.01211	0.00820	0.00781	0.00260	0.00998	0.00713	0.00404	0.00930
9	0.01590	0.04102	0.68023	0.02260	0.03432	0.01842	0.02930	0.02511	0.01674	0.02511	0.01423	0.01674	0.01005	0.00753	0.00753	0.00251	0.01172	0.00586	0.00335	0.01172
10	0.02032	0.01467	0.01654	0.01474	0.01891	0.01602	0.01158	0.03594	0.42996	0.12698	0.13942	0.03678	0.03298	0.01202	0.00840	0.00266	0.00596	0.03610	0.00840	0.01161
11	0.00997	0.00720	0.00943	0.01068	0.01153	0.00667	0.00732	0.01187	0.01682	0.02268	0.17413	0.54966	0.08695	0.02283	0.00993	0.00304	0.00440	0.02057	0.00764	0.00667
12	0.01001	0.00761	0.01063	0.01166	0.01266	0.00703	0.03340	0.01167	0.01562	0.02057	0.04625	0.62316	0.11278	0.02362	0.01001	0.00314	0.00490	0.02142	0.00722	0.00664
13	0.50023	0.01919	0.01499	0.01309	0.01803	0.13033	0.01050	0.04761	0.04789	0.11170	0.01500	0.01585	0.01112	0.00803	0.00591	0.00239	0.00767	0.00520	0.00562	0.00964
14	0.01510	0.01426	0.02381	0.66675	0.05286	0.01797	0.02178	0.02020	0.01566	0.02020	0.01390	0.02094	0.01056	0.00824	0.00887	0.00269	0.04685	0.00704	0.00352	0.00880
15	0.00974	0.00742	0.00901	0.01021	0.01151	0.00668	0.00721	0.01147	0.01636	0.02085	0.05625	0.45899	0.26478	0.02303	0.00991	0.00306	0.00456	0.05503	0.00736	0.00658
16	0.02222	0.01274	0.01568	0.01302	0.01708	0.01249	0.01036	0.14139	0.05590	0.22168	0.33161	0.04095	0.04494	0.01285	0.00863	0.00247	0.00567	0.01089	0.00886	0.01059
17	0.10955	0.01677	0.01949	0.01515	0.02111	0.01698	0.01249	0.26221	0.02717	0.35862	0.04322	0.02351	0.01781	0.00964	0.00768	0.00243	0.00733	0.00747	0.00858	0.01281
18	0.00966	0.00690	0.00920	0.01104	0.01150	0.00644	0.00736	0.01104	0.01518	0.02024	0.04371	0.71614	0.05245	0.02484	0.01012	0.00322	0.00460	0.02254	0.00736	0.00644
19	0.01644	0.01409	0.01644	0.01175	0.01879	0.01057	0.00940	0.01997	0.01644	0.02584	0.01409	0.01644	0.01175	0.00587	0.00587	0.00117	0.00587	0.00470	0.00470	0.76979
20	0.02418	0.53596	0.03621	0.01439	0.02103	0.02818	0.01361	0.12656	0.02026	0.09355	0.01448	0.01526	0.01172	0.00755	0.00586	0.00189	0.00834	0.00511	0.00481	0.01107
21	0.00988	0.00776	0.00942	0.01036	0.01161	0.00730	0.00730	0.01151	0.01611	0.02063	0.05572	0.45166	0.27662	0.02263	0.01053	0.00303	0.03437	0.01975	0.00720	0.00663
22	0.01930	0.01540	0.01693	0.01562	0.01968	0.01736	0.01232	0.03735	0.51331	0.06732	0.03394	0.06543	0.02788	0.01272	0.00852	0.00282	0.00637	0.08802	0.00804	0.01168
23	0.03429	0.01365	0.01815	0.01400	0.01994	0.01212	0.01154	0.06928	0.02316	0.61323	0.03038	0.02670	0.01934	0.00977	0.00785	0.00242	0.00670	0.00790	0.04636	0.01320
24	0.02962	0.03779	0.02247	0.02043	0.02451	0.68948	0.01532	0.03166	0.02247	0.01941	0.01226	0.01430	0.01021	0.00817	0.00715	0.00204	0.01430	0.00511	0.00409	0.00919
25	0.01715	0.01656	0.02776	0.34174	0.27398	0.01911	0.04496	0.02176	0.01623	0.02234	0.01393	0.02005	0.01133	0.00842	0.01056	0.00266	0.11043	0.00712	0.00368	0.01022
26	0.00966	0.00690	0.00920	0.01104	0.01150	0.00644	0.00736	0.01104	0.01518	0.02024	0.04371	0.71614	0.05245	0.02484	0.01012	0.00322	0.00460	0.02254	0.00736	0.00644
27	0.09773	0.01750	0.02841	0.07129	0.02791	0.02113	0.18761	0.02106	0.01439	0.02261	0.01291	0.01905	0.01122	0.01343	0.05635	0.00362	0.35342	0.00742	0.00382	0.00914
28	0.01574	0.01339	0.01569	0.01379	0.01760	0.01363	0.01058	0.02451	0.21888	0.02603	0.02749	0.20902	0.02653	0.01327	0.00957	0.00242	0.07042	0.01106	0.00637	0.25402
29	0.05947	0.08024	0.02630	0.02301	0.08622	0.28998	0.05137	0.02554	0.01759	0.02099	0.01198	0.01600	0.01052	0.00967	0.01316	0.00256	0.23604	0.00602	0.00385	0.00948
30	0.02502	0.02833	0.02009	0.01813	0.02235	0.39522	0.01380	0.05545	0.24072	0.02532	0.02347	0.02345	0.05481	0.00982	0.00763	0.00231	0.01073	0.00720	0.00578	0.01035
31	0.01646	0.01477	0.02240	0.29995	0.17742	0.01509	0.01761	0.02097	0.01657	0.02380	0.01493	0.01979	0.01193	0.00716	0.00713	0.00207	0.00844	0.00633	0.04644	0.25074
32	0.01946	0.08639	0.01964	0.01291	0.01954	0.01443	0.01061	0.05436	0.08820	0.07888	0.01738	0.01847	0.01366	0.00699	0.00630	0.00155	0.00639	0.00550	0.00550	0.51382
33	0.01606	0.04984	0.01382	0.01188	0.01454	0.01066	0.00892	0.08315	0.01910	0.09761	0.07057	0.38145	0.07165	0.01794	0.00880	0.00271	0.00542	0.01572	0.05513	0.04504
34	0.01133	0.00760	0.00871	0.00890	0.00895	0.00756	0.00508	0.01148	0.01192	0.01589	0.02697	0.12228	0.03133	0.64752	0.03716	0.00721	0.00736	0.01270	0.00508	0.00498
35	0.01321	0.00920	0.01132	0.01204	0.01359	0.00924	0.00851	0.03766	0.10973	0.05507	0.04003	0.53676	0.04439	0.02103	0.00949	0.00303	0.00505	0.01884	0.03386	0.00793
36	0.01718	0.01742	0.08720	0.01327	0.02077	0.01221	0.01183	0.05671	0.01768	0.02716	0.01440	0.01663	0.01167	0.00626	0.00617	0.00139	0.00666	0.00496	0.00474	0.64570
37	0.02046	0.05186	0.08130	0.02865	0.03659	0.01903	0.47538	0.02655	0.01882	0.09918	0.01735	0.02112	0.01268	0.00706	0.00873	0.00252	0.01194	0.00854	0.00464	0.04758
38	0.01943	0.02132	0.04148	0.09011	0.04004	0.04886	0.49972	0.05950	0.01938	0.02579	0.01563	0.02076	0.01184	0.00733	0.00978	0.00266	0.04292	0.00875	0.00417	0.01053
39	0.01134	0.00846	0.01258	0.01258	0.01394	0.00982	0.00971	0.01406	0.01270	0.01829	0.02139	0.03197	0.02018	0.08561	0.66424	0.01254	0.02071	0.00862	0.00427	0.00699
40	0.01155	0.00840	0.01227	0.01227	0.01366	0.00968	0.00946	0.01434	0.01294	0.01900	0.02166	0.03177	0.02017	0.07928	0.62479	0.01189	0.01968	0.00853	0.05164	0.00702
41	0.01902	0.01571	0.01771	0.01366	0.01994	0.01438	0.01097	0.11915	0.14066	0.03082	0.01925	0.02186	0.01554	0.00791	0.00678	0.00173	0.00643	0.02728	0.00592	0.48526
42	0.01085	0.00851	0.01153	0.01255	0.01294	0.00919	0.00890	0.01228	0.01471	0.02006	0.03858	0.60847	0.04597	0.02315	0.01257	0.00326	0.11280	0.02014	0.00676	0.00679
43	0.00966	0.00690	0.00920	0.01104	0.01150	0.00644	0.00736	0.01104	0.01518	0.02024	0.04371	0.71614	0.05245	0.02484	0.01012	0.00322	0.00460	0.02254	0.00736	0.00644
44	0.03558	0.01350	0.01840	0.01411	0.02024	0.01166	0.01166	0.03865	0.02270	0.67734	0.03128	0.02699	0.01963	0.00981	0.00797	0.00245	0.00675	0.00797	0.00981	0.01350
45	0.02125	0.01946	0.07664	0.16103	0.05097	0.05945	0.05273	0.13154	0.13800	0.09454	0.02315	0.09574	0.01898	0.01058	0.00819	0.00259	0.00891	0.00906	0.00619	0.01099
46	0.04123	0.09243	0.42907	0.02044	0.02930	0.02082	0.02360	0.08777	0.05805	0.02725	0.01506	0.01738	0.01128	0.00854	0.00928	0.00254	0.08429	0.00611	0.00417	0.01140
47	0.01127	0.00853	0.01054	0.01132	0.01337	0.00796	0.00924	0.01411	0.01823	0.02322	0.12032	0.07923	0.28058	0.06111	0.01190	0.00340	0.00573	0.29567	0.00733	0.00695
48	0.05389	0.00940	0.01124	0.01359	0.05050	0.03735	0.00876	0.01339	0.01557	0.02139	0.03886	0.60626	0.04587	0.02212	0.00957	0.00308	0.00538	0.01988	0.00688	0.00703
49	0.02184	0.08766	0.02134	0.01711	0.05113	0.01967	0.01313	0.09618	0.29095	0.10512	0.02480	0.02601	0.01923	0.05133	0.01140	0.00285	0.08115	0.00796	0.03969	0.01144
50	0.02664	0.01401	0.01708	0.01403	0.01903	0.01378	0.01127	0.07841	0.18179	0.35238	0.11109	0.03406	0.06744	0.01145	0.00825	0.00253	0.00624	0.00948	0.00896	0.01210
51	0.00966	0.00690	0.00920	0.01104	0.01150	0.00644	0.00736	0.01104	0.01518	0.02024	0.04371	0.71614	0.05245	0.02484	0.01012	0.00322	0.00460	0.02254	0.00736	0.00644
52	0.01621	0.08067	0.64326	0.02208	0.03351	0.01917	0.02839	0.02503	0.01671	0.02474	0.01405	0.01651	0.01005	0.00749	0.00739	0.00246	0.01153	0.00577	0.00335	0.01163
53	0.01752	0.01736	0.02867	0.38849	0.26640	0.04592	0.07724	0.02260	0.01714	0.02264	0.01448	0.02036	0.01138	0.00753	0.00800	0.00252	0.01057	0.00718	0.00373	0.01029
54	0.01749	0.01486	0.01591	0.01446	0.01839	0.01668	0.01118	0.03521	0.50319	0.03185	0.13034	0.03840	0.09302	0.01245	0.00838	0.00266	0.00569	0.01050	0.00810	0.01125
55	0.01478	0.00739	0.00739	0.00739	0.00924	0.00739	0.00554	0.01848	0.01663	0.02956	0.02587	0.02956	0.02033	0.00924	0.00554	0.00185	0.00370	0.00739	0.76534	0.00739
56	0.01896	0.01848	0.03348	0.10396	0.14964	0.01908	0.28078	0.08892	0.01983	0.02759	0.05229	0.02298	0.01589	0.00842	0.00993	0.00260	0.06661	0.00845	0.04150	0.01062
57	0.03507	0.01361	0.01839	0.01417	0.02025	0.01191	0.01168	0.03876	0.04299	0.65675	0.03132	0.02707	0.01978	0.00984	0.00798	0.00246	0.00673	0.00801	0.00976	0.01347
58	0.00966	0.00690	0.00920	0.01104	0.01150	0.00644	0.00736	0.01104	0.01518	0.02024	0.04371	0.71614	0.05245	0.02484	0.01012	0.00322	0.00460	0.02254	0.00736	0.00644
59	0.01613	0.01528	0.02587	0.53965	0.20818	0.01792	0.02260	0.02127	0.01640	0.02167	0.01430	0.02076	0.01107	0.00771	0.00791	0.00257	0.01028	0.00705	0.00362	0.00974
60	0.31823	0.33192	0.02623	0.01269	0.01855	0.05072	0.01146	0.02575	0.01617	0.10722	0.01360	0.01462	0.01073	0.00744	0.00546	0.00210	0.00759	0.00476	0.00481	0.00993
61	0.66870	0.01801	0.08294	0.03708	0.01879	0.01785	0.01127	0.02339	0.01393	0.03391	0.01149	0.01359	0.00882	0.00740	0.00530	0.00247	0.00689	0.00456	0.00469	0.00893
62	0.01912	0.01810	0.02801	0.07915	0.05370	0.01935	0.21275	0.05908	0.32795	0.03005	0.04954	0.02666	0.02035	0.00927	0.00850	0.00265	0.00899	0.00900	0.00628	0.01150
63	0.10132	0.65078	0.03839	0.01324	0.01982	0.02994	0.01304	0.02370	0.01584	0.02045	0.01103	0.01274	0.01001	0.00685	0.00507	0.00178	0.00823	0.00425	0.00355	0.01001
64	0.01440	0.00747	0.00773	0.00766	0.00952	0.00740	0.00575	0.01811	0.01725	0.02980	0.09387	0.03271	0.02610	0.00998	0.00595	0.00192	0.00370	0.00813	0.68517	0.00740
65	0.02879	0.02170	0.02385	0.01852	0.02419	0.02456	0.01531	0.57904	0.03462	0.04670	0.01812	0.01886	0.01316	0.00998	0.00985	0.00250	0.08269	0.00712	0.00746	0.01298
66	0.00995	0.00712	0.00946	0.01085	0.01156	0.00663	0.00738	0.01176	0.01651	0.02236	0.15810	0.59570	0.05655	0.02326	0.00998	0.00309	0.00444	0.02104	0.00761	0.00663
67	0.21285	0.01532	0.01618	0.05392	0.02067	0.01720	0.01197	0.06838	0.27957	0.08318	0.02764	0.03197	0.04304	0.01109	0.00759	0.00269	0.00670	0.07233	0.00703	0.01070

[dist]
# distance from previous block
# <min> <max>
0	2

[block]
# block no. 6 follows, 24 sequences, length 11
# corresponding to MSA columns:
# 227-237
name=unknown_G
#
# <colnr> <probs for GDERKNQSTAVLIFYWHMCP>
#	G	D	E	R	K	N	Q	S	T	A	V	L	I	F	Y	W	H	M	C	P
0	0.01153	0.00769	0.00865	0.00865	0.00865	0.00769	0.00480	0.01153	0.01153	0.01538	0.02499	0.05189	0.02883	0.72131	0.04036	0.00769	0.00769	0.01153	0.00480	0.00480
1	0.01117	0.00813	0.01101	0.01065	0.01235	0.00797	0.00802	0.01459	0.01992	0.02823	0.49213	0.08572	0.06142	0.02631	0.16142	0.00482	0.00769	0.01344	0.00766	0.00734
2	0.08851	0.01292	0.01685	0.01370	0.01869	0.01234	0.01118	0.05940	0.02041	0.45107	0.02689	0.02645	0.01852	0.02070	0.16007	0.00475	0.01003	0.00776	0.00810	0.01167
3	0.01732	0.01989	0.06680	0.18129	0.04262	0.01877	0.44711	0.02354	0.01782	0.02399	0.01688	0.05508	0.01360	0.00789	0.00900	0.00269	0.01225	0.00934	0.00404	0.01011
4	0.01583	0.01126	0.01354	0.01302	0.01540	0.01202	0.00979	0.02448	0.25261	0.05259	0.12277	0.13503	0.03475	0.01815	0.01389	0.17406	0.00591	0.05933	0.00704	0.00853
5	0.01544	0.00843	0.01120	0.01157	0.01341	0.00762	0.00825	0.01723	0.01701	0.16710	0.04285	0.52859	0.07746	0.02124	0.00960	0.00302	0.00505	0.01898	0.00791	0.00803
6	0.60702	0.01506	0.01436	0.16498	0.02411	0.01775	0.01159	0.02263	0.01402	0.03216	0.01172	0.01473	0.00903	0.00749	0.00558	0.00250	0.00713	0.00491	0.00460	0.00864
7	0.01859	0.01778	0.03031	0.19468	0.53396	0.01857	0.02382	0.02343	0.01756	0.02465	0.01473	0.01996	0.01212	0.00726	0.00787	0.00242	0.00968	0.00706	0.00384	0.01172
8	0.01687	0.00988	0.01275	0.01129	0.01423	0.00925	0.00872	0.02186	0.06978	0.16485	0.48930	0.05039	0.05969	0.01449	0.00897	0.00250	0.00455	0.01263	0.00890	0.00910
9	0.01478	0.00739	0.00739	0.00739	0.00924	0.00739	0.00554	0.01848	0.01663	0.02956	0.02587	0.02956	0.02033	0.00924	0.00554	0.00185	0.00370	0.00739	0.76534	0.00739
10	0.01254	0.00853	0.01040	0.00997	0.01240	0.00760	0.00765	0.01551	0.02036	0.07813	0.34269	0.08943	0.27877	0.01779	0.00939	0.00266	0.00435	0.05602	0.00818	0.00763

[dist]
# distance from previous block
# <min> <max>
0	2

[block]
# block no. 7 follows, 24 sequences, length 86
# corresponding to MSA columns:
# 240-308,310-326
name=unknown_H
#
# <colnr> <probs for GDERKNQSTAVLIFYWHMCP>
#	G	D	E	R	K	N	Q	S	T	A	V	L	I	F	Y	W	H	M	C	P
0	0.01657	0.01603	0.02376	0.02010	0.02103	0.02123	0.06670	0.01896	0.01300	0.02010	0.01306	0.02006	0.01225	0.01867	0.10555	0.00446	0.52666	0.00735	0.04587	0.00857
1	0.06888	0.02079	0.02211	0.01726	0.02318	0.02303	0.01417	0.54620	0.06671	0.04734	0.05526	0.02147	0.01717	0.00984	0.00786	0.00241	0.00819	0.00748	0.00782	0.01284
2	0.31450	0.10271	0.15443	0.01633	0.04781	0.01988	0.01525	0.10280	0.04506	0.09112	0.01555	0.01665	0.01148	0.00795	0.00636	0.00238	0.00805	0.00560	0.00533	0.01078
3	0.01443	0.01182	0.01706	0.01481	0.01789	0.01144	0.08734	0.07129	0.01817	0.02559	0.07252	0.34199	0.03522	0.01630	0.00973	0.00265	0.04370	0.01459	0.04737	0.12610
4	0.01101	0.00807	0.01042	0.01056	0.01231	0.00747	0.00804	0.01421	0.02034	0.02788	0.42664	0.16006	0.13243	0.01867	0.00969	0.00278	0.00439	0.09963	0.00818	0.00722
5	0.01116	0.00753	0.00937	0.01018	0.01053	0.00738	0.00663	0.01182	0.01341	0.01782	0.03248	0.27815	0.03774	0.37363	0.02652	0.04800	0.00656	0.07968	0.00586	0.00555
6	0.12556	0.02086	0.15876	0.07999	0.06072	0.04194	0.01675	0.03106	0.01936	0.33468	0.02183	0.02155	0.01458	0.00863	0.00744	0.00246	0.00851	0.00680	0.00669	0.01183
7	0.01505	0.05398	0.09519	0.01356	0.01759	0.04692	0.01192	0.02342	0.16692	0.02905	0.32313	0.06456	0.08000	0.01349	0.00853	0.00251	0.00611	0.01147	0.00729	0.00931
8	0.01086	0.00781	0.01055	0.01231	0.01339	0.00749	0.00941	0.01315	0.01649	0.02164	0.04446	0.44782	0.07370	0.02352	0.01042	0.00337	0.00563	0.25387	0.00734	0.00679
9	0.08096	0.01311	0.01723	0.01348	0.01914	0.01166	0.01106	0.03543	0.02208	0.57526	0.08996	0.02912	0.02412	0.01026	0.00791	0.00246	0.00642	0.00834	0.00940	0.01261
10	0.01644	0.01409	0.01644	0.01175	0.01879	0.01057	0.00940	0.01997	0.01644	0.02584	0.01409	0.01644	0.01175	0.00587	0.00587	0.00117	0.00587	0.00470	0.00470	0.76979
11	0.01580	0.01503	0.02546	0.49598	0.04614	0.01814	0.09210	0.02138	0.03754	0.02164	0.01515	0.02149	0.01168	0.00856	0.00985	0.00269	0.08245	0.00739	0.04245	0.00907
12	0.00966	0.00690	0.00920	0.01104	0.01150	0.00644	0.00736	0.01104	0.01518	0.02024	0.04371	0.71614	0.05245	0.02484	0.01012	0.00322	0.00460	0.02254	0.00736	0.00644
13	0.02984	0.01985	0.02182	0.01685	0.02284	0.02143	0.01388	0.51028	0.03363	0.14152	0.02135	0.02098	0.01489	0.00954	0.00777	0.00235	0.00807	0.00728	0.06278	0.01305
14	0.02589	0.01522	0.01870	0.01622	0.05617	0.01522	0.01229	0.23587	0.02711	0.24607	0.18230	0.03367	0.05650	0.01152	0.00834	0.00244	0.00673	0.00953	0.00849	0.01171
15	0.01673	0.01172	0.01383	0.01259	0.01473	0.01311	0.00979	0.13835	0.01992	0.02980	0.06709	0.17149	0.02775	0.01537	0.03306	0.00288	0.10912	0.01093	0.27318	0.00856
16	0.01972	0.01703	0.01793	0.01614	0.02062	0.01972	0.01255	0.04214	0.65752	0.03317	0.03228	0.02959	0.02421	0.01076	0.00807	0.00269	0.00628	0.00897	0.00807	0.01255
17	0.01583	0.01447	0.02346	0.52164	0.04597	0.01760	0.04525	0.06162	0.01702	0.02231	0.01616	0.05663	0.01341	0.01175	0.04320	0.00321	0.04941	0.00800	0.00407	0.00899
18	0.02699	0.02212	0.06529	0.01944	0.05660	0.02262	0.01586	0.50298	0.06922	0.04515	0.05772	0.02190	0.01746	0.00974	0.00799	0.00241	0.00852	0.00758	0.00749	0.01292
19	0.02120	0.72609	0.04155	0.01357	0.02035	0.03138	0.01357	0.02374	0.01611	0.01866	0.01102	0.01272	0.01018	0.00678	0.00509	0.00170	0.00848	0.00424	0.00339	0.01018
20	0.01771	0.01026	0.01399	0.01389	0.01695	0.00959	0.01183	0.02123	0.01949	0.16395	0.09772	0.06893	0.04087	0.01784	0.00986	0.00314	0.00676	0.39435	0.00782	0.05383
21	0.01059	0.00767	0.01000	0.01027	0.01168	0.00708	0.00738	0.01342	0.01968	0.02726	0.42164	0.29338	0.09144	0.01944	0.00963	0.00276	0.00406	0.01735	0.00819	0.00708
22	0.01362	0.00699	0.01049	0.01049	0.01058	0.00708	0.00708	0.01058	0.01049	0.01407	0.01425	0.02456	0.01416	0.02960	0.07334	0.72066	0.00781	0.00699	0.00350	0.00368
23	0.01785	0.01970	0.04147	0.18802	0.04449	0.01949	0.49950	0.02421	0.01806	0.02421	0.01559	0.02133	0.01169	0.00697	0.00903	0.00267	0.01272	0.00882	0.00390	0.01026
24	0.01498	0.01409	0.02378	0.70226	0.05462	0.01762	0.02202	0.02026	0.01586	0.02026	0.01409	0.02114	0.01057	0.00793	0.00793	0.00264	0.01057	0.00705	0.00352	0.00881
25	0.01122	0.00811	0.01060	0.00998	0.01185	0.00748	0.00748	0.01496	0.02245	0.03180	0.66766	0.05923	0.07482	0.01621	0.00935	0.00249	0.00374	0.01434	0.00873	0.00748
26	0.01854	0.01162	0.01205	0.01069	0.01379	0.01244	0.00836	0.14979	0.10004	0.03419	0.02526	0.02741	0.01940	0.00948	0.00634	0.00206	0.00504	0.00753	0.51667	0.00928
27	0.01437	0.00880	0.01453	0.01284	0.01413	0.00860	0.08536	0.01332	0.01267	0.01785	0.04862	0.02615	0.01738	0.02239	0.02443	0.55162	0.00718	0.00763	0.08716	0.00498
28	0.01847	0.01766	0.03010	0.21136	0.51821	0.01854	0.02376	0.02332	0.01751	0.02450	0.01471	0.02000	0.01207	0.00728	0.00787	0.00243	0.00971	0.00706	0.00383	0.01163
29	0.00966	0.00690	0.00920	0.01104	0.01150	0.00644	0.00736	0.01104	0.01518	0.02024	0.04371	0.71614	0.05245	0.02484	0.01012	0.00322	0.00460	0.02254	0.00736	0.00644
30	0.01073	0.00782	0.01017	0.01164	0.01253	0.00760	0.00823	0.01363	0.05208	0.02170	0.06766	0.55273	0.05015	0.04658	0.01108	0.00336	0.00509	0.09298	0.00736	0.00688
31	0.01635	0.03792	0.58029	0.02431	0.03544	0.01867	0.12613	0.02516	0.01705	0.02516	0.01452	0.01748	0.01036	0.00740	0.00782	0.00254	0.01198	0.00641	0.00345	0.01156
32	0.02791	0.13055	0.02578	0.02100	0.06231	0.51044	0.01560	0.07485	0.02241	0.02192	0.01274	0.01474	0.01059	0.00801	0.00696	0.00204	0.01280	0.00525	0.00426	0.00984
33	0.01112	0.00810	0.01046	0.00987	0.01179	0.00744	0.00740	0.01477	0.02221	0.03124	0.63625	0.06015	0.10658	0.01642	0.00935	0.00250	0.00376	0.01447	0.00866	0.00744
34	0.01644	0.01409	0.01644	0.01175	0.01879	0.01057	0.00940	0.01997	0.01644	0.02584	0.01409	0.01644	0.01175	0.00587	0.00587	0.00117	0.00587	0.00470	0.00470	0.76979
