[name]
unknown

[dist]
# distance from previous block
# <min> <max>
0	21

[block]
# block no. 0 follows, 20 sequences, length 11
# corresponding to MSA columns:
# 22-32
name=unknown_A
#
# <colnr> <probs for GDERKNQSTAVLIFYWHMCP>
#	G	D	E	R	K	N	Q	S	T	A	V	L	I	F	Y	W	H	M	C	P
0	0.01388	0.01026	0.01346	0.01457	0.01660	0.01034	0.01185	0.01954	0.08157	0.02806	0.15305	0.19608	0.05508	0.02231	0.01123	0.00359	0.00664	0.31500	0.00842	0.00848
1	0.01102	0.00787	0.01057	0.01260	0.01328	0.00743	0.00878	0.01283	0.01709	0.02271	0.04786	0.61984	0.05683	0.02696	0.01124	0.00360	0.00540	0.08881	0.00809	0.00719
2	0.75506	0.01687	0.01282	0.01147	0.01687	0.01957	0.00945	0.02564	0.01484	0.03914	0.01215	0.01417	0.00945	0.00810	0.00540	0.00270	0.00675	0.00472	0.00540	0.00945
3	0.01878	0.01305	0.01572	0.01356	0.01757	0.01252	0.01081	0.12742	0.02614	0.08022	0.31013	0.05376	0.09252	0.01560	0.00963	0.00269	0.00605	0.07013	0.00875	0.09494
4	0.61921	0.01541	0.01261	0.01138	0.01617	0.01749	0.00922	0.02396	0.01665	0.03838	0.12597	0.02350	0.02277	0.00988	0.00629	0.00271	0.00627	0.00674	0.00617	0.00922
5	0.01713	0.00984	0.01345	0.01423	0.01644	0.00924	0.01119	0.01992	0.01948	0.13762	0.04487	0.34661	0.04828	0.02309	0.01104	0.00357	0.00661	0.22997	0.00857	0.00886
6	0.36786	0.01552	0.01487	0.01287	0.01741	0.01704	0.01033	0.12936	0.02301	0.04061	0.22754	0.03293	0.03546	0.01188	0.00769	0.00270	0.00636	0.00909	0.00745	0.01001
7	0.43600	0.01732	0.01666	0.01394	0.01978	0.01888	0.01142	0.09112	0.07822	0.18906	0.02073	0.02042	0.01462	0.00936	0.00690	0.00272	0.00722	0.00653	0.00739	0.01173
8	0.02344	0.01615	0.01910	0.01633	0.02141	0.01605	0.01341	0.22128	0.02691	0.09877	0.03090	0.11748	0.02917	0.01519	0.00944	0.00284	0.00787	0.15687	0.00802	0.14937
9	0.15558	0.01375	0.01556	0.01326	0.01858	0.01243	0.01089	0.02206	0.01898	0.05802	0.09235	0.04135	0.02891	0.01223	0.00806	0.00240	0.00665	0.13669	0.00661	0.32565
10	0.24004	0.01542	0.01643	0.01329	0.01914	0.01499	0.01070	0.04956	0.06195	0.14685	0.10648	0.02677	0.02424	0.00986	0.00736	0.00233	0.00654	0.00761	0.00728	0.21315

[dist]
# distance from previous block
# <min> <max>
6	23

[block]
# block no. 1 follows, 20 sequences, length 63
# corresponding to MSA columns:
# 56-90,92-119
name=unknown_B
#
# <colnr> <probs for GDERKNQSTAVLIFYWHMCP>
#	G	D	E	R	K	N	Q	S	T	A	V	L	I	F	Y	W	H	M	C	P
0	0.01077	0.00770	0.01025	0.01205	0.01268	0.00718	0.00811	0.01250	0.01736	0.02332	0.09667	0.63616	0.05973	0.02654	0.01106	0.00348	0.00498	0.02405	0.00822	0.00718
1	0.01928	0.01921	0.02740	0.02530	0.07121	0.02625	0.01969	0.02145	0.01387	0.02158	0.01184	0.01928	0.01164	0.01468	0.02706	0.00372	0.62518	0.00764	0.00386	0.00988
2	0.03281	0.03485	0.02529	0.02153	0.02700	0.41086	0.01675	0.26034	0.03111	0.03453	0.01641	0.01777	0.01265	0.00957	0.00820	0.00239	0.01333	0.00649	0.00615	0.01196
3	0.03914	0.01484	0.02024	0.01552	0.02227	0.01282	0.01282	0.04251	0.02497	0.64507	0.03441	0.02969	0.02159	0.01080	0.00877	0.00270	0.00742	0.00877	0.01080	0.01484
4	0.01031	0.00884	0.00884	0.00884	0.01178	0.00736	0.00663	0.01252	0.01988	0.02356	0.08837	0.08395	0.63549	0.02209	0.01031	0.00295	0.00442	0.01841	0.00810	0.00736
5	0.01235	0.00892	0.01166	0.01097	0.01303	0.00823	0.00823	0.01646	0.02469	0.03498	0.63443	0.06516	0.08230	0.01783	0.01029	0.00274	0.00412	0.01578	0.00960	0.00823
6	0.01750	0.04512	0.64825	0.02486	0.03775	0.02026	0.03223	0.02762	0.01842	0.02762	0.01565	0.01842	0.01105	0.00829	0.00829	0.00276	0.01289	0.00645	0.00368	0.01289
7	0.01647	0.01550	0.02616	0.67248	0.06008	0.01938	0.02422	0.02229	0.01744	0.02229	0.01550	0.02326	0.01163	0.00872	0.00872	0.00291	0.01163	0.00775	0.00388	0.00969
8	0.01063	0.00759	0.01012	0.01215	0.01265	0.00709	0.00810	0.01215	0.01670	0.02227	0.04808	0.68775	0.05769	0.02733	0.01113	0.00354	0.00506	0.02480	0.00810	0.00709
9	0.01647	0.01550	0.02616	0.67248	0.06008	0.01938	0.02422	0.02229	0.01744	0.02229	0.01550	0.02326	0.01163	0.00872	0.00872	0.00291	0.01163	0.00775	0.00388	0.00969
10	0.03914	0.01484	0.02024	0.01552	0.02227	0.01282	0.01282	0.04251	0.02497	0.64507	0.03441	0.02969	0.02159	0.01080	0.00877	0.00270	0.00742	0.00877	0.01080	0.01484
11	0.01647	0.01550	0.02616	0.67248	0.06008	0.01938	0.02422	0.02229	0.01744	0.02229	0.01550	0.02326	0.01163	0.00872	0.00872	0.00291	0.01163	0.00775	0.00388	0.00969
12	0.01033	0.00876	0.00891	0.00903	0.01183	0.00735	0.00671	0.01250	0.01969	0.02349	0.08597	0.11980	0.60119	0.02240	0.01036	0.00298	0.00446	0.01879	0.00810	0.00735
13	0.01750	0.04512	0.64825	0.02486	0.03775	0.02026	0.03223	0.02762	0.01842	0.02762	0.01565	0.01842	0.01105	0.00829	0.00829	0.00276	0.01289	0.00645	0.00368	0.01289
14	0.01393	0.01099	0.01561	0.01528	0.01729	0.01084	0.06220	0.06244	0.05497	0.02618	0.04251	0.53772	0.04855	0.02332	0.01074	0.00338	0.00638	0.02130	0.00787	0.00851
15	0.01609	0.00815	0.00819	0.00819	0.01013	0.00815	0.00606	0.01997	0.01803	0.03179	0.02841	0.03367	0.02279	0.04208	0.00789	0.00233	0.00427	0.00834	0.70747	0.00800
16	0.01647	0.01550	0.02616	0.67248	0.06008	0.01938	0.02422	0.02229	0.01744	0.02229	0.01550	0.02326	0.01163	0.00872	0.00872	0.00291	0.01163	0.00775	0.00388	0.00969
17	0.01680	0.01613	0.02815	0.62264	0.05894	0.01959	0.06994	0.02273	0.01769	0.02273	0.01567	0.02328	0.01175	0.00861	0.00884	0.00291	0.01187	0.00795	0.00392	0.00985
18	0.01908	0.01908	0.02672	0.02290	0.02290	0.02672	0.01908	0.02099	0.01336	0.02099	0.01145	0.01908	0.01145	0.01527	0.02863	0.00382	0.67748	0.00763	0.00382	0.00954
19	0.01908	0.01908	0.02672	0.02290	0.02290	0.02672	0.01908	0.02099	0.01336	0.02099	0.01145	0.01908	0.01145	0.01527	0.02863	0.00382	0.67748	0.00763	0.00382	0.00954
20	0.03316	0.02443	0.02618	0.02007	0.02705	0.02705	0.01658	0.60995	0.04101	0.05497	0.02094	0.02094	0.01483	0.01047	0.00873	0.00262	0.00960	0.00785	0.00873	0.01483
21	0.02424	0.01964	0.02034	0.01789	0.02307	0.04626	0.01401	0.07844	0.51625	0.08741	0.03370	0.03097	0.02492	0.01156	0.00882	0.00289	0.00745	0.00949	0.00885	0.01381
22	0.01626	0.00813	0.00813	0.00813	0.01016	0.00813	0.00610	0.02033	0.01829	0.03252	0.02846	0.03252	0.02236	0.01016	0.00610	0.00203	0.00407	0.00813	0.74187	0.00813
23	0.01878	0.04332	0.61096	0.02431	0.03683	0.01982	0.03108	0.02851	0.01881	0.06428	0.01677	0.01909	0.01168	0.00844	0.00832	0.00276	0.01257	0.00658	0.00411	0.01301
24	0.02906	0.11340	0.02755	0.10533	0.03056	0.34846	0.01740	0.14793	0.04953	0.02870	0.01594	0.01820	0.01260	0.00918	0.00791	0.00239	0.01285	0.00639	0.00534	0.01128
25	0.01647	0.01550	0.02616	0.67248	0.06008	0.01938	0.02422	0.02229	0.01744	0.02229	0.01550	0.02326	0.01163	0.00872	0.00872	0.00291	0.01163	0.00775	0.00388	0.00969
26	0.01246	0.00935	0.01402	0.01402	0.01558	0.01090	0.01090	0.01558	0.01402	0.02025	0.02336	0.03427	0.02181	0.06542	0.65888	0.01402	0.02336	0.00935	0.00467	0.00779
27	0.02122	0.02471	0.12395	0.03187	0.04063	0.02021	0.44643	0.02840	0.02092	0.07948	0.05681	0.02594	0.01790	0.00841	0.00991	0.00289	0.01321	0.01001	0.00517	0.01195
28	0.01647	0.01550	0.02616	0.67248	0.06008	0.01938	0.02422	0.02229	0.01744	0.02229	0.01550	0.02326	0.01163	0.00872	0.00872	0.00291	0.01163	0.00775	0.00388	0.00969
29	0.69434	0.01645	0.01296	0.01153	0.01687	0.01878	0.00947	0.02578	0.01547	0.06324	0.01628	0.01775	0.03640	0.00880	0.00574	0.00271	0.00668	0.00547	0.00573	0.00958
30	0.02005	0.02249	0.04818	0.11935	0.04747	0.02171	0.53160	0.02721	0.02018	0.02721	0.01737	0.02349	0.01303	0.00753	0.01009	0.00294	0.01431	0.00996	0.00434	0.01150
31	0.03756	0.01518	0.02075	0.01610	0.02232	0.01391	0.01331	0.04082	0.02406	0.59615	0.03261	0.02886	0.02080	0.01115	0.01033	0.00279	0.05996	0.00868	0.01025	0.01443
32	0.01750	0.04512	0.64825	0.02486	0.03775	0.02026	0.03223	0.02762	0.01842	0.02762	0.01565	0.01842	0.01105	0.00829	0.00829	0.00276	0.01289	0.00645	0.00368	0.01289
33	0.02966	0.02400	0.02373	0.01905	0.02518	0.08471	0.01540	0.42928	0.11673	0.04667	0.02780	0.02724	0.06753	0.01148	0.00880	0.00266	0.00939	0.00879	0.00829	0.01363
34	0.03051	0.02288	0.02455	0.01939	0.02580	0.02542	0.01581	0.50130	0.12637	0.05086	0.02424	0.05060	0.01838	0.01138	0.00885	0.00271	0.00901	0.00886	0.00872	0.01436
35	0.02233	0.58747	0.14825	0.01662	0.02500	0.03209	0.01787	0.02638	0.01784	0.02173	0.01273	0.01475	0.01117	0.00760	0.00605	0.00202	0.00993	0.00497	0.00372	0.01148
36	0.01647	0.01550	0.02616	0.67248	0.06008	0.01938	0.02422	0.02229	0.01744	0.02229	0.01550	0.02326	0.01163	0.00872	0.00872	0.00291	0.01163	0.00775	0.00388	0.00969
37	0.01750	0.04512	0.64825	0.02486	0.03775	0.02026	0.03223	0.02762	0.01842	0.02762	0.01565	0.01842	0.01105	0.00829	0.00829	0.00276	0.01289	0.00645	0.00368	0.01289
38	0.01838	0.01811	0.02657	0.19900	0.03298	0.02473	0.02048	0.02134	0.01447	0.02134	0.01255	0.02021	0.01150	0.01349	0.02323	0.00357	0.49698	0.00767	0.00383	0.00958
39	0.01782	0.04321	0.60020	0.02711	0.08489	0.02029	0.03180	0.02756	0.01853	0.02769	0.01571	0.01866	0.01127	0.00825	0.00831	0.00275	0.01269	0.00655	0.00373	0.01296
40	0.03348	0.02896	0.02523	0.02044	0.02663	0.22181	0.01635	0.38445	0.03463	0.09344	0.01974	0.02005	0.01428	0.01004	0.00846	0.00251	0.01132	0.00724	0.00758	0.01337
41	0.02170	0.01874	0.01972	0.01775	0.02268	0.02170	0.01381	0.04635	0.62327	0.03649	0.03550	0.03254	0.02663	0.01183	0.00888	0.00296	0.00690	0.00986	0.00888	0.01381
42	0.01063	0.00759	0.01012	0.01215	0.01265	0.00709	0.00810	0.01215	0.01670	0.02227	0.04808	0.68775	0.05769	0.02733	0.01113	0.00354	0.00506	0.02480	0.00810	0.00709
43	0.01949	0.02029	0.03345	0.02667	0.02908	0.02545	0.17918	0.02288	0.01533	0.02288	0.01314	0.02029	0.01194	0.01311	0.02364	0.00358	0.49711	0.00836	0.00398	0.01015
44	0.01074	0.00770	0.01036	0.01226	0.01283	0.00732	0.00827	0.01236	0.01654	0.02214	0.04655	0.64746	0.05548	0.02968	0.05108	0.00419	0.00619	0.02384	0.00789	0.00713
45	0.01063	0.00759	0.01012	0.01215	0.01265	0.00709	0.00810	0.01215	0.01670	0.02227	0.04808	0.68775	0.05769	0.02733	0.01113	0.00354	0.00506	0.02480	0.00810	0.00709
46	0.03274	0.03691	0.02512	0.02182	0.02699	0.48660	0.01678	0.19135	0.02915	0.03050	0.01551	0.01715	0.01222	0.00939	0.00810	0.00235	0.01406	0.00623	0.00565	0.01140
47	0.01037	0.00860	0.00908	0.00946	0.01195	0.00731	0.00691	0.01245	0.01928	0.02332	0.08074	0.19822	0.52614	0.02308	0.01047	0.00306	0.00454	0.01962	0.00810	0.00731
48	0.01219	0.00891	0.01144	0.01081	0.01293	0.00816	0.00810	0.01615	0.02431	0.03408	0.59162	0.06663	0.12568	0.01817	0.01029	0.00276	0.00414	0.01598	0.00948	0.00816
49	0.01976	0.02108	0.03783	0.02912	0.03308	0.02463	0.28314	0.02411	0.01660	0.02411	0.01423	0.02108	0.01225	0.01171	0.02040	0.00342	0.37998	0.00883	0.00408	0.01054
50	0.02059	0.02353	0.05147	0.03676	0.04559	0.02206	0.60735	0.02794	0.02059	0.02794	0.01765	0.02353	0.01324	0.00735	0.01029	0.00294	0.01471	0.01029	0.00441	0.01176
51	0.71222	0.01732	0.01361	0.01198	0.01747	0.02001	0.00987	0.06032	0.01640	0.04008	0.01267	0.01457	0.00977	0.00824	0.00560	0.00269	0.00692	0.00491	0.00560	0.00977
52	0.11606	0.01607	0.01781	0.01361	0.02059	0.01414	0.01090	0.02748	0.10110	0.08202	0.01937	0.02052	0.01506	0.00777	0.00684	0.00182	0.00664	0.00605	0.00617	0.48997
53	0.61564	0.01699	0.01418	0.01254	0.01796	0.01943	0.01022	0.02937	0.09451	0.07616	0.01655	0.01751	0.01243	0.00875	0.00606	0.00273	0.00681	0.00564	0.00618	0.01035
54	0.03094	0.03633	0.02312	0.02087	0.02545	0.53498	0.01576	0.03470	0.06289	0.06342	0.02089	0.02193	0.05140	0.01010	0.00814	0.00237	0.01392	0.00689	0.00541	0.01049
55	0.01647	0.01550	0.02616	0.67248	0.06008	0.01938	0.02422	0.02229	0.01744	0.02229	0.01550	0.02326	0.01163	0.00872	0.00872	0.00291	0.01163	0.00775	0.00388	0.00969
56	0.02050	0.01961	0.03344	0.18524	0.51584	0.02044	0.02623	0.02582	0.01935	0.02718	0.01622	0.02194	0.01335	0.00797	0.00865	0.00266	0.01063	0.00777	0.00422	0.01294
57	0.18189	0.01758	0.01780	0.01489	0.02039	0.05393	0.01190	0.08135	0.13225	0.18460	0.07623	0.03042	0.05925	0.01115	0.00804	0.00262	0.00734	0.00868	0.00805	0.07165
58	0.02129	0.02042	0.03486	0.09027	0.60467	0.02065	0.02662	0.02650	0.01972	0.02813	0.01635	0.02169	0.01369	0.00783	0.00864	0.00261	0.01044	0.00777	0.00429	0.01357
59	0.55802	0.02176	0.06790	0.01436	0.02051	0.06250	0.01270	0.09801	0.01900	0.03895	0.01360	0.01545	0.01036	0.00846	0.00621	0.00266	0.00820	0.00531	0.00560	0.01044
60	0.18896	0.02278	0.02319	0.07257	0.02731	0.06369	0.01581	0.36353	0.03071	0.04474	0.01755	0.01922	0.01297	0.00999	0.00910	0.00271	0.04847	0.00701	0.00705	0.01263
61	0.01815	0.01655	0.02670	0.58232	0.09110	0.02009	0.02374	0.07125	0.01954	0.02536	0.01601	0.02297	0.01202	0.00881	0.00872	0.00286	0.01139	0.00776	0.00430	0.01036
62	0.41425	0.01730	0.01702	0.01407	0.02003	0.01861	0.01156	0.10252	0.05647	0.21922	0.02113	0.02063	0.01467	0.00940	0.00700	0.00270	0.00730	0.00659	0.00759	0.01194

[dist]
# distance from previous block
# <min> <max>
15	22

[block]
# block no. 2 follows, 20 sequences, length 12
# corresponding to MSA columns:
# 145-156
name=unknown_C
#
# <colnr> <probs for GDERKNQSTAVLIFYWHMCP>
#	G	D	E	R	K	N	Q	S	T	A	V	L	I	F	Y	W	H	M	C	P
0	0.14832	0.02049	0.02165	0.01716	0.02363	0.02206	0.01402	0.31515	0.11882	0.11044	0.02259	0.02222	0.01624	0.00994	0.00800	0.00256	0.00821	0.00748	0.00809	0.08293
1	0.07714	0.16357	0.48653	0.02196	0.03326	0.02284	0.02722	0.02719	0.01800	0.02723	0.01472	0.01726	0.01095	0.00812	0.00756	0.00259	0.01175	0.00598	0.00383	0.01230
2	0.45148	0.01749	0.01653	0.01391	0.01971	0.01925	0.01138	0.09505	0.08625	0.16301	0.02016	0.02005	0.01437	0.00931	0.00682	0.00272	0.00721	0.00644	0.00723	0.01160
3	0.01819	0.12258	0.57684	0.02368	0.03593	0.02195	0.03018	0.02745	0.01833	0.02678	0.01524	0.01789	0.01107	0.00819	0.00797	0.00266	0.01247	0.00623	0.00369	0.01269
4	0.02247	0.02161	0.03760	0.02713	0.03530	0.02033	0.33129	0.14397	0.02406	0.03353	0.01775	0.02158	0.01348	0.00775	0.00897	0.00244	0.01151	0.00846	0.00548	0.20529
5	0.02064	0.01976	0.03369	0.16851	0.53149	0.02048	0.02630	0.02594	0.01941	0.02734	0.01624	0.02190	0.01341	0.00795	0.00865	0.00265	0.01060	0.00777	0.00424	0.01305
6	0.01670	0.01431	0.01292	0.01224	0.01537	0.10847	0.00918	0.01928	0.02159	0.08051	0.16212	0.12676	0.33014	0.01886	0.00988	0.00284	0.00645	0.01577	0.00804	0.00858
7	0.02916	0.02051	0.02273	0.01790	0.02392	0.02193	0.01455	0.43735	0.03541	0.09295	0.09056	0.07071	0.02548	0.01224	0.00896	0.00264	0.00840	0.00980	0.00877	0.04603
8	0.02299	0.01938	0.02045	0.01801	0.02318	0.02230	0.01412	0.10995	0.55757	0.03858	0.03386	0.03124	0.02530	0.01168	0.00886	0.00292	0.00721	0.00964	0.00886	0.01392
9	0.01694	0.01641	0.02902	0.60074	0.05844	0.01968	0.09003	0.02292	0.01780	0.02292	0.01575	0.02329	0.01181	0.00857	0.00890	0.00291	0.01198	0.00804	0.00394	0.00992
10	0.01417	0.01372	0.01260	0.01210	0.01502	0.08081	0.00917	0.01800	0.06501	0.02404	0.06869	0.10877	0.44380	0.01981	0.01114	0.00296	0.04831	0.01612	0.00749	0.00827
11	0.03433	0.01368	0.01860	0.01486	0.02063	0.01190	0.01201	0.03755	0.02405	0.53854	0.07372	0.10386	0.02937	0.01305	0.00913	0.00279	0.00696	0.01097	0.01043	0.01358

[dist]
# distance from previous block
# <min> <max>
0	2

[block]
# block no. 3 follows, 20 sequences, length 12
# corresponding to MSA columns:
# 159-170
name=unknown_D
#
# <colnr> <probs for GDERKNQSTAVLIFYWHMCP>
#	G	D	E	R	K	N	Q	S	T	A	V	L	I	F	Y	W	H	M	C	P
0	0.65323	0.01779	0.01818	0.01498	0.02085	0.01991	0.09235	0.02596	0.01564	0.03758	0.01291	0.01547	0.00997	0.00799	0.00608	0.00273	0.00785	0.00550	0.00526	0.00977
1	0.13211	0.02282	0.02368	0.01865	0.02520	0.02548	0.01531	0.47290	0.09528	0.05094	0.02117	0.02116	0.01526	0.01028	0.00828	0.00266	0.00894	0.00762	0.00828	0.01399
2	0.01063	0.00759	0.01012	0.01215	0.01265	0.00709	0.00810	0.01215	0.01670	0.02227	0.04808	0.68775	0.05769	0.02733	0.01113	0.00354	0.00506	0.02480	0.00810	0.00709
3	0.01647	0.01550	0.02616	0.67248	0.06008	0.01938	0.02422	0.02229	0.01744	0.02229	0.01550	0.02326	0.01163	0.00872	0.00872	0.00291	0.01163	0.00775	0.00388	0.00969
4	0.01647	0.01550	0.02616	0.67248	0.06008	0.01938	0.02422	0.02229	0.01744	0.02229	0.01550	0.02326	0.01163	0.00872	0.00872	0.00291	0.01163	0.00775	0.00388	0.00969
5	0.02159	0.02073	0.03541	0.05354	0.63903	0.02073	0.02677	0.02677	0.01986	0.02850	0.01641	0.02159	0.01382	0.00777	0.00864	0.00259	0.01036	0.00777	0.00432	0.01382
6	0.01089	0.00882	0.00951	0.00987	0.01229	0.00769	0.00737	0.01304	0.01906	0.02318	0.07606	0.13427	0.48213	0.07572	0.01324	0.00353	0.00514	0.07310	0.00787	0.00724
7	0.01699	0.04154	0.58538	0.02349	0.03531	0.01907	0.02986	0.02652	0.01904	0.02835	0.07677	0.02303	0.01809	0.00923	0.00848	0.00276	0.01202	0.00737	0.00427	0.01243
8	0.59718	0.01596	0.01376	0.01199	0.01731	0.01774	0.00982	0.02726	0.01703	0.12282	0.06435	0.02035	0.01688	0.00924	0.00625	0.00270	0.00663	0.00616	0.00648	0.01010
9	0.02446	0.02861	0.03341	0.02690	0.03118	0.25560	0.19456	0.02812	0.01967	0.02320	0.01405	0.01919	0.01191	0.01061	0.01556	0.00298	0.23764	0.00770	0.00424	0.01042
10	0.06448	0.01630	0.01979	0.01539	0.02194	0.01508	0.01251	0.11493	0.05775	0.34409	0.02819	0.05464	0.02014	0.01050	0.00823	0.00244	0.00736	0.00847	0.00885	0.16891
11	0.02221	0.01665	0.01940	0.01414	0.02169	0.01383	0.01143	0.10363	0.02187	0.09292	0.01811	0.01962	0.01404	0.00743	0.00700	0.00161	0.00698	0.00589	0.00621	0.57535

[dist]
# distance from previous block
# <min> <max>
2	5

[block]
# block no. 4 follows, 20 sequences, length 8
# corresponding to MSA columns:
# 176-183
name=unknown_E
#
# <colnr> <probs for GDERKNQSTAVLIFYWHMCP>
#	G	D	E	R	K	N	Q	S	T	A	V	L	I	F	Y	W	H	M	C	P
0	0.02159	0.02073	0.03541	0.05354	0.63903	0.02073	0.02677	0.02677	0.01986	0.02850	0.01641	0.02159	0.01382	0.00777	0.00864	0.00259	0.01036	0.00777	0.00432	0.01382
1	0.02071	0.02318	0.04950	0.03883	0.11852	0.02189	0.53600	0.02780	0.02050	0.02801	0.01749	0.02329	0.01331	0.00740	0.01009	0.00290	0.01417	0.00998	0.00440	0.01202
2	0.03258	0.04157	0.02472	0.02247	0.02697	0.65843	0.01685	0.03483	0.02472	0.02135	0.01348	0.01573	0.01124	0.00899	0.00787	0.00225	0.01573	0.00562	0.00449	0.01011
3	0.64548	0.02107	0.10723	0.01346	0.01997	0.01967	0.01283	0.02594	0.01538	0.03743	0.01267	0.01480	0.00968	0.00813	0.00583	0.00271	0.00766	0.00498	0.00514	0.00996
4	0.01164	0.00896	0.01175	0.01261	0.01355	0.00907	0.00897	0.01368	0.01801	0.02435	0.14427	0.46841	0.11256	0.02419	0.01249	0.00338	0.06546	0.02117	0.00796	0.00752
5	0.02796	0.02049	0.02238	0.01754	0.02375	0.02171	0.01410	0.37110	0.10581	0.07484	0.02319	0.02564	0.01786	0.07162	0.01163	0.00299	0.00859	0.00818	0.00801	0.12260
6	0.01790	0.01078	0.01253	0.10797	0.01919	0.01160	0.00979	0.07676	0.02033	0.03314	0.02582	0.03004	0.02005	0.00998	0.00674	0.00222	0.00572	0.00805	0.56241	0.00900
7	0.55345	0.01705	0.01410	0.01238	0.01762	0.04942	0.01005	0.02714	0.01737	0.11455	0.04991	0.02225	0.04597	0.00967	0.00644	0.00269	0.00703	0.00652	0.00639	0.01000

[dist]
# distance from previous block
# <min> <max>
0	5

[block]
# block no. 5 follows, 20 sequences, length 10
# corresponding to MSA columns:
# 189-198
name=unknown_F
#
# <colnr> <probs for GDERKNQSTAVLIFYWHMCP>
#	G	D	E	R	K	N	Q	S	T	A	V	L	I	F	Y	W	H	M	C	P
0	0.13695	0.02024	0.02156	0.01696	0.02333	0.02144	0.01382	0.36151	0.03120	0.09037	0.02181	0.06679	0.01727	0.01079	0.00810	0.00252	0.00828	0.00828	0.00787	0.11088
1	0.02422	0.63465	0.04366	0.01566	0.02283	0.09533	0.01511	0.02697	0.01841	0.02060	0.01226	0.01416	0.01120	0.00761	0.00582	0.00190	0.00995	0.00476	0.00381	0.01109
2	0.01234	0.00851	0.00997	0.01011	0.01052	0.00853	0.00615	0.01293	0.01362	0.01811	0.03284	0.10322	0.07482	0.53404	0.10152	0.00827	0.00943	0.01364	0.00563	0.00582
3	0.02159	0.02073	0.03541	0.05354	0.63903	0.02073	0.02677	0.02677	0.01986	0.02850	0.01641	0.02159	0.01382	0.00777	0.00864	0.00259	0.01036	0.00777	0.00432	0.01382
4	0.01647	0.01550	0.02616	0.67248	0.06008	0.01938	0.02422	0.02229	0.01744	0.02229	0.01550	0.02326	0.01163	0.00872	0.00872	0.00291	0.01163	0.00775	0.00388	0.00969
5	0.01332	0.00900	0.01172	0.01183	0.01382	0.00829	0.00889	0.01657	0.02182	0.06213	0.34856	0.22453	0.11801	0.02085	0.01060	0.00309	0.00495	0.07482	0.00900	0.00820
6	0.01643	0.01419	0.02294	0.55369	0.05115	0.01737	0.02098	0.02194	0.01759	0.02412	0.01782	0.02491	0.01355	0.00898	0.00825	0.00275	0.01028	0.00782	0.13584	0.00941
7	0.01239	0.00890	0.01191	0.01249	0.01419	0.00842	0.00964	0.01590	0.02178	0.02997	0.35926	0.21109	0.06892	0.02148	0.01091	0.00323	0.00529	0.15738	0.00888	0.00793
8	0.02328	0.55573	0.12652	0.01690	0.02486	0.08332	0.01745	0.02703	0.01839	0.02156	0.01272	0.01474	0.01118	0.00770	0.00615	0.00202	0.01034	0.00499	0.00379	0.01134
9	0.02618	0.01790	0.02055	0.01692	0.02271	0.01878	0.01354	0.09718	0.30032	0.17694	0.02944	0.02776	0.02136	0.01074	0.00935	0.00263	0.03784	0.00854	0.00847	0.13286

[dist]
# distance from previous block
# <min> <max>
18	32

[block]
# block no. 6 follows, 20 sequences, length 8
# corresponding to MSA columns:
# 236-243
name=unknown_G
#
# <colnr> <probs for GDERKNQSTAVLIFYWHMCP>
#	G	D	E	R	K	N	Q	S	T	A	V	L	I	F	Y	W	H	M	C	P
0	0.02156	0.22370	0.03297	0.03125	0.27195	0.09194	0.01919	0.02525	0.01946	0.02451	0.02053	0.09126	0.02025	0.01117	0.00819	0.00255	0.00991	0.05804	0.00486	0.01146
1	0.02432	0.02785	0.02393	0.02009	0.02505	0.30895	0.06579	0.02825	0.04641	0.02423	0.02313	0.02535	0.08032	0.01049	0.01015	0.00237	0.07759	0.00770	0.00514	0.16289
2	0.01930	0.01431	0.01756	0.07183	0.02128	0.01596	0.01222	0.19989	0.02232	0.03026	0.02310	0.03568	0.02158	0.22253	0.22527	0.00793	0.01382	0.00970	0.00604	0.00943
3	0.01595	0.01059	0.01515	0.08662	0.02194	0.01072	0.01385	0.01960	0.01956	0.08225	0.04214	0.20276	0.04487	0.02184	0.01120	0.00368	0.00777	0.35303	0.00785	0.00865
4	0.01366	0.00986	0.01351	0.01515	0.01722	0.00971	0.01306	0.01757	0.02048	0.02673	0.10106	0.09451	0.09094	0.02341	0.01178	0.00383	0.00745	0.49390	0.00818	0.00801
5	0.07135	0.01585	0.01871	0.01397	0.02077	0.01364	0.01131	0.02424	0.01815	0.09190	0.01686	0.01910	0.01344	0.00780	0.00859	0.00176	0.06606	0.00573	0.00564	0.55514
6	0.01890	0.01889	0.02909	0.02336	0.02604	0.02298	0.11857	0.02212	0.01578	0.02386	0.04151	0.02181	0.01519	0.01280	0.02156	0.00327	0.43962	0.00812	0.00437	0.11217
7	0.47031	0.04741	0.01638	0.01329	0.01854	0.01880	0.01112	0.08373	0.01954	0.09292	0.05140	0.02758	0.01919	0.01071	0.00698	0.00279	0.00720	0.06515	0.00663	0.01034

[dist]
# distance from previous block
# <min> <max>
0	1

[block]
# block no. 7 follows, 20 sequences, length 25
# corresponding to MSA columns:
# 245-264,266-270
name=unknown_H
#
# <colnr> <probs for GDERKNQSTAVLIFYWHMCP>
#	G	D	E	R	K	N	Q	S	T	A	V	L	I	F	Y	W	H	M	C	P
0	0.01399	0.01045	0.01241	0.01189	0.01436	0.01004	0.00885	0.08653	0.02361	0.03169	0.29177	0.21881	0.19201	0.02025	0.01031	0.00297	0.00508	0.01765	0.00878	0.00855
1	0.69236	0.01753	0.01398	0.01222	0.01775	0.02022	0.01007	0.07639	0.01712	0.04051	0.01291	0.01476	0.00991	0.00830	0.00569	0.00269	0.00700	0.00500	0.00569	0.00991
2	0.03308	0.02692	0.02597	0.02042	0.02704	0.11849	0.01662	0.52666	0.03865	0.05010	0.01986	0.02019	0.01431	0.01026	0.00860	0.00256	0.01049	0.00753	0.00811	0.01415
3	0.02332	0.69869	0.04571	0.01493	0.02239	0.03451	0.01493	0.02612	0.01772	0.02052	0.01213	0.01399	0.01119	0.00746	0.00560	0.00187	0.00933	0.00466	0.00373	0.01119
4	0.01130	0.00891	0.01094	0.04375	0.01542	0.00826	0.00914	0.01371	0.01867	0.02343	0.06410	0.29700	0.31115	0.02359	0.01079	0.00332	0.00555	0.10561	0.00788	0.00748
5	0.01253	0.00848	0.00947	0.00947	0.00966	0.00839	0.00537	0.01267	0.01314	0.01734	0.03137	0.05880	0.07022	0.65062	0.04222	0.00811	0.00820	0.01305	0.00546	0.00542
6	0.03186	0.03898	0.02494	0.02231	0.02674	0.57406	0.01696	0.07818	0.02532	0.02391	0.01394	0.01632	0.01152	0.00946	0.00911	0.00236	0.05288	0.00590	0.00478	0.01044
7	0.01396	0.01042	0.01356	0.01487	0.01713	0.01045	0.01249	0.01938	0.07240	0.02683	0.07680	0.13479	0.11530	0.02277	0.01143	0.00371	0.00713	0.40000	0.00819	0.00840
8	0.02170	0.01874	0.01972	0.01775	0.02268	0.02170	0.01381	0.04635	0.62327	0.03649	0.03550	0.03254	0.02663	0.01183	0.00888	0.00296	0.00690	0.00986	0.00888	0.01381
9	0.01063	0.00759	0.01012	0.01215	0.01265	0.00709	0.00810	0.01215	0.01670	0.02227	0.04808	0.68775	0.05769	0.02733	0.01113	0.00354	0.00506	0.02480	0.00810	0.00709
10	0.02005	0.01915	0.03262	0.23980	0.46480	0.02032	0.02600	0.02542	0.01913	0.02663	0.01614	0.02209	0.01316	0.00806	0.00866	0.00269	0.01074	0.00777	0.00418	0.01257
11	0.01899	0.21248	0.49396	0.02232	0.03382	0.02391	0.02780	0.02724	0.01824	0.02581	0.01475	0.01728	0.01109	0.00808	0.00760	0.00253	0.01198	0.00599	0.00370	0.01246
12	0.01406	0.01004	0.01406	0.01606	0.01807	0.01004	0.01406	0.01807	0.02008	0.02610	0.04618	0.09839	0.05020	0.02410	0.01205	0.00402	0.00803	0.58032	0.00803	0.00803
13	0.02159	0.02073	0.03541	0.05354	0.63903	0.02073	0.02677	0.02677	0.01986	0.02850	0.01641	0.02159	0.01382	0.00777	0.00864	0.00259	0.01036	0.00777	0.00432	0.01382
14	0.02159	0.02073	0.03541	0.05354	0.63903	0.02073	0.02677	0.02677	0.01986	0.02850	0.01641	0.02159	0.01382	0.00777	0.00864	0.00259	0.01036	0.00777	0.00432	0.01382
15	0.01750	0.04512	0.64825	0.02486	0.03775	0.02026	0.03223	0.02762	0.01842	0.02762	0.01565	0.01842	0.01105	0.00829	0.00829	0.00276	0.01289	0.00645	0.00368	0.01289
16	0.01809	0.01550	0.01809	0.01292	0.02067	0.01163	0.01034	0.02196	0.01809	0.02842	0.01550	0.01809	0.01292	0.00646	0.00646	0.00129	0.00646	0.00517	0.00517	0.74677
17	0.07094	0.01220	0.01558	0.01395	0.01759	0.01198	0.06591	0.02093	0.09598	0.02943	0.15087	0.06224	0.26194	0.01723	0.00972	0.00297	0.00623	0.07858	0.04670	0.00901
18	0.01896	0.20925	0.49694	0.02237	0.03389	0.02384	0.02788	0.02725	0.01824	0.02584	0.01477	0.01731	0.01109	0.00808	0.00761	0.00254	0.01200	0.00600	0.00370	0.01247
19	0.01583	0.01138	0.01485	0.01288	0.01621	0.01067	0.03922	0.06984	0.02483	0.07267	0.38594	0.06122	0.19585	0.01718	0.01006	0.00279	0.00541	0.01496	0.00899	0.00921
20	0.01954	0.02117	0.04269	0.03109	0.03858	0.02014	0.44775	0.02566	0.01947	0.02712	0.01876	0.06328	0.01579	0.00907	0.01125	0.00283	0.06390	0.01031	0.00469	0.10690
21	0.02741	0.02124	0.02303	0.01795	0.02471	0.02240	0.01458	0.36286	0.14899	0.04517	0.02251	0.02253	0.01668	0.00980	0.00823	0.00237	0.00834	0.00762	0.00792	0.18567
22	0.01626	0.00813	0.00813	0.00813	0.01016	0.00813	0.00610	0.02033	0.01829	0.03252	0.02846	0.03252	0.02236	0.01016	0.00610	0.00203	0.00407	0.00813	0.74187	0.00813
23	0.49631	0.05525	0.01863	0.01427	0.02026	0.02264	0.01191	0.20376	0.02297	0.04298	0.01483	0.01622	0.01118	0.00879	0.00642	0.00263	0.00775	0.00567	0.00632	0.01118
24	0.02029	0.02263	0.04649	0.03397	0.04102	0.02300	0.48895	0.02654	0.01913	0.02654	0.01640	0.02263	0.01288	0.00895	0.01398	0.00312	0.14811	0.00976	0.00429	0.01132

[dist]
# distance from previous block
# <min> <max>
10	20

[block]
# block no. 8 follows, 20 sequences, length 33
# corresponding to MSA columns:
# 294-326
name=unknown_I
#
# <colnr> <probs for GDERKNQSTAVLIFYWHMCP>
#	G	D	E	R	K	N	Q	S	T	A	V	L	I	F	Y	W	H	M	C	P
0	0.66707	0.01689	0.01344	0.01186	0.01717	0.01944	0.00973	0.06387	0.01676	0.03982	0.01362	0.01562	0.01051	0.00837	0.00566	0.00266	0.00679	0.00512	0.04590	0.00973
1	0.02138	0.02472	0.04971	0.03582	0.04436	0.06401	0.56843	0.02840	0.02086	0.02751	0.01737	0.02302	0.01310	0.00746	0.01013	0.00290	0.01477	0.00999	0.00442	0.01166
2	0.01031	0.00884	0.00884	0.00884	0.01178	0.00736	0.00663	0.01252	0.01988	0.02356	0.08837	0.08395	0.63549	0.02209	0.01031	0.00295	0.00442	0.01841	0.00810	0.00736
3	0.02332	0.69869	0.04571	0.01493	0.02239	0.03451	0.01493	0.02612	0.01772	0.02052	0.01213	0.01399	0.01119	0.00746	0.00560	0.00187	0.00933	0.00466	0.00373	0.01119
4	0.01809	0.01550	0.01809	0.01292	0.02067	0.01163	0.01034	0.02196	0.01809	0.02842	0.01550	0.01809	0.01292	0.00646	0.00646	0.00129	0.00646	0.00517	0.00517	0.74677
5	0.01861	0.17046	0.53270	0.02296	0.03481	0.02299	0.02891	0.02734	0.01828	0.02626	0.01498	0.01757	0.01108	0.00813	0.00777	0.00259	0.01221	0.00610	0.00369	0.01257
6	0.01063	0.00759	0.01012	0.01215	0.01265	0.00709	0.00810	0.01215	0.01670	0.02227	0.04808	0.68775	0.05769	0.02733	0.01113	0.00354	0.00506	0.02480	0.00810	0.00709
7	0.02059	0.02353	0.05147	0.03676	0.04559	0.02206	0.60735	0.02794	0.02059	0.02794	0.01765	0.02353	0.01324	0.00735	0.01029	0.00294	0.01471	0.01029	0.00441	0.01176
8	0.02239	0.59407	0.14216	0.01652	0.02485	0.03223	0.01770	0.02636	0.01783	0.02166	0.01269	0.01470	0.01117	0.00759	0.00603	0.00201	0.00990	0.00495	0.00372	0.01147
9	0.01063	0.00759	0.01012	0.01215	0.01265	0.00709	0.00810	0.01215	0.01670	0.02227	0.04808	0.68775	0.05769	0.02733	0.01113	0.00354	0.00506	0.02480	0.00810	0.00709
10	0.01255	0.00848	0.00948	0.00948	0.00964	0.00840	0.00536	0.01268	0.01309	0.01729	0.03092	0.05860	0.06575	0.65560	0.04248	0.00815	0.00823	0.01301	0.00544	0.00540
11	0.02332	0.69869	0.04571	0.01493	0.02239	0.03451	0.01493	0.02612	0.01772	0.02052	0.01213	0.01399	0.01119	0.00746	0.00560	0.00187	0.00933	0.00466	0.00373	0.01119
12	0.01750	0.04512	0.64825	0.02486	0.03775	0.02026	0.03223	0.02762	0.01842	0.02762	0.01565	0.01842	0.01105	0.00829	0.00829	0.00276	0.01289	0.00645	0.00368	0.01289
13	0.01063	0.00759	0.01012	0.01215	0.01265	0.00709	0.00810	0.01215	0.01670	0.02227	0.04808	0.68775	0.05769	0.02733	0.01113	0.00354	0.00506	0.02480	0.00810	0.00709
14	0.02170	0.01874	0.01972	0.01775	0.02268	0.02170	0.01381	0.04635	0.62327	0.03649	0.03550	0.03254	0.02663	0.01183	0.00888	0.00296	0.00690	0.00986	0.00888	0.01381
15	0.02159	0.02073	0.03541	0.05354	0.63903	0.02073	0.02677	0.02677	0.01986	0.02850	0.01641	0.02159	0.01382	0.00777	0.00864	0.00259	0.01036	0.00777	0.00432	0.01382
16	0.02871	0.02222	0.02367	0.01917	0.02535	0.02497	0.01550	0.39107	0.26714	0.04780	0.02660	0.02545	0.01941	0.01100	0.00878	0.00275	0.00855	0.00863	0.00878	0.01444
17	0.01235	0.00892	0.01166	0.01097	0.01303	0.00823	0.00823	0.01646	0.02469	0.03498	0.63443	0.06516	0.08230	0.01783	0.01029	0.00274	0.00412	0.01578	0.00960	0.00823
18	0.01809	0.01550	0.01809	0.01292	0.02067	0.01163	0.01034	0.02196	0.01809	0.02842	0.01550	0.01809	0.01292	0.00646	0.00646	0.00129	0.00646	0.00517	0.00517	0.74677
19	0.02188	0.01795	0.02007	0.01530	0.02237	0.01669	0.01227	0.14840	0.13498	0.03542	0.02034	0.02136	0.01586	0.00829	0.00738	0.00188	0.00719	0.00659	0.00659	0.45918
20	0.01063	0.00759	0.01012	0.01215	0.01265	0.00709	0.00810	0.01215	0.01670	0.02227	0.04808	0.68775	0.05769	0.02733	0.01113	0.00354	0.00506	0.02480	0.00810	0.00709
21	0.03191	0.03950	0.02490	0.02237	0.02676	0.59232	0.01696	0.06412	0.02497	0.02308	0.01377	0.01618	0.01144	0.00940	0.00900	0.00235	0.05013	0.00584	0.00468	0.01033
22	0.02332	0.69869	0.04571	0.01493	0.02239	0.03451	0.01493	0.02612	0.01772	0.02052	0.01213	0.01399	0.01119	0.00746	0.00560	0.00187	0.00933	0.00466	0.00373	0.01119
23	0.01093	0.00772	0.01003	0.01176	0.01219	0.00729	0.00768	0.01223	0.01611	0.02148	0.04504	0.59463	0.05386	0.12568	0.01605	0.00427	0.00556	0.02301	0.00768	0.00682
24	0.01783	0.08238	0.61390	0.02430	0.03688	0.02107	0.03124	0.02754	0.01838	0.02722	0.01545	0.01816	0.01106	0.00824	0.00813	0.00271	0.01269	0.00634	0.00369	0.01279
25	0.01197	0.00824	0.00964	0.01021	0.01052	0.00801	0.00615	0.01252	0.01423	0.01880	0.03681	0.23490	0.07438	0.46793	0.03310	0.00676	0.00727	0.01641	0.00624	0.00591
26	0.01750	0.04512	0.64825	0.02486	0.03775	0.02026	0.03223	0.02762	0.01842	0.02762	0.01565	0.01842	0.01105	0.00829	0.00829	0.00276	0.01289	0.00645	0.00368	0.01289
27	0.02159	0.02073	0.03541	0.05354	0.63903	0.02073	0.02677	0.02677	0.01986	0.02850	0.01641	0.02159	0.01382	0.00777	0.00864	0.00259	0.01036	0.00777	0.00432	0.01382
28	0.01291	0.00967	0.01246	0.01385	0.01615	0.00922	0.01178	0.01637	0.02002	0.02533	0.05908	0.09398	0.22920	0.02348	0.01152	0.00369	0.00693	0.40847	0.00805	0.00783
29	0.01063	0.00759	0.01012	0.01215	0.01265	0.00709	0.00810	0.01215	0.01670	0.02227	0.04808	0.68775	0.05769	0.02733	0.01113	0.00354	0.00506	0.02480	0.00810	0.00709
30	0.02159	0.02073	0.03541	0.05354	0.63903	0.02073	0.02677	0.02677	0.01986	0.02850	0.01641	0.02159	0.01382	0.00777	0.00864	0.00259	0.01036	0.00777	0.00432	0.01382
31	0.02059	0.02353	0.05147	0.03676	0.04559	0.02206	0.60735	0.02794	0.02059	0.02794	0.01765	0.02353	0.01324	0.00735	0.01029	0.00294	0.01471	0.01029	0.00441	0.01176
32	0.02332	0.69869	0.04571	0.01493	0.02239	0.03451	0.01493	0.02612	0.01772	0.02052	0.01213	0.01399	0.01119	0.00746	0.00560	0.00187	0.00933	0.00466	0.00373	0.01119

[dist]
# distance from previous block
# <min> <max>
0	1

[block]
# block no. 9 follows, 20 sequences, length 16
# corresponding to MSA columns:
# 328-343
name=unknown_J
#
# <colnr> <probs for GDERKNQSTAVLIFYWHMCP>
#	G	D	E	R	K	N	Q	S	T	A	V	L	I	F	Y	W	H	M	C	P
0	0.02332	0.69869	0.04571	0.01493	0.02239	0.03451	0.01493	0.02612	0.01772	0.02052	0.01213	0.01399	0.01119	0.00746	0.00560	0.00187	0.00933	0.00466	0.00373	0.01119
1	0.02518	0.09789	0.02329	0.01703	0.02260	0.02201	0.01386	0.13402	0.34046	0.11081	0.07456	0.03054	0.02640	0.01142	0.00856	0.00273	0.00749	0.00923	0.00854	0.01338
2	0.01268	0.00846	0.00951	0.00951	0.00951	0.00846	0.00529	0.01268	0.01268	0.01691	0.02748	0.05708	0.03171	0.69345	0.04440	0.00846	0.00846	0.01268	0.00529	0.00529
3	0.54477	0.01991	0.01530	0.01350	0.01864	0.09868	0.01085	0.07397	0.01903	0.03788	0.06434	0.01912	0.01612	0.00921	0.00638	0.00264	0.00788	0.00600	0.00591	0.00987
4	0.01077	0.00770	0.01025	0.01205	0.01268	0.00718	0.00811	0.01250	0.01736	0.02331	0.09630	0.63655	0.05972	0.02655	0.01106	0.00348	0.00498	0.02406	0.00822	0.00718
5	0.02260	0.61743	0.12063	0.01616	0.02430	0.03274	0.01708	0.02631	0.01781	0.02141	0.01257	0.01454	0.01118	0.00757	0.00593	0.00198	0.00977	0.00489	0.00373	0.01141
6	0.01124	0.00824	0.01078	0.01221	0.01331	0.00746	0.00828	0.01296	0.01681	0.02277	0.04539	0.63254	0.05400	0.02561	0.01075	0.00336	0.00518	0.02318	0.00786	0.06807
7	0.70011	0.01628	0.01273	0.01143	0.01659	0.01873	0.00936	0.02496	0.01557	0.03883	0.05819	0.01794	0.01484	0.00882	0.00576	0.00270	0.00655	0.00554	0.00571	0.00936
8	0.01647	0.01550	0.02616	0.67248	0.06008	0.01938	0.02422	0.02229	0.01744	0.02229	0.01550	0.02326	0.01163	0.00872	0.00872	0.00291	0.01163	0.00775	0.00388	0.00969
9	0.01809	0.01550	0.01809	0.01292	0.02067	0.01163	0.01034	0.02196	0.01809	0.02842	0.01550	0.01809	0.01292	0.00646	0.00646	0.00129	0.00646	0.00517	0.00517	0.74677
10	0.03307	0.02715	0.02595	0.02045	0.02704	0.12697	0.01662	0.51893	0.03843	0.04965	0.01976	0.02012	0.01426	0.01024	0.00859	0.00256	0.01057	0.00750	0.00806	0.01409
11	0.03316	0.02443	0.02618	0.02007	0.02705	0.02705	0.01658	0.60995	0.04101	0.05497	0.02094	0.02094	0.01483	0.01047	0.00873	0.00262	0.00960	0.00785	0.00873	0.01483
12	0.03697	0.01533	0.02018	0.01580	0.02232	0.01392	0.01294	0.04299	0.09936	0.56941	0.03455	0.03004	0.02222	0.01093	0.00878	0.00273	0.00736	0.00891	0.01056	0.01472
13	0.75506	0.01687	0.01282	0.01147	0.01687	0.01957	0.00945	0.02564	0.01484	0.03914	0.01215	0.01417	0.00945	0.00810	0.00540	0.00270	0.00675	0.00472	0.00540	0.00945
14	0.03550	0.01583	0.02045	0.01624	0.02254	0.01478	0.01344	0.11124	0.05506	0.49193	0.03376	0.03438	0.02334	0.01190	0.00904	0.00281	0.00772	0.05561	0.01022	0.01424
15	0.03282	0.01660	0.02043	0.01620	0.02263	0.01597	0.01316	0.08828	0.16608	0.40317	0.03201	0.02869	0.02151	0.01066	0.00860	0.00264	0.00740	0.00866	0.00971	0.07480

[dist]
# distance from previous block
# <min> <max>
0	1

[block]
# block no. 10 follows, 20 sequences, length 8
# corresponding to MSA columns:
# 345-352
name=unknown_K
#
# <colnr> <probs for GDERKNQSTAVLIFYWHMCP>
#	G	D	E	R	K	N	Q	S	T	A	V	L	I	F	Y	W	H	M	C	P
0	0.05888	0.02626	0.02538	0.02450	0.11118	0.18529	0.01727	0.20621	0.07589	0.03509	0.01787	0.01995	0.01403	0.00985	0.01006	0.00255	0.07372	0.00706	0.00614	0.07281
1	0.01402	0.01115	0.01372	0.01239	0.01618	0.00916	0.00908	0.01678	0.01796	0.02599	0.08169	0.34521	0.04019	0.01746	0.00903	0.00250	0.00559	0.01551	0.00694	0.32947
2	0.01863	0.01042	0.01066	0.00981	0.01253	0.01078	0.00757	0.10304	0.02148	0.03567	0.02740	0.03090	0.02130	0.01021	0.00647	0.00211	0.00484	0.00809	0.63902	0.00907
3	0.02463	0.01927	0.02117	0.01617	0.02301	0.01899	0.01312	0.29467	0.06352	0.04077	0.02515	0.02565	0.06575	0.00991	0.00796	0.00214	0.00777	0.00777	0.00727	0.30531
4	0.01808	0.01680	0.02404	0.01839	0.02404	0.01604	0.09583	0.02183	0.01730	0.02626	0.01743	0.07063	0.01609	0.01012	0.01220	0.00225	0.15407	0.00794	0.00499	0.42568
5	0.01208	0.00864	0.01172	0.01330	0.01457	0.00828	0.01016	0.01487	0.01915	0.02564	0.14241	0.38522	0.05912	0.02468	0.01131	0.00358	0.00592	0.21344	0.00832	0.00759
6	0.02036	0.36622	0.35222	0.01998	0.03020	0.02726	0.02373	0.02688	0.01808	0.02414	0.01392	0.01624	0.01112	0.00788	0.00697	0.00232	0.01114	0.00557	0.00371	0.01206
7	0.02032	0.01943	0.03311	0.20708	0.49541	0.02039	0.02614	0.02566	0.01926	0.02696	0.01618	0.02200	0.01327	0.00801	0.00866	0.00267	0.01068	0.00777	0.00421	0.01279

[dist]
# distance from previous block
# <min> <max>
0	1

[block]
# block no. 11 follows, 20 sequences, length 35
# corresponding to MSA columns:
# 354-359,361-389
name=unknown_L
#
# <colnr> <probs for GDERKNQSTAVLIFYWHMCP>
#	G	D	E	R	K	N	Q	S	T	A	V	L	I	F	Y	W	H	M	C	P
0	0.01679	0.01479	0.02048	0.01554	0.02194	0.01203	0.08490	0.02094	0.01931	0.02850	0.09595	0.05918	0.06100	0.01043	0.00805	0.00197	0.00711	0.03272	0.00601	0.46236
1	0.01040	0.00884	0.00897	0.00893	0.01184	0.00740	0.00670	0.01270	0.02010	0.02408	0.11323	0.08309	0.61031	0.02190	0.01031	0.00294	0.00440	0.01829	0.00817	0.00740
2	0.02159	0.02073	0.03541	0.05354	0.63903	0.02073	0.02677	0.02677	0.01986	0.02850	0.01641	0.02159	0.01382	0.00777	0.00864	0.00259	0.01036	0.00777	0.00432	0.01382
3	0.01981	0.01659	0.01832	0.01733	0.02154	0.01882	0.01387	0.03936	0.47425	0.03392	0.03814	0.04881	0.03245	0.01486	0.00966	0.00322	0.00718	0.15080	0.00867	0.01238
4	0.01742	0.04300	0.60372	0.07122	0.03935	0.02019	0.03166	0.02724	0.01835	0.02724	0.01564	0.01876	0.01109	0.00832	0.00832	0.00277	0.01280	0.00654	0.00370	0.01266
5	0.01727	0.01654	0.02300	0.01977	0.02186	0.04949	0.05930	0.02022	0.01507	0.02185	0.01682	0.02489	0.01559	0.03255	0.26176	0.00731	0.29585	0.00818	0.00432	0.06834
6	0.03216	0.02384	0.02564	0.01960	0.02663	0.02603	0.01617	0.57094	0.03949	0.05321	0.02058	0.02075	0.01471	0.01021	0.00858	0.00253	0.00939	0.00768	0.00849	0.06339
7	0.02056	0.01756	0.02496	0.01797	0.02582	0.01466	0.12231	0.06307	0.02041	0.05966	0.01717	0.01985	0.01352	0.00710	0.00744	0.00176	0.00825	0.00648	0.00553	0.52593
8	0.07655	0.59969	0.08847	0.01542	0.02314	0.03235	0.01582	0.02620	0.01756	0.02242	0.01239	0.01434	0.01106	0.00757	0.00578	0.00199	0.00941	0.00480	0.00385	0.01119
9	0.01267	0.00852	0.00984	0.00984	0.00995	0.00863	0.00569	0.01289	0.01278	0.01715	0.02719	0.05545	0.03100	0.64849	0.08839	0.00885	0.00952	0.01245	0.00524	0.00546
10	0.52833	0.01771	0.01567	0.01323	0.01887	0.01991	0.01088	0.13711	0.02072	0.08723	0.01629	0.01752	0.01202	0.00885	0.00631	0.00265	0.00720	0.00579	0.04289	0.01080
11	0.01974	0.02154	0.04387	0.03193	0.03939	0.02090	0.46178	0.02601	0.01929	0.02687	0.01719	0.02324	0.01354	0.01142	0.04964	0.00352	0.07768	0.00952	0.00444	0.07849
12	0.05836	0.01316	0.01627	0.01349	0.01805	0.01246	0.01077	0.09000	0.02561	0.27001	0.26254	0.04404	0.07015	0.01378	0.00915	0.00269	0.00609	0.01155	0.04035	0.01148
13	0.02168	0.01911	0.02442	0.02042	0.02266	0.02425	0.01687	0.13669	0.04747	0.02961	0.01586	0.02094	0.01366	0.01324	0.02081	0.00325	0.42531	0.00765	0.05653	0.05957
14	0.27433	0.08629	0.01995	0.01638	0.06193	0.07475	0.01229	0.09918	0.02104	0.08003	0.01863	0.02055	0.01429	0.00901	0.00666	0.00242	0.00789	0.00639	0.15721	0.01078
15	0.54330	0.01812	0.01566	0.01328	0.01885	0.02065	0.01092	0.16174	0.02116	0.04245	0.01515	0.01682	0.01146	0.00877	0.00622	0.00264	0.00726	0.00565	0.04926	0.01063
16	0.03301	0.02349	0.02545	0.01964	0.02650	0.02580	0.01618	0.54276	0.06845	0.09519	0.02260	0.02212	0.01588	0.01056	0.00874	0.00264	0.00931	0.00802	0.00888	0.01478
17	0.01903	0.01580	0.01830	0.01358	0.02071	0.01283	0.01079	0.07988	0.02027	0.03061	0.01849	0.06858	0.01647	0.00842	0.00704	0.00159	0.00667	0.00691	0.00574	0.61830
18	0.02059	0.02353	0.05147	0.03676	0.04559	0.02206	0.60735	0.02794	0.02059	0.02794	0.01765	0.02353	0.01324	0.00735	0.01029	0.00294	0.01471	0.01029	0.00441	0.01176
19	0.01063	0.00759	0.01012	0.01215	0.01265	0.00709	0.00810	0.01215	0.01670	0.02227	0.04808	0.68775	0.05769	0.02733	0.01113	0.00354	0.00506	0.02480	0.00810	0.00709
