[name]
unknown

[dist]
# distance from previous block
# <min> <max>
0	29

[block]
# block no. 0 follows, 21 sequences, length 6
# corresponding to MSA columns:
# 42-47
name=unknown_A
#
# <colnr> <probs for GDERKNQSTAVLIFYWHMCP>
#	G	D	E	R	K	N	Q	S	T	A	V	L	I	F	Y	W	H	M	C	P
0	0.02393	0.07496	0.05104	0.10233	0.04968	0.01938	0.03855	0.18399	0.05897	0.11883	0.07538	0.03606	0.02527	0.01203	0.00889	0.00278	0.00886	0.09000	0.00726	0.01181
1	0.02148	0.05972	0.02268	0.07076	0.02464	0.01965	0.01439	0.19954	0.02336	0.03261	0.01988	0.10415	0.01823	0.01166	0.01115	0.00248	0.11685	0.00880	0.00604	0.21195
2	0.02698	0.05522	0.02384	0.01848	0.02385	0.02338	0.01529	0.32382	0.16586	0.07885	0.02513	0.02912	0.01977	0.01188	0.01039	0.00281	0.06881	0.05551	0.00794	0.01307
3	0.06152	0.07539	0.02423	0.10048	0.02784	0.02104	0.01532	0.24235	0.08222	0.22743	0.02396	0.02348	0.01660	0.00987	0.00815	0.00259	0.00859	0.00771	0.00800	0.01324
4	0.06253	0.20086	0.08391	0.02359	0.10996	0.08024	0.08738	0.06163	0.02071	0.04927	0.09420	0.02369	0.02071	0.00941	0.00857	0.00245	0.03684	0.00764	0.00520	0.01119
5	0.02286	0.10083	0.29638	0.10573	0.06209	0.14346	0.02356	0.02908	0.01973	0.09498	0.01660	0.01901	0.01218	0.00844	0.00787	0.00252	0.01189	0.00644	0.00458	0.01176

[dist]
# distance from previous block
# <min> <max>
0	1

[block]
# block no. 1 follows, 21 sequences, length 6
# corresponding to MSA columns:
# 49-54
name=unknown_B
#
# <colnr> <probs for GDERKNQSTAVLIFYWHMCP>
#	G	D	E	R	K	N	Q	S	T	A	V	L	I	F	Y	W	H	M	C	P
0	0.16251	0.18138	0.02432	0.01439	0.02054	0.01989	0.01242	0.09416	0.02252	0.27417	0.07420	0.02454	0.02075	0.00982	0.00734	0.00243	0.00752	0.00736	0.00761	0.01213
1	0.07681	0.29333	0.13260	0.01927	0.02633	0.09263	0.08112	0.02702	0.01863	0.06245	0.04018	0.01881	0.01446	0.00871	0.00843	0.00238	0.05490	0.00639	0.00456	0.01100
2	0.01835	0.01908	0.03340	0.23670	0.04172	0.05190	0.26369	0.02355	0.01798	0.02370	0.01693	0.02543	0.01413	0.08200	0.01365	0.00334	0.04601	0.00883	0.00425	0.05536
3	0.17265	0.02013	0.09641	0.28383	0.12624	0.01958	0.05710	0.02593	0.06877	0.02810	0.01635	0.02086	0.01246	0.00838	0.00788	0.00274	0.01011	0.00713	0.00457	0.01078
4	0.05548	0.02339	0.12279	0.05401	0.11403	0.04343	0.24486	0.02657	0.05723	0.02864	0.08400	0.02582	0.02034	0.00881	0.00887	0.00265	0.01106	0.00891	0.00507	0.05404
5	0.02585	0.01682	0.05988	0.04867	0.02335	0.01519	0.01382	0.03596	0.20315	0.27513	0.11165	0.03262	0.02869	0.01121	0.00860	0.00264	0.00715	0.00935	0.00868	0.06160

[dist]
# distance from previous block
# <min> <max>
3	13

[block]
# block no. 2 follows, 21 sequences, length 13
# corresponding to MSA columns:
# 68-80
name=unknown_C
#
# <colnr> <probs for GDERKNQSTAVLIFYWHMCP>
#	G	D	E	R	K	N	Q	S	T	A	V	L	I	F	Y	W	H	M	C	P
0	0.05573	0.02305	0.02387	0.13678	0.03080	0.11079	0.01681	0.29643	0.08184	0.03820	0.01864	0.02062	0.01396	0.00976	0.00914	0.00257	0.04402	0.00724	0.00656	0.05319
1	0.09496	0.01808	0.02336	0.30553	0.03874	0.02072	0.01823	0.21296	0.05639	0.09998	0.01941	0.02225	0.01389	0.00935	0.00821	0.00271	0.00960	0.00752	0.00636	0.01174
2	0.01916	0.01701	0.07965	0.13731	0.02820	0.01579	0.01674	0.11846	0.06752	0.06746	0.11262	0.05025	0.03396	0.01475	0.00966	0.00307	0.00854	0.18217	0.00722	0.01046
3	0.11337	0.01139	0.01521	0.15366	0.02345	0.01255	0.01188	0.01945	0.05844	0.05863	0.02209	0.13106	0.02111	0.01945	0.01763	0.28021	0.00768	0.00997	0.00533	0.00746
4	0.02267	0.14780	0.29673	0.01862	0.02723	0.01914	0.02054	0.02951	0.04599	0.17714	0.05342	0.06410	0.02021	0.01028	0.00803	0.00258	0.00953	0.00822	0.00604	0.01221
5	0.01754	0.07489	0.38724	0.02552	0.03544	0.01975	0.18694	0.02537	0.01833	0.02607	0.01889	0.08973	0.01612	0.00973	0.00875	0.00277	0.01205	0.00907	0.00424	0.01159
6	0.02246	0.01943	0.08042	0.01528	0.02308	0.01506	0.01351	0.13489	0.02252	0.09777	0.01805	0.01937	0.01366	0.00764	0.00712	0.00178	0.00757	0.00601	0.00612	0.46826
7	0.01571	0.01944	0.12366	0.02214	0.02831	0.01486	0.24217	0.02168	0.02131	0.02965	0.27148	0.04257	0.08424	0.01241	0.00975	0.00277	0.00925	0.01217	0.00647	0.00996
8	0.02303	0.01453	0.01783	0.01319	0.02012	0.01146	0.01063	0.02669	0.01994	0.20335	0.06100	0.02379	0.01936	0.00821	0.00718	0.00174	0.00642	0.00670	0.00686	0.49800
9	0.76103	0.01646	0.01251	0.01119	0.01646	0.01909	0.00922	0.02502	0.01448	0.03818	0.01185	0.01382	0.00922	0.00790	0.00527	0.00263	0.00658	0.00461	0.00527	0.00922
10	0.01765	0.01513	0.01765	0.01260	0.02017	0.01134	0.01008	0.02143	0.01765	0.02773	0.01513	0.01765	0.01260	0.00630	0.00630	0.00126	0.00630	0.00504	0.00504	0.75295
11	0.03235	0.02384	0.02554	0.01958	0.02639	0.02639	0.01618	0.61946	0.04001	0.05363	0.02043	0.02043	0.01447	0.01022	0.00851	0.00255	0.00936	0.00766	0.00851	0.01447
12	0.11264	0.02069	0.02308	0.32633	0.03972	0.11313	0.01855	0.12478	0.08572	0.03032	0.01735	0.02113	0.01307	0.00907	0.00801	0.00268	0.01053	0.00713	0.00534	0.01073

[dist]
# distance from previous block
# <min> <max>
3	6

[block]
# block no. 3 follows, 21 sequences, length 26
# corresponding to MSA columns:
# 87-112
name=unknown_D
#
# <colnr> <probs for GDERKNQSTAVLIFYWHMCP>
#	G	D	E	R	K	N	Q	S	T	A	V	L	I	F	Y	W	H	M	C	P
0	0.76103	0.01646	0.01251	0.01119	0.01646	0.01909	0.00922	0.02502	0.01448	0.03818	0.01185	0.01382	0.00922	0.00790	0.00527	0.00263	0.00658	0.00461	0.00527	0.00922
1	0.01223	0.00883	0.01224	0.01224	0.01327	0.00986	0.00885	0.01428	0.01325	0.01869	0.02411	0.04069	0.02443	0.27161	0.46373	0.01191	0.01805	0.01018	0.00475	0.00680
2	0.01586	0.00793	0.00793	0.00793	0.00991	0.00793	0.00595	0.01983	0.01785	0.03173	0.02776	0.03173	0.02181	0.00991	0.00595	0.00198	0.00397	0.00793	0.74817	0.00793
3	0.37164	0.01997	0.01898	0.01549	0.02143	0.02259	0.01272	0.29854	0.07292	0.04506	0.01750	0.01820	0.01289	0.00924	0.00701	0.00262	0.00787	0.00638	0.00701	0.01194
4	0.01366	0.00848	0.01089	0.01102	0.01267	0.00919	0.00838	0.01700	0.01569	0.02516	0.02665	0.07852	0.02394	0.03753	0.33080	0.00782	0.01327	0.00964	0.33198	0.00770
5	0.01586	0.00793	0.00793	0.00793	0.00991	0.00793	0.00595	0.01983	0.01785	0.03173	0.02776	0.03173	0.02181	0.00991	0.00595	0.00198	0.00397	0.00793	0.74817	0.00793
6	0.01843	0.01950	0.03897	0.31007	0.08007	0.02035	0.33631	0.02486	0.01875	0.02495	0.01627	0.02275	0.01228	0.00776	0.00931	0.00284	0.01287	0.00887	0.00408	0.01072
7	0.01193	0.00869	0.01121	0.01058	0.01264	0.00798	0.00794	0.01583	0.02381	0.03347	0.61070	0.06464	0.11335	0.01764	0.01004	0.00269	0.00403	0.01554	0.00928	0.00798
8	0.01057	0.00775	0.00993	0.01127	0.01229	0.00711	0.00773	0.01250	0.01780	0.02365	0.13682	0.52648	0.13544	0.02469	0.01064	0.00327	0.00473	0.02214	0.00811	0.00711
9	0.01216	0.00912	0.01368	0.01368	0.01520	0.01064	0.01064	0.01520	0.01368	0.01976	0.02279	0.03343	0.02127	0.06382	0.66720	0.01368	0.02279	0.00912	0.00456	0.00760
10	0.02899	0.07902	0.02513	0.04861	0.02677	0.37654	0.01612	0.14515	0.11827	0.02924	0.01777	0.01898	0.01391	0.00935	0.00786	0.00237	0.01231	0.00654	0.00573	0.01134
11	0.03135	0.08361	0.02629	0.02034	0.02601	0.33936	0.01618	0.28889	0.03054	0.03509	0.01623	0.01744	0.01249	0.00929	0.00787	0.00232	0.01226	0.00636	0.00613	0.01196
12	0.01104	0.00802	0.01041	0.01116	0.01244	0.00739	0.00786	0.01361	0.01971	0.02692	0.29514	0.39433	0.10534	0.02251	0.01047	0.00310	0.00452	0.02015	0.00850	0.00739
13	0.01955	0.33274	0.38983	0.02003	0.03029	0.02583	0.02408	0.02631	0.01767	0.02393	0.01377	0.01608	0.01084	0.00773	0.00694	0.00231	0.01106	0.00553	0.00361	0.01185
14	0.02009	0.02296	0.05022	0.03587	0.04448	0.02152	0.61693	0.02726	0.02009	0.02726	0.01722	0.02296	0.01291	0.00717	0.01004	0.00287	0.01435	0.01004	0.00430	0.01148
15	0.01862	0.01862	0.02607	0.02234	0.02234	0.02607	0.01862	0.02048	0.01303	0.02048	0.01117	0.01862	0.01117	0.01489	0.02793	0.00372	0.68535	0.00745	0.00372	0.00931
16	0.01020	0.00805	0.00921	0.01015	0.01190	0.00706	0.00714	0.01204	0.01793	0.02239	0.06761	0.37219	0.36610	0.02397	0.01044	0.00315	0.00461	0.02091	0.00790	0.00706
17	0.02231	0.01479	0.01909	0.01643	0.02042	0.01498	0.05182	0.21199	0.02537	0.12898	0.03441	0.33251	0.03462	0.01763	0.00970	0.00300	0.00733	0.01557	0.00826	0.01080
18	0.03235	0.02384	0.02554	0.01958	0.02639	0.02639	0.01618	0.61946	0.04001	0.05363	0.02043	0.02043	0.01447	0.01022	0.00851	0.00255	0.00936	0.00766	0.00851	0.01447
19	0.01955	0.01255	0.01522	0.01392	0.01752	0.01219	0.01048	0.06606	0.12313	0.14038	0.06276	0.31574	0.03819	0.01744	0.00938	0.00287	0.00607	0.01530	0.00829	0.09297
20	0.05569	0.01590	0.02705	0.58759	0.05513	0.01915	0.07590	0.02241	0.01716	0.02310	0.01514	0.02225	0.01137	0.00836	0.00847	0.00283	0.01136	0.00763	0.00391	0.00962
21	0.01862	0.01862	0.02607	0.02234	0.02234	0.02607	0.01862	0.02048	0.01303	0.02048	0.01117	0.01862	0.01117	0.01489	0.02793	0.00372	0.68535	0.00745	0.00372	0.00931
22	0.01337	0.01147	0.01812	0.36408	0.03672	0.01323	0.01619	0.01706	0.01667	0.02173	0.03016	0.34100	0.03261	0.01710	0.00962	0.00313	0.00831	0.01543	0.00573	0.00825
23	0.02021	0.38807	0.30138	0.01989	0.02947	0.02712	0.05750	0.02620	0.01774	0.02336	0.01359	0.01601	0.01098	0.00761	0.00683	0.00225	0.01087	0.00561	0.00366	0.01165
24	0.02042	0.01464	0.01664	0.01396	0.01777	0.01533	0.01097	0.25604	0.02938	0.04085	0.31931	0.04363	0.04732	0.04705	0.01073	0.00285	0.00634	0.01161	0.06472	0.01044
25	0.01204	0.00870	0.01138	0.01071	0.01271	0.00803	0.00803	0.01606	0.02409	0.03413	0.64335	0.06357	0.08030	0.01740	0.01004	0.00268	0.00401	0.01539	0.00937	0.00803

[dist]
# distance from previous block
# <min> <max>
5	17

[block]
# block no. 4 follows, 21 sequences, length 50
# corresponding to MSA columns:
# 130-179
name=unknown_E
#
# <colnr> <probs for GDERKNQSTAVLIFYWHMCP>
#	G	D	E	R	K	N	Q	S	T	A	V	L	I	F	Y	W	H	M	C	P
0	0.10227	0.02509	0.02310	0.01963	0.02404	0.23200	0.06904	0.12557	0.05922	0.03016	0.01893	0.05742	0.01612	0.01323	0.04214	0.00316	0.06931	0.00794	0.05116	0.01048
1	0.01540	0.01364	0.02307	0.19801	0.05746	0.01425	0.11688	0.02076	0.04405	0.02825	0.27973	0.04035	0.04139	0.01334	0.01088	0.04729	0.00832	0.01134	0.00642	0.00918
2	0.12866	0.02062	0.02081	0.01692	0.02294	0.04967	0.01364	0.26167	0.19316	0.07157	0.02283	0.02247	0.01683	0.00978	0.00782	0.00250	0.00809	0.00743	0.00764	0.09494
3	0.02269	0.01855	0.02420	0.21058	0.11208	0.02075	0.01826	0.25106	0.08233	0.03600	0.02515	0.06323	0.05544	0.01112	0.00874	0.00273	0.00923	0.00935	0.00656	0.01196
4	0.39164	0.01325	0.01428	0.03939	0.01821	0.01445	0.04627	0.01985	0.01564	0.03040	0.02607	0.28243	0.02801	0.01525	0.00788	0.00298	0.00660	0.01275	0.00618	0.00846
5	0.02629	0.02083	0.02213	0.01835	0.02408	0.02356	0.01471	0.30826	0.36108	0.04386	0.02813	0.02657	0.02071	0.01094	0.00859	0.00273	0.00794	0.00872	0.00859	0.01393
6	0.01052	0.00751	0.01005	0.01202	0.01258	0.00704	0.00816	0.01211	0.01644	0.02189	0.04682	0.66862	0.05596	0.02652	0.01090	0.00348	0.00507	0.04947	0.00790	0.00695
7	0.01167	0.00834	0.01137	0.01334	0.01441	0.00804	0.01017	0.01411	0.01758	0.02319	0.04618	0.46141	0.05343	0.02543	0.01121	0.00364	0.00607	0.24526	0.00787	0.00727
8	0.01707	0.04402	0.65683	0.02426	0.03683	0.01976	0.03144	0.02695	0.01797	0.02695	0.01527	0.01797	0.01078	0.00809	0.00809	0.00270	0.01258	0.00629	0.00359	0.01258
9	0.01607	0.01513	0.02552	0.68047	0.05861	0.01891	0.02363	0.02174	0.01702	0.02174	0.01513	0.02269	0.01134	0.00851	0.00851	0.00284	0.01134	0.00756	0.00378	0.00945
10	0.01238	0.00825	0.00928	0.00928	0.00928	0.00825	0.00516	0.01238	0.01238	0.01650	0.02681	0.05569	0.03094	0.70092	0.04331	0.00825	0.00825	0.01238	0.00516	0.00516
11	0.01037	0.00741	0.00987	0.01185	0.01234	0.00691	0.00790	0.01185	0.01629	0.02172	0.04690	0.69537	0.05629	0.02666	0.01086	0.00346	0.00494	0.02419	0.00790	0.00691
12	0.02049	0.02214	0.04476	0.06095	0.04161	0.02191	0.49204	0.05678	0.05432	0.02837	0.01788	0.02304	0.01354	0.00809	0.01091	0.00291	0.05441	0.00964	0.00469	0.01152
13	0.02275	0.70604	0.04459	0.01456	0.02184	0.03367	0.01456	0.02548	0.01729	0.02002	0.01183	0.01365	0.01092	0.00728	0.00546	0.00182	0.00910	0.00455	0.00364	0.01092
14	0.01204	0.00870	0.01138	0.01071	0.01271	0.00803	0.00803	0.01606	0.02409	0.03413	0.64335	0.06357	0.08030	0.01740	0.01004	0.00268	0.00401	0.01539	0.00937	0.00803
15	0.01215	0.01046	0.01679	0.01553	0.01799	0.00963	0.11341	0.01487	0.01774	0.02312	0.04971	0.42526	0.16868	0.02209	0.01060	0.00326	0.00658	0.04707	0.00727	0.00780
16	0.01930	0.02374	0.09696	0.03316	0.04132	0.02086	0.51315	0.02619	0.01942	0.02667	0.01824	0.05514	0.01478	0.00853	0.01070	0.00292	0.04296	0.01031	0.00440	0.01125
17	0.01803	0.01775	0.02494	0.02155	0.02169	0.02466	0.01789	0.02000	0.01309	0.02041	0.01223	0.01997	0.01209	0.01936	0.08625	0.00463	0.62490	0.00760	0.00380	0.00915
18	0.01862	0.01862	0.02607	0.02234	0.02234	0.02607	0.01862	0.02048	0.01303	0.02048	0.01117	0.01862	0.01117	0.01489	0.02793	0.00372	0.68535	0.00745	0.00372	0.00931
19	0.01765	0.01513	0.01765	0.01260	0.02017	0.01134	0.01008	0.02143	0.01765	0.02773	0.01513	0.01765	0.01260	0.00630	0.00630	0.00126	0.00630	0.00504	0.00504	0.75295
20	0.01912	0.06124	0.02654	0.02144	0.02214	0.05271	0.01790	0.02111	0.01379	0.02043	0.01184	0.01887	0.01162	0.01647	0.05573	0.00401	0.58463	0.00727	0.00379	0.00935
21	0.04884	0.01507	0.02226	0.31312	0.03632	0.01933	0.01842	0.02042	0.01557	0.02287	0.01755	0.08158	0.01608	0.01237	0.01491	0.00311	0.23717	0.00891	0.06708	0.00904
22	0.01216	0.00912	0.01368	0.01368	0.01520	0.01064	0.01064	0.01520	0.01368	0.01976	0.02279	0.03343	0.02127	0.06382	0.66720	0.01368	0.02279	0.00912	0.00456	0.00760
23	0.06192	0.08739	0.02747	0.02079	0.02665	0.29789	0.05243	0.26012	0.02907	0.03465	0.01606	0.01758	0.01237	0.00907	0.00786	0.00236	0.01206	0.00649	0.00596	0.01181
24	0.02275	0.70604	0.04459	0.01456	0.02184	0.03367	0.01456	0.02548	0.01729	0.02002	0.01183	0.01365	0.01092	0.00728	0.00546	0.00182	0.00910	0.00455	0.00364	0.01092
25	0.02033	0.01754	0.01887	0.01551	0.02076	0.05571	0.01228	0.05409	0.19655	0.05460	0.06307	0.02805	0.05047	0.01047	0.00962	0.00228	0.06886	0.00810	0.00668	0.28614
26	0.01638	0.01532	0.02514	0.63981	0.05638	0.01905	0.02301	0.02318	0.05475	0.02259	0.01632	0.02324	0.01224	0.00869	0.00852	0.00284	0.01106	0.00769	0.00408	0.00970
27	0.01852	0.01564	0.01812	0.01302	0.02054	0.01224	0.01045	0.05695	0.01898	0.02927	0.01544	0.01781	0.01272	0.00653	0.00643	0.00134	0.00648	0.00520	0.00525	0.70908
28	0.02777	0.02156	0.02296	0.01865	0.02464	0.02425	0.01507	0.38414	0.28279	0.04624	0.02625	0.02507	0.01919	0.01076	0.00857	0.00269	0.00829	0.00846	0.00857	0.01406
29	0.01862	0.01862	0.02607	0.02234	0.02234	0.02607	0.01862	0.02048	0.01303	0.02048	0.01117	0.01862	0.01117	0.01489	0.02793	0.00372	0.68535	0.00745	0.00372	0.00931
30	0.06163	0.04310	0.02122	0.01603	0.02232	0.01722	0.01319	0.12996	0.13196	0.40566	0.03006	0.02696	0.02006	0.01043	0.00832	0.00263	0.00753	0.00830	0.00943	0.01397
31	0.02275	0.70604	0.04459	0.01456	0.02184	0.03367	0.01456	0.02548	0.01729	0.02002	0.01183	0.01365	0.01092	0.00728	0.00546	0.00182	0.00910	0.00455	0.00364	0.01092
32	0.01037	0.00741	0.00987	0.01185	0.01234	0.00691	0.00790	0.01185	0.01629	0.02172	0.04690	0.69537	0.05629	0.02666	0.01086	0.00346	0.00494	0.02419	0.00790	0.00691
33	0.01765	0.01513	0.01765	0.01260	0.02017	0.01134	0.01008	0.02143	0.01765	0.02773	0.01513	0.01765	0.01260	0.00630	0.00630	0.00126	0.00630	0.00504	0.00504	0.75295
34	0.02706	0.02043	0.02105	0.01696	0.02217	0.05664	0.01361	0.42075	0.03331	0.04499	0.07895	0.05398	0.02340	0.03888	0.00982	0.00275	0.00842	0.00913	0.08544	0.01227
35	0.01139	0.00852	0.01072	0.01097	0.01280	0.00764	0.00786	0.01410	0.01991	0.02716	0.28739	0.31821	0.14888	0.02112	0.01017	0.00294	0.00456	0.01874	0.00832	0.04859
36	0.03103	0.02461	0.02428	0.01917	0.02541	0.09312	0.01560	0.50496	0.06122	0.04836	0.02059	0.02090	0.01492	0.01010	0.00831	0.00250	0.00963	0.00752	0.04415	0.01362
37	0.09236	0.01530	0.01695	0.01450	0.01936	0.01606	0.01143	0.06447	0.24945	0.21154	0.03501	0.03427	0.07416	0.04966	0.01018	0.00301	0.00671	0.00951	0.05397	0.01210
38	0.01607	0.01359	0.01588	0.01215	0.01843	0.01043	0.00949	0.01942	0.01764	0.02657	0.02547	0.10586	0.07555	0.01017	0.00720	0.00167	0.00595	0.00855	0.00565	0.59425
39	0.01389	0.01115	0.01364	0.01222	0.01613	0.00906	0.00896	0.01649	0.01695	0.02463	0.03151	0.36705	0.03512	0.01680	0.00865	0.00239	0.00560	0.01492	0.00652	0.36832
40	0.01225	0.00897	0.01136	0.01174	0.01348	0.00849	0.00867	0.04067	0.02102	0.02848	0.28542	0.30095	0.12341	0.02148	0.01043	0.00309	0.00496	0.06883	0.00850	0.00779
41	0.01765	0.01513	0.01765	0.01260	0.02017	0.01134	0.01008	0.02143	0.01765	0.02773	0.01513	0.01765	0.01260	0.00630	0.00630	0.00126	0.00630	0.00504	0.00504	0.75295
42	0.06337	0.01718	0.02823	0.39608	0.28455	0.01943	0.02372	0.02364	0.01778	0.02509	0.01527	0.02152	0.01204	0.00811	0.00828	0.00270	0.01058	0.00739	0.00404	0.01100
43	0.02231	0.03084	0.36971	0.02258	0.06779	0.01723	0.02390	0.03062	0.05623	0.17760	0.02357	0.02873	0.01780	0.01025	0.00859	0.00279	0.01037	0.06041	0.00598	0.01271
44	0.01617	0.07468	0.46215	0.02036	0.03003	0.01771	0.02470	0.02419	0.01943	0.02830	0.16912	0.02890	0.02784	0.01032	0.00841	0.00264	0.01027	0.00842	0.00501	0.01136
45	0.01052	0.00752	0.01001	0.01175	0.01238	0.00701	0.00791	0.01223	0.01700	0.02286	0.10132	0.63773	0.05848	0.02582	0.01079	0.00338	0.00485	0.02339	0.00803	0.00701
46	0.02555	0.33234	0.09095	0.01736	0.02460	0.02811	0.01643	0.26776	0.02659	0.03448	0.01739	0.05041	0.01460	0.00951	0.00721	0.00228	0.00932	0.00695	0.00584	0.01233
47	0.01857	0.21872	0.49527	0.02170	0.03288	0.02343	0.02699	0.02656	0.01779	0.02512	0.01436	0.01683	0.01082	0.00787	0.00739	0.00246	0.01166	0.00583	0.00361	0.01214
48	0.01111	0.00811	0.01045	0.01103	0.01244	0.00745	0.00783	0.01382	0.02016	0.02753	0.32429	0.34937	0.12096	0.02194	0.01041	0.00305	0.00446	0.01958	0.00857	0.00745
49	0.01435	0.00900	0.01137	0.09140	0.01688	0.00967	0.00897	0.01767	0.01625	0.02577	0.02702	0.09434	0.02469	0.10339	0.12154	0.00493	0.00861	0.01010	0.37643	0.00763

[dist]
# distance from previous block
# <min> <max>
3	5

[block]
# block no. 5 follows, 21 sequences, length 8
# corresponding to MSA columns:
# 185-192
name=unknown_F
#
# <colnr> <probs for GDERKNQSTAVLIFYWHMCP>
#	G	D	E	R	K	N	Q	S	T	A	V	L	I	F	Y	W	H	M	C	P
0	0.02095	0.48119	0.12178	0.01573	0.02282	0.06250	0.01603	0.02481	0.01872	0.02301	0.10201	0.02141	0.02075	0.00891	0.00659	0.00208	0.00919	0.00638	0.00449	0.01068
1	0.32321	0.05138	0.02193	0.01697	0.02292	0.11348	0.04688	0.20186	0.02442	0.07958	0.01629	0.01749	0.01207	0.00881	0.00705	0.00253	0.00923	0.00619	0.00632	0.01140
2	0.11896	0.10535	0.02580	0.11438	0.02792	0.01720	0.12916	0.02263	0.01816	0.07973	0.06089	0.19145	0.02740	0.01324	0.00865	0.00281	0.00860	0.01194	0.00600	0.00972
3	0.02879	0.02187	0.02359	0.01829	0.02495	0.02357	0.01495	0.45903	0.11478	0.04758	0.02155	0.02153	0.01572	0.00984	0.00822	0.00241	0.00858	0.00755	0.00804	0.11916
4	0.01411	0.01047	0.01352	0.01454	0.04713	0.01031	0.00989	0.08785	0.02172	0.02970	0.22390	0.38562	0.05629	0.02085	0.01020	0.00306	0.00546	0.01864	0.00823	0.00851
5	0.76103	0.01646	0.01251	0.01119	0.01646	0.01909	0.00922	0.02502	0.01448	0.03818	0.01185	0.01382	0.00922	0.00790	0.00527	0.00263	0.00658	0.00461	0.00527	0.00922
6	0.02367	0.01959	0.01868	0.01657	0.02134	0.10577	0.01288	0.03915	0.38903	0.11980	0.03785	0.03524	0.09853	0.01224	0.00868	0.00275	0.00768	0.00992	0.00825	0.01236
7	0.01603	0.01526	0.02692	0.51159	0.05100	0.01810	0.09410	0.02153	0.01694	0.02215	0.01642	0.02418	0.01288	0.01585	0.09800	0.00431	0.01326	0.00808	0.00395	0.00945

[dist]
# distance from previous block
# <min> <max>
0	4

[block]
# block no. 6 follows, 21 sequences, length 11
# corresponding to MSA columns:
# 197-207
name=unknown_G
#
# <colnr> <probs for GDERKNQSTAVLIFYWHMCP>
#	G	D	E	R	K	N	Q	S	T	A	V	L	I	F	Y	W	H	M	C	P
0	0.10215	0.02123	0.02358	0.11657	0.02973	0.02401	0.01630	0.41164	0.09518	0.04548	0.02025	0.02127	0.01467	0.00987	0.00820	0.00264	0.00911	0.00754	0.00750	0.01309
1	0.03151	0.02594	0.02490	0.01978	0.02609	0.12106	0.01603	0.49372	0.07774	0.04754	0.02031	0.02044	0.01473	0.01009	0.00840	0.00252	0.01007	0.00747	0.00791	0.01372
2	0.10133	0.52049	0.05911	0.01554	0.02222	0.09181	0.01490	0.02610	0.01750	0.02227	0.01205	0.01417	0.01075	0.00781	0.00662	0.00205	0.03595	0.00482	0.00389	0.01063
3	0.05677	0.23794	0.16136	0.01937	0.02708	0.08539	0.07035	0.05495	0.01911	0.02584	0.01401	0.01674	0.01143	0.00805	0.00819	0.00223	0.04973	0.00587	0.00429	0.12132
4	0.10350	0.12493	0.12014	0.01700	0.02378	0.06434	0.01590	0.13342	0.06803	0.14803	0.07989	0.02452	0.02092	0.00995	0.00776	0.00250	0.00883	0.00757	0.00688	0.01211
5	0.02955	0.02076	0.02252	0.01757	0.02377	0.02232	0.01441	0.47874	0.03558	0.10164	0.03134	0.03030	0.10853	0.01193	0.00875	0.00261	0.00843	0.00927	0.00860	0.01339
6	0.01790	0.01306	0.01302	0.03245	0.01591	0.06872	0.00959	0.05380	0.07738	0.02961	0.02539	0.02977	0.02045	0.02059	0.13711	0.00445	0.00945	0.00809	0.40433	0.00895
7	0.02007	0.02302	0.06068	0.05474	0.06493	0.08333	0.29263	0.02499	0.01814	0.02434	0.01657	0.05653	0.01445	0.01054	0.01444	0.00304	0.19340	0.00930	0.00430	0.01056
8	0.01795	0.01622	0.02689	0.02096	0.02643	0.01511	0.21155	0.07601	0.02007	0.02775	0.02503	0.09513	0.02441	0.09444	0.01340	0.00334	0.00960	0.09863	0.00581	0.17128
9	0.02001	0.01731	0.13210	0.01474	0.02039	0.01152	0.01365	0.02421	0.02007	0.18737	0.11341	0.18139	0.06983	0.01459	0.00893	0.00264	0.00697	0.01255	0.00756	0.12076
10	0.01863	0.08151	0.08462	0.06635	0.04306	0.13662	0.08958	0.02259	0.01906	0.02380	0.11173	0.06602	0.02724	0.09896	0.07012	0.00422	0.01155	0.00984	0.00522	0.00930

[dist]
# distance from previous block
# <min> <max>
13	39

[block]
# block no. 7 follows, 21 sequences, length 9
# corresponding to MSA columns:
# 249-257
name=unknown_H
#
# <colnr> <probs for GDERKNQSTAVLIFYWHMCP>
#	G	D	E	R	K	N	Q	S	T	A	V	L	I	F	Y	W	H	M	C	P
0	0.01954	0.02052	0.06252	0.11856	0.25552	0.02011	0.18351	0.05490	0.01972	0.02723	0.02040	0.04361	0.04507	0.00951	0.01044	0.00280	0.06061	0.00917	0.00463	0.01164
1	0.01834	0.13719	0.20372	0.01912	0.02538	0.02013	0.03673	0.06788	0.06244	0.02696	0.02483	0.10602	0.02394	0.01370	0.01057	0.00295	0.07202	0.11179	0.00557	0.01072
2	0.09734	0.01792	0.08108	0.42457	0.11329	0.01826	0.02178	0.02259	0.01766	0.02568	0.06601	0.02445	0.01691	0.00903	0.00823	0.00275	0.01021	0.00777	0.00443	0.01004
3	0.08134	0.01202	0.01739	0.01695	0.05510	0.01125	0.07584	0.01755	0.01768	0.02622	0.08232	0.34524	0.03990	0.01779	0.00940	0.00289	0.00665	0.03754	0.00674	0.12017
4	0.02631	0.02953	0.14635	0.02451	0.07545	0.13110	0.07392	0.25463	0.08946	0.03700	0.01905	0.02053	0.01413	0.00924	0.00844	0.00258	0.01121	0.00744	0.00621	0.01290
5	0.05820	0.01670	0.02242	0.08892	0.02722	0.01603	0.07187	0.10198	0.06400	0.13367	0.03834	0.04816	0.01833	0.00931	0.00794	0.00227	0.00810	0.00799	0.00665	0.25190
6	0.02009	0.01761	0.02272	0.02016	0.09066	0.01674	0.04515	0.07999	0.11513	0.03078	0.01857	0.02080	0.01486	0.00825	0.00878	0.00202	0.05419	0.00669	0.00570	0.40111
7	0.06615	0.01118	0.01278	0.01105	0.01470	0.00993	0.00817	0.01782	0.01747	0.05756	0.10996	0.07545	0.13126	0.16306	0.04808	0.00408	0.00692	0.01128	0.00648	0.21661
8	0.01792	0.01679	0.05917	0.16518	0.07310	0.01502	0.04718	0.04843	0.04243	0.04859	0.08748	0.07536	0.02373	0.01024	0.00824	0.00234	0.00830	0.00905	0.00573	0.23573

[dist]
# distance from previous block
# <min> <max>
15	53

[block]
# block no. 8 follows, 21 sequences, length 28
# corresponding to MSA columns:
# 315-342
name=unknown_I
#
# <colnr> <probs for GDERKNQSTAVLIFYWHMCP>
#	G	D	E	R	K	N	Q	S	T	A	V	L	I	F	Y	W	H	M	C	P
0	0.01986	0.02208	0.12266	0.02071	0.06072	0.01749	0.07907	0.08384	0.08702	0.03057	0.01786	0.02030	0.01397	0.00813	0.00867	0.00215	0.04346	0.00677	0.00536	0.32930
1	0.01806	0.01750	0.03023	0.02938	0.17634	0.01706	0.18900	0.02387	0.05069	0.02784	0.09946	0.08570	0.02592	0.01088	0.01029	0.00264	0.05327	0.01047	0.00553	0.11588
2	0.02072	0.01670	0.01859	0.01621	0.04062	0.04880	0.01232	0.13403	0.06313	0.06932	0.06517	0.08778	0.11951	0.01316	0.01013	0.00250	0.06438	0.01048	0.00700	0.17945
3	0.12488	0.02047	0.04745	0.11845	0.11286	0.05308	0.19201	0.02507	0.01827	0.02767	0.01517	0.01970	0.01197	0.00767	0.00853	0.00246	0.02899	0.00724	0.00447	0.15359
4	0.02583	0.01522	0.01816	0.01519	0.02027	0.01530	0.01205	0.08663	0.20983	0.24887	0.12718	0.06926	0.03259	0.01251	0.00881	0.00268	0.00660	0.01050	0.00916	0.05335
5	0.11290	0.01649	0.02169	0.05399	0.12043	0.01462	0.04427	0.02293	0.01761	0.02874	0.01495	0.01822	0.01226	0.00686	0.00681	0.00180	0.00760	0.00577	0.00484	0.46723
6	0.06158	0.05692	0.02145	0.01807	0.08653	0.01412	0.03431	0.02592	0.01946	0.16654	0.05622	0.08005	0.02171	0.00988	0.00765	0.00213	0.00715	0.00841	0.00655	0.29535
7	0.02014	0.01368	0.01717	0.01360	0.01837	0.01255	0.04287	0.09757	0.02145	0.09887	0.10155	0.03296	0.02643	0.10790	0.01271	0.00295	0.00686	0.00884	0.12207	0.22147
8	0.01677	0.01529	0.09743	0.01522	0.01946	0.01172	0.06475	0.05096	0.02085	0.08231	0.17071	0.19062	0.06385	0.01550	0.00914	0.00277	0.00677	0.01376	0.12264	0.00948
9	0.02053	0.01910	0.02555	0.02161	0.02272	0.02558	0.01796	0.11336	0.01725	0.02561	0.01302	0.01942	0.01204	0.01588	0.04722	0.00389	0.55720	0.00754	0.00450	0.01005
10	0.10294	0.01421	0.02147	0.49762	0.04600	0.01727	0.01907	0.02067	0.01600	0.02286	0.01656	0.02678	0.01414	0.11602	0.01354	0.00365	0.01030	0.00796	0.00417	0.00876
11	0.02106	0.02022	0.03454	0.05223	0.64784	0.02022	0.02612	0.02612	0.01938	0.02780	0.01601	0.02106	0.01348	0.00758	0.00842	0.00253	0.01011	0.00758	0.00421	0.01348
12	0.03818	0.01448	0.01975	0.01514	0.02172	0.01251	0.01251	0.04147	0.02436	0.65373	0.03357	0.02897	0.02107	0.01053	0.00856	0.00263	0.00724	0.00856	0.01053	0.01448
13	0.01902	0.12507	0.02849	0.02081	0.02200	0.02668	0.01769	0.02106	0.01372	0.02038	0.01170	0.01839	0.01151	0.01552	0.04804	0.00380	0.55582	0.00706	0.00374	0.00950
14	0.01608	0.01478	0.02447	0.49640	0.12652	0.01738	0.02153	0.02142	0.01842	0.02444	0.11285	0.02883	0.02233	0.00977	0.00874	0.00277	0.01005	0.00878	0.00470	0.00975
15	0.02029	0.01943	0.03314	0.14984	0.55629	0.02002	0.02573	0.02544	0.01901	0.02686	0.01587	0.02132	0.01315	0.00773	0.00844	0.00258	0.01030	0.00758	0.00415	0.01285
16	0.02023	0.01746	0.01835	0.01658	0.02123	0.01999	0.01288	0.04243	0.58066	0.03453	0.03899	0.03599	0.07823	0.01239	0.00878	0.00289	0.00653	0.01033	0.00860	0.01294
17	0.02864	0.27216	0.03124	0.01936	0.02475	0.44644	0.01579	0.03102	0.02174	0.02055	0.01269	0.01476	0.01095	0.00825	0.00690	0.00206	0.01317	0.00516	0.00413	0.01023
18	0.01697	0.01662	0.02985	0.54617	0.08844	0.01938	0.11595	0.02284	0.01762	0.02293	0.01550	0.02264	0.01170	0.00825	0.00874	0.00282	0.01174	0.00795	0.00389	0.00999
19	0.01602	0.05839	0.06631	0.39898	0.04259	0.01902	0.02044	0.02060	0.01642	0.02180	0.01931	0.12576	0.01824	0.01213	0.01142	0.00299	0.10599	0.00986	0.00439	0.00934
20	0.02002	0.02036	0.03339	0.24953	0.32344	0.06300	0.11647	0.02541	0.01904	0.02531	0.01572	0.02150	0.01254	0.00790	0.00865	0.00266	0.01151	0.00782	0.00410	0.01163
21	0.02343	0.03250	0.21335	0.03656	0.02809	0.23410	0.01947	0.03205	0.12554	0.05026	0.01920	0.02067	0.01456	0.00896	0.00783	0.00241	0.01133	0.00669	0.04325	0.06975
22	0.11826	0.05433	0.02487	0.19491	0.09967	0.02220	0.01769	0.25940	0.02611	0.03757	0.01742	0.02052	0.01309	0.00902	0.00779	0.00257	0.00930	0.00709	0.04634	0.01184
23	0.07913	0.09076	0.11157	0.02192	0.07873	0.12404	0.01813	0.24979	0.06073	0.03669	0.01743	0.01879	0.01321	0.00899	0.00774	0.00243	0.01033	0.00665	0.00606	0.03689
24	0.02699	0.31557	0.03304	0.01684	0.02391	0.02824	0.01497	0.31429	0.02838	0.03703	0.01630	0.01729	0.01279	0.00863	0.00702	0.00213	0.00899	0.00611	0.00613	0.07535
25	0.02575	0.08143	0.02392	0.01743	0.02320	0.04407	0.01434	0.33322	0.10308	0.03991	0.02106	0.02281	0.01633	0.01807	0.11039	0.00414	0.01105	0.00755	0.00705	0.07521
26	0.02564	0.09223	0.02333	0.01664	0.02254	0.02223	0.01372	0.29094	0.17552	0.07290	0.03183	0.03062	0.09737	0.01156	0.00835	0.00256	0.00785	0.00907	0.00795	0.03716
27	0.02471	0.01982	0.02400	0.01996	0.06594	0.01983	0.04706	0.29704	0.06551	0.03985	0.01996	0.04258	0.01579	0.00922	0.00795	0.00220	0.00838	0.00759	0.00685	0.25578

[dist]
# distance from previous block
# <min> <max>
33	95

[block]
# block no. 9 follows, 21 sequences, length 19
# corresponding to MSA columns:
# 485-503
name=unknown_J
#
# <colnr> <probs for GDERKNQSTAVLIFYWHMCP>
#	G	D	E	R	K	N	Q	S	T	A	V	L	I	F	Y	W	H	M	C	P
0	0.02124	0.34172	0.18477	0.02026	0.06680	0.05414	0.01930	0.05743	0.04114	0.02469	0.01622	0.05498	0.01436	0.00931	0.00798	0.00235	0.04070	0.00680	0.00438	0.01142
1	0.01808	0.01963	0.07680	0.08728	0.05800	0.02063	0.13330	0.04925	0.03953	0.02497	0.02004	0.12529	0.01927	0.01344	0.01602	0.00322	0.24962	0.01056	0.00489	0.01019
2	0.07095	0.07459	0.02477	0.01787	0.02420	0.02508	0.01486	0.46199	0.08041	0.04754	0.02079	0.02105	0.01520	0.00994	0.00796	0.00249	0.00868	0.00741	0.05077	0.01345
3	0.07842	0.49028	0.15529	0.01828	0.06044	0.02919	0.01795	0.02576	0.01732	0.02316	0.01271	0.01490	0.01091	0.00750	0.00610	0.00209	0.00961	0.00505	0.00379	0.01125
4	0.01824	0.01496	0.02192	0.01763	0.02275	0.01396	0.11431	0.02457	0.09967	0.07498	0.02766	0.19925	0.02649	0.01319	0.00957	0.00254	0.03720	0.01191	0.00651	0.24266
5	0.01139	0.00991	0.03957	0.01165	0.01379	0.00812	0.00914	0.01438	0.01974	0.02642	0.24157	0.28794	0.18758	0.02157	0.01037	0.00309	0.00508	0.06287	0.00816	0.00765
6	0.08080	0.21919	0.22808	0.13207	0.03434	0.02315	0.07535	0.02649	0.01795	0.06656	0.01539	0.01840	0.01166	0.00799	0.00740	0.00248	0.01071	0.00637	0.00430	0.01133
7	0.02072	0.19101	0.20250	0.02693	0.03596	0.06692	0.28459	0.02721	0.01915	0.02504	0.01517	0.01897	0.01177	0.00754	0.00830	0.00253	0.01272	0.00748	0.00397	0.01152
8	0.01800	0.01495	0.01651	0.01502	0.01886	0.01660	0.01158	0.03508	0.42096	0.03509	0.24625	0.04281	0.04486	0.01358	0.00914	0.00281	0.00579	0.01163	0.00891	0.01158
9	0.01006	0.00862	0.00862	0.00862	0.01149	0.00718	0.00647	0.01221	0.01940	0.02299	0.08621	0.08190	0.64438	0.02155	0.01006	0.00287	0.00431	0.01796	0.00790	0.00718
10	0.01707	0.04402	0.65683	0.02426	0.03683	0.01976	0.03144	0.02695	0.01797	0.02695	0.01527	0.01797	0.01078	0.00809	0.00809	0.00270	0.01258	0.00629	0.00359	0.01258
11	0.01869	0.04079	0.58141	0.02513	0.06822	0.01930	0.02990	0.02787	0.01847	0.06874	0.01653	0.01886	0.01161	0.00822	0.00813	0.00268	0.01209	0.00651	0.00409	0.01275
12	0.01204	0.00870	0.01138	0.01071	0.01271	0.00803	0.00803	0.01606	0.02409	0.03413	0.64335	0.06357	0.08030	0.01740	0.01004	0.00268	0.00401	0.01539	0.00937	0.00803
13	0.01006	0.00862	0.00862	0.00862	0.01149	0.00718	0.00647	0.01221	0.01940	0.02299	0.08621	0.08190	0.64438	0.02155	0.01006	0.00287	0.00431	0.01796	0.00790	0.00718
14	0.01919	0.02869	0.22491	0.03285	0.08102	0.02116	0.37526	0.02673	0.01905	0.02685	0.01625	0.02114	0.01224	0.00788	0.01031	0.00284	0.04910	0.00865	0.00406	0.01182
15	0.01864	0.01605	0.02529	0.22418	0.25464	0.01734	0.02072	0.02544	0.07960	0.05105	0.05143	0.03732	0.02332	0.01146	0.00911	0.00290	0.00937	0.10539	0.00561	0.01115
16	0.01437	0.00984	0.01291	0.01244	0.01388	0.01148	0.00967	0.01748	0.01510	0.02419	0.02335	0.03184	0.02060	0.06383	0.31302	0.00782	0.09902	0.00860	0.28273	0.00784
17	0.01586	0.00793	0.00793	0.00793	0.00991	0.00793	0.00595	0.01983	0.01785	0.03173	0.02776	0.03173	0.02181	0.00991	0.00595	0.00198	0.00397	0.00793	0.74817	0.00793
18	0.01351	0.01111	0.01627	0.01549	0.01669	0.01387	0.01231	0.01630	0.01354	0.01991	0.02036	0.03033	0.01916	0.05357	0.53325	0.01159	0.16162	0.00877	0.00438	0.00796

[dist]
# distance from previous block
# <min> <max>
2	24

[block]
# block no. 10 follows, 21 sequences, length 12
# corresponding to MSA columns:
# 528-539
name=unknown_K
#
# <colnr> <probs for GDERKNQSTAVLIFYWHMCP>
#	G	D	E	R	K	N	Q	S	T	A	V	L	I	F	Y	W	H	M	C	P
0	0.10906	0.08551	0.44955	0.01997	0.02991	0.01923	0.02430	0.02554	0.01774	0.02853	0.04319	0.02027	0.01456	0.00856	0.00745	0.00256	0.01049	0.00649	0.06563	0.01145
1	0.01971	0.35124	0.37271	0.01976	0.02988	0.02622	0.02361	0.02627	0.01765	0.02374	0.01368	0.01596	0.01085	0.00771	0.00687	0.00229	0.01096	0.00548	0.00362	0.01181
2	0.01961	0.13179	0.22357	0.02144	0.07420	0.02160	0.02009	0.03262	0.24165	0.02906	0.02324	0.02622	0.01842	0.00983	0.00801	0.00261	0.00922	0.03480	0.00576	0.04628
3	0.13426	0.25329	0.26006	0.01762	0.02620	0.02395	0.01952	0.07518	0.01916	0.02839	0.01877	0.02037	0.05307	0.00887	0.00696	0.00240	0.00969	0.00635	0.00457	0.01132
4	0.03030	0.02408	0.02542	0.02200	0.07705	0.07631	0.01659	0.49167	0.03619	0.04784	0.05225	0.02234	0.01757	0.01026	0.00852	0.00253	0.00962	0.00789	0.00787	0.01368
5	0.01178	0.00817	0.00928	0.00958	0.01002	0.00792	0.00573	0.01228	0.01385	0.01810	0.03739	0.15325	0.11339	0.51445	0.03427	0.00685	0.00726	0.01483	0.00591	0.00568
6	0.01798	0.07277	0.02440	0.04457	0.02216	0.06446	0.03890	0.02012	0.01516	0.02071	0.02075	0.09094	0.05297	0.07158	0.02193	0.00370	0.37366	0.00982	0.00455	0.00887
7	0.01118	0.00779	0.00976	0.01087	0.01129	0.00746	0.00694	0.01231	0.01543	0.02070	0.07888	0.42924	0.04895	0.26299	0.02221	0.00509	0.00604	0.01946	0.00703	0.00637
8	0.10339	0.02312	0.02427	0.01876	0.02542	0.02568	0.01550	0.56151	0.03752	0.05213	0.01959	0.01979	0.01396	0.00999	0.00820	0.00256	0.00909	0.00736	0.00820	0.01396
9	0.01164	0.00871	0.01097	0.01162	0.01326	0.00771	0.00795	0.01338	0.01632	0.02228	0.04211	0.51311	0.07305	0.07742	0.01273	0.00348	0.00539	0.02003	0.00724	0.12160
10	0.10429	0.01738	0.02537	0.01863	0.02568	0.01564	0.15514	0.02317	0.01755	0.02834	0.01498	0.01853	0.01219	0.00727	0.00851	0.00197	0.05344	0.00634	0.00480	0.44075
11	0.08714	0.01685	0.01900	0.05872	0.02242	0.01827	0.01295	0.29848	0.03021	0.04276	0.25676	0.03644	0.03890	0.01264	0.00881	0.00263	0.00721	0.01033	0.00825	0.01123

[dist]
# distance from previous block
# <min> <max>
4	11

[block]
# block no. 11 follows, 21 sequences, length 11
# corresponding to MSA columns:
# 551-561
name=unknown_L
#
# <colnr> <probs for GDERKNQSTAVLIFYWHMCP>
#	G	D	E	R	K	N	Q	S	T	A	V	L	I	F	Y	W	H	M	C	P
0	0.03044	0.02331	0.02705	0.02073	0.02752	0.02557	0.06509	0.52445	0.08643	0.05001	0.02132	0.02156	0.01528	0.01007	0.00865	0.00261	0.00956	0.00802	0.00818	0.01415
1	0.01971	0.19471	0.24043	0.01740	0.02460	0.02002	0.01834	0.07226	0.01931	0.07136	0.02264	0.13860	0.02146	0.06978	0.01095	0.00306	0.00937	0.00975	0.00539	0.01085
2	0.02060	0.41200	0.24421	0.02017	0.02933	0.02775	0.08963	0.02616	0.01783	0.02311	0.01357	0.01613	0.01111	0.00753	0.00684	0.00223	0.01084	0.00575	0.00370	0.01152
3	0.01543	0.00848	0.01190	0.01174	0.01224	0.00859	0.00803	0.05140	0.01360	0.01815	0.01887	0.10284	0.01956	0.02795	0.02904	0.61631	0.00724	0.00935	0.00450	0.00478
4	0.02275	0.70604	0.04459	0.01456	0.02184	0.03367	0.01456	0.02548	0.01729	0.02002	0.01183	0.01365	0.01092	0.00728	0.00546	0.00182	0.00910	0.00455	0.00364	0.01092
5	0.02328	0.02122	0.01989	0.01781	0.04294	0.13638	0.01338	0.18965	0.13726	0.03437	0.06675	0.08020	0.09536	0.01271	0.00864	0.00255	0.00854	0.01025	0.00729	0.07154
6	0.07347	0.01508	0.01719	0.01307	0.01973	0.01282	0.01043	0.02540	0.08330	0.07807	0.05991	0.02277	0.01890	0.00803	0.00690	0.00173	0.00629	0.00645	0.00615	0.51431
7	0.07583	0.09010	0.01547	0.01180	0.01470	0.01209	0.00934	0.01843	0.02015	0.06460	0.27770	0.14344	0.09826	0.04967	0.01088	0.00306	0.00567	0.06255	0.00779	0.00846
8	0.01997	0.02234	0.04769	0.06871	0.09595	0.02128	0.53824	0.02689	0.01988	0.02704	0.01701	0.02278	0.01288	0.00727	0.00983	0.00284	0.01384	0.00971	0.00427	0.01155
9	0.07235	0.09579	0.07418	0.01544	0.02037	0.01618	0.05072	0.07133	0.05822	0.06250	0.29127	0.04218	0.04433	0.01312	0.00880	0.00264	0.00707	0.03583	0.00748	0.01019
10	0.10040	0.07083	0.03814	0.01683	0.06985	0.01433	0.01268	0.02867	0.02083	0.27984	0.11122	0.12204	0.03074	0.01272	0.00840	0.00264	0.00693	0.01067	0.00803	0.03422

[dist]
# distance from previous block
# <min> <max>
4	39

[block]
# block no. 12 follows, 21 sequences, length 17
# corresponding to MSA columns:
# 607-622,633
name=unknown_M
#
# <colnr> <probs for GDERKNQSTAVLIFYWHMCP>
#	G	D	E	R	K	N	Q	S	T	A	V	L	I	F	Y	W	H	M	C	P
0	0.02004	0.02212	0.09079	0.03160	0.15766	0.01966	0.25057	0.06396	0.09823	0.02963	0.02127	0.07235	0.01777	0.00946	0.00911	0.00271	0.01088	0.00975	0.00534	0.05709
1	0.09387	0.01781	0.05773	0.01658	0.02228	0.01683	0.04021	0.06854	0.21700	0.12867	0.03073	0.06251	0.04719	0.01195	0.00847	0.00272	0.00751	0.05200	0.00761	0.08978
2	0.01900	0.10928	0.50868	0.02186	0.03316	0.02018	0.02701	0.02730	0.01827	0.06468	0.01602	0.01817	0.01155	0.00803	0.00771	0.00250	0.01144	0.00616	0.00413	0.06489
3	0.24490	0.13281	0.08458	0.04123	0.06867	0.01966	0.04105	0.05102	0.01886	0.06896	0.08330	0.07009	0.02195	0.01037	0.00737	0.00257	0.00813	0.00822	0.00575	0.01052
4	0.01867	0.01797	0.03157	0.25849	0.28066	0.01960	0.10431	0.02346	0.01770	0.02434	0.01544	0.02198	0.01259	0.00971	0.01162	0.04829	0.06073	0.00789	0.00401	0.01094
5	0.02414	0.44754	0.03689	0.05695	0.02488	0.13892	0.01577	0.02689	0.01830	0.04856	0.01316	0.01569	0.01143	0.00856	0.00853	0.00218	0.08150	0.00538	0.00409	0.01064
6	0.01081	0.00772	0.00987	0.01119	0.01189	0.00723	0.00744	0.01237	0.01668	0.02228	0.10566	0.50624	0.08731	0.12287	0.01542	0.00404	0.00529	0.02127	0.00765	0.00678
7	0.22299	0.01903	0.01928	0.01549	0.02143	0.05429	0.01267	0.21859	0.02637	0.23429	0.02231	0.02173	0.01538	0.00962	0.00749	0.00255	0.00801	0.00704	0.04896	0.01249
8	0.01673	0.01527	0.05163	0.17951	0.06285	0.01666	0.04509	0.02101	0.01652	0.02524	0.01966	0.04828	0.01664	0.01329	0.04101	0.00325	0.16113	0.00836	0.22862	0.00926
9	0.01037	0.00741	0.00987	0.01185	0.01234	0.00691	0.00790	0.01185	0.01629	0.02172	0.04690	0.69537	0.05629	0.02666	0.01086	0.00346	0.00494	0.02419	0.00790	0.00691
10	0.01437	0.01068	0.01407	0.01552	0.01771	0.01101	0.01312	0.02069	0.09970	0.02644	0.04387	0.14551	0.04666	0.02224	0.01126	0.00374	0.00741	0.45957	0.00795	0.00849
11	0.02007	0.32327	0.29773	0.02355	0.09061	0.02586	0.05913	0.02626	0.01794	0.02409	0.01399	0.01673	0.01123	0.00764	0.00712	0.00232	0.01096	0.00590	0.00372	0.01189
12	0.01464	0.00927	0.01221	0.01115	0.01361	0.00847	0.00847	0.01858	0.02412	0.09565	0.58280	0.06013	0.07442	0.01672	0.00989	0.00267	0.00434	0.01471	0.00948	0.00867
13	0.01906	0.02006	0.03795	0.07531	0.03609	0.02200	0.34111	0.02419	0.01742	0.02492	0.01573	0.02205	0.01277	0.00997	0.01556	0.00309	0.23391	0.00889	0.04951	0.01041
14	0.01135	0.00860	0.01046	0.01015	0.01233	0.00771	0.00755	0.01465	0.02221	0.03004	0.44045	0.10774	0.24727	0.01921	0.01009	0.00278	0.00416	0.01670	0.00884	0.00771
15	0.02557	0.38577	0.08238	0.01879	0.02544	0.26620	0.03897	0.02880	0.01997	0.02110	0.01277	0.01494	0.01100	0.00789	0.00664	0.00206	0.01186	0.00523	0.00394	0.01067
16	0.01130	0.00808	0.01091	0.01261	0.01359	0.00769	0.00925	0.01360	0.01783	0.02382	0.10608	0.49473	0.05701	0.02501	0.01098	0.00348	0.00551	0.15325	0.00803	0.00724

[dist]
# distance from previous block
# <min> <max>
0	1

[block]
# block no. 13 follows, 21 sequences, length 13
# corresponding to MSA columns:
# 635-647
name=unknown_N
#
# <colnr> <probs for GDERKNQSTAVLIFYWHMCP>
#	G	D	E	R	K	N	Q	S	T	A	V	L	I	F	Y	W	H	M	C	P
0	0.02275	0.70604	0.04459	0.01456	0.02184	0.03367	0.01456	0.02548	0.01729	0.02002	0.01183	0.01365	0.01092	0.00728	0.00546	0.00182	0.00910	0.00455	0.00364	0.01092
1	0.01921	0.02249	0.08024	0.09512	0.04239	0.01990	0.44887	0.02598	0.01936	0.02676	0.01664	0.02197	0.01259	0.00725	0.00931	0.00266	0.01295	0.00896	0.00430	0.10304
2	0.09966	0.01437	0.05524	0.02043	0.12939	0.01309	0.01429	0.02100	0.04753	0.03066	0.23787	0.07932	0.04579	0.01548	0.00944	0.00296	0.00691	0.13977	0.00720	0.00956
3	0.01216	0.00912	0.01368	0.01368	0.01520	0.01064	0.01064	0.01520	0.01368	0.01976	0.02279	0.03343	0.02127	0.06382	0.66720	0.01368	0.02279	0.00912	0.00456	0.00760
4	0.02604	0.02165	0.02711	0.06452	0.14216	0.06865	0.06645	0.23427	0.11508	0.07800	0.05291	0.02487	0.01913	0.00985	0.00866	0.00262	0.00968	0.00841	0.00700	0.01295
5	0.02292	0.02099	0.06035	0.02304	0.07859	0.04519	0.08087	0.15932	0.17605	0.05943	0.02299	0.02533	0.01778	0.01774	0.10327	0.00432	0.05459	0.00847	0.00652	0.01223
6	0.02009	0.02296	0.05022	0.03587	0.04448	0.02152	0.61693	0.02726	0.02009	0.02726	0.01722	0.02296	0.01291	0.00717	0.01004	0.00287	0.01435	0.01004	0.00430	0.01148
