[name]
unknown

[dist]
# distance from previous block
# <min> <max>
0	17

[block]
# block no. 0 follows, 26 sequences, length 6
# corresponding to MSA columns:
# 17-22
name=unknown_A
#
# <colnr> <probs for GDERKNQSTAVLIFYWHMCP>
#	G	D	E	R	K	N	Q	S	T	A	V	L	I	F	Y	W	H	M	C	P
0	0.01222	0.00873	0.01222	0.01397	0.01572	0.00873	0.01222	0.01572	0.01746	0.02270	0.04016	0.08556	0.04365	0.02095	0.01048	0.00349	0.00698	0.63506	0.00698	0.00698
1	0.35082	0.05455	0.04725	0.01756	0.11118	0.01843	0.01284	0.13100	0.07383	0.06142	0.04361	0.01816	0.01407	0.00806	0.00625	0.00231	0.00700	0.00593	0.00552	0.01021
2	0.02002	0.01562	0.02507	0.03364	0.42467	0.01580	0.01844	0.02389	0.01812	0.13638	0.10954	0.02504	0.02127	0.00896	0.00919	0.00238	0.06763	0.00786	0.00530	0.01117
3	0.01805	0.01694	0.02686	0.15237	0.45413	0.01799	0.02078	0.02585	0.14088	0.02519	0.01728	0.02082	0.01380	0.00756	0.00756	0.00236	0.00863	0.00710	0.00444	0.01141
4	0.08556	0.05271	0.02136	0.02311	0.22218	0.01631	0.01435	0.12466	0.06249	0.09507	0.13434	0.02727	0.04489	0.00950	0.00740	0.00226	0.00694	0.00803	0.00614	0.03543
5	0.06774	0.02279	0.11860	0.18437	0.30131	0.13207	0.02105	0.02363	0.01706	0.02303	0.01334	0.01745	0.01064	0.00720	0.00719	0.00229	0.01014	0.00611	0.00368	0.01033

[dist]
# distance from previous block
# <min> <max>
2	10

[block]
# block no. 1 follows, 26 sequences, length 44
# corresponding to MSA columns:
# 34-77
name=unknown_B
#
# <colnr> <probs for GDERKNQSTAVLIFYWHMCP>
#	G	D	E	R	K	N	Q	S	T	A	V	L	I	F	Y	W	H	M	C	P
0	0.01777	0.01615	0.04166	0.01362	0.01947	0.05520	0.03795	0.06760	0.06627	0.04611	0.01782	0.06152	0.01526	0.02403	0.00723	0.00178	0.00679	0.00656	0.02466	0.45254
1	0.05013	0.04338	0.10714	0.03291	0.01985	0.01531	0.01266	0.18765	0.05255	0.04960	0.08401	0.02375	0.01964	0.00884	0.00675	0.00206	0.00671	0.00700	0.16481	0.10526
2	0.07582	0.01836	0.02727	0.06004	0.52796	0.06646	0.02079	0.02312	0.01720	0.02473	0.01540	0.02213	0.01349	0.00776	0.00744	0.00232	0.00902	0.04557	0.00402	0.01108
3	0.01974	0.32202	0.25944	0.01859	0.02659	0.07325	0.09178	0.02479	0.01674	0.06269	0.01343	0.01538	0.01046	0.00700	0.00644	0.00206	0.01000	0.00542	0.00373	0.01042
4	0.04127	0.01624	0.04905	0.01901	0.09613	0.01599	0.05341	0.07576	0.26231	0.11966	0.12424	0.02870	0.02591	0.00990	0.00778	0.00241	0.00684	0.00857	0.00698	0.02987
5	0.01090	0.00730	0.00831	0.00844	0.00847	0.00727	0.00477	0.01100	0.01128	0.01504	0.02518	0.09833	0.02920	0.68253	0.03653	0.00705	0.00714	0.01179	0.00477	0.00471
6	0.04861	0.29907	0.37988	0.01766	0.02652	0.02261	0.02075	0.06314	0.01689	0.02359	0.01263	0.01456	0.00981	0.00705	0.00625	0.00210	0.00966	0.00504	0.00355	0.01064
7	0.01645	0.01289	0.01583	0.01178	0.01776	0.01003	0.02591	0.01959	0.01594	0.07193	0.01716	0.06905	0.01523	0.03612	0.00745	0.00164	0.00585	0.00632	0.00502	0.61807
8	0.00966	0.00700	0.00901	0.00999	0.01089	0.00647	0.00685	0.01151	0.01623	0.02187	0.19657	0.48487	0.10293	0.05560	0.01084	0.00308	0.00430	0.01875	0.00724	0.00634
9	0.01958	0.01722	0.06727	0.06599	0.02263	0.01627	0.01358	0.19223	0.02077	0.06072	0.03407	0.04811	0.01527	0.02911	0.01029	0.00227	0.10443	0.00692	0.00543	0.24782
10	0.01030	0.00822	0.00921	0.00907	0.01125	0.00753	0.00670	0.01399	0.06506	0.02395	0.24867	0.12194	0.37512	0.04277	0.00997	0.00272	0.00409	0.01511	0.00739	0.00694
11	0.01509	0.08663	0.57207	0.01968	0.02952	0.01738	0.02466	0.02287	0.01656	0.02427	0.08617	0.02016	0.01636	0.00806	0.00723	0.00234	0.01015	0.00638	0.00377	0.01066
12	0.19079	0.01717	0.01758	0.01414	0.01913	0.01885	0.01154	0.39506	0.02762	0.04067	0.10113	0.02563	0.06861	0.01018	0.00722	0.00233	0.00690	0.00775	0.00701	0.01070
13	0.01859	0.01784	0.03046	0.07354	0.66053	0.01797	0.02319	0.02312	0.01719	0.02456	0.01424	0.01883	0.01194	0.00679	0.00751	0.00226	0.00906	0.00676	0.00374	0.01187
14	0.02137	0.01723	0.02117	0.05112	0.12065	0.01904	0.03110	0.14936	0.37481	0.07290	0.02490	0.02435	0.01851	0.00928	0.00768	0.00246	0.00725	0.00786	0.00692	0.01202
15	0.02330	0.01380	0.01797	0.01343	0.01969	0.01159	0.04133	0.02795	0.06596	0.28870	0.02134	0.02086	0.01510	0.00748	0.00673	0.00178	0.00632	0.00624	0.00663	0.38380
16	0.02755	0.07723	0.15889	0.01532	0.02218	0.01476	0.01486	0.03347	0.08383	0.43465	0.02509	0.02294	0.01658	0.00879	0.00733	0.00232	0.00752	0.00701	0.00745	0.01221
17	0.01960	0.01666	0.01757	0.01559	0.02001	0.01921	0.01218	0.08627	0.62525	0.03292	0.02993	0.02755	0.02239	0.01020	0.00771	0.00255	0.00618	0.00845	0.00771	0.01207
18	0.02099	0.00999	0.01339	0.01133	0.01487	0.00889	0.00892	0.02420	0.02132	0.32260	0.36962	0.06796	0.04740	0.01310	0.00839	0.00239	0.00488	0.01131	0.00876	0.00967
19	0.01059	0.00775	0.00994	0.00939	0.01124	0.00710	0.00704	0.01403	0.02113	0.02961	0.63275	0.05799	0.12144	0.01581	0.00895	0.00240	0.00360	0.01390	0.00824	0.00710
20	0.01018	0.00731	0.00947	0.01089	0.01160	0.00700	0.00740	0.04186	0.01554	0.02073	0.04067	0.69429	0.04837	0.02306	0.00958	0.00304	0.00459	0.02085	0.00707	0.00649
21	0.01017	0.00727	0.00987	0.01162	0.01247	0.00696	0.00866	0.01217	0.01544	0.02040	0.04129	0.52787	0.04813	0.02289	0.00993	0.00321	0.00521	0.21299	0.00702	0.00642
22	0.00924	0.00660	0.00880	0.01056	0.01100	0.00616	0.00704	0.01056	0.01452	0.01936	0.04181	0.72848	0.05017	0.02376	0.00968	0.00308	0.00440	0.02156	0.00704	0.00616
23	0.02661	0.06805	0.02402	0.06889	0.02600	0.35683	0.04226	0.24254	0.02535	0.02874	0.01414	0.01589	0.01093	0.00810	0.00713	0.00211	0.01127	0.00580	0.00508	0.01027
24	0.02883	0.02125	0.02276	0.01745	0.02352	0.02352	0.01442	0.66082	0.03566	0.04780	0.01821	0.01821	0.01290	0.00911	0.00759	0.00228	0.00835	0.00683	0.00759	0.01290
25	0.01616	0.01356	0.01779	0.01318	0.01932	0.01096	0.06616	0.02045	0.04296	0.04997	0.05773	0.04748	0.01730	0.00734	0.00644	0.00151	0.00612	0.00641	0.00509	0.57408
26	0.01559	0.09100	0.64566	0.02098	0.03184	0.01853	0.02691	0.02392	0.01597	0.02356	0.01338	0.01573	0.00962	0.00715	0.00703	0.00234	0.01098	0.00549	0.00321	0.01110
27	0.01521	0.03923	0.69413	0.02162	0.03283	0.01762	0.02802	0.02402	0.01601	0.02402	0.01361	0.01601	0.00961	0.00721	0.00721	0.00240	0.01121	0.00560	0.00320	0.01121
28	0.01806	0.44406	0.24088	0.01595	0.02330	0.02474	0.01763	0.02248	0.01563	0.02034	0.04065	0.01557	0.01240	0.00753	0.00702	0.00200	0.05320	0.00512	0.00346	0.00999
29	0.01036	0.00835	0.00930	0.00895	0.01135	0.00761	0.00674	0.01434	0.06738	0.02502	0.29900	0.06360	0.40629	0.01717	0.00887	0.00250	0.00390	0.01460	0.00758	0.00710
30	0.00938	0.00683	0.00885	0.01019	0.01097	0.00629	0.00694	0.01101	0.01554	0.02070	0.11652	0.59574	0.10816	0.02244	0.00954	0.00296	0.00426	0.02020	0.00719	0.00629
31	0.01609	0.00926	0.01161	0.01028	0.01328	0.00836	0.00797	0.01983	0.04490	0.18245	0.37534	0.05193	0.18919	0.01468	0.00860	0.00242	0.00440	0.01260	0.00829	0.00852
32	0.01806	0.01727	0.02911	0.04373	0.63696	0.01718	0.02200	0.02238	0.01727	0.02447	0.01882	0.02272	0.06082	0.00766	0.00762	0.00228	0.00864	0.00743	0.00399	0.01161
33	0.03403	0.01291	0.01760	0.01350	0.01936	0.01115	0.01115	0.03697	0.02171	0.69137	0.02992	0.02582	0.01878	0.00939	0.00763	0.00235	0.00645	0.00763	0.00939	0.01291
34	0.01410	0.00738	0.00751	0.00752	0.00932	0.00746	0.00562	0.01819	0.03954	0.02802	0.02569	0.05798	0.02088	0.00952	0.00558	0.00185	0.00366	0.00774	0.71523	0.00721
35	0.04958	0.03797	0.62254	0.02098	0.03146	0.06029	0.02633	0.02434	0.01622	0.02412	0.01336	0.01571	0.00956	0.00724	0.00707	0.00237	0.01113	0.00549	0.00331	0.01093
36	0.07850	0.01280	0.01663	0.01307	0.01849	0.01158	0.01071	0.03453	0.05185	0.57033	0.07707	0.02738	0.02224	0.00974	0.00755	0.00236	0.00618	0.00790	0.00894	0.01215
37	0.00968	0.00826	0.00840	0.00834	0.01095	0.00729	0.00626	0.01298	0.06418	0.02126	0.07232	0.09264	0.61364	0.01873	0.00890	0.00258	0.00402	0.01567	0.00709	0.00680
38	0.01502	0.01410	0.02109	0.14641	0.02470	0.01814	0.05386	0.01751	0.01291	0.01888	0.01478	0.05008	0.01438	0.09463	0.04603	0.00383	0.38063	0.00795	0.03724	0.00783
39	0.01851	0.01493	0.02166	0.13619	0.16213	0.01579	0.06189	0.02787	0.21733	0.10467	0.02955	0.03016	0.10599	0.00993	0.00790	0.00247	0.00755	0.00881	0.00602	0.01065
40	0.01101	0.00743	0.00867	0.00867	0.00881	0.00757	0.00510	0.01129	0.01115	0.01500	0.02353	0.04760	0.02669	0.66410	0.10673	0.00785	0.00868	0.01073	0.00454	0.00482
41	0.03403	0.01291	0.01760	0.01350	0.01936	0.01115	0.01115	0.03697	0.02171	0.69137	0.02992	0.02582	0.01878	0.00939	0.00763	0.00235	0.00645	0.00763	0.00939	0.01291
42	0.07159	0.07042	0.61358	0.02036	0.03088	0.01816	0.02587	0.02383	0.01576	0.02446	0.01325	0.01556	0.00951	0.00716	0.00691	0.00236	0.01068	0.00542	0.00331	0.01092
43	0.01830	0.01935	0.07866	0.07629	0.60869	0.01794	0.02352	0.02315	0.01708	0.02447	0.01418	0.01864	0.01175	0.00683	0.00749	0.00228	0.00922	0.00667	0.00370	0.01179

[dist]
# distance from previous block
# <min> <max>
0	1

[block]
# block no. 2 follows, 26 sequences, length 64
# corresponding to MSA columns:
# 79-142
name=unknown_C
#
# <colnr> <probs for GDERKNQSTAVLIFYWHMCP>
#	G	D	E	R	K	N	Q	S	T	A	V	L	I	F	Y	W	H	M	C	P
0	0.01956	0.63832	0.13310	0.01421	0.02137	0.02824	0.01512	0.02290	0.01550	0.01873	0.01098	0.01272	0.00972	0.00659	0.00520	0.00173	0.00855	0.00428	0.00324	0.00994
1	0.05863	0.06239	0.63290	0.02066	0.03134	0.01802	0.02639	0.02388	0.01582	0.02437	0.01333	0.01567	0.00953	0.00717	0.00698	0.00237	0.01080	0.00547	0.00329	0.01099
2	0.02790	0.07549	0.02260	0.01907	0.02323	0.63245	0.01455	0.05967	0.02182	0.01991	0.01196	0.01381	0.00992	0.00780	0.00676	0.00195	0.01311	0.00493	0.00404	0.00904
3	0.01801	0.01724	0.02940	0.16178	0.57688	0.01782	0.02290	0.02261	0.01691	0.02385	0.01413	0.01902	0.01169	0.00690	0.00752	0.00230	0.00920	0.00676	0.00369	0.01140
4	0.07708	0.01166	0.01312	0.05557	0.01633	0.03225	0.00933	0.09267	0.06567	0.03053	0.38466	0.04322	0.06942	0.05408	0.00990	0.00267	0.00543	0.01100	0.00721	0.00820
5	0.02344	0.01753	0.01889	0.01540	0.02013	0.01952	0.01235	0.39770	0.17697	0.03909	0.02203	0.02371	0.01691	0.05336	0.04820	0.00315	0.00807	0.00756	0.06455	0.01144
6	0.00924	0.00660	0.00880	0.01056	0.01100	0.00616	0.00704	0.01056	0.01452	0.01936	0.04181	0.72848	0.05017	0.02376	0.00968	0.00308	0.00440	0.02156	0.00704	0.00616
7	0.01018	0.00728	0.00981	0.01113	0.01211	0.00691	0.00821	0.01239	0.01644	0.02212	0.15795	0.46336	0.05261	0.02164	0.00972	0.00305	0.00483	0.15647	0.00727	0.00653
8	0.52165	0.03532	0.08998	0.01185	0.01730	0.01649	0.01094	0.05375	0.01542	0.09403	0.01404	0.01536	0.01038	0.00748	0.00543	0.00229	0.00654	0.00493	0.05761	0.00917
9	0.00961	0.00712	0.00937	0.01076	0.01127	0.00696	0.00732	0.01093	0.01442	0.01923	0.04158	0.64377	0.07893	0.04494	0.01121	0.00320	0.03605	0.02031	0.00680	0.00622
10	0.73828	0.01459	0.01188	0.05445	0.01704	0.01701	0.00902	0.02211	0.01305	0.03311	0.01075	0.01282	0.00833	0.00708	0.00488	0.00236	0.00614	0.00427	0.00461	0.00823
11	0.02916	0.01183	0.01604	0.01267	0.01769	0.01031	0.01031	0.03223	0.02166	0.55330	0.16617	0.03226	0.02980	0.01067	0.00790	0.00236	0.00585	0.00890	0.00917	0.01171
12	0.00980	0.00710	0.00929	0.01037	0.01137	0.00660	0.00736	0.01185	0.01659	0.02233	0.19730	0.47646	0.09796	0.02127	0.00951	0.00291	0.00435	0.06375	0.00735	0.00648
13	0.05445	0.11227	0.53694	0.02049	0.03054	0.01887	0.06034	0.02412	0.01604	0.03965	0.01361	0.01589	0.00988	0.00713	0.00694	0.00232	0.01059	0.00560	0.00346	0.01089
14	0.01573	0.01348	0.01573	0.01123	0.01798	0.01011	0.00899	0.01910	0.01573	0.02472	0.01348	0.01573	0.01123	0.00562	0.00562	0.00112	0.00562	0.00449	0.00449	0.77980
15	0.00924	0.00660	0.00880	0.01056	0.01100	0.00616	0.00704	0.01056	0.01452	0.01936	0.04181	0.72848	0.05017	0.02376	0.00968	0.00308	0.00440	0.02156	0.00704	0.00616
16	0.01882	0.01199	0.01263	0.01095	0.01429	0.01275	0.00863	0.18202	0.10197	0.05563	0.02666	0.02792	0.05163	0.00962	0.00644	0.00205	0.00516	0.00766	0.42386	0.00930
17	0.01562	0.01511	0.02673	0.35542	0.11697	0.01713	0.14881	0.02030	0.01562	0.02146	0.01530	0.04535	0.01261	0.00849	0.00959	0.00256	0.08382	0.00773	0.05233	0.00904
18	0.00924	0.00660	0.00880	0.01056	0.01100	0.00616	0.00704	0.01056	0.01452	0.01936	0.04181	0.72848	0.05017	0.02376	0.00968	0.00308	0.00440	0.02156	0.00704	0.00616
19	0.00899	0.00758	0.00779	0.00795	0.01032	0.00638	0.00588	0.01086	0.01703	0.02039	0.07359	0.13386	0.62427	0.01963	0.00903	0.00261	0.00389	0.01652	0.00704	0.00638
20	0.02546	0.05497	0.02077	0.01599	0.02121	0.07187	0.01298	0.32644	0.20376	0.09763	0.02215	0.02147	0.01613	0.00921	0.00733	0.00228	0.00770	0.00710	0.04361	0.01192
21	0.01701	0.01728	0.02317	0.01990	0.02004	0.04709	0.01653	0.01868	0.01196	0.01827	0.01002	0.01649	0.00995	0.01308	0.02426	0.00327	0.69477	0.00658	0.00334	0.00831
22	0.08352	0.02747	0.21343	0.01771	0.02394	0.17694	0.01701	0.14765	0.09480	0.02849	0.01774	0.06234	0.01454	0.01062	0.02866	0.00263	0.01006	0.00697	0.00510	0.01036
23	0.02518	0.31205	0.02875	0.01685	0.02188	0.40352	0.01398	0.05904	0.01981	0.01975	0.01159	0.01331	0.00991	0.00736	0.00610	0.00184	0.01122	0.00466	0.00383	0.00937
24	0.01754	0.01786	0.06516	0.18537	0.42276	0.01739	0.04397	0.04910	0.01780	0.02486	0.05322	0.02118	0.01496	0.00756	0.00765	0.00234	0.00916	0.00718	0.00407	0.01089
25	0.01284	0.00911	0.01115	0.01149	0.01323	0.00912	0.00825	0.03971	0.11904	0.05741	0.11315	0.45907	0.06797	0.01932	0.00909	0.00284	0.00478	0.01723	0.00743	0.00777
26	0.01033	0.00774	0.00958	0.00912	0.01108	0.00699	0.00684	0.01353	0.02052	0.02816	0.54455	0.06037	0.21054	0.01635	0.00895	0.00243	0.00364	0.01424	0.00805	0.00699
27	0.01540	0.01389	0.02262	0.56972	0.11574	0.01664	0.02002	0.04696	0.01631	0.02172	0.01448	0.02049	0.01102	0.00764	0.00743	0.00244	0.00950	0.00677	0.05229	0.00891
28	0.07255	0.01357	0.02188	0.66206	0.04941	0.01686	0.02010	0.01960	0.01500	0.02048	0.01326	0.01963	0.00997	0.00754	0.00737	0.00251	0.00979	0.00654	0.00347	0.00841
29	0.06441	0.03128	0.02043	0.01973	0.06052	0.56194	0.01418	0.02803	0.02007	0.02003	0.01281	0.01539	0.01072	0.01056	0.04646	0.00257	0.01300	0.00522	0.03388	0.00877
30	0.03403	0.01291	0.01760	0.01350	0.01936	0.01115	0.01115	0.03697	0.02171	0.69137	0.02992	0.02582	0.01878	0.00939	0.00763	0.00235	0.00645	0.00763	0.00939	0.01291
31	0.01064	0.00739	0.00856	0.00861	0.00917	0.00714	0.00532	0.01151	0.01358	0.01816	0.13625	0.10926	0.09693	0.49312	0.02870	0.00576	0.00618	0.01280	0.00563	0.00530
32	0.01282	0.00959	0.01251	0.01364	0.01576	0.00982	0.01165	0.01848	0.09990	0.02396	0.06212	0.07669	0.07928	0.01933	0.00999	0.00329	0.00657	0.49990	0.00712	0.00759
33	0.03106	0.01264	0.01691	0.01325	0.01866	0.01124	0.01084	0.03513	0.05964	0.59364	0.08845	0.02873	0.02376	0.00999	0.00775	0.00236	0.00617	0.00823	0.00920	0.01234
34	0.00940	0.00673	0.00895	0.01045	0.01104	0.00627	0.00705	0.01097	0.01528	0.02057	0.11188	0.65496	0.05251	0.02286	0.00960	0.00300	0.00431	0.02070	0.00718	0.00627
35	0.78701	0.01467	0.01115	0.00997	0.01467	0.01702	0.00821	0.02230	0.01291	0.03403	0.01056	0.01232	0.00821	0.00704	0.00469	0.00235	0.00587	0.00411	0.00469	0.00821
36	0.01421	0.05720	0.01371	0.01099	0.01416	0.03577	0.00864	0.08662	0.09560	0.02780	0.26155	0.05062	0.26481	0.01466	0.00834	0.00239	0.00510	0.01226	0.00727	0.00829
37	0.01208	0.00863	0.01206	0.01381	0.01549	0.00861	0.01198	0.01547	0.01732	0.02254	0.04024	0.11596	0.04396	0.02109	0.01044	0.00347	0.00686	0.60605	0.00699	0.00695
38	0.03081	0.01297	0.01713	0.01334	0.01874	0.01167	0.01093	0.08497	0.02282	0.55964	0.10732	0.02890	0.02464	0.01010	0.00778	0.00235	0.00626	0.00829	0.00912	0.01222
39	0.02223	0.01626	0.01762	0.01469	0.01936	0.01779	0.01174	0.26110	0.27214	0.08793	0.06246	0.02954	0.07564	0.01072	0.00771	0.00240	0.00647	0.00867	0.04409	0.01146
40	0.02703	0.07737	0.02291	0.01893	0.02295	0.53736	0.01466	0.09745	0.02193	0.02167	0.01223	0.01429	0.01012	0.00827	0.00811	0.00207	0.06400	0.00517	0.00422	0.00926
41	0.28227	0.09712	0.02012	0.01488	0.01996	0.18071	0.01214	0.20810	0.04729	0.03259	0.01381	0.01493	0.01066	0.00788	0.00616	0.00217	0.00864	0.00524	0.00531	0.01000
42	0.01882	0.41558	0.27090	0.01594	0.02387	0.02352	0.01799	0.02361	0.01625	0.05834	0.04238	0.01627	0.01293	0.00731	0.00604	0.00198	0.00893	0.00524	0.00380	0.01033
43	0.01059	0.00775	0.00993	0.00939	0.01124	0.00709	0.00704	0.01403	0.02112	0.02959	0.63169	0.05802	0.12251	0.01582	0.00895	0.00240	0.00360	0.01391	0.00824	0.00709
44	0.06201	0.01773	0.02724	0.12466	0.43669	0.04045	0.04197	0.07396	0.01841	0.02614	0.01553	0.02180	0.01313	0.00781	0.00754	0.00236	0.00910	0.03825	0.00424	0.01099
45	0.05387	0.08080	0.02454	0.16395	0.17785	0.16806	0.01714	0.09639	0.09798	0.02554	0.01552	0.01822	0.01223	0.00783	0.00707	0.00224	0.00960	0.00624	0.00461	0.01034
46	0.02098	0.01085	0.01542	0.01309	0.01646	0.01029	0.04019	0.02383	0.01913	0.30181	0.18174	0.17438	0.03647	0.01383	0.00953	0.00256	0.05498	0.01184	0.03304	0.00957
47	0.00940	0.00680	0.00894	0.01058	0.01124	0.00633	0.00727	0.01089	0.01487	0.01963	0.04392	0.64852	0.08969	0.02331	0.00968	0.00307	0.00452	0.05807	0.00704	0.00623
48	0.01904	0.01904	0.03218	0.04367	0.57896	0.04498	0.10275	0.02368	0.01752	0.02448	0.01430	0.01879	0.01186	0.00675	0.00766	0.00228	0.00967	0.00696	0.00377	0.01166
49	0.01862	0.01976	0.06838	0.08351	0.50999	0.05669	0.05788	0.02333	0.01729	0.02414	0.01447	0.01884	0.01186	0.00695	0.00746	0.00226	0.00949	0.00672	0.03109	0.01128
50	0.01051	0.00917	0.04369	0.01221	0.03627	0.00763	0.00913	0.01289	0.01589	0.02118	0.06569	0.41113	0.15385	0.02030	0.00928	0.00292	0.00513	0.10969	0.03658	0.00685
51	0.02250	0.47768	0.07220	0.01554	0.02149	0.23982	0.01438	0.02516	0.01735	0.01843	0.01109	0.01286	0.00974	0.00695	0.00562	0.00177	0.01003	0.00441	0.00345	0.00953
52	0.01398	0.00884	0.01052	0.00958	0.01243	0.00787	0.00736	0.01735	0.04161	0.13217	0.29546	0.05778	0.32431	0.01594	0.00870	0.00246	0.00423	0.01355	0.00793	0.00792
53	0.00910	0.00769	0.00787	0.00782	0.01033	0.00646	0.00587	0.01114	0.01760	0.02123	0.12222	0.07177	0.63719	0.01893	0.00896	0.00255	0.00382	0.01584	0.00714	0.00646
54	0.01585	0.01388	0.01738	0.01242	0.01921	0.01063	0.04605	0.01940	0.01585	0.02469	0.01359	0.01600	0.01125	0.00566	0.00581	0.00121	0.00603	0.00475	0.00446	0.73589
55	0.02552	0.01808	0.01989	0.01591	0.02101	0.01965	0.01287	0.47844	0.06723	0.08660	0.04860	0.10795	0.02074	0.01124	0.00791	0.00240	0.00742	0.00906	0.00768	0.01180
56	0.00952	0.00762	0.00853	0.00863	0.01076	0.00663	0.00644	0.01181	0.01798	0.02276	0.21321	0.13935	0.45182	0.01889	0.00909	0.00261	0.00394	0.03650	0.00735	0.00657
57	0.00916	0.00758	0.00802	0.00814	0.01042	0.00645	0.00602	0.01117	0.01740	0.02129	0.12901	0.13684	0.56372	0.01932	0.00903	0.00260	0.00387	0.01635	0.00716	0.00645
58	0.08214	0.24984	0.11545	0.01678	0.02339	0.02260	0.06793	0.16434	0.06179	0.08532	0.01593	0.01697	0.01206	0.00785	0.00701	0.00216	0.02644	0.00592	0.00516	0.01092
59	0.01991	0.01953	0.02893	0.08842	0.54417	0.07996	0.02183	0.06082	0.01858	0.02519	0.01421	0.01838	0.01173	0.00705	0.00746	0.00225	0.00947	0.00659	0.00397	0.01153
60	0.00924	0.00660	0.00880	0.01056	0.01100	0.00616	0.00704	0.01056	0.01452	0.01936	0.04181	0.72848	0.05017	0.02376	0.00968	0.00308	0.00440	0.02156	0.00704	0.00616
61	0.02608	0.01868	0.02034	0.01618	0.02143	0.02047	0.01308	0.48413	0.10478	0.08346	0.02211	0.06633	0.01738	0.03855	0.00895	0.00256	0.00767	0.00818	0.00756	0.01204
62	0.01405	0.01177	0.01419	0.01135	0.01616	0.00959	0.00876	0.01690	0.01554	0.02349	0.04937	0.18115	0.02278	0.01052	0.00745	0.00171	0.03320	0.00890	0.00520	0.53792
63	0.01621	0.16221	0.55310	0.02049	0.03073	0.01987	0.04982	0.02380	0.01598	0.02294	0.01314	0.01551	0.00970	0.00705	0.00686	0.00227	0.01072	0.00546	0.00323	0.01091

[dist]
# distance from previous block
# <min> <max>
0	1

[block]
# block no. 3 follows, 26 sequences, length 59
# corresponding to MSA columns:
# 144-202
name=unknown_D
#
# <colnr> <probs for GDERKNQSTAVLIFYWHMCP>
#	G	D	E	R	K	N	Q	S	T	A	V	L	I	F	Y	W	H	M	C	P
0	0.02196	0.56701	0.13683	0.01606	0.02310	0.06887	0.01609	0.02462	0.01715	0.02085	0.01334	0.01598	0.01183	0.00816	0.00632	0.00218	0.00956	0.00509	0.00405	0.01095
1	0.01548	0.01107	0.01311	0.01183	0.01497	0.01114	0.00905	0.02414	0.21709	0.09026	0.30928	0.10073	0.06515	0.01356	0.00831	0.00242	0.00478	0.01176	0.00786	0.05802
2	0.01062	0.00770	0.01003	0.00970	0.01141	0.00711	0.00727	0.01397	0.02070	0.02904	0.59536	0.10834	0.08783	0.01641	0.00905	0.00248	0.00376	0.03402	0.00817	0.00705
3	0.01018	0.00773	0.00937	0.00896	0.01099	0.00692	0.00672	0.01325	0.02017	0.02732	0.49345	0.06175	0.26217	0.01666	0.00895	0.00244	0.00366	0.01443	0.00794	0.00692
4	0.01677	0.01711	0.02610	0.02152	0.02255	0.02269	0.10223	0.01906	0.01245	0.01906	0.01068	0.01711	0.01016	0.01236	0.02277	0.00322	0.62527	0.00695	0.00339	0.00856
5	0.01521	0.03923	0.69413	0.02162	0.03283	0.01762	0.02802	0.02402	0.01601	0.02402	0.01361	0.01601	0.00961	0.00721	0.00721	0.00240	0.01121	0.00560	0.00320	0.01121
6	0.01135	0.00806	0.00982	0.00961	0.00982	0.00869	0.00611	0.01188	0.01125	0.01538	0.02246	0.04449	0.02513	0.58359	0.14012	0.00784	0.05449	0.01030	0.00443	0.00517
7	0.13969	0.01316	0.01670	0.01300	0.01870	0.01197	0.01074	0.03491	0.02047	0.59913	0.02721	0.02392	0.01729	0.00906	0.00722	0.00235	0.00637	0.00713	0.00873	0.01225
8	0.02052	0.01618	0.01739	0.01534	0.01983	0.01837	0.01202	0.06206	0.59402	0.08884	0.03034	0.02773	0.02241	0.01017	0.00771	0.00254	0.00612	0.00843	0.00786	0.01211
9	0.00968	0.00730	0.01062	0.01164	0.01245	0.00682	0.03993	0.01125	0.01469	0.01961	0.04047	0.69274	0.04822	0.02289	0.00964	0.00305	0.00482	0.02093	0.00688	0.00637
10	0.01387	0.00710	0.00710	0.00710	0.00891	0.00703	0.00533	0.01731	0.01598	0.02787	0.02750	0.03065	0.05458	0.00939	0.00550	0.00181	0.00355	0.00754	0.73485	0.00703
11	0.00924	0.00660	0.00880	0.01056	0.01100	0.00616	0.00704	0.01056	0.01452	0.01936	0.04181	0.72848	0.05017	0.02376	0.00968	0.00308	0.00440	0.02156	0.00704	0.00616
12	0.03207	0.01396	0.01800	0.01403	0.01976	0.01298	0.01151	0.09077	0.08806	0.57016	0.02902	0.02541	0.01871	0.00945	0.00763	0.00236	0.00657	0.00765	0.00907	0.01282
13	0.02413	0.01758	0.01958	0.01563	0.02017	0.01956	0.01264	0.42157	0.05438	0.06237	0.01931	0.02244	0.01513	0.07318	0.03622	0.00310	0.06799	0.00727	0.05551	0.03224
14	0.00954	0.00681	0.00914	0.01090	0.01147	0.00642	0.00756	0.01107	0.01481	0.01969	0.04164	0.66464	0.04952	0.02348	0.00976	0.00312	0.00466	0.08249	0.00704	0.00624
15	0.02933	0.02045	0.02227	0.01708	0.02313	0.02234	0.01411	0.60145	0.03433	0.10905	0.01933	0.01893	0.01346	0.00913	0.00759	0.00228	0.00817	0.00691	0.00776	0.01290
16	0.01223	0.00945	0.03313	0.01159	0.03368	0.00826	0.00863	0.01619	0.04364	0.05942	0.45731	0.16223	0.08292	0.01597	0.00886	0.00251	0.00436	0.01413	0.00780	0.00770
17	0.02108	0.62407	0.08634	0.01366	0.02045	0.02748	0.01394	0.02403	0.01600	0.07603	0.01243	0.01362	0.01050	0.00679	0.00528	0.00174	0.00820	0.00448	0.00377	0.01012
18	0.01123	0.00799	0.00928	0.00889	0.00984	0.00773	0.00560	0.01198	0.01212	0.01639	0.02735	0.04670	0.08374	0.53512	0.10408	0.00691	0.00828	0.01060	0.00475	0.07143
19	0.01815	0.04648	0.01590	0.01304	0.01685	0.01485	0.01029	0.08815	0.29176	0.08742	0.17229	0.05882	0.08818	0.01219	0.00793	0.00243	0.00554	0.01023	0.02927	0.01022
20	0.04968	0.01322	0.01302	0.01149	0.01423	0.06371	0.00898	0.15471	0.01967	0.03004	0.02057	0.02474	0.01662	0.04517	0.05033	0.00289	0.05196	0.00695	0.39359	0.00843
21	0.01873	0.01772	0.02975	0.10727	0.60353	0.01811	0.02275	0.04604	0.01774	0.02512	0.01434	0.01889	0.01187	0.00692	0.00752	0.00228	0.00909	0.00676	0.00386	0.01172
22	0.01600	0.00894	0.01170	0.01033	0.01311	0.00803	0.00798	0.01931	0.02124	0.18244	0.49022	0.05065	0.10102	0.01435	0.00864	0.00239	0.00426	0.01247	0.00850	0.00843
23	0.01715	0.02019	0.07492	0.05540	0.06712	0.01840	0.51302	0.02308	0.01725	0.02363	0.01638	0.05866	0.01343	0.00770	0.00938	0.00259	0.03855	0.00919	0.00394	0.01000
24	0.00896	0.00768	0.00768	0.00768	0.01025	0.00640	0.00576	0.01089	0.01729	0.02049	0.07684	0.07300	0.68304	0.01921	0.00896	0.00256	0.00384	0.01601	0.00704	0.00640
25	0.01332	0.00989	0.01033	0.00979	0.01077	0.03993	0.00634	0.06752	0.01415	0.01868	0.02505	0.04410	0.05466	0.52724	0.08405	0.00664	0.00844	0.01026	0.03303	0.00583
26	0.02051	0.44399	0.16934	0.01528	0.02223	0.02452	0.01600	0.02511	0.04540	0.09456	0.01420	0.01543	0.01132	0.00749	0.00684	0.00199	0.04614	0.00511	0.00412	0.01041
27	0.02520	0.02845	0.02470	0.02213	0.06649	0.39320	0.07562	0.12800	0.02178	0.02411	0.01301	0.01576	0.01060	0.00858	0.00970	0.00227	0.11035	0.00594	0.00440	0.00972
28	0.06274	0.19199	0.07041	0.02632	0.23541	0.24778	0.01753	0.02547	0.01793	0.02156	0.01232	0.01504	0.01039	0.00709	0.00651	0.00202	0.01032	0.00530	0.00370	0.01017
29	0.74900	0.01458	0.01147	0.01015	0.01491	0.01672	0.00836	0.02304	0.01335	0.06721	0.01154	0.01300	0.00875	0.00716	0.00484	0.00235	0.00590	0.00428	0.00493	0.00845
30	0.00952	0.00680	0.00912	0.01088	0.01144	0.00640	0.00752	0.01104	0.01479	0.01967	0.04165	0.66909	0.04957	0.02350	0.00975	0.00312	0.00464	0.07824	0.00704	0.00624
31	0.05539	0.09748	0.14742	0.01339	0.02048	0.01390	0.01300	0.02080	0.01576	0.04882	0.01520	0.05452	0.01301	0.00722	0.00609	0.00164	0.00694	0.00569	0.00444	0.43882
32	0.01809	0.01347	0.01594	0.01178	0.01809	0.01074	0.00942	0.03919	0.03810	0.10332	0.01712	0.04324	0.01396	0.00696	0.00612	0.00142	0.00576	0.00568	0.00535	0.61626
33	0.00939	0.00672	0.00894	0.01046	0.01104	0.00626	0.00705	0.01095	0.01523	0.02049	0.10731	0.65975	0.05236	0.02292	0.00961	0.00301	0.00432	0.02076	0.00717	0.00626
34	0.00909	0.00753	0.00796	0.00818	0.01040	0.00640	0.00601	0.01100	0.01709	0.02079	0.09962	0.16594	0.56450	0.01969	0.00907	0.00263	0.00391	0.01670	0.00710	0.00640
35	0.01727	0.01853	0.07313	0.13470	0.11885	0.01876	0.23321	0.02199	0.01606	0.04658	0.04127	0.02067	0.01358	0.00880	0.01221	0.00267	0.18028	0.00770	0.00398	0.00975
36	0.00924	0.00660	0.00880	0.01056	0.01100	0.00616	0.00704	0.01056	0.01452	0.01936	0.04181	0.72848	0.05017	0.02376	0.00968	0.00308	0.00440	0.02156	0.00704	0.00616
37	0.00924	0.00660	0.00880	0.01056	0.01100	0.00616	0.00704	0.01056	0.01452	0.01936	0.04181	0.72848	0.05017	0.02376	0.00968	0.00308	0.00440	0.02156	0.00704	0.00616
38	0.02773	0.02070	0.02214	0.01723	0.02310	0.02301	0.01415	0.59190	0.10639	0.04602	0.01962	0.01933	0.01404	0.00924	0.00760	0.00231	0.00809	0.00702	0.00760	0.01280
39	0.02883	0.02125	0.02276	0.01745	0.02352	0.02352	0.01442	0.66082	0.03566	0.04780	0.01821	0.01821	0.01290	0.00911	0.00759	0.00228	0.00835	0.00683	0.00759	0.01290
40	0.01889	0.01626	0.01734	0.01326	0.01938	0.04850	0.01058	0.12359	0.11706	0.02908	0.01673	0.01789	0.01320	0.00697	0.00630	0.00156	0.00651	0.00549	0.00543	0.50599
41	0.01984	0.67810	0.09583	0.01372	0.02061	0.02895	0.01427	0.02282	0.01546	0.01837	0.01081	0.01250	0.00972	0.00655	0.00507	0.00169	0.00838	0.00419	0.00324	0.00986
42	0.01631	0.01452	0.01599	0.01162	0.01823	0.04192	0.00925	0.01961	0.01599	0.02443	0.01340	0.01563	0.01117	0.00572	0.00567	0.00116	0.00599	0.00451	0.00447	0.74440
43	0.02028	0.73799	0.03975	0.01298	0.01947	0.03001	0.01298	0.02271	0.01541	0.01785	0.01055	0.01217	0.00973	0.00649	0.00487	0.00162	0.00811	0.00406	0.00324	0.00973
44	0.01058	0.00775	0.00993	0.00938	0.01124	0.00709	0.00704	0.01402	0.02111	0.02957	0.63024	0.05806	0.12398	0.01582	0.00895	0.00240	0.00360	0.01391	0.00824	0.00709
45	0.01808	0.01741	0.03273	0.03275	0.26585	0.01685	0.28573	0.02399	0.04942	0.05524	0.08708	0.02598	0.01973	0.00818	0.00836	0.00245	0.00971	0.02501	0.00480	0.01067
46	0.01904	0.01853	0.03053	0.04580	0.66756	0.03720	0.02304	0.02347	0.01739	0.02461	0.01420	0.01863	0.01195	0.00679	0.00749	0.00224	0.00914	0.00671	0.00376	0.01192
47	0.02833	0.03615	0.02149	0.01954	0.02345	0.70298	0.01466	0.03029	0.02149	0.01856	0.01172	0.01368	0.00977	0.00782	0.00684	0.00195	0.01368	0.00489	0.00391	0.00879
48	0.02946	0.02024	0.02214	0.01697	0.02302	0.02202	0.01402	0.58519	0.03397	0.12582	0.01963	0.01913	0.01361	0.00914	0.00759	0.00228	0.00812	0.00693	0.00781	0.01290
49	0.01063	0.00719	0.00954	0.01036	0.01142	0.00666	0.00723	0.01271	0.01693	0.04804	0.23873	0.49498	0.05558	0.02068	0.00938	0.00284	0.00422	0.01862	0.00753	0.00672
50	0.01532	0.03847	0.66762	0.02204	0.03311	0.01768	0.05377	0.02403	0.01609	0.02403	0.01368	0.01620	0.00969	0.00717	0.00728	0.00241	0.01127	0.00574	0.00323	0.01117
51	0.01283	0.00893	0.00950	0.00911	0.01153	0.00889	0.00690	0.01894	0.12815	0.02701	0.15994	0.04627	0.22003	0.01327	0.00742	0.00224	0.00405	0.01110	0.28616	0.00773
52	0.00906	0.00769	0.00781	0.00778	0.01030	0.00644	0.00584	0.01107	0.01751	0.02102	0.10889	0.07213	0.65066	0.01901	0.00896	0.00255	0.00383	0.01589	0.00711	0.00644
53	0.01166	0.00806	0.01001	0.00984	0.01066	0.00857	0.00667	0.03321	0.01266	0.01769	0.02387	0.04116	0.04025	0.41768	0.26409	0.00842	0.01155	0.00980	0.04837	0.00580
54	0.02790	0.03542	0.02156	0.01955	0.02332	0.67768	0.01473	0.02984	0.02113	0.01855	0.01166	0.01379	0.00978	0.00802	0.00751	0.00200	0.03995	0.00495	0.00389	0.00877
55	0.00971	0.00736	0.01076	0.01173	0.01257	0.00687	0.04262	0.01131	0.01471	0.01963	0.04036	0.68981	0.04806	0.02281	0.00964	0.00305	0.00486	0.02087	0.00687	0.00638
56	0.01054	0.00768	0.00992	0.00951	0.01125	0.00705	0.00707	0.01389	0.02080	0.02917	0.60847	0.10013	0.10361	0.01623	0.00899	0.00244	0.00364	0.01434	0.00820	0.00705
57	0.01773	0.02165	0.08592	0.03131	0.03921	0.01908	0.61860	0.02428	0.01778	0.02428	0.01524	0.02018	0.01139	0.00645	0.00884	0.00255	0.01269	0.00874	0.00380	0.01029
58	0.02017	0.53264	0.07059	0.01613	0.05927	0.02707	0.01458	0.07700	0.01721	0.02150	0.02916	0.01472	0.01177	0.00743	0.00675	0.00188	0.05332	0.00495	0.00378	0.01006

[dist]
# distance from previous block
# <min> <max>
0	1

[block]
# block no. 4 follows, 26 sequences, length 107
# corresponding to MSA columns:
# 204-310
name=unknown_E
#
# <colnr> <probs for GDERKNQSTAVLIFYWHMCP>
#	G	D	E	R	K	N	Q	S	T	A	V	L	I	F	Y	W	H	M	C	P
0	0.01209	0.00927	0.01315	0.01255	0.01409	0.00989	0.03885	0.05604	0.01534	0.02123	0.08404	0.23264	0.03246	0.11548	0.26785	0.00679	0.03301	0.01270	0.00555	0.00699
1	0.01758	0.02008	0.10929	0.02656	0.16032	0.01615	0.22601	0.05168	0.01769	0.02557	0.01448	0.01803	0.01136	0.00645	0.00736	0.00202	0.00942	0.00664	0.00412	0.24919
2	0.02439	0.01939	0.01846	0.01509	0.01960	0.10718	0.01199	0.38768	0.05824	0.03745	0.01955	0.02205	0.01516	0.05698	0.00913	0.00249	0.00797	0.00698	0.14952	0.01069
3	0.01461	0.01231	0.01921	0.51753	0.04092	0.01481	0.01720	0.04841	0.01620	0.02215	0.01754	0.07147	0.01459	0.00900	0.00736	0.00243	0.00855	0.00785	0.12959	0.00825
4	0.01649	0.01365	0.04697	0.01529	0.01937	0.01234	0.10537	0.10372	0.05030	0.07849	0.20857	0.18171	0.03764	0.01338	0.00848	0.00247	0.00652	0.01214	0.00688	0.06022
5	0.02863	0.01394	0.04838	0.01376	0.01916	0.01198	0.01169	0.05158	0.06942	0.49940	0.07612	0.02785	0.02239	0.01294	0.05385	0.00302	0.00741	0.00806	0.00849	0.01193
6	0.01161	0.00787	0.01020	0.00969	0.01151	0.00723	0.00718	0.01476	0.02033	0.05851	0.54942	0.11341	0.08904	0.04319	0.01007	0.00264	0.00393	0.01410	0.00809	0.00721
7	0.01554	0.01443	0.02198	0.11957	0.02438	0.01830	0.08152	0.01845	0.01363	0.02064	0.01539	0.06651	0.01425	0.01176	0.01674	0.00287	0.38693	0.00795	0.12097	0.00819
8	0.01741	0.06186	0.38515	0.05818	0.20780	0.01805	0.04414	0.02464	0.03638	0.05429	0.01496	0.01772	0.01117	0.00724	0.00729	0.00234	0.01011	0.00618	0.00380	0.01131
9	0.01008	0.00720	0.00939	0.01086	0.01152	0.00688	0.00744	0.03072	0.01518	0.02022	0.04024	0.64340	0.04772	0.05307	0.01088	0.00326	0.00479	0.05386	0.00695	0.00635
10	0.44709	0.10043	0.01775	0.01354	0.01816	0.25055	0.01091	0.02505	0.01609	0.02704	0.01095	0.01276	0.00891	0.00724	0.00544	0.00214	0.00875	0.00436	0.00427	0.00858
11	0.68347	0.01396	0.01133	0.01008	0.01456	0.01586	0.00824	0.02219	0.01407	0.06168	0.07323	0.01698	0.01450	0.00792	0.00521	0.00235	0.00568	0.00514	0.00523	0.00832
12	0.00916	0.00744	0.00812	0.00848	0.01050	0.00640	0.00616	0.01106	0.01696	0.02096	0.11332	0.22192	0.49313	0.01998	0.00913	0.00267	0.00395	0.01711	0.00714	0.00640
13	0.01648	0.01409	0.01645	0.01210	0.01839	0.01170	0.00972	0.04791	0.04623	0.02574	0.01431	0.01645	0.01179	0.00634	0.00670	0.00134	0.03907	0.00488	0.00472	0.67560
14	0.01731	0.01368	0.01667	0.01266	0.01811	0.01194	0.02816	0.09109	0.01805	0.05670	0.04715	0.05172	0.01726	0.05601	0.00928	0.00199	0.03342	0.00671	0.00529	0.48681
15	0.00922	0.00667	0.00873	0.01037	0.01095	0.00618	0.00696	0.01058	0.01471	0.01944	0.04413	0.68501	0.09214	0.02346	0.00963	0.00305	0.00436	0.02119	0.00704	0.00618
16	0.00938	0.00670	0.00896	0.01072	0.01122	0.00628	0.00728	0.01080	0.01466	0.01952	0.04173	0.69896	0.04987	0.02363	0.00972	0.00310	0.00452	0.04973	0.00704	0.00620
17	0.05055	0.14753	0.45665	0.02038	0.04836	0.01971	0.04275	0.02390	0.01586	0.04868	0.01348	0.01586	0.01007	0.00746	0.00776	0.00232	0.04882	0.00556	0.00355	0.01074
18	0.00995	0.00773	0.01174	0.01231	0.01334	0.00722	0.06025	0.01168	0.01480	0.01977	0.03964	0.67065	0.04701	0.02234	0.00962	0.00304	0.00509	0.02053	0.00678	0.00649
19	0.00932	0.00666	0.00887	0.01051	0.01102	0.00621	0.00705	0.01076	0.01490	0.01996	0.07644	0.69214	0.05132	0.02332	0.00964	0.00304	0.00436	0.02114	0.00711	0.00621
20	0.01834	0.01809	0.02698	0.20767	0.30959	0.07061	0.05509	0.05133	0.01726	0.02312	0.01435	0.02050	0.01205	0.00833	0.00974	0.00248	0.09532	0.02503	0.00389	0.01021
21	0.02883	0.02125	0.02276	0.01745	0.02352	0.02352	0.01442	0.66082	0.03566	0.04780	0.01821	0.01821	0.01290	0.00911	0.00759	0.00228	0.00835	0.00683	0.00759	0.01290
22	0.01730	0.30563	0.41587	0.01936	0.05525	0.02237	0.02207	0.02349	0.01584	0.02169	0.01247	0.01466	0.00976	0.00691	0.00632	0.00210	0.00993	0.00506	0.00324	0.01068
23	0.01100	0.00746	0.00882	0.00882	0.00901	0.00765	0.00528	0.01138	0.01119	0.01511	0.02340	0.04685	0.02637	0.63843	0.13195	0.00803	0.00917	0.01062	0.00452	0.00490
24	0.01752	0.01378	0.01616	0.01166	0.01831	0.01077	0.00937	0.04849	0.01700	0.06994	0.01478	0.01651	0.01181	0.00602	0.00584	0.00126	0.00579	0.00480	0.00495	0.69523
25	0.01111	0.00790	0.00990	0.00931	0.01137	0.00713	0.00701	0.01435	0.02068	0.04870	0.54599	0.05885	0.18735	0.01603	0.00891	0.00242	0.00372	0.01397	0.00813	0.00719
26	0.00896	0.00768	0.00768	0.00768	0.01025	0.00640	0.00576	0.01089	0.01729	0.02049	0.07684	0.07300	0.68304	0.01921	0.00896	0.00256	0.00384	0.01601	0.00704	0.00640
27	0.01790	0.02046	0.04476	0.03197	0.03964	0.01918	0.65857	0.02430	0.01790	0.02430	0.01535	0.02046	0.01151	0.00639	0.00895	0.00256	0.01279	0.00895	0.00384	0.01023
28	0.01706	0.01937	0.06348	0.07199	0.03280	0.02047	0.34923	0.02170	0.01529	0.02170	0.01313	0.01881	0.01075	0.00908	0.01474	0.00283	0.27674	0.00780	0.00358	0.00943
29	0.00932	0.00664	0.00878	0.01046	0.01088	0.00622	0.00693	0.01058	0.01436	0.01915	0.04098	0.69731	0.04913	0.05635	0.01101	0.00328	0.00454	0.02108	0.00693	0.00609
30	0.02903	0.01315	0.01692	0.01345	0.01864	0.01227	0.01094	0.07222	0.09688	0.49309	0.11216	0.02956	0.02563	0.01025	0.00780	0.00237	0.00615	0.00846	0.00896	0.01207
31	0.00924	0.00660	0.00880	0.01056	0.01100	0.00616	0.00704	0.01056	0.01452	0.01936	0.04181	0.72848	0.05017	0.02376	0.00968	0.00308	0.00440	0.02156	0.00704	0.00616
32	0.01780	0.01994	0.07604	0.23350	0.23381	0.08444	0.06871	0.02301	0.04192	0.02200	0.01396	0.01875	0.01121	0.00802	0.00962	0.00248	0.09435	0.00671	0.00372	0.01001
33	0.01725	0.01489	0.01560	0.01417	0.01817	0.01683	0.01099	0.03549	0.56529	0.02989	0.03839	0.03561	0.13105	0.01175	0.00792	0.00257	0.00565	0.00979	0.00761	0.01109
34	0.00930	0.00671	0.00869	0.01025	0.01083	0.00623	0.00684	0.01061	0.01458	0.01925	0.04367	0.65035	0.09674	0.05363	0.01086	0.00322	0.00448	0.02070	0.00694	0.00611
35	0.01836	0.06328	0.22176	0.02505	0.03281	0.01858	0.33100	0.02452	0.01724	0.08015	0.03404	0.01997	0.01306	0.00759	0.00920	0.00249	0.05859	0.00761	0.00419	0.01049
36	0.02048	0.03828	0.02025	0.11693	0.09713	0.14505	0.01456	0.17266	0.02142	0.02754	0.01980	0.05145	0.03416	0.01204	0.04037	0.00277	0.03127	0.03598	0.08832	0.00955
37	0.00991	0.00772	0.00899	0.00867	0.01082	0.00680	0.00650	0.01271	0.01951	0.02576	0.39836	0.06432	0.35823	0.01724	0.00895	0.00247	0.00370	0.01479	0.00774	0.00680
38	0.01932	0.01652	0.01741	0.01553	0.01990	0.01908	0.01212	0.06880	0.64318	0.03247	0.03029	0.02784	0.02268	0.01024	0.00771	0.00256	0.00611	0.00850	0.00771	0.01205
39	0.02094	0.01617	0.01748	0.01602	0.04106	0.04365	0.01219	0.11246	0.38427	0.10389	0.03067	0.06809	0.04813	0.01139	0.00793	0.00255	0.00662	0.03766	0.00751	0.01133
40	0.01977	0.66759	0.10568	0.01385	0.02081	0.02876	0.01449	0.02284	0.01547	0.01847	0.01085	0.01256	0.00972	0.00656	0.00510	0.00170	0.00842	0.00421	0.00324	0.00988
41	0.05032	0.01779	0.10130	0.16172	0.20148	0.01575	0.01807	0.04568	0.06487	0.15855	0.01949	0.05066	0.01498	0.00852	0.00744	0.00236	0.00829	0.00737	0.00535	0.04002
42	0.05251	0.29439	0.39104	0.01907	0.05757	0.02217	0.02136	0.02343	0.01571	0.02224	0.01237	0.01456	0.00970	0.00691	0.00624	0.00211	0.00972	0.00502	0.00331	0.01057
43	0.02476	0.01732	0.01859	0.01557	0.02057	0.04477	0.01241	0.16756	0.36658	0.18524	0.02729	0.02507	0.01951	0.00974	0.00764	0.00244	0.00689	0.00785	0.00792	0.01227
44	0.01436	0.01234	0.01895	0.42191	0.03646	0.03486	0.04505	0.01833	0.01510	0.02067	0.01723	0.05527	0.01441	0.01279	0.05466	0.04507	0.00942	0.00762	0.13772	0.00779
45	0.01903	0.08785	0.03906	0.01738	0.08764	0.03750	0.01298	0.16391	0.11011	0.04895	0.15900	0.03341	0.08345	0.01134	0.00843	0.00237	0.03373	0.02719	0.00652	0.01014
46	0.02483	0.01437	0.01799	0.01483	0.01982	0.01461	0.04058	0.03608	0.30928	0.32091	0.05113	0.02960	0.05024	0.01025	0.00782	0.00247	0.00635	0.00865	0.00827	0.01194
47	0.01094	0.00737	0.00858	0.00886	0.00902	0.00733	0.00533	0.01130	0.01178	0.01567	0.02665	0.11545	0.03075	0.61986	0.03404	0.00670	0.00705	0.05340	0.00498	0.00490
48	0.01453	0.01369	0.02312	0.68465	0.08120	0.01691	0.02117	0.01956	0.01526	0.01963	0.01352	0.02016	0.01020	0.00755	0.00758	0.00252	0.01006	0.00674	0.00339	0.00859
49	0.05939	0.05654	0.47134	0.02167	0.07267	0.11865	0.02352	0.02444	0.01690	0.02383	0.03496	0.01686	0.01174	0.00751	0.00702	0.00230	0.01079	0.00571	0.00359	0.01057
50	0.05831	0.05006	0.39082	0.02390	0.09600	0.04419	0.12453	0.02338	0.01688	0.02478	0.06383	0.01965	0.01474	0.00765	0.00743	0.00237	0.01039	0.00671	0.00386	0.01053
51	0.01832	0.02038	0.04318	0.03099	0.03837	0.01949	0.61209	0.05094	0.01846	0.02511	0.01530	0.02025	0.01152	0.00672	0.00937	0.00257	0.03389	0.00879	0.00398	0.01028
52	0.78701	0.01467	0.01115	0.00997	0.01467	0.01702	0.00821	0.02230	0.01291	0.03403	0.01056	0.01232	0.00821	0.00704	0.00469	0.00235	0.00587	0.00411	0.00469	0.00821
53	0.01070	0.00722	0.00837	0.00869	0.00877	0.00714	0.00504	0.01094	0.01167	0.01556	0.02718	0.17403	0.03172	0.60339	0.03331	0.00657	0.00681	0.01296	0.00504	0.00488
54	0.01794	0.14774	0.41475	0.01943	0.02824	0.04186	0.04889	0.04230	0.01675	0.05390	0.01380	0.01603	0.01034	0.00747	0.00779	0.00224	0.04879	0.00559	0.00375	0.05239
55	0.01707	0.01661	0.02922	0.28781	0.39365	0.01771	0.08381	0.02196	0.01657	0.02277	0.01409	0.01946	0.01128	0.00702	0.00768	0.00238	0.00977	0.00696	0.00362	0.01054
56	0.00928	0.00676	0.00864	0.01012	0.01079	0.00624	0.00678	0.01062	0.01471	0.01930	0.04527	0.62058	0.12548	0.05343	0.01083	0.00320	0.00446	0.02045	0.00694	0.00612
57	0.01035	0.00748	0.01002	0.01166	0.01274	0.00715	0.00892	0.01253	0.01582	0.02070	0.04347	0.44207	0.08911	0.02240	0.00994	0.00320	0.00534	0.25358	0.00702	0.00649
58	0.04216	0.39876	0.31525	0.01656	0.02497	0.02381	0.01915	0.02367	0.01577	0.04059	0.01241	0.01420	0.00990	0.00689	0.00593	0.00200	0.00931	0.00482	0.00345	0.01040
59	0.00972	0.00747	0.00828	0.00843	0.01001	0.00670	0.00583	0.01131	0.01597	0.02023	0.13676	0.15032	0.36640	0.19004	0.01614	0.00375	0.00472	0.01525	0.00662	0.00604
60	0.00929	0.00672	0.00879	0.01033	0.01097	0.00622	0.00696	0.01075	0.01501	0.01992	0.07228	0.65548	0.09308	0.02310	0.00960	0.00302	0.00433	0.02085	0.00710	0.00622
61	0.07771	0.05093	0.02268	0.05250	0.11255	0.12950	0.04166	0.17240	0.12080	0.09559	0.01867	0.01962	0.01393	0.00834	0.00715	0.00226	0.00871	0.00663	0.02732	0.01104
62	0.02587	0.05989	0.02168	0.01964	0.06800	0.40000	0.01437	0.06511	0.11003	0.08518	0.01775	0.02049	0.01424	0.00881	0.00719	0.00217	0.01080	0.03354	0.00523	0.01002
63	0.01992	0.01534	0.02390	0.09830	0.29773	0.01566	0.04451	0.05417	0.07714	0.12651	0.06133	0.02983	0.02062	0.00959	0.00800	0.00247	0.00807	0.07026	0.00570	0.01096
