[name]
unknown

[dist]
# distance from previous block
# <min> <max>
0	122

[block]
# block no. 0 follows, 25 sequences, length 13
# corresponding to MSA columns:
# 122-134
name=unknown_A
#
# <colnr> <probs for GDERKNQSTAVLIFYWHMCP>
#	G	D	E	R	K	N	Q	S	T	A	V	L	I	F	Y	W	H	M	C	P
0	0.01249	0.00892	0.01249	0.01428	0.01606	0.00892	0.01249	0.01606	0.01785	0.02320	0.04105	0.08746	0.04462	0.02142	0.01071	0.00357	0.00714	0.62695	0.00714	0.00714
1	0.02691	0.02285	0.02187	0.06097	0.02485	0.14098	0.01454	0.45472	0.03115	0.03964	0.02170	0.02218	0.06283	0.00976	0.00773	0.00231	0.00926	0.00734	0.00678	0.01165
2	0.11565	0.01588	0.02000	0.19830	0.08226	0.01793	0.01531	0.21507	0.06081	0.03162	0.01897	0.06105	0.01608	0.01099	0.00899	0.04820	0.00820	0.03906	0.00563	0.01000
3	0.50753	0.01501	0.01411	0.04746	0.01857	0.01691	0.01057	0.10622	0.01749	0.07510	0.01673	0.02336	0.01401	0.00931	0.00621	0.00253	0.00672	0.07727	0.00569	0.00920
4	0.02035	0.02286	0.02458	0.23162	0.03394	0.27097	0.12926	0.02427	0.01861	0.02124	0.01795	0.02184	0.04740	0.00838	0.00759	0.00230	0.01127	0.00713	0.06959	0.00885
5	0.70900	0.01565	0.01255	0.01094	0.01588	0.01804	0.00901	0.08417	0.01546	0.03616	0.01156	0.01318	0.00886	0.00740	0.00509	0.00239	0.00624	0.00447	0.00509	0.00886
6	0.02165	0.01400	0.01691	0.05780	0.02090	0.01489	0.01223	0.06811	0.27992	0.19232	0.10533	0.03736	0.02931	0.01193	0.00832	0.00264	0.00648	0.08073	0.00801	0.01115
7	0.01582	0.01498	0.02538	0.53774	0.21534	0.01754	0.02212	0.02084	0.01606	0.02124	0.01399	0.02029	0.01084	0.00753	0.00773	0.00251	0.01004	0.00690	0.00355	0.00956
8	0.01688	0.01646	0.02914	0.36727	0.30083	0.01798	0.09555	0.02198	0.01668	0.02259	0.01432	0.02011	0.01128	0.00728	0.00788	0.00248	0.01021	0.00716	0.00366	0.01029
9	0.01815	0.01746	0.02916	0.15794	0.49521	0.01884	0.02261	0.02252	0.01661	0.02361	0.01393	0.01919	0.01170	0.00783	0.00975	0.00248	0.09119	0.00689	0.00372	0.01121
10	0.01695	0.01137	0.01268	0.01152	0.01455	0.04265	0.00880	0.05452	0.06135	0.14262	0.23556	0.14466	0.18037	0.01570	0.00876	0.00256	0.00527	0.01343	0.00794	0.00875
11	0.19403	0.01696	0.01895	0.04932	0.13780	0.07436	0.01342	0.07497	0.01888	0.13547	0.01776	0.02107	0.01379	0.00822	0.00674	0.00219	0.00766	0.03006	0.03881	0.11954
12	0.01851	0.01598	0.02270	0.10008	0.20155	0.01599	0.04310	0.05321	0.15094	0.05055	0.01967	0.04820	0.01598	0.00831	0.00740	0.00216	0.00768	0.00742	0.00533	0.20525

[dist]
# distance from previous block
# <min> <max>
2	8

[block]
# block no. 1 follows, 25 sequences, length 29
# corresponding to MSA columns:
# 143-171
name=unknown_B
#
# <colnr> <probs for GDERKNQSTAVLIFYWHMCP>
#	G	D	E	R	K	N	Q	S	T	A	V	L	I	F	Y	W	H	M	C	P
0	0.02404	0.11605	0.06006	0.01660	0.02201	0.19049	0.01410	0.19432	0.08300	0.05936	0.02052	0.02251	0.04345	0.01095	0.03113	0.00253	0.00977	0.02378	0.00575	0.04958
1	0.01499	0.01135	0.01333	0.01293	0.01525	0.04494	0.01005	0.01956	0.08000	0.07471	0.18874	0.21294	0.04379	0.01689	0.01002	0.00280	0.04552	0.12643	0.00724	0.04852
2	0.01733	0.05719	0.24258	0.01587	0.02193	0.05363	0.01633	0.08052	0.02069	0.07251	0.22959	0.06712	0.03404	0.01161	0.00807	0.00243	0.00789	0.02469	0.00614	0.00983
3	0.02520	0.01627	0.01978	0.01651	0.05248	0.04705	0.04451	0.15502	0.05170	0.23837	0.04568	0.02505	0.04342	0.00914	0.00745	0.00215	0.00728	0.00754	0.04604	0.13934
4	0.05314	0.01202	0.01301	0.01132	0.01401	0.01241	0.00814	0.15666	0.05057	0.02685	0.02299	0.07702	0.02274	0.32013	0.02105	0.00448	0.00690	0.00951	0.07244	0.08461
5	0.02196	0.59256	0.03724	0.01426	0.02057	0.02937	0.01364	0.12197	0.01885	0.02307	0.01199	0.01359	0.01047	0.00733	0.00621	0.00183	0.03599	0.00469	0.00402	0.01040
6	0.01624	0.08636	0.08720	0.04231	0.02171	0.01357	0.05594	0.02064	0.03420	0.05220	0.05701	0.11821	0.02092	0.00960	0.00707	0.00194	0.00701	0.00830	0.00514	0.33442
7	0.05402	0.31396	0.25355	0.02012	0.10333	0.02239	0.01916	0.02415	0.01666	0.05756	0.03952	0.01711	0.01310	0.00746	0.00641	0.00211	0.00909	0.00560	0.00397	0.01073
8	0.05454	0.01236	0.01379	0.01260	0.01607	0.01308	0.00985	0.02753	0.28648	0.08361	0.20825	0.04499	0.12371	0.01352	0.00839	0.00260	0.00527	0.04564	0.00791	0.00979
9	0.01477	0.01217	0.02051	0.04772	0.02199	0.01157	0.16975	0.04477	0.01818	0.06233	0.10499	0.28976	0.05924	0.01564	0.00916	0.00275	0.00725	0.04257	0.00642	0.03845
10	0.06161	0.01855	0.11851	0.05446	0.02387	0.01504	0.01470	0.08628	0.10452	0.34716	0.02451	0.02309	0.01648	0.00895	0.00750	0.00238	0.00757	0.00717	0.00746	0.05019
11	0.01555	0.04011	0.68733	0.02210	0.03356	0.01801	0.02865	0.02455	0.01637	0.02455	0.01391	0.01637	0.00982	0.00737	0.00737	0.00246	0.01146	0.00573	0.00327	0.01146
12	0.01121	0.00887	0.01026	0.01003	0.01244	0.00836	0.00775	0.01598	0.08396	0.02621	0.29854	0.06498	0.31499	0.01746	0.00919	0.00265	0.00437	0.07749	0.00777	0.00747
13	0.02016	0.01913	0.03474	0.11493	0.27423	0.01904	0.25185	0.02463	0.01839	0.05465	0.01783	0.04302	0.01476	0.00895	0.00986	0.00284	0.04597	0.00870	0.00473	0.01160
14	0.16099	0.05898	0.14307	0.01801	0.02451	0.04059	0.10183	0.16664	0.02114	0.09191	0.01875	0.08582	0.01548	0.00949	0.00738	0.00244	0.00881	0.00786	0.00564	0.01066
15	0.00944	0.00679	0.00895	0.01068	0.01121	0.00631	0.00714	0.01081	0.01496	0.01984	0.04418	0.69634	0.07646	0.02410	0.00987	0.00313	0.00448	0.02181	0.00720	0.00631
16	0.01128	0.00752	0.00846	0.00846	0.00846	0.00752	0.00470	0.01128	0.01128	0.01503	0.02443	0.05074	0.02819	0.72751	0.03946	0.00752	0.00752	0.01128	0.00470	0.00470
17	0.08418	0.02584	0.02270	0.02169	0.10653	0.25588	0.01538	0.28056	0.05729	0.03366	0.01583	0.01712	0.01210	0.00844	0.00726	0.00223	0.01020	0.00616	0.00574	0.01121
18	0.01919	0.01842	0.03147	0.04759	0.67914	0.01842	0.02380	0.02380	0.01765	0.02533	0.01458	0.01919	0.01228	0.00691	0.00768	0.00230	0.00921	0.00691	0.00384	0.01228
19	0.01208	0.00986	0.01175	0.01224	0.05042	0.04126	0.00838	0.01527	0.02047	0.02792	0.48676	0.08792	0.12300	0.04617	0.01029	0.00268	0.00471	0.01369	0.00768	0.00745
20	0.01631	0.01490	0.02391	0.36302	0.23815	0.01684	0.01983	0.02264	0.08672	0.02312	0.04801	0.02306	0.01558	0.00910	0.00889	0.03933	0.00904	0.00744	0.00429	0.00983
21	0.06405	0.01765	0.05366	0.01752	0.05857	0.01835	0.01365	0.07665	0.40669	0.10351	0.02793	0.02653	0.03572	0.01011	0.00830	0.00257	0.03126	0.00814	0.00724	0.01190
22	0.01109	0.00827	0.01225	0.01225	0.01356	0.00958	0.00943	0.01371	0.01240	0.01784	0.02096	0.03152	0.01984	0.09302	0.66254	0.01220	0.02008	0.00846	0.00418	0.00681
23	0.01820	0.01284	0.01442	0.01269	0.01577	0.05091	0.00988	0.14173	0.02327	0.10176	0.31522	0.07262	0.04476	0.05235	0.04361	0.00322	0.00676	0.04332	0.00770	0.00898
24	0.01910	0.01703	0.02785	0.11458	0.48928	0.01687	0.02100	0.02354	0.01745	0.05941	0.01523	0.01933	0.01233	0.00699	0.00744	0.00219	0.00875	0.00665	0.00420	0.11077
25	0.01676	0.01419	0.01645	0.01181	0.01866	0.01104	0.00947	0.05187	0.01712	0.02647	0.01403	0.01621	0.01157	0.00592	0.00584	0.00121	0.00588	0.00472	0.00476	0.73603
26	0.05004	0.01793	0.05688	0.05523	0.02288	0.01727	0.01354	0.26986	0.02490	0.09367	0.08510	0.02251	0.01886	0.00919	0.00824	0.00217	0.04328	0.00708	0.00649	0.17488
27	0.25785	0.08357	0.02092	0.05075	0.02241	0.13957	0.01306	0.26506	0.02396	0.03521	0.01414	0.01554	0.01074	0.00812	0.00648	0.00225	0.00878	0.00553	0.00559	0.01048
28	0.28845	0.06142	0.26504	0.07180	0.02547	0.01723	0.01742	0.02404	0.01595	0.08405	0.05125	0.01837	0.01373	0.00797	0.00650	0.00240	0.00842	0.00584	0.00466	0.00998

[dist]
# distance from previous block
# <min> <max>
0	1

[block]
# block no. 2 follows, 25 sequences, length 13
# corresponding to MSA columns:
# 173-185
name=unknown_C
#
# <colnr> <probs for GDERKNQSTAVLIFYWHMCP>
#	G	D	E	R	K	N	Q	S	T	A	V	L	I	F	Y	W	H	M	C	P
0	0.08044	0.07302	0.53836	0.02165	0.06105	0.01890	0.02534	0.05049	0.01697	0.02612	0.01372	0.01607	0.00997	0.00737	0.00706	0.00240	0.01061	0.00562	0.00362	0.01123
1	0.01347	0.00673	0.01010	0.01010	0.01010	0.00673	0.00673	0.01010	0.01010	0.01347	0.01347	0.02357	0.01347	0.02694	0.03030	0.77441	0.00673	0.00673	0.00337	0.00337
2	0.04807	0.01282	0.01734	0.17104	0.04285	0.01397	0.05305	0.07058	0.09524	0.07546	0.02184	0.02469	0.01645	0.00869	0.00686	0.00225	0.00687	0.00735	0.29519	0.00940
3	0.01104	0.00857	0.00971	0.00988	0.01193	0.00792	0.00719	0.06301	0.01848	0.02355	0.10654	0.30591	0.34755	0.02022	0.00932	0.00278	0.00449	0.01751	0.00735	0.00705
4	0.01608	0.01378	0.01608	0.01148	0.01837	0.01034	0.00919	0.01952	0.01608	0.02527	0.01378	0.01608	0.01148	0.00574	0.00574	0.00115	0.00574	0.00459	0.00459	0.77491
5	0.07564	0.52266	0.10378	0.01462	0.02148	0.05555	0.01471	0.07441	0.01756	0.02258	0.01179	0.01342	0.01009	0.00702	0.00552	0.00186	0.00871	0.00458	0.00380	0.01022
6	0.01791	0.01426	0.01767	0.01293	0.01961	0.01148	0.03844	0.02278	0.06304	0.07887	0.01649	0.01804	0.01299	0.00643	0.00621	0.00142	0.00617	0.00535	0.00520	0.62469
7	0.07584	0.02926	0.02235	0.02057	0.06528	0.39500	0.01516	0.19620	0.02450	0.02839	0.01376	0.01562	0.01090	0.00851	0.00804	0.00220	0.04744	0.00569	0.00501	0.01026
8	0.01429	0.08689	0.18472	0.01331	0.01833	0.01247	0.01342	0.01903	0.01965	0.06405	0.36523	0.04239	0.09031	0.01272	0.00822	0.00238	0.00627	0.01078	0.00666	0.00889
9	0.02610	0.01239	0.01566	0.01275	0.01724	0.01164	0.01023	0.11389	0.02300	0.37098	0.14268	0.07548	0.02999	0.01154	0.00791	0.00238	0.00589	0.00963	0.08954	0.01109
10	0.00960	0.00681	0.00895	0.01060	0.01101	0.00640	0.00699	0.01084	0.01455	0.01940	0.04121	0.66649	0.04936	0.08287	0.01236	0.00351	0.00475	0.02115	0.00699	0.00616
11	0.01637	0.01452	0.02171	0.31963	0.17276	0.01654	0.01786	0.02486	0.15833	0.02515	0.06114	0.02517	0.01841	0.00879	0.00768	0.00247	0.00825	0.00779	0.06256	0.01000
12	0.01669	0.09303	0.06697	0.01874	0.02116	0.02154	0.04082	0.01937	0.01322	0.01970	0.01199	0.01781	0.01117	0.01576	0.08350	0.00380	0.44416	0.00650	0.00357	0.07050

[dist]
# distance from previous block
# <min> <max>
0	1

[block]
# block no. 3 follows, 25 sequences, length 106
# corresponding to MSA columns:
# 187-292
name=unknown_D
#
# <colnr> <probs for GDERKNQSTAVLIFYWHMCP>
#	G	D	E	R	K	N	Q	S	T	A	V	L	I	F	Y	W	H	M	C	P
0	0.01944	0.01684	0.06262	0.05227	0.05654	0.01388	0.08116	0.04625	0.07105	0.10921	0.01777	0.01944	0.01342	0.00708	0.00691	0.00183	0.00752	0.00621	0.00535	0.38522
1	0.02707	0.01527	0.01925	0.01564	0.04863	0.01424	0.01217	0.13989	0.02230	0.32660	0.02208	0.02136	0.01523	0.00854	0.00806	0.00208	0.04106	0.00667	0.00732	0.22654
2	0.01645	0.02464	0.27451	0.02208	0.05287	0.01658	0.15361	0.07404	0.01821	0.02586	0.07685	0.05736	0.01915	0.01288	0.04602	0.04205	0.04388	0.00840	0.00454	0.01000
3	0.01952	0.04896	0.26828	0.02315	0.05220	0.03826	0.18787	0.11101	0.02035	0.05938	0.04614	0.02076	0.01469	0.00796	0.00782	0.00240	0.01041	0.00732	0.04246	0.01102
4	0.01712	0.01729	0.02297	0.01985	0.02011	0.05190	0.01643	0.01889	0.01235	0.01863	0.01091	0.01767	0.01074	0.01610	0.06629	0.00389	0.64018	0.00680	0.00347	0.00841
5	0.05074	0.01250	0.01739	0.15462	0.04922	0.01247	0.06232	0.02055	0.05019	0.02594	0.04129	0.02529	0.04380	0.00837	0.00672	0.00202	0.00670	0.00722	0.21471	0.18792
6	0.01627	0.01475	0.02052	0.38465	0.03663	0.04738	0.01709	0.05866	0.01659	0.02249	0.01642	0.06724	0.01413	0.00987	0.01026	0.00256	0.11688	0.00772	0.07257	0.04731
7	0.00945	0.00675	0.00900	0.01080	0.01125	0.00630	0.00720	0.01080	0.01484	0.01979	0.04274	0.72245	0.05128	0.02429	0.00990	0.00315	0.00450	0.02204	0.00720	0.00630
8	0.01818	0.02178	0.07476	0.03220	0.04021	0.01954	0.62284	0.02482	0.01821	0.02482	0.01561	0.02071	0.01168	0.00657	0.00907	0.00261	0.01300	0.00900	0.00389	0.01050
9	0.02711	0.04273	0.13703	0.01539	0.02190	0.01435	0.01447	0.03438	0.12944	0.40254	0.05889	0.02612	0.02063	0.00956	0.00771	0.00242	0.00729	0.00778	0.00792	0.01233
10	0.00945	0.00675	0.00900	0.01080	0.01125	0.00630	0.00720	0.01080	0.01484	0.01979	0.04274	0.72245	0.05128	0.02429	0.00990	0.00315	0.00450	0.02204	0.00720	0.00630
11	0.01919	0.01842	0.03147	0.04759	0.67914	0.01842	0.02380	0.02380	0.01765	0.02533	0.01458	0.01919	0.01228	0.00691	0.00768	0.00230	0.00921	0.00691	0.00384	0.01228
12	0.02002	0.01914	0.08527	0.05089	0.05041	0.11522	0.06990	0.02535	0.06884	0.13431	0.16149	0.07878	0.02931	0.01133	0.00905	0.00250	0.04246	0.00959	0.00628	0.00985
13	0.02898	0.02090	0.02260	0.01746	0.02346	0.02299	0.01436	0.60942	0.03521	0.07062	0.01986	0.04282	0.01470	0.00983	0.00783	0.00236	0.00833	0.00752	0.00780	0.01295
14	0.00945	0.00675	0.00900	0.01080	0.01125	0.00630	0.00720	0.01080	0.01484	0.01979	0.04274	0.72245	0.05128	0.02429	0.00990	0.00315	0.00450	0.02204	0.00720	0.00630
15	0.02896	0.03695	0.02197	0.01998	0.02397	0.69638	0.01498	0.03096	0.02197	0.01898	0.01199	0.01398	0.00999	0.00799	0.00699	0.00200	0.01398	0.00499	0.00400	0.00899
16	0.04777	0.15614	0.17039	0.01828	0.05168	0.01856	0.05579	0.05118	0.07439	0.24945	0.02069	0.02046	0.01450	0.00824	0.00716	0.00230	0.00849	0.00665	0.00609	0.01177
17	0.01104	0.00797	0.01046	0.00995	0.01178	0.00739	0.00754	0.01469	0.02177	0.03075	0.64746	0.05920	0.07192	0.01609	0.00921	0.00249	0.00381	0.04070	0.00847	0.00731
18	0.01919	0.01842	0.03147	0.04759	0.67914	0.01842	0.02380	0.02380	0.01765	0.02533	0.01458	0.01919	0.01228	0.00691	0.00768	0.00230	0.00921	0.00691	0.00384	0.01228
19	0.02809	0.11033	0.02394	0.01927	0.02354	0.62612	0.01480	0.03014	0.02132	0.01890	0.01186	0.01382	0.00998	0.00785	0.00678	0.00196	0.01338	0.00490	0.00392	0.00909
20	0.01746	0.02025	0.06343	0.09484	0.04018	0.01873	0.54195	0.02372	0.01782	0.02413	0.01667	0.05246	0.01335	0.00748	0.00899	0.00263	0.01237	0.00941	0.00400	0.01013
21	0.00945	0.00675	0.00900	0.01080	0.01125	0.00630	0.00720	0.01080	0.01484	0.01979	0.04274	0.72245	0.05128	0.02429	0.00990	0.00315	0.00450	0.02204	0.00720	0.00630
22	0.02947	0.02172	0.02327	0.01784	0.02404	0.02404	0.01474	0.65329	0.03646	0.04887	0.01862	0.01862	0.01319	0.00931	0.00776	0.00233	0.00853	0.00698	0.00776	0.01319
23	0.02073	0.73217	0.04063	0.01327	0.01990	0.03068	0.01327	0.02322	0.01575	0.01824	0.01078	0.01244	0.00995	0.00663	0.00498	0.00166	0.00829	0.00415	0.00332	0.00995
24	0.01919	0.01842	0.03147	0.04759	0.67914	0.01842	0.02380	0.02380	0.01765	0.02533	0.01458	0.01919	0.01228	0.00691	0.00768	0.00230	0.00921	0.00691	0.00384	0.01228
25	0.02589	0.29664	0.02894	0.01747	0.02245	0.44772	0.01434	0.02807	0.01965	0.01870	0.01153	0.01341	0.00997	0.00748	0.00624	0.00187	0.01186	0.00468	0.00374	0.00935
26	0.00993	0.00736	0.00926	0.00989	0.01122	0.00670	0.00700	0.01219	0.01784	0.02394	0.26955	0.37162	0.17403	0.02049	0.00950	0.00280	0.00410	0.01820	0.00766	0.00670
27	0.02023	0.02610	0.24862	0.02592	0.03460	0.01817	0.33016	0.05699	0.01909	0.11711	0.01731	0.02009	0.01223	0.00736	0.00832	0.00252	0.01143	0.00775	0.00468	0.01129
28	0.01165	0.01033	0.05269	0.01081	0.01335	0.00855	0.00887	0.01651	0.05205	0.03075	0.60358	0.05397	0.06689	0.01507	0.00898	0.00245	0.00426	0.01326	0.00818	0.00781
29	0.01347	0.00673	0.01010	0.01010	0.01010	0.00673	0.00673	0.01010	0.01010	0.01347	0.01347	0.02357	0.01347	0.02694	0.03030	0.77441	0.00673	0.00673	0.00337	0.00337
30	0.01696	0.01696	0.02375	0.02036	0.02036	0.02375	0.01696	0.01866	0.01187	0.01866	0.01018	0.01696	0.01018	0.01357	0.02545	0.00339	0.71332	0.00679	0.00339	0.00848
31	0.01876	0.02161	0.04473	0.03213	0.03981	0.04881	0.62354	0.02510	0.01846	0.02458	0.01553	0.02062	0.01169	0.00660	0.00906	0.00259	0.01311	0.00897	0.00392	0.01039
32	0.01696	0.01696	0.02375	0.02036	0.02036	0.02375	0.01696	0.01866	0.01187	0.01866	0.01018	0.01696	0.01018	0.01357	0.02545	0.00339	0.71332	0.00679	0.00339	0.00848
33	0.01929	0.01666	0.01753	0.01578	0.02016	0.01929	0.01227	0.04120	0.66513	0.03243	0.03156	0.02893	0.02367	0.01052	0.00789	0.00263	0.00614	0.00877	0.00789	0.01227
34	0.02568	0.02663	0.01881	0.01652	0.02049	0.38648	0.01269	0.16550	0.02384	0.02791	0.01657	0.01850	0.01301	0.00853	0.00679	0.00203	0.01035	0.00596	0.18423	0.00950
35	0.02610	0.01807	0.01976	0.01556	0.02045	0.01959	0.01237	0.47016	0.03006	0.09249	0.02078	0.02594	0.01680	0.15928	0.01438	0.00342	0.00817	0.00794	0.00726	0.01141
36	0.01929	0.01666	0.01753	0.01578	0.02016	0.01929	0.01227	0.04120	0.66513	0.03243	0.03156	0.02893	0.02367	0.01052	0.00789	0.00263	0.00614	0.00877	0.00789	0.01227
37	0.02896	0.03695	0.02197	0.01998	0.02397	0.69638	0.01498	0.03096	0.02197	0.01898	0.01199	0.01398	0.00999	0.00799	0.00699	0.00200	0.01398	0.00499	0.00400	0.00899
38	0.01492	0.01407	0.02377	0.66785	0.09221	0.01730	0.02167	0.02006	0.01564	0.02015	0.01383	0.02058	0.01046	0.00770	0.00775	0.00257	0.01027	0.00689	0.00347	0.00884
39	0.03479	0.01320	0.01799	0.01380	0.01979	0.01140	0.01140	0.03779	0.02219	0.68451	0.03059	0.02639	0.01919	0.00960	0.00780	0.00240	0.00660	0.00780	0.00960	0.01320
40	0.78228	0.01499	0.01140	0.01020	0.01499	0.01739	0.00840	0.02279	0.01320	0.03479	0.01080	0.01260	0.00840	0.00720	0.00480	0.00240	0.00600	0.00420	0.00480	0.00840
41	0.01922	0.01794	0.02770	0.03899	0.50093	0.01866	0.02068	0.02850	0.19276	0.02725	0.01917	0.02182	0.01536	0.00788	0.00773	0.00239	0.00838	0.00741	0.00493	0.01228
42	0.01218	0.00824	0.01046	0.00972	0.01193	0.00745	0.00736	0.01555	0.02133	0.07011	0.54631	0.05845	0.15952	0.01603	0.00906	0.00246	0.00388	0.01398	0.00840	0.00757
43	0.01232	0.01046	0.01099	0.01063	0.01369	0.01038	0.00824	0.02012	0.20297	0.02441	0.06215	0.06256	0.43959	0.01717	0.00892	0.00270	0.00481	0.06229	0.00739	0.00823
44	0.08792	0.01701	0.01881	0.01476	0.02057	0.07134	0.01205	0.15694	0.02410	0.43193	0.02461	0.02243	0.01617	0.00909	0.00743	0.00231	0.00752	0.00702	0.00823	0.03975
45	0.02781	0.01815	0.02270	0.01888	0.02285	0.05267	0.04389	0.03252	0.11675	0.29771	0.02488	0.02624	0.01850	0.01234	0.01415	0.00319	0.21844	0.00831	0.00760	0.01243
46	0.01062	0.00765	0.01004	0.01000	0.01150	0.00708	0.00729	0.01373	0.02029	0.02845	0.52706	0.21345	0.06804	0.01783	0.00932	0.00260	0.00385	0.01590	0.00822	0.00708
47	0.01464	0.01378	0.02326	0.70887	0.05340	0.01723	0.02153	0.01981	0.01550	0.01981	0.01378	0.02067	0.01034	0.00775	0.00775	0.00258	0.01034	0.00689	0.00345	0.00861
48	0.05558	0.01896	0.05334	0.01597	0.02170	0.01918	0.01354	0.34266	0.13044	0.15015	0.05272	0.02343	0.01853	0.00966	0.00763	0.00238	0.00746	0.00757	0.03682	0.01227
49	0.02616	0.01330	0.01646	0.01361	0.01846	0.01296	0.01090	0.03470	0.20889	0.38352	0.11541	0.03318	0.05486	0.01109	0.00805	0.00248	0.00598	0.00923	0.00886	0.01190
50	0.03164	0.01283	0.01720	0.01349	0.01899	0.01137	0.01103	0.03563	0.05332	0.58725	0.09540	0.02968	0.02483	0.01027	0.00794	0.00241	0.00628	0.00847	0.00941	0.01256
51	0.02862	0.06601	0.02275	0.01969	0.02380	0.66856	0.01491	0.03064	0.02171	0.01895	0.01193	0.01392	0.00999	0.00793	0.00691	0.00198	0.01374	0.00496	0.00397	0.00903
52	0.03418	0.01321	0.01793	0.01372	0.01975	0.01136	0.01132	0.03720	0.02199	0.66318	0.03005	0.02606	0.01894	0.00947	0.00773	0.00236	0.00657	0.00769	0.00943	0.03785
53	0.01555	0.04011	0.68733	0.02210	0.03356	0.01801	0.02865	0.02455	0.01637	0.02455	0.01391	0.01637	0.00982	0.00737	0.00737	0.00246	0.01146	0.00573	0.00327	0.01146
54	0.00935	0.00752	0.00834	0.00886	0.01077	0.00651	0.00637	0.01121	0.01702	0.02112	0.09859	0.27350	0.45195	0.02087	0.00939	0.00277	0.00409	0.01799	0.00727	0.00651
55	0.01445	0.00723	0.00723	0.00723	0.00903	0.00723	0.00542	0.01807	0.01626	0.02891	0.02529	0.02891	0.01987	0.00903	0.00542	0.00181	0.00361	0.00723	0.77055	0.00723
56	0.01929	0.01666	0.01753	0.01578	0.02016	0.01929	0.01227	0.04120	0.66513	0.03243	0.03156	0.02893	0.02367	0.01052	0.00789	0.00263	0.00614	0.00877	0.00789	0.01227
57	0.01830	0.02092	0.04575	0.03268	0.04052	0.01961	0.65098	0.02484	0.01830	0.02484	0.01569	0.02092	0.01176	0.00654	0.00915	0.00261	0.01307	0.00915	0.00392	0.01046
58	0.03479	0.01320	0.01799	0.01380	0.01979	0.01140	0.01140	0.03779	0.02219	0.68451	0.03059	0.02639	0.01919	0.00960	0.00780	0.00240	0.00660	0.00780	0.00960	0.01320
59	0.01347	0.00673	0.01010	0.01010	0.01010	0.00673	0.00673	0.01010	0.01010	0.01347	0.01347	0.02357	0.01347	0.02694	0.03030	0.77441	0.00673	0.00673	0.00337	0.00337
60	0.01921	0.00862	0.00975	0.00876	0.01155	0.00820	0.00682	0.02268	0.01765	0.18235	0.02653	0.02832	0.01971	0.00917	0.00598	0.00195	0.00431	0.00736	0.59245	0.00862
61	0.01919	0.01842	0.03147	0.04759	0.67914	0.01842	0.02380	0.02380	0.01765	0.02533	0.01458	0.01919	0.01228	0.00691	0.00768	0.00230	0.00921	0.00691	0.00384	0.01228
62	0.01128	0.00752	0.00846	0.00846	0.00846	0.00752	0.00470	0.01128	0.01128	0.01503	0.02443	0.05074	0.02819	0.72751	0.03946	0.00752	0.00752	0.01128	0.00470	0.00470
63	0.01175	0.00880	0.01285	0.01266	0.01422	0.01021	0.00988	0.03712	0.01333	0.01912	0.02069	0.03003	0.01916	0.05637	0.67171	0.01209	0.02032	0.00826	0.00428	0.00715
64	0.01555	0.04011	0.68733	0.02210	0.03356	0.01801	0.02865	0.02455	0.01637	0.02455	0.01391	0.01637	0.00982	0.00737	0.00737	0.00246	0.01146	0.00573	0.00327	0.01146
65	0.00934	0.00786	0.00810	0.00804	0.01058	0.00662	0.00603	0.01147	0.01809	0.02193	0.13618	0.07301	0.61774	0.01927	0.00916	0.00260	0.00390	0.01614	0.00733	0.00662
66	0.00989	0.00746	0.01085	0.01190	0.01272	0.00697	0.03971	0.01151	0.01502	0.02005	0.04137	0.68702	0.04929	0.02339	0.00986	0.00312	0.00493	0.02139	0.00703	0.00651
67	0.70045	0.01452	0.01161	0.01028	0.01502	0.01655	0.00845	0.02350	0.01389	0.07482	0.01269	0.01420	0.00960	0.00743	0.00501	0.00237	0.00592	0.00456	0.04046	0.00864
68	0.02162	0.01901	0.01877	0.01642	0.02106	0.07196	0.01287	0.13624	0.51738	0.03397	0.02803	0.02617	0.02098	0.01014	0.00780	0.00253	0.00711	0.00820	0.00757	0.01216
69	0.01128	0.00752	0.00846	0.00846	0.00846	0.00752	0.00470	0.01128	0.01128	0.01503	0.02443	0.05074	0.02819	0.72751	0.03946	0.00752	0.00752	0.01128	0.00470	0.00470
70	0.02299	0.24605	0.05822	0.04437	0.05758	0.23601	0.04626	0.08092	0.01962	0.02264	0.01269	0.01513	0.01057	0.00764	0.00739	0.00202	0.04300	0.00536	0.00406	0.05747
71	0.01004	0.00735	0.00961	0.01079	0.01181	0.00666	0.00736	0.01167	0.01531	0.02080	0.07346	0.63345	0.04936	0.02242	0.00954	0.00296	0.00455	0.02028	0.00707	0.06551
72	0.00967	0.00724	0.00898	0.01014	0.01123	0.00653	0.00691	0.01117	0.01535	0.02005	0.04851	0.54312	0.17758	0.04623	0.01060	0.00312	0.00452	0.01993	0.00703	0.03209
73	0.01733	0.01452	0.01675	0.01208	0.01891	0.01162	0.00971	0.07888	0.01799	0.02748	0.01423	0.01632	0.01164	0.00608	0.00593	0.00126	0.00600	0.00482	0.00489	0.70357
74	0.01875	0.15438	0.30886	0.02205	0.05644	0.07555	0.12639	0.02473	0.01749	0.05434	0.03525	0.04178	0.01403	0.00806	0.00738	0.00232	0.01059	0.00691	0.00406	0.01064
75	0.01747	0.05961	0.37784	0.06638	0.08579	0.01915	0.08480	0.05694	0.10725	0.02636	0.01667	0.01899	0.01233	0.00777	0.00758	0.00245	0.01035	0.00665	0.00425	0.01139
76	0.03208	0.04008	0.01816	0.01341	0.01905	0.01176	0.01109	0.03512	0.02192	0.59943	0.08874	0.02874	0.02377	0.01006	0.00781	0.00237	0.00639	0.00823	0.00926	0.01253
77	0.00966	0.00696	0.00920	0.01082	0.01148	0.00649	0.00743	0.01126	0.01543	0.02053	0.07260	0.63465	0.07571	0.02358	0.00988	0.00312	0.00458	0.05299	0.00726	0.00640
78	0.01748	0.01875	0.03756	0.12266	0.06923	0.01935	0.42092	0.02268	0.01667	0.02288	0.01450	0.02033	0.01143	0.00847	0.01199	0.03066	0.11262	0.00831	0.00376	0.00976
79	0.02485	0.02408	0.02045	0.08584	0.02487	0.25399	0.01417	0.25911	0.05723	0.03144	0.02203	0.02310	0.07077	0.00965	0.00751	0.00225	0.00985	0.00720	0.04121	0.01037
80	0.78228	0.01499	0.01140	0.01020	0.01499	0.01739	0.00840	0.02279	0.01320	0.03479	0.01080	0.01260	0.00840	0.00720	0.00480	0.00240	0.00600	0.00420	0.00480	0.00840
81	0.01555	0.04011	0.68733	0.02210	0.03356	0.01801	0.02865	0.02455	0.01637	0.02455	0.01391	0.01637	0.00982	0.00737	0.00737	0.00246	0.01146	0.00573	0.00327	0.01146
82	0.00956	0.00680	0.00896	0.01065	0.01107	0.00637	0.00704	0.01083	0.01462	0.01950	0.04160	0.68078	0.04985	0.06791	0.01173	0.00342	0.00469	0.02137	0.00704	0.00620
83	0.02729	0.03432	0.02143	0.05544	0.02490	0.62832	0.01495	0.02943	0.02130	0.01906	0.01353	0.04787	0.01196	0.00875	0.00717	0.00208	0.01334	0.00590	0.00412	0.00884
84	0.02508	0.01954	0.02080	0.01695	0.02237	0.02199	0.01367	0.38945	0.30744	0.04178	0.02419	0.02306	0.01770	0.00983	0.00781	0.00246	0.00750	0.00775	0.00781	0.01279
85	0.01080	0.00792	0.01012	0.00957	0.01148	0.00724	0.00718	0.01429	0.02153	0.03010	0.61674	0.05955	0.13208	0.01622	0.00915	0.00246	0.00368	0.01425	0.00840	0.00724
86	0.01696	0.01696	0.02375	0.02036	0.02036	0.02375	0.01696	0.01866	0.01187	0.01866	0.01018	0.01696	0.01018	0.01357	0.02545	0.00339	0.71332	0.00679	0.00339	0.00848
87	0.00945	0.00675	0.00900	0.01080	0.01125	0.00630	0.00720	0.01080	0.01484	0.01979	0.04274	0.72245	0.05128	0.02429	0.00990	0.00315	0.00450	0.02204	0.00720	0.00630
88	0.01445	0.00723	0.00723	0.00723	0.00903	0.00723	0.00542	0.01807	0.01626	0.02891	0.02529	0.02891	0.01987	0.00903	0.00542	0.00181	0.00361	0.00723	0.77055	0.00723
89	0.01555	0.04011	0.68733	0.02210	0.03356	0.01801	0.02865	0.02455	0.01637	0.02455	0.01391	0.01637	0.00982	0.00737	0.00737	0.00246	0.01146	0.00573	0.00327	0.01146
90	0.03479	0.01320	0.01799	0.01380	0.01979	0.01140	0.01140	0.03779	0.02219	0.68451	0.03059	0.02639	0.01919	0.00960	0.00780	0.00240	0.00660	0.00780	0.00960	0.01320
91	0.01608	0.01378	0.01608	0.01148	0.01837	0.01034	0.00919	0.01952	0.01608	0.02527	0.01378	0.01608	0.01148	0.00574	0.00574	0.00115	0.00574	0.00459	0.00459	0.77491
92	0.78228	0.01499	0.01140	0.01020	0.01499	0.01739	0.00840	0.02279	0.01320	0.03479	0.01080	0.01260	0.00840	0.00720	0.00480	0.00240	0.00600	0.00420	0.00480	0.00840
93	0.03479	0.01320	0.01799	0.01380	0.01979	0.01140	0.01140	0.03779	0.02219	0.68451	0.03059	0.02639	0.01919	0.00960	0.00780	0.00240	0.00660	0.00780	0.00960	0.01320
94	0.01128	0.00752	0.00846	0.00846	0.00846	0.00752	0.00470	0.01128	0.01128	0.01503	0.02443	0.05074	0.02819	0.72751	0.03946	0.00752	0.00752	0.01128	0.00470	0.00470
95	0.00925	0.00786	0.00798	0.00795	0.01053	0.00658	0.00596	0.01130	0.01788	0.02145	0.10795	0.07380	0.64628	0.01945	0.00916	0.00261	0.00391	0.01625	0.00727	0.00658
96	0.02666	0.01672	0.01902	0.01562	0.02095	0.01785	0.01257	0.18299	0.31111	0.24647	0.02822	0.02570	0.01978	0.00994	0.00783	0.00248	0.00684	0.00804	0.00841	0.01278
97	0.03356	0.01516	0.01921	0.01473	0.02077	0.01431	0.01217	0.17979	0.02548	0.53785	0.02783	0.02460	0.01781	0.00953	0.00779	0.00238	0.00704	0.00761	0.00917	0.01319
98	0.00945	0.00675	0.00900	0.01080	0.01125	0.00630	0.00720	0.01080	0.01484	0.01979	0.04274	0.72245	0.05128	0.02429	0.00990	0.00315	0.00450	0.02204	0.00720	0.00630
99	0.02896	0.03695	0.02197	0.01998	0.02397	0.69638	0.01498	0.03096	0.02197	0.01898	0.01199	0.01398	0.00999	0.00799	0.00699	0.00200	0.01398	0.00499	0.00400	0.00899
100	0.01702	0.01714	0.02471	0.02089	0.02123	0.02357	0.04456	0.01893	0.01215	0.01893	0.01042	0.01714	0.01025	0.01326	0.02474	0.00336	0.68284	0.00689	0.00342	0.00857
101	0.01134	0.00844	0.01193	0.01181	0.01282	0.00969	0.00879	0.01342	0.01216	0.01733	0.02124	0.03472	0.02111	0.21320	0.51862	0.01098	0.04275	0.00895	0.00425	0.00646
102	0.01031	0.00770	0.00969	0.01065	0.01197	0.00724	0.00770	0.01312	0.04047	0.02267	0.15416	0.41574	0.15750	0.02132	0.00965	0.00296	0.00458	0.07832	0.00744	0.00681
103	0.01907	0.01877	0.03345	0.04553	0.59085	0.01859	0.11050	0.02394	0.01774	0.02526	0.01474	0.01943	0.01221	0.00686	0.00788	0.00235	0.00975	0.00722	0.00385	0.01203
104	0.02030	0.01716	0.01810	0.01598	0.02055	0.01976	0.01252	0.10208	0.60261	0.03407	0.03027	0.02790	0.02263	0.01040	0.00788	0.00260	0.00637	0.00859	0.00788	0.01236
105	0.02774	0.02374	0.02277	0.01944	0.05739	0.15471	0.01493	0.44845	0.03089	0.03984	0.01709	0.01812	0.01269	0.00907	0.00813	0.00228	0.03464	0.00659	0.03957	0.01189

[dist]
# distance from previous block
# <min> <max>
0	2

[block]
# block no. 4 follows, 25 sequences, length 62
# corresponding to MSA columns:
# 295-356
name=unknown_E
#
# <colnr> <probs for GDERKNQSTAVLIFYWHMCP>
#	G	D	E	R	K	N	Q	S	T	A	V	L	I	F	Y	W	H	M	C	P
0	0.13725	0.01632	0.01766	0.04025	0.05700	0.01848	0.01266	0.12873	0.34495	0.03389	0.02492	0.02669	0.01937	0.00995	0.00737	0.00253	0.00671	0.03587	0.04824	0.01119
1	0.01418	0.01205	0.01822	0.36526	0.03422	0.01424	0.01587	0.05579	0.01659	0.02208	0.02382	0.20804	0.02405	0.01358	0.00957	0.00281	0.05253	0.05742	0.03155	0.00812
2	0.01219	0.00973	0.01388	0.01311	0.01466	0.01133	0.01024	0.01471	0.01259	0.01845	0.01917	0.02896	0.01820	0.08966	0.52217	0.01019	0.10394	0.00802	0.00413	0.06468
3	0.01429	0.00726	0.00737	0.00734	0.00915	0.00723	0.00551	0.01791	0.01652	0.02901	0.05507	0.03024	0.02232	0.00935	0.00559	0.00184	0.00362	0.00754	0.73563	0.00723
4	0.02073	0.73217	0.04063	0.01327	0.01990	0.03068	0.01327	0.02322	0.01575	0.01824	0.01078	0.01244	0.00995	0.00663	0.00498	0.00166	0.00829	0.00415	0.00332	0.00995
5	0.01347	0.00673	0.01010	0.01010	0.01010	0.00673	0.00673	0.01010	0.01010	0.01347	0.01347	0.02357	0.01347	0.02694	0.03030	0.77441	0.00673	0.00673	0.00337	0.00337
6	0.05177	0.02140	0.02221	0.01790	0.02327	0.10121	0.05269	0.38647	0.10848	0.03923	0.02043	0.02337	0.01579	0.00970	0.00774	0.00239	0.00882	0.04055	0.03487	0.01170
7	0.01347	0.00673	0.01010	0.01010	0.01010	0.00673	0.00673	0.01010	0.01010	0.01347	0.01347	0.02357	0.01347	0.02694	0.03030	0.77441	0.00673	0.00673	0.00337	0.00337
8	0.02252	0.01103	0.01420	0.01189	0.01594	0.01004	0.00944	0.02707	0.06993	0.33515	0.26283	0.04279	0.10794	0.01293	0.00842	0.00245	0.00524	0.01097	0.00884	0.01035
9	0.03479	0.01320	0.01799	0.01380	0.01979	0.01140	0.01140	0.03779	0.02219	0.68451	0.03059	0.02639	0.01919	0.00960	0.00780	0.00240	0.00660	0.00780	0.00960	0.01320
10	0.02900	0.03581	0.02207	0.01981	0.02398	0.64587	0.01496	0.07772	0.02306	0.02122	0.01248	0.01433	0.01023	0.00809	0.00705	0.00202	0.01357	0.00514	0.00428	0.00930
11	0.01929	0.01666	0.01753	0.01578	0.02016	0.01929	0.01227	0.04120	0.66513	0.03243	0.03156	0.02893	0.02367	0.01052	0.00789	0.00263	0.00614	0.00877	0.00789	0.01227
12	0.00945	0.00675	0.00900	0.01080	0.01125	0.00630	0.00720	0.01080	0.01484	0.01979	0.04274	0.72245	0.05128	0.02429	0.00990	0.00315	0.00450	0.02204	0.00720	0.00630
13	0.02896	0.03695	0.02197	0.01998	0.02397	0.69638	0.01498	0.03096	0.02197	0.01898	0.01199	0.01398	0.00999	0.00799	0.00699	0.00200	0.01398	0.00499	0.00400	0.00899
14	0.01608	0.01378	0.01608	0.01148	0.01837	0.01034	0.00919	0.01952	0.01608	0.02527	0.01378	0.01608	0.01148	0.00574	0.00574	0.00115	0.00574	0.00459	0.00459	0.77491
15	0.01108	0.00831	0.01246	0.01246	0.01385	0.00969	0.00969	0.01385	0.01246	0.01800	0.02077	0.03046	0.01938	0.05815	0.69678	0.01246	0.02077	0.00831	0.00415	0.00692
16	0.01645	0.01631	0.02178	0.01901	0.01941	0.04839	0.01566	0.01834	0.01238	0.01856	0.01203	0.01912	0.01172	0.02085	0.13769	0.00486	0.56868	0.00697	0.00354	0.00824
17	0.01555	0.04011	0.68733	0.02210	0.03356	0.01801	0.02865	0.02455	0.01637	0.02455	0.01391	0.01637	0.00982	0.00737	0.00737	0.00246	0.01146	0.00573	0.00327	0.01146
18	0.11687	0.01339	0.01727	0.01340	0.01927	0.01205	0.01107	0.03614	0.02120	0.61316	0.02842	0.02488	0.01801	0.00933	0.00747	0.00240	0.00653	0.00740	0.00907	0.01267
19	0.02899	0.03605	0.02205	0.01985	0.02397	0.65659	0.01497	0.06779	0.02283	0.02075	0.01238	0.01426	0.01018	0.00807	0.00704	0.00202	0.01366	0.00511	0.00422	0.00924
20	0.58052	0.05621	0.06348	0.01288	0.01852	0.01849	0.04185	0.06205	0.01551	0.05355	0.01234	0.01405	0.00937	0.00735	0.00547	0.00237	0.00703	0.00483	0.00490	0.00924
21	0.47990	0.01633	0.01568	0.17375	0.02516	0.05452	0.01235	0.05435	0.05520	0.03099	0.01320	0.01584	0.01010	0.00767	0.00594	0.00243	0.00757	0.00528	0.00477	0.00895
22	0.32435	0.02035	0.01803	0.01491	0.02019	0.09414	0.01209	0.29202	0.07298	0.03885	0.01580	0.01652	0.01174	0.00843	0.00652	0.00234	0.00795	0.00581	0.00620	0.01078
23	0.01881	0.01525	0.01762	0.04021	0.04426	0.01752	0.01287	0.05725	0.41376	0.05039	0.02851	0.03211	0.02278	0.01129	0.00923	0.00267	0.05950	0.06313	0.07180	0.01104
24	0.01909	0.01518	0.01673	0.01542	0.01947	0.01712	0.01226	0.03688	0.52099	0.06951	0.03306	0.03837	0.02684	0.01225	0.00835	0.00277	0.00633	0.11003	0.00787	0.01149
25	0.00916	0.00785	0.00785	0.00785	0.01047	0.00655	0.00589	0.01113	0.01767	0.02095	0.07855	0.07462	0.67599	0.01964	0.00916	0.00262	0.00393	0.01636	0.00720	0.00655
26	0.02796	0.01332	0.01684	0.01385	0.01894	0.01270	0.01125	0.03531	0.16954	0.44417	0.05577	0.03370	0.05541	0.01115	0.00809	0.00253	0.00629	0.04214	0.00892	0.01213
27	0.02073	0.73217	0.04063	0.01327	0.01990	0.03068	0.01327	0.02322	0.01575	0.01824	0.01078	0.01244	0.00995	0.00663	0.00498	0.00166	0.00829	0.00415	0.00332	0.00995
28	0.02073	0.73217	0.04063	0.01327	0.01990	0.03068	0.01327	0.02322	0.01575	0.01824	0.01078	0.01244	0.00995	0.00663	0.00498	0.00166	0.00829	0.00415	0.00332	0.00995
29	0.01464	0.01378	0.02326	0.70887	0.05340	0.01723	0.02153	0.01981	0.01550	0.01981	0.01378	0.02067	0.01034	0.00775	0.00775	0.00258	0.01034	0.00689	0.00345	0.00861
30	0.00945	0.00675	0.00900	0.01080	0.01125	0.00630	0.00720	0.01080	0.01484	0.01979	0.04274	0.72245	0.05128	0.02429	0.00990	0.00315	0.00450	0.02204	0.00720	0.00630
31	0.00919	0.00777	0.00794	0.00808	0.01053	0.00653	0.00599	0.01110	0.01746	0.02086	0.07586	0.12329	0.62906	0.01999	0.00922	0.00266	0.00397	0.01679	0.00720	0.00653
32	0.03185	0.01314	0.01735	0.01349	0.01911	0.01167	0.01108	0.07155	0.02275	0.57724	0.06150	0.03028	0.06140	0.01047	0.00794	0.00241	0.00642	0.00855	0.00929	0.01253
33	0.02606	0.03034	0.02250	0.07155	0.02562	0.46347	0.01576	0.09868	0.02154	0.02237	0.01259	0.01548	0.01041	0.00900	0.01004	0.00230	0.12302	0.00564	0.00429	0.00936
34	0.01929	0.01666	0.01753	0.01578	0.02016	0.01929	0.01227	0.04120	0.66513	0.03243	0.03156	0.02893	0.02367	0.01052	0.00789	0.00263	0.00614	0.00877	0.00789	0.01227
35	0.00953	0.00678	0.00897	0.01069	0.01112	0.00635	0.00708	0.01082	0.01468	0.01957	0.04190	0.69166	0.05022	0.05652	0.01125	0.00335	0.00464	0.02155	0.00708	0.00622
36	0.01608	0.01378	0.01608	0.01148	0.01837	0.01034	0.00919	0.01952	0.01608	0.02527	0.01378	0.01608	0.01148	0.00574	0.00574	0.00115	0.00574	0.00459	0.00459	0.77491
37	0.01347	0.00673	0.01010	0.01010	0.01010	0.00673	0.00673	0.01010	0.01010	0.01347	0.01347	0.02357	0.01347	0.02694	0.03030	0.77441	0.00673	0.00673	0.00337	0.00337
38	0.01347	0.00673	0.01010	0.01010	0.01010	0.00673	0.00673	0.01010	0.01010	0.01347	0.01347	0.02357	0.01347	0.02694	0.03030	0.77441	0.00673	0.00673	0.00337	0.00337
39	0.01126	0.00756	0.00868	0.00868	0.00876	0.00764	0.00498	0.01142	0.01134	0.01520	0.02423	0.04961	0.02770	0.69025	0.07605	0.00779	0.00825	0.01111	0.00467	0.00482
40	0.01128	0.00752	0.00846	0.00846	0.00846	0.00752	0.00470	0.01128	0.01128	0.01503	0.02443	0.05074	0.02819	0.72751	0.03946	0.00752	0.00752	0.01128	0.00470	0.00470
41	0.78228	0.01499	0.01140	0.01020	0.01499	0.01739	0.00840	0.02279	0.01320	0.03479	0.01080	0.01260	0.00840	0.00720	0.00480	0.00240	0.00600	0.00420	0.00480	0.00840
42	0.02947	0.02172	0.02327	0.01784	0.02404	0.02404	0.01474	0.65329	0.03646	0.04887	0.01862	0.01862	0.01319	0.00931	0.00776	0.00233	0.00853	0.00698	0.00776	0.01319
43	0.02044	0.69365	0.07663	0.01376	0.02066	0.02997	0.01412	0.02329	0.01579	0.01859	0.01095	0.01266	0.00994	0.00667	0.00511	0.00170	0.00847	0.00423	0.00331	0.01003
44	0.02739	0.17020	0.02555	0.01869	0.02319	0.56879	0.01465	0.02948	0.02078	0.01884	0.01175	0.01369	0.00998	0.00773	0.00660	0.00193	0.01289	0.00483	0.00387	0.00917
45	0.01929	0.01666	0.01753	0.01578	0.02016	0.01929	0.01227	0.04120	0.66513	0.03243	0.03156	0.02893	0.02367	0.01052	0.00789	0.00263	0.00614	0.00877	0.00789	0.01227
46	0.78228	0.01499	0.01140	0.01020	0.01499	0.01739	0.00840	0.02279	0.01320	0.03479	0.01080	0.01260	0.00840	0.00720	0.00480	0.00240	0.00600	0.00420	0.00480	0.00840
47	0.02395	0.46024	0.03333	0.01589	0.02149	0.29106	0.01394	0.02625	0.01819	0.01853	0.01125	0.01304	0.00996	0.00716	0.00576	0.00179	0.01052	0.00448	0.00358	0.00957
48	0.00918	0.00779	0.00792	0.00803	0.01052	0.00653	0.00597	0.01111	0.01751	0.02088	0.07643	0.11296	0.63902	0.01991	0.00921	0.00265	0.00396	0.01670	0.00720	0.00653
49	0.01249	0.00892	0.01249	0.01428	0.01606	0.00892	0.01249	0.01606	0.01785	0.02320	0.04105	0.08746	0.04462	0.02142	0.01071	0.00357	0.00714	0.62695	0.00714	0.00714
50	0.01419	0.01053	0.01279	0.06393	0.01690	0.01071	0.00953	0.10680	0.05572	0.04773	0.10699	0.30952	0.16853	0.01786	0.00902	0.00276	0.00548	0.01558	0.00725	0.00817
51	0.01830	0.02092	0.04575	0.03268	0.04052	0.01961	0.65098	0.02484	0.01830	0.02484	0.01569	0.02092	0.01176	0.00654	0.00915	0.00261	0.01307	0.00915	0.00392	0.01046
52	0.01940	0.01997	0.08081	0.04403	0.58612	0.01820	0.04618	0.02435	0.01773	0.04693	0.01510	0.01928	0.01231	0.00702	0.00771	0.00233	0.00943	0.00693	0.00399	0.01218
53	0.01664	0.01648	0.02312	0.01992	0.01999	0.02297	0.01656	0.01839	0.01191	0.01862	0.01077	0.01771	0.01069	0.01605	0.06281	0.00390	0.67477	0.00687	0.00344	0.00839
54	0.00945	0.00675	0.00900	0.01080	0.01125	0.00630	0.00720	0.01080	0.01484	0.01979	0.04274	0.72245	0.05128	0.02429	0.00990	0.00315	0.00450	0.02204	0.00720	0.00630
55	0.00945	0.00675	0.00900	0.01080	0.01125	0.00630	0.00720	0.01080	0.01484	0.01979	0.04274	0.72245	0.05128	0.02429	0.00990	0.00315	0.00450	0.02204	0.00720	0.00630
56	0.01674	0.19927	0.53860	0.02007	0.03042	0.02092	0.02511	0.02425	0.01623	0.02310	0.01319	0.01547	0.00985	0.00720	0.00682	0.00227	0.01073	0.00537	0.00328	0.01111
57	0.00945	0.00675	0.00900	0.01080	0.01125	0.00630	0.00720	0.01080	0.01484	0.01979	0.04274	0.72245	0.05128	0.02429	0.00990	0.00315	0.00450	0.02204	0.00720	0.00630
58	0.01812	0.02008	0.04155	0.03136	0.07215	0.01953	0.52777	0.02395	0.01755	0.02429	0.01501	0.02023	0.01163	0.00719	0.01048	0.00261	0.07960	0.00860	0.00390	0.04439
59	0.08127	0.01568	0.04143	0.12521	0.04845	0.03962	0.01392	0.05804	0.11489	0.18524	0.10668	0.04783	0.02381	0.01050	0.00884	0.00253	0.05046	0.00844	0.00669	0.01046
60	0.01103	0.00741	0.00853	0.00878	0.00884	0.00735	0.00504	0.01121	0.01176	0.01568	0.02692	0.14228	0.03134	0.63168	0.03544	0.00692	0.00711	0.01274	0.00504	0.00492
61	0.01234	0.00936	0.01154	0.01074	0.01299	0.00928	0.00813	0.01899	0.12737	0.03131	0.56958	0.05317	0.06505	0.01498	0.00894	0.00247	0.00406	0.01316	0.00843	0.00813

[dist]
# distance from previous block
# <min> <max>
0	2

[block]
# block no. 5 follows, 25 sequences, length 121
# corresponding to MSA columns:
# 359-479
name=unknown_F
#
# <colnr> <probs for GDERKNQSTAVLIFYWHMCP>
#	G	D	E	R	K	N	Q	S	T	A	V	L	I	F	Y	W	H	M	C	P
0	0.22781	0.01780	0.01923	0.07452	0.02345	0.01953	0.01307	0.32689	0.02607	0.15164	0.01819	0.01854	0.01271	0.00867	0.00698	0.00238	0.00769	0.00638	0.00692	0.01153
1	0.10053	0.03487	0.02097	0.01905	0.02312	0.63187	0.01436	0.03019	0.02114	0.02048	0.01187	0.01385	0.00984	0.00791	0.00678	0.00204	0.01322	0.00492	0.00407	0.00893
2	0.01461	0.00933	0.01302	0.01423	0.01642	0.00916	0.01239	0.01813	0.01826	0.08603	0.04006	0.08166	0.04221	0.02030	0.01043	0.00346	0.00709	0.56813	0.00737	0.00771
3	0.08858	0.01477	0.02264	0.46821	0.04205	0.01828	0.04143	0.04864	0.01573	0.02251	0.01352	0.01964	0.01062	0.01024	0.03331	0.00300	0.10749	0.00675	0.00380	0.00879
4	0.09180	0.01698	0.02091	0.38159	0.03789	0.07357	0.01721	0.08638	0.11765	0.05601	0.01730	0.02068	0.01284	0.00838	0.00743	0.00249	0.00924	0.00682	0.00500	0.00983
5	0.01067	0.00791	0.00995	0.00944	0.01140	0.00719	0.00708	0.01405	0.02124	0.02941	0.57632	0.06068	0.17294	0.01648	0.00915	0.00247	0.00370	0.01441	0.00831	0.00719
6	0.05018	0.63615	0.03788	0.01382	0.01975	0.02950	0.01343	0.02277	0.01529	0.01893	0.01072	0.01287	0.00991	0.00731	0.00691	0.00185	0.07518	0.00440	0.00338	0.00975
7	0.00992	0.00710	0.00947	0.01083	0.01161	0.00665	0.00756	0.01183	0.01633	0.02208	0.15825	0.56062	0.05486	0.02257	0.00981	0.00305	0.00451	0.05898	0.00744	0.00654
8	0.01097	0.00793	0.01036	0.00975	0.01158	0.00732	0.00732	0.01463	0.02195	0.03109	0.67505	0.05792	0.07316	0.01585	0.00914	0.00244	0.00366	0.01402	0.00854	0.00732
9	0.01929	0.01666	0.01753	0.01578	0.02016	0.01929	0.01227	0.04120	0.66513	0.03243	0.03156	0.02893	0.02367	0.01052	0.00789	0.00263	0.00614	0.00877	0.00789	0.01227
10	0.03479	0.01320	0.01799	0.01380	0.01979	0.01140	0.01140	0.03779	0.02219	0.68451	0.03059	0.02639	0.01919	0.00960	0.00780	0.00240	0.00660	0.00780	0.00960	0.01320
11	0.02073	0.73217	0.04063	0.01327	0.01990	0.03068	0.01327	0.02322	0.01575	0.01824	0.01078	0.01244	0.00995	0.00663	0.00498	0.00166	0.00829	0.00415	0.00332	0.00995
12	0.78228	0.01499	0.01140	0.01020	0.01499	0.01739	0.00840	0.02279	0.01320	0.03479	0.01080	0.01260	0.00840	0.00720	0.00480	0.00240	0.00600	0.00420	0.00480	0.00840
