[name]
unknown

[dist]
# distance from previous block
# <min> <max>
0	4

[block]
# block no. 0 follows, 25 sequences, length 12
# corresponding to MSA columns:
# 201-212
name=unknown_A
#
# <colnr> <probs for GDERKNQSTAVLIFYWHMCP>
#	G	D	E	R	K	N	Q	S	T	A	V	L	I	F	Y	W	H	M	C	P
0	0.01446	0.05492	0.06203	0.01439	0.01746	0.01091	0.01325	0.01822	0.01789	0.06541	0.03871	0.07327	0.07333	0.01868	0.00985	0.00325	0.00730	0.47192	0.00680	0.00797
1	0.02005	0.08283	0.40116	0.01966	0.02879	0.06071	0.02219	0.17332	0.02140	0.02957	0.01468	0.01646	0.01074	0.00771	0.00716	0.00226	0.01033	0.00580	0.00447	0.06072
2	0.01865	0.01503	0.05358	0.01553	0.01948	0.01441	0.04896	0.15848	0.13621	0.08486	0.03131	0.27502	0.03056	0.01527	0.00877	0.00277	0.00686	0.04704	0.00724	0.00999
3	0.05256	0.51469	0.08719	0.01505	0.02121	0.06694	0.01477	0.04776	0.01651	0.02070	0.01135	0.01350	0.01002	0.00753	0.00724	0.00196	0.07282	0.00467	0.00359	0.00994
4	0.10227	0.02052	0.07531	0.02292	0.16677	0.05809	0.01612	0.16412	0.12281	0.09347	0.01894	0.01982	0.01411	0.00829	0.00724	0.00229	0.00822	0.00664	0.00597	0.06609
5	0.02073	0.73217	0.04063	0.01327	0.01990	0.03068	0.01327	0.02322	0.01575	0.01824	0.01078	0.01244	0.00995	0.00663	0.00498	0.00166	0.00829	0.00415	0.00332	0.00995
6	0.00938	0.00786	0.00815	0.00808	0.01060	0.00664	0.00606	0.01154	0.01818	0.02215	0.14914	0.07264	0.60466	0.01919	0.00916	0.00260	0.00390	0.01609	0.00736	0.00664
7	0.01743	0.01940	0.07305	0.12540	0.25565	0.01800	0.28117	0.02296	0.01739	0.02402	0.01658	0.06199	0.01400	0.00793	0.00841	0.00253	0.01080	0.00867	0.00399	0.01064
8	0.02100	0.01621	0.01904	0.01591	0.02092	0.01742	0.04914	0.08004	0.42476	0.09877	0.02759	0.02621	0.02041	0.00957	0.00762	0.00240	0.00661	0.00809	0.04144	0.08683
9	0.01867	0.01616	0.01810	0.01782	0.07084	0.01835	0.01281	0.03791	0.56787	0.03178	0.07711	0.03028	0.02639	0.01063	0.00796	0.00259	0.00620	0.00900	0.00762	0.01191
10	0.02021	0.01450	0.01902	0.01400	0.02052	0.01201	0.06198	0.06365	0.01861	0.14426	0.01835	0.04523	0.01450	0.00743	0.00667	0.00164	0.00662	0.00635	0.00573	0.49870
11	0.05875	0.01614	0.02616	0.32999	0.34106	0.01789	0.02143	0.02285	0.04729	0.02380	0.01484	0.01994	0.01177	0.00746	0.00756	0.00245	0.00938	0.00684	0.00391	0.01048

[dist]
# distance from previous block
# <min> <max>
0	1

[block]
# block no. 1 follows, 25 sequences, length 124
# corresponding to MSA columns:
# 214-218,270-302,304-326,328-343,358-404
name=unknown_B
#
# <colnr> <probs for GDERKNQSTAVLIFYWHMCP>
#	G	D	E	R	K	N	Q	S	T	A	V	L	I	F	Y	W	H	M	C	P
0	0.78228	0.01499	0.01140	0.01020	0.01499	0.01739	0.00840	0.02279	0.01320	0.03479	0.01080	0.01260	0.00840	0.00720	0.00480	0.00240	0.00600	0.00420	0.00480	0.00840
1	0.01128	0.00752	0.00846	0.00846	0.00846	0.00752	0.00470	0.01128	0.01128	0.01503	0.02443	0.05074	0.02819	0.72751	0.03946	0.00752	0.00752	0.01128	0.00470	0.00470
2	0.01545	0.01440	0.02109	0.08519	0.02210	0.01888	0.04331	0.01788	0.01285	0.01940	0.01412	0.02223	0.01329	0.06159	0.11829	0.00472	0.42638	0.00742	0.05338	0.00805
3	0.01445	0.00723	0.00723	0.00723	0.00903	0.00723	0.00542	0.01807	0.01626	0.02891	0.02529	0.02891	0.01987	0.00903	0.00542	0.00181	0.00361	0.00723	0.77055	0.00723
4	0.01987	0.01838	0.02035	0.05241	0.16882	0.11243	0.01472	0.06932	0.21878	0.04933	0.08331	0.03057	0.08721	0.01049	0.00793	0.00242	0.00786	0.00880	0.00627	0.01074
5	0.00945	0.00675	0.00900	0.01080	0.01125	0.00630	0.00720	0.01080	0.01484	0.01979	0.04274	0.72245	0.05128	0.02429	0.00990	0.00315	0.00450	0.02204	0.00720	0.00630
6	0.01445	0.00723	0.00723	0.00723	0.00903	0.00723	0.00542	0.01807	0.01626	0.02891	0.02529	0.02891	0.01987	0.00903	0.00542	0.00181	0.00361	0.00723	0.77055	0.00723
7	0.06820	0.17202	0.05229	0.01940	0.06594	0.33547	0.01516	0.06083	0.01958	0.02210	0.01482	0.01693	0.03683	0.00852	0.00800	0.00214	0.06243	0.00563	0.00416	0.00957
8	0.01156	0.00834	0.01033	0.00970	0.01188	0.00767	0.00732	0.01547	0.04199	0.04724	0.52324	0.05928	0.18443	0.01622	0.00907	0.00248	0.00387	0.01412	0.00829	0.00749
9	0.04792	0.02969	0.02263	0.02068	0.05399	0.42305	0.01548	0.13747	0.02249	0.02491	0.01295	0.01546	0.01064	0.00902	0.00997	0.00230	0.12132	0.00569	0.00458	0.00978
10	0.01067	0.00821	0.00987	0.01038	0.01200	0.00783	0.00742	0.01465	0.07924	0.02382	0.19312	0.36020	0.19365	0.02002	0.00937	0.00282	0.00434	0.01768	0.00757	0.00716
11	0.01608	0.01378	0.01608	0.01148	0.01837	0.01034	0.00919	0.01952	0.01608	0.02527	0.01378	0.01608	0.01148	0.00574	0.00574	0.00115	0.00574	0.00459	0.00459	0.77491
12	0.02896	0.03695	0.02197	0.01998	0.02397	0.69638	0.01498	0.03096	0.02197	0.01898	0.01199	0.01398	0.00999	0.00799	0.00699	0.00200	0.01398	0.00499	0.00400	0.00899
13	0.01528	0.01636	0.09257	0.15878	0.13731	0.01456	0.09302	0.04299	0.01795	0.02440	0.06787	0.10060	0.02636	0.01252	0.00880	0.00277	0.00885	0.14451	0.00520	0.00929
14	0.02050	0.01388	0.01661	0.01242	0.01867	0.01152	0.00995	0.05021	0.05784	0.15954	0.01846	0.01936	0.01394	0.00782	0.00736	0.03278	0.00609	0.00568	0.00589	0.51146
15	0.02888	0.02142	0.02294	0.01772	0.02382	0.02377	0.01459	0.61775	0.07296	0.04791	0.01937	0.01921	0.01379	0.00938	0.00776	0.00234	0.00839	0.00708	0.00776	0.01313
16	0.00986	0.00706	0.00936	0.01052	0.01134	0.00657	0.00723	0.01183	0.01675	0.02283	0.21273	0.54379	0.05716	0.02202	0.00969	0.00296	0.00427	0.01989	0.00756	0.00657
17	0.01890	0.38281	0.29657	0.01826	0.02677	0.05481	0.05867	0.02419	0.01643	0.02118	0.01238	0.01459	0.01001	0.00698	0.00627	0.00205	0.01010	0.00512	0.00337	0.01054
18	0.05795	0.21540	0.03760	0.02278	0.02981	0.02104	0.32690	0.02668	0.01808	0.14514	0.01685	0.01920	0.01248	0.00716	0.00754	0.00230	0.01023	0.00729	0.00484	0.01073
19	0.01696	0.01696	0.02375	0.02036	0.02036	0.02375	0.01696	0.01866	0.01187	0.01866	0.01018	0.01696	0.01018	0.01357	0.02545	0.00339	0.71332	0.00679	0.00339	0.00848
20	0.01052	0.00757	0.01000	0.01032	0.01168	0.00704	0.00752	0.01338	0.01932	0.02685	0.42847	0.28710	0.06432	0.01901	0.00948	0.00274	0.00411	0.04561	0.00801	0.00696
21	0.01919	0.01842	0.03147	0.04759	0.67914	0.01842	0.02380	0.02380	0.01765	0.02533	0.01458	0.01919	0.01228	0.00691	0.00768	0.00230	0.00921	0.00691	0.00384	0.01228
22	0.78228	0.01499	0.01140	0.01020	0.01499	0.01739	0.00840	0.02279	0.01320	0.03479	0.01080	0.01260	0.00840	0.00720	0.00480	0.00240	0.00600	0.00420	0.00480	0.00840
23	0.01588	0.01504	0.02549	0.52885	0.22375	0.01755	0.02215	0.02090	0.01609	0.02131	0.01400	0.02027	0.01087	0.00752	0.00773	0.00251	0.01003	0.00690	0.00355	0.00961
24	0.01892	0.01814	0.03098	0.08721	0.64165	0.01835	0.02366	0.02356	0.01753	0.02500	0.01454	0.01928	0.01217	0.00696	0.00768	0.00232	0.00928	0.00691	0.00381	0.01206
25	0.01696	0.01696	0.02375	0.02036	0.02036	0.02375	0.01696	0.01866	0.01187	0.01866	0.01018	0.01696	0.01018	0.01357	0.02545	0.00339	0.71332	0.00679	0.00339	0.00848
26	0.05645	0.01934	0.03607	0.09286	0.05420	0.05837	0.43150	0.02331	0.01810	0.02477	0.06301	0.05058	0.01731	0.00815	0.00866	0.00256	0.01139	0.00923	0.00438	0.00975
27	0.01950	0.01898	0.02145	0.02247	0.12935	0.10048	0.01556	0.03058	0.29712	0.02603	0.02223	0.02638	0.01841	0.01095	0.01182	0.00273	0.16493	0.04460	0.00571	0.01073
28	0.00943	0.00681	0.00893	0.01062	0.01120	0.00631	0.00712	0.01082	0.01501	0.01986	0.04488	0.68364	0.08871	0.02401	0.00985	0.00312	0.00446	0.02170	0.00720	0.00631
29	0.02145	0.01536	0.01734	0.06916	0.02082	0.01692	0.01189	0.33712	0.04682	0.03633	0.02237	0.07975	0.01884	0.05419	0.03924	0.00306	0.00774	0.00859	0.16276	0.01026
30	0.04998	0.01713	0.02009	0.21014	0.02995	0.04634	0.01509	0.17203	0.20614	0.09241	0.02366	0.02446	0.03954	0.00948	0.00771	0.00249	0.00814	0.00769	0.00647	0.01106
31	0.01197	0.00791	0.01044	0.01029	0.01198	0.00727	0.00753	0.01494	0.01997	0.06707	0.45909	0.24241	0.06379	0.01784	0.00928	0.00264	0.00407	0.01590	0.00822	0.00738
32	0.01464	0.01378	0.02326	0.70887	0.05340	0.01723	0.02153	0.01981	0.01550	0.01981	0.01378	0.02067	0.01034	0.00775	0.00775	0.00258	0.01034	0.00689	0.00345	0.00861
33	0.03011	0.12123	0.05216	0.01546	0.02185	0.01878	0.01355	0.24468	0.02586	0.34304	0.02292	0.02129	0.01540	0.00897	0.00736	0.00227	0.00771	0.00690	0.00779	0.01265
34	0.01959	0.01745	0.02200	0.02175	0.11593	0.01937	0.06497	0.06141	0.49653	0.03146	0.02736	0.02650	0.02068	0.00964	0.00795	0.00257	0.00722	0.00846	0.00699	0.01216
35	0.01464	0.01378	0.02326	0.70887	0.05340	0.01723	0.02153	0.01981	0.01550	0.01981	0.01378	0.02067	0.01034	0.00775	0.00775	0.00258	0.01034	0.00689	0.00345	0.00861
36	0.01858	0.05727	0.03153	0.13912	0.52129	0.01899	0.05467	0.02325	0.01728	0.02413	0.01432	0.01912	0.01185	0.00699	0.00761	0.00232	0.00952	0.00687	0.00376	0.01154
37	0.02455	0.01816	0.05767	0.05106	0.02299	0.03938	0.01380	0.15069	0.26513	0.19888	0.02683	0.05487	0.01986	0.01025	0.00786	0.00250	0.00740	0.00837	0.00765	0.01208
38	0.01815	0.02048	0.04334	0.03133	0.03831	0.02006	0.58143	0.02416	0.01760	0.02416	0.01508	0.02048	0.01159	0.00731	0.01094	0.00270	0.08989	0.00889	0.00386	0.01024
39	0.06044	0.03126	0.49231	0.01857	0.02743	0.01553	0.02257	0.02218	0.01745	0.02666	0.16464	0.02563	0.02419	0.00929	0.00762	0.00245	0.00935	0.00753	0.00457	0.01033
40	0.01727	0.07816	0.46930	0.02493	0.08732	0.01937	0.11267	0.05630	0.01772	0.02549	0.01426	0.01710	0.01048	0.00727	0.00751	0.00241	0.01115	0.00627	0.00364	0.01138
41	0.02175	0.02297	0.02208	0.09786	0.02501	0.23923	0.01592	0.08990	0.01841	0.02270	0.01297	0.01732	0.01103	0.01038	0.01439	0.00264	0.29006	0.00627	0.05001	0.00908
42	0.05955	0.02145	0.02279	0.01753	0.02368	0.02378	0.01448	0.62810	0.03553	0.04830	0.01830	0.01837	0.01299	0.00922	0.00764	0.00233	0.00843	0.00687	0.00764	0.01299
43	0.01078	0.00792	0.01010	0.00955	0.01147	0.00723	0.00717	0.01426	0.02150	0.03002	0.61191	0.05969	0.13697	0.01625	0.00915	0.00246	0.00369	0.01427	0.00839	0.00723
44	0.01124	0.00768	0.00926	0.00926	0.00954	0.00795	0.00570	0.01179	0.01151	0.01563	0.02369	0.04666	0.02642	0.59273	0.17181	0.00851	0.01019	0.01068	0.00459	0.00515
45	0.01097	0.00793	0.01036	0.00975	0.01158	0.00732	0.00732	0.01463	0.02195	0.03109	0.67505	0.05792	0.07316	0.01585	0.00914	0.00244	0.00366	0.01402	0.00854	0.00732
46	0.05751	0.02114	0.02262	0.01740	0.02354	0.02330	0.01437	0.60585	0.03504	0.07327	0.01880	0.01870	0.01324	0.00924	0.00765	0.00233	0.00836	0.00691	0.00772	0.01301
47	0.78228	0.01499	0.01140	0.01020	0.01499	0.01739	0.00840	0.02279	0.01320	0.03479	0.01080	0.01260	0.00840	0.00720	0.00480	0.00240	0.00600	0.00420	0.00480	0.00840
48	0.01032	0.00806	0.00857	0.00863	0.01032	0.00741	0.00589	0.01250	0.04441	0.01946	0.05622	0.11452	0.38971	0.24814	0.01895	0.00424	0.00523	0.01482	0.00642	0.00619
49	0.01947	0.01965	0.03090	0.09915	0.47776	0.07139	0.08824	0.02490	0.04690	0.02463	0.01519	0.01953	0.01239	0.00719	0.00779	0.00235	0.00995	0.00708	0.00401	0.01152
50	0.01852	0.01455	0.01836	0.08246	0.06294	0.01251	0.01184	0.06357	0.01797	0.07891	0.01549	0.01771	0.01215	0.00656	0.00636	0.00154	0.00666	0.00538	0.00505	0.54150
51	0.10493	0.35720	0.20567	0.01593	0.02339	0.02342	0.03659	0.02491	0.05198	0.05004	0.03240	0.01652	0.01271	0.00748	0.00611	0.00209	0.00871	0.00541	0.00414	0.01038
52	0.01491	0.01269	0.01343	0.01240	0.01591	0.01361	0.00954	0.02799	0.37318	0.02833	0.11658	0.04778	0.25380	0.01423	0.00846	0.00261	0.00511	0.01195	0.00772	0.00977
53	0.02985	0.02111	0.02289	0.01755	0.02374	0.02314	0.01450	0.60948	0.03544	0.09410	0.01947	0.01917	0.01361	0.00933	0.00776	0.00233	0.00839	0.00704	0.00789	0.01319
54	0.01935	0.02098	0.04068	0.06766	0.03847	0.04512	0.51664	0.07075	0.05002	0.02643	0.01640	0.02085	0.01228	0.00704	0.00883	0.00257	0.01230	0.00870	0.00436	0.01058
55	0.02172	0.01639	0.02079	0.01735	0.02224	0.01764	0.08389	0.10995	0.36221	0.12241	0.02912	0.05998	0.02287	0.01103	0.00825	0.00264	0.00725	0.04493	0.00759	0.01175
56	0.01912	0.43399	0.17832	0.01928	0.02719	0.02564	0.15280	0.02385	0.01643	0.02098	0.01249	0.01508	0.01031	0.00677	0.00637	0.00203	0.00998	0.00555	0.00344	0.01038
57	0.00935	0.00711	0.00863	0.00984	0.01099	0.00638	0.00677	0.01090	0.01576	0.02017	0.05438	0.51183	0.25438	0.02278	0.00966	0.00298	0.00431	0.02020	0.00720	0.00638
58	0.02299	0.01473	0.01796	0.01699	0.07159	0.01527	0.01248	0.09406	0.24977	0.21319	0.07777	0.03475	0.06317	0.01143	0.00817	0.00255	0.00650	0.04702	0.00799	0.01162
59	0.06671	0.15433	0.45604	0.01994	0.02961	0.01984	0.05982	0.02502	0.01652	0.06368	0.01428	0.01632	0.01043	0.00732	0.00692	0.00232	0.01037	0.00568	0.00380	0.01105
60	0.01168	0.00920	0.01362	0.01327	0.01452	0.01114	0.01044	0.01434	0.01240	0.01807	0.01968	0.02907	0.01844	0.05356	0.62771	0.01153	0.09202	0.00815	0.00408	0.00708
61	0.01116	0.00747	0.00849	0.00860	0.00863	0.00744	0.00485	0.01125	0.01150	0.01533	0.02556	0.09206	0.02961	0.68425	0.03765	0.00725	0.00733	0.01194	0.00485	0.00480
62	0.01797	0.02717	0.27109	0.02831	0.06227	0.01882	0.35534	0.02498	0.01750	0.05088	0.01540	0.01930	0.01133	0.00723	0.00901	0.00257	0.03830	0.00770	0.00390	0.01092
63	0.01784	0.01961	0.04075	0.12493	0.09839	0.01931	0.49026	0.02387	0.01766	0.02401	0.01516	0.02060	0.01157	0.00695	0.00934	0.00261	0.03442	0.00857	0.00383	0.01031
64	0.01128	0.00752	0.00846	0.00846	0.00846	0.00752	0.00470	0.01128	0.01128	0.01503	0.02443	0.05074	0.02819	0.72751	0.03946	0.00752	0.00752	0.01128	0.00470	0.00470
65	0.78228	0.01499	0.01140	0.01020	0.01499	0.01739	0.00840	0.02279	0.01320	0.03479	0.01080	0.01260	0.00840	0.00720	0.00480	0.00240	0.00600	0.00420	0.00480	0.00840
66	0.01864	0.01462	0.01642	0.01246	0.01865	0.03916	0.00994	0.04531	0.03444	0.08993	0.01792	0.04761	0.01509	0.00765	0.00643	0.00154	0.00627	0.02371	0.00543	0.56878
67	0.01080	0.00785	0.01017	0.00973	0.01151	0.00722	0.00724	0.01425	0.02133	0.02996	0.61043	0.09848	0.09887	0.01653	0.00919	0.00249	0.00372	0.01461	0.00840	0.00722
68	0.02855	0.01911	0.02116	0.01667	0.02249	0.02071	0.01362	0.41807	0.15396	0.16773	0.02339	0.02208	0.01634	0.00959	0.00779	0.00240	0.00770	0.00748	0.00814	0.01301
69	0.01882	0.47649	0.27955	0.01653	0.02495	0.02600	0.01895	0.02371	0.01598	0.02057	0.01194	0.01389	0.00990	0.00690	0.00586	0.00195	0.00946	0.00473	0.00330	0.01051
70	0.01077	0.00792	0.01008	0.00954	0.01146	0.00723	0.00715	0.01423	0.02146	0.02993	0.60640	0.05984	0.14254	0.01629	0.00915	0.00246	0.00369	0.01429	0.00838	0.00723
71	0.00916	0.00785	0.00785	0.00785	0.01047	0.00655	0.00589	0.01113	0.01767	0.02095	0.07855	0.07462	0.67599	0.01964	0.00916	0.00262	0.00393	0.01636	0.00720	0.00655
72	0.01227	0.00882	0.01218	0.01375	0.01557	0.00873	0.01191	0.01579	0.01811	0.02363	0.08357	0.08507	0.06981	0.02099	0.01055	0.00346	0.00680	0.56462	0.00723	0.00713
73	0.02073	0.73217	0.04063	0.01327	0.01990	0.03068	0.01327	0.02322	0.01575	0.01824	0.01078	0.01244	0.00995	0.00663	0.00498	0.00166	0.00829	0.00415	0.00332	0.00995
74	0.01919	0.01842	0.03147	0.04759	0.67914	0.01842	0.02380	0.02380	0.01765	0.02533	0.01458	0.01919	0.01228	0.00691	0.00768	0.00230	0.00921	0.00691	0.00384	0.01228
75	0.04421	0.46511	0.21622	0.01661	0.02445	0.05126	0.04278	0.02392	0.01617	0.02080	0.01188	0.01391	0.00994	0.00690	0.00587	0.00195	0.00949	0.00481	0.00340	0.01030
76	0.01958	0.01950	0.03130	0.06730	0.58897	0.05905	0.05270	0.02414	0.01787	0.02474	0.01445	0.01901	0.01206	0.00698	0.00771	0.00231	0.00972	0.00690	0.00384	0.01188
77	0.74686	0.01531	0.01195	0.01056	0.01542	0.01771	0.00870	0.05246	0.01429	0.03545	0.01116	0.01288	0.00862	0.00730	0.00494	0.00240	0.00612	0.00433	0.00494	0.00862
78	0.01063	0.00765	0.00980	0.00974	0.01116	0.00710	0.00697	0.01340	0.01932	0.02686	0.46137	0.18665	0.09149	0.08819	0.01230	0.00309	0.00422	0.01541	0.00784	0.00682
79	0.01112	0.00814	0.01164	0.01164	0.01274	0.00924	0.00866	0.01332	0.01222	0.01739	0.02152	0.03463	0.02120	0.19592	0.56149	0.01144	0.01804	0.00892	0.00427	0.00646
80	0.03449	0.01367	0.01828	0.01402	0.02003	0.01209	0.01158	0.07175	0.02298	0.64943	0.02993	0.02596	0.01886	0.00958	0.00780	0.00240	0.00670	0.00775	0.00950	0.01319
81	0.00916	0.00785	0.00785	0.00785	0.01047	0.00655	0.00589	0.01113	0.01767	0.02095	0.07855	0.07462	0.67599	0.01964	0.00916	0.00262	0.00393	0.01636	0.00720	0.00655
82	0.01080	0.00786	0.01016	0.00970	0.01151	0.00722	0.00723	0.01424	0.02135	0.02996	0.61010	0.09251	0.10532	0.01649	0.00918	0.00248	0.00372	0.01456	0.00839	0.00722
83	0.01672	0.02898	0.33253	0.02707	0.03625	0.01837	0.34617	0.02416	0.01730	0.02451	0.01595	0.04638	0.01244	0.00761	0.00838	0.00256	0.01201	0.00812	0.00376	0.01074
84	0.01128	0.00752	0.00846	0.00846	0.00846	0.00752	0.00470	0.01128	0.01128	0.01503	0.02443	0.05074	0.02819	0.72751	0.03946	0.00752	0.00752	0.01128	0.00470	0.00470
85	0.10448	0.04737	0.06010	0.01644	0.02251	0.02160	0.01420	0.43971	0.05890	0.07313	0.05165	0.02046	0.01617	0.00928	0.00740	0.00234	0.00799	0.00699	0.00716	0.01213
86	0.01598	0.08189	0.62119	0.02199	0.03300	0.01885	0.05327	0.02448	0.01641	0.02418	0.01379	0.01631	0.00991	0.00729	0.00729	0.00241	0.01133	0.00577	0.00330	0.01133
87	0.01962	0.01596	0.01835	0.01794	0.08240	0.04121	0.01280	0.10073	0.28553	0.07070	0.15029	0.03265	0.05365	0.01142	0.00912	0.00253	0.04752	0.00936	0.00728	0.01094
88	0.02146	0.24141	0.20473	0.02129	0.06362	0.06181	0.12787	0.02651	0.01779	0.12045	0.01567	0.01746	0.01173	0.00734	0.00701	0.00220	0.01008	0.00617	0.00441	0.01098
89	0.23543	0.04878	0.02065	0.01565	0.02140	0.04935	0.01295	0.43053	0.02868	0.04259	0.01590	0.01653	0.01162	0.00857	0.00680	0.00231	0.00805	0.00603	0.00662	0.01158
90	0.01433	0.01074	0.01367	0.01245	0.01554	0.01046	0.04797	0.02085	0.14812	0.08094	0.13051	0.16348	0.24417	0.01650	0.00897	0.00270	0.00534	0.03717	0.00751	0.00858
91	0.01793	0.06476	0.13669	0.02785	0.03529	0.04486	0.43698	0.02394	0.01754	0.02366	0.01612	0.05486	0.01324	0.00793	0.00933	0.00257	0.04354	0.00874	0.00394	0.01022
92	0.03296	0.01360	0.01794	0.01403	0.01984	0.01232	0.01150	0.03819	0.09785	0.60778	0.03070	0.02669	0.01972	0.00971	0.00781	0.00243	0.00654	0.00791	0.00940	0.01309
93	0.02764	0.01367	0.01705	0.01396	0.01903	0.01332	0.01123	0.03636	0.21410	0.42069	0.09909	0.03049	0.02624	0.01053	0.00797	0.00247	0.00615	0.00875	0.00897	0.01230
94	0.00945	0.00675	0.00900	0.01080	0.01125	0.00630	0.00720	0.01080	0.01484	0.01979	0.04274	0.72245	0.05128	0.02429	0.00990	0.00315	0.00450	0.02204	0.00720	0.00630
95	0.02878	0.01817	0.02056	0.01610	0.02182	0.01928	0.01318	0.39337	0.09474	0.21310	0.06117	0.02397	0.01929	0.00988	0.00786	0.00238	0.00750	0.00778	0.00830	0.01276
96	0.01615	0.01354	0.02389	0.04338	0.02357	0.01381	0.25052	0.02074	0.01659	0.02608	0.01983	0.02447	0.01556	0.00847	0.00880	0.00229	0.07423	0.00790	0.38158	0.00861
97	0.04495	0.00977	0.01192	0.01130	0.01389	0.00933	0.00850	0.04563	0.05197	0.10611	0.22405	0.25680	0.09375	0.01687	0.00883	0.00265	0.00491	0.03224	0.00774	0.03877
98	0.01664	0.03268	0.44190	0.02675	0.06245	0.01857	0.24038	0.02462	0.01708	0.02468	0.01455	0.01803	0.01058	0.00706	0.00799	0.00250	0.01192	0.00694	0.00352	0.01115
99	0.01696	0.01696	0.02375	0.02036	0.02036	0.02375	0.01696	0.01866	0.01187	0.01866	0.01018	0.01696	0.01018	0.01357	0.02545	0.00339	0.71332	0.00679	0.00339	0.00848
100	0.01833	0.06952	0.06832	0.21033	0.10456	0.01939	0.17550	0.09238	0.07989	0.02615	0.01763	0.05175	0.01424	0.00843	0.00798	0.00249	0.00996	0.00806	0.00464	0.01046
101	0.01093	0.00780	0.01069	0.01249	0.01359	0.00757	0.00977	0.01335	0.01630	0.02145	0.04192	0.41419	0.04805	0.02290	0.01029	0.00335	0.00578	0.31570	0.00717	0.00671
102	0.13667	0.08458	0.06892	0.03234	0.34656	0.12172	0.05411	0.02478	0.01742	0.02512	0.01330	0.01673	0.01096	0.00710	0.00696	0.00224	0.00971	0.00602	0.00393	0.01084
103	0.70039	0.01661	0.01261	0.01115	0.01597	0.05716	0.00910	0.05521	0.01488	0.03458	0.01126	0.01298	0.00873	0.00735	0.00508	0.00237	0.00659	0.00439	0.00490	0.00867
104	0.01159	0.00960	0.01521	0.01431	0.01626	0.00908	0.10762	0.03819	0.01639	0.02179	0.03966	0.54804	0.07991	0.02067	0.00965	0.00300	0.00596	0.01912	0.00671	0.00723
105	0.01916	0.01874	0.03030	0.10920	0.59285	0.04616	0.02322	0.02371	0.01763	0.02455	0.01440	0.01912	0.01200	0.00703	0.00766	0.00232	0.00951	0.00683	0.00381	0.01180
106	0.00945	0.00675	0.00900	0.01080	0.01125	0.00630	0.00720	0.01080	0.01484	0.01979	0.04274	0.72245	0.05128	0.02429	0.00990	0.00315	0.00450	0.02204	0.00720	0.00630
107	0.01464	0.01378	0.02326	0.70887	0.05340	0.01723	0.02153	0.01981	0.01550	0.01981	0.01378	0.02067	0.01034	0.00775	0.00775	0.00258	0.01034	0.00689	0.00345	0.00861
108	0.01086	0.00792	0.01021	0.00964	0.01152	0.00727	0.00723	0.01442	0.02168	0.03047	0.63836	0.05895	0.11024	0.01608	0.00915	0.00245	0.00367	0.01417	0.00845	0.00727
109	0.01919	0.01842	0.03147	0.04759	0.67914	0.01842	0.02380	0.02380	0.01765	0.02533	0.01458	0.01919	0.01228	0.00691	0.00768	0.00230	0.00921	0.00691	0.00384	0.01228
110	0.01730	0.01419	0.01801	0.01292	0.01982	0.01097	0.04880	0.02091	0.01657	0.06352	0.01487	0.01697	0.01195	0.00601	0.00607	0.00131	0.00624	0.00506	0.00484	0.68365
111	0.01464	0.01378	0.02326	0.70887	0.05340	0.01723	0.02153	0.01981	0.01550	0.01981	0.01378	0.02067	0.01034	0.00775	0.00775	0.00258	0.01034	0.00689	0.00345	0.00861
112	0.01555	0.04011	0.68733	0.02210	0.03356	0.01801	0.02865	0.02455	0.01637	0.02455	0.01391	0.01637	0.00982	0.00737	0.00737	0.00246	0.01146	0.00573	0.00327	0.01146
113	0.01940	0.01843	0.02872	0.15754	0.48431	0.04305	0.02213	0.06270	0.04132	0.02585	0.01520	0.01956	0.01232	0.00737	0.00768	0.00235	0.00943	0.00691	0.00416	0.01159
114	0.01919	0.01842	0.03147	0.04759	0.67914	0.01842	0.02380	0.02380	0.01765	0.02533	0.01458	0.01919	0.01228	0.00691	0.00768	0.00230	0.00921	0.00691	0.00384	0.01228
115	0.01664	0.11880	0.58909	0.02102	0.03165	0.04453	0.02639	0.02464	0.01651	0.02363	0.01349	0.01583	0.00984	0.00731	0.00708	0.00235	0.01119	0.00552	0.00331	0.01120
116	0.01128	0.00752	0.00846	0.00846	0.00846	0.00752	0.00470	0.01128	0.01128	0.01503	0.02443	0.05074	0.02819	0.72751	0.03946	0.00752	0.00752	0.01128	0.00470	0.00470
117	0.01899	0.01822	0.03111	0.07633	0.65194	0.01837	0.02370	0.02362	0.01756	0.02509	0.01455	0.01925	0.01220	0.00695	0.00768	0.00232	0.00926	0.00691	0.00382	0.01212
118	0.00987	0.00707	0.00951	0.01082	0.01145	0.00689	0.00739	0.01146	0.01472	0.01991	0.07535	0.54897	0.04682	0.07164	0.10455	0.00464	0.00684	0.01906	0.00671	0.00634
119	0.01569	0.00958	0.01099	0.00988	0.01326	0.00848	0.00767	0.01928	0.05798	0.17043	0.13640	0.05916	0.41875	0.01640	0.00878	0.00255	0.00462	0.01372	0.00793	0.00846
120	0.01803	0.01469	0.01679	0.01275	0.01882	0.01282	0.01014	0.13494	0.04589	0.02934	0.01808	0.08286	0.01599	0.00831	0.00658	0.00161	0.00615	0.00682	0.00555	0.53386
121	0.01892	0.06081	0.03137	0.09829	0.58972	0.01906	0.02298	0.02344	0.01737	0.02447	0.01429	0.01890	0.01199	0.00696	0.00752	0.00229	0.00925	0.00674	0.00378	0.01185
122	0.14631	0.01741	0.02735	0.07941	0.46689	0.01778	0.04604	0.02319	0.01672	0.02655	0.01390	0.01808	0.01145	0.00693	0.00715	0.00229	0.00871	0.00642	0.00402	0.05341
123	0.01910	0.01797	0.02972	0.09150	0.57246	0.01811	0.02247	0.04796	0.01815	0.02586	0.01464	0.01910	0.01213	0.00700	0.00758	0.00226	0.00907	0.00678	0.00401	0.05414

[dist]
# distance from previous block
# <min> <max>
5	8

[block]
# block no. 2 follows, 25 sequences, length 93
# corresponding to MSA columns:
# 413-462,468,486-527
name=unknown_C
#
# <colnr> <probs for GDERKNQSTAVLIFYWHMCP>
#	G	D	E	R	K	N	Q	S	T	A	V	L	I	F	Y	W	H	M	C	P
0	0.01423	0.01627	0.07907	0.04762	0.02703	0.01418	0.26682	0.01878	0.01689	0.02247	0.03361	0.09534	0.16838	0.01588	0.05771	0.00342	0.04126	0.04730	0.00505	0.00870
1	0.02012	0.01603	0.01575	0.01354	0.01733	0.09715	0.01063	0.19285	0.05251	0.08120	0.19070	0.04184	0.14644	0.03761	0.00944	0.00260	0.00687	0.03044	0.00741	0.00955
2	0.01031	0.00738	0.00935	0.01026	0.01105	0.00685	0.00676	0.01158	0.01442	0.01953	0.06429	0.50121	0.04471	0.18131	0.01629	0.00399	0.00521	0.01825	0.00654	0.05072
3	0.01898	0.43598	0.29408	0.01697	0.02541	0.04893	0.01937	0.02401	0.01621	0.02075	0.01205	0.01404	0.00990	0.00697	0.00599	0.00198	0.00973	0.00480	0.00332	0.01051
4	0.01589	0.01514	0.02540	0.41480	0.15891	0.01743	0.07249	0.02186	0.06116	0.02205	0.01685	0.06169	0.01411	0.00891	0.00876	0.00261	0.04024	0.00809	0.00408	0.00954
5	0.00944	0.00679	0.00896	0.01070	0.01122	0.00631	0.00715	0.01081	0.01494	0.01983	0.04396	0.70027	0.07267	0.02413	0.00987	0.00313	0.00448	0.02185	0.00720	0.00631
6	0.02333	0.02208	0.02627	0.07401	0.31184	0.13591	0.01900	0.19411	0.06378	0.03064	0.01623	0.01885	0.01272	0.00801	0.00760	0.00229	0.00972	0.00672	0.00514	0.01173
7	0.01577	0.01442	0.02122	0.01693	0.04259	0.01336	0.10839	0.01931	0.01532	0.02309	0.01502	0.02025	0.01309	0.04109	0.10197	0.00342	0.09019	0.00636	0.00427	0.41395
8	0.01869	0.19464	0.41555	0.02043	0.02982	0.05071	0.07764	0.02533	0.01698	0.06131	0.01424	0.01635	0.01057	0.00728	0.00698	0.00226	0.01071	0.00575	0.00374	0.01102
9	0.00945	0.00675	0.00900	0.01080	0.01125	0.00630	0.00720	0.01080	0.01484	0.01979	0.04274	0.72245	0.05128	0.02429	0.00990	0.00315	0.00450	0.02204	0.00720	0.00630
10	0.01445	0.00723	0.00723	0.00723	0.00903	0.00723	0.00542	0.01807	0.01626	0.02891	0.02529	0.02891	0.01987	0.00903	0.00542	0.00181	0.00361	0.00723	0.77055	0.00723
11	0.01778	0.02055	0.06312	0.03216	0.08381	0.01872	0.55043	0.02396	0.01800	0.02458	0.01708	0.06026	0.01397	0.00759	0.00903	0.00262	0.01226	0.00961	0.00408	0.01038
12	0.01940	0.01071	0.01465	0.01327	0.01640	0.01012	0.03770	0.02403	0.09298	0.24074	0.07196	0.34475	0.03702	0.01660	0.00890	0.00278	0.00571	0.01480	0.00800	0.00950
13	0.09543	0.01496	0.01668	0.01363	0.01873	0.05269	0.01099	0.08381	0.06302	0.31141	0.07152	0.05756	0.02274	0.01040	0.00754	0.00232	0.00673	0.03141	0.00770	0.10074
14	0.02880	0.02175	0.02252	0.01747	0.02339	0.05260	0.01434	0.59861	0.03495	0.04670	0.01862	0.01886	0.01334	0.00924	0.00762	0.00229	0.00856	0.00690	0.04070	0.01274
15	0.01097	0.00793	0.01036	0.00975	0.01158	0.00732	0.00732	0.01463	0.02195	0.03109	0.67505	0.05792	0.07316	0.01585	0.00914	0.00244	0.00366	0.01402	0.00854	0.00732
16	0.02550	0.25651	0.07026	0.01748	0.02292	0.37867	0.01502	0.02882	0.04081	0.05828	0.01345	0.01486	0.01095	0.00769	0.00645	0.00196	0.01132	0.00506	0.00419	0.00981
17	0.05750	0.02709	0.35321	0.01796	0.02664	0.01546	0.02004	0.05442	0.01944	0.30091	0.02091	0.02047	0.01380	0.00836	0.00745	0.00242	0.00908	0.00657	0.00615	0.01212
18	0.01830	0.02092	0.04575	0.03268	0.04052	0.01961	0.65098	0.02484	0.01830	0.02484	0.01569	0.02092	0.01176	0.00654	0.00915	0.00261	0.01307	0.00915	0.00392	0.01046
19	0.01210	0.00880	0.01195	0.01353	0.01541	0.00865	0.01172	0.01549	0.01783	0.02294	0.04545	0.08595	0.11869	0.02121	0.01053	0.00346	0.00676	0.55532	0.00715	0.00707
20	0.01750	0.01891	0.03824	0.06123	0.11643	0.01884	0.43752	0.02289	0.01722	0.02371	0.01680	0.06915	0.01436	0.00857	0.01058	0.00269	0.08172	0.00943	0.00407	0.01012
21	0.01472	0.01289	0.01953	0.10076	0.18985	0.01456	0.01500	0.01819	0.03566	0.02061	0.02047	0.07939	0.02044	0.13583	0.12366	0.00508	0.11534	0.04503	0.00448	0.00851
22	0.01068	0.00789	0.01010	0.01044	0.01216	0.00731	0.00800	0.01364	0.01925	0.02599	0.34932	0.18006	0.16629	0.01896	0.00956	0.00280	0.00449	0.12824	0.00782	0.00698
23	0.01112	0.00928	0.03970	0.01033	0.01253	0.00775	0.00824	0.01493	0.02146	0.03042	0.62471	0.07886	0.06966	0.01577	0.00909	0.00246	0.00403	0.01394	0.00826	0.00746
24	0.04461	0.07767	0.56769	0.02272	0.06040	0.01881	0.05436	0.02439	0.01636	0.02461	0.01372	0.01632	0.00997	0.00726	0.00722	0.00241	0.01105	0.00578	0.00339	0.01125
25	0.01755	0.01532	0.02334	0.40763	0.04052	0.01770	0.06953	0.13953	0.05421	0.02653	0.01901	0.06536	0.01601	0.00983	0.00817	0.00263	0.00948	0.04309	0.00496	0.00960
26	0.01080	0.00732	0.00860	0.00907	0.00919	0.00720	0.00535	0.01115	0.01221	0.01628	0.02922	0.22666	0.03424	0.54334	0.03172	0.00637	0.00673	0.01410	0.00535	0.00512
27	0.01795	0.02339	0.12847	0.03132	0.03962	0.01940	0.57074	0.02480	0.01805	0.02480	0.01546	0.02033	0.01151	0.00664	0.00892	0.00259	0.01286	0.00871	0.00384	0.01059
28	0.00945	0.00675	0.00900	0.01080	0.01125	0.00630	0.00720	0.01080	0.01484	0.01979	0.04274	0.72245	0.05128	0.02429	0.00990	0.00315	0.00450	0.02204	0.00720	0.00630
29	0.42522	0.01900	0.01751	0.01607	0.06561	0.06696	0.01206	0.23335	0.02187	0.03771	0.01375	0.01516	0.01038	0.00793	0.00614	0.00234	0.00762	0.00537	0.00566	0.01031
30	0.01667	0.20985	0.50404	0.01949	0.02942	0.02076	0.02411	0.02388	0.01641	0.02322	0.03621	0.01685	0.01206	0.00748	0.00684	0.00226	0.01040	0.00563	0.00347	0.01094
31	0.02867	0.03339	0.02228	0.01958	0.02387	0.54577	0.01500	0.14984	0.02442	0.02469	0.01320	0.01497	0.01061	0.00842	0.00773	0.00211	0.03555	0.00543	0.00470	0.00978
32	0.01636	0.14867	0.58589	0.02071	0.03142	0.01999	0.02623	0.02435	0.01627	0.02356	0.01342	0.01575	0.00984	0.00725	0.00699	0.00233	0.01096	0.00548	0.00328	0.01122
33	0.01873	0.01773	0.02997	0.18959	0.47157	0.01854	0.05605	0.05853	0.01828	0.02543	0.01470	0.01957	0.01188	0.00721	0.00778	0.00238	0.00962	0.00703	0.00398	0.01143
34	0.02109	0.07049	0.02981	0.03860	0.48410	0.10222	0.02092	0.06209	0.04980	0.02577	0.01504	0.01851	0.01243	0.00733	0.00742	0.00224	0.00954	0.00658	0.00424	0.01177
35	0.08140	0.01353	0.01677	0.01344	0.01859	0.01293	0.01092	0.08574	0.07767	0.42915	0.12733	0.02983	0.02661	0.01045	0.00780	0.00242	0.00623	0.00852	0.00880	0.01188
36	0.01464	0.01378	0.02326	0.70887	0.05340	0.01723	0.02153	0.01981	0.01550	0.01981	0.01378	0.02067	0.01034	0.00775	0.00775	0.00258	0.01034	0.00689	0.00345	0.00861
37	0.19549	0.12014	0.24648	0.01727	0.02472	0.04871	0.05315	0.06619	0.04098	0.07352	0.01577	0.03776	0.01225	0.00812	0.00669	0.00234	0.00905	0.00616	0.00471	0.01050
38	0.00945	0.00675	0.00900	0.01080	0.01125	0.00630	0.00720	0.01080	0.01484	0.01979	0.04274	0.72245	0.05128	0.02429	0.00990	0.00315	0.00450	0.02204	0.00720	0.00630
39	0.00975	0.00695	0.00918	0.01055	0.01119	0.00650	0.00712	0.01139	0.01576	0.02129	0.13651	0.59647	0.05364	0.05094	0.01096	0.00322	0.00449	0.02042	0.00730	0.00639
40	0.01195	0.00815	0.01041	0.00978	0.01187	0.00740	0.00735	0.01528	0.02116	0.06406	0.54280	0.08467	0.14317	0.01632	0.00911	0.00249	0.00388	0.01430	0.00838	0.00749
41	0.01884	0.02369	0.15661	0.03075	0.08255	0.01876	0.46001	0.02547	0.01814	0.06322	0.01616	0.02031	0.01189	0.00689	0.00865	0.00255	0.01214	0.00831	0.00413	0.01092
42	0.00966	0.00690	0.00924	0.01104	0.01158	0.00648	0.00757	0.01116	0.01505	0.02003	0.04262	0.67823	0.05082	0.02409	0.00995	0.00318	0.00468	0.06416	0.00719	0.00636
43	0.00956	0.00683	0.00913	0.01092	0.01142	0.00639	0.00739	0.01099	0.01496	0.01992	0.04267	0.69902	0.05104	0.02419	0.00993	0.00316	0.00460	0.04436	0.00720	0.00633
44	0.01815	0.02193	0.07978	0.03212	0.04015	0.01952	0.61797	0.02482	0.01820	0.02482	0.01559	0.02067	0.01166	0.00658	0.00906	0.00261	0.01299	0.00897	0.00389	0.01051
45	0.01555	0.04011	0.68733	0.02210	0.03356	0.01801	0.02865	0.02455	0.01637	0.02455	0.01391	0.01637	0.00982	0.00737	0.00737	0.00246	0.01146	0.00573	0.00327	0.01146
46	0.01091	0.00792	0.01027	0.00968	0.01154	0.00729	0.00726	0.01450	0.02179	0.03072	0.65304	0.05853	0.09540	0.01599	0.00915	0.00245	0.00367	0.01411	0.00849	0.00729
47	0.01120	0.00748	0.00848	0.00856	0.00858	0.00746	0.00481	0.01125	0.01143	0.01524	0.02523	0.08000	0.02919	0.69688	0.03818	0.00733	0.00739	0.01174	0.00481	0.00477
48	0.01533	0.01318	0.01361	0.01244	0.01558	0.05211	0.00953	0.04955	0.24471	0.02984	0.28610	0.04659	0.15231	0.01393	0.00853	0.00251	0.00536	0.01179	0.00779	0.00923
49	0.01555	0.04011	0.68733	0.02210	0.03356	0.01801	0.02865	0.02455	0.01637	0.02455	0.01391	0.01637	0.00982	0.00737	0.00737	0.00246	0.01146	0.00573	0.00327	0.01146
50	0.01128	0.00752	0.00846	0.00846	0.00846	0.00752	0.00470	0.01128	0.01128	0.01503	0.02443	0.05074	0.02819	0.72751	0.03946	0.00752	0.00752	0.01128	0.00470	0.00470
51	0.01093	0.00737	0.00856	0.00890	0.00898	0.00729	0.00517	0.01118	0.01195	0.01593	0.02789	0.17783	0.03256	0.59446	0.03387	0.00669	0.00695	0.01331	0.00517	0.00500
52	0.01608	0.01378	0.01608	0.01148	0.01837	0.01034	0.00919	0.01952	0.01608	0.02527	0.01378	0.01608	0.01148	0.00574	0.00574	0.00115	0.00574	0.00459	0.00459	0.77491
53	0.02000	0.63447	0.13193	0.01451	0.02183	0.02889	0.01544	0.02341	0.01584	0.01913	0.01122	0.01299	0.00993	0.00674	0.00531	0.00177	0.00874	0.00437	0.00331	0.01016
54	0.02289	0.01537	0.01624	0.01319	0.01746	0.01667	0.01065	0.37481	0.02760	0.04012	0.02154	0.02313	0.01612	0.00919	0.00673	0.00210	0.00638	0.00709	0.34217	0.01057
55	0.01803	0.02171	0.08811	0.06261	0.10081	0.01928	0.52127	0.02450	0.01798	0.02465	0.01538	0.02043	0.01162	0.00668	0.00883	0.00257	0.01248	0.00860	0.00385	0.01062
56	0.00938	0.00786	0.00816	0.00809	0.01061	0.00664	0.00606	0.01155	0.01819	0.02218	0.15111	0.07259	0.60266	0.01918	0.00916	0.00260	0.00389	0.01608	0.00736	0.00664
57	0.00983	0.00714	0.00917	0.01021	0.01113	0.00659	0.00700	0.01168	0.01649	0.02215	0.18286	0.49070	0.11072	0.05267	0.01096	0.00314	0.00440	0.01932	0.00738	0.00647
58	0.01813	0.01322	0.01585	0.01175	0.01807	0.01020	0.00935	0.02137	0.01681	0.11332	0.01804	0.06625	0.01527	0.00754	0.00630	0.00145	0.00577	0.00623	0.00544	0.61964
59	0.01128	0.00752	0.00846	0.00846	0.00846	0.00752	0.00470	0.01128	0.01128	0.01503	0.02443	0.05074	0.02819	0.72751	0.03946	0.00752	0.00752	0.01128	0.00470	0.00470
60	0.78228	0.01499	0.01140	0.01020	0.01499	0.01739	0.00840	0.02279	0.01320	0.03479	0.01080	0.01260	0.00840	0.00720	0.00480	0.00240	0.00600	0.00420	0.00480	0.00840
61	0.02947	0.02172	0.02327	0.01784	0.02404	0.02404	0.01474	0.65329	0.03646	0.04887	0.01862	0.01862	0.01319	0.00931	0.00776	0.00233	0.00853	0.00698	0.00776	0.01319
62	0.02877	0.02137	0.02287	0.01770	0.02377	0.02371	0.01457	0.61067	0.08023	0.04772	0.01952	0.01933	0.01392	0.00939	0.00777	0.00235	0.00837	0.00711	0.00777	0.01312
63	0.01085	0.00792	0.01019	0.00962	0.01151	0.00726	0.00722	0.01439	0.02165	0.03039	0.63351	0.05908	0.11514	0.01611	0.00915	0.00245	0.00368	0.01419	0.00844	0.00726
64	0.02896	0.03695	0.02197	0.01998	0.02397	0.69638	0.01498	0.03096	0.02197	0.01898	0.01199	0.01398	0.00999	0.00799	0.00699	0.00200	0.01398	0.00499	0.00400	0.00899
65	0.01966	0.01684	0.01775	0.01586	0.02031	0.01946	0.01236	0.06394	0.64178	0.03305	0.03108	0.02855	0.02328	0.01047	0.00788	0.00262	0.00623	0.00870	0.00788	0.01231
66	0.01128	0.00752	0.00846	0.00846	0.00846	0.00752	0.00470	0.01128	0.01128	0.01503	0.02443	0.05074	0.02819	0.72751	0.03946	0.00752	0.00752	0.01128	0.00470	0.00470
67	0.62713	0.16110	0.01735	0.01082	0.01599	0.02010	0.00939	0.02288	0.01372	0.03142	0.01079	0.01256	0.00871	0.00708	0.00483	0.00225	0.00647	0.00419	0.00450	0.00871
68	0.00961	0.00781	0.00842	0.00836	0.01064	0.00673	0.00618	0.01181	0.01816	0.02267	0.19275	0.09490	0.50828	0.04657	0.01037	0.00279	0.00404	0.01592	0.00737	0.00662
69	0.01710	0.01736	0.02596	0.02159	0.02238	0.02333	0.08061	0.01928	0.01252	0.01928	0.01073	0.01736	0.01034	0.01286	0.02381	0.00331	0.64302	0.00702	0.00345	0.00868
70	0.02966	0.02206	0.02301	0.01778	0.02388	0.05334	0.01462	0.60180	0.03526	0.07224	0.01879	0.01871	0.01328	0.00926	0.00772	0.00232	0.00870	0.00692	0.00766	0.01300
71	0.01445	0.00723	0.00723	0.00723	0.00903	0.00723	0.00542	0.01807	0.01626	0.02891	0.02529	0.02891	0.01987	0.00903	0.00542	0.00181	0.00361	0.00723	0.77055	0.00723
72	0.02073	0.73217	0.04063	0.01327	0.01990	0.03068	0.01327	0.02322	0.01575	0.01824	0.01078	0.01244	0.00995	0.00663	0.00498	0.00166	0.00829	0.00415	0.00332	0.00995
73	0.00966	0.00690	0.00924	0.01104	0.01158	0.00648	0.00757	0.01116	0.01505	0.02003	0.04262	0.67823	0.05082	0.02409	0.00995	0.00318	0.00468	0.06416	0.00719	0.00636
74	0.02073	0.73217	0.04063	0.01327	0.01990	0.03068	0.01327	0.02322	0.01575	0.01824	0.01078	0.01244	0.00995	0.00663	0.00498	0.00166	0.00829	0.00415	0.00332	0.00995
75	0.00945	0.00675	0.00900	0.01080	0.01125	0.00630	0.00720	0.01080	0.01484	0.01979	0.04274	0.72245	0.05128	0.02429	0.00990	0.00315	0.00450	0.02204	0.00720	0.00630
76	0.01105	0.00756	0.00874	0.00873	0.00915	0.00739	0.00527	0.01176	0.01337	0.01798	0.12729	0.08273	0.06676	0.55401	0.03208	0.00631	0.00662	0.01241	0.00551	0.00526
77	0.00945	0.00675	0.00900	0.01080	0.01125	0.00630	0.00720	0.01080	0.01484	0.01979	0.04274	0.72245	0.05128	0.02429	0.00990	0.00315	0.00450	0.02204	0.00720	0.00630
78	0.02073	0.73217	0.04063	0.01327	0.01990	0.03068	0.01327	0.02322	0.01575	0.01824	0.01078	0.01244	0.00995	0.00663	0.00498	0.00166	0.00829	0.00415	0.00332	0.00995
79	0.00943	0.00680	0.00895	0.01067	0.01121	0.00631	0.00714	0.01081	0.01497	0.01984	0.04432	0.69374	0.07896	0.02409	0.00986	0.00313	0.00447	0.02179	0.00720	0.00631
80	0.01575	0.08382	0.62543	0.02124	0.03209	0.01858	0.02709	0.02415	0.01621	0.02395	0.01392	0.01654	0.01012	0.00884	0.02781	0.00270	0.01153	0.00570	0.00330	0.01123
81	0.02771	0.03472	0.02272	0.02192	0.06942	0.61732	0.01569	0.02988	0.02119	0.01940	0.01208	0.01449	0.01016	0.00818	0.00791	0.00208	0.04677	0.00521	0.00396	0.00919
82	0.01929	0.01666	0.01753	0.01578	0.02016	0.01929	0.01227	0.04120	0.66513	0.03243	0.03156	0.02893	0.02367	0.01052	0.00789	0.00263	0.00614	0.00877	0.00789	0.01227
83	0.01893	0.01816	0.03101	0.08493	0.64380	0.01836	0.02367	0.02357	0.01753	0.02502	0.01454	0.01927	0.01217	0.00696	0.00768	0.00232	0.00927	0.00691	0.00382	0.01207
84	0.01630	0.01053	0.01291	0.01172	0.01477	0.01036	0.00916	0.02330	0.14800	0.13248	0.35513	0.05064	0.10305	0.01451	0.00879	0.00256	0.00486	0.05341	0.00837	0.00914
85	0.01128	0.00752	0.00846	0.00846	0.00846	0.00752	0.00470	0.01128	0.01128	0.01503	0.02443	0.05074	0.02819	0.72751	0.03946	0.00752	0.00752	0.01128	0.00470	0.00470
86	0.01830	0.02092	0.04575	0.03268	0.04052	0.01961	0.65098	0.02484	0.01830	0.02484	0.01569	0.02092	0.01176	0.00654	0.00915	0.00261	0.01307	0.00915	0.00392	0.01046
87	0.03398	0.01531	0.01869	0.01451	0.02041	0.05122	0.01190	0.09291	0.02347	0.58960	0.02846	0.02499	0.01813	0.00948	0.00775	0.00237	0.00719	0.00757	0.00911	0.01296
88	0.01609	0.01588	0.02757	0.42108	0.12250	0.01876	0.11147	0.02083	0.01559	0.02102	0.01358	0.01993	0.01075	0.00841	0.01077	0.00268	0.12302	0.00720	0.00355	0.00930
89	0.06864	0.01363	0.01764	0.01382	0.01960	0.01247	0.01134	0.03742	0.08598	0.58862	0.02975	0.02599	0.01913	0.00958	0.00766	0.00242	0.00652	0.00772	0.00920	0.01288
90	0.01837	0.01759	0.02999	0.16682	0.56632	0.01821	0.02339	0.02308	0.01727	0.02434	0.01444	0.01946	0.01193	0.00706	0.00769	0.00235	0.00941	0.00691	0.00377	0.01162
91	0.02580	0.02083	0.02215	0.02030	0.08850	0.08241	0.01498	0.36535	0.14466	0.06232	0.02163	0.02427	0.01668	0.00986	0.00787	0.00242	0.00852	0.04215	0.00708	0.01221
92	0.02540	0.01962	0.02043	0.01665	0.02187	0.04550	0.01334	0.37587	0.24282	0.06292	0.02336	0.02366	0.01747	0.04368	0.00928	0.00266	0.00782	0.00773	0.00758	0.01233

[dist]
# distance from previous block
# <min> <max>
1	3

[block]
# block no. 3 follows, 25 sequences, length 30
# corresponding to MSA columns:
# 531-546,554-567
name=unknown_D
#
# <colnr> <probs for GDERKNQSTAVLIFYWHMCP>
#	G	D	E	R	K	N	Q	S	T	A	V	L	I	F	Y	W	H	M	C	P
0	0.01822	0.02031	0.04316	0.06644	0.10924	0.01937	0.55415	0.02449	0.01810	0.02465	0.01548	0.02072	0.01175	0.00663	0.00893	0.00258	0.01253	0.00880	0.00389	0.01056
1	0.02657	0.01480	0.01906	0.01774	0.08995	0.01442	0.01275	0.05347	0.19431	0.34754	0.04921	0.02634	0.02071	0.00946	0.00770	0.00235	0.00665	0.00790	0.00805	0.07101
2	0.60635	0.01620	0.04933	0.01158	0.01688	0.01673	0.01008	0.02573	0.04556	0.11923	0.01455	0.01539	0.01062	0.00768	0.00548	0.00241	0.00638	0.00497	0.00549	0.00938
3	0.01586	0.08148	0.64867	0.02157	0.03274	0.01876	0.02773	0.02447	0.01633	0.02418	0.01373	0.01613	0.00983	0.00732	0.00722	0.00241	0.01127	0.00563	0.00328	0.01137
4	0.46017	0.01836	0.01418	0.01275	0.01650	0.14505	0.01017	0.02329	0.01510	0.02933	0.01281	0.01541	0.01035	0.00826	0.00749	0.00235	0.08264	0.00501	0.10240	0.00837
5	0.01577	0.01522	0.02137	0.01787	0.02205	0.08458	0.16156	0.01974	0.01859	0.02451	0.12743	0.08438	0.03286	0.01331	0.00887	0.00260	0.00835	0.18662	0.00587	0.12847
6	0.02600	0.01915	0.02085	0.01653	0.02185	0.02093	0.01337	0.51803	0.05691	0.04306	0.02099	0.08537	0.01713	0.01147	0.00895	0.03843	0.00788	0.00838	0.00740	0.03733
7	0.01816	0.38883	0.36147	0.01765	0.02668	0.02439	0.02090	0.02388	0.01606	0.02137	0.01233	0.01439	0.00989	0.00700	0.00616	0.00205	0.00986	0.00493	0.00330	0.01070
8	0.02073	0.73217	0.04063	0.01327	0.01990	0.03068	0.01327	0.02322	0.01575	0.01824	0.01078	0.01244	0.00995	0.00663	0.00498	0.00166	0.00829	0.00415	0.00332	0.00995
