[name]
unknown

[dist]
# distance from previous block
# <min> <max>
0	91

[block]
# block no. 0 follows, 20 sequences, length 26
# corresponding to MSA columns:
# 92-117
name=unknown_A
#
# <colnr> <probs for GDERKNQSTAVLIFYWHMCP>
#	G	D	E	R	K	N	Q	S	T	A	V	L	I	F	Y	W	H	M	C	P
0	0.01406	0.01004	0.01406	0.01606	0.01807	0.01004	0.01406	0.01807	0.02008	0.02610	0.04618	0.09839	0.05020	0.02410	0.01205	0.00402	0.00803	0.58032	0.00803	0.00803
1	0.01962	0.07010	0.54811	0.02387	0.03582	0.02167	0.02962	0.09760	0.02110	0.03062	0.01614	0.01853	0.01151	0.00852	0.00823	0.00271	0.01235	0.00654	0.00429	0.01305
2	0.02501	0.01872	0.02095	0.01696	0.02116	0.02092	0.01334	0.34073	0.02870	0.03933	0.02157	0.03020	0.01893	0.18226	0.01987	0.00415	0.08928	0.00895	0.03983	0.03916
3	0.01389	0.00987	0.01195	0.01250	0.01368	0.00987	0.00847	0.08587	0.01874	0.02502	0.03984	0.45572	0.04624	0.18362	0.01875	0.00460	0.00643	0.01983	0.00751	0.00761
4	0.01138	0.00840	0.01108	0.01251	0.01293	0.00845	0.00846	0.01275	0.01604	0.02159	0.04351	0.57593	0.05193	0.10111	0.01593	0.00411	0.04693	0.02238	0.00752	0.00704
5	0.02407	0.02510	0.02832	0.06015	0.32938	0.19938	0.02080	0.06304	0.02201	0.02683	0.02094	0.02470	0.05784	0.01052	0.00987	0.04127	0.01130	0.00792	0.00487	0.01170
6	0.03316	0.02443	0.02618	0.02007	0.02705	0.02705	0.01658	0.60995	0.04101	0.05497	0.02094	0.02094	0.01483	0.01047	0.00873	0.00262	0.00960	0.00785	0.00873	0.01483
7	0.02031	0.01788	0.02449	0.01766	0.02549	0.01518	0.10820	0.09366	0.02125	0.03154	0.01651	0.01932	0.01320	0.00709	0.00736	0.00172	0.00818	0.00632	0.00547	0.53918
8	0.01381	0.00986	0.01377	0.01578	0.01768	0.00983	0.01363	0.01765	0.01984	0.02583	0.04632	0.14077	0.05074	0.02433	0.01198	0.00398	0.00782	0.54038	0.00804	0.00796
9	0.02159	0.02073	0.03541	0.05354	0.63903	0.02073	0.02677	0.02677	0.01986	0.02850	0.01641	0.02159	0.01382	0.00777	0.00864	0.00259	0.01036	0.00777	0.00432	0.01382
10	0.01104	0.00815	0.01126	0.05904	0.01602	0.00796	0.00924	0.01287	0.01675	0.02227	0.04576	0.64056	0.05442	0.02601	0.01096	0.00350	0.00553	0.02359	0.00780	0.00727
11	0.01151	0.00849	0.01077	0.01104	0.01273	0.00775	0.00796	0.01454	0.02149	0.02935	0.37202	0.26357	0.15367	0.02143	0.01056	0.00302	0.00446	0.01899	0.00891	0.00775
12	0.01078	0.00771	0.01026	0.01204	0.01269	0.00719	0.00811	0.01254	0.01743	0.02343	0.10167	0.63084	0.05994	0.02646	0.01106	0.00347	0.00497	0.02397	0.00823	0.00719
13	0.01122	0.00784	0.00995	0.01138	0.01174	0.00748	0.00728	0.01230	0.01554	0.02072	0.04212	0.50536	0.05018	0.21997	0.02075	0.00496	0.00604	0.02129	0.00728	0.00656
14	0.02634	0.01882	0.09404	0.01650	0.02270	0.01586	0.01463	0.03755	0.22174	0.27113	0.08965	0.03628	0.07098	0.01227	0.00899	0.00281	0.00740	0.01016	0.00901	0.01315
15	0.08817	0.01445	0.01893	0.01482	0.02104	0.01289	0.01216	0.03893	0.02421	0.54605	0.08735	0.03180	0.02624	0.01124	0.00867	0.00270	0.00707	0.00912	0.01030	0.01386
16	0.01528	0.00764	0.01097	0.01097	0.01122	0.00764	0.00740	0.01244	0.01220	0.01724	0.01675	0.02724	0.01602	0.02788	0.03072	0.65670	0.00715	0.00764	0.09256	0.00431
17	0.01069	0.00789	0.00983	0.01134	0.01229	0.00722	0.00764	0.01225	0.01707	0.02219	0.05467	0.53095	0.16890	0.06741	0.01303	0.00373	0.00514	0.02280	0.00792	0.00703
18	0.02629	0.01891	0.02078	0.01688	0.02153	0.02074	0.01319	0.38173	0.07565	0.04150	0.02230	0.02866	0.01859	0.12779	0.01835	0.11040	0.00891	0.00877	0.00745	0.01157
19	0.02774	0.02041	0.02170	0.01736	0.02315	0.02239	0.01411	0.41914	0.10548	0.04729	0.02956	0.02930	0.07223	0.01163	0.00857	0.00262	0.00815	0.00906	0.09687	0.01324
20	0.01165	0.00837	0.01108	0.01178	0.01312	0.00780	0.00847	0.01456	0.02078	0.02868	0.33448	0.35284	0.06933	0.02252	0.01077	0.00318	0.00475	0.04933	0.00883	0.00769
21	0.01241	0.00893	0.01213	0.01407	0.01546	0.00865	0.01117	0.01527	0.01861	0.02434	0.04875	0.35335	0.07765	0.02541	0.01158	0.00377	0.00659	0.31621	0.00806	0.00759
22	0.12087	0.49524	0.03722	0.01516	0.02191	0.06042	0.01415	0.02890	0.09051	0.02496	0.01501	0.01633	0.01282	0.00814	0.00607	0.00213	0.00900	0.00534	0.00461	0.01122
23	0.01815	0.01617	0.02205	0.04696	0.02499	0.01440	0.08316	0.02550	0.10558	0.02937	0.06537	0.02530	0.02046	0.01090	0.03652	0.00248	0.00833	0.00756	0.00586	0.43089
24	0.24371	0.01093	0.01008	0.00967	0.01261	0.01188	0.00745	0.02125	0.01665	0.03292	0.02300	0.02813	0.01877	0.04535	0.05659	0.00343	0.00654	0.00738	0.42528	0.00838
25	0.02051	0.01676	0.02259	0.15374	0.15565	0.01802	0.01713	0.17126	0.04259	0.03331	0.03279	0.08034	0.11868	0.01266	0.00894	0.00276	0.00850	0.01081	0.06166	0.01130

[dist]
# distance from previous block
# <min> <max>
0	6

[block]
# block no. 1 follows, 20 sequences, length 13
# corresponding to MSA columns:
# 124-136
name=unknown_B
#
# <colnr> <probs for GDERKNQSTAVLIFYWHMCP>
#	G	D	E	R	K	N	Q	S	T	A	V	L	I	F	Y	W	H	M	C	P
0	0.02409	0.46603	0.09400	0.02161	0.10829	0.07253	0.01807	0.02785	0.01896	0.05737	0.01436	0.01642	0.01213	0.00787	0.00658	0.00212	0.01011	0.00554	0.00426	0.01183
1	0.01223	0.01036	0.01075	0.01039	0.01356	0.00964	0.00787	0.01805	0.11281	0.02654	0.12789	0.07443	0.49389	0.02015	0.01009	0.00293	0.00477	0.01687	0.00835	0.00843
2	0.01626	0.00813	0.00813	0.00813	0.01016	0.00813	0.00610	0.02033	0.01829	0.03252	0.02846	0.03252	0.02236	0.01016	0.00610	0.00203	0.00407	0.00813	0.74187	0.00813
3	0.05215	0.24649	0.11985	0.02543	0.13460	0.05906	0.07629	0.05917	0.02035	0.02751	0.04023	0.01974	0.01501	0.00825	0.00750	0.00231	0.01036	0.00672	0.00463	0.06435
4	0.02871	0.02258	0.02758	0.08008	0.15139	0.02480	0.01905	0.40730	0.07440	0.04576	0.02058	0.02205	0.01517	0.00988	0.00872	0.00266	0.00973	0.00797	0.00746	0.01414
5	0.01626	0.00813	0.00813	0.00813	0.01016	0.00813	0.00610	0.02033	0.01829	0.03252	0.02846	0.03252	0.02236	0.01016	0.00610	0.00203	0.00407	0.00813	0.74187	0.00813
6	0.01908	0.01908	0.02672	0.02290	0.02290	0.02672	0.01908	0.02099	0.01336	0.02099	0.01145	0.01908	0.01145	0.01527	0.02863	0.00382	0.67748	0.00763	0.00382	0.00954
7	0.02214	0.02207	0.03438	0.10183	0.15343	0.06606	0.20799	0.08150	0.07939	0.03029	0.01862	0.02254	0.01441	0.00830	0.00889	0.00259	0.01141	0.00832	0.00525	0.10058
8	0.02052	0.13290	0.02553	0.02026	0.05530	0.18116	0.04885	0.02302	0.01889	0.02226	0.02534	0.24840	0.02753	0.01568	0.01137	0.00288	0.09240	0.01272	0.00551	0.00947
9	0.03914	0.01484	0.02024	0.01552	0.02227	0.01282	0.01282	0.04251	0.02497	0.64507	0.03441	0.02969	0.02159	0.01080	0.00877	0.00270	0.00742	0.00877	0.01080	0.01484
10	0.02484	0.06179	0.02549	0.05558	0.12308	0.02284	0.01696	0.15687	0.30811	0.07039	0.02700	0.02666	0.02021	0.01043	0.00859	0.00275	0.00842	0.00863	0.00767	0.01371
11	0.01626	0.00813	0.00813	0.00813	0.01016	0.00813	0.00610	0.02033	0.01829	0.03252	0.02846	0.03252	0.02236	0.01016	0.00610	0.00203	0.00407	0.00813	0.74187	0.00813
12	0.02088	0.06718	0.16466	0.11559	0.31499	0.02176	0.02524	0.06206	0.06985	0.02926	0.01770	0.02150	0.01390	0.00847	0.00841	0.00265	0.01067	0.00747	0.00472	0.01301

[dist]
# distance from previous block
# <min> <max>
0	7

[block]
# block no. 2 follows, 20 sequences, length 54
# corresponding to MSA columns:
# 144-197
name=unknown_C
#
# <colnr> <probs for GDERKNQSTAVLIFYWHMCP>
#	G	D	E	R	K	N	Q	S	T	A	V	L	I	F	Y	W	H	M	C	P
0	0.02372	0.14809	0.08662	0.02969	0.21258	0.19915	0.02017	0.02785	0.02067	0.02512	0.05486	0.02092	0.01672	0.00902	0.00871	0.00239	0.03940	0.00691	0.00457	0.04286
1	0.12500	0.01529	0.01855	0.01635	0.05155	0.01480	0.01242	0.06817	0.07375	0.34522	0.06213	0.03531	0.09940	0.01208	0.00859	0.00274	0.00705	0.00974	0.00909	0.01278
2	0.01626	0.00813	0.00813	0.00813	0.01016	0.00813	0.00610	0.02033	0.01829	0.03252	0.02846	0.03252	0.02236	0.01016	0.00610	0.00203	0.00407	0.00813	0.74187	0.00813
3	0.01376	0.01051	0.01475	0.01815	0.11624	0.01070	0.01039	0.01546	0.01485	0.02041	0.02862	0.16097	0.03164	0.34605	0.14263	0.00759	0.01084	0.01345	0.00552	0.00748
4	0.01626	0.00813	0.00813	0.00813	0.01016	0.00813	0.00610	0.02033	0.01829	0.03252	0.02846	0.03252	0.02236	0.01016	0.00610	0.00203	0.00407	0.00813	0.74187	0.00813
5	0.02727	0.03220	0.02764	0.13300	0.18651	0.39669	0.02052	0.03082	0.02234	0.02330	0.01454	0.01840	0.01195	0.00864	0.00819	0.00244	0.01373	0.00650	0.00435	0.01098
6	0.01884	0.07428	0.02761	0.14662	0.03120	0.02175	0.07680	0.04843	0.06769	0.02511	0.01846	0.05636	0.01638	0.01636	0.06971	0.00396	0.20861	0.00873	0.00489	0.05822
7	0.75506	0.01687	0.01282	0.01147	0.01687	0.01957	0.00945	0.02564	0.01484	0.03914	0.01215	0.01417	0.00945	0.00810	0.00540	0.00270	0.00675	0.00472	0.00540	0.00945
8	0.01251	0.00915	0.01303	0.01303	0.01424	0.01036	0.00967	0.01494	0.01373	0.01951	0.02427	0.03929	0.02399	0.20366	0.52362	0.01279	0.02008	0.01008	0.00481	0.00724
9	0.02312	0.01945	0.02053	0.01804	0.02323	0.02236	0.01415	0.11658	0.55072	0.03879	0.03369	0.03110	0.02516	0.01166	0.00886	0.00292	0.00724	0.00961	0.00886	0.01393
10	0.75506	0.01687	0.01282	0.01147	0.01687	0.01957	0.00945	0.02564	0.01484	0.03914	0.01215	0.01417	0.00945	0.00810	0.00540	0.00270	0.00675	0.00472	0.00540	0.00945
11	0.02487	0.58902	0.04221	0.01618	0.02315	0.13865	0.01525	0.02757	0.01889	0.02066	0.01235	0.01428	0.01120	0.00772	0.00598	0.00193	0.01040	0.00482	0.00386	0.01101
12	0.75506	0.01687	0.01282	0.01147	0.01687	0.01957	0.00945	0.02564	0.01484	0.03914	0.01215	0.01417	0.00945	0.00810	0.00540	0.00270	0.00675	0.00472	0.00540	0.00945
13	0.01787	0.01428	0.01588	0.05311	0.02066	0.01524	0.01174	0.03098	0.30325	0.06604	0.05418	0.05369	0.25055	0.01591	0.00953	0.00298	0.00635	0.03837	0.00837	0.01099
14	0.02723	0.02680	0.02588	0.09204	0.14022	0.22427	0.01859	0.12863	0.14191	0.05769	0.02060	0.02226	0.01576	0.00961	0.00847	0.00259	0.01128	0.00755	0.00621	0.01243
15	0.01739	0.15604	0.02149	0.01396	0.01671	0.06979	0.04422	0.01984	0.04118	0.01973	0.02262	0.04018	0.02379	0.38366	0.06977	0.00637	0.01052	0.00995	0.00496	0.00782
16	0.01626	0.00813	0.00813	0.00813	0.01016	0.00813	0.00610	0.02033	0.01829	0.03252	0.02846	0.03252	0.02236	0.01016	0.00610	0.00203	0.00407	0.00813	0.74187	0.00813
17	0.02433	0.06773	0.06770	0.15806	0.06003	0.26897	0.06788	0.02847	0.02136	0.05472	0.02304	0.02584	0.07492	0.01002	0.00847	0.00256	0.01244	0.00799	0.00494	0.01053
18	0.02332	0.69869	0.04571	0.01493	0.02239	0.03451	0.01493	0.02612	0.01772	0.02052	0.01213	0.01399	0.01119	0.00746	0.00560	0.00187	0.00933	0.00466	0.00373	0.01119
19	0.02332	0.69869	0.04571	0.01493	0.02239	0.03451	0.01493	0.02612	0.01772	0.02052	0.01213	0.01399	0.01119	0.00746	0.00560	0.00187	0.00933	0.00466	0.00373	0.01119
20	0.03019	0.21109	0.03013	0.02053	0.02579	0.49748	0.01636	0.03258	0.02291	0.02114	0.01313	0.01528	0.01123	0.00860	0.00728	0.00215	0.01408	0.00537	0.00430	0.01039
21	0.01750	0.04512	0.64825	0.02486	0.03775	0.02026	0.03223	0.02762	0.01842	0.02762	0.01565	0.01842	0.01105	0.00829	0.00829	0.00276	0.01289	0.00645	0.00368	0.01289
22	0.01626	0.00813	0.00813	0.00813	0.01016	0.00813	0.00610	0.02033	0.01829	0.03252	0.02846	0.03252	0.02236	0.01016	0.00610	0.00203	0.00407	0.00813	0.74187	0.00813
23	0.02267	0.02426	0.14204	0.02891	0.03737	0.01887	0.35444	0.02929	0.02072	0.14045	0.02282	0.07706	0.01797	0.00974	0.00975	0.00292	0.01230	0.01054	0.00575	0.01214
24	0.02961	0.03613	0.02512	0.07851	0.06933	0.51034	0.01786	0.03421	0.07360	0.02315	0.01568	0.01814	0.01272	0.00912	0.00807	0.00238	0.01430	0.00629	0.00480	0.01063
25	0.01452	0.00990	0.01269	0.01168	0.01420	0.00938	0.00886	0.01993	0.06367	0.07072	0.56039	0.06096	0.07513	0.01703	0.01011	0.00275	0.00449	0.01498	0.00962	0.00898
26	0.02109	0.01820	0.01945	0.01695	0.02235	0.02002	0.01323	0.04228	0.52227	0.03514	0.03217	0.03013	0.02434	0.01094	0.00847	0.00268	0.00683	0.00908	0.00826	0.13614
27	0.02700	0.09311	0.08001	0.02266	0.02763	0.39342	0.05647	0.03027	0.02126	0.02213	0.01393	0.01755	0.01181	0.01190	0.03754	0.00301	0.10930	0.00635	0.00427	0.01037
28	0.01031	0.00884	0.00884	0.00884	0.01178	0.00736	0.00663	0.01252	0.01988	0.02356	0.08837	0.08395	0.63549	0.02209	0.01031	0.00295	0.00442	0.01841	0.00810	0.00736
29	0.01626	0.00813	0.00813	0.00813	0.01016	0.00813	0.00610	0.02033	0.01829	0.03252	0.02846	0.03252	0.02236	0.01016	0.00610	0.00203	0.00407	0.00813	0.74187	0.00813
30	0.75506	0.01687	0.01282	0.01147	0.01687	0.01957	0.00945	0.02564	0.01484	0.03914	0.01215	0.01417	0.00945	0.00810	0.00540	0.00270	0.00675	0.00472	0.00540	0.00945
31	0.08277	0.27244	0.21966	0.02029	0.05770	0.10096	0.01998	0.02645	0.01856	0.02488	0.01657	0.07200	0.01501	0.00962	0.00728	0.00243	0.01066	0.00716	0.00434	0.01122
32	0.02191	0.02396	0.02479	0.23775	0.08526	0.22102	0.01934	0.02534	0.01891	0.02193	0.01641	0.05022	0.01490	0.05517	0.01419	0.00321	0.12347	0.00810	0.00437	0.00974
33	0.29017	0.01690	0.01846	0.01473	0.02104	0.01718	0.01216	0.11589	0.02365	0.34942	0.02470	0.02301	0.01637	0.00980	0.00758	0.00269	0.00749	0.00722	0.00861	0.01294
34	0.02445	0.02787	0.02727	0.02487	0.07847	0.28799	0.12057	0.03162	0.12104	0.02661	0.06197	0.02972	0.07740	0.01082	0.00890	0.00261	0.01190	0.00913	0.00582	0.01095
35	0.01626	0.00813	0.00813	0.00813	0.01016	0.00813	0.00610	0.02033	0.01829	0.03252	0.02846	0.03252	0.02236	0.01016	0.00610	0.00203	0.00407	0.00813	0.74187	0.00813
36	0.02519	0.02147	0.02078	0.01827	0.02344	0.09628	0.01426	0.08146	0.46471	0.08685	0.03187	0.02957	0.02362	0.01132	0.00874	0.00283	0.00816	0.00914	0.00851	0.01353
37	0.03258	0.04157	0.02472	0.02247	0.02697	0.65843	0.01685	0.03483	0.02472	0.02135	0.01348	0.01573	0.01124	0.00899	0.00787	0.00225	0.01573	0.00562	0.00449	0.01011
38	0.02189	0.01843	0.01979	0.01763	0.02246	0.02125	0.01380	0.09096	0.52385	0.03669	0.03327	0.03172	0.02524	0.01618	0.06295	0.00385	0.00850	0.00965	0.00851	0.01339
39	0.01684	0.06613	0.20904	0.04197	0.02431	0.01542	0.01771	0.02209	0.01980	0.07091	0.16556	0.12670	0.07224	0.01502	0.01058	0.00293	0.05177	0.03419	0.00656	0.01024
40	0.75506	0.01687	0.01282	0.01147	0.01687	0.01957	0.00945	0.02564	0.01484	0.03914	0.01215	0.01417	0.00945	0.00810	0.00540	0.00270	0.00675	0.00472	0.00540	0.00945
41	0.09362	0.02318	0.02468	0.01906	0.02589	0.02550	0.01574	0.52429	0.03779	0.09217	0.02109	0.02095	0.01483	0.01029	0.00845	0.00263	0.00922	0.00765	0.00858	0.01439
42	0.01247	0.00929	0.01376	0.01376	0.01522	0.01076	0.01058	0.01541	0.01394	0.02005	0.02361	0.03560	0.02239	0.10211	0.62298	0.01369	0.02249	0.00954	0.00471	0.00764
43	0.01406	0.05156	0.01796	0.01515	0.01702	0.01376	0.03769	0.01677	0.01428	0.02017	0.02207	0.03478	0.02143	0.15058	0.44497	0.01110	0.07463	0.00947	0.00463	0.00794
44	0.01626	0.00813	0.00813	0.00813	0.01016	0.00813	0.00610	0.02033	0.01829	0.03252	0.02846	0.03252	0.02236	0.01016	0.00610	0.00203	0.00407	0.00813	0.74187	0.00813
45	0.02331	0.02168	0.02091	0.01952	0.04688	0.10290	0.01457	0.07620	0.46446	0.03482	0.03321	0.03135	0.04800	0.01165	0.00879	0.00283	0.00823	0.00946	0.00810	0.01314
46	0.01626	0.00813	0.00813	0.00813	0.01016	0.00813	0.00610	0.02033	0.01829	0.03252	0.02846	0.03252	0.02236	0.01016	0.00610	0.00203	0.00407	0.00813	0.74187	0.00813
47	0.04918	0.05690	0.01857	0.01764	0.06951	0.12623	0.01226	0.02370	0.06101	0.05376	0.24277	0.15664	0.04644	0.01547	0.00925	0.00275	0.00757	0.01318	0.00748	0.00967
48	0.02660	0.01976	0.02204	0.01666	0.02383	0.01939	0.01357	0.29490	0.06498	0.08135	0.02042	0.02101	0.01518	0.00890	0.00780	0.00209	0.00799	0.00692	0.00739	0.31922
49	0.75506	0.01687	0.01282	0.01147	0.01687	0.01957	0.00945	0.02564	0.01484	0.03914	0.01215	0.01417	0.00945	0.00810	0.00540	0.00270	0.00675	0.00472	0.00540	0.00945
50	0.01251	0.00915	0.01304	0.01304	0.01426	0.01037	0.00968	0.01495	0.01373	0.01952	0.02426	0.03924	0.02396	0.20220	0.52505	0.01281	0.02012	0.01007	0.00481	0.00724
51	0.01963	0.01851	0.02180	0.09160	0.15833	0.08354	0.01652	0.04867	0.16623	0.02953	0.08272	0.04185	0.12535	0.01315	0.00923	0.00283	0.00860	0.04392	0.00679	0.01121
52	0.03316	0.02443	0.02618	0.02007	0.02705	0.02705	0.01658	0.60995	0.04101	0.05497	0.02094	0.02094	0.01483	0.01047	0.00873	0.00262	0.00960	0.00785	0.00873	0.01483
53	0.02327	0.02110	0.02154	0.02061	0.06341	0.07493	0.01507	0.07710	0.50012	0.03579	0.03158	0.02975	0.02382	0.01125	0.00877	0.00286	0.00802	0.00926	0.00821	0.01356

[dist]
# distance from previous block
# <min> <max>
0	1

[block]
# block no. 3 follows, 20 sequences, length 48
# corresponding to MSA columns:
# 199-246
name=unknown_D
#
# <colnr> <probs for GDERKNQSTAVLIFYWHMCP>
#	G	D	E	R	K	N	Q	S	T	A	V	L	I	F	Y	W	H	M	C	P
0	0.71034	0.01710	0.01420	0.01404	0.05480	0.01964	0.01050	0.02571	0.01515	0.03849	0.01241	0.01462	0.00971	0.00808	0.00560	0.00269	0.00697	0.00491	0.00533	0.00971
1	0.05626	0.02112	0.07748	0.07812	0.10953	0.09132	0.04281	0.06094	0.08548	0.02842	0.02869	0.17046	0.05575	0.01360	0.00901	0.00283	0.00929	0.01176	0.00612	0.04103
2	0.05619	0.06984	0.06627	0.02098	0.07429	0.08522	0.05164	0.08255	0.08024	0.14901	0.05641	0.05117	0.02118	0.01030	0.00830	0.00251	0.00921	0.00851	0.00690	0.08931
3	0.02263	0.02581	0.08849	0.08191	0.13166	0.09450	0.22057	0.08249	0.05554	0.02924	0.01745	0.02179	0.01354	0.00897	0.01073	0.00283	0.06651	0.00838	0.00490	0.01205
4	0.01268	0.00846	0.00951	0.00951	0.00951	0.00846	0.00529	0.01268	0.01268	0.01691	0.02748	0.05708	0.03171	0.69345	0.04440	0.00846	0.00846	0.01268	0.00529	0.00529
5	0.01758	0.01864	0.03851	0.06715	0.03730	0.01775	0.40690	0.02323	0.01933	0.02604	0.02597	0.20785	0.02548	0.01298	0.01043	0.00311	0.01185	0.01417	0.00540	0.01034
6	0.01923	0.01653	0.01861	0.01445	0.02131	0.01481	0.01143	0.02968	0.20960	0.03098	0.02183	0.02266	0.01726	0.00816	0.00722	0.00182	0.00660	0.00665	0.00634	0.51483
7	0.03258	0.04157	0.02472	0.02247	0.02697	0.65843	0.01685	0.03483	0.02472	0.02135	0.01348	0.01573	0.01124	0.00899	0.00787	0.00225	0.01573	0.00562	0.00449	0.01011
8	0.02332	0.69869	0.04571	0.01493	0.02239	0.03451	0.01493	0.02612	0.01772	0.02052	0.01213	0.01399	0.01119	0.00746	0.00560	0.00187	0.00933	0.00466	0.00373	0.01119
9	0.75506	0.01687	0.01282	0.01147	0.01687	0.01957	0.00945	0.02564	0.01484	0.03914	0.01215	0.01417	0.00945	0.00810	0.00540	0.00270	0.00675	0.00472	0.00540	0.00945
10	0.02227	0.01902	0.02005	0.01787	0.02290	0.02196	0.01395	0.07450	0.59419	0.03741	0.03478	0.03196	0.02604	0.01177	0.00887	0.00294	0.00704	0.00976	0.00887	0.01386
11	0.05573	0.05498	0.28267	0.04629	0.02926	0.02064	0.02215	0.09795	0.01964	0.02898	0.01807	0.05488	0.01534	0.01808	0.09723	0.00439	0.10961	0.00801	0.00479	0.01132
12	0.01626	0.00813	0.00813	0.00813	0.01016	0.00813	0.00610	0.02033	0.01829	0.03252	0.02846	0.03252	0.02236	0.01016	0.00610	0.00203	0.00407	0.00813	0.74187	0.00813
13	0.01999	0.02042	0.05451	0.05092	0.08711	0.06168	0.04914	0.03384	0.30195	0.03020	0.03589	0.03577	0.11472	0.01245	0.01024	0.00291	0.04902	0.01031	0.00697	0.01197
14	0.02332	0.69869	0.04571	0.01493	0.02239	0.03451	0.01493	0.02612	0.01772	0.02052	0.01213	0.01399	0.01119	0.00746	0.00560	0.00187	0.00933	0.00466	0.00373	0.01119
15	0.01090	0.00880	0.00970	0.00961	0.01218	0.00759	0.00716	0.01362	0.02108	0.02673	0.24093	0.10961	0.44919	0.02115	0.01035	0.00292	0.00437	0.01799	0.00853	0.00759
16	0.02439	0.62272	0.04328	0.01580	0.02292	0.10665	0.01515	0.02713	0.01853	0.02062	0.01228	0.01419	0.01120	0.00764	0.00586	0.00191	0.01007	0.00477	0.00382	0.01107
17	0.01750	0.04512	0.64825	0.02486	0.03775	0.02026	0.03223	0.02762	0.01842	0.02762	0.01565	0.01842	0.01105	0.00829	0.00829	0.00276	0.01289	0.00645	0.00368	0.01289
18	0.01626	0.00813	0.00813	0.00813	0.01016	0.00813	0.00610	0.02033	0.01829	0.03252	0.02846	0.03252	0.02236	0.01016	0.00610	0.00203	0.00407	0.00813	0.74187	0.00813
19	0.01887	0.02891	0.27482	0.03229	0.19955	0.01901	0.09720	0.04943	0.02010	0.02856	0.02155	0.06641	0.01922	0.01096	0.00923	0.00292	0.01130	0.07257	0.00489	0.01222
20	0.02745	0.15926	0.07089	0.04555	0.02797	0.12384	0.04615	0.23124	0.06401	0.06208	0.01993	0.04770	0.01590	0.01008	0.00814	0.00251	0.01060	0.00777	0.00642	0.01252
21	0.28447	0.10908	0.13313	0.04181	0.02418	0.04924	0.01557	0.02750	0.04794	0.06745	0.05339	0.02056	0.01638	0.00892	0.00694	0.00249	0.00865	0.00638	0.00550	0.07043
22	0.06659	0.02432	0.12678	0.07016	0.06676	0.02077	0.22405	0.09585	0.02158	0.05680	0.01731	0.02119	0.01300	0.00853	0.00992	0.00271	0.05055	0.00803	0.00514	0.08995
23	0.01630	0.01169	0.01425	0.01413	0.05618	0.01076	0.00996	0.06597	0.02351	0.08220	0.24857	0.06133	0.28671	0.01722	0.00977	0.00274	0.00547	0.01464	0.00849	0.04012
24	0.01626	0.00813	0.00813	0.00813	0.01016	0.00813	0.00610	0.02033	0.01829	0.03252	0.02846	0.03252	0.02236	0.01016	0.00610	0.00203	0.00407	0.00813	0.74187	0.00813
25	0.75506	0.01687	0.01282	0.01147	0.01687	0.01957	0.00945	0.02564	0.01484	0.03914	0.01215	0.01417	0.00945	0.00810	0.00540	0.00270	0.00675	0.00472	0.00540	0.00945
26	0.01726	0.01506	0.01925	0.01465	0.02100	0.01247	0.04120	0.02088	0.01774	0.02711	0.01979	0.10935	0.01893	0.00988	0.00864	0.00184	0.04760	0.00825	0.00544	0.56367
27	0.02343	0.06404	0.02030	0.01724	0.01996	0.33041	0.01266	0.02498	0.01899	0.01973	0.01854	0.03079	0.01873	0.24307	0.05705	0.00506	0.05369	0.00827	0.00469	0.00838
28	0.03413	0.02288	0.02521	0.01933	0.02627	0.02474	0.01597	0.51783	0.03841	0.15077	0.02313	0.02236	0.01593	0.01052	0.00873	0.00263	0.00925	0.00800	0.00906	0.01484
29	0.02071	0.04770	0.02843	0.16290	0.17441	0.10564	0.02103	0.02425	0.01750	0.02309	0.01524	0.04737	0.01390	0.01154	0.01554	0.00305	0.24485	0.00802	0.00421	0.01061
30	0.01626	0.00813	0.00813	0.00813	0.01016	0.00813	0.00610	0.02033	0.01829	0.03252	0.02846	0.03252	0.02236	0.01016	0.00610	0.00203	0.00407	0.00813	0.74187	0.00813
31	0.01880	0.01849	0.02589	0.06167	0.02487	0.02545	0.01885	0.02203	0.04158	0.02175	0.01325	0.02052	0.01255	0.01660	0.05021	0.00411	0.58184	0.00781	0.00408	0.00968
32	0.03258	0.04157	0.02472	0.02247	0.02697	0.65843	0.01685	0.03483	0.02472	0.02135	0.01348	0.01573	0.01124	0.00899	0.00787	0.00225	0.01573	0.00562	0.00449	0.01011
33	0.02191	0.01989	0.02020	0.01910	0.04706	0.06316	0.01421	0.04332	0.53299	0.03460	0.03562	0.03326	0.05195	0.01194	0.00886	0.00290	0.00752	0.00987	0.00837	0.01328
34	0.02731	0.03354	0.02204	0.02145	0.05964	0.48564	0.01531	0.02972	0.02343	0.02223	0.02923	0.03027	0.14126	0.01164	0.00842	0.00241	0.01306	0.00841	0.00523	0.00976
35	0.75506	0.01687	0.01282	0.01147	0.01687	0.01957	0.00945	0.02564	0.01484	0.03914	0.01215	0.01417	0.00945	0.00810	0.00540	0.00270	0.00675	0.00472	0.00540	0.00945
36	0.03349	0.02391	0.02585	0.01982	0.02679	0.02627	0.01637	0.57881	0.04013	0.08736	0.02168	0.02142	0.01521	0.01049	0.00873	0.00262	0.00948	0.00790	0.00884	0.01483
37	0.01266	0.00856	0.01002	0.01002	0.01019	0.00873	0.00591	0.01301	0.01283	0.01729	0.02702	0.05454	0.03061	0.62337	0.11296	0.00908	0.01012	0.01231	0.00522	0.00556
38	0.01267	0.00970	0.01383	0.01364	0.01505	0.01120	0.01044	0.01534	0.01423	0.02016	0.02751	0.03919	0.06294	0.12562	0.52067	0.01220	0.05289	0.01021	0.00492	0.00759
39	0.01626	0.00813	0.00813	0.00813	0.01016	0.00813	0.00610	0.02033	0.01829	0.03252	0.02846	0.03252	0.02236	0.01016	0.00610	0.00203	0.00407	0.00813	0.74187	0.00813
40	0.02921	0.02349	0.02389	0.01942	0.02555	0.06219	0.01565	0.38370	0.23901	0.04669	0.02548	0.02460	0.01865	0.01085	0.00873	0.00271	0.00904	0.00841	0.00853	0.01421
41	0.01626	0.00813	0.00813	0.00813	0.01016	0.00813	0.00610	0.02033	0.01829	0.03252	0.02846	0.03252	0.02236	0.01016	0.00610	0.00203	0.00407	0.00813	0.74187	0.00813
42	0.01988	0.02358	0.07997	0.03371	0.08820	0.05181	0.42352	0.02626	0.02013	0.02695	0.02090	0.10308	0.01843	0.00994	0.01002	0.00294	0.01313	0.01138	0.00481	0.01135
43	0.01656	0.01790	0.07649	0.62009	0.05827	0.01945	0.02487	0.02272	0.01752	0.02272	0.01552	0.02286	0.01158	0.00869	0.00869	0.00290	0.01173	0.00765	0.00386	0.00995
44	0.10802	0.56299	0.03887	0.01403	0.02088	0.03057	0.01361	0.02496	0.01756	0.02295	0.01830	0.01967	0.06149	0.00872	0.00595	0.00205	0.00863	0.00578	0.00428	0.01068
45	0.01230	0.00925	0.01335	0.01335	0.01493	0.01048	0.01024	0.01517	0.01442	0.02033	0.02885	0.03956	0.07201	0.09705	0.57203	0.01281	0.02100	0.01027	0.00498	0.00761
46	0.01624	0.04707	0.01474	0.01227	0.01588	0.01317	0.00945	0.02470	0.18486	0.06525	0.11939	0.05890	0.29297	0.07172	0.01234	0.00330	0.00582	0.01405	0.00818	0.00970
47	0.02533	0.01805	0.02058	0.01589	0.02252	0.01726	0.01279	0.22873	0.05778	0.10899	0.02324	0.07534	0.01891	0.01032	0.00802	0.00218	0.00757	0.00835	0.00748	0.31067

[dist]
# distance from previous block
# <min> <max>
1	25

[block]
# block no. 4 follows, 20 sequences, length 17
# corresponding to MSA columns:
# 274-290
name=unknown_E
#
# <colnr> <probs for GDERKNQSTAVLIFYWHMCP>
#	G	D	E	R	K	N	Q	S	T	A	V	L	I	F	Y	W	H	M	C	P
0	0.02632	0.20783	0.02767	0.01869	0.02327	0.38122	0.01482	0.02859	0.02149	0.02129	0.01917	0.13261	0.01934	0.01179	0.00784	0.00237	0.01219	0.00872	0.00492	0.00987
1	0.01970	0.06724	0.12923	0.04724	0.02406	0.01700	0.01628	0.07298	0.07150	0.09423	0.06094	0.04667	0.15912	0.01470	0.01047	0.00296	0.04907	0.07871	0.00701	0.01089
2	0.27942	0.05308	0.08777	0.04131	0.08871	0.02118	0.01611	0.14749	0.06438	0.03754	0.04030	0.05110	0.01735	0.01006	0.00753	0.00270	0.00849	0.00765	0.00618	0.01163
3	0.01560	0.00834	0.00916	0.00916	0.01111	0.00861	0.00694	0.01950	0.01755	0.03038	0.02757	0.03283	0.02226	0.01981	0.12007	0.00413	0.00743	0.00834	0.61315	0.00807
4	0.01211	0.00999	0.01086	0.01109	0.01389	0.00931	0.00851	0.01706	0.08932	0.02523	0.07288	0.14389	0.43308	0.02170	0.01044	0.00314	0.00521	0.08592	0.00818	0.00816
5	0.02101	0.01658	0.01956	0.01983	0.07834	0.01807	0.01383	0.12567	0.28247	0.05505	0.03486	0.21355	0.03208	0.01555	0.00946	0.00302	0.00716	0.01350	0.00827	0.01212
6	0.02358	0.03089	0.12619	0.05504	0.15969	0.20015	0.22204	0.02941	0.02119	0.02597	0.01587	0.02020	0.01242	0.00808	0.00894	0.00265	0.01375	0.00783	0.00429	0.01181
7	0.02307	0.01667	0.01970	0.08545	0.02551	0.01729	0.01369	0.08148	0.25026	0.12944	0.05192	0.03231	0.06530	0.01121	0.00856	0.00259	0.00736	0.00928	0.00796	0.14096
8	0.01245	0.00910	0.01181	0.01166	0.01379	0.00846	0.00909	0.01636	0.02342	0.03233	0.47890	0.07278	0.13021	0.01934	0.01060	0.00299	0.00483	0.11460	0.00918	0.00811
9	0.02632	0.06548	0.02420	0.09069	0.05848	0.41334	0.01653	0.02944	0.02334	0.02414	0.12219	0.02536	0.02381	0.01037	0.00830	0.00240	0.01267	0.00768	0.00527	0.00998
10	0.05359	0.01911	0.02341	0.16124	0.19094	0.08569	0.01810	0.06105	0.07936	0.02825	0.03361	0.03566	0.15047	0.01181	0.00882	0.00274	0.00934	0.00994	0.00583	0.01101
11	0.02082	0.01832	0.02064	0.01856	0.02247	0.02194	0.01474	0.04038	0.48390	0.03322	0.03189	0.03378	0.02526	0.01310	0.01250	0.00317	0.12405	0.04057	0.00795	0.01275
12	0.01468	0.01380	0.01280	0.01355	0.01514	0.12099	0.00954	0.01674	0.01945	0.02400	0.12778	0.44014	0.09347	0.02242	0.01039	0.00316	0.00675	0.01973	0.00768	0.00780
13	0.06802	0.02939	0.33820	0.02421	0.11435	0.01678	0.02311	0.02377	0.01928	0.02927	0.12700	0.09783	0.02873	0.01189	0.00879	0.00281	0.00974	0.01009	0.00540	0.01135
14	0.02348	0.02932	0.13138	0.06025	0.02792	0.23328	0.01862	0.10534	0.02221	0.02677	0.01729	0.02203	0.01429	0.02305	0.16703	0.00536	0.04966	0.00720	0.00490	0.01062
15	0.01226	0.00935	0.01158	0.01250	0.01483	0.00867	0.01026	0.01547	0.02036	0.02589	0.12551	0.11126	0.28652	0.02276	0.01114	0.00344	0.00607	0.27614	0.00823	0.00775
16	0.06421	0.01926	0.02221	0.12632	0.04902	0.02148	0.01591	0.28262	0.13019	0.04030	0.03141	0.03184	0.10375	0.01184	0.00879	0.00277	0.00862	0.00949	0.00754	0.01243

[dist]
# distance from previous block
# <min> <max>
3	7

[block]
# block no. 5 follows, 20 sequences, length 33
# corresponding to MSA columns:
# 298-330
name=unknown_F
#
# <colnr> <probs for GDERKNQSTAVLIFYWHMCP>
#	G	D	E	R	K	N	Q	S	T	A	V	L	I	F	Y	W	H	M	C	P
0	0.01561	0.01258	0.02165	0.10385	0.02661	0.01238	0.13287	0.01928	0.01866	0.06499	0.05642	0.35612	0.04052	0.01918	0.01054	0.00329	0.00823	0.06121	0.00702	0.00900
1	0.01151	0.00822	0.01113	0.01315	0.01405	0.00784	0.00963	0.01367	0.01757	0.02325	0.04759	0.53623	0.05577	0.02650	0.01137	0.00366	0.00582	0.16762	0.00808	0.00733
2	0.01932	0.02991	0.26837	0.07641	0.23966	0.05296	0.06449	0.02633	0.01991	0.02796	0.07454	0.02443	0.01892	0.00902	0.00873	0.00270	0.01139	0.00807	0.00456	0.01233
3	0.01750	0.04512	0.64825	0.02486	0.03775	0.02026	0.03223	0.02762	0.01842	0.02762	0.01565	0.01842	0.01105	0.00829	0.00829	0.00276	0.01289	0.00645	0.00368	0.01289
4	0.01080	0.00899	0.00952	0.00978	0.01261	0.00771	0.00760	0.01325	0.01991	0.02390	0.08284	0.08584	0.55882	0.02235	0.01054	0.00309	0.00489	0.09202	0.00809	0.00745
5	0.02629	0.02036	0.08260	0.22554	0.08308	0.07318	0.01937	0.03116	0.02155	0.24839	0.06280	0.02707	0.01993	0.00998	0.00872	0.00272	0.01001	0.00833	0.00682	0.01211
6	0.02333	0.02785	0.08859	0.03758	0.32218	0.19675	0.05360	0.02808	0.02055	0.02562	0.01625	0.02098	0.01357	0.01364	0.07053	0.00362	0.01356	0.00733	0.00435	0.01202
7	0.02005	0.02248	0.04815	0.12020	0.04749	0.02171	0.53082	0.02720	0.02018	0.02720	0.01737	0.02349	0.01302	0.00753	0.01009	0.00294	0.01430	0.00996	0.00434	0.01149
8	0.02230	0.01904	0.02006	0.01787	0.02291	0.02198	0.01395	0.07604	0.59260	0.03746	0.03474	0.03193	0.02601	0.01176	0.00887	0.00294	0.00705	0.00976	0.00887	0.01386
9	0.03066	0.02259	0.02455	0.01926	0.02556	0.02497	0.01576	0.54102	0.03804	0.05107	0.02264	0.05986	0.01769	0.01465	0.04686	0.00334	0.01014	0.00891	0.00845	0.01398
10	0.64455	0.01712	0.01431	0.01236	0.01798	0.01936	0.01019	0.06140	0.01734	0.09789	0.01478	0.01605	0.01092	0.00849	0.00591	0.00269	0.00698	0.00529	0.00611	0.01028
11	0.02105	0.20958	0.43403	0.02143	0.03234	0.02320	0.02595	0.02866	0.01886	0.08473	0.01654	0.01836	0.01209	0.00832	0.00764	0.00253	0.01146	0.00621	0.00437	0.01264
12	0.01063	0.00759	0.01012	0.01215	0.01265	0.00709	0.00810	0.01215	0.01670	0.02227	0.04808	0.68775	0.05769	0.02733	0.01113	0.00354	0.00506	0.02480	0.00810	0.00709
13	0.02819	0.01941	0.02149	0.01789	0.02372	0.02127	0.01432	0.19050	0.35184	0.16504	0.03154	0.02898	0.02257	0.01127	0.00882	0.00282	0.00770	0.00912	0.00923	0.01428
14	0.02593	0.02015	0.02230	0.01664	0.02399	0.01966	0.01359	0.32805	0.03002	0.04224	0.01833	0.01957	0.01392	0.00855	0.00764	0.00198	0.00809	0.00657	0.00702	0.36575
15	0.01235	0.00892	0.01166	0.01097	0.01303	0.00823	0.00823	0.01646	0.02469	0.03498	0.63443	0.06516	0.08230	0.01783	0.01029	0.00274	0.00412	0.01578	0.00960	0.00823
16	0.02193	0.21479	0.27539	0.01894	0.02756	0.02198	0.02074	0.02953	0.07268	0.11471	0.02224	0.08395	0.01844	0.01055	0.00794	0.00260	0.00985	0.00834	0.00560	0.01223
17	0.01210	0.00885	0.01140	0.01119	0.01317	0.00815	0.00841	0.01579	0.02324	0.03225	0.49639	0.12814	0.12721	0.01947	0.01047	0.00291	0.00446	0.04913	0.00924	0.00803
18	0.01031	0.00884	0.00884	0.00884	0.01178	0.00736	0.00663	0.01252	0.01988	0.02356	0.08837	0.08395	0.63549	0.02209	0.01031	0.00295	0.00442	0.01841	0.00810	0.00736
19	0.03617	0.01961	0.02319	0.01778	0.02464	0.01989	0.01469	0.32445	0.03294	0.35188	0.02772	0.02534	0.01823	0.01063	0.00875	0.00266	0.00850	0.00832	0.00977	0.01484
20	0.01248	0.00929	0.01372	0.01372	0.01518	0.01074	0.01054	0.01539	0.01393	0.02003	0.02363	0.03576	0.02246	0.10660	0.61859	0.01365	0.02239	0.00956	0.00471	0.00762
21	0.01239	0.00965	0.01134	0.01079	0.01336	0.00898	0.00813	0.01746	0.06937	0.03130	0.40647	0.06889	0.26203	0.01879	0.01019	0.00283	0.00443	0.01619	0.00905	0.00837
22	0.01801	0.10312	0.59478	0.02398	0.03639	0.02152	0.03069	0.02749	0.01835	0.02699	0.01534	0.01802	0.01106	0.00821	0.00805	0.00268	0.01258	0.00629	0.00369	0.01274
23	0.03617	0.01419	0.01929	0.01502	0.02124	0.01231	0.01231	0.03962	0.02494	0.57745	0.10092	0.03362	0.02832	0.01158	0.00894	0.00270	0.00706	0.00955	0.01066	0.01411
24	0.01165	0.00832	0.01130	0.01332	0.01427	0.00797	0.00988	0.01392	0.01771	0.02341	0.04751	0.51163	0.05545	0.02636	0.01141	0.00368	0.00595	0.19081	0.00808	0.00737
25	0.02993	0.02317	0.07874	0.01872	0.02557	0.02241	0.01641	0.41770	0.03488	0.11759	0.08080	0.02631	0.02195	0.01101	0.00876	0.00263	0.00894	0.00860	0.03205	0.01382
26	0.02100	0.01647	0.02460	0.30447	0.03949	0.01851	0.06221	0.12412	0.02211	0.08324	0.02643	0.03043	0.08495	0.01236	0.01161	0.05162	0.04076	0.00926	0.00584	0.01053
27	0.03362	0.02369	0.02572	0.01972	0.02668	0.02595	0.01629	0.56608	0.03977	0.10059	0.02198	0.02162	0.01536	0.01050	0.00873	0.00262	0.00943	0.00792	0.00889	0.01484
28	0.05200	0.01600	0.01995	0.01904	0.07954	0.01631	0.01364	0.06701	0.20142	0.23660	0.14673	0.03555	0.03320	0.01205	0.00896	0.00277	0.00701	0.01015	0.00908	0.01298
29	0.02372	0.01682	0.01909	0.01634	0.02084	0.01765	0.01271	0.29441	0.05656	0.07490	0.03220	0.27031	0.03163	0.01661	0.00950	0.00291	0.00748	0.01416	0.00842	0.05373
30	0.02237	0.01964	0.02071	0.01853	0.02218	0.12727	0.04757	0.06267	0.15385	0.08650	0.03138	0.19513	0.02987	0.01582	0.01127	0.00308	0.06819	0.04582	0.00734	0.01081
31	0.01350	0.00954	0.01164	0.01232	0.01337	0.00950	0.00836	0.06959	0.01803	0.02404	0.03963	0.42288	0.04600	0.21258	0.02028	0.00485	0.00657	0.04259	0.00737	0.00736
32	0.16918	0.02046	0.06835	0.01649	0.02313	0.04716	0.01439	0.15497	0.02588	0.29603	0.05948	0.02546	0.02009	0.01035	0.00813	0.00267	0.00837	0.00789	0.00844	0.01308

[dist]
# distance from previous block
# <min> <max>
3	7

[block]
# block no. 6 follows, 20 sequences, length 84
# corresponding to MSA columns:
# 338-421
name=unknown_G
#
# <colnr> <probs for GDERKNQSTAVLIFYWHMCP>
#	G	D	E	R	K	N	Q	S	T	A	V	L	I	F	Y	W	H	M	C	P
0	0.01897	0.16646	0.02778	0.01792	0.02274	0.06321	0.11766	0.02320	0.02201	0.05469	0.26343	0.04448	0.04372	0.01333	0.00918	0.00266	0.00848	0.06324	0.00692	0.00991
1	0.02144	0.02311	0.10716	0.04267	0.43764	0.02045	0.02498	0.07206	0.05732	0.03072	0.01992	0.02728	0.01691	0.00945	0.00886	0.00274	0.01024	0.04856	0.00511	0.01337
2	0.01856	0.12016	0.18116	0.01927	0.07212	0.01751	0.01763	0.02383	0.01818	0.02678	0.01684	0.05293	0.01462	0.00825	0.00721	0.00196	0.00871	0.00664	0.00468	0.36296
3	0.03221	0.02157	0.07064	0.01818	0.02513	0.02028	0.01585	0.32911	0.03264	0.24590	0.07570	0.02729	0.02235	0.01102	0.00884	0.00267	0.00868	0.00870	0.00910	0.01414
4	0.02580	0.01396	0.01805	0.01520	0.01966	0.01351	0.01216	0.08570	0.02347	0.27395	0.11197	0.14187	0.03480	0.01505	0.01085	0.00287	0.05806	0.04175	0.00885	0.07246
5	0.01534	0.01123	0.01281	0.01184	0.01512	0.01088	0.00906	0.02272	0.14026	0.07455	0.27242	0.06318	0.27153	0.01773	0.00991	0.00286	0.00501	0.01509	0.00899	0.00947
6	0.02987	0.03659	0.02673	0.02801	0.13542	0.50932	0.01874	0.03261	0.02321	0.02260	0.01389	0.01696	0.01171	0.00913	0.00918	0.00240	0.05236	0.00611	0.00442	0.01074
7	0.02859	0.08058	0.11837	0.02125	0.06317	0.02315	0.01833	0.26304	0.11969	0.14032	0.02356	0.02321	0.01680	0.01000	0.00843	0.00264	0.00935	0.00783	0.00767	0.01403
8	0.02138	0.01815	0.01931	0.01728	0.02206	0.02080	0.01346	0.06619	0.55074	0.03710	0.08444	0.03478	0.03076	0.01228	0.00899	0.00293	0.00678	0.01027	0.00893	0.01339
9	0.01048	0.00818	0.00952	0.01059	0.01224	0.00722	0.00741	0.01232	0.01820	0.02288	0.06701	0.40398	0.32924	0.02487	0.01075	0.00326	0.00476	0.02180	0.00810	0.00722
10	0.02323	0.01945	0.02411	0.19919	0.07193	0.02239	0.01816	0.18434	0.27027	0.03690	0.02511	0.02634	0.01870	0.01038	0.00878	0.00283	0.00910	0.00864	0.00719	0.01295
11	0.02443	0.12618	0.10412	0.05178	0.20146	0.17312	0.04191	0.06475	0.07898	0.02766	0.01711	0.01987	0.01369	0.00863	0.00806	0.00248	0.01159	0.00695	0.00488	0.01231
12	0.01127	0.00786	0.00993	0.01133	0.01168	0.00751	0.00722	0.01231	0.01545	0.02061	0.04169	0.49200	0.04963	0.23408	0.02146	0.00507	0.00611	0.02104	0.00722	0.00653
13	0.01344	0.00912	0.01163	0.01106	0.01336	0.00827	0.00827	0.01701	0.02332	0.06692	0.47320	0.12469	0.14896	0.01889	0.01028	0.00284	0.00443	0.01658	0.00933	0.00838
14	0.02438	0.02949	0.10309	0.03173	0.20076	0.21528	0.07742	0.06965	0.02187	0.02678	0.01646	0.02215	0.01397	0.06123	0.01228	0.00305	0.04659	0.00757	0.00467	0.01158
15	0.02979	0.01722	0.02034	0.01647	0.02217	0.01766	0.01329	0.18379	0.15793	0.27122	0.12224	0.03346	0.03017	0.01200	0.00901	0.00274	0.00736	0.00984	0.00967	0.01362
16	0.01235	0.00892	0.01166	0.01097	0.01303	0.00823	0.00823	0.01646	0.02469	0.03498	0.63443	0.06516	0.08230	0.01783	0.01029	0.00274	0.00412	0.01578	0.00960	0.00823
17	0.03261	0.04093	0.02477	0.02238	0.02697	0.63483	0.01684	0.05633	0.02533	0.02261	0.01376	0.01593	0.01137	0.00904	0.00790	0.00226	0.01550	0.00570	0.00465	0.01029
18	0.03258	0.04157	0.02472	0.02247	0.02697	0.65843	0.01685	0.03483	0.02472	0.02135	0.01348	0.01573	0.01124	0.00899	0.00787	0.00225	0.01573	0.00562	0.00449	0.01011
19	0.01063	0.00759	0.01012	0.01215	0.01265	0.00709	0.00810	0.01215	0.01670	0.02227	0.04808	0.68775	0.05769	0.02733	0.01113	0.00354	0.00506	0.02480	0.00810	0.00709
20	0.01392	0.00927	0.01217	0.01124	0.01358	0.00850	0.00850	0.01799	0.02471	0.07089	0.59911	0.06307	0.07873	0.01742	0.01020	0.00274	0.00431	0.01536	0.00967	0.00862
21	0.01750	0.04512	0.64825	0.02486	0.03775	0.02026	0.03223	0.02762	0.01842	0.02762	0.01565	0.01842	0.01105	0.00829	0.00829	0.00276	0.01289	0.00645	0.00368	0.01289
22	0.02252	0.02164	0.03368	0.11477	0.47437	0.05372	0.04561	0.07495	0.02163	0.02964	0.01658	0.02148	0.01351	0.00814	0.00867	0.00262	0.01086	0.00776	0.00465	0.01320
23	0.02228	0.56469	0.11588	0.01677	0.02426	0.03217	0.01733	0.02587	0.01745	0.02141	0.01249	0.01494	0.01120	0.00821	0.00782	0.00213	0.06499	0.00512	0.00373	0.01126
24	0.01750	0.04512	0.64825	0.02486	0.03775	0.02026	0.03223	0.02762	0.01842	0.02762	0.01565	0.01842	0.01105	0.00829	0.00829	0.00276	0.01289	0.00645	0.00368	0.01289
25	0.01512	0.01148	0.01735	0.02313	0.17293	0.01106	0.01352	0.01784	0.01817	0.05593	0.03918	0.44259	0.04415	0.02128	0.01044	0.00329	0.00674	0.05925	0.00727	0.00926
26	0.01419	0.01421	0.06523	0.01316	0.01622	0.05559	0.01102	0.01855	0.02366	0.03253	0.49298	0.08713	0.06917	0.01705	0.01005	0.00279	0.00584	0.03332	0.00863	0.00869
27	0.03748	0.01716	0.06832	0.01623	0.02345	0.01339	0.01431	0.04137	0.02446	0.59781	0.03298	0.02883	0.02079	0.01060	0.00873	0.00270	0.00784	0.00859	0.01025	0.01470
28	0.01515	0.00758	0.01136	0.01136	0.01136	0.00758	0.00758	0.01136	0.01136	0.01515	0.01515	0.02652	0.01515	0.03030	0.03409	0.74621	0.00758	0.00758	0.00379	0.00379
29	0.08819	0.10656	0.02711	0.02323	0.10358	0.19938	0.01669	0.19896	0.04491	0.03385	0.01715	0.01951	0.01370	0.01312	0.05419	0.00325	0.01202	0.00676	0.00584	0.01199
30	0.01723	0.01628	0.02753	0.58097	0.14567	0.01958	0.02460	0.02295	0.01780	0.02321	0.01564	0.02301	0.01195	0.00858	0.00871	0.00286	0.01144	0.00775	0.00394	0.01030
31	0.01191	0.00935	0.01106	0.01192	0.01447	0.00851	0.00980	0.01489	0.01997	0.02465	0.07036	0.09011	0.38568	0.02295	0.01105	0.00340	0.00596	0.25824	0.00807	0.00765
32	0.02354	0.02837	0.14580	0.06180	0.35059	0.10938	0.02512	0.09686	0.02268	0.03026	0.01637	0.02018	0.01299	0.00839	0.00848	0.00259	0.01153	0.00724	0.00473	0.01311
33	0.01918	0.03853	0.48763	0.02459	0.03583	0.02031	0.07940	0.03073	0.09920	0.05327	0.01921	0.02119	0.01373	0.00878	0.00856	0.00280	0.01204	0.00733	0.00472	0.01299
34	0.01889	0.20900	0.44349	0.07587	0.03569	0.02381	0.02716	0.02680	0.01816	0.02538	0.01474	0.01769	0.01113	0.00811	0.00764	0.00255	0.01188	0.00610	0.00371	0.01219
35	0.01689	0.10543	0.02674	0.26732	0.03650	0.01905	0.07401	0.02255	0.05434	0.02479	0.09359	0.10547	0.02679	0.01461	0.03763	0.00335	0.04506	0.01072	0.00541	0.00977
36	0.01738	0.01643	0.02781	0.56235	0.16310	0.01962	0.02468	0.02308	0.01787	0.02339	0.01566	0.02296	0.01202	0.00855	0.00871	0.00285	0.01140	0.00776	0.00395	0.01042
37	0.01934	0.24893	0.37025	0.02279	0.06835	0.02404	0.02500	0.02636	0.01841	0.02530	0.01691	0.02333	0.01426	0.00920	0.00774	0.00256	0.01123	0.04989	0.00407	0.01204
38	0.01684	0.01594	0.02522	0.13588	0.06679	0.01978	0.06650	0.02036	0.01540	0.02213	0.01779	0.05823	0.01670	0.02603	0.17734	0.00602	0.27010	0.00918	0.00434	0.00946
39	0.02090	0.01675	0.01820	0.01633	0.02066	0.01914	0.01277	0.09345	0.41256	0.03559	0.03161	0.03166	0.02433	0.01880	0.09707	0.00432	0.00907	0.00939	0.09499	0.01241
40	0.01075	0.00869	0.00956	0.00970	0.01214	0.00750	0.00714	0.01324	0.02039	0.02561	0.18938	0.16104	0.45043	0.02196	0.01042	0.00299	0.00445	0.01875	0.00839	0.00750
41	0.02170	0.01874	0.01972	0.01775	0.02268	0.02170	0.01381	0.04635	0.62327	0.03649	0.03550	0.03254	0.02663	0.01183	0.00888	0.00296	0.00690	0.00986	0.00888	0.01381
42	0.02159	0.02073	0.03541	0.05354	0.63903	0.02073	0.02677	0.02677	0.01986	0.02850	0.01641	0.02159	0.01382	0.00777	0.00864	0.00259	0.01036	0.00777	0.00432	0.01382
