[name]
unknown

[dist]
# distance from previous block
# <min> <max>
0	25

[block]
# block no. 0 follows, 24 sequences, length 10
# corresponding to MSA columns:
# 25-34
name=unknown_A
#
# <colnr> <probs for GDERKNQSTAVLIFYWHMCP>
#	G	D	E	R	K	N	Q	S	T	A	V	L	I	F	Y	W	H	M	C	P
0	0.05637	0.01294	0.01683	0.07722	0.04338	0.01497	0.01348	0.06638	0.04214	0.02645	0.02482	0.04208	0.02363	0.01479	0.02724	0.00313	0.14407	0.19010	0.13403	0.02593
1	0.01024	0.00745	0.01002	0.05024	0.01365	0.00727	0.00790	0.01177	0.01507	0.02011	0.06333	0.57373	0.04813	0.10525	0.01351	0.00368	0.00527	0.02006	0.00689	0.00642
2	0.02676	0.09262	0.13078	0.02006	0.02578	0.47772	0.01743	0.07601	0.02214	0.02257	0.01299	0.01492	0.01043	0.00806	0.00710	0.00212	0.01299	0.00531	0.00420	0.01000
3	0.05785	0.03169	0.02380	0.02431	0.12914	0.46268	0.01648	0.11440	0.02343	0.02530	0.01357	0.01576	0.01098	0.00814	0.00728	0.00216	0.01242	0.00567	0.00462	0.01030
4	0.01542	0.01429	0.02567	0.49879	0.04640	0.01654	0.12066	0.01973	0.01556	0.02020	0.01437	0.02159	0.01125	0.01042	0.01133	0.10790	0.01052	0.00740	0.00359	0.00838
5	0.03112	0.01426	0.01838	0.01391	0.02025	0.01237	0.01143	0.07915	0.02244	0.49304	0.02674	0.02417	0.01751	0.00896	0.00753	0.00218	0.00671	0.00722	0.00859	0.17407
6	0.06186	0.06643	0.46593	0.02301	0.06517	0.11115	0.04885	0.02582	0.01746	0.02471	0.01375	0.01635	0.01020	0.00752	0.00731	0.00241	0.01156	0.00580	0.00360	0.01113
7	0.13318	0.02211	0.02086	0.01677	0.02247	0.12487	0.01358	0.34625	0.04974	0.14443	0.01931	0.01909	0.01365	0.00910	0.00741	0.00236	0.00884	0.00663	0.00723	0.01212
8	0.01731	0.01715	0.02483	0.02036	0.02215	0.02172	0.06649	0.01974	0.01337	0.02069	0.01146	0.01753	0.01076	0.01200	0.02141	0.00303	0.53724	0.00677	0.00371	0.13227
9	0.01032	0.00718	0.00901	0.01020	0.01050	0.00688	0.00646	0.01121	0.01390	0.01853	0.03711	0.48221	0.04413	0.27013	0.02077	0.00479	0.00569	0.01867	0.00646	0.00586

[dist]
# distance from previous block
# <min> <max>
9	15

[block]
# block no. 1 follows, 24 sequences, length 15
# corresponding to MSA columns:
# 50-64
name=unknown_B
#
# <colnr> <probs for GDERKNQSTAVLIFYWHMCP>
#	G	D	E	R	K	N	Q	S	T	A	V	L	I	F	Y	W	H	M	C	P
0	0.52850	0.06136	0.04332	0.12725	0.02446	0.01878	0.04988	0.02303	0.01449	0.03096	0.01197	0.01490	0.00928	0.00738	0.00579	0.00245	0.00767	0.00511	0.00447	0.00897
1	0.26444	0.01562	0.01727	0.01371	0.01950	0.01586	0.01131	0.14211	0.02245	0.36660	0.02283	0.02120	0.01511	0.00900	0.00702	0.00244	0.00691	0.00669	0.00796	0.01197
2	0.01377	0.00689	0.01033	0.01033	0.01033	0.00689	0.00689	0.01033	0.01033	0.01377	0.01377	0.02410	0.01377	0.02755	0.03099	0.76928	0.00689	0.00689	0.00344	0.00344
3	0.01122	0.00811	0.01060	0.00998	0.01185	0.00748	0.00748	0.01496	0.02245	0.03180	0.66766	0.05923	0.07482	0.01621	0.00935	0.00249	0.00374	0.01434	0.00873	0.00748
4	0.02962	0.03779	0.02247	0.02043	0.02451	0.68948	0.01532	0.03166	0.02247	0.01941	0.01226	0.01430	0.01021	0.00817	0.00715	0.00204	0.01430	0.00511	0.00409	0.00919
5	0.01779	0.01842	0.03418	0.02532	0.03101	0.01865	0.35439	0.02263	0.01671	0.02427	0.01496	0.02005	0.01207	0.00832	0.01232	0.00255	0.16917	0.00788	0.04568	0.14364
6	0.43712	0.01409	0.01415	0.01180	0.01695	0.01468	0.00968	0.02854	0.01767	0.28029	0.06766	0.02172	0.01773	0.00896	0.00641	0.00246	0.00619	0.00645	0.00707	0.01038
7	0.01136	0.00837	0.01211	0.01211	0.01331	0.00957	0.00912	0.01375	0.01256	0.01794	0.02182	0.03437	0.02122	0.16218	0.58910	0.01196	0.01914	0.00897	0.00433	0.00673
8	0.01817	0.01285	0.01252	0.03687	0.01538	0.05704	0.00887	0.14826	0.02148	0.03156	0.03111	0.03292	0.11327	0.01077	0.00680	0.00212	0.00576	0.00855	0.41697	0.00873
9	0.51516	0.14896	0.01886	0.01200	0.01748	0.02057	0.01034	0.08334	0.01686	0.07687	0.01316	0.01438	0.01009	0.00762	0.00543	0.00230	0.00686	0.00480	0.00524	0.00968
10	0.02746	0.02203	0.02221	0.01787	0.02358	0.07170	0.01445	0.44750	0.19379	0.04348	0.02191	0.02137	0.01597	0.00974	0.00791	0.00243	0.00851	0.00746	0.00769	0.01294
11	0.01718	0.01447	0.01653	0.01223	0.01881	0.01187	0.00978	0.06616	0.05452	0.02773	0.01967	0.02116	0.05406	0.00731	0.00637	0.00144	0.00599	0.00588	0.00529	0.62355
12	0.01847	0.01445	0.01961	0.01435	0.02106	0.01152	0.07891	0.02218	0.01732	0.09799	0.01775	0.05438	0.01476	0.00738	0.00671	0.00159	0.00672	0.00650	0.00533	0.56301
13	0.01896	0.01393	0.01708	0.06422	0.02150	0.01224	0.01123	0.06204	0.05168	0.10306	0.02100	0.06563	0.01805	0.00918	0.00711	0.00188	0.00655	0.04792	0.00592	0.44083
14	0.01339	0.01213	0.05294	0.01265	0.01584	0.01016	0.03268	0.07838	0.01919	0.02608	0.13716	0.28654	0.13439	0.04401	0.01021	0.00285	0.00579	0.01517	0.00691	0.08353

[dist]
# distance from previous block
# <min> <max>
0	3

[block]
# block no. 2 follows, 24 sequences, length 11
# corresponding to MSA columns:
# 68-78
name=unknown_C
#
# <colnr> <probs for GDERKNQSTAVLIFYWHMCP>
#	G	D	E	R	K	N	Q	S	T	A	V	L	I	F	Y	W	H	M	C	P
0	0.01040	0.00800	0.00951	0.00930	0.01138	0.00711	0.00691	0.01331	0.02027	0.02701	0.39843	0.10985	0.30327	0.01829	0.00941	0.00261	0.00391	0.01582	0.00811	0.00711
1	0.02869	0.06955	0.02447	0.01785	0.02399	0.05049	0.01478	0.53179	0.08478	0.04535	0.01929	0.01927	0.01399	0.00938	0.00772	0.00235	0.00873	0.00701	0.00749	0.01302
2	0.02239	0.01644	0.01801	0.01580	0.02056	0.01837	0.01240	0.04155	0.55089	0.14137	0.03211	0.02915	0.02344	0.01060	0.00805	0.00265	0.00636	0.00880	0.00836	0.01271
3	0.01038	0.00807	0.00943	0.00909	0.01133	0.00712	0.00682	0.01333	0.02045	0.02706	0.39944	0.06703	0.34600	0.01798	0.00936	0.00258	0.00387	0.01543	0.00811	0.00712
4	0.01174	0.00831	0.01181	0.01181	0.01316	0.00945	0.00901	0.01444	0.01309	0.01943	0.02206	0.03263	0.02060	0.10660	0.56064	0.01111	0.01817	0.00861	0.09040	0.00693
5	0.06304	0.10668	0.02413	0.01843	0.02344	0.38199	0.01460	0.18592	0.05992	0.02855	0.01488	0.01610	0.01173	0.00846	0.00707	0.00214	0.01144	0.00570	0.00524	0.01054
6	0.01605	0.01368	0.01569	0.01211	0.01810	0.01137	0.00951	0.02201	0.10699	0.02625	0.02241	0.06887	0.05349	0.00865	0.00667	0.00161	0.00574	0.00719	0.00550	0.56812
7	0.10504	0.01988	0.03788	0.08120	0.12205	0.01971	0.40797	0.05979	0.01888	0.02763	0.01535	0.02004	0.01169	0.00706	0.00847	0.00259	0.01156	0.00819	0.00429	0.01072
8	0.01790	0.01438	0.01644	0.01308	0.01886	0.01296	0.01027	0.02667	0.20106	0.06185	0.02241	0.07227	0.01874	0.00888	0.00693	0.00183	0.00594	0.00741	0.00613	0.45599
9	0.11960	0.01252	0.01536	0.01417	0.01621	0.01447	0.01113	0.01924	0.04902	0.06782	0.05084	0.23046	0.06188	0.01604	0.01347	0.00297	0.20621	0.02884	0.00604	0.04372
10	0.01359	0.00990	0.01156	0.01040	0.01231	0.00952	0.00699	0.05607	0.01450	0.02022	0.02317	0.07605	0.02497	0.43797	0.09396	0.00638	0.00859	0.01024	0.00508	0.14854

[dist]
# distance from previous block
# <min> <max>
4	15

[block]
# block no. 3 follows, 24 sequences, length 9
# corresponding to MSA columns:
# 94-102
name=unknown_D
#
# <colnr> <probs for GDERKNQSTAVLIFYWHMCP>
#	G	D	E	R	K	N	Q	S	T	A	V	L	I	F	Y	W	H	M	C	P
0	0.07892	0.01493	0.01722	0.07183	0.02191	0.01398	0.01125	0.10865	0.06175	0.02955	0.01822	0.07596	0.01585	0.00858	0.00676	0.00184	0.00662	0.00698	0.00551	0.42369
1	0.01292	0.01261	0.05754	0.01177	0.01418	0.05315	0.00923	0.01522	0.01514	0.02016	0.08094	0.09682	0.09943	0.23171	0.17176	0.00628	0.01035	0.01122	0.00533	0.06423
2	0.01773	0.05716	0.06741	0.01611	0.02215	0.01389	0.10299	0.02174	0.01680	0.07665	0.01858	0.07008	0.01600	0.01133	0.04531	0.00254	0.03965	0.00743	0.04524	0.33121
3	0.12334	0.02269	0.18961	0.01926	0.07205	0.04655	0.01729	0.02705	0.06114	0.14430	0.01816	0.02005	0.01355	0.01205	0.05335	0.00314	0.08128	0.00651	0.00530	0.06333
4	0.04593	0.16057	0.24433	0.01859	0.02690	0.02004	0.08029	0.06799	0.06946	0.02679	0.01544	0.01743	0.01192	0.00737	0.00690	0.00212	0.00929	0.00595	0.00443	0.15825
5	0.06965	0.08302	0.01891	0.01280	0.01881	0.04056	0.01051	0.08796	0.01986	0.10261	0.06456	0.02337	0.05155	0.00844	0.00667	0.00178	0.00662	0.00658	0.00591	0.35983
6	0.08789	0.03685	0.05141	0.05756	0.13847	0.04350	0.01553	0.12345	0.05876	0.14017	0.05629	0.02226	0.01732	0.00893	0.00813	0.00234	0.03461	0.00709	0.00615	0.08330
7	0.07986	0.01988	0.12872	0.01584	0.02201	0.01648	0.01466	0.17954	0.08579	0.14906	0.08079	0.05334	0.02280	0.01061	0.00785	0.00246	0.00759	0.03186	0.00709	0.06380
8	0.02173	0.01731	0.02043	0.08301	0.05207	0.08682	0.04985	0.13649	0.06789	0.11167	0.07231	0.11122	0.02475	0.01163	0.00826	0.00248	0.00820	0.03323	0.00665	0.07401

[dist]
# distance from previous block
# <min> <max>
1	6

[block]
# block no. 4 follows, 24 sequences, length 11
# corresponding to MSA columns:
# 109-119
name=unknown_E
#
# <colnr> <probs for GDERKNQSTAVLIFYWHMCP>
#	G	D	E	R	K	N	Q	S	T	A	V	L	I	F	Y	W	H	M	C	P
0	0.10916	0.01628	0.02016	0.01710	0.04400	0.01732	0.05964	0.20039	0.06014	0.07314	0.05135	0.05714	0.06789	0.01374	0.04861	0.00308	0.05602	0.00872	0.00646	0.06965
1	0.01835	0.01930	0.13891	0.01815	0.06154	0.04476	0.03481	0.10315	0.01976	0.08017	0.02775	0.19676	0.05184	0.03668	0.01009	0.00281	0.03029	0.03837	0.00605	0.06046
2	0.01964	0.02258	0.19623	0.02352	0.15651	0.01660	0.01883	0.12955	0.04522	0.07035	0.07758	0.05912	0.02168	0.01010	0.00801	0.00243	0.00851	0.03369	0.00577	0.07409
3	0.07085	0.05175	0.07466	0.03952	0.49587	0.01880	0.02185	0.02454	0.04283	0.02675	0.04636	0.02094	0.01544	0.00769	0.00758	0.00236	0.00892	0.00709	0.00432	0.01188
4	0.01934	0.02053	0.08143	0.04669	0.62340	0.01881	0.02471	0.02440	0.01796	0.02585	0.01486	0.01941	0.01237	0.00710	0.00783	0.00237	0.00960	0.00697	0.00388	0.01250
5	0.01933	0.01740	0.02665	0.27960	0.15665	0.01927	0.07749	0.13080	0.06398	0.02810	0.01636	0.02063	0.01258	0.00826	0.00873	0.00249	0.04076	0.00726	0.00479	0.05887
6	0.16137	0.01669	0.02131	0.27242	0.07332	0.01876	0.01650	0.18523	0.02164	0.07641	0.01605	0.01913	0.01177	0.00821	0.00726	0.00243	0.00869	0.00650	0.00545	0.05086
7	0.71440	0.01523	0.01266	0.06753	0.01858	0.01778	0.00970	0.02306	0.01369	0.03431	0.01129	0.01356	0.00875	0.00741	0.00516	0.00247	0.00650	0.00452	0.00479	0.00861
8	0.01478	0.00739	0.00739	0.00739	0.00924	0.00739	0.00554	0.01848	0.01663	0.02956	0.02587	0.02956	0.02033	0.00924	0.00554	0.00185	0.00370	0.00739	0.76534	0.00739
9	0.01478	0.00739	0.00739	0.00739	0.00924	0.00739	0.00554	0.01848	0.01663	0.02956	0.02587	0.02956	0.02033	0.00924	0.00554	0.00185	0.00370	0.00739	0.76534	0.00739
10	0.02675	0.01960	0.02116	0.01670	0.02196	0.02154	0.01342	0.53372	0.03297	0.04418	0.02124	0.06571	0.01764	0.09204	0.01178	0.00304	0.00835	0.00859	0.00754	0.01206

[dist]
# distance from previous block
# <min> <max>
0	4

[block]
# block no. 5 follows, 24 sequences, length 64
# corresponding to MSA columns:
# 124-187
name=unknown_F
#
# <colnr> <probs for GDERKNQSTAVLIFYWHMCP>
#	G	D	E	R	K	N	Q	S	T	A	V	L	I	F	Y	W	H	M	C	P
0	0.19675	0.01035	0.01082	0.00989	0.01200	0.01065	0.00677	0.01831	0.01394	0.11524	0.04330	0.03931	0.02419	0.42747	0.02632	0.00553	0.00706	0.00940	0.00567	0.00703
1	0.00991	0.00800	0.00846	0.00838	0.01058	0.00694	0.00605	0.01188	0.01777	0.02198	0.15131	0.07070	0.50194	0.11524	0.01360	0.00334	0.00448	0.01571	0.00720	0.00654
2	0.01889	0.01809	0.03085	0.15274	0.57357	0.01865	0.02397	0.02369	0.01771	0.02501	0.01479	0.01987	0.01224	0.00720	0.00786	0.00240	0.00960	0.00706	0.00386	0.01196
3	0.67360	0.01545	0.01282	0.01112	0.01620	0.01748	0.00916	0.05114	0.01540	0.09856	0.01335	0.01451	0.00987	0.00769	0.00533	0.00245	0.00630	0.00477	0.00551	0.00927
4	0.00984	0.00703	0.00910	0.01067	0.01118	0.00658	0.00705	0.01111	0.01494	0.01980	0.04336	0.62183	0.07615	0.09512	0.01315	0.00365	0.00489	0.02118	0.00710	0.00629
5	0.01377	0.00689	0.01033	0.01033	0.01033	0.00689	0.00689	0.01033	0.01033	0.01377	0.01377	0.02410	0.01377	0.02755	0.03099	0.76928	0.00689	0.00689	0.00344	0.00344
6	0.77733	0.01534	0.01166	0.01043	0.01534	0.01779	0.00859	0.02331	0.01350	0.03558	0.01104	0.01288	0.00859	0.00736	0.00491	0.00245	0.00613	0.00429	0.00491	0.00859
7	0.01972	0.01703	0.01793	0.01614	0.02062	0.01972	0.01255	0.04214	0.65752	0.03317	0.03228	0.02959	0.02421	0.01076	0.00807	0.00269	0.00628	0.00897	0.00807	0.01255
8	0.02480	0.01590	0.01808	0.01549	0.02050	0.01714	0.01226	0.04102	0.45441	0.23927	0.03196	0.02876	0.02274	0.01046	0.00804	0.00261	0.00643	0.00865	0.00863	0.01285
9	0.01076	0.00712	0.00977	0.01126	0.01177	0.00679	0.00781	0.01144	0.01456	0.01936	0.03782	0.52129	0.04438	0.02507	0.01419	0.14955	0.00531	0.07917	0.00661	0.00595
10	0.01897	0.01644	0.01840	0.09176	0.02423	0.01913	0.01360	0.03886	0.56515	0.03143	0.03060	0.03068	0.02343	0.01082	0.00815	0.00272	0.00678	0.02934	0.00754	0.01196
11	0.01645	0.03778	0.58553	0.02641	0.12748	0.01848	0.02857	0.02500	0.01693	0.02523	0.01433	0.01716	0.01041	0.00747	0.00758	0.00249	0.01138	0.00604	0.00343	0.01184
12	0.02649	0.29355	0.02956	0.01788	0.02297	0.44494	0.01467	0.02872	0.02011	0.01913	0.01180	0.01371	0.01020	0.00766	0.00638	0.00191	0.01214	0.00479	0.00383	0.00956
13	0.01972	0.01703	0.01793	0.01614	0.02062	0.01972	0.01255	0.04214	0.65752	0.03317	0.03228	0.02959	0.02421	0.01076	0.00807	0.00269	0.00628	0.00897	0.00807	0.01255
14	0.07588	0.01979	0.02306	0.02173	0.12189	0.02145	0.01543	0.37806	0.10871	0.10255	0.02070	0.02080	0.01495	0.00919	0.00775	0.00243	0.00817	0.00725	0.00732	0.01291
15	0.17450	0.14875	0.17076	0.01934	0.06056	0.25669	0.01730	0.02678	0.01808	0.02416	0.01240	0.01459	0.00998	0.00757	0.00648	0.00219	0.01083	0.00508	0.00396	0.00999
16	0.02895	0.09368	0.02410	0.01977	0.02418	0.60497	0.01517	0.05907	0.02263	0.02074	0.01247	0.01439	0.01036	0.00812	0.00702	0.00203	0.01357	0.00513	0.00420	0.00947
17	0.01577	0.01489	0.02484	0.53101	0.11183	0.01707	0.04843	0.02086	0.01627	0.02167	0.01426	0.02048	0.01096	0.00756	0.00776	0.00245	0.01006	0.00689	0.00371	0.09320
18	0.01590	0.04102	0.68023	0.02260	0.03432	0.01842	0.02930	0.02511	0.01674	0.02511	0.01423	0.01674	0.01005	0.00753	0.00753	0.00251	0.01172	0.00586	0.00335	0.01172
19	0.01205	0.00934	0.01321	0.01684	0.10801	0.00907	0.01018	0.04197	0.01661	0.02242	0.03840	0.58311	0.04487	0.02156	0.00969	0.00306	0.00549	0.01959	0.00689	0.00765
20	0.01348	0.01121	0.01117	0.01094	0.01174	0.08343	0.00721	0.01439	0.01303	0.01656	0.02267	0.04270	0.02459	0.48170	0.19466	0.00829	0.01171	0.01008	0.00459	0.00584
21	0.01072	0.00802	0.00998	0.00987	0.01178	0.00728	0.00740	0.01383	0.02051	0.02786	0.43921	0.13076	0.20669	0.01825	0.00952	0.00267	0.00407	0.04618	0.00821	0.00719
22	0.01685	0.01616	0.02789	0.43259	0.28088	0.01817	0.05023	0.02199	0.01679	0.02256	0.01448	0.02060	0.01137	0.00756	0.00796	0.00254	0.01027	0.00716	0.00369	0.01027
23	0.02147	0.01664	0.01798	0.01591	0.02058	0.01883	0.01245	0.04175	0.58750	0.10422	0.03217	0.02930	0.02370	0.01065	0.00806	0.00266	0.00633	0.00886	0.00826	0.01266
24	0.02201	0.01992	0.01911	0.01685	0.02151	0.09416	0.01315	0.11026	0.51625	0.03358	0.02855	0.02669	0.02143	0.01033	0.00795	0.00258	0.00744	0.00833	0.00761	0.01229
25	0.00966	0.00690	0.00920	0.01104	0.01150	0.00644	0.00736	0.01104	0.01518	0.02024	0.04371	0.71614	0.05245	0.02484	0.01012	0.00322	0.00460	0.02254	0.00736	0.00644
26	0.01549	0.01462	0.02471	0.63017	0.12269	0.01775	0.02228	0.02071	0.01610	0.02088	0.01419	0.02097	0.01079	0.00783	0.00792	0.00261	0.01044	0.00705	0.00357	0.00922
27	0.01590	0.04102	0.68023	0.02260	0.03432	0.01842	0.02930	0.02511	0.01674	0.02511	0.01423	0.01674	0.01005	0.00753	0.00753	0.00251	0.01172	0.00586	0.00335	0.01172
28	0.00966	0.00690	0.00920	0.01104	0.01150	0.00644	0.00736	0.01104	0.01518	0.02024	0.04371	0.71614	0.05245	0.02484	0.01012	0.00322	0.00460	0.02254	0.00736	0.00644
29	0.01028	0.00737	0.00948	0.01065	0.01146	0.00692	0.00733	0.01200	0.01612	0.02155	0.13038	0.46761	0.08900	0.10721	0.01367	0.00365	0.00499	0.05665	0.00724	0.00646
30	0.01081	0.00805	0.01005	0.00964	0.01162	0.00729	0.00720	0.01413	0.02134	0.02938	0.53188	0.08631	0.18845	0.01727	0.00938	0.00256	0.00383	0.01510	0.00842	0.00729
31	0.01133	0.00850	0.01274	0.01274	0.01416	0.00991	0.00991	0.01416	0.01274	0.01841	0.02124	0.03115	0.01982	0.05947	0.68989	0.01274	0.02124	0.00850	0.00425	0.00708
32	0.01006	0.00773	0.00924	0.00978	0.01150	0.00691	0.00711	0.01235	0.01818	0.02363	0.20777	0.28377	0.29539	0.02080	0.00968	0.00286	0.00429	0.04444	0.00769	0.00683
33	0.01087	0.00777	0.01009	0.01012	0.01148	0.00724	0.00722	0.01370	0.01970	0.02752	0.45802	0.21972	0.06528	0.08041	0.01227	0.00313	0.00430	0.01611	0.00805	0.00699
34	0.01153	0.00769	0.00865	0.00865	0.00865	0.00769	0.00480	0.01153	0.01153	0.01538	0.02499	0.05189	0.02883	0.72131	0.04036	0.00769	0.00769	0.01153	0.00480	0.00480
35	0.00966	0.00690	0.00920	0.01104	0.01150	0.00644	0.00736	0.01104	0.01518	0.02024	0.04371	0.71614	0.05245	0.02484	0.01012	0.00322	0.00460	0.02254	0.00736	0.00644
36	0.01115	0.00810	0.01054	0.01025	0.01207	0.00749	0.00775	0.01467	0.02155	0.03013	0.56412	0.10107	0.09797	0.01726	0.00950	0.00262	0.00403	0.05385	0.00850	0.00737
37	0.02120	0.72609	0.04155	0.01357	0.02035	0.03138	0.01357	0.02374	0.01611	0.01866	0.01102	0.01272	0.01018	0.00678	0.00509	0.00170	0.00848	0.00424	0.00339	0.01018
38	0.01030	0.00804	0.00945	0.00990	0.01194	0.00719	0.00757	0.01280	0.01849	0.02358	0.18084	0.17371	0.36280	0.02036	0.00973	0.00288	0.00457	0.11133	0.00761	0.00690
39	0.01478	0.00739	0.00739	0.00739	0.00924	0.00739	0.00554	0.01848	0.01663	0.02956	0.02587	0.02956	0.02033	0.00924	0.00554	0.00185	0.00370	0.00739	0.76534	0.00739
40	0.00978	0.00695	0.00917	0.01089	0.01132	0.00652	0.00720	0.01107	0.01495	0.01993	0.04250	0.67335	0.05093	0.06971	0.01207	0.00351	0.00480	0.02183	0.00720	0.00634
41	0.00966	0.00690	0.00920	0.01104	0.01150	0.00644	0.00736	0.01104	0.01518	0.02024	0.04371	0.71614	0.05245	0.02484	0.01012	0.00322	0.00460	0.02254	0.00736	0.00644
42	0.01972	0.01703	0.01793	0.01614	0.02062	0.01972	0.01255	0.04214	0.65752	0.03317	0.03228	0.02959	0.02421	0.01076	0.00807	0.00269	0.00628	0.00897	0.00807	0.01255
43	0.01133	0.00850	0.01274	0.01274	0.01416	0.00991	0.00991	0.01416	0.01274	0.01841	0.02124	0.03115	0.01982	0.05947	0.68989	0.01274	0.02124	0.00850	0.00425	0.00708
44	0.77733	0.01534	0.01166	0.01043	0.01534	0.01779	0.00859	0.02331	0.01350	0.03558	0.01104	0.01288	0.00859	0.00736	0.00491	0.00245	0.00613	0.00429	0.00491	0.00859
45	0.01278	0.00913	0.01278	0.01460	0.01643	0.00913	0.01278	0.01643	0.01825	0.02373	0.04199	0.08945	0.04564	0.02191	0.01095	0.00365	0.00730	0.61847	0.00730	0.00730
46	0.01972	0.01703	0.01793	0.01614	0.02062	0.01972	0.01255	0.04214	0.65752	0.03317	0.03228	0.02959	0.02421	0.01076	0.00807	0.00269	0.00628	0.00897	0.00807	0.01255
47	0.02902	0.02137	0.02301	0.01775	0.02383	0.02357	0.01462	0.60785	0.03640	0.04889	0.05768	0.02143	0.01714	0.00992	0.00802	0.00239	0.00843	0.00757	0.00798	0.01313
48	0.03014	0.02221	0.02380	0.01825	0.02459	0.02459	0.01507	0.64541	0.03728	0.04998	0.01904	0.01904	0.01349	0.00952	0.00793	0.00238	0.00873	0.00714	0.00793	0.01349
49	0.02907	0.02169	0.02218	0.01763	0.02348	0.07573	0.01432	0.43480	0.13160	0.11409	0.02192	0.02119	0.01558	0.00964	0.00790	0.00241	0.00857	0.00735	0.00785	0.01300
50	0.02547	0.01662	0.01875	0.01580	0.02097	0.01798	0.01259	0.11100	0.40389	0.21959	0.03046	0.02762	0.02165	0.01034	0.00803	0.00259	0.00669	0.00847	0.00855	0.01293
51	0.01133	0.00850	0.01274	0.01274	0.01416	0.00991	0.00991	0.01416	0.01274	0.01841	0.02124	0.03115	0.01982	0.05947	0.68989	0.01274	0.02124	0.00850	0.00425	0.00708
52	0.01133	0.00850	0.01274	0.01274	0.01416	0.00991	0.00991	0.01416	0.01274	0.01841	0.02124	0.03115	0.01982	0.05947	0.68989	0.01274	0.02124	0.00850	0.00425	0.00708
53	0.01137	0.00834	0.01196	0.01196	0.01311	0.00949	0.00894	0.01366	0.01251	0.01783	0.02196	0.03511	0.02154	0.18586	0.56586	0.01178	0.01865	0.00908	0.00435	0.00665
54	0.01972	0.01703	0.01793	0.01614	0.02062	0.01972	0.01255	0.04214	0.65752	0.03317	0.03228	0.02959	0.02421	0.01076	0.00807	0.00269	0.00628	0.00897	0.00807	0.01255
55	0.02105	0.02150	0.02960	0.03942	0.45829	0.11699	0.05264	0.02784	0.10437	0.02590	0.01691	0.02027	0.01375	0.00770	0.00785	0.00237	0.00991	0.00715	0.00451	0.01197
56	0.02760	0.01173	0.01585	0.01275	0.01749	0.01029	0.01029	0.03088	0.02261	0.46578	0.23984	0.03756	0.03772	0.01191	0.00843	0.00247	0.00576	0.01006	0.00946	0.01152
57	0.01278	0.00913	0.01278	0.01460	0.01643	0.00913	0.01278	0.01643	0.01825	0.02373	0.04199	0.08945	0.04564	0.02191	0.01095	0.00365	0.00730	0.61847	0.00730	0.00730
58	0.02028	0.01820	0.01819	0.01638	0.02084	0.05739	0.01271	0.04155	0.62181	0.03240	0.03115	0.02873	0.02342	0.01061	0.00802	0.00265	0.00673	0.00875	0.00784	0.01236
59	0.02282	0.59407	0.03789	0.01488	0.02115	0.15760	0.01390	0.02526	0.01733	0.01880	0.01126	0.01302	0.01018	0.00705	0.00548	0.00176	0.00960	0.00441	0.00353	0.00999
60	0.00966	0.00690	0.00920	0.01104	0.01150	0.00644	0.00736	0.01104	0.01518	0.02024	0.04371	0.71614	0.05245	0.02484	0.01012	0.00322	0.00460	0.02254	0.00736	0.00644
61	0.01153	0.00769	0.00865	0.00865	0.00865	0.00769	0.00480	0.01153	0.01153	0.01538	0.02499	0.05189	0.02883	0.72131	0.04036	0.00769	0.00769	0.01153	0.00480	0.00480
62	0.01177	0.00868	0.01107	0.01037	0.01241	0.00827	0.00781	0.01671	0.06336	0.03189	0.62674	0.05732	0.07156	0.01586	0.00927	0.00251	0.00390	0.01399	0.00869	0.00781
63	0.07349	0.03381	0.02147	0.01928	0.02350	0.55954	0.01461	0.09048	0.02312	0.02339	0.01399	0.04022	0.01197	0.00886	0.00720	0.00214	0.01292	0.00589	0.00463	0.00948

[dist]
# distance from previous block
# <min> <max>
0	7

[block]
# block no. 6 follows, 24 sequences, length 426
# corresponding to MSA columns:
# 195-620
name=unknown_G
#
# <colnr> <probs for GDERKNQSTAVLIFYWHMCP>
#	G	D	E	R	K	N	Q	S	T	A	V	L	I	F	Y	W	H	M	C	P
0	0.02067	0.01730	0.02337	0.13320	0.15311	0.01909	0.04192	0.11578	0.26581	0.05789	0.02394	0.02711	0.01859	0.00972	0.00816	0.00261	0.00826	0.03528	0.00640	0.01181
1	0.01153	0.00769	0.00865	0.00865	0.00865	0.00769	0.00480	0.01153	0.01153	0.01538	0.02499	0.05189	0.02883	0.72131	0.04036	0.00769	0.00769	0.01153	0.00480	0.00480
2	0.01922	0.02184	0.07424	0.03066	0.03841	0.01982	0.53223	0.07933	0.02011	0.02734	0.01733	0.04891	0.01369	0.00771	0.00917	0.00266	0.01253	0.00952	0.00446	0.01082
3	0.02975	0.02201	0.02357	0.01816	0.02444	0.02441	0.01498	0.62241	0.06093	0.04934	0.01954	0.01944	0.01389	0.00957	0.00794	0.00239	0.00863	0.00721	0.00794	0.01345
4	0.00937	0.00803	0.00803	0.00803	0.01071	0.00669	0.00602	0.01138	0.01807	0.02142	0.08033	0.07632	0.66863	0.02008	0.00937	0.00268	0.00402	0.01674	0.00736	0.00669
5	0.57005	0.01724	0.01502	0.01260	0.01790	0.01968	0.01039	0.19589	0.02009	0.03957	0.01326	0.01459	0.00995	0.00796	0.00575	0.00243	0.00685	0.00508	0.00575	0.00995
6	0.02287	0.05006	0.01944	0.01564	0.02034	0.07226	0.01248	0.21418	0.29891	0.03584	0.02490	0.02454	0.01874	0.00978	0.00744	0.00237	0.00733	0.00768	0.12354	0.01167
7	0.01313	0.00985	0.01479	0.01572	0.01791	0.00977	0.05013	0.01696	0.01828	0.02383	0.04045	0.08542	0.04365	0.02100	0.01086	0.00359	0.00766	0.58237	0.00711	0.00750
8	0.05815	0.13563	0.04810	0.01486	0.02102	0.07536	0.01291	0.03461	0.04760	0.43412	0.02488	0.02270	0.01664	0.00903	0.00730	0.00230	0.00785	0.00693	0.00774	0.01228
9	0.02154	0.69839	0.04079	0.01384	0.02052	0.05785	0.01364	0.02406	0.01637	0.01869	0.01107	0.01278	0.01018	0.00684	0.00517	0.00171	0.00871	0.00428	0.00342	0.01014
10	0.01150	0.00772	0.00882	0.00877	0.00893	0.00767	0.00504	0.01183	0.01249	0.01682	0.08150	0.05254	0.03287	0.65932	0.03763	0.00723	0.00734	0.01178	0.00515	0.00504
11	0.01377	0.00689	0.01033	0.01033	0.01033	0.00689	0.00689	0.01033	0.01033	0.01377	0.01377	0.02410	0.01377	0.02755	0.03099	0.76928	0.00689	0.00689	0.00344	0.00344
12	0.02221	0.09862	0.02155	0.01610	0.02115	0.02121	0.01312	0.15364	0.41377	0.05991	0.02770	0.02809	0.02129	0.01050	0.00782	0.00255	0.00706	0.03389	0.00755	0.01227
13	0.01139	0.00825	0.01150	0.01150	0.01248	0.00924	0.00836	0.01336	0.01238	0.01749	0.02238	0.03746	0.02256	0.26069	0.49241	0.01121	0.01712	0.00942	0.00442	0.00639
14	0.02965	0.01461	0.01825	0.01494	0.02035	0.01427	0.01223	0.08772	0.16275	0.42662	0.03143	0.03239	0.02241	0.01106	0.00825	0.00260	0.00686	0.06180	0.00905	0.01274
15	0.01827	0.02390	0.13249	0.03139	0.03957	0.02001	0.53178	0.02509	0.01816	0.02509	0.01555	0.02058	0.01169	0.00711	0.00984	0.00269	0.04337	0.00877	0.00390	0.01075
16	0.74969	0.01627	0.03592	0.01087	0.01602	0.01781	0.00934	0.02338	0.01361	0.03520	0.01116	0.01302	0.00864	0.00737	0.00500	0.00246	0.00634	0.00435	0.00485	0.00870
17	0.01657	0.01421	0.01650	0.01192	0.01886	0.01093	0.00952	0.02083	0.04138	0.02613	0.01480	0.01695	0.01223	0.00606	0.00596	0.00123	0.00589	0.00486	0.00483	0.74033
18	0.00978	0.00699	0.00934	0.01118	0.01169	0.00654	0.00757	0.01125	0.01530	0.02038	0.04364	0.69201	0.05219	0.02473	0.01015	0.00324	0.00470	0.04549	0.00736	0.00647
19	0.00965	0.00696	0.00914	0.01089	0.01146	0.00645	0.00730	0.01106	0.01532	0.02030	0.04550	0.68484	0.08259	0.02461	0.01008	0.00319	0.00457	0.02226	0.00736	0.00645
20	0.02193	0.66610	0.03989	0.01417	0.02072	0.08873	0.01372	0.02444	0.01667	0.01872	0.01113	0.01286	0.01018	0.00691	0.00527	0.00173	0.00899	0.00432	0.00345	0.01009
21	0.71161	0.01663	0.01266	0.01121	0.01615	0.04797	0.00917	0.05071	0.01493	0.03548	0.01144	0.01321	0.00887	0.00749	0.00514	0.00243	0.00661	0.00445	0.00500	0.00883
22	0.00966	0.00690	0.00920	0.01104	0.01150	0.00644	0.00736	0.01104	0.01518	0.02024	0.04371	0.71614	0.05245	0.02484	0.01012	0.00322	0.00460	0.02254	0.00736	0.00644
23	0.01133	0.00850	0.01274	0.01274	0.01416	0.00991	0.00991	0.01416	0.01274	0.01841	0.02124	0.03115	0.01982	0.05947	0.68989	0.01274	0.02124	0.00850	0.00425	0.00708
24	0.01377	0.00689	0.01033	0.01033	0.01033	0.00689	0.00689	0.01033	0.01033	0.01377	0.01377	0.02410	0.01377	0.02755	0.03099	0.76928	0.00689	0.00689	0.00344	0.00344
25	0.02062	0.01817	0.01839	0.01642	0.02097	0.04914	0.01278	0.06836	0.60241	0.03332	0.03082	0.02845	0.02312	0.01059	0.00802	0.00265	0.00673	0.00872	0.00789	0.01245
26	0.02010	0.01837	0.02800	0.09052	0.44184	0.01937	0.02105	0.07583	0.14879	0.02881	0.01869	0.02171	0.01483	0.00807	0.00791	0.00245	0.00882	0.00745	0.00504	0.01234
27	0.01377	0.00689	0.01033	0.01033	0.01033	0.00689	0.00689	0.01033	0.01033	0.01377	0.01377	0.02410	0.01377	0.02755	0.03099	0.76928	0.00689	0.00689	0.00344	0.00344
28	0.01133	0.00850	0.01274	0.01274	0.01416	0.00991	0.00991	0.01416	0.01274	0.01841	0.02124	0.03115	0.01982	0.05947	0.68989	0.01274	0.02124	0.00850	0.00425	0.00708
29	0.02962	0.03779	0.02247	0.02043	0.02451	0.68948	0.01532	0.03166	0.02247	0.01941	0.01226	0.01430	0.01021	0.00817	0.00715	0.00204	0.01430	0.00511	0.00409	0.00919
30	0.02780	0.18694	0.02661	0.01894	0.02361	0.54687	0.01494	0.02995	0.02109	0.01924	0.01199	0.01396	0.01021	0.00787	0.00670	0.00197	0.01304	0.00492	0.00394	0.00941
31	0.01831	0.02281	0.10153	0.06048	0.04137	0.01981	0.56308	0.02516	0.01842	0.02516	0.01580	0.02097	0.01180	0.00681	0.00914	0.00266	0.01311	0.00895	0.00393	0.01071
32	0.02684	0.02026	0.02203	0.01668	0.02319	0.02121	0.01371	0.49478	0.03226	0.04416	0.01785	0.01841	0.01307	0.00864	0.00744	0.00209	0.00804	0.00655	0.00715	0.19563
33	0.01020	0.00729	0.00982	0.01166	0.01236	0.00691	0.00830	0.01198	0.01572	0.02085	0.04341	0.60725	0.05126	0.02433	0.01027	0.00330	0.00507	0.12609	0.00735	0.00659
34	0.02067	0.27922	0.20251	0.01827	0.02571	0.10324	0.06513	0.05230	0.01838	0.04665	0.01556	0.05727	0.01335	0.00840	0.00687	0.00215	0.01001	0.00653	0.00424	0.04354
35	0.02553	0.02435	0.02126	0.04506	0.02426	0.21228	0.01434	0.23114	0.21269	0.03370	0.02049	0.02070	0.01547	0.00922	0.00763	0.00231	0.00951	0.00694	0.00651	0.05662
36	0.69541	0.01603	0.01434	0.01218	0.01734	0.01826	0.04651	0.05421	0.01498	0.03569	0.01173	0.01369	0.00903	0.00743	0.00532	0.00246	0.00669	0.00473	0.00500	0.00896
37	0.06683	0.32508	0.05463	0.01529	0.02111	0.16422	0.01356	0.05226	0.06799	0.02328	0.01529	0.04956	0.01353	0.00836	0.00628	0.00198	0.00910	0.00592	0.00450	0.08125
38	0.01843	0.02000	0.03882	0.02993	0.06246	0.02112	0.41985	0.02441	0.04550	0.02407	0.01521	0.02059	0.01216	0.00882	0.01371	0.00287	0.19909	0.00859	0.00404	0.01032
39	0.03014	0.02221	0.02380	0.01825	0.02459	0.02459	0.01507	0.64541	0.03728	0.04998	0.01904	0.01904	0.01349	0.00952	0.00793	0.00238	0.00873	0.00714	0.00793	0.01349
40	0.01153	0.00769	0.00865	0.00865	0.00865	0.00769	0.00480	0.01153	0.01153	0.01538	0.02499	0.05189	0.02883	0.72131	0.04036	0.00769	0.00769	0.01153	0.00480	0.00480
41	0.00937	0.00803	0.00803	0.00803	0.01071	0.00669	0.00602	0.01138	0.01807	0.02142	0.08033	0.07632	0.66863	0.02008	0.00937	0.00268	0.00402	0.01674	0.00736	0.00669
42	0.01133	0.00850	0.01274	0.01274	0.01416	0.00991	0.00991	0.01416	0.01274	0.01841	0.02124	0.03115	0.01982	0.05947	0.68989	0.01274	0.02124	0.00850	0.00425	0.00708
43	0.01133	0.00850	0.01274	0.01274	0.01416	0.00991	0.00991	0.01416	0.01274	0.01841	0.02124	0.03115	0.01982	0.05947	0.68989	0.01274	0.02124	0.00850	0.00425	0.00708
44	0.01590	0.04102	0.68023	0.02260	0.03432	0.01842	0.02930	0.02511	0.01674	0.02511	0.01423	0.01674	0.01005	0.00753	0.00753	0.00251	0.01172	0.00586	0.00335	0.01172
45	0.02962	0.03779	0.02247	0.02043	0.02451	0.68948	0.01532	0.03166	0.02247	0.01941	0.01226	0.01430	0.01021	0.00817	0.00715	0.00204	0.01430	0.00511	0.00409	0.00919
46	0.01230	0.00879	0.01223	0.01406	0.01567	0.00872	0.01195	0.01560	0.01778	0.02320	0.04225	0.18547	0.04668	0.02236	0.01083	0.00359	0.00689	0.52717	0.00731	0.00717
47	0.00966	0.00690	0.00920	0.01104	0.01150	0.00644	0.00736	0.01104	0.01518	0.02024	0.04371	0.71614	0.05245	0.02484	0.01012	0.00322	0.00460	0.02254	0.00736	0.00644
48	0.00966	0.00690	0.00920	0.01104	0.01150	0.00644	0.00736	0.01104	0.01518	0.02024	0.04371	0.71614	0.05245	0.02484	0.01012	0.00322	0.00460	0.02254	0.00736	0.00644
49	0.77733	0.01534	0.01166	0.01043	0.01534	0.01779	0.00859	0.02331	0.01350	0.03558	0.01104	0.01288	0.00859	0.00736	0.00491	0.00245	0.00613	0.00429	0.00491	0.00859
50	0.01122	0.00811	0.01060	0.00998	0.01185	0.00748	0.00748	0.01496	0.02245	0.03180	0.66766	0.05923	0.07482	0.01621	0.00935	0.00249	0.00374	0.01434	0.00873	0.00748
51	0.01644	0.01409	0.01644	0.01175	0.01879	0.01057	0.00940	0.01997	0.01644	0.02584	0.01409	0.01644	0.01175	0.00587	0.00587	0.00117	0.00587	0.00470	0.00470	0.76979
52	0.01498	0.01409	0.02378	0.70226	0.05462	0.01762	0.02202	0.02026	0.01586	0.02026	0.01409	0.02114	0.01057	0.00793	0.00793	0.00264	0.01057	0.00705	0.00352	0.00881
53	0.01168	0.00861	0.01128	0.01224	0.01417	0.00821	0.01016	0.01495	0.01900	0.02491	0.18479	0.10781	0.16626	0.02047	0.01028	0.00320	0.00581	0.35134	0.00763	0.00719
54	0.01498	0.01409	0.02378	0.70226	0.05462	0.01762	0.02202	0.02026	0.01586	0.02026	0.01409	0.02114	0.01057	0.00793	0.00793	0.00264	0.01057	0.00705	0.00352	0.00881
55	0.01872	0.02139	0.04679	0.03342	0.04144	0.02005	0.64305	0.02540	0.01872	0.02540	0.01604	0.02139	0.01203	0.00668	0.00936	0.00267	0.01337	0.00936	0.00401	0.01070
56	0.00970	0.00780	0.00866	0.00896	0.01105	0.00675	0.00652	0.01183	0.01809	0.02268	0.15778	0.21141	0.44987	0.02054	0.00953	0.00277	0.00410	0.01764	0.00756	0.00675
57	0.01963	0.01884	0.03219	0.04867	0.67185	0.01884	0.02434	0.02434	0.01806	0.02591	0.01492	0.01963	0.01256	0.00707	0.00785	0.00236	0.00942	0.00707	0.00393	0.01256
58	0.01053	0.00815	0.00964	0.00948	0.01170	0.00726	0.00725	0.01351	0.02022	0.02666	0.36430	0.06896	0.33170	0.01833	0.00948	0.00266	0.00413	0.06088	0.00803	0.00712
59	0.01799	0.01683	0.02863	0.04070	0.50958	0.01673	0.04890	0.02248	0.01817	0.02562	0.04563	0.05901	0.02075	0.00998	0.00845	0.00257	0.00891	0.08302	0.00468	0.01137
60	0.02853	0.03605	0.02364	0.02103	0.02509	0.62679	0.04335	0.03076	0.02179	0.01966	0.01233	0.01477	0.01031	0.00839	0.00818	0.00214	0.04851	0.00539	0.00405	0.00923
61	0.02885	0.03632	0.02323	0.02262	0.07476	0.63742	0.01602	0.03110	0.02213	0.01991	0.01246	0.01471	0.01040	0.00809	0.00720	0.00207	0.01392	0.00526	0.00407	0.00945
62	0.03014	0.02221	0.02380	0.01825	0.02459	0.02459	0.01507	0.64541	0.03728	0.04998	0.01904	0.01904	0.01349	0.00952	0.00793	0.00238	0.00873	0.00714	0.00793	0.01349
63	0.01478	0.00739	0.00739	0.00739	0.00924	0.00739	0.00554	0.01848	0.01663	0.02956	0.02587	0.02956	0.02033	0.00924	0.00554	0.00185	0.00370	0.00739	0.76534	0.00739
64	0.01899	0.01838	0.02784	0.06632	0.44029	0.04607	0.04463	0.02619	0.11631	0.02613	0.02280	0.02568	0.06754	0.00876	0.00804	0.00244	0.00890	0.00815	0.00483	0.01171
65	0.01106	0.00810	0.01037	0.00980	0.01174	0.00741	0.00735	0.01464	0.02205	0.03086	0.61433	0.06079	0.12874	0.01656	0.00935	0.00251	0.00377	0.01456	0.00861	0.00741
66	0.01702	0.01521	0.02066	0.01738	0.01939	0.01868	0.01429	0.01936	0.01361	0.04685	0.01361	0.01951	0.01242	0.01845	0.11569	0.00424	0.42496	0.00671	0.00411	0.17786
67	0.02134	0.04489	0.07861	0.06445	0.35352	0.02050	0.04680	0.15441	0.08153	0.03099	0.01722	0.02012	0.01346	0.00797	0.00784	0.00241	0.00934	0.00717	0.00507	0.01236
68	0.02159	0.69540	0.04078	0.01377	0.02054	0.03108	0.01363	0.05085	0.01704	0.02002	0.01137	0.01300	0.01032	0.00690	0.00521	0.00173	0.00849	0.00437	0.00359	0.01032
69	0.01153	0.00769	0.00865	0.00865	0.00865	0.00769	0.00480	0.01153	0.01153	0.01538	0.02499	0.05189	0.02883	0.72131	0.04036	0.00769	0.00769	0.01153	0.00480	0.00480
70	0.01815	0.01927	0.05866	0.17580	0.19813	0.01901	0.25840	0.04842	0.01852	0.02544	0.04212	0.02203	0.01437	0.00787	0.00922	0.00259	0.03892	0.00819	0.00419	0.01070
71	0.02350	0.24472	0.10770	0.02152	0.08108	0.18496	0.08117	0.02835	0.05050	0.08297	0.01548	0.01722	0.01214	0.00770	0.00697	0.00215	0.01058	0.00599	0.00449	0.01080
72	0.05051	0.11077	0.58423	0.02112	0.03203	0.01973	0.02674	0.02489	0.01653	0.02491	0.01376	0.01615	0.00999	0.00745	0.00716	0.00242	0.01113	0.00562	0.00342	0.01142
73	0.00937	0.00803	0.00803	0.00803	0.01071	0.00669	0.00602	0.01138	0.01807	0.02142	0.08033	0.07632	0.66863	0.02008	0.00937	0.00268	0.00402	0.01674	0.00736	0.00669
74	0.02363	0.01522	0.01800	0.01605	0.04819	0.01594	0.01202	0.17616	0.17423	0.18325	0.05666	0.06152	0.05176	0.06960	0.03807	0.00336	0.00754	0.00957	0.00781	0.01142
75	0.48261	0.23609	0.07539	0.01239	0.01843	0.02202	0.01181	0.02359	0.01457	0.02952	0.01130	0.01315	0.00920	0.00720	0.00518	0.00223	0.00731	0.00441	0.00431	0.00933
76	0.01478	0.00739	0.00739	0.00739	0.00924	0.00739	0.00554	0.01848	0.01663	0.02956	0.02587	0.02956	0.02033	0.00924	0.00554	0.00185	0.00370	0.00739	0.76534	0.00739
77	0.01148	0.00790	0.00971	0.00971	0.01008	0.00827	0.00613	0.01222	0.01185	0.01616	0.02401	0.04650	0.02649	0.54919	0.20929	0.00900	0.01121	0.01074	0.00466	0.00540
78	0.05360	0.62404	0.03815	0.01387	0.02039	0.06894	0.01338	0.02486	0.01668	0.04886	0.01200	0.01346	0.01054	0.00703	0.00533	0.00178	0.00865	0.00446	0.00378	0.01020
79	0.01234	0.00894	0.01138	0.01047	0.01260	0.00850	0.00793	0.05233	0.02333	0.03288	0.62922	0.05685	0.07119	0.01581	0.00927	0.00249	0.00404	0.01391	0.00868	0.00784
80	0.01133	0.00850	0.01274	0.01274	0.01416	0.00991	0.00991	0.01416	0.01274	0.01841	0.02124	0.03115	0.01982	0.05947	0.68989	0.01274	0.02124	0.00850	0.00425	0.00708
81	0.02756	0.10482	0.02384	0.01874	0.02336	0.47530	0.01461	0.11221	0.05201	0.02410	0.01668	0.01796	0.03789	0.00880	0.00717	0.00211	0.01218	0.00593	0.00484	0.00992
82	0.01801	0.21459	0.39015	0.01990	0.05371	0.02130	0.02225	0.06065	0.01789	0.02481	0.01664	0.01858	0.03976	0.00792	0.00694	0.00223	0.01001	0.00599	0.00389	0.04476
83	0.01933	0.01898	0.03357	0.04459	0.54611	0.01861	0.11530	0.02428	0.01807	0.02583	0.01504	0.01973	0.01244	0.00695	0.00798	0.00234	0.00983	0.00729	0.00398	0.04974
84	0.01902	0.01820	0.03076	0.04626	0.63267	0.01812	0.02325	0.02357	0.01806	0.02564	0.01879	0.02299	0.05144	0.00784	0.00794	0.00237	0.00910	0.00764	0.00413	0.01221
85	0.01590	0.04102	0.68023	0.02260	0.03432	0.01842	0.02930	0.02511	0.01674	0.02511	0.01423	0.01674	0.01005	0.00753	0.00753	0.00251	0.01172	0.00586	0.00335	0.01172
86	0.02061	0.64906	0.11336	0.01458	0.02192	0.02992	0.01534	0.02390	0.01618	0.01938	0.01138	0.01317	0.01016	0.00687	0.00536	0.00179	0.00884	0.00442	0.00339	0.01035
87	0.02091	0.41481	0.14196	0.01817	0.06160	0.11736	0.01686	0.02551	0.04543	0.02089	0.01332	0.01553	0.01133	0.00950	0.03475	0.00242	0.01031	0.00518	0.00375	0.01041
88	0.04986	0.01417	0.04299	0.01375	0.01685	0.03963	0.03827	0.12999	0.05131	0.02764	0.08516	0.23330	0.08294	0.12153	0.01353	0.00347	0.00692	0.01352	0.00667	0.00849
89	0.05685	0.08332	0.02217	0.04598	0.02302	0.15175	0.01345	0.24094	0.02576	0.09078	0.07269	0.02126	0.01784	0.00906	0.00731	0.00215	0.00886	0.00679	0.00634	0.09366
90	0.01153	0.00769	0.00865	0.00865	0.00865	0.00769	0.00480	0.01153	0.01153	0.01538	0.02499	0.05189	0.02883	0.72131	0.04036	0.00769	0.00769	0.01153	0.00480	0.00480
91	0.77733	0.01534	0.01166	0.01043	0.01534	0.01779	0.00859	0.02331	0.01350	0.03558	0.01104	0.01288	0.00859	0.00736	0.00491	0.00245	0.00613	0.00429	0.00491	0.00859
92	0.00966	0.00690	0.00920	0.01104	0.01150	0.00644	0.00736	0.01104	0.01518	0.02024	0.04371	0.71614	0.05245	0.02484	0.01012	0.00322	0.00460	0.02254	0.00736	0.00644
93	0.00963	0.00802	0.00828	0.00823	0.01072	0.00681	0.00610	0.01170	0.01817	0.02207	0.12927	0.07376	0.58882	0.05031	0.01072	0.00288	0.00415	0.01630	0.00737	0.00668
94	0.02962	0.03779	0.02247	0.02043	0.02451	0.68948	0.01532	0.03166	0.02247	0.01941	0.01226	0.01430	0.01021	0.00817	0.00715	0.00204	0.01430	0.00511	0.00409	0.00919
95	0.77733	0.01534	0.01166	0.01043	0.01534	0.01779	0.00859	0.02331	0.01350	0.03558	0.01104	0.01288	0.00859	0.00736	0.00491	0.00245	0.00613	0.00429	0.00491	0.00859
96	0.02149	0.01791	0.01892	0.01649	0.02129	0.02055	0.01298	0.14419	0.55260	0.03601	0.03004	0.02780	0.02239	0.01055	0.00805	0.00264	0.00669	0.00866	0.00805	0.01271
97	0.03558	0.01350	0.01840	0.01411	0.02024	0.01166	0.01166	0.03865	0.02270	0.67734	0.03128	0.02699	0.01963	0.00981	0.00797	0.00245	0.00675	0.00797	0.00981	0.01350
98	0.01377	0.00689	0.01033	0.01033	0.01033	0.00689	0.00689	0.01033	0.01033	0.01377	0.01377	0.02410	0.01377	0.02755	0.03099	0.76928	0.00689	0.00689	0.00344	0.00344
99	0.02077	0.01914	0.02858	0.04833	0.02940	0.02048	0.22183	0.12592	0.32909	0.03262	0.02424	0.02498	0.01806	0.00912	0.00847	0.00264	0.00915	0.00875	0.00653	0.01193
100	0.01134	0.00847	0.01259	0.01259	0.01396	0.00983	0.00973	0.01406	0.01270	0.01830	0.02138	0.03191	0.02015	0.08362	0.66619	0.01256	0.02075	0.00861	0.00427	0.00700
101	0.01735	0.01735	0.02429	0.02082	0.02082	0.02429	0.01735	0.01908	0.01214	0.01908	0.01041	0.01735	0.01041	0.01388	0.02602	0.00347	0.70680	0.00694	0.00347	0.00867
102	0.02088	0.01816	0.01856	0.01630	0.02104	0.04556	0.01275	0.09384	0.55134	0.03381	0.02957	0.02751	0.02220	0.01034	0.00793	0.00257	0.00678	0.00848	0.00776	0.04462
103	0.01590	0.04102	0.68023	0.02260	0.03432	0.01842	0.02930	0.02511	0.01674	0.02511	0.01423	0.01674	0.01005	0.00753	0.00753	0.00251	0.01172	0.00586	0.00335	0.01172
104	0.02047	0.05063	0.05534	0.04190	0.52324	0.01905	0.04829	0.02610	0.04950	0.06450	0.01658	0.02021	0.01333	0.00740	0.00780	0.00237	0.00931	0.00714	0.00444	0.01240
105	0.01731	0.08677	0.45083	0.02348	0.03349	0.01959	0.15172	0.05101	0.01818	0.02598	0.03828	0.01902	0.01296	0.00770	0.00780	0.00248	0.01139	0.00681	0.00388	0.01132
106	0.01008	0.00796	0.00919	0.00989	0.01189	0.00708	0.00751	0.01229	0.01763	0.02195	0.08902	0.22195	0.40216	0.02131	0.00980	0.00296	0.00469	0.11847	0.00741	0.00677
107	0.02012	0.06172	0.03304	0.04459	0.57343	0.04930	0.05390	0.02468	0.01817	0.02516	0.01462	0.01907	0.01229	0.00708	0.00773	0.00232	0.00978	0.00692	0.00390	0.01218
108	0.77733	0.01534	0.01166	0.01043	0.01534	0.01779	0.00859	0.02331	0.01350	0.03558	0.01104	0.01288	0.00859	0.00736	0.00491	0.00245	0.00613	0.00429	0.00491	0.00859
109	0.03014	0.02221	0.02380	0.01825	0.02459	0.02459	0.01507	0.64541	0.03728	0.04998	0.01904	0.01904	0.01349	0.00952	0.00793	0.00238	0.00873	0.00714	0.00793	0.01349
110	0.02985	0.05819	0.02430	0.01812	0.02421	0.10492	0.01490	0.51733	0.03389	0.06890	0.01830	0.01846	0.01316	0.00923	0.00770	0.00231	0.00931	0.00678	0.00732	0.01280
111	0.01616	0.01562	0.02353	0.01995	0.02134	0.02017	0.08008	0.01969	0.04489	0.02027	0.01468	0.02169	0.01352	0.02395	0.18310	0.00558	0.43548	0.00766	0.00394	0.00869
112	0.01377	0.00689	0.01033	0.01033	0.01033	0.00689	0.00689	0.01033	0.01033	0.01377	0.01377	0.02410	0.01377	0.02755	0.03099	0.76928	0.00689	0.00689	0.00344	0.00344
113	0.77733	0.01534	0.01166	0.01043	0.01534	0.01779	0.00859	0.02331	0.01350	0.03558	0.01104	0.01288	0.00859	0.00736	0.00491	0.00245	0.00613	0.00429	0.00491	0.00859
