[name]
unknown

[dist]
# distance from previous block
# <min> <max>
0	0

[block]
# block no. 0 follows, 24 sequences, length 11
# corresponding to MSA columns:
# 0-10
name=unknown_A
#
# <colnr> <probs for GDERKNQSTAVLIFYWHMCP>
#	G	D	E	R	K	N	Q	S	T	A	V	L	I	F	Y	W	H	M	C	P
0	0.01278	0.00913	0.01278	0.01460	0.01643	0.00913	0.01278	0.01643	0.01825	0.02373	0.04199	0.08945	0.04564	0.02191	0.01095	0.00365	0.00730	0.61847	0.00730	0.00730
1	0.02083	0.01679	0.01796	0.01600	0.02059	0.01916	0.01249	0.04189	0.61343	0.07791	0.03221	0.02941	0.02389	0.01069	0.00806	0.00267	0.00631	0.00890	0.00819	0.01262
2	0.01872	0.02139	0.04679	0.03342	0.04144	0.02005	0.64305	0.02540	0.01872	0.02540	0.01604	0.02139	0.01203	0.00668	0.00936	0.00267	0.01337	0.00936	0.00401	0.01070
3	0.03014	0.02221	0.02380	0.01825	0.02459	0.02459	0.01507	0.64541	0.03728	0.04998	0.01904	0.01904	0.01349	0.00952	0.00793	0.00238	0.00873	0.00714	0.00793	0.01349
4	0.01118	0.00806	0.01060	0.01032	0.01207	0.00749	0.00776	0.01472	0.02161	0.03039	0.58114	0.11582	0.07135	0.01725	0.00950	0.00262	0.00401	0.04820	0.00854	0.00739
5	0.01823	0.01989	0.03930	0.02884	0.03501	0.02019	0.45240	0.02356	0.01708	0.02405	0.01464	0.02009	0.01165	0.00820	0.01273	0.00272	0.16532	0.00844	0.00395	0.07372
6	0.01084	0.00814	0.01008	0.00974	0.01181	0.00737	0.00741	0.01415	0.02112	0.02876	0.48644	0.06516	0.22191	0.01749	0.00944	0.00260	0.00400	0.04793	0.00831	0.00728
7	0.02848	0.03432	0.02202	0.01978	0.02406	0.56677	0.01498	0.07292	0.09869	0.02303	0.01507	0.01642	0.01209	0.00857	0.00731	0.00214	0.01299	0.00570	0.00481	0.00987
8	0.01885	0.01596	0.01929	0.01434	0.02085	0.01429	0.03811	0.11515	0.06307	0.02964	0.01599	0.01798	0.01281	0.00713	0.00735	0.00162	0.03685	0.00565	0.00533	0.53975
9	0.01963	0.01884	0.03219	0.04867	0.67185	0.01884	0.02434	0.02434	0.01806	0.02591	0.01492	0.01963	0.01256	0.00707	0.00785	0.00236	0.00942	0.00707	0.00393	0.01256
10	0.01019	0.00729	0.00976	0.01127	0.01206	0.00686	0.00794	0.01212	0.01646	0.02213	0.12605	0.56460	0.05470	0.02340	0.01011	0.00317	0.00477	0.08295	0.00754	0.00667

[dist]
# distance from previous block
# <min> <max>
1	3

[block]
# block no. 1 follows, 24 sequences, length 54
# corresponding to MSA columns:
# 14-67
name=unknown_B
#
# <colnr> <probs for GDERKNQSTAVLIFYWHMCP>
#	G	D	E	R	K	N	Q	S	T	A	V	L	I	F	Y	W	H	M	C	P
0	0.62105	0.01592	0.01390	0.04400	0.01844	0.01819	0.01008	0.09111	0.01667	0.07086	0.01313	0.01469	0.00980	0.00775	0.00554	0.00245	0.00666	0.00493	0.00543	0.00939
1	0.03237	0.01864	0.02159	0.01655	0.02281	0.01929	0.01367	0.39683	0.03131	0.30700	0.02406	0.02230	0.01600	0.00964	0.00795	0.00241	0.00792	0.00748	0.00870	0.01349
2	0.01912	0.01386	0.01699	0.01332	0.04194	0.01087	0.01016	0.02263	0.01774	0.12274	0.05071	0.02035	0.01623	0.00704	0.00644	0.00148	0.00602	0.00577	0.00564	0.59095
3	0.01153	0.00769	0.00865	0.00865	0.00865	0.00769	0.00480	0.01153	0.01153	0.01538	0.02499	0.05189	0.02883	0.72131	0.04036	0.00769	0.00769	0.01153	0.00480	0.00480
4	0.01211	0.01077	0.01543	0.01407	0.01601	0.01136	0.06785	0.01453	0.01654	0.02192	0.09582	0.24038	0.23696	0.01877	0.01281	0.00300	0.13890	0.03887	0.00642	0.00746
5	0.04641	0.00858	0.01161	0.01155	0.01321	0.00975	0.00897	0.01545	0.01357	0.02144	0.02172	0.03001	0.01942	0.04693	0.52018	0.01007	0.01700	0.00808	0.15883	0.00721
6	0.06484	0.02063	0.02167	0.01685	0.02299	0.05237	0.01380	0.43656	0.05228	0.13340	0.02013	0.01980	0.01419	0.00917	0.00761	0.00230	0.00830	0.00691	0.00764	0.06857
7	0.12728	0.02046	0.02042	0.05228	0.02376	0.07641	0.01381	0.30707	0.16819	0.07979	0.02085	0.02077	0.01517	0.00933	0.00750	0.00245	0.00827	0.00704	0.00713	0.01203
8	0.01819	0.02297	0.11317	0.05700	0.04036	0.01944	0.53035	0.02498	0.01831	0.02519	0.01570	0.02070	0.01175	0.00679	0.00898	0.00260	0.01281	0.00873	0.00395	0.03802
9	0.10469	0.12744	0.51954	0.02001	0.03030	0.02003	0.02485	0.02473	0.01628	0.02548	0.01344	0.01577	0.00989	0.00742	0.00691	0.00240	0.01065	0.00547	0.00353	0.01116
10	0.01643	0.06500	0.59161	0.02406	0.06399	0.01902	0.06141	0.02504	0.01689	0.02492	0.01424	0.01697	0.01027	0.00744	0.00755	0.00248	0.01158	0.00604	0.00341	0.01165
11	0.09206	0.01379	0.01680	0.01405	0.01909	0.01343	0.01155	0.07075	0.10488	0.34114	0.06374	0.03559	0.02512	0.01156	0.00811	0.00259	0.00663	0.09342	0.00839	0.04732
12	0.02073	0.66564	0.09791	0.01437	0.02159	0.03023	0.01496	0.02387	0.01617	0.01923	0.01131	0.01308	0.01016	0.00685	0.00530	0.00177	0.00877	0.00438	0.00339	0.01031
13	0.01865	0.02119	0.04566	0.03279	0.04041	0.02027	0.61166	0.02508	0.01839	0.02508	0.01576	0.02119	0.01195	0.00705	0.01019	0.00271	0.04816	0.00924	0.00398	0.01059
14	0.15942	0.01837	0.02199	0.01663	0.02308	0.01862	0.08149	0.27452	0.02487	0.06807	0.01657	0.01790	0.01229	0.00789	0.00701	0.00212	0.00794	0.00628	0.00621	0.20875
15	0.56552	0.01528	0.01387	0.01170	0.01697	0.01673	0.00965	0.06025	0.01690	0.18491	0.01616	0.01648	0.01141	0.00804	0.00578	0.00245	0.00642	0.00530	0.00621	0.00999
16	0.03049	0.02166	0.02346	0.01798	0.02432	0.02378	0.01486	0.60717	0.03636	0.08951	0.01981	0.01954	0.01387	0.00954	0.00794	0.00238	0.00860	0.00719	0.00805	0.01349
17	0.01133	0.00850	0.01274	0.01274	0.01416	0.00991	0.00991	0.01416	0.01274	0.01841	0.02124	0.03115	0.01982	0.05947	0.68989	0.01274	0.02124	0.00850	0.00425	0.00708
18	0.03014	0.02221	0.02380	0.01825	0.02459	0.02459	0.01507	0.64541	0.03728	0.04998	0.01904	0.01904	0.01349	0.00952	0.00793	0.00238	0.00873	0.00714	0.00793	0.01349
19	0.01122	0.00811	0.01060	0.00998	0.01185	0.00748	0.00748	0.01496	0.02245	0.03180	0.66766	0.05923	0.07482	0.01621	0.00935	0.00249	0.00374	0.01434	0.00873	0.00748
20	0.01872	0.02139	0.04679	0.03342	0.04144	0.02005	0.64305	0.02540	0.01872	0.02540	0.01604	0.02139	0.01203	0.00668	0.00936	0.00267	0.01337	0.00936	0.00401	0.01070
21	0.01972	0.01703	0.01793	0.01614	0.02062	0.01972	0.01255	0.04214	0.65752	0.03317	0.03228	0.02959	0.02421	0.01076	0.00807	0.00269	0.00628	0.00897	0.00807	0.01255
22	0.01644	0.01409	0.01644	0.01175	0.01879	0.01057	0.00940	0.01997	0.01644	0.02584	0.01409	0.01644	0.01175	0.00587	0.00587	0.00117	0.00587	0.00470	0.00470	0.76979
23	0.01133	0.00850	0.01274	0.01274	0.01416	0.00991	0.00991	0.01416	0.01274	0.01841	0.02124	0.03115	0.01982	0.05947	0.68989	0.01274	0.02124	0.00850	0.00425	0.00708
24	0.77733	0.01534	0.01166	0.01043	0.01534	0.01779	0.00859	0.02331	0.01350	0.03558	0.01104	0.01288	0.00859	0.00736	0.00491	0.00245	0.00613	0.00429	0.00491	0.00859
25	0.01153	0.00769	0.00865	0.00865	0.00865	0.00769	0.00480	0.01153	0.01153	0.01538	0.02499	0.05189	0.02883	0.72131	0.04036	0.00769	0.00769	0.01153	0.00480	0.00480
26	0.01847	0.02242	0.08554	0.03208	0.03992	0.02017	0.57178	0.02505	0.01825	0.02505	0.01564	0.02089	0.01182	0.00711	0.01011	0.00271	0.04938	0.00901	0.00394	0.01065
27	0.00966	0.00690	0.00920	0.01104	0.01150	0.00644	0.00736	0.01104	0.01518	0.02024	0.04371	0.71614	0.05245	0.02484	0.01012	0.00322	0.00460	0.02254	0.00736	0.00644
28	0.02120	0.72609	0.04155	0.01357	0.02035	0.03138	0.01357	0.02374	0.01611	0.01866	0.01102	0.01272	0.01018	0.00678	0.00509	0.00170	0.00848	0.00424	0.00339	0.01018
29	0.00966	0.00690	0.00920	0.01104	0.01150	0.00644	0.00736	0.01104	0.01518	0.02024	0.04371	0.71614	0.05245	0.02484	0.01012	0.00322	0.00460	0.02254	0.00736	0.00644
30	0.02120	0.72609	0.04155	0.01357	0.02035	0.03138	0.01357	0.02374	0.01611	0.01866	0.01102	0.01272	0.01018	0.00678	0.00509	0.00170	0.00848	0.00424	0.00339	0.01018
31	0.01153	0.00769	0.00865	0.00865	0.00865	0.00769	0.00480	0.01153	0.01153	0.01538	0.02499	0.05189	0.02883	0.72131	0.04036	0.00769	0.00769	0.01153	0.00480	0.00480
32	0.00966	0.00690	0.00920	0.01104	0.01150	0.00644	0.00736	0.01104	0.01518	0.02024	0.04371	0.71614	0.05245	0.02484	0.01012	0.00322	0.00460	0.02254	0.00736	0.00644
33	0.01963	0.01884	0.03219	0.04867	0.67185	0.01884	0.02434	0.02434	0.01806	0.02591	0.01492	0.01963	0.01256	0.00707	0.00785	0.00236	0.00942	0.00707	0.00393	0.01256
34	0.01133	0.00850	0.01274	0.01274	0.01416	0.00991	0.00991	0.01416	0.01274	0.01841	0.02124	0.03115	0.01982	0.05947	0.68989	0.01274	0.02124	0.00850	0.00425	0.00708
35	0.01122	0.00811	0.01060	0.00998	0.01185	0.00748	0.00748	0.01496	0.02245	0.03180	0.66766	0.05923	0.07482	0.01621	0.00935	0.00249	0.00374	0.01434	0.00873	0.00748
36	0.01590	0.04102	0.68023	0.02260	0.03432	0.01842	0.02930	0.02511	0.01674	0.02511	0.01423	0.01674	0.01005	0.00753	0.00753	0.00251	0.01172	0.00586	0.00335	0.01172
37	0.01643	0.10928	0.61659	0.02170	0.03293	0.01971	0.02773	0.02498	0.01668	0.02447	0.01391	0.01634	0.01006	0.00746	0.00729	0.00243	0.01140	0.00570	0.00335	0.01157
38	0.00937	0.00803	0.00803	0.00803	0.01071	0.00669	0.00602	0.01138	0.01807	0.02142	0.08033	0.07632	0.66863	0.02008	0.00937	0.00268	0.00402	0.01674	0.00736	0.00669
39	0.01590	0.04102	0.68023	0.02260	0.03432	0.01842	0.02930	0.02511	0.01674	0.02511	0.01423	0.01674	0.01005	0.00753	0.00753	0.00251	0.01172	0.00586	0.00335	0.01172
40	0.03014	0.02221	0.02380	0.01825	0.02459	0.02459	0.01507	0.64541	0.03728	0.04998	0.01904	0.01904	0.01349	0.00952	0.00793	0.00238	0.00873	0.00714	0.00793	0.01349
41	0.77733	0.01534	0.01166	0.01043	0.01534	0.01779	0.00859	0.02331	0.01350	0.03558	0.01104	0.01288	0.00859	0.00736	0.00491	0.00245	0.00613	0.00429	0.00491	0.00859
42	0.01754	0.01792	0.02744	0.02258	0.02371	0.02370	0.10498	0.01997	0.01306	0.01997	0.01120	0.01792	0.01064	0.01287	0.02369	0.00336	0.60969	0.00728	0.00355	0.00896
43	0.02737	0.03107	0.02245	0.01973	0.02374	0.44678	0.01525	0.12667	0.08381	0.02543	0.01500	0.01683	0.01207	0.00928	0.00951	0.00232	0.09159	0.00600	0.00499	0.01012
44	0.00998	0.00736	0.00911	0.01008	0.01114	0.00675	0.00689	0.01170	0.01645	0.02166	0.13610	0.43877	0.17697	0.08340	0.01250	0.00340	0.00463	0.01928	0.00733	0.00649
45	0.01498	0.01409	0.02378	0.70226	0.05462	0.01762	0.02202	0.02026	0.01586	0.02026	0.01409	0.02114	0.01057	0.00793	0.00793	0.00264	0.01057	0.00705	0.00352	0.00881
46	0.01498	0.01409	0.02378	0.70226	0.05462	0.01762	0.02202	0.02026	0.01586	0.02026	0.01409	0.02114	0.01057	0.00793	0.00793	0.00264	0.01057	0.00705	0.00352	0.00881
47	0.06971	0.01375	0.01806	0.01403	0.02003	0.01232	0.01155	0.03809	0.05226	0.61672	0.03038	0.02645	0.01933	0.00974	0.00783	0.00246	0.00670	0.00785	0.00950	0.01322
48	0.01912	0.01763	0.01801	0.01438	0.01942	0.11777	0.01138	0.02205	0.01730	0.05885	0.04168	0.05124	0.01617	0.00886	0.00933	0.00185	0.10487	0.00647	0.00499	0.43864
49	0.01322	0.00861	0.01125	0.01089	0.01308	0.00792	0.00845	0.01659	0.02101	0.08321	0.43419	0.10882	0.11313	0.01740	0.00952	0.00272	0.00458	0.09919	0.00841	0.00782
50	0.05948	0.02553	0.02266	0.01856	0.02374	0.20277	0.01488	0.38288	0.06403	0.03832	0.01705	0.01797	0.01279	0.00941	0.00874	0.00238	0.05398	0.00656	0.00650	0.01178
51	0.02578	0.01914	0.02111	0.01590	0.02247	0.01937	0.01303	0.41107	0.02971	0.06780	0.01789	0.01850	0.01316	0.00831	0.00725	0.00198	0.00769	0.00636	0.00693	0.26656
52	0.01498	0.01409	0.02378	0.70226	0.05462	0.01762	0.02202	0.02026	0.01586	0.02026	0.01409	0.02114	0.01057	0.00793	0.00793	0.00264	0.01057	0.00705	0.00352	0.00881
53	0.01498	0.01409	0.02378	0.70226	0.05462	0.01762	0.02202	0.02026	0.01586	0.02026	0.01409	0.02114	0.01057	0.00793	0.00793	0.00264	0.01057	0.00705	0.00352	0.00881

[dist]
# distance from previous block
# <min> <max>
10	13

[block]
# block no. 2 follows, 24 sequences, length 27
# corresponding to MSA columns:
# 84-110
name=unknown_C
#
# <colnr> <probs for GDERKNQSTAVLIFYWHMCP>
#	G	D	E	R	K	N	Q	S	T	A	V	L	I	F	Y	W	H	M	C	P
0	0.08200	0.01011	0.01228	0.01102	0.01392	0.00983	0.00851	0.02085	0.06726	0.11976	0.47847	0.04869	0.05793	0.01418	0.00869	0.00250	0.00454	0.01222	0.00850	0.00876
1	0.77733	0.01534	0.01166	0.01043	0.01534	0.01779	0.00859	0.02331	0.01350	0.03558	0.01104	0.01288	0.00859	0.00736	0.00491	0.00245	0.00613	0.00429	0.00491	0.00859
2	0.77733	0.01534	0.01166	0.01043	0.01534	0.01779	0.00859	0.02331	0.01350	0.03558	0.01104	0.01288	0.00859	0.00736	0.00491	0.00245	0.00613	0.00429	0.00491	0.00859
3	0.01518	0.01438	0.02383	0.64278	0.05167	0.01820	0.02161	0.02016	0.01553	0.02016	0.01377	0.02081	0.01056	0.00845	0.00951	0.00271	0.07134	0.00704	0.00352	0.00880
4	0.02395	0.01896	0.01859	0.01629	0.02103	0.10174	0.01273	0.04017	0.45862	0.15291	0.02959	0.02719	0.02160	0.01026	0.00794	0.00256	0.00737	0.00830	0.00790	0.01231
5	0.03014	0.02221	0.02380	0.01825	0.02459	0.02459	0.01507	0.64541	0.03728	0.04998	0.01904	0.01904	0.01349	0.00952	0.00793	0.00238	0.00873	0.00714	0.00793	0.01349
6	0.77733	0.01534	0.01166	0.01043	0.01534	0.01779	0.00859	0.02331	0.01350	0.03558	0.01104	0.01288	0.00859	0.00736	0.00491	0.00245	0.00613	0.00429	0.00491	0.00859
7	0.01377	0.00689	0.01033	0.01033	0.01033	0.00689	0.00689	0.01033	0.01033	0.01377	0.01377	0.02410	0.01377	0.02755	0.03099	0.76928	0.00689	0.00689	0.00344	0.00344
8	0.01972	0.01703	0.01793	0.01614	0.02062	0.01972	0.01255	0.04214	0.65752	0.03317	0.03228	0.02959	0.02421	0.01076	0.00807	0.00269	0.00628	0.00897	0.00807	0.01255
9	0.03014	0.02221	0.02380	0.01825	0.02459	0.02459	0.01507	0.64541	0.03728	0.04998	0.01904	0.01904	0.01349	0.00952	0.00793	0.00238	0.00873	0.00714	0.00793	0.01349
10	0.01972	0.01703	0.01793	0.01614	0.02062	0.01972	0.01255	0.04214	0.65752	0.03317	0.03228	0.02959	0.02421	0.01076	0.00807	0.00269	0.00628	0.00897	0.00807	0.01255
11	0.01590	0.04102	0.68023	0.02260	0.03432	0.01842	0.02930	0.02511	0.01674	0.02511	0.01423	0.01674	0.01005	0.00753	0.00753	0.00251	0.01172	0.00586	0.00335	0.01172
12	0.03014	0.02221	0.02380	0.01825	0.02459	0.02459	0.01507	0.64541	0.03728	0.04998	0.01904	0.01904	0.01349	0.00952	0.00793	0.00238	0.00873	0.00714	0.00793	0.01349
13	0.00966	0.00690	0.00920	0.01104	0.01150	0.00644	0.00736	0.01104	0.01518	0.02024	0.04371	0.71614	0.05245	0.02484	0.01012	0.00322	0.00460	0.02254	0.00736	0.00644
14	0.03137	0.02024	0.02258	0.01731	0.02361	0.02167	0.01430	0.50833	0.03399	0.19171	0.02181	0.02084	0.01487	0.00959	0.00794	0.00240	0.00828	0.00733	0.00836	0.01349
15	0.03014	0.02221	0.02380	0.01825	0.02459	0.02459	0.01507	0.64541	0.03728	0.04998	0.01904	0.01904	0.01349	0.00952	0.00793	0.00238	0.00873	0.00714	0.00793	0.01349
16	0.02084	0.01698	0.01873	0.01462	0.02078	0.01669	0.01172	0.18515	0.20053	0.03402	0.02042	0.02077	0.01566	0.00816	0.00701	0.00190	0.00671	0.00651	0.00646	0.36634
17	0.02562	0.01342	0.01652	0.01377	0.01855	0.01317	0.01099	0.03457	0.21311	0.34763	0.14297	0.03521	0.05542	0.01159	0.00829	0.00254	0.00598	0.00970	0.00901	0.01192
18	0.03014	0.02221	0.02380	0.01825	0.02459	0.02459	0.01507	0.64541	0.03728	0.04998	0.01904	0.01904	0.01349	0.00952	0.00793	0.00238	0.00873	0.00714	0.00793	0.01349
19	0.01627	0.08821	0.63623	0.02198	0.03336	0.01931	0.02821	0.02502	0.01670	0.02467	0.01401	0.01646	0.01005	0.00748	0.00737	0.00246	0.01150	0.00575	0.00335	0.01161
20	0.02141	0.54552	0.13259	0.01569	0.02288	0.10648	0.01607	0.02487	0.01695	0.01969	0.01164	0.01349	0.01016	0.00706	0.00569	0.00186	0.00963	0.00458	0.00347	0.01029
21	0.73343	0.01574	0.01237	0.01089	0.01588	0.01819	0.00897	0.05986	0.01489	0.03642	0.01151	0.01324	0.00888	0.00749	0.00509	0.00245	0.00629	0.00446	0.00509	0.00888
22	0.01700	0.01636	0.02887	0.48873	0.07798	0.01865	0.14851	0.06456	0.01802	0.02362	0.01487	0.02098	0.01116	0.00774	0.00822	0.00262	0.01096	0.00753	0.00395	0.00969
23	0.04739	0.01294	0.01591	0.06039	0.01961	0.01312	0.01105	0.10318	0.09770	0.19718	0.25631	0.03912	0.06757	0.01241	0.00842	0.00251	0.00599	0.01046	0.00828	0.01045
24	0.01963	0.01584	0.01647	0.01285	0.01859	0.08963	0.01009	0.02286	0.01856	0.11056	0.08808	0.05157	0.02113	0.00857	0.00685	0.00167	0.00669	0.00697	0.00584	0.46754
25	0.01661	0.01462	0.01862	0.01330	0.02042	0.01125	0.05485	0.02036	0.01661	0.02581	0.01423	0.01680	0.01177	0.00593	0.00612	0.00128	0.00641	0.00503	0.00465	0.71533
26	0.01642	0.01419	0.01750	0.01494	0.07547	0.01111	0.01061	0.01996	0.01653	0.02560	0.01547	0.04757	0.01361	0.00681	0.00623	0.00137	0.00613	0.00569	0.00475	0.67004

[dist]
# distance from previous block
# <min> <max>
7	12

[block]
# block no. 3 follows, 24 sequences, length 13
# corresponding to MSA columns:
# 123-135
name=unknown_D
#
# <colnr> <probs for GDERKNQSTAVLIFYWHMCP>
#	G	D	E	R	K	N	Q	S	T	A	V	L	I	F	Y	W	H	M	C	P
0	0.02195	0.01387	0.01514	0.01247	0.01660	0.01450	0.01000	0.25733	0.02468	0.08027	0.02273	0.02469	0.01715	0.01152	0.03846	0.00256	0.00675	0.00723	0.34644	0.05566
1	0.01668	0.06860	0.46850	0.07482	0.12741	0.01863	0.02614	0.02429	0.01682	0.02459	0.01415	0.01727	0.01055	0.00736	0.00739	0.00238	0.01081	0.00598	0.00352	0.05410
2	0.23933	0.01563	0.01599	0.01357	0.01814	0.01708	0.01100	0.21123	0.08752	0.06722	0.13749	0.03148	0.05013	0.01124	0.00753	0.00253	0.00651	0.03878	0.00725	0.01035
3	0.01441	0.01391	0.02490	0.02176	0.05957	0.01438	0.21127	0.01784	0.01635	0.02261	0.06051	0.31018	0.03180	0.01588	0.01227	0.00300	0.12070	0.01456	0.00555	0.00855
4	0.06644	0.01578	0.01727	0.01342	0.01913	0.01523	0.01081	0.23624	0.02374	0.05447	0.02275	0.05433	0.05916	0.00939	0.00700	0.00195	0.00658	0.00743	0.05657	0.30232
5	0.01006	0.00753	0.01022	0.05751	0.01444	0.00734	0.00834	0.01180	0.01537	0.02027	0.04381	0.59418	0.09731	0.02456	0.03407	0.00348	0.00555	0.02054	0.00699	0.00664
6	0.03014	0.02221	0.02380	0.01825	0.02459	0.02459	0.01507	0.64541	0.03728	0.04998	0.01904	0.01904	0.01349	0.00952	0.00793	0.00238	0.00873	0.00714	0.00793	0.01349
7	0.01728	0.01459	0.01689	0.01214	0.01915	0.01142	0.00974	0.05805	0.01771	0.02731	0.01440	0.01660	0.01185	0.00609	0.00600	0.00125	0.00605	0.00485	0.00490	0.72374
8	0.01458	0.01018	0.01259	0.01205	0.01435	0.01012	0.00911	0.08761	0.05969	0.05871	0.30744	0.24644	0.05411	0.01773	0.00938	0.00277	0.00505	0.05152	0.00816	0.00841
9	0.02279	0.01655	0.01850	0.01506	0.02048	0.01715	0.01203	0.17293	0.26582	0.11487	0.07182	0.02644	0.02244	0.00980	0.00769	0.00228	0.00663	0.00798	0.00764	0.16110
10	0.01116	0.00826	0.01037	0.01068	0.01213	0.00794	0.00759	0.01507	0.06508	0.02607	0.31802	0.31202	0.08851	0.05612	0.01118	0.00307	0.00448	0.01710	0.00788	0.00727
11	0.01104	0.00754	0.00943	0.01035	0.01149	0.00690	0.00707	0.01261	0.01609	0.04983	0.08508	0.46777	0.15807	0.09223	0.01286	0.00349	0.00485	0.01929	0.00730	0.00670
12	0.05839	0.02440	0.02235	0.01811	0.02373	0.15531	0.01456	0.42694	0.10782	0.04134	0.01897	0.01912	0.01393	0.00932	0.00767	0.00235	0.00943	0.00684	0.00707	0.01233

[dist]
# distance from previous block
# <min> <max>
5	7

[block]
# block no. 4 follows, 24 sequences, length 31
# corresponding to MSA columns:
# 143-173
name=unknown_E
#
# <colnr> <probs for GDERKNQSTAVLIFYWHMCP>
#	G	D	E	R	K	N	Q	S	T	A	V	L	I	F	Y	W	H	M	C	P
0	0.03110	0.01477	0.01856	0.01472	0.02021	0.01410	0.01194	0.17995	0.02525	0.44717	0.02989	0.10959	0.02219	0.01159	0.00823	0.00253	0.00696	0.00956	0.00907	0.01263
1	0.01963	0.01884	0.03219	0.04867	0.67185	0.01884	0.02434	0.02434	0.01806	0.02591	0.01492	0.01963	0.01256	0.00707	0.00785	0.00236	0.00942	0.00707	0.00393	0.01256
2	0.01104	0.00810	0.01035	0.00979	0.01174	0.00741	0.00734	0.01461	0.02202	0.03079	0.61031	0.06090	0.13280	0.01659	0.00935	0.00251	0.00377	0.01457	0.00860	0.00741
3	0.01644	0.01409	0.01644	0.01175	0.01879	0.01057	0.00940	0.01997	0.01644	0.02584	0.01409	0.01644	0.01175	0.00587	0.00587	0.00117	0.00587	0.00470	0.00470	0.76979
4	0.01644	0.01409	0.01644	0.01175	0.01879	0.01057	0.00940	0.01997	0.01644	0.02584	0.01409	0.01644	0.01175	0.00587	0.00587	0.00117	0.00587	0.00470	0.00470	0.76979
5	0.01573	0.01358	0.01708	0.01275	0.01904	0.01054	0.04102	0.01915	0.01640	0.02513	0.01782	0.10248	0.01675	0.00824	0.00657	0.00150	0.00609	0.00712	0.00499	0.63801
6	0.01644	0.01409	0.01644	0.01175	0.01879	0.01057	0.00940	0.01997	0.01644	0.02584	0.01409	0.01644	0.01175	0.00587	0.00587	0.00117	0.00587	0.00470	0.00470	0.76979
7	0.01644	0.01409	0.01644	0.01175	0.01879	0.01057	0.00940	0.01997	0.01644	0.02584	0.01409	0.01644	0.01175	0.00587	0.00587	0.00117	0.00587	0.00470	0.00470	0.76979
8	0.01728	0.01644	0.03064	0.02285	0.02912	0.01477	0.32953	0.02221	0.01818	0.05356	0.05359	0.09005	0.02154	0.00985	0.00865	0.00242	0.00958	0.05349	0.00521	0.19104
9	0.01498	0.01409	0.02378	0.70226	0.05462	0.01762	0.02202	0.02026	0.01586	0.02026	0.01409	0.02114	0.01057	0.00793	0.00793	0.00264	0.01057	0.00705	0.00352	0.00881
10	0.02962	0.03779	0.02247	0.02043	0.02451	0.68948	0.01532	0.03166	0.02247	0.01941	0.01226	0.01430	0.01021	0.00817	0.00715	0.00204	0.01430	0.00511	0.00409	0.00919
11	0.01743	0.01468	0.01697	0.01221	0.01921	0.01158	0.00980	0.06500	0.01794	0.02758	0.01445	0.01663	0.01187	0.00614	0.00602	0.00126	0.00608	0.00487	0.00493	0.71534
12	0.01498	0.01409	0.02378	0.70226	0.05462	0.01762	0.02202	0.02026	0.01586	0.02026	0.01409	0.02114	0.01057	0.00793	0.00793	0.00264	0.01057	0.00705	0.00352	0.00881
13	0.01122	0.00811	0.01060	0.00998	0.01185	0.00748	0.00748	0.01496	0.02245	0.03180	0.66766	0.05923	0.07482	0.01621	0.00935	0.00249	0.00374	0.01434	0.00873	0.00748
14	0.01590	0.04102	0.68023	0.02260	0.03432	0.01842	0.02930	0.02511	0.01674	0.02511	0.01423	0.01674	0.01005	0.00753	0.00753	0.00251	0.01172	0.00586	0.00335	0.01172
15	0.01498	0.01409	0.02378	0.70226	0.05462	0.01762	0.02202	0.02026	0.01586	0.02026	0.01409	0.02114	0.01057	0.00793	0.00793	0.00264	0.01057	0.00705	0.00352	0.00881
16	0.01972	0.01703	0.01793	0.01614	0.02062	0.01972	0.01255	0.04214	0.65752	0.03317	0.03228	0.02959	0.02421	0.01076	0.00807	0.00269	0.00628	0.00897	0.00807	0.01255
17	0.00966	0.00690	0.00920	0.01104	0.01150	0.00644	0.00736	0.01104	0.01518	0.02024	0.04371	0.71614	0.05245	0.02484	0.01012	0.00322	0.00460	0.02254	0.00736	0.00644
18	0.00966	0.00690	0.00920	0.01104	0.01150	0.00644	0.00736	0.01104	0.01518	0.02024	0.04371	0.71614	0.05245	0.02484	0.01012	0.00322	0.00460	0.02254	0.00736	0.00644
19	0.01590	0.04102	0.68023	0.02260	0.03432	0.01842	0.02930	0.02511	0.01674	0.02511	0.01423	0.01674	0.01005	0.00753	0.00753	0.00251	0.01172	0.00586	0.00335	0.01172
20	0.01972	0.01703	0.01793	0.01614	0.02062	0.01972	0.01255	0.04214	0.65752	0.03317	0.03228	0.02959	0.02421	0.01076	0.00807	0.00269	0.00628	0.00897	0.00807	0.01255
21	0.03014	0.02221	0.02380	0.01825	0.02459	0.02459	0.01507	0.64541	0.03728	0.04998	0.01904	0.01904	0.01349	0.00952	0.00793	0.00238	0.00873	0.00714	0.00793	0.01349
22	0.01386	0.01249	0.02042	0.54396	0.04460	0.01513	0.01853	0.01818	0.01550	0.01999	0.01985	0.14406	0.01887	0.04966	0.01007	0.00302	0.00937	0.00999	0.00426	0.00818
23	0.01498	0.01409	0.02378	0.70226	0.05462	0.01762	0.02202	0.02026	0.01586	0.02026	0.01409	0.02114	0.01057	0.00793	0.00793	0.00264	0.01057	0.00705	0.00352	0.00881
24	0.00966	0.00690	0.00920	0.01104	0.01150	0.00644	0.00736	0.01104	0.01518	0.02024	0.04371	0.71614	0.05245	0.02484	0.01012	0.00322	0.00460	0.02254	0.00736	0.00644
25	0.01872	0.02139	0.04679	0.03342	0.04144	0.02005	0.64305	0.02540	0.01872	0.02540	0.01604	0.02139	0.01203	0.00668	0.00936	0.00267	0.01337	0.00936	0.00401	0.01070
26	0.01872	0.02139	0.04679	0.03342	0.04144	0.02005	0.64305	0.02540	0.01872	0.02540	0.01604	0.02139	0.01203	0.00668	0.00936	0.00267	0.01337	0.00936	0.00401	0.01070
27	0.01590	0.04102	0.68023	0.02260	0.03432	0.01842	0.02930	0.02511	0.01674	0.02511	0.01423	0.01674	0.01005	0.00753	0.00753	0.00251	0.01172	0.00586	0.00335	0.01172
28	0.01872	0.02139	0.04679	0.03342	0.04144	0.02005	0.64305	0.02540	0.01872	0.02540	0.01604	0.02139	0.01203	0.00668	0.00936	0.00267	0.01337	0.00936	0.00401	0.01070
29	0.05792	0.01915	0.02251	0.01961	0.05865	0.02128	0.05927	0.24625	0.33430	0.03810	0.02465	0.02407	0.01830	0.00968	0.00796	0.00255	0.00779	0.00805	0.00736	0.01256
30	0.01735	0.04634	0.02859	0.02228	0.02485	0.04779	0.17891	0.02030	0.01469	0.02065	0.01582	0.08500	0.01566	0.04800	0.01930	0.00332	0.36913	0.00907	0.00406	0.00888

[dist]
# distance from previous block
# <min> <max>
3	6

[block]
# block no. 5 follows, 24 sequences, length 9
# corresponding to MSA columns:
# 180-188
name=unknown_F
#
# <colnr> <probs for GDERKNQSTAVLIFYWHMCP>
#	G	D	E	R	K	N	Q	S	T	A	V	L	I	F	Y	W	H	M	C	P
0	0.22481	0.01115	0.01176	0.01174	0.01430	0.01182	0.00868	0.06372	0.05115	0.04860	0.05256	0.39012	0.03565	0.01737	0.00832	0.00287	0.00546	0.01491	0.00689	0.00814
1	0.37461	0.01528	0.01744	0.25221	0.03020	0.01780	0.01409	0.06375	0.04667	0.07821	0.01509	0.01797	0.01113	0.00803	0.00652	0.00253	0.00789	0.00592	0.00513	0.00952
2	0.01815	0.01315	0.01457	0.01283	0.01558	0.01387	0.00942	0.25615	0.02275	0.03024	0.03082	0.18641	0.07468	0.24294	0.01896	0.00430	0.00715	0.01263	0.00676	0.00865
3	0.01925	0.02097	0.03033	0.02325	0.02897	0.15235	0.30682	0.02371	0.01860	0.02394	0.01905	0.10275	0.01707	0.00924	0.00825	0.00235	0.01078	0.00930	0.06209	0.11093
4	0.01471	0.00821	0.01090	0.01144	0.01294	0.00752	0.00798	0.01630	0.01633	0.14421	0.03994	0.53551	0.04445	0.07467	0.01200	0.00341	0.00524	0.01895	0.00763	0.00765
5	0.08286	0.01433	0.01729	0.01387	0.01920	0.01360	0.01115	0.14452	0.02286	0.33574	0.02734	0.12756	0.02170	0.01138	0.00782	0.00240	0.00664	0.00936	0.00812	0.10225
6	0.02228	0.58426	0.07172	0.01474	0.02171	0.02968	0.01461	0.11795	0.01935	0.02373	0.01240	0.01388	0.01067	0.00724	0.00564	0.00184	0.00868	0.00476	0.00408	0.01076
7	0.01360	0.01107	0.01292	0.01070	0.01494	0.00891	0.00792	0.01601	0.01566	0.02269	0.02913	0.15867	0.10021	0.11942	0.01230	0.00272	0.00569	0.01048	0.00553	0.42144
8	0.02023	0.01677	0.02060	0.01890	0.11908	0.01520	0.01303	0.17146	0.02171	0.03167	0.01541	0.01755	0.01229	0.00693	0.00667	0.00164	0.00710	0.00565	0.00536	0.47273

[dist]
# distance from previous block
# <min> <max>
4	43

[block]
# block no. 6 follows, 24 sequences, length 7
# corresponding to MSA columns:
# 236-242
name=unknown_G
#
# <colnr> <probs for GDERKNQSTAVLIFYWHMCP>
#	G	D	E	R	K	N	Q	S	T	A	V	L	I	F	Y	W	H	M	C	P
0	0.02059	0.01364	0.01759	0.01399	0.01909	0.01248	0.04404	0.08104	0.07866	0.16657	0.15012	0.08170	0.03013	0.01098	0.00789	0.00218	0.00624	0.00948	0.00733	0.22627
1	0.02484	0.01734	0.01927	0.01570	0.02053	0.01866	0.01272	0.42086	0.03065	0.07760	0.08000	0.10330	0.02534	0.01237	0.00830	0.00252	0.00737	0.03898	0.05211	0.01154
2	0.01685	0.01610	0.02275	0.01816	0.02341	0.04161	0.16479	0.02567	0.18369	0.02635	0.03116	0.07361	0.10530	0.01129	0.00833	0.00242	0.00791	0.04372	0.00603	0.17084
3	0.02322	0.02367	0.02920	0.02266	0.02851	0.18263	0.22351	0.18093	0.02379	0.02965	0.01836	0.08485	0.01578	0.00943	0.00827	0.00238	0.01103	0.00867	0.00539	0.06809
4	0.01498	0.01256	0.01472	0.01149	0.01700	0.01002	0.00895	0.01902	0.04436	0.02589	0.08388	0.09792	0.05889	0.00985	0.00694	0.00166	0.00545	0.00834	0.00565	0.54243
5	0.01306	0.00955	0.01168	0.01153	0.01371	0.00895	0.00831	0.07473	0.01828	0.02557	0.09548	0.44653	0.04314	0.01893	0.00897	0.00270	0.00505	0.01685	0.05120	0.11580
6	0.02054	0.02037	0.03682	0.02692	0.03391	0.02018	0.39867	0.13646	0.06331	0.03002	0.01717	0.02084	0.01298	0.00775	0.00954	0.00252	0.04670	0.00838	0.00501	0.08190

[dist]
# distance from previous block
# <min> <max>
0	3

[block]
# block no. 7 follows, 24 sequences, length 17
# corresponding to MSA columns:
# 246-262
name=unknown_H
#
# <colnr> <probs for GDERKNQSTAVLIFYWHMCP>
#	G	D	E	R	K	N	Q	S	T	A	V	L	I	F	Y	W	H	M	C	P
0	0.02171	0.01939	0.01864	0.01662	0.02082	0.11335	0.01303	0.06386	0.42479	0.06623	0.02975	0.03016	0.04429	0.01121	0.00901	0.00265	0.04349	0.03214	0.00731	0.01156
1	0.01742	0.01665	0.02790	0.33130	0.35095	0.01874	0.02277	0.02214	0.01663	0.02290	0.01420	0.02011	0.01152	0.00798	0.00933	0.00257	0.06551	0.00705	0.00371	0.01062
2	0.07958	0.01309	0.01534	0.01179	0.01755	0.01081	0.00931	0.02236	0.01727	0.14048	0.04792	0.06448	0.01894	0.04143	0.00818	0.00199	0.00596	0.00708	0.00596	0.46051
3	0.03014	0.02221	0.02380	0.01825	0.02459	0.02459	0.01507	0.64541	0.03728	0.04998	0.01904	0.01904	0.01349	0.00952	0.00793	0.00238	0.00873	0.00714	0.00793	0.01349
4	0.01644	0.01409	0.01644	0.01175	0.01879	0.01057	0.00940	0.01997	0.01644	0.02584	0.01409	0.01644	0.01175	0.00587	0.00587	0.00117	0.00587	0.00470	0.00470	0.76979
5	0.01932	0.01976	0.03865	0.02866	0.03426	0.02077	0.42595	0.02437	0.01707	0.06228	0.01533	0.02056	0.01202	0.00894	0.01406	0.00289	0.21205	0.00858	0.00420	0.01028
6	0.02288	0.02365	0.01938	0.01750	0.02186	0.23306	0.01343	0.03880	0.45524	0.02879	0.02590	0.02472	0.01975	0.00993	0.00778	0.00248	0.00883	0.00774	0.00680	0.01148
7	0.03014	0.02221	0.02380	0.01825	0.02459	0.02459	0.01507	0.64541	0.03728	0.04998	0.01904	0.01904	0.01349	0.00952	0.00793	0.00238	0.00873	0.00714	0.00793	0.01349
8	0.77733	0.01534	0.01166	0.01043	0.01534	0.01779	0.00859	0.02331	0.01350	0.03558	0.01104	0.01288	0.00859	0.00736	0.00491	0.00245	0.00613	0.00429	0.00491	0.00859
9	0.01433	0.01284	0.02068	0.45725	0.07381	0.01529	0.01842	0.01842	0.01583	0.02057	0.02243	0.08744	0.05471	0.01219	0.01021	0.03527	0.03999	0.05761	0.00438	0.00833
10	0.03010	0.02359	0.02368	0.01844	0.02458	0.08324	0.01509	0.59127	0.03598	0.04728	0.01844	0.01862	0.01320	0.00940	0.00786	0.00235	0.00922	0.00696	0.00759	0.01311
11	0.01972	0.01703	0.01793	0.01614	0.02062	0.01972	0.01255	0.04214	0.65752	0.03317	0.03228	0.02959	0.02421	0.01076	0.00807	0.00269	0.00628	0.00897	0.00807	0.01255
12	0.01644	0.01409	0.01644	0.01175	0.01879	0.01057	0.00940	0.01997	0.01644	0.02584	0.01409	0.01644	0.01175	0.00587	0.00587	0.00117	0.00587	0.00470	0.00470	0.76979
13	0.03558	0.01350	0.01840	0.01411	0.02024	0.01166	0.01166	0.03865	0.02270	0.67734	0.03128	0.02699	0.01963	0.00981	0.00797	0.00245	0.00675	0.00797	0.00981	0.01350
14	0.03041	0.01736	0.02107	0.01656	0.02192	0.01841	0.01366	0.25789	0.06439	0.32918	0.02431	0.02306	0.01652	0.01026	0.01019	0.00257	0.09356	0.00760	0.00824	0.01284
15	0.48426	0.02039	0.01588	0.01366	0.01871	0.14085	0.01099	0.12201	0.01932	0.07049	0.01363	0.01488	0.01026	0.00798	0.00595	0.00237	0.00806	0.00509	0.00550	0.00973
16	0.02393	0.01803	0.01934	0.01621	0.02127	0.02019	0.01294	0.24911	0.36738	0.07560	0.02725	0.02579	0.02000	0.01018	0.00786	0.00252	0.00699	0.00818	0.05461	0.01261

[dist]
# distance from previous block
# <min> <max>
1	8

[block]
# block no. 8 follows, 24 sequences, length 60
# corresponding to MSA columns:
# 271-330
name=unknown_I
#
# <colnr> <probs for GDERKNQSTAVLIFYWHMCP>
#	G	D	E	R	K	N	Q	S	T	A	V	L	I	F	Y	W	H	M	C	P
0	0.05296	0.00842	0.00951	0.00974	0.01196	0.00773	0.00742	0.01338	0.01847	0.02472	0.20407	0.15655	0.34282	0.01931	0.00939	0.00280	0.00451	0.08170	0.00754	0.00701
1	0.01634	0.01369	0.01590	0.01148	0.01822	0.01038	0.00917	0.01988	0.01645	0.02606	0.01480	0.01723	0.01226	0.00607	0.00585	0.00121	0.00574	0.00486	0.05024	0.72414
2	0.01789	0.01495	0.01722	0.01243	0.01941	0.01206	0.01000	0.08621	0.01865	0.02840	0.01462	0.01672	0.01193	0.00626	0.00609	0.00130	0.00617	0.00496	0.00504	0.68969
3	0.26498	0.02013	0.01931	0.01548	0.02121	0.06511	0.01268	0.34287	0.02724	0.11250	0.01743	0.01767	0.01241	0.00879	0.00694	0.00239	0.00807	0.00620	0.00694	0.01167
4	0.01872	0.02139	0.04679	0.03342	0.04144	0.02005	0.64305	0.02540	0.01872	0.02540	0.01604	0.02139	0.01203	0.00668	0.00936	0.00267	0.01337	0.00936	0.00401	0.01070
5	0.00966	0.00690	0.00920	0.01104	0.01150	0.00644	0.00736	0.01104	0.01518	0.02024	0.04371	0.71614	0.05245	0.02484	0.01012	0.00322	0.00460	0.02254	0.00736	0.00644
6	0.01863	0.02115	0.04544	0.03267	0.04021	0.02031	0.60558	0.02502	0.01832	0.02502	0.01571	0.02115	0.01193	0.00712	0.01036	0.00272	0.05489	0.00921	0.00398	0.01057
7	0.01972	0.01703	0.01793	0.01614	0.02062	0.01972	0.01255	0.04214	0.65752	0.03317	0.03228	0.02959	0.02421	0.01076	0.00807	0.00269	0.00628	0.00897	0.00807	0.01255
8	0.01122	0.00811	0.01060	0.00998	0.01185	0.00748	0.00748	0.01496	0.02245	0.03180	0.66766	0.05923	0.07482	0.01621	0.00935	0.00249	0.00374	0.01434	0.00873	0.00748
9	0.01498	0.01409	0.02378	0.70226	0.05462	0.01762	0.02202	0.02026	0.01586	0.02026	0.01409	0.02114	0.01057	0.00793	0.00793	0.00264	0.01057	0.00705	0.00352	0.00881
10	0.01590	0.04102	0.68023	0.02260	0.03432	0.01842	0.02930	0.02511	0.01674	0.02511	0.01423	0.01674	0.01005	0.00753	0.00753	0.00251	0.01172	0.00586	0.00335	0.01172
11	0.01872	0.02139	0.04679	0.03342	0.04144	0.02005	0.64305	0.02540	0.01872	0.02540	0.01604	0.02139	0.01203	0.00668	0.00936	0.00267	0.01337	0.00936	0.00401	0.01070
12	0.01278	0.00913	0.01278	0.01460	0.01643	0.00913	0.01278	0.01643	0.01825	0.02373	0.04199	0.08945	0.04564	0.02191	0.01095	0.00365	0.00730	0.61847	0.00730	0.00730
13	0.03558	0.01350	0.01840	0.01411	0.02024	0.01166	0.01166	0.03865	0.02270	0.67734	0.03128	0.02699	0.01963	0.00981	0.00797	0.00245	0.00675	0.00797	0.00981	0.01350
14	0.02316	0.01603	0.01703	0.01478	0.01934	0.05397	0.01159	0.07039	0.31589	0.19421	0.03625	0.07100	0.09689	0.01215	0.00825	0.00260	0.00664	0.01003	0.00816	0.01164
15	0.03558	0.01350	0.01840	0.01411	0.02024	0.01166	0.01166	0.03865	0.02270	0.67734	0.03128	0.02699	0.01963	0.00981	0.00797	0.00245	0.00675	0.00797	0.00981	0.01350
16	0.00966	0.00690	0.00920	0.01104	0.01150	0.00644	0.00736	0.01104	0.01518	0.02024	0.04371	0.71614	0.05245	0.02484	0.01012	0.00322	0.00460	0.02254	0.00736	0.00644
17	0.01752	0.01669	0.02837	0.34535	0.39167	0.01829	0.02329	0.02249	0.01706	0.02334	0.01454	0.02031	0.01166	0.00746	0.00789	0.00249	0.00994	0.00706	0.00374	0.01086
18	0.01872	0.02139	0.04679	0.03342	0.04144	0.02005	0.64305	0.02540	0.01872	0.02540	0.01604	0.02139	0.01203	0.00668	0.00936	0.00267	0.01337	0.00936	0.00401	0.01070
19	0.00966	0.00690	0.00920	0.01104	0.01150	0.00644	0.00736	0.01104	0.01518	0.02024	0.04371	0.71614	0.05245	0.02484	0.01012	0.00322	0.00460	0.02254	0.00736	0.00644
20	0.01862	0.01782	0.03038	0.18959	0.53877	0.01858	0.02384	0.02346	0.01758	0.02469	0.01474	0.01995	0.01213	0.00725	0.00787	0.00242	0.00967	0.00706	0.00384	0.01175
21	0.01590	0.04102	0.68023	0.02260	0.03432	0.01842	0.02930	0.02511	0.01674	0.02511	0.01423	0.01674	0.01005	0.00753	0.00753	0.00251	0.01172	0.00586	0.00335	0.01172
22	0.01278	0.00913	0.01278	0.01460	0.01643	0.00913	0.01278	0.01643	0.01825	0.02373	0.04199	0.08945	0.04564	0.02191	0.01095	0.00365	0.00730	0.61847	0.00730	0.00730
23	0.01590	0.04102	0.68023	0.02260	0.03432	0.01842	0.02930	0.02511	0.01674	0.02511	0.01423	0.01674	0.01005	0.00753	0.00753	0.00251	0.01172	0.00586	0.00335	0.01172
24	0.01613	0.07002	0.65319	0.02222	0.03373	0.01896	0.02863	0.02506	0.01672	0.02484	0.01409	0.01657	0.01005	0.00750	0.00743	0.00248	0.01158	0.00579	0.00335	0.01165
25	0.01617	0.01532	0.02595	0.53375	0.21375	0.01793	0.02262	0.02131	0.01642	0.02172	0.01431	0.02075	0.01108	0.00771	0.00791	0.00257	0.01027	0.00705	0.00363	0.00978
26	0.01129	0.00815	0.01069	0.01016	0.01203	0.00755	0.00769	0.01502	0.02228	0.03148	0.64266	0.06044	0.07366	0.01644	0.00942	0.00254	0.00388	0.03849	0.00867	0.00748
27	0.01963	0.01884	0.03219	0.04867	0.67185	0.01884	0.02434	0.02434	0.01806	0.02591	0.01492	0.01963	0.01256	0.00707	0.00785	0.00236	0.00942	0.00707	0.00393	0.01256
28	0.77733	0.01534	0.01166	0.01043	0.01534	0.01779	0.00859	0.02331	0.01350	0.03558	0.01104	0.01288	0.00859	0.00736	0.00491	0.00245	0.00613	0.00429	0.00491	0.00859
29	0.01108	0.00799	0.01047	0.01007	0.01181	0.00739	0.00747	0.01460	0.02178	0.03073	0.61001	0.11993	0.07275	0.01701	0.00942	0.00256	0.00382	0.01510	0.00860	0.00739
30	0.01716	0.01452	0.01683	0.01208	0.01909	0.01130	0.00969	0.05256	0.01753	0.02710	0.01435	0.01658	0.01184	0.00606	0.00598	0.00124	0.00602	0.00483	0.00487	0.73038
31	0.02792	0.01342	0.04166	0.01353	0.01873	0.01134	0.01135	0.03249	0.05865	0.45664	0.18752	0.03469	0.03313	0.01136	0.00830	0.00248	0.00617	0.00952	0.00920	0.01189
32	0.00966	0.00690	0.00920	0.01104	0.01150	0.00644	0.00736	0.01104	0.01518	0.02024	0.04371	0.71614	0.05245	0.02484	0.01012	0.00322	0.00460	0.02254	0.00736	0.00644
33	0.01590	0.04102	0.68023	0.02260	0.03432	0.01842	0.02930	0.02511	0.01674	0.02511	0.01423	0.01674	0.01005	0.00753	0.00753	0.00251	0.01172	0.00586	0.00335	0.01172
34	0.01731	0.01648	0.02800	0.37400	0.36462	0.01823	0.02318	0.02231	0.01696	0.02310	0.01451	0.02038	0.01157	0.00749	0.00789	0.00250	0.00999	0.00706	0.00373	0.01069
35	0.01590	0.04102	0.68023	0.02260	0.03432	0.01842	0.02930	0.02511	0.01674	0.02511	0.01423	0.01674	0.01005	0.00753	0.00753	0.00251	0.01172	0.00586	0.00335	0.01172
36	0.01103	0.00796	0.01043	0.01011	0.01180	0.00735	0.00747	0.01448	0.02156	0.03038	0.59121	0.13973	0.07208	0.01727	0.00945	0.00258	0.00385	0.01535	0.00856	0.00735
37	0.03364	0.01463	0.01887	0.01468	0.02068	0.01360	0.01206	0.09584	0.08131	0.56044	0.03023	0.02648	0.01947	0.00987	0.00798	0.00247	0.00689	0.00799	0.00948	0.01341
38	0.01828	0.01814	0.05341	0.03227	0.30607	0.04152	0.08536	0.05412	0.04258	0.02611	0.02271	0.06556	0.02161	0.01156	0.00937	0.00275	0.03295	0.13976	0.00514	0.01072
39	0.00974	0.00696	0.00927	0.01099	0.01152	0.00649	0.00737	0.01124	0.01555	0.02082	0.07503	0.68316	0.05357	0.02441	0.01008	0.00318	0.00456	0.02213	0.00743	0.00649
40	0.01498	0.01409	0.02378	0.70226	0.05462	0.01762	0.02202	0.02026	0.01586	0.02026	0.01409	0.02114	0.01057	0.00793	0.00793	0.00264	0.01057	0.00705	0.00352	0.00881
41	0.03278	0.05441	0.04404	0.01444	0.02065	0.01351	0.01242	0.06797	0.02286	0.55762	0.05486	0.02672	0.02068	0.00981	0.00785	0.00241	0.00701	0.00791	0.00908	0.01300
42	0.01590	0.04102	0.68023	0.02260	0.03432	0.01842	0.02930	0.02511	0.01674	0.02511	0.01423	0.01674	0.01005	0.00753	0.00753	0.00251	0.01172	0.00586	0.00335	0.01172
43	0.01963	0.01884	0.03219	0.04867	0.67185	0.01884	0.02434	0.02434	0.01806	0.02591	0.01492	0.01963	0.01256	0.00707	0.00785	0.00236	0.00942	0.00707	0.00393	0.01256
44	0.02110	0.61390	0.10937	0.01492	0.02209	0.06661	0.01536	0.02433	0.01653	0.01939	0.01144	0.01324	0.01016	0.00694	0.00547	0.00180	0.00915	0.00446	0.00343	0.01029
45	0.01385	0.01160	0.01867	0.26690	0.03161	0.01278	0.05243	0.01828	0.01762	0.02296	0.06170	0.05901	0.03233	0.01563	0.00967	0.00317	0.00867	0.32926	0.00580	0.00806
46	0.00966	0.00690	0.00920	0.01104	0.01150	0.00644	0.00736	0.01104	0.01518	0.02024	0.04371	0.71614	0.05245	0.02484	0.01012	0.00322	0.00460	0.02254	0.00736	0.00644
47	0.01246	0.00956	0.04008	0.01209	0.01367	0.00819	0.00897	0.04544	0.01680	0.05948	0.04044	0.61055	0.04673	0.02244	0.00977	0.00310	0.00525	0.02019	0.00735	0.00743
48	0.01079	0.00847	0.01239	0.01278	0.01381	0.00836	0.04480	0.01275	0.01599	0.02171	0.10660	0.56606	0.05009	0.02225	0.01090	0.00313	0.04510	0.02002	0.00709	0.00693
49	0.03122	0.01634	0.08930	0.01489	0.02129	0.01256	0.01336	0.03600	0.05512	0.53601	0.06639	0.02789	0.02203	0.00999	0.00801	0.00247	0.00708	0.00817	0.00896	0.01291
50	0.00966	0.00690	0.00920	0.01104	0.01150	0.00644	0.00736	0.01104	0.01518	0.02024	0.04371	0.71614	0.05245	0.02484	0.01012	0.00322	0.00460	0.02254	0.00736	0.00644
51	0.01790	0.02370	0.14948	0.08799	0.07667	0.01976	0.41397	0.02448	0.01771	0.02457	0.01517	0.02024	0.01151	0.00739	0.00984	0.00267	0.05415	0.00830	0.00382	0.01070
52	0.01778	0.06405	0.44745	0.02840	0.17561	0.05319	0.05390	0.02523	0.01739	0.02474	0.01423	0.01730	0.01071	0.00739	0.00756	0.00243	0.01127	0.00618	0.00355	0.01167
53	0.01922	0.01843	0.03145	0.10568	0.61801	0.01873	0.02413	0.02398	0.01786	0.02541	0.01484	0.01976	0.01239	0.00714	0.00786	0.00238	0.00952	0.00706	0.00389	0.01223
54	0.02025	0.01921	0.02584	0.03384	0.37017	0.05808	0.01903	0.03198	0.27769	0.02848	0.02180	0.02336	0.01715	0.00863	0.00790	0.00247	0.00843	0.00772	0.00562	0.01236
55	0.02000	0.02239	0.24327	0.01819	0.05613	0.01445	0.01748	0.07850	0.04467	0.16212	0.11640	0.12005	0.02797	0.01185	0.00830	0.00258	0.00801	0.01005	0.00659	0.01099
56	0.02790	0.02131	0.19032	0.01666	0.02392	0.01478	0.01640	0.07963	0.06943	0.38805	0.02649	0.05002	0.01827	0.00984	0.00795	0.00251	0.00807	0.00799	0.00777	0.01270
57	0.05851	0.01140	0.04349	0.01442	0.04249	0.01006	0.01143	0.01708	0.03893	0.02466	0.07923	0.23016	0.06329	0.01822	0.00936	0.00299	0.00629	0.23342	0.00674	0.07781
58	0.06444	0.21600	0.28284	0.01867	0.05227	0.02081	0.01954	0.05587	0.01858	0.15549	0.01685	0.01772	0.01218	0.00785	0.00685	0.00227	0.00931	0.00587	0.00497	0.01160
59	0.02247	0.01421	0.04222	0.01635	0.05205	0.01289	0.03613	0.06469	0.08759	0.24212	0.13343	0.05942	0.03173	0.03641	0.00966	0.00277	0.00689	0.07927	0.00785	0.04184

[dist]
# distance from previous block
# <min> <max>
27	78

[block]
# block no. 9 follows, 24 sequences, length 18
# corresponding to MSA columns:
# 411-428
name=unknown_J
#
# <colnr> <probs for GDERKNQSTAVLIFYWHMCP>
#	G	D	E	R	K	N	Q	S	T	A	V	L	I	F	Y	W	H	M	C	P
0	0.01632	0.07895	0.35060	0.02359	0.07009	0.01799	0.13926	0.02374	0.04165	0.02482	0.04540	0.09477	0.01836	0.00963	0.00809	0.00256	0.01035	0.00874	0.00435	0.01076
