[name]
unknown

[dist]
# distance from previous block
# <min> <max>
8	59

[block]
# block no. 0 follows, 23 sequences, length 11
# corresponding to MSA columns:
# 64-74
name=unknown_A
#
# <colnr> <probs for GDERKNQSTAVLIFYWHMCP>
#	G	D	E	R	K	N	Q	S	T	A	V	L	I	F	Y	W	H	M	C	P
0	0.07470	0.01982	0.14178	0.01592	0.02321	0.01444	0.01514	0.06005	0.04888	0.40417	0.02556	0.02367	0.01684	0.00916	0.00771	0.00242	0.00782	0.00726	0.00791	0.07353
1	0.02665	0.05871	0.02559	0.02403	0.11877	0.27337	0.01692	0.19033	0.06464	0.02994	0.01583	0.01795	0.01262	0.00925	0.00954	0.00240	0.08033	0.00647	0.00536	0.01129
2	0.02474	0.01805	0.02005	0.01552	0.02163	0.01818	0.01257	0.32930	0.06124	0.07797	0.02104	0.05714	0.01661	0.00954	0.00753	0.00211	0.00739	0.00756	0.03343	0.23841
3	0.08056	0.01316	0.01446	0.01197	0.01613	0.04163	0.04009	0.06967	0.01935	0.09614	0.02234	0.02465	0.01701	0.00868	0.00638	0.00199	0.00601	0.00693	0.38012	0.12274
4	0.02056	0.01641	0.02239	0.35806	0.03919	0.01871	0.01788	0.14020	0.12348	0.07329	0.01958	0.02266	0.01436	0.00885	0.00797	0.00253	0.00910	0.00742	0.00573	0.07165
5	0.06972	0.02358	0.02062	0.08606	0.02564	0.25874	0.01433	0.07136	0.04701	0.24837	0.04135	0.02214	0.01661	0.00933	0.00772	0.00238	0.01010	0.00698	0.00675	0.01121
6	0.02610	0.01912	0.02097	0.01610	0.02241	0.01973	0.01314	0.38523	0.06971	0.07131	0.01999	0.02041	0.01469	0.00888	0.00747	0.00212	0.00768	0.00685	0.04532	0.20276
7	0.01557	0.01476	0.02439	0.62678	0.05237	0.01872	0.02205	0.02061	0.01584	0.02061	0.01404	0.02124	0.01080	0.00873	0.01000	0.00279	0.08091	0.00720	0.00360	0.00900
8	0.01055	0.00796	0.00940	0.00958	0.01123	0.00719	0.00677	0.01279	0.01850	0.02435	0.25621	0.19737	0.26554	0.10934	0.01381	0.00345	0.00462	0.01685	0.00766	0.00681
9	0.01384	0.01305	0.06556	0.01250	0.01600	0.01068	0.01025	0.05514	0.06965	0.02743	0.18629	0.21335	0.10606	0.05453	0.01071	0.00289	0.00575	0.01406	0.00714	0.10511
10	0.03084	0.01700	0.01971	0.01525	0.02154	0.04677	0.01243	0.15022	0.05810	0.37669	0.02573	0.02373	0.01729	0.00926	0.00775	0.00226	0.00748	0.00734	0.00840	0.14220

[dist]
# distance from previous block
# <min> <max>
0	1

[block]
# block no. 1 follows, 23 sequences, length 120
# corresponding to MSA columns:
# 76-195
name=unknown_B
#
# <colnr> <probs for GDERKNQSTAVLIFYWHMCP>
#	G	D	E	R	K	N	Q	S	T	A	V	L	I	F	Y	W	H	M	C	P
0	0.02479	0.01556	0.01791	0.01478	0.01937	0.01628	0.01164	0.19980	0.16080	0.18970	0.12096	0.03380	0.02881	0.09381	0.01227	0.00318	0.00702	0.00953	0.00836	0.01164
1	0.01895	0.01813	0.03089	0.20320	0.51966	0.01898	0.02434	0.02391	0.01794	0.02514	0.01506	0.02045	0.01237	0.00744	0.00805	0.00248	0.00992	0.00723	0.00392	0.01194
2	0.03117	0.02221	0.02403	0.01842	0.02491	0.02440	0.01522	0.60259	0.03729	0.08693	0.02021	0.01995	0.01416	0.00976	0.00812	0.00244	0.00881	0.00735	0.00823	0.01380
3	0.01111	0.00800	0.01028	0.01049	0.01191	0.00746	0.00758	0.01388	0.01961	0.02702	0.38401	0.22107	0.09692	0.08596	0.01288	0.00332	0.00464	0.04873	0.00805	0.00708
4	0.02065	0.58910	0.16398	0.01567	0.02358	0.02955	0.01699	0.02457	0.01661	0.02036	0.01191	0.01381	0.01039	0.00709	0.00569	0.00190	0.00932	0.00466	0.00346	0.01072
5	0.05702	0.04049	0.01267	0.01076	0.01329	0.00959	0.00841	0.01718	0.02176	0.05857	0.51098	0.05670	0.08848	0.01583	0.00914	0.00258	0.00452	0.04558	0.00838	0.00807
6	0.02885	0.01486	0.04006	0.01426	0.02015	0.01268	0.01195	0.09369	0.02341	0.40704	0.09933	0.05541	0.02579	0.01077	0.00812	0.00238	0.00674	0.00890	0.00874	0.10688
7	0.01947	0.44158	0.30118	0.01768	0.02669	0.02666	0.02049	0.02487	0.01675	0.02180	0.01263	0.01471	0.01036	0.00726	0.00623	0.00208	0.01004	0.00502	0.00345	0.01106
8	0.01498	0.00938	0.01109	0.01048	0.01260	0.00914	0.00770	0.06775	0.02027	0.06436	0.23491	0.15273	0.07254	0.09240	0.01210	0.00310	0.00501	0.01324	0.17826	0.00797
9	0.01841	0.30937	0.42412	0.01948	0.02948	0.02408	0.02363	0.02514	0.01688	0.02309	0.01327	0.01551	0.01033	0.00741	0.00672	0.00224	0.01068	0.00534	0.00344	0.01137
10	0.51117	0.01553	0.01440	0.01214	0.01737	0.01696	0.00997	0.08277	0.01848	0.16582	0.05377	0.01943	0.01546	0.00877	0.00620	0.00251	0.00651	0.00602	0.00655	0.01020
11	0.11629	0.01633	0.01916	0.01659	0.05168	0.01661	0.01271	0.11167	0.17521	0.29552	0.02643	0.02456	0.01829	0.00958	0.00768	0.00248	0.00705	0.00762	0.00819	0.05636
12	0.01964	0.01883	0.03214	0.10934	0.60811	0.01916	0.02468	0.02452	0.01827	0.02598	0.01519	0.02023	0.01267	0.00731	0.00804	0.00244	0.00975	0.00723	0.00398	0.01250
13	0.05344	0.13633	0.55203	0.02122	0.03217	0.02068	0.02669	0.02541	0.01688	0.02528	0.01394	0.01636	0.01023	0.00759	0.00723	0.00245	0.01125	0.00568	0.00351	0.01161
14	0.01917	0.04936	0.04633	0.03265	0.04033	0.02123	0.57440	0.02555	0.01866	0.02534	0.01588	0.02130	0.01214	0.00727	0.01039	0.00274	0.05318	0.00922	0.00405	0.01080
15	0.10870	0.01610	0.01918	0.01497	0.02110	0.01577	0.01231	0.16235	0.06139	0.41712	0.02674	0.02423	0.01761	0.00964	0.00776	0.00246	0.00720	0.00754	0.00885	0.03897
16	0.02693	0.01983	0.02185	0.01649	0.02318	0.02026	0.01353	0.42513	0.03109	0.07307	0.01857	0.01908	0.01357	0.00864	0.00749	0.00207	0.00796	0.00660	0.00722	0.23744
17	0.01967	0.01886	0.03219	0.10599	0.61127	0.01917	0.02470	0.02454	0.01828	0.02601	0.01519	0.02022	0.01268	0.00731	0.00804	0.00244	0.00974	0.00723	0.00398	0.01252
18	0.00989	0.00706	0.00942	0.01130	0.01177	0.00659	0.00753	0.01130	0.01554	0.02071	0.04472	0.70954	0.05367	0.02542	0.01036	0.00330	0.00471	0.02307	0.00753	0.00659
19	0.01513	0.00756	0.00756	0.00756	0.00945	0.00756	0.00567	0.01891	0.01702	0.03025	0.02647	0.03025	0.02080	0.00945	0.00567	0.00189	0.00378	0.00756	0.75988	0.00756
20	0.77215	0.01569	0.01193	0.01067	0.01569	0.01820	0.00879	0.02385	0.01381	0.03641	0.01130	0.01318	0.00879	0.00753	0.00502	0.00251	0.00628	0.00439	0.00502	0.00879
21	0.01161	0.00861	0.01262	0.01262	0.01392	0.00991	0.00962	0.01422	0.01292	0.01852	0.02212	0.03401	0.02121	0.12666	0.61814	0.01252	0.02034	0.00901	0.00440	0.00701
22	0.00989	0.00706	0.00942	0.01130	0.01177	0.00659	0.00753	0.01130	0.01554	0.02071	0.04472	0.70954	0.05367	0.02542	0.01036	0.00330	0.00471	0.02307	0.00753	0.00659
23	0.03002	0.03633	0.02298	0.02053	0.02496	0.59287	0.01556	0.09451	0.04565	0.02353	0.01394	0.01565	0.01128	0.00859	0.00743	0.00215	0.01377	0.00557	0.00472	0.00997
24	0.02008	0.01928	0.03294	0.04981	0.66422	0.01928	0.02490	0.02490	0.01848	0.02651	0.01526	0.02008	0.01285	0.00723	0.00803	0.00241	0.00964	0.00723	0.00402	0.01285
25	0.01049	0.00790	0.01146	0.01241	0.01327	0.00741	0.04128	0.01212	0.01553	0.02074	0.04218	0.63780	0.05016	0.06074	0.01194	0.00351	0.00536	0.02174	0.00721	0.00674
26	0.02791	0.01927	0.02129	0.01697	0.02269	0.02093	0.01380	0.38317	0.16048	0.13237	0.07414	0.02605	0.02184	0.01058	0.00827	0.00252	0.00773	0.00839	0.00848	0.01312
27	0.77215	0.01569	0.01193	0.01067	0.01569	0.01820	0.00879	0.02385	0.01381	0.03641	0.01130	0.01318	0.00879	0.00753	0.00502	0.00251	0.00628	0.00439	0.00502	0.00879
28	0.02008	0.01928	0.03294	0.04981	0.66422	0.01928	0.02490	0.02490	0.01848	0.02651	0.01526	0.02008	0.01285	0.00723	0.00803	0.00241	0.00964	0.00723	0.00402	0.01285
29	0.77215	0.01569	0.01193	0.01067	0.01569	0.01820	0.00879	0.02385	0.01381	0.03641	0.01130	0.01318	0.00879	0.00753	0.00502	0.00251	0.00628	0.00439	0.00502	0.00879
30	0.01683	0.01442	0.01683	0.01202	0.01923	0.01082	0.00961	0.02043	0.01683	0.02644	0.01442	0.01683	0.01202	0.00601	0.00601	0.00120	0.00601	0.00481	0.00481	0.76444
31	0.00989	0.00706	0.00942	0.01130	0.01177	0.00659	0.00753	0.01130	0.01554	0.02071	0.04472	0.70954	0.05367	0.02542	0.01036	0.00330	0.00471	0.02307	0.00753	0.00659
32	0.01595	0.01506	0.02546	0.61079	0.13555	0.01819	0.02284	0.02128	0.01652	0.02149	0.01453	0.02143	0.01108	0.00800	0.00810	0.00267	0.01066	0.00721	0.00366	0.00952
33	0.77215	0.01569	0.01193	0.01067	0.01569	0.01820	0.00879	0.02385	0.01381	0.03641	0.01130	0.01318	0.00879	0.00753	0.00502	0.00251	0.00628	0.00439	0.00502	0.00879
34	0.01162	0.00818	0.01065	0.01074	0.01138	0.00877	0.00725	0.01292	0.01250	0.01728	0.02485	0.07518	0.02674	0.40510	0.31159	0.00984	0.01359	0.01102	0.00480	0.00598
35	0.01983	0.01902	0.03248	0.08381	0.63217	0.01921	0.02478	0.02468	0.01836	0.02620	0.01522	0.02016	0.01275	0.00728	0.00804	0.00243	0.00970	0.00723	0.00399	0.01265
36	0.01674	0.01416	0.01609	0.01331	0.01860	0.01306	0.01029	0.02604	0.21474	0.02786	0.02519	0.13413	0.02281	0.01074	0.00742	0.00203	0.00593	0.00916	0.00633	0.40536
37	0.01494	0.01383	0.02308	0.59168	0.07785	0.01683	0.02099	0.01988	0.01625	0.02098	0.01779	0.09719	0.01562	0.00998	0.00836	0.00276	0.01009	0.00895	0.00406	0.00892
38	0.01409	0.00705	0.01057	0.01057	0.01057	0.00705	0.00705	0.01057	0.01057	0.01409	0.01409	0.02467	0.01409	0.02819	0.03171	0.76392	0.00705	0.00705	0.00352	0.00352
39	0.01180	0.00787	0.00885	0.00885	0.00885	0.00787	0.00492	0.01180	0.01180	0.01573	0.02557	0.05310	0.02950	0.71483	0.04130	0.00787	0.00787	0.01180	0.00492	0.00492
40	0.01148	0.00829	0.01085	0.01021	0.01212	0.00766	0.00766	0.01531	0.02297	0.03254	0.65994	0.06061	0.07656	0.01659	0.00957	0.00255	0.00383	0.01467	0.00893	0.00766
41	0.01159	0.00869	0.01304	0.01304	0.01449	0.01014	0.01014	0.01449	0.01304	0.01884	0.02173	0.03188	0.02029	0.06086	0.68268	0.01304	0.02173	0.00869	0.00435	0.00724
42	0.02169	0.71972	0.04252	0.01388	0.02083	0.03211	0.01388	0.02430	0.01649	0.01909	0.01128	0.01302	0.01041	0.00694	0.00521	0.00174	0.00868	0.00434	0.00347	0.01041
43	0.01751	0.01504	0.01824	0.01309	0.02030	0.01177	0.03191	0.04701	0.01782	0.02748	0.01471	0.01712	0.01211	0.00620	0.00623	0.00131	0.00640	0.00508	0.00492	0.70575
44	0.01532	0.01442	0.02434	0.69533	0.05589	0.01803	0.02253	0.02073	0.01622	0.02073	0.01442	0.02163	0.01082	0.00811	0.00811	0.00270	0.01082	0.00721	0.00361	0.00901
45	0.02008	0.01928	0.03294	0.04981	0.66422	0.01928	0.02490	0.02490	0.01848	0.02651	0.01526	0.02008	0.01285	0.00723	0.00803	0.00241	0.00964	0.00723	0.00402	0.01285
46	0.01513	0.00756	0.00756	0.00756	0.00945	0.00756	0.00567	0.01891	0.01702	0.03025	0.02647	0.03025	0.02080	0.00945	0.00567	0.00189	0.00378	0.00756	0.75988	0.00756
47	0.01160	0.00865	0.01284	0.01284	0.01422	0.01003	0.00989	0.01436	0.01298	0.01869	0.02192	0.03290	0.02073	0.09235	0.65179	0.01279	0.02107	0.00884	0.00437	0.00713
48	0.00989	0.00706	0.00942	0.01130	0.01177	0.00659	0.00753	0.01130	0.01554	0.02071	0.04472	0.70954	0.05367	0.02542	0.01036	0.00330	0.00471	0.02307	0.00753	0.00659
49	0.01159	0.00869	0.01304	0.01304	0.01449	0.01014	0.01014	0.01449	0.01304	0.01884	0.02173	0.03188	0.02029	0.06086	0.68268	0.01304	0.02173	0.00869	0.00435	0.00724
50	0.01160	0.00865	0.01282	0.01282	0.01419	0.01002	0.00987	0.01435	0.01298	0.01867	0.02194	0.03300	0.02077	0.09531	0.64889	0.01277	0.02100	0.00886	0.00438	0.00712
51	0.01180	0.00787	0.00885	0.00885	0.00885	0.00787	0.00492	0.01180	0.01180	0.01573	0.02557	0.05310	0.02950	0.71483	0.04130	0.00787	0.00787	0.01180	0.00492	0.00492
52	0.01982	0.01901	0.03246	0.08528	0.63079	0.01921	0.02477	0.02467	0.01835	0.02619	0.01522	0.02017	0.01274	0.00728	0.00804	0.00243	0.00970	0.00723	0.00399	0.01264
53	0.02403	0.01934	0.02051	0.01729	0.02257	0.02198	0.01377	0.25730	0.42911	0.04014	0.02814	0.02638	0.02081	0.01055	0.00821	0.00264	0.00733	0.00850	0.00821	0.01319
54	0.01802	0.01477	0.01830	0.01327	0.02018	0.01176	0.03127	0.02163	0.01708	0.06146	0.01531	0.01763	0.01242	0.00658	0.00706	0.00142	0.03357	0.00524	0.00502	0.66802
55	0.01966	0.02254	0.04530	0.03279	0.04034	0.05562	0.56823	0.02597	0.01898	0.02531	0.01590	0.02128	0.01212	0.00732	0.01039	0.00275	0.05144	0.00921	0.00408	0.01075
56	0.02169	0.71972	0.04252	0.01388	0.02083	0.03211	0.01388	0.02430	0.01649	0.01909	0.01128	0.01302	0.01041	0.00694	0.00521	0.00174	0.00868	0.00434	0.00347	0.01041
57	0.07592	0.01410	0.01843	0.01434	0.02046	0.01271	0.01180	0.03887	0.05570	0.60158	0.03093	0.02697	0.01971	0.00996	0.00799	0.00252	0.00684	0.00801	0.00967	0.01348
58	0.00989	0.00706	0.00942	0.01130	0.01177	0.00659	0.00753	0.01130	0.01554	0.02071	0.04472	0.70954	0.05367	0.02542	0.01036	0.00330	0.00471	0.02307	0.00753	0.00659
59	0.01683	0.01442	0.01683	0.01202	0.01923	0.01082	0.00961	0.02043	0.01683	0.02644	0.01442	0.01683	0.01202	0.00601	0.00601	0.00120	0.00601	0.00481	0.00481	0.76444
60	0.01022	0.00737	0.00976	0.01155	0.01228	0.00691	0.00808	0.01192	0.01602	0.02116	0.04633	0.61119	0.08215	0.02486	0.01041	0.00332	0.00498	0.08726	0.00753	0.00670
61	0.77215	0.01569	0.01193	0.01067	0.01569	0.01820	0.00879	0.02385	0.01381	0.03641	0.01130	0.01318	0.00879	0.00753	0.00502	0.00251	0.00628	0.00439	0.00502	0.00879
62	0.01718	0.01691	0.02375	0.02053	0.02067	0.02348	0.01704	0.01906	0.01248	0.01946	0.01168	0.01907	0.01155	0.01854	0.08767	0.00443	0.63688	0.00725	0.00362	0.00872
63	0.00959	0.00822	0.00822	0.00822	0.01096	0.00685	0.00617	0.01165	0.01850	0.02192	0.08220	0.07809	0.66092	0.02055	0.00959	0.00274	0.00411	0.01713	0.00754	0.00685
64	0.01833	0.29945	0.43335	0.01962	0.02969	0.02388	0.02386	0.02517	0.01689	0.02319	0.01332	0.01557	0.01033	0.00742	0.00676	0.00225	0.01073	0.00537	0.00344	0.01139
65	0.00969	0.00822	0.00836	0.00833	0.01102	0.00689	0.00625	0.01185	0.01874	0.02250	0.11395	0.07713	0.62881	0.02033	0.00959	0.00273	0.00409	0.01699	0.00761	0.00689
66	0.43064	0.01428	0.01413	0.01181	0.01703	0.01493	0.00969	0.02930	0.01762	0.27327	0.02038	0.02007	0.01407	0.00864	0.00625	0.00246	0.00630	0.00608	0.07247	0.01056
67	0.02169	0.71972	0.04252	0.01388	0.02083	0.03211	0.01388	0.02430	0.01649	0.01909	0.01128	0.01302	0.01041	0.00694	0.00521	0.00174	0.00868	0.00434	0.00347	0.01041
68	0.03641	0.01381	0.01883	0.01444	0.02071	0.01193	0.01193	0.03954	0.02322	0.66984	0.03201	0.02762	0.02009	0.01004	0.00816	0.00251	0.00690	0.00816	0.01004	0.01381
69	0.01685	0.00922	0.00940	0.00878	0.01117	0.00949	0.00674	0.08653	0.01933	0.03254	0.02571	0.02907	0.02003	0.00948	0.00594	0.00195	0.00434	0.00753	0.67765	0.00825
70	0.01187	0.00795	0.00908	0.00919	0.00929	0.00795	0.00537	0.01208	0.01218	0.01620	0.02652	0.05522	0.03045	0.67671	0.03964	0.00764	0.00784	0.04471	0.00506	0.00506
71	0.02273	0.01787	0.01964	0.09094	0.02479	0.05009	0.01433	0.28647	0.10940	0.03687	0.02689	0.03555	0.04207	0.01206	0.00843	0.00266	0.00823	0.10612	0.07372	0.01113
72	0.01159	0.00869	0.01304	0.01304	0.01449	0.01014	0.01014	0.01449	0.01304	0.01884	0.02173	0.03188	0.02029	0.06086	0.68268	0.01304	0.02173	0.00869	0.00435	0.00724
73	0.02161	0.63114	0.09600	0.01499	0.02225	0.05973	0.01535	0.02478	0.01683	0.01969	0.01162	0.01344	0.01040	0.00707	0.00552	0.00182	0.00923	0.00452	0.00350	0.01050
74	0.01247	0.00851	0.01120	0.01065	0.01267	0.00786	0.00808	0.01616	0.02245	0.05683	0.57878	0.08938	0.07191	0.01699	0.00963	0.00264	0.00416	0.04295	0.00885	0.00784
75	0.01651	0.07185	0.64501	0.02272	0.03449	0.01943	0.02927	0.02564	0.01710	0.02541	0.01442	0.01695	0.01028	0.00768	0.00760	0.00253	0.01185	0.00592	0.00343	0.01192
76	0.53861	0.01454	0.01328	0.01142	0.01639	0.01580	0.00934	0.02630	0.01674	0.17008	0.08203	0.02109	0.01811	0.00899	0.00615	0.00251	0.00616	0.00624	0.00648	0.00973
77	0.01709	0.13607	0.55877	0.02176	0.03257	0.02094	0.02724	0.02526	0.01685	0.02453	0.01395	0.01658	0.01031	0.00786	0.00811	0.00249	0.03873	0.00581	0.00344	0.01165
78	0.01657	0.07859	0.63874	0.02263	0.03435	0.01956	0.02911	0.02562	0.01710	0.02534	0.01438	0.01691	0.01029	0.00767	0.00757	0.00252	0.01181	0.00591	0.00343	0.01191
79	0.77215	0.01569	0.01193	0.01067	0.01569	0.01820	0.00879	0.02385	0.01381	0.03641	0.01130	0.01318	0.00879	0.00753	0.00502	0.00251	0.00628	0.00439	0.00502	0.00879
80	0.01819	0.02023	0.04287	0.03127	0.03826	0.01944	0.53916	0.02421	0.01842	0.02511	0.01879	0.08732	0.01617	0.00904	0.01064	0.00284	0.05252	0.01072	0.00440	0.01041
81	0.01180	0.00787	0.00885	0.00885	0.00885	0.00787	0.00492	0.01180	0.01180	0.01573	0.02557	0.05310	0.02950	0.71483	0.04130	0.00787	0.00787	0.01180	0.00492	0.00492
82	0.01733	0.03956	0.60770	0.02338	0.03490	0.01864	0.06416	0.02633	0.01752	0.05422	0.01544	0.01787	0.01083	0.00776	0.00784	0.00258	0.01186	0.00630	0.00376	0.01201
83	0.00992	0.00823	0.00867	0.00856	0.01116	0.00699	0.00642	0.01227	0.01926	0.02374	0.18142	0.07509	0.56056	0.01987	0.00959	0.00271	0.00406	0.01670	0.00777	0.00699
84	0.01596	0.01426	0.02203	0.45454	0.04228	0.01769	0.01905	0.05510	0.01691	0.02274	0.01804	0.09696	0.01612	0.01104	0.01089	0.00284	0.10790	0.00896	0.03776	0.00894
85	0.02094	0.01726	0.01837	0.01642	0.02108	0.01979	0.01280	0.04295	0.62014	0.06381	0.03298	0.03015	0.02455	0.01096	0.00825	0.00274	0.00644	0.00913	0.00834	0.01289
86	0.03285	0.01661	0.08110	0.01523	0.02183	0.01297	0.01358	0.06495	0.02333	0.54425	0.06426	0.02805	0.02196	0.01017	0.00819	0.00252	0.00732	0.00827	0.00926	0.01330
87	0.68070	0.04876	0.06430	0.01177	0.01742	0.01887	0.01065	0.02401	0.01418	0.03482	0.01155	0.01348	0.00897	0.00752	0.00524	0.00248	0.00682	0.00452	0.00483	0.00911
88	0.02008	0.01928	0.03294	0.04981	0.66422	0.01928	0.02490	0.02490	0.01848	0.02651	0.01526	0.02008	0.01285	0.00723	0.00803	0.00241	0.00964	0.00723	0.00402	0.01285
89	0.01659	0.03976	0.60410	0.02434	0.03592	0.01903	0.09646	0.02573	0.01735	0.02573	0.01477	0.01765	0.01050	0.00761	0.00791	0.00259	0.01218	0.00639	0.00350	0.01188
90	0.01166	0.00791	0.00892	0.00889	0.00915	0.00780	0.00514	0.01198	0.01278	0.01700	0.06349	0.05489	0.06685	0.63829	0.03781	0.00729	0.00744	0.01225	0.00528	0.00517
91	0.01068	0.00824	0.01175	0.01234	0.01365	0.00755	0.04142	0.01261	0.01629	0.02182	0.07310	0.58346	0.08445	0.02307	0.01009	0.00313	0.00516	0.02099	0.00732	0.03287
92	0.00989	0.00706	0.00942	0.01130	0.01177	0.00659	0.00753	0.01130	0.01554	0.02071	0.04472	0.70954	0.05367	0.02542	0.01036	0.00330	0.00471	0.02307	0.00753	0.00659
93	0.01983	0.01902	0.03247	0.08468	0.63135	0.01921	0.02477	0.02468	0.01835	0.02620	0.01522	0.02017	0.01274	0.00728	0.00804	0.00243	0.00970	0.00723	0.00399	0.01265
94	0.03641	0.01381	0.01883	0.01444	0.02071	0.01193	0.01193	0.03954	0.02322	0.66984	0.03201	0.02762	0.02009	0.01004	0.00816	0.00251	0.00690	0.00816	0.01004	0.01381
95	0.01683	0.01442	0.01683	0.01202	0.01923	0.01082	0.00961	0.02043	0.01683	0.02644	0.01442	0.01683	0.01202	0.00601	0.00601	0.00120	0.00601	0.00481	0.00481	0.76444
96	0.03065	0.02860	0.02385	0.01949	0.02513	0.26721	0.01552	0.41439	0.03257	0.03962	0.01693	0.01770	0.01257	0.00923	0.00782	0.00231	0.01103	0.00654	0.00667	0.01218
97	0.01758	0.01692	0.02933	0.38126	0.31681	0.01870	0.05726	0.02282	0.01735	0.02351	0.01489	0.02098	0.01177	0.00766	0.00816	0.00258	0.01047	0.00735	0.00381	0.01077
98	0.01915	0.02189	0.04788	0.03420	0.04241	0.02052	0.63475	0.02599	0.01915	0.02599	0.01642	0.02189	0.01231	0.00684	0.00958	0.00274	0.01368	0.00958	0.00410	0.01094
99	0.01166	0.00841	0.01109	0.01072	0.01263	0.00784	0.00825	0.01548	0.02250	0.03164	0.59275	0.06398	0.07331	0.01722	0.00975	0.00268	0.00422	0.07946	0.00877	0.00764
100	0.01308	0.00934	0.01308	0.01494	0.01681	0.00934	0.01308	0.01681	0.01868	0.02428	0.04296	0.09153	0.04670	0.02242	0.01121	0.00374	0.00747	0.60960	0.00747	0.00747
101	0.01760	0.01801	0.02591	0.08594	0.02636	0.05743	0.08990	0.02030	0.01446	0.02054	0.01512	0.08599	0.01505	0.01353	0.02022	0.00327	0.44853	0.00886	0.00404	0.00894
102	0.01274	0.00938	0.01304	0.01271	0.01422	0.01065	0.00963	0.05009	0.01430	0.02022	0.02220	0.03449	0.02135	0.16041	0.54312	0.01162	0.01882	0.00910	0.00465	0.00726
103	0.01409	0.00705	0.01057	0.01057	0.01057	0.00705	0.00705	0.01057	0.01057	0.01409	0.01409	0.02467	0.01409	0.02819	0.03171	0.76392	0.00705	0.00705	0.00352	0.00352
104	0.01006	0.00719	0.00962	0.01150	0.01205	0.00674	0.00784	0.01160	0.01571	0.02091	0.04463	0.67563	0.05328	0.02526	0.01040	0.00332	0.00486	0.05525	0.00753	0.00664
105	0.01907	0.02166	0.04661	0.03349	0.04125	0.02076	0.60078	0.02564	0.01878	0.02564	0.01610	0.02166	0.01222	0.00725	0.01051	0.00278	0.05147	0.00944	0.00407	0.01083
106	0.01874	0.02420	0.12421	0.03228	0.04060	0.02050	0.53353	0.02568	0.01861	0.02568	0.01594	0.02112	0.01199	0.00726	0.01007	0.00275	0.04283	0.00903	0.00400	0.01099
107	0.00989	0.00706	0.00942	0.01130	0.01177	0.00659	0.00753	0.01130	0.01554	0.02071	0.04472	0.70954	0.05367	0.02542	0.01036	0.00330	0.00471	0.02307	0.00753	0.00659
108	0.01915	0.02189	0.04788	0.03420	0.04241	0.02052	0.63475	0.02599	0.01915	0.02599	0.01642	0.02189	0.01231	0.00684	0.00958	0.00274	0.01368	0.00958	0.00410	0.01094
109	0.01915	0.02189	0.04788	0.03420	0.04241	0.02052	0.63475	0.02599	0.01915	0.02599	0.01642	0.02189	0.01231	0.00684	0.00958	0.00274	0.01368	0.00958	0.00410	0.01094
110	0.02008	0.01928	0.03294	0.04981	0.66422	0.01928	0.02490	0.02490	0.01848	0.02651	0.01526	0.02008	0.01285	0.00723	0.00803	0.00241	0.00964	0.00723	0.00402	0.01285
111	0.01532	0.01442	0.02434	0.69533	0.05589	0.01803	0.02253	0.02073	0.01622	0.02073	0.01442	0.02163	0.01082	0.00811	0.00811	0.00270	0.01082	0.00721	0.00361	0.00901
112	0.01409	0.00705	0.01057	0.01057	0.01057	0.00705	0.00705	0.01057	0.01057	0.01409	0.01409	0.02467	0.01409	0.02819	0.03171	0.76392	0.00705	0.00705	0.00352	0.00352
113	0.01649	0.06889	0.64776	0.02276	0.03455	0.01937	0.02934	0.02564	0.01711	0.02543	0.01443	0.01697	0.01028	0.00768	0.00761	0.00254	0.01186	0.00593	0.00343	0.01193
114	0.01171	0.00823	0.01070	0.01070	0.01134	0.00887	0.00722	0.01299	0.01235	0.01710	0.02388	0.04374	0.02544	0.42648	0.32410	0.01015	0.01398	0.01043	0.00467	0.00594
115	0.02709	0.02001	0.02030	0.01616	0.02144	0.05710	0.01313	0.45738	0.03231	0.04447	0.02076	0.02177	0.01527	0.00960	0.00749	0.00229	0.00802	0.00725	0.18610	0.01208
116	0.02983	0.03513	0.02294	0.02033	0.02488	0.54821	0.01548	0.12281	0.05974	0.02528	0.01470	0.01621	0.01174	0.00871	0.00749	0.00218	0.01333	0.00575	0.00499	0.01025
117	0.02189	0.01725	0.01823	0.01642	0.02089	0.04923	0.01307	0.07295	0.43450	0.09608	0.03257	0.03720	0.02606	0.01231	0.00861	0.00282	0.00715	0.09259	0.00812	0.01208
118	0.01629	0.01498	0.02426	0.60876	0.07305	0.01806	0.02166	0.05004	0.01737	0.02264	0.01469	0.02125	0.01108	0.00806	0.00801	0.00261	0.01046	0.00710	0.00389	0.04575
119	0.70339	0.01536	0.01216	0.01073	0.01576	0.01742	0.00879	0.02336	0.01430	0.03572	0.03471	0.01508	0.01139	0.00777	0.00524	0.00244	0.00617	0.00478	0.00515	0.05027

[dist]
# distance from previous block
# <min> <max>
0	3

[block]
# block no. 2 follows, 23 sequences, length 23
# corresponding to MSA columns:
# 199-221
name=unknown_C
#
# <colnr> <probs for GDERKNQSTAVLIFYWHMCP>
#	G	D	E	R	K	N	Q	S	T	A	V	L	I	F	Y	W	H	M	C	P
0	0.02081	0.02175	0.03140	0.05830	0.07275	0.11042	0.22868	0.06575	0.09199	0.02673	0.04154	0.02224	0.01574	0.00926	0.01133	0.00267	0.11659	0.00816	0.00494	0.03892
1	0.06371	0.01497	0.02356	0.61423	0.05163	0.01844	0.02127	0.05565	0.01731	0.02343	0.01451	0.02098	0.01086	0.00817	0.00792	0.00268	0.01043	0.00704	0.00395	0.00927
2	0.02169	0.71972	0.04252	0.01388	0.02083	0.03211	0.01388	0.02430	0.01649	0.01909	0.01128	0.01302	0.01041	0.00694	0.00521	0.00174	0.00868	0.00434	0.00347	0.01041
3	0.02997	0.02226	0.02435	0.05679	0.02689	0.02476	0.01582	0.60243	0.03692	0.04943	0.01920	0.01960	0.01363	0.00965	0.00812	0.00245	0.00904	0.00730	0.00786	0.01353
4	0.01369	0.00705	0.01046	0.01064	0.01069	0.00700	0.00709	0.01064	0.01105	0.01474	0.01707	0.09115	0.01794	0.02792	0.02964	0.69007	0.00682	0.00860	0.00391	0.00382
5	0.02566	0.02008	0.01929	0.01572	0.02051	0.09522	0.01253	0.38291	0.02990	0.04016	0.02332	0.02560	0.04588	0.04813	0.00941	0.00260	0.00829	0.00782	0.15571	0.01126
6	0.02844	0.02093	0.02264	0.01782	0.02363	0.02303	0.01452	0.56542	0.03556	0.04765	0.02237	0.09858	0.01837	0.01154	0.00837	0.00253	0.00845	0.00911	0.00805	0.01297
7	0.01639	0.01396	0.01636	0.01197	0.01876	0.01055	0.00948	0.01986	0.01674	0.02608	0.01632	0.06031	0.01463	0.00723	0.00628	0.00133	0.00593	0.00595	0.00498	0.71686
8	0.02114	0.01728	0.01851	0.01621	0.02112	0.01940	0.01270	0.06466	0.55623	0.06385	0.03127	0.02887	0.02331	0.01060	0.00810	0.00263	0.00652	0.00878	0.00812	0.06071
9	0.01293	0.01041	0.01481	0.01424	0.01678	0.00983	0.05910	0.01727	0.06601	0.02415	0.07092	0.36830	0.04317	0.01950	0.00974	0.00301	0.00619	0.13007	0.00706	0.09652
10	0.02355	0.01250	0.01715	0.01395	0.01881	0.01093	0.04378	0.02736	0.04090	0.29954	0.07688	0.16354	0.02927	0.01270	0.00831	0.00243	0.00632	0.01110	0.03575	0.14526
11	0.01383	0.05640	0.01998	0.01618	0.01848	0.01427	0.08248	0.01682	0.01380	0.01953	0.01945	0.02941	0.01828	0.09234	0.44083	0.00967	0.09758	0.00855	0.00421	0.00789
12	0.01556	0.01324	0.01537	0.01154	0.01781	0.01009	0.00909	0.01884	0.01694	0.02556	0.02412	0.06788	0.08904	0.00891	0.00670	0.00151	0.00571	0.00738	0.00529	0.62943
13	0.01812	0.01589	0.02018	0.05881	0.02214	0.01759	0.01373	0.10224	0.01812	0.02640	0.01902	0.07016	0.04395	0.01153	0.01405	0.00250	0.24728	0.00795	0.00506	0.26528
14	0.02189	0.01828	0.01931	0.01686	0.02175	0.02098	0.01326	0.13799	0.55191	0.03669	0.03086	0.02855	0.02302	0.01081	0.00823	0.00270	0.00682	0.00888	0.00823	0.01300
15	0.77215	0.01569	0.01193	0.01067	0.01569	0.01820	0.00879	0.02385	0.01381	0.03641	0.01130	0.01318	0.00879	0.00753	0.00502	0.00251	0.00628	0.00439	0.00502	0.00879
16	0.00989	0.00706	0.00942	0.01130	0.01177	0.00659	0.00753	0.01130	0.01554	0.02071	0.04472	0.70954	0.05367	0.02542	0.01036	0.00330	0.00471	0.02307	0.00753	0.00659
17	0.01148	0.00829	0.01085	0.01021	0.01212	0.00766	0.00766	0.01531	0.02297	0.03254	0.65994	0.06061	0.07656	0.01659	0.00957	0.00255	0.00383	0.01467	0.00893	0.00766
18	0.35985	0.01506	0.01605	0.01298	0.01871	0.01531	0.01071	0.06082	0.01979	0.36197	0.02231	0.02088	0.01482	0.00892	0.00678	0.00251	0.00672	0.00646	0.00774	0.01160
19	0.02088	0.02070	0.05847	0.13526	0.41848	0.04694	0.02276	0.09568	0.05029	0.02854	0.01632	0.02036	0.01302	0.00789	0.00802	0.00247	0.00989	0.00719	0.00461	0.01223
20	0.02209	0.56750	0.10924	0.01570	0.02288	0.10518	0.01585	0.02538	0.01730	0.01990	0.01178	0.01365	0.01040	0.00719	0.00572	0.00187	0.00972	0.00462	0.00355	0.01047
21	0.02885	0.05873	0.02169	0.01763	0.02242	0.29550	0.01386	0.05403	0.11873	0.20150	0.04761	0.02265	0.01810	0.00974	0.00835	0.00237	0.03322	0.00711	0.00668	0.01124
22	0.09621	0.56602	0.08515	0.01428	0.02137	0.02878	0.01448	0.02509	0.01659	0.05242	0.01252	0.01404	0.01071	0.00721	0.00552	0.00191	0.00860	0.00465	0.00394	0.01053

[dist]
# distance from previous block
# <min> <max>
4	8

[block]
# block no. 3 follows, 23 sequences, length 16
# corresponding to MSA columns:
# 231-246
name=unknown_D
#
# <colnr> <probs for GDERKNQSTAVLIFYWHMCP>
#	G	D	E	R	K	N	Q	S	T	A	V	L	I	F	Y	W	H	M	C	P
0	0.02130	0.07718	0.03159	0.03859	0.42881	0.07892	0.06677	0.02552	0.01884	0.06069	0.01766	0.06522	0.01550	0.00864	0.00801	0.00241	0.00983	0.00809	0.00456	0.01184
1	0.01484	0.01269	0.01721	0.01599	0.07043	0.01056	0.04230	0.01796	0.01664	0.02447	0.02493	0.25377	0.02632	0.01278	0.00784	0.00209	0.00626	0.01148	0.00564	0.40579
2	0.05625	0.02263	0.02083	0.01712	0.02222	0.14016	0.01365	0.39535	0.03065	0.04049	0.02063	0.07560	0.01691	0.01066	0.00781	0.00239	0.00903	0.00813	0.07786	0.01164
3	0.01849	0.10711	0.47641	0.02233	0.05652	0.02085	0.02554	0.07677	0.07059	0.02780	0.01616	0.01809	0.01187	0.00805	0.00754	0.00248	0.01085	0.00624	0.00423	0.01208
4	0.02803	0.02323	0.02226	0.01806	0.02366	0.11403	0.01452	0.41288	0.15094	0.04261	0.02141	0.02135	0.01574	0.00978	0.00792	0.00242	0.00900	0.00738	0.04205	0.01273
5	0.01305	0.00956	0.01282	0.01440	0.01623	0.00970	0.01204	0.01789	0.06810	0.02439	0.04250	0.19990	0.04624	0.02206	0.01082	0.00358	0.00688	0.45456	0.00755	0.00774
6	0.01627	0.04197	0.67279	0.02313	0.03512	0.01884	0.02998	0.02570	0.01713	0.02570	0.01456	0.01713	0.01028	0.00771	0.00771	0.00257	0.01199	0.00600	0.00343	0.01199
7	0.02346	0.02087	0.02671	0.06939	0.30745	0.07445	0.01926	0.23247	0.02541	0.03365	0.02188	0.02424	0.06567	0.00931	0.00813	0.00244	0.00942	0.00790	0.00569	0.01219
8	0.01133	0.00829	0.01063	0.01005	0.01203	0.00759	0.00753	0.01501	0.02260	0.03167	0.61266	0.06204	0.12439	0.01691	0.00957	0.00257	0.00385	0.01488	0.00882	0.00759
9	0.01532	0.01442	0.02434	0.69533	0.05589	0.01803	0.02253	0.02073	0.01622	0.02073	0.01442	0.02163	0.01082	0.00811	0.00811	0.00270	0.01082	0.00721	0.00361	0.00901
10	0.03013	0.02409	0.02424	0.01903	0.02496	0.09154	0.01557	0.54481	0.03532	0.04638	0.01833	0.01890	0.01330	0.00983	0.00897	0.00246	0.04446	0.00709	0.00749	0.01311
11	0.02126	0.66600	0.09247	0.01462	0.02196	0.03106	0.01516	0.02441	0.01654	0.01961	0.01154	0.01334	0.01040	0.00700	0.00540	0.00180	0.00894	0.00447	0.00347	0.01054
12	0.01180	0.00787	0.00885	0.00885	0.00885	0.00787	0.00492	0.01180	0.01180	0.01573	0.02557	0.05310	0.02950	0.71483	0.04130	0.00787	0.00787	0.01180	0.00492	0.00492
13	0.03314	0.01569	0.01959	0.01538	0.02144	0.01515	0.01259	0.12987	0.11946	0.48146	0.03028	0.02679	0.01984	0.01014	0.00817	0.00254	0.00714	0.00818	0.00949	0.01366
14	0.01236	0.01082	0.05549	0.01372	0.01591	0.00910	0.01186	0.01585	0.01832	0.02458	0.13918	0.19844	0.04954	0.05567	0.01205	0.00359	0.00668	0.33202	0.00732	0.00750
15	0.01713	0.14892	0.57333	0.02167	0.03286	0.02094	0.02744	0.02548	0.01703	0.02465	0.01404	0.01648	0.01030	0.00759	0.00731	0.00244	0.01147	0.00573	0.00343	0.01174

[dist]
# distance from previous block
# <min> <max>
1	3

[block]
# block no. 4 follows, 23 sequences, length 12
# corresponding to MSA columns:
# 250-261
name=unknown_E
#
# <colnr> <probs for GDERKNQSTAVLIFYWHMCP>
#	G	D	E	R	K	N	Q	S	T	A	V	L	I	F	Y	W	H	M	C	P
0	0.05492	0.38206	0.08736	0.01671	0.02339	0.15372	0.01564	0.13296	0.02146	0.02609	0.01323	0.01481	0.01093	0.00779	0.00632	0.00203	0.01004	0.00517	0.00448	0.01088
1	0.20273	0.01738	0.01684	0.01404	0.01887	0.07393	0.01123	0.16610	0.04943	0.10937	0.16595	0.02823	0.02781	0.01053	0.00753	0.00240	0.00711	0.00815	0.00725	0.05510
2	0.28234	0.18748	0.19119	0.01601	0.02323	0.09966	0.01639	0.02617	0.01680	0.05701	0.01324	0.01500	0.01027	0.00766	0.00617	0.00230	0.00932	0.00507	0.00439	0.01030
3	0.52934	0.20363	0.02079	0.01199	0.01761	0.02231	0.01053	0.05948	0.01593	0.03265	0.01177	0.01350	0.00951	0.00750	0.00525	0.00230	0.00707	0.00455	0.00479	0.00951
4	0.01424	0.00994	0.01231	0.01327	0.01505	0.03216	0.01028	0.01757	0.04187	0.07342	0.07718	0.35527	0.04737	0.02154	0.01025	0.00328	0.00620	0.22325	0.00770	0.00785
5	0.01705	0.01048	0.01318	0.01133	0.01477	0.00942	0.00881	0.04822	0.02276	0.14319	0.41155	0.05046	0.10861	0.01450	0.00893	0.00243	0.00482	0.01251	0.00859	0.07838
6	0.77215	0.01569	0.01193	0.01067	0.01569	0.01820	0.00879	0.02385	0.01381	0.03641	0.01130	0.01318	0.00879	0.00753	0.00502	0.00251	0.00628	0.00439	0.00502	0.00879
7	0.08438	0.01071	0.01230	0.01140	0.01423	0.01077	0.00881	0.01881	0.04731	0.10511	0.13576	0.13779	0.27701	0.01715	0.01051	0.00281	0.06518	0.01404	0.00749	0.00842
8	0.09295	0.02018	0.03645	0.02688	0.03335	0.02060	0.37839	0.08049	0.01921	0.02840	0.01520	0.01982	0.01184	0.00819	0.01122	0.00269	0.11237	0.00813	0.00453	0.06910
9	0.02415	0.01874	0.02027	0.01687	0.02199	0.02089	0.01359	0.32423	0.26835	0.04164	0.08782	0.03067	0.02548	0.01143	0.00844	0.00262	0.00742	0.03460	0.00822	0.01257
10	0.03196	0.01414	0.01825	0.01467	0.02032	0.01321	0.01187	0.03875	0.14111	0.51592	0.03287	0.06366	0.02272	0.01103	0.00829	0.00260	0.00670	0.00913	0.00957	0.01325
11	0.01582	0.01500	0.02489	0.59872	0.08881	0.01869	0.02226	0.02087	0.01603	0.02097	0.01414	0.02120	0.01092	0.00859	0.00971	0.00276	0.07055	0.00720	0.00363	0.00923

[dist]
# distance from previous block
# <min> <max>
3	13

[block]
# block no. 5 follows, 23 sequences, length 9
# corresponding to MSA columns:
# 275-283
name=unknown_F
#
# <colnr> <probs for GDERKNQSTAVLIFYWHMCP>
#	G	D	E	R	K	N	Q	S	T	A	V	L	I	F	Y	W	H	M	C	P
0	0.02840	0.02100	0.02252	0.01760	0.02336	0.02322	0.01427	0.54262	0.07125	0.04674	0.02085	0.02333	0.01594	0.07739	0.01131	0.00297	0.00868	0.00785	0.00782	0.01289
1	0.01007	0.00725	0.00925	0.01075	0.01138	0.00675	0.00712	0.01138	0.01540	0.02028	0.04602	0.58104	0.10585	0.10007	0.01366	0.00374	0.00500	0.02130	0.00725	0.00643
2	0.01830	0.01746	0.02971	0.29212	0.43586	0.01881	0.02401	0.02334	0.01763	0.02434	0.01495	0.02066	0.01209	0.00756	0.00806	0.00252	0.01008	0.00722	0.00386	0.01141
3	0.02466	0.02989	0.03205	0.02566	0.03070	0.35889	0.23495	0.02839	0.02020	0.02198	0.01366	0.01762	0.01114	0.00862	0.01074	0.00252	0.10738	0.00702	0.00407	0.00988
4	0.01223	0.00741	0.00961	0.00996	0.01025	0.00722	0.00636	0.01119	0.01247	0.01643	0.02852	0.16441	0.07354	0.25594	0.02936	0.31629	0.00668	0.01232	0.00502	0.00480
5	0.59390	0.01738	0.01491	0.01259	0.01797	0.01988	0.01038	0.17132	0.01966	0.03995	0.01327	0.01470	0.00999	0.00806	0.00577	0.00249	0.00691	0.00509	0.00577	0.00999
6	0.02227	0.01788	0.01900	0.01628	0.02091	0.02024	0.01270	0.20667	0.40825	0.03679	0.02841	0.02973	0.02220	0.08731	0.01182	0.00322	0.00728	0.00893	0.00785	0.01225
7	0.01730	0.17067	0.55310	0.02137	0.03241	0.02136	0.02692	0.02543	0.01701	0.02444	0.01394	0.01635	0.01030	0.00756	0.00723	0.00241	0.01136	0.00568	0.00343	0.01169
8	0.00984	0.00725	0.00922	0.01080	0.01164	0.00663	0.00731	0.01135	0.01602	0.02091	0.05082	0.60677	0.15250	0.02463	0.01023	0.00320	0.00461	0.02210	0.00753	0.00663

[dist]
# distance from previous block
# <min> <max>
0	19

[block]
# block no. 6 follows, 23 sequences, length 10
# corresponding to MSA columns:
# 303-312
name=unknown_G
#
# <colnr> <probs for GDERKNQSTAVLIFYWHMCP>
#	G	D	E	R	K	N	Q	S	T	A	V	L	I	F	Y	W	H	M	C	P
0	0.01532	0.01442	0.02434	0.69533	0.05589	0.01803	0.02253	0.02073	0.01622	0.02073	0.01442	0.02163	0.01082	0.00811	0.00811	0.00270	0.01082	0.00721	0.00361	0.00901
1	0.02880	0.03615	0.02322	0.02095	0.02463	0.60310	0.01593	0.03085	0.02172	0.01982	0.01231	0.01501	0.01048	0.00906	0.00964	0.00227	0.09716	0.00545	0.00410	0.00934
2	0.02961	0.02211	0.02365	0.01842	0.02469	0.02459	0.01512	0.56820	0.10912	0.04914	0.02105	0.02073	0.01507	0.00989	0.00813	0.00247	0.00864	0.00752	0.00813	0.01369
3	0.01308	0.00934	0.01308	0.01494	0.01681	0.00934	0.01308	0.01681	0.01868	0.02428	0.04296	0.09153	0.04670	0.02242	0.01121	0.00374	0.00747	0.60960	0.00747	0.00747
4	0.02913	0.02145	0.02313	0.01807	0.02407	0.02364	0.01478	0.58597	0.03630	0.04865	0.02155	0.07592	0.01706	0.01102	0.00830	0.00251	0.00858	0.00859	0.00807	0.01321
5	0.01584	0.01560	0.02259	0.01918	0.02167	0.06734	0.11856	0.01901	0.01495	0.02046	0.02015	0.02739	0.04671	0.03344	0.31153	0.00746	0.19688	0.00857	0.00424	0.00845
6	0.00989	0.00706	0.00942	0.01130	0.01177	0.00659	0.00753	0.01130	0.01554	0.02071	0.04472	0.70954	0.05367	0.02542	0.01036	0.00330	0.00471	0.02307	0.00753	0.00659
7	0.01532	0.01442	0.02434	0.69533	0.05589	0.01803	0.02253	0.02073	0.01622	0.02073	0.01442	0.02163	0.01082	0.00811	0.00811	0.00270	0.01082	0.00721	0.00361	0.00901
8	0.05816	0.01622	0.02297	0.01669	0.02384	0.01383	0.12698	0.05400	0.01886	0.09874	0.01682	0.01890	0.01288	0.00687	0.00697	0.00176	0.00770	0.00617	0.00542	0.46622
9	0.61475	0.01719	0.01456	0.01237	0.01770	0.01968	0.01020	0.15407	0.01898	0.03953	0.01304	0.01452	0.00985	0.00800	0.00568	0.00249	0.00684	0.00501	0.00568	0.00985

[dist]
# distance from previous block
# <min> <max>
0	7

[block]
# block no. 7 follows, 23 sequences, length 8
# corresponding to MSA columns:
# 320-327
name=unknown_H
#
# <colnr> <probs for GDERKNQSTAVLIFYWHMCP>
#	G	D	E	R	K	N	Q	S	T	A	V	L	I	F	Y	W	H	M	C	P
0	0.01532	0.01442	0.02434	0.69533	0.05589	0.01803	0.02253	0.02073	0.01622	0.02073	0.01442	0.02163	0.01082	0.00811	0.00811	0.00270	0.01082	0.00721	0.00361	0.00901
1	0.01532	0.01442	0.02434	0.69533	0.05589	0.01803	0.02253	0.02073	0.01622	0.02073	0.01442	0.02163	0.01082	0.00811	0.00811	0.00270	0.01082	0.00721	0.00361	0.00901
2	0.03085	0.02273	0.02435	0.01867	0.02516	0.02516	0.01542	0.63716	0.03815	0.05114	0.01948	0.01948	0.01380	0.00974	0.00812	0.00244	0.00893	0.00731	0.00812	0.01380
3	0.01154	0.00847	0.01093	0.01080	0.01280	0.00786	0.00843	0.01515	0.02170	0.02987	0.48543	0.06802	0.13936	0.01806	0.00986	0.00278	0.00449	0.11841	0.00852	0.00753
4	0.01180	0.00787	0.00885	0.00885	0.00885	0.00787	0.00492	0.01180	0.01180	0.01573	0.02557	0.05310	0.02950	0.71483	0.04130	0.00787	0.00787	0.01180	0.00492	0.00492
5	0.01159	0.00869	0.01304	0.01304	0.01449	0.01014	0.01014	0.01449	0.01304	0.01884	0.02173	0.03188	0.02029	0.06086	0.68268	0.01304	0.02173	0.00869	0.00435	0.00724
6	0.02457	0.01645	0.01848	0.01595	0.02100	0.01795	0.01260	0.04215	0.48006	0.20603	0.03275	0.02956	0.02350	0.01075	0.00823	0.00269	0.00655	0.00890	0.00874	0.01310
7	0.25083	0.01868	0.01787	0.01501	0.01985	0.08172	0.01213	0.14106	0.09169	0.14956	0.01992	0.02032	0.01452	0.00944	0.00831	0.00252	0.05708	0.00660	0.05184	0.01105

[dist]
# distance from previous block
# <min> <max>
0	9

[block]
# block no. 8 follows, 23 sequences, length 7
# corresponding to MSA columns:
# 337-343
name=unknown_I
#
# <colnr> <probs for GDERKNQSTAVLIFYWHMCP>
#	G	D	E	R	K	N	Q	S	T	A	V	L	I	F	Y	W	H	M	C	P
0	0.01779	0.23131	0.49672	0.02055	0.03113	0.02255	0.02548	0.02531	0.01695	0.02385	0.01365	0.01598	0.01032	0.00749	0.00701	0.00234	0.01107	0.00553	0.00344	0.01155
1	0.01812	0.27221	0.45868	0.01999	0.03026	0.02335	0.02451	0.02522	0.01691	0.02345	0.01345	0.01573	0.01032	0.00745	0.00686	0.00229	0.01087	0.00543	0.00344	0.01146
2	0.01409	0.00705	0.01057	0.01057	0.01057	0.00705	0.00705	0.01057	0.01057	0.01409	0.01409	0.02467	0.01409	0.02819	0.03171	0.76392	0.00705	0.00705	0.00352	0.00352
3	0.01627	0.04197	0.67279	0.02313	0.03512	0.01884	0.02998	0.02570	0.01713	0.02570	0.01456	0.01713	0.01028	0.00771	0.00771	0.00257	0.01199	0.00600	0.00343	0.01199
4	0.01178	0.00857	0.01148	0.01314	0.01472	0.00828	0.01072	0.01467	0.01778	0.02301	0.04807	0.26205	0.12092	0.02303	0.01078	0.00350	0.00631	0.37654	0.00750	0.00715
5	0.01093	0.00810	0.01020	0.01004	0.01188	0.00736	0.00739	0.01410	0.02111	0.02900	0.47179	0.16117	0.16977	0.01857	0.00969	0.00270	0.00401	0.01634	0.00849	0.00736
6	0.02169	0.71972	0.04252	0.01388	0.02083	0.03211	0.01388	0.02430	0.01649	0.01909	0.01128	0.01302	0.01041	0.00694	0.00521	0.00174	0.00868	0.00434	0.00347	0.01041

[dist]
# distance from previous block
# <min> <max>
26	39

[block]
# block no. 9 follows, 23 sequences, length 9
# corresponding to MSA columns:
# 384-392
name=unknown_J
#
# <colnr> <probs for GDERKNQSTAVLIFYWHMCP>
#	G	D	E	R	K	N	Q	S	T	A	V	L	I	F	Y	W	H	M	C	P
0	0.02332	0.01871	0.02094	0.10021	0.02639	0.04724	0.01394	0.24499	0.08027	0.06011	0.01847	0.01988	0.01387	0.00831	0.00737	0.00206	0.00810	0.00653	0.00632	0.27297
1	0.07494	0.02054	0.02397	0.01863	0.02456	0.02258	0.05121	0.41397	0.07356	0.11668	0.02058	0.02079	0.01466	0.00984	0.00923	0.00256	0.05367	0.00747	0.00762	0.01294
2	0.01571	0.01482	0.02504	0.64285	0.10534	0.01813	0.02273	0.02107	0.01641	0.02120	0.01449	0.02151	0.01098	0.00804	0.00811	0.00268	0.01072	0.00721	0.00364	0.00933
3	0.01778	0.01412	0.01744	0.01360	0.01909	0.01257	0.03782	0.07954	0.01959	0.06700	0.03219	0.03475	0.15935	0.01105	0.00871	0.00205	0.04644	0.03265	0.00607	0.36820
4	0.01878	0.01839	0.03265	0.20904	0.43505	0.01912	0.10010	0.02400	0.01800	0.02500	0.01520	0.02069	0.01228	0.00740	0.00824	0.00252	0.01044	0.00752	0.00392	0.01166
5	0.01611	0.01523	0.02576	0.58849	0.15657	0.01823	0.02293	0.02142	0.01660	0.02169	0.01456	0.02138	0.01115	0.00797	0.00810	0.00266	0.01062	0.00721	0.00367	0.00965
6	0.01850	0.01466	0.01862	0.01416	0.02032	0.01239	0.05000	0.08557	0.01938	0.06316	0.02051	0.12015	0.01880	0.00954	0.00722	0.00181	0.00666	0.00825	0.00580	0.48451
7	0.01311	0.00918	0.01083	0.01101	0.01195	0.00925	0.00723	0.08174	0.01638	0.02186	0.03319	0.33391	0.03822	0.33685	0.02416	0.00528	0.00662	0.01618	0.00641	0.00664
8	0.04742	0.01011	0.01443	0.01422	0.01539	0.01088	0.04925	0.01427	0.01555	0.02215	0.06449	0.49693	0.04338	0.02127	0.01252	0.00323	0.11200	0.01849	0.00665	0.00737

[dist]
# distance from previous block
# <min> <max>
6	17

[block]
# block no. 10 follows, 23 sequences, length 11
# corresponding to MSA columns:
# 411-421
name=unknown_K
#
# <colnr> <probs for GDERKNQSTAVLIFYWHMCP>
#	G	D	E	R	K	N	Q	S	T	A	V	L	I	F	Y	W	H	M	C	P
0	0.19002	0.02122	0.02168	0.01695	0.02313	0.02367	0.01400	0.50547	0.03292	0.04797	0.01772	0.01813	0.01272	0.00927	0.00745	0.00245	0.00836	0.00668	0.00745	0.01272
1	0.05384	0.01610	0.01899	0.01488	0.02072	0.01582	0.01214	0.20783	0.06082	0.30669	0.06808	0.02844	0.05140	0.01048	0.00801	0.00240	0.00704	0.00838	0.00857	0.07938
2	0.09348	0.15660	0.49704	0.02027	0.03069	0.02107	0.02506	0.02527	0.01668	0.02563	0.01366	0.01602	0.01015	0.00756	0.00700	0.00242	0.01084	0.00555	0.00359	0.01140
