[name]
unknown

[dist]
# distance from previous block
# <min> <max>
15	434

[block]
# block no. 0 follows, 23 sequences, length 122
# corresponding to MSA columns:
# 458-579
name=unknown_A
#
# <colnr> <probs for GDERKNQSTAVLIFYWHMCP>
#	G	D	E	R	K	N	Q	S	T	A	V	L	I	F	Y	W	H	M	C	P
0	0.21071	0.02018	0.07343	0.01783	0.02336	0.06542	0.09496	0.05557	0.04589	0.07587	0.05479	0.02070	0.01597	0.00914	0.00954	0.00250	0.09290	0.00689	0.00540	0.09894
1	0.13282	0.01577	0.01803	0.04224	0.02045	0.03981	0.03876	0.07814	0.11600	0.05647	0.06165	0.02891	0.04595	0.08418	0.03841	0.00346	0.07361	0.00829	0.00602	0.09102
2	0.23721	0.01540	0.01875	0.01526	0.01987	0.01645	0.07016	0.12656	0.02028	0.13245	0.05735	0.02708	0.04123	0.06763	0.06684	0.00386	0.03910	0.00803	0.00642	0.01007
3	0.09209	0.02273	0.02190	0.04703	0.02469	0.11355	0.01447	0.38665	0.06348	0.04129	0.03960	0.02016	0.01537	0.00938	0.00768	0.00236	0.00910	0.00697	0.00696	0.05456
4	0.05982	0.01868	0.02450	0.01911	0.02489	0.01970	0.12029	0.20161	0.18108	0.06302	0.02180	0.02373	0.01666	0.04006	0.01017	0.00271	0.03510	0.00795	0.00668	0.10243
5	0.01808	0.01939	0.03923	0.06333	0.07036	0.01896	0.44402	0.02487	0.04675	0.02662	0.09374	0.02661	0.02043	0.00859	0.01009	0.00273	0.04102	0.00982	0.00481	0.01055
6	0.01885	0.01491	0.02084	0.30455	0.03522	0.01577	0.01612	0.08435	0.01901	0.07920	0.01808	0.06208	0.01482	0.00914	0.00842	0.00230	0.03712	0.00757	0.00518	0.22647
7	0.05783	0.01377	0.02217	0.19012	0.03005	0.01455	0.11061	0.02270	0.01957	0.12340	0.22720	0.03458	0.03373	0.01130	0.00978	0.00267	0.04995	0.01000	0.00645	0.00957
8	0.01377	0.00987	0.01257	0.01175	0.01458	0.00889	0.00898	0.01745	0.04440	0.05003	0.26178	0.17874	0.04883	0.01706	0.01021	0.04001	0.00523	0.08354	0.00743	0.15488
9	0.02102	0.01590	0.01738	0.01502	0.01911	0.01761	0.01179	0.19176	0.25232	0.05923	0.03336	0.08257	0.08612	0.04038	0.01039	0.00287	0.03611	0.01034	0.06553	0.01119
10	0.02006	0.02146	0.04635	0.03316	0.04127	0.02007	0.60195	0.02671	0.01937	0.05989	0.01724	0.02219	0.01272	0.00701	0.00950	0.00272	0.01332	0.00950	0.00442	0.01109
11	0.07203	0.01697	0.01892	0.01584	0.02121	0.01829	0.01268	0.12153	0.34262	0.22465	0.02957	0.02699	0.02092	0.01034	0.00801	0.00262	0.00690	0.00833	0.00857	0.01301
12	0.02018	0.01743	0.01835	0.01651	0.02110	0.02018	0.01284	0.04312	0.64956	0.03394	0.03303	0.03027	0.02477	0.01101	0.00826	0.00275	0.00642	0.00917	0.00826	0.01284
13	0.01043	0.00760	0.01001	0.01148	0.01242	0.00695	0.00787	0.01206	0.01573	0.02120	0.04282	0.64378	0.05087	0.02413	0.01013	0.00319	0.00489	0.04450	0.00736	0.05258
14	0.02093	0.63734	0.03914	0.01373	0.02029	0.02997	0.01339	0.02473	0.05499	0.02015	0.01657	0.01770	0.04766	0.00795	0.00564	0.00185	0.00829	0.00535	0.00399	0.01036
15	0.01818	0.01470	0.09130	0.10234	0.02282	0.01134	0.01309	0.02216	0.01959	0.17469	0.11866	0.04643	0.21547	0.01367	0.00868	0.00258	0.00677	0.03419	0.00712	0.05622
16	0.04616	0.01117	0.01472	0.08976	0.05560	0.01177	0.01161	0.02095	0.12297	0.06412	0.03553	0.38319	0.03758	0.01826	0.00931	0.00303	0.00626	0.04210	0.00707	0.00883
17	0.01576	0.00817	0.00824	0.00801	0.01008	0.00827	0.00606	0.04372	0.01786	0.03109	0.02619	0.02982	0.02052	0.00947	0.00577	0.00191	0.00399	0.00755	0.72971	0.00781
18	0.01662	0.01474	0.01930	0.05601	0.02269	0.01245	0.04868	0.02034	0.01663	0.02542	0.01566	0.04782	0.01371	0.00750	0.00770	0.00161	0.04552	0.00617	0.00474	0.59670
19	0.01159	0.00869	0.01304	0.01304	0.01449	0.01014	0.01014	0.01449	0.01304	0.01884	0.02173	0.03188	0.02029	0.06086	0.68268	0.01304	0.02173	0.00869	0.00435	0.00724
20	0.01979	0.01898	0.03241	0.08895	0.62733	0.01920	0.02476	0.02465	0.01834	0.02616	0.01521	0.02018	0.01273	0.00728	0.00804	0.00243	0.00971	0.00723	0.00399	0.01262
21	0.77215	0.01569	0.01193	0.01067	0.01569	0.01820	0.00879	0.02385	0.01381	0.03641	0.01130	0.01318	0.00879	0.00753	0.00502	0.00251	0.00628	0.00439	0.00502	0.00879
22	0.01409	0.00705	0.01057	0.01057	0.01057	0.00705	0.00705	0.01057	0.01057	0.01409	0.01409	0.02467	0.01409	0.02819	0.03171	0.76392	0.00705	0.00705	0.00352	0.00352
23	0.02226	0.01648	0.02284	0.23205	0.07276	0.01826	0.04073	0.10207	0.18851	0.13574	0.02409	0.02727	0.01797	0.00984	0.00833	0.00268	0.00869	0.03117	0.00662	0.01163
24	0.00989	0.00706	0.00942	0.01130	0.01177	0.00659	0.00753	0.01130	0.01554	0.02071	0.04472	0.70954	0.05367	0.02542	0.01036	0.00330	0.00471	0.02307	0.00753	0.00659
25	0.01159	0.00869	0.01304	0.01304	0.01449	0.01014	0.01014	0.01449	0.01304	0.01884	0.02173	0.03188	0.02029	0.06086	0.68268	0.01304	0.02173	0.00869	0.00435	0.00724
26	0.01180	0.00787	0.00885	0.00885	0.00885	0.00787	0.00492	0.01180	0.01180	0.01573	0.02557	0.05310	0.02950	0.71483	0.04130	0.00787	0.00787	0.01180	0.00492	0.00492
27	0.02477	0.01971	0.02093	0.01744	0.02285	0.02232	0.01395	0.29842	0.38680	0.04133	0.02720	0.02564	0.02005	0.01046	0.00820	0.00262	0.00750	0.00837	0.00820	0.01325
28	0.01731	0.14954	0.53652	0.02227	0.03324	0.02107	0.06145	0.02549	0.01714	0.02465	0.01414	0.01674	0.01041	0.00754	0.00741	0.00245	0.01156	0.00593	0.00347	0.01168
29	0.70252	0.01586	0.01279	0.01119	0.01634	0.01812	0.00922	0.04830	0.01527	0.07239	0.01277	0.01423	0.00961	0.00776	0.00532	0.00251	0.00641	0.00472	0.00542	0.00926
30	0.01179	0.00792	0.00911	0.00911	0.00920	0.00801	0.00524	0.01197	0.01188	0.01592	0.02533	0.05179	0.02893	0.67448	0.08087	0.00819	0.00872	0.01161	0.00488	0.00506
31	0.01276	0.01021	0.01130	0.01068	0.01359	0.00980	0.00825	0.05496	0.09020	0.02800	0.22437	0.06533	0.36141	0.01789	0.00944	0.00273	0.00477	0.04813	0.00802	0.00819
32	0.01678	0.03649	0.51734	0.06654	0.06165	0.01906	0.11789	0.02541	0.01742	0.02547	0.01485	0.01821	0.01071	0.00759	0.00802	0.00260	0.01208	0.00664	0.00356	0.01169
33	0.03085	0.02273	0.02435	0.01867	0.02516	0.02516	0.01542	0.63716	0.03815	0.05114	0.01948	0.01948	0.01380	0.00974	0.00812	0.00244	0.00893	0.00731	0.00812	0.01380
34	0.10475	0.02145	0.02265	0.01761	0.02388	0.02373	0.01452	0.52852	0.05834	0.07466	0.01970	0.01960	0.01398	0.00958	0.00781	0.00246	0.00848	0.00712	0.00789	0.01326
35	0.01617	0.01373	0.01613	0.01195	0.01853	0.01042	0.00942	0.01957	0.01670	0.02590	0.01727	0.08202	0.01594	0.00784	0.00642	0.00140	0.00589	0.00653	0.00506	0.69312
36	0.01994	0.01633	0.01772	0.01555	0.01905	0.07760	0.01235	0.23206	0.02287	0.03025	0.02226	0.02763	0.04006	0.03681	0.36191	0.00798	0.01600	0.00819	0.00575	0.00971
37	0.01138	0.00829	0.01070	0.01010	0.01206	0.00761	0.00757	0.01511	0.02272	0.03194	0.62740	0.06160	0.10947	0.01681	0.00957	0.00256	0.00384	0.01481	0.00885	0.00761
38	0.05376	0.03581	0.50347	0.02399	0.03458	0.01868	0.13588	0.02526	0.01755	0.02654	0.03953	0.01946	0.01312	0.00789	0.00798	0.00260	0.01170	0.00689	0.00384	0.01148
39	0.01968	0.01887	0.03221	0.10438	0.61278	0.01917	0.02470	0.02455	0.01829	0.02602	0.01519	0.02021	0.01268	0.00730	0.00804	0.00243	0.00974	0.00723	0.00398	0.01253
40	0.00966	0.00822	0.00832	0.00830	0.01101	0.00688	0.00622	0.01179	0.01867	0.02234	0.10496	0.07740	0.63791	0.02039	0.00959	0.00273	0.00410	0.01703	0.00759	0.00688
41	0.01992	0.01974	0.03560	0.04702	0.55338	0.01950	0.13361	0.02510	0.01860	0.02642	0.01547	0.02040	0.01276	0.00716	0.00831	0.00247	0.01036	0.00765	0.00403	0.01251
42	0.01990	0.01073	0.01392	0.01202	0.01550	0.00998	0.00939	0.02504	0.07284	0.23031	0.41537	0.04797	0.05493	0.01412	0.00903	0.00256	0.00499	0.01222	0.00922	0.00998
43	0.01180	0.00787	0.00885	0.00885	0.00885	0.00787	0.00492	0.01180	0.01180	0.01573	0.02557	0.05310	0.02950	0.71483	0.04130	0.00787	0.00787	0.01180	0.00492	0.00492
44	0.01627	0.04197	0.67279	0.02313	0.03512	0.01884	0.02998	0.02570	0.01713	0.02570	0.01456	0.01713	0.01028	0.00771	0.00771	0.00257	0.01199	0.00600	0.00343	0.01199
45	0.01918	0.01966	0.03740	0.12001	0.36465	0.01959	0.24825	0.02481	0.01846	0.02564	0.01559	0.02093	0.01242	0.00719	0.00861	0.00256	0.01126	0.00809	0.00400	0.01170
46	0.01159	0.00869	0.01304	0.01304	0.01449	0.01014	0.01014	0.01449	0.01304	0.01884	0.02173	0.03188	0.02029	0.06086	0.68268	0.01304	0.02173	0.00869	0.00435	0.00724
47	0.01201	0.00785	0.00877	0.00877	0.00889	0.00785	0.00496	0.01224	0.01212	0.01663	0.02562	0.05169	0.02896	0.67131	0.03910	0.00750	0.00761	0.01154	0.05150	0.00508
48	0.01942	0.01611	0.01725	0.01549	0.01968	0.01812	0.01201	0.10621	0.45244	0.03389	0.06241	0.09766	0.06770	0.01305	0.00858	0.00276	0.00630	0.01100	0.00816	0.01177
49	0.03036	0.02153	0.02333	0.01798	0.02418	0.02359	0.01475	0.57301	0.03608	0.08777	0.02052	0.02145	0.01487	0.04052	0.00957	0.00268	0.00876	0.00755	0.00810	0.01341
50	0.01778	0.01816	0.03453	0.31317	0.19563	0.01919	0.23508	0.02354	0.01777	0.02392	0.01531	0.02135	0.01182	0.00746	0.00860	0.00265	0.01153	0.00803	0.00388	0.01059
51	0.00959	0.00822	0.00822	0.00822	0.01096	0.00685	0.00617	0.01165	0.01850	0.02192	0.08220	0.07809	0.66092	0.02055	0.00959	0.00274	0.00411	0.01713	0.00754	0.00685
52	0.01900	0.26327	0.14614	0.02050	0.02587	0.02582	0.08650	0.02295	0.01538	0.02116	0.01218	0.01647	0.01069	0.00977	0.01411	0.00267	0.26755	0.00623	0.00356	0.01017
53	0.00989	0.00706	0.00942	0.01130	0.01177	0.00659	0.00753	0.01130	0.01554	0.02071	0.04472	0.70954	0.05367	0.02542	0.01036	0.00330	0.00471	0.02307	0.00753	0.00659
54	0.01162	0.00858	0.01249	0.01249	0.01374	0.00984	0.00945	0.01413	0.01288	0.01843	0.02224	0.03468	0.02150	0.14729	0.59790	0.01236	0.01990	0.00910	0.00442	0.00694
55	0.02237	0.66629	0.04099	0.01443	0.02116	0.08311	0.01402	0.02493	0.01700	0.01915	0.01138	0.01314	0.01042	0.00705	0.00537	0.00176	0.00914	0.00441	0.00353	0.01033
56	0.02008	0.01928	0.03294	0.04981	0.66422	0.01928	0.02490	0.02490	0.01848	0.02651	0.01526	0.02008	0.01285	0.00723	0.00803	0.00241	0.00964	0.00723	0.00402	0.01285
57	0.02169	0.71972	0.04252	0.01388	0.02083	0.03211	0.01388	0.02430	0.01649	0.01909	0.01128	0.01302	0.01041	0.00694	0.00521	0.00174	0.00868	0.00434	0.00347	0.01041
58	0.01627	0.04197	0.67279	0.02313	0.03512	0.01884	0.02998	0.02570	0.01713	0.02570	0.01456	0.01713	0.01028	0.00771	0.00771	0.00257	0.01199	0.00600	0.00343	0.01199
59	0.00959	0.00822	0.00822	0.00822	0.01096	0.00685	0.00617	0.01165	0.01850	0.02192	0.08220	0.07809	0.66092	0.02055	0.00959	0.00274	0.00411	0.01713	0.00754	0.00685
60	0.01627	0.04197	0.67279	0.02313	0.03512	0.01884	0.02998	0.02570	0.01713	0.02570	0.01456	0.01713	0.01028	0.00771	0.00771	0.00257	0.01199	0.00600	0.00343	0.01199
61	0.01617	0.01579	0.02426	0.65736	0.05415	0.05543	0.02215	0.02139	0.01661	0.02068	0.01432	0.02124	0.01080	0.00813	0.00807	0.00267	0.01103	0.00710	0.00364	0.00904
62	0.01955	0.02076	0.04143	0.04094	0.31085	0.01998	0.37147	0.02552	0.01886	0.02622	0.01592	0.02111	0.01255	0.00701	0.00891	0.00260	0.01194	0.00856	0.00407	0.01177
63	0.77215	0.01569	0.01193	0.01067	0.01569	0.01820	0.00879	0.02385	0.01381	0.03641	0.01130	0.01318	0.00879	0.00753	0.00502	0.00251	0.00628	0.00439	0.00502	0.00879
64	0.03085	0.02273	0.02435	0.01867	0.02516	0.02516	0.01542	0.63716	0.03815	0.05114	0.01948	0.01948	0.01380	0.00974	0.00812	0.00244	0.00893	0.00731	0.00812	0.01380
65	0.01050	0.00826	0.00948	0.00918	0.01152	0.00724	0.00688	0.01341	0.02065	0.02702	0.35987	0.06969	0.38007	0.01865	0.00958	0.00265	0.00397	0.01595	0.00821	0.00724
66	0.00989	0.00706	0.00942	0.01130	0.01177	0.00659	0.00753	0.01130	0.01554	0.02071	0.04472	0.70954	0.05367	0.02542	0.01036	0.00330	0.00471	0.02307	0.00753	0.00659
67	0.01148	0.00829	0.01085	0.01021	0.01212	0.00766	0.00766	0.01531	0.02297	0.03254	0.65994	0.06061	0.07656	0.01659	0.00957	0.00255	0.00383	0.01467	0.00893	0.00766
68	0.02169	0.71972	0.04252	0.01388	0.02083	0.03211	0.01388	0.02430	0.01649	0.01909	0.01128	0.01302	0.01041	0.00694	0.00521	0.00174	0.00868	0.00434	0.00347	0.01041
69	0.01188	0.00898	0.01305	0.01290	0.01412	0.01050	0.00985	0.01439	0.01287	0.01850	0.02171	0.03378	0.02096	0.13603	0.57892	0.01202	0.04912	0.00899	0.00438	0.00704
70	0.02570	0.01727	0.02635	0.03341	0.35840	0.01697	0.01909	0.07685	0.04382	0.23057	0.02284	0.02628	0.01728	0.00919	0.00824	0.00252	0.00851	0.03721	0.00654	0.01296
71	0.02279	0.62089	0.07131	0.01439	0.02152	0.02958	0.01449	0.02578	0.01714	0.07980	0.01337	0.01457	0.01130	0.00727	0.00560	0.00185	0.00868	0.00477	0.00408	0.01081
72	0.01018	0.00709	0.00931	0.01109	0.01164	0.00665	0.00743	0.01173	0.01562	0.02125	0.04369	0.67129	0.05182	0.02452	0.01009	0.00322	0.00466	0.02219	0.04990	0.00665
73	0.01368	0.01126	0.01245	0.01220	0.01494	0.01168	0.00907	0.02329	0.24605	0.02704	0.11378	0.21909	0.21781	0.01794	0.00930	0.00287	0.00507	0.01551	0.00794	0.00903
74	0.24903	0.02065	0.12186	0.04252	0.02579	0.01806	0.12227	0.10079	0.04616	0.06009	0.04362	0.04787	0.01684	0.04001	0.00897	0.00283	0.00888	0.00782	0.00556	0.01038
75	0.02470	0.48227	0.03571	0.01633	0.02231	0.25878	0.01451	0.02712	0.01876	0.01936	0.01172	0.01358	0.01043	0.00744	0.00594	0.00186	0.01075	0.00465	0.00372	0.01006
76	0.01932	0.02181	0.09820	0.06732	0.40379	0.01952	0.16263	0.02602	0.05164	0.02648	0.01636	0.02080	0.01302	0.00742	0.00837	0.00253	0.01066	0.00774	0.00419	0.01218
77	0.01979	0.01987	0.06265	0.05254	0.05519	0.05854	0.21727	0.07449	0.11862	0.05342	0.07048	0.06152	0.02397	0.01094	0.00902	0.00274	0.00995	0.06218	0.00603	0.01079
78	0.01121	0.00843	0.01041	0.01028	0.01221	0.00783	0.00757	0.01506	0.04604	0.02859	0.42153	0.17480	0.17860	0.01862	0.00966	0.00272	0.00414	0.01636	0.00840	0.00753
79	0.02218	0.01633	0.02002	0.19931	0.02966	0.01841	0.01496	0.25011	0.09490	0.06187	0.02237	0.05274	0.01733	0.01007	0.00782	0.00249	0.00804	0.00824	0.13208	0.01105
80	0.02108	0.04672	0.11643	0.05072	0.14002	0.01799	0.06656	0.06031	0.04454	0.12936	0.02237	0.06609	0.01913	0.01131	0.01071	0.00279	0.09282	0.06412	0.00573	0.01122
81	0.03297	0.01564	0.05134	0.01620	0.04430	0.01317	0.01327	0.05770	0.05068	0.54190	0.05435	0.02795	0.02151	0.01011	0.00819	0.00252	0.00718	0.00829	0.00932	0.01341
82	0.01044	0.00806	0.01150	0.01223	0.01342	0.00744	0.04247	0.01232	0.01633	0.02161	0.07162	0.58174	0.11311	0.02354	0.01020	0.00318	0.00511	0.02138	0.00740	0.00690
83	0.01683	0.01442	0.01683	0.01202	0.01923	0.01082	0.00961	0.02043	0.01683	0.02644	0.01442	0.01683	0.01202	0.00601	0.00601	0.00120	0.00601	0.00481	0.00481	0.76444
84	0.02287	0.54417	0.03642	0.01433	0.02067	0.06866	0.01347	0.02669	0.05317	0.07528	0.04620	0.01765	0.01528	0.00799	0.00597	0.00192	0.00853	0.00549	0.00460	0.01064
85	0.00997	0.00734	0.00935	0.01073	0.01167	0.00672	0.00733	0.01168	0.01661	0.02187	0.10112	0.55774	0.15024	0.02394	0.01017	0.00315	0.00454	0.02145	0.00765	0.00672
86	0.02530	0.01406	0.01772	0.01611	0.05790	0.01382	0.01196	0.05753	0.17352	0.30255	0.13743	0.03648	0.07542	0.01192	0.00851	0.00258	0.00633	0.01002	0.00881	0.01201
87	0.02280	0.01929	0.02231	0.09881	0.12162	0.08087	0.01626	0.07157	0.29758	0.09677	0.02454	0.02489	0.01836	0.00982	0.00884	0.00262	0.03624	0.00799	0.00671	0.01209
88	0.01899	0.11779	0.43691	0.02328	0.03356	0.02020	0.13242	0.02666	0.01788	0.07496	0.01585	0.01828	0.01141	0.00765	0.00777	0.00249	0.01149	0.00659	0.00406	0.01176
89	0.00999	0.00711	0.00938	0.01116	0.01161	0.00666	0.00739	0.01133	0.01533	0.02044	0.04365	0.67283	0.05232	0.06397	0.01209	0.00355	0.00488	0.02244	0.00739	0.00650
90	0.01837	0.01769	0.03056	0.27565	0.42415	0.01889	0.05016	0.02349	0.01772	0.02446	0.01502	0.02070	0.01212	0.00752	0.00813	0.00253	0.01023	0.00732	0.00388	0.01142
91	0.01825	0.27183	0.43096	0.02046	0.03057	0.02343	0.05088	0.02523	0.01700	0.02346	0.01353	0.01594	0.01041	0.00741	0.00694	0.00229	0.01094	0.00559	0.00347	0.01141
92	0.01653	0.01647	0.03285	0.02589	0.03136	0.01569	0.36636	0.02203	0.01895	0.02525	0.02788	0.05195	0.02716	0.01356	0.01028	0.00317	0.01100	0.26862	0.00556	0.00944
93	0.01683	0.01442	0.01683	0.01202	0.01923	0.01082	0.00961	0.02043	0.01683	0.02644	0.01442	0.01683	0.01202	0.00601	0.00601	0.00120	0.00601	0.00481	0.00481	0.76444
94	0.01690	0.10513	0.58944	0.02268	0.03405	0.02016	0.05159	0.02558	0.01715	0.02509	0.01432	0.01693	0.01037	0.00760	0.00754	0.00250	0.01174	0.00598	0.00346	0.01180
95	0.01536	0.01332	0.02054	0.02804	0.29432	0.01313	0.01571	0.01993	0.04446	0.02695	0.17983	0.14020	0.07168	0.01435	0.00912	0.00273	0.00692	0.06714	0.00637	0.00989
96	0.01350	0.01073	0.01227	0.01237	0.01520	0.01069	0.00996	0.05117	0.11922	0.02604	0.05667	0.10698	0.29890	0.01933	0.00985	0.00307	0.00582	0.20222	0.00766	0.00834
97	0.00997	0.00710	0.00939	0.01119	0.01164	0.00664	0.00742	0.01132	0.01538	0.02050	0.04391	0.68162	0.05264	0.05474	0.01167	0.00349	0.00484	0.02259	0.00742	0.00652
98	0.02666	0.33067	0.03160	0.01759	0.02326	0.31814	0.01487	0.10570	0.02211	0.02350	0.01288	0.01455	0.01086	0.00792	0.00651	0.00198	0.01134	0.00511	0.00437	0.01040
99	0.01513	0.00756	0.00756	0.00756	0.00945	0.00756	0.00567	0.01891	0.01702	0.03025	0.02647	0.03025	0.02080	0.00945	0.00567	0.00189	0.00378	0.00756	0.75988	0.00756
100	0.01008	0.00720	0.00964	0.01152	0.01207	0.00676	0.00787	0.01163	0.01573	0.02093	0.04462	0.67206	0.05324	0.02524	0.01041	0.00332	0.00488	0.05863	0.00753	0.00664
101	0.77215	0.01569	0.01193	0.01067	0.01569	0.01820	0.00879	0.02385	0.01381	0.03641	0.01130	0.01318	0.00879	0.00753	0.00502	0.00251	0.00628	0.00439	0.00502	0.00879
102	0.01064	0.00763	0.01015	0.01123	0.01227	0.00714	0.00800	0.01299	0.01813	0.02473	0.23917	0.45674	0.06037	0.02240	0.01017	0.00309	0.00464	0.06555	0.00797	0.00700
103	0.03641	0.01381	0.01883	0.01444	0.02071	0.01193	0.01193	0.03954	0.02322	0.66984	0.03201	0.02762	0.02009	0.01004	0.00816	0.00251	0.00690	0.00816	0.01004	0.01381
104	0.00984	0.00823	0.00857	0.00849	0.01112	0.00696	0.00636	0.01213	0.01909	0.02334	0.15923	0.07576	0.58301	0.02002	0.00959	0.00271	0.00407	0.01680	0.00772	0.00696
105	0.01775	0.01775	0.02485	0.02130	0.02130	0.02485	0.01775	0.01953	0.01243	0.01953	0.01065	0.01775	0.01065	0.01420	0.02663	0.00355	0.69998	0.00710	0.00355	0.00888
106	0.01915	0.02189	0.04788	0.03420	0.04241	0.02052	0.63475	0.02599	0.01915	0.02599	0.01642	0.02189	0.01231	0.00684	0.00958	0.00274	0.01368	0.00958	0.00410	0.01094
107	0.01148	0.00829	0.01085	0.01021	0.01212	0.00766	0.00766	0.01531	0.02297	0.03254	0.65994	0.06061	0.07656	0.01659	0.00957	0.00255	0.00383	0.01467	0.00893	0.00766
108	0.00989	0.00706	0.00942	0.01130	0.01177	0.00659	0.00753	0.01130	0.01554	0.02071	0.04472	0.70954	0.05367	0.02542	0.01036	0.00330	0.00471	0.02307	0.00753	0.00659
109	0.02018	0.01743	0.01835	0.01651	0.02110	0.02018	0.01284	0.04312	0.64956	0.03394	0.03303	0.03027	0.02477	0.01101	0.00826	0.00275	0.00642	0.00917	0.00826	0.01284
110	0.01573	0.01245	0.01787	0.04597	0.17079	0.01258	0.01389	0.02171	0.09726	0.05449	0.15958	0.15915	0.06107	0.01562	0.00932	0.00286	0.00664	0.10639	0.00703	0.00961
111	0.02169	0.71972	0.04252	0.01388	0.02083	0.03211	0.01388	0.02430	0.01649	0.01909	0.01128	0.01302	0.01041	0.00694	0.00521	0.00174	0.00868	0.00434	0.00347	0.01041
112	0.00989	0.00706	0.00942	0.01130	0.01177	0.00659	0.00753	0.01130	0.01554	0.02071	0.04472	0.70954	0.05367	0.02542	0.01036	0.00330	0.00471	0.02307	0.00753	0.00659
113	0.01622	0.03980	0.62006	0.02311	0.03455	0.01849	0.05550	0.02531	0.01744	0.02597	0.03948	0.01901	0.01292	0.00801	0.00786	0.00258	0.01175	0.00649	0.00367	0.01178
114	0.01822	0.01772	0.02849	0.35393	0.35213	0.04404	0.02343	0.02322	0.01758	0.02352	0.01476	0.02061	0.01180	0.00769	0.00804	0.00254	0.01039	0.00714	0.00383	0.01091
115	0.01831	0.01957	0.03578	0.05695	0.03285	0.02249	0.31134	0.02265	0.01579	0.02265	0.01356	0.01989	0.01145	0.01043	0.01771	0.00313	0.34347	0.00828	0.00382	0.00987
116	0.03509	0.01352	0.01841	0.01421	0.02026	0.01170	0.01170	0.03827	0.02321	0.63628	0.06508	0.02936	0.02306	0.01039	0.00823	0.00251	0.00674	0.00850	0.00998	0.01349
117	0.03118	0.09873	0.02138	0.01453	0.02046	0.01556	0.01216	0.05978	0.09460	0.45979	0.06428	0.02771	0.02238	0.01014	0.00789	0.00244	0.00697	0.00815	0.00892	0.01295
118	0.01625	0.03882	0.59914	0.02406	0.07205	0.01828	0.02850	0.02510	0.01752	0.02611	0.04859	0.01960	0.01393	0.00815	0.00783	0.00256	0.01142	0.00653	0.00375	0.01182
119	0.00989	0.00706	0.00942	0.01130	0.01177	0.00659	0.00753	0.01130	0.01554	0.02071	0.04472	0.70954	0.05367	0.02542	0.01036	0.00330	0.00471	0.02307	0.00753	0.00659
120	0.01905	0.02125	0.04473	0.03358	0.07553	0.02022	0.54742	0.02542	0.01873	0.02576	0.01602	0.02139	0.01226	0.00714	0.01007	0.00269	0.04249	0.00914	0.00411	0.04301
121	0.34029	0.05513	0.24967	0.01598	0.02363	0.01850	0.01714	0.06002	0.01759	0.08426	0.03927	0.01792	0.01317	0.00824	0.00659	0.00250	0.00852	0.00582	0.00512	0.01065

[dist]
# distance from previous block
# <min> <max>
5	7

[block]
# block no. 1 follows, 23 sequences, length 157
# corresponding to MSA columns:
# 587-743
name=unknown_B
#
# <colnr> <probs for GDERKNQSTAVLIFYWHMCP>
#	G	D	E	R	K	N	Q	S	T	A	V	L	I	F	Y	W	H	M	C	P
0	0.03166	0.01354	0.01775	0.01410	0.01965	0.01224	0.01146	0.06247	0.05477	0.51922	0.06785	0.06367	0.05048	0.01159	0.00840	0.00257	0.00659	0.00959	0.00959	0.01281
1	0.02314	0.01594	0.01875	0.07524	0.02367	0.01721	0.01315	0.05964	0.36688	0.17427	0.06098	0.02932	0.02400	0.01050	0.00816	0.00259	0.00686	0.00875	0.00809	0.05286
2	0.01866	0.01436	0.01701	0.01224	0.01937	0.01092	0.00983	0.02222	0.01742	0.08666	0.01607	0.01784	0.01277	0.00639	0.00621	0.00132	0.00609	0.00512	0.00530	0.69418
3	0.00987	0.00812	0.00858	0.00868	0.01106	0.00694	0.00637	0.01195	0.01840	0.02255	0.12920	0.12885	0.53358	0.04619	0.01082	0.00296	0.00427	0.01721	0.00756	0.00683
4	0.00996	0.00823	0.00874	0.00861	0.01119	0.00701	0.00646	0.01237	0.01938	0.02401	0.19616	0.07464	0.54566	0.01977	0.00959	0.00270	0.00405	0.01664	0.00781	0.00701
5	0.03034	0.03784	0.02307	0.02079	0.02509	0.64797	0.01566	0.06395	0.02379	0.02149	0.01290	0.01489	0.01063	0.00843	0.00736	0.00211	0.01434	0.00533	0.00439	0.00964
6	0.00978	0.00828	0.00848	0.00858	0.01127	0.00698	0.00654	0.01192	0.01850	0.02205	0.08009	0.07881	0.62794	0.02065	0.00968	0.00279	0.00429	0.04894	0.00753	0.00688
7	0.01699	0.01457	0.01690	0.01224	0.01932	0.01128	0.00977	0.02155	0.04813	0.02681	0.01534	0.01749	0.01265	0.00626	0.00612	0.00128	0.00603	0.00502	0.00498	0.72726
8	0.01620	0.01548	0.02209	0.05455	0.02153	0.02109	0.01624	0.01842	0.01277	0.01943	0.01342	0.02123	0.01289	0.02470	0.17773	0.00571	0.50682	0.00748	0.00374	0.00851
9	0.00959	0.00822	0.00822	0.00822	0.01096	0.00685	0.00617	0.01165	0.01850	0.02192	0.08220	0.07809	0.66092	0.02055	0.00959	0.00274	0.00411	0.01713	0.00754	0.00685
10	0.02901	0.02321	0.02343	0.01849	0.02422	0.08572	0.01510	0.51549	0.03435	0.04502	0.02156	0.02192	0.04631	0.01040	0.00911	0.00248	0.04633	0.00760	0.00747	0.01277
11	0.03406	0.01329	0.01808	0.01404	0.01990	0.01152	0.01152	0.03726	0.02320	0.60982	0.09115	0.03073	0.02540	0.01066	0.00829	0.00251	0.00661	0.00877	0.00994	0.01323
12	0.01532	0.01442	0.02434	0.69533	0.05589	0.01803	0.02253	0.02073	0.01622	0.02073	0.01442	0.02163	0.01082	0.00811	0.00811	0.00270	0.01082	0.00721	0.00361	0.00901
13	0.01012	0.00749	0.00946	0.01056	0.01169	0.00683	0.00731	0.01207	0.01738	0.02303	0.16079	0.48196	0.16561	0.02299	0.01008	0.00306	0.00445	0.02052	0.00778	0.00683
14	0.01161	0.00862	0.01268	0.01268	0.01401	0.00995	0.00970	0.01426	0.01294	0.01857	0.02206	0.03368	0.02107	0.11638	0.62822	0.01260	0.02056	0.00896	0.00440	0.00705
15	0.03031	0.03867	0.02299	0.02090	0.02508	0.68226	0.01568	0.03240	0.02299	0.01986	0.01254	0.01463	0.01045	0.00836	0.00732	0.00209	0.01463	0.00523	0.00418	0.00941
16	0.01161	0.00862	0.01265	0.01265	0.01396	0.00993	0.00965	0.01424	0.01292	0.01855	0.02209	0.03386	0.02115	0.12207	0.62265	0.01256	0.02044	0.00898	0.00440	0.00703
17	0.01627	0.04197	0.67279	0.02313	0.03512	0.01884	0.02998	0.02570	0.01713	0.02570	0.01456	0.01713	0.01028	0.00771	0.00771	0.00257	0.01199	0.00600	0.00343	0.01199
18	0.01683	0.01442	0.01683	0.01202	0.01923	0.01082	0.00961	0.02043	0.01683	0.02644	0.01442	0.01683	0.01202	0.00601	0.00601	0.00120	0.00601	0.00481	0.00481	0.76444
19	0.00989	0.00706	0.00942	0.01130	0.01177	0.00659	0.00753	0.01130	0.01554	0.02071	0.04472	0.70954	0.05367	0.02542	0.01036	0.00330	0.00471	0.02307	0.00753	0.00659
20	0.01973	0.01704	0.01792	0.01616	0.02067	0.01961	0.01256	0.04178	0.62266	0.03343	0.03512	0.03231	0.05189	0.01142	0.00831	0.00275	0.00632	0.00951	0.00823	0.01259
21	0.01926	0.01448	0.01740	0.01270	0.01950	0.01153	0.01023	0.02274	0.01743	0.10497	0.01642	0.01819	0.01295	0.00684	0.00712	0.00146	0.03474	0.00531	0.00540	0.64133
22	0.00989	0.00706	0.00942	0.01130	0.01177	0.00659	0.00753	0.01130	0.01554	0.02071	0.04472	0.70954	0.05367	0.02542	0.01036	0.00330	0.00471	0.02307	0.00753	0.00659
23	0.01703	0.01617	0.02743	0.46351	0.27435	0.01848	0.02339	0.02223	0.01703	0.02281	0.01472	0.02108	0.01155	0.00780	0.00808	0.00260	0.01039	0.00722	0.00375	0.01039
24	0.01786	0.01478	0.01625	0.01596	0.01923	0.05048	0.01308	0.08099	0.23818	0.02957	0.03592	0.08917	0.03462	0.01675	0.00967	0.00317	0.00749	0.28926	0.00763	0.00994
25	0.00989	0.00706	0.00942	0.01130	0.01177	0.00659	0.00753	0.01130	0.01554	0.02071	0.04472	0.70954	0.05367	0.02542	0.01036	0.00330	0.00471	0.02307	0.00753	0.00659
26	0.01556	0.01467	0.02477	0.66291	0.08644	0.01809	0.02265	0.02094	0.01634	0.02102	0.01446	0.02156	0.01092	0.00807	0.00811	0.00269	0.01076	0.00721	0.00363	0.00921
27	0.03641	0.01381	0.01883	0.01444	0.02071	0.01193	0.01193	0.03954	0.02322	0.66984	0.03201	0.02762	0.02009	0.01004	0.00816	0.00251	0.00690	0.00816	0.01004	0.01381
28	0.06081	0.02875	0.02331	0.01923	0.02475	0.28492	0.01525	0.37287	0.03116	0.03816	0.01640	0.01731	0.01227	0.00911	0.00767	0.00230	0.01108	0.00636	0.00643	0.01186
29	0.01208	0.00813	0.01063	0.01073	0.01238	0.00746	0.00777	0.01495	0.02016	0.05974	0.38661	0.29048	0.08900	0.01956	0.00978	0.00282	0.00431	0.01743	0.00843	0.00755
30	0.01170	0.00827	0.01090	0.01090	0.01160	0.00898	0.00747	0.01311	0.01241	0.01725	0.02369	0.04273	0.02500	0.39543	0.35455	0.01039	0.01464	0.01028	0.00464	0.00605
31	0.77215	0.01569	0.01193	0.01067	0.01569	0.01820	0.00879	0.02385	0.01381	0.03641	0.01130	0.01318	0.00879	0.00753	0.00502	0.00251	0.00628	0.00439	0.00502	0.00879
32	0.01732	0.01616	0.02689	0.36962	0.29244	0.01833	0.02235	0.02223	0.01696	0.02345	0.01519	0.02127	0.01213	0.00814	0.00890	0.00259	0.04512	0.00723	0.04322	0.01045
33	0.01061	0.00753	0.00996	0.01110	0.01165	0.00751	0.00746	0.01199	0.01429	0.01931	0.03644	0.44585	0.04241	0.17797	0.14056	0.00606	0.00851	0.01804	0.00639	0.00636
34	0.01148	0.00829	0.01085	0.01021	0.01212	0.00766	0.00766	0.01531	0.02297	0.03254	0.65994	0.06061	0.07656	0.01659	0.00957	0.00255	0.00383	0.01467	0.00893	0.00766
35	0.05916	0.01097	0.01276	0.01083	0.01466	0.01052	0.00862	0.05786	0.02039	0.25906	0.05287	0.02918	0.02187	0.00987	0.00681	0.00219	0.00527	0.00790	0.38905	0.01016
36	0.01077	0.00814	0.00993	0.00974	0.01175	0.00731	0.00721	0.01383	0.02089	0.02821	0.42741	0.13315	0.24471	0.01866	0.00966	0.00268	0.00400	0.01626	0.00838	0.00731
37	0.01650	0.01563	0.02647	0.53530	0.20669	0.01834	0.02312	0.02177	0.01678	0.02216	0.01463	0.02125	0.01132	0.00789	0.00809	0.00263	0.01052	0.00722	0.00371	0.00997
38	0.77215	0.01569	0.01193	0.01067	0.01569	0.01820	0.00879	0.02385	0.01381	0.03641	0.01130	0.01318	0.00879	0.00753	0.00502	0.00251	0.00628	0.00439	0.00502	0.00879
39	0.02018	0.01743	0.01835	0.01651	0.02110	0.02018	0.01284	0.04312	0.64956	0.03394	0.03303	0.03027	0.02477	0.01101	0.00826	0.00275	0.00642	0.00917	0.00826	0.01284
40	0.01148	0.00829	0.01085	0.01021	0.01212	0.00766	0.00766	0.01531	0.02297	0.03254	0.65994	0.06061	0.07656	0.01659	0.00957	0.00255	0.00383	0.01467	0.00893	0.00766
41	0.01148	0.00829	0.01085	0.01021	0.01212	0.00766	0.00766	0.01531	0.02297	0.03254	0.65994	0.06061	0.07656	0.01659	0.00957	0.00255	0.00383	0.01467	0.00893	0.00766
42	0.01532	0.01442	0.02434	0.69533	0.05589	0.01803	0.02253	0.02073	0.01622	0.02073	0.01442	0.02163	0.01082	0.00811	0.00811	0.00270	0.01082	0.00721	0.00361	0.00901
43	0.01148	0.00829	0.01085	0.01021	0.01212	0.00766	0.00766	0.01531	0.02297	0.03254	0.65994	0.06061	0.07656	0.01659	0.00957	0.00255	0.00383	0.01467	0.00893	0.00766
44	0.09484	0.02212	0.02328	0.01798	0.02435	0.02456	0.01485	0.58422	0.03605	0.04987	0.01877	0.01894	0.01337	0.00955	0.00785	0.00244	0.00870	0.00705	0.00785	0.01337
45	0.03041	0.03576	0.02324	0.02050	0.02510	0.56213	0.01563	0.14296	0.02577	0.02558	0.01381	0.01552	0.01106	0.00861	0.00746	0.00215	0.01359	0.00561	0.00490	0.01021
46	0.00959	0.00822	0.00822	0.00822	0.01096	0.00685	0.00617	0.01165	0.01850	0.02192	0.08220	0.07809	0.66092	0.02055	0.00959	0.00274	0.00411	0.01713	0.00754	0.00685
47	0.01703	0.01617	0.02743	0.46351	0.27435	0.01848	0.02339	0.02223	0.01703	0.02281	0.01472	0.02108	0.01155	0.00780	0.00808	0.00260	0.01039	0.00722	0.00375	0.01039
48	0.01683	0.01442	0.01683	0.01202	0.01923	0.01082	0.00961	0.02043	0.01683	0.02644	0.01442	0.01683	0.01202	0.00601	0.00601	0.00120	0.00601	0.00481	0.00481	0.76444
49	0.01122	0.00909	0.01385	0.07376	0.01806	0.00886	0.06125	0.01342	0.01595	0.02101	0.04162	0.50896	0.09247	0.05605	0.01156	0.00338	0.00611	0.01950	0.00677	0.00711
50	0.01513	0.00756	0.00756	0.00756	0.00945	0.00756	0.00567	0.01891	0.01702	0.03025	0.02647	0.03025	0.02080	0.00945	0.00567	0.00189	0.00378	0.00756	0.75988	0.00756
51	0.02293	0.01726	0.01888	0.01634	0.02120	0.01925	0.01298	0.14210	0.43132	0.09846	0.05820	0.03195	0.02557	0.01140	0.00840	0.00271	0.00683	0.03317	0.00840	0.01266
52	0.01721	0.01634	0.02774	0.43987	0.29663	0.01852	0.02347	0.02238	0.01712	0.02302	0.01475	0.02102	0.01162	0.00776	0.00808	0.00259	0.01035	0.00722	0.00377	0.01053
53	0.01198	0.00856	0.01182	0.01369	0.01508	0.00840	0.01117	0.01492	0.01760	0.02306	0.04357	0.30382	0.04909	0.02345	0.01092	0.00358	0.00652	0.40812	0.00749	0.00717
54	0.03641	0.01381	0.01883	0.01444	0.02071	0.01193	0.01193	0.03954	0.02322	0.66984	0.03201	0.02762	0.02009	0.01004	0.00816	0.00251	0.00690	0.00816	0.01004	0.01381
55	0.01180	0.00787	0.00885	0.00885	0.00885	0.00787	0.00492	0.01180	0.01180	0.01573	0.02557	0.05310	0.02950	0.71483	0.04130	0.00787	0.00787	0.01180	0.00492	0.00492
56	0.01536	0.01387	0.02086	0.27949	0.08921	0.01537	0.04831	0.02306	0.12551	0.02604	0.14331	0.03705	0.10594	0.01154	0.00865	0.00266	0.00802	0.01025	0.00591	0.00959
57	0.01513	0.00756	0.00756	0.00756	0.00945	0.00756	0.00567	0.01891	0.01702	0.03025	0.02647	0.03025	0.02080	0.00945	0.00567	0.00189	0.00378	0.00756	0.75988	0.00756
58	0.02113	0.02316	0.02190	0.04636	0.02412	0.27784	0.09888	0.07170	0.02081	0.02352	0.02485	0.25688	0.02595	0.01416	0.00878	0.00265	0.01046	0.01225	0.00562	0.00898
59	0.23653	0.01986	0.01831	0.01575	0.02082	0.07800	0.01264	0.19374	0.22640	0.03760	0.02190	0.02373	0.01699	0.00993	0.00734	0.00258	0.00780	0.03175	0.00692	0.01143
60	0.01513	0.00756	0.00756	0.00756	0.00945	0.00756	0.00567	0.01891	0.01702	0.03025	0.02647	0.03025	0.02080	0.00945	0.00567	0.00189	0.00378	0.00756	0.75988	0.00756
61	0.32391	0.01929	0.01889	0.01521	0.02102	0.02158	0.01251	0.33835	0.05905	0.07115	0.01747	0.01789	0.01265	0.00894	0.00690	0.00248	0.00766	0.00629	0.00698	0.01177
62	0.05386	0.25970	0.03176	0.02001	0.05586	0.07263	0.07136	0.08344	0.04369	0.02467	0.01414	0.01763	0.01213	0.01193	0.04719	0.00302	0.15590	0.00632	0.00438	0.01037
63	0.01917	0.01647	0.01742	0.01575	0.02010	0.01883	0.01222	0.04001	0.58372	0.03323	0.06763	0.03439	0.06157	0.01181	0.00840	0.00274	0.00617	0.00988	0.00825	0.01226
64	0.01647	0.01733	0.03535	0.02674	0.03236	0.01661	0.41662	0.02166	0.01828	0.02486	0.05614	0.17204	0.02578	0.01226	0.01053	0.00292	0.04001	0.03920	0.00520	0.00962
65	0.03020	0.02185	0.02358	0.01829	0.02461	0.02411	0.01504	0.55812	0.08969	0.07894	0.02123	0.02079	0.01503	0.00986	0.00813	0.00247	0.00862	0.00751	0.00822	0.01372
66	0.01020	0.00727	0.00958	0.01103	0.01167	0.00680	0.00742	0.01187	0.01635	0.02206	0.12694	0.58883	0.05555	0.05885	0.01180	0.00342	0.00475	0.02137	0.00759	0.00665
67	0.02101	0.04488	0.05456	0.01521	0.02079	0.01600	0.01295	0.02873	0.15334	0.13873	0.04713	0.02335	0.01845	0.00941	0.00975	0.00222	0.09696	0.00707	0.00633	0.27313
68	0.00989	0.00706	0.00942	0.01130	0.01177	0.00659	0.00753	0.01130	0.01554	0.02071	0.04472	0.70954	0.05367	0.02542	0.01036	0.00330	0.00471	0.02307	0.00753	0.00659
69	0.01883	0.01872	0.03237	0.02363	0.03070	0.01748	0.30609	0.05108	0.06814	0.02751	0.01684	0.02043	0.01316	0.00738	0.00904	0.00222	0.04600	0.00763	0.00482	0.27794
70	0.01938	0.29576	0.03300	0.01901	0.02217	0.02751	0.04704	0.02174	0.01437	0.01968	0.01119	0.01608	0.01064	0.01096	0.01730	0.00279	0.39212	0.00613	0.00355	0.00959
71	0.77215	0.01569	0.01193	0.01067	0.01569	0.01820	0.00879	0.02385	0.01381	0.03641	0.01130	0.01318	0.00879	0.00753	0.00502	0.00251	0.00628	0.00439	0.00502	0.00879
72	0.01977	0.01900	0.03219	0.07597	0.60787	0.01949	0.02446	0.02447	0.01809	0.02593	0.01501	0.02004	0.01266	0.00760	0.00892	0.00248	0.04235	0.00722	0.00398	0.01250
73	0.01165	0.00848	0.01194	0.01194	0.01301	0.00954	0.00877	0.01378	0.01271	0.01802	0.02274	0.03746	0.02271	0.23300	0.51385	0.01168	0.01808	0.00951	0.00450	0.00663
74	0.03024	0.01684	0.01934	0.01578	0.02142	0.04352	0.01270	0.09419	0.23346	0.37529	0.03042	0.02724	0.02069	0.01027	0.00815	0.00257	0.00724	0.00830	0.00903	0.01330
75	0.01750	0.01472	0.01604	0.01494	0.01877	0.01643	0.01174	0.03434	0.45472	0.03151	0.09841	0.04502	0.09271	0.01381	0.00886	0.00285	0.00608	0.08224	0.00816	0.01114
76	0.01683	0.01442	0.01683	0.01202	0.01923	0.01082	0.00961	0.02043	0.01683	0.02644	0.01442	0.01683	0.01202	0.00601	0.00601	0.00120	0.00601	0.00481	0.00481	0.76444
77	0.02102	0.01708	0.01820	0.01615	0.02083	0.01941	0.01263	0.06544	0.56670	0.06732	0.03443	0.03165	0.04998	0.01130	0.00830	0.00273	0.00645	0.00937	0.00831	0.01269
78	0.02008	0.01928	0.03294	0.04981	0.66422	0.01928	0.02490	0.02490	0.01848	0.02651	0.01526	0.02008	0.01285	0.00723	0.00803	0.00241	0.00964	0.00723	0.00402	0.01285
79	0.01513	0.00756	0.00756	0.00756	0.00945	0.00756	0.00567	0.01891	0.01702	0.03025	0.02647	0.03025	0.02080	0.00945	0.00567	0.00189	0.00378	0.00756	0.75988	0.00756
80	0.08242	0.01082	0.01215	0.01159	0.01464	0.01047	0.00875	0.04003	0.07849	0.05707	0.09537	0.24724	0.17318	0.01744	0.00889	0.00274	0.00529	0.03683	0.00737	0.07921
81	0.05869	0.01973	0.04056	0.06601	0.06395	0.01900	0.48394	0.02440	0.01849	0.02596	0.01866	0.05735	0.01574	0.00862	0.00931	0.00279	0.01224	0.03969	0.00445	0.01042
82	0.01856	0.01499	0.01869	0.04415	0.07413	0.01315	0.01202	0.06844	0.04875	0.05577	0.01829	0.05342	0.01549	0.00986	0.03162	0.00212	0.00730	0.00669	0.00545	0.48110
83	0.22897	0.18755	0.29080	0.01849	0.02705	0.02183	0.07218	0.02489	0.01623	0.02721	0.01306	0.01550	0.01007	0.00741	0.00655	0.00238	0.00978	0.00548	0.00394	0.01065
84	0.01513	0.00756	0.00756	0.00756	0.00945	0.00756	0.00567	0.01891	0.01702	0.03025	0.02647	0.03025	0.02080	0.00945	0.00567	0.00189	0.00378	0.00756	0.75988	0.00756
85	0.01532	0.01442	0.02434	0.69533	0.05589	0.01803	0.02253	0.02073	0.01622	0.02073	0.01442	0.02163	0.01082	0.00811	0.00811	0.00270	0.01082	0.00721	0.00361	0.00901
86	0.25193	0.02025	0.02041	0.01610	0.02215	0.02252	0.01330	0.42864	0.03025	0.07347	0.01758	0.01796	0.01258	0.00910	0.00720	0.00246	0.00805	0.00647	0.00728	0.01231
87	0.01564	0.01486	0.02441	0.60640	0.05132	0.01893	0.02190	0.02057	0.01572	0.02057	0.01392	0.02112	0.01079	0.00892	0.01056	0.00282	0.10175	0.00720	0.00360	0.00900
88	0.02866	0.02037	0.02213	0.01747	0.02346	0.02230	0.01427	0.45144	0.14264	0.10597	0.02555	0.02449	0.04223	0.01042	0.00820	0.00251	0.00811	0.00811	0.00830	0.01336
89	0.01171	0.00783	0.00888	0.00897	0.00899	0.00781	0.00504	0.01178	0.01198	0.01597	0.02647	0.08416	0.03064	0.68221	0.03984	0.00765	0.00772	0.01233	0.00504	0.00500
90	0.01825	0.01451	0.01583	0.01418	0.01815	0.01583	0.01101	0.06422	0.38302	0.05883	0.16328	0.04205	0.11978	0.01329	0.00869	0.00268	0.00575	0.01120	0.00836	0.01110
91	0.01852	0.01479	0.01729	0.01246	0.01959	0.01156	0.01001	0.05080	0.01818	0.06119	0.01558	0.01752	0.01252	0.00640	0.00622	0.00133	0.00620	0.00510	0.00524	0.68952
92	0.02080	0.02195	0.01596	0.05004	0.01964	0.29976	0.01146	0.04437	0.02042	0.02368	0.03108	0.09066	0.13208	0.01229	0.00770	0.00231	0.00915	0.00958	0.16863	0.00844
93	0.01536	0.01456	0.02505	0.63453	0.05353	0.01783	0.05261	0.02074	0.01624	0.02092	0.01482	0.02206	0.01128	0.01020	0.03564	0.00313	0.01140	0.00739	0.00366	0.00904
94	0.03082	0.02337	0.02430	0.01876	0.02516	0.05159	0.01543	0.61284	0.03754	0.04988	0.01920	0.01929	0.01366	0.00969	0.00809	0.00242	0.00916	0.00722	0.00796	0.01362
95	0.03085	0.02273	0.02435	0.01867	0.02516	0.02516	0.01542	0.63716	0.03815	0.05114	0.01948	0.01948	0.01380	0.00974	0.00812	0.00244	0.00893	0.00731	0.00812	0.01380
96	0.01769	0.01440	0.01691	0.01213	0.01930	0.01087	0.00972	0.02128	0.01711	0.05499	0.01520	0.01730	0.01238	0.00619	0.00610	0.00126	0.00605	0.00496	0.00504	0.73113
97	0.01003	0.00719	0.00931	0.01094	0.01149	0.00671	0.00725	0.01136	0.01537	0.02036	0.04500	0.62321	0.08198	0.08271	0.01290	0.00365	0.00494	0.02183	0.00731	0.00646
98	0.02018	0.01743	0.01835	0.01651	0.02110	0.02018	0.01284	0.04312	0.64956	0.03394	0.03303	0.03027	0.02477	0.01101	0.00826	0.00275	0.00642	0.00917	0.00826	0.01284
99	0.01410	0.01325	0.02266	0.02041	0.04914	0.01410	0.15955	0.01702	0.01590	0.02198	0.02992	0.37816	0.03348	0.01798	0.01332	0.00317	0.14574	0.01599	0.00577	0.00835
100	0.02018	0.01743	0.01835	0.01651	0.02110	0.02018	0.01284	0.04312	0.64956	0.03394	0.03303	0.03027	0.02477	0.01101	0.00826	0.00275	0.00642	0.00917	0.00826	0.01284
101	0.01148	0.00829	0.01085	0.01021	0.01212	0.00766	0.00766	0.01531	0.02297	0.03254	0.65994	0.06061	0.07656	0.01659	0.00957	0.00255	0.00383	0.01467	0.00893	0.00766
102	0.02169	0.71972	0.04252	0.01388	0.02083	0.03211	0.01388	0.02430	0.01649	0.01909	0.01128	0.01302	0.01041	0.00694	0.00521	0.00174	0.00868	0.00434	0.00347	0.01041
103	0.01403	0.00748	0.01135	0.04331	0.01293	0.00773	0.00794	0.01125	0.01096	0.01465	0.01449	0.02488	0.01425	0.02887	0.06328	0.68995	0.00796	0.00714	0.00357	0.00397
104	0.01915	0.02189	0.04788	0.03420	0.04241	0.02052	0.63475	0.02599	0.01915	0.02599	0.01642	0.02189	0.01231	0.00684	0.00958	0.00274	0.01368	0.00958	0.00410	0.01094
105	0.01561	0.01369	0.01368	0.01260	0.01620	0.04142	0.00969	0.04823	0.26981	0.02862	0.10958	0.05274	0.30502	0.01550	0.00891	0.00269	0.00562	0.01289	0.00783	0.00966
106	0.00968	0.00822	0.00835	0.00831	0.01102	0.00689	0.00624	0.01182	0.01871	0.02243	0.10972	0.07726	0.63309	0.02036	0.00959	0.00273	0.00410	0.01701	0.00760	0.00689
107	0.02008	0.01928	0.03294	0.04981	0.66422	0.01928	0.02490	0.02490	0.01848	0.02651	0.01526	0.02008	0.01285	0.00723	0.00803	0.00241	0.00964	0.00723	0.00402	0.01285
108	0.01132	0.00823	0.01065	0.01017	0.01205	0.00757	0.00758	0.01494	0.02239	0.03145	0.60198	0.09355	0.10326	0.01721	0.00961	0.00260	0.00389	0.01521	0.00880	0.00757
109	0.01915	0.02189	0.04788	0.03420	0.04241	0.02052	0.63475	0.02599	0.01915	0.02599	0.01642	0.02189	0.01231	0.00684	0.00958	0.00274	0.01368	0.00958	0.00410	0.01094
110	0.01627	0.04197	0.67279	0.02313	0.03512	0.01884	0.02998	0.02570	0.01713	0.02570	0.01456	0.01713	0.01028	0.00771	0.00771	0.00257	0.01199	0.00600	0.00343	0.01199
111	0.01003	0.00716	0.00958	0.01146	0.01199	0.00671	0.00778	0.01154	0.01567	0.02087	0.04464	0.68212	0.05336	0.02529	0.01039	0.00331	0.00483	0.04909	0.00753	0.00663
112	0.01122	0.00871	0.01048	0.01127	0.01358	0.00798	0.00927	0.01410	0.01881	0.02351	0.09516	0.08306	0.36147	0.02116	0.01030	0.00317	0.00557	0.27644	0.00758	0.00716
113	0.28321	0.01802	0.01807	0.01464	0.02011	0.01983	0.01198	0.31264	0.02636	0.10097	0.01930	0.04857	0.01476	0.00968	0.00703	0.00248	0.00738	0.00709	0.04643	0.01145
114	0.56860	0.20665	0.02022	0.01154	0.01708	0.02197	0.01017	0.02397	0.01454	0.03171	0.01129	0.01314	0.00923	0.00737	0.00507	0.00230	0.00693	0.00438	0.00460	0.00923
115	0.01842	0.31018	0.42336	0.01947	0.02946	0.02409	0.02361	0.02514	0.01688	0.02308	0.01326	0.01550	0.01033	0.00741	0.00672	0.00224	0.01068	0.00534	0.00344	0.01137
116	0.01915	0.02189	0.04788	0.03420	0.04241	0.02052	0.63475	0.02599	0.01915	0.02599	0.01642	0.02189	0.01231	0.00684	0.00958	0.00274	0.01368	0.00958	0.00410	0.01094
117	0.01532	0.01442	0.02434	0.69533	0.05589	0.01803	0.02253	0.02073	0.01622	0.02073	0.01442	0.02163	0.01082	0.00811	0.00811	0.00270	0.01082	0.00721	0.00361	0.00901
118	0.01627	0.04197	0.67279	0.02313	0.03512	0.01884	0.02998	0.02570	0.01713	0.02570	0.01456	0.01713	0.01028	0.00771	0.00771	0.00257	0.01199	0.00600	0.00343	0.01199
