[name]
unknown

[dist]
# distance from previous block
# <min> <max>
0	0

[block]
# block no. 0 follows, 23 sequences, length 123
# corresponding to MSA columns:
# 0-122
name=unknown_A
#
# <colnr> <probs for GDERKNQSTAVLIFYWHMCP>
#	G	D	E	R	K	N	Q	S	T	A	V	L	I	F	Y	W	H	M	C	P
0	0.01308	0.00934	0.01308	0.01494	0.01681	0.00934	0.01308	0.01681	0.01868	0.02428	0.04296	0.09153	0.04670	0.02242	0.01121	0.00374	0.00747	0.60960	0.00747	0.00747
1	0.01701	0.13396	0.58724	0.02187	0.03318	0.02064	0.02780	0.02551	0.01704	0.02480	0.01412	0.01657	0.01030	0.00760	0.00737	0.00246	0.01154	0.00577	0.00343	0.01178
2	0.00986	0.00715	0.00932	0.01106	0.01171	0.00661	0.00743	0.01132	0.01576	0.02081	0.04757	0.66160	0.09977	0.02505	0.01030	0.00325	0.00466	0.02262	0.00753	0.00661
3	0.03085	0.02273	0.02435	0.01867	0.02516	0.02516	0.01542	0.63716	0.03815	0.05114	0.01948	0.01948	0.01380	0.00974	0.00812	0.00244	0.00893	0.00731	0.00812	0.01380
4	0.06090	0.01804	0.02005	0.01540	0.02184	0.01802	0.01255	0.27404	0.08835	0.12393	0.02050	0.02050	0.01492	0.00862	0.00732	0.00209	0.00736	0.00667	0.00719	0.25170
5	0.00995	0.00736	0.00933	0.01086	0.01180	0.00674	0.00748	0.01156	0.01619	0.02106	0.05158	0.57085	0.16553	0.02441	0.01025	0.00321	0.00470	0.04295	0.00753	0.00667
6	0.00959	0.00822	0.00822	0.00822	0.01096	0.00685	0.00617	0.01165	0.01850	0.02192	0.08220	0.07809	0.66092	0.02055	0.00959	0.00274	0.00411	0.01713	0.00754	0.00685
7	0.01990	0.01909	0.03260	0.07521	0.64028	0.01923	0.02481	0.02474	0.01839	0.02628	0.01523	0.02014	0.01277	0.00726	0.00804	0.00242	0.00969	0.00723	0.00400	0.01270
8	0.02008	0.01928	0.03294	0.04981	0.66422	0.01928	0.02490	0.02490	0.01848	0.02651	0.01526	0.02008	0.01285	0.00723	0.00803	0.00241	0.00964	0.00723	0.00402	0.01285
9	0.01256	0.01054	0.01124	0.01107	0.01397	0.01043	0.00837	0.02010	0.18452	0.02503	0.06287	0.14726	0.39088	0.01873	0.00940	0.00285	0.00493	0.03911	0.00772	0.00842
10	0.68072	0.01546	0.01278	0.01114	0.01632	0.01742	0.00918	0.02580	0.01498	0.11512	0.01387	0.01498	0.01019	0.00784	0.00541	0.00251	0.00635	0.00486	0.00565	0.00941
11	0.01775	0.01775	0.02485	0.02130	0.02130	0.02485	0.01775	0.01953	0.01243	0.01953	0.01065	0.01775	0.01065	0.01420	0.02663	0.00355	0.69998	0.00710	0.00355	0.00888
12	0.02826	0.02180	0.02608	0.01995	0.02601	0.02401	0.07602	0.51989	0.03389	0.04561	0.01895	0.02095	0.01410	0.03742	0.01054	0.00274	0.04581	0.00769	0.00736	0.01291
13	0.00989	0.00706	0.00942	0.01130	0.01177	0.00659	0.00753	0.01130	0.01554	0.02071	0.04472	0.70954	0.05367	0.02542	0.01036	0.00330	0.00471	0.02307	0.00753	0.00659
14	0.01464	0.00895	0.01186	0.01106	0.01341	0.00819	0.00844	0.01817	0.02218	0.11337	0.49947	0.11213	0.06601	0.01675	0.00953	0.00266	0.00446	0.04147	0.00889	0.00835
15	0.01627	0.04197	0.67279	0.02313	0.03512	0.01884	0.02998	0.02570	0.01713	0.02570	0.01456	0.01713	0.01028	0.00771	0.00771	0.00257	0.01199	0.00600	0.00343	0.01199
16	0.00978	0.00823	0.00848	0.00842	0.01107	0.00693	0.00631	0.01201	0.01893	0.02296	0.13900	0.07637	0.60347	0.02016	0.00959	0.00272	0.00408	0.01688	0.00767	0.00693
17	0.01532	0.01442	0.02434	0.69533	0.05589	0.01803	0.02253	0.02073	0.01622	0.02073	0.01442	0.02163	0.01082	0.00811	0.00811	0.00270	0.01082	0.00721	0.00361	0.00901
18	0.01221	0.01338	0.11085	0.01216	0.01560	0.00935	0.01103	0.01688	0.02209	0.03151	0.56244	0.05404	0.06655	0.01525	0.00929	0.00255	0.00506	0.01336	0.00810	0.00831
19	0.01532	0.01442	0.02434	0.69533	0.05589	0.01803	0.02253	0.02073	0.01622	0.02073	0.01442	0.02163	0.01082	0.00811	0.00811	0.00270	0.01082	0.00721	0.00361	0.00901
20	0.03598	0.01449	0.01925	0.01476	0.02105	0.01293	0.01219	0.08491	0.02436	0.62287	0.03106	0.02700	0.01961	0.01002	0.00816	0.00251	0.00706	0.00810	0.00990	0.01381
21	0.00989	0.00706	0.00942	0.01130	0.01177	0.00659	0.00753	0.01130	0.01554	0.02071	0.04472	0.70954	0.05367	0.02542	0.01036	0.00330	0.00471	0.02307	0.00753	0.00659
22	0.01925	0.01843	0.03144	0.16228	0.55822	0.01906	0.02449	0.02418	0.01808	0.02550	0.01512	0.02035	0.01250	0.00738	0.00805	0.00246	0.00984	0.00723	0.00394	0.01218
23	0.03056	0.03129	0.02362	0.01987	0.02512	0.37813	0.01556	0.31231	0.03001	0.03434	0.01575	0.01688	0.01200	0.00900	0.00769	0.00225	0.01199	0.00619	0.00600	0.01144
24	0.00963	0.00805	0.00839	0.00866	0.01108	0.00681	0.00636	0.01160	0.01807	0.02175	0.07682	0.16876	0.57373	0.02125	0.00970	0.00282	0.00420	0.01798	0.00753	0.00681
25	0.01232	0.01009	0.01390	0.13045	0.05166	0.01037	0.01165	0.01633	0.05084	0.02330	0.09194	0.26010	0.17281	0.01873	0.00964	0.00300	0.00624	0.09193	0.00683	0.00789
26	0.02288	0.01520	0.01607	0.01321	0.01733	0.01643	0.01054	0.32956	0.02741	0.04010	0.02291	0.02587	0.01767	0.04153	0.00852	0.00244	0.00656	0.00763	0.34757	0.01058
27	0.02008	0.01928	0.03294	0.04981	0.66422	0.01928	0.02490	0.02490	0.01848	0.02651	0.01526	0.02008	0.01285	0.00723	0.00803	0.00241	0.00964	0.00723	0.00402	0.01285
28	0.00989	0.00706	0.00942	0.01130	0.01177	0.00659	0.00753	0.01130	0.01554	0.02071	0.04472	0.70954	0.05367	0.02542	0.01036	0.00330	0.00471	0.02307	0.00753	0.00659
29	0.02071	0.56828	0.13449	0.01677	0.02454	0.02930	0.06335	0.02463	0.01678	0.02057	0.01215	0.01429	0.01054	0.00705	0.00590	0.00193	0.00954	0.00498	0.00351	0.01068
30	0.01602	0.01534	0.02148	0.01906	0.01926	0.02079	0.01554	0.01784	0.01295	0.01965	0.01677	0.12336	0.01799	0.02003	0.08232	0.00435	0.53498	0.00965	0.00422	0.00839
31	0.30555	0.02012	0.01975	0.01571	0.02165	0.02258	0.01296	0.40989	0.02913	0.04568	0.01645	0.01715	0.01194	0.00892	0.00697	0.00246	0.00795	0.00623	0.00697	0.01194
32	0.00989	0.00706	0.00942	0.01130	0.01177	0.00659	0.00753	0.01130	0.01554	0.02071	0.04472	0.70954	0.05367	0.02542	0.01036	0.00330	0.00471	0.02307	0.00753	0.00659
33	0.00981	0.00791	0.00874	0.00920	0.01127	0.00684	0.00665	0.01183	0.01804	0.02240	0.11598	0.24659	0.45324	0.02156	0.00979	0.00288	0.00425	0.01854	0.00764	0.00684
34	0.02767	0.02066	0.02184	0.01741	0.02282	0.04591	0.01420	0.43777	0.09794	0.06717	0.02134	0.02171	0.01559	0.01004	0.00884	0.00246	0.04474	0.00747	0.08173	0.01267
35	0.01275	0.00967	0.01231	0.04367	0.01524	0.00908	0.00873	0.04234	0.02245	0.03142	0.50393	0.05510	0.11465	0.01541	0.00917	0.00247	0.00457	0.01345	0.00821	0.06537
36	0.02456	0.04297	0.02082	0.01522	0.02159	0.04083	0.01245	0.20512	0.04615	0.12577	0.01876	0.01945	0.01398	0.00830	0.00784	0.00195	0.03472	0.00626	0.00653	0.32671
37	0.02169	0.71972	0.04252	0.01388	0.02083	0.03211	0.01388	0.02430	0.01649	0.01909	0.01128	0.01302	0.01041	0.00694	0.00521	0.00174	0.00868	0.00434	0.00347	0.01041
38	0.00974	0.00762	0.00884	0.00981	0.01138	0.00672	0.00687	0.01147	0.01697	0.02130	0.06285	0.40413	0.34737	0.02307	0.00999	0.00303	0.00442	0.02019	0.00753	0.00672
39	0.01393	0.00884	0.01163	0.01062	0.01297	0.00808	0.00808	0.01769	0.02299	0.09520	0.59820	0.05737	0.07101	0.01594	0.00943	0.00255	0.00413	0.01403	0.00904	0.00826
40	0.01915	0.02189	0.04788	0.03420	0.04241	0.02052	0.63475	0.02599	0.01915	0.02599	0.01642	0.02189	0.01231	0.00684	0.00958	0.00274	0.01368	0.00958	0.00410	0.01094
41	0.01627	0.04197	0.67279	0.02313	0.03512	0.01884	0.02998	0.02570	0.01713	0.02570	0.01456	0.01713	0.01028	0.00771	0.00771	0.00257	0.01199	0.00600	0.00343	0.01199
42	0.01886	0.01819	0.03144	0.20933	0.48658	0.01902	0.05048	0.02391	0.01795	0.02505	0.01510	0.02054	0.01232	0.00743	0.00812	0.00250	0.01011	0.00733	0.00392	0.01182
43	0.01433	0.01235	0.03936	0.01655	0.01950	0.01176	0.06029	0.02094	0.10622	0.02546	0.03873	0.13585	0.04043	0.01942	0.01047	0.00344	0.00768	0.40147	0.00719	0.00856
44	0.00989	0.00706	0.00942	0.01130	0.01177	0.00659	0.00753	0.01130	0.01554	0.02071	0.04472	0.70954	0.05367	0.02542	0.01036	0.00330	0.00471	0.02307	0.00753	0.00659
45	0.01161	0.00779	0.00891	0.00909	0.00914	0.00774	0.00517	0.01175	0.01217	0.01622	0.02745	0.11764	0.03188	0.64705	0.03826	0.00742	0.00756	0.01291	0.00517	0.00508
46	0.01101	0.00816	0.01027	0.00998	0.01189	0.00742	0.00739	0.01430	0.02149	0.02960	0.50286	0.12734	0.17200	0.01812	0.00965	0.00266	0.00396	0.01591	0.00856	0.00742
47	0.01745	0.01781	0.01680	0.01575	0.01753	0.19035	0.01201	0.01960	0.01544	0.01881	0.01824	0.02805	0.01751	0.12426	0.32947	0.00814	0.11283	0.00795	0.00426	0.00775
48	0.00989	0.00706	0.00942	0.01130	0.01177	0.00659	0.00753	0.01130	0.01554	0.02071	0.04472	0.70954	0.05367	0.02542	0.01036	0.00330	0.00471	0.02307	0.00753	0.00659
49	0.00989	0.00706	0.00942	0.01130	0.01177	0.00659	0.00753	0.01130	0.01554	0.02071	0.04472	0.70954	0.05367	0.02542	0.01036	0.00330	0.00471	0.02307	0.00753	0.00659
50	0.01639	0.04013	0.62360	0.02299	0.03407	0.01930	0.02905	0.02523	0.01677	0.02523	0.01426	0.01718	0.01031	0.00820	0.00915	0.00264	0.06422	0.00608	0.00344	0.01176
51	0.01409	0.00705	0.01057	0.01057	0.01057	0.00705	0.00705	0.01057	0.01057	0.01409	0.01409	0.02467	0.01409	0.02819	0.03171	0.76392	0.00705	0.00705	0.00352	0.00352
52	0.01180	0.00787	0.00885	0.00885	0.00885	0.00787	0.00492	0.01180	0.01180	0.01573	0.02557	0.05310	0.02950	0.71483	0.04130	0.00787	0.00787	0.01180	0.00492	0.00492
53	0.03031	0.03867	0.02299	0.02090	0.02508	0.68226	0.01568	0.03240	0.02299	0.01986	0.01254	0.01463	0.01045	0.00836	0.00732	0.00209	0.01463	0.00523	0.00418	0.00941
54	0.01161	0.00779	0.00891	0.00909	0.00914	0.00774	0.00517	0.01175	0.01217	0.01622	0.02745	0.11764	0.03188	0.64705	0.03826	0.00742	0.00756	0.01291	0.00517	0.00508
55	0.01759	0.01440	0.01690	0.01211	0.01929	0.01086	0.00971	0.02118	0.01708	0.05166	0.01511	0.01725	0.01233	0.00617	0.00609	0.00125	0.00604	0.00494	0.00501	0.73501
56	0.01639	0.04113	0.64674	0.02359	0.03542	0.01891	0.05519	0.02571	0.01722	0.02571	0.01464	0.01733	0.01036	0.00767	0.00779	0.00258	0.01206	0.00615	0.00345	0.01195
57	0.01236	0.00849	0.01113	0.01036	0.01242	0.00781	0.00781	0.01616	0.02298	0.05481	0.63799	0.05946	0.07459	0.01636	0.00952	0.00255	0.00394	0.01445	0.00897	0.00787
58	0.01683	0.01442	0.01683	0.01202	0.01923	0.01082	0.00961	0.02043	0.01683	0.02644	0.01442	0.01683	0.01202	0.00601	0.00601	0.00120	0.00601	0.00481	0.00481	0.76444
59	0.01476	0.00940	0.01289	0.01395	0.01611	0.00907	0.01174	0.01809	0.01896	0.08766	0.07609	0.15971	0.06904	0.02120	0.01066	0.00346	0.00676	0.42467	0.00781	0.00797
60	0.01916	0.02050	0.04105	0.03596	0.19706	0.01925	0.41937	0.02517	0.01875	0.02617	0.01593	0.02093	0.01242	0.00686	0.00884	0.00250	0.01191	0.00851	0.00415	0.08551
61	0.05632	0.03956	0.60896	0.02368	0.06258	0.01883	0.02863	0.02556	0.01702	0.02630	0.01442	0.01706	0.01032	0.00768	0.00758	0.00256	0.01158	0.00597	0.00354	0.01186
62	0.01743	0.03982	0.61763	0.02304	0.03460	0.01853	0.04903	0.02644	0.01752	0.05969	0.01554	0.01784	0.01086	0.00780	0.00779	0.00257	0.01178	0.00623	0.00380	0.01205
63	0.01492	0.00905	0.01195	0.01079	0.01331	0.00824	0.00824	0.01865	0.02300	0.12028	0.57349	0.05607	0.06879	0.01569	0.00938	0.00255	0.00425	0.01378	0.00909	0.00850
64	0.00989	0.00706	0.00942	0.01130	0.01177	0.00659	0.00753	0.01130	0.01554	0.02071	0.04472	0.70954	0.05367	0.02542	0.01036	0.00330	0.00471	0.02307	0.00753	0.00659
65	0.06985	0.06536	0.41213	0.09006	0.03654	0.01967	0.14421	0.02507	0.01717	0.02570	0.01453	0.01803	0.01063	0.00753	0.00781	0.00257	0.01165	0.00662	0.00369	0.01120
66	0.00989	0.00706	0.00942	0.01130	0.01177	0.00659	0.00753	0.01130	0.01554	0.02071	0.04472	0.70954	0.05367	0.02542	0.01036	0.00330	0.00471	0.02307	0.00753	0.00659
67	0.00988	0.00743	0.00916	0.01043	0.01157	0.00671	0.00717	0.01157	0.01665	0.02155	0.08157	0.51189	0.21756	0.02373	0.01012	0.00311	0.00451	0.02111	0.00759	0.00671
68	0.07387	0.04714	0.01808	0.01479	0.01901	0.06671	0.01162	0.18052	0.08730	0.12920	0.02820	0.20044	0.02581	0.01360	0.00821	0.00262	0.00727	0.01125	0.04366	0.01071
69	0.01829	0.01467	0.01637	0.01538	0.01922	0.01630	0.01227	0.03446	0.43103	0.05368	0.07052	0.04700	0.06251	0.01413	0.00901	0.00294	0.00641	0.13647	0.00815	0.01118
70	0.00995	0.00709	0.00940	0.01121	0.01167	0.00664	0.00744	0.01132	0.01540	0.02054	0.04405	0.68639	0.05281	0.04973	0.01145	0.00346	0.00482	0.02267	0.00744	0.00653
71	0.03201	0.02086	0.02319	0.01778	0.02423	0.02238	0.01469	0.51171	0.03502	0.18102	0.02211	0.02119	0.01512	0.00980	0.00813	0.00245	0.00850	0.00748	0.00852	0.01380
72	0.01917	0.02060	0.09273	0.07560	0.46257	0.01886	0.02327	0.02668	0.09666	0.02695	0.01855	0.02421	0.01543	0.00844	0.00817	0.00254	0.00944	0.03319	0.00461	0.01233
73	0.01820	0.01850	0.02479	0.02129	0.02144	0.04825	0.01768	0.01999	0.01280	0.01954	0.01072	0.01764	0.01064	0.01399	0.02594	0.00350	0.67559	0.00703	0.00357	0.00890
74	0.01738	0.01475	0.01712	0.01228	0.01946	0.01138	0.00984	0.04469	0.01766	0.02741	0.01462	0.01693	0.01209	0.00616	0.00609	0.00125	0.00612	0.00491	0.00494	0.73491
75	0.12605	0.01977	0.02040	0.01678	0.02235	0.02233	0.01355	0.32849	0.26806	0.04261	0.02355	0.02275	0.01731	0.00993	0.00776	0.00257	0.00762	0.00763	0.00776	0.01276
76	0.25336	0.01499	0.01718	0.01362	0.01954	0.01471	0.01124	0.07670	0.02149	0.43945	0.02502	0.02278	0.01631	0.00928	0.00723	0.00251	0.00686	0.00699	0.00842	0.01233
77	0.03641	0.01381	0.01883	0.01444	0.02071	0.01193	0.01193	0.03954	0.02322	0.66984	0.03201	0.02762	0.02009	0.01004	0.00816	0.00251	0.00690	0.00816	0.01004	0.01381
78	0.01815	0.02004	0.04173	0.05958	0.03863	0.01977	0.50140	0.02403	0.01810	0.02474	0.01792	0.07368	0.01523	0.00901	0.01122	0.00286	0.07902	0.01026	0.00429	0.01033
79	0.01308	0.00934	0.01308	0.01494	0.01681	0.00934	0.01308	0.01681	0.01868	0.02428	0.04296	0.09153	0.04670	0.02242	0.01121	0.00374	0.00747	0.60960	0.00747	0.00747
80	0.00989	0.00706	0.00942	0.01130	0.01177	0.00659	0.00753	0.01130	0.01554	0.02071	0.04472	0.70954	0.05367	0.02542	0.01036	0.00330	0.00471	0.02307	0.00753	0.00659
81	0.01634	0.01531	0.02611	0.56493	0.05120	0.01820	0.08193	0.05087	0.01769	0.02289	0.01623	0.02491	0.01283	0.00875	0.00841	0.00274	0.01085	0.03638	0.00406	0.00936
82	0.02126	0.66535	0.09308	0.01463	0.02197	0.03104	0.01518	0.02441	0.01654	0.01962	0.01154	0.01335	0.01040	0.00700	0.00541	0.00180	0.00894	0.00447	0.00347	0.01054
83	0.01386	0.00883	0.01152	0.01054	0.01292	0.00804	0.00801	0.01754	0.02281	0.09476	0.57412	0.05810	0.09537	0.01611	0.00943	0.00256	0.00414	0.01414	0.00898	0.00823
84	0.73666	0.01693	0.04296	0.01126	0.01660	0.01823	0.00978	0.02394	0.01397	0.03590	0.01145	0.01337	0.00886	0.00754	0.00515	0.00251	0.00655	0.00447	0.00495	0.00894
85	0.09113	0.01370	0.01794	0.01396	0.01994	0.01221	0.01149	0.03726	0.02250	0.59290	0.05887	0.02802	0.02179	0.01015	0.00799	0.00251	0.00672	0.00817	0.00961	0.01315
86	0.01171	0.00988	0.04193	0.01081	0.01320	0.00818	0.00870	0.01580	0.02269	0.03222	0.62963	0.05857	0.07345	0.01617	0.00948	0.00255	0.00421	0.01427	0.00867	0.00786
87	0.01931	0.42122	0.32011	0.01796	0.02712	0.02627	0.02097	0.02491	0.01677	0.02200	0.01273	0.01483	0.01035	0.00728	0.00631	0.00210	0.01014	0.00507	0.00345	0.01111
88	0.01195	0.00785	0.00879	0.00879	0.00888	0.00785	0.00495	0.01212	0.01204	0.01639	0.02561	0.05207	0.02911	0.68290	0.03969	0.00760	0.00768	0.01161	0.03910	0.00504
89	0.00989	0.00706	0.00942	0.01130	0.01177	0.00659	0.00753	0.01130	0.01554	0.02071	0.04472	0.70954	0.05367	0.02542	0.01036	0.00330	0.00471	0.02307	0.00753	0.00659
90	0.02204	0.01819	0.01922	0.01663	0.02155	0.02070	0.01312	0.16964	0.49168	0.03714	0.03216	0.02994	0.04893	0.01113	0.00828	0.00268	0.00686	0.00910	0.00820	0.01280
91	0.01876	0.02119	0.04554	0.03284	0.04043	0.02020	0.58660	0.02520	0.01874	0.02553	0.01719	0.04631	0.01372	0.00781	0.01031	0.00279	0.04197	0.00996	0.00420	0.01070
92	0.00989	0.00706	0.00942	0.01130	0.01177	0.00659	0.00753	0.01130	0.01554	0.02071	0.04472	0.70954	0.05367	0.02542	0.01036	0.00330	0.00471	0.02307	0.00753	0.00659
93	0.03103	0.02244	0.02417	0.01853	0.02502	0.02473	0.01531	0.61779	0.03767	0.07119	0.01989	0.01975	0.01400	0.00975	0.00812	0.00244	0.00886	0.00733	0.00818	0.01380
94	0.01867	0.01507	0.01846	0.01348	0.02041	0.01220	0.03460	0.06806	0.01879	0.05832	0.01671	0.04064	0.01392	0.00716	0.00655	0.00149	0.00653	0.00595	0.00537	0.61761
95	0.02711	0.02995	0.02437	0.02531	0.14224	0.37734	0.01695	0.11673	0.11069	0.02738	0.01684	0.01847	0.01334	0.00871	0.00769	0.00229	0.01179	0.00643	0.00526	0.01113
96	0.01125	0.00815	0.01066	0.01065	0.01234	0.00756	0.00795	0.01459	0.02123	0.02956	0.49117	0.17578	0.09100	0.01865	0.00982	0.00277	0.00424	0.05667	0.00854	0.00743
97	0.01733	0.17444	0.54960	0.02132	0.03233	0.02144	0.02683	0.02542	0.01701	0.02441	0.01392	0.01633	0.01031	0.00756	0.00722	0.00241	0.01134	0.00567	0.00344	0.01168
98	0.01842	0.01536	0.04820	0.01276	0.01981	0.01113	0.01073	0.02217	0.01741	0.08941	0.01748	0.04807	0.01454	0.00733	0.00649	0.00149	0.00633	0.00599	0.00537	0.62150
99	0.04707	0.01727	0.05607	0.42384	0.04416	0.01854	0.06668	0.07547	0.01818	0.02515	0.01470	0.02024	0.01120	0.00823	0.00885	0.00257	0.04663	0.00699	0.00420	0.08398
100	0.00989	0.00706	0.00942	0.01130	0.01177	0.00659	0.00753	0.01130	0.01554	0.02071	0.04472	0.70954	0.05367	0.02542	0.01036	0.00330	0.00471	0.02307	0.00753	0.00659
101	0.01682	0.01648	0.02978	0.51584	0.05156	0.01888	0.16390	0.04611	0.01776	0.02314	0.01508	0.02161	0.01128	0.00788	0.00845	0.00270	0.01141	0.00776	0.00390	0.00965
102	0.03164	0.01563	0.01925	0.01539	0.02125	0.01537	0.01251	0.09923	0.18754	0.44368	0.03104	0.02751	0.02069	0.01026	0.00818	0.00257	0.00698	0.00834	0.00939	0.01356
103	0.01069	0.00826	0.00975	0.00938	0.01164	0.00732	0.00703	0.01378	0.02110	0.02810	0.41843	0.06792	0.32084	0.01824	0.00958	0.00263	0.00395	0.01570	0.00835	0.00732
104	0.01171	0.00865	0.00914	0.00878	0.01175	0.00727	0.00667	0.01392	0.01905	0.07157	0.10355	0.07350	0.58683	0.01958	0.00948	0.00271	0.00431	0.01634	0.00779	0.00741
105	0.02273	0.64050	0.04046	0.01443	0.02132	0.03132	0.01406	0.09395	0.01895	0.02273	0.01221	0.01375	0.01080	0.00726	0.00554	0.00182	0.00871	0.00468	0.00400	0.01080
106	0.54428	0.01763	0.04443	0.01281	0.01851	0.01843	0.01106	0.11129	0.01851	0.11580	0.01513	0.01601	0.01094	0.00816	0.00596	0.00250	0.00698	0.00533	0.00600	0.01025
107	0.01557	0.01207	0.01297	0.01193	0.01554	0.01227	0.00919	0.02569	0.25626	0.07180	0.10817	0.05521	0.32951	0.01592	0.00899	0.00271	0.00515	0.01332	0.00809	0.00965
108	0.01033	0.00731	0.00922	0.01056	0.01103	0.00691	0.00684	0.01144	0.01478	0.01957	0.04190	0.52079	0.07700	0.19157	0.01779	0.00437	0.00544	0.02006	0.00690	0.00620
109	0.02116	0.65308	0.10449	0.01479	0.02223	0.03080	0.01547	0.02443	0.01655	0.01974	0.01160	0.01342	0.01040	0.00702	0.00545	0.00182	0.00900	0.00450	0.00347	0.01057
110	0.01751	0.01896	0.03875	0.09522	0.03805	0.01896	0.44134	0.02308	0.01781	0.02424	0.01916	0.10580	0.01708	0.00992	0.01108	0.00288	0.07493	0.01077	0.00442	0.01003
111	0.01007	0.00714	0.00936	0.01106	0.01148	0.00672	0.00728	0.01135	0.01517	0.02022	0.04284	0.64500	0.05129	0.09320	0.01340	0.00374	0.00502	0.02196	0.00728	0.00643
112	0.01180	0.00787	0.00885	0.00885	0.00885	0.00787	0.00492	0.01180	0.01180	0.01573	0.02557	0.05310	0.02950	0.71483	0.04130	0.00787	0.00787	0.01180	0.00492	0.00492
113	0.01799	0.01904	0.03475	0.12872	0.03567	0.02195	0.28573	0.02251	0.01591	0.02251	0.01372	0.02013	0.01140	0.01009	0.01645	0.00307	0.29860	0.00819	0.00380	0.00979
114	0.00989	0.00706	0.00942	0.01130	0.01177	0.00659	0.00753	0.01130	0.01554	0.02071	0.04472	0.70954	0.05367	0.02542	0.01036	0.00330	0.00471	0.02307	0.00753	0.00659
115	0.01690	0.01468	0.01744	0.01272	0.01939	0.01188	0.01023	0.02036	0.01649	0.02592	0.01414	0.01690	0.01191	0.00663	0.00757	0.00138	0.05869	0.00498	0.00471	0.70708
116	0.04907	0.14816	0.42797	0.01865	0.02791	0.01906	0.02246	0.02321	0.01732	0.02494	0.05312	0.02562	0.09075	0.00953	0.00749	0.00245	0.00986	0.00739	0.00426	0.01077
117	0.01667	0.01008	0.01282	0.01245	0.01489	0.00967	0.00911	0.04895	0.05127	0.13872	0.03814	0.38934	0.06036	0.04996	0.06179	0.00390	0.00685	0.01638	0.00759	0.04107
118	0.01228	0.00954	0.01168	0.01112	0.01381	0.00808	0.00788	0.01436	0.01599	0.02252	0.05673	0.37957	0.06770	0.08228	0.01178	0.00301	0.00535	0.01573	0.00649	0.24408
119	0.01693	0.01446	0.01795	0.01333	0.01990	0.01156	0.03971	0.04963	0.01784	0.02705	0.01774	0.08531	0.01621	0.00814	0.00671	0.00154	0.00639	0.00695	0.00520	0.61744
120	0.06323	0.12790	0.02487	0.01674	0.02277	0.10157	0.01396	0.34542	0.02894	0.08301	0.01797	0.01854	0.01331	0.00888	0.00723	0.00221	0.00894	0.00642	0.03952	0.04856
121	0.01966	0.01644	0.02261	0.06937	0.04274	0.01902	0.08062	0.14282	0.09503	0.02985	0.01978	0.02477	0.01617	0.04955	0.04028	0.00339	0.16513	0.00805	0.12455	0.01017
122	0.02331	0.01726	0.01933	0.01519	0.02111	0.01734	0.01223	0.23727	0.14621	0.08639	0.07769	0.02498	0.02135	0.00948	0.00764	0.00214	0.00697	0.00762	0.00737	0.23913

[dist]
# distance from previous block
# <min> <max>
11	23

[block]
# block no. 1 follows, 23 sequences, length 16
# corresponding to MSA columns:
# 146-161
name=unknown_B
#
# <colnr> <probs for GDERKNQSTAVLIFYWHMCP>
#	G	D	E	R	K	N	Q	S	T	A	V	L	I	F	Y	W	H	M	C	P
0	0.08169	0.12544	0.27449	0.07976	0.03041	0.01952	0.09102	0.02479	0.05833	0.02663	0.09377	0.02330	0.01945	0.00881	0.00764	0.00249	0.00977	0.00740	0.00464	0.01064
1	0.01806	0.26525	0.46515	0.02008	0.03041	0.02321	0.02468	0.02524	0.01692	0.02352	0.01348	0.01578	0.01032	0.00746	0.00688	0.00229	0.01090	0.00545	0.00344	0.01147
2	0.02185	0.23676	0.23179	0.02016	0.02767	0.13229	0.06767	0.02678	0.01805	0.06414	0.01420	0.01661	0.01118	0.00824	0.00871	0.00234	0.07075	0.00589	0.00406	0.01087
3	0.01715	0.01336	0.01410	0.01280	0.01544	0.04755	0.00932	0.14231	0.06437	0.02857	0.10112	0.18403	0.03442	0.18757	0.01670	0.00389	0.00691	0.01261	0.03907	0.04871
4	0.01838	0.01420	0.01683	0.01292	0.01894	0.01206	0.01026	0.08868	0.01909	0.06191	0.01903	0.07554	0.01677	0.01309	0.06685	0.00263	0.00767	0.00710	0.00563	0.51241
5	0.02054	0.01900	0.08112	0.02947	0.28943	0.05849	0.01819	0.02587	0.04693	0.11663	0.17772	0.03097	0.02974	0.01021	0.00837	0.00247	0.00822	0.00904	0.00620	0.01140
6	0.08349	0.01371	0.01872	0.18861	0.08473	0.01516	0.01560	0.02519	0.13088	0.06897	0.07500	0.04329	0.02797	0.01288	0.00876	0.00291	0.00790	0.15999	0.00640	0.00984
7	0.77215	0.01569	0.01193	0.01067	0.01569	0.01820	0.00879	0.02385	0.01381	0.03641	0.01130	0.01318	0.00879	0.00753	0.00502	0.00251	0.00628	0.00439	0.00502	0.00879
8	0.01161	0.00861	0.01260	0.01260	0.01390	0.00990	0.00959	0.01421	0.01291	0.01851	0.02214	0.03411	0.02126	0.12967	0.61519	0.01250	0.02028	0.00902	0.00441	0.00700
9	0.01180	0.00787	0.00885	0.00885	0.00885	0.00787	0.00492	0.01180	0.01180	0.01573	0.02557	0.05310	0.02950	0.71483	0.04130	0.00787	0.00787	0.01180	0.00492	0.00492
10	0.01785	0.01867	0.03408	0.06149	0.03225	0.02094	0.30223	0.02336	0.04892	0.02327	0.01566	0.02177	0.01302	0.01446	0.07513	0.00393	0.25044	0.00850	0.00412	0.00990
11	0.01920	0.01741	0.02827	0.08515	0.33188	0.01796	0.09449	0.05455	0.09383	0.02826	0.02051	0.02721	0.01704	0.00901	0.00824	0.00255	0.00911	0.04694	0.07689	0.01152
12	0.02885	0.09887	0.02599	0.01997	0.05142	0.19602	0.01562	0.36568	0.05694	0.03793	0.01722	0.01803	0.01300	0.00904	0.00761	0.00229	0.01031	0.00653	0.00645	0.01223
13	0.01694	0.01689	0.10295	0.13099	0.13191	0.01461	0.01794	0.04955	0.05168	0.05945	0.02829	0.13724	0.02768	0.01435	0.00917	0.00297	0.00853	0.16294	0.00598	0.00995
14	0.05338	0.05163	0.01857	0.01341	0.01896	0.01465	0.01089	0.07482	0.01800	0.02775	0.01674	0.06416	0.01500	0.00882	0.00864	0.00183	0.08209	0.00659	0.03900	0.45508
15	0.02517	0.02108	0.02377	0.02457	0.16444	0.10828	0.01638	0.25960	0.02670	0.07559	0.07512	0.02392	0.01944	0.01332	0.05514	0.00317	0.03829	0.00781	0.00643	0.01181

[dist]
# distance from previous block
# <min> <max>
4	6

[block]
# block no. 2 follows, 23 sequences, length 7
# corresponding to MSA columns:
# 169-175
name=unknown_C
#
# <colnr> <probs for GDERKNQSTAVLIFYWHMCP>
#	G	D	E	R	K	N	Q	S	T	A	V	L	I	F	Y	W	H	M	C	P
0	0.01908	0.01430	0.01684	0.01280	0.01912	0.01183	0.01014	0.05680	0.05204	0.09125	0.02021	0.08243	0.01742	0.00866	0.00686	0.00167	0.00616	0.00719	0.00594	0.53925
1	0.01852	0.01567	0.01866	0.01518	0.01974	0.01613	0.01211	0.10960	0.09619	0.02883	0.02056	0.10729	0.01888	0.01118	0.01105	0.00228	0.13794	0.00846	0.00581	0.32592
2	0.01730	0.01726	0.03038	0.15213	0.06657	0.01710	0.23340	0.02218	0.01716	0.02433	0.01618	0.05058	0.01367	0.00836	0.00981	0.00239	0.07206	0.00808	0.00430	0.21676
3	0.16244	0.01730	0.02471	0.27106	0.23734	0.01940	0.01974	0.10415	0.01938	0.02956	0.01477	0.01925	0.01147	0.00794	0.00750	0.00254	0.00933	0.00670	0.00460	0.01082
4	0.01419	0.01027	0.01194	0.01151	0.01427	0.01002	0.00875	0.02069	0.13914	0.07332	0.19600	0.15800	0.23486	0.01790	0.00943	0.00282	0.00494	0.04512	0.00817	0.00867
5	0.02506	0.01482	0.01863	0.07669	0.02299	0.01428	0.01242	0.15632	0.02455	0.24321	0.14370	0.02967	0.02717	0.01032	0.00803	0.00229	0.00695	0.00853	0.00790	0.14647
6	0.01625	0.00929	0.01212	0.01084	0.01335	0.00849	0.00813	0.01948	0.02165	0.15137	0.46330	0.05344	0.06010	0.10069	0.01318	0.00319	0.00491	0.01309	0.00865	0.00849

[dist]
# distance from previous block
# <min> <max>
0	2

[block]
# block no. 3 follows, 23 sequences, length 77
# corresponding to MSA columns:
# 178-254
name=unknown_D
#
# <colnr> <probs for GDERKNQSTAVLIFYWHMCP>
#	G	D	E	R	K	N	Q	S	T	A	V	L	I	F	Y	W	H	M	C	P
0	0.03036	0.02144	0.02330	0.01809	0.02439	0.02352	0.01487	0.52863	0.09338	0.10501	0.02186	0.02121	0.01538	0.00989	0.00813	0.00247	0.00852	0.00755	0.00830	0.01371
1	0.01189	0.00872	0.01120	0.01050	0.01254	0.00824	0.00790	0.01661	0.05232	0.03260	0.63057	0.05919	0.07414	0.01633	0.00951	0.00256	0.00395	0.01442	0.00890	0.00790
2	0.01688	0.01601	0.02715	0.48410	0.25495	0.01844	0.02331	0.02210	0.01696	0.02262	0.01470	0.02113	0.01148	0.00782	0.00809	0.00261	0.01043	0.00722	0.00374	0.01027
3	0.01513	0.00756	0.00756	0.00756	0.00945	0.00756	0.00567	0.01891	0.01702	0.03025	0.02647	0.03025	0.02080	0.00945	0.00567	0.00189	0.00378	0.00756	0.75988	0.00756
4	0.01006	0.00719	0.00961	0.01150	0.01204	0.00674	0.00783	0.01160	0.01571	0.02091	0.04463	0.67585	0.05329	0.02526	0.01040	0.00332	0.00486	0.05503	0.00753	0.00664
5	0.01972	0.01881	0.03149	0.09782	0.58283	0.01923	0.02407	0.02556	0.05212	0.02646	0.01615	0.02075	0.01333	0.00750	0.00805	0.00245	0.00956	0.00733	0.00421	0.01256
6	0.01180	0.00787	0.00885	0.00885	0.00885	0.00787	0.00492	0.01180	0.01180	0.01573	0.02557	0.05310	0.02950	0.71483	0.04130	0.00787	0.00787	0.01180	0.00492	0.00492
7	0.02992	0.02184	0.02336	0.01802	0.02424	0.02413	0.01485	0.60076	0.03691	0.04991	0.01989	0.02012	0.01421	0.00972	0.00797	0.00240	0.00863	0.00732	0.05238	0.01343
8	0.01316	0.01005	0.01229	0.01142	0.01385	0.01007	0.00865	0.02066	0.14358	0.03281	0.53926	0.05477	0.06659	0.01551	0.00932	0.00259	0.00433	0.01362	0.00880	0.00865
9	0.01180	0.00787	0.00885	0.00885	0.00885	0.00787	0.00492	0.01180	0.01180	0.01573	0.02557	0.05310	0.02950	0.71483	0.04130	0.00787	0.00787	0.01180	0.00492	0.00492
10	0.01683	0.01442	0.01683	0.01202	0.01923	0.01082	0.00961	0.02043	0.01683	0.02644	0.01442	0.01683	0.01202	0.00601	0.00601	0.00120	0.00601	0.00481	0.00481	0.76444
11	0.01409	0.00705	0.01057	0.01057	0.01057	0.00705	0.00705	0.01057	0.01057	0.01409	0.01409	0.02467	0.01409	0.02819	0.03171	0.76392	0.00705	0.00705	0.00352	0.00352
12	0.00989	0.00706	0.00942	0.01130	0.01177	0.00659	0.00753	0.01130	0.01554	0.02071	0.04472	0.70954	0.05367	0.02542	0.01036	0.00330	0.00471	0.02307	0.00753	0.00659
13	0.02520	0.01711	0.01896	0.01599	0.02113	0.01870	0.01274	0.14859	0.37518	0.16867	0.03001	0.02777	0.02160	0.01050	0.00807	0.00260	0.00683	0.00854	0.04887	0.01293
14	0.00989	0.00706	0.00942	0.01130	0.01177	0.00659	0.00753	0.01130	0.01554	0.02071	0.04472	0.70954	0.05367	0.02542	0.01036	0.00330	0.00471	0.02307	0.00753	0.00659
15	0.02161	0.01956	0.01906	0.01701	0.02166	0.07835	0.01322	0.07241	0.56363	0.03359	0.03054	0.02836	0.02296	0.01071	0.00817	0.00268	0.00727	0.00873	0.00789	0.01259
16	0.02621	0.02842	0.02074	0.01836	0.02306	0.37586	0.01403	0.03509	0.22090	0.05974	0.02024	0.02048	0.01564	0.00908	0.00754	0.00224	0.01084	0.00660	0.00584	0.07909
17	0.02018	0.01743	0.01835	0.01651	0.02110	0.02018	0.01284	0.04312	0.64956	0.03394	0.03303	0.03027	0.02477	0.01101	0.00826	0.00275	0.00642	0.00917	0.00826	0.01284
18	0.02169	0.71972	0.04252	0.01388	0.02083	0.03211	0.01388	0.02430	0.01649	0.01909	0.01128	0.01302	0.01041	0.00694	0.00521	0.00174	0.00868	0.00434	0.00347	0.01041
19	0.04569	0.01481	0.02491	0.63796	0.05367	0.01815	0.04982	0.02110	0.01626	0.02160	0.01439	0.02131	0.01080	0.00803	0.00806	0.00270	0.01077	0.00721	0.00368	0.00909
20	0.01775	0.01775	0.02485	0.02130	0.02130	0.02485	0.01775	0.01953	0.01243	0.01953	0.01065	0.01775	0.01065	0.01420	0.02663	0.00355	0.69998	0.00710	0.00355	0.00888
21	0.00959	0.00822	0.00822	0.00822	0.01096	0.00685	0.00617	0.01165	0.01850	0.02192	0.08220	0.07809	0.66092	0.02055	0.00959	0.00274	0.00411	0.01713	0.00754	0.00685
22	0.00989	0.00706	0.00942	0.01130	0.01177	0.00659	0.00753	0.01130	0.01554	0.02071	0.04472	0.70954	0.05367	0.02542	0.01036	0.00330	0.00471	0.02307	0.00753	0.00659
23	0.03074	0.02199	0.02378	0.01833	0.02473	0.02418	0.01511	0.57765	0.06230	0.08687	0.02077	0.02040	0.01462	0.00981	0.00813	0.00245	0.00871	0.00743	0.00824	0.01376
24	0.03085	0.02273	0.02435	0.01867	0.02516	0.02516	0.01542	0.63716	0.03815	0.05114	0.01948	0.01948	0.01380	0.00974	0.00812	0.00244	0.00893	0.00731	0.00812	0.01380
25	0.03031	0.03867	0.02299	0.02090	0.02508	0.68226	0.01568	0.03240	0.02299	0.01986	0.01254	0.01463	0.01045	0.00836	0.00732	0.00209	0.01463	0.00523	0.00418	0.00941
26	0.01627	0.04197	0.67279	0.02313	0.03512	0.01884	0.02998	0.02570	0.01713	0.02570	0.01456	0.01713	0.01028	0.00771	0.00771	0.00257	0.01199	0.00600	0.00343	0.01199
27	0.03083	0.02333	0.02430	0.01875	0.02516	0.04988	0.01543	0.61441	0.03758	0.04996	0.01922	0.01930	0.01367	0.00969	0.00809	0.00242	0.00914	0.00723	0.00797	0.01363
28	0.03085	0.02273	0.02435	0.01867	0.02516	0.02516	0.01542	0.63716	0.03815	0.05114	0.01948	0.01948	0.01380	0.00974	0.00812	0.00244	0.00893	0.00731	0.00812	0.01380
29	0.00989	0.00706	0.00942	0.01130	0.01177	0.00659	0.00753	0.01130	0.01554	0.02071	0.04472	0.70954	0.05367	0.02542	0.01036	0.00330	0.00471	0.02307	0.00753	0.00659
30	0.13141	0.01565	0.02427	0.45782	0.10117	0.01843	0.05617	0.02311	0.05075	0.02466	0.01515	0.02070	0.01154	0.00803	0.00773	0.00265	0.00995	0.00703	0.00414	0.00964
31	0.03085	0.02273	0.02435	0.01867	0.02516	0.02516	0.01542	0.63716	0.03815	0.05114	0.01948	0.01948	0.01380	0.00974	0.00812	0.00244	0.00893	0.00731	0.00812	0.01380
32	0.02749	0.15037	0.05515	0.01805	0.02412	0.17320	0.01541	0.32022	0.05363	0.03588	0.01702	0.01793	0.01296	0.00888	0.00732	0.00223	0.01003	0.00634	0.03188	0.01188
33	0.02909	0.09347	0.02527	0.02167	0.05875	0.53921	0.01600	0.08031	0.02344	0.02268	0.01314	0.01518	0.01085	0.00829	0.00724	0.00211	0.01341	0.00543	0.00443	0.01003
34	0.01713	0.01550	0.02033	0.01596	0.02046	0.01588	0.03984	0.04379	0.01632	0.02466	0.01750	0.02141	0.04661	0.01207	0.04472	0.00268	0.22052	0.00666	0.00464	0.39330
35	0.02708	0.12549	0.02477	0.01896	0.02340	0.45110	0.01496	0.08464	0.02270	0.02287	0.01730	0.02081	0.04224	0.00963	0.00815	0.00223	0.04061	0.02864	0.00470	0.00973
36	0.01060	0.00771	0.01010	0.01181	0.01258	0.00743	0.00819	0.01318	0.04512	0.02159	0.04405	0.63194	0.05181	0.02453	0.01032	0.00330	0.00499	0.06622	0.00756	0.00695
37	0.01139	0.00829	0.01071	0.01011	0.01206	0.00762	0.00758	0.01513	0.02274	0.03200	0.63053	0.06150	0.10630	0.01679	0.00957	0.00256	0.00384	0.01480	0.00886	0.00762
38	0.01547	0.01447	0.02494	0.62782	0.05303	0.01764	0.05439	0.02053	0.01611	0.02070	0.01451	0.02179	0.01105	0.00899	0.00930	0.03864	0.01079	0.00733	0.00363	0.00886
39	0.02145	0.01756	0.01869	0.01654	0.02130	0.02009	0.01294	0.07458	0.58986	0.06243	0.03226	0.02958	0.02398	0.01090	0.00824	0.00272	0.00658	0.00903	0.00833	0.01294
40	0.02018	0.01743	0.01835	0.01651	0.02110	0.02018	0.01284	0.04312	0.64956	0.03394	0.03303	0.03027	0.02477	0.01101	0.00826	0.00275	0.00642	0.00917	0.00826	0.01284
41	0.01513	0.00756	0.00756	0.00756	0.00945	0.00756	0.00567	0.01891	0.01702	0.03025	0.02647	0.03025	0.02080	0.00945	0.00567	0.00189	0.00378	0.00756	0.75988	0.00756
42	0.01709	0.14448	0.57747	0.02173	0.03296	0.02085	0.02755	0.02549	0.01703	0.02470	0.01407	0.01651	0.01030	0.00759	0.00733	0.00244	0.01149	0.00575	0.00343	0.01175
43	0.00989	0.00706	0.00942	0.01130	0.01177	0.00659	0.00753	0.01130	0.01554	0.02071	0.04472	0.70954	0.05367	0.02542	0.01036	0.00330	0.00471	0.02307	0.00753	0.00659
44	0.00989	0.00706	0.00942	0.01130	0.01177	0.00659	0.00753	0.01130	0.01554	0.02071	0.04472	0.70954	0.05367	0.02542	0.01036	0.00330	0.00471	0.02307	0.00753	0.00659
45	0.01582	0.01288	0.02137	0.32903	0.03584	0.01434	0.10803	0.02081	0.01697	0.02522	0.01940	0.02502	0.01491	0.00844	0.00739	0.00239	0.00852	0.00770	0.29717	0.00874
46	0.02220	0.67961	0.04137	0.01430	0.02108	0.07039	0.01399	0.02477	0.01687	0.01914	0.01136	0.01311	0.01042	0.00703	0.00533	0.00176	0.00903	0.00439	0.00351	0.01035
47	0.01148	0.00829	0.01085	0.01021	0.01212	0.00766	0.00766	0.01531	0.02297	0.03254	0.65994	0.06061	0.07656	0.01659	0.00957	0.00255	0.00383	0.01467	0.00893	0.00766
48	0.00959	0.00822	0.00822	0.00822	0.01096	0.00685	0.00617	0.01165	0.01850	0.02192	0.08220	0.07809	0.66092	0.02055	0.00959	0.00274	0.00411	0.01713	0.00754	0.00685
49	0.01283	0.00916	0.01279	0.01466	0.01642	0.00913	0.01264	0.01638	0.01843	0.02400	0.04310	0.13978	0.04724	0.02265	0.01114	0.00370	0.00726	0.56381	0.00748	0.00740
50	0.01909	0.02172	0.04694	0.03367	0.04154	0.02070	0.60946	0.02573	0.01888	0.02573	0.01618	0.02172	0.01224	0.00714	0.01027	0.00277	0.04181	0.00947	0.00408	0.01086
51	0.02169	0.71972	0.04252	0.01388	0.02083	0.03211	0.01388	0.02430	0.01649	0.01909	0.01128	0.01302	0.01041	0.00694	0.00521	0.00174	0.00868	0.00434	0.00347	0.01041
52	0.01180	0.00787	0.00885	0.00885	0.00885	0.00787	0.00492	0.01180	0.01180	0.01573	0.02557	0.05310	0.02950	0.71483	0.04130	0.00787	0.00787	0.01180	0.00492	0.00492
53	0.01683	0.01442	0.01683	0.01202	0.01923	0.01082	0.00961	0.02043	0.01683	0.02644	0.01442	0.01683	0.01202	0.00601	0.00601	0.00120	0.00601	0.00481	0.00481	0.76444
54	0.03506	0.01433	0.01902	0.01454	0.02088	0.01259	0.01199	0.07110	0.02370	0.60187	0.03039	0.02660	0.01931	0.00981	0.00804	0.00244	0.00697	0.00793	0.00966	0.05376
55	0.01627	0.04197	0.67279	0.02313	0.03512	0.01884	0.02998	0.02570	0.01713	0.02570	0.01456	0.01713	0.01028	0.00771	0.00771	0.00257	0.01199	0.00600	0.00343	0.01199
56	0.00969	0.00822	0.00836	0.00833	0.01102	0.00689	0.00625	0.01184	0.01874	0.02250	0.11369	0.07714	0.62908	0.02033	0.00959	0.00273	0.00409	0.01699	0.00761	0.00689
57	0.01180	0.00787	0.00885	0.00885	0.00885	0.00787	0.00492	0.01180	0.01180	0.01573	0.02557	0.05310	0.02950	0.71483	0.04130	0.00787	0.00787	0.01180	0.00492	0.00492
58	0.00989	0.00706	0.00942	0.01130	0.01177	0.00659	0.00753	0.01130	0.01554	0.02071	0.04472	0.70954	0.05367	0.02542	0.01036	0.00330	0.00471	0.02307	0.00753	0.00659
59	0.01909	0.02169	0.04679	0.03359	0.04141	0.02072	0.60562	0.02569	0.01883	0.02569	0.01614	0.02169	0.01223	0.00719	0.01038	0.00277	0.04608	0.00946	0.00408	0.01085
60	0.01532	0.01442	0.02434	0.69533	0.05589	0.01803	0.02253	0.02073	0.01622	0.02073	0.01442	0.02163	0.01082	0.00811	0.00811	0.00270	0.01082	0.00721	0.00361	0.00901
61	0.01683	0.01442	0.01683	0.01202	0.01923	0.01082	0.00961	0.02043	0.01683	0.02644	0.01442	0.01683	0.01202	0.00601	0.00601	0.00120	0.00601	0.00481	0.00481	0.76444
62	0.27238	0.02017	0.02080	0.04665	0.02387	0.05031	0.04483	0.29147	0.08858	0.04059	0.01746	0.01849	0.01289	0.00886	0.00715	0.00250	0.00838	0.00656	0.00654	0.01151
63	0.01052	0.00903	0.00911	0.00895	0.01185	0.00802	0.00675	0.01440	0.07370	0.02297	0.07790	0.07391	0.60528	0.01972	0.00947	0.00274	0.00431	0.01643	0.00760	0.00737
64	0.01356	0.00873	0.01140	0.01049	0.01266	0.00802	0.00787	0.01713	0.02242	0.08425	0.57586	0.05751	0.06951	0.05158	0.01107	0.00282	0.00429	0.01399	0.00882	0.00802
65	0.01962	0.02059	0.04044	0.04197	0.35217	0.01990	0.33094	0.02545	0.01882	0.02625	0.01584	0.02099	0.01258	0.00703	0.00881	0.00257	0.01167	0.00841	0.00406	0.01189
66	0.02838	0.03194	0.02234	0.01957	0.02402	0.45344	0.01506	0.15854	0.05270	0.02715	0.01862	0.01991	0.04724	0.00965	0.00838	0.00228	0.03856	0.00655	0.00534	0.01032
67	0.00989	0.00706	0.00942	0.01130	0.01177	0.00659	0.00753	0.01130	0.01554	0.02071	0.04472	0.70954	0.05367	0.02542	0.01036	0.00330	0.00471	0.02307	0.00753	0.00659
68	0.00997	0.00713	0.00949	0.01124	0.01179	0.00665	0.00754	0.01151	0.01593	0.02135	0.07769	0.67477	0.05489	0.02495	0.01031	0.00326	0.00466	0.02262	0.00761	0.00665
69	0.02696	0.02024	0.02329	0.01835	0.02400	0.02202	0.04738	0.50699	0.03361	0.04506	0.02325	0.12703	0.01993	0.01203	0.00854	0.00259	0.00853	0.00988	0.00781	0.01252
70	0.00987	0.00711	0.00936	0.01116	0.01173	0.00660	0.00747	0.01131	0.01567	0.02077	0.04643	0.68083	0.08127	0.02520	0.01032	0.00327	0.00468	0.02280	0.00753	0.00660
71	0.00989	0.00706	0.00942	0.01130	0.01177	0.00659	0.00753	0.01130	0.01554	0.02071	0.04472	0.70954	0.05367	0.02542	0.01036	0.00330	0.00471	0.02307	0.00753	0.00659
72	0.08542	0.01796	0.02279	0.43638	0.04308	0.07307	0.01911	0.11843	0.05724	0.02750	0.01587	0.02050	0.01189	0.00850	0.00779	0.00260	0.01018	0.00693	0.00475	0.00999
73	0.01041	0.00747	0.00989	0.01094	0.01189	0.00694	0.00757	0.01263	0.01799	0.02463	0.24829	0.49481	0.06124	0.02250	0.01010	0.00305	0.00442	0.02029	0.00800	0.00694
74	0.33472	0.05876	0.01929	0.01510	0.02051	0.13410	0.01228	0.17701	0.05107	0.08372	0.01605	0.01682	0.01196	0.00853	0.00656	0.00239	0.00854	0.00574	0.00607	0.01076
75	0.05769	0.01719	0.01890	0.01523	0.02041	0.01786	0.01217	0.34795	0.02840	0.03970	0.07833	0.13349	0.02517	0.01212	0.00810	0.00238	0.00718	0.00993	0.00738	0.14039
76	0.50186	0.08206	0.13459	0.01349	0.01989	0.01946	0.01328	0.05524	0.01601	0.03346	0.01291	0.01488	0.00993	0.00770	0.00571	0.00243	0.00756	0.00495	0.03487	0.00972

[dist]
# distance from previous block
# <min> <max>
0	1

[block]
# block no. 4 follows, 23 sequences, length 40
# corresponding to MSA columns:
# 256-295
name=unknown_E
#
# <colnr> <probs for GDERKNQSTAVLIFYWHMCP>
#	G	D	E	R	K	N	Q	S	T	A	V	L	I	F	Y	W	H	M	C	P
0	0.49342	0.01879	0.03850	0.04906	0.02067	0.05264	0.01185	0.14440	0.01966	0.03712	0.03857	0.01693	0.01266	0.00840	0.00618	0.00249	0.00756	0.00561	0.00561	0.00988
1	0.01817	0.26633	0.42368	0.01994	0.02952	0.02363	0.02388	0.02486	0.01663	0.02312	0.01323	0.01580	0.01035	0.00785	0.00802	0.00235	0.05242	0.00551	0.00345	0.01128
2	0.07061	0.01526	0.01828	0.01618	0.05313	0.01548	0.01220	0.13692	0.13193	0.22218	0.15861	0.03186	0.03023	0.01107	0.00818	0.00249	0.00660	0.00914	0.00834	0.04131
3	0.19209	0.02234	0.02063	0.01669	0.02228	0.10617	0.01353	0.38794	0.02996	0.04280	0.05579	0.01999	0.01610	0.00950	0.00743	0.00241	0.00876	0.00685	0.00699	0.01177
4	0.01638	0.11208	0.01950	0.01428	0.01688	0.01660	0.01154	0.10311	0.01682	0.02307	0.01927	0.02868	0.01814	0.12388	0.34288	0.00831	0.08725	0.00811	0.00474	0.00849
5	0.01022	0.00751	0.01032	0.05294	0.01445	0.00729	0.00845	0.01187	0.01558	0.02071	0.04288	0.66767	0.05106	0.02437	0.01022	0.00326	0.00508	0.02210	0.00729	0.00674
6	0.01875	0.01546	0.02137	0.06721	0.02310	0.01830	0.03677	0.02422	0.09547	0.08760	0.05668	0.02444	0.01842	0.01589	0.07416	0.00374	0.28334	0.00788	0.00536	0.10184
7	0.01491	0.01071	0.01285	0.01287	0.01468	0.01097	0.00938	0.14397	0.02009	0.02677	0.03646	0.40681	0.04107	0.12125	0.01443	0.00382	0.00633	0.07739	0.00727	0.00796
8	0.01926	0.01909	0.03453	0.18150	0.03945	0.01945	0.30940	0.09493	0.02005	0.02744	0.01576	0.02069	0.01202	0.00774	0.00947	0.00254	0.04606	0.00802	0.00452	0.10810
9	0.03641	0.01381	0.01883	0.01444	0.02071	0.01193	0.01193	0.03954	0.02322	0.66984	0.03201	0.02762	0.02009	0.01004	0.00816	0.00251	0.00690	0.00816	0.01004	0.01381
10	0.01230	0.00781	0.01042	0.01137	0.01255	0.00720	0.00791	0.01426	0.01739	0.07532	0.14583	0.54650	0.05475	0.02271	0.01005	0.00311	0.00474	0.02047	0.00797	0.00735
11	0.03232	0.07569	0.02362	0.01659	0.02304	0.02044	0.01390	0.34893	0.03044	0.29548	0.02382	0.02220	0.01603	0.00963	0.00790	0.00241	0.00810	0.00741	0.00851	0.01353
12	0.01513	0.00756	0.00756	0.00756	0.00945	0.00756	0.00567	0.01891	0.01702	0.03025	0.02647	0.03025	0.02080	0.00945	0.00567	0.00189	0.00378	0.00756	0.75988	0.00756
13	0.00989	0.00706	0.00942	0.01130	0.01177	0.00659	0.00753	0.01130	0.01554	0.02071	0.04472	0.70954	0.05367	0.02542	0.01036	0.00330	0.00471	0.02307	0.00753	0.00659
