[name]
unknown

[dist]
# distance from previous block
# <min> <max>
0	3

[block]
# block no. 0 follows, 25 sequences, length 42
# corresponding to MSA columns:
# 3-44
name=unknown_A
#
# <colnr> <probs for GDERKNQSTAVLIFYWHMCP>
#	G	D	E	R	K	N	Q	S	T	A	V	L	I	F	Y	W	H	M	C	P
0	0.01249	0.00892	0.01249	0.01428	0.01606	0.00892	0.01249	0.01606	0.01785	0.02320	0.04105	0.08746	0.04462	0.02142	0.01071	0.00357	0.00714	0.62695	0.00714	0.00714
1	0.01893	0.02000	0.07920	0.04574	0.63216	0.01839	0.02415	0.02385	0.01756	0.02527	0.01454	0.01898	0.01210	0.00694	0.00765	0.00231	0.00937	0.00682	0.00380	0.01222
2	0.00945	0.00675	0.00900	0.01080	0.01125	0.00630	0.00720	0.01080	0.01484	0.01979	0.04274	0.72245	0.05128	0.02429	0.00990	0.00315	0.00450	0.02204	0.00720	0.00630
3	0.01124	0.00766	0.00916	0.00916	0.00940	0.00790	0.00557	0.01173	0.01148	0.01555	0.02379	0.04719	0.02665	0.61033	0.15453	0.00838	0.00984	0.01076	0.00460	0.00509
4	0.01050	0.00778	0.00980	0.00956	0.01136	0.00707	0.00707	0.01361	0.02043	0.02812	0.50422	0.13753	0.16934	0.01745	0.00923	0.00255	0.00380	0.01533	0.00816	0.00707
5	0.09891	0.02053	0.02183	0.01687	0.02293	0.02259	0.01393	0.55449	0.03337	0.08984	0.01869	0.01858	0.01315	0.00913	0.00749	0.00234	0.00817	0.00678	0.00761	0.01275
6	0.01607	0.10950	0.62248	0.02121	0.03219	0.01928	0.02711	0.02442	0.01631	0.02392	0.01360	0.01598	0.00983	0.00729	0.00713	0.00238	0.01114	0.00557	0.00328	0.01131
7	0.78228	0.01499	0.01140	0.01020	0.01499	0.01739	0.00840	0.02279	0.01320	0.03479	0.01080	0.01260	0.00840	0.00720	0.00480	0.00240	0.00600	0.00420	0.00480	0.00840
8	0.02900	0.03589	0.02206	0.01983	0.02398	0.64961	0.01496	0.07425	0.02298	0.02106	0.01245	0.01430	0.01021	0.00808	0.00704	0.00202	0.01360	0.00513	0.00426	0.00928
9	0.01608	0.01378	0.01608	0.01148	0.01837	0.01034	0.00919	0.01952	0.01608	0.02527	0.01378	0.01608	0.01148	0.00574	0.00574	0.00115	0.00574	0.00459	0.00459	0.77491
10	0.01735	0.01810	0.03008	0.02390	0.02616	0.02256	0.19948	0.02044	0.01372	0.02044	0.01176	0.01810	0.01063	0.01155	0.02075	0.00317	0.51173	0.00747	0.00354	0.00905
11	0.01445	0.00723	0.00723	0.00723	0.00903	0.00723	0.00542	0.01807	0.01626	0.02891	0.02529	0.02891	0.01987	0.00903	0.00542	0.00181	0.00361	0.00723	0.77055	0.00723
12	0.01004	0.00719	0.00958	0.01080	0.01168	0.00674	0.00761	0.01211	0.01678	0.02277	0.19542	0.51532	0.05608	0.02204	0.00977	0.00301	0.00449	0.06444	0.00752	0.00661
13	0.01919	0.01842	0.03147	0.04759	0.67914	0.01842	0.02380	0.02380	0.01765	0.02533	0.01458	0.01919	0.01228	0.00691	0.00768	0.00230	0.00921	0.00691	0.00384	0.01228
14	0.01422	0.00864	0.01140	0.01031	0.01270	0.00787	0.00787	0.01779	0.02198	0.12017	0.58720	0.05362	0.06580	0.01500	0.00896	0.00243	0.00406	0.01317	0.00868	0.00812
15	0.00945	0.00675	0.00900	0.01080	0.01125	0.00630	0.00720	0.01080	0.01484	0.01979	0.04274	0.72245	0.05128	0.02429	0.00990	0.00315	0.00450	0.02204	0.00720	0.00630
16	0.03405	0.01298	0.01760	0.01356	0.01940	0.01125	0.01118	0.03707	0.02198	0.66083	0.03040	0.02648	0.01922	0.00958	0.00771	0.00238	0.00649	0.00778	0.03708	0.01298
17	0.05601	0.01240	0.01653	0.01302	0.01830	0.01093	0.01063	0.03351	0.02185	0.55630	0.13485	0.03106	0.02762	0.01053	0.00792	0.00241	0.00610	0.00869	0.00926	0.01208
18	0.01151	0.00775	0.01068	0.05944	0.01473	0.00747	0.00846	0.01346	0.01605	0.06154	0.10325	0.56460	0.04866	0.02140	0.00954	0.00299	0.00495	0.01932	0.00722	0.00698
19	0.01587	0.06374	0.64083	0.02271	0.05639	0.01847	0.02793	0.02448	0.01639	0.02436	0.01383	0.01633	0.00992	0.00732	0.00729	0.00242	0.01127	0.00572	0.00330	0.01144
20	0.01210	0.01158	0.08085	0.01227	0.01449	0.00931	0.01018	0.01509	0.01746	0.04710	0.26305	0.31178	0.04997	0.04581	0.01153	0.00298	0.05442	0.01551	0.00699	0.00752
21	0.02109	0.01711	0.01822	0.01594	0.02060	0.01953	0.01253	0.11298	0.56595	0.06005	0.03000	0.02762	0.02226	0.01034	0.00787	0.00259	0.00644	0.00852	0.00794	0.01242
22	0.71930	0.01487	0.01217	0.03997	0.01682	0.01714	0.00908	0.02328	0.01366	0.06059	0.01173	0.01350	0.00892	0.00732	0.00505	0.00241	0.00621	0.00446	0.00494	0.00860
23	0.01493	0.00954	0.01388	0.01201	0.01480	0.00872	0.05269	0.01855	0.02131	0.12706	0.49574	0.09028	0.05957	0.01478	0.00899	0.00249	0.00480	0.01324	0.00829	0.00835
24	0.01851	0.01910	0.03642	0.07913	0.37019	0.01898	0.27178	0.02382	0.01761	0.02461	0.01484	0.01989	0.01190	0.00701	0.00880	0.00248	0.03206	0.00779	0.00383	0.01123
25	0.01445	0.00723	0.00723	0.00723	0.00903	0.00723	0.00542	0.01807	0.01626	0.02891	0.02529	0.02891	0.01987	0.00903	0.00542	0.00181	0.00361	0.00723	0.77055	0.00723
26	0.17055	0.48517	0.11482	0.01389	0.02074	0.02630	0.01426	0.04056	0.01589	0.02313	0.01139	0.01313	0.00972	0.00691	0.00531	0.00192	0.00824	0.00443	0.00373	0.00992
27	0.01109	0.00842	0.01027	0.00972	0.01186	0.00785	0.00732	0.01547	0.05831	0.02913	0.51798	0.05960	0.19140	0.01630	0.00908	0.00249	0.00386	0.01419	0.00823	0.00745
28	0.01780	0.04407	0.08215	0.02858	0.05956	0.01966	0.43289	0.02342	0.01701	0.02398	0.01515	0.02018	0.01186	0.00778	0.01097	0.00262	0.11339	0.00821	0.05062	0.01010
29	0.01376	0.01026	0.01423	0.01350	0.01448	0.01215	0.01031	0.01561	0.01326	0.06239	0.02372	0.16413	0.02467	0.13610	0.26280	0.00712	0.17824	0.01101	0.00501	0.00726
30	0.01389	0.00854	0.01105	0.01019	0.01256	0.00772	0.00772	0.01714	0.02107	0.11713	0.48661	0.10153	0.12285	0.01596	0.00902	0.00250	0.00414	0.01397	0.00846	0.00796
31	0.08004	0.02950	0.02221	0.02045	0.06101	0.41111	0.01512	0.16746	0.02359	0.02707	0.01339	0.01544	0.01073	0.00857	0.00840	0.00222	0.06319	0.00562	0.00483	0.01003
32	0.01713	0.06043	0.02422	0.01927	0.02018	0.02319	0.01617	0.01900	0.01242	0.01912	0.01048	0.01662	0.01026	0.01257	0.02275	0.00312	0.61838	0.00646	0.00348	0.06474
33	0.01605	0.10637	0.62541	0.02125	0.03225	0.01922	0.02717	0.02443	0.01631	0.02395	0.01361	0.01599	0.00983	0.00730	0.00714	0.00238	0.01116	0.00558	0.00328	0.01131
34	0.04578	0.09664	0.60732	0.02090	0.03170	0.01904	0.02658	0.02438	0.01620	0.02443	0.01353	0.01590	0.00978	0.00730	0.00707	0.00239	0.01098	0.00554	0.00334	0.01121
35	0.01775	0.01752	0.02652	0.35776	0.31765	0.06687	0.02177	0.02290	0.03458	0.02245	0.01448	0.01978	0.01150	0.00748	0.00767	0.00242	0.01000	0.00681	0.00377	0.01031
36	0.01069	0.00780	0.01004	0.00972	0.01147	0.00716	0.00720	0.01399	0.02092	0.02921	0.56779	0.12592	0.11514	0.01698	0.00922	0.00252	0.00376	0.01500	0.00830	0.00716
37	0.01097	0.00793	0.01036	0.00975	0.01158	0.00732	0.00732	0.01463	0.02195	0.03109	0.67505	0.05792	0.07316	0.01585	0.00914	0.00244	0.00366	0.01402	0.00854	0.00732
38	0.01710	0.01462	0.01779	0.01279	0.01967	0.01167	0.03569	0.06383	0.01759	0.02689	0.01420	0.01645	0.01161	0.00602	0.00602	0.00129	0.00623	0.00495	0.00479	0.69081
39	0.01236	0.00905	0.01071	0.01015	0.01112	0.00944	0.00666	0.01462	0.05969	0.01751	0.02325	0.04293	0.02493	0.51261	0.12137	0.00724	0.03454	0.01009	0.00481	0.05690
40	0.00984	0.00900	0.05407	0.01146	0.01271	0.00708	0.00858	0.01172	0.01503	0.02015	0.04193	0.65541	0.06789	0.02302	0.00971	0.00309	0.00494	0.02078	0.00694	0.00665
41	0.02743	0.02201	0.02206	0.01725	0.02322	0.08498	0.01403	0.49309	0.06934	0.04264	0.01824	0.01851	0.01332	0.00888	0.00748	0.00219	0.00861	0.00665	0.00708	0.09300

[dist]
# distance from previous block
# <min> <max>
1	8

[block]
# block no. 1 follows, 25 sequences, length 24
# corresponding to MSA columns:
# 53-76
name=unknown_B
#
# <colnr> <probs for GDERKNQSTAVLIFYWHMCP>
#	G	D	E	R	K	N	Q	S	T	A	V	L	I	F	Y	W	H	M	C	P
0	0.01390	0.01031	0.01243	0.01218	0.01441	0.01003	0.00882	0.13066	0.01898	0.02579	0.03502	0.51296	0.03977	0.01944	0.00903	0.00277	0.00538	0.01730	0.00701	0.09381
1	0.01692	0.01428	0.01653	0.01188	0.01873	0.01120	0.00954	0.05937	0.01736	0.02675	0.01409	0.01624	0.01159	0.00597	0.00587	0.00122	0.00592	0.00474	0.00479	0.72701
2	0.02335	0.01747	0.01866	0.01507	0.01974	0.03674	0.01215	0.40452	0.06210	0.04148	0.18227	0.02944	0.02894	0.01094	0.00793	0.00233	0.00702	0.00878	0.05995	0.01116
3	0.60753	0.01341	0.01166	0.03975	0.01571	0.01541	0.00865	0.02032	0.01272	0.03021	0.01142	0.01497	0.00942	0.01087	0.00964	0.14525	0.00632	0.00478	0.00448	0.00748
4	0.01646	0.01642	0.03080	0.17136	0.05627	0.01649	0.30378	0.04356	0.04072	0.02482	0.06042	0.08246	0.02024	0.00959	0.00866	0.00258	0.01009	0.03314	0.00480	0.04733
5	0.01605	0.01574	0.02318	0.01977	0.02048	0.02113	0.05410	0.01822	0.01236	0.01892	0.01230	0.01948	0.01182	0.02066	0.13756	0.00487	0.55427	0.00718	0.00355	0.00834
6	0.01306	0.01234	0.01140	0.01249	0.01360	0.13399	0.00864	0.01453	0.01616	0.01964	0.03705	0.59136	0.04364	0.02128	0.00936	0.00294	0.00625	0.01889	0.00660	0.00680
7	0.15394	0.00890	0.00900	0.00878	0.00967	0.00934	0.00538	0.01341	0.01163	0.01869	0.02191	0.04368	0.02453	0.59423	0.03305	0.00657	0.00724	0.00997	0.00472	0.00538
8	0.02400	0.01792	0.02051	0.01834	0.06592	0.01943	0.01382	0.45135	0.03000	0.04027	0.02421	0.15322	0.02215	0.01268	0.00833	0.00256	0.00774	0.04874	0.00735	0.01147
9	0.02382	0.01488	0.01731	0.01341	0.01860	0.01422	0.01058	0.21425	0.02285	0.19166	0.02132	0.02578	0.01697	0.14131	0.01309	0.00299	0.00712	0.00734	0.00679	0.21569
10	0.03006	0.03189	0.02129	0.01874	0.02320	0.54010	0.01431	0.05957	0.02265	0.14344	0.01572	0.01648	0.01183	0.00835	0.00717	0.00209	0.01238	0.00560	0.00520	0.00995
11	0.02793	0.01359	0.01660	0.01314	0.01834	0.01291	0.01068	0.12172	0.06659	0.38220	0.02680	0.02521	0.01823	0.00925	0.00722	0.00221	0.00623	0.00742	0.14968	0.06405
12	0.00922	0.00765	0.00807	0.00840	0.01062	0.00650	0.00613	0.01107	0.01715	0.02073	0.07192	0.19449	0.56040	0.02050	0.00930	0.00272	0.00403	0.01741	0.00720	0.00650
13	0.01492	0.00903	0.01028	0.00966	0.01113	0.01028	0.00756	0.01818	0.01545	0.02701	0.02250	0.02670	0.01808	0.00987	0.00913	0.00210	0.13493	0.00715	0.62860	0.00746
14	0.01605	0.01571	0.02864	0.43614	0.04544	0.01749	0.19798	0.05186	0.01728	0.02266	0.01654	0.06857	0.01368	0.00861	0.00829	0.00262	0.01062	0.00857	0.00405	0.00920
15	0.01099	0.00819	0.01212	0.01223	0.01351	0.00942	0.00938	0.01358	0.01256	0.01800	0.02215	0.07076	0.02151	0.07926	0.63484	0.01176	0.01938	0.00920	0.00435	0.00681
16	0.00995	0.00707	0.00921	0.01072	0.01129	0.00670	0.00731	0.01134	0.01472	0.01951	0.04119	0.55909	0.06534	0.11630	0.01383	0.00375	0.00511	0.07453	0.00686	0.00617
17	0.04030	0.00772	0.00862	0.00880	0.00913	0.00771	0.00519	0.01165	0.01202	0.01659	0.02810	0.13444	0.05296	0.58712	0.03338	0.00660	0.00695	0.01254	0.00510	0.00510
18	0.01691	0.22215	0.51722	0.01978	0.02997	0.02134	0.02460	0.02420	0.01621	0.02289	0.01309	0.01534	0.00986	0.00717	0.00674	0.00225	0.01063	0.00531	0.00329	0.01106
19	0.01157	0.00805	0.01018	0.00998	0.01195	0.00731	0.00751	0.01458	0.02000	0.05599	0.41719	0.14843	0.17783	0.01770	0.00928	0.00263	0.00415	0.05031	0.00808	0.00729
20	0.09046	0.02441	0.02133	0.01735	0.02273	0.20229	0.01391	0.38398	0.02950	0.07564	0.03354	0.01833	0.01381	0.00897	0.00735	0.00225	0.00955	0.00645	0.00663	0.01152
21	0.74338	0.01517	0.01242	0.01210	0.04884	0.01745	0.00918	0.02284	0.01342	0.03431	0.01099	0.01293	0.00860	0.00718	0.00494	0.00239	0.00616	0.00434	0.00475	0.00860
22	0.01804	0.01985	0.05514	0.08063	0.18877	0.01850	0.40203	0.02388	0.01776	0.02463	0.01512	0.02005	0.01172	0.00667	0.00843	0.00244	0.01144	0.00808	0.00390	0.06293
23	0.05754	0.15761	0.31404	0.02459	0.16565	0.03970	0.02187	0.06003	0.01767	0.02536	0.01354	0.01611	0.01055	0.00719	0.00682	0.00221	0.00982	0.00562	0.00381	0.04027

[dist]
# distance from previous block
# <min> <max>
0	1

[block]
# block no. 2 follows, 25 sequences, length 62
# corresponding to MSA columns:
# 78-139
name=unknown_C
#
# <colnr> <probs for GDERKNQSTAVLIFYWHMCP>
#	G	D	E	R	K	N	Q	S	T	A	V	L	I	F	Y	W	H	M	C	P
0	0.05962	0.02070	0.01987	0.01627	0.02146	0.09911	0.01304	0.34582	0.17062	0.03874	0.02065	0.02073	0.01533	0.00917	0.00731	0.00227	0.00805	0.00694	0.06225	0.04206
1	0.02084	0.46412	0.15071	0.01674	0.05253	0.04610	0.01632	0.05230	0.01736	0.05150	0.01291	0.01454	0.01066	0.00703	0.00586	0.00188	0.00890	0.00489	0.00389	0.04092
2	0.01585	0.04547	0.04617	0.01557	0.01896	0.01209	0.10591	0.01986	0.05342	0.11078	0.06001	0.33994	0.06057	0.01639	0.00966	0.00280	0.03645	0.01476	0.00662	0.00870
3	0.05393	0.01350	0.01331	0.01177	0.01517	0.04112	0.00921	0.14074	0.15950	0.03330	0.05071	0.02685	0.02070	0.00955	0.00657	0.00214	0.00559	0.00756	0.36923	0.00954
4	0.04566	0.14258	0.02534	0.05845	0.05154	0.40869	0.01533	0.09016	0.02120	0.02255	0.01255	0.01489	0.01038	0.00808	0.00760	0.00210	0.04373	0.00530	0.00422	0.00964
5	0.01816	0.02191	0.07892	0.03213	0.04016	0.01953	0.61881	0.02482	0.01820	0.02482	0.01559	0.02068	0.01166	0.00658	0.00906	0.00261	0.01299	0.00897	0.00389	0.01051
6	0.01289	0.00674	0.00994	0.01020	0.01027	0.00667	0.00680	0.01020	0.01078	0.01438	0.01767	0.12381	0.01889	0.02656	0.02738	0.66379	0.00641	0.00893	0.00392	0.00379
7	0.00945	0.00675	0.00900	0.01080	0.01125	0.00630	0.00720	0.01080	0.01484	0.01979	0.04274	0.72245	0.05128	0.02429	0.00990	0.00315	0.00450	0.02204	0.00720	0.00630
8	0.01555	0.04011	0.68733	0.02210	0.03356	0.01801	0.02865	0.02455	0.01637	0.02455	0.01391	0.01637	0.00982	0.00737	0.00737	0.00246	0.01146	0.00573	0.00327	0.01146
9	0.01347	0.00673	0.01010	0.01010	0.01010	0.00673	0.00673	0.01010	0.01010	0.01347	0.01347	0.02357	0.01347	0.02694	0.03030	0.77441	0.00673	0.00673	0.00337	0.00337
10	0.01555	0.04011	0.68733	0.02210	0.03356	0.01801	0.02865	0.02455	0.01637	0.02455	0.01391	0.01637	0.00982	0.00737	0.00737	0.00246	0.01146	0.00573	0.00327	0.01146
11	0.03167	0.01308	0.01730	0.01359	0.01917	0.01171	0.01112	0.03622	0.07467	0.58183	0.05942	0.02951	0.04336	0.01026	0.00791	0.00243	0.00635	0.00842	0.00933	0.01265
12	0.02040	0.01625	0.01740	0.01539	0.01989	0.01838	0.01204	0.06435	0.56657	0.07978	0.03291	0.03022	0.04989	0.01078	0.00793	0.00260	0.00617	0.00894	0.00798	0.01214
13	0.01728	0.13004	0.33300	0.01772	0.02511	0.07997	0.01954	0.05505	0.01870	0.02525	0.13421	0.02491	0.04095	0.00954	0.00807	0.00233	0.03625	0.00734	0.00464	0.01010
14	0.00945	0.00675	0.00900	0.01080	0.01125	0.00630	0.00720	0.01080	0.01484	0.01979	0.04274	0.72245	0.05128	0.02429	0.00990	0.00315	0.00450	0.02204	0.00720	0.00630
15	0.01830	0.02092	0.04575	0.03268	0.04052	0.01961	0.65098	0.02484	0.01830	0.02484	0.01569	0.02092	0.01176	0.00654	0.00915	0.00261	0.01307	0.00915	0.00392	0.01046
16	0.01608	0.01378	0.01608	0.01148	0.01837	0.01034	0.00919	0.01952	0.01608	0.02527	0.01378	0.01608	0.01148	0.00574	0.00574	0.00115	0.00574	0.00459	0.00459	0.77491
17	0.03083	0.01235	0.01679	0.01330	0.01859	0.01077	0.01092	0.03394	0.02198	0.57402	0.11355	0.03290	0.02714	0.01088	0.00809	0.00245	0.00624	0.03369	0.00936	0.01220
18	0.00979	0.00701	0.00930	0.01056	0.01132	0.00653	0.00722	0.01166	0.01644	0.02233	0.18474	0.57321	0.05620	0.02240	0.00973	0.00299	0.00431	0.02024	0.00750	0.00653
19	0.01286	0.00870	0.01227	0.01265	0.01407	0.00853	0.03026	0.01498	0.01610	0.07291	0.06653	0.40928	0.04377	0.07035	0.01255	0.00344	0.03496	0.14163	0.00699	0.00717
20	0.01725	0.01996	0.06542	0.09958	0.03955	0.01849	0.51628	0.02343	0.01758	0.02386	0.01640	0.04046	0.01298	0.00953	0.04023	0.00307	0.01285	0.00911	0.00395	0.01003
21	0.03376	0.01414	0.01849	0.01426	0.02022	0.01289	0.01175	0.09800	0.04465	0.60107	0.02945	0.02571	0.01875	0.00960	0.00780	0.00240	0.00677	0.00775	0.00936	0.01316
22	0.00945	0.00675	0.00900	0.01080	0.01125	0.00630	0.00720	0.01080	0.01484	0.01979	0.04274	0.72245	0.05128	0.02429	0.00990	0.00315	0.00450	0.02204	0.00720	0.00630
23	0.01627	0.01604	0.02348	0.04908	0.02195	0.02171	0.04548	0.01845	0.01239	0.01892	0.01177	0.01881	0.01129	0.01799	0.09912	0.00434	0.57394	0.00707	0.00350	0.00840
24	0.01298	0.01007	0.01506	0.01592	0.04387	0.00991	0.05748	0.04236	0.01807	0.02400	0.07341	0.24945	0.04303	0.01971	0.01004	0.00322	0.00679	0.33011	0.00689	0.00763
25	0.02686	0.01220	0.01678	0.01340	0.01816	0.01101	0.03648	0.05775	0.02186	0.43096	0.14815	0.06374	0.03007	0.01124	0.00802	0.00240	0.00610	0.00957	0.06401	0.01125
26	0.01435	0.00870	0.01152	0.01052	0.01293	0.00796	0.00812	0.01791	0.02179	0.12142	0.55651	0.05490	0.06436	0.01524	0.00903	0.00249	0.00423	0.04128	0.00862	0.00812
27	0.00972	0.00703	0.00919	0.01043	0.01127	0.00651	0.00715	0.01155	0.01636	0.02201	0.16523	0.55929	0.09069	0.02242	0.00971	0.00298	0.00431	0.02019	0.00745	0.00651
28	0.01730	0.01932	0.04160	0.03021	0.03722	0.01811	0.57833	0.02325	0.01791	0.02427	0.01874	0.10008	0.01622	0.00854	0.00923	0.00267	0.01210	0.01061	0.00429	0.00999
29	0.71790	0.01593	0.03908	0.01084	0.01596	0.01715	0.00935	0.02353	0.01372	0.06332	0.01180	0.01336	0.00894	0.00731	0.00504	0.00240	0.00625	0.00442	0.00495	0.00873
30	0.01919	0.01842	0.03147	0.04759	0.67914	0.01842	0.02380	0.02380	0.01765	0.02533	0.01458	0.01919	0.01228	0.00691	0.00768	0.00230	0.00921	0.00691	0.00384	0.01228
31	0.40387	0.01639	0.03994	0.11187	0.02296	0.01780	0.01256	0.13401	0.04794	0.03374	0.03147	0.02217	0.01441	0.00904	0.00650	0.00251	0.00729	0.05060	0.00547	0.00944
32	0.06075	0.01819	0.01982	0.01586	0.02113	0.01982	0.01287	0.41414	0.10543	0.09835	0.08578	0.04949	0.02194	0.01056	0.00785	0.00241	0.00735	0.00836	0.00785	0.01204
33	0.01654	0.14562	0.54368	0.02146	0.03193	0.02007	0.06879	0.02437	0.01641	0.02360	0.01355	0.01607	0.00997	0.00720	0.00712	0.00234	0.01108	0.00572	0.00332	0.01116
34	0.02250	0.01120	0.01456	0.01212	0.01607	0.01034	0.00963	0.05482	0.04895	0.31576	0.33903	0.04125	0.04497	0.01262	0.00845	0.00242	0.00526	0.01078	0.00893	0.01034
35	0.10646	0.01722	0.01933	0.01508	0.02099	0.01778	0.01238	0.29044	0.07619	0.25510	0.02242	0.02118	0.01537	0.00902	0.00733	0.00229	0.00724	0.00693	0.00784	0.06942
36	0.02200	0.02013	0.05632	0.10934	0.27648	0.08539	0.06999	0.05323	0.08545	0.11715	0.01841	0.02083	0.01384	0.00794	0.00776	0.00238	0.00952	0.00716	0.00516	0.01151
37	0.04843	0.00925	0.01128	0.01045	0.01294	0.00886	0.00794	0.01837	0.06731	0.08525	0.45583	0.09003	0.11353	0.01535	0.00879	0.00250	0.00426	0.01332	0.00822	0.00810
38	0.00973	0.00701	0.00929	0.01100	0.01168	0.00657	0.00766	0.01133	0.01527	0.02018	0.04419	0.63112	0.07891	0.02380	0.00994	0.00317	0.00473	0.08086	0.00719	0.00639
39	0.01866	0.02315	0.14547	0.03387	0.19260	0.01877	0.37563	0.02501	0.01797	0.04875	0.01567	0.01996	0.01184	0.00687	0.00846	0.00251	0.01165	0.00801	0.00400	0.01116
40	0.51319	0.01827	0.08048	0.01466	0.05573	0.01777	0.01224	0.09761	0.01723	0.09021	0.01391	0.01521	0.01023	0.00765	0.00581	0.00239	0.00706	0.00513	0.00535	0.00988
41	0.01684	0.01466	0.01815	0.01327	0.01967	0.01230	0.03583	0.04836	0.01679	0.02584	0.01382	0.01645	0.01148	0.00650	0.00740	0.00142	0.05733	0.00504	0.00462	0.65423
42	0.00944	0.00678	0.00896	0.01070	0.01122	0.00631	0.00715	0.01081	0.01494	0.01983	0.04393	0.70089	0.07207	0.02414	0.00987	0.00313	0.00448	0.02185	0.00720	0.00631
43	0.09253	0.02700	0.02190	0.05119	0.07737	0.32491	0.01515	0.19484	0.07092	0.02980	0.01535	0.01689	0.01189	0.00835	0.00716	0.00222	0.01073	0.00596	0.00531	0.01054
44	0.01169	0.00769	0.01066	0.01059	0.01136	0.00816	0.00748	0.01242	0.01280	0.01784	0.10210	0.03714	0.02684	0.20669	0.29122	0.19370	0.01204	0.00936	0.00465	0.00558
45	0.00967	0.00691	0.00925	0.01105	0.01159	0.00649	0.00758	0.01118	0.01506	0.02004	0.04261	0.67653	0.05080	0.02408	0.00996	0.00318	0.00469	0.06579	0.00719	0.00636
46	0.01822	0.39617	0.35461	0.01756	0.02653	0.02453	0.02073	0.02387	0.01605	0.02131	0.01230	0.01435	0.00989	0.00699	0.00614	0.00205	0.00983	0.00491	0.00330	0.01068
47	0.01830	0.02092	0.04575	0.03268	0.04052	0.01961	0.65098	0.02484	0.01830	0.02484	0.01569	0.02092	0.01176	0.00654	0.00915	0.00261	0.01307	0.00915	0.00392	0.01046
48	0.05559	0.01964	0.02119	0.06683	0.02434	0.05166	0.01426	0.46259	0.02992	0.04043	0.01796	0.02001	0.01353	0.01606	0.10643	0.00379	0.01056	0.00696	0.00664	0.01158
49	0.00945	0.00675	0.00900	0.01080	0.01125	0.00630	0.00720	0.01080	0.01484	0.01979	0.04274	0.72245	0.05128	0.02429	0.00990	0.00315	0.00450	0.02204	0.00720	0.00630
50	0.04922	0.01994	0.02063	0.01651	0.02185	0.04708	0.01338	0.47467	0.09918	0.04302	0.04000	0.05059	0.01765	0.01013	0.00769	0.00237	0.00790	0.00786	0.03824	0.01208
51	0.06261	0.01894	0.02998	0.04443	0.61667	0.04424	0.02259	0.02401	0.01757	0.02562	0.01427	0.01862	0.01198	0.00697	0.00749	0.00230	0.00921	0.00668	0.00390	0.01194
52	0.38273	0.01498	0.01867	0.19283	0.11945	0.01681	0.03991	0.02220	0.01517	0.05203	0.01650	0.01961	0.04448	0.00800	0.00646	0.00245	0.00775	0.00622	0.00458	0.00916
53	0.07953	0.02354	0.02064	0.01960	0.08161	0.23327	0.01409	0.13016	0.18140	0.07712	0.01943	0.01976	0.01469	0.00868	0.00724	0.00225	0.00928	0.00654	0.00602	0.04514
54	0.01846	0.01559	0.01774	0.01768	0.06651	0.01754	0.01291	0.06700	0.47656	0.03099	0.03139	0.07940	0.02630	0.01223	0.00829	0.00272	0.00648	0.07333	0.00747	0.01140
55	0.02081	0.01547	0.01909	0.01439	0.02065	0.01396	0.04680	0.13693	0.06960	0.10845	0.01929	0.04782	0.01527	0.00800	0.00687	0.00179	0.00674	0.00669	0.00608	0.41530
56	0.01142	0.00826	0.01086	0.01072	0.01133	0.00915	0.00741	0.01272	0.01182	0.01649	0.02222	0.04039	0.02356	0.40253	0.32904	0.00953	0.04254	0.00978	0.00440	0.00584
57	0.00945	0.00675	0.00900	0.01080	0.01125	0.00630	0.00720	0.01080	0.01484	0.01979	0.04274	0.72245	0.05128	0.02429	0.00990	0.00315	0.00450	0.02204	0.00720	0.00630
58	0.02030	0.01667	0.01733	0.01546	0.01988	0.03813	0.01205	0.03951	0.57502	0.07876	0.03271	0.03005	0.04784	0.01073	0.00791	0.00259	0.00632	0.00888	0.00787	0.01202
59	0.41781	0.04950	0.07388	0.01264	0.01852	0.01595	0.01144	0.02824	0.01675	0.26152	0.01802	0.01777	0.01239	0.00803	0.00608	0.00237	0.00679	0.00559	0.00628	0.01042
60	0.01702	0.16551	0.54365	0.02041	0.03070	0.04721	0.02532	0.02457	0.01648	0.02319	0.01327	0.01556	0.00985	0.00726	0.00692	0.00229	0.01098	0.00541	0.00331	0.01109
61	0.02374	0.01603	0.06523	0.01461	0.01981	0.01463	0.01254	0.10655	0.19153	0.25496	0.08543	0.03440	0.07789	0.01146	0.00813	0.00252	0.00662	0.03427	0.00809	0.01156

[dist]
# distance from previous block
# <min> <max>
0	2

[block]
# block no. 3 follows, 25 sequences, length 20
# corresponding to MSA columns:
# 142-161
name=unknown_D
#
# <colnr> <probs for GDERKNQSTAVLIFYWHMCP>
#	G	D	E	R	K	N	Q	S	T	A	V	L	I	F	Y	W	H	M	C	P
0	0.01513	0.00878	0.01162	0.01057	0.01303	0.00797	0.00804	0.01848	0.02141	0.14754	0.50755	0.10662	0.06168	0.01542	0.00896	0.00249	0.00425	0.01356	0.00862	0.00829
1	0.03356	0.01292	0.01760	0.01359	0.01937	0.01119	0.01119	0.03660	0.02218	0.65095	0.06369	0.02801	0.02197	0.00992	0.00787	0.00240	0.00645	0.00812	0.00954	0.01289
2	0.02073	0.73217	0.04063	0.01327	0.01990	0.03068	0.01327	0.02322	0.01575	0.01824	0.01078	0.01244	0.00995	0.00663	0.00498	0.00166	0.00829	0.00415	0.00332	0.00995
3	0.00997	0.00769	0.00911	0.00918	0.01108	0.00682	0.00672	0.01253	0.01895	0.02498	0.32144	0.18416	0.31165	0.01889	0.00929	0.00264	0.00392	0.01641	0.00776	0.00682
4	0.01090	0.00792	0.01026	0.00967	0.01154	0.00728	0.00725	0.01448	0.02176	0.03065	0.64914	0.05864	0.09934	0.01602	0.00915	0.00245	0.00367	0.01412	0.00848	0.00728
5	0.00970	0.00698	0.00923	0.01081	0.01150	0.00652	0.00744	0.01134	0.01558	0.02075	0.08489	0.62017	0.07622	0.02341	0.00986	0.00311	0.00457	0.05421	0.00728	0.00642
6	0.05234	0.00718	0.00998	0.00992	0.01028	0.00730	0.00673	0.01126	0.01066	0.01554	0.01410	0.02336	0.01363	0.02478	0.02741	0.68550	0.00650	0.00664	0.05304	0.00387
7	0.13354	0.01343	0.01712	0.01332	0.01916	0.01219	0.01100	0.03581	0.02100	0.59867	0.02797	0.02457	0.01777	0.00928	0.00740	0.00240	0.00652	0.00732	0.00896	0.01256
8	0.09748	0.01335	0.01744	0.01349	0.01939	0.01190	0.01114	0.03653	0.02144	0.63002	0.02893	0.02523	0.01829	0.00940	0.00755	0.00240	0.00655	0.00750	0.00919	0.01279
9	0.00960	0.00681	0.00895	0.01060	0.01101	0.00640	0.00699	0.01084	0.01455	0.01939	0.04120	0.66611	0.04935	0.08327	0.01238	0.00352	0.00475	0.02114	0.00699	0.00616
10	0.01232	0.00979	0.01383	0.01319	0.01413	0.01194	0.01019	0.01451	0.01230	0.01804	0.01946	0.03083	0.01895	0.14597	0.45213	0.00969	0.14857	0.00842	0.02883	0.00690
11	0.01608	0.01378	0.01608	0.01148	0.01837	0.01034	0.00919	0.01952	0.01608	0.02527	0.01378	0.01608	0.01148	0.00574	0.00574	0.00115	0.00574	0.00459	0.00459	0.77491
12	0.01241	0.00819	0.01012	0.00977	0.01197	0.00730	0.00727	0.01512	0.01951	0.08718	0.33384	0.17613	0.23643	0.01783	0.00916	0.00261	0.00416	0.01551	0.00802	0.00747
13	0.00973	0.00687	0.00891	0.01043	0.01081	0.00649	0.00681	0.01087	0.01429	0.01905	0.03989	0.61798	0.04769	0.13366	0.01450	0.00383	0.00497	0.02037	0.00681	0.00605
14	0.02761	0.02032	0.02194	0.01718	0.02285	0.02239	0.01403	0.59334	0.03444	0.04615	0.02087	0.08428	0.01674	0.01071	0.00796	0.00240	0.00816	0.00839	0.00770	0.01254
15	0.06314	0.48151	0.09484	0.01457	0.02106	0.09908	0.01430	0.02481	0.01698	0.06333	0.03543	0.01545	0.01264	0.00739	0.00573	0.00188	0.00881	0.00497	0.00405	0.01002
16	0.02737	0.02135	0.02183	0.01698	0.02285	0.08407	0.01385	0.44695	0.03051	0.07783	0.01769	0.01820	0.01288	0.00884	0.00802	0.00217	0.03312	0.00649	0.00690	0.12209
17	0.12507	0.01898	0.02009	0.01587	0.02155	0.02083	0.01301	0.42951	0.08845	0.11127	0.02028	0.01997	0.01439	0.00917	0.00731	0.00235	0.00761	0.00688	0.03513	0.01227
18	0.01083	0.00803	0.01064	0.01115	0.01204	0.00782	0.02845	0.01328	0.04989	0.02017	0.07600	0.45220	0.04405	0.19793	0.01710	0.00415	0.00558	0.01770	0.00658	0.00643
19	0.02072	0.04346	0.13091	0.01792	0.08213	0.01379	0.03005	0.02688	0.08881	0.21066	0.08477	0.08718	0.05967	0.01099	0.00790	0.00240	0.00719	0.00939	0.00671	0.05847

[dist]
# distance from previous block
# <min> <max>
0	2

[block]
# block no. 4 follows, 25 sequences, length 32
# corresponding to MSA columns:
# 164-195
name=unknown_E
#
# <colnr> <probs for GDERKNQSTAVLIFYWHMCP>
#	G	D	E	R	K	N	Q	S	T	A	V	L	I	F	Y	W	H	M	C	P
0	0.01552	0.01127	0.01348	0.01224	0.01548	0.01071	0.00916	0.08648	0.08274	0.06381	0.10344	0.31981	0.03696	0.01574	0.00841	0.00248	0.00537	0.01383	0.00708	0.16599
1	0.60360	0.08715	0.01592	0.01155	0.01672	0.01962	0.00975	0.10913	0.01663	0.03507	0.01186	0.01340	0.00921	0.00743	0.00522	0.00232	0.00657	0.00457	0.00506	0.00921
2	0.01876	0.21652	0.37802	0.02249	0.10679	0.06387	0.02268	0.02492	0.01689	0.04250	0.01356	0.01584	0.01044	0.00723	0.00677	0.00220	0.01038	0.00548	0.00359	0.01106
3	0.01490	0.01357	0.02061	0.10608	0.02364	0.01617	0.08044	0.05801	0.01570	0.02184	0.02358	0.27394	0.02548	0.01570	0.01467	0.00305	0.24669	0.01260	0.00512	0.00822
4	0.05099	0.01817	0.02958	0.09478	0.27593	0.04296	0.16735	0.02479	0.05843	0.04523	0.03066	0.02064	0.01393	0.00734	0.00774	0.00230	0.00952	0.00732	0.00448	0.08786
5	0.02433	0.01941	0.06235	0.01755	0.04900	0.01984	0.01426	0.38490	0.05624	0.06520	0.01974	0.02247	0.01518	0.06043	0.01091	0.00274	0.05399	0.00733	0.08265	0.01150
6	0.01191	0.00842	0.01074	0.01027	0.01222	0.00794	0.00765	0.01621	0.05592	0.04926	0.52661	0.13583	0.08431	0.01650	0.00913	0.00254	0.00399	0.01458	0.00833	0.00762
7	0.02031	0.01678	0.02738	0.27694	0.20218	0.03960	0.10949	0.02581	0.04651	0.13185	0.01775	0.02141	0.01307	0.00780	0.00792	0.00247	0.00976	0.00739	0.00484	0.01073
8	0.15496	0.01518	0.01736	0.08304	0.02204	0.04381	0.01227	0.06946	0.09143	0.24624	0.02341	0.08351	0.01825	0.01047	0.00849	0.00252	0.05155	0.00814	0.00688	0.03099
9	0.01347	0.00673	0.01010	0.01010	0.01010	0.00673	0.00673	0.01010	0.01010	0.01347	0.01347	0.02357	0.01347	0.02694	0.03030	0.77441	0.00673	0.00673	0.00337	0.00337
10	0.01128	0.00752	0.00846	0.00846	0.00846	0.00752	0.00470	0.01128	0.01128	0.01503	0.02443	0.05074	0.02819	0.72751	0.03946	0.00752	0.00752	0.01128	0.00470	0.00470
11	0.01907	0.34412	0.32229	0.01903	0.05191	0.07905	0.02056	0.02446	0.01661	0.02135	0.01240	0.01455	0.00999	0.00708	0.00629	0.00206	0.01018	0.00502	0.00337	0.01062
12	0.01542	0.01511	0.02610	0.52862	0.04717	0.01844	0.09863	0.02027	0.01534	0.02027	0.01351	0.02018	0.01049	0.00842	0.01041	0.00270	0.10945	0.00715	0.00350	0.00882
13	0.08905	0.00860	0.01042	0.00984	0.01192	0.00830	0.00742	0.01531	0.02079	0.03104	0.58399	0.07831	0.06578	0.01529	0.00873	0.00246	0.00393	0.01333	0.00811	0.00739
14	0.21881	0.01815	0.01697	0.04003	0.02033	0.13405	0.01159	0.05555	0.06191	0.28558	0.02110	0.02050	0.01462	0.00867	0.00681	0.00232	0.00781	0.00638	0.03805	0.01078
15	0.05842	0.04047	0.04548	0.01678	0.04577	0.01375	0.07300	0.07442	0.02137	0.31146	0.11683	0.03436	0.02685	0.01100	0.00816	0.00251	0.00732	0.07336	0.00762	0.01105
16	0.01132	0.00828	0.01094	0.03366	0.01410	0.00811	0.00897	0.04122	0.01766	0.02363	0.14548	0.41698	0.07140	0.02101	0.00974	0.00304	0.00521	0.13492	0.00731	0.00701
17	0.02046	0.01705	0.02259	0.05911	0.02425	0.05957	0.08571	0.04912	0.01741	0.11684	0.01563	0.01853	0.01221	0.00858	0.01121	0.00219	0.16935	0.00633	0.00497	0.27891
18	0.07568	0.01570	0.01864	0.01456	0.02014	0.01568	0.01195	0.24537	0.02651	0.36275	0.08930	0.02603	0.02184	0.00997	0.00774	0.00238	0.00693	0.00792	0.00857	0.01232
19	0.01409	0.00723	0.00731	0.00737	0.00916	0.00717	0.00550	0.01756	0.01627	0.02830	0.02789	0.05384	0.04573	0.00994	0.00571	0.00188	0.00365	0.00807	0.71615	0.00717
20	0.06562	0.02081	0.09119	0.02771	0.03495	0.01833	0.47434	0.02468	0.05412	0.02598	0.04626	0.04546	0.01610	0.00787	0.00869	0.00260	0.01140	0.00918	0.00446	0.01023
21	0.02892	0.01937	0.02213	0.01852	0.05955	0.02080	0.01435	0.43753	0.09507	0.16952	0.02200	0.02118	0.01534	0.00935	0.00777	0.00237	0.00796	0.00731	0.00791	0.01305
22	0.03190	0.01351	0.01776	0.01379	0.01940	0.01224	0.01132	0.09617	0.02357	0.55694	0.09342	0.02876	0.02396	0.01019	0.00793	0.00240	0.00650	0.00834	0.00931	0.01261
23	0.02929	0.01263	0.01669	0.01323	0.01835	0.01139	0.01076	0.06055	0.04318	0.50486	0.15906	0.03244	0.02987	0.01086	0.00807	0.00241	0.00608	0.00904	0.00925	0.01199
24	0.06812	0.02035	0.04018	0.02932	0.03617	0.04340	0.53183	0.02408	0.01767	0.02480	0.01609	0.04858	0.01302	0.00767	0.00954	0.00263	0.04334	0.00910	0.00409	0.01001
25	0.01874	0.01834	0.05511	0.18302	0.39742	0.01862	0.02157	0.06609	0.09432	0.02648	0.01664	0.02050	0.01315	0.00769	0.00771	0.00241	0.00914	0.00708	0.00446	0.01152
26	0.01225	0.00825	0.01054	0.00978	0.01197	0.00748	0.00740	0.01566	0.02144	0.07101	0.56211	0.05796	0.14289	0.01592	0.00906	0.00246	0.00388	0.01391	0.00844	0.00759
27	0.01043	0.00820	0.01262	0.01284	0.01400	0.00769	0.07100	0.01222	0.01499	0.02004	0.03905	0.61627	0.04610	0.06074	0.01143	0.00333	0.00551	0.02018	0.00674	0.00662
28	0.01909	0.02145	0.03810	0.04777	0.07063	0.08889	0.43617	0.02437	0.01781	0.02354	0.01454	0.01944	0.01140	0.00739	0.01023	0.00253	0.08171	0.00805	0.00390	0.05301
29	0.65637	0.01722	0.05892	0.01321	0.01874	0.01765	0.07354	0.02311	0.01391	0.03313	0.01149	0.01367	0.00882	0.00714	0.00540	0.00242	0.00706	0.00479	0.00461	0.00880
30	0.01919	0.01842	0.03147	0.04759	0.67914	0.01842	0.02380	0.02380	0.01765	0.02533	0.01458	0.01919	0.01228	0.00691	0.00768	0.00230	0.00921	0.00691	0.00384	0.01228
31	0.63672	0.05579	0.01446	0.01126	0.01635	0.01857	0.00941	0.08600	0.01599	0.05968	0.01232	0.01370	0.00937	0.00747	0.00521	0.00235	0.00640	0.00461	0.00519	0.00914

[dist]
# distance from previous block
# <min> <max>
0	5

[block]
# block no. 5 follows, 25 sequences, length 14
# corresponding to MSA columns:
# 201-214
name=unknown_F
#
# <colnr> <probs for GDERKNQSTAVLIFYWHMCP>
#	G	D	E	R	K	N	Q	S	T	A	V	L	I	F	Y	W	H	M	C	P
0	0.01126	0.00818	0.01095	0.01258	0.01381	0.00807	0.00979	0.01455	0.04631	0.02190	0.04147	0.40734	0.04704	0.02237	0.01017	0.00331	0.00575	0.29100	0.00720	0.00695
1	0.01868	0.01790	0.03055	0.12187	0.60885	0.01829	0.02354	0.02335	0.01741	0.02471	0.01449	0.01936	0.01206	0.00700	0.00768	0.00233	0.00934	0.00691	0.00379	0.01187
2	0.14016	0.02103	0.02003	0.06042	0.02365	0.11445	0.01366	0.29366	0.14536	0.06332	0.01909	0.01942	0.01402	0.00894	0.00723	0.00237	0.00850	0.00664	0.00661	0.01142
3	0.01117	0.00795	0.01066	0.01066	0.01142	0.00871	0.00744	0.01269	0.01193	0.01666	0.02242	0.03959	0.02335	0.35936	0.40099	0.01024	0.01481	0.00964	0.00440	0.00592
4	0.01093	0.00781	0.01067	0.01228	0.01344	0.00755	0.00959	0.01345	0.01672	0.02216	0.08864	0.38804	0.04990	0.02238	0.01021	0.00329	0.00562	0.29331	0.00727	0.00675
5	0.01830	0.02092	0.04575	0.03268	0.04052	0.01961	0.65098	0.02484	0.01830	0.02484	0.01569	0.02092	0.01176	0.00654	0.00915	0.00261	0.01307	0.00915	0.00392	0.01046
6	0.01738	0.01658	0.02821	0.31022	0.43063	0.01795	0.02290	0.02221	0.01680	0.02314	0.01427	0.01978	0.01151	0.00724	0.00771	0.00241	0.00966	0.00690	0.00368	0.01082
7	0.01820	0.02062	0.04409	0.03175	0.03900	0.01992	0.60310	0.02437	0.01782	0.02437	0.01527	0.02062	0.01164	0.00707	0.01038	0.00267	0.06596	0.00897	0.00388	0.01031
8	0.01702	0.01434	0.01658	0.01193	0.01877	0.01130	0.00958	0.06407	0.01751	0.02692	0.01412	0.01626	0.01160	0.00599	0.00588	0.00123	0.00594	0.00476	0.00482	0.72137
9	0.02698	0.01324	0.01614	0.01321	0.01778	0.04504	0.01055	0.06699	0.02251	0.41775	0.18098	0.07701	0.03308	0.01190	0.00820	0.00243	0.00626	0.00998	0.00881	0.01117
10	0.01667	0.01431	0.01635	0.01228	0.01871	0.01199	0.00976	0.02354	0.13623	0.02659	0.01707	0.01846	0.01374	0.00663	0.00614	0.00142	0.00582	0.00537	0.00520	0.63373
11	0.01744	0.01827	0.03294	0.02464	0.02973	0.01922	0.32189	0.02181	0.01577	0.02289	0.01352	0.01871	0.01119	0.00870	0.01386	0.00259	0.24177	0.00752	0.00387	0.15366
12	0.05153	0.01837	0.01978	0.01629	0.02086	0.04242	0.01315	0.31377	0.15499	0.07870	0.04550	0.05266	0.04371	0.01109	0.00961	0.00254	0.07794	0.00840	0.00721	0.01150
13	0.08840	0.02021	0.02772	0.08401	0.06202	0.08947	0.20166	0.18324	0.02196	0.03011	0.01591	0.02063	0.01268	0.05821	0.00995	0.00271	0.01020	0.00734	0.00502	0.04854

[dist]
# distance from previous block
# <min> <max>
10	19

[block]
# block no. 6 follows, 25 sequences, length 22
# corresponding to MSA columns:
# 236-257
name=unknown_G
#
# <colnr> <probs for GDERKNQSTAVLIFYWHMCP>
#	G	D	E	R	K	N	Q	S	T	A	V	L	I	F	Y	W	H	M	C	P
0	0.03710	0.32769	0.31437	0.01713	0.02550	0.02319	0.01953	0.06912	0.01779	0.02426	0.04815	0.01700	0.01347	0.00765	0.00642	0.00211	0.00936	0.00556	0.00394	0.01065
1	0.33215	0.01709	0.01773	0.07503	0.02238	0.01896	0.01230	0.25559	0.02320	0.13148	0.01675	0.01748	0.01186	0.00836	0.00657	0.00239	0.00739	0.00597	0.00645	0.01086
2	0.01681	0.18884	0.51444	0.02073	0.03096	0.02083	0.05732	0.02428	0.01634	0.02320	0.01333	0.01575	0.00995	0.00717	0.00694	0.00229	0.01086	0.00556	0.00332	0.01108
3	0.01507	0.01386	0.02129	0.40587	0.03763	0.01753	0.01794	0.01890	0.01454	0.02033	0.01503	0.05544	0.01306	0.01021	0.01255	0.00273	0.20511	0.00756	0.05625	0.03911
4	0.01671	0.03717	0.13920	0.01406	0.01855	0.05822	0.01310	0.05332	0.03570	0.09062	0.31314	0.07787	0.04342	0.01318	0.00845	0.00248	0.00674	0.04190	0.00701	0.00918
5	0.01161	0.00862	0.01099	0.01132	0.01316	0.00838	0.00885	0.01595	0.06290	0.02631	0.31056	0.14831	0.11022	0.03794	0.01041	0.00300	0.00501	0.18139	0.00772	0.00734
6	0.02566	0.01982	0.02112	0.01707	0.02259	0.02226	0.01382	0.42436	0.27159	0.04272	0.02346	0.02247	0.01711	0.00976	0.00781	0.00244	0.00764	0.00765	0.00781	0.01284
7	0.01642	0.07423	0.52737	0.02047	0.03055	0.01755	0.04990	0.02415	0.01690	0.04796	0.04968	0.01889	0.01371	0.00773	0.00732	0.00234	0.01043	0.00623	0.00388	0.05429
8	0.01555	0.04011	0.68733	0.02210	0.03356	0.01801	0.02865	0.02455	0.01637	0.02455	0.01391	0.01637	0.00982	0.00737	0.00737	0.00246	0.01146	0.00573	0.00327	0.01146
9	0.01584	0.07851	0.65144	0.02161	0.03280	0.01871	0.02779	0.02448	0.01634	0.02420	0.01374	0.01615	0.00983	0.00733	0.00723	0.00241	0.01128	0.00564	0.00328	0.01138
10	0.01085	0.00825	0.00979	0.01047	0.01268	0.00757	0.00856	0.01362	0.01789	0.02276	0.09102	0.07653	0.36089	0.01961	0.00958	0.00295	0.00517	0.25845	0.04649	0.00686
11	0.01652	0.03440	0.48825	0.02348	0.03324	0.05536	0.14978	0.02425	0.01698	0.02405	0.01566	0.05392	0.01238	0.00812	0.00783	0.00250	0.01156	0.00721	0.00365	0.01086
12	0.02949	0.01686	0.09151	0.01493	0.02115	0.01359	0.01338	0.10878	0.04601	0.45762	0.08122	0.02708	0.02211	0.00987	0.00786	0.00241	0.00710	0.00803	0.00853	0.01248
13	0.03318	0.01281	0.01734	0.01343	0.01902	0.01113	0.01094	0.03597	0.02144	0.63862	0.03017	0.02806	0.01981	0.05881	0.00997	0.00275	0.00666	0.00804	0.00926	0.01261
14	0.07256	0.01510	0.06565	0.01403	0.01992	0.01249	0.01223	0.03444	0.06942	0.50046	0.07820	0.02751	0.02241	0.00985	0.00771	0.00242	0.00666	0.00800	0.00866	0.01227
15	0.01417	0.01395	0.07005	0.01826	0.02221	0.01157	0.20303	0.01801	0.01727	0.06053	0.10809	0.34025	0.03719	0.01586	0.00928	0.00281	0.00761	0.01520	0.00622	0.00844
16	0.01951	0.01464	0.01665	0.01579	0.05483	0.01576	0.01161	0.05557	0.38939	0.11143	0.07373	0.03650	0.12705	0.01189	0.00813	0.00256	0.00596	0.00997	0.00780	0.01124
17	0.01325	0.00688	0.01032	0.01032	0.01045	0.00701	0.00701	0.01045	0.01032	0.01389	0.01414	0.02421	0.01401	0.02982	0.09186	0.70403	0.00803	0.00688	0.00344	0.00370
18	0.09985	0.02091	0.02171	0.13063	0.02777	0.09185	0.01509	0.39136	0.02851	0.07273	0.01700	0.01829	0.01223	0.00873	0.00739	0.00235	0.00905	0.00653	0.00647	0.01154
19	0.01814	0.02037	0.10343	0.12916	0.48412	0.01830	0.06657	0.02344	0.01728	0.02450	0.01448	0.01919	0.01173	0.00704	0.00775	0.00238	0.00987	0.00693	0.00373	0.01159
20	0.57968	0.06808	0.03548	0.01409	0.01965	0.01886	0.09972	0.04121	0.01484	0.03235	0.01178	0.01402	0.00915	0.00713	0.00557	0.00238	0.00736	0.00501	0.00462	0.00901
21	0.00961	0.00694	0.00900	0.01044	0.01112	0.00643	0.00703	0.01112	0.01542	0.02052	0.09045	0.60560	0.09439	0.04913	0.01088	0.00322	0.00451	0.02068	0.00720	0.00633

[dist]
# distance from previous block
# <min> <max>
5	6

[block]
# block no. 7 follows, 25 sequences, length 584
# corresponding to MSA columns:
# 264-847
name=unknown_H
#
# <colnr> <probs for GDERKNQSTAVLIFYWHMCP>
#	G	D	E	R	K	N	Q	S	T	A	V	L	I	F	Y	W	H	M	C	P
0	0.02083	0.01692	0.05034	0.01778	0.07178	0.01670	0.01357	0.06117	0.35936	0.11620	0.02701	0.02822	0.02066	0.00989	0.00771	0.00242	0.00680	0.03956	0.00713	0.10595
1	0.01761	0.19985	0.43960	0.02156	0.05319	0.02134	0.07139	0.04720	0.01715	0.02401	0.01351	0.01597	0.01021	0.00719	0.00696	0.00227	0.01065	0.00570	0.00352	0.01112
2	0.01599	0.01515	0.02568	0.51345	0.23832	0.01758	0.02220	0.02099	0.01614	0.02144	0.01402	0.02023	0.01091	0.00750	0.00773	0.00250	0.01000	0.00690	0.00356	0.00970
3	0.01796	0.01935	0.03956	0.06779	0.19772	0.01863	0.43801	0.02373	0.01786	0.02450	0.01649	0.05079	0.01353	0.00745	0.00875	0.00256	0.01162	0.00905	0.00402	0.01064
4	0.01674	0.01674	0.02404	0.02048	0.02079	0.02296	0.04046	0.01861	0.01222	0.01893	0.01156	0.04256	0.01172	0.01369	0.02427	0.00335	0.66141	0.00742	0.00355	0.00848
5	0.01608	0.01378	0.01608	0.01148	0.01837	0.01034	0.00919	0.01952	0.01608	0.02527	0.01378	0.01608	0.01148	0.00574	0.00574	0.00115	0.00574	0.00459	0.00459	0.77491
6	0.00947	0.00783	0.00830	0.00826	0.01068	0.00666	0.00617	0.01168	0.01827	0.02255	0.17376	0.09461	0.55662	0.01919	0.00919	0.00261	0.00390	0.01618	0.00742	0.00666
7	0.00966	0.00690	0.00924	0.01104	0.01159	0.00648	0.00757	0.01117	0.01506	0.02003	0.04262	0.67754	0.05081	0.02409	0.00995	0.00318	0.00469	0.06482	0.00719	0.00636
8	0.01608	0.01378	0.01608	0.01148	0.01837	0.01034	0.00919	0.01952	0.01608	0.02527	0.01378	0.01608	0.01148	0.00574	0.00574	0.00115	0.00574	0.00459	0.00459	0.77491
9	0.01772	0.02291	0.14072	0.03260	0.14549	0.01865	0.42300	0.02419	0.01805	0.02514	0.04267	0.02147	0.01411	0.00711	0.00863	0.00253	0.01178	0.00845	0.00400	0.01079
10	0.01569	0.03929	0.66266	0.02306	0.05785	0.01802	0.02846	0.02453	0.01642	0.02458	0.01394	0.01648	0.00991	0.00735	0.00738	0.00245	0.01137	0.00577	0.00330	0.01149
11	0.66321	0.12712	0.01597	0.01068	0.01576	0.01947	0.00916	0.02286	0.01360	0.03220	0.01079	0.01257	0.00864	0.00711	0.00483	0.00228	0.00636	0.00419	0.00457	0.00864
12	0.01944	0.01903	0.03077	0.04532	0.62459	0.04339	0.02316	0.02382	0.01754	0.02479	0.01428	0.01890	0.01210	0.00726	0.00848	0.00234	0.04216	0.00683	0.00382	0.01198
13	0.01503	0.01433	0.02469	0.64596	0.08256	0.01739	0.05094	0.02023	0.01574	0.02031	0.01391	0.02061	0.01049	0.00766	0.00781	0.00257	0.01041	0.00700	0.00349	0.00887
14	0.02896	0.03695	0.02197	0.01998	0.02397	0.69638	0.01498	0.03096	0.02197	0.01898	0.01199	0.01398	0.00999	0.00799	0.00699	0.00200	0.01398	0.00499	0.00400	0.00899
15	0.01045	0.00788	0.00955	0.00935	0.01128	0.00712	0.00698	0.01333	0.01970	0.02649	0.41251	0.08856	0.25176	0.05139	0.01069	0.00281	0.00410	0.04129	0.00784	0.00691
16	0.00945	0.00675	0.00900	0.01080	0.01125	0.00630	0.00720	0.01080	0.01484	0.01979	0.04274	0.72245	0.05128	0.02429	0.00990	0.00315	0.00450	0.02204	0.00720	0.00630
