[name]
unknown

[dist]
# distance from previous block
# <min> <max>
0	15

[block]
# block no. 0 follows, 23 sequences, length 22
# corresponding to MSA columns:
# 15-36
name=unknown_A
#
# <colnr> <probs for GDERKNQSTAVLIFYWHMCP>
#	G	D	E	R	K	N	Q	S	T	A	V	L	I	F	Y	W	H	M	C	P
0	0.04385	0.16431	0.11799	0.02055	0.10433	0.02015	0.01703	0.13696	0.04657	0.02932	0.02551	0.03643	0.05966	0.01179	0.00808	0.00261	0.00863	0.12972	0.00571	0.01080
1	0.02314	0.16120	0.05087	0.04932	0.02387	0.01864	0.07093	0.11986	0.02178	0.15908	0.07235	0.02699	0.03972	0.05317	0.00969	0.00261	0.00825	0.00798	0.00635	0.07421
2	0.02009	0.06316	0.13160	0.01546	0.02173	0.01613	0.01428	0.09579	0.12043	0.09342	0.03935	0.08228	0.02094	0.05442	0.00974	0.00262	0.00765	0.00854	0.00628	0.17610
3	0.05589	0.16949	0.14369	0.06262	0.04880	0.05634	0.01572	0.06009	0.01821	0.02501	0.02439	0.02701	0.09577	0.01504	0.07732	0.00340	0.01004	0.00758	0.07384	0.00974
4	0.01745	0.01814	0.08100	0.21542	0.07084	0.01717	0.15489	0.09926	0.01940	0.02609	0.02073	0.11872	0.01914	0.07182	0.01160	0.00318	0.01014	0.01024	0.00496	0.00983
5	0.02204	0.02262	0.02251	0.04988	0.02435	0.21894	0.08375	0.05733	0.10030	0.02607	0.01837	0.02133	0.01463	0.00943	0.00995	0.00240	0.10090	0.00706	0.14026	0.04788
6	0.01695	0.01240	0.01522	0.03256	0.01729	0.01264	0.01042	0.05045	0.06144	0.09137	0.17763	0.04234	0.15213	0.03520	0.01184	0.00268	0.09759	0.01082	0.03243	0.11660
7	0.01915	0.01932	0.02744	0.19271	0.15849	0.07472	0.05438	0.04310	0.01664	0.02265	0.01326	0.01920	0.01131	0.01030	0.01529	0.00292	0.27806	0.00715	0.00389	0.01002
8	0.03620	0.01094	0.01588	0.13385	0.02270	0.01180	0.04201	0.03871	0.01730	0.02358	0.06984	0.33691	0.06971	0.01862	0.01069	0.00310	0.04981	0.07406	0.00644	0.00786
9	0.01196	0.00831	0.01020	0.01085	0.01232	0.00779	0.00756	0.01478	0.04874	0.05405	0.10963	0.40935	0.15985	0.07999	0.01252	0.00344	0.00497	0.01880	0.00761	0.00727
10	0.02942	0.01817	0.02058	0.01608	0.02202	0.01892	0.01315	0.33953	0.08361	0.21577	0.02434	0.02334	0.01691	0.00970	0.00783	0.00237	0.00759	0.00758	0.06814	0.05494
11	0.01392	0.01131	0.01463	0.01386	0.01446	0.01332	0.01020	0.04739	0.01516	0.02120	0.05997	0.25185	0.03336	0.21568	0.02369	0.00458	0.20853	0.01395	0.00574	0.00722
12	0.11829	0.01816	0.01572	0.01526	0.04997	0.16271	0.01105	0.07144	0.01893	0.02824	0.01891	0.02361	0.01570	0.05066	0.03145	0.00290	0.05843	0.00683	0.27290	0.00884
13	0.71000	0.01628	0.01297	0.01134	0.01649	0.01879	0.00934	0.07527	0.01585	0.03764	0.01198	0.01371	0.00921	0.00772	0.00528	0.00250	0.00650	0.00464	0.00528	0.00921
14	0.02216	0.19639	0.09819	0.03020	0.26543	0.13172	0.02029	0.05651	0.01921	0.02432	0.01370	0.01698	0.01151	0.00795	0.00835	0.00228	0.05331	0.00606	0.00403	0.01140
15	0.01049	0.00826	0.00956	0.01008	0.01207	0.00745	0.00747	0.01332	0.03523	0.02359	0.14845	0.24410	0.35134	0.02119	0.00988	0.00294	0.00456	0.06518	0.00774	0.00710
16	0.01077	0.00816	0.00967	0.01039	0.01185	0.00762	0.00734	0.01337	0.04109	0.02214	0.10414	0.31610	0.23351	0.11186	0.01404	0.00367	0.00510	0.05503	0.00733	0.00684
17	0.02137	0.01461	0.01668	0.01445	0.01836	0.01536	0.01121	0.21833	0.12225	0.10754	0.09956	0.18527	0.06208	0.04177	0.01014	0.00292	0.00656	0.01263	0.00816	0.01073
18	0.01162	0.00784	0.00906	0.00916	0.00936	0.00775	0.00535	0.01205	0.01303	0.01754	0.08027	0.10583	0.03536	0.60158	0.03618	0.00706	0.00728	0.01294	0.00546	0.00528
19	0.02280	0.02447	0.03455	0.02849	0.08248	0.16768	0.28339	0.06545	0.04386	0.04528	0.01596	0.01991	0.01251	0.00866	0.01112	0.00265	0.10742	0.00789	0.00462	0.01081
20	0.01448	0.00970	0.01287	0.11058	0.05231	0.01054	0.01029	0.01810	0.01665	0.02642	0.05748	0.11960	0.02559	0.01452	0.04313	0.00291	0.03989	0.00995	0.39701	0.00798
21	0.02193	0.01796	0.02926	0.15051	0.37924	0.01850	0.05421	0.05795	0.05057	0.11220	0.01848	0.02191	0.01407	0.00804	0.00816	0.00251	0.00950	0.00757	0.00516	0.01227

[dist]
# distance from previous block
# <min> <max>
2	13

[block]
# block no. 1 follows, 23 sequences, length 30
# corresponding to MSA columns:
# 50-79
name=unknown_B
#
# <colnr> <probs for GDERKNQSTAVLIFYWHMCP>
#	G	D	E	R	K	N	Q	S	T	A	V	L	I	F	Y	W	H	M	C	P
0	0.07072	0.08523	0.53759	0.02115	0.03179	0.01981	0.02619	0.02666	0.05998	0.02657	0.01536	0.01746	0.01117	0.00787	0.00738	0.00252	0.01098	0.00598	0.00387	0.01171
1	0.01001	0.00738	0.00938	0.01069	0.01168	0.00675	0.00733	0.01179	0.01681	0.02219	0.11747	0.53910	0.15228	0.02369	0.01015	0.00313	0.00452	0.02122	0.00768	0.00675
2	0.02056	0.01569	0.05610	0.13620	0.02610	0.01533	0.01422	0.06972	0.19061	0.15342	0.03349	0.12839	0.07931	0.01293	0.00859	0.00274	0.00735	0.01100	0.00732	0.01094
3	0.01210	0.00782	0.00889	0.00900	0.00932	0.00785	0.00537	0.01278	0.01272	0.01797	0.02661	0.08658	0.02940	0.56002	0.06123	0.00706	0.00774	0.01178	0.10032	0.00544
4	0.01765	0.01328	0.01875	0.31062	0.03307	0.01539	0.01531	0.12955	0.01920	0.02654	0.01768	0.02377	0.01408	0.01531	0.05645	0.12372	0.00949	0.00736	0.12411	0.00866
5	0.06178	0.01569	0.02219	0.41690	0.06634	0.01851	0.01860	0.13573	0.04306	0.02884	0.01701	0.02181	0.01277	0.00858	0.00771	0.00256	0.00935	0.00717	0.07537	0.01004
6	0.01209	0.00881	0.01096	0.01199	0.01306	0.00889	0.00857	0.01590	0.08210	0.02161	0.03843	0.35132	0.04327	0.19258	0.01791	0.00445	0.00622	0.13786	0.00695	0.00702
7	0.02632	0.01654	0.01910	0.01553	0.02037	0.01744	0.01238	0.29923	0.07164	0.18243	0.05074	0.06799	0.02265	0.07680	0.05926	0.00376	0.00866	0.00934	0.00801	0.01182
8	0.01179	0.00792	0.00914	0.00914	0.00923	0.00802	0.00527	0.01198	0.01188	0.01594	0.02531	0.05165	0.02887	0.67024	0.08504	0.00822	0.00881	0.01159	0.00488	0.00508
9	0.10071	0.02785	0.22093	0.05965	0.09462	0.09933	0.09890	0.06287	0.06311	0.07095	0.01699	0.01929	0.01254	0.00813	0.00776	0.00252	0.01073	0.00682	0.00488	0.01142
10	0.01731	0.01717	0.03091	0.32787	0.15088	0.01796	0.17923	0.02276	0.01744	0.02380	0.01508	0.02082	0.01170	0.00737	0.00821	0.00247	0.01074	0.00752	0.00396	0.10681
11	0.03988	0.31747	0.34176	0.03981	0.02885	0.02458	0.02180	0.05703	0.01785	0.02446	0.01338	0.01560	0.01049	0.00751	0.00664	0.00222	0.01028	0.00538	0.00374	0.01126
12	0.14056	0.09350	0.02305	0.04331	0.02331	0.06558	0.04856	0.19141	0.10023	0.09406	0.04306	0.06042	0.01861	0.01009	0.00756	0.00248	0.00832	0.00798	0.00666	0.01127
13	0.22615	0.07232	0.02184	0.04467	0.02335	0.26485	0.05435	0.06356	0.02004	0.06438	0.01496	0.01703	0.01162	0.00818	0.00672	0.00228	0.01023	0.00577	0.05793	0.00978
14	0.10070	0.01508	0.01858	0.14089	0.02574	0.01678	0.01371	0.13144	0.09947	0.12708	0.10307	0.08391	0.02599	0.01182	0.00923	0.00269	0.04659	0.00955	0.00705	0.01062
15	0.01169	0.00782	0.00888	0.00899	0.00902	0.00779	0.00507	0.01177	0.01202	0.01603	0.02669	0.09157	0.03092	0.67443	0.03949	0.00760	0.00768	0.01246	0.00507	0.00501
16	0.01600	0.01157	0.01366	0.01297	0.01525	0.01191	0.00957	0.17852	0.02233	0.03010	0.12428	0.34216	0.04357	0.09254	0.01294	0.00346	0.00613	0.03692	0.00761	0.00851
17	0.02159	0.02261	0.02550	0.03010	0.26741	0.19947	0.05272	0.06699	0.02179	0.02695	0.11608	0.02860	0.06501	0.00998	0.00826	0.00239	0.00995	0.00860	0.00532	0.01068
18	0.05112	0.01697	0.05110	0.13369	0.13033	0.01609	0.05949	0.03249	0.08916	0.29904	0.02408	0.02442	0.01661	0.00898	0.00812	0.00257	0.00859	0.00785	0.00698	0.01232
19	0.02993	0.17857	0.02582	0.01629	0.02230	0.12846	0.01368	0.14510	0.06900	0.25873	0.02195	0.02091	0.01552	0.00909	0.00736	0.00227	0.00890	0.00674	0.00713	0.01226
20	0.13304	0.10943	0.23290	0.09079	0.02954	0.08317	0.05466	0.04712	0.01762	0.02630	0.01421	0.01743	0.01101	0.00820	0.00813	0.00245	0.05070	0.00602	0.04695	0.01033
21	0.50905	0.06750	0.05176	0.08484	0.02247	0.06386	0.01255	0.05900	0.01642	0.03272	0.01235	0.01472	0.00959	0.00774	0.00583	0.00245	0.00793	0.00499	0.00480	0.00942
22	0.02547	0.01322	0.01712	0.01567	0.05490	0.01239	0.01185	0.10289	0.02306	0.32161	0.06253	0.08742	0.12739	0.01404	0.00888	0.00271	0.00667	0.07228	0.00859	0.01130
23	0.02943	0.01422	0.01785	0.01432	0.01960	0.01348	0.01158	0.13695	0.04706	0.40574	0.08870	0.07898	0.06037	0.01222	0.00851	0.00258	0.00667	0.01013	0.00924	0.01236
24	0.01509	0.01043	0.01297	0.01175	0.01470	0.00972	0.00887	0.05347	0.05193	0.07572	0.33632	0.18977	0.05363	0.01609	0.00906	0.00255	0.00492	0.01414	0.00813	0.10077
25	0.01029	0.00828	0.00925	0.00948	0.01184	0.00723	0.00725	0.01277	0.01902	0.02377	0.16652	0.11987	0.45990	0.02046	0.00982	0.00286	0.00448	0.08215	0.00775	0.00703
26	0.05316	0.01828	0.01977	0.04006	0.02190	0.06553	0.01356	0.28073	0.05103	0.06186	0.01991	0.02308	0.01565	0.02147	0.16241	0.00489	0.05780	0.00747	0.05054	0.01090
27	0.09628	0.02135	0.10561	0.20619	0.29316	0.05393	0.02236	0.02390	0.01714	0.02519	0.01415	0.01899	0.01134	0.00801	0.00873	0.00256	0.04959	0.00667	0.00392	0.01093
28	0.07413	0.15394	0.03086	0.08540	0.23466	0.11948	0.05378	0.10593	0.02088	0.02753	0.01439	0.01764	0.01169	0.00774	0.00730	0.00229	0.01020	0.00634	0.00452	0.01130
29	0.06215	0.01584	0.01858	0.07264	0.04950	0.01693	0.01311	0.17184	0.16271	0.13472	0.03384	0.08019	0.10833	0.01231	0.00835	0.00265	0.00714	0.01016	0.00762	0.01142

[dist]
# distance from previous block
# <min> <max>
0	3

[block]
# block no. 2 follows, 23 sequences, length 26
# corresponding to MSA columns:
# 83-108
name=unknown_C
#
# <colnr> <probs for GDERKNQSTAVLIFYWHMCP>
#	G	D	E	R	K	N	Q	S	T	A	V	L	I	F	Y	W	H	M	C	P
0	0.01977	0.10040	0.07509	0.06907	0.05440	0.08216	0.05103	0.05031	0.01826	0.05845	0.07707	0.05587	0.02016	0.01126	0.01257	0.00268	0.18381	0.00824	0.03955	0.00985
1	0.01514	0.07619	0.01481	0.01140	0.01412	0.01094	0.00893	0.01930	0.04886	0.08851	0.42175	0.08453	0.05782	0.05477	0.01086	0.00286	0.00510	0.03746	0.00814	0.00850
2	0.06555	0.42038	0.09214	0.01543	0.02214	0.08419	0.01495	0.05860	0.01859	0.08373	0.01458	0.01617	0.01188	0.01020	0.03853	0.00254	0.00984	0.00530	0.00452	0.01072
3	0.01007	0.00808	0.00874	0.00884	0.01099	0.00702	0.00638	0.01210	0.01815	0.02260	0.14814	0.13580	0.46566	0.08592	0.01265	0.00325	0.00449	0.01689	0.00747	0.00675
4	0.01217	0.00838	0.01066	0.01027	0.01231	0.00760	0.00763	0.01540	0.02139	0.05900	0.47016	0.14607	0.15246	0.01799	0.00961	0.00267	0.00412	0.01581	0.00861	0.00769
5	0.04688	0.01599	0.02254	0.06307	0.25273	0.01721	0.01671	0.02880	0.15728	0.09286	0.02210	0.02435	0.01704	0.00927	0.00899	0.00252	0.05856	0.00769	0.12394	0.01148
6	0.01661	0.00899	0.00914	0.00861	0.01093	0.00922	0.00659	0.07715	0.01901	0.03222	0.02581	0.02924	0.02014	0.00948	0.00590	0.00194	0.00427	0.00754	0.68906	0.00815
7	0.02183	0.01985	0.08170	0.06162	0.29888	0.01862	0.01973	0.07962	0.15658	0.09346	0.02149	0.02324	0.01625	0.00871	0.00797	0.00250	0.00862	0.00765	0.03915	0.01254
8	0.02116	0.01501	0.01656	0.04466	0.01946	0.01592	0.01113	0.25267	0.07372	0.03641	0.02362	0.06461	0.01942	0.04038	0.00873	0.00247	0.00669	0.00838	0.23408	0.08493
9	0.02820	0.01199	0.01620	0.01304	0.01789	0.01052	0.01052	0.03157	0.02314	0.46006	0.23871	0.03848	0.03868	0.01220	0.00862	0.00252	0.00589	0.01030	0.00968	0.01178
10	0.01260	0.00888	0.01102	0.01147	0.01320	0.00856	0.00820	0.01698	0.08548	0.05675	0.17826	0.40114	0.11485	0.02075	0.00978	0.00298	0.00475	0.01846	0.00803	0.00787
11	0.02195	0.43600	0.03337	0.01555	0.02054	0.13793	0.01398	0.02446	0.01704	0.02033	0.01283	0.01560	0.01143	0.00847	0.00873	0.00207	0.10991	0.00519	0.07486	0.00975
12	0.01286	0.00864	0.01098	0.01025	0.01246	0.00794	0.00769	0.01614	0.02128	0.07136	0.46903	0.05935	0.15659	0.05327	0.04332	0.00334	0.00513	0.01419	0.00838	0.00778
13	0.01875	0.01933	0.03614	0.14098	0.23342	0.02014	0.26566	0.02495	0.04483	0.02506	0.01591	0.02126	0.01262	0.00803	0.01042	0.00271	0.07633	0.00823	0.00412	0.01112
14	0.05819	0.02313	0.04997	0.05898	0.27496	0.12393	0.04665	0.13396	0.07457	0.05172	0.01740	0.01994	0.01348	0.00830	0.00788	0.00243	0.01010	0.00705	0.00531	0.01205
15	0.11804	0.01497	0.02333	0.55223	0.09805	0.01815	0.02086	0.02148	0.01607	0.02330	0.01407	0.02037	0.01070	0.00796	0.00769	0.00265	0.01011	0.00683	0.00383	0.00928
16	0.01592	0.01299	0.02136	0.01722	0.02132	0.01233	0.17038	0.02189	0.07997	0.07895	0.27587	0.10000	0.10857	0.01416	0.00940	0.00270	0.00696	0.01326	0.00745	0.00931
17	0.01932	0.01567	0.02157	0.08694	0.20133	0.01665	0.01615	0.05865	0.20327	0.07198	0.11446	0.03488	0.05616	0.01125	0.00853	0.00263	0.00746	0.03491	0.00679	0.01139
18	0.02091	0.01376	0.01619	0.01406	0.01803	0.01428	0.01108	0.11964	0.18844	0.14454	0.23783	0.07833	0.04167	0.01366	0.00886	0.00266	0.00596	0.03047	0.00870	0.01093
19	0.01945	0.01394	0.01674	0.01235	0.01906	0.01076	0.00986	0.02286	0.01773	0.12433	0.01871	0.05523	0.01546	0.00765	0.00657	0.00151	0.00608	0.00629	0.00575	0.60967
20	0.01580	0.00846	0.00862	0.00829	0.01032	0.00860	0.00618	0.05404	0.01787	0.03044	0.02600	0.03124	0.02101	0.05901	0.00832	0.00234	0.00437	0.00785	0.66353	0.00774
21	0.01059	0.00826	0.00961	0.00927	0.01158	0.00728	0.00696	0.01359	0.02087	0.02755	0.38864	0.06882	0.35097	0.01845	0.00958	0.00264	0.00396	0.01583	0.00828	0.00728
22	0.00989	0.00706	0.00942	0.01130	0.01177	0.00659	0.00753	0.01130	0.01554	0.02071	0.04472	0.70954	0.05367	0.02542	0.01036	0.00330	0.00471	0.02307	0.00753	0.00659
23	0.01078	0.00775	0.01022	0.01069	0.01197	0.00719	0.00760	0.01355	0.01970	0.02734	0.38920	0.34618	0.06649	0.02048	0.00992	0.00288	0.00422	0.01837	0.00832	0.00719
24	0.01928	0.01511	0.02038	0.12247	0.14683	0.01620	0.01533	0.05671	0.20538	0.08958	0.09489	0.06557	0.07391	0.01169	0.00851	0.00265	0.00733	0.01016	0.00690	0.01113
25	0.01759	0.01878	0.06854	0.14125	0.31715	0.01767	0.15051	0.02275	0.01780	0.02469	0.01917	0.11027	0.01758	0.00968	0.00865	0.00265	0.01017	0.00971	0.00439	0.01099

[dist]
# distance from previous block
# <min> <max>
0	1

[block]
# block no. 3 follows, 23 sequences, length 16
# corresponding to MSA columns:
# 110-125
name=unknown_D
#
# <colnr> <probs for GDERKNQSTAVLIFYWHMCP>
#	G	D	E	R	K	N	Q	S	T	A	V	L	I	F	Y	W	H	M	C	P
0	0.06231	0.02108	0.02596	0.09000	0.22038	0.08040	0.01866	0.22367	0.02453	0.06759	0.01659	0.01939	0.01275	0.00901	0.00951	0.00253	0.07103	0.00697	0.00565	0.01199
1	0.06090	0.02153	0.16174	0.22544	0.26514	0.01781	0.02294	0.02302	0.01764	0.02574	0.06738	0.02283	0.01670	0.00837	0.00794	0.00255	0.00980	0.00741	0.00423	0.01090
2	0.08758	0.01807	0.02912	0.10119	0.49834	0.01846	0.02218	0.02566	0.01826	0.08085	0.01624	0.02024	0.01292	0.00757	0.00778	0.00245	0.00922	0.00706	0.00457	0.01223
3	0.24529	0.01874	0.05147	0.05764	0.05636	0.01951	0.01404	0.18972	0.12779	0.07101	0.05642	0.02228	0.01772	0.00938	0.00729	0.00254	0.00763	0.00715	0.00665	0.01137
4	0.09485	0.21219	0.06104	0.05883	0.05791	0.05130	0.06766	0.11752	0.07644	0.06218	0.01650	0.01843	0.01285	0.00854	0.00821	0.00238	0.05036	0.00644	0.00520	0.01118
5	0.19084	0.01715	0.01703	0.01546	0.05247	0.06862	0.01151	0.18294	0.02312	0.11166	0.05661	0.02454	0.01867	0.04649	0.00881	0.00264	0.00742	0.00729	0.12623	0.01048
6	0.01177	0.00797	0.00935	0.00935	0.00953	0.00814	0.00555	0.01212	0.01195	0.01611	0.02511	0.05055	0.02839	0.63620	0.11842	0.00849	0.00953	0.01143	0.00485	0.00520
7	0.01898	0.01901	0.03167	0.03792	0.37324	0.04338	0.12907	0.02340	0.01801	0.02522	0.05062	0.05831	0.01791	0.00962	0.01106	0.00267	0.10548	0.00878	0.00442	0.01123
8	0.01159	0.00869	0.01304	0.01304	0.01449	0.01014	0.01014	0.01449	0.01304	0.01884	0.02173	0.03188	0.02029	0.06086	0.68268	0.01304	0.02173	0.00869	0.00435	0.00724
9	0.02278	0.01765	0.02151	0.05670	0.09805	0.01917	0.01554	0.30813	0.08721	0.03845	0.08125	0.03756	0.02618	0.01242	0.00882	0.00273	0.00816	0.11870	0.00737	0.01164
10	0.01006	0.00713	0.00937	0.01108	0.01151	0.00670	0.00730	0.01134	0.01520	0.02027	0.04302	0.65117	0.05152	0.08672	0.01311	0.00370	0.00499	0.02207	0.00730	0.00644
11	0.01080	0.00770	0.00982	0.01063	0.01127	0.00767	0.00707	0.01207	0.01405	0.01882	0.03665	0.33125	0.07834	0.25601	0.14381	0.00654	0.00882	0.01638	0.00610	0.00618
12	0.02154	0.01692	0.01799	0.01561	0.02031	0.01892	0.01231	0.14795	0.42370	0.05991	0.03452	0.03244	0.07893	0.01150	0.00821	0.00264	0.00655	0.00941	0.04838	0.01224
13	0.01115	0.00809	0.01027	0.01146	0.01250	0.00772	0.00790	0.04695	0.01743	0.02320	0.08134	0.59417	0.08989	0.02372	0.01014	0.00317	0.00486	0.02132	0.00765	0.00708
14	0.06851	0.07845	0.02204	0.04162	0.02267	0.05600	0.01347	0.34783	0.06866	0.05895	0.02006	0.02096	0.01488	0.00929	0.00730	0.00231	0.00813	0.00696	0.12007	0.01182
15	0.15214	0.02118	0.02083	0.01675	0.02247	0.05780	0.01363	0.40978	0.10170	0.04420	0.01958	0.01985	0.01432	0.00943	0.00747	0.00244	0.00829	0.00693	0.03883	0.01236

[dist]
# distance from previous block
# <min> <max>
0	2

[block]
# block no. 4 follows, 23 sequences, length 52
# corresponding to MSA columns:
# 128-179
name=unknown_E
#
# <colnr> <probs for GDERKNQSTAVLIFYWHMCP>
#	G	D	E	R	K	N	Q	S	T	A	V	L	I	F	Y	W	H	M	C	P
0	0.02587	0.15978	0.02529	0.01765	0.02257	0.25794	0.01430	0.09776	0.14458	0.07051	0.01875	0.01971	0.01473	0.01155	0.03986	0.00278	0.03330	0.00648	0.00566	0.01093
1	0.02129	0.05023	0.02774	0.22371	0.09018	0.05214	0.10689	0.17875	0.05861	0.03065	0.01834	0.04341	0.01449	0.00900	0.00814	0.00253	0.01002	0.00799	0.03489	0.01099
2	0.10382	0.01003	0.01192	0.01190	0.01429	0.00976	0.00860	0.01917	0.05229	0.11856	0.03596	0.42602	0.03875	0.05169	0.01054	0.00317	0.00552	0.01652	0.00740	0.04409
3	0.01700	0.03608	0.51263	0.06037	0.16336	0.01889	0.02860	0.02530	0.01736	0.02563	0.01470	0.01794	0.01083	0.00763	0.00779	0.00254	0.01146	0.00630	0.00355	0.01203
4	0.01437	0.01178	0.01408	0.01200	0.01649	0.00973	0.00900	0.01823	0.05220	0.02468	0.02705	0.28213	0.02865	0.01371	0.00780	0.00209	0.00554	0.01203	0.00604	0.43241
5	0.01649	0.01302	0.01795	0.04061	0.01818	0.01612	0.04818	0.01965	0.01514	0.02505	0.01865	0.02408	0.01558	0.01129	0.01498	0.00268	0.30311	0.00747	0.36337	0.00838
6	0.01201	0.00839	0.01044	0.01071	0.01263	0.00766	0.00806	0.01464	0.01913	0.05372	0.23682	0.20502	0.21310	0.05308	0.01141	0.00317	0.00492	0.09981	0.00793	0.00734
7	0.01695	0.03797	0.55985	0.02784	0.14616	0.01892	0.02908	0.02556	0.01737	0.02584	0.01469	0.01765	0.01073	0.00762	0.00777	0.00254	0.01158	0.00621	0.00353	0.01214
8	0.01167	0.00781	0.00889	0.00902	0.00905	0.00778	0.00510	0.01177	0.01206	0.01608	0.02688	0.09827	0.03116	0.66739	0.03917	0.00755	0.00765	0.01258	0.00510	0.00503
9	0.02063	0.06062	0.02895	0.08442	0.41862	0.01884	0.02062	0.07998	0.02072	0.05945	0.08920	0.02466	0.02021	0.00870	0.00805	0.00241	0.00881	0.00795	0.00517	0.01197
10	0.01117	0.00802	0.01033	0.01175	0.01259	0.00773	0.00802	0.04961	0.01692	0.02258	0.04318	0.66729	0.05123	0.02446	0.01022	0.00324	0.00497	0.02210	0.00757	0.00703
11	0.01678	0.01439	0.01810	0.01361	0.01998	0.01170	0.04615	0.04445	0.03469	0.02691	0.01882	0.09945	0.01737	0.00863	0.00687	0.00163	0.00643	0.00746	0.00531	0.58127
12	0.01161	0.00864	0.01275	0.01275	0.01410	0.00999	0.00978	0.01430	0.01296	0.01862	0.02200	0.03334	0.02092	0.10586	0.63854	0.01268	0.02078	0.00891	0.00439	0.00708
13	0.01746	0.03148	0.37273	0.08446	0.12919	0.01926	0.17878	0.02525	0.01775	0.02548	0.01511	0.01910	0.01120	0.00746	0.00825	0.00260	0.01198	0.00716	0.00369	0.01161
14	0.01207	0.00895	0.01171	0.01254	0.01463	0.00841	0.01025	0.01528	0.01889	0.02502	0.15450	0.16224	0.13764	0.02071	0.01032	0.00320	0.00593	0.31484	0.00761	0.04526
15	0.05566	0.06655	0.02876	0.23555	0.28149	0.03981	0.04490	0.05587	0.06534	0.02629	0.01604	0.02037	0.01271	0.00792	0.00778	0.00249	0.00980	0.00707	0.00443	0.01120
16	0.21580	0.36630	0.16645	0.01528	0.02268	0.05234	0.01602	0.02481	0.01619	0.02501	0.01203	0.01399	0.00996	0.00731	0.00577	0.00213	0.00900	0.00474	0.00389	0.01028
17	0.07097	0.22449	0.02881	0.09183	0.07451	0.29442	0.01615	0.06778	0.02054	0.02331	0.01297	0.01556	0.01078	0.00789	0.00677	0.00213	0.01128	0.00542	0.00422	0.01016
18	0.01122	0.00828	0.01048	0.00993	0.01196	0.00754	0.00745	0.01480	0.02234	0.03106	0.57938	0.06305	0.15804	0.01714	0.00957	0.00258	0.00387	0.01502	0.00874	0.00754
19	0.02224	0.01560	0.01833	0.09220	0.02338	0.01722	0.01299	0.21023	0.16642	0.08736	0.02536	0.07231	0.02027	0.01351	0.02974	0.04622	0.00777	0.00893	0.09891	0.01100
20	0.00991	0.00815	0.00863	0.00866	0.01107	0.00697	0.00638	0.01207	0.01861	0.02289	0.14668	0.11193	0.53268	0.04596	0.01080	0.00294	0.00425	0.01698	0.00760	0.00686
21	0.01138	0.00748	0.00978	0.01113	0.01181	0.00701	0.00740	0.01269	0.01541	0.05053	0.04164	0.59218	0.04895	0.11435	0.01428	0.00385	0.00522	0.02090	0.00731	0.00671
22	0.07139	0.02053	0.07385	0.11952	0.03859	0.01971	0.38713	0.02385	0.01747	0.02516	0.01640	0.05118	0.01343	0.00863	0.01057	0.00281	0.07636	0.00905	0.00416	0.01020
23	0.77215	0.01569	0.01193	0.01067	0.01569	0.01820	0.00879	0.02385	0.01381	0.03641	0.01130	0.01318	0.00879	0.00753	0.00502	0.00251	0.00628	0.00439	0.00502	0.00879
24	0.01683	0.01442	0.01683	0.01202	0.01923	0.01082	0.00961	0.02043	0.01683	0.02644	0.01442	0.01683	0.01202	0.00601	0.00601	0.00120	0.00601	0.00481	0.00481	0.76444
25	0.02133	0.01717	0.01838	0.01637	0.02107	0.01960	0.01278	0.04286	0.60508	0.07910	0.03295	0.03009	0.02444	0.01094	0.00825	0.00274	0.00646	0.00910	0.00838	0.01291
26	0.01248	0.00829	0.01093	0.01073	0.01252	0.00762	0.00787	0.01565	0.02106	0.06560	0.46485	0.22697	0.06743	0.01851	0.00969	0.00274	0.00423	0.01648	0.00863	0.00773
27	0.01057	0.00763	0.01007	0.01132	0.01236	0.00713	0.00810	0.01279	0.01764	0.02374	0.18093	0.47243	0.08496	0.02294	0.01024	0.00316	0.00479	0.08445	0.00783	0.00693
28	0.01409	0.00705	0.01057	0.01057	0.01057	0.00705	0.00705	0.01057	0.01057	0.01409	0.01409	0.02467	0.01409	0.02819	0.03171	0.76392	0.00705	0.00705	0.00352	0.00352
29	0.02444	0.01880	0.02214	0.17619	0.03052	0.02136	0.01594	0.35947	0.11624	0.03991	0.02075	0.02237	0.01520	0.00951	0.00794	0.00250	0.00860	0.00756	0.06854	0.01203
30	0.01785	0.01805	0.02649	0.02222	0.02280	0.02455	0.06156	0.01999	0.01290	0.01999	0.01106	0.01805	0.01077	0.01368	0.02542	0.00349	0.65125	0.00728	0.00359	0.00902
31	0.05427	0.19150	0.33469	0.01834	0.02738	0.02042	0.02085	0.02886	0.03694	0.16671	0.01805	0.01871	0.01284	0.00814	0.00713	0.00237	0.00969	0.00611	0.00510	0.01191
32	0.25921	0.19626	0.09293	0.01624	0.02217	0.24706	0.01460	0.02706	0.01793	0.02548	0.01206	0.01405	0.00990	0.00769	0.00613	0.00219	0.01030	0.00483	0.00419	0.00973
33	0.04452	0.08545	0.02178	0.12172	0.02567	0.08844	0.01420	0.12888	0.13546	0.06148	0.04792	0.02621	0.03437	0.05002	0.01063	0.00280	0.04793	0.00788	0.03415	0.01051
34	0.01224	0.00852	0.01077	0.01007	0.01230	0.00771	0.00760	0.01576	0.02226	0.05797	0.54065	0.06201	0.16777	0.01694	0.00951	0.00258	0.00400	0.01479	0.00876	0.00779
35	0.01308	0.00891	0.01060	0.01026	0.01070	0.00949	0.00660	0.03312	0.01318	0.01838	0.02422	0.06521	0.02653	0.50090	0.07273	0.05022	0.05065	0.01095	0.05851	0.00574
36	0.01227	0.00890	0.01276	0.01258	0.01375	0.01032	0.00956	0.01449	0.01297	0.01893	0.02139	0.03279	0.02040	0.11952	0.50868	0.05521	0.05247	0.00877	0.04734	0.00689
37	0.02171	0.01635	0.01839	0.01721	0.05080	0.01803	0.01281	0.03952	0.48652	0.12242	0.03553	0.03281	0.06872	0.01137	0.00833	0.00270	0.00648	0.00950	0.00826	0.01255
38	0.02977	0.02189	0.02347	0.01811	0.02424	0.02418	0.01483	0.60171	0.03666	0.04913	0.01983	0.02139	0.01469	0.04971	0.01000	0.00274	0.00887	0.00756	0.00794	0.01330
39	0.01986	0.01264	0.01514	0.01321	0.01707	0.01206	0.01013	0.14994	0.02239	0.14097	0.06499	0.27690	0.08148	0.01614	0.00884	0.00263	0.00606	0.01393	0.00780	0.10779
40	0.01777	0.06014	0.19301	0.02788	0.05047	0.02006	0.33350	0.02406	0.01757	0.02454	0.01723	0.07141	0.01467	0.00920	0.01064	0.00276	0.08115	0.00915	0.00411	0.01068
41	0.02685	0.01487	0.01793	0.01481	0.01978	0.01496	0.01183	0.13307	0.16147	0.30140	0.11381	0.07814	0.02983	0.01212	0.00851	0.00261	0.00657	0.01013	0.00902	0.01229
42	0.52944	0.01971	0.10526	0.01329	0.01938	0.01837	0.01245	0.08944	0.01736	0.06322	0.01406	0.01564	0.01045	0.00797	0.00588	0.00249	0.00729	0.00520	0.03317	0.00993
43	0.33400	0.02496	0.24870	0.01794	0.06096	0.01773	0.01768	0.05033	0.01745	0.07739	0.05143	0.01897	0.01442	0.00836	0.00676	0.00253	0.00852	0.00610	0.00510	0.01066
44	0.01128	0.00829	0.01057	0.01000	0.01200	0.00757	0.00750	0.01492	0.02249	0.03140	0.59821	0.06248	0.13900	0.01701	0.00957	0.00257	0.00386	0.01494	0.00878	0.00757
45	0.01683	0.01606	0.02748	0.39201	0.18883	0.01799	0.08508	0.02317	0.05446	0.02419	0.06033	0.02449	0.01678	0.00853	0.00836	0.00263	0.01011	0.00809	0.00439	0.01022
46	0.01866	0.02524	0.19320	0.11101	0.10608	0.01939	0.27315	0.06226	0.01926	0.02690	0.01567	0.02006	0.01176	0.00738	0.00848	0.00255	0.01175	0.00775	0.00416	0.05530
47	0.01063	0.00811	0.00981	0.00998	0.01192	0.00728	0.00742	0.01341	0.01985	0.02628	0.31506	0.18311	0.27416	0.01986	0.00981	0.00282	0.00429	0.05089	0.00812	0.00718
48	0.01752	0.01412	0.01674	0.01218	0.01908	0.01084	0.00975	0.02107	0.01696	0.05696	0.01561	0.01805	0.01279	0.00878	0.03787	0.00182	0.00679	0.00515	0.00504	0.69288
49	0.01164	0.00836	0.00975	0.00955	0.01177	0.00738	0.00701	0.01414	0.01948	0.05562	0.26229	0.13886	0.33493	0.05883	0.01141	0.00302	0.00443	0.01625	0.00796	0.00731
50	0.01835	0.06088	0.10207	0.10249	0.13205	0.01913	0.23860	0.04630	0.01844	0.02554	0.01694	0.06001	0.01430	0.00847	0.00891	0.00251	0.03162	0.00847	0.00433	0.08060
51	0.01153	0.00835	0.01072	0.01182	0.01299	0.00814	0.00870	0.01452	0.04372	0.02282	0.11148	0.34141	0.07372	0.11946	0.01469	0.00391	0.00577	0.16195	0.00734	0.00697

[dist]
# distance from previous block
# <min> <max>
0	1

[block]
# block no. 5 follows, 23 sequences, length 9
# corresponding to MSA columns:
# 181-189
name=unknown_F
#
# <colnr> <probs for GDERKNQSTAVLIFYWHMCP>
#	G	D	E	R	K	N	Q	S	T	A	V	L	I	F	Y	W	H	M	C	P
0	0.02854	0.02255	0.02503	0.02078	0.05861	0.05076	0.04152	0.48646	0.10652	0.04555	0.02042	0.02067	0.01482	0.00958	0.00816	0.00247	0.00911	0.00753	0.00759	0.01334
1	0.01521	0.01391	0.01823	0.05401	0.04286	0.03609	0.01314	0.01812	0.01739	0.02483	0.22283	0.07854	0.05817	0.01436	0.01524	0.00283	0.25683	0.01064	0.00583	0.08096
2	0.01998	0.01513	0.01454	0.01268	0.01599	0.07701	0.00975	0.18859	0.04511	0.03252	0.06862	0.03382	0.08589	0.06124	0.01115	0.04471	0.00682	0.00900	0.23831	0.00916
3	0.01150	0.00795	0.00955	0.00956	0.01062	0.00763	0.00641	0.01338	0.01666	0.02313	0.23071	0.13036	0.09930	0.29061	0.04538	0.00505	0.00615	0.01405	0.05562	0.00638
4	0.01051	0.00803	0.00908	0.00915	0.01087	0.00721	0.00640	0.01246	0.01775	0.02286	0.19535	0.14194	0.32746	0.16582	0.01632	0.00384	0.00490	0.01615	0.00730	0.00660
5	0.64634	0.01594	0.01346	0.01158	0.01683	0.01798	0.00955	0.06471	0.01637	0.10489	0.01403	0.01512	0.01031	0.00794	0.00555	0.00251	0.00651	0.00498	0.00575	0.00964
6	0.01627	0.04197	0.67279	0.02313	0.03512	0.01884	0.02998	0.02570	0.01713	0.02570	0.01456	0.01713	0.01028	0.00771	0.00771	0.00257	0.01199	0.00600	0.00343	0.01199
7	0.01099	0.00804	0.01022	0.01097	0.01220	0.00728	0.00741	0.01261	0.01566	0.02144	0.07968	0.50437	0.04749	0.11551	0.01400	0.00364	0.00521	0.01905	0.00698	0.08724
8	0.01752	0.01357	0.01652	0.01265	0.01834	0.01159	0.01014	0.02090	0.01655	0.06803	0.01687	0.02007	0.01390	0.01291	0.07972	0.00276	0.05596	0.00578	0.05309	0.53312

[dist]
# distance from previous block
# <min> <max>
3	6

[block]
# block no. 6 follows, 23 sequences, length 7
# corresponding to MSA columns:
# 196-202
name=unknown_G
#
# <colnr> <probs for GDERKNQSTAVLIFYWHMCP>
#	G	D	E	R	K	N	Q	S	T	A	V	L	I	F	Y	W	H	M	C	P
0	0.07527	0.00891	0.00993	0.00971	0.01102	0.00879	0.00645	0.01468	0.01484	0.05248	0.09736	0.08323	0.10177	0.41620	0.02739	0.00569	0.00671	0.03715	0.00609	0.00634
1	0.01298	0.00881	0.01026	0.00958	0.01237	0.00766	0.00729	0.01580	0.02062	0.09075	0.29105	0.06656	0.38041	0.01803	0.00944	0.00265	0.00429	0.01532	0.00830	0.00785
2	0.01080	0.00871	0.01322	0.01329	0.01481	0.00805	0.07162	0.01284	0.01625	0.02139	0.04613	0.56655	0.11920	0.02296	0.01019	0.00317	0.00556	0.02100	0.00718	0.00707
3	0.77215	0.01569	0.01193	0.01067	0.01569	0.01820	0.00879	0.02385	0.01381	0.03641	0.01130	0.01318	0.00879	0.00753	0.00502	0.00251	0.00628	0.00439	0.00502	0.00879
4	0.06608	0.01476	0.02021	0.01687	0.02106	0.01512	0.09929	0.17028	0.05099	0.09728	0.05507	0.24843	0.03028	0.01672	0.03574	0.00321	0.00804	0.01313	0.00726	0.01018
5	0.02052	0.02411	0.12379	0.03023	0.07742	0.02044	0.38925	0.11976	0.02165	0.02988	0.01647	0.02052	0.01229	0.00738	0.00883	0.00257	0.01208	0.00836	0.00466	0.04978
6	0.02133	0.02730	0.16395	0.02533	0.14071	0.15369	0.04308	0.08389	0.10255	0.02739	0.02227	0.02410	0.06428	0.00976	0.00923	0.00254	0.05458	0.00768	0.00510	0.01125

[dist]
# distance from previous block
# <min> <max>
2	14

[block]
# block no. 7 follows, 23 sequences, length 14
# corresponding to MSA columns:
# 217-230
name=unknown_H
#
# <colnr> <probs for GDERKNQSTAVLIFYWHMCP>
#	G	D	E	R	K	N	Q	S	T	A	V	L	I	F	Y	W	H	M	C	P
0	0.13966	0.01681	0.04423	0.06140	0.05248	0.01662	0.04383	0.02700	0.17575	0.02952	0.06148	0.02331	0.01883	0.00900	0.00833	0.00231	0.04768	0.00718	0.00571	0.20888
1	0.04457	0.05075	0.02438	0.01908	0.02395	0.19532	0.06111	0.23182	0.02593	0.03292	0.08405	0.02205	0.01883	0.01000	0.00979	0.00241	0.08161	0.00738	0.00597	0.04807
2	0.01827	0.02066	0.10358	0.02982	0.18331	0.01738	0.20908	0.04699	0.05004	0.02701	0.02009	0.06993	0.01765	0.00941	0.00858	0.00253	0.01006	0.04530	0.00488	0.10543
3	0.02086	0.01865	0.01734	0.01563	0.01958	0.12323	0.01205	0.06959	0.32059	0.05762	0.08664	0.03704	0.06913	0.05493	0.01044	0.00296	0.00767	0.03780	0.00744	0.01081
4	0.01200	0.00885	0.01124	0.01155	0.01336	0.00826	0.00847	0.04241	0.01909	0.02607	0.21068	0.37471	0.08254	0.02053	0.00978	0.00292	0.00495	0.06710	0.00775	0.05773
5	0.49122	0.01350	0.01227	0.01113	0.01541	0.01472	0.00885	0.02387	0.01570	0.12800	0.02071	0.12748	0.01842	0.01088	0.00638	0.00260	0.00596	0.00814	0.05566	0.00911
6	0.01216	0.00924	0.01357	0.01334	0.01471	0.01100	0.01044	0.01503	0.01318	0.01941	0.02122	0.03086	0.01967	0.05538	0.60775	0.01189	0.06604	0.00854	0.03919	0.00737
7	0.01200	0.00835	0.00971	0.01000	0.01061	0.00824	0.00626	0.04108	0.01455	0.01925	0.03441	0.24666	0.07469	0.43565	0.02866	0.00595	0.00675	0.01524	0.00600	0.00595
8	0.01094	0.00823	0.01012	0.01019	0.01202	0.00736	0.00728	0.01343	0.01872	0.02537	0.27665	0.26568	0.17767	0.06036	0.01147	0.00305	0.00453	0.01705	0.00773	0.05215
9	0.12876	0.03382	0.46780	0.02172	0.03155	0.01823	0.09059	0.02455	0.01646	0.02663	0.01425	0.01751	0.01050	0.00881	0.00894	0.04800	0.01103	0.00621	0.00374	0.01090
10	0.06833	0.34322	0.03025	0.01542	0.02120	0.10917	0.01354	0.14551	0.02158	0.06613	0.01618	0.04234	0.01377	0.01180	0.04683	0.00274	0.00987	0.00622	0.00517	0.01073
11	0.68988	0.01689	0.05174	0.01128	0.01657	0.01773	0.00992	0.02373	0.01416	0.03546	0.01223	0.01424	0.00946	0.00764	0.00522	0.00248	0.00650	0.00464	0.04132	0.00892
12	0.01717	0.01860	0.05929	0.17606	0.10441	0.01961	0.20953	0.02193	0.01645	0.02290	0.01680	0.07859	0.01506	0.01051	0.01310	0.00293	0.17382	0.00920	0.00411	0.00991
13	0.01722	0.01461	0.05596	0.01581	0.04780	0.01375	0.01236	0.06322	0.20021	0.06887	0.23259	0.11227	0.04339	0.01452	0.00903	0.00275	0.00616	0.05128	0.00795	0.01025

[dist]
# distance from previous block
# <min> <max>
0	2

[block]
# block no. 8 follows, 23 sequences, length 27
# corresponding to MSA columns:
# 233-259
name=unknown_I
#
# <colnr> <probs for GDERKNQSTAVLIFYWHMCP>
#	G	D	E	R	K	N	Q	S	T	A	V	L	I	F	Y	W	H	M	C	P
0	0.01165	0.00781	0.00889	0.00904	0.00907	0.00777	0.00512	0.01176	0.01208	0.01611	0.02702	0.10288	0.03133	0.66255	0.03895	0.00752	0.00763	0.01265	0.00512	0.00504
1	0.06136	0.44148	0.03437	0.01580	0.02210	0.14052	0.01422	0.13853	0.02145	0.02597	0.01301	0.01449	0.01096	0.00773	0.00609	0.00196	0.00962	0.00504	0.00452	0.01079
2	0.64920	0.01558	0.01305	0.01141	0.01655	0.01761	0.00936	0.02665	0.04955	0.10679	0.01479	0.01572	0.01092	0.00800	0.00555	0.00252	0.00635	0.00507	0.00576	0.00957
3	0.02835	0.08380	0.05414	0.01860	0.05734	0.08629	0.01501	0.17380	0.09675	0.23283	0.02419	0.02561	0.01776	0.00997	0.00793	0.00247	0.00868	0.03655	0.00744	0.01250
4	0.01397	0.00852	0.01153	0.01149	0.01313	0.00820	0.02811	0.01614	0.01698	0.05344	0.11708	0.18910	0.03866	0.05619	0.01367	0.10412	0.00567	0.10497	0.18197	0.00707
5	0.01004	0.00794	0.00907	0.00958	0.01153	0.00696	0.00697	0.01220	0.01826	0.02307	0.14744	0.25552	0.39071	0.02146	0.00986	0.00290	0.00435	0.03752	0.00772	0.00690
6	0.00998	0.00728	0.00939	0.01088	0.01171	0.00670	0.00739	0.01164	0.01642	0.02174	0.09543	0.59212	0.12100	0.02423	0.01021	0.00318	0.00458	0.02179	0.00764	0.00670
7	0.01683	0.01442	0.01683	0.01202	0.01923	0.01082	0.00961	0.02043	0.01683	0.02644	0.01442	0.01683	0.01202	0.00601	0.00601	0.00120	0.00601	0.00481	0.00481	0.76444
8	0.01952	0.11129	0.05974	0.05181	0.02525	0.05950	0.05866	0.05536	0.01594	0.02227	0.01221	0.01745	0.01093	0.01130	0.01810	0.00294	0.39816	0.00668	0.00391	0.03895
9	0.02514	0.01530	0.05100	0.01362	0.02042	0.01156	0.01160	0.02876	0.01960	0.30866	0.02325	0.04666	0.01698	0.00857	0.00720	0.00192	0.00666	0.00700	0.00713	0.36896
10	0.01159	0.00869	0.01304	0.01304	0.01449	0.01014	0.01014	0.01449	0.01304	0.01884	0.02173	0.03188	0.02029	0.06086	0.68268	0.01304	0.02173	0.00869	0.00435	0.00724
11	0.01897	0.01479	0.01731	0.01439	0.01872	0.01510	0.04414	0.26455	0.02670	0.03486	0.10086	0.07954	0.26355	0.01541	0.00909	0.00266	0.00669	0.03501	0.00770	0.00995
12	0.07195	0.01879	0.01978	0.01559	0.02107	0.02045	0.01274	0.44417	0.03134	0.04481	0.02020	0.02121	0.01486	0.00938	0.00733	0.00227	0.00757	0.00707	0.16330	0.04612
13	0.01030	0.00817	0.00926	0.00915	0.01144	0.00713	0.00680	0.01296	0.01993	0.02572	0.29074	0.11382	0.40697	0.01943	0.00963	0.00271	0.00405	0.01663	0.00805	0.00713
14	0.01821	0.01369	0.01526	0.01372	0.01758	0.01466	0.01064	0.03198	0.35811	0.09097	0.19100	0.04357	0.11932	0.01351	0.00874	0.00268	0.00554	0.01144	0.00849	0.01090
15	0.01814	0.02025	0.07532	0.13500	0.14899	0.01886	0.32197	0.02508	0.05052	0.02562	0.01800	0.04647	0.01446	0.00812	0.00879	0.00266	0.01140	0.00898	0.03050	0.01087
16	0.01608	0.00848	0.00858	0.00824	0.01041	0.00863	0.00626	0.05643	0.01830	0.03152	0.02605	0.02960	0.02037	0.00947	0.00582	0.00192	0.00409	0.00755	0.71425	0.00794
17	0.01256	0.00879	0.01102	0.01161	0.01385	0.00809	0.00933	0.01543	0.01903	0.05860	0.13400	0.15403	0.25687	0.02075	0.01019	0.00313	0.00551	0.23185	0.00782	0.00752
18	0.01273	0.00914	0.01162	0.06153	0.01567	0.00939	0.00900	0.03920	0.04743	0.02342	0.06892	0.34221	0.04112	0.14123	0.01502	0.00386	0.00604	0.06129	0.07393	0.00727
19	0.01129	0.00825	0.01037	0.00986	0.01172	0.00758	0.00726	0.01459	0.02153	0.02992	0.54007	0.06206	0.14159	0.07404	0.01216	0.00301	0.00419	0.01473	0.00844	0.00734
20	0.01018	0.00748	0.00955	0.01065	0.01173	0.00685	0.00737	0.01219	0.01751	0.02337	0.17959	0.48654	0.14134	0.02289	0.01009	0.00306	0.00444	0.02049	0.00783	0.00685
21	0.02874	0.02079	0.02349	0.09043	0.02781	0.02307	0.01573	0.48245	0.08278	0.09028	0.02089	0.02113	0.01479	0.00969	0.00813	0.00249	0.00879	0.00750	0.00778	0.01321
22	0.03532	0.01405	0.01880	0.01458	0.02074	0.01248	0.01199	0.03978	0.06499	0.62743	0.03208	0.02780	0.02040	0.01011	0.00817	0.00253	0.00687	0.00823	0.00992	0.01374
23	0.04516	0.17273	0.35009	0.02206	0.08911	0.02065	0.02259	0.02470	0.01734	0.04884	0.03826	0.02242	0.01517	0.00895	0.00814	0.00248	0.03683	0.03908	0.00421	0.01119
24	0.05362	0.02790	0.29286	0.11302	0.18705	0.01887	0.08587	0.04658	0.01840	0.05726	0.01575	0.01927	0.01168	0.00773	0.00793	0.00255	0.01084	0.00687	0.00421	0.01172
25	0.01779	0.04800	0.13230	0.01374	0.01849	0.01236	0.01282	0.02342	0.06262	0.14160	0.31498	0.04230	0.04478	0.06599	0.01111	0.00293	0.00653	0.01093	0.00755	0.00978
26	0.11184	0.42111	0.09254	0.01746	0.05663	0.13894	0.01564	0.02578	0.01744	0.02228	0.01201	0.01406	0.01034	0.00734	0.00592	0.00200	0.00976	0.00480	0.00380	0.01032

[dist]
# distance from previous block
# <min> <max>
0	2

[block]
# block no. 9 follows, 23 sequences, length 45
# corresponding to MSA columns:
# 262-306
name=unknown_J
#
# <colnr> <probs for GDERKNQSTAVLIFYWHMCP>
#	G	D	E	R	K	N	Q	S	T	A	V	L	I	F	Y	W	H	M	C	P
0	0.31908	0.18439	0.02387	0.01614	0.05492	0.07091	0.01289	0.12903	0.01988	0.06230	0.01394	0.01550	0.01094	0.00812	0.00669	0.00231	0.02795	0.00534	0.00526	0.01052
1	0.12938	0.01528	0.04421	0.01495	0.05296	0.06172	0.01126	0.08181	0.02153	0.05727	0.26025	0.12104	0.06875	0.01401	0.00845	0.00259	0.00644	0.01177	0.00721	0.00914
2	0.01084	0.00749	0.00993	0.01134	0.01197	0.00715	0.00786	0.01218	0.01557	0.02079	0.07390	0.48227	0.04881	0.10413	0.01533	0.05184	0.00550	0.08969	0.00705	0.00637
3	0.01798	0.01964	0.08335	0.27428	0.30677	0.01897	0.09168	0.02420	0.03813	0.02457	0.01561	0.02092	0.01225	0.00766	0.00821	0.00257	0.01059	0.00745	0.00397	0.01121
4	0.02391	0.01686	0.01802	0.01470	0.01936	0.01841	0.01184	0.35696	0.09307	0.04214	0.06988	0.02663	0.02150	0.01029	0.00755	0.00232	0.00685	0.00811	0.22011	0.01149
5	0.02629	0.05969	0.02035	0.01582	0.02110	0.04962	0.01275	0.10648	0.30866	0.21300	0.02865	0.02654	0.02050	0.01016	0.00787	0.00252	0.00724	0.00813	0.04195	0.01268
6	0.01237	0.00894	0.01149	0.01125	0.01313	0.00856	0.00847	0.04979	0.02201	0.03060	0.45444	0.19129	0.06621	0.01841	0.00977	0.00278	0.00456	0.05966	0.00850	0.00778
7	0.01103	0.00803	0.01039	0.01033	0.01198	0.00738	0.00754	0.01424	0.02112	0.02939	0.49490	0.20106	0.10484	0.01871	0.00974	0.00272	0.00403	0.01662	0.00855	0.00738
8	0.03505	0.01351	0.01840	0.01421	0.02025	0.01169	0.01169	0.03822	0.02321	0.63511	0.06622	0.02942	0.02316	0.01040	0.00824	0.00251	0.00674	0.00851	0.00998	0.01347
9	0.03641	0.01381	0.01883	0.01444	0.02071	0.01193	0.01193	0.03954	0.02322	0.66984	0.03201	0.02762	0.02009	0.01004	0.00816	0.00251	0.00690	0.00816	0.01004	0.01381
10	0.02018	0.01743	0.01835	0.01651	0.02110	0.02018	0.01284	0.04312	0.64956	0.03394	0.03303	0.03027	0.02477	0.01101	0.00826	0.00275	0.00642	0.00917	0.00826	0.01284
11	0.02941	0.02134	0.02282	0.01766	0.02373	0.02356	0.01453	0.58075	0.03622	0.04923	0.02012	0.02046	0.01444	0.00971	0.00789	0.00239	0.00846	0.00733	0.07672	0.01323
12	0.02199	0.02261	0.02626	0.16593	0.21775	0.18743	0.04437	0.08855	0.02102	0.02571	0.01691	0.02404	0.01436	0.01120	0.03713	0.00294	0.01162	0.04490	0.00464	0.01064
13	0.02056	0.02226	0.03832	0.05944	0.30455	0.08687	0.29520	0.02602	0.01917	0.02543	0.01548	0.02038	0.01231	0.00720	0.00865	0.00253	0.01198	0.00807	0.00406	0.01154
14	0.01915	0.02189	0.04788	0.03420	0.04241	0.02052	0.63475	0.02599	0.01915	0.02599	0.01642	0.02189	0.01231	0.00684	0.00958	0.00274	0.01368	0.00958	0.00410	0.01094
15	0.00987	0.00711	0.00937	0.01118	0.01174	0.00660	0.00748	0.01131	0.01565	0.02076	0.04614	0.68568	0.07661	0.02524	0.01033	0.00327	0.00469	0.02284	0.00753	0.00660
16	0.01131	0.00822	0.01064	0.01018	0.01205	0.00756	0.00758	0.01491	0.02234	0.03138	0.59829	0.09813	0.10242	0.01727	0.00962	0.00260	0.00389	0.01526	0.00879	0.00756
17	0.01274	0.00948	0.01438	0.16547	0.02258	0.01086	0.01187	0.01531	0.01411	0.01981	0.02277	0.12363	0.02215	0.03643	0.31074	0.09653	0.01385	0.01010	0.06004	0.00714
18	0.01169	0.00785	0.00899	0.00904	0.00917	0.00780	0.00519	0.01198	0.01261	0.01692	0.06234	0.08403	0.03329	0.64330	0.03807	0.00735	0.00749	0.01249	0.00527	0.00515
19	0.01622	0.03917	0.60756	0.02415	0.07022	0.01834	0.02872	0.02503	0.01714	0.02553	0.01590	0.04706	0.01229	0.00844	0.00784	0.00259	0.01154	0.00680	0.00364	0.01181
20	0.02804	0.11563	0.02525	0.01968	0.02415	0.48040	0.01541	0.07723	0.05808	0.02292	0.01397	0.01587	0.01152	0.00878	0.00829	0.00220	0.05237	0.00561	0.00459	0.01002
21	0.77215	0.01569	0.01193	0.01067	0.01569	0.01820	0.00879	0.02385	0.01381	0.03641	0.01130	0.01318	0.00879	0.00753	0.00502	0.00251	0.00628	0.00439	0.00502	0.00879
22	0.01272	0.00944	0.01104	0.01086	0.01305	0.00914	0.00792	0.01796	0.10731	0.04700	0.22849	0.19657	0.20711	0.06977	0.01184	0.00317	0.00485	0.01588	0.00793	0.00795
23	0.01466	0.01090	0.01349	0.01121	0.01533	0.00904	0.00863	0.01819	0.01999	0.05913	0.32843	0.08932	0.04655	0.01272	0.00814	0.00207	0.00490	0.01106	0.00724	0.30899
24	0.01776	0.02184	0.15352	0.16737	0.33275	0.01821	0.02344	0.02471	0.06395	0.02539	0.01812	0.06408	0.01540	0.00892	0.00815	0.00258	0.00978	0.00813	0.00435	0.01153
25	0.02082	0.51499	0.19733	0.01655	0.02459	0.06425	0.01796	0.02508	0.01700	0.02077	0.01216	0.01412	0.01038	0.00721	0.00594	0.00196	0.00982	0.00480	0.00350	0.01075
26	0.01574	0.01078	0.01309	0.01186	0.01482	0.01069	0.00910	0.02344	0.15512	0.09685	0.43127	0.05184	0.09283	0.01497	0.00915	0.00260	0.00470	0.01299	0.00882	0.00933
