[name]
unknown

[dist]
# distance from previous block
# <min> <max>
6	11

[block]
# block no. 0 follows, 22 sequences, length 17
# corresponding to MSA columns:
# 31-47
name=unknown_A
#
# <colnr> <probs for GDERKNQSTAVLIFYWHMCP>
#	G	D	E	R	K	N	Q	S	T	A	V	L	I	F	Y	W	H	M	C	P
0	0.06850	0.06291	0.04109	0.13860	0.02850	0.01784	0.10116	0.02070	0.01611	0.02412	0.01928	0.11235	0.01818	0.01297	0.03014	0.00303	0.13673	0.00932	0.06478	0.07371
1	0.06823	0.03339	0.02360	0.07534	0.04968	0.48810	0.01670	0.05940	0.02233	0.02308	0.01324	0.01613	0.01091	0.00893	0.00884	0.00234	0.05970	0.00577	0.00442	0.00987
2	0.53016	0.05249	0.01673	0.03605	0.01979	0.07285	0.01122	0.08837	0.05147	0.03593	0.01384	0.01551	0.01070	0.00820	0.00595	0.00251	0.00768	0.00523	0.00545	0.00989
3	0.11179	0.01939	0.02919	0.30759	0.08423	0.07710	0.15399	0.02406	0.01744	0.02464	0.01442	0.02010	0.01125	0.00837	0.00959	0.00274	0.06274	0.00738	0.00406	0.00993
4	0.01895	0.02053	0.04826	0.09665	0.02815	0.07562	0.06665	0.02196	0.01493	0.02120	0.01226	0.01863	0.01109	0.01218	0.02060	0.00321	0.45570	0.00719	0.00379	0.04243
5	0.09225	0.04026	0.59922	0.02239	0.03395	0.01923	0.02851	0.02612	0.01720	0.02741	0.01457	0.01713	0.01037	0.00787	0.00762	0.00262	0.01169	0.00597	0.00367	0.01195
6	0.06948	0.05543	0.03192	0.24927	0.04069	0.09636	0.20217	0.07890	0.02045	0.05334	0.01601	0.02047	0.01201	0.00807	0.00832	0.00261	0.01167	0.00760	0.00468	0.01057
7	0.01158	0.00906	0.01056	0.01008	0.01254	0.00834	0.00759	0.01606	0.06140	0.02922	0.39375	0.06695	0.29602	0.01818	0.00972	0.00270	0.00420	0.01563	0.00855	0.00786
8	0.06815	0.28468	0.02977	0.01643	0.02213	0.02396	0.06671	0.03104	0.24360	0.02820	0.08478	0.02546	0.02289	0.00964	0.00729	0.00238	0.00784	0.00778	0.00605	0.01122
9	0.01208	0.00805	0.00906	0.00906	0.00906	0.00805	0.00503	0.01208	0.01208	0.01611	0.02618	0.05436	0.03020	0.70804	0.04228	0.00805	0.00805	0.01208	0.00503	0.00503
10	0.01224	0.00902	0.01100	0.01186	0.01331	0.00870	0.00832	0.07379	0.01869	0.02453	0.04887	0.54160	0.13939	0.02367	0.01026	0.00320	0.00516	0.02109	0.00777	0.00753
11	0.08771	0.12230	0.02318	0.01655	0.02206	0.11990	0.01343	0.11129	0.27170	0.03220	0.02207	0.02189	0.01703	0.00934	0.00735	0.00236	0.00845	0.00701	0.00650	0.07768
12	0.06460	0.02706	0.02618	0.09051	0.08025	0.23636	0.05843	0.25314	0.02754	0.03421	0.01612	0.01844	0.01226	0.00882	0.00798	0.00243	0.01150	0.00678	0.00575	0.01163
13	0.02156	0.05402	0.12776	0.03773	0.38907	0.08152	0.02322	0.07892	0.02105	0.02858	0.04627	0.02123	0.01566	0.00826	0.00807	0.00244	0.01032	0.00727	0.00463	0.01242
14	0.08359	0.03199	0.36608	0.04909	0.03647	0.01934	0.20938	0.02580	0.01782	0.02722	0.01518	0.01882	0.01113	0.00754	0.00817	0.00262	0.01196	0.00710	0.00394	0.04677
15	0.08576	0.01891	0.03094	0.11167	0.53950	0.01951	0.02380	0.02497	0.01826	0.02744	0.01518	0.02010	0.01258	0.00752	0.00796	0.00251	0.00969	0.00714	0.00416	0.01240
16	0.02286	0.01683	0.02026	0.02084	0.11140	0.04890	0.01462	0.14187	0.12012	0.12040	0.12872	0.04163	0.03237	0.01305	0.00905	0.00277	0.00777	0.10717	0.00783	0.01153

[dist]
# distance from previous block
# <min> <max>
1	6

[block]
# block no. 1 follows, 22 sequences, length 12
# corresponding to MSA columns:
# 54-65
name=unknown_B
#
# <colnr> <probs for GDERKNQSTAVLIFYWHMCP>
#	G	D	E	R	K	N	Q	S	T	A	V	L	I	F	Y	W	H	M	C	P
0	0.11244	0.01965	0.02911	0.07889	0.29660	0.05263	0.08831	0.02708	0.05810	0.06339	0.01674	0.02061	0.01330	0.00864	0.00992	0.00267	0.07810	0.00738	0.00481	0.01164
1	0.02025	0.01956	0.02860	0.23305	0.34898	0.06412	0.02254	0.04926	0.08146	0.02663	0.01716	0.02167	0.01363	0.00823	0.00822	0.00257	0.01022	0.00746	0.00459	0.01179
2	0.02002	0.01919	0.03275	0.12132	0.59009	0.01960	0.02523	0.02502	0.01866	0.02649	0.01553	0.02074	0.01293	0.00750	0.00823	0.00250	0.01000	0.00740	0.00407	0.01273
3	0.01916	0.01728	0.01870	0.01936	0.08335	0.06071	0.01362	0.03454	0.39235	0.03080	0.06605	0.07147	0.06918	0.01318	0.00884	0.00283	0.00716	0.05223	0.00764	0.01155
4	0.55196	0.01777	0.01543	0.07998	0.02171	0.06186	0.01147	0.06006	0.01707	0.07780	0.01389	0.01583	0.01039	0.00813	0.00601	0.00256	0.00765	0.00527	0.00547	0.00970
5	0.01227	0.00901	0.01038	0.01046	0.01281	0.00822	0.00767	0.01593	0.06006	0.05638	0.15225	0.24305	0.32969	0.02063	0.00987	0.00292	0.00463	0.01784	0.00810	0.00782
6	0.01544	0.00924	0.01160	0.01088	0.01358	0.00821	0.00819	0.01836	0.02111	0.13830	0.29717	0.16907	0.21006	0.01837	0.00969	0.00278	0.00469	0.01595	0.00874	0.00854
7	0.01067	0.00839	0.00964	0.00946	0.01178	0.00736	0.00704	0.01353	0.02076	0.02708	0.32764	0.10451	0.37344	0.01954	0.00985	0.00275	0.00411	0.01676	0.00833	0.00736
8	0.67262	0.01582	0.01312	0.01142	0.01673	0.01781	0.00941	0.02649	0.01538	0.11786	0.01430	0.01540	0.01049	0.00804	0.00556	0.00257	0.00651	0.00500	0.00580	0.00966
9	0.04563	0.00940	0.01111	0.01057	0.01293	0.00890	0.00794	0.04430	0.02213	0.03092	0.41381	0.12561	0.19005	0.01799	0.00960	0.00272	0.00443	0.01558	0.00848	0.00791
10	0.01047	0.00771	0.00981	0.01082	0.01201	0.00705	0.00753	0.01262	0.01821	0.02433	0.19869	0.45374	0.15027	0.02308	0.01029	0.00310	0.00451	0.02062	0.00806	0.00705
11	0.01117	0.00832	0.01042	0.01047	0.01235	0.00757	0.00778	0.01429	0.02107	0.02862	0.40293	0.17571	0.19023	0.01964	0.01002	0.00284	0.00432	0.04624	0.00854	0.00748

[dist]
# distance from previous block
# <min> <max>
0	1

[block]
# block no. 2 follows, 22 sequences, length 22
# corresponding to MSA columns:
# 67-88
name=unknown_C
#
# <colnr> <probs for GDERKNQSTAVLIFYWHMCP>
#	G	D	E	R	K	N	Q	S	T	A	V	L	I	F	Y	W	H	M	C	P
0	0.01068	0.00764	0.01002	0.01151	0.01230	0.00719	0.00799	0.01248	0.01673	0.02234	0.10119	0.52612	0.07544	0.07040	0.01270	0.00364	0.00518	0.07197	0.00766	0.00682
1	0.01040	0.00735	0.00956	0.01121	0.01163	0.00693	0.00733	0.01164	0.01537	0.02049	0.04302	0.61106	0.05145	0.12235	0.01508	0.00403	0.00528	0.02199	0.00733	0.00651
2	0.01600	0.01001	0.01234	0.01127	0.01417	0.00922	0.00859	0.05400	0.02259	0.12146	0.33171	0.13293	0.18824	0.01753	0.00960	0.00273	0.00485	0.01516	0.00878	0.00881
3	0.01058	0.00763	0.00977	0.01089	0.01179	0.00709	0.00740	0.01242	0.01726	0.02317	0.16281	0.47599	0.10329	0.08319	0.01314	0.00359	0.00488	0.02050	0.00775	0.00683
4	0.03218	0.01328	0.01779	0.01439	0.01976	0.01180	0.01156	0.05991	0.02301	0.52190	0.03456	0.14850	0.02644	0.01308	0.00875	0.00271	0.00675	0.01105	0.00974	0.01282
5	0.08746	0.01388	0.01820	0.01420	0.02022	0.01236	0.01168	0.03760	0.02307	0.57347	0.07459	0.02959	0.02379	0.01057	0.00823	0.00257	0.00680	0.00855	0.00984	0.01333
6	0.01357	0.00888	0.01132	0.01061	0.01298	0.00802	0.00799	0.01699	0.02233	0.08550	0.47180	0.10737	0.15574	0.01764	0.00973	0.00269	0.00430	0.01542	0.00893	0.00819
7	0.08315	0.01346	0.01734	0.01386	0.01934	0.01229	0.01127	0.03522	0.05112	0.48062	0.13880	0.03323	0.03001	0.01131	0.00838	0.00259	0.00645	0.00929	0.00964	0.01264
8	0.37892	0.01504	0.01597	0.01297	0.01880	0.01522	0.01071	0.03296	0.01926	0.36939	0.02284	0.02135	0.01515	0.00908	0.00685	0.00257	0.00677	0.00655	0.00787	0.01173
9	0.01145	0.00813	0.00959	0.00963	0.01062	0.00770	0.00628	0.01297	0.01657	0.02223	0.20506	0.13531	0.13436	0.34545	0.02526	0.00530	0.00602	0.01499	0.00683	0.00627
10	0.01012	0.00723	0.00964	0.01157	0.01205	0.00675	0.00771	0.01157	0.01591	0.02121	0.04579	0.70262	0.05495	0.02603	0.01060	0.00337	0.00482	0.02362	0.00771	0.00675
11	0.01017	0.00843	0.00891	0.00879	0.01144	0.00716	0.00659	0.01261	0.01978	0.02444	0.18835	0.07667	0.54741	0.02029	0.00981	0.00277	0.00415	0.01707	0.00798	0.00716
12	0.01443	0.00722	0.01082	0.01082	0.01082	0.00722	0.00722	0.01082	0.01082	0.01443	0.01443	0.02525	0.01443	0.02886	0.03247	0.75830	0.00722	0.00722	0.00361	0.00361
13	0.01092	0.00746	0.00955	0.01082	0.01114	0.00714	0.00693	0.01167	0.01453	0.01938	0.03844	0.48092	0.04562	0.21754	0.02078	0.04907	0.00587	0.01942	0.00672	0.00608
14	0.01208	0.00805	0.00906	0.00906	0.00906	0.00805	0.00503	0.01208	0.01208	0.01611	0.02618	0.05436	0.03020	0.70804	0.04228	0.00805	0.00805	0.01208	0.00503	0.00503
15	0.01481	0.00972	0.01230	0.01148	0.01399	0.00923	0.00865	0.02000	0.07616	0.09441	0.44199	0.12952	0.09109	0.01703	0.00963	0.00272	0.00458	0.01496	0.00897	0.00877
16	0.06971	0.00883	0.00965	0.00941	0.01071	0.00865	0.00618	0.01381	0.01595	0.02265	0.17496	0.05722	0.14355	0.38434	0.02671	0.00553	0.00636	0.01307	0.00641	0.00630
17	0.02042	0.02125	0.08095	0.10862	0.51435	0.01993	0.02510	0.05983	0.01975	0.02796	0.01574	0.02045	0.01281	0.00767	0.00821	0.00251	0.01013	0.00731	0.00427	0.01277
18	0.08165	0.35686	0.03163	0.01706	0.06983	0.05388	0.01383	0.05451	0.04842	0.02552	0.01409	0.01598	0.01195	0.00738	0.00611	0.00188	0.00835	0.00520	0.00452	0.17135
19	0.07777	0.06697	0.02339	0.04611	0.15546	0.05517	0.01539	0.10453	0.02153	0.17168	0.02214	0.07435	0.01811	0.01464	0.06587	0.00341	0.00972	0.00838	0.00641	0.03898
20	0.07906	0.15310	0.18599	0.01947	0.06171	0.06619	0.01811	0.02952	0.11253	0.09489	0.02033	0.02364	0.01605	0.01227	0.04585	0.00311	0.01021	0.03106	0.00544	0.01145
21	0.02424	0.04527	0.04298	0.05691	0.02598	0.02078	0.06209	0.36199	0.02923	0.03923	0.02307	0.12752	0.02061	0.04357	0.01013	0.00286	0.00889	0.01013	0.00705	0.03748

[dist]
# distance from previous block
# <min> <max>
0	6

[block]
# block no. 3 follows, 22 sequences, length 71
# corresponding to MSA columns:
# 95-165
name=unknown_D
#
# <colnr> <probs for GDERKNQSTAVLIFYWHMCP>
#	G	D	E	R	K	N	Q	S	T	A	V	L	I	F	Y	W	H	M	C	P
0	0.09381	0.01853	0.05607	0.05862	0.02534	0.04750	0.05341	0.08293	0.05281	0.26767	0.04570	0.02412	0.01806	0.00921	0.00785	0.00241	0.00829	0.00753	0.00733	0.11280
1	0.02306	0.01782	0.01854	0.01642	0.02101	0.05985	0.01287	0.07685	0.39711	0.11826	0.06167	0.06585	0.02784	0.01230	0.00865	0.00277	0.00717	0.03122	0.00839	0.01235
2	0.01284	0.05356	0.01369	0.01245	0.01431	0.01127	0.00929	0.01728	0.09103	0.02331	0.06877	0.35535	0.13887	0.05351	0.01223	0.00335	0.03883	0.05487	0.00727	0.00793
3	0.16783	0.01998	0.05170	0.01728	0.04470	0.02049	0.01402	0.34916	0.02895	0.04244	0.06299	0.06219	0.06051	0.01137	0.00799	0.00259	0.00792	0.00884	0.00729	0.01176
4	0.02220	0.01832	0.06593	0.11811	0.17502	0.04029	0.04434	0.05115	0.02049	0.15454	0.06216	0.03376	0.02248	0.01123	0.00983	0.00279	0.04638	0.08347	0.00618	0.01133
5	0.01927	0.02132	0.07680	0.09403	0.19395	0.02020	0.28213	0.05083	0.01919	0.02661	0.01731	0.05416	0.01447	0.00889	0.01043	0.00278	0.06276	0.00913	0.00440	0.01134
6	0.01669	0.01552	0.02553	0.16841	0.12944	0.01714	0.10828	0.04096	0.04681	0.02416	0.02273	0.15789	0.02227	0.04636	0.03692	0.00357	0.09123	0.01131	0.00509	0.00972
7	0.13691	0.06170	0.02263	0.10364	0.10058	0.05027	0.04024	0.13930	0.02220	0.03190	0.07305	0.05416	0.05224	0.01155	0.00820	0.00266	0.00858	0.06378	0.00603	0.01036
8	0.02069	0.01605	0.02008	0.01644	0.05308	0.01402	0.03365	0.09600	0.04778	0.08081	0.01962	0.02425	0.01606	0.00832	0.00726	0.00184	0.00716	0.04394	0.00601	0.46696
9	0.11224	0.02088	0.06299	0.01951	0.05499	0.02056	0.04223	0.31007	0.05548	0.14844	0.02242	0.05519	0.01683	0.01024	0.00812	0.00259	0.00860	0.00820	0.00758	0.01285
10	0.01864	0.01830	0.07331	0.01967	0.05011	0.01736	0.08963	0.08142	0.25754	0.03341	0.17727	0.03807	0.03499	0.01216	0.00903	0.00276	0.00772	0.03979	0.00746	0.01137
11	0.01630	0.01702	0.05706	0.26664	0.06960	0.01633	0.16638	0.02147	0.01748	0.02390	0.02002	0.12458	0.01837	0.01030	0.00868	0.00262	0.01012	0.01003	0.00462	0.11848
12	0.01161	0.00837	0.01101	0.01082	0.01258	0.00777	0.00807	0.01518	0.02228	0.03128	0.54151	0.15123	0.07380	0.01849	0.00998	0.00277	0.00421	0.04250	0.00888	0.00768
13	0.01205	0.00818	0.00972	0.00972	0.00995	0.00841	0.00586	0.01250	0.01228	0.01660	0.02557	0.05102	0.02875	0.60864	0.13970	0.00887	0.01024	0.01159	0.00494	0.00540
14	0.02996	0.02247	0.02402	0.01879	0.02515	0.02501	0.01540	0.54195	0.12827	0.04975	0.02200	0.02158	0.01579	0.01016	0.00833	0.00254	0.00876	0.00776	0.00833	0.01398
15	0.76672	0.01607	0.01221	0.01092	0.01607	0.01864	0.00900	0.02442	0.01414	0.03727	0.01157	0.01350	0.00900	0.00771	0.00514	0.00257	0.00643	0.00450	0.00514	0.00900
16	0.01830	0.02053	0.07120	0.04826	0.02855	0.02386	0.14829	0.02184	0.01463	0.02184	0.01255	0.01917	0.01125	0.01229	0.02165	0.00336	0.48117	0.00774	0.00375	0.00975
17	0.01234	0.00902	0.01205	0.01367	0.01550	0.00874	0.01143	0.01553	0.01859	0.02392	0.05036	0.18667	0.14074	0.02314	0.01109	0.00360	0.00669	0.42184	0.00767	0.00741
18	0.01997	0.01918	0.03249	0.12082	0.51834	0.01971	0.05287	0.02625	0.05835	0.02692	0.01674	0.02149	0.01367	0.00773	0.00832	0.00254	0.00999	0.00764	0.00435	0.01262
19	0.01012	0.00723	0.00964	0.01157	0.01205	0.00675	0.00771	0.01157	0.01591	0.02121	0.04579	0.70262	0.05495	0.02603	0.01060	0.00337	0.00482	0.02362	0.00771	0.00675
20	0.05193	0.10150	0.01747	0.01244	0.01646	0.01374	0.01000	0.05999	0.04652	0.13943	0.15929	0.14932	0.13461	0.01521	0.00863	0.00261	0.00592	0.01279	0.00777	0.03435
21	0.18636	0.29476	0.03075	0.02167	0.13634	0.16099	0.01551	0.02662	0.01804	0.02496	0.01256	0.01502	0.01076	0.00760	0.00626	0.00215	0.00980	0.00518	0.00415	0.01054
22	0.01527	0.01033	0.01414	0.01258	0.01567	0.00936	0.03089	0.01887	0.02093	0.09022	0.34904	0.08265	0.05385	0.04771	0.03823	0.00329	0.00622	0.07504	0.00798	0.09774
23	0.02097	0.02202	0.06370	0.01846	0.04471	0.12110	0.06185	0.07909	0.07599	0.02915	0.05138	0.02129	0.01689	0.00814	0.00743	0.00196	0.00888	0.00670	0.00548	0.33480
24	0.01188	0.00885	0.01307	0.01307	0.01446	0.01023	0.01004	0.01466	0.01327	0.01908	0.02251	0.03404	0.02138	0.10411	0.63415	0.01301	0.02133	0.00911	0.00449	0.00726
25	0.02467	0.34140	0.03318	0.01973	0.08378	0.11696	0.01553	0.15443	0.05018	0.02869	0.04684	0.01886	0.01566	0.00862	0.00690	0.00213	0.00953	0.00624	0.00521	0.01146
26	0.01932	0.02227	0.12497	0.06992	0.09803	0.01754	0.25613	0.02538	0.01866	0.05811	0.01657	0.02050	0.01259	0.00720	0.00829	0.00234	0.01084	0.00758	0.00454	0.19924
27	0.02436	0.02584	0.13788	0.02737	0.17520	0.15169	0.06940	0.02918	0.02091	0.15373	0.05616	0.02556	0.04644	0.00942	0.00833	0.00250	0.01053	0.00803	0.00573	0.01175
28	0.01060	0.00769	0.01066	0.01206	0.01282	0.00775	0.00845	0.01247	0.01520	0.02068	0.03929	0.51758	0.04551	0.03605	0.19414	0.00613	0.00963	0.01955	0.00681	0.00693
29	0.01666	0.04297	0.66500	0.02368	0.03596	0.01929	0.03069	0.02631	0.01754	0.02631	0.01491	0.01754	0.01052	0.00789	0.00789	0.00263	0.01228	0.00614	0.00351	0.01228
30	0.02366	0.60208	0.04024	0.01540	0.02204	0.13862	0.01452	0.02624	0.01798	0.01967	0.01176	0.01360	0.01067	0.00735	0.00569	0.00184	0.00989	0.00459	0.00367	0.01049
31	0.01871	0.01600	0.01764	0.01445	0.02017	0.01570	0.01127	0.03205	0.32639	0.03040	0.02471	0.02567	0.01956	0.03922	0.00886	0.00231	0.00644	0.00745	0.00668	0.35632
32	0.02519	0.06777	0.12529	0.02333	0.07865	0.23322	0.04075	0.13458	0.10249	0.02936	0.01726	0.01907	0.01341	0.00912	0.00883	0.00247	0.04554	0.00673	0.00530	0.01164
33	0.03038	0.02267	0.02426	0.01887	0.02531	0.02520	0.01550	0.56444	0.10509	0.05043	0.02147	0.02116	0.01536	0.01011	0.00833	0.00253	0.00886	0.00769	0.00833	0.01402
34	0.02020	0.01847	0.03107	0.03059	0.20889	0.01772	0.19281	0.02783	0.10809	0.06198	0.01988	0.02411	0.01585	0.04276	0.01006	0.00268	0.00969	0.00823	0.00529	0.14379
35	0.01778	0.06575	0.42136	0.06794	0.06746	0.02027	0.14101	0.02672	0.04508	0.02615	0.01596	0.01929	0.01173	0.00784	0.00820	0.00263	0.01201	0.00703	0.00390	0.01189
36	0.01208	0.00805	0.00906	0.00906	0.00906	0.00805	0.00503	0.01208	0.01208	0.01611	0.02618	0.05436	0.03020	0.70804	0.04228	0.00805	0.00805	0.01208	0.00503	0.00503
37	0.02162	0.02406	0.09905	0.10018	0.17842	0.08109	0.21663	0.05294	0.05916	0.05856	0.01775	0.02150	0.01344	0.00801	0.00866	0.00262	0.01167	0.00803	0.00480	0.01180
38	0.02250	0.39476	0.13924	0.01966	0.04845	0.02610	0.08980	0.02784	0.04552	0.09091	0.01609	0.01770	0.01266	0.00775	0.00683	0.00219	0.00977	0.00609	0.00458	0.01155
39	0.01560	0.01089	0.01319	0.01325	0.01543	0.01110	0.00961	0.07556	0.11724	0.06834	0.07359	0.45581	0.04559	0.02072	0.00987	0.00311	0.00559	0.01844	0.00813	0.00897
40	0.03700	0.01457	0.01955	0.01499	0.02142	0.01285	0.01238	0.06833	0.02450	0.63311	0.03217	0.02788	0.02026	0.01027	0.00835	0.00257	0.00717	0.00831	0.01019	0.01414
41	0.08650	0.22582	0.13763	0.08286	0.06767	0.02285	0.01782	0.07867	0.05035	0.05751	0.03782	0.04425	0.01604	0.00929	0.00784	0.00243	0.03142	0.00704	0.00505	0.01112
42	0.02387	0.15832	0.03002	0.02583	0.17495	0.07916	0.06372	0.06824	0.13110	0.09987	0.02309	0.02405	0.04334	0.00918	0.00784	0.00242	0.00925	0.00773	0.00591	0.01210
43	0.01011	0.00728	0.00959	0.01143	0.01201	0.00676	0.00765	0.01158	0.01604	0.02126	0.04748	0.67514	0.08133	0.02581	0.01057	0.00335	0.00479	0.02335	0.00771	0.00676
44	0.04662	0.03420	0.40813	0.02745	0.03800	0.01991	0.25386	0.02635	0.01819	0.02684	0.01549	0.01922	0.01125	0.00755	0.00851	0.00269	0.01270	0.00745	0.00383	0.01175
45	0.13155	0.09865	0.16577	0.01708	0.02409	0.08951	0.01655	0.06025	0.10274	0.15093	0.02315	0.02301	0.04327	0.00945	0.00745	0.00249	0.00909	0.00707	0.00621	0.01168
46	0.01370	0.04380	0.01554	0.01275	0.01603	0.01086	0.06050	0.01828	0.06850	0.05275	0.18644	0.14751	0.28595	0.01778	0.00954	0.00278	0.00559	0.01553	0.00770	0.00846
47	0.01065	0.00761	0.01025	0.01218	0.01289	0.00721	0.00864	0.01249	0.01643	0.02180	0.04549	0.60341	0.05378	0.02553	0.01075	0.00345	0.00528	0.11758	0.00770	0.00689
48	0.17779	0.05685	0.12273	0.02718	0.18662	0.13958	0.05699	0.02613	0.01840	0.02744	0.04174	0.01910	0.01404	0.00849	0.00837	0.00251	0.04418	0.00657	0.00445	0.01084
49	0.01980	0.14109	0.23565	0.05334	0.09913	0.07654	0.07819	0.05089	0.04730	0.02582	0.01973	0.02526	0.03664	0.00934	0.00801	0.00254	0.01084	0.04407	0.00455	0.01130
50	0.02377	0.02211	0.01914	0.01723	0.02111	0.21795	0.01334	0.03318	0.22222	0.09475	0.02402	0.02555	0.01877	0.01931	0.12527	0.00442	0.04006	0.00780	0.03921	0.01077
51	0.01169	0.00848	0.01139	0.01152	0.01254	0.00917	0.00821	0.01353	0.01347	0.01859	0.02908	0.08839	0.06645	0.26669	0.38209	0.01028	0.01531	0.01149	0.00507	0.00657
52	0.02180	0.02447	0.13003	0.03325	0.27290	0.05212	0.07341	0.12272	0.09623	0.03140	0.01957	0.02434	0.01571	0.00905	0.00846	0.00261	0.01024	0.03372	0.00537	0.01259
53	0.02177	0.02369	0.03007	0.14045	0.25581	0.18374	0.10677	0.02707	0.04692	0.02451	0.01899	0.02294	0.04295	0.00860	0.00836	0.00251	0.01153	0.00779	0.00446	0.01107
54	0.02112	0.62614	0.06937	0.01435	0.02128	0.03025	0.01446	0.02421	0.01744	0.02095	0.06282	0.01741	0.01606	0.00793	0.00580	0.00188	0.00864	0.00536	0.00400	0.01051
55	0.01836	0.01927	0.12411	0.01454	0.02223	0.01294	0.01354	0.02425	0.05701	0.06820	0.04864	0.02106	0.01662	0.00756	0.00690	0.00171	0.00714	0.00612	0.00546	0.50433
56	0.01097	0.00801	0.00996	0.04067	0.01297	0.00774	0.00732	0.01222	0.01512	0.01971	0.04353	0.36770	0.13199	0.24920	0.02082	0.00481	0.00608	0.01820	0.00665	0.00633
57	0.01041	0.00740	0.00979	0.01160	0.01212	0.00697	0.00783	0.01188	0.01583	0.02107	0.04447	0.63170	0.05304	0.06850	0.01263	0.00369	0.00516	0.05169	0.00754	0.00669
58	0.02692	0.02154	0.07311	0.01986	0.05260	0.02101	0.04084	0.34934	0.08733	0.10684	0.04978	0.02580	0.01927	0.05453	0.01058	0.00291	0.00887	0.00836	0.00763	0.01288
59	0.02065	0.02156	0.06084	0.07433	0.52611	0.05148	0.04947	0.02638	0.03947	0.02674	0.01607	0.02065	0.01321	0.00763	0.00825	0.00250	0.01034	0.00741	0.00422	0.01270
60	0.01189	0.00883	0.01297	0.01297	0.01433	0.01018	0.00991	0.01459	0.01324	0.01901	0.02260	0.03454	0.02160	0.11894	0.61962	0.01289	0.02101	0.00918	0.00450	0.00721
61	0.01238	0.00965	0.01433	0.01403	0.01540	0.01160	0.01101	0.01525	0.01330	0.01934	0.02134	0.03147	0.01997	0.05846	0.62291	0.01257	0.07630	0.00877	0.00438	0.00755
62	0.02391	0.02402	0.02105	0.01986	0.05363	0.19685	0.01464	0.06491	0.41945	0.03124	0.02670	0.02571	0.02035	0.01030	0.00818	0.00260	0.00910	0.00813	0.00711	0.01224
63	0.02150	0.02152	0.09080	0.03743	0.34728	0.01940	0.11702	0.03000	0.11856	0.08255	0.02011	0.02290	0.01541	0.00825	0.00849	0.00260	0.00997	0.00806	0.00529	0.01285
64	0.03158	0.02327	0.02493	0.01911	0.02576	0.02576	0.01579	0.62852	0.03906	0.05236	0.01995	0.01995	0.01413	0.00997	0.00831	0.00249	0.00914	0.00748	0.00831	0.01413
65	0.01325	0.00913	0.01179	0.01091	0.01318	0.00857	0.00825	0.01797	0.04955	0.06097	0.59862	0.05926	0.07361	0.01645	0.00968	0.00262	0.00417	0.01449	0.00917	0.00834
66	0.01100	0.00846	0.01005	0.00965	0.01194	0.00751	0.00724	0.01420	0.02172	0.02904	0.42876	0.06909	0.30413	0.01858	0.00981	0.00269	0.00403	0.01601	0.00858	0.00751
67	0.02355	0.01928	0.02041	0.01749	0.02270	0.02201	0.01385	0.19848	0.48219	0.03940	0.03015	0.02808	0.02239	0.01093	0.00842	0.00273	0.00725	0.00889	0.00842	0.01341
68	0.11895	0.01435	0.01849	0.01435	0.02063	0.01293	0.01185	0.03869	0.02270	0.59203	0.03040	0.02662	0.01927	0.00999	0.00799	0.00257	0.00700	0.00792	0.00971	0.01356
69	0.01208	0.00805	0.00906	0.00906	0.00906	0.00805	0.00503	0.01208	0.01208	0.01611	0.02618	0.05436	0.03020	0.70804	0.04228	0.00805	0.00805	0.01208	0.00503	0.00503
70	0.03057	0.02273	0.02493	0.06176	0.02777	0.02530	0.01625	0.58981	0.03763	0.05037	0.01961	0.02009	0.01393	0.00987	0.00831	0.00251	0.00926	0.00747	0.00802	0.01382

[dist]
# distance from previous block
# <min> <max>
0	5

[block]
# block no. 4 follows, 22 sequences, length 41
# corresponding to MSA columns:
# 171-211
name=unknown_E
#
# <colnr> <probs for GDERKNQSTAVLIFYWHMCP>
#	G	D	E	R	K	N	Q	S	T	A	V	L	I	F	Y	W	H	M	C	P
0	0.01792	0.19538	0.52364	0.02153	0.03263	0.02238	0.02695	0.02598	0.01739	0.02477	0.01414	0.01658	0.01055	0.00771	0.00731	0.00244	0.01151	0.00575	0.00352	0.01191
1	0.72095	0.01771	0.05205	0.01170	0.01728	0.01868	0.01032	0.02454	0.01435	0.03660	0.01177	0.01374	0.00909	0.00772	0.00531	0.00257	0.00678	0.00460	0.00504	0.00920
2	0.01238	0.00917	0.01163	0.01104	0.01313	0.00881	0.00826	0.01772	0.07287	0.03269	0.56501	0.09864	0.07268	0.01707	0.00974	0.00268	0.00419	0.01509	0.00900	0.00820
3	0.01291	0.01087	0.01473	0.04940	0.12517	0.01060	0.01141	0.01668	0.05445	0.02332	0.05020	0.25504	0.24131	0.05183	0.01124	0.00321	0.00613	0.03630	0.00682	0.00838
4	0.03425	0.01347	0.01831	0.01427	0.02017	0.01169	0.01169	0.03755	0.02375	0.58753	0.10608	0.03228	0.02741	0.01108	0.00853	0.00258	0.00670	0.00914	0.01015	0.01339
5	0.01187	0.00890	0.01335	0.01335	0.01483	0.01038	0.01038	0.01483	0.01335	0.01928	0.02225	0.03264	0.02077	0.06231	0.67512	0.01335	0.02225	0.00890	0.00445	0.00742
6	0.01344	0.01121	0.01636	0.01545	0.01657	0.01413	0.01232	0.01612	0.01319	0.01946	0.01943	0.02904	0.01832	0.05043	0.51409	0.01094	0.18893	0.00850	0.00425	0.00783
7	0.01443	0.00722	0.01082	0.01082	0.01082	0.00722	0.00722	0.01082	0.01082	0.01443	0.01443	0.02525	0.01443	0.02886	0.03247	0.75830	0.00722	0.00722	0.00361	0.00361
8	0.02687	0.02045	0.02177	0.01741	0.02323	0.02254	0.01415	0.44164	0.15374	0.04538	0.03027	0.02922	0.09220	0.01154	0.00852	0.00259	0.00806	0.00905	0.00827	0.01309
9	0.01806	0.01888	0.03745	0.24791	0.11061	0.01936	0.33048	0.02418	0.01853	0.02481	0.01764	0.02638	0.01426	0.00842	0.00925	0.00282	0.01224	0.04393	0.00423	0.01056
10	0.01208	0.00805	0.00906	0.00906	0.00906	0.00805	0.00503	0.01208	0.01208	0.01611	0.02618	0.05436	0.03020	0.70804	0.04228	0.00805	0.00805	0.01208	0.00503	0.00503
11	0.02085	0.43949	0.13133	0.01627	0.02299	0.08663	0.01638	0.02462	0.01811	0.02216	0.08171	0.01965	0.01801	0.00879	0.00747	0.00212	0.04270	0.00607	0.00422	0.01043
12	0.01042	0.00844	0.00925	0.00905	0.01159	0.00727	0.00679	0.01309	0.02036	0.02582	0.26046	0.07439	0.47444	0.01978	0.00981	0.00275	0.00412	0.01675	0.00816	0.00727
13	0.01723	0.01477	0.01723	0.01230	0.01969	0.01107	0.00984	0.02092	0.01723	0.02707	0.01477	0.01723	0.01230	0.00615	0.00615	0.00123	0.00615	0.00492	0.00492	0.75883
14	0.01861	0.01457	0.06782	0.01346	0.01851	0.01139	0.01161	0.02267	0.02042	0.14252	0.25456	0.03643	0.03839	0.01330	0.03114	0.00261	0.03877	0.00963	0.00726	0.22633
15	0.06244	0.02146	0.11381	0.01977	0.05240	0.01876	0.04286	0.18473	0.11989	0.18373	0.02556	0.02901	0.01920	0.01064	0.00844	0.00270	0.00870	0.05555	0.00754	0.01278
16	0.02099	0.54188	0.17050	0.01795	0.05522	0.02945	0.01814	0.02520	0.01711	0.02130	0.01244	0.01454	0.01075	0.00728	0.00600	0.00199	0.00963	0.00493	0.00357	0.01111
17	0.01243	0.00988	0.01511	0.01484	0.01661	0.00946	0.07946	0.04301	0.01762	0.02353	0.04112	0.55589	0.04771	0.02289	0.01045	0.00329	0.00625	0.05544	0.00733	0.00766
18	0.01705	0.08974	0.62163	0.02302	0.03493	0.02024	0.02954	0.02621	0.01749	0.02584	0.01467	0.01725	0.01053	0.00784	0.00771	0.00257	0.01204	0.00602	0.00351	0.01216
19	0.01166	0.03890	0.01188	0.01134	0.01358	0.00889	0.00901	0.01442	0.01911	0.02445	0.15237	0.18018	0.27585	0.02114	0.01019	0.00310	0.00538	0.17338	0.00774	0.00743
20	0.01395	0.00871	0.01130	0.01137	0.01338	0.00792	0.00838	0.01665	0.01997	0.09987	0.26185	0.30376	0.12419	0.02034	0.01001	0.00297	0.00482	0.04399	0.00851	0.00806
21	0.01931	0.01526	0.01783	0.01288	0.02016	0.01206	0.01035	0.05988	0.01897	0.06638	0.01616	0.01805	0.01291	0.00664	0.00642	0.00139	0.00639	0.00528	0.00545	0.66823
22	0.01756	0.06236	0.33025	0.02873	0.13515	0.01901	0.14651	0.02474	0.01815	0.02580	0.01886	0.06426	0.01630	0.00960	0.00859	0.00272	0.01135	0.04430	0.00425	0.01152
23	0.01154	0.00791	0.00951	0.00990	0.01030	0.00769	0.00612	0.01248	0.01472	0.01991	0.12262	0.21886	0.04348	0.43510	0.02955	0.00608	0.00663	0.01542	0.00631	0.00588
24	0.02754	0.02126	0.02265	0.01830	0.02422	0.02387	0.01481	0.41204	0.26212	0.04583	0.02508	0.02404	0.01829	0.01045	0.00836	0.00261	0.00819	0.00819	0.00836	0.01377
25	0.01823	0.08295	0.58807	0.02256	0.03417	0.01972	0.02857	0.02706	0.01787	0.06356	0.01576	0.01791	0.01113	0.00799	0.00776	0.00257	0.01176	0.00616	0.00391	0.01229
26	0.01718	0.11717	0.52002	0.02260	0.03342	0.02043	0.06084	0.02548	0.01733	0.02513	0.01506	0.01822	0.01127	0.01099	0.04744	0.00318	0.01258	0.00631	0.00361	0.01174
27	0.01514	0.01402	0.02340	0.62100	0.05274	0.01730	0.02155	0.02027	0.01654	0.02122	0.01784	0.08962	0.01542	0.01006	0.00853	0.00283	0.01045	0.00899	0.00409	0.00898
28	0.01125	0.00842	0.01043	0.01004	0.01213	0.00760	0.00749	0.01465	0.02214	0.03033	0.49700	0.09477	0.20656	0.01830	0.00984	0.00269	0.00402	0.01597	0.00876	0.00760
29	0.01193	0.00893	0.01191	0.01403	0.04912	0.00856	0.00930	0.03972	0.01806	0.02415	0.09414	0.51031	0.08952	0.02307	0.01031	0.00321	0.00534	0.05316	0.00765	0.00758
30	0.02107	0.20488	0.30444	0.02216	0.05551	0.09412	0.05635	0.06514	0.05438	0.02612	0.01535	0.01751	0.01185	0.00802	0.00739	0.00237	0.01121	0.00615	0.00424	0.01173
31	0.02303	0.01254	0.01571	0.01353	0.01764	0.01219	0.01060	0.03081	0.15810	0.26499	0.25226	0.08087	0.04406	0.01380	0.00902	0.00269	0.00572	0.01184	0.00933	0.01126
32	0.01012	0.00723	0.00964	0.01157	0.01205	0.00675	0.00771	0.01157	0.01591	0.02121	0.04579	0.70262	0.05495	0.02603	0.01060	0.00337	0.00482	0.02362	0.00771	0.00675
33	0.05869	0.05062	0.28898	0.26820	0.07866	0.01916	0.05077	0.02380	0.01696	0.02454	0.01467	0.01948	0.01101	0.00856	0.00863	0.02499	0.01117	0.00671	0.00374	0.01067
34	0.11127	0.02238	0.06197	0.21149	0.12416	0.13201	0.01913	0.07589	0.02024	0.08832	0.01616	0.01961	0.01219	0.00874	0.00865	0.00258	0.04258	0.00672	0.00502	0.01088
35	0.46467	0.01806	0.01810	0.01771	0.09275	0.02005	0.01269	0.16710	0.02111	0.07677	0.01526	0.01670	0.01137	0.00836	0.00643	0.00254	0.00750	0.00576	0.00607	0.01099
36	0.01083	0.00887	0.00936	0.00926	0.01174	0.00794	0.00677	0.01408	0.05338	0.02352	0.12839	0.09600	0.48289	0.08471	0.01281	0.00330	0.00470	0.01655	0.00764	0.00724
37	0.01791	0.01713	0.05449	0.36399	0.21712	0.01800	0.02213	0.02432	0.05506	0.04741	0.04524	0.02641	0.01698	0.00916	0.00845	0.00270	0.00996	0.02811	0.00469	0.01076
38	0.06219	0.05763	0.23107	0.02576	0.06025	0.01929	0.23412	0.04824	0.01957	0.09037	0.02133	0.02383	0.05059	0.00861	0.00849	0.00264	0.01120	0.00826	0.00496	0.01162
39	0.01812	0.02628	0.23070	0.02627	0.06048	0.01822	0.24666	0.05326	0.03708	0.02807	0.05404	0.06325	0.01860	0.00918	0.00878	0.00261	0.01109	0.00915	0.00484	0.07333
40	0.36040	0.05065	0.02137	0.23284	0.05352	0.02009	0.04171	0.08100	0.01784	0.03186	0.01376	0.01752	0.01053	0.00805	0.00678	0.00259	0.00875	0.00604	0.00482	0.00988

[dist]
# distance from previous block
# <min> <max>
1	5

[block]
# block no. 5 follows, 22 sequences, length 23
# corresponding to MSA columns:
# 217-239
name=unknown_F
#
# <colnr> <probs for GDERKNQSTAVLIFYWHMCP>
#	G	D	E	R	K	N	Q	S	T	A	V	L	I	F	Y	W	H	M	C	P
0	0.06071	0.04902	0.02773	0.07079	0.08725	0.06217	0.12805	0.18325	0.02461	0.07019	0.05397	0.02809	0.04442	0.01004	0.00845	0.00256	0.00971	0.03542	0.00620	0.03736
1	0.06161	0.14554	0.07245	0.01843	0.02466	0.16598	0.04109	0.12638	0.07001	0.11032	0.01817	0.01905	0.01368	0.00890	0.00808	0.00233	0.03415	0.00647	0.00587	0.04679
2	0.01073	0.00812	0.00946	0.00971	0.01136	0.00733	0.00680	0.01282	0.01835	0.02392	0.21028	0.20502	0.28023	0.13029	0.01514	0.00371	0.00488	0.01734	0.00765	0.00685
3	0.01883	0.05228	0.02811	0.06219	0.27066	0.01932	0.07537	0.02683	0.14474	0.02625	0.02174	0.07305	0.01938	0.06007	0.01229	0.00310	0.05985	0.00936	0.00524	0.01133
4	0.01272	0.00894	0.00981	0.00931	0.01221	0.00765	0.00700	0.01508	0.01969	0.08271	0.15376	0.07156	0.48770	0.05126	0.01118	0.00300	0.00461	0.01609	0.00802	0.00769
5	0.02307	0.01853	0.02096	0.10349	0.02677	0.02096	0.01481	0.25262	0.27959	0.03882	0.05961	0.02966	0.05158	0.01116	0.00851	0.00268	0.00785	0.00910	0.00779	0.01245
6	0.02008	0.27059	0.31813	0.02342	0.09633	0.02453	0.04568	0.06487	0.01893	0.02576	0.01422	0.01674	0.01116	0.00767	0.00714	0.00232	0.01071	0.00591	0.00393	0.01189
7	0.01065	0.00845	0.00957	0.00929	0.01173	0.00737	0.00697	0.01353	0.02090	0.02710	0.32741	0.07228	0.40669	0.01930	0.00981	0.00272	0.00408	0.01646	0.00833	0.00737
8	0.02066	0.01785	0.01878	0.01691	0.02160	0.02066	0.01315	0.04414	0.64121	0.03475	0.03381	0.03099	0.02536	0.01127	0.00845	0.00282	0.00657	0.00939	0.00845	0.01315
9	0.03272	0.01362	0.01791	0.01419	0.01987	0.01229	0.01156	0.03765	0.07287	0.52621	0.07627	0.03106	0.02508	0.01080	0.00830	0.00255	0.00660	0.00887	0.05839	0.01320
10	0.02885	0.02077	0.02264	0.01795	0.02378	0.02273	0.01458	0.50622	0.06097	0.07431	0.02411	0.10082	0.01966	0.01192	0.00859	0.00261	0.00844	0.00949	0.00833	0.01322
11	0.01423	0.01123	0.01461	0.15684	0.02286	0.01205	0.01137	0.07207	0.05025	0.02468	0.07279	0.22736	0.11057	0.14348	0.01544	0.00388	0.00711	0.01457	0.00654	0.00807
12	0.02381	0.01714	0.01888	0.01650	0.02153	0.01906	0.01297	0.04345	0.52410	0.15372	0.03362	0.03048	0.02445	0.01108	0.00843	0.00277	0.00667	0.00920	0.00880	0.01334
13	0.02221	0.71304	0.04353	0.01421	0.02132	0.03287	0.01421	0.02488	0.01688	0.01955	0.01155	0.01333	0.01066	0.00711	0.00533	0.00178	0.00888	0.00444	0.00355	0.01066
14	0.07113	0.01602	0.01836	0.01361	0.02059	0.01392	0.01103	0.11444	0.02127	0.12875	0.01809	0.01908	0.01363	0.00745	0.00674	0.00171	0.00675	0.00580	0.00626	0.48536
15	0.01569	0.01477	0.02492	0.68808	0.05722	0.01846	0.02307	0.02123	0.01661	0.02123	0.01477	0.02215	0.01107	0.00831	0.00831	0.00277	0.01107	0.00738	0.00369	0.00923
16	0.01292	0.00923	0.01285	0.01477	0.01648	0.00916	0.01258	0.01641	0.01867	0.02434	0.04424	0.18026	0.04882	0.02339	0.01135	0.00376	0.00725	0.51833	0.00766	0.00752
17	0.03098	0.01275	0.01726	0.01371	0.01904	0.01113	0.01113	0.03437	0.02371	0.50696	0.18542	0.03660	0.03482	0.01193	0.00871	0.00258	0.00629	0.01000	0.01000	0.01258
18	0.01495	0.01384	0.02261	0.58391	0.05043	0.01682	0.02083	0.02004	0.01698	0.02153	0.02355	0.03168	0.08130	0.01035	0.00862	0.00282	0.01018	0.03633	0.00431	0.00892
19	0.02728	0.11853	0.02753	0.02496	0.13237	0.37047	0.01716	0.08207	0.07617	0.02534	0.01555	0.01752	0.01266	0.00853	0.00749	0.00224	0.01212	0.00611	0.00486	0.01105
20	0.01723	0.01477	0.01723	0.01230	0.01969	0.01107	0.00984	0.02092	0.01723	0.02707	0.01477	0.01723	0.01230	0.00615	0.00615	0.00123	0.00615	0.00492	0.00492	0.75883
21	0.02000	0.01881	0.02697	0.32318	0.09704	0.05359	0.08417	0.09192	0.14426	0.02828	0.01930	0.02320	0.01457	0.00887	0.00845	0.00269	0.01038	0.00795	0.00525	0.01111
22	0.09871	0.04981	0.07282	0.01560	0.02191	0.01664	0.01374	0.09053	0.11837	0.33207	0.06359	0.02695	0.02173	0.01022	0.00797	0.00257	0.00745	0.00810	0.00840	0.01282

[dist]
# distance from previous block
# <min> <max>
0	2

[block]
# block no. 6 follows, 22 sequences, length 103
# corresponding to MSA columns:
# 242-344
name=unknown_G
#
# <colnr> <probs for GDERKNQSTAVLIFYWHMCP>
#	G	D	E	R	K	N	Q	S	T	A	V	L	I	F	Y	W	H	M	C	P
0	0.13776	0.31392	0.18390	0.02141	0.11206	0.05873	0.01897	0.02566	0.01723	0.02502	0.01298	0.01544	0.01072	0.00750	0.00642	0.00222	0.00976	0.00531	0.00391	0.01108
1	0.01549	0.00774	0.00774	0.00774	0.00968	0.00774	0.00581	0.01936	0.01742	0.03097	0.02710	0.03097	0.02129	0.00968	0.00581	0.00194	0.00387	0.00774	0.75416	0.00774
2	0.01198	0.00801	0.00909	0.00919	0.00921	0.00799	0.00517	0.01206	0.01227	0.01636	0.02715	0.08654	0.03143	0.67420	0.04071	0.00782	0.00789	0.01265	0.00517	0.00512
3	0.01525	0.01262	0.01282	0.01211	0.01326	0.07751	0.00826	0.04918	0.01559	0.02014	0.05748	0.04400	0.02772	0.42950	0.13833	0.00756	0.03615	0.01061	0.00522	0.00669
4	0.01760	0.01551	0.02299	0.44614	0.04413	0.01879	0.01981	0.08710	0.07937	0.02597	0.02003	0.05839	0.01688	0.01076	0.00965	0.00288	0.04758	0.04146	0.00505	0.00992
5	0.01012	0.00723	0.00964	0.01157	0.01205	0.00675	0.00771	0.01157	0.01591	0.02121	0.04579	0.70262	0.05495	0.02603	0.01060	0.00337	0.00482	0.02362	0.00771	0.00675
6	0.01736	0.07585	0.50275	0.02485	0.09041	0.01965	0.02743	0.02658	0.04991	0.02636	0.01734	0.02242	0.01357	0.00880	0.00800	0.00264	0.01132	0.03866	0.00405	0.01206
7	0.03727	0.01414	0.01928	0.01478	0.02121	0.01221	0.01221	0.04049	0.02378	0.66198	0.03277	0.02828	0.02056	0.01028	0.00835	0.00257	0.00707	0.00835	0.01028	0.01414
8	0.02008	0.28990	0.10380	0.01740	0.05329	0.04705	0.01547	0.06046	0.12084	0.02767	0.13855	0.02677	0.02628	0.00999	0.00738	0.00229	0.00825	0.00781	0.00573	0.01099
9	0.02343	0.05719	0.19093	0.01832	0.02572	0.02001	0.01795	0.19566	0.13750	0.09758	0.04533	0.02383	0.01829	0.01199	0.03817	0.00299	0.00953	0.00763	0.00673	0.05121
10	0.02521	0.05655	0.08078	0.02169	0.08984	0.11997	0.01676	0.12008	0.24875	0.09832	0.02395	0.02362	0.01778	0.00968	0.00806	0.00254	0.00922	0.00767	0.00687	0.01266
11	0.07204	0.01767	0.09578	0.01464	0.01970	0.04314	0.01297	0.07665	0.05352	0.10571	0.15158	0.10893	0.06784	0.01355	0.00857	0.00260	0.00711	0.03847	0.00726	0.08226
12	0.02058	0.04823	0.03883	0.07167	0.24098	0.02085	0.29376	0.08119	0.02078	0.02841	0.01746	0.04626	0.01433	0.00818	0.00892	0.00264	0.01150	0.00897	0.00463	0.01182
13	0.02161	0.02527	0.15798	0.02140	0.08122	0.07847	0.01807	0.13578	0.22937	0.03338	0.06142	0.02792	0.05024	0.01052	0.00834	0.00262	0.00902	0.00853	0.00662	0.01223
14	0.01208	0.00805	0.00906	0.00906	0.00906	0.00805	0.00503	0.01208	0.01208	0.01611	0.02618	0.05436	0.03020	0.70804	0.04228	0.00805	0.00805	0.01208	0.00503	0.00503
15	0.02501	0.02286	0.05935	0.02184	0.02836	0.05672	0.14015	0.23394	0.22853	0.05932	0.02363	0.02395	0.01733	0.00962	0.00860	0.00265	0.00969	0.00843	0.00713	0.01288
16	0.03158	0.02327	0.02493	0.01911	0.02576	0.02576	0.01579	0.62852	0.03906	0.05236	0.01995	0.01995	0.01413	0.00997	0.00831	0.00249	0.00914	0.00748	0.00831	0.01413
17	0.01723	0.01477	0.01723	0.01230	0.01969	0.01107	0.00984	0.02092	0.01723	0.02707	0.01477	0.01723	0.01230	0.00615	0.00615	0.00123	0.00615	0.00492	0.00492	0.75883
18	0.72591	0.01753	0.04773	0.01162	0.01715	0.01867	0.01018	0.02452	0.01432	0.03668	0.01175	0.01372	0.00908	0.00772	0.00529	0.00257	0.00674	0.00459	0.00505	0.00918
19	0.01327	0.01070	0.01309	0.01278	0.01383	0.04471	0.00930	0.01513	0.01341	0.01831	0.02247	0.03826	0.02289	0.27461	0.39207	0.01046	0.05358	0.00970	0.00459	0.00682
20	0.01723	0.01477	0.01723	0.01230	0.01969	0.01107	0.00984	0.02092	0.01723	0.02707	0.01477	0.01723	0.01230	0.00615	0.00615	0.00123	0.00615	0.00492	0.00492	0.75883
21	0.02214	0.15387	0.02663	0.05891	0.13564	0.10906	0.01601	0.05058	0.13639	0.06301	0.07880	0.04805	0.02237	0.01030	0.00849	0.00246	0.03191	0.00824	0.00589	0.01123
22	0.21675	0.01850	0.02397	0.09400	0.18780	0.01972	0.03912	0.15978	0.02222	0.08138	0.01671	0.01923	0.01256	0.00828	0.00742	0.00249	0.00870	0.00670	0.00577	0.04890
23	0.01216	0.00933	0.01392	0.01375	0.01516	0.01109	0.01075	0.01508	0.01332	0.01932	0.02172	0.03196	0.02031	0.06007	0.64481	0.01290	0.05363	0.00882	0.00441	0.00750
24	0.01738	0.01500	0.01800	0.01412	0.04953	0.01148	0.01058	0.02113	0.01731	0.02707	0.01481	0.01738	0.01234	0.00621	0.00625	0.00129	0.00633	0.00504	0.00488	0.72387
25	0.02524	0.01576	0.01877	0.01438	0.02065	0.01430	0.01161	0.16354	0.02424	0.20568	0.05744	0.06230	0.02101	0.00987	0.00769	0.00208	0.00688	0.00805	0.00754	0.30296
26	0.01902	0.02054	0.06164	0.10816	0.26763	0.05510	0.13902	0.02393	0.01769	0.02433	0.01576	0.02168	0.01313	0.01421	0.08230	0.00386	0.08909	0.00784	0.00405	0.01104
27	0.02920	0.02076	0.02254	0.01778	0.02389	0.02268	0.01452	0.44954	0.12951	0.10426	0.02686	0.02577	0.05213	0.01082	0.00842	0.00257	0.00828	0.00842	0.00848	0.01358
28	0.01546	0.01439	0.02384	0.58835	0.05129	0.01806	0.02160	0.02055	0.01609	0.02097	0.01528	0.02294	0.01199	0.01379	0.07299	0.00383	0.04826	0.00752	0.00376	0.00905
29	0.01549	0.00774	0.00774	0.00774	0.00968	0.00774	0.00581	0.01936	0.01742	0.03097	0.02710	0.03097	0.02129	0.00968	0.00581	0.00194	0.00387	0.00774	0.75416	0.00774
30	0.01961	0.02241	0.04902	0.03501	0.04342	0.02101	0.62605	0.02661	0.01961	0.02661	0.01681	0.02241	0.01261	0.00700	0.00980	0.00280	0.01401	0.00980	0.00420	0.01120
31	0.01443	0.00722	0.01082	0.01082	0.01082	0.00722	0.00722	0.01082	0.01082	0.01443	0.01443	0.02525	0.01443	0.02886	0.03247	0.75830	0.00722	0.00722	0.00361	0.00361
32	0.01953	0.02217	0.04770	0.03428	0.04221	0.02126	0.59210	0.02624	0.01922	0.02624	0.01648	0.02217	0.01251	0.00742	0.01078	0.00285	0.05192	0.00966	0.00417	0.01109
33	0.00982	0.00842	0.00842	0.00842	0.01122	0.00701	0.00631	0.01192	0.01894	0.02244	0.08416	0.07995	0.65285	0.02104	0.00982	0.00281	0.00421	0.01753	0.00771	0.00701
34	0.01569	0.01477	0.02492	0.68808	0.05722	0.01846	0.02307	0.02123	0.01661	0.02123	0.01477	0.02215	0.01107	0.00831	0.00831	0.00277	0.01107	0.00738	0.00369	0.00923
35	0.03652	0.01431	0.01926	0.01488	0.02122	0.01259	0.01225	0.04065	0.05168	0.63363	0.03282	0.02840	0.02078	0.01033	0.00836	0.00258	0.00705	0.00840	0.01020	0.01409
36	0.02603	0.01890	0.02047	0.01574	0.02220	0.05101	0.01271	0.26066	0.02693	0.12662	0.02079	0.05376	0.01622	0.00934	0.00760	0.00207	0.00784	0.00736	0.00711	0.28665
37	0.01974	0.03063	0.34427	0.06471	0.23821	0.01890	0.05665	0.02698	0.01856	0.07890	0.01671	0.01988	0.01234	0.00791	0.00815	0.00259	0.01109	0.00698	0.00431	0.01252
38	0.13384	0.24428	0.20045	0.05560	0.02846	0.04574	0.07104	0.02698	0.03988	0.06118	0.01511	0.01727	0.01165	0.00784	0.00689	0.00236	0.01000	0.00595	0.00442	0.01105
39	0.02686	0.02779	0.02418	0.06200	0.11128	0.32035	0.01719	0.12052	0.02363	0.06168	0.01697	0.02142	0.01393	0.01243	0.04532	0.00304	0.04880	0.02656	0.00526	0.01080
40	0.03071	0.01371	0.01785	0.01436	0.01980	0.01266	0.01161	0.03686	0.10969	0.46996	0.13601	0.03428	0.03086	0.01154	0.00861	0.00261	0.00648	0.00961	0.00984	0.01295
41	0.00982	0.00842	0.00842	0.00842	0.01122	0.00701	0.00631	0.01192	0.01894	0.02244	0.08416	0.07995	0.65285	0.02104	0.00982	0.00281	0.00421	0.01753	0.00771	0.00701
42	0.02220	0.01637	0.01808	0.01542	0.01955	0.01749	0.01201	0.35774	0.02903	0.03861	0.03412	0.23783	0.08656	0.04189	0.01042	0.00300	0.00731	0.01357	0.00795	0.01085
43	0.01176	0.00849	0.01110	0.01045	0.01241	0.00784	0.00784	0.01568	0.02352	0.03331	0.65184	0.06206	0.07839	0.01698	0.00980	0.00261	0.00392	0.01502	0.00914	0.00784
44	0.02411	0.04827	0.02866	0.11278	0.29276	0.04845	0.02036	0.19188	0.06764	0.05684	0.01832	0.02108	0.01409	0.00862	0.00813	0.00250	0.00965	0.00739	0.00572	0.01274
45	0.01208	0.00805	0.00906	0.00906	0.00906	0.00805	0.00503	0.01208	0.01208	0.01611	0.02618	0.05436	0.03020	0.70804	0.04228	0.00805	0.00805	0.01208	0.00503	0.00503
46	0.01797	0.01500	0.01833	0.05185	0.05427	0.01321	0.01182	0.08312	0.04227	0.02885	0.02017	0.10970	0.01863	0.00956	0.00727	0.00185	0.00676	0.00810	0.00566	0.47562
47	0.01537	0.04687	0.01671	0.01622	0.08121	0.01362	0.01091	0.04314	0.11336	0.02764	0.21801	0.04666	0.10167	0.14162	0.04301	0.00407	0.03221	0.01176	0.00693	0.00900
