[name]
unknown

[dist]
# distance from previous block
# <min> <max>
0	21

[block]
# block no. 0 follows, 24 sequences, length 30
# corresponding to MSA columns:
# 21-50
name=unknown_A
#
# <colnr> <probs for GDERKNQSTAVLIFYWHMCP>
#	G	D	E	R	K	N	Q	S	T	A	V	L	I	F	Y	W	H	M	C	P
0	0.01278	0.00913	0.01278	0.01460	0.01643	0.00913	0.01278	0.01643	0.01825	0.02373	0.04199	0.08945	0.04564	0.02191	0.01095	0.00365	0.00730	0.61847	0.00730	0.00730
1	0.02120	0.72609	0.04155	0.01357	0.02035	0.03138	0.01357	0.02374	0.01611	0.01866	0.01102	0.01272	0.01018	0.00678	0.00509	0.00170	0.00848	0.00424	0.00339	0.01018
2	0.02962	0.03779	0.02247	0.02043	0.02451	0.68948	0.01532	0.03166	0.02247	0.01941	0.01226	0.01430	0.01021	0.00817	0.00715	0.00204	0.01430	0.00511	0.00409	0.00919
3	0.01872	0.02139	0.04679	0.03342	0.04144	0.02005	0.64305	0.02540	0.01872	0.02540	0.01604	0.02139	0.01203	0.00668	0.00936	0.00267	0.01337	0.00936	0.00401	0.01070
4	0.01972	0.01703	0.01793	0.01614	0.02062	0.01972	0.01255	0.04214	0.65752	0.03317	0.03228	0.02959	0.02421	0.01076	0.00807	0.00269	0.00628	0.00897	0.00807	0.01255
5	0.01122	0.00811	0.01060	0.00998	0.01185	0.00748	0.00748	0.01496	0.02245	0.03180	0.66766	0.05923	0.07482	0.01621	0.00935	0.00249	0.00374	0.01434	0.00873	0.00748
6	0.00992	0.00708	0.00949	0.01133	0.01190	0.00666	0.00780	0.01148	0.01543	0.02053	0.04357	0.66486	0.05189	0.02460	0.01019	0.00326	0.00482	0.07130	0.00736	0.00651
7	0.03506	0.01559	0.01875	0.01465	0.02061	0.07018	0.01197	0.03804	0.02268	0.62053	0.02964	0.02589	0.01882	0.00967	0.00790	0.00242	0.00740	0.00773	0.00932	0.01312
8	0.01122	0.00811	0.01060	0.00998	0.01185	0.00748	0.00748	0.01496	0.02245	0.03180	0.66766	0.05923	0.07482	0.01621	0.00935	0.00249	0.00374	0.01434	0.00873	0.00748
9	0.01872	0.02139	0.04679	0.03342	0.04144	0.02005	0.64305	0.02540	0.01872	0.02540	0.01604	0.02139	0.01203	0.00668	0.00936	0.00267	0.01337	0.00936	0.00401	0.01070
10	0.03014	0.02221	0.02380	0.01825	0.02459	0.02459	0.01507	0.64541	0.03728	0.04998	0.01904	0.01904	0.01349	0.00952	0.00793	0.00238	0.00873	0.00714	0.00793	0.01349
11	0.00978	0.00695	0.00917	0.01089	0.01132	0.00652	0.00719	0.01107	0.01494	0.01993	0.04249	0.67288	0.05091	0.07020	0.01209	0.00351	0.00480	0.02183	0.00719	0.00633
12	0.00966	0.00690	0.00920	0.01104	0.01150	0.00644	0.00736	0.01104	0.01518	0.02024	0.04371	0.71614	0.05245	0.02484	0.01012	0.00322	0.00460	0.02254	0.00736	0.00644
13	0.02120	0.72609	0.04155	0.01357	0.02035	0.03138	0.01357	0.02374	0.01611	0.01866	0.01102	0.01272	0.01018	0.00678	0.00509	0.00170	0.00848	0.00424	0.00339	0.01018
14	0.74388	0.01564	0.01220	0.01078	0.01575	0.01809	0.00888	0.05116	0.01456	0.03622	0.01140	0.01316	0.00881	0.00746	0.00504	0.00245	0.00625	0.00442	0.00504	0.00881
15	0.01853	0.02082	0.04418	0.03170	0.03934	0.01970	0.58206	0.02484	0.01832	0.02517	0.01570	0.02095	0.01195	0.00694	0.00985	0.00262	0.04148	0.00900	0.00403	0.05283
16	0.67173	0.01574	0.01303	0.01127	0.01636	0.01791	0.00928	0.07201	0.01592	0.07848	0.01297	0.01427	0.00968	0.00769	0.00534	0.00245	0.00637	0.00475	0.00546	0.00928
17	0.77733	0.01534	0.01166	0.01043	0.01534	0.01779	0.00859	0.02331	0.01350	0.03558	0.01104	0.01288	0.00859	0.00736	0.00491	0.00245	0.00613	0.00429	0.00491	0.00859
18	0.01122	0.00811	0.01060	0.00998	0.01185	0.00748	0.00748	0.01496	0.02245	0.03180	0.66766	0.05923	0.07482	0.01621	0.00935	0.00249	0.00374	0.01434	0.00873	0.00748
19	0.01949	0.01539	0.01709	0.01300	0.01920	0.04065	0.01031	0.09496	0.01953	0.07754	0.01847	0.07787	0.01600	0.00834	0.00670	0.00163	0.00652	0.00679	0.00567	0.52485
20	0.02120	0.72609	0.04155	0.01357	0.02035	0.03138	0.01357	0.02374	0.01611	0.01866	0.01102	0.01272	0.01018	0.00678	0.00509	0.00170	0.00848	0.00424	0.00339	0.01018
21	0.01760	0.01441	0.01739	0.01285	0.01909	0.01210	0.01037	0.02091	0.01633	0.06135	0.01466	0.01713	0.01204	0.00695	0.00815	0.00149	0.08108	0.00512	0.00485	0.64611
22	0.13413	0.08453	0.02235	0.01809	0.02275	0.44675	0.01410	0.09461	0.04901	0.02541	0.01354	0.01512	0.01091	0.00820	0.00680	0.00214	0.01178	0.00530	0.00472	0.00977
23	0.02853	0.03004	0.02233	0.01917	0.02404	0.38625	0.01489	0.23392	0.10845	0.03117	0.01703	0.01780	0.01307	0.00894	0.00752	0.00224	0.01145	0.00627	0.00585	0.01103
24	0.01865	0.02120	0.04572	0.03282	0.04046	0.02026	0.61315	0.02510	0.01840	0.02510	0.01577	0.02120	0.01195	0.00703	0.01015	0.00271	0.04650	0.00924	0.00398	0.01060
25	0.02959	0.03182	0.02248	0.01942	0.02420	0.45786	0.01500	0.19579	0.05272	0.05418	0.01565	0.01670	0.01204	0.00870	0.00743	0.00218	0.01218	0.00592	0.00550	0.01065
26	0.01150	0.01061	0.06148	0.01086	0.01351	0.00828	0.00908	0.01559	0.02183	0.03086	0.59369	0.05670	0.09438	0.01571	0.00922	0.00250	0.00436	0.01379	0.00826	0.00777
27	0.02910	0.02159	0.02324	0.01775	0.02415	0.02352	0.01464	0.59778	0.03570	0.04814	0.01866	0.01884	0.01335	0.00924	0.00778	0.00229	0.00851	0.00695	0.00769	0.07107
28	0.52532	0.01531	0.01402	0.01191	0.01701	0.01687	0.00976	0.07390	0.04316	0.15330	0.04161	0.01838	0.01416	0.00845	0.00600	0.00246	0.00636	0.00576	0.00631	0.00997
29	0.05501	0.01658	0.01806	0.01554	0.02039	0.01836	0.01230	0.10629	0.43350	0.13641	0.05811	0.02863	0.02390	0.01057	0.00796	0.00260	0.00650	0.00865	0.00822	0.01241

[dist]
# distance from previous block
# <min> <max>
5	12

[block]
# block no. 1 follows, 24 sequences, length 49
# corresponding to MSA columns:
# 63-111
name=unknown_B
#
# <colnr> <probs for GDERKNQSTAVLIFYWHMCP>
#	G	D	E	R	K	N	Q	S	T	A	V	L	I	F	Y	W	H	M	C	P
0	0.02092	0.68991	0.07528	0.01405	0.02109	0.03069	0.01440	0.02382	0.01615	0.01900	0.01119	0.01293	0.01017	0.00682	0.00522	0.00174	0.00865	0.00433	0.00339	0.01026
1	0.02120	0.72609	0.04155	0.01357	0.02035	0.03138	0.01357	0.02374	0.01611	0.01866	0.01102	0.01272	0.01018	0.00678	0.00509	0.00170	0.00848	0.00424	0.00339	0.01018
2	0.01776	0.28145	0.45608	0.01943	0.02942	0.02296	0.02378	0.02463	0.01652	0.02285	0.01311	0.01533	0.01009	0.00727	0.00668	0.00223	0.01058	0.00529	0.00336	0.01118
3	0.02120	0.72609	0.04155	0.01357	0.02035	0.03138	0.01357	0.02374	0.01611	0.01866	0.01102	0.01272	0.01018	0.00678	0.00509	0.00170	0.00848	0.00424	0.00339	0.01018
4	0.01114	0.00810	0.01048	0.00988	0.01179	0.00745	0.00741	0.01480	0.02224	0.03131	0.64006	0.06004	0.10273	0.01639	0.00935	0.00250	0.00375	0.01445	0.00867	0.00745
5	0.01153	0.00769	0.00865	0.00865	0.00865	0.00769	0.00480	0.01153	0.01153	0.01538	0.02499	0.05189	0.02883	0.72131	0.04036	0.00769	0.00769	0.01153	0.00480	0.00480
6	0.00966	0.00690	0.00920	0.01104	0.01150	0.00644	0.00736	0.01104	0.01518	0.02024	0.04371	0.71614	0.05245	0.02484	0.01012	0.00322	0.00460	0.02254	0.00736	0.00644
7	0.01478	0.00739	0.00739	0.00739	0.00924	0.00739	0.00554	0.01848	0.01663	0.02956	0.02587	0.02956	0.02033	0.00924	0.00554	0.00185	0.00370	0.00739	0.76534	0.00739
8	0.77733	0.01534	0.01166	0.01043	0.01534	0.01779	0.00859	0.02331	0.01350	0.03558	0.01104	0.01288	0.00859	0.00736	0.00491	0.00245	0.00613	0.00429	0.00491	0.00859
9	0.01963	0.01884	0.03219	0.04867	0.67185	0.01884	0.02434	0.02434	0.01806	0.02591	0.01492	0.01963	0.01256	0.00707	0.00785	0.00236	0.00942	0.00707	0.00393	0.01256
10	0.01478	0.00739	0.00739	0.00739	0.00924	0.00739	0.00554	0.01848	0.01663	0.02956	0.02587	0.02956	0.02033	0.00924	0.00554	0.00185	0.00370	0.00739	0.76534	0.00739
11	0.01963	0.01884	0.03219	0.04867	0.67185	0.01884	0.02434	0.02434	0.01806	0.02591	0.01492	0.01963	0.01256	0.00707	0.00785	0.00236	0.00942	0.00707	0.00393	0.01256
12	0.01963	0.01884	0.03219	0.04867	0.67185	0.01884	0.02434	0.02434	0.01806	0.02591	0.01492	0.01963	0.01256	0.00707	0.00785	0.00236	0.00942	0.00707	0.00393	0.01256
13	0.01872	0.02139	0.04679	0.03342	0.04144	0.02005	0.64305	0.02540	0.01872	0.02540	0.01604	0.02139	0.01203	0.00668	0.00936	0.00267	0.01337	0.00936	0.00401	0.01070
14	0.01153	0.00769	0.00865	0.00865	0.00865	0.00769	0.00480	0.01153	0.01153	0.01538	0.02499	0.05189	0.02883	0.72131	0.04036	0.00769	0.00769	0.01153	0.00480	0.00480
15	0.02962	0.03779	0.02247	0.02043	0.02451	0.68948	0.01532	0.03166	0.02247	0.01941	0.01226	0.01430	0.01021	0.00817	0.00715	0.00204	0.01430	0.00511	0.00409	0.00919
16	0.02903	0.02166	0.02317	0.01802	0.02417	0.02407	0.01480	0.58087	0.10363	0.04818	0.02045	0.02017	0.01463	0.00965	0.00795	0.00241	0.00846	0.00733	0.00795	0.01339
17	0.00966	0.00690	0.00920	0.01104	0.01150	0.00644	0.00736	0.01104	0.01518	0.02024	0.04371	0.71614	0.05245	0.02484	0.01012	0.00322	0.00460	0.02254	0.00736	0.00644
18	0.01660	0.01424	0.01652	0.01196	0.01888	0.01102	0.00955	0.02105	0.04787	0.02620	0.01499	0.01709	0.01236	0.00611	0.00598	0.00125	0.00589	0.00491	0.00486	0.73268
19	0.06435	0.01395	0.01808	0.01417	0.02008	0.01277	0.01162	0.03839	0.09023	0.58207	0.03056	0.02669	0.01967	0.00981	0.00786	0.00248	0.00667	0.00793	0.00943	0.01319
20	0.01153	0.00769	0.00865	0.00865	0.00865	0.00769	0.00480	0.01153	0.01153	0.01538	0.02499	0.05189	0.02883	0.72131	0.04036	0.00769	0.00769	0.01153	0.00480	0.00480
21	0.01261	0.00900	0.01258	0.01441	0.01616	0.00898	0.01248	0.01613	0.01808	0.02354	0.04208	0.12419	0.04601	0.02207	0.01091	0.00363	0.00715	0.58544	0.00731	0.00725
22	0.01943	0.01594	0.01717	0.01540	0.01967	0.01810	0.01197	0.03909	0.56479	0.05819	0.10021	0.03266	0.02944	0.01130	0.00820	0.00266	0.00602	0.00950	0.00821	0.01205
23	0.01735	0.01735	0.02429	0.02082	0.02082	0.02429	0.01735	0.01908	0.01214	0.01908	0.01041	0.01735	0.01041	0.01388	0.02602	0.00347	0.70680	0.00694	0.00347	0.00867
24	0.01963	0.01884	0.03219	0.04867	0.67185	0.01884	0.02434	0.02434	0.01806	0.02591	0.01492	0.01963	0.01256	0.00707	0.00785	0.00236	0.00942	0.00707	0.00393	0.01256
25	0.01498	0.01409	0.02378	0.70226	0.05462	0.01762	0.02202	0.02026	0.01586	0.02026	0.01409	0.02114	0.01057	0.00793	0.00793	0.00264	0.01057	0.00705	0.00352	0.00881
26	0.01614	0.07139	0.65191	0.02220	0.03370	0.01899	0.02860	0.02505	0.01671	0.02483	0.01409	0.01656	0.01005	0.00750	0.00743	0.00248	0.01158	0.00579	0.00335	0.01165
27	0.01872	0.02139	0.04679	0.03342	0.04144	0.02005	0.64305	0.02540	0.01872	0.02540	0.01604	0.02139	0.01203	0.00668	0.00936	0.00267	0.01337	0.00936	0.00401	0.01070
28	0.01478	0.00739	0.00739	0.00739	0.00924	0.00739	0.00554	0.01848	0.01663	0.02956	0.02587	0.02956	0.02033	0.00924	0.00554	0.00185	0.00370	0.00739	0.76534	0.00739
29	0.01859	0.02101	0.04467	0.03224	0.03950	0.02045	0.58413	0.02481	0.01810	0.02481	0.01551	0.02101	0.01188	0.00736	0.01093	0.00275	0.07866	0.00913	0.00396	0.01050
30	0.02773	0.02057	0.02369	0.01804	0.02447	0.02188	0.04895	0.48169	0.06231	0.07582	0.01953	0.01976	0.01401	0.00902	0.00779	0.00228	0.00845	0.00711	0.00745	0.09945
31	0.18582	0.02736	0.02070	0.01754	0.02263	0.30401	0.01382	0.25637	0.02606	0.03406	0.01451	0.01575	0.01108	0.00850	0.00697	0.00225	0.01054	0.00569	0.00568	0.01065
32	0.02966	0.01482	0.01823	0.01487	0.02038	0.01466	0.01199	0.03995	0.25950	0.43706	0.03165	0.02796	0.02134	0.01017	0.00801	0.00254	0.00657	0.00834	0.00916	0.01314
33	0.01679	0.01441	0.01660	0.01222	0.01899	0.01155	0.00973	0.02234	0.08502	0.02662	0.01604	0.01785	0.01308	0.00640	0.00611	0.00134	0.00592	0.00515	0.00506	0.68879
34	0.03014	0.02221	0.02380	0.01825	0.02459	0.02459	0.01507	0.64541	0.03728	0.04998	0.01904	0.01904	0.01349	0.00952	0.00793	0.00238	0.00873	0.00714	0.00793	0.01349
35	0.00966	0.00690	0.00920	0.01104	0.01150	0.00644	0.00736	0.01104	0.01518	0.02024	0.04371	0.71614	0.05245	0.02484	0.01012	0.00322	0.00460	0.02254	0.00736	0.00644
36	0.03257	0.01832	0.02139	0.01640	0.02265	0.01881	0.01354	0.37420	0.03076	0.33039	0.02451	0.02259	0.01623	0.00965	0.00795	0.00241	0.00784	0.00751	0.00877	0.01349
37	0.02084	0.01759	0.01856	0.01636	0.02105	0.02024	0.01282	0.10667	0.59117	0.03497	0.03086	0.02846	0.02306	0.01063	0.00805	0.00266	0.00654	0.00877	0.00805	0.01265
38	0.01122	0.00811	0.01060	0.00998	0.01185	0.00748	0.00748	0.01496	0.02245	0.03180	0.66766	0.05923	0.07482	0.01621	0.00935	0.00249	0.00374	0.01434	0.00873	0.00748
39	0.03073	0.02128	0.02322	0.01780	0.02413	0.02321	0.01471	0.58050	0.03572	0.11709	0.02035	0.01989	0.01414	0.00955	0.00794	0.00239	0.00851	0.00723	0.00813	0.01349
40	0.00983	0.00703	0.00935	0.01093	0.01154	0.00655	0.00737	0.01146	0.01596	0.02148	0.11045	0.64587	0.05484	0.02392	0.01004	0.00314	0.00451	0.02167	0.00751	0.00655
41	0.03558	0.01350	0.01840	0.01411	0.02024	0.01166	0.01166	0.03865	0.02270	0.67734	0.03128	0.02699	0.01963	0.00981	0.00797	0.00245	0.00675	0.00797	0.00981	0.01350
42	0.03014	0.02221	0.02380	0.01825	0.02459	0.02459	0.01507	0.64541	0.03728	0.04998	0.01904	0.01904	0.01349	0.00952	0.00793	0.00238	0.00873	0.00714	0.00793	0.01349
43	0.02489	0.02037	0.02043	0.01716	0.02235	0.07225	0.01365	0.26113	0.35865	0.06295	0.02589	0.02448	0.01906	0.01007	0.00795	0.00252	0.00780	0.00797	0.00778	0.01267
44	0.02676	0.03269	0.02049	0.01854	0.02255	0.55524	0.01398	0.06280	0.02267	0.02139	0.02234	0.02341	0.10430	0.00995	0.00751	0.00215	0.01252	0.00688	0.00477	0.00907
45	0.02958	0.01467	0.01810	0.01442	0.01989	0.01419	0.01172	0.13069	0.10880	0.41532	0.07567	0.03091	0.05733	0.01087	0.00815	0.00249	0.00664	0.00887	0.00909	0.01260
46	0.01133	0.00850	0.01274	0.01274	0.01416	0.00991	0.00991	0.01416	0.01274	0.01841	0.02124	0.03115	0.01982	0.05947	0.68989	0.01274	0.02124	0.00850	0.00425	0.00708
47	0.02303	0.01630	0.01803	0.01571	0.02054	0.01804	0.01236	0.04141	0.52507	0.16758	0.03207	0.02904	0.02325	0.01056	0.00805	0.00264	0.00637	0.00876	0.00843	0.01275
48	0.02060	0.01528	0.01779	0.01300	0.01984	0.01285	0.01051	0.11847	0.02033	0.09926	0.01670	0.01797	0.01286	0.00686	0.00642	0.00150	0.00641	0.00543	0.00574	0.57218

[dist]
# distance from previous block
# <min> <max>
6	11

[block]
# block no. 2 follows, 24 sequences, length 27
# corresponding to MSA columns:
# 123-149
name=unknown_C
#
# <colnr> <probs for GDERKNQSTAVLIFYWHMCP>
#	G	D	E	R	K	N	Q	S	T	A	V	L	I	F	Y	W	H	M	C	P
0	0.03159	0.01344	0.01757	0.01390	0.01952	0.01219	0.01134	0.03686	0.09536	0.54750	0.06083	0.03079	0.05040	0.01064	0.00810	0.00249	0.00645	0.00874	0.00946	0.01284
1	0.02965	0.03694	0.02254	0.02031	0.02452	0.65318	0.01531	0.06517	0.02328	0.02108	0.01263	0.01456	0.01039	0.00825	0.00719	0.00206	0.01400	0.00522	0.00430	0.00943
2	0.01533	0.01446	0.02443	0.65227	0.10182	0.01771	0.02220	0.02057	0.01602	0.02069	0.01416	0.02103	0.01072	0.00786	0.00792	0.00262	0.01048	0.00705	0.00355	0.00910
3	0.01858	0.02095	0.04496	0.03212	0.04008	0.01948	0.60485	0.02507	0.01858	0.02543	0.01593	0.02109	0.01201	0.00664	0.00915	0.00258	0.01292	0.00908	0.00405	0.05645
4	0.01122	0.00811	0.01060	0.00998	0.01185	0.00748	0.00748	0.01496	0.02245	0.03180	0.66766	0.05923	0.07482	0.01621	0.00935	0.00249	0.00374	0.01434	0.00873	0.00748
5	0.03014	0.02221	0.02380	0.01825	0.02459	0.02459	0.01507	0.64541	0.03728	0.04998	0.01904	0.01904	0.01349	0.00952	0.00793	0.00238	0.00873	0.00714	0.00793	0.01349
6	0.02055	0.01685	0.01796	0.01603	0.02060	0.01931	0.01251	0.04196	0.62460	0.06658	0.03222	0.02945	0.02397	0.01071	0.00806	0.00268	0.00630	0.00891	0.00816	0.01260
7	0.01133	0.00850	0.01274	0.01274	0.01416	0.00991	0.00991	0.01416	0.01274	0.01841	0.02124	0.03115	0.01982	0.05947	0.68989	0.01274	0.02124	0.00850	0.00425	0.00708
8	0.00937	0.00803	0.00803	0.00803	0.01071	0.00669	0.00602	0.01138	0.01807	0.02142	0.08033	0.07632	0.66863	0.02008	0.00937	0.00268	0.00402	0.01674	0.00736	0.00669
9	0.02135	0.01667	0.01798	0.01593	0.02058	0.01889	0.01246	0.04178	0.59223	0.09942	0.03217	0.02932	0.02374	0.01066	0.00806	0.00267	0.00632	0.00886	0.00825	0.01265
10	0.01122	0.00811	0.01060	0.00998	0.01185	0.00748	0.00748	0.01496	0.02245	0.03180	0.66766	0.05923	0.07482	0.01621	0.00935	0.00249	0.00374	0.01434	0.00873	0.00748
11	0.01644	0.01409	0.01644	0.01175	0.01879	0.01057	0.00940	0.01997	0.01644	0.02584	0.01409	0.01644	0.01175	0.00587	0.00587	0.00117	0.00587	0.00470	0.00470	0.76979
12	0.01707	0.01612	0.02485	0.01775	0.02507	0.01320	0.18500	0.02147	0.01707	0.02572	0.01463	0.01781	0.01182	0.00610	0.00684	0.00159	0.00795	0.00599	0.00451	0.55942
13	0.03014	0.02221	0.02380	0.01825	0.02459	0.02459	0.01507	0.64541	0.03728	0.04998	0.01904	0.01904	0.01349	0.00952	0.00793	0.00238	0.00873	0.00714	0.00793	0.01349
14	0.01644	0.01409	0.01644	0.01175	0.01879	0.01057	0.00940	0.01997	0.01644	0.02584	0.01409	0.01644	0.01175	0.00587	0.00587	0.00117	0.00587	0.00470	0.00470	0.76979
15	0.00966	0.00690	0.00920	0.01104	0.01150	0.00644	0.00736	0.01104	0.01518	0.02024	0.04371	0.71614	0.05245	0.02484	0.01012	0.00322	0.00460	0.02254	0.00736	0.00644
16	0.01972	0.01703	0.01793	0.01614	0.02062	0.01972	0.01255	0.04214	0.65752	0.03317	0.03228	0.02959	0.02421	0.01076	0.00807	0.00269	0.00628	0.00897	0.00807	0.01255
17	0.01735	0.01735	0.02429	0.02082	0.02082	0.02429	0.01735	0.01908	0.01214	0.01908	0.01041	0.01735	0.01041	0.01388	0.02602	0.00347	0.70680	0.00694	0.00347	0.00867
18	0.01972	0.01703	0.01793	0.01614	0.02062	0.01972	0.01255	0.04214	0.65752	0.03317	0.03228	0.02959	0.02421	0.01076	0.00807	0.00269	0.00628	0.00897	0.00807	0.01255
19	0.00980	0.00696	0.00916	0.01087	0.01130	0.00653	0.00718	0.01108	0.01492	0.01989	0.04235	0.66811	0.05074	0.07520	0.01231	0.00354	0.00482	0.02175	0.00718	0.00632
20	0.01122	0.00811	0.01060	0.00998	0.01185	0.00748	0.00748	0.01496	0.02245	0.03180	0.66766	0.05923	0.07482	0.01621	0.00935	0.00249	0.00374	0.01434	0.00873	0.00748
21	0.01872	0.02139	0.04679	0.03342	0.04144	0.02005	0.64305	0.02540	0.01872	0.02540	0.01604	0.02139	0.01203	0.00668	0.00936	0.00267	0.01337	0.00936	0.00401	0.01070
22	0.77733	0.01534	0.01166	0.01043	0.01534	0.01779	0.00859	0.02331	0.01350	0.03558	0.01104	0.01288	0.00859	0.00736	0.00491	0.00245	0.00613	0.00429	0.00491	0.00859
23	0.02962	0.03779	0.02247	0.02043	0.02451	0.68948	0.01532	0.03166	0.02247	0.01941	0.01226	0.01430	0.01021	0.00817	0.00715	0.00204	0.01430	0.00511	0.00409	0.00919
24	0.01108	0.00810	0.01040	0.00983	0.01176	0.00742	0.00737	0.01469	0.02211	0.03101	0.62275	0.06054	0.12023	0.01651	0.00935	0.00251	0.00376	0.01452	0.00862	0.00742
25	0.00966	0.00690	0.00920	0.01104	0.01150	0.00644	0.00736	0.01104	0.01518	0.02024	0.04371	0.71614	0.05245	0.02484	0.01012	0.00322	0.00460	0.02254	0.00736	0.00644
26	0.01148	0.00805	0.01037	0.00979	0.01166	0.00748	0.00734	0.01522	0.02203	0.03164	0.62126	0.05709	0.07088	0.01571	0.00908	0.00245	0.00374	0.01384	0.06344	0.00748

[dist]
# distance from previous block
# <min> <max>
0	1

[block]
# block no. 3 follows, 24 sequences, length 19
# corresponding to MSA columns:
# 151-169
name=unknown_D
#
# <colnr> <probs for GDERKNQSTAVLIFYWHMCP>
#	G	D	E	R	K	N	Q	S	T	A	V	L	I	F	Y	W	H	M	C	P
0	0.02120	0.72609	0.04155	0.01357	0.02035	0.03138	0.01357	0.02374	0.01611	0.01866	0.01102	0.01272	0.01018	0.00678	0.00509	0.00170	0.00848	0.00424	0.00339	0.01018
1	0.01901	0.44332	0.30517	0.01730	0.02612	0.02603	0.02006	0.02431	0.01637	0.02132	0.01235	0.01438	0.01012	0.00709	0.00610	0.00203	0.00982	0.00491	0.00337	0.01081
2	0.01112	0.00810	0.01045	0.00986	0.01178	0.00744	0.00740	0.01476	0.02219	0.03120	0.63352	0.06023	0.10934	0.01644	0.00935	0.00250	0.00376	0.01448	0.00865	0.00744
3	0.00966	0.00690	0.00920	0.01104	0.01150	0.00644	0.00736	0.01104	0.01518	0.02024	0.04371	0.71614	0.05245	0.02484	0.01012	0.00322	0.00460	0.02254	0.00736	0.00644
4	0.01254	0.00895	0.01250	0.01433	0.01605	0.00892	0.01236	0.01601	0.01802	0.02346	0.04212	0.13824	0.04617	0.02213	0.01089	0.00362	0.00709	0.57207	0.00731	0.00723
5	0.03014	0.02221	0.02380	0.01825	0.02459	0.02459	0.01507	0.64541	0.03728	0.04998	0.01904	0.01904	0.01349	0.00952	0.00793	0.00238	0.00873	0.00714	0.00793	0.01349
6	0.03558	0.01350	0.01840	0.01411	0.02024	0.01166	0.01166	0.03865	0.02270	0.67734	0.03128	0.02699	0.01963	0.00981	0.00797	0.00245	0.00675	0.00797	0.00981	0.01350
7	0.00937	0.00803	0.00803	0.00803	0.01071	0.00669	0.00602	0.01138	0.01807	0.02142	0.08033	0.07632	0.66863	0.02008	0.00937	0.00268	0.00402	0.01674	0.00736	0.00669
8	0.03014	0.02221	0.02380	0.01825	0.02459	0.02459	0.01507	0.64541	0.03728	0.04998	0.01904	0.01904	0.01349	0.00952	0.00793	0.00238	0.00873	0.00714	0.00793	0.01349
9	0.03526	0.01401	0.01872	0.01435	0.02050	0.01242	0.01186	0.07473	0.02356	0.64003	0.03056	0.02652	0.01926	0.00980	0.00797	0.00245	0.00687	0.00792	0.00970	0.01349
10	0.01153	0.00769	0.00865	0.00865	0.00865	0.00769	0.00480	0.01153	0.01153	0.01538	0.02499	0.05189	0.02883	0.72131	0.04036	0.00769	0.00769	0.01153	0.00480	0.00480
11	0.02082	0.01758	0.01855	0.01636	0.02104	0.02023	0.01282	0.10532	0.59257	0.03493	0.03089	0.02848	0.02308	0.01063	0.00805	0.00266	0.00653	0.00877	0.00805	0.01265
12	0.03014	0.02221	0.02380	0.01825	0.02459	0.02459	0.01507	0.64541	0.03728	0.04998	0.01904	0.01904	0.01349	0.00952	0.00793	0.00238	0.00873	0.00714	0.00793	0.01349
13	0.01070	0.00833	0.00996	0.01085	0.01297	0.00759	0.00873	0.01327	0.01784	0.02218	0.06191	0.14832	0.36716	0.02127	0.01005	0.00310	0.00533	0.24620	0.00734	0.00690
14	0.02076	0.66948	0.09432	0.01431	0.02151	0.03031	0.01487	0.02386	0.01616	0.01919	0.01129	0.01305	0.01017	0.00685	0.00529	0.00176	0.00875	0.00437	0.00339	0.01030
15	0.01861	0.02052	0.04242	0.03053	0.03823	0.01929	0.54993	0.02614	0.06290	0.02597	0.01702	0.02157	0.01286	0.00690	0.00900	0.00256	0.01229	0.00897	0.00435	0.06993
16	0.01723	0.01493	0.01866	0.01339	0.02046	0.01182	0.04861	0.04997	0.01757	0.02696	0.01445	0.01687	0.01185	0.00610	0.00618	0.00132	0.00647	0.00510	0.00481	0.68726
17	0.01253	0.00895	0.01246	0.01412	0.01588	0.00889	0.01216	0.01608	0.01840	0.02413	0.08551	0.11624	0.04798	0.02165	0.01080	0.00355	0.00693	0.54906	0.00740	0.00727
18	0.07735	0.01575	0.01883	0.01496	0.02076	0.01572	0.01222	0.14266	0.14001	0.41296	0.02811	0.02523	0.01873	0.00978	0.00780	0.00248	0.00696	0.00778	0.00887	0.01302

[dist]
# distance from previous block
# <min> <max>
0	8

[block]
# block no. 4 follows, 24 sequences, length 6
# corresponding to MSA columns:
# 178-183
name=unknown_E
#
# <colnr> <probs for GDERKNQSTAVLIFYWHMCP>
#	G	D	E	R	K	N	Q	S	T	A	V	L	I	F	Y	W	H	M	C	P
0	0.02695	0.03275	0.02203	0.01988	0.02358	0.52614	0.01515	0.03179	0.10946	0.02128	0.01484	0.01674	0.01218	0.00913	0.00928	0.00228	0.08652	0.00584	0.00457	0.00960
1	0.01032	0.00760	0.00990	0.01111	0.01221	0.00684	0.00756	0.01191	0.01530	0.02078	0.04084	0.64844	0.04851	0.02301	0.00971	0.00302	0.00472	0.02082	0.00710	0.08030
2	0.09408	0.02378	0.02257	0.01788	0.02379	0.11623	0.01455	0.50698	0.03319	0.04450	0.01741	0.01785	0.01261	0.00915	0.00756	0.00234	0.00928	0.00661	0.00714	0.01247
3	0.01217	0.00880	0.01202	0.01369	0.01544	0.00865	0.01166	0.01545	0.01791	0.02317	0.04528	0.15475	0.09685	0.02207	0.01074	0.00353	0.00675	0.50660	0.00731	0.00716
4	0.01791	0.01773	0.02165	0.01788	0.02043	0.06624	0.01466	0.02024	0.01424	0.02127	0.01172	0.01685	0.01082	0.01091	0.01824	0.00263	0.43366	0.00609	0.00391	0.25291
5	0.02601	0.01722	0.01929	0.01606	0.02136	0.01868	0.01285	0.16901	0.36300	0.20229	0.02922	0.02668	0.02076	0.01025	0.00802	0.00256	0.00692	0.00832	0.00849	0.01299

[dist]
# distance from previous block
# <min> <max>
0	1

[block]
# block no. 5 follows, 24 sequences, length 6
# corresponding to MSA columns:
# 185-190
name=unknown_F
#
# <colnr> <probs for GDERKNQSTAVLIFYWHMCP>
#	G	D	E	R	K	N	Q	S	T	A	V	L	I	F	Y	W	H	M	C	P
0	0.63888	0.01528	0.01287	0.01127	0.01627	0.01730	0.00923	0.02643	0.06609	0.10262	0.01486	0.01570	0.01100	0.00789	0.00548	0.00247	0.00621	0.00505	0.00567	0.00942
1	0.12287	0.01240	0.01479	0.01234	0.01672	0.01198	0.00988	0.05927	0.05465	0.29157	0.22986	0.03750	0.06884	0.01206	0.00808	0.00249	0.00566	0.00994	0.00852	0.01057
2	0.03014	0.02221	0.02380	0.01825	0.02459	0.02459	0.01507	0.64541	0.03728	0.04998	0.01904	0.01904	0.01349	0.00952	0.00793	0.00238	0.00873	0.00714	0.00793	0.01349
3	0.01133	0.00850	0.01274	0.01274	0.01416	0.00991	0.00991	0.01416	0.01274	0.01841	0.02124	0.03115	0.01982	0.05947	0.68989	0.01274	0.02124	0.00850	0.00425	0.00708
4	0.01063	0.00845	0.01322	0.01344	0.01470	0.00790	0.07536	0.01258	0.01556	0.02079	0.04075	0.64183	0.04812	0.02290	0.01004	0.00316	0.00554	0.02113	0.00700	0.00690
5	0.01842	0.02043	0.04281	0.03058	0.03847	0.01881	0.55987	0.02469	0.01842	0.02546	0.01579	0.02074	0.01199	0.00658	0.00890	0.00248	0.01238	0.00875	0.00410	0.11034

[dist]
# distance from previous block
# <min> <max>
10	44

[block]
# block no. 6 follows, 24 sequences, length 26
# corresponding to MSA columns:
# 253-278
name=unknown_G
#
# <colnr> <probs for GDERKNQSTAVLIFYWHMCP>
#	G	D	E	R	K	N	Q	S	T	A	V	L	I	F	Y	W	H	M	C	P
0	0.01845	0.01588	0.01746	0.01385	0.01950	0.03573	0.01094	0.08536	0.14968	0.02887	0.02009	0.06631	0.01710	0.00887	0.00760	0.00185	0.03237	0.00710	0.00582	0.43715
1	0.01596	0.01087	0.01322	0.01286	0.01533	0.01079	0.00949	0.11160	0.06239	0.07864	0.03658	0.45338	0.03966	0.01928	0.00928	0.00290	0.00566	0.03503	0.00755	0.04956
2	0.02695	0.02108	0.02627	0.02007	0.02629	0.02276	0.10922	0.49626	0.05548	0.04407	0.02039	0.05726	0.01575	0.00996	0.00827	0.00248	0.00912	0.00837	0.00732	0.01265
3	0.03082	0.02113	0.02313	0.01773	0.02405	0.02299	0.01465	0.57008	0.03547	0.12786	0.02056	0.02003	0.01425	0.00956	0.00794	0.00239	0.00848	0.00724	0.00817	0.01349
4	0.01862	0.02112	0.04528	0.03258	0.04006	0.02034	0.60105	0.02498	0.01828	0.02498	0.01566	0.02112	0.01192	0.00717	0.01048	0.00273	0.05991	0.00920	0.00397	0.01056
5	0.01310	0.00860	0.01121	0.01054	0.01279	0.00789	0.00814	0.01668	0.02185	0.08016	0.53152	0.06025	0.10571	0.01642	0.00938	0.00260	0.00428	0.06240	0.00861	0.00788
6	0.01931	0.01628	0.02216	0.01603	0.02310	0.01394	0.10762	0.10521	0.01981	0.05217	0.01567	0.01793	0.01230	0.00663	0.00676	0.00161	0.00744	0.00586	0.00521	0.52498
7	0.02935	0.01683	0.01976	0.01554	0.02116	0.01725	0.01269	0.29142	0.07764	0.29183	0.09732	0.02745	0.02357	0.01048	0.00812	0.00245	0.00721	0.00841	0.00877	0.01275
8	0.03005	0.02513	0.02355	0.01865	0.02458	0.14906	0.01512	0.53051	0.03451	0.04425	0.01777	0.01815	0.01287	0.00927	0.00779	0.00232	0.00977	0.00676	0.00721	0.01268
9	0.02156	0.02494	0.02112	0.01878	0.02096	0.31281	0.01481	0.02347	0.01753	0.01957	0.02142	0.02462	0.10639	0.01229	0.01533	0.00273	0.30119	0.00757	0.00431	0.00861
10	0.16517	0.02346	0.02139	0.01718	0.02291	0.12974	0.01394	0.43472	0.03061	0.04248	0.01651	0.01717	0.01208	0.00891	0.00726	0.00234	0.00915	0.00630	0.00677	0.01191
11	0.11478	0.03132	0.02158	0.01874	0.02349	0.44601	0.01449	0.18496	0.02517	0.02893	0.01382	0.01533	0.01085	0.00842	0.00709	0.00217	0.01197	0.00553	0.00515	0.01020
12	0.02859	0.02129	0.02296	0.01751	0.02393	0.02300	0.01443	0.57429	0.03491	0.04723	0.01848	0.01874	0.01329	0.00910	0.00770	0.00224	0.00840	0.00686	0.00756	0.09949
13	0.01108	0.00810	0.01040	0.00983	0.01176	0.00742	0.00737	0.01469	0.02211	0.03100	0.62248	0.06055	0.12051	0.01651	0.00935	0.00251	0.00376	0.01453	0.00862	0.00742
14	0.01122	0.00811	0.01060	0.00998	0.01185	0.00748	0.00748	0.01496	0.02245	0.03180	0.66766	0.05923	0.07482	0.01621	0.00935	0.00249	0.00374	0.01434	0.00873	0.00748
15	0.01872	0.02139	0.04679	0.03342	0.04144	0.02005	0.64305	0.02540	0.01872	0.02540	0.01604	0.02139	0.01203	0.00668	0.00936	0.00267	0.01337	0.00936	0.00401	0.01070
16	0.01122	0.00811	0.01060	0.00998	0.01185	0.00748	0.00748	0.01496	0.02245	0.03180	0.66766	0.05923	0.07482	0.01621	0.00935	0.00249	0.00374	0.01434	0.00873	0.00748
17	0.01133	0.00850	0.01274	0.01274	0.01416	0.00991	0.00991	0.01416	0.01274	0.01841	0.02124	0.03115	0.01982	0.05947	0.68989	0.01274	0.02124	0.00850	0.00425	0.00708
18	0.03008	0.02398	0.02365	0.01849	0.02458	0.10020	0.01510	0.57562	0.03560	0.04650	0.01827	0.01850	0.01311	0.00937	0.00784	0.00234	0.00936	0.00691	0.00750	0.01300
19	0.02572	0.01655	0.01874	0.01576	0.02096	0.01783	0.01257	0.10968	0.39428	0.23063	0.03047	0.02760	0.02160	0.01033	0.00802	0.00258	0.00670	0.00846	0.00858	0.01294
20	0.01041	0.00744	0.01006	0.01190	0.01269	0.00709	0.00866	0.01234	0.01592	0.02108	0.04329	0.56557	0.05081	0.02414	0.01032	0.00332	0.00525	0.16572	0.00735	0.00665
21	0.01754	0.01474	0.01703	0.01227	0.01926	0.01169	0.00985	0.07007	0.01811	0.02777	0.01449	0.01665	0.01188	0.00616	0.00604	0.00127	0.00610	0.00489	0.00496	0.70920
22	0.01762	0.01634	0.02215	0.01733	0.02147	0.01760	0.05671	0.04950	0.01579	0.02414	0.01293	0.01728	0.01129	0.00944	0.01460	0.00229	0.29842	0.00607	0.00429	0.36474
23	0.01197	0.00871	0.01173	0.01315	0.01495	0.00847	0.01108	0.01523	0.01828	0.02379	0.09663	0.14429	0.11946	0.02152	0.01057	0.00341	0.00639	0.44578	0.00743	0.00717
24	0.02717	0.01415	0.01742	0.01421	0.01923	0.01393	0.01143	0.09632	0.16042	0.35757	0.14671	0.03265	0.03009	0.01116	0.00824	0.00250	0.00630	0.00927	0.00905	0.01219
25	0.74412	0.01525	0.01196	0.01059	0.01556	0.01751	0.00873	0.02400	0.01391	0.06431	0.01195	0.01351	0.00908	0.00747	0.00504	0.00245	0.00616	0.00446	0.00513	0.00881

[dist]
# distance from previous block
# <min> <max>
5	21

[block]
# block no. 7 follows, 24 sequences, length 7
# corresponding to MSA columns:
# 301-307
name=unknown_H
#
# <colnr> <probs for GDERKNQSTAVLIFYWHMCP>
#	G	D	E	R	K	N	Q	S	T	A	V	L	I	F	Y	W	H	M	C	P
0	0.02709	0.01616	0.01872	0.01555	0.02088	0.01702	0.01245	0.10261	0.34166	0.29087	0.03052	0.02747	0.02129	0.01026	0.00802	0.00256	0.00671	0.00838	0.00875	0.01302
1	0.00996	0.00711	0.00954	0.01138	0.01197	0.00670	0.00788	0.01155	0.01547	0.02057	0.04354	0.65653	0.05180	0.02456	0.01020	0.00326	0.00486	0.07922	0.00736	0.00652
2	0.63487	0.01780	0.01342	0.01186	0.01677	0.09525	0.00960	0.02543	0.01523	0.08191	0.01270	0.01411	0.00961	0.00764	0.00540	0.00241	0.00713	0.00466	0.00518	0.00903
3	0.00966	0.00690	0.00920	0.01104	0.01150	0.00644	0.00736	0.01104	0.01518	0.02024	0.04371	0.71614	0.05245	0.02484	0.01012	0.00322	0.00460	0.02254	0.00736	0.00644
4	0.01834	0.02023	0.04130	0.02991	0.03690	0.01965	0.51040	0.02415	0.01774	0.02471	0.01520	0.02045	0.01182	0.00744	0.01096	0.00262	0.09310	0.00864	0.00401	0.08241
5	0.02434	0.01640	0.02232	0.01669	0.02316	0.01508	0.09634	0.16589	0.02296	0.19565	0.02126	0.05444	0.01615	0.00872	0.00754	0.00207	0.00768	0.00757	0.00676	0.26897
6	0.01150	0.00782	0.00930	0.00930	0.00952	0.00804	0.00561	0.01195	0.01172	0.01586	0.02439	0.04861	0.02740	0.61653	0.14319	0.00849	0.00983	0.01105	0.00472	0.00517

[dist]
# distance from previous block
# <min> <max>
0	7

[block]
# block no. 8 follows, 24 sequences, length 8
# corresponding to MSA columns:
# 315-322
name=unknown_I
#
# <colnr> <probs for GDERKNQSTAVLIFYWHMCP>
#	G	D	E	R	K	N	Q	S	T	A	V	L	I	F	Y	W	H	M	C	P
0	0.14337	0.01126	0.01363	0.01214	0.01458	0.01227	0.00961	0.01903	0.01930	0.08470	0.39784	0.04198	0.04866	0.01381	0.01117	0.00264	0.11739	0.01092	0.00733	0.00837
1	0.09574	0.01474	0.01642	0.01203	0.01881	0.01221	0.00968	0.06030	0.01747	0.02839	0.01410	0.01624	0.01153	0.00626	0.00590	0.00138	0.00608	0.00481	0.00493	0.64299
2	0.16782	0.01930	0.02000	0.01583	0.02139	0.02134	0.01298	0.45616	0.03112	0.04518	0.09244	0.02253	0.01965	0.00989	0.00753	0.00241	0.00767	0.00744	0.00746	0.01188
3	0.01872	0.02139	0.04679	0.03342	0.04144	0.02005	0.64305	0.02540	0.01872	0.02540	0.01604	0.02139	0.01203	0.00668	0.00936	0.00267	0.01337	0.00936	0.00401	0.01070
4	0.07879	0.00806	0.00775	0.00765	0.00975	0.00826	0.00580	0.01888	0.01637	0.03007	0.02462	0.02816	0.01934	0.00908	0.00549	0.00190	0.00390	0.00713	0.70151	0.00749
5	0.01122	0.00811	0.01060	0.00998	0.01185	0.00748	0.00748	0.01496	0.02245	0.03180	0.66766	0.05923	0.07482	0.01621	0.00935	0.00249	0.00374	0.01434	0.00873	0.00748
6	0.06562	0.19226	0.49509	0.01981	0.02999	0.02127	0.02447	0.02469	0.01639	0.02434	0.01331	0.01560	0.00998	0.00736	0.00682	0.00233	0.01064	0.00540	0.00346	0.01118
7	0.16653	0.02096	0.02158	0.01682	0.02290	0.02335	0.01389	0.53185	0.03294	0.04735	0.01758	0.01791	0.01259	0.00913	0.00738	0.00239	0.00825	0.00662	0.00738	0.01259

[dist]
# distance from previous block
# <min> <max>
0	2

[block]
# block no. 9 follows, 24 sequences, length 17
# corresponding to MSA columns:
# 325-341
name=unknown_J
#
# <colnr> <probs for GDERKNQSTAVLIFYWHMCP>
#	G	D	E	R	K	N	Q	S	T	A	V	L	I	F	Y	W	H	M	C	P
0	0.02058	0.01987	0.04077	0.02938	0.03680	0.01867	0.50666	0.02646	0.01882	0.10432	0.01757	0.02164	0.01288	0.00730	0.00964	0.00259	0.03902	0.00884	0.00473	0.05348
1	0.02681	0.01697	0.01955	0.01525	0.02080	0.01734	0.01243	0.33899	0.02948	0.18886	0.13883	0.02792	0.02585	0.01049	0.00803	0.00232	0.00713	0.00843	0.00824	0.07630
2	0.01153	0.00769	0.00865	0.00865	0.00865	0.00769	0.00480	0.01153	0.01153	0.01538	0.02499	0.05189	0.02883	0.72131	0.04036	0.00769	0.00769	0.01153	0.00480	0.00480
3	0.02554	0.02111	0.02113	0.01748	0.02285	0.07214	0.01399	0.33521	0.30795	0.04033	0.02433	0.02331	0.01794	0.00996	0.00793	0.00249	0.00807	0.00779	0.00770	0.01276
4	0.02558	0.01986	0.02041	0.01699	0.02228	0.06075	0.01357	0.26369	0.33380	0.09647	0.02611	0.02455	0.01901	0.01006	0.00796	0.00252	0.00770	0.00797	0.00794	0.01278
5	0.02370	0.01464	0.01759	0.01340	0.01976	0.01279	0.01081	0.05450	0.11027	0.24019	0.02248	0.02185	0.01615	0.00800	0.00695	0.00186	0.00633	0.00647	0.00697	0.38529
6	0.01644	0.01409	0.01644	0.01175	0.01879	0.01057	0.00940	0.01997	0.01644	0.02584	0.01409	0.01644	0.01175	0.00587	0.00587	0.00117	0.00587	0.00470	0.00470	0.76979
7	0.01420	0.00880	0.01135	0.01032	0.01282	0.00794	0.00788	0.01768	0.02203	0.11473	0.52500	0.05678	0.12817	0.01577	0.00918	0.00251	0.00416	0.01376	0.00873	0.00818
8	0.01133	0.00850	0.01274	0.01274	0.01416	0.00991	0.00991	0.01416	0.01274	0.01841	0.02124	0.03115	0.01982	0.05947	0.68989	0.01274	0.02124	0.00850	0.00425	0.00708
9	0.03014	0.02221	0.02380	0.01825	0.02459	0.02459	0.01507	0.64541	0.03728	0.04998	0.01904	0.01904	0.01349	0.00952	0.00793	0.00238	0.00873	0.00714	0.00793	0.01349
10	0.01669	0.01383	0.01604	0.01199	0.01815	0.01113	0.00941	0.06355	0.01757	0.02660	0.01705	0.06575	0.01557	0.04749	0.00824	0.00176	0.00609	0.00646	0.00511	0.62152
11	0.53696	0.05925	0.05470	0.01208	0.01776	0.01741	0.01074	0.02653	0.01570	0.16325	0.01531	0.01595	0.01100	0.00783	0.00569	0.00241	0.00673	0.00513	0.00571	0.00986
12	0.01963	0.01884	0.03219	0.04867	0.67185	0.01884	0.02434	0.02434	0.01806	0.02591	0.01492	0.01963	0.01256	0.00707	0.00785	0.00236	0.00942	0.00707	0.00393	0.01256
13	0.01743	0.01893	0.03856	0.02788	0.03511	0.01733	0.48834	0.02316	0.01821	0.02499	0.02097	0.05346	0.05490	0.00818	0.00891	0.00249	0.01137	0.00973	0.00446	0.11559
14	0.40811	0.01628	0.04749	0.01254	0.01797	0.01629	0.01074	0.05452	0.09002	0.14123	0.01836	0.01875	0.01335	0.00828	0.00613	0.00237	0.00649	0.00584	0.04929	0.05595
15	0.02302	0.01781	0.02029	0.01679	0.02182	0.04935	0.05731	0.17733	0.27100	0.11141	0.03240	0.05446	0.08823	0.01141	0.00828	0.00257	0.00749	0.00956	0.00767	0.01177
16	0.01963	0.01884	0.03219	0.04867	0.67185	0.01884	0.02434	0.02434	0.01806	0.02591	0.01492	0.01963	0.01256	0.00707	0.00785	0.00236	0.00942	0.00707	0.00393	0.01256

[dist]
# distance from previous block
# <min> <max>
9	19

[block]
# block no. 10 follows, 24 sequences, length 14
# corresponding to MSA columns:
# 363-376
name=unknown_K
#
# <colnr> <probs for GDERKNQSTAVLIFYWHMCP>
#	G	D	E	R	K	N	Q	S	T	A	V	L	I	F	Y	W	H	M	C	P
0	0.02072	0.39497	0.25291	0.01727	0.02564	0.02606	0.01905	0.11399	0.01938	0.02534	0.01326	0.01498	0.01061	0.00743	0.00632	0.00207	0.00960	0.00520	0.00403	0.01117
1	0.01149	0.00786	0.00954	0.00954	0.00985	0.00817	0.00591	0.01210	0.01180	0.01603	0.02417	0.04739	0.02687	0.57761	0.18140	0.00879	0.01063	0.01087	0.00468	0.00530
2	0.01895	0.43502	0.31291	0.01741	0.02629	0.02587	0.02025	0.02433	0.01638	0.02140	0.01239	0.01443	0.01012	0.00710	0.00613	0.00204	0.00986	0.00493	0.00337	0.01083
3	0.01949	0.01921	0.03430	0.04647	0.58080	0.01902	0.11370	0.02449	0.01815	0.02583	0.01508	0.01988	0.01248	0.00701	0.00807	0.00240	0.00999	0.00740	0.00394	0.01229
4	0.01560	0.07607	0.01523	0.01182	0.01482	0.01183	0.00934	0.02170	0.11298	0.09000	0.39220	0.09260	0.05387	0.01473	0.00875	0.00253	0.00501	0.03387	0.00810	0.00895
5	0.01654	0.01017	0.01141	0.01023	0.01389	0.00908	0.00797	0.02070	0.07887	0.17775	0.06424	0.06028	0.45488	0.01678	0.00892	0.00263	0.00487	0.01394	0.00801	0.00885
6	0.06599	0.01561	0.01455	0.01644	0.10912	0.13594	0.01063	0.01796	0.01876	0.02307	0.07803	0.05167	0.38291	0.01498	0.00844	0.00249	0.00684	0.01225	0.00615	0.00816
7	0.02104	0.01510	0.01771	0.01296	0.01978	0.01261	0.01048	0.10652	0.02014	0.12317	0.01724	0.01831	0.01312	0.00693	0.00645	0.00152	0.00638	0.00550	0.00587	0.55916
8	0.01809	0.01727	0.02941	0.26437	0.46815	0.01844	0.02357	0.02299	0.01733	0.02404	0.01464	0.02013	0.01190	0.00735	0.00788	0.00245	0.00980	0.00706	0.00379	0.01132
9	0.01613	0.01573	0.02798	0.52093	0.14263	0.01811	0.10251	0.02152	0.01655	0.02174	0.01447	0.02095	0.01105	0.00764	0.00810	0.00260	0.01076	0.00735	0.00364	0.00960
10	0.01775	0.01367	0.01652	0.01281	0.01843	0.01180	0.02834	0.06906	0.06290	0.07545	0.08472	0.05727	0.08216	0.00987	0.00726	0.00185	0.00598	0.00831	0.00626	0.40961
11	0.01630	0.01532	0.02522	0.51445	0.18643	0.01802	0.02189	0.02261	0.05920	0.02235	0.01549	0.02138	0.01191	0.00793	0.00792	0.00258	0.01003	0.00718	0.00391	0.00987
12	0.02606	0.02573	0.02185	0.01862	0.02250	0.27919	0.01473	0.20163	0.04823	0.05126	0.04022	0.01947	0.01482	0.01010	0.01095	0.00245	0.13989	0.00669	0.03518	0.01044
13	0.07679	0.15224	0.02468	0.01623	0.02197	0.07948	0.01360	0.32603	0.09719	0.05737	0.01856	0.01890	0.01392	0.00889	0.00705	0.00224	0.00844	0.00648	0.03812	0.01183

[dist]
# distance from previous block
# <min> <max>
4	9

[block]
# block no. 11 follows, 24 sequences, length 91
# corresponding to MSA columns:
# 386-476
name=unknown_L
#
# <colnr> <probs for GDERKNQSTAVLIFYWHMCP>
#	G	D	E	R	K	N	Q	S	T	A	V	L	I	F	Y	W	H	M	C	P
0	0.25746	0.05658	0.37053	0.01999	0.07415	0.01848	0.02109	0.02497	0.01603	0.05425	0.01383	0.01599	0.01016	0.00751	0.00665	0.00245	0.00946	0.00548	0.00414	0.01080
1	0.01889	0.02061	0.04184	0.03036	0.03729	0.02034	0.51488	0.04810	0.01852	0.02558	0.01538	0.02059	0.01188	0.00764	0.01120	0.00270	0.09816	0.00878	0.00412	0.04313
2	0.01492	0.00938	0.01211	0.01214	0.01436	0.00890	0.00910	0.01901	0.07090	0.11361	0.14388	0.35578	0.04700	0.01911	0.00946	0.00292	0.00525	0.08644	0.00787	0.03785
3	0.01963	0.01884	0.03219	0.04867	0.67185	0.01884	0.02434	0.02434	0.01806	0.02591	0.01492	0.01963	0.01256	0.00707	0.00785	0.00236	0.00942	0.00707	0.00393	0.01256
4	0.56506	0.01719	0.06267	0.03637	0.01913	0.01725	0.01125	0.04921	0.01598	0.12215	0.01444	0.01561	0.01045	0.00781	0.00574	0.00246	0.00688	0.00512	0.00553	0.00968
5	0.01963	0.01884	0.03219	0.04867	0.67185	0.01884	0.02434	0.02434	0.01806	0.02591	0.01492	0.01963	0.01256	0.00707	0.00785	0.00236	0.00942	0.00707	0.00393	0.01256
6	0.46693	0.01401	0.01318	0.01135	0.01612	0.01499	0.00922	0.04812	0.01722	0.17515	0.05279	0.04820	0.06444	0.00996	0.00642	0.00250	0.00604	0.00725	0.00654	0.00958
7	0.01796	0.01786	0.03175	0.02290	0.03016	0.01582	0.32771	0.05057	0.01848	0.02651	0.01636	0.04425	0.01343	0.00713	0.00787	0.00206	0.00972	0.00779	0.00459	0.32708
8	0.01928	0.01849	0.03157	0.09678	0.62642	0.01875	0.02417	0.02404	0.01789	0.02549	0.01486	0.01974	0.01241	0.00713	0.00786	0.00238	0.00951	0.00706	0.00390	0.01228
9	0.00966	0.00690	0.00920	0.01104	0.01150	0.00644	0.00736	0.01104	0.01518	0.02024	0.04371	0.71614	0.05245	0.02484	0.01012	0.00322	0.00460	0.02254	0.00736	0.00644
10	0.01946	0.01984	0.06140	0.04750	0.64311	0.01882	0.02456	0.02437	0.01800	0.02587	0.01489	0.01950	0.01245	0.00709	0.00784	0.00236	0.00952	0.00701	0.00390	0.01252
11	0.01478	0.00739	0.00739	0.00739	0.00924	0.00739	0.00554	0.01848	0.01663	0.02956	0.02587	0.02956	0.02033	0.00924	0.00554	0.00185	0.00370	0.00739	0.76534	0.00739
12	0.02904	0.08728	0.02398	0.01976	0.02421	0.59092	0.01517	0.07734	0.02312	0.02166	0.01268	0.01454	0.01046	0.00817	0.00706	0.00204	0.01345	0.00520	0.00432	0.00959
13	0.01150	0.00780	0.00923	0.00923	0.00943	0.00800	0.00553	0.01190	0.01170	0.01581	0.02445	0.04895	0.02755	0.62753	0.13240	0.00840	0.00961	0.01110	0.00473	0.00513
14	0.01478	0.00739	0.00739	0.00739	0.00924	0.00739	0.00554	0.01848	0.01663	0.02956	0.02587	0.02956	0.02033	0.00924	0.00554	0.00185	0.00370	0.00739	0.76534	0.00739
15	0.01989	0.55636	0.19978	0.01581	0.02381	0.02817	0.01747	0.02408	0.01627	0.02026	0.01182	0.01372	0.01014	0.00697	0.00569	0.00190	0.00928	0.00464	0.00338	0.01056
16	0.01963	0.01884	0.03219	0.04867	0.67185	0.01884	0.02434	0.02434	0.01806	0.02591	0.01492	0.01963	0.01256	0.00707	0.00785	0.00236	0.00942	0.00707	0.00393	0.01256
17	0.01261	0.00970	0.01127	0.01049	0.01290	0.00948	0.00785	0.04336	0.09632	0.02902	0.37821	0.05748	0.20174	0.07076	0.01155	0.00296	0.00462	0.01375	0.00799	0.00794
