[name]
unknown

[dist]
# distance from previous block
# <min> <max>
1	50

[block]
# block no. 0 follows, 21 sequences, length 132
# corresponding to MSA columns:
# 56-187
name=unknown_A
#
# <colnr> <probs for GDERKNQSTAVLIFYWHMCP>
#	G	D	E	R	K	N	Q	S	T	A	V	L	I	F	Y	W	H	M	C	P
0	0.02246	0.06202	0.02431	0.11046	0.14045	0.07548	0.01677	0.09996	0.15059	0.05740	0.02299	0.06014	0.01873	0.01020	0.00813	0.00254	0.00889	0.00850	0.05464	0.04535
1	0.05811	0.05793	0.02669	0.28407	0.15710	0.02091	0.01995	0.12026	0.07123	0.03025	0.01738	0.02145	0.01340	0.00860	0.00802	0.00256	0.00972	0.00726	0.00517	0.05995
2	0.01979	0.06316	0.06113	0.40653	0.08563	0.08221	0.02157	0.07242	0.01983	0.02517	0.01523	0.02058	0.01172	0.00838	0.00808	0.00257	0.01112	0.00697	0.00431	0.05358
3	0.01360	0.01001	0.01485	0.01611	0.05668	0.00921	0.04483	0.01589	0.01724	0.05728	0.04046	0.53384	0.04634	0.02214	0.01025	0.00318	0.00603	0.02024	0.00742	0.05443
4	0.06412	0.02470	0.22078	0.01857	0.02646	0.01697	0.01890	0.05578	0.05448	0.33008	0.02487	0.02393	0.01663	0.00996	0.00952	0.00273	0.05319	0.00760	0.00747	0.01323
5	0.06323	0.02277	0.02345	0.05206	0.02642	0.06596	0.01556	0.44056	0.08707	0.04587	0.02196	0.05729	0.01710	0.01093	0.00845	0.00263	0.00926	0.00844	0.00783	0.01318
6	0.01976	0.02374	0.08013	0.06673	0.04030	0.06273	0.43755	0.02603	0.01941	0.02579	0.01822	0.06372	0.01517	0.00907	0.01078	0.00290	0.05251	0.01011	0.00443	0.01092
7	0.01107	0.00812	0.01049	0.01221	0.01298	0.00784	0.00826	0.01403	0.05650	0.02263	0.04610	0.65206	0.05431	0.02568	0.01072	0.00342	0.00505	0.02324	0.00795	0.00734
8	0.01687	0.00850	0.00939	0.00909	0.01132	0.00856	0.00694	0.02068	0.01777	0.07088	0.02754	0.03175	0.02170	0.01644	0.08564	0.00343	0.00644	0.00812	0.61061	0.00832
9	0.02194	0.04846	0.06836	0.11679	0.33630	0.01912	0.04757	0.02826	0.05795	0.10614	0.05074	0.02465	0.01802	0.00881	0.00847	0.00260	0.00967	0.00812	0.00543	0.01259
10	0.03680	0.01641	0.06132	0.01574	0.02271	0.01298	0.01374	0.04053	0.02394	0.61283	0.03238	0.02825	0.02039	0.01037	0.00853	0.00264	0.00759	0.00841	0.01008	0.01436
11	0.01200	0.00865	0.01139	0.01114	0.01300	0.00804	0.00839	0.01577	0.02306	0.03240	0.54827	0.12504	0.07600	0.01867	0.01023	0.00283	0.00435	0.05375	0.00913	0.00791
12	0.02929	0.03509	0.02482	0.02519	0.10372	0.50786	0.01746	0.06385	0.02409	0.02379	0.01599	0.02160	0.01395	0.00966	0.00808	0.00237	0.01387	0.04404	0.00481	0.01044
13	0.05253	0.47655	0.06347	0.01604	0.02244	0.15313	0.01497	0.02623	0.01812	0.02084	0.01243	0.01497	0.01111	0.00908	0.00781	0.05094	0.01025	0.00499	0.00385	0.01025
14	0.55032	0.01972	0.07930	0.01367	0.01982	0.01938	0.01237	0.06621	0.05552	0.07362	0.01543	0.01667	0.01145	0.00845	0.00617	0.00265	0.00742	0.00552	0.00583	0.01047
15	0.02056	0.42943	0.22932	0.01746	0.02596	0.05420	0.01929	0.02542	0.01792	0.02238	0.01780	0.01950	0.05222	0.00852	0.00666	0.00217	0.01012	0.00600	0.00394	0.01114
16	0.01845	0.01430	0.01673	0.01264	0.01920	0.01141	0.00999	0.02309	0.04897	0.06435	0.01998	0.06210	0.01709	0.00831	0.00681	0.00161	0.00614	0.00686	0.05421	0.57776
17	0.01607	0.01513	0.02552	0.68047	0.05861	0.01891	0.02363	0.02174	0.01702	0.02174	0.01513	0.02269	0.01134	0.00851	0.00851	0.00284	0.01134	0.00756	0.00378	0.00945
18	0.02810	0.02110	0.02260	0.01817	0.02402	0.02346	0.01471	0.43795	0.16596	0.04717	0.02513	0.05609	0.01933	0.01129	0.00854	0.00264	0.00833	0.00890	0.04292	0.01359
19	0.01221	0.00860	0.01110	0.01058	0.01252	0.00798	0.00789	0.01611	0.02337	0.03344	0.57946	0.08869	0.07563	0.01733	0.00982	0.00267	0.00405	0.01530	0.05527	0.00798
20	0.01910	0.02589	0.15397	0.03271	0.04162	0.02052	0.48612	0.02648	0.01954	0.02694	0.01828	0.05391	0.01459	0.00825	0.00974	0.00287	0.01359	0.01006	0.00435	0.01145
21	0.01611	0.05001	0.01667	0.01451	0.01716	0.03815	0.03605	0.12034	0.02121	0.02752	0.04100	0.43526	0.09083	0.02079	0.00994	0.00309	0.00669	0.01840	0.00749	0.00878
22	0.01056	0.00749	0.00982	0.01160	0.01204	0.00704	0.00763	0.01190	0.01591	0.02121	0.04494	0.63283	0.05381	0.09258	0.01403	0.00392	0.00526	0.02304	0.00763	0.00674
23	0.01037	0.00741	0.00987	0.01185	0.01234	0.00691	0.00790	0.01185	0.01629	0.02172	0.04690	0.69537	0.05629	0.02666	0.01086	0.00346	0.00494	0.02419	0.00790	0.00691
24	0.02725	0.01892	0.02280	0.01831	0.02380	0.02015	0.04884	0.35517	0.05971	0.12028	0.02692	0.13025	0.02278	0.01568	0.04490	0.00335	0.00929	0.01071	0.00822	0.01268
25	0.02005	0.02411	0.09725	0.03847	0.17539	0.02109	0.43942	0.02698	0.01976	0.02735	0.01679	0.02213	0.01286	0.00734	0.00953	0.00278	0.01328	0.00919	0.00423	0.01201
26	0.76103	0.01646	0.01251	0.01119	0.01646	0.01909	0.00922	0.02502	0.01448	0.03818	0.01185	0.01382	0.00922	0.00790	0.00527	0.00263	0.00658	0.00461	0.00527	0.00922
27	0.03656	0.01412	0.01923	0.01487	0.02116	0.01223	0.01223	0.03989	0.02434	0.61518	0.07151	0.03112	0.02475	0.01096	0.00865	0.00264	0.00704	0.00898	0.01046	0.01408
28	0.02514	0.06434	0.02216	0.08228	0.04800	0.24248	0.01475	0.15384	0.02482	0.03031	0.02238	0.02460	0.05516	0.00997	0.00767	0.00233	0.01032	0.00744	0.14153	0.01048
29	0.01889	0.01509	0.01777	0.01276	0.02026	0.01142	0.01023	0.02265	0.01805	0.06577	0.01625	0.01833	0.01312	0.00656	0.00644	0.00134	0.00636	0.00526	0.00538	0.70807
30	0.02666	0.37182	0.03443	0.01827	0.02389	0.32085	0.01560	0.02911	0.02019	0.02041	0.01240	0.01465	0.01095	0.00831	0.00751	0.00208	0.04340	0.00511	0.00398	0.01037
31	0.01071	0.00761	0.00997	0.01151	0.01210	0.00714	0.00766	0.01231	0.01670	0.02246	0.10319	0.57603	0.05633	0.08668	0.01371	0.00381	0.00515	0.02227	0.00779	0.00686
32	0.01204	0.00876	0.01137	0.01090	0.01295	0.00809	0.00830	0.01595	0.02355	0.03298	0.57575	0.06659	0.10910	0.01800	0.01015	0.00276	0.00427	0.05131	0.00919	0.00797
33	0.48792	0.01542	0.01268	0.01200	0.01603	0.05496	0.00934	0.02292	0.01598	0.05514	0.02139	0.17108	0.02104	0.01242	0.00684	0.00277	0.00665	0.00942	0.03713	0.00886
34	0.02443	0.02094	0.05779	0.15961	0.03212	0.02138	0.01724	0.31609	0.07711	0.03951	0.02232	0.02397	0.04129	0.00986	0.00830	0.00251	0.00917	0.00785	0.00680	0.10171
35	0.02037	0.02419	0.13486	0.04677	0.51361	0.02023	0.06287	0.02632	0.01920	0.02763	0.01596	0.02068	0.01301	0.00764	0.00847	0.00258	0.01076	0.00753	0.00412	0.01321
36	0.76103	0.01646	0.01251	0.01119	0.01646	0.01909	0.00922	0.02502	0.01448	0.03818	0.01185	0.01382	0.00922	0.00790	0.00527	0.00263	0.00658	0.00461	0.00527	0.00922
37	0.01442	0.00921	0.01218	0.01147	0.01380	0.00847	0.00876	0.01821	0.02337	0.08942	0.51584	0.10160	0.07158	0.01770	0.01005	0.00279	0.00459	0.04870	0.00929	0.00854
38	0.03791	0.01493	0.02002	0.01535	0.02194	0.01316	0.01268	0.06883	0.02510	0.62533	0.03295	0.02856	0.02075	0.01052	0.00856	0.00263	0.00734	0.00852	0.01044	0.01448
39	0.03818	0.01448	0.01975	0.01514	0.02172	0.01251	0.01251	0.04147	0.02436	0.65373	0.03357	0.02897	0.02107	0.01053	0.00856	0.00263	0.00724	0.00856	0.01053	0.01448
40	0.01086	0.00861	0.00977	0.00957	0.01201	0.00751	0.00714	0.01374	0.02116	0.02740	0.30787	0.09704	0.39695	0.02008	0.01008	0.00282	0.00422	0.01716	0.00849	0.00751
41	0.01862	0.01862	0.02607	0.02234	0.02234	0.02607	0.01862	0.02048	0.01303	0.02048	0.01117	0.01862	0.01117	0.01489	0.02793	0.00372	0.68535	0.00745	0.00372	0.00931
42	0.01037	0.00741	0.00987	0.01185	0.01234	0.00691	0.00790	0.01185	0.01629	0.02172	0.04690	0.69537	0.05629	0.02666	0.01086	0.00346	0.00494	0.02419	0.00790	0.00691
43	0.03818	0.01448	0.01975	0.01514	0.02172	0.01251	0.01251	0.04147	0.02436	0.65373	0.03357	0.02897	0.02107	0.01053	0.00856	0.00263	0.00724	0.00856	0.01053	0.01448
44	0.01755	0.00992	0.01314	0.01164	0.01461	0.00897	0.00897	0.02141	0.02415	0.16455	0.51500	0.05628	0.06783	0.01595	0.00973	0.00267	0.00469	0.01395	0.00961	0.00939
45	0.76103	0.01646	0.01251	0.01119	0.01646	0.01909	0.00922	0.02502	0.01448	0.03818	0.01185	0.01382	0.00922	0.00790	0.00527	0.00263	0.00658	0.00461	0.00527	0.00922
46	0.02114	0.02077	0.03317	0.10945	0.56140	0.05270	0.02540	0.02610	0.01940	0.02688	0.01578	0.02093	0.01315	0.00773	0.00839	0.00254	0.01049	0.00747	0.00418	0.01292
47	0.01707	0.04402	0.65683	0.02426	0.03683	0.01976	0.03144	0.02695	0.01797	0.02695	0.01527	0.01797	0.01078	0.00809	0.00809	0.00270	0.01258	0.00629	0.00359	0.01258
48	0.02312	0.01925	0.02034	0.01771	0.02287	0.02208	0.01394	0.14559	0.52891	0.03875	0.03215	0.02977	0.02397	0.01131	0.00863	0.00283	0.00719	0.00928	0.00863	0.01365
49	0.01707	0.04402	0.65683	0.02426	0.03683	0.01976	0.03144	0.02695	0.01797	0.02695	0.01527	0.01797	0.01078	0.00809	0.00809	0.00270	0.01258	0.00629	0.00359	0.01258
50	0.02085	0.02000	0.03416	0.07917	0.62257	0.02016	0.02601	0.02593	0.01928	0.02754	0.01597	0.02113	0.01339	0.00762	0.00843	0.00254	0.01016	0.00758	0.00419	0.01331
51	0.15845	0.03361	0.02228	0.05537	0.02634	0.46643	0.01555	0.07947	0.02335	0.02658	0.01363	0.01589	0.01096	0.00872	0.00737	0.00233	0.01311	0.00562	0.00484	0.01011
52	0.01386	0.01143	0.01262	0.01262	0.01554	0.01162	0.00966	0.02265	0.20229	0.02682	0.05889	0.17958	0.28389	0.01971	0.00998	0.00310	0.00556	0.08295	0.00812	0.00909
53	0.01607	0.01513	0.02552	0.68047	0.05861	0.01891	0.02363	0.02174	0.01702	0.02174	0.01513	0.02269	0.01134	0.00851	0.00851	0.00284	0.01134	0.00756	0.00378	0.00945
54	0.01586	0.00793	0.00793	0.00793	0.00991	0.00793	0.00595	0.01983	0.01785	0.03173	0.02776	0.03173	0.02181	0.00991	0.00595	0.00198	0.00397	0.00793	0.74817	0.00793
55	0.01037	0.00741	0.00987	0.01185	0.01234	0.00691	0.00790	0.01185	0.01629	0.02172	0.04690	0.69537	0.05629	0.02666	0.01086	0.00346	0.00494	0.02419	0.00790	0.00691
56	0.02106	0.02022	0.03454	0.05223	0.64784	0.02022	0.02612	0.02612	0.01938	0.02780	0.01601	0.02106	0.01348	0.00758	0.00842	0.00253	0.01011	0.00758	0.00421	0.01348
57	0.01198	0.00876	0.01155	0.01326	0.01456	0.00854	0.01009	0.01531	0.04403	0.02368	0.04764	0.42844	0.08092	0.02467	0.01104	0.00356	0.00599	0.22052	0.00791	0.00753
58	0.01029	0.00772	0.00955	0.01102	0.01213	0.00698	0.00753	0.01194	0.01709	0.02205	0.05698	0.53815	0.20701	0.02535	0.01066	0.00331	0.00478	0.02260	0.00790	0.00698
59	0.01037	0.00741	0.00987	0.01185	0.01234	0.00691	0.00790	0.01185	0.01629	0.02172	0.04690	0.69537	0.05629	0.02666	0.01086	0.00346	0.00494	0.02419	0.00790	0.00691
60	0.01988	0.02256	0.04897	0.06838	0.04519	0.02139	0.58701	0.02698	0.01993	0.02698	0.01711	0.02294	0.01283	0.00724	0.00997	0.00287	0.01420	0.00992	0.00428	0.01138
61	0.01752	0.01711	0.02225	0.04726	0.02182	0.06028	0.01620	0.01974	0.01399	0.02019	0.01490	0.02380	0.01445	0.05876	0.17406	0.00611	0.43081	0.00796	0.00403	0.00875
62	0.72337	0.01785	0.04513	0.01185	0.01749	0.01912	0.01034	0.02511	0.01466	0.03761	0.01202	0.01403	0.00930	0.00791	0.00541	0.00264	0.00689	0.00469	0.00518	0.00939
63	0.06993	0.01469	0.01920	0.01491	0.02117	0.01324	0.01227	0.06831	0.02467	0.55718	0.06896	0.02993	0.02378	0.01081	0.00849	0.00263	0.00712	0.00874	0.01012	0.01385
64	0.02374	0.63338	0.04236	0.01537	0.02233	0.10280	0.01477	0.02641	0.01804	0.02011	0.01198	0.01384	0.01093	0.00744	0.00570	0.00186	0.00978	0.00465	0.00372	0.01081
65	0.01765	0.01513	0.01765	0.01260	0.02017	0.01134	0.01008	0.02143	0.01765	0.02773	0.01513	0.01765	0.01260	0.00630	0.00630	0.00126	0.00630	0.00504	0.00504	0.75295
66	0.03179	0.04056	0.02412	0.02192	0.02631	0.66676	0.01644	0.03398	0.02412	0.02083	0.01315	0.01535	0.01096	0.00877	0.00767	0.00219	0.01535	0.00548	0.00438	0.00987
67	0.01333	0.00950	0.01195	0.03974	0.01529	0.00898	0.00884	0.01748	0.05021	0.06250	0.32970	0.17284	0.18963	0.01889	0.00998	0.00287	0.00486	0.01651	0.00858	0.00832
68	0.01659	0.01565	0.02646	0.61536	0.11968	0.01904	0.02389	0.02220	0.01726	0.02237	0.01522	0.02252	0.01157	0.00841	0.00850	0.00280	0.01122	0.00756	0.00383	0.00987
69	0.03235	0.02384	0.02554	0.01958	0.02639	0.02639	0.01618	0.61946	0.04001	0.05363	0.02043	0.02043	0.01447	0.01022	0.00851	0.00255	0.00936	0.00766	0.00851	0.01447
70	0.03056	0.02261	0.02440	0.01877	0.02536	0.02469	0.01545	0.55862	0.03809	0.05136	0.05377	0.02263	0.01793	0.01042	0.00849	0.00250	0.00893	0.00795	0.00839	0.04908
71	0.01818	0.17338	0.53720	0.02236	0.03390	0.02248	0.02814	0.02666	0.01784	0.02560	0.01460	0.01712	0.01081	0.00793	0.00757	0.00252	0.01190	0.00595	0.00360	0.01225
72	0.63473	0.09805	0.05137	0.01229	0.01819	0.02082	0.01105	0.02518	0.01500	0.03546	0.01203	0.01403	0.00950	0.00784	0.00544	0.00254	0.00720	0.00469	0.00499	0.00960
73	0.01037	0.00741	0.00987	0.01185	0.01234	0.00691	0.00790	0.01185	0.01629	0.02172	0.04690	0.69537	0.05629	0.02666	0.01086	0.00346	0.00494	0.02419	0.00790	0.00691
74	0.02117	0.01828	0.01924	0.01732	0.02213	0.02117	0.01347	0.04522	0.63246	0.03560	0.03464	0.03175	0.02598	0.01155	0.00866	0.00289	0.00673	0.00962	0.00866	0.01347
75	0.01765	0.01513	0.01765	0.01260	0.02017	0.01134	0.01008	0.02143	0.01765	0.02773	0.01513	0.01765	0.01260	0.00630	0.00630	0.00126	0.00630	0.00504	0.00504	0.75295
76	0.01045	0.00747	0.00995	0.01179	0.01236	0.00697	0.00791	0.01205	0.01667	0.02232	0.07578	0.66478	0.05745	0.02621	0.01082	0.00342	0.00489	0.02377	0.00797	0.00697
77	0.01862	0.01862	0.02607	0.02234	0.02234	0.02607	0.01862	0.02048	0.01303	0.02048	0.01117	0.01862	0.01117	0.01489	0.02793	0.00372	0.68535	0.00745	0.00372	0.00931
78	0.01086	0.00865	0.00973	0.00946	0.01198	0.00752	0.00709	0.01376	0.02128	0.02746	0.31001	0.07454	0.41779	0.01988	0.01005	0.00279	0.00419	0.01693	0.00849	0.00752
79	0.03713	0.01519	0.02006	0.01549	0.02201	0.01368	0.01276	0.07518	0.05086	0.59288	0.03286	0.02859	0.02089	0.01056	0.00856	0.00264	0.00734	0.00855	0.01034	0.01444
80	0.03818	0.01448	0.01975	0.01514	0.02172	0.01251	0.01251	0.04147	0.02436	0.65373	0.03357	0.02897	0.02107	0.01053	0.00856	0.00263	0.00724	0.00856	0.01053	0.01448
81	0.01491	0.01012	0.01249	0.01279	0.01480	0.00982	0.00932	0.08723	0.02046	0.06482	0.07250	0.45206	0.11134	0.02261	0.01037	0.00323	0.00565	0.04890	0.00819	0.00840
82	0.01478	0.00739	0.01109	0.01109	0.01109	0.00739	0.00739	0.01109	0.01109	0.01478	0.01478	0.02587	0.01478	0.02956	0.03326	0.75240	0.00739	0.00739	0.00370	0.00370
83	0.76103	0.01646	0.01251	0.01119	0.01646	0.01909	0.00922	0.02502	0.01448	0.03818	0.01185	0.01382	0.00922	0.00790	0.00527	0.00263	0.00658	0.00461	0.00527	0.00922
84	0.01586	0.00793	0.00793	0.00793	0.00991	0.00793	0.00595	0.01983	0.01785	0.03173	0.02776	0.03173	0.02181	0.00991	0.00595	0.00198	0.00397	0.00793	0.74817	0.00793
85	0.01332	0.00966	0.01347	0.01319	0.01481	0.01099	0.01006	0.04372	0.01499	0.02161	0.02337	0.03516	0.02204	0.12812	0.53442	0.01197	0.01962	0.00934	0.04246	0.00767
86	0.02009	0.02296	0.05022	0.03587	0.04448	0.02152	0.61693	0.02726	0.02009	0.02726	0.01722	0.02296	0.01291	0.00717	0.01004	0.00287	0.01435	0.01004	0.00430	0.01148
87	0.03069	0.03895	0.02333	0.02125	0.02556	0.63349	0.01594	0.03288	0.02388	0.02094	0.01684	0.01870	0.04291	0.00941	0.00779	0.00223	0.01479	0.00611	0.00456	0.00973
88	0.01042	0.00752	0.00988	0.01166	0.01232	0.00697	0.00784	0.01204	0.01676	0.02230	0.07367	0.64116	0.08388	0.02604	0.01079	0.00340	0.00487	0.02354	0.00796	0.00697
89	0.02106	0.02022	0.03454	0.05223	0.64784	0.02022	0.02612	0.02612	0.01938	0.02780	0.01601	0.02106	0.01348	0.00758	0.00842	0.00253	0.01011	0.00758	0.00421	0.01348
90	0.01102	0.00794	0.01056	0.01231	0.01324	0.00748	0.00885	0.01309	0.01740	0.02306	0.07856	0.53129	0.08282	0.02541	0.01094	0.00347	0.00537	0.12207	0.00796	0.00714
91	0.01037	0.00741	0.00987	0.01185	0.01234	0.00691	0.00790	0.01185	0.01629	0.02172	0.04690	0.69537	0.05629	0.02666	0.01086	0.00346	0.00494	0.02419	0.00790	0.00691
92	0.01037	0.00741	0.00987	0.01185	0.01234	0.00691	0.00790	0.01185	0.01629	0.02172	0.04690	0.69537	0.05629	0.02666	0.01086	0.00346	0.00494	0.02419	0.00790	0.00691
93	0.01630	0.01418	0.02064	0.02467	0.17966	0.01426	0.04753	0.02325	0.11373	0.02681	0.04188	0.05821	0.15269	0.04837	0.01149	0.00334	0.00791	0.17826	0.00673	0.01009
94	0.03118	0.03954	0.02421	0.02194	0.02612	0.63695	0.01654	0.03335	0.02360	0.02081	0.01306	0.01550	0.01097	0.00905	0.00862	0.00226	0.04652	0.00557	0.00435	0.00984
95	0.76103	0.01646	0.01251	0.01119	0.01646	0.01909	0.00922	0.02502	0.01448	0.03818	0.01185	0.01382	0.00922	0.00790	0.00527	0.00263	0.00658	0.00461	0.00527	0.00922
96	0.76103	0.01646	0.01251	0.01119	0.01646	0.01909	0.00922	0.02502	0.01448	0.03818	0.01185	0.01382	0.00922	0.00790	0.00527	0.00263	0.00658	0.00461	0.00527	0.00922
97	0.02994	0.17706	0.02832	0.02041	0.02539	0.53690	0.01606	0.03224	0.02272	0.02066	0.01288	0.01500	0.01095	0.00846	0.00722	0.00212	0.01407	0.00529	0.00423	0.01008
98	0.01817	0.01471	0.01735	0.01260	0.01978	0.01119	0.01006	0.02195	0.01832	0.05446	0.05408	0.02091	0.01707	0.00715	0.00662	0.00140	0.00620	0.00582	0.00554	0.67660
99	0.02986	0.06411	0.02549	0.02244	0.05238	0.47324	0.01672	0.10351	0.05248	0.02569	0.01497	0.01704	0.01218	0.00926	0.00878	0.00234	0.04767	0.00608	0.00500	0.01075
100	0.01132	0.00882	0.01007	0.01059	0.01260	0.00800	0.00760	0.04050	0.01928	0.02442	0.09356	0.33668	0.33993	0.02298	0.01032	0.00309	0.00480	0.01998	0.00800	0.00745
101	0.02107	0.02010	0.03361	0.05011	0.60981	0.02028	0.02535	0.02728	0.05663	0.02828	0.01714	0.02171	0.01424	0.00782	0.00844	0.00255	0.00990	0.00771	0.00448	0.01348
102	0.02275	0.70604	0.04459	0.01456	0.02184	0.03367	0.01456	0.02548	0.01729	0.02002	0.01183	0.01365	0.01092	0.00728	0.00546	0.00182	0.00910	0.00455	0.00364	0.01092
103	0.02739	0.03376	0.03100	0.02639	0.05294	0.44286	0.17906	0.03101	0.02255	0.02285	0.01569	0.04442	0.01337	0.00900	0.00847	0.00244	0.01448	0.00753	0.00450	0.01032
104	0.01995	0.38022	0.34591	0.01933	0.02922	0.02683	0.02287	0.02620	0.01762	0.02343	0.01352	0.01578	0.01085	0.00768	0.00675	0.00225	0.01081	0.00541	0.00362	0.01174
105	0.76103	0.01646	0.01251	0.01119	0.01646	0.01909	0.00922	0.02502	0.01448	0.03818	0.01185	0.01382	0.00922	0.00790	0.00527	0.00263	0.00658	0.00461	0.00527	0.00922
106	0.03133	0.03899	0.02464	0.02320	0.05442	0.61254	0.01687	0.05647	0.02452	0.02242	0.01357	0.01580	0.01121	0.00877	0.00774	0.00222	0.01488	0.00566	0.00454	0.01021
107	0.02062	0.01825	0.02271	0.02600	0.18202	0.02023	0.01644	0.03871	0.44550	0.03293	0.03046	0.06114	0.02424	0.01126	0.00871	0.00282	0.00751	0.00980	0.00748	0.01315
108	0.01987	0.01506	0.01787	0.01288	0.02034	0.01147	0.01035	0.02360	0.01837	0.09562	0.01713	0.01887	0.01352	0.00676	0.00655	0.00141	0.00640	0.00542	0.00564	0.67286
109	0.34025	0.01545	0.01804	0.11536	0.02534	0.01677	0.03852	0.02850	0.05143	0.17058	0.06102	0.02609	0.01930	0.00992	0.00742	0.00274	0.00767	0.02827	0.00671	0.01062
110	0.02058	0.23503	0.06973	0.07170	0.06863	0.02499	0.33860	0.02628	0.01890	0.02467	0.01527	0.01976	0.01214	0.00735	0.00836	0.00252	0.01224	0.00791	0.00403	0.01132
111	0.01037	0.00741	0.00987	0.01185	0.01234	0.00691	0.00790	0.01185	0.01629	0.02172	0.04690	0.69537	0.05629	0.02666	0.01086	0.00346	0.00494	0.02419	0.00790	0.00691
112	0.03818	0.01448	0.01975	0.01514	0.02172	0.01251	0.01251	0.04147	0.02436	0.65373	0.03357	0.02897	0.02107	0.01053	0.00856	0.00263	0.00724	0.00856	0.01053	0.01448
113	0.01815	0.04201	0.57265	0.02572	0.06067	0.05475	0.05506	0.02731	0.01844	0.02667	0.01527	0.01816	0.01099	0.00806	0.00816	0.00267	0.01270	0.00645	0.00369	0.01242
114	0.01893	0.02091	0.04453	0.03365	0.06780	0.01966	0.51512	0.02531	0.01959	0.02660	0.02082	0.10578	0.01829	0.00959	0.01007	0.00293	0.01300	0.01168	0.00474	0.01101
115	0.01920	0.02839	0.21197	0.03206	0.04130	0.02128	0.42934	0.02683	0.01916	0.02683	0.01639	0.02140	0.01225	0.00781	0.01042	0.00287	0.04784	0.00890	0.00408	0.01166
116	0.01944	0.32011	0.40150	0.02021	0.03058	0.02556	0.02440	0.02634	0.01769	0.02406	0.01384	0.01617	0.01084	0.00775	0.00699	0.00233	0.01113	0.00556	0.00361	0.01189
117	0.03179	0.04056	0.02412	0.02192	0.02631	0.66676	0.01644	0.03398	0.02412	0.02083	0.01315	0.01535	0.01096	0.00877	0.00767	0.00219	0.01535	0.00548	0.00438	0.00987
118	0.02012	0.05038	0.02864	0.32643	0.07328	0.02113	0.08841	0.12063	0.05812	0.02820	0.01707	0.02233	0.01317	0.01012	0.01084	0.04058	0.04707	0.00783	0.00491	0.01072
119	0.01915	0.01827	0.03109	0.29299	0.42203	0.01972	0.02517	0.02444	0.01847	0.02548	0.01567	0.02169	0.01266	0.00794	0.00846	0.00265	0.01058	0.00757	0.00405	0.01194
120	0.01586	0.00793	0.00793	0.00793	0.00991	0.00793	0.00595	0.01983	0.01785	0.03173	0.02776	0.03173	0.02181	0.00991	0.00595	0.00198	0.00397	0.00793	0.74817	0.00793
121	0.03818	0.01448	0.01975	0.01514	0.02172	0.01251	0.01251	0.04147	0.02436	0.65373	0.03357	0.02897	0.02107	0.01053	0.00856	0.00263	0.00724	0.00856	0.01053	0.01448
122	0.01992	0.01902	0.03259	0.05866	0.03184	0.02048	0.25402	0.12391	0.02123	0.02912	0.02184	0.14378	0.02063	0.01284	0.01343	0.00309	0.14588	0.01156	0.00553	0.01062
123	0.01042	0.00753	0.00986	0.01161	0.01231	0.00697	0.00782	0.01205	0.01680	0.02232	0.07417	0.63329	0.09143	0.02598	0.01078	0.00339	0.00486	0.02346	0.00796	0.00697
124	0.01037	0.00741	0.00987	0.01185	0.01234	0.00691	0.00790	0.01185	0.01629	0.02172	0.04690	0.69537	0.05629	0.02666	0.01086	0.00346	0.00494	0.02419	0.00790	0.00691
125	0.02027	0.02257	0.06736	0.09826	0.10327	0.02156	0.41479	0.05854	0.02036	0.02786	0.01669	0.02219	0.01273	0.00793	0.01048	0.00285	0.04713	0.00915	0.00442	0.01158
126	0.01741	0.04108	0.57594	0.02530	0.03704	0.02016	0.08710	0.02675	0.01799	0.02675	0.01531	0.01847	0.01100	0.00824	0.00899	0.00275	0.03701	0.00669	0.00367	0.01235
127	0.01252	0.00958	0.01408	0.01388	0.01522	0.01133	0.01073	0.01531	0.01356	0.01959	0.02241	0.03401	0.02133	0.10079	0.59353	0.01280	0.05801	0.00923	0.00455	0.00754
128	0.01811	0.02492	0.17788	0.02828	0.03651	0.01844	0.36165	0.02472	0.01913	0.02677	0.05857	0.05063	0.01861	0.00997	0.01072	0.04319	0.01216	0.00973	0.00462	0.04539
129	0.08912	0.01908	0.02119	0.01673	0.02267	0.02025	0.01360	0.33380	0.06793	0.19874	0.05320	0.02652	0.02030	0.04550	0.01011	0.00289	0.00815	0.00836	0.00864	0.01322
130	0.02683	0.06355	0.03171	0.02281	0.02953	0.02381	0.16946	0.37157	0.03104	0.04146	0.01989	0.02438	0.01543	0.01090	0.01020	0.04309	0.01045	0.03443	0.00685	0.01261
131	0.03097	0.05687	0.02351	0.01716	0.02357	0.02159	0.01422	0.36841	0.05768	0.18367	0.02377	0.02308	0.01665	0.01000	0.00810	0.00245	0.00828	0.00768	0.05683	0.04550

[dist]
# distance from previous block
# <min> <max>
3	5

[block]
# block no. 1 follows, 21 sequences, length 16
# corresponding to MSA columns:
# 193-208
name=unknown_B
#
# <colnr> <probs for GDERKNQSTAVLIFYWHMCP>
#	G	D	E	R	K	N	Q	S	T	A	V	L	I	F	Y	W	H	M	C	P
0	0.01746	0.15868	0.40391	0.02121	0.03078	0.02077	0.05688	0.02478	0.01775	0.02519	0.04580	0.02147	0.01550	0.01493	0.08584	0.00384	0.01283	0.00695	0.00403	0.01140
1	0.02072	0.26412	0.39862	0.02025	0.03055	0.02384	0.02421	0.02765	0.01827	0.07619	0.01562	0.01742	0.01167	0.00802	0.00724	0.00240	0.01097	0.00589	0.00418	0.01218
2	0.12400	0.61147	0.04019	0.01410	0.02110	0.03167	0.01383	0.02542	0.01691	0.02251	0.01183	0.01368	0.01069	0.00737	0.00543	0.00193	0.00876	0.00456	0.00386	0.01069
3	0.01118	0.00791	0.01001	0.01119	0.01187	0.00751	0.00749	0.01267	0.01627	0.02170	0.09248	0.42425	0.07589	0.19412	0.01893	0.00459	0.00583	0.05214	0.00733	0.00663
4	0.01765	0.01513	0.01765	0.01260	0.02017	0.01134	0.01008	0.02143	0.01765	0.02773	0.01513	0.01765	0.01260	0.00630	0.00630	0.00126	0.00630	0.00504	0.00504	0.75295
5	0.01978	0.02113	0.04150	0.09083	0.17899	0.02160	0.35674	0.02566	0.01875	0.02604	0.01598	0.02194	0.01268	0.00838	0.01188	0.00290	0.10059	0.00895	0.00416	0.01148
6	0.01236	0.00832	0.00964	0.00964	0.00976	0.00844	0.00560	0.01260	0.01248	0.01676	0.02649	0.05389	0.03016	0.64944	0.09373	0.00869	0.00943	0.01211	0.00511	0.00535
7	0.02080	0.02270	0.04729	0.03684	0.10899	0.02162	0.52313	0.05646	0.02100	0.02862	0.01724	0.02263	0.01305	0.00737	0.00979	0.00282	0.01364	0.00966	0.00450	0.01184
8	0.01216	0.00912	0.01368	0.01368	0.01520	0.01064	0.01064	0.01520	0.01368	0.01976	0.02279	0.03343	0.02127	0.06382	0.66720	0.01368	0.02279	0.00912	0.00456	0.00760
9	0.03180	0.02304	0.02484	0.01923	0.02588	0.02542	0.01582	0.55347	0.08185	0.07807	0.02201	0.02161	0.01558	0.01032	0.00853	0.00258	0.00908	0.00784	0.00861	0.01440
10	0.01152	0.00848	0.01059	0.01043	0.01223	0.00776	0.00756	0.01462	0.02148	0.02946	0.43128	0.15134	0.16391	0.06625	0.01244	0.00320	0.00448	0.01678	0.00865	0.00755
11	0.01284	0.00959	0.01395	0.01373	0.01519	0.01133	0.01073	0.01588	0.01398	0.02077	0.02251	0.03241	0.02072	0.05656	0.57581	0.01214	0.06061	0.00892	0.06460	0.00773
12	0.03119	0.02463	0.02542	0.06515	0.02860	0.07908	0.01671	0.52977	0.03711	0.04872	0.01946	0.02016	0.01397	0.00998	0.00844	0.00254	0.01000	0.00747	0.00785	0.01375
13	0.25290	0.44926	0.03343	0.01383	0.02045	0.02869	0.01300	0.06223	0.01783	0.02776	0.01237	0.01413	0.01061	0.00766	0.00559	0.00212	0.00833	0.00476	0.00445	0.01061
14	0.01952	0.02111	0.04289	0.03146	0.03806	0.02135	0.46673	0.02552	0.01867	0.02638	0.01690	0.02281	0.01324	0.00874	0.01293	0.00296	0.13288	0.00943	0.05757	0.01084
15	0.05386	0.06550	0.02251	0.07328	0.04574	0.02154	0.01506	0.13814	0.32526	0.06544	0.02800	0.03038	0.02176	0.01115	0.00843	0.00278	0.00793	0.04292	0.00764	0.01267

[dist]
# distance from previous block
# <min> <max>
17	29

[block]
# block no. 2 follows, 21 sequences, length 8
# corresponding to MSA columns:
# 239-246
name=unknown_C
#
# <colnr> <probs for GDERKNQSTAVLIFYWHMCP>
#	G	D	E	R	K	N	Q	S	T	A	V	L	I	F	Y	W	H	M	C	P
0	0.07034	0.01458	0.01683	0.01249	0.01931	0.01165	0.00998	0.02243	0.01845	0.06814	0.07485	0.02238	0.01923	0.00772	0.00672	0.00157	0.00617	0.00620	0.00581	0.58517
1	0.01099	0.00760	0.01028	0.01209	0.01267	0.00718	0.00832	0.01225	0.01614	0.02147	0.04419	0.59396	0.05238	0.02664	0.01272	0.06335	0.00537	0.06812	0.00756	0.00673
2	0.03235	0.02384	0.02554	0.01958	0.02639	0.02639	0.01618	0.61946	0.04001	0.05363	0.02043	0.02043	0.01447	0.01022	0.00851	0.00255	0.00936	0.00766	0.00851	0.01447
3	0.03235	0.02384	0.02554	0.01958	0.02639	0.02639	0.01618	0.61946	0.04001	0.05363	0.02043	0.02043	0.01447	0.01022	0.00851	0.00255	0.00936	0.00766	0.00851	0.01447
4	0.02117	0.01828	0.01924	0.01732	0.02213	0.02117	0.01347	0.04522	0.63246	0.03560	0.03464	0.03175	0.02598	0.01155	0.00866	0.00289	0.00673	0.00962	0.00866	0.01347
5	0.01607	0.01513	0.02552	0.68047	0.05861	0.01891	0.02363	0.02174	0.01702	0.02174	0.01513	0.02269	0.01134	0.00851	0.00851	0.00284	0.01134	0.00756	0.00378	0.00945
6	0.01522	0.01438	0.02552	0.38945	0.04369	0.01611	0.12098	0.02001	0.01735	0.02268	0.02407	0.20447	0.02375	0.01318	0.00941	0.00301	0.01013	0.01248	0.00498	0.00911
7	0.03184	0.02270	0.02459	0.01907	0.02570	0.02495	0.01568	0.52968	0.08829	0.09563	0.02257	0.02199	0.01591	0.01035	0.00853	0.00259	0.00899	0.00789	0.00867	0.01439

[dist]
# distance from previous block
# <min> <max>
0	1

[block]
# block no. 3 follows, 21 sequences, length 20
# corresponding to MSA columns:
# 248-267
name=unknown_D
#
# <colnr> <probs for GDERKNQSTAVLIFYWHMCP>
#	G	D	E	R	K	N	Q	S	T	A	V	L	I	F	Y	W	H	M	C	P
0	0.03119	0.02294	0.02470	0.01951	0.02575	0.02500	0.01578	0.55389	0.03809	0.05117	0.02384	0.08259	0.01927	0.01242	0.00919	0.00284	0.00930	0.00948	0.00877	0.01427
1	0.01389	0.00978	0.01131	0.01127	0.01236	0.00983	0.00739	0.08171	0.01718	0.02280	0.03568	0.26367	0.06823	0.36561	0.02697	0.00575	0.00709	0.01601	0.00658	0.00690
2	0.01375	0.00953	0.01112	0.01099	0.01179	0.00975	0.00703	0.06696	0.01573	0.02110	0.03010	0.18181	0.03406	0.46348	0.07051	0.00708	0.00854	0.01417	0.00598	0.00650
3	0.02886	0.07571	0.05328	0.09861	0.02995	0.47036	0.01754	0.03242	0.03709	0.05818	0.01510	0.01741	0.01194	0.00879	0.00773	0.00231	0.01370	0.00598	0.00469	0.01035
4	0.01140	0.00837	0.01122	0.05151	0.01546	0.00820	0.00929	0.01335	0.01656	0.02177	0.04482	0.46246	0.08384	0.09907	0.01438	0.00398	0.00607	0.10387	0.00734	0.00702
5	0.03110	0.02200	0.02391	0.01836	0.02498	0.02378	0.01512	0.52009	0.03669	0.08929	0.02129	0.02132	0.01511	0.00999	0.00827	0.00246	0.00880	0.00758	0.04195	0.05791
6	0.15167	0.04738	0.02264	0.06072	0.02529	0.24240	0.01538	0.08324	0.04960	0.09358	0.01649	0.01864	0.01279	0.00994	0.01057	0.00264	0.11426	0.00645	0.00558	0.01074
7	0.01177	0.00954	0.01053	0.01062	0.01322	0.00884	0.00808	0.01619	0.07527	0.02534	0.13538	0.11735	0.40294	0.04334	0.01126	0.00318	0.00504	0.07627	0.00804	0.00783
8	0.03158	0.06518	0.02557	0.02074	0.02613	0.40673	0.01626	0.24468	0.02953	0.03262	0.01572	0.01710	0.01223	0.00922	0.00787	0.00231	0.01290	0.00622	0.00584	0.01158
9	0.49788	0.06592	0.01830	0.09443	0.02361	0.08828	0.01253	0.06342	0.01761	0.03412	0.01293	0.01547	0.01011	0.00817	0.00613	0.00255	0.00843	0.00525	0.00509	0.00976
10	0.06626	0.01534	0.02557	0.47707	0.04836	0.01782	0.09046	0.02157	0.01765	0.02402	0.04208	0.02878	0.07050	0.00977	0.00866	0.00282	0.01050	0.00884	0.00450	0.00943
11	0.01988	0.01727	0.01866	0.01473	0.02067	0.05352	0.01161	0.10324	0.05709	0.03025	0.02045	0.09865	0.01864	0.01007	0.00832	0.00196	0.03732	0.00806	0.00596	0.44367
12	0.08446	0.02367	0.02237	0.01846	0.02348	0.13141	0.01476	0.33445	0.06014	0.03960	0.01914	0.02229	0.01517	0.05216	0.05206	0.00360	0.05651	0.00750	0.00682	0.01195
13	0.01699	0.01104	0.01402	0.12009	0.02064	0.01209	0.01083	0.08660	0.01939	0.02950	0.05992	0.03045	0.02197	0.01862	0.08751	0.08472	0.00837	0.00837	0.33046	0.00843
14	0.01683	0.05395	0.02603	0.44567	0.13764	0.01841	0.02115	0.02192	0.01794	0.02372	0.05623	0.02613	0.03704	0.00915	0.00834	0.00263	0.01004	0.00807	0.00440	0.05470
15	0.50647	0.01774	0.05322	0.09139	0.02322	0.01845	0.01271	0.05507	0.01741	0.07256	0.05074	0.01922	0.01464	0.00880	0.00645	0.00266	0.00753	0.00607	0.00571	0.00995
16	0.18256	0.01266	0.01400	0.05444	0.01825	0.01306	0.01006	0.07364	0.02051	0.08357	0.15570	0.12219	0.11485	0.05535	0.01059	0.00308	0.00627	0.01219	0.00738	0.02965
17	0.03023	0.02176	0.02319	0.01815	0.02461	0.05464	0.01492	0.41801	0.03361	0.11800	0.02246	0.02533	0.01690	0.01052	0.00842	0.00248	0.00898	0.04186	0.00811	0.09780
18	0.01770	0.05516	0.02056	0.05007	0.02058	0.05873	0.05063	0.05972	0.01713	0.02356	0.02116	0.07034	0.02068	0.16042	0.10391	0.00535	0.14296	0.00962	0.08313	0.00857
19	0.02463	0.10519	0.06297	0.04827	0.02483	0.23395	0.01566	0.12821	0.02356	0.04775	0.02457	0.10016	0.06618	0.01220	0.00922	0.00256	0.04460	0.00920	0.00578	0.01051

[dist]
# distance from previous block
# <min> <max>
1	27

[block]
# block no. 4 follows, 21 sequences, length 15
# corresponding to MSA columns:
# 296-310
name=unknown_E
#
# <colnr> <probs for GDERKNQSTAVLIFYWHMCP>
#	G	D	E	R	K	N	Q	S	T	A	V	L	I	F	Y	W	H	M	C	P
0	0.05010	0.01528	0.01977	0.01486	0.02167	0.01275	0.05364	0.02634	0.04568	0.14997	0.02152	0.06181	0.01738	0.00871	0.00735	0.00190	0.00700	0.00743	0.00640	0.45046
1	0.02805	0.02082	0.02270	0.01750	0.02393	0.02213	0.01434	0.45860	0.03384	0.04653	0.02006	0.02119	0.01488	0.01203	0.03849	0.00282	0.00918	0.00731	0.04855	0.13705
2	0.01147	0.00868	0.01054	0.01087	0.01289	0.00792	0.00827	0.01433	0.02024	0.02656	0.25378	0.14695	0.26242	0.05644	0.01215	0.00333	0.00507	0.11242	0.00823	0.00743
3	0.01037	0.00741	0.00987	0.01185	0.01234	0.00691	0.00790	0.01185	0.01629	0.02172	0.04690	0.69537	0.05629	0.02666	0.01086	0.00346	0.00494	0.02419	0.00790	0.00691
4	0.03091	0.02244	0.02400	0.01856	0.02495	0.02477	0.01528	0.56696	0.03807	0.05172	0.02107	0.02142	0.01512	0.01019	0.00829	0.00250	0.00889	0.00769	0.07327	0.01390
5	0.03235	0.02384	0.02554	0.01958	0.02639	0.02639	0.01618	0.61946	0.04001	0.05363	0.02043	0.02043	0.01447	0.01022	0.00851	0.00255	0.00936	0.00766	0.00851	0.01447
6	0.02117	0.01828	0.01924	0.01732	0.02213	0.02117	0.01347	0.04522	0.63246	0.03560	0.03464	0.03175	0.02598	0.01155	0.00866	0.00289	0.00673	0.00962	0.00866	0.01347
7	0.01607	0.01513	0.02552	0.68047	0.05861	0.01891	0.02363	0.02174	0.01702	0.02174	0.01513	0.02269	0.01134	0.00851	0.00851	0.00284	0.01134	0.00756	0.00378	0.00945
8	0.01191	0.00879	0.01140	0.01248	0.01426	0.00827	0.00986	0.01494	0.01966	0.02586	0.17344	0.23189	0.16387	0.02269	0.01089	0.00337	0.00573	0.23496	0.00817	0.00753
9	0.03235	0.02384	0.02554	0.01958	0.02639	0.02639	0.01618	0.61946	0.04001	0.05363	0.02043	0.02043	0.01447	0.01022	0.00851	0.00255	0.00936	0.00766	0.00851	0.01447
10	0.02908	0.01391	0.01772	0.01438	0.01946	0.01311	0.01148	0.07453	0.08394	0.38376	0.16300	0.03756	0.03433	0.05082	0.01083	0.00298	0.00670	0.01028	0.00966	0.01248
11	0.07212	0.01082	0.01325	0.01173	0.01521	0.00999	0.00913	0.02281	0.02174	0.19936	0.27732	0.05436	0.14303	0.06280	0.01166	0.00313	0.00558	0.03761	0.00881	0.00953
12	0.41607	0.09582	0.08679	0.04275	0.02363	0.02000	0.05633	0.02764	0.01706	0.12140	0.01582	0.01741	0.01161	0.00820	0.00652	0.00257	0.00832	0.00585	0.00554	0.01067
13	0.01733	0.01511	0.02035	0.01823	0.07501	0.01396	0.05465	0.04451	0.04585	0.02659	0.02400	0.08123	0.05427	0.08690	0.01311	0.00282	0.05406	0.00917	0.00553	0.33731
14	0.02646	0.01611	0.02165	0.10254	0.09516	0.01607	0.01523	0.10589	0.07851	0.24832	0.09629	0.02947	0.02469	0.01042	0.00851	0.00254	0.00784	0.00879	0.00795	0.07756

[dist]
# distance from previous block
# <min> <max>
24	47

[block]
# block no. 5 follows, 21 sequences, length 10
# corresponding to MSA columns:
# 369-378
name=unknown_F
#
# <colnr> <probs for GDERKNQSTAVLIFYWHMCP>
#	G	D	E	R	K	N	Q	S	T	A	V	L	I	F	Y	W	H	M	C	P
0	0.01702	0.01652	0.03026	0.47926	0.05188	0.01879	0.16526	0.02294	0.01781	0.02375	0.01649	0.02337	0.01244	0.00828	0.00870	0.00279	0.01156	0.00819	0.05485	0.00984
1	0.02415	0.04788	0.01807	0.01411	0.01920	0.01362	0.01151	0.03108	0.12641	0.25420	0.11644	0.04258	0.08359	0.01309	0.00878	0.00263	0.00652	0.06300	0.00863	0.09451
2	0.09121	0.02326	0.02312	0.06394	0.02665	0.09602	0.01547	0.41270	0.03317	0.04484	0.06930	0.02297	0.01878	0.01032	0.00827	0.00255	0.00950	0.00778	0.00752	0.01264
3	0.07200	0.01486	0.02245	0.46733	0.04530	0.01800	0.01958	0.02168	0.01661	0.02419	0.01570	0.02216	0.01221	0.00898	0.00952	0.00271	0.06704	0.00719	0.07196	0.06051
4	0.02106	0.02022	0.03454	0.05223	0.64784	0.02022	0.02612	0.02612	0.01938	0.02780	0.01601	0.02106	0.01348	0.00758	0.00842	0.00253	0.01011	0.00758	0.00421	0.01348
5	0.03235	0.02384	0.02554	0.01958	0.02639	0.02639	0.01618	0.61946	0.04001	0.05363	0.02043	0.02043	0.01447	0.01022	0.00851	0.00255	0.00936	0.00766	0.00851	0.01447
6	0.01204	0.00870	0.01138	0.01071	0.01271	0.00803	0.00803	0.01606	0.02409	0.03413	0.64335	0.06357	0.08030	0.01740	0.01004	0.00268	0.00401	0.01539	0.00937	0.00803
7	0.09810	0.02276	0.02390	0.01865	0.02518	0.02535	0.01535	0.52404	0.08011	0.05093	0.02067	0.02064	0.01482	0.01010	0.00823	0.00259	0.00892	0.00752	0.00823	0.01392
8	0.01238	0.00825	0.00928	0.00928	0.00928	0.00825	0.00516	0.01238	0.01238	0.01650	0.02681	0.05569	0.03094	0.70092	0.04331	0.00825	0.00825	0.01238	0.00516	0.00516
9	0.01657	0.01520	0.02570	0.49409	0.12172	0.01780	0.04986	0.02191	0.01747	0.02346	0.01777	0.05492	0.01457	0.00930	0.00849	0.00277	0.01049	0.00849	0.05964	0.00979

[dist]
# distance from previous block
# <min> <max>
0	1

[block]
# block no. 6 follows, 21 sequences, length 12
# corresponding to MSA columns:
# 380-391
name=unknown_G
#
# <colnr> <probs for GDERKNQSTAVLIFYWHMCP>
#	G	D	E	R	K	N	Q	S	T	A	V	L	I	F	Y	W	H	M	C	P
0	0.02302	0.52203	0.11100	0.01842	0.05638	0.10156	0.01728	0.02662	0.01823	0.02130	0.01258	0.01471	0.01104	0.00755	0.00616	0.00200	0.01024	0.00501	0.00375	0.01112
1	0.01686	0.01252	0.01451	0.01261	0.01598	0.01254	0.00984	0.16816	0.02736	0.03725	0.39505	0.05563	0.15540	0.01626	0.00965	0.00268	0.00542	0.01385	0.00891	0.00952
2	0.02504	0.53760	0.03941	0.01642	0.02297	0.19391	0.01504	0.02763	0.01902	0.02023	0.01217	0.01408	0.01093	0.00766	0.00602	0.00191	0.01068	0.00479	0.00383	0.01065
3	0.01807	0.16076	0.54887	0.02255	0.03419	0.02222	0.02847	0.02669	0.01785	0.02573	0.01467	0.01721	0.01081	0.00794	0.00762	0.00254	0.01196	0.00598	0.00360	0.01228
4	0.01201	0.00903	0.01303	0.01303	0.01456	0.01024	0.01000	0.01480	0.01403	0.01980	0.02780	0.03840	0.06865	0.09878	0.58050	0.01254	0.02054	0.00998	0.00485	0.00742
5	0.01236	0.00823	0.00952	0.00963	0.00989	0.00822	0.00571	0.01293	0.01345	0.01843	0.05514	0.09979	0.03416	0.56956	0.06053	0.00759	0.00817	0.01304	0.03805	0.00562
6	0.01765	0.01513	0.01765	0.01260	0.02017	0.01134	0.01008	0.02143	0.01765	0.02773	0.01513	0.01765	0.01260	0.00630	0.00630	0.00126	0.00630	0.00504	0.00504	0.75295
7	0.01866	0.01016	0.01349	0.01183	0.01499	0.00916	0.00916	0.02249	0.02416	0.19095	0.48901	0.05481	0.06531	0.01566	0.00966	0.00267	0.00483	0.01366	0.00966	0.00966
8	0.01401	0.01095	0.01538	0.01297	0.01501	0.01028	0.08059	0.01538	0.01401	0.01929	0.02411	0.04671	0.02634	0.52521	0.03440	0.00668	0.00874	0.01113	0.00504	0.10379
9	0.02861	0.05624	0.02579	0.10568	0.02996	0.04839	0.01681	0.43374	0.09432	0.04483	0.02047	0.02134	0.01491	0.00993	0.00835	0.00257	0.00956	0.00761	0.00752	0.01338
10	0.02181	0.05181	0.01989	0.01429	0.02051	0.06146	0.01133	0.12561	0.02164	0.06069	0.01807	0.02297	0.01538	0.09233	0.01138	0.00250	0.00790	0.00657	0.00581	0.40807
11	0.01792	0.08081	0.36786	0.10512	0.08402	0.01969	0.06112	0.02544	0.01800	0.02601	0.01516	0.01873	0.01143	0.00775	0.00786	0.00246	0.01127	0.00648	0.00390	0.10897

[dist]
# distance from previous block
# <min> <max>
7	13

[block]
# block no. 7 follows, 21 sequences, length 32
# corresponding to MSA columns:
# 405-436
name=unknown_H
#
# <colnr> <probs for GDERKNQSTAVLIFYWHMCP>
#	G	D	E	R	K	N	Q	S	T	A	V	L	I	F	Y	W	H	M	C	P
0	0.07330	0.11935	0.02620	0.01766	0.02361	0.05043	0.06507	0.22333	0.05193	0.07279	0.04690	0.02428	0.01821	0.05134	0.03910	0.00321	0.00966	0.00773	0.00658	0.06936
1	0.10273	0.05652	0.07126	0.13677	0.05923	0.04369	0.01728	0.23899	0.06650	0.03724	0.01885	0.02115	0.01411	0.00925	0.00774	0.00255	0.00926	0.00713	0.06789	0.01188
2	0.08071	0.22609	0.02689	0.01619	0.02180	0.13613	0.01361	0.09761	0.14523	0.06137	0.02301	0.02321	0.04633	0.00975	0.00722	0.00234	0.00902	0.00708	0.03499	0.01140
3	0.01426	0.01031	0.01239	0.01281	0.01485	0.01037	0.00944	0.05165	0.09483	0.02755	0.06578	0.38489	0.04464	0.02034	0.00973	0.00308	0.00557	0.07136	0.09871	0.03744
4	0.10630	0.01771	0.01892	0.01498	0.02140	0.01761	0.01200	0.13633	0.18774	0.03574	0.02099	0.02153	0.01617	0.00861	0.00722	0.00209	0.00700	0.00671	0.00667	0.33427
5	0.01212	0.00831	0.00966	0.00963	0.01014	0.00810	0.00586	0.01300	0.01497	0.02019	0.14087	0.08839	0.06822	0.51653	0.03435	0.00679	0.00716	0.01372	0.00616	0.00584
6	0.02409	0.60875	0.04171	0.01550	0.02249	0.09074	0.01482	0.05838	0.01914	0.02191	0.01242	0.01417	0.01112	0.00757	0.00583	0.00189	0.00968	0.00480	0.00397	0.01102
7	0.01203	0.00866	0.01052	0.01112	0.01230	0.00815	0.00769	0.01352	0.01570	0.02074	0.04146	0.24682	0.10882	0.28757	0.02333	0.00521	0.00669	0.10604	0.00666	0.04696
8	0.02978	0.02168	0.02356	0.01877	0.02497	0.02392	0.01541	0.46226	0.13612	0.07972	0.02479	0.02685	0.01859	0.01117	0.00872	0.00269	0.00874	0.03972	0.00860	0.01395
9	0.01991	0.14878	0.44614	0.02315	0.03400	0.02169	0.08676	0.02784	0.01855	0.07315	0.01628	0.01859	0.01180	0.00804	0.00789	0.00256	0.01178	0.00656	0.00420	0.01234
10	0.01216	0.00912	0.01368	0.01368	0.01520	0.01064	0.01064	0.01520	0.01368	0.01976	0.02279	0.03343	0.02127	0.06382	0.66720	0.01368	0.02279	0.00912	0.00456	0.00760
11	0.03032	0.02186	0.02391	0.01818	0.02510	0.02312	0.01497	0.48784	0.03545	0.08549	0.02036	0.02049	0.01457	0.00960	0.00816	0.00235	0.00874	0.00729	0.00807	0.13412
12	0.05687	0.41604	0.27984	0.01815	0.02738	0.02758	0.02083	0.02603	0.01741	0.02360	0.01316	0.01533	0.01078	0.00762	0.00647	0.00220	0.01032	0.00523	0.00370	0.01148
13	0.01238	0.00825	0.00928	0.00928	0.00928	0.00825	0.00516	0.01238	0.01238	0.01650	0.02681	0.05569	0.03094	0.70092	0.04331	0.00825	0.00825	0.01238	0.00516	0.00516
14	0.01048	0.00745	0.00984	0.01171	0.01217	0.00699	0.00775	0.01188	0.01608	0.02144	0.04579	0.66000	0.05488	0.06394	0.01266	0.00372	0.00512	0.02354	0.00775	0.00682
15	0.02429	0.53339	0.03944	0.01648	0.02275	0.15818	0.01518	0.02686	0.01838	0.02021	0.01205	0.01428	0.01094	0.00803	0.00725	0.00201	0.05096	0.00491	0.00379	0.01062
16	0.02721	0.01978	0.02175	0.01746	0.02312	0.02134	0.01407	0.40944	0.08998	0.07180	0.06242	0.09899	0.02432	0.01242	0.00878	0.00263	0.00807	0.01005	0.00843	0.04793
17	0.06016	0.09864	0.56795	0.02268	0.03439	0.02091	0.02874	0.02672	0.01771	0.02701	0.01478	0.01736	0.01070	0.00801	0.00770	0.00262	0.01194	0.00604	0.00369	0.01224
18	0.01626	0.01539	0.02557	0.63079	0.05587	0.01945	0.02326	0.02165	0.01672	0.02165	0.01483	0.02238	0.01133	0.00899	0.00997	0.00290	0.06222	0.00755	0.00378	0.00944
