[name]
unknown

[dist]
# distance from previous block
# <min> <max>
0	0

[block]
# block no. 0 follows, 23 sequences, length 62
# corresponding to MSA columns:
# 0-61
name=unknown_A
#
# <colnr> <probs for GDERKNQSTAVLIFYWHMCP>
#	G	D	E	R	K	N	Q	S	T	A	V	L	I	F	Y	W	H	M	C	P
0	0.01308	0.00934	0.01308	0.01494	0.01681	0.00934	0.01308	0.01681	0.01868	0.02428	0.04296	0.09153	0.04670	0.02242	0.01121	0.00374	0.00747	0.60960	0.00747	0.00747
1	0.02929	0.02053	0.02246	0.01760	0.02364	0.02242	0.01441	0.47520	0.11095	0.11285	0.04991	0.02342	0.01849	0.01022	0.00820	0.00249	0.00819	0.00794	0.00837	0.01342
2	0.02986	0.02196	0.02355	0.01816	0.02432	0.02427	0.01488	0.60483	0.03679	0.04931	0.01980	0.02122	0.01461	0.04619	0.00983	0.00272	0.00887	0.00754	0.00795	0.01334
3	0.17863	0.06092	0.02073	0.01633	0.02148	0.18891	0.01307	0.21043	0.02479	0.10687	0.01896	0.06973	0.01549	0.01001	0.00731	0.00240	0.00929	0.00732	0.00641	0.01094
4	0.45715	0.07053	0.01791	0.01315	0.01886	0.02031	0.01101	0.17730	0.02066	0.06624	0.01442	0.01558	0.01083	0.00807	0.00600	0.00236	0.00713	0.00530	0.00589	0.05130
5	0.62532	0.07995	0.05735	0.01192	0.01761	0.01921	0.01074	0.02468	0.01466	0.06133	0.01239	0.01404	0.00951	0.00760	0.00534	0.00245	0.00688	0.00465	0.00500	0.00935
6	0.00981	0.00829	0.00853	0.00865	0.01134	0.00701	0.00661	0.01198	0.01851	0.02207	0.07968	0.07895	0.62151	0.02067	0.00969	0.00280	0.00433	0.05514	0.00753	0.00689
7	0.01822	0.02139	0.08182	0.17578	0.09184	0.01979	0.41916	0.02477	0.01835	0.02489	0.01578	0.02139	0.01190	0.00720	0.00903	0.00269	0.01265	0.00866	0.00395	0.01074
8	0.00985	0.00830	0.00859	0.00873	0.01140	0.00704	0.00669	0.01204	0.01851	0.02210	0.07923	0.07911	0.61448	0.02069	0.00971	0.00282	0.00436	0.06193	0.00753	0.00690
9	0.01683	0.01442	0.01683	0.01202	0.01923	0.01082	0.00961	0.02043	0.01683	0.02644	0.01442	0.01683	0.01202	0.00601	0.00601	0.00120	0.00601	0.00481	0.00481	0.76444
10	0.12536	0.02064	0.02104	0.01663	0.02245	0.04629	0.01361	0.44964	0.03210	0.07363	0.04906	0.02362	0.04942	0.01027	0.00783	0.00246	0.00824	0.00771	0.00766	0.01237
11	0.01532	0.01442	0.02434	0.69533	0.05589	0.01803	0.02253	0.02073	0.01622	0.02073	0.01442	0.02163	0.01082	0.00811	0.00811	0.00270	0.01082	0.00721	0.00361	0.00901
12	0.00989	0.00706	0.00942	0.01130	0.01177	0.00659	0.00753	0.01130	0.01554	0.02071	0.04472	0.70954	0.05367	0.02542	0.01036	0.00330	0.00471	0.02307	0.00753	0.00659
13	0.01683	0.01442	0.01683	0.01202	0.01923	0.01082	0.00961	0.02043	0.01683	0.02644	0.01442	0.01683	0.01202	0.00601	0.00601	0.00120	0.00601	0.00481	0.00481	0.76444
14	0.00989	0.00706	0.00942	0.01130	0.01177	0.00659	0.00753	0.01130	0.01554	0.02071	0.04472	0.70954	0.05367	0.02542	0.01036	0.00330	0.00471	0.02307	0.00753	0.00659
15	0.00987	0.00711	0.00937	0.01118	0.01174	0.00660	0.00748	0.01131	0.01565	0.02076	0.04621	0.68450	0.07775	0.02523	0.01033	0.00327	0.00468	0.02283	0.00753	0.00660
16	0.01039	0.00711	0.00924	0.01094	0.01155	0.00668	0.00735	0.01203	0.01568	0.02163	0.04297	0.64439	0.05051	0.02389	0.00991	0.00316	0.00462	0.02158	0.07969	0.00668
17	0.02134	0.01800	0.01900	0.01675	0.02154	0.02072	0.01312	0.10750	0.58330	0.03581	0.03156	0.02910	0.02358	0.01087	0.00824	0.00272	0.00669	0.00897	0.00824	0.01295
18	0.01748	0.01734	0.02432	0.02093	0.02100	0.02419	0.01741	0.01930	0.01245	0.01950	0.01115	0.01839	0.01109	0.01630	0.05617	0.00398	0.66944	0.00717	0.00359	0.00880
19	0.01679	0.10697	0.61235	0.02224	0.03375	0.02012	0.02844	0.02556	0.01707	0.02506	0.01425	0.01674	0.01029	0.00764	0.00747	0.00249	0.01167	0.00584	0.00343	0.01184
20	0.63862	0.04336	0.05640	0.06336	0.02017	0.01875	0.01138	0.02375	0.01430	0.03389	0.01174	0.01407	0.00910	0.00757	0.00543	0.00250	0.00708	0.00471	0.00475	0.00907
21	0.01148	0.00829	0.01085	0.01021	0.01212	0.00766	0.00766	0.01531	0.02297	0.03254	0.65994	0.06061	0.07656	0.01659	0.00957	0.00255	0.00383	0.01467	0.00893	0.00766
22	0.00989	0.00706	0.00942	0.01130	0.01177	0.00659	0.00753	0.01130	0.01554	0.02071	0.04472	0.70954	0.05367	0.02542	0.01036	0.00330	0.00471	0.02307	0.00753	0.00659
23	0.00989	0.00706	0.00942	0.01130	0.01177	0.00659	0.00753	0.01130	0.01554	0.02071	0.04472	0.70954	0.05367	0.02542	0.01036	0.00330	0.00471	0.02307	0.00753	0.00659
24	0.01683	0.01442	0.01683	0.01202	0.01923	0.01082	0.00961	0.02043	0.01683	0.02644	0.01442	0.01683	0.01202	0.00601	0.00601	0.00120	0.00601	0.00481	0.00481	0.76444
25	0.77215	0.01569	0.01193	0.01067	0.01569	0.01820	0.00879	0.02385	0.01381	0.03641	0.01130	0.01318	0.00879	0.00753	0.00502	0.00251	0.00628	0.00439	0.00502	0.00879
26	0.03108	0.02235	0.02412	0.01849	0.02498	0.02460	0.01527	0.61188	0.03752	0.07731	0.02001	0.01983	0.01407	0.00975	0.00812	0.00244	0.00884	0.00734	0.00820	0.01380
27	0.02018	0.01743	0.01835	0.01651	0.02110	0.02018	0.01284	0.04312	0.64956	0.03394	0.03303	0.03027	0.02477	0.01101	0.00826	0.00275	0.00642	0.00917	0.00826	0.01284
28	0.05390	0.00975	0.01228	0.01247	0.01473	0.00976	0.01013	0.01834	0.06597	0.02974	0.34747	0.06750	0.05792	0.01789	0.00985	0.00301	0.00552	0.23763	0.00812	0.00802
29	0.01532	0.01442	0.02434	0.69533	0.05589	0.01803	0.02253	0.02073	0.01622	0.02073	0.01442	0.02163	0.01082	0.00811	0.00811	0.00270	0.01082	0.00721	0.00361	0.00901
30	0.01112	0.00802	0.00891	0.00883	0.00985	0.00755	0.00561	0.01218	0.01508	0.01954	0.11791	0.06126	0.21856	0.42961	0.02829	0.00574	0.00629	0.01369	0.00616	0.00581
31	0.03080	0.02393	0.02425	0.01884	0.02516	0.07485	0.01544	0.59143	0.03700	0.04877	0.01896	0.01911	0.01355	0.00964	0.00806	0.00241	0.00936	0.00715	0.00782	0.01347
32	0.01148	0.00829	0.01085	0.01021	0.01212	0.00766	0.00766	0.01531	0.02297	0.03254	0.65994	0.06061	0.07656	0.01659	0.00957	0.00255	0.00383	0.01467	0.00893	0.00766
33	0.02121	0.61767	0.06450	0.01450	0.02117	0.05866	0.01435	0.02408	0.01658	0.01937	0.01214	0.01446	0.01104	0.01049	0.04887	0.00251	0.00991	0.00472	0.00356	0.01023
34	0.02575	0.01987	0.02113	0.01729	0.02279	0.02233	0.01393	0.36489	0.28932	0.04312	0.02538	0.02441	0.01863	0.01025	0.00807	0.00254	0.00767	0.00809	0.04141	0.01313
35	0.02626	0.01413	0.01779	0.01318	0.01994	0.01135	0.01073	0.02964	0.01991	0.33655	0.02290	0.02203	0.01591	0.00795	0.00705	0.00183	0.00644	0.00642	0.00733	0.40264
36	0.01532	0.01442	0.02434	0.69533	0.05589	0.01803	0.02253	0.02073	0.01622	0.02073	0.01442	0.02163	0.01082	0.00811	0.00811	0.00270	0.01082	0.00721	0.00361	0.00901
37	0.03031	0.03867	0.02299	0.02090	0.02508	0.68226	0.01568	0.03240	0.02299	0.01986	0.01254	0.01463	0.01045	0.00836	0.00732	0.00209	0.01463	0.00523	0.00418	0.00941
38	0.01308	0.00934	0.01308	0.01494	0.01681	0.00934	0.01308	0.01681	0.01868	0.02428	0.04296	0.09153	0.04670	0.02242	0.01121	0.00374	0.00747	0.60960	0.00747	0.00747
39	0.01935	0.02161	0.03992	0.02978	0.03541	0.05760	0.42398	0.02448	0.01743	0.02380	0.01455	0.02031	0.01173	0.00904	0.01435	0.00293	0.21088	0.00863	0.00395	0.01027
40	0.00989	0.00706	0.00942	0.01130	0.01177	0.00659	0.00753	0.01130	0.01554	0.02071	0.04472	0.70954	0.05367	0.02542	0.01036	0.00330	0.00471	0.02307	0.00753	0.00659
41	0.01134	0.00829	0.01065	0.01006	0.01203	0.00760	0.00754	0.01504	0.02263	0.03174	0.61625	0.06193	0.12075	0.01689	0.00957	0.00257	0.00385	0.01486	0.00883	0.00760
42	0.07446	0.01855	0.02743	0.12999	0.37596	0.01966	0.02071	0.14616	0.02177	0.03112	0.01864	0.02223	0.04086	0.00846	0.00792	0.00248	0.00918	0.00747	0.00500	0.01195
43	0.02368	0.02299	0.06064	0.02497	0.03127	0.04873	0.24482	0.25435	0.04769	0.03451	0.01711	0.02022	0.01292	0.00920	0.01120	0.00271	0.10754	0.00804	0.00565	0.01177
44	0.01532	0.01442	0.02434	0.69533	0.05589	0.01803	0.02253	0.02073	0.01622	0.02073	0.01442	0.02163	0.01082	0.00811	0.00811	0.00270	0.01082	0.00721	0.00361	0.00901
45	0.00989	0.00706	0.00942	0.01130	0.01177	0.00659	0.00753	0.01130	0.01554	0.02071	0.04472	0.70954	0.05367	0.02542	0.01036	0.00330	0.00471	0.02307	0.00753	0.00659
46	0.00989	0.00706	0.00942	0.01130	0.01177	0.00659	0.00753	0.01130	0.01554	0.02071	0.04472	0.70954	0.05367	0.02542	0.01036	0.00330	0.00471	0.02307	0.00753	0.00659
47	0.01889	0.01806	0.03078	0.21175	0.51161	0.01897	0.02431	0.02386	0.01791	0.02506	0.01505	0.02047	0.01234	0.00745	0.00805	0.00248	0.00993	0.00723	0.00391	0.01189
48	0.77215	0.01569	0.01193	0.01067	0.01569	0.01820	0.00879	0.02385	0.01381	0.03641	0.01130	0.01318	0.00879	0.00753	0.00502	0.00251	0.00628	0.00439	0.00502	0.00879
49	0.02018	0.01743	0.01835	0.01651	0.02110	0.02018	0.01284	0.04312	0.64956	0.03394	0.03303	0.03027	0.02477	0.01101	0.00826	0.00275	0.00642	0.00917	0.00826	0.01284
50	0.03085	0.02273	0.02435	0.01867	0.02516	0.02516	0.01542	0.63716	0.03815	0.05114	0.01948	0.01948	0.01380	0.00974	0.00812	0.00244	0.00893	0.00731	0.00812	0.01380
51	0.00997	0.00713	0.00949	0.01124	0.01179	0.00665	0.00754	0.01151	0.01592	0.02133	0.07653	0.67599	0.05485	0.02496	0.01032	0.00326	0.00466	0.02263	0.00760	0.00665
52	0.02003	0.01942	0.03376	0.04894	0.62993	0.01935	0.05853	0.02496	0.01851	0.02648	0.01533	0.02018	0.01282	0.00721	0.00812	0.00243	0.00986	0.00736	0.00402	0.01275
53	0.03085	0.02273	0.02435	0.01867	0.02516	0.02516	0.01542	0.63716	0.03815	0.05114	0.01948	0.01948	0.01380	0.00974	0.00812	0.00244	0.00893	0.00731	0.00812	0.01380
54	0.02018	0.01743	0.01835	0.01651	0.02110	0.02018	0.01284	0.04312	0.64956	0.03394	0.03303	0.03027	0.02477	0.01101	0.00826	0.00275	0.00642	0.00917	0.00826	0.01284
55	0.00989	0.00824	0.00845	0.00852	0.01102	0.00702	0.00633	0.01185	0.01800	0.02154	0.07642	0.07671	0.58970	0.07312	0.01205	0.00317	0.00452	0.03937	0.00733	0.00673
56	0.00959	0.00822	0.00822	0.00822	0.01096	0.00685	0.00617	0.01165	0.01850	0.02192	0.08220	0.07809	0.66092	0.02055	0.00959	0.00274	0.00411	0.01713	0.00754	0.00685
57	0.77215	0.01569	0.01193	0.01067	0.01569	0.01820	0.00879	0.02385	0.01381	0.03641	0.01130	0.01318	0.00879	0.00753	0.00502	0.00251	0.00628	0.00439	0.00502	0.00879
58	0.01150	0.00827	0.01074	0.01013	0.01194	0.00767	0.00751	0.01512	0.02235	0.03161	0.62496	0.06020	0.07397	0.05509	0.01132	0.00285	0.00405	0.01452	0.00871	0.00751
59	0.00967	0.00822	0.00834	0.00831	0.01101	0.00689	0.00623	0.01181	0.01869	0.02239	0.10760	0.07732	0.63523	0.02038	0.00959	0.00273	0.00410	0.01702	0.00760	0.00689
60	0.01683	0.01442	0.01683	0.01202	0.01923	0.01082	0.00961	0.02043	0.01683	0.02644	0.01442	0.01683	0.01202	0.00601	0.00601	0.00120	0.00601	0.00481	0.00481	0.76444
61	0.02934	0.08058	0.02412	0.02014	0.02464	0.57595	0.01542	0.06510	0.05085	0.02212	0.01373	0.01548	0.01126	0.00846	0.00727	0.00212	0.01358	0.00545	0.00453	0.00986

[dist]
# distance from previous block
# <min> <max>
0	1

[block]
# block no. 1 follows, 23 sequences, length 72
# corresponding to MSA columns:
# 63-123,133-143
name=unknown_B
#
# <colnr> <probs for GDERKNQSTAVLIFYWHMCP>
#	G	D	E	R	K	N	Q	S	T	A	V	L	I	F	Y	W	H	M	C	P
0	0.01642	0.01554	0.02632	0.54613	0.19649	0.01832	0.02308	0.02170	0.01675	0.02207	0.01462	0.02127	0.01129	0.00791	0.00809	0.00264	0.01054	0.00722	0.00370	0.00990
1	0.02169	0.71972	0.04252	0.01388	0.02083	0.03211	0.01388	0.02430	0.01649	0.01909	0.01128	0.01302	0.01041	0.00694	0.00521	0.00174	0.00868	0.00434	0.00347	0.01041
2	0.01683	0.01442	0.01683	0.01202	0.01923	0.01082	0.00961	0.02043	0.01683	0.02644	0.01442	0.01683	0.01202	0.00601	0.00601	0.00120	0.00601	0.00481	0.00481	0.76444
3	0.01745	0.07733	0.61023	0.02225	0.03372	0.01926	0.02832	0.02623	0.01736	0.05345	0.01515	0.01737	0.01071	0.00777	0.00759	0.00252	0.01159	0.00600	0.00372	0.01199
4	0.01917	0.02010	0.02930	0.02363	0.02645	0.08510	0.17358	0.04484	0.01626	0.02239	0.01452	0.04592	0.01333	0.01448	0.05350	0.00365	0.37195	0.00826	0.00412	0.00946
5	0.02097	0.61786	0.10217	0.01516	0.02222	0.03045	0.01563	0.02418	0.01634	0.01975	0.01156	0.01366	0.01041	0.00740	0.00657	0.00191	0.04516	0.00464	0.00347	0.01048
6	0.05742	0.01927	0.02044	0.01701	0.02244	0.02169	0.01364	0.27453	0.35568	0.06852	0.02675	0.02520	0.01959	0.01032	0.00806	0.00261	0.00742	0.00819	0.00814	0.01308
7	0.01983	0.48599	0.25987	0.01707	0.02576	0.02753	0.01943	0.02478	0.01671	0.02137	0.01241	0.01444	0.01037	0.00721	0.00607	0.00202	0.00982	0.00491	0.00346	0.01096
8	0.01920	0.31880	0.35689	0.01867	0.02814	0.02427	0.02186	0.05334	0.01783	0.02419	0.01344	0.01554	0.01057	0.00742	0.00663	0.00217	0.01024	0.00533	0.00372	0.04176
9	0.00989	0.00706	0.00942	0.01130	0.01177	0.00659	0.00753	0.01130	0.01554	0.02071	0.04472	0.70954	0.05367	0.02542	0.01036	0.00330	0.00471	0.02307	0.00753	0.00659
10	0.01683	0.01442	0.01683	0.01202	0.01923	0.01082	0.00961	0.02043	0.01683	0.02644	0.01442	0.01683	0.01202	0.00601	0.00601	0.00120	0.00601	0.00481	0.00481	0.76444
11	0.02584	0.01855	0.02040	0.01661	0.02232	0.02002	0.01335	0.25062	0.29435	0.12484	0.02649	0.02493	0.01916	0.01000	0.00800	0.00247	0.00734	0.00800	0.00815	0.07856
12	0.00989	0.00706	0.00942	0.01130	0.01177	0.00659	0.00753	0.01130	0.01554	0.02071	0.04472	0.70954	0.05367	0.02542	0.01036	0.00330	0.00471	0.02307	0.00753	0.00659
13	0.01775	0.01775	0.02485	0.02130	0.02130	0.02485	0.01775	0.01953	0.01243	0.01953	0.01065	0.01775	0.01065	0.01420	0.02663	0.00355	0.69998	0.00710	0.00355	0.00888
14	0.09366	0.02044	0.02850	0.09904	0.27628	0.04633	0.07296	0.20467	0.02383	0.03380	0.01604	0.01936	0.01241	0.00809	0.00789	0.00247	0.00978	0.00711	0.00529	0.01207
15	0.01080	0.00919	0.00942	0.00920	0.01209	0.00830	0.00695	0.01515	0.08513	0.02374	0.10729	0.07214	0.56338	0.01934	0.00945	0.00273	0.00434	0.01616	0.00768	0.00752
16	0.77215	0.01569	0.01193	0.01067	0.01569	0.01820	0.00879	0.02385	0.01381	0.03641	0.01130	0.01318	0.00879	0.00753	0.00502	0.00251	0.00628	0.00439	0.00502	0.00879
17	0.02018	0.01743	0.01835	0.01651	0.02110	0.02018	0.01284	0.04312	0.64956	0.03394	0.03303	0.03027	0.02477	0.01101	0.00826	0.00275	0.00642	0.00917	0.00826	0.01284
18	0.03641	0.01381	0.01883	0.01444	0.02071	0.01193	0.01193	0.03954	0.02322	0.66984	0.03201	0.02762	0.02009	0.01004	0.00816	0.00251	0.00690	0.00816	0.01004	0.01381
19	0.77215	0.01569	0.01193	0.01067	0.01569	0.01820	0.00879	0.02385	0.01381	0.03641	0.01130	0.01318	0.00879	0.00753	0.00502	0.00251	0.00628	0.00439	0.00502	0.00879
20	0.00975	0.00759	0.00887	0.00988	0.01140	0.00671	0.00690	0.01146	0.01690	0.02127	0.06197	0.41902	0.33305	0.02318	0.01000	0.00304	0.00443	0.02033	0.00753	0.00671
21	0.03524	0.01355	0.01846	0.01424	0.02031	0.01173	0.01173	0.03841	0.02321	0.64001	0.06140	0.02916	0.02273	0.01035	0.00823	0.00251	0.00676	0.00846	0.00999	0.01352
22	0.01148	0.00829	0.01085	0.01021	0.01212	0.00766	0.00766	0.01531	0.02297	0.03254	0.65994	0.06061	0.07656	0.01659	0.00957	0.00255	0.00383	0.01467	0.00893	0.00766
23	0.01915	0.02189	0.04788	0.03420	0.04241	0.02052	0.63475	0.02599	0.01915	0.02599	0.01642	0.02189	0.01231	0.00684	0.00958	0.00274	0.01368	0.00958	0.00410	0.01094
24	0.01148	0.00829	0.01085	0.01021	0.01212	0.00766	0.00766	0.01531	0.02297	0.03254	0.65994	0.06061	0.07656	0.01659	0.00957	0.00255	0.00383	0.01467	0.00893	0.00766
25	0.01148	0.00829	0.01085	0.01021	0.01212	0.00766	0.00766	0.01531	0.02297	0.03254	0.65994	0.06061	0.07656	0.01659	0.00957	0.00255	0.00383	0.01467	0.00893	0.00766
26	0.77215	0.01569	0.01193	0.01067	0.01569	0.01820	0.00879	0.02385	0.01381	0.03641	0.01130	0.01318	0.00879	0.00753	0.00502	0.00251	0.00628	0.00439	0.00502	0.00879
27	0.03085	0.02273	0.02435	0.01867	0.02516	0.02516	0.01542	0.63716	0.03815	0.05114	0.01948	0.01948	0.01380	0.00974	0.00812	0.00244	0.00893	0.00731	0.00812	0.01380
28	0.03031	0.03867	0.02299	0.02090	0.02508	0.68226	0.01568	0.03240	0.02299	0.01986	0.01254	0.01463	0.01045	0.00836	0.00732	0.00209	0.01463	0.00523	0.00418	0.00941
29	0.01409	0.00705	0.01057	0.01057	0.01057	0.00705	0.00705	0.01057	0.01057	0.01409	0.01409	0.02467	0.01409	0.02819	0.03171	0.76392	0.00705	0.00705	0.00352	0.00352
30	0.01683	0.01442	0.01683	0.01202	0.01923	0.01082	0.00961	0.02043	0.01683	0.02644	0.01442	0.01683	0.01202	0.00601	0.00601	0.00120	0.00601	0.00481	0.00481	0.76444
31	0.02008	0.01928	0.03294	0.04981	0.66422	0.01928	0.02490	0.02490	0.01848	0.02651	0.01526	0.02008	0.01285	0.00723	0.00803	0.00241	0.00964	0.00723	0.00402	0.01285
32	0.01683	0.01442	0.01683	0.01202	0.01923	0.01082	0.00961	0.02043	0.01683	0.02644	0.01442	0.01683	0.01202	0.00601	0.00601	0.00120	0.00601	0.00481	0.00481	0.76444
33	0.01840	0.01884	0.02476	0.02128	0.02150	0.05898	0.01764	0.02020	0.01298	0.01954	0.01075	0.01759	0.01064	0.01390	0.02563	0.00347	0.66441	0.00700	0.00358	0.00890
34	0.01159	0.00869	0.01304	0.01304	0.01449	0.01014	0.01014	0.01449	0.01304	0.01884	0.02173	0.03188	0.02029	0.06086	0.68268	0.01304	0.02173	0.00869	0.00435	0.00724
35	0.02018	0.01743	0.01835	0.01651	0.02110	0.02018	0.01284	0.04312	0.64956	0.03394	0.03303	0.03027	0.02477	0.01101	0.00826	0.00275	0.00642	0.00917	0.00826	0.01284
36	0.00989	0.00706	0.00942	0.01130	0.01177	0.00659	0.00753	0.01130	0.01554	0.02071	0.04472	0.70954	0.05367	0.02542	0.01036	0.00330	0.00471	0.02307	0.00753	0.00659
37	0.00989	0.00706	0.00942	0.01130	0.01177	0.00659	0.00753	0.01130	0.01554	0.02071	0.04472	0.70954	0.05367	0.02542	0.01036	0.00330	0.00471	0.02307	0.00753	0.00659
38	0.00959	0.00822	0.00822	0.00822	0.01096	0.00685	0.00617	0.01165	0.01850	0.02192	0.08220	0.07809	0.66092	0.02055	0.00959	0.00274	0.00411	0.01713	0.00754	0.00685
39	0.02018	0.01743	0.01835	0.01651	0.02110	0.02018	0.01284	0.04312	0.64956	0.03394	0.03303	0.03027	0.02477	0.01101	0.00826	0.00275	0.00642	0.00917	0.00826	0.01284
40	0.77215	0.01569	0.01193	0.01067	0.01569	0.01820	0.00879	0.02385	0.01381	0.03641	0.01130	0.01318	0.00879	0.00753	0.00502	0.00251	0.00628	0.00439	0.00502	0.00879
41	0.00989	0.00706	0.00942	0.01130	0.01177	0.00659	0.00753	0.01130	0.01554	0.02071	0.04472	0.70954	0.05367	0.02542	0.01036	0.00330	0.00471	0.02307	0.00753	0.00659
42	0.01513	0.00756	0.00756	0.00756	0.00945	0.00756	0.00567	0.01891	0.01702	0.03025	0.02647	0.03025	0.02080	0.00945	0.00567	0.00189	0.00378	0.00756	0.75988	0.00756
43	0.01532	0.01442	0.02434	0.69533	0.05589	0.01803	0.02253	0.02073	0.01622	0.02073	0.01442	0.02163	0.01082	0.00811	0.00811	0.00270	0.01082	0.00721	0.00361	0.00901
44	0.01180	0.00787	0.00885	0.00885	0.00885	0.00787	0.00492	0.01180	0.01180	0.01573	0.02557	0.05310	0.02950	0.71483	0.04130	0.00787	0.00787	0.01180	0.00492	0.00492
45	0.01987	0.01706	0.02510	0.45852	0.10136	0.02004	0.02085	0.18498	0.02225	0.02933	0.01584	0.02092	0.01179	0.00847	0.00811	0.00261	0.01021	0.00724	0.00484	0.01062
46	0.01139	0.00822	0.01076	0.01027	0.01210	0.00760	0.00765	0.01508	0.02255	0.03187	0.62492	0.09754	0.07526	0.01709	0.00962	0.00259	0.00388	0.01515	0.00885	0.00760
47	0.02795	0.02024	0.04963	0.01699	0.02308	0.02067	0.01436	0.39072	0.11051	0.13636	0.02641	0.02545	0.05046	0.01042	0.00811	0.00249	0.00800	0.00814	0.03703	0.01299
48	0.09200	0.02198	0.03338	0.02498	0.03163	0.05274	0.29151	0.22409	0.05743	0.03492	0.01739	0.02025	0.01296	0.00843	0.00921	0.00262	0.03914	0.00805	0.00568	0.01161
49	0.01013	0.00725	0.00963	0.01113	0.01182	0.00675	0.00755	0.01190	0.01666	0.02250	0.13749	0.61169	0.05712	0.02409	0.01024	0.00318	0.00458	0.02180	0.00774	0.00675
50	0.00989	0.00706	0.00942	0.01130	0.01177	0.00659	0.00753	0.01130	0.01554	0.02071	0.04472	0.70954	0.05367	0.02542	0.01036	0.00330	0.00471	0.02307	0.00753	0.00659
51	0.01857	0.01789	0.03047	0.24074	0.36972	0.01909	0.07869	0.02527	0.07084	0.02534	0.01660	0.02157	0.01319	0.00778	0.00822	0.00256	0.01009	0.00760	0.00426	0.01152
52	0.01656	0.07747	0.63978	0.02264	0.03437	0.01954	0.02914	0.02562	0.01710	0.02535	0.01439	0.01692	0.01029	0.00767	0.00758	0.00253	0.01182	0.00591	0.00343	0.01191
53	0.07808	0.01499	0.02414	0.52033	0.07697	0.01817	0.04439	0.02111	0.01630	0.02289	0.03891	0.02216	0.01332	0.00863	0.00897	0.00272	0.04743	0.00735	0.00396	0.00919
54	0.01683	0.01442	0.01683	0.01202	0.01923	0.01082	0.00961	0.02043	0.01683	0.02644	0.01442	0.01683	0.01202	0.00601	0.00601	0.00120	0.00601	0.00481	0.00481	0.76444
55	0.01180	0.00787	0.00885	0.00885	0.00885	0.00787	0.00492	0.01180	0.01180	0.01573	0.02557	0.05310	0.02950	0.71483	0.04130	0.00787	0.00787	0.01180	0.00492	0.00492
56	0.01369	0.01086	0.01334	0.01105	0.01516	0.00896	0.00849	0.01729	0.01990	0.02924	0.34690	0.07868	0.04746	0.01253	0.00808	0.00201	0.00482	0.01090	0.00708	0.33354
57	0.01060	0.00760	0.01010	0.01112	0.01216	0.00710	0.00787	0.01296	0.01825	0.02495	0.25519	0.45474	0.06113	0.02224	0.01013	0.00306	0.00455	0.05123	0.00801	0.00700
58	0.07533	0.01391	0.01847	0.01424	0.02045	0.01226	0.01176	0.03871	0.02273	0.63632	0.03092	0.02685	0.01949	0.00991	0.00799	0.00251	0.00687	0.00796	0.00978	0.01354
59	0.01578	0.03532	0.53150	0.02260	0.06108	0.01712	0.02644	0.02404	0.01782	0.02620	0.07161	0.02719	0.01906	0.00967	0.00818	0.00266	0.01081	0.05739	0.00426	0.01129
60	0.01148	0.00829	0.01085	0.01021	0.01212	0.00766	0.00766	0.01531	0.02297	0.03254	0.65994	0.06061	0.07656	0.01659	0.00957	0.00255	0.00383	0.01467	0.00893	0.00766
61	0.01627	0.03482	0.49341	0.02452	0.06018	0.01792	0.11071	0.02447	0.01771	0.02591	0.05109	0.05245	0.01626	0.00887	0.00820	0.00262	0.01135	0.00780	0.00403	0.01140
62	0.01915	0.02189	0.04788	0.03420	0.04241	0.02052	0.63475	0.02599	0.01915	0.02599	0.01642	0.02189	0.01231	0.00684	0.00958	0.00274	0.01368	0.00958	0.00410	0.01094
63	0.00989	0.00706	0.00942	0.01130	0.01177	0.00659	0.00753	0.01130	0.01554	0.02071	0.04472	0.70954	0.05367	0.02542	0.01036	0.00330	0.00471	0.02307	0.00753	0.00659
64	0.02169	0.71972	0.04252	0.01388	0.02083	0.03211	0.01388	0.02430	0.01649	0.01909	0.01128	0.01302	0.01041	0.00694	0.00521	0.00174	0.00868	0.00434	0.00347	0.01041
65	0.01954	0.01927	0.03450	0.10153	0.51819	0.01936	0.11791	0.02472	0.01839	0.02595	0.01537	0.02049	0.01260	0.00724	0.00828	0.00248	0.01036	0.00759	0.00400	0.01224
66	0.01042	0.00760	0.00988	0.01157	0.01225	0.00730	0.00781	0.01295	0.04845	0.02140	0.04412	0.67428	0.05217	0.02467	0.01025	0.00327	0.00480	0.02235	0.00757	0.00692
67	0.01656	0.07742	0.63982	0.02264	0.03437	0.01954	0.02914	0.02562	0.01710	0.02535	0.01439	0.01692	0.01029	0.00767	0.00758	0.00253	0.01182	0.00591	0.00343	0.01191
68	0.06185	0.02122	0.04485	0.06059	0.04145	0.02028	0.57345	0.02565	0.01873	0.02636	0.01604	0.02138	0.01205	0.00693	0.00926	0.00272	0.01314	0.00918	0.00414	0.01074
69	0.01140	0.00851	0.01264	0.01285	0.01419	0.00975	0.00985	0.01414	0.01332	0.01904	0.02428	0.10702	0.02399	0.05693	0.60812	0.01196	0.01985	0.01029	0.00470	0.00717
70	0.02257	0.01742	0.01888	0.01627	0.02134	0.01935	0.01282	0.09749	0.49730	0.09660	0.03065	0.02827	0.02260	0.01053	0.00811	0.00262	0.00668	0.00866	0.00823	0.05360
71	0.09888	0.05149	0.12757	0.01720	0.02354	0.05575	0.01568	0.11190	0.27823	0.10055	0.02398	0.02319	0.01753	0.00954	0.00764	0.00255	0.00823	0.00741	0.00689	0.01223

[dist]
# distance from previous block
# <min> <max>
0	8

[block]
# block no. 2 follows, 23 sequences, length 103
# corresponding to MSA columns:
# 152-254
name=unknown_C
#
# <colnr> <probs for GDERKNQSTAVLIFYWHMCP>
#	G	D	E	R	K	N	Q	S	T	A	V	L	I	F	Y	W	H	M	C	P
0	0.09279	0.10131	0.02570	0.01736	0.02382	0.01809	0.09995	0.10074	0.06427	0.31357	0.02363	0.02272	0.01620	0.00890	0.00766	0.00241	0.00818	0.00744	0.00748	0.03779
1	0.06876	0.12122	0.16594	0.01471	0.02124	0.01584	0.01457	0.02394	0.04265	0.09599	0.06738	0.09622	0.02217	0.01029	0.00724	0.00223	0.00746	0.00833	0.04137	0.15244
2	0.02266	0.47990	0.08043	0.01618	0.02265	0.05758	0.01563	0.11290	0.01958	0.02425	0.01269	0.01473	0.01092	0.00812	0.00783	0.00207	0.07172	0.00517	0.00418	0.01083
3	0.68546	0.01734	0.04133	0.01179	0.01722	0.01874	0.01019	0.06869	0.01573	0.03702	0.01204	0.01381	0.00922	0.00770	0.00536	0.00251	0.00672	0.00468	0.00518	0.00929
4	0.01654	0.07483	0.64224	0.02268	0.03443	0.01949	0.02920	0.02563	0.01710	0.02538	0.01440	0.01693	0.01029	0.00767	0.00759	0.00253	0.01183	0.00592	0.00343	0.01192
5	0.00987	0.00712	0.00935	0.01114	0.01173	0.00660	0.00746	0.01132	0.01569	0.02078	0.04663	0.67735	0.08463	0.02517	0.01032	0.00327	0.00468	0.02276	0.00753	0.00660
6	0.62384	0.01649	0.03637	0.01387	0.04532	0.01763	0.04040	0.02345	0.01503	0.03484	0.05825	0.01743	0.01403	0.00814	0.00579	0.00252	0.00679	0.00556	0.00516	0.00909
7	0.01679	0.08961	0.60074	0.02294	0.03441	0.01987	0.05490	0.02561	0.01717	0.02524	0.01441	0.01704	0.01038	0.00762	0.00761	0.00252	0.01183	0.00603	0.00346	0.01183
8	0.00989	0.00706	0.00942	0.01130	0.01177	0.00659	0.00753	0.01130	0.01554	0.02071	0.04472	0.70954	0.05367	0.02542	0.01036	0.00330	0.00471	0.02307	0.00753	0.00659
9	0.06692	0.02239	0.02375	0.01828	0.02470	0.02482	0.01510	0.60732	0.03697	0.05042	0.01908	0.01917	0.01356	0.00963	0.00797	0.00244	0.00880	0.00716	0.00797	0.01356
10	0.01895	0.07472	0.14066	0.03182	0.06921	0.02104	0.47058	0.02577	0.01863	0.02548	0.01572	0.02045	0.01190	0.00700	0.00891	0.00262	0.01288	0.00855	0.00395	0.01115
11	0.01777	0.01692	0.02875	0.36387	0.36824	0.01867	0.02375	0.02287	0.01738	0.02370	0.01485	0.02084	0.01186	0.00766	0.00807	0.00255	0.01021	0.00722	0.00382	0.01099
12	0.01180	0.00787	0.00885	0.00885	0.00885	0.00787	0.00492	0.01180	0.01180	0.01573	0.02557	0.05310	0.02950	0.71483	0.04130	0.00787	0.00787	0.01180	0.00492	0.00492
13	0.01191	0.00916	0.01364	0.01346	0.01484	0.01089	0.01053	0.01475	0.01301	0.01887	0.02117	0.03116	0.01979	0.05848	0.64923	0.01256	0.05631	0.00861	0.00431	0.00733
14	0.01889	0.02319	0.09258	0.03288	0.04104	0.02057	0.56624	0.02571	0.01874	0.02571	0.01605	0.02138	0.01210	0.00719	0.01011	0.00276	0.04066	0.00922	0.00403	0.01094
15	0.03380	0.01358	0.01822	0.01423	0.02011	0.01201	0.01166	0.03795	0.05352	0.59255	0.07789	0.03015	0.02443	0.01057	0.00827	0.00253	0.00666	0.00868	0.00988	0.01331
16	0.03641	0.01381	0.01883	0.01444	0.02071	0.01193	0.01193	0.03954	0.02322	0.66984	0.03201	0.02762	0.02009	0.01004	0.00816	0.00251	0.00690	0.00816	0.01004	0.01381
17	0.01287	0.00845	0.01101	0.01062	0.01261	0.00772	0.00786	0.01610	0.02135	0.07536	0.46875	0.18234	0.09796	0.01800	0.00962	0.00270	0.00423	0.01593	0.00867	0.00785
18	0.01915	0.02189	0.04788	0.03420	0.04241	0.02052	0.63475	0.02599	0.01915	0.02599	0.01642	0.02189	0.01231	0.00684	0.00958	0.00274	0.01368	0.00958	0.00410	0.01094
19	0.00989	0.00706	0.00942	0.01130	0.01177	0.00659	0.00753	0.01130	0.01554	0.02071	0.04472	0.70954	0.05367	0.02542	0.01036	0.00330	0.00471	0.02307	0.00753	0.00659
20	0.01066	0.00766	0.01011	0.01077	0.01194	0.00711	0.00759	0.01324	0.01913	0.02643	0.34195	0.39602	0.06473	0.02115	0.00998	0.00294	0.00428	0.01901	0.00821	0.00711
21	0.68713	0.09545	0.01539	0.01103	0.01627	0.01978	0.00936	0.02390	0.01411	0.03444	0.01130	0.01316	0.00897	0.00747	0.00504	0.00242	0.00655	0.00439	0.00485	0.00897
22	0.01308	0.00934	0.01308	0.01494	0.01681	0.00934	0.01308	0.01681	0.01868	0.02428	0.04296	0.09153	0.04670	0.02242	0.01121	0.00374	0.00747	0.60960	0.00747	0.00747
23	0.00989	0.00706	0.00942	0.01130	0.01177	0.00659	0.00753	0.01130	0.01554	0.02071	0.04472	0.70954	0.05367	0.02542	0.01036	0.00330	0.00471	0.02307	0.00753	0.00659
24	0.02169	0.71972	0.04252	0.01388	0.02083	0.03211	0.01388	0.02430	0.01649	0.01909	0.01128	0.01302	0.01041	0.00694	0.00521	0.00174	0.00868	0.00434	0.00347	0.01041
25	0.01281	0.00942	0.01255	0.01395	0.01601	0.00932	0.01196	0.01699	0.03991	0.02474	0.07881	0.08629	0.12140	0.02151	0.01083	0.00352	0.00685	0.48796	0.00758	0.00759
26	0.03085	0.02273	0.02435	0.01867	0.02516	0.02516	0.01542	0.63716	0.03815	0.05114	0.01948	0.01948	0.01380	0.00974	0.00812	0.00244	0.00893	0.00731	0.00812	0.01380
27	0.01148	0.00829	0.01085	0.01021	0.01212	0.00766	0.00766	0.01531	0.02297	0.03254	0.65994	0.06061	0.07656	0.01659	0.00957	0.00255	0.00383	0.01467	0.00893	0.00766
28	0.01683	0.01442	0.01683	0.01202	0.01923	0.01082	0.00961	0.02043	0.01683	0.02644	0.01442	0.01683	0.01202	0.00601	0.00601	0.00120	0.00601	0.00481	0.00481	0.76444
29	0.01269	0.00856	0.01123	0.01041	0.01254	0.00786	0.00786	0.01649	0.02298	0.06343	0.62949	0.05901	0.07382	0.01627	0.00950	0.00255	0.00398	0.01436	0.00899	0.00795
30	0.01148	0.00829	0.01085	0.01021	0.01212	0.00766	0.00766	0.01531	0.02297	0.03254	0.65994	0.06061	0.07656	0.01659	0.00957	0.00255	0.00383	0.01467	0.00893	0.00766
31	0.03601	0.01445	0.01923	0.01474	0.02103	0.01287	0.01218	0.08232	0.02429	0.62556	0.03112	0.02704	0.01964	0.01002	0.00816	0.00251	0.00705	0.00810	0.00991	0.01381
32	0.02008	0.01928	0.03294	0.04981	0.66422	0.01928	0.02490	0.02490	0.01848	0.02651	0.01526	0.02008	0.01285	0.00723	0.00803	0.00241	0.00964	0.00723	0.00402	0.01285
33	0.01080	0.00744	0.00915	0.01014	0.01038	0.00720	0.00629	0.01154	0.01376	0.01835	0.03562	0.39768	0.04219	0.35294	0.02506	0.00547	0.00621	0.01771	0.00629	0.00580
34	0.01566	0.01477	0.02495	0.64913	0.09942	0.01812	0.02270	0.02103	0.01639	0.02115	0.01448	0.02152	0.01096	0.00805	0.00811	0.00268	0.01073	0.00721	0.00363	0.00929
35	0.01532	0.01442	0.02434	0.69533	0.05589	0.01803	0.02253	0.02073	0.01622	0.02073	0.01442	0.02163	0.01082	0.00811	0.00811	0.00270	0.01082	0.00721	0.00361	0.00901
36	0.01004	0.00717	0.00959	0.01148	0.01201	0.00672	0.00780	0.01157	0.01569	0.02089	0.04464	0.67947	0.05333	0.02528	0.01040	0.00332	0.00484	0.05161	0.00753	0.00663
37	0.00989	0.00706	0.00942	0.01130	0.01177	0.00659	0.00753	0.01130	0.01554	0.02071	0.04472	0.70954	0.05367	0.02542	0.01036	0.00330	0.00471	0.02307	0.00753	0.00659
38	0.02147	0.69138	0.06887	0.01427	0.02142	0.03155	0.01456	0.02436	0.01651	0.01937	0.01142	0.01319	0.01041	0.00697	0.00531	0.00177	0.00882	0.00441	0.00347	0.01048
39	0.03085	0.02273	0.02435	0.01867	0.02516	0.02516	0.01542	0.63716	0.03815	0.05114	0.01948	0.01948	0.01380	0.00974	0.00812	0.00244	0.00893	0.00731	0.00812	0.01380
40	0.00989	0.00706	0.00942	0.01130	0.01177	0.00659	0.00753	0.01130	0.01554	0.02071	0.04472	0.70954	0.05367	0.02542	0.01036	0.00330	0.00471	0.02307	0.00753	0.00659
41	0.01683	0.01442	0.01683	0.01202	0.01923	0.01082	0.00961	0.02043	0.01683	0.02644	0.01442	0.01683	0.01202	0.00601	0.00601	0.00120	0.00601	0.00481	0.00481	0.76444
42	0.01627	0.01539	0.02606	0.56637	0.17742	0.01828	0.02301	0.02157	0.01667	0.02189	0.01459	0.02132	0.01122	0.00794	0.00810	0.00265	0.01058	0.00721	0.00369	0.00978
43	0.01627	0.04197	0.67279	0.02313	0.03512	0.01884	0.02998	0.02570	0.01713	0.02570	0.01456	0.01713	0.01028	0.00771	0.00771	0.00257	0.01199	0.00600	0.00343	0.01199
44	0.02248	0.01692	0.01842	0.01622	0.02105	0.01901	0.01271	0.04261	0.56097	0.12389	0.03288	0.02990	0.02411	0.01087	0.00824	0.00272	0.00649	0.00903	0.00851	0.01298
45	0.00989	0.00706	0.00942	0.01130	0.01177	0.00659	0.00753	0.01130	0.01554	0.02071	0.04472	0.70954	0.05367	0.02542	0.01036	0.00330	0.00471	0.02307	0.00753	0.00659
46	0.01683	0.01442	0.01683	0.01202	0.01923	0.01082	0.00961	0.02043	0.01683	0.02644	0.01442	0.01683	0.01202	0.00601	0.00601	0.00120	0.00601	0.00481	0.00481	0.76444
47	0.02169	0.71972	0.04252	0.01388	0.02083	0.03211	0.01388	0.02430	0.01649	0.01909	0.01128	0.01302	0.01041	0.00694	0.00521	0.00174	0.00868	0.00434	0.00347	0.01041
48	0.01148	0.00829	0.01085	0.01021	0.01212	0.00766	0.00766	0.01531	0.02297	0.03254	0.65994	0.06061	0.07656	0.01659	0.00957	0.00255	0.00383	0.01467	0.00893	0.00766
49	0.01076	0.00774	0.01020	0.01070	0.01196	0.00717	0.00760	0.01349	0.01960	0.02718	0.38102	0.35481	0.06618	0.02059	0.00993	0.00289	0.00423	0.01848	0.00830	0.00717
50	0.03334	0.01449	0.01874	0.01483	0.02079	0.01348	0.01210	0.04022	0.14148	0.54978	0.03220	0.02812	0.02097	0.01023	0.00818	0.00256	0.00681	0.00835	0.00971	0.01363
51	0.03165	0.02144	0.02356	0.01806	0.02452	0.02326	0.01492	0.55113	0.03600	0.14020	0.02129	0.02065	0.01470	0.00978	0.00812	0.00245	0.00864	0.00743	0.00839	0.01380
52	0.01308	0.00934	0.01308	0.01494	0.01681	0.00934	0.01308	0.01681	0.01868	0.02428	0.04296	0.09153	0.04670	0.02242	0.01121	0.00374	0.00747	0.60960	0.00747	0.00747
53	0.01033	0.00880	0.00896	0.00892	0.01169	0.00775	0.00668	0.01378	0.06157	0.02269	0.07722	0.10204	0.59119	0.02011	0.00953	0.00276	0.00429	0.01684	0.00758	0.00725
54	0.01585	0.01525	0.02553	0.56887	0.05037	0.01911	0.05085	0.02081	0.01583	0.02081	0.01398	0.02110	0.01086	0.00891	0.01080	0.00283	0.10824	0.00731	0.00362	0.00909
55	0.02108	0.01697	0.01825	0.01611	0.02072	0.01923	0.01261	0.08343	0.53041	0.06518	0.07776	0.03159	0.02754	0.01128	0.00834	0.00270	0.00643	0.00939	0.00838	0.01258
56	0.03033	0.02247	0.02406	0.01856	0.02497	0.02492	0.01530	0.60826	0.06790	0.05030	0.02014	0.02001	0.01433	0.00980	0.00812	0.00245	0.00881	0.00740	0.00812	0.01375
57	0.03031	0.03867	0.02299	0.02090	0.02508	0.68226	0.01568	0.03240	0.02299	0.01986	0.01254	0.01463	0.01045	0.00836	0.00732	0.00209	0.01463	0.00523	0.00418	0.00941
58	0.01972	0.01885	0.03172	0.04538	0.56787	0.01898	0.04971	0.02587	0.06566	0.02685	0.01761	0.04354	0.01506	0.00809	0.00819	0.00248	0.00941	0.00800	0.00445	0.01256
59	0.01627	0.04197	0.67279	0.02313	0.03512	0.01884	0.02998	0.02570	0.01713	0.02570	0.01456	0.01713	0.01028	0.00771	0.00771	0.00257	0.01199	0.00600	0.00343	0.01199
60	0.02008	0.01928	0.03294	0.04981	0.66422	0.01928	0.02490	0.02490	0.01848	0.02651	0.01526	0.02008	0.01285	0.00723	0.00803	0.00241	0.00964	0.00723	0.00402	0.01285
61	0.00989	0.00706	0.00942	0.01130	0.01177	0.00659	0.00753	0.01130	0.01554	0.02071	0.04472	0.70954	0.05367	0.02542	0.01036	0.00330	0.00471	0.02307	0.00753	0.00659
62	0.01881	0.02430	0.12308	0.03287	0.04153	0.02032	0.56197	0.02596	0.01891	0.02596	0.01619	0.02132	0.01207	0.00694	0.00935	0.00272	0.01348	0.00915	0.00402	0.01107
63	0.01135	0.00829	0.01065	0.01006	0.01204	0.00760	0.00755	0.01504	0.02264	0.03176	0.61777	0.06189	0.11921	0.01688	0.00957	0.00257	0.00385	0.01485	0.00883	0.00760
64	0.00989	0.00706	0.00942	0.01130	0.01177	0.00659	0.00753	0.01130	0.01554	0.02071	0.04472	0.70954	0.05367	0.02542	0.01036	0.00330	0.00471	0.02307	0.00753	0.00659
65	0.02147	0.61808	0.10975	0.01518	0.02255	0.05785	0.01570	0.02479	0.01683	0.01984	0.01169	0.01353	0.01040	0.00708	0.00556	0.00184	0.00928	0.00455	0.00350	0.01054
66	0.03641	0.01381	0.01883	0.01444	0.02071	0.01193	0.01193	0.03954	0.02322	0.66984	0.03201	0.02762	0.02009	0.01004	0.00816	0.00251	0.00690	0.00816	0.01004	0.01381
67	0.01123	0.00821	0.01055	0.01013	0.01201	0.00752	0.00753	0.01477	0.02213	0.03094	0.57500	0.10512	0.11954	0.01748	0.00962	0.00262	0.00391	0.01542	0.00873	0.00752
68	0.05847	0.19397	0.02746	0.01676	0.02301	0.05681	0.01433	0.40188	0.03014	0.03974	0.01983	0.02023	0.04392	0.00942	0.00731	0.00226	0.00879	0.00683	0.00663	0.01221
69	0.00989	0.00706	0.00942	0.01130	0.01177	0.00659	0.00753	0.01130	0.01554	0.02071	0.04472	0.70954	0.05367	0.02542	0.01036	0.00330	0.00471	0.02307	0.00753	0.00659
70	0.01774	0.03992	0.62506	0.02249	0.03407	0.01834	0.02866	0.02671	0.01758	0.07271	0.01584	0.01790	0.01099	0.00788	0.00774	0.00257	0.01162	0.00615	0.00391	0.01212
71	0.01627	0.04197	0.67279	0.02313	0.03512	0.01884	0.02998	0.02570	0.01713	0.02570	0.01456	0.01713	0.01028	0.00771	0.00771	0.00257	0.01199	0.00600	0.00343	0.01199
72	0.01532	0.01442	0.02434	0.69533	0.05589	0.01803	0.02253	0.02073	0.01622	0.02073	0.01442	0.02163	0.01082	0.00811	0.00811	0.00270	0.01082	0.00721	0.00361	0.00901
73	0.01180	0.00787	0.00885	0.00885	0.00885	0.00787	0.00492	0.01180	0.01180	0.01573	0.02557	0.05310	0.02950	0.71483	0.04130	0.00787	0.00787	0.01180	0.00492	0.00492
74	0.01892	0.01825	0.03156	0.20080	0.49449	0.01904	0.05062	0.02397	0.01798	0.02513	0.01512	0.02052	0.01235	0.00742	0.00812	0.00249	0.01009	0.00733	0.00392	0.01187
75	0.02062	0.01803	0.02950	0.07452	0.51164	0.01827	0.02243	0.02659	0.06387	0.07069	0.01905	0.02505	0.01583	0.00851	0.00822	0.00252	0.00917	0.03814	0.00489	0.01246
76	0.02550	0.01464	0.01746	0.01476	0.01965	0.01502	0.01172	0.03765	0.30501	0.29159	0.12324	0.03358	0.03036	0.01142	0.00841	0.00263	0.00624	0.00956	0.00908	0.01249
77	0.00989	0.00706	0.00942	0.01130	0.01177	0.00659	0.00753	0.01130	0.01554	0.02071	0.04472	0.70954	0.05367	0.02542	0.01036	0.00330	0.00471	0.02307	0.00753	0.00659
78	0.01779	0.01499	0.01734	0.01247	0.01964	0.01180	0.01001	0.06265	0.01829	0.02813	0.01477	0.01701	0.01214	0.00626	0.00615	0.00129	0.00621	0.00498	0.00503	0.71305
79	0.01152	0.00823	0.01129	0.01317	0.01436	0.00800	0.01038	0.01413	0.01715	0.02255	0.04382	0.39232	0.05009	0.02388	0.01079	0.00352	0.00613	0.32413	0.00750	0.00704
80	0.00989	0.00706	0.00942	0.01130	0.01177	0.00659	0.00753	0.01130	0.01554	0.02071	0.04472	0.70954	0.05367	0.02542	0.01036	0.00330	0.00471	0.02307	0.00753	0.00659
81	0.02190	0.01892	0.01927	0.01695	0.02176	0.04695	0.01327	0.11609	0.54927	0.03551	0.03054	0.02832	0.02285	0.01075	0.00820	0.00269	0.00706	0.00879	0.00808	0.01283
82	0.01565	0.01475	0.02493	0.65114	0.09753	0.01811	0.02270	0.02102	0.01638	0.02113	0.01448	0.02153	0.01096	0.00805	0.00811	0.00268	0.01074	0.00721	0.00363	0.00928
83	0.01915	0.02189	0.04788	0.03420	0.04241	0.02052	0.63475	0.02599	0.01915	0.02599	0.01642	0.02189	0.01231	0.00684	0.00958	0.00274	0.01368	0.00958	0.00410	0.01094
84	0.00984	0.00830	0.00857	0.00871	0.01139	0.00703	0.00667	0.01202	0.01851	0.02209	0.07934	0.07907	0.61610	0.02069	0.00971	0.00281	0.00436	0.06037	0.00753	0.00690
85	0.01665	0.08837	0.62964	0.02249	0.03414	0.01975	0.02888	0.02560	0.01709	0.02524	0.01434	0.01685	0.01029	0.00766	0.00754	0.00251	0.01177	0.00588	0.00343	0.01188
86	0.68198	0.01546	0.01277	0.01113	0.01631	0.01743	0.00917	0.02578	0.01496	0.11403	0.01384	0.01495	0.01017	0.00784	0.00541	0.00251	0.00635	0.00486	0.00564	0.00940
87	0.00989	0.00706	0.00942	0.01130	0.01177	0.00659	0.00753	0.01130	0.01554	0.02071	0.04472	0.70954	0.05367	0.02542	0.01036	0.00330	0.00471	0.02307	0.00753	0.00659
88	0.02055	0.02064	0.03289	0.07360	0.55052	0.06676	0.06590	0.02534	0.01875	0.02576	0.01511	0.01988	0.01256	0.00732	0.00809	0.00242	0.01032	0.00725	0.00402	0.01232
89	0.00989	0.00706	0.00942	0.01130	0.01177	0.00659	0.00753	0.01130	0.01554	0.02071	0.04472	0.70954	0.05367	0.02542	0.01036	0.00330	0.00471	0.02307	0.00753	0.00659
90	0.00989	0.00706	0.00942	0.01130	0.01177	0.00659	0.00753	0.01130	0.01554	0.02071	0.04472	0.70954	0.05367	0.02542	0.01036	0.00330	0.00471	0.02307	0.00753	0.00659
91	0.01920	0.02176	0.04716	0.03496	0.07255	0.02046	0.60518	0.02594	0.01912	0.02602	0.01636	0.02180	0.01234	0.00686	0.00950	0.00272	0.01348	0.00946	0.00410	0.01104
92	0.01949	0.01884	0.03266	0.12398	0.56351	0.01919	0.05414	0.02447	0.01825	0.02581	0.01522	0.02035	0.01259	0.00731	0.00812	0.00246	0.00997	0.00734	0.00397	0.01231
93	0.02228	0.01847	0.01953	0.01694	0.02190	0.02116	0.01335	0.15973	0.52953	0.03732	0.03037	0.02816	0.02262	0.01076	0.00823	0.00269	0.00691	0.00881	0.00823	0.01303
94	0.01565	0.01475	0.02493	0.65114	0.09753	0.01811	0.02270	0.02102	0.01638	0.02113	0.01448	0.02153	0.01096	0.00805	0.00811	0.00268	0.01074	0.00721	0.00363	0.00928
95	0.01985	0.01904	0.03252	0.08105	0.63478	0.01922	0.02479	0.02470	0.01837	0.02623	0.01522	0.02016	0.01275	0.00727	0.00804	0.00242	0.00970	0.00723	0.00400	0.01267
96	0.01524	0.01203	0.01549	0.08716	0.02129	0.01170	0.01209	0.07019	0.03994	0.02619	0.03078	0.20456	0.03222	0.01599	0.00900	0.00274	0.00689	0.18076	0.00648	0.19929
97	0.13728	0.01738	0.02150	0.29676	0.06215	0.05249	0.01726	0.13274	0.05145	0.07395	0.01826	0.02374	0.01414	0.00925	0.00775	0.00262	0.00929	0.03601	0.00552	0.01044
98	0.01638	0.01363	0.01599	0.01223	0.01831	0.01083	0.00956	0.04896	0.01765	0.02671	0.01958	0.12921	0.01885	0.00934	0.00682	0.00160	0.00594	0.00789	0.00541	0.60510
99	0.02208	0.59263	0.06587	0.06096	0.02381	0.02915	0.01501	0.02520	0.01698	0.06605	0.01312	0.01482	0.01113	0.00728	0.00572	0.00189	0.00884	0.00488	0.00395	0.01063
100	0.02477	0.31166	0.05804	0.01793	0.05057	0.12908	0.01524	0.14291	0.06412	0.05525	0.01583	0.01693	0.01261	0.00810	0.00668	0.00206	0.00948	0.00574	0.00515	0.04787
101	0.02079	0.36422	0.30186	0.01800	0.02690	0.04763	0.02049	0.02625	0.01746	0.06843	0.01417	0.01583	0.01105	0.00753	0.00653	0.00215	0.01013	0.00533	0.00395	0.01128
102	0.02090	0.01853	0.03130	0.09439	0.57376	0.01866	0.02380	0.02565	0.01865	0.07213	0.01640	0.02074	0.01322	0.00750	0.00805	0.00244	0.00953	0.00729	0.00442	0.01264

[dist]
# distance from previous block
# <min> <max>
1	11

[block]
# block no. 3 follows, 23 sequences, length 11
# corresponding to MSA columns:
# 266-276
name=unknown_D
#
# <colnr> <probs for GDERKNQSTAVLIFYWHMCP>
#	G	D	E	R	K	N	Q	S	T	A	V	L	I	F	Y	W	H	M	C	P
0	0.11488	0.00880	0.00931	0.00958	0.01077	0.00883	0.00624	0.01331	0.01391	0.02061	0.03619	0.20538	0.12240	0.35731	0.02456	0.00533	0.00637	0.01419	0.00592	0.00611
1	0.02035	0.01456	0.01729	0.01281	0.01951	0.01179	0.01026	0.06655	0.01921	0.12207	0.01883	0.05221	0.01535	0.00781	0.00668	0.00158	0.00628	0.00636	0.00594	0.56455
