[name]
unknown

[dist]
# distance from previous block
# <min> <max>
0	19

[block]
# block no. 0 follows, 24 sequences, length 9
# corresponding to MSA columns:
# 19-27
name=unknown_A
#
# <colnr> <probs for GDERKNQSTAVLIFYWHMCP>
#	G	D	E	R	K	N	Q	S	T	A	V	L	I	F	Y	W	H	M	C	P
0	0.01278	0.00913	0.01278	0.01460	0.01643	0.00913	0.01278	0.01643	0.01825	0.02373	0.04199	0.08945	0.04564	0.02191	0.01095	0.00365	0.00730	0.61847	0.00730	0.00730
1	0.29305	0.05026	0.05955	0.01524	0.02132	0.01883	0.04269	0.15925	0.06727	0.17162	0.01894	0.01898	0.01339	0.00853	0.00680	0.00244	0.00761	0.00634	0.00660	0.01130
2	0.07054	0.02005	0.02839	0.03936	0.48416	0.06741	0.02105	0.06840	0.07282	0.02831	0.01620	0.01960	0.01317	0.00764	0.00763	0.00237	0.00925	0.00691	0.00462	0.01212
3	0.01904	0.01825	0.03113	0.13055	0.59453	0.01869	0.02405	0.02383	0.01778	0.02520	0.01481	0.01982	0.01231	0.00717	0.00786	0.00239	0.00956	0.00706	0.00387	0.01209
4	0.01527	0.01450	0.02385	0.61689	0.05038	0.01845	0.02144	0.02011	0.01539	0.02011	0.01363	0.02067	0.01055	0.00867	0.01019	0.00275	0.09779	0.00703	0.00352	0.00879
5	0.01918	0.01719	0.05794	0.30423	0.10152	0.01696	0.11111	0.06422	0.01881	0.09543	0.01893	0.02281	0.03485	0.00819	0.00799	0.00245	0.00976	0.00757	0.00483	0.07603
6	0.07457	0.02611	0.02202	0.01969	0.06225	0.26613	0.01470	0.27678	0.02742	0.07612	0.01933	0.02002	0.04137	0.00923	0.00752	0.00228	0.01032	0.00669	0.00619	0.01125
7	0.12240	0.12278	0.27291	0.02062	0.09313	0.04403	0.01958	0.02709	0.06339	0.09240	0.03900	0.01932	0.01437	0.00815	0.00701	0.00237	0.00921	0.00626	0.00483	0.01117
8	0.02132	0.41748	0.10189	0.01413	0.02046	0.02277	0.01397	0.02471	0.01780	0.13068	0.07783	0.06755	0.02060	0.00947	0.00657	0.00209	0.00784	0.00722	0.00522	0.01039

[dist]
# distance from previous block
# <min> <max>
1	3

[block]
# block no. 1 follows, 24 sequences, length 10
# corresponding to MSA columns:
# 31-40
name=unknown_B
#
# <colnr> <probs for GDERKNQSTAVLIFYWHMCP>
#	G	D	E	R	K	N	Q	S	T	A	V	L	I	F	Y	W	H	M	C	P
0	0.07111	0.03328	0.48070	0.02309	0.07600	0.01754	0.06307	0.02475	0.01731	0.04931	0.05800	0.02013	0.01486	0.00809	0.00762	0.00250	0.01056	0.00668	0.00412	0.01127
1	0.02794	0.02136	0.05594	0.01724	0.02394	0.02130	0.01474	0.47866	0.03218	0.09496	0.01907	0.01919	0.01355	0.00893	0.00763	0.00222	0.00833	0.00680	0.00740	0.11861
2	0.10295	0.14139	0.13620	0.01642	0.02225	0.05674	0.05604	0.06258	0.06419	0.07714	0.04753	0.14004	0.02193	0.01123	0.00754	0.00247	0.00830	0.00928	0.00564	0.01012
3	0.01835	0.01397	0.01658	0.06850	0.02127	0.01465	0.01206	0.04840	0.27553	0.08338	0.10424	0.03877	0.05402	0.01204	0.00828	0.00254	0.00641	0.07978	0.00735	0.11388
4	0.01835	0.01598	0.02143	0.01674	0.04818	0.01395	0.08782	0.09308	0.04931	0.02914	0.04330	0.01988	0.01525	0.00710	0.00686	0.00167	0.00718	0.00624	0.00528	0.49324
5	0.02606	0.01903	0.14971	0.05665	0.02513	0.01363	0.03902	0.03153	0.04999	0.36630	0.05849	0.04209	0.02029	0.00963	0.00793	0.00244	0.00792	0.00808	0.00744	0.05865
6	0.01995	0.01966	0.03126	0.07783	0.60742	0.05549	0.02373	0.02455	0.01819	0.02529	0.01473	0.01941	0.01234	0.00717	0.00782	0.00235	0.00974	0.00696	0.00392	0.01220
7	0.01872	0.01716	0.02755	0.10460	0.46951	0.01756	0.02095	0.07151	0.01965	0.02733	0.06303	0.02640	0.06342	0.00888	0.00807	0.00242	0.00872	0.00824	0.00477	0.01151
8	0.09689	0.05985	0.21459	0.02177	0.10294	0.01765	0.06318	0.04741	0.07487	0.09594	0.01853	0.02181	0.01423	0.00832	0.00738	0.00237	0.00897	0.02942	0.00516	0.08874
9	0.02066	0.01839	0.03046	0.04453	0.59151	0.01843	0.02283	0.02631	0.05597	0.06836	0.01699	0.02069	0.01370	0.00746	0.00787	0.00238	0.00906	0.00724	0.00455	0.01262

[dist]
# distance from previous block
# <min> <max>
0	8

[block]
# block no. 2 follows, 24 sequences, length 62
# corresponding to MSA columns:
# 49-110
name=unknown_C
#
# <colnr> <probs for GDERKNQSTAVLIFYWHMCP>
#	G	D	E	R	K	N	Q	S	T	A	V	L	I	F	Y	W	H	M	C	P
0	0.02010	0.01695	0.05029	0.01469	0.02033	0.01570	0.01230	0.18741	0.13469	0.05140	0.05252	0.06726	0.04448	0.01060	0.00767	0.00219	0.00683	0.03382	0.00675	0.24401
1	0.01622	0.08203	0.64200	0.02206	0.03348	0.01919	0.02836	0.02503	0.01670	0.02473	0.01404	0.01650	0.01005	0.00749	0.00739	0.00246	0.01153	0.00576	0.00335	0.01163
2	0.01145	0.00765	0.00867	0.00875	0.00877	0.00763	0.00492	0.01151	0.01169	0.01559	0.02579	0.08056	0.02985	0.69125	0.03906	0.00750	0.00755	0.01201	0.00492	0.00488
3	0.02915	0.03527	0.02236	0.02000	0.02432	0.59308	0.01515	0.08885	0.05706	0.02295	0.01393	0.01554	0.01125	0.00843	0.00727	0.00211	0.01337	0.00550	0.00465	0.00976
4	0.77733	0.01534	0.01166	0.01043	0.01534	0.01779	0.00859	0.02331	0.01350	0.03558	0.01104	0.01288	0.00859	0.00736	0.00491	0.00245	0.00613	0.00429	0.00491	0.00859
5	0.02018	0.01646	0.01754	0.01568	0.02018	0.01872	0.01223	0.04065	0.59505	0.06890	0.03423	0.03140	0.05094	0.01110	0.00812	0.00268	0.00621	0.00924	0.00814	0.01236
6	0.01380	0.01334	0.11062	0.01255	0.01605	0.00940	0.01131	0.01801	0.02054	0.08175	0.41281	0.13072	0.05657	0.01572	0.00914	0.00264	0.00545	0.04334	0.00778	0.00847
7	0.01153	0.00769	0.00865	0.00865	0.00865	0.00769	0.00480	0.01153	0.01153	0.01538	0.02499	0.05189	0.02883	0.72131	0.04036	0.00769	0.00769	0.01153	0.00480	0.00480
8	0.01963	0.01884	0.03219	0.04867	0.67185	0.01884	0.02434	0.02434	0.01806	0.02591	0.01492	0.01963	0.01256	0.00707	0.00785	0.00236	0.00942	0.00707	0.00393	0.01256
9	0.02730	0.01816	0.01974	0.01608	0.02136	0.04262	0.01286	0.25358	0.21517	0.20039	0.02617	0.02597	0.01901	0.05252	0.00990	0.00280	0.00764	0.00808	0.00812	0.01254
10	0.01278	0.00913	0.01278	0.01460	0.01643	0.00913	0.01278	0.01643	0.01825	0.02373	0.04199	0.08945	0.04564	0.02191	0.01095	0.00365	0.00730	0.61847	0.00730	0.00730
11	0.00966	0.00690	0.00920	0.01104	0.01150	0.00644	0.00736	0.01104	0.01518	0.02024	0.04371	0.71614	0.05245	0.02484	0.01012	0.00322	0.00460	0.02254	0.00736	0.00644
12	0.01920	0.01840	0.03141	0.10899	0.61489	0.01873	0.02412	0.02396	0.01785	0.02539	0.01484	0.01977	0.01238	0.00715	0.00786	0.00238	0.00953	0.00706	0.00389	0.01221
13	0.02150	0.38858	0.21709	0.01744	0.02515	0.13430	0.01834	0.05474	0.01832	0.02207	0.01250	0.01441	0.01030	0.00735	0.00624	0.00201	0.01035	0.00497	0.00371	0.01061
14	0.05537	0.01499	0.01696	0.01235	0.01922	0.01237	0.00994	0.08438	0.01844	0.02880	0.01445	0.01653	0.01177	0.00632	0.00604	0.00136	0.00618	0.00493	0.00504	0.65457
15	0.06524	0.01787	0.01863	0.01619	0.02103	0.02049	0.01278	0.14993	0.50849	0.03634	0.02866	0.02672	0.02137	0.01034	0.00786	0.00262	0.00671	0.00837	0.00786	0.01249
16	0.02050	0.01916	0.05655	0.02587	0.19979	0.01952	0.03620	0.11724	0.31610	0.03278	0.05428	0.02592	0.02086	0.00955	0.00806	0.00254	0.00784	0.00831	0.00659	0.01234
17	0.03208	0.01312	0.01754	0.01378	0.01936	0.01166	0.01126	0.03630	0.05836	0.57194	0.09954	0.03059	0.02580	0.01055	0.00813	0.00247	0.00640	0.00871	0.00960	0.01280
18	0.01414	0.01125	0.01661	0.05201	0.10131	0.01135	0.04399	0.04533	0.01760	0.02351	0.06776	0.11790	0.05287	0.15923	0.01592	0.00401	0.00764	0.22350	0.00613	0.00791
19	0.01915	0.01835	0.03132	0.11581	0.60845	0.01872	0.02410	0.02392	0.01783	0.02533	0.01483	0.01978	0.01236	0.00715	0.00786	0.00238	0.00954	0.00706	0.00388	0.01218
20	0.73293	0.01523	0.01206	0.01065	0.01563	0.01742	0.00877	0.02423	0.01405	0.07399	0.01225	0.01373	0.00925	0.00751	0.00509	0.00245	0.00617	0.00451	0.00520	0.00888
21	0.00966	0.00690	0.00920	0.01104	0.01150	0.00644	0.00736	0.01104	0.01518	0.02024	0.04371	0.71614	0.05245	0.02484	0.01012	0.00322	0.00460	0.02254	0.00736	0.00644
22	0.04702	0.07616	0.51579	0.02234	0.03283	0.01898	0.09279	0.02568	0.01709	0.05805	0.01498	0.01738	0.01069	0.00751	0.00751	0.00248	0.01124	0.00619	0.00381	0.01149
23	0.01836	0.01578	0.02131	0.12705	0.12975	0.01732	0.04369	0.03117	0.31732	0.05519	0.03084	0.03279	0.08153	0.01079	0.00829	0.00265	0.00760	0.03085	0.00650	0.01119
24	0.01153	0.00769	0.00865	0.00865	0.00865	0.00769	0.00480	0.01153	0.01153	0.01538	0.02499	0.05189	0.02883	0.72131	0.04036	0.00769	0.00769	0.01153	0.00480	0.00480
25	0.01004	0.00809	0.00896	0.00884	0.01124	0.00701	0.00669	0.01262	0.01938	0.02459	0.25412	0.07167	0.47050	0.01899	0.00942	0.00266	0.00405	0.03641	0.00777	0.00695
26	0.02501	0.01971	0.02497	0.15577	0.06827	0.02185	0.05411	0.42011	0.02966	0.03967	0.01791	0.02111	0.01346	0.04101	0.00948	0.00269	0.00936	0.00745	0.00645	0.01195
27	0.01733	0.01269	0.01432	0.01290	0.01639	0.01340	0.00990	0.02913	0.31122	0.09474	0.21203	0.04410	0.11314	0.05042	0.01025	0.00287	0.00544	0.01139	0.00817	0.01016
28	0.11958	0.01440	0.01807	0.01402	0.02003	0.01339	0.01158	0.08538	0.02281	0.55416	0.02800	0.02475	0.01788	0.00951	0.00762	0.00245	0.00684	0.00749	0.00911	0.01294
29	0.01928	0.01875	0.03259	0.08267	0.55033	0.01893	0.08418	0.02490	0.04279	0.02582	0.01565	0.02027	0.01285	0.00722	0.00801	0.00242	0.00975	0.00736	0.00407	0.01217
30	0.01954	0.01901	0.03297	0.04546	0.57408	0.01901	0.08748	0.02534	0.05036	0.02622	0.01591	0.02031	0.01309	0.00721	0.00802	0.00240	0.00967	0.00740	0.00414	0.01237
31	0.00966	0.00690	0.00920	0.01104	0.01150	0.00644	0.00736	0.01104	0.01518	0.02024	0.04371	0.71614	0.05245	0.02484	0.01012	0.00322	0.00460	0.02254	0.00736	0.00644
32	0.01644	0.01409	0.01644	0.01175	0.01879	0.01057	0.00940	0.01997	0.01644	0.02584	0.01409	0.01644	0.01175	0.00587	0.00587	0.00117	0.00587	0.00470	0.00470	0.76979
33	0.01732	0.01029	0.01090	0.03290	0.01357	0.01078	0.00782	0.13016	0.02035	0.03258	0.02636	0.02921	0.04391	0.00966	0.00620	0.00200	0.00484	0.00770	0.57495	0.00850
34	0.02733	0.01559	0.01871	0.01411	0.02046	0.01426	0.01154	0.17707	0.02394	0.29253	0.02253	0.02170	0.01559	0.00843	0.00720	0.00200	0.00684	0.00668	0.03126	0.26225
35	0.09767	0.51710	0.10229	0.01485	0.02169	0.09273	0.01485	0.02461	0.01653	0.02110	0.01148	0.01330	0.01001	0.00705	0.00552	0.00189	0.00914	0.00450	0.00361	0.01008
36	0.00984	0.00718	0.00930	0.01082	0.01165	0.00664	0.00746	0.01151	0.01598	0.02108	0.07709	0.58639	0.12108	0.02378	0.01004	0.00315	0.00462	0.04840	0.00742	0.00656
37	0.01134	0.00845	0.01251	0.01251	0.01384	0.00978	0.00962	0.01401	0.01267	0.01823	0.02146	0.03235	0.02035	0.09776	0.65231	0.01245	0.02046	0.00867	0.00428	0.00695
38	0.02120	0.72609	0.04155	0.01357	0.02035	0.03138	0.01357	0.02374	0.01611	0.01866	0.01102	0.01272	0.01018	0.00678	0.00509	0.00170	0.00848	0.00424	0.00339	0.01018
39	0.01250	0.00839	0.01101	0.01019	0.01229	0.00770	0.00770	0.01620	0.02246	0.06557	0.63437	0.05755	0.07193	0.01588	0.00928	0.00249	0.00390	0.01401	0.00879	0.00780
40	0.01122	0.00811	0.01060	0.00998	0.01185	0.00748	0.00748	0.01496	0.02245	0.03180	0.66766	0.05923	0.07482	0.01621	0.00935	0.00249	0.00374	0.01434	0.00873	0.00748
41	0.01590	0.04102	0.68023	0.02260	0.03432	0.01842	0.02930	0.02511	0.01674	0.02511	0.01423	0.01674	0.01005	0.00753	0.00753	0.00251	0.01172	0.00586	0.00335	0.01172
42	0.77733	0.01534	0.01166	0.01043	0.01534	0.01779	0.00859	0.02331	0.01350	0.03558	0.01104	0.01288	0.00859	0.00736	0.00491	0.00245	0.00613	0.00429	0.00491	0.00859
43	0.01134	0.00845	0.01251	0.01251	0.01385	0.00979	0.00963	0.01401	0.01268	0.01824	0.02145	0.03232	0.02033	0.09669	0.65337	0.01246	0.02048	0.00867	0.00428	0.00695
44	0.00954	0.00804	0.00826	0.00821	0.01081	0.00676	0.00615	0.01170	0.01846	0.02234	0.13233	0.07480	0.61606	0.01974	0.00937	0.00266	0.00399	0.01652	0.00748	0.00676
45	0.01936	0.01848	0.03104	0.08499	0.60616	0.01881	0.02366	0.02492	0.04736	0.02591	0.01567	0.02017	0.01298	0.00729	0.00787	0.00239	0.00934	0.00715	0.00409	0.01234
46	0.00937	0.00803	0.00803	0.00803	0.01071	0.00669	0.00602	0.01138	0.01807	0.02142	0.08033	0.07632	0.66863	0.02008	0.00937	0.00268	0.00402	0.01674	0.00736	0.00669
47	0.03014	0.02221	0.02380	0.01825	0.02459	0.02459	0.01507	0.64541	0.03728	0.04998	0.01904	0.01904	0.01349	0.00952	0.00793	0.00238	0.00873	0.00714	0.00793	0.01349
48	0.01762	0.01035	0.01394	0.01398	0.01685	0.01006	0.01184	0.02229	0.05798	0.15826	0.12196	0.06917	0.04292	0.01803	0.00996	0.00320	0.00666	0.37797	0.00805	0.00890
49	0.01657	0.12737	0.59972	0.02146	0.03256	0.02005	0.02732	0.02494	0.01666	0.02430	0.01383	0.01624	0.01006	0.00744	0.00723	0.00241	0.01131	0.00566	0.00335	0.01152
50	0.01478	0.00739	0.00739	0.00739	0.00924	0.00739	0.00554	0.01848	0.01663	0.02956	0.02587	0.02956	0.02033	0.00924	0.00554	0.00185	0.00370	0.00739	0.76534	0.00739
51	0.03161	0.01540	0.01890	0.01483	0.02059	0.01503	0.01214	0.17013	0.08884	0.43899	0.02840	0.02566	0.01879	0.00981	0.00783	0.00243	0.00696	0.00786	0.05275	0.01305
52	0.01615	0.07255	0.65083	0.02219	0.03368	0.01901	0.02857	0.02505	0.01671	0.02482	0.01408	0.01656	0.01005	0.00750	0.00742	0.00247	0.01157	0.00579	0.00335	0.01165
53	0.00963	0.00809	0.00839	0.00845	0.01105	0.00685	0.00642	0.01179	0.01828	0.02201	0.10548	0.07618	0.61058	0.01999	0.00945	0.00272	0.00417	0.04630	0.00742	0.00676
54	0.01114	0.00756	0.00887	0.00920	0.00940	0.00743	0.00547	0.01163	0.01288	0.01729	0.06572	0.18407	0.03616	0.54255	0.03258	0.00650	0.00685	0.01388	0.00554	0.00528
55	0.02246	0.01923	0.06653	0.03673	0.41470	0.01773	0.05594	0.07837	0.02028	0.13355	0.01903	0.04681	0.01511	0.00839	0.00803	0.00243	0.00910	0.00786	0.00532	0.01241
56	0.00966	0.00690	0.00920	0.01104	0.01150	0.00644	0.00736	0.01104	0.01518	0.02024	0.04371	0.71614	0.05245	0.02484	0.01012	0.00322	0.00460	0.02254	0.00736	0.00644
57	0.00966	0.00690	0.00920	0.01104	0.01150	0.00644	0.00736	0.01104	0.01518	0.02024	0.04371	0.71614	0.05245	0.02484	0.01012	0.00322	0.00460	0.02254	0.00736	0.00644
58	0.01664	0.13660	0.59112	0.02134	0.03237	0.02022	0.02710	0.02492	0.01665	0.02421	0.01378	0.01618	0.01006	0.00743	0.00719	0.00240	0.01127	0.00563	0.00335	0.01150
59	0.50877	0.02005	0.14871	0.04065	0.02090	0.01703	0.01348	0.02408	0.01525	0.07185	0.04543	0.01714	0.01290	0.00801	0.00597	0.00247	0.00737	0.00544	0.00502	0.00948
60	0.04690	0.12910	0.57054	0.02094	0.03175	0.02008	0.02643	0.02486	0.01653	0.02469	0.01369	0.01607	0.01000	0.00743	0.00711	0.00240	0.01108	0.00559	0.00342	0.01139
61	0.02222	0.02254	0.02796	0.03718	0.42344	0.15150	0.02051	0.06384	0.10203	0.02694	0.01686	0.01982	0.01364	0.00790	0.00775	0.00234	0.00994	0.00693	0.00472	0.01195

[dist]
# distance from previous block
# <min> <max>
0	1

[block]
# block no. 3 follows, 24 sequences, length 84
# corresponding to MSA columns:
# 112-195
name=unknown_D
#
# <colnr> <probs for GDERKNQSTAVLIFYWHMCP>
#	G	D	E	R	K	N	Q	S	T	A	V	L	I	F	Y	W	H	M	C	P
0	0.01961	0.01586	0.01708	0.01536	0.03846	0.06299	0.01158	0.17098	0.09861	0.05861	0.15649	0.11305	0.07991	0.01334	0.00917	0.00250	0.03654	0.01100	0.00727	0.06162
1	0.01594	0.07202	0.61896	0.02159	0.03262	0.01853	0.02754	0.02458	0.01698	0.02512	0.04428	0.01852	0.01305	0.00790	0.00750	0.00247	0.01120	0.00617	0.00360	0.01145
2	0.02425	0.02182	0.02249	0.07948	0.06971	0.12179	0.01574	0.24453	0.21108	0.03447	0.02066	0.02152	0.01562	0.00963	0.00891	0.00250	0.05015	0.00734	0.00648	0.01182
3	0.01612	0.03971	0.64208	0.02414	0.07185	0.01844	0.02901	0.02507	0.01682	0.02516	0.01427	0.01691	0.01019	0.00751	0.00755	0.00250	0.01158	0.00593	0.00338	0.01177
4	0.01270	0.00944	0.01233	0.01370	0.01544	0.00964	0.01108	0.01802	0.09834	0.02385	0.04129	0.27534	0.04502	0.02140	0.01033	0.00340	0.00634	0.35723	0.00742	0.00770
5	0.01337	0.00901	0.01221	0.01316	0.01522	0.00869	0.01109	0.01679	0.01908	0.06022	0.15232	0.10664	0.09418	0.02026	0.01037	0.00330	0.00631	0.41252	0.00769	0.00759
6	0.00988	0.00714	0.00944	0.01106	0.01174	0.00658	0.00743	0.01133	0.01522	0.02043	0.04274	0.69325	0.05112	0.02422	0.00998	0.00315	0.00464	0.02196	0.00727	0.03141
7	0.00983	0.00805	0.00866	0.00851	0.01099	0.00689	0.00638	0.01226	0.01915	0.02396	0.22416	0.07213	0.52321	0.01913	0.00937	0.00263	0.00395	0.01615	0.00770	0.00689
8	0.01135	0.00761	0.00870	0.00888	0.00893	0.00757	0.00505	0.01148	0.01189	0.01585	0.02681	0.11670	0.03113	0.65336	0.03741	0.00725	0.00739	0.01261	0.00505	0.00496
9	0.10212	0.02781	0.28164	0.05767	0.03644	0.01907	0.31118	0.02482	0.01725	0.02619	0.01471	0.01867	0.01083	0.00714	0.00810	0.00259	0.01181	0.00736	0.00384	0.01076
10	0.06908	0.02059	0.02175	0.01699	0.02286	0.02283	0.01395	0.54055	0.06404	0.04701	0.01970	0.01992	0.01419	0.00944	0.00761	0.00236	0.00813	0.00709	0.05915	0.01276
11	0.00966	0.00690	0.00920	0.01104	0.01150	0.00644	0.00736	0.01104	0.01518	0.02024	0.04371	0.71614	0.05245	0.02484	0.01012	0.00322	0.00460	0.02254	0.00736	0.00644
12	0.01590	0.04102	0.68023	0.02260	0.03432	0.01842	0.02930	0.02511	0.01674	0.02511	0.01423	0.01674	0.01005	0.00753	0.00753	0.00251	0.01172	0.00586	0.00335	0.01172
13	0.01382	0.00893	0.01218	0.01274	0.01478	0.00853	0.01045	0.01721	0.01960	0.07912	0.23727	0.14130	0.05338	0.01945	0.01012	0.00315	0.00586	0.31638	0.00796	0.00777
14	0.00937	0.00803	0.00803	0.00803	0.01071	0.00669	0.00602	0.01138	0.01807	0.02142	0.08033	0.07632	0.66863	0.02008	0.00937	0.00268	0.00402	0.01674	0.00736	0.00669
15	0.00976	0.00694	0.00917	0.01092	0.01135	0.00651	0.00723	0.01107	0.01499	0.01999	0.04272	0.68111	0.05120	0.06158	0.01172	0.00346	0.00476	0.02196	0.00723	0.00635
16	0.00966	0.00690	0.00920	0.01104	0.01150	0.00644	0.00736	0.01104	0.01518	0.02024	0.04371	0.71614	0.05245	0.02484	0.01012	0.00322	0.00460	0.02254	0.00736	0.00644
17	0.01498	0.01409	0.02378	0.70226	0.05462	0.01762	0.02202	0.02026	0.01586	0.02026	0.01409	0.02114	0.01057	0.00793	0.00793	0.00264	0.01057	0.00705	0.00352	0.00881
18	0.01911	0.01650	0.01735	0.01566	0.02004	0.01896	0.01217	0.04033	0.61988	0.03248	0.03510	0.03234	0.06214	0.01131	0.00815	0.00269	0.00614	0.00942	0.00803	0.01221
19	0.03558	0.01350	0.01840	0.01411	0.02024	0.01166	0.01166	0.03865	0.02270	0.67734	0.03128	0.02699	0.01963	0.00981	0.00797	0.00245	0.00675	0.00797	0.00981	0.01350
20	0.03014	0.02221	0.02380	0.01825	0.02459	0.02459	0.01507	0.64541	0.03728	0.04998	0.01904	0.01904	0.01349	0.00952	0.00793	0.00238	0.00873	0.00714	0.00793	0.01349
21	0.02120	0.72609	0.04155	0.01357	0.02035	0.03138	0.01357	0.02374	0.01611	0.01866	0.01102	0.01272	0.01018	0.00678	0.00509	0.00170	0.00848	0.00424	0.00339	0.01018
22	0.00966	0.00690	0.00920	0.01104	0.01150	0.00644	0.00736	0.01104	0.01518	0.02024	0.04371	0.71614	0.05245	0.02484	0.01012	0.00322	0.00460	0.02254	0.00736	0.00644
23	0.02945	0.02187	0.02341	0.01810	0.02433	0.02427	0.01490	0.60503	0.07879	0.04885	0.01992	0.01974	0.01420	0.00960	0.00794	0.00240	0.00856	0.00726	0.00794	0.01342
24	0.01750	0.01780	0.02681	0.02223	0.02313	0.02381	0.08755	0.01979	0.01288	0.01979	0.01104	0.01780	0.01059	0.01307	0.02415	0.00338	0.62900	0.00721	0.00353	0.00890
25	0.01145	0.00765	0.00867	0.00876	0.00878	0.00763	0.00492	0.01151	0.01169	0.01559	0.02582	0.08136	0.02988	0.69041	0.03902	0.00749	0.00755	0.01202	0.00492	0.00488
26	0.02935	0.02915	0.02287	0.01915	0.02435	0.33218	0.01505	0.32943	0.06314	0.03494	0.01660	0.01740	0.01254	0.00896	0.00758	0.00224	0.01118	0.00629	0.00616	0.01145
27	0.01354	0.00938	0.01263	0.01385	0.01593	0.00928	0.01178	0.01769	0.04405	0.05087	0.07021	0.11987	0.08204	0.02079	0.01050	0.00343	0.00673	0.47225	0.00750	0.00769
28	0.01264	0.00846	0.01115	0.01048	0.01258	0.00781	0.00802	0.01633	0.02221	0.06629	0.59581	0.05929	0.07009	0.01621	0.00937	0.00256	0.00412	0.05009	0.00870	0.00780
29	0.77733	0.01534	0.01166	0.01043	0.01534	0.01779	0.00859	0.02331	0.01350	0.03558	0.01104	0.01288	0.00859	0.00736	0.00491	0.00245	0.00613	0.00429	0.00491	0.00859
30	0.02659	0.02628	0.02020	0.01738	0.02204	0.32035	0.01351	0.19175	0.07785	0.07348	0.02627	0.02613	0.10280	0.01048	0.00779	0.00230	0.01026	0.00774	0.00626	0.01055
31	0.05274	0.01726	0.01802	0.01509	0.02006	0.09055	0.01199	0.07216	0.20331	0.29555	0.09306	0.02865	0.02477	0.01045	0.00794	0.00247	0.00725	0.00841	0.00829	0.01196
32	0.00983	0.00805	0.00867	0.00852	0.01099	0.00689	0.00639	0.01228	0.01917	0.02401	0.22701	0.07205	0.52034	0.01912	0.00937	0.00263	0.00395	0.01614	0.00770	0.00689
33	0.01122	0.00811	0.01060	0.00998	0.01185	0.00748	0.00748	0.01496	0.02245	0.03180	0.66766	0.05923	0.07482	0.01621	0.00935	0.00249	0.00374	0.01434	0.00873	0.00748
34	0.01883	0.01803	0.03075	0.16047	0.56627	0.01863	0.02394	0.02364	0.01768	0.02494	0.01478	0.01989	0.01222	0.00721	0.00786	0.00240	0.00962	0.00706	0.00386	0.01192
35	0.01931	0.01852	0.03162	0.09300	0.62998	0.01876	0.02418	0.02406	0.01791	0.02552	0.01486	0.01973	0.01243	0.00712	0.00786	0.00237	0.00950	0.00706	0.00390	0.01231
36	0.01261	0.01064	0.01129	0.01100	0.01403	0.01059	0.00849	0.02053	0.19991	0.02491	0.06200	0.09030	0.40870	0.01778	0.00916	0.00278	0.00495	0.06436	0.00756	0.00840
37	0.01351	0.00876	0.01139	0.01069	0.01287	0.00817	0.00802	0.01758	0.04432	0.08793	0.51449	0.13303	0.06545	0.01647	0.00928	0.00258	0.00420	0.01455	0.00864	0.00808
38	0.02913	0.02111	0.02275	0.01763	0.02363	0.02326	0.01443	0.57344	0.06220	0.06912	0.02026	0.02109	0.01477	0.03841	0.00925	0.00261	0.00851	0.00742	0.00788	0.01309
39	0.05622	0.02248	0.02170	0.01941	0.06658	0.12989	0.01452	0.32733	0.15706	0.03845	0.02034	0.02070	0.01519	0.00929	0.00759	0.00236	0.00884	0.00707	0.04290	0.01205
40	0.01498	0.01380	0.01949	0.01740	0.01788	0.01847	0.01413	0.01699	0.01232	0.01865	0.01490	0.02394	0.01463	0.06779	0.25381	0.00687	0.43450	0.00772	0.00381	0.00792
41	0.01378	0.00929	0.01296	0.01442	0.01644	0.00919	0.01254	0.01740	0.01861	0.05423	0.06379	0.08549	0.04548	0.02114	0.01076	0.00355	0.00715	0.56873	0.00747	0.00759
42	0.01963	0.01872	0.03122	0.04647	0.62768	0.01890	0.02354	0.02554	0.06143	0.02640	0.01609	0.02030	0.01335	0.00732	0.00787	0.00238	0.00921	0.00719	0.00421	0.01256
43	0.00990	0.00729	0.00937	0.01079	0.01171	0.00662	0.00731	0.01142	0.01550	0.02057	0.04601	0.62876	0.10895	0.02366	0.00989	0.00309	0.00459	0.02131	0.00726	0.03601
44	0.00962	0.00707	0.00903	0.01060	0.01139	0.00648	0.00717	0.01109	0.01560	0.02041	0.04904	0.62292	0.14222	0.02415	0.01001	0.00314	0.00452	0.02170	0.00736	0.00648
45	0.01774	0.01941	0.04148	0.03012	0.03717	0.01822	0.55483	0.02381	0.01831	0.02519	0.01891	0.08051	0.01589	0.00836	0.00922	0.00268	0.01210	0.01037	0.04553	0.01016
46	0.37174	0.01851	0.01760	0.01444	0.01992	0.02095	0.01183	0.29593	0.09233	0.04159	0.01678	0.01734	0.01238	0.00866	0.00656	0.00245	0.00728	0.00603	0.00656	0.01114
47	0.02600	0.01907	0.02053	0.01626	0.02143	0.02097	0.01309	0.48576	0.07011	0.04371	0.05585	0.02552	0.01925	0.07939	0.01108	0.00290	0.00799	0.00808	0.04104	0.01199
48	0.01031	0.00717	0.00901	0.01021	0.01051	0.00687	0.00648	0.01121	0.01392	0.01856	0.03723	0.48633	0.04428	0.26581	0.02058	0.00477	0.00567	0.01873	0.00648	0.00587
49	0.01785	0.01660	0.02087	0.04561	0.02090	0.06961	0.03933	0.05015	0.03541	0.02290	0.01564	0.02133	0.01364	0.01684	0.09075	0.00397	0.35772	0.00722	0.12489	0.00877
50	0.02999	0.02159	0.02331	0.01797	0.02423	0.02378	0.01481	0.59261	0.06126	0.07909	0.02015	0.01984	0.01420	0.00958	0.00794	0.00240	0.00853	0.00725	0.00803	0.01345
51	0.06498	0.02566	0.29223	0.02093	0.07058	0.01632	0.06615	0.04641	0.06432	0.12906	0.08386	0.04490	0.02057	0.00945	0.00791	0.00253	0.00910	0.00804	0.00567	0.01133
52	0.02962	0.03779	0.02247	0.02043	0.02451	0.68948	0.01532	0.03166	0.02247	0.01941	0.01226	0.01430	0.01021	0.00817	0.00715	0.00204	0.01430	0.00511	0.00409	0.00919
53	0.01743	0.01667	0.02342	0.09677	0.02439	0.02258	0.01724	0.05575	0.01408	0.02099	0.01207	0.01881	0.01125	0.01605	0.06795	0.00394	0.54090	0.00707	0.00379	0.00886
54	0.10007	0.01539	0.02609	0.51943	0.04817	0.01802	0.11909	0.02141	0.01605	0.02277	0.01407	0.02027	0.01058	0.00767	0.00782	0.00263	0.01052	0.00711	0.00375	0.00908
55	0.01132	0.00769	0.00912	0.00931	0.00951	0.00778	0.00559	0.01175	0.01203	0.01619	0.02655	0.11873	0.03037	0.58176	0.10324	0.00774	0.00874	0.01237	0.00501	0.00521
56	0.01115	0.00810	0.01050	0.00990	0.01180	0.00745	0.00742	0.01482	0.02227	0.03138	0.64388	0.05993	0.09887	0.01637	0.00935	0.00250	0.00375	0.01444	0.00867	0.00745
57	0.01517	0.01448	0.02500	0.66698	0.05392	0.01775	0.05478	0.02053	0.01601	0.02053	0.01420	0.02115	0.01065	0.00786	0.00800	0.00264	0.01072	0.00717	0.00355	0.00891
58	0.01800	0.02014	0.04308	0.03117	0.03837	0.01915	0.57111	0.02418	0.01847	0.02519	0.04037	0.05321	0.01600	0.00807	0.00996	0.00272	0.03614	0.01004	0.00431	0.01032
59	0.01533	0.00792	0.00798	0.00778	0.00979	0.00800	0.00588	0.04082	0.01737	0.03029	0.02563	0.02919	0.02008	0.00925	0.00563	0.00187	0.00387	0.00738	0.73834	0.00761
60	0.00966	0.00690	0.00920	0.01104	0.01150	0.00644	0.00736	0.01104	0.01518	0.02024	0.04371	0.71614	0.05245	0.02484	0.01012	0.00322	0.00460	0.02254	0.00736	0.00644
61	0.08180	0.02119	0.01975	0.05248	0.02274	0.13772	0.01348	0.28066	0.09381	0.03607	0.01900	0.02038	0.01436	0.00930	0.00797	0.00234	0.03663	0.00678	0.11257	0.01097
62	0.00999	0.00704	0.00910	0.01062	0.01100	0.00666	0.00691	0.01113	0.01454	0.01939	0.04043	0.60000	0.04832	0.14662	0.01541	0.00400	0.00514	0.02062	0.00691	0.00615
63	0.01003	0.00717	0.00963	0.01146	0.01209	0.00676	0.00800	0.01168	0.01555	0.02066	0.04350	0.64181	0.05164	0.02450	0.01022	0.00327	0.00492	0.09322	0.00735	0.00654
64	0.02948	0.02061	0.02248	0.01753	0.02362	0.02255	0.01438	0.50384	0.11158	0.11794	0.02203	0.02122	0.01548	0.00970	0.00795	0.00243	0.00821	0.00746	0.00816	0.01337
65	0.03370	0.01386	0.01836	0.01419	0.02008	0.01242	0.01167	0.08481	0.02383	0.58958	0.06834	0.02829	0.02245	0.01017	0.00805	0.00245	0.00672	0.00829	0.00960	0.01314
66	0.01254	0.00899	0.01210	0.01349	0.01511	0.00893	0.01102	0.04246	0.01836	0.02420	0.06925	0.27262	0.04755	0.02199	0.01050	0.00341	0.00640	0.38633	0.00741	0.00732
67	0.01114	0.00810	0.01049	0.00989	0.01180	0.00745	0.00742	0.01481	0.02225	0.03134	0.64179	0.05999	0.10098	0.01638	0.00935	0.00250	0.00375	0.01445	0.00867	0.00745
68	0.03015	0.02132	0.02314	0.01783	0.02409	0.02338	0.01470	0.57317	0.06125	0.09872	0.02054	0.02009	0.01440	0.00959	0.00794	0.00240	0.00847	0.00728	0.00809	0.01345
69	0.01872	0.02139	0.04679	0.03342	0.04144	0.02005	0.64305	0.02540	0.01872	0.02540	0.01604	0.02139	0.01203	0.00668	0.00936	0.00267	0.01337	0.00936	0.00401	0.01070
70	0.72665	0.01580	0.01248	0.01096	0.01596	0.01825	0.00903	0.06551	0.01511	0.03656	0.01158	0.01330	0.00892	0.00751	0.00511	0.00245	0.00631	0.00449	0.00511	0.00892
71	0.02267	0.01355	0.01663	0.01279	0.01861	0.01162	0.01028	0.05330	0.05854	0.23959	0.11623	0.02700	0.02432	0.00911	0.00728	0.00192	0.00599	0.00753	0.00729	0.33575
72	0.01889	0.24575	0.43221	0.01946	0.02912	0.05307	0.02324	0.02553	0.01705	0.04815	0.01384	0.01582	0.01046	0.00743	0.00680	0.00224	0.01067	0.00542	0.00365	0.01121
73	0.03167	0.01552	0.01930	0.01529	0.02106	0.01511	0.01265	0.19027	0.05617	0.43710	0.02908	0.03000	0.02033	0.01073	0.00820	0.00254	0.00727	0.05568	0.00906	0.01296
74	0.03558	0.01350	0.01840	0.01411	0.02024	0.01166	0.01166	0.03865	0.02270	0.67734	0.03128	0.02699	0.01963	0.00981	0.00797	0.00245	0.00675	0.00797	0.00981	0.01350
75	0.01496	0.01369	0.02280	0.66074	0.05191	0.01701	0.02104	0.02015	0.01590	0.02082	0.01480	0.02164	0.01115	0.00801	0.00779	0.00260	0.01016	0.00707	0.04904	0.00872
76	0.01650	0.11788	0.60857	0.02159	0.03275	0.01987	0.02753	0.02496	0.01667	0.02439	0.01387	0.01629	0.01006	0.00745	0.00726	0.00242	0.01136	0.00568	0.00335	0.01155
77	0.01087	0.00809	0.01011	0.00960	0.01163	0.00733	0.00720	0.01428	0.02161	0.02981	0.55480	0.06252	0.18893	0.01696	0.00936	0.00253	0.00379	0.01480	0.00847	0.00733
78	0.01088	0.00742	0.00884	0.00948	0.00964	0.00726	0.00569	0.01136	0.01280	0.01706	0.03147	0.28207	0.03701	0.47998	0.02988	0.00614	0.00662	0.01535	0.00569	0.00537
79	0.11140	0.02208	0.02242	0.01748	0.02358	0.05029	0.01438	0.55333	0.03411	0.04719	0.01790	0.01818	0.01282	0.00923	0.00757	0.00237	0.00867	0.00675	0.00745	0.01278
80	0.01933	0.01923	0.02827	0.02253	0.02558	0.05799	0.16682	0.09136	0.01753	0.02454	0.01656	0.02146	0.04187	0.01149	0.01754	0.00299	0.36906	0.00791	0.02834	0.00960
81	0.01026	0.00776	0.00903	0.00956	0.01105	0.00705	0.00676	0.01203	0.01661	0.02125	0.11835	0.23618	0.29146	0.14730	0.01525	0.00377	0.00502	0.05787	0.00704	0.00641
82	0.01661	0.01672	0.02474	0.02042	0.02253	0.05528	0.12663	0.01969	0.01558	0.02217	0.11704	0.02611	0.02197	0.01779	0.09408	0.00414	0.35667	0.00862	0.00452	0.00870
83	0.01210	0.00846	0.00943	0.00918	0.01058	0.00813	0.00607	0.01396	0.04068	0.04482	0.04382	0.05704	0.24146	0.39461	0.06165	0.00587	0.00708	0.01286	0.00596	0.00622

[dist]
# distance from previous block
# <min> <max>
0	1

[block]
# block no. 4 follows, 24 sequences, length 46
# corresponding to MSA columns:
# 197-242
name=unknown_E
#
# <colnr> <probs for GDERKNQSTAVLIFYWHMCP>
#	G	D	E	R	K	N	Q	S	T	A	V	L	I	F	Y	W	H	M	C	P
0	0.01912	0.01832	0.03127	0.11979	0.60469	0.01871	0.02408	0.02389	0.01782	0.02529	0.01483	0.01979	0.01234	0.00716	0.00786	0.00239	0.00955	0.00706	0.00388	0.01215
1	0.08290	0.08335	0.02114	0.01526	0.02071	0.01973	0.01255	0.24037	0.15930	0.17224	0.04804	0.02456	0.01923	0.03465	0.00867	0.00259	0.00735	0.00764	0.00763	0.01208
2	0.00993	0.00706	0.00934	0.01099	0.01152	0.00664	0.00741	0.01140	0.01536	0.02053	0.06647	0.63380	0.05178	0.06260	0.01178	0.00345	0.00483	0.04142	0.00727	0.00642
3	0.02698	0.02037	0.02092	0.01650	0.02209	0.06121	0.01336	0.45014	0.05399	0.06771	0.02233	0.02319	0.04108	0.03188	0.00872	0.00246	0.00825	0.00752	0.04752	0.05379
4	0.46605	0.01777	0.01882	0.01781	0.09123	0.01973	0.04549	0.17994	0.02025	0.03760	0.01374	0.01562	0.01044	0.00784	0.00623	0.00244	0.00753	0.00558	0.00551	0.01037
5	0.00966	0.00690	0.00920	0.01104	0.01150	0.00644	0.00736	0.01104	0.01518	0.02024	0.04371	0.71614	0.05245	0.02484	0.01012	0.00322	0.00460	0.02254	0.00736	0.00644
6	0.03313	0.01593	0.06409	0.01497	0.02141	0.01309	0.01306	0.06238	0.05788	0.57169	0.02967	0.02611	0.01898	0.00970	0.00795	0.00247	0.00714	0.00785	0.00920	0.01332
7	0.01731	0.01658	0.02819	0.36405	0.29827	0.01837	0.05937	0.02339	0.05208	0.02353	0.01553	0.02101	0.01220	0.00767	0.00799	0.00253	0.01004	0.00730	0.00396	0.01062
8	0.01493	0.01398	0.02370	0.52303	0.08037	0.01642	0.05796	0.01993	0.01650	0.02127	0.02055	0.03068	0.04983	0.00982	0.00838	0.00273	0.01001	0.06691	0.00415	0.00886
9	0.01623	0.01537	0.02604	0.52653	0.22057	0.01795	0.02264	0.02136	0.01645	0.02178	0.01432	0.02073	0.01111	0.00770	0.00791	0.00257	0.01026	0.00705	0.00363	0.00982
10	0.02120	0.72609	0.04155	0.01357	0.02035	0.03138	0.01357	0.02374	0.01611	0.01866	0.01102	0.01272	0.01018	0.00678	0.00509	0.00170	0.00848	0.00424	0.00339	0.01018
11	0.01889	0.01809	0.03086	0.15175	0.57451	0.01865	0.02397	0.02369	0.01771	0.02502	0.01479	0.01987	0.01225	0.00720	0.00786	0.00240	0.00960	0.00706	0.00386	0.01197
12	0.01842	0.01671	0.02545	0.12920	0.19828	0.01795	0.09012	0.06046	0.19552	0.02797	0.02383	0.03281	0.02022	0.01043	0.00855	0.00271	0.00884	0.09574	0.00572	0.01107
13	0.77733	0.01534	0.01166	0.01043	0.01534	0.01779	0.00859	0.02331	0.01350	0.03558	0.01104	0.01288	0.00859	0.00736	0.00491	0.00245	0.00613	0.00429	0.00491	0.00859
14	0.04713	0.01639	0.02784	0.38414	0.29209	0.01823	0.05663	0.02225	0.01678	0.02334	0.01440	0.02024	0.01135	0.00750	0.00786	0.00253	0.01010	0.00707	0.00376	0.01036
15	0.01653	0.01385	0.01615	0.01202	0.01842	0.01093	0.00951	0.05219	0.01743	0.02659	0.01713	0.08205	0.01565	0.00784	0.00638	0.00143	0.00590	0.00650	0.00512	0.65839
16	0.02120	0.72609	0.04155	0.01357	0.02035	0.03138	0.01357	0.02374	0.01611	0.01866	0.01102	0.01272	0.01018	0.00678	0.00509	0.00170	0.00848	0.00424	0.00339	0.01018
17	0.01106	0.00810	0.01038	0.00981	0.01175	0.00741	0.00736	0.01465	0.02207	0.03090	0.61665	0.06072	0.12640	0.01655	0.00935	0.00251	0.00377	0.01455	0.00861	0.00741
18	0.01498	0.01409	0.02378	0.70226	0.05462	0.01762	0.02202	0.02026	0.01586	0.02026	0.01409	0.02114	0.01057	0.00793	0.00793	0.00264	0.01057	0.00705	0.00352	0.00881
19	0.01248	0.00949	0.01439	0.01513	0.01708	0.00929	0.05678	0.01582	0.01758	0.02304	0.04052	0.22983	0.04480	0.02149	0.01065	0.00348	0.00711	0.43659	0.00708	0.00735
20	0.03379	0.01371	0.01827	0.01412	0.02001	0.01221	0.01162	0.07469	0.02358	0.60021	0.06838	0.02842	0.02253	0.01018	0.00805	0.00245	0.00669	0.00830	0.00963	0.01314
21	0.01144	0.00805	0.01051	0.01051	0.01115	0.00870	0.00712	0.01272	0.01208	0.01675	0.02329	0.04248	0.02474	0.42102	0.33507	0.00998	0.01384	0.01015	0.00455	0.00584
22	0.00954	0.00804	0.00827	0.00821	0.01082	0.00677	0.00616	0.01171	0.01848	0.02239	0.13487	0.07473	0.61349	0.01972	0.00937	0.00266	0.00399	0.01651	0.00749	0.00677
23	0.01872	0.02139	0.04679	0.03342	0.04144	0.02005	0.64305	0.02540	0.01872	0.02540	0.01604	0.02139	0.01203	0.00668	0.00936	0.00267	0.01337	0.00936	0.00401	0.01070
24	0.01153	0.00769	0.00865	0.00865	0.00865	0.00769	0.00480	0.01153	0.01153	0.01538	0.02499	0.05189	0.02883	0.72131	0.04036	0.00769	0.00769	0.01153	0.00480	0.00480
25	0.02134	0.01093	0.01426	0.01199	0.01570	0.01004	0.00947	0.06121	0.02342	0.27109	0.39425	0.04494	0.05081	0.01345	0.00876	0.00247	0.00515	0.01156	0.00908	0.01006
26	0.00972	0.00703	0.00920	0.01081	0.01147	0.00651	0.00729	0.01125	0.01570	0.02086	0.07541	0.64699	0.09016	0.02415	0.01004	0.00315	0.00453	0.02181	0.00743	0.00651
27	0.03014	0.02221	0.02380	0.01825	0.02459	0.02459	0.01507	0.64541	0.03728	0.04998	0.01904	0.01904	0.01349	0.00952	0.00793	0.00238	0.00873	0.00714	0.00793	0.01349
28	0.01153	0.00769	0.00865	0.00865	0.00865	0.00769	0.00480	0.01153	0.01153	0.01538	0.02499	0.05189	0.02883	0.72131	0.04036	0.00769	0.00769	0.01153	0.00480	0.00480
29	0.00983	0.00702	0.00940	0.01123	0.01177	0.00659	0.00765	0.01133	0.01535	0.02043	0.04361	0.68217	0.05208	0.02468	0.01017	0.00324	0.00475	0.05485	0.00736	0.00649
30	0.01133	0.00830	0.01079	0.01105	0.01292	0.00777	0.00873	0.01469	0.02036	0.02768	0.39082	0.10852	0.13742	0.01873	0.00983	0.00287	0.00479	0.17802	0.00810	0.00728
31	0.02722	0.01966	0.02123	0.01666	0.02219	0.02171	0.01366	0.53451	0.03340	0.04569	0.01996	0.02099	0.01466	0.01257	0.04976	0.00296	0.00892	0.00725	0.09460	0.01239
32	0.77733	0.01534	0.01166	0.01043	0.01534	0.01779	0.00859	0.02331	0.01350	0.03558	0.01104	0.01288	0.00859	0.00736	0.00491	0.00245	0.00613	0.00429	0.00491	0.00859
33	0.02166	0.68835	0.04051	0.01394	0.02058	0.06746	0.01366	0.02418	0.01646	0.01870	0.01109	0.01281	0.01018	0.00686	0.00520	0.00172	0.00880	0.00429	0.00343	0.01012
34	0.09548	0.02917	0.02148	0.01843	0.02334	0.37230	0.01436	0.21041	0.06520	0.05286	0.01600	0.01693	0.01221	0.00871	0.00726	0.00223	0.01120	0.00596	0.00572	0.01074
35	0.03184	0.01655	0.02116	0.01633	0.02245	0.01629	0.04254	0.20199	0.08560	0.41725	0.02735	0.02482	0.01804	0.00967	0.00804	0.00247	0.00755	0.00791	0.00887	0.01327
36	0.01751	0.01376	0.01489	0.01368	0.01753	0.01488	0.01062	0.03178	0.39960	0.07422	0.04494	0.08014	0.18404	0.01413	0.00859	0.00273	0.00570	0.03265	0.00795	0.01067
37	0.01010	0.00806	0.00904	0.00879	0.01116	0.00700	0.00660	0.01278	0.01979	0.02548	0.31016	0.06963	0.43627	0.01857	0.00936	0.00261	0.00391	0.01580	0.00790	0.00700
38	0.69988	0.01517	0.01208	0.01072	0.01549	0.01743	0.00878	0.04790	0.01501	0.03593	0.05190	0.01599	0.01287	0.00799	0.00530	0.00245	0.00609	0.00503	0.00527	0.00872
39	0.01850	0.02042	0.04139	0.03181	0.07545	0.02083	0.47994	0.02407	0.01736	0.02416	0.01484	0.02047	0.01174	0.00815	0.01261	0.00281	0.15241	0.00873	0.00390	0.01040
40	0.00997	0.00787	0.00899	0.00911	0.01118	0.00689	0.00668	0.01239	0.01890	0.02432	0.24919	0.17720	0.38973	0.01972	0.00949	0.00271	0.00403	0.01698	0.00777	0.00689
41	0.00966	0.00690	0.00920	0.01104	0.01150	0.00644	0.00736	0.01104	0.01518	0.02024	0.04371	0.71614	0.05245	0.02484	0.01012	0.00322	0.00460	0.02254	0.00736	0.00644
42	0.01762	0.26332	0.47298	0.01967	0.02979	0.02262	0.02419	0.02467	0.01654	0.02302	0.01319	0.01544	0.01009	0.00729	0.00674	0.00225	0.01067	0.00533	0.00336	0.01122
43	0.01650	0.01210	0.01344	0.01254	0.01552	0.03385	0.00963	0.02461	0.19530	0.09284	0.18884	0.07500	0.12560	0.07664	0.01167	0.00314	0.00584	0.06998	0.00779	0.00915
44	0.01958	0.01898	0.03299	0.04783	0.63709	0.01891	0.05845	0.02440	0.01809	0.02588	0.01498	0.01972	0.01253	0.00704	0.00793	0.00237	0.00964	0.00719	0.00393	0.01246
45	0.01831	0.35185	0.39044	0.01850	0.02798	0.02430	0.02216	0.02449	0.01646	0.02218	0.01278	0.01492	0.01010	0.00719	0.00642	0.00214	0.01025	0.00512	0.00337	0.01102

[dist]
# distance from previous block
# <min> <max>
0	1

[block]
# block no. 5 follows, 24 sequences, length 67
# corresponding to MSA columns:
# 244-310
name=unknown_F
#
# <colnr> <probs for GDERKNQSTAVLIFYWHMCP>
#	G	D	E	R	K	N	Q	S	T	A	V	L	I	F	Y	W	H	M	C	P
0	0.00966	0.00690	0.00920	0.01104	0.01150	0.00644	0.00736	0.01104	0.01518	0.02024	0.04371	0.71614	0.05245	0.02484	0.01012	0.00322	0.00460	0.02254	0.00736	0.00644
1	0.01985	0.01537	0.01740	0.01326	0.01952	0.01391	0.01063	0.11819	0.11351	0.06327	0.01895	0.01995	0.01466	0.00750	0.00659	0.00168	0.00629	0.00599	0.04483	0.46864
2	0.01802	0.19757	0.35498	0.02005	0.02800	0.05563	0.04188	0.02389	0.01640	0.02258	0.03224	0.01717	0.01213	0.00860	0.00991	0.00245	0.11836	0.00597	0.00360	0.01060
3	0.00937	0.00803	0.00803	0.00803	0.01071	0.00669	0.00602	0.01138	0.01807	0.02142	0.08033	0.07632	0.66863	0.02008	0.00937	0.00268	0.00402	0.01674	0.00736	0.00669
4	0.00966	0.00690	0.00920	0.01104	0.01150	0.00644	0.00736	0.01104	0.01518	0.02024	0.04371	0.71614	0.05245	0.02484	0.01012	0.00322	0.00460	0.02254	0.00736	0.00644
5	0.02874	0.02681	0.02225	0.01839	0.02363	0.26102	0.01458	0.36845	0.05826	0.03730	0.01754	0.01833	0.01313	0.00908	0.00754	0.00225	0.01036	0.00651	0.04423	0.01161
6	0.02160	0.01797	0.01899	0.01652	0.02134	0.02060	0.01301	0.15084	0.54576	0.03620	0.02989	0.02769	0.02227	0.01054	0.00804	0.00263	0.00672	0.00864	0.00804	0.01272
7	0.77733	0.01534	0.01166	0.01043	0.01534	0.01779	0.00859	0.02331	0.01350	0.03558	0.01104	0.01288	0.00859	0.00736	0.00491	0.00245	0.00613	0.00429	0.00491	0.00859
8	0.00970	0.00706	0.00914	0.01070	0.01144	0.00651	0.00723	0.01124	0.01577	0.02084	0.07301	0.62536	0.11478	0.02401	0.01002	0.00314	0.00451	0.02163	0.00742	0.00651
9	0.01948	0.01869	0.03192	0.06981	0.65189	0.01880	0.02426	0.02420	0.01799	0.02572	0.01489	0.01968	0.01250	0.00709	0.00785	0.00236	0.00946	0.00706	0.00391	0.01244
10	0.01619	0.07769	0.64604	0.02212	0.03357	0.01911	0.02846	0.02504	0.01671	0.02477	0.01406	0.01653	0.01005	0.00749	0.00740	0.00247	0.01155	0.00577	0.00335	0.01164
11	0.02094	0.69227	0.07308	0.01401	0.02104	0.03074	0.01434	0.02381	0.01614	0.01898	0.01118	0.01292	0.01017	0.00682	0.00521	0.00174	0.00864	0.00432	0.00339	0.01025
12	0.01498	0.01409	0.02378	0.70226	0.05462	0.01762	0.02202	0.02026	0.01586	0.02026	0.01409	0.02114	0.01057	0.00793	0.00793	0.00264	0.01057	0.00705	0.00352	0.00881
13	0.01071	0.00819	0.01006	0.01115	0.01302	0.00755	0.00884	0.01319	0.01750	0.02202	0.05790	0.22297	0.29956	0.02182	0.01013	0.00316	0.00537	0.24264	0.00734	0.00686
14	0.03014	0.02221	0.02380	0.01825	0.02459	0.02459	0.01507	0.64541	0.03728	0.04998	0.01904	0.01904	0.01349	0.00952	0.00793	0.00238	0.00873	0.00714	0.00793	0.01349
15	0.01406	0.01155	0.01249	0.01171	0.01484	0.01188	0.00891	0.05556	0.22241	0.02803	0.14134	0.11697	0.28636	0.01646	0.00895	0.00269	0.00500	0.01397	0.00781	0.00900
16	0.01077	0.00809	0.00998	0.00950	0.01157	0.00729	0.00713	0.01409	0.02138	0.02928	0.52495	0.06338	0.21911	0.01715	0.00936	0.00254	0.00381	0.01492	0.00840	0.00729
17	0.02936	0.03441	0.02254	0.01991	0.02439	0.55280	0.01518	0.13634	0.04745	0.02509	0.01412	0.01565	0.01127	0.00849	0.00732	0.00212	0.01307	0.00559	0.00488	0.01004
18	0.00966	0.00690	0.00920	0.01104	0.01150	0.00644	0.00736	0.01104	0.01518	0.02024	0.04371	0.71614	0.05245	0.02484	0.01012	0.00322	0.00460	0.02254	0.00736	0.00644
19	0.00939	0.00797	0.00810	0.00819	0.01075	0.00668	0.00610	0.01136	0.01792	0.02136	0.07837	0.11056	0.63565	0.02034	0.00941	0.00271	0.00405	0.01705	0.00736	0.00668
20	0.00966	0.00690	0.00920	0.01104	0.01150	0.00644	0.00736	0.01104	0.01518	0.02024	0.04371	0.71614	0.05245	0.02484	0.01012	0.00322	0.00460	0.02254	0.00736	0.00644
21	0.02985	0.02093	0.02279	0.01766	0.02384	0.02291	0.01453	0.53659	0.08551	0.11118	0.02132	0.02068	0.01496	0.00965	0.00795	0.00241	0.00833	0.00737	0.00813	0.01341
22	0.01972	0.01703	0.01793	0.01614	0.02062	0.01972	0.01255	0.04214	0.65752	0.03317	0.03228	0.02959	0.02421	0.01076	0.00807	0.00269	0.00628	0.00897	0.00807	0.01255
23	0.00979	0.00696	0.00916	0.01088	0.01130	0.00653	0.00718	0.01108	0.01493	0.01991	0.04241	0.67028	0.05082	0.07292	0.01221	0.00353	0.00481	0.02178	0.00718	0.00633
24	0.01923	0.01995	0.03857	0.04201	0.39645	0.01937	0.29463	0.02480	0.01834	0.02569	0.01541	0.02040	0.01233	0.00690	0.00851	0.00249	0.01115	0.00807	0.00396	0.01175
