[name]
unknown

[dist]
# distance from previous block
# <min> <max>
0	1

[block]
# block no. 0 follows, 24 sequences, length 8
# corresponding to MSA columns:
# 1-8
name=unknown_A
#
# <colnr> <probs for GDERKNQSTAVLIFYWHMCP>
#	G	D	E	R	K	N	Q	S	T	A	V	L	I	F	Y	W	H	M	C	P
0	0.01278	0.00913	0.01278	0.01460	0.01643	0.00913	0.01278	0.01643	0.01825	0.02373	0.04199	0.08945	0.04564	0.02191	0.01095	0.00365	0.00730	0.61847	0.00730	0.00730
1	0.03073	0.02127	0.02321	0.01780	0.02412	0.02319	0.01470	0.57968	0.03570	0.11793	0.02036	0.01990	0.01415	0.00955	0.00794	0.00239	0.00851	0.00723	0.00814	0.01349
2	0.01460	0.00862	0.01130	0.01130	0.01325	0.00776	0.00805	0.01663	0.01726	0.12845	0.12394	0.43307	0.04630	0.06051	0.01116	0.00313	0.00509	0.01732	0.00763	0.05462
3	0.01009	0.00719	0.00953	0.01107	0.01172	0.00677	0.00761	0.01176	0.01582	0.02121	0.09541	0.58654	0.05273	0.05784	0.01158	0.00341	0.00486	0.06100	0.00735	0.00651
4	0.01009	0.00715	0.00939	0.01102	0.01152	0.00677	0.00745	0.01147	0.01498	0.01994	0.04147	0.59712	0.04930	0.10350	0.01360	0.00376	0.00514	0.06294	0.00707	0.00632
5	0.01031	0.00854	0.00911	0.00902	0.01163	0.00756	0.00688	0.01364	0.04996	0.02359	0.15999	0.07223	0.52221	0.01916	0.00938	0.00270	0.00425	0.04512	0.00759	0.00712
6	0.02680	0.01515	0.01778	0.01425	0.01922	0.01529	0.01146	0.23200	0.06316	0.26955	0.08853	0.03200	0.06203	0.05248	0.00997	0.00274	0.00686	0.00905	0.03998	0.01172
7	0.01196	0.00835	0.00992	0.01011	0.01131	0.00796	0.00674	0.03763	0.01553	0.02150	0.06994	0.30923	0.06377	0.25667	0.01959	0.00441	0.00574	0.01534	0.06272	0.05156

[dist]
# distance from previous block
# <min> <max>
5	9

[block]
# block no. 1 follows, 24 sequences, length 60
# corresponding to MSA columns:
# 18-77
name=unknown_B
#
# <colnr> <probs for GDERKNQSTAVLIFYWHMCP>
#	G	D	E	R	K	N	Q	S	T	A	V	L	I	F	Y	W	H	M	C	P
0	0.01158	0.00767	0.01007	0.01067	0.01183	0.00713	0.00742	0.01370	0.01764	0.05584	0.24404	0.42050	0.05636	0.07254	0.01199	0.00328	0.00465	0.01836	0.00774	0.00700
1	0.01798	0.01157	0.01375	0.01282	0.01537	0.01175	0.00945	0.17489	0.02127	0.09739	0.03361	0.37457	0.03554	0.08797	0.01217	0.00332	0.00615	0.01543	0.03617	0.00885
2	0.05229	0.00936	0.01059	0.03799	0.01346	0.00961	0.00774	0.04578	0.04987	0.02848	0.15993	0.03784	0.09149	0.01370	0.00985	0.08846	0.00485	0.00955	0.31161	0.00755
3	0.01096	0.00780	0.00940	0.00970	0.01118	0.00709	0.00676	0.01292	0.01736	0.04078	0.20118	0.26620	0.21763	0.12741	0.01429	0.00356	0.00477	0.01693	0.00737	0.00671
4	0.01154	0.00849	0.00961	0.00968	0.01191	0.00767	0.00705	0.01460	0.05057	0.05518	0.12366	0.21972	0.37367	0.04688	0.01061	0.00297	0.00452	0.01683	0.00756	0.00728
5	0.01339	0.00839	0.00954	0.00937	0.01016	0.00838	0.00589	0.04111	0.01416	0.04206	0.02725	0.12442	0.02946	0.48811	0.02959	0.00596	0.00680	0.01195	0.10797	0.00602
6	0.01498	0.01409	0.02378	0.70226	0.05462	0.01762	0.02202	0.02026	0.01586	0.02026	0.01409	0.02114	0.01057	0.00793	0.00793	0.00264	0.01057	0.00705	0.00352	0.00881
7	0.01377	0.00689	0.01033	0.01033	0.01033	0.00689	0.00689	0.01033	0.01033	0.01377	0.01377	0.02410	0.01377	0.02755	0.03099	0.76928	0.00689	0.00689	0.00344	0.00344
8	0.00994	0.00719	0.00895	0.01023	0.01091	0.00668	0.00675	0.01117	0.01496	0.01959	0.04554	0.51751	0.13229	0.14121	0.01510	0.00390	0.00504	0.01990	0.00693	0.00620
9	0.07171	0.00881	0.00989	0.00958	0.01189	0.00820	0.00710	0.01489	0.01840	0.05759	0.24197	0.10861	0.27623	0.08965	0.01222	0.00317	0.00474	0.03068	0.00744	0.00722
10	0.01637	0.01031	0.01040	0.06680	0.01463	0.04505	0.00793	0.05144	0.01793	0.02930	0.02382	0.02752	0.01863	0.00909	0.00595	0.00195	0.00509	0.00723	0.62267	0.00792
11	0.02115	0.01759	0.02093	0.19370	0.03040	0.02042	0.01564	0.18980	0.33434	0.03411	0.02422	0.02473	0.01796	0.00971	0.00800	0.00260	0.00801	0.00801	0.00686	0.01182
12	0.00966	0.00690	0.00920	0.01104	0.01150	0.00644	0.00736	0.01104	0.01518	0.02024	0.04371	0.71614	0.05245	0.02484	0.01012	0.00322	0.00460	0.02254	0.00736	0.00644
13	0.03437	0.01323	0.01801	0.01390	0.01983	0.01145	0.01145	0.03747	0.02268	0.64523	0.06294	0.02859	0.02237	0.01013	0.00804	0.00246	0.00660	0.00829	0.00976	0.01320
14	0.01109	0.00810	0.01041	0.00983	0.01176	0.00742	0.00738	0.01470	0.02213	0.03104	0.62446	0.06049	0.11850	0.01650	0.00935	0.00251	0.00376	0.01452	0.00863	0.00742
15	0.01585	0.01501	0.02525	0.56896	0.16017	0.01803	0.02228	0.02093	0.01612	0.02120	0.01413	0.02077	0.01091	0.00796	0.00846	0.00262	0.03126	0.00705	0.00359	0.00945
16	0.01312	0.00853	0.01021	0.00997	0.01070	0.00868	0.00635	0.03745	0.01348	0.04651	0.02620	0.10473	0.02878	0.52054	0.11515	0.00749	0.00909	0.01179	0.00530	0.00594
17	0.01158	0.00763	0.00862	0.00871	0.00882	0.00761	0.00497	0.01182	0.01195	0.01627	0.02599	0.08490	0.02965	0.65304	0.03722	0.00719	0.00735	0.01191	0.03975	0.00501
18	0.01871	0.01806	0.03251	0.13936	0.06620	0.01998	0.26192	0.05075	0.01726	0.05357	0.01532	0.02087	0.01220	0.01163	0.04692	0.00333	0.18910	0.00804	0.00424	0.01003
19	0.02455	0.08604	0.02234	0.01783	0.05141	0.06442	0.01376	0.15917	0.32355	0.11371	0.02540	0.02411	0.01872	0.00968	0.00768	0.00245	0.00770	0.00769	0.00737	0.01241
20	0.02334	0.01255	0.01756	0.01783	0.11317	0.01172	0.01206	0.02816	0.06331	0.30469	0.26033	0.03780	0.03896	0.01180	0.00846	0.00247	0.00602	0.01022	0.00844	0.01111
21	0.00980	0.00696	0.00916	0.01087	0.01129	0.00653	0.00717	0.01108	0.01491	0.01988	0.04233	0.66728	0.05071	0.07607	0.01235	0.00355	0.00483	0.02173	0.00717	0.00632
22	0.06516	0.03459	0.02302	0.02308	0.09595	0.58209	0.01599	0.03044	0.02154	0.02092	0.01249	0.01482	0.01040	0.00801	0.00712	0.00210	0.01336	0.00528	0.00411	0.00954
23	0.03479	0.01367	0.01838	0.01421	0.02026	0.01206	0.01170	0.03882	0.05427	0.64530	0.03133	0.02712	0.01986	0.00986	0.00798	0.00247	0.00672	0.00802	0.00973	0.01345
24	0.01870	0.25059	0.42913	0.01955	0.02921	0.04856	0.02329	0.05277	0.01769	0.02402	0.01338	0.01551	0.01025	0.00742	0.00679	0.00224	0.01069	0.00539	0.00360	0.01123
25	0.00966	0.00690	0.00920	0.01104	0.01150	0.00644	0.00736	0.01104	0.01518	0.02024	0.04371	0.71614	0.05245	0.02484	0.01012	0.00322	0.00460	0.02254	0.00736	0.00644
26	0.02002	0.01948	0.03106	0.04587	0.61258	0.04476	0.02337	0.02556	0.05190	0.02604	0.01573	0.01995	0.01308	0.00730	0.00784	0.00236	0.00944	0.00709	0.00415	0.01243
27	0.00946	0.00804	0.00816	0.00813	0.01077	0.00673	0.00610	0.01156	0.01829	0.02193	0.10912	0.07548	0.63952	0.01989	0.00937	0.00267	0.00400	0.01662	0.00743	0.00673
28	0.09177	0.01977	0.02968	0.07481	0.50701	0.06806	0.04611	0.02462	0.01787	0.02604	0.01436	0.01874	0.01189	0.00720	0.00758	0.00237	0.00968	0.00675	0.00401	0.01168
29	0.02972	0.02200	0.02356	0.01816	0.02443	0.02439	0.01497	0.62097	0.06241	0.04930	0.01957	0.01947	0.01392	0.00957	0.00794	0.00239	0.00863	0.00721	0.00794	0.01345
30	0.01115	0.00800	0.01037	0.00994	0.01159	0.00743	0.00728	0.01447	0.02120	0.02988	0.58215	0.09896	0.07007	0.06860	0.01168	0.00292	0.00408	0.01464	0.00836	0.00722
31	0.77733	0.01534	0.01166	0.01043	0.01534	0.01779	0.00859	0.02331	0.01350	0.03558	0.01104	0.01288	0.00859	0.00736	0.00491	0.00245	0.00613	0.00429	0.00491	0.00859
32	0.00993	0.00701	0.00912	0.01070	0.01109	0.00662	0.00699	0.01111	0.01466	0.01955	0.04102	0.62096	0.04906	0.12464	0.01445	0.00386	0.00504	0.02097	0.00699	0.00621
33	0.01142	0.00764	0.00868	0.00880	0.00882	0.00761	0.00496	0.01150	0.01176	0.01567	0.02613	0.09261	0.03028	0.67862	0.03851	0.00741	0.00750	0.01221	0.00496	0.00491
34	0.03014	0.02221	0.02380	0.01825	0.02459	0.02459	0.01507	0.64541	0.03728	0.04998	0.01904	0.01904	0.01349	0.00952	0.00793	0.00238	0.00873	0.00714	0.00793	0.01349
35	0.01085	0.00797	0.01016	0.00986	0.01168	0.00728	0.00730	0.01414	0.02119	0.02941	0.53521	0.12811	0.14223	0.01754	0.00943	0.00259	0.00386	0.01546	0.00843	0.00728
36	0.01942	0.02006	0.03341	0.21876	0.09993	0.06923	0.26087	0.07686	0.01919	0.02516	0.01492	0.02011	0.01153	0.00800	0.00988	0.00263	0.06778	0.00780	0.00416	0.01031
37	0.77733	0.01534	0.01166	0.01043	0.01534	0.01779	0.00859	0.02331	0.01350	0.03558	0.01104	0.01288	0.00859	0.00736	0.00491	0.00245	0.00613	0.00429	0.00491	0.00859
38	0.01043	0.00807	0.00950	0.00914	0.01136	0.00714	0.00686	0.01343	0.02057	0.02735	0.41567	0.06656	0.32960	0.01787	0.00936	0.00257	0.00386	0.01537	0.00814	0.00714
39	0.02780	0.02074	0.02311	0.04526	0.04701	0.02286	0.01510	0.55345	0.03470	0.04666	0.06641	0.02210	0.01785	0.00987	0.00803	0.00240	0.00845	0.00766	0.00768	0.01283
40	0.01010	0.00787	0.00918	0.00926	0.01126	0.00694	0.00679	0.01264	0.01920	0.02505	0.29074	0.17819	0.34546	0.01946	0.00949	0.00270	0.00401	0.01683	0.00787	0.00694
41	0.01864	0.02084	0.04373	0.03314	0.07810	0.02039	0.54476	0.02473	0.01804	0.02482	0.01543	0.02089	0.01191	0.00740	0.01087	0.00273	0.08002	0.00898	0.00395	0.01061
42	0.01153	0.00769	0.00865	0.00865	0.00865	0.00769	0.00480	0.01153	0.01153	0.01538	0.02499	0.05189	0.02883	0.72131	0.04036	0.00769	0.00769	0.01153	0.00480	0.00480
43	0.01633	0.01649	0.02736	0.02227	0.02445	0.02001	0.17525	0.01933	0.01427	0.02082	0.01703	0.11661	0.01715	0.01581	0.05209	0.00369	0.39822	0.00981	0.00419	0.00880
44	0.01738	0.01491	0.01822	0.01309	0.02014	0.01185	0.03750	0.05854	0.01782	0.02730	0.01448	0.01682	0.01186	0.00613	0.00615	0.00131	0.00638	0.00505	0.00487	0.69018
45	0.01817	0.02042	0.04366	0.03160	0.03881	0.01955	0.57752	0.02432	0.01819	0.02481	0.01721	0.05777	0.01408	0.00801	0.01025	0.00274	0.04843	0.00993	0.00416	0.01037
46	0.01742	0.01755	0.02541	0.02145	0.02184	0.02408	0.04847	0.01940	0.01247	0.01940	0.01069	0.01755	0.01049	0.01352	0.02519	0.00343	0.67231	0.00706	0.00350	0.00878
47	0.01919	0.01657	0.01742	0.01572	0.02011	0.01906	0.01222	0.04056	0.62476	0.03257	0.03474	0.03198	0.05722	0.01124	0.00814	0.00269	0.00616	0.00936	0.00803	0.01225
48	0.00974	0.00696	0.00927	0.01099	0.01152	0.00650	0.00737	0.01125	0.01556	0.02085	0.07657	0.68154	0.05363	0.02439	0.01008	0.00318	0.00456	0.02211	0.00743	0.00650
49	0.01590	0.04102	0.68023	0.02260	0.03432	0.01842	0.02930	0.02511	0.01674	0.02511	0.01423	0.01674	0.01005	0.00753	0.00753	0.00251	0.01172	0.00586	0.00335	0.01172
50	0.00937	0.00803	0.00803	0.00803	0.01071	0.00669	0.00602	0.01138	0.01807	0.02142	0.08033	0.07632	0.66863	0.02008	0.00937	0.00268	0.00402	0.01674	0.00736	0.00669
51	0.02120	0.72609	0.04155	0.01357	0.02035	0.03138	0.01357	0.02374	0.01611	0.01866	0.01102	0.01272	0.01018	0.00678	0.00509	0.00170	0.00848	0.00424	0.00339	0.01018
52	0.01749	0.01589	0.02559	0.52041	0.11933	0.01870	0.04491	0.09733	0.01883	0.02472	0.01486	0.02072	0.01120	0.00798	0.00797	0.00258	0.01032	0.00715	0.00413	0.00987
53	0.00947	0.00800	0.00819	0.00823	0.01079	0.00672	0.00614	0.01153	0.01817	0.02185	0.10591	0.09845	0.61938	0.02008	0.00940	0.00269	0.00402	0.01683	0.00743	0.00672
54	0.01377	0.00689	0.01033	0.01033	0.01033	0.00689	0.00689	0.01033	0.01033	0.01377	0.01377	0.02410	0.01377	0.02755	0.03099	0.76928	0.00689	0.00689	0.00344	0.00344
55	0.00938	0.00799	0.00808	0.00816	0.01074	0.00668	0.00608	0.01137	0.01796	0.02137	0.07882	0.10266	0.64326	0.02028	0.00940	0.00270	0.00404	0.01697	0.00736	0.00668
56	0.03014	0.02221	0.02380	0.01825	0.02459	0.02459	0.01507	0.64541	0.03728	0.04998	0.01904	0.01904	0.01349	0.00952	0.00793	0.00238	0.00873	0.00714	0.00793	0.01349
57	0.02938	0.02148	0.02298	0.01771	0.02383	0.02374	0.01460	0.61431	0.03626	0.04896	0.01938	0.01956	0.01382	0.00951	0.00781	0.00235	0.00848	0.00715	0.04550	0.01318
58	0.01925	0.01846	0.03151	0.10098	0.62245	0.01874	0.02415	0.02401	0.01788	0.02545	0.01485	0.01975	0.01240	0.00713	0.00786	0.00238	0.00951	0.00706	0.00389	0.01226
59	0.00995	0.00714	0.00923	0.01059	0.01126	0.00666	0.00709	0.01147	0.01571	0.02099	0.10299	0.56693	0.08316	0.08180	0.01253	0.00350	0.00475	0.02056	0.00728	0.00642

[dist]
# distance from previous block
# <min> <max>
0	6

[block]
# block no. 2 follows, 24 sequences, length 23
# corresponding to MSA columns:
# 84-106
name=unknown_C
#
# <colnr> <probs for GDERKNQSTAVLIFYWHMCP>
#	G	D	E	R	K	N	Q	S	T	A	V	L	I	F	Y	W	H	M	C	P
0	0.01535	0.01448	0.02446	0.64972	0.10423	0.01772	0.02221	0.02059	0.01603	0.02071	0.01416	0.02102	0.01073	0.00786	0.00792	0.00262	0.01048	0.00705	0.00356	0.00911
1	0.01189	0.00825	0.01152	0.01152	0.01287	0.00931	0.00875	0.01459	0.01324	0.01986	0.02232	0.03286	0.02075	0.11409	0.52194	0.01057	0.01723	0.00861	0.12294	0.00691
2	0.00966	0.00690	0.00920	0.01104	0.01150	0.00644	0.00736	0.01104	0.01518	0.02024	0.04371	0.71614	0.05245	0.02484	0.01012	0.00322	0.00460	0.02254	0.00736	0.00644
3	0.11859	0.01370	0.01765	0.01370	0.01969	0.01234	0.01131	0.03693	0.02167	0.60552	0.02902	0.02541	0.01839	0.00954	0.00763	0.00245	0.00668	0.00756	0.00927	0.01295
4	0.00981	0.00696	0.00916	0.01085	0.01127	0.00654	0.00716	0.01108	0.01489	0.01985	0.04221	0.66317	0.05056	0.08039	0.01253	0.00358	0.00485	0.02167	0.00716	0.00631
5	0.01478	0.00739	0.00739	0.00739	0.00924	0.00739	0.00554	0.01848	0.01663	0.02956	0.02587	0.02956	0.02033	0.00924	0.00554	0.00185	0.00370	0.00739	0.76534	0.00739
6	0.01102	0.00810	0.01031	0.00976	0.01172	0.00739	0.00732	0.01456	0.02196	0.03064	0.60193	0.06115	0.14128	0.01664	0.00935	0.00251	0.00377	0.01461	0.00858	0.00739
7	0.77733	0.01534	0.01166	0.01043	0.01534	0.01779	0.00859	0.02331	0.01350	0.03558	0.01104	0.01288	0.00859	0.00736	0.00491	0.00245	0.00613	0.00429	0.00491	0.00859
8	0.01699	0.18177	0.54901	0.02075	0.03145	0.02108	0.02607	0.02483	0.01661	0.02379	0.01357	0.01592	0.01007	0.00738	0.00703	0.00234	0.01105	0.00553	0.00336	0.01140
9	0.02174	0.01742	0.01861	0.01626	0.02104	0.01983	0.01279	0.10946	0.55397	0.06969	0.03074	0.02827	0.02276	0.01057	0.00805	0.00264	0.00658	0.00871	0.00815	0.01271
10	0.01467	0.01368	0.02295	0.66289	0.05216	0.01698	0.02119	0.01974	0.01582	0.02026	0.01578	0.06073	0.01296	0.00889	0.00805	0.00268	0.01023	0.00793	0.00374	0.00867
11	0.01080	0.00809	0.01001	0.00953	0.01159	0.00730	0.00715	0.01414	0.02144	0.02941	0.53271	0.06316	0.21127	0.01710	0.00936	0.00254	0.00380	0.01489	0.00842	0.00730
12	0.01498	0.01409	0.02378	0.70226	0.05462	0.01762	0.02202	0.02026	0.01586	0.02026	0.01409	0.02114	0.01057	0.00793	0.00793	0.00264	0.01057	0.00705	0.00352	0.00881
13	0.01107	0.00783	0.00891	0.00879	0.00966	0.00746	0.00556	0.01217	0.01488	0.01971	0.16050	0.05791	0.15786	0.45242	0.02851	0.00574	0.00623	0.01306	0.00605	0.00568
14	0.02180	0.67676	0.04019	0.01406	0.02065	0.07854	0.01369	0.02431	0.01657	0.01871	0.01111	0.01283	0.01018	0.00688	0.00524	0.00172	0.00890	0.00430	0.00344	0.01011
15	0.00966	0.00690	0.00920	0.01104	0.01150	0.00644	0.00736	0.01104	0.01518	0.02024	0.04371	0.71614	0.05245	0.02484	0.01012	0.00322	0.00460	0.02254	0.00736	0.00644
16	0.01816	0.02029	0.04259	0.03101	0.03779	0.01992	0.54450	0.02405	0.01782	0.02446	0.01665	0.05211	0.01366	0.00830	0.01126	0.00279	0.09058	0.00968	0.00410	0.01028
17	0.02277	0.05012	0.24162	0.01783	0.02529	0.01672	0.04116	0.09852	0.08471	0.19998	0.09814	0.02600	0.02207	0.00964	0.00794	0.00247	0.00854	0.00794	0.00668	0.01187
18	0.01797	0.01405	0.01660	0.01193	0.01891	0.01066	0.00958	0.02146	0.01694	0.07780	0.01547	0.01728	0.01237	0.00619	0.00604	0.00128	0.00594	0.00496	0.00511	0.70948
19	0.01108	0.00824	0.01148	0.01409	0.05947	0.00789	0.00930	0.01315	0.01620	0.02178	0.08599	0.48421	0.04889	0.05993	0.01166	0.00341	0.00547	0.11368	0.00707	0.00700
20	0.14984	0.08949	0.02428	0.22522	0.11945	0.10109	0.01711	0.11379	0.04019	0.02806	0.01446	0.01784	0.01128	0.00795	0.00704	0.00237	0.00950	0.00615	0.00465	0.01026
21	0.01714	0.01470	0.01906	0.09395	0.02400	0.01284	0.04708	0.06937	0.01781	0.02633	0.01538	0.02002	0.01299	0.05772	0.00895	0.00199	0.00721	0.00592	0.00479	0.52276
22	0.01468	0.01301	0.02134	0.13838	0.02671	0.01360	0.13875	0.06284	0.03919	0.02548	0.12072	0.26380	0.03516	0.01505	0.00975	0.00283	0.02999	0.01393	0.00615	0.00864

[dist]
# distance from previous block
# <min> <max>
1	5

[block]
# block no. 3 follows, 24 sequences, length 9
# corresponding to MSA columns:
# 112-120
name=unknown_D
#
# <colnr> <probs for GDERKNQSTAVLIFYWHMCP>
#	G	D	E	R	K	N	Q	S	T	A	V	L	I	F	Y	W	H	M	C	P
0	0.07585	0.09847	0.02448	0.10227	0.08422	0.12050	0.01560	0.27624	0.02563	0.03411	0.01607	0.01818	0.01229	0.00845	0.00715	0.00226	0.00933	0.00633	0.05143	0.01115
1	0.02142	0.09134	0.02514	0.01930	0.02122	0.11543	0.01607	0.02342	0.01512	0.09072	0.01300	0.01751	0.01136	0.01193	0.01934	0.00298	0.46451	0.00653	0.00424	0.00942
2	0.50538	0.10478	0.10397	0.01351	0.01944	0.09428	0.01264	0.02453	0.01523	0.03042	0.01159	0.01353	0.00915	0.00741	0.00552	0.00233	0.00805	0.00458	0.00443	0.00925
3	0.22659	0.02142	0.14567	0.02958	0.30225	0.01768	0.01957	0.02580	0.01709	0.10094	0.01556	0.01808	0.01180	0.00754	0.00701	0.00242	0.00866	0.00619	0.00474	0.01143
4	0.06747	0.14474	0.09418	0.02677	0.22031	0.14629	0.01838	0.05183	0.10810	0.02590	0.01603	0.01812	0.01288	0.00790	0.00707	0.00225	0.00974	0.00620	0.00460	0.01124
5	0.06754	0.01584	0.01803	0.01596	0.05313	0.01634	0.01196	0.26157	0.05838	0.07089	0.09621	0.10490	0.06511	0.01201	0.00800	0.00239	0.00675	0.00991	0.00727	0.09780
6	0.27580	0.01668	0.01992	0.12383	0.10739	0.01867	0.01474	0.13007	0.04367	0.11533	0.01669	0.01870	0.01231	0.00856	0.00787	0.00252	0.04444	0.00633	0.00575	0.01073
7	0.05896	0.01726	0.02874	0.08915	0.40672	0.01761	0.08804	0.02413	0.05751	0.02704	0.08853	0.02460	0.01979	0.00835	0.00804	0.00245	0.00894	0.00809	0.00475	0.01129
8	0.04239	0.01112	0.01260	0.01167	0.01485	0.01071	0.00877	0.05408	0.10853	0.02671	0.10895	0.22578	0.14326	0.03247	0.00931	0.00267	0.00528	0.02775	0.00705	0.13605

[dist]
# distance from previous block
# <min> <max>
0	2

[block]
# block no. 4 follows, 24 sequences, length 41
# corresponding to MSA columns:
# 123-163
name=unknown_E
#
# <colnr> <probs for GDERKNQSTAVLIFYWHMCP>
#	G	D	E	R	K	N	Q	S	T	A	V	L	I	F	Y	W	H	M	C	P
0	0.02901	0.02564	0.07272	0.01885	0.02531	0.11041	0.01617	0.51937	0.03383	0.04415	0.01780	0.01825	0.01280	0.00920	0.00780	0.00235	0.00967	0.00678	0.00709	0.01280
1	0.01921	0.01520	0.01755	0.01275	0.01966	0.01257	0.01029	0.10774	0.01962	0.05838	0.01555	0.01728	0.01234	0.00656	0.00625	0.00140	0.00631	0.00518	0.00538	0.63078
2	0.02467	0.01748	0.02272	0.07029	0.14334	0.01903	0.01605	0.15678	0.18707	0.16994	0.02330	0.02357	0.01695	0.00967	0.00931	0.00257	0.06014	0.00775	0.00699	0.01239
3	0.01979	0.01585	0.01709	0.01659	0.04753	0.06565	0.01245	0.03252	0.33597	0.09513	0.10212	0.06636	0.03180	0.01297	0.00859	0.00273	0.00685	0.09141	0.00771	0.01089
4	0.01012	0.00749	0.01035	0.06298	0.01476	0.00732	0.00847	0.01188	0.01551	0.02068	0.06512	0.63900	0.05015	0.02324	0.00993	0.00315	0.00502	0.02107	0.00712	0.00666
5	0.01657	0.01492	0.02343	0.47719	0.04362	0.01842	0.04124	0.06689	0.01708	0.02319	0.01489	0.02108	0.01155	0.00896	0.01041	0.00268	0.11049	0.00715	0.06115	0.00910
6	0.01143	0.00765	0.00902	0.00920	0.00956	0.00763	0.00563	0.01220	0.01310	0.01803	0.07516	0.13072	0.03424	0.51476	0.06776	0.00675	0.00756	0.01272	0.04145	0.00545
7	0.00988	0.00699	0.00914	0.01077	0.01117	0.00658	0.00707	0.01110	0.01476	0.01969	0.04156	0.64005	0.04974	0.10462	0.01359	0.00373	0.00495	0.02128	0.00707	0.00625
8	0.02859	0.02115	0.02262	0.01748	0.02355	0.02325	0.01440	0.59799	0.03585	0.04784	0.02362	0.02332	0.06248	0.01031	0.00804	0.00240	0.00837	0.00786	0.00789	0.01298
9	0.01872	0.02139	0.04679	0.03342	0.04144	0.02005	0.64305	0.02540	0.01872	0.02540	0.01604	0.02139	0.01203	0.00668	0.00936	0.00267	0.01337	0.00936	0.00401	0.01070
10	0.00981	0.00701	0.00937	0.01121	0.01174	0.00657	0.00762	0.01130	0.01533	0.02041	0.04362	0.68642	0.05212	0.02470	0.01016	0.00324	0.00473	0.05081	0.00736	0.00648
11	0.00986	0.00706	0.00938	0.01090	0.01155	0.00658	0.00738	0.01155	0.01612	0.02174	0.12428	0.63132	0.05534	0.02373	0.01002	0.00313	0.00449	0.02148	0.00754	0.00658
12	0.03014	0.02221	0.02380	0.01825	0.02459	0.02459	0.01507	0.64541	0.03728	0.04998	0.01904	0.01904	0.01349	0.00952	0.00793	0.00238	0.00873	0.00714	0.00793	0.01349
13	0.01122	0.00756	0.00874	0.00905	0.00913	0.00748	0.00524	0.01145	0.01215	0.01620	0.02814	0.16388	0.03281	0.60389	0.03526	0.00693	0.00717	0.01339	0.00524	0.00508
14	0.01735	0.01735	0.02429	0.02082	0.02082	0.02429	0.01735	0.01908	0.01214	0.01908	0.01041	0.01735	0.01041	0.01388	0.02602	0.00347	0.70680	0.00694	0.00347	0.00867
15	0.01075	0.00813	0.00910	0.00894	0.01129	0.00706	0.00662	0.01312	0.01891	0.04454	0.22118	0.11433	0.43702	0.04082	0.01033	0.00282	0.00419	0.01610	0.00770	0.00703
16	0.08133	0.22496	0.06342	0.01657	0.02322	0.02571	0.01493	0.38795	0.02836	0.03859	0.01589	0.01665	0.01199	0.00847	0.00687	0.00220	0.00863	0.00603	0.00616	0.01208
17	0.03014	0.02221	0.02380	0.01825	0.02459	0.02459	0.01507	0.64541	0.03728	0.04998	0.01904	0.01904	0.01349	0.00952	0.00793	0.00238	0.00873	0.00714	0.00793	0.01349
18	0.00971	0.00798	0.00855	0.00855	0.01096	0.00682	0.00636	0.01199	0.01867	0.02317	0.18089	0.11028	0.52924	0.01968	0.00941	0.00268	0.00400	0.01665	0.00760	0.00682
19	0.02966	0.03671	0.02256	0.02028	0.02452	0.64313	0.01530	0.07445	0.02350	0.02154	0.01273	0.01463	0.01044	0.00827	0.00720	0.00207	0.01391	0.00525	0.00435	0.00949
20	0.01096	0.00803	0.01028	0.00986	0.01172	0.00735	0.00734	0.01440	0.02162	0.03016	0.57660	0.09877	0.12917	0.01707	0.00940	0.00255	0.00382	0.01504	0.00852	0.00735
21	0.01233	0.00898	0.01215	0.01373	0.01567	0.00880	0.01188	0.01576	0.01823	0.02343	0.04707	0.08771	0.12820	0.02166	0.01074	0.00352	0.00687	0.53873	0.00731	0.00722
22	0.01122	0.00811	0.01060	0.00998	0.01185	0.00748	0.00748	0.01496	0.02245	0.03180	0.66766	0.05923	0.07482	0.01621	0.00935	0.00249	0.00374	0.01434	0.00873	0.00748
23	0.00977	0.00698	0.00930	0.01097	0.01153	0.00651	0.00737	0.01132	0.01569	0.02105	0.08720	0.67035	0.05401	0.02424	0.01007	0.00317	0.00454	0.02197	0.00746	0.00651
24	0.02962	0.03779	0.02247	0.02043	0.02451	0.68948	0.01532	0.03166	0.02247	0.01941	0.01226	0.01430	0.01021	0.00817	0.00715	0.00204	0.01430	0.00511	0.00409	0.00919
25	0.00977	0.00714	0.00922	0.01084	0.01163	0.00659	0.00744	0.01132	0.01567	0.02054	0.04807	0.61053	0.12681	0.02414	0.01007	0.00317	0.00465	0.04854	0.00736	0.00651
26	0.03038	0.01220	0.01647	0.01330	0.01823	0.01068	0.01058	0.03300	0.02087	0.54167	0.03243	0.11894	0.02461	0.06528	0.01069	0.00295	0.00654	0.01015	0.00912	0.01192
27	0.01000	0.00736	0.00986	0.01147	0.01191	0.00722	0.00780	0.01139	0.01505	0.02019	0.04225	0.68550	0.05060	0.02436	0.01082	0.00323	0.03539	0.02186	0.00719	0.00654
28	0.02540	0.01947	0.02123	0.01619	0.02261	0.02014	0.01323	0.41990	0.07441	0.04173	0.01851	0.01901	0.01372	0.00854	0.00734	0.00205	0.00772	0.00655	0.00699	0.23525
29	0.01590	0.04102	0.68023	0.02260	0.03432	0.01842	0.02930	0.02511	0.01674	0.02511	0.01423	0.01674	0.01005	0.00753	0.00753	0.00251	0.01172	0.00586	0.00335	0.01172
30	0.03014	0.02221	0.02380	0.01825	0.02459	0.02459	0.01507	0.64541	0.03728	0.04998	0.01904	0.01904	0.01349	0.00952	0.00793	0.00238	0.00873	0.00714	0.00793	0.01349
31	0.00966	0.00690	0.00920	0.01104	0.01150	0.00644	0.00736	0.01104	0.01518	0.02024	0.04371	0.71614	0.05245	0.02484	0.01012	0.00322	0.00460	0.02254	0.00736	0.00644
32	0.01377	0.00689	0.01033	0.01033	0.01033	0.00689	0.00689	0.01033	0.01033	0.01377	0.01377	0.02410	0.01377	0.02755	0.03099	0.76928	0.00689	0.00689	0.00344	0.00344
33	0.01706	0.01693	0.02374	0.02044	0.02050	0.02361	0.01700	0.01885	0.01217	0.01905	0.01092	0.01800	0.01086	0.01604	0.05745	0.00391	0.67434	0.00701	0.00351	0.00860
34	0.01278	0.00913	0.01278	0.01460	0.01643	0.00913	0.01278	0.01643	0.01825	0.02373	0.04199	0.08945	0.04564	0.02191	0.01095	0.00365	0.00730	0.61847	0.00730	0.00730
35	0.01972	0.01703	0.01793	0.01614	0.02062	0.01972	0.01255	0.04214	0.65752	0.03317	0.03228	0.02959	0.02421	0.01076	0.00807	0.00269	0.00628	0.00897	0.00807	0.01255
36	0.01670	0.01229	0.01387	0.01247	0.01582	0.01261	0.00961	0.12378	0.14753	0.06608	0.19180	0.13263	0.18135	0.01566	0.00890	0.00265	0.00539	0.01334	0.00805	0.00948
37	0.02420	0.01806	0.01956	0.01649	0.02165	0.02019	0.01314	0.20469	0.42364	0.10507	0.02860	0.02647	0.02083	0.01033	0.00802	0.00258	0.00699	0.00837	0.00821	0.01290
38	0.55644	0.01479	0.01277	0.01105	0.01582	0.01655	0.00904	0.07578	0.01668	0.09459	0.01533	0.01667	0.01141	0.00799	0.00551	0.00238	0.00611	0.00524	0.09654	0.00930
39	0.00939	0.00795	0.00812	0.00826	0.01077	0.00668	0.00613	0.01135	0.01786	0.02133	0.07758	0.12443	0.62230	0.02044	0.00943	0.00272	0.00406	0.01717	0.00736	0.00668
40	0.01932	0.07531	0.01950	0.01581	0.02028	0.01989	0.01265	0.03868	0.55620	0.03126	0.03124	0.03269	0.02465	0.01127	0.00804	0.00268	0.00654	0.05440	0.00762	0.01196

[dist]
# distance from previous block
# <min> <max>
0	2

[block]
# block no. 5 follows, 24 sequences, length 24
# corresponding to MSA columns:
# 166-189
name=unknown_F
#
# <colnr> <probs for GDERKNQSTAVLIFYWHMCP>
#	G	D	E	R	K	N	Q	S	T	A	V	L	I	F	Y	W	H	M	C	P
0	0.00966	0.00690	0.00920	0.01104	0.01150	0.00644	0.00736	0.01104	0.01518	0.02024	0.04371	0.71614	0.05245	0.02484	0.01012	0.00322	0.00460	0.02254	0.00736	0.00644
1	0.02120	0.72609	0.04155	0.01357	0.02035	0.03138	0.01357	0.02374	0.01611	0.01866	0.01102	0.01272	0.01018	0.00678	0.00509	0.00170	0.00848	0.00424	0.00339	0.01018
2	0.01698	0.01591	0.02173	0.01864	0.01924	0.02143	0.01543	0.01905	0.01294	0.02077	0.01257	0.01886	0.01174	0.01287	0.02237	0.00314	0.58107	0.00688	0.10055	0.04782
3	0.01838	0.02040	0.04126	0.03032	0.03637	0.02109	0.48920	0.02385	0.01710	0.02385	0.01466	0.02040	0.01163	0.00845	0.01346	0.00287	0.18387	0.00876	0.00388	0.01020
4	0.05607	0.02079	0.02135	0.01684	0.02250	0.04729	0.01376	0.50570	0.06518	0.04539	0.01984	0.02022	0.01441	0.00942	0.00756	0.00233	0.00821	0.00707	0.08358	0.01248
5	0.02032	0.02016	0.03151	0.04671	0.62690	0.06541	0.02371	0.02485	0.01836	0.02546	0.01473	0.01926	0.01240	0.00714	0.00780	0.00233	0.00976	0.00693	0.00394	0.01233
6	0.05964	0.01470	0.02403	0.58857	0.12187	0.01777	0.02151	0.02090	0.01597	0.02178	0.01401	0.02049	0.01068	0.00780	0.00774	0.00260	0.01018	0.00689	0.00365	0.00922
7	0.00986	0.00704	0.00942	0.01126	0.01181	0.00661	0.00770	0.01138	0.01537	0.02046	0.04360	0.67720	0.05202	0.02466	0.01017	0.00325	0.00477	0.05957	0.00736	0.00649
8	0.10710	0.01408	0.01754	0.01370	0.01946	0.01316	0.01128	0.09039	0.02272	0.51731	0.02785	0.02504	0.01803	0.00951	0.00752	0.00241	0.00668	0.00750	0.05610	0.01263
9	0.01377	0.00689	0.01033	0.01033	0.01033	0.00689	0.00689	0.01033	0.01033	0.01377	0.01377	0.02410	0.01377	0.02755	0.03099	0.76928	0.00689	0.00689	0.00344	0.00344
10	0.02268	0.54851	0.06994	0.01545	0.02192	0.16734	0.01473	0.02546	0.01746	0.01914	0.01144	0.01325	0.01018	0.00711	0.00564	0.00181	0.00985	0.00450	0.00353	0.01005
11	0.01140	0.00763	0.00869	0.00882	0.00885	0.00760	0.00499	0.01150	0.01180	0.01573	0.02634	0.09985	0.03053	0.67104	0.03818	0.00737	0.00747	0.01233	0.00499	0.00492
12	0.02872	0.02151	0.02300	0.01796	0.02405	0.02393	0.01473	0.56316	0.12184	0.04769	0.02084	0.02048	0.01495	0.00969	0.00795	0.00242	0.00839	0.00739	0.00795	0.01336
13	0.01111	0.00802	0.01050	0.01005	0.01182	0.00741	0.00747	0.01468	0.02192	0.03097	0.62262	0.10666	0.07321	0.01683	0.00941	0.00255	0.00380	0.01493	0.00863	0.00741
14	0.74033	0.01568	0.01226	0.01082	0.01579	0.01813	0.00891	0.05412	0.01467	0.03629	0.01144	0.01319	0.00883	0.00747	0.00506	0.00245	0.00626	0.00443	0.00506	0.00883
15	0.01872	0.02139	0.04679	0.03342	0.04144	0.02005	0.64305	0.02540	0.01872	0.02540	0.01604	0.02139	0.01203	0.00668	0.00936	0.00267	0.01337	0.00936	0.00401	0.01070
16	0.00964	0.00698	0.00912	0.01084	0.01145	0.00646	0.00727	0.01106	0.01538	0.02032	0.04616	0.67334	0.09366	0.02453	0.01007	0.00318	0.00456	0.02215	0.00736	0.00646
17	0.03014	0.02221	0.02380	0.01825	0.02459	0.02459	0.01507	0.64541	0.03728	0.04998	0.01904	0.01904	0.01349	0.00952	0.00793	0.00238	0.00873	0.00714	0.00793	0.01349
18	0.03014	0.02221	0.02380	0.01825	0.02459	0.02459	0.01507	0.64541	0.03728	0.04998	0.01904	0.01904	0.01349	0.00952	0.00793	0.00238	0.00873	0.00714	0.00793	0.01349
19	0.01963	0.01884	0.03219	0.04867	0.67185	0.01884	0.02434	0.02434	0.01806	0.02591	0.01492	0.01963	0.01256	0.00707	0.00785	0.00236	0.00942	0.00707	0.00393	0.01256
20	0.01122	0.00811	0.01060	0.00998	0.01185	0.00748	0.00748	0.01496	0.02245	0.03180	0.66766	0.05923	0.07482	0.01621	0.00935	0.00249	0.00374	0.01434	0.00873	0.00748
21	0.00966	0.00690	0.00920	0.01104	0.01150	0.00644	0.00736	0.01104	0.01518	0.02024	0.04371	0.71614	0.05245	0.02484	0.01012	0.00322	0.00460	0.02254	0.00736	0.00644
22	0.01963	0.01884	0.03219	0.04867	0.67185	0.01884	0.02434	0.02434	0.01806	0.02591	0.01492	0.01963	0.01256	0.00707	0.00785	0.00236	0.00942	0.00707	0.00393	0.01256
23	0.03014	0.02221	0.02380	0.01825	0.02459	0.02459	0.01507	0.64541	0.03728	0.04998	0.01904	0.01904	0.01349	0.00952	0.00793	0.00238	0.00873	0.00714	0.00793	0.01349

[dist]
# distance from previous block
# <min> <max>
3	4

[block]
# block no. 6 follows, 24 sequences, length 54
# corresponding to MSA columns:
# 194-247
name=unknown_G
#
# <colnr> <probs for GDERKNQSTAVLIFYWHMCP>
#	G	D	E	R	K	N	Q	S	T	A	V	L	I	F	Y	W	H	M	C	P
0	0.02120	0.72609	0.04155	0.01357	0.02035	0.03138	0.01357	0.02374	0.01611	0.01866	0.01102	0.01272	0.01018	0.00678	0.00509	0.00170	0.00848	0.00424	0.00339	0.01018
1	0.01340	0.01146	0.01195	0.01135	0.01467	0.01169	0.00876	0.02314	0.25804	0.02593	0.06067	0.05934	0.40031	0.01666	0.00895	0.00272	0.00500	0.03942	0.00763	0.00892
2	0.01478	0.00739	0.00739	0.00739	0.00924	0.00739	0.00554	0.01848	0.01663	0.02956	0.02587	0.02956	0.02033	0.00924	0.00554	0.00185	0.00370	0.00739	0.76534	0.00739
3	0.00966	0.00690	0.00920	0.01104	0.01150	0.00644	0.00736	0.01104	0.01518	0.02024	0.04371	0.71614	0.05245	0.02484	0.01012	0.00322	0.00460	0.02254	0.00736	0.00644
4	0.03558	0.01350	0.01840	0.01411	0.02024	0.01166	0.01166	0.03865	0.02270	0.67734	0.03128	0.02699	0.01963	0.00981	0.00797	0.00245	0.00675	0.00797	0.00981	0.01350
5	0.01590	0.04102	0.68023	0.02260	0.03432	0.01842	0.02930	0.02511	0.01674	0.02511	0.01423	0.01674	0.01005	0.00753	0.00753	0.00251	0.01172	0.00586	0.00335	0.01172
6	0.01101	0.00794	0.01041	0.01012	0.01180	0.00734	0.00747	0.01442	0.02144	0.03019	0.58095	0.15053	0.07171	0.01741	0.00946	0.00260	0.00386	0.01548	0.00854	0.00734
7	0.03318	0.01735	0.02079	0.01594	0.02216	0.01737	0.01316	0.30664	0.02914	0.40025	0.02588	0.02348	0.01692	0.00968	0.00796	0.00242	0.00762	0.00761	0.00898	0.01349
8	0.00986	0.00701	0.00923	0.01083	0.01133	0.00657	0.00720	0.01126	0.01528	0.02046	0.07166	0.64186	0.05195	0.07011	0.01207	0.00348	0.00476	0.02144	0.00726	0.00638
9	0.14390	0.02219	0.02186	0.01720	0.02318	0.06716	0.01410	0.51042	0.03269	0.04578	0.01738	0.01779	0.01253	0.00910	0.00742	0.00237	0.00870	0.00657	0.00722	0.01246
10	0.00984	0.00703	0.00940	0.01124	0.01178	0.00659	0.00767	0.01135	0.01536	0.02044	0.04361	0.68079	0.05206	0.02468	0.01017	0.00324	0.00475	0.05615	0.00736	0.00649
11	0.01814	0.05608	0.01445	0.01225	0.01496	0.01032	0.00924	0.04888	0.01874	0.19125	0.08282	0.41282	0.04108	0.01846	0.00908	0.00283	0.00553	0.01629	0.00786	0.00890
12	0.00997	0.00714	0.00948	0.01083	0.01157	0.00665	0.00739	0.01182	0.01663	0.02254	0.16788	0.58541	0.05690	0.02313	0.00997	0.00308	0.00443	0.02091	0.00763	0.00665
13	0.02893	0.02226	0.02411	0.01859	0.02472	0.05434	0.04402	0.56144	0.03485	0.04655	0.01888	0.01938	0.01356	0.00931	0.00786	0.00236	0.00899	0.00716	0.03979	0.01290
14	0.77733	0.01534	0.01166	0.01043	0.01534	0.01779	0.00859	0.02331	0.01350	0.03558	0.01104	0.01288	0.00859	0.00736	0.00491	0.00245	0.00613	0.00429	0.00491	0.00859
15	0.02100	0.69995	0.06592	0.01391	0.02089	0.03088	0.01417	0.02380	0.01614	0.01890	0.01115	0.01287	0.01017	0.00681	0.00518	0.00173	0.00860	0.00430	0.00339	0.01024
16	0.01130	0.00815	0.01070	0.01019	0.01206	0.00756	0.00773	0.01503	0.02225	0.03142	0.63857	0.06064	0.07347	0.01648	0.00943	0.00255	0.00391	0.04243	0.00866	0.00747
17	0.07033	0.01891	0.02053	0.04165	0.02296	0.02090	0.01357	0.41703	0.10889	0.06918	0.06293	0.02347	0.01896	0.00992	0.00775	0.00242	0.00770	0.00771	0.04296	0.01224
18	0.05967	0.00758	0.00957	0.01121	0.01204	0.00733	0.00776	0.01215	0.01525	0.02144	0.04149	0.63380	0.04920	0.02354	0.00983	0.00320	0.00486	0.05625	0.00720	0.00663
19	0.01722	0.01455	0.01686	0.01211	0.01912	0.01136	0.00972	0.05524	0.01762	0.02720	0.01437	0.01659	0.01184	0.00608	0.00599	0.00124	0.00603	0.00484	0.00488	0.72714
20	0.10197	0.27614	0.34296	0.01741	0.02598	0.02219	0.02020	0.02361	0.01607	0.02373	0.01448	0.05586	0.01241	0.00827	0.00654	0.00226	0.00955	0.00610	0.00377	0.01052
21	0.01126	0.00804	0.01103	0.01286	0.01402	0.00782	0.01013	0.01380	0.01675	0.02203	0.04283	0.39555	0.04896	0.02334	0.01055	0.00344	0.00598	0.32740	0.00733	0.00688
22	0.01726	0.01663	0.02844	0.35419	0.31259	0.01865	0.05173	0.02215	0.01670	0.02281	0.01431	0.02029	0.01147	0.00786	0.00905	0.00257	0.05195	0.00716	0.00371	0.01047
23	0.01644	0.01409	0.01644	0.01175	0.01879	0.01057	0.00940	0.01997	0.01644	0.02584	0.01409	0.01644	0.01175	0.00587	0.00587	0.00117	0.00587	0.00470	0.00470	0.76979
24	0.73358	0.01574	0.01237	0.01089	0.01588	0.01819	0.00897	0.05974	0.01489	0.03642	0.01151	0.01324	0.00887	0.00749	0.00508	0.00245	0.00629	0.00446	0.00508	0.00887
25	0.04751	0.01488	0.02108	0.18421	0.06710	0.01650	0.07232	0.15215	0.02051	0.02970	0.01986	0.06847	0.01674	0.03236	0.00946	0.00263	0.04079	0.00840	0.16572	0.00960
26	0.00966	0.00690	0.00920	0.01104	0.01150	0.00644	0.00736	0.01104	0.01518	0.02024	0.04371	0.71614	0.05245	0.02484	0.01012	0.00322	0.00460	0.02254	0.00736	0.00644
27	0.06411	0.02128	0.09471	0.01710	0.02383	0.01969	0.01527	0.34714	0.05859	0.22385	0.02222	0.02125	0.01512	0.00934	0.00777	0.00243	0.00826	0.00719	0.00782	0.01302
28	0.00966	0.00690	0.00920	0.01104	0.01150	0.00644	0.00736	0.01104	0.01518	0.02024	0.04371	0.71614	0.05245	0.02484	0.01012	0.00322	0.00460	0.02254	0.00736	0.00644
29	0.06938	0.02135	0.01905	0.10514	0.02449	0.18730	0.01351	0.23081	0.02468	0.03293	0.01774	0.02011	0.01352	0.00878	0.00702	0.00221	0.00909	0.00650	0.17626	0.01013
30	0.01122	0.00811	0.01060	0.00998	0.01185	0.00748	0.00748	0.01496	0.02245	0.03180	0.66766	0.05923	0.07482	0.01621	0.00935	0.00249	0.00374	0.01434	0.00873	0.00748
31	0.06497	0.01418	0.02299	0.65689	0.05204	0.01763	0.02114	0.02046	0.01570	0.02127	0.01389	0.02060	0.01044	0.00789	0.00773	0.00263	0.01028	0.00687	0.00361	0.00879
32	0.02035	0.01734	0.01828	0.01626	0.02086	0.02002	0.01270	0.07830	0.62034	0.03418	0.03148	0.02895	0.02356	0.01068	0.00806	0.00267	0.00642	0.00886	0.00806	0.01261
33	0.00966	0.00690	0.00920	0.01104	0.01150	0.00644	0.00736	0.01104	0.01518	0.02024	0.04371	0.71614	0.05245	0.02484	0.01012	0.00322	0.00460	0.02254	0.00736	0.00644
34	0.01082	0.00842	0.00999	0.01084	0.01245	0.00806	0.00775	0.01479	0.08476	0.02249	0.07486	0.41796	0.22187	0.02160	0.00970	0.00300	0.00469	0.04125	0.00748	0.00723
35	0.07027	0.01358	0.01809	0.01394	0.02001	0.01194	0.01151	0.03793	0.02227	0.64733	0.03034	0.02633	0.01911	0.00970	0.00783	0.00245	0.00672	0.00780	0.00959	0.01327
36	0.01590	0.04102	0.68023	0.02260	0.03432	0.01842	0.02930	0.02511	0.01674	0.02511	0.01423	0.01674	0.01005	0.00753	0.00753	0.00251	0.01172	0.00586	0.00335	0.01172
37	0.00966	0.00690	0.00920	0.01104	0.01150	0.00644	0.00736	0.01104	0.01518	0.02024	0.04371	0.71614	0.05245	0.02484	0.01012	0.00322	0.00460	0.02254	0.00736	0.00644
38	0.01735	0.01735	0.02429	0.02082	0.02082	0.02429	0.01735	0.01908	0.01214	0.01908	0.01041	0.01735	0.01041	0.01388	0.02602	0.00347	0.70680	0.00694	0.00347	0.00867
39	0.01590	0.04102	0.68023	0.02260	0.03432	0.01842	0.02930	0.02511	0.01674	0.02511	0.01423	0.01674	0.01005	0.00753	0.00753	0.00251	0.01172	0.00586	0.00335	0.01172
40	0.77733	0.01534	0.01166	0.01043	0.01534	0.01779	0.00859	0.02331	0.01350	0.03558	0.01104	0.01288	0.00859	0.00736	0.00491	0.00245	0.00613	0.00429	0.00491	0.00859
41	0.01134	0.00733	0.00980	0.01124	0.01207	0.00678	0.00764	0.01283	0.01567	0.06289	0.04290	0.67141	0.05032	0.02387	0.00998	0.00317	0.00474	0.02160	0.00752	0.00690
42	0.01153	0.00769	0.00865	0.00865	0.00865	0.00769	0.00480	0.01153	0.01153	0.01538	0.02499	0.05189	0.02883	0.72131	0.04036	0.00769	0.00769	0.01153	0.00480	0.00480
43	0.01068	0.00834	0.01143	0.05328	0.01492	0.00877	0.00912	0.01235	0.01504	0.02018	0.04013	0.58777	0.06742	0.02265	0.01143	0.00319	0.06978	0.01997	0.00677	0.00680
44	0.03014	0.02221	0.02380	0.01825	0.02459	0.02459	0.01507	0.64541	0.03728	0.04998	0.01904	0.01904	0.01349	0.00952	0.00793	0.00238	0.00873	0.00714	0.00793	0.01349
45	0.01929	0.02070	0.04178	0.03094	0.05885	0.01989	0.51109	0.06538	0.01946	0.02676	0.01581	0.02067	0.01205	0.00716	0.00976	0.00258	0.04469	0.00872	0.00428	0.06012
46	0.01104	0.00841	0.01185	0.05303	0.01550	0.00796	0.02921	0.01328	0.01616	0.02220	0.09781	0.51996	0.04698	0.02064	0.00946	0.00292	0.00522	0.01872	0.03326	0.05640
47	0.01120	0.00804	0.01128	0.01195	0.01324	0.00735	0.03113	0.01304	0.01595	0.04207	0.07010	0.60554	0.04908	0.02242	0.00979	0.00305	0.00501	0.02039	0.00726	0.04211
48	0.01111	0.00840	0.01130	0.01287	0.04296	0.00766	0.00858	0.01322	0.01638	0.02251	0.10938	0.51416	0.04873	0.02102	0.00953	0.00291	0.00496	0.04318	0.00708	0.08405
49	0.01709	0.01443	0.01658	0.01244	0.01884	0.01207	0.00990	0.04765	0.09583	0.02806	0.05478	0.02066	0.01703	0.00722	0.00643	0.00149	0.00591	0.00588	0.00548	0.60223
50	0.02062	0.01641	0.01946	0.01878	0.11863	0.05756	0.01270	0.07654	0.03819	0.10195	0.04064	0.06543	0.01791	0.00868	0.00713	0.00188	0.00717	0.00727	0.00580	0.35725
51	0.10350	0.01906	0.06428	0.01855	0.06815	0.04087	0.05464	0.17535	0.05289	0.12119	0.08322	0.02347	0.01965	0.00902	0.00752	0.00227	0.00793	0.00740	0.00654	0.11450
52	0.02375	0.06442	0.05903	0.01494	0.02145	0.01704	0.01292	0.18333	0.09745	0.14951	0.02272	0.02243	0.03824	0.00873	0.00720	0.00205	0.00724	0.00687	0.00676	0.23395
53	0.02097	0.01834	0.06666	0.02149	0.08988	0.01721	0.09601	0.12270	0.07131	0.09993	0.02056	0.07166	0.01696	0.01134	0.02981	0.00274	0.07649	0.00833	0.00584	0.13177

[dist]
# distance from previous block
# <min> <max>
4	15

[block]
# block no. 7 follows, 24 sequences, length 149
# corresponding to MSA columns:
# 263-411
name=unknown_H
#
# <colnr> <probs for GDERKNQSTAVLIFYWHMCP>
#	G	D	E	R	K	N	Q	S	T	A	V	L	I	F	Y	W	H	M	C	P
0	0.11010	0.01740	0.03944	0.01465	0.01969	0.08311	0.01209	0.06150	0.13679	0.23158	0.09605	0.02997	0.02462	0.01056	0.00774	0.00245	0.00728	0.03817	0.00755	0.04926
1	0.06179	0.07157	0.02352	0.04077	0.02369	0.02005	0.06571	0.24820	0.11587	0.09682	0.02162	0.05669	0.01718	0.03321	0.00929	0.00260	0.02777	0.00809	0.00674	0.04881
2	0.01839	0.14285	0.49142	0.02206	0.06308	0.05062	0.02524	0.02576	0.01724	0.05268	0.01444	0.01662	0.01062	0.00753	0.00718	0.00236	0.01101	0.00573	0.00370	0.01149
3	0.01614	0.08085	0.04822	0.03741	0.01580	0.01361	0.01030	0.04032	0.03950	0.02631	0.02105	0.02527	0.01708	0.01361	0.05765	0.02862	0.08063	0.00706	0.41228	0.00830
4	0.01933	0.09172	0.46025	0.02155	0.06375	0.01806	0.02426	0.02655	0.01772	0.12214	0.01793	0.02170	0.01339	0.00850	0.00758	0.00248	0.01036	0.03651	0.00455	0.01168
5	0.08735	0.15105	0.14981	0.01972	0.05130	0.22653	0.04844	0.09202	0.02043	0.02603	0.01401	0.01621	0.01108	0.00782	0.00682	0.00218	0.01075	0.00565	0.04245	0.01036
6	0.05545	0.31852	0.02880	0.01482	0.02074	0.04683	0.03951	0.07623	0.12328	0.04826	0.04275	0.02131	0.03988	0.00857	0.00654	0.00204	0.00780	0.00650	0.00533	0.08683
7	0.01962	0.14033	0.31602	0.02121	0.05052	0.04359	0.08376	0.08275	0.01919	0.05582	0.01633	0.04702	0.01301	0.00828	0.00741	0.00232	0.01027	0.00683	0.00443	0.05129
8	0.01182	0.00841	0.01044	0.01024	0.01056	0.00912	0.00665	0.01254	0.01184	0.01626	0.02333	0.04534	0.02579	0.53461	0.18359	0.00857	0.05016	0.01060	0.00461	0.00553
9	0.00970	0.00805	0.00849	0.00838	0.01091	0.00684	0.00629	0.01202	0.01886	0.02328	0.18523	0.07326	0.56258	0.01939	0.00937	0.00264	0.00397	0.01631	0.00761	0.00684
10	0.01845	0.02072	0.04444	0.08705	0.06504	0.01982	0.57162	0.02496	0.01847	0.02501	0.01585	0.02131	0.01194	0.00680	0.00919	0.00266	0.01301	0.00909	0.00397	0.01061
11	0.01851	0.01573	0.01696	0.01571	0.01972	0.01799	0.01228	0.03799	0.56169	0.03156	0.03383	0.07392	0.02780	0.01259	0.00845	0.00281	0.00628	0.06653	0.00796	0.01172
12	0.01754	0.03705	0.58998	0.02127	0.03205	0.01732	0.02672	0.02594	0.01754	0.08625	0.04363	0.01951	0.01370	0.00812	0.00765	0.00251	0.01092	0.00642	0.00418	0.01170
13	0.02947	0.11820	0.02186	0.01467	0.02051	0.01695	0.01228	0.06025	0.17486	0.40313	0.02812	0.02524	0.01912	0.00959	0.00758	0.00240	0.00696	0.00764	0.00839	0.01279
