[name]
unknown

[dist]
# distance from previous block
# <min> <max>
48	417

[block]
# block no. 0 follows, 22 sequences, length 19
# corresponding to MSA columns:
# 440-458
name=unknown_A
#
# <colnr> <probs for GDERKNQSTAVLIFYWHMCP>
#	G	D	E	R	K	N	Q	S	T	A	V	L	I	F	Y	W	H	M	C	P
0	0.01959	0.09873	0.21752	0.01889	0.06148	0.03918	0.01797	0.05422	0.04894	0.08364	0.16116	0.02887	0.02792	0.01016	0.00798	0.00238	0.00856	0.00831	0.00602	0.07849
1	0.15865	0.05441	0.13728	0.01692	0.02334	0.01761	0.08016	0.02766	0.15819	0.03012	0.02595	0.02698	0.07271	0.00972	0.00745	0.00250	0.00800	0.00797	0.07537	0.05901
2	0.10201	0.02262	0.12771	0.04844	0.02474	0.09357	0.01555	0.07531	0.04486	0.19577	0.04075	0.02589	0.05950	0.00985	0.00777	0.00244	0.00879	0.00763	0.00667	0.08014
3	0.01771	0.09936	0.04708	0.02127	0.10418	0.04276	0.10797	0.06357	0.02094	0.02775	0.14129	0.05870	0.13286	0.01205	0.00856	0.00245	0.00817	0.01070	0.00602	0.06660
4	0.22987	0.04834	0.01853	0.01438	0.01971	0.01871	0.01169	0.12509	0.14030	0.11941	0.02289	0.02382	0.03371	0.03722	0.00913	0.00270	0.02917	0.00722	0.00690	0.08120
5	0.01767	0.01479	0.02159	0.07831	0.09219	0.01531	0.06917	0.04321	0.09824	0.05300	0.10406	0.05793	0.04858	0.04017	0.01153	0.00295	0.05452	0.07971	0.00636	0.09069
6	0.05385	0.10124	0.06025	0.02146	0.05192	0.01910	0.17188	0.06696	0.08769	0.10154	0.07654	0.02503	0.02040	0.00893	0.00808	0.00240	0.00910	0.00821	0.00607	0.09935
7	0.08803	0.10325	0.31412	0.02365	0.11469	0.02008	0.02246	0.02485	0.01763	0.04806	0.06961	0.02139	0.01700	0.00919	0.00933	0.00260	0.07134	0.00692	0.00447	0.01131
8	0.02138	0.02167	0.02685	0.29068	0.19151	0.14240	0.02128	0.07900	0.02015	0.02519	0.01475	0.01988	0.01177	0.00882	0.00977	0.00263	0.07025	0.00701	0.00431	0.01069
9	0.01874	0.09959	0.06812	0.37529	0.09796	0.01978	0.02074	0.02355	0.01736	0.07722	0.01875	0.02341	0.03959	0.00920	0.00928	0.00266	0.05658	0.00747	0.00444	0.01027
10	0.01537	0.01307	0.01947	0.09533	0.19391	0.01342	0.01496	0.02142	0.07845	0.02950	0.29836	0.08120	0.04610	0.01361	0.00918	0.00269	0.00673	0.03038	0.00699	0.00987
11	0.10473	0.01815	0.01924	0.01572	0.02078	0.01971	0.01265	0.38864	0.03075	0.04308	0.08420	0.10176	0.07895	0.01305	0.00848	0.00263	0.00749	0.01044	0.00793	0.01160
12	0.02038	0.02024	0.03657	0.04801	0.54195	0.01998	0.13749	0.02570	0.01905	0.02704	0.01585	0.02091	0.01306	0.00733	0.00852	0.00253	0.01064	0.00785	0.00413	0.01279
13	0.01884	0.01578	0.02691	0.49793	0.12335	0.01810	0.06115	0.02415	0.01785	0.09130	0.01694	0.02264	0.01244	0.00833	0.00840	0.00271	0.01069	0.00765	0.00448	0.01035
14	0.11939	0.07707	0.02195	0.01949	0.08808	0.02094	0.01423	0.06780	0.20341	0.03061	0.02274	0.02443	0.03622	0.01070	0.01101	0.00271	0.13492	0.00768	0.07562	0.01100
15	0.02174	0.01714	0.01931	0.01468	0.02118	0.01596	0.01179	0.23810	0.02494	0.03562	0.01941	0.07984	0.01679	0.00931	0.00733	0.00188	0.00711	0.00752	0.00639	0.42397
16	0.02075	0.09420	0.03301	0.04299	0.51271	0.02126	0.02282	0.02764	0.09236	0.02722	0.01734	0.02102	0.01433	0.00783	0.00794	0.00243	0.00937	0.00732	0.00457	0.01289
17	0.01913	0.01570	0.01910	0.01688	0.08811	0.01346	0.01188	0.09320	0.02001	0.03041	0.01654	0.01910	0.01339	0.00704	0.00660	0.00157	0.00671	0.00574	0.06998	0.52545
18	0.02293	0.02423	0.03142	0.04430	0.51370	0.16778	0.02336	0.02723	0.01996	0.02560	0.01500	0.01930	0.01260	0.00766	0.00806	0.00239	0.01102	0.00694	0.00415	0.01236

[dist]
# distance from previous block
# <min> <max>
0	7

[block]
# block no. 1 follows, 22 sequences, length 18
# corresponding to MSA columns:
# 466-483
name=unknown_B
#
# <colnr> <probs for GDERKNQSTAVLIFYWHMCP>
#	G	D	E	R	K	N	Q	S	T	A	V	L	I	F	Y	W	H	M	C	P
0	0.01647	0.00965	0.00983	0.00948	0.01194	0.01019	0.00720	0.02405	0.13548	0.03169	0.02837	0.03098	0.02206	0.00998	0.00631	0.00210	0.00438	0.00806	0.61303	0.00877
1	0.54196	0.01499	0.01304	0.01113	0.01635	0.01602	0.00903	0.02280	0.01575	0.03491	0.08249	0.01953	0.01724	0.00843	0.00584	0.00232	0.00610	0.00573	0.00554	0.15078
2	0.01952	0.02150	0.03767	0.02865	0.03354	0.06428	0.34975	0.02418	0.01729	0.02367	0.01542	0.04325	0.01330	0.01042	0.01589	0.00307	0.25520	0.00908	0.00412	0.01020
3	0.06533	0.02817	0.32353	0.02247	0.09618	0.01760	0.02163	0.02746	0.13599	0.02907	0.08379	0.06912	0.02317	0.01055	0.00822	0.00269	0.00924	0.00881	0.00545	0.01153
4	0.01167	0.00795	0.00939	0.00969	0.00999	0.00778	0.00585	0.01238	0.01406	0.01896	0.09860	0.17790	0.04018	0.50307	0.03272	0.00657	0.00699	0.01459	0.00599	0.00567
5	0.01913	0.01334	0.02040	0.38758	0.03918	0.01463	0.01704	0.02299	0.01780	0.14246	0.02577	0.02959	0.08371	0.01159	0.01029	0.06343	0.00893	0.00851	0.00545	0.05818
6	0.08069	0.48181	0.03363	0.01368	0.01948	0.06684	0.01270	0.02361	0.01833	0.02363	0.13281	0.02266	0.02335	0.00912	0.00629	0.00202	0.00813	0.00651	0.00478	0.00993
7	0.24307	0.01796	0.02609	0.12562	0.38333	0.01923	0.02023	0.02459	0.01717	0.02937	0.01430	0.01866	0.01163	0.00762	0.00731	0.00254	0.00900	0.00653	0.00436	0.01138
8	0.02333	0.01873	0.04457	0.01882	0.02377	0.01947	0.05440	0.13579	0.02094	0.12525	0.01733	0.02004	0.01340	0.01029	0.01396	0.00258	0.22827	0.00702	0.00585	0.19617
9	0.02607	0.02023	0.02259	0.01723	0.02357	0.02120	0.01414	0.39182	0.03019	0.04194	0.01762	0.01896	0.01331	0.00916	0.00917	0.00219	0.06323	0.00667	0.00689	0.24381
10	0.01290	0.01007	0.01220	0.01266	0.01470	0.00986	0.00897	0.01876	0.13439	0.02441	0.04011	0.50023	0.04466	0.02105	0.00971	0.00303	0.00530	0.01887	0.00755	0.09056
11	0.02124	0.51476	0.09673	0.01474	0.02155	0.02700	0.01483	0.02461	0.01776	0.06294	0.05668	0.06064	0.01841	0.00920	0.00639	0.00206	0.00852	0.00673	0.00461	0.01062
12	0.01738	0.01339	0.01535	0.01406	0.01747	0.01413	0.01111	0.13746	0.16122	0.03406	0.20941	0.10480	0.10439	0.01633	0.00951	0.00288	0.00610	0.09257	0.00838	0.01001
13	0.01818	0.01818	0.02545	0.02181	0.02181	0.02545	0.01818	0.01999	0.01272	0.01999	0.01091	0.01818	0.01091	0.01454	0.02726	0.00364	0.69284	0.00727	0.00364	0.00909
14	0.01206	0.00986	0.01301	0.13832	0.02077	0.00991	0.01039	0.01615	0.03930	0.02685	0.29357	0.09902	0.24575	0.01702	0.00953	0.00276	0.00550	0.01474	0.00755	0.00793
15	0.02023	0.02067	0.03908	0.04540	0.44165	0.02018	0.23578	0.02589	0.01916	0.02695	0.01604	0.02121	0.01297	0.00726	0.00878	0.00258	0.01132	0.00824	0.00414	0.01247
16	0.01603	0.02040	0.14700	0.53667	0.05265	0.01872	0.04821	0.02240	0.01690	0.02240	0.01487	0.02129	0.01103	0.00818	0.00829	0.00274	0.01142	0.00724	0.00368	0.00988
17	0.01741	0.01556	0.02440	0.18458	0.03244	0.01741	0.12211	0.07340	0.13614	0.02663	0.02146	0.02693	0.01729	0.02546	0.21462	0.00603	0.01403	0.00866	0.00529	0.01015

[dist]
# distance from previous block
# <min> <max>
29	82

[block]
# block no. 2 follows, 22 sequences, length 45
# corresponding to MSA columns:
# 566-610
name=unknown_C
#
# <colnr> <probs for GDERKNQSTAVLIFYWHMCP>
#	G	D	E	R	K	N	Q	S	T	A	V	L	I	F	Y	W	H	M	C	P
0	0.02036	0.01632	0.02332	0.02571	0.21425	0.01551	0.04816	0.08534	0.04813	0.07531	0.06850	0.02873	0.06576	0.00954	0.00796	0.00224	0.00766	0.00844	0.05098	0.17777
1	0.01918	0.06575	0.02814	0.23438	0.27893	0.01912	0.02088	0.02370	0.01813	0.05898	0.05953	0.02351	0.01705	0.00894	0.00947	0.00256	0.05919	0.00766	0.00462	0.04026
2	0.04788	0.01729	0.02163	0.15292	0.05329	0.01922	0.01586	0.24802	0.02516	0.05859	0.02112	0.06573	0.01783	0.01118	0.00962	0.00264	0.05920	0.04018	0.04698	0.06565
3	0.02486	0.01757	0.04712	0.01613	0.02157	0.01717	0.01340	0.15329	0.18288	0.18175	0.06437	0.07535	0.02472	0.01165	0.00912	0.00259	0.03390	0.00945	0.00809	0.08500
4	0.25736	0.01801	0.06303	0.01594	0.05313	0.05195	0.01254	0.06653	0.05008	0.03059	0.02463	0.14513	0.05716	0.01226	0.00809	0.00261	0.02841	0.00965	0.00587	0.08702
5	0.19631	0.11232	0.02206	0.01537	0.02095	0.09938	0.01265	0.15950	0.05505	0.15909	0.01968	0.02109	0.01482	0.04673	0.00895	0.00271	0.00859	0.00666	0.00670	0.01142
6	0.01776	0.01620	0.02561	0.51323	0.12900	0.01928	0.02218	0.06530	0.06252	0.02508	0.01658	0.02242	0.01256	0.00851	0.00831	0.00271	0.01047	0.00753	0.00440	0.01034
7	0.05646	0.01243	0.01376	0.01203	0.01477	0.01274	0.00852	0.09652	0.08807	0.07261	0.05948	0.04114	0.02719	0.36644	0.02543	0.00529	0.00750	0.01018	0.00643	0.06299
8	0.01917	0.02491	0.13288	0.03359	0.07445	0.02094	0.47757	0.02615	0.01891	0.02624	0.01616	0.02140	0.01225	0.00756	0.01039	0.00280	0.05019	0.00903	0.00407	0.01135
9	0.01229	0.01007	0.01377	0.01486	0.03631	0.01109	0.01055	0.01422	0.01615	0.02215	0.07864	0.44498	0.07843	0.02214	0.01376	0.00333	0.14139	0.04144	0.00687	0.00755
10	0.01975	0.02065	0.04037	0.08976	0.32043	0.02025	0.31165	0.02572	0.01908	0.02646	0.01613	0.02156	0.01274	0.00728	0.00898	0.00265	0.01193	0.00855	0.00412	0.01194
11	0.01549	0.00774	0.00774	0.00774	0.00968	0.00774	0.00581	0.01936	0.01742	0.03097	0.02710	0.03097	0.02129	0.00968	0.00581	0.00194	0.00387	0.00774	0.75416	0.00774
12	0.11858	0.07057	0.06162	0.02180	0.13533	0.06341	0.01563	0.07212	0.07422	0.15417	0.04453	0.02222	0.01715	0.00885	0.00746	0.00235	0.00837	0.00701	0.00633	0.08829
13	0.02563	0.02275	0.02318	0.06920	0.06038	0.14681	0.01613	0.22784	0.07094	0.06774	0.02230	0.02408	0.05164	0.01221	0.02865	0.00293	0.10190	0.00785	0.00632	0.01151
14	0.01549	0.00774	0.00774	0.00774	0.00968	0.00774	0.00581	0.01936	0.01742	0.03097	0.02710	0.03097	0.02129	0.00968	0.00581	0.00194	0.00387	0.00774	0.75416	0.00774
15	0.07768	0.29984	0.09224	0.01593	0.02274	0.02511	0.01510	0.14447	0.10123	0.06519	0.02124	0.02153	0.04662	0.00920	0.00694	0.00229	0.00845	0.00672	0.00579	0.01169
16	0.01194	0.00816	0.00986	0.00996	0.01026	0.00840	0.00614	0.01255	0.01252	0.01695	0.02654	0.08564	0.02986	0.55541	0.15389	0.00875	0.01042	0.01214	0.00507	0.00555
17	0.01840	0.01691	0.02512	0.32735	0.18938	0.01945	0.02057	0.02936	0.21110	0.02684	0.02089	0.02452	0.01601	0.00901	0.00833	0.00271	0.00939	0.00801	0.00527	0.01139
18	0.02231	0.01217	0.01523	0.01302	0.01711	0.01164	0.01025	0.02937	0.13395	0.25646	0.28696	0.04556	0.08281	0.01382	0.00905	0.00265	0.00553	0.01179	0.00934	0.01098
19	0.23128	0.05952	0.02173	0.01645	0.02226	0.07061	0.01357	0.35294	0.02848	0.04228	0.01680	0.01815	0.01265	0.01196	0.04381	0.00305	0.00953	0.00642	0.00668	0.01184
20	0.02818	0.02445	0.02241	0.01868	0.02420	0.15590	0.01483	0.29223	0.23039	0.06651	0.02355	0.02287	0.01735	0.01012	0.00819	0.00253	0.00941	0.00770	0.00762	0.01289
21	0.02497	0.01800	0.01996	0.01599	0.02167	0.01872	0.01286	0.29768	0.12906	0.09547	0.05477	0.06416	0.05572	0.01141	0.00829	0.00243	0.00737	0.00923	0.00797	0.12424
22	0.02359	0.06378	0.05786	0.01454	0.01978	0.01545	0.01244	0.03332	0.20829	0.23012	0.11288	0.03551	0.07274	0.01180	0.00830	0.00258	0.00659	0.00973	0.04888	0.01183
23	0.01232	0.00883	0.01135	0.01210	0.01346	0.00858	0.00881	0.05032	0.01931	0.02614	0.18689	0.39660	0.05581	0.05952	0.01210	0.00345	0.00540	0.09360	0.00793	0.00747
24	0.01012	0.00723	0.00964	0.01157	0.01205	0.00675	0.00771	0.01157	0.01591	0.02121	0.04579	0.70262	0.05495	0.02603	0.01060	0.00337	0.00482	0.02362	0.00771	0.00675
25	0.01892	0.02919	0.37501	0.01904	0.02745	0.01586	0.02159	0.06659	0.02050	0.10972	0.11213	0.09826	0.02650	0.01157	0.00854	0.00269	0.00941	0.00965	0.00596	0.01142
26	0.02263	0.02360	0.07380	0.20995	0.09287	0.10427	0.09782	0.17042	0.02328	0.03010	0.01585	0.02000	0.01209	0.00889	0.00967	0.00265	0.05850	0.00736	0.00496	0.01127
27	0.01818	0.01818	0.02545	0.02181	0.02181	0.02545	0.01818	0.01999	0.01272	0.01999	0.01091	0.01818	0.01091	0.01454	0.02726	0.00364	0.69284	0.00727	0.00364	0.00909
28	0.02476	0.01744	0.09971	0.01559	0.02135	0.01396	0.01423	0.09793	0.06363	0.26747	0.06903	0.04359	0.10635	0.01349	0.00899	0.00279	0.00749	0.09216	0.00832	0.01170
29	0.01712	0.01628	0.02730	0.48186	0.21537	0.01918	0.02345	0.02230	0.01702	0.02274	0.01479	0.02151	0.01162	0.00840	0.00931	0.00273	0.04756	0.00738	0.00380	0.01027
30	0.01359	0.05226	0.05244	0.01271	0.01537	0.01052	0.01033	0.01769	0.05292	0.05313	0.18820	0.32304	0.08411	0.01967	0.00974	0.00299	0.00566	0.05960	0.00771	0.00832
31	0.02113	0.01958	0.03393	0.04286	0.45160	0.02019	0.10758	0.02585	0.01851	0.06426	0.01622	0.02098	0.01324	0.00843	0.01088	0.00267	0.09747	0.00778	0.00443	0.01243
32	0.01818	0.01818	0.02545	0.02181	0.02181	0.02545	0.01818	0.01999	0.01272	0.01999	0.01091	0.01818	0.01091	0.01454	0.02726	0.00364	0.69284	0.00727	0.00364	0.00909
33	0.12284	0.01497	0.01674	0.01380	0.01863	0.01479	0.01088	0.12807	0.02031	0.03151	0.04097	0.15936	0.02286	0.01207	0.00893	0.00230	0.05526	0.00964	0.00617	0.28991
34	0.11642	0.27305	0.02888	0.02009	0.13321	0.02171	0.01440	0.02697	0.03895	0.13214	0.09826	0.02392	0.02166	0.00916	0.00700	0.00227	0.00774	0.00714	0.00584	0.01120
35	0.01736	0.02877	0.33528	0.02337	0.04985	0.01749	0.11431	0.04440	0.01839	0.04757	0.02202	0.12710	0.02017	0.01186	0.00999	0.00288	0.05164	0.04166	0.00490	0.01099
36	0.01961	0.15617	0.14098	0.02147	0.06940	0.06807	0.04475	0.06473	0.01853	0.02453	0.02010	0.02702	0.04965	0.01380	0.04602	0.00327	0.14657	0.05035	0.00458	0.01041
37	0.01540	0.01130	0.01799	0.23423	0.07387	0.01287	0.01468	0.01618	0.01396	0.01856	0.01648	0.02826	0.01537	0.01949	0.02115	0.36742	0.04392	0.04821	0.00395	0.00669
38	0.01232	0.00905	0.01202	0.06028	0.01489	0.00985	0.00852	0.01391	0.01381	0.01896	0.06841	0.09158	0.03085	0.37412	0.19661	0.00818	0.03323	0.01179	0.00521	0.00639
39	0.01627	0.01516	0.02349	0.40740	0.04127	0.01963	0.01988	0.02036	0.01538	0.02141	0.01542	0.04679	0.01327	0.01106	0.01435	0.00302	0.23000	0.00797	0.04886	0.00900
40	0.01549	0.00774	0.00774	0.00774	0.00968	0.00774	0.00581	0.01936	0.01742	0.03097	0.02710	0.03097	0.02129	0.00968	0.00581	0.00194	0.00387	0.00774	0.75416	0.00774
41	0.02204	0.02160	0.03343	0.04544	0.52219	0.06689	0.06649	0.07003	0.02076	0.02845	0.01583	0.02025	0.01302	0.00764	0.00829	0.00247	0.01047	0.00743	0.00444	0.01284
42	0.01513	0.00931	0.01200	0.01166	0.01417	0.00832	0.00876	0.01790	0.01987	0.11869	0.21902	0.26995	0.12244	0.01928	0.00977	0.00289	0.00509	0.05791	0.00834	0.04950
43	0.01522	0.00783	0.00815	0.00815	0.01005	0.00794	0.00614	0.01903	0.01713	0.03012	0.02675	0.03109	0.02125	0.01351	0.05454	0.00277	0.00521	0.00783	0.69957	0.00772
44	0.06495	0.08451	0.02734	0.07078	0.04895	0.27801	0.05901	0.04239	0.01903	0.02267	0.01284	0.01698	0.01099	0.00987	0.01277	0.00265	0.19594	0.00633	0.00414	0.00985

[dist]
# distance from previous block
# <min> <max>
2	4

[block]
# block no. 3 follows, 22 sequences, length 22
# corresponding to MSA columns:
# 615-636
name=unknown_D
#
# <colnr> <probs for GDERKNQSTAVLIFYWHMCP>
#	G	D	E	R	K	N	Q	S	T	A	V	L	I	F	Y	W	H	M	C	P
0	0.03025	0.01497	0.01833	0.01464	0.02009	0.01459	0.01189	0.14398	0.08089	0.37343	0.08211	0.03013	0.02477	0.01081	0.00820	0.00251	0.00679	0.00878	0.09000	0.01283
1	0.02158	0.01830	0.01930	0.01709	0.02195	0.02109	0.01337	0.09342	0.59044	0.03624	0.03264	0.03006	0.02441	0.01116	0.00844	0.00279	0.00679	0.00923	0.00844	0.01323
2	0.02968	0.02065	0.02334	0.01917	0.05231	0.02194	0.01499	0.41718	0.08833	0.13139	0.02233	0.02188	0.01583	0.00970	0.00814	0.00243	0.00841	0.00755	0.00812	0.07663
3	0.01721	0.03928	0.56078	0.02450	0.03591	0.01956	0.09355	0.02739	0.05454	0.02684	0.01623	0.01886	0.01162	0.00800	0.00813	0.00266	0.01213	0.00672	0.00387	0.01221
4	0.17757	0.01045	0.01272	0.01167	0.01405	0.01059	0.00860	0.01958	0.01436	0.14728	0.01920	0.06130	0.01676	0.02057	0.02072	0.40744	0.00689	0.00778	0.00548	0.00700
5	0.01339	0.00956	0.01339	0.01530	0.01721	0.00956	0.01339	0.01721	0.01912	0.02486	0.04399	0.09371	0.04781	0.02295	0.01147	0.00382	0.00765	0.60031	0.00765	0.00765
6	0.02329	0.19385	0.26426	0.02109	0.02975	0.10736	0.08633	0.04964	0.01993	0.10558	0.01650	0.01819	0.01220	0.00807	0.00752	0.00237	0.01125	0.00636	0.00472	0.01174
7	0.02520	0.01586	0.02092	0.02177	0.14018	0.01605	0.01449	0.07406	0.18627	0.23339	0.13005	0.03249	0.02944	0.01107	0.00859	0.00262	0.00709	0.00948	0.00832	0.01266
8	0.01810	0.01789	0.02477	0.02103	0.02164	0.02426	0.01749	0.02007	0.01309	0.02058	0.01122	0.01810	0.01102	0.01385	0.02552	0.00344	0.63621	0.00708	0.00374	0.07091
9	0.01038	0.00750	0.00960	0.01101	0.01176	0.00696	0.00738	0.01196	0.01644	0.02183	0.09451	0.54687	0.10514	0.08115	0.01309	0.00365	0.00496	0.02148	0.00760	0.00671
10	0.02703	0.02285	0.09146	0.01947	0.05192	0.06074	0.01624	0.31978	0.05719	0.12071	0.05175	0.07917	0.02109	0.01129	0.00848	0.00259	0.00890	0.00907	0.00761	0.01267
11	0.02594	0.02353	0.11525	0.16071	0.03342	0.02233	0.01913	0.35679	0.05675	0.07490	0.01945	0.02101	0.01382	0.00940	0.00826	0.00259	0.00977	0.00740	0.00677	0.01279
12	0.06344	0.21385	0.23225	0.02470	0.15928	0.04315	0.02096	0.02497	0.01796	0.02554	0.04955	0.01919	0.01493	0.00800	0.00711	0.00227	0.00979	0.00626	0.00416	0.05263
13	0.16518	0.01704	0.02016	0.02180	0.15324	0.01820	0.01420	0.22209	0.02449	0.03706	0.05261	0.09308	0.05995	0.01158	0.00792	0.00258	0.00749	0.00947	0.05074	0.01110
14	0.01818	0.01818	0.02545	0.02181	0.02181	0.02545	0.01818	0.01999	0.01272	0.01999	0.01091	0.01818	0.01091	0.01454	0.02726	0.00364	0.69284	0.00727	0.00364	0.00909
15	0.01705	0.01404	0.02426	0.05317	0.10131	0.01368	0.15879	0.02191	0.04888	0.07830	0.03198	0.27256	0.03274	0.01607	0.00982	0.00305	0.00847	0.07768	0.00651	0.00973
16	0.01883	0.02455	0.13736	0.08410	0.06994	0.02073	0.43080	0.02575	0.01867	0.02582	0.01600	0.02135	0.01211	0.00765	0.01025	0.00280	0.04924	0.00882	0.00402	0.01119
17	0.02106	0.01771	0.03040	0.02436	0.05610	0.01773	0.24895	0.10185	0.05001	0.09871	0.09989	0.10072	0.02673	0.01167	0.01050	0.00281	0.05206	0.01119	0.00651	0.01104
18	0.02807	0.01947	0.07014	0.02530	0.06225	0.01657	0.26312	0.03328	0.02148	0.33543	0.02440	0.02488	0.01638	0.00867	0.00891	0.00266	0.01033	0.00877	0.00711	0.01279
19	0.05831	0.04019	0.08161	0.11846	0.27072	0.05464	0.12582	0.06383	0.02012	0.06329	0.01644	0.02041	0.01267	0.00788	0.00823	0.00255	0.01079	0.00744	0.00468	0.01192
20	0.14207	0.06447	0.24469	0.05408	0.15286	0.01882	0.02101	0.02649	0.05668	0.05995	0.06706	0.02235	0.01764	0.00879	0.00759	0.00255	0.00932	0.00710	0.00500	0.01148
21	0.01974	0.09322	0.25383	0.05427	0.27016	0.05755	0.06257	0.02666	0.03746	0.02578	0.01544	0.01901	0.01215	0.00773	0.00791	0.00248	0.01110	0.00678	0.00398	0.01218

[dist]
# distance from previous block
# <min> <max>
0	4

[block]
# block no. 4 follows, 22 sequences, length 25
# corresponding to MSA columns:
# 641-665
name=unknown_E
#
# <colnr> <probs for GDERKNQSTAVLIFYWHMCP>
#	G	D	E	R	K	N	Q	S	T	A	V	L	I	F	Y	W	H	M	C	P
0	0.05683	0.02652	0.02236	0.01841	0.02414	0.23465	0.01457	0.26796	0.08164	0.06231	0.01845	0.01907	0.01384	0.00912	0.00769	0.00227	0.01030	0.00658	0.00659	0.09671
1	0.01770	0.02579	0.29775	0.01950	0.05874	0.01538	0.01963	0.05029	0.07085	0.08408	0.03326	0.12986	0.11579	0.01309	0.00870	0.00276	0.00877	0.01101	0.00601	0.01104
2	0.16257	0.01850	0.05729	0.01552	0.02093	0.01817	0.01312	0.26594	0.02627	0.12822	0.05215	0.11413	0.02279	0.03595	0.00925	0.00284	0.00769	0.00963	0.00756	0.01149
3	0.02615	0.01898	0.02131	0.01674	0.02230	0.02022	0.01363	0.38194	0.03059	0.07579	0.05902	0.05376	0.02005	0.01087	0.00928	0.00241	0.05062	0.00835	0.03935	0.11864
4	0.02593	0.01826	0.02108	0.01840	0.05547	0.01927	0.01388	0.37713	0.03038	0.09499	0.02642	0.17528	0.02379	0.01332	0.00873	0.00264	0.00788	0.01108	0.00796	0.04812
5	0.01514	0.01055	0.01200	0.01108	0.01228	0.01109	0.00727	0.10984	0.01648	0.02216	0.02479	0.04673	0.02671	0.53249	0.10077	0.00771	0.00966	0.01103	0.00549	0.00671
6	0.01900	0.12794	0.40994	0.02589	0.08188	0.06236	0.10773	0.02652	0.01821	0.02513	0.01464	0.01771	0.01104	0.00767	0.00781	0.00250	0.01204	0.00645	0.00370	0.01182
7	0.01812	0.18989	0.14495	0.01728	0.04350	0.01846	0.04864	0.02216	0.01788	0.07162	0.10803	0.05749	0.05651	0.09985	0.01327	0.00320	0.04452	0.00938	0.00542	0.00983
8	0.01520	0.00904	0.01064	0.01030	0.01236	0.00968	0.00794	0.05322	0.01730	0.02826	0.02504	0.03089	0.02070	0.02751	0.23246	0.00583	0.01040	0.00812	0.45711	0.00800
9	0.01176	0.00849	0.01110	0.01045	0.01241	0.00784	0.00784	0.01568	0.02352	0.03331	0.65184	0.06206	0.07839	0.01698	0.00980	0.00261	0.00392	0.01502	0.00914	0.00784
10	0.01715	0.07743	0.60098	0.02452	0.06564	0.02004	0.02956	0.02619	0.01757	0.02599	0.01477	0.01746	0.01066	0.00783	0.00777	0.00258	0.01198	0.00611	0.00354	0.01223
11	0.02253	0.02172	0.06368	0.14789	0.25713	0.07631	0.02059	0.16629	0.02342	0.03170	0.01719	0.02093	0.01335	0.00849	0.00797	0.00246	0.00998	0.00720	0.06929	0.01187
12	0.01224	0.00928	0.01137	0.01071	0.01302	0.00882	0.00807	0.01757	0.07578	0.03184	0.51550	0.06202	0.15821	0.01709	0.00969	0.00266	0.00419	0.01491	0.00888	0.00817
13	0.02377	0.01693	0.01791	0.01513	0.01954	0.04203	0.01197	0.28563	0.08061	0.07756	0.02914	0.11907	0.04867	0.01429	0.02923	0.00289	0.00773	0.01032	0.13629	0.01127
14	0.04904	0.01360	0.02171	0.24444	0.10238	0.01467	0.06810	0.02061	0.03831	0.02758	0.23283	0.07168	0.03691	0.01204	0.00891	0.00271	0.00809	0.01098	0.00605	0.00934
15	0.06683	0.33841	0.08548	0.01887	0.09321	0.09102	0.01544	0.02358	0.01790	0.02263	0.02347	0.05658	0.09597	0.01011	0.00693	0.00223	0.00896	0.00764	0.00453	0.01021
16	0.09685	0.08999	0.02088	0.04091	0.02124	0.07464	0.03392	0.17689	0.05925	0.03281	0.04375	0.15479	0.02413	0.01256	0.00792	0.00256	0.00792	0.01029	0.07843	0.01026
17	0.07418	0.01643	0.01974	0.07293	0.02389	0.01705	0.01336	0.23859	0.02785	0.23515	0.14341	0.03035	0.02780	0.01112	0.00841	0.00257	0.00750	0.00900	0.00849	0.01219
18	0.31340	0.14335	0.11127	0.04576	0.07635	0.05458	0.01503	0.02381	0.01663	0.02855	0.02054	0.02236	0.08060	0.00913	0.00659	0.00244	0.00837	0.00656	0.00472	0.00993
19	0.09643	0.19799	0.16449	0.01858	0.02564	0.02091	0.11502	0.05963	0.01910	0.02740	0.08612	0.02685	0.05338	0.04371	0.00929	0.00270	0.00938	0.00806	0.00499	0.01036
20	0.13805	0.23945	0.03318	0.07166	0.05838	0.02273	0.15141	0.02646	0.04379	0.08023	0.01940	0.02163	0.04325	0.00840	0.00728	0.00240	0.00939	0.00719	0.00496	0.01076
21	0.07257	0.11833	0.09530	0.05492	0.09174	0.04523	0.01639	0.02933	0.05693	0.18454	0.02190	0.02615	0.01705	0.00949	0.00763	0.00242	0.00862	0.04990	0.00616	0.08540
22	0.01789	0.21549	0.05641	0.01343	0.01850	0.06704	0.01182	0.02219	0.05653	0.04594	0.10121	0.08523	0.15830	0.01292	0.00782	0.00231	0.00723	0.01039	0.00606	0.08330
23	0.08091	0.01680	0.07305	0.01712	0.07526	0.04128	0.01310	0.05909	0.09650	0.03041	0.17259	0.08047	0.12116	0.01379	0.00866	0.00264	0.00686	0.03359	0.00695	0.04978
24	0.20415	0.23638	0.11555	0.01712	0.05844	0.05708	0.01528	0.02657	0.05544	0.05823	0.06957	0.02043	0.01755	0.00871	0.00664	0.00232	0.00849	0.00631	0.00511	0.01064

[dist]
# distance from previous block
# <min> <max>
2	40

[block]
# block no. 5 follows, 22 sequences, length 84
# corresponding to MSA columns:
# 711-794
name=unknown_F
#
# <colnr> <probs for GDERKNQSTAVLIFYWHMCP>
#	G	D	E	R	K	N	Q	S	T	A	V	L	I	F	Y	W	H	M	C	P
0	0.04618	0.15597	0.17160	0.05053	0.02515	0.01888	0.03929	0.06549	0.05772	0.05294	0.06090	0.13597	0.02559	0.01254	0.00823	0.00267	0.00865	0.04545	0.00579	0.01048
1	0.05963	0.10188	0.40641	0.02524	0.10090	0.05766	0.05588	0.02709	0.04288	0.02636	0.01522	0.01788	0.01145	0.00788	0.00763	0.00252	0.01137	0.00629	0.00394	0.01187
2	0.01611	0.05585	0.04408	0.05092	0.08515	0.01446	0.01283	0.08172	0.04846	0.02603	0.06696	0.25022	0.03337	0.11033	0.01418	0.00353	0.03157	0.01359	0.00630	0.03433
3	0.15401	0.02882	0.28548	0.05661	0.02922	0.02040	0.02062	0.20525	0.02340	0.03556	0.01959	0.02120	0.04637	0.00922	0.00766	0.00260	0.00979	0.00694	0.00548	0.01179
4	0.01661	0.01418	0.01702	0.05417	0.02134	0.01162	0.01063	0.02127	0.05107	0.02654	0.01892	0.08702	0.01722	0.00856	0.00686	0.00163	0.00635	0.00719	0.00532	0.59652
5	0.01878	0.01713	0.02045	0.01556	0.02167	0.05122	0.04843	0.05887	0.01854	0.02719	0.01624	0.05169	0.01432	0.00844	0.00900	0.00181	0.07885	0.00657	0.00506	0.51019
6	0.01992	0.01782	0.02914	0.27009	0.37327	0.01923	0.02327	0.04630	0.04394	0.05217	0.01690	0.02183	0.01325	0.00808	0.00827	0.00259	0.01002	0.00752	0.00454	0.01186
7	0.01883	0.01797	0.03004	0.24213	0.36308	0.01900	0.05693	0.02514	0.05654	0.02575	0.01650	0.02161	0.01319	0.00783	0.00824	0.00253	0.01007	0.00752	0.00430	0.05280
8	0.01958	0.01874	0.03194	0.17946	0.53544	0.01948	0.02501	0.02463	0.01845	0.02595	0.01545	0.02088	0.01274	0.00758	0.00824	0.00253	0.01011	0.00740	0.00403	0.01237
9	0.01569	0.01477	0.02492	0.68808	0.05722	0.01846	0.02307	0.02123	0.01661	0.02123	0.01477	0.02215	0.01107	0.00831	0.00831	0.00277	0.01107	0.00738	0.00369	0.00923
10	0.76672	0.01607	0.01221	0.01092	0.01607	0.01864	0.00900	0.02442	0.01414	0.03727	0.01157	0.01350	0.00900	0.00771	0.00514	0.00257	0.00643	0.00450	0.00514	0.00900
11	0.01569	0.01477	0.02492	0.68808	0.05722	0.01846	0.02307	0.02123	0.01661	0.02123	0.01477	0.02215	0.01107	0.00831	0.00831	0.00277	0.01107	0.00738	0.00369	0.00923
12	0.01694	0.01446	0.01692	0.01227	0.01938	0.01090	0.00976	0.02054	0.01717	0.02683	0.01603	0.04521	0.01405	0.00696	0.00633	0.00132	0.00610	0.00569	0.00504	0.72813
13	0.02037	0.01954	0.03337	0.07624	0.63248	0.01969	0.02540	0.02533	0.01882	0.02691	0.01559	0.02062	0.01308	0.00744	0.00823	0.00248	0.00992	0.00740	0.00410	0.01300
14	0.18105	0.01785	0.02616	0.02071	0.02603	0.01886	0.19830	0.12054	0.08899	0.03270	0.02294	0.14079	0.02087	0.01172	0.00917	0.00283	0.03324	0.01059	0.00612	0.01054
15	0.33706	0.01776	0.01842	0.01501	0.02048	0.01945	0.04501	0.21686	0.04796	0.03966	0.01825	0.05222	0.01470	0.00948	0.00691	0.00250	0.00746	0.00711	0.05255	0.05113
16	0.10212	0.02021	0.02040	0.01693	0.02209	0.09143	0.01357	0.20634	0.12609	0.18013	0.02447	0.06078	0.01865	0.01103	0.00910	0.00264	0.04565	0.00836	0.00774	0.01228
17	0.06862	0.01737	0.01885	0.01558	0.02054	0.01884	0.01250	0.27777	0.16023	0.07511	0.15952	0.03410	0.06054	0.01214	0.00854	0.00261	0.00698	0.00982	0.00840	0.01195
18	0.02108	0.01712	0.01834	0.01626	0.02109	0.01923	0.01269	0.04171	0.55469	0.07112	0.03500	0.03224	0.04969	0.01140	0.00841	0.00274	0.00649	0.00948	0.00839	0.04285
19	0.02035	0.01726	0.01914	0.01820	0.05571	0.01952	0.01341	0.07604	0.50194	0.03526	0.09994	0.03316	0.02983	0.01161	0.00858	0.00276	0.00662	0.00978	0.00828	0.01263
20	0.01549	0.00774	0.00774	0.00774	0.00968	0.00774	0.00581	0.01936	0.01742	0.03097	0.02710	0.03097	0.02129	0.00968	0.00581	0.00194	0.00387	0.00774	0.75416	0.00774
21	0.29056	0.09348	0.16558	0.01671	0.02397	0.06198	0.01643	0.15941	0.02161	0.05851	0.01503	0.01645	0.01117	0.00834	0.00674	0.00246	0.00913	0.00571	0.00546	0.01126
22	0.01349	0.01129	0.01647	0.01553	0.01663	0.01427	0.01239	0.01616	0.01319	0.01947	0.01933	0.02891	0.01823	0.04999	0.50807	0.01085	0.19517	0.00848	0.00424	0.00785
23	0.01549	0.00774	0.00774	0.00774	0.00968	0.00774	0.00581	0.01936	0.01742	0.03097	0.02710	0.03097	0.02129	0.00968	0.00581	0.00194	0.00387	0.00774	0.75416	0.00774
24	0.76672	0.01607	0.01221	0.01092	0.01607	0.01864	0.00900	0.02442	0.01414	0.03727	0.01157	0.01350	0.00900	0.00771	0.00514	0.00257	0.00643	0.00450	0.00514	0.00900
25	0.01022	0.00730	0.00973	0.01150	0.01207	0.00681	0.00772	0.01181	0.01636	0.02192	0.08170	0.66467	0.05633	0.02549	0.01056	0.00333	0.00477	0.02311	0.00780	0.00681
26	0.01127	0.00841	0.01047	0.01009	0.01215	0.00761	0.00752	0.01468	0.02216	0.03041	0.50181	0.10026	0.19590	0.01831	0.00985	0.00269	0.00403	0.01601	0.00877	0.00761
27	0.02411	0.01123	0.01506	0.01255	0.01667	0.00995	0.00995	0.02769	0.02364	0.33766	0.35213	0.04570	0.05039	0.01374	0.00910	0.00259	0.00544	0.01179	0.00970	0.01089
28	0.03158	0.02327	0.02493	0.01911	0.02576	0.02576	0.01579	0.62852	0.03906	0.05236	0.01995	0.01995	0.01413	0.00997	0.00831	0.00249	0.00914	0.00748	0.00831	0.01413
29	0.03113	0.03664	0.02379	0.02099	0.02570	0.55714	0.01600	0.14102	0.02635	0.02613	0.01413	0.01588	0.01132	0.00882	0.00764	0.00220	0.01392	0.00574	0.00501	0.01045
30	0.03446	0.01515	0.01964	0.01495	0.02151	0.01349	0.01232	0.09918	0.02463	0.52854	0.02945	0.02619	0.01898	0.00979	0.00811	0.00241	0.00718	0.00788	0.00948	0.09665
31	0.02066	0.01785	0.01878	0.01691	0.02160	0.02066	0.01315	0.04414	0.64121	0.03475	0.03381	0.03099	0.02536	0.01127	0.00845	0.00282	0.00657	0.00939	0.00845	0.01315
32	0.03103	0.03959	0.02354	0.02140	0.02568	0.67469	0.01605	0.03317	0.02354	0.02033	0.01284	0.01498	0.01070	0.00856	0.00749	0.00214	0.01498	0.00535	0.00428	0.00963
33	0.01012	0.00723	0.00964	0.01157	0.01205	0.00675	0.00771	0.01157	0.01591	0.02121	0.04579	0.70262	0.05495	0.02603	0.01060	0.00337	0.00482	0.02362	0.00771	0.00675
34	0.02982	0.02322	0.02486	0.09218	0.02919	0.05993	0.01660	0.53023	0.03578	0.04724	0.01900	0.01992	0.01361	0.00971	0.00827	0.00250	0.00967	0.00735	0.00759	0.01335
35	0.01176	0.00849	0.01110	0.01045	0.01241	0.00784	0.00784	0.01568	0.02352	0.03331	0.65184	0.06206	0.07839	0.01698	0.00980	0.00261	0.00392	0.01502	0.00914	0.00784
36	0.01818	0.01818	0.02545	0.02181	0.02181	0.02545	0.01818	0.01999	0.01272	0.01999	0.01091	0.01818	0.01091	0.01454	0.02726	0.00364	0.69284	0.00727	0.00364	0.00909
37	0.01075	0.00845	0.00970	0.00939	0.01179	0.00741	0.00704	0.01372	0.02113	0.02765	0.35597	0.07138	0.37779	0.01910	0.00981	0.00271	0.00407	0.01633	0.00840	0.00741
38	0.01592	0.01522	0.02635	0.64938	0.05640	0.01861	0.05880	0.02154	0.01679	0.02154	0.01489	0.02216	0.01116	0.00823	0.00839	0.00277	0.01125	0.00753	0.00372	0.00935
39	0.01569	0.01477	0.02492	0.68808	0.05722	0.01846	0.02307	0.02123	0.01661	0.02123	0.01477	0.02215	0.01107	0.00831	0.00831	0.00277	0.01107	0.00738	0.00369	0.00923
40	0.01871	0.01785	0.03037	0.29348	0.42823	0.01925	0.02457	0.02387	0.01804	0.02489	0.01530	0.02117	0.01237	0.00775	0.00826	0.00258	0.01033	0.00739	0.00395	0.01166
41	0.01818	0.01818	0.02545	0.02181	0.02181	0.02545	0.01818	0.01999	0.01272	0.01999	0.01091	0.01818	0.01091	0.01454	0.02726	0.00364	0.69284	0.00727	0.00364	0.00909
42	0.03158	0.02327	0.02493	0.01911	0.02576	0.02576	0.01579	0.62852	0.03906	0.05236	0.01995	0.01995	0.01413	0.00997	0.00831	0.00249	0.00914	0.00748	0.00831	0.01413
43	0.01833	0.01750	0.02948	0.32577	0.36444	0.01947	0.02407	0.02337	0.01760	0.02421	0.01501	0.02113	0.01214	0.00815	0.00922	0.00266	0.04489	0.00739	0.00391	0.01125
44	0.01677	0.12399	0.27061	0.02266	0.03058	0.01889	0.18007	0.02293	0.01763	0.02431	0.02175	0.16949	0.02090	0.01155	0.00863	0.00272	0.01061	0.01072	0.00463	0.01055
45	0.01187	0.00890	0.01335	0.01335	0.01483	0.01038	0.01038	0.01483	0.01335	0.01928	0.02225	0.03264	0.02077	0.06231	0.67512	0.01335	0.02225	0.00890	0.00445	0.00742
46	0.36935	0.01914	0.01831	0.01486	0.02056	0.02149	0.01222	0.31640	0.02672	0.04436	0.05080	0.01929	0.01529	0.00932	0.00693	0.00254	0.00760	0.00652	0.00690	0.01142
47	0.01194	0.00863	0.01198	0.01198	0.01299	0.00964	0.00868	0.01396	0.01295	0.01827	0.02350	0.03957	0.02378	0.26826	0.47328	0.01166	0.01772	0.00992	0.00464	0.00666
48	0.06326	0.01784	0.02024	0.01768	0.05566	0.01913	0.01325	0.30440	0.09265	0.10892	0.09232	0.03015	0.02453	0.08800	0.01209	0.00317	0.00786	0.00896	0.00788	0.01202
49	0.01549	0.00774	0.00774	0.00774	0.00968	0.00774	0.00581	0.01936	0.01742	0.03097	0.02710	0.03097	0.02129	0.00968	0.00581	0.00194	0.00387	0.00774	0.75416	0.00774
50	0.02061	0.01876	0.02602	0.03341	0.32884	0.02022	0.01913	0.03512	0.33994	0.03107	0.02501	0.02594	0.01945	0.00940	0.00834	0.00265	0.00817	0.00843	0.00635	0.01315
51	0.01024	0.00728	0.00960	0.01142	0.01187	0.00683	0.00755	0.01160	0.01567	0.02090	0.04461	0.66359	0.05346	0.06709	0.01251	0.00366	0.00501	0.02292	0.00755	0.00664
52	0.01549	0.00774	0.00774	0.00774	0.00968	0.00774	0.00581	0.01936	0.01742	0.03097	0.02710	0.03097	0.02129	0.00968	0.00581	0.00194	0.00387	0.00774	0.75416	0.00774
53	0.03119	0.03475	0.02395	0.02072	0.02571	0.48218	0.01597	0.20979	0.02815	0.02983	0.01495	0.01645	0.01172	0.00898	0.00773	0.00224	0.01325	0.00598	0.00548	0.01096
54	0.01187	0.00890	0.01335	0.01335	0.01483	0.01038	0.01038	0.01483	0.01335	0.01928	0.02225	0.03264	0.02077	0.06231	0.67512	0.01335	0.02225	0.00890	0.00445	0.00742
55	0.02397	0.02111	0.02024	0.01738	0.02159	0.15154	0.01379	0.27418	0.02613	0.03327	0.01938	0.02377	0.01596	0.02961	0.26195	0.00655	0.01532	0.00759	0.00602	0.01066
56	0.01549	0.00774	0.00774	0.00774	0.00968	0.00774	0.00581	0.01936	0.01742	0.03097	0.02710	0.03097	0.02129	0.00968	0.00581	0.00194	0.00387	0.00774	0.75416	0.00774
57	0.01176	0.00849	0.01110	0.01045	0.01241	0.00784	0.00784	0.01568	0.02352	0.03331	0.65184	0.06206	0.07839	0.01698	0.00980	0.00261	0.00392	0.01502	0.00914	0.00784
58	0.02066	0.01785	0.01878	0.01691	0.02160	0.02066	0.01315	0.04414	0.64121	0.03475	0.03381	0.03099	0.02536	0.01127	0.00845	0.00282	0.00657	0.00939	0.00845	0.01315
59	0.02056	0.01974	0.03372	0.05099	0.65622	0.01974	0.02550	0.02550	0.01892	0.02714	0.01563	0.02056	0.01316	0.00740	0.00822	0.00247	0.00987	0.00740	0.00411	0.01316
60	0.76672	0.01607	0.01221	0.01092	0.01607	0.01864	0.00900	0.02442	0.01414	0.03727	0.01157	0.01350	0.00900	0.00771	0.00514	0.00257	0.00643	0.00450	0.00514	0.00900
61	0.02221	0.71304	0.04353	0.01421	0.02132	0.03287	0.01421	0.02488	0.01688	0.01955	0.01155	0.01333	0.01066	0.00711	0.00533	0.00178	0.00888	0.00444	0.00355	0.01066
62	0.01319	0.00950	0.01311	0.01492	0.01688	0.00942	0.01300	0.01692	0.01911	0.02473	0.04619	0.09295	0.08105	0.02284	0.01138	0.00377	0.00746	0.56829	0.00765	0.00761
63	0.02221	0.71304	0.04353	0.01421	0.02132	0.03287	0.01421	0.02488	0.01688	0.01955	0.01155	0.01333	0.01066	0.00711	0.00533	0.00178	0.00888	0.00444	0.00355	0.01066
64	0.01569	0.01477	0.02492	0.68808	0.05722	0.01846	0.02307	0.02123	0.01661	0.02123	0.01477	0.02215	0.01107	0.00831	0.00831	0.00277	0.01107	0.00738	0.00369	0.00923
65	0.01818	0.01818	0.02545	0.02181	0.02181	0.02545	0.01818	0.01999	0.01272	0.01999	0.01091	0.01818	0.01091	0.01454	0.02726	0.00364	0.69284	0.00727	0.00364	0.00909
66	0.01644	0.00866	0.00876	0.00842	0.01063	0.00881	0.00640	0.05545	0.01870	0.03224	0.02668	0.03032	0.02087	0.00970	0.00596	0.00197	0.00418	0.00773	0.70997	0.00812
67	0.01635	0.01673	0.15566	0.01356	0.01811	0.01078	0.01274	0.01998	0.01812	0.12515	0.09524	0.14104	0.15874	0.14261	0.01522	0.00376	0.00721	0.01320	0.00683	0.00899
68	0.02066	0.01785	0.01878	0.01691	0.02160	0.02066	0.01315	0.04414	0.64121	0.03475	0.03381	0.03099	0.02536	0.01127	0.00845	0.00282	0.00657	0.00939	0.00845	0.01315
69	0.02056	0.01974	0.03372	0.05099	0.65622	0.01974	0.02550	0.02550	0.01892	0.02714	0.01563	0.02056	0.01316	0.00740	0.00822	0.00247	0.00987	0.00740	0.00411	0.01316
70	0.02056	0.01974	0.03372	0.05099	0.65622	0.01974	0.02550	0.02550	0.01892	0.02714	0.01563	0.02056	0.01316	0.00740	0.00822	0.00247	0.00987	0.00740	0.00411	0.01316
71	0.01818	0.01818	0.02545	0.02181	0.02181	0.02545	0.01818	0.01999	0.01272	0.01999	0.01091	0.01818	0.01091	0.01454	0.02726	0.00364	0.69284	0.00727	0.00364	0.00909
72	0.01180	0.00941	0.01239	0.05019	0.05462	0.00889	0.00980	0.01488	0.01973	0.02602	0.23925	0.17034	0.24605	0.01926	0.00992	0.00292	0.00528	0.07377	0.00770	0.00779
73	0.02155	0.02019	0.03001	0.15898	0.41683	0.05288	0.02295	0.09931	0.04413	0.02909	0.01653	0.02088	0.01323	0.00808	0.00822	0.00252	0.01013	0.00738	0.00472	0.01239
74	0.01591	0.01520	0.02627	0.65132	0.05644	0.01860	0.05701	0.02153	0.01678	0.02153	0.01488	0.02216	0.01116	0.00823	0.00839	0.00277	0.01124	0.00752	0.00372	0.00934
75	0.02429	0.01173	0.01574	0.01389	0.01801	0.01079	0.01143	0.02863	0.04704	0.32145	0.19269	0.05299	0.04211	0.01513	0.00949	0.00290	0.00639	0.15512	0.00928	0.01091
76	0.05611	0.02525	0.14807	0.03114	0.03952	0.02087	0.45995	0.02605	0.01858	0.02669	0.01588	0.02090	0.01198	0.00764	0.01031	0.00281	0.05422	0.00878	0.00410	0.01115
77	0.05177	0.10040	0.30469	0.02064	0.02983	0.01934	0.07931	0.06707	0.02054	0.19828	0.01973	0.02045	0.01360	0.00849	0.00786	0.00253	0.01028	0.00693	0.00575	0.01250
78	0.08323	0.05258	0.01774	0.01340	0.01825	0.01586	0.01095	0.16546	0.05384	0.20263	0.06378	0.02736	0.02165	0.01014	0.00735	0.00235	0.00652	0.00794	0.20758	0.01141
79	0.19182	0.02076	0.05546	0.05789	0.02480	0.05309	0.01461	0.21863	0.09837	0.15295	0.02111	0.02109	0.01493	0.00939	0.00757	0.00257	0.00845	0.00702	0.00723	0.01225
80	0.06484	0.06674	0.02383	0.05845	0.02615	0.29296	0.01538	0.18577	0.06351	0.09762	0.01800	0.01888	0.01344	0.00913	0.00766	0.00235	0.01116	0.00648	0.00616	0.01147
81	0.10761	0.15899	0.06179	0.06795	0.31543	0.02097	0.01952	0.02503	0.01802	0.06074	0.01941	0.02230	0.05179	0.00845	0.00737	0.00239	0.00895	0.00708	0.00462	0.01158
82	0.17662	0.06259	0.05734	0.01840	0.02398	0.30380	0.01518	0.16808	0.04736	0.03191	0.01505	0.01648	0.01168	0.00871	0.00716	0.00234	0.01118	0.00582	0.00546	0.01086
83	0.06639	0.04523	0.05260	0.01527	0.02209	0.01523	0.04514	0.10890	0.02087	0.10080	0.01953	0.06832	0.01622	0.00885	0.00721	0.00197	0.00743	0.00729	0.00604	0.36461

[dist]
# distance from previous block
# <min> <max>
33	81

[block]
# block no. 6 follows, 22 sequences, length 10
# corresponding to MSA columns:
# 879-888
name=unknown_G
#
# <colnr> <probs for GDERKNQSTAVLIFYWHMCP>
#	G	D	E	R	K	N	Q	S	T	A	V	L	I	F	Y	W	H	M	C	P
0	0.13410	0.22336	0.19999	0.01658	0.02425	0.02167	0.01741	0.06777	0.01952	0.11987	0.04478	0.02214	0.01631	0.00907	0.00705	0.00240	0.00893	0.02797	0.00546	0.01136
1	0.13316	0.14103	0.38277	0.01913	0.02831	0.06743	0.02226	0.02587	0.01734	0.02678	0.01446	0.01689	0.01097	0.00790	0.00692	0.00241	0.01054	0.00566	0.04910	0.01106
2	0.01800	0.07970	0.10365	0.02367	0.03060	0.01867	0.27067	0.02615	0.10342	0.02707	0.06463	0.08928	0.02246	0.01011	0.00879	0.00260	0.01013	0.01014	0.00538	0.07488
3	0.02250	0.11826	0.16203	0.07782	0.07197	0.06424	0.01919	0.10898	0.18087	0.06186	0.02075	0.02170	0.01555	0.00909	0.00780	0.00251	0.00960	0.00717	0.00585	0.01225
4	0.02110	0.02013	0.09523	0.04605	0.02813	0.05789	0.17064	0.06821	0.02113	0.12512	0.07697	0.13539	0.02591	0.01184	0.00896	0.00266	0.00953	0.01101	0.00637	0.05772
5	0.02470	0.12213	0.06968	0.02007	0.02686	0.02325	0.10919	0.31581	0.04500	0.03832	0.05080	0.05245	0.01846	0.00995	0.00819	0.00246	0.00942	0.00838	0.00659	0.03829
6	0.12893	0.19405	0.12441	0.01708	0.02376	0.02215	0.05683	0.15168	0.02229	0.03250	0.10425	0.02351	0.02110	0.01120	0.03036	0.00276	0.00921	0.00735	0.00564	0.01093
7	0.08925	0.01587	0.01817	0.01475	0.02014	0.01610	0.01188	0.14975	0.13478	0.21951	0.13030	0.03056	0.02811	0.01095	0.00815	0.00249	0.00673	0.00886	0.00849	0.07515
8	0.02736	0.04099	0.02289	0.01716	0.02325	0.07375	0.04106	0.22454	0.02662	0.17172	0.06001	0.02327	0.01861	0.00956	0.00861	0.00227	0.03432	0.00746	0.00727	0.15925
9	0.01731	0.01601	0.02867	0.02135	0.02743	0.01440	0.28252	0.02232	0.01822	0.02721	0.02094	0.08018	0.01797	0.00896	0.00807	0.00226	0.00904	0.00927	0.16638	0.20148

[dist]
# distance from previous block
# <min> <max>
4	7

[block]
# block no. 7 follows, 22 sequences, length 65
# corresponding to MSA columns:
# 896-960
name=unknown_H
#
# <colnr> <probs for GDERKNQSTAVLIFYWHMCP>
#	G	D	E	R	K	N	Q	S	T	A	V	L	I	F	Y	W	H	M	C	P
0	0.06062	0.01093	0.01302	0.01164	0.01442	0.01090	0.00897	0.09816	0.02502	0.03610	0.52815	0.05345	0.06555	0.01548	0.00931	0.00259	0.00477	0.01337	0.00879	0.00875
1	0.02886	0.03572	0.02206	0.02011	0.02406	0.58183	0.01496	0.03202	0.05737	0.02079	0.01514	0.01919	0.01317	0.06749	0.01047	0.00268	0.01393	0.00614	0.00458	0.00944
2	0.03582	0.02104	0.02314	0.01866	0.02484	0.05923	0.01475	0.24493	0.03052	0.34188	0.03211	0.03148	0.05205	0.01289	0.00983	0.00319	0.00932	0.00934	0.00998	0.01502
3	0.01549	0.00774	0.00774	0.00774	0.00968	0.00774	0.00581	0.01936	0.01742	0.03097	0.02710	0.03097	0.02129	0.00968	0.00581	0.00194	0.00387	0.00774	0.75416	0.00774
4	0.05869	0.02067	0.02212	0.01745	0.02344	0.02269	0.01427	0.46454	0.09527	0.07150	0.04957	0.02611	0.05375	0.01092	0.00834	0.00255	0.00822	0.00844	0.00827	0.01318
5	0.01558	0.01487	0.02285	0.04668	0.02246	0.01849	0.08236	0.01808	0.01459	0.02108	0.02230	0.21471	0.02421	0.01942	0.05631	0.00398	0.35625	0.01231	0.00491	0.00857
6	0.01549	0.00774	0.00774	0.00774	0.00968	0.00774	0.00581	0.01936	0.01742	0.03097	0.02710	0.03097	0.02129	0.00968	0.00581	0.00194	0.00387	0.00774	0.75416	0.00774
7	0.02327	0.56622	0.04032	0.01793	0.07525	0.03086	0.01536	0.10243	0.01990	0.02440	0.01297	0.01478	0.01132	0.00750	0.00596	0.00193	0.00900	0.00508	0.00421	0.01132
8	0.01208	0.00805	0.00906	0.00906	0.00906	0.00805	0.00503	0.01208	0.01208	0.01611	0.02618	0.05436	0.03020	0.70804	0.04228	0.00805	0.00805	0.01208	0.00503	0.00503
9	0.01317	0.00883	0.01138	0.01055	0.01285	0.00804	0.00798	0.01689	0.02315	0.07116	0.56597	0.06148	0.12310	0.01691	0.00971	0.00263	0.00414	0.01482	0.00909	0.00816
