[name]
unknown

[dist]
# distance from previous block
# <min> <max>
18	53

[block]
# block no. 0 follows, 22 sequences, length 67
# corresponding to MSA columns:
# 59-125
name=unknown_A
#
# <colnr> <probs for GDERKNQSTAVLIFYWHMCP>
#	G	D	E	R	K	N	Q	S	T	A	V	L	I	F	Y	W	H	M	C	P
0	0.08892	0.13001	0.26455	0.10546	0.05609	0.01994	0.02107	0.02849	0.04192	0.14132	0.01808	0.01972	0.01297	0.00835	0.00743	0.00251	0.00983	0.00647	0.00513	0.01176
1	0.11816	0.09044	0.15245	0.02006	0.07062	0.07552	0.04713	0.07036	0.04405	0.08968	0.06622	0.02198	0.01783	0.00883	0.00747	0.00237	0.00924	0.00698	0.00560	0.07503
2	0.14996	0.08519	0.18966	0.02282	0.10695	0.05234	0.06290	0.06293	0.04489	0.05114	0.01587	0.01860	0.01226	0.00917	0.00874	0.04521	0.00978	0.00641	0.00476	0.04043
3	0.08917	0.09789	0.05264	0.05347	0.28813	0.05204	0.07991	0.02592	0.01857	0.07280	0.01745	0.05332	0.01475	0.00855	0.00777	0.00243	0.00962	0.00767	0.00479	0.04309
4	0.21928	0.23827	0.09092	0.01735	0.05558	0.04646	0.01525	0.14931	0.02135	0.03253	0.03523	0.01721	0.01332	0.00833	0.00652	0.00229	0.00872	0.00579	0.00519	0.01110
5	0.08010	0.29201	0.30027	0.02010	0.05880	0.02487	0.02139	0.06871	0.01863	0.02653	0.01377	0.01594	0.01084	0.00771	0.00675	0.00228	0.01018	0.00552	0.00403	0.01158
6	0.06498	0.23370	0.39971	0.01984	0.02978	0.02364	0.02354	0.06892	0.01868	0.02689	0.01409	0.01625	0.01073	0.00780	0.00701	0.00237	0.01072	0.00564	0.00396	0.01174
7	0.07082	0.09294	0.57011	0.02203	0.03340	0.02030	0.02786	0.02606	0.01724	0.02657	0.01441	0.01692	0.01042	0.00782	0.00750	0.00256	0.01160	0.00589	0.00363	0.01192
8	0.01131	0.00773	0.00929	0.01005	0.01024	0.00754	0.00609	0.01188	0.01358	0.01811	0.03388	0.30918	0.03993	0.43996	0.02983	0.00621	0.00678	0.01662	0.00609	0.00571
9	0.02708	0.02519	0.02213	0.01880	0.02408	0.18623	0.01480	0.24585	0.27586	0.03730	0.02371	0.02312	0.01776	0.01014	0.00816	0.00253	0.00958	0.00771	0.00736	0.01261
10	0.01091	0.00827	0.01216	0.01318	0.01422	0.00777	0.04313	0.01286	0.01636	0.02180	0.04401	0.61698	0.05200	0.02471	0.01063	0.00338	0.00556	0.06750	0.00751	0.00707
11	0.01941	0.35515	0.34259	0.01984	0.02950	0.02573	0.05381	0.02565	0.01734	0.02316	0.01344	0.01582	0.01070	0.00748	0.00679	0.00224	0.01078	0.00554	0.00357	0.01147
12	0.04443	0.15120	0.50710	0.02157	0.03233	0.05599	0.02648	0.02637	0.01763	0.02527	0.01414	0.01658	0.01050	0.00779	0.00736	0.00246	0.01166	0.00576	0.00361	0.01176
13	0.01176	0.00849	0.01110	0.01045	0.01241	0.00784	0.00784	0.01568	0.02352	0.03331	0.65184	0.06206	0.07839	0.01698	0.00980	0.00261	0.00392	0.01502	0.00914	0.00784
14	0.01023	0.00728	0.00961	0.01143	0.01188	0.00682	0.00756	0.01160	0.01569	0.02092	0.04468	0.66595	0.05355	0.06461	0.01240	0.00364	0.00500	0.02296	0.00756	0.00665
15	0.01582	0.01494	0.02494	0.65316	0.05536	0.01882	0.02281	0.02116	0.01641	0.02116	0.01456	0.02194	0.01107	0.00863	0.00930	0.00281	0.04681	0.00738	0.00369	0.00922
16	0.01046	0.00723	0.00973	0.01151	0.01195	0.00678	0.00767	0.01151	0.01551	0.02068	0.04336	0.65016	0.05181	0.02625	0.01230	0.06184	0.00501	0.02235	0.00739	0.00650
17	0.76672	0.01607	0.01221	0.01092	0.01607	0.01864	0.00900	0.02442	0.01414	0.03727	0.01157	0.01350	0.00900	0.00771	0.00514	0.00257	0.00643	0.00450	0.00514	0.00900
18	0.76672	0.01607	0.01221	0.01092	0.01607	0.01864	0.00900	0.02442	0.01414	0.03727	0.01157	0.01350	0.00900	0.00771	0.00514	0.00257	0.00643	0.00450	0.00514	0.00900
19	0.02066	0.01785	0.01878	0.01691	0.02160	0.02066	0.01315	0.04414	0.64121	0.03475	0.03381	0.03099	0.02536	0.01127	0.00845	0.00282	0.00657	0.00939	0.00845	0.01315
20	0.01873	0.01873	0.03441	0.25733	0.31461	0.01961	0.16589	0.02435	0.01832	0.02507	0.01562	0.02152	0.01234	0.00761	0.00862	0.00265	0.01124	0.00796	0.00399	0.01140
21	0.09377	0.01429	0.01873	0.01448	0.02081	0.01271	0.01196	0.03924	0.02303	0.61359	0.03113	0.02713	0.01967	0.01008	0.00811	0.00257	0.00702	0.00806	0.00988	0.01374
22	0.02221	0.71304	0.04353	0.01421	0.02132	0.03287	0.01421	0.02488	0.01688	0.01955	0.01155	0.01333	0.01066	0.00711	0.00533	0.00178	0.00888	0.00444	0.00355	0.01066
23	0.01178	0.00878	0.01259	0.01259	0.01398	0.00993	0.00955	0.01436	0.01352	0.01911	0.02620	0.03776	0.05759	0.13256	0.56634	0.01216	0.01964	0.00975	0.00470	0.00713
24	0.01491	0.00982	0.01137	0.01043	0.01361	0.00882	0.00801	0.01900	0.05884	0.11622	0.24176	0.06442	0.35598	0.01773	0.00952	0.00272	0.00467	0.01501	0.00854	0.00863
25	0.01185	0.00844	0.01150	0.01334	0.01452	0.00822	0.01046	0.01443	0.01737	0.02283	0.04405	0.36832	0.05030	0.05338	0.01238	0.00380	0.00638	0.31372	0.00757	0.00713
26	0.01010	0.00730	0.00957	0.01139	0.01200	0.00676	0.00763	0.01159	0.01608	0.02128	0.04796	0.66739	0.08877	0.02574	0.01056	0.00334	0.00479	0.02327	0.00771	0.00676
27	0.02868	0.01276	0.01662	0.01344	0.01840	0.01163	0.01084	0.05322	0.04824	0.41827	0.17877	0.03632	0.03430	0.01185	0.00850	0.00254	0.00613	0.00990	0.06749	0.01211
28	0.38267	0.01849	0.01734	0.01424	0.01997	0.05837	0.01165	0.15368	0.02233	0.20006	0.01883	0.01872	0.01313	0.00889	0.00676	0.00253	0.00767	0.00616	0.00706	0.01142
29	0.01045	0.00809	0.00956	0.01020	0.01202	0.00720	0.00743	0.01274	0.01872	0.02405	0.16844	0.28918	0.31730	0.02212	0.01017	0.00302	0.00455	0.04971	0.00796	0.00710
30	0.04880	0.32015	0.11703	0.01733	0.02409	0.17071	0.01642	0.07998	0.05835	0.02512	0.01722	0.01852	0.03694	0.00860	0.00677	0.00216	0.01031	0.00595	0.00464	0.01090
31	0.02154	0.63187	0.11881	0.01536	0.02309	0.03123	0.01621	0.02505	0.01696	0.02036	0.01196	0.01384	0.01064	0.00720	0.00564	0.00188	0.00930	0.00465	0.00355	0.01086
32	0.02863	0.02562	0.08761	0.01907	0.02572	0.08232	0.01665	0.45241	0.06609	0.04484	0.01990	0.02041	0.01442	0.00969	0.00807	0.00246	0.00957	0.00727	0.04609	0.01316
33	0.02589	0.02632	0.02371	0.05979	0.07510	0.30547	0.05913	0.03187	0.10531	0.10195	0.05401	0.02568	0.04937	0.00995	0.00822	0.00245	0.01112	0.00794	0.00593	0.01080
34	0.01700	0.08375	0.62718	0.02310	0.03506	0.02012	0.02969	0.02622	0.01750	0.02590	0.01470	0.01728	0.01053	0.00784	0.00774	0.00258	0.01207	0.00604	0.00351	0.01218
35	0.01011	0.00728	0.00959	0.01143	0.01201	0.00676	0.00765	0.01158	0.01603	0.02126	0.04741	0.67624	0.08028	0.02582	0.01057	0.00335	0.00479	0.02336	0.00771	0.00676
36	0.01214	0.01136	0.05779	0.01140	0.01433	0.00910	0.00946	0.01702	0.05255	0.03047	0.45090	0.08591	0.17185	0.01713	0.00963	0.00269	0.00474	0.01489	0.00840	0.00823
37	0.08165	0.52361	0.03709	0.01541	0.02179	0.16086	0.01418	0.02651	0.01801	0.02108	0.01181	0.01367	0.01054	0.00745	0.00575	0.00191	0.00992	0.00463	0.00382	0.01032
38	0.76672	0.01607	0.01221	0.01092	0.01607	0.01864	0.00900	0.02442	0.01414	0.03727	0.01157	0.01350	0.00900	0.00771	0.00514	0.00257	0.00643	0.00450	0.00514	0.00900
39	0.76672	0.01607	0.01221	0.01092	0.01607	0.01864	0.00900	0.02442	0.01414	0.03727	0.01157	0.01350	0.00900	0.00771	0.00514	0.00257	0.00643	0.00450	0.00514	0.00900
40	0.01937	0.01805	0.03034	0.04506	0.55012	0.01805	0.02349	0.02412	0.01895	0.02676	0.02034	0.03271	0.01891	0.00998	0.00876	0.00269	0.00950	0.10585	0.00470	0.01224
41	0.02051	0.01988	0.03452	0.05015	0.62410	0.01981	0.05697	0.02555	0.01895	0.02711	0.01569	0.02066	0.01313	0.00738	0.00831	0.00248	0.01009	0.00753	0.00412	0.01306
42	0.57827	0.05540	0.04244	0.01273	0.01801	0.08894	0.01087	0.02500	0.01592	0.03388	0.04555	0.01637	0.01298	0.00827	0.00576	0.00249	0.00758	0.00521	0.00511	0.00923
43	0.03512	0.01496	0.01940	0.01498	0.02124	0.01361	0.01234	0.11155	0.02541	0.55308	0.03390	0.02997	0.05305	0.01081	0.00843	0.00257	0.00717	0.00873	0.00990	0.01376
44	0.01007	0.00850	0.00877	0.00891	0.01165	0.00720	0.00682	0.01230	0.01895	0.02262	0.08128	0.08094	0.60951	0.02118	0.00994	0.00288	0.00445	0.05928	0.00771	0.00706
45	0.02221	0.71304	0.04353	0.01421	0.02132	0.03287	0.01421	0.02488	0.01688	0.01955	0.01155	0.01333	0.01066	0.00711	0.00533	0.00178	0.00888	0.00444	0.00355	0.01066
46	0.02221	0.71304	0.04353	0.01421	0.02132	0.03287	0.01421	0.02488	0.01688	0.01955	0.01155	0.01333	0.01066	0.00711	0.00533	0.00178	0.00888	0.00444	0.00355	0.01066
47	0.01012	0.00723	0.00964	0.01157	0.01205	0.00675	0.00771	0.01157	0.01591	0.02121	0.04579	0.70262	0.05495	0.02603	0.01060	0.00337	0.00482	0.02362	0.00771	0.00675
48	0.01734	0.03882	0.55477	0.02596	0.09775	0.01944	0.02891	0.02750	0.06235	0.02700	0.01634	0.01881	0.01185	0.00808	0.00797	0.00263	0.01163	0.00650	0.00392	0.01243
49	0.01851	0.17474	0.45364	0.02034	0.03089	0.02099	0.02468	0.02594	0.01758	0.04558	0.01479	0.01700	0.01105	0.00764	0.00722	0.00232	0.01081	0.00575	0.00388	0.08668
50	0.72108	0.01770	0.05193	0.01170	0.01728	0.01868	0.01032	0.02453	0.01434	0.03661	0.01177	0.01374	0.00909	0.00772	0.00531	0.00257	0.00678	0.00460	0.00504	0.00920
51	0.01666	0.04297	0.66500	0.02368	0.03596	0.01929	0.03069	0.02631	0.01754	0.02631	0.01491	0.01754	0.01052	0.00789	0.00789	0.00263	0.01228	0.00614	0.00351	0.01228
52	0.01012	0.00723	0.00964	0.01157	0.01205	0.00675	0.00771	0.01157	0.01591	0.02121	0.04579	0.70262	0.05495	0.02603	0.01060	0.00337	0.00482	0.02362	0.00771	0.00675
53	0.01719	0.03954	0.56682	0.02661	0.08103	0.01947	0.08150	0.02628	0.01782	0.02639	0.01512	0.01817	0.01089	0.00778	0.00808	0.00263	0.01225	0.00654	0.00361	0.01225
54	0.05589	0.11633	0.05476	0.02740	0.20030	0.04293	0.06343	0.08438	0.11433	0.12821	0.02063	0.02180	0.01547	0.00866	0.00784	0.00247	0.00917	0.00739	0.00605	0.01258
55	0.01193	0.00799	0.00911	0.00925	0.00929	0.00795	0.00524	0.01204	0.01238	0.01650	0.02769	0.10457	0.03212	0.65522	0.03983	0.00769	0.00780	0.01297	0.00524	0.00517
56	0.00982	0.00842	0.00842	0.00842	0.01122	0.00701	0.00631	0.01192	0.01894	0.02244	0.08416	0.07995	0.65285	0.02104	0.00982	0.00281	0.00421	0.01753	0.00771	0.00701
57	0.02300	0.02131	0.02150	0.02118	0.08750	0.10408	0.01503	0.09605	0.44219	0.03380	0.02798	0.02685	0.02119	0.01041	0.00829	0.00267	0.00822	0.00849	0.00747	0.01280
58	0.02036	0.02076	0.05853	0.04911	0.60038	0.01979	0.05731	0.02559	0.01890	0.02708	0.01566	0.02054	0.01303	0.00740	0.00829	0.00249	0.01018	0.00748	0.00409	0.01302
59	0.01012	0.00723	0.00964	0.01157	0.01205	0.00675	0.00771	0.01157	0.01591	0.02121	0.04579	0.70262	0.05495	0.02603	0.01060	0.00337	0.00482	0.02362	0.00771	0.00675
60	0.72968	0.05074	0.01377	0.01109	0.01633	0.01934	0.00926	0.02444	0.01427	0.03639	0.01157	0.01349	0.00908	0.00768	0.00515	0.00253	0.00655	0.00450	0.00506	0.00908
61	0.00995	0.00831	0.00854	0.00869	0.01118	0.00704	0.00636	0.01190	0.01836	0.02203	0.07830	0.12690	0.57556	0.05561	0.01149	0.00311	0.00445	0.01773	0.00758	0.00689
62	0.01671	0.01592	0.02788	0.51110	0.13005	0.01846	0.08598	0.02226	0.01725	0.02294	0.01559	0.02233	0.01191	0.00811	0.00835	0.00270	0.01094	0.00765	0.03400	0.00988
63	0.07354	0.01855	0.02071	0.01621	0.02247	0.06609	0.01327	0.19317	0.02726	0.42108	0.02680	0.02432	0.01753	0.00994	0.00811	0.00252	0.00818	0.00770	0.00904	0.01353
64	0.01263	0.00986	0.01401	0.01363	0.01463	0.01175	0.01036	0.01489	0.01317	0.01892	0.02247	0.06284	0.02255	0.16310	0.45860	0.01081	0.10415	0.00985	0.00458	0.00720
65	0.03208	0.01816	0.02194	0.01978	0.08573	0.05076	0.01448	0.18345	0.05272	0.36189	0.02741	0.05200	0.01930	0.01050	0.00838	0.00256	0.00816	0.00854	0.00868	0.01347
66	0.26676	0.18175	0.15991	0.01697	0.02450	0.02242	0.05963	0.07232	0.03814	0.03073	0.01417	0.01620	0.01105	0.00777	0.00650	0.00235	0.00895	0.00562	0.00471	0.04957

[dist]
# distance from previous block
# <min> <max>
1	2

[block]
# block no. 1 follows, 22 sequences, length 21
# corresponding to MSA columns:
# 128-148
name=unknown_B
#
# <colnr> <probs for GDERKNQSTAVLIFYWHMCP>
#	G	D	E	R	K	N	Q	S	T	A	V	L	I	F	Y	W	H	M	C	P
0	0.01940	0.02180	0.04564	0.03312	0.04032	0.02165	0.53881	0.02566	0.01862	0.02566	0.01596	0.02180	0.01236	0.00808	0.01231	0.00292	0.11143	0.00944	0.00412	0.01090
1	0.01676	0.01483	0.01417	0.01290	0.01624	0.08564	0.00987	0.10040	0.09048	0.03023	0.20621	0.08979	0.24730	0.01636	0.00925	0.00267	0.00628	0.01366	0.00786	0.00911
2	0.01025	0.00836	0.00906	0.00904	0.01152	0.00717	0.00672	0.01269	0.01971	0.02466	0.20141	0.11490	0.49461	0.02049	0.00986	0.00280	0.00419	0.01738	0.00802	0.00717
3	0.02072	0.01769	0.06506	0.05081	0.11579	0.01477	0.07039	0.02507	0.01843	0.12787	0.01934	0.05494	0.01570	0.00872	0.00865	0.00215	0.04347	0.00752	0.00553	0.30737
4	0.06918	0.52496	0.17413	0.01602	0.02410	0.02905	0.01739	0.02515	0.01684	0.02214	0.01227	0.01424	0.01052	0.00731	0.00587	0.00201	0.00945	0.00481	0.00365	0.01090
5	0.05496	0.11973	0.43341	0.02313	0.06031	0.02141	0.05079	0.02670	0.05220	0.02623	0.01530	0.01795	0.01152	0.00825	0.00853	0.00258	0.04496	0.00630	0.00393	0.01180
6	0.06137	0.08564	0.04727	0.01383	0.02090	0.01422	0.03770	0.02145	0.01705	0.02653	0.01614	0.05633	0.01434	0.00759	0.00650	0.00161	0.00696	0.00619	0.00487	0.53351
7	0.02074	0.21733	0.31679	0.02125	0.03060	0.02318	0.09103	0.06110	0.05562	0.06306	0.01663	0.01849	0.01244	0.00803	0.00750	0.00242	0.01075	0.00649	0.00454	0.01198
8	0.17655	0.16916	0.22092	0.01648	0.02428	0.02087	0.01740	0.08320	0.01891	0.02987	0.03767	0.04662	0.01503	0.00881	0.00683	0.00232	0.00882	0.00651	0.00485	0.08489
9	0.09232	0.11769	0.17748	0.02100	0.02866	0.12508	0.10962	0.08428	0.04807	0.09407	0.01725	0.01886	0.01275	0.00833	0.00764	0.00245	0.01092	0.00669	0.00524	0.01159
10	0.09428	0.02439	0.18789	0.01838	0.02580	0.04717	0.04725	0.12982	0.02293	0.16316	0.05648	0.02659	0.01916	0.00994	0.00807	0.00255	0.00921	0.04008	0.00658	0.06027
11	0.02508	0.19177	0.06940	0.05294	0.06184	0.01972	0.05094	0.07931	0.02156	0.21225	0.05899	0.02607	0.04946	0.00960	0.00772	0.00235	0.00846	0.00784	0.00656	0.03812
12	0.16856	0.06776	0.18435	0.02120	0.08518	0.01889	0.05598	0.05991	0.05123	0.18023	0.01967	0.02042	0.01392	0.00855	0.00751	0.00255	0.00913	0.00682	0.00602	0.01213
13	0.09801	0.08845	0.19912	0.01888	0.06322	0.01866	0.01770	0.07607	0.05130	0.06532	0.07407	0.02574	0.05504	0.00993	0.00848	0.00246	0.03975	0.00764	0.00560	0.07456
14	0.13187	0.05531	0.10983	0.02372	0.15246	0.01961	0.01770	0.07786	0.12674	0.08151	0.02063	0.02421	0.01628	0.00956	0.00850	0.00260	0.03725	0.03405	0.00591	0.04439
15	0.20643	0.02084	0.12293	0.09036	0.17226	0.01799	0.04367	0.05902	0.01865	0.03065	0.05127	0.02431	0.01684	0.00902	0.00761	0.00257	0.00897	0.03688	0.00499	0.05474
16	0.06737	0.02248	0.10810	0.03291	0.28522	0.05060	0.08726	0.04415	0.05626	0.06094	0.05394	0.02289	0.01722	0.00843	0.00814	0.00249	0.00978	0.00771	0.00513	0.04897
17	0.13056	0.02662	0.20606	0.02674	0.18099	0.07490	0.04197	0.05497	0.04570	0.06166	0.01721	0.01973	0.01303	0.00825	0.00754	0.00250	0.00993	0.00668	0.05331	0.01167
18	0.11360	0.05644	0.08303	0.02652	0.18490	0.05777	0.05173	0.15010	0.02278	0.07203	0.01807	0.02261	0.01444	0.00891	0.00779	0.00247	0.00949	0.03581	0.00564	0.05588
19	0.09748	0.02236	0.09219	0.06084	0.19518	0.05569	0.07459	0.09604	0.08795	0.10766	0.01956	0.02147	0.01450	0.00860	0.00804	0.00257	0.00972	0.00743	0.00582	0.01231
20	0.09866	0.02101	0.10053	0.03246	0.31670	0.01848	0.02036	0.09609	0.02156	0.12646	0.05337	0.02288	0.01726	0.00875	0.00799	0.00252	0.00897	0.00754	0.00583	0.01260

[dist]
# distance from previous block
# <min> <max>
15	36

[block]
# block no. 2 follows, 22 sequences, length 479
# corresponding to MSA columns:
# 218-696
name=unknown_C
#
# <colnr> <probs for GDERKNQSTAVLIFYWHMCP>
#	G	D	E	R	K	N	Q	S	T	A	V	L	I	F	Y	W	H	M	C	P
0	0.02158	0.08488	0.06210	0.03667	0.36076	0.02136	0.07842	0.11104	0.04955	0.02971	0.01729	0.02200	0.01430	0.04289	0.00981	0.00274	0.00994	0.00763	0.00488	0.01243
1	0.02191	0.02032	0.05567	0.03977	0.44610	0.01953	0.02211	0.08586	0.07742	0.05498	0.01828	0.02141	0.01449	0.00805	0.00811	0.00243	0.00925	0.00741	0.00518	0.06171
2	0.02116	0.09250	0.18078	0.03248	0.29315	0.02047	0.02256	0.02985	0.11954	0.07839	0.01938	0.02144	0.01486	0.00835	0.00791	0.00250	0.00959	0.00721	0.00511	0.01278
3	0.02408	0.05530	0.08873	0.06136	0.24569	0.08148	0.01958	0.05718	0.07366	0.14355	0.02328	0.02463	0.04613	0.00923	0.00811	0.00250	0.00950	0.00778	0.00589	0.01235
4	0.01772	0.16514	0.07983	0.02460	0.20004	0.01829	0.01659	0.02251	0.04555	0.02496	0.05160	0.15045	0.02390	0.01138	0.00783	0.00236	0.00795	0.00986	0.00517	0.11426
5	0.15426	0.01928	0.07654	0.02183	0.12217	0.01782	0.04482	0.13828	0.05086	0.14389	0.10523	0.02643	0.02297	0.00991	0.00799	0.00257	0.00811	0.00820	0.00695	0.01189
6	0.05552	0.01870	0.02523	0.02474	0.14808	0.07905	0.10877	0.05629	0.05211	0.11541	0.07964	0.05359	0.05235	0.01027	0.00840	0.00247	0.00890	0.00921	0.00629	0.08499
7	0.05368	0.07771	0.12609	0.04326	0.08191	0.01663	0.01629	0.05870	0.04843	0.20209	0.10439	0.02694	0.02340	0.00974	0.00788	0.00241	0.00803	0.00797	0.00681	0.07763
8	0.06044	0.01679	0.04889	0.01562	0.02141	0.01542	0.03972	0.10356	0.13206	0.17035	0.13809	0.03055	0.02835	0.01057	0.00815	0.00241	0.00703	0.00885	0.00780	0.13394
9	0.20853	0.01697	0.01923	0.01539	0.02139	0.01747	0.03581	0.11913	0.13380	0.22175	0.02354	0.02264	0.01655	0.00925	0.00742	0.00248	0.00730	0.00719	0.00765	0.08650
10	0.40923	0.01601	0.01773	0.08040	0.11169	0.01763	0.01326	0.06394	0.01802	0.08925	0.04543	0.05164	0.01643	0.00938	0.00683	0.00261	0.00739	0.00709	0.00582	0.01024
11	0.02128	0.01997	0.03315	0.04892	0.61525	0.02013	0.02486	0.06468	0.02022	0.02878	0.01591	0.02052	0.01322	0.00757	0.00823	0.00247	0.00982	0.00741	0.00438	0.01322
12	0.02294	0.01894	0.03167	0.04584	0.56588	0.01867	0.02361	0.02763	0.01961	0.11746	0.01807	0.02166	0.01421	0.00781	0.00824	0.00248	0.00947	0.00754	0.00499	0.01330
13	0.02660	0.01518	0.02004	0.01954	0.11023	0.01458	0.01353	0.08938	0.09156	0.29305	0.11761	0.03338	0.05800	0.01121	0.00851	0.00253	0.00698	0.00946	0.00846	0.05019
14	0.01980	0.01948	0.03477	0.12996	0.49265	0.01976	0.11062	0.02511	0.01872	0.02631	0.01568	0.02103	0.01281	0.00746	0.00846	0.00255	0.01061	0.00774	0.00407	0.01238
15	0.01881	0.01953	0.06363	0.03003	0.12185	0.01770	0.32151	0.02435	0.01920	0.05675	0.05058	0.05749	0.04884	0.01017	0.01008	0.00276	0.03849	0.03891	0.00515	0.04417
16	0.02765	0.03412	0.05398	0.02511	0.11365	0.46536	0.01782	0.05311	0.02239	0.02309	0.01360	0.01633	0.01126	0.00858	0.00851	0.00225	0.04535	0.00582	0.00438	0.04767
17	0.02743	0.01472	0.01908	0.01518	0.02067	0.04116	0.05099	0.03171	0.05109	0.36705	0.08384	0.06623	0.08394	0.01196	0.00858	0.00252	0.00714	0.01017	0.00861	0.07793
18	0.03063	0.06584	0.02425	0.02025	0.02511	0.49618	0.01563	0.11720	0.04883	0.05768	0.01558	0.01688	0.01223	0.00888	0.00759	0.00222	0.01317	0.00591	0.00527	0.01067
19	0.01190	0.00925	0.01269	0.01212	0.01418	0.00870	0.03906	0.01598	0.04921	0.02846	0.35978	0.24793	0.12039	0.01925	0.00997	0.00287	0.00484	0.01726	0.00831	0.00786
20	0.01207	0.00809	0.00927	0.00927	0.00934	0.00817	0.00529	0.01221	0.01214	0.01626	0.02599	0.05332	0.02975	0.67695	0.07276	0.00831	0.00874	0.01193	0.00501	0.00515
21	0.01693	0.07571	0.63464	0.02322	0.03524	0.01996	0.02989	0.02624	0.01751	0.02598	0.01474	0.01733	0.01053	0.00785	0.00777	0.00259	0.01211	0.00606	0.00351	0.01220
22	0.01208	0.00805	0.00906	0.00906	0.00906	0.00805	0.00503	0.01208	0.01208	0.01611	0.02618	0.05436	0.03020	0.70804	0.04228	0.00805	0.00805	0.01208	0.00503	0.00503
23	0.01774	0.01937	0.03715	0.02773	0.03408	0.05020	0.42320	0.02322	0.01871	0.02464	0.02517	0.05936	0.07748	0.01691	0.10140	0.00425	0.01383	0.01082	0.00474	0.01000
24	0.01735	0.01592	0.02318	0.01679	0.02403	0.01284	0.13231	0.02159	0.01764	0.02669	0.01669	0.05174	0.01445	0.00729	0.00710	0.00165	0.00765	0.00681	0.00491	0.57338
25	0.01569	0.01477	0.02492	0.68808	0.05722	0.01846	0.02307	0.02123	0.01661	0.02123	0.01477	0.02215	0.01107	0.00831	0.00831	0.00277	0.01107	0.00738	0.00369	0.00923
26	0.01965	0.02179	0.04510	0.03271	0.04041	0.02115	0.54144	0.02806	0.08024	0.02714	0.01823	0.02308	0.01379	0.00773	0.01038	0.00284	0.04069	0.00966	0.00460	0.01131
27	0.01390	0.01107	0.01227	0.01170	0.01387	0.03658	0.00855	0.04546	0.07953	0.02914	0.33142	0.14389	0.11271	0.09670	0.01335	0.00335	0.00548	0.01484	0.00804	0.00815
28	0.01012	0.00723	0.00964	0.01157	0.01205	0.00675	0.00771	0.01157	0.01591	0.02121	0.04579	0.70262	0.05495	0.02603	0.01060	0.00337	0.00482	0.02362	0.00771	0.00675
29	0.01012	0.00723	0.00964	0.01157	0.01205	0.00675	0.00771	0.01157	0.01591	0.02121	0.04579	0.70262	0.05495	0.02603	0.01060	0.00337	0.00482	0.02362	0.00771	0.00675
30	0.01027	0.00839	0.00907	0.00900	0.01152	0.00719	0.00671	0.01276	0.01985	0.02486	0.21131	0.10104	0.49846	0.02032	0.00985	0.00278	0.00417	0.01721	0.00804	0.00719
31	0.02024	0.01942	0.03315	0.09239	0.61730	0.01966	0.02534	0.02522	0.01877	0.02676	0.01557	0.02066	0.01302	0.00746	0.00823	0.00249	0.00995	0.00740	0.00408	0.01290
32	0.01689	0.01441	0.01687	0.01227	0.01933	0.01087	0.00974	0.02048	0.01716	0.02679	0.01622	0.04944	0.01431	0.00709	0.00636	0.00133	0.00609	0.00580	0.00505	0.72348
33	0.71792	0.01598	0.01304	0.05493	0.01874	0.01862	0.00991	0.02421	0.01430	0.03623	0.01178	0.01406	0.00913	0.00775	0.00535	0.00258	0.00673	0.00469	0.00505	0.00901
34	0.68477	0.01585	0.01376	0.01195	0.01703	0.01804	0.03609	0.02395	0.01499	0.03655	0.05340	0.01704	0.01366	0.00828	0.00565	0.00258	0.00660	0.00542	0.00536	0.00902
35	0.02056	0.01974	0.03372	0.05099	0.65622	0.01974	0.02550	0.02550	0.01892	0.02714	0.01563	0.02056	0.01316	0.00740	0.00822	0.00247	0.00987	0.00740	0.00411	0.01316
36	0.01443	0.00722	0.01082	0.01082	0.01082	0.00722	0.00722	0.01082	0.01082	0.01443	0.01443	0.02525	0.01443	0.02886	0.03247	0.75830	0.00722	0.00722	0.00361	0.00361
37	0.01203	0.00825	0.01006	0.01006	0.01040	0.00860	0.00628	0.01272	0.01238	0.01685	0.02526	0.04932	0.02801	0.55807	0.18926	0.00928	0.01135	0.01134	0.00490	0.00559
38	0.02089	0.45995	0.19396	0.01750	0.02515	0.05716	0.01868	0.02518	0.01698	0.02128	0.01238	0.01484	0.01065	0.00799	0.00791	0.00216	0.06771	0.00514	0.00358	0.01088
39	0.01107	0.00860	0.01197	0.01262	0.01420	0.00796	0.03913	0.01337	0.01746	0.02278	0.07892	0.43603	0.16593	0.02329	0.01050	0.00327	0.00552	0.10260	0.00759	0.00720
40	0.01899	0.21162	0.47858	0.02088	0.03159	0.02242	0.02569	0.02658	0.01765	0.05295	0.01485	0.01695	0.01101	0.00780	0.00726	0.00241	0.01118	0.00581	0.00382	0.01195
41	0.01187	0.00890	0.01335	0.01335	0.01483	0.01038	0.01038	0.01483	0.01335	0.01928	0.02225	0.03264	0.02077	0.06231	0.67512	0.01335	0.02225	0.00890	0.00445	0.00742
42	0.02574	0.01722	0.01936	0.01638	0.02163	0.01868	0.01302	0.11732	0.38484	0.19054	0.05934	0.03029	0.02510	0.01112	0.00847	0.00271	0.00691	0.00914	0.00891	0.01328
43	0.03165	0.05349	0.04800	0.01796	0.02447	0.08237	0.01518	0.33030	0.05933	0.21806	0.02298	0.02196	0.01585	0.00978	0.00810	0.00247	0.00909	0.00743	0.00810	0.01344
44	0.01666	0.04297	0.66500	0.02368	0.03596	0.01929	0.03069	0.02631	0.01754	0.02631	0.01491	0.01754	0.01052	0.00789	0.00789	0.00263	0.01228	0.00614	0.00351	0.01228
45	0.38304	0.01807	0.04678	0.01398	0.01920	0.01916	0.01174	0.11338	0.16449	0.03715	0.04942	0.02283	0.01788	0.04049	0.00837	0.00287	0.00708	0.00698	0.00647	0.01062
46	0.02580	0.05668	0.05510	0.01840	0.02432	0.08472	0.01539	0.27061	0.28565	0.03915	0.02438	0.02363	0.01813	0.01014	0.00813	0.00257	0.00877	0.00786	0.00752	0.01304
47	0.02888	0.05709	0.05479	0.01808	0.02451	0.02351	0.01540	0.44424	0.08840	0.09025	0.02176	0.02277	0.01604	0.04397	0.00982	0.00277	0.00885	0.00772	0.00784	0.01333
48	0.02278	0.05139	0.06309	0.01701	0.02242	0.04524	0.04101	0.16091	0.18763	0.09629	0.16812	0.03271	0.03177	0.01149	0.00856	0.00259	0.00772	0.00958	0.00785	0.01184
49	0.02112	0.01498	0.01901	0.01377	0.02102	0.01173	0.03742	0.02487	0.01857	0.14708	0.01826	0.01954	0.01388	0.00697	0.00673	0.00155	0.00667	0.00579	0.00590	0.58513
50	0.01961	0.02241	0.04902	0.03501	0.04342	0.02101	0.62605	0.02661	0.01961	0.02661	0.01681	0.02241	0.01261	0.00700	0.00980	0.00280	0.01401	0.00980	0.00420	0.01120
51	0.02232	0.58161	0.06816	0.01504	0.02196	0.06261	0.01481	0.05327	0.01862	0.02212	0.04413	0.01634	0.01420	0.00784	0.00592	0.00191	0.00911	0.00524	0.00409	0.01070
52	0.05255	0.06039	0.26090	0.01856	0.05477	0.01606	0.01872	0.02522	0.01784	0.08292	0.01614	0.01811	0.01218	0.00734	0.00700	0.00201	0.00884	0.00575	0.00477	0.30992
53	0.02856	0.01961	0.02472	0.01900	0.02519	0.02054	0.08128	0.36062	0.05926	0.15674	0.09403	0.02698	0.02289	0.01055	0.00866	0.00257	0.00860	0.00883	0.00832	0.01305
54	0.01074	0.00803	0.01146	0.01237	0.01338	0.00749	0.03299	0.01277	0.01715	0.02316	0.13131	0.58318	0.05657	0.02396	0.01046	0.00324	0.00507	0.02182	0.00777	0.00709
55	0.01220	0.00896	0.01149	0.01077	0.01287	0.00848	0.00810	0.01709	0.05425	0.03339	0.62109	0.06051	0.07575	0.01670	0.00973	0.00262	0.00405	0.01474	0.00911	0.00810
56	0.03065	0.02120	0.02246	0.01756	0.02352	0.05104	0.01429	0.45829	0.03383	0.13564	0.02212	0.02309	0.01601	0.04275	0.00975	0.00272	0.00879	0.00774	0.04537	0.01318
57	0.01872	0.02005	0.04064	0.20670	0.13216	0.02017	0.38612	0.02506	0.01873	0.02529	0.01611	0.02208	0.01228	0.00740	0.00920	0.00275	0.01267	0.00884	0.00406	0.01096
58	0.01187	0.00890	0.01335	0.01335	0.01483	0.01038	0.01038	0.01483	0.01335	0.01928	0.02225	0.03264	0.02077	0.06231	0.67512	0.01335	0.02225	0.00890	0.00445	0.00742
59	0.02046	0.02003	0.03540	0.04924	0.58906	0.01988	0.09132	0.02562	0.01899	0.02708	0.01576	0.02076	0.01310	0.00736	0.00840	0.00250	0.01032	0.00767	0.00412	0.01294
60	0.02793	0.04845	0.05235	0.01570	0.02149	0.01660	0.01342	0.11037	0.16499	0.29851	0.05880	0.03073	0.02364	0.01095	0.00827	0.00260	0.00728	0.02993	0.04516	0.01282
61	0.01012	0.00723	0.00964	0.01157	0.01205	0.00675	0.00771	0.01157	0.01591	0.02121	0.04579	0.70262	0.05495	0.02603	0.01060	0.00337	0.00482	0.02362	0.00771	0.00675
62	0.03727	0.01414	0.01928	0.01478	0.02121	0.01221	0.01221	0.04049	0.02378	0.66198	0.03277	0.02828	0.02056	0.01028	0.00835	0.00257	0.00707	0.00835	0.01028	0.01414
63	0.01840	0.02050	0.04332	0.09138	0.04185	0.01956	0.51790	0.02485	0.01928	0.02576	0.02249	0.02740	0.06823	0.00834	0.00967	0.00280	0.01289	0.01026	0.00446	0.01066
64	0.01918	0.01947	0.03653	0.18743	0.33252	0.01985	0.21188	0.02489	0.01862	0.02566	0.01580	0.02149	0.01252	0.00748	0.00873	0.00264	0.01142	0.00815	0.00405	0.01168
65	0.01012	0.00723	0.00964	0.01157	0.01205	0.00675	0.00771	0.01157	0.01591	0.02121	0.04579	0.70262	0.05495	0.02603	0.01060	0.00337	0.00482	0.02362	0.00771	0.00675
66	0.01159	0.00807	0.01019	0.01062	0.01107	0.00831	0.00688	0.01261	0.01323	0.01798	0.02962	0.19358	0.03351	0.40540	0.18305	0.00825	0.01065	0.01391	0.00549	0.00597
67	0.01666	0.04297	0.66500	0.02368	0.03596	0.01929	0.03069	0.02631	0.01754	0.02631	0.01491	0.01754	0.01052	0.00789	0.00789	0.00263	0.01228	0.00614	0.00351	0.01228
68	0.03554	0.01841	0.02081	0.01628	0.02254	0.07900	0.01329	0.15644	0.02679	0.47894	0.02830	0.02534	0.01833	0.01005	0.00826	0.00251	0.00825	0.00789	0.00931	0.01370
69	0.01666	0.04297	0.66500	0.02368	0.03596	0.01929	0.03069	0.02631	0.01754	0.02631	0.01491	0.01754	0.01052	0.00789	0.00789	0.00263	0.01228	0.00614	0.00351	0.01228
70	0.01846	0.01267	0.01499	0.01349	0.01700	0.01313	0.01040	0.02941	0.25220	0.11894	0.30776	0.07822	0.04966	0.01441	0.00914	0.00272	0.00538	0.01246	0.00897	0.01061
71	0.12572	0.10915	0.30364	0.01892	0.02753	0.10331	0.02056	0.02939	0.01892	0.14407	0.01712	0.01817	0.01221	0.00831	0.00726	0.00245	0.01047	0.00603	0.00509	0.01165
72	0.01060	0.00783	0.01048	0.01201	0.01254	0.00772	0.00823	0.01218	0.01613	0.02175	0.07435	0.63720	0.05396	0.02501	0.01138	0.00335	0.03839	0.02239	0.00758	0.00692
73	0.01190	0.00878	0.01273	0.01273	0.01400	0.01005	0.00961	0.01444	0.01317	0.01882	0.02282	0.03578	0.02213	0.15581	0.58348	0.01258	0.02020	0.00936	0.00453	0.00707
74	0.01888	0.01802	0.03068	0.27116	0.44922	0.01930	0.02466	0.02402	0.01812	0.02510	0.01533	0.02111	0.01244	0.00771	0.00825	0.00257	0.01029	0.00740	0.00397	0.01180
75	0.02636	0.02436	0.02175	0.01859	0.02380	0.16732	0.01461	0.22334	0.31705	0.03702	0.02485	0.02401	0.01862	0.01027	0.00820	0.00257	0.00924	0.00790	0.00748	0.01267
76	0.02056	0.01974	0.03372	0.05099	0.65622	0.01974	0.02550	0.02550	0.01892	0.02714	0.01563	0.02056	0.01316	0.00740	0.00822	0.00247	0.00987	0.00740	0.00411	0.01316
77	0.02056	0.01974	0.03372	0.05099	0.65622	0.01974	0.02550	0.02550	0.01892	0.02714	0.01563	0.02056	0.01316	0.00740	0.00822	0.00247	0.00987	0.00740	0.00411	0.01316
78	0.06388	0.03197	0.02203	0.01950	0.02381	0.44735	0.01497	0.11285	0.04516	0.02662	0.04295	0.02072	0.03936	0.00992	0.00867	0.00235	0.04573	0.00670	0.00531	0.01014
79	0.01268	0.00914	0.01168	0.01251	0.01399	0.00883	0.00927	0.04384	0.01772	0.02376	0.06683	0.36383	0.04670	0.11811	0.01487	0.00396	0.00622	0.16550	0.00728	0.04329
80	0.02017	0.02325	0.04777	0.03435	0.04255	0.05294	0.59625	0.02693	0.01980	0.02630	0.01661	0.02205	0.01251	0.00708	0.00969	0.00277	0.01405	0.00959	0.00421	0.01113
81	0.02032	0.01949	0.03328	0.08310	0.62603	0.01967	0.02537	0.02528	0.01880	0.02684	0.01558	0.02064	0.01305	0.00745	0.00823	0.00248	0.00993	0.00740	0.00409	0.01296
82	0.76672	0.01607	0.01221	0.01092	0.01607	0.01864	0.00900	0.02442	0.01414	0.03727	0.01157	0.01350	0.00900	0.00771	0.00514	0.00257	0.00643	0.00450	0.00514	0.00900
83	0.03727	0.01414	0.01928	0.01478	0.02121	0.01221	0.01221	0.04049	0.02378	0.66198	0.03277	0.02828	0.02056	0.01028	0.00835	0.00257	0.00707	0.00835	0.01028	0.01414
84	0.03108	0.03807	0.02367	0.02119	0.02569	0.61410	0.01603	0.08876	0.02499	0.02332	0.01350	0.01544	0.01102	0.00869	0.00757	0.00217	0.01444	0.00555	0.00466	0.01005
85	0.03008	0.02252	0.02408	0.01881	0.02519	0.02506	0.01543	0.54800	0.12203	0.04993	0.02186	0.02147	0.01568	0.01015	0.00833	0.00254	0.00879	0.00774	0.00833	0.01399
86	0.03145	0.01756	0.01961	0.01596	0.02164	0.06998	0.01283	0.08747	0.16161	0.39165	0.05847	0.02863	0.02291	0.01064	0.00837	0.00259	0.00764	0.00857	0.00917	0.01326
87	0.01443	0.00722	0.01082	0.01082	0.01082	0.00722	0.00722	0.01082	0.01082	0.01443	0.01443	0.02525	0.01443	0.02886	0.03247	0.75830	0.00722	0.00722	0.00361	0.00361
88	0.01331	0.00951	0.01328	0.01507	0.01698	0.00948	0.01312	0.01714	0.01934	0.02527	0.07320	0.09219	0.04928	0.02266	0.01139	0.00377	0.00747	0.57218	0.00772	0.00766
89	0.02056	0.01974	0.03372	0.05099	0.65622	0.01974	0.02550	0.02550	0.01892	0.02714	0.01563	0.02056	0.01316	0.00740	0.00822	0.00247	0.00987	0.00740	0.00411	0.01316
90	0.02534	0.02180	0.02083	0.01790	0.02307	0.10912	0.01409	0.17391	0.39211	0.06810	0.02783	0.02623	0.02063	0.01057	0.00829	0.00264	0.00830	0.00837	0.00795	0.01295
91	0.01167	0.00849	0.01098	0.01036	0.01236	0.00780	0.00777	0.01551	0.02331	0.03283	0.62657	0.06285	0.10396	0.01716	0.00980	0.00262	0.00393	0.01514	0.00908	0.00780
92	0.01176	0.00849	0.01110	0.01045	0.01241	0.00784	0.00784	0.01568	0.02352	0.03331	0.65184	0.06206	0.07839	0.01698	0.00980	0.00261	0.00392	0.01502	0.00914	0.00784
93	0.03158	0.02327	0.02493	0.01911	0.02576	0.02576	0.01579	0.62852	0.03906	0.05236	0.01995	0.01995	0.01413	0.00997	0.00831	0.00249	0.00914	0.00748	0.00831	0.01413
94	0.02691	0.01991	0.02219	0.01929	0.05385	0.02201	0.01479	0.29377	0.29453	0.10115	0.02689	0.02549	0.01950	0.01043	0.00837	0.00264	0.00788	0.00838	0.00836	0.01366
95	0.76672	0.01607	0.01221	0.01092	0.01607	0.01864	0.00900	0.02442	0.01414	0.03727	0.01157	0.01350	0.00900	0.00771	0.00514	0.00257	0.00643	0.00450	0.00514	0.00900
96	0.01800	0.01399	0.01579	0.01427	0.01797	0.01520	0.01102	0.03278	0.36761	0.06580	0.27638	0.04305	0.04593	0.01346	0.00898	0.00272	0.00556	0.01155	0.00882	0.01111
97	0.01028	0.00735	0.00983	0.01175	0.01231	0.00689	0.00799	0.01185	0.01607	0.02139	0.04570	0.67232	0.05459	0.02587	0.01065	0.00340	0.00496	0.05231	0.00771	0.00679
98	0.03011	0.01376	0.01776	0.01405	0.01981	0.01227	0.01139	0.03535	0.08266	0.45294	0.09204	0.03308	0.05495	0.01112	0.00836	0.00248	0.00651	0.00919	0.00938	0.08279
99	0.02221	0.71304	0.04353	0.01421	0.02132	0.03287	0.01421	0.02488	0.01688	0.01955	0.01155	0.01333	0.01066	0.00711	0.00533	0.00178	0.00888	0.00444	0.00355	0.01066
100	0.01569	0.01477	0.02492	0.68808	0.05722	0.01846	0.02307	0.02123	0.01661	0.02123	0.01477	0.02215	0.01107	0.00831	0.00831	0.00277	0.01107	0.00738	0.00369	0.00923
101	0.01339	0.00956	0.01339	0.01530	0.01721	0.00956	0.01339	0.01721	0.01912	0.02486	0.04399	0.09371	0.04781	0.02295	0.01147	0.00382	0.00765	0.60031	0.00765	0.00765
102	0.03727	0.01414	0.01928	0.01478	0.02121	0.01221	0.01221	0.04049	0.02378	0.66198	0.03277	0.02828	0.02056	0.01028	0.00835	0.00257	0.00707	0.00835	0.01028	0.01414
103	0.03727	0.01414	0.01928	0.01478	0.02121	0.01221	0.01221	0.04049	0.02378	0.66198	0.03277	0.02828	0.02056	0.01028	0.00835	0.00257	0.00707	0.00835	0.01028	0.01414
104	0.01308	0.00934	0.01303	0.01494	0.01672	0.00929	0.01285	0.01667	0.01882	0.02451	0.04416	0.15162	0.04849	0.02324	0.01139	0.00378	0.00738	0.54546	0.00766	0.00756
105	0.02066	0.01785	0.01878	0.01691	0.02160	0.02066	0.01315	0.04414	0.64121	0.03475	0.03381	0.03099	0.02536	0.01127	0.00845	0.00282	0.00657	0.00939	0.00845	0.01315
106	0.01143	0.00831	0.01077	0.01052	0.01230	0.00764	0.00775	0.01491	0.02220	0.03105	0.53737	0.15566	0.10202	0.01848	0.00992	0.00273	0.00406	0.01639	0.00887	0.00764
107	0.01012	0.00723	0.00964	0.01157	0.01205	0.00675	0.00771	0.01157	0.01591	0.02121	0.04579	0.70262	0.05495	0.02603	0.01060	0.00337	0.00482	0.02362	0.00771	0.00675
108	0.01004	0.00842	0.00873	0.00865	0.01136	0.00711	0.00649	0.01236	0.01946	0.02370	0.14966	0.07788	0.58657	0.02057	0.00982	0.00278	0.00417	0.01724	0.00788	0.00711
109	0.01961	0.02241	0.04902	0.03501	0.04342	0.02101	0.62605	0.02661	0.01961	0.02661	0.01681	0.02241	0.01261	0.00700	0.00980	0.00280	0.01401	0.00980	0.00420	0.01120
110	0.05799	0.67955	0.04203	0.01406	0.02107	0.03219	0.01396	0.02485	0.01675	0.02040	0.01155	0.01333	0.01058	0.00714	0.00532	0.00181	0.00877	0.00444	0.00363	0.01058
111	0.03565	0.01559	0.02004	0.01549	0.02186	0.01451	0.01275	0.12235	0.05673	0.54598	0.03104	0.02725	0.01991	0.01029	0.00835	0.00257	0.00733	0.00828	0.00992	0.01409
112	0.01812	0.01474	0.01732	0.01242	0.01976	0.01112	0.00995	0.02179	0.01752	0.05540	0.01557	0.01772	0.01267	0.00634	0.00625	0.00129	0.00619	0.00508	0.00516	0.72560
113	0.01159	0.00843	0.01091	0.01040	0.01234	0.00775	0.00776	0.01532	0.02297	0.03227	0.59847	0.09110	0.10435	0.01757	0.00983	0.00266	0.00397	0.01552	0.00901	0.00775
114	0.01823	0.01835	0.02641	0.02235	0.02269	0.02526	0.04301	0.02026	0.01300	0.02026	0.01115	0.01835	0.01097	0.01423	0.02655	0.00360	0.66510	0.00737	0.00366	0.00917
115	0.02375	0.01761	0.01870	0.01628	0.02078	0.04996	0.01334	0.26317	0.12209	0.06350	0.02872	0.04012	0.02463	0.01305	0.00868	0.00276	0.00789	0.14347	0.11010	0.01140
116	0.01010	0.00733	0.00953	0.01129	0.01198	0.00677	0.00759	0.01160	0.01617	0.02131	0.04913	0.64839	0.10702	0.02559	0.01054	0.00332	0.00477	0.02309	0.00771	0.00677
117	0.01772	0.08231	0.51259	0.02344	0.03431	0.02014	0.08364	0.05292	0.01860	0.02688	0.01630	0.04454	0.01262	0.00856	0.00803	0.00261	0.01179	0.00711	0.00396	0.01194
118	0.01694	0.01630	0.02262	0.01976	0.01985	0.02226	0.01610	0.01862	0.01285	0.01966	0.01452	0.05560	0.01528	0.08140	0.05636	0.00446	0.56631	0.00859	0.00400	0.00852
119	0.01130	0.00847	0.01048	0.00998	0.01213	0.00765	0.00748	0.01480	0.02244	0.03077	0.51912	0.06624	0.21269	0.01793	0.00980	0.00266	0.00399	0.01561	0.00881	0.00765
120	0.01726	0.04218	0.63915	0.02349	0.03554	0.01955	0.03009	0.05063	0.01841	0.02736	0.01511	0.01764	0.01067	0.00798	0.00791	0.00263	0.01215	0.00619	0.00370	0.01235
121	0.02933	0.02933	0.02273	0.01952	0.02464	0.32714	0.01519	0.20071	0.15636	0.06294	0.02013	0.02032	0.01517	0.00960	0.00796	0.00240	0.01124	0.00692	0.00655	0.01182
122	0.01012	0.00723	0.00964	0.01157	0.01205	0.00675	0.00771	0.01157	0.01591	0.02121	0.04579	0.70262	0.05495	0.02603	0.01060	0.00337	0.00482	0.02362	0.00771	0.00675
123	0.01167	0.00849	0.01098	0.01036	0.01236	0.00780	0.00777	0.01551	0.02331	0.03282	0.62601	0.06287	0.10452	0.01717	0.00980	0.00262	0.00393	0.01514	0.00908	0.00780
124	0.02849	0.02056	0.02237	0.01784	0.02379	0.02264	0.01451	0.41290	0.18249	0.09562	0.05306	0.02519	0.02027	0.01063	0.00842	0.00258	0.00812	0.00835	0.00854	0.01361
125	0.01266	0.00942	0.01380	0.01484	0.01655	0.00921	0.04121	0.01574	0.01784	0.02342	0.04230	0.26902	0.04733	0.05730	0.01267	0.00385	0.00714	0.37090	0.00737	0.00742
126	0.01163	0.00863	0.01093	0.01077	0.01288	0.00793	0.00835	0.01520	0.02204	0.03008	0.45926	0.06992	0.18066	0.01859	0.01004	0.00282	0.00451	0.09943	0.00866	0.00766
127	0.02035	0.01903	0.03148	0.16952	0.50186	0.01989	0.02441	0.06387	0.01979	0.02766	0.01574	0.02082	0.01283	0.00774	0.00825	0.00253	0.01005	0.00740	0.00431	0.01248
128	0.01988	0.01905	0.03250	0.13951	0.57300	0.01956	0.02516	0.02490	0.01860	0.02632	0.01551	0.02078	0.01287	0.00753	0.00824	0.00251	0.01004	0.00740	0.00405	0.01261
129	0.02012	0.01929	0.03293	0.10849	0.60216	0.01962	0.02528	0.02511	0.01871	0.02661	0.01555	0.02070	0.01297	0.00748	0.00823	0.00249	0.00998	0.00740	0.00407	0.01280
130	0.76672	0.01607	0.01221	0.01092	0.01607	0.01864	0.00900	0.02442	0.01414	0.03727	0.01157	0.01350	0.00900	0.00771	0.00514	0.00257	0.00643	0.00450	0.00514	0.00900
131	0.18409	0.02256	0.02223	0.01752	0.02375	0.05547	0.01439	0.47456	0.03314	0.04769	0.01787	0.01837	0.01290	0.00944	0.00761	0.00249	0.00886	0.00676	0.00746	0.01285
132	0.01569	0.01477	0.02492	0.68808	0.05722	0.01846	0.02307	0.02123	0.01661	0.02123	0.01477	0.02215	0.01107	0.00831	0.00831	0.00277	0.01107	0.00738	0.00369	0.00923
133	0.01569	0.01477	0.02492	0.68808	0.05722	0.01846	0.02307	0.02123	0.01661	0.02123	0.01477	0.02215	0.01107	0.00831	0.00831	0.00277	0.01107	0.00738	0.00369	0.00923
134	0.01666	0.01821	0.08729	0.02334	0.02907	0.01550	0.24206	0.02347	0.05949	0.02640	0.02910	0.05235	0.02808	0.01405	0.01006	0.00314	0.01029	0.25839	0.00590	0.04713
135	0.66223	0.01682	0.01371	0.01198	0.01724	0.01940	0.00983	0.08177	0.04660	0.03856	0.01342	0.01494	0.01026	0.00809	0.00560	0.00258	0.00669	0.00501	0.00560	0.00968
136	0.01064	0.00784	0.01054	0.01221	0.01274	0.00773	0.00846	0.01222	0.01592	0.02133	0.04411	0.64222	0.05260	0.02536	0.01140	0.00341	0.03626	0.05059	0.00752	0.00690
137	0.01339	0.00956	0.01339	0.01530	0.01721	0.00956	0.01339	0.01721	0.01912	0.02486	0.04399	0.09371	0.04781	0.02295	0.01147	0.00382	0.00765	0.60031	0.00765	0.00765
138	0.03727	0.01414	0.01928	0.01478	0.02121	0.01221	0.01221	0.04049	0.02378	0.66198	0.03277	0.02828	0.02056	0.01028	0.00835	0.00257	0.00707	0.00835	0.01028	0.01414
139	0.01062	0.00761	0.01012	0.01145	0.01233	0.00710	0.00796	0.01272	0.01777	0.02412	0.18466	0.53271	0.06005	0.02384	0.01045	0.00322	0.00472	0.04349	0.00804	0.00703
140	0.02195	0.68152	0.07277	0.01466	0.02201	0.03223	0.01499	0.02494	0.01691	0.01986	0.01171	0.01352	0.01065	0.00714	0.00545	0.00182	0.00904	0.00452	0.00355	0.01074
141	0.02066	0.01785	0.01878	0.01691	0.02160	0.02066	0.01315	0.04414	0.64121	0.03475	0.03381	0.03099	0.02536	0.01127	0.00845	0.00282	0.00657	0.00939	0.00845	0.01315
142	0.01019	0.00733	0.00955	0.01130	0.01187	0.00682	0.00752	0.01161	0.01589	0.02104	0.04685	0.64238	0.08398	0.05614	0.01197	0.00355	0.00493	0.02280	0.00759	0.00668
143	0.01683	0.01593	0.02698	0.53904	0.19734	0.01876	0.02364	0.02222	0.01715	0.02261	0.01497	0.02178	0.01156	0.00809	0.00829	0.00270	0.01079	0.00739	0.00379	0.01015
144	0.01702	0.08651	0.62462	0.02306	0.03500	0.02018	0.02962	0.02622	0.01750	0.02587	0.01469	0.01727	0.01053	0.00784	0.00773	0.00258	0.01206	0.00603	0.00351	0.01217
145	0.01012	0.00723	0.00964	0.01157	0.01205	0.00675	0.00771	0.01157	0.01591	0.02121	0.04579	0.70262	0.05495	0.02603	0.01060	0.00337	0.00482	0.02362	0.00771	0.00675
146	0.01029	0.00730	0.00959	0.01135	0.01179	0.00686	0.00748	0.01161	0.01557	0.02076	0.04408	0.64617	0.05279	0.08542	0.01336	0.00378	0.00510	0.02261	0.00748	0.00660
147	0.01095	0.00774	0.01018	0.01192	0.01285	0.00732	0.00860	0.01298	0.01672	0.02238	0.04653	0.52910	0.08197	0.02447	0.01051	0.00336	0.00527	0.12870	0.04147	0.00697
148	0.03054	0.02275	0.02435	0.01890	0.02537	0.02528	0.01554	0.57291	0.09636	0.05068	0.02126	0.02100	0.01520	0.01010	0.00832	0.00252	0.00890	0.00766	0.00832	0.01403
149	0.02465	0.52652	0.03800	0.01621	0.02253	0.21063	0.01472	0.02717	0.01873	0.01976	0.01191	0.01378	0.01067	0.00751	0.00593	0.00188	0.01057	0.00469	0.00375	0.01038
150	0.01012	0.00723	0.00964	0.01157	0.01205	0.00675	0.00771	0.01157	0.01591	0.02121	0.04579	0.70262	0.05495	0.02603	0.01060	0.00337	0.00482	0.02362	0.00771	0.00675
151	0.01012	0.00723	0.00964	0.01157	0.01205	0.00675	0.00771	0.01157	0.01591	0.02121	0.04579	0.70262	0.05495	0.02603	0.01060	0.00337	0.00482	0.02362	0.00771	0.00675
