[name]
unknown

[dist]
# distance from previous block
# <min> <max>
0	43

[block]
# block no. 0 follows, 22 sequences, length 34
# corresponding to MSA columns:
# 44-77
name=unknown_A
#
# <colnr> <probs for GDERKNQSTAVLIFYWHMCP>
#	G	D	E	R	K	N	Q	S	T	A	V	L	I	F	Y	W	H	M	C	P
0	0.01213	0.00866	0.01174	0.01309	0.01454	0.00841	0.01042	0.01515	0.01874	0.02504	0.15703	0.25181	0.05465	0.05406	0.01234	0.00367	0.00620	0.30716	0.00783	0.00732
1	0.02690	0.02122	0.02540	0.05047	0.02747	0.02341	0.07148	0.40498	0.16145	0.04382	0.02250	0.02359	0.01667	0.03027	0.00947	0.00276	0.00911	0.00822	0.00765	0.01316
2	0.16777	0.01487	0.02030	0.21874	0.03148	0.01543	0.04812	0.02683	0.01823	0.18701	0.01950	0.02186	0.01390	0.00840	0.00734	0.00242	0.00823	0.00688	0.04969	0.11297
3	0.01526	0.01022	0.01285	0.01169	0.01441	0.00990	0.00893	0.02164	0.10344	0.09142	0.51486	0.05493	0.06620	0.01563	0.00949	0.00264	0.00455	0.01368	0.00916	0.00911
4	0.01095	0.00747	0.00956	0.01088	0.01160	0.00706	0.00731	0.01273	0.01645	0.02284	0.10167	0.52022	0.05193	0.08443	0.01291	0.00358	0.00493	0.02028	0.07638	0.00679
5	0.10452	0.26890	0.10084	0.08275	0.06349	0.10506	0.01705	0.02851	0.10880	0.02519	0.01588	0.01787	0.01280	0.00818	0.00677	0.00229	0.00967	0.00593	0.00458	0.01090
6	0.01137	0.00933	0.01017	0.01036	0.01280	0.00872	0.00760	0.01612	0.09734	0.02429	0.09916	0.22334	0.39770	0.02079	0.00983	0.00293	0.00464	0.01784	0.00788	0.00777
7	0.01019	0.00737	0.00964	0.01131	0.01202	0.00682	0.00763	0.01182	0.01651	0.02195	0.08166	0.62880	0.09312	0.02522	0.01051	0.00330	0.00473	0.02277	0.00779	0.00682
8	0.05683	0.01562	0.02592	0.50677	0.04884	0.01898	0.07683	0.02172	0.01642	0.02280	0.01484	0.02164	0.01143	0.00878	0.00994	0.00281	0.07381	0.00745	0.02922	0.00933
9	0.11800	0.01825	0.01940	0.01580	0.02079	0.01994	0.01268	0.38688	0.03065	0.04363	0.11296	0.08792	0.02704	0.03685	0.00954	0.00280	0.00762	0.00982	0.00787	0.01159
10	0.01056	0.00757	0.01003	0.01127	0.01215	0.00704	0.00775	0.01266	0.01793	0.02443	0.20717	0.53205	0.06119	0.02362	0.01039	0.00317	0.00458	0.02133	0.00809	0.00704
11	0.01189	0.00882	0.01293	0.01293	0.01427	0.01016	0.00986	0.01456	0.01323	0.01897	0.02264	0.03476	0.02169	0.12554	0.61315	0.01283	0.02086	0.00921	0.00451	0.00718
12	0.11122	0.01609	0.02342	0.16248	0.08065	0.01579	0.09769	0.02330	0.03926	0.02753	0.01607	0.02003	0.01270	0.00740	0.00721	0.00213	0.00849	0.00657	0.04607	0.27590
13	0.01846	0.01701	0.02311	0.06488	0.06015	0.02170	0.01678	0.07721	0.06072	0.02524	0.04828	0.02614	0.05551	0.01582	0.05034	0.00371	0.39164	0.00852	0.00498	0.00982
14	0.01358	0.01057	0.01260	0.01172	0.01436	0.01063	0.00890	0.02171	0.16088	0.03274	0.46711	0.05661	0.11402	0.01604	0.00950	0.00267	0.00454	0.01398	0.00887	0.00895
15	0.01862	0.02202	0.08001	0.17008	0.04585	0.02038	0.46594	0.02547	0.01886	0.02547	0.01627	0.02207	0.01217	0.00733	0.00938	0.00278	0.01330	0.00909	0.00406	0.01086
16	0.02017	0.01733	0.01836	0.01655	0.02109	0.01995	0.01285	0.04256	0.60687	0.03467	0.06817	0.03272	0.02831	0.01159	0.00853	0.00281	0.00643	0.00971	0.00849	0.01285
17	0.01193	0.00785	0.01032	0.01172	0.01280	0.00724	0.00816	0.01364	0.01675	0.06099	0.04759	0.58884	0.09439	0.02456	0.01045	0.00331	0.00505	0.04929	0.00787	0.00726
18	0.01980	0.03661	0.45186	0.02698	0.03747	0.02025	0.17278	0.02725	0.01993	0.02902	0.05350	0.02500	0.01749	0.01003	0.00960	0.00317	0.01288	0.00840	0.00498	0.01301
19	0.06177	0.15990	0.45843	0.02228	0.03285	0.02185	0.08132	0.02597	0.01741	0.02576	0.01428	0.01699	0.01065	0.00766	0.00745	0.00249	0.01148	0.00608	0.00368	0.01170
20	0.01207	0.00811	0.00936	0.00936	0.00947	0.00822	0.00541	0.01227	0.01217	0.01633	0.02590	0.05284	0.02954	0.66279	0.08663	0.00843	0.00905	0.01186	0.00499	0.00520
21	0.02938	0.01487	0.01831	0.01471	0.01988	0.01451	0.01174	0.13618	0.08764	0.36264	0.09717	0.03334	0.02716	0.07939	0.01184	0.00312	0.00713	0.00940	0.00912	0.01246
22	0.02313	0.53215	0.03823	0.01674	0.04627	0.09417	0.01477	0.04502	0.07940	0.02235	0.01426	0.01569	0.01230	0.00775	0.00605	0.00196	0.00930	0.00522	0.00426	0.01100
23	0.23224	0.05747	0.02056	0.05250	0.02301	0.02188	0.01323	0.29071	0.08564	0.04090	0.02141	0.02210	0.04357	0.00973	0.00727	0.00252	0.00785	0.00714	0.02866	0.01162
24	0.01155	0.04169	0.01158	0.01008	0.01259	0.00898	0.00765	0.01504	0.04139	0.02682	0.29575	0.13037	0.31864	0.01898	0.00963	0.00274	0.00446	0.01628	0.00810	0.00769
25	0.01642	0.01556	0.07682	0.01804	0.02277	0.01289	0.15617	0.02221	0.05487	0.07438	0.34106	0.04313	0.04716	0.01363	0.01053	0.03810	0.00753	0.01190	0.00728	0.00954
26	0.01383	0.00956	0.01105	0.01062	0.01144	0.00991	0.00677	0.07267	0.01511	0.02031	0.02658	0.09442	0.02949	0.53239	0.09504	0.00767	0.00924	0.01215	0.00549	0.00626
27	0.09229	0.01719	0.02572	0.29502	0.16486	0.01861	0.05294	0.08519	0.01940	0.02830	0.01527	0.02009	0.01186	0.00787	0.00777	0.00245	0.00966	0.00691	0.00459	0.11401
28	0.01895	0.17669	0.43093	0.02141	0.03087	0.06859	0.02509	0.02588	0.01735	0.02389	0.01369	0.01656	0.01060	0.00843	0.00924	0.00252	0.07842	0.00585	0.00358	0.01145
29	0.69356	0.01669	0.01581	0.01328	0.01874	0.01887	0.06943	0.02463	0.01467	0.03623	0.01208	0.01437	0.00935	0.00764	0.00560	0.00259	0.00717	0.00502	0.00505	0.00921
30	0.01794	0.02077	0.09487	0.25139	0.09682	0.02050	0.19172	0.02467	0.05091	0.02430	0.01590	0.02153	0.01238	0.00888	0.01143	0.00287	0.11037	0.00803	0.00410	0.01062
31	0.08781	0.01781	0.02853	0.24202	0.39156	0.01927	0.02281	0.02472	0.03887	0.02651	0.01560	0.02075	0.01255	0.00784	0.00797	0.00258	0.00981	0.00720	0.00422	0.01157
32	0.02728	0.01324	0.01711	0.01330	0.01915	0.01106	0.01073	0.03061	0.02164	0.38119	0.10282	0.04949	0.05037	0.01083	0.00807	0.00226	0.00629	0.00900	0.00858	0.20698
33	0.01739	0.01065	0.01401	0.05150	0.01745	0.01033	0.01000	0.02285	0.07723	0.14831	0.40811	0.09024	0.05762	0.01529	0.00937	0.00268	0.00521	0.01338	0.00889	0.00949

[dist]
# distance from previous block
# <min> <max>
1	5

[block]
# block no. 1 follows, 22 sequences, length 19
# corresponding to MSA columns:
# 83-100,104
name=unknown_B
#
# <colnr> <probs for GDERKNQSTAVLIFYWHMCP>
#	G	D	E	R	K	N	Q	S	T	A	V	L	I	F	Y	W	H	M	C	P
0	0.02200	0.65737	0.04397	0.01589	0.02310	0.03192	0.06353	0.02502	0.01710	0.02011	0.01197	0.01406	0.01082	0.00710	0.00569	0.00186	0.00930	0.00487	0.00361	0.01070
1	0.09010	0.01965	0.02151	0.01713	0.02325	0.02111	0.03218	0.28813	0.20736	0.04100	0.02229	0.02222	0.01659	0.00943	0.00777	0.00240	0.00782	0.00743	0.00739	0.13524
2	0.02739	0.11381	0.05508	0.01708	0.02255	0.20929	0.01438	0.08804	0.04667	0.18202	0.02409	0.02458	0.05137	0.01467	0.06935	0.00336	0.01129	0.00739	0.00638	0.01122
3	0.01757	0.01451	0.02364	0.55674	0.04972	0.01760	0.02098	0.02263	0.01749	0.08103	0.05239	0.02479	0.01576	0.00927	0.00927	0.00278	0.04173	0.00790	0.00461	0.00960
4	0.01181	0.00806	0.00970	0.00994	0.01020	0.00820	0.00608	0.01238	0.01273	0.01717	0.02812	0.13289	0.03206	0.53688	0.12212	0.00817	0.00953	0.01311	0.00529	0.00556
5	0.02143	0.01861	0.03007	0.04017	0.44920	0.01861	0.05575	0.05062	0.07107	0.07694	0.02368	0.02644	0.06160	0.00902	0.00846	0.00255	0.00918	0.00852	0.00537	0.01271
6	0.08202	0.01945	0.02167	0.01997	0.07784	0.02150	0.01465	0.32446	0.17897	0.04153	0.02494	0.09230	0.02056	0.01154	0.00833	0.00267	0.00793	0.00937	0.00767	0.01266
7	0.01156	0.00784	0.00921	0.00972	0.00985	0.00771	0.00574	0.01195	0.01309	0.01745	0.03134	0.22508	0.03672	0.52844	0.03394	0.00682	0.00720	0.01512	0.00574	0.00549
8	0.01212	0.00914	0.01134	0.01123	0.01331	0.00875	0.00847	0.01703	0.07133	0.02969	0.39771	0.15219	0.14412	0.01875	0.00993	0.00285	0.00458	0.06086	0.00859	0.00799
9	0.08697	0.02012	0.11007	0.41184	0.04644	0.01949	0.08501	0.07595	0.01878	0.02666	0.01516	0.02058	0.01124	0.00821	0.00812	0.00271	0.01094	0.00721	0.00426	0.01024
10	0.49146	0.02037	0.06924	0.01491	0.02103	0.05128	0.04331	0.09440	0.01872	0.08655	0.01480	0.01625	0.01089	0.00819	0.00633	0.00256	0.00806	0.00558	0.00569	0.01039
11	0.01144	0.00868	0.01064	0.01112	0.01280	0.00826	0.00796	0.01556	0.06922	0.02634	0.24338	0.34279	0.15842	0.02115	0.01005	0.00299	0.00457	0.01874	0.00823	0.00765
12	0.01139	0.00819	0.00963	0.00967	0.01073	0.00786	0.00637	0.01281	0.01582	0.02096	0.14505	0.11245	0.16738	0.34866	0.07258	0.00605	0.00731	0.01441	0.00646	0.00622
13	0.01152	0.00848	0.01077	0.01020	0.01226	0.00774	0.00765	0.01522	0.02295	0.03198	0.58215	0.06425	0.14891	0.01748	0.00980	0.00264	0.00395	0.01533	0.00897	0.00774
14	0.08486	0.00851	0.00816	0.00804	0.01027	0.00875	0.00610	0.01982	0.01712	0.03155	0.02567	0.02936	0.02016	0.00950	0.00575	0.00199	0.00411	0.00744	0.68499	0.00786
15	0.01939	0.01320	0.01539	0.04074	0.01777	0.01417	0.01027	0.13018	0.11878	0.08418	0.05709	0.03814	0.02602	0.25481	0.08152	0.00545	0.00894	0.00995	0.04459	0.00940
16	0.02057	0.55284	0.10171	0.01543	0.02223	0.02921	0.01570	0.02391	0.01644	0.02021	0.01279	0.01566	0.01154	0.01236	0.06527	0.00296	0.04193	0.00513	0.00363	0.01046
17	0.02234	0.08467	0.06657	0.08937	0.34611	0.02128	0.02157	0.10361	0.07577	0.06185	0.01814	0.02108	0.01417	0.00829	0.00798	0.00248	0.00949	0.00729	0.00521	0.01273
18	0.01698	0.08375	0.31432	0.07225	0.06161	0.01794	0.05180	0.02431	0.03848	0.02667	0.09354	0.02380	0.01986	0.00878	0.00784	0.00238	0.00983	0.00737	0.00464	0.11385

[dist]
# distance from previous block
# <min> <max>
0	1

[block]
# block no. 2 follows, 22 sequences, length 40
# corresponding to MSA columns:
# 106-145
name=unknown_C
#
# <colnr> <probs for GDERKNQSTAVLIFYWHMCP>
#	G	D	E	R	K	N	Q	S	T	A	V	L	I	F	Y	W	H	M	C	P
0	0.01738	0.01780	0.03387	0.11666	0.03620	0.01719	0.33439	0.02387	0.05442	0.02559	0.02166	0.12570	0.01954	0.01021	0.00917	0.00268	0.01076	0.01092	0.00501	0.10699
1	0.02027	0.07684	0.07671	0.06457	0.08308	0.04280	0.33775	0.02581	0.01832	0.04639	0.01564	0.02060	0.01226	0.00843	0.01159	0.00278	0.11265	0.00830	0.00420	0.01101
2	0.01604	0.01027	0.01273	0.01158	0.01446	0.00970	0.00884	0.04512	0.05889	0.11365	0.39039	0.10609	0.13602	0.01671	0.00954	0.00270	0.00481	0.01450	0.00893	0.00904
3	0.01997	0.01525	0.02092	0.10606	0.02676	0.01297	0.05784	0.02409	0.01823	0.11411	0.01741	0.01981	0.01330	0.00708	0.00702	0.00174	0.00753	0.00609	0.00544	0.49836
4	0.03004	0.02212	0.02386	0.01844	0.02473	0.02437	0.01517	0.58096	0.03785	0.05088	0.06898	0.02321	0.01911	0.01052	0.00843	0.00250	0.00874	0.00806	0.00838	0.01364
5	0.07817	0.01367	0.01374	0.04630	0.01715	0.04209	0.00958	0.13639	0.02127	0.03362	0.02226	0.02630	0.01766	0.03974	0.00806	0.00236	0.00630	0.00729	0.39067	0.06739
6	0.08282	0.07664	0.02438	0.05195	0.08662	0.14498	0.01570	0.13011	0.08708	0.14915	0.01996	0.02076	0.01476	0.00944	0.00880	0.00250	0.04908	0.00695	0.00642	0.01191
7	0.01949	0.02326	0.07450	0.03455	0.04311	0.02094	0.60142	0.02660	0.01952	0.02660	0.01673	0.02221	0.01252	0.00704	0.00972	0.00279	0.01393	0.00965	0.00417	0.01125
8	0.01093	0.00881	0.00983	0.01012	0.01235	0.00806	0.00737	0.01467	0.06499	0.02430	0.13659	0.23969	0.38007	0.02116	0.00992	0.00293	0.00451	0.01825	0.00794	0.00750
9	0.06440	0.01294	0.01345	0.01152	0.01524	0.01361	0.00915	0.19089	0.02371	0.06940	0.02786	0.02962	0.05585	0.01035	0.00684	0.00221	0.00568	0.00809	0.41930	0.00989
10	0.02110	0.01806	0.01903	0.01699	0.02177	0.02087	0.01326	0.06764	0.61701	0.03546	0.03325	0.03055	0.02491	0.01122	0.00845	0.00280	0.00668	0.00932	0.00845	0.01319
11	0.01043	0.00742	0.00949	0.01101	0.01152	0.00697	0.00721	0.01167	0.01542	0.02043	0.04436	0.56750	0.07873	0.13745	0.01575	0.00411	0.00532	0.02144	0.00727	0.00648
12	0.02114	0.01635	0.01881	0.01375	0.02093	0.01394	0.01112	0.13777	0.02177	0.06940	0.01682	0.01840	0.01314	0.00712	0.00669	0.00155	0.00678	0.00561	0.00588	0.57303
13	0.01691	0.07234	0.63776	0.02326	0.03531	0.01989	0.02997	0.02625	0.01751	0.02601	0.01476	0.01735	0.01053	0.00786	0.00778	0.00259	0.01213	0.00606	0.00351	0.01221
14	0.01056	0.00757	0.01003	0.01127	0.01215	0.00704	0.00775	0.01266	0.01793	0.02442	0.20685	0.53239	0.06117	0.02362	0.01039	0.00317	0.00458	0.02133	0.00809	0.00704
15	0.01012	0.00723	0.00964	0.01157	0.01205	0.00675	0.00771	0.01157	0.01591	0.02121	0.04579	0.70262	0.05495	0.02603	0.01060	0.00337	0.00482	0.02362	0.00771	0.00675
16	0.03727	0.01414	0.01928	0.01478	0.02121	0.01221	0.01221	0.04049	0.02378	0.66198	0.03277	0.02828	0.02056	0.01028	0.00835	0.00257	0.00707	0.00835	0.01028	0.01414
17	0.01193	0.00809	0.00952	0.00961	0.00984	0.00815	0.00573	0.01242	0.01291	0.01741	0.05440	0.09130	0.03303	0.58685	0.08864	0.00795	0.00880	0.01264	0.00533	0.00544
18	0.01214	0.00917	0.01130	0.01072	0.01296	0.00869	0.00804	0.01727	0.07062	0.03163	0.51067	0.08115	0.14956	0.01735	0.00972	0.00268	0.00419	0.01518	0.00886	0.00811
19	0.01010	0.00732	0.00955	0.01133	0.01199	0.00677	0.00761	0.01159	0.01613	0.02130	0.04864	0.65626	0.09946	0.02566	0.01054	0.00333	0.00477	0.02316	0.00771	0.00677
20	0.03103	0.03959	0.02354	0.02140	0.02568	0.67469	0.01605	0.03317	0.02354	0.02033	0.01284	0.01498	0.01070	0.00856	0.00749	0.00214	0.01498	0.00535	0.00428	0.00963
21	0.02548	0.02513	0.02386	0.06086	0.07290	0.21363	0.01676	0.14149	0.14848	0.04788	0.01895	0.02085	0.01480	0.01028	0.01114	0.00265	0.12030	0.00722	0.00588	0.01145
22	0.01167	0.00849	0.01131	0.01294	0.01439	0.00813	0.01023	0.01438	0.01797	0.02342	0.06723	0.32952	0.11775	0.02377	0.01090	0.00350	0.00605	0.29338	0.00773	0.00723
23	0.02138	0.02130	0.03292	0.04867	0.60675	0.07112	0.02475	0.02610	0.01928	0.02661	0.01541	0.02012	0.01297	0.00749	0.00817	0.00244	0.01027	0.00724	0.00413	0.01288
24	0.01606	0.01509	0.02570	0.57849	0.10146	0.01812	0.04166	0.02150	0.01703	0.02207	0.01659	0.02619	0.01342	0.00904	0.00853	0.00281	0.01087	0.04189	0.00397	0.00951
25	0.02157	0.02104	0.03159	0.10628	0.51420	0.07135	0.02396	0.06075	0.02023	0.02752	0.01558	0.02024	0.01283	0.00773	0.00818	0.00247	0.01034	0.00724	0.00433	0.01257
26	0.01883	0.01797	0.03058	0.27790	0.44287	0.01928	0.02463	0.02397	0.01810	0.02503	0.01532	0.02113	0.01242	0.00772	0.00825	0.00257	0.01030	0.00740	0.00396	0.01176
27	0.02016	0.01813	0.02868	0.18653	0.38572	0.01927	0.02225	0.10582	0.02092	0.02880	0.01836	0.07376	0.01607	0.00940	0.00844	0.00261	0.00965	0.00867	0.00487	0.01191
28	0.01845	0.01860	0.02664	0.44721	0.17649	0.08783	0.02256	0.02329	0.01759	0.02229	0.01452	0.02084	0.01146	0.00850	0.00930	0.00269	0.05066	0.00717	0.00384	0.01008
29	0.03103	0.03959	0.02354	0.02140	0.02568	0.67469	0.01605	0.03317	0.02354	0.02033	0.01284	0.01498	0.01070	0.00856	0.00749	0.00214	0.01498	0.00535	0.00428	0.00963
30	0.01156	0.00848	0.01083	0.01024	0.01229	0.00775	0.00768	0.01530	0.02305	0.03221	0.59417	0.06387	0.13675	0.01740	0.00980	0.00263	0.00395	0.01528	0.00900	0.00775
31	0.01012	0.00723	0.00964	0.01157	0.01205	0.00675	0.00771	0.01157	0.01591	0.02121	0.04579	0.70262	0.05495	0.02603	0.01060	0.00337	0.00482	0.02362	0.00771	0.00675
32	0.08483	0.01606	0.01881	0.10652	0.02504	0.04907	0.01329	0.09296	0.06913	0.28933	0.06685	0.03158	0.07805	0.01113	0.00827	0.00261	0.00771	0.00897	0.00804	0.01175
33	0.01719	0.01704	0.02321	0.05812	0.02330	0.07701	0.10417	0.01951	0.01501	0.02013	0.01883	0.07932	0.01956	0.19768	0.02454	0.00448	0.25827	0.00997	0.00446	0.00821
34	0.76672	0.01607	0.01221	0.01092	0.01607	0.01864	0.00900	0.02442	0.01414	0.03727	0.01157	0.01350	0.00900	0.00771	0.00514	0.00257	0.00643	0.00450	0.00514	0.00900
35	0.01187	0.00890	0.01335	0.01335	0.01483	0.01038	0.01038	0.01483	0.01335	0.01928	0.02225	0.03264	0.02077	0.06231	0.67512	0.01335	0.02225	0.00890	0.00445	0.00742
36	0.07368	0.02669	0.02514	0.08339	0.09368	0.29138	0.06403	0.07875	0.02135	0.02553	0.01656	0.07132	0.01481	0.01023	0.00962	0.00256	0.06848	0.00781	0.00482	0.01016
37	0.01339	0.00914	0.01122	0.01107	0.01230	0.00926	0.00756	0.04913	0.01527	0.02142	0.02825	0.18387	0.03058	0.28371	0.13588	0.05043	0.00937	0.01282	0.06375	0.04156
38	0.01901	0.01591	0.02347	0.02046	0.05995	0.01588	0.12766	0.18027	0.02291	0.03130	0.02730	0.24725	0.02753	0.01731	0.04854	0.00336	0.00915	0.01310	0.00654	0.08312
39	0.02516	0.16603	0.11143	0.01681	0.02387	0.02215	0.01575	0.21580	0.08609	0.10636	0.02036	0.02071	0.01503	0.00895	0.00734	0.00227	0.00848	0.00677	0.04979	0.07085

[dist]
# distance from previous block
# <min> <max>
0	3

[block]
# block no. 3 follows, 22 sequences, length 73
# corresponding to MSA columns:
# 149-221
name=unknown_D
#
# <colnr> <probs for GDERKNQSTAVLIFYWHMCP>
#	G	D	E	R	K	N	Q	S	T	A	V	L	I	F	Y	W	H	M	C	P
0	0.07034	0.03148	0.38438	0.08629	0.10926	0.01858	0.07984	0.02490	0.01798	0.02724	0.05940	0.02158	0.01571	0.00841	0.00808	0.00263	0.01104	0.00724	0.00417	0.01147
1	0.07417	0.20451	0.21621	0.02227	0.05011	0.10808	0.11435	0.02797	0.06183	0.02527	0.01519	0.01765	0.01192	0.00785	0.00734	0.00238	0.01114	0.00633	0.00421	0.01121
2	0.09911	0.01521	0.02178	0.28152	0.09069	0.01708	0.03956	0.06128	0.06241	0.07337	0.02083	0.02789	0.01657	0.00972	0.00798	0.00268	0.00886	0.04837	0.08482	0.01028
3	0.02424	0.50639	0.03766	0.01626	0.02245	0.14792	0.01487	0.06828	0.01941	0.02200	0.01233	0.01434	0.01092	0.00796	0.00709	0.00199	0.04624	0.00497	0.00402	0.01063
4	0.03125	0.01419	0.01821	0.01440	0.01988	0.01314	0.01169	0.11779	0.02488	0.44484	0.08792	0.03304	0.06258	0.01254	0.00994	0.04558	0.00692	0.00931	0.00937	0.01255
5	0.02299	0.65332	0.04176	0.01485	0.02171	0.08979	0.01438	0.02561	0.01747	0.01961	0.01166	0.01347	0.01066	0.00724	0.00552	0.00181	0.00942	0.00452	0.00362	0.01057
6	0.01649	0.01570	0.02537	0.01977	0.02428	0.01576	0.16847	0.02033	0.01710	0.02495	0.08079	0.08567	0.02327	0.03364	0.04070	0.00315	0.15018	0.00968	0.00512	0.21959
7	0.01170	0.00790	0.00917	0.00954	0.00963	0.00780	0.00555	0.01198	0.01282	0.01709	0.02994	0.17893	0.03496	0.57699	0.03620	0.00715	0.00743	0.01430	0.00555	0.00536
8	0.01967	0.01883	0.03211	0.16778	0.54641	0.01950	0.02505	0.02471	0.01849	0.02606	0.01547	0.02085	0.01278	0.00757	0.00824	0.00252	0.01009	0.00740	0.00404	0.01244
9	0.01199	0.00802	0.00909	0.00918	0.00920	0.00799	0.00516	0.01206	0.01226	0.01635	0.02709	0.08458	0.03136	0.67625	0.04081	0.00784	0.00790	0.01262	0.00516	0.00511
10	0.01897	0.02052	0.03849	0.02911	0.03376	0.02299	0.35446	0.02365	0.01653	0.02365	0.01417	0.02052	0.01185	0.01037	0.01760	0.00317	0.31730	0.00867	0.00395	0.01026
11	0.73679	0.01599	0.01250	0.01108	0.01628	0.01837	0.00913	0.02508	0.01453	0.06291	0.01244	0.01410	0.00947	0.00782	0.00527	0.00257	0.00645	0.00466	0.00535	0.00921
12	0.02266	0.34999	0.14701	0.05283	0.02650	0.07148	0.01772	0.13434	0.02179	0.02752	0.04586	0.01829	0.01467	0.00842	0.00686	0.00218	0.00983	0.00604	0.00474	0.01129
13	0.01186	0.00830	0.01039	0.01055	0.01240	0.00749	0.00765	0.01456	0.02009	0.05287	0.30882	0.27038	0.19281	0.02049	0.01000	0.00290	0.00440	0.01805	0.00842	0.00757
14	0.02474	0.01968	0.02162	0.01921	0.05629	0.02207	0.01447	0.28454	0.32440	0.04068	0.02668	0.02708	0.02030	0.04747	0.01018	0.00294	0.00790	0.00863	0.00798	0.01313
15	0.01860	0.02080	0.04485	0.03253	0.04010	0.01950	0.56060	0.02502	0.01922	0.02604	0.01987	0.09441	0.01709	0.00902	0.00989	0.00286	0.01303	0.01127	0.00457	0.01073
16	0.03078	0.02388	0.02442	0.01910	0.02547	0.06456	0.01562	0.55179	0.08018	0.04919	0.02049	0.02042	0.01471	0.00998	0.00827	0.00249	0.00931	0.00748	0.00808	0.01379
17	0.03473	0.01383	0.01868	0.01440	0.02060	0.01189	0.01183	0.03801	0.02343	0.59239	0.06922	0.02976	0.02364	0.01048	0.00833	0.00251	0.00683	0.00859	0.00995	0.05089
18	0.03672	0.01640	0.01966	0.01537	0.02160	0.07096	0.01255	0.03984	0.02376	0.60507	0.03101	0.02710	0.01969	0.01013	0.00828	0.00253	0.00777	0.00809	0.00975	0.01374
19	0.01445	0.01157	0.01384	0.01330	0.01499	0.05103	0.00993	0.05820	0.01548	0.02096	0.02238	0.03544	0.02176	0.19680	0.44970	0.01076	0.01779	0.00928	0.00484	0.00750
20	0.01016	0.00843	0.00889	0.00878	0.01143	0.00716	0.00658	0.01259	0.01975	0.02437	0.18484	0.07678	0.55096	0.02032	0.00981	0.00277	0.00416	0.01709	0.00797	0.00716
21	0.01931	0.01762	0.02431	0.02045	0.02190	0.02299	0.04277	0.09700	0.01674	0.02511	0.01424	0.02049	0.01281	0.01659	0.06732	0.00400	0.48145	0.00755	0.05772	0.00961
22	0.40654	0.01812	0.01740	0.01462	0.01978	0.02083	0.01197	0.17512	0.10218	0.06649	0.01738	0.01831	0.01301	0.00931	0.00801	0.00266	0.05454	0.00622	0.00647	0.01102
23	0.03154	0.02443	0.02483	0.01928	0.02576	0.07194	0.01581	0.58615	0.03796	0.05008	0.01944	0.01959	0.01388	0.00987	0.00825	0.00247	0.00956	0.00733	0.00802	0.01381
24	0.02062	0.52101	0.22163	0.01693	0.02552	0.02898	0.01894	0.02529	0.01707	0.02148	0.01251	0.01453	0.01062	0.00733	0.00606	0.00202	0.00986	0.00493	0.00354	0.01112
25	0.01343	0.00941	0.01420	0.01394	0.01575	0.00881	0.06318	0.01577	0.01734	0.06809	0.08311	0.45247	0.04806	0.06943	0.01258	0.00357	0.00620	0.06947	0.00749	0.00770
26	0.01443	0.00722	0.01082	0.01082	0.01082	0.00722	0.00722	0.01082	0.01082	0.01443	0.01443	0.02525	0.01443	0.02886	0.03247	0.75830	0.00722	0.00722	0.00361	0.00361
27	0.02257	0.01922	0.03056	0.11285	0.48816	0.04273	0.02319	0.02724	0.01946	0.10756	0.01763	0.02151	0.01380	0.00791	0.00822	0.00250	0.00983	0.00745	0.00486	0.01274
28	0.01983	0.02092	0.06468	0.18865	0.45765	0.05416	0.02473	0.02500	0.01858	0.02543	0.01525	0.02046	0.01243	0.00769	0.00819	0.00253	0.01053	0.00722	0.00400	0.01206
29	0.01092	0.00830	0.01004	0.00993	0.01198	0.00743	0.00733	0.01393	0.02104	0.02822	0.38907	0.15075	0.26190	0.01947	0.00991	0.00277	0.00413	0.01695	0.00849	0.00743
30	0.02367	0.02014	0.01816	0.01638	0.01997	0.17839	0.01275	0.05812	0.14529	0.11466	0.02668	0.06766	0.02294	0.04920	0.01139	0.00296	0.05604	0.06114	0.08408	0.01036
31	0.01797	0.01489	0.02607	0.02095	0.02556	0.01424	0.22836	0.06358	0.03671	0.08338	0.06409	0.23773	0.05375	0.01553	0.00990	0.00300	0.00877	0.05889	0.00682	0.00979
32	0.01591	0.01507	0.02496	0.62899	0.05408	0.01908	0.02264	0.02112	0.01627	0.02112	0.01442	0.02180	0.01106	0.00886	0.00999	0.00285	0.07153	0.00737	0.00369	0.00922
33	0.01023	0.00727	0.00961	0.01143	0.01189	0.00682	0.00757	0.01159	0.01570	0.02094	0.04475	0.66827	0.05363	0.06216	0.01228	0.00362	0.00499	0.02301	0.00757	0.00666
34	0.76672	0.01607	0.01221	0.01092	0.01607	0.01864	0.00900	0.02442	0.01414	0.03727	0.01157	0.01350	0.00900	0.00771	0.00514	0.00257	0.00643	0.00450	0.00514	0.00900
35	0.02114	0.01796	0.01908	0.01666	0.02173	0.02018	0.01304	0.08367	0.54303	0.03532	0.03114	0.02899	0.02340	0.01072	0.00824	0.00265	0.00672	0.00886	0.00813	0.07935
36	0.02151	0.62812	0.12230	0.01541	0.02318	0.03115	0.01630	0.02506	0.01696	0.02040	0.01198	0.01386	0.01064	0.00721	0.00566	0.00189	0.00931	0.00466	0.00355	0.01087
37	0.01077	0.00811	0.00971	0.00996	0.01165	0.00733	0.00708	0.01315	0.01916	0.02534	0.26617	0.22647	0.24975	0.08180	0.01289	0.00335	0.00460	0.01769	0.00797	0.00706
38	0.02129	0.01687	0.01833	0.01645	0.02093	0.01901	0.01285	0.09071	0.47795	0.06797	0.03399	0.09176	0.02758	0.01284	0.00874	0.00286	0.00671	0.03217	0.00844	0.01252
39	0.01644	0.01591	0.02836	0.44477	0.13133	0.01797	0.11254	0.02175	0.01731	0.02282	0.01794	0.08232	0.01547	0.00956	0.00872	0.00279	0.01080	0.00919	0.00418	0.00983
40	0.01337	0.01104	0.01596	0.01510	0.01615	0.01380	0.01192	0.01589	0.01313	0.01927	0.01980	0.03046	0.01898	0.08779	0.48644	0.01076	0.17948	0.00870	0.00429	0.00768
41	0.01023	0.00732	0.00974	0.01149	0.01207	0.00682	0.00772	0.01185	0.01643	0.02204	0.08764	0.65838	0.05656	0.02540	0.01055	0.00332	0.00476	0.02302	0.00781	0.00682
42	0.01021	0.00727	0.00961	0.01145	0.01191	0.00681	0.00759	0.01159	0.01573	0.02097	0.04487	0.67240	0.05379	0.05782	0.01208	0.00359	0.00497	0.02308	0.00759	0.00667
43	0.08379	0.03478	0.45114	0.05663	0.03518	0.01951	0.10260	0.02720	0.06184	0.02767	0.01619	0.01899	0.01174	0.00802	0.00795	0.00267	0.01151	0.00675	0.00410	0.01176
44	0.02846	0.07402	0.06245	0.08426	0.02907	0.11596	0.01727	0.40990	0.03194	0.04108	0.01758	0.01887	0.01290	0.00929	0.00796	0.00243	0.01031	0.00688	0.00669	0.01268
45	0.01518	0.00777	0.00786	0.00786	0.00962	0.00777	0.00574	0.01871	0.01695	0.02965	0.02702	0.03305	0.02208	0.07161	0.00904	0.00248	0.00424	0.00813	0.68773	0.00750
46	0.03224	0.02063	0.02311	0.01789	0.02435	0.02205	0.01472	0.44246	0.07686	0.20219	0.02408	0.02277	0.01650	0.01014	0.00833	0.00253	0.00845	0.00783	0.00881	0.01406
47	0.01162	0.00846	0.01098	0.01077	0.01265	0.00782	0.00813	0.01522	0.02230	0.03106	0.52423	0.11834	0.10893	0.01840	0.00999	0.00277	0.00428	0.05754	0.00883	0.00769
48	0.01208	0.00805	0.00906	0.00906	0.00906	0.00805	0.00503	0.01208	0.01208	0.01611	0.02618	0.05436	0.03020	0.70804	0.04228	0.00805	0.00805	0.01208	0.00503	0.00503
49	0.01637	0.01112	0.01373	0.01261	0.01560	0.01111	0.00982	0.02432	0.15298	0.09765	0.41325	0.05440	0.05903	0.01554	0.00949	0.00274	0.00508	0.05656	0.00901	0.00959
50	0.02662	0.01514	0.03893	0.01514	0.02035	0.01422	0.01257	0.03628	0.20888	0.32692	0.11894	0.03737	0.03133	0.01219	0.00876	0.00273	0.00669	0.04523	0.00919	0.01252
51	0.01991	0.01030	0.01372	0.01183	0.01522	0.00924	0.00924	0.02361	0.02360	0.23423	0.45399	0.05126	0.05991	0.01484	0.00934	0.00260	0.00493	0.01289	0.00951	0.00985
52	0.01829	0.01473	0.01734	0.01244	0.01977	0.01113	0.00997	0.02196	0.01757	0.06074	0.01572	0.01781	0.01274	0.00637	0.00627	0.00130	0.00620	0.00510	0.00521	0.71934
53	0.01723	0.01477	0.01723	0.01230	0.01969	0.01107	0.00984	0.02092	0.01723	0.02707	0.01477	0.01723	0.01230	0.00615	0.00615	0.00123	0.00615	0.00492	0.00492	0.75883
54	0.03026	0.02261	0.02419	0.01885	0.02526	0.02515	0.01547	0.55779	0.11194	0.05023	0.02162	0.02128	0.01549	0.01013	0.00833	0.00253	0.00883	0.00771	0.00833	0.01401
55	0.01672	0.00894	0.00907	0.00862	0.01092	0.00913	0.00658	0.06625	0.01909	0.03262	0.02655	0.03012	0.02074	0.00970	0.00600	0.00198	0.00428	0.00772	0.69675	0.00823
56	0.01574	0.00906	0.01205	0.01161	0.01385	0.00824	0.00857	0.01866	0.02090	0.14119	0.32954	0.27999	0.05988	0.01895	0.00982	0.00287	0.00480	0.01684	0.00885	0.00858
57	0.01177	0.00800	0.00940	0.00959	0.00990	0.00784	0.00576	0.01247	0.01408	0.01902	0.10902	0.14540	0.03981	0.52481	0.03372	0.00671	0.00708	0.01406	0.00593	0.00563
58	0.01961	0.02241	0.04902	0.03501	0.04342	0.02101	0.62605	0.02661	0.01961	0.02661	0.01681	0.02241	0.01261	0.00700	0.00980	0.00280	0.01401	0.00980	0.00420	0.01120
59	0.01115	0.00825	0.01041	0.01033	0.01215	0.00751	0.00757	0.01432	0.02138	0.02935	0.44966	0.18270	0.16590	0.01929	0.00995	0.00278	0.00413	0.01700	0.00865	0.00751
60	0.01602	0.00826	0.00831	0.00812	0.01021	0.00834	0.00614	0.03954	0.01814	0.03168	0.02686	0.03061	0.02106	0.00969	0.00589	0.00195	0.00405	0.00773	0.72945	0.00795
61	0.76672	0.01607	0.01221	0.01092	0.01607	0.01864	0.00900	0.02442	0.01414	0.03727	0.01157	0.01350	0.00900	0.00771	0.00514	0.00257	0.00643	0.00450	0.00514	0.00900
62	0.06260	0.01264	0.05801	0.01213	0.01579	0.01030	0.01001	0.01979	0.04054	0.08540	0.29917	0.11735	0.07724	0.05678	0.01089	0.00290	0.00561	0.01284	0.00769	0.08233
63	0.01723	0.01477	0.01723	0.01230	0.01969	0.01107	0.00984	0.02092	0.01723	0.02707	0.01477	0.01723	0.01230	0.00615	0.00615	0.00123	0.00615	0.00492	0.00492	0.75883
64	0.01347	0.00876	0.01101	0.01056	0.01270	0.00794	0.00775	0.01638	0.02083	0.08421	0.36651	0.15769	0.16384	0.06616	0.01204	0.00313	0.00467	0.01594	0.00850	0.00790
65	0.01214	0.00930	0.01387	0.01372	0.01514	0.01104	0.01072	0.01506	0.01332	0.01932	0.02176	0.03201	0.02034	0.06024	0.64707	0.01293	0.05129	0.00883	0.00442	0.00749
66	0.02192	0.67751	0.07649	0.01472	0.02210	0.03215	0.01509	0.02495	0.01691	0.01990	0.01173	0.01355	0.01065	0.00715	0.00547	0.00182	0.00906	0.00453	0.00355	0.01075
67	0.01502	0.01278	0.02036	0.36975	0.10872	0.01462	0.01787	0.01942	0.01697	0.02323	0.02387	0.15694	0.02296	0.01258	0.00863	0.00281	0.00872	0.04426	0.09155	0.00894
68	0.03706	0.00872	0.01091	0.01070	0.01264	0.00821	0.00805	0.01534	0.02142	0.03027	0.46567	0.10872	0.11545	0.05031	0.01135	0.00303	0.00458	0.06150	0.00849	0.00759
69	0.02629	0.01977	0.02191	0.01716	0.02331	0.02081	0.01412	0.42903	0.03181	0.04346	0.02074	0.02533	0.01652	0.01328	0.04833	0.00299	0.00924	0.04847	0.00736	0.16007
70	0.01578	0.01133	0.01484	0.01549	0.05480	0.01099	0.01155	0.02172	0.09177	0.07251	0.21982	0.09068	0.07435	0.01692	0.00974	0.00294	0.00613	0.18917	0.00797	0.06151
71	0.09284	0.01710	0.02037	0.10132	0.02565	0.01904	0.01436	0.14164	0.14298	0.10249	0.05441	0.02439	0.01896	0.01033	0.01017	0.00261	0.09054	0.00774	0.00677	0.09631
72	0.02321	0.01633	0.01847	0.01537	0.02060	0.01693	0.01227	0.14635	0.24663	0.12988	0.09860	0.03355	0.04799	0.01150	0.00839	0.00252	0.00674	0.02636	0.00827	0.11003

[dist]
# distance from previous block
# <min> <max>
1	2

[block]
# block no. 4 follows, 22 sequences, length 14
# corresponding to MSA columns:
# 224-237
name=unknown_E
#
# <colnr> <probs for GDERKNQSTAVLIFYWHMCP>
#	G	D	E	R	K	N	Q	S	T	A	V	L	I	F	Y	W	H	M	C	P
0	0.02597	0.02083	0.02099	0.01712	0.02261	0.07022	0.01369	0.34233	0.15625	0.04128	0.02360	0.05619	0.01854	0.01060	0.00804	0.00244	0.00823	0.00832	0.05991	0.07285
1	0.45093	0.01572	0.01766	0.22269	0.06085	0.01823	0.01437	0.02451	0.01575	0.07156	0.01411	0.01746	0.01058	0.00804	0.00648	0.00263	0.00808	0.00578	0.00497	0.00960
2	0.01187	0.00809	0.00900	0.00900	0.00926	0.00796	0.00515	0.01207	0.01272	0.01670	0.03158	0.05675	0.08819	0.64406	0.03926	0.00757	0.00770	0.01259	0.00528	0.00522
3	0.01685	0.01471	0.01791	0.06918	0.02107	0.06418	0.05058	0.06971	0.07573	0.02442	0.02612	0.16100	0.02626	0.14873	0.09260	0.00504	0.05996	0.01177	0.03555	0.00861
4	0.01043	0.00740	0.00970	0.01125	0.01180	0.00695	0.00747	0.01192	0.01612	0.02164	0.08962	0.59399	0.05441	0.08886	0.01349	0.00375	0.00505	0.02190	0.00757	0.00667
5	0.09072	0.02095	0.03461	0.02874	0.10286	0.05202	0.31318	0.09154	0.06460	0.03103	0.01835	0.02204	0.01399	0.00802	0.00850	0.00261	0.01103	0.00838	0.06551	0.01131
6	0.02181	0.01899	0.02177	0.08855	0.07663	0.06801	0.01491	0.18142	0.04790	0.03201	0.01805	0.04193	0.01488	0.01178	0.04360	0.00275	0.03482	0.00715	0.00572	0.24731
7	0.16851	0.01752	0.02481	0.20527	0.06681	0.01925	0.10304	0.12713	0.02019	0.03089	0.01598	0.02162	0.01281	0.05281	0.01046	0.00293	0.02934	0.00731	0.00504	0.05829
8	0.08467	0.04731	0.02177	0.12135	0.02655	0.05030	0.03378	0.13874	0.02164	0.11223	0.03625	0.04759	0.03626	0.05697	0.01196	0.00294	0.07236	0.00829	0.00614	0.06289
9	0.07350	0.02133	0.02419	0.16006	0.13413	0.14304	0.03795	0.06488	0.06983	0.02720	0.01658	0.02030	0.01318	0.00885	0.00913	0.00249	0.06156	0.00689	0.04192	0.06298
10	0.04937	0.05434	0.05341	0.11673	0.13035	0.01750	0.06611	0.05992	0.05965	0.22389	0.06635	0.02608	0.02009	0.00944	0.00826	0.00258	0.00879	0.00824	0.00677	0.01212
11	0.05695	0.01993	0.05504	0.25260	0.03514	0.07019	0.01885	0.07482	0.09496	0.05174	0.01705	0.02118	0.01326	0.01031	0.01252	0.00288	0.16983	0.00729	0.00501	0.01044
12	0.10446	0.01745	0.01908	0.07247	0.10202	0.08628	0.01401	0.08927	0.07643	0.02987	0.07309	0.03048	0.04858	0.01217	0.01014	0.05541	0.02616	0.03699	0.05575	0.03987
13	0.12077	0.01627	0.01862	0.11261	0.06853	0.06031	0.01353	0.09220	0.02081	0.14651	0.02231	0.07773	0.01803	0.01019	0.00753	0.00243	0.00785	0.00823	0.10453	0.07101

[dist]
# distance from previous block
# <min> <max>
40	163

[block]
# block no. 5 follows, 22 sequences, length 11
# corresponding to MSA columns:
# 432-442
name=unknown_F
#
# <colnr> <probs for GDERKNQSTAVLIFYWHMCP>
#	G	D	E	R	K	N	Q	S	T	A	V	L	I	F	Y	W	H	M	C	P
0	0.01985	0.01972	0.06935	0.01942	0.04596	0.03519	0.08421	0.09455	0.18480	0.03093	0.02312	0.07978	0.01942	0.01014	0.00853	0.00238	0.02459	0.00876	0.00620	0.21310
1	0.02055	0.01828	0.04076	0.01837	0.05834	0.06432	0.01393	0.16726	0.15512	0.03261	0.02974	0.17808	0.02836	0.01452	0.00895	0.00279	0.00788	0.07281	0.00721	0.06010
2	0.01725	0.02896	0.33566	0.02101	0.02801	0.01885	0.06296	0.06198	0.01715	0.02491	0.01676	0.02516	0.01472	0.14255	0.01825	0.00386	0.13960	0.00782	0.00419	0.01035
3	0.50232	0.01721	0.02099	0.09340	0.02626	0.01917	0.12832	0.02542	0.04578	0.03328	0.01401	0.01703	0.01071	0.00782	0.00655	0.00265	0.00841	0.00608	0.00496	0.00964
4	0.35436	0.06564	0.10497	0.04705	0.02231	0.01947	0.01399	0.12980	0.02004	0.03529	0.05922	0.05977	0.01776	0.00984	0.00688	0.00257	0.00782	0.00723	0.00573	0.01025
5	0.02063	0.14977	0.02634	0.01639	0.02240	0.01994	0.05702	0.12590	0.02028	0.02852	0.01539	0.01954	0.01318	0.04776	0.01110	0.00233	0.08655	0.00630	0.00505	0.30561
6	0.16979	0.10025	0.02388	0.01649	0.02269	0.02442	0.01387	0.41719	0.03081	0.04477	0.01771	0.01845	0.01307	0.00920	0.00725	0.00240	0.00836	0.00658	0.04037	0.01247
7	0.01496	0.00865	0.01204	0.01110	0.01251	0.00795	0.00772	0.01275	0.01204	0.01684	0.01449	0.02372	0.01403	0.02454	0.02746	0.61413	0.00701	0.00678	0.00386	0.14743
8	0.02200	0.01886	0.02757	0.29231	0.22788	0.02107	0.02158	0.20775	0.02415	0.03250	0.01660	0.02100	0.01263	0.00854	0.00828	0.00259	0.01012	0.00742	0.00523	0.01191
9	0.16853	0.01787	0.01929	0.01495	0.02139	0.01801	0.01223	0.23052	0.04777	0.15226	0.01984	0.01992	0.01425	0.00867	0.00717	0.00221	0.00739	0.00648	0.00720	0.20406
10	0.35170	0.01731	0.01862	0.14236	0.02691	0.01950	0.01374	0.17203	0.02188	0.11850	0.01694	0.01861	0.01213	0.00870	0.00693	0.00259	0.00805	0.00627	0.00630	0.01095

[dist]
# distance from previous block
# <min> <max>
0	3

[block]
# block no. 6 follows, 22 sequences, length 31
# corresponding to MSA columns:
# 446-476
name=unknown_G
#
# <colnr> <probs for GDERKNQSTAVLIFYWHMCP>
#	G	D	E	R	K	N	Q	S	T	A	V	L	I	F	Y	W	H	M	C	P
0	0.01744	0.01521	0.01674	0.01290	0.01912	0.04282	0.01007	0.04429	0.01821	0.02691	0.01934	0.11572	0.01843	0.00928	0.00694	0.00163	0.00650	0.00773	0.00543	0.58530
1	0.01302	0.01008	0.01253	0.01240	0.01453	0.00954	0.00891	0.04852	0.01734	0.02387	0.03847	0.46250	0.07094	0.03915	0.01131	0.00306	0.03861	0.01801	0.00698	0.14026
2	0.01813	0.01518	0.01930	0.17734	0.02885	0.01409	0.01341	0.07907	0.01918	0.02829	0.01596	0.01946	0.01269	0.00724	0.00686	0.00177	0.00751	0.00593	0.04728	0.46247
3	0.01817	0.01543	0.01803	0.01310	0.02015	0.01255	0.01054	0.05909	0.01843	0.02839	0.01494	0.01743	0.01237	0.00671	0.00710	0.00140	0.03267	0.00517	0.00509	0.68324
4	0.03031	0.02264	0.02421	0.01886	0.02528	0.02517	0.01548	0.56039	0.10926	0.05030	0.02156	0.02123	0.01544	0.01012	0.00833	0.00253	0.00884	0.00770	0.00833	0.01401
5	0.01916	0.06882	0.09189	0.06379	0.03910	0.02214	0.42549	0.02529	0.01817	0.02494	0.01540	0.02083	0.01200	0.00818	0.01168	0.00283	0.10673	0.00869	0.00400	0.01086
6	0.01626	0.00849	0.00857	0.00829	0.01045	0.00860	0.00628	0.04850	0.01846	0.03199	0.02676	0.03044	0.02095	0.00969	0.00593	0.00196	0.00412	0.00773	0.71848	0.00805
7	0.01299	0.00880	0.00991	0.00970	0.01007	0.00891	0.00572	0.04387	0.01366	0.01822	0.02679	0.08360	0.03056	0.63939	0.03901	0.00754	0.00796	0.01240	0.00533	0.00559
8	0.01032	0.00842	0.00875	0.00884	0.01119	0.00729	0.00646	0.01220	0.01794	0.02163	0.07374	0.07686	0.53272	0.12174	0.01465	0.00362	0.00494	0.04461	0.00732	0.00675
9	0.01679	0.01575	0.02616	0.58537	0.05301	0.01933	0.05277	0.05077	0.01763	0.02293	0.01490	0.02183	0.01129	0.00867	0.00945	0.00281	0.04954	0.00750	0.00394	0.00956
10	0.01981	0.01600	0.01699	0.01548	0.01956	0.04280	0.01213	0.03569	0.40700	0.07429	0.13231	0.04177	0.05855	0.01327	0.00890	0.00282	0.00652	0.05610	0.00843	0.01158
11	0.01049	0.00750	0.01007	0.01199	0.01264	0.00707	0.00836	0.01221	0.01627	0.02162	0.04558	0.63301	0.05413	0.02567	0.01070	0.00343	0.00514	0.08954	0.00770	0.00685
12	0.51830	0.01693	0.01619	0.09888	0.02310	0.01940	0.01202	0.11934	0.01885	0.06971	0.01438	0.01637	0.01066	0.00827	0.00621	0.00258	0.00748	0.00553	0.00572	0.01009
13	0.01198	0.00833	0.01022	0.01084	0.01161	0.00815	0.00751	0.01342	0.01535	0.02034	0.08386	0.14864	0.07085	0.38186	0.02730	0.00584	0.00704	0.14429	0.00641	0.00615
14	0.01028	0.00734	0.00982	0.01174	0.01229	0.00688	0.00798	0.01184	0.01606	0.02138	0.04570	0.67371	0.05461	0.02588	0.01064	0.00340	0.00495	0.05100	0.00771	0.00679
15	0.01187	0.00890	0.01335	0.01335	0.01483	0.01038	0.01038	0.01483	0.01335	0.01928	0.02225	0.03264	0.02077	0.06231	0.67512	0.01335	0.02225	0.00890	0.00445	0.00742
16	0.56712	0.01724	0.01444	0.05018	0.01941	0.05225	0.01059	0.07161	0.01714	0.05341	0.01392	0.01595	0.01061	0.00815	0.00581	0.00252	0.00721	0.00522	0.04772	0.00951
17	0.64061	0.01648	0.01342	0.06360	0.01931	0.04423	0.01020	0.02426	0.01487	0.03503	0.01266	0.01512	0.00986	0.00789	0.00551	0.00254	0.00700	0.00492	0.04352	0.00898
18	0.01727	0.01639	0.02762	0.50913	0.08051	0.01922	0.09111	0.04367	0.06615	0.02419	0.01668	0.02272	0.01255	0.00840	0.00848	0.00275	0.01094	0.00782	0.00429	0.01011
19	0.76672	0.01607	0.01221	0.01092	0.01607	0.01864	0.00900	0.02442	0.01414	0.03727	0.01157	0.01350	0.00900	0.00771	0.00514	0.00257	0.00643	0.00450	0.00514	0.00900
20	0.01250	0.00911	0.01226	0.01394	0.01577	0.00887	0.01174	0.01580	0.01867	0.02407	0.04926	0.17321	0.12454	0.02312	0.01115	0.00364	0.00684	0.45039	0.00767	0.00745
21	0.06834	0.01810	0.02693	0.38577	0.14156	0.05346	0.05934	0.05719	0.01836	0.02518	0.01475	0.02058	0.01150	0.00857	0.00941	0.00272	0.05660	0.00724	0.00417	0.01024
22	0.45541	0.02104	0.01743	0.01466	0.02016	0.09817	0.01190	0.20999	0.02286	0.03988	0.01428	0.01564	0.01077	0.00850	0.00639	0.00250	0.00826	0.00551	0.00601	0.01064
23	0.01208	0.00805	0.00906	0.00906	0.00906	0.00805	0.00503	0.01208	0.01208	0.01611	0.02618	0.05436	0.03020	0.70804	0.04228	0.00805	0.00805	0.01208	0.00503	0.00503
24	0.01045	0.00731	0.00947	0.01120	0.01187	0.00682	0.00754	0.01207	0.01612	0.02187	0.04614	0.63566	0.07657	0.02480	0.01027	0.00326	0.00474	0.02238	0.05465	0.00682
25	0.01012	0.00723	0.00964	0.01157	0.01205	0.00675	0.00771	0.01157	0.01591	0.02121	0.04579	0.70262	0.05495	0.02603	0.01060	0.00337	0.00482	0.02362	0.00771	0.00675
26	0.03103	0.03959	0.02354	0.02140	0.02568	0.67469	0.01605	0.03317	0.02354	0.02033	0.01284	0.01498	0.01070	0.00856	0.00749	0.00214	0.01498	0.00535	0.00428	0.00963
27	0.01596	0.01505	0.02541	0.65218	0.09096	0.01853	0.02321	0.02147	0.01674	0.02156	0.01481	0.02206	0.01119	0.00825	0.00830	0.00275	0.01101	0.00738	0.00372	0.00945
28	0.02019	0.01936	0.03305	0.09980	0.61033	0.01964	0.02531	0.02517	0.01874	0.02669	0.01556	0.02068	0.01300	0.00747	0.00823	0.00249	0.00996	0.00740	0.00408	0.01286
29	0.01716	0.01568	0.02592	0.08657	0.41827	0.01581	0.01998	0.02123	0.01827	0.02560	0.05885	0.18920	0.02687	0.01255	0.00890	0.00272	0.00839	0.01178	0.00524	0.01100
30	0.01960	0.01890	0.03194	0.15898	0.39973	0.01977	0.09027	0.02724	0.09805	0.02699	0.01793	0.02238	0.01428	0.00801	0.00844	0.00260	0.01012	0.00792	0.00460	0.01224

[dist]
# distance from previous block
# <min> <max>
1	2

[block]
# block no. 7 follows, 22 sequences, length 17
# corresponding to MSA columns:
# 479-483,486-497
name=unknown_H
#
# <colnr> <probs for GDERKNQSTAVLIFYWHMCP>
#	G	D	E	R	K	N	Q	S	T	A	V	L	I	F	Y	W	H	M	C	P
0	0.02797	0.07663	0.02029	0.01471	0.02000	0.01534	0.01225	0.11437	0.05317	0.32958	0.13892	0.03713	0.03137	0.01220	0.00859	0.00261	0.00699	0.05683	0.00891	0.01215
1	0.18510	0.16742	0.14799	0.01641	0.02281	0.11621	0.01586	0.02674	0.01819	0.09612	0.03984	0.05683	0.01632	0.00962	0.00762	0.00244	0.03192	0.00690	0.00518	0.01047
2	0.60303	0.01701	0.05263	0.06625	0.02031	0.01784	0.01136	0.02361	0.01526	0.03501	0.06103	0.01815	0.01457	0.00848	0.00592	0.00259	0.00696	0.00564	0.00523	0.00913
3	0.05159	0.01524	0.01743	0.01355	0.01934	0.01411	0.01081	0.15730	0.02287	0.14720	0.02454	0.04968	0.04499	0.04777	0.00926	0.00236	0.00682	0.00787	0.05219	0.28508
4	0.05746	0.01590	0.02611	0.51542	0.18279	0.01874	0.02283	0.02231	0.01697	0.02336	0.01478	0.02134	0.01141	0.00808	0.00812	0.00269	0.01057	0.00723	0.00386	0.01005
5	0.01904	0.01818	0.02533	0.47950	0.08150	0.07272	0.02151	0.08561	0.01934	0.02463	0.01491	0.02095	0.01146	0.00892	0.00967	0.00274	0.06256	0.00722	0.00424	0.00998
6	0.01027	0.00758	0.00966	0.01125	0.01222	0.00697	0.00782	0.01198	0.01663	0.02165	0.05233	0.55705	0.15815	0.02497	0.01052	0.00330	0.00489	0.05821	0.00771	0.00685
7	0.01961	0.02241	0.04902	0.03501	0.04342	0.02101	0.62605	0.02661	0.01961	0.02661	0.01681	0.02241	0.01261	0.00700	0.00980	0.00280	0.01401	0.00980	0.00420	0.01120
8	0.76672	0.01607	0.01221	0.01092	0.01607	0.01864	0.00900	0.02442	0.01414	0.03727	0.01157	0.01350	0.00900	0.00771	0.00514	0.00257	0.00643	0.00450	0.00514	0.00900
9	0.02282	0.01879	0.06923	0.13427	0.14831	0.01681	0.16113	0.02781	0.01936	0.17793	0.01972	0.02279	0.01428	0.00882	0.00929	0.02912	0.01010	0.00789	0.00556	0.07595
10	0.02179	0.66249	0.09042	0.01493	0.02243	0.03185	0.01546	0.02498	0.01693	0.02006	0.01180	0.01364	0.01065	0.00717	0.00552	0.00184	0.00914	0.00457	0.00355	0.01078
