[name]
unknown

[dist]
# distance from previous block
# <min> <max>
0	1

[block]
# block no. 0 follows, 21 sequences, length 10
# corresponding to MSA columns:
# 1-10
name=unknown_A
#
# <colnr> <probs for GDERKNQSTAVLIFYWHMCP>
#	G	D	E	R	K	N	Q	S	T	A	V	L	I	F	Y	W	H	M	C	P
0	0.01684	0.01039	0.01449	0.01560	0.01815	0.01014	0.01356	0.02068	0.02020	0.10580	0.04359	0.08742	0.04541	0.02185	0.01135	0.00375	0.00776	0.51614	0.00818	0.00869
1	0.03449	0.01576	0.01998	0.01582	0.02207	0.01501	0.01291	0.07511	0.14517	0.49767	0.03304	0.02903	0.02166	0.01071	0.00858	0.00268	0.00726	0.00872	0.01005	0.01428
2	0.02738	0.01751	0.02004	0.01642	0.02184	0.01852	0.01320	0.21299	0.20620	0.19585	0.12511	0.03260	0.02975	0.01180	0.00880	0.00269	0.00723	0.00966	0.00920	0.01318
3	0.02245	0.01162	0.01459	0.01286	0.01665	0.01075	0.00992	0.02708	0.07686	0.26616	0.12636	0.12538	0.13108	0.07484	0.01236	0.00332	0.00614	0.03217	0.00894	0.01048
4	0.01350	0.00889	0.01159	0.01110	0.01322	0.00812	0.00825	0.01697	0.02264	0.07458	0.47961	0.16373	0.09807	0.01860	0.01007	0.00281	0.00440	0.01645	0.00915	0.00826
5	0.01689	0.01432	0.01683	0.01253	0.01935	0.01088	0.00986	0.02043	0.01751	0.02710	0.01845	0.08848	0.01717	0.00843	0.00678	0.00149	0.00616	0.00704	0.00534	0.67497
6	0.02065	0.01980	0.03380	0.10368	0.59959	0.02011	0.02591	0.02576	0.01918	0.02731	0.01594	0.02120	0.01331	0.00766	0.00843	0.00255	0.01021	0.00758	0.00418	0.01315
7	0.01063	0.00767	0.01010	0.01180	0.01258	0.00714	0.00812	0.01243	0.01712	0.02278	0.08798	0.59447	0.08631	0.02565	0.01081	0.00340	0.00499	0.05099	0.00799	0.00704
8	0.02695	0.01967	0.02114	0.01713	0.02251	0.02165	0.01380	0.42135	0.10316	0.04585	0.02542	0.08471	0.02055	0.01183	0.00842	0.00260	0.00797	0.00943	0.10305	0.01283
9	0.09761	0.02258	0.02369	0.01858	0.02504	0.02518	0.01526	0.50525	0.09961	0.05034	0.02113	0.02101	0.01520	0.01014	0.00823	0.00260	0.00884	0.00759	0.00823	0.01389

[dist]
# distance from previous block
# <min> <max>
0	4

[block]
# block no. 1 follows, 21 sequences, length 34
# corresponding to MSA columns:
# 16-49
name=unknown_B
#
# <colnr> <probs for GDERKNQSTAVLIFYWHMCP>
#	G	D	E	R	K	N	Q	S	T	A	V	L	I	F	Y	W	H	M	C	P
0	0.02070	0.04991	0.03069	0.26576	0.34146	0.06024	0.02358	0.05910	0.01994	0.02641	0.01560	0.02092	0.01253	0.00812	0.00828	0.00259	0.01077	0.00732	0.00429	0.01180
1	0.01049	0.00868	0.00922	0.00922	0.01193	0.00742	0.00700	0.01298	0.02005	0.02462	0.16052	0.08002	0.54093	0.02107	0.01013	0.00289	0.00443	0.04297	0.00810	0.00733
2	0.01607	0.01513	0.02552	0.68047	0.05861	0.01891	0.02363	0.02174	0.01702	0.02174	0.01513	0.02269	0.01134	0.00851	0.00851	0.00284	0.01134	0.00756	0.00378	0.00945
3	0.01112	0.00847	0.00952	0.00965	0.01122	0.00793	0.00660	0.01259	0.01612	0.02030	0.05582	0.10922	0.32174	0.25965	0.09766	0.00601	0.00785	0.01545	0.00657	0.00652
4	0.02480	0.02564	0.02143	0.09825	0.02740	0.25730	0.01540	0.08798	0.22247	0.02988	0.04939	0.02499	0.01981	0.01021	0.00819	0.00254	0.01043	0.00784	0.04483	0.01123
5	0.08740	0.02202	0.02192	0.01752	0.02336	0.06243	0.01424	0.42943	0.07042	0.04667	0.02105	0.02165	0.01542	0.00999	0.00790	0.00249	0.00870	0.00744	0.09702	0.01293
6	0.10298	0.01037	0.01192	0.01260	0.01474	0.01045	0.00951	0.06262	0.01894	0.02704	0.04560	0.37444	0.12583	0.02187	0.01005	0.00329	0.00590	0.11627	0.00762	0.00798
7	0.02057	0.43079	0.26321	0.01924	0.02849	0.02802	0.05515	0.02611	0.01769	0.02291	0.01337	0.01572	0.01099	0.00756	0.00666	0.00219	0.01064	0.00549	0.00366	0.01154
8	0.01179	0.00901	0.01281	0.01325	0.01471	0.00858	0.03997	0.01506	0.04175	0.02527	0.16775	0.47670	0.05749	0.02302	0.01061	0.00327	0.00544	0.04783	0.00804	0.00767
9	0.70329	0.01704	0.01354	0.01186	0.01724	0.01967	0.00977	0.07213	0.01651	0.03941	0.01253	0.01435	0.00963	0.00808	0.00552	0.00263	0.00680	0.00485	0.00552	0.00963
10	0.06652	0.01718	0.01824	0.01629	0.02101	0.01947	0.01272	0.04145	0.50944	0.07344	0.08143	0.03301	0.02896	0.01173	0.00856	0.00284	0.00654	0.00971	0.00862	0.01284
11	0.02400	0.01901	0.02033	0.01758	0.02283	0.02157	0.01387	0.14202	0.49859	0.07299	0.03218	0.02968	0.02376	0.01126	0.00863	0.00282	0.00721	0.00923	0.00874	0.01370
12	0.01838	0.01748	0.02969	0.39011	0.33094	0.01951	0.02478	0.02376	0.01811	0.02454	0.01553	0.02194	0.01233	0.00808	0.00847	0.00269	0.01077	0.00757	0.00398	0.01131
13	0.01478	0.00739	0.01109	0.01109	0.01109	0.00739	0.00739	0.01109	0.01109	0.01478	0.01478	0.02587	0.01478	0.02956	0.03326	0.75240	0.00739	0.00739	0.00370	0.00370
14	0.01984	0.01897	0.03233	0.20628	0.50336	0.01990	0.02551	0.02504	0.01880	0.02632	0.01579	0.02146	0.01296	0.00781	0.00845	0.00260	0.01041	0.00758	0.00411	0.01249
15	0.01725	0.04273	0.61973	0.02497	0.03730	0.01987	0.06725	0.02697	0.01810	0.02697	0.01539	0.01827	0.01091	0.00803	0.00820	0.00271	0.01269	0.00652	0.00364	0.01251
16	0.76103	0.01646	0.01251	0.01119	0.01646	0.01909	0.00922	0.02502	0.01448	0.03818	0.01185	0.01382	0.00922	0.00790	0.00527	0.00263	0.00658	0.00461	0.00527	0.00922
17	0.02031	0.01729	0.01787	0.01597	0.02020	0.05137	0.01249	0.10394	0.34984	0.03564	0.16072	0.04123	0.06575	0.01343	0.00907	0.00281	0.00686	0.03495	0.00850	0.01174
18	0.01223	0.00827	0.00924	0.00924	0.00943	0.00818	0.00524	0.01237	0.01283	0.01692	0.03066	0.05739	0.07068	0.65691	0.04116	0.00790	0.00800	0.01274	0.00533	0.00529
19	0.01707	0.04402	0.65683	0.02426	0.03683	0.01976	0.03144	0.02695	0.01797	0.02695	0.01527	0.01797	0.01078	0.00809	0.00809	0.00270	0.01258	0.00629	0.00359	0.01258
20	0.01030	0.00863	0.00896	0.00887	0.01164	0.00729	0.00666	0.01268	0.01997	0.02434	0.15388	0.07967	0.57587	0.02105	0.01006	0.00285	0.00427	0.01765	0.00808	0.00729
21	0.01396	0.01251	0.01932	0.01770	0.01901	0.01434	0.07938	0.01626	0.01564	0.02189	0.03195	0.38997	0.03653	0.02282	0.04731	0.00396	0.20620	0.01698	0.00611	0.00816
22	0.01707	0.04402	0.65683	0.02426	0.03683	0.01976	0.03144	0.02695	0.01797	0.02695	0.01527	0.01797	0.01078	0.00809	0.00809	0.00270	0.01258	0.00629	0.00359	0.01258
23	0.01980	0.01894	0.03227	0.21069	0.49923	0.01989	0.02549	0.02501	0.01878	0.02627	0.01579	0.02147	0.01294	0.00782	0.00845	0.00261	0.01042	0.00758	0.00410	0.01246
24	0.02226	0.64847	0.09784	0.01540	0.02315	0.03246	0.01603	0.02561	0.01735	0.02062	0.01213	0.01403	0.01091	0.00735	0.00569	0.00190	0.00940	0.00470	0.00364	0.01107
25	0.03103	0.03620	0.02395	0.02119	0.02599	0.51611	0.01617	0.12583	0.07480	0.02709	0.01599	0.01744	0.01270	0.00921	0.00788	0.00230	0.01373	0.00615	0.00536	0.01087
26	0.02076	0.01991	0.03399	0.09048	0.61197	0.02014	0.02597	0.02585	0.01923	0.02743	0.01595	0.02116	0.01335	0.00764	0.00843	0.00255	0.01019	0.00758	0.00419	0.01323
27	0.01572	0.01096	0.01331	0.01183	0.01480	0.01056	0.00913	0.09637	0.02564	0.06461	0.46536	0.05845	0.13670	0.01663	0.00977	0.00268	0.00491	0.01436	0.00913	0.00908
28	0.03187	0.03803	0.02433	0.02157	0.02632	0.56988	0.01640	0.12256	0.02652	0.02579	0.01426	0.01612	0.01149	0.00899	0.00780	0.00225	0.01444	0.00581	0.00501	0.01056
29	0.01052	0.00751	0.01005	0.01202	0.01258	0.00704	0.00816	0.01211	0.01644	0.02189	0.04682	0.66875	0.05596	0.02652	0.01090	0.00348	0.00507	0.04935	0.00790	0.00695
30	0.01512	0.00880	0.00970	0.00963	0.01151	0.00876	0.00703	0.04893	0.01926	0.03067	0.11166	0.14605	0.03534	0.05334	0.00958	0.00271	0.00466	0.01184	0.44747	0.00796
31	0.01074	0.00769	0.01021	0.01160	0.01243	0.00716	0.00793	0.01278	0.01802	0.02447	0.17902	0.55543	0.06160	0.02461	0.01068	0.00328	0.00473	0.02224	0.00822	0.00716
32	0.01882	0.01793	0.03049	0.33448	0.38312	0.01963	0.02500	0.02415	0.01832	0.02508	0.01561	0.02179	0.01252	0.00800	0.00846	0.00267	0.01066	0.00757	0.00402	0.01167
33	0.01236	0.00830	0.00951	0.00951	0.00959	0.00838	0.00544	0.01252	0.01244	0.01667	0.02660	0.05453	0.03043	0.66762	0.07592	0.00853	0.00901	0.01221	0.00513	0.00528

[dist]
# distance from previous block
# <min> <max>
0	1

[block]
# block no. 2 follows, 21 sequences, length 20
# corresponding to MSA columns:
# 51-70
name=unknown_C
#
# <colnr> <probs for GDERKNQSTAVLIFYWHMCP>
#	G	D	E	R	K	N	Q	S	T	A	V	L	I	F	Y	W	H	M	C	P
0	0.02769	0.01761	0.01917	0.01530	0.02052	0.01882	0.01244	0.35888	0.03104	0.11559	0.02432	0.02507	0.01761	0.01015	0.00769	0.00238	0.00737	0.00785	0.24814	0.01236
1	0.69841	0.01709	0.01363	0.01191	0.01731	0.01972	0.00981	0.07610	0.01668	0.03951	0.01259	0.01439	0.00967	0.00810	0.00555	0.00263	0.00682	0.00487	0.00555	0.00967
2	0.76103	0.01646	0.01251	0.01119	0.01646	0.01909	0.00922	0.02502	0.01448	0.03818	0.01185	0.01382	0.00922	0.00790	0.00527	0.00263	0.00658	0.00461	0.00527	0.00922
3	0.03498	0.01463	0.01928	0.01517	0.02133	0.01327	0.01240	0.04065	0.09297	0.55357	0.06362	0.03098	0.02453	0.01098	0.00864	0.00266	0.00703	0.00901	0.01026	0.01405
4	0.05702	0.01665	0.01906	0.01467	0.02127	0.01538	0.01181	0.13946	0.07594	0.14066	0.02222	0.05097	0.01733	0.00918	0.00746	0.00204	0.00703	0.00736	0.00708	0.35740
5	0.02010	0.01924	0.03281	0.17294	0.53463	0.01997	0.02564	0.02528	0.01892	0.02664	0.01584	0.02137	0.01307	0.00776	0.00844	0.00259	0.01035	0.00758	0.00413	0.01271
6	0.02083	0.01880	0.02046	0.02083	0.09222	0.06807	0.01467	0.07667	0.33143	0.03262	0.06755	0.03747	0.07649	0.01274	0.00966	0.00285	0.03411	0.04300	0.00756	0.01197
7	0.01238	0.00825	0.00928	0.00928	0.00928	0.00825	0.00516	0.01238	0.01238	0.01650	0.02681	0.05569	0.03094	0.70092	0.04331	0.00825	0.00825	0.01238	0.00516	0.00516
8	0.01994	0.02250	0.04833	0.03452	0.04307	0.02093	0.58183	0.02692	0.01994	0.02729	0.01710	0.02265	0.01289	0.00712	0.00983	0.00278	0.01388	0.00975	0.00435	0.05437
9	0.01037	0.00741	0.00987	0.01185	0.01234	0.00691	0.00790	0.01185	0.01629	0.02172	0.04690	0.69537	0.05629	0.02666	0.01086	0.00346	0.00494	0.02419	0.00790	0.00691
10	0.03099	0.03522	0.02399	0.02105	0.02597	0.48029	0.01613	0.15471	0.07965	0.02881	0.01649	0.01780	0.01297	0.00930	0.00793	0.00233	0.01338	0.00628	0.00560	0.01112
11	0.01943	0.02101	0.03938	0.02980	0.03454	0.02356	0.34844	0.02422	0.01692	0.02422	0.01450	0.02101	0.01213	0.01064	0.01807	0.00325	0.31546	0.00888	0.00404	0.01050
12	0.03179	0.04056	0.02412	0.02192	0.02631	0.66676	0.01644	0.03398	0.02412	0.02083	0.01315	0.01535	0.01096	0.00877	0.00767	0.00219	0.01535	0.00548	0.00438	0.00987
13	0.01204	0.00870	0.01138	0.01071	0.01271	0.00803	0.00803	0.01606	0.02409	0.03413	0.64335	0.06357	0.08030	0.01740	0.01004	0.00268	0.00401	0.01539	0.00937	0.00803
14	0.02183	0.02168	0.03379	0.05005	0.60312	0.06673	0.02542	0.02668	0.01972	0.02730	0.01580	0.02065	0.01330	0.00767	0.00837	0.00250	0.01049	0.00743	0.00422	0.01322
15	0.02885	0.02970	0.02557	0.02409	0.08764	0.33100	0.05079	0.09757	0.12958	0.08229	0.01988	0.02087	0.01514	0.00934	0.00822	0.00246	0.01196	0.00716	0.00606	0.01182
16	0.01171	0.00864	0.01067	0.01019	0.01217	0.00790	0.00747	0.01501	0.02213	0.03043	0.48332	0.06619	0.17916	0.08225	0.01316	0.00324	0.00447	0.01558	0.00870	0.00761
17	0.06507	0.01988	0.01873	0.01598	0.02053	0.11823	0.01257	0.19051	0.11154	0.07096	0.19674	0.03599	0.06213	0.01256	0.00871	0.00260	0.00796	0.01007	0.00803	0.01121
18	0.01615	0.01510	0.02528	0.02090	0.02468	0.04228	0.20341	0.01940	0.01742	0.02325	0.02747	0.20300	0.02862	0.02008	0.05022	0.08808	0.04069	0.07951	0.00559	0.04886
19	0.13754	0.02550	0.02373	0.02122	0.05123	0.25442	0.08350	0.03011	0.08927	0.05406	0.01810	0.02216	0.01489	0.05073	0.04848	0.00353	0.04871	0.00727	0.00528	0.01030

[dist]
# distance from previous block
# <min> <max>
0	5

[block]
# block no. 3 follows, 21 sequences, length 11
# corresponding to MSA columns:
# 76-86
name=unknown_D
#
# <colnr> <probs for GDERKNQSTAVLIFYWHMCP>
#	G	D	E	R	K	N	Q	S	T	A	V	L	I	F	Y	W	H	M	C	P
0	0.01994	0.01626	0.02365	0.01914	0.02382	0.01659	0.11967	0.12640	0.05761	0.06114	0.10179	0.11772	0.03099	0.01382	0.01103	0.00283	0.06849	0.06235	0.00699	0.09976
1	0.07656	0.02785	0.02165	0.07691	0.02644	0.30684	0.01515	0.16631	0.05574	0.03117	0.02132	0.02292	0.05191	0.01001	0.00787	0.00243	0.01125	0.00722	0.04969	0.01075
2	0.01614	0.01482	0.02450	0.53429	0.11378	0.01776	0.02166	0.02107	0.01670	0.02174	0.01663	0.02650	0.01393	0.09199	0.01270	0.00346	0.01084	0.00815	0.00399	0.00935
3	0.01049	0.00842	0.00941	0.00998	0.01219	0.00735	0.00739	0.01270	0.01891	0.02342	0.10164	0.22605	0.43634	0.02268	0.01037	0.00307	0.00469	0.05971	0.00797	0.00721
4	0.01843	0.01436	0.01914	0.09631	0.02474	0.01529	0.04896	0.08232	0.15965	0.06276	0.17411	0.04983	0.07131	0.01466	0.00962	0.00296	0.00745	0.10977	0.00787	0.01047
5	0.01145	0.00888	0.01302	0.01309	0.01466	0.00823	0.05084	0.01398	0.01863	0.02521	0.19232	0.46083	0.09077	0.02275	0.01056	0.00319	0.00534	0.02071	0.00800	0.00752
6	0.01884	0.01570	0.01690	0.01519	0.01938	0.01739	0.01179	0.07110	0.41089	0.03488	0.14957	0.04298	0.11159	0.01375	0.00907	0.00283	0.00611	0.01157	0.00868	0.01178
7	0.01037	0.00741	0.00987	0.01185	0.01234	0.00691	0.00790	0.01185	0.01629	0.02172	0.04690	0.69537	0.05629	0.02666	0.01086	0.00346	0.00494	0.02419	0.00790	0.00691
8	0.02236	0.02267	0.03328	0.04858	0.57281	0.09826	0.02495	0.02707	0.01995	0.02696	0.01566	0.02037	0.01318	0.00773	0.00833	0.00249	0.01074	0.00733	0.00423	0.01304
9	0.02275	0.70604	0.04459	0.01456	0.02184	0.03367	0.01456	0.02548	0.01729	0.02002	0.01183	0.01365	0.01092	0.00728	0.00546	0.00182	0.00910	0.00455	0.00364	0.01092
10	0.03012	0.06532	0.02568	0.02030	0.02562	0.27608	0.01622	0.28967	0.06226	0.03591	0.01728	0.01857	0.01331	0.00988	0.00933	0.00247	0.05680	0.00674	0.00634	0.01209

[dist]
# distance from previous block
# <min> <max>
0	1

[block]
# block no. 4 follows, 21 sequences, length 28
# corresponding to MSA columns:
# 88-115
name=unknown_E
#
# <colnr> <probs for GDERKNQSTAVLIFYWHMCP>
#	G	D	E	R	K	N	Q	S	T	A	V	L	I	F	Y	W	H	M	C	P
0	0.02736	0.05605	0.02334	0.07064	0.02589	0.05821	0.01492	0.40203	0.03226	0.04330	0.02285	0.02404	0.04058	0.01027	0.00802	0.00245	0.00890	0.00783	0.10862	0.01244
1	0.01293	0.00978	0.01159	0.01073	0.01335	0.00912	0.00816	0.05889	0.02385	0.03224	0.43225	0.06588	0.24327	0.01811	0.00993	0.00273	0.00449	0.01559	0.00887	0.00825
2	0.01095	0.00857	0.00992	0.00977	0.01209	0.00754	0.00726	0.01388	0.02123	0.02779	0.32793	0.11856	0.35388	0.02010	0.01011	0.00283	0.00423	0.01729	0.00855	0.00754
3	0.01734	0.01438	0.01565	0.01464	0.01840	0.01568	0.01147	0.05613	0.33421	0.03069	0.04704	0.05223	0.17870	0.04442	0.03763	0.00364	0.00711	0.08184	0.00807	0.01074
4	0.01112	0.00794	0.01014	0.01160	0.01235	0.00753	0.00799	0.01267	0.01619	0.02130	0.04581	0.45936	0.09355	0.15121	0.01694	0.00436	0.00586	0.08997	0.00738	0.00672
5	0.02142	0.55052	0.18842	0.01684	0.02536	0.03041	0.01853	0.02583	0.01745	0.02165	0.01264	0.01467	0.01089	0.00747	0.00608	0.00203	0.00992	0.00496	0.00363	0.01131
6	0.02038	0.01983	0.03472	0.12629	0.52855	0.02017	0.07340	0.02568	0.01915	0.02703	0.01600	0.02141	0.01318	0.00766	0.00857	0.00259	0.01060	0.00778	0.00417	0.01284
7	0.01203	0.00883	0.01156	0.01274	0.01449	0.00836	0.01013	0.01509	0.01958	0.02577	0.16241	0.23584	0.14653	0.02286	0.01096	0.00342	0.00588	0.25782	0.00815	0.00755
8	0.02311	0.01946	0.02051	0.01537	0.02249	0.05827	0.01238	0.20749	0.02499	0.03531	0.01664	0.01836	0.01308	0.00767	0.00708	0.00172	0.00783	0.00588	0.00607	0.47627
9	0.01666	0.01334	0.01794	0.01532	0.01961	0.01246	0.07028	0.06860	0.07120	0.05005	0.05875	0.21250	0.12106	0.01626	0.00933	0.00273	0.00680	0.05120	0.00722	0.15869
10	0.02014	0.01519	0.01830	0.01607	0.02029	0.01582	0.03314	0.14291	0.17732	0.06491	0.09334	0.16633	0.03563	0.01543	0.00938	0.00288	0.00700	0.07184	0.00814	0.06594
11	0.01189	0.04781	0.01258	0.01145	0.01306	0.00898	0.00834	0.01467	0.02014	0.02766	0.33502	0.34924	0.06538	0.02105	0.01015	0.00298	0.00473	0.01879	0.00837	0.00768
12	0.03056	0.01273	0.01724	0.01395	0.01911	0.01114	0.01121	0.03387	0.02372	0.47494	0.16567	0.08443	0.03634	0.01317	0.00904	0.00270	0.00638	0.01115	0.01009	0.01255
13	0.01989	0.05299	0.10199	0.09090	0.23442	0.02125	0.29969	0.02635	0.01929	0.02664	0.01624	0.02145	0.01267	0.00750	0.00902	0.00270	0.01237	0.00846	0.00414	0.01203
14	0.02000	0.01914	0.03263	0.18562	0.52273	0.01994	0.02559	0.02519	0.01888	0.02652	0.01582	0.02141	0.01303	0.00778	0.00844	0.00259	0.01037	0.00758	0.00412	0.01263
15	0.01677	0.01348	0.01554	0.01546	0.01846	0.01482	0.01213	0.02988	0.31774	0.02922	0.03891	0.14798	0.03749	0.06749	0.01242	0.00366	0.00691	0.18333	0.00805	0.01026
16	0.02120	0.02112	0.03240	0.14085	0.51238	0.07210	0.02498	0.02612	0.01942	0.02636	0.01565	0.02084	0.01297	0.00781	0.00838	0.00255	0.01071	0.00741	0.00416	0.01261
17	0.01931	0.30536	0.41514	0.02043	0.03091	0.02525	0.02478	0.02637	0.01770	0.02422	0.01391	0.01626	0.01084	0.00777	0.00705	0.00235	0.01120	0.00560	0.00361	0.01192
18	0.01261	0.00897	0.01298	0.01298	0.01455	0.01031	0.01007	0.01576	0.01418	0.02121	0.02340	0.03323	0.02134	0.05728	0.58689	0.01226	0.02051	0.00897	0.09487	0.00764
19	0.01037	0.00741	0.00987	0.01185	0.01234	0.00691	0.00790	0.01185	0.01629	0.02172	0.04690	0.69537	0.05629	0.02666	0.01086	0.00346	0.00494	0.02419	0.00790	0.00691
20	0.01777	0.12548	0.58149	0.02306	0.03499	0.02148	0.02937	0.02677	0.01788	0.02610	0.01485	0.01744	0.01080	0.00799	0.00776	0.00259	0.01215	0.00607	0.00360	0.01237
21	0.02240	0.02008	0.02948	0.06586	0.42727	0.06076	0.02233	0.05763	0.04892	0.06420	0.02070	0.02899	0.01776	0.00973	0.00873	0.00268	0.00992	0.06458	0.00534	0.01265
22	0.01053	0.00774	0.00988	0.01125	0.01227	0.00709	0.00771	0.01241	0.01768	0.02340	0.12463	0.53072	0.14385	0.02481	0.01065	0.00328	0.00474	0.02223	0.00808	0.00709
23	0.02019	0.01909	0.03236	0.08469	0.56388	0.01931	0.02498	0.02519	0.01926	0.02727	0.01830	0.02719	0.01622	0.00892	0.00870	0.00266	0.01000	0.05453	0.00448	0.01280
24	0.01789	0.01927	0.03998	0.02978	0.03617	0.01862	0.44728	0.02360	0.01868	0.02551	0.02208	0.13100	0.02037	0.01474	0.05838	0.00378	0.04553	0.01211	0.00487	0.01036
25	0.72028	0.05453	0.01428	0.01138	0.01675	0.01990	0.00951	0.02504	0.01464	0.03718	0.01185	0.01381	0.00931	0.00787	0.00528	0.00259	0.00672	0.00460	0.00518	0.00931
26	0.02106	0.02022	0.03454	0.05223	0.64784	0.02022	0.02612	0.02612	0.01938	0.02780	0.01601	0.02106	0.01348	0.00758	0.00842	0.00253	0.01011	0.00758	0.00421	0.01348
27	0.02103	0.01877	0.02753	0.02043	0.02746	0.01767	0.17383	0.13056	0.09119	0.03250	0.01939	0.02303	0.01543	0.04212	0.00979	0.00245	0.00914	0.00772	0.00587	0.30411

[dist]
# distance from previous block
# <min> <max>
0	1

[block]
# block no. 5 follows, 21 sequences, length 13
# corresponding to MSA columns:
# 117-129
name=unknown_F
#
# <colnr> <probs for GDERKNQSTAVLIFYWHMCP>
#	G	D	E	R	K	N	Q	S	T	A	V	L	I	F	Y	W	H	M	C	P
0	0.01596	0.00962	0.01230	0.01110	0.01398	0.00862	0.00851	0.01957	0.02340	0.13261	0.45799	0.06082	0.15852	0.01693	0.00980	0.00270	0.00458	0.01469	0.00933	0.00894
1	0.01063	0.00759	0.01015	0.01185	0.01240	0.00729	0.00796	0.01215	0.01585	0.02126	0.04378	0.60457	0.05197	0.06865	0.06612	0.00456	0.00658	0.02228	0.00747	0.00687
2	0.02106	0.02022	0.03454	0.05223	0.64784	0.02022	0.02612	0.02612	0.01938	0.02780	0.01601	0.02106	0.01348	0.00758	0.00842	0.00253	0.01011	0.00758	0.00421	0.01348
3	0.02506	0.02000	0.02222	0.07165	0.02666	0.02203	0.01504	0.28284	0.26007	0.04116	0.02476	0.02458	0.01836	0.01012	0.00831	0.00255	0.00817	0.00809	0.00778	0.10057
4	0.03098	0.02800	0.02445	0.02000	0.02591	0.20820	0.01596	0.39042	0.09976	0.04233	0.01990	0.02021	0.01472	0.00995	0.00829	0.00249	0.01078	0.00725	0.00735	0.01305
5	0.01835	0.01950	0.03767	0.02858	0.03367	0.02087	0.35763	0.02335	0.01727	0.02431	0.01757	0.05434	0.01539	0.01650	0.08814	0.00433	0.19804	0.00989	0.00434	0.01024
6	0.68261	0.01624	0.01329	0.01162	0.01703	0.01838	0.00957	0.02680	0.01555	0.10497	0.01421	0.01547	0.01050	0.00819	0.00562	0.00263	0.00665	0.00504	0.00584	0.00979
7	0.03103	0.02318	0.02480	0.01931	0.02589	0.02578	0.01586	0.55190	0.10971	0.05151	0.02210	0.02176	0.01583	0.01037	0.00853	0.00259	0.00906	0.00789	0.00853	0.01435
8	0.03371	0.01349	0.01832	0.01438	0.02018	0.01174	0.01174	0.03713	0.02431	0.54776	0.13786	0.03488	0.03120	0.01171	0.00881	0.00264	0.00669	0.00973	0.01033	0.01338
9	0.03211	0.03105	0.02493	0.02059	0.02636	0.30243	0.01629	0.36708	0.03316	0.03949	0.01729	0.01824	0.01296	0.00959	0.00815	0.00240	0.01194	0.00672	0.00673	0.01249
10	0.01223	0.00819	0.00933	0.00947	0.00951	0.00815	0.00536	0.01234	0.01266	0.01689	0.02829	0.10278	0.03280	0.65128	0.04093	0.00790	0.00801	0.01325	0.00536	0.00529
11	0.43417	0.01977	0.01835	0.01495	0.02091	0.02237	0.01234	0.29167	0.02593	0.04511	0.01570	0.01679	0.01157	0.00894	0.00672	0.00260	0.00783	0.00598	0.00672	0.01157
12	0.09518	0.01093	0.01270	0.01215	0.01462	0.01105	0.00908	0.08673	0.02253	0.03306	0.31879	0.24669	0.05748	0.01836	0.00959	0.00290	0.00521	0.01601	0.00837	0.00857

[dist]
# distance from previous block
# <min> <max>
0	1

[block]
# block no. 6 follows, 21 sequences, length 11
# corresponding to MSA columns:
# 131-141
name=unknown_G
#
# <colnr> <probs for GDERKNQSTAVLIFYWHMCP>
#	G	D	E	R	K	N	Q	S	T	A	V	L	I	F	Y	W	H	M	C	P
0	0.01133	0.00843	0.01090	0.01195	0.01338	0.00750	0.00819	0.01311	0.01647	0.02252	0.04271	0.60584	0.05052	0.02397	0.01026	0.00317	0.00512	0.02166	0.00752	0.10546
1	0.46675	0.01730	0.01578	0.01350	0.01884	0.01951	0.01098	0.12059	0.10119	0.07521	0.05274	0.02087	0.01690	0.00942	0.00667	0.00266	0.00693	0.00657	0.00675	0.01083
2	0.02791	0.03379	0.02335	0.10802	0.02927	0.50110	0.01682	0.03066	0.02213	0.02165	0.01427	0.01758	0.01174	0.00916	0.00883	0.00235	0.05235	0.00603	0.05334	0.00965
3	0.01607	0.01513	0.02552	0.68047	0.05861	0.01891	0.02363	0.02174	0.01702	0.02174	0.01513	0.02269	0.01134	0.00851	0.00851	0.00284	0.01134	0.00756	0.00378	0.00945
4	0.02956	0.02161	0.02350	0.01826	0.02487	0.02326	0.01494	0.44429	0.11661	0.08180	0.02250	0.02213	0.01619	0.00998	0.00829	0.00246	0.00856	0.00769	0.00827	0.09523
5	0.01710	0.01054	0.01349	0.01260	0.01568	0.00977	0.00983	0.02171	0.05867	0.13340	0.27645	0.14248	0.09549	0.01764	0.00985	0.00289	0.00548	0.09017	0.00880	0.04796
6	0.02051	0.02073	0.03856	0.08152	0.44264	0.02052	0.19570	0.02621	0.01945	0.02732	0.01631	0.02169	0.01320	0.00752	0.00889	0.00264	0.01139	0.00829	0.00422	0.01269
7	0.03179	0.04056	0.02412	0.02192	0.02631	0.66676	0.01644	0.03398	0.02412	0.02083	0.01315	0.01535	0.01096	0.00877	0.00767	0.00219	0.01535	0.00548	0.00438	0.00987
8	0.01951	0.32860	0.39365	0.02009	0.03039	0.02574	0.02419	0.02632	0.01768	0.02397	0.01379	0.01611	0.01084	0.00774	0.00696	0.00232	0.01108	0.00554	0.00361	0.01187
9	0.02376	0.01995	0.02044	0.01830	0.05758	0.08349	0.01362	0.16775	0.18872	0.06952	0.03185	0.03115	0.10043	0.01118	0.00833	0.00245	0.00805	0.00897	0.00739	0.12707
10	0.26567	0.02385	0.01990	0.01674	0.02216	0.15868	0.01338	0.24188	0.05314	0.03972	0.05443	0.02032	0.01651	0.00965	0.00739	0.00252	0.00930	0.00677	0.00665	0.01136

[dist]
# distance from previous block
# <min> <max>
6	12

[block]
# block no. 7 follows, 21 sequences, length 32
# corresponding to MSA columns:
# 157-188
name=unknown_H
#
# <colnr> <probs for GDERKNQSTAVLIFYWHMCP>
#	G	D	E	R	K	N	Q	S	T	A	V	L	I	F	Y	W	H	M	C	P
0	0.02463	0.01750	0.01935	0.01655	0.02189	0.01901	0.01309	0.08773	0.42224	0.15096	0.03448	0.03168	0.04763	0.01142	0.00858	0.00274	0.00692	0.00940	0.00881	0.04539
1	0.02469	0.01726	0.01926	0.01655	0.02192	0.01867	0.01305	0.04296	0.46163	0.17099	0.03322	0.03029	0.02409	0.01101	0.00849	0.00273	0.00682	0.00911	0.00885	0.05839
2	0.01867	0.01660	0.02276	0.01666	0.02395	0.01391	0.10229	0.05638	0.04166	0.02916	0.01776	0.04696	0.01504	0.00768	0.00727	0.00173	0.00765	0.00690	0.00537	0.54162
3	0.01651	0.01558	0.02632	0.62492	0.11071	0.01902	0.02385	0.02213	0.01723	0.02228	0.01520	0.02254	0.01153	0.00843	0.00850	0.00281	0.01124	0.00756	0.00382	0.00981
4	0.01607	0.01513	0.02552	0.68047	0.05861	0.01891	0.02363	0.02174	0.01702	0.02174	0.01513	0.02269	0.01134	0.00851	0.00851	0.00284	0.01134	0.00756	0.00378	0.00945
5	0.06022	0.01996	0.03380	0.02471	0.03211	0.01907	0.28692	0.10530	0.02213	0.10416	0.01860	0.02159	0.01375	0.00814	0.00939	0.00249	0.03838	0.00814	0.00576	0.16537
6	0.09450	0.02388	0.02339	0.01848	0.02474	0.08137	0.01508	0.48418	0.03531	0.04778	0.02249	0.02263	0.04671	0.01048	0.00824	0.00255	0.00939	0.00774	0.00783	0.01323
7	0.02157	0.01164	0.01485	0.01320	0.01702	0.01054	0.01007	0.04425	0.04746	0.23443	0.10740	0.26261	0.07015	0.01704	0.00939	0.00282	0.00591	0.01486	0.00874	0.07605
8	0.01976	0.35694	0.36744	0.01967	0.02975	0.02634	0.02346	0.02626	0.01765	0.02368	0.01365	0.01593	0.01085	0.00770	0.00684	0.00228	0.01093	0.00547	0.00362	0.01179
9	0.36778	0.02647	0.01902	0.01656	0.02179	0.25387	0.01307	0.13460	0.02252	0.03469	0.01386	0.01556	0.01079	0.00863	0.00671	0.00246	0.01024	0.00547	0.00553	0.01039
10	0.01661	0.01567	0.02650	0.61277	0.12211	0.01905	0.02390	0.02221	0.01727	0.02240	0.01522	0.02251	0.01157	0.00841	0.00850	0.00280	0.01121	0.00756	0.00383	0.00989
11	0.01734	0.07528	0.62792	0.02380	0.03612	0.02042	0.03065	0.02688	0.01794	0.02662	0.01511	0.01776	0.01079	0.00805	0.00796	0.00265	0.01241	0.00621	0.00360	0.01250
12	0.01986	0.36916	0.35614	0.01949	0.02947	0.02660	0.02315	0.02623	0.01764	0.02355	0.01358	0.01585	0.01085	0.00769	0.00680	0.00227	0.01087	0.00543	0.00362	0.01176
13	0.02763	0.02350	0.02174	0.01862	0.02387	0.15366	0.01484	0.21450	0.22306	0.09185	0.02669	0.03004	0.02088	0.01148	0.00866	0.00271	0.00944	0.05636	0.00783	0.01265
14	0.01994	0.01649	0.01815	0.01679	0.02103	0.01862	0.01339	0.07313	0.44780	0.03469	0.06843	0.04495	0.03256	0.01405	0.00931	0.00305	0.00696	0.11995	0.00853	0.01217
15	0.01828	0.01537	0.01777	0.01311	0.02015	0.01247	0.01046	0.05445	0.05145	0.02992	0.05441	0.02131	0.01750	0.00746	0.00677	0.00150	0.00635	0.00605	0.00568	0.62953
16	0.01607	0.01513	0.02552	0.68047	0.05861	0.01891	0.02363	0.02174	0.01702	0.02174	0.01513	0.02269	0.01134	0.00851	0.00851	0.00284	0.01134	0.00756	0.00378	0.00945
17	0.02062	0.01977	0.03374	0.10778	0.59574	0.02010	0.02590	0.02573	0.01917	0.02727	0.01593	0.02121	0.01329	0.00766	0.00843	0.00255	0.01022	0.00758	0.00417	0.01312
18	0.01704	0.01448	0.01700	0.01254	0.01952	0.01098	0.00990	0.02063	0.01753	0.02723	0.01777	0.07397	0.01624	0.00799	0.00668	0.00144	0.00619	0.00663	0.00528	0.69094
19	0.01037	0.00741	0.00987	0.01185	0.01234	0.00691	0.00790	0.01185	0.01629	0.02172	0.04690	0.69537	0.05629	0.02666	0.01086	0.00346	0.00494	0.02419	0.00790	0.00691
20	0.56561	0.01793	0.01570	0.01320	0.01887	0.02030	0.01089	0.15344	0.02049	0.07478	0.01487	0.01606	0.01098	0.00854	0.00614	0.00262	0.00722	0.00548	0.00625	0.01063
21	0.03098	0.02251	0.02408	0.01861	0.02502	0.02486	0.01533	0.56963	0.03817	0.05181	0.02104	0.02137	0.01508	0.01019	0.00830	0.00251	0.00892	0.00768	0.06999	0.01393
22	0.01765	0.01513	0.01765	0.01260	0.02017	0.01134	0.01008	0.02143	0.01765	0.02773	0.01513	0.01765	0.01260	0.00630	0.00630	0.00126	0.00630	0.00504	0.00504	0.75295
23	0.09291	0.02322	0.02446	0.01888	0.02557	0.02578	0.01560	0.57006	0.03789	0.05235	0.01972	0.01988	0.01404	0.01002	0.00824	0.00256	0.00913	0.00741	0.00824	0.01404
24	0.01637	0.01543	0.02607	0.64266	0.09407	0.01899	0.02378	0.02201	0.01716	0.02211	0.01518	0.02259	0.01147	0.00845	0.00850	0.00282	0.01127	0.00756	0.00381	0.00970
25	0.07005	0.01203	0.01559	0.01293	0.01740	0.01091	0.01032	0.02918	0.02364	0.34106	0.30352	0.04345	0.04670	0.01343	0.00902	0.00265	0.00577	0.01136	0.00970	0.01130
26	0.03178	0.01574	0.01956	0.01600	0.02184	0.01546	0.01303	0.07002	0.19412	0.41645	0.03386	0.03308	0.02367	0.01153	0.00876	0.00277	0.00724	0.04151	0.00976	0.01383
27	0.03149	0.02100	0.02336	0.01809	0.02444	0.02255	0.01487	0.47377	0.03610	0.14778	0.07761	0.02561	0.02135	0.01090	0.00866	0.00258	0.00855	0.00849	0.00891	0.01390
28	0.02117	0.01828	0.01924	0.01732	0.02213	0.02117	0.01347	0.04522	0.63246	0.03560	0.03464	0.03175	0.02598	0.01155	0.00866	0.00289	0.00673	0.00962	0.00866	0.01347
29	0.01765	0.01513	0.01765	0.01260	0.02017	0.01134	0.01008	0.02143	0.01765	0.02773	0.01513	0.01765	0.01260	0.00630	0.00630	0.00126	0.00630	0.00504	0.00504	0.75295
30	0.04921	0.01428	0.01592	0.01429	0.01828	0.01534	0.01109	0.03296	0.32459	0.09084	0.22958	0.04368	0.07682	0.01372	0.00903	0.00279	0.00578	0.01162	0.00887	0.01131
31	0.01607	0.01513	0.02552	0.68047	0.05861	0.01891	0.02363	0.02174	0.01702	0.02174	0.01513	0.02269	0.01134	0.00851	0.00851	0.00284	0.01134	0.00756	0.00378	0.00945

[dist]
# distance from previous block
# <min> <max>
0	1

[block]
# block no. 8 follows, 21 sequences, length 41
# corresponding to MSA columns:
# 190-230
name=unknown_I
#
# <colnr> <probs for GDERKNQSTAVLIFYWHMCP>
#	G	D	E	R	K	N	Q	S	T	A	V	L	I	F	Y	W	H	M	C	P
0	0.68107	0.01688	0.01358	0.01180	0.01726	0.01922	0.00970	0.06325	0.01627	0.03872	0.01255	0.01442	0.00971	0.00798	0.00552	0.00257	0.00675	0.00482	0.00547	0.04247
1	0.01113	0.00821	0.01082	0.01220	0.01260	0.00828	0.00824	0.01246	0.01562	0.02102	0.04224	0.57582	0.05040	0.10701	0.01584	0.00405	0.04818	0.02172	0.00731	0.00685
2	0.02967	0.02184	0.02363	0.01864	0.02468	0.02402	0.01517	0.54551	0.03713	0.04975	0.02365	0.10258	0.01956	0.01222	0.00880	0.00266	0.00883	0.00967	0.00844	0.01355
3	0.01707	0.04402	0.65683	0.02426	0.03683	0.01976	0.03144	0.02695	0.01797	0.02695	0.01527	0.01797	0.01078	0.00809	0.00809	0.00270	0.01258	0.00629	0.00359	0.01258
4	0.02968	0.03511	0.02292	0.02048	0.02506	0.50941	0.01556	0.09598	0.06911	0.02553	0.02019	0.02136	0.05333	0.00995	0.00799	0.00232	0.01338	0.00682	0.00536	0.01044
5	0.01607	0.01513	0.02552	0.68047	0.05861	0.01891	0.02363	0.02174	0.01702	0.02174	0.01513	0.02269	0.01134	0.00851	0.00851	0.00284	0.01134	0.00756	0.00378	0.00945
6	0.06343	0.02399	0.02444	0.01905	0.02560	0.07089	0.01562	0.50736	0.03658	0.09748	0.02057	0.02046	0.01451	0.01004	0.00832	0.00254	0.00951	0.00745	0.00824	0.01392
7	0.01707	0.04402	0.65683	0.02426	0.03683	0.01976	0.03144	0.02695	0.01797	0.02695	0.01527	0.01797	0.01078	0.00809	0.00809	0.00270	0.01258	0.00629	0.00359	0.01258
8	0.02106	0.02022	0.03454	0.05223	0.64784	0.02022	0.02612	0.02612	0.01938	0.02780	0.01601	0.02106	0.01348	0.00758	0.00842	0.00253	0.01011	0.00758	0.00421	0.01348
9	0.01607	0.01513	0.02552	0.68047	0.05861	0.01891	0.02363	0.02174	0.01702	0.02174	0.01513	0.02269	0.01134	0.00851	0.00851	0.00284	0.01134	0.00756	0.00378	0.00945
10	0.02106	0.02022	0.03454	0.05223	0.64784	0.02022	0.02612	0.02612	0.01938	0.02780	0.01601	0.02106	0.01348	0.00758	0.00842	0.00253	0.01011	0.00758	0.00421	0.01348
11	0.01607	0.01513	0.02552	0.68047	0.05861	0.01891	0.02363	0.02174	0.01702	0.02174	0.01513	0.02269	0.01134	0.00851	0.00851	0.00284	0.01134	0.00756	0.00378	0.00945
12	0.01037	0.00741	0.00987	0.01185	0.01234	0.00691	0.00790	0.01185	0.01629	0.02172	0.04690	0.69537	0.05629	0.02666	0.01086	0.00346	0.00494	0.02419	0.00790	0.00691
13	0.01233	0.00919	0.01259	0.01402	0.01511	0.00945	0.01091	0.01490	0.01770	0.02367	0.07201	0.38591	0.05138	0.02416	0.01239	0.00362	0.05477	0.24075	0.00765	0.00749
14	0.02704	0.02906	0.02171	0.01922	0.02397	0.33058	0.01478	0.11850	0.21310	0.03015	0.02602	0.02588	0.06147	0.01074	0.00827	0.00251	0.01106	0.00796	0.00653	0.01143
15	0.02808	0.02104	0.02285	0.01750	0.02396	0.02219	0.01421	0.46046	0.03371	0.04597	0.01986	0.02242	0.01529	0.05896	0.01058	0.00271	0.00869	0.00749	0.00760	0.15641
16	0.01936	0.31107	0.40986	0.02034	0.03079	0.02537	0.02463	0.02636	0.01769	0.02416	0.01388	0.01623	0.01084	0.00776	0.00703	0.00234	0.01117	0.00559	0.00361	0.01191
17	0.11343	0.02324	0.02237	0.01792	0.02388	0.08664	0.01456	0.42581	0.06063	0.04629	0.01991	0.02050	0.01458	0.00985	0.00788	0.00250	0.00913	0.00721	0.06076	0.01291
18	0.02275	0.70604	0.04459	0.01456	0.02184	0.03367	0.01456	0.02548	0.01729	0.02002	0.01183	0.01365	0.01092	0.00728	0.00546	0.00182	0.00910	0.00455	0.00364	0.01092
19	0.01093	0.00789	0.01047	0.01233	0.01322	0.00743	0.00883	0.01288	0.01704	0.02245	0.04882	0.55589	0.08855	0.02582	0.01097	0.00350	0.00541	0.12257	0.00789	0.00709
20	0.06607	0.02301	0.02016	0.01802	0.02287	0.15367	0.01397	0.06909	0.44429	0.03358	0.02826	0.02683	0.02140	0.01071	0.00826	0.00271	0.00862	0.00839	0.00758	0.01254
21	0.01707	0.04402	0.65683	0.02426	0.03683	0.01976	0.03144	0.02695	0.01797	0.02695	0.01527	0.01797	0.01078	0.00809	0.00809	0.00270	0.01258	0.00629	0.00359	0.01258
22	0.02275	0.70604	0.04459	0.01456	0.02184	0.03367	0.01456	0.02548	0.01729	0.02002	0.01183	0.01365	0.01092	0.00728	0.00546	0.00182	0.00910	0.00455	0.00364	0.01092
23	0.01216	0.00912	0.01368	0.01368	0.01520	0.01064	0.01064	0.01520	0.01368	0.01976	0.02279	0.03343	0.02127	0.06382	0.66720	0.01368	0.02279	0.00912	0.00456	0.00760
24	0.01765	0.01513	0.01765	0.01260	0.02017	0.01134	0.01008	0.02143	0.01765	0.02773	0.01513	0.01765	0.01260	0.00630	0.00630	0.00126	0.00630	0.00504	0.00504	0.75295
25	0.02106	0.02022	0.03454	0.05223	0.64784	0.02022	0.02612	0.02612	0.01938	0.02780	0.01601	0.02106	0.01348	0.00758	0.00842	0.00253	0.01011	0.00758	0.00421	0.01348
26	0.01707	0.04402	0.65683	0.02426	0.03683	0.01976	0.03144	0.02695	0.01797	0.02695	0.01527	0.01797	0.01078	0.00809	0.00809	0.00270	0.01258	0.00629	0.00359	0.01258
27	0.03179	0.04056	0.02412	0.02192	0.02631	0.66676	0.01644	0.03398	0.02412	0.02083	0.01315	0.01535	0.01096	0.00877	0.00767	0.00219	0.01535	0.00548	0.00438	0.00987
28	0.02275	0.70604	0.04459	0.01456	0.02184	0.03367	0.01456	0.02548	0.01729	0.02002	0.01183	0.01365	0.01092	0.00728	0.00546	0.00182	0.00910	0.00455	0.00364	0.01092
29	0.03235	0.02384	0.02554	0.01958	0.02639	0.02639	0.01618	0.61946	0.04001	0.05363	0.02043	0.02043	0.01447	0.01022	0.00851	0.00255	0.00936	0.00766	0.00851	0.01447
30	0.03235	0.02384	0.02554	0.01958	0.02639	0.02639	0.01618	0.61946	0.04001	0.05363	0.02043	0.02043	0.01447	0.01022	0.00851	0.00255	0.00936	0.00766	0.00851	0.01447
31	0.03235	0.02384	0.02554	0.01958	0.02639	0.02639	0.01618	0.61946	0.04001	0.05363	0.02043	0.02043	0.01447	0.01022	0.00851	0.00255	0.00936	0.00766	0.00851	0.01447
32	0.03179	0.04056	0.02412	0.02192	0.02631	0.66676	0.01644	0.03398	0.02412	0.02083	0.01315	0.01535	0.01096	0.00877	0.00767	0.00219	0.01535	0.00548	0.00438	0.00987
33	0.03179	0.04056	0.02412	0.02192	0.02631	0.66676	0.01644	0.03398	0.02412	0.02083	0.01315	0.01535	0.01096	0.00877	0.00767	0.00219	0.01535	0.00548	0.00438	0.00987
34	0.02106	0.02022	0.03454	0.05223	0.64784	0.02022	0.02612	0.02612	0.01938	0.02780	0.01601	0.02106	0.01348	0.00758	0.00842	0.00253	0.01011	0.00758	0.00421	0.01348
35	0.03818	0.01448	0.01975	0.01514	0.02172	0.01251	0.01251	0.04147	0.02436	0.65373	0.03357	0.02897	0.02107	0.01053	0.00856	0.00263	0.00724	0.00856	0.01053	0.01448
36	0.01806	0.01539	0.01641	0.01515	0.01928	0.01707	0.01181	0.03559	0.44481	0.03240	0.07417	0.04707	0.15513	0.01453	0.00918	0.00293	0.00618	0.04471	0.00849	0.01162
37	0.02986	0.02229	0.02395	0.01889	0.02512	0.02471	0.01541	0.52037	0.10603	0.04981	0.02352	0.05929	0.01811	0.01128	0.00866	0.00264	0.00882	0.00880	0.00850	0.01394
38	0.02210	0.63030	0.11464	0.01567	0.02356	0.03208	0.01649	0.02565	0.01737	0.02081	0.01222	0.01415	0.01090	0.00737	0.00576	0.00192	0.00950	0.00475	0.00363	0.01111
39	0.01985	0.01659	0.01878	0.01411	0.02117	0.01453	0.01129	0.09298	0.11276	0.03186	0.01867	0.02009	0.01483	0.00754	0.00691	0.00165	0.00672	0.00603	0.00598	0.55768
40	0.03185	0.02274	0.02471	0.01889	0.02573	0.02463	0.01559	0.54793	0.03771	0.08990	0.02095	0.02081	0.01478	0.01001	0.00839	0.00248	0.00905	0.00756	0.00844	0.05785

[dist]
# distance from previous block
# <min> <max>
0	1

[block]
# block no. 9 follows, 21 sequences, length 12
# corresponding to MSA columns:
# 232-243
name=unknown_J
#
# <colnr> <probs for GDERKNQSTAVLIFYWHMCP>
#	G	D	E	R	K	N	Q	S	T	A	V	L	I	F	Y	W	H	M	C	P
0	0.01607	0.01513	0.02552	0.68047	0.05861	0.01891	0.02363	0.02174	0.01702	0.02174	0.01513	0.02269	0.01134	0.00851	0.00851	0.00284	0.01134	0.00756	0.00378	0.00945
1	0.02106	0.02022	0.03454	0.05223	0.64784	0.02022	0.02612	0.02612	0.01938	0.02780	0.01601	0.02106	0.01348	0.00758	0.00842	0.00253	0.01011	0.00758	0.00421	0.01348
2	0.01234	0.00838	0.00993	0.00993	0.01016	0.00861	0.00597	0.01279	0.01257	0.01698	0.02622	0.05238	0.02950	0.60624	0.13603	0.00906	0.01041	0.01189	0.00507	0.00552
3	0.01068	0.00763	0.01023	0.01220	0.01283	0.00718	0.00844	0.01238	0.01660	0.02207	0.04673	0.63986	0.05561	0.02637	0.01094	0.00350	0.00521	0.07664	0.00789	0.00700
4	0.01327	0.01182	0.01524	0.01504	0.01629	0.04382	0.04221	0.01521	0.01663	0.02188	0.04136	0.46078	0.09708	0.02236	0.01336	0.00335	0.11648	0.01923	0.00685	0.00772
5	0.03235	0.02384	0.02554	0.01958	0.02639	0.02639	0.01618	0.61946	0.04001	0.05363	0.02043	0.02043	0.01447	0.01022	0.00851	0.00255	0.00936	0.00766	0.00851	0.01447
6	0.01542	0.00808	0.00863	0.00863	0.01055	0.00826	0.00652	0.01927	0.01734	0.03028	0.02716	0.03193	0.02175	0.01643	0.08586	0.00340	0.00624	0.00808	0.65831	0.00789
7	0.02106	0.02022	0.03454	0.05223	0.64784	0.02022	0.02612	0.02612	0.01938	0.02780	0.01601	0.02106	0.01348	0.00758	0.00842	0.00253	0.01011	0.00758	0.00421	0.01348
8	0.01875	0.23984	0.47573	0.02139	0.03240	0.02388	0.02645	0.02652	0.01777	0.02490	0.01425	0.01669	0.01082	0.00785	0.00731	0.00244	0.01155	0.00577	0.00361	0.01209
9	0.02106	0.02022	0.03454	0.05223	0.64784	0.02022	0.02612	0.02612	0.01938	0.02780	0.01601	0.02106	0.01348	0.00758	0.00842	0.00253	0.01011	0.00758	0.00421	0.01348
10	0.01154	0.00929	0.01475	0.01475	0.01623	0.00868	0.08150	0.01371	0.01675	0.02239	0.04332	0.61411	0.05104	0.02431	0.01076	0.00339	0.00607	0.02248	0.00747	0.00746
11	0.02207	0.02054	0.03374	0.04931	0.59216	0.02077	0.02523	0.07928	0.02123	0.03012	0.01640	0.02101	0.01357	0.00782	0.00843	0.00253	0.01004	0.00759	0.00460	0.01357

[dist]
# distance from previous block
# <min> <max>
0	2

[block]
# block no. 10 follows, 21 sequences, length 9
# corresponding to MSA columns:
# 246-254
name=unknown_K
#
# <colnr> <probs for GDERKNQSTAVLIFYWHMCP>
#	G	D	E	R	K	N	Q	S	T	A	V	L	I	F	Y	W	H	M	C	P
0	0.01994	0.02254	0.04788	0.03456	0.04233	0.02196	0.55897	0.02660	0.01940	0.02660	0.01663	0.02254	0.01274	0.00792	0.01178	0.00295	0.07935	0.00979	0.00425	0.01127
1	0.03118	0.01947	0.02360	0.01837	0.02473	0.02029	0.04634	0.30562	0.11002	0.23723	0.05376	0.02661	0.02086	0.01064	0.00870	0.00264	0.00839	0.00867	0.00898	0.01390
2	0.01752	0.09646	0.60833	0.02349	0.03564	0.02087	0.03011	0.02683	0.01791	0.02640	0.01500	0.01763	0.01079	0.00802	0.00788	0.00263	0.01230	0.00615	0.00360	0.01245
3	0.01764	0.11025	0.59558	0.02329	0.03533	0.02116	0.02975	0.02680	0.01790	0.02626	0.01493	0.01754	0.01079	0.00800	0.00782	0.00261	0.01223	0.00611	0.00360	0.01241
4	0.02990	0.03778	0.02277	0.02076	0.02502	0.60927	0.01557	0.03208	0.02370	0.02102	0.01952	0.02115	0.06617	0.00988	0.00788	0.00225	0.01438	0.00657	0.00469	0.00963
5	0.01607	0.01513	0.02552	0.68047	0.05861	0.01891	0.02363	0.02174	0.01702	0.02174	0.01513	0.02269	0.01134	0.00851	0.00851	0.00284	0.01134	0.00756	0.00378	0.00945
6	0.06514	0.02340	0.02326	0.01864	0.02481	0.08799	0.01510	0.38852	0.12613	0.10600	0.02277	0.02218	0.01628	0.01020	0.00830	0.00258	0.00922	0.00769	0.00817	0.01361
7	0.02820	0.02056	0.02245	0.01794	0.02388	0.02233	0.01450	0.42333	0.11648	0.07588	0.02540	0.08978	0.02045	0.01187	0.00866	0.00263	0.00831	0.00950	0.00840	0.04946
8	0.20344	0.01458	0.01756	0.01396	0.01996	0.01375	0.01147	0.03612	0.02206	0.47366	0.06593	0.02759	0.02196	0.01035	0.00789	0.00264	0.00689	0.00806	0.00925	0.01287

[dist]
# distance from previous block
# <min> <max>
1	5

[block]
# block no. 11 follows, 21 sequences, length 10
# corresponding to MSA columns:
# 260-269
name=unknown_L
#
# <colnr> <probs for GDERKNQSTAVLIFYWHMCP>
#	G	D	E	R	K	N	Q	S	T	A	V	L	I	F	Y	W	H	M	C	P
0	0.03213	0.01696	0.02041	0.01643	0.02250	0.01712	0.01332	0.12373	0.21345	0.37955	0.03206	0.02862	0.02165	0.01080	0.00858	0.00270	0.00738	0.00876	0.00967	0.01417
1	0.01765	0.01513	0.01765	0.01260	0.02017	0.01134	0.01008	0.02143	0.01765	0.02773	0.01513	0.01765	0.01260	0.00630	0.00630	0.00126	0.00630	0.00504	0.00504	0.75295
2	0.01037	0.00741	0.00987	0.01185	0.01234	0.00691	0.00790	0.01185	0.01629	0.02172	0.04690	0.69537	0.05629	0.02666	0.01086	0.00346	0.00494	0.02419	0.00790	0.00691
3	0.02009	0.02296	0.05022	0.03587	0.04448	0.02152	0.61693	0.02726	0.02009	0.02726	0.01722	0.02296	0.01291	0.00717	0.01004	0.00287	0.01435	0.01004	0.00430	0.01148
4	0.01796	0.01540	0.01779	0.01302	0.02034	0.01221	0.01038	0.02352	0.07166	0.02842	0.01684	0.01889	0.01378	0.00676	0.00651	0.00140	0.00634	0.00544	0.00536	0.68798
5	0.02744	0.02140	0.02277	0.01859	0.02452	0.02410	0.01499	0.36733	0.30014	0.04571	0.02667	0.02540	0.01952	0.01080	0.00858	0.00270	0.00821	0.00852	0.00858	0.01403
