[name]
unknown

[dist]
# distance from previous block
# <min> <max>
0	0

[block]
# block no. 0 follows, 19 sequences, length 7
# corresponding to MSA columns:
# 42-48
name=unknown_A
#
# <colnr> <probs for GDERKNQSTAVLIFYWHMCP>
#	G	D	E	R	K	N	Q	S	T	A	V	L	I	F	Y	W	H	M	C	P
0	0.01442	0.01030	0.01442	0.01648	0.01854	0.01030	0.01442	0.01854	0.02060	0.02677	0.04737	0.10092	0.05149	0.02471	0.01236	0.00412	0.00824	0.56956	0.00824	0.00824
1	0.01855	0.01590	0.01855	0.01325	0.02120	0.01193	0.01060	0.02253	0.01855	0.02915	0.01590	0.01855	0.01325	0.00663	0.00663	0.00133	0.00663	0.00530	0.00530	0.74028
2	0.01794	0.04628	0.63923	0.02550	0.03872	0.02078	0.03305	0.02833	0.01889	0.02833	0.01606	0.01889	0.01133	0.00850	0.00850	0.00283	0.01322	0.00661	0.00378	0.01322
3	0.01303	0.00985	0.01248	0.01380	0.01621	0.00931	0.01167	0.01648	0.02052	0.02583	0.06299	0.09557	0.25899	0.02397	0.01171	0.00372	0.00690	0.37072	0.00826	0.00799
4	0.01836	0.01556	0.01664	0.01524	0.01942	0.01708	0.01176	0.03563	0.40017	0.03444	0.13827	0.04945	0.16014	0.01526	0.00963	0.00300	0.00611	0.01286	0.00905	0.01191
5	0.01984	0.11970	0.35267	0.02862	0.03963	0.02329	0.23455	0.02826	0.01960	0.02753	0.01634	0.02021	0.01216	0.00805	0.00889	0.00278	0.01343	0.00781	0.00405	0.01258
6	0.02674	0.02920	0.02229	0.01973	0.02495	0.29960	0.01510	0.03913	0.27719	0.02948	0.02379	0.02385	0.01852	0.01015	0.00833	0.00249	0.01104	0.00757	0.00663	0.10418

[dist]
# distance from previous block
# <min> <max>
4	7

[block]
# block no. 1 follows, 19 sequences, length 38
# corresponding to MSA columns:
# 57-94
name=unknown_B
#
# <colnr> <probs for GDERKNQSTAVLIFYWHMCP>
#	G	D	E	R	K	N	Q	S	T	A	V	L	I	F	Y	W	H	M	C	P
0	0.02051	0.01894	0.02950	0.04039	0.41382	0.01819	0.02152	0.02639	0.05383	0.02920	0.02020	0.07170	0.01812	0.00943	0.00857	0.00246	0.00913	0.00882	0.00518	0.17408
1	0.02380	0.01793	0.02132	0.01755	0.05805	0.01602	0.01318	0.12329	0.06828	0.09565	0.02040	0.02157	0.01559	0.00826	0.00757	0.00190	0.00753	0.00665	0.00673	0.44872
2	0.02030	0.01938	0.03299	0.26876	0.43033	0.02077	0.02654	0.02584	0.01950	0.02699	0.01650	0.02274	0.01338	0.00831	0.00889	0.00277	0.01108	0.00796	0.00427	0.01269
3	0.01983	0.01889	0.03213	0.32377	0.37902	0.02065	0.02630	0.02543	0.01928	0.02642	0.01642	0.02290	0.01318	0.00840	0.00890	0.00280	0.01120	0.00796	0.00423	0.01230
4	0.02214	0.02126	0.03631	0.05491	0.62978	0.02126	0.02746	0.02746	0.02037	0.02923	0.01683	0.02214	0.01417	0.00797	0.00886	0.00266	0.01063	0.00797	0.00443	0.01417
5	0.02214	0.02126	0.03631	0.05491	0.62978	0.02126	0.02746	0.02746	0.02037	0.02923	0.01683	0.02214	0.01417	0.00797	0.00886	0.00266	0.01063	0.00797	0.00443	0.01417
6	0.03342	0.04264	0.02535	0.02305	0.02766	0.64967	0.01729	0.03572	0.02535	0.02190	0.01383	0.01613	0.01152	0.00922	0.00807	0.00230	0.01613	0.00576	0.00461	0.01037
7	0.02214	0.02126	0.03631	0.05491	0.62978	0.02126	0.02746	0.02746	0.02037	0.02923	0.01683	0.02214	0.01417	0.00797	0.00886	0.00266	0.01063	0.00797	0.00443	0.01417
8	0.01794	0.04628	0.63923	0.02550	0.03872	0.02078	0.03305	0.02833	0.01889	0.02833	0.01606	0.01889	0.01133	0.00850	0.00850	0.00283	0.01322	0.00661	0.00378	0.01322
9	0.02926	0.02223	0.02368	0.01889	0.02520	0.02452	0.01536	0.43238	0.14730	0.04933	0.03178	0.03072	0.08366	0.01229	0.00915	0.00279	0.00875	0.00962	0.00891	0.01419
10	0.01957	0.01957	0.02740	0.02349	0.02349	0.02740	0.01957	0.02153	0.01370	0.02153	0.01174	0.01957	0.01174	0.01566	0.02936	0.00391	0.66921	0.00783	0.00391	0.00979
11	0.03342	0.04264	0.02535	0.02305	0.02766	0.64967	0.01729	0.03572	0.02535	0.02190	0.01383	0.01613	0.01152	0.00922	0.00807	0.00230	0.01613	0.00576	0.00461	0.01037
12	0.04014	0.01523	0.02076	0.01592	0.02284	0.01315	0.01315	0.04360	0.02561	0.63597	0.03530	0.03045	0.02215	0.01107	0.00900	0.00277	0.00761	0.00900	0.01107	0.01523
13	0.01354	0.06230	0.01468	0.01157	0.01411	0.01054	0.00898	0.01766	0.02477	0.03472	0.57729	0.06274	0.07873	0.01746	0.01018	0.00274	0.00464	0.01529	0.00938	0.00868
14	0.01794	0.04628	0.63923	0.02550	0.03872	0.02078	0.03305	0.02833	0.01889	0.02833	0.01606	0.01889	0.01133	0.00850	0.00850	0.00283	0.01322	0.00661	0.00378	0.01322
15	0.01690	0.01590	0.02683	0.66408	0.06162	0.01988	0.02485	0.02286	0.01789	0.02286	0.01590	0.02385	0.01193	0.00894	0.00894	0.00298	0.01193	0.00795	0.00398	0.00994
16	0.01974	0.02007	0.03017	0.02504	0.02602	0.02688	0.08250	0.02231	0.01451	0.02231	0.01244	0.02007	0.01194	0.01477	0.02731	0.00382	0.59796	0.00813	0.00398	0.01003
17	0.01690	0.01590	0.02683	0.66408	0.06162	0.01988	0.02485	0.02286	0.01789	0.02286	0.01590	0.02385	0.01193	0.00894	0.00894	0.00298	0.01193	0.00795	0.00398	0.00994
18	0.02214	0.02126	0.03631	0.05491	0.62978	0.02126	0.02746	0.02746	0.02037	0.02923	0.01683	0.02214	0.01417	0.00797	0.00886	0.00266	0.01063	0.00797	0.00443	0.01417
19	0.01794	0.04628	0.63923	0.02550	0.03872	0.02078	0.03305	0.02833	0.01889	0.02833	0.01606	0.01889	0.01133	0.00850	0.00850	0.00283	0.01322	0.00661	0.00378	0.01322
20	0.02214	0.02126	0.03631	0.05491	0.62978	0.02126	0.02746	0.02746	0.02037	0.02923	0.01683	0.02214	0.01417	0.00797	0.00886	0.00266	0.01063	0.00797	0.00443	0.01417
21	0.01057	0.00906	0.00906	0.00906	0.01208	0.00755	0.00680	0.01284	0.02039	0.02417	0.09063	0.08610	0.62615	0.02266	0.01057	0.00302	0.00453	0.01888	0.00831	0.00755
22	0.03342	0.04264	0.02535	0.02305	0.02766	0.64967	0.01729	0.03572	0.02535	0.02190	0.01383	0.01613	0.01152	0.00922	0.00807	0.00230	0.01613	0.00576	0.00461	0.01037
23	0.03968	0.01597	0.02122	0.01627	0.02321	0.01425	0.01344	0.08565	0.02685	0.59216	0.03425	0.02977	0.02162	0.01105	0.00899	0.00276	0.00778	0.00893	0.01091	0.01522
24	0.74878	0.01730	0.01315	0.01177	0.01730	0.02007	0.00969	0.02630	0.01523	0.04014	0.01246	0.01453	0.00969	0.00830	0.00554	0.00277	0.00692	0.00484	0.00554	0.00969
25	0.01057	0.00906	0.00906	0.00906	0.01208	0.00755	0.00680	0.01284	0.02039	0.02417	0.09063	0.08610	0.62615	0.02266	0.01057	0.00302	0.00453	0.01888	0.00831	0.00755
26	0.03130	0.03861	0.02742	0.02905	0.14099	0.53138	0.01920	0.03417	0.02442	0.02328	0.01439	0.01726	0.01202	0.00898	0.00822	0.00237	0.01510	0.00618	0.00458	0.01109
27	0.01690	0.01590	0.02683	0.66408	0.06162	0.01988	0.02485	0.02286	0.01789	0.02286	0.01590	0.02385	0.01193	0.00894	0.00894	0.00298	0.01193	0.00795	0.00398	0.00994
28	0.01057	0.00906	0.00906	0.00906	0.01208	0.00755	0.00680	0.01284	0.02039	0.02417	0.09063	0.08610	0.62615	0.02266	0.01057	0.00302	0.00453	0.01888	0.00831	0.00755
29	0.74878	0.01730	0.01315	0.01177	0.01730	0.02007	0.00969	0.02630	0.01523	0.04014	0.01246	0.01453	0.00969	0.00830	0.00554	0.00277	0.00692	0.00484	0.00554	0.00969
30	0.02853	0.26428	0.09938	0.02042	0.02725	0.31238	0.01829	0.08447	0.02374	0.02552	0.01431	0.01632	0.01183	0.00875	0.00740	0.00226	0.01297	0.00573	0.00466	0.01151
31	0.01090	0.00779	0.01038	0.01246	0.01298	0.00727	0.00830	0.01246	0.01713	0.02284	0.04931	0.67975	0.05917	0.02803	0.01142	0.00363	0.00519	0.02543	0.00830	0.00727
32	0.01090	0.00779	0.01038	0.01246	0.01298	0.00727	0.00830	0.01246	0.01713	0.02284	0.04931	0.67975	0.05917	0.02803	0.01142	0.00363	0.00519	0.02543	0.00830	0.00727
33	0.01855	0.01590	0.01855	0.01325	0.02120	0.01193	0.01060	0.02253	0.01855	0.02915	0.01590	0.01855	0.01325	0.00663	0.00663	0.00133	0.00663	0.00530	0.00530	0.74028
34	0.01784	0.00946	0.00958	0.00916	0.01158	0.00964	0.00697	0.05956	0.02032	0.03489	0.02867	0.03256	0.02242	0.01044	0.00643	0.00212	0.00455	0.00832	0.68669	0.00880
35	0.03266	0.02376	0.02541	0.01963	0.02639	0.02623	0.01617	0.55480	0.04025	0.05459	0.02208	0.02241	0.01582	0.01072	0.00874	0.00264	0.00940	0.00808	0.06558	0.01468
36	0.02112	0.02413	0.05279	0.03771	0.04676	0.02262	0.59729	0.02866	0.02112	0.02866	0.01810	0.02413	0.01357	0.00754	0.01056	0.00302	0.01508	0.01056	0.00452	0.01207
37	0.03839	0.01659	0.02338	0.01774	0.02482	0.01492	0.05250	0.08598	0.02659	0.55018	0.03307	0.02933	0.02103	0.01081	0.00910	0.00278	0.00829	0.00903	0.01047	0.01501

[dist]
# distance from previous block
# <min> <max>
0	1

[block]
# block no. 2 follows, 19 sequences, length 83
# corresponding to MSA columns:
# 96-178
name=unknown_C
#
# <colnr> <probs for GDERKNQSTAVLIFYWHMCP>
#	G	D	E	R	K	N	Q	S	T	A	V	L	I	F	Y	W	H	M	C	P
0	0.02310	0.02307	0.03538	0.05220	0.57860	0.07467	0.02659	0.02816	0.02079	0.02860	0.01657	0.02163	0.01395	0.00808	0.00879	0.00263	0.01110	0.00778	0.00444	0.01385
1	0.02025	0.02274	0.04919	0.03556	0.04389	0.02132	0.54722	0.02728	0.02078	0.02816	0.02075	0.07986	0.01745	0.00928	0.01063	0.00307	0.01424	0.01182	0.00485	0.01166
2	0.03401	0.02506	0.02685	0.02058	0.02774	0.02774	0.01700	0.59995	0.04206	0.05638	0.02148	0.02148	0.01521	0.01074	0.00895	0.00268	0.00984	0.00805	0.00895	0.01521
3	0.02214	0.02126	0.03631	0.05491	0.62978	0.02126	0.02746	0.02746	0.02037	0.02923	0.01683	0.02214	0.01417	0.00797	0.00886	0.00266	0.01063	0.00797	0.00443	0.01417
4	0.03240	0.04113	0.02462	0.02242	0.02696	0.62090	0.01682	0.03470	0.02513	0.02200	0.01727	0.01927	0.03906	0.00982	0.00818	0.00234	0.01561	0.00635	0.00478	0.01025
5	0.01543	0.01202	0.01500	0.01683	0.01902	0.04425	0.01457	0.01945	0.02085	0.02651	0.04559	0.09641	0.04937	0.02389	0.01213	0.00402	0.00866	0.53962	0.00805	0.00835
6	0.01057	0.00906	0.00906	0.00906	0.01208	0.00755	0.00680	0.01284	0.02039	0.02417	0.09063	0.08610	0.62615	0.02266	0.01057	0.00302	0.00453	0.01888	0.00831	0.00755
7	0.01090	0.00779	0.01038	0.01246	0.01298	0.00727	0.00830	0.01246	0.01713	0.02284	0.04931	0.67975	0.05917	0.02803	0.01142	0.00363	0.00519	0.02543	0.00830	0.00727
8	0.17514	0.46880	0.08173	0.01535	0.02293	0.02999	0.01532	0.02767	0.01800	0.05737	0.01389	0.01555	0.01165	0.00803	0.00607	0.00220	0.00918	0.00515	0.00455	0.01143
9	0.02029	0.02989	0.20515	0.03454	0.04467	0.02214	0.45070	0.02857	0.02054	0.02857	0.01757	0.02277	0.01299	0.00779	0.01002	0.00297	0.01460	0.00953	0.00433	0.01237
10	0.04014	0.01523	0.02076	0.01592	0.02284	0.01315	0.01315	0.04360	0.02561	0.63597	0.03530	0.03045	0.02215	0.01107	0.00900	0.00277	0.00761	0.00900	0.01107	0.01523
11	0.01345	0.00962	0.01183	0.01155	0.01182	0.01047	0.00743	0.01414	0.01329	0.01823	0.02627	0.05172	0.02928	0.53148	0.14722	0.00930	0.05947	0.01205	0.00520	0.00618
12	0.01673	0.01533	0.02493	0.53615	0.05278	0.01915	0.02244	0.02199	0.01753	0.02326	0.01831	0.06530	0.01543	0.01079	0.01070	0.00306	0.06699	0.00906	0.04038	0.00968
13	0.01278	0.00959	0.01438	0.01438	0.01598	0.01118	0.01118	0.01598	0.01438	0.02077	0.02396	0.03515	0.02237	0.06710	0.65013	0.01438	0.02396	0.00959	0.00479	0.00799
14	0.01057	0.00906	0.00906	0.00906	0.01208	0.00755	0.00680	0.01284	0.02039	0.02417	0.09063	0.08610	0.62615	0.02266	0.01057	0.00302	0.00453	0.01888	0.00831	0.00755
15	0.02514	0.02001	0.02138	0.01850	0.02401	0.02274	0.01459	0.14133	0.48731	0.07023	0.03382	0.03121	0.02500	0.01185	0.00907	0.00296	0.00758	0.00971	0.00917	0.01439
16	0.01838	0.09332	0.59601	0.02476	0.03757	0.02184	0.03176	0.02822	0.01884	0.02780	0.01579	0.01856	0.01134	0.00844	0.00830	0.00277	0.01296	0.00648	0.00378	0.01309
17	0.01090	0.00779	0.01038	0.01246	0.01298	0.00727	0.00830	0.01246	0.01713	0.02284	0.04931	0.67975	0.05917	0.02803	0.01142	0.00363	0.00519	0.02543	0.00830	0.00727
18	0.02200	0.02165	0.03855	0.05257	0.55049	0.02144	0.10495	0.02762	0.02047	0.02915	0.01700	0.02241	0.01409	0.00791	0.00909	0.00271	0.01123	0.00832	0.00444	0.01388
19	0.02144	0.02115	0.03789	0.11563	0.47985	0.02133	0.11593	0.02717	0.02023	0.02848	0.01693	0.02263	0.01384	0.00801	0.00913	0.00275	0.01146	0.00837	0.00440	0.01340
20	0.02112	0.02413	0.05279	0.03771	0.04676	0.02262	0.59729	0.02866	0.02112	0.02866	0.01810	0.02413	0.01357	0.00754	0.01056	0.00302	0.01508	0.01056	0.00452	0.01207
21	0.03342	0.04264	0.02535	0.02305	0.02766	0.64967	0.01729	0.03572	0.02535	0.02190	0.01383	0.01613	0.01152	0.00922	0.00807	0.00230	0.01613	0.00576	0.00461	0.01037
22	0.02392	0.69097	0.04688	0.01531	0.02296	0.03540	0.01531	0.02679	0.01818	0.02105	0.01244	0.01435	0.01148	0.00765	0.00574	0.00191	0.00957	0.00478	0.00383	0.01148
23	0.02791	0.02362	0.14686	0.01902	0.02645	0.01909	0.01779	0.06484	0.27003	0.23893	0.03128	0.02895	0.02181	0.01098	0.00894	0.00289	0.00863	0.00894	0.00868	0.01437
24	0.01386	0.00990	0.01377	0.01583	0.01765	0.00981	0.01344	0.01756	0.02004	0.02615	0.04768	0.19336	0.05272	0.02524	0.01221	0.00404	0.00775	0.48266	0.00825	0.00808
25	0.01090	0.00779	0.01038	0.01246	0.01298	0.00727	0.00830	0.01246	0.01713	0.02284	0.04931	0.67975	0.05917	0.02803	0.01142	0.00363	0.00519	0.02543	0.00830	0.00727
26	0.01090	0.00779	0.01038	0.01246	0.01298	0.00727	0.00830	0.01246	0.01713	0.02284	0.04931	0.67975	0.05917	0.02803	0.01142	0.00363	0.00519	0.02543	0.00830	0.00727
27	0.02252	0.10078	0.42808	0.02385	0.03447	0.15520	0.02739	0.05756	0.02132	0.02770	0.01553	0.01804	0.01158	0.00869	0.00819	0.00263	0.01335	0.00634	0.00421	0.01256
28	0.65742	0.01761	0.01488	0.05983	0.02109	0.02046	0.01118	0.05651	0.01685	0.03974	0.01319	0.01558	0.01015	0.00848	0.00597	0.00278	0.00744	0.00524	0.00560	0.01000
29	0.74878	0.01730	0.01315	0.01177	0.01730	0.02007	0.00969	0.02630	0.01523	0.04014	0.01246	0.01453	0.00969	0.00830	0.00554	0.00277	0.00692	0.00484	0.00554	0.00969
30	0.02354	0.65033	0.08422	0.01595	0.02396	0.03448	0.01643	0.02689	0.01822	0.02151	0.01267	0.01464	0.01147	0.00771	0.00591	0.00197	0.00980	0.00490	0.00382	0.01159
31	0.02143	0.02053	0.03502	0.13776	0.55251	0.02107	0.02710	0.02683	0.02003	0.02836	0.01670	0.02238	0.01387	0.00810	0.00887	0.00270	0.01080	0.00797	0.00437	0.01360
32	0.01553	0.00984	0.01252	0.01145	0.01426	0.00885	0.00873	0.01935	0.02457	0.10383	0.47123	0.06567	0.16354	0.01815	0.01037	0.00284	0.00466	0.01577	0.00975	0.00909
33	0.02112	0.02413	0.05279	0.03771	0.04676	0.02262	0.59729	0.02866	0.02112	0.02866	0.01810	0.02413	0.01357	0.00754	0.01056	0.00302	0.01508	0.01056	0.00452	0.01207
34	0.07220	0.01467	0.01944	0.01521	0.02154	0.01298	0.01247	0.03986	0.02506	0.54181	0.09776	0.03359	0.02825	0.01171	0.00899	0.00277	0.00721	0.00957	0.01067	0.01422
35	0.01794	0.04628	0.63923	0.02550	0.03872	0.02078	0.03305	0.02833	0.01889	0.02833	0.01606	0.01889	0.01133	0.00850	0.00850	0.00283	0.01322	0.00661	0.00378	0.01322
36	0.01794	0.04628	0.63923	0.02550	0.03872	0.02078	0.03305	0.02833	0.01889	0.02833	0.01606	0.01889	0.01133	0.00850	0.00850	0.00283	0.01322	0.00661	0.00378	0.01322
37	0.01057	0.00906	0.00906	0.00906	0.01208	0.00755	0.00680	0.01284	0.02039	0.02417	0.09063	0.08610	0.62615	0.02266	0.01057	0.00302	0.00453	0.01888	0.00831	0.00755
38	0.01930	0.01837	0.02782	0.43725	0.17370	0.05238	0.02367	0.04831	0.02026	0.02634	0.05349	0.02563	0.01695	0.00940	0.00898	0.00286	0.01132	0.00835	0.00467	0.01097
39	0.01739	0.01679	0.02907	0.57732	0.05836	0.02050	0.07323	0.02328	0.01794	0.02328	0.01587	0.02365	0.01206	0.00918	0.01015	0.00303	0.04659	0.00817	0.00402	0.01011
40	0.01090	0.00779	0.01038	0.01246	0.01298	0.00727	0.00830	0.01246	0.01713	0.02284	0.04931	0.67975	0.05917	0.02803	0.01142	0.00363	0.00519	0.02543	0.00830	0.00727
41	0.01712	0.01633	0.02819	0.63131	0.06084	0.02002	0.05480	0.02316	0.01806	0.02316	0.01602	0.02387	0.01201	0.00887	0.00903	0.00298	0.01209	0.00809	0.00400	0.01005
42	0.01833	0.01832	0.02853	0.41489	0.04869	0.05340	0.07969	0.02328	0.01779	0.02314	0.01712	0.05940	0.01468	0.01111	0.01293	0.00316	0.13220	0.00905	0.00429	0.01000
43	0.02112	0.02413	0.05279	0.03771	0.04676	0.02262	0.59729	0.02866	0.02112	0.02866	0.01810	0.02413	0.01357	0.00754	0.01056	0.00302	0.01508	0.01056	0.00452	0.01207
44	0.01108	0.00793	0.01054	0.01233	0.01302	0.00739	0.00832	0.01291	0.01797	0.02418	0.10855	0.61668	0.06177	0.02703	0.01133	0.00355	0.00509	0.02448	0.00846	0.00739
45	0.01921	0.18266	0.51392	0.02334	0.03539	0.02387	0.02930	0.02801	0.01874	0.02679	0.01529	0.01793	0.01136	0.00832	0.00792	0.00264	0.01245	0.00622	0.00379	0.01285
46	0.02026	0.21969	0.45173	0.02264	0.03397	0.05342	0.02756	0.02825	0.01899	0.02608	0.01498	0.01754	0.01138	0.00830	0.00774	0.00256	0.01237	0.00608	0.00383	0.01262
47	0.01090	0.00779	0.01038	0.01246	0.01298	0.00727	0.00830	0.01246	0.01713	0.02284	0.04931	0.67975	0.05917	0.02803	0.01142	0.00363	0.00519	0.02543	0.00830	0.00727
48	0.01690	0.01590	0.02683	0.66408	0.06162	0.01988	0.02485	0.02286	0.01789	0.02286	0.01590	0.02385	0.01193	0.00894	0.00894	0.00298	0.01193	0.00795	0.00398	0.00994
49	0.02219	0.02203	0.03412	0.14240	0.50207	0.06691	0.02633	0.02738	0.02037	0.02775	0.01647	0.02196	0.01365	0.00821	0.00881	0.00268	0.01122	0.00781	0.00437	0.01327
50	0.01868	0.09970	0.55562	0.02626	0.06999	0.02205	0.03124	0.02815	0.01891	0.02776	0.01579	0.01868	0.01150	0.00840	0.00828	0.00275	0.01277	0.00653	0.00382	0.01313
51	0.03330	0.02623	0.02635	0.02066	0.02749	0.08030	0.01687	0.52108	0.07262	0.05239	0.02166	0.02169	0.01558	0.01069	0.00888	0.00267	0.01022	0.00798	0.00859	0.01474
52	0.17464	0.01596	0.01926	0.01532	0.02181	0.01525	0.01257	0.04061	0.07360	0.47073	0.03101	0.02764	0.02019	0.01063	0.00834	0.00279	0.00743	0.00829	0.00984	0.01407
53	0.02031	0.02101	0.02908	0.07895	0.02868	0.06449	0.06204	0.02303	0.01531	0.02219	0.01269	0.02006	0.01188	0.01410	0.02495	0.00367	0.52565	0.00791	0.00401	0.01000
54	0.01278	0.00959	0.01438	0.01438	0.01598	0.01118	0.01118	0.01598	0.01438	0.02077	0.02396	0.03515	0.02237	0.06710	0.65013	0.01438	0.02396	0.00959	0.00479	0.00799
55	0.01057	0.00906	0.00906	0.00906	0.01208	0.00755	0.00680	0.01284	0.02039	0.02417	0.09063	0.08610	0.62615	0.02266	0.01057	0.00302	0.00453	0.01888	0.00831	0.00755
56	0.01827	0.08184	0.60655	0.02494	0.03785	0.02158	0.03208	0.02825	0.01885	0.02793	0.01586	0.01864	0.01134	0.00845	0.00835	0.00278	0.01302	0.00651	0.00378	0.01313
57	0.01090	0.00779	0.01038	0.01246	0.01298	0.00727	0.00830	0.01246	0.01713	0.02284	0.04931	0.67975	0.05917	0.02803	0.01142	0.00363	0.00519	0.02543	0.00830	0.00727
58	0.01090	0.00779	0.01038	0.01246	0.01298	0.00727	0.00830	0.01246	0.01713	0.02284	0.04931	0.67975	0.05917	0.02803	0.01142	0.00363	0.00519	0.02543	0.00830	0.00727
59	0.02214	0.02126	0.03631	0.05491	0.62978	0.02126	0.02746	0.02746	0.02037	0.02923	0.01683	0.02214	0.01417	0.00797	0.00886	0.00266	0.01063	0.00797	0.00443	0.01417
60	0.03629	0.01546	0.02024	0.01599	0.02241	0.01415	0.01305	0.04277	0.10599	0.52343	0.06562	0.03271	0.02604	0.01159	0.00909	0.00281	0.00737	0.00952	0.01074	0.01473
61	0.02472	0.02823	0.02578	0.02275	0.02470	0.27652	0.01814	0.02690	0.01843	0.02163	0.01333	0.01914	0.01231	0.01622	0.05878	0.00391	0.36724	0.00711	0.00425	0.00991
62	0.17543	0.50349	0.03829	0.01514	0.02213	0.07703	0.01428	0.02734	0.01809	0.02508	0.01254	0.01452	0.01111	0.00790	0.00587	0.00212	0.00950	0.00487	0.00424	0.01103
63	0.01057	0.00906	0.00906	0.00906	0.01208	0.00755	0.00680	0.01284	0.02039	0.02417	0.09063	0.08610	0.62615	0.02266	0.01057	0.00302	0.00453	0.01888	0.00831	0.00755
64	0.03348	0.04091	0.02550	0.02281	0.02767	0.58840	0.01726	0.09131	0.02700	0.02529	0.01458	0.01666	0.01189	0.00937	0.00815	0.00234	0.01551	0.00599	0.00504	0.01085
65	0.01296	0.00967	0.01172	0.01178	0.01252	0.00989	0.00779	0.01394	0.01515	0.02038	0.03810	0.23525	0.09190	0.35164	0.02959	0.00601	0.06336	0.01638	0.00638	0.03562
66	0.01103	0.00784	0.01034	0.01229	0.01278	0.00735	0.00813	0.01249	0.01688	0.02250	0.04802	0.64174	0.05754	0.06826	0.01351	0.00394	0.00540	0.02467	0.00813	0.00715
67	0.02031	0.30145	0.40478	0.02147	0.03248	0.02656	0.02603	0.02772	0.01861	0.02545	0.01462	0.01709	0.01139	0.00817	0.00741	0.00247	0.01178	0.00589	0.00380	0.01253
68	0.02392	0.69097	0.04688	0.01531	0.02296	0.03540	0.01531	0.02679	0.01818	0.02105	0.01244	0.01435	0.01148	0.00765	0.00574	0.00191	0.00957	0.00478	0.00383	0.01148
69	0.01790	0.01521	0.01786	0.01318	0.02050	0.01153	0.01041	0.02167	0.01843	0.02862	0.01874	0.07475	0.01715	0.00844	0.00703	0.00152	0.00650	0.00701	0.00556	0.67797
70	0.02225	0.01922	0.02023	0.01821	0.02326	0.02225	0.01416	0.04754	0.61361	0.03742	0.03641	0.03338	0.02731	0.01214	0.00910	0.00303	0.00708	0.01011	0.00910	0.01416
71	0.01255	0.01006	0.01091	0.01034	0.01338	0.00902	0.00785	0.04982	0.02301	0.02920	0.22633	0.07710	0.44693	0.02078	0.01047	0.00295	0.00478	0.01751	0.00875	0.00825
72	0.02016	0.02054	0.02732	0.02347	0.02366	0.05361	0.01948	0.02213	0.01419	0.02155	0.01183	0.01943	0.01173	0.01539	0.02846	0.00385	0.64171	0.00774	0.00394	0.00981
73	0.01554	0.00777	0.01166	0.01166	0.01166	0.00777	0.00777	0.01166	0.01166	0.01554	0.01554	0.02720	0.01554	0.03108	0.03497	0.73970	0.00777	0.00777	0.00389	0.00389
74	0.02214	0.02126	0.03631	0.05491	0.62978	0.02126	0.02746	0.02746	0.02037	0.02923	0.01683	0.02214	0.01417	0.00797	0.00886	0.00266	0.01063	0.00797	0.00443	0.01417
75	0.74878	0.01730	0.01315	0.01177	0.01730	0.02007	0.00969	0.02630	0.01523	0.04014	0.01246	0.01453	0.00969	0.00830	0.00554	0.00277	0.00692	0.00484	0.00554	0.00969
76	0.02214	0.02126	0.03631	0.05491	0.62978	0.02126	0.02746	0.02746	0.02037	0.02923	0.01683	0.02214	0.01417	0.00797	0.00886	0.00266	0.01063	0.00797	0.00443	0.01417
77	0.01956	0.02142	0.04432	0.03276	0.03968	0.02105	0.45560	0.02569	0.01978	0.02711	0.02167	0.11281	0.01958	0.01119	0.01268	0.00320	0.08347	0.01229	0.00497	0.01117
78	0.01796	0.01627	0.02603	0.55961	0.05508	0.02024	0.02325	0.05333	0.01895	0.02503	0.01654	0.02389	0.01259	0.00953	0.01011	0.00298	0.05289	0.00797	0.03761	0.01014
79	0.01929	0.01086	0.01113	0.01019	0.01304	0.01127	0.00788	0.10830	0.02228	0.03683	0.02802	0.03156	0.02177	0.01047	0.00666	0.00218	0.00503	0.00830	0.62557	0.00938
80	0.03775	0.01508	0.02025	0.01577	0.02234	0.01333	0.01294	0.04232	0.05419	0.57376	0.06788	0.03260	0.02583	0.01152	0.00909	0.00278	0.00740	0.00945	0.01091	0.01480
81	0.02310	0.02307	0.03538	0.05220	0.57860	0.07467	0.02659	0.02816	0.02079	0.02860	0.01657	0.02163	0.01395	0.00808	0.00879	0.00263	0.01110	0.00778	0.00444	0.01385
82	0.01245	0.00907	0.01171	0.01120	0.01327	0.00833	0.00834	0.01641	0.02460	0.03450	0.56339	0.10172	0.11333	0.01907	0.01060	0.00287	0.00429	0.01684	0.00968	0.00833

[dist]
# distance from previous block
# <min> <max>
0	3

[block]
# block no. 3 follows, 19 sequences, length 18
# corresponding to MSA columns:
# 182-199
name=unknown_D
#
# <colnr> <probs for GDERKNQSTAVLIFYWHMCP>
#	G	D	E	R	K	N	Q	S	T	A	V	L	I	F	Y	W	H	M	C	P
0	0.02245	0.01796	0.01946	0.01732	0.02245	0.01994	0.01359	0.04320	0.49046	0.07670	0.03791	0.03737	0.05222	0.01272	0.00915	0.00296	0.00703	0.03353	0.00895	0.05461
1	0.01803	0.01535	0.01800	0.01320	0.02064	0.01161	0.01044	0.02184	0.01845	0.02872	0.01818	0.06355	0.01638	0.00808	0.00695	0.00148	0.00653	0.00667	0.00550	0.69039
2	0.02225	0.01922	0.02023	0.01821	0.02326	0.02225	0.01416	0.04754	0.61361	0.03742	0.03641	0.03338	0.02731	0.01214	0.00910	0.00303	0.00708	0.01011	0.00910	0.01416
3	0.01957	0.01957	0.02740	0.02349	0.02349	0.02740	0.01957	0.02153	0.01370	0.02153	0.01174	0.01957	0.01174	0.01566	0.02936	0.00391	0.66921	0.00783	0.00391	0.00979
4	0.01833	0.01914	0.03900	0.03163	0.08061	0.01808	0.37695	0.02407	0.02008	0.02720	0.02731	0.18440	0.02690	0.01355	0.01075	0.00321	0.01196	0.05035	0.00566	0.01084
5	0.01387	0.01020	0.01293	0.01385	0.01578	0.00981	0.01044	0.05969	0.02016	0.02676	0.04774	0.42021	0.08866	0.02450	0.01116	0.00352	0.00630	0.15164	0.00819	0.04459
6	0.02330	0.01894	0.02172	0.01623	0.02335	0.01787	0.01321	0.19698	0.02529	0.03681	0.01728	0.01951	0.01373	0.00855	0.00903	0.00193	0.05726	0.00632	0.00630	0.46637
7	0.02214	0.02126	0.03631	0.05491	0.62978	0.02126	0.02746	0.02746	0.02037	0.02923	0.01683	0.02214	0.01417	0.00797	0.00886	0.00266	0.01063	0.00797	0.00443	0.01417
8	0.62371	0.01732	0.01499	0.07383	0.02194	0.02022	0.01146	0.02761	0.06159	0.03830	0.01463	0.01687	0.01126	0.00866	0.00613	0.00281	0.00741	0.00554	0.00566	0.01006
9	0.01057	0.00906	0.00906	0.00906	0.01208	0.00755	0.00680	0.01284	0.02039	0.02417	0.09063	0.08610	0.62615	0.02266	0.01057	0.00302	0.00453	0.01888	0.00831	0.00755
10	0.01106	0.00908	0.00974	0.00957	0.01238	0.00776	0.00718	0.01378	0.02154	0.02690	0.21526	0.08161	0.49982	0.02164	0.01057	0.00297	0.00446	0.01825	0.00867	0.00776
11	0.01246	0.00914	0.01168	0.01104	0.01324	0.00836	0.00828	0.01649	0.02485	0.03474	0.57325	0.06870	0.13693	0.01871	0.01055	0.00283	0.00425	0.01644	0.00970	0.00836
12	0.01578	0.01172	0.01595	0.01504	0.01710	0.01373	0.01187	0.07353	0.01748	0.02562	0.02334	0.03243	0.02091	0.05162	0.47137	0.01113	0.07020	0.00917	0.08316	0.00886
13	0.03401	0.02506	0.02685	0.02058	0.02774	0.02774	0.01700	0.59995	0.04206	0.05638	0.02148	0.02148	0.01521	0.01074	0.00895	0.00268	0.00984	0.00805	0.00895	0.01521
14	0.03342	0.04264	0.02535	0.02305	0.02766	0.64967	0.01729	0.03572	0.02535	0.02190	0.01383	0.01613	0.01152	0.00922	0.00807	0.00230	0.01613	0.00576	0.00461	0.01037
15	0.62492	0.02099	0.05185	0.01373	0.01974	0.05947	0.01192	0.05597	0.01743	0.03913	0.01321	0.01524	0.01018	0.00850	0.00604	0.00274	0.00801	0.00517	0.00555	0.01022
16	0.03164	0.03905	0.02553	0.02455	0.06451	0.54995	0.01761	0.03636	0.08206	0.02385	0.01620	0.01818	0.01322	0.00942	0.00822	0.00240	0.01492	0.00632	0.00503	0.01097
17	0.06123	0.01499	0.01611	0.01413	0.01776	0.05463	0.01095	0.12390	0.02726	0.08305	0.36507	0.08627	0.05700	0.01583	0.00976	0.00280	0.00646	0.01343	0.00910	0.01028

[dist]
# distance from previous block
# <min> <max>
0	1

[block]
# block no. 4 follows, 19 sequences, length 8
# corresponding to MSA columns:
# 201-208
name=unknown_E
#
# <colnr> <probs for GDERKNQSTAVLIFYWHMCP>
#	G	D	E	R	K	N	Q	S	T	A	V	L	I	F	Y	W	H	M	C	P
0	0.02164	0.01554	0.01852	0.01795	0.05074	0.01604	0.01393	0.16350	0.09247	0.08324	0.04666	0.06145	0.15881	0.01757	0.01035	0.00324	0.00777	0.18074	0.00856	0.01129
1	0.13186	0.01030	0.01048	0.05476	0.01504	0.01101	0.00804	0.02136	0.01779	0.03270	0.02556	0.03129	0.02067	0.05198	0.00877	0.00266	0.00542	0.00805	0.52377	0.00848
2	0.02172	0.01815	0.02206	0.01603	0.02389	0.01561	0.04415	0.13585	0.02329	0.03445	0.01711	0.01943	0.01365	0.00748	0.00730	0.00168	0.00772	0.00613	0.00597	0.55831
3	0.03455	0.01700	0.02099	0.01688	0.02327	0.01671	0.01368	0.07942	0.19793	0.42548	0.03476	0.03074	0.02322	0.01136	0.00902	0.00284	0.00760	0.00926	0.01037	0.01491
4	0.51976	0.01990	0.01674	0.01423	0.02008	0.06478	0.01161	0.10626	0.02076	0.11014	0.01642	0.01743	0.01201	0.00902	0.00658	0.00272	0.00805	0.00582	0.00657	0.01112
5	0.02167	0.02043	0.03379	0.04986	0.54777	0.02065	0.02568	0.02836	0.06344	0.02967	0.02015	0.02785	0.01744	0.00931	0.00909	0.00278	0.01022	0.04303	0.00500	0.01380
6	0.02179	0.09495	0.17408	0.02502	0.03251	0.02129	0.15907	0.02937	0.09110	0.03199	0.10226	0.04241	0.03124	0.01407	0.01084	0.00354	0.01152	0.08282	0.00707	0.01303
7	0.03190	0.02023	0.02357	0.02117	0.06694	0.02018	0.01551	0.18062	0.13814	0.19958	0.03093	0.03154	0.02287	0.01263	0.00981	0.00320	0.00886	0.00947	0.09409	0.05878

[dist]
# distance from previous block
# <min> <max>
0	11

[block]
# block no. 5 follows, 19 sequences, length 8
# corresponding to MSA columns:
# 222-229
name=unknown_F
#
# <colnr> <probs for GDERKNQSTAVLIFYWHMCP>
#	G	D	E	R	K	N	Q	S	T	A	V	L	I	F	Y	W	H	M	C	P
0	0.38191	0.15996	0.02309	0.04506	0.02231	0.02229	0.01258	0.02620	0.01882	0.03512	0.07641	0.02408	0.02041	0.01064	0.00747	0.00288	0.00822	0.00699	0.00630	0.08924
1	0.02423	0.02285	0.03843	0.05336	0.55784	0.02234	0.07472	0.02880	0.02170	0.03106	0.01928	0.02551	0.01637	0.00958	0.00997	0.00313	0.01165	0.00889	0.00528	0.01502
2	0.02050	0.02346	0.07031	0.09968	0.10391	0.02265	0.39793	0.02719	0.01984	0.02736	0.01699	0.02320	0.01318	0.00863	0.01215	0.00307	0.08414	0.00958	0.00436	0.01187
3	0.02179	0.01592	0.01881	0.01420	0.02122	0.01317	0.01130	0.08102	0.02154	0.10077	0.02200	0.08594	0.01903	0.00967	0.00760	0.00185	0.00691	0.00800	0.00662	0.51263
4	0.03076	0.02089	0.02333	0.01827	0.02446	0.02237	0.01494	0.42351	0.03694	0.12283	0.13596	0.03104	0.02899	0.01219	0.00925	0.00272	0.00852	0.00969	0.00938	0.01395
5	0.02153	0.04359	0.46353	0.02723	0.08162	0.15354	0.02930	0.02983	0.02037	0.02704	0.01564	0.01856	0.01159	0.00861	0.00844	0.00271	0.01364	0.00654	0.00400	0.01269
6	0.03232	0.01788	0.02120	0.01733	0.02353	0.01836	0.01397	0.10463	0.26304	0.33414	0.03427	0.03067	0.02348	0.01146	0.00903	0.00287	0.00764	0.00934	0.01006	0.01480
7	0.05486	0.00871	0.01065	0.01184	0.01320	0.00825	0.00824	0.01404	0.01871	0.02613	0.14515	0.47443	0.12384	0.02468	0.01084	0.00338	0.00506	0.02198	0.00839	0.00763

[dist]
# distance from previous block
# <min> <max>
21	32

[block]
# block no. 6 follows, 19 sequences, length 7
# corresponding to MSA columns:
# 266-272
name=unknown_G
#
# <colnr> <probs for GDERKNQSTAVLIFYWHMCP>
#	G	D	E	R	K	N	Q	S	T	A	V	L	I	F	Y	W	H	M	C	P
0	0.03011	0.01866	0.02135	0.01775	0.02375	0.01988	0.01421	0.12442	0.32919	0.24722	0.03391	0.03068	0.02381	0.01157	0.00904	0.00289	0.00766	0.00944	0.00976	0.01468
1	0.02527	0.01988	0.02216	0.01644	0.02404	0.01880	0.01338	0.27337	0.02877	0.04098	0.01832	0.01982	0.01410	0.00841	0.00764	0.00192	0.00802	0.00650	0.00689	0.42530
2	0.03315	0.01875	0.02220	0.01728	0.02413	0.01856	0.01411	0.20444	0.11284	0.30660	0.02902	0.02677	0.01975	0.01058	0.00871	0.00260	0.00807	0.00842	0.00946	0.10456
3	0.01467	0.01291	0.01778	0.01725	0.01754	0.01601	0.01320	0.01640	0.01564	0.02227	0.03299	0.39295	0.03857	0.02265	0.01921	0.00376	0.29365	0.01779	0.00640	0.00836
4	0.01076	0.00834	0.00981	0.01098	0.01259	0.00739	0.00765	0.01262	0.01855	0.02342	0.06726	0.42185	0.30548	0.02570	0.01105	0.00337	0.00490	0.02259	0.00831	0.00739
5	0.01855	0.01590	0.01855	0.01325	0.02120	0.01193	0.01060	0.02253	0.01855	0.02915	0.01590	0.01855	0.01325	0.00663	0.00663	0.00133	0.00663	0.00530	0.00530	0.74028
6	0.27028	0.01493	0.04741	0.06032	0.02025	0.01468	0.01180	0.05119	0.01949	0.03341	0.13906	0.21461	0.03834	0.01597	0.00874	0.00304	0.00678	0.01332	0.00711	0.00927

[dist]
# distance from previous block
# <min> <max>
9	17

[block]
# block no. 7 follows, 19 sequences, length 7
# corresponding to MSA columns:
# 290-296
name=unknown_H
#
# <colnr> <probs for GDERKNQSTAVLIFYWHMCP>
#	G	D	E	R	K	N	Q	S	T	A	V	L	I	F	Y	W	H	M	C	P
0	0.02042	0.02252	0.04665	0.10594	0.04578	0.02200	0.46995	0.02729	0.02021	0.02765	0.01739	0.02355	0.01327	0.00809	0.01118	0.00297	0.04970	0.00983	0.00447	0.05115
1	0.01529	0.00878	0.01049	0.01049	0.01241	0.00935	0.00801	0.01911	0.01720	0.02886	0.02732	0.03399	0.02273	0.03066	0.23613	0.00647	0.01124	0.00878	0.47447	0.00821
2	0.01923	0.01334	0.01595	0.01408	0.01760	0.01356	0.01089	0.12172	0.09479	0.08133	0.36270	0.10541	0.05941	0.01662	0.01008	0.00288	0.00584	0.01438	0.00956	0.01064
3	0.02159	0.01602	0.08578	0.01456	0.02010	0.01161	0.01284	0.02605	0.02286	0.19602	0.24589	0.09241	0.04507	0.01401	0.00930	0.00261	0.00664	0.01203	0.00860	0.13600
4	0.01627	0.08829	0.36402	0.01974	0.02825	0.01743	0.02272	0.02335	0.01972	0.02817	0.13461	0.14053	0.03312	0.01359	0.00914	0.00289	0.00986	0.01145	0.00569	0.01116
5	0.02826	0.01914	0.08198	0.01720	0.02353	0.01673	0.01500	0.04050	0.24052	0.28780	0.09998	0.03444	0.02994	0.01201	0.00916	0.00288	0.00760	0.00997	0.00948	0.01387
6	0.02080	0.01702	0.02187	0.01576	0.02370	0.01371	0.05810	0.05547	0.02042	0.06438	0.01746	0.01982	0.01388	0.00717	0.00720	0.00161	0.00753	0.00608	0.00576	0.60227

[dist]
# distance from previous block
# <min> <max>
0	1

[block]
# block no. 8 follows, 19 sequences, length 15
# corresponding to MSA columns:
# 298-312
name=unknown_I
#
# <colnr> <probs for GDERKNQSTAVLIFYWHMCP>
#	G	D	E	R	K	N	Q	S	T	A	V	L	I	F	Y	W	H	M	C	P
0	0.05705	0.01377	0.01672	0.01421	0.01879	0.01333	0.01118	0.05378	0.11170	0.21043	0.25452	0.06950	0.04641	0.01423	0.00940	0.00277	0.00616	0.01209	0.00953	0.05441
1	0.14508	0.01684	0.01997	0.01596	0.02242	0.01660	0.01305	0.08224	0.11085	0.41561	0.03097	0.02780	0.02049	0.01078	0.00848	0.00280	0.00759	0.00846	0.00979	0.01423
2	0.02008	0.01692	0.01934	0.01431	0.02190	0.01418	0.01145	0.06743	0.08355	0.03202	0.01849	0.02034	0.01489	0.00751	0.00706	0.00161	0.00691	0.00601	0.00597	0.61002
3	0.02619	0.02123	0.02701	0.12198	0.18737	0.05788	0.01960	0.15355	0.11258	0.09783	0.02224	0.02415	0.01661	0.00961	0.00873	0.00266	0.00985	0.00809	0.00678	0.06606
4	0.01090	0.00779	0.01038	0.01246	0.01298	0.00727	0.00830	0.01246	0.01713	0.02284	0.04931	0.67975	0.05917	0.02803	0.01142	0.00363	0.00519	0.02543	0.00830	0.00727
5	0.02198	0.01976	0.01967	0.01483	0.02224	0.10486	0.01172	0.02568	0.01996	0.06369	0.01674	0.01890	0.01352	0.00726	0.00697	0.00155	0.00807	0.00558	0.00554	0.59147
6	0.01880	0.01613	0.01867	0.01359	0.02134	0.01262	0.01084	0.02422	0.05880	0.02971	0.01729	0.01955	0.01420	0.00700	0.00679	0.00144	0.00666	0.00563	0.00556	0.69117
7	0.02902	0.02210	0.02417	0.01822	0.02563	0.02264	0.01494	0.41353	0.03447	0.04759	0.01968	0.02053	0.01458	0.00941	0.00820	0.00225	0.00881	0.00717	0.00777	0.24929
8	0.08208	0.01008	0.01243	0.01206	0.01449	0.00980	0.00943	0.01801	0.02369	0.03495	0.48338	0.06688	0.07260	0.01829	0.01034	0.00300	0.00506	0.09569	0.00921	0.00853
9	0.03382	0.03073	0.02637	0.02138	0.02772	0.22853	0.01710	0.41779	0.03667	0.04525	0.01901	0.01975	0.01402	0.01025	0.00866	0.00256	0.01188	0.00731	0.00755	0.01365
10	0.01278	0.00959	0.01438	0.01438	0.01598	0.01118	0.01118	0.01598	0.01438	0.02077	0.02396	0.03515	0.02237	0.06710	0.65013	0.01438	0.02396	0.00959	0.00479	0.00799
11	0.01077	0.00907	0.00934	0.00927	0.01220	0.00764	0.00695	0.01322	0.02086	0.02527	0.14084	0.08429	0.57525	0.02225	0.01057	0.00300	0.00450	0.01863	0.00845	0.00764
12	0.02354	0.01893	0.02027	0.01804	0.02323	0.02160	0.01409	0.04726	0.57118	0.08062	0.03633	0.03317	0.02694	0.01206	0.00910	0.00302	0.00712	0.01003	0.00925	0.01424
13	0.01090	0.00779	0.01038	0.01246	0.01298	0.00727	0.00830	0.01246	0.01713	0.02284	0.04931	0.67975	0.05917	0.02803	0.01142	0.00363	0.00519	0.02543	0.00830	0.00727
14	0.02112	0.02413	0.05279	0.03771	0.04676	0.02262	0.59729	0.02866	0.02112	0.02866	0.01810	0.02413	0.01357	0.00754	0.01056	0.00302	0.01508	0.01056	0.00452	0.01207

[dist]
# distance from previous block
# <min> <max>
0	4

[block]
# block no. 9 follows, 19 sequences, length 8
# corresponding to MSA columns:
# 317-321,327-329
name=unknown_J
#
# <colnr> <probs for GDERKNQSTAVLIFYWHMCP>
#	G	D	E	R	K	N	Q	S	T	A	V	L	I	F	Y	W	H	M	C	P
0	0.01491	0.01411	0.02231	0.02438	0.15900	0.01303	0.10461	0.01864	0.02020	0.02591	0.05845	0.11739	0.33649	0.01742	0.01026	0.00299	0.00765	0.01569	0.00682	0.00975
1	0.01694	0.01415	0.01681	0.01297	0.01935	0.01095	0.01009	0.02058	0.01889	0.02876	0.06987	0.12057	0.02579	0.01074	0.00765	0.00179	0.00622	0.00916	0.00611	0.57261
2	0.03348	0.01543	0.01973	0.01591	0.02194	0.01458	0.01287	0.04163	0.14969	0.44673	0.09735	0.03488	0.02976	0.01205	0.00918	0.00283	0.00714	0.00999	0.01053	0.01429
3	0.07504	0.01223	0.01569	0.01322	0.01757	0.01120	0.01048	0.02861	0.02474	0.28500	0.33808	0.04812	0.05342	0.01461	0.00956	0.00279	0.00581	0.01242	0.01006	0.01134
4	0.02605	0.02027	0.02175	0.01859	0.02424	0.02289	0.01473	0.17100	0.44728	0.08068	0.03300	0.03052	0.02426	0.01176	0.00906	0.00294	0.00773	0.00958	0.00920	0.01447
5	0.02894	0.01839	0.02092	0.01765	0.02348	0.01974	0.01406	0.08942	0.37924	0.23203	0.03489	0.03150	0.02470	0.01169	0.00906	0.00292	0.00747	0.00959	0.00973	0.01459
6	0.02946	0.01779	0.02116	0.01600	0.02326	0.01629	0.01304	0.15286	0.06088	0.24436	0.02496	0.02414	0.01755	0.00935	0.00808	0.00221	0.00767	0.00744	0.00828	0.29523
7	0.01351	0.00974	0.01240	0.01323	0.01473	0.00950	0.00951	0.06583	0.02107	0.02846	0.15203	0.47065	0.05937	0.02449	0.01110	0.00343	0.00563	0.05842	0.00864	0.00825

[dist]
# distance from previous block
# <min> <max>
10	16

[block]
# block no. 10 follows, 19 sequences, length 9
# corresponding to MSA columns:
# 346-348,350,351,354-357
name=unknown_K
#
# <colnr> <probs for GDERKNQSTAVLIFYWHMCP>
#	G	D	E	R	K	N	Q	S	T	A	V	L	I	F	Y	W	H	M	C	P
0	0.03308	0.01771	0.02123	0.01724	0.02352	0.01798	0.01393	0.10495	0.23780	0.35933	0.03421	0.03053	0.02325	0.01142	0.00903	0.00285	0.00766	0.00930	0.01014	0.01484
1	0.02479	0.02028	0.02033	0.01747	0.02263	0.05565	0.01379	0.19482	0.32043	0.04057	0.03353	0.03234	0.05900	0.01204	0.00877	0.00279	0.00786	0.00964	0.09010	0.01319
2	0.02564	0.01797	0.02024	0.01602	0.02205	0.01778	0.01282	0.26715	0.02890	0.08874	0.02543	0.10962	0.02174	0.01190	0.00840	0.00239	0.00766	0.00970	0.07325	0.21261
3	0.03031	0.01667	0.02013	0.01632	0.02229	0.01650	0.01313	0.10022	0.18128	0.31041	0.10084	0.03372	0.02939	0.01188	0.00905	0.00275	0.00726	0.00979	0.00984	0.05822
4	0.02842	0.02065	0.02285	0.01855	0.02462	0.02229	0.01517	0.34785	0.14009	0.08344	0.06128	0.03372	0.02490	0.01246	0.00925	0.00281	0.00856	0.05921	0.00889	0.05497
5	0.01978	0.02245	0.08497	0.02644	0.03490	0.01858	0.29234	0.02586	0.01953	0.02843	0.01673	0.02129	0.01317	0.00771	0.00989	0.00239	0.04749	0.00805	0.00473	0.29525
6	0.01322	0.01061	0.01379	0.01373	0.01546	0.01063	0.01002	0.01543	0.01777	0.02477	0.09346	0.42057	0.07530	0.02235	0.01296	0.00325	0.09125	0.01925	0.00746	0.10870
7	0.01999	0.01858	0.02826	0.09318	0.03232	0.01763	0.15719	0.05095	0.11697	0.03101	0.04268	0.02484	0.01819	0.00860	0.00849	0.00231	0.00941	0.00819	0.00589	0.30532
8	0.09582	0.01313	0.01413	0.01355	0.01661	0.01386	0.00997	0.05694	0.16233	0.05385	0.04320	0.22818	0.11791	0.10278	0.01419	0.00386	0.00654	0.01541	0.00798	0.00976

[dist]
# distance from previous block
# <min> <max>
25	42

[block]
# block no. 11 follows, 19 sequences, length 12
# corresponding to MSA columns:
# 427-438
name=unknown_L
#
# <colnr> <probs for GDERKNQSTAVLIFYWHMCP>
#	G	D	E	R	K	N	Q	S	T	A	V	L	I	F	Y	W	H	M	C	P
0	0.02206	0.01951	0.02371	0.02013	0.02483	0.02255	0.06119	0.08928	0.38995	0.03526	0.03363	0.03306	0.06228	0.01285	0.01222	0.00313	0.10320	0.01021	0.00792	0.01302
1	0.02774	0.01632	0.01897	0.01611	0.02163	0.01675	0.01280	0.04143	0.30482	0.27067	0.04310	0.03916	0.10396	0.01310	0.00925	0.00293	0.00695	0.01083	0.00977	0.01371
2	0.01126	0.00851	0.01040	0.01114	0.01281	0.00765	0.00789	0.01370	0.02020	0.02657	0.20915	0.34683	0.23353	0.02394	0.01095	0.00324	0.00475	0.02112	0.00870	0.00765
3	0.02024	0.01894	0.01933	0.01437	0.02194	0.08446	0.01136	0.02403	0.01933	0.02833	0.01567	0.01828	0.01305	0.00692	0.00679	0.00144	0.00771	0.00535	0.00522	0.65726
4	0.11873	0.02443	0.05900	0.01866	0.02523	0.10286	0.01575	0.20114	0.13189	0.17533	0.02480	0.02390	0.01752	0.01043	0.00843	0.00273	0.00952	0.00786	0.00817	0.01362
5	0.03199	0.02848	0.02542	0.02082	0.02701	0.18098	0.01662	0.37194	0.12917	0.04481	0.02197	0.02205	0.01623	0.01059	0.00876	0.00265	0.01096	0.00782	0.00790	0.01385
6	0.02552	0.02227	0.03757	0.02755	0.03554	0.02177	0.29998	0.16338	0.07329	0.08717	0.02155	0.02415	0.01574	0.00884	0.00949	0.00273	0.01164	0.00921	0.00656	0.09606
7	0.03010	0.01747	0.02046	0.01720	0.02308	0.01826	0.01372	0.04581	0.35576	0.29990	0.03592	0.03209	0.02505	0.01167	0.00906	0.00292	0.00731	0.00962	0.00997	0.01463
8	0.01246	0.00995	0.01306	0.01353	0.01453	0.01055	0.00986	0.01458	0.01829	0.02485	0.13903	0.41068	0.12511	0.02396	0.01391	0.00347	0.10594	0.02050	0.00788	0.00787
9	0.01215	0.00948	0.01283	0.01405	0.01449	0.01017	0.00993	0.01376	0.01663	0.02265	0.04390	0.58463	0.05234	0.02625	0.01400	0.00367	0.10086	0.02290	0.00767	0.00763
10	0.16199	0.01618	0.02412	0.53477	0.05283	0.01992	0.02184	0.02354	0.01736	0.02628	0.01522	0.02200	0.01148	0.00882	0.00827	0.00294	0.01093	0.00733	0.00428	0.00989
11	0.07492	0.01873	0.02040	0.01704	0.02299	0.05902	0.01361	0.04360	0.25668	0.32417	0.03296	0.02971	0.02274	0.01121	0.00877	0.00284	0.00792	0.00898	0.00954	0.01416

[dist]
# distance from previous block
# <min> <max>
0	2

[block]
# block no. 12 follows, 19 sequences, length 26
# corresponding to MSA columns:
# 441-466
name=unknown_M
#
# <colnr> <probs for GDERKNQSTAVLIFYWHMCP>
#	G	D	E	R	K	N	Q	S	T	A	V	L	I	F	Y	W	H	M	C	P
0	0.03742	0.01583	0.02068	0.01627	0.02290	0.01453	0.01330	0.04420	0.11493	0.54505	0.03547	0.03090	0.02293	0.01123	0.00901	0.00281	0.00753	0.00917	0.01077	0.01506
1	0.51388	0.02202	0.01747	0.01497	0.02072	0.09921	0.01213	0.14525	0.02198	0.04123	0.01448	0.01616	0.01105	0.00892	0.00655	0.00269	0.00866	0.00562	0.00612	0.01091
2	0.03401	0.02506	0.02685	0.02058	0.02774	0.02774	0.01700	0.59995	0.04206	0.05638	0.02148	0.02148	0.01521	0.01074	0.00895	0.00268	0.00984	0.00805	0.00895	0.01521
3	0.02225	0.01922	0.02023	0.01821	0.02326	0.02225	0.01416	0.04754	0.61361	0.03742	0.03641	0.03338	0.02731	0.01214	0.00910	0.00303	0.00708	0.01011	0.00910	0.01416
4	0.02120	0.02389	0.05139	0.03917	0.09633	0.02251	0.54883	0.02856	0.02105	0.02871	0.01799	0.02396	0.01363	0.00758	0.01041	0.00299	0.01470	0.01034	0.00452	0.01225
