[name]
unknown

[dist]
# distance from previous block
# <min> <max>
0	21

[block]
# block no. 0 follows, 24 sequences, length 15
# corresponding to MSA columns:
# 34-48
name=unknown_A
#
# <colnr> <probs for GDERKNQSTAVLIFYWHMCP>
#	G	D	E	R	K	N	Q	S	T	A	V	L	I	F	Y	W	H	M	C	P
0	0.01201	0.00735	0.01032	0.01133	0.01184	0.00719	0.00809	0.01180	0.01364	0.01807	0.03041	0.28686	0.03442	0.05608	0.02008	0.31424	0.00618	0.12913	0.00565	0.00532
1	0.01544	0.00996	0.01246	0.01188	0.01351	0.01021	0.00859	0.13227	0.01847	0.02520	0.09360	0.23329	0.03201	0.02131	0.01698	0.28013	0.00608	0.01241	0.03937	0.00685
2	0.02322	0.01570	0.01781	0.01462	0.01892	0.01664	0.01164	0.34724	0.02851	0.08856	0.14575	0.09299	0.02963	0.01337	0.00974	0.05097	0.00687	0.01000	0.04709	0.01074
3	0.01036	0.00724	0.00915	0.01023	0.01066	0.00691	0.00659	0.01151	0.01465	0.01969	0.08818	0.46048	0.04704	0.23681	0.01929	0.00453	0.00547	0.01852	0.00669	0.00603
4	0.01139	0.00796	0.00988	0.01079	0.01158	0.00784	0.00746	0.01371	0.04044	0.02067	0.06859	0.32529	0.04266	0.24545	0.01960	0.00460	0.00596	0.10252	0.03724	0.00638
5	0.01396	0.01035	0.01249	0.01159	0.01401	0.01034	0.00874	0.10057	0.06316	0.03189	0.40780	0.16772	0.08293	0.01663	0.00922	0.00263	0.00473	0.01456	0.00829	0.00840
6	0.39771	0.05315	0.19623	0.03975	0.02468	0.01866	0.07296	0.02440	0.01536	0.05556	0.01324	0.01563	0.00991	0.00760	0.00678	0.00249	0.02608	0.00548	0.00445	0.00989
7	0.01353	0.01019	0.04444	0.06500	0.01735	0.00916	0.01049	0.01623	0.01622	0.09003	0.08464	0.37370	0.03935	0.02703	0.13893	0.00482	0.00872	0.01569	0.00665	0.00782
8	0.02527	0.01463	0.01908	0.14537	0.02627	0.01520	0.01366	0.13361	0.09356	0.27722	0.12376	0.02978	0.02585	0.01049	0.00818	0.00251	0.00729	0.00874	0.00794	0.01157
9	0.16572	0.01734	0.01930	0.07390	0.02314	0.06021	0.04364	0.21969	0.02258	0.04940	0.02055	0.11089	0.01863	0.01340	0.02799	0.02887	0.03400	0.03478	0.00608	0.00989
10	0.59573	0.01387	0.01178	0.01052	0.01491	0.01553	0.00853	0.02246	0.01564	0.06582	0.13700	0.02238	0.02173	0.00916	0.00590	0.00246	0.00571	0.00638	0.00587	0.00861
11	0.03454	0.01515	0.01943	0.01490	0.02107	0.01412	0.01231	0.15413	0.02547	0.55793	0.02895	0.02548	0.01846	0.00976	0.00797	0.00244	0.00712	0.00782	0.00946	0.01349
12	0.02654	0.01953	0.02129	0.01667	0.02217	0.02133	0.01363	0.52541	0.03446	0.04652	0.14249	0.02669	0.02516	0.01079	0.00820	0.00240	0.00778	0.00851	0.00808	0.01234
13	0.01112	0.00751	0.00877	0.00918	0.00928	0.00741	0.00537	0.01142	0.01234	0.01646	0.02914	0.19945	0.03408	0.56660	0.03364	0.00670	0.00700	0.01398	0.00537	0.00517
14	0.01134	0.00845	0.01253	0.01253	0.01387	0.00980	0.00965	0.01402	0.01268	0.01825	0.02144	0.03223	0.02029	0.09386	0.65614	0.01248	0.02054	0.00865	0.00428	0.00696

[dist]
# distance from previous block
# <min> <max>
0	3

[block]
# block no. 1 follows, 24 sequences, length 102
# corresponding to MSA columns:
# 52-153
name=unknown_B
#
# <colnr> <probs for GDERKNQSTAVLIFYWHMCP>
#	G	D	E	R	K	N	Q	S	T	A	V	L	I	F	Y	W	H	M	C	P
0	0.01213	0.05387	0.01112	0.00933	0.00989	0.00940	0.00582	0.01255	0.01193	0.01585	0.02376	0.04755	0.02684	0.61700	0.09546	0.00775	0.00894	0.01080	0.00467	0.00535
1	0.01134	0.00806	0.01023	0.00969	0.01161	0.00743	0.00727	0.01497	0.02180	0.03101	0.58993	0.05839	0.10827	0.01600	0.00911	0.00246	0.00376	0.01404	0.05721	0.00743
2	0.01837	0.02060	0.04352	0.07535	0.04064	0.02024	0.55317	0.02457	0.01801	0.02457	0.01547	0.02105	0.01181	0.00734	0.01060	0.00274	0.06862	0.00902	0.00394	0.01041
3	0.01024	0.00783	0.01161	0.01248	0.01342	0.00731	0.04817	0.01196	0.01541	0.02057	0.04193	0.67154	0.04985	0.02368	0.01007	0.00319	0.00516	0.02170	0.00715	0.00671
4	0.02006	0.01882	0.03122	0.08007	0.59881	0.01915	0.02362	0.06400	0.01918	0.02716	0.01514	0.01967	0.01252	0.00727	0.00786	0.00237	0.00943	0.00707	0.00416	0.01243
5	0.08875	0.01410	0.01740	0.01404	0.01953	0.01359	0.01140	0.03701	0.15242	0.46355	0.06104	0.02800	0.02241	0.01013	0.00782	0.00250	0.00646	0.00820	0.00902	0.01263
6	0.01951	0.01539	0.04404	0.04635	0.09125	0.01541	0.01373	0.03148	0.29147	0.11940	0.15856	0.03602	0.03246	0.01160	0.00840	0.00262	0.00660	0.03689	0.00759	0.01123
7	0.04731	0.03916	0.62688	0.02254	0.03383	0.01846	0.05352	0.02505	0.01669	0.02555	0.01417	0.01677	0.01007	0.00749	0.00750	0.00252	0.01156	0.00594	0.00344	0.01155
8	0.02887	0.02070	0.02247	0.01755	0.02348	0.02272	0.01437	0.55587	0.05845	0.07967	0.02156	0.05944	0.01641	0.01045	0.00806	0.00244	0.00830	0.00813	0.00800	0.01305
9	0.02963	0.02196	0.02351	0.01814	0.02440	0.02435	0.01495	0.61591	0.06761	0.04915	0.01969	0.01955	0.01401	0.00958	0.00794	0.00239	0.00861	0.00723	0.00794	0.01344
10	0.05337	0.31218	0.03155	0.06992	0.02563	0.11854	0.04549	0.20278	0.02307	0.02884	0.01398	0.01583	0.01119	0.00787	0.00661	0.00209	0.00967	0.00566	0.00489	0.01085
11	0.01598	0.01565	0.02509	0.33629	0.03761	0.02000	0.06825	0.01973	0.01453	0.02018	0.01418	0.05359	0.01267	0.01110	0.01557	0.00301	0.29610	0.00794	0.00373	0.00879
12	0.02798	0.03435	0.02172	0.01972	0.02387	0.57835	0.01486	0.03340	0.12784	0.02169	0.01558	0.01684	0.01254	0.00860	0.00730	0.00215	0.01297	0.00575	0.00475	0.00975
13	0.02015	0.01554	0.01754	0.01604	0.04575	0.01687	0.01210	0.15962	0.29287	0.06555	0.13733	0.03747	0.08867	0.01233	0.00843	0.00259	0.00635	0.02554	0.00798	0.01130
14	0.00978	0.00695	0.00917	0.01089	0.01132	0.00652	0.00720	0.01107	0.01495	0.01993	0.04250	0.67350	0.05093	0.06955	0.01206	0.00351	0.00480	0.02184	0.00720	0.00634
15	0.01603	0.01554	0.02401	0.39958	0.03960	0.02058	0.01995	0.01974	0.01421	0.01974	0.01246	0.01946	0.01050	0.01057	0.01597	0.00301	0.31981	0.00700	0.00350	0.00875
16	0.01212	0.00836	0.01022	0.00970	0.01201	0.00744	0.00729	0.01513	0.02067	0.06931	0.40642	0.10171	0.25511	0.01752	0.00932	0.00259	0.00407	0.01517	0.00829	0.00756
17	0.01561	0.01443	0.02378	0.67386	0.05337	0.01791	0.02173	0.04621	0.01675	0.02149	0.01430	0.02105	0.01069	0.00799	0.00793	0.00263	0.01049	0.00705	0.00371	0.00900
18	0.01153	0.00769	0.00865	0.00865	0.00865	0.00769	0.00480	0.01153	0.01153	0.01538	0.02499	0.05189	0.02883	0.72131	0.04036	0.00769	0.00769	0.01153	0.00480	0.00480
19	0.01498	0.01409	0.02378	0.70226	0.05462	0.01762	0.02202	0.02026	0.01586	0.02026	0.01409	0.02114	0.01057	0.00793	0.00793	0.00264	0.01057	0.00705	0.00352	0.00881
20	0.01972	0.01703	0.01793	0.01614	0.02062	0.01972	0.01255	0.04214	0.65752	0.03317	0.03228	0.02959	0.02421	0.01076	0.00807	0.00269	0.00628	0.00897	0.00807	0.01255
21	0.03014	0.02221	0.02380	0.01825	0.02459	0.02459	0.01507	0.64541	0.03728	0.04998	0.01904	0.01904	0.01349	0.00952	0.00793	0.00238	0.00873	0.00714	0.00793	0.01349
22	0.02924	0.02173	0.02380	0.05908	0.02638	0.02418	0.01549	0.60808	0.03600	0.04820	0.01874	0.01916	0.01331	0.00942	0.00793	0.00240	0.00884	0.00713	0.00767	0.01321
23	0.02018	0.01743	0.02186	0.01760	0.02316	0.01825	0.09168	0.12674	0.33457	0.03286	0.02513	0.05005	0.01968	0.00964	0.00786	0.00237	0.00740	0.00842	0.00686	0.15825
24	0.02469	0.16068	0.02718	0.13277	0.05542	0.22820	0.01651	0.17784	0.02310	0.02715	0.01401	0.01666	0.01118	0.00843	0.00802	0.00224	0.04475	0.00593	0.00477	0.01049
25	0.77733	0.01534	0.01166	0.01043	0.01534	0.01779	0.00859	0.02331	0.01350	0.03558	0.01104	0.01288	0.00859	0.00736	0.00491	0.00245	0.00613	0.00429	0.00491	0.00859
26	0.01018	0.00728	0.00974	0.01127	0.01205	0.00685	0.00793	0.01208	0.01641	0.02206	0.12225	0.56951	0.05458	0.02346	0.01011	0.00317	0.00477	0.08213	0.00753	0.00666
27	0.00986	0.00704	0.00942	0.01126	0.01181	0.00661	0.00770	0.01138	0.01537	0.02046	0.04360	0.67715	0.05202	0.02466	0.01017	0.00325	0.00477	0.05962	0.00736	0.00649
28	0.01153	0.00769	0.00865	0.00865	0.00865	0.00769	0.00480	0.01153	0.01153	0.01538	0.02499	0.05189	0.02883	0.72131	0.04036	0.00769	0.00769	0.01153	0.00480	0.00480
29	0.00975	0.00697	0.00928	0.01098	0.01152	0.00650	0.00737	0.01128	0.01562	0.02093	0.08096	0.67692	0.05378	0.02433	0.01008	0.00318	0.00455	0.02205	0.00744	0.00650
30	0.03558	0.01350	0.01840	0.01411	0.02024	0.01166	0.01166	0.03865	0.02270	0.67734	0.03128	0.02699	0.01963	0.00981	0.00797	0.00245	0.00675	0.00797	0.00981	0.01350
31	0.06693	0.01357	0.01812	0.01395	0.02004	0.01191	0.01153	0.03800	0.02231	0.65021	0.03043	0.02639	0.01916	0.00971	0.00784	0.00245	0.00672	0.00782	0.00961	0.01329
32	0.77733	0.01534	0.01166	0.01043	0.01534	0.01779	0.00859	0.02331	0.01350	0.03558	0.01104	0.01288	0.00859	0.00736	0.00491	0.00245	0.00613	0.00429	0.00491	0.00859
33	0.01840	0.02253	0.09595	0.03206	0.06521	0.02024	0.51196	0.02478	0.01795	0.02484	0.01535	0.02058	0.01175	0.00741	0.01062	0.00272	0.07431	0.00876	0.00391	0.01068
34	0.02483	0.01987	0.02015	0.05762	0.02388	0.09678	0.01376	0.17745	0.29225	0.11520	0.02483	0.02392	0.01813	0.00965	0.00781	0.00244	0.00807	0.00765	0.00736	0.04836
35	0.02231	0.42888	0.03337	0.01589	0.02107	0.12227	0.01425	0.08447	0.01877	0.02242	0.03888	0.01613	0.01319	0.00865	0.00882	0.00210	0.10888	0.00545	0.00416	0.01003
36	0.01158	0.00877	0.01287	0.01274	0.01399	0.01029	0.00980	0.01415	0.01263	0.01820	0.02112	0.03223	0.02016	0.10913	0.61393	0.01200	0.04652	0.00867	0.00426	0.00696
37	0.01098	0.00726	0.00877	0.00970	0.01015	0.00703	0.00618	0.01213	0.01398	0.01954	0.03450	0.38305	0.03967	0.28509	0.02095	0.00474	0.00565	0.01657	0.09811	0.00594
38	0.01017	0.00742	0.00965	0.01130	0.01197	0.00712	0.00763	0.01263	0.04796	0.02090	0.04312	0.68111	0.05101	0.02412	0.01002	0.00319	0.00469	0.02185	0.00740	0.00675
39	0.01014	0.00727	0.00963	0.01072	0.01161	0.00676	0.00740	0.01224	0.01740	0.02377	0.23418	0.51561	0.05928	0.02221	0.00989	0.00300	0.00434	0.02004	0.00778	0.00676
40	0.01590	0.04102	0.68023	0.02260	0.03432	0.01842	0.02930	0.02511	0.01674	0.02511	0.01423	0.01674	0.01005	0.00753	0.00753	0.00251	0.01172	0.00586	0.00335	0.01172
41	0.00999	0.00711	0.00945	0.01120	0.01175	0.00671	0.00766	0.01148	0.01525	0.02028	0.04268	0.63581	0.05079	0.05780	0.01163	0.00347	0.00496	0.06831	0.00723	0.00643
42	0.02055	0.02047	0.02247	0.04999	0.02287	0.12797	0.01592	0.09005	0.09842	0.02483	0.04585	0.02075	0.01552	0.01197	0.01725	0.00295	0.37031	0.00728	0.00487	0.00970
43	0.03332	0.01619	0.01996	0.01540	0.02153	0.01577	0.01269	0.21602	0.05379	0.46687	0.02775	0.02478	0.01803	0.00977	0.00797	0.00244	0.00731	0.00777	0.00919	0.01345
44	0.70223	0.01547	0.01253	0.01095	0.01599	0.01765	0.00902	0.04717	0.01496	0.07730	0.01264	0.01401	0.00948	0.00760	0.00522	0.00245	0.00627	0.00463	0.00533	0.00908
45	0.01511	0.01428	0.02381	0.66354	0.05270	0.01800	0.02176	0.02019	0.01565	0.02019	0.01389	0.02093	0.01056	0.00827	0.00896	0.00269	0.05012	0.00704	0.00352	0.00880
46	0.00966	0.00690	0.00920	0.01104	0.01150	0.00644	0.00736	0.01104	0.01518	0.02024	0.04371	0.71614	0.05245	0.02484	0.01012	0.00322	0.00460	0.02254	0.00736	0.00644
47	0.01872	0.02139	0.04679	0.03342	0.04144	0.02005	0.64305	0.02540	0.01872	0.02540	0.01604	0.02139	0.01203	0.00668	0.00936	0.00267	0.01337	0.00936	0.00401	0.01070
48	0.01371	0.00840	0.01101	0.01074	0.01274	0.00764	0.00790	0.01653	0.01996	0.10907	0.36050	0.26471	0.08970	0.01834	0.00942	0.00273	0.00441	0.01626	0.00836	0.00787
49	0.01858	0.01778	0.03030	0.19525	0.53343	0.01857	0.02382	0.02342	0.01756	0.02464	0.01473	0.01997	0.01211	0.00726	0.00787	0.00242	0.00968	0.00706	0.00384	0.01172
50	0.00980	0.00701	0.00933	0.01095	0.01153	0.00653	0.00737	0.01139	0.01583	0.02127	0.09934	0.65757	0.05444	0.02407	0.01005	0.00316	0.00452	0.02181	0.00748	0.00653
51	0.02066	0.65640	0.10652	0.01449	0.02177	0.03006	0.01517	0.02388	0.01618	0.01931	0.01135	0.01313	0.01016	0.00686	0.00534	0.00178	0.00881	0.00440	0.00339	0.01033
52	0.00975	0.00697	0.00928	0.01098	0.01152	0.00650	0.00737	0.01128	0.01562	0.02093	0.08096	0.67692	0.05378	0.02433	0.01008	0.00318	0.00455	0.02205	0.00744	0.00650
53	0.77733	0.01534	0.01166	0.01043	0.01534	0.01779	0.00859	0.02331	0.01350	0.03558	0.01104	0.01288	0.00859	0.00736	0.00491	0.00245	0.00613	0.00429	0.00491	0.00859
54	0.02883	0.02059	0.02248	0.01752	0.02341	0.02260	0.01437	0.56313	0.03465	0.07950	0.02077	0.04886	0.01567	0.01215	0.03501	0.00283	0.00895	0.00788	0.00786	0.01294
55	0.77733	0.01534	0.01166	0.01043	0.01534	0.01779	0.00859	0.02331	0.01350	0.03558	0.01104	0.01288	0.00859	0.00736	0.00491	0.00245	0.00613	0.00429	0.00491	0.00859
56	0.01604	0.04008	0.65004	0.02312	0.03466	0.01849	0.05854	0.02513	0.01684	0.02513	0.01432	0.01696	0.01014	0.00749	0.00762	0.00252	0.01180	0.00603	0.00338	0.01167
57	0.01659	0.01717	0.03289	0.39787	0.04740	0.01898	0.26660	0.02222	0.01676	0.02222	0.01464	0.02101	0.01114	0.00779	0.00957	0.00270	0.05324	0.00795	0.00371	0.00954
58	0.01093	0.00833	0.01013	0.01025	0.01219	0.00774	0.00766	0.01460	0.04816	0.02637	0.32214	0.18690	0.22552	0.01901	0.00955	0.00277	0.00434	0.05814	0.00798	0.00729
59	0.00966	0.00690	0.00920	0.01104	0.01150	0.00644	0.00736	0.01104	0.01518	0.02024	0.04371	0.71614	0.05245	0.02484	0.01012	0.00322	0.00460	0.02254	0.00736	0.00644
60	0.01595	0.02207	0.18404	0.22283	0.03564	0.04336	0.09998	0.02114	0.01598	0.02186	0.01750	0.10866	0.01598	0.01086	0.01131	0.00281	0.12758	0.00896	0.00405	0.00944
61	0.03014	0.02221	0.02380	0.01825	0.02459	0.02459	0.01507	0.64541	0.03728	0.04998	0.01904	0.01904	0.01349	0.00952	0.00793	0.00238	0.00873	0.00714	0.00793	0.01349
62	0.01825	0.34438	0.39741	0.01860	0.02814	0.02416	0.02233	0.02451	0.01646	0.02225	0.01281	0.01496	0.01010	0.00720	0.00645	0.00215	0.01029	0.00514	0.00337	0.01104
63	0.01911	0.01672	0.02514	0.40169	0.16911	0.01901	0.02050	0.15078	0.02076	0.02778	0.01528	0.02021	0.01162	0.00800	0.00783	0.00247	0.00976	0.00697	0.00457	0.04269
64	0.61185	0.01639	0.01433	0.05101	0.01908	0.01889	0.01041	0.12485	0.01752	0.03706	0.01252	0.01436	0.00950	0.00775	0.00557	0.00245	0.00681	0.00492	0.00532	0.00940
65	0.01952	0.01796	0.01701	0.01544	0.01947	0.10171	0.01202	0.07027	0.39359	0.03051	0.07437	0.03746	0.09767	0.01237	0.00833	0.00263	0.00708	0.04419	0.00748	0.01092
66	0.01871	0.01936	0.03635	0.02634	0.03333	0.01846	0.40291	0.05879	0.01865	0.02634	0.01526	0.01974	0.01190	0.00729	0.00993	0.00237	0.07271	0.00792	0.00435	0.18927
67	0.00973	0.00693	0.00918	0.01095	0.01140	0.00649	0.00727	0.01106	0.01505	0.02006	0.04302	0.69171	0.05158	0.05046	0.01123	0.00338	0.00471	0.02214	0.00727	0.00638
68	0.02965	0.03700	0.02254	0.02032	0.02452	0.65555	0.01531	0.06298	0.02323	0.02097	0.01260	0.01454	0.01038	0.00824	0.00719	0.00206	0.01402	0.00521	0.00428	0.00941
69	0.02120	0.72609	0.04155	0.01357	0.02035	0.03138	0.01357	0.02374	0.01611	0.01866	0.01102	0.01272	0.01018	0.00678	0.00509	0.00170	0.00848	0.00424	0.00339	0.01018
70	0.00998	0.00713	0.00957	0.01140	0.01200	0.00671	0.00791	0.01159	0.01549	0.02060	0.04353	0.65239	0.05175	0.02454	0.01021	0.00326	0.00488	0.08317	0.00736	0.00653
71	0.03558	0.01350	0.01840	0.01411	0.02024	0.01166	0.01166	0.03865	0.02270	0.67734	0.03128	0.02699	0.01963	0.00981	0.00797	0.00245	0.00675	0.00797	0.00981	0.01350
72	0.01377	0.00689	0.01033	0.01033	0.01033	0.00689	0.00689	0.01033	0.01033	0.01377	0.01377	0.02410	0.01377	0.02755	0.03099	0.76928	0.00689	0.00689	0.00344	0.00344
73	0.01735	0.01735	0.02429	0.02082	0.02082	0.02429	0.01735	0.01908	0.01214	0.01908	0.01041	0.01735	0.01041	0.01388	0.02602	0.00347	0.70680	0.00694	0.00347	0.00867
74	0.02448	0.02021	0.02088	0.01742	0.02249	0.05387	0.01394	0.29455	0.33991	0.03901	0.02486	0.02392	0.01846	0.01024	0.00870	0.00256	0.03631	0.00793	0.00763	0.01263
75	0.01605	0.00914	0.01203	0.01080	0.01350	0.00825	0.00827	0.01947	0.02196	0.16277	0.48340	0.08681	0.08499	0.01549	0.00911	0.00253	0.00441	0.01355	0.00883	0.00863
76	0.01638	0.12611	0.57229	0.02095	0.03164	0.01960	0.02642	0.02453	0.01690	0.02457	0.04052	0.01797	0.01271	0.00779	0.00730	0.00241	0.01098	0.00600	0.00357	0.01135
77	0.01041	0.00749	0.00969	0.01033	0.01143	0.00696	0.00719	0.01269	0.01804	0.02470	0.29893	0.37858	0.08565	0.06583	0.01172	0.00319	0.00442	0.01824	0.00776	0.00677
78	0.01731	0.01511	0.02035	0.06399	0.04547	0.04411	0.05390	0.08182	0.01776	0.04950	0.04939	0.18117	0.05594	0.04122	0.01528	0.00314	0.21859	0.01153	0.00557	0.00887
79	0.01742	0.01755	0.02539	0.02143	0.02182	0.02408	0.04785	0.01939	0.01246	0.01939	0.01068	0.01755	0.01049	0.01353	0.02521	0.00343	0.67300	0.00706	0.00350	0.00877
80	0.01570	0.24568	0.16582	0.01405	0.01948	0.01794	0.01412	0.02049	0.04219	0.02407	0.19803	0.07112	0.03273	0.07417	0.01034	0.00275	0.00749	0.00928	0.00540	0.00916
81	0.10052	0.01874	0.02712	0.18851	0.06017	0.09105	0.18634	0.04523	0.01786	0.02456	0.02045	0.05283	0.06378	0.00965	0.00936	0.00263	0.05873	0.00857	0.00450	0.00939
82	0.01536	0.01455	0.01924	0.04517	0.02012	0.06914	0.06285	0.03403	0.01508	0.02040	0.02178	0.17338	0.02275	0.05990	0.17147	0.00551	0.20559	0.01095	0.00477	0.00797
83	0.02793	0.09401	0.02337	0.01925	0.02349	0.60106	0.01472	0.03001	0.02172	0.01944	0.01547	0.01719	0.04231	0.00864	0.00709	0.00204	0.01331	0.00560	0.00419	0.00915
84	0.01073	0.00804	0.00995	0.00956	0.01157	0.00726	0.00714	0.01398	0.02115	0.02893	0.50662	0.08845	0.21256	0.01745	0.00939	0.00256	0.00384	0.01521	0.00836	0.00726
85	0.02072	0.01819	0.01832	0.01628	0.02084	0.05248	0.01270	0.08736	0.56035	0.03346	0.03164	0.02935	0.04103	0.01080	0.00805	0.00263	0.00679	0.00886	0.00784	0.01229
86	0.00979	0.00699	0.00935	0.01119	0.01170	0.00655	0.00758	0.01126	0.01531	0.02038	0.04364	0.69087	0.05217	0.02473	0.01015	0.00324	0.00471	0.04657	0.00736	0.00648
87	0.02122	0.01688	0.01804	0.01579	0.02047	0.01903	0.01240	0.10600	0.51562	0.07280	0.03350	0.03093	0.05937	0.01110	0.00812	0.00264	0.00644	0.00915	0.00812	0.01238
88	0.01094	0.00795	0.01034	0.01024	0.01192	0.00734	0.00760	0.01422	0.02090	0.02912	0.51419	0.16729	0.09835	0.01801	0.00954	0.00267	0.00403	0.03969	0.00839	0.00727
89	0.02155	0.69780	0.04077	0.01385	0.02052	0.05842	0.01364	0.02407	0.01637	0.01869	0.01108	0.01279	0.01018	0.00684	0.00517	0.00171	0.00872	0.00428	0.00342	0.01014
90	0.02048	0.02030	0.03115	0.08125	0.46936	0.07125	0.07716	0.05104	0.05174	0.02637	0.01581	0.01994	0.01285	0.00746	0.00795	0.00239	0.01003	0.00721	0.00430	0.01195
91	0.02314	0.02703	0.02294	0.02031	0.02237	0.35026	0.01606	0.02507	0.01724	0.01922	0.01175	0.01640	0.01069	0.01288	0.04303	0.00314	0.33973	0.00610	0.00380	0.00887
92	0.02575	0.01882	0.02033	0.01605	0.02100	0.02060	0.01279	0.49644	0.03176	0.04264	0.05187	0.02713	0.01934	0.14251	0.01405	0.00337	0.00829	0.00831	0.00739	0.01157
93	0.01801	0.01889	0.03282	0.02742	0.07865	0.02238	0.23801	0.02171	0.01492	0.02184	0.01274	0.01895	0.01115	0.01082	0.01875	0.00310	0.40869	0.00780	0.00370	0.00969
94	0.02231	0.01630	0.01797	0.01558	0.02029	0.01808	0.01230	0.09983	0.44827	0.12794	0.03219	0.03005	0.04754	0.01305	0.03872	0.00308	0.00717	0.00892	0.00811	0.01231
95	0.02751	0.02173	0.02331	0.05426	0.05295	0.05576	0.01550	0.47713	0.11712	0.04372	0.02004	0.02034	0.01456	0.00943	0.00791	0.00242	0.00880	0.00728	0.00737	0.01287
96	0.01220	0.01025	0.03948	0.01294	0.01538	0.00865	0.06357	0.01520	0.01835	0.05150	0.23228	0.33715	0.11421	0.01888	0.00956	0.00284	0.00541	0.01708	0.00743	0.00765
97	0.01818	0.01711	0.02775	0.17371	0.38793	0.01813	0.04612	0.02564	0.11190	0.02614	0.05443	0.02372	0.01738	0.00829	0.00804	0.00248	0.00903	0.00785	0.00473	0.01143
98	0.01190	0.00861	0.01169	0.01328	0.01493	0.00840	0.01109	0.01503	0.01787	0.02327	0.07083	0.19681	0.09653	0.02205	0.01062	0.00345	0.00643	0.44270	0.00738	0.00711
99	0.01664	0.01427	0.01653	0.01201	0.01890	0.01112	0.00958	0.02129	0.05472	0.02628	0.01518	0.01723	0.01249	0.00616	0.00600	0.00126	0.00590	0.00495	0.00490	0.72458
100	0.59460	0.01705	0.05651	0.08068	0.02102	0.01783	0.01163	0.04762	0.01521	0.05910	0.01265	0.01474	0.00950	0.00761	0.00561	0.00247	0.00706	0.00492	0.00498	0.00919
101	0.02063	0.01673	0.01917	0.01474	0.02054	0.01638	0.01192	0.21390	0.05300	0.03282	0.01742	0.04753	0.01448	0.00874	0.00857	0.00191	0.06862	0.00661	0.00586	0.40044

[dist]
# distance from previous block
# <min> <max>
5	9

[block]
# block no. 2 follows, 24 sequences, length 84
# corresponding to MSA columns:
# 163-246
name=unknown_C
#
# <colnr> <probs for GDERKNQSTAVLIFYWHMCP>
#	G	D	E	R	K	N	Q	S	T	A	V	L	I	F	Y	W	H	M	C	P
0	0.01941	0.05714	0.02791	0.02409	0.11597	0.07234	0.18795	0.07945	0.04295	0.05570	0.12469	0.07719	0.05798	0.01082	0.00855	0.00250	0.00908	0.01019	0.00586	0.01024
1	0.05510	0.62169	0.07151	0.01426	0.02107	0.06647	0.01424	0.02423	0.01638	0.01978	0.01126	0.01302	0.01010	0.00692	0.00532	0.00179	0.00886	0.00437	0.00350	0.01013
2	0.77733	0.01534	0.01166	0.01043	0.01534	0.01779	0.00859	0.02331	0.01350	0.03558	0.01104	0.01288	0.00859	0.00736	0.00491	0.00245	0.00613	0.00429	0.00491	0.00859
3	0.00981	0.00702	0.00910	0.01069	0.01121	0.00656	0.00708	0.01110	0.01499	0.01987	0.04374	0.62850	0.07858	0.08581	0.01274	0.00359	0.00485	0.02131	0.00714	0.00631
4	0.01164	0.00877	0.01260	0.01244	0.01355	0.01021	0.00940	0.01395	0.01251	0.01793	0.02136	0.03398	0.02089	0.16801	0.55035	0.01147	0.05093	0.00893	0.00430	0.00677
5	0.01114	0.00810	0.01049	0.00989	0.01180	0.00745	0.00742	0.01481	0.02225	0.03134	0.64154	0.05999	0.10123	0.01638	0.00935	0.00250	0.00375	0.01445	0.00867	0.00745
6	0.77733	0.01534	0.01166	0.01043	0.01534	0.01779	0.00859	0.02331	0.01350	0.03558	0.01104	0.01288	0.00859	0.00736	0.00491	0.00245	0.00613	0.00429	0.00491	0.00859
7	0.74027	0.01645	0.01219	0.01092	0.01579	0.05108	0.00892	0.02372	0.01394	0.03478	0.01110	0.01295	0.00867	0.00740	0.00502	0.00243	0.00654	0.00433	0.00487	0.00862
8	0.02719	0.02074	0.02214	0.01765	0.02347	0.02321	0.01436	0.47443	0.21307	0.04521	0.02279	0.02203	0.01652	0.00987	0.00797	0.00247	0.00803	0.00766	0.00797	0.01322
9	0.74226	0.01500	0.01161	0.01041	0.01518	0.01732	0.00854	0.02293	0.01391	0.03541	0.04110	0.01500	0.01162	0.00777	0.00511	0.00246	0.00602	0.00475	0.00508	0.00854
10	0.77733	0.01534	0.01166	0.01043	0.01534	0.01779	0.00859	0.02331	0.01350	0.03558	0.01104	0.01288	0.00859	0.00736	0.00491	0.00245	0.00613	0.00429	0.00491	0.00859
11	0.00966	0.00690	0.00920	0.01104	0.01150	0.00644	0.00736	0.01104	0.01518	0.02024	0.04371	0.71614	0.05245	0.02484	0.01012	0.00322	0.00460	0.02254	0.00736	0.00644
12	0.02167	0.68807	0.04050	0.01395	0.02058	0.06773	0.01367	0.02418	0.01646	0.01870	0.01109	0.01281	0.01018	0.00686	0.00520	0.00172	0.00880	0.00429	0.00343	0.01012
13	0.01792	0.01710	0.02911	0.28814	0.44570	0.01839	0.02349	0.02284	0.01725	0.02384	0.01461	0.02018	0.01183	0.00738	0.00788	0.00246	0.00984	0.00706	0.00378	0.01119
14	0.01424	0.01039	0.01265	0.01168	0.01477	0.00941	0.00884	0.04564	0.04276	0.05459	0.13291	0.23600	0.08626	0.04922	0.01021	0.00277	0.00544	0.06741	0.00702	0.17780
15	0.01133	0.00850	0.01274	0.01274	0.01416	0.00991	0.00991	0.01416	0.01274	0.01841	0.02124	0.03115	0.01982	0.05947	0.68989	0.01274	0.02124	0.00850	0.00425	0.00708
16	0.01055	0.00841	0.00971	0.01121	0.01203	0.03773	0.00761	0.01202	0.01577	0.02031	0.04544	0.62858	0.10390	0.02367	0.00992	0.00312	0.00499	0.02124	0.00721	0.00659
17	0.01736	0.01369	0.01611	0.01228	0.01824	0.01138	0.00968	0.04882	0.04969	0.05768	0.01823	0.05195	0.01580	0.03760	0.04547	0.00235	0.00692	0.00647	0.00536	0.55492
18	0.04797	0.01716	0.02272	0.43629	0.04223	0.04813	0.01885	0.15585	0.08164	0.02835	0.01668	0.02089	0.01240	0.00852	0.00780	0.00256	0.00976	0.00706	0.00497	0.01017
19	0.02095	0.50673	0.10162	0.01560	0.02197	0.10391	0.01538	0.02408	0.01653	0.01941	0.01195	0.01444	0.01065	0.00993	0.03973	0.00244	0.04632	0.00485	0.00351	0.00999
20	0.01245	0.01003	0.01350	0.01251	0.01553	0.00856	0.03795	0.01490	0.01593	0.02249	0.03272	0.42229	0.03699	0.01768	0.00875	0.00256	0.00557	0.04906	0.00634	0.25418
21	0.01689	0.01428	0.01412	0.01281	0.01633	0.06927	0.00986	0.04938	0.22877	0.06005	0.17877	0.04769	0.22114	0.01433	0.00863	0.00257	0.00587	0.01193	0.00775	0.00957
22	0.77733	0.01534	0.01166	0.01043	0.01534	0.01779	0.00859	0.02331	0.01350	0.03558	0.01104	0.01288	0.00859	0.00736	0.00491	0.00245	0.00613	0.00429	0.00491	0.00859
23	0.01153	0.00769	0.00865	0.00865	0.00865	0.00769	0.00480	0.01153	0.01153	0.01538	0.02499	0.05189	0.02883	0.72131	0.04036	0.00769	0.00769	0.01153	0.00480	0.00480
24	0.01498	0.01409	0.02378	0.70226	0.05462	0.01762	0.02202	0.02026	0.01586	0.02026	0.01409	0.02114	0.01057	0.00793	0.00793	0.00264	0.01057	0.00705	0.00352	0.00881
25	0.77733	0.01534	0.01166	0.01043	0.01534	0.01779	0.00859	0.02331	0.01350	0.03558	0.01104	0.01288	0.00859	0.00736	0.00491	0.00245	0.00613	0.00429	0.00491	0.00859
26	0.01478	0.00739	0.00739	0.00739	0.00924	0.00739	0.00554	0.01848	0.01663	0.02956	0.02587	0.02956	0.02033	0.00924	0.00554	0.00185	0.00370	0.00739	0.76534	0.00739
27	0.01145	0.00832	0.01114	0.01257	0.01411	0.00801	0.01016	0.01433	0.01778	0.02329	0.10322	0.25710	0.11025	0.02202	0.01043	0.00333	0.00592	0.34210	0.00745	0.00702
28	0.02004	0.57570	0.18176	0.01555	0.02342	0.02853	0.01702	0.02405	0.01625	0.02007	0.01173	0.01360	0.01015	0.00695	0.00563	0.00188	0.00919	0.00460	0.00338	0.01052
29	0.01722	0.12613	0.52657	0.02178	0.03205	0.04365	0.05274	0.02497	0.01679	0.02390	0.01370	0.01637	0.01017	0.00764	0.00793	0.00243	0.03545	0.00582	0.00341	0.01129
30	0.01442	0.00877	0.01158	0.01058	0.01296	0.00799	0.00804	0.01796	0.02215	0.11780	0.55378	0.08500	0.06640	0.01575	0.00920	0.00252	0.00418	0.01386	0.00881	0.00824
31	0.01096	0.00848	0.01188	0.01135	0.01324	0.00778	0.04238	0.01397	0.01961	0.02684	0.37986	0.24987	0.13634	0.01866	0.00958	0.00274	0.00456	0.01673	0.00791	0.00726
32	0.01153	0.00769	0.00865	0.00865	0.00865	0.00769	0.00480	0.01153	0.01153	0.01538	0.02499	0.05189	0.02883	0.72131	0.04036	0.00769	0.00769	0.01153	0.00480	0.00480
33	0.02962	0.03779	0.02247	0.02043	0.02451	0.68948	0.01532	0.03166	0.02247	0.01941	0.01226	0.01430	0.01021	0.00817	0.00715	0.00204	0.01430	0.00511	0.00409	0.00919
34	0.01731	0.06506	0.39932	0.02721	0.06773	0.01961	0.24053	0.02511	0.01746	0.02495	0.01474	0.01830	0.01086	0.00718	0.00807	0.00252	0.01202	0.00705	0.00361	0.01134
35	0.01786	0.01832	0.02536	0.04492	0.02321	0.05238	0.04989	0.01999	0.01306	0.01947	0.01091	0.01756	0.01049	0.01306	0.02373	0.00334	0.61713	0.00699	0.00353	0.00881
36	0.02517	0.40191	0.03257	0.01680	0.02231	0.34133	0.01439	0.02748	0.01911	0.01901	0.01161	0.01346	0.01019	0.00744	0.00606	0.00186	0.01122	0.00465	0.00372	0.00971
37	0.00991	0.00716	0.00941	0.01095	0.01170	0.00666	0.00753	0.01163	0.01609	0.02144	0.09899	0.59978	0.08604	0.02373	0.01005	0.00315	0.00461	0.04711	0.00748	0.00658
38	0.00973	0.00695	0.00926	0.01100	0.01152	0.00649	0.00737	0.01121	0.01549	0.02073	0.07022	0.68823	0.05340	0.02448	0.01009	0.00319	0.00456	0.02219	0.00742	0.00649
39	0.03014	0.02221	0.02380	0.01825	0.02459	0.02459	0.01507	0.64541	0.03728	0.04998	0.01904	0.01904	0.01349	0.00952	0.00793	0.00238	0.00873	0.00714	0.00793	0.01349
40	0.03014	0.02221	0.02380	0.01825	0.02459	0.02459	0.01507	0.64541	0.03728	0.04998	0.01904	0.01904	0.01349	0.00952	0.00793	0.00238	0.00873	0.00714	0.00793	0.01349
41	0.00966	0.00690	0.00920	0.01104	0.01150	0.00644	0.00736	0.01104	0.01518	0.02024	0.04371	0.71614	0.05245	0.02484	0.01012	0.00322	0.00460	0.02254	0.00736	0.00644
42	0.01498	0.01409	0.02378	0.70226	0.05462	0.01762	0.02202	0.02026	0.01586	0.02026	0.01409	0.02114	0.01057	0.00793	0.00793	0.00264	0.01057	0.00705	0.00352	0.00881
43	0.01810	0.01508	0.01733	0.01253	0.01949	0.01226	0.01008	0.09553	0.01896	0.02876	0.01469	0.01676	0.01196	0.00631	0.00612	0.00132	0.00622	0.00499	0.00509	0.67842
44	0.01156	0.00884	0.01320	0.01306	0.01442	0.01048	0.01020	0.01435	0.01272	0.01843	0.02081	0.03061	0.01945	0.05768	0.66380	0.01238	0.04818	0.00844	0.00422	0.00714
45	0.02686	0.01771	0.01996	0.01628	0.02168	0.01916	0.01315	0.26442	0.24644	0.18845	0.02656	0.02514	0.01893	0.01254	0.04253	0.00303	0.00806	0.00803	0.00823	0.01284
46	0.77733	0.01534	0.01166	0.01043	0.01534	0.01779	0.00859	0.02331	0.01350	0.03558	0.01104	0.01288	0.00859	0.00736	0.00491	0.00245	0.00613	0.00429	0.00491	0.00859
47	0.01123	0.00778	0.00974	0.01011	0.01055	0.00799	0.00658	0.01217	0.01264	0.01712	0.02797	0.15953	0.03154	0.44346	0.16740	0.00783	0.00994	0.03558	0.00521	0.00564
48	0.01963	0.01884	0.03219	0.04867	0.67185	0.01884	0.02434	0.02434	0.01806	0.02591	0.01492	0.01963	0.01256	0.00707	0.00785	0.00236	0.00942	0.00707	0.00393	0.01256
49	0.02598	0.03045	0.02164	0.02038	0.05094	0.46687	0.01498	0.06207	0.08586	0.02256	0.01554	0.01806	0.01283	0.01361	0.07372	0.00322	0.04087	0.00608	0.00467	0.00968
50	0.01102	0.00810	0.01032	0.00977	0.01172	0.00740	0.00732	0.01458	0.02197	0.03068	0.60405	0.06108	0.13913	0.01663	0.00935	0.00251	0.00377	0.01460	0.00858	0.00740
51	0.01325	0.01132	0.01642	0.01532	0.01628	0.01449	0.01228	0.01573	0.01255	0.01862	0.01779	0.02675	0.01682	0.04495	0.47837	0.00979	0.23967	0.00800	0.00400	0.00759
52	0.01590	0.04102	0.68023	0.02260	0.03432	0.01842	0.02930	0.02511	0.01674	0.02511	0.01423	0.01674	0.01005	0.00753	0.00753	0.00251	0.01172	0.00586	0.00335	0.01172
53	0.01122	0.00811	0.01060	0.00998	0.01185	0.00748	0.00748	0.01496	0.02245	0.03180	0.66766	0.05923	0.07482	0.01621	0.00935	0.00249	0.00374	0.01434	0.00873	0.00748
54	0.02917	0.02150	0.02322	0.01796	0.02405	0.02383	0.01480	0.61265	0.03601	0.04834	0.01915	0.01967	0.01381	0.01211	0.04332	0.00292	0.00938	0.00721	0.00774	0.01315
55	0.00995	0.00721	0.00951	0.01107	0.01182	0.00662	0.00745	0.01143	0.01524	0.02048	0.04243	0.68593	0.05069	0.02402	0.00994	0.00313	0.00466	0.02177	0.00725	0.03940
56	0.77733	0.01534	0.01166	0.01043	0.01534	0.01779	0.00859	0.02331	0.01350	0.03558	0.01104	0.01288	0.00859	0.00736	0.00491	0.00245	0.00613	0.00429	0.00491	0.00859
57	0.01478	0.00739	0.00739	0.00739	0.00924	0.00739	0.00554	0.01848	0.01663	0.02956	0.02587	0.02956	0.02033	0.00924	0.00554	0.00185	0.00370	0.00739	0.76534	0.00739
58	0.03014	0.02221	0.02380	0.01825	0.02459	0.02459	0.01507	0.64541	0.03728	0.04998	0.01904	0.01904	0.01349	0.00952	0.00793	0.00238	0.00873	0.00714	0.00793	0.01349
59	0.01644	0.01409	0.01644	0.01175	0.01879	0.01057	0.00940	0.01997	0.01644	0.02584	0.01409	0.01644	0.01175	0.00587	0.00587	0.00117	0.00587	0.00470	0.00470	0.76979
60	0.01826	0.02066	0.04489	0.03229	0.03993	0.01936	0.61086	0.02467	0.01854	0.02514	0.01744	0.05657	0.01408	0.00760	0.00940	0.00270	0.01292	0.01003	0.00418	0.01048
61	0.01153	0.00769	0.00865	0.00865	0.00865	0.00769	0.00480	0.01153	0.01153	0.01538	0.02499	0.05189	0.02883	0.72131	0.04036	0.00769	0.00769	0.01153	0.00480	0.00480
62	0.01311	0.00901	0.01020	0.00990	0.01058	0.00918	0.00615	0.07350	0.01453	0.01940	0.02686	0.13600	0.03043	0.56010	0.03321	0.00658	0.00738	0.01255	0.00545	0.00587
63	0.03558	0.01350	0.01840	0.01411	0.02024	0.01166	0.01166	0.03865	0.02270	0.67734	0.03128	0.02699	0.01963	0.00981	0.00797	0.00245	0.00675	0.00797	0.00981	0.01350
64	0.09375	0.05674	0.01989	0.01637	0.02110	0.16091	0.01291	0.11564	0.32759	0.03158	0.02501	0.02426	0.04074	0.00987	0.00746	0.00244	0.00830	0.00752	0.00666	0.01127
65	0.01631	0.03924	0.61638	0.02187	0.03275	0.04915	0.02757	0.02492	0.01729	0.02518	0.04653	0.01873	0.01326	0.00799	0.00761	0.00249	0.01144	0.00625	0.00365	0.01139
66	0.01731	0.22264	0.51091	0.02021	0.03062	0.02185	0.02513	0.02475	0.01658	0.02340	0.01338	0.01568	0.01008	0.00734	0.00689	0.00230	0.01086	0.00543	0.00336	0.01131
67	0.02024	0.60128	0.15791	0.01521	0.02290	0.02902	0.01643	0.02399	0.01623	0.01983	0.01161	0.01345	0.01015	0.00692	0.00553	0.00184	0.00907	0.00454	0.00338	0.01046
68	0.01921	0.01474	0.01724	0.01250	0.01941	0.01186	0.01007	0.07489	0.01875	0.08245	0.01596	0.01755	0.01255	0.00651	0.00622	0.00138	0.00619	0.00518	0.00540	0.64194
69	0.00992	0.00805	0.00879	0.00860	0.01104	0.00693	0.00645	0.01243	0.01936	0.02447	0.25281	0.07130	0.49425	0.01895	0.00937	0.00262	0.00394	0.01603	0.00776	0.00693
70	0.03014	0.02221	0.02380	0.01825	0.02459	0.02459	0.01507	0.64541	0.03728	0.04998	0.01904	0.01904	0.01349	0.00952	0.00793	0.00238	0.00873	0.00714	0.00793	0.01349
71	0.01145	0.00765	0.00867	0.00876	0.00878	0.00763	0.00492	0.01151	0.01169	0.01559	0.02582	0.08150	0.02988	0.69027	0.03901	0.00749	0.00755	0.01202	0.00492	0.00488
72	0.01153	0.00769	0.00865	0.00865	0.00865	0.00769	0.00480	0.01153	0.01153	0.01538	0.02499	0.05189	0.02883	0.72131	0.04036	0.00769	0.00769	0.01153	0.00480	0.00480
73	0.03014	0.02221	0.02380	0.01825	0.02459	0.02459	0.01507	0.64541	0.03728	0.04998	0.01904	0.01904	0.01349	0.00952	0.00793	0.00238	0.00873	0.00714	0.00793	0.01349
74	0.03014	0.02221	0.02380	0.01825	0.02459	0.02459	0.01507	0.64541	0.03728	0.04998	0.01904	0.01904	0.01349	0.00952	0.00793	0.00238	0.00873	0.00714	0.00793	0.01349
75	0.01625	0.01543	0.02597	0.51607	0.17046	0.01805	0.04567	0.02237	0.04968	0.02221	0.01527	0.02130	0.01171	0.00786	0.00798	0.00259	0.01023	0.00724	0.00385	0.00979
76	0.03558	0.01350	0.01840	0.01411	0.02024	0.01166	0.01166	0.03865	0.02270	0.67734	0.03128	0.02699	0.01963	0.00981	0.00797	0.00245	0.00675	0.00797	0.00981	0.01350
77	0.01134	0.00846	0.01255	0.01255	0.01389	0.00980	0.00967	0.01403	0.01269	0.01826	0.02142	0.03215	0.02026	0.09144	0.65852	0.01250	0.02059	0.00864	0.00427	0.00697
78	0.01018	0.00804	0.00907	0.00904	0.01122	0.00707	0.00674	0.01264	0.01892	0.02420	0.24553	0.09791	0.41168	0.05310	0.01096	0.00293	0.00428	0.04202	0.00764	0.00685
79	0.03014	0.02221	0.02380	0.01825	0.02459	0.02459	0.01507	0.64541	0.03728	0.04998	0.01904	0.01904	0.01349	0.00952	0.00793	0.00238	0.00873	0.00714	0.00793	0.01349
80	0.00996	0.00705	0.00919	0.01070	0.01116	0.00664	0.00705	0.01126	0.01501	0.02009	0.06586	0.60753	0.05038	0.11135	0.01386	0.00375	0.00495	0.02085	0.00710	0.00628
81	0.01644	0.01409	0.01644	0.01175	0.01879	0.01057	0.00940	0.01997	0.01644	0.02584	0.01409	0.01644	0.01175	0.00587	0.00587	0.00117	0.00587	0.00470	0.00470	0.76979
82	0.01771	0.01518	0.01683	0.01382	0.01934	0.01477	0.01082	0.03020	0.32403	0.02910	0.02418	0.05480	0.01959	0.00909	0.00712	0.00200	0.00601	0.00756	0.00644	0.37143
83	0.01360	0.00721	0.01087	0.04114	0.01236	0.00734	0.00759	0.01081	0.01084	0.01442	0.01544	0.06220	0.01577	0.02653	0.02881	0.69287	0.00692	0.00776	0.00366	0.00385

[dist]
# distance from previous block
# <min> <max>
3	9

[block]
# block no. 3 follows, 24 sequences, length 166
# corresponding to MSA columns:
# 256-421
name=unknown_D
#
# <colnr> <probs for GDERKNQSTAVLIFYWHMCP>
#	G	D	E	R	K	N	Q	S	T	A	V	L	I	F	Y	W	H	M	C	P
0	0.01862	0.02076	0.04323	0.03301	0.08163	0.02046	0.52977	0.02461	0.01792	0.02471	0.01532	0.02081	0.01188	0.00753	0.01116	0.00274	0.09237	0.00893	0.00394	0.01059
1	0.01693	0.03635	0.55327	0.02307	0.03376	0.01793	0.10018	0.02538	0.01743	0.05368	0.03813	0.01923	0.01297	0.00784	0.00783	0.00253	0.01142	0.00666	0.00390	0.01153
2	0.09324	0.01134	0.01488	0.01238	0.01630	0.01050	0.00969	0.02729	0.01820	0.38010	0.06724	0.02706	0.02064	0.01529	0.01462	0.22985	0.00653	0.00776	0.00742	0.00967
3	0.01513	0.01081	0.01284	0.01185	0.01472	0.01093	0.00902	0.02347	0.19075	0.08137	0.35008	0.09883	0.10784	0.01523	0.00896	0.00261	0.00474	0.01322	0.00842	0.00916
4	0.01123	0.00756	0.00874	0.00903	0.00910	0.00749	0.00521	0.01145	0.01211	0.01615	0.02796	0.15748	0.03258	0.61061	0.03555	0.00698	0.00720	0.01328	0.00521	0.00506
5	0.01629	0.03836	0.59436	0.02407	0.03529	0.01864	0.11249	0.02515	0.01701	0.02515	0.01448	0.01737	0.01031	0.00742	0.00778	0.00253	0.01194	0.00633	0.00344	0.01158
6	0.01459	0.00741	0.00747	0.00747	0.00920	0.00741	0.00550	0.01806	0.01632	0.02871	0.02582	0.03090	0.02083	0.05192	0.00763	0.00220	0.00393	0.00764	0.71975	0.00724
7	0.01479	0.01081	0.01303	0.01156	0.01428	0.01075	0.00891	0.13787	0.02489	0.03450	0.49371	0.07906	0.08365	0.01540	0.00911	0.00251	0.00476	0.01336	0.00847	0.00858
8	0.01082	0.00788	0.01008	0.00994	0.01158	0.00725	0.00724	0.01388	0.02048	0.02841	0.49091	0.17027	0.11970	0.04291	0.01058	0.00281	0.00405	0.01582	0.00825	0.00715
9	0.01735	0.01735	0.02429	0.02082	0.02082	0.02429	0.01735	0.01908	0.01214	0.01908	0.01041	0.01735	0.01041	0.01388	0.02602	0.00347	0.70680	0.00694	0.00347	0.00867
10	0.01972	0.01703	0.01793	0.01614	0.02062	0.01972	0.01255	0.04214	0.65752	0.03317	0.03228	0.02959	0.02421	0.01076	0.00807	0.00269	0.00628	0.00897	0.00807	0.01255
11	0.03014	0.02221	0.02380	0.01825	0.02459	0.02459	0.01507	0.64541	0.03728	0.04998	0.01904	0.01904	0.01349	0.00952	0.00793	0.00238	0.00873	0.00714	0.00793	0.01349
12	0.03558	0.01350	0.01840	0.01411	0.02024	0.01166	0.01166	0.03865	0.02270	0.67734	0.03128	0.02699	0.01963	0.00981	0.00797	0.00245	0.00675	0.00797	0.00981	0.01350
13	0.01956	0.05302	0.11718	0.06597	0.34332	0.07814	0.06892	0.02525	0.04358	0.02460	0.01493	0.01885	0.01212	0.00764	0.00852	0.00237	0.04252	0.00676	0.00401	0.04275
14	0.01627	0.07217	0.62361	0.02264	0.03397	0.01909	0.05453	0.02506	0.01680	0.02482	0.01416	0.01675	0.01014	0.00746	0.00750	0.00248	0.01164	0.00593	0.00338	0.01160
15	0.77733	0.01534	0.01166	0.01043	0.01534	0.01779	0.00859	0.02331	0.01350	0.03558	0.01104	0.01288	0.00859	0.00736	0.00491	0.00245	0.00613	0.00429	0.00491	0.00859
16	0.00952	0.00804	0.00824	0.00819	0.01080	0.00676	0.00614	0.01167	0.01843	0.02227	0.12812	0.07493	0.62031	0.01977	0.00937	0.00266	0.00399	0.01654	0.00747	0.00676
17	0.00967	0.00791	0.00855	0.00882	0.01108	0.00679	0.00653	0.01178	0.01804	0.02221	0.12419	0.16678	0.51196	0.02049	0.00952	0.00277	0.00417	0.03451	0.00748	0.00674
18	0.01025	0.00732	0.00988	0.01172	0.01244	0.00695	0.00839	0.01206	0.01577	0.02091	0.04338	0.59712	0.05115	0.02429	0.01028	0.00330	0.00511	0.13572	0.00735	0.00660
19	0.01134	0.00846	0.01254	0.01254	0.01389	0.00980	0.00966	0.01403	0.01269	0.01826	0.02142	0.03216	0.02026	0.09172	0.65824	0.01250	0.02058	0.00864	0.00428	0.00697
20	0.02977	0.03351	0.02284	0.01983	0.02454	0.50677	0.01525	0.20032	0.02654	0.02781	0.01412	0.01560	0.01111	0.00854	0.00737	0.00214	0.01277	0.00567	0.00514	0.01037
21	0.02977	0.02142	0.02320	0.01775	0.02412	0.02333	0.01465	0.58771	0.03563	0.07854	0.01939	0.01929	0.01370	0.00936	0.00784	0.00233	0.00850	0.00707	0.00787	0.04855
22	0.08563	0.01362	0.01795	0.01386	0.01991	0.01207	0.01145	0.03761	0.02208	0.63403	0.02992	0.02604	0.01888	0.00965	0.00777	0.00245	0.00671	0.00773	0.00948	0.01316
23	0.01621	0.01486	0.02417	0.62609	0.08093	0.01814	0.02166	0.06263	0.01740	0.02253	0.01447	0.02093	0.01086	0.00800	0.00792	0.00261	0.01039	0.00705	0.00384	0.00930
24	0.01785	0.11672	0.29174	0.02597	0.03480	0.02108	0.28774	0.02470	0.01723	0.02407	0.01437	0.01825	0.01093	0.00746	0.00911	0.00254	0.05368	0.00721	0.00364	0.01091
25	0.66528	0.06019	0.07204	0.01168	0.01730	0.01866	0.01070	0.02349	0.01394	0.03365	0.01132	0.01321	0.00881	0.00734	0.00515	0.00241	0.00676	0.00443	0.00468	0.00896
26	0.17144	0.55267	0.03473	0.01327	0.01956	0.05982	0.01266	0.02403	0.01589	0.02205	0.01109	0.01283	0.00986	0.00696	0.00515	0.00186	0.00829	0.00429	0.00373	0.00982
27	0.01153	0.00769	0.00865	0.00865	0.00865	0.00769	0.00480	0.01153	0.01153	0.01538	0.02499	0.05189	0.02883	0.72131	0.04036	0.00769	0.00769	0.01153	0.00480	0.00480
28	0.01111	0.00810	0.01045	0.00986	0.01178	0.00744	0.00739	0.01475	0.02218	0.03118	0.63246	0.06026	0.11041	0.01644	0.00935	0.00251	0.00376	0.01448	0.00865	0.00744
29	0.03477	0.01396	0.01859	0.01434	0.02042	0.01245	0.01182	0.06154	0.04733	0.62936	0.03086	0.02679	0.01957	0.00984	0.00798	0.00246	0.00680	0.00798	0.00968	0.01346
30	0.01081	0.00775	0.01040	0.01149	0.01267	0.00734	0.00857	0.01339	0.01804	0.02449	0.23205	0.38178	0.05774	0.02160	0.01007	0.00309	0.00493	0.14908	0.00776	0.00694
31	0.01590	0.04102	0.68023	0.02260	0.03432	0.01842	0.02930	0.02511	0.01674	0.02511	0.01423	0.01674	0.01005	0.00753	0.00753	0.00251	0.01172	0.00586	0.00335	0.01172
32	0.00945	0.00804	0.00814	0.00811	0.01076	0.00673	0.00608	0.01152	0.01825	0.02184	0.10402	0.07563	0.64468	0.01993	0.00937	0.00267	0.00401	0.01664	0.00742	0.00673
33	0.01762	0.01914	0.03892	0.20953	0.04330	0.01974	0.42908	0.02354	0.01744	0.02354	0.01508	0.02100	0.01152	0.00758	0.01030	0.00273	0.06750	0.00855	0.00384	0.01004
34	0.06286	0.17369	0.46604	0.02199	0.07712	0.02098	0.02457	0.02468	0.01652	0.02452	0.01345	0.01592	0.01017	0.00734	0.00691	0.00233	0.01057	0.00553	0.00349	0.01129
35	0.77733	0.01534	0.01166	0.01043	0.01534	0.01779	0.00859	0.02331	0.01350	0.03558	0.01104	0.01288	0.00859	0.00736	0.00491	0.00245	0.00613	0.00429	0.00491	0.00859
36	0.00981	0.00697	0.00916	0.01085	0.01127	0.00654	0.00715	0.01108	0.01489	0.01985	0.04218	0.66209	0.05053	0.08152	0.01258	0.00358	0.00485	0.02165	0.00715	0.00631
37	0.01296	0.01046	0.01268	0.01126	0.01502	0.00846	0.00830	0.01541	0.01592	0.02302	0.03082	0.34800	0.05868	0.01539	0.00802	0.00220	0.00520	0.01360	0.00606	0.37854
