[name]
unknown

[dist]
# distance from previous block
# <min> <max>
0	2

[block]
# block no. 0 follows, 18 sequences, length 19
# corresponding to MSA columns:
# 2-20
name=unknown_A
#
# <colnr> <probs for GDERKNQSTAVLIFYWHMCP>
#	G	D	E	R	K	N	Q	S	T	A	V	L	I	F	Y	W	H	M	C	P
0	0.06247	0.01296	0.01674	0.01687	0.02038	0.01300	0.01452	0.06787	0.02334	0.12493	0.04253	0.08073	0.04273	0.02107	0.01146	0.00381	0.00840	0.39713	0.00881	0.01023
1	0.02585	0.01911	0.02081	0.01725	0.02233	0.02048	0.01379	0.35852	0.03324	0.04396	0.03768	0.08041	0.11762	0.08745	0.01394	0.00365	0.00871	0.05435	0.00859	0.01226
2	0.02705	0.01968	0.02283	0.07342	0.02761	0.02189	0.01583	0.24018	0.20080	0.09875	0.05965	0.03067	0.02424	0.01760	0.07339	0.00412	0.01039	0.00958	0.00862	0.01370
3	0.01439	0.01223	0.01397	0.08256	0.01956	0.05859	0.01068	0.01711	0.02021	0.02632	0.19483	0.28401	0.08224	0.10299	0.01526	0.00394	0.00710	0.01812	0.00780	0.00811
4	0.02273	0.01209	0.01667	0.04820	0.02029	0.01189	0.01204	0.02540	0.02076	0.23399	0.06625	0.33697	0.04236	0.02025	0.01211	0.00337	0.05744	0.01746	0.00900	0.01070
5	0.02455	0.68284	0.04811	0.01571	0.02357	0.03633	0.01571	0.02749	0.01866	0.02160	0.01277	0.01473	0.01178	0.00786	0.00589	0.00196	0.00982	0.00491	0.00393	0.01178
6	0.01883	0.09071	0.59018	0.02546	0.03864	0.02234	0.03269	0.02897	0.01934	0.02857	0.01623	0.01907	0.01164	0.00866	0.00853	0.00284	0.01331	0.00666	0.00388	0.01345
7	0.02474	0.02067	0.02183	0.01907	0.02460	0.02373	0.01499	0.13391	0.51523	0.04147	0.03496	0.03233	0.02607	0.01223	0.00932	0.00306	0.00771	0.01005	0.00932	0.01470
8	0.03771	0.01574	0.02095	0.01591	0.02317	0.01330	0.01308	0.04134	0.02514	0.53248	0.03309	0.02933	0.02129	0.01065	0.00885	0.00261	0.00765	0.00864	0.01043	0.12865
9	0.24416	0.02200	0.11508	0.01699	0.02460	0.01807	0.01591	0.06523	0.05175	0.30025	0.02550	0.02422	0.01709	0.01014	0.00810	0.00286	0.00860	0.00759	0.00829	0.01356
10	0.02358	0.58280	0.13969	0.01736	0.02611	0.03397	0.01858	0.02774	0.01877	0.02278	0.01335	0.01546	0.01176	0.00799	0.00634	0.00211	0.01041	0.00520	0.00392	0.01206
11	0.01482	0.00971	0.01240	0.01221	0.01462	0.00881	0.00919	0.01819	0.02313	0.08226	0.32479	0.19397	0.16163	0.02137	0.01100	0.00318	0.00517	0.05521	0.00952	0.00885
12	0.01904	0.01632	0.01904	0.01360	0.02176	0.01224	0.01088	0.02312	0.01904	0.02992	0.01632	0.01904	0.01360	0.00680	0.00680	0.00136	0.00680	0.00544	0.00544	0.73344
13	0.01300	0.00939	0.01227	0.01155	0.01372	0.00866	0.00866	0.01733	0.02599	0.03682	0.61519	0.06859	0.08664	0.01877	0.01083	0.00289	0.00433	0.01661	0.01011	0.00866
14	0.01895	0.01797	0.03045	0.47594	0.22994	0.02082	0.02630	0.02487	0.01912	0.02542	0.01660	0.02395	0.01293	0.00888	0.00915	0.00296	0.01184	0.00817	0.00422	0.01150
15	0.02455	0.68284	0.04811	0.01571	0.02357	0.03633	0.01571	0.02749	0.01866	0.02160	0.01277	0.01473	0.01178	0.00786	0.00589	0.00196	0.00982	0.00491	0.00393	0.01178
16	0.01570	0.01390	0.01973	0.01696	0.02115	0.01357	0.10084	0.02403	0.13460	0.03082	0.17005	0.06550	0.24520	0.01805	0.01074	0.00317	0.00718	0.07038	0.00838	0.01004
17	0.02682	0.02108	0.02187	0.01828	0.02444	0.05894	0.01446	0.12281	0.32767	0.10625	0.03025	0.02864	0.02233	0.01105	0.00884	0.00271	0.00824	0.00889	0.00865	0.12777
18	0.05701	0.00938	0.01134	0.01196	0.01371	0.00892	0.00862	0.01549	0.02049	0.02881	0.22960	0.30332	0.13644	0.05843	0.01289	0.00363	0.00539	0.04789	0.00868	0.00798

[dist]
# distance from previous block
# <min> <max>
6	14

[block]
# block no. 1 follows, 18 sequences, length 63
# corresponding to MSA columns:
# 35-42,44-46,52-103
name=unknown_B
#
# <colnr> <probs for GDERKNQSTAVLIFYWHMCP>
#	G	D	E	R	K	N	Q	S	T	A	V	L	I	F	Y	W	H	M	C	P
0	0.02270	0.01589	0.01851	0.01593	0.02046	0.01585	0.01228	0.21451	0.02775	0.08024	0.07277	0.26998	0.03759	0.01765	0.00992	0.00294	0.00728	0.01521	0.00862	0.11390
1	0.06614	0.01243	0.04014	0.01275	0.01579	0.01083	0.00994	0.01922	0.04697	0.03193	0.31100	0.15391	0.05881	0.09319	0.01421	0.00359	0.00596	0.01530	0.00831	0.06957
2	0.02340	0.01675	0.02122	0.01814	0.02187	0.01897	0.01460	0.14445	0.05273	0.10725	0.02518	0.07763	0.02181	0.02885	0.18371	0.00626	0.14241	0.01008	0.00700	0.05770
3	0.02119	0.02366	0.04947	0.08128	0.04651	0.02354	0.48561	0.02820	0.02062	0.02820	0.01771	0.02424	0.01361	0.00874	0.01279	0.00319	0.08456	0.01034	0.00454	0.01198
4	0.05858	0.03347	0.02631	0.02334	0.02628	0.37657	0.01832	0.03060	0.02094	0.02311	0.01330	0.01786	0.01184	0.01199	0.01666	0.00303	0.26622	0.00670	0.00449	0.01038
5	0.03418	0.01526	0.01957	0.01559	0.02177	0.01389	0.01267	0.06734	0.06517	0.44768	0.07943	0.04025	0.09835	0.01333	0.00954	0.00289	0.00729	0.01096	0.01069	0.01416
6	0.01748	0.01596	0.02685	0.58282	0.08407	0.01957	0.02436	0.02284	0.01801	0.02321	0.01634	0.02465	0.01261	0.01076	0.01109	0.05531	0.01188	0.00815	0.00409	0.00995
7	0.02968	0.02470	0.17209	0.01925	0.02760	0.01760	0.01884	0.08094	0.10065	0.28172	0.02922	0.03000	0.02062	0.01103	0.00906	0.00282	0.00929	0.03146	0.00845	0.07498
8	0.01845	0.01786	0.03119	0.48144	0.10208	0.02030	0.09816	0.02459	0.01904	0.02522	0.01669	0.02399	0.01274	0.00874	0.00922	0.00292	0.01217	0.00832	0.00429	0.06262
9	0.02138	0.02420	0.05239	0.08003	0.04901	0.02303	0.54907	0.02901	0.02145	0.02901	0.01842	0.02475	0.01382	0.00784	0.01072	0.00309	0.01526	0.01066	0.00461	0.01224
10	0.03124	0.25891	0.03155	0.01819	0.02439	0.21860	0.01529	0.03408	0.02296	0.18472	0.02195	0.06172	0.01787	0.01064	0.00792	0.00244	0.01111	0.00774	0.00648	0.01218
11	0.01192	0.00934	0.01078	0.01042	0.01306	0.00821	0.00782	0.01524	0.02345	0.03079	0.35297	0.07852	0.35262	0.02102	0.01084	0.00299	0.00449	0.01800	0.00931	0.00821
12	0.12356	0.02310	0.02441	0.01907	0.02596	0.02520	0.01565	0.44370	0.03674	0.07823	0.02237	0.04752	0.01693	0.01123	0.00873	0.00274	0.00927	0.00847	0.00863	0.04848
13	0.01960	0.01870	0.03131	0.38040	0.27394	0.02150	0.02614	0.02517	0.01903	0.02587	0.01638	0.02349	0.01311	0.00929	0.01065	0.00300	0.05815	0.00816	0.00425	0.01185
14	0.01276	0.00929	0.01186	0.01179	0.01373	0.00861	0.00877	0.01632	0.02342	0.03228	0.42230	0.13669	0.13000	0.06238	0.01334	0.00348	0.00508	0.06029	0.00937	0.00823
15	0.03366	0.02498	0.02689	0.02053	0.02795	0.02720	0.01693	0.54487	0.04127	0.05567	0.02159	0.02181	0.01546	0.01069	0.00900	0.00265	0.00984	0.00804	0.00889	0.07209
16	0.01768	0.01667	0.02815	0.61742	0.09840	0.02049	0.02567	0.02376	0.01852	0.02387	0.01638	0.02437	0.01239	0.00912	0.00917	0.00304	0.01216	0.00816	0.00411	0.01047
17	0.01933	0.09476	0.51892	0.02787	0.07595	0.02263	0.05824	0.02891	0.01953	0.02856	0.01634	0.01949	0.01194	0.00857	0.00862	0.00283	0.01319	0.00692	0.00396	0.01344
18	0.01842	0.04749	0.62974	0.02617	0.03974	0.02132	0.03392	0.02908	0.01939	0.02908	0.01648	0.01939	0.01163	0.00872	0.00872	0.00291	0.01357	0.00678	0.00388	0.01357
19	0.01119	0.00799	0.01065	0.01278	0.01332	0.00746	0.00852	0.01278	0.01758	0.02344	0.05061	0.67132	0.06073	0.02877	0.01172	0.00373	0.00533	0.02610	0.00852	0.00746
20	0.01842	0.04749	0.62974	0.02617	0.03974	0.02132	0.03392	0.02908	0.01939	0.02908	0.01648	0.01939	0.01163	0.00872	0.00872	0.00291	0.01357	0.00678	0.00388	0.01357
21	0.02455	0.68284	0.04811	0.01571	0.02357	0.03633	0.01571	0.02749	0.01866	0.02160	0.01277	0.01473	0.01178	0.00786	0.00589	0.00196	0.00982	0.00491	0.00393	0.01178
22	0.01828	0.01755	0.03050	0.54172	0.12933	0.02076	0.06344	0.02443	0.01889	0.02465	0.01659	0.02429	0.01263	0.00896	0.00928	0.00302	0.01230	0.00834	0.00417	0.01087
23	0.01327	0.00922	0.01161	0.01161	0.01216	0.00977	0.00755	0.01437	0.01382	0.01898	0.02748	0.05203	0.02988	0.47316	0.24610	0.01087	0.01417	0.01217	0.00535	0.00645
24	0.01119	0.00799	0.01065	0.01278	0.01332	0.00746	0.00852	0.01278	0.01758	0.02344	0.05061	0.67132	0.06073	0.02877	0.01172	0.00373	0.00533	0.02610	0.00852	0.00746
25	0.01701	0.01581	0.02654	0.60533	0.05959	0.01970	0.02441	0.02291	0.01808	0.02329	0.01696	0.02538	0.01307	0.01383	0.05841	0.00397	0.01320	0.00829	0.00415	0.01004
26	0.01151	0.00822	0.01100	0.01299	0.01370	0.00772	0.00893	0.01340	0.01822	0.02435	0.07797	0.60567	0.06149	0.02806	0.01174	0.00372	0.00548	0.05966	0.00860	0.00758
27	0.02093	0.02252	0.03628	0.07383	0.03534	0.07331	0.23130	0.02537	0.01845	0.02507	0.01800	0.07310	0.01658	0.01293	0.01821	0.00345	0.26954	0.01034	0.00467	0.01078
28	0.01974	0.18474	0.50409	0.02391	0.03625	0.02457	0.02999	0.02874	0.01923	0.02746	0.01568	0.01838	0.01166	0.00854	0.00811	0.00270	0.01276	0.00638	0.00389	0.01318
29	0.01842	0.04749	0.62974	0.02617	0.03974	0.02132	0.03392	0.02908	0.01939	0.02908	0.01648	0.01939	0.01163	0.00872	0.00872	0.00291	0.01357	0.00678	0.00388	0.01357
30	0.02893	0.03250	0.02356	0.02133	0.02627	0.35107	0.01624	0.04235	0.29657	0.02994	0.02505	0.02485	0.01942	0.01087	0.00878	0.00272	0.01220	0.00801	0.00689	0.01247
31	0.01131	0.00817	0.01071	0.01251	0.01330	0.00757	0.00846	0.01316	0.01841	0.02455	0.09678	0.59451	0.09119	0.02771	0.01161	0.00363	0.00521	0.02502	0.00865	0.00757
32	0.01753	0.04204	0.02996	0.02351	0.02797	0.01759	0.21280	0.02441	0.08972	0.02767	0.05497	0.26931	0.03574	0.01727	0.01230	0.00336	0.06031	0.01628	0.00680	0.01045
33	0.01201	0.00931	0.01408	0.01482	0.01605	0.00870	0.05401	0.01409	0.01790	0.02391	0.04809	0.62045	0.05705	0.02711	0.01165	0.00368	0.00613	0.02490	0.00822	0.00785
34	0.02273	0.02182	0.03727	0.05636	0.62003	0.02182	0.02818	0.02818	0.02091	0.03000	0.01727	0.02273	0.01454	0.00818	0.00909	0.00273	0.01091	0.00818	0.00455	0.01454
35	0.02142	0.02654	0.09903	0.03772	0.04734	0.02307	0.54361	0.02939	0.02149	0.02939	0.01841	0.02435	0.01375	0.00782	0.01067	0.00308	0.01533	0.01052	0.00458	0.01248
36	0.02069	0.07645	0.03360	0.02553	0.02754	0.02810	0.10228	0.02362	0.01556	0.02312	0.01306	0.02032	0.01230	0.01417	0.02528	0.00371	0.51186	0.00818	0.00410	0.01053
37	0.02409	0.01428	0.01667	0.01451	0.01927	0.01394	0.01137	0.05829	0.15638	0.21329	0.07828	0.10051	0.20684	0.01683	0.01000	0.00305	0.00651	0.01412	0.00968	0.01209
38	0.02216	0.02275	0.02541	0.02215	0.02322	0.13057	0.01804	0.02451	0.01673	0.02362	0.01458	0.02119	0.01340	0.01429	0.02353	0.00351	0.47119	0.00774	0.09144	0.00997
39	0.02252	0.02226	0.03349	0.04497	0.42679	0.06240	0.05993	0.03007	0.08937	0.03003	0.02540	0.02891	0.06279	0.00991	0.00931	0.00280	0.01067	0.00933	0.00543	0.01361
40	0.02138	0.02386	0.05081	0.09168	0.08762	0.02289	0.50210	0.02883	0.02134	0.02895	0.01830	0.02461	0.01383	0.00789	0.01058	0.00307	0.01490	0.01043	0.00459	0.01235
41	0.02253	0.34442	0.31015	0.02108	0.03128	0.07705	0.02413	0.02893	0.01957	0.02506	0.01456	0.01698	0.01172	0.00838	0.00736	0.00242	0.01205	0.00584	0.00397	0.01250
42	0.02294	0.51627	0.20060	0.01845	0.02781	0.03240	0.02049	0.02791	0.01885	0.02356	0.01374	0.01595	0.01174	0.00808	0.00663	0.00221	0.01080	0.00540	0.00391	0.01225
43	0.02206	0.02087	0.03538	0.05304	0.56954	0.02087	0.02705	0.02741	0.02093	0.02979	0.01990	0.02952	0.01776	0.00962	0.00939	0.00285	0.01070	0.05439	0.00487	0.01403
44	0.01085	0.00930	0.00930	0.00930	0.01240	0.00775	0.00698	0.01318	0.02093	0.02480	0.09302	0.08837	0.61631	0.02325	0.01085	0.00310	0.00465	0.01938	0.00853	0.00775
45	0.02141	0.02048	0.03490	0.20209	0.48455	0.02147	0.02753	0.02703	0.02029	0.02841	0.01704	0.02315	0.01398	0.00842	0.00911	0.00281	0.01123	0.00818	0.00443	0.01349
46	0.02028	0.01932	0.03286	0.32796	0.36752	0.02117	0.02696	0.02604	0.01975	0.02703	0.01684	0.02352	0.01350	0.00863	0.00913	0.00288	0.01151	0.00817	0.00433	0.01257
47	0.01282	0.00916	0.01253	0.01466	0.01591	0.00887	0.01137	0.01561	0.01919	0.02527	0.04970	0.41384	0.05715	0.02722	0.01216	0.00396	0.00675	0.26743	0.00849	0.00791
48	0.31420	0.01803	0.01923	0.01542	0.02200	0.01860	0.01272	0.12257	0.02474	0.30919	0.02486	0.02343	0.01662	0.01020	0.00784	0.00283	0.00789	0.00742	0.00880	0.01340
49	0.02284	0.01972	0.02076	0.01869	0.02388	0.02284	0.01453	0.04879	0.60345	0.03841	0.03737	0.03426	0.02803	0.01246	0.00934	0.00311	0.00727	0.01038	0.00934	0.01453
50	0.02273	0.02182	0.03727	0.05636	0.62003	0.02182	0.02818	0.02818	0.02091	0.03000	0.01727	0.02273	0.01454	0.00818	0.00909	0.00273	0.01091	0.00818	0.00455	0.01454
51	0.01119	0.00799	0.01065	0.01278	0.01332	0.00746	0.00852	0.01278	0.01758	0.02344	0.05061	0.67132	0.06073	0.02877	0.01172	0.00373	0.00533	0.02610	0.00852	0.00746
52	0.01361	0.01053	0.01281	0.01364	0.01616	0.01016	0.01098	0.01875	0.06999	0.02783	0.10926	0.15294	0.24128	0.02342	0.01154	0.00359	0.00641	0.22976	0.00870	0.00864
53	0.01845	0.01745	0.02954	0.53229	0.17755	0.02069	0.02605	0.02443	0.01888	0.02480	0.01652	0.02412	0.01271	0.00897	0.00916	0.00299	0.01197	0.00816	0.00418	0.01109
54	0.01147	0.00819	0.01098	0.01311	0.01376	0.00770	0.00901	0.01327	0.01786	0.02375	0.05045	0.62707	0.06011	0.02850	0.01179	0.00377	0.00557	0.06757	0.00852	0.00754
55	0.01381	0.01043	0.01437	0.01532	0.06465	0.00977	0.01030	0.01824	0.02556	0.03625	0.56496	0.06473	0.08058	0.01788	0.01068	0.00287	0.00488	0.01590	0.00964	0.00916
56	0.02370	0.02366	0.03632	0.05361	0.57033	0.07379	0.02730	0.02889	0.02134	0.02937	0.01701	0.02221	0.01432	0.00829	0.00902	0.00270	0.01138	0.00799	0.00456	0.01422
57	0.02537	0.62915	0.04626	0.01638	0.02397	0.08708	0.01588	0.02826	0.01928	0.02168	0.01289	0.01488	0.01179	0.00799	0.00609	0.00200	0.01039	0.00499	0.00400	0.01169
58	0.01734	0.01632	0.02754	0.65524	0.06324	0.02040	0.02550	0.02346	0.01836	0.02346	0.01632	0.02448	0.01224	0.00918	0.00918	0.00306	0.01224	0.00816	0.00408	0.01020
59	0.36362	0.02127	0.06761	0.08247	0.24664	0.02109	0.01971	0.02729	0.01808	0.03471	0.01501	0.01892	0.01196	0.00846	0.00745	0.00282	0.00940	0.00656	0.00500	0.01193
60	0.01786	0.01734	0.03075	0.58093	0.06140	0.02074	0.09314	0.02418	0.01876	0.02418	0.01659	0.02451	0.01244	0.00901	0.00938	0.00306	0.01263	0.00848	0.00415	0.01046
61	0.01685	0.01388	0.05479	0.05274	0.02189	0.01227	0.01468	0.05586	0.02259	0.06039	0.11639	0.16461	0.07424	0.02133	0.01137	0.00362	0.00791	0.25671	0.00833	0.00955
62	0.01937	0.07976	0.49033	0.02788	0.04033	0.02253	0.13472	0.02905	0.01976	0.02871	0.01665	0.02011	0.01206	0.00849	0.00895	0.00289	0.01371	0.00742	0.00402	0.01325

[dist]
# distance from previous block
# <min> <max>
0	11

[block]
# block no. 2 follows, 18 sequences, length 38
# corresponding to MSA columns:
# 116-153
name=unknown_C
#
# <colnr> <probs for GDERKNQSTAVLIFYWHMCP>
#	G	D	E	R	K	N	Q	S	T	A	V	L	I	F	Y	W	H	M	C	P
0	0.16291	0.01618	0.02301	0.27850	0.11297	0.01801	0.01887	0.02657	0.01962	0.11274	0.05482	0.07506	0.02142	0.01126	0.00878	0.00299	0.00947	0.00953	0.00615	0.01116
1	0.32431	0.01302	0.01266	0.01180	0.01516	0.01390	0.00885	0.02156	0.01870	0.05959	0.18662	0.08826	0.03979	0.13248	0.01505	0.00400	0.00655	0.01148	0.00735	0.00886
2	0.01734	0.01632	0.02754	0.65524	0.06324	0.02040	0.02550	0.02346	0.01836	0.02346	0.01632	0.02448	0.01224	0.00918	0.00918	0.00306	0.01224	0.00816	0.00408	0.01020
3	0.02542	0.62539	0.04613	0.01642	0.02400	0.09063	0.01589	0.02832	0.01932	0.02168	0.01289	0.01489	0.01179	0.00800	0.00611	0.00200	0.01043	0.00500	0.00400	0.01168
4	0.01484	0.00974	0.01266	0.01189	0.01434	0.00888	0.00892	0.01879	0.02507	0.07919	0.49909	0.11462	0.10829	0.01925	0.01078	0.00296	0.00469	0.01696	0.00999	0.00904
5	0.01842	0.04749	0.62974	0.02617	0.03974	0.02132	0.03392	0.02908	0.01939	0.02908	0.01648	0.01939	0.01163	0.00872	0.00872	0.00291	0.01357	0.00678	0.00388	0.01357
6	0.01647	0.01074	0.01494	0.01653	0.01889	0.01053	0.01418	0.02044	0.02123	0.07192	0.04785	0.14469	0.05124	0.02460	0.01235	0.00408	0.00815	0.47359	0.00868	0.00891
7	0.01842	0.04749	0.62974	0.02617	0.03974	0.02132	0.03392	0.02908	0.01939	0.02908	0.01648	0.01939	0.01163	0.00872	0.00872	0.00291	0.01357	0.00678	0.00388	0.01357
8	0.01866	0.04577	0.58617	0.02712	0.04036	0.02147	0.07577	0.02910	0.01956	0.02910	0.01664	0.01979	0.01181	0.00865	0.00888	0.00292	0.01371	0.00709	0.00394	0.01348
9	0.01452	0.01037	0.01448	0.01660	0.01859	0.01033	0.01432	0.01855	0.02087	0.02717	0.04877	0.14680	0.05344	0.02562	0.01261	0.00419	0.00822	0.51772	0.00846	0.00838
10	0.01299	0.00983	0.01228	0.01295	0.01541	0.00912	0.01056	0.01660	0.02232	0.02899	0.21029	0.08937	0.25241	0.02294	0.01158	0.00350	0.00610	0.23557	0.00891	0.00827
11	0.01842	0.04749	0.62974	0.02617	0.03974	0.02132	0.03392	0.02908	0.01939	0.02908	0.01648	0.01939	0.01163	0.00872	0.00872	0.00291	0.01357	0.00678	0.00388	0.01357
12	0.05600	0.08013	0.56674	0.02488	0.03774	0.02209	0.03171	0.02889	0.01915	0.02930	0.01609	0.01891	0.01155	0.00867	0.00841	0.00285	0.01304	0.00659	0.00397	0.01329
13	0.01119	0.00799	0.01065	0.01278	0.01332	0.00746	0.00852	0.01278	0.01758	0.02344	0.05061	0.67132	0.06073	0.02877	0.01172	0.00373	0.00533	0.02610	0.00852	0.00746
14	0.02160	0.02454	0.05292	0.03799	0.04683	0.02346	0.55930	0.02906	0.02130	0.02906	0.01826	0.02454	0.01384	0.00814	0.01177	0.00314	0.04666	0.01070	0.00461	0.01227
15	0.01874	0.08079	0.59926	0.02562	0.03889	0.02211	0.03297	0.02900	0.01935	0.02869	0.01628	0.01914	0.01164	0.00868	0.00858	0.00286	0.01337	0.00669	0.00388	0.01348
16	0.02359	0.02346	0.03643	0.05391	0.57581	0.06806	0.02740	0.02881	0.02129	0.02943	0.01704	0.02226	0.01434	0.00828	0.00903	0.00270	0.01133	0.00801	0.00456	0.01425
17	0.01280	0.00938	0.01201	0.01135	0.01360	0.00858	0.00851	0.01695	0.02554	0.03574	0.56825	0.07036	0.13425	0.01917	0.01083	0.00291	0.00436	0.01685	0.00997	0.00858
18	0.01892	0.01927	0.03582	0.40818	0.05501	0.02196	0.19826	0.02517	0.01900	0.02517	0.01663	0.02417	0.01275	0.00935	0.01157	0.00316	0.07151	0.00897	0.00425	0.01086
19	0.14760	0.02724	0.24045	0.01988	0.02812	0.01801	0.04836	0.03057	0.06711	0.12246	0.09906	0.03287	0.02634	0.01155	0.00892	0.00298	0.00970	0.03959	0.00684	0.01235
20	0.01171	0.00883	0.01282	0.01408	0.01504	0.00824	0.03731	0.01361	0.01778	0.02374	0.04901	0.63913	0.05840	0.02772	0.01168	0.00370	0.00583	0.02534	0.00833	0.00770
21	0.01991	0.03274	0.27447	0.03261	0.04313	0.02173	0.34531	0.02848	0.02059	0.02900	0.01931	0.05378	0.01529	0.00913	0.01006	0.00305	0.01425	0.01000	0.00453	0.01261
22	0.09915	0.01869	0.02708	0.06841	0.26905	0.01894	0.01993	0.06229	0.05101	0.18210	0.04963	0.02981	0.02130	0.01055	0.00902	0.00287	0.00923	0.03005	0.00721	0.01368
23	0.02020	0.03505	0.31458	0.03303	0.04426	0.02236	0.33660	0.02926	0.02064	0.02926	0.01763	0.02233	0.01289	0.00818	0.00988	0.00301	0.01462	0.00900	0.00430	0.01292
24	0.03195	0.03931	0.02830	0.03029	0.14840	0.51496	0.01986	0.03494	0.02498	0.02400	0.01482	0.01781	0.01238	0.00920	0.00844	0.00244	0.01541	0.00637	0.00469	0.01144
25	0.01984	0.04716	0.57547	0.02594	0.03872	0.07697	0.03247	0.02976	0.01998	0.02848	0.01627	0.01913	0.01165	0.00879	0.00868	0.00286	0.01384	0.00671	0.00395	0.01331
26	0.59257	0.01639	0.01403	0.04510	0.01948	0.01875	0.01055	0.02532	0.01736	0.03961	0.10574	0.02367	0.02187	0.01014	0.00665	0.00286	0.00694	0.00693	0.00628	0.00976
27	0.01119	0.00799	0.01065	0.01278	0.01332	0.00746	0.00852	0.01278	0.01758	0.02344	0.05061	0.67132	0.06073	0.02877	0.01172	0.00373	0.00533	0.02610	0.00852	0.00746
28	0.02232	0.02140	0.03653	0.10196	0.57764	0.02171	0.02798	0.02782	0.02071	0.02950	0.01720	0.02286	0.01437	0.00826	0.00910	0.00275	0.01101	0.00818	0.00451	0.01421
29	0.02123	0.02379	0.05025	0.08267	0.04728	0.02339	0.50252	0.02842	0.02085	0.02842	0.01791	0.02439	0.01367	0.00848	0.01218	0.00316	0.06435	0.01043	0.00456	0.01205
30	0.01867	0.01703	0.02754	0.60724	0.06061	0.02101	0.02489	0.06630	0.02024	0.02606	0.01675	0.02430	0.01250	0.00932	0.00918	0.00304	0.01208	0.00817	0.00447	0.01061
31	0.01211	0.00904	0.01197	0.01340	0.01384	0.00924	0.00914	0.01358	0.01687	0.02276	0.04534	0.55745	0.05409	0.09382	0.01675	0.00428	0.05761	0.02337	0.00786	0.00747
32	0.01197	0.00913	0.01203	0.01335	0.01413	0.00919	0.00933	0.01381	0.01803	0.02419	0.08253	0.54143	0.10063	0.02678	0.01306	0.00366	0.05714	0.02362	0.00826	0.00775
33	0.02450	0.01314	0.01665	0.01422	0.01865	0.01244	0.01119	0.03163	0.11027	0.24894	0.30067	0.05094	0.07688	0.01537	0.01004	0.00291	0.00603	0.01315	0.01038	0.01199
34	0.03905	0.01679	0.02175	0.01693	0.02388	0.01552	0.01390	0.08827	0.07950	0.52849	0.03520	0.03079	0.02264	0.01144	0.00924	0.00286	0.00795	0.00926	0.01101	0.01553
35	0.02222	0.02160	0.03778	0.10248	0.53261	0.02181	0.07024	0.02790	0.02076	0.02943	0.01729	0.02302	0.01432	0.00823	0.00923	0.00278	0.01136	0.00838	0.00452	0.01404
36	0.02188	0.02482	0.04729	0.03481	0.04243	0.06891	0.46090	0.02836	0.02109	0.02790	0.01947	0.06010	0.01624	0.00980	0.01242	0.00316	0.07276	0.01108	0.00481	0.01177
37	0.02160	0.02454	0.05293	0.03800	0.04684	0.02345	0.55954	0.02906	0.02131	0.02906	0.01826	0.02454	0.01384	0.00814	0.01176	0.00314	0.04638	0.01070	0.00461	0.01227

[dist]
# distance from previous block
# <min> <max>
2	4

[block]
# block no. 3 follows, 18 sequences, length 25
# corresponding to MSA columns:
# 159-183
name=unknown_D
#
# <colnr> <probs for GDERKNQSTAVLIFYWHMCP>
#	G	D	E	R	K	N	Q	S	T	A	V	L	I	F	Y	W	H	M	C	P
0	0.02913	0.02089	0.02210	0.01812	0.02369	0.06262	0.01448	0.28433	0.08771	0.12711	0.13800	0.06998	0.03344	0.01357	0.00960	0.00286	0.00860	0.01103	0.00934	0.01340
1	0.02198	0.02367	0.04848	0.03521	0.04338	0.02315	0.48047	0.06704	0.02231	0.03048	0.01881	0.02500	0.01449	0.01214	0.05001	0.00383	0.05196	0.01044	0.00494	0.01222
2	0.12252	0.02838	0.02540	0.07663	0.03017	0.17919	0.01729	0.33073	0.03323	0.04391	0.01841	0.01999	0.01366	0.01016	0.00852	0.00270	0.01152	0.00726	0.00718	0.01318
3	0.01890	0.01753	0.03016	0.43245	0.07883	0.02045	0.09770	0.04701	0.01918	0.02525	0.01666	0.02443	0.01303	0.01136	0.01277	0.06755	0.04351	0.00850	0.00438	0.01036
4	0.01734	0.01632	0.02754	0.65524	0.06324	0.02040	0.02550	0.02346	0.01836	0.02346	0.01632	0.02448	0.01224	0.00918	0.00918	0.00306	0.01224	0.00816	0.00408	0.01020
5	0.02005	0.01711	0.02474	0.01907	0.02526	0.01595	0.10003	0.02544	0.05175	0.06245	0.02137	0.06405	0.01856	0.01509	0.06344	0.00336	0.08099	0.00871	0.00587	0.35671
6	0.08540	0.01987	0.02105	0.01783	0.02382	0.02183	0.01415	0.12724	0.37104	0.07639	0.03065	0.02896	0.02275	0.01124	0.00874	0.00283	0.00767	0.00901	0.00872	0.09080
7	0.02021	0.01722	0.02358	0.06019	0.02754	0.01406	0.07518	0.02481	0.01961	0.05632	0.01746	0.02059	0.01396	0.00727	0.00751	0.00173	0.00817	0.00639	0.00553	0.57267
8	0.01312	0.00984	0.01476	0.01476	0.01640	0.01148	0.01148	0.01640	0.01476	0.02131	0.02459	0.03607	0.02295	0.06886	0.64092	0.01476	0.02459	0.00984	0.00492	0.00820
9	0.41853	0.06448	0.08687	0.01610	0.02324	0.02294	0.01481	0.15139	0.02293	0.07931	0.01670	0.01799	0.01229	0.00923	0.00702	0.00277	0.00868	0.00616	0.00650	0.01206
10	0.01967	0.01952	0.02804	0.11958	0.03003	0.02696	0.02091	0.02230	0.01471	0.02230	0.01270	0.02075	0.01208	0.01503	0.02696	0.00387	0.56245	0.00805	0.00403	0.01007
11	0.01424	0.00979	0.01191	0.01113	0.01395	0.00869	0.00844	0.01785	0.02432	0.07369	0.40105	0.07259	0.25871	0.01975	0.01073	0.00296	0.00468	0.01702	0.00967	0.00884
12	0.02274	0.02269	0.04552	0.03507	0.09028	0.02087	0.41888	0.02948	0.02156	0.07092	0.01937	0.02424	0.01455	0.00789	0.01001	0.00280	0.01334	0.00974	0.00521	0.11484
13	0.02801	0.02163	0.02385	0.01785	0.02555	0.02141	0.01459	0.34317	0.03268	0.04571	0.01956	0.02074	0.01474	0.00919	0.00815	0.00215	0.00867	0.00704	0.00756	0.32776
14	0.01734	0.01632	0.02754	0.65524	0.06324	0.02040	0.02550	0.02346	0.01836	0.02346	0.01632	0.02448	0.01224	0.00918	0.00918	0.00306	0.01224	0.00816	0.00408	0.01020
15	0.01242	0.00936	0.01148	0.01095	0.01336	0.00842	0.00821	0.01621	0.02463	0.03359	0.47492	0.07390	0.22892	0.01998	0.01084	0.00295	0.00442	0.01735	0.00968	0.00842
16	0.03344	0.10021	0.02797	0.02295	0.02796	0.58709	0.01756	0.03585	0.02537	0.02240	0.01407	0.01640	0.01182	0.00932	0.00807	0.00233	0.01596	0.00582	0.00466	0.01075
17	0.03017	0.02337	0.02489	0.02017	0.02667	0.02626	0.01631	0.37722	0.26308	0.05023	0.02806	0.02684	0.02049	0.01159	0.00925	0.00290	0.00899	0.00910	0.00925	0.01519
18	0.74217	0.01776	0.01350	0.01207	0.01776	0.02060	0.00994	0.02699	0.01563	0.04120	0.01278	0.01492	0.00994	0.00852	0.00568	0.00284	0.00710	0.00497	0.00568	0.00994
19	0.01119	0.00799	0.01065	0.01278	0.01332	0.00746	0.00852	0.01278	0.01758	0.02344	0.05061	0.67132	0.06073	0.02877	0.01172	0.00373	0.00533	0.02610	0.00852	0.00746
20	0.02133	0.01767	0.02913	0.34363	0.25242	0.01948	0.02408	0.02686	0.02002	0.07976	0.01934	0.02512	0.01475	0.00912	0.00896	0.00286	0.01084	0.00829	0.05423	0.01210
21	0.01996	0.01899	0.03227	0.36405	0.33397	0.02109	0.02680	0.02575	0.01960	0.02664	0.01678	0.02363	0.01336	0.00869	0.00914	0.00290	0.01159	0.00817	0.00431	0.01231
22	0.01333	0.01033	0.01341	0.01368	0.01481	0.01057	0.00964	0.01511	0.01718	0.02382	0.07567	0.40998	0.04859	0.12292	0.01871	0.00429	0.08274	0.01973	0.00739	0.06810
23	0.01832	0.01698	0.02616	0.49622	0.05329	0.02064	0.02285	0.02664	0.09383	0.02572	0.01880	0.02515	0.01436	0.00985	0.01025	0.00301	0.04832	0.00827	0.00484	0.05651
24	0.02313	0.48574	0.10574	0.01928	0.02791	0.03126	0.08370	0.02751	0.01911	0.02397	0.01412	0.01673	0.01217	0.00784	0.00683	0.00214	0.01061	0.00584	0.00413	0.07222

[dist]
# distance from previous block
# <min> <max>
14	24

[block]
# block no. 4 follows, 18 sequences, length 285
# corresponding to MSA columns:
# 209-493
name=unknown_E
#
# <colnr> <probs for GDERKNQSTAVLIFYWHMCP>
#	G	D	E	R	K	N	Q	S	T	A	V	L	I	F	Y	W	H	M	C	P
0	0.44650	0.02145	0.01897	0.01573	0.02197	0.05357	0.01289	0.20571	0.02540	0.07681	0.01703	0.01812	0.01251	0.00951	0.00711	0.00279	0.00856	0.00629	0.00704	0.01207
1	0.30088	0.01683	0.01873	0.09862	0.02588	0.01807	0.01356	0.08767	0.02288	0.19694	0.09134	0.02759	0.02327	0.01083	0.00806	0.00287	0.00795	0.00824	0.00787	0.01193
2	0.01857	0.01757	0.02976	0.51883	0.19007	0.02072	0.02611	0.02453	0.01894	0.02495	0.01654	0.02408	0.01276	0.00895	0.00916	0.00298	0.01194	0.00816	0.00419	0.01119
3	0.02269	0.01621	0.01941	0.01405	0.02204	0.01245	0.01131	0.02668	0.02023	0.12808	0.01960	0.02105	0.01510	0.00755	0.00720	0.00160	0.00697	0.00606	0.00641	0.61531
4	0.02063	0.01745	0.02035	0.04827	0.02470	0.01516	0.01258	0.07058	0.08797	0.03275	0.01919	0.02131	0.01534	0.00791	0.00740	0.00176	0.00740	0.00637	0.00611	0.55678
5	0.02314	0.02108	0.03461	0.02672	0.03339	0.02192	0.25219	0.03744	0.25918	0.07940	0.03043	0.03159	0.04578	0.01107	0.01116	0.00313	0.04663	0.01073	0.00722	0.01319
6	0.58590	0.01790	0.01492	0.01334	0.01879	0.02060	0.01079	0.05802	0.08462	0.04085	0.01800	0.05067	0.01488	0.01013	0.00659	0.00291	0.00719	0.00683	0.00643	0.01064
7	0.01437	0.01280	0.02133	0.01878	0.02179	0.01221	0.13307	0.01750	0.01855	0.02514	0.04189	0.42643	0.07530	0.02192	0.01211	0.00342	0.04099	0.02023	0.00727	0.05490
8	0.01279	0.00849	0.01114	0.01276	0.01381	0.00780	0.00869	0.01454	0.01826	0.05617	0.05253	0.59953	0.09406	0.02747	0.01153	0.00364	0.00542	0.02476	0.00868	0.00792
9	0.01904	0.01632	0.01904	0.01360	0.02176	0.01224	0.01088	0.02312	0.01904	0.02992	0.01632	0.01904	0.01360	0.00680	0.00680	0.00136	0.00680	0.00544	0.00544	0.73344
10	0.01734	0.01632	0.02754	0.65524	0.06324	0.02040	0.02550	0.02346	0.01836	0.02346	0.01632	0.02448	0.01224	0.00918	0.00918	0.00306	0.01224	0.00816	0.00408	0.01020
11	0.01315	0.00972	0.01414	0.01414	0.01556	0.01114	0.01070	0.01600	0.01457	0.02086	0.02516	0.03921	0.02432	0.14843	0.56322	0.01399	0.02254	0.01030	0.00500	0.00785
12	0.74217	0.01776	0.01350	0.01207	0.01776	0.02060	0.00994	0.02699	0.01563	0.04120	0.01278	0.01492	0.00994	0.00852	0.00568	0.00284	0.00710	0.00497	0.00568	0.00994
13	0.02009	0.02009	0.02812	0.02411	0.02411	0.02812	0.02009	0.02210	0.01406	0.02210	0.01205	0.02009	0.01205	0.01607	0.03013	0.00402	0.66051	0.00804	0.00402	0.01004
14	0.03483	0.02783	0.02738	0.02142	0.02846	0.10018	0.01749	0.52466	0.04116	0.05372	0.02112	0.02140	0.01517	0.01084	0.00908	0.00271	0.01086	0.00799	0.00866	0.01503
15	0.01185	0.00906	0.01343	0.01444	0.01553	0.00846	0.04535	0.01384	0.01784	0.02382	0.04857	0.63014	0.05775	0.02743	0.01166	0.00369	0.00597	0.02513	0.00828	0.00777
16	0.01119	0.00799	0.01065	0.01278	0.01332	0.00746	0.00852	0.01278	0.01758	0.02344	0.05061	0.67132	0.06073	0.02877	0.01172	0.00373	0.00533	0.02610	0.00852	0.00746
17	0.06740	0.34464	0.31673	0.02035	0.03073	0.02834	0.02382	0.02820	0.01880	0.02633	0.01450	0.01691	0.01160	0.00830	0.00720	0.00246	0.01139	0.00579	0.00402	0.01250
18	0.01976	0.18708	0.50195	0.02387	0.03619	0.02462	0.02992	0.02873	0.01923	0.02744	0.01566	0.01836	0.01166	0.00853	0.00810	0.00270	0.01275	0.00637	0.00389	0.01318
19	0.04120	0.01563	0.02131	0.01634	0.02344	0.01350	0.01350	0.04475	0.02628	0.62639	0.03622	0.03125	0.02273	0.01136	0.00923	0.00284	0.00781	0.00923	0.01136	0.01563
20	0.01734	0.01632	0.02754	0.65524	0.06324	0.02040	0.02550	0.02346	0.01836	0.02346	0.01632	0.02448	0.01224	0.00918	0.00918	0.00306	0.01224	0.00816	0.00408	0.01020
21	0.04055	0.01666	0.02195	0.01683	0.02395	0.01503	0.01390	0.10045	0.02801	0.56825	0.03477	0.03031	0.02200	0.01133	0.00923	0.00283	0.00805	0.00913	0.01114	0.01562
22	0.01842	0.04749	0.62974	0.02617	0.03974	0.02132	0.03392	0.02908	0.01939	0.02908	0.01648	0.01939	0.01163	0.00872	0.00872	0.00291	0.01357	0.00678	0.00388	0.01357
23	0.01105	0.00937	0.00958	0.00969	0.01274	0.00790	0.00738	0.01348	0.02094	0.02494	0.09074	0.08914	0.58744	0.02336	0.01095	0.00316	0.00485	0.04699	0.00852	0.00779
24	0.01734	0.01632	0.02754	0.65524	0.06324	0.02040	0.02550	0.02346	0.01836	0.02346	0.01632	0.02448	0.01224	0.00918	0.00918	0.00306	0.01224	0.00816	0.00408	0.01020
25	0.03439	0.04113	0.02624	0.02329	0.02840	0.55130	0.01770	0.11719	0.02852	0.02763	0.01534	0.01736	0.01238	0.00969	0.00841	0.00242	0.01562	0.00626	0.00538	0.01137
26	0.01119	0.00799	0.01065	0.01278	0.01332	0.00746	0.00852	0.01278	0.01758	0.02344	0.05061	0.67132	0.06073	0.02877	0.01172	0.00373	0.00533	0.02610	0.00852	0.00746
27	0.01871	0.04575	0.58960	0.02822	0.07905	0.02136	0.03354	0.02902	0.01949	0.02914	0.01653	0.01961	0.01183	0.00869	0.00875	0.00290	0.01339	0.00688	0.00392	0.01364
28	0.03294	0.04092	0.02540	0.02307	0.02785	0.56736	0.01736	0.03810	0.09435	0.02436	0.01694	0.01865	0.01374	0.00982	0.00841	0.00245	0.01546	0.00644	0.00528	0.01110
29	0.01296	0.00934	0.01235	0.01235	0.01429	0.00872	0.00936	0.01691	0.02429	0.03392	0.47268	0.15396	0.07918	0.02089	0.01117	0.00316	0.00495	0.08135	0.00970	0.00848
30	0.01330	0.01209	0.01146	0.01125	0.01426	0.05779	0.00855	0.01610	0.02227	0.02698	0.18089	0.07988	0.44085	0.02146	0.01074	0.00306	0.00573	0.04662	0.00852	0.00818
31	0.01950	0.13161	0.51539	0.02659	0.07274	0.02338	0.03112	0.02881	0.01938	0.02813	0.01603	0.01896	0.01183	0.00857	0.00836	0.00277	0.01290	0.00662	0.00392	0.01339
32	0.02931	0.02286	0.02369	0.01949	0.02523	0.05780	0.01554	0.39902	0.09374	0.04765	0.02838	0.14197	0.02492	0.01433	0.00962	0.00295	0.00930	0.01162	0.00883	0.01374
33	0.02167	0.02477	0.05418	0.03870	0.04799	0.02322	0.58669	0.02941	0.02167	0.02941	0.01858	0.02477	0.01393	0.00774	0.01084	0.00310	0.01548	0.01084	0.00464	0.01238
34	0.01900	0.01953	0.03400	0.36928	0.05177	0.05135	0.19533	0.02512	0.02015	0.02597	0.05151	0.05647	0.01908	0.01019	0.00985	0.00306	0.01270	0.01016	0.00482	0.01068
35	0.12030	0.02464	0.06029	0.01933	0.02633	0.07119	0.01661	0.30292	0.03244	0.16547	0.02423	0.02670	0.01777	0.01127	0.00885	0.00284	0.00990	0.03639	0.00849	0.01404
36	0.02097	0.02207	0.03635	0.17396	0.04157	0.07129	0.23411	0.02627	0.01921	0.02602	0.01687	0.02354	0.01356	0.01046	0.01471	0.00319	0.17302	0.00899	0.05292	0.01091
37	0.01298	0.00988	0.01231	0.01345	0.01587	0.00921	0.01110	0.01634	0.02114	0.02673	0.09654	0.12486	0.27435	0.02436	0.01182	0.00369	0.00659	0.29207	0.00858	0.00814
38	0.01851	0.04298	0.54152	0.02792	0.08393	0.02063	0.03218	0.02833	0.01962	0.02904	0.01872	0.02535	0.01465	0.00981	0.00902	0.00298	0.01301	0.04425	0.00424	0.01330
39	0.01842	0.04749	0.62974	0.02617	0.03974	0.02132	0.03392	0.02908	0.01939	0.02908	0.01648	0.01939	0.01163	0.00872	0.00872	0.00291	0.01357	0.00678	0.00388	0.01357
40	0.01288	0.00928	0.01252	0.01439	0.01584	0.00893	0.01125	0.01583	0.01979	0.02603	0.08205	0.35601	0.08666	0.02643	0.01206	0.00387	0.00664	0.26297	0.00858	0.00798
41	0.01936	0.14564	0.53989	0.02455	0.03724	0.02364	0.03111	0.02883	0.01927	0.02792	0.01590	0.01867	0.01165	0.00859	0.00829	0.00276	0.01299	0.00650	0.00388	0.01329
42	0.29815	0.01739	0.02372	0.36893	0.04471	0.02065	0.05350	0.02519	0.01750	0.03069	0.01509	0.02080	0.01145	0.00884	0.00793	0.00298	0.01045	0.00709	0.00473	0.01023
43	0.03253	0.01732	0.02106	0.01696	0.02302	0.01711	0.01387	0.18150	0.06888	0.31632	0.09824	0.03949	0.05493	0.01342	0.00966	0.00293	0.00790	0.04055	0.01024	0.01407
44	0.03240	0.01883	0.02209	0.01791	0.02394	0.01938	0.01440	0.24949	0.09457	0.25619	0.03300	0.12129	0.02611	0.01389	0.00959	0.00297	0.00827	0.01145	0.00989	0.01431
45	0.06631	0.04310	0.54268	0.02450	0.03706	0.02066	0.03079	0.03018	0.01969	0.07679	0.01779	0.02003	0.01240	0.00892	0.00857	0.00290	0.01271	0.00686	0.00458	0.01350
46	0.01635	0.05684	0.06181	0.01805	0.02191	0.01329	0.08244	0.02021	0.01985	0.05878	0.04328	0.29192	0.07820	0.02137	0.01109	0.00352	0.00829	0.15573	0.00759	0.00947
47	0.01241	0.00928	0.01367	0.01451	0.01580	0.00874	0.04753	0.01470	0.01813	0.02465	0.04722	0.56328	0.05513	0.02618	0.01142	0.00362	0.00611	0.05178	0.04794	0.00790
48	0.01801	0.01732	0.03022	0.57049	0.09580	0.02071	0.06976	0.02421	0.01877	0.02432	0.01655	0.02440	0.01251	0.00901	0.00930	0.00304	0.01241	0.00837	0.00415	0.01063
49	0.02028	0.24106	0.45253	0.02298	0.03481	0.02590	0.02838	0.02860	0.01916	0.02680	0.01535	0.01797	0.01168	0.00846	0.00786	0.00262	0.01243	0.00621	0.00389	0.01303
50	0.01995	0.03680	0.35884	0.03207	0.04362	0.02222	0.29410	0.02924	0.02046	0.02924	0.01747	0.02192	0.01271	0.00826	0.00972	0.00300	0.01447	0.00869	0.00424	0.01301
51	0.01182	0.00901	0.01329	0.01436	0.01542	0.00841	0.04357	0.01379	0.01783	0.02380	0.04867	0.63212	0.05789	0.02749	0.01167	0.00369	0.00594	0.02518	0.00829	0.00776
52	0.01873	0.01738	0.02937	0.46023	0.21128	0.02015	0.02533	0.02415	0.01872	0.02484	0.01656	0.02418	0.01305	0.01007	0.01052	0.04036	0.01166	0.00816	0.00420	0.01106
53	0.01858	0.01654	0.02657	0.40917	0.14842	0.01907	0.02292	0.05170	0.02004	0.02627	0.02287	0.03287	0.04671	0.01215	0.01093	0.04258	0.01103	0.04600	0.00494	0.01064
54	0.02210	0.02118	0.03614	0.12565	0.55561	0.02165	0.02787	0.02763	0.02061	0.02924	0.01716	0.02293	0.01428	0.00830	0.00910	0.00277	0.01106	0.00818	0.00449	0.01404
55	0.01915	0.12317	0.56046	0.02492	0.03781	0.02311	0.03176	0.02889	0.01930	0.02819	0.01604	0.01883	0.01165	0.00862	0.00839	0.00280	0.01312	0.00656	0.00388	0.01336
56	0.02483	0.02384	0.16968	0.28697	0.07620	0.01869	0.02416	0.03125	0.02105	0.20070	0.02220	0.02514	0.01527	0.00965	0.00908	0.00294	0.01120	0.00815	0.00618	0.01282
57	0.01950	0.13661	0.51748	0.02619	0.06634	0.02348	0.03105	0.02881	0.01936	0.02806	0.01599	0.01889	0.01180	0.00857	0.00834	0.00276	0.01290	0.00659	0.00392	0.01336
58	0.01321	0.00949	0.01297	0.01297	0.01399	0.01051	0.00925	0.01525	0.01423	0.01999	0.02623	0.04512	0.02688	0.29808	0.41708	0.01255	0.01868	0.01116	0.00516	0.00721
59	0.01842	0.04749	0.62974	0.02617	0.03974	0.02132	0.03392	0.02908	0.01939	0.02908	0.01648	0.01939	0.01163	0.00872	0.00872	0.00291	0.01357	0.00678	0.00388	0.01357
60	0.01842	0.04749	0.62974	0.02617	0.03974	0.02132	0.03392	0.02908	0.01939	0.02908	0.01648	0.01939	0.01163	0.00872	0.00872	0.00291	0.01357	0.00678	0.00388	0.01357
61	0.02806	0.02185	0.02891	0.17513	0.13940	0.02449	0.02114	0.28782	0.03049	0.07701	0.02006	0.02316	0.01483	0.01046	0.01059	0.00291	0.05467	0.00827	0.00697	0.01379
62	0.01119	0.00799	0.01065	0.01278	0.01332	0.00746	0.00852	0.01278	0.01758	0.02344	0.05061	0.67132	0.06073	0.02877	0.01172	0.00373	0.00533	0.02610	0.00852	0.00746
63	0.01235	0.00974	0.01449	0.01512	0.01622	0.00958	0.04828	0.01439	0.01768	0.02378	0.04647	0.59429	0.05507	0.02669	0.01260	0.00370	0.03945	0.02415	0.00803	0.00792
64	0.01968	0.02116	0.04243	0.07018	0.04037	0.02155	0.38465	0.02558	0.01974	0.02709	0.02201	0.11603	0.02020	0.01208	0.01378	0.00332	0.11147	0.01242	0.00507	0.01120
65	0.01924	0.01068	0.01402	0.01361	0.01663	0.00968	0.01057	0.02237	0.02233	0.17052	0.16348	0.23132	0.12749	0.02138	0.01100	0.00335	0.00615	0.10685	0.00950	0.00984
66	0.01761	0.01660	0.02804	0.62468	0.09165	0.02047	0.02564	0.02370	0.01849	0.02379	0.01637	0.02439	0.01236	0.00913	0.00918	0.00304	0.01217	0.00816	0.00410	0.01042
67	0.06011	0.03363	0.28997	0.03321	0.08128	0.02219	0.28772	0.02906	0.02034	0.02996	0.01730	0.02185	0.01280	0.00822	0.00956	0.00298	0.01392	0.00865	0.00438	0.01289
68	0.02115	0.02686	0.11650	0.03582	0.04466	0.02350	0.46748	0.02864	0.02065	0.02864	0.01768	0.02369	0.01348	0.00869	0.01253	0.00317	0.07997	0.01010	0.00449	0.01228
69	0.02102	0.02319	0.04699	0.08429	0.04452	0.02396	0.43184	0.02751	0.01992	0.02751	0.01712	0.02383	0.01343	0.00948	0.01448	0.00327	0.14131	0.01008	0.00448	0.01175
70	0.02926	0.01943	0.02179	0.01838	0.02436	0.02111	0.01464	0.11844	0.37780	0.19617	0.03506	0.03187	0.02501	0.01198	0.00929	0.00300	0.00778	0.00980	0.00986	0.01496
71	0.03242	0.02449	0.02616	0.02062	0.02753	0.02731	0.01685	0.47821	0.15842	0.05386	0.02520	0.02456	0.01817	0.01132	0.00922	0.00283	0.00952	0.00870	0.00922	0.01539
72	0.31886	0.02171	0.05970	0.05731	0.16001	0.02223	0.01786	0.10561	0.09003	0.03895	0.01834	0.02067	0.01410	0.00929	0.00772	0.00285	0.00904	0.00705	0.00614	0.01252
73	0.01626	0.01600	0.03127	0.02489	0.02967	0.01497	0.28066	0.02097	0.02017	0.02730	0.07989	0.31964	0.04074	0.01808	0.01123	0.00336	0.01003	0.01817	0.00682	0.00987
74	0.01768	0.01667	0.02816	0.61710	0.09871	0.02049	0.02567	0.02376	0.01852	0.02388	0.01638	0.02437	0.01239	0.00912	0.00917	0.00304	0.01216	0.00816	0.00411	0.01048
75	0.02968	0.02213	0.02390	0.01927	0.02520	0.02442	0.01543	0.42931	0.10586	0.04946	0.02715	0.08981	0.02273	0.05765	0.01197	0.00331	0.00921	0.01061	0.00890	0.01401
76	0.02134	0.02299	0.06840	0.02329	0.02772	0.05526	0.09223	0.03331	0.22793	0.02956	0.02731	0.02970	0.05462	0.01328	0.01641	0.00336	0.22517	0.00974	0.00631	0.01209
77	0.01212	0.00935	0.01105	0.01063	0.01318	0.00829	0.00797	0.01563	0.02392	0.03189	0.40107	0.07670	0.30383	0.02061	0.01084	0.00298	0.00446	0.01774	0.00946	0.00829
78	0.02744	0.07817	0.03302	0.03755	0.30620	0.12936	0.02222	0.15073	0.06581	0.03458	0.01878	0.02169	0.01501	0.00927	0.00874	0.00264	0.01136	0.00771	0.00584	0.01389
79	0.02969	0.30349	0.06684	0.01924	0.02699	0.06219	0.01758	0.29721	0.03081	0.03940	0.01747	0.01856	0.01361	0.00950	0.00773	0.00241	0.01049	0.00666	0.00648	0.01365
80	0.03430	0.04376	0.02602	0.02365	0.02839	0.64045	0.01774	0.03666	0.02602	0.02247	0.01419	0.01656	0.01183	0.00946	0.00828	0.00237	0.01656	0.00591	0.00473	0.01064
81	0.01410	0.01057	0.01322	0.01248	0.01493	0.01032	0.00937	0.02090	0.09544	0.03634	0.51675	0.09489	0.07824	0.01851	0.01069	0.00296	0.00474	0.01633	0.00993	0.00931
82	0.02298	0.03337	0.30850	0.02264	0.03201	0.02229	0.02442	0.17294	0.12742	0.03781	0.02482	0.03128	0.01972	0.01166	0.00935	0.00304	0.01107	0.06431	0.00664	0.01373
83	0.01388	0.00991	0.01375	0.01586	0.01758	0.00978	0.01320	0.01744	0.02023	0.02645	0.04912	0.24758	0.05484	0.02623	0.01244	0.00410	0.00766	0.42325	0.00847	0.00820
84	0.01105	0.00937	0.00958	0.00968	0.01274	0.00789	0.00737	0.01347	0.02094	0.02494	0.09078	0.08913	0.58797	0.02336	0.01094	0.00316	0.00484	0.04648	0.00852	0.00779
85	0.02210	0.02117	0.03613	0.12637	0.55494	0.02165	0.02787	0.02763	0.02061	0.02923	0.01716	0.02293	0.01427	0.00830	0.00910	0.00277	0.01106	0.00818	0.00449	0.01404
86	0.01119	0.00799	0.01065	0.01278	0.01332	0.00746	0.00852	0.01278	0.01758	0.02344	0.05061	0.67132	0.06073	0.02877	0.01172	0.00373	0.00533	0.02610	0.00852	0.00746
87	0.02167	0.02477	0.05418	0.03870	0.04799	0.02322	0.58669	0.02941	0.02167	0.02941	0.01858	0.02477	0.01393	0.00774	0.01084	0.00310	0.01548	0.01084	0.00464	0.01238
88	0.02273	0.02182	0.03727	0.05636	0.62003	0.02182	0.02818	0.02818	0.02091	0.03000	0.01727	0.02273	0.01454	0.00818	0.00909	0.00273	0.01091	0.00818	0.00455	0.01454
89	0.02001	0.02210	0.04727	0.03458	0.04248	0.02072	0.49487	0.02677	0.02102	0.02846	0.02366	0.12744	0.02136	0.01108	0.01098	0.00320	0.01387	0.01326	0.00526	0.01160
90	0.01119	0.00799	0.01065	0.01278	0.01332	0.00746	0.00852	0.01278	0.01758	0.02344	0.05061	0.67132	0.06073	0.02877	0.01172	0.00373	0.00533	0.02610	0.00852	0.00746
91	0.03583	0.01642	0.02096	0.01657	0.02300	0.01546	0.01351	0.09589	0.08822	0.44998	0.09304	0.03441	0.02900	0.01219	0.00940	0.00287	0.00763	0.01000	0.01081	0.01481
