[name]
unknown

[dist]
# distance from previous block
# <min> <max>
0	24

[block]
# block no. 0 follows, 24 sequences, length 29
# corresponding to MSA columns:
# 24-52
name=unknown_A
#
# <colnr> <probs for GDERKNQSTAVLIFYWHMCP>
#	G	D	E	R	K	N	Q	S	T	A	V	L	I	F	Y	W	H	M	C	P
0	0.01362	0.01038	0.01314	0.01395	0.01633	0.01070	0.01173	0.02053	0.13393	0.02595	0.09779	0.07496	0.09441	0.01925	0.01017	0.00330	0.00654	0.40753	0.00757	0.00822
1	0.01498	0.01409	0.02378	0.70226	0.05462	0.01762	0.02202	0.02026	0.01586	0.02026	0.01409	0.02114	0.01057	0.00793	0.00793	0.00264	0.01057	0.00705	0.00352	0.00881
2	0.01377	0.00689	0.01033	0.01033	0.01033	0.00689	0.00689	0.01033	0.01033	0.01377	0.01377	0.02410	0.01377	0.02755	0.03099	0.76928	0.00689	0.00689	0.00344	0.00344
3	0.01478	0.00739	0.00739	0.00739	0.00924	0.00739	0.00554	0.01848	0.01663	0.02956	0.02587	0.02956	0.02033	0.00924	0.00554	0.00185	0.00370	0.00739	0.76534	0.00739
4	0.01911	0.01576	0.01682	0.01513	0.01941	0.01780	0.01176	0.03829	0.55247	0.05683	0.06744	0.03456	0.07622	0.01171	0.00823	0.00267	0.00599	0.00979	0.00811	0.01188
5	0.01122	0.00811	0.01060	0.00998	0.01185	0.00748	0.00748	0.01496	0.02245	0.03180	0.66766	0.05923	0.07482	0.01621	0.00935	0.00249	0.00374	0.01434	0.00873	0.00748
6	0.03014	0.02221	0.02380	0.01825	0.02459	0.02459	0.01507	0.64541	0.03728	0.04998	0.01904	0.01904	0.01349	0.00952	0.00793	0.00238	0.00873	0.00714	0.00793	0.01349
7	0.01915	0.28700	0.35320	0.01850	0.02726	0.02310	0.02136	0.02573	0.04145	0.05904	0.01452	0.01637	0.01119	0.00782	0.00759	0.00226	0.04384	0.00556	0.00391	0.01114
8	0.01988	0.01412	0.01773	0.01331	0.01981	0.01149	0.03246	0.02442	0.05088	0.14167	0.01970	0.02323	0.01568	0.00774	0.00676	0.00167	0.00639	0.03979	0.00590	0.52736
9	0.01590	0.04102	0.68023	0.02260	0.03432	0.01842	0.02930	0.02511	0.01674	0.02511	0.01423	0.01674	0.01005	0.00753	0.00753	0.00251	0.01172	0.00586	0.00335	0.01172
10	0.01837	0.02067	0.04411	0.08447	0.04163	0.02004	0.56997	0.02475	0.01823	0.02475	0.01567	0.02121	0.01185	0.00707	0.00992	0.00270	0.04109	0.00908	0.00395	0.01047
11	0.01653	0.01568	0.02659	0.48396	0.26077	0.01803	0.02280	0.02162	0.01659	0.02215	0.01437	0.02064	0.01124	0.00764	0.00790	0.00255	0.01019	0.00705	0.00366	0.01006
12	0.01963	0.01884	0.03219	0.04867	0.67185	0.01884	0.02434	0.02434	0.01806	0.02591	0.01492	0.01963	0.01256	0.00707	0.00785	0.00236	0.00942	0.00707	0.00393	0.01256
13	0.01478	0.00739	0.00739	0.00739	0.00924	0.00739	0.00554	0.01848	0.01663	0.02956	0.02587	0.02956	0.02033	0.00924	0.00554	0.00185	0.00370	0.00739	0.76534	0.00739
14	0.03558	0.01350	0.01840	0.01411	0.02024	0.01166	0.01166	0.03865	0.02270	0.67734	0.03128	0.02699	0.01963	0.00981	0.00797	0.00245	0.00675	0.00797	0.00981	0.01350
15	0.01708	0.19310	0.53844	0.02060	0.03122	0.02129	0.02581	0.02481	0.01660	0.02368	0.01352	0.01585	0.01007	0.00737	0.00699	0.00233	0.01100	0.00550	0.00336	0.01138
16	0.00966	0.00690	0.00920	0.01104	0.01150	0.00644	0.00736	0.01104	0.01518	0.02024	0.04371	0.71614	0.05245	0.02484	0.01012	0.00322	0.00460	0.02254	0.00736	0.00644
17	0.03530	0.01395	0.01868	0.01432	0.02047	0.01232	0.01183	0.07001	0.02345	0.64491	0.03065	0.02658	0.01931	0.00980	0.00797	0.00245	0.00685	0.00793	0.00972	0.01349
18	0.01963	0.01884	0.03219	0.04867	0.67185	0.01884	0.02434	0.02434	0.01806	0.02591	0.01492	0.01963	0.01256	0.00707	0.00785	0.00236	0.00942	0.00707	0.00393	0.01256
19	0.03514	0.01419	0.01884	0.01444	0.02059	0.01269	0.01193	0.08727	0.02387	0.62707	0.03030	0.02635	0.01914	0.00979	0.00797	0.00245	0.00691	0.00791	0.00966	0.01349
20	0.00966	0.00690	0.00920	0.01104	0.01150	0.00644	0.00736	0.01104	0.01518	0.02024	0.04371	0.71614	0.05245	0.02484	0.01012	0.00322	0.00460	0.02254	0.00736	0.00644
21	0.07448	0.00959	0.01203	0.01072	0.01357	0.00900	0.00829	0.01970	0.02180	0.14352	0.50720	0.05010	0.06019	0.01443	0.00877	0.00248	0.00444	0.01247	0.00862	0.00861
22	0.07367	0.01377	0.01759	0.01395	0.01961	0.01279	0.01139	0.03707	0.10076	0.53054	0.06121	0.02809	0.02226	0.01011	0.00788	0.00248	0.00651	0.00820	0.00927	0.01281
23	0.01536	0.00902	0.01193	0.01068	0.01327	0.00819	0.00819	0.01899	0.02249	0.14150	0.55952	0.05376	0.06544	0.01512	0.00912	0.00249	0.00425	0.01326	0.00891	0.00850
24	0.00991	0.00704	0.00925	0.01079	0.01130	0.00660	0.00717	0.01133	0.01537	0.02062	0.08279	0.62227	0.05208	0.07797	0.01240	0.00352	0.00478	0.02116	0.00725	0.00638
25	0.01733	0.01462	0.01692	0.01217	0.01917	0.01148	0.00976	0.06059	0.01780	0.02741	0.01442	0.01661	0.01186	0.00611	0.00601	0.00125	0.00606	0.00486	0.00491	0.72067
26	0.01718	0.01383	0.01631	0.01179	0.01859	0.01050	0.00943	0.02069	0.01699	0.05837	0.04088	0.01866	0.01464	0.00648	0.00611	0.00129	0.00583	0.00524	0.00511	0.70204
27	0.07186	0.01309	0.01721	0.01345	0.01916	0.01155	0.01104	0.03549	0.02200	0.58353	0.06334	0.03000	0.05044	0.01045	0.00794	0.00247	0.00645	0.00848	0.00940	0.01265
28	0.03067	0.03737	0.01800	0.01348	0.01899	0.01222	0.01110	0.06347	0.02286	0.51673	0.09726	0.03257	0.06672	0.01101	0.00810	0.00244	0.00642	0.00902	0.00924	0.01233

[dist]
# distance from previous block
# <min> <max>
0	1

[block]
# block no. 1 follows, 24 sequences, length 56
# corresponding to MSA columns:
# 54-109
name=unknown_B
#
# <colnr> <probs for GDERKNQSTAVLIFYWHMCP>
#	G	D	E	R	K	N	Q	S	T	A	V	L	I	F	Y	W	H	M	C	P
0	0.03085	0.01705	0.01872	0.01532	0.02080	0.08737	0.01228	0.03879	0.18625	0.43988	0.02947	0.02628	0.01979	0.00988	0.00791	0.00247	0.00745	0.00792	0.00874	0.01278
1	0.03223	0.01433	0.01842	0.01453	0.02020	0.01336	0.01184	0.11693	0.05381	0.51642	0.03062	0.07629	0.02142	0.01092	0.00813	0.00251	0.00683	0.00897	0.00931	0.01294
2	0.01152	0.00775	0.00895	0.00895	0.00905	0.00785	0.00518	0.01172	0.01162	0.01560	0.02471	0.05038	0.02817	0.67307	0.08770	0.00806	0.00868	0.01131	0.00476	0.00497
3	0.19229	0.01452	0.01737	0.01363	0.01952	0.01390	0.01125	0.07962	0.02181	0.49569	0.02610	0.02342	0.01684	0.00927	0.00732	0.00245	0.00676	0.00713	0.00864	0.01246
4	0.01525	0.01463	0.02546	0.65350	0.05366	0.01780	0.06729	0.02064	0.01606	0.02064	0.01424	0.02116	0.01068	0.00784	0.00803	0.00264	0.01077	0.00722	0.00356	0.00895
5	0.00987	0.00705	0.00942	0.01117	0.01175	0.00661	0.00762	0.01144	0.01560	0.02085	0.06747	0.66168	0.05298	0.02438	0.01013	0.00321	0.00469	0.05014	0.00741	0.00652
6	0.03014	0.02221	0.02380	0.01825	0.02459	0.02459	0.01507	0.64541	0.03728	0.04998	0.01904	0.01904	0.01349	0.00952	0.00793	0.00238	0.00873	0.00714	0.00793	0.01349
7	0.01478	0.00739	0.00739	0.00739	0.00924	0.00739	0.00554	0.01848	0.01663	0.02956	0.02587	0.02956	0.02033	0.00924	0.00554	0.00185	0.00370	0.00739	0.76534	0.00739
8	0.01045	0.00808	0.00952	0.00916	0.01137	0.00715	0.00687	0.01346	0.02061	0.02744	0.42074	0.06642	0.32447	0.01784	0.00936	0.00257	0.00386	0.01535	0.00816	0.00715
9	0.01546	0.01468	0.02474	0.49910	0.11656	0.01758	0.04855	0.02019	0.01590	0.02102	0.01609	0.07009	0.01382	0.00943	0.00952	0.00272	0.06332	0.00825	0.00386	0.00913
10	0.03406	0.01384	0.01836	0.01430	0.02028	0.01243	0.01174	0.03898	0.08367	0.61547	0.03138	0.02724	0.02007	0.00991	0.00798	0.00248	0.00670	0.00807	0.00965	0.01340
11	0.02156	0.01588	0.01845	0.01543	0.01942	0.01772	0.01234	0.35662	0.02598	0.03532	0.02032	0.02609	0.01704	0.08060	0.27237	0.00675	0.01346	0.00798	0.00629	0.01039
12	0.06032	0.02263	0.02325	0.01803	0.02421	0.05398	0.01482	0.59288	0.03566	0.04803	0.01841	0.01858	0.01314	0.00937	0.00778	0.00237	0.00887	0.00693	0.00764	0.01310
13	0.01907	0.01635	0.01737	0.01567	0.01995	0.01879	0.01216	0.04006	0.60902	0.03307	0.08080	0.03185	0.02807	0.01117	0.00817	0.00267	0.00608	0.00938	0.00812	0.01216
14	0.02806	0.04935	0.01939	0.01503	0.02045	0.01603	0.01228	0.06738	0.25106	0.35908	0.03049	0.02924	0.02152	0.01046	0.00798	0.00254	0.00678	0.03144	0.00869	0.01276
15	0.02093	0.69061	0.07462	0.01404	0.02108	0.03071	0.01438	0.02382	0.01615	0.01899	0.01119	0.01293	0.01017	0.00682	0.00521	0.00174	0.00865	0.00432	0.00339	0.01026
16	0.01478	0.00739	0.00739	0.00739	0.00924	0.00739	0.00554	0.01848	0.01663	0.02956	0.02587	0.02956	0.02033	0.00924	0.00554	0.00185	0.00370	0.00739	0.76534	0.00739
17	0.00948	0.00795	0.00824	0.00835	0.01082	0.00671	0.00619	0.01153	0.01807	0.02183	0.10572	0.12214	0.59535	0.02025	0.00943	0.00271	0.00405	0.01704	0.00743	0.00671
18	0.02678	0.23232	0.05328	0.01818	0.02371	0.36411	0.01531	0.13195	0.02291	0.02453	0.01312	0.01474	0.01075	0.00798	0.00671	0.00202	0.01160	0.00523	0.00450	0.01029
19	0.01804	0.01723	0.02933	0.27103	0.46185	0.01843	0.02355	0.02295	0.01731	0.02399	0.01464	0.02014	0.01188	0.00736	0.00788	0.00245	0.00981	0.00706	0.00379	0.01128
20	0.00960	0.00799	0.00839	0.00840	0.01088	0.00677	0.00626	0.01178	0.01844	0.02257	0.14670	0.10516	0.57006	0.01986	0.00941	0.00268	0.00401	0.01674	0.00752	0.00677
21	0.01678	0.01568	0.02620	0.40010	0.22414	0.01774	0.05116	0.02287	0.06536	0.02279	0.01579	0.02151	0.01240	0.00876	0.00907	0.03848	0.00988	0.00730	0.00400	0.01000
22	0.09038	0.11873	0.02130	0.01375	0.01988	0.01503	0.01170	0.03527	0.02102	0.53095	0.02674	0.02380	0.01739	0.00918	0.00731	0.00234	0.00696	0.00714	0.00849	0.01263
23	0.02962	0.03779	0.02247	0.02043	0.02451	0.68948	0.01532	0.03166	0.02247	0.01941	0.01226	0.01430	0.01021	0.00817	0.00715	0.00204	0.01430	0.00511	0.00409	0.00919
24	0.01670	0.01550	0.02558	0.52956	0.18534	0.01821	0.02219	0.05106	0.01735	0.02289	0.01451	0.02072	0.01114	0.00782	0.00791	0.00257	0.01024	0.00706	0.00382	0.00984
25	0.07399	0.01359	0.01805	0.01392	0.01999	0.01197	0.01150	0.03785	0.02222	0.64411	0.03024	0.02626	0.01906	0.00969	0.00782	0.00245	0.00672	0.00778	0.00956	0.01324
26	0.02120	0.72609	0.04155	0.01357	0.02035	0.03138	0.01357	0.02374	0.01611	0.01866	0.01102	0.01272	0.01018	0.00678	0.00509	0.00170	0.00848	0.00424	0.00339	0.01018
27	0.01238	0.00822	0.01002	0.01041	0.01246	0.00732	0.00771	0.01451	0.01776	0.08424	0.10112	0.31110	0.28315	0.02076	0.00965	0.00293	0.00474	0.06649	0.00769	0.00735
28	0.01122	0.00811	0.01060	0.00998	0.01185	0.00748	0.00748	0.01496	0.02245	0.03180	0.66766	0.05923	0.07482	0.01621	0.00935	0.00249	0.00374	0.01434	0.00873	0.00748
29	0.02225	0.01778	0.01897	0.01641	0.02130	0.02021	0.01295	0.14705	0.52117	0.06484	0.02993	0.02763	0.02214	0.01050	0.00804	0.00263	0.00672	0.00860	0.00812	0.01276
30	0.00966	0.00690	0.00920	0.01104	0.01150	0.00644	0.00736	0.01104	0.01518	0.02024	0.04371	0.71614	0.05245	0.02484	0.01012	0.00322	0.00460	0.02254	0.00736	0.00644
31	0.02120	0.72609	0.04155	0.01357	0.02035	0.03138	0.01357	0.02374	0.01611	0.01866	0.01102	0.01272	0.01018	0.00678	0.00509	0.00170	0.00848	0.00424	0.00339	0.01018
32	0.03558	0.01350	0.01840	0.01411	0.02024	0.01166	0.01166	0.03865	0.02270	0.67734	0.03128	0.02699	0.01963	0.00981	0.00797	0.00245	0.00675	0.00797	0.00981	0.01350
33	0.77733	0.01534	0.01166	0.01043	0.01534	0.01779	0.00859	0.02331	0.01350	0.03558	0.01104	0.01288	0.00859	0.00736	0.00491	0.00245	0.00613	0.00429	0.00491	0.00859
34	0.01631	0.09334	0.63145	0.02191	0.03325	0.01941	0.02810	0.02501	0.01669	0.02462	0.01399	0.01643	0.01006	0.00748	0.00735	0.00245	0.01147	0.00574	0.00335	0.01160
35	0.01109	0.00805	0.01045	0.00996	0.01179	0.00741	0.00743	0.01466	0.02197	0.03092	0.61928	0.08910	0.09464	0.01673	0.00939	0.00253	0.00379	0.01479	0.00862	0.00741
36	0.01133	0.00850	0.01274	0.01274	0.01416	0.00991	0.00991	0.01416	0.01274	0.01841	0.02124	0.03115	0.01982	0.05947	0.68989	0.01274	0.02124	0.00850	0.00425	0.00708
37	0.02798	0.02113	0.02258	0.01781	0.02377	0.02358	0.01455	0.51991	0.16631	0.04648	0.02179	0.02123	0.01572	0.00978	0.00796	0.00244	0.00822	0.00752	0.00796	0.01329
38	0.03558	0.01350	0.01840	0.01411	0.02024	0.01166	0.01166	0.03865	0.02270	0.67734	0.03128	0.02699	0.01963	0.00981	0.00797	0.00245	0.00675	0.00797	0.00981	0.01350
39	0.01110	0.00801	0.01049	0.01006	0.01182	0.00740	0.00747	0.01466	0.02189	0.03092	0.62001	0.10940	0.07311	0.01687	0.00941	0.00255	0.00381	0.01497	0.00862	0.00740
40	0.01963	0.01884	0.03219	0.04867	0.67185	0.01884	0.02434	0.02434	0.01806	0.02591	0.01492	0.01963	0.01256	0.00707	0.00785	0.00236	0.00942	0.00707	0.00393	0.01256
41	0.01850	0.02289	0.09517	0.03260	0.04090	0.01993	0.59618	0.02538	0.01857	0.02538	0.01590	0.02104	0.01188	0.00675	0.00922	0.00266	0.01324	0.00909	0.00396	0.01077
42	0.01153	0.00769	0.00865	0.00865	0.00865	0.00769	0.00480	0.01153	0.01153	0.01538	0.02499	0.05189	0.02883	0.72131	0.04036	0.00769	0.00769	0.01153	0.00480	0.00480
43	0.44110	0.33138	0.02495	0.01182	0.01757	0.02383	0.01080	0.02350	0.01466	0.02805	0.01103	0.01281	0.00929	0.00710	0.00499	0.00212	0.00718	0.00427	0.00423	0.00929
44	0.00966	0.00690	0.00920	0.01104	0.01150	0.00644	0.00736	0.01104	0.01518	0.02024	0.04371	0.71614	0.05245	0.02484	0.01012	0.00322	0.00460	0.02254	0.00736	0.00644
45	0.04098	0.01182	0.01366	0.01247	0.01568	0.01233	0.00968	0.02614	0.23894	0.07866	0.33197	0.04713	0.07871	0.01398	0.00873	0.00261	0.00505	0.03349	0.00834	0.00965
46	0.03002	0.01344	0.01739	0.01396	0.01931	0.01251	0.01131	0.03641	0.12889	0.49261	0.10731	0.03127	0.02697	0.01074	0.00815	0.00250	0.00631	0.00890	0.00939	0.01262
47	0.01046	0.00808	0.00955	0.00918	0.01138	0.00716	0.00688	0.01349	0.02065	0.02754	0.42650	0.06625	0.31865	0.01780	0.00936	0.00257	0.00385	0.01532	0.00817	0.00716
48	0.03558	0.01350	0.01840	0.01411	0.02024	0.01166	0.01166	0.03865	0.02270	0.67734	0.03128	0.02699	0.01963	0.00981	0.00797	0.00245	0.00675	0.00797	0.00981	0.01350
49	0.01958	0.01896	0.03288	0.04794	0.64173	0.01890	0.05389	0.02439	0.01809	0.02588	0.01497	0.01971	0.01254	0.00705	0.00792	0.00237	0.00961	0.00717	0.00393	0.01247
50	0.01590	0.04102	0.68023	0.02260	0.03432	0.01842	0.02930	0.02511	0.01674	0.02511	0.01423	0.01674	0.01005	0.00753	0.00753	0.00251	0.01172	0.00586	0.00335	0.01172
51	0.00966	0.00802	0.00847	0.00857	0.01105	0.00683	0.00645	0.01184	0.01831	0.02232	0.12672	0.10590	0.56731	0.02005	0.00946	0.00272	0.00414	0.03792	0.00748	0.00677
52	0.01133	0.00850	0.01274	0.01274	0.01416	0.00991	0.00991	0.01416	0.01274	0.01841	0.02124	0.03115	0.01982	0.05947	0.68989	0.01274	0.02124	0.00850	0.00425	0.00708
53	0.02579	0.01995	0.02252	0.15366	0.02959	0.04708	0.01581	0.40538	0.07796	0.06547	0.02148	0.02244	0.03732	0.00964	0.00797	0.00246	0.00887	0.00756	0.00697	0.01208
54	0.02057	0.64444	0.11767	0.01465	0.02202	0.02983	0.01544	0.02391	0.01619	0.01943	0.01141	0.01320	0.01016	0.00687	0.00538	0.00179	0.00887	0.00443	0.00339	0.01036
55	0.77733	0.01534	0.01166	0.01043	0.01534	0.01779	0.00859	0.02331	0.01350	0.03558	0.01104	0.01288	0.00859	0.00736	0.00491	0.00245	0.00613	0.00429	0.00491	0.00859

[dist]
# distance from previous block
# <min> <max>
0	26

[block]
# block no. 2 follows, 24 sequences, length 12
# corresponding to MSA columns:
# 136-147
name=unknown_C
#
# <colnr> <probs for GDERKNQSTAVLIFYWHMCP>
#	G	D	E	R	K	N	Q	S	T	A	V	L	I	F	Y	W	H	M	C	P
0	0.58758	0.01628	0.01407	0.01205	0.01720	0.01849	0.00989	0.11035	0.05645	0.07332	0.01456	0.01553	0.01083	0.00800	0.00568	0.00246	0.00653	0.00517	0.00579	0.00977
1	0.01478	0.00739	0.00739	0.00739	0.00924	0.00739	0.00554	0.01848	0.01663	0.02956	0.02587	0.02956	0.02033	0.00924	0.00554	0.00185	0.00370	0.00739	0.76534	0.00739
2	0.01054	0.00858	0.00940	0.00910	0.01164	0.00770	0.00685	0.01427	0.05679	0.02528	0.25696	0.06837	0.44955	0.01836	0.00929	0.00262	0.00406	0.01555	0.00782	0.00728
3	0.01000	0.00711	0.00941	0.01114	0.01166	0.00671	0.00757	0.01145	0.01516	0.02018	0.04239	0.63027	0.05047	0.06899	0.01210	0.00353	0.00499	0.06327	0.00719	0.00640
4	0.03256	0.01833	0.02140	0.01640	0.02266	0.01883	0.01355	0.37533	0.03079	0.32923	0.02449	0.02258	0.01622	0.00965	0.00795	0.00241	0.00785	0.00751	0.00877	0.01349
5	0.01122	0.00811	0.01060	0.00998	0.01185	0.00748	0.00748	0.01496	0.02245	0.03180	0.66766	0.05923	0.07482	0.01621	0.00935	0.00249	0.00374	0.01434	0.00873	0.00748
6	0.03558	0.01350	0.01840	0.01411	0.02024	0.01166	0.01166	0.03865	0.02270	0.67734	0.03128	0.02699	0.01963	0.00981	0.00797	0.00245	0.00675	0.00797	0.00981	0.01350
7	0.01105	0.00810	0.01036	0.00979	0.01174	0.00741	0.00734	0.01463	0.02203	0.03082	0.61219	0.06085	0.13091	0.01658	0.00935	0.00251	0.00377	0.01457	0.00860	0.00741
8	0.01122	0.00811	0.01060	0.00998	0.01185	0.00748	0.00748	0.01496	0.02245	0.03180	0.66766	0.05923	0.07482	0.01621	0.00935	0.00249	0.00374	0.01434	0.00873	0.00748
9	0.01636	0.01510	0.02319	0.50387	0.09600	0.01817	0.02018	0.02526	0.15337	0.02347	0.01805	0.02283	0.01365	0.00847	0.00795	0.00263	0.00956	0.00746	0.00453	0.00991
10	0.02796	0.07693	0.02378	0.02006	0.02392	0.58738	0.01541	0.03000	0.02112	0.01933	0.01201	0.01449	0.01023	0.00863	0.00881	0.00216	0.07937	0.00523	0.00399	0.00920
11	0.12671	0.02109	0.02103	0.07992	0.02529	0.08433	0.01434	0.38386	0.06768	0.04022	0.02028	0.02103	0.04059	0.00948	0.00753	0.00241	0.00873	0.00708	0.00675	0.01166

[dist]
# distance from previous block
# <min> <max>
0	2

[block]
# block no. 3 follows, 24 sequences, length 65
# corresponding to MSA columns:
# 150-214
name=unknown_D
#
# <colnr> <probs for GDERKNQSTAVLIFYWHMCP>
#	G	D	E	R	K	N	Q	S	T	A	V	L	I	F	Y	W	H	M	C	P
0	0.06580	0.08486	0.02306	0.01681	0.02247	0.04557	0.01384	0.39461	0.15471	0.04099	0.02113	0.04467	0.01630	0.00990	0.00759	0.00240	0.00813	0.00756	0.00724	0.01235
1	0.00977	0.00707	0.00927	0.01098	0.01165	0.00657	0.00749	0.01129	0.01551	0.02047	0.04613	0.64667	0.09420	0.02440	0.01010	0.00320	0.00467	0.04670	0.00736	0.00649
2	0.02228	0.62312	0.03836	0.01409	0.02059	0.06610	0.01353	0.02570	0.04525	0.05044	0.01299	0.01423	0.01125	0.00718	0.00547	0.00180	0.00862	0.00467	0.00394	0.01038
3	0.01044	0.00825	0.00951	0.00970	0.01203	0.00733	0.00761	0.01316	0.01915	0.02432	0.21318	0.07466	0.41295	0.01950	0.00966	0.00281	0.00455	0.12653	0.00768	0.00699
4	0.01574	0.01450	0.02379	0.66780	0.05310	0.01797	0.02167	0.05175	0.01694	0.02176	0.01434	0.02104	0.01072	0.00801	0.00793	0.00263	0.01048	0.00705	0.00375	0.00904
5	0.02937	0.02161	0.02317	0.01785	0.02393	0.02389	0.01465	0.61908	0.03621	0.04854	0.01929	0.02040	0.01412	0.03908	0.00928	0.00260	0.00868	0.00732	0.00780	0.01313
6	0.00966	0.00690	0.00920	0.01104	0.01150	0.00644	0.00736	0.01104	0.01518	0.02024	0.04371	0.71614	0.05245	0.02484	0.01012	0.00322	0.00460	0.02254	0.00736	0.00644
7	0.01836	0.01975	0.05921	0.20774	0.16288	0.01935	0.31481	0.05314	0.01866	0.02532	0.01541	0.02072	0.01175	0.00724	0.00857	0.00259	0.01162	0.00810	0.00403	0.01073
8	0.77733	0.01534	0.01166	0.01043	0.01534	0.01779	0.00859	0.02331	0.01350	0.03558	0.01104	0.01288	0.00859	0.00736	0.00491	0.00245	0.00613	0.00429	0.00491	0.00859
9	0.01608	0.01319	0.01850	0.12624	0.05368	0.01484	0.03713	0.07206	0.08276	0.04935	0.02962	0.27377	0.05099	0.01568	0.01133	0.00293	0.10338	0.01328	0.00614	0.00906
10	0.01546	0.01445	0.02367	0.63351	0.07302	0.01780	0.02145	0.02189	0.05971	0.02133	0.01536	0.02167	0.01157	0.00809	0.00794	0.00264	0.01024	0.00718	0.00385	0.00919
11	0.03014	0.02221	0.02380	0.01825	0.02459	0.02459	0.01507	0.64541	0.03728	0.04998	0.01904	0.01904	0.01349	0.00952	0.00793	0.00238	0.00873	0.00714	0.00793	0.01349
12	0.01478	0.00739	0.00739	0.00739	0.00924	0.00739	0.00554	0.01848	0.01663	0.02956	0.02587	0.02956	0.02033	0.00924	0.00554	0.00185	0.00370	0.00739	0.76534	0.00739
13	0.01735	0.01735	0.02429	0.02082	0.02082	0.02429	0.01735	0.01908	0.01214	0.01908	0.01041	0.01735	0.01041	0.01388	0.02602	0.00347	0.70680	0.00694	0.00347	0.00867
14	0.03000	0.02161	0.02333	0.01797	0.02424	0.02381	0.01482	0.59456	0.06001	0.07838	0.02010	0.01980	0.01417	0.00958	0.00794	0.00239	0.00854	0.00725	0.00802	0.01345
15	0.77733	0.01534	0.01166	0.01043	0.01534	0.01779	0.00859	0.02331	0.01350	0.03558	0.01104	0.01288	0.00859	0.00736	0.00491	0.00245	0.00613	0.00429	0.00491	0.00859
16	0.02163	0.01031	0.01358	0.01166	0.01514	0.00919	0.00899	0.02446	0.02077	0.31000	0.25160	0.10290	0.07482	0.07444	0.01146	0.00299	0.00548	0.01217	0.00868	0.00974
17	0.01498	0.01409	0.02378	0.70226	0.05462	0.01762	0.02202	0.02026	0.01586	0.02026	0.01409	0.02114	0.01057	0.00793	0.00793	0.00264	0.01057	0.00705	0.00352	0.00881
18	0.01377	0.00689	0.01033	0.01033	0.01033	0.00689	0.00689	0.01033	0.01033	0.01377	0.01377	0.02410	0.01377	0.02755	0.03099	0.76928	0.00689	0.00689	0.00344	0.00344
19	0.01972	0.01703	0.01793	0.01614	0.02062	0.01972	0.01255	0.04214	0.65752	0.03317	0.03228	0.02959	0.02421	0.01076	0.00807	0.00269	0.00628	0.00897	0.00807	0.01255
20	0.03494	0.01452	0.01904	0.01460	0.02076	0.01318	0.01206	0.11022	0.02442	0.60333	0.02984	0.02605	0.01890	0.00978	0.00797	0.00244	0.00698	0.00788	0.00959	0.01349
21	0.77733	0.01534	0.01166	0.01043	0.01534	0.01779	0.00859	0.02331	0.01350	0.03558	0.01104	0.01288	0.00859	0.00736	0.00491	0.00245	0.00613	0.00429	0.00491	0.00859
22	0.01377	0.00689	0.01033	0.01033	0.01033	0.00689	0.00689	0.01033	0.01033	0.01377	0.01377	0.02410	0.01377	0.02755	0.03099	0.76928	0.00689	0.00689	0.00344	0.00344
23	0.03006	0.02468	0.02359	0.01859	0.02458	0.12989	0.01511	0.54821	0.03494	0.04513	0.01796	0.01829	0.01297	0.00931	0.00781	0.00233	0.00961	0.00682	0.00732	0.01281
24	0.00966	0.00690	0.00920	0.01104	0.01150	0.00644	0.00736	0.01104	0.01518	0.02024	0.04371	0.71614	0.05245	0.02484	0.01012	0.00322	0.00460	0.02254	0.00736	0.00644
25	0.01644	0.01409	0.01644	0.01175	0.01879	0.01057	0.00940	0.01997	0.01644	0.02584	0.01409	0.01644	0.01175	0.00587	0.00587	0.00117	0.00587	0.00470	0.00470	0.76979
26	0.00966	0.00690	0.00920	0.01104	0.01150	0.00644	0.00736	0.01104	0.01518	0.02024	0.04371	0.71614	0.05245	0.02484	0.01012	0.00322	0.00460	0.02254	0.00736	0.00644
27	0.77733	0.01534	0.01166	0.01043	0.01534	0.01779	0.00859	0.02331	0.01350	0.03558	0.01104	0.01288	0.00859	0.00736	0.00491	0.00245	0.00613	0.00429	0.00491	0.00859
28	0.01324	0.01065	0.01453	0.01289	0.01344	0.01201	0.05098	0.01406	0.01215	0.01684	0.02132	0.04258	0.02382	0.52436	0.03524	0.00646	0.15453	0.01042	0.00447	0.00602
29	0.00966	0.00690	0.00920	0.01104	0.01150	0.00644	0.00736	0.01104	0.01518	0.02024	0.04371	0.71614	0.05245	0.02484	0.01012	0.00322	0.00460	0.02254	0.00736	0.00644
30	0.00966	0.00690	0.00920	0.01104	0.01150	0.00644	0.00736	0.01104	0.01518	0.02024	0.04371	0.71614	0.05245	0.02484	0.01012	0.00322	0.00460	0.02254	0.00736	0.00644
31	0.03014	0.02221	0.02380	0.01825	0.02459	0.02459	0.01507	0.64541	0.03728	0.04998	0.01904	0.01904	0.01349	0.00952	0.00793	0.00238	0.00873	0.00714	0.00793	0.01349
32	0.01537	0.01455	0.02424	0.62325	0.08302	0.01813	0.02182	0.02038	0.01571	0.02046	0.01388	0.02081	0.01066	0.00829	0.00916	0.00268	0.05801	0.00704	0.00354	0.00899
33	0.02962	0.03779	0.02247	0.02043	0.02451	0.68948	0.01532	0.03166	0.02247	0.01941	0.01226	0.01430	0.01021	0.00817	0.00715	0.00204	0.01430	0.00511	0.00409	0.00919
34	0.01099	0.00817	0.01202	0.01240	0.01362	0.00920	0.00939	0.01352	0.01324	0.01878	0.02583	0.17117	0.02649	0.05239	0.55094	0.01080	0.01784	0.01137	0.00488	0.00695
35	0.00966	0.00690	0.00920	0.01104	0.01150	0.00644	0.00736	0.01104	0.01518	0.02024	0.04371	0.71614	0.05245	0.02484	0.01012	0.00322	0.00460	0.02254	0.00736	0.00644
36	0.02391	0.01879	0.02082	0.01610	0.02209	0.01960	0.01312	0.34339	0.10275	0.03872	0.01858	0.01938	0.01404	0.00876	0.00830	0.00210	0.04591	0.00658	0.00669	0.25038
37	0.01377	0.00689	0.01033	0.01033	0.01033	0.00689	0.00689	0.01033	0.01033	0.01377	0.01377	0.02410	0.01377	0.02755	0.03099	0.76928	0.00689	0.00689	0.00344	0.00344
38	0.03178	0.01801	0.02108	0.01611	0.02240	0.01825	0.01329	0.34984	0.02987	0.32033	0.02408	0.02235	0.01605	0.00946	0.00784	0.00235	0.00772	0.00737	0.00858	0.05323
39	0.01811	0.02785	0.29557	0.03808	0.41274	0.01867	0.02635	0.02465	0.01752	0.02558	0.01464	0.01845	0.01154	0.00726	0.00772	0.00242	0.01035	0.00658	0.00369	0.01222
40	0.06829	0.09657	0.58119	0.02102	0.03186	0.01946	0.02657	0.02488	0.01647	0.02529	0.01374	0.01614	0.00996	0.00746	0.00715	0.00244	0.01107	0.00562	0.00346	0.01138
41	0.01884	0.02310	0.09197	0.08848	0.03718	0.07666	0.38047	0.02440	0.01753	0.02337	0.01447	0.01971	0.01132	0.00818	0.01165	0.00274	0.12785	0.00810	0.00383	0.01015
42	0.01644	0.01409	0.01644	0.01175	0.01879	0.01057	0.00940	0.01997	0.01644	0.02584	0.01409	0.01644	0.01175	0.00587	0.00587	0.00117	0.00587	0.00470	0.00470	0.76979
43	0.00975	0.00699	0.00912	0.01078	0.01132	0.00652	0.00717	0.01108	0.01512	0.02004	0.04434	0.65296	0.07844	0.06123	0.01168	0.00343	0.00474	0.02171	0.00723	0.00637
44	0.06636	0.02140	0.02266	0.01766	0.02377	0.02381	0.01452	0.55919	0.09293	0.04772	0.01985	0.01970	0.01422	0.00953	0.00779	0.00241	0.00837	0.00717	0.00779	0.01316
45	0.01865	0.02119	0.04566	0.03279	0.04040	0.02027	0.61153	0.02508	0.01839	0.02508	0.01576	0.02119	0.01195	0.00705	0.01020	0.00271	0.04830	0.00924	0.00398	0.01059
46	0.02612	0.37084	0.06080	0.01401	0.02050	0.02161	0.01322	0.02925	0.01911	0.28167	0.05533	0.02114	0.01748	0.00854	0.00659	0.00208	0.00768	0.00636	0.00624	0.01142
47	0.01106	0.00810	0.01038	0.00981	0.01175	0.00741	0.00735	0.01465	0.02206	0.03089	0.61628	0.06073	0.12678	0.01655	0.00935	0.00251	0.00377	0.01455	0.00861	0.00741
48	0.12131	0.02137	0.02232	0.01729	0.02346	0.02376	0.01428	0.56950	0.03438	0.04822	0.01806	0.01829	0.01289	0.00926	0.00756	0.00239	0.00841	0.00679	0.00756	0.01289
49	0.09819	0.01770	0.07836	0.01552	0.02120	0.01625	0.01359	0.09339	0.15356	0.29851	0.05519	0.02547	0.02013	0.01005	0.00867	0.00256	0.04388	0.00780	0.00783	0.01214
50	0.01153	0.00769	0.00865	0.00865	0.00865	0.00769	0.00480	0.01153	0.01153	0.01538	0.02499	0.05189	0.02883	0.72131	0.04036	0.00769	0.00769	0.01153	0.00480	0.00480
51	0.01153	0.00769	0.00865	0.00865	0.00865	0.00769	0.00480	0.01153	0.01153	0.01538	0.02499	0.05189	0.02883	0.72131	0.04036	0.00769	0.00769	0.01153	0.00480	0.00480
52	0.06591	0.03048	0.02217	0.07696	0.02646	0.43393	0.01536	0.15933	0.02458	0.05168	0.01450	0.01629	0.01121	0.00846	0.00730	0.00220	0.01212	0.00577	0.00510	0.01019
53	0.06527	0.01367	0.01802	0.01394	0.01987	0.01220	0.01149	0.05837	0.02282	0.60418	0.05419	0.02735	0.02105	0.00995	0.00790	0.00245	0.00668	0.00803	0.00950	0.01306
54	0.03014	0.02221	0.02380	0.01825	0.02459	0.02459	0.01507	0.64541	0.03728	0.04998	0.01904	0.01904	0.01349	0.00952	0.00793	0.00238	0.00873	0.00714	0.00793	0.01349
55	0.01478	0.00739	0.00739	0.00739	0.00924	0.00739	0.00554	0.01848	0.01663	0.02956	0.02587	0.02956	0.02033	0.00924	0.00554	0.00185	0.00370	0.00739	0.76534	0.00739
56	0.01331	0.00855	0.01079	0.00995	0.01232	0.00774	0.00756	0.01674	0.02158	0.08840	0.49728	0.05747	0.15288	0.01588	0.00906	0.00249	0.00405	0.01380	0.04223	0.00791
57	0.01644	0.01409	0.01644	0.01175	0.01879	0.01057	0.00940	0.01997	0.01644	0.02584	0.01409	0.01644	0.01175	0.00587	0.00587	0.00117	0.00587	0.00470	0.00470	0.76979
58	0.77733	0.01534	0.01166	0.01043	0.01534	0.01779	0.00859	0.02331	0.01350	0.03558	0.01104	0.01288	0.00859	0.00736	0.00491	0.00245	0.00613	0.00429	0.00491	0.00859
59	0.03425	0.01442	0.01883	0.01456	0.02063	0.01318	0.01199	0.08934	0.05881	0.58971	0.03032	0.02647	0.01937	0.00984	0.00798	0.00246	0.00689	0.00796	0.00956	0.01344
60	0.10786	0.01432	0.01817	0.05188	0.02182	0.01373	0.01211	0.05772	0.07500	0.50044	0.02795	0.02518	0.01818	0.00953	0.00767	0.00248	0.00693	0.00761	0.00876	0.01266
61	0.02926	0.01565	0.01876	0.01526	0.02081	0.01588	0.01232	0.09989	0.25577	0.38029	0.03044	0.02715	0.02069	0.01013	0.00800	0.00253	0.00677	0.00825	0.00899	0.01315
62	0.01180	0.00865	0.01150	0.01285	0.01467	0.00834	0.01075	0.01497	0.01824	0.02365	0.09768	0.14951	0.14580	0.02147	0.01049	0.00336	0.00623	0.41547	0.00743	0.00713
63	0.03342	0.01431	0.01859	0.01454	0.02048	0.01320	0.01192	0.06601	0.10001	0.57169	0.03086	0.02695	0.01991	0.00992	0.00798	0.00248	0.00678	0.00806	0.00952	0.01338
64	0.01729	0.01327	0.01545	0.01210	0.01765	0.01122	0.00940	0.02280	0.10019	0.07619	0.02308	0.07132	0.04287	0.05746	0.00910	0.00211	0.00596	0.00765	0.00583	0.47905

[dist]
# distance from previous block
# <min> <max>
0	1

[block]
# block no. 4 follows, 24 sequences, length 57
# corresponding to MSA columns:
# 216-272
name=unknown_E
#
# <colnr> <probs for GDERKNQSTAVLIFYWHMCP>
#	G	D	E	R	K	N	Q	S	T	A	V	L	I	F	Y	W	H	M	C	P
0	0.02621	0.05692	0.02382	0.01840	0.05418	0.04890	0.04617	0.25167	0.02542	0.15725	0.01886	0.01955	0.01371	0.00860	0.00834	0.00217	0.04391	0.00667	0.00661	0.16263
1	0.00966	0.00690	0.00920	0.01104	0.01150	0.00644	0.00736	0.01104	0.01518	0.02024	0.04371	0.71614	0.05245	0.02484	0.01012	0.00322	0.00460	0.02254	0.00736	0.00644
2	0.01478	0.00739	0.00739	0.00739	0.00924	0.00739	0.00554	0.01848	0.01663	0.02956	0.02587	0.02956	0.02033	0.00924	0.00554	0.00185	0.00370	0.00739	0.76534	0.00739
3	0.06673	0.01714	0.01983	0.01568	0.02155	0.01770	0.01282	0.24445	0.13403	0.32514	0.02632	0.02405	0.01778	0.00976	0.00783	0.00247	0.00731	0.00768	0.00865	0.01310
4	0.01075	0.00859	0.01340	0.04387	0.01625	0.00822	0.06809	0.01281	0.01555	0.02073	0.03978	0.61960	0.04677	0.02238	0.00995	0.00314	0.00569	0.02061	0.00687	0.00695
5	0.01478	0.00739	0.00739	0.00739	0.00924	0.00739	0.00554	0.01848	0.01663	0.02956	0.02587	0.02956	0.02033	0.00924	0.00554	0.00185	0.00370	0.00739	0.76534	0.00739
6	0.01833	0.02045	0.04354	0.10977	0.07110	0.01972	0.54515	0.02477	0.01836	0.02484	0.01577	0.02128	0.01189	0.00684	0.00913	0.00266	0.01288	0.00899	0.00395	0.01057
7	0.77733	0.01534	0.01166	0.01043	0.01534	0.01779	0.00859	0.02331	0.01350	0.03558	0.01104	0.01288	0.00859	0.00736	0.00491	0.00245	0.00613	0.00429	0.00491	0.00859
8	0.01761	0.02307	0.13625	0.02962	0.03724	0.01911	0.47571	0.02404	0.01783	0.02467	0.01737	0.06799	0.01442	0.00844	0.01004	0.00273	0.04970	0.00962	0.00411	0.01045
9	0.01882	0.01801	0.03072	0.16266	0.56420	0.01863	0.02393	0.02363	0.01767	0.02492	0.01477	0.01989	0.01221	0.00722	0.00786	0.00241	0.00962	0.00706	0.00386	0.01191
10	0.03014	0.02221	0.02380	0.01825	0.02459	0.02459	0.01507	0.64541	0.03728	0.04998	0.01904	0.01904	0.01349	0.00952	0.00793	0.00238	0.00873	0.00714	0.00793	0.01349
11	0.01135	0.00840	0.01228	0.01228	0.01354	0.00966	0.00933	0.01386	0.01261	0.01807	0.02166	0.03350	0.02084	0.13435	0.61641	0.01217	0.01971	0.00884	0.00431	0.00682
12	0.01343	0.01242	0.01136	0.01078	0.01347	0.09366	0.00810	0.04558	0.02054	0.02522	0.22180	0.09931	0.36047	0.01733	0.00906	0.00257	0.00550	0.01452	0.00734	0.00753
13	0.01699	0.01369	0.02097	0.45320	0.04147	0.01498	0.01758	0.02150	0.01660	0.08388	0.01716	0.05435	0.01372	0.00848	0.00759	0.00233	0.00890	0.00738	0.00456	0.17467
14	0.01832	0.02012	0.04063	0.06638	0.07207	0.02065	0.46123	0.02390	0.01731	0.02399	0.01483	0.02053	0.01168	0.00811	0.01231	0.00280	0.14226	0.00867	0.00388	0.01032
15	0.01822	0.01745	0.02945	0.22837	0.46730	0.01878	0.02334	0.02294	0.01714	0.02399	0.01446	0.01993	0.01190	0.00766	0.00881	0.00249	0.04562	0.00705	0.00379	0.01132
16	0.02962	0.03779	0.02247	0.02043	0.02451	0.68948	0.01532	0.03166	0.02247	0.01941	0.01226	0.01430	0.01021	0.00817	0.00715	0.00204	0.01430	0.00511	0.00409	0.00919
17	0.01510	0.04686	0.01467	0.01232	0.01407	0.01251	0.00920	0.07543	0.01520	0.04828	0.02169	0.03579	0.02152	0.29403	0.27899	0.00831	0.05453	0.00917	0.00495	0.00737
18	0.01638	0.01578	0.02188	0.01898	0.01905	0.02164	0.01550	0.01795	0.01210	0.01860	0.01266	0.02215	0.01306	0.10167	0.05726	0.00439	0.59159	0.00757	0.00367	0.00813
19	0.01478	0.00739	0.00739	0.00739	0.00924	0.00739	0.00554	0.01848	0.01663	0.02956	0.02587	0.02956	0.02033	0.00924	0.00554	0.00185	0.00370	0.00739	0.76534	0.00739
20	0.01590	0.04102	0.68023	0.02260	0.03432	0.01842	0.02930	0.02511	0.01674	0.02511	0.01423	0.01674	0.01005	0.00753	0.00753	0.00251	0.01172	0.00586	0.00335	0.01172
21	0.01978	0.01683	0.01790	0.01614	0.02056	0.01937	0.01266	0.06436	0.60071	0.03335	0.03225	0.03223	0.02488	0.01128	0.00821	0.00273	0.00642	0.04000	0.00802	0.01232
22	0.02984	0.02157	0.02326	0.01796	0.02420	0.02378	0.01479	0.58796	0.06863	0.07634	0.02025	0.01993	0.01431	0.00960	0.00794	0.00240	0.00851	0.00727	0.00802	0.01344
23	0.01735	0.01735	0.02429	0.02082	0.02082	0.02429	0.01735	0.01908	0.01214	0.01908	0.01041	0.01735	0.01041	0.01388	0.02602	0.00347	0.70680	0.00694	0.00347	0.00867
24	0.06247	0.02519	0.02299	0.01837	0.02417	0.16421	0.01484	0.48926	0.03313	0.04292	0.01726	0.01777	0.01258	0.00914	0.00764	0.00231	0.00979	0.00659	0.00699	0.01237
25	0.01590	0.04102	0.68023	0.02260	0.03432	0.01842	0.02930	0.02511	0.01674	0.02511	0.01423	0.01674	0.01005	0.00753	0.00753	0.00251	0.01172	0.00586	0.00335	0.01172
26	0.01644	0.01409	0.01644	0.01175	0.01879	0.01057	0.00940	0.01997	0.01644	0.02584	0.01409	0.01644	0.01175	0.00587	0.00587	0.00117	0.00587	0.00470	0.00470	0.76979
27	0.01153	0.00769	0.00865	0.00865	0.00865	0.00769	0.00480	0.01153	0.01153	0.01538	0.02499	0.05189	0.02883	0.72131	0.04036	0.00769	0.00769	0.01153	0.00480	0.00480
28	0.01170	0.00898	0.01324	0.01303	0.01430	0.01066	0.01011	0.01433	0.01265	0.01831	0.02077	0.03131	0.01969	0.08805	0.61967	0.01195	0.06141	0.00855	0.00423	0.00707
29	0.02761	0.03262	0.02293	0.02025	0.02390	0.50348	0.01564	0.09765	0.02237	0.02275	0.01270	0.01534	0.01061	0.00928	0.01042	0.00232	0.13051	0.00564	0.00441	0.00958
30	0.02986	0.03068	0.02308	0.01943	0.02455	0.38605	0.01521	0.31176	0.02923	0.03336	0.01535	0.01646	0.01171	0.00879	0.00751	0.00220	0.01176	0.00603	0.00584	0.01115
31	0.01865	0.02118	0.04564	0.03278	0.04039	0.02027	0.61112	0.02508	0.01838	0.02508	0.01576	0.02118	0.01195	0.00705	0.01021	0.00271	0.04875	0.00923	0.00398	0.01059
32	0.77733	0.01534	0.01166	0.01043	0.01534	0.01779	0.00859	0.02331	0.01350	0.03558	0.01104	0.01288	0.00859	0.00736	0.00491	0.00245	0.00613	0.00429	0.00491	0.00859
33	0.03558	0.01350	0.01840	0.01411	0.02024	0.01166	0.01166	0.03865	0.02270	0.67734	0.03128	0.02699	0.01963	0.00981	0.00797	0.00245	0.00675	0.00797	0.00981	0.01350
34	0.00974	0.00700	0.00911	0.01076	0.01131	0.00652	0.00716	0.01108	0.01514	0.02005	0.04462	0.64851	0.08299	0.06091	0.01166	0.00343	0.00473	0.02167	0.00723	0.00637
35	0.01498	0.01409	0.02378	0.70226	0.05462	0.01762	0.02202	0.02026	0.01586	0.02026	0.01409	0.02114	0.01057	0.00793	0.00793	0.00264	0.01057	0.00705	0.00352	0.00881
36	0.01478	0.00739	0.00739	0.00739	0.00924	0.00739	0.00554	0.01848	0.01663	0.02956	0.02587	0.02956	0.02033	0.00924	0.00554	0.00185	0.00370	0.00739	0.76534	0.00739
37	0.00966	0.00690	0.00920	0.01104	0.01150	0.00644	0.00736	0.01104	0.01518	0.02024	0.04371	0.71614	0.05245	0.02484	0.01012	0.00322	0.00460	0.02254	0.00736	0.00644
38	0.01756	0.01682	0.02922	0.39386	0.22539	0.01864	0.10513	0.05399	0.01795	0.02405	0.01484	0.02064	0.01148	0.00760	0.00810	0.00255	0.01053	0.00737	0.00393	0.01036
39	0.02515	0.01887	0.02163	0.10582	0.02685	0.02122	0.01497	0.36025	0.18267	0.07344	0.02233	0.02279	0.01629	0.01175	0.03687	0.00293	0.00880	0.00767	0.00734	0.01238
40	0.72253	0.01552	0.01339	0.03539	0.01768	0.01787	0.03267	0.02328	0.01377	0.03467	0.01133	0.01349	0.00879	0.00736	0.00518	0.00247	0.00656	0.00458	0.00483	0.00867
41	0.03033	0.01460	0.04000	0.01769	0.08427	0.01280	0.01332	0.03369	0.02137	0.50450	0.06299	0.02885	0.04338	0.01036	0.00894	0.00250	0.04084	0.00840	0.00858	0.01257
42	0.74138	0.01525	0.01198	0.01061	0.01557	0.01749	0.00874	0.02405	0.01394	0.06668	0.01202	0.01357	0.00912	0.00748	0.00506	0.00245	0.00616	0.00447	0.00515	0.00883
43	0.02095	0.69315	0.07226	0.01400	0.02102	0.03075	0.01432	0.02381	0.01614	0.01897	0.01118	0.01291	0.01017	0.00682	0.00521	0.00174	0.00864	0.00432	0.00339	0.01025
44	0.01107	0.00810	0.01038	0.00981	0.01175	0.00742	0.00736	0.01466	0.02208	0.03093	0.61818	0.06067	0.12485	0.01654	0.00935	0.00251	0.00376	0.01454	0.00861	0.00742
45	0.03558	0.01350	0.01840	0.01411	0.02024	0.01166	0.01166	0.03865	0.02270	0.67734	0.03128	0.02699	0.01963	0.00981	0.00797	0.00245	0.00675	0.00797	0.00981	0.01350
46	0.01153	0.00769	0.00865	0.00865	0.00865	0.00769	0.00480	0.01153	0.01153	0.01538	0.02499	0.05189	0.02883	0.72131	0.04036	0.00769	0.00769	0.01153	0.00480	0.00480
47	0.01103	0.00801	0.01039	0.00998	0.01178	0.00737	0.00742	0.01452	0.02172	0.03051	0.59677	0.11007	0.09662	0.01702	0.00941	0.00256	0.00382	0.01506	0.00857	0.00737
48	0.02120	0.72609	0.04155	0.01357	0.02035	0.03138	0.01357	0.02374	0.01611	0.01866	0.01102	0.01272	0.01018	0.00678	0.00509	0.00170	0.00848	0.00424	0.00339	0.01018
49	0.01735	0.01735	0.02429	0.02082	0.02082	0.02429	0.01735	0.01908	0.01214	0.01908	0.01041	0.01735	0.01041	0.01388	0.02602	0.00347	0.70680	0.00694	0.00347	0.00867
50	0.01339	0.01070	0.01239	0.01270	0.01480	0.01134	0.00919	0.02258	0.24944	0.02560	0.07338	0.40226	0.07245	0.01905	0.00930	0.00296	0.00514	0.01691	0.00769	0.00873
51	0.03431	0.01321	0.01800	0.01389	0.01981	0.01144	0.01144	0.03741	0.02268	0.64368	0.06446	0.02867	0.02251	0.01015	0.00805	0.00246	0.00659	0.00831	0.00976	0.01318
52	0.00964	0.00697	0.00913	0.01086	0.01145	0.00646	0.00728	0.01106	0.01535	0.02031	0.04589	0.67806	0.08912	0.02456	0.01008	0.00319	0.00457	0.02220	0.00736	0.00646
53	0.01809	0.18686	0.39135	0.02077	0.05132	0.02113	0.04724	0.05473	0.05035	0.02475	0.01475	0.01729	0.01133	0.00861	0.00833	0.04188	0.01032	0.00596	0.00387	0.01107
54	0.09537	0.02138	0.02184	0.01723	0.02317	0.05424	0.01409	0.47395	0.08660	0.08317	0.01987	0.01965	0.01418	0.00939	0.00764	0.00240	0.00843	0.00700	0.00761	0.01277
55	0.00947	0.00804	0.00817	0.00814	0.01077	0.00674	0.00610	0.01157	0.01831	0.02198	0.11182	0.07540	0.63680	0.01988	0.00937	0.00267	0.00400	0.01661	0.00744	0.00674
56	0.01887	0.30086	0.32012	0.02119	0.08242	0.04991	0.02167	0.02447	0.01660	0.02217	0.01278	0.01538	0.01034	0.00756	0.00756	0.00222	0.04614	0.00537	0.00345	0.01094

[dist]
# distance from previous block
# <min> <max>
0	2

[block]
# block no. 5 follows, 24 sequences, length 57
# corresponding to MSA columns:
# 275-331
name=unknown_F
#
# <colnr> <probs for GDERKNQSTAVLIFYWHMCP>
#	G	D	E	R	K	N	Q	S	T	A	V	L	I	F	Y	W	H	M	C	P
0	0.01610	0.12038	0.51681	0.01991	0.02966	0.01857	0.02456	0.02338	0.01668	0.02411	0.05854	0.01960	0.01472	0.00922	0.00875	0.04776	0.01049	0.00630	0.00373	0.01075
1	0.01860	0.01729	0.02743	0.34187	0.20553	0.03909	0.07934	0.09106	0.01901	0.02516	0.01497	0.02047	0.01168	0.00870	0.00911	0.03879	0.01027	0.00721	0.00418	0.01023
2	0.09730	0.59031	0.09798	0.01409	0.02114	0.02879	0.01453	0.02383	0.01591	0.02097	0.01132	0.01311	0.01000	0.00691	0.00530	0.00185	0.00854	0.00440	0.00354	0.01016
3	0.01920	0.09619	0.35303	0.02181	0.03037	0.05269	0.10743	0.04869	0.03866	0.06363	0.01690	0.02130	0.01311	0.00867	0.00872	0.00253	0.04735	0.03419	0.00437	0.01115
4	0.01120	0.00788	0.01022	0.01047	0.01105	0.00833	0.00702	0.01242	0.01247	0.01715	0.02618	0.13502	0.02877	0.38475	0.27321	0.00892	0.01221	0.01193	0.00495	0.00586
5	0.01615	0.01512	0.02550	0.61199	0.05186	0.01821	0.06786	0.05762	0.01734	0.02240	0.01453	0.02104	0.01085	0.00793	0.00803	0.00263	0.01067	0.00722	0.00382	0.00923
6	0.00966	0.00690	0.00920	0.01104	0.01150	0.00644	0.00736	0.01104	0.01518	0.02024	0.04371	0.71614	0.05245	0.02484	0.01012	0.00322	0.00460	0.02254	0.00736	0.00644
7	0.00966	0.00690	0.00920	0.01104	0.01150	0.00644	0.00736	0.01104	0.01518	0.02024	0.04371	0.71614	0.05245	0.02484	0.01012	0.00322	0.00460	0.02254	0.00736	0.00644
8	0.01478	0.00739	0.00739	0.00739	0.00924	0.00739	0.00554	0.01848	0.01663	0.02956	0.02587	0.02956	0.02033	0.00924	0.00554	0.00185	0.00370	0.00739	0.76534	0.00739
9	0.02091	0.01612	0.01772	0.01487	0.02011	0.01691	0.01174	0.08068	0.39341	0.09341	0.02929	0.02764	0.04540	0.00992	0.00764	0.00233	0.00633	0.00815	0.00750	0.16991
10	0.02226	0.63972	0.03916	0.01443	0.02088	0.11395	0.01379	0.02474	0.01691	0.01875	0.01118	0.01292	0.01018	0.00696	0.00535	0.00174	0.00921	0.00435	0.00348	0.01005
11	0.77733	0.01534	0.01166	0.01043	0.01534	0.01779	0.00859	0.02331	0.01350	0.03558	0.01104	0.01288	0.00859	0.00736	0.00491	0.00245	0.00613	0.00429	0.00491	0.00859
12	0.02158	0.01756	0.01867	0.01613	0.02084	0.01985	0.01271	0.19874	0.43744	0.03652	0.03120	0.06225	0.04777	0.01148	0.00818	0.00263	0.00675	0.00945	0.00797	0.01227
13	0.01803	0.01896	0.03418	0.20583	0.03980	0.05393	0.33605	0.05326	0.01851	0.02424	0.01766	0.08097	0.01507	0.00908	0.00951	0.00270	0.03860	0.00947	0.00435	0.00981
14	0.03391	0.01313	0.01787	0.01383	0.01967	0.01137	0.01137	0.03702	0.02268	0.63315	0.07485	0.02920	0.02341	0.01025	0.00807	0.00246	0.00654	0.00841	0.00974	0.01308
15	0.01636	0.01409	0.01687	0.05170	0.02087	0.01098	0.01013	0.01998	0.01641	0.02552	0.01409	0.01672	0.01168	0.00599	0.00599	0.00126	0.00614	0.00483	0.00463	0.72575
16	0.00965	0.00695	0.00915	0.01091	0.01147	0.00645	0.00730	0.01106	0.01531	0.02030	0.04536	0.68720	0.08032	0.02463	0.01009	0.00320	0.00457	0.02228	0.00736	0.00645
