[name]
unknown

[dist]
# distance from previous block
# <min> <max>
0	97

[block]
# block no. 0 follows, 26 sequences, length 139
# corresponding to MSA columns:
# 107-245
name=unknown_A
#
# <colnr> <probs for GDERKNQSTAVLIFYWHMCP>
#	G	D	E	R	K	N	Q	S	T	A	V	L	I	F	Y	W	H	M	C	P
0	0.01157	0.00852	0.01132	0.01271	0.01462	0.00827	0.01093	0.01475	0.01743	0.02226	0.04748	0.08305	0.17133	0.02061	0.01017	0.00331	0.00636	0.51145	0.00700	0.00687
1	0.01102	0.00738	0.00840	0.00840	0.00845	0.00742	0.00476	0.01111	0.01107	0.01480	0.02378	0.04898	0.02729	0.71116	0.06049	0.00751	0.00778	0.01093	0.00458	0.00467
2	0.03403	0.01291	0.01760	0.01350	0.01936	0.01115	0.01115	0.03697	0.02171	0.69137	0.02992	0.02582	0.01878	0.00939	0.00763	0.00235	0.00645	0.00763	0.00939	0.01291
3	0.02028	0.73799	0.03975	0.01298	0.01947	0.03001	0.01298	0.02271	0.01541	0.01785	0.01055	0.01217	0.00973	0.00649	0.00487	0.00162	0.00811	0.00406	0.00324	0.00973
4	0.00924	0.00660	0.00880	0.01056	0.01100	0.00616	0.00704	0.01056	0.01452	0.01936	0.04181	0.72848	0.05017	0.02376	0.00968	0.00308	0.00440	0.02156	0.00704	0.00616
5	0.01990	0.01681	0.01774	0.01565	0.02012	0.01935	0.01226	0.10494	0.60609	0.03340	0.02955	0.02725	0.02209	0.01017	0.00770	0.00254	0.00625	0.00839	0.00770	0.01210
6	0.01675	0.01150	0.01427	0.01152	0.01583	0.01016	0.00909	0.02105	0.05431	0.12603	0.27106	0.03352	0.03590	0.01051	0.00810	0.00196	0.03467	0.00878	0.00681	0.29818
7	0.01602	0.01557	0.02696	0.37657	0.08826	0.01797	0.14264	0.04553	0.01653	0.02229	0.04995	0.02158	0.01395	0.00854	0.01021	0.00260	0.10424	0.00754	0.00392	0.00913
8	0.01521	0.03923	0.69413	0.02162	0.03283	0.01762	0.02802	0.02402	0.01601	0.02402	0.01361	0.01601	0.00961	0.00721	0.00721	0.00240	0.01121	0.00560	0.00320	0.01121
9	0.01154	0.00835	0.01135	0.01279	0.01447	0.00816	0.01080	0.01468	0.01741	0.02270	0.08794	0.15069	0.09832	0.02073	0.01016	0.00330	0.00622	0.47645	0.00709	0.00686
10	0.01729	0.01665	0.02590	0.17024	0.38611	0.04001	0.02017	0.02201	0.04331	0.02260	0.01562	0.04899	0.01365	0.01038	0.03530	0.00283	0.08721	0.00742	0.00395	0.01036
11	0.03310	0.06201	0.01910	0.01346	0.01937	0.01243	0.01127	0.03600	0.02128	0.64576	0.02861	0.02489	0.01816	0.00919	0.00744	0.00230	0.00657	0.00739	0.00897	0.01269
12	0.01074	0.00775	0.01014	0.00954	0.01133	0.00716	0.00716	0.01431	0.02147	0.03042	0.68211	0.05666	0.07157	0.01551	0.00895	0.00239	0.00358	0.01372	0.00835	0.00716
13	0.01447	0.01377	0.02367	0.68677	0.05172	0.01695	0.04759	0.01958	0.01528	0.01958	0.01356	0.02023	0.01017	0.00753	0.00764	0.00253	0.01022	0.00683	0.00339	0.00850
14	0.02746	0.30912	0.04959	0.01383	0.02014	0.01988	0.01268	0.07319	0.01991	0.35146	0.02070	0.01942	0.01439	0.00812	0.00649	0.00205	0.00742	0.00605	0.00656	0.01156
15	0.01085	0.00806	0.01186	0.01186	0.01310	0.00930	0.00907	0.01333	0.01209	0.01736	0.02062	0.03146	0.01968	0.11360	0.64765	0.01178	0.01923	0.00837	0.00411	0.00659
16	0.00936	0.00669	0.00894	0.01070	0.01119	0.00627	0.00725	0.01077	0.01464	0.01950	0.04174	0.70243	0.04990	0.02365	0.00971	0.00310	0.00451	0.04642	0.00704	0.00619
17	0.01634	0.01511	0.02136	0.01838	0.01919	0.02000	0.03753	0.04728	0.01340	0.02026	0.01351	0.02180	0.01295	0.01658	0.06948	0.03609	0.51557	0.03646	0.04058	0.00814
18	0.41956	0.04080	0.04356	0.01361	0.01905	0.04209	0.01162	0.24274	0.04542	0.03729	0.01409	0.01512	0.01053	0.00788	0.00597	0.00230	0.00726	0.00529	0.00567	0.01015
19	0.01155	0.00915	0.01188	0.05623	0.03853	0.00853	0.05235	0.01447	0.01685	0.02275	0.05346	0.05304	0.40612	0.01458	0.00792	0.00235	0.00497	0.01239	0.19570	0.00716
20	0.01926	0.01600	0.01888	0.01692	0.10216	0.04175	0.01183	0.10714	0.01912	0.05936	0.01493	0.01684	0.01185	0.00650	0.00626	0.00151	0.00678	0.00526	0.00503	0.51262
21	0.01607	0.15707	0.58378	0.02016	0.03058	0.01971	0.02549	0.02380	0.01591	0.02298	0.01309	0.01537	0.00963	0.00709	0.00681	0.00227	0.01069	0.00534	0.00321	0.01096
22	0.01059	0.00751	0.01011	0.01171	0.01263	0.00729	0.00888	0.01265	0.01538	0.02027	0.03955	0.41257	0.04556	0.08599	0.01258	0.00363	0.00569	0.26426	0.00680	0.00635
23	0.38579	0.04623	0.14083	0.04024	0.12800	0.06571	0.01551	0.05333	0.01599	0.02931	0.01224	0.01463	0.00951	0.00717	0.00598	0.00229	0.00821	0.00506	0.00427	0.00969
24	0.00924	0.00660	0.00880	0.01056	0.01100	0.00616	0.00704	0.01056	0.01452	0.01936	0.04181	0.72848	0.05017	0.02376	0.00968	0.00308	0.00440	0.02156	0.00704	0.00616
25	0.02069	0.01617	0.01741	0.01514	0.01964	0.01818	0.01192	0.12196	0.49920	0.07935	0.05241	0.02910	0.04349	0.01052	0.00777	0.00251	0.00620	0.00868	0.00782	0.01185
26	0.02408	0.26131	0.06927	0.01575	0.02175	0.13002	0.01409	0.21398	0.02283	0.07323	0.01580	0.04183	0.01284	0.00831	0.00653	0.00200	0.00889	0.00601	0.00525	0.04623
27	0.03095	0.01296	0.01716	0.01332	0.01889	0.01150	0.01092	0.05496	0.04490	0.57355	0.07422	0.02738	0.02210	0.00968	0.00764	0.00230	0.00626	0.00793	0.00899	0.04439
28	0.01586	0.04972	0.02723	0.45304	0.14905	0.01836	0.08865	0.02061	0.01556	0.02062	0.01342	0.01938	0.01054	0.00767	0.00879	0.00250	0.05943	0.00684	0.00347	0.00925
29	0.16664	0.18252	0.02395	0.01509	0.02070	0.07799	0.01279	0.30488	0.07000	0.03503	0.01542	0.01609	0.01178	0.00811	0.00639	0.00214	0.00810	0.00566	0.00579	0.01093
30	0.05928	0.01626	0.02597	0.05732	0.50376	0.01641	0.01976	0.02233	0.04111	0.02492	0.01896	0.05312	0.03612	0.00866	0.00758	0.00234	0.00820	0.03747	0.00436	0.03606
31	0.02312	0.10067	0.05273	0.01592	0.02145	0.02093	0.01354	0.23055	0.31932	0.08531	0.02375	0.02257	0.01747	0.00928	0.00732	0.00235	0.00725	0.00731	0.00709	0.01206
32	0.00963	0.00688	0.00922	0.01087	0.01151	0.00648	0.00759	0.01128	0.01516	0.02024	0.07216	0.62896	0.05050	0.02307	0.00973	0.00309	0.00463	0.08559	0.00710	0.00629
33	0.01838	0.01877	0.05337	0.08834	0.55689	0.03745	0.04446	0.02303	0.01723	0.02413	0.01501	0.02088	0.01276	0.00732	0.00763	0.00232	0.00936	0.02742	0.00382	0.01142
34	0.01862	0.01786	0.03050	0.07027	0.66364	0.01798	0.02320	0.02314	0.01720	0.02459	0.01424	0.01882	0.01195	0.00679	0.00751	0.00226	0.00905	0.00676	0.00374	0.01189
35	0.02833	0.03615	0.02149	0.01954	0.02345	0.70298	0.01466	0.03029	0.02149	0.01856	0.01172	0.01368	0.00977	0.00782	0.00684	0.00195	0.01368	0.00489	0.00391	0.00879
36	0.02719	0.02026	0.02165	0.01685	0.02263	0.02238	0.01384	0.58671	0.07904	0.04538	0.02189	0.02152	0.04557	0.00967	0.00766	0.00231	0.00797	0.00739	0.00757	0.01253
37	0.00896	0.00768	0.00768	0.00768	0.01025	0.00640	0.00576	0.01089	0.01729	0.02049	0.07684	0.07300	0.68304	0.01921	0.00896	0.00256	0.00384	0.01601	0.00704	0.00640
38	0.00924	0.00660	0.00880	0.01056	0.01100	0.00616	0.00704	0.01056	0.01452	0.01936	0.04181	0.72848	0.05017	0.02376	0.00968	0.00308	0.00440	0.02156	0.00704	0.00616
39	0.00950	0.00679	0.00910	0.01086	0.01142	0.00639	0.00750	0.01102	0.01478	0.01966	0.04166	0.67177	0.04959	0.02352	0.00975	0.00312	0.00463	0.07568	0.00704	0.00623
40	0.01077	0.00824	0.01020	0.01109	0.01319	0.00767	0.00924	0.01360	0.01758	0.02212	0.08598	0.07886	0.31654	0.01996	0.00976	0.00304	0.00549	0.34285	0.00707	0.00675
41	0.01521	0.03923	0.69413	0.02162	0.03283	0.01762	0.02802	0.02402	0.01601	0.02402	0.01361	0.01601	0.00961	0.00721	0.00721	0.00240	0.01121	0.00560	0.00320	0.01121
42	0.00924	0.00660	0.00880	0.01056	0.01100	0.00616	0.00704	0.01056	0.01452	0.01936	0.04181	0.72848	0.05017	0.02376	0.00968	0.00308	0.00440	0.02156	0.00704	0.00616
43	0.01667	0.01867	0.07267	0.02161	0.02339	0.02231	0.10118	0.01944	0.01274	0.01944	0.01091	0.01706	0.01014	0.01196	0.02158	0.00316	0.57807	0.00687	0.00338	0.00875
44	0.00970	0.00701	0.00917	0.01011	0.01107	0.00649	0.00702	0.01176	0.01684	0.02289	0.24492	0.48623	0.08671	0.02095	0.00942	0.00284	0.00412	0.01883	0.00745	0.00649
45	0.01573	0.01348	0.01573	0.01123	0.01798	0.01011	0.00899	0.01910	0.01573	0.02472	0.01348	0.01573	0.01123	0.00562	0.00562	0.00112	0.00562	0.00449	0.00449	0.77980
46	0.01614	0.01534	0.02604	0.44194	0.31129	0.01733	0.02197	0.02097	0.01603	0.02159	0.01380	0.01963	0.01089	0.00725	0.00755	0.00242	0.00966	0.00675	0.00353	0.00989
47	0.01877	0.01802	0.03079	0.04656	0.68612	0.01802	0.02328	0.02328	0.01727	0.02478	0.01427	0.01877	0.01201	0.00676	0.00751	0.00225	0.00901	0.00676	0.00375	0.01201
48	0.01675	0.01796	0.05421	0.02124	0.06706	0.05273	0.04320	0.01934	0.01362	0.02008	0.04771	0.01933	0.01383	0.01335	0.04259	0.00329	0.49071	0.00698	0.00373	0.03230
49	0.01534	0.03837	0.66418	0.02210	0.03314	0.01769	0.05711	0.02403	0.01610	0.02403	0.01369	0.01622	0.00970	0.00717	0.00729	0.00241	0.01128	0.00576	0.00323	0.01116
50	0.03403	0.01291	0.01760	0.01350	0.01936	0.01115	0.01115	0.03697	0.02171	0.69137	0.02992	0.02582	0.01878	0.00939	0.00763	0.00235	0.00645	0.00763	0.00939	0.01291
51	0.00924	0.00660	0.00880	0.01056	0.01100	0.00616	0.00704	0.01056	0.01452	0.01936	0.04181	0.72848	0.05017	0.02376	0.00968	0.00308	0.00440	0.02156	0.00704	0.00616
52	0.01496	0.01406	0.02370	0.55848	0.17133	0.01663	0.02090	0.01976	0.01554	0.02041	0.01481	0.04939	0.01214	0.00810	0.00766	0.00250	0.00966	0.00736	0.00360	0.00902
53	0.03244	0.01326	0.01756	0.01370	0.01940	0.01196	0.01124	0.03732	0.08994	0.62221	0.03002	0.02608	0.01924	0.00948	0.00764	0.00237	0.00641	0.00773	0.00921	0.01281
54	0.00924	0.00660	0.00880	0.01056	0.01100	0.00616	0.00704	0.01056	0.01452	0.01936	0.04181	0.72848	0.05017	0.02376	0.00968	0.00308	0.00440	0.02156	0.00704	0.00616
55	0.02028	0.73799	0.03975	0.01298	0.01947	0.03001	0.01298	0.02271	0.01541	0.01785	0.01055	0.01217	0.00973	0.00649	0.00487	0.00162	0.00811	0.00406	0.00324	0.00973
56	0.01612	0.01564	0.02401	0.56956	0.07137	0.05477	0.04978	0.04851	0.01651	0.02098	0.01360	0.01963	0.01035	0.00775	0.00812	0.00250	0.03160	0.00674	0.00362	0.00886
57	0.78701	0.01467	0.01115	0.00997	0.01467	0.01702	0.00821	0.02230	0.01291	0.03403	0.01056	0.01232	0.00821	0.00704	0.00469	0.00235	0.00587	0.00411	0.00469	0.00821
58	0.01745	0.01895	0.03710	0.06132	0.07995	0.02006	0.41577	0.02241	0.01608	0.02251	0.01376	0.01931	0.01107	0.00829	0.01299	0.00274	0.19872	0.00809	0.00367	0.00976
59	0.03403	0.01291	0.01760	0.01350	0.01936	0.01115	0.01115	0.03697	0.02171	0.69137	0.02992	0.02582	0.01878	0.00939	0.00763	0.00235	0.00645	0.00763	0.00939	0.01291
60	0.01768	0.01691	0.02882	0.21047	0.53073	0.01774	0.02274	0.02232	0.01676	0.02346	0.01407	0.01913	0.01155	0.00696	0.00753	0.00232	0.00928	0.00675	0.00366	0.01113
61	0.01573	0.01348	0.01573	0.01123	0.01798	0.01011	0.00899	0.01910	0.01573	0.02472	0.01348	0.01573	0.01123	0.00562	0.00562	0.00112	0.00562	0.00449	0.00449	0.77980
62	0.01772	0.01448	0.01813	0.01358	0.01978	0.01246	0.05336	0.06696	0.08607	0.05822	0.01768	0.04689	0.01455	0.00731	0.00646	0.00159	0.00632	0.00622	0.00534	0.52689
63	0.01432	0.01348	0.02275	0.71520	0.05224	0.01685	0.02107	0.01938	0.01517	0.01938	0.01348	0.02022	0.01011	0.00758	0.00758	0.00253	0.01011	0.00674	0.00337	0.00843
64	0.01776	0.02148	0.08004	0.03141	0.03927	0.01910	0.62431	0.02428	0.01780	0.02428	0.01525	0.02022	0.01141	0.00644	0.00886	0.00255	0.01270	0.00877	0.00380	0.01028
65	0.03403	0.01291	0.01760	0.01350	0.01936	0.01115	0.01115	0.03697	0.02171	0.69137	0.02992	0.02582	0.01878	0.00939	0.00763	0.00235	0.00645	0.00763	0.00939	0.01291
66	0.01432	0.01327	0.02222	0.69140	0.05078	0.01652	0.02054	0.01932	0.01519	0.01968	0.01386	0.02049	0.01042	0.00763	0.00751	0.00250	0.00989	0.00675	0.02932	0.00838
67	0.01176	0.00798	0.01047	0.00972	0.01168	0.00733	0.00733	0.01531	0.02148	0.05947	0.65345	0.05530	0.06925	0.01524	0.00889	0.00238	0.00370	0.01345	0.00840	0.00741
68	0.01021	0.00773	0.00941	0.00899	0.01101	0.00693	0.00675	0.01330	0.02024	0.02749	0.50335	0.06148	0.25217	0.01660	0.00895	0.00244	0.00366	0.01439	0.00796	0.00693
69	0.00992	0.00772	0.00901	0.00869	0.01083	0.00681	0.00651	0.01273	0.01954	0.02584	0.40308	0.06419	0.35345	0.01721	0.00895	0.00247	0.00370	0.01477	0.00775	0.00681
70	0.01730	0.01939	0.04189	0.03032	0.03744	0.01820	0.60439	0.02335	0.01774	0.02402	0.01749	0.05415	0.01448	0.00773	0.00904	0.00262	0.01219	0.03424	0.00410	0.00992
71	0.01102	0.00739	0.00845	0.00845	0.00850	0.00745	0.00481	0.01114	0.01108	0.01483	0.02374	0.04876	0.02720	0.70369	0.06783	0.00757	0.00792	0.01090	0.00457	0.00469
72	0.61779	0.01427	0.01260	0.01077	0.01572	0.01570	0.00887	0.02559	0.01489	0.18176	0.01491	0.01535	0.01059	0.00757	0.00535	0.00235	0.00600	0.00490	0.00575	0.00927
73	0.02659	0.06681	0.02311	0.05334	0.07416	0.58839	0.01552	0.02890	0.02060	0.01903	0.01194	0.01429	0.00995	0.00766	0.00683	0.00199	0.01290	0.00507	0.00384	0.00906
74	0.01791	0.02014	0.04295	0.03246	0.08229	0.01927	0.58986	0.02398	0.01761	0.02408	0.01505	0.02019	0.01148	0.00670	0.00950	0.00257	0.04117	0.00871	0.00381	0.01027
75	0.02565	0.01436	0.01703	0.01418	0.01908	0.01466	0.01133	0.08411	0.27333	0.32974	0.03179	0.06046	0.04770	0.01077	0.00781	0.00247	0.00623	0.00891	0.00840	0.01199
76	0.01781	0.02186	0.16528	0.03210	0.31422	0.01792	0.09236	0.06727	0.04127	0.02598	0.04074	0.04946	0.01558	0.00855	0.00889	0.00244	0.05518	0.00770	0.00434	0.01105
77	0.01573	0.01348	0.01573	0.01123	0.01798	0.01011	0.00899	0.01910	0.01573	0.02472	0.01348	0.01573	0.01123	0.00562	0.00562	0.00112	0.00562	0.00449	0.00449	0.77980
78	0.02835	0.03564	0.02154	0.01947	0.02345	0.67969	0.01465	0.05190	0.02198	0.01957	0.01195	0.01383	0.00988	0.00786	0.00686	0.00197	0.01350	0.00495	0.00403	0.00893
79	0.00917	0.00762	0.00802	0.00808	0.01041	0.00646	0.00600	0.01122	0.01753	0.02144	0.13700	0.11686	0.57581	0.01914	0.00901	0.00258	0.00385	0.01616	0.00718	0.00646
80	0.01887	0.01629	0.01715	0.01544	0.01972	0.01887	0.01201	0.04031	0.67241	0.03173	0.03087	0.02830	0.02315	0.01029	0.00772	0.00257	0.00600	0.00858	0.00772	0.01201
81	0.01521	0.03923	0.69413	0.02162	0.03283	0.01762	0.02802	0.02402	0.01601	0.02402	0.01361	0.01601	0.00961	0.00721	0.00721	0.00240	0.01121	0.00560	0.00320	0.01121
82	0.01085	0.00806	0.01186	0.01186	0.01311	0.00930	0.00908	0.01334	0.01209	0.01737	0.02061	0.03145	0.01968	0.11306	0.64818	0.01179	0.01924	0.00837	0.00411	0.00659
83	0.01036	0.00858	0.00878	0.00850	0.01120	0.00758	0.00642	0.05604	0.01844	0.02234	0.07111	0.10007	0.60665	0.01872	0.00890	0.00257	0.00418	0.01563	0.00708	0.00684
84	0.01074	0.00775	0.01014	0.00954	0.01133	0.00716	0.00716	0.01431	0.02147	0.03042	0.68211	0.05666	0.07157	0.01551	0.00895	0.00239	0.00358	0.01372	0.00835	0.00716
85	0.48501	0.01803	0.04368	0.01312	0.01858	0.01936	0.01125	0.24968	0.02114	0.03852	0.01341	0.01457	0.00994	0.00778	0.00583	0.00232	0.00697	0.00514	0.00566	0.01001
86	0.01630	0.01382	0.01604	0.01151	0.01822	0.01070	0.00923	0.04731	0.01660	0.02573	0.01369	0.01584	0.01131	0.00577	0.00570	0.00117	0.00574	0.00460	0.00463	0.74609
87	0.00939	0.00676	0.00894	0.01063	0.01123	0.00631	0.00727	0.01085	0.01479	0.01959	0.04310	0.66765	0.07482	0.02343	0.00970	0.00308	0.00452	0.05468	0.00704	0.00622
88	0.01573	0.01348	0.01573	0.01123	0.01798	0.01011	0.00899	0.01910	0.01573	0.02472	0.01348	0.01573	0.01123	0.00562	0.00562	0.00112	0.00562	0.00449	0.00449	0.77980
89	0.01935	0.01516	0.01575	0.01352	0.01655	0.06263	0.01020	0.26807	0.04185	0.02950	0.04240	0.05266	0.02139	0.23911	0.11332	0.00522	0.00972	0.00890	0.00594	0.00879
90	0.01573	0.01348	0.01573	0.01123	0.01798	0.01011	0.00899	0.01910	0.01573	0.02472	0.01348	0.01573	0.01123	0.00562	0.00562	0.00112	0.00562	0.00449	0.00449	0.77980
91	0.02142	0.06931	0.02377	0.09390	0.16893	0.23831	0.01646	0.02927	0.18654	0.02332	0.01723	0.01922	0.01374	0.00834	0.00789	0.00227	0.03858	0.00645	0.00473	0.01032
92	0.02688	0.01941	0.02125	0.01669	0.02223	0.02144	0.01368	0.53397	0.07762	0.07448	0.01982	0.02024	0.01440	0.01319	0.06567	0.00313	0.00909	0.00710	0.00739	0.01233
93	0.01505	0.01433	0.02028	0.01785	0.01821	0.01955	0.01469	0.01699	0.01177	0.01808	0.01273	0.02013	0.01237	0.02494	0.20637	0.00569	0.53252	0.00704	0.00352	0.00789
94	0.01639	0.02259	0.20282	0.06250	0.10477	0.01755	0.18293	0.02470	0.11366	0.02496	0.06151	0.02407	0.03893	0.00878	0.00919	0.00253	0.05914	0.00803	0.00457	0.01039
95	0.03836	0.00863	0.01065	0.03249	0.01331	0.00788	0.00763	0.01421	0.01863	0.02640	0.37544	0.15873	0.14305	0.01569	0.00850	0.00238	0.00427	0.01370	0.00724	0.09282
96	0.01850	0.01826	0.02860	0.13926	0.51277	0.05543	0.02203	0.02275	0.01681	0.02321	0.01372	0.01855	0.01148	0.00739	0.00869	0.00235	0.05881	0.00665	0.00368	0.01107
97	0.01999	0.01707	0.01926	0.01839	0.07272	0.01962	0.01345	0.11600	0.50460	0.03248	0.02683	0.02564	0.02027	0.01003	0.00862	0.00255	0.04531	0.00811	0.00715	0.01192
98	0.01103	0.00735	0.00827	0.00827	0.00827	0.00735	0.00460	0.01103	0.01103	0.01471	0.02390	0.04964	0.02758	0.73343	0.03861	0.00735	0.00735	0.01103	0.00460	0.00460
99	0.01857	0.01781	0.03042	0.07740	0.65688	0.01797	0.02318	0.02310	0.01717	0.02453	0.01423	0.01884	0.01193	0.00680	0.00751	0.00227	0.00906	0.00676	0.00374	0.01185
100	0.52928	0.01750	0.04252	0.01456	0.06387	0.04312	0.01131	0.11113	0.01726	0.07002	0.01309	0.01451	0.00981	0.00747	0.00563	0.00232	0.00696	0.00495	0.00519	0.00952
101	0.17788	0.23034	0.04623	0.01749	0.07530	0.19835	0.01377	0.07419	0.01859	0.06597	0.01304	0.01456	0.01042	0.00737	0.00601	0.00202	0.00919	0.00498	0.00446	0.00986
102	0.01585	0.01504	0.02551	0.48570	0.26981	0.01725	0.02182	0.02072	0.01589	0.02123	0.01375	0.01972	0.01076	0.00730	0.00756	0.00243	0.00973	0.00675	0.00350	0.00966
103	0.01721	0.01435	0.01674	0.01250	0.01866	0.03640	0.02960	0.04593	0.01702	0.05644	0.01641	0.06591	0.01432	0.00730	0.00622	0.00144	0.00620	0.00608	0.00498	0.60630
104	0.00970	0.00799	0.00856	0.00837	0.01081	0.00699	0.00629	0.01265	0.04016	0.02313	0.21341	0.06777	0.52144	0.01807	0.00892	0.00252	0.00385	0.01524	0.00736	0.00676
105	0.01900	0.01857	0.02608	0.25649	0.14533	0.09377	0.11027	0.10460	0.03824	0.02516	0.01592	0.04703	0.01296	0.00812	0.00768	0.00235	0.00992	0.00740	0.00443	0.04670
106	0.01103	0.00735	0.00827	0.00827	0.00827	0.00735	0.00460	0.01103	0.01103	0.01471	0.02390	0.04964	0.02758	0.73343	0.03861	0.00735	0.00735	0.01103	0.00460	0.00460
107	0.01592	0.12519	0.59321	0.02087	0.03138	0.01920	0.04547	0.02387	0.01600	0.02326	0.01329	0.01567	0.00968	0.00709	0.00697	0.00231	0.01087	0.00552	0.00323	0.01100
108	0.02901	0.02097	0.02259	0.01732	0.02338	0.02311	0.01431	0.63996	0.03520	0.06933	0.01860	0.01847	0.01310	0.00911	0.00759	0.00228	0.00828	0.00686	0.00765	0.01290
109	0.01432	0.01348	0.02275	0.71520	0.05224	0.01685	0.02107	0.01938	0.01517	0.01938	0.01348	0.02022	0.01011	0.00758	0.00758	0.00253	0.01011	0.00674	0.00337	0.00843
110	0.01573	0.01348	0.01573	0.01123	0.01798	0.01011	0.00899	0.01910	0.01573	0.02472	0.01348	0.01573	0.01123	0.00562	0.00562	0.00112	0.00562	0.00449	0.00449	0.77980
111	0.00984	0.00830	0.00942	0.01028	0.04732	0.00722	0.00715	0.01216	0.01779	0.02198	0.14284	0.06866	0.54832	0.01817	0.00895	0.00256	0.00422	0.04099	0.00702	0.00682
112	0.02141	0.01756	0.01858	0.01595	0.02069	0.02005	0.01262	0.19853	0.51005	0.03583	0.02764	0.02573	0.02054	0.00999	0.00768	0.00250	0.00660	0.00813	0.00768	0.01223
113	0.05908	0.01690	0.04397	0.03726	0.01979	0.09895	0.01215	0.12437	0.06613	0.18337	0.04428	0.07952	0.04422	0.01508	0.05701	0.03544	0.00856	0.03739	0.00662	0.00990
114	0.01601	0.00928	0.01212	0.01092	0.01359	0.00861	0.00847	0.04476	0.02142	0.15974	0.45207	0.09712	0.05601	0.01488	0.00876	0.00247	0.00456	0.04242	0.00837	0.00844
115	0.01521	0.03923	0.69413	0.02162	0.03283	0.01762	0.02802	0.02402	0.01601	0.02402	0.01361	0.01601	0.00961	0.00721	0.00721	0.00240	0.01121	0.00560	0.00320	0.01121
116	0.01135	0.04779	0.01369	0.01223	0.01387	0.01060	0.00967	0.01404	0.01237	0.01762	0.01979	0.02884	0.01846	0.05415	0.66542	0.01162	0.01965	0.00791	0.00402	0.00693
117	0.15137	0.09915	0.18843	0.01716	0.04959	0.01822	0.01629	0.06746	0.01699	0.14070	0.01598	0.01800	0.01202	0.01195	0.05984	0.00311	0.09253	0.00597	0.00493	0.01031
118	0.01621	0.01595	0.02219	0.01910	0.01910	0.02213	0.01576	0.01775	0.01158	0.01801	0.01093	0.01889	0.01118	0.06333	0.02585	0.00360	0.67005	0.00694	0.00341	0.00804
119	0.00943	0.00732	0.00861	0.00926	0.01087	0.00650	0.00667	0.01140	0.01682	0.02151	0.14615	0.32127	0.33484	0.02049	0.00929	0.00277	0.00413	0.03903	0.00722	0.00644
120	0.01777	0.14176	0.16211	0.01598	0.02083	0.13621	0.01517	0.04511	0.03690	0.02131	0.04307	0.02590	0.08439	0.06281	0.04922	0.00320	0.09759	0.00736	0.00436	0.00894
121	0.10201	0.18540	0.02569	0.04550	0.04700	0.15909	0.05809	0.02786	0.01816	0.20289	0.01660	0.01755	0.01227	0.00797	0.00745	0.00216	0.04294	0.00587	0.00526	0.01025
122	0.01117	0.00936	0.01053	0.01159	0.03856	0.04052	0.00820	0.01344	0.01724	0.02185	0.14890	0.20313	0.27284	0.05761	0.01078	0.00299	0.00522	0.10244	0.00682	0.00679
123	0.00921	0.00673	0.00867	0.01022	0.01091	0.00619	0.00689	0.01060	0.01485	0.01949	0.04591	0.65167	0.12433	0.02323	0.00960	0.00302	0.00434	0.02091	0.00704	0.00619
124	0.10560	0.07867	0.18572	0.05162	0.10995	0.06064	0.12017	0.02306	0.01665	0.04858	0.03948	0.02214	0.03555	0.00846	0.00811	0.00240	0.04301	0.02600	0.00425	0.00993
125	0.01819	0.01967	0.07968	0.15005	0.50777	0.04630	0.02293	0.02301	0.01702	0.02360	0.01399	0.01858	0.01143	0.00697	0.00747	0.00230	0.00955	0.00659	0.00366	0.01125
126	0.01118	0.01019	0.05640	0.00943	0.01254	0.00766	0.00794	0.01378	0.01761	0.05810	0.13344	0.06400	0.47730	0.05155	0.01024	0.00278	0.00475	0.03706	0.00693	0.00711
127	0.07843	0.01534	0.01723	0.01434	0.01920	0.01632	0.01142	0.12887	0.28637	0.24539	0.02688	0.02604	0.01942	0.04889	0.00914	0.00270	0.00656	0.00783	0.00785	0.01176
128	0.04989	0.01854	0.07175	0.01769	0.07098	0.07037	0.01394	0.05801	0.20582	0.30362	0.02525	0.02355	0.01752	0.00907	0.00746	0.00237	0.00752	0.00731	0.00735	0.01198
129	0.01873	0.01793	0.02969	0.04096	0.54409	0.01822	0.06390	0.02588	0.11463	0.02578	0.01681	0.02030	0.01364	0.00726	0.00764	0.00232	0.00882	0.00717	0.00435	0.01189
130	0.02789	0.01158	0.01570	0.01263	0.01741	0.01015	0.01030	0.03099	0.02148	0.51507	0.17688	0.03523	0.03167	0.01124	0.00804	0.00240	0.00583	0.03508	0.00905	0.01137
131	0.01885	0.04264	0.02448	0.04571	0.02294	0.15793	0.06063	0.02109	0.01429	0.01874	0.01120	0.01675	0.01035	0.01284	0.04299	0.00323	0.45689	0.00643	0.00350	0.00853
132	0.01899	0.01912	0.02931	0.12495	0.47345	0.07738	0.06588	0.02427	0.04828	0.02386	0.01481	0.01908	0.01207	0.00709	0.00757	0.00230	0.00967	0.00683	0.00391	0.01116
133	0.00968	0.00712	0.00898	0.01004	0.01109	0.00657	0.00706	0.01146	0.01586	0.02088	0.12430	0.45038	0.16240	0.06033	0.01109	0.00317	0.00454	0.06170	0.00706	0.00630
134	0.00923	0.00664	0.00876	0.01045	0.01097	0.00617	0.00699	0.01057	0.01463	0.01941	0.04319	0.70258	0.07517	0.02358	0.00965	0.00306	0.00438	0.02134	0.00704	0.00617
135	0.01268	0.01213	0.06733	0.01338	0.01524	0.01112	0.05474	0.03392	0.01367	0.01885	0.02435	0.15658	0.02664	0.32463	0.07951	0.00557	0.08069	0.03741	0.00487	0.00668
136	0.01521	0.03923	0.69413	0.02162	0.03283	0.01762	0.02802	0.02402	0.01601	0.02402	0.01361	0.01601	0.00961	0.00721	0.00721	0.00240	0.01121	0.00560	0.00320	0.01121
137	0.02285	0.01792	0.01919	0.01596	0.02084	0.02011	0.01276	0.32798	0.32500	0.03878	0.05394	0.04765	0.02137	0.01041	0.00778	0.00244	0.00694	0.00841	0.00766	0.01202
138	0.01936	0.01618	0.01717	0.01537	0.01971	0.01861	0.01198	0.04020	0.65111	0.05332	0.03084	0.02822	0.02301	0.01026	0.00772	0.00257	0.00602	0.00854	0.00777	0.01204

[dist]
# distance from previous block
# <min> <max>
0	1

[block]
# block no. 1 follows, 26 sequences, length 97
# corresponding to MSA columns:
# 247-343
name=unknown_B
#
# <colnr> <probs for GDERKNQSTAVLIFYWHMCP>
#	G	D	E	R	K	N	Q	S	T	A	V	L	I	F	Y	W	H	M	C	P
0	0.78701	0.01467	0.01115	0.00997	0.01467	0.01702	0.00821	0.02230	0.01291	0.03403	0.01056	0.01232	0.00821	0.00704	0.00469	0.00235	0.00587	0.00411	0.00469	0.00821
1	0.01100	0.00746	0.00880	0.00880	0.00898	0.00764	0.00525	0.01137	0.01119	0.01510	0.02342	0.04697	0.02642	0.64247	0.12798	0.00800	0.00910	0.01064	0.00452	0.00489
2	0.02553	0.01961	0.02091	0.01678	0.02226	0.02198	0.01362	0.45537	0.24649	0.04248	0.02240	0.02155	0.01629	0.00950	0.00763	0.00237	0.00757	0.00741	0.00763	0.01260
3	0.01096	0.00762	0.00964	0.00964	0.01012	0.00810	0.00630	0.01191	0.01144	0.01572	0.02265	0.04270	0.02457	0.49698	0.27094	0.00904	0.01188	0.01002	0.00441	0.00536
4	0.09935	0.01760	0.01670	0.01471	0.01880	0.08932	0.01157	0.12168	0.31950	0.03058	0.02907	0.02846	0.09365	0.01262	0.03755	0.00287	0.03070	0.00824	0.00661	0.01042
5	0.02801	0.06427	0.02223	0.01928	0.02329	0.67602	0.01459	0.02998	0.02125	0.01853	0.01168	0.01362	0.00977	0.00776	0.00676	0.00194	0.01346	0.00485	0.00388	0.00883
6	0.01414	0.00707	0.00707	0.00707	0.00884	0.00707	0.00530	0.01767	0.01591	0.02828	0.02474	0.02828	0.01944	0.00884	0.00530	0.00177	0.00353	0.00707	0.77554	0.00707
7	0.05541	0.01909	0.02016	0.01638	0.02172	0.02149	0.01325	0.39847	0.27771	0.04112	0.02274	0.02182	0.01662	0.00947	0.00752	0.00239	0.00735	0.00739	0.00752	0.01237
8	0.02257	0.45425	0.03333	0.01829	0.08663	0.23259	0.01451	0.02506	0.01744	0.01875	0.01127	0.01328	0.00997	0.00692	0.00573	0.00179	0.00989	0.00457	0.00350	0.00967
9	0.01450	0.01338	0.02199	0.59472	0.04603	0.01689	0.01966	0.01865	0.01444	0.01886	0.01308	0.02001	0.01029	0.00939	0.01087	0.05195	0.08712	0.00672	0.00336	0.00809
10	0.01414	0.00707	0.00707	0.00707	0.00884	0.00707	0.00530	0.01767	0.01591	0.02828	0.02474	0.02828	0.01944	0.00884	0.00530	0.00177	0.00353	0.00707	0.77554	0.00707
11	0.00924	0.00660	0.00880	0.01056	0.01100	0.00616	0.00704	0.01056	0.01452	0.01936	0.04181	0.72848	0.05017	0.02376	0.00968	0.00308	0.00440	0.02156	0.00704	0.00616
12	0.01847	0.01589	0.01690	0.01527	0.01942	0.01840	0.01188	0.03897	0.63955	0.03103	0.03035	0.02837	0.02295	0.01261	0.04234	0.00305	0.00672	0.00855	0.00754	0.01175
13	0.01102	0.00738	0.00842	0.00842	0.00847	0.00743	0.00477	0.01112	0.01107	0.01481	0.02377	0.04891	0.02726	0.70867	0.06293	0.00753	0.00783	0.01092	0.00458	0.00468
14	0.02625	0.01954	0.02087	0.01628	0.02189	0.02143	0.01336	0.56641	0.05491	0.04417	0.02528	0.02475	0.08916	0.01029	0.00775	0.00232	0.00776	0.00793	0.00753	0.01213
15	0.02028	0.73799	0.03975	0.01298	0.01947	0.03001	0.01298	0.02271	0.01541	0.01785	0.01055	0.01217	0.00973	0.00649	0.00487	0.00162	0.00811	0.00406	0.00324	0.00973
16	0.00921	0.00769	0.00803	0.00794	0.01040	0.00651	0.00596	0.01137	0.01788	0.02188	0.16174	0.07071	0.59727	0.01869	0.00896	0.00254	0.00381	0.01569	0.00723	0.00651
17	0.09183	0.01304	0.01711	0.01323	0.01900	0.01160	0.01092	0.03584	0.02103	0.64091	0.02844	0.02478	0.01797	0.00921	0.00740	0.00235	0.00641	0.00736	0.00903	0.01255
18	0.01573	0.01348	0.01573	0.01123	0.01798	0.01011	0.00899	0.01910	0.01573	0.02472	0.01348	0.01573	0.01123	0.00562	0.00562	0.00112	0.00562	0.00449	0.00449	0.77980
19	0.01432	0.01348	0.02275	0.71520	0.05224	0.01685	0.02107	0.01938	0.01517	0.01938	0.01348	0.02022	0.01011	0.00758	0.00758	0.00253	0.01011	0.00674	0.00337	0.00843
20	0.78701	0.01467	0.01115	0.00997	0.01467	0.01702	0.00821	0.02230	0.01291	0.03403	0.01056	0.01232	0.00821	0.00704	0.00469	0.00235	0.00587	0.00411	0.00469	0.00821
21	0.00924	0.00660	0.00880	0.01056	0.01100	0.00616	0.00704	0.01056	0.01452	0.01936	0.04181	0.72848	0.05017	0.02376	0.00968	0.00308	0.00440	0.02156	0.00704	0.00616
22	0.17997	0.11367	0.15714	0.06842	0.02383	0.01725	0.01512	0.04917	0.04095	0.23715	0.01851	0.01869	0.01287	0.00797	0.00658	0.00228	0.00784	0.00597	0.00579	0.01081
23	0.02028	0.01610	0.01809	0.01341	0.01977	0.01483	0.01088	0.24900	0.02304	0.03316	0.03496	0.01783	0.01362	0.00716	0.00642	0.00157	0.00654	0.00560	0.00572	0.48202
24	0.78701	0.01467	0.01115	0.00997	0.01467	0.01702	0.00821	0.02230	0.01291	0.03403	0.01056	0.01232	0.00821	0.00704	0.00469	0.00235	0.00587	0.00411	0.00469	0.00821
25	0.01531	0.03855	0.67038	0.02200	0.03308	0.01767	0.05109	0.02403	0.01608	0.02403	0.01368	0.01618	0.00968	0.00718	0.00727	0.00241	0.01127	0.00573	0.00323	0.01117
26	0.01432	0.01348	0.02275	0.71520	0.05224	0.01685	0.02107	0.01938	0.01517	0.01938	0.01348	0.02022	0.01011	0.00758	0.00758	0.00253	0.01011	0.00674	0.00337	0.00843
27	0.01432	0.01348	0.02275	0.71520	0.05224	0.01685	0.02107	0.01938	0.01517	0.01938	0.01348	0.02022	0.01011	0.00758	0.00758	0.00253	0.01011	0.00674	0.00337	0.00843
28	0.02247	0.01808	0.01918	0.01616	0.02110	0.02055	0.01288	0.26456	0.44230	0.03754	0.02630	0.02465	0.01945	0.00986	0.00767	0.00247	0.00685	0.00794	0.00767	0.01233
29	0.01318	0.00659	0.00988	0.00988	0.00988	0.00659	0.00659	0.00988	0.00988	0.01318	0.01318	0.02306	0.01318	0.02635	0.02964	0.77931	0.00659	0.00659	0.00329	0.00329
30	0.00910	0.00769	0.00787	0.00782	0.01033	0.00646	0.00587	0.01114	0.01760	0.02123	0.12188	0.07178	0.63754	0.01893	0.00896	0.00255	0.00382	0.01584	0.00714	0.00646
31	0.01197	0.00865	0.01187	0.01349	0.01530	0.00855	0.01173	0.01534	0.01745	0.02253	0.04298	0.08460	0.09273	0.02082	0.01036	0.00342	0.00674	0.58754	0.00699	0.00694
32	0.00924	0.00660	0.00880	0.01056	0.01100	0.00616	0.00704	0.01056	0.01452	0.01936	0.04181	0.72848	0.05017	0.02376	0.00968	0.00308	0.00440	0.02156	0.00704	0.00616
33	0.01746	0.01958	0.04167	0.03009	0.03698	0.01884	0.58538	0.02342	0.01768	0.02422	0.04819	0.02202	0.01440	0.00728	0.00996	0.00260	0.05721	0.00904	0.00403	0.00995
34	0.01877	0.01802	0.03079	0.04656	0.68612	0.01802	0.02328	0.02328	0.01727	0.02478	0.01427	0.01877	0.01201	0.00676	0.00751	0.00225	0.00901	0.00676	0.00375	0.01201
35	0.01412	0.06589	0.01259	0.00995	0.01118	0.03784	0.00657	0.07481	0.01413	0.01826	0.02185	0.04235	0.02411	0.58001	0.03181	0.00622	0.00775	0.00985	0.00475	0.00595
36	0.01063	0.00775	0.01000	0.00944	0.01127	0.00711	0.00708	0.01412	0.02123	0.02984	0.64720	0.05760	0.10684	0.01572	0.00895	0.00240	0.00359	0.01385	0.00827	0.00711
37	0.01554	0.08361	0.65257	0.02107	0.03198	0.01840	0.02707	0.02394	0.01598	0.02363	0.01342	0.01577	0.00962	0.00716	0.00706	0.00235	0.01101	0.00551	0.00321	0.01112
38	0.78701	0.01467	0.01115	0.00997	0.01467	0.01702	0.00821	0.02230	0.01291	0.03403	0.01056	0.01232	0.00821	0.00704	0.00469	0.00235	0.00587	0.00411	0.00469	0.00821
39	0.01086	0.00805	0.01178	0.01178	0.01300	0.00926	0.00898	0.01328	0.01207	0.01731	0.02069	0.03185	0.01985	0.12698	0.63450	0.01169	0.01897	0.00843	0.00412	0.00655
40	0.01102	0.00739	0.00847	0.00847	0.00854	0.00746	0.00484	0.01116	0.01109	0.01485	0.02372	0.04865	0.02715	0.69976	0.07169	0.00759	0.00800	0.01089	0.00457	0.00470
41	0.00902	0.00745	0.00792	0.00830	0.01041	0.00635	0.00604	0.01082	0.01670	0.02025	0.06938	0.21255	0.54830	0.02018	0.00912	0.00267	0.00396	0.01719	0.00704	0.00635
42	0.01723	0.01771	0.02394	0.02034	0.02082	0.05692	0.04012	0.01908	0.01234	0.01849	0.01024	0.01659	0.01000	0.01275	0.02341	0.00322	0.65841	0.00664	0.00337	0.00839
43	0.01573	0.01348	0.01573	0.01123	0.01798	0.01011	0.00899	0.01910	0.01573	0.02472	0.01348	0.01573	0.01123	0.00562	0.00562	0.00112	0.00562	0.00449	0.00449	0.77980
44	0.01074	0.00838	0.00982	0.00935	0.01160	0.00779	0.00704	0.01511	0.06998	0.02705	0.42087	0.06018	0.28127	0.01640	0.00886	0.00246	0.00386	0.01412	0.00785	0.00727
45	0.78701	0.01467	0.01115	0.00997	0.01467	0.01702	0.00821	0.02230	0.01291	0.03403	0.01056	0.01232	0.00821	0.00704	0.00469	0.00235	0.00587	0.00411	0.00469	0.00821
46	0.01095	0.00735	0.00841	0.00843	0.00856	0.00730	0.00484	0.01122	0.01182	0.01587	0.06633	0.07405	0.03117	0.66278	0.03570	0.00689	0.00701	0.01157	0.00492	0.00481
47	0.01521	0.03923	0.69413	0.02162	0.03283	0.01762	0.02802	0.02402	0.01601	0.02402	0.01361	0.01601	0.00961	0.00721	0.00721	0.00240	0.01121	0.00560	0.00320	0.01121
48	0.01038	0.00774	0.00965	0.00917	0.01112	0.00701	0.00688	0.01363	0.02064	0.02845	0.56188	0.05990	0.19303	0.01624	0.00895	0.00242	0.00363	0.01417	0.00809	0.00701
49	0.00924	0.00660	0.00880	0.01056	0.01100	0.00616	0.00704	0.01056	0.01452	0.01936	0.04181	0.72848	0.05017	0.02376	0.00968	0.00308	0.00440	0.02156	0.00704	0.00616
50	0.00937	0.00770	0.00824	0.00811	0.01049	0.00658	0.00608	0.01167	0.01824	0.02276	0.21501	0.06927	0.54345	0.01836	0.00896	0.00252	0.00378	0.01549	0.00734	0.00658
51	0.02833	0.03615	0.02149	0.01954	0.02345	0.70298	0.01466	0.03029	0.02149	0.01856	0.01172	0.01368	0.00977	0.00782	0.00684	0.00195	0.01368	0.00489	0.00391	0.00879
52	0.01659	0.01659	0.02323	0.01991	0.01991	0.02323	0.01659	0.01825	0.01162	0.01825	0.00996	0.01659	0.00996	0.01328	0.02489	0.00332	0.71955	0.00664	0.00332	0.00830
53	0.01757	0.01928	0.05880	0.13599	0.25046	0.01841	0.33885	0.02324	0.01724	0.02373	0.01467	0.01973	0.01141	0.00671	0.00823	0.00245	0.01112	0.00781	0.00372	0.01058
54	0.02093	0.68350	0.03846	0.01332	0.01978	0.02952	0.01309	0.07123	0.01695	0.02012	0.01113	0.01263	0.00997	0.00669	0.00507	0.00167	0.00813	0.00427	0.00357	0.00997
55	0.00930	0.00665	0.00885	0.01052	0.01101	0.00620	0.00705	0.01071	0.01480	0.01981	0.06748	0.70154	0.05103	0.02343	0.00965	0.00305	0.00437	0.02125	0.00709	0.00620
56	0.02028	0.73799	0.03975	0.01298	0.01947	0.03001	0.01298	0.02271	0.01541	0.01785	0.01055	0.01217	0.00973	0.00649	0.00487	0.00162	0.00811	0.00406	0.00324	0.00973
57	0.01579	0.01369	0.01624	0.01183	0.01811	0.01101	0.00951	0.01904	0.01545	0.02427	0.01324	0.01579	0.01115	0.00614	0.00693	0.00127	0.05440	0.00464	0.00441	0.72709
58	0.01749	0.11761	0.49448	0.02228	0.08203	0.06286	0.02448	0.05127	0.01723	0.02403	0.01338	0.01573	0.00996	0.00721	0.00695	0.00227	0.01071	0.00552	0.00348	0.01102
59	0.01862	0.01857	0.02712	0.14385	0.46566	0.09116	0.02116	0.02286	0.01742	0.02312	0.01586	0.02357	0.01391	0.00809	0.00768	0.00236	0.00953	0.05478	0.00396	0.01073
60	0.01318	0.00659	0.00988	0.00988	0.00988	0.00659	0.00659	0.00988	0.00988	0.01318	0.01318	0.02306	0.01318	0.02635	0.02964	0.77931	0.00659	0.00659	0.00329	0.00329
61	0.02001	0.01623	0.01684	0.01501	0.01917	0.04274	0.01161	0.03797	0.55659	0.08472	0.02969	0.02879	0.02256	0.05184	0.00946	0.00281	0.00640	0.00850	0.00754	0.01153
62	0.01208	0.00805	0.01057	0.00977	0.01180	0.00739	0.00739	0.01562	0.02148	0.06854	0.64449	0.05488	0.06852	0.01515	0.00887	0.00238	0.00374	0.01337	0.00841	0.00749
63	0.01521	0.03923	0.69413	0.02162	0.03283	0.01762	0.02802	0.02402	0.01601	0.02402	0.01361	0.01601	0.00961	0.00721	0.00721	0.00240	0.01121	0.00560	0.00320	0.01121
64	0.01877	0.01802	0.03079	0.04656	0.68612	0.01802	0.02328	0.02328	0.01727	0.02478	0.01427	0.01877	0.01201	0.00676	0.00751	0.00225	0.00901	0.00676	0.00375	0.01201
65	0.01068	0.00775	0.01006	0.00948	0.01130	0.00713	0.00711	0.01420	0.02134	0.03010	0.66260	0.05719	0.09129	0.01563	0.00895	0.00239	0.00359	0.01379	0.00831	0.00713
66	0.01318	0.00659	0.00988	0.00988	0.00988	0.00659	0.00659	0.00988	0.00988	0.01318	0.01318	0.02306	0.01318	0.02635	0.02964	0.77931	0.00659	0.00659	0.00329	0.00329
67	0.01085	0.00805	0.01182	0.01182	0.01304	0.00928	0.00902	0.01330	0.01208	0.01733	0.02066	0.03169	0.01978	0.12142	0.63996	0.01173	0.01908	0.00840	0.00411	0.00656
68	0.02835	0.03568	0.02154	0.01947	0.02345	0.68143	0.01465	0.05028	0.02194	0.01949	0.01193	0.01382	0.00987	0.00786	0.00686	0.00196	0.01351	0.00495	0.00402	0.00892
69	0.27099	0.02172	0.04397	0.01640	0.02202	0.11230	0.05385	0.30815	0.02463	0.03712	0.01454	0.01578	0.01077	0.00803	0.00663	0.00228	0.00865	0.00579	0.00577	0.01061
70	0.01457	0.01370	0.02526	0.02137	0.04602	0.01317	0.26376	0.01975	0.03880	0.02438	0.09690	0.05274	0.05797	0.01385	0.00948	0.00291	0.00880	0.26216	0.00582	0.00856
71	0.01084	0.00810	0.01205	0.01205	0.01335	0.00940	0.00930	0.01345	0.01215	0.01750	0.02045	0.03053	0.01928	0.08179	0.67891	0.01201	0.01984	0.00823	0.00408	0.00669
72	0.01103	0.00735	0.00827	0.00827	0.00827	0.00735	0.00460	0.01103	0.01103	0.01471	0.02390	0.04964	0.02758	0.73343	0.03861	0.00735	0.00735	0.01103	0.00460	0.00460
73	0.02145	0.63616	0.03710	0.01393	0.02005	0.12766	0.01322	0.02381	0.01629	0.01795	0.01072	0.01239	0.00974	0.00668	0.00515	0.00167	0.00892	0.00418	0.00334	0.00960
74	0.07663	0.02115	0.02180	0.01698	0.02283	0.04505	0.01395	0.57898	0.05509	0.04544	0.01794	0.01803	0.01284	0.00897	0.00738	0.00228	0.00828	0.00665	0.00729	0.01244
75	0.01061	0.00770	0.01002	0.00969	0.01142	0.00711	0.00727	0.01395	0.02066	0.02896	0.58961	0.10670	0.09359	0.01644	0.00905	0.00248	0.00377	0.03577	0.00816	0.00705
76	0.01772	0.18401	0.50473	0.01918	0.02899	0.01972	0.02357	0.02474	0.01632	0.07395	0.01422	0.01596	0.01034	0.00722	0.00675	0.00223	0.01019	0.00543	0.00369	0.01103
77	0.01555	0.07257	0.61895	0.02108	0.03134	0.01859	0.02655	0.02359	0.01570	0.02335	0.01323	0.01586	0.00964	0.00756	0.00821	0.00242	0.05604	0.00559	0.00321	0.01095
78	0.00937	0.00666	0.00876	0.01040	0.01081	0.00625	0.00686	0.01060	0.01427	0.01903	0.04052	0.67959	0.04854	0.07488	0.01176	0.00339	0.00461	0.02080	0.00686	0.00605
79	0.01143	0.00796	0.01030	0.00972	0.01169	0.00730	0.00739	0.01487	0.02103	0.05092	0.59353	0.05794	0.11082	0.01578	0.00897	0.00244	0.00383	0.03857	0.00824	0.00729
80	0.01658	0.08923	0.50940	0.02110	0.07017	0.01745	0.02396	0.02387	0.01679	0.06257	0.06567	0.01957	0.01505	0.00788	0.00720	0.00233	0.00997	0.00629	0.00399	0.01093
81	0.01841	0.01735	0.02902	0.16385	0.54560	0.01805	0.02251	0.04968	0.01768	0.02480	0.01430	0.01901	0.01171	0.00700	0.00753	0.00230	0.00918	0.00676	0.00385	0.01142
82	0.01117	0.00862	0.01283	0.01264	0.01391	0.01027	0.00989	0.01382	0.01216	0.01765	0.01972	0.02904	0.01844	0.05437	0.66423	0.01168	0.06065	0.00804	0.00402	0.00686
83	0.07525	0.14642	0.53956	0.01938	0.02935	0.01950	0.02416	0.02368	0.01568	0.02383	0.01290	0.01513	0.00952	0.00708	0.00665	0.00228	0.01032	0.00525	0.00332	0.01075
84	0.02458	0.02052	0.02696	0.02640	0.19162	0.04464	0.09026	0.38840	0.02802	0.03763	0.01727	0.02030	0.01326	0.00849	0.00778	0.00232	0.00917	0.02426	0.00605	0.01207
85	0.72480	0.04386	0.01271	0.01050	0.01523	0.04667	0.00867	0.02265	0.01337	0.03274	0.01061	0.01237	0.00834	0.00705	0.00479	0.00230	0.00629	0.00414	0.00460	0.00830
86	0.04455	0.12624	0.25174	0.04618	0.02475	0.01778	0.01761	0.02763	0.15177	0.10945	0.04569	0.02556	0.01820	0.00927	0.00725	0.00240	0.00829	0.04949	0.00543	0.01072
87	0.01002	0.00737	0.00938	0.00963	0.01108	0.00674	0.00694	0.01265	0.01867	0.02553	0.39501	0.27604	0.14554	0.01867	0.00919	0.00263	0.00388	0.01656	0.00775	0.00674
88	0.01656	0.07978	0.44515	0.02064	0.05077	0.01790	0.05943	0.08585	0.01829	0.02595	0.04362	0.04473	0.04094	0.00866	0.00742	0.00237	0.00990	0.00714	0.00418	0.01072
89	0.01717	0.01624	0.02700	0.06195	0.55844	0.01618	0.02050	0.02138	0.01745	0.02450	0.05910	0.02649	0.08330	0.00855	0.00774	0.00230	0.00821	0.00810	0.00434	0.01105
90	0.01093	0.00880	0.01060	0.01041	0.01220	0.00869	0.00769	0.01415	0.05458	0.02287	0.19280	0.23269	0.23800	0.04422	0.01126	0.00284	0.05912	0.01519	0.00691	0.03607
91	0.01875	0.01839	0.02974	0.10008	0.55739	0.04547	0.04556	0.02391	0.04198	0.02432	0.01476	0.01911	0.01217	0.00699	0.00755	0.00229	0.00932	0.00683	0.00388	0.01152
92	0.01114	0.00709	0.00948	0.01079	0.01164	0.00654	0.00736	0.01259	0.01507	0.07095	0.04089	0.67454	0.04776	0.02266	0.00952	0.00302	0.00456	0.02049	0.00722	0.00668
93	0.01604	0.01393	0.01679	0.01224	0.01882	0.01108	0.03059	0.02090	0.06621	0.02524	0.01488	0.01685	0.01216	0.00600	0.00589	0.00128	0.00588	0.00495	0.00472	0.69555
94	0.01835	0.18934	0.31986	0.02167	0.06762	0.06409	0.10177	0.06050	0.01787	0.02398	0.03779	0.01735	0.01249	0.00737	0.00698	0.00220	0.01030	0.00607	0.00381	0.01060
95	0.01798	0.01646	0.02361	0.01988	0.02062	0.02215	0.04038	0.01992	0.01263	0.07015	0.01169	0.01745	0.01069	0.01272	0.02297	0.00322	0.63817	0.00680	0.00380	0.00872
96	0.02172	0.48900	0.03320	0.01486	0.02037	0.13434	0.01346	0.06193	0.06776	0.02078	0.01270	0.01425	0.01097	0.00753	0.00671	0.00188	0.04988	0.00484	0.00395	0.00986

[dist]
# distance from previous block
# <min> <max>
0	2

[block]
# block no. 2 follows, 26 sequences, length 153
# corresponding to MSA columns:
# 346-498
name=unknown_C
#
# <colnr> <probs for GDERKNQSTAVLIFYWHMCP>
#	G	D	E	R	K	N	Q	S	T	A	V	L	I	F	Y	W	H	M	C	P
0	0.02055	0.67521	0.06107	0.01364	0.02014	0.06692	0.01359	0.02318	0.01577	0.01810	0.01072	0.01238	0.00973	0.00659	0.00506	0.00167	0.00853	0.00415	0.00328	0.00973
1	0.00933	0.00675	0.00866	0.01014	0.01075	0.00626	0.00676	0.01062	0.01456	0.01917	0.04397	0.62230	0.10869	0.06938	0.01149	0.00331	0.00454	0.02035	0.00688	0.00608
2	0.01090	0.00786	0.01082	0.01082	0.01170	0.00874	0.00777	0.01266	0.01178	0.01659	0.02157	0.03674	0.02198	0.29375	0.47063	0.01050	0.01578	0.00914	0.00425	0.00601
3	0.02883	0.02125	0.02276	0.01745	0.02352	0.02352	0.01442	0.66082	0.03566	0.04780	0.01821	0.01821	0.01290	0.00911	0.00759	0.00228	0.00835	0.00683	0.00759	0.01290
