[name]
unknown

[dist]
# distance from previous block
# <min> <max>
55	84

[block]
# block no. 0 follows, 25 sequences, length 10
# corresponding to MSA columns:
# 107-116
name=unknown_A
#
# <colnr> <probs for GDERKNQSTAVLIFYWHMCP>
#	G	D	E	R	K	N	Q	S	T	A	V	L	I	F	Y	W	H	M	C	P
0	0.25959	0.01321	0.03221	0.01189	0.01510	0.01379	0.00953	0.07539	0.01664	0.02866	0.07903	0.14080	0.04931	0.06934	0.01119	0.00293	0.06856	0.00971	0.04426	0.04886
1	0.01492	0.01079	0.01257	0.03633	0.05592	0.01140	0.00936	0.04112	0.16332	0.02730	0.03429	0.11021	0.11054	0.01415	0.03344	0.00272	0.00570	0.01042	0.28679	0.00870
2	0.01514	0.01429	0.02416	0.63607	0.12229	0.01736	0.02178	0.02025	0.01574	0.02042	0.01387	0.02051	0.01055	0.00766	0.00774	0.00255	0.01021	0.00689	0.00349	0.00902
3	0.05343	0.01905	0.01856	0.01590	0.02078	0.10813	0.01254	0.09866	0.35408	0.17351	0.02669	0.02476	0.01928	0.00974	0.00762	0.00246	0.00751	0.00771	0.00761	0.01198
4	0.01074	0.00779	0.01087	0.01129	0.01218	0.00847	0.00813	0.01263	0.01278	0.01784	0.02660	0.19558	0.02854	0.18156	0.40789	0.00932	0.01438	0.01209	0.00497	0.00634
5	0.01858	0.01780	0.03037	0.13655	0.59496	0.01826	0.02349	0.02326	0.01737	0.02459	0.01448	0.01939	0.01202	0.00702	0.00769	0.00234	0.00936	0.00691	0.00379	0.01179
6	0.01874	0.01796	0.03065	0.11376	0.61653	0.01830	0.02357	0.02340	0.01744	0.02478	0.01450	0.01934	0.01209	0.00699	0.00768	0.00233	0.00932	0.00691	0.00380	0.01191
7	0.02065	0.59834	0.03605	0.01360	0.01954	0.09360	0.01289	0.02319	0.01693	0.01948	0.07134	0.01673	0.01571	0.00760	0.00555	0.00176	0.00843	0.00513	0.00386	0.00962
8	0.02564	0.05880	0.01841	0.01425	0.01916	0.01517	0.01147	0.03573	0.26836	0.33171	0.03083	0.08983	0.02326	0.01110	0.00785	0.00251	0.00633	0.00924	0.00833	0.01201
9	0.02021	0.02061	0.03127	0.04367	0.56910	0.09313	0.06006	0.02465	0.01817	0.02460	0.01436	0.01872	0.01200	0.00701	0.00769	0.00229	0.00997	0.00683	0.00386	0.01181

[dist]
# distance from previous block
# <min> <max>
5	7

[block]
# block no. 1 follows, 25 sequences, length 36
# corresponding to MSA columns:
# 124-159
name=unknown_B
#
# <colnr> <probs for GDERKNQSTAVLIFYWHMCP>
#	G	D	E	R	K	N	Q	S	T	A	V	L	I	F	Y	W	H	M	C	P
0	0.04777	0.06630	0.02431	0.01819	0.02341	0.04871	0.07735	0.28715	0.18389	0.03594	0.02009	0.02082	0.01513	0.00933	0.00883	0.00244	0.05945	0.00728	0.03199	0.01162
1	0.01627	0.01396	0.01617	0.01175	0.01848	0.01088	0.00938	0.02085	0.05572	0.02570	0.01487	0.01686	0.01223	0.00603	0.00587	0.00124	0.00577	0.00485	0.00480	0.72833
2	0.00988	0.00773	0.00896	0.00898	0.01100	0.00680	0.00661	0.01240	0.01889	0.02460	0.29773	0.15825	0.36276	0.01886	0.00926	0.00262	0.00391	0.01627	0.00770	0.00680
3	0.02113	0.01709	0.01822	0.01593	0.02060	0.01950	0.01252	0.11196	0.56484	0.06219	0.03002	0.02763	0.02226	0.01034	0.00787	0.00258	0.00643	0.00852	0.00795	0.01242
4	0.01149	0.00854	0.01077	0.01010	0.01214	0.00813	0.00761	0.01637	0.06723	0.03078	0.60534	0.05655	0.09415	0.01563	0.00906	0.00246	0.00384	0.01375	0.00844	0.00763
5	0.02133	0.01620	0.01759	0.01552	0.02011	0.01825	0.01216	0.04075	0.58043	0.11834	0.03143	0.02859	0.02308	0.01040	0.00788	0.00260	0.00620	0.00864	0.00811	0.01239
6	0.02036	0.68335	0.08626	0.01389	0.02086	0.02979	0.01435	0.02331	0.01580	0.01869	0.01100	0.01272	0.00994	0.00669	0.00514	0.00171	0.00852	0.00426	0.00331	0.01006
7	0.00924	0.00786	0.00796	0.00793	0.01052	0.00658	0.00595	0.01127	0.01785	0.02136	0.10266	0.07394	0.65163	0.01948	0.00916	0.00261	0.00392	0.01627	0.00725	0.00658
8	0.01919	0.01842	0.03147	0.04759	0.67914	0.01842	0.02380	0.02380	0.01765	0.02533	0.01458	0.01919	0.01228	0.00691	0.00768	0.00230	0.00921	0.00691	0.00384	0.01228
9	0.01841	0.02098	0.04275	0.03098	0.03815	0.04802	0.58072	0.02441	0.01812	0.02421	0.01626	0.04425	0.01297	0.00744	0.00964	0.00263	0.03653	0.00933	0.00402	0.01019
10	0.01108	0.00831	0.01246	0.01246	0.01385	0.00969	0.00969	0.01385	0.01246	0.01800	0.02077	0.03046	0.01938	0.05815	0.69678	0.01246	0.02077	0.00831	0.00415	0.00692
11	0.00943	0.00683	0.00891	0.01058	0.01119	0.00632	0.00710	0.01082	0.01505	0.01988	0.04531	0.67584	0.09622	0.02396	0.00984	0.00311	0.00446	0.02163	0.00720	0.00632
12	0.01487	0.01401	0.02366	0.67638	0.08415	0.01729	0.02164	0.02001	0.01561	0.02008	0.01382	0.02060	0.01043	0.00771	0.00775	0.00257	0.01028	0.00689	0.00346	0.00879
13	0.02843	0.02090	0.02242	0.01730	0.02315	0.02310	0.01416	0.61648	0.03501	0.04693	0.01895	0.02046	0.01405	0.05048	0.00957	0.00262	0.00847	0.00723	0.00758	0.01270
14	0.01875	0.01797	0.03068	0.11164	0.61854	0.01831	0.02358	0.02341	0.01745	0.02480	0.01451	0.01933	0.01209	0.00699	0.00768	0.00233	0.00932	0.00691	0.00380	0.01193
15	0.11303	0.43242	0.18219	0.01522	0.02258	0.05582	0.01618	0.02431	0.01608	0.04386	0.01221	0.01388	0.01004	0.00703	0.00568	0.00197	0.00893	0.00467	0.00373	0.01017
16	0.00955	0.00787	0.00839	0.00826	0.01071	0.00671	0.00620	0.01188	0.01859	0.02312	0.20654	0.07104	0.54664	0.01882	0.00916	0.00258	0.00387	0.01586	0.00749	0.00671
17	0.01723	0.01456	0.01724	0.01305	0.01878	0.01297	0.01048	0.08740	0.01777	0.02681	0.01562	0.05759	0.01385	0.00802	0.00824	0.00162	0.07921	0.00609	0.00496	0.56851
18	0.01128	0.00752	0.00846	0.00846	0.00846	0.00752	0.00470	0.01128	0.01128	0.01503	0.02443	0.05074	0.02819	0.72751	0.03946	0.00752	0.00752	0.01128	0.00470	0.00470
19	0.01580	0.01532	0.02202	0.10799	0.02363	0.02088	0.01647	0.01803	0.01252	0.01880	0.01300	0.04862	0.01279	0.01737	0.08417	0.00411	0.52899	0.00759	0.00363	0.00826
20	0.02073	0.73217	0.04063	0.01327	0.01990	0.03068	0.01327	0.02322	0.01575	0.01824	0.01078	0.01244	0.00995	0.00663	0.00498	0.00166	0.00829	0.00415	0.00332	0.00995
21	0.78228	0.01499	0.01140	0.01020	0.01499	0.01739	0.00840	0.02279	0.01320	0.03479	0.01080	0.01260	0.00840	0.00720	0.00480	0.00240	0.00600	0.00420	0.00480	0.00840
22	0.01143	0.00876	0.01286	0.01267	0.01389	0.01036	0.00980	0.01396	0.01236	0.01786	0.02038	0.03093	0.01939	0.09647	0.61815	0.01164	0.05966	0.00840	0.00414	0.00688
23	0.02947	0.02172	0.02327	0.01784	0.02404	0.02404	0.01474	0.65329	0.03646	0.04887	0.01862	0.01862	0.01319	0.00931	0.00776	0.00233	0.00853	0.00698	0.00776	0.01319
24	0.01445	0.00723	0.00723	0.00723	0.00903	0.00723	0.00542	0.01807	0.01626	0.02891	0.02529	0.02891	0.01987	0.00903	0.00542	0.00181	0.00361	0.00723	0.77055	0.00723
25	0.00945	0.00675	0.00900	0.01080	0.01125	0.00630	0.00720	0.01080	0.01484	0.01979	0.04274	0.72245	0.05128	0.02429	0.00990	0.00315	0.00450	0.02204	0.00720	0.00630
26	0.01706	0.01724	0.02530	0.02123	0.02178	0.02346	0.06177	0.01910	0.01233	0.01910	0.01057	0.01724	0.01029	0.01307	0.02429	0.00334	0.66383	0.00695	0.00343	0.00862
27	0.02139	0.01118	0.01365	0.01147	0.01560	0.01017	0.00912	0.06108	0.04760	0.29220	0.15351	0.04727	0.24541	0.01399	0.00848	0.00248	0.00532	0.01166	0.00845	0.00997
28	0.01734	0.01447	0.01855	0.04481	0.02158	0.01173	0.04957	0.04199	0.01712	0.05191	0.01473	0.01708	0.01181	0.00616	0.00619	0.00139	0.00653	0.00519	0.00481	0.63706
29	0.02816	0.02107	0.02253	0.01757	0.02354	0.02343	0.01442	0.57438	0.11750	0.04675	0.02028	0.01995	0.01454	0.00946	0.00777	0.00237	0.00822	0.00721	0.00777	0.01307
30	0.00975	0.00780	0.00840	0.00847	0.01054	0.00682	0.00616	0.01166	0.01718	0.02127	0.13150	0.09965	0.48043	0.11077	0.01315	0.00329	0.00449	0.03526	0.00702	0.00640
31	0.01128	0.00752	0.00846	0.00846	0.00846	0.00752	0.00470	0.01128	0.01128	0.01503	0.02443	0.05074	0.02819	0.72751	0.03946	0.00752	0.00752	0.01128	0.00470	0.00470
32	0.04149	0.00961	0.01250	0.13197	0.01943	0.00992	0.01004	0.01629	0.05551	0.02568	0.27824	0.12862	0.17387	0.01576	0.00882	0.00264	0.00535	0.03967	0.00699	0.00759
33	0.04315	0.24068	0.27787	0.01847	0.05076	0.07506	0.01915	0.02693	0.01762	0.13911	0.01571	0.01678	0.01158	0.00757	0.00664	0.00216	0.00962	0.00556	0.00453	0.01106
34	0.01941	0.10695	0.02048	0.01422	0.05131	0.01453	0.01104	0.08058	0.01870	0.08515	0.03571	0.03713	0.01506	0.00739	0.00632	0.00158	0.00648	0.00590	0.00532	0.45673
35	0.02484	0.01799	0.05151	0.06867	0.10364	0.01789	0.01522	0.28090	0.05322	0.16223	0.04381	0.06328	0.01895	0.03124	0.00885	0.00258	0.00798	0.00837	0.00704	0.01180

[dist]
# distance from previous block
# <min> <max>
0	7

[block]
# block no. 2 follows, 25 sequences, length 61
# corresponding to MSA columns:
# 167-227
name=unknown_C
#
# <colnr> <probs for GDERKNQSTAVLIFYWHMCP>
#	G	D	E	R	K	N	Q	S	T	A	V	L	I	F	Y	W	H	M	C	P
0	0.09060	0.06877	0.04121	0.01463	0.01996	0.01720	0.03177	0.15502	0.14815	0.11792	0.05918	0.05275	0.02032	0.00968	0.00721	0.00227	0.00686	0.00781	0.04016	0.08854
1	0.19768	0.01760	0.11610	0.40819	0.03930	0.01689	0.01873	0.02095	0.01540	0.02463	0.04567	0.01996	0.01289	0.00796	0.00706	0.00251	0.00914	0.00643	0.00399	0.00891
2	0.01979	0.01778	0.02791	0.20933	0.42710	0.04000	0.02175	0.06162	0.01862	0.05937	0.01537	0.01973	0.01213	0.00744	0.00768	0.00237	0.00947	0.00689	0.00428	0.01136
3	0.01981	0.35712	0.27839	0.01760	0.02555	0.08755	0.01933	0.05041	0.01730	0.02194	0.01236	0.01445	0.01005	0.00737	0.00683	0.00207	0.03279	0.00502	0.00355	0.01051
4	0.05171	0.02399	0.02191	0.05354	0.02466	0.18709	0.01455	0.39974	0.02998	0.06674	0.03925	0.01907	0.01440	0.00907	0.00753	0.00227	0.00963	0.00668	0.00663	0.01157
5	0.01112	0.00768	0.00955	0.00965	0.01004	0.00802	0.00616	0.01193	0.01179	0.01609	0.02450	0.08342	0.02717	0.51059	0.21169	0.00858	0.01085	0.01110	0.00470	0.00538
6	0.02818	0.02116	0.02210	0.01742	0.02325	0.05012	0.01421	0.50578	0.12973	0.07624	0.02088	0.02036	0.01493	0.00945	0.00775	0.00236	0.00830	0.00721	0.00771	0.01288
7	0.01021	0.00729	0.00987	0.01166	0.01245	0.00695	0.00852	0.01211	0.01559	0.02064	0.04232	0.56414	0.04962	0.02358	0.01010	0.00325	0.00516	0.17285	0.00718	0.00651
8	0.01128	0.00752	0.00846	0.00846	0.00846	0.00752	0.00470	0.01128	0.01128	0.01503	0.02443	0.05074	0.02819	0.72751	0.03946	0.00752	0.00752	0.01128	0.00470	0.00470
9	0.00945	0.00787	0.00825	0.00815	0.01065	0.00667	0.00612	0.01168	0.01835	0.02255	0.17272	0.07198	0.58083	0.01904	0.00916	0.00259	0.00388	0.01599	0.00741	0.00667
10	0.02154	0.66398	0.03880	0.01393	0.02030	0.09598	0.01344	0.02398	0.01636	0.01831	0.01090	0.01259	0.00995	0.00677	0.00517	0.00169	0.00885	0.00423	0.00338	0.00986
11	0.01919	0.01842	0.03147	0.04759	0.67914	0.01842	0.02380	0.02380	0.01765	0.02533	0.01458	0.01919	0.01228	0.00691	0.00768	0.00230	0.00921	0.00691	0.00384	0.01228
12	0.01898	0.01631	0.01731	0.01571	0.01998	0.01882	0.01228	0.04007	0.63607	0.03202	0.03198	0.03156	0.02461	0.01101	0.00802	0.00267	0.00618	0.03652	0.00786	0.01204
13	0.01929	0.01666	0.01753	0.01578	0.02016	0.01929	0.01227	0.04120	0.66513	0.03243	0.03156	0.02893	0.02367	0.01052	0.00789	0.00263	0.00614	0.00877	0.00789	0.01227
14	0.78228	0.01499	0.01140	0.01020	0.01499	0.01739	0.00840	0.02279	0.01320	0.03479	0.01080	0.01260	0.00840	0.00720	0.00480	0.00240	0.00600	0.00420	0.00480	0.00840
15	0.01754	0.01942	0.04104	0.17418	0.04322	0.01911	0.51927	0.02378	0.01772	0.02378	0.01529	0.02086	0.01147	0.00679	0.00886	0.00261	0.01250	0.00868	0.00382	0.01007
16	0.01128	0.00752	0.00846	0.00846	0.00846	0.00752	0.00470	0.01128	0.01128	0.01503	0.02443	0.05074	0.02819	0.72751	0.03946	0.00752	0.00752	0.01128	0.00470	0.00470
17	0.01009	0.00758	0.01097	0.01197	0.01289	0.00710	0.03788	0.01189	0.01545	0.02067	0.06726	0.62914	0.04997	0.02296	0.00987	0.00312	0.00501	0.05250	0.00709	0.00658
18	0.01445	0.00723	0.00723	0.00723	0.00903	0.00723	0.00542	0.01807	0.01626	0.02891	0.02529	0.02891	0.01987	0.00903	0.00542	0.00181	0.00361	0.00723	0.77055	0.00723
19	0.01798	0.01668	0.02754	0.04034	0.53783	0.01676	0.02113	0.02314	0.04520	0.02565	0.05081	0.02982	0.01968	0.00927	0.00813	0.00248	0.00856	0.08298	0.00464	0.01141
20	0.01872	0.46292	0.29223	0.01670	0.02521	0.02575	0.01925	0.02374	0.01599	0.02070	0.01200	0.01397	0.00990	0.00692	0.00591	0.00197	0.00952	0.00476	0.00330	0.01054
21	0.01929	0.01666	0.01753	0.01578	0.02016	0.01929	0.01227	0.04120	0.66513	0.03243	0.03156	0.02893	0.02367	0.01052	0.00789	0.00263	0.00614	0.00877	0.00789	0.01227
22	0.01037	0.00823	0.01283	0.01308	0.01430	0.00769	0.07442	0.01226	0.01521	0.02032	0.03991	0.64919	0.04716	0.02244	0.00982	0.00309	0.00539	0.02070	0.00686	0.00673
23	0.01241	0.00824	0.01082	0.01000	0.01208	0.00756	0.00756	0.01602	0.02196	0.07040	0.63628	0.05602	0.06991	0.01547	0.00906	0.00244	0.00383	0.01365	0.00860	0.00767
24	0.01555	0.04011	0.68733	0.02210	0.03356	0.01801	0.02865	0.02455	0.01637	0.02455	0.01391	0.01637	0.00982	0.00737	0.00737	0.00246	0.01146	0.00573	0.00327	0.01146
25	0.78228	0.01499	0.01140	0.01020	0.01499	0.01739	0.00840	0.02279	0.01320	0.03479	0.01080	0.01260	0.00840	0.00720	0.00480	0.00240	0.00600	0.00420	0.00480	0.00840
26	0.02945	0.02238	0.02321	0.01793	0.02404	0.05346	0.01475	0.62606	0.03582	0.04756	0.01833	0.01841	0.01305	0.00925	0.00772	0.00231	0.00877	0.00689	0.00759	0.01300
27	0.01347	0.00673	0.01010	0.01010	0.01010	0.00673	0.00673	0.01010	0.01010	0.01347	0.01347	0.02357	0.01347	0.02694	0.03030	0.77441	0.00673	0.00673	0.00337	0.00337
28	0.01555	0.04011	0.68733	0.02210	0.03356	0.01801	0.02865	0.02455	0.01637	0.02455	0.01391	0.01637	0.00982	0.00737	0.00737	0.00246	0.01146	0.00573	0.00327	0.01146
29	0.02073	0.73217	0.04063	0.01327	0.01990	0.03068	0.01327	0.02322	0.01575	0.01824	0.01078	0.01244	0.00995	0.00663	0.00498	0.00166	0.00829	0.00415	0.00332	0.00995
30	0.00962	0.00687	0.00890	0.01044	0.01093	0.00643	0.00689	0.01086	0.01460	0.01936	0.04236	0.62850	0.07454	0.09469	0.01283	0.00357	0.00478	0.02073	0.00695	0.00615
31	0.01830	0.02092	0.04575	0.03268	0.04052	0.01961	0.65098	0.02484	0.01830	0.02484	0.01569	0.02092	0.01176	0.00654	0.00915	0.00261	0.01307	0.00915	0.00392	0.01046
32	0.02073	0.73217	0.04063	0.01327	0.01990	0.03068	0.01327	0.02322	0.01575	0.01824	0.01078	0.01244	0.00995	0.00663	0.00498	0.00166	0.00829	0.00415	0.00332	0.00995
33	0.01445	0.00723	0.00723	0.00723	0.00903	0.00723	0.00542	0.01807	0.01626	0.02891	0.02529	0.02891	0.01987	0.00903	0.00542	0.00181	0.00361	0.00723	0.77055	0.00723
34	0.00958	0.00691	0.00907	0.01056	0.01124	0.00641	0.00715	0.01118	0.01566	0.02093	0.10523	0.62795	0.08289	0.02326	0.00979	0.00306	0.00439	0.02100	0.00733	0.00641
35	0.01555	0.04011	0.68733	0.02210	0.03356	0.01801	0.02865	0.02455	0.01637	0.02455	0.01391	0.01637	0.00982	0.00737	0.00737	0.00246	0.01146	0.00573	0.00327	0.01146
36	0.01097	0.00793	0.01036	0.00975	0.01158	0.00732	0.00732	0.01463	0.02195	0.03109	0.67505	0.05792	0.07316	0.01585	0.00914	0.00244	0.00366	0.01402	0.00854	0.00732
37	0.01207	0.00868	0.01198	0.01369	0.01538	0.00858	0.01173	0.01537	0.01756	0.02279	0.04276	0.14615	0.07142	0.02161	0.01057	0.00349	0.00676	0.54522	0.00715	0.00704
38	0.01797	0.02012	0.03910	0.02872	0.03530	0.05659	0.50710	0.02346	0.01784	0.02379	0.01763	0.08401	0.01518	0.00851	0.00969	0.00261	0.04266	0.00983	0.00422	0.03566
39	0.02025	0.01912	0.02827	0.13598	0.47442	0.07960	0.02164	0.02520	0.03979	0.05843	0.01564	0.01963	0.01254	0.00739	0.00764	0.00233	0.00957	0.00684	0.00423	0.01151
40	0.01724	0.25049	0.46374	0.01984	0.02968	0.02194	0.04943	0.02416	0.01626	0.02264	0.01303	0.01536	0.00994	0.00711	0.00671	0.00222	0.01056	0.00539	0.00331	0.01096
41	0.35813	0.02737	0.31954	0.05275	0.02587	0.04973	0.01860	0.02382	0.01517	0.02861	0.01243	0.01480	0.00922	0.00734	0.00622	0.00242	0.00908	0.00507	0.00400	0.00983
42	0.01718	0.01860	0.05838	0.10386	0.03626	0.01768	0.43727	0.02300	0.01734	0.02458	0.01656	0.02172	0.01264	0.00738	0.00912	0.00252	0.04278	0.00840	0.11500	0.00973
43	0.02267	0.33559	0.07362	0.01563	0.02171	0.09801	0.01428	0.08970	0.16556	0.06612	0.01779	0.01805	0.01393	0.00815	0.00646	0.00208	0.00856	0.00589	0.00524	0.01098
44	0.02129	0.01488	0.01663	0.01373	0.01694	0.01619	0.01037	0.31898	0.02372	0.05948	0.02079	0.03167	0.01919	0.29091	0.02198	0.04244	0.03669	0.00867	0.00625	0.00920
45	0.00935	0.00712	0.00861	0.00981	0.01099	0.00638	0.00676	0.01091	0.01579	0.02018	0.05473	0.50546	0.26052	0.02273	0.00965	0.00297	0.00431	0.02014	0.00720	0.00638
46	0.02716	0.02247	0.02280	0.09793	0.02723	0.10855	0.01542	0.46870	0.06520	0.04084	0.01789	0.01881	0.01300	0.00902	0.00767	0.00233	0.00931	0.00681	0.00679	0.01208
47	0.01608	0.01378	0.01608	0.01148	0.01837	0.01034	0.00919	0.01952	0.01608	0.02527	0.01378	0.01608	0.01148	0.00574	0.00574	0.00115	0.00574	0.00459	0.00459	0.77491
48	0.02089	0.20748	0.09705	0.04079	0.02364	0.13100	0.01684	0.08738	0.01757	0.02235	0.01199	0.01555	0.01036	0.00963	0.01297	0.00249	0.25264	0.00573	0.00390	0.00974
49	0.01086	0.00790	0.01025	0.00991	0.01170	0.00729	0.00746	0.01430	0.02116	0.02962	0.58311	0.09762	0.10042	0.01675	0.00925	0.00254	0.00387	0.04044	0.00833	0.00721
50	0.00945	0.00675	0.00900	0.01080	0.01125	0.00630	0.00720	0.01080	0.01484	0.01979	0.04274	0.72245	0.05128	0.02429	0.00990	0.00315	0.00450	0.02204	0.00720	0.00630
51	0.00945	0.00675	0.00900	0.01080	0.01125	0.00630	0.00720	0.01080	0.01484	0.01979	0.04274	0.72245	0.05128	0.02429	0.00990	0.00315	0.00450	0.02204	0.00720	0.00630
52	0.63439	0.01554	0.01306	0.01147	0.01628	0.01778	0.00950	0.10746	0.01661	0.03599	0.01367	0.01791	0.01122	0.00834	0.00555	0.00246	0.00641	0.04204	0.00534	0.00897
53	0.01168	0.05179	0.01379	0.01215	0.01372	0.01076	0.00945	0.01418	0.01255	0.01774	0.02050	0.03122	0.01962	0.11595	0.59536	0.01136	0.01881	0.00833	0.00415	0.00690
54	0.02102	0.01605	0.01866	0.05009	0.02195	0.01475	0.01158	0.20484	0.02234	0.07150	0.01620	0.01768	0.01238	0.00712	0.00656	0.00164	0.00685	0.00560	0.00575	0.46744
55	0.01584	0.07930	0.65071	0.02160	0.03278	0.01872	0.02778	0.02448	0.01634	0.02420	0.01374	0.01615	0.00983	0.00732	0.00723	0.00241	0.01128	0.00564	0.00328	0.01137
56	0.02794	0.02095	0.02240	0.01753	0.02346	0.02333	0.01437	0.56098	0.13126	0.04639	0.02057	0.02017	0.01477	0.00949	0.00778	0.00237	0.00817	0.00725	0.00778	0.01305
57	0.01319	0.01219	0.07692	0.01313	0.01649	0.00933	0.04174	0.01689	0.01862	0.05987	0.25998	0.19400	0.06832	0.01616	0.00902	0.00265	0.00581	0.09322	0.00706	0.06540
58	0.01555	0.04011	0.68733	0.02210	0.03356	0.01801	0.02865	0.02455	0.01637	0.02455	0.01391	0.01637	0.00982	0.00737	0.00737	0.00246	0.01146	0.00573	0.00327	0.01146
59	0.01594	0.07327	0.62412	0.02218	0.03323	0.01871	0.05830	0.02450	0.01643	0.02426	0.01385	0.01640	0.00992	0.00729	0.00734	0.00242	0.01138	0.00582	0.00331	0.01134
60	0.01698	0.02008	0.07876	0.10507	0.03906	0.01812	0.48947	0.02308	0.01758	0.02384	0.01765	0.07986	0.01483	0.00822	0.00895	0.00265	0.01195	0.00978	0.00411	0.00996

[dist]
# distance from previous block
# <min> <max>
0	1

[block]
# block no. 3 follows, 25 sequences, length 80
# corresponding to MSA columns:
# 229-308
name=unknown_D
#
# <colnr> <probs for GDERKNQSTAVLIFYWHMCP>
#	G	D	E	R	K	N	Q	S	T	A	V	L	I	F	Y	W	H	M	C	P
0	0.01612	0.07081	0.58182	0.02291	0.03372	0.01880	0.10041	0.02452	0.01657	0.02429	0.01397	0.01671	0.01005	0.00723	0.00746	0.00244	0.01150	0.00605	0.00335	0.01127
1	0.01594	0.01461	0.02333	0.54532	0.11626	0.01740	0.02044	0.05760	0.03974	0.02259	0.01734	0.02282	0.03754	0.00832	0.00780	0.00254	0.00971	0.00734	0.00404	0.00932
2	0.07166	0.10906	0.51459	0.05340	0.03199	0.01932	0.04872	0.02407	0.01611	0.02442	0.01342	0.01606	0.00983	0.00726	0.00701	0.00238	0.01074	0.00564	0.00342	0.01091
3	0.01810	0.01469	0.02193	0.34937	0.03715	0.01672	0.05550	0.11423	0.07170	0.06199	0.02185	0.03338	0.01856	0.01069	0.00838	0.00272	0.00912	0.11883	0.00546	0.00967
4	0.04220	0.11426	0.49538	0.02230	0.03245	0.01965	0.11991	0.02439	0.01649	0.02423	0.01372	0.01649	0.01008	0.00715	0.00728	0.00239	0.01116	0.00601	0.00343	0.01104
5	0.01159	0.00785	0.01052	0.01155	0.01240	0.00774	0.00815	0.01320	0.01541	0.05895	0.06310	0.56952	0.04701	0.04294	0.01149	0.00324	0.04322	0.04818	0.00711	0.00685
6	0.07727	0.01473	0.02368	0.41210	0.22871	0.01682	0.02013	0.02057	0.01590	0.02261	0.01581	0.06883	0.01362	0.00862	0.00764	0.00253	0.00925	0.00774	0.00393	0.00950
7	0.01555	0.04011	0.68733	0.02210	0.03356	0.01801	0.02865	0.02455	0.01637	0.02455	0.01391	0.01637	0.00982	0.00737	0.00737	0.00246	0.01146	0.00573	0.00327	0.01146
8	0.01456	0.00872	0.01151	0.01036	0.01282	0.00793	0.00793	0.01812	0.02198	0.12944	0.57805	0.05317	0.06504	0.01491	0.00894	0.00243	0.00410	0.01309	0.00870	0.00820
9	0.01783	0.01880	0.03711	0.12483	0.03781	0.01922	0.42791	0.05942	0.01815	0.02465	0.01651	0.05838	0.01363	0.00852	0.01051	0.00270	0.08070	0.00917	0.00420	0.00994
10	0.09909	0.01603	0.06397	0.52504	0.04510	0.01749	0.01981	0.05802	0.01677	0.04688	0.01434	0.01961	0.01057	0.00782	0.00741	0.00253	0.00970	0.00656	0.00405	0.00920
11	0.00922	0.00786	0.00794	0.00792	0.01051	0.00657	0.00594	0.01124	0.01781	0.02127	0.09774	0.07408	0.65660	0.01951	0.00916	0.00261	0.00392	0.01629	0.00724	0.00657
12	0.01311	0.00697	0.01046	0.01046	0.01066	0.00718	0.00718	0.01066	0.01046	0.01415	0.01457	0.02461	0.01436	0.03163	0.13062	0.65973	0.00885	0.00697	0.00349	0.00390
13	0.02896	0.02017	0.02193	0.01699	0.02293	0.02204	0.01398	0.54396	0.06433	0.10701	0.02059	0.02020	0.01448	0.00938	0.00768	0.00233	0.00806	0.00715	0.03491	0.01293
14	0.02822	0.02043	0.02236	0.04051	0.02437	0.02258	0.01451	0.53206	0.10079	0.08325	0.02051	0.02022	0.01454	0.00940	0.00777	0.00237	0.00823	0.00721	0.00773	0.01294
15	0.03068	0.01978	0.02207	0.01692	0.02308	0.02117	0.01398	0.51332	0.03321	0.19341	0.02134	0.02038	0.01455	0.00937	0.00777	0.00234	0.00809	0.00717	0.00817	0.01319
16	0.01095	0.00891	0.03418	0.01064	0.01256	0.00761	0.00835	0.01438	0.02024	0.02838	0.50156	0.17718	0.06534	0.01739	0.00931	0.00263	0.00429	0.05081	0.00803	0.00727
17	0.01761	0.01359	0.01598	0.01208	0.01816	0.01108	0.00966	0.04640	0.04170	0.07213	0.01792	0.02319	0.01528	0.04160	0.00794	0.00178	0.00609	0.04158	0.00535	0.58087
18	0.01038	0.00714	0.00872	0.00961	0.00983	0.00692	0.00593	0.01104	0.01303	0.01738	0.03343	0.38115	0.03955	0.38160	0.02492	0.00537	0.00603	0.01657	0.00593	0.00549
19	0.02618	0.01862	0.02036	0.01647	0.02187	0.02046	0.01331	0.37183	0.22507	0.11468	0.02487	0.05080	0.01858	0.01031	0.00789	0.00246	0.00742	0.00822	0.00798	0.01263
20	0.01967	0.59050	0.17302	0.01508	0.02270	0.02809	0.01642	0.02349	0.01588	0.01953	0.01142	0.01324	0.00992	0.00678	0.00546	0.00182	0.00894	0.00447	0.00331	0.01026
21	0.00952	0.00686	0.00903	0.01062	0.01123	0.00636	0.00715	0.01103	0.01536	0.02048	0.07979	0.65934	0.07726	0.02363	0.00983	0.00309	0.00443	0.02137	0.00727	0.00636
22	0.01591	0.01348	0.01610	0.01277	0.01790	0.01201	0.01014	0.04460	0.05429	0.02529	0.01932	0.10777	0.01834	0.00974	0.00836	0.00182	0.06714	0.03038	0.00523	0.50942
23	0.01696	0.22865	0.51115	0.01969	0.02984	0.02146	0.02446	0.02419	0.01620	0.02284	0.01306	0.01530	0.00986	0.00717	0.00671	0.00224	0.01060	0.00530	0.00329	0.01105
24	0.01777	0.33634	0.41052	0.01832	0.02771	0.02343	0.02206	0.02398	0.01611	0.02185	0.01257	0.01469	0.00988	0.00705	0.00634	0.00211	0.01010	0.00505	0.00329	0.01081
25	0.01575	0.08754	0.61831	0.02105	0.03183	0.01852	0.02682	0.02411	0.01652	0.02434	0.03679	0.01755	0.01204	0.00761	0.00726	0.00240	0.01096	0.00591	0.00346	0.01121
26	0.05277	0.01229	0.01588	0.01298	0.01775	0.01132	0.01042	0.03202	0.08054	0.45089	0.14244	0.07210	0.03046	0.01154	0.00806	0.00247	0.00590	0.00967	0.00896	0.01153
27	0.01779	0.01938	0.03973	0.03100	0.08798	0.01874	0.49815	0.02455	0.05553	0.02477	0.01815	0.06827	0.01510	0.00823	0.00957	0.00265	0.03597	0.00973	0.00435	0.01036
28	0.00945	0.00675	0.00900	0.01080	0.01125	0.00630	0.00720	0.01080	0.01484	0.01979	0.04274	0.72245	0.05128	0.02429	0.00990	0.00315	0.00450	0.02204	0.00720	0.00630
29	0.01352	0.00868	0.01007	0.00927	0.01218	0.00749	0.00711	0.01610	0.01953	0.12361	0.23517	0.06277	0.41156	0.01709	0.00895	0.00254	0.00426	0.01443	0.00793	0.00776
30	0.01868	0.01790	0.03055	0.12200	0.60873	0.01829	0.02354	0.02335	0.01741	0.02471	0.01449	0.01936	0.01206	0.00700	0.00768	0.00233	0.00934	0.00691	0.00379	0.01187
31	0.02045	0.01552	0.01682	0.01490	0.01935	0.01728	0.01166	0.03839	0.53251	0.11407	0.03515	0.03222	0.07473	0.01112	0.00798	0.00260	0.00602	0.00924	0.00805	0.01194
32	0.01249	0.00892	0.01249	0.01428	0.01606	0.00892	0.01249	0.01606	0.01785	0.02320	0.04105	0.08746	0.04462	0.02142	0.01071	0.00357	0.00714	0.62695	0.00714	0.00714
33	0.01128	0.00752	0.00846	0.00846	0.00846	0.00752	0.00470	0.01128	0.01128	0.01503	0.02443	0.05074	0.02819	0.72751	0.03946	0.00752	0.00752	0.01128	0.00470	0.00470
34	0.11422	0.01889	0.03752	0.02734	0.03431	0.01805	0.48945	0.02496	0.01782	0.07884	0.01755	0.05326	0.01380	0.00770	0.00854	0.00260	0.01127	0.00903	0.00464	0.01023
35	0.00972	0.00799	0.00866	0.00902	0.01142	0.00693	0.00703	0.01193	0.01760	0.02127	0.07103	0.10119	0.54858	0.02011	0.00945	0.00279	0.00448	0.11699	0.00719	0.00663
36	0.18296	0.01850	0.01750	0.01507	0.01994	0.07178	0.01195	0.13622	0.33207	0.05856	0.02299	0.02217	0.01715	0.00925	0.00708	0.00243	0.00712	0.00706	0.00688	0.03330
37	0.01851	0.01772	0.03024	0.14712	0.58496	0.01824	0.02346	0.02320	0.01733	0.02450	0.01446	0.01941	0.01199	0.00704	0.00769	0.00235	0.00938	0.00691	0.00378	0.01173
38	0.00960	0.00763	0.00862	0.00889	0.01087	0.00665	0.00647	0.01177	0.01792	0.02276	0.19233	0.21373	0.41561	0.01989	0.00932	0.00270	0.00400	0.01714	0.00747	0.00665
39	0.02744	0.02161	0.02207	0.01756	0.02328	0.06221	0.01427	0.49690	0.15907	0.04390	0.02077	0.02037	0.01506	0.00947	0.00774	0.00237	0.00838	0.00722	0.00756	0.01276
40	0.02801	0.06886	0.02260	0.01941	0.02355	0.62532	0.01474	0.03119	0.05908	0.01972	0.01307	0.01478	0.01078	0.00807	0.00695	0.00202	0.01326	0.00517	0.00419	0.00923
41	0.03327	0.01354	0.01795	0.01399	0.01983	0.01217	0.01148	0.03812	0.08531	0.62049	0.03068	0.02664	0.01963	0.00969	0.00781	0.00242	0.00655	0.00789	0.00943	0.01310
42	0.01929	0.01666	0.01753	0.01578	0.02016	0.01929	0.01227	0.04120	0.66513	0.03243	0.03156	0.02893	0.02367	0.01052	0.00789	0.00263	0.00614	0.00877	0.00789	0.01227
43	0.00961	0.00691	0.00916	0.01090	0.01150	0.00646	0.00746	0.01112	0.01512	0.02003	0.04390	0.66254	0.07294	0.02396	0.00992	0.00315	0.00463	0.05713	0.00719	0.00636
44	0.01988	0.01972	0.03081	0.04565	0.63317	0.06599	0.02318	0.02430	0.01796	0.02489	0.01440	0.01882	0.01212	0.00698	0.00763	0.00228	0.00955	0.00677	0.00385	0.01205
45	0.01808	0.01729	0.02947	0.20896	0.52645	0.01813	0.02324	0.02282	0.01713	0.02398	0.01439	0.01955	0.01181	0.00711	0.00769	0.00237	0.00949	0.00690	0.00374	0.01139
46	0.01128	0.00752	0.00846	0.00846	0.00846	0.00752	0.00470	0.01128	0.01128	0.01503	0.02443	0.05074	0.02819	0.72751	0.03946	0.00752	0.00752	0.01128	0.00470	0.00470
47	0.69394	0.01619	0.05079	0.01092	0.01606	0.01697	0.00959	0.02323	0.01374	0.05415	0.01198	0.01368	0.00912	0.00733	0.00506	0.00239	0.00627	0.00448	0.02540	0.00869
48	0.01097	0.00793	0.01036	0.00975	0.01158	0.00732	0.00732	0.01463	0.02195	0.03109	0.67505	0.05792	0.07316	0.01585	0.00914	0.00244	0.00366	0.01402	0.00854	0.00732
49	0.01486	0.01400	0.02365	0.67740	0.08319	0.01728	0.02164	0.02000	0.01561	0.02007	0.01382	0.02060	0.01043	0.00771	0.00775	0.00257	0.01028	0.00689	0.00346	0.00879
50	0.01022	0.00707	0.00877	0.00980	0.01006	0.00682	0.00614	0.01100	0.01333	0.01777	0.03496	0.43718	0.04147	0.32294	0.02245	0.00500	0.00578	0.01747	0.00614	0.00562
51	0.01113	0.00746	0.00850	0.00864	0.00868	0.00742	0.00490	0.01124	0.01156	0.01542	0.02590	0.10471	0.03004	0.67101	0.03709	0.00717	0.00727	0.01214	0.00490	0.00483
52	0.01866	0.01789	0.03052	0.12410	0.60674	0.01828	0.02353	0.02333	0.01741	0.02469	0.01449	0.01936	0.01206	0.00701	0.00768	0.00234	0.00934	0.00691	0.00379	0.01186
53	0.01608	0.01378	0.01608	0.01148	0.01837	0.01034	0.00919	0.01952	0.01608	0.02527	0.01378	0.01608	0.01148	0.00574	0.00574	0.00115	0.00574	0.00459	0.00459	0.77491
54	0.01929	0.01666	0.01753	0.01578	0.02016	0.01929	0.01227	0.04120	0.66513	0.03243	0.03156	0.02893	0.02367	0.01052	0.00789	0.00263	0.00614	0.00877	0.00789	0.01227
55	0.01901	0.01831	0.03085	0.04540	0.62621	0.01885	0.02325	0.02338	0.01719	0.02480	0.01423	0.01901	0.01211	0.00744	0.00910	0.00239	0.06578	0.00690	0.00380	0.01198
56	0.07026	0.02188	0.02258	0.01750	0.02355	0.04691	0.01440	0.59762	0.03469	0.04707	0.01796	0.01813	0.01282	0.00915	0.00757	0.00232	0.00858	0.00676	0.00747	0.01278
57	0.00945	0.00675	0.00900	0.01080	0.01125	0.00630	0.00720	0.01080	0.01484	0.01979	0.04274	0.72245	0.05128	0.02429	0.00990	0.00315	0.00450	0.02204	0.00720	0.00630
58	0.01097	0.00793	0.01036	0.00975	0.01158	0.00732	0.00732	0.01463	0.02195	0.03109	0.67505	0.05792	0.07316	0.01585	0.00914	0.00244	0.00366	0.01402	0.00854	0.00732
59	0.01107	0.00743	0.00852	0.00871	0.00876	0.00738	0.00497	0.01122	0.01167	0.01556	0.02645	0.12480	0.03074	0.64997	0.03620	0.00704	0.00718	0.01246	0.00497	0.00487
60	0.01608	0.01378	0.01608	0.01148	0.01837	0.01034	0.00919	0.01952	0.01608	0.02527	0.01378	0.01608	0.01148	0.00574	0.00574	0.00115	0.00574	0.00459	0.00459	0.77491
61	0.01347	0.00673	0.01010	0.01010	0.01010	0.00673	0.00673	0.01010	0.01010	0.01347	0.01347	0.02357	0.01347	0.02694	0.03030	0.77441	0.00673	0.00673	0.00337	0.00337
62	0.01117	0.00747	0.00849	0.00859	0.00862	0.00745	0.00484	0.01125	0.01148	0.01531	0.02550	0.08992	0.02954	0.68649	0.03774	0.00726	0.00734	0.01190	0.00484	0.00479
63	0.46743	0.01813	0.01627	0.06199	0.02082	0.05878	0.01153	0.20495	0.02058	0.03688	0.01333	0.01498	0.01001	0.00789	0.00599	0.00237	0.00750	0.00524	0.00551	0.00983
64	0.62667	0.01492	0.01256	0.01089	0.01589	0.01663	0.00890	0.02463	0.05966	0.06907	0.01357	0.01477	0.01030	0.00744	0.00525	0.00231	0.00602	0.00475	0.00526	0.07052
65	0.01543	0.01355	0.01887	0.27942	0.03146	0.01341	0.01416	0.01908	0.01534	0.02222	0.01360	0.01829	0.01109	0.00803	0.00877	0.04371	0.04079	0.00569	0.00403	0.40307
66	0.02122	0.62348	0.05619	0.01438	0.02067	0.09191	0.01398	0.02381	0.01621	0.01850	0.01096	0.01285	0.00996	0.00702	0.00594	0.00177	0.03354	0.00436	0.00338	0.00985
67	0.02643	0.01817	0.01989	0.01561	0.02081	0.01965	0.01267	0.47459	0.03133	0.09524	0.06647	0.02463	0.01925	0.05153	0.00953	0.00260	0.00761	0.00781	0.06434	0.01184
68	0.09193	0.02075	0.02181	0.01703	0.02297	0.02310	0.01401	0.55111	0.08501	0.04636	0.01900	0.01894	0.01363	0.00923	0.00752	0.00236	0.00813	0.00689	0.00752	0.01271
69	0.00945	0.00675	0.00900	0.01080	0.01125	0.00630	0.00720	0.01080	0.01484	0.01979	0.04274	0.72245	0.05128	0.02429	0.00990	0.00315	0.00450	0.02204	0.00720	0.00630
70	0.01715	0.01662	0.02876	0.31941	0.34873	0.01822	0.06659	0.02201	0.01658	0.02274	0.01415	0.01984	0.01136	0.00750	0.00852	0.00248	0.03813	0.00705	0.00366	0.01048
71	0.78228	0.01499	0.01140	0.01020	0.01499	0.01739	0.00840	0.02279	0.01320	0.03479	0.01080	0.01260	0.00840	0.00720	0.00480	0.00240	0.00600	0.00420	0.00480	0.00840
72	0.01006	0.00772	0.00922	0.00920	0.01112	0.00687	0.00676	0.01273	0.01926	0.02557	0.35514	0.16528	0.29591	0.01856	0.00927	0.00261	0.00389	0.01612	0.00783	0.00687
73	0.01919	0.01842	0.03147	0.04759	0.67914	0.01842	0.02380	0.02380	0.01765	0.02533	0.01458	0.01919	0.01228	0.00691	0.00768	0.00230	0.00921	0.00691	0.00384	0.01228
74	0.00945	0.00675	0.00900	0.01080	0.01125	0.00630	0.00720	0.01080	0.01484	0.01979	0.04274	0.72245	0.05128	0.02429	0.00990	0.00315	0.00450	0.02204	0.00720	0.00630
75	0.00945	0.00675	0.00900	0.01080	0.01125	0.00630	0.00720	0.01080	0.01484	0.01979	0.04274	0.72245	0.05128	0.02429	0.00990	0.00315	0.00450	0.02204	0.00720	0.00630
76	0.02947	0.02172	0.02327	0.01784	0.02404	0.02404	0.01474	0.65329	0.03646	0.04887	0.01862	0.01862	0.01319	0.00931	0.00776	0.00233	0.00853	0.00698	0.00776	0.01319
77	0.03367	0.01295	0.01764	0.01361	0.01941	0.01120	0.01120	0.03670	0.02218	0.65383	0.06085	0.02787	0.02173	0.00989	0.00786	0.00240	0.00646	0.00809	0.00955	0.01292
78	0.02096	0.01825	0.03537	0.07423	0.03465	0.01759	0.41450	0.07286	0.01986	0.12235	0.01871	0.02216	0.01350	0.00747	0.00845	0.00249	0.01084	0.00848	0.06659	0.01067
79	0.04272	0.01769	0.01939	0.14207	0.02645	0.06462	0.01426	0.21804	0.17750	0.03300	0.05445	0.02940	0.04263	0.01056	0.00791	0.00249	0.00803	0.05038	0.00655	0.03185

[dist]
# distance from previous block
# <min> <max>
0	1

[block]
# block no. 4 follows, 25 sequences, length 18
# corresponding to MSA columns:
# 310-327
name=unknown_E
#
# <colnr> <probs for GDERKNQSTAVLIFYWHMCP>
#	G	D	E	R	K	N	Q	S	T	A	V	L	I	F	Y	W	H	M	C	P
0	0.09716	0.37837	0.16859	0.01491	0.02225	0.02301	0.01564	0.02627	0.01687	0.14969	0.01526	0.01597	0.01155	0.00741	0.00600	0.00204	0.00840	0.00519	0.00466	0.01074
1	0.07411	0.19293	0.06925	0.01631	0.02209	0.15832	0.01427	0.14212	0.13682	0.07548	0.01776	0.01807	0.01353	0.00838	0.00675	0.00217	0.00904	0.00602	0.00561	0.01098
2	0.35034	0.28671	0.10858	0.01351	0.01978	0.06865	0.01322	0.02373	0.01515	0.02625	0.01127	0.01311	0.00926	0.00706	0.00534	0.00210	0.00809	0.00443	0.00400	0.00940
3	0.08731	0.01904	0.05566	0.05618	0.32718	0.01859	0.10725	0.08630	0.07047	0.07121	0.01711	0.01997	0.01314	0.00762	0.00765	0.00240	0.00912	0.00715	0.00496	0.01168
4	0.01086	0.00792	0.01020	0.00963	0.01151	0.00727	0.00722	0.01441	0.02167	0.03044	0.63657	0.05900	0.11205	0.01610	0.00915	0.00245	0.00368	0.01417	0.00845	0.00727
5	0.01723	0.01214	0.01465	0.07602	0.01929	0.01271	0.01064	0.02680	0.23695	0.12255	0.21173	0.04288	0.13818	0.01302	0.00841	0.00254	0.00557	0.01108	0.00779	0.00982
6	0.01108	0.00831	0.01246	0.01246	0.01385	0.00969	0.00969	0.01385	0.01246	0.01800	0.02077	0.03046	0.01938	0.05815	0.69678	0.01246	0.02077	0.00831	0.00415	0.00692
7	0.02399	0.02485	0.02228	0.02275	0.12400	0.27813	0.01561	0.06731	0.19938	0.05326	0.01881	0.01997	0.01472	0.00915	0.00903	0.00238	0.07144	0.00672	0.00545	0.01078
8	0.01635	0.14662	0.58780	0.02074	0.03146	0.01996	0.02628	0.02435	0.01628	0.02358	0.01343	0.01576	0.00984	0.00725	0.00700	0.00233	0.01097	0.00549	0.00328	0.01123
9	0.02763	0.01164	0.01553	0.01244	0.01728	0.01013	0.01007	0.03068	0.02175	0.49161	0.16795	0.03711	0.08762	0.01176	0.00819	0.00243	0.00576	0.00983	0.00917	0.01140
10	0.01932	0.01634	0.01746	0.01578	0.02006	0.01875	0.01242	0.07276	0.58117	0.03263	0.03158	0.03285	0.02470	0.01129	0.00810	0.00269	0.00634	0.05601	0.00782	0.01193
11	0.01062	0.00784	0.00961	0.00940	0.01110	0.00719	0.00686	0.01335	0.01921	0.02611	0.41503	0.09197	0.19110	0.10880	0.01314	0.00320	0.00438	0.03667	0.00765	0.00677
12	0.01608	0.01378	0.01608	0.01148	0.01837	0.01034	0.00919	0.01952	0.01608	0.02527	0.01378	0.01608	0.01148	0.00574	0.00574	0.00115	0.00574	0.00459	0.00459	0.77491
13	0.01784	0.01704	0.02903	0.24448	0.49284	0.01807	0.02312	0.02261	0.01701	0.02369	0.01435	0.01963	0.01170	0.00716	0.00770	0.00239	0.00955	0.00690	0.00372	0.01119
14	0.01840	0.01190	0.01329	0.01103	0.01501	0.01133	0.00864	0.13991	0.02061	0.08233	0.04885	0.06689	0.06725	0.03213	0.00780	0.00214	0.00543	0.00849	0.25809	0.17049
15	0.09961	0.02096	0.02041	0.01648	0.02201	0.10311	0.01333	0.34107	0.11461	0.13951	0.02065	0.02006	0.01467	0.00916	0.00741	0.00235	0.00834	0.00684	0.00732	0.01210
16	0.03078	0.02126	0.02177	0.01704	0.02295	0.09728	0.01391	0.42457	0.03115	0.20856	0.02093	0.02008	0.01436	0.00923	0.00768	0.00231	0.00866	0.00696	0.00780	0.01271
17	0.01109	0.00825	0.01219	0.01219	0.01348	0.00954	0.00935	0.01367	0.01238	0.01780	0.02102	0.03184	0.01998	0.10373	0.65202	0.01212	0.01987	0.00851	0.00419	0.00677

[dist]
# distance from previous block
# <min> <max>
0	2

[block]
# block no. 5 follows, 25 sequences, length 385
# corresponding to MSA columns:
# 330-714
name=unknown_F
#
# <colnr> <probs for GDERKNQSTAVLIFYWHMCP>
#	G	D	E	R	K	N	Q	S	T	A	V	L	I	F	Y	W	H	M	C	P
0	0.00945	0.00675	0.00900	0.01080	0.01125	0.00630	0.00720	0.01080	0.01484	0.01979	0.04274	0.72245	0.05128	0.02429	0.00990	0.00315	0.00450	0.02204	0.00720	0.00630
1	0.01128	0.00752	0.00846	0.00846	0.00846	0.00752	0.00470	0.01128	0.01128	0.01503	0.02443	0.05074	0.02819	0.72751	0.03946	0.00752	0.00752	0.01128	0.00470	0.00470
2	0.78228	0.01499	0.01140	0.01020	0.01499	0.01739	0.00840	0.02279	0.01320	0.03479	0.01080	0.01260	0.00840	0.00720	0.00480	0.00240	0.00600	0.00420	0.00480	0.00840
3	0.00951	0.00682	0.00893	0.01059	0.01111	0.00636	0.00705	0.01083	0.01480	0.01964	0.04331	0.67164	0.07327	0.05243	0.01106	0.00331	0.00460	0.02140	0.00710	0.00624
4	0.01823	0.01442	0.01721	0.01281	0.01894	0.01241	0.01034	0.04621	0.04023	0.07655	0.01559	0.01750	0.01247	0.00701	0.00773	0.00153	0.06592	0.00527	0.00512	0.59454
5	0.00958	0.00685	0.00916	0.01095	0.01146	0.00642	0.00744	0.01103	0.01498	0.01995	0.04266	0.69369	0.05098	0.02416	0.00993	0.00317	0.00462	0.04944	0.00719	0.00634
6	0.01061	0.00787	0.00989	0.00948	0.01138	0.00715	0.00707	0.01389	0.02094	0.02893	0.54935	0.08773	0.17333	0.01683	0.00918	0.00250	0.00374	0.01474	0.00826	0.00715
7	0.51383	0.05088	0.01604	0.01275	0.01782	0.06658	0.01048	0.14450	0.05039	0.03550	0.01339	0.01464	0.01024	0.00779	0.00567	0.00233	0.00715	0.00501	0.00539	0.00961
8	0.01610	0.01411	0.02205	0.55359	0.04545	0.01730	0.01938	0.07955	0.01714	0.02265	0.01456	0.02078	0.01114	0.00901	0.00938	0.03469	0.04100	0.00690	0.03646	0.00877
9	0.01719	0.01470	0.02274	0.03104	0.34835	0.01488	0.01799	0.07796	0.01925	0.02638	0.02587	0.09154	0.02602	0.01325	0.00886	0.00279	0.00812	0.21734	0.00555	0.01021
10	0.02051	0.70244	0.06842	0.01365	0.02049	0.03014	0.01393	0.02327	0.01578	0.01851	0.01091	0.01261	0.00994	0.00666	0.00508	0.00169	0.00843	0.00421	0.00331	0.01002
11	0.05669	0.01774	0.01978	0.01577	0.02144	0.01887	0.01282	0.29711	0.18643	0.20526	0.02438	0.02282	0.01706	0.00946	0.00761	0.00238	0.00724	0.00743	0.00802	0.04169
12	0.01630	0.06718	0.63486	0.02167	0.03263	0.04608	0.02749	0.02476	0.01657	0.02408	0.01371	0.01612	0.00983	0.00736	0.00726	0.00241	0.01144	0.00564	0.00330	0.01130
13	0.01089	0.00792	0.01029	0.00990	0.01171	0.00731	0.00747	0.01438	0.02129	0.02983	0.59491	0.08671	0.09879	0.01660	0.00924	0.00252	0.00385	0.04079	0.00836	0.00723
14	0.01089	0.00792	0.01025	0.00967	0.01153	0.00728	0.00725	0.01447	0.02175	0.03063	0.64803	0.05867	0.10046	0.01602	0.00915	0.00245	0.00367	0.01413	0.00847	0.00728
15	0.00973	0.00696	0.00925	0.01061	0.01131	0.00648	0.00722	0.01150	0.01614	0.02186	0.15835	0.60094	0.05528	0.02275	0.00976	0.00302	0.00434	0.02058	0.00744	0.00648
16	0.01929	0.01666	0.01753	0.01578	0.02016	0.01929	0.01227	0.04120	0.66513	0.03243	0.03156	0.02893	0.02367	0.01052	0.00789	0.00263	0.00614	0.00877	0.00789	0.01227
17	0.67667	0.01555	0.01282	0.01109	0.01607	0.01775	0.00913	0.08313	0.01581	0.06601	0.01245	0.01380	0.00935	0.00751	0.00522	0.00239	0.00627	0.00463	0.00530	0.00907
18	0.02149	0.01813	0.02522	0.19110	0.03186	0.02108	0.08859	0.27602	0.02362	0.03228	0.01575	0.01951	0.01202	0.00941	0.01121	0.00261	0.14451	0.00718	0.03784	0.01059
19	0.01555	0.04011	0.68733	0.02210	0.03356	0.01801	0.02865	0.02455	0.01637	0.02455	0.01391	0.01637	0.00982	0.00737	0.00737	0.00246	0.01146	0.00573	0.00327	0.01146
20	0.00986	0.00725	0.00914	0.00997	0.01111	0.00664	0.00693	0.01185	0.01698	0.02269	0.20915	0.42442	0.15629	0.04702	0.01066	0.00304	0.00430	0.01869	0.00745	0.00654
21	0.02073	0.73217	0.04063	0.01327	0.01990	0.03068	0.01327	0.02322	0.01575	0.01824	0.01078	0.01244	0.00995	0.00663	0.00498	0.00166	0.00829	0.00415	0.00332	0.00995
22	0.02292	0.01688	0.01832	0.01562	0.02045	0.01883	0.01239	0.16054	0.44070	0.11198	0.02865	0.02660	0.02093	0.01011	0.00776	0.00251	0.00656	0.00824	0.03764	0.01237
23	0.01061	0.00758	0.01031	0.01199	0.01299	0.00728	0.00910	0.01286	0.01625	0.02153	0.07122	0.46468	0.04991	0.02288	0.01015	0.00327	0.00540	0.23811	0.00724	0.00665
24	0.03479	0.01320	0.01799	0.01380	0.01979	0.01140	0.01140	0.03779	0.02219	0.68451	0.03059	0.02639	0.01919	0.00960	0.00780	0.00240	0.00660	0.00780	0.00960	0.01320
25	0.01097	0.00793	0.01036	0.00975	0.01158	0.00732	0.00732	0.01463	0.02195	0.03109	0.67505	0.05792	0.07316	0.01585	0.00914	0.00244	0.00366	0.01402	0.00854	0.00732
26	0.02801	0.02150	0.02213	0.01738	0.02316	0.05607	0.01420	0.54610	0.09033	0.04524	0.01967	0.01966	0.01419	0.00934	0.00765	0.00232	0.00841	0.00705	0.03490	0.01269
27	0.01830	0.02092	0.04575	0.03268	0.04052	0.01961	0.65098	0.02484	0.01830	0.02484	0.01569	0.02092	0.01176	0.00654	0.00915	0.00261	0.01307	0.00915	0.00392	0.01046
28	0.08618	0.01309	0.01719	0.01336	0.01909	0.01164	0.01100	0.03570	0.02155	0.60986	0.05786	0.02683	0.02084	0.00971	0.00765	0.00240	0.00642	0.00782	0.00921	0.01260
29	0.01929	0.01666	0.01753	0.01578	0.02016	0.01929	0.01227	0.04120	0.66513	0.03243	0.03156	0.02893	0.02367	0.01052	0.00789	0.00263	0.00614	0.00877	0.00789	0.01227
30	0.74529	0.01533	0.01198	0.01057	0.01544	0.01772	0.00871	0.05377	0.01434	0.03548	0.01118	0.01289	0.00863	0.00730	0.00494	0.00240	0.00612	0.00434	0.00494	0.00863
