[name]
unknown

[dist]
# distance from previous block
# <min> <max>
0	119

[block]
# block no. 0 follows, 21 sequences, length 8
# corresponding to MSA columns:
# 139-146
name=unknown_A
#
# <colnr> <probs for GDERKNQSTAVLIFYWHMCP>
#	G	D	E	R	K	N	Q	S	T	A	V	L	I	F	Y	W	H	M	C	P
0	0.02461	0.01638	0.01871	0.01621	0.02114	0.01760	0.01288	0.07847	0.35898	0.18078	0.09602	0.03668	0.03071	0.01239	0.00892	0.00283	0.00681	0.03781	0.00912	0.01295
1	0.01057	0.00769	0.00997	0.01140	0.01232	0.00709	0.00779	0.01246	0.01764	0.02354	0.13227	0.55313	0.11286	0.02493	0.01068	0.00330	0.00475	0.02242	0.00810	0.00709
2	0.04672	0.01787	0.03154	0.17570	0.05825	0.01982	0.22283	0.02361	0.04099	0.02495	0.01848	0.06278	0.01610	0.03491	0.01384	0.00320	0.13805	0.00951	0.03082	0.01005
3	0.01576	0.01042	0.01279	0.01200	0.01465	0.00990	0.00900	0.07826	0.02305	0.08745	0.29006	0.22046	0.14491	0.01902	0.00996	0.00289	0.00513	0.01661	0.00880	0.00886
4	0.01032	0.00760	0.00967	0.01133	0.01221	0.00696	0.00767	0.01191	0.01679	0.02193	0.05317	0.59754	0.15007	0.02585	0.01073	0.00336	0.00484	0.02320	0.00790	0.00696
5	0.02261	0.02072	0.03331	0.04776	0.56260	0.02107	0.02475	0.10750	0.02221	0.03135	0.01661	0.02098	0.01362	0.00794	0.00844	0.00253	0.01001	0.00759	0.00480	0.01362
6	0.02492	0.19481	0.08068	0.02205	0.07609	0.09566	0.09867	0.07925	0.02196	0.12650	0.02460	0.02556	0.07355	0.00965	0.00798	0.00242	0.01015	0.00797	0.00578	0.01173
7	0.01958	0.01886	0.05478	0.30817	0.28094	0.01942	0.06362	0.02598	0.04579	0.05525	0.01735	0.02259	0.01336	0.00828	0.00857	0.00271	0.01072	0.00783	0.00451	0.01168

[dist]
# distance from previous block
# <min> <max>
3	11

[block]
# block no. 1 follows, 21 sequences, length 21
# corresponding to MSA columns:
# 158-178
name=unknown_B
#
# <colnr> <probs for GDERKNQSTAVLIFYWHMCP>
#	G	D	E	R	K	N	Q	S	T	A	V	L	I	F	Y	W	H	M	C	P
0	0.02869	0.01907	0.02235	0.01949	0.06554	0.01990	0.01470	0.23162	0.19430	0.18997	0.02673	0.02538	0.01897	0.01014	0.00837	0.00255	0.00792	0.00818	0.00845	0.07768
1	0.01912	0.28242	0.43636	0.02076	0.03143	0.02477	0.02536	0.02642	0.01772	0.02446	0.01403	0.01641	0.01083	0.00780	0.00714	0.00238	0.01133	0.00566	0.00361	0.01198
2	0.06860	0.01013	0.01275	0.01282	0.01479	0.01008	0.00935	0.01660	0.01688	0.06664	0.06689	0.43473	0.04323	0.02274	0.03930	0.00357	0.05201	0.01779	0.00728	0.07382
3	0.01278	0.00845	0.01111	0.01213	0.01355	0.00762	0.00837	0.01455	0.01694	0.06490	0.04368	0.60066	0.05070	0.02408	0.01037	0.00324	0.00519	0.02173	0.00787	0.06207
4	0.02849	0.02200	0.02594	0.02024	0.02655	0.02404	0.06844	0.46029	0.10397	0.04707	0.02357	0.06807	0.01850	0.01122	0.00883	0.00268	0.00920	0.00922	0.00812	0.01358
5	0.01459	0.01088	0.04919	0.08103	0.01881	0.00967	0.01134	0.01551	0.01599	0.04248	0.10959	0.15263	0.03372	0.02284	0.01943	0.30677	0.00724	0.06580	0.00582	0.00668
6	0.01864	0.09601	0.42728	0.03023	0.16797	0.02121	0.06839	0.02666	0.01836	0.02654	0.01526	0.01859	0.01152	0.00784	0.00806	0.00259	0.01186	0.00667	0.00378	0.01255
7	0.02432	0.36841	0.18803	0.01821	0.02623	0.13466	0.01880	0.02876	0.01926	0.08096	0.01492	0.01642	0.01184	0.00803	0.00676	0.00217	0.01082	0.00550	0.00440	0.01148
8	0.01153	0.00840	0.01087	0.01101	0.01270	0.00774	0.00807	0.01476	0.02160	0.02985	0.43007	0.22719	0.11443	0.02027	0.01031	0.00293	0.00440	0.03735	0.00883	0.00768
9	0.02141	0.03464	0.43039	0.02650	0.09665	0.01870	0.07820	0.02943	0.01941	0.13635	0.01871	0.02063	0.01303	0.00838	0.00837	0.00268	0.01155	0.00714	0.00493	0.01291
10	0.01294	0.00836	0.01149	0.04532	0.01529	0.00798	0.00900	0.01463	0.01698	0.06817	0.06483	0.56076	0.05054	0.02436	0.01152	0.03589	0.00550	0.02117	0.00776	0.00749
11	0.01070	0.00852	0.00971	0.01048	0.01265	0.00753	0.00793	0.01298	0.01871	0.02308	0.07065	0.22634	0.41469	0.02304	0.01051	0.00317	0.00501	0.10918	0.00789	0.00722
12	0.07764	0.01523	0.01975	0.01523	0.02175	0.01382	0.01258	0.08006	0.02488	0.57878	0.03148	0.02755	0.01996	0.01037	0.00837	0.00263	0.00735	0.00828	0.01010	0.01419
13	0.02427	0.08135	0.21690	0.06046	0.03354	0.30434	0.10799	0.02969	0.02087	0.02357	0.01439	0.01752	0.01121	0.00822	0.00804	0.00245	0.01375	0.00643	0.00406	0.01095
14	0.01095	0.00740	0.01003	0.01175	0.01218	0.00698	0.00783	0.01175	0.01561	0.02081	0.04268	0.60730	0.05083	0.02704	0.01381	0.10198	0.00526	0.02198	0.00735	0.00649
15	0.03155	0.02306	0.02468	0.01901	0.02559	0.02549	0.01568	0.59035	0.03894	0.05257	0.02079	0.02098	0.01483	0.01020	0.00839	0.00253	0.00910	0.00767	0.04442	0.01415
16	0.48049	0.01903	0.05805	0.01821	0.02441	0.01891	0.16413	0.02479	0.01622	0.03366	0.01580	0.06294	0.01346	0.00901	0.00702	0.00275	0.00877	0.00742	0.00511	0.00982
17	0.01586	0.00793	0.00793	0.00793	0.00991	0.00793	0.00595	0.01983	0.01785	0.03173	0.02776	0.03173	0.02181	0.00991	0.00595	0.00198	0.00397	0.00793	0.74817	0.00793
18	0.01826	0.01512	0.01751	0.01305	0.01978	0.01226	0.01029	0.07333	0.01934	0.02919	0.01818	0.06509	0.01641	0.03407	0.00819	0.00179	0.00655	0.00684	0.00555	0.60921
19	0.05039	0.04464	0.02184	0.07918	0.06727	0.01654	0.01394	0.10154	0.06141	0.12765	0.01971	0.02106	0.01476	0.00818	0.00736	0.00205	0.00771	0.00658	0.00634	0.32184
20	0.02484	0.01817	0.06484	0.01559	0.02249	0.01527	0.01345	0.11453	0.07965	0.18910	0.02288	0.02330	0.01670	0.01243	0.05217	0.00288	0.00858	0.00709	0.00712	0.28891

[dist]
# distance from previous block
# <min> <max>
0	1

[block]
# block no. 2 follows, 21 sequences, length 8
# corresponding to MSA columns:
# 180-187
name=unknown_C
#
# <colnr> <probs for GDERKNQSTAVLIFYWHMCP>
#	G	D	E	R	K	N	Q	S	T	A	V	L	I	F	Y	W	H	M	C	P
0	0.05225	0.04751	0.03063	0.02660	0.11142	0.05146	0.15012	0.05440	0.01839	0.02647	0.01629	0.05662	0.01461	0.01057	0.01370	0.00278	0.19544	0.00833	0.00466	0.10774
1	0.01971	0.01667	0.02025	0.01535	0.02215	0.01486	0.04480	0.09899	0.10195	0.03167	0.02010	0.05447	0.01684	0.00856	0.00733	0.00184	0.00712	0.00722	0.00606	0.48406
2	0.03034	0.13053	0.02416	0.01626	0.02222	0.10631	0.01341	0.08119	0.08463	0.29713	0.02629	0.05858	0.01951	0.01051	0.00797	0.00245	0.00860	0.00820	0.00787	0.04384
3	0.07183	0.01607	0.06636	0.07084	0.02216	0.01494	0.01312	0.06908	0.11565	0.05978	0.12741	0.09963	0.08172	0.05153	0.01123	0.00305	0.02823	0.01137	0.00707	0.05894
4	0.01586	0.00793	0.00793	0.00793	0.00991	0.00793	0.00595	0.01983	0.01785	0.03173	0.02776	0.03173	0.02181	0.00991	0.00595	0.00198	0.00397	0.00793	0.74817	0.00793
5	0.02023	0.02411	0.17800	0.02205	0.03002	0.01755	0.15318	0.02595	0.01838	0.08927	0.01700	0.02017	0.01291	0.00839	0.01043	0.00240	0.09242	0.00711	0.00492	0.24548
6	0.08618	0.07570	0.02828	0.02353	0.08046	0.12890	0.12438	0.05730	0.07045	0.02792	0.06129	0.05439	0.04124	0.01101	0.01070	0.00272	0.09053	0.00894	0.00546	0.01063
7	0.17958	0.12998	0.06673	0.01687	0.02354	0.07867	0.01486	0.22933	0.06556	0.03740	0.01686	0.01793	0.01289	0.00879	0.00710	0.00236	0.00906	0.00619	0.00614	0.07016

[dist]
# distance from previous block
# <min> <max>
0	3

[block]
# block no. 3 follows, 21 sequences, length 13
# corresponding to MSA columns:
# 191-203
name=unknown_D
#
# <colnr> <probs for GDERKNQSTAVLIFYWHMCP>
#	G	D	E	R	K	N	Q	S	T	A	V	L	I	F	Y	W	H	M	C	P
0	0.05331	0.07910	0.16619	0.05972	0.02875	0.12547	0.01935	0.19005	0.05235	0.03258	0.01804	0.05101	0.01470	0.01030	0.00952	0.00264	0.06206	0.00751	0.00560	0.01175
1	0.02026	0.02166	0.08420	0.11039	0.54155	0.02006	0.02631	0.02576	0.01904	0.02715	0.01586	0.02097	0.01306	0.00771	0.00841	0.00257	0.01043	0.00748	0.00412	0.01302
2	0.01216	0.00912	0.01368	0.01368	0.01520	0.01064	0.01064	0.01520	0.01368	0.01976	0.02279	0.03343	0.02127	0.06382	0.66720	0.01368	0.02279	0.00912	0.00456	0.00760
3	0.01720	0.01573	0.02553	0.63477	0.05638	0.01942	0.02312	0.06308	0.01861	0.02395	0.01549	0.02253	0.01156	0.00863	0.00851	0.00282	0.01121	0.00757	0.00411	0.00980
4	0.02847	0.02191	0.02335	0.01880	0.02491	0.02458	0.01524	0.42009	0.24570	0.04737	0.02536	0.02436	0.01847	0.01068	0.00856	0.00267	0.00845	0.00834	0.00856	0.01412
5	0.01021	0.00863	0.00883	0.00878	0.01159	0.00725	0.00658	0.01251	0.01975	0.02384	0.12855	0.08051	0.60152	0.02124	0.01006	0.00286	0.00429	0.01777	0.00801	0.00725
6	0.03089	0.06250	0.02612	0.01911	0.02578	0.02638	0.01586	0.53878	0.08681	0.05024	0.02109	0.02096	0.01520	0.01016	0.00835	0.00254	0.00914	0.00764	0.00825	0.01419
7	0.76103	0.01646	0.01251	0.01119	0.01646	0.01909	0.00922	0.02502	0.01448	0.03818	0.01185	0.01382	0.00922	0.00790	0.00527	0.00263	0.00658	0.00461	0.00527	0.00922
8	0.01315	0.00892	0.01131	0.01074	0.01303	0.00807	0.00804	0.01660	0.02267	0.06847	0.46528	0.12035	0.16435	0.01847	0.01002	0.00277	0.00434	0.01617	0.00907	0.00818
9	0.01586	0.00793	0.00793	0.00793	0.00991	0.00793	0.00595	0.01983	0.01785	0.03173	0.02776	0.03173	0.02181	0.00991	0.00595	0.00198	0.00397	0.00793	0.74817	0.00793
10	0.03179	0.04056	0.02412	0.02192	0.02631	0.66676	0.01644	0.03398	0.02412	0.02083	0.01315	0.01535	0.01096	0.00877	0.00767	0.00219	0.01535	0.00548	0.00438	0.00987
11	0.03179	0.04056	0.02412	0.02192	0.02631	0.66676	0.01644	0.03398	0.02412	0.02083	0.01315	0.01535	0.01096	0.00877	0.00767	0.00219	0.01535	0.00548	0.00438	0.00987
12	0.01764	0.01596	0.02553	0.61690	0.05551	0.01963	0.02292	0.07924	0.01923	0.02481	0.01564	0.02247	0.01165	0.00867	0.00851	0.00281	0.01115	0.00757	0.00424	0.00994

[dist]
# distance from previous block
# <min> <max>
0	9

[block]
# block no. 4 follows, 21 sequences, length 47
# corresponding to MSA columns:
# 213-259
name=unknown_E
#
# <colnr> <probs for GDERKNQSTAVLIFYWHMCP>
#	G	D	E	R	K	N	Q	S	T	A	V	L	I	F	Y	W	H	M	C	P
0	0.02338	0.01935	0.01996	0.01763	0.02258	0.05080	0.01393	0.11667	0.46426	0.06332	0.03240	0.03334	0.02499	0.01193	0.00878	0.00286	0.00756	0.04463	0.00847	0.01313
1	0.08653	0.01392	0.01762	0.01393	0.01948	0.01265	0.01132	0.03130	0.02186	0.35964	0.13470	0.03142	0.02862	0.01099	0.00903	0.00245	0.03679	0.00879	0.00866	0.14030
2	0.01037	0.00741	0.00987	0.01185	0.01234	0.00691	0.00790	0.01185	0.01629	0.02172	0.04690	0.69537	0.05629	0.02666	0.01086	0.00346	0.00494	0.02419	0.00790	0.00691
3	0.02406	0.01175	0.01548	0.01300	0.01718	0.01068	0.01029	0.02878	0.05531	0.30810	0.34268	0.04665	0.05134	0.01406	0.00931	0.00267	0.00558	0.01208	0.00985	0.01116
4	0.01607	0.01513	0.02552	0.68047	0.05861	0.01891	0.02363	0.02174	0.01702	0.02174	0.01513	0.02269	0.01134	0.00851	0.00851	0.00284	0.01134	0.00756	0.00378	0.00945
5	0.01478	0.00739	0.01109	0.01109	0.01109	0.00739	0.00739	0.01109	0.01109	0.01478	0.01478	0.02587	0.01478	0.02956	0.03326	0.75240	0.00739	0.00739	0.00370	0.00370
6	0.01037	0.00741	0.00987	0.01185	0.01234	0.00691	0.00790	0.01185	0.01629	0.02172	0.04690	0.69537	0.05629	0.02666	0.01086	0.00346	0.00494	0.02419	0.00790	0.00691
7	0.01765	0.01513	0.01765	0.01260	0.02017	0.01134	0.01008	0.02143	0.01765	0.02773	0.01513	0.01765	0.01260	0.00630	0.00630	0.00126	0.00630	0.00504	0.00504	0.75295
8	0.03818	0.01448	0.01975	0.01514	0.02172	0.01251	0.01251	0.04147	0.02436	0.65373	0.03357	0.02897	0.02107	0.01053	0.00856	0.00263	0.00724	0.00856	0.01053	0.01448
9	0.01707	0.04402	0.65683	0.02426	0.03683	0.01976	0.03144	0.02695	0.01797	0.02695	0.01527	0.01797	0.01078	0.00809	0.00809	0.00270	0.01258	0.00629	0.00359	0.01258
10	0.01216	0.00912	0.01368	0.01368	0.01520	0.01064	0.01064	0.01520	0.01368	0.01976	0.02279	0.03343	0.02127	0.06382	0.66720	0.01368	0.02279	0.00912	0.00456	0.00760
11	0.01707	0.04402	0.65683	0.02426	0.03683	0.01976	0.03144	0.02695	0.01797	0.02695	0.01527	0.01797	0.01078	0.00809	0.00809	0.00270	0.01258	0.00629	0.00359	0.01258
12	0.02275	0.70604	0.04459	0.01456	0.02184	0.03367	0.01456	0.02548	0.01729	0.02002	0.01183	0.01365	0.01092	0.00728	0.00546	0.00182	0.00910	0.00455	0.00364	0.01092
13	0.50851	0.06559	0.10803	0.07319	0.05250	0.02018	0.01475	0.02509	0.01561	0.03350	0.01281	0.01550	0.00993	0.00792	0.00611	0.00260	0.00817	0.00524	0.00475	0.01002
14	0.01740	0.03981	0.54643	0.06065	0.03896	0.01994	0.10516	0.02671	0.01818	0.02671	0.01551	0.01885	0.01108	0.00799	0.00836	0.00272	0.01274	0.00683	0.00369	0.01227
15	0.18456	0.02591	0.11467	0.12024	0.05861	0.10733	0.01850	0.21011	0.02478	0.03608	0.01586	0.01834	0.01182	0.00884	0.00763	0.00259	0.01036	0.00649	0.00564	0.01165
16	0.01856	0.03363	0.35767	0.02998	0.04060	0.02063	0.32018	0.02710	0.01901	0.02710	0.01623	0.02043	0.01183	0.00764	0.00905	0.00278	0.01345	0.00814	0.00394	0.01203
17	0.01765	0.01513	0.01765	0.01260	0.02017	0.01134	0.01008	0.02143	0.01765	0.02773	0.01513	0.01765	0.01260	0.00630	0.00630	0.00126	0.00630	0.00504	0.00504	0.75295
18	0.02066	0.01981	0.03382	0.10237	0.60082	0.02012	0.02592	0.02577	0.01919	0.02732	0.01594	0.02119	0.01331	0.00766	0.00843	0.00255	0.01021	0.00758	0.00418	0.01316
19	0.76103	0.01646	0.01251	0.01119	0.01646	0.01909	0.00922	0.02502	0.01448	0.03818	0.01185	0.01382	0.00922	0.00790	0.00527	0.00263	0.00658	0.00461	0.00527	0.00922
20	0.01478	0.00739	0.01109	0.01109	0.01109	0.00739	0.00739	0.01109	0.01109	0.01478	0.01478	0.02587	0.01478	0.02956	0.03326	0.75240	0.00739	0.00739	0.00370	0.00370
21	0.03107	0.09366	0.02575	0.02134	0.02595	0.61624	0.01629	0.03330	0.02357	0.02076	0.01305	0.01521	0.01096	0.00865	0.00750	0.00216	0.01485	0.00541	0.00433	0.00995
22	0.02128	0.04552	0.02286	0.13799	0.02916	0.01799	0.04155	0.08305	0.14035	0.08636	0.02411	0.02565	0.04455	0.00963	0.00884	0.00239	0.03832	0.00786	0.00632	0.20620
23	0.50729	0.02323	0.15649	0.01711	0.02438	0.01954	0.09026	0.02572	0.01594	0.03438	0.01326	0.01587	0.01002	0.00785	0.00647	0.00268	0.00885	0.00565	0.00478	0.01023
24	0.01641	0.01578	0.02650	0.43879	0.04644	0.01940	0.07535	0.02120	0.01640	0.02193	0.01665	0.05827	0.01430	0.01301	0.04220	0.00352	0.13166	0.00872	0.00407	0.00939
25	0.01288	0.01125	0.01949	0.01865	0.04574	0.01058	0.13823	0.01572	0.01723	0.02316	0.03930	0.52414	0.04527	0.02172	0.01059	0.00329	0.00716	0.02049	0.00698	0.00816
26	0.01502	0.01344	0.02026	0.01811	0.01941	0.01706	0.04466	0.01782	0.01376	0.02041	0.01809	0.02726	0.01701	0.04232	0.39054	0.00934	0.27428	0.00853	0.00423	0.00845
27	0.03059	0.03385	0.02439	0.02126	0.02563	0.44976	0.01648	0.13283	0.02551	0.05562	0.01510	0.01724	0.01205	0.00984	0.01030	0.00246	0.09476	0.00623	0.00529	0.01080
28	0.76103	0.01646	0.01251	0.01119	0.01646	0.01909	0.00922	0.02502	0.01448	0.03818	0.01185	0.01382	0.00922	0.00790	0.00527	0.00263	0.00658	0.00461	0.00527	0.00922
29	0.01436	0.01020	0.01181	0.01105	0.01171	0.01085	0.00709	0.06158	0.01534	0.02080	0.06295	0.05093	0.03135	0.55910	0.03750	0.00716	0.05244	0.01186	0.00559	0.00635
30	0.01885	0.01985	0.03872	0.09203	0.03898	0.01873	0.39557	0.02572	0.04564	0.02691	0.01880	0.05418	0.01532	0.00826	0.00920	0.00261	0.01184	0.00956	0.00474	0.14449
31	0.01037	0.00741	0.00987	0.01185	0.01234	0.00691	0.00790	0.01185	0.01629	0.02172	0.04690	0.69537	0.05629	0.02666	0.01086	0.00346	0.00494	0.02419	0.00790	0.00691
32	0.01765	0.01513	0.01765	0.01260	0.02017	0.01134	0.01008	0.02143	0.01765	0.02773	0.01513	0.01765	0.01260	0.00630	0.00630	0.00126	0.00630	0.00504	0.00504	0.75295
33	0.01879	0.01458	0.01818	0.01462	0.02004	0.01290	0.03782	0.11193	0.02109	0.05609	0.02594	0.21356	0.02581	0.01297	0.00822	0.00222	0.00678	0.01132	0.00659	0.36054
34	0.01429	0.01127	0.01388	0.01147	0.01570	0.00936	0.00885	0.01821	0.02151	0.03157	0.39201	0.04520	0.05322	0.01296	0.00854	0.00211	0.00493	0.01125	0.00764	0.30605
35	0.01660	0.01533	0.02537	0.53678	0.05100	0.01873	0.04933	0.02268	0.05420	0.02233	0.01622	0.02328	0.01253	0.01030	0.01108	0.05198	0.04098	0.00779	0.00410	0.00941
36	0.01861	0.14571	0.40258	0.13111	0.06247	0.02218	0.02657	0.04964	0.01864	0.02607	0.01492	0.01826	0.01115	0.00809	0.00776	0.00256	0.01158	0.00632	0.00385	0.01191
37	0.01187	0.00869	0.01113	0.01052	0.01260	0.00795	0.00789	0.01571	0.02367	0.03313	0.59334	0.06521	0.13093	0.01777	0.01004	0.00269	0.00404	0.01562	0.00924	0.00795
38	0.03235	0.02384	0.02554	0.01958	0.02639	0.02639	0.01618	0.61946	0.04001	0.05363	0.02043	0.02043	0.01447	0.01022	0.00851	0.00255	0.00936	0.00766	0.00851	0.01447
39	0.02419	0.02632	0.02739	0.23122	0.20018	0.25604	0.02118	0.06652	0.02174	0.02510	0.01499	0.01943	0.01197	0.00847	0.00818	0.00250	0.01235	0.00682	0.00443	0.01099
40	0.02076	0.02891	0.23815	0.09886	0.27353	0.05490	0.02572	0.07680	0.04864	0.02907	0.01674	0.02033	0.01289	0.00830	0.00830	0.00261	0.01111	0.00714	0.00454	0.01267
41	0.01022	0.00863	0.00884	0.00879	0.01159	0.00725	0.00659	0.01252	0.01977	0.02388	0.13067	0.08044	0.59937	0.02122	0.01006	0.00286	0.00429	0.01776	0.00802	0.00725
42	0.01197	0.00892	0.01143	0.01254	0.01446	0.00838	0.01007	0.01502	0.01958	0.02539	0.13986	0.19689	0.20182	0.02274	0.01093	0.00340	0.00590	0.26509	0.00808	0.00753
43	0.01868	0.01883	0.03612	0.32516	0.04855	0.02000	0.29477	0.05249	0.01955	0.02620	0.01687	0.02308	0.01265	0.00804	0.00911	0.00280	0.01232	0.00872	0.03552	0.01056
44	0.14031	0.02045	0.02193	0.07984	0.02666	0.02299	0.01501	0.36770	0.11178	0.04446	0.02349	0.02393	0.04356	0.01039	0.00810	0.00265	0.00854	0.00791	0.00756	0.01273
45	0.03001	0.02217	0.02392	0.01878	0.02493	0.02459	0.01531	0.51830	0.10137	0.04916	0.02158	0.02200	0.01572	0.01163	0.01015	0.05171	0.00895	0.00785	0.00821	0.01366
46	0.02507	0.01998	0.05762	0.01582	0.02121	0.05290	0.01343	0.29706	0.05617	0.06897	0.02883	0.02934	0.07474	0.01105	0.00797	0.00245	0.00788	0.00861	0.18910	0.01179

[dist]
# distance from previous block
# <min> <max>
0	3

[block]
# block no. 5 follows, 21 sequences, length 31
# corresponding to MSA columns:
# 263-293
name=unknown_F
#
# <colnr> <probs for GDERKNQSTAVLIFYWHMCP>
#	G	D	E	R	K	N	Q	S	T	A	V	L	I	F	Y	W	H	M	C	P
0	0.01989	0.01549	0.02261	0.02877	0.26812	0.01547	0.01666	0.06971	0.06185	0.08143	0.14443	0.06924	0.07251	0.01274	0.00905	0.00270	0.00753	0.03830	0.03204	0.01145
1	0.13195	0.01354	0.01705	0.04624	0.01996	0.01428	0.03891	0.08274	0.04127	0.07957	0.06626	0.19691	0.02918	0.01665	0.01247	0.08862	0.04033	0.01201	0.00671	0.04535
2	0.07934	0.02784	0.28000	0.11010	0.14434	0.01878	0.02367	0.07074	0.01967	0.05869	0.01900	0.07586	0.01577	0.00986	0.00826	0.00273	0.01036	0.00825	0.00493	0.01183
3	0.02111	0.55877	0.12604	0.01558	0.02316	0.02969	0.01635	0.02492	0.01793	0.02211	0.06329	0.01827	0.01650	0.00821	0.00619	0.00201	0.00917	0.00566	0.00410	0.01092
4	0.02369	0.44410	0.15018	0.04723	0.02639	0.02760	0.01782	0.04958	0.01912	0.10105	0.01561	0.01699	0.01230	0.00799	0.00657	0.00215	0.00961	0.00561	0.00467	0.01172
5	0.02368	0.12676	0.08185	0.01438	0.02011	0.01572	0.01305	0.06530	0.02227	0.23240	0.11231	0.07942	0.13082	0.01343	0.00859	0.00260	0.00716	0.01101	0.00789	0.01125
6	0.01216	0.00912	0.01368	0.01368	0.01520	0.01064	0.01064	0.01520	0.01368	0.01976	0.02279	0.03343	0.02127	0.06382	0.66720	0.01368	0.02279	0.00912	0.00456	0.00760
7	0.03132	0.02237	0.02413	0.01871	0.02518	0.02459	0.01538	0.53571	0.06631	0.08094	0.02209	0.02192	0.01569	0.01028	0.00840	0.00255	0.00888	0.00781	0.04362	0.01412
8	0.01916	0.02121	0.04401	0.03228	0.03916	0.02100	0.49288	0.02521	0.01888	0.02596	0.01869	0.07359	0.01599	0.00966	0.01243	0.00303	0.10075	0.01078	0.00450	0.01085
9	0.01191	0.00851	0.01164	0.01361	0.01478	0.00824	0.01058	0.01451	0.01781	0.02345	0.04605	0.41929	0.05292	0.02521	0.01127	0.00367	0.00627	0.28506	0.00787	0.00734
10	0.01035	0.00749	0.00979	0.01164	0.01229	0.00693	0.00781	0.01187	0.01650	0.02181	0.04946	0.65544	0.09456	0.02633	0.01081	0.00342	0.00490	0.02379	0.00790	0.00693
11	0.01404	0.00914	0.01202	0.01105	0.01340	0.00837	0.00837	0.01800	0.02411	0.08152	0.59670	0.06092	0.07577	0.01687	0.00992	0.00267	0.00426	0.01487	0.00946	0.00852
12	0.02075	0.47274	0.26035	0.01798	0.02712	0.02877	0.02051	0.02600	0.01753	0.02246	0.01304	0.01517	0.01087	0.00756	0.00639	0.00213	0.01033	0.00516	0.00362	0.01150
13	0.01478	0.00739	0.01109	0.01109	0.01109	0.00739	0.00739	0.01109	0.01109	0.01478	0.01478	0.02587	0.01478	0.02956	0.03326	0.75240	0.00739	0.00739	0.00370	0.00370
14	0.76103	0.01646	0.01251	0.01119	0.01646	0.01909	0.00922	0.02502	0.01448	0.03818	0.01185	0.01382	0.00922	0.00790	0.00527	0.00263	0.00658	0.00461	0.00527	0.00922
15	0.02009	0.02296	0.05022	0.03587	0.04448	0.02152	0.61693	0.02726	0.02009	0.02726	0.01722	0.02296	0.01291	0.00717	0.01004	0.00287	0.01435	0.01004	0.00430	0.01148
16	0.01217	0.00905	0.01332	0.01332	0.01472	0.01044	0.01019	0.01497	0.01357	0.01949	0.02312	0.03523	0.02206	0.11526	0.61683	0.01324	0.02162	0.00938	0.00461	0.00740
17	0.01008	0.00853	0.00872	0.00887	0.01156	0.00716	0.00657	0.01219	0.01916	0.02289	0.08322	0.12861	0.59960	0.02194	0.01012	0.00292	0.00436	0.01843	0.00790	0.00716
18	0.02275	0.70604	0.04459	0.01456	0.02184	0.03367	0.01456	0.02548	0.01729	0.02002	0.01183	0.01365	0.01092	0.00728	0.00546	0.00182	0.00910	0.00455	0.00364	0.01092
19	0.01862	0.01862	0.02607	0.02234	0.02234	0.02607	0.01862	0.02048	0.01303	0.02048	0.01117	0.01862	0.01117	0.01489	0.02793	0.00372	0.68535	0.00745	0.00372	0.00931
20	0.02275	0.70604	0.04459	0.01456	0.02184	0.03367	0.01456	0.02548	0.01729	0.02002	0.01183	0.01365	0.01092	0.00728	0.00546	0.00182	0.00910	0.00455	0.00364	0.01092
21	0.01044	0.00864	0.00915	0.00902	0.01173	0.00735	0.00677	0.01295	0.02030	0.02513	0.19309	0.07838	0.53617	0.02076	0.01005	0.00284	0.00425	0.01747	0.00818	0.00735
22	0.02812	0.02173	0.02316	0.01872	0.02478	0.02441	0.01515	0.40219	0.26417	0.04681	0.02581	0.02471	0.01883	0.01072	0.00857	0.00268	0.00837	0.00840	0.00857	0.01409
23	0.01210	0.00813	0.00936	0.00964	0.00971	0.00806	0.00554	0.01230	0.01292	0.01723	0.02960	0.14443	0.03446	0.60738	0.03881	0.00759	0.00779	0.01401	0.00554	0.00540
24	0.02117	0.01828	0.01924	0.01732	0.02213	0.02117	0.01347	0.04522	0.63246	0.03560	0.03464	0.03175	0.02598	0.01155	0.00866	0.00289	0.00673	0.00962	0.00866	0.01347
25	0.01765	0.01513	0.01765	0.01260	0.02017	0.01134	0.01008	0.02143	0.01765	0.02773	0.01513	0.01765	0.01260	0.00630	0.00630	0.00126	0.00630	0.00504	0.00504	0.75295
26	0.01948	0.02199	0.04770	0.03437	0.04248	0.02061	0.57902	0.02630	0.01985	0.02692	0.01906	0.06481	0.01561	0.00839	0.01009	0.00291	0.01376	0.01092	0.00453	0.01119
27	0.03029	0.02219	0.02371	0.01849	0.02478	0.02456	0.01517	0.53367	0.07678	0.05069	0.02195	0.02208	0.01581	0.01028	0.00832	0.00253	0.00876	0.00781	0.06825	0.01388
28	0.02172	0.01749	0.01862	0.01617	0.02091	0.01935	0.01270	0.19731	0.32491	0.03759	0.03966	0.08718	0.12150	0.01389	0.00901	0.00284	0.00695	0.01149	0.00844	0.01227
29	0.06539	0.07318	0.02505	0.06657	0.02681	0.02395	0.01552	0.40684	0.05667	0.09490	0.04644	0.02268	0.01743	0.01013	0.00819	0.00255	0.00886	0.00774	0.00784	0.01327
30	0.07976	0.01875	0.02637	0.12943	0.20411	0.01958	0.04607	0.13168	0.07198	0.08045	0.01913	0.02182	0.01446	0.00860	0.00808	0.00250	0.00918	0.00744	0.00592	0.09470

[dist]
# distance from previous block
# <min> <max>
0	11

[block]
# block no. 6 follows, 21 sequences, length 17
# corresponding to MSA columns:
# 305-321
name=unknown_G
#
# <colnr> <probs for GDERKNQSTAVLIFYWHMCP>
#	G	D	E	R	K	N	Q	S	T	A	V	L	I	F	Y	W	H	M	C	P
0	0.02318	0.62922	0.04199	0.01514	0.02211	0.06911	0.01461	0.02708	0.05241	0.02095	0.01319	0.01477	0.01177	0.00761	0.00577	0.00190	0.00932	0.00489	0.00397	0.01100
1	0.01586	0.00793	0.00793	0.00793	0.00991	0.00793	0.00595	0.01983	0.01785	0.03173	0.02776	0.03173	0.02181	0.00991	0.00595	0.00198	0.00397	0.00793	0.74817	0.00793
2	0.01258	0.00998	0.01513	0.05069	0.01841	0.00998	0.05998	0.03894	0.01734	0.02328	0.03901	0.50355	0.04473	0.02741	0.08170	0.00444	0.00818	0.01980	0.00704	0.00781
3	0.02363	0.02421	0.05064	0.06891	0.10187	0.12637	0.07144	0.12652	0.13202	0.03044	0.01872	0.02166	0.01475	0.01034	0.01218	0.00282	0.13832	0.00777	0.00560	0.01180
4	0.02083	0.01718	0.01880	0.01722	0.02168	0.01947	0.01379	0.09750	0.45328	0.03543	0.03525	0.04316	0.02931	0.01375	0.00925	0.00305	0.00721	0.12288	0.00848	0.01247
5	0.01586	0.00793	0.00793	0.00793	0.00991	0.00793	0.00595	0.01983	0.01785	0.03173	0.02776	0.03173	0.02181	0.00991	0.00595	0.00198	0.00397	0.00793	0.74817	0.00793
6	0.10123	0.06244	0.40216	0.02141	0.03117	0.02009	0.05765	0.06248	0.06066	0.03057	0.05770	0.02167	0.01654	0.00895	0.00796	0.00266	0.01072	0.00714	0.00483	0.01194
7	0.03083	0.03786	0.02368	0.02135	0.02575	0.59137	0.01613	0.07147	0.02463	0.02293	0.01412	0.01660	0.01172	0.01166	0.04125	0.00280	0.01533	0.00581	0.00466	0.01005
8	0.01930	0.01194	0.01490	0.05109	0.01857	0.01158	0.01053	0.09801	0.02384	0.15057	0.22392	0.13926	0.15860	0.01669	0.00959	0.00281	0.00593	0.01432	0.00868	0.00987
9	0.02410	0.13852	0.02953	0.06581	0.02729	0.26511	0.04767	0.02675	0.01847	0.02096	0.01259	0.01709	0.01115	0.01056	0.01453	0.00274	0.24686	0.00638	0.00399	0.00990
10	0.01732	0.01512	0.01927	0.01409	0.02124	0.01172	0.04995	0.02117	0.01772	0.02730	0.01740	0.06352	0.01556	0.00773	0.00686	0.00151	0.00674	0.00666	0.00519	0.65395
11	0.01586	0.00793	0.00793	0.00793	0.00991	0.00793	0.00595	0.01983	0.01785	0.03173	0.02776	0.03173	0.02181	0.00991	0.00595	0.00198	0.00397	0.00793	0.74817	0.00793
12	0.01238	0.00825	0.00928	0.00928	0.00928	0.00825	0.00516	0.01238	0.01238	0.01650	0.02681	0.05569	0.03094	0.70092	0.04331	0.00825	0.00825	0.01238	0.00516	0.00516
13	0.01765	0.01513	0.01765	0.01260	0.02017	0.01134	0.01008	0.02143	0.01765	0.02773	0.01513	0.01765	0.01260	0.00630	0.00630	0.00126	0.00630	0.00504	0.00504	0.75295
14	0.01039	0.00869	0.00908	0.00915	0.01192	0.00739	0.00698	0.01275	0.01969	0.02380	0.11701	0.08162	0.57647	0.02142	0.01015	0.00292	0.00450	0.05083	0.00799	0.00727
15	0.01972	0.02681	0.18139	0.03852	0.23666	0.02071	0.29559	0.02682	0.01938	0.02736	0.01639	0.02123	0.01262	0.00751	0.00908	0.00272	0.01259	0.00841	0.00412	0.01237
16	0.01731	0.01467	0.01553	0.01393	0.01823	0.01551	0.01080	0.05511	0.33673	0.03164	0.08030	0.04832	0.22915	0.01471	0.00902	0.00275	0.00589	0.01225	0.00820	0.05994

[dist]
# distance from previous block
# <min> <max>
2	81

[block]
# block no. 7 follows, 21 sequences, length 14
# corresponding to MSA columns:
# 417-430
name=unknown_H
#
# <colnr> <probs for GDERKNQSTAVLIFYWHMCP>
#	G	D	E	R	K	N	Q	S	T	A	V	L	I	F	Y	W	H	M	C	P
0	0.17811	0.07763	0.02053	0.04792	0.02195	0.02022	0.01285	0.25986	0.02554	0.03782	0.02429	0.18882	0.02345	0.01354	0.00816	0.00275	0.00774	0.01091	0.00702	0.01090
1	0.01586	0.00793	0.00793	0.00793	0.00991	0.00793	0.00595	0.01983	0.01785	0.03173	0.02776	0.03173	0.02181	0.00991	0.00595	0.00198	0.00397	0.00793	0.74817	0.00793
2	0.01232	0.00937	0.01398	0.01469	0.01635	0.00898	0.04965	0.01523	0.01830	0.02434	0.08879	0.39068	0.05264	0.02358	0.01107	0.00352	0.00652	0.22462	0.00775	0.00762
3	0.02018	0.01564	0.01832	0.01325	0.02069	0.01241	0.01067	0.06187	0.01962	0.07748	0.01689	0.01870	0.01338	0.00688	0.00662	0.00145	0.00657	0.00548	0.00569	0.64821
4	0.01238	0.00825	0.00928	0.00928	0.00928	0.00825	0.00516	0.01238	0.01238	0.01650	0.02681	0.05569	0.03094	0.70092	0.04331	0.00825	0.00825	0.01238	0.00516	0.00516
5	0.01454	0.01226	0.01832	0.10170	0.02170	0.01405	0.06428	0.01660	0.01393	0.01920	0.02136	0.03958	0.02232	0.35600	0.11227	0.00701	0.12271	0.01032	0.00459	0.00727
6	0.01607	0.01513	0.02552	0.68047	0.05861	0.01891	0.02363	0.02174	0.01702	0.02174	0.01513	0.02269	0.01134	0.00851	0.00851	0.00284	0.01134	0.00756	0.00378	0.00945
7	0.03235	0.02384	0.02554	0.01958	0.02639	0.02639	0.01618	0.61946	0.04001	0.05363	0.02043	0.02043	0.01447	0.01022	0.00851	0.00255	0.00936	0.00766	0.00851	0.01447
8	0.02661	0.02011	0.02172	0.01787	0.02353	0.02240	0.01436	0.30863	0.29438	0.07315	0.06360	0.02825	0.02360	0.01123	0.00867	0.00271	0.00781	0.00900	0.00872	0.01366
9	0.02269	0.01577	0.01872	0.01368	0.02100	0.01288	0.01106	0.07768	0.02084	0.14424	0.01896	0.01996	0.01431	0.00742	0.00691	0.00162	0.00674	0.00591	0.00635	0.55324
10	0.03221	0.16355	0.02472	0.01489	0.02124	0.01751	0.01278	0.07063	0.02375	0.42652	0.08173	0.02819	0.02369	0.01042	0.00802	0.00246	0.00749	0.00824	0.00882	0.01315
11	0.01586	0.00793	0.00793	0.00793	0.00991	0.00793	0.00595	0.01983	0.01785	0.03173	0.02776	0.03173	0.02181	0.00991	0.00595	0.00198	0.00397	0.00793	0.74817	0.00793
12	0.01617	0.01190	0.01398	0.01297	0.01549	0.01244	0.00954	0.12000	0.05649	0.02734	0.03276	0.16417	0.07173	0.17374	0.14832	0.00614	0.01008	0.01282	0.03836	0.04556
13	0.06505	0.06226	0.01856	0.01475	0.01893	0.08930	0.01160	0.15135	0.06925	0.03330	0.15290	0.13187	0.08194	0.01434	0.00869	0.00261	0.00740	0.01180	0.00741	0.04668

[dist]
# distance from previous block
# <min> <max>
0	13

[block]
# block no. 8 follows, 21 sequences, length 29
# corresponding to MSA columns:
# 444-472
name=unknown_I
#
# <colnr> <probs for GDERKNQSTAVLIFYWHMCP>
#	G	D	E	R	K	N	Q	S	T	A	V	L	I	F	Y	W	H	M	C	P
0	0.05059	0.00955	0.01159	0.01215	0.01395	0.00903	0.00848	0.04307	0.01732	0.02453	0.03941	0.52385	0.04589	0.05391	0.01147	0.00335	0.00554	0.01974	0.00735	0.08922
1	0.02009	0.02296	0.05022	0.03587	0.04448	0.02152	0.61693	0.02726	0.02009	0.02726	0.01722	0.02296	0.01291	0.00717	0.01004	0.00287	0.01435	0.01004	0.00430	0.01148
2	0.01607	0.01513	0.02552	0.68047	0.05861	0.01891	0.02363	0.02174	0.01702	0.02174	0.01513	0.02269	0.01134	0.00851	0.00851	0.00284	0.01134	0.00756	0.00378	0.00945
3	0.02009	0.02296	0.05022	0.03587	0.04448	0.02152	0.61693	0.02726	0.02009	0.02726	0.01722	0.02296	0.01291	0.00717	0.01004	0.00287	0.01435	0.01004	0.00430	0.01148
4	0.02009	0.02296	0.05022	0.03587	0.04448	0.02152	0.61693	0.02726	0.02009	0.02726	0.01722	0.02296	0.01291	0.00717	0.01004	0.00287	0.01435	0.01004	0.00430	0.01148
5	0.01280	0.00941	0.01244	0.01405	0.01580	0.00929	0.01141	0.01683	0.04806	0.02466	0.04857	0.26479	0.10034	0.02368	0.01120	0.00365	0.00665	0.35068	0.00790	0.00778
6	0.03179	0.04056	0.02412	0.02192	0.02631	0.66676	0.01644	0.03398	0.02412	0.02083	0.01315	0.01535	0.01096	0.00877	0.00767	0.00219	0.01535	0.00548	0.00438	0.00987
7	0.03341	0.01770	0.02124	0.01670	0.02293	0.01777	0.01364	0.24007	0.08082	0.36415	0.02976	0.05786	0.02087	0.01127	0.00866	0.00267	0.00782	0.00908	0.00955	0.01403
8	0.01171	0.00879	0.00980	0.00961	0.01226	0.00758	0.00718	0.01428	0.02044	0.05178	0.20755	0.12098	0.44673	0.02053	0.01005	0.00286	0.00441	0.01745	0.00834	0.00766
9	0.02313	0.01926	0.02035	0.01772	0.02288	0.02208	0.01394	0.14597	0.52852	0.03876	0.03214	0.02976	0.02396	0.01131	0.00863	0.00283	0.00720	0.00928	0.00863	0.01365
10	0.03235	0.02384	0.02554	0.01958	0.02639	0.02639	0.01618	0.61946	0.04001	0.05363	0.02043	0.02043	0.01447	0.01022	0.00851	0.00255	0.00936	0.00766	0.00851	0.01447
11	0.01233	0.00842	0.01013	0.01013	0.01042	0.00871	0.00621	0.01292	0.01263	0.01713	0.02604	0.05142	0.02908	0.57859	0.16311	0.00929	0.01104	0.01175	0.00504	0.00563
12	0.01067	0.00824	0.00983	0.01095	0.01266	0.00740	0.00803	0.01275	0.01806	0.02275	0.06364	0.35312	0.30934	0.02405	0.01063	0.00326	0.00504	0.09454	0.00789	0.00715
13	0.02275	0.70604	0.04459	0.01456	0.02184	0.03367	0.01456	0.02548	0.01729	0.02002	0.01183	0.01365	0.01092	0.00728	0.00546	0.00182	0.00910	0.00455	0.00364	0.01092
14	0.03818	0.01448	0.01975	0.01514	0.02172	0.01251	0.01251	0.04147	0.02436	0.65373	0.03357	0.02897	0.02107	0.01053	0.00856	0.00263	0.00724	0.00856	0.01053	0.01448
15	0.03235	0.02384	0.02554	0.01958	0.02639	0.02639	0.01618	0.61946	0.04001	0.05363	0.02043	0.02043	0.01447	0.01022	0.00851	0.00255	0.00936	0.00766	0.00851	0.01447
16	0.01654	0.01401	0.01794	0.01613	0.01964	0.01495	0.06200	0.02945	0.30130	0.03145	0.17748	0.18690	0.04429	0.01592	0.00959	0.00296	0.00634	0.01426	0.00829	0.01057
17	0.01178	0.00869	0.01101	0.01043	0.01255	0.00792	0.00782	0.01556	0.02347	0.03267	0.57041	0.06597	0.15414	0.01794	0.01004	0.00270	0.00405	0.01573	0.00918	0.00792
18	0.01216	0.00912	0.01368	0.01368	0.01520	0.01064	0.01064	0.01520	0.01368	0.01976	0.02279	0.03343	0.02127	0.06382	0.66720	0.01368	0.02279	0.00912	0.00456	0.00760
19	0.71879	0.01689	0.01326	0.01168	0.01703	0.01951	0.00962	0.05948	0.01596	0.03908	0.01235	0.01421	0.00952	0.00803	0.00545	0.00263	0.00674	0.00479	0.00545	0.00952
20	0.02115	0.02036	0.02487	0.02105	0.02277	0.07215	0.01733	0.10392	0.01784	0.02542	0.01331	0.01923	0.01213	0.01553	0.05102	0.00377	0.47845	0.00728	0.00454	0.04789
21	0.06014	0.02035	0.02073	0.01782	0.02307	0.05013	0.01424	0.21804	0.35754	0.03999	0.02888	0.03060	0.02239	0.01157	0.00860	0.00280	0.00798	0.04384	0.00822	0.01307
22	0.02164	0.01737	0.08268	0.01419	0.02157	0.01217	0.01262	0.02596	0.01972	0.16652	0.07337	0.02414	0.02012	0.00838	0.00730	0.00183	0.00695	0.00684	0.00648	0.45015
23	0.02297	0.09542	0.22687	0.02696	0.10631	0.04305	0.14013	0.07243	0.02103	0.11083	0.01840	0.02098	0.01354	0.01019	0.03106	0.00297	0.01179	0.00749	0.00516	0.01243
24	0.01140	0.00861	0.01258	0.01346	0.01468	0.00811	0.04106	0.01368	0.01752	0.02349	0.09556	0.53880	0.05518	0.02448	0.01085	0.00341	0.00569	0.08624	0.00782	0.00735
25	0.01809	0.03165	0.32821	0.02863	0.03858	0.01971	0.30072	0.02629	0.01940	0.02763	0.06271	0.02365	0.01692	0.00835	0.00914	0.00277	0.01276	0.00870	0.00435	0.01173
26	0.13904	0.02021	0.02441	0.07671	0.10860	0.05169	0.04834	0.23595	0.02567	0.06415	0.01994	0.07694	0.01669	0.01077	0.00918	0.00272	0.04207	0.00862	0.00644	0.01185
27	0.02450	0.04551	0.02147	0.01868	0.06722	0.01640	0.04223	0.13176	0.09167	0.18855	0.03269	0.11505	0.05851	0.06966	0.01182	0.00324	0.00786	0.03363	0.00790	0.01166
28	0.01049	0.00746	0.00984	0.01169	0.01216	0.00699	0.00773	0.01188	0.01606	0.02141	0.04569	0.65657	0.05475	0.06756	0.01283	0.00375	0.00514	0.02348	0.00773	0.00681

[dist]
# distance from previous block
# <min> <max>
0	3

[block]
# block no. 9 follows, 21 sequences, length 15
# corresponding to MSA columns:
# 476-490
name=unknown_J
#
# <colnr> <probs for GDERKNQSTAVLIFYWHMCP>
#	G	D	E	R	K	N	Q	S	T	A	V	L	I	F	Y	W	H	M	C	P
0	0.02827	0.02014	0.02423	0.16409	0.03245	0.02193	0.01691	0.37293	0.03134	0.11415	0.02036	0.02170	0.01440	0.00956	0.00834	0.00252	0.00931	0.00753	0.00743	0.07240
1	0.35931	0.05825	0.02064	0.01565	0.02168	0.05530	0.01297	0.29109	0.02652	0.04324	0.01575	0.01684	0.01174	0.00894	0.00685	0.00253	0.00840	0.00601	0.00659	0.01169
2	0.02028	0.01548	0.01932	0.06174	0.02274	0.01563	0.03206	0.17959	0.02299	0.05628	0.02552	0.17970	0.02496	0.07073	0.01233	0.00302	0.03676	0.01138	0.00669	0.18283
3	0.02546	0.10895	0.24006	0.02092	0.02885	0.21452	0.02086	0.10795	0.06750	0.06143	0.01730	0.01862	0.01297	0.00886	0.00780	0.00244	0.01190	0.00640	0.00521	0.01200
4	0.76103	0.01646	0.01251	0.01119	0.01646	0.01909	0.00922	0.02502	0.01448	0.03818	0.01185	0.01382	0.00922	0.00790	0.00527	0.00263	0.00658	0.00461	0.00527	0.00922
5	0.01706	0.01575	0.02627	0.06754	0.34213	0.01607	0.05148	0.02091	0.01795	0.02507	0.02612	0.24668	0.02755	0.01435	0.01031	0.00293	0.04239	0.01326	0.00540	0.01077
6	0.01055	0.00755	0.01004	0.01173	0.01238	0.00703	0.00791	0.01231	0.01714	0.02307	0.11177	0.62665	0.05890	0.02565	0.01077	0.00337	0.00484	0.02324	0.00806	0.00703
7	0.03563	0.01555	0.02011	0.01554	0.02187	0.01435	0.01279	0.12840	0.02674	0.52252	0.07023	0.02985	0.02381	0.01092	0.00864	0.00262	0.00736	0.00885	0.01015	0.01407
8	0.01161	0.00868	0.01077	0.01025	0.01244	0.00784	0.00768	0.01521	0.02305	0.03167	0.52041	0.06761	0.20476	0.01831	0.01004	0.00272	0.00408	0.01596	0.00904	0.00784
9	0.03040	0.03696	0.02443	0.02180	0.02588	0.55063	0.01666	0.07498	0.02406	0.02317	0.01347	0.01607	0.01124	0.00954	0.00994	0.00239	0.08778	0.00585	0.00461	0.01014
10	0.08516	0.12966	0.07187	0.01920	0.05137	0.04675	0.03900	0.19276	0.10241	0.03532	0.01953	0.02116	0.01507	0.00950	0.00852	0.00250	0.04440	0.00710	0.08683	0.01190
11	0.01808	0.05895	0.19116	0.28117	0.14362	0.02048	0.11717	0.02480	0.01812	0.02480	0.01546	0.02083	0.01177	0.00799	0.00847	0.00271	0.01181	0.00748	0.00388	0.01127
12	0.01267	0.00899	0.01065	0.01041	0.01063	0.00952	0.00647	0.01309	0.01280	0.01726	0.02796	0.05280	0.05421	0.58350	0.08540	0.00812	0.05265	0.01206	0.00513	0.00568
13	0.02322	0.02050	0.07436	0.08858	0.15061	0.02011	0.01854	0.17164	0.16622	0.06705	0.02295	0.02628	0.01774	0.01148	0.01039	0.05710	0.00905	0.02518	0.00659	0.01243
14	0.02230	0.65312	0.09354	0.01534	0.02304	0.03256	0.01591	0.02560	0.01735	0.02058	0.01211	0.01400	0.01091	0.00734	0.00567	0.00189	0.00938	0.00469	0.00364	0.01105

[dist]
# distance from previous block
# <min> <max>
1	2

[block]
# block no. 10 follows, 21 sequences, length 9
# corresponding to MSA columns:
# 493-501
name=unknown_K
#
# <colnr> <probs for GDERKNQSTAVLIFYWHMCP>
#	G	D	E	R	K	N	Q	S	T	A	V	L	I	F	Y	W	H	M	C	P
0	0.64574	0.01935	0.06885	0.01291	0.01891	0.01966	0.01162	0.06703	0.01658	0.03830	0.01275	0.01465	0.00972	0.00808	0.00574	0.00263	0.00729	0.00497	0.00535	0.00988
1	0.01577	0.01461	0.02365	0.52931	0.04898	0.01829	0.02104	0.02044	0.01628	0.02131	0.01741	0.06740	0.01533	0.04962	0.01270	0.00328	0.08254	0.00889	0.00412	0.00903
2	0.02405	0.08100	0.02214	0.01464	0.02188	0.01684	0.01214	0.15430	0.02336	0.11595	0.01843	0.01939	0.01398	0.00781	0.00700	0.00178	0.00735	0.00603	0.00640	0.42553
3	0.01222	0.00886	0.01239	0.01239	0.01347	0.00994	0.00904	0.01437	0.01330	0.01880	0.02397	0.03994	0.02410	0.25006	0.48483	0.01209	0.01854	0.01007	0.00473	0.00688
4	0.01037	0.00741	0.00987	0.01185	0.01234	0.00691	0.00790	0.01185	0.01629	0.02172	0.04690	0.69537	0.05629	0.02666	0.01086	0.00346	0.00494	0.02419	0.00790	0.00691
5	0.01765	0.01513	0.01765	0.01260	0.02017	0.01134	0.01008	0.02143	0.01765	0.02773	0.01513	0.01765	0.01260	0.00630	0.00630	0.00126	0.00630	0.00504	0.00504	0.75295
6	0.01673	0.01203	0.01339	0.01161	0.01390	0.01197	0.00784	0.12355	0.01811	0.02479	0.02403	0.04400	0.02540	0.47897	0.03185	0.00624	0.00818	0.01050	0.00575	0.11116
7	0.01204	0.00870	0.01138	0.01071	0.01271	0.00803	0.00803	0.01606	0.02409	0.03413	0.64335	0.06357	0.08030	0.01740	0.01004	0.00268	0.00401	0.01539	0.00937	0.00803
8	0.09661	0.01832	0.02002	0.01731	0.05825	0.07646	0.01296	0.09509	0.02280	0.25052	0.02323	0.05319	0.01740	0.00962	0.00771	0.00228	0.00801	0.00761	0.00739	0.19523

[dist]
# distance from previous block
# <min> <max>
6	21

[block]
# block no. 11 follows, 21 sequences, length 355
# corresponding to MSA columns:
# 523-877
name=unknown_L
#
# <colnr> <probs for GDERKNQSTAVLIFYWHMCP>
#	G	D	E	R	K	N	Q	S	T	A	V	L	I	F	Y	W	H	M	C	P
0	0.51714	0.01807	0.05018	0.07158	0.02225	0.01897	0.01244	0.08190	0.01824	0.06366	0.04577	0.01860	0.01406	0.00877	0.00639	0.00265	0.00749	0.00596	0.00579	0.01009
1	0.05627	0.09553	0.41767	0.02348	0.06053	0.02073	0.05521	0.05974	0.01971	0.08916	0.01698	0.01897	0.01214	0.00829	0.00790	0.00260	0.01127	0.00659	0.00468	0.01254
2	0.05325	0.01519	0.02487	0.64706	0.05651	0.01892	0.02291	0.02191	0.01689	0.02256	0.01496	0.02225	0.01124	0.00848	0.00835	0.00283	0.01111	0.00742	0.00386	0.00944
3	0.01176	0.00863	0.01102	0.01054	0.01257	0.00789	0.00786	0.01547	0.02325	0.03240	0.55804	0.09407	0.13826	0.01825	0.01008	0.00273	0.00409	0.01606	0.00915	0.00789
4	0.01782	0.13116	0.57624	0.02298	0.03486	0.02159	0.02922	0.02676	0.01788	0.02604	0.01482	0.01740	0.01080	0.00798	0.00774	0.00258	0.01212	0.00606	0.00360	0.01236
5	0.01586	0.00793	0.00793	0.00793	0.00991	0.00793	0.00595	0.01983	0.01785	0.03173	0.02776	0.03173	0.02181	0.00991	0.00595	0.00198	0.00397	0.00793	0.74817	0.00793
6	0.01238	0.00825	0.00928	0.00928	0.00928	0.00825	0.00516	0.01238	0.01238	0.01650	0.02681	0.05569	0.03094	0.70092	0.04331	0.00825	0.00825	0.01238	0.00516	0.00516
7	0.01978	0.01638	0.01835	0.10782	0.02443	0.08250	0.01388	0.12194	0.04792	0.06212	0.03092	0.27425	0.03181	0.01707	0.01073	0.00306	0.05129	0.04901	0.00698	0.00974
8	0.03818	0.01448	0.01975	0.01514	0.02172	0.01251	0.01251	0.04147	0.02436	0.65373	0.03357	0.02897	0.02107	0.01053	0.00856	0.00263	0.00724	0.00856	0.01053	0.01448
9	0.76103	0.01646	0.01251	0.01119	0.01646	0.01909	0.00922	0.02502	0.01448	0.03818	0.01185	0.01382	0.00922	0.00790	0.00527	0.00263	0.00658	0.00461	0.00527	0.00922
10	0.02275	0.70604	0.04459	0.01456	0.02184	0.03367	0.01456	0.02548	0.01729	0.02002	0.01183	0.01365	0.01092	0.00728	0.00546	0.00182	0.00910	0.00455	0.00364	0.01092
11	0.09964	0.02258	0.02368	0.01856	0.02503	0.02518	0.01525	0.50580	0.09730	0.05037	0.02106	0.02095	0.01514	0.01013	0.00822	0.00259	0.00884	0.00757	0.00822	0.01388
12	0.01607	0.01513	0.02552	0.68047	0.05861	0.01891	0.02363	0.02174	0.01702	0.02174	0.01513	0.02269	0.01134	0.00851	0.00851	0.00284	0.01134	0.00756	0.00378	0.00945
13	0.01854	0.01078	0.01392	0.01214	0.01536	0.01005	0.00943	0.05781	0.02511	0.16019	0.48264	0.05398	0.06436	0.01558	0.00965	0.00266	0.00499	0.01354	0.00955	0.00972
14	0.03188	0.03792	0.02434	0.02155	0.02632	0.56553	0.01640	0.12653	0.02663	0.02601	0.01430	0.01615	0.01152	0.00900	0.00781	0.00225	0.01440	0.00583	0.00504	0.01059
