[name]
unknown

[dist]
# distance from previous block
# <min> <max>
1	6

[block]
# block no. 0 follows, 22 sequences, length 13
# corresponding to MSA columns:
# 6-18
name=unknown_A
#
# <colnr> <probs for GDERKNQSTAVLIFYWHMCP>
#	G	D	E	R	K	N	Q	S	T	A	V	L	I	F	Y	W	H	M	C	P
0	0.05007	0.01150	0.01381	0.09123	0.01955	0.01181	0.01030	0.04660	0.08770	0.04764	0.07255	0.19365	0.12605	0.06929	0.01134	0.00313	0.00623	0.01344	0.05537	0.05875
1	0.09976	0.00884	0.01002	0.01075	0.01218	0.00859	0.00731	0.01358	0.01531	0.02248	0.04044	0.41232	0.09972	0.15210	0.01572	0.00403	0.00562	0.01786	0.00679	0.03660
2	0.01660	0.01128	0.01352	0.01286	0.01578	0.01117	0.00991	0.07784	0.09085	0.09188	0.15963	0.21386	0.14480	0.01850	0.00974	0.00296	0.00567	0.07555	0.00837	0.00923
3	0.01259	0.00912	0.01139	0.01164	0.01311	0.00880	0.00810	0.05419	0.01796	0.02456	0.12967	0.38916	0.04790	0.13097	0.04600	0.00428	0.00637	0.01770	0.00724	0.04926
4	0.01904	0.01193	0.01411	0.01267	0.01561	0.01188	0.00943	0.14403	0.02217	0.10663	0.10572	0.22362	0.03702	0.11750	0.01381	0.00349	0.00630	0.01363	0.07846	0.03295
5	0.15325	0.01052	0.01220	0.01148	0.01358	0.01090	0.00828	0.04424	0.01567	0.08411	0.06230	0.11217	0.02605	0.14422	0.05808	0.20202	0.00765	0.01026	0.00587	0.00716
6	0.18929	0.01127	0.01177	0.01152	0.01452	0.01170	0.00896	0.01989	0.08883	0.03003	0.18977	0.12918	0.16087	0.01662	0.00882	0.00288	0.00535	0.07279	0.00753	0.00840
7	0.01674	0.01028	0.01193	0.01128	0.01387	0.00989	0.00833	0.08576	0.02020	0.10182	0.06360	0.23455	0.16330	0.07830	0.01191	0.00322	0.00555	0.01496	0.12597	0.00854
8	0.01465	0.00951	0.01149	0.01147	0.01338	0.00923	0.00825	0.07312	0.01974	0.06288	0.12634	0.34614	0.08863	0.06428	0.01158	0.00323	0.00529	0.01699	0.09576	0.00804
9	0.05581	0.00899	0.00995	0.01019	0.01198	0.00912	0.00739	0.05584	0.01773	0.02828	0.03174	0.26883	0.03178	0.01651	0.00915	0.04534	0.00488	0.01319	0.35564	0.00764
10	0.11590	0.01325	0.03861	0.01320	0.01704	0.01231	0.01045	0.02672	0.09678	0.21482	0.07002	0.18981	0.03210	0.09619	0.01255	0.00344	0.00651	0.01235	0.00786	0.01010
11	0.01679	0.01066	0.01275	0.01218	0.01470	0.01057	0.00897	0.06126	0.08933	0.10268	0.13202	0.26540	0.07710	0.06245	0.01138	0.00318	0.00552	0.01527	0.07880	0.00899
12	0.01903	0.01226	0.01451	0.01320	0.01589	0.01245	0.00967	0.16915	0.02226	0.10018	0.07426	0.27726	0.03726	0.16375	0.01642	0.00400	0.00677	0.01488	0.00768	0.00912

[dist]
# distance from previous block
# <min> <max>
6	8

[block]
# block no. 1 follows, 22 sequences, length 52
# corresponding to MSA columns:
# 27-78
name=unknown_B
#
# <colnr> <probs for GDERKNQSTAVLIFYWHMCP>
#	G	D	E	R	K	N	Q	S	T	A	V	L	I	F	Y	W	H	M	C	P
0	0.01809	0.08205	0.22754	0.02940	0.14023	0.01996	0.19628	0.02447	0.01834	0.02582	0.05298	0.05665	0.01774	0.00926	0.00949	0.00267	0.04464	0.00873	0.00436	0.01130
1	0.16063	0.06106	0.07213	0.09012	0.06613	0.02032	0.32132	0.02521	0.01785	0.02774	0.01504	0.01953	0.01156	0.00729	0.00814	0.00259	0.01128	0.00768	0.00429	0.05006
2	0.06231	0.01954	0.08473	0.27576	0.03795	0.01884	0.05764	0.15795	0.02183	0.03069	0.01741	0.05353	0.01400	0.00912	0.00802	0.00252	0.00975	0.00776	0.00518	0.10546
3	0.01009	0.00823	0.00893	0.00918	0.01150	0.00706	0.00672	0.01230	0.01895	0.02349	0.14312	0.18253	0.48617	0.02141	0.00995	0.00288	0.00428	0.01827	0.00788	0.00706
4	0.02027	0.01598	0.01896	0.05681	0.02307	0.01376	0.01169	0.11109	0.02073	0.06329	0.01646	0.01851	0.01292	0.00706	0.00672	0.00158	0.00695	0.00563	0.00562	0.56289
5	0.05143	0.06750	0.58110	0.02241	0.03381	0.01987	0.02825	0.02697	0.04539	0.02692	0.01547	0.01779	0.01113	0.00800	0.00769	0.00260	0.01162	0.00614	0.00381	0.01210
6	0.23905	0.26529	0.25958	0.01668	0.02508	0.02377	0.01865	0.02526	0.01631	0.02721	0.01277	0.01490	0.01012	0.00757	0.00620	0.00232	0.00939	0.00507	0.00400	0.01076
7	0.02327	0.07720	0.03287	0.03971	0.40961	0.18639	0.06081	0.02746	0.01998	0.02481	0.01469	0.01872	0.01231	0.00765	0.00792	0.00235	0.01135	0.00681	0.00412	0.01195
8	0.01010	0.00731	0.00956	0.01137	0.01200	0.00676	0.00762	0.01159	0.01610	0.02129	0.04825	0.66265	0.09333	0.02571	0.01055	0.00334	0.00478	0.02323	0.00771	0.00676
9	0.01021	0.00738	0.00966	0.01131	0.01202	0.00683	0.00764	0.01185	0.01657	0.02206	0.08691	0.62549	0.09103	0.02516	0.01051	0.00329	0.00473	0.02271	0.00780	0.00683
10	0.01176	0.00849	0.01110	0.01045	0.01241	0.00784	0.00784	0.01568	0.02352	0.03331	0.65184	0.06206	0.07839	0.01698	0.00980	0.00261	0.00392	0.01502	0.00914	0.00784
11	0.01095	0.00783	0.01026	0.01094	0.01205	0.00730	0.00763	0.01341	0.01907	0.02630	0.31296	0.38503	0.06402	0.05791	0.01191	0.00328	0.00459	0.01921	0.00821	0.00714
12	0.02066	0.01785	0.01878	0.01691	0.02160	0.02066	0.01315	0.04414	0.64121	0.03475	0.03381	0.03099	0.02536	0.01127	0.00845	0.00282	0.00657	0.00939	0.00845	0.01315
13	0.01176	0.00849	0.01110	0.01045	0.01241	0.00784	0.00784	0.01568	0.02352	0.03331	0.65184	0.06206	0.07839	0.01698	0.00980	0.00261	0.00392	0.01502	0.00914	0.00784
14	0.03727	0.01414	0.01928	0.01478	0.02121	0.01221	0.01221	0.04049	0.02378	0.66198	0.03277	0.02828	0.02056	0.01028	0.00835	0.00257	0.00707	0.00835	0.01028	0.01414
15	0.02066	0.01785	0.01878	0.01691	0.02160	0.02066	0.01315	0.04414	0.64121	0.03475	0.03381	0.03099	0.02536	0.01127	0.00845	0.00282	0.00657	0.00939	0.00845	0.01315
16	0.02026	0.02128	0.07138	0.04821	0.57415	0.01981	0.07107	0.02563	0.01889	0.02705	0.01567	0.02053	0.01296	0.00740	0.00832	0.00250	0.01032	0.00751	0.00408	0.01296
17	0.01749	0.14240	0.57278	0.02227	0.03378	0.02131	0.02825	0.02610	0.01744	0.02531	0.01441	0.01691	0.01054	0.00778	0.00751	0.00250	0.01177	0.00589	0.00351	0.01204
18	0.02066	0.01785	0.01878	0.01691	0.02160	0.02066	0.01315	0.04414	0.64121	0.03475	0.03381	0.03099	0.02536	0.01127	0.00845	0.00282	0.00657	0.00939	0.00845	0.01315
19	0.08526	0.61848	0.07357	0.01443	0.02164	0.03095	0.01464	0.02491	0.01668	0.02141	0.01173	0.01356	0.01051	0.00720	0.00545	0.00189	0.00885	0.00454	0.00369	0.01060
20	0.76672	0.01607	0.01221	0.01092	0.01607	0.01864	0.00900	0.02442	0.01414	0.03727	0.01157	0.01350	0.00900	0.00771	0.00514	0.00257	0.00643	0.00450	0.00514	0.00900
21	0.01207	0.00810	0.00931	0.00931	0.00939	0.00819	0.00534	0.01224	0.01215	0.01629	0.02595	0.05313	0.02966	0.67125	0.07834	0.00836	0.00886	0.01190	0.00500	0.00517
22	0.05498	0.01713	0.02823	0.39539	0.23740	0.01932	0.05357	0.05027	0.01836	0.02551	0.01521	0.02115	0.01183	0.00801	0.00820	0.00266	0.01054	0.00737	0.00413	0.01075
23	0.01569	0.01477	0.02492	0.68808	0.05722	0.01846	0.02307	0.02123	0.01661	0.02123	0.01477	0.02215	0.01107	0.00831	0.00831	0.00277	0.01107	0.00738	0.00369	0.00923
24	0.01208	0.00805	0.00906	0.00906	0.00906	0.00805	0.00503	0.01208	0.01208	0.01611	0.02618	0.05436	0.03020	0.70804	0.04228	0.00805	0.00805	0.01208	0.00503	0.00503
25	0.01252	0.00898	0.01197	0.01353	0.01492	0.00884	0.01055	0.04229	0.01836	0.02422	0.04382	0.40676	0.04997	0.02395	0.01088	0.00353	0.00625	0.27346	0.00771	0.00748
26	0.01689	0.01541	0.02492	0.63734	0.05483	0.01901	0.02252	0.06729	0.01831	0.02359	0.01516	0.02198	0.01131	0.00843	0.00831	0.00275	0.01093	0.00739	0.00404	0.00960
27	0.03096	0.02296	0.02458	0.01899	0.02553	0.02547	0.01564	0.59522	0.07337	0.05135	0.02074	0.02057	0.01477	0.01005	0.00832	0.00251	0.00900	0.00759	0.00832	0.01407
28	0.03727	0.01414	0.01928	0.01478	0.02121	0.01221	0.01221	0.04049	0.02378	0.66198	0.03277	0.02828	0.02056	0.01028	0.00835	0.00257	0.00707	0.00835	0.01028	0.01414
29	0.01937	0.01887	0.03318	0.19285	0.46367	0.01957	0.08156	0.02464	0.01846	0.02576	0.01554	0.02109	0.01264	0.00757	0.00839	0.00257	0.01053	0.00762	0.00403	0.01209
30	0.01652	0.01573	0.02223	0.05166	0.02149	0.02133	0.01622	0.01858	0.01309	0.01979	0.01481	0.04736	0.01495	0.05706	0.12153	0.00523	0.50152	0.00836	0.00398	0.00856
31	0.01207	0.00810	0.00927	0.00927	0.00934	0.00817	0.00530	0.01222	0.01214	0.01626	0.02598	0.05330	0.02974	0.67634	0.07335	0.00831	0.00875	0.01192	0.00501	0.00515
32	0.03103	0.03959	0.02354	0.02140	0.02568	0.67469	0.01605	0.03317	0.02354	0.02033	0.01284	0.01498	0.01070	0.00856	0.00749	0.00214	0.01498	0.00535	0.00428	0.00963
33	0.01187	0.00890	0.01335	0.01335	0.01483	0.01038	0.01038	0.01483	0.01335	0.01928	0.02225	0.03264	0.02077	0.06231	0.67512	0.01335	0.02225	0.00890	0.00445	0.00742
34	0.02119	0.01811	0.01908	0.01701	0.02180	0.02091	0.01328	0.07231	0.61219	0.03560	0.03314	0.03046	0.02482	0.01121	0.00845	0.00280	0.00670	0.00930	0.00845	0.01320
35	0.01125	0.00847	0.01040	0.00992	0.01210	0.00762	0.00744	0.01470	0.02232	0.03047	0.50358	0.06673	0.22842	0.01804	0.00980	0.00266	0.00399	0.01568	0.00877	0.00762
36	0.02056	0.01974	0.03372	0.05099	0.65622	0.01974	0.02550	0.02550	0.01892	0.02714	0.01563	0.02056	0.01316	0.00740	0.00822	0.00247	0.00987	0.00740	0.00411	0.01316
37	0.01176	0.00849	0.01110	0.01045	0.01241	0.00784	0.00784	0.01568	0.02352	0.03331	0.65184	0.06206	0.07839	0.01698	0.00980	0.00261	0.00392	0.01502	0.00914	0.00784
38	0.01023	0.00731	0.00974	0.01149	0.01207	0.00682	0.00772	0.01184	0.01641	0.02201	0.08579	0.66034	0.05649	0.02543	0.01055	0.00332	0.00476	0.02305	0.00781	0.00682
39	0.76672	0.01607	0.01221	0.01092	0.01607	0.01864	0.00900	0.02442	0.01414	0.03727	0.01157	0.01350	0.00900	0.00771	0.00514	0.00257	0.00643	0.00450	0.00514	0.00900
40	0.01690	0.01661	0.02621	0.59345	0.08973	0.05261	0.04432	0.02228	0.01721	0.02171	0.01479	0.02169	0.01123	0.00822	0.00831	0.00272	0.01131	0.00736	0.00376	0.00955
41	0.71758	0.06207	0.01428	0.01114	0.01641	0.01958	0.00934	0.02445	0.01432	0.03610	0.01157	0.01348	0.00911	0.00767	0.00515	0.00252	0.00659	0.00449	0.00504	0.00911
42	0.01767	0.07266	0.48257	0.02595	0.03702	0.02041	0.17505	0.02631	0.01801	0.02603	0.01520	0.01851	0.01104	0.00763	0.00823	0.00263	0.01252	0.00694	0.00368	0.01193
43	0.02018	0.01886	0.02938	0.07561	0.46259	0.01949	0.02207	0.02903	0.15081	0.02844	0.01940	0.02272	0.01560	0.00822	0.00819	0.00250	0.00907	0.00772	0.00505	0.04505
44	0.01443	0.00722	0.01082	0.01082	0.01082	0.00722	0.00722	0.01082	0.01082	0.01443	0.01443	0.02525	0.01443	0.02886	0.03247	0.75830	0.00722	0.00722	0.00361	0.00361
45	0.02120	0.02194	0.02513	0.24691	0.18728	0.16972	0.01975	0.05559	0.07248	0.02517	0.02096	0.02457	0.05520	0.00932	0.00821	0.00254	0.01076	0.00776	0.00482	0.01069
46	0.76672	0.01607	0.01221	0.01092	0.01607	0.01864	0.00900	0.02442	0.01414	0.03727	0.01157	0.01350	0.00900	0.00771	0.00514	0.00257	0.00643	0.00450	0.00514	0.00900
47	0.76672	0.01607	0.01221	0.01092	0.01607	0.01864	0.00900	0.02442	0.01414	0.03727	0.01157	0.01350	0.00900	0.00771	0.00514	0.00257	0.00643	0.00450	0.00514	0.00900
48	0.10384	0.59271	0.03880	0.01433	0.02104	0.07369	0.01377	0.02537	0.01702	0.02153	0.01164	0.01345	0.01048	0.00727	0.00545	0.00189	0.00902	0.00451	0.00377	0.01041
49	0.01187	0.00890	0.01335	0.01335	0.01483	0.01038	0.01038	0.01483	0.01335	0.01928	0.02225	0.03264	0.02077	0.06231	0.67512	0.01335	0.02225	0.00890	0.00445	0.00742
50	0.01287	0.00925	0.01276	0.01460	0.01639	0.00914	0.01246	0.01636	0.01875	0.02435	0.04574	0.16334	0.07192	0.02323	0.01131	0.00373	0.00719	0.51142	0.00766	0.00752
51	0.07727	0.02138	0.02249	0.01800	0.02404	0.02396	0.01465	0.43651	0.19418	0.04678	0.02300	0.02240	0.01671	0.01016	0.00814	0.00258	0.00829	0.00778	0.00814	0.01353

[dist]
# distance from previous block
# <min> <max>
0	1

[block]
# block no. 2 follows, 22 sequences, length 18
# corresponding to MSA columns:
# 80-97
name=unknown_C
#
# <colnr> <probs for GDERKNQSTAVLIFYWHMCP>
#	G	D	E	R	K	N	Q	S	T	A	V	L	I	F	Y	W	H	M	C	P
0	0.01723	0.01477	0.01723	0.01230	0.01969	0.01107	0.00984	0.02092	0.01723	0.02707	0.01477	0.01723	0.01230	0.00615	0.00615	0.00123	0.00615	0.00492	0.00492	0.75883
1	0.76672	0.01607	0.01221	0.01092	0.01607	0.01864	0.00900	0.02442	0.01414	0.03727	0.01157	0.01350	0.00900	0.00771	0.00514	0.00257	0.00643	0.00450	0.00514	0.00900
2	0.76672	0.01607	0.01221	0.01092	0.01607	0.01864	0.00900	0.02442	0.01414	0.03727	0.01157	0.01350	0.00900	0.00771	0.00514	0.00257	0.00643	0.00450	0.00514	0.00900
3	0.76672	0.01607	0.01221	0.01092	0.01607	0.01864	0.00900	0.02442	0.01414	0.03727	0.01157	0.01350	0.00900	0.00771	0.00514	0.00257	0.00643	0.00450	0.00514	0.00900
4	0.01961	0.02241	0.04902	0.03501	0.04342	0.02101	0.62605	0.02661	0.01961	0.02661	0.01681	0.02241	0.01261	0.00700	0.00980	0.00280	0.01401	0.00980	0.00420	0.01120
5	0.02056	0.01974	0.03372	0.05099	0.65622	0.01974	0.02550	0.02550	0.01892	0.02714	0.01563	0.02056	0.01316	0.00740	0.00822	0.00247	0.00987	0.00740	0.00411	0.01316
6	0.01156	0.00842	0.01088	0.01041	0.01233	0.00773	0.00775	0.01524	0.02283	0.03204	0.58670	0.09953	0.10801	0.01772	0.00985	0.00267	0.00399	0.01565	0.00899	0.00773
7	0.01684	0.01663	0.02481	0.63802	0.05485	0.06773	0.02254	0.02212	0.01713	0.02116	0.01462	0.02161	0.01105	0.00832	0.00824	0.00272	0.01137	0.00723	0.00374	0.00926
8	0.01010	0.00730	0.00956	0.01137	0.01200	0.00676	0.00763	0.01159	0.01609	0.02128	0.04815	0.66435	0.09170	0.02572	0.01056	0.00334	0.00478	0.02324	0.00771	0.00676
9	0.01012	0.00723	0.00964	0.01157	0.01205	0.00675	0.00771	0.01157	0.01591	0.02121	0.04579	0.70262	0.05495	0.02603	0.01060	0.00337	0.00482	0.02362	0.00771	0.00675
10	0.02140	0.02134	0.03290	0.04861	0.60549	0.07243	0.02474	0.02611	0.01929	0.02659	0.01540	0.02011	0.01296	0.00750	0.00817	0.00244	0.01028	0.00724	0.00413	0.01288
11	0.05931	0.06147	0.09573	0.01669	0.02362	0.01833	0.01517	0.21201	0.02684	0.31204	0.05656	0.02482	0.01942	0.00997	0.00806	0.00251	0.00821	0.00780	0.00826	0.01319
12	0.12942	0.01438	0.01839	0.01429	0.02056	0.01302	0.01180	0.03846	0.02256	0.58306	0.03010	0.02641	0.01910	0.00996	0.00795	0.00257	0.00699	0.00787	0.00963	0.01349
13	0.01030	0.00737	0.00980	0.01144	0.01209	0.00687	0.00773	0.01202	0.01675	0.02255	0.11287	0.63171	0.05754	0.02503	0.01051	0.00329	0.00472	0.02267	0.00787	0.00687
14	0.01853	0.06034	0.35751	0.02534	0.08272	0.01832	0.12968	0.02577	0.01869	0.07148	0.05602	0.06091	0.01838	0.00941	0.00844	0.00265	0.01095	0.00849	0.00474	0.01164
15	0.02104	0.19618	0.33420	0.02378	0.09848	0.07243	0.02358	0.08945	0.02024	0.02708	0.01457	0.01694	0.01123	0.00792	0.00734	0.00236	0.01109	0.00596	0.00415	0.01199
16	0.01200	0.00907	0.01145	0.01248	0.01471	0.00852	0.01044	0.01522	0.01941	0.02469	0.10704	0.08631	0.26391	0.02180	0.01075	0.00337	0.00613	0.34747	0.00779	0.00744
17	0.02006	0.02235	0.10512	0.04212	0.45417	0.01991	0.07037	0.02815	0.10142	0.02802	0.01805	0.02174	0.01443	0.00794	0.00834	0.00256	0.01002	0.00771	0.00463	0.01291

[dist]
# distance from previous block
# <min> <max>
0	1

[block]
# block no. 3 follows, 22 sequences, length 63
# corresponding to MSA columns:
# 99-161
name=unknown_D
#
# <colnr> <probs for GDERKNQSTAVLIFYWHMCP>
#	G	D	E	R	K	N	Q	S	T	A	V	L	I	F	Y	W	H	M	C	P
0	0.04927	0.06372	0.44935	0.02633	0.11782	0.04685	0.05114	0.02595	0.01812	0.02664	0.03943	0.01943	0.01355	0.00813	0.00785	0.00256	0.01143	0.00663	0.00394	0.01187
1	0.02273	0.55679	0.03957	0.01720	0.04988	0.09815	0.01522	0.02537	0.01733	0.02000	0.01181	0.01421	0.01080	0.00787	0.00745	0.00199	0.06454	0.00489	0.00366	0.01054
2	0.02024	0.02066	0.03592	0.10644	0.38449	0.04538	0.18406	0.02643	0.04441	0.02647	0.01649	0.02142	0.01321	0.00759	0.00863	0.00259	0.01115	0.00804	0.00428	0.01212
3	0.01037	0.00844	0.00918	0.00900	0.01156	0.00725	0.00675	0.01299	0.02024	0.02554	0.24588	0.07485	0.48919	0.01988	0.00981	0.00275	0.00413	0.01682	0.00812	0.00725
4	0.01009	0.00843	0.00879	0.00870	0.01139	0.00713	0.00652	0.01244	0.01957	0.02395	0.16308	0.07746	0.57298	0.02048	0.00982	0.00278	0.00417	0.01718	0.00791	0.00713
5	0.01020	0.00729	0.00971	0.01151	0.01207	0.00680	0.00772	0.01177	0.01628	0.02180	0.07563	0.67108	0.05610	0.02558	0.01056	0.00334	0.00478	0.02319	0.00778	0.00680
6	0.01197	0.00801	0.00909	0.00920	0.00922	0.00798	0.00518	0.01205	0.01229	0.01638	0.02724	0.08957	0.03155	0.67101	0.04056	0.00780	0.00788	0.01271	0.00518	0.00513
7	0.01125	0.00935	0.00994	0.00963	0.01246	0.00850	0.00727	0.01578	0.08042	0.02573	0.18827	0.07175	0.48143	0.01931	0.00968	0.00277	0.00438	0.01626	0.00806	0.00777
8	0.02195	0.68104	0.07322	0.01467	0.02202	0.03222	0.01500	0.02494	0.01691	0.01987	0.01171	0.01353	0.01065	0.00714	0.00545	0.00182	0.00905	0.00452	0.00355	0.01074
9	0.03158	0.02327	0.02493	0.01911	0.02576	0.02576	0.01579	0.62852	0.03906	0.05236	0.01995	0.01995	0.01413	0.00997	0.00831	0.00249	0.00914	0.00748	0.00831	0.01413
10	0.01188	0.00886	0.01313	0.01313	0.01454	0.01026	0.01011	0.01469	0.01329	0.01912	0.02245	0.03376	0.02126	0.09572	0.64237	0.01308	0.02152	0.00907	0.00448	0.00729
11	0.02221	0.71304	0.04353	0.01421	0.02132	0.03287	0.01421	0.02488	0.01688	0.01955	0.01155	0.01333	0.01066	0.00711	0.00533	0.00178	0.00888	0.00444	0.00355	0.01066
12	0.01176	0.00849	0.01110	0.01045	0.01241	0.00784	0.00784	0.01568	0.02352	0.03331	0.65184	0.06206	0.07839	0.01698	0.00980	0.00261	0.00392	0.01502	0.00914	0.00784
13	0.01264	0.00877	0.01090	0.01020	0.01259	0.00787	0.00771	0.01609	0.02244	0.06376	0.48461	0.06453	0.21166	0.01759	0.00973	0.00266	0.00415	0.01527	0.00887	0.00797
14	0.01208	0.00805	0.00906	0.00906	0.00906	0.00805	0.00503	0.01208	0.01208	0.01611	0.02618	0.05436	0.03020	0.70804	0.04228	0.00805	0.00805	0.01208	0.00503	0.00503
15	0.03575	0.01658	0.02079	0.01594	0.02242	0.01583	0.01317	0.19768	0.02786	0.49901	0.02934	0.02605	0.01884	0.01020	0.00834	0.00255	0.00762	0.00812	0.00976	0.01414
16	0.03158	0.02327	0.02493	0.01911	0.02576	0.02576	0.01579	0.62852	0.03906	0.05236	0.01995	0.01995	0.01413	0.00997	0.00831	0.00249	0.00914	0.00748	0.00831	0.01413
17	0.69444	0.01677	0.01346	0.01173	0.01702	0.01934	0.00966	0.08382	0.01659	0.03876	0.01239	0.01413	0.00950	0.00793	0.00545	0.00256	0.00669	0.00479	0.00545	0.00950
18	0.01723	0.01477	0.01723	0.01230	0.01969	0.01107	0.00984	0.02092	0.01723	0.02707	0.01477	0.01723	0.01230	0.00615	0.00615	0.00123	0.00615	0.00492	0.00492	0.75883
19	0.01996	0.01935	0.03370	0.12070	0.55145	0.01968	0.06275	0.02509	0.01870	0.02645	0.01560	0.02085	0.01289	0.00748	0.00833	0.00252	0.01026	0.00755	0.00407	0.01260
20	0.01666	0.04297	0.66500	0.02368	0.03596	0.01929	0.03069	0.02631	0.01754	0.02631	0.01491	0.01754	0.01052	0.00789	0.00789	0.00263	0.01228	0.00614	0.00351	0.01228
21	0.01033	0.00738	0.00987	0.01180	0.01237	0.00692	0.00807	0.01192	0.01611	0.02144	0.04567	0.66458	0.05450	0.02583	0.01066	0.00340	0.00500	0.05965	0.00771	0.00680
22	0.01012	0.00723	0.00964	0.01157	0.01205	0.00675	0.00771	0.01157	0.01591	0.02121	0.04579	0.70262	0.05495	0.02603	0.01060	0.00337	0.00482	0.02362	0.00771	0.00675
23	0.01970	0.01886	0.03216	0.16382	0.55014	0.01951	0.02507	0.02474	0.01851	0.02609	0.01547	0.02084	0.01279	0.00756	0.00824	0.00252	0.01008	0.00740	0.00404	0.01246
24	0.02056	0.01974	0.03372	0.05099	0.65622	0.01974	0.02550	0.02550	0.01892	0.02714	0.01563	0.02056	0.01316	0.00740	0.00822	0.00247	0.00987	0.00740	0.00411	0.01316
25	0.01208	0.00805	0.00906	0.00906	0.00906	0.00805	0.00503	0.01208	0.01208	0.01611	0.02618	0.05436	0.03020	0.70804	0.04228	0.00805	0.00805	0.01208	0.00503	0.00503
26	0.01919	0.02139	0.04528	0.03378	0.06632	0.02054	0.53862	0.02568	0.01941	0.02662	0.04772	0.02406	0.01578	0.00791	0.01065	0.00282	0.04900	0.00983	0.00441	0.01101
27	0.01961	0.02241	0.04902	0.03501	0.04342	0.02101	0.62605	0.02661	0.01961	0.02661	0.01681	0.02241	0.01261	0.00700	0.00980	0.00280	0.01401	0.00980	0.00420	0.01120
28	0.03416	0.01483	0.01919	0.01518	0.02128	0.01380	0.01239	0.04117	0.13960	0.54432	0.03297	0.02879	0.02146	0.01047	0.00837	0.00262	0.00698	0.00855	0.00994	0.01395
29	0.01935	0.01907	0.03098	0.26271	0.40051	0.04862	0.05031	0.02445	0.01838	0.02483	0.01526	0.02092	0.01233	0.00774	0.00829	0.00257	0.01068	0.00741	0.00398	0.01160
30	0.01818	0.01818	0.02545	0.02181	0.02181	0.02545	0.01818	0.01999	0.01272	0.01999	0.01091	0.01818	0.01091	0.01454	0.02726	0.00364	0.69284	0.00727	0.00364	0.00909
31	0.01919	0.01834	0.03125	0.22970	0.48819	0.01938	0.02482	0.02430	0.01827	0.02548	0.01538	0.02101	0.01257	0.00766	0.00825	0.00255	0.01021	0.00740	0.00399	0.01206
32	0.01176	0.00849	0.01110	0.01045	0.01241	0.00784	0.00784	0.01568	0.02352	0.03331	0.65184	0.06206	0.07839	0.01698	0.00980	0.00261	0.00392	0.01502	0.00914	0.00784
33	0.01176	0.00849	0.01110	0.01045	0.01241	0.00784	0.00784	0.01568	0.02352	0.03331	0.65184	0.06206	0.07839	0.01698	0.00980	0.00261	0.00392	0.01502	0.00914	0.00784
34	0.01208	0.00805	0.00906	0.00906	0.00906	0.00805	0.00503	0.01208	0.01208	0.01611	0.02618	0.05436	0.03020	0.70804	0.04228	0.00805	0.00805	0.01208	0.00503	0.00503
35	0.03158	0.02327	0.02493	0.01911	0.02576	0.02576	0.01579	0.62852	0.03906	0.05236	0.01995	0.01995	0.01413	0.00997	0.00831	0.00249	0.00914	0.00748	0.00831	0.01413
36	0.03402	0.01935	0.02251	0.01726	0.02381	0.01995	0.01425	0.37633	0.03251	0.31380	0.02545	0.02352	0.01689	0.01011	0.00833	0.00253	0.00825	0.00785	0.00916	0.01413
37	0.01666	0.04297	0.66500	0.02368	0.03596	0.01929	0.03069	0.02631	0.01754	0.02631	0.01491	0.01754	0.01052	0.00789	0.00789	0.00263	0.01228	0.00614	0.00351	0.01228
38	0.02583	0.01966	0.02114	0.01761	0.02315	0.02206	0.01409	0.26470	0.37514	0.08059	0.02851	0.02665	0.02082	0.01072	0.00839	0.00268	0.00758	0.00860	0.00851	0.01358
39	0.01022	0.00731	0.00973	0.01150	0.01207	0.00682	0.00772	0.01182	0.01638	0.02196	0.08365	0.66260	0.05641	0.02546	0.01055	0.00333	0.00476	0.02308	0.00780	0.00682
40	0.00982	0.00842	0.00842	0.00842	0.01122	0.00701	0.00631	0.01192	0.01894	0.02244	0.08416	0.07995	0.65285	0.02104	0.00982	0.00281	0.00421	0.01753	0.00771	0.00701
41	0.01443	0.00722	0.01082	0.01082	0.01082	0.00722	0.00722	0.01082	0.01082	0.01443	0.01443	0.02525	0.01443	0.02886	0.03247	0.75830	0.00722	0.00722	0.00361	0.00361
42	0.01723	0.01477	0.01723	0.01230	0.01969	0.01107	0.00984	0.02092	0.01723	0.02707	0.01477	0.01723	0.01230	0.00615	0.00615	0.00123	0.00615	0.00492	0.00492	0.75883
43	0.02221	0.71304	0.04353	0.01421	0.02132	0.03287	0.01421	0.02488	0.01688	0.01955	0.01155	0.01333	0.01066	0.00711	0.00533	0.00178	0.00888	0.00444	0.00355	0.01066
44	0.01569	0.01477	0.02492	0.68808	0.05722	0.01846	0.02307	0.02123	0.01661	0.02123	0.01477	0.02215	0.01107	0.00831	0.00831	0.00277	0.01107	0.00738	0.00369	0.00923
45	0.01818	0.01818	0.02545	0.02181	0.02181	0.02545	0.01818	0.01999	0.01272	0.01999	0.01091	0.01818	0.01091	0.01454	0.02726	0.00364	0.69284	0.00727	0.00364	0.00909
46	0.01012	0.00723	0.00964	0.01157	0.01205	0.00675	0.00771	0.01157	0.01591	0.02121	0.04579	0.70262	0.05495	0.02603	0.01060	0.00337	0.00482	0.02362	0.00771	0.00675
47	0.05160	0.04172	0.63460	0.02308	0.03503	0.01926	0.02968	0.02622	0.01738	0.02682	0.01475	0.01735	0.01045	0.00788	0.00776	0.00263	0.01200	0.00606	0.00358	0.01212
48	0.02221	0.71304	0.04353	0.01421	0.02132	0.03287	0.01421	0.02488	0.01688	0.01955	0.01155	0.01333	0.01066	0.00711	0.00533	0.00178	0.00888	0.00444	0.00355	0.01066
49	0.02056	0.01974	0.03372	0.05099	0.65622	0.01974	0.02550	0.02550	0.01892	0.02714	0.01563	0.02056	0.01316	0.00740	0.00822	0.00247	0.00987	0.00740	0.00411	0.01316
50	0.01586	0.01478	0.02101	0.01871	0.01925	0.01992	0.01532	0.01810	0.01295	0.01973	0.01506	0.02348	0.01452	0.03205	0.26474	0.00720	0.44703	0.00787	0.00393	0.00848
51	0.01723	0.01477	0.01723	0.01230	0.01969	0.01107	0.00984	0.02092	0.01723	0.02707	0.01477	0.01723	0.01230	0.00615	0.00615	0.00123	0.00615	0.00492	0.00492	0.75883
52	0.01749	0.01716	0.02412	0.02089	0.02105	0.02380	0.01732	0.01943	0.01279	0.01992	0.01214	0.01975	0.01198	0.01976	0.09802	0.00470	0.61960	0.00745	0.00372	0.00891
53	0.01202	0.00880	0.01114	0.01034	0.01245	0.00801	0.00762	0.01547	0.02188	0.03086	0.53213	0.05954	0.09441	0.08229	0.01268	0.00306	0.00445	0.01428	0.00845	0.05011
54	0.01596	0.01505	0.02542	0.65196	0.09117	0.01853	0.02321	0.02147	0.01674	0.02156	0.01481	0.02206	0.01119	0.00825	0.00830	0.00275	0.01101	0.00738	0.00372	0.00945
55	0.01666	0.04297	0.66500	0.02368	0.03596	0.01929	0.03069	0.02631	0.01754	0.02631	0.01491	0.01754	0.01052	0.00789	0.00789	0.00263	0.01228	0.00614	0.00351	0.01228
56	0.76672	0.01607	0.01221	0.01092	0.01607	0.01864	0.00900	0.02442	0.01414	0.03727	0.01157	0.01350	0.00900	0.00771	0.00514	0.00257	0.00643	0.00450	0.00514	0.00900
57	0.02654	0.03108	0.02791	0.03409	0.29610	0.39380	0.02010	0.02988	0.02156	0.02325	0.01404	0.01737	0.01176	0.00806	0.00781	0.00228	0.01279	0.00623	0.00421	0.01114
58	0.01569	0.01477	0.02492	0.68808	0.05722	0.01846	0.02307	0.02123	0.01661	0.02123	0.01477	0.02215	0.01107	0.00831	0.00831	0.00277	0.01107	0.00738	0.00369	0.00923
59	0.01208	0.00805	0.00906	0.00906	0.00906	0.00805	0.00503	0.01208	0.01208	0.01611	0.02618	0.05436	0.03020	0.70804	0.04228	0.00805	0.00805	0.01208	0.00503	0.00503
60	0.01012	0.00723	0.00964	0.01157	0.01205	0.00675	0.00771	0.01157	0.01591	0.02121	0.04579	0.70262	0.05495	0.02603	0.01060	0.00337	0.00482	0.02362	0.00771	0.00675
61	0.76672	0.01607	0.01221	0.01092	0.01607	0.01864	0.00900	0.02442	0.01414	0.03727	0.01157	0.01350	0.00900	0.00771	0.00514	0.00257	0.00643	0.00450	0.00514	0.00900
62	0.03287	0.02120	0.02365	0.01813	0.02473	0.02269	0.01498	0.49529	0.03560	0.19048	0.02285	0.02183	0.01559	0.01004	0.00832	0.00251	0.00867	0.00768	0.00876	0.01413

[dist]
# distance from previous block
# <min> <max>
0	20

[block]
# block no. 4 follows, 22 sequences, length 321
# corresponding to MSA columns:
# 182-502
name=unknown_E
#
# <colnr> <probs for GDERKNQSTAVLIFYWHMCP>
#	G	D	E	R	K	N	Q	S	T	A	V	L	I	F	Y	W	H	M	C	P
0	0.76672	0.01607	0.01221	0.01092	0.01607	0.01864	0.00900	0.02442	0.01414	0.03727	0.01157	0.01350	0.00900	0.00771	0.00514	0.00257	0.00643	0.00450	0.00514	0.00900
1	0.76672	0.01607	0.01221	0.01092	0.01607	0.01864	0.00900	0.02442	0.01414	0.03727	0.01157	0.01350	0.00900	0.00771	0.00514	0.00257	0.00643	0.00450	0.00514	0.00900
2	0.01208	0.00805	0.00906	0.00906	0.00906	0.00805	0.00503	0.01208	0.01208	0.01611	0.02618	0.05436	0.03020	0.70804	0.04228	0.00805	0.00805	0.01208	0.00503	0.00503
3	0.01030	0.00857	0.00909	0.00935	0.01204	0.00736	0.00727	0.01264	0.01896	0.02277	0.07869	0.08182	0.57057	0.02130	0.01004	0.00294	0.00468	0.09679	0.00771	0.00710
4	0.76672	0.01607	0.01221	0.01092	0.01607	0.01864	0.00900	0.02442	0.01414	0.03727	0.01157	0.01350	0.00900	0.00771	0.00514	0.00257	0.00643	0.00450	0.00514	0.00900
5	0.01188	0.00887	0.01318	0.01318	0.01460	0.01029	0.01017	0.01472	0.01330	0.01916	0.02241	0.03351	0.02115	0.08837	0.64958	0.01314	0.02168	0.00903	0.00447	0.00732
6	0.01578	0.00900	0.01187	0.01166	0.01386	0.00814	0.00853	0.01837	0.01995	0.14681	0.23555	0.34120	0.08671	0.01994	0.00988	0.00295	0.00493	0.01770	0.00865	0.00851
7	0.02076	0.01583	0.01962	0.01424	0.02150	0.01300	0.03922	0.07873	0.02002	0.09622	0.01723	0.01888	0.01335	0.00698	0.00675	0.00156	0.00689	0.00574	0.00576	0.57772
8	0.03106	0.03875	0.02361	0.02128	0.02569	0.64111	0.01604	0.06398	0.02435	0.02199	0.01321	0.01524	0.01088	0.00863	0.00753	0.00216	0.01468	0.00546	0.00449	0.00986
9	0.01038	0.00794	0.00953	0.01018	0.01183	0.00709	0.00724	0.01262	0.01871	0.02437	0.19586	0.33490	0.27499	0.02220	0.01014	0.00300	0.00440	0.01950	0.00803	0.00709
10	0.02005	0.01922	0.03279	0.11799	0.59323	0.01960	0.02524	0.02505	0.01867	0.02652	0.01554	0.02073	0.01294	0.00750	0.00823	0.00250	0.01000	0.00740	0.00407	0.01275
11	0.01887	0.03446	0.43366	0.02971	0.15057	0.01922	0.10620	0.02696	0.01840	0.06068	0.01625	0.01931	0.01182	0.00781	0.00823	0.00262	0.01178	0.00697	0.00407	0.01240
12	0.01264	0.00903	0.01253	0.01445	0.01604	0.00892	0.01210	0.01593	0.01839	0.02403	0.04440	0.23225	0.04943	0.02365	0.01128	0.00372	0.00701	0.46910	0.00766	0.00744
13	0.01142	0.00837	0.01072	0.01036	0.01227	0.00766	0.00768	0.01494	0.02238	0.03117	0.54225	0.12337	0.13001	0.01821	0.00988	0.00270	0.00403	0.01606	0.00888	0.00766
14	0.03214	0.02091	0.05702	0.01776	0.02452	0.02050	0.01522	0.36325	0.06505	0.25893	0.02482	0.02327	0.01674	0.01004	0.00831	0.00254	0.00846	0.00781	0.00874	0.01398
15	0.02492	0.38725	0.10437	0.01782	0.02456	0.23821	0.01670	0.05819	0.02022	0.02220	0.01276	0.01466	0.01083	0.00781	0.00646	0.00202	0.01124	0.00507	0.00402	0.01068
16	0.01443	0.00722	0.01082	0.01082	0.01082	0.00722	0.00722	0.01082	0.01082	0.01443	0.01443	0.02525	0.01443	0.02886	0.03247	0.75830	0.00722	0.00722	0.00361	0.00361
17	0.02604	0.01992	0.02137	0.01772	0.02332	0.02237	0.01420	0.28760	0.35943	0.07331	0.02798	0.02625	0.02044	0.01068	0.00839	0.00267	0.00767	0.00854	0.00848	0.01361
18	0.72806	0.01639	0.01411	0.01217	0.01748	0.01876	0.04093	0.02453	0.01442	0.03672	0.01184	0.01396	0.00918	0.00767	0.00538	0.00258	0.00682	0.00477	0.00509	0.00911
19	0.12186	0.09334	0.22030	0.02877	0.23333	0.01970	0.02191	0.02761	0.01833	0.11526	0.01684	0.01906	0.01259	0.00796	0.00745	0.00248	0.00965	0.00647	0.00487	0.01223
20	0.02221	0.71304	0.04353	0.01421	0.02132	0.03287	0.01421	0.02488	0.01688	0.01955	0.01155	0.01333	0.01066	0.00711	0.00533	0.00178	0.00888	0.00444	0.00355	0.01066
21	0.16300	0.27221	0.02884	0.01649	0.02238	0.20521	0.01405	0.13906	0.02232	0.02910	0.01347	0.01504	0.01101	0.00815	0.00644	0.00216	0.01016	0.00527	0.00493	0.01072
22	0.02140	0.61518	0.13429	0.01560	0.02346	0.03089	0.01662	0.02508	0.01698	0.02053	0.01204	0.01394	0.01064	0.00722	0.00570	0.00190	0.00938	0.00469	0.00355	0.01090
23	0.03158	0.02327	0.02493	0.01911	0.02576	0.02576	0.01579	0.62852	0.03906	0.05236	0.01995	0.01995	0.01413	0.00997	0.00831	0.00249	0.00914	0.00748	0.00831	0.01413
24	0.02221	0.71304	0.04353	0.01421	0.02132	0.03287	0.01421	0.02488	0.01688	0.01955	0.01155	0.01333	0.01066	0.00711	0.00533	0.00178	0.00888	0.00444	0.00355	0.01066
25	0.01961	0.02241	0.04902	0.03501	0.04342	0.02101	0.62605	0.02661	0.01961	0.02661	0.01681	0.02241	0.01261	0.00700	0.00980	0.00280	0.01401	0.00980	0.00420	0.01120
26	0.01012	0.00723	0.00964	0.01157	0.01205	0.00675	0.00771	0.01157	0.01591	0.02121	0.04579	0.70262	0.05495	0.02603	0.01060	0.00337	0.00482	0.02362	0.00771	0.00675
27	0.01208	0.00805	0.00906	0.00906	0.00906	0.00805	0.00503	0.01208	0.01208	0.01611	0.02618	0.05436	0.03020	0.70804	0.04228	0.00805	0.00805	0.01208	0.00503	0.00503
28	0.01201	0.00834	0.01049	0.01049	0.01098	0.00883	0.00681	0.01300	0.01250	0.01716	0.02487	0.04714	0.02707	0.49346	0.25258	0.00981	0.01277	0.01102	0.00484	0.00583
29	0.02066	0.01785	0.01878	0.01691	0.02160	0.02066	0.01315	0.04414	0.64121	0.03475	0.03381	0.03099	0.02536	0.01127	0.00845	0.00282	0.00657	0.00939	0.00845	0.01315
30	0.02041	0.02016	0.03314	0.11931	0.53079	0.04702	0.05707	0.02540	0.01889	0.02617	0.01548	0.02060	0.01280	0.00753	0.00829	0.00250	0.01044	0.00744	0.00408	0.01247
31	0.01011	0.00832	0.00890	0.00897	0.01146	0.00710	0.00665	0.01241	0.01931	0.02385	0.15982	0.13162	0.52090	0.02091	0.00988	0.00283	0.00422	0.01771	0.00791	0.00710
32	0.01189	0.00881	0.01291	0.01291	0.01424	0.01014	0.00983	0.01455	0.01322	0.01896	0.02266	0.03489	0.02175	0.12917	0.60960	0.01280	0.02078	0.00923	0.00451	0.00717
33	0.01043	0.00887	0.00904	0.00892	0.01177	0.00771	0.00671	0.01364	0.04908	0.02352	0.10736	0.07679	0.59674	0.02039	0.00975	0.00280	0.00431	0.01703	0.00781	0.00735
34	0.02587	0.43351	0.03523	0.01720	0.02313	0.29928	0.01498	0.02832	0.01965	0.01987	0.01209	0.01401	0.01068	0.00771	0.00623	0.00193	0.01141	0.00482	0.00386	0.01023
35	0.01870	0.01532	0.01963	0.01530	0.04974	0.01201	0.04034	0.02257	0.01781	0.06516	0.01598	0.01829	0.01285	0.00650	0.00655	0.00144	0.00675	0.00548	0.00517	0.64440
36	0.02719	0.02830	0.32679	0.01922	0.02844	0.01623	0.02118	0.06203	0.02154	0.33019	0.02366	0.02277	0.01548	0.00913	0.00813	0.00260	0.00965	0.00726	0.00696	0.01325
37	0.02050	0.02038	0.03397	0.10113	0.52516	0.04648	0.07948	0.02556	0.01898	0.02632	0.01555	0.02063	0.01284	0.00749	0.00834	0.00251	0.01055	0.00753	0.00409	0.01251
38	0.01587	0.01495	0.02525	0.66403	0.07983	0.01851	0.02316	0.02139	0.01670	0.02145	0.01480	0.02209	0.01115	0.00827	0.00830	0.00276	0.01103	0.00738	0.00371	0.00938
39	0.02000	0.01915	0.03241	0.04879	0.62284	0.01908	0.02450	0.02479	0.01892	0.02690	0.01917	0.02363	0.04626	0.00811	0.00831	0.00248	0.00958	0.00793	0.00430	0.01284
40	0.03177	0.02261	0.02376	0.01853	0.02492	0.05847	0.01517	0.48545	0.06729	0.13357	0.02205	0.02140	0.01541	0.01001	0.00828	0.00250	0.00904	0.00758	0.00837	0.01384
41	0.00988	0.00819	0.00865	0.00901	0.01138	0.00696	0.00658	0.01186	0.01836	0.02221	0.07689	0.19782	0.53967	0.02198	0.00997	0.00291	0.00432	0.01868	0.00771	0.00696
42	0.03103	0.03959	0.02354	0.02140	0.02568	0.67469	0.01605	0.03317	0.02354	0.02033	0.01284	0.01498	0.01070	0.00856	0.00749	0.00214	0.01498	0.00535	0.00428	0.00963
43	0.00982	0.00842	0.00842	0.00842	0.01122	0.00701	0.00631	0.01192	0.01894	0.02244	0.08416	0.07995	0.65285	0.02104	0.00982	0.00281	0.00421	0.01753	0.00771	0.00701
44	0.02066	0.01785	0.01878	0.01691	0.02160	0.02066	0.01315	0.04414	0.64121	0.03475	0.03381	0.03099	0.02536	0.01127	0.00845	0.00282	0.00657	0.00939	0.00845	0.01315
45	0.01018	0.00728	0.00969	0.01153	0.01206	0.00679	0.00772	0.01172	0.01619	0.02166	0.06866	0.67844	0.05583	0.02569	0.01057	0.00335	0.00479	0.02329	0.00777	0.00679
46	0.02221	0.71304	0.04353	0.01421	0.02132	0.03287	0.01421	0.02488	0.01688	0.01955	0.01155	0.01333	0.01066	0.00711	0.00533	0.00178	0.00888	0.00444	0.00355	0.01066
47	0.02948	0.02589	0.02347	0.01916	0.02481	0.17757	0.01534	0.40610	0.08450	0.04155	0.01956	0.02038	0.01462	0.01256	0.04399	0.00302	0.01101	0.00721	0.00716	0.01262
48	0.02034	0.01951	0.03331	0.08040	0.62857	0.01968	0.02538	0.02530	0.01881	0.02687	0.01559	0.02063	0.01306	0.00744	0.00823	0.00248	0.00992	0.00740	0.00409	0.01298
49	0.01549	0.00774	0.00774	0.00774	0.00968	0.00774	0.00581	0.01936	0.01742	0.03097	0.02710	0.03097	0.02129	0.00968	0.00581	0.00194	0.00387	0.00774	0.75416	0.00774
50	0.01569	0.01477	0.02492	0.68808	0.05722	0.01846	0.02307	0.02123	0.01661	0.02123	0.01477	0.02215	0.01107	0.00831	0.00831	0.00277	0.01107	0.00738	0.00369	0.00923
51	0.01055	0.00761	0.01008	0.01191	0.01271	0.00714	0.00841	0.01235	0.01651	0.02177	0.04760	0.58649	0.08607	0.02534	0.01068	0.00340	0.00517	0.10163	0.00770	0.00688
52	0.01208	0.00805	0.00906	0.00906	0.00906	0.00805	0.00503	0.01208	0.01208	0.01611	0.02618	0.05436	0.03020	0.70804	0.04228	0.00805	0.00805	0.01208	0.00503	0.00503
53	0.01961	0.02241	0.04902	0.03501	0.04342	0.02101	0.62605	0.02661	0.01961	0.02661	0.01681	0.02241	0.01261	0.00700	0.00980	0.00280	0.01401	0.00980	0.00420	0.01120
54	0.03103	0.03959	0.02354	0.02140	0.02568	0.67469	0.01605	0.03317	0.02354	0.02033	0.01284	0.01498	0.01070	0.00856	0.00749	0.00214	0.01498	0.00535	0.00428	0.00963
55	0.01012	0.00723	0.00964	0.01157	0.01205	0.00675	0.00771	0.01157	0.01591	0.02121	0.04579	0.70262	0.05495	0.02603	0.01060	0.00337	0.00482	0.02362	0.00771	0.00675
56	0.01773	0.01770	0.02323	0.02035	0.02074	0.05565	0.01668	0.01965	0.01352	0.02001	0.01420	0.06050	0.01450	0.01956	0.08815	0.00449	0.55222	0.00831	0.00399	0.00881
57	0.76672	0.01607	0.01221	0.01092	0.01607	0.01864	0.00900	0.02442	0.01414	0.03727	0.01157	0.01350	0.00900	0.00771	0.00514	0.00257	0.00643	0.00450	0.00514	0.00900
58	0.03642	0.01550	0.02012	0.01543	0.02189	0.01424	0.01275	0.12838	0.02606	0.57085	0.03086	0.02703	0.01960	0.01024	0.00835	0.00256	0.00738	0.00822	0.00999	0.01414
59	0.01012	0.00723	0.00964	0.01157	0.01205	0.00675	0.00771	0.01157	0.01591	0.02121	0.04579	0.70262	0.05495	0.02603	0.01060	0.00337	0.00482	0.02362	0.00771	0.00675
60	0.02221	0.71304	0.04353	0.01421	0.02132	0.03287	0.01421	0.02488	0.01688	0.01955	0.01155	0.01333	0.01066	0.00711	0.00533	0.00178	0.00888	0.00444	0.00355	0.01066
61	0.01693	0.07520	0.63511	0.02322	0.03525	0.01995	0.02990	0.02624	0.01751	0.02598	0.01475	0.01734	0.01053	0.00785	0.00777	0.00259	0.01211	0.00606	0.00351	0.01220
62	0.01176	0.00849	0.01110	0.01045	0.01241	0.00784	0.00784	0.01568	0.02352	0.03331	0.65184	0.06206	0.07839	0.01698	0.00980	0.00261	0.00392	0.01502	0.00914	0.00784
63	0.01176	0.00849	0.01110	0.01045	0.01241	0.00784	0.00784	0.01568	0.02352	0.03331	0.65184	0.06206	0.07839	0.01698	0.00980	0.00261	0.00392	0.01502	0.00914	0.00784
64	0.01012	0.00723	0.00964	0.01157	0.01205	0.00675	0.00771	0.01157	0.01591	0.02121	0.04579	0.70262	0.05495	0.02603	0.01060	0.00337	0.00482	0.02362	0.00771	0.00675
65	0.02056	0.01974	0.03372	0.05099	0.65622	0.01974	0.02550	0.02550	0.01892	0.02714	0.01563	0.02056	0.01316	0.00740	0.00822	0.00247	0.00987	0.00740	0.00411	0.01316
66	0.01208	0.00805	0.00906	0.00906	0.00906	0.00805	0.00503	0.01208	0.01208	0.01611	0.02618	0.05436	0.03020	0.70804	0.04228	0.00805	0.00805	0.01208	0.00503	0.00503
67	0.01666	0.04297	0.66500	0.02368	0.03596	0.01929	0.03069	0.02631	0.01754	0.02631	0.01491	0.01754	0.01052	0.00789	0.00789	0.00263	0.01228	0.00614	0.00351	0.01228
68	0.02329	0.63046	0.04108	0.01510	0.02186	0.11157	0.01444	0.02589	0.01770	0.01964	0.01171	0.01353	0.01067	0.00729	0.00560	0.00182	0.00963	0.00455	0.00364	0.01053
69	0.63263	0.01670	0.01453	0.04582	0.01919	0.01954	0.01070	0.07394	0.01625	0.03689	0.01239	0.01468	0.00962	0.00826	0.00662	0.00263	0.03990	0.00502	0.00526	0.00944
70	0.01636	0.01601	0.02843	0.56635	0.05377	0.01911	0.11016	0.02195	0.01689	0.02195	0.01490	0.02202	0.01129	0.00837	0.00930	0.00281	0.03933	0.00773	0.00376	0.00951
71	0.01176	0.00849	0.01110	0.01045	0.01241	0.00784	0.00784	0.01568	0.02352	0.03331	0.65184	0.06206	0.07839	0.01698	0.00980	0.00261	0.00392	0.01502	0.00914	0.00784
72	0.01569	0.01477	0.02492	0.68808	0.05722	0.01846	0.02307	0.02123	0.01661	0.02123	0.01477	0.02215	0.01107	0.00831	0.00831	0.00277	0.01107	0.00738	0.00369	0.00923
73	0.03605	0.01387	0.01889	0.01457	0.02078	0.01200	0.01200	0.03929	0.02376	0.63174	0.06255	0.02990	0.02335	0.01060	0.00842	0.00257	0.00692	0.00868	0.01023	0.01383
74	0.01569	0.01477	0.02492	0.68808	0.05722	0.01846	0.02307	0.02123	0.01661	0.02123	0.01477	0.02215	0.01107	0.00831	0.00831	0.00277	0.01107	0.00738	0.00369	0.00923
75	0.03103	0.03959	0.02354	0.02140	0.02568	0.67469	0.01605	0.03317	0.02354	0.02033	0.01284	0.01498	0.01070	0.00856	0.00749	0.00214	0.01498	0.00535	0.00428	0.00963
76	0.01157	0.00833	0.01097	0.01086	0.01257	0.00774	0.00808	0.01508	0.02207	0.03094	0.52451	0.16830	0.07313	0.01874	0.01001	0.00279	0.00424	0.04358	0.00884	0.00765
77	0.01326	0.01038	0.01715	0.01577	0.01812	0.00961	0.11866	0.01583	0.01715	0.05664	0.04196	0.51107	0.07767	0.02151	0.01030	0.00320	0.00655	0.02000	0.00722	0.00796
78	0.01225	0.00946	0.01408	0.01386	0.01525	0.01129	0.01085	0.01514	0.01331	0.01933	0.02157	0.03177	0.02018	0.05944	0.63623	0.01277	0.06250	0.00880	0.00440	0.00752
79	0.02263	0.68083	0.04258	0.01456	0.02153	0.06357	0.01430	0.02527	0.01720	0.01958	0.01161	0.01341	0.01066	0.00718	0.00543	0.00179	0.00918	0.00449	0.00359	0.01061
80	0.02066	0.01785	0.01878	0.01691	0.02160	0.02066	0.01315	0.04414	0.64121	0.03475	0.03381	0.03099	0.02536	0.01127	0.00845	0.00282	0.00657	0.00939	0.00845	0.01315
81	0.01012	0.00723	0.00964	0.01157	0.01205	0.00675	0.00771	0.01157	0.01591	0.02121	0.04579	0.70262	0.05495	0.02603	0.01060	0.00337	0.00482	0.02362	0.00771	0.00675
82	0.01723	0.01477	0.01723	0.01230	0.01969	0.01107	0.00984	0.02092	0.01723	0.02707	0.01477	0.01723	0.01230	0.00615	0.00615	0.00123	0.00615	0.00492	0.00492	0.75883
83	0.01167	0.00849	0.01098	0.01036	0.01236	0.00780	0.00777	0.01550	0.02330	0.03281	0.62550	0.06289	0.10504	0.01717	0.00980	0.00262	0.00393	0.01514	0.00908	0.00780
84	0.01086	0.00899	0.00962	0.00952	0.01226	0.00800	0.00726	0.01447	0.05308	0.02481	0.16219	0.07540	0.50480	0.02002	0.00983	0.00283	0.00447	0.04616	0.00796	0.00750
85	0.01056	0.00833	0.00952	0.00947	0.01174	0.00729	0.00701	0.01326	0.02032	0.02631	0.28841	0.13372	0.38447	0.02004	0.00989	0.00279	0.00416	0.01720	0.00824	0.00729
86	0.01818	0.01818	0.02545	0.02181	0.02181	0.02545	0.01818	0.01999	0.01272	0.01999	0.01091	0.01818	0.01091	0.01454	0.02726	0.00364	0.69284	0.00727	0.00364	0.00909
87	0.76672	0.01607	0.01221	0.01092	0.01607	0.01864	0.00900	0.02442	0.01414	0.03727	0.01157	0.01350	0.00900	0.00771	0.00514	0.00257	0.00643	0.00450	0.00514	0.00900
88	0.03103	0.03959	0.02354	0.02140	0.02568	0.67469	0.01605	0.03317	0.02354	0.02033	0.01284	0.01498	0.01070	0.00856	0.00749	0.00214	0.01498	0.00535	0.00428	0.00963
89	0.76672	0.01607	0.01221	0.01092	0.01607	0.01864	0.00900	0.02442	0.01414	0.03727	0.01157	0.01350	0.00900	0.00771	0.00514	0.00257	0.00643	0.00450	0.00514	0.00900
90	0.01723	0.01477	0.01723	0.01230	0.01969	0.01107	0.00984	0.02092	0.01723	0.02707	0.01477	0.01723	0.01230	0.00615	0.00615	0.00123	0.00615	0.00492	0.00492	0.75883
