[name]
unknown

[dist]
# distance from previous block
# <min> <max>
0	66

[block]
# block no. 0 follows, 25 sequences, length 23
# corresponding to MSA columns:
# 87-109
name=unknown_A
#
# <colnr> <probs for GDERKNQSTAVLIFYWHMCP>
#	G	D	E	R	K	N	Q	S	T	A	V	L	I	F	Y	W	H	M	C	P
0	0.01249	0.00892	0.01249	0.01428	0.01606	0.00892	0.01249	0.01606	0.01785	0.02320	0.04105	0.08746	0.04462	0.02142	0.01071	0.00357	0.00714	0.62695	0.00714	0.00714
1	0.03479	0.01320	0.01799	0.01380	0.01979	0.01140	0.01140	0.03779	0.02219	0.68451	0.03059	0.02639	0.01919	0.00960	0.00780	0.00240	0.00660	0.00780	0.00960	0.01320
2	0.07942	0.01330	0.01760	0.01358	0.01951	0.01175	0.01122	0.03689	0.02166	0.64571	0.02941	0.02557	0.01855	0.00945	0.00762	0.00240	0.00656	0.00758	0.00931	0.01291
3	0.01919	0.01842	0.03147	0.04759	0.67914	0.01842	0.02380	0.02380	0.01765	0.02533	0.01458	0.01919	0.01228	0.00691	0.00768	0.00230	0.00921	0.00691	0.00384	0.01228
4	0.01464	0.01378	0.02326	0.70887	0.05340	0.01723	0.02153	0.01981	0.01550	0.01981	0.01378	0.02067	0.01034	0.00775	0.00775	0.00258	0.01034	0.00689	0.00345	0.00861
5	0.01919	0.01842	0.03147	0.04759	0.67914	0.01842	0.02380	0.02380	0.01765	0.02533	0.01458	0.01919	0.01228	0.00691	0.00768	0.00230	0.00921	0.00691	0.00384	0.01228
6	0.78228	0.01499	0.01140	0.01020	0.01499	0.01739	0.00840	0.02279	0.01320	0.03479	0.01080	0.01260	0.00840	0.00720	0.00480	0.00240	0.00600	0.00420	0.00480	0.00840
7	0.78228	0.01499	0.01140	0.01020	0.01499	0.01739	0.00840	0.02279	0.01320	0.03479	0.01080	0.01260	0.00840	0.00720	0.00480	0.00240	0.00600	0.00420	0.00480	0.00840
8	0.00945	0.00675	0.00900	0.01080	0.01125	0.00630	0.00720	0.01080	0.01484	0.01979	0.04274	0.72245	0.05128	0.02429	0.00990	0.00315	0.00450	0.02204	0.00720	0.00630
9	0.01919	0.01842	0.03147	0.04759	0.67914	0.01842	0.02380	0.02380	0.01765	0.02533	0.01458	0.01919	0.01228	0.00691	0.00768	0.00230	0.00921	0.00691	0.00384	0.01228
10	0.00945	0.00675	0.00900	0.01080	0.01125	0.00630	0.00720	0.01080	0.01484	0.01979	0.04274	0.72245	0.05128	0.02429	0.00990	0.00315	0.00450	0.02204	0.00720	0.00630
11	0.02896	0.03695	0.02197	0.01998	0.02397	0.69638	0.01498	0.03096	0.02197	0.01898	0.01199	0.01398	0.00999	0.00799	0.00699	0.00200	0.01398	0.00499	0.00400	0.00899
12	0.03479	0.01320	0.01799	0.01380	0.01979	0.01140	0.01140	0.03779	0.02219	0.68451	0.03059	0.02639	0.01919	0.00960	0.00780	0.00240	0.00660	0.00780	0.00960	0.01320
13	0.00916	0.00785	0.00785	0.00785	0.01047	0.00655	0.00589	0.01113	0.01767	0.02095	0.07855	0.07462	0.67599	0.01964	0.00916	0.00262	0.00393	0.01636	0.00720	0.00655
14	0.01445	0.00723	0.00723	0.00723	0.00903	0.00723	0.00542	0.01807	0.01626	0.02891	0.02529	0.02891	0.01987	0.00903	0.00542	0.00181	0.00361	0.00723	0.77055	0.00723
15	0.03578	0.01422	0.01891	0.01475	0.02076	0.01223	0.01197	0.03828	0.02291	0.66910	0.03166	0.02822	0.02043	0.01055	0.00841	0.00267	0.00709	0.00823	0.00998	0.01384
16	0.02058	0.01931	0.03205	0.04769	0.66345	0.01908	0.02405	0.02464	0.01849	0.02657	0.01606	0.02120	0.01369	0.00793	0.00829	0.00258	0.00964	0.00736	0.00436	0.01295
17	0.01108	0.00793	0.01014	0.01183	0.01243	0.00726	0.00788	0.01197	0.01575	0.02117	0.04350	0.70670	0.05170	0.02487	0.01046	0.00340	0.00505	0.02212	0.00764	0.00712
18	0.03060	0.02252	0.02405	0.01869	0.02490	0.02456	0.01522	0.63824	0.03682	0.04951	0.01999	0.02064	0.01457	0.01027	0.00837	0.00260	0.00898	0.00743	0.00818	0.01383
19	0.01615	0.01479	0.02404	0.69227	0.05352	0.01792	0.02185	0.02076	0.01639	0.02118	0.01528	0.02265	0.01179	0.00875	0.00837	0.00285	0.01074	0.00735	0.00398	0.00937
20	0.01971	0.02174	0.04597	0.03316	0.04096	0.02024	0.63540	0.02566	0.01912	0.02608	0.01713	0.02289	0.01318	0.00757	0.00973	0.00288	0.01340	0.00955	0.00444	0.01117
21	0.01257	0.00908	0.01148	0.01081	0.01276	0.00826	0.00799	0.01571	0.02268	0.03218	0.65985	0.05895	0.07303	0.01665	0.00973	0.00271	0.00423	0.01430	0.00894	0.00811
22	0.01315	0.05230	0.01328	0.01102	0.01325	0.00965	0.00835	0.01622	0.02231	0.03141	0.62021	0.05624	0.06926	0.01610	0.00948	0.00266	0.00450	0.01371	0.00863	0.00827

[dist]
# distance from previous block
# <min> <max>
2	5

[block]
# block no. 1 follows, 25 sequences, length 24
# corresponding to MSA columns:
# 115-138
name=unknown_B
#
# <colnr> <probs for GDERKNQSTAVLIFYWHMCP>
#	G	D	E	R	K	N	Q	S	T	A	V	L	I	F	Y	W	H	M	C	P
0	0.03011	0.02217	0.02371	0.01832	0.02453	0.02434	0.01501	0.64479	0.03666	0.04923	0.01939	0.01976	0.01397	0.00985	0.00810	0.00248	0.00878	0.00724	0.00800	0.01355
1	0.01872	0.02078	0.04432	0.03203	0.03953	0.01940	0.61498	0.02471	0.01862	0.02533	0.01765	0.05167	0.01424	0.00787	0.00951	0.00279	0.01290	0.00992	0.00436	0.01069
2	0.02689	0.03285	0.02528	0.02187	0.02581	0.52592	0.08543	0.02908	0.02068	0.02037	0.01303	0.01634	0.01103	0.00911	0.00997	0.00241	0.10427	0.00597	0.00420	0.00951
3	0.03535	0.01377	0.01851	0.01434	0.02034	0.01187	0.01172	0.03807	0.02260	0.67581	0.03119	0.02743	0.01989	0.01014	0.00814	0.00255	0.00688	0.00804	0.00981	0.01356
4	0.01666	0.07679	0.64421	0.02206	0.03319	0.01905	0.02791	0.02495	0.01683	0.02493	0.01459	0.01734	0.01066	0.00790	0.00759	0.00257	0.01150	0.00592	0.00358	0.01177
5	0.67855	0.01861	0.09456	0.01224	0.01787	0.01786	0.01124	0.02350	0.01412	0.03410	0.01206	0.01429	0.00942	0.00779	0.00550	0.00256	0.00695	0.00468	0.00489	0.00920
6	0.11354	0.50692	0.15686	0.01507	0.02237	0.02691	0.01581	0.02390	0.01606	0.02223	0.01225	0.01442	0.01056	0.00742	0.00578	0.00206	0.00885	0.00474	0.00379	0.01045
7	0.01951	0.01750	0.02969	0.02243	0.02821	0.01676	0.28316	0.09536	0.01973	0.06204	0.02072	0.11992	0.01854	0.01045	0.00986	0.00258	0.05825	0.00988	0.00551	0.14989
8	0.12086	0.06229	0.02265	0.01689	0.02270	0.09751	0.01391	0.47266	0.03087	0.04215	0.01649	0.01703	0.01207	0.00876	0.00716	0.00226	0.00881	0.00626	0.00673	0.01196
9	0.01018	0.00738	0.00960	0.01013	0.01137	0.00681	0.00719	0.01268	0.01845	0.02536	0.35252	0.36490	0.09468	0.01994	0.00949	0.00278	0.00406	0.01784	0.00785	0.00681
10	0.03013	0.01336	0.02008	0.01547	0.02110	0.01177	0.08123	0.03345	0.02131	0.53567	0.06570	0.06922	0.02331	0.01049	0.00815	0.00247	0.00702	0.00915	0.00877	0.01215
11	0.01827	0.40349	0.34777	0.01746	0.02639	0.02466	0.02057	0.02385	0.01605	0.02124	0.01227	0.01431	0.00989	0.00698	0.00611	0.00204	0.00980	0.00490	0.00330	0.01067
12	0.02856	0.03412	0.02192	0.01951	0.02380	0.58197	0.01482	0.10745	0.05443	0.02327	0.01373	0.01526	0.01103	0.00827	0.00713	0.00207	0.01294	0.00542	0.00464	0.00966
13	0.02764	0.01995	0.02131	0.01654	0.02221	0.02199	0.01360	0.57571	0.03399	0.04643	0.01943	0.01987	0.01400	0.00927	0.00747	0.00226	0.00793	0.00701	0.10091	0.01246
14	0.01555	0.04011	0.68733	0.02210	0.03356	0.01801	0.02865	0.02455	0.01637	0.02455	0.01391	0.01637	0.00982	0.00737	0.00737	0.00246	0.01146	0.00573	0.00327	0.01146
15	0.01480	0.01389	0.02290	0.64779	0.05039	0.01710	0.02072	0.01975	0.01540	0.02006	0.01365	0.02030	0.01039	0.00785	0.00828	0.00254	0.03513	0.00677	0.00350	0.04878
16	0.69799	0.01776	0.08570	0.01150	0.01704	0.01746	0.01062	0.02299	0.01354	0.03366	0.01114	0.01301	0.00855	0.00722	0.00508	0.00241	0.00660	0.00437	0.00463	0.00873
17	0.02947	0.02172	0.02327	0.01784	0.02404	0.02404	0.01474	0.65329	0.03646	0.04887	0.01862	0.01862	0.01319	0.00931	0.00776	0.00233	0.00853	0.00698	0.00776	0.01319
18	0.02371	0.01741	0.01916	0.01581	0.02036	0.01893	0.01257	0.46828	0.03023	0.04049	0.02556	0.22129	0.02416	0.01362	0.00837	0.00256	0.00737	0.01132	0.00760	0.01120
19	0.01609	0.01582	0.02323	0.01983	0.02048	0.02124	0.05373	0.01819	0.01243	0.01899	0.01284	0.04155	0.01271	0.01888	0.10512	0.00443	0.56485	0.00760	0.00364	0.00834
20	0.01289	0.01035	0.01502	0.08978	0.01869	0.01275	0.01170	0.01570	0.01302	0.01930	0.01867	0.02756	0.01711	0.06559	0.40409	0.00847	0.14342	0.00788	0.08070	0.00734
21	0.01865	0.45390	0.30066	0.01682	0.02539	0.02558	0.01945	0.02376	0.01600	0.02078	0.01204	0.01402	0.00990	0.00693	0.00594	0.00198	0.00957	0.00478	0.00330	0.01056
22	0.01882	0.47629	0.27974	0.01653	0.02495	0.02599	0.01895	0.02371	0.01598	0.02058	0.01194	0.01389	0.00990	0.00690	0.00586	0.00195	0.00946	0.00473	0.00330	0.01051
23	0.18434	0.02432	0.01887	0.01589	0.02100	0.28026	0.01250	0.13663	0.02204	0.10940	0.01536	0.01624	0.01150	0.00800	0.00663	0.00209	0.00958	0.00547	0.00556	0.09431

[dist]
# distance from previous block
# <min> <max>
0	4

[block]
# block no. 2 follows, 25 sequences, length 7
# corresponding to MSA columns:
# 143-149
name=unknown_C
#
# <colnr> <probs for GDERKNQSTAVLIFYWHMCP>
#	G	D	E	R	K	N	Q	S	T	A	V	L	I	F	Y	W	H	M	C	P
0	0.01777	0.24844	0.37649	0.01833	0.02712	0.02211	0.02118	0.02694	0.12513	0.02394	0.01592	0.01727	0.01219	0.00767	0.00672	0.00224	0.00959	0.00575	0.00406	0.01113
1	0.02200	0.13802	0.02203	0.01529	0.02017	0.06643	0.01251	0.14436	0.29911	0.06701	0.09031	0.02613	0.02339	0.00997	0.00744	0.00234	0.00723	0.00790	0.00699	0.01136
2	0.02169	0.28062	0.02578	0.01539	0.01967	0.30501	0.01258	0.02376	0.01831	0.01895	0.02017	0.13555	0.05153	0.01084	0.00687	0.00210	0.00982	0.00814	0.00446	0.00876
3	0.01093	0.00752	0.00922	0.00952	0.00983	0.00768	0.00596	0.01163	0.01207	0.01633	0.02689	0.16013	0.03059	0.49692	0.14497	0.00761	0.00924	0.01258	0.00503	0.00534
4	0.01741	0.01447	0.01728	0.04475	0.02023	0.01321	0.01091	0.11394	0.01871	0.02756	0.01723	0.08912	0.01568	0.00880	0.00790	0.00175	0.05434	0.00699	0.00520	0.49451
5	0.01555	0.04011	0.68733	0.02210	0.03356	0.01801	0.02865	0.02455	0.01637	0.02455	0.01391	0.01637	0.00982	0.00737	0.00737	0.00246	0.01146	0.00573	0.00327	0.01146
6	0.41104	0.01743	0.01642	0.01344	0.01866	0.01961	0.01105	0.29241	0.02371	0.04059	0.05609	0.01804	0.01454	0.00865	0.00634	0.00237	0.00694	0.00601	0.00630	0.01038

[dist]
# distance from previous block
# <min> <max>
0	6

[block]
# block no. 3 follows, 25 sequences, length 25
# corresponding to MSA columns:
# 156-180
name=unknown_D
#
# <colnr> <probs for GDERKNQSTAVLIFYWHMCP>
#	G	D	E	R	K	N	Q	S	T	A	V	L	I	F	Y	W	H	M	C	P
0	0.01020	0.00739	0.00948	0.01055	0.01144	0.00677	0.00703	0.01154	0.01448	0.01961	0.03814	0.58145	0.04523	0.11284	0.01336	0.00355	0.00498	0.01930	0.00667	0.06598
1	0.01555	0.04011	0.68733	0.02210	0.03356	0.01801	0.02865	0.02455	0.01637	0.02455	0.01391	0.01637	0.00982	0.00737	0.00737	0.00246	0.01146	0.00573	0.00327	0.01146
2	0.01706	0.24193	0.49874	0.01952	0.02958	0.02170	0.02416	0.02416	0.01619	0.02271	0.01300	0.01522	0.00986	0.00715	0.00667	0.00222	0.01054	0.00527	0.00329	0.01102
3	0.02135	0.68001	0.03923	0.01377	0.02021	0.08063	0.01340	0.02380	0.01622	0.01830	0.01087	0.01255	0.00995	0.00674	0.00513	0.00168	0.00872	0.00421	0.00337	0.00988
4	0.01767	0.01991	0.04315	0.03113	0.03845	0.01867	0.60541	0.02384	0.01806	0.02448	0.01760	0.07057	0.01456	0.00779	0.00920	0.00265	0.01247	0.01006	0.00415	0.01016
5	0.01762	0.01682	0.02863	0.27599	0.46302	0.01801	0.02301	0.02242	0.01691	0.02342	0.01431	0.01970	0.01161	0.00720	0.00770	0.00240	0.00960	0.00690	0.00370	0.01101
6	0.01464	0.01378	0.02326	0.70887	0.05340	0.01723	0.02153	0.01981	0.01550	0.01981	0.01378	0.02067	0.01034	0.00775	0.00775	0.00258	0.01034	0.00689	0.00345	0.00861
7	0.01464	0.01378	0.02326	0.70887	0.05340	0.01723	0.02153	0.01981	0.01550	0.01981	0.01378	0.02067	0.01034	0.00775	0.00775	0.00258	0.01034	0.00689	0.00345	0.00861
8	0.01594	0.06974	0.62975	0.02284	0.06149	0.01859	0.02775	0.02446	0.01640	0.02431	0.01381	0.01632	0.00994	0.00731	0.00727	0.00241	0.01122	0.00571	0.00330	0.01143
9	0.03479	0.01320	0.01799	0.01380	0.01979	0.01140	0.01140	0.03779	0.02219	0.68451	0.03059	0.02639	0.01919	0.00960	0.00780	0.00240	0.00660	0.00780	0.00960	0.01320
10	0.00916	0.00785	0.00785	0.00785	0.01047	0.00655	0.00589	0.01113	0.01767	0.02095	0.07855	0.07462	0.67599	0.01964	0.00916	0.00262	0.00393	0.01636	0.00720	0.00655
11	0.01555	0.04011	0.68733	0.02210	0.03356	0.01801	0.02865	0.02455	0.01637	0.02455	0.01391	0.01637	0.00982	0.00737	0.00737	0.00246	0.01146	0.00573	0.00327	0.01146
12	0.01849	0.01771	0.03022	0.14873	0.58343	0.01824	0.02345	0.02319	0.01733	0.02449	0.01446	0.01942	0.01198	0.00704	0.00769	0.00235	0.00938	0.00691	0.00378	0.01172
13	0.01347	0.00673	0.01010	0.01010	0.01010	0.00673	0.00673	0.01010	0.01010	0.01347	0.01347	0.02357	0.01347	0.02694	0.03030	0.77441	0.00673	0.00673	0.00337	0.00337
14	0.01097	0.00793	0.01036	0.00975	0.01158	0.00732	0.00732	0.01463	0.02195	0.03109	0.67505	0.05792	0.07316	0.01585	0.00914	0.00244	0.00366	0.01402	0.00854	0.00732
15	0.02896	0.03695	0.02197	0.01998	0.02397	0.69638	0.01498	0.03096	0.02197	0.01898	0.01199	0.01398	0.00999	0.00799	0.00699	0.00200	0.01398	0.00499	0.00400	0.00899
16	0.78228	0.01499	0.01140	0.01020	0.01499	0.01739	0.00840	0.02279	0.01320	0.03479	0.01080	0.01260	0.00840	0.00720	0.00480	0.00240	0.00600	0.00420	0.00480	0.00840
17	0.01644	0.15858	0.57663	0.02059	0.03122	0.02018	0.02601	0.02433	0.01626	0.02347	0.01338	0.01570	0.00984	0.00724	0.00696	0.00232	0.01092	0.00546	0.00328	0.01120
18	0.01108	0.00831	0.01246	0.01246	0.01385	0.00969	0.00969	0.01385	0.01246	0.01800	0.02077	0.03046	0.01938	0.05815	0.69678	0.01246	0.02077	0.00831	0.00415	0.00692
19	0.56802	0.01526	0.01377	0.01160	0.01676	0.01684	0.00956	0.08354	0.01708	0.16229	0.01536	0.01583	0.01093	0.00786	0.00565	0.00239	0.00635	0.00515	0.00600	0.00977
20	0.01908	0.51185	0.24651	0.01608	0.02425	0.02665	0.01816	0.02364	0.01595	0.02025	0.01178	0.01369	0.00991	0.00687	0.00574	0.00191	0.00930	0.00465	0.00330	0.01043
21	0.01642	0.15581	0.57922	0.02062	0.03128	0.02013	0.02608	0.02433	0.01627	0.02350	0.01339	0.01571	0.00984	0.00724	0.00697	0.00232	0.01093	0.00546	0.00328	0.01121
22	0.01686	0.01410	0.01623	0.01225	0.01844	0.01178	0.00970	0.06815	0.06809	0.02721	0.01758	0.06727	0.01538	0.00769	0.00635	0.00149	0.00589	0.00633	0.00527	0.60393
23	0.02210	0.01425	0.01815	0.01395	0.01972	0.01257	0.04110	0.11755	0.02062	0.19622	0.02260	0.11021	0.01884	0.00968	0.00726	0.00197	0.00657	0.00823	0.00664	0.33177
24	0.05515	0.01272	0.01583	0.01300	0.01771	0.01179	0.01033	0.10247	0.02121	0.35707	0.02916	0.16745	0.02402	0.01213	0.00781	0.00241	0.00615	0.01018	0.04475	0.07865

[dist]
# distance from previous block
# <min> <max>
0	19

[block]
# block no. 4 follows, 25 sequences, length 25
# corresponding to MSA columns:
# 200-224
name=unknown_E
#
# <colnr> <probs for GDERKNQSTAVLIFYWHMCP>
#	G	D	E	R	K	N	Q	S	T	A	V	L	I	F	Y	W	H	M	C	P
0	0.06155	0.05965	0.08323	0.01802	0.02395	0.15517	0.01565	0.36215	0.02808	0.06338	0.01628	0.01718	0.01199	0.00885	0.00808	0.00229	0.04050	0.00624	0.00615	0.01163
1	0.14765	0.05782	0.02061	0.01732	0.02187	0.41525	0.01345	0.08314	0.07515	0.05707	0.01483	0.01593	0.01159	0.00821	0.00674	0.00215	0.01101	0.00545	0.00501	0.00976
2	0.20667	0.42839	0.02946	0.01262	0.01870	0.02396	0.01175	0.02577	0.01631	0.14370	0.01440	0.01502	0.01126	0.00731	0.00545	0.00197	0.00743	0.00482	0.00482	0.01017
3	0.01591	0.09623	0.57254	0.08353	0.03420	0.01901	0.02670	0.02401	0.01624	0.02359	0.01364	0.01643	0.00988	0.00734	0.00720	0.00240	0.01109	0.00570	0.00329	0.01107
4	0.05016	0.53056	0.20081	0.01535	0.02311	0.02698	0.01691	0.02353	0.01580	0.02048	0.01156	0.01343	0.00986	0.00684	0.00556	0.00189	0.00899	0.00454	0.00337	0.01026
5	0.48142	0.01506	0.01403	0.01179	0.01673	0.01652	0.00966	0.11834	0.01868	0.14185	0.05041	0.01868	0.01465	0.00842	0.00597	0.00237	0.00626	0.00582	0.03355	0.00979
6	0.01608	0.01378	0.01608	0.01148	0.01837	0.01034	0.00919	0.01952	0.01608	0.02527	0.01378	0.01608	0.01148	0.00574	0.00574	0.00115	0.00574	0.00459	0.00459	0.77491
7	0.01608	0.01378	0.01608	0.01148	0.01837	0.01034	0.00919	0.01952	0.01608	0.02527	0.01378	0.01608	0.01148	0.00574	0.00574	0.00115	0.00574	0.00459	0.00459	0.77491
8	0.01585	0.08705	0.58967	0.07513	0.03414	0.01884	0.02700	0.02409	0.01626	0.02374	0.01368	0.01643	0.00987	0.00734	0.00723	0.00241	0.01115	0.00571	0.00329	0.01113
9	0.78228	0.01499	0.01140	0.01020	0.01499	0.01739	0.00840	0.02279	0.01320	0.03479	0.01080	0.01260	0.00840	0.00720	0.00480	0.00240	0.00600	0.00420	0.00480	0.00840
10	0.01097	0.00793	0.01036	0.00975	0.01158	0.00732	0.00732	0.01463	0.02195	0.03109	0.67505	0.05792	0.07316	0.01585	0.00914	0.00244	0.00366	0.01402	0.00854	0.00732
11	0.01108	0.00831	0.01246	0.01246	0.01385	0.00969	0.00969	0.01385	0.01246	0.01800	0.02077	0.03046	0.01938	0.05815	0.69678	0.01246	0.02077	0.00831	0.00415	0.00692
12	0.01249	0.00892	0.01249	0.01428	0.01606	0.00892	0.01249	0.01606	0.01785	0.02320	0.04105	0.08746	0.04462	0.02142	0.01071	0.00357	0.00714	0.62695	0.00714	0.00714
13	0.01081	0.00792	0.01014	0.00958	0.01148	0.00725	0.00719	0.01431	0.02156	0.03017	0.62105	0.05943	0.12774	0.01619	0.00915	0.00245	0.00368	0.01423	0.00841	0.00725
14	0.01794	0.02013	0.04272	0.08479	0.04036	0.01966	0.56497	0.02409	0.01771	0.02409	0.01522	0.02067	0.01156	0.00704	0.00999	0.00266	0.05355	0.00884	0.00385	0.01020
15	0.01608	0.01378	0.01608	0.01148	0.01837	0.01034	0.00919	0.01952	0.01608	0.02527	0.01378	0.01608	0.01148	0.00574	0.00574	0.00115	0.00574	0.00459	0.00459	0.77491
16	0.01900	0.01808	0.03003	0.07362	0.60068	0.01844	0.02280	0.02498	0.06814	0.02565	0.01588	0.02001	0.01309	0.00723	0.00770	0.00234	0.00902	0.00705	0.00414	0.01212
17	0.78228	0.01499	0.01140	0.01020	0.01499	0.01739	0.00840	0.02279	0.01320	0.03479	0.01080	0.01260	0.00840	0.00720	0.00480	0.00240	0.00600	0.00420	0.00480	0.00840
18	0.01445	0.00723	0.00723	0.00723	0.00903	0.00723	0.00542	0.01807	0.01626	0.02891	0.02529	0.02891	0.01987	0.00903	0.00542	0.00181	0.00361	0.00723	0.77055	0.00723
19	0.02947	0.02172	0.02327	0.01784	0.02404	0.02404	0.01474	0.65329	0.03646	0.04887	0.01862	0.01862	0.01319	0.00931	0.00776	0.00233	0.00853	0.00698	0.00776	0.01319
20	0.01979	0.60599	0.15854	0.01488	0.02239	0.02837	0.01607	0.02346	0.01587	0.01939	0.01135	0.01315	0.00993	0.00677	0.00541	0.00180	0.00887	0.00443	0.00331	0.01023
21	0.01767	0.32350	0.42252	0.01848	0.02797	0.02320	0.02235	0.02401	0.01612	0.02197	0.01263	0.01476	0.00987	0.00707	0.00639	0.00213	0.01016	0.00508	0.00329	0.01084
22	0.01555	0.04011	0.68733	0.02210	0.03356	0.01801	0.02865	0.02455	0.01637	0.02455	0.01391	0.01637	0.00982	0.00737	0.00737	0.00246	0.01146	0.00573	0.00327	0.01146
23	0.02016	0.65579	0.11201	0.01424	0.02141	0.02928	0.01496	0.02336	0.01582	0.01894	0.01113	0.01287	0.00994	0.00671	0.00524	0.00175	0.00864	0.00432	0.00331	0.01012
24	0.02597	0.09879	0.09784	0.02176	0.07584	0.50827	0.01702	0.02899	0.02045	0.02002	0.01229	0.01451	0.01015	0.00771	0.00690	0.00204	0.01282	0.00515	0.00384	0.00961

[dist]
# distance from previous block
# <min> <max>
1	5

[block]
# block no. 5 follows, 25 sequences, length 14
# corresponding to MSA columns:
# 230-243
name=unknown_F
#
# <colnr> <probs for GDERKNQSTAVLIFYWHMCP>
#	G	D	E	R	K	N	Q	S	T	A	V	L	I	F	Y	W	H	M	C	P
0	0.01719	0.11146	0.46843	0.07405	0.03189	0.01933	0.02405	0.07333	0.01780	0.02545	0.01392	0.01643	0.01025	0.00737	0.00706	0.00228	0.01042	0.00567	0.00373	0.05990
1	0.02562	0.01558	0.01844	0.01403	0.02026	0.01449	0.01142	0.16773	0.07776	0.25333	0.02203	0.02121	0.01549	0.00824	0.00706	0.00196	0.00668	0.00656	0.00726	0.28485
2	0.01349	0.01067	0.03104	0.01215	0.01513	0.00939	0.00972	0.01823	0.08028	0.05406	0.12000	0.23674	0.08993	0.01696	0.00890	0.00269	0.00549	0.13212	0.00702	0.12598
3	0.02045	0.01258	0.01532	0.01235	0.01728	0.01118	0.00970	0.02626	0.11354	0.20886	0.11673	0.06603	0.02695	0.03911	0.00869	0.00226	0.00575	0.00863	0.00716	0.27114
4	0.49798	0.04415	0.01384	0.01136	0.01587	0.06009	0.00929	0.02322	0.01594	0.08449	0.09737	0.02204	0.01887	0.00893	0.00596	0.00235	0.00640	0.02598	0.00562	0.03027
5	0.02900	0.02020	0.02215	0.01692	0.02316	0.02164	0.01395	0.53897	0.03336	0.11428	0.01951	0.01924	0.01369	0.00906	0.00760	0.00224	0.00811	0.00688	0.00771	0.07232
6	0.01691	0.01791	0.03419	0.23237	0.03995	0.01980	0.32338	0.02198	0.01605	0.02198	0.01391	0.01997	0.01099	0.00844	0.01231	0.00278	0.16599	0.00795	0.00366	0.00947
7	0.02011	0.50786	0.19750	0.01596	0.02357	0.08011	0.01717	0.02416	0.01640	0.01985	0.01164	0.01352	0.00992	0.00692	0.00572	0.00188	0.00952	0.00460	0.00336	0.01024
8	0.58612	0.07137	0.01581	0.01183	0.01703	0.01963	0.00993	0.13806	0.01764	0.03609	0.01222	0.01368	0.00939	0.00754	0.00535	0.00233	0.00664	0.00470	0.00523	0.00939
9	0.11471	0.02033	0.02135	0.01647	0.02257	0.02222	0.01358	0.53183	0.03221	0.04542	0.01734	0.01773	0.01251	0.00879	0.00726	0.00224	0.00803	0.00648	0.00717	0.07177
10	0.01113	0.00808	0.01128	0.01128	0.01226	0.00905	0.00822	0.01309	0.01211	0.01713	0.02184	0.03642	0.02197	0.25479	0.50368	0.01101	0.01688	0.00918	0.00431	0.00627
11	0.01679	0.01694	0.02650	0.11998	0.02789	0.02162	0.10852	0.01975	0.01351	0.02001	0.01165	0.01802	0.01049	0.01138	0.01969	0.00306	0.48045	0.00704	0.00353	0.04321
12	0.07051	0.47263	0.15876	0.01553	0.02264	0.10578	0.01606	0.02435	0.01644	0.02060	0.01152	0.01337	0.00983	0.00697	0.00565	0.00190	0.00941	0.00455	0.00349	0.01002
13	0.02129	0.63834	0.03866	0.01568	0.05645	0.08229	0.01398	0.02386	0.01635	0.01869	0.01108	0.01293	0.01008	0.00676	0.00528	0.00172	0.00879	0.00436	0.00340	0.01000

[dist]
# distance from previous block
# <min> <max>
17	22

[block]
# block no. 6 follows, 25 sequences, length 9
# corresponding to MSA columns:
# 267-275
name=unknown_G
#
# <colnr> <probs for GDERKNQSTAVLIFYWHMCP>
#	G	D	E	R	K	N	Q	S	T	A	V	L	I	F	Y	W	H	M	C	P
0	0.04895	0.02098	0.02466	0.01891	0.02498	0.09612	0.11851	0.31623	0.02710	0.09820	0.02042	0.02121	0.04136	0.00879	0.00769	0.00225	0.00919	0.00729	0.00647	0.08068
1	0.01707	0.01435	0.02144	0.51516	0.04352	0.01722	0.01858	0.12429	0.01905	0.02564	0.01588	0.02127	0.01189	0.00815	0.00749	0.00245	0.00928	0.00694	0.09110	0.00921
2	0.01733	0.01855	0.03708	0.14088	0.03896	0.01767	0.43987	0.02312	0.01747	0.02408	0.01505	0.02007	0.01148	0.00660	0.00835	0.00236	0.01140	0.00802	0.00396	0.13772
3	0.02824	0.01379	0.01747	0.01350	0.01950	0.01217	0.01098	0.03382	0.10464	0.44003	0.02665	0.02423	0.01791	0.00879	0.00731	0.00213	0.00633	0.00715	0.00816	0.19720
4	0.01933	0.01667	0.02253	0.01635	0.02326	0.01482	0.11643	0.15684	0.02083	0.03028	0.01514	0.01742	0.01190	0.00664	0.00674	0.00164	0.00755	0.00586	0.00516	0.48460
5	0.01115	0.00746	0.00849	0.00862	0.00865	0.00743	0.00487	0.01124	0.01152	0.01536	0.02569	0.09696	0.02978	0.67912	0.03743	0.00722	0.00731	0.01202	0.00487	0.00481
6	0.02875	0.01989	0.02177	0.01702	0.02294	0.02172	0.01395	0.48686	0.12225	0.13029	0.02200	0.02108	0.01544	0.00951	0.00778	0.00238	0.00794	0.00734	0.00802	0.01306
7	0.02798	0.01850	0.02071	0.01613	0.02210	0.01948	0.01319	0.38137	0.11843	0.17881	0.02250	0.02145	0.01575	0.00921	0.00760	0.00228	0.00754	0.00718	0.00788	0.08192
8	0.01775	0.01490	0.01694	0.01263	0.01914	0.01276	0.01010	0.08252	0.09950	0.02841	0.01647	0.01793	0.01318	0.00668	0.00620	0.00145	0.00606	0.00534	0.00531	0.60671

[dist]
# distance from previous block
# <min> <max>
0	44

[block]
# block no. 7 follows, 25 sequences, length 25
# corresponding to MSA columns:
# 320-344
name=unknown_H
#
# <colnr> <probs for GDERKNQSTAVLIFYWHMCP>
#	G	D	E	R	K	N	Q	S	T	A	V	L	I	F	Y	W	H	M	C	P
0	0.78228	0.01499	0.01140	0.01020	0.01499	0.01739	0.00840	0.02279	0.01320	0.03479	0.01080	0.01260	0.00840	0.00720	0.00480	0.00240	0.00600	0.00420	0.00480	0.00840
1	0.01596	0.09510	0.63595	0.02140	0.03247	0.01901	0.02743	0.02445	0.01632	0.02405	0.01367	0.01606	0.00983	0.00731	0.00718	0.00239	0.01121	0.00560	0.00328	0.01134
2	0.03437	0.01387	0.01841	0.01412	0.02013	0.01240	0.01166	0.08670	0.02333	0.63400	0.02964	0.02577	0.01872	0.00957	0.00779	0.00239	0.00675	0.00773	0.00945	0.01319
3	0.02754	0.02065	0.02245	0.01758	0.02323	0.02313	0.01445	0.55892	0.08183	0.04531	0.01935	0.01978	0.01409	0.01142	0.03461	0.00278	0.03559	0.00716	0.00746	0.01270
4	0.03180	0.01282	0.01722	0.01348	0.01900	0.01132	0.01103	0.03565	0.04865	0.59329	0.09411	0.02960	0.02469	0.01025	0.00793	0.00241	0.00629	0.00845	0.00942	0.01258
5	0.00945	0.00675	0.00900	0.01080	0.01125	0.00630	0.00720	0.01080	0.01484	0.01979	0.04274	0.72245	0.05128	0.02429	0.00990	0.00315	0.00450	0.02204	0.00720	0.00630
6	0.01493	0.01435	0.02505	0.65497	0.05238	0.01742	0.07171	0.02021	0.01573	0.02021	0.01393	0.02069	0.01045	0.00766	0.00786	0.00259	0.01055	0.00707	0.00348	0.00876
7	0.02073	0.73217	0.04063	0.01327	0.01990	0.03068	0.01327	0.02322	0.01575	0.01824	0.01078	0.01244	0.00995	0.00663	0.00498	0.00166	0.00829	0.00415	0.00332	0.00995
8	0.01108	0.00831	0.01246	0.01246	0.01385	0.00969	0.00969	0.01385	0.01246	0.01800	0.02077	0.03046	0.01938	0.05815	0.69678	0.01246	0.02077	0.00831	0.00415	0.00692
9	0.03479	0.01320	0.01799	0.01380	0.01979	0.01140	0.01140	0.03779	0.02219	0.68451	0.03059	0.02639	0.01919	0.00960	0.00780	0.00240	0.00660	0.00780	0.00960	0.01320
10	0.03256	0.01270	0.01728	0.01342	0.01903	0.01101	0.01101	0.03562	0.02217	0.62345	0.09081	0.02934	0.02424	0.01018	0.00792	0.00240	0.00632	0.00838	0.00950	0.01265
11	0.02863	0.03409	0.02196	0.01952	0.02382	0.57880	0.01484	0.11442	0.05038	0.02352	0.01368	0.01522	0.01098	0.00827	0.00713	0.00207	0.01293	0.00541	0.00466	0.00968
12	0.01929	0.01666	0.01753	0.01578	0.02016	0.01929	0.01227	0.04120	0.66513	0.03243	0.03156	0.02893	0.02367	0.01052	0.00789	0.00263	0.00614	0.00877	0.00789	0.01227
13	0.01249	0.00892	0.01249	0.01428	0.01606	0.00892	0.01249	0.01606	0.01785	0.02320	0.04105	0.08746	0.04462	0.02142	0.01071	0.00357	0.00714	0.62695	0.00714	0.00714
14	0.02823	0.03541	0.02164	0.01966	0.02368	0.64497	0.01478	0.03174	0.07081	0.02000	0.01347	0.01512	0.01103	0.00818	0.00706	0.00205	0.01339	0.00528	0.00429	0.00924
15	0.01589	0.03808	0.62605	0.02448	0.09389	0.01805	0.02819	0.02448	0.01649	0.02463	0.01398	0.01663	0.01005	0.00732	0.00740	0.00244	0.01125	0.00584	0.00333	0.01154
16	0.01104	0.00756	0.00839	0.00839	0.00869	0.00741	0.00483	0.01126	0.01200	0.01571	0.03057	0.05345	0.10173	0.64715	0.03602	0.00696	0.00711	0.01185	0.00498	0.00491
17	0.00945	0.00675	0.00900	0.01080	0.01125	0.00630	0.00720	0.01080	0.01484	0.01979	0.04274	0.72245	0.05128	0.02429	0.00990	0.00315	0.00450	0.02204	0.00720	0.00630
18	0.60199	0.01705	0.01418	0.01257	0.01655	0.07235	0.01027	0.02279	0.01368	0.03099	0.01079	0.01339	0.00880	0.00826	0.00822	0.00252	0.11794	0.00467	0.00451	0.00846
19	0.01249	0.00892	0.01249	0.01428	0.01606	0.00892	0.01249	0.01606	0.01785	0.02320	0.04105	0.08746	0.04462	0.02142	0.01071	0.00357	0.00714	0.62695	0.00714	0.00714
20	0.01126	0.00758	0.00876	0.00876	0.00887	0.00768	0.00508	0.01147	0.01137	0.01526	0.02415	0.04920	0.02752	0.67669	0.08937	0.00789	0.00852	0.01105	0.00466	0.00487
21	0.78228	0.01499	0.01140	0.01020	0.01499	0.01739	0.00840	0.02279	0.01320	0.03479	0.01080	0.01260	0.00840	0.00720	0.00480	0.00240	0.00600	0.00420	0.00480	0.00840
22	0.01108	0.00831	0.01246	0.01246	0.01385	0.00969	0.00969	0.01385	0.01246	0.01800	0.02077	0.03046	0.01938	0.05815	0.69678	0.01246	0.02077	0.00831	0.00415	0.00692
23	0.02112	0.69906	0.03974	0.01359	0.02009	0.06239	0.01335	0.02359	0.01605	0.01828	0.01084	0.01251	0.00995	0.00670	0.00507	0.00167	0.00856	0.00419	0.00335	0.00990
24	0.02042	0.69053	0.07954	0.01380	0.02072	0.02992	0.01419	0.02330	0.01579	0.01862	0.01097	0.01267	0.00994	0.00668	0.00512	0.00171	0.00848	0.00424	0.00331	0.01004

[dist]
# distance from previous block
# <min> <max>
0	1

[block]
# block no. 8 follows, 25 sequences, length 7
# corresponding to MSA columns:
# 346-352
name=unknown_I
#
# <colnr> <probs for GDERKNQSTAVLIFYWHMCP>
#	G	D	E	R	K	N	Q	S	T	A	V	L	I	F	Y	W	H	M	C	P
0	0.01807	0.02022	0.04190	0.03052	0.03699	0.02033	0.54002	0.02376	0.01718	0.02376	0.01472	0.02022	0.01149	0.00777	0.01200	0.00275	0.13562	0.00874	0.00383	0.01011
1	0.06864	0.00863	0.01081	0.01058	0.01262	0.00835	0.00830	0.01549	0.02058	0.02999	0.51466	0.05972	0.06335	0.01618	0.00910	0.00263	0.00444	0.12056	0.00801	0.00737
2	0.01464	0.01378	0.02326	0.70887	0.05340	0.01723	0.02153	0.01981	0.01550	0.01981	0.01378	0.02067	0.01034	0.00775	0.00775	0.00258	0.01034	0.00689	0.00345	0.00861
3	0.02073	0.73217	0.04063	0.01327	0.01990	0.03068	0.01327	0.02322	0.01575	0.01824	0.01078	0.01244	0.00995	0.00663	0.00498	0.00166	0.00829	0.00415	0.00332	0.00995
4	0.01555	0.04011	0.68733	0.02210	0.03356	0.01801	0.02865	0.02455	0.01637	0.02455	0.01391	0.01637	0.00982	0.00737	0.00737	0.00246	0.01146	0.00573	0.00327	0.01146
5	0.00968	0.00693	0.00921	0.01064	0.01130	0.00645	0.00722	0.01139	0.01594	0.02154	0.14028	0.61993	0.05466	0.02299	0.00978	0.00304	0.00437	0.02081	0.00740	0.00645
6	0.02586	0.01878	0.01833	0.01545	0.02054	0.13431	0.01216	0.03624	0.27693	0.24734	0.02614	0.02426	0.01864	0.00932	0.00750	0.00230	0.00763	0.00739	0.00747	0.08340

[dist]
# distance from previous block
# <min> <max>
0	1

[block]
# block no. 9 follows, 25 sequences, length 9
# corresponding to MSA columns:
# 354-362
name=unknown_J
#
# <colnr> <probs for GDERKNQSTAVLIFYWHMCP>
#	G	D	E	R	K	N	Q	S	T	A	V	L	I	F	Y	W	H	M	C	P
0	0.01919	0.01842	0.03147	0.04759	0.67914	0.01842	0.02380	0.02380	0.01765	0.02533	0.01458	0.01919	0.01228	0.00691	0.00768	0.00230	0.00921	0.00691	0.00384	0.01228
1	0.00919	0.00777	0.00794	0.00808	0.01053	0.00653	0.00599	0.01110	0.01746	0.02086	0.07585	0.12335	0.62900	0.01999	0.00922	0.00266	0.00397	0.01679	0.00720	0.00653
2	0.13008	0.02082	0.02168	0.01682	0.02284	0.02316	0.01389	0.56902	0.03335	0.04698	0.01757	0.01781	0.01255	0.00903	0.00736	0.00234	0.00819	0.00661	0.00736	0.01255
3	0.01097	0.00757	0.00837	0.00837	0.00875	0.00738	0.00487	0.01125	0.01221	0.01590	0.03232	0.05422	0.12260	0.62435	0.03505	0.00680	0.00699	0.01202	0.00506	0.00497
4	0.12882	0.24155	0.39717	0.01775	0.02681	0.02167	0.02114	0.02390	0.01572	0.02418	0.01253	0.01465	0.00965	0.00712	0.00628	0.00221	0.00972	0.00504	0.00351	0.01057
5	0.02135	0.01742	0.02837	0.11059	0.49032	0.01766	0.02141	0.05917	0.01905	0.11412	0.01686	0.02028	0.01305	0.00749	0.00770	0.00235	0.00894	0.00703	0.00478	0.01207
6	0.01016	0.00739	0.00973	0.01086	0.01191	0.00678	0.00758	0.01204	0.01601	0.02176	0.12560	0.56473	0.05174	0.02202	0.00961	0.00297	0.00458	0.04936	0.00723	0.04794
7	0.01919	0.01842	0.03147	0.04759	0.67914	0.01842	0.02380	0.02380	0.01765	0.02533	0.01458	0.01919	0.01228	0.00691	0.00768	0.00230	0.00921	0.00691	0.00384	0.01228
8	0.03086	0.01333	0.01739	0.01380	0.01927	0.01226	0.01124	0.03666	0.11587	0.54376	0.07582	0.02897	0.02362	0.01017	0.00791	0.00244	0.00632	0.00837	0.00927	0.01265

[dist]
# distance from previous block
# <min> <max>
1	4

[block]
# block no. 10 follows, 25 sequences, length 32
# corresponding to MSA columns:
# 367-398
name=unknown_K
#
# <colnr> <probs for GDERKNQSTAVLIFYWHMCP>
#	G	D	E	R	K	N	Q	S	T	A	V	L	I	F	Y	W	H	M	C	P
0	0.02787	0.02017	0.02155	0.01671	0.02244	0.02225	0.01374	0.58540	0.03430	0.04673	0.01933	0.01972	0.01390	0.00928	0.00751	0.00227	0.00801	0.00701	0.08928	0.01255
1	0.02073	0.73217	0.04063	0.01327	0.01990	0.03068	0.01327	0.02322	0.01575	0.01824	0.01078	0.01244	0.00995	0.00663	0.00498	0.00166	0.00829	0.00415	0.00332	0.00995
2	0.01746	0.01392	0.01618	0.01223	0.01834	0.01155	0.00969	0.07539	0.04383	0.05143	0.01818	0.08178	0.01604	0.00808	0.00646	0.00154	0.00592	0.00668	0.00542	0.57986
3	0.02960	0.02059	0.02245	0.01732	0.02342	0.02248	0.01427	0.56073	0.06243	0.11608	0.02046	0.01990	0.01429	0.00939	0.00777	0.00235	0.00822	0.00715	0.00796	0.01315
4	0.02726	0.02041	0.02208	0.01679	0.02311	0.02178	0.01382	0.54868	0.03309	0.04497	0.01782	0.01820	0.01291	0.00872	0.00742	0.00213	0.00807	0.00659	0.00723	0.13891
5	0.01016	0.00750	0.00975	0.01087	0.01201	0.00673	0.00741	0.01173	0.01498	0.02038	0.03964	0.64696	0.04703	0.02231	0.00945	0.00294	0.00463	0.02018	0.00692	0.08844
6	0.10948	0.02078	0.02175	0.01693	0.02291	0.02313	0.01395	0.55912	0.06148	0.04664	0.01835	0.01842	0.01313	0.00914	0.00745	0.00235	0.00816	0.00676	0.00745	0.01263
7	0.10987	0.02276	0.02185	0.01727	0.02307	0.10088	0.01409	0.51413	0.03230	0.04391	0.01702	0.01744	0.01231	0.00893	0.00735	0.00230	0.00889	0.00645	0.00701	0.01219
8	0.01836	0.11531	0.53696	0.02014	0.03043	0.01868	0.02492	0.02593	0.01697	0.09996	0.01548	0.01708	0.01092	0.00754	0.00715	0.00236	0.01054	0.00579	0.00401	0.01149
9	0.01555	0.04011	0.68733	0.02210	0.03356	0.01801	0.02865	0.02455	0.01637	0.02455	0.01391	0.01637	0.00982	0.00737	0.00737	0.00246	0.01146	0.00573	0.00327	0.01146
10	0.02900	0.09546	0.01944	0.01320	0.01859	0.01331	0.01103	0.03276	0.04577	0.48488	0.12508	0.02961	0.02640	0.01023	0.00768	0.00233	0.00633	0.00835	0.00865	0.01190
11	0.02575	0.01987	0.02117	0.01709	0.02263	0.02231	0.01384	0.42964	0.26617	0.04286	0.02334	0.02238	0.01702	0.00975	0.00781	0.00244	0.00766	0.00763	0.00781	0.01285
12	0.01464	0.01378	0.02326	0.70887	0.05340	0.01723	0.02153	0.01981	0.01550	0.01981	0.01378	0.02067	0.01034	0.00775	0.00775	0.00258	0.01034	0.00689	0.00345	0.00861
13	0.01635	0.01470	0.02326	0.62917	0.05002	0.01801	0.02075	0.09287	0.01792	0.02316	0.01434	0.02043	0.01066	0.00793	0.00775	0.00255	0.01013	0.00690	0.00394	0.00914
14	0.03263	0.01326	0.01777	0.01353	0.01963	0.01127	0.01114	0.03568	0.02149	0.60847	0.02865	0.02520	0.01830	0.00915	0.00756	0.00225	0.00650	0.00743	0.00902	0.10105
15	0.01464	0.01378	0.02326	0.70887	0.05340	0.01723	0.02153	0.01981	0.01550	0.01981	0.01378	0.02067	0.01034	0.00775	0.00775	0.00258	0.01034	0.00689	0.00345	0.00861
16	0.01128	0.00752	0.00846	0.00846	0.00846	0.00752	0.00470	0.01128	0.01128	0.01503	0.02443	0.05074	0.02819	0.72751	0.03946	0.00752	0.00752	0.01128	0.00470	0.00470
17	0.02947	0.02172	0.02327	0.01784	0.02404	0.02404	0.01474	0.65329	0.03646	0.04887	0.01862	0.01862	0.01319	0.00931	0.00776	0.00233	0.00853	0.00698	0.00776	0.01319
18	0.01919	0.01842	0.03147	0.04759	0.67914	0.01842	0.02380	0.02380	0.01765	0.02533	0.01458	0.01919	0.01228	0.00691	0.00768	0.00230	0.00921	0.00691	0.00384	0.01228
19	0.01108	0.00831	0.01246	0.01246	0.01385	0.00969	0.00969	0.01385	0.01246	0.01800	0.02077	0.03046	0.01938	0.05815	0.69678	0.01246	0.02077	0.00831	0.00415	0.00692
20	0.01555	0.04011	0.68733	0.02210	0.03356	0.01801	0.02865	0.02455	0.01637	0.02455	0.01391	0.01637	0.00982	0.00737	0.00737	0.00246	0.01146	0.00573	0.00327	0.01146
21	0.01555	0.04011	0.68733	0.02210	0.03356	0.01801	0.02865	0.02455	0.01637	0.02455	0.01391	0.01637	0.00982	0.00737	0.00737	0.00246	0.01146	0.00573	0.00327	0.01146
22	0.01108	0.00831	0.01246	0.01246	0.01385	0.00969	0.00969	0.01385	0.01246	0.01800	0.02077	0.03046	0.01938	0.05815	0.69678	0.01246	0.02077	0.00831	0.00415	0.00692
23	0.00916	0.00785	0.00785	0.00785	0.01047	0.00655	0.00589	0.01113	0.01767	0.02095	0.07855	0.07462	0.67599	0.01964	0.00916	0.00262	0.00393	0.01636	0.00720	0.00655
24	0.01464	0.01378	0.02326	0.70887	0.05340	0.01723	0.02153	0.01981	0.01550	0.01981	0.01378	0.02067	0.01034	0.00775	0.00775	0.00258	0.01034	0.00689	0.00345	0.00861
25	0.01919	0.01842	0.03147	0.04759	0.67914	0.01842	0.02380	0.02380	0.01765	0.02533	0.01458	0.01919	0.01228	0.00691	0.00768	0.00230	0.00921	0.00691	0.00384	0.01228
26	0.00945	0.00675	0.00900	0.01080	0.01125	0.00630	0.00720	0.01080	0.01484	0.01979	0.04274	0.72245	0.05128	0.02429	0.00990	0.00315	0.00450	0.02204	0.00720	0.00630
27	0.01919	0.01842	0.03147	0.04759	0.67914	0.01842	0.02380	0.02380	0.01765	0.02533	0.01458	0.01919	0.01228	0.00691	0.00768	0.00230	0.00921	0.00691	0.00384	0.01228
28	0.03479	0.01320	0.01799	0.01380	0.01979	0.01140	0.01140	0.03779	0.02219	0.68451	0.03059	0.02639	0.01919	0.00960	0.00780	0.00240	0.00660	0.00780	0.00960	0.01320
29	0.78228	0.01499	0.01140	0.01020	0.01499	0.01739	0.00840	0.02279	0.01320	0.03479	0.01080	0.01260	0.00840	0.00720	0.00480	0.00240	0.00600	0.00420	0.00480	0.00840
30	0.01585	0.08037	0.64971	0.02159	0.03276	0.01874	0.02775	0.02448	0.01633	0.02419	0.01373	0.01614	0.00983	0.00732	0.00723	0.00241	0.01127	0.00564	0.00328	0.01137
31	0.02197	0.01738	0.01800	0.01567	0.02032	0.04776	0.01231	0.10464	0.47912	0.09963	0.03108	0.02872	0.04717	0.01055	0.00788	0.00255	0.00669	0.00861	0.00785	0.01210

[dist]
# distance from previous block
# <min> <max>
5	10

[block]
# block no. 11 follows, 25 sequences, length 9
# corresponding to MSA columns:
# 409-417
name=unknown_L
#
# <colnr> <probs for GDERKNQSTAVLIFYWHMCP>
#	G	D	E	R	K	N	Q	S	T	A	V	L	I	F	Y	W	H	M	C	P
0	0.01919	0.01842	0.03147	0.04759	0.67914	0.01842	0.02380	0.02380	0.01765	0.02533	0.01458	0.01919	0.01228	0.00691	0.00768	0.00230	0.00921	0.00691	0.00384	0.01228
1	0.01844	0.01414	0.01811	0.01304	0.01989	0.01102	0.04836	0.02202	0.01694	0.10365	0.01590	0.01760	0.01242	0.00625	0.00619	0.00139	0.00629	0.00525	0.00515	0.63795
2	0.01903	0.50492	0.25299	0.01617	0.02439	0.02652	0.01832	0.02366	0.01596	0.02032	0.01181	0.01373	0.00991	0.00687	0.00576	0.00192	0.00933	0.00467	0.00330	0.01045
3	0.01911	0.46290	0.21960	0.01587	0.02345	0.05757	0.01733	0.02347	0.01658	0.02079	0.04999	0.01624	0.01356	0.00744	0.00598	0.00194	0.00919	0.00520	0.00364	0.01018
4	0.01501	0.00816	0.01097	0.01145	0.01312	0.00742	0.00812	0.01672	0.01646	0.16566	0.04007	0.56970	0.04424	0.02107	0.00944	0.00298	0.00496	0.01892	0.00772	0.00781
5	0.11792	0.03165	0.02095	0.01862	0.02270	0.50893	0.01429	0.09182	0.02180	0.02384	0.01240	0.01446	0.01013	0.00835	0.00788	0.00216	0.05316	0.00520	0.00443	0.00931
6	0.10188	0.01836	0.01972	0.01530	0.02133	0.01924	0.01251	0.36206	0.08382	0.08730	0.01884	0.01896	0.01371	0.00849	0.00706	0.00212	0.00736	0.00643	0.00696	0.16858
7	0.01919	0.01842	0.03147	0.04759	0.67914	0.01842	0.02380	0.02380	0.01765	0.02533	0.01458	0.01919	0.01228	0.00691	0.00768	0.00230	0.00921	0.00691	0.00384	0.01228
8	0.01042	0.00918	0.04763	0.01182	0.01338	0.00752	0.00932	0.01278	0.01604	0.02129	0.07056	0.47976	0.09877	0.02206	0.00982	0.00312	0.00532	0.13738	0.00702	0.00681

[dist]
# distance from previous block
# <min> <max>
9	17

[block]
# block no. 12 follows, 25 sequences, length 22
# corresponding to MSA columns:
# 435-456
name=unknown_M
#
# <colnr> <probs for GDERKNQSTAVLIFYWHMCP>
#	G	D	E	R	K	N	Q	S	T	A	V	L	I	F	Y	W	H	M	C	P
0	0.07785	0.02078	0.06176	0.01658	0.02293	0.02086	0.01424	0.42978	0.08130	0.07110	0.01887	0.01898	0.01359	0.00879	0.00734	0.00225	0.00797	0.00665	0.00705	0.09135
1	0.48681	0.01683	0.01513	0.01286	0.01792	0.01924	0.01049	0.17295	0.12084	0.03771	0.01588	0.01656	0.01191	0.00821	0.00597	0.00242	0.00661	0.00556	0.00597	0.01012
2	0.10891	0.00990	0.01104	0.10772	0.01705	0.01079	0.00872	0.05476	0.01684	0.02887	0.02267	0.07141	0.01883	0.00966	0.00611	0.00211	0.00520	0.00778	0.47379	0.00785
3	0.01079	0.00833	0.01073	0.01171	0.01263	0.00847	0.00822	0.01361	0.05812	0.02074	0.04002	0.59041	0.06350	0.02201	0.01069	0.00306	0.05283	0.01948	0.00691	0.02776
4	0.01759	0.01467	0.02130	0.01577	0.02209	0.01227	0.12889	0.04600	0.01758	0.06952	0.01840	0.08986	0.01618	0.00818	0.00702	0.00176	0.00715	0.00753	0.00519	0.47306
5	0.59136	0.01564	0.01365	0.01165	0.01671	0.01761	0.00957	0.09640	0.04236	0.10210	0.01450	0.01532	0.01063	0.00781	0.00556	0.00240	0.00635	0.00506	0.00574	0.00958
6	0.02703	0.01497	0.01776	0.01375	0.01955	0.03541	0.01115	0.11042	0.04925	0.34796	0.07202	0.02495	0.02044	0.00908	0.00738	0.00209	0.00665	0.00733	0.00783	0.19497
7	0.01597	0.09559	0.63549	0.02139	0.03246	0.01902	0.02741	0.02445	0.01632	0.02405	0.01366	0.01605	0.00983	0.00731	0.00717	0.00239	0.01121	0.00560	0.00328	0.01134
8	0.39467	0.01441	0.01460	0.01203	0.01738	0.01490	0.00984	0.02933	0.07258	0.25987	0.01971	0.01908	0.01372	0.00820	0.00618	0.00232	0.00620	0.00588	0.00672	0.07239
9	0.01821	0.02063	0.04457	0.03184	0.03964	0.01924	0.62550	0.02463	0.01821	0.02485	0.01561	0.02072	0.01175	0.00650	0.00902	0.00256	0.01278	0.00897	0.00395	0.04080
10	0.01079	0.00803	0.00917	0.00940	0.01167	0.00703	0.00715	0.01302	0.01783	0.04950	0.12056	0.17204	0.43186	0.01978	0.00938	0.00278	0.00444	0.08124	0.00741	0.00692
11	0.01114	0.00805	0.01115	0.01115	0.01208	0.00898	0.00806	0.01301	0.01207	0.01703	0.02197	0.03709	0.02226	0.27697	0.48190	0.01084	0.01644	0.00928	0.00433	0.00620
12	0.01809	0.01516	0.01765	0.01302	0.01934	0.01326	0.01053	0.11181	0.01876	0.02825	0.01424	0.01651	0.01164	0.00680	0.00739	0.00147	0.05480	0.00509	0.00497	0.61122
13	0.12530	0.01795	0.01949	0.01529	0.02115	0.01898	0.01253	0.33328	0.08949	0.17269	0.02088	0.02020	0.01466	0.00890	0.00722	0.00228	0.00734	0.00676	0.00749	0.07814
14	0.31136	0.01893	0.01852	0.01487	0.02045	0.02130	0.01223	0.38515	0.06019	0.04274	0.01635	0.01689	0.01193	0.00858	0.00665	0.00237	0.00746	0.00603	0.00665	0.01134
15	0.04825	0.00925	0.01174	0.01210	0.01407	0.00907	0.00932	0.05476	0.01853	0.07814	0.13917	0.33620	0.04637	0.01941	0.00944	0.00299	0.00547	0.16048	0.00752	0.00773
