[name]
unknown

[dist]
# distance from previous block
# <min> <max>
0	1206

[block]
# block no. 0 follows, 22 sequences, length 7
# corresponding to MSA columns:
# 1475-1481
name=unknown_A
#
# <colnr> <probs for GDERKNQSTAVLIFYWHMCP>
#	G	D	E	R	K	N	Q	S	T	A	V	L	I	F	Y	W	H	M	C	P
0	0.01508	0.09006	0.23740	0.01717	0.02313	0.01486	0.01836	0.02078	0.01915	0.02634	0.13980	0.05423	0.03695	0.01520	0.00935	0.00300	0.00868	0.23481	0.00611	0.00955
1	0.01580	0.01554	0.02877	0.40128	0.04599	0.01718	0.18077	0.02104	0.01729	0.02265	0.02050	0.13610	0.01882	0.01093	0.00909	0.00288	0.01081	0.01074	0.00450	0.00934
2	0.10073	0.06489	0.02318	0.06384	0.18435	0.01913	0.01568	0.13833	0.09208	0.03178	0.02257	0.02518	0.05453	0.01123	0.00981	0.06798	0.00807	0.00776	0.04788	0.01097
3	0.01818	0.01818	0.02545	0.02181	0.02181	0.02545	0.01818	0.01999	0.01272	0.01999	0.01091	0.01818	0.01091	0.01454	0.02726	0.00364	0.69284	0.00727	0.00364	0.00909
4	0.02051	0.01823	0.02234	0.21153	0.08692	0.04925	0.01720	0.10452	0.27290	0.03163	0.05971	0.02729	0.02126	0.01014	0.00841	0.00269	0.00868	0.00856	0.00655	0.01169
5	0.40090	0.01333	0.01261	0.01108	0.01560	0.01396	0.00892	0.02381	0.01793	0.14406	0.11113	0.03465	0.13921	0.01183	0.00717	0.00262	0.00581	0.00895	0.00704	0.00939
6	0.01548	0.01537	0.05818	0.09119	0.23218	0.01395	0.04376	0.02017	0.02036	0.02833	0.25910	0.04198	0.10075	0.01242	0.00903	0.00261	0.00753	0.01128	0.00627	0.01005

[dist]
# distance from previous block
# <min> <max>
0	1

[block]
# block no. 1 follows, 22 sequences, length 23
# corresponding to MSA columns:
# 1483-1505
name=unknown_B
#
# <colnr> <probs for GDERKNQSTAVLIFYWHMCP>
#	G	D	E	R	K	N	Q	S	T	A	V	L	I	F	Y	W	H	M	C	P
0	0.01851	0.07124	0.11180	0.05384	0.05373	0.01667	0.05078	0.05386	0.01831	0.02701	0.01477	0.01788	0.01195	0.00732	0.00798	0.00188	0.04469	0.00583	0.00459	0.40736
1	0.01344	0.01100	0.01550	0.01462	0.01547	0.01362	0.01129	0.01558	0.01296	0.01887	0.02021	0.03313	0.02011	0.16993	0.40052	0.01001	0.18289	0.00909	0.00436	0.00738
2	0.01780	0.01718	0.02950	0.39400	0.21073	0.01926	0.09148	0.02474	0.06593	0.02444	0.01670	0.02244	0.01290	0.00815	0.00847	0.00270	0.01074	0.00782	0.00423	0.01079
3	0.01549	0.00774	0.00774	0.00774	0.00968	0.00774	0.00581	0.01936	0.01742	0.03097	0.02710	0.03097	0.02129	0.00968	0.00581	0.00194	0.00387	0.00774	0.75416	0.00774
4	0.06386	0.11126	0.04659	0.04942	0.06212	0.25021	0.01597	0.02793	0.04015	0.06034	0.04117	0.01926	0.01477	0.00937	0.00982	0.00238	0.09889	0.00636	0.00483	0.06531
5	0.21008	0.06718	0.08478	0.22960	0.09540	0.01809	0.01715	0.02296	0.01645	0.02785	0.01572	0.02004	0.01225	0.00815	0.00684	0.00247	0.00860	0.00636	0.12029	0.00974
6	0.01549	0.00774	0.00774	0.00774	0.00968	0.00774	0.00581	0.01936	0.01742	0.03097	0.02710	0.03097	0.02129	0.00968	0.00581	0.00194	0.00387	0.00774	0.75416	0.00774
7	0.76672	0.01607	0.01221	0.01092	0.01607	0.01864	0.00900	0.02442	0.01414	0.03727	0.01157	0.01350	0.00900	0.00771	0.00514	0.00257	0.00643	0.00450	0.00514	0.00900
8	0.01514	0.01193	0.04617	0.01314	0.01574	0.01081	0.01031	0.04061	0.11206	0.06480	0.10754	0.33403	0.04399	0.04376	0.01070	0.00318	0.00583	0.04375	0.05766	0.00885
9	0.01335	0.01128	0.01414	0.01397	0.01567	0.06182	0.01082	0.01625	0.01414	0.01937	0.02152	0.03127	0.01999	0.05814	0.62342	0.01248	0.02169	0.00863	0.00444	0.00759
10	0.01206	0.00815	0.00957	0.00957	0.00974	0.00833	0.00567	0.01241	0.01223	0.01648	0.02571	0.05179	0.02909	0.63157	0.11723	0.00868	0.00974	0.01170	0.00496	0.00532
11	0.07858	0.01722	0.01995	0.01515	0.02182	0.01644	0.01242	0.21284	0.02594	0.25609	0.02239	0.02164	0.01551	0.00885	0.00751	0.00217	0.00740	0.00686	0.00783	0.22338
12	0.02063	0.02327	0.04171	0.03090	0.03770	0.08483	0.45439	0.02780	0.06491	0.02587	0.01702	0.02185	0.01317	0.00830	0.01142	0.00283	0.08892	0.00906	0.00446	0.01096
13	0.07364	0.06833	0.04855	0.05535	0.02274	0.01839	0.01360	0.15611	0.09982	0.11908	0.02559	0.02654	0.05318	0.01370	0.05277	0.00320	0.03029	0.00792	0.06470	0.04647
14	0.16761	0.01842	0.01978	0.06928	0.05688	0.05020	0.01391	0.21354	0.06006	0.08107	0.01959	0.02134	0.01462	0.00950	0.00833	0.00252	0.04436	0.00699	0.11070	0.01129
15	0.02749	0.02136	0.02661	0.02590	0.15663	0.06024	0.06164	0.29140	0.07078	0.10706	0.02106	0.02213	0.01541	0.00924	0.00825	0.00249	0.00935	0.00774	0.04213	0.01308
16	0.01080	0.00729	0.00940	0.01108	0.01175	0.00687	0.00747	0.01255	0.01610	0.02244	0.04342	0.61759	0.05068	0.02396	0.01000	0.00319	0.00470	0.02161	0.10221	0.00687
17	0.02393	0.02520	0.03091	0.15246	0.07236	0.21455	0.18497	0.09461	0.02235	0.04822	0.01708	0.04361	0.01370	0.00884	0.00855	0.00256	0.01240	0.00805	0.00491	0.01075
18	0.01854	0.01575	0.02414	0.46871	0.06552	0.01901	0.02072	0.06810	0.05462	0.05863	0.01806	0.02522	0.01409	0.00970	0.00985	0.00284	0.06125	0.03029	0.00482	0.01013
19	0.01818	0.01818	0.02545	0.02181	0.02181	0.02545	0.01818	0.01999	0.01272	0.01999	0.01091	0.01818	0.01091	0.01454	0.02726	0.00364	0.69284	0.00727	0.00364	0.00909
20	0.01805	0.01743	0.03055	0.09168	0.40106	0.01738	0.10608	0.02270	0.01844	0.02555	0.02371	0.11257	0.05650	0.01064	0.00885	0.00268	0.00955	0.01044	0.00477	0.01138
21	0.01843	0.01677	0.02503	0.40811	0.09003	0.02053	0.02082	0.08076	0.08170	0.02578	0.01666	0.02212	0.01294	0.00964	0.01120	0.00286	0.11405	0.00758	0.00463	0.01036
22	0.01541	0.01562	0.06903	0.04935	0.19823	0.01389	0.01576	0.02197	0.09770	0.02705	0.12426	0.12371	0.14262	0.01457	0.00915	0.00278	0.00715	0.03512	0.00651	0.01012

[dist]
# distance from previous block
# <min> <max>
0	1

[block]
# block no. 2 follows, 22 sequences, length 11
# corresponding to MSA columns:
# 1507,1514-1523
name=unknown_C
#
# <colnr> <probs for GDERKNQSTAVLIFYWHMCP>
#	G	D	E	R	K	N	Q	S	T	A	V	L	I	F	Y	W	H	M	C	P
0	0.31788	0.01636	0.01547	0.05967	0.05290	0.08331	0.01135	0.02489	0.01828	0.10653	0.08866	0.02748	0.06263	0.01018	0.00701	0.00250	0.00725	0.00766	0.07043	0.00955
1	0.01662	0.01546	0.02471	0.56423	0.09067	0.01881	0.02199	0.02435	0.09452	0.02328	0.01719	0.02315	0.01298	0.00862	0.00832	0.00276	0.01044	0.00763	0.00431	0.00997
2	0.01518	0.00784	0.00822	0.00822	0.01012	0.00797	0.00620	0.01897	0.01707	0.02997	0.02668	0.03111	0.02125	0.01420	0.06329	0.00292	0.00545	0.00784	0.68978	0.00771
3	0.01810	0.01656	0.02517	0.19937	0.27764	0.01777	0.01974	0.02637	0.13891	0.02653	0.02188	0.09047	0.01910	0.01015	0.00840	0.00262	0.00880	0.00924	0.00526	0.05792
4	0.03726	0.01632	0.02402	0.14351	0.03031	0.04247	0.12335	0.02154	0.01784	0.02529	0.04884	0.05925	0.02003	0.01024	0.00938	0.00241	0.05153	0.05888	0.00503	0.25251
5	0.04226	0.01419	0.01702	0.05936	0.02102	0.01410	0.01178	0.16768	0.02297	0.06138	0.08305	0.18023	0.03030	0.01542	0.02981	0.00285	0.00734	0.03647	0.00703	0.17575
6	0.06528	0.01667	0.02404	0.02560	0.17640	0.03778	0.09947	0.06315	0.05884	0.02861	0.08360	0.07663	0.12691	0.01286	0.00985	0.00276	0.04253	0.03259	0.00607	0.01035
7	0.01737	0.05025	0.04256	0.01418	0.01731	0.01383	0.01129	0.14186	0.02105	0.05190	0.03310	0.37968	0.03566	0.01824	0.01000	0.00290	0.03806	0.01569	0.04460	0.04044
8	0.01838	0.06179	0.16923	0.02245	0.09178	0.01618	0.11255	0.02383	0.01849	0.06030	0.05827	0.06468	0.01925	0.00901	0.00791	0.00224	0.00911	0.00818	0.00506	0.22130
9	0.05751	0.05126	0.01943	0.01745	0.07677	0.13031	0.01236	0.06114	0.02146	0.04966	0.17986	0.06487	0.03141	0.01101	0.00786	0.00219	0.00777	0.00902	0.00630	0.18235
10	0.02117	0.01942	0.06517	0.02746	0.21481	0.04480	0.05571	0.07438	0.08824	0.07741	0.02268	0.08908	0.01929	0.01012	0.00818	0.00246	0.00863	0.00902	0.04869	0.09328

[dist]
# distance from previous block
# <min> <max>
5	96

[block]
# block no. 3 follows, 22 sequences, length 6
# corresponding to MSA columns:
# 1620-1625
name=unknown_D
#
# <colnr> <probs for GDERKNQSTAVLIFYWHMCP>
#	G	D	E	R	K	N	Q	S	T	A	V	L	I	F	Y	W	H	M	C	P
0	0.02218	0.02303	0.14116	0.02937	0.22916	0.01883	0.05094	0.12771	0.06672	0.08349	0.02280	0.02451	0.05044	0.00909	0.00823	0.00248	0.00933	0.00792	0.00579	0.06683
1	0.02181	0.02119	0.07909	0.10531	0.08139	0.05053	0.11436	0.09639	0.18690	0.07429	0.02246	0.02457	0.01685	0.01262	0.05180	0.00337	0.01077	0.00828	0.00610	0.01193
2	0.06051	0.05616	0.12893	0.05279	0.08684	0.01776	0.01661	0.11253	0.07200	0.05904	0.02399	0.02519	0.07194	0.00932	0.00759	0.00228	0.00827	0.00748	0.00576	0.17501
3	0.02064	0.10270	0.02292	0.01990	0.10313	0.01891	0.01427	0.10143	0.18888	0.06047	0.04868	0.03257	0.04432	0.01617	0.07443	0.00360	0.00906	0.05120	0.00666	0.06006
4	0.01773	0.01542	0.02248	0.02340	0.15514	0.01480	0.07318	0.07183	0.07161	0.02959	0.10073	0.09313	0.05550	0.01221	0.00871	0.00250	0.00763	0.05733	0.00633	0.16076
5	0.02018	0.01738	0.02334	0.07193	0.16504	0.05012	0.04692	0.02524	0.05023	0.07704	0.01873	0.05028	0.01554	0.00823	0.00752	0.00203	0.00825	0.00725	0.00531	0.32944

[dist]
# distance from previous block
# <min> <max>
10	12

[block]
# block no. 4 follows, 22 sequences, length 13
# corresponding to MSA columns:
# 1638-1650
name=unknown_E
#
# <colnr> <probs for GDERKNQSTAVLIFYWHMCP>
#	G	D	E	R	K	N	Q	S	T	A	V	L	I	F	Y	W	H	M	C	P
0	0.01135	0.00858	0.01076	0.01186	0.01344	0.00799	0.00861	0.01427	0.04358	0.02277	0.04906	0.46304	0.13938	0.02316	0.01027	0.00321	0.00525	0.09771	0.00758	0.04813
1	0.01876	0.01722	0.02155	0.15237	0.10125	0.05859	0.01552	0.05606	0.05077	0.02636	0.01648	0.02060	0.01347	0.01226	0.06275	0.00297	0.03422	0.00651	0.00483	0.30745
2	0.06127	0.14848	0.16374	0.10335	0.12588	0.11067	0.09271	0.02598	0.01838	0.02450	0.01416	0.01778	0.01127	0.00763	0.00749	0.00236	0.01118	0.00636	0.00396	0.04283
3	0.01549	0.00774	0.00774	0.00774	0.00968	0.00774	0.00581	0.01936	0.01742	0.03097	0.02710	0.03097	0.02129	0.00968	0.00581	0.00194	0.00387	0.00774	0.75416	0.00774
4	0.01196	0.00854	0.01152	0.01152	0.01237	0.00939	0.00810	0.01366	0.01281	0.01793	0.02393	0.04190	0.02479	0.33771	0.40522	0.01109	0.01620	0.01026	0.00470	0.00640
5	0.01138	0.00848	0.01058	0.01005	0.01218	0.00768	0.00754	0.01494	0.02262	0.03118	0.54053	0.06556	0.19103	0.01778	0.00980	0.00265	0.00398	0.01552	0.00886	0.00768
6	0.02056	0.02046	0.03145	0.15539	0.50659	0.07073	0.02435	0.02538	0.01889	0.02562	0.01526	0.02039	0.01262	0.00764	0.00818	0.00249	0.01047	0.00724	0.00405	0.01222
7	0.01047	0.00749	0.01000	0.01172	0.01242	0.00702	0.00809	0.01227	0.01674	0.02244	0.09537	0.61037	0.05640	0.02508	0.01059	0.00334	0.00493	0.06053	0.00783	0.00690
8	0.01211	0.00896	0.01088	0.01070	0.01243	0.00862	0.00772	0.01613	0.06113	0.02730	0.33853	0.12129	0.13008	0.15112	0.01611	0.00382	0.00518	0.04250	0.00794	0.00745
9	0.02221	0.71304	0.04353	0.01421	0.02132	0.03287	0.01421	0.02488	0.01688	0.01955	0.01155	0.01333	0.01066	0.00711	0.00533	0.00178	0.00888	0.00444	0.00355	0.01066
10	0.01036	0.00838	0.00884	0.00876	0.01109	0.00726	0.00634	0.01242	0.01861	0.02299	0.14882	0.07429	0.49753	0.11115	0.01410	0.00347	0.00468	0.01649	0.00754	0.00686
11	0.02366	0.02019	0.01923	0.07032	0.02318	0.13791	0.01338	0.23419	0.05718	0.03391	0.02078	0.02475	0.01660	0.04726	0.08181	0.00380	0.01065	0.00759	0.14305	0.01054
12	0.02043	0.02234	0.08181	0.10906	0.41263	0.07206	0.02322	0.02698	0.06751	0.02649	0.01663	0.02069	0.01344	0.00788	0.00807	0.00246	0.01018	0.00717	0.00441	0.04654

[dist]
# distance from previous block
# <min> <max>
0	6

[block]
# block no. 5 follows, 22 sequences, length 15
# corresponding to MSA columns:
# 1668-1682
name=unknown_F
#
# <colnr> <probs for GDERKNQSTAVLIFYWHMCP>
#	G	D	E	R	K	N	Q	S	T	A	V	L	I	F	Y	W	H	M	C	P
0	0.02245	0.01968	0.05979	0.04711	0.16194	0.02009	0.01733	0.11547	0.27316	0.07726	0.02495	0.02641	0.01914	0.03848	0.01047	0.00291	0.03543	0.00840	0.00685	0.01268
1	0.02346	0.02995	0.08194	0.02245	0.08506	0.35154	0.01706	0.02652	0.02028	0.02184	0.02454	0.02669	0.11457	0.01124	0.01074	0.00253	0.10736	0.00786	0.00466	0.00972
2	0.01599	0.01450	0.01612	0.01761	0.07571	0.08867	0.01235	0.02048	0.06516	0.02585	0.14452	0.16894	0.08146	0.01709	0.01090	0.00296	0.06064	0.11176	0.04055	0.00874
3	0.01718	0.01011	0.01093	0.01007	0.01225	0.01101	0.00785	0.07416	0.01893	0.03187	0.02495	0.02879	0.01968	0.01016	0.00803	0.00214	0.06834	0.00768	0.61741	0.00844
4	0.04007	0.02059	0.10379	0.10779	0.14316	0.01946	0.04649	0.06885	0.07911	0.02758	0.02137	0.02471	0.05815	0.01023	0.01146	0.00270	0.12825	0.00795	0.00499	0.07329
5	0.01333	0.00848	0.01105	0.01127	0.01290	0.00792	0.00804	0.01564	0.01841	0.08351	0.20537	0.32624	0.09781	0.07737	0.05925	0.00412	0.00622	0.01753	0.00789	0.00766
6	0.01674	0.00928	0.00953	0.00897	0.01119	0.00952	0.00671	0.07792	0.01905	0.03171	0.02632	0.03200	0.02140	0.07247	0.00933	0.00254	0.00476	0.00811	0.61433	0.00812
7	0.56019	0.08389	0.07434	0.01295	0.01870	0.04813	0.01181	0.02453	0.01507	0.03300	0.01246	0.01487	0.00995	0.01046	0.03921	0.00303	0.00835	0.00490	0.00477	0.00939
8	0.02085	0.02027	0.06043	0.07268	0.48145	0.01949	0.05406	0.02786	0.07949	0.05499	0.01812	0.02194	0.01443	0.00795	0.00832	0.00254	0.00980	0.00770	0.00476	0.01289
9	0.12347	0.02054	0.04772	0.01770	0.02348	0.04955	0.05678	0.25382	0.12514	0.06372	0.02577	0.02806	0.05322	0.01072	0.00809	0.00262	0.00848	0.03364	0.03560	0.01188
10	0.01185	0.00815	0.00930	0.00930	0.00968	0.00812	0.00553	0.01226	0.01284	0.01695	0.03154	0.05533	0.09007	0.59591	0.08357	0.00792	0.00868	0.01239	0.00525	0.00539
11	0.02400	0.01926	0.02782	0.11327	0.07528	0.02007	0.12767	0.26454	0.02695	0.07241	0.04570	0.05346	0.01807	0.00978	0.00859	0.00254	0.00960	0.00879	0.00652	0.06568
12	0.01798	0.01429	0.01588	0.01490	0.01821	0.01562	0.01123	0.12622	0.27806	0.03195	0.03796	0.29125	0.05718	0.01712	0.00931	0.00298	0.00623	0.01488	0.00812	0.01061
13	0.15959	0.01737	0.05227	0.15398	0.05355	0.01698	0.01529	0.11905	0.02166	0.15122	0.06334	0.02336	0.01789	0.00914	0.00758	0.00245	0.00814	0.00726	0.00643	0.09345
14	0.02288	0.03903	0.12495	0.05252	0.18321	0.01653	0.04278	0.02959	0.08025	0.19319	0.04855	0.08594	0.02193	0.01066	0.00849	0.00265	0.00870	0.00941	0.00654	0.01220

[dist]
# distance from previous block
# <min> <max>
15	76

[block]
# block no. 6 follows, 22 sequences, length 24
# corresponding to MSA columns:
# 1774-1797
name=unknown_G
#
# <colnr> <probs for GDERKNQSTAVLIFYWHMCP>
#	G	D	E	R	K	N	Q	S	T	A	V	L	I	F	Y	W	H	M	C	P
0	0.05520	0.03957	0.04489	0.06436	0.04092	0.03736	0.03634	0.09598	0.13205	0.13543	0.04988	0.07388	0.04014	0.06511	0.01088	0.00300	0.00800	0.00954	0.00701	0.05047
1	0.23319	0.07213	0.11487	0.01435	0.02107	0.01678	0.01350	0.04492	0.04195	0.10959	0.04562	0.04536	0.01702	0.00897	0.00682	0.00227	0.00743	0.00676	0.00587	0.17152
2	0.01837	0.05034	0.08931	0.13691	0.28152	0.03950	0.07024	0.02440	0.04890	0.02597	0.06654	0.07140	0.02081	0.00980	0.00848	0.00261	0.00978	0.00909	0.00482	0.01123
3	0.01339	0.01035	0.01376	0.01304	0.01365	0.01232	0.00956	0.01498	0.01291	0.01872	0.02180	0.03841	0.02262	0.30984	0.25909	0.00873	0.14928	0.00980	0.04093	0.00681
4	0.02052	0.01986	0.03074	0.04374	0.53042	0.04770	0.02267	0.02514	0.01886	0.02683	0.01537	0.01980	0.01292	0.00726	0.00787	0.00226	0.00953	0.00693	0.00424	0.12734
5	0.01549	0.00774	0.00774	0.00774	0.00968	0.00774	0.00581	0.01936	0.01742	0.03097	0.02710	0.03097	0.02129	0.00968	0.00581	0.00194	0.00387	0.00774	0.75416	0.00774
6	0.01723	0.01477	0.01723	0.01230	0.01969	0.01107	0.00984	0.02092	0.01723	0.02707	0.01477	0.01723	0.01230	0.00615	0.00615	0.00123	0.00615	0.00492	0.00492	0.75883
7	0.01108	0.00830	0.01012	0.01129	0.01239	0.00799	0.00768	0.01419	0.06438	0.02195	0.04851	0.49989	0.13614	0.08872	0.01332	0.00369	0.00517	0.02055	0.00752	0.00712
8	0.01549	0.00774	0.00774	0.00774	0.00968	0.00774	0.00581	0.01936	0.01742	0.03097	0.02710	0.03097	0.02129	0.00968	0.00581	0.00194	0.00387	0.00774	0.75416	0.00774
9	0.01668	0.01405	0.01636	0.01196	0.01856	0.01075	0.00933	0.01998	0.01668	0.02590	0.01598	0.02118	0.01421	0.08079	0.00999	0.00196	0.00635	0.00568	0.00493	0.67867
10	0.01658	0.01601	0.02764	0.54218	0.11098	0.01914	0.06972	0.02198	0.01686	0.02214	0.01480	0.02181	0.01138	0.00845	0.00941	0.00279	0.04704	0.00757	0.00377	0.00975
11	0.01256	0.01208	0.06151	0.01311	0.01531	0.01059	0.01048	0.01722	0.07659	0.02509	0.16347	0.33476	0.09564	0.05077	0.01253	0.00330	0.05244	0.01712	0.00735	0.00810
12	0.01208	0.00805	0.00906	0.00906	0.00906	0.00805	0.00503	0.01208	0.01208	0.01611	0.02618	0.05436	0.03020	0.70804	0.04228	0.00805	0.00805	0.01208	0.00503	0.00503
13	0.01975	0.01923	0.03017	0.13693	0.48725	0.05383	0.02328	0.02454	0.01919	0.02641	0.06460	0.02370	0.01778	0.00833	0.00832	0.00250	0.00985	0.00788	0.00445	0.01200
14	0.01463	0.01158	0.01617	0.01510	0.01686	0.01398	0.01200	0.07365	0.01569	0.02252	0.02042	0.02938	0.01874	0.05055	0.51980	0.01094	0.11645	0.00853	0.00470	0.00829
15	0.02805	0.01985	0.02165	0.01698	0.02257	0.02146	0.01362	0.44986	0.05940	0.08575	0.02213	0.02598	0.01736	0.11349	0.01328	0.00329	0.00862	0.00821	0.00783	0.04061
16	0.08412	0.01100	0.01322	0.01300	0.01498	0.04310	0.01002	0.01632	0.01424	0.02111	0.02507	0.03407	0.06155	0.08025	0.50722	0.01085	0.01858	0.00903	0.00475	0.00754
17	0.03103	0.03959	0.02354	0.02140	0.02568	0.67469	0.01605	0.03317	0.02354	0.02033	0.01284	0.01498	0.01070	0.00856	0.00749	0.00214	0.01498	0.00535	0.00428	0.00963
18	0.01583	0.01468	0.02381	0.60866	0.05261	0.01813	0.02167	0.02256	0.06400	0.02225	0.01752	0.05145	0.01400	0.00928	0.00841	0.00280	0.01047	0.00822	0.00422	0.00942
19	0.02633	0.01844	0.01775	0.01517	0.01954	0.12989	0.01162	0.07332	0.13586	0.23274	0.03135	0.03427	0.06893	0.13068	0.01415	0.00349	0.00846	0.00929	0.00766	0.01106
20	0.01647	0.01557	0.02633	0.58547	0.15369	0.01866	0.02346	0.02191	0.01698	0.02218	0.01490	0.02189	0.01141	0.00816	0.00829	0.00272	0.01088	0.00739	0.00376	0.00986
21	0.01818	0.01818	0.02545	0.02181	0.02181	0.02545	0.01818	0.01999	0.01272	0.01999	0.01091	0.01818	0.01091	0.01454	0.02726	0.00364	0.69284	0.00727	0.00364	0.00909
22	0.01064	0.00760	0.01023	0.01216	0.01287	0.00719	0.00861	0.01246	0.01641	0.02179	0.04550	0.60620	0.05382	0.02554	0.01074	0.00345	0.00527	0.11493	0.00770	0.00689
23	0.01569	0.01477	0.02492	0.68808	0.05722	0.01846	0.02307	0.02123	0.01661	0.02123	0.01477	0.02215	0.01107	0.00831	0.00831	0.00277	0.01107	0.00738	0.00369	0.00923

[dist]
# distance from previous block
# <min> <max>
0	1

[block]
# block no. 7 follows, 22 sequences, length 9
# corresponding to MSA columns:
# 1799-1807
name=unknown_H
#
# <colnr> <probs for GDERKNQSTAVLIFYWHMCP>
#	G	D	E	R	K	N	Q	S	T	A	V	L	I	F	Y	W	H	M	C	P
0	0.01867	0.27582	0.03767	0.06659	0.02980	0.02268	0.23956	0.02282	0.01759	0.02220	0.02186	0.02747	0.07265	0.07726	0.01123	0.00293	0.01041	0.00858	0.00433	0.00988
1	0.01549	0.00774	0.00774	0.00774	0.00968	0.00774	0.00581	0.01936	0.01742	0.03097	0.02710	0.03097	0.02129	0.00968	0.00581	0.00194	0.00387	0.00774	0.75416	0.00774
2	0.01085	0.00805	0.01012	0.01045	0.01207	0.00732	0.00752	0.01361	0.02012	0.02726	0.34440	0.28023	0.17589	0.02076	0.01007	0.00290	0.00427	0.01837	0.00840	0.00732
3	0.02079	0.02126	0.03002	0.21052	0.41335	0.11181	0.02354	0.02548	0.01898	0.02466	0.01501	0.02018	0.01228	0.00780	0.00814	0.00250	0.01090	0.00711	0.00403	0.01165
4	0.05859	0.17753	0.21063	0.05870	0.02878	0.12672	0.07504	0.02478	0.01825	0.02355	0.01974	0.08009	0.04405	0.00997	0.00766	0.00246	0.01074	0.00804	0.00437	0.01032
5	0.02103	0.01430	0.06118	0.01428	0.01828	0.01305	0.01200	0.09436	0.04500	0.17445	0.02621	0.06098	0.02177	0.08408	0.22513	0.00646	0.01222	0.00925	0.07581	0.01014
6	0.01401	0.01089	0.01265	0.01242	0.01525	0.01079	0.00989	0.06722	0.09053	0.02870	0.16403	0.10371	0.24995	0.01906	0.00998	0.00302	0.00568	0.15558	0.00809	0.00856
7	0.01831	0.01708	0.06735	0.09382	0.07688	0.01679	0.10581	0.06555	0.05229	0.05539	0.02118	0.05647	0.01802	0.04342	0.11860	0.00463	0.07465	0.00899	0.07466	0.01012
8	0.44124	0.01718	0.04604	0.01821	0.09137	0.01782	0.06176	0.02334	0.01574	0.03233	0.01858	0.02121	0.05449	0.00907	0.00764	0.00261	0.04745	0.00660	0.05774	0.00957

[dist]
# distance from previous block
# <min> <max>
0	1

[block]
# block no. 8 follows, 22 sequences, length 45
# corresponding to MSA columns:
# 1809-1853
name=unknown_I
#
# <colnr> <probs for GDERKNQSTAVLIFYWHMCP>
#	G	D	E	R	K	N	Q	S	T	A	V	L	I	F	Y	W	H	M	C	P
0	0.54187	0.01989	0.05431	0.04603	0.02113	0.05462	0.01232	0.11079	0.01851	0.03709	0.01318	0.01515	0.01001	0.00812	0.00603	0.00255	0.00784	0.00521	0.00538	0.00997
1	0.02158	0.02006	0.03291	0.04806	0.59820	0.02029	0.02460	0.08100	0.02077	0.02946	0.01602	0.02050	0.01325	0.00764	0.00823	0.00247	0.00980	0.00741	0.00450	0.01325
2	0.46254	0.05517	0.07985	0.05504	0.09287	0.05404	0.01430	0.02469	0.01615	0.03224	0.03803	0.01716	0.01266	0.00811	0.00625	0.00251	0.00811	0.00560	0.00482	0.00986
3	0.02057	0.01966	0.03306	0.04949	0.62837	0.01978	0.02495	0.02631	0.04623	0.02747	0.01642	0.02102	0.01369	0.00757	0.00823	0.00248	0.00972	0.00749	0.00430	0.01316
4	0.01439	0.03885	0.01468	0.01342	0.04547	0.01165	0.00973	0.05543	0.08591	0.03208	0.40814	0.05519	0.15141	0.01575	0.00932	0.00262	0.00503	0.01360	0.00834	0.00900
5	0.40042	0.11113	0.04921	0.01421	0.02004	0.08395	0.01235	0.06572	0.05553	0.09620	0.01582	0.01673	0.01190	0.00833	0.00624	0.00244	0.00809	0.00551	0.00569	0.01051
6	0.24210	0.22333	0.02446	0.01451	0.01994	0.09066	0.01257	0.11841	0.02056	0.03063	0.02032	0.02596	0.05249	0.01017	0.00680	0.00241	0.00844	0.06065	0.00546	0.01011
7	0.06836	0.01720	0.02796	0.17454	0.42109	0.01806	0.02198	0.02329	0.01825	0.02669	0.05463	0.05590	0.01837	0.00908	0.00824	0.00259	0.00929	0.00844	0.00457	0.01145
8	0.01193	0.00864	0.01204	0.01204	0.01306	0.00967	0.00874	0.01399	0.01296	0.01831	0.02346	0.03930	0.02366	0.26034	0.48104	0.01173	0.01790	0.00988	0.00463	0.00669
9	0.01907	0.01606	0.02580	0.27336	0.27093	0.01737	0.02065	0.05659	0.01960	0.06031	0.08530	0.02621	0.01997	0.01001	0.00950	0.03578	0.00936	0.00827	0.00504	0.01084
10	0.01549	0.00774	0.00774	0.00774	0.00968	0.00774	0.00581	0.01936	0.01742	0.03097	0.02710	0.03097	0.02129	0.00968	0.00581	0.00194	0.00387	0.00774	0.75416	0.00774
11	0.01939	0.01470	0.01745	0.01257	0.01985	0.01120	0.01010	0.02303	0.01793	0.09571	0.01671	0.01842	0.01320	0.00660	0.00639	0.00138	0.00625	0.00529	0.00550	0.67832
12	0.01048	0.00738	0.00953	0.01111	0.01150	0.00699	0.00722	0.01166	0.01521	0.02027	0.04220	0.58399	0.05042	0.15084	0.01640	0.00423	0.00541	0.02151	0.00722	0.00643
13	0.01549	0.00774	0.00774	0.00774	0.00968	0.00774	0.00581	0.01936	0.01742	0.03097	0.02710	0.03097	0.02129	0.00968	0.00581	0.00194	0.00387	0.00774	0.75416	0.00774
14	0.07120	0.01886	0.02449	0.02641	0.18409	0.02155	0.01738	0.11282	0.17142	0.03152	0.01923	0.02179	0.01541	0.01032	0.01242	0.00276	0.16835	0.00752	0.00576	0.05670
15	0.02405	0.11652	0.05489	0.09488	0.05211	0.01980	0.01542	0.12059	0.15044	0.15613	0.06754	0.02797	0.04307	0.01035	0.00805	0.00253	0.00805	0.00839	0.00715	0.01208
16	0.01965	0.01529	0.01694	0.01554	0.01955	0.01700	0.01202	0.03682	0.45183	0.07797	0.08616	0.11426	0.03358	0.01379	0.00891	0.00288	0.00622	0.03121	0.00853	0.01185
17	0.01208	0.00805	0.00906	0.00906	0.00906	0.00805	0.00503	0.01208	0.01208	0.01611	0.02618	0.05436	0.03020	0.70804	0.04228	0.00805	0.00805	0.01208	0.00503	0.00503
18	0.02584	0.01904	0.02068	0.01732	0.02280	0.02121	0.01383	0.21847	0.38992	0.11238	0.02955	0.02738	0.02145	0.01077	0.00840	0.00269	0.00740	0.00870	0.00862	0.01356
19	0.02077	0.01722	0.01755	0.01615	0.01933	0.14407	0.04239	0.07785	0.02128	0.10524	0.05638	0.24282	0.03461	0.05184	0.01114	0.00318	0.00851	0.09331	0.00714	0.00923
20	0.02725	0.01726	0.02126	0.01665	0.02259	0.01733	0.04351	0.21334	0.11497	0.21711	0.09749	0.02856	0.02467	0.01050	0.00836	0.00246	0.00752	0.00871	0.00842	0.09206
21	0.06715	0.01908	0.02089	0.01774	0.05340	0.02073	0.01369	0.41264	0.03154	0.07526	0.02137	0.02230	0.01559	0.00968	0.00763	0.00239	0.00785	0.00741	0.16118	0.01250
22	0.03008	0.03760	0.02311	0.02099	0.02531	0.61467	0.01579	0.03418	0.08023	0.02166	0.01477	0.01645	0.01205	0.00881	0.00758	0.00220	0.01421	0.00572	0.00466	0.00995
23	0.01532	0.01426	0.02390	0.64290	0.05420	0.01768	0.02205	0.02058	0.01656	0.02122	0.01684	0.06759	0.01400	0.00949	0.00846	0.00281	0.01066	0.00847	0.00396	0.00906
24	0.11093	0.01823	0.01753	0.05132	0.02055	0.14068	0.01271	0.08672	0.01865	0.02597	0.02037	0.02631	0.04169	0.05081	0.21994	0.00614	0.07659	0.00772	0.03822	0.00892
25	0.01569	0.01477	0.02492	0.68808	0.05722	0.01846	0.02307	0.02123	0.01661	0.02123	0.01477	0.02215	0.01107	0.00831	0.00831	0.00277	0.01107	0.00738	0.00369	0.00923
26	0.01818	0.01818	0.02545	0.02181	0.02181	0.02545	0.01818	0.01999	0.01272	0.01999	0.01091	0.01818	0.01091	0.01454	0.02726	0.00364	0.69284	0.00727	0.00364	0.00909
27	0.01003	0.00842	0.00871	0.00864	0.01135	0.00710	0.00648	0.01234	0.01944	0.02364	0.14685	0.07797	0.58941	0.02059	0.00982	0.00278	0.00418	0.01726	0.00787	0.00710
28	0.02036	0.01962	0.03114	0.14216	0.44634	0.04849	0.04982	0.05520	0.01954	0.02680	0.01598	0.02121	0.01314	0.01046	0.04178	0.00306	0.01105	0.00749	0.00429	0.01208
29	0.02057	0.01883	0.02000	0.01926	0.05897	0.15002	0.06317	0.05267	0.10017	0.06585	0.03220	0.14775	0.06256	0.01458	0.00906	0.00281	0.00885	0.09625	0.04653	0.00990
30	0.01638	0.01296	0.01418	0.01271	0.01611	0.01351	0.00972	0.10728	0.18644	0.03208	0.19968	0.05217	0.20517	0.07018	0.01181	0.00313	0.00575	0.01293	0.00814	0.00967
31	0.01549	0.00774	0.00774	0.00774	0.00968	0.00774	0.00581	0.01936	0.01742	0.03097	0.02710	0.03097	0.02129	0.00968	0.00581	0.00194	0.00387	0.00774	0.75416	0.00774
32	0.01115	0.00791	0.00981	0.01083	0.01159	0.00754	0.00734	0.01255	0.01562	0.02059	0.06854	0.34478	0.10101	0.24444	0.02079	0.00485	0.00607	0.08134	0.00690	0.00636
33	0.01838	0.01795	0.03162	0.28346	0.29899	0.01887	0.11319	0.02376	0.01805	0.02485	0.01542	0.02121	0.01224	0.00760	0.00835	0.00255	0.01069	0.00759	0.00402	0.06120
34	0.01718	0.06099	0.34852	0.09424	0.10243	0.01912	0.12690	0.02449	0.01778	0.02522	0.01767	0.07513	0.01486	0.00918	0.00840	0.00268	0.01143	0.00837	0.00405	0.01136
35	0.01440	0.01053	0.01393	0.01512	0.06636	0.01154	0.01025	0.01976	0.09126	0.02362	0.02467	0.03444	0.02225	0.14009	0.31123	0.00813	0.01355	0.00910	0.15148	0.00829
36	0.01262	0.01057	0.01484	0.01945	0.15150	0.00994	0.01170	0.01529	0.01788	0.02328	0.05158	0.28785	0.23999	0.02005	0.00993	0.00304	0.00601	0.07922	0.00693	0.00831
37	0.01994	0.02223	0.05180	0.08985	0.02465	0.21165	0.01497	0.05063	0.05682	0.02390	0.06526	0.08788	0.05584	0.01946	0.10197	0.00415	0.07483	0.00954	0.00538	0.00926
38	0.02085	0.02155	0.03033	0.26549	0.14005	0.11943	0.13937	0.06045	0.07108	0.02593	0.01686	0.02146	0.01299	0.00828	0.00848	0.00262	0.01157	0.00772	0.00460	0.01089
39	0.09739	0.01666	0.14314	0.04675	0.02042	0.01193	0.01361	0.02019	0.01661	0.10823	0.02977	0.29381	0.03068	0.05397	0.01206	0.04844	0.00740	0.01365	0.00635	0.00892
40	0.02304	0.01566	0.02190	0.12730	0.14181	0.01650	0.01621	0.08356	0.07835	0.18522	0.03074	0.07073	0.08735	0.01187	0.00975	0.00274	0.04887	0.00988	0.00694	0.01158
41	0.13402	0.01735	0.05309	0.07313	0.20422	0.03982	0.01635	0.07711	0.02004	0.03009	0.10445	0.14394	0.02815	0.01234	0.00834	0.00268	0.00799	0.01066	0.00590	0.01032
42	0.01956	0.10069	0.28110	0.11677	0.16785	0.05906	0.02403	0.02583	0.01837	0.05652	0.01832	0.02133	0.03818	0.00846	0.00783	0.00250	0.01081	0.00693	0.00423	0.01161
43	0.04762	0.01662	0.05865	0.15246	0.15630	0.01623	0.05422	0.02538	0.10363	0.05941	0.08079	0.07522	0.02679	0.01203	0.00889	0.00283	0.00866	0.07762	0.00602	0.01063
44	0.02039	0.01821	0.06307	0.18278	0.22722	0.01723	0.11546	0.02560	0.01926	0.11410	0.04258	0.02908	0.04256	0.00952	0.00875	0.00269	0.01001	0.03479	0.00532	0.01138

[dist]
# distance from previous block
# <min> <max>
11	72

[block]
# block no. 9 follows, 22 sequences, length 26
# corresponding to MSA columns:
# 1926-1951
name=unknown_J
#
# <colnr> <probs for GDERKNQSTAVLIFYWHMCP>
#	G	D	E	R	K	N	Q	S	T	A	V	L	I	F	Y	W	H	M	C	P
0	0.02129	0.02507	0.15846	0.05640	0.16819	0.05610	0.18745	0.05418	0.02021	0.07668	0.01810	0.02317	0.01406	0.00831	0.00856	0.00257	0.01126	0.02860	0.00485	0.05652
1	0.06548	0.05358	0.02609	0.02579	0.17044	0.13237	0.06110	0.11921	0.07994	0.03033	0.02107	0.04124	0.04418	0.00935	0.00787	0.00236	0.00962	0.00779	0.00557	0.08659
2	0.13156	0.01542	0.04255	0.04702	0.12278	0.01477	0.01405	0.06796	0.04331	0.06931	0.13795	0.06207	0.03061	0.02955	0.00913	0.00274	0.00725	0.06598	0.00658	0.07939
3	0.05946	0.01433	0.01903	0.01679	0.04463	0.01385	0.07426	0.04472	0.13502	0.02770	0.02803	0.17525	0.04802	0.01383	0.00980	0.04890	0.00701	0.01119	0.00625	0.20193
4	0.11664	0.01580	0.02332	0.22832	0.03365	0.01781	0.09679	0.10722	0.01993	0.02913	0.05553	0.08351	0.02076	0.01427	0.04912	0.00346	0.04110	0.02850	0.00543	0.00970
5	0.01283	0.01004	0.01368	0.01312	0.01396	0.01184	0.00975	0.01466	0.01307	0.01852	0.02406	0.03899	0.04595	0.25555	0.35248	0.00980	0.12017	0.00997	0.00463	0.00691
6	0.09208	0.01916	0.03125	0.07650	0.56706	0.01957	0.02380	0.02520	0.01835	0.02784	0.01520	0.01995	0.01266	0.00747	0.00793	0.00249	0.00959	0.00712	0.00419	0.01258
7	0.01549	0.00774	0.00774	0.00774	0.00968	0.00774	0.00581	0.01936	0.01742	0.03097	0.02710	0.03097	0.02129	0.00968	0.00581	0.00194	0.00387	0.00774	0.75416	0.00774
8	0.07621	0.02744	0.02474	0.02668	0.16982	0.28156	0.01745	0.09747	0.10678	0.02853	0.01692	0.01907	0.01353	0.00910	0.00885	0.00246	0.05008	0.00666	0.00528	0.01135
9	0.01206	0.01039	0.03742	0.01291	0.01399	0.01024	0.00971	0.01406	0.01539	0.02138	0.09682	0.33142	0.04184	0.14790	0.10010	0.00536	0.08927	0.01626	0.00634	0.00713
10	0.01549	0.00774	0.00774	0.00774	0.00968	0.00774	0.00581	0.01936	0.01742	0.03097	0.02710	0.03097	0.02129	0.00968	0.00581	0.00194	0.00387	0.00774	0.75416	0.00774
11	0.01831	0.01541	0.01781	0.01282	0.02015	0.01218	0.01029	0.06669	0.01887	0.02898	0.01516	0.01743	0.01244	0.00644	0.00631	0.00133	0.00638	0.00511	0.00518	0.70273
12	0.03692	0.01470	0.01963	0.01505	0.02149	0.01304	0.01243	0.07661	0.02472	0.62453	0.03199	0.02776	0.02017	0.01026	0.00835	0.00257	0.00720	0.00830	0.01016	0.01414
13	0.01398	0.01245	0.05206	0.01262	0.01574	0.01101	0.01045	0.04200	0.10727	0.03178	0.39851	0.05702	0.10242	0.03888	0.01064	0.00292	0.00541	0.05762	0.00833	0.00889
14	0.01203	0.00827	0.01016	0.01016	0.01054	0.00865	0.00641	0.01279	0.01241	0.01692	0.02517	0.04878	0.02778	0.54220	0.20481	0.00941	0.01170	0.01126	0.00488	0.00565
15	0.02442	0.01520	0.02100	0.13338	0.02743	0.01580	0.05500	0.14529	0.04717	0.20820	0.02630	0.09220	0.02132	0.06142	0.02944	0.00334	0.00874	0.00987	0.04327	0.01120
16	0.01933	0.04987	0.02512	0.02014	0.02240	0.04336	0.05696	0.10257	0.01744	0.02467	0.01508	0.02150	0.01357	0.02321	0.16202	0.00539	0.35558	0.00763	0.00450	0.00964
17	0.02209	0.01621	0.02230	0.05031	0.19144	0.01592	0.01550	0.11232	0.04708	0.11897	0.06316	0.02688	0.02042	0.05201	0.04973	0.00326	0.00884	0.00804	0.00630	0.14923
18	0.03053	0.02275	0.02434	0.01890	0.02536	0.02527	0.01554	0.57233	0.09696	0.05066	0.02128	0.02101	0.01521	0.01010	0.00832	0.00252	0.00889	0.00766	0.00832	0.01403
19	0.69604	0.01676	0.01343	0.01171	0.01700	0.01932	0.00965	0.08251	0.01653	0.03872	0.01237	0.01412	0.00949	0.00793	0.00545	0.00256	0.00669	0.00479	0.00545	0.00949
20	0.01628	0.01433	0.02290	0.07248	0.33945	0.01438	0.01728	0.01996	0.01825	0.02558	0.12974	0.11911	0.03182	0.10656	0.01342	0.00338	0.00804	0.01140	0.00553	0.01009
21	0.01399	0.00998	0.01401	0.01346	0.01499	0.01155	0.01041	0.05151	0.01478	0.02143	0.02074	0.02994	0.01899	0.04838	0.46633	0.11208	0.05643	0.00842	0.05515	0.00742
22	0.06309	0.01678	0.02670	0.37849	0.25714	0.01907	0.02230	0.02461	0.06430	0.02524	0.01630	0.02175	0.01274	0.00818	0.00810	0.00266	0.01004	0.00737	0.00428	0.01086
23	0.01818	0.01818	0.02545	0.02181	0.02181	0.02545	0.01818	0.01999	0.01272	0.01999	0.01091	0.01818	0.01091	0.01454	0.02726	0.00364	0.69284	0.00727	0.00364	0.00909
24	0.01443	0.01065	0.01372	0.01463	0.01682	0.01094	0.01204	0.05509	0.07981	0.02732	0.08297	0.19850	0.04708	0.02124	0.01071	0.00348	0.00684	0.35744	0.00788	0.00840
25	0.02186	0.01790	0.02933	0.17161	0.42178	0.01850	0.02265	0.02752	0.04733	0.11247	0.01861	0.02240	0.01430	0.00815	0.00827	0.00256	0.00958	0.00762	0.00506	0.01251

[dist]
# distance from previous block
# <min> <max>
3	5

[block]
# block no. 10 follows, 22 sequences, length 12
# corresponding to MSA columns:
# 1957-1968
name=unknown_K
#
# <colnr> <probs for GDERKNQSTAVLIFYWHMCP>
#	G	D	E	R	K	N	Q	S	T	A	V	L	I	F	Y	W	H	M	C	P
0	0.01220	0.00851	0.01027	0.01092	0.01155	0.00840	0.00702	0.04723	0.01559	0.02080	0.03587	0.38453	0.04196	0.31850	0.02410	0.00534	0.00646	0.01773	0.00659	0.00643
1	0.11933	0.02425	0.14204	0.06195	0.25062	0.04769	0.15313	0.02654	0.01851	0.05565	0.01582	0.01967	0.01216	0.00766	0.00808	0.00258	0.01088	0.00727	0.00442	0.01176
2	0.01985	0.02164	0.02069	0.11140	0.09696	0.23376	0.01563	0.02254	0.01867	0.02152	0.02510	0.20643	0.04949	0.01429	0.01073	0.00278	0.08279	0.01153	0.00519	0.00903
3	0.02348	0.01822	0.01971	0.01678	0.02211	0.02017	0.01327	0.13706	0.45223	0.08547	0.03015	0.02803	0.02225	0.01063	0.00826	0.00263	0.00700	0.00869	0.00832	0.06553
4	0.45794	0.01657	0.01777	0.02077	0.16943	0.01809	0.01309	0.06227	0.01741	0.03420	0.02101	0.02287	0.08069	0.00924	0.00659	0.00257	0.00718	0.00681	0.00538	0.01011
5	0.01883	0.01742	0.02907	0.04274	0.51737	0.01735	0.02228	0.02354	0.01943	0.02755	0.08692	0.03300	0.02394	0.01013	0.00875	0.00263	0.00899	0.07302	0.00504	0.01199
6	0.01784	0.01265	0.01715	0.01809	0.11034	0.01110	0.01215	0.02128	0.01917	0.11027	0.09444	0.12687	0.07944	0.01382	0.00865	0.00246	0.00646	0.08579	0.00686	0.22518
7	0.01268	0.00993	0.01106	0.01056	0.01282	0.00975	0.00761	0.01840	0.12248	0.02620	0.22514	0.06103	0.24674	0.16983	0.01675	0.00391	0.00537	0.01426	0.00765	0.00784
8	0.26264	0.01795	0.02541	0.14697	0.25312	0.01953	0.06091	0.05090	0.03683	0.03067	0.01498	0.01897	0.01181	0.00786	0.00736	0.00259	0.00912	0.00669	0.00469	0.01102
9	0.01552	0.01371	0.02188	0.02560	0.19669	0.01525	0.04353	0.01877	0.01499	0.02160	0.01904	0.02911	0.01793	0.10480	0.30590	0.00797	0.10560	0.00863	0.00430	0.00918
10	0.01816	0.09337	0.03158	0.33278	0.17769	0.02134	0.08883	0.02301	0.01705	0.02279	0.01441	0.02044	0.01163	0.00850	0.01016	0.00269	0.08398	0.00732	0.00382	0.01044
11	0.02456	0.09742	0.02477	0.07303	0.09709	0.21319	0.01601	0.06682	0.04830	0.09389	0.02055	0.02311	0.04042	0.01498	0.07760	0.00354	0.04141	0.00724	0.00537	0.01069

[dist]
# distance from previous block
# <min> <max>
12	27

[block]
# block no. 11 follows, 22 sequences, length 27
# corresponding to MSA columns:
# 1996-2022
name=unknown_L
#
# <colnr> <probs for GDERKNQSTAVLIFYWHMCP>
#	G	D	E	R	K	N	Q	S	T	A	V	L	I	F	Y	W	H	M	C	P
0	0.05252	0.19812	0.13195	0.01905	0.05172	0.02392	0.01740	0.18384	0.05930	0.08204	0.01752	0.01873	0.01331	0.00893	0.00847	0.00237	0.05186	0.00643	0.00575	0.04678
1	0.02255	0.14971	0.18052	0.01870	0.02589	0.07587	0.05752	0.06559	0.07949	0.11520	0.05959	0.02767	0.04385	0.01013	0.00799	0.00250	0.00959	0.03018	0.00597	0.01151
2	0.02268	0.12290	0.12564	0.01852	0.06160	0.10302	0.01590	0.07722	0.04888	0.11708	0.12149	0.02985	0.04550	0.04272	0.00957	0.00268	0.00897	0.00848	0.00632	0.01100
3	0.08872	0.02240	0.12867	0.01910	0.06302	0.01930	0.01641	0.21573	0.11189	0.06736	0.04835	0.02557	0.05137	0.00999	0.00792	0.00248	0.00828	0.00790	0.00678	0.07877
4	0.02639	0.06839	0.02569	0.05103	0.14796	0.13697	0.01672	0.24523	0.02686	0.07245	0.02191	0.02423	0.05180	0.03657	0.00936	0.00263	0.00992	0.00771	0.00624	0.01195
5	0.01740	0.01595	0.02152	0.05988	0.02366	0.05546	0.09296	0.08359	0.01948	0.02639	0.05878	0.23794	0.02920	0.01501	0.01168	0.00282	0.10524	0.01281	0.00600	0.10424
6	0.02220	0.01739	0.02000	0.05755	0.02323	0.04862	0.01344	0.13329	0.10127	0.09431	0.05946	0.02461	0.01945	0.01319	0.05152	0.00302	0.07897	0.00758	0.00650	0.20440
7	0.01105	0.00766	0.00948	0.01044	0.01080	0.00737	0.00658	0.01204	0.01475	0.01979	0.07499	0.38800	0.04590	0.31474	0.02399	0.00531	0.00614	0.01819	0.00666	0.00609
8	0.02697	0.02142	0.02184	0.01755	0.02328	0.06471	0.01413	0.41841	0.09757	0.04326	0.02594	0.06583	0.05458	0.01141	0.00837	0.00250	0.00853	0.00896	0.00779	0.05694
9	0.01654	0.00876	0.00887	0.00849	0.01073	0.00893	0.00646	0.05935	0.01884	0.03238	0.02663	0.03025	0.02082	0.00970	0.00597	0.00197	0.00422	0.00773	0.70519	0.00816
10	0.01891	0.01851	0.02744	0.28931	0.03937	0.06924	0.12834	0.06063	0.04618	0.02503	0.01736	0.04464	0.01419	0.00990	0.01120	0.00281	0.10987	0.00831	0.04886	0.00990
11	0.01204	0.00823	0.00993	0.00993	0.01023	0.00853	0.00612	0.01264	0.01234	0.01675	0.02538	0.04996	0.02829	0.57716	0.17055	0.00913	0.01093	0.01144	0.00492	0.00552
12	0.01549	0.00774	0.00774	0.00774	0.00968	0.00774	0.00581	0.01936	0.01742	0.03097	0.02710	0.03097	0.02129	0.00968	0.00581	0.00194	0.00387	0.00774	0.75416	0.00774
13	0.52982	0.02456	0.21839	0.01495	0.02235	0.01884	0.01585	0.02502	0.01521	0.03381	0.01262	0.01477	0.00948	0.00777	0.00601	0.00259	0.00827	0.00502	0.00463	0.01003
14	0.01900	0.01761	0.02881	0.10909	0.47196	0.01798	0.02212	0.04974	0.01930	0.02685	0.02239	0.08481	0.05386	0.01006	0.00854	0.00260	0.00918	0.00943	0.00478	0.01187
15	0.11459	0.01611	0.01640	0.01472	0.01789	0.10457	0.03822	0.06495	0.01882	0.05311	0.02473	0.07161	0.04439	0.01839	0.08567	0.02912	0.05442	0.04361	0.15983	0.00885
16	0.01306	0.00866	0.00964	0.00940	0.00978	0.00876	0.00551	0.03765	0.01347	0.01838	0.02597	0.05171	0.02907	0.64222	0.03895	0.00750	0.00787	0.01166	0.04519	0.00555
17	0.09998	0.12325	0.02470	0.01735	0.02277	0.15032	0.01428	0.24528	0.06505	0.06086	0.05423	0.02079	0.01701	0.00976	0.00832	0.00241	0.03863	0.00692	0.00647	0.01161
18	0.07221	0.01792	0.02008	0.01651	0.02155	0.01966	0.01332	0.25318	0.16483	0.14048	0.08125	0.05369	0.02446	0.01169	0.00948	0.00269	0.04715	0.00915	0.00824	0.01245
19	0.02316	0.01875	0.05470	0.01832	0.05937	0.01796	0.01426	0.28872	0.05061	0.06483	0.02539	0.16939	0.02323	0.01272	0.00847	0.00252	0.00778	0.01066	0.00727	0.12186
20	0.02147	0.11864	0.07140	0.02169	0.02804	0.02074	0.19176	0.15116	0.05850	0.05854	0.02173	0.09074	0.01865	0.01514	0.07032	0.00361	0.01125	0.00955	0.00582	0.01125
21	0.02740	0.02045	0.02447	0.06088	0.02740	0.02210	0.05519	0.36049	0.14464	0.09274	0.02269	0.02278	0.01631	0.00971	0.00831	0.00252	0.00877	0.00790	0.00773	0.05752
22	0.01058	0.00796	0.01153	0.01270	0.01356	0.00743	0.03746	0.01229	0.01608	0.02147	0.04439	0.66990	0.05291	0.02511	0.01056	0.00335	0.00526	0.02295	0.00754	0.00696
23	0.02139	0.02080	0.03215	0.08764	0.55208	0.05996	0.02433	0.05258	0.01995	0.02748	0.01559	0.02029	0.01292	0.00764	0.00819	0.00247	0.01022	0.00728	0.00428	0.01274
24	0.02202	0.02259	0.03102	0.07293	0.50003	0.12393	0.02331	0.02739	0.04832	0.02615	0.01599	0.02023	0.01324	0.00781	0.00812	0.00244	0.01058	0.00717	0.00432	0.01242
25	0.01818	0.01818	0.02545	0.02181	0.02181	0.02545	0.01818	0.01999	0.01272	0.01999	0.01091	0.01818	0.01091	0.01454	0.02726	0.00364	0.69284	0.00727	0.00364	0.00909
26	0.01454	0.02798	0.37677	0.01854	0.02613	0.01464	0.02108	0.02189	0.04497	0.02581	0.07343	0.16999	0.06543	0.01411	0.00894	0.00287	0.00914	0.04796	0.00549	0.01027

[dist]
# distance from previous block
# <min> <max>
0	1

[block]
# block no. 12 follows, 22 sequences, length 28
# corresponding to MSA columns:
# 2024-2051
name=unknown_M
#
# <colnr> <probs for GDERKNQSTAVLIFYWHMCP>
#	G	D	E	R	K	N	Q	S	T	A	V	L	I	F	Y	W	H	M	C	P
0	0.02021	0.01748	0.02507	0.35064	0.08862	0.02092	0.02013	0.17474	0.02190	0.02939	0.01682	0.04755	0.01370	0.01022	0.01103	0.00282	0.10503	0.00803	0.00504	0.01065
1	0.04974	0.01606	0.01379	0.01362	0.01626	0.14766	0.01021	0.06567	0.02022	0.02523	0.04252	0.25734	0.16588	0.01818	0.00920	0.00286	0.00740	0.06466	0.04532	0.00820
2	0.01818	0.01818	0.02545	0.02181	0.02181	0.02545	0.01818	0.01999	0.01272	0.01999	0.01091	0.01818	0.01091	0.01454	0.02726	0.00364	0.69284	0.00727	0.00364	0.00909
3	0.04969	0.01667	0.02716	0.23468	0.25930	0.01822	0.06188	0.02378	0.05178	0.02626	0.07219	0.02804	0.01998	0.00968	0.00935	0.00273	0.03948	0.03353	0.00483	0.01077
4	0.69447	0.01677	0.01346	0.01173	0.01702	0.01934	0.00966	0.08379	0.01659	0.03876	0.01239	0.01413	0.00950	0.00793	0.00545	0.00256	0.00669	0.00479	0.00545	0.00950
5	0.01986	0.18413	0.40196	0.02380	0.08639	0.09797	0.02501	0.02672	0.01821	0.02424	0.01401	0.01661	0.01081	0.00776	0.00733	0.00238	0.01165	0.00580	0.00366	0.01170
6	0.01773	0.01672	0.02758	0.41937	0.26451	0.01906	0.02325	0.02428	0.05991	0.02422	0.01636	0.02219	0.01278	0.00819	0.00829	0.00267	0.01035	0.00753	0.00416	0.01087
