[name]
unknown

[dist]
# distance from previous block
# <min> <max>
4	18

[block]
# block no. 0 follows, 23 sequences, length 13
# corresponding to MSA columns:
# 18-30
name=unknown_A
#
# <colnr> <probs for GDERKNQSTAVLIFYWHMCP>
#	G	D	E	R	K	N	Q	S	T	A	V	L	I	F	Y	W	H	M	C	P
0	0.01345	0.01044	0.01203	0.01182	0.01379	0.01075	0.00862	0.06235	0.09446	0.02462	0.07308	0.23545	0.18296	0.13933	0.01572	0.00382	0.03230	0.04007	0.00712	0.00783
1	0.01272	0.00952	0.01156	0.04850	0.01482	0.00970	0.00839	0.05282	0.06055	0.02278	0.06380	0.32315	0.10038	0.20248	0.01796	0.00429	0.00616	0.01640	0.00677	0.00723
2	0.01104	0.00807	0.00951	0.00968	0.01094	0.00744	0.00644	0.01257	0.01607	0.02136	0.14497	0.22001	0.16623	0.26560	0.02083	0.00459	0.00561	0.01582	0.00673	0.03650
3	0.02103	0.01081	0.01406	0.01283	0.01601	0.01024	0.00969	0.02540	0.08044	0.26257	0.09178	0.26089	0.03737	0.05654	0.04766	0.00366	0.00671	0.01406	0.00834	0.00991
4	0.01416	0.01036	0.01222	0.01140	0.01368	0.01049	0.00845	0.09118	0.05692	0.02921	0.26181	0.12320	0.11424	0.10910	0.06000	0.00403	0.00648	0.01356	0.04138	0.00811
5	0.01071	0.00771	0.00910	0.00966	0.01052	0.00723	0.00627	0.01193	0.01534	0.02010	0.10072	0.27513	0.16328	0.29004	0.02209	0.00489	0.00573	0.01680	0.00665	0.00609
6	0.01332	0.00913	0.01132	0.01144	0.01314	0.00876	0.00823	0.01642	0.05903	0.05133	0.09705	0.24214	0.07352	0.17894	0.01782	0.03543	0.00605	0.09028	0.00690	0.04976
7	0.01439	0.01287	0.01445	0.01356	0.01557	0.08253	0.04579	0.01759	0.06080	0.02225	0.11345	0.20648	0.11351	0.10527	0.04243	0.06241	0.02903	0.01392	0.00631	0.00741
8	0.11169	0.01165	0.01280	0.05832	0.01656	0.01241	0.00903	0.08400	0.05253	0.07298	0.02668	0.07478	0.04489	0.16748	0.01468	0.00362	0.00645	0.00948	0.20147	0.00851
9	0.04422	0.01062	0.01328	0.01265	0.01432	0.01174	0.00946	0.06300	0.01641	0.06012	0.02753	0.20449	0.02820	0.12500	0.15088	0.00563	0.08488	0.01220	0.09746	0.00788
10	0.01086	0.00866	0.00962	0.00968	0.01186	0.00795	0.00703	0.01443	0.06215	0.02403	0.17155	0.17051	0.37370	0.06690	0.01176	0.00314	0.00457	0.01672	0.00766	0.00724
11	0.02394	0.06618	0.02062	0.05664	0.02203	0.05439	0.01293	0.28620	0.02586	0.07912	0.02065	0.02488	0.01648	0.07120	0.09436	0.00408	0.01012	0.00760	0.09192	0.01081
12	0.45262	0.01445	0.01395	0.07164	0.01970	0.01595	0.01051	0.02325	0.05852	0.03266	0.07821	0.02489	0.01930	0.00945	0.00644	0.00248	0.00649	0.04321	0.00562	0.09066

[dist]
# distance from previous block
# <min> <max>
6	11

[block]
# block no. 1 follows, 23 sequences, length 15
# corresponding to MSA columns:
# 42-56
name=unknown_B
#
# <colnr> <probs for GDERKNQSTAVLIFYWHMCP>
#	G	D	E	R	K	N	Q	S	T	A	V	L	I	F	Y	W	H	M	C	P
0	0.09208	0.01603	0.01877	0.04089	0.09641	0.01747	0.01333	0.03398	0.35125	0.08106	0.02726	0.05635	0.02176	0.04388	0.00944	0.00285	0.00694	0.00882	0.00705	0.05437
1	0.02647	0.05262	0.02226	0.01659	0.02249	0.02100	0.01357	0.41349	0.05886	0.07622	0.02232	0.08926	0.01827	0.01082	0.00796	0.00236	0.00793	0.00859	0.00756	0.10137
2	0.05452	0.01800	0.02980	0.13245	0.33911	0.01939	0.09352	0.02486	0.06541	0.02571	0.01630	0.02125	0.01332	0.01045	0.03756	0.00306	0.07211	0.00757	0.00431	0.01129
3	0.01055	0.00786	0.01064	0.05011	0.01465	0.00746	0.00849	0.01230	0.01564	0.02101	0.04144	0.63486	0.04909	0.02344	0.01001	0.00315	0.00512	0.02123	0.00717	0.04576
4	0.02717	0.02238	0.05857	0.04844	0.07600	0.02316	0.01679	0.45729	0.09066	0.04426	0.01978	0.02041	0.01438	0.00937	0.00803	0.00244	0.00890	0.00732	0.00727	0.03737
5	0.02168	0.01995	0.02833	0.14463	0.36959	0.05527	0.02141	0.12960	0.07505	0.03001	0.01720	0.02081	0.01356	0.00818	0.00804	0.00247	0.00970	0.00730	0.00501	0.01221
6	0.01203	0.00937	0.01437	0.09348	0.01937	0.01107	0.01160	0.01523	0.01342	0.01906	0.02087	0.03067	0.01917	0.05464	0.60315	0.01182	0.02045	0.00852	0.00426	0.00745
7	0.02622	0.07550	0.02767	0.04978	0.02764	0.02398	0.09185	0.38765	0.13505	0.04133	0.02050	0.02117	0.01505	0.00930	0.00809	0.00248	0.00916	0.00766	0.00708	0.01281
8	0.01050	0.00826	0.00948	0.00917	0.01152	0.00724	0.00688	0.01340	0.02064	0.02701	0.35923	0.06971	0.38072	0.01865	0.00958	0.00265	0.00397	0.01595	0.00821	0.00724
9	0.01148	0.00829	0.01085	0.01021	0.01212	0.00766	0.00766	0.01531	0.02297	0.03254	0.65994	0.06061	0.07656	0.01659	0.00957	0.00255	0.00383	0.01467	0.00893	0.00766
10	0.01963	0.02100	0.02390	0.09653	0.16804	0.18580	0.06998	0.02465	0.06350	0.02313	0.02610	0.02936	0.10567	0.01606	0.08777	0.00371	0.01180	0.00863	0.00486	0.00989
11	0.01683	0.01442	0.01683	0.01202	0.01923	0.01082	0.00961	0.02043	0.01683	0.02644	0.01442	0.01683	0.01202	0.00601	0.00601	0.00120	0.00601	0.00481	0.00481	0.76444
12	0.01796	0.02063	0.06734	0.08786	0.03809	0.02020	0.41828	0.02365	0.01749	0.02416	0.01673	0.05804	0.01405	0.00922	0.01225	0.00289	0.12726	0.00953	0.00412	0.01024
13	0.01117	0.00985	0.04079	0.07374	0.01688	0.00858	0.00979	0.01420	0.01852	0.02506	0.25226	0.32253	0.12711	0.01949	0.00968	0.00289	0.00523	0.01732	0.00746	0.00744
14	0.01089	0.00850	0.00992	0.00970	0.01194	0.00769	0.00722	0.01448	0.04331	0.02724	0.34836	0.11854	0.31529	0.01873	0.00959	0.00270	0.00411	0.01616	0.00822	0.00743

[dist]
# distance from previous block
# <min> <max>
6	20

[block]
# block no. 2 follows, 23 sequences, length 33
# corresponding to MSA columns:
# 77-109
name=unknown_C
#
# <colnr> <probs for GDERKNQSTAVLIFYWHMCP>
#	G	D	E	R	K	N	Q	S	T	A	V	L	I	F	Y	W	H	M	C	P
0	0.01951	0.35864	0.34567	0.01870	0.02794	0.05821	0.02174	0.02538	0.01712	0.02232	0.01293	0.01508	0.01035	0.00738	0.00652	0.00216	0.01057	0.00518	0.00348	0.01112
1	0.02057	0.01893	0.05586	0.09930	0.06326	0.04084	0.04829	0.15795	0.17643	0.04603	0.02813	0.02943	0.08540	0.01395	0.05142	0.00330	0.03446	0.00888	0.00638	0.01122
2	0.01115	0.00890	0.01109	0.01218	0.05283	0.00803	0.00837	0.01405	0.01987	0.02608	0.28262	0.12510	0.32155	0.01880	0.00964	0.00275	0.00458	0.04706	0.00782	0.00753
3	0.02256	0.01756	0.01949	0.05032	0.02272	0.01964	0.01344	0.27983	0.24127	0.03758	0.02755	0.08796	0.02342	0.05672	0.01061	0.00304	0.00767	0.03922	0.00765	0.01174
4	0.01161	0.00863	0.01270	0.01270	0.01403	0.00996	0.00971	0.01427	0.01294	0.01858	0.02205	0.03362	0.02104	0.11470	0.62987	0.01261	0.02059	0.00895	0.00439	0.00705
5	0.02850	0.01673	0.02019	0.01732	0.05098	0.01709	0.01326	0.26699	0.06359	0.26294	0.04749	0.10993	0.02350	0.01196	0.00846	0.00259	0.00742	0.00990	0.00857	0.01262
6	0.01014	0.00764	0.00924	0.01007	0.01143	0.00690	0.00700	0.01203	0.01735	0.02260	0.14764	0.38648	0.23969	0.05859	0.01162	0.00325	0.00456	0.01942	0.00761	0.00674
7	0.02108	0.04694	0.08761	0.10661	0.12062	0.21613	0.04278	0.05512	0.01999	0.02364	0.02322	0.02726	0.09301	0.01035	0.00924	0.00251	0.05458	0.02465	0.00465	0.01002
8	0.00968	0.00821	0.00824	0.00824	0.01088	0.00689	0.00612	0.01165	0.01823	0.02168	0.07999	0.07711	0.63627	0.04766	0.01083	0.00294	0.00426	0.01692	0.00743	0.00677
9	0.07242	0.13114	0.15555	0.02124	0.05926	0.38317	0.01834	0.02901	0.02011	0.02231	0.01284	0.01510	0.01043	0.00792	0.00700	0.00218	0.01249	0.00531	0.00398	0.01020
10	0.18359	0.12735	0.02371	0.01773	0.02204	0.34652	0.01422	0.04797	0.01933	0.02423	0.01210	0.01465	0.01023	0.00876	0.00897	0.00232	0.09723	0.00523	0.00431	0.00950
11	0.02055	0.01826	0.05994	0.18983	0.23651	0.01840	0.03720	0.09964	0.02075	0.08380	0.07410	0.02439	0.01849	0.00927	0.00939	0.00259	0.05228	0.00797	0.00533	0.01133
12	0.01722	0.09642	0.11575	0.09011	0.20958	0.01775	0.04387	0.02204	0.01783	0.02485	0.06851	0.02854	0.05264	0.00966	0.00858	0.00240	0.03481	0.03908	0.00465	0.09571
13	0.01745	0.01734	0.02479	0.10408	0.02555	0.02402	0.01834	0.01968	0.01289	0.01968	0.01111	0.01823	0.01067	0.01345	0.02435	0.00345	0.61534	0.00711	0.00356	0.00889
14	0.01112	0.00879	0.01136	0.05271	0.01486	0.00891	0.00870	0.01343	0.01703	0.02256	0.15713	0.24484	0.20692	0.07191	0.07269	0.00418	0.04278	0.01615	0.00687	0.00706
15	0.00994	0.00732	0.00931	0.01074	0.01166	0.00670	0.00732	0.01161	0.01647	0.02165	0.08938	0.56811	0.15188	0.02409	0.01019	0.00316	0.00456	0.02159	0.00762	0.00670
16	0.01841	0.01886	0.02476	0.02128	0.02150	0.05953	0.01764	0.02021	0.01298	0.01955	0.01075	0.01759	0.01064	0.01389	0.02561	0.00347	0.66383	0.00700	0.00358	0.00890
17	0.00998	0.00714	0.00950	0.01123	0.01179	0.00666	0.00754	0.01154	0.01599	0.02143	0.08199	0.67023	0.05505	0.02489	0.01031	0.00325	0.00465	0.02256	0.00762	0.00666
18	0.01877	0.02656	0.24320	0.03138	0.24630	0.01946	0.06944	0.02983	0.17694	0.02807	0.01959	0.02180	0.01496	0.00831	0.00810	0.00257	0.00992	0.00749	0.00489	0.01242
19	0.01925	0.01763	0.02977	0.18374	0.48837	0.01831	0.02329	0.02410	0.01833	0.04625	0.04165	0.02229	0.01523	0.00789	0.00812	0.00248	0.00957	0.00756	0.00432	0.01186
20	0.03031	0.03867	0.02299	0.02090	0.02508	0.68226	0.01568	0.03240	0.02299	0.01986	0.01254	0.01463	0.01045	0.00836	0.00732	0.00209	0.01463	0.00523	0.00418	0.00941
21	0.01763	0.01654	0.02669	0.38012	0.27009	0.01874	0.02219	0.02498	0.09482	0.02443	0.01701	0.02214	0.01326	0.00815	0.00810	0.00260	0.00985	0.00746	0.00432	0.01086
22	0.09020	0.54237	0.10243	0.01499	0.02183	0.02903	0.01528	0.02410	0.01605	0.02139	0.01158	0.01374	0.01026	0.00753	0.00678	0.00200	0.05182	0.00468	0.00361	0.01033
23	0.01180	0.00787	0.00885	0.00885	0.00885	0.00787	0.00492	0.01180	0.01180	0.01573	0.02557	0.05310	0.02950	0.71483	0.04130	0.00787	0.00787	0.01180	0.00492	0.00492
24	0.00987	0.00712	0.00936	0.01116	0.01173	0.00660	0.00747	0.01131	0.01567	0.02077	0.04646	0.68020	0.08188	0.02520	0.01032	0.00327	0.00468	0.02279	0.00753	0.00660
25	0.02273	0.01795	0.02343	0.01929	0.02182	0.02227	0.01601	0.13935	0.01905	0.11490	0.01548	0.01937	0.01262	0.01228	0.01931	0.00305	0.43105	0.00714	0.00538	0.05751
26	0.01777	0.01600	0.02231	0.02276	0.18764	0.01342	0.03982	0.02183	0.01735	0.02644	0.01472	0.01788	0.01225	0.00636	0.00668	0.00158	0.00727	0.00564	0.00457	0.53771
27	0.06492	0.19267	0.02669	0.01857	0.02344	0.46736	0.01478	0.03064	0.05189	0.02120	0.01320	0.01496	0.01106	0.00812	0.00676	0.00206	0.01245	0.00518	0.00426	0.00978
28	0.01166	0.00784	0.00901	0.00909	0.00924	0.00778	0.00525	0.01199	0.01274	0.01710	0.06692	0.09379	0.03396	0.62838	0.03739	0.00725	0.00742	0.01267	0.00533	0.00519
29	0.01586	0.03204	0.01284	0.01090	0.01357	0.00906	0.00831	0.01902	0.02134	0.13850	0.41429	0.09528	0.10053	0.05876	0.01118	0.00290	0.00483	0.01375	0.00852	0.00851
30	0.01724	0.01709	0.03213	0.13485	0.03490	0.01737	0.30831	0.05956	0.02047	0.02800	0.17798	0.03124	0.02825	0.01004	0.01009	0.00271	0.04423	0.01021	0.00546	0.00987
31	0.01431	0.05471	0.01464	0.01243	0.01464	0.05352	0.00948	0.05492	0.01729	0.02275	0.11069	0.08221	0.09387	0.12578	0.27435	0.00730	0.01269	0.01105	0.00571	0.00765
32	0.02936	0.06590	0.02490	0.01810	0.02452	0.06599	0.01498	0.52253	0.03452	0.04564	0.01822	0.01861	0.01327	0.00925	0.00776	0.00229	0.00909	0.00683	0.00738	0.06086

[dist]
# distance from previous block
# <min> <max>
5	14

[block]
# block no. 3 follows, 23 sequences, length 42
# corresponding to MSA columns:
# 124-165
name=unknown_D
#
# <colnr> <probs for GDERKNQSTAVLIFYWHMCP>
#	G	D	E	R	K	N	Q	S	T	A	V	L	I	F	Y	W	H	M	C	P
0	0.01873	0.05378	0.05734	0.01772	0.02131	0.06201	0.01516	0.06369	0.01687	0.02403	0.01580	0.05914	0.01506	0.01175	0.01539	0.00265	0.29787	0.03175	0.00459	0.19538
1	0.01485	0.05088	0.05415	0.15398	0.05970	0.01258	0.01343	0.01919	0.02047	0.06295	0.36038	0.04430	0.07490	0.01312	0.00877	0.00254	0.00649	0.01143	0.00696	0.00892
2	0.02003	0.04428	0.05675	0.02080	0.02307	0.08339	0.04243	0.08915	0.01703	0.02366	0.01409	0.05508	0.01335	0.01293	0.01962	0.00314	0.43945	0.00777	0.00434	0.00963
3	0.01513	0.00756	0.00756	0.00756	0.00945	0.00756	0.00567	0.01891	0.01702	0.03025	0.02647	0.03025	0.02080	0.00945	0.00567	0.00189	0.00378	0.00756	0.75988	0.00756
4	0.01365	0.01172	0.01698	0.01580	0.01676	0.01505	0.01268	0.01617	0.01284	0.01907	0.01804	0.02717	0.01707	0.04530	0.46387	0.00988	0.24795	0.00816	0.00408	0.00779
5	0.01160	0.00866	0.01286	0.01286	0.01424	0.01004	0.00992	0.01437	0.01299	0.01870	0.02190	0.03280	0.02069	0.08934	0.65475	0.01282	0.02113	0.00883	0.00437	0.00714
6	0.01832	0.01904	0.02764	0.02281	0.02437	0.05924	0.11163	0.02095	0.01407	0.02050	0.01224	0.01898	0.01142	0.01528	0.05847	0.00386	0.52090	0.00746	0.00371	0.00913
7	0.77215	0.01569	0.01193	0.01067	0.01569	0.01820	0.00879	0.02385	0.01381	0.03641	0.01130	0.01318	0.00879	0.00753	0.00502	0.00251	0.00628	0.00439	0.00502	0.00879
8	0.01756	0.05696	0.19800	0.14168	0.11376	0.01898	0.05956	0.06295	0.01741	0.02440	0.01524	0.02053	0.01234	0.01497	0.08029	0.04522	0.07880	0.00704	0.00400	0.01031
9	0.01138	0.00822	0.01075	0.01028	0.01210	0.00759	0.00765	0.01505	0.02249	0.03178	0.62043	0.10229	0.07509	0.01716	0.00962	0.00260	0.00388	0.01521	0.00884	0.00759
10	0.04377	0.10350	0.55577	0.02159	0.03257	0.02041	0.02695	0.05859	0.01809	0.02683	0.01441	0.01674	0.01043	0.00774	0.00740	0.00248	0.01132	0.00586	0.00374	0.01183
11	0.77215	0.01569	0.01193	0.01067	0.01569	0.01820	0.00879	0.02385	0.01381	0.03641	0.01130	0.01318	0.00879	0.00753	0.00502	0.00251	0.00628	0.00439	0.00502	0.00879
12	0.01353	0.03989	0.01855	0.09031	0.02139	0.01404	0.04616	0.01667	0.01375	0.01941	0.01910	0.02862	0.01766	0.06831	0.44712	0.00963	0.09552	0.00833	0.00415	0.00787
13	0.01909	0.11652	0.42613	0.02324	0.08813	0.04918	0.02460	0.02712	0.04844	0.05708	0.01590	0.01795	0.01178	0.00782	0.00742	0.00240	0.01079	0.00610	0.00413	0.03618
14	0.02312	0.46908	0.07102	0.04114	0.05218	0.18185	0.01596	0.02617	0.01812	0.02001	0.01204	0.01422	0.01054	0.00737	0.00606	0.00193	0.01036	0.00486	0.00366	0.01032
15	0.03085	0.02273	0.02435	0.01867	0.02516	0.02516	0.01542	0.63716	0.03815	0.05114	0.01948	0.01948	0.01380	0.00974	0.00812	0.00244	0.00893	0.00731	0.00812	0.01380
16	0.01108	0.00795	0.01066	0.01171	0.01295	0.00752	0.00875	0.01378	0.01863	0.02533	0.24527	0.36688	0.05967	0.02190	0.01028	0.00315	0.00501	0.14439	0.00798	0.00713
17	0.01148	0.00829	0.01085	0.01021	0.01212	0.00766	0.00766	0.01531	0.02297	0.03254	0.65994	0.06061	0.07656	0.01659	0.00957	0.00255	0.00383	0.01467	0.00893	0.00766
18	0.03641	0.01381	0.01883	0.01444	0.02071	0.01193	0.01193	0.03954	0.02322	0.66984	0.03201	0.02762	0.02009	0.01004	0.00816	0.00251	0.00690	0.00816	0.01004	0.01381
19	0.00995	0.00718	0.00943	0.01110	0.01175	0.00666	0.00747	0.01151	0.01604	0.02135	0.07643	0.64722	0.08440	0.02475	0.01028	0.00323	0.00464	0.02237	0.00760	0.00666
20	0.03085	0.02273	0.02435	0.01867	0.02516	0.02516	0.01542	0.63716	0.03815	0.05114	0.01948	0.01948	0.01380	0.00974	0.00812	0.00244	0.00893	0.00731	0.00812	0.01380
21	0.02075	0.01862	0.01861	0.01676	0.02132	0.05716	0.01300	0.04252	0.61456	0.03316	0.03188	0.02940	0.02397	0.01086	0.00820	0.00272	0.00688	0.00895	0.00803	0.01265
22	0.01513	0.00756	0.00756	0.00756	0.00945	0.00756	0.00567	0.01891	0.01702	0.03025	0.02647	0.03025	0.02080	0.00945	0.00567	0.00189	0.00378	0.00756	0.75988	0.00756
23	0.02642	0.10054	0.08842	0.01950	0.05548	0.05860	0.01650	0.36302	0.02898	0.06954	0.01833	0.01981	0.01374	0.01361	0.06784	0.00330	0.01058	0.00690	0.00649	0.01238
24	0.77215	0.01569	0.01193	0.01067	0.01569	0.01820	0.00879	0.02385	0.01381	0.03641	0.01130	0.01318	0.00879	0.00753	0.00502	0.00251	0.00628	0.00439	0.00502	0.00879
25	0.00995	0.00721	0.00927	0.01088	0.01155	0.00668	0.00727	0.01136	0.01564	0.02059	0.04741	0.61645	0.11122	0.05858	0.01179	0.00346	0.00480	0.02194	0.00740	0.00653
26	0.01716	0.01541	0.02434	0.61523	0.05225	0.01887	0.02169	0.09370	0.01882	0.02433	0.01502	0.02138	0.01117	0.00831	0.00811	0.00267	0.01059	0.00722	0.00414	0.00958
27	0.77215	0.01569	0.01193	0.01067	0.01569	0.01820	0.00879	0.02385	0.01381	0.03641	0.01130	0.01318	0.00879	0.00753	0.00502	0.00251	0.00628	0.00439	0.00502	0.00879
28	0.01118	0.00828	0.01043	0.00989	0.01194	0.00753	0.00742	0.01473	0.02226	0.03085	0.56807	0.06339	0.16948	0.01722	0.00957	0.00258	0.00387	0.01506	0.00871	0.00753
29	0.00960	0.00816	0.00828	0.00837	0.01100	0.00684	0.00623	0.01163	0.01835	0.02186	0.08034	0.10938	0.63083	0.02079	0.00963	0.00277	0.00414	0.01742	0.00753	0.00684
30	0.01079	0.00784	0.00925	0.00975	0.01080	0.00732	0.00653	0.01224	0.01593	0.02083	0.12154	0.23612	0.18628	0.26256	0.02086	0.00468	0.00566	0.03799	0.00679	0.00623
31	0.01048	0.00778	0.00934	0.01033	0.01151	0.00718	0.00722	0.01206	0.01603	0.02052	0.05192	0.34178	0.22514	0.15039	0.01591	0.00402	0.00540	0.07948	0.00705	0.00645
32	0.51586	0.06166	0.17496	0.01404	0.02092	0.01889	0.01437	0.02496	0.01515	0.05853	0.01293	0.01472	0.00970	0.00764	0.00581	0.00248	0.00783	0.00493	0.00475	0.00986
33	0.02790	0.12857	0.02771	0.02241	0.06649	0.48335	0.04954	0.05981	0.02234	0.02203	0.01309	0.01539	0.01086	0.00808	0.00724	0.00211	0.01317	0.00557	0.00426	0.01006
34	0.06727	0.12449	0.33911	0.02683	0.14811	0.05814	0.07566	0.02565	0.01758	0.02535	0.01409	0.01713	0.01086	0.00747	0.00740	0.00241	0.01104	0.00616	0.00374	0.01150
35	0.02515	0.02037	0.02078	0.01746	0.02277	0.05779	0.01390	0.25652	0.37283	0.06190	0.02699	0.02544	0.01987	0.01037	0.00815	0.00259	0.00779	0.00825	0.00805	0.01303
36	0.01164	0.00851	0.01210	0.01210	0.01323	0.00963	0.00898	0.01389	0.01276	0.01814	0.02259	0.03662	0.02234	0.20694	0.53941	0.01188	0.01864	0.00939	0.00447	0.00672
37	0.61523	0.01529	0.01340	0.01147	0.01676	0.01686	0.00946	0.02720	0.01582	0.17150	0.01572	0.01626	0.01120	0.00807	0.00569	0.00251	0.00641	0.00520	0.00609	0.00986
38	0.00991	0.00723	0.00933	0.01091	0.01169	0.00666	0.00738	0.01147	0.01612	0.02124	0.06947	0.61671	0.12289	0.02458	0.01024	0.00321	0.00461	0.02212	0.00758	0.00666
39	0.01627	0.04197	0.67279	0.02313	0.03512	0.01884	0.02998	0.02570	0.01713	0.02570	0.01456	0.01713	0.01028	0.00771	0.00771	0.00257	0.01199	0.00600	0.00343	0.01199
40	0.01683	0.01442	0.01683	0.01202	0.01923	0.01082	0.00961	0.02043	0.01683	0.02644	0.01442	0.01683	0.01202	0.00601	0.00601	0.00120	0.00601	0.00481	0.00481	0.76444
41	0.01888	0.00988	0.01307	0.01172	0.01485	0.00886	0.00910	0.02211	0.02173	0.22505	0.33598	0.12939	0.08819	0.01611	0.00930	0.00269	0.00505	0.03972	0.00896	0.00936

[dist]
# distance from previous block
# <min> <max>
0	1

[block]
# block no. 4 follows, 23 sequences, length 28
# corresponding to MSA columns:
# 167-194
name=unknown_E
#
# <colnr> <probs for GDERKNQSTAVLIFYWHMCP>
#	G	D	E	R	K	N	Q	S	T	A	V	L	I	F	Y	W	H	M	C	P
0	0.01525	0.01370	0.04885	0.01247	0.01760	0.01067	0.01016	0.02018	0.07320	0.04461	0.03143	0.18588	0.09757	0.01283	0.00778	0.00211	0.00587	0.01101	0.00614	0.37268
1	0.11416	0.03996	0.05650	0.05748	0.09823	0.02080	0.14555	0.02308	0.01580	0.05418	0.01516	0.04636	0.01314	0.01052	0.01443	0.00293	0.24947	0.00785	0.00436	0.01006
2	0.03121	0.02215	0.02399	0.01839	0.02487	0.02430	0.01519	0.59824	0.03718	0.09144	0.02030	0.02001	0.01421	0.00976	0.00812	0.00244	0.00880	0.00736	0.00824	0.01380
3	0.02401	0.05995	0.05637	0.06394	0.07158	0.01892	0.01523	0.12920	0.22269	0.15482	0.05138	0.02576	0.02038	0.00977	0.00795	0.00249	0.00774	0.00801	0.00731	0.04250
4	0.02461	0.02059	0.01963	0.01710	0.02201	0.11709	0.01338	0.09470	0.42584	0.11091	0.02867	0.02667	0.02110	0.01039	0.00809	0.00260	0.00792	0.00830	0.00786	0.01254
5	0.03031	0.03867	0.02299	0.02090	0.02508	0.68226	0.01568	0.03240	0.02299	0.01986	0.01254	0.01463	0.01045	0.00836	0.00732	0.00209	0.01463	0.00523	0.00418	0.00941
6	0.01751	0.17305	0.52035	0.02256	0.06140	0.02145	0.02661	0.02539	0.01707	0.02445	0.01395	0.01647	0.01042	0.00754	0.00724	0.00240	0.01124	0.00573	0.00346	0.01172
7	0.01775	0.01775	0.02485	0.02130	0.02130	0.02485	0.01775	0.01953	0.01243	0.01953	0.01065	0.01775	0.01065	0.01420	0.02663	0.00355	0.69998	0.00710	0.00355	0.00888
8	0.01168	0.00789	0.01026	0.01090	0.01217	0.00739	0.00764	0.01376	0.01741	0.05304	0.18431	0.40040	0.09881	0.07039	0.05110	0.00392	0.00576	0.01844	0.00761	0.00711
9	0.00989	0.00706	0.00942	0.01130	0.01177	0.00659	0.00753	0.01130	0.01554	0.02071	0.04472	0.70954	0.05367	0.02542	0.01036	0.00330	0.00471	0.02307	0.00753	0.00659
10	0.01166	0.00840	0.01157	0.01157	0.01250	0.00934	0.00830	0.01354	0.01260	0.01774	0.02308	0.03935	0.02353	0.29103	0.45694	0.01122	0.01685	0.00979	0.00455	0.00643
11	0.01309	0.01079	0.01437	0.09125	0.01966	0.01042	0.01057	0.01572	0.01609	0.02276	0.05686	0.35815	0.03494	0.01677	0.00996	0.00262	0.05388	0.01460	0.00609	0.22141
12	0.01016	0.00722	0.00953	0.01129	0.01178	0.00680	0.00759	0.01157	0.01541	0.02052	0.04332	0.63740	0.05169	0.07302	0.01254	0.00363	0.00505	0.04762	0.00735	0.00651
13	0.02030	0.07730	0.20398	0.05887	0.25906	0.09333	0.02265	0.02639	0.03953	0.05052	0.01755	0.02363	0.01456	0.00875	0.00789	0.00248	0.01046	0.04675	0.00443	0.01157
14	0.02136	0.55349	0.03769	0.06006	0.02337	0.07193	0.01452	0.02413	0.01672	0.01970	0.01172	0.01415	0.01055	0.00741	0.00662	0.00188	0.04242	0.00475	0.00361	0.05394
15	0.02342	0.05648	0.02022	0.01562	0.02052	0.09256	0.01259	0.30961	0.07230	0.03731	0.10729	0.03484	0.13807	0.01230	0.00832	0.00245	0.00789	0.00970	0.00744	0.01108
16	0.01883	0.02358	0.10893	0.07387	0.05929	0.05921	0.39853	0.02496	0.01818	0.02447	0.01564	0.02103	0.01215	0.01015	0.04143	0.00320	0.06352	0.00848	0.00397	0.01058
17	0.02496	0.06018	0.02321	0.01871	0.05318	0.02256	0.01448	0.35501	0.14764	0.03967	0.04190	0.02472	0.01854	0.05903	0.01155	0.00291	0.05434	0.00802	0.00718	0.01223
18	0.05695	0.11588	0.52223	0.02327	0.07603	0.02034	0.02669	0.02539	0.01698	0.02557	0.01407	0.01666	0.01039	0.00758	0.00731	0.00246	0.01115	0.00581	0.00356	0.01170
19	0.06417	0.01525	0.01837	0.01346	0.02041	0.01271	0.03146	0.06592	0.01901	0.10979	0.01688	0.01833	0.01298	0.00689	0.00649	0.00158	0.00660	0.00554	0.00568	0.54847
20	0.01606	0.01052	0.01241	0.01120	0.01359	0.01041	0.00811	0.06044	0.07758	0.09310	0.25079	0.05085	0.09620	0.23135	0.01903	0.00422	0.00599	0.01233	0.00757	0.00826
21	0.01792	0.01404	0.01554	0.01387	0.01753	0.01524	0.01067	0.08095	0.32547	0.05190	0.21020	0.04230	0.08093	0.05391	0.01062	0.00296	0.00585	0.01121	0.00824	0.01064
22	0.01513	0.00756	0.00756	0.00756	0.00945	0.00756	0.00567	0.01891	0.01702	0.03025	0.02647	0.03025	0.02080	0.00945	0.00567	0.00189	0.00378	0.00756	0.75988	0.00756
23	0.77215	0.01569	0.01193	0.01067	0.01569	0.01820	0.00879	0.02385	0.01381	0.03641	0.01130	0.01318	0.00879	0.00753	0.00502	0.00251	0.00628	0.00439	0.00502	0.00879
24	0.01183	0.00869	0.01114	0.01062	0.01257	0.00824	0.00792	0.01648	0.05545	0.03174	0.58162	0.10676	0.07215	0.01694	0.00956	0.00262	0.00403	0.01500	0.00879	0.00785
25	0.01679	0.05910	0.04113	0.01258	0.01671	0.01323	0.01043	0.05939	0.13049	0.07824	0.25748	0.04661	0.15818	0.01393	0.00861	0.00249	0.00561	0.01172	0.00780	0.04947
26	0.12346	0.10645	0.06255	0.04527	0.02490	0.27295	0.01567	0.14788	0.04234	0.02886	0.01433	0.01629	0.01135	0.00871	0.00804	0.00232	0.04732	0.00577	0.00501	0.01052
27	0.05776	0.03926	0.57311	0.02199	0.03292	0.05787	0.02729	0.02655	0.01755	0.05183	0.01497	0.01720	0.01061	0.00783	0.00756	0.00254	0.01164	0.00595	0.00382	0.01174

[dist]
# distance from previous block
# <min> <max>
6	20

[block]
# block no. 5 follows, 23 sequences, length 7
# corresponding to MSA columns:
# 215-221
name=unknown_F
#
# <colnr> <probs for GDERKNQSTAVLIFYWHMCP>
#	G	D	E	R	K	N	Q	S	T	A	V	L	I	F	Y	W	H	M	C	P
0	0.01794	0.01479	0.01888	0.12044	0.02515	0.01436	0.01290	0.02359	0.08167	0.06325	0.04561	0.02163	0.01632	0.00845	0.00910	0.00199	0.08244	0.00651	0.00532	0.40967
1	0.16584	0.06162	0.01894	0.01495	0.01938	0.01911	0.01215	0.09061	0.23360	0.09292	0.06060	0.02556	0.02092	0.01429	0.06115	0.00343	0.05920	0.00780	0.00687	0.01106
2	0.01904	0.01779	0.08534	0.04709	0.07527	0.01560	0.21035	0.02325	0.01766	0.11765	0.02366	0.16429	0.02179	0.01311	0.01179	0.04710	0.06240	0.01125	0.00552	0.01004
3	0.02863	0.12277	0.02548	0.01716	0.02341	0.02388	0.01441	0.39086	0.12130	0.11763	0.02173	0.02106	0.01563	0.00955	0.00772	0.00239	0.00829	0.00724	0.00769	0.01317
4	0.01154	0.00840	0.01121	0.01286	0.01434	0.00807	0.01030	0.01425	0.01755	0.02274	0.04825	0.30786	0.12228	0.02325	0.01072	0.00346	0.00610	0.33224	0.00750	0.00709
5	0.02479	0.02063	0.07193	0.01734	0.02322	0.02065	0.01482	0.27780	0.26759	0.08716	0.06672	0.02668	0.02224	0.01053	0.00824	0.00258	0.00773	0.00846	0.00800	0.01289
6	0.02576	0.01821	0.02214	0.08879	0.06874	0.01976	0.01582	0.32467	0.07820	0.11476	0.02468	0.03209	0.01985	0.01140	0.00858	0.00269	0.00852	0.09557	0.00753	0.01225

[dist]
# distance from previous block
# <min> <max>
0	1

[block]
# block no. 6 follows, 23 sequences, length 73
# corresponding to MSA columns:
# 223-295
name=unknown_G
#
# <colnr> <probs for GDERKNQSTAVLIFYWHMCP>
#	G	D	E	R	K	N	Q	S	T	A	V	L	I	F	Y	W	H	M	C	P
0	0.01023	0.00721	0.00931	0.01085	0.01124	0.00682	0.00706	0.01139	0.01486	0.01981	0.04124	0.59028	0.04928	0.15067	0.01598	0.00413	0.00528	0.02102	0.00706	0.00629
1	0.01532	0.01442	0.02434	0.69533	0.05589	0.01803	0.02253	0.02073	0.01622	0.02073	0.01442	0.02163	0.01082	0.00811	0.00811	0.00270	0.01082	0.00721	0.00361	0.00901
2	0.01731	0.01636	0.02733	0.33251	0.32158	0.01826	0.02241	0.02218	0.01746	0.02398	0.05526	0.02321	0.01585	0.00855	0.00908	0.00261	0.04361	0.00768	0.00412	0.01063
3	0.01984	0.01903	0.03249	0.08305	0.63289	0.01921	0.02478	0.02469	0.01836	0.02621	0.01522	0.02016	0.01275	0.00728	0.00804	0.00243	0.00970	0.00723	0.00400	0.01266
4	0.01532	0.01442	0.02434	0.69533	0.05589	0.01803	0.02253	0.02073	0.01622	0.02073	0.01442	0.02163	0.01082	0.00811	0.00811	0.00270	0.01082	0.00721	0.00361	0.00901
5	0.03026	0.03452	0.02244	0.01999	0.02449	0.55350	0.01518	0.06477	0.06045	0.07677	0.01573	0.01689	0.01227	0.00873	0.00748	0.00218	0.01321	0.00581	0.00511	0.01020
6	0.00989	0.00706	0.00942	0.01130	0.01177	0.00659	0.00753	0.01130	0.01554	0.02071	0.04472	0.70954	0.05367	0.02542	0.01036	0.00330	0.00471	0.02307	0.00753	0.00659
7	0.01683	0.01442	0.01683	0.01202	0.01923	0.01082	0.00961	0.02043	0.01683	0.02644	0.01442	0.01683	0.01202	0.00601	0.00601	0.00120	0.00601	0.00481	0.00481	0.76444
8	0.04305	0.05403	0.03938	0.02821	0.03484	0.01848	0.46807	0.02316	0.01818	0.02504	0.02114	0.14648	0.01963	0.01026	0.00934	0.00278	0.01154	0.01160	0.00473	0.01005
9	0.02018	0.01743	0.01835	0.01651	0.02110	0.02018	0.01284	0.04312	0.64956	0.03394	0.03303	0.03027	0.02477	0.01101	0.00826	0.00275	0.00642	0.00917	0.00826	0.01284
10	0.02440	0.02055	0.02518	0.25168	0.10366	0.06350	0.01886	0.32473	0.02766	0.03623	0.01688	0.01997	0.01248	0.00883	0.00806	0.00250	0.01000	0.00713	0.00590	0.01180
11	0.01160	0.00866	0.01289	0.01289	0.01429	0.01006	0.00996	0.01440	0.01300	0.01873	0.02187	0.03262	0.02061	0.08364	0.66034	0.01286	0.02125	0.00880	0.00437	0.00716
12	0.01121	0.00828	0.01047	0.00992	0.01195	0.00754	0.00744	0.01478	0.02232	0.03101	0.57669	0.06313	0.16076	0.01716	0.00957	0.00258	0.00387	0.01503	0.00873	0.00754
13	0.01627	0.04197	0.67279	0.02313	0.03512	0.01884	0.02998	0.02570	0.01713	0.02570	0.01456	0.01713	0.01028	0.00771	0.00771	0.00257	0.01199	0.00600	0.00343	0.01199
14	0.00989	0.00706	0.00942	0.01130	0.01177	0.00659	0.00753	0.01130	0.01554	0.02071	0.04472	0.70954	0.05367	0.02542	0.01036	0.00330	0.00471	0.02307	0.00753	0.00659
15	0.02048	0.01031	0.01356	0.01159	0.01518	0.00916	0.00910	0.02390	0.02269	0.26573	0.38074	0.04996	0.10493	0.01452	0.00905	0.00255	0.00498	0.01249	0.00922	0.00985
16	0.01002	0.00717	0.00954	0.01120	0.01180	0.00668	0.00754	0.01164	0.01617	0.02173	0.09753	0.65384	0.05563	0.02466	0.01029	0.00323	0.00463	0.02235	0.00765	0.00668
17	0.01130	0.00829	0.01059	0.01001	0.01201	0.00758	0.00751	0.01495	0.02252	0.03149	0.60261	0.06235	0.13454	0.01698	0.00957	0.00257	0.00386	0.01492	0.00879	0.00758
18	0.01586	0.00926	0.01225	0.01095	0.01363	0.00841	0.00841	0.01957	0.02301	0.14443	0.54969	0.05482	0.06665	0.01544	0.00932	0.00254	0.00437	0.01353	0.00913	0.00874
19	0.02169	0.71972	0.04252	0.01388	0.02083	0.03211	0.01388	0.02430	0.01649	0.01909	0.01128	0.01302	0.01041	0.00694	0.00521	0.00174	0.00868	0.00434	0.00347	0.01041
20	0.02730	0.03333	0.02633	0.02695	0.14206	0.49678	0.05366	0.03015	0.02153	0.02141	0.01319	0.01617	0.01101	0.00830	0.00835	0.00224	0.04111	0.00592	0.00412	0.01010
21	0.01519	0.01461	0.02096	0.01970	0.05833	0.07694	0.14554	0.03850	0.01798	0.02314	0.03287	0.42900	0.03675	0.01813	0.00968	0.00298	0.00805	0.01694	0.00628	0.00842
22	0.01513	0.01400	0.02339	0.63815	0.05260	0.01730	0.02174	0.02040	0.01643	0.02103	0.01682	0.02751	0.01383	0.00931	0.00837	0.00279	0.01054	0.05784	0.00393	0.00888
23	0.01165	0.00847	0.01193	0.01193	0.01300	0.00954	0.00876	0.01378	0.01271	0.01801	0.02275	0.03750	0.02273	0.23411	0.51276	0.01167	0.01806	0.00952	0.00450	0.00663
24	0.01866	0.14713	0.05161	0.02150	0.12579	0.12812	0.06579	0.02290	0.03867	0.02451	0.13780	0.03464	0.12779	0.01124	0.00804	0.00236	0.00873	0.00947	0.00548	0.00977
25	0.01197	0.06785	0.01262	0.01040	0.01190	0.01005	0.00742	0.01351	0.01460	0.01916	0.06801	0.12818	0.13712	0.28419	0.16156	0.00675	0.00962	0.01291	0.00563	0.00653
26	0.01856	0.01973	0.07734	0.09523	0.43788	0.04466	0.02259	0.02338	0.01824	0.02516	0.01943	0.06271	0.01801	0.00990	0.00844	0.00262	0.00964	0.07058	0.00448	0.01144
27	0.02254	0.02542	0.05692	0.04018	0.43196	0.19253	0.06204	0.02696	0.01965	0.02471	0.01460	0.01866	0.01209	0.00752	0.00793	0.00235	0.01130	0.00681	0.00404	0.01180
28	0.20997	0.01852	0.02765	0.11407	0.15313	0.03899	0.15443	0.05072	0.01822	0.08267	0.01569	0.01929	0.01192	0.00804	0.00852	0.00260	0.04289	0.00705	0.00489	0.01073
29	0.02896	0.14669	0.02620	0.01965	0.02441	0.53980	0.01538	0.06649	0.02284	0.02157	0.01275	0.01466	0.01064	0.00822	0.00703	0.00205	0.01335	0.00521	0.00430	0.00982
30	0.01750	0.16992	0.34025	0.04621	0.02804	0.01968	0.02114	0.02532	0.06977	0.04439	0.05841	0.02718	0.04881	0.00981	0.00766	0.00249	0.00957	0.03815	0.00477	0.01094
31	0.02132	0.02004	0.05986	0.01708	0.02220	0.05843	0.01404	0.04122	0.54239	0.06375	0.03062	0.02840	0.02279	0.01060	0.00816	0.00269	0.00728	0.00869	0.00780	0.01264
32	0.03641	0.01381	0.01883	0.01444	0.02071	0.01193	0.01193	0.03954	0.02322	0.66984	0.03201	0.02762	0.02009	0.01004	0.00816	0.00251	0.00690	0.00816	0.01004	0.01381
33	0.01082	0.00811	0.01003	0.00989	0.01180	0.00732	0.00729	0.01390	0.02091	0.02843	0.44046	0.15269	0.21110	0.01872	0.00968	0.00270	0.00401	0.01639	0.00841	0.00732
34	0.01646	0.01619	0.02546	0.55046	0.05006	0.05214	0.07268	0.02249	0.04602	0.02174	0.01638	0.04509	0.01302	0.00874	0.00828	0.00270	0.01084	0.00794	0.00403	0.00929
35	0.01939	0.14901	0.41141	0.02499	0.12406	0.05262	0.02500	0.02635	0.01780	0.05600	0.01488	0.01728	0.01117	0.00766	0.00735	0.00238	0.01098	0.00597	0.00388	0.01182
36	0.01673	0.09893	0.61982	0.02235	0.03392	0.01996	0.02863	0.02558	0.01708	0.02514	0.01429	0.01679	0.01029	0.00764	0.00750	0.00250	0.01171	0.00586	0.00343	0.01186
37	0.01269	0.00912	0.01258	0.01416	0.01600	0.00900	0.01214	0.01630	0.01894	0.02483	0.10108	0.11301	0.06846	0.02194	0.01097	0.00358	0.00692	0.51323	0.00761	0.00743
38	0.01305	0.00864	0.01135	0.01047	0.01266	0.00793	0.00793	0.01684	0.02298	0.07267	0.62039	0.05853	0.07301	0.01618	0.00948	0.00255	0.00402	0.01426	0.00900	0.00804
39	0.01896	0.03072	0.33303	0.02683	0.03646	0.01967	0.27505	0.05537	0.05167	0.04782	0.01705	0.02019	0.01233	0.00769	0.00853	0.00264	0.01209	0.00775	0.00438	0.01175
40	0.01161	0.00851	0.01120	0.01272	0.01406	0.00833	0.00977	0.01507	0.04893	0.02317	0.06771	0.40021	0.07550	0.02308	0.01050	0.00338	0.00574	0.23566	0.00760	0.00728
41	0.06817	0.01389	0.01853	0.01427	0.02050	0.01220	0.01179	0.03887	0.02282	0.64249	0.03112	0.02700	0.01960	0.00993	0.00802	0.00251	0.00688	0.00800	0.00983	0.01359
42	0.03031	0.03867	0.02299	0.02090	0.02508	0.68226	0.01568	0.03240	0.02299	0.01986	0.01254	0.01463	0.01045	0.00836	0.00732	0.00209	0.01463	0.00523	0.00418	0.00941
43	0.00989	0.00706	0.00942	0.01130	0.01177	0.00659	0.00753	0.01130	0.01554	0.02071	0.04472	0.70954	0.05367	0.02542	0.01036	0.00330	0.00471	0.02307	0.00753	0.00659
44	0.01046	0.00748	0.01003	0.01168	0.01247	0.00705	0.00828	0.01240	0.01665	0.02229	0.10195	0.56727	0.05489	0.02420	0.01040	0.00328	0.00499	0.09978	0.00766	0.00681
45	0.02169	0.71972	0.04252	0.01388	0.02083	0.03211	0.01388	0.02430	0.01649	0.01909	0.01128	0.01302	0.01041	0.00694	0.00521	0.00174	0.00868	0.00434	0.00347	0.01041
46	0.54768	0.01596	0.01389	0.01228	0.01729	0.01822	0.00994	0.02938	0.16075	0.08013	0.01775	0.01812	0.01326	0.00851	0.00599	0.00257	0.00635	0.00576	0.00612	0.01007
47	0.01159	0.00869	0.01304	0.01304	0.01449	0.01014	0.01014	0.01449	0.01304	0.01884	0.02173	0.03188	0.02029	0.06086	0.68268	0.01304	0.02173	0.00869	0.00435	0.00724
48	0.01161	0.00861	0.01262	0.01262	0.01393	0.00992	0.00962	0.01422	0.01292	0.01853	0.02212	0.03400	0.02121	0.12620	0.61860	0.01252	0.02035	0.00900	0.00440	0.00701
49	0.01977	0.01942	0.03450	0.07435	0.55924	0.01939	0.10322	0.02487	0.01847	0.02621	0.01538	0.02038	0.01270	0.00722	0.00823	0.00246	0.01021	0.00753	0.00401	0.01245
50	0.01810	0.02137	0.09292	0.06245	0.05612	0.01813	0.40423	0.02436	0.01841	0.02572	0.01694	0.02359	0.01352	0.00752	0.00878	0.00250	0.01174	0.03420	0.00428	0.13513
51	0.01005	0.00718	0.00960	0.01149	0.01203	0.00673	0.00782	0.01158	0.01570	0.02090	0.04463	0.67771	0.05331	0.02527	0.01040	0.00332	0.00485	0.05327	0.00753	0.00664
52	0.03031	0.03867	0.02299	0.02090	0.02508	0.68226	0.01568	0.03240	0.02299	0.01986	0.01254	0.01463	0.01045	0.00836	0.00732	0.00209	0.01463	0.00523	0.00418	0.00941
53	0.00975	0.00823	0.00844	0.00839	0.01106	0.00692	0.00629	0.01195	0.01887	0.02281	0.13076	0.07662	0.61181	0.02022	0.00959	0.00272	0.00409	0.01692	0.00765	0.00692
54	0.01542	0.01456	0.02436	0.66767	0.05447	0.01831	0.02234	0.02068	0.01607	0.02068	0.01427	0.02147	0.01081	0.00836	0.00887	0.00274	0.03910	0.00721	0.00360	0.00901
55	0.01240	0.00862	0.01045	0.00979	0.01226	0.00765	0.00741	0.01558	0.02145	0.06903	0.42200	0.06454	0.27367	0.01754	0.00949	0.00261	0.00412	0.01511	0.00852	0.00777
56	0.01543	0.00932	0.01213	0.01137	0.01407	0.00849	0.00899	0.01892	0.02178	0.13061	0.39176	0.06243	0.13628	0.01696	0.00961	0.00275	0.00492	0.10699	0.00870	0.00850
57	0.00989	0.00706	0.00942	0.01130	0.01177	0.00659	0.00753	0.01130	0.01554	0.02071	0.04472	0.70954	0.05367	0.02542	0.01036	0.00330	0.00471	0.02307	0.00753	0.00659
58	0.01134	0.00832	0.01065	0.01017	0.01217	0.00763	0.00770	0.01498	0.02233	0.03110	0.57566	0.06361	0.13771	0.01723	0.00963	0.00262	0.00399	0.03686	0.00873	0.00756
59	0.73425	0.01580	0.01258	0.01120	0.01597	0.01854	0.00924	0.02363	0.01374	0.03556	0.01127	0.01341	0.00888	0.00787	0.00611	0.00256	0.04113	0.00453	0.00495	0.00879
60	0.01024	0.00733	0.00977	0.01132	0.01205	0.00686	0.00780	0.01208	0.01666	0.02244	0.12589	0.59532	0.05637	0.02412	0.01029	0.00322	0.00472	0.04903	0.00771	0.00677
61	0.01570	0.03401	0.49987	0.05493	0.06930	0.01707	0.02581	0.02378	0.01809	0.02658	0.11633	0.02437	0.02090	0.00910	0.00804	0.00256	0.01051	0.00749	0.00434	0.01122
62	0.01041	0.00881	0.00907	0.00890	0.01169	0.00776	0.00671	0.01392	0.05860	0.02354	0.12597	0.07366	0.57346	0.01963	0.00950	0.00273	0.00423	0.01643	0.00769	0.00729
63	0.01181	0.00772	0.00905	0.00923	0.00928	0.00767	0.00535	0.01165	0.01206	0.01608	0.02647	0.11479	0.03056	0.58982	0.03747	0.07096	0.00749	0.01250	0.00505	0.00496
64	0.02157	0.09853	0.11072	0.03592	0.37729	0.07686	0.02216	0.07882	0.05186	0.02754	0.01578	0.01897	0.01275	0.00776	0.00765	0.00235	0.01003	0.00671	0.00446	0.01228
65	0.02294	0.28543	0.06390	0.01919	0.05470	0.10029	0.05790	0.06230	0.17411	0.05566	0.01884	0.01959	0.01480	0.00843	0.00704	0.00224	0.00930	0.00654	0.00534	0.01146
66	0.25554	0.02017	0.05454	0.01849	0.02485	0.02054	0.11667	0.21117	0.09598	0.07818	0.01857	0.01959	0.01350	0.00865	0.00741	0.00256	0.00863	0.00699	0.00641	0.01158
67	0.03031	0.03867	0.02299	0.02090	0.02508	0.68226	0.01568	0.03240	0.02299	0.01986	0.01254	0.01463	0.01045	0.00836	0.00732	0.00209	0.01463	0.00523	0.00418	0.00941
68	0.01683	0.01442	0.01683	0.01202	0.01923	0.01082	0.00961	0.02043	0.01683	0.02644	0.01442	0.01683	0.01202	0.00601	0.00601	0.00120	0.00601	0.00481	0.00481	0.76444
69	0.01161	0.00790	0.00880	0.00880	0.00903	0.00778	0.00502	0.01179	0.01236	0.01625	0.03033	0.05520	0.08257	0.65648	0.03863	0.00744	0.00755	0.01225	0.00514	0.00508
70	0.04998	0.26818	0.03064	0.01715	0.02363	0.08731	0.03547	0.29569	0.02668	0.03447	0.01535	0.01652	0.01200	0.00828	0.00687	0.00211	0.00930	0.00593	0.00573	0.04872
71	0.01147	0.00833	0.01083	0.01032	0.01227	0.00769	0.00782	0.01522	0.02260	0.03174	0.60945	0.06265	0.10055	0.01700	0.00964	0.00261	0.00399	0.03941	0.00881	0.00761
72	0.05242	0.37691	0.19914	0.01718	0.02495	0.08400	0.01801	0.06491	0.05106	0.02435	0.01387	0.01552	0.01127	0.00767	0.00637	0.00211	0.00985	0.00528	0.00412	0.01100

[dist]
# distance from previous block
# <min> <max>
0	1

[block]
# block no. 7 follows, 23 sequences, length 20
# corresponding to MSA columns:
# 297-316
name=unknown_H
#
# <colnr> <probs for GDERKNQSTAVLIFYWHMCP>
#	G	D	E	R	K	N	Q	S	T	A	V	L	I	F	Y	W	H	M	C	P
0	0.71688	0.06754	0.01418	0.01091	0.01607	0.01923	0.00916	0.02388	0.01401	0.03513	0.01130	0.01317	0.00891	0.00749	0.00504	0.00245	0.00645	0.00439	0.00491	0.00891
1	0.05288	0.09880	0.02481	0.04447	0.02494	0.09627	0.01493	0.36646	0.12802	0.03985	0.01947	0.01981	0.01449	0.00934	0.00763	0.00238	0.00912	0.00695	0.00692	0.01244
2	0.06835	0.01399	0.01821	0.01391	0.02026	0.01206	0.01144	0.03601	0.02184	0.54591	0.02846	0.02536	0.01837	0.00934	0.00770	0.00232	0.00674	0.00749	0.00904	0.12319
3	0.68992	0.01555	0.01327	0.08506	0.02006	0.01818	0.01028	0.02351	0.01407	0.03470	0.01164	0.01410	0.00901	0.00760	0.00536	0.00253	0.00677	0.00470	0.00487	0.00881
4	0.02040	0.29611	0.21379	0.01834	0.02601	0.07171	0.06473	0.04838	0.01913	0.04837	0.08425	0.02092	0.01820	0.00852	0.00709	0.00222	0.00984	0.00664	0.00457	0.01078
5	0.01214	0.00898	0.01141	0.01068	0.01280	0.00860	0.00805	0.01741	0.07027	0.03265	0.61261	0.05832	0.07265	0.01617	0.00947	0.00257	0.00402	0.01426	0.00888	0.00805
6	0.00989	0.00706	0.00942	0.01130	0.01177	0.00659	0.00753	0.01130	0.01554	0.02071	0.04472	0.70954	0.05367	0.02542	0.01036	0.00330	0.00471	0.02307	0.00753	0.00659
7	0.60439	0.04307	0.01626	0.06268	0.02054	0.01933	0.03343	0.07002	0.01612	0.03533	0.01233	0.01459	0.00951	0.00769	0.00566	0.00250	0.00717	0.00501	0.00506	0.00932
8	0.02213	0.02354	0.04948	0.29408	0.06385	0.19188	0.10977	0.07115	0.02048	0.05436	0.01546	0.01976	0.01165	0.00816	0.00811	0.00250	0.01190	0.00705	0.00447	0.01022
9	0.01180	0.00787	0.00885	0.00885	0.00885	0.00787	0.00492	0.01180	0.01180	0.01573	0.02557	0.05310	0.02950	0.71483	0.04130	0.00787	0.00787	0.01180	0.00492	0.00492
10	0.01424	0.00890	0.01173	0.01068	0.01307	0.00813	0.00813	0.01799	0.02300	0.10307	0.59045	0.05696	0.07031	0.01586	0.00941	0.00255	0.00417	0.01395	0.00906	0.00834
11	0.02113	0.07039	0.03566	0.06536	0.35559	0.10849	0.17512	0.02596	0.01902	0.02476	0.01488	0.01939	0.01215	0.00730	0.00813	0.00241	0.01129	0.00735	0.00401	0.01160
12	0.01409	0.00705	0.01057	0.01057	0.01057	0.00705	0.00705	0.01057	0.01057	0.01409	0.01409	0.02467	0.01409	0.02819	0.03171	0.76392	0.00705	0.00705	0.00352	0.00352
13	0.01532	0.01442	0.02434	0.69533	0.05589	0.01803	0.02253	0.02073	0.01622	0.02073	0.01442	0.02163	0.01082	0.00811	0.00811	0.00270	0.01082	0.00721	0.00361	0.00901
14	0.01967	0.01927	0.03411	0.08915	0.55397	0.01934	0.09485	0.02476	0.01841	0.02608	0.01534	0.02039	0.01266	0.00724	0.00822	0.00247	0.01018	0.00750	0.00400	0.01239
15	0.02526	0.06660	0.08877	0.01745	0.02361	0.05937	0.01527	0.17167	0.27805	0.12963	0.02537	0.02411	0.01838	0.00983	0.00791	0.00252	0.00825	0.00774	0.00745	0.01276
16	0.02176	0.10063	0.06859	0.01723	0.02227	0.15886	0.03568	0.09884	0.19357	0.02936	0.11029	0.02795	0.02494	0.04356	0.00946	0.00266	0.00904	0.00828	0.00630	0.01073
17	0.00989	0.00706	0.00942	0.01130	0.01177	0.00659	0.00753	0.01130	0.01554	0.02071	0.04472	0.70954	0.05367	0.02542	0.01036	0.00330	0.00471	0.02307	0.00753	0.00659
18	0.01285	0.00981	0.01162	0.01180	0.01385	0.00973	0.00866	0.06068	0.08795	0.02667	0.15139	0.34059	0.16029	0.02026	0.00973	0.00297	0.00505	0.04017	0.00789	0.00805
19	0.01835	0.01532	0.01764	0.01274	0.01987	0.01238	0.01025	0.08744	0.01914	0.02912	0.01497	0.01711	0.01221	0.00641	0.00624	0.00134	0.00633	0.00508	0.00517	0.68288

[dist]
# distance from previous block
# <min> <max>
0	2

[block]
# block no. 8 follows, 23 sequences, length 12
# corresponding to MSA columns:
# 319-330
name=unknown_I
#
# <colnr> <probs for GDERKNQSTAVLIFYWHMCP>
#	G	D	E	R	K	N	Q	S	T	A	V	L	I	F	Y	W	H	M	C	P
