[name]
unknown

[dist]
# distance from previous block
# <min> <max>
0	394

[block]
# block no. 0 follows, 25 sequences, length 14
# corresponding to MSA columns:
# 410-423
name=unknown_A
#
# <colnr> <probs for GDERKNQSTAVLIFYWHMCP>
#	G	D	E	R	K	N	Q	S	T	A	V	L	I	F	Y	W	H	M	C	P
0	0.01249	0.00892	0.01249	0.01428	0.01606	0.00892	0.01249	0.01606	0.01785	0.02320	0.04105	0.08746	0.04462	0.02142	0.01071	0.00357	0.00714	0.62695	0.00714	0.00714
1	0.01866	0.32846	0.16750	0.02280	0.16934	0.02285	0.01839	0.04870	0.01691	0.02242	0.01431	0.03894	0.01255	0.01107	0.05398	0.00278	0.00989	0.00606	0.00379	0.01059
2	0.01606	0.01064	0.01206	0.01110	0.01309	0.01110	0.00771	0.04672	0.16021	0.08547	0.06122	0.07234	0.02878	0.37143	0.02379	0.00503	0.00666	0.01068	0.03807	0.00785
3	0.00954	0.00714	0.00887	0.00999	0.01110	0.00646	0.00690	0.01128	0.01627	0.02126	0.11806	0.49816	0.20216	0.02229	0.00964	0.00295	0.00427	0.01984	0.00734	0.00646
4	0.01199	0.01034	0.01684	0.01444	0.01672	0.00972	0.14987	0.01414	0.01486	0.01950	0.03617	0.23895	0.13263	0.25553	0.01954	0.00441	0.00734	0.01466	0.00563	0.00673
5	0.01782	0.02221	0.15155	0.02153	0.02801	0.04856	0.19597	0.02354	0.04250	0.04187	0.01511	0.01884	0.01195	0.00971	0.03397	0.00268	0.12221	0.00684	0.00419	0.18094
6	0.01251	0.00935	0.01073	0.01084	0.01203	0.00978	0.00724	0.01797	0.15877	0.02104	0.06102	0.24287	0.03599	0.32914	0.02238	0.00492	0.00615	0.01399	0.00632	0.00698
7	0.00938	0.00699	0.00874	0.01014	0.01107	0.00635	0.00691	0.01087	0.01548	0.02005	0.05073	0.57783	0.19074	0.02325	0.00973	0.00303	0.00437	0.02077	0.00720	0.00635
8	0.01149	0.00750	0.00837	0.00837	0.00850	0.00750	0.00475	0.01174	0.01162	0.01599	0.02449	0.04924	0.02762	0.67803	0.03712	0.00712	0.00725	0.01100	0.05744	0.00487
9	0.02560	0.01951	0.02117	0.01624	0.02244	0.02057	0.01329	0.45899	0.08615	0.04218	0.01865	0.01894	0.01371	0.00862	0.00732	0.00209	0.00770	0.00660	0.00706	0.18315
10	0.01494	0.01247	0.01480	0.01110	0.01686	0.00966	0.00877	0.01843	0.01739	0.02657	0.16140	0.02542	0.02525	0.00800	0.00650	0.00144	0.00528	0.00670	0.00547	0.60356
11	0.00979	0.00701	0.00930	0.01056	0.01132	0.00653	0.00722	0.01165	0.01643	0.02232	0.18389	0.57410	0.05617	0.02241	0.00973	0.00299	0.00431	0.02025	0.00750	0.00653
12	0.01778	0.01479	0.01699	0.01229	0.01910	0.01208	0.00989	0.10012	0.01867	0.02827	0.01440	0.01640	0.01170	0.00620	0.00600	0.00130	0.00610	0.00490	0.00500	0.67804
13	0.01748	0.01529	0.01811	0.17000	0.02686	0.01783	0.01390	0.03409	0.46990	0.02868	0.02982	0.05597	0.04672	0.01079	0.00799	0.00264	0.00693	0.00916	0.00684	0.01100

[dist]
# distance from previous block
# <min> <max>
0	9

[block]
# block no. 1 follows, 25 sequences, length 49
# corresponding to MSA columns:
# 433-481
name=unknown_B
#
# <colnr> <probs for GDERKNQSTAVLIFYWHMCP>
#	G	D	E	R	K	N	Q	S	T	A	V	L	I	F	Y	W	H	M	C	P
0	0.02098	0.01672	0.01870	0.01391	0.02047	0.01555	0.01128	0.24715	0.04580	0.03396	0.01613	0.01743	0.01251	0.00718	0.00654	0.00162	0.00675	0.00559	0.00584	0.47587
1	0.08298	0.01235	0.01553	0.01248	0.01740	0.01130	0.01013	0.05948	0.02172	0.43587	0.13700	0.03486	0.09190	0.01141	0.00793	0.00242	0.00591	0.00935	0.00875	0.01124
2	0.01160	0.00794	0.00940	0.00956	0.01164	0.00697	0.00696	0.01369	0.01772	0.07633	0.14511	0.27811	0.33697	0.01980	0.00929	0.00275	0.00429	0.01718	0.00758	0.00712
3	0.01289	0.00884	0.01069	0.01010	0.01239	0.00820	0.00762	0.04503	0.02013	0.06832	0.32997	0.10022	0.21809	0.06781	0.01129	0.00294	0.00465	0.04552	0.00779	0.00751
4	0.07218	0.01600	0.01735	0.01398	0.01826	0.01717	0.01093	0.35006	0.02595	0.10736	0.02125	0.02789	0.01774	0.19534	0.01568	0.00366	0.00767	0.00802	0.04311	0.01040
5	0.04629	0.00730	0.00924	0.01057	0.01136	0.00698	0.00717	0.01180	0.01541	0.02155	0.10927	0.59154	0.05077	0.04878	0.01068	0.00320	0.00459	0.01992	0.00714	0.00645
6	0.01078	0.00754	0.00867	0.00889	0.00948	0.00727	0.00555	0.01155	0.01345	0.01765	0.07469	0.13314	0.12642	0.48089	0.02902	0.00589	0.00641	0.03167	0.00565	0.00538
7	0.09763	0.01515	0.01814	0.01432	0.01997	0.01497	0.01173	0.15189	0.08799	0.42393	0.04521	0.02487	0.01911	0.00960	0.00757	0.00241	0.00678	0.00760	0.00863	0.01251
8	0.01125	0.00747	0.00987	0.01080	0.01184	0.00698	0.00759	0.01318	0.01655	0.05338	0.16579	0.47684	0.05222	0.06618	0.01157	0.00327	0.00478	0.05624	0.00741	0.00678
9	0.36741	0.01346	0.01426	0.01203	0.01695	0.01375	0.00990	0.02840	0.01743	0.31679	0.02233	0.02594	0.01670	0.03462	0.00779	0.00267	0.00640	0.05582	0.00708	0.01026
10	0.11665	0.01250	0.01592	0.01269	0.01783	0.01138	0.01035	0.03208	0.02112	0.49729	0.13927	0.03023	0.02724	0.01040	0.00768	0.00241	0.00602	0.00846	0.00886	0.01163
11	0.12498	0.01286	0.01588	0.01285	0.01788	0.01216	0.01043	0.03241	0.07446	0.44176	0.13237	0.02994	0.02692	0.01038	0.00764	0.00242	0.00601	0.00843	0.00867	0.01156
12	0.02348	0.01356	0.01611	0.01368	0.01822	0.01378	0.01085	0.03431	0.28712	0.28324	0.12312	0.03484	0.06999	0.01148	0.00811	0.00251	0.00583	0.00960	0.00859	0.01158
13	0.00954	0.00682	0.00908	0.01073	0.01127	0.00636	0.00721	0.01104	0.01530	0.02052	0.08343	0.67968	0.05269	0.02375	0.00985	0.00310	0.00444	0.02153	0.00728	0.00636
14	0.01227	0.00826	0.00969	0.00954	0.01059	0.00811	0.00623	0.01436	0.04741	0.04844	0.10339	0.12404	0.09975	0.41049	0.04991	0.00569	0.00676	0.01287	0.00600	0.00618
15	0.01192	0.00867	0.01288	0.01263	0.01368	0.01021	0.00972	0.01356	0.01201	0.01727	0.01874	0.02829	0.01769	0.04952	0.53300	0.14276	0.06914	0.00793	0.00396	0.00643
16	0.00953	0.00681	0.00907	0.01074	0.01126	0.00635	0.00720	0.01100	0.01522	0.02040	0.07646	0.68701	0.05245	0.02384	0.00986	0.00311	0.00445	0.02161	0.00727	0.00635
17	0.02707	0.03328	0.02140	0.01928	0.02296	0.58505	0.01462	0.05182	0.02185	0.02081	0.05400	0.01712	0.01411	0.00889	0.00834	0.00213	0.05814	0.00575	0.00438	0.00900
18	0.02238	0.01667	0.01815	0.01571	0.02049	0.01867	0.01239	0.09988	0.51699	0.12266	0.03018	0.02759	0.02205	0.01028	0.00786	0.00257	0.00643	0.00846	0.00811	0.01249
19	0.01464	0.01378	0.02326	0.70887	0.05340	0.01723	0.02153	0.01981	0.01550	0.01981	0.01378	0.02067	0.01034	0.00775	0.00775	0.00258	0.01034	0.00689	0.00345	0.00861
20	0.01608	0.01378	0.01608	0.01148	0.01837	0.01034	0.00919	0.01952	0.01608	0.02527	0.01378	0.01608	0.01148	0.00574	0.00574	0.00115	0.00574	0.00459	0.00459	0.77491
21	0.02425	0.02068	0.06664	0.02966	0.28962	0.02029	0.01883	0.31136	0.02632	0.06735	0.01746	0.01939	0.01310	0.00822	0.00763	0.00231	0.00875	0.00692	0.02869	0.01254
22	0.01801	0.01372	0.01628	0.01172	0.01852	0.01045	0.00942	0.02141	0.01671	0.09333	0.01552	0.01714	0.01228	0.00614	0.00595	0.00128	0.00583	0.00492	0.00511	0.69627
23	0.00967	0.00718	0.00903	0.01004	0.01116	0.00653	0.00697	0.01156	0.01669	0.02209	0.16564	0.47682	0.17452	0.02185	0.00962	0.00292	0.00424	0.01949	0.00744	0.00653
24	0.01638	0.01536	0.02454	0.43894	0.08346	0.01795	0.06570	0.04513	0.06832	0.02286	0.01529	0.02060	0.01180	0.00821	0.00910	0.00253	0.06395	0.00705	0.00409	0.05875
25	0.02221	0.01636	0.01841	0.01467	0.02012	0.01640	0.01180	0.28278	0.08550	0.07547	0.02255	0.09731	0.01926	0.01045	0.00752	0.00215	0.00690	0.03034	0.00688	0.23291
26	0.01675	0.01418	0.01663	0.01226	0.01858	0.01167	0.00982	0.05997	0.01716	0.02630	0.01495	0.04119	0.01294	0.00697	0.00689	0.00139	0.03710	0.00546	0.00484	0.66495
27	0.01928	0.01099	0.01375	0.01195	0.01553	0.01043	0.00930	0.02544	0.12388	0.22140	0.29450	0.08605	0.07109	0.01351	0.00848	0.00247	0.00505	0.01164	0.00846	0.03680
28	0.02115	0.69664	0.03968	0.01361	0.02011	0.06470	0.01335	0.02361	0.01607	0.01828	0.01084	0.01252	0.00995	0.00670	0.00508	0.00168	0.00858	0.00419	0.00335	0.00990
29	0.00945	0.00675	0.00900	0.01080	0.01125	0.00630	0.00720	0.01080	0.01484	0.01979	0.04274	0.72245	0.05128	0.02429	0.00990	0.00315	0.00450	0.02204	0.00720	0.00630
30	0.02514	0.09325	0.02601	0.02596	0.17891	0.43279	0.01705	0.02778	0.01974	0.02040	0.01238	0.01527	0.01054	0.00797	0.00816	0.00213	0.05735	0.00549	0.00386	0.00982
31	0.01594	0.01437	0.02173	0.32851	0.03476	0.04439	0.08498	0.02022	0.01572	0.02242	0.01624	0.02191	0.01283	0.00882	0.00994	0.00249	0.11447	0.00712	0.19467	0.00846
32	0.01830	0.02092	0.04575	0.03268	0.04052	0.01961	0.65098	0.02484	0.01830	0.02484	0.01569	0.02092	0.01176	0.00654	0.00915	0.00261	0.01307	0.00915	0.00392	0.01046
33	0.02122	0.01762	0.01862	0.01617	0.02090	0.02019	0.01274	0.15735	0.54584	0.03555	0.02910	0.02697	0.02168	0.01029	0.00786	0.00257	0.00659	0.00843	0.00786	0.01245
34	0.01104	0.01001	0.05424	0.01238	0.03786	0.00809	0.00936	0.01424	0.01877	0.02609	0.35770	0.28313	0.07510	0.01812	0.00928	0.00271	0.00475	0.03224	0.00749	0.00739
35	0.78228	0.01499	0.01140	0.01020	0.01499	0.01739	0.00840	0.02279	0.01320	0.03479	0.01080	0.01260	0.00840	0.00720	0.00480	0.00240	0.00600	0.00420	0.00480	0.00840
36	0.00975	0.00788	0.00867	0.00847	0.01083	0.00679	0.00635	0.01226	0.01905	0.02423	0.27138	0.06922	0.48112	0.01841	0.00916	0.00256	0.00384	0.01561	0.00763	0.00679
37	0.02083	0.01652	0.02729	0.11200	0.46891	0.01657	0.02067	0.02519	0.01838	0.13310	0.05087	0.02251	0.01631	0.00790	0.00778	0.00236	0.00862	0.00742	0.00498	0.01178
38	0.20640	0.55732	0.03350	0.01252	0.01870	0.02744	0.01208	0.02311	0.01513	0.02228	0.01078	0.01248	0.00957	0.00677	0.00493	0.00184	0.00773	0.00416	0.00368	0.00957
39	0.78228	0.01499	0.01140	0.01020	0.01499	0.01739	0.00840	0.02279	0.01320	0.03479	0.01080	0.01260	0.00840	0.00720	0.00480	0.00240	0.00600	0.00420	0.00480	0.00840
40	0.03479	0.01320	0.01799	0.01380	0.01979	0.01140	0.01140	0.03779	0.02219	0.68451	0.03059	0.02639	0.01919	0.00960	0.00780	0.00240	0.00660	0.00780	0.00960	0.01320
41	0.01464	0.01378	0.02326	0.70887	0.05340	0.01723	0.02153	0.01981	0.01550	0.01981	0.01378	0.02067	0.01034	0.00775	0.00775	0.00258	0.01034	0.00689	0.00345	0.00861
42	0.01890	0.01813	0.03095	0.08937	0.63961	0.01835	0.02365	0.02354	0.01752	0.02498	0.01453	0.01928	0.01216	0.00696	0.00768	0.00232	0.00928	0.00691	0.00381	0.01205
43	0.06559	0.02041	0.01979	0.01645	0.02152	0.09645	0.01313	0.29416	0.23719	0.06516	0.05327	0.02332	0.01908	0.00976	0.00762	0.00240	0.00792	0.00756	0.00733	0.01188
44	0.07122	0.01300	0.01692	0.01358	0.01896	0.01186	0.01118	0.03478	0.06090	0.53843	0.05871	0.03113	0.02291	0.01056	0.00789	0.00249	0.00644	0.04779	0.00903	0.01223
45	0.00951	0.00693	0.00908	0.01063	0.01132	0.00650	0.00722	0.01099	0.01496	0.01980	0.04469	0.62896	0.10414	0.02569	0.04647	0.00360	0.00532	0.02081	0.00704	0.00635
46	0.01034	0.00802	0.01212	0.01261	0.01376	0.00750	0.05886	0.01230	0.01560	0.02091	0.07424	0.60999	0.04907	0.02233	0.00982	0.00308	0.00523	0.04051	0.00700	0.00671
47	0.01718	0.03018	0.38204	0.03281	0.28395	0.01830	0.07671	0.02428	0.01702	0.02488	0.01432	0.01783	0.01093	0.00712	0.00763	0.00241	0.01072	0.00646	0.00354	0.01170
48	0.04275	0.59016	0.03662	0.01428	0.02049	0.12093	0.01343	0.04889	0.01734	0.01999	0.01125	0.01289	0.01004	0.00694	0.00535	0.00175	0.00902	0.00437	0.00362	0.00990

[dist]
# distance from previous block
# <min> <max>
0	1

[block]
# block no. 2 follows, 25 sequences, length 550
# corresponding to MSA columns:
# 483-1032
name=unknown_C
#
# <colnr> <probs for GDERKNQSTAVLIFYWHMCP>
#	G	D	E	R	K	N	Q	S	T	A	V	L	I	F	Y	W	H	M	C	P
0	0.02552	0.32785	0.02978	0.01717	0.02227	0.41783	0.01426	0.02772	0.01937	0.01867	0.01148	0.01334	0.00997	0.00742	0.00615	0.00186	0.01160	0.00464	0.00371	0.00939
1	0.02676	0.06311	0.02478	0.02290	0.08711	0.54811	0.04359	0.02921	0.02075	0.01980	0.01228	0.01483	0.01029	0.00798	0.00777	0.00209	0.03994	0.00539	0.00393	0.00939
2	0.00950	0.00679	0.00905	0.01076	0.01126	0.00634	0.00720	0.01094	0.01511	0.02022	0.06661	0.69735	0.05211	0.02397	0.00987	0.00312	0.00447	0.02174	0.00725	0.00634
3	0.01097	0.00844	0.01026	0.01074	0.01284	0.00790	0.00855	0.01449	0.04309	0.02413	0.18906	0.12454	0.28197	0.01940	0.00964	0.00291	0.00498	0.20152	0.00749	0.00709
4	0.03009	0.02073	0.02266	0.01737	0.02355	0.02258	0.01435	0.58214	0.03481	0.12234	0.02000	0.01951	0.01388	0.00934	0.00776	0.00234	0.00831	0.00708	0.00797	0.01319
5	0.01148	0.00847	0.01208	0.01195	0.01310	0.00980	0.00905	0.01384	0.01243	0.01807	0.02110	0.03285	0.02034	0.15227	0.54478	0.01093	0.04451	0.00864	0.03766	0.00667
6	0.01244	0.00864	0.01217	0.03837	0.01467	0.00955	0.00942	0.01487	0.01384	0.04735	0.02624	0.16741	0.02666	0.09365	0.35191	0.00797	0.04015	0.03710	0.06054	0.00705
7	0.01391	0.01266	0.01591	0.01494	0.01621	0.06817	0.01184	0.01636	0.01309	0.01823	0.01755	0.02593	0.01644	0.04353	0.48189	0.00947	0.18477	0.00768	0.00396	0.00746
8	0.01969	0.22801	0.35878	0.02001	0.05304	0.07262	0.02162	0.09576	0.01894	0.02518	0.01346	0.01547	0.01035	0.00741	0.00673	0.00218	0.01035	0.00542	0.00387	0.01109
9	0.02012	0.65017	0.11726	0.01431	0.02152	0.02918	0.01509	0.02338	0.01583	0.01899	0.01115	0.01290	0.00994	0.00672	0.00526	0.00175	0.00867	0.00433	0.00331	0.01013
10	0.06633	0.01327	0.01772	0.01364	0.01959	0.01165	0.01127	0.03715	0.02181	0.65710	0.02975	0.02581	0.01874	0.00950	0.00767	0.00240	0.00657	0.00765	0.00939	0.01299
11	0.01817	0.01727	0.02934	0.15141	0.55058	0.01782	0.02294	0.02282	0.01732	0.02436	0.01561	0.02241	0.01338	0.00768	0.00782	0.00240	0.00930	0.03397	0.00392	0.01147
12	0.01929	0.01666	0.01753	0.01578	0.02016	0.01929	0.01227	0.04120	0.66513	0.03243	0.03156	0.02893	0.02367	0.01052	0.00789	0.00263	0.00614	0.00877	0.00789	0.01227
13	0.00956	0.00692	0.00907	0.01073	0.01140	0.00643	0.00733	0.01105	0.01519	0.02003	0.04531	0.64668	0.09726	0.02382	0.00988	0.00313	0.00457	0.04809	0.00720	0.00635
14	0.01108	0.00831	0.01246	0.01246	0.01385	0.00969	0.00969	0.01385	0.01246	0.01800	0.02077	0.03046	0.01938	0.05815	0.69678	0.01246	0.02077	0.00831	0.00415	0.00692
15	0.01555	0.04011	0.68733	0.02210	0.03356	0.01801	0.02865	0.02455	0.01637	0.02455	0.01391	0.01637	0.00982	0.00737	0.00737	0.00246	0.01146	0.00573	0.00327	0.01146
16	0.01171	0.00812	0.01042	0.00973	0.01179	0.00740	0.00734	0.01519	0.02157	0.05485	0.59655	0.05824	0.12586	0.01596	0.00910	0.00245	0.00379	0.01400	0.00845	0.00747
17	0.01128	0.00752	0.00846	0.00846	0.00846	0.00752	0.00470	0.01128	0.01128	0.01503	0.02443	0.05074	0.02819	0.72751	0.03946	0.00752	0.00752	0.01128	0.00470	0.00470
18	0.01834	0.02081	0.04513	0.03333	0.06829	0.01956	0.62371	0.02479	0.01827	0.02486	0.01564	0.02084	0.01179	0.00655	0.00909	0.00260	0.01290	0.00905	0.00392	0.01054
19	0.01464	0.01378	0.02326	0.70887	0.05340	0.01723	0.02153	0.01981	0.01550	0.01981	0.01378	0.02067	0.01034	0.00775	0.00775	0.00258	0.01034	0.00689	0.00345	0.00861
20	0.78228	0.01499	0.01140	0.01020	0.01499	0.01739	0.00840	0.02279	0.01320	0.03479	0.01080	0.01260	0.00840	0.00720	0.00480	0.00240	0.00600	0.00420	0.00480	0.00840
21	0.00971	0.00691	0.00917	0.01078	0.01132	0.00649	0.00730	0.01118	0.01510	0.02019	0.06856	0.64071	0.05094	0.05453	0.01119	0.00333	0.00470	0.04444	0.00714	0.00630
22	0.01777	0.01780	0.02804	0.19123	0.26269	0.04520	0.07064	0.02169	0.01565	0.02179	0.01308	0.01882	0.01108	0.00909	0.01306	0.00271	0.21904	0.00697	0.00363	0.01003
23	0.01417	0.00865	0.01132	0.01024	0.01267	0.00785	0.00782	0.01768	0.02182	0.12033	0.56479	0.05421	0.08787	0.01513	0.00896	0.00244	0.00407	0.01325	0.00863	0.00809
24	0.02947	0.02172	0.02327	0.01784	0.02404	0.02404	0.01474	0.65329	0.03646	0.04887	0.01862	0.01862	0.01319	0.00931	0.00776	0.00233	0.00853	0.00698	0.00776	0.01319
25	0.78228	0.01499	0.01140	0.01020	0.01499	0.01739	0.00840	0.02279	0.01320	0.03479	0.01080	0.01260	0.00840	0.00720	0.00480	0.00240	0.00600	0.00420	0.00480	0.00840
26	0.02896	0.03695	0.02197	0.01998	0.02397	0.69638	0.01498	0.03096	0.02197	0.01898	0.01199	0.01398	0.00999	0.00799	0.00699	0.00200	0.01398	0.00499	0.00400	0.00899
27	0.78228	0.01499	0.01140	0.01020	0.01499	0.01739	0.00840	0.02279	0.01320	0.03479	0.01080	0.01260	0.00840	0.00720	0.00480	0.00240	0.00600	0.00420	0.00480	0.00840
28	0.01608	0.01378	0.01608	0.01148	0.01837	0.01034	0.00919	0.01952	0.01608	0.02527	0.01378	0.01608	0.01148	0.00574	0.00574	0.00115	0.00574	0.00459	0.00459	0.77491
29	0.01445	0.00723	0.00723	0.00723	0.00903	0.00723	0.00542	0.01807	0.01626	0.02891	0.02529	0.02891	0.01987	0.00903	0.00542	0.00181	0.00361	0.00723	0.77055	0.00723
30	0.00945	0.00675	0.00900	0.01080	0.01125	0.00630	0.00720	0.01080	0.01484	0.01979	0.04274	0.72245	0.05128	0.02429	0.00990	0.00315	0.00450	0.02204	0.00720	0.00630
31	0.78228	0.01499	0.01140	0.01020	0.01499	0.01739	0.00840	0.02279	0.01320	0.03479	0.01080	0.01260	0.00840	0.00720	0.00480	0.00240	0.00600	0.00420	0.00480	0.00840
32	0.01135	0.00857	0.01244	0.01230	0.01345	0.01002	0.00938	0.01373	0.01229	0.01766	0.02078	0.03241	0.02009	0.13930	0.58691	0.01147	0.04836	0.00861	0.00419	0.00671
33	0.01464	0.01378	0.02326	0.70887	0.05340	0.01723	0.02153	0.01981	0.01550	0.01981	0.01378	0.02067	0.01034	0.00775	0.00775	0.00258	0.01034	0.00689	0.00345	0.00861
34	0.01919	0.01842	0.03147	0.04759	0.67914	0.01842	0.02380	0.02380	0.01765	0.02533	0.01458	0.01919	0.01228	0.00691	0.00768	0.00230	0.00921	0.00691	0.00384	0.01228
35	0.01852	0.01462	0.01863	0.01789	0.11869	0.01286	0.01215	0.05459	0.07199	0.07707	0.01908	0.04867	0.01611	0.00811	0.00682	0.00177	0.00651	0.03021	0.00549	0.44020
36	0.74717	0.01494	0.01194	0.04215	0.01675	0.01739	0.00900	0.02266	0.01330	0.03410	0.01093	0.01296	0.00849	0.00722	0.00493	0.00241	0.00620	0.00432	0.00474	0.00841
37	0.01721	0.01726	0.03189	0.29867	0.27757	0.01826	0.18049	0.02252	0.01699	0.02308	0.01455	0.02019	0.01140	0.00714	0.00808	0.00249	0.01061	0.00746	0.00371	0.01041
38	0.01668	0.01360	0.01594	0.01171	0.01823	0.01056	0.00932	0.02073	0.04101	0.05112	0.01622	0.04393	0.01377	0.00678	0.00606	0.00133	0.00574	0.00554	0.00501	0.68671
39	0.01108	0.00831	0.01246	0.01246	0.01385	0.00969	0.00969	0.01385	0.01246	0.01800	0.02077	0.03046	0.01938	0.05815	0.69678	0.01246	0.02077	0.00831	0.00415	0.00692
40	0.01818	0.02054	0.04369	0.03153	0.03863	0.02000	0.59160	0.02426	0.01770	0.02426	0.01517	0.02054	0.01162	0.00719	0.01068	0.00269	0.07866	0.00893	0.00387	0.01027
41	0.01347	0.00673	0.01010	0.01010	0.01010	0.00673	0.00673	0.01010	0.01010	0.01347	0.01347	0.02357	0.01347	0.02694	0.03030	0.77441	0.00673	0.00673	0.00337	0.00337
42	0.00945	0.00675	0.00900	0.01080	0.01125	0.00630	0.00720	0.01080	0.01484	0.01979	0.04274	0.72245	0.05128	0.02429	0.00990	0.00315	0.00450	0.02204	0.00720	0.00630
43	0.01884	0.01806	0.03084	0.09883	0.63066	0.01833	0.02362	0.02349	0.01749	0.02490	0.01452	0.01930	0.01213	0.00697	0.00768	0.00232	0.00930	0.00691	0.00381	0.01200
44	0.01108	0.00831	0.01246	0.01246	0.01385	0.00969	0.00969	0.01385	0.01246	0.01800	0.02077	0.03046	0.01938	0.05815	0.69678	0.01246	0.02077	0.00831	0.00415	0.00692
45	0.01862	0.01784	0.03045	0.13009	0.60108	0.01827	0.02351	0.02330	0.01739	0.02464	0.01448	0.01938	0.01204	0.00701	0.00769	0.00234	0.00935	0.00691	0.00379	0.01182
46	0.01830	0.02092	0.04575	0.03268	0.04052	0.01961	0.65098	0.02484	0.01830	0.02484	0.01569	0.02092	0.01176	0.00654	0.00915	0.00261	0.01307	0.00915	0.00392	0.01046
47	0.01187	0.00812	0.01065	0.00991	0.01189	0.00747	0.00747	0.01551	0.02196	0.05577	0.65071	0.05673	0.07112	0.01562	0.00909	0.00244	0.00377	0.01379	0.00858	0.00754
48	0.02673	0.01967	0.02131	0.01687	0.02229	0.02161	0.01370	0.56518	0.03349	0.04488	0.02192	0.11514	0.01841	0.01136	0.00805	0.00244	0.00798	0.00905	0.00768	0.01224
49	0.02084	0.61501	0.06474	0.04892	0.02244	0.08023	0.01444	0.02369	0.01624	0.01863	0.01115	0.01313	0.00997	0.00682	0.00537	0.00176	0.00896	0.00441	0.00337	0.00987
50	0.01464	0.01378	0.02326	0.70887	0.05340	0.01723	0.02153	0.01981	0.01550	0.01981	0.01378	0.02067	0.01034	0.00775	0.00775	0.00258	0.01034	0.00689	0.00345	0.00861
51	0.03479	0.01320	0.01799	0.01380	0.01979	0.01140	0.01140	0.03779	0.02219	0.68451	0.03059	0.02639	0.01919	0.00960	0.00780	0.00240	0.00660	0.00780	0.00960	0.01320
52	0.01591	0.03779	0.61264	0.02394	0.06066	0.01814	0.07470	0.02454	0.01657	0.02461	0.01407	0.01682	0.01007	0.00729	0.00751	0.00246	0.01149	0.00603	0.00335	0.01142
53	0.01522	0.01444	0.02162	0.01845	0.01943	0.01861	0.07055	0.01736	0.01250	0.01865	0.01450	0.02403	0.01431	0.10583	0.16230	0.00565	0.42708	0.00783	0.00375	0.00790
54	0.00945	0.00675	0.00900	0.01080	0.01125	0.00630	0.00720	0.01080	0.01484	0.01979	0.04274	0.72245	0.05128	0.02429	0.00990	0.00315	0.00450	0.02204	0.00720	0.00630
55	0.78228	0.01499	0.01140	0.01020	0.01499	0.01739	0.00840	0.02279	0.01320	0.03479	0.01080	0.01260	0.00840	0.00720	0.00480	0.00240	0.00600	0.00420	0.00480	0.00840
56	0.02947	0.02172	0.02327	0.01784	0.02404	0.02404	0.01474	0.65329	0.03646	0.04887	0.01862	0.01862	0.01319	0.00931	0.00776	0.00233	0.00853	0.00698	0.00776	0.01319
57	0.75073	0.01492	0.01167	0.01035	0.01520	0.01714	0.00852	0.02342	0.01358	0.06221	0.01163	0.01318	0.00885	0.00730	0.00492	0.00240	0.00602	0.00435	0.00500	0.00860
58	0.00945	0.00675	0.00900	0.01080	0.01125	0.00630	0.00720	0.01080	0.01484	0.01979	0.04274	0.72245	0.05128	0.02429	0.00990	0.00315	0.00450	0.02204	0.00720	0.00630
59	0.00939	0.00697	0.00877	0.01021	0.01109	0.00635	0.00694	0.01086	0.01540	0.02002	0.04983	0.59415	0.17500	0.02337	0.00975	0.00304	0.00439	0.02092	0.00720	0.00635
60	0.01683	0.01702	0.02588	0.02147	0.02250	0.02254	0.09436	0.01918	0.01269	0.01938	0.01138	0.01812	0.01083	0.01494	0.05702	0.00375	0.59281	0.00715	0.00350	0.00865
61	0.01621	0.01569	0.02751	0.46758	0.22355	0.01777	0.07825	0.02135	0.01634	0.02177	0.01417	0.02029	0.01100	0.00741	0.00786	0.00251	0.01027	0.00710	0.00360	0.00978
62	0.78228	0.01499	0.01140	0.01020	0.01499	0.01739	0.00840	0.02279	0.01320	0.03479	0.01080	0.01260	0.00840	0.00720	0.00480	0.00240	0.00600	0.00420	0.00480	0.00840
63	0.01015	0.00788	0.01194	0.01255	0.01359	0.00736	0.05867	0.01192	0.01512	0.02020	0.04057	0.66635	0.04812	0.02287	0.00984	0.00311	0.00518	0.02101	0.00694	0.00663
64	0.01876	0.01895	0.05854	0.04173	0.54096	0.01819	0.04642	0.02522	0.07827	0.02587	0.01715	0.02252	0.01439	0.00778	0.00785	0.00240	0.00909	0.02961	0.00432	0.01199
65	0.01689	0.01376	0.01616	0.01158	0.01844	0.01038	0.00928	0.02032	0.01634	0.05393	0.01451	0.01653	0.01182	0.00591	0.00583	0.00120	0.00578	0.00473	0.00481	0.74179
66	0.05814	0.04978	0.02258	0.01913	0.05005	0.26296	0.01461	0.28863	0.10092	0.03376	0.01699	0.01772	0.01291	0.00870	0.00728	0.00222	0.01012	0.00627	0.00600	0.01124
67	0.02128	0.01807	0.02401	0.01903	0.04990	0.01788	0.11673	0.22338	0.12427	0.03374	0.01842	0.01979	0.01400	0.00779	0.00734	0.00204	0.00801	0.00683	0.00596	0.26152
68	0.02122	0.48018	0.11895	0.01752	0.05166	0.10361	0.03904	0.05007	0.01756	0.02092	0.01197	0.01396	0.01024	0.00700	0.00589	0.00189	0.00956	0.00486	0.00361	0.01028
69	0.02119	0.01826	0.02262	0.01855	0.02378	0.02028	0.10180	0.16164	0.44891	0.03467	0.02675	0.02574	0.01991	0.00972	0.00804	0.00257	0.00758	0.00846	0.00731	0.01220
70	0.01120	0.00748	0.00848	0.00856	0.00858	0.00746	0.00481	0.01125	0.01143	0.01524	0.02523	0.08013	0.02920	0.69674	0.03817	0.00733	0.00738	0.01175	0.00481	0.00477
71	0.00969	0.00786	0.00849	0.00834	0.01066	0.00677	0.00619	0.01198	0.01845	0.02316	0.22094	0.06960	0.50343	0.04760	0.01040	0.00277	0.00401	0.01559	0.00742	0.00666
72	0.78228	0.01499	0.01140	0.01020	0.01499	0.01739	0.00840	0.02279	0.01320	0.03479	0.01080	0.01260	0.00840	0.00720	0.00480	0.00240	0.00600	0.00420	0.00480	0.00840
73	0.00916	0.00785	0.00785	0.00785	0.01047	0.00655	0.00589	0.01113	0.01767	0.02095	0.07855	0.07462	0.67599	0.01964	0.00916	0.00262	0.00393	0.01636	0.00720	0.00655
74	0.01128	0.00752	0.00846	0.00846	0.00846	0.00752	0.00470	0.01128	0.01128	0.01503	0.02443	0.05074	0.02819	0.72751	0.03946	0.00752	0.00752	0.01128	0.00470	0.00470
75	0.03479	0.01320	0.01799	0.01380	0.01979	0.01140	0.01140	0.03779	0.02219	0.68451	0.03059	0.02639	0.01919	0.00960	0.00780	0.00240	0.00660	0.00780	0.00960	0.01320
76	0.01830	0.02092	0.04575	0.03268	0.04052	0.01961	0.65098	0.02484	0.01830	0.02484	0.01569	0.02092	0.01176	0.00654	0.00915	0.00261	0.01307	0.00915	0.00392	0.01046
77	0.02896	0.03695	0.02197	0.01998	0.02397	0.69638	0.01498	0.03096	0.02197	0.01898	0.01199	0.01398	0.00999	0.00799	0.00699	0.00200	0.01398	0.00499	0.00400	0.00899
78	0.01464	0.01378	0.02326	0.70887	0.05340	0.01723	0.02153	0.01981	0.01550	0.01981	0.01378	0.02067	0.01034	0.00775	0.00775	0.00258	0.01034	0.00689	0.00345	0.00861
79	0.01608	0.01378	0.01608	0.01148	0.01837	0.01034	0.00919	0.01952	0.01608	0.02527	0.01378	0.01608	0.01148	0.00574	0.00574	0.00115	0.00574	0.00459	0.00459	0.77491
80	0.01555	0.04011	0.68733	0.02210	0.03356	0.01801	0.02865	0.02455	0.01637	0.02455	0.01391	0.01637	0.00982	0.00737	0.00737	0.00246	0.01146	0.00573	0.00327	0.01146
81	0.01347	0.00673	0.01010	0.01010	0.01010	0.00673	0.00673	0.01010	0.01010	0.01347	0.01347	0.02357	0.01347	0.02694	0.03030	0.77441	0.00673	0.00673	0.00337	0.00337
82	0.00924	0.00786	0.00796	0.00794	0.01052	0.00658	0.00595	0.01128	0.01786	0.02139	0.10465	0.07389	0.64962	0.01947	0.00916	0.00261	0.00392	0.01626	0.00726	0.00658
83	0.00916	0.00785	0.00785	0.00785	0.01047	0.00655	0.00589	0.01113	0.01767	0.02095	0.07855	0.07462	0.67599	0.01964	0.00916	0.00262	0.00393	0.01636	0.00720	0.00655
84	0.41047	0.01721	0.01659	0.01345	0.01892	0.01904	0.01110	0.25478	0.02285	0.12436	0.01622	0.01658	0.01155	0.00828	0.00627	0.00237	0.00700	0.00568	0.00650	0.01077
85	0.01555	0.04011	0.68733	0.02210	0.03356	0.01801	0.02865	0.02455	0.01637	0.02455	0.01391	0.01637	0.00982	0.00737	0.00737	0.00246	0.01146	0.00573	0.00327	0.01146
86	0.01042	0.00810	0.01233	0.01289	0.01406	0.00761	0.06133	0.01237	0.01536	0.02047	0.04035	0.61538	0.04748	0.02259	0.00990	0.00314	0.00542	0.06719	0.00692	0.00671
87	0.03479	0.01320	0.01799	0.01380	0.01979	0.01140	0.01140	0.03779	0.02219	0.68451	0.03059	0.02639	0.01919	0.00960	0.00780	0.00240	0.00660	0.00780	0.00960	0.01320
88	0.01445	0.00723	0.00723	0.00723	0.00903	0.00723	0.00542	0.01807	0.01626	0.02891	0.02529	0.02891	0.01987	0.00903	0.00542	0.00181	0.00361	0.00723	0.77055	0.00723
89	0.01108	0.00831	0.01246	0.01246	0.01385	0.00969	0.00969	0.01385	0.01246	0.01800	0.02077	0.03046	0.01938	0.05815	0.69678	0.01246	0.02077	0.00831	0.00415	0.00692
90	0.01929	0.01666	0.01753	0.01578	0.02016	0.01929	0.01227	0.04120	0.66513	0.03243	0.03156	0.02893	0.02367	0.01052	0.00789	0.00263	0.00614	0.00877	0.00789	0.01227
91	0.01108	0.00827	0.01229	0.01229	0.01362	0.00960	0.00948	0.01374	0.01241	0.01787	0.02092	0.03132	0.01976	0.08640	0.66904	0.01225	0.02021	0.00843	0.00418	0.00683
92	0.02947	0.02172	0.02327	0.01784	0.02404	0.02404	0.01474	0.65329	0.03646	0.04887	0.01862	0.01862	0.01319	0.00931	0.00776	0.00233	0.00853	0.00698	0.00776	0.01319
93	0.01249	0.00892	0.01249	0.01428	0.01606	0.00892	0.01249	0.01606	0.01785	0.02320	0.04105	0.08746	0.04462	0.02142	0.01071	0.00357	0.00714	0.62695	0.00714	0.00714
94	0.01097	0.00793	0.01036	0.00975	0.01158	0.00732	0.00732	0.01463	0.02195	0.03109	0.67505	0.05792	0.07316	0.01585	0.00914	0.00244	0.00366	0.01402	0.00854	0.00732
95	0.02888	0.01189	0.01610	0.01279	0.01775	0.01038	0.01038	0.03204	0.02213	0.52229	0.19058	0.03422	0.03259	0.01115	0.00813	0.00241	0.00587	0.00934	0.00933	0.01174
96	0.01097	0.00793	0.01036	0.00975	0.01158	0.00732	0.00732	0.01463	0.02195	0.03109	0.67505	0.05792	0.07316	0.01585	0.00914	0.00244	0.00366	0.01402	0.00854	0.00732
97	0.01608	0.01378	0.01608	0.01148	0.01837	0.01034	0.00919	0.01952	0.01608	0.02527	0.01378	0.01608	0.01148	0.00574	0.00574	0.00115	0.00574	0.00459	0.00459	0.77491
98	0.00945	0.00675	0.00900	0.01080	0.01125	0.00630	0.00720	0.01080	0.01484	0.01979	0.04274	0.72245	0.05128	0.02429	0.00990	0.00315	0.00450	0.02204	0.00720	0.00630
99	0.01108	0.00831	0.01246	0.01246	0.01385	0.00969	0.00969	0.01385	0.01246	0.01800	0.02077	0.03046	0.01938	0.05815	0.69678	0.01246	0.02077	0.00831	0.00415	0.00692
100	0.02073	0.73217	0.04063	0.01327	0.01990	0.03068	0.01327	0.02322	0.01575	0.01824	0.01078	0.01244	0.00995	0.00663	0.00498	0.00166	0.00829	0.00415	0.00332	0.00995
101	0.01929	0.01666	0.01753	0.01578	0.02016	0.01929	0.01227	0.04120	0.66513	0.03243	0.03156	0.02893	0.02367	0.01052	0.00789	0.00263	0.00614	0.00877	0.00789	0.01227
102	0.00945	0.00675	0.00900	0.01080	0.01125	0.00630	0.00720	0.01080	0.01484	0.01979	0.04274	0.72245	0.05128	0.02429	0.00990	0.00315	0.00450	0.02204	0.00720	0.00630
103	0.78228	0.01499	0.01140	0.01020	0.01499	0.01739	0.00840	0.02279	0.01320	0.03479	0.01080	0.01260	0.00840	0.00720	0.00480	0.00240	0.00600	0.00420	0.00480	0.00840
104	0.01611	0.01390	0.01637	0.01182	0.01845	0.01085	0.00948	0.01949	0.01592	0.02501	0.01364	0.01611	0.01143	0.00604	0.00649	0.00123	0.03270	0.00468	0.00455	0.74570
105	0.01577	0.06932	0.66004	0.02173	0.03298	0.01854	0.02800	0.02450	0.01634	0.02429	0.01378	0.01620	0.00983	0.00734	0.00727	0.00242	0.01133	0.00566	0.00328	0.01140
106	0.03457	0.01355	0.01821	0.01396	0.01997	0.01192	0.01153	0.06314	0.02278	0.65833	0.03010	0.02607	0.01895	0.00958	0.00780	0.00240	0.00668	0.00776	0.00952	0.01319
107	0.00945	0.00675	0.00900	0.01080	0.01125	0.00630	0.00720	0.01080	0.01484	0.01979	0.04274	0.72245	0.05128	0.02429	0.00990	0.00315	0.00450	0.02204	0.00720	0.00630
108	0.01142	0.00951	0.03636	0.01040	0.01273	0.00819	0.00828	0.01597	0.04806	0.03050	0.59972	0.05580	0.09259	0.01546	0.00903	0.00245	0.00407	0.01358	0.00826	0.00765
109	0.01127	0.00755	0.00864	0.00864	0.00870	0.00762	0.00493	0.01139	0.01133	0.01517	0.02426	0.04981	0.02779	0.69689	0.06953	0.00774	0.00812	0.01114	0.00467	0.00480
110	0.00924	0.00786	0.00796	0.00794	0.01052	0.00658	0.00595	0.01128	0.01786	0.02139	0.10465	0.07389	0.64962	0.01947	0.00916	0.00261	0.00392	0.01626	0.00726	0.00658
111	0.00925	0.00786	0.00797	0.00794	0.01052	0.00658	0.00596	0.01129	0.01787	0.02141	0.10583	0.07386	0.64842	0.01946	0.00916	0.00261	0.00392	0.01626	0.00726	0.00658
112	0.02421	0.27827	0.08388	0.02000	0.07529	0.35468	0.01620	0.02717	0.01900	0.01968	0.01193	0.01405	0.01014	0.00738	0.00637	0.00194	0.01141	0.00491	0.00369	0.00979
113	0.01563	0.01549	0.02845	0.46866	0.10108	0.01739	0.16466	0.02090	0.01629	0.02142	0.01555	0.05131	0.01262	0.00813	0.00816	0.00259	0.01061	0.00807	0.00375	0.00924
114	0.06440	0.01327	0.01773	0.01365	0.01960	0.01163	0.01128	0.03719	0.02184	0.65877	0.02981	0.02584	0.01877	0.00950	0.00768	0.00240	0.00657	0.00765	0.00941	0.01301
115	0.10672	0.22344	0.30124	0.02006	0.07902	0.07518	0.02010	0.04934	0.01718	0.02459	0.01279	0.01499	0.01004	0.00724	0.00643	0.00218	0.00987	0.00521	0.00374	0.01064
116	0.00917	0.00781	0.00790	0.00797	0.01050	0.00654	0.00594	0.01111	0.01756	0.02090	0.07716	0.09975	0.65176	0.01982	0.00919	0.00264	0.00395	0.01658	0.00720	0.00654
117	0.02882	0.02109	0.02257	0.01738	0.02339	0.02331	0.01433	0.62556	0.03557	0.04799	0.01891	0.01906	0.01348	0.00930	0.00765	0.00230	0.00832	0.00699	0.04106	0.01293
118	0.01811	0.01558	0.01645	0.01497	0.01906	0.01778	0.01158	0.03767	0.58924	0.03104	0.03560	0.06072	0.07451	0.01178	0.00807	0.00265	0.00590	0.00989	0.00781	0.01159
119	0.01097	0.00793	0.01036	0.00975	0.01158	0.00732	0.00732	0.01463	0.02195	0.03109	0.67505	0.05792	0.07316	0.01585	0.00914	0.00244	0.00366	0.01402	0.00854	0.00732
120	0.00937	0.00703	0.00870	0.01004	0.01105	0.00636	0.00686	0.01088	0.01557	0.02009	0.05196	0.55561	0.21216	0.02309	0.00971	0.00301	0.00435	0.02058	0.00720	0.00636
121	0.01445	0.00723	0.00723	0.00723	0.00903	0.00723	0.00542	0.01807	0.01626	0.02891	0.02529	0.02891	0.01987	0.00903	0.00542	0.00181	0.00361	0.00723	0.77055	0.00723
122	0.02073	0.73217	0.04063	0.01327	0.01990	0.03068	0.01327	0.02322	0.01575	0.01824	0.01078	0.01244	0.00995	0.00663	0.00498	0.00166	0.00829	0.00415	0.00332	0.00995
123	0.02457	0.05522	0.02665	0.03128	0.29796	0.38778	0.01861	0.02767	0.01993	0.02161	0.01303	0.01610	0.01095	0.00749	0.00720	0.00211	0.01177	0.00576	0.00390	0.01040
124	0.01791	0.02063	0.06813	0.02991	0.06409	0.01820	0.50874	0.02404	0.01788	0.02491	0.01530	0.01998	0.01167	0.00648	0.00854	0.00239	0.01182	0.00828	0.00398	0.11714
125	0.02232	0.21081	0.02951	0.02705	0.24845	0.20877	0.01712	0.04986	0.04550	0.02274	0.01606	0.01839	0.03588	0.00784	0.00684	0.00207	0.00994	0.00608	0.00418	0.01058
126	0.01919	0.01842	0.03147	0.04759	0.67914	0.01842	0.02380	0.02380	0.01765	0.02533	0.01458	0.01919	0.01228	0.00691	0.00768	0.00230	0.00921	0.00691	0.00384	0.01228
127	0.03284	0.01276	0.01737	0.01346	0.01912	0.01106	0.01106	0.03589	0.02217	0.63103	0.08333	0.02897	0.02361	0.01011	0.00791	0.00240	0.00636	0.00831	0.00951	0.01271
128	0.01654	0.03809	0.63053	0.02215	0.03321	0.01777	0.05327	0.02517	0.01672	0.05475	0.01475	0.01701	0.01033	0.00743	0.00746	0.00246	0.01130	0.00596	0.00359	0.01150
129	0.01772	0.01517	0.01610	0.01460	0.01862	0.01720	0.01131	0.03641	0.55610	0.03133	0.08842	0.03528	0.08443	0.01175	0.00810	0.00261	0.00574	0.00986	0.00788	0.01137
130	0.00945	0.00675	0.00900	0.01080	0.01125	0.00630	0.00720	0.01080	0.01484	0.01979	0.04274	0.72245	0.05128	0.02429	0.00990	0.00315	0.00450	0.02204	0.00720	0.00630
131	0.00945	0.00675	0.00900	0.01080	0.01125	0.00630	0.00720	0.01080	0.01484	0.01979	0.04274	0.72245	0.05128	0.02429	0.00990	0.00315	0.00450	0.02204	0.00720	0.00630
132	0.05192	0.10591	0.10876	0.02348	0.03038	0.01921	0.31582	0.02619	0.09893	0.05802	0.01944	0.07244	0.01599	0.00864	0.00809	0.00250	0.01017	0.00879	0.00484	0.01048
133	0.02849	0.03317	0.02143	0.01903	0.02330	0.56591	0.01447	0.10269	0.02350	0.04789	0.01600	0.01731	0.03613	0.00865	0.00719	0.00207	0.01268	0.00577	0.00477	0.00954
134	0.01521	0.01115	0.01551	0.28232	0.02791	0.01307	0.01303	0.04545	0.01672	0.02553	0.04593	0.02556	0.01733	0.00916	0.00807	0.00228	0.05918	0.00733	0.35115	0.00812
135	0.01555	0.04011	0.68733	0.02210	0.03356	0.01801	0.02865	0.02455	0.01637	0.02455	0.01391	0.01637	0.00982	0.00737	0.00737	0.00246	0.01146	0.00573	0.00327	0.01146
136	0.02003	0.02133	0.05715	0.07086	0.51932	0.10120	0.02239	0.02519	0.04271	0.02455	0.01485	0.01887	0.01225	0.00723	0.00759	0.00230	0.00982	0.00669	0.00397	0.01168
137	0.60183	0.01760	0.04015	0.01469	0.07110	0.04368	0.01119	0.07379	0.01588	0.03416	0.01190	0.01381	0.00921	0.00738	0.00545	0.00237	0.00697	0.00473	0.00487	0.00924
138	0.01453	0.01758	0.10732	0.02225	0.02717	0.01468	0.28733	0.01905	0.01630	0.02245	0.02531	0.28545	0.02637	0.01386	0.01039	0.00285	0.05977	0.01345	0.00505	0.00886
139	0.01936	0.01638	0.01737	0.01556	0.01990	0.01873	0.01221	0.08334	0.56933	0.03282	0.03285	0.03222	0.04955	0.01121	0.00804	0.00264	0.00626	0.03249	0.00782	0.01192
140	0.01834	0.01520	0.01727	0.01277	0.01937	0.01308	0.01026	0.11683	0.06783	0.02937	0.01584	0.01742	0.01266	0.00664	0.00621	0.00144	0.00619	0.00527	0.00532	0.60271
141	0.04376	0.00960	0.03644	0.01044	0.01286	0.00825	0.00832	0.01607	0.02108	0.05559	0.57109	0.08130	0.06509	0.01529	0.00888	0.00247	0.00420	0.01340	0.00817	0.00770
142	0.00945	0.00675	0.00900	0.01080	0.01125	0.00630	0.00720	0.01080	0.01484	0.01979	0.04274	0.72245	0.05128	0.02429	0.00990	0.00315	0.00450	0.02204	0.00720	0.00630
143	0.02002	0.02000	0.03066	0.04523	0.62322	0.07629	0.02304	0.02441	0.01802	0.02479	0.01436	0.01875	0.01209	0.00700	0.00762	0.00228	0.00962	0.00675	0.00385	0.01200
144	0.01959	0.01621	0.01734	0.01564	0.01998	0.01857	0.01225	0.04005	0.61466	0.05646	0.03191	0.03122	0.02436	0.01093	0.00800	0.00266	0.00619	0.03395	0.00792	0.01210
145	0.00957	0.00787	0.00842	0.00828	0.01072	0.00672	0.00621	0.01192	0.01864	0.02324	0.21314	0.07085	0.53997	0.01878	0.00916	0.00258	0.00387	0.01584	0.00750	0.00672
146	0.01079	0.00808	0.00914	0.00876	0.01123	0.00701	0.00661	0.01340	0.01938	0.04984	0.29132	0.06678	0.43413	0.01789	0.00911	0.00255	0.00393	0.01520	0.00777	0.00708
147	0.00956	0.00745	0.00868	0.00925	0.01094	0.00658	0.00661	0.01156	0.01730	0.02213	0.16011	0.31358	0.34707	0.02077	0.00943	0.00279	0.00410	0.01811	0.00741	0.00658
148	0.01249	0.00892	0.01249	0.01428	0.01606	0.00892	0.01249	0.01606	0.01785	0.02320	0.04105	0.08746	0.04462	0.02142	0.01071	0.00357	0.00714	0.62695	0.00714	0.00714
149	0.02073	0.73217	0.04063	0.01327	0.01990	0.03068	0.01327	0.02322	0.01575	0.01824	0.01078	0.01244	0.00995	0.00663	0.00498	0.00166	0.00829	0.00415	0.00332	0.00995
150	0.02335	0.01573	0.01826	0.01379	0.02013	0.01446	0.01118	0.17221	0.07397	0.16906	0.01984	0.01985	0.01446	0.00776	0.00681	0.00180	0.00660	0.00615	0.00664	0.37795
151	0.01118	0.00755	0.00880	0.00888	0.00901	0.00764	0.00521	0.01146	0.01153	0.01548	0.02494	0.07851	0.02850	0.64322	0.09073	0.00772	0.00844	0.01151	0.00476	0.00495
152	0.11862	0.24819	0.07973	0.01546	0.02191	0.07206	0.01421	0.22245	0.02278	0.06409	0.01470	0.01568	0.01129	0.00781	0.00634	0.00206	0.00855	0.00543	0.00531	0.04333
153	0.02405	0.01784	0.04829	0.01523	0.02142	0.01679	0.01288	0.25127	0.10555	0.13859	0.02146	0.02302	0.01606	0.00890	0.00732	0.00210	0.00723	0.03087	0.00697	0.22417
154	0.04834	0.08947	0.44935	0.02006	0.05322	0.01754	0.02280	0.02598	0.01740	0.12787	0.04491	0.01938	0.01409	0.00800	0.00723	0.00237	0.00981	0.00627	0.00457	0.01134
155	0.00978	0.00688	0.00923	0.01086	0.01140	0.00646	0.00739	0.01113	0.01506	0.02013	0.06660	0.64461	0.05045	0.02395	0.01068	0.03257	0.00465	0.04480	0.00710	0.00626
156	0.04563	0.01074	0.01294	0.01268	0.04444	0.01057	0.00915	0.02178	0.13209	0.10272	0.29219	0.07612	0.16920	0.01454	0.00857	0.00252	0.00485	0.01247	0.00787	0.00892
157	0.01793	0.15239	0.52734	0.01998	0.03021	0.01958	0.02474	0.02538	0.01673	0.07584	0.01472	0.01651	0.01059	0.00742	0.00701	0.00232	0.01055	0.00563	0.00378	0.01135
158	0.01464	0.01378	0.02326	0.70887	0.05340	0.01723	0.02153	0.01981	0.01550	0.01981	0.01378	0.02067	0.01034	0.00775	0.00775	0.00258	0.01034	0.00689	0.00345	0.00861
159	0.69274	0.01478	0.01219	0.01063	0.01557	0.01668	0.00876	0.02459	0.01427	0.11261	0.01317	0.01425	0.00969	0.00748	0.00516	0.00240	0.00607	0.00463	0.00537	0.00897
160	0.02517	0.01777	0.04859	0.05382	0.17669	0.01766	0.01659	0.17796	0.07185	0.21193	0.02215	0.02473	0.01645	0.00954	0.00876	0.00249	0.04335	0.03562	0.00675	0.01213
161	0.01935	0.01894	0.02982	0.07282	0.56855	0.04964	0.02257	0.02438	0.04174	0.02478	0.01487	0.01928	0.01243	0.00742	0.00843	0.00236	0.03998	0.00688	0.00396	0.01181
162	0.01593	0.00905	0.00934	0.00865	0.01103	0.00926	0.00665	0.09529	0.01901	0.03110	0.05214	0.03071	0.04883	0.00978	0.00601	0.00193	0.00423	0.00785	0.61529	0.00793
163	0.71875	0.01582	0.01212	0.01076	0.01557	0.04510	0.00880	0.02378	0.01395	0.06238	0.01171	0.01325	0.00893	0.00733	0.00502	0.00238	0.00635	0.00439	0.00497	0.00863
164	0.01091	0.00788	0.01031	0.00980	0.01157	0.00727	0.00731	0.01447	0.02165	0.03062	0.64837	0.08596	0.07224	0.01621	0.00918	0.00247	0.00369	0.01436	0.00848	0.00727
165	0.01970	0.49839	0.19858	0.01584	0.02345	0.05280	0.01708	0.02475	0.04862	0.02054	0.01264	0.01429	0.01061	0.00706	0.00579	0.00192	0.00919	0.00480	0.00356	0.01040
166	0.00983	0.00783	0.00881	0.00867	0.01091	0.00681	0.00646	0.01238	0.01909	0.02455	0.29205	0.09688	0.43137	0.01848	0.00919	0.00258	0.00386	0.01577	0.00768	0.00681
167	0.01044	0.00754	0.00997	0.01086	0.01208	0.00707	0.00801	0.01296	0.01790	0.02432	0.26496	0.36828	0.08056	0.02073	0.00973	0.00295	0.00459	0.11259	0.00766	0.00679
168	0.02970	0.02193	0.02298	0.01774	0.02385	0.05010	0.01459	0.60048	0.03523	0.07675	0.01890	0.01879	0.01333	0.00927	0.00773	0.00232	0.00866	0.00694	0.00769	0.01302
169	0.01120	0.00839	0.01234	0.01339	0.01479	0.00810	0.04167	0.01377	0.01631	0.02152	0.04066	0.41362	0.04644	0.02217	0.01021	0.00330	0.00607	0.28218	0.00701	0.00687
170	0.01790	0.02510	0.21167	0.03548	0.27958	0.01873	0.24821	0.02437	0.01754	0.02495	0.01480	0.01905	0.01144	0.00690	0.00812	0.00245	0.01118	0.00739	0.00372	0.01141
171	0.01901	0.50298	0.25480	0.01619	0.02442	0.02648	0.01836	0.02366	0.01596	0.02033	0.01182	0.01374	0.00991	0.00688	0.00577	0.00192	0.00934	0.00467	0.00330	0.01045
172	0.01093	0.00796	0.01037	0.01041	0.01216	0.00741	0.00800	0.01422	0.02031	0.02802	0.47070	0.12605	0.11384	0.01780	0.00946	0.00269	0.00430	0.11015	0.00809	0.00713
173	0.01555	0.04011	0.68733	0.02210	0.03356	0.01801	0.02865	0.02455	0.01637	0.02455	0.01391	0.01637	0.00982	0.00737	0.00737	0.00246	0.01146	0.00573	0.00327	0.01146
174	0.02672	0.07788	0.04517	0.01401	0.01944	0.01452	0.01193	0.03394	0.15585	0.38566	0.10509	0.02905	0.02537	0.01018	0.00771	0.00239	0.00649	0.00834	0.00831	0.01195
175	0.01093	0.00754	0.01036	0.01247	0.03728	0.00708	0.00823	0.01257	0.01537	0.04566	0.04112	0.63986	0.04826	0.02293	0.00977	0.00311	0.00488	0.04859	0.00716	0.00683
176	0.78228	0.01499	0.01140	0.01020	0.01499	0.01739	0.00840	0.02279	0.01320	0.03479	0.01080	0.01260	0.00840	0.00720	0.00480	0.00240	0.00600	0.00420	0.00480	0.00840
