[name]
unknown

[dist]
# distance from previous block
# <min> <max>
0	35

[block]
# block no. 0 follows, 24 sequences, length 111
# corresponding to MSA columns:
# 35-145
name=unknown_A
#
# <colnr> <probs for GDERKNQSTAVLIFYWHMCP>
#	G	D	E	R	K	N	Q	S	T	A	V	L	I	F	Y	W	H	M	C	P
0	0.01610	0.01022	0.01455	0.01638	0.05224	0.00998	0.01326	0.01973	0.01882	0.10855	0.03914	0.07759	0.04048	0.01954	0.01040	0.00343	0.00734	0.50641	0.00745	0.00839
1	0.03017	0.01234	0.01676	0.01343	0.01860	0.01080	0.01100	0.03338	0.02241	0.53135	0.14106	0.03589	0.03050	0.01156	0.00837	0.00253	0.00626	0.04196	0.00949	0.01213
2	0.12987	0.01354	0.01713	0.01336	0.01920	0.01223	0.01099	0.03487	0.02121	0.53904	0.05350	0.02599	0.02007	0.00958	0.00754	0.00240	0.00651	0.00761	0.00891	0.04646
3	0.25797	0.10257	0.02100	0.04181	0.02181	0.26775	0.01306	0.04833	0.04679	0.06139	0.01387	0.01559	0.01096	0.00825	0.00718	0.00228	0.03965	0.00530	0.00483	0.00960
4	0.33525	0.02512	0.26755	0.01747	0.05511	0.01754	0.01764	0.05493	0.01707	0.06436	0.04925	0.01820	0.01371	0.00812	0.00659	0.00247	0.00845	0.00589	0.00487	0.01040
5	0.01699	0.13205	0.51090	0.02277	0.03334	0.02040	0.10669	0.02496	0.01691	0.02427	0.01403	0.01680	0.01032	0.00732	0.00744	0.00242	0.01149	0.00609	0.00344	0.01138
6	0.01927	0.01983	0.03783	0.04278	0.42832	0.01931	0.26335	0.02475	0.01831	0.02571	0.01535	0.02031	0.01236	0.00692	0.00843	0.00248	0.01095	0.00795	0.00396	0.01184
7	0.01872	0.02139	0.04679	0.03342	0.04144	0.02005	0.64305	0.02540	0.01872	0.02540	0.01604	0.02139	0.01203	0.00668	0.00936	0.00267	0.01337	0.00936	0.00401	0.01070
8	0.01872	0.02139	0.04679	0.03342	0.04144	0.02005	0.64305	0.02540	0.01872	0.02540	0.01604	0.02139	0.01203	0.00668	0.00936	0.00267	0.01337	0.00936	0.00401	0.01070
9	0.55380	0.01497	0.01366	0.01164	0.01683	0.01637	0.00956	0.02810	0.04924	0.19480	0.01717	0.01725	0.01214	0.00815	0.00583	0.00247	0.00629	0.00545	0.00629	0.01001
10	0.01735	0.01735	0.02429	0.02082	0.02082	0.02429	0.01735	0.01908	0.01214	0.01908	0.01041	0.01735	0.01041	0.01388	0.02602	0.00347	0.70680	0.00694	0.00347	0.00867
11	0.01498	0.01409	0.02378	0.70226	0.05462	0.01762	0.02202	0.02026	0.01586	0.02026	0.01409	0.02114	0.01057	0.00793	0.00793	0.00264	0.01057	0.00705	0.00352	0.00881
12	0.02321	0.01458	0.01762	0.01297	0.01969	0.01204	0.01053	0.07664	0.01999	0.21995	0.01957	0.01977	0.01421	0.00733	0.00666	0.00165	0.00636	0.00586	0.00647	0.48487
13	0.77733	0.01534	0.01166	0.01043	0.01534	0.01779	0.00859	0.02331	0.01350	0.03558	0.01104	0.01288	0.00859	0.00736	0.00491	0.00245	0.00613	0.00429	0.00491	0.00859
14	0.01442	0.00885	0.01086	0.01008	0.01279	0.00779	0.00765	0.01723	0.02030	0.13262	0.30228	0.12141	0.26888	0.01731	0.00921	0.00262	0.00441	0.01490	0.00831	0.00810
15	0.01137	0.00834	0.01193	0.01193	0.01306	0.00947	0.00889	0.01364	0.01250	0.01780	0.02199	0.03529	0.02162	0.19134	0.56048	0.01174	0.01854	0.00910	0.00436	0.00663
16	0.01963	0.01884	0.03219	0.04867	0.67185	0.01884	0.02434	0.02434	0.01806	0.02591	0.01492	0.01963	0.01256	0.00707	0.00785	0.00236	0.00942	0.00707	0.00393	0.01256
17	0.01872	0.02139	0.04679	0.03342	0.04144	0.02005	0.64305	0.02540	0.01872	0.02540	0.01604	0.02139	0.01203	0.00668	0.00936	0.00267	0.01337	0.00936	0.00401	0.01070
18	0.01963	0.01884	0.03219	0.04867	0.67185	0.01884	0.02434	0.02434	0.01806	0.02591	0.01492	0.01963	0.01256	0.00707	0.00785	0.00236	0.00942	0.00707	0.00393	0.01256
19	0.02962	0.03779	0.02247	0.02043	0.02451	0.68948	0.01532	0.03166	0.02247	0.01941	0.01226	0.01430	0.01021	0.00817	0.00715	0.00204	0.01430	0.00511	0.00409	0.00919
20	0.01963	0.01884	0.03219	0.04867	0.67185	0.01884	0.02434	0.02434	0.01806	0.02591	0.01492	0.01963	0.01256	0.00707	0.00785	0.00236	0.00942	0.00707	0.00393	0.01256
21	0.41944	0.02006	0.11946	0.01780	0.02424	0.01763	0.16615	0.02343	0.01595	0.03125	0.06411	0.01916	0.01483	0.00791	0.00673	0.00252	0.00854	0.00655	0.00476	0.00948
22	0.01735	0.01735	0.02429	0.02082	0.02082	0.02429	0.01735	0.01908	0.01214	0.01908	0.01041	0.01735	0.01041	0.01388	0.02602	0.00347	0.70680	0.00694	0.00347	0.00867
23	0.01963	0.01884	0.03219	0.04867	0.67185	0.01884	0.02434	0.02434	0.01806	0.02591	0.01492	0.01963	0.01256	0.00707	0.00785	0.00236	0.00942	0.00707	0.00393	0.01256
24	0.01735	0.01735	0.02429	0.02082	0.02082	0.02429	0.01735	0.01908	0.01214	0.01908	0.01041	0.01735	0.01041	0.01388	0.02602	0.00347	0.70680	0.00694	0.00347	0.00867
25	0.77733	0.01534	0.01166	0.01043	0.01534	0.01779	0.00859	0.02331	0.01350	0.03558	0.01104	0.01288	0.00859	0.00736	0.00491	0.00245	0.00613	0.00429	0.00491	0.00859
26	0.01942	0.01863	0.03182	0.07716	0.64494	0.01879	0.02424	0.02416	0.01796	0.02566	0.01488	0.01969	0.01247	0.00710	0.00785	0.00237	0.00947	0.00706	0.00391	0.01240
27	0.01735	0.01735	0.02429	0.02082	0.02082	0.02429	0.01735	0.01908	0.01214	0.01908	0.01041	0.01735	0.01041	0.01388	0.02602	0.00347	0.70680	0.00694	0.00347	0.00867
28	0.01518	0.01430	0.02415	0.67377	0.08152	0.01767	0.02212	0.02044	0.01595	0.02051	0.01413	0.02108	0.01066	0.00789	0.00792	0.00263	0.01052	0.00705	0.00354	0.00897
29	0.01972	0.01703	0.01793	0.01614	0.02062	0.01972	0.01255	0.04214	0.65752	0.03317	0.03228	0.02959	0.02421	0.01076	0.00807	0.00269	0.00628	0.00897	0.00807	0.01255
30	0.01963	0.01884	0.03219	0.04867	0.67185	0.01884	0.02434	0.02434	0.01806	0.02591	0.01492	0.01963	0.01256	0.00707	0.00785	0.00236	0.00942	0.00707	0.00393	0.01256
31	0.77733	0.01534	0.01166	0.01043	0.01534	0.01779	0.00859	0.02331	0.01350	0.03558	0.01104	0.01288	0.00859	0.00736	0.00491	0.00245	0.00613	0.00429	0.00491	0.00859
32	0.04845	0.03992	0.65165	0.02208	0.03351	0.01839	0.02841	0.02504	0.01660	0.02556	0.01409	0.01658	0.00998	0.00753	0.00742	0.00251	0.01148	0.00579	0.00342	0.01159
33	0.00955	0.00793	0.00835	0.00848	0.01088	0.00674	0.00627	0.01164	0.01816	0.02216	0.12522	0.13543	0.56147	0.02021	0.00944	0.00271	0.00405	0.01709	0.00748	0.00674
34	0.15476	0.03633	0.55830	0.02038	0.03086	0.01830	0.02552	0.02478	0.01615	0.02702	0.01365	0.01604	0.00978	0.00750	0.00705	0.00250	0.01070	0.00557	0.00363	0.01115
35	0.01523	0.01435	0.02424	0.66704	0.08787	0.01768	0.02215	0.02048	0.01597	0.02056	0.01414	0.02106	0.01068	0.00788	0.00792	0.00263	0.01051	0.00705	0.00355	0.00901
36	0.01590	0.04102	0.68023	0.02260	0.03432	0.01842	0.02930	0.02511	0.01674	0.02511	0.01423	0.01674	0.01005	0.00753	0.00753	0.00251	0.01172	0.00586	0.00335	0.01172
37	0.02968	0.03619	0.02261	0.02020	0.02452	0.62100	0.01530	0.09487	0.02400	0.02256	0.01296	0.01479	0.01055	0.00831	0.00723	0.00208	0.01373	0.00532	0.00448	0.00964
38	0.01963	0.01884	0.03219	0.04867	0.67185	0.01884	0.02434	0.02434	0.01806	0.02591	0.01492	0.01963	0.01256	0.00707	0.00785	0.00236	0.00942	0.00707	0.00393	0.01256
39	0.77733	0.01534	0.01166	0.01043	0.01534	0.01779	0.00859	0.02331	0.01350	0.03558	0.01104	0.01288	0.00859	0.00736	0.00491	0.00245	0.00613	0.00429	0.00491	0.00859
40	0.01498	0.01409	0.02378	0.70226	0.05462	0.01762	0.02202	0.02026	0.01586	0.02026	0.01409	0.02114	0.01057	0.00793	0.00793	0.00264	0.01057	0.00705	0.00352	0.00881
41	0.01122	0.00811	0.01060	0.00998	0.01185	0.00748	0.00748	0.01496	0.02245	0.03180	0.66766	0.05923	0.07482	0.01621	0.00935	0.00249	0.00374	0.01434	0.00873	0.00748
42	0.03178	0.01959	0.02218	0.01700	0.02329	0.02071	0.01405	0.46323	0.03290	0.23834	0.02272	0.02143	0.01533	0.00961	0.00795	0.00240	0.00813	0.00739	0.00850	0.01349
43	0.01113	0.00810	0.01047	0.00988	0.01179	0.00744	0.00741	0.01478	0.02222	0.03126	0.63715	0.06012	0.10567	0.01641	0.00935	0.00250	0.00376	0.01447	0.00866	0.00744
44	0.01574	0.01284	0.01465	0.01418	0.01740	0.01398	0.01137	0.02862	0.33752	0.02936	0.12708	0.05432	0.09114	0.01541	0.00916	0.00293	0.00602	0.18050	0.00789	0.00989
45	0.03001	0.01355	0.01749	0.01396	0.01930	0.01262	0.01133	0.06354	0.09874	0.48091	0.12069	0.03149	0.02768	0.01082	0.00818	0.00248	0.00636	0.00895	0.00937	0.01253
46	0.00965	0.00695	0.00915	0.01091	0.01147	0.00645	0.00730	0.01106	0.01531	0.02029	0.04527	0.68879	0.07878	0.02464	0.01009	0.00320	0.00458	0.02230	0.00736	0.00645
47	0.02106	0.01770	0.01869	0.01641	0.02113	0.02035	0.01288	0.11974	0.57773	0.03533	0.03057	0.02823	0.02283	0.01060	0.00805	0.00265	0.00659	0.00873	0.00805	0.01267
48	0.01963	0.01884	0.03219	0.04867	0.67185	0.01884	0.02434	0.02434	0.01806	0.02591	0.01492	0.01963	0.01256	0.00707	0.00785	0.00236	0.00942	0.00707	0.00393	0.01256
49	0.01963	0.01884	0.03219	0.04867	0.67185	0.01884	0.02434	0.02434	0.01806	0.02591	0.01492	0.01963	0.01256	0.00707	0.00785	0.00236	0.00942	0.00707	0.00393	0.01256
50	0.01872	0.02139	0.04679	0.03342	0.04144	0.02005	0.64305	0.02540	0.01872	0.02540	0.01604	0.02139	0.01203	0.00668	0.00936	0.00267	0.01337	0.00936	0.00401	0.01070
51	0.01585	0.01482	0.02491	0.63823	0.05260	0.01806	0.05202	0.04918	0.01698	0.02187	0.01442	0.02106	0.01078	0.00794	0.00800	0.00263	0.01062	0.00716	0.00375	0.00912
52	0.01839	0.01758	0.02995	0.22270	0.50750	0.01852	0.02372	0.02325	0.01747	0.02440	0.01470	0.02003	0.01203	0.00730	0.00787	0.00243	0.00973	0.00706	0.00382	0.01156
53	0.01590	0.04102	0.68023	0.02260	0.03432	0.01842	0.02930	0.02511	0.01674	0.02511	0.01423	0.01674	0.01005	0.00753	0.00753	0.00251	0.01172	0.00586	0.00335	0.01172
54	0.01640	0.01548	0.02984	0.02331	0.02788	0.01514	0.32566	0.02067	0.01719	0.05509	0.02577	0.19724	0.02582	0.04512	0.01228	0.00317	0.06300	0.06649	0.00539	0.00908
55	0.01813	0.01696	0.02815	0.32933	0.37380	0.01859	0.02289	0.05290	0.01805	0.02464	0.01476	0.02025	0.01175	0.00756	0.00789	0.00248	0.00988	0.00706	0.00395	0.01099
56	0.01943	0.01864	0.03183	0.07676	0.64533	0.01879	0.02424	0.02416	0.01796	0.02566	0.01488	0.01969	0.01248	0.00710	0.00785	0.00237	0.00947	0.00706	0.00391	0.01240
57	0.01282	0.00964	0.01324	0.01553	0.04970	0.00958	0.01230	0.01688	0.04159	0.02369	0.04385	0.13540	0.10028	0.02081	0.01047	0.00342	0.00685	0.45916	0.00717	0.00764
58	0.02120	0.72609	0.04155	0.01357	0.02035	0.03138	0.01357	0.02374	0.01611	0.01866	0.01102	0.01272	0.01018	0.00678	0.00509	0.00170	0.00848	0.00424	0.00339	0.01018
59	0.01543	0.01456	0.02461	0.63825	0.11506	0.01774	0.02225	0.02066	0.01607	0.02081	0.01417	0.02099	0.01077	0.00784	0.00792	0.00261	0.01046	0.00705	0.00356	0.00918
60	0.01519	0.01432	0.02418	0.67170	0.08347	0.01768	0.02213	0.02045	0.01596	0.02052	0.01413	0.02107	0.01066	0.00789	0.00792	0.00263	0.01052	0.00705	0.00354	0.00898
61	0.02115	0.02368	0.02373	0.02070	0.02196	0.23041	0.01672	0.02298	0.01534	0.01918	0.01098	0.01640	0.01035	0.01211	0.02018	0.00303	0.49222	0.00637	0.00366	0.00884
62	0.02014	0.01965	0.03042	0.04434	0.58094	0.05312	0.02283	0.02629	0.07513	0.02622	0.01632	0.02024	0.01348	0.00745	0.00783	0.00237	0.00939	0.00713	0.00430	0.01239
63	0.03477	0.01368	0.01838	0.01421	0.02026	0.01207	0.01170	0.03882	0.05507	0.64449	0.03134	0.02712	0.01986	0.00986	0.00798	0.00247	0.00672	0.00803	0.00973	0.01345
64	0.02967	0.03641	0.02259	0.02024	0.02452	0.63057	0.01530	0.08604	0.02378	0.02212	0.01286	0.01472	0.01050	0.00829	0.00722	0.00207	0.01381	0.00529	0.00443	0.00957
65	0.01872	0.02139	0.04679	0.03342	0.04144	0.02005	0.64305	0.02540	0.01872	0.02540	0.01604	0.02139	0.01203	0.00668	0.00936	0.00267	0.01337	0.00936	0.00401	0.01070
66	0.00965	0.00696	0.00914	0.01088	0.01146	0.00645	0.00729	0.01106	0.01534	0.02031	0.04568	0.68166	0.08565	0.02459	0.01008	0.00319	0.00457	0.02223	0.00736	0.00645
67	0.01498	0.01409	0.02378	0.70226	0.05462	0.01762	0.02202	0.02026	0.01586	0.02026	0.01409	0.02114	0.01057	0.00793	0.00793	0.00264	0.01057	0.00705	0.00352	0.00881
68	0.01595	0.01509	0.02555	0.56491	0.18432	0.01788	0.02251	0.02112	0.01632	0.02145	0.01427	0.02082	0.01099	0.00775	0.00791	0.00258	0.01033	0.00705	0.00361	0.00960
69	0.02881	0.03609	0.02210	0.02008	0.02420	0.63466	0.01510	0.03252	0.07445	0.02053	0.01390	0.01555	0.01136	0.00838	0.00723	0.00210	0.01364	0.00542	0.00441	0.00947
70	0.01963	0.01884	0.03219	0.04867	0.67185	0.01884	0.02434	0.02434	0.01806	0.02591	0.01492	0.01963	0.01256	0.00707	0.00785	0.00236	0.00942	0.00707	0.00393	0.01256
71	0.01941	0.01862	0.03179	0.07923	0.64299	0.01878	0.02423	0.02415	0.01795	0.02564	0.01488	0.01970	0.01247	0.00711	0.00785	0.00237	0.00947	0.00706	0.00391	0.01239
72	0.02079	0.67256	0.09146	0.01427	0.02144	0.03036	0.01480	0.02385	0.01616	0.01916	0.01127	0.01303	0.01017	0.00684	0.00528	0.00176	0.00873	0.00437	0.00339	0.01030
73	0.01478	0.01189	0.01864	0.01742	0.02043	0.01182	0.11246	0.07100	0.01954	0.02577	0.03613	0.15868	0.03847	0.01883	0.01033	0.00333	0.00802	0.38738	0.00684	0.00825
74	0.01108	0.00810	0.01040	0.00982	0.01176	0.00742	0.00737	0.01468	0.02210	0.03099	0.62171	0.06057	0.12129	0.01651	0.00935	0.00251	0.00376	0.01453	0.00862	0.00742
75	0.00966	0.00690	0.00920	0.01104	0.01150	0.00644	0.00736	0.01104	0.01518	0.02024	0.04371	0.71614	0.05245	0.02484	0.01012	0.00322	0.00460	0.02254	0.00736	0.00644
76	0.02031	0.01775	0.01816	0.01634	0.02078	0.04613	0.01280	0.06999	0.57265	0.03301	0.03128	0.03121	0.02411	0.01111	0.00816	0.00269	0.00676	0.03668	0.00787	0.01222
77	0.01590	0.04102	0.68023	0.02260	0.03432	0.01842	0.02930	0.02511	0.01674	0.02511	0.01423	0.01674	0.01005	0.00753	0.00753	0.00251	0.01172	0.00586	0.00335	0.01172
78	0.01963	0.01884	0.03219	0.04867	0.67185	0.01884	0.02434	0.02434	0.01806	0.02591	0.01492	0.01963	0.01256	0.00707	0.00785	0.00236	0.00942	0.00707	0.00393	0.01256
79	0.01498	0.01409	0.02378	0.70226	0.05462	0.01762	0.02202	0.02026	0.01586	0.02026	0.01409	0.02114	0.01057	0.00793	0.00793	0.00264	0.01057	0.00705	0.00352	0.00881
80	0.01558	0.01471	0.02487	0.61792	0.13426	0.01778	0.02232	0.02079	0.01614	0.02099	0.01420	0.02095	0.01083	0.00782	0.00792	0.00261	0.01042	0.00705	0.00358	0.00929
81	0.00966	0.00690	0.00920	0.01104	0.01150	0.00644	0.00736	0.01104	0.01518	0.02024	0.04371	0.71614	0.05245	0.02484	0.01012	0.00322	0.00460	0.02254	0.00736	0.00644
82	0.77733	0.01534	0.01166	0.01043	0.01534	0.01779	0.00859	0.02331	0.01350	0.03558	0.01104	0.01288	0.00859	0.00736	0.00491	0.00245	0.00613	0.00429	0.00491	0.00859
83	0.06158	0.02117	0.02243	0.01760	0.02362	0.02360	0.01443	0.53190	0.12475	0.04694	0.02058	0.02027	0.01480	0.00960	0.00782	0.00243	0.00826	0.00727	0.00782	0.01314
84	0.01542	0.01455	0.02459	0.63968	0.11371	0.01774	0.02224	0.02065	0.01607	0.02080	0.01417	0.02100	0.01076	0.00785	0.00792	0.00262	0.01046	0.00705	0.00356	0.00917
85	0.02120	0.72609	0.04155	0.01357	0.02035	0.03138	0.01357	0.02374	0.01611	0.01866	0.01102	0.01272	0.01018	0.00678	0.00509	0.00170	0.00848	0.00424	0.00339	0.01018
86	0.77733	0.01534	0.01166	0.01043	0.01534	0.01779	0.00859	0.02331	0.01350	0.03558	0.01104	0.01288	0.00859	0.00736	0.00491	0.00245	0.00613	0.00429	0.00491	0.00859
87	0.01644	0.01409	0.01644	0.01175	0.01879	0.01057	0.00940	0.01997	0.01644	0.02584	0.01409	0.01644	0.01175	0.00587	0.00587	0.00117	0.00587	0.00470	0.00470	0.76979
88	0.01644	0.01409	0.01644	0.01175	0.01879	0.01057	0.00940	0.01997	0.01644	0.02584	0.01409	0.01644	0.01175	0.00587	0.00587	0.00117	0.00587	0.00470	0.00470	0.76979
89	0.01698	0.01691	0.02353	0.02022	0.02035	0.02347	0.01682	0.01872	0.01242	0.01919	0.01368	0.02011	0.04118	0.01417	0.02525	0.00343	0.67394	0.00740	0.00365	0.00858
90	0.01016	0.00740	0.00963	0.01129	0.01195	0.00709	0.00762	0.01257	0.04673	0.02088	0.04314	0.68242	0.05106	0.02415	0.01002	0.00319	0.00468	0.02188	0.00740	0.00674
91	0.01122	0.00811	0.01060	0.00998	0.01185	0.00748	0.00748	0.01496	0.02245	0.03180	0.66766	0.05923	0.07482	0.01621	0.00935	0.00249	0.00374	0.01434	0.00873	0.00748
92	0.03103	0.01280	0.01715	0.01355	0.01894	0.01136	0.01104	0.03507	0.05106	0.54675	0.13165	0.03219	0.02854	0.01087	0.00820	0.00247	0.00625	0.00902	0.00957	0.01251
93	0.01122	0.00811	0.01060	0.00998	0.01185	0.00748	0.00748	0.01496	0.02245	0.03180	0.66766	0.05923	0.07482	0.01621	0.00935	0.00249	0.00374	0.01434	0.00873	0.00748
94	0.01076	0.00799	0.01003	0.00973	0.01162	0.00725	0.00722	0.01399	0.02105	0.02897	0.51022	0.11949	0.17707	0.01764	0.00942	0.00259	0.00386	0.01548	0.00837	0.00725
95	0.09351	0.01854	0.02052	0.01574	0.02201	0.01915	0.01296	0.36894	0.02906	0.18519	0.02039	0.01992	0.01419	0.00889	0.00739	0.00223	0.00766	0.00674	0.00764	0.11932
96	0.00972	0.00694	0.00925	0.01100	0.01151	0.00648	0.00737	0.01118	0.01543	0.02064	0.06519	0.69352	0.05322	0.02455	0.01009	0.00320	0.00457	0.02226	0.00741	0.00648
97	0.01735	0.01735	0.02429	0.02082	0.02082	0.02429	0.01735	0.01908	0.01214	0.01908	0.01041	0.01735	0.01041	0.01388	0.02602	0.00347	0.70680	0.00694	0.00347	0.00867
98	0.06586	0.01432	0.01835	0.01433	0.02029	0.01325	0.01177	0.06980	0.07532	0.56414	0.02986	0.02618	0.01921	0.00977	0.00785	0.00247	0.00679	0.00785	0.00936	0.01321
99	0.27654	0.11771	0.08492	0.08660	0.02563	0.07388	0.06766	0.02658	0.01708	0.13283	0.01547	0.01721	0.01137	0.00776	0.00655	0.00236	0.00882	0.00581	0.00506	0.01015
100	0.02015	0.01010	0.01337	0.01142	0.01490	0.00899	0.00896	0.02357	0.02235	0.27005	0.40712	0.04805	0.07993	0.01401	0.00884	0.00249	0.00486	0.01209	0.00907	0.00967
101	0.02166	0.69019	0.04065	0.01381	0.02057	0.03103	0.01365	0.05545	0.01719	0.02025	0.01143	0.01304	0.01035	0.00692	0.00523	0.00173	0.00849	0.00439	0.00362	0.01035
102	0.03407	0.01410	0.01856	0.01443	0.02043	0.01279	0.01185	0.06096	0.07560	0.60142	0.03092	0.02692	0.01978	0.00988	0.00798	0.00247	0.00678	0.00803	0.00960	0.01342
103	0.44942	0.01660	0.04738	0.04028	0.01950	0.01695	0.01129	0.09748	0.01832	0.15250	0.01668	0.01753	0.01191	0.00818	0.00610	0.00242	0.00687	0.00564	0.04480	0.01015
104	0.03177	0.01363	0.01790	0.01393	0.01971	0.01218	0.01140	0.06272	0.05029	0.53836	0.08088	0.02881	0.02359	0.01016	0.00798	0.00240	0.00653	0.00833	0.00932	0.05011
105	0.01103	0.00810	0.01033	0.00977	0.01173	0.00740	0.00733	0.01459	0.02199	0.03072	0.60674	0.06101	0.13642	0.01661	0.00935	0.00251	0.00377	0.01459	0.00859	0.00740
106	0.01877	0.01582	0.01705	0.01565	0.01979	0.01797	0.01238	0.06056	0.52373	0.03208	0.03520	0.03889	0.05606	0.01255	0.00849	0.00280	0.00640	0.08623	0.00793	0.01166
107	0.01891	0.01837	0.03159	0.12916	0.44980	0.01892	0.10116	0.02562	0.07834	0.02579	0.01659	0.02099	0.01334	0.00748	0.00807	0.00246	0.00977	0.00753	0.00428	0.01183
108	0.00993	0.00724	0.00941	0.01104	0.01188	0.00673	0.00773	0.01160	0.01581	0.02071	0.04773	0.58271	0.12234	0.02402	0.01012	0.00320	0.00479	0.07910	0.00736	0.00655
109	0.00966	0.00690	0.00920	0.01104	0.01150	0.00644	0.00736	0.01104	0.01518	0.02024	0.04371	0.71614	0.05245	0.02484	0.01012	0.00322	0.00460	0.02254	0.00736	0.00644
110	0.01512	0.01408	0.02396	0.64348	0.05200	0.01725	0.04625	0.02039	0.01601	0.02089	0.01471	0.02154	0.01108	0.00794	0.00788	0.00261	0.01037	0.00716	0.03848	0.00882

[dist]
# distance from previous block
# <min> <max>
0	1

[block]
# block no. 1 follows, 24 sequences, length 161
# corresponding to MSA columns:
# 147-307
name=unknown_B
#
# <colnr> <probs for GDERKNQSTAVLIFYWHMCP>
#	G	D	E	R	K	N	Q	S	T	A	V	L	I	F	Y	W	H	M	C	P
0	0.01643	0.10884	0.61700	0.02171	0.03294	0.01970	0.02774	0.02498	0.01668	0.02447	0.01391	0.01634	0.01006	0.00746	0.00729	0.00243	0.01140	0.00570	0.00335	0.01157
1	0.61122	0.09684	0.01578	0.01126	0.01645	0.01901	0.00952	0.02512	0.03938	0.07679	0.01323	0.01446	0.01012	0.00759	0.00526	0.00238	0.00645	0.00472	0.00519	0.00925
2	0.02759	0.01214	0.01594	0.01280	0.01768	0.01077	0.01035	0.05412	0.02279	0.45051	0.17819	0.03828	0.08892	0.01215	0.00841	0.00248	0.00591	0.01014	0.00928	0.01154
3	0.77733	0.01534	0.01166	0.01043	0.01534	0.01779	0.00859	0.02331	0.01350	0.03558	0.01104	0.01288	0.00859	0.00736	0.00491	0.00245	0.00613	0.00429	0.00491	0.00859
4	0.74786	0.01529	0.01212	0.03717	0.01685	0.01778	0.00911	0.02319	0.01359	0.03499	0.01116	0.01320	0.00866	0.00738	0.00502	0.00246	0.00631	0.00440	0.00485	0.00860
5	0.01047	0.00779	0.00975	0.00987	0.01154	0.00707	0.00717	0.01328	0.01977	0.02688	0.39672	0.22816	0.18406	0.01914	0.00955	0.00271	0.00401	0.01687	0.00812	0.00707
6	0.08772	0.00909	0.01102	0.01039	0.01276	0.00865	0.00783	0.01699	0.02044	0.08184	0.44247	0.13685	0.09188	0.01614	0.00891	0.00259	0.00434	0.01402	0.00820	0.00790
7	0.01649	0.01636	0.02545	0.19919	0.03103	0.02132	0.07404	0.01957	0.01384	0.02001	0.01346	0.05200	0.01260	0.01221	0.01906	0.00317	0.42977	0.00793	0.00372	0.00878
8	0.01735	0.02768	0.27454	0.02911	0.07548	0.01899	0.33557	0.02446	0.01760	0.02491	0.01621	0.04665	0.01287	0.00797	0.00919	0.00264	0.03558	0.00838	0.00388	0.01095
9	0.01722	0.20363	0.38297	0.05774	0.06914	0.02133	0.02307	0.02367	0.01668	0.02335	0.04573	0.01831	0.01349	0.00809	0.00798	0.00236	0.04463	0.00607	0.00368	0.01088
10	0.08853	0.01836	0.03527	0.20405	0.06672	0.01865	0.36018	0.02464	0.01771	0.06484	0.01596	0.02081	0.01182	0.00728	0.00843	0.00262	0.01141	0.00812	0.00432	0.01026
11	0.30176	0.01110	0.00997	0.00932	0.01238	0.01212	0.00722	0.05068	0.01614	0.03163	0.02082	0.05907	0.01766	0.04628	0.00746	0.00248	0.00512	0.00720	0.36365	0.00796
12	0.01064	0.00808	0.00979	0.00936	0.01149	0.00723	0.00702	0.01383	0.02106	0.02851	0.48152	0.06465	0.26302	0.01744	0.00936	0.00255	0.00383	0.01510	0.00830	0.00723
13	0.02558	0.02102	0.06211	0.04555	0.04960	0.02155	0.01544	0.44482	0.08497	0.04249	0.02292	0.02329	0.04716	0.00986	0.00787	0.00241	0.00832	0.00770	0.04491	0.01244
14	0.65258	0.01517	0.01232	0.01106	0.01577	0.01750	0.00899	0.02506	0.08784	0.03512	0.04589	0.01709	0.01365	0.00819	0.00549	0.00248	0.00603	0.00533	0.00546	0.00899
15	0.02010	0.01302	0.04651	0.01235	0.01623	0.04586	0.01018	0.02354	0.02152	0.23894	0.31003	0.07144	0.10939	0.01400	0.00873	0.00250	0.00574	0.01192	0.00838	0.00962
16	0.19767	0.01782	0.02165	0.05505	0.13479	0.01905	0.03950	0.19944	0.07581	0.03514	0.01765	0.02138	0.01401	0.00864	0.00720	0.00237	0.00797	0.03124	0.00583	0.08778
17	0.02093	0.69102	0.07424	0.01403	0.02107	0.03071	0.01437	0.02381	0.01614	0.01899	0.01119	0.01293	0.01017	0.00682	0.00521	0.00174	0.00865	0.00432	0.00339	0.01026
18	0.03014	0.02221	0.02380	0.01825	0.02459	0.02459	0.01507	0.64541	0.03728	0.04998	0.01904	0.01904	0.01349	0.00952	0.00793	0.00238	0.00873	0.00714	0.00793	0.01349
19	0.01153	0.00769	0.00865	0.00865	0.00865	0.00769	0.00480	0.01153	0.01153	0.01538	0.02499	0.05189	0.02883	0.72131	0.04036	0.00769	0.00769	0.01153	0.00480	0.00480
20	0.77733	0.01534	0.01166	0.01043	0.01534	0.01779	0.00859	0.02331	0.01350	0.03558	0.01104	0.01288	0.00859	0.00736	0.00491	0.00245	0.00613	0.00429	0.00491	0.00859
21	0.01004	0.00724	0.00959	0.01133	0.01208	0.00679	0.00797	0.01173	0.01571	0.02074	0.04537	0.60518	0.08314	0.02423	0.01019	0.00325	0.00491	0.09662	0.00735	0.00656
22	0.01028	0.00796	0.00937	0.00926	0.01133	0.00705	0.00685	0.01306	0.01988	0.02626	0.35711	0.13140	0.32424	0.01871	0.00944	0.00264	0.00394	0.01617	0.00802	0.00705
23	0.01008	0.00721	0.00965	0.01126	0.01197	0.00678	0.00785	0.01188	0.01613	0.02162	0.10121	0.59980	0.05391	0.02379	0.01012	0.00319	0.00476	0.07470	0.00748	0.00661
24	0.01644	0.01409	0.01644	0.01175	0.01879	0.01057	0.00940	0.01997	0.01644	0.02584	0.01409	0.01644	0.01175	0.00587	0.00587	0.00117	0.00587	0.00470	0.00470	0.76979
25	0.01497	0.01376	0.02296	0.66748	0.05235	0.01711	0.02120	0.02017	0.01589	0.02073	0.01468	0.02156	0.01106	0.00799	0.00781	0.00260	0.01023	0.00706	0.04165	0.00874
26	0.01152	0.00773	0.00885	0.00885	0.00892	0.00780	0.00506	0.01166	0.01159	0.01553	0.02480	0.05086	0.02838	0.68846	0.07261	0.00794	0.00836	0.01138	0.00478	0.00492
27	0.01963	0.01884	0.03219	0.04867	0.67185	0.01884	0.02434	0.02434	0.01806	0.02591	0.01492	0.01963	0.01256	0.00707	0.00785	0.00236	0.00942	0.00707	0.00393	0.01256
28	0.01837	0.02084	0.04535	0.03257	0.04030	0.01953	0.61875	0.02485	0.01858	0.02520	0.01710	0.04795	0.01358	0.00738	0.00939	0.00269	0.01303	0.00986	0.00414	0.01053
29	0.01498	0.01409	0.02378	0.70226	0.05462	0.01762	0.02202	0.02026	0.01586	0.02026	0.01409	0.02114	0.01057	0.00793	0.00793	0.00264	0.01057	0.00705	0.00352	0.00881
30	0.01153	0.00769	0.00865	0.00865	0.00865	0.00769	0.00480	0.01153	0.01153	0.01538	0.02499	0.05189	0.02883	0.72131	0.04036	0.00769	0.00769	0.01153	0.00480	0.00480
31	0.01797	0.01657	0.01617	0.01501	0.01872	0.08131	0.01176	0.03207	0.39228	0.02826	0.03970	0.04260	0.14554	0.01348	0.00904	0.00274	0.02703	0.07192	0.00734	0.01048
32	0.01146	0.00766	0.00867	0.00874	0.00876	0.00764	0.00491	0.01151	0.01168	0.01557	0.02573	0.07816	0.02976	0.69377	0.03917	0.00751	0.00757	0.01197	0.00491	0.00487
33	0.01077	0.00808	0.01090	0.01166	0.01261	0.00835	0.00847	0.01278	0.01534	0.02088	0.09645	0.37148	0.08166	0.06503	0.15709	0.00540	0.04215	0.04764	0.00651	0.00676
34	0.02133	0.02024	0.02443	0.31052	0.07219	0.11812	0.04119	0.16202	0.07327	0.02818	0.01635	0.02014	0.01241	0.00868	0.00858	0.00252	0.03739	0.00702	0.00498	0.01046
35	0.01949	0.01711	0.02902	0.02141	0.02793	0.01587	0.26543	0.04870	0.05182	0.09076	0.02095	0.02362	0.04486	0.00968	0.03026	0.00256	0.03792	0.00800	0.00529	0.22933
36	0.02594	0.35063	0.03191	0.01630	0.02262	0.09626	0.01440	0.29352	0.02593	0.03228	0.01462	0.01562	0.01161	0.00811	0.00653	0.00203	0.00919	0.00558	0.00543	0.01151
37	0.01901	0.01641	0.01733	0.01549	0.02000	0.01858	0.01205	0.03942	0.59231	0.03219	0.03398	0.03146	0.05819	0.01102	0.00803	0.00262	0.00614	0.00918	0.00787	0.04872
38	0.03309	0.10519	0.02192	0.01463	0.02078	0.04265	0.01232	0.08487	0.02302	0.51744	0.02698	0.02404	0.01756	0.00934	0.00757	0.00234	0.00743	0.00732	0.00862	0.01290
39	0.02103	0.70446	0.06172	0.01385	0.02079	0.03097	0.01407	0.02379	0.01613	0.01886	0.01113	0.01285	0.01017	0.00681	0.00517	0.00172	0.00858	0.00429	0.00339	0.01023
40	0.01095	0.00796	0.01060	0.01225	0.01351	0.00760	0.00952	0.01336	0.01677	0.02184	0.04662	0.38691	0.11088	0.02312	0.01040	0.00335	0.00569	0.27449	0.00734	0.00683
41	0.01703	0.01687	0.02367	0.02039	0.02046	0.02352	0.01695	0.01882	0.01218	0.01905	0.01099	0.01809	0.01091	0.01633	0.06166	0.00397	0.67000	0.00702	0.00351	0.00859
42	0.03075	0.02124	0.02320	0.01779	0.02411	0.02315	0.01469	0.57799	0.03566	0.11969	0.02040	0.01992	0.01417	0.00955	0.00794	0.00239	0.00851	0.00723	0.00814	0.01349
43	0.00975	0.00694	0.00917	0.01092	0.01136	0.00650	0.00723	0.01107	0.01500	0.02000	0.04277	0.68290	0.05127	0.05970	0.01163	0.00344	0.00476	0.02199	0.00723	0.00636
44	0.00966	0.00690	0.00920	0.01104	0.01150	0.00644	0.00736	0.01104	0.01518	0.02024	0.04371	0.71614	0.05245	0.02484	0.01012	0.00322	0.00460	0.02254	0.00736	0.00644
45	0.02120	0.72609	0.04155	0.01357	0.02035	0.03138	0.01357	0.02374	0.01611	0.01866	0.01102	0.01272	0.01018	0.00678	0.00509	0.00170	0.00848	0.00424	0.00339	0.01018
46	0.01109	0.00814	0.01042	0.00995	0.01191	0.00746	0.00753	0.01465	0.02183	0.03040	0.58183	0.06220	0.13596	0.01684	0.00942	0.00256	0.00391	0.03801	0.00853	0.00739
47	0.03219	0.01298	0.01747	0.01369	0.01927	0.01144	0.01120	0.03599	0.04409	0.58000	0.10585	0.03085	0.02625	0.01060	0.00814	0.00247	0.00638	0.00875	0.00963	0.01276
48	0.01929	0.01836	0.03123	0.04699	0.63950	0.01836	0.02377	0.02395	0.01807	0.02580	0.01625	0.02307	0.01419	0.00780	0.00800	0.00242	0.00932	0.03724	0.00409	0.01230
49	0.01089	0.00854	0.00991	0.00949	0.01183	0.00779	0.00714	0.01488	0.05357	0.02756	0.39065	0.06479	0.31895	0.01754	0.00929	0.00258	0.00399	0.01506	0.00813	0.00742
50	0.03432	0.01322	0.01800	0.01389	0.01981	0.01144	0.01144	0.03742	0.02268	0.64386	0.06429	0.02866	0.02249	0.01015	0.00805	0.00246	0.00659	0.00830	0.00976	0.01318
51	0.02120	0.72609	0.04155	0.01357	0.02035	0.03138	0.01357	0.02374	0.01611	0.01866	0.01102	0.01272	0.01018	0.00678	0.00509	0.00170	0.00848	0.00424	0.00339	0.01018
52	0.02973	0.02201	0.02357	0.01816	0.02443	0.02440	0.01497	0.62151	0.06185	0.04931	0.01956	0.01946	0.01391	0.00957	0.00794	0.00239	0.00863	0.00721	0.00794	0.01345
53	0.00966	0.00690	0.00920	0.01104	0.01150	0.00644	0.00736	0.01104	0.01518	0.02024	0.04371	0.71614	0.05245	0.02484	0.01012	0.00322	0.00460	0.02254	0.00736	0.00644
54	0.01098	0.00804	0.01033	0.01011	0.01193	0.00739	0.00759	0.01433	0.02116	0.02934	0.52262	0.12034	0.13080	0.01764	0.00950	0.00263	0.00402	0.04553	0.00840	0.00730
55	0.01153	0.00769	0.00865	0.00865	0.00865	0.00769	0.00480	0.01153	0.01153	0.01538	0.02499	0.05189	0.02883	0.72131	0.04036	0.00769	0.00769	0.01153	0.00480	0.00480
56	0.01116	0.00806	0.01054	0.01002	0.01183	0.00744	0.00748	0.01481	0.02215	0.03133	0.64237	0.08586	0.07392	0.01656	0.00938	0.00252	0.00378	0.01467	0.00867	0.00744
57	0.00966	0.00690	0.00920	0.01104	0.01150	0.00644	0.00736	0.01104	0.01518	0.02024	0.04371	0.71614	0.05245	0.02484	0.01012	0.00322	0.00460	0.02254	0.00736	0.00644
58	0.02043	0.53467	0.18574	0.01598	0.02374	0.06256	0.01724	0.02447	0.01659	0.02016	0.01182	0.01372	0.01015	0.00703	0.00575	0.00190	0.00952	0.00465	0.00342	0.01048
59	0.02863	0.02085	0.02266	0.01727	0.02369	0.02232	0.01422	0.54311	0.03409	0.07125	0.01889	0.01902	0.01350	0.00907	0.00767	0.00223	0.00829	0.00686	0.00760	0.10875
60	0.02318	0.11601	0.02133	0.01534	0.02031	0.04280	0.01258	0.08676	0.31452	0.14594	0.06188	0.02988	0.02380	0.01068	0.00780	0.00250	0.00707	0.03821	0.00757	0.01182
61	0.01482	0.03395	0.53764	0.02012	0.02963	0.01615	0.02477	0.02267	0.01703	0.02516	0.08294	0.06451	0.01972	0.01207	0.04202	0.00306	0.01095	0.00787	0.00419	0.01073
62	0.77733	0.01534	0.01166	0.01043	0.01534	0.01779	0.00859	0.02331	0.01350	0.03558	0.01104	0.01288	0.00859	0.00736	0.00491	0.00245	0.00613	0.00429	0.00491	0.00859
63	0.01377	0.00689	0.01033	0.01033	0.01033	0.00689	0.00689	0.01033	0.01033	0.01377	0.01377	0.02410	0.01377	0.02755	0.03099	0.76928	0.00689	0.00689	0.00344	0.00344
64	0.02120	0.72609	0.04155	0.01357	0.02035	0.03138	0.01357	0.02374	0.01611	0.01866	0.01102	0.01272	0.01018	0.00678	0.00509	0.00170	0.00848	0.00424	0.00339	0.01018
65	0.02765	0.04918	0.02323	0.01774	0.02361	0.05555	0.01451	0.46892	0.16237	0.04388	0.02111	0.02072	0.01539	0.00960	0.00781	0.00240	0.00848	0.00730	0.00760	0.01296
66	0.01133	0.00850	0.01274	0.01274	0.01416	0.00991	0.00991	0.01416	0.01274	0.01841	0.02124	0.03115	0.01982	0.05947	0.68989	0.01274	0.02124	0.00850	0.00425	0.00708
67	0.77733	0.01534	0.01166	0.01043	0.01534	0.01779	0.00859	0.02331	0.01350	0.03558	0.01104	0.01288	0.00859	0.00736	0.00491	0.00245	0.00613	0.00429	0.00491	0.00859
68	0.01904	0.38165	0.33873	0.01803	0.02702	0.04917	0.02097	0.02467	0.01664	0.02170	0.01256	0.01465	0.01012	0.00718	0.00630	0.00209	0.01020	0.00503	0.00340	0.01086
69	0.01238	0.01004	0.01476	0.01415	0.01532	0.01242	0.01121	0.01502	0.01264	0.01853	0.01935	0.02874	0.01818	0.05152	0.57404	0.01113	0.14088	0.00822	0.00411	0.00736
70	0.01478	0.00739	0.00739	0.00739	0.00924	0.00739	0.00554	0.01848	0.01663	0.02956	0.02587	0.02956	0.02033	0.00924	0.00554	0.00185	0.00370	0.00739	0.76534	0.00739
71	0.00966	0.00690	0.00920	0.01104	0.01150	0.00644	0.00736	0.01104	0.01518	0.02024	0.04371	0.71614	0.05245	0.02484	0.01012	0.00322	0.00460	0.02254	0.00736	0.00644
72	0.03014	0.02221	0.02380	0.01825	0.02459	0.02459	0.01507	0.64541	0.03728	0.04998	0.01904	0.01904	0.01349	0.00952	0.00793	0.00238	0.00873	0.00714	0.00793	0.01349
73	0.01508	0.00798	0.00803	0.00793	0.00993	0.00814	0.00597	0.01992	0.05577	0.02978	0.02626	0.02957	0.02056	0.00933	0.00570	0.00190	0.00385	0.00749	0.71909	0.00771
74	0.00966	0.00690	0.00920	0.01104	0.01150	0.00644	0.00736	0.01104	0.01518	0.02024	0.04371	0.71614	0.05245	0.02484	0.01012	0.00322	0.00460	0.02254	0.00736	0.00644
75	0.01153	0.00769	0.00865	0.00865	0.00865	0.00769	0.00480	0.01153	0.01153	0.01538	0.02499	0.05189	0.02883	0.72131	0.04036	0.00769	0.00769	0.01153	0.00480	0.00480
76	0.03441	0.01353	0.01828	0.01396	0.02015	0.01159	0.01152	0.03750	0.02231	0.63755	0.03023	0.02635	0.01915	0.00957	0.00785	0.00238	0.00669	0.00777	0.00950	0.05969
77	0.01872	0.02139	0.04679	0.03342	0.04144	0.02005	0.64305	0.02540	0.01872	0.02540	0.01604	0.02139	0.01203	0.00668	0.00936	0.00267	0.01337	0.00936	0.00401	0.01070
78	0.77733	0.01534	0.01166	0.01043	0.01534	0.01779	0.00859	0.02331	0.01350	0.03558	0.01104	0.01288	0.00859	0.00736	0.00491	0.00245	0.00613	0.00429	0.00491	0.00859
79	0.00966	0.00690	0.00920	0.01104	0.01150	0.00644	0.00736	0.01104	0.01518	0.02024	0.04371	0.71614	0.05245	0.02484	0.01012	0.00322	0.00460	0.02254	0.00736	0.00644
80	0.01644	0.01409	0.01644	0.01175	0.01879	0.01057	0.00940	0.01997	0.01644	0.02584	0.01409	0.01644	0.01175	0.00587	0.00587	0.00117	0.00587	0.00470	0.00470	0.76979
81	0.02991	0.02153	0.02325	0.01794	0.02418	0.02371	0.01478	0.58622	0.06644	0.08031	0.02028	0.01994	0.01431	0.00959	0.00794	0.00240	0.00851	0.00727	0.00803	0.01344
82	0.01607	0.01547	0.02184	0.01911	0.01941	0.02124	0.01577	0.01804	0.01227	0.01894	0.01271	0.02028	0.01241	0.02355	0.16678	0.00544	0.56145	0.00727	0.00363	0.00834
83	0.03352	0.01329	0.01791	0.01393	0.01974	0.01169	0.01143	0.03733	0.04568	0.61458	0.07019	0.02905	0.02317	0.01024	0.00806	0.00246	0.00655	0.00840	0.00969	0.01309
84	0.00973	0.00695	0.00926	0.01100	0.01152	0.00648	0.00737	0.01120	0.01548	0.02072	0.06924	0.68926	0.05336	0.02449	0.01009	0.00319	0.00457	0.02221	0.00742	0.00648
85	0.01122	0.00811	0.01060	0.00998	0.01185	0.00748	0.00748	0.01496	0.02245	0.03180	0.66766	0.05923	0.07482	0.01621	0.00935	0.00249	0.00374	0.01434	0.00873	0.00748
86	0.01460	0.00745	0.00767	0.00767	0.00949	0.00752	0.00577	0.01825	0.01643	0.02899	0.02563	0.02965	0.02030	0.01184	0.04104	0.00241	0.00461	0.00745	0.72586	0.00737
87	0.01796	0.01982	0.04165	0.03035	0.03748	0.01881	0.54737	0.02513	0.05741	0.02541	0.01952	0.08438	0.01641	0.00857	0.00935	0.00272	0.01215	0.01052	0.00456	0.01043
88	0.77733	0.01534	0.01166	0.01043	0.01534	0.01779	0.00859	0.02331	0.01350	0.03558	0.01104	0.01288	0.00859	0.00736	0.00491	0.00245	0.00613	0.00429	0.00491	0.00859
89	0.01077	0.00799	0.01007	0.01001	0.01184	0.00729	0.00748	0.01389	0.02050	0.02802	0.44920	0.15005	0.17563	0.01833	0.00954	0.00268	0.00409	0.04718	0.00823	0.00720
90	0.02940	0.01824	0.02065	0.01617	0.02195	0.01927	0.01324	0.37885	0.08319	0.21897	0.05005	0.02414	0.01881	0.00996	0.00792	0.00241	0.00758	0.00782	0.03845	0.01293
91	0.02296	0.53418	0.10845	0.01466	0.02188	0.02673	0.01500	0.02632	0.01725	0.12669	0.01468	0.01549	0.01170	0.00736	0.00583	0.00191	0.00856	0.00503	0.00443	0.01089
92	0.00984	0.00723	0.00926	0.01073	0.01164	0.00665	0.00744	0.01152	0.01605	0.02106	0.07451	0.56480	0.14309	0.02365	0.01002	0.00313	0.00461	0.05077	0.00741	0.00656
93	0.02253	0.01493	0.01778	0.01307	0.01982	0.01250	0.01060	0.09916	0.02039	0.18023	0.01868	0.01921	0.01379	0.00723	0.00661	0.00162	0.00642	0.00575	0.00628	0.50341
94	0.01130	0.00816	0.01071	0.01021	0.01208	0.00757	0.00775	0.01504	0.02223	0.03139	0.63564	0.06078	0.07333	0.01650	0.00943	0.00255	0.00392	0.04526	0.00866	0.00747
95	0.01963	0.01884	0.03219	0.04867	0.67185	0.01884	0.02434	0.02434	0.01806	0.02591	0.01492	0.01963	0.01256	0.00707	0.00785	0.00236	0.00942	0.00707	0.00393	0.01256
96	0.01963	0.01884	0.03219	0.04867	0.67185	0.01884	0.02434	0.02434	0.01806	0.02591	0.01492	0.01963	0.01256	0.00707	0.00785	0.00236	0.00942	0.00707	0.00393	0.01256
97	0.01563	0.01476	0.02496	0.61072	0.14106	0.01779	0.02235	0.02083	0.01616	0.02105	0.01421	0.02093	0.01085	0.00781	0.00792	0.00260	0.01041	0.00705	0.00358	0.00933
98	0.01464	0.01060	0.01292	0.01184	0.01454	0.01068	0.00916	0.05106	0.13367	0.05747	0.46999	0.05238	0.05946	0.01497	0.00909	0.00258	0.00472	0.04280	0.00855	0.00888
99	0.01737	0.23106	0.50305	0.02010	0.03045	0.02201	0.02493	0.02473	0.01657	0.02332	0.01334	0.01563	0.01008	0.00733	0.00686	0.00229	0.01082	0.00541	0.00336	0.01129
100	0.02794	0.01825	0.02013	0.01577	0.02112	0.01956	0.01278	0.44030	0.03095	0.13991	0.02205	0.02392	0.01633	0.06653	0.01030	0.00276	0.00784	0.00764	0.08374	0.01218
101	0.01544	0.01456	0.02461	0.63766	0.11562	0.01774	0.02225	0.02066	0.01607	0.02082	0.01418	0.02099	0.01077	0.00784	0.00792	0.00261	0.01046	0.00705	0.00356	0.00918
102	0.01553	0.01466	0.02479	0.62408	0.12845	0.01776	0.02230	0.02075	0.01612	0.02094	0.01419	0.02096	0.01081	0.00782	0.00792	0.00261	0.01043	0.00705	0.00357	0.00926
103	0.03235	0.01449	0.01856	0.01453	0.02033	0.01358	0.01190	0.10406	0.08090	0.51904	0.06188	0.02797	0.02213	0.01019	0.00805	0.00247	0.00677	0.00829	0.00940	0.01311
104	0.00966	0.00690	0.00920	0.01104	0.01150	0.00644	0.00736	0.01104	0.01518	0.02024	0.04371	0.71614	0.05245	0.02484	0.01012	0.00322	0.00460	0.02254	0.00736	0.00644
105	0.03061	0.02057	0.02267	0.01748	0.02371	0.02227	0.01441	0.52097	0.06027	0.15242	0.02159	0.02078	0.01493	0.00962	0.00795	0.00240	0.00830	0.00735	0.00825	0.01345
106	0.01810	0.01729	0.02943	0.26287	0.46957	0.01844	0.02358	0.02300	0.01734	0.02406	0.01465	0.02012	0.01191	0.00735	0.00788	0.00245	0.00980	0.00706	0.00379	0.01133
107	0.00987	0.00791	0.00885	0.00914	0.01129	0.00689	0.00679	0.01212	0.01829	0.02295	0.16347	0.17899	0.44582	0.02035	0.00957	0.00278	0.00423	0.04631	0.00757	0.00680
108	0.02166	0.01442	0.01646	0.01424	0.01862	0.01527	0.01121	0.06475	0.33746	0.17593	0.14380	0.03645	0.07074	0.01200	0.00834	0.00259	0.00593	0.01006	0.00852	0.01158
109	0.01726	0.03828	0.60581	0.02266	0.03384	0.01809	0.06116	0.02595	0.01721	0.06496	0.01537	0.01762	0.01074	0.00763	0.00766	0.00252	0.01150	0.00618	0.00378	0.01177
110	0.02126	0.01222	0.01500	0.01273	0.01664	0.01179	0.01016	0.13902	0.02435	0.20990	0.25487	0.07006	0.10878	0.01423	0.00882	0.00257	0.00574	0.04314	0.00861	0.01012
111	0.01509	0.01426	0.02381	0.66816	0.05292	0.01795	0.02179	0.02020	0.01567	0.02020	0.01391	0.02095	0.01056	0.00823	0.00883	0.00268	0.04541	0.00704	0.00352	0.00880
112	0.01153	0.00769	0.00865	0.00865	0.00865	0.00769	0.00480	0.01153	0.01153	0.01538	0.02499	0.05189	0.02883	0.72131	0.04036	0.00769	0.00769	0.01153	0.00480	0.00480
113	0.01644	0.01409	0.01644	0.01175	0.01879	0.01057	0.00940	0.01997	0.01644	0.02584	0.01409	0.01644	0.01175	0.00587	0.00587	0.00117	0.00587	0.00470	0.00470	0.76979
114	0.05752	0.53336	0.18685	0.01549	0.02331	0.02772	0.01694	0.02404	0.01613	0.02098	0.01176	0.01365	0.01007	0.00699	0.00564	0.00192	0.00911	0.00462	0.00346	0.01045
115	0.03206	0.01568	0.05008	0.01498	0.02114	0.01369	0.01276	0.06227	0.11769	0.52560	0.03014	0.02658	0.01962	0.00984	0.00797	0.00249	0.00699	0.00799	0.00917	0.01327
116	0.01498	0.01409	0.02378	0.70226	0.05462	0.01762	0.02202	0.02026	0.01586	0.02026	0.01409	0.02114	0.01057	0.00793	0.00793	0.00264	0.01057	0.00705	0.00352	0.00881
117	0.00963	0.00702	0.00907	0.01071	0.01142	0.00647	0.00722	0.01108	0.01550	0.02037	0.04769	0.64657	0.11944	0.02433	0.01004	0.00316	0.00454	0.02191	0.00736	0.00647
118	0.01152	0.00773	0.00884	0.00884	0.00891	0.00779	0.00505	0.01166	0.01159	0.01552	0.02481	0.05090	0.02840	0.68978	0.07131	0.00793	0.00833	0.01139	0.00478	0.00491
119	0.01740	0.01495	0.01813	0.01318	0.02010	0.01212	0.03577	0.05327	0.04849	0.02741	0.01530	0.01741	0.01245	0.00633	0.00623	0.00137	0.00634	0.00522	0.00500	0.66353
120	0.00979	0.00700	0.00932	0.01095	0.01153	0.00653	0.00737	0.01138	0.01580	0.02123	0.09696	0.66007	0.05436	0.02411	0.01006	0.00316	0.00453	0.02184	0.00748	0.00653
121	0.02120	0.72609	0.04155	0.01357	0.02035	0.03138	0.01357	0.02374	0.01611	0.01866	0.01102	0.01272	0.01018	0.00678	0.00509	0.00170	0.00848	0.00424	0.00339	0.01018
122	0.02611	0.01936	0.02071	0.01662	0.02199	0.02147	0.01347	0.45754	0.14391	0.04399	0.02298	0.05009	0.01756	0.01033	0.00783	0.00242	0.00768	0.00811	0.07533	0.01249
123	0.10574	0.26326	0.36867	0.01791	0.02702	0.02238	0.02109	0.02494	0.01638	0.04781	0.01342	0.01534	0.01027	0.00735	0.00644	0.00223	0.00983	0.00522	0.00378	0.01091
124	0.01858	0.02055	0.04250	0.03067	0.03813	0.01962	0.54572	0.02572	0.05260	0.02559	0.01657	0.02137	0.01260	0.00714	0.00974	0.00261	0.04000	0.00896	0.00425	0.05708
125	0.02093	0.69102	0.07424	0.01403	0.02107	0.03071	0.01437	0.02381	0.01614	0.01899	0.01119	0.01293	0.01017	0.00682	0.00521	0.00174	0.00865	0.00432	0.00339	0.01026
126	0.06858	0.01355	0.01764	0.01386	0.01960	0.01228	0.01135	0.03693	0.06566	0.56922	0.06339	0.02817	0.02228	0.01009	0.00791	0.00247	0.00653	0.00820	0.00941	0.01289
127	0.02107	0.01571	0.01668	0.01472	0.01896	0.04945	0.01148	0.03550	0.39474	0.13773	0.13638	0.03492	0.05435	0.01170	0.00826	0.00259	0.00626	0.00977	0.00824	0.01150
128	0.01128	0.00850	0.01191	0.01248	0.01370	0.00814	0.03916	0.04599	0.01689	0.02265	0.07108	0.61278	0.04944	0.02271	0.00993	0.00311	0.00521	0.02067	0.00729	0.00708
129	0.00966	0.00690	0.00920	0.01104	0.01150	0.00644	0.00736	0.01104	0.01518	0.02024	0.04371	0.71614	0.05245	0.02484	0.01012	0.00322	0.00460	0.02254	0.00736	0.00644
130	0.00974	0.00696	0.00927	0.01099	0.01152	0.00649	0.00737	0.01124	0.01554	0.02082	0.07468	0.68353	0.05356	0.02442	0.01008	0.00318	0.00456	0.02214	0.00743	0.00649
