[name]
unknown

[dist]
# distance from previous block
# <min> <max>
0	44

[block]
# block no. 0 follows, 25 sequences, length 44
# corresponding to MSA columns:
# 45-88
name=unknown_A
#
# <colnr> <probs for GDERKNQSTAVLIFYWHMCP>
#	G	D	E	R	K	N	Q	S	T	A	V	L	I	F	Y	W	H	M	C	P
0	0.01249	0.00892	0.01249	0.01428	0.01606	0.00892	0.01249	0.01606	0.01785	0.02320	0.04105	0.08746	0.04462	0.02142	0.01071	0.00357	0.00714	0.62695	0.00714	0.00714
1	0.01853	0.01780	0.03003	0.12040	0.56479	0.01864	0.02309	0.02301	0.01703	0.02427	0.01420	0.01921	0.01192	0.00745	0.00886	0.00241	0.05609	0.00690	0.00376	0.01162
2	0.02082	0.01841	0.03758	0.06027	0.03575	0.01727	0.46753	0.02636	0.01874	0.14972	0.01977	0.05667	0.01506	0.00805	0.00886	0.00260	0.01129	0.00942	0.00514	0.01068
3	0.00945	0.00675	0.00900	0.01080	0.01125	0.00630	0.00720	0.01080	0.01484	0.01979	0.04274	0.72245	0.05128	0.02429	0.00990	0.00315	0.00450	0.02204	0.00720	0.00630
4	0.01751	0.01463	0.01685	0.01216	0.01898	0.01180	0.00978	0.08715	0.01825	0.02778	0.01430	0.01635	0.01167	0.00612	0.00596	0.00127	0.00604	0.00485	0.00493	0.69363
5	0.02697	0.01431	0.01874	0.01397	0.02038	0.01222	0.03559	0.07385	0.02082	0.37440	0.02305	0.02188	0.01568	0.00805	0.00710	0.00195	0.00667	0.00663	0.00743	0.29032
6	0.01926	0.52229	0.19126	0.01581	0.02314	0.02725	0.01712	0.02323	0.01564	0.01975	0.01148	0.01366	0.00994	0.00727	0.00690	0.00196	0.05585	0.00469	0.00331	0.01021
7	0.01979	0.01691	0.01782	0.01588	0.02035	0.01952	0.01239	0.07150	0.63402	0.03325	0.03092	0.02842	0.02315	0.01046	0.00788	0.00261	0.00625	0.00868	0.00788	0.01232
8	0.01097	0.00793	0.01036	0.00975	0.01158	0.00732	0.00732	0.01463	0.02195	0.03109	0.67505	0.05792	0.07316	0.01585	0.00914	0.00244	0.00366	0.01402	0.00854	0.00732
9	0.01464	0.01378	0.02326	0.70887	0.05340	0.01723	0.02153	0.01981	0.01550	0.01981	0.01378	0.02067	0.01034	0.00775	0.00775	0.00258	0.01034	0.00689	0.00345	0.00861
10	0.00945	0.00675	0.00900	0.01080	0.01125	0.00630	0.00720	0.01080	0.01484	0.01979	0.04274	0.72245	0.05128	0.02429	0.00990	0.00315	0.00450	0.02204	0.00720	0.00630
11	0.00945	0.00675	0.00900	0.01080	0.01125	0.00630	0.00720	0.01080	0.01484	0.01979	0.04274	0.72245	0.05128	0.02429	0.00990	0.00315	0.00450	0.02204	0.00720	0.00630
12	0.02831	0.02059	0.02202	0.01701	0.02288	0.02274	0.01401	0.60390	0.03489	0.04731	0.01913	0.01942	0.01371	0.00929	0.00757	0.00229	0.00815	0.00700	0.06706	0.01272
13	0.02947	0.02172	0.02327	0.01784	0.02404	0.02404	0.01474	0.65329	0.03646	0.04887	0.01862	0.01862	0.01319	0.00931	0.00776	0.00233	0.00853	0.00698	0.00776	0.01319
14	0.02876	0.02103	0.02250	0.01733	0.02333	0.02324	0.01429	0.62297	0.03549	0.04791	0.01893	0.01911	0.01351	0.00929	0.00764	0.00230	0.00830	0.00699	0.04416	0.01290
15	0.01830	0.02092	0.04575	0.03268	0.04052	0.01961	0.65098	0.02484	0.01830	0.02484	0.01569	0.02092	0.01176	0.00654	0.00915	0.00261	0.01307	0.00915	0.00392	0.01046
16	0.01086	0.00792	0.01021	0.00964	0.01152	0.00727	0.00723	0.01442	0.02168	0.03047	0.63830	0.05895	0.11030	0.01608	0.00915	0.00245	0.00367	0.01417	0.00845	0.00727
17	0.00940	0.00786	0.00818	0.00810	0.01062	0.00665	0.00608	0.01159	0.01823	0.02227	0.15656	0.07244	0.59715	0.01914	0.00916	0.00259	0.00389	0.01606	0.00737	0.00665
18	0.01929	0.01666	0.01753	0.01578	0.02016	0.01929	0.01227	0.04120	0.66513	0.03243	0.03156	0.02893	0.02367	0.01052	0.00789	0.00263	0.00614	0.00877	0.00789	0.01227
19	0.02855	0.02083	0.02228	0.01719	0.02312	0.02301	0.01416	0.61415	0.03521	0.04764	0.01903	0.01925	0.01360	0.00929	0.00761	0.00229	0.00823	0.00700	0.05475	0.01282
20	0.01097	0.00797	0.01036	0.00989	0.01176	0.00736	0.00751	0.01454	0.02155	0.03024	0.61615	0.06015	0.09936	0.01630	0.00922	0.00250	0.00384	0.04465	0.00840	0.00727
21	0.04735	0.00914	0.01110	0.01092	0.01282	0.00906	0.00803	0.05438	0.05207	0.02861	0.35847	0.27653	0.05664	0.01764	0.00905	0.00268	0.00447	0.01559	0.00783	0.00763
22	0.02904	0.03471	0.02216	0.01966	0.02398	0.59751	0.01495	0.12247	0.02410	0.02337	0.01296	0.01466	0.01046	0.00818	0.00710	0.00205	0.01318	0.00529	0.00455	0.00961
23	0.01097	0.00793	0.01036	0.00975	0.01158	0.00732	0.00732	0.01463	0.02195	0.03109	0.67505	0.05792	0.07316	0.01585	0.00914	0.00244	0.00366	0.01402	0.00854	0.00732
24	0.01097	0.00791	0.01039	0.00995	0.01173	0.00733	0.00749	0.01453	0.02153	0.03038	0.62815	0.08495	0.07131	0.01638	0.00923	0.00251	0.00381	0.03576	0.00843	0.00727
25	0.01919	0.01842	0.03147	0.04759	0.67914	0.01842	0.02380	0.02380	0.01765	0.02533	0.01458	0.01919	0.01228	0.00691	0.00768	0.00230	0.00921	0.00691	0.00384	0.01228
26	0.01555	0.04011	0.68733	0.02210	0.03356	0.01801	0.02865	0.02455	0.01637	0.02455	0.01391	0.01637	0.00982	0.00737	0.00737	0.00246	0.01146	0.00573	0.00327	0.01146
27	0.00945	0.00675	0.00900	0.01080	0.01125	0.00630	0.00720	0.01080	0.01484	0.01979	0.04274	0.72245	0.05128	0.02429	0.00990	0.00315	0.00450	0.02204	0.00720	0.00630
28	0.01095	0.00828	0.01029	0.01092	0.01260	0.00791	0.00823	0.01473	0.06083	0.02423	0.20487	0.28219	0.17023	0.01993	0.00958	0.00291	0.00475	0.12188	0.00757	0.00714
29	0.01555	0.04011	0.68733	0.02210	0.03356	0.01801	0.02865	0.02455	0.01637	0.02455	0.01391	0.01637	0.00982	0.00737	0.00737	0.00246	0.01146	0.00573	0.00327	0.01146
30	0.02896	0.03695	0.02197	0.01998	0.02397	0.69638	0.01498	0.03096	0.02197	0.01898	0.01199	0.01398	0.00999	0.00799	0.00699	0.00200	0.01398	0.00499	0.00400	0.00899
31	0.03009	0.02073	0.02266	0.01737	0.02355	0.02258	0.01435	0.58177	0.03480	0.12272	0.02001	0.01952	0.01388	0.00934	0.00776	0.00234	0.00831	0.00708	0.00797	0.01319
32	0.00957	0.00683	0.00913	0.01093	0.01143	0.00640	0.00740	0.01100	0.01496	0.01993	0.04267	0.69766	0.05102	0.02418	0.00993	0.00317	0.00460	0.04566	0.00720	0.00633
33	0.02073	0.73217	0.04063	0.01327	0.01990	0.03068	0.01327	0.02322	0.01575	0.01824	0.01078	0.01244	0.00995	0.00663	0.00498	0.00166	0.00829	0.00415	0.00332	0.00995
34	0.03479	0.01320	0.01799	0.01380	0.01979	0.01140	0.01140	0.03779	0.02219	0.68451	0.03059	0.02639	0.01919	0.00960	0.00780	0.00240	0.00660	0.00780	0.00960	0.01320
35	0.70016	0.01757	0.05672	0.01139	0.01660	0.04556	0.01001	0.02325	0.01377	0.03345	0.01105	0.01290	0.00856	0.00724	0.00506	0.00239	0.00669	0.00433	0.00466	0.00862
36	0.03371	0.01492	0.01906	0.01461	0.02065	0.01396	0.01207	0.16248	0.02508	0.55573	0.02816	0.02482	0.01798	0.00954	0.00779	0.00238	0.00699	0.00763	0.00922	0.01319
37	0.02416	0.01821	0.01976	0.01625	0.02113	0.02011	0.01299	0.43092	0.14700	0.04085	0.02514	0.14220	0.02168	0.01212	0.00815	0.00252	0.00740	0.00991	0.00768	0.01183
38	0.02819	0.02159	0.02294	0.05321	0.02535	0.04690	0.01497	0.56866	0.06618	0.04552	0.01878	0.01907	0.01345	0.00924	0.00774	0.00234	0.00870	0.00700	0.00741	0.01276
39	0.00958	0.00766	0.00857	0.00879	0.01084	0.00665	0.00642	0.01176	0.01799	0.02274	0.19028	0.19442	0.43747	0.01977	0.00930	0.00268	0.00398	0.01698	0.00746	0.00665
40	0.01921	0.52934	0.23017	0.01586	0.02390	0.02697	0.01777	0.02361	0.01593	0.02009	0.01170	0.01359	0.00991	0.00685	0.00568	0.00189	0.00922	0.00461	0.00330	0.01039
41	0.01068	0.00791	0.00996	0.00945	0.01140	0.00719	0.00708	0.01406	0.02125	0.02944	0.57788	0.06064	0.17136	0.01647	0.00915	0.00247	0.00370	0.01440	0.00832	0.00719
42	0.01868	0.01788	0.03026	0.04556	0.64489	0.01781	0.02288	0.02315	0.01766	0.02511	0.01786	0.02203	0.04628	0.00756	0.00775	0.00232	0.00894	0.00739	0.00401	0.01199
43	0.00972	0.00695	0.00931	0.01111	0.01168	0.00654	0.00768	0.01128	0.01512	0.02010	0.04258	0.66471	0.05068	0.02403	0.00997	0.00319	0.00474	0.07704	0.00719	0.00637

[dist]
# distance from previous block
# <min> <max>
0	14

[block]
# block no. 1 follows, 25 sequences, length 182
# corresponding to MSA columns:
# 103-284
name=unknown_B
#
# <colnr> <probs for GDERKNQSTAVLIFYWHMCP>
#	G	D	E	R	K	N	Q	S	T	A	V	L	I	F	Y	W	H	M	C	P
0	0.01601	0.10155	0.62992	0.02132	0.03235	0.01913	0.02728	0.02444	0.01632	0.02399	0.01364	0.01602	0.00983	0.00730	0.00715	0.00238	0.01118	0.00559	0.00328	0.01133
1	0.02896	0.03695	0.02197	0.01998	0.02397	0.69638	0.01498	0.03096	0.02197	0.01898	0.01199	0.01398	0.00999	0.00799	0.00699	0.00200	0.01398	0.00499	0.00400	0.00899
2	0.01115	0.00803	0.01107	0.01107	0.01197	0.00893	0.00795	0.01295	0.01205	0.01697	0.02204	0.03752	0.02245	0.29131	0.46782	0.01074	0.01615	0.00934	0.00434	0.00615
3	0.78228	0.01499	0.01140	0.01020	0.01499	0.01739	0.00840	0.02279	0.01320	0.03479	0.01080	0.01260	0.00840	0.00720	0.00480	0.00240	0.00600	0.00420	0.00480	0.00840
4	0.00967	0.00684	0.00893	0.01051	0.01090	0.00645	0.00689	0.01086	0.01440	0.01920	0.04047	0.63927	0.04842	0.11137	0.01356	0.00369	0.00487	0.02071	0.00689	0.00610
5	0.02010	0.64827	0.11904	0.01434	0.02156	0.02914	0.01513	0.02338	0.01583	0.01901	0.01116	0.01291	0.00993	0.00672	0.00527	0.00176	0.00868	0.00434	0.00331	0.01013
6	0.01464	0.01378	0.02326	0.70887	0.05340	0.01723	0.02153	0.01981	0.01550	0.01981	0.01378	0.02067	0.01034	0.00775	0.00775	0.00258	0.01034	0.00689	0.00345	0.00861
7	0.01024	0.00862	0.00898	0.00885	0.01148	0.00776	0.00664	0.01413	0.07719	0.02269	0.11655	0.09732	0.54478	0.01872	0.00908	0.00263	0.00413	0.01574	0.00736	0.00712
8	0.01555	0.04011	0.68733	0.02210	0.03356	0.01801	0.02865	0.02455	0.01637	0.02455	0.01391	0.01637	0.00982	0.00737	0.00737	0.00246	0.01146	0.00573	0.00327	0.01146
9	0.01083	0.00792	0.01017	0.00961	0.01150	0.00726	0.00721	0.01436	0.02162	0.03031	0.62907	0.05921	0.11963	0.01614	0.00915	0.00245	0.00368	0.01420	0.00843	0.00726
10	0.01444	0.01346	0.02255	0.67052	0.05111	0.01668	0.02075	0.01953	0.01586	0.02043	0.05006	0.02272	0.01378	0.00820	0.00783	0.00258	0.00997	0.00728	0.00372	0.00854
11	0.02073	0.73217	0.04063	0.01327	0.01990	0.03068	0.01327	0.02322	0.01575	0.01824	0.01078	0.01244	0.00995	0.00663	0.00498	0.00166	0.00829	0.00415	0.00332	0.00995
12	0.02858	0.06942	0.02284	0.01966	0.02378	0.66529	0.01490	0.03060	0.02168	0.01894	0.01193	0.01391	0.00999	0.00793	0.00690	0.00198	0.01372	0.00495	0.00396	0.00903
13	0.78228	0.01499	0.01140	0.01020	0.01499	0.01739	0.00840	0.02279	0.01320	0.03479	0.01080	0.01260	0.00840	0.00720	0.00480	0.00240	0.00600	0.00420	0.00480	0.00840
14	0.01883	0.04221	0.02013	0.03841	0.02017	0.01689	0.07678	0.17162	0.04868	0.02974	0.02023	0.05181	0.01708	0.04821	0.03197	0.00298	0.11683	0.00807	0.20999	0.00938
15	0.78228	0.01499	0.01140	0.01020	0.01499	0.01739	0.00840	0.02279	0.01320	0.03479	0.01080	0.01260	0.00840	0.00720	0.00480	0.00240	0.00600	0.00420	0.00480	0.00840
16	0.00924	0.00786	0.00796	0.00793	0.01052	0.00658	0.00595	0.01127	0.01785	0.02136	0.10287	0.07394	0.65141	0.01948	0.00916	0.00261	0.00392	0.01627	0.00725	0.00658
17	0.01928	0.01883	0.02979	0.09958	0.57053	0.05002	0.02274	0.02450	0.04362	0.02486	0.01508	0.01946	0.01247	0.00717	0.00766	0.00232	0.00940	0.00689	0.00398	0.01182
18	0.03460	0.01350	0.01818	0.01394	0.01995	0.01185	0.01152	0.05996	0.02271	0.66161	0.03016	0.02611	0.01898	0.00959	0.00780	0.00240	0.00667	0.00777	0.00953	0.01320
19	0.02886	0.01549	0.07252	0.01436	0.02019	0.01271	0.01257	0.06471	0.07382	0.46842	0.10561	0.02914	0.02492	0.01022	0.00793	0.00242	0.00671	0.00841	0.00872	0.01228
20	0.02143	0.69654	0.03951	0.01329	0.01990	0.02972	0.01317	0.02394	0.01607	0.05127	0.01176	0.01313	0.01041	0.00678	0.00512	0.00170	0.00821	0.00433	0.00363	0.01011
21	0.02771	0.01390	0.01721	0.01412	0.01924	0.01366	0.01135	0.03700	0.23420	0.41557	0.08407	0.02983	0.02512	0.01042	0.00794	0.00248	0.00620	0.00863	0.00895	0.01241
22	0.01979	0.01462	0.01712	0.01248	0.01919	0.01202	0.01008	0.09371	0.01911	0.10499	0.01630	0.01757	0.01258	0.00660	0.00621	0.00143	0.00616	0.00524	0.00554	0.59929
23	0.01097	0.00793	0.01036	0.00975	0.01158	0.00732	0.00732	0.01463	0.02195	0.03109	0.67505	0.05792	0.07316	0.01585	0.00914	0.00244	0.00366	0.01402	0.00854	0.00732
24	0.01243	0.00888	0.01241	0.01409	0.01588	0.00886	0.01228	0.01601	0.01802	0.02353	0.06702	0.08625	0.04579	0.02119	0.01065	0.00352	0.00700	0.60185	0.00720	0.00715
25	0.09736	0.01335	0.01744	0.01349	0.01939	0.01190	0.01114	0.03653	0.02144	0.63012	0.02893	0.02524	0.01829	0.00940	0.00755	0.00240	0.00655	0.00750	0.00919	0.01279
26	0.01087	0.00795	0.01025	0.00999	0.01183	0.00733	0.00760	0.01426	0.02092	0.02905	0.54250	0.09065	0.12448	0.01701	0.00931	0.00258	0.00400	0.06400	0.00824	0.00719
27	0.01669	0.01599	0.02754	0.40619	0.31565	0.01782	0.04579	0.02167	0.01651	0.02231	0.01419	0.02006	0.01121	0.00735	0.00777	0.00247	0.00997	0.00698	0.00363	0.01022
28	0.01696	0.01696	0.02375	0.02036	0.02036	0.02375	0.01696	0.01866	0.01187	0.01866	0.01018	0.01696	0.01018	0.01357	0.02545	0.00339	0.71332	0.00679	0.00339	0.00848
29	0.01118	0.00791	0.01044	0.01044	0.01112	0.00859	0.00717	0.01255	0.01186	0.01650	0.02262	0.04071	0.02383	0.39643	0.36459	0.00996	0.01407	0.00981	0.00443	0.00580
30	0.01929	0.01666	0.01753	0.01578	0.02016	0.01929	0.01227	0.04120	0.66513	0.03243	0.03156	0.02893	0.02367	0.01052	0.00789	0.00263	0.00614	0.00877	0.00789	0.01227
31	0.02947	0.02172	0.02327	0.01784	0.02404	0.02404	0.01474	0.65329	0.03646	0.04887	0.01862	0.01862	0.01319	0.00931	0.00776	0.00233	0.00853	0.00698	0.00776	0.01319
32	0.01919	0.01842	0.03147	0.04759	0.67914	0.01842	0.02380	0.02380	0.01765	0.02533	0.01458	0.01919	0.01228	0.00691	0.00768	0.00230	0.00921	0.00691	0.00384	0.01228
33	0.00916	0.00785	0.00785	0.00785	0.01047	0.00655	0.00589	0.01113	0.01767	0.02095	0.07855	0.07462	0.67599	0.01964	0.00916	0.00262	0.00393	0.01636	0.00720	0.00655
34	0.02187	0.01484	0.01585	0.01310	0.01717	0.01618	0.01053	0.32919	0.05905	0.03829	0.02213	0.02396	0.01678	0.01168	0.04096	0.00263	0.00699	0.00724	0.32120	0.01038
35	0.02364	0.01673	0.01837	0.06442	0.02163	0.01847	0.01242	0.39956	0.05247	0.04034	0.02070	0.02215	0.01532	0.00916	0.00708	0.00220	0.00714	0.00711	0.23000	0.01108
36	0.01696	0.01696	0.02375	0.02036	0.02036	0.02375	0.01696	0.01866	0.01187	0.01866	0.01018	0.01696	0.01018	0.01357	0.02545	0.00339	0.71332	0.00679	0.00339	0.00848
37	0.01846	0.32526	0.38350	0.01821	0.02739	0.02358	0.02152	0.05850	0.01722	0.02328	0.01288	0.01487	0.01006	0.00717	0.00640	0.00212	0.00999	0.00514	0.00354	0.01093
38	0.02073	0.73217	0.04063	0.01327	0.01990	0.03068	0.01327	0.02322	0.01575	0.01824	0.01078	0.01244	0.00995	0.00663	0.00498	0.00166	0.00829	0.00415	0.00332	0.00995
39	0.00945	0.00675	0.00900	0.01080	0.01125	0.00630	0.00720	0.01080	0.01484	0.01979	0.04274	0.72245	0.05128	0.02429	0.00990	0.00315	0.00450	0.02204	0.00720	0.00630
40	0.01653	0.03622	0.58295	0.02216	0.03272	0.01745	0.07210	0.02486	0.01684	0.05534	0.01590	0.01999	0.01178	0.00797	0.00765	0.00251	0.01118	0.03078	0.00377	0.01130
41	0.01613	0.01560	0.02308	0.28111	0.03324	0.04821	0.06767	0.01969	0.01473	0.02054	0.01498	0.05455	0.01323	0.01070	0.01412	0.00281	0.26355	0.00773	0.06983	0.00849
42	0.00945	0.00675	0.00900	0.01080	0.01125	0.00630	0.00720	0.01080	0.01484	0.01979	0.04274	0.72245	0.05128	0.02429	0.00990	0.00315	0.00450	0.02204	0.00720	0.00630
43	0.01687	0.06386	0.54408	0.02297	0.03351	0.01850	0.11736	0.02503	0.01684	0.04878	0.01466	0.01724	0.01045	0.00730	0.00755	0.00244	0.01139	0.00624	0.00360	0.01132
44	0.01929	0.01666	0.01753	0.01578	0.02016	0.01929	0.01227	0.04120	0.66513	0.03243	0.03156	0.02893	0.02367	0.01052	0.00789	0.00263	0.00614	0.00877	0.00789	0.01227
45	0.01108	0.00831	0.01246	0.01246	0.01385	0.00969	0.00969	0.01385	0.01246	0.01800	0.02077	0.03046	0.01938	0.05815	0.69678	0.01246	0.02077	0.00831	0.00415	0.00692
46	0.78228	0.01499	0.01140	0.01020	0.01499	0.01739	0.00840	0.02279	0.01320	0.03479	0.01080	0.01260	0.00840	0.00720	0.00480	0.00240	0.00600	0.00420	0.00480	0.00840
47	0.01128	0.00752	0.00846	0.00846	0.00846	0.00752	0.00470	0.01128	0.01128	0.01503	0.02443	0.05074	0.02819	0.72751	0.03946	0.00752	0.00752	0.01128	0.00470	0.00470
48	0.01464	0.01378	0.02326	0.70887	0.05340	0.01723	0.02153	0.01981	0.01550	0.01981	0.01378	0.02067	0.01034	0.00775	0.00775	0.00258	0.01034	0.00689	0.00345	0.00861
49	0.78228	0.01499	0.01140	0.01020	0.01499	0.01739	0.00840	0.02279	0.01320	0.03479	0.01080	0.01260	0.00840	0.00720	0.00480	0.00240	0.00600	0.00420	0.00480	0.00840
50	0.01555	0.04011	0.68733	0.02210	0.03356	0.01801	0.02865	0.02455	0.01637	0.02455	0.01391	0.01637	0.00982	0.00737	0.00737	0.00246	0.01146	0.00573	0.00327	0.01146
51	0.03479	0.01320	0.01799	0.01380	0.01979	0.01140	0.01140	0.03779	0.02219	0.68451	0.03059	0.02639	0.01919	0.00960	0.00780	0.00240	0.00660	0.00780	0.00960	0.01320
52	0.00945	0.00675	0.00900	0.01080	0.01125	0.00630	0.00720	0.01080	0.01484	0.01979	0.04274	0.72245	0.05128	0.02429	0.00990	0.00315	0.00450	0.02204	0.00720	0.00630
53	0.59990	0.01532	0.01347	0.01143	0.01654	0.01707	0.00943	0.08161	0.01666	0.13592	0.01454	0.01526	0.01049	0.00776	0.00552	0.00239	0.00632	0.00500	0.00580	0.00956
54	0.02947	0.02172	0.02327	0.01784	0.02404	0.02404	0.01474	0.65329	0.03646	0.04887	0.01862	0.01862	0.01319	0.00931	0.00776	0.00233	0.00853	0.00698	0.00776	0.01319
55	0.00933	0.00782	0.00812	0.00814	0.01060	0.00660	0.00607	0.01142	0.01793	0.02178	0.12890	0.09894	0.59882	0.01949	0.00919	0.00262	0.00393	0.01639	0.00732	0.00660
56	0.01445	0.00723	0.00723	0.00723	0.00903	0.00723	0.00542	0.01807	0.01626	0.02891	0.02529	0.02891	0.01987	0.00903	0.00542	0.00181	0.00361	0.00723	0.77055	0.00723
57	0.03479	0.01320	0.01799	0.01380	0.01979	0.01140	0.01140	0.03779	0.02219	0.68451	0.03059	0.02639	0.01919	0.00960	0.00780	0.00240	0.00660	0.00780	0.00960	0.01320
58	0.01070	0.00791	0.00998	0.00946	0.01141	0.00720	0.00710	0.01409	0.02129	0.02953	0.58336	0.06049	0.16583	0.01643	0.00915	0.00247	0.00370	0.01438	0.00833	0.00720
59	0.03300	0.01606	0.01977	0.01516	0.02122	0.01565	0.01252	0.24484	0.02699	0.47068	0.02656	0.02378	0.01717	0.00950	0.00778	0.00237	0.00725	0.00752	0.00898	0.01319
60	0.01555	0.04011	0.68733	0.02210	0.03356	0.01801	0.02865	0.02455	0.01637	0.02455	0.01391	0.01637	0.00982	0.00737	0.00737	0.00246	0.01146	0.00573	0.00327	0.01146
61	0.01091	0.00788	0.01031	0.00980	0.01157	0.00727	0.00731	0.01448	0.02166	0.03063	0.64926	0.08502	0.07227	0.01620	0.00918	0.00247	0.00369	0.01435	0.00848	0.00727
62	0.02443	0.01286	0.01569	0.01297	0.01758	0.01238	0.01038	0.07810	0.13157	0.33002	0.13401	0.03801	0.12341	0.01214	0.00821	0.00247	0.00583	0.01009	0.00866	0.01118
63	0.01049	0.00785	0.00974	0.00939	0.01132	0.00709	0.00700	0.01365	0.02062	0.02824	0.50907	0.09805	0.20465	0.01715	0.00919	0.00252	0.00376	0.01498	0.00817	0.00709
64	0.01855	0.01601	0.01683	0.01520	0.01945	0.01836	0.01181	0.03901	0.61787	0.03160	0.03499	0.03226	0.07128	0.01118	0.00798	0.00263	0.00598	0.00932	0.00784	0.01185
65	0.01929	0.01666	0.01753	0.01578	0.02016	0.01929	0.01227	0.04120	0.66513	0.03243	0.03156	0.02893	0.02367	0.01052	0.00789	0.00263	0.00614	0.00877	0.00789	0.01227
66	0.01900	0.01823	0.03112	0.07574	0.65251	0.01837	0.02370	0.02363	0.01756	0.02510	0.01455	0.01925	0.01220	0.00694	0.00768	0.00231	0.00926	0.00691	0.00382	0.01213
67	0.01929	0.01666	0.01753	0.01578	0.02016	0.01929	0.01227	0.04120	0.66513	0.03243	0.03156	0.02893	0.02367	0.01052	0.00789	0.00263	0.00614	0.00877	0.00789	0.01227
68	0.02278	0.02430	0.28325	0.01852	0.05365	0.01518	0.01862	0.07679	0.04812	0.24522	0.09375	0.02511	0.02088	0.00930	0.00777	0.00243	0.00844	0.00761	0.00651	0.01178
69	0.01994	0.26808	0.32394	0.01843	0.02710	0.02205	0.04972	0.05325	0.04214	0.08451	0.01535	0.01675	0.01149	0.00749	0.00672	0.00219	0.00969	0.00572	0.00427	0.01117
70	0.02050	0.70108	0.06969	0.01366	0.02051	0.03011	0.01396	0.02328	0.01578	0.01853	0.01092	0.01261	0.00994	0.00667	0.00508	0.00169	0.00843	0.00422	0.00331	0.01002
71	0.02093	0.63884	0.06184	0.01543	0.04921	0.06623	0.01436	0.02371	0.01620	0.01881	0.01112	0.01295	0.01005	0.00675	0.00529	0.00173	0.00875	0.00437	0.00338	0.01005
72	0.01050	0.00784	0.00932	0.00899	0.01074	0.00712	0.00647	0.01305	0.01893	0.02547	0.39332	0.06160	0.24150	0.13485	0.01417	0.00333	0.00438	0.01425	0.00751	0.00666
73	0.12266	0.02089	0.02180	0.01689	0.02292	0.02322	0.01395	0.57524	0.03358	0.04712	0.01765	0.01787	0.01259	0.00905	0.00739	0.00234	0.00822	0.00664	0.00739	0.01259
74	0.01765	0.01524	0.01597	0.01450	0.01860	0.01723	0.01124	0.03635	0.56077	0.03058	0.03913	0.03629	0.12881	0.01199	0.00809	0.00263	0.00578	0.00999	0.00778	0.01135
75	0.01830	0.02092	0.04575	0.03268	0.04052	0.01961	0.65098	0.02484	0.01830	0.02484	0.01569	0.02092	0.01176	0.00654	0.00915	0.00261	0.01307	0.00915	0.00392	0.01046
76	0.01108	0.00831	0.01246	0.01246	0.01385	0.00969	0.00969	0.01385	0.01246	0.01800	0.02077	0.03046	0.01938	0.05815	0.69678	0.01246	0.02077	0.00831	0.00415	0.00692
77	0.02095	0.01684	0.01814	0.01596	0.02050	0.01909	0.01268	0.14172	0.49372	0.05378	0.03006	0.03139	0.02331	0.01108	0.00807	0.00264	0.00662	0.05350	0.00786	0.01208
78	0.00957	0.00684	0.00911	0.01071	0.01127	0.00638	0.00721	0.01111	0.01543	0.02073	0.09490	0.66763	0.05309	0.02360	0.00983	0.00309	0.00443	0.02138	0.00731	0.00638
79	0.06209	0.48519	0.03349	0.01514	0.02088	0.23144	0.01354	0.02554	0.01751	0.01931	0.01115	0.01291	0.00988	0.00707	0.00558	0.00180	0.00990	0.00441	0.00360	0.00958
80	0.01758	0.01315	0.01673	0.01443	0.01683	0.01449	0.03605	0.15222	0.01881	0.05862	0.02423	0.18177	0.02467	0.16171	0.01785	0.00372	0.13456	0.01121	0.04164	0.03973
81	0.02319	0.02108	0.02195	0.01984	0.06657	0.11347	0.04571	0.19565	0.33951	0.03397	0.02362	0.02317	0.01774	0.00942	0.00778	0.00244	0.00838	0.00768	0.00685	0.01197
82	0.78228	0.01499	0.01140	0.01020	0.01499	0.01739	0.00840	0.02279	0.01320	0.03479	0.01080	0.01260	0.00840	0.00720	0.00480	0.00240	0.00600	0.00420	0.00480	0.00840
83	0.11153	0.02312	0.06915	0.07579	0.11719	0.17673	0.09414	0.05706	0.04509	0.05090	0.01512	0.01816	0.01180	0.00822	0.00867	0.00240	0.06553	0.00645	0.03285	0.01009
84	0.00982	0.00788	0.00876	0.00854	0.01087	0.00682	0.00641	0.01239	0.01922	0.02461	0.29400	0.06859	0.45826	0.01827	0.00916	0.00255	0.00383	0.01552	0.00768	0.00682
85	0.01157	0.00877	0.01076	0.01011	0.01229	0.00840	0.00763	0.01681	0.08462	0.02998	0.53889	0.05711	0.14201	0.01579	0.00902	0.00248	0.00393	0.01379	0.00831	0.00771
86	0.02947	0.02172	0.02327	0.01784	0.02404	0.02404	0.01474	0.65329	0.03646	0.04887	0.01862	0.01862	0.01319	0.00931	0.00776	0.00233	0.00853	0.00698	0.00776	0.01319
87	0.01813	0.02043	0.04399	0.07033	0.06501	0.01943	0.59309	0.02452	0.01812	0.02458	0.01554	0.02084	0.01171	0.00662	0.00902	0.00260	0.01278	0.00894	0.00389	0.01042
88	0.01845	0.01766	0.03013	0.15594	0.57662	0.01823	0.02343	0.02314	0.01730	0.02443	0.01445	0.01943	0.01196	0.00705	0.00769	0.00235	0.00940	0.00691	0.00377	0.01168
89	0.01608	0.01378	0.01608	0.01148	0.01837	0.01034	0.00919	0.01952	0.01608	0.02527	0.01378	0.01608	0.01148	0.00574	0.00574	0.00115	0.00574	0.00459	0.00459	0.77491
90	0.02820	0.02073	0.02217	0.01720	0.02309	0.02295	0.01414	0.59052	0.06659	0.04703	0.01960	0.01965	0.01405	0.00935	0.00764	0.00232	0.00816	0.00708	0.04670	0.01284
91	0.01696	0.01696	0.02375	0.02036	0.02036	0.02375	0.01696	0.01866	0.01187	0.01866	0.01018	0.01696	0.01018	0.01357	0.02545	0.00339	0.71332	0.00679	0.00339	0.00848
92	0.00957	0.00682	0.00903	0.01067	0.01116	0.00638	0.00711	0.01096	0.01499	0.02006	0.06645	0.67281	0.05130	0.04911	0.01092	0.00328	0.00457	0.02135	0.00716	0.00628
93	0.68906	0.04492	0.01357	0.01095	0.01594	0.01849	0.00912	0.07476	0.01522	0.03527	0.01144	0.01309	0.00886	0.00735	0.00505	0.00236	0.00630	0.00443	0.00498	0.00886
94	0.05204	0.02030	0.06803	0.08783	0.03889	0.01873	0.51563	0.02403	0.01767	0.02501	0.01562	0.02065	0.01174	0.00681	0.00861	0.00256	0.01207	0.00851	0.03516	0.01012
95	0.78228	0.01499	0.01140	0.01020	0.01499	0.01739	0.00840	0.02279	0.01320	0.03479	0.01080	0.01260	0.00840	0.00720	0.00480	0.00240	0.00600	0.00420	0.00480	0.00840
96	0.02014	0.01647	0.01756	0.01567	0.02014	0.01885	0.01222	0.04101	0.62986	0.06821	0.03151	0.02879	0.02342	0.01047	0.00788	0.00262	0.00616	0.00871	0.00798	0.01232
97	0.02063	0.01733	0.01829	0.01605	0.02068	0.01992	0.01260	0.12225	0.58188	0.03461	0.02984	0.02756	0.02228	0.01036	0.00787	0.00259	0.00645	0.00853	0.00787	0.01239
98	0.01097	0.00793	0.01036	0.00975	0.01158	0.00732	0.00732	0.01463	0.02195	0.03109	0.67505	0.05792	0.07316	0.01585	0.00914	0.00244	0.00366	0.01402	0.00854	0.00732
99	0.02300	0.01625	0.01654	0.01357	0.01785	0.04213	0.01090	0.34977	0.05344	0.03906	0.02158	0.02300	0.01618	0.00920	0.00679	0.00212	0.00666	0.00708	0.31429	0.01060
100	0.01640	0.00913	0.01210	0.01068	0.01346	0.00825	0.00825	0.01991	0.02200	0.18009	0.52810	0.05073	0.06085	0.01443	0.00884	0.00243	0.00433	0.01260	0.00878	0.00866
101	0.01488	0.00993	0.01325	0.01295	0.01510	0.00982	0.03690	0.02005	0.12245	0.10665	0.03710	0.43016	0.03943	0.05786	0.01092	0.00320	0.00567	0.03806	0.00733	0.00828
102	0.02000	0.01995	0.03069	0.04531	0.62509	0.07435	0.02307	0.02439	0.01801	0.02481	0.01437	0.01876	0.01209	0.00700	0.00762	0.00228	0.00960	0.00675	0.00385	0.01201
103	0.00945	0.00675	0.00900	0.01080	0.01125	0.00630	0.00720	0.01080	0.01484	0.01979	0.04274	0.72245	0.05128	0.02429	0.00990	0.00315	0.00450	0.02204	0.00720	0.00630
104	0.01128	0.00752	0.00846	0.00846	0.00846	0.00752	0.00470	0.01128	0.01128	0.01503	0.02443	0.05074	0.02819	0.72751	0.03946	0.00752	0.00752	0.01128	0.00470	0.00470
105	0.05308	0.01786	0.02985	0.10388	0.59445	0.01827	0.02291	0.02340	0.01727	0.02527	0.01434	0.01902	0.01194	0.00700	0.00755	0.00233	0.00917	0.00679	0.00385	0.01179
106	0.02807	0.03526	0.02284	0.02251	0.08401	0.63426	0.01579	0.03030	0.02158	0.01956	0.01222	0.01446	0.01020	0.00789	0.00705	0.00203	0.01355	0.00517	0.00398	0.00929
107	0.00945	0.00675	0.00900	0.01080	0.01125	0.00630	0.00720	0.01080	0.01484	0.01979	0.04274	0.72245	0.05128	0.02429	0.00990	0.00315	0.00450	0.02204	0.00720	0.00630
108	0.01608	0.01378	0.01608	0.01148	0.01837	0.01034	0.00919	0.01952	0.01608	0.02527	0.01378	0.01608	0.01148	0.00574	0.00574	0.00115	0.00574	0.00459	0.00459	0.77491
109	0.01097	0.00793	0.01036	0.00975	0.01158	0.00732	0.00732	0.01463	0.02195	0.03109	0.67505	0.05792	0.07316	0.01585	0.00914	0.00244	0.00366	0.01402	0.00854	0.00732
110	0.01464	0.01378	0.02326	0.70887	0.05340	0.01723	0.02153	0.01981	0.01550	0.01981	0.01378	0.02067	0.01034	0.00775	0.00775	0.00258	0.01034	0.00689	0.00345	0.00861
111	0.01487	0.01402	0.02368	0.67512	0.08534	0.01729	0.02165	0.02001	0.01561	0.02009	0.01382	0.02060	0.01044	0.00771	0.00775	0.00257	0.01028	0.00689	0.00347	0.00880
112	0.01830	0.02092	0.04575	0.03268	0.04052	0.01961	0.65098	0.02484	0.01830	0.02484	0.01569	0.02092	0.01176	0.00654	0.00915	0.00261	0.01307	0.00915	0.00392	0.01046
113	0.01130	0.00791	0.01067	0.01074	0.01167	0.00868	0.00768	0.01317	0.01244	0.01786	0.02321	0.06692	0.02364	0.26903	0.40829	0.00974	0.01463	0.00979	0.05644	0.00620
114	0.01110	0.00822	0.01201	0.01201	0.01324	0.00945	0.00913	0.01356	0.01233	0.01766	0.02118	0.03275	0.02038	0.13362	0.62267	0.01190	0.01927	0.00864	0.00422	0.00667
115	0.02988	0.02106	0.02286	0.01753	0.02372	0.02307	0.01448	0.60584	0.03536	0.09787	0.01954	0.01921	0.01365	0.00933	0.00776	0.00233	0.00838	0.00704	0.00790	0.01319
116	0.02812	0.02591	0.02219	0.01827	0.02356	0.23459	0.01452	0.38591	0.10584	0.03755	0.01806	0.01837	0.01341	0.00904	0.00753	0.00226	0.00996	0.00657	0.00659	0.01176
117	0.02260	0.01749	0.01825	0.01560	0.02032	0.04781	0.01233	0.16474	0.38754	0.10034	0.05873	0.02902	0.04881	0.01067	0.00792	0.00251	0.00682	0.00868	0.00787	0.01196
118	0.01881	0.01804	0.03079	0.10226	0.62741	0.01832	0.02361	0.02347	0.01748	0.02487	0.01452	0.01931	0.01212	0.00698	0.00768	0.00233	0.00930	0.00691	0.00381	0.01198
119	0.01879	0.01801	0.03075	0.10586	0.62400	0.01832	0.02360	0.02344	0.01747	0.02484	0.01451	0.01932	0.01211	0.00698	0.00768	0.00233	0.00931	0.00691	0.00380	0.01196
120	0.01446	0.00752	0.00795	0.03875	0.01103	0.00768	0.00614	0.01815	0.01623	0.02850	0.02478	0.02854	0.01944	0.00898	0.00552	0.00184	0.00392	0.00721	0.73608	0.00729
121	0.01919	0.01842	0.03147	0.04759	0.67914	0.01842	0.02380	0.02380	0.01765	0.02533	0.01458	0.01919	0.01228	0.00691	0.00768	0.00230	0.00921	0.00691	0.00384	0.01228
122	0.01638	0.15037	0.58429	0.02069	0.03138	0.02003	0.02620	0.02434	0.01627	0.02355	0.01341	0.01574	0.00984	0.00725	0.00699	0.00233	0.01095	0.00548	0.00328	0.01122
123	0.01555	0.04011	0.68733	0.02210	0.03356	0.01801	0.02865	0.02455	0.01637	0.02455	0.01391	0.01637	0.00982	0.00737	0.00737	0.00246	0.01146	0.00573	0.00327	0.01146
124	0.00977	0.00697	0.00920	0.01053	0.01119	0.00652	0.00712	0.01145	0.01588	0.02148	0.14679	0.58541	0.05398	0.05106	0.01096	0.00321	0.00448	0.02028	0.00732	0.00640
125	0.01856	0.01778	0.03034	0.13907	0.59257	0.01826	0.02348	0.02324	0.01736	0.02457	0.01447	0.01940	0.01201	0.00703	0.00769	0.00234	0.00937	0.00691	0.00378	0.01177
126	0.01862	0.01784	0.03043	0.13120	0.60003	0.01827	0.02351	0.02329	0.01738	0.02463	0.01448	0.01938	0.01204	0.00702	0.00769	0.00234	0.00935	0.00691	0.00379	0.01182
127	0.01177	0.00815	0.01037	0.00968	0.01179	0.00739	0.00731	0.01518	0.02140	0.05812	0.56880	0.05874	0.14993	0.01608	0.00909	0.00246	0.00382	0.01406	0.00841	0.00747
128	0.01830	0.02092	0.04575	0.03268	0.04052	0.01961	0.65098	0.02484	0.01830	0.02484	0.01569	0.02092	0.01176	0.00654	0.00915	0.00261	0.01307	0.00915	0.00392	0.01046
129	0.02067	0.57619	0.13126	0.01508	0.02218	0.08379	0.01560	0.02405	0.01636	0.01920	0.01133	0.01313	0.00994	0.00685	0.00548	0.00180	0.00921	0.00444	0.00337	0.01009
130	0.00956	0.00684	0.00910	0.01072	0.01127	0.00638	0.00721	0.01109	0.01539	0.02066	0.09128	0.67143	0.05296	0.02364	0.00984	0.00309	0.00443	0.02143	0.00730	0.00638
131	0.00945	0.00675	0.00900	0.01080	0.01125	0.00630	0.00720	0.01080	0.01484	0.01979	0.04274	0.72245	0.05128	0.02429	0.00990	0.00315	0.00450	0.02204	0.00720	0.00630
132	0.01279	0.00945	0.01253	0.01380	0.01581	0.00959	0.01175	0.01787	0.07661	0.02421	0.07321	0.10381	0.07014	0.02019	0.01028	0.00337	0.00665	0.49311	0.00728	0.00756
133	0.03298	0.01360	0.01794	0.01403	0.01984	0.01231	0.01150	0.03818	0.09699	0.60865	0.03070	0.02669	0.01971	0.00970	0.00781	0.00243	0.00654	0.00791	0.00940	0.01309
134	0.01109	0.00824	0.01211	0.01211	0.01337	0.00950	0.00925	0.01362	0.01236	0.01774	0.02109	0.03226	0.02017	0.11764	0.63836	0.01202	0.01959	0.00857	0.00420	0.00673
135	0.10824	0.01337	0.01735	0.01344	0.01932	0.01199	0.01110	0.03631	0.02131	0.62067	0.02864	0.02504	0.01813	0.00936	0.00750	0.00240	0.00654	0.00744	0.00913	0.01272
136	0.00960	0.00783	0.00849	0.00842	0.01076	0.00671	0.00628	0.01193	0.01855	0.02326	0.21582	0.09727	0.51019	0.01895	0.00919	0.00260	0.00389	0.01605	0.00751	0.00671
137	0.00963	0.00779	0.00856	0.00854	0.01080	0.00672	0.00634	0.01196	0.01851	0.02335	0.22250	0.11947	0.48056	0.01906	0.00921	0.00261	0.00390	0.01622	0.00753	0.00672
138	0.01873	0.01795	0.03064	0.11475	0.61559	0.01830	0.02357	0.02339	0.01744	0.02477	0.01450	0.01934	0.01208	0.00699	0.00768	0.00233	0.00933	0.00691	0.00380	0.01191
139	0.01608	0.01378	0.01608	0.01148	0.01837	0.01034	0.00919	0.01952	0.01608	0.02527	0.01378	0.01608	0.01148	0.00574	0.00574	0.00115	0.00574	0.00459	0.00459	0.77491
140	0.01726	0.10212	0.52610	0.02083	0.03114	0.01857	0.05618	0.02493	0.01671	0.06021	0.01461	0.01676	0.01052	0.00730	0.00718	0.00232	0.01070	0.00581	0.00372	0.04702
141	0.00952	0.00681	0.00906	0.01074	0.01126	0.00635	0.00720	0.01099	0.01520	0.02035	0.07408	0.68951	0.05237	0.02387	0.00986	0.00311	0.00446	0.02164	0.00726	0.00635
142	0.01464	0.01378	0.02326	0.70887	0.05340	0.01723	0.02153	0.01981	0.01550	0.01981	0.01378	0.02067	0.01034	0.00775	0.00775	0.00258	0.01034	0.00689	0.00345	0.00861
143	0.00959	0.00723	0.00888	0.00983	0.01108	0.00652	0.00685	0.01145	0.01667	0.02176	0.14490	0.44550	0.22808	0.02177	0.00958	0.00290	0.00422	0.01929	0.00739	0.00652
144	0.01638	0.01324	0.01489	0.01409	0.01733	0.01454	0.01102	0.07240	0.34253	0.02990	0.10340	0.13820	0.05812	0.01487	0.00876	0.00280	0.00589	0.10391	0.00772	0.01001
145	0.00981	0.00690	0.00889	0.01033	0.01069	0.00654	0.00670	0.01089	0.01413	0.01885	0.03909	0.58874	0.04669	0.16427	0.01578	0.00402	0.00510	0.01990	0.00670	0.00598
146	0.01821	0.01326	0.01526	0.01346	0.01710	0.01425	0.01051	0.08067	0.29544	0.09243	0.26028	0.03829	0.03992	0.01434	0.03859	0.00295	0.00613	0.01039	0.00810	0.01042
147	0.01696	0.01696	0.02375	0.02036	0.02036	0.02375	0.01696	0.01866	0.01187	0.01866	0.01018	0.01696	0.01018	0.01357	0.02545	0.00339	0.71332	0.00679	0.00339	0.00848
148	0.02896	0.03695	0.02197	0.01998	0.02397	0.69638	0.01498	0.03096	0.02197	0.01898	0.01199	0.01398	0.00999	0.00799	0.00699	0.00200	0.01398	0.00499	0.00400	0.00899
149	0.01919	0.01842	0.03147	0.04759	0.67914	0.01842	0.02380	0.02380	0.01765	0.02533	0.01458	0.01919	0.01228	0.00691	0.00768	0.00230	0.00921	0.00691	0.00384	0.01228
150	0.02002	0.00993	0.01326	0.01129	0.01470	0.00887	0.00887	0.02343	0.02204	0.27926	0.43028	0.04594	0.05266	0.01348	0.00863	0.00242	0.00477	0.01166	0.00894	0.00955
151	0.01227	0.00850	0.01090	0.01021	0.01235	0.00794	0.00778	0.01647	0.04477	0.05870	0.57113	0.05740	0.09880	0.01578	0.00910	0.00249	0.00401	0.03526	0.00844	0.00770
152	0.01065	0.00778	0.01001	0.00973	0.01146	0.00714	0.00719	0.01391	0.02078	0.02898	0.55442	0.13822	0.11647	0.01714	0.00924	0.00254	0.00378	0.01515	0.00827	0.00714
153	0.01347	0.00673	0.01010	0.01010	0.01010	0.00673	0.00673	0.01010	0.01010	0.01347	0.01347	0.02357	0.01347	0.02694	0.03030	0.77441	0.00673	0.00673	0.00337	0.00337
154	0.01781	0.02014	0.04374	0.03148	0.03892	0.01888	0.61566	0.02407	0.01811	0.02456	0.01717	0.05940	0.01393	0.00751	0.00919	0.00264	0.01260	0.00986	0.00410	0.01023
155	0.01919	0.01842	0.03147	0.04759	0.67914	0.01842	0.02380	0.02380	0.01765	0.02533	0.01458	0.01919	0.01228	0.00691	0.00768	0.00230	0.00921	0.00691	0.00384	0.01228
156	0.03258	0.01475	0.01876	0.01445	0.02045	0.01375	0.01189	0.13783	0.05051	0.52915	0.02804	0.02483	0.01810	0.00944	0.00772	0.00235	0.00686	0.00758	0.00904	0.04190
157	0.01766	0.01686	0.02871	0.26990	0.46878	0.01802	0.02304	0.02246	0.01693	0.02348	0.01431	0.01969	0.01163	0.00719	0.00770	0.00240	0.00959	0.00690	0.00371	0.01105
158	0.01674	0.00926	0.01235	0.01109	0.01390	0.00842	0.00871	0.02024	0.02167	0.18531	0.47000	0.05288	0.05801	0.01483	0.00895	0.00252	0.00464	0.06311	0.00867	0.00869
159	0.02926	0.01611	0.01922	0.01499	0.02075	0.01594	0.01223	0.25573	0.05644	0.33647	0.02565	0.06108	0.01839	0.01003	0.00774	0.00232	0.00709	0.00807	0.00832	0.07419
160	0.02073	0.73217	0.04063	0.01327	0.01990	0.03068	0.01327	0.02322	0.01575	0.01824	0.01078	0.01244	0.00995	0.00663	0.00498	0.00166	0.00829	0.00415	0.00332	0.00995
161	0.01823	0.04701	0.02211	0.01844	0.01941	0.09443	0.01501	0.01993	0.01374	0.04427	0.01451	0.07602	0.01469	0.04675	0.02131	0.00330	0.49039	0.00798	0.00407	0.00842
162	0.04328	0.01406	0.02324	0.64926	0.08392	0.01729	0.02116	0.02012	0.01553	0.02065	0.01371	0.02030	0.01036	0.00769	0.00764	0.00256	0.01012	0.00679	0.00352	0.00879
163	0.02570	0.01802	0.02005	0.01648	0.02170	0.01965	0.01354	0.37003	0.16823	0.11373	0.02564	0.03054	0.02016	0.01115	0.00817	0.00256	0.00762	0.08690	0.00791	0.01222
164	0.03479	0.01320	0.01799	0.01380	0.01979	0.01140	0.01140	0.03779	0.02219	0.68451	0.03059	0.02639	0.01919	0.00960	0.00780	0.00240	0.00660	0.00780	0.00960	0.01320
165	0.00945	0.00675	0.00900	0.01080	0.01125	0.00630	0.00720	0.01080	0.01484	0.01979	0.04274	0.72245	0.05128	0.02429	0.00990	0.00315	0.00450	0.02204	0.00720	0.00630
166	0.01144	0.00842	0.01140	0.01242	0.01384	0.00838	0.00996	0.01433	0.01772	0.02377	0.17719	0.24049	0.07370	0.02060	0.01067	0.00318	0.03225	0.29593	0.00731	0.00699
167	0.03452	0.01363	0.01826	0.01400	0.02001	0.01204	0.01157	0.06920	0.02292	0.65206	0.02998	0.02599	0.01889	0.00958	0.00780	0.00240	0.00670	0.00776	0.00950	0.01319
168	0.01770	0.01316	0.01497	0.01341	0.01701	0.01420	0.01039	0.03123	0.37181	0.09233	0.26537	0.03923	0.04124	0.01237	0.00834	0.00254	0.00528	0.01059	0.00828	0.01056
169	0.00944	0.00679	0.00895	0.01068	0.01122	0.00631	0.00715	0.01081	0.01496	0.01984	0.04416	0.69668	0.07613	0.02411	0.00987	0.00313	0.00448	0.02182	0.00720	0.00631
170	0.78228	0.01499	0.01140	0.01020	0.01499	0.01739	0.00840	0.02279	0.01320	0.03479	0.01080	0.01260	0.00840	0.00720	0.00480	0.00240	0.00600	0.00420	0.00480	0.00840
171	0.02307	0.01516	0.01767	0.01362	0.01957	0.01410	0.01094	0.13207	0.11765	0.18707	0.02163	0.02212	0.01602	0.03377	0.00809	0.00209	0.00653	0.00662	0.00681	0.32539
172	0.14496	0.01889	0.01929	0.01545	0.02106	0.07067	0.01258	0.27298	0.08081	0.23336	0.02159	0.02054	0.01490	0.00907	0.00727	0.00236	0.00778	0.00680	0.00758	0.01206
173	0.02284	0.01430	0.01671	0.01381	0.01851	0.01441	0.01099	0.14891	0.16663	0.20385	0.12736	0.06690	0.05512	0.01154	0.00801	0.00239	0.00613	0.00961	0.00807	0.07389
174	0.01497	0.00888	0.01169	0.01096	0.01347	0.00811	0.00859	0.01827	0.02080	0.13814	0.41030	0.09068	0.10010	0.01623	0.00917	0.00263	0.00468	0.09580	0.00837	0.00817
175	0.09794	0.01399	0.01745	0.01363	0.01936	0.01303	0.01119	0.08404	0.04654	0.50071	0.05124	0.02540	0.01963	0.00947	0.00750	0.00235	0.00654	0.00755	0.00872	0.04372
176	0.02729	0.06004	0.02295	0.01965	0.02340	0.55659	0.01513	0.06339	0.02136	0.02055	0.01209	0.01452	0.01018	0.00866	0.00909	0.00216	0.09434	0.00528	0.00411	0.00920
177	0.01015	0.00725	0.00981	0.01160	0.01236	0.00691	0.00843	0.01202	0.01554	0.02058	0.04235	0.57526	0.04974	0.02363	0.01008	0.00325	0.00511	0.16226	0.00718	0.00649
178	0.00964	0.00694	0.00914	0.01055	0.01126	0.00644	0.00717	0.01132	0.01590	0.02135	0.12873	0.61072	0.07607	0.02300	0.00977	0.00304	0.00437	0.02077	0.00738	0.00644
179	0.01653	0.01379	0.01741	0.04305	0.02060	0.01091	0.03591	0.02008	0.01632	0.04838	0.01553	0.04298	0.01319	0.00669	0.00620	0.00139	0.00623	0.00564	0.00479	0.65438
180	0.01236	0.00742	0.00865	0.00868	0.01022	0.00715	0.00630	0.01549	0.01784	0.02772	0.25942	0.13610	0.04364	0.05024	0.00910	0.00251	0.00395	0.01190	0.35429	0.00700
181	0.01692	0.01751	0.02988	0.08138	0.02895	0.02133	0.20915	0.02042	0.01415	0.02060	0.01261	0.01906	0.01108	0.01291	0.04853	0.00349	0.41185	0.00758	0.00359	0.00902

[dist]
# distance from previous block
# <min> <max>
5	7

[block]
# block no. 2 follows, 25 sequences, length 48
# corresponding to MSA columns:
# 292-339
name=unknown_C
#
# <colnr> <probs for GDERKNQSTAVLIFYWHMCP>
#	G	D	E	R	K	N	Q	S	T	A	V	L	I	F	Y	W	H	M	C	P
0	0.00953	0.00790	0.00839	0.00856	0.01099	0.00676	0.00653	0.01168	0.01780	0.02159	0.10457	0.09952	0.57248	0.01976	0.00931	0.00270	0.00418	0.06388	0.00726	0.00662
1	0.04313	0.01215	0.01382	0.01204	0.01531	0.01239	0.00924	0.15063	0.07697	0.09583	0.21297	0.08569	0.11862	0.09214	0.01185	0.00305	0.00575	0.01168	0.00763	0.00912
2	0.00932	0.00726	0.00847	0.00943	0.01089	0.00641	0.00659	0.01095	0.01616	0.02033	0.05940	0.42104	0.34193	0.02213	0.00956	0.00290	0.00423	0.01940	0.00720	0.00641
3	0.01844	0.30508	0.39601	0.01843	0.02770	0.02327	0.02184	0.06440	0.01742	0.02369	0.01301	0.01500	0.01009	0.00721	0.00647	0.00214	0.01005	0.00520	0.00358	0.01099
4	0.78228	0.01499	0.01140	0.01020	0.01499	0.01739	0.00840	0.02279	0.01320	0.03479	0.01080	0.01260	0.00840	0.00720	0.00480	0.00240	0.00600	0.00420	0.00480	0.00840
5	0.01114	0.00766	0.00940	0.00949	0.00983	0.00796	0.00597	0.01184	0.01172	0.01595	0.02448	0.07898	0.02729	0.53905	0.18925	0.00844	0.01042	0.01112	0.00470	0.00529
6	0.01098	0.00743	0.00866	0.00889	0.00908	0.00732	0.00524	0.01142	0.01250	0.01678	0.06894	0.15224	0.03455	0.57605	0.03307	0.00653	0.00682	0.01307	0.00532	0.00511
7	0.01608	0.01378	0.01608	0.01148	0.01837	0.01034	0.00919	0.01952	0.01608	0.02527	0.01378	0.01608	0.01148	0.00574	0.00574	0.00115	0.00574	0.00459	0.00459	0.77491
8	0.01880	0.01802	0.03077	0.10444	0.62535	0.01832	0.02360	0.02345	0.01747	0.02486	0.01452	0.01932	0.01211	0.00698	0.00768	0.00233	0.00931	0.00691	0.00380	0.01197
9	0.01885	0.01453	0.01731	0.04773	0.02083	0.01214	0.01055	0.08417	0.01857	0.08037	0.01562	0.01739	0.01222	0.00651	0.00621	0.00144	0.00632	0.00521	0.00525	0.59880
10	0.65370	0.05695	0.01422	0.01149	0.01630	0.09628	0.00942	0.02376	0.01435	0.03206	0.01093	0.01275	0.00867	0.00726	0.00506	0.00231	0.00704	0.00429	0.00462	0.00855
11	0.03002	0.01620	0.01948	0.01537	0.02098	0.01629	0.01273	0.28944	0.02773	0.34742	0.04813	0.02910	0.02055	0.01063	0.00806	0.00246	0.00734	0.05697	0.00861	0.01251
12	0.06292	0.62624	0.06048	0.01382	0.02036	0.07005	0.01364	0.02371	0.01601	0.01942	0.01096	0.01268	0.00986	0.00677	0.00517	0.00175	0.00862	0.00426	0.00344	0.00986
13	0.01158	0.00802	0.01056	0.01063	0.01216	0.00818	0.00783	0.01412	0.01467	0.02172	0.08760	0.19000	0.03182	0.07821	0.27599	0.00661	0.01082	0.01174	0.13422	0.05349
