[name]
unknown

[dist]
# distance from previous block
# <min> <max>
9	26

[block]
# block no. 0 follows, 26 sequences, length 6
# corresponding to MSA columns:
# 33-38
name=unknown_A
#
# <colnr> <probs for GDERKNQSTAVLIFYWHMCP>
#	G	D	E	R	K	N	Q	S	T	A	V	L	I	F	Y	W	H	M	C	P
0	0.21539	0.02206	0.11502	0.04007	0.02294	0.11846	0.04630	0.13573	0.02039	0.08401	0.06368	0.01924	0.01531	0.00827	0.00678	0.00225	0.00858	0.00625	0.00542	0.04385
1	0.07627	0.01871	0.01706	0.05325	0.02014	0.15611	0.01179	0.18591	0.07595	0.02932	0.04400	0.10665	0.02036	0.05602	0.00972	0.00264	0.02574	0.00859	0.05156	0.03021
2	0.08832	0.08750	0.06241	0.02336	0.11790	0.10437	0.18675	0.02390	0.01753	0.08554	0.02049	0.08205	0.04836	0.00916	0.00757	0.00235	0.00947	0.00838	0.00478	0.00983
3	0.06646	0.28922	0.05341	0.01599	0.02135	0.11812	0.04934	0.10047	0.01874	0.02432	0.04922	0.01683	0.01366	0.00813	0.00793	0.00204	0.07565	0.00565	0.00435	0.05913
4	0.06932	0.05584	0.02267	0.01772	0.04555	0.05779	0.05904	0.32048	0.08134	0.05891	0.01904	0.05759	0.01514	0.00911	0.00728	0.00222	0.00810	0.00735	0.00636	0.07914
5	0.06540	0.05951	0.02032	0.01739	0.05324	0.24755	0.01300	0.17060	0.07310	0.02855	0.05156	0.06830	0.01768	0.00947	0.00710	0.00213	0.00909	0.00721	0.00554	0.07326

[dist]
# distance from previous block
# <min> <max>
0	1

[block]
# block no. 1 follows, 26 sequences, length 122
# corresponding to MSA columns:
# 40-161
name=unknown_B
#
# <colnr> <probs for GDERKNQSTAVLIFYWHMCP>
#	G	D	E	R	K	N	Q	S	T	A	V	L	I	F	Y	W	H	M	C	P
0	0.15762	0.26654	0.14790	0.01826	0.08295	0.04184	0.05011	0.02443	0.01615	0.08516	0.01362	0.01536	0.01063	0.00701	0.00605	0.00206	0.00853	0.00522	0.00420	0.03636
1	0.02301	0.20315	0.15398	0.01575	0.02228	0.06822	0.01529	0.05715	0.13076	0.18465	0.03978	0.02064	0.01616	0.00845	0.00685	0.00218	0.00822	0.00645	0.00586	0.01116
2	0.02311	0.02325	0.08008	0.01587	0.02101	0.25202	0.01324	0.02814	0.08890	0.14487	0.02051	0.08752	0.01702	0.00948	0.00718	0.00210	0.00901	0.00740	0.00566	0.14364
3	0.09492	0.27900	0.23627	0.01600	0.02343	0.04494	0.01707	0.04364	0.07720	0.07955	0.01524	0.01622	0.01162	0.00748	0.00621	0.00211	0.00872	0.00536	0.00444	0.01058
4	0.09233	0.11476	0.33479	0.04293	0.06246	0.01915	0.02027	0.08823	0.04914	0.08440	0.01566	0.01713	0.01139	0.00761	0.00681	0.00229	0.00923	0.00581	0.00456	0.01105
5	0.05908	0.16882	0.42349	0.01932	0.05809	0.01901	0.02167	0.02352	0.01640	0.05185	0.05942	0.01840	0.01430	0.00770	0.00677	0.00224	0.00949	0.00592	0.00393	0.01059
6	0.09266	0.08850	0.14714	0.02451	0.19965	0.09135	0.01798	0.08097	0.10662	0.02737	0.04140	0.01920	0.01463	0.00797	0.00697	0.00225	0.00886	0.00637	0.00475	0.01085
7	0.05672	0.10286	0.04425	0.01854	0.09920	0.11264	0.01377	0.09762	0.08089	0.17217	0.05441	0.02108	0.01692	0.00844	0.00696	0.00212	0.00803	0.00659	0.00605	0.07072
8	0.01714	0.05983	0.59958	0.02067	0.03115	0.01799	0.02588	0.05882	0.01736	0.06162	0.01465	0.01654	0.01029	0.00740	0.00717	0.00237	0.01069	0.00573	0.00378	0.01134
9	0.01027	0.00717	0.00892	0.00992	0.01039	0.00693	0.00658	0.01132	0.01354	0.01790	0.03565	0.36471	0.06189	0.30753	0.02133	0.00482	0.00584	0.08362	0.00606	0.00563
10	0.01415	0.00779	0.00821	0.00804	0.00974	0.00792	0.00589	0.04687	0.01611	0.02693	0.02499	0.06327	0.02145	0.08978	0.03438	0.00283	0.00482	0.00821	0.59161	0.00702
11	0.01638	0.01391	0.01647	0.04693	0.02000	0.01118	0.00989	0.05423	0.01679	0.02571	0.01374	0.01609	0.01127	0.00591	0.00582	0.00126	0.00599	0.00473	0.00461	0.69909
12	0.78701	0.01467	0.01115	0.00997	0.01467	0.01702	0.00821	0.02230	0.01291	0.03403	0.01056	0.01232	0.00821	0.00704	0.00469	0.00235	0.00587	0.00411	0.00469	0.00821
13	0.01102	0.00739	0.00846	0.00846	0.00852	0.00745	0.00483	0.01115	0.01109	0.01485	0.02373	0.04869	0.02717	0.70124	0.07024	0.00758	0.00797	0.01089	0.00457	0.00470
14	0.01823	0.01763	0.03054	0.12139	0.58376	0.01795	0.05326	0.02289	0.01706	0.02415	0.01423	0.01902	0.01178	0.00683	0.00759	0.00230	0.00932	0.00686	0.00372	0.01152
15	0.02028	0.73799	0.03975	0.01298	0.01947	0.03001	0.01298	0.02271	0.01541	0.01785	0.01055	0.01217	0.00973	0.00649	0.00487	0.00162	0.00811	0.00406	0.00324	0.00973
16	0.01665	0.00910	0.01212	0.01077	0.01358	0.00824	0.00843	0.02006	0.02131	0.19557	0.48360	0.05051	0.05682	0.01427	0.00870	0.00244	0.00449	0.04620	0.00854	0.00859
17	0.02068	0.70275	0.03883	0.01331	0.01967	0.06381	0.01306	0.02309	0.01572	0.01788	0.01060	0.01224	0.00974	0.00656	0.00497	0.00164	0.00839	0.00410	0.00328	0.00969
18	0.03108	0.01339	0.01741	0.01376	0.01923	0.01234	0.01122	0.06566	0.09196	0.56078	0.02999	0.05636	0.02034	0.01010	0.00773	0.00240	0.00641	0.00830	0.00902	0.01252
19	0.01103	0.00735	0.00827	0.00827	0.00827	0.00735	0.00460	0.01103	0.01103	0.01471	0.02390	0.04964	0.02758	0.73343	0.03861	0.00735	0.00735	0.01103	0.00460	0.00460
20	0.01074	0.00775	0.01014	0.00954	0.01133	0.00716	0.00716	0.01431	0.02147	0.03042	0.68211	0.05666	0.07157	0.01551	0.00895	0.00239	0.00358	0.01372	0.00835	0.00716
21	0.01877	0.01802	0.03079	0.04656	0.68612	0.01802	0.02328	0.02328	0.01727	0.02478	0.01427	0.01877	0.01201	0.00676	0.00751	0.00225	0.00901	0.00676	0.00375	0.01201
22	0.01346	0.01199	0.01738	0.04639	0.01797	0.01569	0.01304	0.01582	0.01208	0.01796	0.01558	0.02372	0.01472	0.03605	0.38226	0.00797	0.31929	0.00743	0.00371	0.00750
23	0.78701	0.01467	0.01115	0.00997	0.01467	0.01702	0.00821	0.02230	0.01291	0.03403	0.01056	0.01232	0.00821	0.00704	0.00469	0.00235	0.00587	0.00411	0.00469	0.00821
24	0.00936	0.00665	0.00877	0.01041	0.01083	0.00624	0.00688	0.01059	0.01430	0.01906	0.04066	0.68489	0.04872	0.06933	0.01154	0.00335	0.00459	0.02089	0.00688	0.00606
25	0.72823	0.01518	0.01205	0.01055	0.01536	0.01752	0.00870	0.07180	0.01467	0.03510	0.01115	0.01278	0.00858	0.00720	0.00492	0.00234	0.00606	0.00432	0.00492	0.00858
26	0.06103	0.01459	0.01734	0.01421	0.01935	0.01478	0.01144	0.09554	0.22332	0.37288	0.02869	0.05127	0.02027	0.01007	0.00760	0.00244	0.00639	0.00821	0.00841	0.01217
27	0.01074	0.00775	0.01014	0.00954	0.01133	0.00716	0.00716	0.01431	0.02147	0.03042	0.68211	0.05666	0.07157	0.01551	0.00895	0.00239	0.00358	0.01372	0.00835	0.00716
28	0.01012	0.00731	0.00959	0.01012	0.01136	0.00679	0.00730	0.01269	0.01823	0.02508	0.36285	0.34017	0.08203	0.01935	0.00933	0.00274	0.00409	0.04645	0.00769	0.00671
29	0.02983	0.01746	0.02019	0.01566	0.02139	0.01811	0.01286	0.39889	0.02949	0.28474	0.02367	0.05482	0.01685	0.00991	0.00770	0.00234	0.00746	0.00783	0.00823	0.01258
30	0.03151	0.01235	0.01679	0.01307	0.01849	0.01072	0.01072	0.03451	0.02168	0.61977	0.10058	0.02916	0.02450	0.01005	0.00777	0.00235	0.00614	0.00829	0.00928	0.01229
31	0.01887	0.01629	0.01715	0.01544	0.01972	0.01887	0.01201	0.04031	0.67241	0.03173	0.03087	0.02830	0.02315	0.01029	0.00772	0.00257	0.00600	0.00858	0.00772	0.01201
32	0.01877	0.01802	0.03079	0.04656	0.68612	0.01802	0.02328	0.02328	0.01727	0.02478	0.01427	0.01877	0.01201	0.00676	0.00751	0.00225	0.00901	0.00676	0.00375	0.01201
33	0.03379	0.01330	0.01785	0.01368	0.01956	0.01173	0.01130	0.06642	0.02237	0.66098	0.02937	0.02546	0.01850	0.00937	0.00763	0.00234	0.00654	0.00759	0.00930	0.01291
34	0.02934	0.02043	0.02226	0.01707	0.02312	0.02232	0.01410	0.60005	0.03430	0.11050	0.01935	0.01895	0.01347	0.00913	0.00759	0.00228	0.00816	0.00691	0.00776	0.01290
35	0.13482	0.01359	0.01701	0.01323	0.01896	0.01260	0.01093	0.06844	0.02128	0.56864	0.02670	0.02360	0.01704	0.00906	0.00723	0.00234	0.00648	0.00711	0.00866	0.01228
36	0.41073	0.01744	0.01534	0.01295	0.01783	0.08601	0.01046	0.14607	0.01958	0.14073	0.01663	0.04723	0.01281	0.00863	0.00615	0.00233	0.00716	0.00604	0.00603	0.00983
37	0.00924	0.00660	0.00880	0.01056	0.01100	0.00616	0.00704	0.01056	0.01452	0.01936	0.04181	0.72848	0.05017	0.02376	0.00968	0.00308	0.00440	0.02156	0.00704	0.00616
38	0.01573	0.01348	0.01573	0.01123	0.01798	0.01011	0.00899	0.01910	0.01573	0.02472	0.01348	0.01573	0.01123	0.00562	0.00562	0.00112	0.00562	0.00449	0.00449	0.77980
39	0.01893	0.01968	0.04130	0.02967	0.03699	0.01855	0.57692	0.05130	0.01896	0.05899	0.03883	0.02186	0.01397	0.00697	0.00883	0.00253	0.01197	0.00896	0.00443	0.01037
40	0.02882	0.01355	0.01724	0.01350	0.01897	0.01250	0.01100	0.08771	0.08116	0.46822	0.08198	0.02715	0.02246	0.00965	0.00758	0.00227	0.00627	0.00790	0.00861	0.07347
41	0.78701	0.01467	0.01115	0.00997	0.01467	0.01702	0.00821	0.02230	0.01291	0.03403	0.01056	0.01232	0.00821	0.00704	0.00469	0.00235	0.00587	0.00411	0.00469	0.00821
42	0.02028	0.73799	0.03975	0.01298	0.01947	0.03001	0.01298	0.02271	0.01541	0.01785	0.01055	0.01217	0.00973	0.00649	0.00487	0.00162	0.00811	0.00406	0.00324	0.00973
43	0.01521	0.03923	0.69413	0.02162	0.03283	0.01762	0.02802	0.02402	0.01601	0.02402	0.01361	0.01601	0.00961	0.00721	0.00721	0.00240	0.01121	0.00560	0.00320	0.01121
44	0.01090	0.00787	0.01088	0.01088	0.01178	0.00877	0.00785	0.01270	0.01180	0.01664	0.02151	0.03643	0.02184	0.28312	0.48108	0.01057	0.01598	0.00910	0.00424	0.00604
45	0.02028	0.73799	0.03975	0.01298	0.01947	0.03001	0.01298	0.02271	0.01541	0.01785	0.01055	0.01217	0.00973	0.00649	0.00487	0.00162	0.00811	0.00406	0.00324	0.00973
46	0.01063	0.00718	0.00839	0.00879	0.00889	0.00708	0.00515	0.01092	0.01182	0.01576	0.02794	0.20265	0.03267	0.57347	0.03209	0.00639	0.00669	0.01340	0.00515	0.00495
47	0.01084	0.00813	0.01219	0.01219	0.01354	0.00948	0.00948	0.01354	0.01219	0.01761	0.02032	0.02980	0.01896	0.05689	0.70337	0.01219	0.02032	0.00813	0.00406	0.00677
48	0.01432	0.01348	0.02275	0.71520	0.05224	0.01685	0.02107	0.01938	0.01517	0.01938	0.01348	0.02022	0.01011	0.00758	0.00758	0.00253	0.01011	0.00674	0.00337	0.00843
49	0.02883	0.02125	0.02276	0.01745	0.02352	0.02352	0.01442	0.66082	0.03566	0.04780	0.01821	0.01821	0.01290	0.00911	0.00759	0.00228	0.00835	0.00683	0.00759	0.01290
50	0.01103	0.00735	0.00827	0.00827	0.00827	0.00735	0.00460	0.01103	0.01103	0.01471	0.02390	0.04964	0.02758	0.73343	0.03861	0.00735	0.00735	0.01103	0.00460	0.00460
51	0.01628	0.01381	0.01602	0.01150	0.01821	0.01067	0.00922	0.04602	0.01656	0.02568	0.01368	0.01583	0.01130	0.00576	0.00570	0.00117	0.00573	0.00459	0.00462	0.74762
52	0.67618	0.01476	0.01231	0.01066	0.01553	0.01667	0.00878	0.05063	0.01479	0.10360	0.01291	0.01399	0.00952	0.00737	0.00512	0.00234	0.00603	0.00459	0.00531	0.00890
53	0.01103	0.00735	0.00827	0.00827	0.00827	0.00735	0.00460	0.01103	0.01103	0.01471	0.02390	0.04964	0.02758	0.73343	0.03861	0.00735	0.00735	0.01103	0.00460	0.00460
54	0.01771	0.02009	0.04358	0.06859	0.04032	0.01906	0.62440	0.02403	0.01776	0.02403	0.01525	0.02045	0.01143	0.00646	0.00888	0.00256	0.01264	0.00883	0.00381	0.01013
55	0.01815	0.11719	0.45316	0.02101	0.03044	0.05224	0.08228	0.09318	0.01851	0.02564	0.01382	0.01610	0.01016	0.00728	0.00712	0.00229	0.01080	0.00583	0.00377	0.01102
56	0.01103	0.00735	0.00827	0.00827	0.00827	0.00735	0.00460	0.01103	0.01103	0.01471	0.02390	0.04964	0.02758	0.73343	0.03861	0.00735	0.00735	0.01103	0.00460	0.00460
57	0.01414	0.00707	0.00707	0.00707	0.00884	0.00707	0.00530	0.01767	0.01591	0.02828	0.02474	0.02828	0.01944	0.00884	0.00530	0.00177	0.00353	0.00707	0.77554	0.00707
58	0.05287	0.03261	0.51165	0.01946	0.02919	0.01671	0.02350	0.05636	0.01783	0.14491	0.01661	0.01771	0.01134	0.00768	0.00719	0.00238	0.00999	0.00596	0.00458	0.01146
59	0.04719	0.01680	0.01827	0.03787	0.02066	0.04662	0.01220	0.26886	0.13976	0.14127	0.14209	0.02784	0.02590	0.01035	0.00774	0.00236	0.00699	0.00834	0.00765	0.01124
60	0.01790	0.02046	0.04476	0.03197	0.03964	0.01918	0.65857	0.02430	0.01790	0.02430	0.01535	0.02046	0.01151	0.00639	0.00895	0.00256	0.01279	0.00895	0.00384	0.01023
61	0.78701	0.01467	0.01115	0.00997	0.01467	0.01702	0.00821	0.02230	0.01291	0.03403	0.01056	0.01232	0.00821	0.00704	0.00469	0.00235	0.00587	0.00411	0.00469	0.00821
62	0.08885	0.57910	0.12479	0.01386	0.02082	0.02718	0.01456	0.02285	0.01527	0.02013	0.01096	0.01270	0.00958	0.00664	0.00516	0.00179	0.00832	0.00427	0.00337	0.00979
63	0.04489	0.01670	0.02633	0.32639	0.30469	0.04388	0.05116	0.02271	0.04735	0.02288	0.01454	0.01949	0.01148	0.00731	0.00749	0.00239	0.00958	0.00677	0.00382	0.01014
64	0.00936	0.00679	0.00887	0.01049	0.01116	0.00630	0.00718	0.01083	0.01488	0.01961	0.04455	0.64529	0.10087	0.02326	0.00966	0.00306	0.00448	0.05008	0.00704	0.00622
65	0.01008	0.00723	0.00940	0.01086	0.01154	0.00691	0.00736	0.03856	0.01543	0.02059	0.04079	0.69790	0.04856	0.02313	0.00959	0.00305	0.00457	0.02093	0.00706	0.00645
66	0.01654	0.01712	0.02566	0.04781	0.02409	0.05259	0.13667	0.01922	0.01379	0.01960	0.01556	0.07137	0.03362	0.01245	0.01877	0.00304	0.45143	0.00838	0.00383	0.00848
67	0.07839	0.00770	0.00741	0.00731	0.00932	0.00790	0.00554	0.01806	0.01566	0.02876	0.02356	0.02695	0.01851	0.00869	0.00525	0.00182	0.00373	0.00682	0.71145	0.00716
68	0.01222	0.00873	0.01222	0.01397	0.01572	0.00873	0.01222	0.01572	0.01746	0.02270	0.04016	0.08556	0.04365	0.02095	0.01048	0.00349	0.00698	0.63506	0.00698	0.00698
69	0.02883	0.02125	0.02276	0.01745	0.02352	0.02352	0.01442	0.66082	0.03566	0.04780	0.01821	0.01821	0.01290	0.00911	0.00759	0.00228	0.00835	0.00683	0.00759	0.01290
70	0.01743	0.01970	0.04279	0.03080	0.03807	0.01847	0.62291	0.02354	0.01772	0.02403	0.01679	0.05921	0.01362	0.00734	0.00899	0.00259	0.01233	0.00964	0.00401	0.01001
71	0.00912	0.00733	0.00815	0.00871	0.01054	0.00635	0.00624	0.01091	0.01653	0.02050	0.08841	0.29071	0.44875	0.02058	0.00920	0.00273	0.00402	0.01777	0.00709	0.00635
72	0.01222	0.00873	0.01222	0.01397	0.01572	0.00873	0.01222	0.01572	0.01746	0.02270	0.04016	0.08556	0.04365	0.02095	0.01048	0.00349	0.00698	0.63506	0.00698	0.00698
73	0.01734	0.01858	0.03683	0.13953	0.14211	0.01906	0.39033	0.02273	0.01671	0.02297	0.01431	0.01975	0.01121	0.00737	0.01020	0.00259	0.08666	0.00801	0.00370	0.01003
74	0.01617	0.01613	0.02246	0.01927	0.01993	0.04314	0.04311	0.01820	0.01229	0.01843	0.01179	0.01864	0.01136	0.01931	0.12486	0.00457	0.56180	0.00690	0.00347	0.00817
75	0.01659	0.01659	0.02323	0.01991	0.01991	0.02323	0.01659	0.01825	0.01162	0.01825	0.00996	0.01659	0.00996	0.01328	0.02489	0.00332	0.71955	0.00664	0.00332	0.00830
76	0.71510	0.01529	0.01225	0.01068	0.01551	0.01763	0.00880	0.08286	0.01507	0.03534	0.01129	0.01288	0.00866	0.00724	0.00497	0.00234	0.00610	0.00437	0.00497	0.00866
77	0.01414	0.00707	0.00707	0.00707	0.00884	0.00707	0.00530	0.01767	0.01591	0.02828	0.02474	0.02828	0.01944	0.00884	0.00530	0.00177	0.00353	0.00707	0.77554	0.00707
78	0.01453	0.01370	0.02313	0.68360	0.08220	0.01691	0.02117	0.01956	0.01527	0.01964	0.01352	0.02015	0.01020	0.00754	0.00758	0.00251	0.01006	0.00674	0.00339	0.00860
79	0.02885	0.01968	0.02167	0.01657	0.02265	0.02110	0.01367	0.54035	0.03267	0.13536	0.01957	0.01913	0.01362	0.00896	0.00749	0.00222	0.00794	0.00681	0.00767	0.05401
80	0.01563	0.01529	0.02244	0.08518	0.02273	0.02041	0.04608	0.01778	0.01240	0.01853	0.01318	0.05713	0.01324	0.04593	0.04260	0.00364	0.52832	0.00779	0.00363	0.00808
81	0.01269	0.00956	0.01191	0.01254	0.01472	0.00959	0.01030	0.05157	0.07334	0.02455	0.08489	0.15107	0.14928	0.01912	0.00964	0.00307	0.00593	0.33150	0.00718	0.00754
82	0.01644	0.01545	0.02321	0.49255	0.13945	0.04643	0.02001	0.05348	0.04793	0.02227	0.01561	0.02252	0.01242	0.00819	0.00766	0.00249	0.00970	0.03088	0.00401	0.00931
83	0.05315	0.68668	0.05741	0.01310	0.01965	0.02910	0.01321	0.02273	0.01532	0.01872	0.01063	0.01229	0.00966	0.00653	0.00493	0.00168	0.00810	0.00410	0.00331	0.00971
84	0.01518	0.01497	0.02717	0.56003	0.07697	0.01733	0.13931	0.02046	0.01576	0.02052	0.01386	0.02020	0.01045	0.00733	0.00783	0.00252	0.01056	0.00715	0.00347	0.00891
85	0.02775	0.09059	0.02311	0.01876	0.02314	0.56646	0.01449	0.10632	0.02273	0.02206	0.01242	0.01411	0.01015	0.00787	0.00677	0.00197	0.01258	0.00505	0.00430	0.00937
86	0.01964	0.01920	0.02876	0.11218	0.53007	0.07399	0.02186	0.05834	0.01840	0.02497	0.01419	0.01848	0.01168	0.00706	0.00747	0.00226	0.00947	0.00661	0.00394	0.01143
87	0.00931	0.00666	0.00886	0.01051	0.01102	0.00621	0.00705	0.01074	0.01485	0.01989	0.07207	0.69673	0.05118	0.02337	0.00965	0.00305	0.00436	0.02119	0.00710	0.00621
88	0.01887	0.01629	0.01715	0.01544	0.01972	0.01887	0.01201	0.04031	0.67241	0.03173	0.03087	0.02830	0.02315	0.01029	0.00772	0.00257	0.00600	0.00858	0.00772	0.01201
89	0.75915	0.01460	0.01139	0.01011	0.01484	0.01680	0.00832	0.02284	0.01323	0.05836	0.01128	0.01282	0.00861	0.00713	0.00480	0.00235	0.00589	0.00424	0.00487	0.00839
90	0.00974	0.00731	0.01031	0.01117	0.01212	0.00679	0.03203	0.01155	0.01558	0.02092	0.11895	0.59914	0.07186	0.02196	0.00954	0.00296	0.00461	0.01995	0.00708	0.00644
91	0.01543	0.06970	0.66560	0.02124	0.03225	0.01816	0.02737	0.02396	0.01599	0.02375	0.01348	0.01585	0.00961	0.00718	0.00710	0.00237	0.01107	0.00554	0.00320	0.01115
92	0.01610	0.16094	0.58016	0.02011	0.03050	0.01977	0.02540	0.02379	0.01591	0.02295	0.01308	0.01534	0.00963	0.00708	0.00680	0.00227	0.01067	0.00534	0.00321	0.01095
93	0.01605	0.01462	0.02370	0.61019	0.04859	0.01767	0.04780	0.08908	0.01751	0.02267	0.01407	0.02001	0.01047	0.00770	0.00764	0.00250	0.01004	0.00685	0.00385	0.00899
94	0.01102	0.00741	0.00858	0.00858	0.00868	0.00752	0.00498	0.01123	0.01112	0.01493	0.02362	0.04810	0.02691	0.68092	0.09020	0.00773	0.00836	0.01081	0.00455	0.00476
95	0.02028	0.73799	0.03975	0.01298	0.01947	0.03001	0.01298	0.02271	0.01541	0.01785	0.01055	0.01217	0.00973	0.00649	0.00487	0.00162	0.00811	0.00406	0.00324	0.00973
96	0.00938	0.00670	0.00896	0.01072	0.01122	0.00628	0.00729	0.01081	0.01466	0.01952	0.04173	0.69809	0.04986	0.02363	0.00972	0.00310	0.00452	0.05056	0.00704	0.00620
97	0.01066	0.00770	0.01008	0.00959	0.01132	0.00711	0.00715	0.01414	0.02114	0.02989	0.65185	0.08841	0.07056	0.01590	0.00898	0.00242	0.00362	0.01409	0.00829	0.00711
98	0.01058	0.00775	0.00993	0.00938	0.01124	0.00709	0.00704	0.01402	0.02111	0.02955	0.62945	0.05808	0.12477	0.01583	0.00895	0.00240	0.00360	0.01392	0.00824	0.00709
99	0.01984	0.67745	0.09644	0.01373	0.02063	0.02894	0.01428	0.02283	0.01546	0.01838	0.01081	0.01250	0.00972	0.00655	0.00507	0.00169	0.00838	0.00419	0.00324	0.00986
100	0.03018	0.01909	0.02143	0.01643	0.02244	0.02032	0.01357	0.49917	0.03205	0.21457	0.02125	0.02018	0.01442	0.00918	0.00760	0.00229	0.00786	0.00704	0.00805	0.01290
101	0.02833	0.03615	0.02149	0.01954	0.02345	0.70298	0.01466	0.03029	0.02149	0.01856	0.01172	0.01368	0.00977	0.00782	0.00684	0.00195	0.01368	0.00489	0.00391	0.00879
102	0.02028	0.73799	0.03975	0.01298	0.01947	0.03001	0.01298	0.02271	0.01541	0.01785	0.01055	0.01217	0.00973	0.00649	0.00487	0.00162	0.00811	0.00406	0.00324	0.00973
103	0.01481	0.00862	0.01141	0.01029	0.01275	0.00782	0.00786	0.01818	0.02121	0.14747	0.53822	0.08047	0.06125	0.01478	0.00874	0.00241	0.00413	0.01298	0.00848	0.00814
104	0.00905	0.00769	0.00781	0.00778	0.01030	0.00644	0.00583	0.01106	0.01750	0.02099	0.10724	0.07218	0.65233	0.01902	0.00896	0.00255	0.00383	0.01589	0.00711	0.00644
105	0.00924	0.00660	0.00880	0.01056	0.01100	0.00616	0.00704	0.01056	0.01452	0.01936	0.04181	0.72848	0.05017	0.02376	0.00968	0.00308	0.00440	0.02156	0.00704	0.00616
106	0.01521	0.03923	0.69413	0.02162	0.03283	0.01762	0.02802	0.02402	0.01601	0.02402	0.01361	0.01601	0.00961	0.00721	0.00721	0.00240	0.01121	0.00560	0.00320	0.01121
107	0.01624	0.01544	0.02621	0.42738	0.32509	0.01736	0.02202	0.02106	0.01607	0.02170	0.01382	0.01960	0.01093	0.00723	0.00755	0.00241	0.00964	0.00675	0.00354	0.00997
108	0.01835	0.00944	0.01258	0.01083	0.01396	0.00846	0.00846	0.02171	0.02155	0.24636	0.46903	0.04658	0.05432	0.01351	0.00852	0.00237	0.00452	0.01173	0.00869	0.00904
109	0.78701	0.01467	0.01115	0.00997	0.01467	0.01702	0.00821	0.02230	0.01291	0.03403	0.01056	0.01232	0.00821	0.00704	0.00469	0.00235	0.00587	0.00411	0.00469	0.00821
110	0.00999	0.00907	0.00848	0.00844	0.01104	0.03962	0.00638	0.01196	0.01749	0.02047	0.07263	0.07056	0.63161	0.01872	0.00891	0.00256	0.00441	0.03426	0.00689	0.00653
111	0.00950	0.00679	0.00910	0.01086	0.01141	0.00638	0.00749	0.01101	0.01478	0.01965	0.04166	0.67278	0.04960	0.02352	0.00975	0.00312	0.00462	0.07472	0.00704	0.00623
112	0.00924	0.00660	0.00880	0.01056	0.01100	0.00616	0.00704	0.01056	0.01452	0.01936	0.04181	0.72848	0.05017	0.02376	0.00968	0.00308	0.00440	0.02156	0.00704	0.00616
113	0.02028	0.73799	0.03975	0.01298	0.01947	0.03001	0.01298	0.02271	0.01541	0.01785	0.01055	0.01217	0.00973	0.00649	0.00487	0.00162	0.00811	0.00406	0.00324	0.00973
114	0.01564	0.09740	0.63965	0.02090	0.03172	0.01865	0.02677	0.02391	0.01596	0.02351	0.01336	0.01569	0.00962	0.00715	0.00701	0.00234	0.01095	0.00548	0.00321	0.01109
115	0.03332	0.01307	0.01758	0.01359	0.01938	0.01151	0.01119	0.03712	0.05243	0.66022	0.02997	0.02593	0.01898	0.00943	0.00763	0.00236	0.00643	0.00767	0.00931	0.01287
116	0.05812	0.37253	0.03017	0.01460	0.02080	0.02540	0.01317	0.26743	0.02356	0.08605	0.01508	0.01562	0.01163	0.00775	0.00613	0.00196	0.00797	0.00541	0.00548	0.01114
117	0.78701	0.01467	0.01115	0.00997	0.01467	0.01702	0.00821	0.02230	0.01291	0.03403	0.01056	0.01232	0.00821	0.00704	0.00469	0.00235	0.00587	0.00411	0.00469	0.00821
118	0.01061	0.00766	0.01003	0.00963	0.01130	0.00707	0.00715	0.01400	0.02090	0.02951	0.62931	0.11207	0.06980	0.01619	0.00901	0.00244	0.00365	0.01436	0.00824	0.00707
119	0.02714	0.03130	0.02110	0.01868	0.02296	0.51156	0.01427	0.12426	0.11074	0.02462	0.01524	0.01630	0.01202	0.00834	0.00707	0.00208	0.01187	0.00566	0.00496	0.00983
120	0.01432	0.01348	0.02275	0.71520	0.05224	0.01685	0.02107	0.01938	0.01517	0.01938	0.01348	0.02022	0.01011	0.00758	0.00758	0.00253	0.01011	0.00674	0.00337	0.00843
121	0.02691	0.02198	0.02157	0.01731	0.02280	0.09853	0.01399	0.47441	0.15312	0.04153	0.01985	0.01959	0.01447	0.00918	0.00753	0.00230	0.00850	0.00694	0.00720	0.01227

[dist]
# distance from previous block
# <min> <max>
0	1

[block]
# block no. 2 follows, 26 sequences, length 24
# corresponding to MSA columns:
# 163-186
name=unknown_C
#
# <colnr> <probs for GDERKNQSTAVLIFYWHMCP>
#	G	D	E	R	K	N	Q	S	T	A	V	L	I	F	Y	W	H	M	C	P
0	0.01889	0.05277	0.04126	0.03180	0.10828	0.07101	0.51233	0.02457	0.01800	0.02364	0.01474	0.01940	0.01136	0.00654	0.00846	0.00244	0.01224	0.00819	0.00381	0.01030
1	0.01573	0.01348	0.01573	0.01123	0.01798	0.01011	0.00899	0.01910	0.01573	0.02472	0.01348	0.01573	0.01123	0.00562	0.00562	0.00112	0.00562	0.00449	0.00449	0.77980
2	0.01041	0.00774	0.00969	0.00920	0.01113	0.00702	0.00690	0.01369	0.02071	0.02861	0.57201	0.05963	0.18280	0.01618	0.00895	0.00242	0.00363	0.01413	0.00811	0.00702
3	0.01180	0.00843	0.01174	0.01348	0.01504	0.00836	0.01148	0.01498	0.01704	0.02222	0.04039	0.17712	0.04458	0.02135	0.01036	0.00343	0.00662	0.54770	0.00699	0.00687
4	0.01573	0.01348	0.01573	0.01123	0.01798	0.01011	0.00899	0.01910	0.01573	0.02472	0.01348	0.01573	0.01123	0.00562	0.00562	0.00112	0.00562	0.00449	0.00449	0.77980
5	0.02965	0.01224	0.01639	0.01295	0.01810	0.01085	0.01055	0.03351	0.05054	0.55684	0.13384	0.03084	0.02738	0.01040	0.00784	0.00236	0.00598	0.00864	0.00915	0.01195
6	0.78701	0.01467	0.01115	0.00997	0.01467	0.01702	0.00821	0.02230	0.01291	0.03403	0.01056	0.01232	0.00821	0.00704	0.00469	0.00235	0.00587	0.00411	0.00469	0.00821
7	0.01081	0.00757	0.00917	0.00917	0.00972	0.00779	0.00588	0.01163	0.01184	0.01590	0.02753	0.04681	0.08122	0.50865	0.19728	0.00812	0.01020	0.01075	0.00467	0.00528
8	0.01790	0.02046	0.04476	0.03197	0.03964	0.01918	0.65857	0.02430	0.01790	0.02430	0.01535	0.02046	0.01151	0.00639	0.00895	0.00256	0.01279	0.00895	0.00384	0.01023
9	0.01678	0.01345	0.01584	0.01136	0.01806	0.01017	0.00911	0.02012	0.01607	0.06296	0.01442	0.01631	0.01167	0.00583	0.00573	0.00119	0.00567	0.00467	0.00477	0.73580
10	0.01573	0.01348	0.01573	0.01123	0.01798	0.01011	0.00899	0.01910	0.01573	0.02472	0.01348	0.01573	0.01123	0.00562	0.00562	0.00112	0.00562	0.00449	0.00449	0.77980
11	0.01852	0.01777	0.03034	0.08414	0.65049	0.01796	0.02315	0.02306	0.01715	0.02448	0.01422	0.01885	0.01191	0.00680	0.00751	0.00227	0.00907	0.00676	0.00373	0.01181
12	0.01073	0.00922	0.00937	0.00906	0.01193	0.00862	0.00688	0.01613	0.13400	0.02249	0.06865	0.06503	0.56548	0.01762	0.00874	0.00256	0.00423	0.01468	0.00716	0.00740
13	0.01051	0.00774	0.00983	0.00931	0.01120	0.00706	0.00698	0.01389	0.02095	0.02918	0.60677	0.05869	0.14769	0.01597	0.00895	0.00241	0.00361	0.01400	0.00819	0.00706
14	0.01074	0.00775	0.01014	0.00954	0.01133	0.00716	0.00716	0.01431	0.02147	0.03042	0.68211	0.05666	0.07157	0.01551	0.00895	0.00239	0.00358	0.01372	0.00835	0.00716
15	0.02883	0.02125	0.02276	0.01745	0.02352	0.02352	0.01442	0.66082	0.03566	0.04780	0.01821	0.01821	0.01290	0.00911	0.00759	0.00228	0.00835	0.00683	0.00759	0.01290
16	0.02883	0.02125	0.02276	0.01745	0.02352	0.02352	0.01442	0.66082	0.03566	0.04780	0.01821	0.01821	0.01290	0.00911	0.00759	0.00228	0.00835	0.00683	0.00759	0.01290
17	0.01318	0.00659	0.00988	0.00988	0.00988	0.00659	0.00659	0.00988	0.00988	0.01318	0.01318	0.02306	0.01318	0.02635	0.02964	0.77931	0.00659	0.00659	0.00329	0.00329
18	0.02833	0.03615	0.02149	0.01954	0.02345	0.70298	0.01466	0.03029	0.02149	0.01856	0.01172	0.01368	0.00977	0.00782	0.00684	0.00195	0.01368	0.00489	0.00391	0.00879
19	0.01432	0.01348	0.02275	0.71520	0.05224	0.01685	0.02107	0.01938	0.01517	0.01938	0.01348	0.02022	0.01011	0.00758	0.00758	0.00253	0.01011	0.00674	0.00337	0.00843
20	0.01833	0.01757	0.02998	0.11346	0.62269	0.01791	0.02306	0.02289	0.01706	0.02424	0.01419	0.01892	0.01182	0.00684	0.00752	0.00228	0.00912	0.00676	0.00372	0.01166
21	0.69038	0.01551	0.01263	0.01093	0.01580	0.01785	0.00901	0.10368	0.01581	0.03579	0.01154	0.01307	0.00881	0.00730	0.00506	0.00234	0.00618	0.00445	0.00506	0.00881
22	0.22642	0.01861	0.01890	0.10239	0.02415	0.05811	0.01318	0.33200	0.02488	0.03720	0.01588	0.04091	0.01236	0.00868	0.00678	0.00230	0.00798	0.00641	0.00596	0.03692
23	0.29277	0.25110	0.05561	0.01365	0.01953	0.04845	0.01241	0.17674	0.01967	0.03109	0.01259	0.01392	0.00996	0.00740	0.00565	0.00208	0.00773	0.00485	0.00483	0.01000

[dist]
# distance from previous block
# <min> <max>
0	4

[block]
# block no. 3 follows, 26 sequences, length 55
# corresponding to MSA columns:
# 191-245
name=unknown_D
#
# <colnr> <probs for GDERKNQSTAVLIFYWHMCP>
#	G	D	E	R	K	N	Q	S	T	A	V	L	I	F	Y	W	H	M	C	P
0	0.07577	0.01976	0.02176	0.10183	0.02588	0.05441	0.01491	0.41839	0.02795	0.06674	0.01649	0.01801	0.01206	0.00916	0.00913	0.00241	0.08107	0.00656	0.00635	0.01138
1	0.01971	0.01686	0.02252	0.39465	0.06695	0.05686	0.01823	0.15822	0.05173	0.06001	0.01591	0.01985	0.01182	0.00840	0.00843	0.00246	0.04585	0.00678	0.00482	0.00994
2	0.05545	0.01846	0.04617	0.01556	0.02126	0.01857	0.01306	0.38813	0.05513	0.14948	0.02124	0.05460	0.01615	0.03261	0.00844	0.00244	0.00756	0.00758	0.00729	0.06083
3	0.01552	0.03706	0.61893	0.02282	0.03362	0.01780	0.10104	0.02405	0.01623	0.02405	0.01381	0.01653	0.00983	0.00711	0.00741	0.00242	0.01139	0.00599	0.00328	0.01110
4	0.01827	0.01561	0.01671	0.01530	0.01936	0.01795	0.01203	0.03809	0.61347	0.03092	0.03171	0.03345	0.02500	0.01125	0.00797	0.00266	0.00609	0.06496	0.00765	0.01155
5	0.01092	0.00741	0.00845	0.00845	0.00864	0.00742	0.00490	0.01115	0.01139	0.01513	0.02626	0.04974	0.05866	0.66442	0.07124	0.00737	0.00785	0.01112	0.00469	0.00479
6	0.01492	0.01436	0.02420	0.57610	0.06704	0.01777	0.05386	0.01962	0.01495	0.01967	0.01318	0.01976	0.01022	0.00818	0.00972	0.00262	0.09498	0.00684	0.00340	0.00861
7	0.00924	0.00660	0.00880	0.01056	0.01100	0.00616	0.00704	0.01056	0.01452	0.01936	0.04181	0.72848	0.05017	0.02376	0.00968	0.00308	0.00440	0.02156	0.00704	0.00616
8	0.00979	0.00724	0.00974	0.01124	0.01173	0.00719	0.00783	0.01126	0.01454	0.01950	0.04008	0.65453	0.04773	0.02306	0.01051	0.00312	0.04119	0.05656	0.00685	0.00632
9	0.01780	0.01729	0.02786	0.02233	0.02439	0.02168	0.16295	0.02061	0.01358	0.05475	0.01223	0.01796	0.01077	0.01150	0.02035	0.00309	0.52091	0.00722	0.00375	0.00898
10	0.03325	0.01308	0.01758	0.01359	0.01938	0.01154	0.01119	0.03714	0.05505	0.65758	0.02997	0.02594	0.01900	0.00943	0.00763	0.00236	0.00643	0.00768	0.00930	0.01286
11	0.01877	0.01802	0.03079	0.04656	0.68612	0.01802	0.02328	0.02328	0.01727	0.02478	0.01427	0.01877	0.01201	0.00676	0.00751	0.00225	0.00901	0.00676	0.00375	0.01201
12	0.02833	0.03615	0.02149	0.01954	0.02345	0.70298	0.01466	0.03029	0.02149	0.01856	0.01172	0.01368	0.00977	0.00782	0.00684	0.00195	0.01368	0.00489	0.00391	0.00879
13	0.00961	0.00771	0.00858	0.00836	0.01064	0.00668	0.00627	0.01213	0.01881	0.02410	0.29716	0.06705	0.46046	0.01786	0.00896	0.00250	0.00375	0.01517	0.00752	0.00668
14	0.02265	0.01628	0.02747	0.02058	0.02677	0.01541	0.25855	0.03038	0.13992	0.23352	0.04764	0.02454	0.01815	0.00832	0.00803	0.00237	0.00861	0.00827	0.00651	0.07604
15	0.01432	0.01348	0.02275	0.71520	0.05224	0.01685	0.02107	0.01938	0.01517	0.01938	0.01348	0.02022	0.01011	0.00758	0.00758	0.00253	0.01011	0.00674	0.00337	0.00843
16	0.01573	0.01348	0.01573	0.01123	0.01798	0.01011	0.00899	0.01910	0.01573	0.02472	0.01348	0.01573	0.01123	0.00562	0.00562	0.00112	0.00562	0.00449	0.00449	0.77980
17	0.01790	0.02046	0.04476	0.03197	0.03964	0.01918	0.65857	0.02430	0.01790	0.02430	0.01535	0.02046	0.01151	0.00639	0.00895	0.00256	0.01279	0.00895	0.00384	0.01023
18	0.00943	0.00674	0.00902	0.01078	0.01130	0.00632	0.00737	0.01089	0.01471	0.01958	0.04170	0.68757	0.04975	0.02358	0.00973	0.00311	0.00457	0.06060	0.00704	0.00621
19	0.01849	0.01773	0.03028	0.08910	0.64578	0.01795	0.02314	0.02303	0.01714	0.02444	0.01422	0.01887	0.01189	0.00681	0.00751	0.00227	0.00908	0.00676	0.00373	0.01179
20	0.01103	0.00735	0.00827	0.00827	0.00827	0.00735	0.00460	0.01103	0.01103	0.01471	0.02390	0.04964	0.02758	0.73343	0.03861	0.00735	0.00735	0.01103	0.00460	0.00460
21	0.01783	0.01723	0.02987	0.18060	0.52576	0.01784	0.05485	0.02254	0.01688	0.02367	0.01416	0.01915	0.01161	0.00691	0.00760	0.00232	0.00942	0.00687	0.00368	0.01120
22	0.01621	0.17687	0.56524	0.01992	0.03020	0.02006	0.02506	0.02376	0.01590	0.02280	0.01301	0.01526	0.00963	0.00707	0.00675	0.00225	0.01060	0.00530	0.00321	0.01092
23	0.01913	0.01870	0.03044	0.04554	0.66123	0.04375	0.02295	0.02354	0.01743	0.02455	0.01417	0.01858	0.01193	0.00680	0.00748	0.00224	0.00919	0.00669	0.00376	0.01189
24	0.01033	0.00774	0.00957	0.00911	0.01108	0.00698	0.00683	0.01352	0.02050	0.02812	0.54225	0.06043	0.21286	0.01636	0.00895	0.00243	0.00364	0.01425	0.00805	0.00698
25	0.02028	0.73799	0.03975	0.01298	0.01947	0.03001	0.01298	0.02271	0.01541	0.01785	0.01055	0.01217	0.00973	0.00649	0.00487	0.00162	0.00811	0.00406	0.00324	0.00973
26	0.02833	0.03615	0.02149	0.01954	0.02345	0.70298	0.01466	0.03029	0.02149	0.01856	0.01172	0.01368	0.00977	0.00782	0.00684	0.00195	0.01368	0.00489	0.00391	0.00879
27	0.02881	0.02200	0.02270	0.01756	0.02352	0.05777	0.01443	0.62904	0.03495	0.04633	0.01788	0.01798	0.01274	0.00904	0.00755	0.00226	0.00862	0.00673	0.00740	0.01269
28	0.02833	0.03615	0.02149	0.01954	0.02345	0.70298	0.01466	0.03029	0.02149	0.01856	0.01172	0.01368	0.00977	0.00782	0.00684	0.00195	0.01368	0.00489	0.00391	0.00879
29	0.01887	0.01629	0.01715	0.01544	0.01972	0.01887	0.01201	0.04031	0.67241	0.03173	0.03087	0.02830	0.02315	0.01029	0.00772	0.00257	0.00600	0.00858	0.00772	0.01201
30	0.01573	0.01348	0.01573	0.01123	0.01798	0.01011	0.00899	0.01910	0.01573	0.02472	0.01348	0.01573	0.01123	0.00562	0.00562	0.00112	0.00562	0.00449	0.00449	0.77980
31	0.01103	0.00735	0.00827	0.00827	0.00827	0.00735	0.00460	0.01103	0.01103	0.01471	0.02390	0.04964	0.02758	0.73343	0.03861	0.00735	0.00735	0.01103	0.00460	0.00460
32	0.01028	0.00801	0.00937	0.00909	0.01122	0.00728	0.00679	0.01380	0.04561	0.02594	0.38142	0.09708	0.31208	0.01720	0.00894	0.00250	0.00382	0.01483	0.00774	0.00700
33	0.01871	0.01467	0.01686	0.01252	0.01879	0.01262	0.01005	0.14647	0.01985	0.05457	0.01641	0.05089	0.01373	0.00733	0.00628	0.00149	0.00613	0.00590	0.00542	0.56132
34	0.01835	0.01759	0.03002	0.11040	0.62559	0.01791	0.02307	0.02291	0.01707	0.02426	0.01419	0.01891	0.01183	0.00684	0.00752	0.00228	0.00912	0.00676	0.00372	0.01167
35	0.00896	0.00768	0.00768	0.00768	0.01025	0.00640	0.00576	0.01089	0.01729	0.02049	0.07684	0.07300	0.68304	0.01921	0.00896	0.00256	0.00384	0.01601	0.00704	0.00640
36	0.01169	0.00795	0.00885	0.00863	0.00899	0.00799	0.00505	0.03809	0.01231	0.01632	0.02579	0.04927	0.05331	0.67455	0.03612	0.00695	0.00725	0.01106	0.00482	0.00501
37	0.00987	0.00820	0.00869	0.00848	0.01100	0.00727	0.00639	0.01324	0.05626	0.02300	0.18713	0.06734	0.53044	0.01800	0.00889	0.00253	0.00392	0.01515	0.00733	0.00687
38	0.01877	0.01802	0.03079	0.04656	0.68612	0.01802	0.02328	0.02328	0.01727	0.02478	0.01427	0.01877	0.01201	0.00676	0.00751	0.00225	0.00901	0.00676	0.00375	0.01201
39	0.01573	0.01348	0.01573	0.01123	0.01798	0.01011	0.00899	0.01910	0.01573	0.02472	0.01348	0.01573	0.01123	0.00562	0.00562	0.00112	0.00562	0.00449	0.00449	0.77980
40	0.02765	0.03501	0.02160	0.01956	0.02324	0.66335	0.01477	0.02959	0.02092	0.01855	0.01162	0.01385	0.00978	0.00813	0.00789	0.00203	0.05483	0.00499	0.00387	0.00876
41	0.03370	0.01344	0.01793	0.01375	0.01963	0.01193	0.01135	0.07641	0.02259	0.65068	0.02918	0.02534	0.01840	0.00937	0.00763	0.00234	0.00657	0.00758	0.00927	0.01291
42	0.01125	0.00872	0.01119	0.05847	0.01522	0.00871	0.00900	0.01567	0.07715	0.02421	0.22301	0.24456	0.14278	0.01808	0.00916	0.00278	0.00498	0.10059	0.00721	0.00727
43	0.01821	0.01751	0.03026	0.04339	0.60700	0.01740	0.05781	0.02277	0.01757	0.02511	0.05682	0.02128	0.01578	0.00729	0.00768	0.00228	0.00888	0.00732	0.00405	0.01161
44	0.01857	0.01422	0.01660	0.01205	0.01865	0.01155	0.00972	0.08552	0.01824	0.08221	0.01532	0.01681	0.01203	0.00628	0.00598	0.00134	0.00596	0.00499	0.00521	0.63874
45	0.00924	0.00660	0.00880	0.01056	0.01100	0.00616	0.00704	0.01056	0.01452	0.01936	0.04181	0.72848	0.05017	0.02376	0.00968	0.00308	0.00440	0.02156	0.00704	0.00616
46	0.01793	0.01415	0.01646	0.01192	0.01855	0.01137	0.00960	0.07770	0.01785	0.06410	0.01483	0.01652	0.01181	0.00614	0.00591	0.00130	0.00591	0.00488	0.00505	0.66805
47	0.02676	0.02015	0.02162	0.01683	0.02270	0.02215	0.01379	0.54167	0.11996	0.04436	0.01964	0.01943	0.01418	0.00907	0.00750	0.00225	0.00788	0.00693	0.00743	0.05570
48	0.01084	0.00813	0.01219	0.01219	0.01354	0.00948	0.00948	0.01354	0.01219	0.01761	0.02032	0.02980	0.01896	0.05689	0.70337	0.01219	0.02032	0.00813	0.00406	0.00677
49	0.01103	0.00735	0.00827	0.00827	0.00827	0.00735	0.00460	0.01103	0.01103	0.01471	0.02390	0.04964	0.02758	0.73343	0.03861	0.00735	0.00735	0.01103	0.00460	0.00460
50	0.02215	0.01692	0.01826	0.01564	0.02041	0.01904	0.01239	0.15791	0.49176	0.09527	0.02838	0.02615	0.02080	0.00998	0.00769	0.00250	0.00649	0.00816	0.00785	0.01226
51	0.02706	0.12062	0.02366	0.01848	0.02284	0.55781	0.01435	0.06646	0.04354	0.02062	0.01260	0.01425	0.01040	0.00781	0.00667	0.00195	0.01243	0.00502	0.00417	0.00926
52	0.01868	0.01827	0.03220	0.04508	0.62059	0.01814	0.08767	0.02338	0.01734	0.02473	0.01438	0.01894	0.01196	0.00672	0.00766	0.00228	0.00939	0.00698	0.00376	0.01183
53	0.01717	0.01843	0.03601	0.13634	0.09033	0.01952	0.38289	0.02227	0.01620	0.02240	0.01392	0.01953	0.01103	0.00795	0.01174	0.00268	0.15025	0.00798	0.00366	0.00972
54	0.01154	0.00992	0.01001	0.01009	0.01238	0.04808	0.00762	0.04534	0.01818	0.02229	0.09397	0.19264	0.39727	0.01886	0.00904	0.00268	0.00502	0.07122	0.00696	0.00692

[dist]
# distance from previous block
# <min> <max>
0	3

[block]
# block no. 4 follows, 26 sequences, length 153
# corresponding to MSA columns:
# 249-401
name=unknown_E
#
# <colnr> <probs for GDERKNQSTAVLIFYWHMCP>
#	G	D	E	R	K	N	Q	S	T	A	V	L	I	F	Y	W	H	M	C	P
0	0.01460	0.01377	0.02325	0.67323	0.09203	0.01693	0.02120	0.01962	0.01530	0.01972	0.01353	0.02013	0.01023	0.00753	0.00758	0.00251	0.01004	0.00674	0.00339	0.00865
1	0.01586	0.01368	0.01640	0.01280	0.04756	0.01046	0.00962	0.01928	0.01580	0.02472	0.01352	0.01586	0.01127	0.00567	0.00570	0.00117	0.00577	0.00459	0.00446	0.74580
2	0.01544	0.07017	0.66516	0.02124	0.03224	0.01816	0.02736	0.02396	0.01599	0.02375	0.01348	0.01584	0.00961	0.00717	0.00710	0.00237	0.01107	0.00554	0.00320	0.01114
3	0.02028	0.73799	0.03975	0.01298	0.01947	0.03001	0.01298	0.02271	0.01541	0.01785	0.01055	0.01217	0.00973	0.00649	0.00487	0.00162	0.00811	0.00406	0.00324	0.00973
4	0.01073	0.00804	0.01118	0.01190	0.01298	0.00772	0.03631	0.04791	0.01587	0.02119	0.03930	0.65700	0.04635	0.02217	0.00953	0.00301	0.00499	0.02017	0.00693	0.00672
5	0.02066	0.70626	0.03899	0.01318	0.01965	0.02973	0.01304	0.05097	0.01631	0.01917	0.01088	0.01244	0.00987	0.00661	0.00499	0.00165	0.00812	0.00418	0.00344	0.00987
6	0.01058	0.00775	0.00993	0.00938	0.01124	0.00709	0.00704	0.01402	0.02111	0.02956	0.62989	0.05807	0.12433	0.01583	0.00895	0.00240	0.00360	0.01392	0.00824	0.00709
7	0.01573	0.01348	0.01573	0.01123	0.01798	0.01011	0.00899	0.01910	0.01573	0.02472	0.01348	0.01573	0.01123	0.00562	0.00562	0.00112	0.00562	0.00449	0.00449	0.77980
8	0.02933	0.01309	0.01709	0.01306	0.01885	0.01129	0.01069	0.06023	0.02128	0.51059	0.06342	0.02548	0.02020	0.00907	0.00735	0.00214	0.00623	0.00740	0.00841	0.14481
9	0.03403	0.01291	0.01760	0.01350	0.01936	0.01115	0.01115	0.03697	0.02171	0.69137	0.02992	0.02582	0.01878	0.00939	0.00763	0.00235	0.00645	0.00763	0.00939	0.01291
10	0.00924	0.00660	0.00880	0.01056	0.01100	0.00616	0.00704	0.01056	0.01452	0.01936	0.04181	0.72848	0.05017	0.02376	0.00968	0.00308	0.00440	0.02156	0.00704	0.00616
11	0.03301	0.01268	0.01727	0.01332	0.01901	0.01097	0.01097	0.03597	0.02170	0.66227	0.05863	0.02717	0.02110	0.00966	0.00769	0.00235	0.00633	0.00790	0.00934	0.01266
12	0.02028	0.73799	0.03975	0.01298	0.01947	0.03001	0.01298	0.02271	0.01541	0.01785	0.01055	0.01217	0.00973	0.00649	0.00487	0.00162	0.00811	0.00406	0.00324	0.00973
13	0.01065	0.00719	0.00839	0.00876	0.00886	0.00710	0.00512	0.01093	0.01178	0.01571	0.02774	0.19536	0.03243	0.58109	0.03240	0.00644	0.00672	0.01329	0.00512	0.00493
14	0.00912	0.00769	0.00790	0.00784	0.01034	0.00647	0.00588	0.01118	0.01765	0.02135	0.12907	0.07159	0.63028	0.01889	0.00896	0.00255	0.00382	0.01581	0.00716	0.00647
15	0.01623	0.01606	0.02254	0.01943	0.01951	0.02237	0.01615	0.01796	0.01165	0.01821	0.01061	0.01742	0.01052	0.01601	0.06748	0.00388	0.67566	0.00673	0.00337	0.00820
16	0.01790	0.02046	0.04476	0.03197	0.03964	0.01918	0.65857	0.02430	0.01790	0.02430	0.01535	0.02046	0.01151	0.00639	0.00895	0.00256	0.01279	0.00895	0.00384	0.01023
17	0.01677	0.01864	0.04004	0.02916	0.03589	0.01747	0.57313	0.02250	0.01746	0.02365	0.01882	0.11330	0.01658	0.00867	0.00905	0.00263	0.01169	0.01061	0.00426	0.00970
18	0.01432	0.01348	0.02275	0.71520	0.05224	0.01685	0.02107	0.01938	0.01517	0.01938	0.01348	0.02022	0.01011	0.00758	0.00758	0.00253	0.01011	0.00674	0.00337	0.00843
19	0.01855	0.01596	0.01688	0.01521	0.01940	0.01841	0.01182	0.03929	0.64700	0.03168	0.05629	0.02941	0.02504	0.01049	0.00777	0.00257	0.00591	0.00878	0.00774	0.01182
20	0.01781	0.01996	0.04269	0.06418	0.08966	0.01899	0.58096	0.02400	0.01773	0.02411	0.01518	0.02032	0.01148	0.00648	0.00878	0.00253	0.01238	0.00868	0.00381	0.01028
21	0.01571	0.07722	0.60566	0.02195	0.03261	0.01844	0.07718	0.02397	0.01613	0.02369	0.01358	0.01615	0.00977	0.00710	0.00721	0.00237	0.01116	0.00578	0.00326	0.01105
22	0.01677	0.01695	0.02263	0.01952	0.01974	0.04910	0.01617	0.01850	0.01203	0.01823	0.01053	0.01712	0.01039	0.01518	0.05712	0.00370	0.65806	0.00664	0.00338	0.00824
23	0.01097	0.00797	0.01049	0.01064	0.01242	0.00749	0.00841	0.01434	0.01990	0.02735	0.45097	0.08890	0.10177	0.01748	0.00938	0.00272	0.00453	0.17939	0.00786	0.00703
24	0.01733	0.33128	0.42063	0.01801	0.02724	0.02280	0.02174	0.02347	0.01576	0.02144	0.01233	0.01441	0.00966	0.00691	0.00623	0.00208	0.00991	0.00496	0.00322	0.01059
25	0.02028	0.73799	0.03975	0.01298	0.01947	0.03001	0.01298	0.02271	0.01541	0.01785	0.01055	0.01217	0.00973	0.00649	0.00487	0.00162	0.00811	0.00406	0.00324	0.00973
26	0.01222	0.00873	0.01222	0.01397	0.01572	0.00873	0.01222	0.01572	0.01746	0.02270	0.04016	0.08556	0.04365	0.02095	0.01048	0.00349	0.00698	0.63506	0.00698	0.00698
27	0.01103	0.00735	0.00827	0.00827	0.00827	0.00735	0.00460	0.01103	0.01103	0.01471	0.02390	0.04964	0.02758	0.73343	0.03861	0.00735	0.00735	0.01103	0.00460	0.00460
28	0.03101	0.01509	0.01869	0.01444	0.02011	0.01462	0.01188	0.22304	0.02589	0.45647	0.06734	0.02547	0.02032	0.00969	0.00770	0.00233	0.00684	0.00777	0.00878	0.01254
29	0.01659	0.01659	0.02323	0.01991	0.01991	0.02323	0.01659	0.01825	0.01162	0.01825	0.00996	0.01659	0.00996	0.01328	0.02489	0.00332	0.71955	0.00664	0.00332	0.00830
