[name]
unknown

[dist]
# distance from previous block
# <min> <max>
7	13

[block]
# block no. 0 follows, 22 sequences, length 22
# corresponding to MSA columns:
# 13-34
name=unknown_A
#
# <colnr> <probs for GDERKNQSTAVLIFYWHMCP>
#	G	D	E	R	K	N	Q	S	T	A	V	L	I	F	Y	W	H	M	C	P
0	0.01506	0.01536	0.07426	0.06541	0.16559	0.01327	0.01519	0.03973	0.05040	0.02785	0.18028	0.08197	0.17643	0.01449	0.00916	0.00272	0.00700	0.02943	0.00664	0.00975
1	0.01258	0.01068	0.01209	0.04308	0.01588	0.05139	0.00912	0.01458	0.01680	0.02195	0.04102	0.50158	0.08490	0.02133	0.00970	0.00297	0.00589	0.01900	0.00696	0.09851
2	0.07850	0.02230	0.02353	0.01837	0.02474	0.02482	0.01510	0.53478	0.09344	0.04974	0.02069	0.02055	0.01484	0.00995	0.00812	0.00253	0.00873	0.00746	0.00812	0.01370
3	0.06701	0.01578	0.02539	0.46644	0.16965	0.01824	0.02179	0.02377	0.01746	0.07325	0.01613	0.02175	0.01209	0.00824	0.00809	0.00268	0.01022	0.00728	0.00438	0.01037
4	0.02058	0.01904	0.02837	0.03369	0.31687	0.06106	0.09524	0.02648	0.06872	0.06798	0.02732	0.02954	0.10052	0.00968	0.00848	0.00249	0.00929	0.00899	0.00542	0.06025
5	0.01804	0.08498	0.59270	0.02262	0.03428	0.01982	0.02871	0.02692	0.01781	0.05739	0.01558	0.01780	0.01103	0.00796	0.00775	0.00257	0.01180	0.00614	0.00385	0.01226
6	0.01174	0.00868	0.01062	0.01161	0.01297	0.00827	0.00810	0.05960	0.01823	0.02384	0.05038	0.54249	0.15457	0.02392	0.01029	0.00321	0.00505	0.02132	0.00776	0.00737
7	0.01569	0.01477	0.02492	0.68808	0.05722	0.01846	0.02307	0.02123	0.01661	0.02123	0.01477	0.02215	0.01107	0.00831	0.00831	0.00277	0.01107	0.00738	0.00369	0.00923
8	0.01980	0.02108	0.08198	0.10812	0.55229	0.01958	0.02567	0.02516	0.01859	0.02653	0.01549	0.02047	0.01276	0.00752	0.00821	0.00251	0.01017	0.00730	0.00403	0.01272
9	0.01876	0.02098	0.04481	0.03254	0.03995	0.02000	0.55055	0.02510	0.01903	0.02590	0.01898	0.07878	0.01606	0.00888	0.01056	0.00288	0.04016	0.01085	0.00447	0.01075
10	0.02056	0.01974	0.03372	0.05099	0.65622	0.01974	0.02550	0.02550	0.01892	0.02714	0.01563	0.02056	0.01316	0.00740	0.00822	0.00247	0.00987	0.00740	0.00411	0.01316
11	0.01012	0.00723	0.00964	0.01157	0.01205	0.00675	0.00771	0.01157	0.01591	0.02121	0.04579	0.70262	0.05495	0.02603	0.01060	0.00337	0.00482	0.02362	0.00771	0.00675
12	0.02001	0.01243	0.01694	0.01818	0.06833	0.01239	0.01405	0.02639	0.10232	0.16257	0.03804	0.06574	0.03632	0.01749	0.01016	0.00332	0.00756	0.34954	0.00804	0.01019
13	0.01666	0.04297	0.66500	0.02368	0.03596	0.01929	0.03069	0.02631	0.01754	0.02631	0.01491	0.01754	0.01052	0.00789	0.00789	0.00263	0.01228	0.00614	0.00351	0.01228
14	0.01190	0.00878	0.01274	0.01274	0.01402	0.01005	0.00963	0.01445	0.01317	0.01884	0.02281	0.03571	0.02210	0.15357	0.58568	0.01260	0.02025	0.00935	0.00453	0.00708
15	0.01012	0.00723	0.00964	0.01157	0.01205	0.00675	0.00771	0.01157	0.01591	0.02121	0.04579	0.70262	0.05495	0.02603	0.01060	0.00337	0.00482	0.02362	0.00771	0.00675
16	0.03364	0.01490	0.04960	0.01483	0.02102	0.01206	0.01266	0.03710	0.02306	0.56766	0.06261	0.06423	0.02466	0.01130	0.00852	0.00262	0.00705	0.00936	0.00977	0.01336
17	0.05928	0.01844	0.09390	0.01613	0.02305	0.01485	0.01454	0.07670	0.07591	0.47363	0.02921	0.02620	0.01898	0.00998	0.00819	0.00259	0.00774	0.00799	0.00903	0.01365
18	0.02056	0.01974	0.03372	0.05099	0.65622	0.01974	0.02550	0.02550	0.01892	0.02714	0.01563	0.02056	0.01316	0.00740	0.00822	0.00247	0.00987	0.00740	0.00411	0.01316
19	0.62260	0.01573	0.01397	0.05676	0.01948	0.01780	0.01035	0.02627	0.01554	0.11656	0.01451	0.01598	0.01062	0.00808	0.00577	0.00258	0.00682	0.00519	0.00571	0.00967
20	0.01934	0.01934	0.02881	0.33523	0.32775	0.08007	0.02353	0.02429	0.01831	0.02384	0.01498	0.02076	0.01199	0.00792	0.00819	0.00257	0.01089	0.00720	0.00394	0.01106
21	0.01082	0.00812	0.01124	0.01193	0.01307	0.00754	0.03062	0.01284	0.01726	0.02316	0.14312	0.50093	0.09455	0.05877	0.01203	0.00344	0.00515	0.02074	0.00767	0.00702

[dist]
# distance from previous block
# <min> <max>
5	8

[block]
# block no. 1 follows, 22 sequences, length 6
# corresponding to MSA columns:
# 43-48
name=unknown_B
#
# <colnr> <probs for GDERKNQSTAVLIFYWHMCP>
#	G	D	E	R	K	N	Q	S	T	A	V	L	I	F	Y	W	H	M	C	P
0	0.02081	0.01751	0.02219	0.01615	0.02347	0.01549	0.07257	0.16315	0.02255	0.03292	0.01618	0.01838	0.01276	0.00713	0.00702	0.00168	0.00763	0.00600	0.00564	0.51077
1	0.02096	0.01955	0.02075	0.02015	0.08324	0.13448	0.01446	0.13619	0.02096	0.02740	0.01777	0.02307	0.01526	0.02751	0.24005	0.00613	0.06800	0.00729	0.00510	0.09168
2	0.01170	0.00867	0.01111	0.01238	0.01359	0.00855	0.00888	0.01584	0.07882	0.02426	0.11047	0.50035	0.05380	0.02325	0.01040	0.00328	0.00520	0.08393	0.00793	0.00760
3	0.01845	0.01786	0.03030	0.10976	0.11100	0.02001	0.17560	0.06472	0.01884	0.02646	0.08439	0.02574	0.01974	0.01341	0.04950	0.00349	0.18672	0.00890	0.00482	0.01030
4	0.16795	0.11762	0.21015	0.02304	0.09585	0.12211	0.06722	0.02744	0.01833	0.05771	0.01460	0.01704	0.01121	0.00785	0.00717	0.00243	0.01074	0.00601	0.00440	0.01112
5	0.12191	0.21811	0.09040	0.07048	0.06892	0.10692	0.01588	0.02639	0.01856	0.08777	0.03816	0.02116	0.03569	0.00877	0.00689	0.00229	0.00924	0.00647	0.03546	0.01054

[dist]
# distance from previous block
# <min> <max>
0	18

[block]
# block no. 2 follows, 22 sequences, length 17
# corresponding to MSA columns:
# 67-83
name=unknown_C
#
# <colnr> <probs for GDERKNQSTAVLIFYWHMCP>
#	G	D	E	R	K	N	Q	S	T	A	V	L	I	F	Y	W	H	M	C	P
0	0.02708	0.01742	0.02059	0.01792	0.05870	0.01779	0.01354	0.22524	0.13186	0.20155	0.03000	0.06076	0.05700	0.01125	0.00837	0.00253	0.00747	0.00920	0.00826	0.07348
1	0.01675	0.01662	0.06034	0.05413	0.09455	0.01530	0.10331	0.02392	0.10537	0.02767	0.11304	0.08404	0.02801	0.03367	0.01051	0.00272	0.04152	0.01017	0.04136	0.11701
2	0.02185	0.01884	0.02742	0.03057	0.25477	0.05608	0.08846	0.05545	0.05266	0.08891	0.02279	0.02548	0.05221	0.00941	0.00957	0.00250	0.05860	0.00820	0.05442	0.06181
3	0.09745	0.06193	0.01835	0.01404	0.01865	0.01641	0.01145	0.14836	0.09362	0.13430	0.20694	0.03850	0.05608	0.01266	0.00842	0.00260	0.00652	0.03458	0.00819	0.01096
4	0.13527	0.06260	0.01658	0.05739	0.01855	0.01368	0.01059	0.02291	0.01970	0.15843	0.23914	0.03982	0.06764	0.05977	0.01133	0.00297	0.03648	0.01033	0.00740	0.00943
5	0.02184	0.02201	0.06100	0.07643	0.29040	0.10286	0.05003	0.02975	0.12427	0.06434	0.04120	0.02553	0.01817	0.00919	0.00839	0.00258	0.00996	0.02461	0.00544	0.01203
6	0.47953	0.07348	0.17646	0.01589	0.02314	0.01999	0.05602	0.02506	0.01553	0.03260	0.01273	0.01507	0.00973	0.00766	0.00614	0.00254	0.00854	0.00525	0.00456	0.01007
7	0.02127	0.02108	0.03303	0.04899	0.61352	0.06409	0.02486	0.02602	0.01923	0.02668	0.01544	0.02018	0.01299	0.00748	0.00817	0.00245	0.01022	0.00726	0.00412	0.01292
8	0.01666	0.04297	0.66500	0.02368	0.03596	0.01929	0.03069	0.02631	0.01754	0.02631	0.01491	0.01754	0.01052	0.00789	0.00789	0.00263	0.01228	0.00614	0.00351	0.01228
9	0.03103	0.03959	0.02354	0.02140	0.02568	0.67469	0.01605	0.03317	0.02354	0.02033	0.01284	0.01498	0.01070	0.00856	0.00749	0.00214	0.01498	0.00535	0.00428	0.00963
10	0.02094	0.01883	0.03058	0.09600	0.25653	0.01949	0.14355	0.11320	0.07502	0.03119	0.01925	0.02305	0.01494	0.00836	0.00832	0.00254	0.00978	0.00811	0.08841	0.01192
11	0.20151	0.01418	0.01666	0.01541	0.05976	0.01382	0.01155	0.05704	0.02068	0.24853	0.07604	0.03510	0.08086	0.01159	0.00790	0.00259	0.00669	0.05126	0.00769	0.06115
12	0.01746	0.01511	0.01832	0.01378	0.02021	0.01290	0.03532	0.05139	0.05921	0.02802	0.02392	0.02547	0.08438	0.00867	0.00774	0.00172	0.03162	0.00703	0.00555	0.53217
13	0.02708	0.06510	0.02222	0.01644	0.02196	0.09129	0.01338	0.18036	0.05422	0.17537	0.04658	0.02357	0.01809	0.03083	0.01016	0.00250	0.05792	0.00736	0.00707	0.12850
14	0.10339	0.19383	0.11596	0.01431	0.02029	0.05675	0.01352	0.02417	0.01740	0.08621	0.04404	0.02452	0.01765	0.10577	0.01155	0.00294	0.00842	0.00684	0.04058	0.09186
15	0.12573	0.01725	0.02189	0.10229	0.19078	0.04609	0.01630	0.06931	0.07229	0.06684	0.04979	0.02810	0.01949	0.05037	0.00989	0.00286	0.00852	0.03664	0.00577	0.05984
16	0.05562	0.09830	0.02029	0.01773	0.08317	0.12057	0.01220	0.02514	0.12869	0.02431	0.02770	0.07725	0.07758	0.13104	0.01368	0.00337	0.00840	0.00959	0.00568	0.05968

[dist]
# distance from previous block
# <min> <max>
10	31

[block]
# block no. 3 follows, 22 sequences, length 8
# corresponding to MSA columns:
# 120-127
name=unknown_D
#
# <colnr> <probs for GDERKNQSTAVLIFYWHMCP>
#	G	D	E	R	K	N	Q	S	T	A	V	L	I	F	Y	W	H	M	C	P
0	0.01833	0.01605	0.02105	0.01808	0.08018	0.01382	0.05348	0.05159	0.06975	0.02859	0.01820	0.05021	0.01549	0.00782	0.00708	0.00174	0.00714	0.00682	0.00537	0.50920
1	0.08312	0.04239	0.04793	0.06666	0.02281	0.01668	0.01326	0.13101	0.11722	0.12248	0.09954	0.11281	0.02840	0.01236	0.00831	0.00262	0.00721	0.01026	0.00746	0.04746
2	0.06614	0.01729	0.02929	0.16152	0.16465	0.01752	0.16647	0.02540	0.05109	0.06424	0.07611	0.02543	0.01936	0.00865	0.00843	0.00255	0.00972	0.00846	0.00523	0.07244
3	0.08817	0.01563	0.02114	0.11205	0.17680	0.01646	0.01571	0.06854	0.10054	0.06651	0.08009	0.07342	0.02425	0.04614	0.00990	0.00285	0.00785	0.00933	0.00618	0.05843
4	0.02268	0.01751	0.07274	0.06387	0.08209	0.01565	0.01516	0.13337	0.06656	0.15803	0.10167	0.10553	0.02795	0.01200	0.00857	0.00258	0.00765	0.01023	0.00739	0.06877
5	0.10477	0.01414	0.01901	0.07716	0.02256	0.01429	0.08090	0.09184	0.01853	0.06434	0.02273	0.10276	0.02199	0.19942	0.01730	0.00401	0.00832	0.01012	0.00580	0.10001
6	0.30348	0.01890	0.01791	0.08996	0.05507	0.12217	0.01316	0.02446	0.01657	0.05846	0.01507	0.01992	0.01261	0.05294	0.05240	0.00350	0.05274	0.00621	0.00488	0.05958
7	0.08231	0.01188	0.01347	0.01246	0.01541	0.01200	0.00928	0.09786	0.06241	0.05020	0.15937	0.23823	0.06242	0.07357	0.01173	0.00320	0.00586	0.01430	0.00759	0.05646

[dist]
# distance from previous block
# <min> <max>
226	369

[block]
# block no. 4 follows, 22 sequences, length 24
# corresponding to MSA columns:
# 680-703
name=unknown_E
#
# <colnr> <probs for GDERKNQSTAVLIFYWHMCP>
#	G	D	E	R	K	N	Q	S	T	A	V	L	I	F	Y	W	H	M	C	P
0	0.16213	0.01686	0.01671	0.01396	0.01874	0.07051	0.01109	0.12569	0.02176	0.11880	0.04975	0.07886	0.02044	0.01066	0.00796	0.00235	0.03073	0.00818	0.08979	0.12500
1	0.07101	0.01721	0.01944	0.07480	0.12529	0.07123	0.01403	0.11910	0.06056	0.03095	0.04546	0.06109	0.06720	0.03091	0.00881	0.00258	0.00792	0.00895	0.09695	0.06652
2	0.02108	0.02000	0.02506	0.08601	0.26637	0.09473	0.01843	0.07957	0.11677	0.02994	0.09566	0.02644	0.02253	0.00952	0.00826	0.00246	0.00907	0.00826	0.00578	0.05405
3	0.04082	0.01456	0.04563	0.08942	0.06503	0.01376	0.01281	0.05704	0.09879	0.06337	0.03024	0.11351	0.07573	0.07239	0.01106	0.00299	0.00713	0.01053	0.07644	0.09874
4	0.02033	0.01484	0.01869	0.10953	0.05286	0.01520	0.01336	0.07983	0.15786	0.11291	0.13230	0.03447	0.07095	0.01131	0.00838	0.00247	0.00697	0.00956	0.00737	0.12082
5	0.15489	0.01888	0.03852	0.01890	0.05115	0.07196	0.08750	0.12830	0.02305	0.07981	0.12822	0.03248	0.02681	0.01105	0.00827	0.00260	0.00855	0.05754	0.00667	0.04486
6	0.08852	0.01527	0.02100	0.19223	0.03096	0.01564	0.03681	0.03230	0.09539	0.28626	0.02423	0.02457	0.01667	0.00919	0.00794	0.00254	0.00818	0.00765	0.00721	0.07744
7	0.02764	0.02004	0.02017	0.03686	0.02321	0.12691	0.01306	0.09536	0.09842	0.22575	0.02287	0.02237	0.01633	0.00893	0.00763	0.00217	0.00845	0.00694	0.00722	0.20967
8	0.04809	0.01458	0.01803	0.04281	0.07246	0.01493	0.01246	0.14797	0.07722	0.10640	0.15108	0.05669	0.07728	0.01390	0.01062	0.06611	0.00688	0.01024	0.00746	0.04479
9	0.04641	0.01287	0.05520	0.01309	0.01692	0.01086	0.01112	0.02279	0.07184	0.14686	0.15237	0.12080	0.16618	0.01691	0.00944	0.00292	0.00607	0.09976	0.00813	0.00949
10	0.02213	0.01750	0.01954	0.01535	0.02143	0.01732	0.01230	0.23876	0.11192	0.03643	0.02156	0.06497	0.01786	0.01167	0.03332	0.00251	0.00781	0.00781	0.00678	0.31304
11	0.01995	0.02044	0.08670	0.10257	0.14040	0.01779	0.25067	0.02577	0.01907	0.08095	0.01925	0.02649	0.01542	0.00857	0.00882	0.00261	0.01099	0.04849	0.00491	0.09015
12	0.02215	0.02129	0.10097	0.06513	0.02802	0.02015	0.06912	0.09361	0.36102	0.08591	0.02735	0.02675	0.02002	0.01008	0.00847	0.00274	0.00850	0.00863	0.00730	0.01278
13	0.01895	0.01094	0.03291	0.01264	0.01578	0.00935	0.01007	0.02214	0.02094	0.20712	0.25276	0.18368	0.05030	0.05058	0.01121	0.00312	0.00576	0.06368	0.00868	0.00938
14	0.01942	0.01715	0.02335	0.01705	0.02407	0.01519	0.10209	0.09755	0.02005	0.02976	0.01549	0.01839	0.01250	0.00723	0.00816	0.00176	0.04679	0.00610	0.00517	0.51273
15	0.01834	0.01889	0.03482	0.19083	0.04039	0.01958	0.30228	0.02559	0.07176	0.02548	0.01704	0.02213	0.01315	0.00823	0.01037	0.00268	0.06881	0.00840	0.00448	0.09675
16	0.01797	0.01485	0.01971	0.04789	0.07652	0.01310	0.04166	0.07110	0.02000	0.04710	0.07550	0.07263	0.05744	0.00995	0.00767	0.00198	0.00697	0.00864	0.00590	0.38344
17	0.09797	0.01811	0.02005	0.01723	0.04416	0.01963	0.01335	0.27283	0.15442	0.10893	0.11935	0.02889	0.02635	0.01102	0.00826	0.00259	0.00736	0.00882	0.00822	0.01244
18	0.01866	0.01533	0.02424	0.30417	0.20420	0.01690	0.02004	0.02489	0.07046	0.07957	0.02262	0.08420	0.01967	0.01090	0.00870	0.00279	0.00929	0.04728	0.00536	0.01072
19	0.02420	0.02256	0.07832	0.11860	0.03093	0.07573	0.06966	0.20930	0.13130	0.07926	0.02482	0.02575	0.05170	0.01005	0.00845	0.00262	0.00974	0.00833	0.00666	0.01204
20	0.01938	0.01585	0.02032	0.01647	0.02099	0.01639	0.09144	0.19754	0.11147	0.03371	0.09781	0.04351	0.16942	0.09256	0.01289	0.00330	0.00767	0.01160	0.00736	0.01034
21	0.13318	0.02229	0.02173	0.11751	0.02797	0.11699	0.01526	0.32299	0.02840	0.03942	0.01743	0.01938	0.01293	0.00917	0.00757	0.00246	0.00953	0.00675	0.05748	0.01157
22	0.01694	0.01721	0.02771	0.02354	0.05447	0.04920	0.20276	0.02113	0.03832	0.02316	0.02627	0.17857	0.05804	0.03955	0.01522	0.00328	0.17764	0.01246	0.00522	0.00931
23	0.02037	0.07694	0.07298	0.01537	0.02029	0.01687	0.01312	0.03235	0.28498	0.12574	0.03580	0.15109	0.07129	0.01379	0.00860	0.00277	0.00685	0.01164	0.00771	0.01144

[dist]
# distance from previous block
# <min> <max>
2	5

[block]
# block no. 5 follows, 22 sequences, length 6
# corresponding to MSA columns:
# 709-714
name=unknown_F
#
# <colnr> <probs for GDERKNQSTAVLIFYWHMCP>
#	G	D	E	R	K	N	Q	S	T	A	V	L	I	F	Y	W	H	M	C	P
0	0.07329	0.01235	0.01771	0.13946	0.02490	0.01310	0.05357	0.02130	0.07619	0.06653	0.02608	0.12844	0.02513	0.04553	0.01442	0.13361	0.00798	0.08351	0.00587	0.03103
1	0.02044	0.02551	0.14446	0.04177	0.41003	0.06384	0.12057	0.02633	0.01910	0.02646	0.01550	0.01996	0.01245	0.00750	0.00837	0.00253	0.01128	0.00743	0.00403	0.01246
2	0.02369	0.01931	0.07583	0.01723	0.02287	0.01874	0.01480	0.09688	0.37406	0.14329	0.03139	0.03301	0.02383	0.01156	0.00860	0.00280	0.00749	0.05342	0.00826	0.01292
3	0.14940	0.01578	0.01725	0.01290	0.01976	0.01389	0.01044	0.08208	0.01926	0.07409	0.01593	0.01759	0.01247	0.00707	0.00634	0.00168	0.00655	0.00533	0.00565	0.50655
4	0.02047	0.01810	0.06605	0.03631	0.40442	0.01627	0.02046	0.02527	0.02040	0.10510	0.15292	0.03013	0.02776	0.00982	0.00855	0.00252	0.00841	0.00906	0.00589	0.01209
5	0.14768	0.01358	0.01598	0.11346	0.02235	0.01460	0.01163	0.09307	0.05888	0.07943	0.17394	0.05570	0.03264	0.09460	0.01218	0.00325	0.00703	0.00992	0.00692	0.03317

[dist]
# distance from previous block
# <min> <max>
1	11

[block]
# block no. 6 follows, 22 sequences, length 9
# corresponding to MSA columns:
# 726-734
name=unknown_G
#
# <colnr> <probs for GDERKNQSTAVLIFYWHMCP>
#	G	D	E	R	K	N	Q	S	T	A	V	L	I	F	Y	W	H	M	C	P
0	0.06570	0.03473	0.01747	0.01531	0.03567	0.01630	0.01168	0.03386	0.31813	0.13135	0.07883	0.06567	0.09530	0.01265	0.00842	0.00269	0.00627	0.01052	0.00813	0.03130
1	0.06670	0.01162	0.01437	0.01214	0.01654	0.01025	0.00954	0.02507	0.02081	0.26496	0.15828	0.11685	0.12521	0.01430	0.00866	0.00255	0.00565	0.01208	0.00848	0.09595
2	0.02177	0.01632	0.02118	0.01541	0.02267	0.01377	0.06504	0.09319	0.02080	0.11554	0.01796	0.01948	0.01365	0.00722	0.00702	0.00169	0.00731	0.00611	0.00597	0.50789
3	0.01781	0.01973	0.11486	0.09066	0.05999	0.01645	0.21319	0.02501	0.07376	0.06505	0.08626	0.12909	0.02671	0.01170	0.00924	0.00282	0.00984	0.01144	0.00581	0.01058
4	0.02279	0.17923	0.08642	0.02004	0.02663	0.08925	0.09819	0.10129	0.23240	0.03007	0.02119	0.02184	0.01630	0.00905	0.00777	0.00246	0.00973	0.00743	0.00591	0.01201
5	0.31675	0.17545	0.27206	0.01657	0.02490	0.02193	0.01853	0.02525	0.01604	0.02923	0.01286	0.01503	0.00994	0.00765	0.00625	0.00242	0.00922	0.00512	0.00417	0.01062
6	0.24290	0.01776	0.04777	0.16165	0.08645	0.01850	0.07672	0.10427	0.01985	0.03229	0.05842	0.06236	0.01822	0.00976	0.00772	0.00267	0.00881	0.00820	0.00543	0.01025
7	0.02099	0.02071	0.03274	0.04337	0.47888	0.05169	0.08338	0.02849	0.10314	0.02778	0.01806	0.02188	0.01463	0.00794	0.00838	0.00253	0.01009	0.00781	0.00471	0.01279
8	0.01985	0.02293	0.11598	0.08006	0.43452	0.04913	0.02383	0.02518	0.01861	0.02635	0.01525	0.01961	0.01247	0.00743	0.00791	0.00235	0.01008	0.00685	0.00411	0.09748

[dist]
# distance from previous block
# <min> <max>
5	6

[block]
# block no. 7 follows, 22 sequences, length 32
# corresponding to MSA columns:
# 741-772
name=unknown_H
#
# <colnr> <probs for GDERKNQSTAVLIFYWHMCP>
#	G	D	E	R	K	N	Q	S	T	A	V	L	I	F	Y	W	H	M	C	P
0	0.01763	0.16015	0.55632	0.02202	0.03340	0.02167	0.02781	0.02606	0.01742	0.02513	0.01432	0.01680	0.01055	0.00776	0.00744	0.00248	0.01168	0.00584	0.00352	0.01199
1	0.01569	0.01477	0.02492	0.68808	0.05722	0.01846	0.02307	0.02123	0.01661	0.02123	0.01477	0.02215	0.01107	0.00831	0.00831	0.00277	0.01107	0.00738	0.00369	0.00923
2	0.01204	0.00945	0.01351	0.01397	0.01607	0.00891	0.05020	0.01498	0.01814	0.02335	0.05143	0.27008	0.17828	0.02242	0.01074	0.00340	0.00647	0.26163	0.00746	0.00747
3	0.01747	0.01679	0.02912	0.44747	0.24676	0.01901	0.05907	0.02290	0.01752	0.02342	0.01516	0.02166	0.01183	0.00794	0.00837	0.00267	0.01086	0.00753	0.00385	0.01059
4	0.02010	0.01950	0.03400	0.10235	0.56688	0.01972	0.06456	0.02522	0.01877	0.02662	0.01563	0.02081	0.01295	0.00745	0.00833	0.00251	0.01024	0.00756	0.00408	0.01271
5	0.01012	0.00723	0.00964	0.01157	0.01205	0.00675	0.00771	0.01157	0.01591	0.02121	0.04579	0.70262	0.05495	0.02603	0.01060	0.00337	0.00482	0.02362	0.00771	0.00675
6	0.01975	0.02202	0.04680	0.03733	0.13227	0.02082	0.53897	0.02645	0.01951	0.02669	0.01664	0.02214	0.01269	0.00706	0.00957	0.00275	0.01341	0.00946	0.00419	0.01149
7	0.01666	0.04297	0.66500	0.02368	0.03596	0.01929	0.03069	0.02631	0.01754	0.02631	0.01491	0.01754	0.01052	0.00789	0.00789	0.00263	0.01228	0.00614	0.00351	0.01228
8	0.01443	0.00722	0.01082	0.01082	0.01082	0.00722	0.00722	0.01082	0.01082	0.01443	0.01443	0.02525	0.01443	0.02886	0.03247	0.75830	0.00722	0.00722	0.00361	0.00361
9	0.01569	0.01477	0.02492	0.68808	0.05722	0.01846	0.02307	0.02123	0.01661	0.02123	0.01477	0.02215	0.01107	0.00831	0.00831	0.00277	0.01107	0.00738	0.00369	0.00923
10	0.01878	0.10830	0.55369	0.02205	0.03337	0.02013	0.02764	0.02723	0.01794	0.07357	0.01592	0.01792	0.01129	0.00799	0.00767	0.00254	0.01154	0.00613	0.00402	0.01225
11	0.03408	0.01728	0.02153	0.05560	0.02486	0.01718	0.01406	0.23931	0.02856	0.41724	0.02736	0.02509	0.01782	0.01006	0.00834	0.00256	0.00801	0.00800	0.00923	0.01385
12	0.01963	0.01879	0.03203	0.17314	0.54138	0.01949	0.02503	0.02468	0.01847	0.02601	0.01546	0.02087	0.01276	0.00758	0.00824	0.00253	0.01010	0.00740	0.00403	0.01241
13	0.76672	0.01607	0.01221	0.01092	0.01607	0.01864	0.00900	0.02442	0.01414	0.03727	0.01157	0.01350	0.00900	0.00771	0.00514	0.00257	0.00643	0.00450	0.00514	0.00900
14	0.00992	0.00842	0.00855	0.00852	0.01128	0.00706	0.00639	0.01211	0.01917	0.02300	0.11310	0.07904	0.62357	0.02083	0.00982	0.00280	0.00419	0.01740	0.00779	0.00706
15	0.02959	0.02130	0.02308	0.01826	0.02445	0.02350	0.01490	0.44869	0.17326	0.09854	0.02412	0.02312	0.01718	0.01029	0.00835	0.00257	0.00839	0.00798	0.00850	0.01391
16	0.01187	0.00890	0.01335	0.01335	0.01483	0.01038	0.01038	0.01483	0.01335	0.01928	0.02225	0.03264	0.02077	0.06231	0.67512	0.01335	0.02225	0.00890	0.00445	0.00742
17	0.02056	0.01974	0.03372	0.05099	0.65622	0.01974	0.02550	0.02550	0.01892	0.02714	0.01563	0.02056	0.01316	0.00740	0.00822	0.00247	0.00987	0.00740	0.00411	0.01316
18	0.01569	0.01477	0.02492	0.68808	0.05722	0.01846	0.02307	0.02123	0.01661	0.02123	0.01477	0.02215	0.01107	0.00831	0.00831	0.00277	0.01107	0.00738	0.00369	0.00923
19	0.01723	0.01477	0.01723	0.01230	0.01969	0.01107	0.00984	0.02092	0.01723	0.02707	0.01477	0.01723	0.01230	0.00615	0.00615	0.00123	0.00615	0.00492	0.00492	0.75883
20	0.01889	0.01514	0.01769	0.01275	0.02005	0.01183	0.01024	0.05087	0.01859	0.05911	0.01589	0.01789	0.01279	0.00654	0.00636	0.00136	0.00634	0.00521	0.00534	0.68712
21	0.01339	0.00956	0.01339	0.01530	0.01721	0.00956	0.01339	0.01721	0.01912	0.02486	0.04399	0.09371	0.04781	0.02295	0.01147	0.00382	0.00765	0.60031	0.00765	0.00765
22	0.01714	0.01523	0.02066	0.01496	0.02191	0.01211	0.08804	0.02098	0.01714	0.02618	0.01589	0.02069	0.01369	0.05920	0.00934	0.00195	0.00730	0.00608	0.00484	0.60666
23	0.01549	0.01000	0.01274	0.01176	0.01450	0.00949	0.00913	0.02085	0.07382	0.10544	0.45696	0.05878	0.09146	0.01637	0.00965	0.00273	0.00480	0.05805	0.00904	0.00896
24	0.01873	0.01935	0.06341	0.20087	0.36877	0.01902	0.04776	0.02389	0.01787	0.02527	0.01513	0.02048	0.01231	0.00788	0.00904	0.00252	0.04326	0.00722	0.00402	0.07321
25	0.02020	0.01488	0.01885	0.07122	0.06414	0.01335	0.01251	0.06934	0.04423	0.10930	0.02368	0.07994	0.04353	0.00970	0.00752	0.00201	0.00697	0.00817	0.00619	0.37427
26	0.02002	0.01485	0.02448	0.07383	0.02679	0.01398	0.16811	0.05164	0.02082	0.13935	0.15015	0.07706	0.03100	0.05195	0.01089	0.00287	0.00843	0.01077	0.00678	0.09623
27	0.01854	0.01231	0.01711	0.18142	0.02639	0.01269	0.01308	0.07125	0.02200	0.13178	0.24649	0.11269	0.04156	0.01371	0.00901	0.00266	0.00684	0.01195	0.00756	0.04097
28	0.05221	0.01507	0.02304	0.44249	0.10301	0.01753	0.01977	0.02342	0.07493	0.02510	0.06886	0.02543	0.01809	0.00907	0.00817	0.00264	0.00948	0.00793	0.00475	0.04901
29	0.01743	0.01589	0.02610	0.33469	0.28096	0.01737	0.02152	0.02237	0.01757	0.02452	0.01712	0.04594	0.01425	0.00858	0.00806	0.00254	0.00961	0.00787	0.06066	0.04694
30	0.02446	0.01766	0.02144	0.08684	0.07779	0.01943	0.01530	0.10840	0.34445	0.14877	0.02859	0.02746	0.02073	0.01032	0.00838	0.00270	0.00769	0.00861	0.00793	0.01305
31	0.01846	0.01260	0.01503	0.01295	0.01719	0.01202	0.01017	0.02663	0.16500	0.12481	0.24090	0.04485	0.08837	0.01337	0.00872	0.00248	0.00556	0.03495	0.00827	0.13769

[dist]
# distance from previous block
# <min> <max>
0	1

[block]
# block no. 8 follows, 22 sequences, length 12
# corresponding to MSA columns:
# 774-785
name=unknown_I
#
# <colnr> <probs for GDERKNQSTAVLIFYWHMCP>
#	G	D	E	R	K	N	Q	S	T	A	V	L	I	F	Y	W	H	M	C	P
0	0.02929	0.01886	0.07634	0.01652	0.02295	0.01668	0.01438	0.17618	0.10298	0.31080	0.02830	0.06996	0.02065	0.01097	0.00836	0.00258	0.00776	0.00893	0.00857	0.04895
1	0.01738	0.01121	0.01396	0.01258	0.01588	0.01067	0.00980	0.05166	0.07677	0.12061	0.31735	0.11341	0.07075	0.01590	0.00936	0.00270	0.00537	0.05678	0.00863	0.05923
2	0.11126	0.01628	0.01872	0.04697	0.02212	0.01543	0.01190	0.10318	0.01969	0.05876	0.01557	0.01793	0.01234	0.00776	0.00808	0.00187	0.05771	0.00566	0.00548	0.44327
3	0.02054	0.02202	0.04491	0.03220	0.04038	0.02083	0.53356	0.08053	0.02122	0.02896	0.01697	0.02187	0.01272	0.00722	0.00945	0.00268	0.01309	0.00930	0.00462	0.05693
4	0.06772	0.01528	0.01733	0.01309	0.01938	0.01347	0.01054	0.07630	0.01890	0.02922	0.02104	0.02294	0.06992	0.00848	0.00794	0.00173	0.04953	0.00641	0.00542	0.52535
5	0.01197	0.00840	0.01079	0.01071	0.01146	0.00883	0.00722	0.01347	0.01391	0.01930	0.10099	0.04781	0.03282	0.40129	0.25650	0.00922	0.01245	0.01134	0.00533	0.00620
6	0.10751	0.00970	0.01223	0.01156	0.01277	0.01023	0.00818	0.06654	0.01370	0.02053	0.01456	0.02336	0.01374	0.02463	0.02703	0.60014	0.00729	0.00691	0.00421	0.00518
7	0.07946	0.02023	0.09761	0.01634	0.02294	0.01777	0.01456	0.14221	0.17739	0.14742	0.05141	0.02484	0.01979	0.00966	0.00781	0.00242	0.00764	0.00767	0.00740	0.12543
8	0.02810	0.01917	0.02155	0.01724	0.02313	0.02060	0.01399	0.28459	0.20318	0.16270	0.02565	0.02441	0.01830	0.01027	0.00883	0.00254	0.03061	0.00799	0.00833	0.06883
9	0.01310	0.01009	0.01390	0.01646	0.07136	0.00973	0.01236	0.01669	0.01960	0.02561	0.12353	0.08070	0.16937	0.02048	0.01066	0.00335	0.00670	0.36074	0.00754	0.00803
10	0.01739	0.02930	0.32777	0.07098	0.21470	0.01830	0.05437	0.02496	0.03581	0.02617	0.02170	0.02614	0.06048	0.00924	0.00837	0.00265	0.01070	0.02489	0.00430	0.01180
11	0.02121	0.04825	0.27184	0.02398	0.08619	0.05293	0.08784	0.02985	0.09523	0.11564	0.05100	0.04100	0.01860	0.00941	0.00833	0.00262	0.01028	0.00814	0.00560	0.01206

[dist]
# distance from previous block
# <min> <max>
0	1

[block]
# block no. 9 follows, 22 sequences, length 9
# corresponding to MSA columns:
# 787-795
name=unknown_J
#
# <colnr> <probs for GDERKNQSTAVLIFYWHMCP>
#	G	D	E	R	K	N	Q	S	T	A	V	L	I	F	Y	W	H	M	C	P
0	0.01721	0.11672	0.53906	0.07998	0.03613	0.02076	0.02816	0.02571	0.01738	0.02510	0.01451	0.01746	0.01059	0.00784	0.00764	0.00255	0.01179	0.00605	0.00353	0.01183
1	0.02168	0.49492	0.10978	0.01493	0.02199	0.02667	0.01523	0.02534	0.01831	0.07738	0.08657	0.02065	0.01920	0.00860	0.00640	0.00204	0.00856	0.00618	0.00477	0.01083
2	0.01772	0.18254	0.44331	0.11365	0.03577	0.02208	0.02611	0.02530	0.01727	0.02416	0.01417	0.01728	0.01063	0.00778	0.00740	0.00247	0.01138	0.00595	0.00354	0.01151
3	0.08821	0.01218	0.01546	0.01319	0.01756	0.01129	0.01038	0.02960	0.04441	0.35827	0.14172	0.15743	0.03623	0.01418	0.00876	0.00274	0.00603	0.01205	0.00911	0.01121
4	0.12177	0.01792	0.02734	0.07169	0.09844	0.02184	0.10823	0.02201	0.01496	0.02423	0.01333	0.01954	0.01173	0.01397	0.05533	0.00373	0.33278	0.00738	0.00403	0.00977
5	0.11147	0.11094	0.02592	0.13583	0.02945	0.02457	0.01619	0.34612	0.02817	0.03941	0.01657	0.01865	0.01240	0.00924	0.00839	0.00251	0.03915	0.00671	0.00630	0.01200
6	0.01043	0.00751	0.00959	0.01095	0.01169	0.00699	0.00732	0.01197	0.01634	0.02170	0.09366	0.53163	0.10412	0.09800	0.01387	0.00377	0.00505	0.02121	0.00754	0.00667
7	0.01448	0.00924	0.01111	0.01020	0.01313	0.00810	0.00780	0.01754	0.02163	0.11579	0.32770	0.06489	0.31165	0.01776	0.00961	0.00269	0.00448	0.01515	0.00870	0.00836
8	0.10711	0.01395	0.01659	0.01360	0.01769	0.01441	0.05243	0.15181	0.02187	0.12105	0.02374	0.02922	0.01901	0.11539	0.01243	0.00320	0.00707	0.00821	0.24126	0.00996

[dist]
# distance from previous block
# <min> <max>
0	3

[block]
# block no. 10 follows, 22 sequences, length 15
# corresponding to MSA columns:
# 799-813
name=unknown_K
#
# <colnr> <probs for GDERKNQSTAVLIFYWHMCP>
#	G	D	E	R	K	N	Q	S	T	A	V	L	I	F	Y	W	H	M	C	P
0	0.01804	0.02148	0.12518	0.37626	0.04822	0.01978	0.17327	0.07041	0.01923	0.02573	0.01569	0.02136	0.01161	0.00805	0.00862	0.00273	0.01183	0.00781	0.00415	0.01055
1	0.02854	0.02039	0.02347	0.11671	0.02915	0.02262	0.01603	0.44403	0.05558	0.09343	0.02101	0.02183	0.01492	0.00978	0.00820	0.00253	0.00893	0.00762	0.04215	0.01308
2	0.01008	0.00740	0.00946	0.01110	0.01193	0.00679	0.00751	0.01162	0.01635	0.02139	0.05144	0.61091	0.14301	0.02529	0.01049	0.00329	0.00473	0.02272	0.00771	0.00679
3	0.02931	0.20972	0.06353	0.01625	0.02278	0.09201	0.01447	0.05691	0.08855	0.29021	0.02342	0.02212	0.01649	0.00919	0.00742	0.00233	0.00875	0.00691	0.00713	0.01248
4	0.02221	0.71304	0.04353	0.01421	0.02132	0.03287	0.01421	0.02488	0.01688	0.01955	0.01155	0.01333	0.01066	0.00711	0.00533	0.00178	0.00888	0.00444	0.00355	0.01066
5	0.01549	0.00774	0.00774	0.00774	0.00968	0.00774	0.00581	0.01936	0.01742	0.03097	0.02710	0.03097	0.02129	0.00968	0.00581	0.00194	0.00387	0.00774	0.75416	0.00774
6	0.01017	0.00823	0.00908	0.00968	0.01188	0.00715	0.00718	0.01225	0.01825	0.02234	0.07218	0.22488	0.46779	0.02234	0.01013	0.00302	0.00462	0.06414	0.00771	0.00700
7	0.01890	0.01841	0.03213	0.13973	0.44968	0.01869	0.09009	0.02393	0.01865	0.02584	0.02100	0.02565	0.06288	0.00856	0.00854	0.00258	0.01006	0.00846	0.00434	0.01188
8	0.01012	0.00723	0.00964	0.01157	0.01205	0.00675	0.00771	0.01157	0.01591	0.02121	0.04579	0.70262	0.05495	0.02603	0.01060	0.00337	0.00482	0.02362	0.00771	0.00675
9	0.01024	0.00732	0.00974	0.01149	0.01208	0.00683	0.00772	0.01186	0.01645	0.02207	0.08904	0.65691	0.05662	0.02538	0.01055	0.00332	0.00476	0.02300	0.00781	0.00683
10	0.15725	0.05132	0.07485	0.15403	0.06546	0.01874	0.17745	0.02768	0.01853	0.14977	0.01810	0.02102	0.01298	0.00811	0.00797	0.00263	0.01016	0.00746	0.00536	0.01113
11	0.01785	0.06971	0.45220	0.02730	0.06607	0.02041	0.17729	0.02628	0.01808	0.02609	0.01525	0.01868	0.01117	0.00761	0.00826	0.00262	0.01243	0.00702	0.00371	0.01197
12	0.72501	0.05511	0.01396	0.01111	0.01636	0.01943	0.00929	0.02445	0.01429	0.03628	0.01157	0.01349	0.00909	0.00768	0.00515	0.00253	0.00656	0.00450	0.00505	0.00909
13	0.01513	0.00881	0.01042	0.10810	0.01661	0.00936	0.00826	0.01880	0.01669	0.02784	0.02518	0.03234	0.02080	0.08899	0.01033	0.00275	0.00541	0.00818	0.55833	0.00765
14	0.01764	0.01926	0.11332	0.04743	0.02417	0.01324	0.01380	0.04607	0.01812	0.02768	0.01499	0.01762	0.01205	0.00667	0.00660	0.00156	0.00742	0.00532	0.00479	0.58223

[dist]
# distance from previous block
# <min> <max>
0	1

[block]
# block no. 11 follows, 22 sequences, length 12
# corresponding to MSA columns:
# 815-826
name=unknown_L
#
# <colnr> <probs for GDERKNQSTAVLIFYWHMCP>
#	G	D	E	R	K	N	Q	S	T	A	V	L	I	F	Y	W	H	M	C	P
0	0.01914	0.32465	0.24412	0.07750	0.02906	0.02494	0.02027	0.02602	0.06597	0.02366	0.03878	0.01889	0.01436	0.00842	0.00760	0.00232	0.03288	0.00615	0.00415	0.01110
1	0.01918	0.02347	0.10064	0.07814	0.10364	0.02057	0.47510	0.02612	0.01916	0.02628	0.01639	0.02178	0.01237	0.00721	0.00938	0.00275	0.01326	0.00909	0.00410	0.01136
2	0.01163	0.00849	0.01093	0.01032	0.01233	0.00778	0.00774	0.01543	0.02322	0.03260	0.61470	0.06323	0.11596	0.01725	0.00980	0.00263	0.00394	0.01519	0.00905	0.00778
3	0.01743	0.01754	0.05345	0.23140	0.27491	0.01769	0.06867	0.02358	0.05703	0.02495	0.02077	0.11640	0.01896	0.01049	0.00870	0.00274	0.00974	0.00991	0.00474	0.01091
4	0.09651	0.24755	0.20562	0.01902	0.02719	0.06242	0.07751	0.02826	0.01851	0.12139	0.01628	0.01775	0.01215	0.00794	0.00704	0.00233	0.01016	0.00608	0.00483	0.01146
5	0.01155	0.00849	0.01087	0.01065	0.01262	0.00780	0.00808	0.01508	0.02214	0.03058	0.49761	0.10706	0.14387	0.01851	0.00998	0.00278	0.00430	0.06161	0.00877	0.00766
6	0.01050	0.00747	0.00987	0.01151	0.01213	0.00703	0.00782	0.01213	0.01634	0.02189	0.08572	0.59247	0.05473	0.06622	0.01249	0.00362	0.00508	0.04856	0.00765	0.00676
7	0.02980	0.02213	0.02378	0.01860	0.02482	0.02450	0.01522	0.55908	0.07887	0.04966	0.02213	0.05359	0.01686	0.01083	0.00843	0.00256	0.00876	0.00839	0.00829	0.01371
8	0.01837	0.01680	0.02709	0.50389	0.04985	0.02005	0.07535	0.10595	0.01980	0.02596	0.01547	0.02167	0.01163	0.00873	0.00939	0.00278	0.04518	0.00761	0.00438	0.01008
9	0.01076	0.00772	0.01021	0.01113	0.01219	0.00717	0.00776	0.01316	0.01886	0.02590	0.28081	0.45422	0.06403	0.02252	0.01029	0.00308	0.00447	0.02028	0.00827	0.00717
10	0.01723	0.01477	0.01723	0.01230	0.01969	0.01107	0.00984	0.02092	0.01723	0.02707	0.01477	0.01723	0.01230	0.00615	0.00615	0.00123	0.00615	0.00492	0.00492	0.75883
11	0.02188	0.01433	0.03692	0.01528	0.01985	0.01321	0.01310	0.11481	0.04424	0.16951	0.09498	0.05310	0.03445	0.01510	0.00941	0.00290	0.00733	0.22575	0.00810	0.08576

[dist]
# distance from previous block
# <min> <max>
0	1

[block]
# block no. 12 follows, 22 sequences, length 52
# corresponding to MSA columns:
# 828-879
name=unknown_M
#
# <colnr> <probs for GDERKNQSTAVLIFYWHMCP>
#	G	D	E	R	K	N	Q	S	T	A	V	L	I	F	Y	W	H	M	C	P
0	0.03198	0.01832	0.02143	0.01661	0.02274	0.01879	0.01365	0.34118	0.03163	0.28964	0.08350	0.02711	0.02260	0.01074	0.00847	0.00253	0.00785	0.00852	0.00916	0.01355
1	0.01907	0.02437	0.13621	0.06362	0.15758	0.02071	0.35365	0.02566	0.01855	0.02597	0.01579	0.02102	0.01221	0.00780	0.01038	0.00277	0.06061	0.00851	0.00402	0.01150
2	0.02056	0.01974	0.03372	0.05099	0.65622	0.01974	0.02550	0.02550	0.01892	0.02714	0.01563	0.02056	0.01316	0.00740	0.00822	0.00247	0.00987	0.00740	0.00411	0.01316
3	0.01208	0.00805	0.00906	0.00906	0.00906	0.00805	0.00503	0.01208	0.01208	0.01611	0.02618	0.05436	0.03020	0.70804	0.04228	0.00805	0.00805	0.01208	0.00503	0.00503
4	0.03658	0.01524	0.01996	0.01531	0.02176	0.01385	0.01264	0.11177	0.02563	0.58807	0.03122	0.02727	0.01978	0.01024	0.00835	0.00256	0.00732	0.00825	0.01004	0.01414
5	0.01990	0.01880	0.03184	0.04769	0.59704	0.01880	0.02437	0.02473	0.01894	0.02693	0.01825	0.02734	0.01637	0.00884	0.00853	0.00259	0.00966	0.06231	0.00444	0.01265
6	0.01188	0.00886	0.01315	0.01315	0.01456	0.01027	0.01013	0.01470	0.01329	0.01914	0.02244	0.03366	0.02121	0.09271	0.64532	0.01310	0.02158	0.00905	0.00448	0.00731
7	0.01443	0.00722	0.01082	0.01082	0.01082	0.00722	0.00722	0.01082	0.01082	0.01443	0.01443	0.02525	0.01443	0.02886	0.03247	0.75830	0.00722	0.00722	0.00361	0.00361
8	0.01021	0.00849	0.00895	0.00900	0.01168	0.00724	0.00686	0.01258	0.01937	0.02359	0.13440	0.07909	0.56454	0.02077	0.00991	0.00285	0.00438	0.05112	0.00784	0.00713
9	0.01549	0.00774	0.00774	0.00774	0.00968	0.00774	0.00581	0.01936	0.01742	0.03097	0.02710	0.03097	0.02129	0.00968	0.00581	0.00194	0.00387	0.00774	0.75416	0.00774
10	0.01809	0.01945	0.03989	0.19469	0.07370	0.01942	0.41057	0.02428	0.01861	0.02497	0.01808	0.06525	0.01493	0.00854	0.00941	0.00281	0.01251	0.00997	0.00429	0.01053
11	0.03091	0.01273	0.01724	0.01370	0.01901	0.01112	0.01112	0.03430	0.02371	0.50530	0.18705	0.03669	0.03497	0.01195	0.00871	0.00258	0.00628	0.01002	0.01000	0.01257
12	0.01585	0.01498	0.02495	0.64596	0.05498	0.01890	0.02276	0.02115	0.01637	0.02115	0.01452	0.02190	0.01106	0.00870	0.00950	0.00282	0.05417	0.00738	0.00369	0.00922
13	0.01010	0.00730	0.00957	0.01139	0.01200	0.00676	0.00763	0.01159	0.01608	0.02128	0.04799	0.66684	0.08931	0.02574	0.01056	0.00334	0.00478	0.02327	0.00771	0.00676
14	0.01339	0.00956	0.01339	0.01530	0.01721	0.00956	0.01339	0.01721	0.01912	0.02486	0.04399	0.09371	0.04781	0.02295	0.01147	0.00382	0.00765	0.60031	0.00765	0.00765
15	0.01666	0.04297	0.66500	0.02368	0.03596	0.01929	0.03069	0.02631	0.01754	0.02631	0.01491	0.01754	0.01052	0.00789	0.00789	0.00263	0.01228	0.00614	0.00351	0.01228
16	0.01698	0.01728	0.03298	0.40372	0.07190	0.01885	0.23430	0.02282	0.01771	0.02333	0.01697	0.05423	0.01375	0.00865	0.00894	0.00280	0.01177	0.00900	0.00408	0.00995
17	0.01962	0.12508	0.48149	0.02229	0.03307	0.02044	0.06435	0.02756	0.01821	0.08900	0.01638	0.01838	0.01168	0.00797	0.00773	0.00253	0.01143	0.00637	0.00423	0.01219
18	0.73531	0.04548	0.01353	0.01106	0.01629	0.01924	0.00922	0.02444	0.01425	0.03652	0.01157	0.01349	0.00907	0.00769	0.00515	0.00254	0.00653	0.00450	0.00507	0.00907
19	0.02871	0.21674	0.02880	0.01951	0.02454	0.50587	0.01557	0.03099	0.02179	0.02012	0.01250	0.01455	0.01069	0.00818	0.00692	0.00204	0.01338	0.00511	0.00409	0.00990
20	0.01096	0.00746	0.00958	0.01114	0.01177	0.00710	0.00753	0.01260	0.01582	0.02178	0.04205	0.54892	0.04907	0.09146	0.01332	0.00372	0.00518	0.04728	0.07657	0.00671
21	0.02031	0.40122	0.30236	0.01851	0.02764	0.05744	0.02119	0.02587	0.01747	0.02241	0.01301	0.01517	0.01061	0.00750	0.00650	0.00215	0.01059	0.00519	0.00357	0.01129
22	0.01167	0.00849	0.01098	0.01036	0.01236	0.00780	0.00777	0.01551	0.02331	0.03283	0.62645	0.06286	0.10407	0.01716	0.00980	0.00262	0.00393	0.01514	0.00908	0.00780
23	0.01012	0.00723	0.00964	0.01157	0.01205	0.00675	0.00771	0.01157	0.01591	0.02121	0.04579	0.70262	0.05495	0.02603	0.01060	0.00337	0.00482	0.02362	0.00771	0.00675
24	0.02022	0.01538	0.01803	0.01307	0.02031	0.01234	0.01053	0.07079	0.01956	0.08787	0.01684	0.01846	0.01321	0.00684	0.00653	0.00145	0.00647	0.00544	0.00569	0.63096
25	0.01276	0.00963	0.01219	0.01326	0.01509	0.00966	0.01034	0.01817	0.09917	0.02534	0.09547	0.30078	0.09496	0.02191	0.01051	0.00336	0.00594	0.22554	0.00790	0.00801
26	0.01208	0.00805	0.00906	0.00906	0.00906	0.00805	0.00503	0.01208	0.01208	0.01611	0.02618	0.05436	0.03020	0.70804	0.04228	0.00805	0.00805	0.01208	0.00503	0.00503
27	0.01706	0.04022	0.58259	0.02519	0.03695	0.01952	0.11035	0.02635	0.01782	0.02635	0.01516	0.01819	0.01080	0.00777	0.00815	0.00265	0.01251	0.00663	0.00360	0.01213
28	0.01702	0.04065	0.59850	0.02567	0.06694	0.01941	0.06465	0.02629	0.01773	0.02637	0.01505	0.01797	0.01077	0.00782	0.00802	0.00263	0.01226	0.00641	0.00358	0.01226
29	0.03727	0.01414	0.01928	0.01478	0.02121	0.01221	0.01221	0.04049	0.02378	0.66198	0.03277	0.02828	0.02056	0.01028	0.00835	0.00257	0.00707	0.00835	0.01028	0.01414
30	0.01151	0.00848	0.01076	0.01019	0.01226	0.00773	0.00764	0.01520	0.02293	0.03192	0.57908	0.06435	0.15201	0.01750	0.00980	0.00264	0.00396	0.01535	0.00896	0.00773
31	0.11468	0.01538	0.02463	0.56150	0.05101	0.01863	0.05587	0.02196	0.01646	0.02365	0.01446	0.02103	0.01089	0.00815	0.00798	0.00274	0.01063	0.00714	0.00391	0.00931
32	0.01316	0.00881	0.01153	0.01095	0.01313	0.00810	0.00834	0.01684	0.02272	0.06792	0.52824	0.09423	0.09531	0.01755	0.00985	0.00273	0.00437	0.04913	0.00900	0.00810
33	0.01214	0.00890	0.01144	0.01073	0.01281	0.00839	0.00807	0.01691	0.05020	0.03338	0.62514	0.06071	0.07609	0.01674	0.00974	0.00262	0.00403	0.01478	0.00912	0.00807
34	0.01251	0.01068	0.01743	0.19738	0.02722	0.01125	0.06915	0.01558	0.01644	0.02171	0.03468	0.45491	0.03911	0.01945	0.00991	0.00316	0.00737	0.01793	0.00630	0.00783
35	0.01666	0.04297	0.66500	0.02368	0.03596	0.01929	0.03069	0.02631	0.01754	0.02631	0.01491	0.01754	0.01052	0.00789	0.00789	0.00263	0.01228	0.00614	0.00351	0.01228
36	0.01723	0.01477	0.01723	0.01230	0.01969	0.01107	0.00984	0.02092	0.01723	0.02707	0.01477	0.01723	0.01230	0.00615	0.00615	0.00123	0.00615	0.00492	0.00492	0.75883
37	0.01148	0.00848	0.01072	0.01016	0.01224	0.00772	0.00762	0.01514	0.02287	0.03177	0.57130	0.06459	0.15989	0.01756	0.00980	0.00264	0.00396	0.01538	0.00894	0.00772
38	0.02170	0.65099	0.10109	0.01509	0.02268	0.03161	0.01574	0.02501	0.01694	0.02017	0.01186	0.01372	0.01065	0.00718	0.00557	0.00186	0.00920	0.00460	0.00355	0.01081
39	0.01750	0.04278	0.62778	0.02355	0.03536	0.05732	0.02984	0.02671	0.01789	0.02596	0.01479	0.01739	0.01053	0.00793	0.00787	0.00260	0.01243	0.00609	0.00355	0.01212
40	0.01012	0.00723	0.00964	0.01157	0.01205	0.00675	0.00771	0.01157	0.01591	0.02121	0.04579	0.70262	0.05495	0.02603	0.01060	0.00337	0.00482	0.02362	0.00771	0.00675
41	0.01569	0.01477	0.02492	0.68808	0.05722	0.01846	0.02307	0.02123	0.01661	0.02123	0.01477	0.02215	0.01107	0.00831	0.00831	0.00277	0.01107	0.00738	0.00369	0.00923
42	0.02517	0.01708	0.01924	0.01644	0.02156	0.01846	0.01323	0.15720	0.31567	0.16462	0.03372	0.03561	0.04938	0.01221	0.00872	0.00279	0.00719	0.06018	0.00870	0.01282
43	0.01252	0.00869	0.01116	0.01042	0.01262	0.00792	0.00786	0.01624	0.02310	0.05546	0.57646	0.06247	0.12946	0.01711	0.00975	0.00263	0.00406	0.01501	0.00905	0.00799
44	0.01159	0.00849	0.01087	0.01027	0.01231	0.00777	0.00770	0.01535	0.02311	0.03236	0.60184	0.06363	0.12898	0.01734	0.00980	0.00263	0.00394	0.01524	0.00902	0.00777
45	0.01208	0.00805	0.00906	0.00906	0.00906	0.00805	0.00503	0.01208	0.01208	0.01611	0.02618	0.05436	0.03020	0.70804	0.04228	0.00805	0.00805	0.01208	0.00503	0.00503
46	0.01797	0.20147	0.51800	0.02144	0.03249	0.02251	0.02680	0.02597	0.01738	0.02471	0.01411	0.01654	0.01056	0.00771	0.00729	0.00243	0.01147	0.00574	0.00352	0.01190
47	0.01004	0.00849	0.00873	0.00885	0.01160	0.00717	0.00676	0.01226	0.01895	0.02259	0.08162	0.08082	0.61461	0.02116	0.00992	0.00287	0.00443	0.05437	0.00771	0.00705
48	0.01012	0.00723	0.00964	0.01157	0.01205	0.00675	0.00771	0.01157	0.01591	0.02121	0.04579	0.70262	0.05495	0.02603	0.01060	0.00337	0.00482	0.02362	0.00771	0.00675
49	0.02035	0.01952	0.03333	0.07915	0.62974	0.01968	0.02539	0.02531	0.01881	0.02688	0.01559	0.02063	0.01307	0.00744	0.00823	0.00248	0.00992	0.00740	0.00409	0.01299
50	0.02034	0.01951	0.03332	0.08001	0.62893	0.01968	0.02539	0.02530	0.01881	0.02687	0.01559	0.02063	0.01306	0.00744	0.00823	0.00248	0.00992	0.00740	0.00409	0.01298
51	0.02011	0.01928	0.03291	0.10945	0.60126	0.01962	0.02527	0.02510	0.01870	0.02660	0.01555	0.02071	0.01297	0.00748	0.00823	0.00249	0.00998	0.00740	0.00407	0.01280

[dist]
# distance from previous block
# <min> <max>
21	47

[block]
# block no. 13 follows, 22 sequences, length 6
# corresponding to MSA columns:
# 928-933
name=unknown_N
#
# <colnr> <probs for GDERKNQSTAVLIFYWHMCP>
