[name]
unknown

[dist]
# distance from previous block
# <min> <max>
6	39

[block]
# block no. 0 follows, 24 sequences, length 8
# corresponding to MSA columns:
# 42-49
name=unknown_A
#
# <colnr> <probs for GDERKNQSTAVLIFYWHMCP>
#	G	D	E	R	K	N	Q	S	T	A	V	L	I	F	Y	W	H	M	C	P
0	0.02006	0.01344	0.01536	0.01343	0.01682	0.01394	0.01028	0.25347	0.02452	0.08769	0.06667	0.23929	0.06571	0.06640	0.01096	0.00302	0.00643	0.01311	0.04968	0.00970
1	0.01402	0.01020	0.01375	0.01538	0.08565	0.00990	0.01008	0.06099	0.02007	0.05169	0.26517	0.23320	0.07208	0.05636	0.01105	0.00302	0.00549	0.04620	0.00747	0.00823
2	0.16256	0.01468	0.01632	0.01390	0.01869	0.01544	0.01121	0.07624	0.20312	0.23146	0.09395	0.03109	0.02555	0.01089	0.00773	0.00258	0.00635	0.03880	0.00805	0.01139
3	0.01211	0.00863	0.01000	0.00981	0.01191	0.00796	0.00709	0.01537	0.05418	0.05894	0.19642	0.16436	0.28504	0.10649	0.01321	0.00334	0.00478	0.01554	0.00753	0.00730
4	0.01318	0.00831	0.01035	0.01010	0.01187	0.00761	0.00717	0.01537	0.01817	0.09140	0.25620	0.20173	0.14374	0.15074	0.01522	0.00365	0.00503	0.01532	0.00760	0.00725
5	0.01472	0.00922	0.01121	0.01127	0.01318	0.00887	0.00803	0.05010	0.04865	0.09981	0.04157	0.39062	0.10887	0.09073	0.01239	0.00338	0.00536	0.01679	0.04737	0.00786
6	0.18233	0.01533	0.01964	0.01585	0.02013	0.01682	0.08972	0.09947	0.04884	0.12370	0.01955	0.02165	0.01466	0.00937	0.00955	0.00250	0.10652	0.00704	0.16726	0.01008
7	0.04984	0.00994	0.01274	0.01181	0.01463	0.00917	0.00888	0.02191	0.01802	0.25074	0.07915	0.23706	0.05926	0.12047	0.01360	0.00354	0.00598	0.05655	0.00783	0.00889

[dist]
# distance from previous block
# <min> <max>
0	3

[block]
# block no. 1 follows, 24 sequences, length 11
# corresponding to MSA columns:
# 53-63
name=unknown_B
#
# <colnr> <probs for GDERKNQSTAVLIFYWHMCP>
#	G	D	E	R	K	N	Q	S	T	A	V	L	I	F	Y	W	H	M	C	P
0	0.05236	0.01118	0.01261	0.01134	0.01483	0.01097	0.00889	0.04777	0.11853	0.12550	0.18407	0.05141	0.23922	0.01490	0.00860	0.00259	0.00510	0.03348	0.03746	0.00919
1	0.04935	0.01582	0.01679	0.01408	0.01839	0.04703	0.01123	0.23291	0.07247	0.13589	0.07590	0.05000	0.02397	0.03841	0.00896	0.00260	0.00695	0.03333	0.13517	0.01076
2	0.44906	0.01672	0.01546	0.01296	0.01815	0.01877	0.01060	0.17709	0.07517	0.08383	0.01680	0.01745	0.01235	0.00842	0.00615	0.00243	0.00673	0.00576	0.03568	0.01042
3	0.01133	0.00850	0.01274	0.01274	0.01416	0.00991	0.00991	0.01416	0.01274	0.01841	0.02124	0.03115	0.01982	0.05947	0.68989	0.01274	0.02124	0.00850	0.00425	0.00708
4	0.02971	0.02137	0.02309	0.01787	0.02408	0.02355	0.01471	0.57000	0.08016	0.08284	0.02064	0.02021	0.01457	0.00962	0.00794	0.00241	0.00845	0.00731	0.00804	0.01342
5	0.01151	0.00779	0.00915	0.00915	0.00932	0.00796	0.00543	0.01185	0.01168	0.01575	0.02453	0.04935	0.02773	0.64014	0.12003	0.00831	0.00935	0.01116	0.00474	0.00508
6	0.01891	0.01886	0.02892	0.27323	0.23949	0.06909	0.09024	0.05344	0.01804	0.02388	0.01432	0.01972	0.01146	0.00819	0.00976	0.00258	0.07833	0.00716	0.00396	0.01044
7	0.02748	0.03264	0.02193	0.01961	0.02347	0.52755	0.01498	0.09234	0.02260	0.02244	0.01357	0.01632	0.01133	0.01277	0.06328	0.00302	0.05507	0.00570	0.00446	0.00943
8	0.01478	0.00739	0.00739	0.00739	0.00924	0.00739	0.00554	0.01848	0.01663	0.02956	0.02587	0.02956	0.02033	0.00924	0.00554	0.00185	0.00370	0.00739	0.76534	0.00739
9	0.01055	0.00893	0.00922	0.00900	0.01179	0.00805	0.00679	0.01473	0.08203	0.02343	0.12282	0.07029	0.55675	0.01884	0.00924	0.00266	0.00422	0.01577	0.00754	0.00734
10	0.02117	0.03484	0.48853	0.02061	0.03055	0.06673	0.02445	0.02852	0.01845	0.16553	0.01777	0.01877	0.01213	0.00807	0.00760	0.00246	0.01084	0.00626	0.00480	0.01192

[dist]
# distance from previous block
# <min> <max>
5	7

[block]
# block no. 2 follows, 24 sequences, length 9
# corresponding to MSA columns:
# 71-79
name=unknown_C
#
# <colnr> <probs for GDERKNQSTAVLIFYWHMCP>
#	G	D	E	R	K	N	Q	S	T	A	V	L	I	F	Y	W	H	M	C	P
0	0.12163	0.01606	0.01754	0.01663	0.06854	0.01738	0.01213	0.18499	0.19519	0.06200	0.03395	0.05975	0.13729	0.01194	0.00791	0.00256	0.00666	0.00965	0.00721	0.01099
1	0.01152	0.00775	0.00897	0.00897	0.00908	0.00786	0.00520	0.01174	0.01163	0.01561	0.02469	0.05028	0.02813	0.66971	0.09101	0.00808	0.00874	0.01130	0.00476	0.00498
2	0.01969	0.01910	0.02408	0.18556	0.21277	0.09794	0.01849	0.07870	0.10229	0.02599	0.02169	0.02476	0.06342	0.00958	0.00928	0.00254	0.06071	0.00781	0.00496	0.01063
3	0.01478	0.00739	0.00739	0.00739	0.00924	0.00739	0.00554	0.01848	0.01663	0.02956	0.02587	0.02956	0.02033	0.00924	0.00554	0.00185	0.00370	0.00739	0.76534	0.00739
4	0.01474	0.01239	0.01365	0.01334	0.04361	0.06713	0.03786	0.01867	0.06718	0.05205	0.10029	0.09571	0.29995	0.01616	0.00970	0.03890	0.00597	0.01294	0.07168	0.00804
5	0.02059	0.02345	0.08156	0.13990	0.13856	0.15708	0.04272	0.07589	0.01865	0.02381	0.01388	0.01857	0.01144	0.01131	0.04029	0.00304	0.15836	0.00668	0.00410	0.01013
6	0.01724	0.01646	0.02278	0.50714	0.04484	0.07545	0.01972	0.05464	0.01729	0.02221	0.01455	0.02059	0.01124	0.00864	0.00933	0.00261	0.07201	0.00690	0.04735	0.00900
7	0.01977	0.01967	0.02643	0.15668	0.15579	0.13368	0.10873	0.02474	0.04794	0.05353	0.01672	0.02161	0.01351	0.01563	0.10745	0.00399	0.05235	0.00739	0.00439	0.01002
8	0.02035	0.14608	0.27754	0.01859	0.02647	0.04893	0.07711	0.02574	0.01798	0.13651	0.02290	0.02495	0.06915	0.04305	0.00908	0.00262	0.00973	0.00745	0.00499	0.01079

[dist]
# distance from previous block
# <min> <max>
0	2

[block]
# block no. 3 follows, 24 sequences, length 28
# corresponding to MSA columns:
# 82-109
name=unknown_D
#
# <colnr> <probs for GDERKNQSTAVLIFYWHMCP>
#	G	D	E	R	K	N	Q	S	T	A	V	L	I	F	Y	W	H	M	C	P
0	0.05750	0.02084	0.06721	0.10720	0.12963	0.09727	0.09355	0.06201	0.12911	0.02697	0.01880	0.02326	0.01509	0.01121	0.04311	0.00298	0.01037	0.02716	0.00503	0.05170
1	0.02322	0.11389	0.02325	0.02042	0.09239	0.32682	0.01440	0.06001	0.06951	0.02293	0.02171	0.10623	0.05100	0.01083	0.00756	0.00228	0.01039	0.00838	0.00507	0.00970
2	0.01215	0.00936	0.01085	0.01082	0.01330	0.00880	0.00851	0.06645	0.02020	0.02592	0.16200	0.12884	0.33321	0.01934	0.00963	0.00287	0.00508	0.13753	0.00763	0.00750
3	0.08922	0.01780	0.01958	0.01725	0.05516	0.01972	0.01303	0.32061	0.13714	0.03892	0.07719	0.02766	0.04139	0.05762	0.01052	0.00284	0.02734	0.00839	0.00719	0.01142
4	0.02685	0.09812	0.05580	0.01472	0.02026	0.03798	0.01270	0.05489	0.10395	0.34388	0.06142	0.05356	0.02236	0.01282	0.04180	0.00293	0.00795	0.00838	0.00780	0.01183
5	0.00989	0.00791	0.00895	0.00934	0.01136	0.00707	0.00689	0.01194	0.01716	0.02138	0.09269	0.18590	0.43260	0.04860	0.05830	0.00370	0.00561	0.04693	0.00711	0.00668
6	0.01278	0.00990	0.01190	0.01134	0.01374	0.00992	0.00865	0.02002	0.14937	0.03019	0.42500	0.08604	0.11546	0.01616	0.00922	0.00265	0.00451	0.04646	0.00833	0.00838
7	0.13821	0.19166	0.02852	0.04433	0.11669	0.07556	0.04675	0.18359	0.02186	0.03077	0.01406	0.01640	0.01125	0.00807	0.00760	0.00227	0.04056	0.00594	0.00496	0.01096
8	0.02120	0.72609	0.04155	0.01357	0.02035	0.03138	0.01357	0.02374	0.01611	0.01866	0.01102	0.01272	0.01018	0.00678	0.00509	0.00170	0.00848	0.00424	0.00339	0.01018
9	0.00987	0.00713	0.00935	0.01074	0.01151	0.00660	0.00731	0.01163	0.01637	0.02197	0.13591	0.59010	0.08537	0.02336	0.00997	0.00309	0.00445	0.02107	0.00756	0.00660
10	0.01563	0.01312	0.01534	0.01142	0.01748	0.01009	0.00887	0.01872	0.01593	0.02458	0.01668	0.05723	0.01549	0.07220	0.00925	0.00188	0.00597	0.00628	0.00485	0.65899
11	0.03832	0.01608	0.04100	0.04568	0.07641	0.01612	0.04749	0.10795	0.04769	0.02769	0.05157	0.09705	0.02072	0.05110	0.01224	0.00271	0.10933	0.00890	0.00543	0.17653
12	0.02535	0.01907	0.02110	0.01706	0.02195	0.02149	0.01378	0.42105	0.14215	0.04073	0.02051	0.02176	0.01549	0.01360	0.03759	0.07454	0.04629	0.00748	0.00715	0.01187
13	0.02985	0.01360	0.01737	0.01389	0.01929	0.01267	0.01128	0.05788	0.11207	0.47855	0.08307	0.03223	0.05937	0.01099	0.00817	0.00250	0.00637	0.00905	0.00928	0.01253
14	0.01360	0.01270	0.05004	0.01228	0.01562	0.01173	0.00996	0.02298	0.22434	0.02811	0.21712	0.11550	0.20315	0.01579	0.00892	0.00268	0.00516	0.01354	0.00773	0.00905
15	0.02622	0.06634	0.02175	0.01815	0.02251	0.43745	0.01400	0.10547	0.08425	0.02503	0.04382	0.02222	0.06007	0.00964	0.00746	0.00219	0.01145	0.00683	0.00530	0.00985
16	0.00987	0.00718	0.00931	0.01062	0.01148	0.00662	0.00726	0.01166	0.01652	0.02207	0.14022	0.56221	0.10942	0.02314	0.00994	0.00306	0.00442	0.02081	0.00757	0.00662
17	0.02046	0.01873	0.01766	0.01589	0.02004	0.10460	0.01225	0.09755	0.41153	0.03117	0.03280	0.08785	0.07053	0.01216	0.00820	0.00262	0.00726	0.00999	0.00743	0.01127
18	0.01122	0.00830	0.00913	0.00888	0.01150	0.00710	0.00667	0.01355	0.01891	0.06132	0.17348	0.10678	0.49679	0.01911	0.00933	0.00266	0.00416	0.01615	0.00773	0.00721
19	0.02689	0.02130	0.02072	0.01697	0.02204	0.11266	0.01354	0.40510	0.05551	0.07318	0.02249	0.10361	0.01873	0.01123	0.00800	0.00243	0.00861	0.00884	0.03639	0.01177
20	0.05600	0.01379	0.01598	0.08907	0.07014	0.07392	0.01170	0.01731	0.01509	0.02046	0.05840	0.03741	0.09460	0.22077	0.07685	0.00497	0.10163	0.00960	0.00481	0.00750
21	0.02427	0.02654	0.01925	0.07487	0.02373	0.38069	0.01370	0.05780	0.11534	0.02473	0.01813	0.02010	0.01428	0.00879	0.00710	0.00217	0.01064	0.00634	0.14198	0.00953
22	0.01941	0.04354	0.01998	0.05888	0.07155	0.19040	0.01341	0.02324	0.05158	0.02211	0.01643	0.04635	0.01457	0.01562	0.09539	0.02931	0.04226	0.00669	0.00449	0.21476
23	0.01023	0.00769	0.00952	0.01026	0.01179	0.00699	0.00748	0.01254	0.01800	0.02367	0.20532	0.32874	0.22562	0.02120	0.00980	0.00293	0.00446	0.06924	0.00769	0.00684
24	0.04663	0.01863	0.07074	0.12440	0.07521	0.01860	0.05916	0.21161	0.04378	0.06156	0.04942	0.02489	0.01716	0.01115	0.01083	0.05978	0.04838	0.03163	0.00579	0.01064
25	0.01730	0.04266	0.02115	0.05382	0.07494	0.08740	0.01489	0.02047	0.05093	0.02045	0.03748	0.04732	0.01668	0.02024	0.11558	0.06899	0.26906	0.00782	0.00426	0.00854
26	0.00996	0.00804	0.00892	0.00914	0.01143	0.00699	0.00693	0.01231	0.01848	0.02304	0.16059	0.13200	0.47336	0.02009	0.00957	0.00278	0.00431	0.06766	0.00756	0.00684
27	0.01624	0.04939	0.01945	0.01356	0.01989	0.01198	0.06710	0.01983	0.01654	0.02514	0.01715	0.07633	0.01551	0.00774	0.00650	0.00154	0.00648	0.00673	0.03907	0.56383

[dist]
# distance from previous block
# <min> <max>
0	1

[block]
# block no. 4 follows, 24 sequences, length 124
# corresponding to MSA columns:
# 111-234
name=unknown_E
#
# <colnr> <probs for GDERKNQSTAVLIFYWHMCP>
#	G	D	E	R	K	N	Q	S	T	A	V	L	I	F	Y	W	H	M	C	P
0	0.05795	0.08451	0.02732	0.07780	0.11907	0.22497	0.09947	0.05485	0.01902	0.02341	0.01441	0.01933	0.01224	0.04811	0.01055	0.00264	0.06197	0.00665	0.02594	0.00977
1	0.02840	0.02112	0.02198	0.01740	0.02320	0.05275	0.01417	0.47356	0.12189	0.08240	0.02156	0.02117	0.01546	0.00964	0.00783	0.00239	0.00833	0.00736	0.03647	0.01293
2	0.01136	0.00762	0.00870	0.00887	0.00891	0.00757	0.00504	0.01149	0.01186	0.01582	0.02669	0.11229	0.03098	0.65799	0.03761	0.00728	0.00741	0.01253	0.00504	0.00495
3	0.05306	0.06908	0.02030	0.01465	0.01986	0.01729	0.01214	0.22872	0.02569	0.22152	0.12194	0.02848	0.04583	0.01073	0.00861	0.00238	0.03835	0.00836	0.00778	0.04524
4	0.01870	0.01992	0.02741	0.08227	0.02727	0.09643	0.11110	0.02152	0.01459	0.02017	0.01178	0.01795	0.01064	0.01165	0.01987	0.00312	0.46583	0.00711	0.00362	0.00905
5	0.00977	0.00695	0.00917	0.01090	0.01133	0.00651	0.00721	0.01107	0.01497	0.01996	0.04260	0.67703	0.05106	0.06585	0.01190	0.00348	0.00478	0.02189	0.00721	0.00634
6	0.01921	0.01636	0.02248	0.07386	0.06321	0.01559	0.07105	0.10111	0.01918	0.05009	0.01520	0.01824	0.01209	0.00752	0.00867	0.00191	0.07212	0.00609	0.00497	0.40104
7	0.02542	0.09557	0.02829	0.02445	0.09982	0.40577	0.10259	0.04842	0.02114	0.02210	0.01459	0.01945	0.01251	0.00841	0.00755	0.00222	0.01256	0.03494	0.00427	0.00993
8	0.00966	0.00690	0.00920	0.01104	0.01150	0.00644	0.00736	0.01104	0.01518	0.02024	0.04371	0.71614	0.05245	0.02484	0.01012	0.00322	0.00460	0.02254	0.00736	0.00644
9	0.01846	0.02069	0.08496	0.14434	0.08427	0.04441	0.22425	0.05655	0.10786	0.02602	0.02070	0.02416	0.04694	0.00888	0.00949	0.00264	0.05160	0.00840	0.00477	0.01061
10	0.01904	0.05333	0.02205	0.01780	0.02130	0.13351	0.08845	0.05111	0.07245	0.04898	0.05643	0.07180	0.07951	0.01730	0.07905	0.00369	0.11090	0.03852	0.00556	0.00922
11	0.00966	0.00690	0.00920	0.01104	0.01150	0.00644	0.00736	0.01104	0.01518	0.02024	0.04371	0.71614	0.05245	0.02484	0.01012	0.00322	0.00460	0.02254	0.00736	0.00644
12	0.01910	0.01641	0.02617	0.28708	0.05838	0.01790	0.13590	0.13270	0.05130	0.05774	0.04998	0.05019	0.04235	0.00961	0.00840	0.00260	0.00959	0.00889	0.00543	0.01028
13	0.01001	0.00751	0.00937	0.01070	0.01196	0.00688	0.00773	0.01187	0.01639	0.02104	0.05351	0.45545	0.22033	0.02314	0.01003	0.00313	0.00481	0.10217	0.00735	0.00663
14	0.02225	0.52929	0.06953	0.01513	0.02159	0.12314	0.01449	0.05817	0.01842	0.02126	0.03533	0.01516	0.01267	0.00751	0.00581	0.00185	0.00932	0.00497	0.00392	0.01020
15	0.02376	0.02340	0.04745	0.05532	0.04652	0.21254	0.03972	0.05611	0.01887	0.11368	0.01552	0.01870	0.01229	0.01146	0.03479	0.00290	0.20448	0.00656	0.00487	0.05108
16	0.02882	0.03615	0.02166	0.01973	0.02369	0.65267	0.01479	0.03095	0.02216	0.01996	0.01299	0.01512	0.01076	0.00823	0.00706	0.00203	0.01373	0.00523	0.04517	0.00910
17	0.02141	0.02267	0.04988	0.06454	0.10495	0.14566	0.08934	0.10353	0.05006	0.02565	0.01502	0.01961	0.01250	0.03246	0.01339	0.00279	0.18289	0.00706	0.00457	0.03203
18	0.01000	0.00739	0.00938	0.01053	0.01166	0.00677	0.00741	0.01196	0.01693	0.02236	0.14376	0.47420	0.16361	0.02257	0.00992	0.00304	0.00450	0.04977	0.00756	0.00668
19	0.08201	0.02109	0.07787	0.13901	0.02983	0.08587	0.07413	0.15608	0.12057	0.03122	0.04868	0.02604	0.01813	0.00972	0.00797	0.00256	0.00939	0.04338	0.00580	0.01065
20	0.01950	0.01970	0.05492	0.06349	0.02236	0.13789	0.01375	0.02874	0.21984	0.06382	0.06971	0.03228	0.10568	0.01353	0.03544	0.00298	0.07098	0.00905	0.00627	0.01006
21	0.00947	0.00798	0.00821	0.00827	0.01080	0.00672	0.00616	0.01152	0.01812	0.02182	0.10414	0.10838	0.61106	0.02016	0.00941	0.00270	0.00403	0.01693	0.00742	0.00672
22	0.11013	0.42753	0.07115	0.01519	0.02148	0.07838	0.01442	0.10471	0.01890	0.02513	0.01232	0.01412	0.01043	0.00767	0.00668	0.00203	0.04023	0.00491	0.00421	0.01037
23	0.06495	0.05434	0.06190	0.04864	0.17751	0.07521	0.13793	0.05168	0.01887	0.05506	0.01667	0.02225	0.01373	0.00799	0.00763	0.00227	0.00970	0.03965	0.00468	0.12936
24	0.01880	0.18355	0.02512	0.01734	0.05462	0.05121	0.06504	0.12142	0.01892	0.02444	0.02055	0.12306	0.02073	0.13737	0.04527	0.00380	0.04497	0.00955	0.00510	0.00916
25	0.03558	0.01350	0.01840	0.01411	0.02024	0.01166	0.01166	0.03865	0.02270	0.67734	0.03128	0.02699	0.01963	0.00981	0.00797	0.00245	0.00675	0.00797	0.00981	0.01350
26	0.01153	0.00769	0.00865	0.00865	0.00865	0.00769	0.00480	0.01153	0.01153	0.01538	0.02499	0.05189	0.02883	0.72131	0.04036	0.00769	0.00769	0.01153	0.00480	0.00480
27	0.06457	0.01970	0.03296	0.05685	0.09117	0.07387	0.32074	0.05443	0.01971	0.05903	0.07687	0.02423	0.01828	0.01045	0.03875	0.00298	0.01144	0.00864	0.00496	0.01035
28	0.11403	0.03215	0.06075	0.02173	0.08327	0.45425	0.01609	0.06147	0.04276	0.02424	0.01350	0.01552	0.01087	0.00809	0.00705	0.00219	0.01220	0.00547	0.00445	0.00991
29	0.00977	0.00698	0.00933	0.01117	0.01168	0.00654	0.00756	0.01124	0.01529	0.02037	0.04364	0.69337	0.05220	0.02474	0.01015	0.00324	0.00470	0.04419	0.00736	0.00647
30	0.12371	0.01746	0.02312	0.01911	0.02192	0.02155	0.07383	0.10813	0.06815	0.02740	0.01684	0.02091	0.03575	0.01323	0.03972	0.00333	0.34386	0.00740	0.00487	0.00970
31	0.01749	0.01851	0.03579	0.02938	0.09553	0.01946	0.35974	0.02233	0.01649	0.02319	0.01607	0.04380	0.01379	0.01403	0.07885	0.00381	0.16886	0.00893	0.00401	0.00994
32	0.00966	0.00690	0.00920	0.01104	0.01150	0.00644	0.00736	0.01104	0.01518	0.02024	0.04371	0.71614	0.05245	0.02484	0.01012	0.00322	0.00460	0.02254	0.00736	0.00644
33	0.01845	0.02089	0.09393	0.10929	0.33254	0.01928	0.18015	0.02462	0.04050	0.02503	0.01545	0.02021	0.01229	0.00757	0.00912	0.00255	0.04514	0.00759	0.00398	0.01142
34	0.02291	0.05193	0.02077	0.01634	0.02114	0.02101	0.01317	0.28077	0.27691	0.03759	0.05711	0.02641	0.02132	0.03520	0.03531	0.00307	0.03136	0.00827	0.00742	0.01197
35	0.00966	0.00690	0.00920	0.01104	0.01150	0.00644	0.00736	0.01104	0.01518	0.02024	0.04371	0.71614	0.05245	0.02484	0.01012	0.00322	0.00460	0.02254	0.00736	0.00644
36	0.02917	0.07494	0.02350	0.02006	0.02429	0.65397	0.01523	0.03124	0.02213	0.01937	0.01219	0.01422	0.01021	0.00810	0.00704	0.00202	0.01399	0.00506	0.00405	0.00925
37	0.00990	0.00707	0.00948	0.01132	0.01189	0.00665	0.00778	0.01146	0.01542	0.02051	0.04357	0.66730	0.05192	0.02461	0.01019	0.00325	0.00481	0.06898	0.00736	0.00651
38	0.02965	0.02196	0.02352	0.01814	0.02440	0.02436	0.01495	0.61658	0.06692	0.04917	0.01967	0.01954	0.01400	0.00958	0.00794	0.00239	0.00861	0.00723	0.00794	0.01344
39	0.01915	0.01370	0.01539	0.03851	0.01752	0.01482	0.01025	0.24950	0.05576	0.03214	0.04327	0.11022	0.02495	0.18930	0.03558	0.00405	0.00755	0.01035	0.09877	0.00921
40	0.02962	0.03779	0.02247	0.02043	0.02451	0.68948	0.01532	0.03166	0.02247	0.01941	0.01226	0.01430	0.01021	0.00817	0.00715	0.00204	0.01430	0.00511	0.00409	0.00919
41	0.02283	0.06206	0.11596	0.02167	0.09998	0.26209	0.01695	0.07736	0.02052	0.05469	0.01974	0.04385	0.05020	0.01346	0.06150	0.00313	0.03180	0.00724	0.00480	0.01015
42	0.00963	0.00773	0.00863	0.00930	0.01124	0.00674	0.00678	0.01152	0.01718	0.02117	0.06702	0.27630	0.44585	0.02166	0.00968	0.00289	0.00436	0.04831	0.00736	0.00665
43	0.02775	0.02082	0.02190	0.01706	0.02305	0.05113	0.01392	0.47450	0.06155	0.07492	0.05157	0.02145	0.01700	0.00954	0.00779	0.00228	0.00827	0.00731	0.00761	0.08058
44	0.01740	0.02693	0.29736	0.02049	0.04949	0.04300	0.02060	0.08436	0.01752	0.02490	0.01803	0.02267	0.04368	0.04224	0.07647	0.00385	0.16934	0.00723	0.00422	0.01021
45	0.00975	0.00694	0.00918	0.01093	0.01137	0.00650	0.00724	0.01106	0.01501	0.02001	0.04282	0.68469	0.05133	0.05781	0.01155	0.00343	0.00475	0.02202	0.00724	0.00636
46	0.02529	0.05843	0.05804	0.06085	0.06087	0.22856	0.01673	0.22500	0.02455	0.03013	0.01460	0.01701	0.01149	0.00900	0.00954	0.00234	0.09164	0.00617	0.00517	0.04457
47	0.01970	0.01544	0.01823	0.07082	0.02266	0.01404	0.01159	0.13324	0.05102	0.05863	0.01698	0.01881	0.01317	0.00721	0.00660	0.00166	0.00676	0.00576	0.03009	0.47759
48	0.06661	0.07511	0.01981	0.01463	0.01926	0.01790	0.01182	0.28053	0.02505	0.13907	0.02364	0.10990	0.02054	0.07437	0.06230	0.00367	0.00859	0.00926	0.00708	0.01085
49	0.01298	0.00845	0.01077	0.01081	0.01270	0.00783	0.00786	0.01624	0.04309	0.08579	0.27520	0.31777	0.12157	0.01925	0.00948	0.00281	0.00448	0.01706	0.00812	0.00773
50	0.01153	0.00769	0.00865	0.00865	0.00865	0.00769	0.00480	0.01153	0.01153	0.01538	0.02499	0.05189	0.02883	0.72131	0.04036	0.00769	0.00769	0.01153	0.00480	0.00480
51	0.02132	0.04864	0.22044	0.08939	0.14891	0.01953	0.07411	0.12285	0.02067	0.09793	0.01678	0.01942	0.01231	0.00826	0.00872	0.00250	0.04460	0.00691	0.00494	0.01178
52	0.18761	0.46544	0.03221	0.01380	0.01989	0.08921	0.01273	0.06099	0.01738	0.02427	0.01161	0.01327	0.01003	0.00720	0.00541	0.00193	0.00852	0.00450	0.00405	0.00993
53	0.00966	0.00690	0.00920	0.01104	0.01150	0.00644	0.00736	0.01104	0.01518	0.02024	0.04371	0.71614	0.05245	0.02484	0.01012	0.00322	0.00460	0.02254	0.00736	0.00644
54	0.01604	0.01560	0.02462	0.04221	0.07950	0.01918	0.09566	0.01895	0.01444	0.02116	0.04730	0.08440	0.01866	0.01802	0.08848	0.00414	0.36934	0.00918	0.00426	0.00885
55	0.02909	0.03604	0.02227	0.02011	0.02430	0.62686	0.01516	0.05541	0.05861	0.02133	0.01363	0.01534	0.01112	0.00837	0.00723	0.00209	0.01364	0.00540	0.00445	0.00954
56	0.00966	0.00690	0.00920	0.01104	0.01150	0.00644	0.00736	0.01104	0.01518	0.02024	0.04371	0.71614	0.05245	0.02484	0.01012	0.00322	0.00460	0.02254	0.00736	0.00644
57	0.01915	0.01722	0.01818	0.05003	0.02177	0.05319	0.01299	0.03699	0.50497	0.03095	0.08261	0.03022	0.02633	0.01111	0.00909	0.00268	0.04449	0.00902	0.00745	0.01156
58	0.01814	0.02067	0.14489	0.01727	0.04998	0.07162	0.03838	0.11738	0.07180	0.02540	0.02198	0.03184	0.03954	0.23865	0.01942	0.04095	0.00920	0.00867	0.00517	0.00907
59	0.00966	0.00690	0.00920	0.01104	0.01150	0.00644	0.00736	0.01104	0.01518	0.02024	0.04371	0.71614	0.05245	0.02484	0.01012	0.00322	0.00460	0.02254	0.00736	0.00644
60	0.02058	0.01454	0.01626	0.01383	0.01756	0.01533	0.01071	0.30061	0.02541	0.06688	0.03343	0.15095	0.11564	0.10687	0.05084	0.00382	0.00782	0.01180	0.00725	0.00986
61	0.00994	0.00710	0.00952	0.01136	0.01195	0.00668	0.00785	0.01153	0.01546	0.02056	0.04355	0.65959	0.05183	0.02458	0.01020	0.00326	0.00484	0.07631	0.00736	0.00652
62	0.08973	0.01761	0.01930	0.05611	0.02307	0.04260	0.01317	0.16701	0.23605	0.21234	0.02560	0.02417	0.01804	0.00969	0.00771	0.00251	0.00746	0.00766	0.00784	0.01234
63	0.02384	0.18504	0.02615	0.07456	0.04531	0.28254	0.01510	0.05013	0.01934	0.05941	0.01539	0.05247	0.01353	0.01117	0.03380	0.00263	0.06889	0.00655	0.00449	0.00965
64	0.02962	0.03779	0.02247	0.02043	0.02451	0.68948	0.01532	0.03166	0.02247	0.01941	0.01226	0.01430	0.01021	0.00817	0.00715	0.00204	0.01430	0.00511	0.00409	0.00919
65	0.02048	0.01782	0.02498	0.13615	0.29635	0.04804	0.01877	0.12097	0.06528	0.05199	0.09925	0.02545	0.02117	0.00913	0.00805	0.00243	0.00869	0.00806	0.00558	0.01136
66	0.00966	0.00690	0.00920	0.01104	0.01150	0.00644	0.00736	0.01104	0.01518	0.02024	0.04371	0.71614	0.05245	0.02484	0.01012	0.00322	0.00460	0.02254	0.00736	0.00644
67	0.02035	0.01958	0.05634	0.06848	0.29531	0.04762	0.07908	0.06253	0.13364	0.05849	0.02209	0.02568	0.03944	0.00897	0.00815	0.00251	0.00919	0.02546	0.00536	0.01173
68	0.02307	0.02290	0.04782	0.10812	0.05650	0.20136	0.07559	0.09178	0.06825	0.08629	0.07358	0.02559	0.01953	0.00977	0.00867	0.00247	0.03289	0.02975	0.00568	0.01038
69	0.01005	0.00735	0.00933	0.01059	0.01148	0.00673	0.00711	0.01146	0.01521	0.02018	0.04451	0.57507	0.10711	0.07986	0.01233	0.00345	0.00484	0.02042	0.00705	0.03589
70	0.02006	0.07554	0.02027	0.01342	0.02028	0.01560	0.01108	0.16705	0.02131	0.03090	0.01500	0.01674	0.01202	0.00680	0.00629	0.00150	0.00676	0.00523	0.00535	0.52879
71	0.11566	0.05028	0.21362	0.01964	0.05034	0.05175	0.07706	0.05433	0.04836	0.02697	0.01866	0.08335	0.01658	0.00993	0.00817	0.00248	0.03250	0.03509	0.00479	0.08043
72	0.29797	0.16748	0.05929	0.04832	0.02266	0.08839	0.07510	0.02424	0.03995	0.02643	0.01380	0.01753	0.01153	0.04149	0.03414	0.00293	0.00935	0.00575	0.00436	0.00929
73	0.01005	0.00844	0.01016	0.00982	0.01220	0.00735	0.03525	0.01216	0.01755	0.02168	0.10042	0.17765	0.47442	0.05325	0.01096	0.00299	0.00470	0.01699	0.00716	0.00679
74	0.01153	0.00769	0.00865	0.00865	0.00865	0.00769	0.00480	0.01153	0.01153	0.01538	0.02499	0.05189	0.02883	0.72131	0.04036	0.00769	0.00769	0.01153	0.00480	0.00480
75	0.02712	0.02158	0.02146	0.01729	0.02251	0.09096	0.01384	0.48721	0.03229	0.04216	0.02119	0.09335	0.01792	0.04212	0.00950	0.00267	0.00883	0.00874	0.00734	0.01192
76	0.15616	0.08688	0.02071	0.01568	0.02055	0.16661	0.01267	0.11535	0.11847	0.11812	0.05514	0.02122	0.01741	0.00934	0.00768	0.00235	0.03187	0.00672	0.00631	0.01075
77	0.01301	0.00919	0.01154	0.01196	0.01364	0.00910	0.00871	0.05120	0.07137	0.04759	0.16810	0.42642	0.05099	0.02038	0.00965	0.00298	0.00503	0.05348	0.00781	0.00784
78	0.01937	0.01365	0.01610	0.01380	0.01789	0.01361	0.01066	0.10726	0.13247	0.11119	0.02820	0.20701	0.02647	0.03699	0.00996	0.00263	0.03681	0.01125	0.00703	0.17765
79	0.09478	0.02877	0.02171	0.02296	0.13277	0.41459	0.01527	0.05594	0.02105	0.02405	0.01669	0.01890	0.04038	0.00856	0.00711	0.00217	0.01141	0.00610	0.04711	0.00970
80	0.01079	0.00719	0.00960	0.01118	0.01188	0.00667	0.00755	0.01225	0.01551	0.04898	0.04316	0.68600	0.05101	0.02419	0.01003	0.00319	0.00469	0.02191	0.00747	0.00675
81	0.02203	0.17795	0.18305	0.02590	0.16335	0.15439	0.05228	0.08541	0.02009	0.02518	0.01386	0.01648	0.01107	0.00755	0.00714	0.00221	0.01086	0.00592	0.00410	0.01119
82	0.01723	0.01466	0.01474	0.01346	0.01719	0.04683	0.01031	0.03062	0.37431	0.05222	0.06739	0.04381	0.20449	0.04490	0.00986	0.00286	0.00602	0.01121	0.00763	0.01027
83	0.00966	0.00690	0.00920	0.01104	0.01150	0.00644	0.00736	0.01104	0.01518	0.02024	0.04371	0.71614	0.05245	0.02484	0.01012	0.00322	0.00460	0.02254	0.00736	0.00644
84	0.01867	0.17790	0.02157	0.01433	0.01804	0.14281	0.01182	0.07746	0.01945	0.02288	0.03455	0.09922	0.18554	0.01388	0.00949	0.00249	0.06964	0.04595	0.00556	0.00876
85	0.01038	0.00756	0.00981	0.01134	0.01235	0.00711	0.00826	0.01227	0.01604	0.02093	0.04698	0.47304	0.12503	0.05408	0.01153	0.00344	0.00525	0.15075	0.00724	0.00659
86	0.05806	0.01803	0.05941	0.44986	0.06659	0.05063	0.08506	0.04424	0.01705	0.02302	0.01408	0.01986	0.01073	0.00807	0.00871	0.00262	0.04371	0.00698	0.00384	0.00945
87	0.05306	0.02182	0.08838	0.18266	0.03739	0.09528	0.24865	0.02590	0.05272	0.05558	0.01766	0.02381	0.01384	0.00837	0.00836	0.00261	0.01136	0.03784	0.00455	0.01015
88	0.02962	0.03779	0.02247	0.02043	0.02451	0.68948	0.01532	0.03166	0.02247	0.01941	0.01226	0.01430	0.01021	0.00817	0.00715	0.00204	0.01430	0.00511	0.00409	0.00919
89	0.01899	0.01836	0.02024	0.07668	0.05216	0.14297	0.04483	0.09465	0.01896	0.02431	0.04081	0.12140	0.02117	0.05900	0.06059	0.00368	0.12439	0.00961	0.03834	0.00888
90	0.00987	0.00702	0.00929	0.01102	0.01150	0.00660	0.00739	0.01124	0.01508	0.02008	0.04260	0.65871	0.05090	0.06377	0.01184	0.00348	0.00486	0.04114	0.00722	0.00638
91	0.02095	0.04983	0.02056	0.02030	0.11746	0.10805	0.01397	0.08494	0.20729	0.06681	0.05939	0.03296	0.08225	0.01308	0.03449	0.00289	0.00848	0.03884	0.00657	0.01087
92	0.05561	0.10352	0.02320	0.01854	0.02291	0.53023	0.01434	0.05775	0.02185	0.02189	0.01316	0.01516	0.01087	0.00812	0.00681	0.00203	0.01257	0.00521	0.04687	0.00936
93	0.01153	0.00769	0.00865	0.00865	0.00865	0.00769	0.00480	0.01153	0.01153	0.01538	0.02499	0.05189	0.02883	0.72131	0.04036	0.00769	0.00769	0.01153	0.00480	0.00480
94	0.02787	0.02042	0.02198	0.01730	0.02303	0.02257	0.01405	0.50705	0.12155	0.06683	0.02161	0.02254	0.01601	0.04811	0.00970	0.00271	0.00826	0.00766	0.00785	0.01289
95	0.07490	0.04922	0.18597	0.01826	0.02547	0.05278	0.07649	0.05471	0.07001	0.24511	0.05248	0.02319	0.01769	0.00895	0.00771	0.00246	0.00894	0.00739	0.00652	0.01174
96	0.01064	0.00812	0.00969	0.00947	0.01155	0.00730	0.00713	0.01357	0.02009	0.02674	0.38453	0.06701	0.29088	0.04964	0.01085	0.00286	0.00423	0.05067	0.00796	0.00706
97	0.02281	0.01101	0.01453	0.01217	0.01612	0.00999	0.00964	0.02714	0.05305	0.32827	0.34496	0.04301	0.04705	0.01301	0.00866	0.00248	0.00524	0.01116	0.00920	0.01049
98	0.01990	0.11406	0.24719	0.02805	0.20376	0.05074	0.05177	0.05687	0.01852	0.05414	0.01576	0.02017	0.01266	0.00830	0.00846	0.00243	0.04475	0.02679	0.00424	0.01147
99	0.03016	0.02041	0.02236	0.01722	0.02334	0.02214	0.01420	0.53827	0.03446	0.13073	0.02094	0.02055	0.01459	0.00955	0.00783	0.00237	0.00824	0.00726	0.04219	0.01321
100	0.01072	0.00809	0.00991	0.00945	0.01154	0.00727	0.00709	0.01400	0.02127	0.02900	0.50929	0.06384	0.23495	0.01726	0.00936	0.00254	0.00382	0.01499	0.00836	0.00727
101	0.02796	0.01991	0.02239	0.01902	0.05951	0.02174	0.01466	0.41175	0.16692	0.11751	0.02305	0.02224	0.01643	0.00968	0.00796	0.00245	0.00801	0.00762	0.00795	0.01324
102	0.02141	0.06291	0.02618	0.04173	0.05469	0.20359	0.04687	0.04424	0.01669	0.02084	0.01182	0.01673	0.01063	0.01096	0.01698	0.00283	0.37130	0.00643	0.00383	0.00934
103	0.00966	0.00690	0.00920	0.01104	0.01150	0.00644	0.00736	0.01104	0.01518	0.02024	0.04371	0.71614	0.05245	0.02484	0.01012	0.00322	0.00460	0.02254	0.00736	0.00644
104	0.01960	0.01646	0.02119	0.02054	0.09914	0.01766	0.04641	0.14096	0.21379	0.03176	0.04778	0.03297	0.02278	0.01335	0.03970	0.00305	0.03920	0.08508	0.00658	0.08200
105	0.06309	0.06747	0.02541	0.07538	0.10909	0.29224	0.04644	0.07994	0.02108	0.08497	0.01502	0.01743	0.01170	0.00840	0.00837	0.00231	0.05023	0.00616	0.00484	0.01042
106	0.00966	0.00690	0.00920	0.01104	0.01150	0.00644	0.00736	0.01104	0.01518	0.02024	0.04371	0.71614	0.05245	0.02484	0.01012	0.00322	0.00460	0.02254	0.00736	0.00644
107	0.01767	0.01746	0.04943	0.14438	0.14643	0.04696	0.01643	0.02932	0.27712	0.02681	0.02883	0.06932	0.07393	0.01092	0.00817	0.00261	0.00793	0.00941	0.00601	0.01085
108	0.01652	0.01642	0.05575	0.06675	0.26602	0.01552	0.08192	0.02318	0.09628	0.02607	0.08872	0.05499	0.08392	0.03729	0.00954	0.00271	0.00814	0.00980	0.03004	0.01040
109	0.00964	0.00698	0.00912	0.01082	0.01144	0.00646	0.00726	0.01107	0.01540	0.02033	0.04640	0.66906	0.09779	0.02449	0.01007	0.00318	0.00456	0.02212	0.00736	0.00646
110	0.02213	0.65026	0.03945	0.01432	0.02081	0.10387	0.01376	0.02462	0.01681	0.01874	0.01116	0.01289	0.01018	0.00694	0.00532	0.00173	0.00912	0.00434	0.00347	0.01007
111	0.00972	0.00706	0.00917	0.01073	0.01145	0.00652	0.00725	0.01127	0.01580	0.02094	0.07883	0.62787	0.10616	0.02399	0.01002	0.00314	0.00451	0.02163	0.00743	0.00652
112	0.02193	0.01428	0.01502	0.01244	0.01638	0.01539	0.00998	0.31007	0.02624	0.03906	0.02269	0.02467	0.01714	0.00937	0.00665	0.00210	0.00604	0.00727	0.41306	0.01023
113	0.05323	0.01389	0.01319	0.01212	0.01398	0.09043	0.00842	0.11517	0.01730	0.02285	0.02267	0.07778	0.02388	0.39401	0.08284	0.00610	0.00951	0.01013	0.00533	0.00716
114	0.02962	0.03779	0.02247	0.02043	0.02451	0.68948	0.01532	0.03166	0.02247	0.01941	0.01226	0.01430	0.01021	0.00817	0.00715	0.00204	0.01430	0.00511	0.00409	0.00919
115	0.02222	0.02292	0.02588	0.08467	0.21263	0.19504	0.04145	0.10393	0.02036	0.02536	0.01468	0.01900	0.01220	0.01279	0.06498	0.00329	0.09692	0.00675	0.00442	0.01050
116	0.00986	0.00704	0.00908	0.01063	0.01114	0.00659	0.00701	0.01111	0.01491	0.01975	0.04334	0.61062	0.07922	0.10320	0.01350	0.00370	0.00492	0.02102	0.00707	0.00627
117	0.01879	0.01647	0.01991	0.01712	0.02174	0.01822	0.07534	0.06522	0.47118	0.03161	0.03513	0.03564	0.08588	0.01173	0.00846	0.00272	0.00694	0.03879	0.00755	0.01159
118	0.02873	0.02226	0.02295	0.01807	0.02406	0.05542	0.01475	0.53607	0.11913	0.04629	0.02048	0.02022	0.01476	0.00962	0.00791	0.00241	0.00866	0.00729	0.00777	0.01316
119	0.00966	0.00690	0.00920	0.01104	0.01150	0.00644	0.00736	0.01104	0.01518	0.02024	0.04371	0.71614	0.05245	0.02484	0.01012	0.00322	0.00460	0.02254	0.00736	0.00644
120	0.02273	0.02240	0.06281	0.04424	0.02705	0.10449	0.12781	0.22744	0.04796	0.03186	0.01808	0.05399	0.01477	0.01008	0.01059	0.00259	0.10773	0.00802	0.04454	0.01082
121	0.01867	0.04163	0.02388	0.01981	0.02062	0.06045	0.01645	0.02057	0.01337	0.04900	0.01207	0.01821	0.01132	0.01560	0.05927	0.00378	0.57571	0.00688	0.00383	0.00889
122	0.02853	0.02192	0.02250	0.01767	0.02338	0.06232	0.01434	0.55755	0.03443	0.04552	0.01975	0.04373	0.01534	0.04413	0.00952	0.00264	0.00887	0.00775	0.00754	0.01258
123	0.02876	0.06129	0.02240	0.05843	0.02492	0.36663	0.01465	0.08956	0.07630	0.15389	0.01838	0.01886	0.01357	0.00876	0.00741	0.00223	0.01112	0.00626	0.00584	0.01075

[dist]
# distance from previous block
# <min> <max>
0	2

[block]
# block no. 5 follows, 24 sequences, length 71
# corresponding to MSA columns:
# 237-307
name=unknown_F
#
# <colnr> <probs for GDERKNQSTAVLIFYWHMCP>
#	G	D	E	R	K	N	Q	S	T	A	V	L	I	F	Y	W	H	M	C	P
0	0.06814	0.04714	0.02315	0.04670	0.02455	0.06276	0.01468	0.43603	0.03047	0.07055	0.01757	0.01843	0.01282	0.00922	0.00847	0.00235	0.04538	0.00667	0.00688	0.04804
1	0.00985	0.00698	0.00915	0.01080	0.01121	0.00657	0.00710	0.01109	0.01481	0.01975	0.04182	0.64921	0.05007	0.09502	0.01317	0.00367	0.00491	0.02143	0.00710	0.00628
2	0.01644	0.01409	0.01644	0.01175	0.01879	0.01057	0.00940	0.01997	0.01644	0.02584	0.01409	0.01644	0.01175	0.00587	0.00587	0.00117	0.00587	0.00470	0.00470	0.76979
3	0.01876	0.02240	0.11585	0.15097	0.16023	0.04750	0.24266	0.05441	0.01877	0.02552	0.01512	0.01971	0.01160	0.00724	0.00822	0.00246	0.01128	0.00750	0.00406	0.05574
4	0.02903	0.02134	0.02289	0.01767	0.02364	0.02358	0.01446	0.60742	0.03574	0.04790	0.01939	0.02101	0.01441	0.05217	0.00988	0.00270	0.00866	0.00740	0.00775	0.01297
5	0.00966	0.00690	0.00920	0.01104	0.01150	0.00644	0.00736	0.01104	0.01518	0.02024	0.04371	0.71614	0.05245	0.02484	0.01012	0.00322	0.00460	0.02254	0.00736	0.00644
6	0.02548	0.06167	0.02340	0.01966	0.07283	0.06691	0.04476	0.15412	0.25327	0.15613	0.02471	0.02380	0.01795	0.00944	0.00783	0.00245	0.00812	0.00774	0.00730	0.01244
7	0.01443	0.01329	0.01706	0.04404	0.12812	0.05152	0.04142	0.01957	0.07928	0.02596	0.20667	0.08310	0.21508	0.01445	0.00884	0.00257	0.00640	0.01265	0.00671	0.00885
8	0.00966	0.00690	0.00920	0.01104	0.01150	0.00644	0.00736	0.01104	0.01518	0.02024	0.04371	0.71614	0.05245	0.02484	0.01012	0.00322	0.00460	0.02254	0.00736	0.00644
9	0.01288	0.01028	0.01362	0.01329	0.01503	0.03810	0.01035	0.04217	0.01420	0.01981	0.02078	0.02995	0.01916	0.05523	0.63272	0.01186	0.02042	0.00830	0.00440	0.00744
10	0.00969	0.00710	0.00911	0.01061	0.01141	0.00652	0.00719	0.01125	0.01586	0.02087	0.07418	0.60584	0.13352	0.02387	0.00999	0.00312	0.00449	0.02145	0.00742	0.00652
11	0.15367	0.01297	0.01434	0.01210	0.01583	0.01391	0.04602	0.15888	0.02063	0.03447	0.02095	0.02385	0.01621	0.01085	0.03393	0.00256	0.00653	0.00695	0.38623	0.00914
12	0.12567	0.08840	0.02500	0.26584	0.15003	0.17399	0.01822	0.02438	0.01747	0.02305	0.01310	0.01734	0.01053	0.00764	0.00704	0.00234	0.01041	0.00595	0.00391	0.00967
13	0.02962	0.03779	0.02247	0.02043	0.02451	0.68948	0.01532	0.03166	0.02247	0.01941	0.01226	0.01430	0.01021	0.00817	0.00715	0.00204	0.01430	0.00511	0.00409	0.00919
14	0.02416	0.04992	0.05609	0.02559	0.16466	0.39006	0.01724	0.02683	0.01956	0.02083	0.01436	0.04932	0.01289	0.00989	0.00957	0.03950	0.04926	0.00655	0.00408	0.00964
15	0.00966	0.00690	0.00920	0.01104	0.01150	0.00644	0.00736	0.01104	0.01518	0.02024	0.04371	0.71614	0.05245	0.02484	0.01012	0.00322	0.00460	0.02254	0.00736	0.00644
16	0.01921	0.01467	0.01843	0.03969	0.05365	0.01635	0.01305	0.18194	0.05287	0.06616	0.14145	0.09255	0.06873	0.01521	0.03146	0.00305	0.11904	0.03566	0.00690	0.00995
17	0.02108	0.01734	0.01960	0.01914	0.08033	0.01955	0.01373	0.07597	0.53257	0.06386	0.02986	0.02793	0.02229	0.01030	0.00804	0.00263	0.00673	0.00864	0.00776	0.01265
18	0.00966	0.00690	0.00920	0.01104	0.01150	0.00644	0.00736	0.01104	0.01518	0.02024	0.04371	0.71614	0.05245	0.02484	0.01012	0.00322	0.00460	0.02254	0.00736	0.00644
19	0.55566	0.01811	0.07741	0.01267	0.01839	0.01781	0.01142	0.05928	0.05446	0.08982	0.01477	0.01578	0.01087	0.00791	0.00577	0.00247	0.00687	0.00519	0.00553	0.00981
20	0.01631	0.00982	0.00897	0.00862	0.01079	0.04898	0.00652	0.04513	0.01783	0.02980	0.02477	0.02821	0.01944	0.00919	0.00574	0.00188	0.00454	0.00724	0.68847	0.00775
21	0.02155	0.09497	0.19570	0.06526	0.10823	0.13080	0.10275	0.07644	0.01971	0.05460	0.01489	0.01786	0.01141	0.00800	0.00849	0.00240	0.04511	0.00651	0.00431	0.01103
22	0.01925	0.03796	0.02410	0.12635	0.15418	0.04819	0.05253	0.06778	0.01821	0.05318	0.01546	0.01962	0.01252	0.01117	0.04582	0.03076	0.04954	0.00653	0.00458	0.20228
23	0.09049	0.05504	0.05058	0.01770	0.02370	0.05462	0.05185	0.39822	0.05674	0.04067	0.01832	0.01989	0.01373	0.02894	0.00838	0.00250	0.00880	0.00696	0.04099	0.01190
24	0.01122	0.00755	0.00874	0.00905	0.00913	0.00748	0.00524	0.01145	0.01215	0.01620	0.02815	0.16411	0.03282	0.60366	0.03525	0.00693	0.00717	0.01339	0.00524	0.00508
25	0.01007	0.00707	0.00908	0.01051	0.01087	0.00672	0.00680	0.01115	0.01438	0.01917	0.03957	0.56940	0.04723	0.17870	0.01680	0.00421	0.00528	0.02011	0.00680	0.00608
26	0.09612	0.01954	0.03995	0.15350	0.07798	0.04913	0.01637	0.31086	0.02620	0.03663	0.01807	0.02280	0.01413	0.00934	0.00764	0.00247	0.00891	0.03879	0.04037	0.01119
27	0.02030	0.05228	0.01943	0.05052	0.05846	0.15553	0.01269	0.13024	0.05796	0.02480	0.01901	0.02815	0.01759	0.19444	0.09514	0.00488	0.03656	0.00794	0.00510	0.00900
28	0.01017	0.00800	0.00918	0.00903	0.01123	0.00701	0.00671	0.01286	0.01974	0.02570	0.32434	0.10694	0.38336	0.01874	0.00941	0.00263	0.00394	0.01607	0.00794	0.00701
29	0.01963	0.02248	0.09934	0.03441	0.32522	0.08590	0.09494	0.05403	0.01866	0.02526	0.01690	0.07572	0.01512	0.00931	0.00960	0.00254	0.06720	0.00827	0.00433	0.01114
30	0.01122	0.00890	0.01265	0.01327	0.04765	0.00834	0.03696	0.01407	0.01848	0.02512	0.27578	0.26582	0.15050	0.02121	0.04971	0.00336	0.00582	0.01638	0.00735	0.00742
31	0.00966	0.00690	0.00920	0.01104	0.01150	0.00644	0.00736	0.01104	0.01518	0.02024	0.04371	0.71614	0.05245	0.02484	0.01012	0.00322	0.00460	0.02254	0.00736	0.00644
32	0.02120	0.72609	0.04155	0.01357	0.02035	0.03138	0.01357	0.02374	0.01611	0.01866	0.01102	0.01272	0.01018	0.00678	0.00509	0.00170	0.00848	0.00424	0.00339	0.01018
33	0.00972	0.00693	0.00918	0.01097	0.01141	0.00648	0.00728	0.01106	0.01507	0.02009	0.04313	0.69565	0.05172	0.04633	0.01105	0.00336	0.00470	0.02220	0.00728	0.00639
34	0.03014	0.02221	0.02380	0.01825	0.02459	0.02459	0.01507	0.64541	0.03728	0.04998	0.01904	0.01904	0.01349	0.00952	0.00793	0.00238	0.00873	0.00714	0.00793	0.01349
35	0.01531	0.08161	0.01669	0.01368	0.01591	0.12404	0.01065	0.01770	0.01455	0.01830	0.01916	0.02868	0.01821	0.11189	0.44715	0.00942	0.01753	0.00783	0.00420	0.00750
36	0.02962	0.03779	0.02247	0.02043	0.02451	0.68948	0.01532	0.03166	0.02247	0.01941	0.01226	0.01430	0.01021	0.00817	0.00715	0.00204	0.01430	0.00511	0.00409	0.00919
37	0.02158	0.07600	0.02386	0.02194	0.14432	0.04131	0.03195	0.21131	0.07831	0.03204	0.02185	0.02716	0.04244	0.05209	0.00961	0.00259	0.00825	0.04017	0.00592	0.10729
38	0.04049	0.01740	0.05009	0.14625	0.21457	0.05160	0.10258	0.02103	0.01671	0.02307	0.04773	0.07586	0.01839	0.04012	0.01197	0.04808	0.05133	0.00883	0.00435	0.00953
39	0.00963	0.00702	0.00908	0.01072	0.01142	0.00647	0.00722	0.01108	0.01549	0.02037	0.04765	0.64718	0.11886	0.02433	0.01004	0.00316	0.00454	0.02192	0.00736	0.00647
40	0.02182	0.01683	0.02178	0.04364	0.02412	0.01583	0.07640	0.16151	0.07984	0.09640	0.01873	0.01994	0.01402	0.00767	0.00717	0.00192	0.00758	0.00652	0.00610	0.35217
41	0.02617	0.01833	0.02015	0.01657	0.02200	0.02015	0.01332	0.26146	0.32549	0.14680	0.02728	0.02531	0.01953	0.01015	0.00800	0.00254	0.00725	0.00813	0.00831	0.01305
42	0.01948	0.02094	0.14728	0.08089	0.16758	0.01733	0.04879	0.12067	0.06618	0.06133	0.07057	0.03137	0.02180	0.01040	0.00838	0.00262	0.00899	0.07847	0.00574	0.01120
43	0.03349	0.01526	0.01912	0.01499	0.02069	0.04041	0.01230	0.06939	0.05011	0.55847	0.02891	0.02571	0.01868	0.00997	0.00882	0.00249	0.04125	0.00781	0.00910	0.01305
44	0.01127	0.00758	0.00873	0.00898	0.00905	0.00751	0.00516	0.01146	0.01204	0.01605	0.02759	0.14440	0.03212	0.62432	0.03615	0.00707	0.00726	0.01307	0.00516	0.00503
45	0.01791	0.05125	0.13968	0.05363	0.08664	0.04574	0.26337	0.02317	0.01730	0.04240	0.01849	0.09036	0.01648	0.04305	0.01110	0.00288	0.05271	0.00934	0.00436	0.01012
46	0.54264	0.08057	0.04402	0.03387	0.01982	0.09535	0.03715	0.02436	0.01516	0.03099	0.01160	0.01378	0.00917	0.00740	0.00556	0.00236	0.00792	0.00473	0.00454	0.00901
47	0.01048	0.00759	0.00990	0.01035	0.01165	0.00700	0.00737	0.01314	0.01916	0.02643	0.37650	0.34100	0.08972	0.02006	0.00968	0.00281	0.00412	0.01795	0.00809	0.00700
48	0.02493	0.37754	0.03243	0.01851	0.05641	0.32851	0.01493	0.02736	0.01909	0.01938	0.01179	0.01380	0.01032	0.00743	0.00617	0.00189	0.01116	0.00478	0.00373	0.00986
49	0.00985	0.00703	0.00942	0.01126	0.01180	0.00660	0.00769	0.01136	0.01537	0.02045	0.04360	0.67858	0.05204	0.02467	0.01017	0.00325	0.00476	0.05825	0.00736	0.00649
50	0.05372	0.02138	0.12648	0.20355	0.10013	0.01934	0.04782	0.20162	0.02307	0.10068	0.01739	0.02000	0.01247	0.00835	0.00781	0.00249	0.00964	0.00698	0.00554	0.01155
51	0.02195	0.02403	0.02450	0.10017	0.11124	0.24737	0.03507	0.05092	0.04467	0.02222	0.01391	0.01831	0.01179	0.01183	0.04169	0.00305	0.19681	0.00657	0.00417	0.00972
52	0.01048	0.00826	0.00953	0.00983	0.01187	0.00753	0.00727	0.01374	0.04846	0.02397	0.18945	0.21918	0.34234	0.02003	0.00956	0.00281	0.00436	0.04654	0.00768	0.00710
53	0.02489	0.02971	0.05395	0.02397	0.12754	0.38248	0.01673	0.03281	0.18083	0.02417	0.01780	0.01910	0.01409	0.00861	0.00751	0.00228	0.01138	0.00642	0.00502	0.01069
54	0.01494	0.01154	0.01552	0.03921	0.01767	0.01341	0.01152	0.12198	0.01721	0.02401	0.02236	0.02974	0.04415	0.04480	0.48209	0.00966	0.05850	0.00845	0.00493	0.00831
55	0.00984	0.00709	0.00935	0.01098	0.01166	0.00660	0.00750	0.01144	0.01578	0.02098	0.07559	0.63242	0.08113	0.02410	0.01008	0.00318	0.00463	0.04367	0.00743	0.00653
