[name]
unknown

[dist]
# distance from previous block
# <min> <max>
5	23

[block]
# block no. 0 follows, 21 sequences, length 10
# corresponding to MSA columns:
# 25-34
name=unknown_A
#
# <colnr> <probs for GDERKNQSTAVLIFYWHMCP>
#	G	D	E	R	K	N	Q	S	T	A	V	L	I	F	Y	W	H	M	C	P
0	0.30105	0.01945	0.01737	0.05107	0.02168	0.08764	0.01225	0.16729	0.05382	0.03690	0.05419	0.02788	0.09526	0.01093	0.00748	0.00262	0.00804	0.00804	0.00656	0.01046
1	0.06672	0.18869	0.13002	0.01660	0.02371	0.02143	0.01599	0.14675	0.02242	0.09735	0.01997	0.07063	0.01670	0.01236	0.03764	0.00286	0.00941	0.00766	0.00596	0.08712
2	0.04715	0.14393	0.03850	0.02536	0.03169	0.02205	0.30677	0.02416	0.01777	0.02483	0.01687	0.04863	0.01462	0.01315	0.06090	0.00351	0.08839	0.00874	0.00437	0.05860
3	0.21271	0.02341	0.13475	0.02341	0.03062	0.02013	0.22369	0.02517	0.01713	0.02926	0.01452	0.01865	0.01134	0.00840	0.01034	0.00272	0.09555	0.00716	0.00444	0.08659
4	0.02832	0.02051	0.02270	0.01816	0.02388	0.02264	0.01478	0.45848	0.06966	0.06966	0.02332	0.05515	0.01825	0.01787	0.09194	0.00403	0.01062	0.00878	0.00807	0.01319
5	0.01070	0.00765	0.01023	0.01202	0.01271	0.00718	0.00829	0.01251	0.01704	0.02282	0.08772	0.61318	0.05746	0.02582	0.01086	0.00343	0.00506	0.06028	0.00800	0.00705
6	0.11028	0.01529	0.02388	0.59583	0.05328	0.01893	0.02181	0.02216	0.01670	0.02382	0.01471	0.02157	0.01108	0.00843	0.00810	0.00281	0.01074	0.00719	0.00397	0.00942
7	0.01497	0.09745	0.01683	0.04968	0.01726	0.01262	0.01047	0.01693	0.01668	0.06932	0.03652	0.44810	0.04137	0.05508	0.01254	0.00341	0.04764	0.01799	0.00694	0.00819
8	0.01607	0.01513	0.02552	0.68047	0.05861	0.01891	0.02363	0.02174	0.01702	0.02174	0.01513	0.02269	0.01134	0.00851	0.00851	0.00284	0.01134	0.00756	0.00378	0.00945
9	0.06336	0.01726	0.04991	0.43761	0.09282	0.01921	0.02122	0.06484	0.06621	0.02636	0.01686	0.02253	0.01286	0.00970	0.00943	0.03711	0.01033	0.00749	0.00460	0.01027

[dist]
# distance from previous block
# <min> <max>
2	7

[block]
# block no. 1 follows, 21 sequences, length 16
# corresponding to MSA columns:
# 42-57
name=unknown_B
#
# <colnr> <probs for GDERKNQSTAVLIFYWHMCP>
#	G	D	E	R	K	N	Q	S	T	A	V	L	I	F	Y	W	H	M	C	P
0	0.02915	0.02361	0.04866	0.02038	0.02710	0.06146	0.07379	0.41253	0.03368	0.08344	0.06326	0.02372	0.01889	0.01017	0.00864	0.00255	0.00973	0.00823	0.00778	0.03322
1	0.05623	0.08071	0.02530	0.01954	0.02471	0.25437	0.07619	0.10161	0.11234	0.02928	0.06280	0.02759	0.07191	0.01065	0.00823	0.00248	0.01076	0.00838	0.00608	0.01082
2	0.02043	0.02452	0.10351	0.09408	0.03911	0.05983	0.32601	0.05297	0.05246	0.02733	0.01702	0.02172	0.01302	0.00848	0.01077	0.00280	0.07008	0.00857	0.00458	0.04272
3	0.07890	0.02994	0.02182	0.08806	0.02729	0.38885	0.01546	0.08694	0.02380	0.06336	0.02233	0.02382	0.07371	0.01018	0.00796	0.00242	0.01218	0.00725	0.00549	0.01024
4	0.08513	0.01173	0.01450	0.01321	0.01665	0.01229	0.01041	0.02264	0.07501	0.10190	0.02920	0.03365	0.07292	0.03647	0.32359	0.00782	0.01412	0.00904	0.03754	0.07218
5	0.01740	0.01494	0.01910	0.01459	0.02031	0.01328	0.03934	0.04778	0.01963	0.02947	0.14146	0.02736	0.02618	0.00959	0.00944	0.00192	0.07271	0.00771	0.00591	0.46188
6	0.01886	0.02289	0.09987	0.02928	0.03515	0.02209	0.34030	0.02434	0.01745	0.02481	0.01653	0.05334	0.01423	0.01065	0.01558	0.00315	0.22704	0.00953	0.00422	0.01068
7	0.01268	0.00899	0.01076	0.01046	0.01180	0.00872	0.00694	0.01405	0.01427	0.01991	0.03121	0.11358	0.07208	0.37749	0.13370	0.00726	0.00959	0.01247	0.04494	0.07908
8	0.02753	0.32440	0.03270	0.01860	0.02424	0.37213	0.01553	0.03076	0.04364	0.02103	0.01338	0.01523	0.01150	0.00824	0.00676	0.00206	0.01236	0.00524	0.00422	0.01045
9	0.01703	0.01050	0.01517	0.01339	0.01516	0.01035	0.04143	0.07228	0.01496	0.02035	0.01549	0.02448	0.01447	0.02448	0.02729	0.57467	0.00787	0.00736	0.00431	0.06895
10	0.13940	0.07123	0.02267	0.04022	0.02395	0.11272	0.01410	0.23348	0.05485	0.14073	0.02049	0.02079	0.01480	0.00949	0.00758	0.00247	0.00912	0.00692	0.04274	0.01225
11	0.02856	0.02066	0.02258	0.01800	0.02401	0.02243	0.01457	0.42155	0.12178	0.08444	0.02532	0.07993	0.02002	0.01165	0.00864	0.00263	0.00834	0.00929	0.00845	0.04718
12	0.02514	0.09891	0.02443	0.06253	0.02497	0.04364	0.01443	0.19857	0.05716	0.10123	0.01950	0.02215	0.01520	0.04254	0.01094	0.00261	0.06341	0.00711	0.00646	0.15906
13	0.01868	0.07509	0.04940	0.05566	0.02415	0.01578	0.05056	0.04903	0.01854	0.05481	0.02061	0.12152	0.01933	0.01070	0.00907	0.00219	0.05477	0.00887	0.00549	0.33577
14	0.08661	0.06230	0.21715	0.01775	0.02603	0.01824	0.01816	0.06494	0.10351	0.16102	0.02151	0.02163	0.01535	0.00886	0.00763	0.00243	0.00884	0.00687	0.00637	0.12479
15	0.15720	0.13932	0.30730	0.04827	0.03061	0.02119	0.07983	0.02541	0.01780	0.02825	0.05770	0.02034	0.01555	0.00849	0.00748	0.00256	0.01043	0.00675	0.00439	0.01113

[dist]
# distance from previous block
# <min> <max>
4	21

[block]
# block no. 2 follows, 21 sequences, length 20
# corresponding to MSA columns:
# 79-98
name=unknown_C
#
# <colnr> <probs for GDERKNQSTAVLIFYWHMCP>
#	G	D	E	R	K	N	Q	S	T	A	V	L	I	F	Y	W	H	M	C	P
0	0.01892	0.05134	0.02068	0.01750	0.07211	0.01591	0.01279	0.05121	0.13972	0.02974	0.04685	0.04807	0.02072	0.00964	0.00816	0.00207	0.02813	0.02685	0.00609	0.37352
1	0.01680	0.01638	0.03022	0.38758	0.04717	0.01785	0.18696	0.02203	0.01755	0.02321	0.01791	0.06971	0.01516	0.01038	0.01027	0.04122	0.01130	0.00929	0.00427	0.04473
2	0.02335	0.28317	0.25358	0.02007	0.02838	0.21007	0.02102	0.02843	0.01948	0.02268	0.01342	0.01565	0.01088	0.00799	0.00702	0.00223	0.01211	0.00543	0.00384	0.01120
3	0.01048	0.00761	0.00989	0.01149	0.01230	0.00703	0.00779	0.01222	0.01718	0.02284	0.09872	0.59329	0.10677	0.02549	0.01073	0.00334	0.00481	0.02296	0.00802	0.00703
4	0.01648	0.01555	0.02627	0.62875	0.10712	0.01902	0.02384	0.02210	0.01721	0.02224	0.01520	0.02255	0.01152	0.00843	0.00850	0.00281	0.01124	0.00756	0.00382	0.00979
5	0.07195	0.02887	0.23129	0.01935	0.02712	0.06585	0.01948	0.19845	0.10952	0.05404	0.02059	0.02156	0.01504	0.00943	0.00791	0.00258	0.00980	0.00717	0.06750	0.01250
6	0.01500	0.01175	0.01505	0.08553	0.05205	0.01214	0.01159	0.04554	0.11240	0.04619	0.07946	0.29017	0.15198	0.01879	0.00979	0.00304	0.00625	0.01653	0.00758	0.00918
7	0.01940	0.01461	0.01743	0.01274	0.01981	0.01123	0.01019	0.02314	0.01880	0.09348	0.06097	0.02204	0.01822	0.00752	0.00680	0.00150	0.00624	0.00613	0.00592	0.62384
8	0.01195	0.00881	0.01251	0.10359	0.01904	0.00903	0.01054	0.01391	0.01623	0.02143	0.03911	0.44740	0.04513	0.07109	0.01418	0.04600	0.00654	0.08955	0.00690	0.00707
9	0.01917	0.01675	0.02007	0.01556	0.02123	0.01639	0.01260	0.06268	0.08281	0.02875	0.01671	0.01951	0.01384	0.00888	0.01116	0.00202	0.14665	0.00619	0.00538	0.47366
10	0.01360	0.00967	0.01335	0.01515	0.01695	0.00967	0.01302	0.01720	0.01900	0.02474	0.04357	0.09271	0.04751	0.07868	0.01432	0.00427	0.00787	0.54347	0.00762	0.00762
11	0.11516	0.01705	0.04566	0.06171	0.02444	0.01649	0.01437	0.08750	0.04184	0.36773	0.04671	0.02599	0.01937	0.01059	0.00981	0.00274	0.06369	0.00804	0.00834	0.01278
12	0.01133	0.00910	0.01387	0.01401	0.01554	0.00842	0.06981	0.01345	0.01696	0.02240	0.04738	0.57233	0.10416	0.02422	0.01071	0.00334	0.00584	0.02220	0.00753	0.00740
13	0.02024	0.01938	0.03306	0.15524	0.55122	0.02000	0.02571	0.02540	0.01899	0.02681	0.01586	0.02133	0.01313	0.00773	0.00844	0.00258	0.01031	0.00758	0.00414	0.01282
14	0.01788	0.01697	0.02879	0.45329	0.27168	0.01938	0.02453	0.02332	0.01787	0.02393	0.01544	0.02210	0.01212	0.00817	0.00848	0.00272	0.01090	0.00757	0.00394	0.01091
15	0.03562	0.05262	0.02137	0.01554	0.02203	0.01515	0.01290	0.07352	0.07504	0.53470	0.03175	0.02789	0.02055	0.01042	0.00840	0.00261	0.00742	0.00838	0.00989	0.01421
16	0.01527	0.01027	0.01351	0.01445	0.06989	0.00930	0.00972	0.01850	0.02156	0.10416	0.29278	0.12522	0.22690	0.01783	0.00980	0.00279	0.00513	0.01550	0.00848	0.00894
17	0.01527	0.01267	0.02083	0.46771	0.04361	0.01520	0.01851	0.01842	0.01559	0.02015	0.01787	0.08323	0.01613	0.01494	0.01439	0.17456	0.00987	0.00900	0.00413	0.00791
18	0.01952	0.02434	0.12106	0.03407	0.09493	0.02030	0.45223	0.02664	0.01962	0.02756	0.01756	0.02274	0.01328	0.00750	0.00939	0.00276	0.01308	0.00922	0.05264	0.01156
19	0.01641	0.01130	0.01395	0.01228	0.01525	0.01107	0.00950	0.11021	0.02655	0.06645	0.51855	0.05529	0.06736	0.01597	0.00973	0.00266	0.00499	0.01388	0.00929	0.00933

[dist]
# distance from previous block
# <min> <max>
0	1

[block]
# block no. 3 follows, 21 sequences, length 8
# corresponding to MSA columns:
# 100-107
name=unknown_D
#
# <colnr> <probs for GDERKNQSTAVLIFYWHMCP>
#	G	D	E	R	K	N	Q	S	T	A	V	L	I	F	Y	W	H	M	C	P
0	0.07677	0.02364	0.09590	0.03306	0.08924	0.02150	0.41576	0.02634	0.01876	0.02749	0.01598	0.02127	0.01233	0.00806	0.01103	0.00289	0.07552	0.00886	0.00426	0.01136
1	0.01467	0.01074	0.01380	0.01476	0.01718	0.01074	0.01248	0.07227	0.02119	0.02744	0.04852	0.13637	0.12728	0.02227	0.01115	0.00361	0.00726	0.41207	0.00791	0.00829
2	0.01887	0.01995	0.03911	0.23000	0.11341	0.02096	0.32491	0.02492	0.01851	0.02511	0.01596	0.02231	0.01236	0.00825	0.01086	0.00289	0.06778	0.00882	0.00409	0.01091
3	0.01590	0.01059	0.01318	0.01203	0.01494	0.01014	0.00934	0.04928	0.06004	0.09109	0.43209	0.06003	0.12090	0.01682	0.00985	0.00277	0.00499	0.04770	0.00916	0.00917
4	0.01765	0.01513	0.01765	0.01260	0.02017	0.01134	0.01008	0.02143	0.01765	0.02773	0.01513	0.01765	0.01260	0.00630	0.00630	0.00126	0.00630	0.00504	0.00504	0.75295
5	0.02016	0.01153	0.01472	0.01261	0.01616	0.01087	0.00988	0.08094	0.02571	0.18134	0.43952	0.05124	0.05998	0.01509	0.00954	0.00265	0.00529	0.01303	0.00956	0.01017
6	0.01891	0.01324	0.02026	0.01662	0.02069	0.01261	0.10957	0.07864	0.02418	0.12032	0.32211	0.09807	0.05137	0.01507	0.00983	0.00281	0.00692	0.04033	0.00843	0.01002
7	0.02746	0.02063	0.02203	0.01755	0.02327	0.02266	0.01416	0.44856	0.10973	0.04594	0.02904	0.03018	0.07850	0.05735	0.01099	0.00300	0.00847	0.00922	0.00825	0.01302

[dist]
# distance from previous block
# <min> <max>
6	11

[block]
# block no. 4 follows, 21 sequences, length 14
# corresponding to MSA columns:
# 119-132
name=unknown_E
#
# <colnr> <probs for GDERKNQSTAVLIFYWHMCP>
#	G	D	E	R	K	N	Q	S	T	A	V	L	I	F	Y	W	H	M	C	P
0	0.02058	0.02007	0.03527	0.10052	0.54557	0.02024	0.08033	0.02588	0.01926	0.02727	0.01605	0.02137	0.01326	0.00762	0.00858	0.00258	0.01060	0.00781	0.00419	0.01298
1	0.02418	0.01781	0.01967	0.01825	0.05460	0.05609	0.01353	0.18048	0.15186	0.11136	0.02845	0.06085	0.02445	0.10243	0.04292	0.00399	0.00911	0.06079	0.00763	0.01157
2	0.01120	0.00797	0.01004	0.01114	0.01193	0.00754	0.00752	0.01280	0.01659	0.02210	0.10717	0.39947	0.09205	0.18479	0.01846	0.00450	0.00576	0.05488	0.00740	0.00669
3	0.01708	0.01632	0.02752	0.41727	0.15932	0.01922	0.05465	0.02205	0.01716	0.02302	0.01714	0.06739	0.01484	0.01015	0.01073	0.00291	0.08013	0.00881	0.00416	0.01012
4	0.01915	0.01849	0.03213	0.28462	0.39289	0.01981	0.06052	0.02456	0.01854	0.02552	0.01575	0.02178	0.01265	0.00790	0.00855	0.00266	0.01082	0.00772	0.00406	0.01186
5	0.01138	0.00801	0.00953	0.01021	0.01081	0.00764	0.00644	0.01237	0.01519	0.02004	0.07369	0.28900	0.11054	0.34669	0.02618	0.00563	0.00640	0.01740	0.00667	0.00617
6	0.01945	0.01738	0.02831	0.20796	0.31206	0.01847	0.05368	0.07059	0.02010	0.02821	0.01918	0.06400	0.01637	0.00940	0.00846	0.00264	0.00972	0.00877	0.07378	0.01147
7	0.02709	0.08670	0.20371	0.02052	0.02808	0.22265	0.01980	0.11089	0.06505	0.10815	0.01866	0.01946	0.01367	0.00906	0.00791	0.00246	0.01167	0.00660	0.00572	0.01216
8	0.04958	0.12073	0.11328	0.02088	0.08478	0.20404	0.01685	0.02574	0.02066	0.02616	0.14238	0.02677	0.02577	0.01041	0.00872	0.00242	0.04050	0.00787	0.04223	0.01023
9	0.06546	0.01433	0.01747	0.01441	0.01938	0.01394	0.01143	0.10064	0.07587	0.34119	0.06806	0.09111	0.02746	0.05349	0.01065	0.00303	0.00692	0.01036	0.04257	0.01221
10	0.05051	0.01799	0.05635	0.35515	0.20474	0.01901	0.02251	0.06437	0.01912	0.02648	0.01707	0.02525	0.01399	0.00975	0.00927	0.02636	0.01044	0.03643	0.00448	0.01074
11	0.13216	0.06737	0.39473	0.02125	0.03062	0.10252	0.02416	0.05376	0.01895	0.02846	0.01438	0.01696	0.01076	0.00852	0.00842	0.00262	0.04264	0.00597	0.00417	0.01159
12	0.01491	0.00914	0.01069	0.01014	0.01197	0.00842	0.00688	0.01639	0.01718	0.10119	0.11003	0.09427	0.19546	0.32788	0.02498	0.00529	0.00647	0.01430	0.00715	0.00727
13	0.01035	0.00748	0.00980	0.01166	0.01229	0.00693	0.00781	0.01187	0.01648	0.02180	0.04924	0.65890	0.09125	0.02636	0.01081	0.00342	0.00490	0.02382	0.00790	0.00693

[dist]
# distance from previous block
# <min> <max>
0	3

[block]
# block no. 5 follows, 21 sequences, length 57
# corresponding to MSA columns:
# 136-192
name=unknown_F
#
# <colnr> <probs for GDERKNQSTAVLIFYWHMCP>
#	G	D	E	R	K	N	Q	S	T	A	V	L	I	F	Y	W	H	M	C	P
0	0.02840	0.01789	0.02193	0.01763	0.02337	0.01857	0.04276	0.23035	0.14004	0.21638	0.08643	0.03344	0.02653	0.01184	0.00896	0.00274	0.00793	0.04269	0.00895	0.01316
1	0.01152	0.00862	0.01110	0.01197	0.01358	0.00761	0.00824	0.01336	0.01651	0.02267	0.04189	0.58848	0.04940	0.02345	0.01014	0.00311	0.00515	0.02117	0.00745	0.12457
2	0.01478	0.00739	0.01109	0.01109	0.01109	0.00739	0.00739	0.01109	0.01109	0.01478	0.01478	0.02587	0.01478	0.02956	0.03326	0.75240	0.00739	0.00739	0.00370	0.00370
3	0.15674	0.01898	0.02381	0.39445	0.10083	0.09576	0.02015	0.02416	0.01745	0.02521	0.01422	0.01987	0.01110	0.00858	0.00855	0.00273	0.03667	0.00677	0.00417	0.00983
4	0.01962	0.01875	0.03193	0.23395	0.47741	0.01984	0.02540	0.02485	0.01869	0.02605	0.01575	0.02153	0.01286	0.00785	0.00845	0.00262	0.01047	0.00758	0.00409	0.01232
5	0.09751	0.01927	0.02090	0.01694	0.02297	0.02080	0.01371	0.24893	0.21972	0.15489	0.02623	0.02479	0.01871	0.01029	0.00816	0.00262	0.00774	0.00803	0.00846	0.04935
6	0.01071	0.00793	0.01006	0.01152	0.01269	0.00729	0.00817	0.01267	0.01760	0.02294	0.08388	0.48707	0.17234	0.02490	0.01075	0.00335	0.00504	0.07600	0.00797	0.00711
7	0.01920	0.02114	0.04294	0.03171	0.03811	0.02154	0.46056	0.02497	0.01845	0.02557	0.01782	0.06307	0.01521	0.00990	0.01366	0.00308	0.14751	0.01039	0.00441	0.01077
8	0.01997	0.01998	0.03273	0.10205	0.38399	0.05824	0.11587	0.02493	0.01935	0.02618	0.01957	0.07281	0.01783	0.00982	0.00898	0.00272	0.01073	0.03778	0.00464	0.01182
9	0.01006	0.00862	0.00862	0.00862	0.01149	0.00718	0.00647	0.01221	0.01940	0.02299	0.08621	0.08190	0.64438	0.02155	0.01006	0.00287	0.00431	0.01796	0.00790	0.00718
10	0.70963	0.01632	0.01302	0.01147	0.01683	0.01862	0.00945	0.02619	0.01518	0.08195	0.01339	0.01490	0.01006	0.00809	0.00550	0.00263	0.00663	0.00489	0.00564	0.00959
11	0.76103	0.01646	0.01251	0.01119	0.01646	0.01909	0.00922	0.02502	0.01448	0.03818	0.01185	0.01382	0.00922	0.00790	0.00527	0.00263	0.00658	0.00461	0.00527	0.00922
12	0.02722	0.03306	0.02628	0.02290	0.02625	0.43967	0.05368	0.02962	0.02062	0.02112	0.01282	0.01677	0.01114	0.01047	0.01375	0.00268	0.21164	0.00634	0.00419	0.00980
13	0.01238	0.00825	0.00928	0.00928	0.00928	0.00825	0.00516	0.01238	0.01238	0.01650	0.02681	0.05569	0.03094	0.70092	0.04331	0.00825	0.00825	0.01238	0.00516	0.00516
14	0.76103	0.01646	0.01251	0.01119	0.01646	0.01909	0.00922	0.02502	0.01448	0.03818	0.01185	0.01382	0.00922	0.00790	0.00527	0.00263	0.00658	0.00461	0.00527	0.00922
15	0.76103	0.01646	0.01251	0.01119	0.01646	0.01909	0.00922	0.02502	0.01448	0.03818	0.01185	0.01382	0.00922	0.00790	0.00527	0.00263	0.00658	0.00461	0.00527	0.00922
16	0.76103	0.01646	0.01251	0.01119	0.01646	0.01909	0.00922	0.02502	0.01448	0.03818	0.01185	0.01382	0.00922	0.00790	0.00527	0.00263	0.00658	0.00461	0.00527	0.00922
17	0.01204	0.00870	0.01138	0.01071	0.01271	0.00803	0.00803	0.01606	0.02409	0.03413	0.64335	0.06357	0.08030	0.01740	0.01004	0.00268	0.00401	0.01539	0.00937	0.00803
18	0.01995	0.02390	0.07736	0.03535	0.04413	0.02144	0.59073	0.02725	0.01999	0.02725	0.01713	0.02273	0.01282	0.00721	0.00996	0.00286	0.01427	0.00988	0.00427	0.01153
19	0.03235	0.02384	0.02554	0.01958	0.02639	0.02639	0.01618	0.61946	0.04001	0.05363	0.02043	0.02043	0.01447	0.01022	0.00851	0.00255	0.00936	0.00766	0.00851	0.01447
20	0.01217	0.00906	0.01336	0.01336	0.01478	0.01047	0.01025	0.01500	0.01358	0.01952	0.02308	0.03501	0.02196	0.10913	0.62284	0.01329	0.02176	0.00935	0.00460	0.00742
21	0.01238	0.00825	0.00928	0.00928	0.00928	0.00825	0.00516	0.01238	0.01238	0.01650	0.02681	0.05569	0.03094	0.70092	0.04331	0.00825	0.00825	0.01238	0.00516	0.00516
22	0.01080	0.00784	0.01003	0.01115	0.01216	0.00724	0.00763	0.01278	0.01799	0.02412	0.17276	0.46800	0.11861	0.06188	0.01242	0.00350	0.00487	0.02109	0.00805	0.00707
23	0.01203	0.00811	0.00938	0.00972	0.00981	0.00802	0.00563	0.01229	0.01305	0.01739	0.03025	0.16517	0.03528	0.58552	0.03776	0.00743	0.00768	0.01440	0.00563	0.00546
24	0.01037	0.00741	0.00987	0.01185	0.01234	0.00691	0.00790	0.01185	0.01629	0.02172	0.04690	0.69537	0.05629	0.02666	0.01086	0.00346	0.00494	0.02419	0.00790	0.00691
25	0.01607	0.01513	0.02552	0.68047	0.05861	0.01891	0.02363	0.02174	0.01702	0.02174	0.01513	0.02269	0.01134	0.00851	0.00851	0.00284	0.01134	0.00756	0.00378	0.00945
26	0.01238	0.00825	0.00928	0.00928	0.00928	0.00825	0.00516	0.01238	0.01238	0.01650	0.02681	0.05569	0.03094	0.70092	0.04331	0.00825	0.00825	0.01238	0.00516	0.00516
27	0.01037	0.00741	0.00987	0.01185	0.01234	0.00691	0.00790	0.01185	0.01629	0.02172	0.04690	0.69537	0.05629	0.02666	0.01086	0.00346	0.00494	0.02419	0.00790	0.00691
28	0.01204	0.00870	0.01138	0.01071	0.01271	0.00803	0.00803	0.01606	0.02409	0.03413	0.64335	0.06357	0.08030	0.01740	0.01004	0.00268	0.00401	0.01539	0.00937	0.00803
29	0.01131	0.00846	0.01049	0.01043	0.01237	0.00765	0.00765	0.01446	0.02169	0.02947	0.41461	0.17587	0.20442	0.01993	0.01018	0.00285	0.00424	0.01748	0.00878	0.00765
30	0.01037	0.00741	0.00987	0.01185	0.01234	0.00691	0.00790	0.01185	0.01629	0.02172	0.04690	0.69537	0.05629	0.02666	0.01086	0.00346	0.00494	0.02419	0.00790	0.00691
31	0.03179	0.04056	0.02412	0.02192	0.02631	0.66676	0.01644	0.03398	0.02412	0.02083	0.01315	0.01535	0.01096	0.00877	0.00767	0.00219	0.01535	0.00548	0.00438	0.00987
32	0.01216	0.00816	0.00935	0.00956	0.00962	0.00810	0.00546	0.01232	0.01281	0.01707	0.02902	0.12588	0.03372	0.62694	0.03975	0.00772	0.00789	0.01367	0.00546	0.00535
33	0.01138	0.00814	0.01061	0.01107	0.01232	0.00759	0.00777	0.01407	0.02006	0.02779	0.35507	0.32193	0.06695	0.06980	0.01274	0.00339	0.00469	0.01878	0.00847	0.00737
34	0.03235	0.02384	0.02554	0.01958	0.02639	0.02639	0.01618	0.61946	0.04001	0.05363	0.02043	0.02043	0.01447	0.01022	0.00851	0.00255	0.00936	0.00766	0.00851	0.01447
35	0.01425	0.00971	0.01081	0.01025	0.01089	0.00995	0.00619	0.06929	0.01497	0.01998	0.02622	0.05238	0.02940	0.63617	0.04005	0.00772	0.00835	0.01193	0.00547	0.00603
36	0.01059	0.00750	0.00981	0.01157	0.01201	0.00706	0.00760	0.01191	0.01586	0.02115	0.04469	0.62482	0.05349	0.10102	0.01444	0.00398	0.00530	0.02289	0.00760	0.00672
37	0.01037	0.00741	0.00987	0.01185	0.01234	0.00691	0.00790	0.01185	0.01629	0.02172	0.04690	0.69537	0.05629	0.02666	0.01086	0.00346	0.00494	0.02419	0.00790	0.00691
38	0.01060	0.00872	0.00942	0.00981	0.01242	0.00754	0.00758	0.01297	0.01925	0.02327	0.07814	0.11816	0.52649	0.02212	0.01035	0.00306	0.00485	0.10012	0.00789	0.00726
39	0.07853	0.01459	0.01934	0.01492	0.02143	0.01288	0.01232	0.04055	0.02381	0.61937	0.03236	0.02812	0.02040	0.01039	0.00837	0.00263	0.00720	0.00834	0.01024	0.01419
40	0.53370	0.01608	0.01472	0.01247	0.01796	0.01757	0.01025	0.05921	0.01837	0.17298	0.04384	0.01958	0.01509	0.00900	0.00636	0.00263	0.00676	0.00609	0.00676	0.01059
41	0.01238	0.00825	0.00928	0.00928	0.00928	0.00825	0.00516	0.01238	0.01238	0.01650	0.02681	0.05569	0.03094	0.70092	0.04331	0.00825	0.00825	0.01238	0.00516	0.00516
42	0.01204	0.00870	0.01138	0.01071	0.01271	0.00803	0.00803	0.01606	0.02409	0.03413	0.64335	0.06357	0.08030	0.01740	0.01004	0.00268	0.00401	0.01539	0.00937	0.00803
43	0.01035	0.00792	0.00951	0.01061	0.01206	0.00708	0.00739	0.01222	0.01787	0.02290	0.09552	0.43640	0.27104	0.02427	0.01052	0.00320	0.00466	0.02142	0.00799	0.00708
44	0.01172	0.00892	0.00958	0.00926	0.01218	0.00757	0.00700	0.01422	0.02036	0.05513	0.16940	0.07652	0.52751	0.02038	0.00998	0.00283	0.00441	0.01711	0.00825	0.00767
45	0.01765	0.01513	0.01765	0.01260	0.02017	0.01134	0.01008	0.02143	0.01765	0.02773	0.01513	0.01765	0.01260	0.00630	0.00630	0.00126	0.00630	0.00504	0.00504	0.75295
46	0.06918	0.02502	0.02475	0.01937	0.02588	0.08577	0.01585	0.53474	0.03724	0.04979	0.01932	0.01962	0.01388	0.00996	0.00827	0.00252	0.00978	0.00730	0.00796	0.01378
47	0.01029	0.00850	0.00890	0.00904	0.01152	0.00725	0.00660	0.01238	0.01902	0.02312	0.10740	0.13321	0.53565	0.05461	0.01173	0.00317	0.00454	0.01811	0.00784	0.00710
48	0.01195	0.00870	0.01125	0.01061	0.01266	0.00799	0.00796	0.01588	0.02387	0.03361	0.61768	0.06441	0.10629	0.01759	0.01004	0.00269	0.00403	0.01551	0.00930	0.00799
49	0.01216	0.00816	0.00934	0.00955	0.00961	0.00811	0.00545	0.01232	0.01279	0.01705	0.02894	0.12344	0.03362	0.62951	0.03988	0.00774	0.00790	0.01363	0.00545	0.00534
50	0.05442	0.01788	0.02697	0.43090	0.04712	0.05347	0.08593	0.06526	0.01887	0.02520	0.01564	0.02206	0.01209	0.01146	0.04129	0.00335	0.04618	0.00766	0.00431	0.00994
51	0.03022	0.02204	0.02489	0.01923	0.02576	0.02394	0.04072	0.49410	0.06789	0.08427	0.02580	0.02537	0.05377	0.01087	0.00868	0.00261	0.00901	0.00854	0.00842	0.01385
52	0.01669	0.03913	0.06042	0.01340	0.01704	0.01190	0.01134	0.05011	0.06030	0.09016	0.36492	0.11411	0.05694	0.01620	0.00959	0.00278	0.00581	0.04100	0.00855	0.00959
53	0.32697	0.05836	0.10223	0.01632	0.02268	0.08221	0.01491	0.12182	0.02064	0.06548	0.01498	0.01676	0.01137	0.00880	0.00791	0.00254	0.04788	0.00577	0.00556	0.04679
54	0.09236	0.04602	0.01891	0.01515	0.01966	0.01903	0.01189	0.20499	0.17646	0.06003	0.05455	0.06619	0.04882	0.11255	0.01344	0.00351	0.00755	0.01002	0.00760	0.01128
55	0.06494	0.11368	0.02632	0.01997	0.04873	0.21141	0.01558	0.27207	0.02878	0.05942	0.01836	0.04922	0.01489	0.00998	0.00783	0.00240	0.01068	0.00728	0.00642	0.01204
56	0.09533	0.01679	0.01718	0.01469	0.01897	0.05539	0.01131	0.20651	0.02419	0.03432	0.05912	0.16083	0.02728	0.07761	0.03475	0.00345	0.00820	0.01108	0.00692	0.11607

[dist]
# distance from previous block
# <min> <max>
1	12

[block]
# block no. 6 follows, 21 sequences, length 15
# corresponding to MSA columns:
# 205-219
name=unknown_G
#
# <colnr> <probs for GDERKNQSTAVLIFYWHMCP>
#	G	D	E	R	K	N	Q	S	T	A	V	L	I	F	Y	W	H	M	C	P
0	0.02306	0.01693	0.01954	0.05723	0.02322	0.01851	0.01365	0.24056	0.14481	0.08068	0.06145	0.12232	0.07243	0.01435	0.00969	0.00287	0.02609	0.03271	0.00815	0.01175
1	0.02336	0.06912	0.02168	0.01735	0.02240	0.10668	0.01375	0.12099	0.37602	0.03410	0.03238	0.03078	0.07136	0.01150	0.00840	0.00267	0.00821	0.00912	0.00766	0.01245
2	0.41078	0.16143	0.06052	0.10082	0.02413	0.02138	0.01352	0.02418	0.01629	0.03125	0.05647	0.01868	0.01490	0.00852	0.00624	0.00250	0.00793	0.00584	0.00491	0.00973
3	0.01853	0.06888	0.08784	0.02077	0.08546	0.01755	0.06389	0.06619	0.10081	0.02922	0.06655	0.08452	0.06506	0.01151	0.00910	0.00249	0.03379	0.00983	0.00604	0.15199
4	0.15333	0.03000	0.33686	0.02024	0.05259	0.01815	0.02169	0.06856	0.01989	0.11309	0.02320	0.02414	0.06348	0.00959	0.00785	0.00267	0.00981	0.00738	0.00552	0.01196
5	0.06353	0.06626	0.26629	0.02360	0.12385	0.01840	0.02116	0.02728	0.08341	0.05243	0.06161	0.02530	0.04277	0.00938	0.00793	0.00250	0.00933	0.00766	0.00528	0.08202
6	0.01586	0.00793	0.00793	0.00793	0.00991	0.00793	0.00595	0.01983	0.01785	0.03173	0.02776	0.03173	0.02181	0.00991	0.00595	0.00198	0.00397	0.00793	0.74817	0.00793
7	0.01509	0.01213	0.01704	0.05987	0.10249	0.01265	0.01452	0.02155	0.10617	0.02610	0.03838	0.21595	0.04050	0.01955	0.01046	0.00341	0.00750	0.26013	0.00725	0.00926
8	0.01650	0.04936	0.08280	0.09177	0.14534	0.01616	0.09397	0.02280	0.05804	0.02836	0.19518	0.03965	0.10009	0.01208	0.00910	0.00269	0.00847	0.01101	0.00617	0.01045
9	0.01216	0.00912	0.01368	0.01368	0.01520	0.01064	0.01064	0.01520	0.01368	0.01976	0.02279	0.03343	0.02127	0.06382	0.66720	0.01368	0.02279	0.00912	0.00456	0.00760
10	0.02353	0.40064	0.18169	0.01828	0.02633	0.12220	0.01887	0.07512	0.02028	0.02446	0.01352	0.01545	0.01118	0.00792	0.00664	0.00214	0.01084	0.00534	0.00413	0.01144
11	0.01754	0.01445	0.01694	0.01270	0.01912	0.01171	0.01009	0.06080	0.02043	0.03074	0.13936	0.02689	0.02608	0.00875	0.00719	0.00163	0.00606	0.00726	0.00613	0.55614
12	0.02791	0.03622	0.07823	0.02625	0.09365	0.46539	0.05812	0.03133	0.02219	0.02246	0.01377	0.01686	0.01135	0.00885	0.00916	0.00240	0.05488	0.00619	0.00426	0.01054
13	0.01797	0.01616	0.02194	0.01567	0.02337	0.01268	0.09002	0.02220	0.01797	0.02767	0.01540	0.01835	0.01265	0.00642	0.00680	0.00147	0.00736	0.00570	0.00494	0.65528
14	0.04522	0.09603	0.08463	0.02632	0.03411	0.06126	0.31282	0.02917	0.10011	0.02758	0.01816	0.02146	0.01399	0.00786	0.00856	0.00254	0.01166	0.00817	0.00487	0.08545

[dist]
# distance from previous block
# <min> <max>
0	2

[block]
# block no. 7 follows, 21 sequences, length 31
# corresponding to MSA columns:
# 222-252
name=unknown_H
#
# <colnr> <probs for GDERKNQSTAVLIFYWHMCP>
#	G	D	E	R	K	N	Q	S	T	A	V	L	I	F	Y	W	H	M	C	P
0	0.01513	0.01255	0.03562	0.01332	0.01644	0.01197	0.01079	0.05444	0.13479	0.03438	0.42115	0.05700	0.06156	0.01621	0.00980	0.00283	0.00545	0.06822	0.00885	0.00950
1	0.01531	0.01222	0.05817	0.01235	0.01593	0.00950	0.01029	0.01945	0.02250	0.09241	0.43720	0.10230	0.06173	0.01581	0.00949	0.00261	0.00521	0.01385	0.00857	0.07510
2	0.01220	0.00832	0.00944	0.00944	0.00971	0.00829	0.00550	0.01250	0.01293	0.01711	0.03082	0.05650	0.07377	0.62325	0.07010	0.00812	0.00865	0.01262	0.00532	0.00541
3	0.01218	0.00904	0.01326	0.01326	0.01463	0.01041	0.01012	0.01493	0.01355	0.01945	0.02318	0.03555	0.02219	0.12431	0.60797	0.01316	0.02141	0.00943	0.00462	0.00737
4	0.02365	0.06158	0.16050	0.02413	0.05039	0.17087	0.11954	0.08534	0.16122	0.02964	0.01983	0.02145	0.01505	0.00901	0.00838	0.00259	0.01166	0.00757	0.00550	0.01209
5	0.01219	0.00898	0.01298	0.01298	0.01425	0.01026	0.00976	0.01475	0.01347	0.01924	0.02343	0.03698	0.02281	0.16526	0.56786	0.01281	0.02048	0.00964	0.00465	0.00721
6	0.01219	0.00825	0.00961	0.00966	0.00997	0.00813	0.00574	0.01284	0.01426	0.01929	0.11286	0.10190	0.03950	0.55953	0.03646	0.00715	0.00744	0.01362	0.00593	0.00567
7	0.01035	0.00747	0.00981	0.01168	0.01230	0.00693	0.00782	0.01187	0.01646	0.02179	0.04897	0.66321	0.08712	0.02639	0.01082	0.00343	0.00490	0.02387	0.00790	0.00693
8	0.02219	0.51374	0.03929	0.01673	0.02216	0.06085	0.01560	0.02469	0.01660	0.02017	0.01174	0.01490	0.01098	0.00914	0.01085	0.00229	0.16861	0.00528	0.00369	0.01049
9	0.01096	0.00773	0.00996	0.01123	0.01182	0.00730	0.00741	0.01249	0.01657	0.02236	0.12017	0.49549	0.05470	0.15020	0.01676	0.00424	0.00543	0.02087	0.00758	0.00673
10	0.01053	0.00753	0.01002	0.01174	0.01238	0.00702	0.00791	0.01225	0.01703	0.02290	0.10353	0.63539	0.05856	0.02578	0.01078	0.00338	0.00485	0.02336	0.00804	0.00702
11	0.02979	0.02208	0.02381	0.01877	0.02491	0.02438	0.01529	0.53446	0.06988	0.04982	0.02355	0.08103	0.01881	0.01175	0.00873	0.00265	0.00883	0.00924	0.00847	0.01375
12	0.76103	0.01646	0.01251	0.01119	0.01646	0.01909	0.00922	0.02502	0.01448	0.03818	0.01185	0.01382	0.00922	0.00790	0.00527	0.00263	0.00658	0.00461	0.00527	0.00922
13	0.02033	0.01773	0.02078	0.01841	0.02319	0.02003	0.05452	0.04118	0.52810	0.03400	0.03452	0.03773	0.02744	0.01247	0.00907	0.00299	0.00737	0.06912	0.00828	0.01276
14	0.76103	0.01646	0.01251	0.01119	0.01646	0.01909	0.00922	0.02502	0.01448	0.03818	0.01185	0.01382	0.00922	0.00790	0.00527	0.00263	0.00658	0.00461	0.00527	0.00922
15	0.01238	0.00825	0.00928	0.00928	0.00928	0.00825	0.00516	0.01238	0.01238	0.01650	0.02681	0.05569	0.03094	0.70092	0.04331	0.00825	0.00825	0.01238	0.00516	0.00516
16	0.01319	0.00952	0.01301	0.01461	0.01658	0.00935	0.01250	0.01690	0.01985	0.02592	0.10103	0.11626	0.09139	0.02296	0.01145	0.00372	0.00715	0.47885	0.00798	0.00777
17	0.01707	0.04402	0.65683	0.02426	0.03683	0.01976	0.03144	0.02695	0.01797	0.02695	0.01527	0.01797	0.01078	0.00809	0.00809	0.00270	0.01258	0.00629	0.00359	0.01258
18	0.01324	0.09047	0.01695	0.01362	0.01572	0.01300	0.01085	0.01610	0.01433	0.01996	0.02366	0.08995	0.02318	0.05391	0.53147	0.01138	0.01961	0.00992	0.00475	0.00793
19	0.03161	0.02347	0.02512	0.01943	0.02611	0.02605	0.01600	0.58152	0.07915	0.05244	0.02137	0.02118	0.01523	0.01030	0.00852	0.00258	0.00919	0.00779	0.00852	0.01441
20	0.01207	0.00888	0.01280	0.01293	0.01417	0.01005	0.00968	0.01457	0.01367	0.01943	0.02500	0.08158	0.02502	0.15140	0.53435	0.01221	0.01952	0.01060	0.00487	0.00721
21	0.01137	0.00813	0.01101	0.01287	0.01384	0.00777	0.00953	0.01365	0.01755	0.02330	0.07189	0.50084	0.05527	0.02538	0.01108	0.00355	0.00571	0.18211	0.00794	0.00722
22	0.01238	0.00825	0.00928	0.00928	0.00928	0.00825	0.00516	0.01238	0.01238	0.01650	0.02681	0.05569	0.03094	0.70092	0.04331	0.00825	0.00825	0.01238	0.00516	0.00516
23	0.01216	0.00912	0.01368	0.01368	0.01520	0.01064	0.01064	0.01520	0.01368	0.01976	0.02279	0.03343	0.02127	0.06382	0.66720	0.01368	0.02279	0.00912	0.00456	0.00760
24	0.76103	0.01646	0.01251	0.01119	0.01646	0.01909	0.00922	0.02502	0.01448	0.03818	0.01185	0.01382	0.00922	0.00790	0.00527	0.00263	0.00658	0.00461	0.00527	0.00922
25	0.01221	0.00892	0.01270	0.01270	0.01388	0.01010	0.00941	0.01457	0.01339	0.01903	0.02369	0.03840	0.02343	0.20607	0.52790	0.01247	0.01955	0.00985	0.00469	0.00705
26	0.01216	0.00912	0.01368	0.01368	0.01520	0.01064	0.01064	0.01520	0.01368	0.01976	0.02279	0.03343	0.02127	0.06382	0.66720	0.01368	0.02279	0.00912	0.00456	0.00760
27	0.03088	0.03735	0.02516	0.02442	0.08156	0.55562	0.01728	0.08236	0.02503	0.02420	0.01402	0.01628	0.01148	0.00879	0.00781	0.00225	0.01438	0.00585	0.00472	0.01057
28	0.02955	0.03683	0.02270	0.02068	0.02499	0.57757	0.01554	0.03319	0.06397	0.02196	0.01973	0.02113	0.05664	0.00985	0.00791	0.00229	0.01400	0.00663	0.00492	0.00991
29	0.02340	0.02138	0.02037	0.01806	0.02300	0.09713	0.01406	0.09486	0.50875	0.03547	0.03086	0.02883	0.02320	0.01110	0.00853	0.00278	0.00798	0.00896	0.00815	0.01314
30	0.01415	0.01594	0.12326	0.01578	0.01955	0.01192	0.01460	0.02089	0.09082	0.02719	0.11934	0.21091	0.04565	0.01939	0.01033	0.00331	0.00733	0.21309	0.00743	0.00912

[dist]
# distance from previous block
# <min> <max>
1	6

[block]
# block no. 8 follows, 21 sequences, length 45
# corresponding to MSA columns:
# 259-303
name=unknown_I
#
# <colnr> <probs for GDERKNQSTAVLIFYWHMCP>
#	G	D	E	R	K	N	Q	S	T	A	V	L	I	F	Y	W	H	M	C	P
0	0.08597	0.26653	0.06507	0.01809	0.02519	0.07603	0.05351	0.19674	0.02463	0.05981	0.01600	0.01738	0.01243	0.00842	0.00709	0.00225	0.00977	0.00615	0.00562	0.04330
1	0.18170	0.08945	0.02340	0.13966	0.05021	0.16241	0.01567	0.12942	0.02210	0.03067	0.01709	0.06990	0.01486	0.00999	0.00752	0.00254	0.01010	0.00749	0.00538	0.01046
2	0.22847	0.05808	0.02404	0.08125	0.02744	0.19084	0.06135	0.11399	0.06060	0.03179	0.01557	0.01801	0.01213	0.00891	0.00806	0.00256	0.03443	0.00639	0.00537	0.01070
3	0.01394	0.03993	0.01249	0.03974	0.01343	0.05134	0.00743	0.01464	0.01404	0.01783	0.02741	0.13283	0.03126	0.51040	0.03374	0.00674	0.00844	0.01293	0.00534	0.00611
4	0.02955	0.02135	0.02344	0.01835	0.02399	0.02367	0.01488	0.49162	0.03467	0.07356	0.02124	0.02478	0.01648	0.09032	0.01359	0.00328	0.04594	0.00823	0.00795	0.01311
5	0.01216	0.00912	0.01368	0.01368	0.01520	0.01064	0.01064	0.01520	0.01368	0.01976	0.02279	0.03343	0.02127	0.06382	0.66720	0.01368	0.02279	0.00912	0.00456	0.00760
6	0.03133	0.03969	0.02456	0.02321	0.05274	0.63926	0.01685	0.03365	0.02391	0.02112	0.01328	0.01559	0.01107	0.00872	0.00771	0.00221	0.01512	0.00557	0.00438	0.01002
7	0.01009	0.00849	0.00875	0.00897	0.01159	0.00716	0.00662	0.01217	0.01907	0.02285	0.08202	0.14733	0.58166	0.02210	0.01014	0.00294	0.00438	0.01863	0.00790	0.00716
8	0.01833	0.01553	0.01801	0.01293	0.02046	0.01204	0.01037	0.04909	0.01868	0.02893	0.01537	0.01778	0.01269	0.00648	0.00640	0.00132	0.00644	0.00516	0.00520	0.71879
9	0.01063	0.00759	0.01017	0.01215	0.01275	0.00714	0.00835	0.01230	0.01655	0.02201	0.04676	0.64900	0.05572	0.02642	0.01093	0.00349	0.00516	0.06801	0.00789	0.00698
10	0.03818	0.01448	0.01975	0.01514	0.02172	0.01251	0.01251	0.04147	0.02436	0.65373	0.03357	0.02897	0.02107	0.01053	0.00856	0.00263	0.00724	0.00856	0.01053	0.01448
11	0.01216	0.00912	0.01368	0.01368	0.01520	0.01064	0.01064	0.01520	0.01368	0.01976	0.02279	0.03343	0.02127	0.06382	0.66720	0.01368	0.02279	0.00912	0.00456	0.00760
12	0.01032	0.00759	0.00969	0.01137	0.01222	0.00695	0.00769	0.01190	0.01676	0.02191	0.05276	0.60401	0.14386	0.02590	0.01074	0.00337	0.00484	0.02326	0.00790	0.00695
13	0.01232	0.00855	0.01031	0.01100	0.01155	0.00843	0.00699	0.03984	0.01553	0.02073	0.03625	0.36391	0.04246	0.34281	0.02601	0.00567	0.00670	0.01788	0.00664	0.00643
14	0.02200	0.01870	0.01971	0.01749	0.02245	0.02156	0.01367	0.08806	0.58827	0.03694	0.03358	0.03091	0.02512	0.01145	0.00865	0.00286	0.00693	0.00948	0.00865	0.01354
15	0.03394	0.01404	0.01852	0.01463	0.02052	0.01264	0.01193	0.03892	0.07103	0.53143	0.07331	0.03160	0.02537	0.01103	0.00852	0.00262	0.00681	0.00905	0.05046	0.01362
16	0.02194	0.01134	0.01465	0.01254	0.01638	0.01029	0.00983	0.05072	0.02409	0.25317	0.32306	0.08186	0.10371	0.01546	0.00949	0.00271	0.00546	0.01328	0.00955	0.01047
17	0.01238	0.00825	0.00928	0.00928	0.00928	0.00825	0.00516	0.01238	0.01238	0.01650	0.02681	0.05569	0.03094	0.70092	0.04331	0.00825	0.00825	0.01238	0.00516	0.00516
18	0.01216	0.00912	0.01368	0.01368	0.01520	0.01064	0.01064	0.01520	0.01368	0.01976	0.02279	0.03343	0.02127	0.06382	0.66720	0.01368	0.02279	0.00912	0.00456	0.00760
19	0.01214	0.00824	0.00927	0.00936	0.00956	0.00812	0.00536	0.01234	0.01300	0.01715	0.03149	0.08656	0.07097	0.62709	0.03973	0.00769	0.00785	0.01327	0.00546	0.00537
20	0.05944	0.01125	0.01421	0.01263	0.01644	0.01012	0.00966	0.02582	0.02033	0.30246	0.06498	0.22344	0.12661	0.04871	0.01092	0.00316	0.00606	0.01453	0.00886	0.01037
21	0.01238	0.00825	0.00928	0.00928	0.00928	0.00825	0.00516	0.01238	0.01238	0.01650	0.02681	0.05569	0.03094	0.70092	0.04331	0.00825	0.00825	0.01238	0.00516	0.00516
22	0.01586	0.00793	0.00793	0.00793	0.00991	0.00793	0.00595	0.01983	0.01785	0.03173	0.02776	0.03173	0.02181	0.00991	0.00595	0.00198	0.00397	0.00793	0.74817	0.00793
23	0.01056	0.00749	0.00982	0.01161	0.01205	0.00704	0.00764	0.01190	0.01592	0.02123	0.04501	0.63500	0.05389	0.09030	0.01392	0.00391	0.00525	0.02308	0.00764	0.00675
24	0.01223	0.00859	0.00936	0.00948	0.01176	0.00757	0.00682	0.01429	0.01828	0.05305	0.06569	0.17631	0.39591	0.08645	0.01294	0.00340	0.00490	0.01707	0.07852	0.00736
25	0.01586	0.00793	0.00793	0.00793	0.00991	0.00793	0.00595	0.01983	0.01785	0.03173	0.02776	0.03173	0.02181	0.00991	0.00595	0.00198	0.00397	0.00793	0.74817	0.00793
26	0.01027	0.00869	0.00892	0.00903	0.01185	0.00734	0.00689	0.01253	0.01941	0.02313	0.08381	0.08272	0.60962	0.02167	0.01016	0.00293	0.00452	0.05140	0.00790	0.00722
27	0.01121	0.00913	0.01000	0.00981	0.01252	0.00814	0.00745	0.01493	0.04897	0.02653	0.22601	0.07536	0.44904	0.02009	0.01005	0.00286	0.00447	0.03738	0.00831	0.00772
28	0.02490	0.01211	0.01556	0.01331	0.01764	0.01105	0.01045	0.02974	0.07426	0.32808	0.16365	0.12605	0.10601	0.01524	0.00932	0.00279	0.00594	0.01302	0.00952	0.01135
29	0.01620	0.01531	0.02555	0.64610	0.05672	0.01928	0.02337	0.02168	0.01681	0.02168	0.01492	0.02248	0.01134	0.00884	0.00952	0.00288	0.04654	0.00756	0.00378	0.00945
30	0.01350	0.00964	0.01347	0.01543	0.01730	0.00961	0.01334	0.01727	0.01938	0.02523	0.04518	0.13397	0.04944	0.02371	0.01170	0.00389	0.00765	0.55467	0.00784	0.00778
31	0.76103	0.01646	0.01251	0.01119	0.01646	0.01909	0.00922	0.02502	0.01448	0.03818	0.01185	0.01382	0.00922	0.00790	0.00527	0.00263	0.00658	0.00461	0.00527	0.00922
32	0.19165	0.01814	0.02049	0.08740	0.07635	0.02041	0.01487	0.11237	0.25274	0.08433	0.02395	0.02415	0.01773	0.00982	0.00783	0.00273	0.00784	0.00776	0.00715	0.01230
33	0.02811	0.01391	0.01760	0.01454	0.01962	0.01331	0.01163	0.03612	0.15711	0.36814	0.18200	0.03798	0.03653	0.01242	0.00894	0.00270	0.00635	0.01045	0.00984	0.01269
34	0.03240	0.01354	0.01792	0.01434	0.02000	0.01199	0.01162	0.03653	0.05251	0.51080	0.06820	0.07116	0.07433	0.01265	0.00888	0.00271	0.00671	0.01052	0.01004	0.01314
35	0.01626	0.01549	0.02667	0.65048	0.05795	0.01903	0.05124	0.02200	0.01716	0.02200	0.01522	0.02270	0.01142	0.00845	0.00858	0.00284	0.01148	0.00768	0.00381	0.00955
36	0.01238	0.06247	0.01337	0.01087	0.01320	0.00975	0.00830	0.01570	0.02188	0.02985	0.43837	0.14625	0.14950	0.01842	0.00980	0.00274	0.00457	0.01608	0.00853	0.00799
37	0.02506	0.01161	0.01563	0.01314	0.01741	0.01033	0.01052	0.02871	0.02401	0.34043	0.31297	0.04799	0.04948	0.01429	0.00939	0.00271	0.00579	0.03943	0.00987	0.01121
38	0.01185	0.00877	0.01110	0.01074	0.01288	0.00802	0.00820	0.01555	0.02300	0.03168	0.50865	0.06895	0.16915	0.01853	0.01017	0.00280	0.00435	0.05871	0.00902	0.00788
39	0.03212	0.01657	0.05283	0.01849	0.07046	0.01430	0.01439	0.03853	0.09978	0.45975	0.06702	0.03016	0.02403	0.01071	0.00862	0.00266	0.00748	0.00890	0.00939	0.01380
40	0.02061	0.01765	0.01883	0.01720	0.02179	0.02032	0.01349	0.04316	0.58675	0.03484	0.03541	0.03654	0.02769	0.01244	0.00889	0.00296	0.00682	0.05296	0.00860	0.01305
41	0.66375	0.06778	0.01532	0.01167	0.01717	0.01979	0.00981	0.02601	0.01527	0.07277	0.01312	0.01470	0.01004	0.00801	0.00547	0.00257	0.00681	0.00483	0.00545	0.00965
42	0.62848	0.01733	0.01459	0.01249	0.01803	0.01971	0.01030	0.10392	0.01834	0.07160	0.01408	0.01546	0.01051	0.00834	0.00586	0.00262	0.00698	0.00521	0.00596	0.01018
43	0.35218	0.01950	0.01978	0.09775	0.02600	0.02224	0.01403	0.28285	0.02589	0.04286	0.01598	0.01779	0.01176	0.00898	0.00708	0.00262	0.00838	0.00630	0.00649	0.01153
44	0.02794	0.07525	0.02271	0.06606	0.02516	0.01968	0.01429	0.10364	0.26280	0.24552	0.02934	0.02736	0.02068	0.01047	0.00833	0.00267	0.00774	0.00846	0.00849	0.01341

[dist]
# distance from previous block
# <min> <max>
0	1

[block]
# block no. 9 follows, 21 sequences, length 88
# corresponding to MSA columns:
# 305-392
name=unknown_J
#
# <colnr> <probs for GDERKNQSTAVLIFYWHMCP>
#	G	D	E	R	K	N	Q	S	T	A	V	L	I	F	Y	W	H	M	C	P
0	0.01860	0.01283	0.05416	0.01319	0.01691	0.01064	0.01103	0.05457	0.02389	0.15648	0.38295	0.09911	0.05766	0.01597	0.00966	0.00277	0.00569	0.03500	0.00903	0.00986
1	0.55727	0.01656	0.01520	0.07746	0.02151	0.01896	0.01134	0.07981	0.01793	0.06124	0.04429	0.01828	0.01379	0.00873	0.00624	0.00265	0.00721	0.00585	0.00582	0.00987
2	0.22552	0.05520	0.02218	0.01818	0.02354	0.30292	0.01438	0.18434	0.02545	0.03399	0.01466	0.01621	0.01141	0.00886	0.00717	0.00239	0.01121	0.00578	0.00567	0.01094
3	0.01216	0.00912	0.01368	0.01368	0.01520	0.01064	0.01064	0.01520	0.01368	0.01976	0.02279	0.03343	0.02127	0.06382	0.66720	0.01368	0.02279	0.00912	0.00456	0.00760
4	0.03154	0.02306	0.02467	0.01901	0.02558	0.02548	0.01567	0.59002	0.03892	0.05256	0.02079	0.02099	0.01483	0.01020	0.00839	0.00253	0.00910	0.00768	0.04483	0.01415
5	0.01423	0.01059	0.01474	0.01710	0.04914	0.01068	0.01369	0.01916	0.05165	0.02661	0.08708	0.10869	0.04856	0.02175	0.01127	0.00369	0.00751	0.46766	0.00781	0.00839
6	0.01083	0.00869	0.00976	0.01044	0.01256	0.00782	0.00763	0.01377	0.04393	0.02324	0.06885	0.28211	0.39222	0.02292	0.01036	0.00312	0.00481	0.05160	0.00793	0.00739
7	0.01338	0.00901	0.01170	0.01085	0.01315	0.00823	0.00820	0.01726	0.02387	0.06751	0.58276	0.06257	0.10460	0.01722	0.00996	0.00268	0.00421	0.01514	0.00936	0.00834
8	0.01238	0.00825	0.00928	0.00928	0.00928	0.00825	0.00516	0.01238	0.01238	0.01650	0.02681	0.05569	0.03094	0.70092	0.04331	0.00825	0.00825	0.01238	0.00516	0.00516
9	0.02210	0.01807	0.01927	0.01720	0.02211	0.02069	0.01342	0.04502	0.59917	0.06944	0.03458	0.03160	0.02571	0.01149	0.00865	0.00287	0.00676	0.00956	0.00876	0.01353
10	0.61974	0.01741	0.01474	0.01259	0.01815	0.01979	0.01038	0.11048	0.01863	0.07238	0.01420	0.01555	0.01058	0.00837	0.00590	0.00262	0.00701	0.00525	0.00600	0.01024
11	0.01478	0.00739	0.01109	0.01109	0.01109	0.00739	0.00739	0.01109	0.01109	0.01478	0.01478	0.02587	0.01478	0.02956	0.03326	0.75240	0.00739	0.00739	0.00370	0.00370
12	0.02275	0.70604	0.04459	0.01456	0.02184	0.03367	0.01456	0.02548	0.01729	0.02002	0.01183	0.01365	0.01092	0.00728	0.00546	0.00182	0.00910	0.00455	0.00364	0.01092
13	0.01324	0.01062	0.01541	0.01479	0.01595	0.01301	0.01156	0.01587	0.01348	0.01964	0.02116	0.03259	0.02030	0.10162	0.51672	0.01164	0.13115	0.00908	0.00446	0.00770
