[name]
unknown

[dist]
# distance from previous block
# <min> <max>
2	22

[block]
# block no. 0 follows, 25 sequences, length 12
# corresponding to MSA columns:
# 23-34
name=unknown_A
#
# <colnr> <probs for GDERKNQSTAVLIFYWHMCP>
#	G	D	E	R	K	N	Q	S	T	A	V	L	I	F	Y	W	H	M	C	P
0	0.00991	0.00711	0.00941	0.01048	0.01135	0.00661	0.00723	0.01196	0.01700	0.02323	0.23498	0.52041	0.05793	0.02173	0.00967	0.00293	0.00424	0.01960	0.00760	0.00661
1	0.01829	0.01501	0.02558	0.12226	0.02942	0.01517	0.21443	0.10214	0.02016	0.07984	0.05946	0.10956	0.02395	0.01147	0.00867	0.00265	0.00892	0.07166	0.05176	0.00958
2	0.01192	0.00893	0.01130	0.01184	0.01301	0.00913	0.00846	0.07323	0.01739	0.02340	0.08678	0.53501	0.07417	0.02138	0.01054	0.00301	0.04735	0.01884	0.00712	0.00718
3	0.01168	0.00743	0.00958	0.01057	0.01154	0.00687	0.00715	0.01304	0.01516	0.07249	0.04166	0.54472	0.08346	0.10973	0.01334	0.00360	0.00501	0.01923	0.00708	0.00667
4	0.06307	0.01359	0.01740	0.01370	0.01924	0.01259	0.01121	0.06897	0.06828	0.52815	0.07682	0.02790	0.02272	0.01001	0.00778	0.00241	0.00643	0.00813	0.00910	0.01249
5	0.01001	0.00717	0.00955	0.01081	0.01166	0.00671	0.00760	0.01203	0.01665	0.02257	0.18423	0.52846	0.05571	0.02220	0.00979	0.00302	0.00450	0.06326	0.00749	0.00659
6	0.13239	0.00806	0.00997	0.00987	0.01081	0.00841	0.00689	0.01286	0.01140	0.01856	0.01563	0.05680	0.01516	0.02203	0.02296	0.54275	0.00621	0.00714	0.07740	0.00466
7	0.02057	0.01502	0.01659	0.01480	0.01906	0.01658	0.01151	0.03720	0.49041	0.13275	0.03392	0.08563	0.04771	0.01179	0.00808	0.00264	0.00600	0.00994	0.00808	0.01174
8	0.02120	0.01246	0.01489	0.01280	0.01672	0.01240	0.01005	0.09830	0.13958	0.21820	0.16924	0.10355	0.08985	0.01329	0.00834	0.00252	0.00561	0.01127	0.02934	0.01040
9	0.01320	0.00819	0.01081	0.01065	0.01255	0.00750	0.00790	0.01601	0.01947	0.10087	0.36113	0.26213	0.07888	0.01811	0.00929	0.00271	0.00440	0.04042	0.00814	0.00763
10	0.01068	0.00839	0.00978	0.01005	0.01206	0.00784	0.00748	0.01459	0.06990	0.02405	0.19902	0.22064	0.29717	0.01926	0.00933	0.00277	0.00440	0.05788	0.00755	0.00716
11	0.48094	0.01518	0.01451	0.01209	0.01732	0.01645	0.00994	0.08494	0.04353	0.21215	0.01770	0.01753	0.01236	0.00817	0.00600	0.00240	0.00640	0.00561	0.00649	0.01029

[dist]
# distance from previous block
# <min> <max>
0	3

[block]
# block no. 1 follows, 25 sequences, length 155
# corresponding to MSA columns:
# 38-192
name=unknown_B
#
# <colnr> <probs for GDERKNQSTAVLIFYWHMCP>
#	G	D	E	R	K	N	Q	S	T	A	V	L	I	F	Y	W	H	M	C	P
0	0.05129	0.01276	0.01353	0.01310	0.03759	0.04589	0.00965	0.10510	0.08831	0.02908	0.19647	0.11799	0.19752	0.01530	0.00860	0.00257	0.00567	0.03365	0.00728	0.00864
1	0.01723	0.01028	0.01300	0.01146	0.01454	0.00987	0.00888	0.02331	0.11230	0.17091	0.44699	0.04711	0.05468	0.01377	0.00868	0.00246	0.00463	0.01195	0.00867	0.00927
2	0.01798	0.02009	0.04177	0.05396	0.03802	0.02013	0.53685	0.02376	0.01727	0.02376	0.01482	0.02033	0.01148	0.00761	0.01148	0.00273	0.11531	0.00873	0.00383	0.01011
3	0.06761	0.01215	0.01240	0.01073	0.01406	0.01306	0.00849	0.19767	0.04686	0.03502	0.02274	0.02498	0.01741	0.00905	0.00613	0.00202	0.00524	0.00703	0.47818	0.00917
4	0.01445	0.00723	0.00723	0.00723	0.00903	0.00723	0.00542	0.01807	0.01626	0.02891	0.02529	0.02891	0.01987	0.00903	0.00542	0.00181	0.00361	0.00723	0.77055	0.00723
5	0.01608	0.01378	0.01608	0.01148	0.01837	0.01034	0.00919	0.01952	0.01608	0.02527	0.01378	0.01608	0.01148	0.00574	0.00574	0.00115	0.00574	0.00459	0.00459	0.77491
6	0.01659	0.03634	0.56582	0.02482	0.09195	0.01837	0.06231	0.04956	0.01739	0.02561	0.01426	0.01697	0.01029	0.00736	0.00751	0.00245	0.01123	0.00608	0.00354	0.01155
7	0.01468	0.01341	0.02234	0.01756	0.02209	0.01206	0.20101	0.03934	0.01700	0.02387	0.05485	0.22790	0.02735	0.06486	0.01067	0.00274	0.00771	0.01206	0.00545	0.20305
8	0.01445	0.00723	0.00723	0.00723	0.00903	0.00723	0.00542	0.01807	0.01626	0.02891	0.02529	0.02891	0.01987	0.00903	0.00542	0.00181	0.00361	0.00723	0.77055	0.00723
9	0.02466	0.01924	0.01997	0.04922	0.02284	0.06272	0.01336	0.36595	0.13906	0.07096	0.02843	0.02772	0.09953	0.01069	0.00791	0.00241	0.00787	0.00839	0.00736	0.01170
10	0.01445	0.00723	0.00723	0.00723	0.00903	0.00723	0.00542	0.01807	0.01626	0.02891	0.02529	0.02891	0.01987	0.00903	0.00542	0.00181	0.00361	0.00723	0.77055	0.00723
11	0.01970	0.01893	0.03423	0.02548	0.03184	0.01875	0.38467	0.16046	0.05326	0.03049	0.05631	0.05023	0.01945	0.00938	0.00891	0.00262	0.01057	0.04858	0.00551	0.01061
12	0.02052	0.69234	0.03969	0.01366	0.01993	0.03029	0.01347	0.02296	0.01554	0.01827	0.01075	0.01269	0.00996	0.00702	0.00612	0.00175	0.04756	0.00429	0.00332	0.00987
13	0.01919	0.01842	0.03147	0.04759	0.67914	0.01842	0.02380	0.02380	0.01765	0.02533	0.01458	0.01919	0.01228	0.00691	0.00768	0.00230	0.00921	0.00691	0.00384	0.01228
14	0.01436	0.01098	0.01182	0.01131	0.01268	0.06692	0.00790	0.01669	0.04324	0.05509	0.05410	0.03959	0.02548	0.36069	0.22822	0.00778	0.01172	0.00969	0.00508	0.00666
15	0.02952	0.01801	0.01942	0.01540	0.02114	0.08256	0.01246	0.18185	0.10220	0.33470	0.02462	0.02276	0.01675	0.00916	0.00755	0.00226	0.00765	0.00717	0.00798	0.07682
16	0.01684	0.01714	0.02710	0.02204	0.02365	0.02192	0.13739	0.01958	0.01374	0.02063	0.05344	0.02032	0.01448	0.01237	0.02130	0.00318	0.53458	0.00770	0.00382	0.00878
17	0.01845	0.02047	0.03873	0.03070	0.09121	0.05725	0.44799	0.02376	0.01733	0.02342	0.01492	0.02033	0.01187	0.01005	0.04422	0.00313	0.10382	0.00838	0.00386	0.01011
18	0.01081	0.00741	0.00850	0.00880	0.00908	0.00724	0.00521	0.01118	0.01236	0.01628	0.03159	0.16476	0.08117	0.55636	0.03223	0.00642	0.00674	0.01346	0.00531	0.00511
19	0.02977	0.01242	0.01660	0.01317	0.01834	0.01104	0.01071	0.03380	0.05292	0.53605	0.14628	0.03217	0.02909	0.01076	0.00804	0.00242	0.00605	0.00896	0.00932	0.01210
20	0.02119	0.69345	0.03959	0.01364	0.02013	0.06775	0.01336	0.02365	0.01610	0.01828	0.01085	0.01252	0.00995	0.00671	0.00509	0.00168	0.00861	0.00419	0.00335	0.00990
21	0.01445	0.00723	0.00723	0.00723	0.00903	0.00723	0.00542	0.01807	0.01626	0.02891	0.02529	0.02891	0.01987	0.00903	0.00542	0.00181	0.00361	0.00723	0.77055	0.00723
22	0.03479	0.01320	0.01799	0.01380	0.01979	0.01140	0.01140	0.03779	0.02219	0.68451	0.03059	0.02639	0.01919	0.00960	0.00780	0.00240	0.00660	0.00780	0.00960	0.01320
23	0.01224	0.00916	0.01315	0.01280	0.01449	0.01060	0.01001	0.05444	0.01398	0.01996	0.02063	0.02971	0.01899	0.05505	0.65304	0.01182	0.01999	0.00822	0.00438	0.00732
24	0.01919	0.01842	0.03147	0.04759	0.67914	0.01842	0.02380	0.02380	0.01765	0.02533	0.01458	0.01919	0.01228	0.00691	0.00768	0.00230	0.00921	0.00691	0.00384	0.01228
25	0.01982	0.52374	0.20312	0.01582	0.02355	0.05963	0.01724	0.02393	0.01621	0.01987	0.01163	0.01351	0.00992	0.00688	0.00568	0.00188	0.00937	0.00459	0.00334	0.01028
26	0.00945	0.00675	0.00900	0.01080	0.01125	0.00630	0.00720	0.01080	0.01484	0.01979	0.04274	0.72245	0.05128	0.02429	0.00990	0.00315	0.00450	0.02204	0.00720	0.00630
27	0.01031	0.00806	0.01233	0.01269	0.01386	0.00753	0.06435	0.01223	0.01551	0.02081	0.07193	0.62697	0.04887	0.02229	0.00979	0.00307	0.00522	0.02050	0.00697	0.00672
28	0.01535	0.02026	0.24445	0.01734	0.04605	0.01222	0.05144	0.02035	0.01784	0.09415	0.15396	0.21210	0.03445	0.01368	0.00854	0.00263	0.00758	0.01212	0.00607	0.00944
29	0.01092	0.00788	0.01031	0.00979	0.01157	0.00728	0.00731	0.01449	0.02168	0.03067	0.65125	0.08293	0.07234	0.01617	0.00917	0.00247	0.00369	0.01432	0.00848	0.00728
30	0.01608	0.01378	0.01608	0.01148	0.01837	0.01034	0.00919	0.01952	0.01608	0.02527	0.01378	0.01608	0.01148	0.00574	0.00574	0.00115	0.00574	0.00459	0.00459	0.77491
31	0.01434	0.04385	0.03999	0.01098	0.01382	0.00926	0.00894	0.01790	0.02091	0.10722	0.49120	0.10186	0.05949	0.01498	0.00877	0.00245	0.00461	0.01310	0.00810	0.00823
32	0.73986	0.05494	0.01302	0.01037	0.01527	0.01813	0.00867	0.02282	0.01334	0.03387	0.01080	0.01259	0.00848	0.00717	0.00481	0.00236	0.00613	0.00420	0.00472	0.00848
33	0.00951	0.00678	0.00898	0.01071	0.01114	0.00634	0.00711	0.01081	0.01471	0.01962	0.04206	0.69771	0.05043	0.05019	0.01099	0.00331	0.00461	0.02165	0.00711	0.00624
34	0.01608	0.01378	0.01608	0.01148	0.01837	0.01034	0.00919	0.01952	0.01608	0.02527	0.01378	0.01608	0.01148	0.00574	0.00574	0.00115	0.00574	0.00459	0.00459	0.77491
35	0.02568	0.01868	0.02024	0.01593	0.02136	0.02017	0.01287	0.45200	0.09267	0.07206	0.02348	0.02489	0.04750	0.06214	0.01004	0.00269	0.00776	0.00783	0.00743	0.05458
36	0.02866	0.06381	0.02279	0.01959	0.02381	0.63240	0.01490	0.06531	0.02253	0.02061	0.01231	0.01418	0.01016	0.00801	0.00695	0.00200	0.01345	0.00507	0.00418	0.00926
37	0.01280	0.00873	0.01112	0.01017	0.01243	0.00814	0.00774	0.04105	0.02230	0.06389	0.58346	0.05571	0.10165	0.01549	0.00902	0.00244	0.00401	0.01356	0.00848	0.00780
38	0.01979	0.01691	0.01782	0.01588	0.02036	0.01952	0.01240	0.07179	0.63372	0.03326	0.03091	0.02841	0.02314	0.01046	0.00788	0.00261	0.00626	0.00868	0.00788	0.01232
39	0.01929	0.01666	0.01753	0.01578	0.02016	0.01929	0.01227	0.04120	0.66513	0.03243	0.03156	0.02893	0.02367	0.01052	0.00789	0.00263	0.00614	0.00877	0.00789	0.01227
40	0.01031	0.00740	0.00980	0.01047	0.01163	0.00690	0.00750	0.01284	0.01831	0.02525	0.33895	0.38118	0.06122	0.02020	0.00958	0.00284	0.00423	0.04675	0.00782	0.00681
41	0.05517	0.02149	0.02286	0.01758	0.02374	0.02382	0.01452	0.63177	0.03566	0.04839	0.01835	0.01841	0.01302	0.00924	0.00766	0.00233	0.00845	0.00689	0.00766	0.01302
42	0.00945	0.00675	0.00900	0.01080	0.01125	0.00630	0.00720	0.01080	0.01484	0.01979	0.04274	0.72245	0.05128	0.02429	0.00990	0.00315	0.00450	0.02204	0.00720	0.00630
43	0.02947	0.02172	0.02327	0.01784	0.02404	0.02404	0.01474	0.65329	0.03646	0.04887	0.01862	0.01862	0.01319	0.00931	0.00776	0.00233	0.00853	0.00698	0.00776	0.01319
44	0.03479	0.01320	0.01799	0.01380	0.01979	0.01140	0.01140	0.03779	0.02219	0.68451	0.03059	0.02639	0.01919	0.00960	0.00780	0.00240	0.00660	0.00780	0.00960	0.01320
45	0.02896	0.03695	0.02197	0.01998	0.02397	0.69638	0.01498	0.03096	0.02197	0.01898	0.01199	0.01398	0.00999	0.00799	0.00699	0.00200	0.01398	0.00499	0.00400	0.00899
46	0.01886	0.01825	0.03164	0.08885	0.60857	0.01840	0.05395	0.02359	0.01755	0.02496	0.01459	0.01937	0.01213	0.00694	0.00775	0.00234	0.00947	0.00702	0.00382	0.01196
47	0.00916	0.00785	0.00785	0.00785	0.01047	0.00655	0.00589	0.01113	0.01767	0.02095	0.07855	0.07462	0.67599	0.01964	0.00916	0.00262	0.00393	0.01636	0.00720	0.00655
48	0.01962	0.02021	0.05786	0.05945	0.38474	0.04081	0.14185	0.06099	0.08622	0.02687	0.01665	0.02027	0.01318	0.00743	0.00795	0.00240	0.00987	0.00743	0.00446	0.01172
49	0.01347	0.01021	0.01217	0.01157	0.01369	0.01040	0.00862	0.10614	0.04613	0.02775	0.22605	0.25925	0.13877	0.03997	0.01069	0.00287	0.03159	0.01528	0.00747	0.00789
50	0.01188	0.00851	0.01070	0.01233	0.01300	0.00774	0.00821	0.01255	0.01620	0.02184	0.04387	0.69898	0.05191	0.02516	0.01073	0.00353	0.00532	0.02215	0.00785	0.00752
51	0.01892	0.02004	0.08031	0.04569	0.63107	0.01839	0.02416	0.02385	0.01756	0.02527	0.01453	0.01898	0.01210	0.00694	0.00765	0.00231	0.00938	0.00682	0.00380	0.01222
52	0.02955	0.02020	0.02222	0.01699	0.02320	0.02169	0.01402	0.54040	0.03357	0.13299	0.01999	0.01954	0.01391	0.00918	0.00767	0.00228	0.00814	0.00698	0.00785	0.04965
53	0.01946	0.01925	0.03129	0.07020	0.59842	0.05117	0.04867	0.02404	0.01781	0.02480	0.01447	0.01906	0.01208	0.00698	0.00771	0.00231	0.00964	0.00691	0.00383	0.01191
54	0.06297	0.02312	0.02228	0.01767	0.02343	0.10986	0.01436	0.51424	0.06496	0.04357	0.01806	0.01826	0.01308	0.00910	0.00753	0.00230	0.00900	0.00669	0.00715	0.01238
55	0.01128	0.00752	0.00846	0.00846	0.00846	0.00752	0.00470	0.01128	0.01128	0.01503	0.02443	0.05074	0.02819	0.72751	0.03946	0.00752	0.00752	0.01128	0.00470	0.00470
56	0.01123	0.00808	0.00985	0.00931	0.01152	0.00722	0.00702	0.01434	0.02064	0.05023	0.46906	0.06200	0.25730	0.01681	0.00910	0.00249	0.00384	0.01453	0.00816	0.00728
57	0.06392	0.03361	0.02167	0.01934	0.02339	0.57210	0.01474	0.08730	0.02244	0.02246	0.01246	0.01448	0.01022	0.00833	0.00779	0.00211	0.04475	0.00522	0.00435	0.00932
58	0.01004	0.00789	0.00907	0.00877	0.01101	0.00692	0.00658	0.01282	0.01974	0.02586	0.36747	0.06653	0.38401	0.01780	0.00915	0.00253	0.00380	0.01523	0.00785	0.00692
59	0.01898	0.01620	0.01704	0.01525	0.01958	0.01851	0.01189	0.06839	0.58360	0.03232	0.03465	0.03204	0.07472	0.01118	0.00798	0.00261	0.00608	0.00928	0.00783	0.01186
60	0.01780	0.02106	0.07383	0.03101	0.03864	0.01885	0.58116	0.02427	0.01818	0.02472	0.01721	0.02493	0.01376	0.00752	0.00917	0.00267	0.01262	0.04821	0.00410	0.01029
61	0.01274	0.00834	0.01081	0.00995	0.01216	0.00759	0.00755	0.01624	0.02170	0.08219	0.58615	0.05648	0.10716	0.01560	0.00904	0.00245	0.00391	0.01368	0.00853	0.00773
62	0.02087	0.01882	0.01834	0.01630	0.02078	0.07979	0.01269	0.08409	0.56299	0.03241	0.02889	0.02686	0.02170	0.01021	0.00780	0.00255	0.00700	0.00830	0.00753	0.01205
63	0.02947	0.02172	0.02327	0.01784	0.02404	0.02404	0.01474	0.65329	0.03646	0.04887	0.01862	0.01862	0.01319	0.00931	0.00776	0.00233	0.00853	0.00698	0.00776	0.01319
64	0.00952	0.00680	0.00906	0.01075	0.01126	0.00635	0.00720	0.01098	0.01519	0.02034	0.07328	0.69035	0.05234	0.02388	0.00986	0.00311	0.00446	0.02165	0.00726	0.00635
65	0.01347	0.00673	0.01010	0.01010	0.01010	0.00673	0.00673	0.01010	0.01010	0.01347	0.01347	0.02357	0.01347	0.02694	0.03030	0.77441	0.00673	0.00673	0.00337	0.00337
66	0.00945	0.00675	0.00900	0.01080	0.01125	0.00630	0.00720	0.01080	0.01484	0.01979	0.04274	0.72245	0.05128	0.02429	0.00990	0.00315	0.00450	0.02204	0.00720	0.00630
67	0.08181	0.01401	0.01801	0.01390	0.01984	0.01282	0.01148	0.08772	0.02280	0.59071	0.02834	0.02487	0.01801	0.00942	0.00760	0.00239	0.00672	0.00750	0.00914	0.01289
68	0.01696	0.01696	0.02375	0.02036	0.02036	0.02375	0.01696	0.01866	0.01187	0.01866	0.01018	0.01696	0.01018	0.01357	0.02545	0.00339	0.71332	0.00679	0.00339	0.00848
69	0.02896	0.03695	0.02197	0.01998	0.02397	0.69638	0.01498	0.03096	0.02197	0.01898	0.01199	0.01398	0.00999	0.00799	0.00699	0.00200	0.01398	0.00499	0.00400	0.00899
70	0.01712	0.06432	0.59366	0.02225	0.05789	0.01809	0.02676	0.02531	0.01677	0.06624	0.01488	0.01697	0.01052	0.00746	0.00731	0.00241	0.01094	0.00585	0.00370	0.01154
71	0.00927	0.00785	0.00803	0.00814	0.01066	0.00661	0.00612	0.01126	0.01759	0.02097	0.07630	0.09613	0.63742	0.01984	0.00923	0.00266	0.00404	0.03414	0.00720	0.00655
72	0.01083	0.00792	0.01016	0.00960	0.01149	0.00725	0.00720	0.01434	0.02160	0.03026	0.62605	0.05929	0.12268	0.01616	0.00915	0.00245	0.00368	0.01421	0.00843	0.00725
73	0.02137	0.01725	0.01838	0.01600	0.02071	0.01966	0.01259	0.12934	0.54884	0.06079	0.02965	0.02734	0.02198	0.01031	0.00787	0.00258	0.00650	0.00847	0.00794	0.01244
74	0.00962	0.00790	0.00849	0.00843	0.01087	0.00677	0.00638	0.01196	0.01850	0.02297	0.19165	0.07184	0.53961	0.01897	0.00921	0.00262	0.00398	0.03606	0.00745	0.00671
75	0.01575	0.03871	0.64052	0.02287	0.03407	0.01812	0.07406	0.02458	0.01651	0.02458	0.01404	0.01670	0.00996	0.00731	0.00750	0.00247	0.01158	0.00598	0.00332	0.01139
76	0.01708	0.01422	0.01983	0.36299	0.03618	0.01672	0.01665	0.04802	0.21508	0.05610	0.02332	0.07117	0.01918	0.01045	0.00808	0.00266	0.00829	0.03842	0.00566	0.00988
77	0.17618	0.33271	0.02738	0.01461	0.01981	0.23795	0.01255	0.02518	0.01751	0.02242	0.04296	0.01514	0.01267	0.00762	0.00578	0.00195	0.00941	0.00490	0.00408	0.00921
78	0.02061	0.01636	0.01757	0.01561	0.02013	0.01861	0.01220	0.04091	0.61002	0.08833	0.03148	0.02871	0.02328	0.01044	0.00788	0.00261	0.00618	0.00868	0.00804	0.01235
79	0.00960	0.00681	0.00895	0.01060	0.01101	0.00640	0.00699	0.01084	0.01454	0.01939	0.04118	0.66536	0.04932	0.08406	0.01241	0.00352	0.00475	0.02113	0.00699	0.00616
80	0.03460	0.01350	0.01818	0.01394	0.01995	0.01185	0.01152	0.06003	0.02271	0.66154	0.03016	0.02611	0.01898	0.00959	0.00780	0.00240	0.00667	0.00777	0.00953	0.01320
81	0.01671	0.01376	0.01614	0.01156	0.01842	0.01037	0.00926	0.02014	0.01628	0.04754	0.01435	0.01643	0.01174	0.00587	0.00581	0.00119	0.00577	0.00470	0.00476	0.74917
82	0.00984	0.00703	0.00945	0.01125	0.01187	0.00664	0.00788	0.01148	0.01523	0.02023	0.04252	0.64023	0.05042	0.02392	0.01000	0.00320	0.00484	0.10036	0.00719	0.00641
83	0.01183	0.00911	0.01033	0.00958	0.01207	0.00847	0.00724	0.06979	0.02092	0.02753	0.32636	0.06152	0.33274	0.04574	0.01026	0.00271	0.00437	0.01432	0.00772	0.00739
84	0.01891	0.02174	0.04318	0.03128	0.03850	0.06277	0.57998	0.02493	0.01822	0.02417	0.01519	0.02028	0.01158	0.00697	0.00980	0.00261	0.04695	0.00877	0.00390	0.01027
85	0.00945	0.00675	0.00900	0.01080	0.01125	0.00630	0.00720	0.01080	0.01484	0.01979	0.04274	0.72245	0.05128	0.02429	0.00990	0.00315	0.00450	0.02204	0.00720	0.00630
86	0.01543	0.01458	0.02468	0.59464	0.16150	0.01743	0.02192	0.02050	0.01588	0.02076	0.01392	0.02042	0.01067	0.00761	0.00774	0.00254	0.01014	0.00689	0.00351	0.00925
87	0.02896	0.03695	0.02197	0.01998	0.02397	0.69638	0.01498	0.03096	0.02197	0.01898	0.01199	0.01398	0.00999	0.00799	0.00699	0.00200	0.01398	0.00499	0.00400	0.00899
88	0.00952	0.00678	0.00898	0.01071	0.01114	0.00634	0.00710	0.01081	0.01471	0.01961	0.04203	0.69645	0.05039	0.05151	0.01104	0.00332	0.00462	0.02163	0.00710	0.00624
89	0.02073	0.73217	0.04063	0.01327	0.01990	0.03068	0.01327	0.02322	0.01575	0.01824	0.01078	0.01244	0.00995	0.00663	0.00498	0.00166	0.00829	0.00415	0.00332	0.00995
90	0.00939	0.00756	0.00837	0.00880	0.01077	0.00655	0.00636	0.01134	0.01728	0.02150	0.11993	0.24639	0.45749	0.02056	0.00936	0.00274	0.00406	0.01768	0.00731	0.00655
91	0.02947	0.02172	0.02327	0.01784	0.02404	0.02404	0.01474	0.65329	0.03646	0.04887	0.01862	0.01862	0.01319	0.00931	0.00776	0.00233	0.00853	0.00698	0.00776	0.01319
92	0.01823	0.01941	0.02003	0.01797	0.01936	0.18663	0.01436	0.02032	0.01455	0.01855	0.01370	0.02014	0.01280	0.02512	0.21570	0.00568	0.33874	0.00678	0.00376	0.00816
93	0.02896	0.03695	0.02197	0.01998	0.02397	0.69638	0.01498	0.03096	0.02197	0.01898	0.01199	0.01398	0.00999	0.00799	0.00699	0.00200	0.01398	0.00499	0.00400	0.00899
94	0.01890	0.01816	0.03081	0.07651	0.62637	0.01857	0.02344	0.02342	0.01734	0.02483	0.01438	0.01917	0.01212	0.00719	0.00834	0.00236	0.03540	0.00690	0.00380	0.01197
95	0.00916	0.00785	0.00785	0.00785	0.01047	0.00655	0.00589	0.01113	0.01767	0.02095	0.07855	0.07462	0.67599	0.01964	0.00916	0.00262	0.00393	0.01636	0.00720	0.00655
96	0.01235	0.00871	0.01085	0.01008	0.01236	0.00816	0.00764	0.01692	0.06225	0.05947	0.52968	0.05676	0.14373	0.01571	0.00901	0.00247	0.00398	0.01370	0.00837	0.00780
97	0.02615	0.03072	0.02192	0.01941	0.02274	0.48230	0.01494	0.08801	0.02112	0.02166	0.01275	0.01634	0.01101	0.03585	0.01166	0.00249	0.14177	0.00575	0.00427	0.00914
98	0.01128	0.00752	0.00846	0.00846	0.00846	0.00752	0.00470	0.01128	0.01128	0.01503	0.02443	0.05074	0.02819	0.72751	0.03946	0.00752	0.00752	0.01128	0.00470	0.00470
99	0.01608	0.01378	0.01608	0.01148	0.01837	0.01034	0.00919	0.01952	0.01608	0.02527	0.01378	0.01608	0.01148	0.00574	0.00574	0.00115	0.00574	0.00459	0.00459	0.77491
100	0.01347	0.00673	0.01010	0.01010	0.01010	0.00673	0.00673	0.01010	0.01010	0.01347	0.01347	0.02357	0.01347	0.02694	0.03030	0.77441	0.00673	0.00673	0.00337	0.00337
101	0.07242	0.03596	0.56949	0.02161	0.03213	0.01781	0.06784	0.02496	0.01649	0.05087	0.01445	0.01678	0.01021	0.00739	0.00731	0.00246	0.01098	0.00593	0.00367	0.01124
102	0.02053	0.70523	0.06580	0.01361	0.02043	0.03019	0.01387	0.02327	0.01578	0.01849	0.01090	0.01259	0.00995	0.00666	0.00507	0.00169	0.00842	0.00421	0.00332	0.01001
103	0.00945	0.00675	0.00900	0.01080	0.01125	0.00630	0.00720	0.01080	0.01484	0.01979	0.04274	0.72245	0.05128	0.02429	0.00990	0.00315	0.00450	0.02204	0.00720	0.00630
104	0.01959	0.01457	0.02446	0.15531	0.02986	0.01527	0.16364	0.02520	0.07004	0.16682	0.06348	0.07306	0.02104	0.01353	0.05593	0.00331	0.05970	0.00934	0.00587	0.00997
105	0.05730	0.03445	0.02171	0.02044	0.04810	0.61271	0.01493	0.03086	0.05174	0.02046	0.01296	0.01483	0.01066	0.00804	0.00697	0.00205	0.01312	0.00521	0.00420	0.00924
106	0.00945	0.00675	0.00900	0.01080	0.01125	0.00630	0.00720	0.01080	0.01484	0.01979	0.04274	0.72245	0.05128	0.02429	0.00990	0.00315	0.00450	0.02204	0.00720	0.00630
107	0.05820	0.01697	0.01767	0.01566	0.02021	0.01956	0.01227	0.08791	0.58363	0.03383	0.02951	0.02731	0.02209	0.01026	0.00772	0.00259	0.00632	0.00840	0.00772	0.01215
108	0.03169	0.01314	0.01742	0.01369	0.01925	0.01184	0.01119	0.03647	0.08136	0.57857	0.07597	0.02884	0.02340	0.01012	0.00790	0.00242	0.00635	0.00832	0.00936	0.01270
109	0.00950	0.00679	0.00904	0.01076	0.01126	0.00633	0.00720	0.01092	0.01508	0.02017	0.06371	0.70041	0.05201	0.02401	0.00987	0.00313	0.00447	0.02178	0.00724	0.00633
110	0.01830	0.02092	0.04575	0.03268	0.04052	0.01961	0.65098	0.02484	0.01830	0.02484	0.01569	0.02092	0.01176	0.00654	0.00915	0.00261	0.01307	0.00915	0.00392	0.01046
111	0.00945	0.00675	0.00900	0.01080	0.01125	0.00630	0.00720	0.01080	0.01484	0.01979	0.04274	0.72245	0.05128	0.02429	0.00990	0.00315	0.00450	0.02204	0.00720	0.00630
112	0.00945	0.00675	0.00900	0.01080	0.01125	0.00630	0.00720	0.01080	0.01484	0.01979	0.04274	0.72245	0.05128	0.02429	0.00990	0.00315	0.00450	0.02204	0.00720	0.00630
113	0.01919	0.01842	0.03147	0.04759	0.67914	0.01842	0.02380	0.02380	0.01765	0.02533	0.01458	0.01919	0.01228	0.00691	0.00768	0.00230	0.00921	0.00691	0.00384	0.01228
114	0.01249	0.00892	0.01249	0.01428	0.01606	0.00892	0.01249	0.01606	0.01785	0.02320	0.04105	0.08746	0.04462	0.02142	0.01071	0.00357	0.00714	0.62695	0.00714	0.00714
115	0.02896	0.03695	0.02197	0.01998	0.02397	0.69638	0.01498	0.03096	0.02197	0.01898	0.01199	0.01398	0.00999	0.00799	0.00699	0.00200	0.01398	0.00499	0.00400	0.00899
116	0.02790	0.03517	0.02213	0.02001	0.02365	0.63651	0.01516	0.02987	0.02107	0.01895	0.01182	0.01425	0.01000	0.00849	0.00863	0.00212	0.07622	0.00515	0.00394	0.00894
117	0.02896	0.03695	0.02197	0.01998	0.02397	0.69638	0.01498	0.03096	0.02197	0.01898	0.01199	0.01398	0.00999	0.00799	0.00699	0.00200	0.01398	0.00499	0.00400	0.00899
118	0.01579	0.07143	0.65807	0.02170	0.03294	0.01858	0.02795	0.02449	0.01634	0.02427	0.01377	0.01619	0.00983	0.00733	0.00726	0.00242	0.01132	0.00566	0.00328	0.01139
119	0.01249	0.00892	0.01249	0.01428	0.01606	0.00892	0.01249	0.01606	0.01785	0.02320	0.04105	0.08746	0.04462	0.02142	0.01071	0.00357	0.00714	0.62695	0.00714	0.00714
120	0.01154	0.00807	0.01026	0.00968	0.01172	0.00733	0.00727	0.01487	0.02114	0.05296	0.55021	0.08147	0.15151	0.01642	0.00912	0.00249	0.00383	0.01438	0.00835	0.00739
121	0.02801	0.02980	0.02182	0.01875	0.02335	0.41750	0.01456	0.24766	0.02644	0.02937	0.01486	0.01665	0.01170	0.01164	0.05105	0.00278	0.01251	0.00590	0.00532	0.01033
122	0.00942	0.00686	0.00889	0.01051	0.01117	0.00632	0.00707	0.01083	0.01512	0.01991	0.04624	0.65907	0.11240	0.02384	0.00982	0.00310	0.00444	0.02149	0.00720	0.00632
123	0.01608	0.01378	0.01608	0.01148	0.01837	0.01034	0.00919	0.01952	0.01608	0.02527	0.01378	0.01608	0.01148	0.00574	0.00574	0.00115	0.00574	0.00459	0.00459	0.77491
124	0.01898	0.01820	0.03109	0.07871	0.64969	0.01837	0.02369	0.02361	0.01755	0.02507	0.01455	0.01926	0.01219	0.00695	0.00768	0.00232	0.00926	0.00691	0.00382	0.01211
125	0.02147	0.66972	0.03895	0.01387	0.02027	0.09048	0.01342	0.02391	0.01631	0.01831	0.01089	0.01258	0.00995	0.00676	0.00516	0.00169	0.00880	0.00422	0.00338	0.00986
126	0.03405	0.01336	0.01797	0.01389	0.01981	0.01177	0.01144	0.03795	0.05297	0.65330	0.03064	0.02651	0.01941	0.00964	0.00780	0.00241	0.00658	0.00784	0.00951	0.01315
127	0.01128	0.00752	0.00846	0.00846	0.00846	0.00752	0.00470	0.01128	0.01128	0.01503	0.02443	0.05074	0.02819	0.72751	0.03946	0.00752	0.00752	0.01128	0.00470	0.00470
128	0.02747	0.01917	0.02104	0.01668	0.02226	0.02090	0.01357	0.46509	0.11490	0.11529	0.02315	0.06550	0.01763	0.01045	0.00791	0.00243	0.00775	0.00826	0.00794	0.01263
129	0.02210	0.02256	0.01882	0.01700	0.02127	0.21618	0.01306	0.03822	0.47811	0.02852	0.02587	0.02458	0.01969	0.00978	0.00763	0.00245	0.00842	0.00767	0.00676	0.01132
130	0.00945	0.00675	0.00900	0.01080	0.01125	0.00630	0.00720	0.01080	0.01484	0.01979	0.04274	0.72245	0.05128	0.02429	0.00990	0.00315	0.00450	0.02204	0.00720	0.00630
131	0.02006	0.01813	0.03072	0.04571	0.64242	0.01803	0.02311	0.02458	0.01791	0.06204	0.01548	0.01959	0.01267	0.00706	0.00768	0.00231	0.00907	0.00696	0.00416	0.01233
132	0.01993	0.62483	0.14093	0.01464	0.02202	0.02871	0.01565	0.02342	0.01585	0.01922	0.01127	0.01305	0.00993	0.00675	0.00535	0.00178	0.00878	0.00439	0.00331	0.01018
133	0.00945	0.00675	0.00900	0.01080	0.01125	0.00630	0.00720	0.01080	0.01484	0.01979	0.04274	0.72245	0.05128	0.02429	0.00990	0.00315	0.00450	0.02204	0.00720	0.00630
134	0.01464	0.01378	0.02326	0.70887	0.05340	0.01723	0.02153	0.01981	0.01550	0.01981	0.01378	0.02067	0.01034	0.00775	0.00775	0.00258	0.01034	0.00689	0.00345	0.00861
135	0.02947	0.02172	0.02327	0.01784	0.02404	0.02404	0.01474	0.65329	0.03646	0.04887	0.01862	0.01862	0.01319	0.00931	0.00776	0.00233	0.00853	0.00698	0.00776	0.01319
136	0.00976	0.00706	0.00923	0.01043	0.01128	0.00653	0.00716	0.01164	0.01651	0.02227	0.18013	0.54756	0.08719	0.02225	0.00970	0.00297	0.00429	0.02004	0.00748	0.00653
137	0.01464	0.01378	0.02326	0.70887	0.05340	0.01723	0.02153	0.01981	0.01550	0.01981	0.01378	0.02067	0.01034	0.00775	0.00775	0.00258	0.01034	0.00689	0.00345	0.00861
138	0.00916	0.00785	0.00785	0.00785	0.01047	0.00655	0.00589	0.01113	0.01767	0.02095	0.07855	0.07462	0.67599	0.01964	0.00916	0.00262	0.00393	0.01636	0.00720	0.00655
139	0.02896	0.03695	0.02197	0.01998	0.02397	0.69638	0.01498	0.03096	0.02197	0.01898	0.01199	0.01398	0.00999	0.00799	0.00699	0.00200	0.01398	0.00499	0.00400	0.00899
140	0.02840	0.03601	0.02206	0.01999	0.02380	0.66473	0.01507	0.03038	0.02150	0.01896	0.01190	0.01412	0.01000	0.00825	0.00786	0.00206	0.04689	0.00508	0.00397	0.00896
141	0.02896	0.03695	0.02197	0.01998	0.02397	0.69638	0.01498	0.03096	0.02197	0.01898	0.01199	0.01398	0.00999	0.00799	0.00699	0.00200	0.01398	0.00499	0.00400	0.00899
142	0.01851	0.01772	0.03023	0.14718	0.58490	0.01824	0.02346	0.02320	0.01733	0.02450	0.01446	0.01941	0.01199	0.00704	0.00769	0.00235	0.00938	0.00691	0.00378	0.01173
143	0.01128	0.00752	0.00846	0.00846	0.00846	0.00752	0.00470	0.01128	0.01128	0.01503	0.02443	0.05074	0.02819	0.72751	0.03946	0.00752	0.00752	0.01128	0.00470	0.00470
144	0.01961	0.01682	0.01772	0.01585	0.02029	0.01944	0.01235	0.06090	0.64490	0.03296	0.03114	0.02860	0.02333	0.01048	0.00789	0.00262	0.00621	0.00871	0.00789	0.01230
145	0.01929	0.01666	0.01753	0.01578	0.02016	0.01929	0.01227	0.04120	0.66513	0.03243	0.03156	0.02893	0.02367	0.01052	0.00789	0.00263	0.00614	0.00877	0.00789	0.01227
146	0.00923	0.00786	0.00795	0.00793	0.01052	0.00658	0.00595	0.01126	0.01784	0.02134	0.10177	0.07397	0.65253	0.01949	0.00916	0.00261	0.00392	0.01627	0.00725	0.00658
147	0.01332	0.00891	0.01147	0.01063	0.01293	0.00845	0.00816	0.01809	0.06262	0.07895	0.55900	0.05505	0.06480	0.01530	0.00903	0.00250	0.00418	0.04004	0.00851	0.00806
148	0.01699	0.02808	0.30129	0.07183	0.05845	0.01878	0.34178	0.02437	0.01733	0.02442	0.01482	0.01902	0.01091	0.00696	0.00830	0.00254	0.01213	0.00756	0.00363	0.01080
149	0.75263	0.04291	0.01253	0.01032	0.01519	0.01791	0.00859	0.02281	0.01330	0.03414	0.01080	0.01259	0.00846	0.00718	0.00481	0.00237	0.00609	0.00420	0.00474	0.00846
150	0.01929	0.01666	0.01753	0.01578	0.02016	0.01929	0.01227	0.04120	0.66513	0.03243	0.03156	0.02893	0.02367	0.01052	0.00789	0.00263	0.00614	0.00877	0.00789	0.01227
151	0.01128	0.00752	0.00846	0.00846	0.00846	0.00752	0.00470	0.01128	0.01128	0.01503	0.02443	0.05074	0.02819	0.72751	0.03946	0.00752	0.00752	0.01128	0.00470	0.00470
152	0.02510	0.22409	0.06971	0.01670	0.02292	0.05416	0.01499	0.32027	0.07342	0.05680	0.01688	0.01748	0.01279	0.00861	0.00752	0.00219	0.03246	0.00616	0.00597	0.01175
153	0.03213	0.01498	0.01886	0.01455	0.02053	0.01412	0.01196	0.15048	0.06036	0.50234	0.02770	0.02465	0.01800	0.00943	0.00770	0.00234	0.00689	0.00756	0.00894	0.04647
154	0.00945	0.00675	0.00900	0.01080	0.01125	0.00630	0.00720	0.01080	0.01484	0.01979	0.04274	0.72245	0.05128	0.02429	0.00990	0.00315	0.00450	0.02204	0.00720	0.00630

[dist]
# distance from previous block
# <min> <max>
0	1

[block]
# block no. 2 follows, 25 sequences, length 28
# corresponding to MSA columns:
# 194-221
name=unknown_C
#
# <colnr> <probs for GDERKNQSTAVLIFYWHMCP>
#	G	D	E	R	K	N	Q	S	T	A	V	L	I	F	Y	W	H	M	C	P
0	0.03030	0.01920	0.02156	0.01666	0.02271	0.02046	0.01372	0.45745	0.06805	0.21466	0.02248	0.02123	0.01535	0.00945	0.00777	0.00236	0.00789	0.00730	0.00825	0.01314
1	0.01206	0.00861	0.01199	0.01378	0.01538	0.00855	0.01174	0.01531	0.01742	0.02272	0.04129	0.17819	0.04557	0.02183	0.01059	0.00351	0.00676	0.54052	0.00715	0.00702
2	0.02710	0.01995	0.02162	0.01680	0.02245	0.02190	0.01379	0.57143	0.03460	0.04659	0.10275	0.02365	0.02087	0.01015	0.00793	0.00234	0.00791	0.00788	0.00786	0.01243
3	0.01696	0.01696	0.02375	0.02036	0.02036	0.02375	0.01696	0.01866	0.01187	0.01866	0.01018	0.01696	0.01018	0.01357	0.02545	0.00339	0.71332	0.00679	0.00339	0.00848
4	0.00945	0.00675	0.00900	0.01080	0.01125	0.00630	0.00720	0.01080	0.01484	0.01979	0.04274	0.72245	0.05128	0.02429	0.00990	0.00315	0.00450	0.02204	0.00720	0.00630
5	0.01830	0.02092	0.04575	0.03268	0.04052	0.01961	0.65098	0.02484	0.01830	0.02484	0.01569	0.02092	0.01176	0.00654	0.00915	0.00261	0.01307	0.00915	0.00392	0.01046
6	0.00916	0.00785	0.00785	0.00785	0.01047	0.00655	0.00589	0.01113	0.01767	0.02095	0.07855	0.07462	0.67599	0.01964	0.00916	0.00262	0.00393	0.01636	0.00720	0.00655
7	0.01144	0.00819	0.01053	0.01039	0.01089	0.00897	0.00700	0.01250	0.01173	0.01625	0.02252	0.04206	0.02428	0.45749	0.27497	0.00912	0.04154	0.01002	0.00445	0.00565
8	0.02858	0.02955	0.02303	0.01945	0.02416	0.40813	0.03976	0.19629	0.02524	0.07785	0.01523	0.01657	0.01162	0.00866	0.00818	0.00220	0.04366	0.00598	0.00539	0.01046
9	0.02896	0.03695	0.02197	0.01998	0.02397	0.69638	0.01498	0.03096	0.02197	0.01898	0.01199	0.01398	0.00999	0.00799	0.00699	0.00200	0.01398	0.00499	0.00400	0.00899
10	0.01608	0.01378	0.01608	0.01148	0.01837	0.01034	0.00919	0.01952	0.01608	0.02527	0.01378	0.01608	0.01148	0.00574	0.00574	0.00115	0.00574	0.00459	0.00459	0.77491
11	0.01128	0.00752	0.00846	0.00846	0.00846	0.00752	0.00470	0.01128	0.01128	0.01503	0.02443	0.05074	0.02819	0.72751	0.03946	0.00752	0.00752	0.01128	0.00470	0.00470
12	0.02106	0.04607	0.02033	0.01830	0.07725	0.01971	0.01340	0.19189	0.36205	0.03484	0.05989	0.02831	0.05151	0.01042	0.00784	0.00248	0.00688	0.00857	0.00732	0.01191
13	0.01445	0.00723	0.00723	0.00723	0.00903	0.00723	0.00542	0.01807	0.01626	0.02891	0.02529	0.02891	0.01987	0.00903	0.00542	0.00181	0.00361	0.00723	0.77055	0.00723
14	0.02947	0.02172	0.02327	0.01784	0.02404	0.02404	0.01474	0.65329	0.03646	0.04887	0.01862	0.01862	0.01319	0.00931	0.00776	0.00233	0.00853	0.00698	0.00776	0.01319
15	0.01445	0.00723	0.00723	0.00723	0.00903	0.00723	0.00542	0.01807	0.01626	0.02891	0.02529	0.02891	0.01987	0.00903	0.00542	0.00181	0.00361	0.00723	0.77055	0.00723
16	0.02584	0.02325	0.02464	0.09361	0.10204	0.16793	0.04937	0.29817	0.05474	0.05917	0.01709	0.01875	0.01270	0.00851	0.00766	0.00231	0.01004	0.00675	0.00593	0.01152
17	0.00945	0.00675	0.00900	0.01080	0.01125	0.00630	0.00720	0.01080	0.01484	0.01979	0.04274	0.72245	0.05128	0.02429	0.00990	0.00315	0.00450	0.02204	0.00720	0.00630
18	0.01598	0.07805	0.61929	0.02213	0.03313	0.01880	0.05853	0.02449	0.01643	0.02421	0.01383	0.01637	0.00993	0.00728	0.00732	0.00242	0.01136	0.00581	0.00331	0.01132
19	0.01347	0.00673	0.01010	0.01010	0.01010	0.00673	0.00673	0.01010	0.01010	0.01347	0.01347	0.02357	0.01347	0.02694	0.03030	0.77441	0.00673	0.00673	0.00337	0.00337
20	0.00995	0.00711	0.00958	0.01137	0.01204	0.00673	0.00807	0.01167	0.01534	0.02036	0.04246	0.61727	0.05018	0.02382	0.01003	0.00322	0.00494	0.12224	0.00719	0.00644
21	0.01499	0.01413	0.02388	0.65849	0.10107	0.01732	0.02171	0.02011	0.01567	0.02023	0.01384	0.02056	0.01048	0.00769	0.00775	0.00256	0.01025	0.00689	0.00348	0.00889
22	0.02050	0.70091	0.06985	0.01367	0.02052	0.03011	0.01396	0.02328	0.01578	0.01853	0.01092	0.01262	0.00994	0.00667	0.00508	0.00169	0.00843	0.00422	0.00331	0.01002
23	0.01324	0.00689	0.01033	0.01033	0.01047	0.00702	0.00702	0.01047	0.01033	0.01391	0.01418	0.02424	0.01404	0.02997	0.09510	0.70033	0.00810	0.00689	0.00344	0.00371
24	0.00916	0.00785	0.00785	0.00785	0.01047	0.00655	0.00589	0.01113	0.01767	0.02095	0.07855	0.07462	0.67599	0.01964	0.00916	0.00262	0.00393	0.01636	0.00720	0.00655
25	0.02268	0.01684	0.05922	0.04891	0.02208	0.01660	0.01333	0.12984	0.27892	0.17606	0.02869	0.10619	0.02277	0.01140	0.00804	0.00258	0.00695	0.00954	0.00766	0.01170
26	0.09536	0.05815	0.09344	0.02196	0.12456	0.01947	0.06411	0.03268	0.34658	0.02939	0.02265	0.02295	0.01726	0.00878	0.00743	0.00248	0.00781	0.00748	0.00591	0.01154
27	0.02330	0.01845	0.01919	0.01620	0.02110	0.04703	0.01287	0.23090	0.37678	0.07213	0.05771	0.02636	0.02198	0.01025	0.00787	0.00249	0.00711	0.00826	0.00781	0.01224

[dist]
# distance from previous block
# <min> <max>
0	2

[block]
# block no. 3 follows, 25 sequences, length 65
# corresponding to MSA columns:
# 224-288
name=unknown_D
#
# <colnr> <probs for GDERKNQSTAVLIFYWHMCP>
#	G	D	E	R	K	N	Q	S	T	A	V	L	I	F	Y	W	H	M	C	P
0	0.01999	0.01858	0.03007	0.04353	0.59194	0.01891	0.02246	0.07356	0.05489	0.02755	0.01583	0.01968	0.01298	0.00729	0.00769	0.00232	0.00899	0.00702	0.00437	0.01235
1	0.00916	0.00785	0.00785	0.00785	0.01047	0.00655	0.00589	0.01113	0.01767	0.02095	0.07855	0.07462	0.67599	0.01964	0.00916	0.00262	0.00393	0.01636	0.00720	0.00655
2	0.02971	0.02134	0.02304	0.01766	0.02386	0.02349	0.01459	0.62626	0.03583	0.07677	0.01914	0.01896	0.01345	0.00932	0.00776	0.00233	0.00845	0.00702	0.00784	0.01319
3	0.01037	0.00790	0.00953	0.00912	0.01121	0.00706	0.00684	0.01346	0.02052	0.02771	0.47636	0.06348	0.27396	0.01711	0.00915	0.00250	0.00375	0.01480	0.00809	0.00706
4	0.01608	0.01378	0.01608	0.01148	0.01837	0.01034	0.00919	0.01952	0.01608	0.02527	0.01378	0.01608	0.01148	0.00574	0.00574	0.00115	0.00574	0.00459	0.00459	0.77491
5	0.01639	0.15235	0.58244	0.02067	0.03134	0.02006	0.02615	0.02434	0.01627	0.02353	0.01341	0.01573	0.00984	0.00725	0.00698	0.00233	0.01095	0.00547	0.00328	0.01121
6	0.01684	0.01693	0.03028	0.02184	0.02888	0.01468	0.32376	0.02170	0.01711	0.02479	0.01614	0.05315	0.01358	0.00704	0.00762	0.00197	0.00927	0.00768	0.00439	0.36235
7	0.07063	0.07554	0.06077	0.02163	0.07875	0.44079	0.04341	0.02953	0.06781	0.02196	0.01377	0.01578	0.01116	0.00786	0.00697	0.00212	0.01199	0.00555	0.00423	0.00973
8	0.02560	0.02371	0.02203	0.01833	0.02315	0.22469	0.05751	0.26204	0.08588	0.06408	0.02090	0.09819	0.01768	0.01053	0.00788	0.00237	0.00973	0.00843	0.00639	0.01086
9	0.00933	0.00786	0.00809	0.00803	0.01058	0.00662	0.00603	0.01146	0.01808	0.02191	0.13496	0.07304	0.61899	0.01928	0.00916	0.00260	0.00390	0.01614	0.00733	0.00662
10	0.01708	0.01111	0.01696	0.04914	0.01934	0.01059	0.08565	0.04857	0.01977	0.15283	0.20969	0.22982	0.04244	0.01540	0.00902	0.00270	0.00626	0.03729	0.00748	0.00886
11	0.01445	0.00723	0.00723	0.00723	0.00903	0.00723	0.00542	0.01807	0.01626	0.02891	0.02529	0.02891	0.01987	0.00903	0.00542	0.00181	0.00361	0.00723	0.77055	0.00723
12	0.01697	0.14292	0.55893	0.02068	0.03106	0.05271	0.02570	0.02467	0.01655	0.02335	0.01335	0.01567	0.00985	0.00729	0.00699	0.00231	0.01111	0.00546	0.00332	0.01112
13	0.02888	0.01491	0.01815	0.01469	0.02003	0.01485	0.01186	0.12642	0.17896	0.39825	0.02976	0.06434	0.02117	0.01059	0.00793	0.00249	0.00665	0.00870	0.00879	0.01259
14	0.01608	0.01378	0.01608	0.01148	0.01837	0.01034	0.00919	0.01952	0.01608	0.02527	0.01378	0.01608	0.01148	0.00574	0.00574	0.00115	0.00574	0.00459	0.00459	0.77491
15	0.02126	0.05528	0.39605	0.01928	0.02827	0.01855	0.02179	0.13095	0.07677	0.12929	0.01864	0.01921	0.01300	0.00827	0.00746	0.00241	0.00967	0.00646	0.00537	0.01202
16	0.01734	0.07703	0.02621	0.02035	0.02128	0.02413	0.04674	0.01933	0.01250	0.01892	0.01049	0.01677	0.01023	0.01266	0.02296	0.00321	0.62106	0.00668	0.00341	0.00870
17	0.00952	0.00681	0.00907	0.01074	0.01126	0.00635	0.00720	0.01099	0.01520	0.02036	0.07444	0.68913	0.05238	0.02387	0.00986	0.00311	0.00446	0.02164	0.00726	0.00635
18	0.01972	0.01971	0.03004	0.09347	0.57590	0.07786	0.02286	0.02413	0.01788	0.02437	0.01430	0.01884	0.01194	0.00707	0.00762	0.00230	0.00971	0.00674	0.00382	0.01172
19	0.78228	0.01499	0.01140	0.01020	0.01499	0.01739	0.00840	0.02279	0.01320	0.03479	0.01080	0.01260	0.00840	0.00720	0.00480	0.00240	0.00600	0.00420	0.00480	0.00840
20	0.01648	0.01232	0.01418	0.01293	0.01619	0.01307	0.01002	0.05188	0.28283	0.07196	0.27012	0.07769	0.06692	0.01381	0.00859	0.00259	0.00523	0.03520	0.00814	0.00984
21	0.01343	0.01501	0.12003	0.01648	0.02020	0.01140	0.08542	0.05163	0.01759	0.02375	0.03336	0.30050	0.03625	0.01795	0.00955	0.00306	0.00758	0.20237	0.00623	0.00821
22	0.01090	0.00787	0.01030	0.00980	0.01157	0.00727	0.00731	0.01445	0.02161	0.03056	0.64504	0.08946	0.07212	0.01625	0.00918	0.00247	0.00370	0.01440	0.00847	0.00727
23	0.02013	0.01534	0.01686	0.01487	0.01914	0.01698	0.01174	0.09750	0.43081	0.08861	0.09270	0.03497	0.05358	0.01169	0.00817	0.00261	0.00614	0.03863	0.00802	0.01151
24	0.02235	0.02316	0.02782	0.03480	0.37633	0.19355	0.05123	0.09363	0.02072	0.02598	0.01569	0.04983	0.01353	0.00822	0.00768	0.00228	0.01035	0.00722	0.00446	0.01117
25	0.01104	0.00860	0.01031	0.01094	0.01314	0.00806	0.00885	0.01461	0.04642	0.02317	0.11486	0.10727	0.32457	0.01979	0.00972	0.00299	0.00524	0.24602	0.00733	0.00708
26	0.01608	0.01378	0.01608	0.01148	0.01837	0.01034	0.00919	0.01952	0.01608	0.02527	0.01378	0.01608	0.01148	0.00574	0.00574	0.00115	0.00574	0.00459	0.00459	0.77491
27	0.01915	0.01855	0.03218	0.04686	0.64769	0.01848	0.05469	0.02385	0.01769	0.02531	0.01464	0.01928	0.01226	0.00689	0.00775	0.00232	0.00940	0.00702	0.00384	0.01219
28	0.00962	0.00687	0.00919	0.01099	0.01151	0.00644	0.00749	0.01109	0.01501	0.01998	0.04264	0.68736	0.05091	0.02413	0.00994	0.00317	0.00464	0.05547	0.00719	0.00634
29	0.01933	0.28157	0.14724	0.01772	0.02424	0.04926	0.08762	0.08512	0.05090	0.02537	0.09329	0.02120	0.01871	0.00865	0.00771	0.00220	0.03808	0.00682	0.00469	0.01029
30	0.01445	0.00723	0.00723	0.00723	0.00903	0.00723	0.00542	0.01807	0.01626	0.02891	0.02529	0.02891	0.01987	0.00903	0.00542	0.00181	0.00361	0.00723	0.77055	0.00723
31	0.01627	0.02242	0.19807	0.12096	0.19755	0.01688	0.16314	0.02227	0.01743	0.02453	0.07364	0.05582	0.01845	0.00866	0.00817	0.00250	0.01009	0.00845	0.00423	0.01045
32	0.03197	0.01268	0.01718	0.01340	0.01899	0.01095	0.01095	0.03494	0.02167	0.60388	0.06126	0.05782	0.02291	0.01041	0.00789	0.00239	0.00634	0.00861	0.00929	0.03648
33	0.01608	0.01378	0.01608	0.01148	0.01837	0.01034	0.00919	0.01952	0.01608	0.02527	0.01378	0.01608	0.01148	0.00574	0.00574	0.00115	0.00574	0.00459	0.00459	0.77491
34	0.01995	0.01586	0.01656	0.01450	0.01876	0.04077	0.01136	0.10849	0.38156	0.07853	0.09392	0.03528	0.10697	0.01184	0.00811	0.00254	0.00624	0.00977	0.00783	0.01117
35	0.01074	0.00786	0.01007	0.00963	0.01147	0.00720	0.00718	0.01413	0.02121	0.02962	0.59026	0.09207	0.12638	0.01661	0.00918	0.00249	0.00372	0.01463	0.00835	0.00720
36	0.02290	0.01853	0.02020	0.01796	0.05149	0.02094	0.01367	0.25783	0.41240	0.03795	0.02619	0.02482	0.01943	0.00992	0.00783	0.00251	0.00713	0.00805	0.00766	0.01260
37	0.00926	0.00786	0.00799	0.00796	0.01053	0.00659	0.00597	0.01132	0.01791	0.02151	0.11151	0.07370	0.64268	0.01943	0.00916	0.00261	0.00391	0.01623	0.00727	0.00659
38	0.02065	0.01809	0.01893	0.01769	0.05257	0.04911	0.01318	0.09678	0.54745	0.03303	0.02868	0.02685	0.02155	0.01012	0.00783	0.00256	0.00685	0.00835	0.00751	0.01222
39	0.01218	0.00929	0.01331	0.01290	0.01436	0.01092	0.01004	0.04175	0.01342	0.01923	0.02032	0.03023	0.01907	0.08565	0.60190	0.01133	0.05433	0.00831	0.00430	0.00717
40	0.01778	0.02108	0.07259	0.03085	0.03825	0.01920	0.57186	0.02403	0.01782	0.02438	0.01642	0.04743	0.01313	0.00754	0.00977	0.00266	0.04157	0.00939	0.00400	0.01026
41	0.01608	0.01378	0.01608	0.01148	0.01837	0.01034	0.00919	0.01952	0.01608	0.02527	0.01378	0.01608	0.01148	0.00574	0.00574	0.00115	0.00574	0.00459	0.00459	0.77491
42	0.02740	0.16864	0.02551	0.01870	0.02320	0.57028	0.01466	0.02949	0.02079	0.01884	0.01176	0.01369	0.00998	0.00773	0.00661	0.00193	0.01290	0.00483	0.00387	0.00917
