[name]
unknown

[dist]
# distance from previous block
# <min> <max>
5	52

[block]
# block no. 0 follows, 24 sequences, length 77
# corresponding to MSA columns:
# 61-137
name=unknown_A
#
# <colnr> <probs for GDERKNQSTAVLIFYWHMCP>
#	G	D	E	R	K	N	Q	S	T	A	V	L	I	F	Y	W	H	M	C	P
0	0.02169	0.01796	0.03013	0.04109	0.51421	0.01745	0.05217	0.02620	0.01867	0.11874	0.01726	0.02060	0.01350	0.00738	0.00784	0.00232	0.00905	0.00719	0.00481	0.05175
1	0.02069	0.01603	0.01852	0.01407	0.02017	0.01495	0.01136	0.17049	0.04902	0.06695	0.01788	0.04399	0.01455	0.00829	0.00781	0.00180	0.04427	0.00642	0.00592	0.44680
2	0.01540	0.01485	0.02562	0.61240	0.05173	0.01817	0.07061	0.02060	0.01588	0.02060	0.01405	0.02095	0.01068	0.00816	0.00903	0.00269	0.04885	0.00722	0.00356	0.00895
3	0.01142	0.00771	0.00862	0.00862	0.00876	0.00764	0.00487	0.01152	0.01187	0.01569	0.02785	0.05316	0.06195	0.68501	0.03876	0.00743	0.00750	0.01180	0.00494	0.00490
4	0.01030	0.00739	0.00977	0.01061	0.01164	0.00687	0.00741	0.01265	0.01815	0.02497	0.29886	0.44751	0.06160	0.02131	0.00981	0.00292	0.00425	0.01919	0.00792	0.00687
5	0.01039	0.00773	0.00968	0.00992	0.01152	0.00702	0.00716	0.01309	0.01942	0.02631	0.36624	0.25978	0.18346	0.01956	0.00959	0.00275	0.00405	0.01727	0.00805	0.00702
6	0.00966	0.00690	0.00920	0.01104	0.01150	0.00644	0.00736	0.01104	0.01518	0.02024	0.04371	0.71614	0.05245	0.02484	0.01012	0.00322	0.00460	0.02254	0.00736	0.00644
7	0.01134	0.00845	0.01252	0.01252	0.01386	0.00979	0.00964	0.01402	0.01268	0.01825	0.02144	0.03227	0.02031	0.09507	0.65496	0.01247	0.02051	0.00866	0.00428	0.00696
8	0.77733	0.01534	0.01166	0.01043	0.01534	0.01779	0.00859	0.02331	0.01350	0.03558	0.01104	0.01288	0.00859	0.00736	0.00491	0.00245	0.00613	0.00429	0.00491	0.00859
9	0.03014	0.02221	0.02380	0.01825	0.02459	0.02459	0.01507	0.64541	0.03728	0.04998	0.01904	0.01904	0.01349	0.00952	0.00793	0.00238	0.00873	0.00714	0.00793	0.01349
10	0.01872	0.02139	0.04679	0.03342	0.04144	0.02005	0.64305	0.02540	0.01872	0.02540	0.01604	0.02139	0.01203	0.00668	0.00936	0.00267	0.01337	0.00936	0.00401	0.01070
11	0.01809	0.01727	0.02941	0.26467	0.46786	0.01844	0.02357	0.02299	0.01733	0.02404	0.01464	0.02013	0.01190	0.00735	0.00788	0.00245	0.00980	0.00706	0.00379	0.01132
12	0.77733	0.01534	0.01166	0.01043	0.01534	0.01779	0.00859	0.02331	0.01350	0.03558	0.01104	0.01288	0.00859	0.00736	0.00491	0.00245	0.00613	0.00429	0.00491	0.00859
13	0.01872	0.02139	0.04679	0.03342	0.04144	0.02005	0.64305	0.02540	0.01872	0.02540	0.01604	0.02139	0.01203	0.00668	0.00936	0.00267	0.01337	0.00936	0.00401	0.01070
14	0.03558	0.01350	0.01840	0.01411	0.02024	0.01166	0.01166	0.03865	0.02270	0.67734	0.03128	0.02699	0.01963	0.00981	0.00797	0.00245	0.00675	0.00797	0.00981	0.01350
15	0.01870	0.02192	0.07068	0.03454	0.10539	0.01986	0.55542	0.02528	0.01857	0.02544	0.01586	0.02102	0.01201	0.00676	0.00913	0.00263	0.01290	0.00898	0.00398	0.01093
16	0.03096	0.02091	0.02299	0.01763	0.02394	0.02266	0.01456	0.55482	0.03511	0.14364	0.02087	0.02023	0.01440	0.00956	0.00794	0.00239	0.00843	0.00726	0.00821	0.01349
17	0.00937	0.00803	0.00803	0.00803	0.01071	0.00669	0.00602	0.01138	0.01807	0.02142	0.08033	0.07632	0.66863	0.02008	0.00937	0.00268	0.00402	0.01674	0.00736	0.00669
18	0.03558	0.01350	0.01840	0.01411	0.02024	0.01166	0.01166	0.03865	0.02270	0.67734	0.03128	0.02699	0.01963	0.00981	0.00797	0.00245	0.00675	0.00797	0.00981	0.01350
19	0.01590	0.04102	0.68023	0.02260	0.03432	0.01842	0.02930	0.02511	0.01674	0.02511	0.01423	0.01674	0.01005	0.00753	0.00753	0.00251	0.01172	0.00586	0.00335	0.01172
20	0.48647	0.02414	0.23442	0.01564	0.02296	0.01811	0.04824	0.02401	0.01484	0.03159	0.01235	0.01460	0.00925	0.00738	0.00601	0.00248	0.00835	0.00507	0.00435	0.00973
21	0.00953	0.00798	0.00829	0.00834	0.01084	0.00674	0.00621	0.01164	0.01827	0.02217	0.12413	0.10807	0.59058	0.02003	0.00941	0.00269	0.00403	0.01685	0.00747	0.00674
22	0.07003	0.01293	0.01655	0.04247	0.01969	0.01207	0.01100	0.06159	0.02150	0.46967	0.02793	0.02608	0.01849	0.00949	0.00737	0.00235	0.00642	0.00760	0.14483	0.01194
23	0.01755	0.23341	0.46524	0.02064	0.03077	0.02217	0.05841	0.02474	0.01667	0.02331	0.01342	0.01586	0.01019	0.00728	0.00694	0.00229	0.01089	0.00559	0.00340	0.01123
24	0.01813	0.06537	0.35692	0.02635	0.03605	0.01947	0.28496	0.02571	0.01778	0.05105	0.01552	0.01890	0.01127	0.00723	0.00820	0.00254	0.01205	0.00733	0.00389	0.01129
25	0.03558	0.01350	0.01840	0.01411	0.02024	0.01166	0.01166	0.03865	0.02270	0.67734	0.03128	0.02699	0.01963	0.00981	0.00797	0.00245	0.00675	0.00797	0.00981	0.01350
26	0.06083	0.08039	0.38564	0.02036	0.02963	0.01822	0.07769	0.02832	0.04759	0.15012	0.01809	0.01922	0.01264	0.00798	0.00749	0.00246	0.01014	0.00652	0.00495	0.01173
27	0.05411	0.11215	0.50137	0.02208	0.05358	0.01994	0.05064	0.02558	0.04388	0.02530	0.01459	0.01695	0.01076	0.00753	0.00725	0.00243	0.01085	0.00592	0.00368	0.01142
28	0.01743	0.01763	0.02458	0.11235	0.05943	0.05480	0.03920	0.01995	0.01382	0.01988	0.01304	0.05211	0.01264	0.01275	0.02041	0.00319	0.48645	0.00772	0.00374	0.00888
29	0.77733	0.01534	0.01166	0.01043	0.01534	0.01779	0.00859	0.02331	0.01350	0.03558	0.01104	0.01288	0.00859	0.00736	0.00491	0.00245	0.00613	0.00429	0.00491	0.00859
30	0.01025	0.00718	0.00912	0.01033	0.01074	0.00683	0.00667	0.01137	0.01454	0.01947	0.06907	0.50202	0.04707	0.21527	0.01837	0.00441	0.00540	0.01913	0.00673	0.00604
31	0.01445	0.01233	0.04712	0.01264	0.01526	0.01061	0.00977	0.01905	0.09011	0.02981	0.37969	0.11095	0.11615	0.07842	0.01272	0.00344	0.00570	0.01438	0.00839	0.00902
32	0.03558	0.01350	0.01840	0.01411	0.02024	0.01166	0.01166	0.03865	0.02270	0.67734	0.03128	0.02699	0.01963	0.00981	0.00797	0.00245	0.00675	0.00797	0.00981	0.01350
33	0.01924	0.44953	0.26834	0.01841	0.05557	0.02618	0.01966	0.02426	0.01643	0.02129	0.01235	0.01447	0.01024	0.00706	0.00609	0.00202	0.00968	0.00495	0.00340	0.01084
34	0.01092	0.00762	0.00938	0.01026	0.01172	0.00682	0.00719	0.01269	0.01677	0.05330	0.08603	0.46208	0.23152	0.02228	0.00976	0.00299	0.00449	0.01972	0.00755	0.00691
35	0.02383	0.01701	0.01905	0.01651	0.05149	0.01857	0.01258	0.39611	0.02858	0.04006	0.02075	0.02384	0.01614	0.04458	0.07145	0.00345	0.00879	0.00750	0.16853	0.01118
36	0.01478	0.00739	0.00739	0.00739	0.00924	0.00739	0.00554	0.01848	0.01663	0.02956	0.02587	0.02956	0.02033	0.00924	0.00554	0.00185	0.00370	0.00739	0.76534	0.00739
37	0.00981	0.00701	0.00933	0.01094	0.01153	0.00654	0.00737	0.01141	0.01586	0.02132	0.10188	0.65489	0.05453	0.02404	0.01005	0.00315	0.00452	0.02178	0.00749	0.00654
38	0.02775	0.11955	0.05329	0.01850	0.02426	0.25758	0.01546	0.29773	0.05520	0.03344	0.01599	0.01692	0.01223	0.00866	0.00728	0.00219	0.01067	0.00608	0.00581	0.01144
39	0.01924	0.02622	0.16503	0.03239	0.12849	0.07685	0.38253	0.02573	0.01856	0.02490	0.01521	0.01963	0.01157	0.00703	0.00860	0.00254	0.01257	0.00799	0.00388	0.01103
40	0.16302	0.04697	0.05771	0.02389	0.15970	0.24056	0.01646	0.04983	0.05057	0.05979	0.01477	0.01699	0.01170	0.00828	0.00799	0.00234	0.04833	0.00590	0.00474	0.01047
41	0.01816	0.32294	0.38756	0.01879	0.02796	0.02403	0.02228	0.02428	0.01628	0.02218	0.01274	0.01511	0.01012	0.00750	0.00734	0.00222	0.04097	0.00524	0.00337	0.01095
42	0.01924	0.01973	0.06368	0.07548	0.61399	0.01877	0.02448	0.02420	0.01790	0.02563	0.01485	0.01955	0.01235	0.00713	0.00784	0.00238	0.00958	0.00701	0.00388	0.01236
43	0.01137	0.00835	0.01200	0.01200	0.01316	0.00951	0.00898	0.01368	0.01252	0.01786	0.02192	0.03493	0.02146	0.18001	0.57160	0.01182	0.01877	0.00905	0.00435	0.00667
44	0.02928	0.06579	0.02325	0.02015	0.02435	0.66272	0.01525	0.03134	0.02221	0.01938	0.01221	0.01424	0.01021	0.00812	0.00707	0.00203	0.01406	0.00507	0.00406	0.00923
45	0.00966	0.00690	0.00920	0.01104	0.01150	0.00644	0.00736	0.01104	0.01518	0.02024	0.04371	0.71614	0.05245	0.02484	0.01012	0.00322	0.00460	0.02254	0.00736	0.00644
46	0.01645	0.13270	0.56871	0.02091	0.03159	0.01977	0.02635	0.02455	0.01687	0.02449	0.03809	0.01778	0.01247	0.00775	0.00727	0.00240	0.01098	0.00596	0.00355	0.01135
47	0.01966	0.01926	0.05508	0.09913	0.47099	0.01915	0.02228	0.06031	0.10299	0.02765	0.01733	0.02092	0.01387	0.00778	0.00788	0.00243	0.00916	0.00727	0.00463	0.01225
48	0.01590	0.04102	0.68023	0.02260	0.03432	0.01842	0.02930	0.02511	0.01674	0.02511	0.01423	0.01674	0.01005	0.00753	0.00753	0.00251	0.01172	0.00586	0.00335	0.01172
49	0.02092	0.01977	0.02123	0.14578	0.05115	0.12201	0.01563	0.15586	0.11011	0.02836	0.02496	0.02695	0.09367	0.01105	0.01075	0.00262	0.11507	0.00821	0.00565	0.01023
50	0.09785	0.01542	0.01841	0.05189	0.02190	0.04843	0.01224	0.08394	0.02267	0.47251	0.05400	0.02552	0.01956	0.00966	0.00772	0.00244	0.00732	0.00766	0.00854	0.01233
51	0.01644	0.01409	0.01644	0.01175	0.01879	0.01057	0.00940	0.01997	0.01644	0.02584	0.01409	0.01644	0.01175	0.00587	0.00587	0.00117	0.00587	0.00470	0.00470	0.76979
52	0.01122	0.00811	0.01060	0.00998	0.01185	0.00748	0.00748	0.01496	0.02245	0.03180	0.66766	0.05923	0.07482	0.01621	0.00935	0.00249	0.00374	0.01434	0.00873	0.00748
53	0.01112	0.00810	0.01046	0.00987	0.01179	0.00744	0.00740	0.01477	0.02221	0.03124	0.63608	0.06015	0.10676	0.01642	0.00935	0.00250	0.00376	0.01447	0.00866	0.00744
54	0.01142	0.00771	0.00862	0.00862	0.00876	0.00764	0.00487	0.01152	0.01187	0.01569	0.02785	0.05316	0.06195	0.68501	0.03876	0.00743	0.00750	0.01180	0.00494	0.00490
55	0.01073	0.00809	0.00992	0.00946	0.01155	0.00727	0.00710	0.01402	0.02129	0.02906	0.51255	0.06375	0.23165	0.01723	0.00936	0.00254	0.00381	0.01497	0.00837	0.00727
56	0.01168	0.00859	0.01099	0.01031	0.01232	0.00814	0.00775	0.01643	0.05660	0.03187	0.63349	0.05764	0.07210	0.01592	0.00928	0.00250	0.00388	0.01405	0.00869	0.00775
57	0.03014	0.02221	0.02380	0.01825	0.02459	0.02459	0.01507	0.64541	0.03728	0.04998	0.01904	0.01904	0.01349	0.00952	0.00793	0.00238	0.00873	0.00714	0.00793	0.01349
58	0.01972	0.01703	0.01793	0.01614	0.02062	0.01972	0.01255	0.04214	0.65752	0.03317	0.03228	0.02959	0.02421	0.01076	0.00807	0.00269	0.00628	0.00897	0.00807	0.01255
59	0.01972	0.01703	0.01793	0.01614	0.02062	0.01972	0.01255	0.04214	0.65752	0.03317	0.03228	0.02959	0.02421	0.01076	0.00807	0.00269	0.00628	0.00897	0.00807	0.01255
60	0.77733	0.01534	0.01166	0.01043	0.01534	0.01779	0.00859	0.02331	0.01350	0.03558	0.01104	0.01288	0.00859	0.00736	0.00491	0.00245	0.00613	0.00429	0.00491	0.00859
61	0.02120	0.72609	0.04155	0.01357	0.02035	0.03138	0.01357	0.02374	0.01611	0.01866	0.01102	0.01272	0.01018	0.00678	0.00509	0.00170	0.00848	0.00424	0.00339	0.01018
62	0.77733	0.01534	0.01166	0.01043	0.01534	0.01779	0.00859	0.02331	0.01350	0.03558	0.01104	0.01288	0.00859	0.00736	0.00491	0.00245	0.00613	0.00429	0.00491	0.00859
63	0.01670	0.14409	0.58414	0.02124	0.03222	0.02037	0.02693	0.02491	0.01665	0.02414	0.01375	0.01614	0.01006	0.00742	0.00717	0.00239	0.01123	0.00562	0.00335	0.01149
64	0.01644	0.01409	0.01644	0.01175	0.01879	0.01057	0.00940	0.01997	0.01644	0.02584	0.01409	0.01644	0.01175	0.00587	0.00587	0.00117	0.00587	0.00470	0.00470	0.76979
65	0.01644	0.01409	0.01644	0.01175	0.01879	0.01057	0.00940	0.01997	0.01644	0.02584	0.01409	0.01644	0.01175	0.00587	0.00587	0.00117	0.00587	0.00470	0.00470	0.76979
66	0.02120	0.72609	0.04155	0.01357	0.02035	0.03138	0.01357	0.02374	0.01611	0.01866	0.01102	0.01272	0.01018	0.00678	0.00509	0.00170	0.00848	0.00424	0.00339	0.01018
67	0.02540	0.02895	0.02054	0.01860	0.02286	0.40403	0.01414	0.03613	0.29313	0.02527	0.02079	0.02081	0.01618	0.00927	0.00754	0.00232	0.01088	0.00675	0.00578	0.01062
68	0.03439	0.01376	0.01837	0.01426	0.02027	0.01226	0.01172	0.03891	0.07028	0.62905	0.03136	0.02719	0.01997	0.00989	0.00798	0.00247	0.00671	0.00805	0.00968	0.01342
69	0.00966	0.00690	0.00920	0.01104	0.01150	0.00644	0.00736	0.01104	0.01518	0.02024	0.04371	0.71614	0.05245	0.02484	0.01012	0.00322	0.00460	0.02254	0.00736	0.00644
70	0.02020	0.01902	0.03447	0.09914	0.38228	0.01897	0.19521	0.05172	0.01910	0.05814	0.01613	0.02059	0.01262	0.00728	0.00829	0.00248	0.01046	0.00775	0.00437	0.01180
71	0.01153	0.00769	0.00865	0.00865	0.00865	0.00769	0.00480	0.01153	0.01153	0.01538	0.02499	0.05189	0.02883	0.72131	0.04036	0.00769	0.00769	0.01153	0.00480	0.00480
72	0.01122	0.00811	0.01060	0.00998	0.01185	0.00748	0.00748	0.01496	0.02245	0.03180	0.66766	0.05923	0.07482	0.01621	0.00935	0.00249	0.00374	0.01434	0.00873	0.00748
73	0.01810	0.01728	0.02942	0.26357	0.46891	0.01844	0.02358	0.02300	0.01733	0.02405	0.01465	0.02012	0.01191	0.00735	0.00788	0.00245	0.00980	0.00706	0.00379	0.01133
74	0.12767	0.05379	0.05207	0.22795	0.12436	0.04880	0.01818	0.12437	0.04700	0.02862	0.01487	0.01860	0.01156	0.00848	0.00864	0.00252	0.06090	0.00648	0.00469	0.01043
75	0.00939	0.00797	0.00810	0.00819	0.01075	0.00668	0.00610	0.01136	0.01792	0.02136	0.07839	0.11023	0.63597	0.02034	0.00941	0.00271	0.00405	0.01704	0.00736	0.00668
76	0.01982	0.01942	0.03131	0.08208	0.61064	0.04829	0.02382	0.02444	0.01813	0.02532	0.01476	0.01947	0.01235	0.00716	0.00782	0.00236	0.00970	0.00698	0.00391	0.01221

[dist]
# distance from previous block
# <min> <max>
0	1

[block]
# block no. 1 follows, 24 sequences, length 16
# corresponding to MSA columns:
# 139-154
name=unknown_B
#
# <colnr> <probs for GDERKNQSTAVLIFYWHMCP>
#	G	D	E	R	K	N	Q	S	T	A	V	L	I	F	Y	W	H	M	C	P
0	0.02002	0.01983	0.03100	0.08748	0.58938	0.06436	0.02358	0.02458	0.01822	0.02511	0.01468	0.01936	0.01228	0.00719	0.00781	0.00235	0.00982	0.00693	0.00391	0.01210
1	0.02070	0.01723	0.01818	0.01588	0.02055	0.01957	0.01249	0.14132	0.50527	0.03512	0.03365	0.03131	0.07069	0.01125	0.00814	0.00264	0.00652	0.00924	0.00799	0.01227
2	0.01053	0.00803	0.01108	0.06328	0.01513	0.00827	0.00891	0.01218	0.01495	0.02002	0.03908	0.60440	0.04627	0.04637	0.01182	0.00334	0.04269	0.02018	0.00678	0.00668
3	0.02415	0.01735	0.01960	0.01489	0.02119	0.01683	0.01209	0.30545	0.02645	0.09896	0.01952	0.05479	0.01539	0.00889	0.00723	0.00195	0.00719	0.00704	0.00680	0.31426
4	0.04759	0.01682	0.02009	0.12954	0.02647	0.01787	0.01393	0.21375	0.09334	0.07335	0.01878	0.02048	0.01406	0.00865	0.00813	0.00221	0.04112	0.00669	0.03181	0.19532
5	0.02216	0.64785	0.03938	0.01435	0.02083	0.10619	0.01377	0.02465	0.01684	0.01874	0.01116	0.01290	0.01018	0.00694	0.00532	0.00174	0.00914	0.00434	0.00347	0.01006
6	0.01752	0.01691	0.02325	0.02003	0.02040	0.02311	0.01656	0.05203	0.01369	0.02081	0.01310	0.06416	0.01338	0.01438	0.02399	0.00339	0.62253	0.00799	0.00397	0.00878
7	0.01144	0.00817	0.01134	0.01143	0.01246	0.00909	0.00834	0.01353	0.01271	0.01818	0.02344	0.06907	0.02366	0.22132	0.46764	0.01059	0.01636	0.00988	0.03488	0.00649
8	0.02499	0.01946	0.06360	0.03302	0.33861	0.01812	0.05196	0.13236	0.02237	0.18680	0.01957	0.02123	0.01425	0.00815	0.00795	0.00241	0.00899	0.00735	0.00599	0.01280
9	0.01708	0.01698	0.02423	0.09828	0.02466	0.02353	0.01788	0.01922	0.01257	0.01922	0.01083	0.01778	0.01043	0.01320	0.02397	0.00338	0.62766	0.00695	0.00348	0.00869
10	0.00982	0.00707	0.00935	0.01112	0.01174	0.00660	0.00760	0.01135	0.01547	0.02048	0.04507	0.65640	0.07664	0.02449	0.01014	0.00322	0.00472	0.05486	0.00736	0.00650
11	0.01874	0.01569	0.01696	0.13183	0.02307	0.09168	0.01277	0.10579	0.05234	0.02764	0.02085	0.06632	0.01758	0.01181	0.02658	0.00268	0.09201	0.00804	0.24863	0.00902
12	0.01134	0.00844	0.01247	0.01247	0.01379	0.00976	0.00957	0.01398	0.01266	0.01820	0.02150	0.03256	0.02044	0.10447	0.64573	0.01240	0.02032	0.00870	0.00429	0.00693
13	0.07355	0.01386	0.01801	0.01407	0.02001	0.01258	0.01156	0.03810	0.06978	0.59519	0.03029	0.02644	0.01939	0.00976	0.00782	0.00247	0.00668	0.00785	0.00942	0.01317
14	0.00996	0.00709	0.00932	0.01076	0.01135	0.00664	0.00720	0.01152	0.01576	0.02123	0.11338	0.59705	0.05341	0.07043	0.01206	0.00344	0.00471	0.02087	0.00735	0.00645
15	0.00966	0.00690	0.00920	0.01104	0.01150	0.00644	0.00736	0.01104	0.01518	0.02024	0.04371	0.71614	0.05245	0.02484	0.01012	0.00322	0.00460	0.02254	0.00736	0.00644

[dist]
# distance from previous block
# <min> <max>
0	10

[block]
# block no. 2 follows, 24 sequences, length 19
# corresponding to MSA columns:
# 165-183
name=unknown_C
#
# <colnr> <probs for GDERKNQSTAVLIFYWHMCP>
#	G	D	E	R	K	N	Q	S	T	A	V	L	I	F	Y	W	H	M	C	P
0	0.18073	0.01386	0.01708	0.01339	0.01928	0.01286	0.01105	0.03564	0.02090	0.55175	0.02732	0.02423	0.01747	0.00933	0.00737	0.00245	0.00663	0.00725	0.00885	0.01253
1	0.00966	0.00690	0.00920	0.01104	0.01150	0.00644	0.00736	0.01104	0.01518	0.02024	0.04371	0.71614	0.05245	0.02484	0.01012	0.00322	0.00460	0.02254	0.00736	0.00644
2	0.77733	0.01534	0.01166	0.01043	0.01534	0.01779	0.00859	0.02331	0.01350	0.03558	0.01104	0.01288	0.00859	0.00736	0.00491	0.00245	0.00613	0.00429	0.00491	0.00859
3	0.02120	0.72609	0.04155	0.01357	0.02035	0.03138	0.01357	0.02374	0.01611	0.01866	0.01102	0.01272	0.01018	0.00678	0.00509	0.00170	0.00848	0.00424	0.00339	0.01018
4	0.02058	0.01746	0.01842	0.01631	0.02095	0.02013	0.01276	0.09196	0.60630	0.03456	0.03118	0.02871	0.02332	0.01066	0.00806	0.00266	0.00648	0.00881	0.00806	0.01263
5	0.02962	0.03779	0.02247	0.02043	0.02451	0.68948	0.01532	0.03166	0.02247	0.01941	0.01226	0.01430	0.01021	0.00817	0.00715	0.00204	0.01430	0.00511	0.00409	0.00919
6	0.01133	0.00850	0.01274	0.01274	0.01416	0.00991	0.00991	0.01416	0.01274	0.01841	0.02124	0.03115	0.01982	0.05947	0.68989	0.01274	0.02124	0.00850	0.00425	0.00708
7	0.03007	0.01635	0.06437	0.01498	0.02134	0.01377	0.01297	0.06234	0.11588	0.45683	0.02831	0.02545	0.01873	0.00946	0.00778	0.00238	0.00703	0.00767	0.00861	0.07570
8	0.02586	0.09909	0.02342	0.01899	0.02271	0.49913	0.01475	0.02801	0.01997	0.01920	0.01294	0.01619	0.01125	0.01396	0.08106	0.00326	0.07167	0.00554	0.00399	0.00902
9	0.01153	0.00769	0.00865	0.00865	0.00865	0.00769	0.00480	0.01153	0.01153	0.01538	0.02499	0.05189	0.02883	0.72131	0.04036	0.00769	0.00769	0.01153	0.00480	0.00480
10	0.01478	0.00739	0.00739	0.00739	0.00924	0.00739	0.00554	0.01848	0.01663	0.02956	0.02587	0.02956	0.02033	0.00924	0.00554	0.00185	0.00370	0.00739	0.76534	0.00739
11	0.02761	0.03709	0.09290	0.02221	0.06117	0.58128	0.01730	0.03057	0.02162	0.02037	0.01261	0.01485	0.01033	0.00804	0.00723	0.00211	0.01376	0.00529	0.00400	0.00965
12	0.06266	0.00789	0.00766	0.00758	0.00962	0.00804	0.00573	0.01878	0.01643	0.02994	0.02494	0.02852	0.01959	0.00912	0.00550	0.00189	0.00385	0.00720	0.71760	0.00747
13	0.77733	0.01534	0.01166	0.01043	0.01534	0.01779	0.00859	0.02331	0.01350	0.03558	0.01104	0.01288	0.00859	0.00736	0.00491	0.00245	0.00613	0.00429	0.00491	0.00859
14	0.01913	0.01834	0.03129	0.11812	0.60626	0.01871	0.02409	0.02390	0.01782	0.02531	0.01483	0.01979	0.01235	0.00716	0.00786	0.00239	0.00954	0.00706	0.00388	0.01216
15	0.01946	0.01589	0.01690	0.01517	0.01955	0.01792	0.01181	0.03869	0.55629	0.06569	0.03733	0.03442	0.09244	0.01170	0.00820	0.00268	0.00606	0.00974	0.00809	0.01198
16	0.00937	0.00803	0.00803	0.00803	0.01071	0.00669	0.00602	0.01138	0.01807	0.02142	0.08033	0.07632	0.66863	0.02008	0.00937	0.00268	0.00402	0.01674	0.00736	0.00669
17	0.01903	0.44533	0.30329	0.01727	0.02608	0.02607	0.02001	0.02431	0.01637	0.02130	0.01234	0.01437	0.01012	0.00709	0.00609	0.00203	0.00981	0.00490	0.00337	0.01081
18	0.07590	0.01646	0.02393	0.41114	0.12035	0.01939	0.01977	0.14124	0.01992	0.02778	0.01477	0.01978	0.01122	0.00832	0.00841	0.00258	0.03750	0.00686	0.00452	0.01015

[dist]
# distance from previous block
# <min> <max>
0	11

[block]
# block no. 3 follows, 24 sequences, length 40
# corresponding to MSA columns:
# 195-234
name=unknown_D
#
# <colnr> <probs for GDERKNQSTAVLIFYWHMCP>
#	G	D	E	R	K	N	Q	S	T	A	V	L	I	F	Y	W	H	M	C	P
0	0.02878	0.01600	0.06029	0.01437	0.02104	0.01282	0.01244	0.06763	0.04300	0.41854	0.02532	0.02338	0.01689	0.00872	0.00743	0.00215	0.00694	0.00702	0.00798	0.19925
1	0.02070	0.01752	0.01848	0.01634	0.02099	0.02018	0.01279	0.09891	0.59915	0.03475	0.03103	0.02859	0.02320	0.01064	0.00806	0.00266	0.00651	0.00879	0.00806	0.01264
2	0.77733	0.01534	0.01166	0.01043	0.01534	0.01779	0.00859	0.02331	0.01350	0.03558	0.01104	0.01288	0.00859	0.00736	0.00491	0.00245	0.00613	0.00429	0.00491	0.00859
3	0.01304	0.01094	0.01547	0.01456	0.01532	0.01371	0.01136	0.01512	0.01258	0.01837	0.01988	0.07304	0.02016	0.12207	0.37194	0.00878	0.22285	0.00928	0.00428	0.00725
4	0.03558	0.01350	0.01840	0.01411	0.02024	0.01166	0.01166	0.03865	0.02270	0.67734	0.03128	0.02699	0.01963	0.00981	0.00797	0.00245	0.00675	0.00797	0.00981	0.01350
5	0.02120	0.72609	0.04155	0.01357	0.02035	0.03138	0.01357	0.02374	0.01611	0.01866	0.01102	0.01272	0.01018	0.00678	0.00509	0.00170	0.00848	0.00424	0.00339	0.01018
6	0.02120	0.72609	0.04155	0.01357	0.02035	0.03138	0.01357	0.02374	0.01611	0.01866	0.01102	0.01272	0.01018	0.00678	0.00509	0.00170	0.00848	0.00424	0.00339	0.01018
7	0.72474	0.01582	0.01251	0.01098	0.01599	0.01827	0.00904	0.06709	0.01517	0.03659	0.01160	0.01332	0.00893	0.00751	0.00512	0.00245	0.00632	0.00449	0.00512	0.00893
8	0.01306	0.01003	0.01218	0.01131	0.01374	0.01013	0.00858	0.02083	0.15956	0.03210	0.53048	0.05283	0.06389	0.01503	0.00908	0.00254	0.00429	0.01318	0.00859	0.00858
9	0.77733	0.01534	0.01166	0.01043	0.01534	0.01779	0.00859	0.02331	0.01350	0.03558	0.01104	0.01288	0.00859	0.00736	0.00491	0.00245	0.00613	0.00429	0.00491	0.00859
10	0.00966	0.00690	0.00920	0.01104	0.01150	0.00644	0.00736	0.01104	0.01518	0.02024	0.04371	0.71614	0.05245	0.02484	0.01012	0.00322	0.00460	0.02254	0.00736	0.00644
11	0.01590	0.04102	0.68023	0.02260	0.03432	0.01842	0.02930	0.02511	0.01674	0.02511	0.01423	0.01674	0.01005	0.00753	0.00753	0.00251	0.01172	0.00586	0.00335	0.01172
12	0.01018	0.00758	0.00947	0.01002	0.01146	0.00688	0.00713	0.01256	0.01847	0.02476	0.28207	0.33924	0.18979	0.02065	0.00968	0.00284	0.00416	0.01829	0.00787	0.00688
13	0.01165	0.00855	0.01096	0.01028	0.01228	0.00809	0.00773	0.01631	0.05396	0.03187	0.63613	0.05776	0.07231	0.01594	0.00929	0.00250	0.00387	0.01407	0.00870	0.00773
14	0.01075	0.00790	0.01007	0.00992	0.01166	0.00722	0.00729	0.01390	0.02074	0.02868	0.49613	0.16880	0.14131	0.01808	0.00948	0.00263	0.00391	0.01597	0.00834	0.00722
15	0.02096	0.69452	0.07098	0.01398	0.02100	0.03078	0.01429	0.02381	0.01614	0.01895	0.01117	0.01291	0.01017	0.00682	0.00520	0.00173	0.00863	0.00431	0.00339	0.01025
16	0.01644	0.01409	0.01644	0.01175	0.01879	0.01057	0.00940	0.01997	0.01644	0.02584	0.01409	0.01644	0.01175	0.00587	0.00587	0.00117	0.00587	0.00470	0.00470	0.76979
17	0.01377	0.00689	0.01033	0.01033	0.01033	0.00689	0.00689	0.01033	0.01033	0.01377	0.01377	0.02410	0.01377	0.02755	0.03099	0.76928	0.00689	0.00689	0.00344	0.00344
18	0.00948	0.00759	0.00849	0.00921	0.01102	0.00660	0.00655	0.01125	0.01695	0.02096	0.06605	0.32585	0.42832	0.02194	0.00966	0.00289	0.00424	0.01900	0.00736	0.00660
19	0.04512	0.07827	0.46363	0.05252	0.15773	0.01927	0.02629	0.02462	0.01680	0.02506	0.01404	0.01707	0.01051	0.00740	0.00736	0.00243	0.01082	0.00598	0.00353	0.01156
20	0.72411	0.06536	0.01376	0.01065	0.01569	0.01875	0.00894	0.02334	0.01368	0.03439	0.01104	0.01287	0.00870	0.00732	0.00492	0.00240	0.00630	0.00429	0.00480	0.00870
21	0.00975	0.00697	0.00928	0.01098	0.01152	0.00650	0.00737	0.01126	0.01559	0.02090	0.07899	0.67899	0.05371	0.02436	0.01008	0.00318	0.00455	0.02208	0.00744	0.00650
22	0.01377	0.00689	0.01033	0.01033	0.01033	0.00689	0.00689	0.01033	0.01033	0.01377	0.01377	0.02410	0.01377	0.02755	0.03099	0.76928	0.00689	0.00689	0.00344	0.00344
23	0.02191	0.17813	0.22372	0.02535	0.16542	0.15566	0.02087	0.04737	0.01899	0.05206	0.01421	0.01655	0.01118	0.00757	0.00704	0.00221	0.01074	0.00576	0.00407	0.01121
24	0.03533	0.01389	0.01864	0.01429	0.02044	0.01224	0.01181	0.06587	0.02335	0.64919	0.03074	0.02663	0.01935	0.00980	0.00797	0.00245	0.00684	0.00794	0.00973	0.01349
25	0.01050	0.00846	0.00947	0.00980	0.01197	0.00774	0.00725	0.01403	0.06282	0.02305	0.12180	0.22349	0.39291	0.02027	0.00953	0.00283	0.00444	0.04497	0.00754	0.00715
26	0.01854	0.01774	0.03023	0.20083	0.52815	0.01856	0.02380	0.02339	0.01754	0.02459	0.01472	0.01998	0.01210	0.00727	0.00787	0.00242	0.00969	0.00706	0.00383	0.01169
27	0.14933	0.07820	0.15757	0.05241	0.23740	0.01858	0.01929	0.02573	0.06195	0.06950	0.01732	0.04895	0.01413	0.00844	0.00719	0.00243	0.00868	0.00699	0.00475	0.01117
28	0.02945	0.01497	0.04798	0.01435	0.02009	0.01304	0.01216	0.05809	0.11019	0.46254	0.06388	0.03127	0.06350	0.01079	0.00812	0.00250	0.00667	0.00885	0.00900	0.01256
29	0.01372	0.00922	0.01134	0.01148	0.01293	0.00908	0.00800	0.08513	0.01807	0.05539	0.09419	0.42358	0.04423	0.14707	0.01515	0.00383	0.00565	0.01735	0.00721	0.00738
30	0.03009	0.05129	0.02344	0.01729	0.02353	0.02262	0.01435	0.49334	0.06486	0.14602	0.02126	0.02053	0.01484	0.00951	0.00782	0.00238	0.00828	0.00723	0.00804	0.01330
31	0.01968	0.05643	0.14304	0.06606	0.42792	0.07417	0.02341	0.02556	0.04276	0.02495	0.01504	0.01882	0.01219	0.00740	0.00762	0.00235	0.01010	0.00664	0.00396	0.01187
32	0.01278	0.00913	0.01278	0.01460	0.01643	0.00913	0.01278	0.01643	0.01825	0.02373	0.04199	0.08945	0.04564	0.02191	0.01095	0.00365	0.00730	0.61847	0.00730	0.00730
33	0.03120	0.05182	0.02111	0.01533	0.02155	0.01703	0.01273	0.22897	0.05583	0.37495	0.02535	0.02321	0.01692	0.00936	0.00769	0.00232	0.00738	0.00736	0.00849	0.06136
34	0.02947	0.04823	0.02215	0.01662	0.02262	0.02067	0.01370	0.36047	0.13532	0.21055	0.02411	0.02261	0.01674	0.00969	0.00785	0.00242	0.00779	0.00754	0.00826	0.01320
35	0.05281	0.21810	0.06014	0.01835	0.05320	0.07859	0.05022	0.20907	0.02365	0.06092	0.03958	0.01837	0.01425	0.00820	0.00693	0.00211	0.00899	0.00625	0.00550	0.06478
36	0.20440	0.08978	0.02500	0.16645	0.05771	0.07046	0.11849	0.02240	0.01625	0.02508	0.03515	0.01896	0.01278	0.00899	0.00863	0.05560	0.00927	0.00644	0.00421	0.04393
37	0.01954	0.02037	0.05661	0.02122	0.02702	0.07125	0.19568	0.05369	0.28488	0.02873	0.02414	0.06776	0.01946	0.00973	0.00832	0.00254	0.00917	0.00913	0.00608	0.06469
38	0.04284	0.02333	0.23080	0.07535	0.05302	0.01613	0.07826	0.08581	0.02053	0.15759	0.07504	0.02701	0.05966	0.00961	0.00807	0.00251	0.00912	0.00821	0.00591	0.01119
39	0.07632	0.08081	0.02561	0.17305	0.03016	0.01888	0.12286	0.02341	0.08571	0.02448	0.01737	0.04692	0.01450	0.00936	0.01012	0.00254	0.11096	0.00763	0.06213	0.05717

[dist]
# distance from previous block
# <min> <max>
4	17

[block]
# block no. 4 follows, 24 sequences, length 20
# corresponding to MSA columns:
# 252-271
name=unknown_E
#
# <colnr> <probs for GDERKNQSTAVLIFYWHMCP>
#	G	D	E	R	K	N	Q	S	T	A	V	L	I	F	Y	W	H	M	C	P
0	0.07397	0.06376	0.27362	0.01766	0.05119	0.01584	0.01798	0.02540	0.05749	0.11080	0.06407	0.02577	0.06736	0.00930	0.00738	0.00232	0.00830	0.00743	0.00542	0.09493
1	0.02000	0.05942	0.07148	0.01891	0.04097	0.05772	0.10118	0.13505	0.20600	0.02999	0.02851	0.03048	0.09098	0.06134	0.01043	0.00288	0.00860	0.00900	0.00622	0.01085
2	0.01983	0.06744	0.13137	0.01670	0.02337	0.01581	0.07725	0.06035	0.08917	0.10803	0.02020	0.03798	0.01631	0.07433	0.01036	0.00263	0.00823	0.00737	0.00558	0.20770
3	0.06105	0.36641	0.10643	0.02084	0.11372	0.02445	0.05894	0.02639	0.05803	0.07346	0.01518	0.01690	0.01216	0.00742	0.00644	0.00211	0.00890	0.00575	0.00438	0.01104
4	0.02015	0.01693	0.02065	0.07105	0.14025	0.05152	0.01456	0.20897	0.02339	0.03163	0.05589	0.15824	0.02360	0.01175	0.00809	0.00238	0.00780	0.01009	0.00616	0.11691
5	0.02273	0.07540	0.09981	0.01871	0.06629	0.02048	0.01547	0.30873	0.09019	0.03606	0.02086	0.05758	0.01718	0.05255	0.02849	0.00299	0.00873	0.00803	0.03817	0.01157
6	0.19873	0.01621	0.03885	0.01302	0.01743	0.06015	0.01068	0.10984	0.07971	0.08734	0.09857	0.06863	0.14520	0.01243	0.00769	0.00252	0.00660	0.00985	0.00691	0.00964
7	0.06358	0.01458	0.01800	0.01459	0.01974	0.01393	0.05087	0.09846	0.11422	0.09641	0.02482	0.15516	0.02231	0.01124	0.00765	0.00224	0.00661	0.00968	0.00659	0.24929
8	0.02296	0.49004	0.10675	0.01513	0.02211	0.02661	0.01524	0.05845	0.01807	0.11267	0.01459	0.01564	0.01166	0.00768	0.00664	0.00199	0.03313	0.00518	0.00452	0.01093
9	0.01083	0.00822	0.01074	0.05301	0.01445	0.00780	0.00837	0.01378	0.01928	0.02604	0.34032	0.22398	0.16569	0.01879	0.00954	0.00277	0.00460	0.04688	0.00776	0.00716
10	0.02306	0.07045	0.03420	0.02806	0.12405	0.09578	0.24860	0.17739	0.06423	0.03082	0.01689	0.01972	0.01291	0.00786	0.00818	0.00242	0.01099	0.00765	0.00518	0.01156
11	0.00959	0.00717	0.00892	0.01031	0.01131	0.00650	0.00704	0.01112	0.01588	0.02053	0.05256	0.56143	0.20144	0.02369	0.00994	0.00309	0.00446	0.02114	0.00736	0.00650
12	0.06408	0.02696	0.02780	0.02408	0.06684	0.29364	0.14064	0.09007	0.02066	0.02492	0.01348	0.01699	0.01100	0.00891	0.01094	0.00250	0.13552	0.00656	0.00439	0.01002
13	0.01036	0.00795	0.01150	0.01213	0.01316	0.00742	0.04777	0.01201	0.01530	0.02028	0.04261	0.58751	0.08252	0.07425	0.01224	0.00348	0.00535	0.02057	0.00696	0.00661
14	0.00966	0.00690	0.00920	0.01104	0.01150	0.00644	0.00736	0.01104	0.01518	0.02024	0.04371	0.71614	0.05245	0.02484	0.01012	0.00322	0.00460	0.02254	0.00736	0.00644
15	0.02791	0.06450	0.02616	0.02366	0.15187	0.02293	0.01656	0.43994	0.03111	0.08907	0.01862	0.01934	0.01355	0.00889	0.00774	0.00234	0.00870	0.00701	0.00700	0.01310
16	0.00954	0.00736	0.00873	0.00982	0.01118	0.00654	0.00682	0.01118	0.01636	0.02072	0.05860	0.45604	0.30293	0.02291	0.00982	0.00300	0.00436	0.02018	0.00736	0.00654
17	0.07428	0.02211	0.05475	0.01901	0.05690	0.11114	0.01504	0.20962	0.16448	0.11902	0.02115	0.02117	0.01548	0.00953	0.00869	0.00249	0.04928	0.00711	0.00679	0.01197
18	0.02084	0.58454	0.10502	0.01475	0.02192	0.06226	0.01506	0.02409	0.01652	0.01972	0.01157	0.01340	0.01024	0.00689	0.00548	0.00177	0.00897	0.00447	0.00349	0.04898
19	0.01757	0.01799	0.09362	0.01989	0.05630	0.01534	0.14552	0.12076	0.02179	0.03091	0.18638	0.05445	0.03013	0.01061	0.00881	0.00240	0.02744	0.00964	0.04445	0.08602

[dist]
# distance from previous block
# <min> <max>
11	68

[block]
# block no. 5 follows, 24 sequences, length 39
# corresponding to MSA columns:
# 343-381
name=unknown_F
#
# <colnr> <probs for GDERKNQSTAVLIFYWHMCP>
#	G	D	E	R	K	N	Q	S	T	A	V	L	I	F	Y	W	H	M	C	P
0	0.04856	0.08875	0.06052	0.01237	0.01671	0.01303	0.01077	0.02258	0.04666	0.15506	0.18532	0.06643	0.12650	0.01286	0.00853	0.00241	0.02878	0.01052	0.04229	0.04134
1	0.06751	0.02060	0.14984	0.01609	0.02332	0.01525	0.04167	0.09222	0.07461	0.10900	0.01930	0.04492	0.01495	0.00832	0.00712	0.00207	0.00777	0.00679	0.00577	0.27288
2	0.16378	0.07956	0.05958	0.05358	0.02491	0.01938	0.08225	0.13018	0.05609	0.13154	0.01776	0.01912	0.01303	0.00849	0.00821	0.00239	0.05034	0.00657	0.00586	0.06738
3	0.12924	0.08256	0.01705	0.01248	0.01692	0.01447	0.01017	0.02795	0.12728	0.20897	0.19949	0.03500	0.06339	0.01153	0.00771	0.00244	0.00582	0.00937	0.00779	0.01038
4	0.02379	0.01694	0.04948	0.01594	0.04553	0.01530	0.01282	0.16588	0.09141	0.18035	0.08291	0.02500	0.02117	0.00920	0.00752	0.00213	0.00695	0.00750	0.00723	0.21295
5	0.04878	0.01500	0.05954	0.01443	0.01814	0.04708	0.03186	0.11237	0.02015	0.10158	0.05079	0.34628	0.03358	0.01637	0.00877	0.00273	0.00682	0.01431	0.00700	0.04442
6	0.02319	0.02245	0.23932	0.01707	0.02388	0.01481	0.01754	0.05723	0.01991	0.26957	0.08803	0.02616	0.02119	0.01372	0.06073	0.00332	0.05594	0.00785	0.00661	0.01148
7	0.05345	0.01471	0.01824	0.01430	0.02011	0.01387	0.01166	0.06344	0.11194	0.40007	0.02650	0.02437	0.01795	0.00932	0.00816	0.00230	0.03115	0.00736	0.00822	0.14287
8	0.02679	0.01936	0.02107	0.01654	0.02222	0.02082	0.01347	0.50018	0.03274	0.07099	0.02527	0.07577	0.06026	0.01122	0.00810	0.00241	0.00788	0.00886	0.00778	0.04827
9	0.00966	0.00690	0.00920	0.01104	0.01150	0.00644	0.00736	0.01104	0.01518	0.02024	0.04371	0.71614	0.05245	0.02484	0.01012	0.00322	0.00460	0.02254	0.00736	0.00644
10	0.01943	0.01753	0.01890	0.04208	0.06165	0.05516	0.01349	0.06650	0.42638	0.03039	0.03253	0.03144	0.08756	0.01136	0.00913	0.00266	0.04608	0.00917	0.00710	0.01146
11	0.01854	0.01772	0.06191	0.24058	0.03174	0.07531	0.04352	0.06018	0.01760	0.05997	0.01782	0.04935	0.01490	0.04287	0.01202	0.00284	0.11819	0.00780	0.09796	0.00918
12	0.03014	0.02221	0.02380	0.01825	0.02459	0.02459	0.01507	0.64541	0.03728	0.04998	0.01904	0.01904	0.01349	0.00952	0.00793	0.00238	0.00873	0.00714	0.00793	0.01349
13	0.01098	0.00854	0.01248	0.01208	0.01374	0.00792	0.05530	0.01362	0.01816	0.02479	0.27417	0.35952	0.09026	0.04707	0.01091	0.00305	0.00503	0.01776	0.00752	0.00710
14	0.01803	0.01388	0.01638	0.01215	0.01870	0.01096	0.00967	0.02240	0.05018	0.08424	0.01785	0.04821	0.01485	0.00730	0.00636	0.00146	0.00592	0.00598	0.00545	0.63001
15	0.01644	0.01409	0.01644	0.01175	0.01879	0.01057	0.00940	0.01997	0.01644	0.02584	0.01409	0.01644	0.01175	0.00587	0.00587	0.00117	0.00587	0.00470	0.00470	0.76979
16	0.00978	0.00699	0.00931	0.01096	0.01153	0.00652	0.00737	0.01134	0.01573	0.02112	0.09089	0.66647	0.05414	0.02419	0.01006	0.00317	0.00454	0.02192	0.00746	0.00652
17	0.03014	0.02221	0.02380	0.01825	0.02459	0.02459	0.01507	0.64541	0.03728	0.04998	0.01904	0.01904	0.01349	0.00952	0.00793	0.00238	0.00873	0.00714	0.00793	0.01349
18	0.04510	0.09799	0.44311	0.02328	0.03327	0.01996	0.15122	0.02563	0.04135	0.02527	0.01487	0.01767	0.01095	0.00741	0.00760	0.00247	0.01135	0.00648	0.00372	0.01129
19	0.02788	0.01993	0.02176	0.01717	0.02278	0.02176	0.01397	0.53943	0.03389	0.07539	0.02263	0.10498	0.01855	0.01141	0.00820	0.00249	0.00813	0.00907	0.00795	0.01262
20	0.03091	0.01822	0.02105	0.01625	0.02225	0.01890	0.01338	0.38928	0.03115	0.27321	0.06368	0.02438	0.01949	0.01004	0.00804	0.00241	0.00771	0.00789	0.00866	0.01312
21	0.00966	0.00690	0.00920	0.01104	0.01150	0.00644	0.00736	0.01104	0.01518	0.02024	0.04371	0.71614	0.05245	0.02484	0.01012	0.00322	0.00460	0.02254	0.00736	0.00644
22	0.07145	0.03451	0.02204	0.01959	0.02401	0.56555	0.01491	0.11097	0.02390	0.02428	0.01307	0.01484	0.01055	0.00830	0.00713	0.00211	0.01312	0.00533	0.00463	0.00972
23	0.01083	0.00809	0.01006	0.00957	0.01161	0.00732	0.00718	0.01421	0.02153	0.02962	0.54422	0.06282	0.19963	0.01703	0.00936	0.00253	0.00380	0.01484	0.00844	0.00732
24	0.01644	0.01409	0.01644	0.01175	0.01879	0.01057	0.00940	0.01997	0.01644	0.02584	0.01409	0.01644	0.01175	0.00587	0.00587	0.00117	0.00587	0.00470	0.00470	0.76979
25	0.03102	0.01548	0.01853	0.01483	0.02042	0.04020	0.01202	0.08535	0.13384	0.46051	0.05985	0.02785	0.02219	0.01019	0.00802	0.00247	0.00697	0.00827	0.00909	0.01288
26	0.00966	0.00690	0.00920	0.01104	0.01150	0.00644	0.00736	0.01104	0.01518	0.02024	0.04371	0.71614	0.05245	0.02484	0.01012	0.00322	0.00460	0.02254	0.00736	0.00644
27	0.01644	0.01409	0.01644	0.01175	0.01879	0.01057	0.00940	0.01997	0.01644	0.02584	0.01409	0.01644	0.01175	0.00587	0.00587	0.00117	0.00587	0.00470	0.00470	0.76979
28	0.01670	0.01392	0.01665	0.01238	0.01859	0.01130	0.00989	0.01998	0.01627	0.04366	0.01587	0.05308	0.01399	0.00750	0.00750	0.00147	0.05254	0.00587	0.00490	0.65796
29	0.02123	0.01646	0.01865	0.01383	0.02055	0.01489	0.01120	0.19795	0.04506	0.06022	0.01685	0.01808	0.01300	0.00724	0.00662	0.00162	0.00673	0.00567	0.00594	0.49820
30	0.01141	0.00819	0.01119	0.01119	0.01207	0.00907	0.00797	0.01316	0.01228	0.01726	0.02266	0.03904	0.02325	0.31109	0.44296	0.01082	0.01609	0.00965	0.00446	0.00622
31	0.00962	0.00706	0.00904	0.01061	0.01139	0.00648	0.00717	0.01109	0.01559	0.02041	0.04892	0.62513	0.14010	0.02417	0.01001	0.00314	0.00452	0.02172	0.00736	0.00648
32	0.02033	0.51860	0.13956	0.04468	0.02383	0.02738	0.01618	0.05832	0.01740	0.02194	0.01271	0.01475	0.01077	0.00720	0.00578	0.00191	0.00890	0.00491	0.03440	0.01043
33	0.01409	0.00876	0.01140	0.01036	0.01280	0.00794	0.00790	0.01764	0.02221	0.11023	0.55326	0.05635	0.10492	0.01567	0.00919	0.00250	0.00413	0.01371	0.00878	0.00817
34	0.02119	0.01793	0.05930	0.08234	0.02657	0.01777	0.10348	0.18331	0.14947	0.07615	0.04867	0.06785	0.02077	0.01031	0.00812	0.00253	0.00820	0.00905	0.07587	0.01114
35	0.00999	0.00704	0.00911	0.01063	0.01101	0.00666	0.00692	0.01113	0.01455	0.01940	0.04045	0.60059	0.04834	0.14600	0.01538	0.00400	0.00514	0.02063	0.00692	0.00616
36	0.05700	0.02107	0.16223	0.04765	0.03128	0.01604	0.29743	0.02156	0.01746	0.02509	0.06127	0.15996	0.02330	0.01113	0.00885	0.00273	0.01021	0.01122	0.00487	0.00968
37	0.10137	0.26253	0.32323	0.01914	0.05119	0.07337	0.02063	0.02493	0.01667	0.02372	0.01271	0.01493	0.01004	0.00730	0.00643	0.00220	0.01016	0.00515	0.00361	0.01071
38	0.06877	0.01192	0.01415	0.01245	0.01611	0.01187	0.00984	0.04760	0.13163	0.13655	0.30985	0.04391	0.04504	0.01319	0.00847	0.00252	0.00536	0.05038	0.00819	0.05219

[dist]
# distance from previous block
# <min> <max>
4	7

[block]
# block no. 6 follows, 24 sequences, length 39
# corresponding to MSA columns:
# 389-427
name=unknown_G
#
# <colnr> <probs for GDERKNQSTAVLIFYWHMCP>
#	G	D	E	R	K	N	Q	S	T	A	V	L	I	F	Y	W	H	M	C	P
0	0.06404	0.02101	0.12013	0.01527	0.02039	0.11233	0.01370	0.07517	0.13218	0.06979	0.06152	0.06818	0.15431	0.01259	0.00814	0.00255	0.00789	0.02430	0.00649	0.01000
1	0.06017	0.09058	0.05954	0.01450	0.01918	0.11047	0.01214	0.10115	0.07457	0.10252	0.10765	0.02906	0.02425	0.11030	0.01205	0.00302	0.00814	0.00807	0.00624	0.04641
2	0.42534	0.01570	0.05704	0.04276	0.01884	0.01568	0.01130	0.02425	0.01650	0.13354	0.11115	0.02277	0.02034	0.00943	0.00746	0.00253	0.04325	0.00671	0.00600	0.00941
3	0.01615	0.01427	0.01793	0.06676	0.02155	0.01313	0.01156	0.01941	0.01564	0.02404	0.01494	0.05095	0.01342	0.00825	0.00949	0.00176	0.11933	0.00611	0.00454	0.55079
4	0.01324	0.00887	0.01105	0.01074	0.01285	0.00818	0.00785	0.03500	0.01855	0.05364	0.22544	0.27452	0.04792	0.05448	0.01047	0.00285	0.00483	0.03253	0.08590	0.08107
5	0.02276	0.05717	0.01990	0.08311	0.02350	0.28343	0.01360	0.09138	0.02209	0.06338	0.09525	0.09368	0.04358	0.01187	0.00805	0.00241	0.00983	0.03987	0.00585	0.00929
6	0.02061	0.01951	0.06824	0.06741	0.45331	0.01832	0.05153	0.07620	0.02001	0.06772	0.04738	0.02189	0.01578	0.00792	0.00799	0.00241	0.00930	0.00751	0.00480	0.01216
7	0.01658	0.13437	0.55151	0.06292	0.03363	0.02016	0.02667	0.02463	0.01660	0.02392	0.01378	0.01645	0.01010	0.00745	0.00722	0.00241	0.01120	0.00571	0.00337	0.01133
8	0.21821	0.05106	0.01858	0.01463	0.01971	0.03837	0.01190	0.10865	0.21436	0.11729	0.02132	0.02103	0.01579	0.00920	0.00778	0.00244	0.04015	0.00672	0.00671	0.05611
9	0.01103	0.00798	0.01012	0.01053	0.01134	0.00801	0.00724	0.01276	0.01570	0.02164	0.16436	0.30235	0.07603	0.19172	0.05086	0.00455	0.03923	0.01601	0.03210	0.00644
10	0.01650	0.01617	0.02231	0.05133	0.02257	0.07175	0.09366	0.01941	0.01452	0.02039	0.01561	0.02329	0.01427	0.05717	0.18327	0.00551	0.26245	0.00761	0.03353	0.04867
11	0.01771	0.03419	0.48523	0.02424	0.05799	0.01869	0.10042	0.02545	0.01702	0.06458	0.01520	0.01809	0.01100	0.00807	0.00930	0.00260	0.06832	0.00654	0.00386	0.01149
12	0.01122	0.00811	0.01060	0.00998	0.01185	0.00748	0.00748	0.01496	0.02245	0.03180	0.66766	0.05923	0.07482	0.01621	0.00935	0.00249	0.00374	0.01434	0.00873	0.00748
13	0.01891	0.01493	0.01733	0.01256	0.01949	0.01212	0.01012	0.08756	0.01899	0.06265	0.01552	0.01727	0.01235	0.00647	0.00620	0.00137	0.00622	0.00513	0.00531	0.64950
14	0.00994	0.00806	0.00882	0.00863	0.01106	0.00694	0.00647	0.01248	0.01942	0.02461	0.26094	0.07106	0.48603	0.01889	0.00937	0.00262	0.00393	0.01600	0.00778	0.00694
15	0.02764	0.02050	0.02207	0.01736	0.02312	0.02277	0.01421	0.53083	0.09955	0.04605	0.02077	0.02107	0.01514	0.01184	0.03790	0.00285	0.00883	0.00740	0.03723	0.01287
16	0.05735	0.01619	0.02611	0.40494	0.26901	0.01837	0.02182	0.04959	0.01746	0.02438	0.01444	0.02008	0.01130	0.00766	0.00774	0.00252	0.00985	0.00691	0.00393	0.01033
17	0.03530	0.01394	0.01868	0.01432	0.02046	0.01231	0.01183	0.06949	0.02344	0.64545	0.03066	0.02659	0.01932	0.00980	0.00797	0.00245	0.00685	0.00793	0.00972	0.01349
18	0.01419	0.01081	0.05111	0.01138	0.01428	0.00886	0.00934	0.01861	0.04013	0.09763	0.51514	0.08388	0.06276	0.01529	0.00910	0.00253	0.00464	0.01342	0.00844	0.00845
19	0.01777	0.01872	0.03690	0.10779	0.10026	0.01923	0.38223	0.02317	0.01728	0.02410	0.01620	0.03996	0.01320	0.00841	0.01104	0.00272	0.10178	0.00882	0.04029	0.01013
20	0.01006	0.00719	0.00966	0.01150	0.01213	0.00678	0.00805	0.01173	0.01557	0.02069	0.04349	0.63602	0.05158	0.02447	0.01023	0.00328	0.00495	0.09873	0.00735	0.00655
21	0.02158	0.01796	0.01898	0.01651	0.02133	0.02059	0.01300	0.14974	0.54689	0.03617	0.02991	0.02770	0.02229	0.01054	0.00804	0.00263	0.00671	0.00864	0.00804	0.01272
22	0.05684	0.01537	0.02453	0.52329	0.08871	0.01828	0.05083	0.05376	0.04771	0.02381	0.01520	0.02091	0.01146	0.00800	0.00784	0.00260	0.01010	0.00711	0.00409	0.00955
