[name]
unknown

[dist]
# distance from previous block
# <min> <max>
0	0

[block]
# block no. 0 follows, 22 sequences, length 15
# corresponding to MSA columns:
# 0-14
name=unknown_A
#
# <colnr> <probs for GDERKNQSTAVLIFYWHMCP>
#	G	D	E	R	K	N	Q	S	T	A	V	L	I	F	Y	W	H	M	C	P
0	0.01339	0.00956	0.01339	0.01530	0.01721	0.00956	0.01339	0.01721	0.01912	0.02486	0.04399	0.09371	0.04781	0.02295	0.01147	0.00382	0.00765	0.60031	0.00765	0.00765
1	0.01877	0.02122	0.04556	0.03275	0.04068	0.01982	0.57328	0.02536	0.01955	0.02626	0.02254	0.02731	0.06713	0.00820	0.00981	0.00280	0.01317	0.01046	0.00450	0.01085
2	0.01012	0.00723	0.00964	0.01157	0.01205	0.00675	0.00771	0.01157	0.01591	0.02121	0.04579	0.70262	0.05495	0.02603	0.01060	0.00337	0.00482	0.02362	0.00771	0.00675
3	0.02056	0.01974	0.03372	0.05099	0.65622	0.01974	0.02550	0.02550	0.01892	0.02714	0.01563	0.02056	0.01316	0.00740	0.00822	0.00247	0.00987	0.00740	0.00411	0.01316
4	0.01602	0.01501	0.02132	0.01892	0.01943	0.02030	0.01551	0.01823	0.01294	0.01975	0.01478	0.02311	0.01427	0.03085	0.24849	0.00695	0.46385	0.00783	0.00391	0.00852
5	0.01026	0.00756	0.00966	0.01126	0.01221	0.00696	0.00781	0.01196	0.01660	0.02163	0.05204	0.56373	0.15364	0.02502	0.01052	0.00331	0.00488	0.05640	0.00771	0.00684
6	0.01977	0.01894	0.03230	0.15387	0.55949	0.01953	0.02510	0.02481	0.01854	0.02619	0.01549	0.02082	0.01282	0.00755	0.00824	0.00252	0.01006	0.00740	0.00404	0.01252
7	0.02066	0.01785	0.01878	0.01691	0.02160	0.02066	0.01315	0.04414	0.64121	0.03475	0.03381	0.03099	0.02536	0.01127	0.00845	0.00282	0.00657	0.00939	0.00845	0.01315
8	0.01012	0.00723	0.00964	0.01157	0.01205	0.00675	0.00771	0.01157	0.01591	0.02121	0.04579	0.70262	0.05495	0.02603	0.01060	0.00337	0.00482	0.02362	0.00771	0.00675
9	0.01012	0.00723	0.00964	0.01157	0.01205	0.00675	0.00771	0.01157	0.01591	0.02121	0.04579	0.70262	0.05495	0.02603	0.01060	0.00337	0.00482	0.02362	0.00771	0.00675
10	0.02040	0.01801	0.02093	0.01799	0.02311	0.02016	0.05829	0.04156	0.56077	0.03373	0.03150	0.02960	0.02369	0.01067	0.00843	0.00273	0.00710	0.00918	0.00794	0.05420
11	0.01723	0.01477	0.01723	0.01230	0.01969	0.01107	0.00984	0.02092	0.01723	0.02707	0.01477	0.01723	0.01230	0.00615	0.00615	0.00123	0.00615	0.00492	0.00492	0.75883
12	0.01928	0.02178	0.04703	0.08886	0.04456	0.02080	0.57633	0.02617	0.01936	0.02617	0.01664	0.02239	0.01248	0.00711	0.00968	0.00280	0.01376	0.00960	0.00416	0.01104
13	0.01955	0.39151	0.34174	0.01876	0.02834	0.02636	0.02212	0.02556	0.01720	0.02279	0.01316	0.01535	0.01060	0.00748	0.00656	0.00219	0.01051	0.00526	0.00353	0.01144
14	0.51934	0.01543	0.01524	0.04896	0.07268	0.01711	0.01116	0.02517	0.01560	0.10539	0.01571	0.01960	0.01253	0.06576	0.00899	0.00302	0.00716	0.00596	0.00556	0.00963

[dist]
# distance from previous block
# <min> <max>
0	1

[block]
# block no. 1 follows, 22 sequences, length 405
# corresponding to MSA columns:
# 16-420
name=unknown_B
#
# <colnr> <probs for GDERKNQSTAVLIFYWHMCP>
#	G	D	E	R	K	N	Q	S	T	A	V	L	I	F	Y	W	H	M	C	P
0	0.03367	0.01412	0.01872	0.01448	0.02057	0.01244	0.01188	0.06685	0.02419	0.54257	0.08696	0.03034	0.02503	0.01066	0.00837	0.00250	0.00684	0.00874	0.00981	0.05125
1	0.03693	0.01468	0.01961	0.01504	0.02148	0.01301	0.01242	0.07537	0.02468	0.62581	0.03201	0.02778	0.02018	0.01026	0.00835	0.00257	0.00719	0.00830	0.01017	0.01414
2	0.02056	0.01974	0.03372	0.05099	0.65622	0.01974	0.02550	0.02550	0.01892	0.02714	0.01563	0.02056	0.01316	0.00740	0.00822	0.00247	0.00987	0.00740	0.00411	0.01316
3	0.01153	0.00838	0.01087	0.01047	0.01233	0.00771	0.00777	0.01516	0.02265	0.03180	0.57510	0.12044	0.09870	0.01796	0.00987	0.00269	0.00401	0.01590	0.00896	0.00771
4	0.02189	0.01762	0.01898	0.01648	0.02162	0.01956	0.01293	0.07140	0.51793	0.07216	0.03133	0.02903	0.02333	0.01069	0.00823	0.00264	0.00670	0.00883	0.00824	0.08040
5	0.01549	0.00774	0.00774	0.00774	0.00968	0.00774	0.00581	0.01936	0.01742	0.03097	0.02710	0.03097	0.02129	0.00968	0.00581	0.00194	0.00387	0.00774	0.75416	0.00774
6	0.01309	0.00935	0.01305	0.01496	0.01675	0.00931	0.01288	0.01670	0.01883	0.02453	0.04415	0.14854	0.04845	0.02323	0.01140	0.00378	0.00739	0.54838	0.00766	0.00757
7	0.03504	0.01419	0.01892	0.01477	0.02089	0.01267	0.01211	0.03979	0.06968	0.59079	0.05702	0.02980	0.02318	0.01062	0.00842	0.00259	0.00691	0.00869	0.01010	0.01382
8	0.01443	0.00722	0.01082	0.01082	0.01082	0.00722	0.00722	0.01082	0.01082	0.01443	0.01443	0.02525	0.01443	0.02886	0.03247	0.75830	0.00722	0.00722	0.00361	0.00361
9	0.03698	0.01460	0.01956	0.01500	0.02144	0.01290	0.01239	0.07024	0.02455	0.63113	0.03213	0.02785	0.02024	0.01027	0.00835	0.00257	0.00717	0.00831	0.01018	0.01414
10	0.01703	0.01474	0.01806	0.01309	0.02023	0.01126	0.03186	0.02075	0.01726	0.02682	0.01607	0.04470	0.01401	0.00697	0.00646	0.00137	0.00638	0.00584	0.00501	0.70207
11	0.03103	0.03959	0.02354	0.02140	0.02568	0.67469	0.01605	0.03317	0.02354	0.02033	0.01284	0.01498	0.01070	0.00856	0.00749	0.00214	0.01498	0.00535	0.00428	0.00963
12	0.03108	0.03822	0.02366	0.02121	0.02569	0.61994	0.01603	0.08341	0.02485	0.02303	0.01344	0.01540	0.01099	0.00868	0.00756	0.00217	0.01449	0.00553	0.00462	0.01001
13	0.19042	0.01619	0.01738	0.01421	0.01962	0.01701	0.01156	0.16758	0.09465	0.22763	0.02676	0.02573	0.04162	0.01012	0.00745	0.00253	0.00691	0.00772	0.08294	0.01198
14	0.02014	0.01931	0.03296	0.10600	0.60450	0.01963	0.02529	0.02513	0.01872	0.02663	0.01555	0.02070	0.01298	0.00748	0.00823	0.00249	0.00997	0.00740	0.00408	0.01282
15	0.01184	0.00800	0.00931	0.00946	0.00969	0.00789	0.00558	0.01235	0.01353	0.01822	0.08467	0.12613	0.03725	0.57104	0.03588	0.00705	0.00733	0.01361	0.00570	0.00547
16	0.03727	0.01414	0.01928	0.01478	0.02121	0.01221	0.01221	0.04049	0.02378	0.66198	0.03277	0.02828	0.02056	0.01028	0.00835	0.00257	0.00707	0.00835	0.01028	0.01414
17	0.01176	0.00849	0.01110	0.01045	0.01241	0.00784	0.00784	0.01568	0.02352	0.03331	0.65184	0.06206	0.07839	0.01698	0.00980	0.00261	0.00392	0.01502	0.00914	0.00784
18	0.01549	0.00774	0.00774	0.00774	0.00968	0.00774	0.00581	0.01936	0.01742	0.03097	0.02710	0.03097	0.02129	0.00968	0.00581	0.00194	0.00387	0.00774	0.75416	0.00774
19	0.02109	0.01806	0.01902	0.01699	0.02176	0.02086	0.01325	0.06696	0.61770	0.03544	0.03327	0.03056	0.02492	0.01122	0.00845	0.00281	0.00667	0.00932	0.00845	0.01319
20	0.01359	0.00938	0.01191	0.01070	0.01348	0.00832	0.00814	0.01729	0.02256	0.06910	0.50811	0.05758	0.11923	0.01597	0.00939	0.00250	0.00433	0.01394	0.00871	0.07577
21	0.02221	0.71304	0.04353	0.01421	0.02132	0.03287	0.01421	0.02488	0.01688	0.01955	0.01155	0.01333	0.01066	0.00711	0.00533	0.00178	0.00888	0.00444	0.00355	0.01066
22	0.01633	0.01511	0.02492	0.66088	0.05594	0.01875	0.02278	0.04591	0.01752	0.02249	0.01498	0.02206	0.01120	0.00837	0.00831	0.00276	0.01100	0.00739	0.00388	0.00943
23	0.01176	0.00849	0.01110	0.01045	0.01241	0.00784	0.00784	0.01568	0.02352	0.03331	0.65184	0.06206	0.07839	0.01698	0.00980	0.00261	0.00392	0.01502	0.00914	0.00784
24	0.01168	0.00849	0.01100	0.01037	0.01237	0.00781	0.00778	0.01553	0.02334	0.03290	0.63035	0.06273	0.10013	0.01714	0.00980	0.00262	0.00393	0.01512	0.00909	0.00781
25	0.01009	0.00733	0.00953	0.01129	0.01198	0.00677	0.00759	0.01160	0.01617	0.02131	0.04914	0.64818	0.10722	0.02559	0.01053	0.00332	0.00477	0.02308	0.00771	0.00677
26	0.01012	0.00723	0.00964	0.01157	0.01205	0.00675	0.00771	0.01157	0.01591	0.02121	0.04579	0.70262	0.05495	0.02603	0.01060	0.00337	0.00482	0.02362	0.00771	0.00675
27	0.01188	0.00886	0.01313	0.01313	0.01454	0.01027	0.01011	0.01470	0.01329	0.01912	0.02245	0.03374	0.02125	0.09497	0.64311	0.01308	0.02153	0.00906	0.00448	0.00730
28	0.02221	0.71304	0.04353	0.01421	0.02132	0.03287	0.01421	0.02488	0.01688	0.01955	0.01155	0.01333	0.01066	0.00711	0.00533	0.00178	0.00888	0.00444	0.00355	0.01066
29	0.01666	0.04297	0.66500	0.02368	0.03596	0.01929	0.03069	0.02631	0.01754	0.02631	0.01491	0.01754	0.01052	0.00789	0.00789	0.00263	0.01228	0.00614	0.00351	0.01228
30	0.01949	0.02206	0.04710	0.03394	0.04166	0.02137	0.57649	0.02607	0.01905	0.02607	0.01633	0.02206	0.01247	0.00762	0.01123	0.00287	0.06935	0.00960	0.00416	0.01103
31	0.76672	0.01607	0.01221	0.01092	0.01607	0.01864	0.00900	0.02442	0.01414	0.03727	0.01157	0.01350	0.00900	0.00771	0.00514	0.00257	0.00643	0.00450	0.00514	0.00900
32	0.01666	0.04297	0.66500	0.02368	0.03596	0.01929	0.03069	0.02631	0.01754	0.02631	0.01491	0.01754	0.01052	0.00789	0.00789	0.00263	0.01228	0.00614	0.00351	0.01228
33	0.01738	0.01619	0.02686	0.52136	0.18845	0.01902	0.02333	0.04563	0.01799	0.02374	0.01516	0.02171	0.01165	0.00817	0.00829	0.00269	0.01073	0.00739	0.00396	0.01029
34	0.01569	0.01477	0.02492	0.68808	0.05722	0.01846	0.02307	0.02123	0.01661	0.02123	0.01477	0.02215	0.01107	0.00831	0.00831	0.00277	0.01107	0.00738	0.00369	0.00923
35	0.02221	0.71304	0.04353	0.01421	0.02132	0.03287	0.01421	0.02488	0.01688	0.01955	0.01155	0.01333	0.01066	0.00711	0.00533	0.00178	0.00888	0.00444	0.00355	0.01066
36	0.02013	0.01930	0.03295	0.10669	0.60385	0.01963	0.02528	0.02512	0.01871	0.02662	0.01555	0.02070	0.01298	0.00748	0.00823	0.00249	0.00997	0.00740	0.00408	0.01282
37	0.01208	0.00805	0.00906	0.00906	0.00906	0.00805	0.00503	0.01208	0.01208	0.01611	0.02618	0.05436	0.03020	0.70804	0.04228	0.00805	0.00805	0.01208	0.00503	0.00503
38	0.03063	0.02280	0.02439	0.01892	0.02540	0.02532	0.01556	0.57743	0.09171	0.05082	0.02116	0.02091	0.01511	0.01009	0.00832	0.00252	0.00892	0.00765	0.00832	0.01404
39	0.02066	0.01785	0.01878	0.01691	0.02160	0.02066	0.01315	0.04414	0.64121	0.03475	0.03381	0.03099	0.02536	0.01127	0.00845	0.00282	0.00657	0.00939	0.00845	0.01315
40	0.02056	0.01974	0.03372	0.05099	0.65622	0.01974	0.02550	0.02550	0.01892	0.02714	0.01563	0.02056	0.01316	0.00740	0.00822	0.00247	0.00987	0.00740	0.00411	0.01316
41	0.01723	0.01477	0.01723	0.01230	0.01969	0.01107	0.00984	0.02092	0.01723	0.02707	0.01477	0.01723	0.01230	0.00615	0.00615	0.00123	0.00615	0.00492	0.00492	0.75883
42	0.02480	0.01114	0.01491	0.01298	0.01694	0.00981	0.01006	0.02754	0.02123	0.36453	0.11877	0.22926	0.06971	0.01622	0.00926	0.00282	0.00587	0.01407	0.00927	0.01084
43	0.02290	0.64721	0.06470	0.01459	0.02185	0.03115	0.01470	0.02585	0.01731	0.05790	0.01293	0.01437	0.01124	0.00732	0.00560	0.00185	0.00890	0.00474	0.00395	0.01093
44	0.02639	0.01923	0.02148	0.01611	0.02303	0.01896	0.01318	0.34512	0.02933	0.08926	0.01890	0.01952	0.01391	0.00850	0.00747	0.00200	0.00781	0.00654	0.00713	0.30613
45	0.02056	0.01974	0.03372	0.05099	0.65622	0.01974	0.02550	0.02550	0.01892	0.02714	0.01563	0.02056	0.01316	0.00740	0.00822	0.00247	0.00987	0.00740	0.00411	0.01316
46	0.01188	0.00886	0.01317	0.01317	0.01459	0.01029	0.01016	0.01472	0.01330	0.01915	0.02242	0.03356	0.02117	0.08978	0.64820	0.01313	0.02165	0.00904	0.00448	0.00732
47	0.76672	0.01607	0.01221	0.01092	0.01607	0.01864	0.00900	0.02442	0.01414	0.03727	0.01157	0.01350	0.00900	0.00771	0.00514	0.00257	0.00643	0.00450	0.00514	0.00900
48	0.02056	0.01974	0.03372	0.05099	0.65622	0.01974	0.02550	0.02550	0.01892	0.02714	0.01563	0.02056	0.01316	0.00740	0.00822	0.00247	0.00987	0.00740	0.00411	0.01316
49	0.02029	0.08333	0.04127	0.04071	0.33186	0.02147	0.28633	0.02593	0.01903	0.02623	0.01577	0.02072	0.01269	0.00720	0.00865	0.00255	0.01158	0.00818	0.00410	0.01208
50	0.03060	0.02353	0.02433	0.01902	0.02540	0.05469	0.01557	0.55048	0.09101	0.04937	0.02084	0.02069	0.01495	0.01002	0.00829	0.00251	0.00918	0.00755	0.00814	0.01384
51	0.01187	0.00890	0.01335	0.01335	0.01483	0.01038	0.01038	0.01483	0.01335	0.01928	0.02225	0.03264	0.02077	0.06231	0.67512	0.01335	0.02225	0.00890	0.00445	0.00742
52	0.01537	0.01094	0.01345	0.01253	0.01535	0.01101	0.00974	0.02343	0.15547	0.07119	0.42723	0.05618	0.06076	0.01589	0.00957	0.00276	0.00501	0.06585	0.00893	0.00934
53	0.01176	0.00849	0.01110	0.01045	0.01241	0.00784	0.00784	0.01568	0.02352	0.03331	0.65184	0.06206	0.07839	0.01698	0.00980	0.00261	0.00392	0.01502	0.00914	0.00784
54	0.02454	0.02627	0.02771	0.03466	0.32392	0.24006	0.02008	0.05551	0.11425	0.02702	0.01758	0.02022	0.01420	0.00847	0.00802	0.00241	0.01106	0.00701	0.00499	0.01201
55	0.05956	0.27730	0.02976	0.01575	0.02244	0.02434	0.01393	0.21501	0.02552	0.20970	0.02006	0.01954	0.01442	0.00890	0.00708	0.00225	0.00836	0.00647	0.00696	0.01263
56	0.01308	0.00940	0.01299	0.01482	0.01671	0.00932	0.01281	0.01671	0.01897	0.02458	0.04585	0.12143	0.07497	0.02301	0.01136	0.00376	0.00737	0.54764	0.00766	0.00758
57	0.03430	0.01348	0.01833	0.01428	0.02018	0.01170	0.01170	0.03759	0.02375	0.58870	0.10493	0.03221	0.02730	0.01106	0.00852	0.00258	0.00670	0.00913	0.01015	0.01340
58	0.01208	0.00805	0.00906	0.00906	0.00906	0.00805	0.00503	0.01208	0.01208	0.01611	0.02618	0.05436	0.03020	0.70804	0.04228	0.00805	0.00805	0.01208	0.00503	0.00503
59	0.03058	0.02252	0.02422	0.01876	0.02512	0.02488	0.01541	0.59982	0.03798	0.05091	0.02115	0.05171	0.01603	0.01072	0.00842	0.00253	0.00894	0.00823	0.00828	0.01378
60	0.01723	0.01477	0.01723	0.01230	0.01969	0.01107	0.00984	0.02092	0.01723	0.02707	0.01477	0.01723	0.01230	0.00615	0.00615	0.00123	0.00615	0.00492	0.00492	0.75883
61	0.02221	0.71304	0.04353	0.01421	0.02132	0.03287	0.01421	0.02488	0.01688	0.01955	0.01155	0.01333	0.01066	0.00711	0.00533	0.00178	0.00888	0.00444	0.00355	0.01066
62	0.03158	0.02327	0.02493	0.01911	0.02576	0.02576	0.01579	0.62852	0.03906	0.05236	0.01995	0.01995	0.01413	0.00997	0.00831	0.00249	0.00914	0.00748	0.00831	0.01413
63	0.02022	0.01746	0.01836	0.01656	0.02118	0.02011	0.01287	0.04283	0.61578	0.03425	0.03587	0.03300	0.05101	0.01167	0.00851	0.00282	0.00648	0.00973	0.00842	0.01290
64	0.02032	0.01949	0.03328	0.08304	0.62608	0.01967	0.02537	0.02528	0.01880	0.02684	0.01558	0.02064	0.01305	0.00745	0.00823	0.00248	0.00993	0.00740	0.00409	0.01296
65	0.00982	0.00842	0.00842	0.00842	0.01122	0.00701	0.00631	0.01192	0.01894	0.02244	0.08416	0.07995	0.65285	0.02104	0.00982	0.00281	0.00421	0.01753	0.00771	0.00701
66	0.03727	0.01414	0.01928	0.01478	0.02121	0.01221	0.01221	0.04049	0.02378	0.66198	0.03277	0.02828	0.02056	0.01028	0.00835	0.00257	0.00707	0.00835	0.01028	0.01414
67	0.00999	0.00842	0.00865	0.00859	0.01133	0.00709	0.00645	0.01225	0.01934	0.02339	0.13379	0.07838	0.60262	0.02068	0.00982	0.00279	0.00418	0.01731	0.00784	0.00709
68	0.46548	0.01527	0.01513	0.01252	0.01819	0.01598	0.01032	0.03105	0.01812	0.29526	0.02033	0.01960	0.01377	0.00877	0.00647	0.00257	0.00669	0.00609	0.00726	0.01112
69	0.01961	0.02241	0.04902	0.03501	0.04342	0.02101	0.62605	0.02661	0.01961	0.02661	0.01681	0.02241	0.01261	0.00700	0.00980	0.00280	0.01401	0.00980	0.00420	0.01120
70	0.02641	0.02070	0.02202	0.01807	0.02379	0.02335	0.01454	0.35156	0.32445	0.04401	0.02652	0.02518	0.01945	0.01059	0.00838	0.00265	0.00792	0.00839	0.00838	0.01366
71	0.02221	0.71304	0.04353	0.01421	0.02132	0.03287	0.01421	0.02488	0.01688	0.01955	0.01155	0.01333	0.01066	0.00711	0.00533	0.00178	0.00888	0.00444	0.00355	0.01066
72	0.03065	0.06996	0.02455	0.02093	0.02548	0.60633	0.01595	0.06811	0.02415	0.02219	0.01320	0.01520	0.01090	0.00858	0.00744	0.00214	0.01435	0.00543	0.00449	0.00995
73	0.00993	0.00842	0.00858	0.00854	0.01129	0.00706	0.00640	0.01215	0.01921	0.02309	0.11783	0.07889	0.61877	0.02080	0.00982	0.00279	0.00419	0.01738	0.00780	0.00706
74	0.00991	0.00842	0.00854	0.00851	0.01127	0.00705	0.00638	0.01209	0.01914	0.02293	0.10986	0.07914	0.62685	0.02086	0.00982	0.00280	0.00419	0.01742	0.00778	0.00705
75	0.01197	0.00850	0.01130	0.01130	0.01208	0.00927	0.00783	0.01352	0.01274	0.01777	0.02412	0.04301	0.02527	0.37055	0.37304	0.01082	0.01547	0.01042	0.00473	0.00628
76	0.01176	0.00849	0.01110	0.01045	0.01241	0.00784	0.00784	0.01568	0.02352	0.03331	0.65184	0.06206	0.07839	0.01698	0.00980	0.00261	0.00392	0.01502	0.00914	0.00784
77	0.01187	0.00890	0.01335	0.01335	0.01483	0.01038	0.01038	0.01483	0.01335	0.01928	0.02225	0.03264	0.02077	0.06231	0.67512	0.01335	0.02225	0.00890	0.00445	0.00742
78	0.01844	0.01757	0.02988	0.32877	0.39505	0.01918	0.02444	0.02363	0.01791	0.02456	0.01525	0.02125	0.01225	0.00780	0.00826	0.00260	0.01039	0.00739	0.00393	0.01145
79	0.00982	0.00842	0.00842	0.00842	0.01122	0.00701	0.00631	0.01192	0.01894	0.02244	0.08416	0.07995	0.65285	0.02104	0.00982	0.00281	0.00421	0.01753	0.00771	0.00701
80	0.76672	0.01607	0.01221	0.01092	0.01607	0.01864	0.00900	0.02442	0.01414	0.03727	0.01157	0.01350	0.00900	0.00771	0.00514	0.00257	0.00643	0.00450	0.00514	0.00900
81	0.01666	0.04297	0.66500	0.02368	0.03596	0.01929	0.03069	0.02631	0.01754	0.02631	0.01491	0.01754	0.01052	0.00789	0.00789	0.00263	0.01228	0.00614	0.00351	0.01228
82	0.01996	0.33286	0.33616	0.01918	0.02849	0.05841	0.02208	0.02676	0.04305	0.02341	0.01412	0.01613	0.01120	0.00772	0.00678	0.00224	0.01071	0.00549	0.00377	0.01148
83	0.01443	0.00722	0.01082	0.01082	0.01082	0.00722	0.00722	0.01082	0.01082	0.01443	0.01443	0.02525	0.01443	0.02886	0.03247	0.75830	0.00722	0.00722	0.00361	0.00361
84	0.76672	0.01607	0.01221	0.01092	0.01607	0.01864	0.00900	0.02442	0.01414	0.03727	0.01157	0.01350	0.00900	0.00771	0.00514	0.00257	0.00643	0.00450	0.00514	0.00900
85	0.02124	0.59620	0.15190	0.01586	0.02387	0.03050	0.01709	0.02513	0.01699	0.02072	0.01214	0.01406	0.01064	0.00724	0.00578	0.00193	0.00948	0.00474	0.00355	0.01094
86	0.02056	0.01974	0.03372	0.05099	0.65622	0.01974	0.02550	0.02550	0.01892	0.02714	0.01563	0.02056	0.01316	0.00740	0.00822	0.00247	0.00987	0.00740	0.00411	0.01316
87	0.02056	0.01974	0.03372	0.05099	0.65622	0.01974	0.02550	0.02550	0.01892	0.02714	0.01563	0.02056	0.01316	0.00740	0.00822	0.00247	0.00987	0.00740	0.00411	0.01316
88	0.02027	0.01210	0.01488	0.01300	0.01665	0.01198	0.01007	0.02848	0.16953	0.19029	0.32306	0.04590	0.04924	0.04409	0.01053	0.00289	0.00552	0.01189	0.00909	0.01055
89	0.00982	0.00842	0.00842	0.00842	0.01122	0.00701	0.00631	0.01192	0.01894	0.02244	0.08416	0.07995	0.65285	0.02104	0.00982	0.00281	0.00421	0.01753	0.00771	0.00701
90	0.01623	0.00847	0.00854	0.00827	0.01043	0.00858	0.00627	0.04770	0.01843	0.03197	0.02677	0.03046	0.02096	0.00969	0.00592	0.00196	0.00412	0.00773	0.71946	0.00804
91	0.03103	0.03959	0.02354	0.02140	0.02568	0.67469	0.01605	0.03317	0.02354	0.02033	0.01284	0.01498	0.01070	0.00856	0.00749	0.00214	0.01498	0.00535	0.00428	0.00963
92	0.02056	0.01974	0.03372	0.05099	0.65622	0.01974	0.02550	0.02550	0.01892	0.02714	0.01563	0.02056	0.01316	0.00740	0.00822	0.00247	0.00987	0.00740	0.00411	0.01316
93	0.01208	0.00805	0.00906	0.00906	0.00906	0.00805	0.00503	0.01208	0.01208	0.01611	0.02618	0.05436	0.03020	0.70804	0.04228	0.00805	0.00805	0.01208	0.00503	0.00503
94	0.01139	0.00848	0.01060	0.01007	0.01219	0.00768	0.00755	0.01497	0.02265	0.03127	0.54492	0.06543	0.18658	0.01775	0.00980	0.00265	0.00397	0.01550	0.00888	0.00768
95	0.01925	0.02184	0.04755	0.03414	0.04224	0.02048	0.60293	0.02605	0.01947	0.02641	0.01789	0.04785	0.01419	0.00771	0.00983	0.00282	0.01366	0.01032	0.00433	0.01104
96	0.02023	0.01735	0.01846	0.01681	0.02134	0.02000	0.01316	0.04255	0.60431	0.03416	0.03442	0.03472	0.02669	0.01196	0.00863	0.00288	0.00664	0.04445	0.00841	0.01282
97	0.02995	0.02246	0.02401	0.01878	0.02514	0.02500	0.01540	0.54123	0.12900	0.04973	0.02202	0.02160	0.01581	0.01017	0.00833	0.00254	0.00876	0.00777	0.00833	0.01398
98	0.03449	0.01442	0.01887	0.01466	0.02053	0.01307	0.01189	0.09155	0.02412	0.54823	0.03101	0.02987	0.02085	0.07309	0.01141	0.00306	0.00735	0.00861	0.00963	0.01332
99	0.01156	0.00834	0.01093	0.01059	0.01237	0.00771	0.00782	0.01518	0.02260	0.03185	0.57858	0.13949	0.07555	0.01808	0.00990	0.00270	0.00403	0.01606	0.00897	0.00771
100	0.02018	0.01743	0.01832	0.01653	0.02114	0.02006	0.01285	0.04272	0.61363	0.03421	0.03604	0.03316	0.05318	0.01170	0.00851	0.00282	0.00647	0.00975	0.00842	0.01288
101	0.01623	0.00964	0.01148	0.12631	0.01863	0.01039	0.00924	0.04638	0.01823	0.03022	0.02465	0.02896	0.01921	0.00945	0.00635	0.00210	0.00535	0.00767	0.59123	0.00828
102	0.01012	0.00723	0.00964	0.01157	0.01205	0.00675	0.00771	0.01157	0.01591	0.02121	0.04579	0.70262	0.05495	0.02603	0.01060	0.00337	0.00482	0.02362	0.00771	0.00675
103	0.01031	0.00744	0.00977	0.01128	0.01206	0.00690	0.00766	0.01210	0.01701	0.02280	0.12423	0.59263	0.08573	0.02465	0.01047	0.00325	0.00468	0.02225	0.00789	0.00690
104	0.01443	0.00722	0.01082	0.01082	0.01082	0.00722	0.00722	0.01082	0.01082	0.01443	0.01443	0.02525	0.01443	0.02886	0.03247	0.75830	0.00722	0.00722	0.00361	0.00361
105	0.01691	0.01443	0.01689	0.01227	0.01935	0.01088	0.00975	0.02050	0.01717	0.02681	0.01614	0.04761	0.01420	0.00703	0.00635	0.00133	0.00609	0.00575	0.00505	0.72549
106	0.06171	0.01755	0.07711	0.01570	0.02213	0.01462	0.01384	0.12227	0.02466	0.42900	0.05710	0.06113	0.02260	0.01102	0.00835	0.00261	0.00756	0.00894	0.00899	0.01310
107	0.01725	0.11390	0.59922	0.02268	0.03441	0.02073	0.02895	0.02616	0.01747	0.02559	0.01455	0.01709	0.01054	0.00781	0.00762	0.00254	0.01192	0.00596	0.00351	0.01211
108	0.02257	0.02385	0.02405	0.02086	0.02288	0.19494	0.01682	0.07545	0.05507	0.02363	0.01396	0.01880	0.01235	0.01422	0.04410	0.00347	0.39166	0.00697	0.00451	0.00983
109	0.07754	0.01617	0.01973	0.01541	0.02155	0.01573	0.01266	0.16658	0.05344	0.43928	0.05408	0.02709	0.02105	0.01038	0.00822	0.00257	0.00733	0.00825	0.00942	0.01353
110	0.00999	0.00842	0.00866	0.00860	0.01133	0.00709	0.00645	0.01226	0.01935	0.02342	0.13548	0.07833	0.60092	0.02067	0.00982	0.00279	0.00418	0.01731	0.00784	0.00709
111	0.01132	0.00847	0.01050	0.00999	0.01214	0.00765	0.00749	0.01483	0.02248	0.03086	0.52377	0.06609	0.20799	0.01790	0.00980	0.00266	0.00398	0.01559	0.00882	0.00765
112	0.01197	0.00850	0.01132	0.01132	0.01210	0.00928	0.00785	0.01353	0.01275	0.01778	0.02411	0.04293	0.02524	0.36835	0.37519	0.01084	0.01552	0.01041	0.00473	0.00629
113	0.76672	0.01607	0.01221	0.01092	0.01607	0.01864	0.00900	0.02442	0.01414	0.03727	0.01157	0.01350	0.00900	0.00771	0.00514	0.00257	0.00643	0.00450	0.00514	0.00900
114	0.01012	0.00723	0.00964	0.01157	0.01205	0.00675	0.00771	0.01157	0.01591	0.02121	0.04579	0.70262	0.05495	0.02603	0.01060	0.00337	0.00482	0.02362	0.00771	0.00675
115	0.02562	0.01248	0.01625	0.01359	0.01800	0.01155	0.01090	0.08245	0.02437	0.33184	0.23500	0.08185	0.04227	0.01401	0.00911	0.00269	0.00612	0.04114	0.00945	0.01132
116	0.01904	0.32983	0.39895	0.01963	0.02969	0.02511	0.02364	0.02570	0.01726	0.02341	0.01347	0.01574	0.01058	0.00756	0.00680	0.00227	0.01082	0.00541	0.00353	0.01159
117	0.76672	0.01607	0.01221	0.01092	0.01607	0.01864	0.00900	0.02442	0.01414	0.03727	0.01157	0.01350	0.00900	0.00771	0.00514	0.00257	0.00643	0.00450	0.00514	0.00900
118	0.02012	0.01929	0.03293	0.10836	0.60228	0.01962	0.02528	0.02511	0.01871	0.02661	0.01555	0.02070	0.01297	0.00748	0.00823	0.00249	0.00998	0.00740	0.00407	0.01281
119	0.01113	0.00847	0.01023	0.00979	0.01202	0.00757	0.00734	0.01446	0.02203	0.02978	0.46745	0.06787	0.26498	0.01830	0.00980	0.00268	0.00401	0.01584	0.00868	0.00757
120	0.01569	0.01477	0.02492	0.68808	0.05722	0.01846	0.02307	0.02123	0.01661	0.02123	0.01477	0.02215	0.01107	0.00831	0.00831	0.00277	0.01107	0.00738	0.00369	0.00923
121	0.01121	0.00882	0.01327	0.01328	0.01481	0.00819	0.06173	0.01359	0.01765	0.02377	0.14705	0.50635	0.08301	0.02261	0.01036	0.00317	0.00544	0.02068	0.00765	0.00733
122	0.03727	0.01414	0.01928	0.01478	0.02121	0.01221	0.01221	0.04049	0.02378	0.66198	0.03277	0.02828	0.02056	0.01028	0.00835	0.00257	0.00707	0.00835	0.01028	0.01414
123	0.03024	0.10024	0.02534	0.02075	0.02529	0.61690	0.01589	0.03243	0.02294	0.02026	0.01272	0.01483	0.01070	0.00843	0.00730	0.00211	0.01443	0.00527	0.00421	0.00972
124	0.02022	0.01737	0.01840	0.01658	0.02114	0.02002	0.01288	0.04271	0.61014	0.03468	0.06491	0.03256	0.02803	0.01156	0.00852	0.00281	0.00644	0.00968	0.00849	0.01288
125	0.01912	0.01953	0.03682	0.03969	0.32975	0.01939	0.24968	0.02433	0.01854	0.02598	0.01851	0.08253	0.01658	0.00935	0.01016	0.00274	0.05149	0.00976	0.00444	0.01160
126	0.02159	0.01979	0.01921	0.01731	0.02197	0.07926	0.01341	0.04316	0.58587	0.03346	0.03193	0.02956	0.02405	0.01103	0.00837	0.00276	0.00733	0.00903	0.00808	0.01283
127	0.03110	0.03756	0.02372	0.02112	0.02569	0.59369	0.01602	0.10749	0.02548	0.02433	0.01373	0.01560	0.01113	0.00874	0.00759	0.00218	0.01425	0.00562	0.00478	0.01019
128	0.02037	0.01954	0.03337	0.07635	0.63237	0.01969	0.02540	0.02533	0.01882	0.02690	0.01559	0.02062	0.01308	0.00744	0.00823	0.00248	0.00992	0.00740	0.00410	0.01300
129	0.03158	0.02327	0.02493	0.01911	0.02576	0.02576	0.01579	0.62852	0.03906	0.05236	0.01995	0.01995	0.01413	0.00997	0.00831	0.00249	0.00914	0.00748	0.00831	0.01413
130	0.03158	0.02327	0.02493	0.01911	0.02576	0.02576	0.01579	0.62852	0.03906	0.05236	0.01995	0.01995	0.01413	0.00997	0.00831	0.00249	0.00914	0.00748	0.00831	0.01413
131	0.02163	0.01826	0.01935	0.01691	0.02194	0.02071	0.01326	0.10410	0.54684	0.03621	0.03140	0.02915	0.02353	0.01088	0.00832	0.00270	0.00682	0.00897	0.00826	0.05077
132	0.01046	0.00837	0.00948	0.00945	0.01179	0.00738	0.00703	0.01304	0.01964	0.02509	0.22967	0.12085	0.42129	0.02243	0.04353	0.00333	0.00509	0.01690	0.00793	0.00723
133	0.01187	0.00890	0.01335	0.01335	0.01483	0.01038	0.01038	0.01483	0.01335	0.01928	0.02225	0.03264	0.02077	0.06231	0.67512	0.01335	0.02225	0.00890	0.00445	0.00742
134	0.50463	0.01673	0.01516	0.01299	0.01836	0.01878	0.01060	0.08360	0.10708	0.11483	0.01810	0.01839	0.01321	0.00874	0.00629	0.00260	0.00677	0.00594	0.00653	0.01068
135	0.02066	0.01785	0.01878	0.01691	0.02160	0.02066	0.01315	0.04414	0.64121	0.03475	0.03381	0.03099	0.02536	0.01127	0.00845	0.00282	0.00657	0.00939	0.00845	0.01315
136	0.01790	0.19224	0.52656	0.02157	0.03270	0.02232	0.02702	0.02599	0.01739	0.02480	0.01416	0.01660	0.01055	0.00772	0.00732	0.00244	0.01152	0.00576	0.00352	0.01192
137	0.02982	0.02190	0.02350	0.01821	0.02426	0.02417	0.01482	0.57301	0.03663	0.04909	0.02051	0.02304	0.01558	0.07283	0.01137	0.00299	0.00904	0.00789	0.00802	0.01331
138	0.01356	0.00826	0.01043	0.01043	0.01192	0.00891	0.00779	0.01639	0.01490	0.02388	0.02441	0.03359	0.02160	0.09633	0.30300	0.03670	0.01242	0.00862	0.32965	0.00720
139	0.01331	0.00884	0.01160	0.01072	0.01295	0.00811	0.00811	0.01719	0.02353	0.07164	0.61410	0.06000	0.07486	0.01657	0.00971	0.00261	0.00411	0.01462	0.00921	0.00822
140	0.01229	0.00905	0.01156	0.01083	0.01296	0.00860	0.00815	0.01737	0.06016	0.03340	0.61517	0.06021	0.07524	0.01664	0.00972	0.00262	0.00408	0.01469	0.00910	0.00815
141	0.03158	0.02327	0.02493	0.01911	0.02576	0.02576	0.01579	0.62852	0.03906	0.05236	0.01995	0.01995	0.01413	0.00997	0.00831	0.00249	0.00914	0.00748	0.00831	0.01413
142	0.01029	0.00735	0.00983	0.01176	0.01231	0.00689	0.00800	0.01185	0.01607	0.02139	0.04570	0.67182	0.05458	0.02587	0.01065	0.00340	0.00496	0.05279	0.00771	0.00679
143	0.02684	0.01601	0.01867	0.01581	0.02108	0.01683	0.01257	0.04157	0.37367	0.28150	0.05801	0.03116	0.02558	0.01111	0.00847	0.00271	0.00666	0.00921	0.00920	0.01333
144	0.03067	0.02233	0.02406	0.01871	0.02514	0.02468	0.01537	0.54338	0.10140	0.07543	0.02192	0.02144	0.01557	0.01012	0.00833	0.00253	0.00879	0.00772	0.00841	0.01403
145	0.03108	0.03812	0.02367	0.02120	0.02569	0.61626	0.01603	0.08678	0.02494	0.02322	0.01348	0.01543	0.01101	0.00869	0.00756	0.00217	0.01446	0.00554	0.00464	0.01004
146	0.01305	0.00882	0.01152	0.01081	0.01303	0.00811	0.00825	0.01686	0.02316	0.06433	0.57177	0.06245	0.09556	0.01707	0.00980	0.00267	0.00426	0.04128	0.00908	0.00812
147	0.03158	0.02327	0.02493	0.01911	0.02576	0.02576	0.01579	0.62852	0.03906	0.05236	0.01995	0.01995	0.01413	0.00997	0.00831	0.00249	0.00914	0.00748	0.00831	0.01413
148	0.67518	0.01598	0.01307	0.01149	0.01672	0.01818	0.00944	0.02657	0.04044	0.08960	0.01425	0.01545	0.01063	0.00807	0.00555	0.00258	0.00649	0.00502	0.00571	0.00960
149	0.02013	0.01920	0.03225	0.10682	0.57355	0.01966	0.02472	0.02596	0.04688	0.02695	0.01637	0.02118	0.01352	0.00766	0.00824	0.00251	0.00983	0.00749	0.00427	0.01280
150	0.76672	0.01607	0.01221	0.01092	0.01607	0.01864	0.00900	0.02442	0.01414	0.03727	0.01157	0.01350	0.00900	0.00771	0.00514	0.00257	0.00643	0.00450	0.00514	0.00900
151	0.01056	0.00847	0.00918	0.00924	0.01157	0.00742	0.00688	0.01278	0.01874	0.02323	0.14278	0.07602	0.47063	0.09621	0.01351	0.00343	0.00485	0.05997	0.00759	0.00694
152	0.01026	0.00738	0.00977	0.01162	0.01226	0.00689	0.00792	0.01184	0.01617	0.02142	0.04719	0.65024	0.07771	0.02569	0.01061	0.00337	0.00493	0.05021	0.00771	0.00680
153	0.03111	0.02195	0.02373	0.01828	0.02468	0.02405	0.01508	0.56299	0.03706	0.08745	0.02107	0.02099	0.01487	0.00998	0.00819	0.00247	0.00875	0.00754	0.04595	0.01381
154	0.76672	0.01607	0.01221	0.01092	0.01607	0.01864	0.00900	0.02442	0.01414	0.03727	0.01157	0.01350	0.00900	0.00771	0.00514	0.00257	0.00643	0.00450	0.00514	0.00900
155	0.01818	0.01818	0.02545	0.02181	0.02181	0.02545	0.01818	0.01999	0.01272	0.01999	0.01091	0.01818	0.01091	0.01454	0.02726	0.00364	0.69284	0.00727	0.00364	0.00909
156	0.03555	0.01450	0.01983	0.01541	0.02126	0.01340	0.01275	0.03864	0.02278	0.60417	0.03080	0.02737	0.01969	0.01067	0.01006	0.00267	0.06882	0.00826	0.00968	0.01368
157	0.02265	0.67916	0.04253	0.01458	0.02154	0.06516	0.01431	0.02529	0.01722	0.01958	0.01161	0.01341	0.01066	0.00718	0.00544	0.00180	0.00919	0.00449	0.00359	0.01061
158	0.76672	0.01607	0.01221	0.01092	0.01607	0.01864	0.00900	0.02442	0.01414	0.03727	0.01157	0.01350	0.00900	0.00771	0.00514	0.00257	0.00643	0.00450	0.00514	0.00900
159	0.02089	0.01876	0.01939	0.05695	0.02392	0.05344	0.01388	0.04223	0.57308	0.03322	0.03163	0.02966	0.02377	0.01096	0.00840	0.00278	0.00726	0.00907	0.00796	0.01274
160	0.01152	0.00844	0.01081	0.01031	0.01229	0.00772	0.00770	0.01518	0.02281	0.03187	0.57759	0.08811	0.12922	0.01769	0.00983	0.00266	0.00398	0.01558	0.00896	0.00772
161	0.01176	0.00849	0.01110	0.01045	0.01241	0.00784	0.00784	0.01568	0.02352	0.03331	0.65184	0.06206	0.07839	0.01698	0.00980	0.00261	0.00392	0.01502	0.00914	0.00784
162	0.01569	0.01477	0.02492	0.68808	0.05722	0.01846	0.02307	0.02123	0.01661	0.02123	0.01477	0.02215	0.01107	0.00831	0.00831	0.00277	0.01107	0.00738	0.00369	0.00923
163	0.01187	0.00890	0.01335	0.01335	0.01483	0.01038	0.01038	0.01483	0.01335	0.01928	0.02225	0.03264	0.02077	0.06231	0.67512	0.01335	0.02225	0.00890	0.00445	0.00742
164	0.01208	0.00805	0.00906	0.00906	0.00906	0.00805	0.00503	0.01208	0.01208	0.01611	0.02618	0.05436	0.03020	0.70804	0.04228	0.00805	0.00805	0.01208	0.00503	0.00503
165	0.01181	0.00800	0.00908	0.00926	0.00942	0.00789	0.00533	0.01203	0.01273	0.01684	0.03048	0.11386	0.05972	0.61652	0.03801	0.00740	0.00759	0.01336	0.00539	0.00527
166	0.02256	0.59089	0.09754	0.01550	0.02303	0.03101	0.01583	0.07936	0.01894	0.02311	0.01261	0.01430	0.01096	0.00744	0.00583	0.00192	0.00921	0.00487	0.00398	0.01112
167	0.02277	0.67212	0.04243	0.01451	0.02159	0.03245	0.01431	0.06069	0.01820	0.02149	0.01205	0.01372	0.01087	0.00728	0.00551	0.00182	0.00890	0.00462	0.00384	0.01087
168	0.01710	0.10003	0.52793	0.02308	0.03414	0.02010	0.07777	0.02555	0.01772	0.02555	0.01790	0.02039	0.03979	0.00834	0.00791	0.00258	0.01175	0.00681	0.00376	0.01180
169	0.73505	0.04572	0.01354	0.01106	0.01629	0.01924	0.00922	0.02444	0.01425	0.03652	0.01157	0.01349	0.00907	0.00769	0.00515	0.00254	0.00653	0.00450	0.00507	0.00907
170	0.03158	0.02327	0.02493	0.01911	0.02576	0.02576	0.01579	0.62852	0.03906	0.05236	0.01995	0.01995	0.01413	0.00997	0.00831	0.00249	0.00914	0.00748	0.00831	0.01413
171	0.65454	0.01587	0.01411	0.11207	0.02221	0.01861	0.01110	0.02394	0.01451	0.03488	0.01205	0.01479	0.00931	0.00780	0.00561	0.00260	0.00712	0.00493	0.00492	0.00903
172	0.01762	0.15910	0.55730	0.02204	0.03342	0.02165	0.02784	0.02606	0.01742	0.02514	0.01433	0.01681	0.01055	0.00776	0.00745	0.00248	0.01169	0.00584	0.00352	0.01200
173	0.03158	0.02327	0.02493	0.01911	0.02576	0.02576	0.01579	0.62852	0.03906	0.05236	0.01995	0.01995	0.01413	0.00997	0.00831	0.00249	0.00914	0.00748	0.00831	0.01413
174	0.01961	0.02241	0.04902	0.03501	0.04342	0.02101	0.62605	0.02661	0.01961	0.02661	0.01681	0.02241	0.01261	0.00700	0.00980	0.00280	0.01401	0.00980	0.00420	0.01120
175	0.76672	0.01607	0.01221	0.01092	0.01607	0.01864	0.00900	0.02442	0.01414	0.03727	0.01157	0.01350	0.00900	0.00771	0.00514	0.00257	0.00643	0.00450	0.00514	0.00900
176	0.01989	0.02067	0.07038	0.10674	0.56549	0.01960	0.02559	0.02516	0.01863	0.02656	0.01551	0.02052	0.01281	0.00751	0.00821	0.00250	0.01012	0.00733	0.00404	0.01275
177	0.01011	0.00728	0.00958	0.01142	0.01201	0.00676	0.00765	0.01158	0.01605	0.02126	0.04757	0.67365	0.08276	0.02579	0.01057	0.00335	0.00479	0.02333	0.00771	0.00676
178	0.01036	0.00738	0.00974	0.01135	0.01194	0.00691	0.00760	0.01196	0.01641	0.02206	0.09945	0.61478	0.05590	0.05694	0.01200	0.00352	0.00489	0.02231	0.00772	0.00677
179	0.02081	0.01846	0.02080	0.02170	0.11600	0.04322	0.01476	0.06803	0.44795	0.03347	0.05613	0.03137	0.04802	0.01112	0.00848	0.00272	0.00730	0.00938	0.00765	0.01263
180	0.01818	0.01818	0.02545	0.02181	0.02181	0.02545	0.01818	0.01999	0.01272	0.01999	0.01091	0.01818	0.01091	0.01454	0.02726	0.00364	0.69284	0.00727	0.00364	0.00909
181	0.02192	0.01538	0.01821	0.01375	0.02050	0.01307	0.01115	0.08550	0.04824	0.13435	0.02056	0.02377	0.01621	0.00828	0.00710	0.00178	0.00670	0.03589	0.00644	0.49120
182	0.01694	0.00914	0.00929	0.00877	0.01113	0.00937	0.00671	0.07421	0.01937	0.03290	0.02646	0.02998	0.02065	0.00971	0.00603	0.00199	0.00435	0.00772	0.68700	0.00832
183	0.01723	0.01477	0.01723	0.01230	0.01969	0.01107	0.00984	0.02092	0.01723	0.02707	0.01477	0.01723	0.01230	0.00615	0.00615	0.00123	0.00615	0.00492	0.00492	0.75883
184	0.01723	0.01477	0.01723	0.01230	0.01969	0.01107	0.00984	0.02092	0.01723	0.02707	0.01477	0.01723	0.01230	0.00615	0.00615	0.00123	0.00615	0.00492	0.00492	0.75883
185	0.01276	0.01033	0.01383	0.01373	0.01534	0.04129	0.01065	0.01569	0.01383	0.01933	0.02181	0.03181	0.02030	0.05980	0.64406	0.01283	0.02191	0.00874	0.00444	0.00752
186	0.03727	0.01414	0.01928	0.01478	0.02121	0.01221	0.01221	0.04049	0.02378	0.66198	0.03277	0.02828	0.02056	0.01028	0.00835	0.00257	0.00707	0.00835	0.01028	0.01414
187	0.01026	0.00733	0.00980	0.01173	0.01227	0.00687	0.00796	0.01181	0.01605	0.02137	0.04571	0.67607	0.05463	0.02589	0.01064	0.00339	0.00494	0.04876	0.00771	0.00679
188	0.03727	0.01414	0.01928	0.01478	0.02121	0.01221	0.01221	0.04049	0.02378	0.66198	0.03277	0.02828	0.02056	0.01028	0.00835	0.00257	0.00707	0.00835	0.01028	0.01414
189	0.01443	0.00722	0.01082	0.01082	0.01082	0.00722	0.00722	0.01082	0.01082	0.01443	0.01443	0.02525	0.01443	0.02886	0.03247	0.75830	0.00722	0.00722	0.00361	0.00361
190	0.73901	0.01599	0.01248	0.01107	0.01626	0.01839	0.00912	0.02503	0.01450	0.06100	0.01237	0.01406	0.00944	0.00781	0.00526	0.00257	0.00645	0.00464	0.00534	0.00919
191	0.03179	0.01666	0.02008	0.01608	0.02207	0.01676	0.01306	0.13877	0.19497	0.38978	0.03094	0.02764	0.02081	0.01050	0.00837	0.00263	0.00728	0.00849	0.00946	0.01387
192	0.03026	0.09962	0.02539	0.02067	0.02529	0.59234	0.01588	0.05496	0.02353	0.02147	0.01299	0.01502	0.01083	0.00848	0.00733	0.00212	0.01421	0.00535	0.00437	0.00989
193	0.06286	0.02296	0.02439	0.01877	0.02535	0.02546	0.01550	0.60282	0.03800	0.05171	0.01959	0.01967	0.01391	0.00988	0.00818	0.00250	0.00903	0.00735	0.00818	0.01391
194	0.01012	0.00839	0.00861	0.00858	0.01109	0.00715	0.00627	0.01213	0.01855	0.02242	0.10750	0.07675	0.56788	0.08270	0.01274	0.00327	0.00454	0.01692	0.00755	0.00688
195	0.01142	0.00874	0.01077	0.01189	0.01396	0.00808	0.00961	0.01417	0.01856	0.02331	0.06085	0.17998	0.29876	0.02263	0.01066	0.00334	0.00580	0.27254	0.00769	0.00725
196	0.01507	0.00923	0.01217	0.01101	0.01355	0.00841	0.00841	0.01890	0.02355	0.11501	0.57139	0.05767	0.07087	0.01611	0.00961	0.00261	0.00433	0.01416	0.00929	0.00866
197	0.42513	0.01516	0.01552	0.01273	0.01847	0.01563	0.01050	0.03194	0.01865	0.32982	0.02150	0.02042	0.01441	0.00892	0.00665	0.00257	0.00673	0.00630	0.00755	0.01140
198	0.70053	0.01671	0.01336	0.01166	0.01694	0.01928	0.00961	0.07882	0.01638	0.03863	0.01232	0.01408	0.00946	0.00792	0.00543	0.00256	0.00667	0.00477	0.00543	0.00946
199	0.01620	0.00843	0.00850	0.00825	0.01039	0.00854	0.00625	0.04636	0.01838	0.03192	0.02678	0.03048	0.02098	0.00969	0.00592	0.00196	0.00411	0.00773	0.72110	0.00803
200	0.02273	0.67309	0.04235	0.01464	0.02158	0.07095	0.01432	0.02537	0.01728	0.01959	0.01163	0.01342	0.01066	0.00719	0.00546	0.00180	0.00925	0.00450	0.00360	0.01060
201	0.02035	0.01953	0.03335	0.07810	0.63074	0.01968	0.02539	0.02531	0.01882	0.02689	0.01559	0.02063	0.01307	0.00744	0.00823	0.00248	0.00992	0.00740	0.00409	0.01299
202	0.02056	0.01974	0.03372	0.05099	0.65622	0.01974	0.02550	0.02550	0.01892	0.02714	0.01563	0.02056	0.01316	0.00740	0.00822	0.00247	0.00987	0.00740	0.00411	0.01316
203	0.01074	0.00845	0.00969	0.00938	0.01179	0.00741	0.00704	0.01371	0.02111	0.02761	0.35407	0.07144	0.37971	0.01911	0.00981	0.00271	0.00407	0.01634	0.00839	0.00741
204	0.01176	0.00849	0.01110	0.01045	0.01241	0.00784	0.00784	0.01568	0.02352	0.03331	0.65184	0.06206	0.07839	0.01698	0.00980	0.00261	0.00392	0.01502	0.00914	0.00784
205	0.03396	0.01340	0.01822	0.01422	0.02006	0.01164	0.01164	0.03726	0.02374	0.58034	0.11317	0.03266	0.02807	0.01115	0.00854	0.00258	0.00666	0.00922	0.01013	0.01332
206	0.01187	0.00890	0.01335	0.01335	0.01483	0.01038	0.01038	0.01483	0.01335	0.01928	0.02225	0.03264	0.02077	0.06231	0.67512	0.01335	0.02225	0.00890	0.00445	0.00742
207	0.50148	0.08077	0.01846	0.01343	0.01915	0.02184	0.01130	0.18733	0.02110	0.03974	0.01382	0.01522	0.01053	0.00827	0.00601	0.00248	0.00738	0.00530	0.00585	0.01053
208	0.01786	0.01699	0.02885	0.40369	0.32460	0.01903	0.02415	0.02313	0.01764	0.02387	0.01515	0.02144	0.01200	0.00790	0.00827	0.00263	0.01054	0.00739	0.00388	0.01098
209	0.01727	0.11643	0.59687	0.02264	0.03435	0.02078	0.02889	0.02615	0.01747	0.02557	0.01454	0.01708	0.01054	0.00781	0.00761	0.00254	0.01191	0.00595	0.00351	0.01210
210	0.76672	0.01607	0.01221	0.01092	0.01607	0.01864	0.00900	0.02442	0.01414	0.03727	0.01157	0.01350	0.00900	0.00771	0.00514	0.00257	0.00643	0.00450	0.00514	0.00900
211	0.01969	0.02017	0.03104	0.02476	0.02762	0.05217	0.17708	0.05920	0.01663	0.02369	0.01353	0.01982	0.01192	0.01389	0.04596	0.00366	0.41721	0.00793	0.00413	0.00991
212	0.01122	0.00847	0.01036	0.00989	0.01208	0.00761	0.00741	0.01463	0.02224	0.03029	0.49421	0.06702	0.23790	0.01811	0.00980	0.00267	0.00400	0.01572	0.00875	0.00761
213	0.01056	0.00799	0.01109	0.01223	0.01330	0.00740	0.03027	0.01237	0.01648	0.02167	0.04869	0.58939	0.11579	0.02469	0.01053	0.00331	0.00520	0.04448	0.00758	0.00697
214	0.01961	0.02241	0.04902	0.03501	0.04342	0.02101	0.62605	0.02661	0.01961	0.02661	0.01681	0.02241	0.01261	0.00700	0.00980	0.00280	0.01401	0.00980	0.00420	0.01120
215	0.02148	0.01938	0.01904	0.01728	0.02179	0.07979	0.01355	0.06579	0.50788	0.03337	0.03214	0.03422	0.02539	0.01193	0.00861	0.00282	0.00754	0.05759	0.00800	0.01242
216	0.01208	0.00805	0.00906	0.00906	0.00906	0.00805	0.00503	0.01208	0.01208	0.01611	0.02618	0.05436	0.03020	0.70804	0.04228	0.00805	0.00805	0.01208	0.00503	0.00503
217	0.02221	0.71304	0.04353	0.01421	0.02132	0.03287	0.01421	0.02488	0.01688	0.01955	0.01155	0.01333	0.01066	0.00711	0.00533	0.00178	0.00888	0.00444	0.00355	0.01066
218	0.01187	0.00890	0.01335	0.01335	0.01483	0.01038	0.01038	0.01483	0.01335	0.01928	0.02225	0.03264	0.02077	0.06231	0.67512	0.01335	0.02225	0.00890	0.00445	0.00742
219	0.03119	0.02307	0.02471	0.01903	0.02561	0.02558	0.01570	0.60756	0.06066	0.05172	0.02044	0.02034	0.01453	0.01002	0.00832	0.00250	0.00905	0.00755	0.00832	0.01409
220	0.04437	0.01511	0.02538	0.63685	0.05511	0.01856	0.04608	0.02156	0.01663	0.02205	0.01472	0.02183	0.01106	0.00823	0.00824	0.00276	0.01101	0.00737	0.00377	0.00930
221	0.02178	0.66050	0.09226	0.01496	0.02247	0.03181	0.01551	0.02499	0.01693	0.02008	0.01181	0.01366	0.01065	0.00717	0.00553	0.00184	0.00915	0.00458	0.00355	0.01079
222	0.01814	0.01487	0.02288	0.43044	0.04282	0.01758	0.01919	0.02267	0.01682	0.07983	0.01640	0.02200	0.01249	0.00917	0.01060	0.00267	0.10458	0.00720	0.03768	0.09198
223	0.02781	0.02044	0.02223	0.01796	0.02372	0.02257	0.01461	0.42665	0.16360	0.07283	0.02558	0.05654	0.02000	0.01151	0.00857	0.00266	0.00825	0.03275	0.00837	0.01332
224	0.01693	0.04112	0.60953	0.02470	0.03663	0.01945	0.08430	0.02634	0.01773	0.02634	0.01508	0.01798	0.01071	0.00781	0.00806	0.00265	0.01243	0.00647	0.00357	0.01218
225	0.01954	0.01869	0.03187	0.18494	0.53028	0.01947	0.02499	0.02460	0.01843	0.02590	0.01545	0.02089	0.01272	0.00759	0.00824	0.00253	0.01012	0.00740	0.00402	0.01233
