[name]
unknown

[dist]
# distance from previous block
# <min> <max>
9	105

[block]
# block no. 0 follows, 25 sequences, length 21
# corresponding to MSA columns:
# 113-133
name=unknown_A
#
# <colnr> <probs for GDERKNQSTAVLIFYWHMCP>
#	G	D	E	R	K	N	Q	S	T	A	V	L	I	F	Y	W	H	M	C	P
0	0.01673	0.01414	0.02436	0.01892	0.02309	0.01447	0.24460	0.06666	0.01772	0.02683	0.01966	0.02456	0.01566	0.01442	0.09236	0.00355	0.05960	0.00802	0.28576	0.00890
1	0.78228	0.01499	0.01140	0.01020	0.01499	0.01739	0.00840	0.02279	0.01320	0.03479	0.01080	0.01260	0.00840	0.00720	0.00480	0.00240	0.00600	0.00420	0.00480	0.00840
2	0.01701	0.01564	0.02407	0.20044	0.03057	0.01887	0.09838	0.09358	0.01706	0.02380	0.01728	0.10452	0.01609	0.01178	0.01406	0.00287	0.24564	0.00901	0.03032	0.00902
3	0.04235	0.02092	0.02232	0.06888	0.02307	0.18085	0.01618	0.02151	0.01459	0.01927	0.01145	0.01712	0.01058	0.01404	0.05523	0.00346	0.43967	0.00637	0.00362	0.00852
4	0.01642	0.01617	0.02271	0.01963	0.01976	0.02245	0.01629	0.01822	0.01193	0.01860	0.01115	0.01821	0.01103	0.01767	0.08725	0.00423	0.64956	0.00693	0.00346	0.00834
5	0.01346	0.07493	0.01356	0.01034	0.01289	0.00969	0.00810	0.01681	0.02097	0.07595	0.52257	0.07813	0.08315	0.01501	0.00869	0.00240	0.00434	0.01306	0.00803	0.00791
6	0.01108	0.00831	0.01246	0.01246	0.01385	0.00969	0.00969	0.01385	0.01246	0.01800	0.02077	0.03046	0.01938	0.05815	0.69678	0.01246	0.02077	0.00831	0.00415	0.00692
7	0.01146	0.00815	0.00910	0.00905	0.00975	0.00813	0.00558	0.01338	0.05676	0.01777	0.05725	0.08707	0.10716	0.53198	0.03107	0.00619	0.00670	0.01237	0.00549	0.00561
8	0.01256	0.01537	0.14327	0.01256	0.01672	0.01084	0.01182	0.01908	0.10365	0.02650	0.26420	0.05070	0.20319	0.04601	0.01002	0.00277	0.00585	0.02956	0.00687	0.00846
9	0.01713	0.15182	0.43302	0.02446	0.09559	0.02038	0.10436	0.02429	0.01664	0.02361	0.01368	0.01656	0.01033	0.00709	0.00722	0.00233	0.01091	0.00601	0.00342	0.01116
10	0.35251	0.09003	0.06743	0.06111	0.02165	0.08092	0.01279	0.05878	0.05198	0.11467	0.01541	0.01651	0.01140	0.00786	0.00611	0.00231	0.00787	0.00542	0.00531	0.00992
11	0.10488	0.37106	0.02920	0.01646	0.07484	0.10842	0.01317	0.02328	0.01621	0.02205	0.01293	0.01547	0.01117	0.00764	0.00687	0.00197	0.05587	0.00503	0.09404	0.00944
12	0.58466	0.01728	0.01365	0.04770	0.01819	0.09225	0.01003	0.05094	0.01578	0.03269	0.04707	0.01586	0.01236	0.00787	0.00556	0.00236	0.00709	0.00508	0.00497	0.00863
13	0.00929	0.00786	0.00802	0.00798	0.01055	0.00660	0.00599	0.01136	0.01796	0.02163	0.11881	0.07349	0.63530	0.01938	0.00916	0.00261	0.00391	0.01621	0.00729	0.00660
14	0.01163	0.00905	0.01321	0.01290	0.01406	0.01083	0.01000	0.01410	0.01232	0.01785	0.02006	0.03067	0.01917	0.10202	0.58787	0.01127	0.08357	0.00838	0.00412	0.00691
15	0.01464	0.01378	0.02326	0.70887	0.05340	0.01723	0.02153	0.01981	0.01550	0.01981	0.01378	0.02067	0.01034	0.00775	0.00775	0.00258	0.01034	0.00689	0.00345	0.00861
16	0.01542	0.01191	0.01434	0.01439	0.03866	0.01230	0.01131	0.11597	0.10784	0.02909	0.12728	0.06053	0.15304	0.01655	0.00929	0.00289	0.00624	0.23669	0.00742	0.00884
17	0.05699	0.34508	0.07302	0.03803	0.02114	0.02191	0.01347	0.05270	0.07295	0.13740	0.01957	0.08244	0.01659	0.00933	0.00653	0.00216	0.00766	0.00714	0.00541	0.01049
18	0.01631	0.01581	0.02580	0.14236	0.23704	0.03533	0.11299	0.02144	0.05320	0.02287	0.02155	0.11240	0.04078	0.01386	0.05844	0.00330	0.04251	0.00965	0.00457	0.00978
19	0.24111	0.01484	0.01977	0.31257	0.11900	0.01708	0.01636	0.04084	0.04604	0.04854	0.01727	0.02090	0.03914	0.00822	0.00694	0.00248	0.00828	0.00662	0.00459	0.00940
20	0.10841	0.07531	0.16636	0.04317	0.06942	0.07151	0.19426	0.02336	0.01639	0.02399	0.01455	0.04825	0.01225	0.00855	0.00957	0.00253	0.09101	0.00727	0.00392	0.00992

[dist]
# distance from previous block
# <min> <max>
1	9

[block]
# block no. 1 follows, 25 sequences, length 9
# corresponding to MSA columns:
# 143-151
name=unknown_B
#
# <colnr> <probs for GDERKNQSTAVLIFYWHMCP>
#	G	D	E	R	K	N	Q	S	T	A	V	L	I	F	Y	W	H	M	C	P
0	0.06442	0.17863	0.33300	0.01857	0.04101	0.03772	0.02021	0.05335	0.01738	0.02500	0.06571	0.02040	0.01581	0.00869	0.00809	0.00235	0.05444	0.02069	0.00414	0.01037
1	0.01639	0.01228	0.01459	0.01211	0.01678	0.01076	0.00961	0.06922	0.04848	0.06746	0.09784	0.10591	0.06922	0.01194	0.00764	0.00207	0.00570	0.07064	0.00642	0.34495
2	0.01478	0.05292	0.42441	0.01989	0.02828	0.01584	0.09048	0.02182	0.01758	0.02540	0.14638	0.06406	0.02486	0.00987	0.00797	0.00248	0.00960	0.00859	0.00460	0.01019
3	0.01787	0.09997	0.13774	0.11136	0.07028	0.05346	0.20956	0.02315	0.01686	0.02291	0.01382	0.01789	0.01089	0.00718	0.00839	0.00226	0.04676	0.00666	0.00376	0.11924
4	0.01058	0.00777	0.00992	0.00968	0.01142	0.00710	0.00715	0.01376	0.02058	0.02855	0.52975	0.14419	0.13601	0.01734	0.00924	0.00255	0.00379	0.01530	0.00822	0.00710
5	0.00981	0.00701	0.00896	0.01023	0.01083	0.00656	0.00678	0.01117	0.01501	0.02002	0.08975	0.54137	0.08173	0.12546	0.01409	0.00370	0.00484	0.01958	0.00694	0.00616
6	0.02242	0.22245	0.02485	0.04621	0.02134	0.27299	0.01323	0.06459	0.01931	0.02199	0.01755	0.01969	0.05078	0.00885	0.00761	0.00205	0.05392	0.00602	0.09502	0.00912
7	0.01616	0.01076	0.01433	0.01327	0.01611	0.01057	0.04688	0.02233	0.14511	0.13300	0.07852	0.33767	0.08874	0.01722	0.00901	0.00281	0.00558	0.01537	0.00762	0.00894
8	0.11349	0.26398	0.20222	0.03558	0.05793	0.02298	0.01764	0.12985	0.01940	0.05104	0.01389	0.01558	0.01073	0.00749	0.00636	0.00215	0.00892	0.00538	0.00448	0.01090

[dist]
# distance from previous block
# <min> <max>
0	20

[block]
# block no. 2 follows, 25 sequences, length 26
# corresponding to MSA columns:
# 172-197
name=unknown_C
#
# <colnr> <probs for GDERKNQSTAVLIFYWHMCP>
#	G	D	E	R	K	N	Q	S	T	A	V	L	I	F	Y	W	H	M	C	P
0	0.13597	0.01144	0.01385	0.06213	0.01671	0.01228	0.03547	0.07275	0.01711	0.02594	0.16947	0.03965	0.05496	0.25337	0.01907	0.00420	0.03249	0.01001	0.00578	0.00737
1	0.14631	0.08848	0.08868	0.05181	0.05105	0.01856	0.24692	0.02291	0.01617	0.05218	0.01598	0.04749	0.01324	0.01194	0.06161	0.00327	0.04174	0.00765	0.00429	0.00972
2	0.29328	0.00974	0.01057	0.01014	0.01188	0.01061	0.00734	0.01472	0.01123	0.02123	0.01250	0.01958	0.01162	0.01975	0.02102	0.49344	0.00647	0.00581	0.00389	0.00520
3	0.02172	0.01648	0.01772	0.01528	0.01992	0.01843	0.01207	0.14470	0.44936	0.08796	0.03066	0.02861	0.04518	0.01050	0.00779	0.00252	0.00639	0.00858	0.04408	0.01206
4	0.01043	0.00804	0.00947	0.00946	0.01136	0.00737	0.00689	0.01369	0.04492	0.02502	0.30593	0.17609	0.27628	0.04711	0.01045	0.00284	0.00415	0.01589	0.00766	0.00697
5	0.01830	0.02092	0.04575	0.03268	0.04052	0.01961	0.65098	0.02484	0.01830	0.02484	0.01569	0.02092	0.01176	0.00654	0.00915	0.00261	0.01307	0.00915	0.00392	0.01046
6	0.01489	0.01404	0.02371	0.67269	0.08764	0.01729	0.02166	0.02003	0.01562	0.02011	0.01383	0.02059	0.01044	0.00771	0.00775	0.00257	0.01027	0.00689	0.00347	0.00881
7	0.01012	0.00790	0.00921	0.00915	0.01131	0.00700	0.00694	0.01285	0.01930	0.02516	0.31690	0.09631	0.36495	0.01841	0.00928	0.00263	0.00404	0.05390	0.00774	0.00689
8	0.01464	0.01378	0.02326	0.70887	0.05340	0.01723	0.02153	0.01981	0.01550	0.01981	0.01378	0.02067	0.01034	0.00775	0.00775	0.00258	0.01034	0.00689	0.00345	0.00861
9	0.00945	0.00675	0.00900	0.01080	0.01125	0.00630	0.00720	0.01080	0.01484	0.01979	0.04274	0.72245	0.05128	0.02429	0.00990	0.00315	0.00450	0.02204	0.00720	0.00630
10	0.02947	0.02172	0.02327	0.01784	0.02404	0.02404	0.01474	0.65329	0.03646	0.04887	0.01862	0.01862	0.01319	0.00931	0.00776	0.00233	0.00853	0.00698	0.00776	0.01319
11	0.01726	0.01374	0.01620	0.01163	0.01846	0.01040	0.00933	0.02067	0.01646	0.06682	0.01484	0.01673	0.01197	0.00599	0.00587	0.00123	0.00580	0.00480	0.00491	0.72690
12	0.12151	0.01825	0.02829	0.10906	0.05491	0.01949	0.22226	0.12974	0.11876	0.05308	0.01801	0.02064	0.01341	0.00816	0.00835	0.00254	0.02977	0.00760	0.00539	0.01078
13	0.01555	0.04011	0.68733	0.02210	0.03356	0.01801	0.02865	0.02455	0.01637	0.02455	0.01391	0.01637	0.00982	0.00737	0.00737	0.00246	0.01146	0.00573	0.00327	0.01146
14	0.02008	0.01817	0.02743	0.11076	0.34238	0.01980	0.04415	0.12451	0.09725	0.02866	0.01680	0.02030	0.01336	0.00840	0.00938	0.00249	0.07241	0.00721	0.00486	0.01160
15	0.01678	0.01382	0.01877	0.01668	0.01797	0.01735	0.01373	0.01986	0.04281	0.08109	0.08410	0.06381	0.06518	0.01505	0.01817	0.00314	0.39565	0.08200	0.00546	0.00859
16	0.00954	0.00679	0.00897	0.01068	0.01111	0.00636	0.00707	0.01082	0.01467	0.01955	0.04182	0.68872	0.05012	0.05960	0.01138	0.00337	0.00465	0.02150	0.00707	0.00622
17	0.03479	0.01320	0.01799	0.01380	0.01979	0.01140	0.01140	0.03779	0.02219	0.68451	0.03059	0.02639	0.01919	0.00960	0.00780	0.00240	0.00660	0.00780	0.00960	0.01320
18	0.03154	0.01306	0.01733	0.01363	0.01916	0.01173	0.01114	0.03619	0.07650	0.57619	0.08317	0.02917	0.02397	0.01018	0.00791	0.00242	0.00632	0.00839	0.00937	0.01264
19	0.02118	0.01646	0.01786	0.01573	0.02029	0.01856	0.01244	0.09714	0.52057	0.08729	0.03074	0.03069	0.02337	0.01088	0.00801	0.00263	0.00645	0.03955	0.00798	0.01218
20	0.01164	0.00759	0.01000	0.01053	0.01178	0.00702	0.00739	0.01382	0.01756	0.06531	0.25549	0.42385	0.05566	0.05137	0.01081	0.00305	0.00448	0.01795	0.00769	0.00701
21	0.01920	0.01831	0.03060	0.04560	0.63786	0.01848	0.02307	0.02489	0.05821	0.02578	0.01565	0.01980	0.01300	0.00713	0.00769	0.00232	0.00902	0.00702	0.00409	0.01228
22	0.02295	0.08254	0.02118	0.04025	0.09681	0.09766	0.01344	0.15175	0.12003	0.09757	0.02143	0.03982	0.01662	0.00914	0.00710	0.00222	0.00780	0.00726	0.13358	0.01084
23	0.02304	0.10184	0.02131	0.01529	0.02033	0.15765	0.01236	0.21148	0.06698	0.03016	0.01677	0.01862	0.01331	0.01083	0.03446	0.03459	0.00906	0.00603	0.05855	0.13732
24	0.05394	0.11564	0.02513	0.06252	0.05022	0.02285	0.01602	0.04612	0.01413	0.02117	0.01156	0.01699	0.01066	0.01286	0.04284	0.00322	0.43094	0.00630	0.00372	0.03316
25	0.06776	0.01679	0.02122	0.19367	0.12180	0.04784	0.01619	0.12656	0.09897	0.05596	0.02037	0.02301	0.04150	0.00930	0.00884	0.00248	0.06283	0.00733	0.04723	0.01035

[dist]
# distance from previous block
# <min> <max>
0	1

[block]
# block no. 3 follows, 25 sequences, length 11
# corresponding to MSA columns:
# 199-209
name=unknown_D
#
# <colnr> <probs for GDERKNQSTAVLIFYWHMCP>
#	G	D	E	R	K	N	Q	S	T	A	V	L	I	F	Y	W	H	M	C	P
0	0.01837	0.10266	0.51175	0.02092	0.03063	0.13805	0.02485	0.02556	0.01730	0.02300	0.01329	0.01559	0.00986	0.00741	0.00708	0.00230	0.01161	0.00546	0.00340	0.01089
1	0.01709	0.03026	0.40061	0.02177	0.07210	0.07053	0.04566	0.02406	0.03783	0.04385	0.04636	0.02613	0.01703	0.01011	0.00888	0.03725	0.01029	0.06547	0.00433	0.01040
2	0.01934	0.01179	0.01575	0.01352	0.01756	0.01096	0.04514	0.02488	0.10610	0.20701	0.09609	0.15377	0.08482	0.01396	0.00848	0.00255	0.00599	0.06101	0.00761	0.09367
3	0.01524	0.01428	0.02401	0.55923	0.15884	0.01692	0.02119	0.02023	0.01621	0.02134	0.04791	0.02233	0.01390	0.00802	0.00781	0.00253	0.00980	0.00726	0.00377	0.00918
4	0.08716	0.00799	0.00772	0.00761	0.00955	0.00822	0.00565	0.01797	0.01557	0.02835	0.02385	0.02911	0.01945	0.06650	0.00809	0.00232	0.00415	0.00726	0.63634	0.00714
5	0.01090	0.00785	0.01038	0.01043	0.01203	0.00733	0.00787	0.01417	0.02035	0.02840	0.50286	0.16810	0.06647	0.01783	0.00944	0.00268	0.00418	0.08344	0.00816	0.00713
6	0.01018	0.00755	0.00949	0.00974	0.01128	0.00686	0.00703	0.01282	0.01898	0.02577	0.37230	0.26729	0.17385	0.01915	0.00938	0.00269	0.00397	0.01693	0.00788	0.00686
7	0.01057	0.00784	0.00985	0.00950	0.01137	0.00712	0.00707	0.01379	0.02076	0.02864	0.53279	0.10449	0.17342	0.01705	0.00920	0.00252	0.00376	0.01495	0.00822	0.00712
8	0.01691	0.01652	0.02568	0.49910	0.11124	0.05557	0.06706	0.04965	0.01709	0.02195	0.01399	0.01995	0.01074	0.00787	0.00844	0.00254	0.03567	0.00695	0.00374	0.00934
9	0.00945	0.00675	0.00900	0.01080	0.01125	0.00630	0.00720	0.01080	0.01484	0.01979	0.04274	0.72245	0.05128	0.02429	0.00990	0.00315	0.00450	0.02204	0.00720	0.00630
10	0.43158	0.05575	0.19393	0.03756	0.02189	0.06348	0.01485	0.02319	0.01490	0.02906	0.01324	0.04589	0.01095	0.00806	0.00597	0.00239	0.00818	0.00555	0.00433	0.00924

[dist]
# distance from previous block
# <min> <max>
4	14

[block]
# block no. 4 follows, 25 sequences, length 39
# corresponding to MSA columns:
# 224-262
name=unknown_E
#
# <colnr> <probs for GDERKNQSTAVLIFYWHMCP>
#	G	D	E	R	K	N	Q	S	T	A	V	L	I	F	Y	W	H	M	C	P
0	0.01131	0.00799	0.01069	0.01167	0.01229	0.00816	0.00813	0.01269	0.01470	0.04793	0.03829	0.59288	0.04495	0.06013	0.01279	0.00337	0.06902	0.01947	0.00682	0.00671
1	0.01743	0.02034	0.14941	0.01812	0.05076	0.01728	0.04302	0.05206	0.36350	0.02975	0.07517	0.03114	0.07654	0.01065	0.00802	0.00256	0.00734	0.00904	0.00662	0.01125
2	0.00987	0.00891	0.05085	0.01131	0.01260	0.00707	0.00846	0.01182	0.01536	0.02060	0.06819	0.62068	0.07989	0.02268	0.00967	0.00305	0.00487	0.02044	0.00701	0.00667
3	0.02002	0.45774	0.16827	0.01617	0.02381	0.02583	0.04434	0.07588	0.01774	0.02279	0.01247	0.01434	0.01037	0.00695	0.00592	0.00189	0.00900	0.00495	0.00378	0.05774
4	0.10772	0.08110	0.02617	0.08829	0.29077	0.16727	0.01805	0.05330	0.01881	0.05824	0.01419	0.01722	0.01137	0.00747	0.00700	0.00222	0.00975	0.00600	0.00437	0.01070
5	0.01110	0.00801	0.01054	0.01013	0.01196	0.00745	0.00775	0.01475	0.02161	0.03043	0.62218	0.06038	0.07078	0.01632	0.00928	0.00253	0.00395	0.06514	0.00842	0.00730
6	0.01096	0.00741	0.00863	0.00890	0.00906	0.00731	0.00523	0.01135	0.01235	0.01655	0.05721	0.16206	0.03406	0.57877	0.03319	0.00656	0.00684	0.01318	0.00529	0.00508
7	0.02824	0.02110	0.02257	0.01759	0.02357	0.02347	0.01444	0.57906	0.11269	0.04687	0.02018	0.01987	0.01446	0.00945	0.00777	0.00236	0.00824	0.00720	0.00777	0.01308
8	0.01118	0.00750	0.00857	0.00862	0.00873	0.00745	0.00493	0.01142	0.01195	0.01602	0.05676	0.07999	0.03136	0.66275	0.03672	0.00708	0.00720	0.01187	0.00499	0.00489
9	0.01555	0.04011	0.68733	0.02210	0.03356	0.01801	0.02865	0.02455	0.01637	0.02455	0.01391	0.01637	0.00982	0.00737	0.00737	0.00246	0.01146	0.00573	0.00327	0.01146
10	0.01347	0.00673	0.01010	0.01010	0.01010	0.00673	0.00673	0.01010	0.01010	0.01347	0.01347	0.02357	0.01347	0.02694	0.03030	0.77441	0.00673	0.00673	0.00337	0.00337
11	0.03479	0.01320	0.01799	0.01380	0.01979	0.01140	0.01140	0.03779	0.02219	0.68451	0.03059	0.02639	0.01919	0.00960	0.00780	0.00240	0.00660	0.00780	0.00960	0.01320
12	0.02178	0.01790	0.01894	0.01628	0.02111	0.02045	0.01288	0.19110	0.51117	0.03646	0.02839	0.02640	0.02110	0.01022	0.00786	0.00256	0.00672	0.00833	0.00786	0.01250
13	0.02073	0.73217	0.04063	0.01327	0.01990	0.03068	0.01327	0.02322	0.01575	0.01824	0.01078	0.01244	0.00995	0.00663	0.00498	0.00166	0.00829	0.00415	0.00332	0.00995
14	0.06719	0.58567	0.07862	0.01526	0.02217	0.02815	0.06782	0.02341	0.01585	0.02020	0.01139	0.01340	0.01000	0.00670	0.00546	0.00183	0.00875	0.00467	0.00346	0.00999
15	0.01086	0.00823	0.01004	0.00953	0.01164	0.00758	0.00716	0.01479	0.04456	0.02877	0.51190	0.06076	0.21235	0.01654	0.00910	0.00249	0.00381	0.01438	0.00820	0.00732
16	0.00945	0.00675	0.00900	0.01080	0.01125	0.00630	0.00720	0.01080	0.01484	0.01979	0.04274	0.72245	0.05128	0.02429	0.00990	0.00315	0.00450	0.02204	0.00720	0.00630
17	0.01108	0.00755	0.00896	0.00907	0.00935	0.00758	0.00550	0.01169	0.01244	0.01684	0.07287	0.10563	0.03266	0.56293	0.08812	0.00719	0.00806	0.01213	0.00514	0.00520
18	0.01112	0.00813	0.01156	0.01156	0.01264	0.00920	0.00857	0.01327	0.01220	0.01733	0.02159	0.03501	0.02136	0.20828	0.54936	0.01135	0.01780	0.00897	0.00428	0.00642
19	0.02090	0.01746	0.01844	0.01611	0.02078	0.02004	0.01266	0.13842	0.56528	0.03504	0.02950	0.02729	0.02200	0.01033	0.00787	0.00258	0.00652	0.00848	0.00787	0.01242
20	0.02120	0.01748	0.01848	0.01597	0.02069	0.01991	0.01260	0.17603	0.50353	0.03569	0.03029	0.02820	0.04357	0.01056	0.00790	0.00256	0.00659	0.00863	0.00784	0.01228
21	0.01401	0.01202	0.02160	0.04977	0.02303	0.01143	0.20340	0.01750	0.01682	0.05536	0.03431	0.32791	0.06825	0.01681	0.00953	0.00295	0.00777	0.09324	0.00615	0.00813
22	0.01599	0.03391	0.50723	0.02504	0.08720	0.01770	0.11379	0.02400	0.01704	0.02501	0.04942	0.01945	0.01367	0.00766	0.00774	0.00246	0.01108	0.00675	0.00369	0.01117
23	0.48665	0.06671	0.07238	0.01449	0.05041	0.06023	0.01210	0.04845	0.03720	0.07035	0.01346	0.01488	0.01023	0.00754	0.00569	0.00233	0.00739	0.00497	0.00497	0.00957
24	0.00985	0.00739	0.01066	0.01179	0.01257	0.00690	0.03640	0.01143	0.01500	0.02002	0.04151	0.69062	0.04949	0.02349	0.00986	0.00312	0.00489	0.02146	0.00705	0.00649
25	0.04706	0.01556	0.02685	0.50893	0.07706	0.01798	0.12420	0.04885	0.01689	0.02277	0.01422	0.02023	0.01071	0.00756	0.00786	0.00256	0.01048	0.00716	0.00379	0.00928
26	0.02091	0.01346	0.01413	0.01179	0.01549	0.01446	0.00943	0.29129	0.02495	0.03749	0.02242	0.02448	0.01700	0.00915	0.00642	0.00203	0.00573	0.00712	0.44246	0.00979
27	0.02149	0.01749	0.02324	0.17874	0.03019	0.01988	0.06853	0.29839	0.05255	0.03382	0.01904	0.06931	0.01555	0.01018	0.00950	0.00255	0.07132	0.00827	0.03925	0.01070
28	0.01933	0.01674	0.02267	0.23722	0.04950	0.04961	0.05563	0.06931	0.14913	0.06952	0.01880	0.02200	0.01435	0.00949	0.01070	0.00263	0.12695	0.00739	0.03891	0.01012
29	0.01191	0.00813	0.01066	0.00991	0.01191	0.00748	0.00748	0.01554	0.02196	0.05682	0.64968	0.05668	0.07103	0.01560	0.00909	0.00244	0.00377	0.01378	0.00858	0.00755
30	0.01189	0.00838	0.01010	0.00982	0.01006	0.00909	0.00629	0.01251	0.01170	0.01636	0.02289	0.04464	0.02532	0.55980	0.10719	0.00742	0.06761	0.01038	0.04318	0.00538
31	0.01474	0.01358	0.02242	0.64028	0.04954	0.01699	0.02047	0.01967	0.01538	0.02024	0.01423	0.02094	0.01084	0.00808	0.00843	0.00258	0.04187	0.00690	0.04429	0.00853
32	0.00945	0.00675	0.00900	0.01080	0.01125	0.00630	0.00720	0.01080	0.01484	0.01979	0.04274	0.72245	0.05128	0.02429	0.00990	0.00315	0.00450	0.02204	0.00720	0.00630
33	0.01984	0.55569	0.03563	0.01428	0.01959	0.02797	0.01351	0.04249	0.01622	0.02009	0.05193	0.01613	0.01399	0.00834	0.00843	0.00199	0.11516	0.00525	0.00379	0.00967
34	0.00951	0.00680	0.00906	0.01075	0.01126	0.00634	0.00720	0.01096	0.01515	0.02028	0.06984	0.69397	0.05222	0.02393	0.00986	0.00312	0.00446	0.02170	0.00725	0.00634
35	0.02008	0.01620	0.01837	0.10339	0.02419	0.01839	0.01328	0.12479	0.41360	0.06107	0.03098	0.02977	0.07019	0.01065	0.00795	0.00257	0.00687	0.00881	0.00733	0.01154
36	0.06398	0.08915	0.08027	0.02022	0.08715	0.05967	0.04471	0.29290	0.02585	0.10744	0.01775	0.01867	0.01293	0.00837	0.00724	0.00226	0.00882	0.00655	0.03425	0.01182
37	0.02239	0.04177	0.09063	0.01736	0.03957	0.08528	0.01483	0.19902	0.12082	0.06930	0.02124	0.02574	0.01702	0.00989	0.00823	0.00236	0.03607	0.05839	0.04481	0.07525
38	0.46465	0.04853	0.05538	0.08004	0.04924	0.01674	0.01187	0.02255	0.01493	0.05475	0.04594	0.01697	0.01283	0.00763	0.00578	0.00228	0.00687	0.00533	0.00482	0.07289

[dist]
# distance from previous block
# <min> <max>
0	2

[block]
# block no. 5 follows, 25 sequences, length 43
# corresponding to MSA columns:
# 265-307
name=unknown_F
#
# <colnr> <probs for GDERKNQSTAVLIFYWHMCP>
#	G	D	E	R	K	N	Q	S	T	A	V	L	I	F	Y	W	H	M	C	P
0	0.01816	0.01892	0.06544	0.23383	0.16599	0.01909	0.18414	0.07519	0.06437	0.02567	0.01595	0.02048	0.01223	0.00781	0.00881	0.00254	0.03893	0.00755	0.00430	0.01059
1	0.04742	0.01219	0.01331	0.04965	0.01702	0.01228	0.00945	0.14626	0.06349	0.06849	0.07384	0.05129	0.37521	0.01505	0.00846	0.00253	0.00560	0.01235	0.00724	0.00888
2	0.01789	0.01551	0.04075	0.08158	0.02257	0.01661	0.01321	0.03353	0.43259	0.05601	0.09755	0.03552	0.02867	0.01158	0.00822	0.00267	0.00657	0.06063	0.00737	0.01098
3	0.01941	0.01370	0.01560	0.01359	0.01721	0.01412	0.01046	0.27507	0.02412	0.05624	0.02887	0.30462	0.02916	0.01508	0.00830	0.00253	0.00626	0.01293	0.05977	0.07299
4	0.01086	0.00784	0.01026	0.00983	0.01156	0.00724	0.00731	0.01434	0.02141	0.03024	0.62737	0.10802	0.07151	0.01649	0.00920	0.00249	0.00372	0.01463	0.00843	0.00724
5	0.01141	0.00866	0.01254	0.01236	0.01350	0.01016	0.00943	0.01377	0.01228	0.01765	0.02068	0.03235	0.02003	0.14186	0.57675	0.01135	0.05570	0.00861	0.00418	0.00672
6	0.01729	0.03420	0.51438	0.02455	0.08907	0.01800	0.07350	0.02507	0.01679	0.06421	0.01496	0.01759	0.01076	0.00765	0.00829	0.00249	0.03974	0.00626	0.00376	0.01144
7	0.01566	0.03937	0.66268	0.02251	0.03383	0.01807	0.05256	0.02457	0.01644	0.02457	0.01398	0.01654	0.00990	0.00733	0.00744	0.00246	0.01152	0.00586	0.00330	0.01142
8	0.02086	0.01716	0.02609	0.06789	0.18308	0.01760	0.12121	0.07400	0.18775	0.10197	0.02200	0.02484	0.01685	0.00870	0.00798	0.00244	0.00850	0.02738	0.00595	0.05776
9	0.01893	0.29530	0.03978	0.07784	0.07079	0.02390	0.27761	0.02337	0.01666	0.02154	0.01323	0.01726	0.01088	0.00713	0.00836	0.00227	0.05469	0.00675	0.00361	0.01010
10	0.01568	0.01336	0.01565	0.01144	0.01794	0.01009	0.00907	0.01900	0.01600	0.02494	0.01553	0.05868	0.01388	0.00686	0.00599	0.00127	0.00567	0.00565	0.00475	0.72855
11	0.02035	0.41332	0.23767	0.01756	0.04602	0.06545	0.01836	0.02492	0.01674	0.05729	0.01304	0.01474	0.01050	0.00711	0.00608	0.00199	0.00955	0.00498	0.00371	0.01061
12	0.01101	0.00782	0.00962	0.00937	0.01062	0.00740	0.00654	0.01329	0.01780	0.02451	0.38156	0.05791	0.09926	0.26121	0.01965	0.00425	0.00515	0.03963	0.00706	0.00635
13	0.01128	0.00752	0.00846	0.00846	0.00846	0.00752	0.00470	0.01128	0.01128	0.01503	0.02443	0.05074	0.02819	0.72751	0.03946	0.00752	0.00752	0.01128	0.00470	0.00470
14	0.01097	0.00793	0.01036	0.00975	0.01158	0.00732	0.00732	0.01463	0.02195	0.03109	0.67505	0.05792	0.07316	0.01585	0.00914	0.00244	0.00366	0.01402	0.00854	0.00732
15	0.01555	0.04011	0.68733	0.02210	0.03356	0.01801	0.02865	0.02455	0.01637	0.02455	0.01391	0.01637	0.00982	0.00737	0.00737	0.00246	0.01146	0.00573	0.00327	0.01146
16	0.01097	0.00793	0.01036	0.00975	0.01158	0.00732	0.00732	0.01463	0.02195	0.03109	0.67505	0.05792	0.07316	0.01585	0.00914	0.00244	0.00366	0.01402	0.00854	0.00732
17	0.03026	0.01699	0.01991	0.01540	0.02121	0.01729	0.01267	0.33967	0.02904	0.31996	0.05020	0.02566	0.04482	0.01009	0.00788	0.00237	0.00734	0.00797	0.00855	0.01271
18	0.01279	0.01036	0.01580	0.19290	0.02466	0.01104	0.05384	0.05000	0.01652	0.02229	0.03107	0.41355	0.03407	0.01709	0.00890	0.00284	0.00674	0.01554	0.05239	0.00761
19	0.02747	0.02072	0.02214	0.01743	0.02328	0.02311	0.01425	0.53270	0.16031	0.04563	0.02117	0.02065	0.01525	0.00955	0.00778	0.00239	0.00806	0.00733	0.00778	0.01301
20	0.01472	0.01371	0.02301	0.64205	0.07825	0.01682	0.02113	0.01977	0.01573	0.02024	0.01532	0.02430	0.01231	0.00847	0.00791	0.00263	0.01011	0.04116	0.00367	0.00869
21	0.02073	0.73217	0.04063	0.01327	0.01990	0.03068	0.01327	0.02322	0.01575	0.01824	0.01078	0.01244	0.00995	0.00663	0.00498	0.00166	0.00829	0.00415	0.00332	0.00995
22	0.10445	0.01635	0.02857	0.35772	0.04175	0.01862	0.20497	0.02152	0.01569	0.02290	0.01362	0.01943	0.01052	0.00793	0.00966	0.00266	0.08356	0.00724	0.00374	0.00912
23	0.01780	0.02066	0.07749	0.20929	0.07864	0.06017	0.29326	0.02408	0.04580	0.02306	0.01508	0.02010	0.01160	0.00770	0.00954	0.00260	0.06147	0.00775	0.00389	0.01000
24	0.00971	0.00743	0.00895	0.00976	0.01126	0.00667	0.00701	0.01172	0.01702	0.02195	0.14288	0.35935	0.28345	0.02127	0.00957	0.00288	0.00431	0.05085	0.00738	0.00657
25	0.00983	0.00704	0.00934	0.01054	0.01133	0.00655	0.00723	0.01175	0.01661	0.02261	0.20023	0.55693	0.05673	0.02219	0.00971	0.00297	0.00429	0.02004	0.00753	0.00655
26	0.02224	0.01735	0.01868	0.01597	0.02066	0.01949	0.01262	0.23293	0.39183	0.05824	0.02832	0.08150	0.02242	0.01121	0.00801	0.00257	0.00678	0.00924	0.00785	0.01211
27	0.00942	0.00775	0.00828	0.00840	0.01069	0.00661	0.00620	0.01153	0.01790	0.02208	0.14855	0.14058	0.53585	0.01966	0.00924	0.00265	0.00395	0.01667	0.00736	0.00661
28	0.02828	0.03551	0.02166	0.01968	0.02370	0.64831	0.01479	0.03169	0.06763	0.01993	0.01337	0.01504	0.01096	0.00817	0.00706	0.00204	0.01343	0.00526	0.00427	0.00922
29	0.06807	0.00777	0.00752	0.00743	0.00945	0.00794	0.00563	0.01840	0.01605	0.02932	0.02428	0.02777	0.01907	0.00891	0.00538	0.00185	0.00378	0.00702	0.71707	0.00731
30	0.02875	0.02701	0.02249	0.01851	0.02381	0.26935	0.01470	0.39362	0.06442	0.03708	0.01688	0.01747	0.01257	0.00889	0.00748	0.00222	0.01040	0.00635	0.00639	0.01160
31	0.08289	0.02217	0.02235	0.01743	0.02340	0.06440	0.01430	0.57074	0.03392	0.04605	0.01766	0.01791	0.01265	0.00908	0.00750	0.00231	0.00868	0.00666	0.00732	0.01259
32	0.01701	0.01589	0.02638	0.42755	0.29019	0.01798	0.02210	0.04860	0.01722	0.02316	0.01429	0.02002	0.01120	0.00750	0.00772	0.00247	0.00983	0.00690	0.00378	0.01021
33	0.02277	0.01852	0.02066	0.11153	0.04913	0.04403	0.01460	0.29366	0.21893	0.03641	0.02363	0.02403	0.03716	0.00964	0.00772	0.00243	0.00793	0.00774	0.03783	0.01166
34	0.02686	0.02046	0.02297	0.06622	0.05382	0.02280	0.01531	0.51325	0.10564	0.04400	0.01958	0.01995	0.01414	0.00924	0.00777	0.00238	0.00841	0.00717	0.00731	0.01273
35	0.02947	0.02172	0.02327	0.01784	0.02404	0.02404	0.01474	0.65329	0.03646	0.04887	0.01862	0.01862	0.01319	0.00931	0.00776	0.00233	0.00853	0.00698	0.00776	0.01319
36	0.01575	0.03869	0.63996	0.02288	0.03407	0.01813	0.07460	0.02458	0.01651	0.02458	0.01405	0.01671	0.00997	0.00731	0.00750	0.00247	0.01158	0.00598	0.00332	0.01139
37	0.01266	0.00830	0.01091	0.01004	0.01217	0.00761	0.00761	0.01628	0.02197	0.07748	0.62930	0.05568	0.06933	0.01541	0.00905	0.00244	0.00387	0.01358	0.00861	0.00773
38	0.01167	0.00772	0.01123	0.08051	0.01569	0.00787	0.00916	0.01215	0.01376	0.01818	0.03012	0.34321	0.03405	0.02313	0.01642	0.25394	0.00615	0.09380	0.00557	0.00568
39	0.01000	0.00712	0.00941	0.01082	0.01151	0.00671	0.00749	0.01171	0.01569	0.02108	0.11449	0.54915	0.05176	0.06857	0.01179	0.00338	0.00482	0.07095	0.00719	0.00638
40	0.01145	0.00875	0.00979	0.00948	0.01190	0.00817	0.00721	0.03489	0.05508	0.02611	0.24211	0.08862	0.34089	0.01712	0.00884	0.00255	0.00424	0.03794	0.06750	0.00736
41	0.05135	0.49777	0.10342	0.01497	0.02118	0.08823	0.01480	0.02329	0.01603	0.01973	0.01248	0.04207	0.01157	0.00796	0.00673	0.00196	0.04786	0.00526	0.00360	0.00973
42	0.06755	0.01464	0.01770	0.01597	0.05798	0.01529	0.03720	0.21638	0.07167	0.07458	0.16878	0.06975	0.07386	0.01193	0.00802	0.00243	0.00645	0.01005	0.04956	0.01023

[dist]
# distance from previous block
# <min> <max>
0	2

[block]
# block no. 6 follows, 25 sequences, length 81
# corresponding to MSA columns:
# 310-390
name=unknown_G
#
# <colnr> <probs for GDERKNQSTAVLIFYWHMCP>
#	G	D	E	R	K	N	Q	S	T	A	V	L	I	F	Y	W	H	M	C	P
0	0.02003	0.01612	0.01818	0.01405	0.01989	0.01552	0.01128	0.20885	0.09163	0.03250	0.01870	0.05931	0.01557	0.00862	0.00740	0.00184	0.02760	0.00683	0.00600	0.40008
1	0.04809	0.01344	0.01587	0.09291	0.01991	0.05744	0.01180	0.07099	0.01633	0.02246	0.02512	0.28751	0.02751	0.07558	0.01446	0.00326	0.14591	0.01268	0.00547	0.03326
2	0.01648	0.01195	0.01508	0.07729	0.01915	0.01290	0.01115	0.16663	0.02020	0.05792	0.03120	0.37502	0.03357	0.04118	0.01100	0.00304	0.04749	0.03337	0.00679	0.00858
3	0.01689	0.02783	0.36174	0.03936	0.04814	0.03714	0.02024	0.07596	0.01766	0.02584	0.01611	0.02076	0.01287	0.06725	0.01037	0.00270	0.03454	0.00643	0.07877	0.07939
4	0.01608	0.01378	0.01608	0.01148	0.01837	0.01034	0.00919	0.01952	0.01608	0.02527	0.01378	0.01608	0.01148	0.00574	0.00574	0.00115	0.00574	0.00459	0.00459	0.77491
5	0.01484	0.01111	0.01421	0.08117	0.04935	0.01192	0.01015	0.04589	0.11267	0.05102	0.13553	0.10884	0.03342	0.24342	0.01897	0.00421	0.02772	0.01136	0.00620	0.00800
6	0.01045	0.00782	0.01115	0.01160	0.01286	0.00731	0.03454	0.01284	0.01729	0.02359	0.23090	0.45705	0.05579	0.02085	0.00969	0.00294	0.00476	0.05428	0.00746	0.00683
7	0.01103	0.00828	0.01026	0.00970	0.01176	0.00769	0.00729	0.01517	0.04820	0.02950	0.55097	0.05942	0.16923	0.01624	0.00910	0.00248	0.00381	0.01418	0.00829	0.00740
8	0.01830	0.02092	0.04575	0.03268	0.04052	0.01961	0.65098	0.02484	0.01830	0.02484	0.01569	0.02092	0.01176	0.00654	0.00915	0.00261	0.01307	0.00915	0.00392	0.01046
9	0.01851	0.01514	0.03750	0.08693	0.02299	0.01277	0.01178	0.09162	0.01901	0.07473	0.04571	0.01951	0.01487	0.00714	0.00653	0.00162	0.00668	0.00580	0.00532	0.49584
10	0.01472	0.01389	0.02327	0.68603	0.05231	0.01744	0.02138	0.01977	0.01538	0.01977	0.01366	0.02055	0.01033	0.00794	0.00834	0.00261	0.03365	0.00689	0.00344	0.00861
11	0.01561	0.01661	0.03428	0.02564	0.03135	0.01552	0.44959	0.02068	0.01777	0.02397	0.06260	0.17114	0.05483	0.01138	0.00931	0.00272	0.01031	0.01245	0.00502	0.00923
12	0.01499	0.01259	0.01608	0.03907	0.01903	0.01057	0.03698	0.04730	0.01678	0.02470	0.02178	0.20427	0.02211	0.01095	0.00716	0.00185	0.00603	0.00963	0.00536	0.47274
13	0.34158	0.24293	0.11068	0.01463	0.02093	0.08503	0.04248	0.02401	0.01545	0.02640	0.01153	0.01355	0.00937	0.00709	0.00559	0.00215	0.00849	0.00468	0.00403	0.00942
14	0.00945	0.00675	0.00900	0.01080	0.01125	0.00630	0.00720	0.01080	0.01484	0.01979	0.04274	0.72245	0.05128	0.02429	0.00990	0.00315	0.00450	0.02204	0.00720	0.00630
15	0.00951	0.00686	0.00901	0.01061	0.01123	0.00636	0.00714	0.01101	0.01534	0.02042	0.07630	0.65843	0.08182	0.02365	0.00982	0.00309	0.00443	0.02137	0.00727	0.00636
16	0.01108	0.00828	0.01231	0.01231	0.01364	0.00961	0.00950	0.01375	0.01242	0.01789	0.02091	0.03123	0.01972	0.08365	0.67174	0.01227	0.02026	0.00842	0.00417	0.00684
17	0.01557	0.01483	0.02073	0.01815	0.01837	0.02021	0.01482	0.01730	0.01192	0.01827	0.01301	0.02181	0.01308	0.07746	0.13399	0.00517	0.54639	0.00739	0.00362	0.00793
18	0.01358	0.00848	0.01110	0.01019	0.01247	0.00772	0.00773	0.01702	0.02155	0.10526	0.55602	0.08020	0.08738	0.01559	0.00902	0.00247	0.00404	0.01370	0.00856	0.00792
19	0.01555	0.04011	0.68733	0.02210	0.03356	0.01801	0.02865	0.02455	0.01637	0.02455	0.01391	0.01637	0.00982	0.00737	0.00737	0.00246	0.01146	0.00573	0.00327	0.01146
20	0.01686	0.01683	0.02373	0.04996	0.02178	0.02347	0.01716	0.01871	0.01203	0.01871	0.01033	0.01712	0.01018	0.01332	0.02468	0.00336	0.68310	0.00679	0.00339	0.00849
21	0.02086	0.01271	0.01548	0.01324	0.01601	0.01344	0.01004	0.22649	0.05071	0.08345	0.01749	0.02243	0.01435	0.01885	0.01987	0.41688	0.00729	0.00700	0.00556	0.00787
22	0.11939	0.13582	0.02567	0.27963	0.11956	0.04913	0.01768	0.04012	0.01597	0.02294	0.01262	0.01724	0.01032	0.00815	0.00901	0.00243	0.09509	0.00599	0.00380	0.00943
23	0.24908	0.02051	0.03905	0.19836	0.08826	0.13589	0.01586	0.11811	0.01929	0.02913	0.01338	0.01654	0.01028	0.00777	0.00672	0.00236	0.00933	0.00574	0.00462	0.00971
24	0.01929	0.01796	0.02780	0.16190	0.03251	0.04966	0.19868	0.15226	0.02027	0.02718	0.01672	0.04978	0.01380	0.01171	0.03876	0.02477	0.08893	0.00816	0.03013	0.00974
25	0.00952	0.00680	0.00906	0.01075	0.01126	0.00634	0.00720	0.01097	0.01517	0.02031	0.07160	0.69211	0.05228	0.02391	0.00986	0.00312	0.00446	0.02168	0.00726	0.00634
26	0.01012	0.00800	0.00973	0.00971	0.01162	0.00784	0.00728	0.01227	0.01528	0.01962	0.06899	0.05537	0.35556	0.09264	0.27333	0.00676	0.01062	0.01281	0.00587	0.00656
27	0.00928	0.00776	0.00807	0.00820	0.01059	0.00656	0.00607	0.01127	0.01764	0.02134	0.10438	0.12921	0.59337	0.01985	0.00923	0.00265	0.00396	0.01674	0.00726	0.00656
28	0.00945	0.00675	0.00900	0.01080	0.01125	0.00630	0.00720	0.01080	0.01484	0.01979	0.04274	0.72245	0.05128	0.02429	0.00990	0.00315	0.00450	0.02204	0.00720	0.00630
29	0.03322	0.01355	0.01795	0.01400	0.01983	0.01219	0.01148	0.03813	0.08722	0.61856	0.03069	0.02665	0.01965	0.00969	0.00781	0.00242	0.00655	0.00790	0.00942	0.01310
30	0.02898	0.03645	0.02202	0.01990	0.02397	0.67403	0.01497	0.05165	0.02245	0.01997	0.01221	0.01414	0.01009	0.00803	0.00702	0.00201	0.01380	0.00506	0.00412	0.00913
31	0.01929	0.01666	0.01753	0.01578	0.02016	0.01929	0.01227	0.04120	0.66513	0.03243	0.03156	0.02893	0.02367	0.01052	0.00789	0.00263	0.00614	0.00877	0.00789	0.01227
32	0.64545	0.01467	0.01260	0.01086	0.01587	0.01630	0.00895	0.02554	0.01484	0.15372	0.01442	0.01512	0.01037	0.00764	0.00535	0.00240	0.00611	0.00486	0.00568	0.00928
33	0.01674	0.01368	0.01622	0.03210	0.01932	0.01084	0.00971	0.02093	0.04350	0.05206	0.01605	0.03755	0.01342	0.00669	0.00609	0.00136	0.00589	0.00547	0.00498	0.66739
34	0.60188	0.10716	0.01617	0.03279	0.01736	0.04646	0.00981	0.02367	0.01430	0.05671	0.01170	0.01342	0.00914	0.00727	0.00512	0.00229	0.00677	0.00445	0.00472	0.00881
35	0.04833	0.02102	0.03792	0.08017	0.03655	0.07774	0.44440	0.02412	0.01740	0.02356	0.01434	0.01948	0.01117	0.00766	0.01074	0.00265	0.10087	0.00813	0.00386	0.00986
36	0.01555	0.04011	0.68733	0.02210	0.03356	0.01801	0.02865	0.02455	0.01637	0.02455	0.01391	0.01637	0.00982	0.00737	0.00737	0.00246	0.01146	0.00573	0.00327	0.01146
37	0.01108	0.00831	0.01246	0.01246	0.01385	0.00969	0.00969	0.01385	0.01246	0.01800	0.02077	0.03046	0.01938	0.05815	0.69678	0.01246	0.02077	0.00831	0.00415	0.00692
38	0.01817	0.02184	0.07683	0.03217	0.04019	0.01953	0.62084	0.02482	0.01821	0.02482	0.01560	0.02069	0.01167	0.00658	0.00906	0.00261	0.01299	0.00898	0.00389	0.01051
39	0.01045	0.00752	0.00989	0.01011	0.01147	0.00697	0.00728	0.01331	0.01950	0.02720	0.45725	0.28682	0.06562	0.01876	0.00940	0.00268	0.00395	0.01678	0.00807	0.00697
40	0.01131	0.00757	0.01009	0.01082	0.01206	0.00704	0.00778	0.01364	0.01772	0.05408	0.25044	0.43008	0.05659	0.02065	0.00961	0.00291	0.00449	0.05838	0.00774	0.00700
41	0.01728	0.01741	0.03251	0.28582	0.11958	0.01858	0.26261	0.05186	0.01787	0.02407	0.03518	0.02149	0.01319	0.00776	0.00908	0.00258	0.04118	0.00798	0.00403	0.00993
42	0.03051	0.01445	0.01799	0.01431	0.01985	0.01396	0.01165	0.09656	0.14714	0.47276	0.02943	0.02623	0.01951	0.00972	0.00772	0.00241	0.00658	0.00788	0.03854	0.01279
43	0.01811	0.01512	0.01753	0.01288	0.01932	0.01305	0.01040	0.11359	0.01889	0.02844	0.01432	0.01650	0.01167	0.00667	0.00703	0.00144	0.04182	0.00506	0.00500	0.62317
44	0.01048	0.00772	0.00990	0.01094	0.01209	0.00727	0.00772	0.01305	0.03949	0.02178	0.10896	0.50034	0.07838	0.04683	0.01068	0.00315	0.00480	0.06552	0.00718	0.03372
45	0.02810	0.01938	0.02130	0.01677	0.02249	0.02109	0.01369	0.47274	0.10984	0.12811	0.02273	0.05001	0.01681	0.01011	0.00787	0.00241	0.00782	0.00793	0.00799	0.01279
46	0.05008	0.05726	0.24952	0.02118	0.06771	0.02036	0.05694	0.26294	0.02451	0.09033	0.01702	0.01821	0.01211	0.00818	0.00748	0.00237	0.00957	0.00653	0.00564	0.01208
47	0.01608	0.01378	0.01608	0.01148	0.01837	0.01034	0.00919	0.01952	0.01608	0.02527	0.01378	0.01608	0.01148	0.00574	0.00574	0.00115	0.00574	0.00459	0.00459	0.77491
48	0.06331	0.01823	0.02075	0.07527	0.02440	0.01979	0.01380	0.39838	0.05570	0.16036	0.02087	0.02199	0.01501	0.04538	0.00923	0.00264	0.00806	0.00728	0.00744	0.01211
49	0.01248	0.00919	0.01287	0.01500	0.04245	0.00908	0.01227	0.01601	0.01807	0.02362	0.07903	0.08222	0.08179	0.02040	0.01040	0.00340	0.00683	0.53048	0.00709	0.00732
50	0.01940	0.15157	0.13996	0.05198	0.04394	0.04588	0.06449	0.02391	0.01796	0.11246	0.07767	0.02515	0.01941	0.00880	0.00716	0.00216	0.00835	0.03509	0.04222	0.10245
51	0.02564	0.02127	0.02275	0.01834	0.02269	0.08078	0.01503	0.42210	0.02836	0.03782	0.01620	0.01841	0.01252	0.01255	0.04516	0.00304	0.17284	0.00683	0.00625	0.01143
52	0.01347	0.00673	0.01010	0.01010	0.01010	0.00673	0.00673	0.01010	0.01010	0.01347	0.01347	0.02357	0.01347	0.02694	0.03030	0.77441	0.00673	0.00673	0.00337	0.00337
53	0.01391	0.07514	0.07215	0.01388	0.04339	0.01231	0.01150	0.01765	0.01941	0.05077	0.38019	0.04694	0.08781	0.01410	0.01001	0.00252	0.06597	0.04711	0.00688	0.00836
54	0.01985	0.01488	0.01723	0.01283	0.01908	0.01300	0.01035	0.15178	0.02127	0.08118	0.07262	0.02097	0.01770	0.00764	0.00661	0.00160	0.00621	0.00614	0.00597	0.49309
55	0.01034	0.00764	0.00971	0.01033	0.01162	0.00716	0.00731	0.01334	0.04089	0.02458	0.28239	0.39204	0.11322	0.02023	0.00948	0.00282	0.00419	0.01807	0.00772	0.00691
56	0.01190	0.00839	0.01025	0.01002	0.01036	0.00914	0.00657	0.01273	0.01197	0.01691	0.02341	0.06717	0.02566	0.49818	0.12523	0.00728	0.06932	0.01057	0.05938	0.00557
57	0.04395	0.01544	0.01792	0.07393	0.02204	0.01680	0.01238	0.17951	0.22144	0.14186	0.10134	0.02955	0.02493	0.05207	0.00973	0.00277	0.00693	0.00865	0.00756	0.01120
58	0.01762	0.01373	0.01624	0.01168	0.01849	0.01042	0.00937	0.02103	0.01658	0.07970	0.01517	0.01693	0.01212	0.00606	0.00591	0.00125	0.00581	0.00486	0.00501	0.71201
59	0.21963	0.17339	0.10469	0.04642	0.04517	0.01859	0.01374	0.04857	0.01743	0.11689	0.06947	0.01969	0.01632	0.00815	0.00633	0.00218	0.00746	0.00603	0.00525	0.05459
60	0.01634	0.01421	0.01818	0.07247	0.02240	0.01201	0.04279	0.03844	0.04387	0.02602	0.04591	0.01929	0.01486	0.00673	0.00639	0.00150	0.00650	0.00570	0.00487	0.58151
61	0.69241	0.09963	0.01485	0.01056	0.01557	0.01896	0.00897	0.02284	0.01350	0.03284	0.01079	0.01258	0.00858	0.00713	0.00482	0.00231	0.00627	0.00419	0.00462	0.00858
62	0.02230	0.01547	0.01756	0.04371	0.02093	0.01703	0.01213	0.06154	0.43992	0.16943	0.02970	0.02892	0.02203	0.05186	0.00970	0.00285	0.00658	0.00856	0.00788	0.01191
63	0.15724	0.01122	0.01259	0.01115	0.01463	0.01130	0.00874	0.02322	0.09939	0.14642	0.31495	0.04176	0.09164	0.01279	0.00796	0.00246	0.00493	0.01066	0.00786	0.00910
64	0.00954	0.00760	0.00847	0.00880	0.01073	0.00663	0.00634	0.01152	0.01737	0.02182	0.14773	0.21971	0.43018	0.04514	0.01040	0.00289	0.00415	0.01717	0.00729	0.00653
65	0.01833	0.01752	0.02945	0.04419	0.62196	0.01741	0.02226	0.02271	0.01766	0.02496	0.02005	0.02393	0.06904	0.00800	0.00780	0.00233	0.00876	0.00772	0.00413	0.01179
66	0.02073	0.73217	0.04063	0.01327	0.01990	0.03068	0.01327	0.02322	0.01575	0.01824	0.01078	0.01244	0.00995	0.00663	0.00498	0.00166	0.00829	0.00415	0.00332	0.00995
67	0.01211	0.00865	0.01205	0.01384	0.01545	0.00859	0.01182	0.01539	0.01747	0.02277	0.04127	0.16837	0.04547	0.02179	0.01061	0.00352	0.00680	0.54987	0.00715	0.00703
68	0.01782	0.37592	0.31333	0.01711	0.02538	0.02343	0.01974	0.02317	0.01620	0.02135	0.01470	0.02053	0.01286	0.00821	0.00648	0.00216	0.00954	0.05808	0.00363	0.01035
69	0.01081	0.00797	0.01025	0.01056	0.01231	0.00740	0.00818	0.01388	0.01948	0.02636	0.36483	0.15511	0.15725	0.01874	0.00958	0.00280	0.00455	0.14507	0.00786	0.00702
70	0.01031	0.00745	0.00932	0.00971	0.01116	0.00682	0.00696	0.01286	0.01840	0.02527	0.31833	0.30199	0.15627	0.01918	0.00923	0.00269	0.00400	0.01698	0.04625	0.00682
71	0.35702	0.02007	0.11914	0.05358	0.02705	0.01754	0.19123	0.02383	0.01565	0.05222	0.01360	0.01652	0.01017	0.00708	0.00668	0.00242	0.00898	0.00608	0.00443	0.04672
72	0.02230	0.59927	0.03706	0.01455	0.02068	0.15794	0.01359	0.02470	0.01694	0.01838	0.01101	0.01273	0.00996	0.00689	0.00536	0.00172	0.00938	0.00431	0.00345	0.00977
73	0.01578	0.01465	0.02023	0.01769	0.01799	0.01987	0.01448	0.01766	0.01228	0.01925	0.01345	0.02141	0.01305	0.05952	0.09718	0.00448	0.53665	0.00725	0.06916	0.00799
74	0.06039	0.00892	0.00884	0.00831	0.01066	0.00926	0.00639	0.07267	0.01781	0.03096	0.02388	0.02708	0.01863	0.00895	0.00558	0.00189	0.00417	0.00703	0.66079	0.00780
75	0.01083	0.00788	0.01019	0.00970	0.01152	0.00724	0.00724	0.01432	0.02147	0.03017	0.62201	0.08290	0.10275	0.01635	0.00917	0.00247	0.00370	0.01443	0.00842	0.00724
76	0.01000	0.00711	0.00916	0.01058	0.01116	0.00674	0.00718	0.01134	0.01463	0.01934	0.04104	0.52908	0.07307	0.14099	0.01486	0.00389	0.00520	0.07174	0.00678	0.00611
77	0.02039	0.01167	0.01421	0.01226	0.01605	0.01140	0.00959	0.02792	0.17457	0.23842	0.23994	0.04235	0.10087	0.03348	0.00929	0.00264	0.00532	0.01093	0.00848	0.01022
78	0.05299	0.01153	0.01439	0.01282	0.01652	0.01127	0.01022	0.02728	0.12887	0.25484	0.18628	0.10017	0.03819	0.01382	0.00854	0.00265	0.00568	0.08548	0.00835	0.01012
79	0.01821	0.01487	0.02428	0.45126	0.18968	0.01690	0.02050	0.02364	0.04191	0.09926	0.01662	0.02132	0.01233	0.00788	0.00775	0.00250	0.00948	0.00707	0.00443	0.01012
80	0.05781	0.12795	0.07253	0.01523	0.02061	0.01951	0.01326	0.03497	0.38538	0.11000	0.02618	0.04387	0.01997	0.00979	0.00730	0.00244	0.00689	0.00785	0.00687	0.01161

[dist]
# distance from previous block
# <min> <max>
0	1

[block]
# block no. 7 follows, 25 sequences, length 37
# corresponding to MSA columns:
# 392-428
name=unknown_H
#
# <colnr> <probs for GDERKNQSTAVLIFYWHMCP>
#	G	D	E	R	K	N	Q	S	T	A	V	L	I	F	Y	W	H	M	C	P
0	0.02385	0.01585	0.02253	0.01770	0.02265	0.01629	0.12222	0.16354	0.08707	0.20436	0.05631	0.07227	0.02135	0.01061	0.00919	0.00252	0.05205	0.00912	0.05934	0.01117
1	0.31151	0.04836	0.01770	0.01438	0.01880	0.19288	0.05402	0.06809	0.01810	0.02926	0.01464	0.01693	0.01154	0.00782	0.00599	0.00217	0.00838	0.00549	0.14509	0.00887
2	0.03990	0.02246	0.20166	0.15865	0.06026	0.01738	0.17729	0.02275	0.04541	0.02374	0.01705	0.07310	0.01436	0.00892	0.00895	0.00257	0.04884	0.00820	0.00411	0.04442
