[name]
unknown

[dist]
# distance from previous block
# <min> <max>
0	64

[block]
# block no. 0 follows, 25 sequences, length 175
# corresponding to MSA columns:
# 64-238
name=unknown_A
#
# <colnr> <probs for GDERKNQSTAVLIFYWHMCP>
#	G	D	E	R	K	N	Q	S	T	A	V	L	I	F	Y	W	H	M	C	P
0	0.01554	0.01059	0.01290	0.01349	0.01580	0.04576	0.01118	0.01861	0.01853	0.10569	0.08356	0.14953	0.07276	0.01909	0.00987	0.00316	0.00673	0.37194	0.00738	0.00788
1	0.12144	0.14497	0.24884	0.01565	0.02251	0.01891	0.01660	0.07912	0.07840	0.02782	0.04267	0.02103	0.01552	0.04698	0.00835	0.00254	0.00830	0.00639	0.06380	0.01016
2	0.02173	0.04004	0.01908	0.03589	0.02008	0.04514	0.01228	0.29420	0.06007	0.03384	0.01988	0.04616	0.01662	0.06722	0.04326	0.00317	0.06469	0.00768	0.09807	0.05089
3	0.01922	0.02128	0.04178	0.05343	0.09543	0.05222	0.52094	0.04979	0.01906	0.02540	0.01547	0.02033	0.01174	0.00679	0.00882	0.00255	0.01251	0.00860	0.00406	0.01060
4	0.01105	0.00798	0.01048	0.00999	0.01182	0.00740	0.00759	0.01471	0.02173	0.03067	0.64140	0.05949	0.07165	0.01615	0.00923	0.00250	0.00384	0.04655	0.00846	0.00731
5	0.01088	0.00807	0.01037	0.01118	0.01292	0.00756	0.00888	0.01374	0.01831	0.02411	0.20806	0.18863	0.18588	0.02015	0.00985	0.00301	0.00513	0.23884	0.00751	0.00691
6	0.02006	0.01852	0.01876	0.09030	0.02421	0.08661	0.01361	0.05636	0.51275	0.03024	0.02732	0.02625	0.02057	0.00994	0.00778	0.00255	0.00744	0.00814	0.00702	0.01158
7	0.02591	0.10168	0.05916	0.04221	0.08130	0.34971	0.01632	0.15914	0.04670	0.02649	0.01433	0.01611	0.01134	0.00809	0.00708	0.00212	0.01133	0.00572	0.00478	0.01048
8	0.01910	0.01398	0.01659	0.01202	0.01876	0.01095	0.00968	0.04390	0.01762	0.11627	0.01625	0.01758	0.01260	0.00639	0.00609	0.00136	0.00596	0.00511	0.00539	0.64440
9	0.05768	0.09480	0.47516	0.02095	0.05527	0.01822	0.04497	0.02446	0.01687	0.05898	0.05095	0.01890	0.01390	0.00783	0.00721	0.00238	0.01018	0.00624	0.00402	0.01102
10	0.01641	0.15430	0.58062	0.02064	0.03130	0.02010	0.02611	0.02433	0.01627	0.02351	0.01340	0.01572	0.00984	0.00725	0.00697	0.00232	0.01094	0.00547	0.00328	0.01121
11	0.00916	0.00785	0.00785	0.00785	0.01047	0.00655	0.00589	0.01113	0.01767	0.02095	0.07855	0.07462	0.67599	0.01964	0.00916	0.00262	0.00393	0.01636	0.00720	0.00655
12	0.03165	0.01383	0.01793	0.01398	0.01959	0.01275	0.01146	0.10552	0.04549	0.53532	0.08383	0.02827	0.02323	0.01012	0.00791	0.00240	0.00655	0.00826	0.00924	0.01267
13	0.01787	0.01785	0.02947	0.29183	0.34546	0.05077	0.08952	0.02276	0.01713	0.02291	0.01428	0.01968	0.01139	0.00724	0.00783	0.00243	0.01027	0.00705	0.00371	0.01056
14	0.00943	0.00680	0.00894	0.01065	0.01121	0.00631	0.00713	0.01081	0.01498	0.01985	0.04446	0.69123	0.08139	0.02407	0.00986	0.00312	0.00447	0.02177	0.00720	0.00631
15	0.01109	0.00827	0.01228	0.01228	0.01360	0.00959	0.00946	0.01373	0.01241	0.01786	0.02094	0.03139	0.01979	0.08869	0.66679	0.01224	0.02016	0.00844	0.00418	0.00682
16	0.01498	0.01412	0.02386	0.66034	0.09933	0.01731	0.02170	0.02010	0.01566	0.02022	0.01384	0.02056	0.01048	0.00769	0.00775	0.00256	0.01025	0.00689	0.00347	0.00888
17	0.01649	0.14997	0.55721	0.02113	0.03166	0.02010	0.05211	0.02435	0.01635	0.02356	0.01349	0.01593	0.00992	0.00721	0.00706	0.00233	0.01102	0.00562	0.00331	0.01118
18	0.01286	0.01204	0.02169	0.01842	0.02112	0.01197	0.20749	0.01584	0.01565	0.02125	0.03147	0.44259	0.03540	0.01784	0.01104	0.00300	0.06999	0.01670	0.00585	0.00778
19	0.02787	0.02017	0.02156	0.01671	0.02244	0.02225	0.01374	0.58543	0.03430	0.04673	0.01933	0.01971	0.01390	0.00928	0.00751	0.00227	0.00801	0.00701	0.08924	0.01255
20	0.01128	0.00941	0.01481	0.12119	0.02054	0.00979	0.06241	0.01366	0.01511	0.02016	0.03471	0.52763	0.04003	0.01984	0.01014	0.00303	0.03496	0.01802	0.00619	0.00709
21	0.01125	0.00761	0.00893	0.00893	0.00909	0.00777	0.00529	0.01158	0.01142	0.01538	0.02400	0.04835	0.02715	0.64850	0.11705	0.00810	0.00908	0.01093	0.00463	0.00496
22	0.01608	0.01378	0.01608	0.01148	0.01837	0.01034	0.00919	0.01952	0.01608	0.02527	0.01378	0.01608	0.01148	0.00574	0.00574	0.00115	0.00574	0.00459	0.00459	0.77491
23	0.02975	0.02128	0.02300	0.01763	0.02383	0.02339	0.01456	0.62154	0.03572	0.08165	0.01923	0.01902	0.01350	0.00932	0.00776	0.00233	0.00843	0.00702	0.00785	0.01319
24	0.00945	0.00675	0.00900	0.01080	0.01125	0.00630	0.00720	0.01080	0.01484	0.01979	0.04274	0.72245	0.05128	0.02429	0.00990	0.00315	0.00450	0.02204	0.00720	0.00630
25	0.02627	0.01921	0.01987	0.01605	0.02128	0.05585	0.01296	0.37489	0.15855	0.09819	0.02264	0.02223	0.01637	0.00948	0.00750	0.00232	0.00764	0.00733	0.08923	0.01214
26	0.01522	0.01430	0.02371	0.62372	0.10498	0.01741	0.02134	0.02105	0.04302	0.02081	0.01460	0.02089	0.01106	0.00780	0.00775	0.00256	0.01006	0.00697	0.00367	0.00908
27	0.03479	0.01320	0.01799	0.01380	0.01979	0.01140	0.01140	0.03779	0.02219	0.68451	0.03059	0.02639	0.01919	0.00960	0.00780	0.00240	0.00660	0.00780	0.00960	0.01320
28	0.01997	0.63589	0.09635	0.01376	0.02059	0.02843	0.01425	0.02309	0.01583	0.01932	0.01176	0.01358	0.01042	0.00681	0.00521	0.00174	0.00835	0.00443	0.04029	0.00995
29	0.01059	0.00787	0.00986	0.00945	0.01137	0.00714	0.00705	0.01385	0.02091	0.02883	0.54315	0.08520	0.18236	0.01685	0.00918	0.00250	0.00374	0.01474	0.00824	0.00714
30	0.78228	0.01499	0.01140	0.01020	0.01499	0.01739	0.00840	0.02279	0.01320	0.03479	0.01080	0.01260	0.00840	0.00720	0.00480	0.00240	0.00600	0.00420	0.00480	0.00840
31	0.01581	0.01349	0.01579	0.01146	0.01808	0.01017	0.00911	0.01917	0.01603	0.02504	0.01496	0.04484	0.01310	0.00650	0.00591	0.00123	0.00569	0.00530	0.00470	0.74361
32	0.04617	0.00825	0.01041	0.00977	0.01174	0.00778	0.00737	0.01500	0.02155	0.03126	0.64474	0.05585	0.07020	0.01546	0.00895	0.00244	0.00376	0.01357	0.00836	0.00737
33	0.00926	0.00786	0.00799	0.00796	0.01053	0.00659	0.00597	0.01131	0.01790	0.02148	0.11021	0.07373	0.64400	0.01944	0.00916	0.00261	0.00391	0.01624	0.00727	0.00659
34	0.01929	0.01666	0.01753	0.01578	0.02016	0.01929	0.01227	0.04120	0.66513	0.03243	0.03156	0.02893	0.02367	0.01052	0.00789	0.00263	0.00614	0.00877	0.00789	0.01227
35	0.02901	0.02149	0.02301	0.01775	0.02387	0.02383	0.01462	0.62536	0.06514	0.04812	0.01921	0.01909	0.01366	0.00936	0.00776	0.00234	0.00842	0.00706	0.00776	0.01314
36	0.06017	0.01993	0.04178	0.09384	0.04030	0.01927	0.55739	0.02426	0.01776	0.02492	0.01524	0.02043	0.01145	0.00668	0.00878	0.00260	0.01243	0.00867	0.00393	0.01017
37	0.01108	0.00831	0.01246	0.01246	0.01385	0.00969	0.00969	0.01385	0.01246	0.01800	0.02077	0.03046	0.01938	0.05815	0.69678	0.01246	0.02077	0.00831	0.00415	0.00692
38	0.78228	0.01499	0.01140	0.01020	0.01499	0.01739	0.00840	0.02279	0.01320	0.03479	0.01080	0.01260	0.00840	0.00720	0.00480	0.00240	0.00600	0.00420	0.00480	0.00840
39	0.78228	0.01499	0.01140	0.01020	0.01499	0.01739	0.00840	0.02279	0.01320	0.03479	0.01080	0.01260	0.00840	0.00720	0.00480	0.00240	0.00600	0.00420	0.00480	0.00840
40	0.01910	0.01869	0.03300	0.04600	0.61092	0.01855	0.09079	0.02391	0.01772	0.02528	0.01470	0.01937	0.01223	0.00687	0.00783	0.00234	0.00962	0.00715	0.00385	0.01209
41	0.01108	0.00831	0.01246	0.01246	0.01385	0.00969	0.00969	0.01385	0.01246	0.01800	0.02077	0.03046	0.01938	0.05815	0.69678	0.01246	0.02077	0.00831	0.00415	0.00692
42	0.02600	0.01926	0.01980	0.01576	0.02092	0.04790	0.01281	0.47214	0.06531	0.04290	0.02033	0.02097	0.01491	0.00927	0.00728	0.00223	0.00767	0.00704	0.15570	0.01181
43	0.02896	0.03695	0.02197	0.01998	0.02397	0.69638	0.01498	0.03096	0.02197	0.01898	0.01199	0.01398	0.00999	0.00799	0.00699	0.00200	0.01398	0.00499	0.00400	0.00899
44	0.00926	0.00786	0.00798	0.00795	0.01053	0.00659	0.00596	0.01131	0.01789	0.02147	0.10931	0.07376	0.64490	0.01944	0.00916	0.00261	0.00391	0.01624	0.00727	0.00659
45	0.01308	0.00977	0.01364	0.01305	0.01496	0.01126	0.01024	0.08363	0.01508	0.02137	0.02053	0.02917	0.01871	0.05282	0.62159	0.01136	0.01943	0.00816	0.00455	0.00761
46	0.01929	0.01666	0.01753	0.01578	0.02016	0.01929	0.01227	0.04120	0.66513	0.03243	0.03156	0.02893	0.02367	0.01052	0.00789	0.00263	0.00614	0.00877	0.00789	0.01227
47	0.01555	0.04011	0.68733	0.02210	0.03356	0.01801	0.02865	0.02455	0.01637	0.02455	0.01391	0.01637	0.00982	0.00737	0.00737	0.00246	0.01146	0.00573	0.00327	0.01146
48	0.01347	0.00673	0.01010	0.01010	0.01010	0.00673	0.00673	0.01010	0.01010	0.01347	0.01347	0.02357	0.01347	0.02694	0.03030	0.77441	0.00673	0.00673	0.00337	0.00337
49	0.02619	0.02154	0.02133	0.01739	0.02281	0.08543	0.01398	0.40090	0.23453	0.04086	0.02210	0.02145	0.01621	0.00957	0.00773	0.00239	0.00828	0.00736	0.00745	0.01250
50	0.01830	0.02092	0.04575	0.03268	0.04052	0.01961	0.65098	0.02484	0.01830	0.02484	0.01569	0.02092	0.01176	0.00654	0.00915	0.00261	0.01307	0.00915	0.00392	0.01046
51	0.01547	0.01367	0.02164	0.58534	0.04673	0.01648	0.01933	0.05328	0.01670	0.02233	0.01498	0.02104	0.01132	0.00785	0.00748	0.00245	0.00950	0.00683	0.06659	0.04099
52	0.02073	0.73217	0.04063	0.01327	0.01990	0.03068	0.01327	0.02322	0.01575	0.01824	0.01078	0.01244	0.00995	0.00663	0.00498	0.00166	0.00829	0.00415	0.00332	0.00995
53	0.00961	0.00682	0.00895	0.01059	0.01100	0.00641	0.00698	0.01084	0.01453	0.01937	0.04111	0.66290	0.04923	0.08663	0.01252	0.00354	0.00477	0.02109	0.00698	0.00616
54	0.01579	0.07262	0.65695	0.02168	0.03292	0.01860	0.02792	0.02449	0.01634	0.02426	0.01377	0.01619	0.00983	0.00733	0.00725	0.00242	0.01131	0.00566	0.00328	0.01139
55	0.01464	0.01378	0.02326	0.70887	0.05340	0.01723	0.02153	0.01981	0.01550	0.01981	0.01378	0.02067	0.01034	0.00775	0.00775	0.00258	0.01034	0.00689	0.00345	0.00861
56	0.02768	0.03469	0.02182	0.02073	0.04887	0.63219	0.01518	0.02986	0.02158	0.01946	0.01369	0.01824	0.01199	0.00869	0.00722	0.00210	0.01342	0.03943	0.00416	0.00901
57	0.01555	0.04011	0.68733	0.02210	0.03356	0.01801	0.02865	0.02455	0.01637	0.02455	0.01391	0.01637	0.00982	0.00737	0.00737	0.00246	0.01146	0.00573	0.00327	0.01146
58	0.02638	0.03188	0.02326	0.02244	0.08637	0.52007	0.04435	0.05366	0.04727	0.02162	0.01614	0.01803	0.03807	0.00845	0.00731	0.00212	0.01256	0.00605	0.00441	0.00956
59	0.01097	0.00793	0.01036	0.00975	0.01158	0.00732	0.00732	0.01463	0.02195	0.03109	0.67505	0.05792	0.07316	0.01585	0.00914	0.00244	0.00366	0.01402	0.00854	0.00732
60	0.01901	0.01824	0.03115	0.07316	0.65494	0.01838	0.02371	0.02364	0.01757	0.02512	0.01455	0.01925	0.01221	0.00694	0.00768	0.00231	0.00925	0.00691	0.00382	0.01214
61	0.01127	0.00754	0.00859	0.00859	0.00864	0.00759	0.00487	0.01136	0.01132	0.01514	0.02430	0.05005	0.02789	0.70459	0.06197	0.00769	0.00797	0.01117	0.00468	0.00477
62	0.01445	0.00723	0.00723	0.00723	0.00903	0.00723	0.00542	0.01807	0.01626	0.02891	0.02529	0.02891	0.01987	0.00903	0.00542	0.00181	0.00361	0.00723	0.77055	0.00723
63	0.01505	0.01419	0.02398	0.65026	0.10887	0.01733	0.02173	0.02016	0.01569	0.02030	0.01385	0.02054	0.01051	0.00768	0.00775	0.00256	0.01024	0.00689	0.00348	0.00894
64	0.01830	0.02092	0.04575	0.03268	0.04052	0.01961	0.65098	0.02484	0.01830	0.02484	0.01569	0.02092	0.01176	0.00654	0.00915	0.00261	0.01307	0.00915	0.00392	0.01046
65	0.01108	0.00831	0.01246	0.01246	0.01385	0.00969	0.00969	0.01385	0.01246	0.01800	0.02077	0.03046	0.01938	0.05815	0.69678	0.01246	0.02077	0.00831	0.00415	0.00692
66	0.00916	0.00785	0.00785	0.00785	0.01047	0.00655	0.00589	0.01113	0.01767	0.02095	0.07855	0.07462	0.67599	0.01964	0.00916	0.00262	0.00393	0.01636	0.00720	0.00655
67	0.01084	0.00788	0.01021	0.00971	0.01152	0.00725	0.00725	0.01435	0.02151	0.03026	0.62715	0.08258	0.09774	0.01631	0.00917	0.00247	0.00370	0.01441	0.00843	0.00725
68	0.01128	0.00752	0.00846	0.00846	0.00846	0.00752	0.00470	0.01128	0.01128	0.01503	0.02443	0.05074	0.02819	0.72751	0.03946	0.00752	0.00752	0.01128	0.00470	0.00470
69	0.01696	0.01696	0.02375	0.02036	0.02036	0.02375	0.01696	0.01866	0.01187	0.01866	0.01018	0.01696	0.01018	0.01357	0.02545	0.00339	0.71332	0.00679	0.00339	0.00848
70	0.02052	0.69266	0.03970	0.01366	0.01993	0.03030	0.01347	0.02297	0.01554	0.01827	0.01075	0.01269	0.00996	0.00702	0.00611	0.00175	0.04724	0.00429	0.00332	0.00987
71	0.02073	0.73217	0.04063	0.01327	0.01990	0.03068	0.01327	0.02322	0.01575	0.01824	0.01078	0.01244	0.00995	0.00663	0.00498	0.00166	0.00829	0.00415	0.00332	0.00995
72	0.01989	0.01820	0.03074	0.04361	0.58349	0.01819	0.05121	0.02544	0.05281	0.05666	0.01630	0.02013	0.01320	0.00721	0.00776	0.00234	0.00910	0.00715	0.00433	0.01224
73	0.02866	0.02111	0.02269	0.01755	0.02352	0.02332	0.01443	0.62713	0.03558	0.04768	0.01960	0.04727	0.01474	0.00992	0.00784	0.00236	0.00837	0.00759	0.00773	0.01291
74	0.01061	0.00791	0.00986	0.00938	0.01136	0.00716	0.00703	0.01393	0.02110	0.02907	0.55610	0.06125	0.19337	0.01661	0.00915	0.00247	0.00371	0.01449	0.00827	0.00716
75	0.01097	0.00793	0.01036	0.00975	0.01158	0.00732	0.00732	0.01463	0.02195	0.03109	0.67505	0.05792	0.07316	0.01585	0.00914	0.00244	0.00366	0.01402	0.00854	0.00732
76	0.01113	0.00808	0.01131	0.01131	0.01230	0.00907	0.00826	0.01311	0.01212	0.01715	0.02182	0.03629	0.02191	0.25056	0.50784	0.01104	0.01696	0.00916	0.00431	0.00628
77	0.02908	0.02152	0.02305	0.01776	0.02389	0.02386	0.01464	0.62962	0.06076	0.04823	0.01912	0.01901	0.01359	0.00935	0.00776	0.00234	0.00844	0.00705	0.00776	0.01315
78	0.75114	0.01492	0.01167	0.01035	0.01519	0.01714	0.00852	0.02342	0.01357	0.06185	0.01162	0.01317	0.00885	0.00730	0.00492	0.00240	0.00602	0.00435	0.00500	0.00860
79	0.02478	0.01361	0.01701	0.01269	0.01909	0.01113	0.01031	0.02866	0.04129	0.32833	0.02212	0.02126	0.01545	0.00768	0.00676	0.00177	0.00615	0.00621	0.00701	0.39869
80	0.02877	0.02104	0.02252	0.01734	0.02334	0.02325	0.01430	0.62344	0.03551	0.04793	0.01893	0.01910	0.01350	0.00929	0.00765	0.00230	0.00830	0.00699	0.04360	0.01291
81	0.78228	0.01499	0.01140	0.01020	0.01499	0.01739	0.00840	0.02279	0.01320	0.03479	0.01080	0.01260	0.00840	0.00720	0.00480	0.00240	0.00600	0.00420	0.00480	0.00840
82	0.02896	0.03695	0.02197	0.01998	0.02397	0.69638	0.01498	0.03096	0.02197	0.01898	0.01199	0.01398	0.00999	0.00799	0.00699	0.00200	0.01398	0.00499	0.00400	0.00899
83	0.01500	0.00776	0.00781	0.00761	0.00958	0.00784	0.00576	0.04123	0.01700	0.02963	0.02505	0.02853	0.01963	0.00904	0.00551	0.00183	0.00379	0.00722	0.74273	0.00744
84	0.01976	0.01689	0.01780	0.01588	0.02034	0.01951	0.01239	0.06996	0.63559	0.03321	0.03095	0.02844	0.02318	0.01046	0.00788	0.00262	0.00625	0.00868	0.00788	0.01232
85	0.01555	0.04011	0.68733	0.02210	0.03356	0.01801	0.02865	0.02455	0.01637	0.02455	0.01391	0.01637	0.00982	0.00737	0.00737	0.00246	0.01146	0.00573	0.00327	0.01146
86	0.00930	0.00786	0.00805	0.00800	0.01056	0.00660	0.00600	0.01139	0.01800	0.02172	0.12398	0.07335	0.63008	0.01935	0.00916	0.00260	0.00391	0.01619	0.00730	0.00660
87	0.01890	0.01827	0.03161	0.08350	0.61797	0.01841	0.04979	0.02362	0.01756	0.02501	0.01459	0.01934	0.01215	0.00694	0.00774	0.00233	0.00943	0.00700	0.00382	0.01200
88	0.74528	0.01494	0.01197	0.04387	0.01685	0.01739	0.00903	0.02265	0.01331	0.03407	0.01094	0.01298	0.00849	0.00722	0.00494	0.00241	0.00621	0.00433	0.00473	0.00841
89	0.01496	0.03594	0.59976	0.02050	0.03072	0.01662	0.02589	0.02327	0.01709	0.02540	0.09944	0.02174	0.01802	0.00846	0.00760	0.00245	0.01045	0.00680	0.00395	0.01092
90	0.00995	0.00718	0.00942	0.01035	0.01133	0.00665	0.00719	0.01210	0.01733	0.02364	0.25681	0.47725	0.07934	0.02130	0.00962	0.00289	0.00420	0.01915	0.00765	0.00665
91	0.00945	0.00675	0.00900	0.01080	0.01125	0.00630	0.00720	0.01080	0.01484	0.01979	0.04274	0.72245	0.05128	0.02429	0.00990	0.00315	0.00450	0.02204	0.00720	0.00630
92	0.02893	0.02145	0.02296	0.01773	0.02384	0.02379	0.01461	0.62080	0.06982	0.04799	0.01930	0.01916	0.01374	0.00937	0.00776	0.00234	0.00840	0.00708	0.00776	0.01314
93	0.01879	0.01703	0.02929	0.07095	0.49848	0.01693	0.06949	0.02339	0.01828	0.05742	0.08596	0.02387	0.01899	0.00800	0.00796	0.00236	0.00884	0.00788	0.00461	0.01149
94	0.02073	0.73217	0.04063	0.01327	0.01990	0.03068	0.01327	0.02322	0.01575	0.01824	0.01078	0.01244	0.00995	0.00663	0.00498	0.00166	0.00829	0.00415	0.00332	0.00995
95	0.02947	0.02172	0.02327	0.01784	0.02404	0.02404	0.01474	0.65329	0.03646	0.04887	0.01862	0.01862	0.01319	0.00931	0.00776	0.00233	0.00853	0.00698	0.00776	0.01319
96	0.01608	0.01378	0.01608	0.01148	0.01837	0.01034	0.00919	0.01952	0.01608	0.02527	0.01378	0.01608	0.01148	0.00574	0.00574	0.00115	0.00574	0.00459	0.00459	0.77491
97	0.02947	0.02172	0.02327	0.01784	0.02404	0.02404	0.01474	0.65329	0.03646	0.04887	0.01862	0.01862	0.01319	0.00931	0.00776	0.00233	0.00853	0.00698	0.00776	0.01319
98	0.78228	0.01499	0.01140	0.01020	0.01499	0.01739	0.00840	0.02279	0.01320	0.03479	0.01080	0.01260	0.00840	0.00720	0.00480	0.00240	0.00600	0.00420	0.00480	0.00840
99	0.01720	0.28842	0.42122	0.01832	0.02757	0.02207	0.02207	0.02359	0.01642	0.02259	0.04464	0.01695	0.01292	0.00751	0.00659	0.00217	0.00994	0.00556	0.00354	0.01071
100	0.01235	0.00882	0.01233	0.01412	0.01584	0.00880	0.01225	0.01582	0.01771	0.02305	0.04113	0.11703	0.04493	0.02155	0.01067	0.00355	0.00702	0.59879	0.00714	0.00710
101	0.01919	0.01842	0.03147	0.04759	0.67914	0.01842	0.02380	0.02380	0.01765	0.02533	0.01458	0.01919	0.01228	0.00691	0.00768	0.00230	0.00921	0.00691	0.00384	0.01228
102	0.03479	0.01320	0.01799	0.01380	0.01979	0.01140	0.01140	0.03779	0.02219	0.68451	0.03059	0.02639	0.01919	0.00960	0.00780	0.00240	0.00660	0.00780	0.00960	0.01320
103	0.01097	0.00793	0.01036	0.00975	0.01158	0.00732	0.00732	0.01463	0.02195	0.03109	0.67505	0.05792	0.07316	0.01585	0.00914	0.00244	0.00366	0.01402	0.00854	0.00732
104	0.01064	0.00773	0.01002	0.00983	0.01148	0.00712	0.00723	0.01385	0.02061	0.02880	0.54520	0.16498	0.09871	0.01738	0.00927	0.00256	0.00381	0.01542	0.00826	0.00712
105	0.01481	0.01411	0.02430	0.67739	0.05280	0.01734	0.05084	0.02004	0.01563	0.02004	0.01387	0.02068	0.01040	0.00770	0.00782	0.00259	0.01046	0.00700	0.00347	0.00870
106	0.01714	0.07359	0.55650	0.02170	0.05803	0.01789	0.02572	0.02502	0.01698	0.06962	0.03724	0.01836	0.01271	0.00775	0.00734	0.00240	0.01060	0.00611	0.00391	0.01139
107	0.01829	0.01193	0.01164	0.01038	0.01309	0.04885	0.00797	0.15302	0.02037	0.03130	0.02247	0.02633	0.01784	0.03380	0.00847	0.04378	0.00553	0.00716	0.49948	0.00830
108	0.02037	0.01742	0.01856	0.01731	0.05558	0.04201	0.01285	0.13480	0.44661	0.03366	0.06404	0.02971	0.05099	0.01071	0.00795	0.00253	0.00673	0.00885	0.00752	0.01180
109	0.01077	0.00893	0.01037	0.01097	0.04737	0.00811	0.00761	0.01446	0.05464	0.02467	0.23999	0.06442	0.43490	0.01738	0.00901	0.00255	0.00426	0.01478	0.00743	0.00739
110	0.01891	0.01985	0.06904	0.04479	0.58373	0.01851	0.08274	0.02394	0.01764	0.02524	0.01465	0.01920	0.01210	0.00690	0.00780	0.00234	0.00970	0.00705	0.00381	0.01207
111	0.74121	0.05366	0.01297	0.01036	0.01526	0.01811	0.00866	0.02281	0.01333	0.03390	0.01080	0.01259	0.00848	0.00717	0.00481	0.00236	0.00612	0.00420	0.00472	0.00848
112	0.01589	0.03808	0.62598	0.02448	0.09395	0.01805	0.02819	0.02448	0.01649	0.02463	0.01398	0.01663	0.01005	0.00732	0.00740	0.00244	0.01125	0.00584	0.00333	0.01154
113	0.01776	0.33470	0.41205	0.01834	0.02774	0.02340	0.02210	0.02399	0.01611	0.02187	0.01258	0.01470	0.00988	0.00705	0.00635	0.00212	0.01011	0.00506	0.00329	0.01082
114	0.01976	0.01975	0.02924	0.04245	0.57032	0.08281	0.02192	0.02460	0.03951	0.02480	0.01723	0.02104	0.03664	0.00760	0.00767	0.00230	0.00937	0.00713	0.00411	0.01176
115	0.01830	0.02092	0.04575	0.03268	0.04052	0.01961	0.65098	0.02484	0.01830	0.02484	0.01569	0.02092	0.01176	0.00654	0.00915	0.00261	0.01307	0.00915	0.00392	0.01046
116	0.01127	0.00755	0.00864	0.00864	0.00871	0.00762	0.00493	0.01140	0.01133	0.01517	0.02426	0.04979	0.02778	0.69606	0.07035	0.00775	0.00814	0.01114	0.00467	0.00480
117	0.00945	0.00675	0.00900	0.01080	0.01125	0.00630	0.00720	0.01080	0.01484	0.01979	0.04274	0.72245	0.05128	0.02429	0.00990	0.00315	0.00450	0.02204	0.00720	0.00630
118	0.01555	0.04011	0.68733	0.02210	0.03356	0.01801	0.02865	0.02455	0.01637	0.02455	0.01391	0.01637	0.00982	0.00737	0.00737	0.00246	0.01146	0.00573	0.00327	0.01146
119	0.00932	0.00786	0.00808	0.00802	0.01057	0.00661	0.00602	0.01144	0.01805	0.02185	0.13142	0.07314	0.62256	0.01930	0.00916	0.00260	0.00390	0.01616	0.00732	0.00661
120	0.01347	0.00673	0.01010	0.01010	0.01010	0.00673	0.00673	0.01010	0.01010	0.01347	0.01347	0.02357	0.01347	0.02694	0.03030	0.77441	0.00673	0.00673	0.00337	0.00337
121	0.02456	0.02048	0.02258	0.05560	0.02415	0.07526	0.01536	0.32667	0.08713	0.05574	0.01724	0.01916	0.01318	0.01036	0.01234	0.00262	0.19312	0.00697	0.00616	0.01129
122	0.01919	0.01842	0.03147	0.04759	0.67914	0.01842	0.02380	0.02380	0.01765	0.02533	0.01458	0.01919	0.01228	0.00691	0.00768	0.00230	0.00921	0.00691	0.00384	0.01228
123	0.02896	0.03695	0.02197	0.01998	0.02397	0.69638	0.01498	0.03096	0.02197	0.01898	0.01199	0.01398	0.00999	0.00799	0.00699	0.00200	0.01398	0.00499	0.00400	0.00899
124	0.01506	0.01187	0.01338	0.08536	0.01848	0.01206	0.00992	0.16886	0.02195	0.02808	0.05319	0.05346	0.39032	0.01540	0.00854	0.00254	0.00583	0.03354	0.04372	0.00844
125	0.01919	0.01842	0.03147	0.04759	0.67914	0.01842	0.02380	0.02380	0.01765	0.02533	0.01458	0.01919	0.01228	0.00691	0.00768	0.00230	0.00921	0.00691	0.00384	0.01228
126	0.01142	0.00844	0.01091	0.01138	0.01323	0.00809	0.00905	0.01528	0.04282	0.02621	0.30826	0.13949	0.12532	0.01882	0.00970	0.00292	0.00502	0.21862	0.00776	0.00725
127	0.01919	0.01842	0.03147	0.04759	0.67914	0.01842	0.02380	0.02380	0.01765	0.02533	0.01458	0.01919	0.01228	0.00691	0.00768	0.00230	0.00921	0.00691	0.00384	0.01228
128	0.02787	0.02017	0.02156	0.01671	0.02244	0.02225	0.01374	0.58543	0.03430	0.04673	0.01933	0.01971	0.01390	0.00928	0.00751	0.00227	0.00801	0.00701	0.08924	0.01255
129	0.00924	0.00757	0.00815	0.00862	0.01068	0.00648	0.00623	0.01104	0.01693	0.02064	0.06918	0.24408	0.51258	0.02085	0.00936	0.00276	0.00408	0.01785	0.00720	0.00648
130	0.02794	0.12367	0.02430	0.01914	0.02346	0.61335	0.01477	0.03000	0.02120	0.01888	0.01183	0.01379	0.00998	0.00782	0.00674	0.00196	0.01327	0.00489	0.00391	0.00911
131	0.00945	0.00675	0.00900	0.01080	0.01125	0.00630	0.00720	0.01080	0.01484	0.01979	0.04274	0.72245	0.05128	0.02429	0.00990	0.00315	0.00450	0.02204	0.00720	0.00630
132	0.01928	0.01675	0.01828	0.01749	0.05569	0.01924	0.01289	0.04026	0.63022	0.03205	0.03064	0.02840	0.02305	0.01032	0.00788	0.00261	0.00630	0.00867	0.00767	0.01227
133	0.03127	0.04811	0.05525	0.01457	0.02073	0.01391	0.01262	0.05785	0.09075	0.52710	0.02848	0.02522	0.01854	0.00943	0.00765	0.00239	0.00695	0.00759	0.00872	0.01285
134	0.00945	0.00675	0.00900	0.01080	0.01125	0.00630	0.00720	0.01080	0.01484	0.01979	0.04274	0.72245	0.05128	0.02429	0.00990	0.00315	0.00450	0.02204	0.00720	0.00630
135	0.02111	0.02123	0.02970	0.04213	0.55226	0.11504	0.02208	0.05728	0.01924	0.02564	0.01442	0.01842	0.01200	0.00719	0.00758	0.00226	0.00985	0.00664	0.00406	0.01186
136	0.01919	0.01842	0.03147	0.04759	0.67914	0.01842	0.02380	0.02380	0.01765	0.02533	0.01458	0.01919	0.01228	0.00691	0.00768	0.00230	0.00921	0.00691	0.00384	0.01228
137	0.01696	0.01696	0.02375	0.02036	0.02036	0.02375	0.01696	0.01866	0.01187	0.01866	0.01018	0.01696	0.01018	0.01357	0.02545	0.00339	0.71332	0.00679	0.00339	0.00848
138	0.78228	0.01499	0.01140	0.01020	0.01499	0.01739	0.00840	0.02279	0.01320	0.03479	0.01080	0.01260	0.00840	0.00720	0.00480	0.00240	0.00600	0.00420	0.00480	0.00840
139	0.01919	0.01842	0.03147	0.04759	0.67914	0.01842	0.02380	0.02380	0.01765	0.02533	0.01458	0.01919	0.01228	0.00691	0.00768	0.00230	0.00921	0.00691	0.00384	0.01228
140	0.01097	0.00793	0.01036	0.00975	0.01158	0.00732	0.00732	0.01463	0.02195	0.03109	0.67505	0.05792	0.07316	0.01585	0.00914	0.00244	0.00366	0.01402	0.00854	0.00732
141	0.01109	0.00827	0.01227	0.01227	0.01359	0.00959	0.00946	0.01372	0.01241	0.01786	0.02094	0.03141	0.01980	0.08960	0.66590	0.01223	0.02015	0.00845	0.00418	0.00682
142	0.04069	0.13672	0.57478	0.02048	0.03104	0.01977	0.02584	0.02431	0.01618	0.02399	0.01337	0.01570	0.00979	0.00726	0.00695	0.00234	0.01084	0.00546	0.00333	0.01115
143	0.02073	0.73217	0.04063	0.01327	0.01990	0.03068	0.01327	0.02322	0.01575	0.01824	0.01078	0.01244	0.00995	0.00663	0.00498	0.00166	0.00829	0.00415	0.00332	0.00995
144	0.01985	0.52579	0.20148	0.01569	0.02351	0.02720	0.01718	0.05316	0.01688	0.02126	0.01193	0.01371	0.01007	0.00694	0.00570	0.00189	0.00909	0.00467	0.00351	0.01048
145	0.01751	0.01971	0.04246	0.03063	0.03791	0.01844	0.59414	0.02361	0.01811	0.02444	0.01956	0.05582	0.04127	0.00791	0.00919	0.00264	0.01229	0.01005	0.00421	0.01010
146	0.01128	0.00752	0.00846	0.00846	0.00846	0.00752	0.00470	0.01128	0.01128	0.01503	0.02443	0.05074	0.02819	0.72751	0.03946	0.00752	0.00752	0.01128	0.00470	0.00470
147	0.78228	0.01499	0.01140	0.01020	0.01499	0.01739	0.00840	0.02279	0.01320	0.03479	0.01080	0.01260	0.00840	0.00720	0.00480	0.00240	0.00600	0.00420	0.00480	0.00840
148	0.01714	0.00982	0.01010	0.00913	0.01172	0.01024	0.00709	0.13172	0.01987	0.03248	0.02410	0.02707	0.01868	0.00908	0.00584	0.00190	0.00449	0.00718	0.63407	0.00829
149	0.00960	0.00686	0.00918	0.01098	0.01149	0.00643	0.00747	0.01107	0.01500	0.01997	0.04265	0.68970	0.05094	0.02414	0.00994	0.00317	0.00463	0.05324	0.00719	0.00634
150	0.01089	0.00786	0.01029	0.00981	0.01157	0.00726	0.00731	0.01443	0.02156	0.03048	0.64096	0.09375	0.07198	0.01631	0.00919	0.00248	0.00370	0.01445	0.00846	0.00726
151	0.01347	0.00673	0.01010	0.01010	0.01010	0.00673	0.00673	0.01010	0.01010	0.01347	0.01347	0.02357	0.01347	0.02694	0.03030	0.77441	0.00673	0.00673	0.00337	0.00337
152	0.02947	0.02172	0.02327	0.01784	0.02404	0.02404	0.01474	0.65329	0.03646	0.04887	0.01862	0.01862	0.01319	0.00931	0.00776	0.00233	0.00853	0.00698	0.00776	0.01319
153	0.01708	0.01704	0.02417	0.02182	0.05588	0.02346	0.01733	0.01894	0.01219	0.01902	0.01042	0.01708	0.01029	0.01321	0.02449	0.00333	0.67535	0.00679	0.00342	0.00869
154	0.02947	0.02172	0.02327	0.01784	0.02404	0.02404	0.01474	0.65329	0.03646	0.04887	0.01862	0.01862	0.01319	0.00931	0.00776	0.00233	0.00853	0.00698	0.00776	0.01319
155	0.01570	0.03909	0.65328	0.02266	0.03393	0.01809	0.06168	0.02457	0.01647	0.02457	0.01401	0.01661	0.00993	0.00732	0.00746	0.00246	0.01154	0.00591	0.00331	0.01141
156	0.01929	0.01666	0.01753	0.01578	0.02016	0.01929	0.01227	0.04120	0.66513	0.03243	0.03156	0.02893	0.02367	0.01052	0.00789	0.00263	0.00614	0.00877	0.00789	0.01227
157	0.01696	0.01696	0.02375	0.02036	0.02036	0.02375	0.01696	0.01866	0.01187	0.01866	0.01018	0.01696	0.01018	0.01357	0.02545	0.00339	0.71332	0.00679	0.00339	0.00848
158	0.00945	0.00675	0.00900	0.01080	0.01125	0.00630	0.00720	0.01080	0.01484	0.01979	0.04274	0.72245	0.05128	0.02429	0.00990	0.00315	0.00450	0.02204	0.00720	0.00630
159	0.00945	0.00675	0.00900	0.01080	0.01125	0.00630	0.00720	0.01080	0.01484	0.01979	0.04274	0.72245	0.05128	0.02429	0.00990	0.00315	0.00450	0.02204	0.00720	0.00630
160	0.01108	0.00831	0.01246	0.01246	0.01385	0.00969	0.00969	0.01385	0.01246	0.01800	0.02077	0.03046	0.01938	0.05815	0.69678	0.01246	0.02077	0.00831	0.00415	0.00692
161	0.01087	0.00792	0.01023	0.00965	0.01152	0.00727	0.00724	0.01444	0.02171	0.03053	0.64209	0.05884	0.10646	0.01606	0.00915	0.00245	0.00367	0.01415	0.00846	0.00727
162	0.03479	0.01320	0.01799	0.01380	0.01979	0.01140	0.01140	0.03779	0.02219	0.68451	0.03059	0.02639	0.01919	0.00960	0.00780	0.00240	0.00660	0.00780	0.00960	0.01320
163	0.01555	0.04011	0.68733	0.02210	0.03356	0.01801	0.02865	0.02455	0.01637	0.02455	0.01391	0.01637	0.00982	0.00737	0.00737	0.00246	0.01146	0.00573	0.00327	0.01146
164	0.01762	0.01682	0.02864	0.27525	0.46372	0.01801	0.02302	0.02242	0.01691	0.02343	0.01431	0.01970	0.01161	0.00720	0.00770	0.00240	0.00960	0.00690	0.00370	0.01102
165	0.01898	0.01821	0.03109	0.07838	0.65000	0.01837	0.02369	0.02361	0.01755	0.02507	0.01455	0.01926	0.01219	0.00695	0.00768	0.00232	0.00926	0.00691	0.00382	0.01211
166	0.01478	0.01393	0.02351	0.68825	0.07291	0.01726	0.02160	0.01993	0.01557	0.01998	0.01381	0.02063	0.01040	0.00773	0.00775	0.00258	0.01030	0.00689	0.00346	0.00873
167	0.01686	0.01353	0.01595	0.01159	0.01822	0.01026	0.00924	0.02022	0.01636	0.06008	0.01559	0.03910	0.01316	0.00654	0.00598	0.00128	0.00575	0.00532	0.00494	0.71002
168	0.01881	0.02063	0.09981	0.04365	0.58522	0.01841	0.02385	0.02457	0.04318	0.02553	0.01519	0.01928	0.01247	0.00710	0.00765	0.00233	0.00933	0.00686	0.00394	0.01219
169	0.02871	0.01455	0.01781	0.01457	0.01994	0.01449	0.01174	0.03913	0.27426	0.42886	0.03097	0.02739	0.02095	0.00996	0.00783	0.00249	0.00642	0.00818	0.00893	0.01283
170	0.01569	0.03641	0.58739	0.02373	0.08001	0.01759	0.04710	0.02405	0.01679	0.02493	0.04480	0.01866	0.01301	0.00770	0.00753	0.00245	0.01098	0.00631	0.00358	0.01129
171	0.02876	0.02130	0.02289	0.01750	0.02374	0.02332	0.01444	0.61965	0.03537	0.04761	0.01836	0.01848	0.01310	0.00912	0.00765	0.00226	0.00838	0.00685	0.00759	0.05361
172	0.01121	0.00778	0.00978	0.00978	0.01023	0.00823	0.00634	0.01212	0.01167	0.01601	0.02322	0.04405	0.02529	0.50681	0.25620	0.00915	0.01189	0.01030	0.00452	0.00543
173	0.01128	0.00752	0.00846	0.00846	0.00846	0.00752	0.00470	0.01128	0.01128	0.01503	0.02443	0.05074	0.02819	0.72751	0.03946	0.00752	0.00752	0.01128	0.00470	0.00470
174	0.01778	0.02470	0.17540	0.03121	0.06825	0.01923	0.49598	0.02473	0.01788	0.02480	0.01528	0.01991	0.01139	0.00672	0.00872	0.00257	0.01257	0.00835	0.00379	0.01074

[dist]
# distance from previous block
# <min> <max>
2	5

[block]
# block no. 1 follows, 25 sequences, length 16
# corresponding to MSA columns:
# 244-259
name=unknown_B
#
# <colnr> <probs for GDERKNQSTAVLIFYWHMCP>
#	G	D	E	R	K	N	Q	S	T	A	V	L	I	F	Y	W	H	M	C	P
0	0.01821	0.01423	0.01587	0.01425	0.01785	0.01529	0.01089	0.18978	0.22444	0.03174	0.03109	0.27601	0.03013	0.01488	0.00845	0.00265	0.00615	0.01283	0.00740	0.05787
1	0.06443	0.01821	0.01916	0.01513	0.02031	0.02003	0.01238	0.48250	0.03086	0.04379	0.01968	0.02056	0.01440	0.00914	0.00710	0.00222	0.00733	0.00689	0.17423	0.01164
2	0.02412	0.01739	0.01923	0.01570	0.02060	0.01867	0.01254	0.40493	0.08554	0.07366	0.02502	0.16236	0.02205	0.01228	0.00810	0.00246	0.00726	0.01011	0.00759	0.05038
3	0.01443	0.01049	0.01202	0.01155	0.01412	0.01042	0.00860	0.10726	0.08050	0.05716	0.07966	0.31104	0.21555	0.01845	0.00906	0.00276	0.00513	0.01599	0.00752	0.00829
4	0.50365	0.01770	0.10449	0.01229	0.01805	0.01580	0.01149	0.02423	0.01542	0.11326	0.05586	0.01784	0.01416	0.00800	0.00584	0.00236	0.00666	0.00549	0.00541	0.04201
5	0.01889	0.58124	0.06392	0.01336	0.01935	0.02649	0.01320	0.02176	0.01577	0.01923	0.05001	0.01719	0.01460	0.01284	0.08122	0.00292	0.00953	0.00524	0.00371	0.00953
6	0.01634	0.14555	0.58880	0.02075	0.03148	0.01994	0.02630	0.02435	0.01628	0.02359	0.01344	0.01577	0.00984	0.00725	0.00700	0.00233	0.01098	0.00549	0.00328	0.01123
7	0.10054	0.15400	0.50418	0.01930	0.02922	0.02008	0.02383	0.02414	0.01592	0.02461	0.01304	0.01529	0.00969	0.00722	0.00668	0.00231	0.01033	0.00529	0.00345	0.01087
8	0.10047	0.14459	0.51296	0.01942	0.02941	0.01990	0.02404	0.02415	0.01593	0.02470	0.01309	0.01535	0.00969	0.00723	0.00671	0.00233	0.01037	0.00532	0.00345	0.01089
9	0.11224	0.01669	0.01805	0.04992	0.02156	0.03374	0.01227	0.16336	0.22496	0.13971	0.05365	0.02404	0.01934	0.00941	0.00735	0.00236	0.00696	0.00744	0.00724	0.06970
10	0.01115	0.00825	0.01005	0.01043	0.01214	0.00785	0.00774	0.01433	0.06447	0.02283	0.16627	0.21545	0.22834	0.02035	0.01173	0.08749	0.00483	0.08245	0.00707	0.00677
11	0.01743	0.01655	0.02771	0.30232	0.40924	0.01800	0.02244	0.02298	0.04394	0.02349	0.01498	0.02017	0.01201	0.00739	0.00771	0.00243	0.00952	0.00698	0.00386	0.01086
12	0.05874	0.01180	0.01401	0.01230	0.01597	0.01156	0.00962	0.04531	0.12965	0.14356	0.20428	0.08108	0.03731	0.05029	0.00979	0.00271	0.00562	0.05540	0.00757	0.09345
13	0.18941	0.13859	0.43742	0.01808	0.02731	0.01978	0.02176	0.02396	0.01556	0.02591	0.01274	0.01493	0.00952	0.00722	0.00643	0.00232	0.00975	0.00515	0.00362	0.01054
14	0.01884	0.01950	0.06082	0.04111	0.53744	0.05615	0.02229	0.02339	0.01786	0.02470	0.01731	0.02624	0.01558	0.00858	0.00795	0.00243	0.00937	0.07477	0.00418	0.01149
15	0.01892	0.02001	0.07942	0.04573	0.63194	0.01839	0.02415	0.02385	0.01756	0.02527	0.01454	0.01898	0.01210	0.00694	0.00765	0.00231	0.00938	0.00682	0.00380	0.01222

[dist]
# distance from previous block
# <min> <max>
0	1

[block]
# block no. 2 follows, 25 sequences, length 55
# corresponding to MSA columns:
# 261-315
name=unknown_C
#
# <colnr> <probs for GDERKNQSTAVLIFYWHMCP>
#	G	D	E	R	K	N	Q	S	T	A	V	L	I	F	Y	W	H	M	C	P
0	0.04709	0.19359	0.49259	0.02003	0.03001	0.02088	0.04677	0.02420	0.01618	0.02355	0.01315	0.01550	0.00986	0.00717	0.00679	0.00228	0.01059	0.00544	0.00337	0.01096
1	0.02431	0.01557	0.01769	0.01489	0.01979	0.01659	0.01186	0.11497	0.34677	0.22306	0.05601	0.03000	0.05158	0.01070	0.00795	0.00252	0.00638	0.00879	0.00836	0.01222
2	0.01243	0.00875	0.01098	0.01026	0.01247	0.00828	0.00774	0.01718	0.06873	0.05849	0.52978	0.07854	0.11502	0.01578	0.00902	0.00249	0.00402	0.01383	0.00838	0.00784
3	0.01838	0.01744	0.02929	0.07314	0.58772	0.01740	0.02220	0.02279	0.01735	0.02482	0.01585	0.05257	0.01401	0.00772	0.00769	0.00230	0.00887	0.00752	0.00402	0.04894
4	0.78228	0.01499	0.01140	0.01020	0.01499	0.01739	0.00840	0.02279	0.01320	0.03479	0.01080	0.01260	0.00840	0.00720	0.00480	0.00240	0.00600	0.00420	0.00480	0.00840
5	0.01762	0.22030	0.42916	0.02011	0.02929	0.04715	0.05313	0.02417	0.01629	0.02241	0.01292	0.01549	0.00997	0.00746	0.00769	0.00228	0.04494	0.00550	0.00335	0.01078
6	0.01817	0.02185	0.07715	0.03216	0.04018	0.01953	0.62053	0.02482	0.01821	0.02482	0.01560	0.02069	0.01167	0.00658	0.00906	0.00261	0.01299	0.00898	0.00389	0.01051
7	0.01128	0.00752	0.00846	0.00846	0.00846	0.00752	0.00470	0.01128	0.01128	0.01503	0.02443	0.05074	0.02819	0.72751	0.03946	0.00752	0.00752	0.01128	0.00470	0.00470
8	0.01522	0.01183	0.07670	0.01164	0.01502	0.00896	0.01003	0.01918	0.02114	0.13610	0.47896	0.07799	0.05734	0.01439	0.00879	0.00247	0.00492	0.01257	0.00814	0.00862
9	0.01117	0.00794	0.01060	0.01060	0.01134	0.00868	0.00737	0.01265	0.01191	0.01662	0.02247	0.03990	0.02348	0.36960	0.39094	0.01016	0.01460	0.00969	0.00441	0.00589
10	0.01293	0.01060	0.01538	0.04317	0.01705	0.01311	0.01172	0.03578	0.01326	0.01920	0.01842	0.02713	0.01708	0.04609	0.51952	0.01002	0.15004	0.00792	0.00410	0.00749
11	0.01555	0.04011	0.68733	0.02210	0.03356	0.01801	0.02865	0.02455	0.01637	0.02455	0.01391	0.01637	0.00982	0.00737	0.00737	0.00246	0.01146	0.00573	0.00327	0.01146
12	0.02073	0.73217	0.04063	0.01327	0.01990	0.03068	0.01327	0.02322	0.01575	0.01824	0.01078	0.01244	0.00995	0.00663	0.00498	0.00166	0.00829	0.00415	0.00332	0.00995
13	0.01347	0.00673	0.01010	0.01010	0.01010	0.00673	0.00673	0.01010	0.01010	0.01347	0.01347	0.02357	0.01347	0.02694	0.03030	0.77441	0.00673	0.00673	0.00337	0.00337
14	0.78228	0.01499	0.01140	0.01020	0.01499	0.01739	0.00840	0.02279	0.01320	0.03479	0.01080	0.01260	0.00840	0.00720	0.00480	0.00240	0.00600	0.00420	0.00480	0.00840
15	0.01555	0.04011	0.68733	0.02210	0.03356	0.01801	0.02865	0.02455	0.01637	0.02455	0.01391	0.01637	0.00982	0.00737	0.00737	0.00246	0.01146	0.00573	0.00327	0.01146
16	0.07660	0.04306	0.04849	0.01506	0.02061	0.04933	0.01265	0.06355	0.23932	0.30760	0.02673	0.02445	0.01854	0.00946	0.00747	0.00243	0.00712	0.00749	0.00784	0.01217
17	0.00967	0.00688	0.00913	0.01084	0.01132	0.00648	0.00731	0.01105	0.01480	0.01971	0.04175	0.66075	0.04984	0.05911	0.01140	0.00338	0.00477	0.04848	0.00707	0.00626
18	0.01147	0.04026	0.01180	0.01009	0.01213	0.00842	0.00779	0.01507	0.02151	0.03021	0.62034	0.05706	0.06921	0.01566	0.00902	0.00245	0.00400	0.03784	0.00825	0.00743
19	0.11508	0.02482	0.02245	0.01809	0.02363	0.19525	0.03881	0.39734	0.02938	0.03867	0.01591	0.01683	0.01176	0.00862	0.00728	0.00226	0.00981	0.00624	0.00631	0.01146
20	0.01919	0.01842	0.03147	0.04759	0.67914	0.01842	0.02380	0.02380	0.01765	0.02533	0.01458	0.01919	0.01228	0.00691	0.00768	0.00230	0.00921	0.00691	0.00384	0.01228
21	0.02947	0.02172	0.02327	0.01784	0.02404	0.02404	0.01474	0.65329	0.03646	0.04887	0.01862	0.01862	0.01319	0.00931	0.00776	0.00233	0.00853	0.00698	0.00776	0.01319
22	0.01908	0.01475	0.04151	0.01323	0.01699	0.01522	0.01090	0.19921	0.13550	0.03383	0.05788	0.05834	0.04638	0.01093	0.00810	0.00232	0.04106	0.00867	0.25618	0.00994
23	0.01608	0.01378	0.01608	0.01148	0.01837	0.01034	0.00919	0.01952	0.01608	0.02527	0.01378	0.01608	0.01148	0.00574	0.00574	0.00115	0.00574	0.00459	0.00459	0.77491
24	0.01117	0.00933	0.03990	0.01029	0.01254	0.00778	0.00825	0.01506	0.02170	0.03081	0.64621	0.05611	0.07040	0.01548	0.00907	0.00244	0.00400	0.01366	0.00831	0.00750
25	0.00945	0.00675	0.00900	0.01080	0.01125	0.00630	0.00720	0.01080	0.01484	0.01979	0.04274	0.72245	0.05128	0.02429	0.00990	0.00315	0.00450	0.02204	0.00720	0.00630
26	0.01445	0.00723	0.00723	0.00723	0.00903	0.00723	0.00542	0.01807	0.01626	0.02891	0.02529	0.02891	0.01987	0.00903	0.00542	0.00181	0.00361	0.00723	0.77055	0.00723
27	0.01075	0.00792	0.01005	0.00952	0.01144	0.00722	0.00714	0.01419	0.02141	0.02981	0.59988	0.06002	0.14913	0.01633	0.00915	0.00246	0.00369	0.01432	0.00837	0.00722
28	0.00963	0.00688	0.00919	0.01089	0.01145	0.00644	0.00741	0.01115	0.01524	0.02037	0.06725	0.67153	0.05187	0.02385	0.00990	0.00314	0.00457	0.04562	0.00725	0.00637
29	0.02073	0.73217	0.04063	0.01327	0.01990	0.03068	0.01327	0.02322	0.01575	0.01824	0.01078	0.01244	0.00995	0.00663	0.00498	0.00166	0.00829	0.00415	0.00332	0.00995
30	0.00923	0.00786	0.00795	0.00793	0.01052	0.00657	0.00595	0.01126	0.01784	0.02133	0.10132	0.07398	0.65298	0.01949	0.00916	0.00261	0.00392	0.01627	0.00725	0.00657
31	0.01577	0.06898	0.66035	0.02173	0.03299	0.01854	0.02801	0.02450	0.01634	0.02429	0.01378	0.01621	0.00983	0.00734	0.00727	0.00242	0.01133	0.00566	0.00328	0.01140
32	0.70479	0.01569	0.01262	0.01098	0.01593	0.01808	0.00905	0.08769	0.01559	0.03624	0.01160	0.01322	0.00889	0.00741	0.00510	0.00239	0.00626	0.00448	0.00510	0.00889
33	0.06380	0.26441	0.02816	0.01651	0.02218	0.20996	0.01399	0.23979	0.02438	0.02969	0.01378	0.01497	0.01098	0.00794	0.00646	0.00202	0.00982	0.00535	0.00509	0.01071
34	0.02798	0.03551	0.02127	0.01937	0.02330	0.66210	0.01453	0.02998	0.02176	0.01907	0.01529	0.01700	0.04308	0.00857	0.00710	0.00203	0.01348	0.00556	0.00415	0.00887
35	0.01061	0.00791	0.00986	0.00937	0.01136	0.00716	0.00703	0.01393	0.02109	0.02905	0.55474	0.06129	0.19475	0.01661	0.00915	0.00247	0.00371	0.01449	0.00827	0.00716
36	0.02862	0.02130	0.02279	0.01767	0.02372	0.02365	0.01453	0.60225	0.08887	0.04750	0.01969	0.01948	0.01406	0.00941	0.00777	0.00235	0.00833	0.00713	0.00777	0.01311
37	0.01090	0.00792	0.01027	0.00968	0.01154	0.00729	0.00726	0.01450	0.02178	0.03070	0.65222	0.05856	0.09623	0.01600	0.00915	0.00245	0.00367	0.01411	0.00848	0.00729
38	0.00945	0.00675	0.00900	0.01080	0.01125	0.00630	0.00720	0.01080	0.01484	0.01979	0.04274	0.72245	0.05128	0.02429	0.00990	0.00315	0.00450	0.02204	0.00720	0.00630
39	0.01555	0.04011	0.68733	0.02210	0.03356	0.01801	0.02865	0.02455	0.01637	0.02455	0.01391	0.01637	0.00982	0.00737	0.00737	0.00246	0.01146	0.00573	0.00327	0.01146
40	0.78228	0.01499	0.01140	0.01020	0.01499	0.01739	0.00840	0.02279	0.01320	0.03479	0.01080	0.01260	0.00840	0.00720	0.00480	0.00240	0.00600	0.00420	0.00480	0.00840
41	0.01047	0.00786	0.00969	0.00932	0.01129	0.00709	0.00696	0.01361	0.02061	0.02814	0.50256	0.08717	0.22252	0.01711	0.00918	0.00251	0.00376	0.01491	0.00815	0.00709
42	0.01608	0.01378	0.01608	0.01148	0.01837	0.01034	0.00919	0.01952	0.01608	0.02527	0.01378	0.01608	0.01148	0.00574	0.00574	0.00115	0.00574	0.00459	0.00459	0.77491
43	0.02008	0.39531	0.28858	0.01673	0.02517	0.02392	0.01904	0.02514	0.01661	0.08481	0.01390	0.01530	0.01079	0.00720	0.00617	0.00204	0.00935	0.00511	0.00390	0.01085
44	0.02629	0.23897	0.02760	0.01739	0.02239	0.33355	0.01436	0.12000	0.02177	0.05552	0.01342	0.01496	0.01090	0.00813	0.00745	0.00203	0.04535	0.00526	0.00459	0.01007
45	0.00916	0.00785	0.00785	0.00785	0.01047	0.00655	0.00589	0.01113	0.01767	0.02095	0.07855	0.07462	0.67599	0.01964	0.00916	0.00262	0.00393	0.01636	0.00720	0.00655
46	0.02947	0.02172	0.02327	0.01784	0.02404	0.02404	0.01474	0.65329	0.03646	0.04887	0.01862	0.01862	0.01319	0.00931	0.00776	0.00233	0.00853	0.00698	0.00776	0.01319
47	0.01608	0.01378	0.01608	0.01148	0.01837	0.01034	0.00919	0.01952	0.01608	0.02527	0.01378	0.01608	0.01148	0.00574	0.00574	0.00115	0.00574	0.00459	0.00459	0.77491
48	0.78228	0.01499	0.01140	0.01020	0.01499	0.01739	0.00840	0.02279	0.01320	0.03479	0.01080	0.01260	0.00840	0.00720	0.00480	0.00240	0.00600	0.00420	0.00480	0.00840
