[name]
unknown

[dist]
# distance from previous block
# <min> <max>
0	5

[block]
# block no. 0 follows, 24 sequences, length 20
# corresponding to MSA columns:
# 5-24
name=unknown_A
#
# <colnr> <probs for GDERKNQSTAVLIFYWHMCP>
#	G	D	E	R	K	N	Q	S	T	A	V	L	I	F	Y	W	H	M	C	P
0	0.02904	0.01816	0.02020	0.01626	0.02176	0.04482	0.01323	0.30918	0.08670	0.24570	0.02625	0.06410	0.01984	0.01105	0.00818	0.00252	0.00780	0.03431	0.00834	0.01258
1	0.01972	0.01703	0.01793	0.01614	0.02062	0.01972	0.01255	0.04214	0.65752	0.03317	0.03228	0.02959	0.02421	0.01076	0.00807	0.00269	0.00628	0.00897	0.00807	0.01255
2	0.02949	0.02189	0.02343	0.01811	0.02434	0.02429	0.01491	0.60776	0.07599	0.04893	0.01986	0.01970	0.01415	0.00960	0.00794	0.00240	0.00857	0.00725	0.00794	0.01343
3	0.03014	0.02221	0.02380	0.01825	0.02459	0.02459	0.01507	0.64541	0.03728	0.04998	0.01904	0.01904	0.01349	0.00952	0.00793	0.00238	0.00873	0.00714	0.00793	0.01349
4	0.01127	0.00804	0.01031	0.00978	0.01137	0.00751	0.00708	0.01445	0.02082	0.02935	0.57166	0.05814	0.06795	0.12154	0.01398	0.00327	0.00433	0.01392	0.00814	0.00708
5	0.03014	0.02221	0.02380	0.01825	0.02459	0.02459	0.01507	0.64541	0.03728	0.04998	0.01904	0.01904	0.01349	0.00952	0.00793	0.00238	0.00873	0.00714	0.00793	0.01349
6	0.01894	0.01802	0.03007	0.14434	0.54037	0.01871	0.02328	0.02480	0.05629	0.02550	0.01584	0.02045	0.01297	0.00742	0.00788	0.00242	0.00940	0.00718	0.00412	0.01200
7	0.77733	0.01534	0.01166	0.01043	0.01534	0.01779	0.00859	0.02331	0.01350	0.03558	0.01104	0.01288	0.00859	0.00736	0.00491	0.00245	0.00613	0.00429	0.00491	0.00859
8	0.01478	0.00739	0.00739	0.00739	0.00924	0.00739	0.00554	0.01848	0.01663	0.02956	0.02587	0.02956	0.02033	0.00924	0.00554	0.00185	0.00370	0.00739	0.76534	0.00739
9	0.01153	0.00769	0.00865	0.00865	0.00865	0.00769	0.00480	0.01153	0.01153	0.01538	0.02499	0.05189	0.02883	0.72131	0.04036	0.00769	0.00769	0.01153	0.00480	0.00480
10	0.01122	0.00811	0.01060	0.00998	0.01185	0.00748	0.00748	0.01496	0.02245	0.03180	0.66766	0.05923	0.07482	0.01621	0.00935	0.00249	0.00374	0.01434	0.00873	0.00748
11	0.01153	0.00769	0.00865	0.00865	0.00865	0.00769	0.00480	0.01153	0.01153	0.01538	0.02499	0.05189	0.02883	0.72131	0.04036	0.00769	0.00769	0.01153	0.00480	0.00480
12	0.01963	0.01884	0.03219	0.04867	0.67185	0.01884	0.02434	0.02434	0.01806	0.02591	0.01492	0.01963	0.01256	0.00707	0.00785	0.00236	0.00942	0.00707	0.00393	0.01256
13	0.01791	0.01496	0.01723	0.01244	0.01941	0.01207	0.01000	0.08688	0.01867	0.02842	0.01462	0.01672	0.01193	0.00626	0.00609	0.00130	0.00618	0.00496	0.00504	0.68888
14	0.08712	0.02227	0.02168	0.01731	0.02311	0.10390	0.01405	0.41163	0.07926	0.11096	0.01991	0.01964	0.01418	0.00931	0.00762	0.00238	0.00881	0.00690	0.00744	0.01251
15	0.02972	0.01904	0.08544	0.01612	0.02283	0.01653	0.01430	0.21410	0.06422	0.34373	0.02485	0.02305	0.01660	0.00928	0.00778	0.00236	0.00773	0.00735	0.00815	0.06683
16	0.01917	0.01837	0.03135	0.11348	0.61064	0.01872	0.02411	0.02393	0.01784	0.02535	0.01483	0.01978	0.01236	0.00715	0.00786	0.00238	0.00953	0.00706	0.00389	0.01219
17	0.01963	0.01884	0.03219	0.04867	0.67185	0.01884	0.02434	0.02434	0.01806	0.02591	0.01492	0.01963	0.01256	0.00707	0.00785	0.00236	0.00942	0.00707	0.00393	0.01256
18	0.01775	0.01693	0.02880	0.31206	0.42311	0.01835	0.02340	0.02269	0.01717	0.02363	0.01458	0.02024	0.01176	0.00741	0.00788	0.00247	0.00988	0.00706	0.00376	0.01105
19	0.01871	0.01825	0.03214	0.16348	0.49949	0.01874	0.08527	0.02372	0.01773	0.02485	0.01488	0.02007	0.01215	0.00718	0.00801	0.00244	0.01002	0.00729	0.00386	0.01171

[dist]
# distance from previous block
# <min> <max>
0	2

[block]
# block no. 1 follows, 24 sequences, length 14
# corresponding to MSA columns:
# 27-40
name=unknown_B
#
# <colnr> <probs for GDERKNQSTAVLIFYWHMCP>
#	G	D	E	R	K	N	Q	S	T	A	V	L	I	F	Y	W	H	M	C	P
0	0.02188	0.01897	0.01944	0.01674	0.02060	0.08869	0.01330	0.16515	0.24086	0.05662	0.02885	0.05412	0.08174	0.01212	0.01104	0.00269	0.12025	0.00907	0.00686	0.01102
1	0.01560	0.01130	0.01457	0.01286	0.01607	0.01063	0.03301	0.10335	0.02092	0.06245	0.20307	0.27675	0.04388	0.01612	0.00884	0.00255	0.00557	0.01431	0.00742	0.12074
2	0.24177	0.12681	0.02200	0.01498	0.02062	0.05705	0.01255	0.24143	0.10178	0.06409	0.01732	0.01770	0.01298	0.00858	0.00661	0.00232	0.00785	0.00604	0.00627	0.01124
3	0.01527	0.00918	0.01295	0.01227	0.01462	0.00831	0.03923	0.01772	0.01836	0.14704	0.15843	0.37698	0.09971	0.01912	0.00947	0.00287	0.00523	0.01714	0.00791	0.00820
4	0.07461	0.18202	0.45808	0.01908	0.02871	0.02051	0.02322	0.02414	0.01667	0.02491	0.04885	0.01791	0.01349	0.00783	0.00692	0.00233	0.01018	0.00586	0.00377	0.01093
5	0.09873	0.35858	0.16480	0.04276	0.02479	0.02558	0.01687	0.13645	0.01980	0.02744	0.01325	0.01503	0.01060	0.00754	0.00619	0.00210	0.00903	0.00521	0.00437	0.01087
6	0.01202	0.00925	0.01344	0.01312	0.01436	0.01106	0.01022	0.01465	0.01277	0.01873	0.02057	0.03075	0.01937	0.08362	0.57412	0.01126	0.08393	0.00845	0.03118	0.00714
7	0.01123	0.00756	0.00874	0.00903	0.00911	0.00749	0.00522	0.01145	0.01212	0.01616	0.02800	0.15892	0.03263	0.60910	0.03549	0.00697	0.00719	0.01331	0.00522	0.00507
8	0.01536	0.01245	0.01386	0.01275	0.01596	0.01326	0.00976	0.05818	0.28542	0.03104	0.24397	0.09128	0.13491	0.01474	0.00880	0.00264	0.00515	0.01263	0.00813	0.00971
9	0.07070	0.30453	0.12232	0.01763	0.02298	0.05954	0.04658	0.02287	0.01571	0.02169	0.03703	0.01677	0.01270	0.00916	0.01122	0.00241	0.18675	0.00584	0.00378	0.00977
10	0.56795	0.10346	0.01568	0.01093	0.01597	0.01826	0.00926	0.02434	0.01482	0.08771	0.01377	0.01519	0.01052	0.00763	0.00523	0.00232	0.00631	0.00481	0.05672	0.00912
11	0.02231	0.07681	0.01768	0.01308	0.01720	0.07878	0.01061	0.24891	0.02466	0.03514	0.02085	0.02288	0.01603	0.00903	0.00652	0.00205	0.00692	0.00682	0.35369	0.01002
12	0.10885	0.27171	0.35377	0.01917	0.05458	0.02280	0.02122	0.02440	0.01619	0.02419	0.01278	0.01503	0.01002	0.00724	0.00640	0.00222	0.00984	0.00517	0.00357	0.01085
13	0.27293	0.34503	0.02716	0.05950	0.02090	0.05989	0.01226	0.02411	0.01610	0.05381	0.03760	0.01586	0.01259	0.00763	0.00562	0.00210	0.00790	0.00505	0.00443	0.00954

[dist]
# distance from previous block
# <min> <max>
0	2

[block]
# block no. 2 follows, 24 sequences, length 45
# corresponding to MSA columns:
# 44-88
name=unknown_C
#
# <colnr> <probs for GDERKNQSTAVLIFYWHMCP>
#	G	D	E	R	K	N	Q	S	T	A	V	L	I	F	Y	W	H	M	C	P
0	0.02666	0.02913	0.04293	0.01906	0.02365	0.36486	0.01526	0.19024	0.06882	0.02868	0.01728	0.02132	0.01423	0.01147	0.03312	0.00271	0.03642	0.03824	0.00549	0.01043
1	0.30633	0.01893	0.01902	0.03916	0.02199	0.02115	0.01274	0.36152	0.02697	0.07646	0.01655	0.01725	0.01189	0.00868	0.00682	0.00242	0.00773	0.00613	0.00676	0.01151
2	0.01793	0.05689	0.17950	0.25250	0.20902	0.06386	0.06261	0.02371	0.01728	0.02307	0.01420	0.01889	0.01103	0.00749	0.00772	0.00245	0.01086	0.00666	0.00365	0.01068
3	0.01446	0.11294	0.09832	0.03763	0.01844	0.01374	0.01206	0.02006	0.09754	0.04616	0.08050	0.25608	0.12948	0.01600	0.00853	0.00268	0.00637	0.01374	0.00645	0.00882
4	0.01498	0.01409	0.02378	0.70226	0.05462	0.01762	0.02202	0.02026	0.01586	0.02026	0.01409	0.02114	0.01057	0.00793	0.00793	0.00264	0.01057	0.00705	0.00352	0.00881
5	0.01152	0.00771	0.00875	0.00872	0.00882	0.00768	0.00495	0.01171	0.01210	0.01624	0.05864	0.05228	0.03124	0.68439	0.03874	0.00742	0.00748	0.01168	0.00501	0.00495
6	0.08116	0.02089	0.04485	0.29153	0.19333	0.13622	0.07430	0.02408	0.01763	0.02330	0.01389	0.01880	0.01094	0.00760	0.00764	0.00245	0.01086	0.00665	0.00387	0.01001
7	0.01119	0.00942	0.01004	0.01085	0.01247	0.04003	0.00765	0.01420	0.05912	0.02144	0.05334	0.42925	0.24866	0.02157	0.00960	0.00295	0.00499	0.01892	0.00725	0.00706
8	0.01418	0.00748	0.00781	0.00781	0.00940	0.00755	0.00565	0.01734	0.01576	0.02714	0.02553	0.03262	0.02144	0.10661	0.04287	0.00315	0.00507	0.00800	0.62755	0.00703
9	0.01810	0.02032	0.04345	0.03147	0.03866	0.01942	0.57514	0.02423	0.01819	0.02479	0.01746	0.06345	0.01441	0.00813	0.01018	0.00274	0.04526	0.01005	0.00419	0.01034
10	0.02134	0.23477	0.07210	0.08297	0.14370	0.05448	0.01739	0.14147	0.04855	0.02727	0.01800	0.02018	0.04333	0.00862	0.00770	0.00225	0.03344	0.00659	0.00478	0.01105
11	0.01117	0.00889	0.01309	0.01335	0.01475	0.00858	0.06280	0.01453	0.06189	0.02162	0.04048	0.60637	0.04691	0.02225	0.00991	0.00313	0.00548	0.02042	0.00712	0.00725
12	0.01377	0.00689	0.01033	0.01033	0.01033	0.00689	0.00689	0.01033	0.01033	0.01377	0.01377	0.02410	0.01377	0.02755	0.03099	0.76928	0.00689	0.00689	0.00344	0.00344
13	0.02029	0.31419	0.25592	0.01954	0.02754	0.12000	0.07379	0.02536	0.01735	0.02155	0.01271	0.01519	0.01030	0.00742	0.00716	0.00216	0.03000	0.00543	0.00353	0.01056
14	0.01841	0.08223	0.11544	0.08676	0.25596	0.01958	0.12177	0.02628	0.10641	0.02553	0.01843	0.02410	0.01513	0.00840	0.00801	0.00251	0.00982	0.03932	0.00454	0.01136
15	0.01146	0.00919	0.01049	0.01066	0.01320	0.00867	0.00847	0.01612	0.08211	0.02457	0.14801	0.07242	0.37490	0.01905	0.00961	0.00288	0.00498	0.15804	0.00761	0.00753
16	0.01950	0.01920	0.03421	0.04656	0.58435	0.01901	0.11021	0.02448	0.01815	0.02584	0.01507	0.01987	0.01249	0.00701	0.00806	0.00240	0.00997	0.00738	0.00394	0.01230
17	0.02048	0.01938	0.12266	0.01673	0.02217	0.01698	0.01521	0.09365	0.30178	0.10352	0.02990	0.06039	0.02471	0.01225	0.00848	0.00277	0.00753	0.10247	0.00736	0.01159
18	0.02005	0.32412	0.32364	0.01839	0.02716	0.06913	0.02080	0.06959	0.01834	0.02384	0.01311	0.01507	0.01036	0.00741	0.00652	0.00213	0.01033	0.00523	0.00375	0.01104
19	0.01808	0.01586	0.01626	0.01478	0.01881	0.03872	0.01143	0.03579	0.50594	0.03121	0.09238	0.03722	0.10482	0.01226	0.00831	0.00265	0.00605	0.01023	0.00791	0.01131
20	0.04274	0.03842	0.60202	0.02311	0.03428	0.01854	0.08174	0.02508	0.01680	0.02550	0.01428	0.01701	0.01017	0.00745	0.00760	0.00252	0.01167	0.00611	0.00346	0.01152
21	0.01568	0.03355	0.06317	0.01374	0.01749	0.01048	0.05625	0.01935	0.01956	0.11979	0.21568	0.12654	0.14099	0.01603	0.00921	0.00275	0.00622	0.09739	0.00744	0.00871
22	0.00987	0.00725	0.00926	0.01045	0.01145	0.00664	0.00719	0.01171	0.01674	0.02224	0.14791	0.52298	0.14153	0.02281	0.00990	0.00303	0.00438	0.02043	0.00758	0.00664
23	0.01860	0.02104	0.04484	0.03233	0.03966	0.02042	0.58885	0.02485	0.01815	0.02485	0.01555	0.02104	0.01189	0.00731	0.01080	0.00274	0.07343	0.00915	0.00396	0.01052
24	0.02104	0.57681	0.13320	0.01538	0.02269	0.07681	0.01599	0.02451	0.01666	0.01965	0.01158	0.01342	0.01016	0.00699	0.00559	0.00184	0.00937	0.00454	0.00344	0.01033
25	0.01733	0.17203	0.46763	0.02234	0.03258	0.02117	0.11141	0.02489	0.01689	0.02389	0.01386	0.01660	0.01035	0.00727	0.00731	0.00237	0.01132	0.00603	0.00345	0.01128
26	0.00966	0.00690	0.00920	0.01104	0.01150	0.00644	0.00736	0.01104	0.01518	0.02024	0.04371	0.71614	0.05245	0.02484	0.01012	0.00322	0.00460	0.02254	0.00736	0.00644
27	0.02828	0.03559	0.02231	0.02023	0.02397	0.62561	0.01530	0.03032	0.02150	0.01936	0.01239	0.01499	0.01050	0.01003	0.02802	0.00245	0.06067	0.00533	0.00405	0.00910
28	0.01739	0.01755	0.05562	0.33762	0.31851	0.01834	0.02263	0.02389	0.06538	0.02389	0.01583	0.02093	0.01244	0.00775	0.00789	0.00252	0.00980	0.00715	0.00403	0.01084
29	0.02070	0.02082	0.03072	0.04468	0.58308	0.09089	0.02302	0.02565	0.03743	0.02542	0.01514	0.01935	0.01265	0.00729	0.00778	0.00233	0.00985	0.00691	0.00406	0.01220
30	0.01021	0.00814	0.00919	0.00912	0.01148	0.00712	0.00698	0.01288	0.01948	0.02488	0.26401	0.07184	0.43512	0.01899	0.00948	0.00269	0.00417	0.05945	0.00779	0.00699
31	0.00966	0.00690	0.00920	0.01104	0.01150	0.00644	0.00736	0.01104	0.01518	0.02024	0.04371	0.71614	0.05245	0.02484	0.01012	0.00322	0.00460	0.02254	0.00736	0.00644
32	0.02097	0.69620	0.06941	0.01396	0.02096	0.03081	0.01425	0.02380	0.01614	0.01894	0.01116	0.01290	0.01017	0.00682	0.00519	0.00173	0.00862	0.00431	0.00339	0.01024
33	0.08412	0.02171	0.02292	0.01768	0.02392	0.02410	0.01460	0.60047	0.03557	0.04894	0.01846	0.01859	0.01313	0.00936	0.00771	0.00239	0.00854	0.00693	0.00771	0.01313
34	0.00966	0.00690	0.00920	0.01104	0.01150	0.00644	0.00736	0.01104	0.01518	0.02024	0.04371	0.71614	0.05245	0.02484	0.01012	0.00322	0.00460	0.02254	0.00736	0.00644
35	0.01151	0.00743	0.00992	0.01117	0.01211	0.00686	0.00766	0.01317	0.01621	0.06503	0.08774	0.62281	0.05186	0.02322	0.00992	0.00312	0.00468	0.02098	0.00762	0.00699
36	0.01907	0.32725	0.38054	0.01840	0.02779	0.02353	0.02185	0.02519	0.01676	0.05355	0.01370	0.01554	0.01056	0.00733	0.00653	0.00217	0.01012	0.00528	0.00368	0.01116
37	0.01144	0.00765	0.00867	0.00876	0.00878	0.00763	0.00492	0.01151	0.01170	0.01560	0.02586	0.08284	0.02993	0.68887	0.03895	0.00748	0.00754	0.01204	0.00492	0.00488
38	0.01526	0.01210	0.01289	0.01179	0.01536	0.01240	0.00911	0.04675	0.25375	0.05805	0.10068	0.05361	0.33591	0.01553	0.00878	0.00265	0.00512	0.01296	0.00786	0.00946
39	0.08306	0.01630	0.02645	0.35343	0.32405	0.01817	0.02188	0.02233	0.01662	0.02408	0.01419	0.01976	0.01128	0.00750	0.00763	0.00250	0.00968	0.00682	0.00382	0.01045
40	0.01942	0.01864	0.03182	0.07702	0.64508	0.01879	0.02424	0.02416	0.01796	0.02566	0.01488	0.01969	0.01247	0.00710	0.00785	0.00237	0.00947	0.00706	0.00391	0.01240
41	0.01877	0.01228	0.01362	0.01182	0.01448	0.01381	0.00944	0.16693	0.02090	0.03294	0.02211	0.02538	0.01733	0.00995	0.00895	0.00220	0.10248	0.00727	0.48035	0.00901
42	0.07633	0.01967	0.06723	0.01623	0.02207	0.01936	0.01400	0.34639	0.08436	0.12150	0.10799	0.02577	0.02285	0.01028	0.00791	0.00245	0.00764	0.00809	0.00775	0.01214
43	0.02490	0.01630	0.01848	0.01520	0.01983	0.01713	0.01206	0.35833	0.02833	0.14058	0.02946	0.17665	0.05416	0.03841	0.00962	0.00278	0.00725	0.01125	0.00797	0.01132
44	0.12802	0.01812	0.01857	0.01560	0.02071	0.02040	0.01251	0.25754	0.30144	0.03889	0.02755	0.02638	0.05899	0.01043	0.00766	0.00254	0.00701	0.00814	0.00754	0.01197

[dist]
# distance from previous block
# <min> <max>
0	2

[block]
# block no. 3 follows, 24 sequences, length 7
# corresponding to MSA columns:
# 91-97
name=unknown_D
#
# <colnr> <probs for GDERKNQSTAVLIFYWHMCP>
#	G	D	E	R	K	N	Q	S	T	A	V	L	I	F	Y	W	H	M	C	P
0	0.02023	0.01598	0.02124	0.32092	0.03531	0.01876	0.01680	0.23179	0.02302	0.03173	0.01741	0.02153	0.01309	0.00902	0.00862	0.00248	0.04975	0.00713	0.12505	0.01016
1	0.07765	0.01780	0.03017	0.30734	0.04153	0.01971	0.21677	0.10946	0.01939	0.02718	0.01499	0.02010	0.01128	0.00800	0.00903	0.00264	0.04494	0.00757	0.00440	0.01004
2	0.02376	0.07598	0.02309	0.01764	0.02133	0.04918	0.01468	0.15053	0.10857	0.13423	0.02032	0.02425	0.01625	0.01153	0.01374	0.00279	0.23534	0.03955	0.00624	0.01102
3	0.08690	0.28816	0.02782	0.01505	0.02069	0.08894	0.01309	0.22373	0.02408	0.03179	0.09156	0.02044	0.01878	0.00897	0.00669	0.00211	0.00837	0.00646	0.00568	0.01070
4	0.10988	0.50482	0.03267	0.01306	0.01879	0.06147	0.01222	0.02289	0.01703	0.02254	0.10289	0.01933	0.01903	0.00824	0.00577	0.00192	0.00785	0.00570	0.00435	0.00956
5	0.01377	0.00689	0.01033	0.01033	0.01033	0.00689	0.00689	0.01033	0.01033	0.01377	0.01377	0.02410	0.01377	0.02755	0.03099	0.76928	0.00689	0.00689	0.00344	0.00344
6	0.02485	0.01713	0.09729	0.14103	0.02794	0.01475	0.01589	0.03248	0.13144	0.31407	0.02718	0.03027	0.01977	0.01035	0.00817	0.00263	0.00800	0.05762	0.00739	0.01176

[dist]
# distance from previous block
# <min> <max>
0	2

[block]
# block no. 4 follows, 24 sequences, length 72
# corresponding to MSA columns:
# 100-165,167-172
name=unknown_E
#
# <colnr> <probs for GDERKNQSTAVLIFYWHMCP>
#	G	D	E	R	K	N	Q	S	T	A	V	L	I	F	Y	W	H	M	C	P
0	0.01335	0.01049	0.01651	0.01654	0.01910	0.01030	0.08462	0.01729	0.01830	0.02385	0.04028	0.08124	0.06223	0.02011	0.01072	0.00351	0.00789	0.52909	0.00693	0.00767
1	0.01498	0.01409	0.02378	0.70226	0.05462	0.01762	0.02202	0.02026	0.01586	0.02026	0.01409	0.02114	0.01057	0.00793	0.00793	0.00264	0.01057	0.00705	0.00352	0.00881
2	0.03466	0.01370	0.01838	0.01423	0.02026	0.01212	0.01171	0.03885	0.05938	0.64012	0.03134	0.02714	0.01989	0.00987	0.00798	0.00247	0.00672	0.00803	0.00971	0.01344
3	0.02876	0.02169	0.02385	0.01852	0.02418	0.02456	0.01532	0.57769	0.03457	0.04664	0.01811	0.01886	0.01315	0.00999	0.00989	0.00250	0.08420	0.00712	0.00745	0.01297
4	0.01590	0.04102	0.68023	0.02260	0.03432	0.01842	0.02930	0.02511	0.01674	0.02511	0.01423	0.01674	0.01005	0.00753	0.00753	0.00251	0.01172	0.00586	0.00335	0.01172
5	0.00937	0.00803	0.00803	0.00803	0.01071	0.00669	0.00602	0.01138	0.01807	0.02142	0.08033	0.07632	0.66863	0.02008	0.00937	0.00268	0.00402	0.01674	0.00736	0.00669
6	0.01644	0.01409	0.01644	0.01175	0.01879	0.01057	0.00940	0.01997	0.01644	0.02584	0.01409	0.01644	0.01175	0.00587	0.00587	0.00117	0.00587	0.00470	0.00470	0.76979
7	0.01972	0.01703	0.01793	0.01614	0.02062	0.01972	0.01255	0.04214	0.65752	0.03317	0.03228	0.02959	0.02421	0.01076	0.00807	0.00269	0.00628	0.00897	0.00807	0.01255
8	0.03558	0.01350	0.01840	0.01411	0.02024	0.01166	0.01166	0.03865	0.02270	0.67734	0.03128	0.02699	0.01963	0.00981	0.00797	0.00245	0.00675	0.00797	0.00981	0.01350
9	0.03558	0.01350	0.01840	0.01411	0.02024	0.01166	0.01166	0.03865	0.02270	0.67734	0.03128	0.02699	0.01963	0.00981	0.00797	0.00245	0.00675	0.00797	0.00981	0.01350
10	0.00966	0.00690	0.00920	0.01104	0.01150	0.00644	0.00736	0.01104	0.01518	0.02024	0.04371	0.71614	0.05245	0.02484	0.01012	0.00322	0.00460	0.02254	0.00736	0.00644
11	0.01144	0.00829	0.01094	0.01100	0.01284	0.00779	0.00864	0.01499	0.02101	0.02905	0.47414	0.09366	0.09164	0.01803	0.00975	0.00280	0.00461	0.15374	0.00829	0.00737
12	0.00966	0.00690	0.00920	0.01104	0.01150	0.00644	0.00736	0.01104	0.01518	0.02024	0.04371	0.71614	0.05245	0.02484	0.01012	0.00322	0.00460	0.02254	0.00736	0.00644
13	0.77733	0.01534	0.01166	0.01043	0.01534	0.01779	0.00859	0.02331	0.01350	0.03558	0.01104	0.01288	0.00859	0.00736	0.00491	0.00245	0.00613	0.00429	0.00491	0.00859
14	0.01122	0.00811	0.01060	0.00998	0.01185	0.00748	0.00748	0.01496	0.02245	0.03180	0.66766	0.05923	0.07482	0.01621	0.00935	0.00249	0.00374	0.01434	0.00873	0.00748
15	0.02962	0.03779	0.02247	0.02043	0.02451	0.68948	0.01532	0.03166	0.02247	0.01941	0.01226	0.01430	0.01021	0.00817	0.00715	0.00204	0.01430	0.00511	0.00409	0.00919
16	0.01126	0.00818	0.01066	0.01025	0.01215	0.00757	0.00782	0.01493	0.02195	0.03077	0.59664	0.06220	0.09682	0.01680	0.00947	0.00259	0.00402	0.05991	0.00857	0.00744
17	0.01658	0.01422	0.01650	0.01193	0.01887	0.01095	0.00953	0.02088	0.04284	0.02614	0.01484	0.01698	0.01226	0.00607	0.00596	0.00124	0.00589	0.00487	0.00484	0.73862
18	0.02120	0.72609	0.04155	0.01357	0.02035	0.03138	0.01357	0.02374	0.01611	0.01866	0.01102	0.01272	0.01018	0.00678	0.00509	0.00170	0.00848	0.00424	0.00339	0.01018
19	0.01735	0.01735	0.02429	0.02082	0.02082	0.02429	0.01735	0.01908	0.01214	0.01908	0.01041	0.01735	0.01041	0.01388	0.02602	0.00347	0.70680	0.00694	0.00347	0.00867
20	0.02273	0.59125	0.03713	0.01382	0.02036	0.02825	0.01327	0.02683	0.06514	0.09506	0.01494	0.01562	0.01231	0.00743	0.00564	0.00186	0.00812	0.00502	0.00448	0.01073
21	0.01213	0.00877	0.01194	0.01342	0.01520	0.00858	0.01137	0.01548	0.01835	0.02397	0.09917	0.13733	0.09561	0.02152	0.01063	0.00344	0.00652	0.47193	0.00743	0.00720
22	0.01972	0.01703	0.01793	0.01614	0.02062	0.01972	0.01255	0.04214	0.65752	0.03317	0.03228	0.02959	0.02421	0.01076	0.00807	0.00269	0.00628	0.00897	0.00807	0.01255
23	0.01153	0.00769	0.00865	0.00865	0.00865	0.00769	0.00480	0.01153	0.01153	0.01538	0.02499	0.05189	0.02883	0.72131	0.04036	0.00769	0.00769	0.01153	0.00480	0.00480
24	0.01854	0.02273	0.09081	0.10853	0.04170	0.04796	0.49931	0.02506	0.01840	0.02454	0.01552	0.02071	0.01164	0.00695	0.00896	0.00263	0.01296	0.00865	0.00391	0.01049
25	0.02917	0.02127	0.02275	0.01755	0.02361	0.02350	0.01447	0.60549	0.03597	0.04868	0.01947	0.01971	0.01392	0.00950	0.00778	0.00235	0.00841	0.00716	0.05616	0.01310
26	0.00990	0.00707	0.00947	0.01131	0.01187	0.00664	0.00777	0.01145	0.01541	0.02051	0.04358	0.66897	0.05193	0.02462	0.01018	0.00325	0.00480	0.06740	0.00736	0.00651
27	0.02760	0.02013	0.02148	0.01685	0.02254	0.02226	0.01379	0.52833	0.08160	0.04638	0.02082	0.02104	0.01507	0.00958	0.00767	0.00234	0.00797	0.00731	0.09454	0.01272
28	0.01927	0.29252	0.34582	0.01858	0.02726	0.09954	0.02113	0.02500	0.01736	0.02231	0.03558	0.01646	0.01237	0.00763	0.00665	0.00216	0.01054	0.00547	0.00364	0.01071
29	0.01076	0.00855	0.01340	0.01360	0.01493	0.00801	0.07629	0.01280	0.01568	0.02093	0.04065	0.61729	0.04782	0.02277	0.01007	0.00318	0.00565	0.04369	0.00700	0.00693
30	0.00966	0.00690	0.00920	0.01104	0.01150	0.00644	0.00736	0.01104	0.01518	0.02024	0.04371	0.71614	0.05245	0.02484	0.01012	0.00322	0.00460	0.02254	0.00736	0.00644
31	0.01767	0.01891	0.03774	0.21508	0.09151	0.01962	0.38033	0.02345	0.01740	0.02357	0.01500	0.02088	0.01155	0.00759	0.01011	0.00270	0.06450	0.00837	0.00383	0.01017
32	0.01901	0.18399	0.09331	0.02543	0.05498	0.04710	0.32473	0.02502	0.04414	0.02385	0.01678	0.05016	0.01396	0.00791	0.00794	0.00240	0.01099	0.00815	0.02970	0.01045
33	0.03014	0.02221	0.02380	0.01825	0.02459	0.02459	0.01507	0.64541	0.03728	0.04998	0.01904	0.01904	0.01349	0.00952	0.00793	0.00238	0.00873	0.00714	0.00793	0.01349
34	0.01111	0.00802	0.01049	0.01006	0.01182	0.00740	0.00747	0.01467	0.02190	0.03093	0.62070	0.10868	0.07314	0.01686	0.00941	0.00255	0.00381	0.01496	0.00863	0.00740
35	0.02173	0.01803	0.01906	0.01654	0.02138	0.02066	0.01304	0.15821	0.53818	0.03641	0.02973	0.02756	0.02214	0.01052	0.00804	0.00263	0.00675	0.00861	0.00804	0.01273
36	0.01644	0.01409	0.01644	0.01175	0.01879	0.01057	0.00940	0.01997	0.01644	0.02584	0.01409	0.01644	0.01175	0.00587	0.00587	0.00117	0.00587	0.00470	0.00470	0.76979
37	0.01376	0.01157	0.01516	0.01386	0.01395	0.01440	0.01022	0.01466	0.01204	0.01727	0.02001	0.07466	0.02236	0.36887	0.06034	0.00595	0.28980	0.01018	0.00439	0.00655
38	0.01366	0.00903	0.01165	0.01058	0.01293	0.00843	0.00807	0.04080	0.02303	0.07789	0.59804	0.05543	0.06859	0.01551	0.00920	0.00249	0.00414	0.01362	0.00878	0.00814
39	0.02477	0.01110	0.01494	0.01227	0.01652	0.00980	0.00980	0.02814	0.02259	0.39088	0.31368	0.04130	0.04412	0.01265	0.00859	0.00247	0.00541	0.01080	0.00933	0.01083
40	0.03014	0.02221	0.02380	0.01825	0.02459	0.02459	0.01507	0.64541	0.03728	0.04998	0.01904	0.01904	0.01349	0.00952	0.00793	0.00238	0.00873	0.00714	0.00793	0.01349
41	0.01097	0.00791	0.01038	0.01015	0.01179	0.00732	0.00746	0.01434	0.02128	0.02995	0.56771	0.16447	0.07124	0.01759	0.00948	0.00261	0.00388	0.01565	0.00851	0.00732
42	0.01856	0.02093	0.04422	0.03198	0.03909	0.02054	0.57151	0.02468	0.01797	0.02468	0.01540	0.02093	0.01185	0.00751	0.01126	0.00276	0.09265	0.00908	0.00395	0.01046
43	0.03558	0.01350	0.01840	0.01411	0.02024	0.01166	0.01166	0.03865	0.02270	0.67734	0.03128	0.02699	0.01963	0.00981	0.00797	0.00245	0.00675	0.00797	0.00981	0.01350
44	0.02012	0.01965	0.03081	0.04523	0.59888	0.05153	0.02315	0.02583	0.05899	0.02605	0.01589	0.02000	0.01319	0.00735	0.00783	0.00236	0.00946	0.00709	0.00420	0.01240
45	0.01590	0.04102	0.68023	0.02260	0.03432	0.01842	0.02930	0.02511	0.01674	0.02511	0.01423	0.01674	0.01005	0.00753	0.00753	0.00251	0.01172	0.00586	0.00335	0.01172
46	0.01478	0.00739	0.00739	0.00739	0.00924	0.00739	0.00554	0.01848	0.01663	0.02956	0.02587	0.02956	0.02033	0.00924	0.00554	0.00185	0.00370	0.00739	0.76534	0.00739
47	0.32747	0.01477	0.01584	0.03783	0.01959	0.01551	0.01094	0.03240	0.11302	0.30274	0.02276	0.02155	0.01559	0.00891	0.00677	0.00250	0.00657	0.00662	0.00738	0.01123
48	0.03481	0.01367	0.01838	0.01421	0.02026	0.01205	0.01170	0.03882	0.05359	0.64599	0.03133	0.02712	0.01985	0.00986	0.00798	0.00247	0.00672	0.00802	0.00973	0.01345
49	0.01017	0.00728	0.00975	0.01130	0.01207	0.00685	0.00796	0.01207	0.01634	0.02194	0.11486	0.57375	0.05427	0.02354	0.01012	0.00318	0.00479	0.08558	0.00751	0.00665
50	0.02022	0.02018	0.03230	0.04611	0.59896	0.06160	0.05485	0.02486	0.01837	0.02547	0.01480	0.01938	0.01238	0.00712	0.00788	0.00235	0.00993	0.00706	0.00394	0.01225
51	0.01953	0.02142	0.02585	0.02169	0.02383	0.16628	0.10717	0.02208	0.01554	0.02011	0.01395	0.05735	0.01336	0.01407	0.04566	0.00341	0.38805	0.00784	0.00393	0.00889
52	0.00986	0.00704	0.00943	0.01127	0.01182	0.00661	0.00771	0.01138	0.01538	0.02047	0.04360	0.67624	0.05201	0.02466	0.01017	0.00325	0.00477	0.06049	0.00736	0.00650
53	0.01211	0.00891	0.01185	0.01332	0.01531	0.00865	0.01146	0.01545	0.01822	0.02328	0.04946	0.08689	0.16708	0.02155	0.01064	0.00346	0.00666	0.50117	0.00731	0.00718
54	0.01922	0.01997	0.03863	0.04194	0.39371	0.01938	0.29731	0.02481	0.01835	0.02568	0.01541	0.02040	0.01233	0.00690	0.00852	0.00250	0.01116	0.00808	0.00396	0.01174
55	0.01737	0.01654	0.02812	0.36505	0.37307	0.01825	0.02322	0.02236	0.01699	0.02317	0.01452	0.02036	0.01160	0.00748	0.00789	0.00249	0.00998	0.00706	0.00373	0.01074
56	0.01122	0.00811	0.01060	0.00998	0.01185	0.00748	0.00748	0.01496	0.02245	0.03180	0.66766	0.05923	0.07482	0.01621	0.00935	0.00249	0.00374	0.01434	0.00873	0.00748
57	0.00982	0.00701	0.00938	0.01122	0.01175	0.00658	0.00763	0.01131	0.01534	0.02042	0.04362	0.68465	0.05211	0.02470	0.01016	0.00324	0.00474	0.05249	0.00736	0.00648
58	0.01626	0.03855	0.60073	0.02396	0.03522	0.01862	0.10633	0.02515	0.01699	0.02515	0.01446	0.01733	0.01029	0.00743	0.00776	0.00253	0.01193	0.00630	0.00343	0.01159
59	0.04805	0.01558	0.02747	0.53112	0.08082	0.01809	0.12377	0.02143	0.01633	0.02203	0.01433	0.02076	0.01082	0.00766	0.00803	0.00263	0.01079	0.00731	0.00368	0.00929
60	0.00972	0.00695	0.00926	0.01100	0.01152	0.00648	0.00737	0.01120	0.01547	0.02070	0.06859	0.68994	0.05334	0.02450	0.01009	0.00319	0.00457	0.02222	0.00742	0.00648
61	0.01277	0.00936	0.01257	0.01410	0.01606	0.00938	0.01211	0.01714	0.04924	0.02391	0.04422	0.10829	0.08772	0.02134	0.01067	0.00352	0.00693	0.52585	0.00735	0.00748
62	0.58600	0.19519	0.01922	0.01122	0.01661	0.02123	0.00985	0.02342	0.01416	0.03130	0.01104	0.01284	0.00899	0.00722	0.00495	0.00226	0.00673	0.00428	0.00452	0.00899
63	0.05913	0.01534	0.01804	0.05553	0.05889	0.01682	0.01287	0.03539	0.38038	0.13551	0.09859	0.03052	0.02678	0.01066	0.00801	0.00260	0.00649	0.00894	0.00777	0.01174
64	0.21721	0.11750	0.01796	0.01246	0.01674	0.06649	0.01022	0.06248	0.01992	0.10766	0.21342	0.05402	0.03212	0.01106	0.00719	0.00235	0.00655	0.00865	0.00665	0.00935
65	0.01122	0.00811	0.01060	0.00998	0.01185	0.00748	0.00748	0.01496	0.02245	0.03180	0.66766	0.05923	0.07482	0.01621	0.00935	0.00249	0.00374	0.01434	0.00873	0.00748
66	0.02565	0.12536	0.02216	0.01513	0.02037	0.01877	0.01268	0.18503	0.13431	0.20407	0.04939	0.02904	0.02121	0.01138	0.00883	0.03653	0.00736	0.05350	0.00754	0.01168
67	0.01330	0.08563	0.04670	0.01140	0.01429	0.01066	0.00954	0.01695	0.02071	0.05170	0.46443	0.10920	0.05976	0.01555	0.00890	0.00252	0.00496	0.03796	0.00777	0.00809
68	0.10019	0.44397	0.17816	0.01556	0.02310	0.05563	0.01654	0.02488	0.01649	0.04530	0.01251	0.01421	0.01032	0.00718	0.00580	0.00200	0.00915	0.00478	0.00380	0.01043
69	0.01970	0.41937	0.28543	0.01747	0.02598	0.06831	0.01972	0.02477	0.01676	0.02118	0.01233	0.01436	0.01013	0.00716	0.00616	0.00203	0.01009	0.00492	0.00342	0.01071
70	0.01889	0.42735	0.32006	0.01751	0.02644	0.02573	0.02043	0.02434	0.01639	0.02147	0.01242	0.01447	0.01012	0.00711	0.00615	0.00205	0.00989	0.00495	0.00337	0.01085
71	0.01837	0.31578	0.34956	0.02019	0.02949	0.02384	0.09311	0.02459	0.01671	0.02254	0.01314	0.01565	0.01033	0.00713	0.00675	0.00220	0.01060	0.00560	0.00344	0.01098

[dist]
# distance from previous block
# <min> <max>
4	16

[block]
# block no. 5 follows, 24 sequences, length 23
# corresponding to MSA columns:
# 189-211
name=unknown_F
#
# <colnr> <probs for GDERKNQSTAVLIFYWHMCP>
#	G	D	E	R	K	N	Q	S	T	A	V	L	I	F	Y	W	H	M	C	P
0	0.01496	0.01387	0.01522	0.05586	0.01856	0.08478	0.01073	0.01752	0.01681	0.02276	0.09238	0.26617	0.03224	0.01481	0.01007	0.00245	0.07875	0.01238	0.00579	0.21389
1	0.01640	0.01615	0.02611	0.07480	0.02616	0.01933	0.14738	0.01959	0.01460	0.02144	0.01660	0.10114	0.01616	0.01254	0.01726	0.00301	0.35569	0.00918	0.03285	0.05359
2	0.04789	0.01831	0.03189	0.13753	0.42236	0.01914	0.11606	0.02354	0.01730	0.02497	0.01454	0.01971	0.01191	0.00757	0.00910	0.00252	0.05314	0.00729	0.00389	0.01135
3	0.08212	0.01841	0.02407	0.25498	0.12917	0.02084	0.01829	0.29247	0.02530	0.03519	0.01612	0.01936	0.01197	0.00845	0.00768	0.00247	0.00925	0.00687	0.00561	0.01137
4	0.01408	0.00911	0.01167	0.01078	0.01305	0.00862	0.00815	0.01846	0.05567	0.09144	0.49748	0.05522	0.06208	0.07092	0.01165	0.00296	0.00462	0.03751	0.00843	0.00811
5	0.02044	0.02016	0.02562	0.02118	0.02358	0.09467	0.08669	0.12252	0.01828	0.02493	0.01471	0.06093	0.01367	0.01242	0.01818	0.00303	0.39684	0.00801	0.00456	0.00960
6	0.01478	0.00739	0.00739	0.00739	0.00924	0.00739	0.00554	0.01848	0.01663	0.02956	0.02587	0.02956	0.02033	0.00924	0.00554	0.00185	0.00370	0.00739	0.76534	0.00739
7	0.02897	0.02163	0.02314	0.01801	0.02414	0.02404	0.01479	0.57739	0.10721	0.04808	0.02053	0.02023	0.01469	0.00966	0.00795	0.00241	0.00845	0.00735	0.00795	0.01338
8	0.00999	0.00731	0.00926	0.01050	0.01143	0.00675	0.00723	0.01168	0.01615	0.02128	0.10289	0.49888	0.14423	0.06528	0.01180	0.00336	0.00473	0.04343	0.00733	0.00650
9	0.16247	0.01989	0.02223	0.03973	0.06513	0.04543	0.05285	0.32748	0.08684	0.03942	0.02077	0.02158	0.04300	0.00929	0.00751	0.00245	0.00840	0.00728	0.00660	0.01167
10	0.02494	0.01485	0.01678	0.01414	0.01893	0.03948	0.01124	0.05561	0.23541	0.28919	0.08340	0.03535	0.10174	0.01175	0.00824	0.00254	0.00640	0.00968	0.00858	0.01176
11	0.00966	0.00690	0.00920	0.01104	0.01150	0.00644	0.00736	0.01104	0.01518	0.02024	0.04371	0.71614	0.05245	0.02484	0.01012	0.00322	0.00460	0.02254	0.00736	0.00644
12	0.01630	0.00933	0.00991	0.00920	0.01133	0.00998	0.00714	0.07372	0.01816	0.03069	0.02428	0.02786	0.01909	0.00956	0.00706	0.00200	0.04898	0.00734	0.65005	0.00801
13	0.02070	0.47456	0.06657	0.01969	0.02688	0.05765	0.18759	0.02461	0.01714	0.02080	0.01259	0.01533	0.01068	0.00685	0.00645	0.00201	0.01021	0.00575	0.00359	0.01033
14	0.01377	0.00689	0.01033	0.01033	0.01033	0.00689	0.00689	0.01033	0.01033	0.01377	0.01377	0.02410	0.01377	0.02755	0.03099	0.76928	0.00689	0.00689	0.00344	0.00344
15	0.01133	0.00850	0.01274	0.01274	0.01416	0.00991	0.00991	0.01416	0.01274	0.01841	0.02124	0.03115	0.01982	0.05947	0.68989	0.01274	0.02124	0.00850	0.00425	0.00708
16	0.02170	0.02063	0.02701	0.03046	0.27332	0.10073	0.08527	0.14331	0.07125	0.02990	0.02294	0.02513	0.07155	0.00913	0.00803	0.00239	0.00942	0.00810	0.02828	0.01145
17	0.02497	0.01928	0.01998	0.01749	0.04104	0.07208	0.01354	0.22453	0.28132	0.10556	0.02610	0.02674	0.01959	0.01031	0.00795	0.00251	0.00774	0.03006	0.03694	0.01229
18	0.01735	0.01418	0.02143	0.06960	0.19566	0.03773	0.06303	0.02183	0.03542	0.08400	0.19915	0.09221	0.03622	0.01266	0.00882	0.00262	0.00755	0.06433	0.00641	0.00980
19	0.01989	0.01797	0.01783	0.01634	0.02056	0.07140	0.01279	0.03905	0.55136	0.03126	0.03156	0.03366	0.02499	0.01154	0.00825	0.00272	0.00700	0.06233	0.00769	0.01183
20	0.01910	0.01996	0.07300	0.08788	0.59259	0.01874	0.02451	0.02413	0.01783	0.02550	0.01482	0.01954	0.01228	0.00715	0.00784	0.00238	0.00964	0.00699	0.00386	0.01227
21	0.02025	0.01985	0.03033	0.04406	0.57451	0.06036	0.02274	0.02636	0.07463	0.02614	0.01628	0.02017	0.01344	0.00746	0.00783	0.00237	0.00945	0.00711	0.00430	0.01235
22	0.02511	0.01842	0.02185	0.07742	0.02521	0.02044	0.03858	0.38529	0.06950	0.06932	0.02043	0.02190	0.01502	0.01122	0.03203	0.00278	0.03365	0.00744	0.09259	0.01183

[dist]
# distance from previous block
# <min> <max>
10	18

[block]
# block no. 6 follows, 24 sequences, length 169
# corresponding to MSA columns:
# 230-398
name=unknown_G
#
# <colnr> <probs for GDERKNQSTAVLIFYWHMCP>
#	G	D	E	R	K	N	Q	S	T	A	V	L	I	F	Y	W	H	M	C	P
0	0.01883	0.02132	0.06640	0.06595	0.07932	0.01956	0.49863	0.04896	0.01908	0.02614	0.01584	0.02079	0.01196	0.00688	0.00892	0.00257	0.01242	0.00868	0.00414	0.04360
1	0.02066	0.02115	0.06060	0.05650	0.09666	0.05494	0.25360	0.15457	0.02160	0.02904	0.01733	0.05552	0.01436	0.01096	0.03509	0.00300	0.07005	0.00862	0.00492	0.01084
2	0.01543	0.01302	0.01537	0.01164	0.01771	0.00996	0.00909	0.01864	0.01626	0.02501	0.01850	0.12063	0.01781	0.00870	0.00651	0.00148	0.00568	0.00736	0.00509	0.65613
3	0.01644	0.01409	0.01644	0.01175	0.01879	0.01057	0.00940	0.01997	0.01644	0.02584	0.01409	0.01644	0.01175	0.00587	0.00587	0.00117	0.00587	0.00470	0.00470	0.76979
4	0.01053	0.00801	0.00969	0.00942	0.01146	0.00716	0.00701	0.01357	0.02059	0.02775	0.44041	0.10548	0.26405	0.01799	0.00941	0.00260	0.00388	0.01562	0.00821	0.00716
5	0.01109	0.00806	0.01045	0.00994	0.01179	0.00741	0.00742	0.01468	0.02201	0.03097	0.62168	0.08465	0.09669	0.01668	0.00938	0.00253	0.00378	0.01474	0.00863	0.00741
6	0.01036	0.00807	0.00940	0.00907	0.01132	0.00711	0.00680	0.01329	0.02041	0.02696	0.39352	0.06721	0.35199	0.01802	0.00936	0.00258	0.00387	0.01546	0.00809	0.00711
7	0.00955	0.00804	0.00828	0.00822	0.01082	0.00677	0.00616	0.01172	0.01849	0.02240	0.13569	0.07471	0.61266	0.01972	0.00937	0.00266	0.00399	0.01651	0.00749	0.00677
8	0.01153	0.00769	0.00865	0.00865	0.00865	0.00769	0.00480	0.01153	0.01153	0.01538	0.02499	0.05189	0.02883	0.72131	0.04036	0.00769	0.00769	0.01153	0.00480	0.00480
9	0.01941	0.01862	0.03179	0.07939	0.64284	0.01878	0.02423	0.02415	0.01795	0.02564	0.01488	0.01970	0.01247	0.00711	0.00785	0.00237	0.00947	0.00706	0.00391	0.01238
10	0.02120	0.72609	0.04155	0.01357	0.02035	0.03138	0.01357	0.02374	0.01611	0.01866	0.01102	0.01272	0.01018	0.00678	0.00509	0.00170	0.00848	0.00424	0.00339	0.01018
11	0.01007	0.00707	0.00908	0.01052	0.01088	0.00671	0.00681	0.01115	0.01439	0.01919	0.03966	0.57249	0.04734	0.17546	0.01666	0.00419	0.00527	0.02016	0.00681	0.00609
12	0.01590	0.04102	0.68023	0.02260	0.03432	0.01842	0.02930	0.02511	0.01674	0.02511	0.01423	0.01674	0.01005	0.00753	0.00753	0.00251	0.01172	0.00586	0.00335	0.01172
13	0.03442	0.01324	0.01803	0.01391	0.01984	0.01146	0.01146	0.03752	0.02268	0.64666	0.06153	0.02852	0.02225	0.01012	0.00804	0.00246	0.00660	0.00828	0.00976	0.01321
14	0.01153	0.00769	0.00865	0.00865	0.00865	0.00769	0.00480	0.01153	0.01153	0.01538	0.02499	0.05189	0.02883	0.72131	0.04036	0.00769	0.00769	0.01153	0.00480	0.00480
15	0.02840	0.03314	0.02154	0.01918	0.02343	0.53717	0.01458	0.10983	0.04756	0.02446	0.01471	0.01642	0.01178	0.00851	0.00718	0.00210	0.01263	0.00565	0.05196	0.00976
16	0.01912	0.01548	0.01866	0.01354	0.02049	0.01293	0.03355	0.10875	0.01967	0.05185	0.01546	0.01736	0.01227	0.00655	0.00636	0.00144	0.00658	0.00533	0.00531	0.60929
17	0.01710	0.01700	0.03108	0.37350	0.22773	0.01849	0.15497	0.02252	0.01709	0.02296	0.01474	0.02076	0.01145	0.00742	0.00821	0.00257	0.01084	0.00754	0.00374	0.01028
18	0.01122	0.00811	0.01060	0.00998	0.01185	0.00748	0.00748	0.01496	0.02245	0.03180	0.66766	0.05923	0.07482	0.01621	0.00935	0.00249	0.00374	0.01434	0.00873	0.00748
19	0.00966	0.00690	0.00920	0.01104	0.01150	0.00644	0.00736	0.01104	0.01518	0.02024	0.04371	0.71614	0.05245	0.02484	0.01012	0.00322	0.00460	0.02254	0.00736	0.00644
20	0.01872	0.02139	0.04679	0.03342	0.04144	0.02005	0.64305	0.02540	0.01872	0.02540	0.01604	0.02139	0.01203	0.00668	0.00936	0.00267	0.01337	0.00936	0.00401	0.01070
21	0.02156	0.69640	0.04073	0.01386	0.02053	0.05976	0.01364	0.02409	0.01639	0.01869	0.01108	0.01279	0.01018	0.00684	0.00518	0.00171	0.00873	0.00428	0.00342	0.01013
22	0.01153	0.00769	0.00865	0.00865	0.00865	0.00769	0.00480	0.01153	0.01153	0.01538	0.02499	0.05189	0.02883	0.72131	0.04036	0.00769	0.00769	0.01153	0.00480	0.00480
23	0.00937	0.00803	0.00803	0.00803	0.01071	0.00669	0.00602	0.01138	0.01807	0.02142	0.08033	0.07632	0.66863	0.02008	0.00937	0.00268	0.00402	0.01674	0.00736	0.00669
24	0.01066	0.00836	0.01198	0.01244	0.01351	0.00818	0.04019	0.01260	0.01608	0.02167	0.10532	0.54784	0.07976	0.02225	0.01079	0.00311	0.04130	0.01996	0.00713	0.00689
25	0.00961	0.00804	0.00836	0.00828	0.01086	0.00679	0.00621	0.01184	0.01863	0.02274	0.15517	0.07414	0.59296	0.01959	0.00937	0.00265	0.00398	0.01643	0.00754	0.00679
26	0.01478	0.00739	0.00739	0.00739	0.00924	0.00739	0.00554	0.01848	0.01663	0.02956	0.02587	0.02956	0.02033	0.00924	0.00554	0.00185	0.00370	0.00739	0.76534	0.00739
27	0.03011	0.02337	0.02370	0.01841	0.02459	0.07419	0.01509	0.59962	0.03618	0.04770	0.01853	0.01869	0.01324	0.00942	0.00787	0.00235	0.00914	0.00699	0.00765	0.01317
28	0.01532	0.01490	0.02666	0.57060	0.05075	0.01751	0.11596	0.02065	0.01626	0.02104	0.01567	0.05115	0.01260	0.00847	0.00824	0.00267	0.01074	0.00807	0.00376	0.00899
29	0.01133	0.00850	0.01274	0.01274	0.01416	0.00991	0.00991	0.01416	0.01274	0.01841	0.02124	0.03115	0.01982	0.05947	0.68989	0.01274	0.02124	0.00850	0.00425	0.00708
30	0.01032	0.00847	0.00915	0.00901	0.01151	0.00753	0.00674	0.01374	0.05225	0.02420	0.20177	0.09897	0.48034	0.01898	0.00933	0.00266	0.00410	0.01608	0.00769	0.00716
31	0.01781	0.08956	0.25604	0.02635	0.03442	0.02107	0.29744	0.02431	0.01694	0.02386	0.01424	0.01852	0.01098	0.00794	0.01061	0.00264	0.10548	0.00741	0.00366	0.01072
32	0.01608	0.02151	0.17052	0.40061	0.07171	0.01831	0.14367	0.02246	0.01669	0.02252	0.01453	0.02018	0.01082	0.00757	0.00812	0.00261	0.01132	0.00724	0.00360	0.00995
33	0.00966	0.00690	0.00920	0.01104	0.01150	0.00644	0.00736	0.01104	0.01518	0.02024	0.04371	0.71614	0.05245	0.02484	0.01012	0.00322	0.00460	0.02254	0.00736	0.00644
34	0.01644	0.01409	0.01644	0.01175	0.01879	0.01057	0.00940	0.01997	0.01644	0.02584	0.01409	0.01644	0.01175	0.00587	0.00587	0.00117	0.00587	0.00470	0.00470	0.76979
35	0.00993	0.00701	0.00912	0.01070	0.01110	0.00662	0.00700	0.01111	0.01466	0.01955	0.04104	0.62167	0.04909	0.12390	0.01442	0.00386	0.00504	0.02098	0.00700	0.00621
36	0.01201	0.00907	0.01151	0.01243	0.01460	0.00876	0.01041	0.01605	0.04630	0.02441	0.11991	0.08010	0.21223	0.02032	0.01024	0.00323	0.00600	0.36752	0.00751	0.00739
37	0.01153	0.00769	0.00865	0.00865	0.00865	0.00769	0.00480	0.01153	0.01153	0.01538	0.02499	0.05189	0.02883	0.72131	0.04036	0.00769	0.00769	0.01153	0.00480	0.00480
38	0.00988	0.00805	0.00873	0.00856	0.01102	0.00691	0.00642	0.01236	0.01926	0.02424	0.24011	0.07167	0.50709	0.01903	0.00937	0.00263	0.00394	0.01608	0.00774	0.00691
39	0.01153	0.00769	0.00865	0.00865	0.00865	0.00769	0.00480	0.01153	0.01153	0.01538	0.02499	0.05189	0.02883	0.72131	0.04036	0.00769	0.00769	0.01153	0.00480	0.00480
40	0.77733	0.01534	0.01166	0.01043	0.01534	0.01779	0.00859	0.02331	0.01350	0.03558	0.01104	0.01288	0.00859	0.00736	0.00491	0.00245	0.00613	0.00429	0.00491	0.00859
41	0.00937	0.00803	0.00803	0.00803	0.01071	0.00669	0.00602	0.01138	0.01807	0.02142	0.08033	0.07632	0.66863	0.02008	0.00937	0.00268	0.00402	0.01674	0.00736	0.00669
42	0.03558	0.01350	0.01840	0.01411	0.02024	0.01166	0.01166	0.03865	0.02270	0.67734	0.03128	0.02699	0.01963	0.00981	0.00797	0.00245	0.00675	0.00797	0.00981	0.01350
43	0.01972	0.01703	0.01793	0.01614	0.02062	0.01972	0.01255	0.04214	0.65752	0.03317	0.03228	0.02959	0.02421	0.01076	0.00807	0.00269	0.00628	0.00897	0.00807	0.01255
44	0.03091	0.02098	0.02304	0.01766	0.02398	0.02277	0.01459	0.55986	0.03523	0.13842	0.02077	0.02016	0.01435	0.00956	0.00794	0.00239	0.00845	0.00726	0.00820	0.01349
45	0.01644	0.01409	0.01644	0.01175	0.01879	0.01057	0.00940	0.01997	0.01644	0.02584	0.01409	0.01644	0.01175	0.00587	0.00587	0.00117	0.00587	0.00470	0.00470	0.76979
46	0.03014	0.02221	0.02380	0.01825	0.02459	0.02459	0.01507	0.64541	0.03728	0.04998	0.01904	0.01904	0.01349	0.00952	0.00793	0.00238	0.00873	0.00714	0.00793	0.01349
47	0.02050	0.01584	0.01719	0.01527	0.01972	0.01772	0.01192	0.03910	0.53260	0.09955	0.06453	0.03282	0.05509	0.01134	0.00818	0.00266	0.00610	0.00947	0.00825	0.01215
48	0.00960	0.00804	0.00835	0.00827	0.01085	0.00679	0.00621	0.01183	0.01862	0.02271	0.15340	0.07419	0.59476	0.01960	0.00937	0.00265	0.00398	0.01644	0.00753	0.00679
49	0.01853	0.02102	0.04564	0.06694	0.04210	0.01993	0.61193	0.02514	0.01857	0.02514	0.01595	0.02138	0.01196	0.00675	0.00929	0.00267	0.01323	0.00924	0.00399	0.01060
50	0.01674	0.01651	0.02416	0.19576	0.02950	0.02258	0.01855	0.01939	0.01310	0.01939	0.01136	0.01832	0.01045	0.01235	0.02138	0.00326	0.52806	0.00697	0.00348	0.00871
51	0.01311	0.00995	0.01385	0.08573	0.02022	0.01035	0.01328	0.01771	0.04838	0.02367	0.04118	0.07863	0.08251	0.01980	0.01040	0.00344	0.00737	0.48581	0.00695	0.00767
52	0.00966	0.00690	0.00920	0.01104	0.01150	0.00644	0.00736	0.01104	0.01518	0.02024	0.04371	0.71614	0.05245	0.02484	0.01012	0.00322	0.00460	0.02254	0.00736	0.00644
