[name]
unknown

[dist]
# distance from previous block
# <min> <max>
4	111

[block]
# block no. 0 follows, 24 sequences, length 13
# corresponding to MSA columns:
# 116-128
name=unknown_A
#
# <colnr> <probs for GDERKNQSTAVLIFYWHMCP>
#	G	D	E	R	K	N	Q	S	T	A	V	L	I	F	Y	W	H	M	C	P
0	0.01785	0.01703	0.02898	0.29796	0.43643	0.01837	0.02345	0.02278	0.01722	0.02375	0.01460	0.02020	0.01180	0.00739	0.00788	0.00246	0.00986	0.00706	0.00377	0.01113
1	0.30862	0.01750	0.02436	0.03409	0.42145	0.01844	0.01833	0.02395	0.01632	0.02960	0.01344	0.01705	0.01105	0.00718	0.00673	0.00239	0.00817	0.00601	0.00430	0.01105
2	0.02307	0.01410	0.02215	0.40691	0.07256	0.01541	0.01818	0.02748	0.01858	0.27116	0.02069	0.02330	0.01413	0.00860	0.00794	0.00256	0.00905	0.00740	0.00594	0.01079
3	0.01955	0.00942	0.01271	0.01221	0.01484	0.00843	0.00900	0.02157	0.01805	0.27087	0.03897	0.45329	0.03993	0.01911	0.00930	0.00293	0.00542	0.01699	0.00830	0.00913
4	0.01590	0.04102	0.68023	0.02260	0.03432	0.01842	0.02930	0.02511	0.01674	0.02511	0.01423	0.01674	0.01005	0.00753	0.00753	0.00251	0.01172	0.00586	0.00335	0.01172
5	0.00937	0.00803	0.00803	0.00803	0.01071	0.00669	0.00602	0.01138	0.01807	0.02142	0.08033	0.07632	0.66863	0.02008	0.00937	0.00268	0.00402	0.01674	0.00736	0.00669
6	0.31513	0.01959	0.01917	0.01526	0.02106	0.02200	0.01260	0.40813	0.02821	0.04448	0.01599	0.01669	0.01162	0.00870	0.00678	0.00241	0.00774	0.00605	0.00678	0.01162
7	0.03351	0.01682	0.02046	0.01569	0.02190	0.01659	0.01296	0.27007	0.02826	0.43806	0.02661	0.02396	0.01729	0.00970	0.00796	0.00243	0.00750	0.00766	0.00910	0.01349
8	0.30665	0.01457	0.01462	0.01124	0.01747	0.01332	0.00909	0.02124	0.01532	0.02955	0.01293	0.01509	0.01054	0.00644	0.00550	0.00166	0.00597	0.00454	0.00478	0.47946
9	0.02471	0.02938	0.27417	0.01991	0.02830	0.02224	0.02050	0.40882	0.02945	0.04049	0.01720	0.01816	0.01217	0.00876	0.00778	0.00243	0.00987	0.00665	0.00618	0.01281
10	0.02962	0.03779	0.02247	0.02043	0.02451	0.68948	0.01532	0.03166	0.02247	0.01941	0.01226	0.01430	0.01021	0.00817	0.00715	0.00204	0.01430	0.00511	0.00409	0.00919
11	0.01285	0.01013	0.01442	0.27320	0.02618	0.01148	0.01137	0.01486	0.01318	0.01724	0.02083	0.04016	0.02187	0.44922	0.02799	0.00576	0.00879	0.00982	0.00432	0.00633
12	0.01555	0.03075	0.42985	0.28183	0.04206	0.01811	0.02652	0.02326	0.01640	0.02326	0.01418	0.01842	0.01025	0.00768	0.00768	0.00256	0.01128	0.00631	0.00342	0.01061

[dist]
# distance from previous block
# <min> <max>
0	9

[block]
# block no. 1 follows, 24 sequences, length 32
# corresponding to MSA columns:
# 138-169
name=unknown_B
#
# <colnr> <probs for GDERKNQSTAVLIFYWHMCP>
#	G	D	E	R	K	N	Q	S	T	A	V	L	I	F	Y	W	H	M	C	P
0	0.01713	0.01646	0.02821	0.38315	0.30987	0.01842	0.04766	0.02213	0.01677	0.02278	0.01440	0.02041	0.01145	0.00770	0.00850	0.00255	0.03111	0.00714	0.00371	0.01044
1	0.01761	0.03026	0.37937	0.02034	0.02891	0.01903	0.04686	0.03221	0.28341	0.02848	0.02181	0.02227	0.01602	0.00884	0.00783	0.00259	0.00952	0.00729	0.00534	0.01202
2	0.33433	0.01887	0.03217	0.02386	0.03058	0.01911	0.37908	0.02453	0.01654	0.02964	0.01396	0.01785	0.01060	0.00697	0.00751	0.00258	0.01036	0.00725	0.00438	0.00982
3	0.02378	0.02673	0.02815	0.03692	0.40253	0.29786	0.02059	0.02739	0.01989	0.02320	0.01381	0.01741	0.01158	0.00753	0.00756	0.00223	0.01145	0.00625	0.00399	0.01116
4	0.01074	0.00740	0.00910	0.00987	0.01014	0.00729	0.00615	0.01147	0.01312	0.01757	0.03257	0.32711	0.03816	0.39521	0.06345	0.00611	0.00715	0.01595	0.00584	0.00561
5	0.01775	0.01581	0.02037	0.30159	0.03476	0.01885	0.01649	0.03304	0.39056	0.02780	0.02471	0.02607	0.01853	0.00958	0.00801	0.00267	0.00806	0.00817	0.00618	0.01099
6	0.46171	0.01785	0.02627	0.01999	0.02620	0.01873	0.27255	0.02418	0.01567	0.03134	0.01312	0.01642	0.01002	0.00708	0.00676	0.00255	0.00914	0.00640	0.00453	0.00946
7	0.00966	0.00690	0.00920	0.01104	0.01150	0.00644	0.00736	0.01104	0.01518	0.02024	0.04371	0.71614	0.05245	0.02484	0.01012	0.00322	0.00460	0.02254	0.00736	0.00644
8	0.01583	0.01409	0.01950	0.29903	0.03370	0.01350	0.01465	0.02009	0.01620	0.02352	0.01409	0.01840	0.01126	0.00673	0.00673	0.00179	0.00783	0.00568	0.00421	0.45319
9	0.01777	0.01835	0.03417	0.02440	0.03202	0.01611	0.37942	0.02314	0.01777	0.02558	0.01523	0.01933	0.01191	0.00635	0.00791	0.00205	0.01025	0.00742	0.00430	0.32651
10	0.01755	0.02956	0.31033	0.02892	0.03848	0.01937	0.38770	0.02528	0.01790	0.02528	0.01529	0.01946	0.01121	0.00704	0.00860	0.00261	0.01268	0.00790	0.00374	0.01112
11	0.01427	0.00989	0.01593	0.29820	0.02876	0.01135	0.01318	0.01446	0.01263	0.01647	0.01391	0.02287	0.01244	0.01939	0.02140	0.45033	0.00842	0.00695	0.00348	0.00568
12	0.01716	0.01835	0.03722	0.31169	0.04692	0.01904	0.38467	0.02326	0.01753	0.02326	0.01523	0.02129	0.01142	0.00720	0.00876	0.00266	0.01220	0.00840	0.00381	0.00991
13	0.02482	0.02019	0.02400	0.01932	0.02302	0.02447	0.01602	0.38483	0.02682	0.03712	0.01545	0.01834	0.01221	0.01133	0.01546	0.00283	0.29916	0.00706	0.00608	0.01148
14	0.00966	0.00690	0.00920	0.01104	0.01150	0.00644	0.00736	0.01104	0.01518	0.02024	0.04371	0.71614	0.05245	0.02484	0.01012	0.00322	0.00460	0.02254	0.00736	0.00644
15	0.00965	0.00696	0.00914	0.01088	0.01146	0.00645	0.00729	0.01106	0.01534	0.02031	0.04572	0.68101	0.08628	0.02458	0.01008	0.00319	0.00457	0.02222	0.00736	0.00645
16	0.34418	0.01426	0.01560	0.01258	0.01820	0.01421	0.01038	0.03227	0.01887	0.41034	0.02286	0.02112	0.01504	0.00879	0.00670	0.00245	0.00649	0.00644	0.00777	0.01145
17	0.02718	0.42962	0.03192	0.01379	0.02031	0.02317	0.01277	0.02994	0.01885	0.29270	0.01945	0.01866	0.01411	0.00805	0.00629	0.00201	0.00776	0.00579	0.00606	0.01156
18	0.01814	0.02701	0.29348	0.01883	0.02632	0.01918	0.01952	0.03505	0.39093	0.02982	0.02477	0.02424	0.01831	0.00942	0.00785	0.00262	0.00854	0.00767	0.00610	0.01221
19	0.02856	0.01678	0.03021	0.02214	0.02906	0.01515	0.27434	0.03314	0.02104	0.40610	0.02494	0.02466	0.01647	0.00851	0.00855	0.00255	0.00950	0.00855	0.00740	0.01233
20	0.02550	0.02916	0.02058	0.01864	0.02289	0.41083	0.01417	0.03602	0.28668	0.02513	0.02059	0.02066	0.01604	0.00925	0.00753	0.00231	0.01096	0.00671	0.00574	0.01059
21	0.01536	0.02530	0.29689	0.41949	0.04617	0.01795	0.02505	0.02228	0.01622	0.02228	0.01415	0.01931	0.01035	0.00776	0.00776	0.00259	0.01105	0.00655	0.00345	0.01002
22	0.01622	0.02530	0.29261	0.01626	0.02525	0.01383	0.01768	0.02211	0.01657	0.02554	0.01415	0.01657	0.01104	0.00656	0.00656	0.00173	0.00831	0.00518	0.00414	0.45440
23	0.02626	0.01662	0.02645	0.03429	0.40075	0.01585	0.01906	0.03029	0.01999	0.29693	0.02173	0.02269	0.01550	0.00821	0.00790	0.00240	0.00831	0.00744	0.00638	0.01295
24	0.01427	0.01160	0.01401	0.01101	0.01590	0.00929	0.00860	0.01789	0.01894	0.02832	0.28601	0.03425	0.03799	0.01017	0.00732	0.00172	0.00499	0.00871	0.00638	0.45264
25	0.01213	0.00870	0.01187	0.01268	0.01452	0.00844	0.01057	0.01582	0.02000	0.02709	0.30230	0.07688	0.05778	0.01954	0.01029	0.00317	0.00582	0.36713	0.00790	0.00738
26	0.01135	0.00793	0.00979	0.00942	0.01052	0.00757	0.00637	0.01354	0.01791	0.02497	0.40028	0.05618	0.05569	0.30957	0.02225	0.00465	0.00538	0.01317	0.00710	0.00637
27	0.02055	0.43184	0.03766	0.02817	0.29140	0.02616	0.01805	0.02399	0.01692	0.02167	0.01264	0.01559	0.01117	0.00690	0.00624	0.00197	0.00887	0.00542	0.00361	0.01117
28	0.01644	0.01409	0.01644	0.01175	0.01879	0.01057	0.00940	0.01997	0.01644	0.02584	0.01409	0.01644	0.01175	0.00587	0.00587	0.00117	0.00587	0.00470	0.00470	0.76979
29	0.02539	0.02187	0.03336	0.02456	0.03160	0.02270	0.27634	0.38746	0.02956	0.03975	0.01779	0.02002	0.01288	0.00834	0.00853	0.00250	0.01066	0.00806	0.00630	0.01232
30	0.01502	0.01196	0.01449	0.01374	0.01641	0.01379	0.01062	0.02596	0.28118	0.02507	0.02620	0.03104	0.02195	0.05632	0.34914	0.00781	0.01364	0.00872	0.04765	0.00931
31	0.01326	0.01359	0.02416	0.01860	0.02350	0.01225	0.27105	0.01721	0.01834	0.02308	0.05358	0.05346	0.39546	0.01451	0.00937	0.00268	0.00791	0.01367	0.00597	0.00836

[dist]
# distance from previous block
# <min> <max>
4	77

[block]
# block no. 2 follows, 24 sequences, length 45
# corresponding to MSA columns:
# 247-291
name=unknown_C
#
# <colnr> <probs for GDERKNQSTAVLIFYWHMCP>
#	G	D	E	R	K	N	Q	S	T	A	V	L	I	F	Y	W	H	M	C	P
0	0.01972	0.01703	0.01793	0.01614	0.02062	0.01972	0.01255	0.04214	0.65752	0.03317	0.03228	0.02959	0.02421	0.01076	0.00807	0.00269	0.00628	0.00897	0.00807	0.01255
1	0.00937	0.00803	0.00803	0.00803	0.01071	0.00669	0.00602	0.01138	0.01807	0.02142	0.08033	0.07632	0.66863	0.02008	0.00937	0.00268	0.00402	0.01674	0.00736	0.00669
2	0.01122	0.00811	0.01060	0.00998	0.01185	0.00748	0.00748	0.01496	0.02245	0.03180	0.66766	0.05923	0.07482	0.01621	0.00935	0.00249	0.00374	0.01434	0.00873	0.00748
3	0.01498	0.01409	0.02378	0.70226	0.05462	0.01762	0.02202	0.02026	0.01586	0.02026	0.01409	0.02114	0.01057	0.00793	0.00793	0.00264	0.01057	0.00705	0.00352	0.00881
4	0.77733	0.01534	0.01166	0.01043	0.01534	0.01779	0.00859	0.02331	0.01350	0.03558	0.01104	0.01288	0.00859	0.00736	0.00491	0.00245	0.00613	0.00429	0.00491	0.00859
5	0.02980	0.03244	0.02293	0.01968	0.02454	0.46106	0.01524	0.24251	0.02756	0.02991	0.01459	0.01593	0.01134	0.00863	0.00742	0.00216	0.01239	0.00581	0.00541	0.01067
6	0.01520	0.01432	0.02419	0.67058	0.08453	0.01768	0.02213	0.02046	0.01596	0.02053	0.01413	0.02107	0.01067	0.00789	0.00792	0.00263	0.01052	0.00705	0.00354	0.00899
7	0.01939	0.01400	0.01675	0.01211	0.01902	0.01074	0.00974	0.02284	0.01741	0.12621	0.01674	0.01807	0.01296	0.00648	0.00620	0.00137	0.00601	0.00520	0.00549	0.65327
8	0.01679	0.01520	0.02104	0.01503	0.02222	0.01201	0.10531	0.02079	0.01679	0.02577	0.01439	0.01719	0.01179	0.00600	0.00640	0.00140	0.00701	0.00540	0.00459	0.65489
9	0.01920	0.01840	0.03141	0.10915	0.61474	0.01873	0.02412	0.02396	0.01785	0.02538	0.01484	0.01977	0.01238	0.00715	0.00786	0.00238	0.00953	0.00706	0.00389	0.01221
10	0.02120	0.72609	0.04155	0.01357	0.02035	0.03138	0.01357	0.02374	0.01611	0.01866	0.01102	0.01272	0.01018	0.00678	0.00509	0.00170	0.00848	0.00424	0.00339	0.01018
11	0.03281	0.01408	0.01834	0.01434	0.02015	0.01292	0.01175	0.07518	0.07598	0.55582	0.05994	0.02820	0.02217	0.01017	0.00804	0.00247	0.00669	0.00830	0.00950	0.01314
12	0.03014	0.02221	0.02380	0.01825	0.02459	0.02459	0.01507	0.64541	0.03728	0.04998	0.01904	0.01904	0.01349	0.00952	0.00793	0.00238	0.00873	0.00714	0.00793	0.01349
13	0.00937	0.00803	0.00803	0.00803	0.01071	0.00669	0.00602	0.01138	0.01807	0.02142	0.08033	0.07632	0.66863	0.02008	0.00937	0.00268	0.00402	0.01674	0.00736	0.00669
14	0.02962	0.03779	0.02247	0.02043	0.02451	0.68948	0.01532	0.03166	0.02247	0.01941	0.01226	0.01430	0.01021	0.00817	0.00715	0.00204	0.01430	0.00511	0.00409	0.00919
15	0.77733	0.01534	0.01166	0.01043	0.01534	0.01779	0.00859	0.02331	0.01350	0.03558	0.01104	0.01288	0.00859	0.00736	0.00491	0.00245	0.00613	0.00429	0.00491	0.00859
16	0.00966	0.00690	0.00920	0.01104	0.01150	0.00644	0.00736	0.01104	0.01518	0.02024	0.04371	0.71614	0.05245	0.02484	0.01012	0.00322	0.00460	0.02254	0.00736	0.00644
17	0.00966	0.00690	0.00920	0.01104	0.01150	0.00644	0.00736	0.01104	0.01518	0.02024	0.04371	0.71614	0.05245	0.02484	0.01012	0.00322	0.00460	0.02254	0.00736	0.00644
18	0.01590	0.04102	0.68023	0.02260	0.03432	0.01842	0.02930	0.02511	0.01674	0.02511	0.01423	0.01674	0.01005	0.00753	0.00753	0.00251	0.01172	0.00586	0.00335	0.01172
19	0.01632	0.09480	0.63009	0.02189	0.03322	0.01943	0.02806	0.02501	0.01669	0.02461	0.01398	0.01643	0.01006	0.00748	0.00734	0.00245	0.01147	0.00573	0.00335	0.01160
20	0.01153	0.00769	0.00865	0.00865	0.00865	0.00769	0.00480	0.01153	0.01153	0.01538	0.02499	0.05189	0.02883	0.72131	0.04036	0.00769	0.00769	0.01153	0.00480	0.00480
21	0.02120	0.72609	0.04155	0.01357	0.02035	0.03138	0.01357	0.02374	0.01611	0.01866	0.01102	0.01272	0.01018	0.00678	0.00509	0.00170	0.00848	0.00424	0.00339	0.01018
22	0.02986	0.03082	0.02307	0.01945	0.02455	0.39179	0.01521	0.30645	0.02910	0.03309	0.01529	0.01642	0.01168	0.00877	0.00750	0.00219	0.01180	0.00602	0.00581	0.01111
23	0.00937	0.00803	0.00803	0.00803	0.01071	0.00669	0.00602	0.01138	0.01807	0.02142	0.08033	0.07632	0.66863	0.02008	0.00937	0.00268	0.00402	0.01674	0.00736	0.00669
24	0.03014	0.02221	0.02380	0.01825	0.02459	0.02459	0.01507	0.64541	0.03728	0.04998	0.01904	0.01904	0.01349	0.00952	0.00793	0.00238	0.00873	0.00714	0.00793	0.01349
25	0.01122	0.00811	0.01060	0.00998	0.01185	0.00748	0.00748	0.01496	0.02245	0.03180	0.66766	0.05923	0.07482	0.01621	0.00935	0.00249	0.00374	0.01434	0.00873	0.00748
26	0.02069	0.01751	0.01847	0.01633	0.02099	0.02017	0.01278	0.09795	0.60013	0.03473	0.03105	0.02861	0.02321	0.01064	0.00806	0.00266	0.00650	0.00880	0.00806	0.01264
27	0.01498	0.01409	0.02378	0.70226	0.05462	0.01762	0.02202	0.02026	0.01586	0.02026	0.01409	0.02114	0.01057	0.00793	0.00793	0.00264	0.01057	0.00705	0.00352	0.00881
28	0.03014	0.02221	0.02380	0.01825	0.02459	0.02459	0.01507	0.64541	0.03728	0.04998	0.01904	0.01904	0.01349	0.00952	0.00793	0.00238	0.00873	0.00714	0.00793	0.01349
29	0.02962	0.03779	0.02247	0.02043	0.02451	0.68948	0.01532	0.03166	0.02247	0.01941	0.01226	0.01430	0.01021	0.00817	0.00715	0.00204	0.01430	0.00511	0.00409	0.00919
30	0.03014	0.02221	0.02380	0.01825	0.02459	0.02459	0.01507	0.64541	0.03728	0.04998	0.01904	0.01904	0.01349	0.00952	0.00793	0.00238	0.00873	0.00714	0.00793	0.01349
31	0.00966	0.00690	0.00920	0.01104	0.01150	0.00644	0.00736	0.01104	0.01518	0.02024	0.04371	0.71614	0.05245	0.02484	0.01012	0.00322	0.00460	0.02254	0.00736	0.00644
32	0.01498	0.01409	0.02378	0.70226	0.05462	0.01762	0.02202	0.02026	0.01586	0.02026	0.01409	0.02114	0.01057	0.00793	0.00793	0.00264	0.01057	0.00705	0.00352	0.00881
33	0.01920	0.01840	0.03141	0.10915	0.61474	0.01873	0.02412	0.02396	0.01785	0.02538	0.01484	0.01977	0.01238	0.00715	0.00786	0.00238	0.00953	0.00706	0.00389	0.01221
34	0.01590	0.04102	0.68023	0.02260	0.03432	0.01842	0.02930	0.02511	0.01674	0.02511	0.01423	0.01674	0.01005	0.00753	0.00753	0.00251	0.01172	0.00586	0.00335	0.01172
35	0.03014	0.02221	0.02380	0.01825	0.02459	0.02459	0.01507	0.64541	0.03728	0.04998	0.01904	0.01904	0.01349	0.00952	0.00793	0.00238	0.00873	0.00714	0.00793	0.01349
36	0.01659	0.01455	0.01835	0.01311	0.02022	0.01117	0.04925	0.02031	0.01659	0.02581	0.01422	0.01675	0.01176	0.00592	0.00609	0.00127	0.00634	0.00499	0.00465	0.72205
37	0.01855	0.01434	0.01678	0.01241	0.01911	0.01160	0.00993	0.02395	0.08221	0.08687	0.01753	0.01876	0.01374	0.00673	0.00629	0.00145	0.00599	0.00544	0.00551	0.62282
38	0.59642	0.01489	0.01330	0.01133	0.01653	0.01629	0.00934	0.02705	0.01574	0.19210	0.01598	0.01632	0.01128	0.00796	0.00566	0.00245	0.00628	0.00519	0.00610	0.00978
39	0.02315	0.01379	0.01689	0.01299	0.01883	0.01184	0.01042	0.08897	0.02093	0.23814	0.06937	0.07291	0.02190	0.00961	0.00731	0.00195	0.00620	0.00797	0.00716	0.33967
40	0.02008	0.01694	0.02612	0.02126	0.02343	0.02099	0.10904	0.02274	0.01488	0.12237	0.01581	0.04710	0.01375	0.01261	0.02011	0.00318	0.46717	0.00808	0.00469	0.00964
41	0.02105	0.02055	0.04182	0.03162	0.07722	0.01949	0.50706	0.06556	0.02021	0.08730	0.01757	0.02165	0.01286	0.00718	0.00905	0.00262	0.01222	0.00895	0.00479	0.01124
42	0.03095	0.01412	0.01822	0.01389	0.02004	0.01238	0.01140	0.08480	0.02283	0.48998	0.05133	0.02575	0.01986	0.00936	0.00766	0.00223	0.00665	0.00759	0.00875	0.14223
43	0.57862	0.01680	0.01383	0.01185	0.01702	0.05843	0.00965	0.05518	0.01624	0.09405	0.01357	0.01480	0.01015	0.00765	0.00554	0.00234	0.00680	0.00485	0.00544	0.05719
44	0.20151	0.01718	0.01790	0.04130	0.02109	0.01883	0.01212	0.25954	0.11725	0.07892	0.04652	0.02512	0.06325	0.01001	0.00732	0.00244	0.00710	0.00764	0.00706	0.03790

[dist]
# distance from previous block
# <min> <max>
0	20

[block]
# block no. 3 follows, 24 sequences, length 9
# corresponding to MSA columns:
# 312-320
name=unknown_D
#
# <colnr> <probs for GDERKNQSTAVLIFYWHMCP>
#	G	D	E	R	K	N	Q	S	T	A	V	L	I	F	Y	W	H	M	C	P
0	0.17964	0.01601	0.01923	0.04394	0.02214	0.01617	0.03867	0.16914	0.02326	0.28024	0.04888	0.02253	0.01713	0.00905	0.00732	0.00237	0.00733	0.00712	0.00750	0.06233
1	0.01800	0.01418	0.01829	0.16847	0.02692	0.01307	0.01271	0.07147	0.01833	0.06954	0.01784	0.07044	0.01517	0.00831	0.00696	0.00184	0.00713	0.00697	0.00523	0.42913
2	0.02035	0.03480	0.53062	0.02068	0.03114	0.01689	0.02531	0.02817	0.01809	0.17255	0.01809	0.01906	0.01221	0.00805	0.00763	0.00250	0.01060	0.00634	0.00481	0.01212
3	0.01654	0.03658	0.53703	0.02505	0.03593	0.01879	0.16804	0.02518	0.01719	0.02518	0.01464	0.01779	0.01049	0.00734	0.00795	0.00255	0.01209	0.00665	0.00350	0.01149
4	0.02962	0.03779	0.02247	0.02043	0.02451	0.68948	0.01532	0.03166	0.02247	0.01941	0.01226	0.01430	0.01021	0.00817	0.00715	0.00204	0.01430	0.00511	0.00409	0.00919
5	0.77733	0.01534	0.01166	0.01043	0.01534	0.01779	0.00859	0.02331	0.01350	0.03558	0.01104	0.01288	0.00859	0.00736	0.00491	0.00245	0.00613	0.00429	0.00491	0.00859
6	0.01153	0.00769	0.00865	0.00865	0.00865	0.00769	0.00480	0.01153	0.01153	0.01538	0.02499	0.05189	0.02883	0.72131	0.04036	0.00769	0.00769	0.01153	0.00480	0.00480
7	0.32768	0.02403	0.01857	0.01577	0.02088	0.21649	0.01256	0.21791	0.02347	0.03529	0.01387	0.01520	0.01058	0.00826	0.00650	0.00231	0.00932	0.00541	0.00560	0.01028
8	0.01766	0.01826	0.02938	0.02367	0.02548	0.02333	0.15879	0.02051	0.01363	0.02051	0.01168	0.01826	0.01078	0.01225	0.02226	0.00329	0.55004	0.00749	0.00359	0.00913

[dist]
# distance from previous block
# <min> <max>
0	1

[block]
# block no. 4 follows, 24 sequences, length 10
# corresponding to MSA columns:
# 322-331
name=unknown_E
#
# <colnr> <probs for GDERKNQSTAVLIFYWHMCP>
#	G	D	E	R	K	N	Q	S	T	A	V	L	I	F	Y	W	H	M	C	P
0	0.01135	0.00843	0.01239	0.01239	0.01368	0.00972	0.00947	0.01393	0.01264	0.01815	0.02156	0.03295	0.02060	0.11675	0.63368	0.01231	0.02007	0.00876	0.00430	0.00688
1	0.13746	0.01920	0.02082	0.01617	0.02226	0.02061	0.01336	0.41573	0.03051	0.19411	0.02076	0.02002	0.01422	0.00928	0.00751	0.00241	0.00790	0.00693	0.00794	0.01279
2	0.01498	0.01409	0.02378	0.70226	0.05462	0.01762	0.02202	0.02026	0.01586	0.02026	0.01409	0.02114	0.01057	0.00793	0.00793	0.00264	0.01057	0.00705	0.00352	0.00881
3	0.01135	0.00842	0.01236	0.01236	0.01364	0.00970	0.00943	0.01391	0.01263	0.01812	0.02160	0.03312	0.02068	0.12227	0.62826	0.01226	0.01995	0.00878	0.00430	0.00686
4	0.03014	0.02221	0.02380	0.01825	0.02459	0.02459	0.01507	0.64541	0.03728	0.04998	0.01904	0.01904	0.01349	0.00952	0.00793	0.00238	0.00873	0.00714	0.00793	0.01349
5	0.01478	0.00739	0.00739	0.00739	0.00924	0.00739	0.00554	0.01848	0.01663	0.02956	0.02587	0.02956	0.02033	0.00924	0.00554	0.00185	0.00370	0.00739	0.76534	0.00739
6	0.02120	0.72609	0.04155	0.01357	0.02035	0.03138	0.01357	0.02374	0.01611	0.01866	0.01102	0.01272	0.01018	0.00678	0.00509	0.00170	0.00848	0.00424	0.00339	0.01018
7	0.00966	0.00690	0.00920	0.01104	0.01150	0.00644	0.00736	0.01104	0.01518	0.02024	0.04371	0.71614	0.05245	0.02484	0.01012	0.00322	0.00460	0.02254	0.00736	0.00644
8	0.02188	0.67098	0.04003	0.01412	0.02069	0.08407	0.01371	0.02438	0.01662	0.01872	0.01112	0.01285	0.01018	0.00690	0.00525	0.00172	0.00895	0.00431	0.00345	0.01010
9	0.07772	0.01975	0.02071	0.01690	0.02243	0.02225	0.01366	0.37092	0.27370	0.04253	0.02357	0.02266	0.01726	0.00985	0.00778	0.00250	0.00761	0.00764	0.00778	0.01279

[dist]
# distance from previous block
# <min> <max>
2	22

[block]
# block no. 5 follows, 24 sequences, length 6
# corresponding to MSA columns:
# 356-361
name=unknown_F
#
# <colnr> <probs for GDERKNQSTAVLIFYWHMCP>
#	G	D	E	R	K	N	Q	S	T	A	V	L	I	F	Y	W	H	M	C	P
0	0.17901	0.01684	0.01796	0.01429	0.01972	0.01793	0.01173	0.29533	0.02638	0.19389	0.02124	0.02106	0.01485	0.00912	0.00703	0.00234	0.00709	0.00680	0.10567	0.01172
1	0.01176	0.00958	0.01186	0.01144	0.01307	0.01017	0.00869	0.01476	0.04212	0.02251	0.15976	0.10436	0.23751	0.09785	0.09105	0.00449	0.09693	0.03840	0.00652	0.00717
2	0.11342	0.51412	0.15383	0.01482	0.02227	0.02735	0.01581	0.02394	0.01590	0.02191	0.01161	0.01347	0.00996	0.00699	0.00551	0.00194	0.00878	0.00454	0.00357	0.01026
3	0.59005	0.01487	0.01336	0.01136	0.01657	0.01624	0.00936	0.02718	0.01582	0.19761	0.01615	0.01644	0.01138	0.00798	0.00568	0.00245	0.00629	0.00522	0.00615	0.00983
4	0.01820	0.33764	0.40369	0.01869	0.02827	0.02403	0.02249	0.02452	0.01647	0.02232	0.01284	0.01500	0.01010	0.00721	0.00647	0.00216	0.01032	0.00516	0.00337	0.01105
5	0.01390	0.00695	0.00995	0.00995	0.01019	0.00695	0.00671	0.01138	0.01114	0.01580	0.01533	0.02481	0.01462	0.02519	0.02772	0.67060	0.00648	0.00695	0.10142	0.00395

[dist]
# distance from previous block
# <min> <max>
13	26

[block]
# block no. 6 follows, 24 sequences, length 15
# corresponding to MSA columns:
# 388-402
name=unknown_G
#
# <colnr> <probs for GDERKNQSTAVLIFYWHMCP>
#	G	D	E	R	K	N	Q	S	T	A	V	L	I	F	Y	W	H	M	C	P
0	0.05192	0.01629	0.02171	0.01892	0.01985	0.02192	0.01557	0.02162	0.09234	0.02152	0.01428	0.02010	0.01302	0.01796	0.09218	0.00430	0.51608	0.00723	0.00419	0.00899
1	0.01909	0.01400	0.01748	0.09818	0.02332	0.01235	0.01153	0.02459	0.08215	0.12065	0.01971	0.04973	0.01575	0.00801	0.00684	0.00178	0.00657	0.00666	0.00575	0.45585
2	0.10598	0.00989	0.00987	0.00958	0.01262	0.00954	0.00741	0.01641	0.08144	0.02520	0.10755	0.06317	0.45092	0.01738	0.00876	0.00268	0.00464	0.04214	0.00722	0.00760
3	0.01451	0.01335	0.02215	0.61636	0.04931	0.01636	0.02022	0.01960	0.01667	0.02169	0.09519	0.02587	0.01854	0.00896	0.00810	0.00262	0.00972	0.00795	0.00417	0.00864
4	0.02715	0.10814	0.02469	0.01684	0.02280	0.02373	0.01413	0.50556	0.03318	0.04428	0.08256	0.02225	0.01918	0.00985	0.00772	0.00231	0.00820	0.00750	0.00745	0.01248
5	0.01653	0.01439	0.01715	0.01257	0.01898	0.01181	0.01012	0.01989	0.01605	0.02523	0.01376	0.01653	0.01162	0.00660	0.00770	0.00138	0.06937	0.00490	0.00459	0.70084
6	0.01153	0.00769	0.00865	0.00865	0.00865	0.00769	0.00480	0.01153	0.01153	0.01538	0.02499	0.05189	0.02883	0.72131	0.04036	0.00769	0.00769	0.01153	0.00480	0.00480
7	0.01133	0.00850	0.01274	0.01274	0.01416	0.00991	0.00991	0.01416	0.01274	0.01841	0.02124	0.03115	0.01982	0.05947	0.68989	0.01274	0.02124	0.00850	0.00425	0.00708
8	0.01644	0.01409	0.01644	0.01175	0.01879	0.01057	0.00940	0.01997	0.01644	0.02584	0.01409	0.01644	0.01175	0.00587	0.00587	0.00117	0.00587	0.00470	0.00470	0.76979
9	0.02120	0.72609	0.04155	0.01357	0.02035	0.03138	0.01357	0.02374	0.01611	0.01866	0.01102	0.01272	0.01018	0.00678	0.00509	0.00170	0.00848	0.00424	0.00339	0.01018
10	0.03558	0.01350	0.01840	0.01411	0.02024	0.01166	0.01166	0.03865	0.02270	0.67734	0.03128	0.02699	0.01963	0.00981	0.00797	0.00245	0.00675	0.00797	0.00981	0.01350
11	0.01278	0.00913	0.01278	0.01460	0.01643	0.00913	0.01278	0.01643	0.01825	0.02373	0.04199	0.08945	0.04564	0.02191	0.01095	0.00365	0.00730	0.61847	0.00730	0.00730
12	0.01644	0.01409	0.01644	0.01175	0.01879	0.01057	0.00940	0.01997	0.01644	0.02584	0.01409	0.01644	0.01175	0.00587	0.00587	0.00117	0.00587	0.00470	0.00470	0.76979
13	0.01863	0.02114	0.04540	0.03264	0.04016	0.02032	0.60424	0.02501	0.01831	0.02501	0.01569	0.02114	0.01193	0.00713	0.01039	0.00272	0.05638	0.00921	0.00398	0.01057
14	0.01963	0.01884	0.03219	0.04867	0.67185	0.01884	0.02434	0.02434	0.01806	0.02591	0.01492	0.01963	0.01256	0.00707	0.00785	0.00236	0.00942	0.00707	0.00393	0.01256

[dist]
# distance from previous block
# <min> <max>
0	1

[block]
# block no. 7 follows, 24 sequences, length 24
# corresponding to MSA columns:
# 404-427
name=unknown_H
#
# <colnr> <probs for GDERKNQSTAVLIFYWHMCP>
#	G	D	E	R	K	N	Q	S	T	A	V	L	I	F	Y	W	H	M	C	P
0	0.02912	0.02068	0.02249	0.01754	0.02354	0.02266	0.01438	0.53865	0.07548	0.09397	0.02169	0.04573	0.01605	0.01018	0.00802	0.00244	0.00827	0.00788	0.00806	0.01317
1	0.02007	0.57998	0.17777	0.01550	0.02333	0.02861	0.01692	0.02404	0.01625	0.02003	0.01171	0.01358	0.01015	0.00694	0.00561	0.00187	0.00917	0.00459	0.00338	0.01051
2	0.01166	0.00820	0.01199	0.01199	0.01308	0.00928	0.00897	0.01339	0.01230	0.01749	0.02068	0.03248	0.02002	0.12663	0.53534	0.10936	0.01794	0.00862	0.00420	0.00637
3	0.31183	0.01499	0.01663	0.01347	0.01871	0.01566	0.01113	0.06777	0.01935	0.35091	0.02143	0.02052	0.01445	0.00918	0.00815	0.00252	0.05815	0.00647	0.00740	0.01130
4	0.01903	0.01823	0.03111	0.13261	0.59258	0.01868	0.02404	0.02381	0.01777	0.02518	0.01481	0.01982	0.01231	0.00718	0.00786	0.00239	0.00957	0.00706	0.00387	0.01208
5	0.01056	0.00754	0.01023	0.01206	0.01292	0.00721	0.00892	0.01259	0.01606	0.02125	0.04321	0.53611	0.05049	0.02400	0.01036	0.00334	0.00538	0.19374	0.00734	0.00669
6	0.01644	0.01409	0.01644	0.01175	0.01879	0.01057	0.00940	0.01997	0.01644	0.02584	0.01409	0.01644	0.01175	0.00587	0.00587	0.00117	0.00587	0.00470	0.00470	0.76979
7	0.01644	0.01409	0.01644	0.01175	0.01879	0.01057	0.00940	0.01997	0.01644	0.02584	0.01409	0.01644	0.01175	0.00587	0.00587	0.00117	0.00587	0.00470	0.00470	0.76979
8	0.02120	0.72609	0.04155	0.01357	0.02035	0.03138	0.01357	0.02374	0.01611	0.01866	0.01102	0.01272	0.01018	0.00678	0.00509	0.00170	0.00848	0.00424	0.00339	0.01018
9	0.01133	0.00850	0.01274	0.01274	0.01416	0.00991	0.00991	0.01416	0.01274	0.01841	0.02124	0.03115	0.01982	0.05947	0.68989	0.01274	0.02124	0.00850	0.00425	0.00708
10	0.01735	0.01735	0.02429	0.02082	0.02082	0.02429	0.01735	0.01908	0.01214	0.01908	0.01041	0.01735	0.01041	0.01388	0.02602	0.00347	0.70680	0.00694	0.00347	0.00867
11	0.02627	0.01557	0.01813	0.01530	0.02046	0.01639	0.01218	0.04070	0.39545	0.29910	0.03187	0.02851	0.02232	0.01037	0.00803	0.00259	0.00647	0.00856	0.00879	0.01294
12	0.01133	0.00850	0.01274	0.01274	0.01416	0.00991	0.00991	0.01416	0.01274	0.01841	0.02124	0.03115	0.01982	0.05947	0.68989	0.01274	0.02124	0.00850	0.00425	0.00708
13	0.00966	0.00690	0.00920	0.01104	0.01150	0.00644	0.00736	0.01104	0.01518	0.02024	0.04371	0.71614	0.05245	0.02484	0.01012	0.00322	0.00460	0.02254	0.00736	0.00644
14	0.01590	0.04102	0.68023	0.02260	0.03432	0.01842	0.02930	0.02511	0.01674	0.02511	0.01423	0.01674	0.01005	0.00753	0.00753	0.00251	0.01172	0.00586	0.00335	0.01172
15	0.02894	0.02363	0.02299	0.01829	0.02415	0.10877	0.01483	0.50117	0.10329	0.04424	0.01962	0.01959	0.01424	0.00948	0.00785	0.00237	0.00917	0.00708	0.00746	0.01284
16	0.01903	0.01823	0.03111	0.13261	0.59258	0.01868	0.02404	0.02381	0.01777	0.02518	0.01481	0.01982	0.01231	0.00718	0.00786	0.00239	0.00957	0.00706	0.00387	0.01208
17	0.30078	0.01203	0.01206	0.01119	0.01453	0.01302	0.00883	0.02167	0.10041	0.03296	0.30521	0.03960	0.04182	0.01249	0.00760	0.00257	0.00516	0.04239	0.00713	0.00854
18	0.07299	0.01523	0.02552	0.49016	0.04628	0.01786	0.09991	0.02228	0.01632	0.06445	0.01506	0.02077	0.01119	0.00812	0.00871	0.00266	0.04186	0.00720	0.00409	0.00933
19	0.12525	0.01517	0.01631	0.01430	0.01810	0.01643	0.01111	0.30700	0.02520	0.03615	0.02775	0.29559	0.02831	0.01532	0.00839	0.00272	0.00673	0.01288	0.00729	0.01001
20	0.10178	0.01729	0.07735	0.01457	0.02058	0.01516	0.01292	0.16676	0.02370	0.33509	0.02439	0.02328	0.01643	0.00923	0.00732	0.00236	0.00718	0.00717	0.10537	0.01207
21	0.11854	0.27737	0.12611	0.05986	0.02407	0.02268	0.01578	0.02692	0.07528	0.10763	0.01621	0.01761	0.01249	0.00832	0.00780	0.00230	0.05976	0.00578	0.00485	0.01065
22	0.05758	0.15087	0.34785	0.01856	0.02716	0.02068	0.02085	0.13686	0.02034	0.05530	0.01699	0.06188	0.01375	0.00897	0.00724	0.00239	0.00968	0.00690	0.00479	0.01135
23	0.11582	0.01589	0.12768	0.01312	0.01802	0.01161	0.01230	0.02304	0.02037	0.17438	0.32969	0.03882	0.04292	0.01216	0.00816	0.00248	0.00609	0.01018	0.00755	0.00969

[dist]
# distance from previous block
# <min> <max>
0	17

[block]
# block no. 8 follows, 24 sequences, length 14
# corresponding to MSA columns:
# 445-458
name=unknown_I
#
# <colnr> <probs for GDERKNQSTAVLIFYWHMCP>
#	G	D	E	R	K	N	Q	S	T	A	V	L	I	F	Y	W	H	M	C	P
0	0.26273	0.01343	0.01439	0.03814	0.01768	0.01385	0.00991	0.08994	0.02037	0.11089	0.22033	0.03042	0.03157	0.01053	0.00721	0.00234	0.00588	0.00833	0.00695	0.08511
1	0.44160	0.01586	0.01459	0.01240	0.01734	0.01761	0.01004	0.12778	0.08880	0.03666	0.08024	0.02059	0.01792	0.00887	0.00626	0.00238	0.00632	0.00630	0.00612	0.06232
2	0.10223	0.02037	0.02173	0.05044	0.02455	0.02286	0.01440	0.46480	0.12464	0.04464	0.01994	0.02007	0.01443	0.00941	0.00765	0.00245	0.00820	0.00712	0.00744	0.01263
3	0.10288	0.01677	0.02247	0.41263	0.04093	0.01982	0.01838	0.21633	0.02231	0.03124	0.01531	0.01958	0.01127	0.00836	0.00760	0.00254	0.00951	0.00678	0.00506	0.01025
4	0.27072	0.20664	0.14220	0.08312	0.02491	0.04605	0.01560	0.04505	0.01665	0.06565	0.01342	0.01545	0.01034	0.00754	0.00609	0.00227	0.00862	0.00518	0.00445	0.01006
5	0.01234	0.07979	0.01507	0.01229	0.01405	0.01176	0.00961	0.01477	0.01292	0.01803	0.02072	0.03204	0.02005	0.14113	0.53646	0.01098	0.01819	0.00847	0.00424	0.00709
6	0.01133	0.00850	0.01274	0.01274	0.01416	0.00991	0.00991	0.01416	0.01274	0.01841	0.02124	0.03115	0.01982	0.05947	0.68989	0.01274	0.02124	0.00850	0.00425	0.00708
7	0.01559	0.01505	0.02620	0.55788	0.04995	0.01736	0.10253	0.02091	0.01628	0.02139	0.01435	0.02079	0.01086	0.00760	0.00795	0.00253	0.01055	0.00716	0.00368	0.07139
8	0.03119	0.01383	0.01793	0.01403	0.01955	0.01272	0.01147	0.11474	0.02457	0.49748	0.12577	0.03082	0.02716	0.01074	0.00818	0.00245	0.00655	0.00883	0.00940	0.01259
9	0.03014	0.02221	0.02380	0.01825	0.02459	0.02459	0.01507	0.64541	0.03728	0.04998	0.01904	0.01904	0.01349	0.00952	0.00793	0.00238	0.00873	0.00714	0.00793	0.01349
10	0.01409	0.00979	0.01176	0.01120	0.01333	0.00975	0.00834	0.10947	0.02178	0.03084	0.30106	0.24339	0.05179	0.01684	0.00887	0.00261	0.00474	0.01476	0.10755	0.00807
11	0.77733	0.01534	0.01166	0.01043	0.01534	0.01779	0.00859	0.02331	0.01350	0.03558	0.01104	0.01288	0.00859	0.00736	0.00491	0.00245	0.00613	0.00429	0.00491	0.00859
12	0.56639	0.01728	0.01508	0.01264	0.01795	0.01971	0.01042	0.19894	0.02021	0.03964	0.01330	0.01462	0.00997	0.00797	0.00576	0.00243	0.00687	0.00510	0.00576	0.00997
13	0.03014	0.02221	0.02380	0.01825	0.02459	0.02459	0.01507	0.64541	0.03728	0.04998	0.01904	0.01904	0.01349	0.00952	0.00793	0.00238	0.00873	0.00714	0.00793	0.01349

[dist]
# distance from previous block
# <min> <max>
4	10

[block]
# block no. 9 follows, 24 sequences, length 14
# corresponding to MSA columns:
# 470-483
name=unknown_J
#
# <colnr> <probs for GDERKNQSTAVLIFYWHMCP>
#	G	D	E	R	K	N	Q	S	T	A	V	L	I	F	Y	W	H	M	C	P
0	0.01129	0.00892	0.01368	0.01285	0.01472	0.00830	0.07247	0.01427	0.01880	0.02595	0.32075	0.35039	0.05835	0.01911	0.00970	0.00284	0.00511	0.01751	0.00763	0.00734
1	0.77733	0.01534	0.01166	0.01043	0.01534	0.01779	0.00859	0.02331	0.01350	0.03558	0.01104	0.01288	0.00859	0.00736	0.00491	0.00245	0.00613	0.00429	0.00491	0.00859
2	0.01972	0.01703	0.01793	0.01614	0.02062	0.01972	0.01255	0.04214	0.65752	0.03317	0.03228	0.02959	0.02421	0.01076	0.00807	0.00269	0.00628	0.00897	0.00807	0.01255
3	0.01644	0.01409	0.01644	0.01175	0.01879	0.01057	0.00940	0.01997	0.01644	0.02584	0.01409	0.01644	0.01175	0.00587	0.00587	0.00117	0.00587	0.00470	0.00470	0.76979
4	0.03014	0.02221	0.02380	0.01825	0.02459	0.02459	0.01507	0.64541	0.03728	0.04998	0.01904	0.01904	0.01349	0.00952	0.00793	0.00238	0.00873	0.00714	0.00793	0.01349
5	0.01498	0.01409	0.02378	0.70226	0.05462	0.01762	0.02202	0.02026	0.01586	0.02026	0.01409	0.02114	0.01057	0.00793	0.00793	0.00264	0.01057	0.00705	0.00352	0.00881
6	0.02691	0.01302	0.01645	0.01357	0.01831	0.01225	0.01083	0.09380	0.06933	0.38820	0.08304	0.12332	0.06926	0.01299	0.00846	0.00258	0.00623	0.01093	0.00893	0.01160
7	0.03014	0.02221	0.02380	0.01825	0.02459	0.02459	0.01507	0.64541	0.03728	0.04998	0.01904	0.01904	0.01349	0.00952	0.00793	0.00238	0.00873	0.00714	0.00793	0.01349
8	0.00961	0.00709	0.00901	0.01054	0.01137	0.00648	0.00714	0.01110	0.01566	0.02044	0.04979	0.60986	0.15480	0.02405	0.01000	0.00313	0.00450	0.02158	0.00736	0.00648
9	0.01703	0.01692	0.02422	0.11116	0.02530	0.02340	0.01797	0.01924	0.01264	0.01924	0.01090	0.01785	0.01043	0.01309	0.02362	0.00336	0.61450	0.00695	0.00348	0.00869
10	0.03014	0.02221	0.02380	0.01825	0.02459	0.02459	0.01507	0.64541	0.03728	0.04998	0.01904	0.01904	0.01349	0.00952	0.00793	0.00238	0.00873	0.00714	0.00793	0.01349
11	0.01701	0.18369	0.54722	0.02072	0.03141	0.02112	0.02602	0.02483	0.01661	0.02377	0.01356	0.01590	0.01007	0.00738	0.00702	0.00234	0.01104	0.00552	0.00336	0.01140
12	0.01815	0.02011	0.04145	0.10019	0.04006	0.02037	0.49655	0.02404	0.01755	0.02404	0.01510	0.02083	0.01167	0.00777	0.01142	0.00278	0.10501	0.00880	0.00389	0.01023
13	0.01123	0.00929	0.01008	0.01023	0.01286	0.00873	0.00791	0.01612	0.10266	0.02321	0.06596	0.12034	0.45159	0.01946	0.00947	0.00285	0.00481	0.09822	0.00745	0.00753

[dist]
# distance from previous block
# <min> <max>
9	23

[block]
# block no. 10 follows, 24 sequences, length 42
# corresponding to MSA columns:
# 507-548
name=unknown_K
#
# <colnr> <probs for GDERKNQSTAVLIFYWHMCP>
#	G	D	E	R	K	N	Q	S	T	A	V	L	I	F	Y	W	H	M	C	P
0	0.12253	0.54639	0.11568	0.01425	0.02139	0.02796	0.01482	0.02385	0.01584	0.02173	0.01142	0.01323	0.00995	0.00695	0.00536	0.00190	0.00856	0.00445	0.00359	0.01015
1	0.01744	0.23916	0.49550	0.01999	0.03028	0.02216	0.02475	0.02472	0.01656	0.02325	0.01330	0.01558	0.01008	0.00732	0.00683	0.00228	0.01078	0.00539	0.00336	0.01127
2	0.01118	0.00826	0.01199	0.01218	0.01336	0.00935	0.00916	0.01359	0.01287	0.01830	0.02386	0.10211	0.02398	0.11981	0.55882	0.01130	0.01826	0.01020	0.00462	0.00680
3	0.01767	0.24838	0.41865	0.01966	0.02869	0.02298	0.02328	0.02409	0.01609	0.02253	0.01286	0.01557	0.01012	0.00794	0.00865	0.00236	0.08071	0.00547	0.00337	0.01094
4	0.01918	0.01838	0.03138	0.11170	0.61233	0.01872	0.02411	0.02394	0.01784	0.02536	0.01484	0.01977	0.01237	0.00715	0.00786	0.00238	0.00953	0.00706	0.00389	0.01220
5	0.01498	0.01409	0.02378	0.70226	0.05462	0.01762	0.02202	0.02026	0.01586	0.02026	0.01409	0.02114	0.01057	0.00793	0.00793	0.00264	0.01057	0.00705	0.00352	0.00881
6	0.01644	0.01409	0.01644	0.01175	0.01879	0.01057	0.00940	0.01997	0.01644	0.02584	0.01409	0.01644	0.01175	0.00587	0.00587	0.00117	0.00587	0.00470	0.00470	0.76979
7	0.01963	0.01884	0.03219	0.04867	0.67185	0.01884	0.02434	0.02434	0.01806	0.02591	0.01492	0.01963	0.01256	0.00707	0.00785	0.00236	0.00942	0.00707	0.00393	0.01256
8	0.03014	0.02221	0.02380	0.01825	0.02459	0.02459	0.01507	0.64541	0.03728	0.04998	0.01904	0.01904	0.01349	0.00952	0.00793	0.00238	0.00873	0.00714	0.00793	0.01349
9	0.03014	0.02221	0.02380	0.01825	0.02459	0.02459	0.01507	0.64541	0.03728	0.04998	0.01904	0.01904	0.01349	0.00952	0.00793	0.00238	0.00873	0.00714	0.00793	0.01349
10	0.01133	0.00850	0.01274	0.01274	0.01416	0.00991	0.00991	0.01416	0.01274	0.01841	0.02124	0.03115	0.01982	0.05947	0.68989	0.01274	0.02124	0.00850	0.00425	0.00708
11	0.08808	0.00882	0.01033	0.00974	0.01203	0.00840	0.00738	0.01528	0.02090	0.03066	0.51529	0.05708	0.15538	0.01589	0.00891	0.00252	0.00402	0.01368	0.00814	0.00748
12	0.05845	0.01702	0.01851	0.04208	0.02188	0.01917	0.01292	0.16079	0.38755	0.07948	0.02790	0.02816	0.02102	0.01049	0.00788	0.00260	0.00690	0.02861	0.03649	0.01210
13	0.01846	0.02064	0.04264	0.03110	0.03764	0.02084	0.52752	0.02423	0.01750	0.02423	0.01500	0.02064	0.01173	0.00801	0.01244	0.00282	0.14140	0.00891	0.00391	0.01032
14	0.13114	0.01591	0.01605	0.01451	0.01888	0.01818	0.01133	0.03638	0.50030	0.03240	0.03376	0.03161	0.08403	0.01115	0.00773	0.00265	0.00604	0.00902	0.00753	0.01140
15	0.03014	0.02221	0.02380	0.01825	0.02459	0.02459	0.01507	0.64541	0.03728	0.04998	0.01904	0.01904	0.01349	0.00952	0.00793	0.00238	0.00873	0.00714	0.00793	0.01349
16	0.01644	0.01409	0.01644	0.01175	0.01879	0.01057	0.00940	0.01997	0.01644	0.02584	0.01409	0.01644	0.01175	0.00587	0.00587	0.00117	0.00587	0.00470	0.00470	0.76979
17	0.01925	0.01916	0.03212	0.02587	0.06376	0.01983	0.30720	0.03342	0.32678	0.02917	0.02381	0.02525	0.01793	0.00867	0.00866	0.00267	0.00975	0.00905	0.00596	0.01169
18	0.01644	0.01409	0.01644	0.01175	0.01879	0.01057	0.00940	0.01997	0.01644	0.02584	0.01409	0.01644	0.01175	0.00587	0.00587	0.00117	0.00587	0.00470	0.00470	0.76979
19	0.03558	0.01350	0.01840	0.01411	0.02024	0.01166	0.01166	0.03865	0.02270	0.67734	0.03128	0.02699	0.01963	0.00981	0.00797	0.00245	0.00675	0.00797	0.00981	0.01350
20	0.00940	0.00792	0.00815	0.00834	0.01079	0.00667	0.00616	0.01135	0.01778	0.02130	0.07664	0.14073	0.60660	0.02056	0.00945	0.00273	0.00408	0.01732	0.00736	0.00667
21	0.01498	0.01409	0.02378	0.70226	0.05462	0.01762	0.02202	0.02026	0.01586	0.02026	0.01409	0.02114	0.01057	0.00793	0.00793	0.00264	0.01057	0.00705	0.00352	0.00881
22	0.01872	0.02139	0.04679	0.03342	0.04144	0.02005	0.64305	0.02540	0.01872	0.02540	0.01604	0.02139	0.01203	0.00668	0.00936	0.00267	0.01337	0.00936	0.00401	0.01070
23	0.01498	0.01409	0.02378	0.70226	0.05462	0.01762	0.02202	0.02026	0.01586	0.02026	0.01409	0.02114	0.01057	0.00793	0.00793	0.00264	0.01057	0.00705	0.00352	0.00881
24	0.03014	0.02221	0.02380	0.01825	0.02459	0.02459	0.01507	0.64541	0.03728	0.04998	0.01904	0.01904	0.01349	0.00952	0.00793	0.00238	0.00873	0.00714	0.00793	0.01349
25	0.01498	0.01409	0.02378	0.70226	0.05462	0.01762	0.02202	0.02026	0.01586	0.02026	0.01409	0.02114	0.01057	0.00793	0.00793	0.00264	0.01057	0.00705	0.00352	0.00881
26	0.03014	0.02221	0.02380	0.01825	0.02459	0.02459	0.01507	0.64541	0.03728	0.04998	0.01904	0.01904	0.01349	0.00952	0.00793	0.00238	0.00873	0.00714	0.00793	0.01349
27	0.77733	0.01534	0.01166	0.01043	0.01534	0.01779	0.00859	0.02331	0.01350	0.03558	0.01104	0.01288	0.00859	0.00736	0.00491	0.00245	0.00613	0.00429	0.00491	0.00859
28	0.03014	0.02221	0.02380	0.01825	0.02459	0.02459	0.01507	0.64541	0.03728	0.04998	0.01904	0.01904	0.01349	0.00952	0.00793	0.00238	0.00873	0.00714	0.00793	0.01349
29	0.73843	0.01552	0.01271	0.01239	0.04904	0.01784	0.00940	0.02336	0.01373	0.03508	0.01124	0.01323	0.00879	0.00735	0.00506	0.00245	0.00630	0.00444	0.00486	0.00879
30	0.00966	0.00690	0.00920	0.01104	0.01150	0.00644	0.00736	0.01104	0.01518	0.02024	0.04371	0.71614	0.05245	0.02484	0.01012	0.00322	0.00460	0.02254	0.00736	0.00644
31	0.01872	0.02139	0.04679	0.03342	0.04144	0.02005	0.64305	0.02540	0.01872	0.02540	0.01604	0.02139	0.01203	0.00668	0.00936	0.00267	0.01337	0.00936	0.00401	0.01070
32	0.01664	0.13548	0.59217	0.02136	0.03240	0.02020	0.02713	0.02492	0.01666	0.02422	0.01379	0.01619	0.01006	0.00743	0.00720	0.00240	0.01127	0.00564	0.00335	0.01151
33	0.01689	0.01553	0.02243	0.01602	0.02326	0.01244	0.13446	0.02104	0.01689	0.02575	0.01448	0.01742	0.01180	0.00603	0.00656	0.00147	0.00735	0.00562	0.00456	0.61997
34	0.02866	0.02914	0.02268	0.01926	0.02406	0.35167	0.01518	0.29220	0.02822	0.03262	0.01638	0.01971	0.01316	0.00956	0.00835	0.00231	0.03731	0.03278	0.00584	0.01092
35	0.08756	0.01037	0.01202	0.01123	0.01392	0.01015	0.00845	0.07899	0.02050	0.05273	0.27293	0.22802	0.09373	0.01660	0.00878	0.00263	0.00494	0.01437	0.00766	0.04443
36	0.01782	0.01491	0.01718	0.01240	0.01938	0.01198	0.00997	0.08293	0.01854	0.02827	0.01459	0.01670	0.01192	0.00624	0.00608	0.00130	0.00616	0.00494	0.00502	0.69365
37	0.01372	0.01042	0.01421	0.01320	0.01566	0.01145	0.01038	0.07827	0.01557	0.02230	0.02033	0.02851	0.01841	0.04928	0.55527	0.01059	0.01850	0.00799	0.00466	0.08128
38	0.36383	0.01469	0.01597	0.01312	0.01812	0.01560	0.01084	0.02994	0.01759	0.32834	0.02027	0.01978	0.01383	0.00912	0.00835	0.00255	0.07398	0.00624	0.00702	0.01085
39	0.02753	0.01375	0.01678	0.01337	0.01858	0.01290	0.01087	0.15105	0.02450	0.37749	0.06559	0.03802	0.16940	0.01237	0.00834	0.00249	0.00639	0.01007	0.00884	0.01169
40	0.06046	0.02034	0.02175	0.01702	0.02279	0.02244	0.01395	0.53248	0.06052	0.04690	0.08179	0.02308	0.01963	0.01012	0.00794	0.00241	0.00803	0.00779	0.00788	0.01265
41	0.50555	0.01550	0.01464	0.01217	0.01755	0.01679	0.01004	0.08743	0.01827	0.20976	0.01726	0.01727	0.01203	0.00823	0.00602	0.00245	0.00655	0.00556	0.00652	0.01038

[dist]
# distance from previous block
# <min> <max>
2	10

[block]
# block no. 11 follows, 24 sequences, length 21
# corresponding to MSA columns:
# 559-579
name=unknown_L
#
# <colnr> <probs for GDERKNQSTAVLIFYWHMCP>
#	G	D	E	R	K	N	Q	S	T	A	V	L	I	F	Y	W	H	M	C	P
0	0.02380	0.01507	0.01796	0.01352	0.02001	0.01321	0.01095	0.09731	0.07337	0.21801	0.02113	0.02087	0.01525	0.00783	0.00689	0.00181	0.00648	0.00627	0.00682	0.40345
1	0.02108	0.01456	0.01923	0.01453	0.02086	0.01244	0.06234	0.02678	0.08986	0.17580	0.02158	0.05244	0.01682	0.00825	0.00708	0.00185	0.00668	0.00712	0.00631	0.41438
