[name]
unknown

[dist]
# distance from previous block
# <min> <max>
0	10

[block]
# block no. 0 follows, 24 sequences, length 20
# corresponding to MSA columns:
# 10-29
name=unknown_A
#
# <colnr> <probs for GDERKNQSTAVLIFYWHMCP>
#	G	D	E	R	K	N	Q	S	T	A	V	L	I	F	Y	W	H	M	C	P
0	0.01278	0.00913	0.01278	0.01460	0.01643	0.00913	0.01278	0.01643	0.01825	0.02373	0.04199	0.08945	0.04564	0.02191	0.01095	0.00365	0.00730	0.61847	0.00730	0.00730
1	0.01153	0.00769	0.00865	0.00865	0.00865	0.00769	0.00480	0.01153	0.01153	0.01538	0.02499	0.05189	0.02883	0.72131	0.04036	0.00769	0.00769	0.01153	0.00480	0.00480
2	0.01478	0.00739	0.00739	0.00739	0.00924	0.00739	0.00554	0.01848	0.01663	0.02956	0.02587	0.02956	0.02033	0.00924	0.00554	0.00185	0.00370	0.00739	0.76534	0.00739
3	0.02974	0.01480	0.01823	0.01486	0.02038	0.01462	0.01198	0.03993	0.25631	0.44029	0.03165	0.02795	0.02131	0.01016	0.00801	0.00254	0.00657	0.00834	0.00917	0.01315
4	0.01920	0.01840	0.03141	0.10903	0.61484	0.01873	0.02412	0.02396	0.01785	0.02539	0.01484	0.01977	0.01238	0.00715	0.00786	0.00238	0.00953	0.00706	0.00389	0.01221
5	0.00966	0.00690	0.00920	0.01104	0.01150	0.00644	0.00736	0.01104	0.01518	0.02024	0.04371	0.71614	0.05245	0.02484	0.01012	0.00322	0.00460	0.02254	0.00736	0.00644
6	0.01963	0.01884	0.03219	0.04867	0.67185	0.01884	0.02434	0.02434	0.01806	0.02591	0.01492	0.01963	0.01256	0.00707	0.00785	0.00236	0.00942	0.00707	0.00393	0.01256
7	0.01746	0.24200	0.49286	0.01995	0.03022	0.02222	0.02468	0.02471	0.01656	0.02322	0.01329	0.01556	0.01008	0.00731	0.00682	0.00227	0.01077	0.00538	0.00336	0.01127
8	0.00966	0.00690	0.00920	0.01104	0.01150	0.00644	0.00736	0.01104	0.01518	0.02024	0.04371	0.71614	0.05245	0.02484	0.01012	0.00322	0.00460	0.02254	0.00736	0.00644
9	0.01956	0.01903	0.03327	0.04754	0.62495	0.01893	0.07036	0.02442	0.01811	0.02587	0.01500	0.01976	0.01252	0.00704	0.00796	0.00238	0.00971	0.00724	0.00393	0.01242
10	0.00940	0.00794	0.00813	0.00829	0.01078	0.00667	0.00614	0.01135	0.01783	0.02132	0.07719	0.13112	0.61585	0.02049	0.00944	0.00272	0.00407	0.01723	0.00736	0.00667
11	0.02976	0.02104	0.02285	0.01772	0.02389	0.02308	0.01457	0.54383	0.08690	0.10246	0.02118	0.02059	0.01489	0.00965	0.00795	0.00241	0.00836	0.00736	0.00811	0.01341
12	0.77733	0.01534	0.01166	0.01043	0.01534	0.01779	0.00859	0.02331	0.01350	0.03558	0.01104	0.01288	0.00859	0.00736	0.00491	0.00245	0.00613	0.00429	0.00491	0.00859
13	0.01652	0.12084	0.60581	0.02155	0.03269	0.01993	0.02747	0.02495	0.01667	0.02436	0.01386	0.01627	0.01006	0.00745	0.00725	0.00242	0.01134	0.00567	0.00335	0.01154
14	0.01478	0.00739	0.00739	0.00739	0.00924	0.00739	0.00554	0.01848	0.01663	0.02956	0.02587	0.02956	0.02033	0.00924	0.00554	0.00185	0.00370	0.00739	0.76534	0.00739
15	0.01671	0.01434	0.01657	0.01211	0.01894	0.01132	0.00966	0.02179	0.06903	0.02644	0.01559	0.01752	0.01277	0.00627	0.00605	0.00130	0.00591	0.00505	0.00497	0.70768
16	0.01153	0.00769	0.00865	0.00865	0.00865	0.00769	0.00480	0.01153	0.01153	0.01538	0.02499	0.05189	0.02883	0.72131	0.04036	0.00769	0.00769	0.01153	0.00480	0.00480
17	0.02993	0.02149	0.02322	0.01792	0.02416	0.02366	0.01477	0.58349	0.06653	0.08298	0.02034	0.01998	0.01434	0.00960	0.00794	0.00240	0.00850	0.00727	0.00804	0.01344
18	0.19220	0.01614	0.01860	0.01861	0.10167	0.01734	0.01337	0.22861	0.02416	0.06103	0.10006	0.03391	0.02500	0.01148	0.00789	0.00261	0.00732	0.10261	0.00681	0.01057
19	0.07779	0.01619	0.01741	0.01448	0.01903	0.01734	0.01153	0.31794	0.07947	0.03834	0.10588	0.11216	0.08386	0.01288	0.00820	0.00250	0.00671	0.01053	0.00757	0.04019

[dist]
# distance from previous block
# <min> <max>
0	3

[block]
# block no. 1 follows, 24 sequences, length 12
# corresponding to MSA columns:
# 33-44
name=unknown_B
#
# <colnr> <probs for GDERKNQSTAVLIFYWHMCP>
#	G	D	E	R	K	N	Q	S	T	A	V	L	I	F	Y	W	H	M	C	P
0	0.09681	0.01312	0.01893	0.01693	0.06558	0.01252	0.08281	0.04856	0.02096	0.21184	0.22749	0.06862	0.05781	0.01207	0.00840	0.00253	0.00657	0.01065	0.00763	0.01017
1	0.07914	0.01912	0.02957	0.21091	0.23285	0.06656	0.14328	0.04987	0.01831	0.02562	0.01457	0.01931	0.01145	0.00738	0.00781	0.00243	0.01043	0.00707	0.00412	0.04018
2	0.05722	0.02888	0.02441	0.02070	0.02497	0.38181	0.08650	0.08426	0.06685	0.02484	0.03556	0.01834	0.01374	0.00917	0.00962	0.00238	0.08957	0.00652	0.00482	0.00985
3	0.02281	0.12026	0.23547	0.02090	0.02840	0.21359	0.09074	0.02918	0.06258	0.07927	0.01615	0.01781	0.01212	0.00794	0.00740	0.00230	0.01145	0.00623	0.00452	0.01089
4	0.04479	0.03479	0.48779	0.02562	0.06062	0.01878	0.16586	0.02508	0.01712	0.02560	0.01455	0.01776	0.01054	0.00732	0.00786	0.00254	0.01179	0.00663	0.00358	0.01141
5	0.01636	0.01320	0.02041	0.11146	0.02546	0.01200	0.11065	0.01999	0.01691	0.07942	0.02409	0.21280	0.02359	0.01189	0.00807	0.00229	0.00743	0.01099	0.00560	0.26739
6	0.37777	0.02137	0.15081	0.06358	0.02579	0.01814	0.08679	0.06717	0.01724	0.08299	0.01460	0.01672	0.01061	0.00770	0.00659	0.00250	0.00860	0.00586	0.00499	0.01019
7	0.02021	0.45719	0.13916	0.01807	0.02516	0.05802	0.08827	0.02418	0.01652	0.02049	0.01211	0.01474	0.01039	0.00746	0.00753	0.00208	0.05930	0.00531	0.00349	0.01032
8	0.01483	0.06023	0.01595	0.07392	0.09055	0.01254	0.01008	0.05995	0.01540	0.02099	0.02292	0.08689	0.02415	0.37992	0.02457	0.00514	0.00777	0.01033	0.05656	0.00732
9	0.16735	0.03433	0.50113	0.02205	0.07615	0.01832	0.02483	0.02470	0.01619	0.02725	0.01365	0.01618	0.00994	0.00747	0.00704	0.00249	0.01045	0.00564	0.00370	0.01116
10	0.08764	0.12395	0.37976	0.02158	0.03100	0.01989	0.13015	0.02576	0.01712	0.07044	0.01501	0.01737	0.01094	0.00743	0.00732	0.00242	0.01072	0.00625	0.00406	0.01118
11	0.11449	0.01349	0.01883	0.28960	0.10526	0.01533	0.01563	0.06899	0.01751	0.02654	0.01999	0.11831	0.01801	0.01044	0.00750	0.00253	0.00792	0.00892	0.11166	0.00905

[dist]
# distance from previous block
# <min> <max>
1	7

[block]
# block no. 2 follows, 24 sequences, length 21
# corresponding to MSA columns:
# 52-72
name=unknown_C
#
# <colnr> <probs for GDERKNQSTAVLIFYWHMCP>
#	G	D	E	R	K	N	Q	S	T	A	V	L	I	F	Y	W	H	M	C	P
0	0.08702	0.28770	0.10300	0.08981	0.02487	0.06591	0.01527	0.07960	0.01893	0.05891	0.04855	0.01884	0.01476	0.00816	0.00645	0.00213	0.00869	0.00594	0.04529	0.01018
1	0.17197	0.07503	0.01673	0.01296	0.01662	0.01532	0.01036	0.08999	0.05342	0.11438	0.10874	0.18940	0.03064	0.01368	0.00872	0.00263	0.04193	0.01110	0.00692	0.00946
2	0.01597	0.01651	0.13539	0.01551	0.01979	0.01238	0.04468	0.05750	0.08818	0.08262	0.07381	0.32242	0.03584	0.01643	0.00904	0.00285	0.00694	0.02788	0.00688	0.00939
3	0.15269	0.01935	0.07719	0.01352	0.02027	0.08663	0.01179	0.02283	0.01678	0.04501	0.01385	0.01590	0.01109	0.00665	0.00605	0.00165	0.00740	0.00487	0.00469	0.46179
4	0.01441	0.01748	0.14601	0.01502	0.02017	0.01270	0.06908	0.07600	0.05354	0.02845	0.20813	0.04757	0.23132	0.01396	0.00881	0.00257	0.00684	0.01203	0.00672	0.00917
5	0.02356	0.01775	0.02026	0.07869	0.02404	0.01912	0.01351	0.40178	0.02953	0.04001	0.09046	0.06206	0.02250	0.04175	0.00944	0.00259	0.00783	0.00871	0.00716	0.07926
6	0.08929	0.01918	0.07029	0.07485	0.31368	0.01783	0.01912	0.10592	0.02017	0.08923	0.01642	0.01918	0.01258	0.00762	0.00738	0.00228	0.00864	0.00657	0.00509	0.09469
7	0.01848	0.31108	0.17075	0.01682	0.02386	0.02218	0.07345	0.07765	0.01914	0.02490	0.07767	0.02593	0.08805	0.00945	0.00710	0.00220	0.00874	0.00756	0.00474	0.01024
8	0.01535	0.01006	0.01270	0.01158	0.01418	0.00970	0.00894	0.08550	0.02320	0.08855	0.45167	0.11386	0.05975	0.01601	0.00923	0.00260	0.00481	0.04521	0.00854	0.00856
9	0.01825	0.01943	0.08473	0.05899	0.09641	0.02085	0.08611	0.07809	0.01671	0.02450	0.01453	0.03292	0.01262	0.01206	0.03119	0.00315	0.32832	0.00751	0.04374	0.00989
10	0.48679	0.09605	0.07847	0.04837	0.02086	0.02022	0.01258	0.10595	0.01736	0.03390	0.01255	0.01446	0.00965	0.00763	0.00572	0.00238	0.00747	0.00495	0.00493	0.00971
11	0.05262	0.02134	0.09565	0.08387	0.16388	0.09620	0.01819	0.08386	0.05297	0.02742	0.08759	0.02653	0.02055	0.01032	0.01013	0.00260	0.09271	0.03808	0.00513	0.01038
12	0.01542	0.01497	0.07596	0.07693	0.08185	0.01386	0.01396	0.02162	0.10071	0.06056	0.17112	0.06459	0.15185	0.01359	0.01053	0.00269	0.08282	0.01116	0.00644	0.00937
13	0.31359	0.01746	0.04528	0.03075	0.02042	0.01730	0.01179	0.14687	0.06170	0.09436	0.01665	0.01753	0.01230	0.00796	0.00636	0.00221	0.00701	0.00571	0.00601	0.15874
14	0.02020	0.05411	0.27505	0.05514	0.02798	0.12320	0.03250	0.05189	0.01837	0.08057	0.01774	0.08011	0.01500	0.01010	0.00971	0.00255	0.08645	0.00764	0.00465	0.02703
15	0.04409	0.11816	0.03296	0.01413	0.01811	0.06761	0.01199	0.10361	0.02102	0.08274	0.12213	0.04119	0.13675	0.01342	0.00971	0.00257	0.06809	0.07583	0.00651	0.00938
16	0.01672	0.01369	0.07364	0.01448	0.01808	0.01157	0.04431	0.02018	0.01857	0.13471	0.20375	0.18758	0.05442	0.01498	0.01073	0.00269	0.08245	0.01273	0.00703	0.05768
17	0.01795	0.01545	0.01951	0.01533	0.05322	0.01274	0.04450	0.07639	0.01851	0.02798	0.01468	0.01710	0.01196	0.00630	0.00634	0.00142	0.00671	0.00528	0.00491	0.62372
18	0.01836	0.01669	0.03001	0.33769	0.08437	0.01865	0.18493	0.02334	0.01689	0.07910	0.01570	0.02115	0.01186	0.00845	0.01056	0.00272	0.09764	0.00773	0.00422	0.00995
19	0.01667	0.01726	0.03357	0.40449	0.06927	0.01866	0.27882	0.02252	0.01711	0.02257	0.01493	0.02120	0.01124	0.00739	0.00852	0.00265	0.01169	0.00800	0.00374	0.00971
20	0.01919	0.01840	0.03140	0.11000	0.61393	0.01873	0.02412	0.02395	0.01785	0.02538	0.01484	0.01977	0.01237	0.00715	0.00786	0.00238	0.00953	0.00706	0.00389	0.01221

[dist]
# distance from previous block
# <min> <max>
0	1

[block]
# block no. 3 follows, 24 sequences, length 39
# corresponding to MSA columns:
# 74-112
name=unknown_D
#
# <colnr> <probs for GDERKNQSTAVLIFYWHMCP>
#	G	D	E	R	K	N	Q	S	T	A	V	L	I	F	Y	W	H	M	C	P
0	0.03012	0.02091	0.02274	0.01750	0.02367	0.02282	0.01443	0.56846	0.03524	0.10673	0.02039	0.02013	0.01428	0.00954	0.00786	0.00237	0.00837	0.00722	0.03393	0.01328
1	0.01578	0.01492	0.02524	0.58883	0.16173	0.01783	0.02242	0.02097	0.01624	0.02124	0.01424	0.02088	0.01092	0.00778	0.00791	0.00259	0.01037	0.00705	0.00359	0.00946
2	0.10795	0.01785	0.01935	0.01546	0.02113	0.04768	0.01259	0.23474	0.09766	0.28380	0.04433	0.02366	0.01829	0.00970	0.00766	0.00244	0.00752	0.00750	0.00820	0.01250
3	0.01910	0.01831	0.03125	0.12194	0.60265	0.01870	0.02408	0.02388	0.01781	0.02527	0.01482	0.01980	0.01234	0.00716	0.00786	0.00239	0.00955	0.00706	0.00388	0.01214
4	0.01122	0.00811	0.01060	0.00998	0.01185	0.00748	0.00748	0.01496	0.02245	0.03180	0.66766	0.05923	0.07482	0.01621	0.00935	0.00249	0.00374	0.01434	0.00873	0.00748
5	0.02962	0.03779	0.02247	0.02043	0.02451	0.68948	0.01532	0.03166	0.02247	0.01941	0.01226	0.01430	0.01021	0.00817	0.00715	0.00204	0.01430	0.00511	0.00409	0.00919
6	0.00966	0.00690	0.00920	0.01104	0.01150	0.00644	0.00736	0.01104	0.01518	0.02024	0.04371	0.71614	0.05245	0.02484	0.01012	0.00322	0.00460	0.02254	0.00736	0.00644
7	0.01741	0.01753	0.02532	0.02140	0.02177	0.02409	0.04609	0.01937	0.01245	0.01937	0.01067	0.01753	0.01048	0.01355	0.02526	0.00343	0.67495	0.00705	0.00349	0.00877
8	0.02338	0.01885	0.01999	0.01688	0.02201	0.02143	0.01343	0.25357	0.44014	0.03906	0.02764	0.02589	0.02045	0.01032	0.00802	0.00258	0.00713	0.00833	0.00802	0.01288
9	0.00966	0.00690	0.00920	0.01104	0.01150	0.00644	0.00736	0.01104	0.01518	0.02024	0.04371	0.71614	0.05245	0.02484	0.01012	0.00322	0.00460	0.02254	0.00736	0.00644
10	0.77733	0.01534	0.01166	0.01043	0.01534	0.01779	0.00859	0.02331	0.01350	0.03558	0.01104	0.01288	0.00859	0.00736	0.00491	0.00245	0.00613	0.00429	0.00491	0.00859
11	0.04544	0.14965	0.52305	0.02119	0.03168	0.02056	0.05417	0.02484	0.01661	0.02448	0.01368	0.01616	0.01010	0.00737	0.00712	0.00239	0.01106	0.00570	0.00344	0.01131
12	0.03014	0.02221	0.02380	0.01825	0.02459	0.02459	0.01507	0.64541	0.03728	0.04998	0.01904	0.01904	0.01349	0.00952	0.00793	0.00238	0.00873	0.00714	0.00793	0.01349
13	0.00989	0.00805	0.00876	0.00858	0.01103	0.00692	0.00643	0.01239	0.01930	0.02434	0.24555	0.07151	0.50159	0.01899	0.00937	0.00263	0.00394	0.01606	0.00775	0.00692
14	0.01498	0.01409	0.02378	0.70226	0.05462	0.01762	0.02202	0.02026	0.01586	0.02026	0.01409	0.02114	0.01057	0.00793	0.00793	0.00264	0.01057	0.00705	0.00352	0.00881
15	0.01963	0.01884	0.03219	0.04867	0.67185	0.01884	0.02434	0.02434	0.01806	0.02591	0.01492	0.01963	0.01256	0.00707	0.00785	0.00236	0.00942	0.00707	0.00393	0.01256
16	0.00966	0.00690	0.00920	0.01104	0.01150	0.00644	0.00736	0.01104	0.01518	0.02024	0.04371	0.71614	0.05245	0.02484	0.01012	0.00322	0.00460	0.02254	0.00736	0.00644
17	0.02596	0.01139	0.01521	0.01239	0.01690	0.00998	0.00994	0.02920	0.02235	0.42465	0.24673	0.04054	0.07463	0.01253	0.00851	0.00248	0.00559	0.01060	0.00931	0.01110
18	0.01444	0.00742	0.00753	0.00753	0.00918	0.00742	0.00546	0.01774	0.01609	0.02805	0.02577	0.03195	0.02123	0.08522	0.00926	0.00247	0.00412	0.00783	0.68419	0.00712
19	0.01644	0.01409	0.01644	0.01175	0.01879	0.01057	0.00940	0.01997	0.01644	0.02584	0.01409	0.01644	0.01175	0.00587	0.00587	0.00117	0.00587	0.00470	0.00470	0.76979
20	0.04742	0.03912	0.62568	0.02256	0.03384	0.01846	0.05458	0.02505	0.01669	0.02556	0.01418	0.01678	0.01007	0.00749	0.00750	0.00252	0.01156	0.00594	0.00344	0.01155
21	0.01221	0.00914	0.00934	0.00935	0.00970	0.04123	0.00554	0.01249	0.01260	0.01615	0.02811	0.09113	0.05967	0.61097	0.03543	0.00690	0.00765	0.01212	0.00504	0.00521
22	0.01810	0.05739	0.21025	0.02975	0.03868	0.02013	0.45682	0.02525	0.01809	0.02503	0.01535	0.01981	0.01144	0.00691	0.00870	0.00259	0.01273	0.00823	0.00381	0.01094
23	0.01706	0.01575	0.02579	0.50265	0.19983	0.01836	0.02213	0.06127	0.01775	0.02351	0.01461	0.02065	0.01123	0.00782	0.00791	0.00256	0.01018	0.00706	0.00390	0.01000
24	0.00966	0.00690	0.00920	0.01104	0.01150	0.00644	0.00736	0.01104	0.01518	0.02024	0.04371	0.71614	0.05245	0.02484	0.01012	0.00322	0.00460	0.02254	0.00736	0.00644
25	0.01678	0.01681	0.02660	0.22828	0.03330	0.02181	0.08727	0.02013	0.01399	0.02013	0.01214	0.01894	0.01064	0.01129	0.01873	0.00313	0.42032	0.00724	0.00355	0.00894
26	0.02383	0.04987	0.01978	0.01634	0.02102	0.15432	0.01286	0.09033	0.32819	0.10416	0.05462	0.02729	0.04163	0.01038	0.00783	0.00245	0.00808	0.00819	0.00726	0.01157
27	0.03558	0.01350	0.01840	0.01411	0.02024	0.01166	0.01166	0.03865	0.02270	0.67734	0.03128	0.02699	0.01963	0.00981	0.00797	0.00245	0.00675	0.00797	0.00981	0.01350
28	0.01063	0.00745	0.00960	0.01095	0.01150	0.00718	0.00751	0.01199	0.01469	0.01949	0.03850	0.44506	0.04517	0.20844	0.01824	0.00447	0.00583	0.11049	0.00668	0.00614
29	0.01469	0.01397	0.02457	0.04213	0.02474	0.01391	0.22871	0.04591	0.01816	0.02424	0.06670	0.20731	0.12060	0.01521	0.01079	0.00291	0.06075	0.05020	0.00588	0.00861
30	0.01539	0.01491	0.02636	0.62728	0.05314	0.01789	0.09164	0.02084	0.01618	0.02084	0.01431	0.02117	0.01073	0.00779	0.00809	0.00265	0.01088	0.00731	0.00358	0.00902
31	0.01218	0.00872	0.01197	0.01307	0.01484	0.00852	0.01096	0.01575	0.01937	0.02599	0.22883	0.10810	0.05465	0.02034	0.01044	0.00329	0.00612	0.41183	0.00773	0.00732
32	0.01231	0.00892	0.01212	0.01353	0.01544	0.00874	0.01162	0.01582	0.01867	0.02435	0.10980	0.08514	0.10558	0.02115	0.01064	0.00344	0.00664	0.50138	0.00745	0.00726
33	0.01891	0.01759	0.02774	0.20616	0.31888	0.01905	0.05820	0.05630	0.14355	0.02700	0.01837	0.02204	0.01435	0.00810	0.00801	0.00251	0.00930	0.00757	0.00483	0.01154
34	0.01578	0.01596	0.06069	0.09869	0.03000	0.01413	0.25239	0.02038	0.01738	0.05050	0.04849	0.21996	0.02590	0.01245	0.00894	0.00266	0.00915	0.01237	0.00535	0.07883
35	0.02504	0.05981	0.06062	0.02011	0.02525	0.02159	0.09779	0.21987	0.02327	0.15149	0.01793	0.01990	0.01326	0.01010	0.01273	0.00269	0.19358	0.00730	0.00610	0.01157
36	0.02205	0.30546	0.02881	0.01775	0.08691	0.02296	0.01378	0.09084	0.15021	0.09081	0.02453	0.02438	0.07113	0.00934	0.00692	0.00219	0.00760	0.00723	0.00584	0.01127
37	0.06009	0.14754	0.05336	0.01766	0.02112	0.02053	0.07059	0.05705	0.01601	0.02307	0.01866	0.15930	0.01920	0.01300	0.01369	0.00278	0.23812	0.00959	0.00468	0.03395
38	0.02359	0.17230	0.02466	0.01608	0.02135	0.05494	0.01335	0.27488	0.17185	0.03468	0.02267	0.09490	0.01927	0.01080	0.00755	0.00238	0.00793	0.00849	0.00674	0.01159

[dist]
# distance from previous block
# <min> <max>
5	19

[block]
# block no. 4 follows, 24 sequences, length 72
# corresponding to MSA columns:
# 134-150,179-233
name=unknown_E
#
# <colnr> <probs for GDERKNQSTAVLIFYWHMCP>
#	G	D	E	R	K	N	Q	S	T	A	V	L	I	F	Y	W	H	M	C	P
0	0.02082	0.05029	0.05247	0.19609	0.03325	0.07501	0.09654	0.17231	0.06769	0.02966	0.06037	0.02247	0.01668	0.00931	0.00936	0.00254	0.06160	0.00766	0.00534	0.01054
1	0.04678	0.01370	0.01250	0.04305	0.01599	0.10063	0.00941	0.05221	0.07205	0.02808	0.02763	0.06577	0.05029	0.01128	0.00696	0.00227	0.00630	0.05358	0.37313	0.00839
2	0.01719	0.04745	0.01669	0.10775	0.02089	0.03515	0.01122	0.17500	0.02047	0.02664	0.02837	0.20140	0.05960	0.17804	0.01588	0.00382	0.00764	0.01223	0.00610	0.00846
3	0.12140	0.40039	0.17195	0.01574	0.02319	0.05275	0.01646	0.07485	0.01788	0.02486	0.01241	0.01418	0.01021	0.00730	0.00590	0.00204	0.00912	0.00486	0.00398	0.01053
4	0.01951	0.08673	0.24166	0.09275	0.15846	0.16023	0.02172	0.02490	0.01807	0.02296	0.03518	0.01897	0.01321	0.01032	0.04012	0.00282	0.01162	0.00633	0.00386	0.01058
5	0.01786	0.01354	0.01590	0.01248	0.01804	0.01170	0.00983	0.05269	0.09155	0.07913	0.09753	0.07462	0.02430	0.00951	0.00711	0.00181	0.00578	0.00799	0.00631	0.44232
6	0.01590	0.04102	0.68023	0.02260	0.03432	0.01842	0.02930	0.02511	0.01674	0.02511	0.01423	0.01674	0.01005	0.00753	0.00753	0.00251	0.01172	0.00586	0.00335	0.01172
7	0.01778	0.04544	0.02516	0.02011	0.02165	0.02236	0.06490	0.06157	0.01568	0.02308	0.08576	0.02233	0.01802	0.01300	0.02077	0.00315	0.49787	0.00787	0.00440	0.00908
8	0.00996	0.00703	0.00911	0.01066	0.01104	0.00664	0.00695	0.01112	0.01459	0.01946	0.04069	0.60903	0.04864	0.13715	0.01500	0.00394	0.00510	0.02077	0.00695	0.00618
9	0.01256	0.01228	0.07291	0.01498	0.05934	0.01013	0.01148	0.03662	0.01879	0.02588	0.22725	0.26733	0.08948	0.01804	0.00999	0.00286	0.02954	0.06543	0.00706	0.00805
10	0.01755	0.23009	0.47173	0.02135	0.06117	0.02203	0.02469	0.02470	0.01663	0.02336	0.01337	0.01576	0.01020	0.00730	0.00687	0.00228	0.01071	0.00547	0.00339	0.01133
11	0.01273	0.00983	0.01277	0.01324	0.01525	0.01016	0.01103	0.01726	0.06029	0.02532	0.17048	0.07272	0.13769	0.01923	0.01123	0.00320	0.05325	0.32923	0.00739	0.00768
12	0.01246	0.00902	0.01233	0.01398	0.01589	0.00890	0.01214	0.01595	0.01824	0.02351	0.04561	0.08821	0.10458	0.02173	0.01080	0.00356	0.00699	0.56154	0.00731	0.00724
13	0.02319	0.06193	0.07200	0.06145	0.28308	0.20288	0.02011	0.10372	0.02113	0.02619	0.01423	0.01752	0.01157	0.00802	0.00828	0.00231	0.04047	0.00631	0.00437	0.01125
14	0.04535	0.01950	0.01700	0.01536	0.01923	0.16703	0.01204	0.15918	0.12437	0.02963	0.03470	0.09432	0.13693	0.01380	0.00844	0.00261	0.00818	0.07578	0.00677	0.00977
15	0.01181	0.00906	0.01307	0.01281	0.01393	0.01071	0.00979	0.01418	0.01254	0.01805	0.02092	0.03289	0.02032	0.14486	0.55230	0.01136	0.07147	0.00879	0.00426	0.00690
16	0.02944	0.02153	0.02305	0.01775	0.02389	0.02380	0.01464	0.61671	0.03634	0.04904	0.01935	0.01952	0.01380	0.00951	0.00782	0.00236	0.00850	0.00715	0.04260	0.01321
17	0.01694	0.01283	0.01644	0.01463	0.01818	0.01322	0.05710	0.05549	0.21814	0.08171	0.11963	0.16278	0.10963	0.01531	0.00902	0.00278	0.00615	0.05250	0.00773	0.00979
18	0.01936	0.01872	0.03240	0.07953	0.61529	0.01883	0.05053	0.02419	0.01798	0.02561	0.01492	0.01977	0.01244	0.00709	0.00792	0.00238	0.00964	0.00716	0.00391	0.01230
19	0.02147	0.01722	0.01903	0.01771	0.05224	0.01945	0.01322	0.08033	0.54347	0.07739	0.03051	0.02824	0.02264	0.01044	0.00804	0.00264	0.00662	0.00869	0.00798	0.01268
20	0.47152	0.01673	0.06610	0.01260	0.01845	0.01580	0.01122	0.02854	0.01680	0.24791	0.01801	0.01787	0.01237	0.00819	0.00613	0.00246	0.00677	0.00564	0.00642	0.01046
21	0.01077	0.00906	0.00917	0.00884	0.01176	0.00806	0.00671	0.04296	0.04373	0.02324	0.07554	0.07176	0.61231	0.01922	0.00925	0.00266	0.00433	0.01598	0.00742	0.00725
22	0.01874	0.04961	0.02260	0.01603	0.02234	0.04804	0.08230	0.07148	0.01826	0.02648	0.01415	0.01701	0.01165	0.00713	0.00827	0.00171	0.07061	0.00562	0.00468	0.48329
23	0.01245	0.00911	0.01230	0.01357	0.01563	0.00878	0.01155	0.01583	0.01810	0.02375	0.06762	0.12589	0.09010	0.02093	0.01046	0.00338	0.00667	0.48031	0.00723	0.04633
24	0.01972	0.40899	0.29169	0.01744	0.02614	0.02582	0.01986	0.06624	0.01779	0.02331	0.01283	0.01473	0.01035	0.00726	0.00624	0.00206	0.00977	0.00507	0.00368	0.01101
25	0.08513	0.01531	0.01819	0.01482	0.02032	0.01542	0.01208	0.10778	0.17432	0.37786	0.02903	0.02815	0.02023	0.01031	0.00788	0.00255	0.00684	0.03238	0.00872	0.01266
26	0.00988	0.00716	0.00934	0.01068	0.01150	0.00662	0.00729	0.01166	0.01648	0.02208	0.14123	0.57431	0.09599	0.02322	0.00996	0.00307	0.00443	0.02091	0.00757	0.00662
27	0.01889	0.02015	0.07908	0.10530	0.53737	0.01876	0.05623	0.02408	0.01780	0.02531	0.01485	0.01965	0.01217	0.00716	0.00791	0.00241	0.00989	0.00709	0.00385	0.01206
28	0.01112	0.00846	0.01030	0.00998	0.01210	0.00784	0.00752	0.01515	0.04908	0.02849	0.44443	0.09493	0.21582	0.01753	0.00939	0.00262	0.00408	0.03543	0.00825	0.00746
29	0.03253	0.01838	0.02143	0.01643	0.02268	0.01890	0.01357	0.37856	0.03087	0.32588	0.02442	0.02254	0.01619	0.00965	0.00795	0.00241	0.00786	0.00751	0.00876	0.01349
30	0.00978	0.00695	0.00917	0.01089	0.01132	0.00652	0.00719	0.01107	0.01494	0.01993	0.04249	0.67288	0.05091	0.07020	0.01209	0.00351	0.00480	0.02183	0.00719	0.00633
31	0.77733	0.01534	0.01166	0.01043	0.01534	0.01779	0.00859	0.02331	0.01350	0.03558	0.01104	0.01288	0.00859	0.00736	0.00491	0.00245	0.00613	0.00429	0.00491	0.00859
32	0.01488	0.02708	0.36350	0.01923	0.02694	0.01501	0.08211	0.05082	0.01822	0.02562	0.06918	0.13349	0.09568	0.01217	0.00846	0.00265	0.00926	0.01060	0.00505	0.01005
33	0.01605	0.04001	0.64773	0.02316	0.03469	0.01850	0.06079	0.02513	0.01684	0.02513	0.01432	0.01698	0.01015	0.00749	0.00763	0.00252	0.01180	0.00604	0.00338	0.01167
34	0.01020	0.00755	0.00953	0.01013	0.01150	0.00688	0.00718	0.01259	0.01843	0.02483	0.28658	0.35883	0.16508	0.02076	0.00970	0.00285	0.00418	0.01845	0.00788	0.00688
35	0.01153	0.00769	0.00865	0.00865	0.00865	0.00769	0.00480	0.01153	0.01153	0.01538	0.02499	0.05189	0.02883	0.72131	0.04036	0.00769	0.00769	0.01153	0.00480	0.00480
36	0.02270	0.06133	0.02607	0.16036	0.14761	0.28566	0.04911	0.04511	0.01958	0.02244	0.01402	0.01791	0.01140	0.00811	0.00818	0.00229	0.04109	0.00627	0.04087	0.00988
37	0.01712	0.15522	0.02001	0.01473	0.01836	0.01616	0.01283	0.02486	0.16585	0.05481	0.03303	0.05733	0.03237	0.01574	0.00897	0.00298	0.00728	0.32617	0.00681	0.00938
38	0.01478	0.00739	0.00739	0.00739	0.00924	0.00739	0.00554	0.01848	0.01663	0.02956	0.02587	0.02956	0.02033	0.00924	0.00554	0.00185	0.00370	0.00739	0.76534	0.00739
39	0.01135	0.00842	0.01234	0.01234	0.01362	0.00969	0.00941	0.01390	0.01262	0.01811	0.02161	0.03320	0.02071	0.12475	0.62583	0.01225	0.01990	0.00880	0.00430	0.00686
40	0.01617	0.07519	0.64837	0.02215	0.03362	0.01906	0.02851	0.02504	0.01671	0.02479	0.01407	0.01654	0.01005	0.00750	0.00741	0.00247	0.01156	0.00578	0.00335	0.01164
41	0.01590	0.04102	0.68023	0.02260	0.03432	0.01842	0.02930	0.02511	0.01674	0.02511	0.01423	0.01674	0.01005	0.00753	0.00753	0.00251	0.01172	0.00586	0.00335	0.01172
42	0.02120	0.72609	0.04155	0.01357	0.02035	0.03138	0.01357	0.02374	0.01611	0.01866	0.01102	0.01272	0.01018	0.00678	0.00509	0.00170	0.00848	0.00424	0.00339	0.01018
43	0.44646	0.01758	0.05998	0.17246	0.04873	0.01856	0.01426	0.08972	0.01696	0.03260	0.01294	0.01592	0.00980	0.00773	0.00620	0.00249	0.00791	0.00543	0.00478	0.00950
44	0.01714	0.01712	0.02468	0.02097	0.02135	0.02348	0.04221	0.01912	0.01244	0.01931	0.01112	0.01812	0.01089	0.01561	0.05483	0.00385	0.64844	0.00711	0.00353	0.00869
45	0.00946	0.00804	0.00816	0.00813	0.01077	0.00673	0.00610	0.01155	0.01829	0.02192	0.10878	0.07549	0.63987	0.01990	0.00937	0.00267	0.00400	0.01662	0.00743	0.00673
46	0.00966	0.00690	0.00920	0.01104	0.01150	0.00644	0.00736	0.01104	0.01518	0.02024	0.04371	0.71614	0.05245	0.02484	0.01012	0.00322	0.00460	0.02254	0.00736	0.00644
47	0.18136	0.01500	0.02213	0.41976	0.07163	0.01750	0.04849	0.02334	0.03748	0.06886	0.01534	0.01998	0.01138	0.00793	0.00735	0.00258	0.00929	0.00669	0.00444	0.00947
48	0.01287	0.00847	0.01113	0.01026	0.01241	0.00776	0.00776	0.01656	0.02246	0.07536	0.62472	0.05706	0.07110	0.01578	0.00926	0.00249	0.00394	0.01391	0.00880	0.00789
49	0.01122	0.00811	0.01060	0.00998	0.01185	0.00748	0.00748	0.01496	0.02245	0.03180	0.66766	0.05923	0.07482	0.01621	0.00935	0.00249	0.00374	0.01434	0.00873	0.00748
50	0.77733	0.01534	0.01166	0.01043	0.01534	0.01779	0.00859	0.02331	0.01350	0.03558	0.01104	0.01288	0.00859	0.00736	0.00491	0.00245	0.00613	0.00429	0.00491	0.00859
51	0.77733	0.01534	0.01166	0.01043	0.01534	0.01779	0.00859	0.02331	0.01350	0.03558	0.01104	0.01288	0.00859	0.00736	0.00491	0.00245	0.00613	0.00429	0.00491	0.00859
52	0.03558	0.01350	0.01840	0.01411	0.02024	0.01166	0.01166	0.03865	0.02270	0.67734	0.03128	0.02699	0.01963	0.00981	0.00797	0.00245	0.00675	0.00797	0.00981	0.01350
53	0.00966	0.00690	0.00920	0.01104	0.01150	0.00644	0.00736	0.01104	0.01518	0.02024	0.04371	0.71614	0.05245	0.02484	0.01012	0.00322	0.00460	0.02254	0.00736	0.00644
54	0.01861	0.01783	0.02424	0.02057	0.02119	0.02432	0.01712	0.08086	0.01462	0.02213	0.01126	0.01752	0.01071	0.01345	0.02424	0.00336	0.63795	0.00696	0.00391	0.00915
55	0.02120	0.72609	0.04155	0.01357	0.02035	0.03138	0.01357	0.02374	0.01611	0.01866	0.01102	0.01272	0.01018	0.00678	0.00509	0.00170	0.00848	0.00424	0.00339	0.01018
56	0.01153	0.00769	0.00865	0.00865	0.00865	0.00769	0.00480	0.01153	0.01153	0.01538	0.02499	0.05189	0.02883	0.72131	0.04036	0.00769	0.00769	0.01153	0.00480	0.00480
57	0.00966	0.00690	0.00920	0.01104	0.01150	0.00644	0.00736	0.01104	0.01518	0.02024	0.04371	0.71614	0.05245	0.02484	0.01012	0.00322	0.00460	0.02254	0.00736	0.00644
58	0.02962	0.03779	0.02247	0.02043	0.02451	0.68948	0.01532	0.03166	0.02247	0.01941	0.01226	0.01430	0.01021	0.00817	0.00715	0.00204	0.01430	0.00511	0.00409	0.00919
59	0.03014	0.02221	0.02380	0.01825	0.02459	0.02459	0.01507	0.64541	0.03728	0.04998	0.01904	0.01904	0.01349	0.00952	0.00793	0.00238	0.00873	0.00714	0.00793	0.01349
60	0.01153	0.00769	0.00865	0.00865	0.00865	0.00769	0.00480	0.01153	0.01153	0.01538	0.02499	0.05189	0.02883	0.72131	0.04036	0.00769	0.00769	0.01153	0.00480	0.00480
61	0.02962	0.03779	0.02247	0.02043	0.02451	0.68948	0.01532	0.03166	0.02247	0.01941	0.01226	0.01430	0.01021	0.00817	0.00715	0.00204	0.01430	0.00511	0.00409	0.00919
62	0.01122	0.00811	0.01060	0.00998	0.01185	0.00748	0.00748	0.01496	0.02245	0.03180	0.66766	0.05923	0.07482	0.01621	0.00935	0.00249	0.00374	0.01434	0.00873	0.00748
63	0.00966	0.00690	0.00920	0.01104	0.01150	0.00644	0.00736	0.01104	0.01518	0.02024	0.04371	0.71614	0.05245	0.02484	0.01012	0.00322	0.00460	0.02254	0.00736	0.00644
64	0.00966	0.00690	0.00920	0.01104	0.01150	0.00644	0.00736	0.01104	0.01518	0.02024	0.04371	0.71614	0.05245	0.02484	0.01012	0.00322	0.00460	0.02254	0.00736	0.00644
65	0.01963	0.01884	0.03219	0.04867	0.67185	0.01884	0.02434	0.02434	0.01806	0.02591	0.01492	0.01963	0.01256	0.00707	0.00785	0.00236	0.00942	0.00707	0.00393	0.01256
66	0.01872	0.02139	0.04679	0.03342	0.04144	0.02005	0.64305	0.02540	0.01872	0.02540	0.01604	0.02139	0.01203	0.00668	0.00936	0.00267	0.01337	0.00936	0.00401	0.01070
67	0.06739	0.02263	0.02313	0.01796	0.02413	0.05666	0.01476	0.58446	0.03538	0.04777	0.01831	0.01850	0.01308	0.00935	0.00774	0.00237	0.00887	0.00690	0.00759	0.01303
68	0.02694	0.02070	0.02154	0.01744	0.02306	0.04913	0.01408	0.39169	0.24121	0.07357	0.02374	0.02272	0.01720	0.00989	0.00795	0.00247	0.00804	0.00770	0.00791	0.01300
69	0.01833	0.01352	0.01703	0.01415	0.01874	0.01288	0.04112	0.07487	0.12180	0.08838	0.12457	0.03863	0.03000	0.05768	0.01021	0.00266	0.00659	0.09004	0.00691	0.21188
70	0.01558	0.05020	0.02048	0.01517	0.02026	0.01309	0.09001	0.01941	0.03573	0.02390	0.02130	0.17835	0.02136	0.01108	0.00868	0.00206	0.05398	0.00965	0.00518	0.38454
71	0.02039	0.06608	0.02097	0.07981	0.02379	0.09454	0.01330	0.05214	0.15018	0.05768	0.01811	0.01981	0.01425	0.00851	0.00874	0.00209	0.07508	0.00629	0.00539	0.26285

[dist]
# distance from previous block
# <min> <max>
4	20

[block]
# block no. 5 follows, 24 sequences, length 54
# corresponding to MSA columns:
# 254-307
name=unknown_F
#
# <colnr> <probs for GDERKNQSTAVLIFYWHMCP>
#	G	D	E	R	K	N	Q	S	T	A	V	L	I	F	Y	W	H	M	C	P
0	0.02671	0.03118	0.08984	0.01991	0.02502	0.39894	0.04835	0.08868	0.02228	0.07405	0.01543	0.01736	0.01191	0.00863	0.00830	0.00225	0.04715	0.00604	0.04784	0.01014
1	0.01955	0.03200	0.38148	0.06079	0.03487	0.06933	0.16707	0.02680	0.01819	0.09097	0.01623	0.01891	0.01152	0.00764	0.00799	0.00251	0.01173	0.00689	0.00423	0.01131
2	0.02705	0.01376	0.01753	0.01306	0.01960	0.01117	0.01065	0.03032	0.01991	0.38691	0.02362	0.02229	0.01611	0.00806	0.00704	0.00188	0.00636	0.00651	0.00753	0.35064
3	0.03014	0.02221	0.02380	0.01825	0.02459	0.02459	0.01507	0.64541	0.03728	0.04998	0.01904	0.01904	0.01349	0.00952	0.00793	0.00238	0.00873	0.00714	0.00793	0.01349
4	0.01089	0.00809	0.01014	0.00963	0.01164	0.00734	0.00722	0.01433	0.02167	0.02995	0.56294	0.06228	0.18070	0.01690	0.00936	0.00253	0.00379	0.01477	0.00849	0.00734
5	0.00966	0.00690	0.00920	0.01104	0.01150	0.00644	0.00736	0.01104	0.01518	0.02024	0.04371	0.71614	0.05245	0.02484	0.01012	0.00322	0.00460	0.02254	0.00736	0.00644
6	0.01478	0.00739	0.00739	0.00739	0.00924	0.00739	0.00554	0.01848	0.01663	0.02956	0.02587	0.02956	0.02033	0.00924	0.00554	0.00185	0.00370	0.00739	0.76534	0.00739
7	0.00966	0.00690	0.00920	0.01104	0.01150	0.00644	0.00736	0.01104	0.01518	0.02024	0.04371	0.71614	0.05245	0.02484	0.01012	0.00322	0.00460	0.02254	0.00736	0.00644
8	0.02120	0.72609	0.04155	0.01357	0.02035	0.03138	0.01357	0.02374	0.01611	0.01866	0.01102	0.01272	0.01018	0.00678	0.00509	0.00170	0.00848	0.00424	0.00339	0.01018
9	0.01963	0.01884	0.03219	0.04867	0.67185	0.01884	0.02434	0.02434	0.01806	0.02591	0.01492	0.01963	0.01256	0.00707	0.00785	0.00236	0.00942	0.00707	0.00393	0.01256
10	0.02120	0.72609	0.04155	0.01357	0.02035	0.03138	0.01357	0.02374	0.01611	0.01866	0.01102	0.01272	0.01018	0.00678	0.00509	0.00170	0.00848	0.00424	0.00339	0.01018
11	0.01596	0.01289	0.01531	0.01171	0.01764	0.00992	0.00914	0.01912	0.01644	0.04676	0.01956	0.13244	0.01874	0.00914	0.00665	0.00156	0.00569	0.00776	0.00531	0.61828
12	0.72223	0.06713	0.01383	0.01066	0.01570	0.01878	0.00895	0.02334	0.01369	0.03435	0.01104	0.01287	0.00870	0.00732	0.00492	0.00240	0.00631	0.00429	0.00480	0.00870
13	0.00966	0.00690	0.00920	0.01104	0.01150	0.00644	0.00736	0.01104	0.01518	0.02024	0.04371	0.71614	0.05245	0.02484	0.01012	0.00322	0.00460	0.02254	0.00736	0.00644
14	0.01009	0.00748	0.01003	0.01158	0.01202	0.00743	0.00791	0.01149	0.01501	0.02018	0.04187	0.67755	0.05013	0.02424	0.01100	0.00323	0.04337	0.02168	0.00715	0.00656
15	0.01972	0.01703	0.01793	0.01614	0.02062	0.01972	0.01255	0.04214	0.65752	0.03317	0.03228	0.02959	0.02421	0.01076	0.00807	0.00269	0.00628	0.00897	0.00807	0.01255
16	0.01122	0.00811	0.01060	0.00998	0.01185	0.00748	0.00748	0.01496	0.02245	0.03180	0.66766	0.05923	0.07482	0.01621	0.00935	0.00249	0.00374	0.01434	0.00873	0.00748
17	0.01134	0.00846	0.01257	0.01257	0.01393	0.00982	0.00970	0.01405	0.01269	0.01828	0.02140	0.03202	0.02020	0.08726	0.66262	0.01253	0.02067	0.00862	0.00427	0.00698
18	0.01145	0.00803	0.01039	0.01039	0.01099	0.00863	0.00697	0.01265	0.01205	0.01666	0.02339	0.04308	0.02500	0.44019	0.31626	0.00984	0.01344	0.01024	0.00457	0.00577
19	0.01153	0.00769	0.00865	0.00865	0.00865	0.00769	0.00480	0.01153	0.01153	0.01538	0.02499	0.05189	0.02883	0.72131	0.04036	0.00769	0.00769	0.01153	0.00480	0.00480
20	0.02868	0.03623	0.02261	0.02046	0.02423	0.63866	0.01548	0.03070	0.02168	0.01938	0.01212	0.01453	0.01023	0.00861	0.00859	0.00215	0.06720	0.00525	0.00404	0.00915
21	0.01644	0.01409	0.01644	0.01175	0.01879	0.01057	0.00940	0.01997	0.01644	0.02584	0.01409	0.01644	0.01175	0.00587	0.00587	0.00117	0.00587	0.00470	0.00470	0.76979
22	0.11670	0.05264	0.01990	0.17748	0.02630	0.06943	0.01458	0.04541	0.01599	0.02400	0.01693	0.08978	0.01565	0.01126	0.01192	0.00270	0.18668	0.00799	0.08600	0.00864
23	0.01892	0.01648	0.02210	0.01936	0.10528	0.01458	0.06735	0.10202	0.04230	0.02917	0.01565	0.01808	0.01254	0.00674	0.00677	0.00166	0.00736	0.00587	0.00507	0.48268
24	0.02210	0.01648	0.01789	0.01566	0.02035	0.01848	0.01230	0.07119	0.52105	0.11645	0.03124	0.02872	0.02294	0.01052	0.00796	0.00261	0.00636	0.00869	0.03649	0.01253
25	0.02124	0.01669	0.01798	0.01594	0.02058	0.01895	0.01247	0.04180	0.59665	0.09494	0.03218	0.02934	0.02377	0.01067	0.00806	0.00267	0.00632	0.00887	0.00824	0.01264
26	0.01627	0.03866	0.60690	0.02449	0.06178	0.01855	0.07361	0.02510	0.01694	0.02517	0.01439	0.01720	0.01030	0.00745	0.00768	0.00252	0.01174	0.00616	0.00342	0.01168
27	0.00989	0.00703	0.00931	0.01105	0.01154	0.00662	0.00744	0.01129	0.01510	0.02011	0.04260	0.65427	0.05087	0.06318	0.01182	0.00348	0.00488	0.04589	0.00722	0.00639
28	0.01152	0.00773	0.00884	0.00884	0.00891	0.00779	0.00504	0.01165	0.01159	0.01552	0.02481	0.05092	0.02841	0.69039	0.07071	0.00792	0.00832	0.01139	0.00478	0.00491
29	0.01153	0.00769	0.00865	0.00865	0.00865	0.00769	0.00480	0.01153	0.01153	0.01538	0.02499	0.05189	0.02883	0.72131	0.04036	0.00769	0.00769	0.01153	0.00480	0.00480
30	0.01784	0.01492	0.01719	0.01241	0.01938	0.01200	0.00997	0.08371	0.01857	0.02830	0.01460	0.01671	0.01192	0.00624	0.00608	0.00130	0.00616	0.00495	0.00503	0.69271
31	0.77733	0.01534	0.01166	0.01043	0.01534	0.01779	0.00859	0.02331	0.01350	0.03558	0.01104	0.01288	0.00859	0.00736	0.00491	0.00245	0.00613	0.00429	0.00491	0.00859
32	0.01044	0.00807	0.00951	0.00915	0.01136	0.00715	0.00686	0.01344	0.02059	0.02739	0.41821	0.06649	0.32703	0.01786	0.00936	0.00257	0.00386	0.01536	0.00815	0.00715
33	0.00947	0.00804	0.00817	0.00814	0.01077	0.00674	0.00610	0.01157	0.01831	0.02198	0.11207	0.07539	0.63654	0.01987	0.00937	0.00267	0.00400	0.01661	0.00744	0.00674
34	0.01940	0.01948	0.03583	0.04487	0.51451	0.01914	0.17875	0.02460	0.01822	0.02578	0.01520	0.02007	0.01243	0.00697	0.00823	0.00243	0.01041	0.00764	0.00395	0.01210
35	0.03558	0.01350	0.01840	0.01411	0.02024	0.01166	0.01166	0.03865	0.02270	0.67734	0.03128	0.02699	0.01963	0.00981	0.00797	0.00245	0.00675	0.00797	0.00981	0.01350
36	0.03558	0.01350	0.01840	0.01411	0.02024	0.01166	0.01166	0.03865	0.02270	0.67734	0.03128	0.02699	0.01963	0.00981	0.00797	0.00245	0.00675	0.00797	0.00981	0.01350
37	0.03558	0.01350	0.01840	0.01411	0.02024	0.01166	0.01166	0.03865	0.02270	0.67734	0.03128	0.02699	0.01963	0.00981	0.00797	0.00245	0.00675	0.00797	0.00981	0.01350
38	0.04984	0.01503	0.02163	0.44713	0.04131	0.01815	0.01833	0.12668	0.01928	0.02685	0.01580	0.02108	0.01197	0.00865	0.00858	0.00256	0.04875	0.00698	0.08197	0.00944
39	0.01029	0.00712	0.00929	0.01055	0.01104	0.00674	0.00696	0.01141	0.01499	0.02014	0.09200	0.52373	0.04874	0.13043	0.01574	0.04333	0.00512	0.01936	0.00688	0.00612
40	0.00966	0.00690	0.00920	0.01104	0.01150	0.00644	0.00736	0.01104	0.01518	0.02024	0.04371	0.71614	0.05245	0.02484	0.01012	0.00322	0.00460	0.02254	0.00736	0.00644
41	0.01133	0.00850	0.01274	0.01274	0.01416	0.00991	0.00991	0.01416	0.01274	0.01841	0.02124	0.03115	0.01982	0.05947	0.68989	0.01274	0.02124	0.00850	0.00425	0.00708
42	0.06207	0.05816	0.02450	0.08674	0.07430	0.11927	0.07447	0.02247	0.01605	0.02278	0.01420	0.01906	0.01202	0.00983	0.01323	0.00263	0.23915	0.00668	0.11325	0.00914
43	0.01831	0.01559	0.01676	0.01550	0.01956	0.01773	0.01221	0.03735	0.54554	0.03139	0.03615	0.03933	0.06320	0.01261	0.00848	0.00280	0.00627	0.08169	0.00794	0.01160
44	0.02006	0.11039	0.05271	0.08797	0.02697	0.05902	0.07505	0.05388	0.36592	0.02867	0.02383	0.02403	0.01812	0.00925	0.00772	0.00250	0.00844	0.00779	0.00619	0.01149
45	0.01122	0.00811	0.01060	0.00998	0.01185	0.00748	0.00748	0.01496	0.02245	0.03180	0.66766	0.05923	0.07482	0.01621	0.00935	0.00249	0.00374	0.01434	0.00873	0.00748
46	0.01853	0.38106	0.36322	0.01812	0.02739	0.02485	0.02149	0.02443	0.01643	0.02191	0.01264	0.01475	0.01011	0.00716	0.00632	0.00211	0.01011	0.00506	0.00337	0.01095
47	0.01108	0.00810	0.01040	0.00983	0.01176	0.00742	0.00737	0.01469	0.02211	0.03101	0.62279	0.06054	0.12019	0.01651	0.00935	0.00251	0.00376	0.01452	0.00862	0.00742
48	0.01296	0.00974	0.01458	0.17914	0.05968	0.01017	0.01207	0.01574	0.01645	0.05547	0.08200	0.42408	0.04015	0.01834	0.00930	0.00294	0.00635	0.01657	0.00648	0.00780
49	0.01436	0.01151	0.01749	0.04460	0.10812	0.01171	0.04130	0.01922	0.04804	0.02442	0.03576	0.07185	0.03747	0.01823	0.01022	0.00335	0.00791	0.45937	0.00661	0.00846
50	0.02093	0.69061	0.07462	0.01404	0.02108	0.03071	0.01438	0.02382	0.01615	0.01899	0.01119	0.01293	0.01017	0.00682	0.00521	0.00174	0.00865	0.00432	0.00339	0.01026
51	0.01763	0.01333	0.01763	0.01378	0.01905	0.01144	0.05803	0.05565	0.01865	0.08144	0.08647	0.03306	0.02405	0.07776	0.01061	0.00248	0.00678	0.06968	0.00595	0.37654
52	0.12801	0.05653	0.08728	0.01444	0.02079	0.01489	0.03482	0.02275	0.01633	0.08848	0.01613	0.04514	0.01333	0.00809	0.00790	0.00196	0.06051	0.00610	0.00500	0.35153
53	0.21778	0.01665	0.01514	0.01358	0.01742	0.10329	0.01087	0.09580	0.04525	0.09601	0.02236	0.06628	0.01930	0.01110	0.00775	0.00251	0.03211	0.06952	0.12783	0.00944

[dist]
# distance from previous block
# <min> <max>
5	22

[block]
# block no. 6 follows, 24 sequences, length 27
# corresponding to MSA columns:
# 330-356
name=unknown_G
#
# <colnr> <probs for GDERKNQSTAVLIFYWHMCP>
#	G	D	E	R	K	N	Q	S	T	A	V	L	I	F	Y	W	H	M	C	P
0	0.01869	0.02256	0.12736	0.02865	0.03614	0.01895	0.44421	0.02500	0.01841	0.05995	0.05457	0.02300	0.01575	0.00804	0.01023	0.00269	0.06176	0.00893	0.00447	0.01065
1	0.11336	0.06845	0.02137	0.01537	0.02122	0.01971	0.01281	0.32741	0.02823	0.21076	0.06551	0.02277	0.01855	0.00962	0.00750	0.00237	0.00755	0.00733	0.00782	0.01229
2	0.02646	0.05835	0.02368	0.01800	0.02324	0.14108	0.01469	0.35682	0.02811	0.03641	0.01580	0.01738	0.01216	0.00929	0.00970	0.00229	0.09741	0.00634	0.00610	0.09669
3	0.01676	0.01578	0.02218	0.09391	0.02506	0.01706	0.05592	0.02004	0.01494	0.02269	0.01286	0.01763	0.01114	0.00911	0.01378	0.00229	0.26569	0.00610	0.00407	0.35298
4	0.01872	0.02139	0.04679	0.03342	0.04144	0.02005	0.64305	0.02540	0.01872	0.02540	0.01604	0.02139	0.01203	0.00668	0.00936	0.00267	0.01337	0.00936	0.00401	0.01070
5	0.01722	0.01427	0.01698	0.01237	0.01897	0.01143	0.00995	0.02062	0.01642	0.05008	0.01453	0.01690	0.01196	0.00650	0.00715	0.00136	0.04752	0.00496	0.00482	0.69600
6	0.02360	0.01921	0.02290	0.01870	0.02228	0.02321	0.01542	0.34006	0.05934	0.03557	0.01673	0.01981	0.01336	0.01463	0.06157	0.00351	0.26556	0.00726	0.00605	0.01123
7	0.00966	0.00690	0.00920	0.01104	0.01150	0.00644	0.00736	0.01104	0.01518	0.02024	0.04371	0.71614	0.05245	0.02484	0.01012	0.00322	0.00460	0.02254	0.00736	0.00644
8	0.00966	0.00690	0.00920	0.01104	0.01150	0.00644	0.00736	0.01104	0.01518	0.02024	0.04371	0.71614	0.05245	0.02484	0.01012	0.00322	0.00460	0.02254	0.00736	0.00644
9	0.01133	0.00850	0.01274	0.01274	0.01416	0.00991	0.00991	0.01416	0.01274	0.01841	0.02124	0.03115	0.01982	0.05947	0.68989	0.01274	0.02124	0.00850	0.00425	0.00708
10	0.02471	0.01951	0.02074	0.01715	0.02252	0.02206	0.01376	0.33105	0.36048	0.04122	0.02594	0.02453	0.01907	0.01017	0.00800	0.00254	0.00745	0.00809	0.00800	0.01300
11	0.01109	0.00810	0.01042	0.00984	0.01177	0.00743	0.00738	0.01471	0.02213	0.03106	0.62571	0.06045	0.11724	0.01649	0.00935	0.00251	0.00376	0.01451	0.00863	0.00743
12	0.01446	0.00879	0.01126	0.01035	0.01276	0.00794	0.00779	0.01759	0.02105	0.12258	0.44197	0.09378	0.13235	0.04888	0.01064	0.00279	0.00444	0.01404	0.00847	0.00808
13	0.01276	0.00849	0.01120	0.01053	0.01265	0.00784	0.00808	0.01646	0.02218	0.06927	0.58855	0.05935	0.06963	0.01621	0.00938	0.00257	0.00416	0.05418	0.00870	0.00782
14	0.01762	0.01668	0.02823	0.23493	0.44963	0.01766	0.02254	0.02227	0.01723	0.02390	0.01660	0.06642	0.01464	0.00850	0.00802	0.00250	0.00943	0.00809	0.00404	0.01107
15	0.06697	0.57280	0.06001	0.01457	0.02107	0.11310	0.01405	0.02477	0.01678	0.01998	0.01129	0.01307	0.01008	0.00702	0.00542	0.00181	0.00919	0.00441	0.00357	0.01001
