[name]
unknown

[dist]
# distance from previous block
# <min> <max>
17	59

[block]
# block no. 0 follows, 24 sequences, length 13
# corresponding to MSA columns:
# 67-79
name=unknown_A
#
# <colnr> <probs for GDERKNQSTAVLIFYWHMCP>
#	G	D	E	R	K	N	Q	S	T	A	V	L	I	F	Y	W	H	M	C	P
0	0.02025	0.11374	0.22260	0.02105	0.08529	0.09698	0.01904	0.06630	0.16739	0.02716	0.01814	0.01933	0.01394	0.00821	0.00724	0.00227	0.00951	0.00639	0.00497	0.07021
1	0.01880	0.08967	0.21502	0.02014	0.04607	0.05423	0.09544	0.02530	0.06070	0.06417	0.03931	0.04795	0.01610	0.00879	0.00844	0.00230	0.04542	0.00731	0.00476	0.13008
2	0.06362	0.05843	0.31387	0.02137	0.05770	0.06287	0.08297	0.02528	0.04586	0.05882	0.02181	0.02781	0.05051	0.00970	0.00790	0.00257	0.01016	0.06336	0.00471	0.01068
3	0.02110	0.08094	0.02037	0.06238	0.04214	0.01787	0.01289	0.06620	0.30601	0.11853	0.02878	0.06248	0.04651	0.01061	0.00775	0.00245	0.00686	0.00878	0.00711	0.07024
4	0.07035	0.16115	0.34843	0.01768	0.02613	0.01916	0.02018	0.02611	0.05083	0.09468	0.07639	0.02139	0.01769	0.00859	0.00714	0.00236	0.00919	0.00662	0.00489	0.01106
5	0.07122	0.50076	0.14112	0.01466	0.02214	0.02643	0.01541	0.02359	0.01607	0.02152	0.01183	0.01373	0.01019	0.00686	0.00555	0.00183	0.00861	0.00455	0.00361	0.08034
6	0.01719	0.01418	0.01718	0.01363	0.01919	0.01283	0.03550	0.02558	0.18167	0.05068	0.08129	0.06238	0.02326	0.00928	0.00720	0.00190	0.00604	0.00795	0.00623	0.40684
7	0.01153	0.00769	0.00865	0.00865	0.00865	0.00769	0.00480	0.01153	0.01153	0.01538	0.02499	0.05189	0.02883	0.72131	0.04036	0.00769	0.00769	0.01153	0.00480	0.00480
8	0.01963	0.01884	0.03219	0.04867	0.67185	0.01884	0.02434	0.02434	0.01806	0.02591	0.01492	0.01963	0.01256	0.00707	0.00785	0.00236	0.00942	0.00707	0.00393	0.01256
9	0.01929	0.01850	0.03158	0.09573	0.62741	0.01875	0.02417	0.02404	0.01790	0.02550	0.01486	0.01974	0.01242	0.00713	0.00786	0.00238	0.00950	0.00706	0.00390	0.01229
10	0.01644	0.01409	0.01644	0.01175	0.01879	0.01057	0.00940	0.01997	0.01644	0.02584	0.01409	0.01644	0.01175	0.00587	0.00587	0.00117	0.00587	0.00470	0.00470	0.76979
11	0.06086	0.08458	0.05906	0.01410	0.02006	0.01456	0.01237	0.03359	0.08067	0.42358	0.05804	0.02860	0.05422	0.01018	0.00768	0.00242	0.00687	0.00815	0.00825	0.01215
12	0.01372	0.00884	0.01078	0.01083	0.01296	0.00821	0.00785	0.01711	0.06111	0.10397	0.11933	0.33218	0.19971	0.04235	0.01042	0.00302	0.00484	0.01712	0.00778	0.00786

[dist]
# distance from previous block
# <min> <max>
0	2

[block]
# block no. 1 follows, 24 sequences, length 13
# corresponding to MSA columns:
# 82-94
name=unknown_B
#
# <colnr> <probs for GDERKNQSTAVLIFYWHMCP>
#	G	D	E	R	K	N	Q	S	T	A	V	L	I	F	Y	W	H	M	C	P
0	0.03202	0.01314	0.01754	0.01379	0.01937	0.01170	0.01127	0.03634	0.06147	0.56923	0.09911	0.03058	0.02579	0.01055	0.00813	0.00247	0.00640	0.00871	0.00959	0.01280
1	0.01732	0.01462	0.01692	0.01216	0.01916	0.01147	0.00976	0.06013	0.01778	0.02739	0.01441	0.01661	0.01186	0.00611	0.00600	0.00125	0.00606	0.00485	0.00491	0.72123
2	0.03014	0.02221	0.02380	0.01825	0.02459	0.02459	0.01507	0.64541	0.03728	0.04998	0.01904	0.01904	0.01349	0.00952	0.00793	0.00238	0.00873	0.00714	0.00793	0.01349
3	0.01198	0.01018	0.01062	0.01128	0.01253	0.07019	0.00785	0.01390	0.01747	0.02253	0.18360	0.40806	0.09785	0.06965	0.01173	0.00322	0.00548	0.01786	0.00719	0.00684
4	0.02416	0.01463	0.01844	0.01744	0.07970	0.01457	0.01249	0.07024	0.19910	0.25361	0.06820	0.08959	0.02564	0.01126	0.00811	0.00249	0.00655	0.00958	0.00801	0.06619
5	0.10216	0.01612	0.01732	0.07796	0.02169	0.04844	0.01212	0.23014	0.04804	0.08002	0.09186	0.09550	0.04797	0.03596	0.00901	0.00268	0.00733	0.00963	0.03585	0.01020
6	0.01872	0.01829	0.02871	0.10405	0.52275	0.04931	0.02200	0.02310	0.01806	0.02466	0.02079	0.02478	0.07317	0.00841	0.00797	0.00240	0.00926	0.00787	0.00421	0.01151
7	0.01877	0.01548	0.02492	0.46737	0.16920	0.01775	0.02106	0.06319	0.01830	0.08427	0.01617	0.02125	0.01199	0.00804	0.00792	0.00255	0.00987	0.00714	0.00447	0.01027
8	0.18287	0.01795	0.01853	0.01644	0.06176	0.04958	0.01232	0.24208	0.04696	0.05927	0.06175	0.02415	0.05935	0.00955	0.00718	0.00227	0.00735	0.00730	0.00653	0.10683
9	0.13195	0.02124	0.01784	0.01566	0.01990	0.18906	0.01213	0.17535	0.09883	0.03178	0.05735	0.12474	0.02240	0.01155	0.00765	0.00243	0.00849	0.00905	0.00638	0.03622
10	0.12795	0.01329	0.01438	0.01234	0.01621	0.04297	0.00974	0.08123	0.04608	0.17376	0.29937	0.03944	0.06620	0.01253	0.00814	0.00246	0.00578	0.01034	0.00806	0.00974
11	0.02504	0.01467	0.01962	0.01666	0.05001	0.01422	0.05254	0.11636	0.09218	0.27092	0.10882	0.05919	0.02651	0.01076	0.00811	0.00242	0.00687	0.00924	0.03780	0.05807
12	0.02858	0.01729	0.04008	0.01748	0.06321	0.04460	0.01360	0.14548	0.02379	0.33916	0.05935	0.02447	0.01919	0.00959	0.00860	0.00234	0.03945	0.00755	0.00778	0.08840

[dist]
# distance from previous block
# <min> <max>
38	97

[block]
# block no. 2 follows, 24 sequences, length 8
# corresponding to MSA columns:
# 200-207
name=unknown_C
#
# <colnr> <probs for GDERKNQSTAVLIFYWHMCP>
#	G	D	E	R	K	N	Q	S	T	A	V	L	I	F	Y	W	H	M	C	P
0	0.02126	0.01794	0.02704	0.03515	0.41686	0.01738	0.01932	0.10014	0.02036	0.06989	0.01628	0.01936	0.01295	0.00729	0.00746	0.00212	0.00843	0.00664	0.00495	0.16917
1	0.28434	0.01406	0.01566	0.01591	0.09601	0.01422	0.01091	0.06067	0.01806	0.07299	0.10055	0.07236	0.05280	0.01027	0.00693	0.00230	0.00620	0.00819	0.00602	0.13156
2	0.01574	0.01289	0.01513	0.01185	0.01711	0.01100	0.00933	0.04771	0.07115	0.02929	0.21233	0.03049	0.03180	0.00954	0.00719	0.00175	0.00539	0.00805	0.00633	0.44595
3	0.02080	0.05449	0.02427	0.01841	0.06421	0.01642	0.09269	0.15504	0.02148	0.05431	0.01591	0.01802	0.01241	0.00702	0.00692	0.00177	0.00783	0.00606	0.00537	0.39657
4	0.02727	0.13223	0.02099	0.01330	0.01896	0.01502	0.01124	0.07336	0.02182	0.37035	0.08579	0.03018	0.07457	0.01042	0.00759	0.00226	0.00663	0.00835	0.00798	0.06168
5	0.58325	0.01420	0.01244	0.01087	0.01558	0.01570	0.00887	0.02437	0.01584	0.12213	0.09393	0.02045	0.01817	0.00877	0.00587	0.00246	0.00593	0.00602	0.00604	0.00912
6	0.02010	0.02000	0.03080	0.04421	0.56839	0.06517	0.02308	0.02436	0.01782	0.02484	0.01432	0.01906	0.01220	0.00776	0.00946	0.00244	0.07318	0.00692	0.00389	0.01198
7	0.01118	0.00754	0.00875	0.00910	0.00919	0.00745	0.00529	0.01144	0.01223	0.01630	0.02855	0.17848	0.03333	0.58858	0.03460	0.00684	0.00710	0.01363	0.00529	0.00512

[dist]
# distance from previous block
# <min> <max>
0	3

[block]
# block no. 3 follows, 24 sequences, length 13
# corresponding to MSA columns:
# 211-223
name=unknown_D
#
# <colnr> <probs for GDERKNQSTAVLIFYWHMCP>
#	G	D	E	R	K	N	Q	S	T	A	V	L	I	F	Y	W	H	M	C	P
0	0.01644	0.01409	0.01644	0.01175	0.01879	0.01057	0.00940	0.01997	0.01644	0.02584	0.01409	0.01644	0.01175	0.00587	0.00587	0.00117	0.00587	0.00470	0.00470	0.76979
1	0.01644	0.01409	0.01644	0.01175	0.01879	0.01057	0.00940	0.01997	0.01644	0.02584	0.01409	0.01644	0.01175	0.00587	0.00587	0.00117	0.00587	0.00470	0.00470	0.76979
2	0.00977	0.00719	0.00917	0.01048	0.01142	0.00658	0.00717	0.01149	0.01635	0.02158	0.11200	0.55335	0.14785	0.02326	0.00993	0.00307	0.00443	0.02084	0.00750	0.00658
3	0.01669	0.01446	0.01766	0.01459	0.06912	0.01121	0.01055	0.02030	0.01657	0.02584	0.01416	0.01669	0.01181	0.00596	0.00603	0.00127	0.00615	0.00488	0.00464	0.71144
4	0.01133	0.00850	0.01274	0.01274	0.01416	0.00991	0.00991	0.01416	0.01274	0.01841	0.02124	0.03115	0.01982	0.05947	0.68989	0.01274	0.02124	0.00850	0.00425	0.00708
5	0.02127	0.01590	0.01732	0.01510	0.01967	0.01751	0.01187	0.09314	0.44036	0.11035	0.06210	0.03379	0.08308	0.01161	0.00822	0.00262	0.00625	0.00961	0.00823	0.01201
6	0.01616	0.03924	0.62295	0.02358	0.03497	0.01856	0.08480	0.02514	0.01692	0.02514	0.01439	0.01716	0.01022	0.00746	0.00770	0.00253	0.01187	0.00618	0.00341	0.01163
7	0.01644	0.01409	0.01644	0.01175	0.01879	0.01057	0.00940	0.01997	0.01644	0.02584	0.01409	0.01644	0.01175	0.00587	0.00587	0.00117	0.00587	0.00470	0.00470	0.76979
8	0.01747	0.01459	0.01750	0.01437	0.04631	0.01269	0.01080	0.09251	0.01864	0.02777	0.01784	0.09453	0.01644	0.00879	0.00752	0.00169	0.03579	0.00716	0.00529	0.53231
9	0.01377	0.00689	0.01033	0.01033	0.01033	0.00689	0.00689	0.01033	0.01033	0.01377	0.01377	0.02410	0.01377	0.02755	0.03099	0.76928	0.00689	0.00689	0.00344	0.00344
10	0.58205	0.01485	0.01343	0.01140	0.01663	0.01617	0.00940	0.02735	0.01592	0.20454	0.01637	0.01660	0.01149	0.00801	0.00571	0.00245	0.00630	0.00526	0.00620	0.00988
11	0.70057	0.01560	0.01263	0.01102	0.01607	0.01782	0.00908	0.05617	0.01520	0.06940	0.01250	0.01393	0.00941	0.00760	0.00522	0.00245	0.00630	0.00463	0.00532	0.00909
12	0.01618	0.01396	0.01509	0.03708	0.04370	0.06406	0.01056	0.06411	0.11547	0.02858	0.19344	0.11180	0.09388	0.01328	0.00824	0.00237	0.00613	0.01131	0.03934	0.11142

[dist]
# distance from previous block
# <min> <max>
0	1

[block]
# block no. 4 follows, 24 sequences, length 59
# corresponding to MSA columns:
# 225-283
name=unknown_E
#
# <colnr> <probs for GDERKNQSTAVLIFYWHMCP>
#	G	D	E	R	K	N	Q	S	T	A	V	L	I	F	Y	W	H	M	C	P
0	0.02363	0.01543	0.01827	0.01351	0.02021	0.01340	0.01099	0.13894	0.02178	0.18949	0.01920	0.01950	0.01399	0.00750	0.00676	0.00171	0.00661	0.00595	0.00654	0.44659
1	0.06498	0.46372	0.16784	0.01568	0.02323	0.02696	0.01655	0.07020	0.04434	0.02386	0.01315	0.01471	0.01088	0.00734	0.00591	0.00200	0.00893	0.00498	0.00400	0.01074
2	0.01719	0.04475	0.01539	0.01245	0.01627	0.01401	0.00987	0.13675	0.14717	0.05613	0.19870	0.04777	0.22294	0.01439	0.00860	0.00253	0.00556	0.01198	0.00786	0.00969
3	0.01838	0.01585	0.01839	0.01428	0.02003	0.03694	0.03333	0.10500	0.06486	0.02852	0.01897	0.09013	0.01697	0.00909	0.00770	0.00183	0.03405	0.00744	0.00555	0.45268
4	0.01133	0.00850	0.01274	0.01274	0.01416	0.00991	0.00991	0.01416	0.01274	0.01841	0.02124	0.03115	0.01982	0.05947	0.68989	0.01274	0.02124	0.00850	0.00425	0.00708
5	0.03092	0.01766	0.02070	0.01615	0.02207	0.01826	0.01327	0.32902	0.06640	0.30786	0.02500	0.02352	0.01696	0.01203	0.03960	0.00291	0.00834	0.00766	0.00855	0.01314
6	0.01021	0.00720	0.00897	0.01015	0.01060	0.00683	0.00652	0.01121	0.01425	0.01885	0.04014	0.48067	0.07991	0.23384	0.01917	0.00453	0.00550	0.01891	0.00659	0.00596
7	0.01603	0.04011	0.65092	0.02310	0.03465	0.01849	0.05770	0.02513	0.01683	0.02513	0.01431	0.01696	0.01014	0.00749	0.00762	0.00252	0.01180	0.00602	0.00338	0.01167
8	0.00943	0.00779	0.00828	0.00868	0.01088	0.00664	0.00631	0.01131	0.01745	0.02117	0.07246	0.21387	0.53616	0.02111	0.00953	0.00279	0.00414	0.01798	0.00736	0.00664
9	0.00966	0.00690	0.00920	0.01104	0.01150	0.00644	0.00736	0.01104	0.01518	0.02024	0.04371	0.71614	0.05245	0.02484	0.01012	0.00322	0.00460	0.02254	0.00736	0.00644
10	0.01963	0.01884	0.03219	0.04867	0.67185	0.01884	0.02434	0.02434	0.01806	0.02591	0.01492	0.01963	0.01256	0.00707	0.00785	0.00236	0.00942	0.00707	0.00393	0.01256
11	0.02962	0.03779	0.02247	0.02043	0.02451	0.68948	0.01532	0.03166	0.02247	0.01941	0.01226	0.01430	0.01021	0.00817	0.00715	0.00204	0.01430	0.00511	0.00409	0.00919
12	0.77733	0.01534	0.01166	0.01043	0.01534	0.01779	0.00859	0.02331	0.01350	0.03558	0.01104	0.01288	0.00859	0.00736	0.00491	0.00245	0.00613	0.00429	0.00491	0.00859
13	0.02545	0.01657	0.01871	0.01578	0.02094	0.01792	0.01257	0.10678	0.40615	0.22157	0.03055	0.02769	0.02171	0.01035	0.00803	0.00259	0.00668	0.00848	0.00856	0.01293
14	0.00947	0.00804	0.00817	0.00813	0.01077	0.00674	0.00610	0.01157	0.01830	0.02197	0.11108	0.07542	0.63754	0.01988	0.00937	0.00267	0.00400	0.01661	0.00744	0.00674
15	0.01065	0.00774	0.01004	0.01019	0.01168	0.00713	0.00737	0.01359	0.02003	0.02777	0.44840	0.25754	0.10023	0.01901	0.00958	0.00272	0.00401	0.01694	0.00824	0.00713
16	0.02167	0.68748	0.04048	0.01395	0.02059	0.06829	0.01367	0.02419	0.01647	0.01870	0.01109	0.01281	0.01018	0.00686	0.00520	0.00172	0.00881	0.00429	0.00343	0.01012
17	0.02042	0.01777	0.02157	0.05147	0.09787	0.01999	0.04083	0.09389	0.47203	0.03298	0.02758	0.02676	0.02077	0.00993	0.00808	0.00262	0.00735	0.00851	0.00721	0.01239
18	0.01097	0.00810	0.01024	0.00971	0.01169	0.00737	0.00728	0.01447	0.02184	0.03036	0.58597	0.06161	0.15741	0.01675	0.00936	0.00252	0.00378	0.01467	0.00854	0.00737
19	0.01629	0.01391	0.01621	0.01188	0.01857	0.01074	0.00943	0.02041	0.03959	0.02588	0.01593	0.04474	0.01381	0.00680	0.00612	0.00131	0.00584	0.00556	0.00493	0.71204
20	0.00966	0.00690	0.00920	0.01104	0.01150	0.00644	0.00736	0.01104	0.01518	0.02024	0.04371	0.71614	0.05245	0.02484	0.01012	0.00322	0.00460	0.02254	0.00736	0.00644
21	0.02174	0.01702	0.01948	0.04852	0.05878	0.01906	0.01368	0.11619	0.43682	0.08508	0.05519	0.02833	0.02332	0.01042	0.00808	0.00260	0.00689	0.00868	0.00778	0.01237
22	0.01869	0.13088	0.14143	0.02358	0.02945	0.05718	0.22261	0.02348	0.01637	0.02250	0.01367	0.01818	0.01122	0.00893	0.01257	0.00264	0.19613	0.00706	0.03337	0.01004
23	0.05970	0.01677	0.02948	0.32263	0.15502	0.01811	0.17486	0.04276	0.01765	0.02444	0.01818	0.02329	0.04572	0.00812	0.00818	0.00258	0.01041	0.00798	0.00414	0.00997
24	0.10115	0.02156	0.02264	0.01750	0.02371	0.02395	0.01446	0.58629	0.03502	0.04861	0.01828	0.01845	0.01302	0.00931	0.00765	0.00239	0.00848	0.00687	0.00765	0.01302
25	0.01138	0.00829	0.01169	0.01169	0.01274	0.00934	0.00860	0.01348	0.01243	0.01763	0.02221	0.03650	0.02214	0.23001	0.52252	0.01144	0.01775	0.00928	0.00439	0.00649
26	0.01142	0.00775	0.00870	0.00870	0.00912	0.00766	0.00517	0.01190	0.01248	0.01670	0.03076	0.05276	0.09624	0.59152	0.06255	0.00714	0.00770	0.01180	0.03472	0.00520
27	0.01122	0.00811	0.01060	0.00998	0.01185	0.00748	0.00748	0.01496	0.02245	0.03180	0.66766	0.05923	0.07482	0.01621	0.00935	0.00249	0.00374	0.01434	0.00873	0.00748
28	0.01125	0.00807	0.01043	0.00986	0.01157	0.00750	0.00725	0.01467	0.02151	0.03040	0.61273	0.05861	0.07089	0.07648	0.01200	0.00294	0.00408	0.01410	0.00839	0.00725
29	0.77733	0.01534	0.01166	0.01043	0.01534	0.01779	0.00859	0.02331	0.01350	0.03558	0.01104	0.01288	0.00859	0.00736	0.00491	0.00245	0.00613	0.00429	0.00491	0.00859
30	0.01498	0.01409	0.02378	0.70226	0.05462	0.01762	0.02202	0.02026	0.01586	0.02026	0.01409	0.02114	0.01057	0.00793	0.00793	0.00264	0.01057	0.00705	0.00352	0.00881
31	0.00964	0.00697	0.00913	0.01087	0.01146	0.00646	0.00728	0.01106	0.01535	0.02031	0.04585	0.67868	0.08852	0.02456	0.01008	0.00319	0.00457	0.02220	0.00736	0.00646
32	0.01644	0.01409	0.01644	0.01175	0.01879	0.01057	0.00940	0.01997	0.01644	0.02584	0.01409	0.01644	0.01175	0.00587	0.00587	0.00117	0.00587	0.00470	0.00470	0.76979
33	0.01245	0.01015	0.01297	0.01164	0.01392	0.03976	0.03981	0.01626	0.02226	0.03090	0.60448	0.05525	0.06867	0.01536	0.00925	0.00248	0.00472	0.01366	0.00828	0.00772
34	0.01478	0.00739	0.00739	0.00739	0.00924	0.00739	0.00554	0.01848	0.01663	0.02956	0.02587	0.02956	0.02033	0.00924	0.00554	0.00185	0.00370	0.00739	0.76534	0.00739
35	0.02164	0.69005	0.04055	0.01393	0.02057	0.06583	0.01366	0.02416	0.01645	0.01870	0.01109	0.01280	0.01018	0.00686	0.00520	0.00171	0.00879	0.00429	0.00343	0.01012
36	0.01096	0.00805	0.01026	0.00981	0.01171	0.00735	0.00732	0.01441	0.02167	0.03019	0.57774	0.08847	0.13852	0.01699	0.00939	0.00254	0.00381	0.01494	0.00852	0.00735
37	0.02964	0.02067	0.02263	0.01738	0.02368	0.02230	0.01432	0.52715	0.05502	0.11486	0.02051	0.02009	0.01440	0.00939	0.00783	0.00233	0.00828	0.00716	0.00796	0.05438
38	0.00966	0.00690	0.00920	0.01104	0.01150	0.00644	0.00736	0.01104	0.01518	0.02024	0.04371	0.71614	0.05245	0.02484	0.01012	0.00322	0.00460	0.02254	0.00736	0.00644
39	0.01619	0.07809	0.64567	0.02211	0.03357	0.01912	0.02845	0.02504	0.01671	0.02476	0.01406	0.01652	0.01005	0.00749	0.00740	0.00247	0.01154	0.00577	0.00335	0.01164
40	0.01735	0.01735	0.02429	0.02082	0.02082	0.02429	0.01735	0.01908	0.01214	0.01908	0.01041	0.01735	0.01041	0.01388	0.02602	0.00347	0.70680	0.00694	0.00347	0.00867
41	0.01644	0.01409	0.01644	0.01175	0.01879	0.01057	0.00940	0.01997	0.01644	0.02584	0.01409	0.01644	0.01175	0.00587	0.00587	0.00117	0.00587	0.00470	0.00470	0.76979
42	0.03014	0.02221	0.02380	0.01825	0.02459	0.02459	0.01507	0.64541	0.03728	0.04998	0.01904	0.01904	0.01349	0.00952	0.00793	0.00238	0.00873	0.00714	0.00793	0.01349
43	0.00937	0.00803	0.00803	0.00803	0.01071	0.00669	0.00602	0.01138	0.01807	0.02142	0.08033	0.07632	0.66863	0.02008	0.00937	0.00268	0.00402	0.01674	0.00736	0.00669
44	0.03014	0.02221	0.02380	0.01825	0.02459	0.02459	0.01507	0.64541	0.03728	0.04998	0.01904	0.01904	0.01349	0.00952	0.00793	0.00238	0.00873	0.00714	0.00793	0.01349
45	0.01498	0.01409	0.02378	0.70226	0.05462	0.01762	0.02202	0.02026	0.01586	0.02026	0.01409	0.02114	0.01057	0.00793	0.00793	0.00264	0.01057	0.00705	0.00352	0.00881
46	0.01133	0.00850	0.01274	0.01274	0.01416	0.00991	0.00991	0.01416	0.01274	0.01841	0.02124	0.03115	0.01982	0.05947	0.68989	0.01274	0.02124	0.00850	0.00425	0.00708
47	0.01735	0.01735	0.02429	0.02082	0.02082	0.02429	0.01735	0.01908	0.01214	0.01908	0.01041	0.01735	0.01041	0.01388	0.02602	0.00347	0.70680	0.00694	0.00347	0.00867
48	0.03558	0.01350	0.01840	0.01411	0.02024	0.01166	0.01166	0.03865	0.02270	0.67734	0.03128	0.02699	0.01963	0.00981	0.00797	0.00245	0.00675	0.00797	0.00981	0.01350
49	0.01098	0.00814	0.01027	0.00986	0.01187	0.00743	0.00748	0.01443	0.02152	0.02968	0.53961	0.06351	0.17367	0.01713	0.00943	0.00258	0.00395	0.04270	0.00843	0.00734
50	0.00995	0.00796	0.00891	0.00888	0.01112	0.00691	0.00658	0.01243	0.01913	0.02444	0.25358	0.12749	0.43598	0.01934	0.00943	0.00267	0.00399	0.01653	0.00777	0.00691
51	0.01872	0.02139	0.04679	0.03342	0.04144	0.02005	0.64305	0.02540	0.01872	0.02540	0.01604	0.02139	0.01203	0.00668	0.00936	0.00267	0.01337	0.00936	0.00401	0.01070
52	0.01134	0.00846	0.01257	0.01257	0.01393	0.00982	0.00970	0.01405	0.01269	0.01828	0.02140	0.03201	0.02020	0.08685	0.66302	0.01254	0.02068	0.00862	0.00427	0.00699
53	0.01498	0.01409	0.02378	0.70226	0.05462	0.01762	0.02202	0.02026	0.01586	0.02026	0.01409	0.02114	0.01057	0.00793	0.00793	0.00264	0.01057	0.00705	0.00352	0.00881
54	0.55574	0.01475	0.01383	0.10644	0.02096	0.01699	0.01067	0.04845	0.01531	0.05611	0.01445	0.04678	0.01180	0.00846	0.00581	0.00249	0.00673	0.00584	0.02953	0.00886
55	0.01678	0.02147	0.12973	0.16569	0.03626	0.05693	0.24487	0.02214	0.01702	0.02271	0.01855	0.11684	0.01683	0.01027	0.01011	0.00275	0.06748	0.00974	0.00424	0.00961
56	0.03043	0.01492	0.02000	0.01537	0.02141	0.01379	0.04589	0.10023	0.06760	0.45132	0.05434	0.02652	0.02055	0.00963	0.00794	0.00237	0.00709	0.00803	0.00872	0.07385
57	0.71558	0.01742	0.06588	0.01142	0.01688	0.01784	0.01027	0.02346	0.01376	0.03473	0.01130	0.01319	0.00871	0.00738	0.00512	0.00246	0.00659	0.00442	0.00478	0.00884
58	0.04547	0.09871	0.51359	0.02277	0.03330	0.01977	0.10879	0.02496	0.01683	0.02497	0.01406	0.01686	0.01027	0.00735	0.00746	0.00246	0.01144	0.00612	0.00350	0.01133

[dist]
# distance from previous block
# <min> <max>
0	5

[block]
# block no. 5 follows, 24 sequences, length 58
# corresponding to MSA columns:
# 289-346
name=unknown_F
#
# <colnr> <probs for GDERKNQSTAVLIFYWHMCP>
#	G	D	E	R	K	N	Q	S	T	A	V	L	I	F	Y	W	H	M	C	P
0	0.02127	0.01523	0.05089	0.01333	0.01770	0.01463	0.01123	0.22995	0.05210	0.09433	0.15875	0.03138	0.02906	0.01082	0.00757	0.00229	0.00619	0.00881	0.21404	0.01043
1	0.01167	0.00865	0.01097	0.01041	0.01247	0.00820	0.00791	0.01638	0.05802	0.03103	0.57672	0.05964	0.10075	0.01633	0.00935	0.00256	0.00404	0.03860	0.00857	0.00772
2	0.77733	0.01534	0.01166	0.01043	0.01534	0.01779	0.00859	0.02331	0.01350	0.03558	0.01104	0.01288	0.00859	0.00736	0.00491	0.00245	0.00613	0.00429	0.00491	0.00859
3	0.05902	0.03956	0.64237	0.02191	0.03325	0.01838	0.02813	0.02501	0.01656	0.02571	0.01405	0.01652	0.00996	0.00752	0.00739	0.00251	0.01140	0.00577	0.00344	0.01154
4	0.01919	0.09993	0.49526	0.02222	0.06948	0.01877	0.02523	0.02671	0.01754	0.10981	0.01620	0.01788	0.01146	0.00773	0.00738	0.00242	0.01063	0.00606	0.00423	0.01186
5	0.01962	0.01464	0.02329	0.39816	0.14917	0.01636	0.01937	0.02515	0.05174	0.14396	0.01964	0.05149	0.01507	0.00899	0.00802	0.00259	0.00919	0.00797	0.00516	0.01042
6	0.77733	0.01534	0.01166	0.01043	0.01534	0.01779	0.00859	0.02331	0.01350	0.03558	0.01104	0.01288	0.00859	0.00736	0.00491	0.00245	0.00613	0.00429	0.00491	0.00859
7	0.01153	0.00769	0.00865	0.00865	0.00865	0.00769	0.00480	0.01153	0.01153	0.01538	0.02499	0.05189	0.02883	0.72131	0.04036	0.00769	0.00769	0.01153	0.00480	0.00480
8	0.01133	0.00850	0.01274	0.01274	0.01416	0.00991	0.00991	0.01416	0.01274	0.01841	0.02124	0.03115	0.01982	0.05947	0.68989	0.01274	0.02124	0.00850	0.00425	0.00708
9	0.01452	0.00893	0.01076	0.00992	0.01278	0.00780	0.00757	0.01726	0.02019	0.13744	0.27041	0.10046	0.31735	0.01728	0.00917	0.00261	0.00443	0.01476	0.00825	0.00812
10	0.01523	0.01439	0.02240	0.01896	0.02042	0.01797	0.09656	0.01776	0.01312	0.01935	0.01570	0.02531	0.01517	0.09811	0.21281	0.00642	0.35016	0.00817	0.00390	0.00810
11	0.02120	0.72609	0.04155	0.01357	0.02035	0.03138	0.01357	0.02374	0.01611	0.01866	0.01102	0.01272	0.01018	0.00678	0.00509	0.00170	0.00848	0.00424	0.00339	0.01018
12	0.00966	0.00690	0.00920	0.01104	0.01150	0.00644	0.00736	0.01104	0.01518	0.02024	0.04371	0.71614	0.05245	0.02484	0.01012	0.00322	0.00460	0.02254	0.00736	0.00644
13	0.66948	0.01633	0.01341	0.01156	0.01667	0.01877	0.00952	0.11310	0.01693	0.03766	0.01220	0.01377	0.00929	0.00767	0.00534	0.00244	0.00651	0.00470	0.00534	0.00929
14	0.03014	0.02221	0.02380	0.01825	0.02459	0.02459	0.01507	0.64541	0.03728	0.04998	0.01904	0.01904	0.01349	0.00952	0.00793	0.00238	0.00873	0.00714	0.00793	0.01349
15	0.01972	0.01703	0.01793	0.01614	0.02062	0.01972	0.01255	0.04214	0.65752	0.03317	0.03228	0.02959	0.02421	0.01076	0.00807	0.00269	0.00628	0.00897	0.00807	0.01255
16	0.01735	0.01735	0.02429	0.02082	0.02082	0.02429	0.01735	0.01908	0.01214	0.01908	0.01041	0.01735	0.01041	0.01388	0.02602	0.00347	0.70680	0.00694	0.00347	0.00867
17	0.77733	0.01534	0.01166	0.01043	0.01534	0.01779	0.00859	0.02331	0.01350	0.03558	0.01104	0.01288	0.00859	0.00736	0.00491	0.00245	0.00613	0.00429	0.00491	0.00859
18	0.01972	0.01703	0.01793	0.01614	0.02062	0.01972	0.01255	0.04214	0.65752	0.03317	0.03228	0.02959	0.02421	0.01076	0.00807	0.00269	0.00628	0.00897	0.00807	0.01255
19	0.01119	0.00785	0.00957	0.00939	0.01040	0.00748	0.00626	0.01310	0.01711	0.02359	0.32904	0.09618	0.07660	0.32226	0.02283	0.00479	0.00551	0.01371	0.00689	0.00623
20	0.01100	0.00805	0.01032	0.00985	0.01173	0.00737	0.00735	0.01450	0.02178	0.03045	0.59225	0.08607	0.12587	0.01688	0.00938	0.00254	0.00380	0.01487	0.00856	0.00737
21	0.02962	0.03779	0.02247	0.02043	0.02451	0.68948	0.01532	0.03166	0.02247	0.01941	0.01226	0.01430	0.01021	0.00817	0.00715	0.00204	0.01430	0.00511	0.00409	0.00919
22	0.01963	0.01884	0.03219	0.04867	0.67185	0.01884	0.02434	0.02434	0.01806	0.02591	0.01492	0.01963	0.01256	0.00707	0.00785	0.00236	0.00942	0.00707	0.00393	0.01256
23	0.02962	0.03779	0.02247	0.02043	0.02451	0.68948	0.01532	0.03166	0.02247	0.01941	0.01226	0.01430	0.01021	0.00817	0.00715	0.00204	0.01430	0.00511	0.00409	0.00919
24	0.01925	0.01846	0.03151	0.10118	0.62226	0.01874	0.02415	0.02401	0.01788	0.02545	0.01485	0.01975	0.01240	0.00713	0.00786	0.00238	0.00951	0.00706	0.00389	0.01226
25	0.00937	0.00803	0.00803	0.00803	0.01071	0.00669	0.00602	0.01138	0.01807	0.02142	0.08033	0.07632	0.66863	0.02008	0.00937	0.00268	0.00402	0.01674	0.00736	0.00669
26	0.01644	0.01409	0.01644	0.01175	0.01879	0.01057	0.00940	0.01997	0.01644	0.02584	0.01409	0.01644	0.01175	0.00587	0.00587	0.00117	0.00587	0.00470	0.00470	0.76979
27	0.01644	0.01409	0.01644	0.01175	0.01879	0.01057	0.00940	0.01997	0.01644	0.02584	0.01409	0.01644	0.01175	0.00587	0.00587	0.00117	0.00587	0.00470	0.00470	0.76979
28	0.01979	0.01933	0.03056	0.04520	0.59934	0.05496	0.02319	0.02429	0.01831	0.02543	0.01630	0.02329	0.01431	0.00797	0.00799	0.00241	0.00957	0.04158	0.00413	0.01208
29	0.02035	0.01735	0.01828	0.01626	0.02086	0.02002	0.01270	0.07838	0.62026	0.03418	0.03148	0.02895	0.02356	0.01068	0.00806	0.00267	0.00642	0.00886	0.00806	0.01261
30	0.01136	0.00837	0.01212	0.01212	0.01332	0.00957	0.00913	0.01376	0.01256	0.01795	0.02181	0.03431	0.02120	0.16027	0.59096	0.01197	0.01918	0.00896	0.00433	0.00673
31	0.00958	0.00808	0.00833	0.00837	0.01098	0.00682	0.00635	0.01173	0.01827	0.02195	0.10386	0.07610	0.61916	0.01999	0.00943	0.00271	0.00413	0.03999	0.00742	0.00675
32	0.01498	0.01409	0.02378	0.70226	0.05462	0.01762	0.02202	0.02026	0.01586	0.02026	0.01409	0.02114	0.01057	0.00793	0.00793	0.00264	0.01057	0.00705	0.00352	0.00881
33	0.00990	0.00722	0.00933	0.01057	0.01148	0.00664	0.00725	0.01175	0.01671	0.02235	0.15482	0.54122	0.11568	0.02290	0.00992	0.00304	0.00440	0.02057	0.00760	0.00664
34	0.01579	0.01499	0.02492	0.55831	0.13190	0.01835	0.02192	0.02069	0.01582	0.02089	0.01388	0.02062	0.01082	0.00833	0.00949	0.00268	0.07071	0.00704	0.00357	0.00928
35	0.01122	0.00811	0.01060	0.00998	0.01185	0.00748	0.00748	0.01496	0.02245	0.03180	0.66766	0.05923	0.07482	0.01621	0.00935	0.00249	0.00374	0.01434	0.00873	0.00748
36	0.77733	0.01534	0.01166	0.01043	0.01534	0.01779	0.00859	0.02331	0.01350	0.03558	0.01104	0.01288	0.00859	0.00736	0.00491	0.00245	0.00613	0.00429	0.00491	0.00859
37	0.01735	0.01735	0.02429	0.02082	0.02082	0.02429	0.01735	0.01908	0.01214	0.01908	0.01041	0.01735	0.01041	0.01388	0.02602	0.00347	0.70680	0.00694	0.00347	0.00867
38	0.01122	0.00811	0.01060	0.00998	0.01185	0.00748	0.00748	0.01496	0.02245	0.03180	0.66766	0.05923	0.07482	0.01621	0.00935	0.00249	0.00374	0.01434	0.00873	0.00748
39	0.00975	0.00697	0.00928	0.01098	0.01152	0.00650	0.00737	0.01126	0.01558	0.02087	0.07782	0.68022	0.05367	0.02437	0.01008	0.00318	0.00455	0.02209	0.00744	0.00650
40	0.01963	0.01884	0.03219	0.04867	0.67185	0.01884	0.02434	0.02434	0.01806	0.02591	0.01492	0.01963	0.01256	0.00707	0.00785	0.00236	0.00942	0.00707	0.00393	0.01256
41	0.01153	0.00769	0.00865	0.00865	0.00865	0.00769	0.00480	0.01153	0.01153	0.01538	0.02499	0.05189	0.02883	0.72131	0.04036	0.00769	0.00769	0.01153	0.00480	0.00480
42	0.77733	0.01534	0.01166	0.01043	0.01534	0.01779	0.00859	0.02331	0.01350	0.03558	0.01104	0.01288	0.00859	0.00736	0.00491	0.00245	0.00613	0.00429	0.00491	0.00859
43	0.73642	0.01495	0.01160	0.01040	0.01515	0.01724	0.00853	0.02286	0.01397	0.03538	0.04611	0.01536	0.01212	0.00783	0.00514	0.00246	0.00601	0.00483	0.00511	0.00853
44	0.03014	0.02221	0.02380	0.01825	0.02459	0.02459	0.01507	0.64541	0.03728	0.04998	0.01904	0.01904	0.01349	0.00952	0.00793	0.00238	0.00873	0.00714	0.00793	0.01349
45	0.02026	0.01730	0.01823	0.01625	0.02083	0.01998	0.01268	0.07335	0.62543	0.03404	0.03159	0.02904	0.02365	0.01069	0.00806	0.00267	0.00640	0.00887	0.00806	0.01260
46	0.01498	0.01409	0.02378	0.70226	0.05462	0.01762	0.02202	0.02026	0.01586	0.02026	0.01409	0.02114	0.01057	0.00793	0.00793	0.00264	0.01057	0.00705	0.00352	0.00881
47	0.00966	0.00690	0.00920	0.01104	0.01150	0.00644	0.00736	0.01104	0.01518	0.02024	0.04371	0.71614	0.05245	0.02484	0.01012	0.00322	0.00460	0.02254	0.00736	0.00644
48	0.01153	0.00769	0.00865	0.00865	0.00865	0.00769	0.00480	0.01153	0.01153	0.01538	0.02499	0.05189	0.02883	0.72131	0.04036	0.00769	0.00769	0.01153	0.00480	0.00480
49	0.00959	0.00804	0.00834	0.00827	0.01085	0.00679	0.00620	0.01181	0.01860	0.02266	0.15040	0.07428	0.59779	0.01962	0.00937	0.00266	0.00398	0.01645	0.00753	0.00679
50	0.00989	0.00707	0.00945	0.01119	0.01178	0.00663	0.00766	0.01149	0.01564	0.02090	0.06867	0.65549	0.05297	0.02434	0.01014	0.00321	0.00471	0.05480	0.00741	0.00653
51	0.01872	0.02139	0.04679	0.03342	0.04144	0.02005	0.64305	0.02540	0.01872	0.02540	0.01604	0.02139	0.01203	0.00668	0.00936	0.00267	0.01337	0.00936	0.00401	0.01070
52	0.77733	0.01534	0.01166	0.01043	0.01534	0.01779	0.00859	0.02331	0.01350	0.03558	0.01104	0.01288	0.00859	0.00736	0.00491	0.00245	0.00613	0.00429	0.00491	0.00859
53	0.01644	0.01409	0.01644	0.01175	0.01879	0.01057	0.00940	0.01997	0.01644	0.02584	0.01409	0.01644	0.01175	0.00587	0.00587	0.00117	0.00587	0.00470	0.00470	0.76979
54	0.01635	0.07547	0.61818	0.02330	0.06214	0.01911	0.02826	0.02501	0.01677	0.02481	0.01410	0.01666	0.01016	0.00747	0.00742	0.00246	0.01145	0.00583	0.00338	0.01168
55	0.01912	0.01283	0.01434	0.01228	0.01488	0.01359	0.00889	0.22283	0.02096	0.06304	0.02319	0.03741	0.02233	0.37481	0.06295	0.00565	0.00855	0.00951	0.04446	0.00840
56	0.02120	0.72609	0.04155	0.01357	0.02035	0.03138	0.01357	0.02374	0.01611	0.01866	0.01102	0.01272	0.01018	0.00678	0.00509	0.00170	0.00848	0.00424	0.00339	0.01018
57	0.01712	0.03830	0.60789	0.02374	0.07191	0.01810	0.02811	0.02575	0.01712	0.05808	0.01513	0.01743	0.01068	0.00762	0.00758	0.00250	0.01133	0.00604	0.00371	0.01186

[dist]
# distance from previous block
# <min> <max>
0	1

[block]
# block no. 6 follows, 24 sequences, length 18
# corresponding to MSA columns:
# 348-365
name=unknown_G
#
# <colnr> <probs for GDERKNQSTAVLIFYWHMCP>
#	G	D	E	R	K	N	Q	S	T	A	V	L	I	F	Y	W	H	M	C	P
0	0.02284	0.05701	0.29961	0.01952	0.05865	0.01663	0.01979	0.03109	0.10177	0.23179	0.04686	0.02323	0.01751	0.00895	0.00772	0.00247	0.00888	0.00724	0.00623	0.01220
1	0.01590	0.04102	0.68023	0.02260	0.03432	0.01842	0.02930	0.02511	0.01674	0.02511	0.01423	0.01674	0.01005	0.00753	0.00753	0.00251	0.01172	0.00586	0.00335	0.01172
2	0.03014	0.02221	0.02380	0.01825	0.02459	0.02459	0.01507	0.64541	0.03728	0.04998	0.01904	0.01904	0.01349	0.00952	0.00793	0.00238	0.00873	0.00714	0.00793	0.01349
3	0.01698	0.06834	0.62494	0.02186	0.03313	0.01866	0.02788	0.02564	0.01697	0.05313	0.01484	0.01702	0.01047	0.00760	0.00745	0.00247	0.01137	0.00588	0.00363	0.01173
4	0.01014	0.00714	0.00925	0.01074	0.01117	0.00679	0.00711	0.01136	0.01462	0.01947	0.04012	0.56528	0.04773	0.15557	0.01584	0.00408	0.00529	0.04526	0.00688	0.00617
5	0.02222	0.01827	0.01933	0.01664	0.02157	0.02089	0.01315	0.18636	0.50924	0.03719	0.02911	0.02706	0.02164	0.01046	0.00804	0.00262	0.00686	0.00853	0.00804	0.01277
6	0.01098	0.00810	0.01027	0.00972	0.01170	0.00738	0.00729	0.01450	0.02188	0.03046	0.59169	0.06144	0.15164	0.01671	0.00936	0.00252	0.00378	0.01465	0.00855	0.00738
7	0.01972	0.01703	0.01793	0.01614	0.02062	0.01972	0.01255	0.04214	0.65752	0.03317	0.03228	0.02959	0.02421	0.01076	0.00807	0.00269	0.00628	0.00897	0.00807	0.01255
8	0.01627	0.03848	0.59829	0.02400	0.03524	0.01863	0.10869	0.02515	0.01700	0.02515	0.01447	0.01734	0.01030	0.00742	0.00777	0.00253	0.01193	0.00631	0.00343	0.01159
9	0.00966	0.00690	0.00920	0.01104	0.01150	0.00644	0.00736	0.01104	0.01518	0.02024	0.04371	0.71614	0.05245	0.02484	0.01012	0.00322	0.00460	0.02254	0.00736	0.00644
10	0.01525	0.01437	0.02428	0.66401	0.09073	0.01769	0.02216	0.02050	0.01598	0.02059	0.01414	0.02105	0.01069	0.00788	0.00792	0.00263	0.01050	0.00705	0.00355	0.00903
11	0.01590	0.04102	0.68023	0.02260	0.03432	0.01842	0.02930	0.02511	0.01674	0.02511	0.01423	0.01674	0.01005	0.00753	0.00753	0.00251	0.01172	0.00586	0.00335	0.01172
12	0.01587	0.01533	0.02685	0.50572	0.07588	0.01815	0.10821	0.02101	0.01611	0.02146	0.01454	0.02112	0.01119	0.00820	0.00938	0.00267	0.06194	0.00738	0.02982	0.00918
13	0.09357	0.01421	0.01798	0.01421	0.02000	0.01327	0.01174	0.08118	0.04471	0.52692	0.02927	0.02823	0.01964	0.01018	0.00786	0.00251	0.00685	0.03578	0.00910	0.01278
14	0.01694	0.01538	0.02706	0.46473	0.12912	0.01739	0.10674	0.02218	0.01686	0.04959	0.01573	0.02161	0.01186	0.00778	0.00801	0.00257	0.01033	0.00742	0.03900	0.00968
15	0.01886	0.01804	0.03056	0.09511	0.59888	0.01825	0.02340	0.02350	0.01789	0.02530	0.01758	0.02210	0.03972	0.00767	0.00792	0.00239	0.00928	0.00747	0.00404	0.01204
16	0.01846	0.02060	0.04324	0.06662	0.06590	0.02022	0.53677	0.02459	0.01802	0.02466	0.01545	0.02098	0.01185	0.00734	0.01056	0.00272	0.06861	0.00896	0.00394	0.01051
17	0.01668	0.01628	0.02896	0.44482	0.21432	0.01825	0.10296	0.02199	0.01680	0.02240	0.01456	0.02078	0.01128	0.00754	0.00809	0.00257	0.01063	0.00735	0.00369	0.01003

[dist]
# distance from previous block
# <min> <max>
0	1

[block]
# block no. 7 follows, 24 sequences, length 19
# corresponding to MSA columns:
# 367-385
name=unknown_H
#
# <colnr> <probs for GDERKNQSTAVLIFYWHMCP>
#	G	D	E	R	K	N	Q	S	T	A	V	L	I	F	Y	W	H	M	C	P
0	0.01579	0.07786	0.60079	0.02115	0.03201	0.01840	0.02691	0.02415	0.01679	0.02451	0.01829	0.02033	0.05229	0.00830	0.00751	0.00248	0.01104	0.00647	0.00361	0.01131
1	0.00966	0.00690	0.00920	0.01104	0.01150	0.00644	0.00736	0.01104	0.01518	0.02024	0.04371	0.71614	0.05245	0.02484	0.01012	0.00322	0.00460	0.02254	0.00736	0.00644
2	0.01609	0.03975	0.63915	0.02330	0.03478	0.01852	0.06910	0.02513	0.01687	0.02513	0.01435	0.01704	0.01017	0.00748	0.00765	0.00252	0.01183	0.00609	0.00339	0.01165
3	0.01841	0.01760	0.03000	0.21916	0.51084	0.01852	0.02373	0.02327	0.01748	0.02443	0.01470	0.02002	0.01204	0.00729	0.00787	0.00243	0.00972	0.00706	0.00382	0.01158
4	0.01550	0.01463	0.02474	0.62809	0.12465	0.01776	0.02229	0.02072	0.01611	0.02090	0.01419	0.02097	0.01080	0.00783	0.00792	0.00261	0.01044	0.00705	0.00357	0.00923
5	0.01278	0.00913	0.01278	0.01460	0.01643	0.00913	0.01278	0.01643	0.01825	0.02373	0.04199	0.08945	0.04564	0.02191	0.01095	0.00365	0.00730	0.61847	0.00730	0.00730
6	0.01291	0.00935	0.01281	0.01447	0.01634	0.00945	0.01246	0.01727	0.04646	0.02395	0.04165	0.12200	0.04507	0.02158	0.01078	0.00358	0.00710	0.55794	0.00734	0.00749
7	0.77733	0.01534	0.01166	0.01043	0.01534	0.01779	0.00859	0.02331	0.01350	0.03558	0.01104	0.01288	0.00859	0.00736	0.00491	0.00245	0.00613	0.00429	0.00491	0.00859
8	0.02063	0.53966	0.18538	0.01564	0.02352	0.02758	0.01705	0.02470	0.01654	0.04884	0.01263	0.01425	0.01056	0.00709	0.00577	0.00191	0.00914	0.00477	0.00366	0.01067
9	0.61258	0.01481	0.01263	0.03881	0.01698	0.01699	0.00931	0.06173	0.01517	0.03398	0.01464	0.06744	0.01301	0.03580	0.00695	0.00271	0.00642	0.00622	0.00522	0.00861
10	0.07707	0.02046	0.02179	0.01698	0.02294	0.02237	0.01391	0.53519	0.03336	0.04606	0.01963	0.05766	0.01526	0.01004	0.00775	0.00237	0.00817	0.00769	0.00753	0.05380
11	0.02179	0.68010	0.04039	0.01387	0.02063	0.03093	0.01367	0.06436	0.01750	0.02070	0.01155	0.01313	0.01039	0.00696	0.00527	0.00174	0.00850	0.00443	0.00369	0.01039
12	0.13581	0.36469	0.21456	0.01623	0.02387	0.08370	0.01738	0.02476	0.01645	0.02312	0.01204	0.01401	0.00990	0.00720	0.00593	0.00207	0.00954	0.00478	0.00367	0.01028
13	0.01809	0.32347	0.41690	0.01888	0.02856	0.02376	0.02281	0.02455	0.01648	0.02245	0.01291	0.01508	0.01010	0.00722	0.00653	0.00218	0.01038	0.00519	0.00337	0.01108
14	0.01750	0.21342	0.35767	0.04917	0.12749	0.02126	0.02304	0.02379	0.01681	0.02319	0.01671	0.01920	0.04250	0.00789	0.00705	0.00229	0.01011	0.00620	0.00365	0.01109
15	0.05905	0.27544	0.35333	0.01969	0.06363	0.02241	0.02139	0.02402	0.01669	0.02379	0.04353	0.01728	0.01318	0.00764	0.00664	0.00221	0.00978	0.00568	0.00373	0.01086
16	0.13120	0.26104	0.30375	0.02048	0.09213	0.02264	0.02052	0.02431	0.01619	0.02462	0.01277	0.01514	0.01013	0.00721	0.00637	0.00222	0.00959	0.00522	0.00365	0.01083
17	0.01768	0.18585	0.35066	0.02286	0.11810	0.04801	0.02226	0.02391	0.01762	0.02426	0.08180	0.02060	0.01720	0.00824	0.00721	0.00229	0.00995	0.00653	0.00403	0.01095
18	0.19586	0.20305	0.28175	0.01975	0.08267	0.04827	0.01956	0.02454	0.01617	0.02580	0.01267	0.01500	0.00997	0.00729	0.00633	0.00226	0.00951	0.00517	0.00380	0.01058

[dist]
# distance from previous block
# <min> <max>
0	13

[block]
# block no. 8 follows, 24 sequences, length 24
# corresponding to MSA columns:
# 399-421,423
name=unknown_I
#
# <colnr> <probs for GDERKNQSTAVLIFYWHMCP>
#	G	D	E	R	K	N	Q	S	T	A	V	L	I	F	Y	W	H	M	C	P
0	0.09144	0.02082	0.07055	0.05706	0.25183	0.05798	0.01834	0.17190	0.04854	0.06917	0.05254	0.02141	0.01629	0.00861	0.00764	0.00240	0.00887	0.00716	0.00567	0.01178
1	0.10686	0.01785	0.01818	0.05481	0.02179	0.07804	0.01248	0.18622	0.12960	0.13997	0.07766	0.02749	0.05247	0.01038	0.00768	0.00244	0.00754	0.00814	0.02927	0.01114
2	0.04690	0.03794	0.03053	0.06846	0.14080	0.02069	0.17822	0.19880	0.04661	0.05846	0.01710	0.02002	0.01294	0.00828	0.00903	0.00248	0.04788	0.00752	0.00546	0.04189
3	0.32279	0.01882	0.02058	0.01826	0.07194	0.02085	0.04953	0.27323	0.06892	0.03982	0.01632	0.01753	0.01215	0.00840	0.00682	0.00245	0.00785	0.00627	0.00621	0.01125
4	0.01918	0.01928	0.07738	0.21922	0.27099	0.01891	0.05120	0.11210	0.04694	0.02789	0.01733	0.02365	0.01403	0.00855	0.00809	0.00254	0.00977	0.03703	0.00468	0.01125
5	0.02288	0.01972	0.04903	0.05222	0.06255	0.08217	0.08936	0.20841	0.02473	0.08285	0.09226	0.02479	0.02057	0.00927	0.00783	0.00229	0.00873	0.00789	0.07031	0.06214
6	0.02776	0.01966	0.02160	0.01836	0.05329	0.04875	0.01412	0.41319	0.05637	0.13077	0.02342	0.09493	0.01875	0.01107	0.00814	0.00248	0.00818	0.00889	0.00778	0.01247
7	0.02742	0.06004	0.02408	0.02153	0.09417	0.26931	0.01552	0.22100	0.07069	0.06665	0.01710	0.01812	0.01304	0.00859	0.00743	0.00220	0.01047	0.00632	0.00584	0.04048
8	0.01849	0.17671	0.45903	0.02101	0.03081	0.09046	0.04954	0.02553	0.01729	0.02325	0.01346	0.01587	0.01017	0.00742	0.00708	0.00231	0.01141	0.00560	0.00346	0.01111
9	0.02054	0.64108	0.12080	0.01469	0.02209	0.02977	0.01552	0.02391	0.01619	0.01946	0.01142	0.01322	0.01016	0.00688	0.00539	0.00180	0.00888	0.00444	0.00339	0.01037
10	0.09033	0.01868	0.02022	0.01636	0.02175	0.02040	0.01337	0.41635	0.07794	0.09597	0.02344	0.07393	0.01900	0.01125	0.00802	0.00255	0.00778	0.04272	0.00777	0.01215
11	0.71436	0.01592	0.01268	0.01109	0.01612	0.01836	0.00913	0.07574	0.01550	0.03679	0.01172	0.01340	0.00900	0.00754	0.00516	0.00245	0.00635	0.00453	0.00516	0.00900
12	0.01478	0.00739	0.00739	0.00739	0.00924	0.00739	0.00554	0.01848	0.01663	0.02956	0.02587	0.02956	0.02033	0.00924	0.00554	0.00185	0.00370	0.00739	0.76534	0.00739
13	0.02719	0.02042	0.02194	0.01745	0.02313	0.02267	0.01418	0.50899	0.13499	0.04542	0.02271	0.06471	0.01766	0.01068	0.00809	0.00248	0.00807	0.00840	0.00792	0.01289
14	0.01377	0.00689	0.01033	0.01033	0.01033	0.00689	0.00689	0.01033	0.01033	0.01377	0.01377	0.02410	0.01377	0.02755	0.03099	0.76928	0.00689	0.00689	0.00344	0.00344
15	0.77733	0.01534	0.01166	0.01043	0.01534	0.01779	0.00859	0.02331	0.01350	0.03558	0.01104	0.01288	0.00859	0.00736	0.00491	0.00245	0.00613	0.00429	0.00491	0.00859
16	0.01218	0.00894	0.01195	0.01345	0.01543	0.00870	0.01160	0.01555	0.01822	0.02333	0.04870	0.08715	0.15468	0.02159	0.01068	0.00348	0.00673	0.51315	0.00731	0.00720
17	0.26603	0.10544	0.09192	0.01381	0.02025	0.01678	0.01286	0.03046	0.01832	0.32116	0.02050	0.01964	0.01391	0.00841	0.00660	0.00237	0.00732	0.00612	0.00676	0.01134
18	0.01746	0.24163	0.49320	0.01996	0.03023	0.02221	0.02469	0.02471	0.01656	0.02322	0.01329	0.01556	0.01008	0.00731	0.00682	0.00227	0.01077	0.00539	0.00336	0.01127
19	0.01738	0.23176	0.50241	0.02009	0.03043	0.02202	0.02492	0.02473	0.01657	0.02332	0.01334	0.01562	0.01008	0.00733	0.00685	0.00228	0.01082	0.00541	0.00336	0.01129
20	0.02983	0.01342	0.01831	0.01420	0.01979	0.01193	0.03212	0.06656	0.02297	0.48356	0.12872	0.03082	0.02723	0.01047	0.00812	0.00239	0.00656	0.00879	0.00906	0.05516
21	0.02555	0.01114	0.01481	0.01243	0.01659	0.00980	0.00973	0.02821	0.02059	0.41718	0.11576	0.13974	0.07300	0.05487	0.01044	0.00289	0.00593	0.01173	0.00886	0.01074
22	0.01770	0.01424	0.01701	0.01241	0.01900	0.01141	0.00999	0.02110	0.01660	0.06657	0.01497	0.01716	0.01217	0.00657	0.00714	0.00138	0.04550	0.00503	0.00495	0.67910
23	0.01590	0.04102	0.68023	0.02260	0.03432	0.01842	0.02930	0.02511	0.01674	0.02511	0.01423	0.01674	0.01005	0.00753	0.00753	0.00251	0.01172	0.00586	0.00335	0.01172

[dist]
# distance from previous block
# <min> <max>
0	1

[block]
# block no. 9 follows, 24 sequences, length 243
# corresponding to MSA columns:
# 425-667
name=unknown_J
#
# <colnr> <probs for GDERKNQSTAVLIFYWHMCP>
#	G	D	E	R	K	N	Q	S	T	A	V	L	I	F	Y	W	H	M	C	P
0	0.02120	0.72609	0.04155	0.01357	0.02035	0.03138	0.01357	0.02374	0.01611	0.01866	0.01102	0.01272	0.01018	0.00678	0.00509	0.00170	0.00848	0.00424	0.00339	0.01018
1	0.01658	0.12788	0.59925	0.02146	0.03255	0.02006	0.02730	0.02494	0.01666	0.02429	0.01382	0.01623	0.01006	0.00744	0.00722	0.00241	0.01131	0.00565	0.00335	0.01152
2	0.05768	0.03695	0.02207	0.02005	0.02417	0.66428	0.01507	0.03135	0.02214	0.02001	0.01221	0.01425	0.01015	0.00814	0.00707	0.00206	0.01399	0.00508	0.00412	0.00917
3	0.01731	0.03905	0.63300	0.02200	0.03332	0.01793	0.02804	0.02608	0.01717	0.07165	0.01545	0.01747	0.01073	0.00770	0.00757	0.00251	0.01136	0.00601	0.00381	0.01185
4	0.01615	0.07234	0.65103	0.02219	0.03368	0.01901	0.02858	0.02505	0.01671	0.02482	0.01408	0.01656	0.01005	0.00750	0.00742	0.00247	0.01157	0.00579	0.00335	0.01165
