[name]
unknown

[dist]
# distance from previous block
# <min> <max>
0	282

[block]
# block no. 0 follows, 25 sequences, length 19
# corresponding to MSA columns:
# 282-300
name=unknown_A
#
# <colnr> <probs for GDERKNQSTAVLIFYWHMCP>
#	G	D	E	R	K	N	Q	S	T	A	V	L	I	F	Y	W	H	M	C	P
0	0.16155	0.06410	0.14664	0.03137	0.02046	0.01641	0.01391	0.11815	0.06142	0.03150	0.10806	0.02788	0.02280	0.00995	0.00704	0.00237	0.00717	0.04242	0.09706	0.00972
1	0.01730	0.24047	0.45652	0.02117	0.07119	0.02173	0.02385	0.02412	0.01627	0.02276	0.01304	0.01541	0.01002	0.00712	0.00669	0.00221	0.01039	0.00534	0.00332	0.01107
2	0.01881	0.42849	0.19525	0.05762	0.02789	0.02537	0.10441	0.02356	0.01623	0.02074	0.01237	0.01500	0.01019	0.00686	0.00628	0.00203	0.00982	0.00536	0.00340	0.01030
3	0.02285	0.55298	0.03582	0.01500	0.02095	0.20227	0.01371	0.02521	0.01736	0.01843	0.01109	0.01284	0.00996	0.00698	0.00549	0.00175	0.00976	0.00436	0.00349	0.00970
4	0.00966	0.00691	0.00918	0.01065	0.01129	0.00644	0.00721	0.01132	0.01581	0.02133	0.12898	0.63180	0.05427	0.02314	0.00979	0.00305	0.00438	0.02095	0.00738	0.00644
5	0.06463	0.59079	0.03477	0.01261	0.01847	0.02670	0.01217	0.02202	0.01645	0.02098	0.10139	0.01865	0.01848	0.00792	0.00553	0.00181	0.00752	0.00550	0.00412	0.00950
6	0.01142	0.01053	0.04318	0.01105	0.01377	0.00911	0.00895	0.01664	0.10575	0.02354	0.10655	0.19030	0.31666	0.01858	0.00921	0.00280	0.00503	0.08207	0.00720	0.00765
7	0.00945	0.00675	0.00900	0.01080	0.01125	0.00630	0.00720	0.01080	0.01484	0.01979	0.04274	0.72245	0.05128	0.02429	0.00990	0.00315	0.00450	0.02204	0.00720	0.00630
8	0.01681	0.01355	0.01613	0.10895	0.02238	0.01530	0.01219	0.03029	0.37996	0.05681	0.03197	0.20645	0.02877	0.01365	0.00838	0.00275	0.00631	0.01189	0.00718	0.01027
9	0.03115	0.01699	0.05074	0.01521	0.02133	0.01569	0.01303	0.23976	0.02635	0.41178	0.02559	0.02347	0.01680	0.00937	0.00765	0.00235	0.00732	0.00740	0.04519	0.01282
10	0.01085	0.00882	0.01423	0.01400	0.01554	0.00828	0.09535	0.01304	0.01551	0.02070	0.03894	0.58660	0.04547	0.02169	0.00985	0.00310	0.00583	0.05854	0.00675	0.00692
11	0.01010	0.00708	0.00907	0.01040	0.01081	0.00677	0.00687	0.01123	0.01410	0.01877	0.03792	0.51160	0.04493	0.20538	0.01757	0.00430	0.00543	0.05520	0.00655	0.00594
12	0.02351	0.16924	0.16785	0.01506	0.02172	0.01677	0.01505	0.02888	0.05613	0.27450	0.11076	0.02572	0.02283	0.00939	0.00730	0.00227	0.00759	0.00748	0.00666	0.01128
13	0.01555	0.04011	0.68733	0.02210	0.03356	0.01801	0.02865	0.02455	0.01637	0.02455	0.01391	0.01637	0.00982	0.00737	0.00737	0.00246	0.01146	0.00573	0.00327	0.01146
14	0.05791	0.07343	0.02340	0.01811	0.02340	0.29685	0.01450	0.33585	0.02835	0.03422	0.01512	0.01610	0.01149	0.00852	0.00715	0.00215	0.01063	0.00588	0.00583	0.01109
15	0.10214	0.07644	0.35192	0.02178	0.03053	0.01893	0.16188	0.02373	0.01617	0.02510	0.01356	0.01671	0.01023	0.00731	0.00808	0.00239	0.04430	0.00619	0.00368	0.05893
16	0.34565	0.10702	0.09089	0.01519	0.04917	0.01952	0.01308	0.05136	0.15375	0.06184	0.01693	0.01762	0.01285	0.00803	0.00614	0.00236	0.00717	0.00572	0.00540	0.01032
17	0.01521	0.01667	0.13583	0.05706	0.02314	0.01209	0.11277	0.01976	0.01837	0.08384	0.18110	0.04038	0.14786	0.05256	0.01019	0.00273	0.00753	0.01063	0.00603	0.04621
18	0.23614	0.07992	0.19237	0.11143	0.06637	0.04345	0.01690	0.02246	0.01608	0.04182	0.04898	0.02162	0.05585	0.00856	0.00670	0.00237	0.00847	0.00650	0.00445	0.00955

[dist]
# distance from previous block
# <min> <max>
0	90

[block]
# block no. 1 follows, 25 sequences, length 7
# corresponding to MSA columns:
# 395-401
name=unknown_B
#
# <colnr> <probs for GDERKNQSTAVLIFYWHMCP>
#	G	D	E	R	K	N	Q	S	T	A	V	L	I	F	Y	W	H	M	C	P
0	0.11108	0.02771	0.29083	0.02389	0.13057	0.04078	0.06002	0.12528	0.01971	0.02970	0.01444	0.01691	0.01081	0.00745	0.00716	0.00231	0.00979	0.00605	0.00442	0.06111
1	0.21891	0.01938	0.12618	0.02079	0.05372	0.01606	0.19543	0.02276	0.01675	0.05000	0.04110	0.02973	0.01812	0.00960	0.00776	0.00261	0.00909	0.10447	0.00493	0.03259
2	0.08973	0.15204	0.16096	0.01439	0.02015	0.01635	0.01413	0.04576	0.03707	0.13941	0.09489	0.13569	0.02558	0.01143	0.00739	0.00240	0.00728	0.00933	0.00603	0.00999
3	0.01958	0.57847	0.18426	0.01523	0.02293	0.02787	0.01668	0.02351	0.01589	0.01964	0.01148	0.01331	0.00992	0.00680	0.00551	0.00184	0.00900	0.00450	0.00331	0.01029
4	0.02225	0.38484	0.03021	0.01531	0.02066	0.14029	0.01368	0.12479	0.02048	0.02408	0.01701	0.02551	0.01594	0.00962	0.00667	0.00213	0.00912	0.10280	0.00475	0.00986
5	0.01165	0.00878	0.01245	0.01596	0.11563	0.00854	0.00915	0.01293	0.01413	0.01913	0.03214	0.40472	0.03732	0.20084	0.01813	0.04373	0.00612	0.01613	0.00584	0.00668
6	0.02142	0.46133	0.08028	0.01763	0.02469	0.02705	0.11490	0.12493	0.01953	0.02461	0.01301	0.01502	0.01075	0.00710	0.00623	0.00197	0.00929	0.00549	0.00412	0.01065

[dist]
# distance from previous block
# <min> <max>
30	148

[block]
# block no. 2 follows, 25 sequences, length 21
# corresponding to MSA columns:
# 550-570
name=unknown_C
#
# <colnr> <probs for GDERKNQSTAVLIFYWHMCP>
#	G	D	E	R	K	N	Q	S	T	A	V	L	I	F	Y	W	H	M	C	P
0	0.05631	0.04958	0.10824	0.09007	0.06894	0.04885	0.01643	0.30281	0.02532	0.03515	0.01732	0.03573	0.01335	0.00874	0.00724	0.00228	0.00869	0.00681	0.06813	0.03003
1	0.02030	0.17095	0.25514	0.02185	0.05128	0.02141	0.14104	0.12883	0.02020	0.05239	0.01505	0.01728	0.01127	0.00740	0.00726	0.00226	0.01020	0.00635	0.00445	0.03509
2	0.16981	0.09706	0.10246	0.01640	0.02222	0.18807	0.01459	0.15368	0.07132	0.05043	0.01716	0.01802	0.03030	0.00846	0.00672	0.00224	0.00936	0.00594	0.00531	0.01044
3	0.01293	0.01093	0.01653	0.20606	0.02580	0.01202	0.04033	0.03937	0.01587	0.02132	0.02844	0.34697	0.03102	0.01832	0.03983	0.00329	0.04966	0.03521	0.00557	0.04053
4	0.11177	0.13981	0.02375	0.04333	0.02230	0.33025	0.01436	0.02534	0.01741	0.02063	0.01171	0.01503	0.01021	0.01067	0.03645	0.00268	0.14626	0.00531	0.00385	0.00888
5	0.01769	0.01661	0.02716	0.21641	0.30735	0.01686	0.07101	0.04581	0.01754	0.02468	0.01446	0.01911	0.01160	0.00697	0.00745	0.00218	0.00914	0.00665	0.00403	0.15729
6	0.02894	0.01887	0.02100	0.01627	0.02190	0.02021	0.01324	0.48063	0.03158	0.16777	0.02141	0.02284	0.01562	0.07059	0.01047	0.00278	0.00807	0.00750	0.00785	0.01246
7	0.01968	0.15590	0.03331	0.06137	0.47208	0.04829	0.05387	0.02390	0.01743	0.02350	0.01378	0.01782	0.01165	0.00691	0.00721	0.00219	0.00947	0.00642	0.00374	0.01148
8	0.01731	0.03698	0.60245	0.02185	0.03269	0.01751	0.05417	0.02570	0.01695	0.08083	0.01541	0.01742	0.01071	0.00752	0.00748	0.00246	0.01111	0.00605	0.00384	0.01156
9	0.02013	0.65267	0.11492	0.01428	0.02147	0.02922	0.01503	0.02337	0.01583	0.01897	0.01114	0.01289	0.00994	0.00672	0.00525	0.00175	0.00866	0.00433	0.00331	0.01012
10	0.01133	0.00865	0.01063	0.01175	0.01295	0.00879	0.00817	0.01662	0.13944	0.02222	0.04059	0.58957	0.04599	0.02165	0.00951	0.00305	0.00481	0.01950	0.00733	0.00744
11	0.01862	0.16291	0.24593	0.02480	0.03347	0.02087	0.30469	0.02500	0.01737	0.05217	0.01484	0.01810	0.01113	0.00695	0.00773	0.00237	0.01137	0.00705	0.00385	0.01080
12	0.04407	0.07531	0.27792	0.01642	0.02472	0.01530	0.01769	0.02770	0.01805	0.23669	0.01894	0.01915	0.01312	0.00771	0.00695	0.00213	0.00842	0.00602	0.00561	0.15809
13	0.01586	0.03819	0.63114	0.02285	0.05916	0.01808	0.02773	0.02526	0.04508	0.02493	0.01472	0.01704	0.01053	0.00749	0.00740	0.00246	0.01113	0.00591	0.00350	0.01153
14	0.00939	0.00696	0.00878	0.01023	0.01110	0.00635	0.00695	0.01086	0.01539	0.02001	0.04960	0.59833	0.17097	0.02340	0.00976	0.00305	0.00439	0.02095	0.00720	0.00635
15	0.01565	0.01510	0.02643	0.54991	0.14817	0.01761	0.07554	0.02085	0.01607	0.02108	0.01407	0.02047	0.01076	0.00752	0.00786	0.00254	0.01040	0.00709	0.00355	0.00933
16	0.01656	0.01573	0.02448	0.33631	0.09344	0.04317	0.09334	0.06052	0.01690	0.02221	0.01674	0.06664	0.01493	0.07055	0.01227	0.00305	0.07160	0.00841	0.00417	0.00897
17	0.01380	0.01041	0.01346	0.01457	0.01685	0.01091	0.01245	0.02088	0.14186	0.02497	0.03923	0.07625	0.04061	0.01933	0.01017	0.00339	0.00695	0.50851	0.00728	0.00812
18	0.01828	0.01955	0.03841	0.07344	0.05935	0.01935	0.46662	0.02761	0.14203	0.02599	0.01857	0.02238	0.01397	0.00739	0.00877	0.00260	0.01143	0.00885	0.00465	0.01075
19	0.01592	0.03338	0.50541	0.02157	0.05861	0.01662	0.04915	0.02357	0.01644	0.02474	0.01399	0.01661	0.01032	0.00700	0.00714	0.00220	0.01033	0.00570	0.00358	0.15773
20	0.16478	0.01884	0.03384	0.03093	0.18848	0.01925	0.32201	0.02367	0.01662	0.02634	0.01401	0.01857	0.01111	0.00735	0.00935	0.00256	0.07047	0.00746	0.00402	0.01034

[dist]
# distance from previous block
# <min> <max>
0	3

[block]
# block no. 3 follows, 25 sequences, length 20
# corresponding to MSA columns:
# 574-593
name=unknown_D
#
# <colnr> <probs for GDERKNQSTAVLIFYWHMCP>
#	G	D	E	R	K	N	Q	S	T	A	V	L	I	F	Y	W	H	M	C	P
0	0.01204	0.00860	0.01198	0.01376	0.01535	0.00854	0.01171	0.01528	0.01740	0.02270	0.04130	0.18140	0.04561	0.02184	0.01059	0.00351	0.00675	0.53746	0.00715	0.00702
1	0.01848	0.12600	0.06314	0.07124	0.13021	0.02088	0.40829	0.02414	0.01760	0.02363	0.01463	0.01925	0.01142	0.00670	0.00818	0.00242	0.01159	0.00784	0.00377	0.01057
2	0.01767	0.01578	0.02586	0.15737	0.43671	0.01611	0.02013	0.02190	0.01750	0.05619	0.02469	0.02801	0.11046	0.00907	0.00792	0.00240	0.00850	0.00835	0.00455	0.01083
3	0.00945	0.00675	0.00900	0.01080	0.01125	0.00630	0.00720	0.01080	0.01484	0.01979	0.04274	0.72245	0.05128	0.02429	0.00990	0.00315	0.00450	0.02204	0.00720	0.00630
4	0.01845	0.02028	0.04158	0.03018	0.03751	0.01956	0.55649	0.02726	0.11399	0.02596	0.01803	0.02210	0.01353	0.00713	0.00896	0.00262	0.01205	0.00909	0.00451	0.01073
5	0.02029	0.02175	0.11982	0.05693	0.06859	0.01804	0.42234	0.02646	0.01849	0.12221	0.01754	0.02106	0.01259	0.00716	0.00860	0.00255	0.01161	0.00832	0.00466	0.01100
6	0.01689	0.01838	0.03856	0.05794	0.07415	0.01747	0.49327	0.02249	0.01764	0.02391	0.01955	0.12459	0.01758	0.00923	0.00912	0.00267	0.01147	0.01083	0.00438	0.00987
7	0.00945	0.00675	0.00900	0.01080	0.01125	0.00630	0.00720	0.01080	0.01484	0.01979	0.04274	0.72245	0.05128	0.02429	0.00990	0.00315	0.00450	0.02204	0.00720	0.00630
8	0.01832	0.03398	0.46373	0.02136	0.03067	0.06303	0.06503	0.11720	0.01975	0.02752	0.01628	0.05813	0.01288	0.00863	0.00766	0.00246	0.01089	0.00704	0.00426	0.01118
9	0.02829	0.01903	0.16086	0.01569	0.02249	0.01327	0.01519	0.06893	0.02153	0.44661	0.05002	0.02826	0.02017	0.00997	0.00791	0.00247	0.00767	0.04139	0.00796	0.01228
10	0.02831	0.02126	0.02354	0.01970	0.06703	0.02345	0.01522	0.58250	0.06532	0.04653	0.01897	0.01915	0.01363	0.00921	0.00776	0.00234	0.00846	0.00706	0.00750	0.01308
11	0.01717	0.02393	0.17903	0.02813	0.03567	0.01906	0.42353	0.02358	0.01697	0.02382	0.01511	0.02014	0.01165	0.01035	0.05026	0.00322	0.07618	0.00816	0.00375	0.01029
12	0.06707	0.01732	0.02606	0.03424	0.41330	0.01759	0.01899	0.11242	0.02037	0.12623	0.01765	0.02045	0.01362	0.01064	0.04765	0.00292	0.00922	0.00697	0.00531	0.01200
13	0.13831	0.01337	0.01464	0.01246	0.01640	0.01406	0.00990	0.15447	0.09134	0.10544	0.26324	0.03576	0.05294	0.01179	0.00779	0.00241	0.00562	0.00966	0.03057	0.00984
14	0.06846	0.01896	0.05892	0.01755	0.05958	0.01882	0.01398	0.35072	0.06473	0.08196	0.04706	0.06968	0.05001	0.01063	0.00776	0.00239	0.00758	0.00852	0.00709	0.03560
15	0.02174	0.03965	0.01717	0.01340	0.01775	0.02828	0.02928	0.10218	0.08244	0.20636	0.22380	0.04970	0.03497	0.01143	0.00795	0.00232	0.00607	0.00966	0.04555	0.05029
16	0.02264	0.01995	0.11881	0.01851	0.08091	0.01641	0.01532	0.21936	0.02364	0.12667	0.05423	0.02148	0.01660	0.01022	0.03259	0.00247	0.00832	0.00682	0.00623	0.17881
17	0.02295	0.02261	0.14214	0.06177	0.08813	0.01930	0.05825	0.28046	0.04133	0.07295	0.01739	0.01895	0.01266	0.00810	0.00754	0.00225	0.00901	0.00670	0.00584	0.10168
18	0.02029	0.01733	0.02138	0.13985	0.04627	0.05531	0.05085	0.15655	0.05458	0.05154	0.03254	0.01972	0.01399	0.00769	0.00712	0.00197	0.00815	0.00642	0.00540	0.28305
19	0.16766	0.01417	0.01630	0.01598	0.07939	0.01480	0.01134	0.08178	0.10594	0.09502	0.04379	0.10167	0.08692	0.01153	0.00825	0.00244	0.04002	0.00925	0.00639	0.08737

[dist]
# distance from previous block
# <min> <max>
25	91

[block]
# block no. 4 follows, 25 sequences, length 7
# corresponding to MSA columns:
# 692-698
name=unknown_E
#
# <colnr> <probs for GDERKNQSTAVLIFYWHMCP>
#	G	D	E	R	K	N	Q	S	T	A	V	L	I	F	Y	W	H	M	C	P
0	0.01657	0.01463	0.02232	0.56100	0.04632	0.01761	0.01955	0.11573	0.01883	0.02430	0.01846	0.02364	0.05128	0.00871	0.00784	0.00255	0.00967	0.00748	0.00433	0.00918
1	0.01405	0.01072	0.01257	0.01168	0.01452	0.01087	0.00893	0.02259	0.20439	0.05051	0.33512	0.09023	0.11119	0.01487	0.00873	0.00255	0.00471	0.03151	0.00801	0.03228
2	0.02956	0.01677	0.07148	0.01407	0.01968	0.07719	0.01224	0.03305	0.02079	0.46670	0.02663	0.02476	0.01764	0.00917	0.00732	0.00227	0.00725	0.00727	0.12440	0.01174
3	0.01845	0.01717	0.02380	0.01992	0.02135	0.02245	0.04627	0.11518	0.01597	0.02350	0.01259	0.01851	0.01146	0.01623	0.07688	0.00393	0.51597	0.00705	0.00414	0.00916
4	0.01886	0.02008	0.06327	0.03302	0.18776	0.01806	0.39269	0.02460	0.01802	0.05161	0.01578	0.02010	0.01208	0.00670	0.00836	0.00239	0.01115	0.00800	0.00417	0.08330
5	0.01969	0.01299	0.01641	0.01497	0.06377	0.01167	0.01075	0.05083	0.08092	0.16715	0.06376	0.14805	0.02518	0.01116	0.00755	0.00212	0.00598	0.00961	0.00676	0.27068
6	0.02166	0.01827	0.02879	0.11958	0.39217	0.01894	0.05815	0.14559	0.02137	0.07540	0.01645	0.01987	0.01267	0.00764	0.00780	0.00237	0.00926	0.00712	0.00495	0.01196

[dist]
# distance from previous block
# <min> <max>
26	59

[block]
# block no. 5 follows, 25 sequences, length 132
# corresponding to MSA columns:
# 766-897
name=unknown_F
#
# <colnr> <probs for GDERKNQSTAVLIFYWHMCP>
#	G	D	E	R	K	N	Q	S	T	A	V	L	I	F	Y	W	H	M	C	P
0	0.04768	0.01816	0.03412	0.05698	0.27220	0.01763	0.28403	0.02481	0.01832	0.08382	0.05168	0.02243	0.01573	0.00751	0.00828	0.00246	0.01022	0.00821	0.00466	0.01107
1	0.06634	0.01422	0.01735	0.01336	0.01920	0.01296	0.01088	0.07601	0.05280	0.32779	0.04277	0.02273	0.01742	0.00861	0.00756	0.00205	0.02676	0.00677	0.00737	0.24703
2	0.02140	0.01541	0.01694	0.01431	0.01875	0.04127	0.01130	0.14361	0.21764	0.12852	0.13976	0.05572	0.02912	0.01291	0.03377	0.00275	0.00696	0.00921	0.00765	0.07300
3	0.02289	0.01624	0.01907	0.01504	0.04459	0.01488	0.01170	0.21169	0.02310	0.12713	0.01767	0.01843	0.01313	0.00740	0.00671	0.00172	0.00683	0.00585	0.00623	0.40967
4	0.01360	0.01129	0.01614	0.25352	0.02785	0.01202	0.01303	0.05004	0.01612	0.02195	0.02427	0.24730	0.02516	0.03920	0.06683	0.00350	0.00840	0.01165	0.00517	0.13295
5	0.01653	0.04042	0.01809	0.01323	0.01913	0.01262	0.04083	0.04960	0.08425	0.02616	0.01913	0.09820	0.01732	0.00858	0.00667	0.00167	0.00622	0.00733	0.00529	0.50873
6	0.02209	0.05486	0.02169	0.01530	0.02160	0.01727	0.04122	0.23968	0.02332	0.06774	0.01610	0.01757	0.01235	0.00764	0.00762	0.00182	0.04156	0.00588	0.00580	0.35889
7	0.01498	0.00997	0.01263	0.01179	0.01408	0.00982	0.00887	0.07322	0.01989	0.09522	0.24579	0.27807	0.07682	0.01724	0.00989	0.00268	0.04220	0.01492	0.00765	0.03428
8	0.01793	0.01566	0.01720	0.01349	0.01911	0.04125	0.01069	0.07408	0.12463	0.02747	0.01824	0.05264	0.01543	0.00822	0.00756	0.00174	0.04392	0.00645	0.00543	0.47885
9	0.01944	0.01901	0.03557	0.03946	0.39047	0.01880	0.24579	0.02452	0.01779	0.05353	0.01545	0.02001	0.01229	0.00723	0.00910	0.00247	0.04575	0.00774	0.00410	0.01148
10	0.02029	0.67306	0.09586	0.01402	0.02107	0.02960	0.01458	0.02333	0.01581	0.01878	0.01105	0.01277	0.00994	0.00670	0.00518	0.00173	0.00856	0.00428	0.00331	0.01008
11	0.01216	0.00800	0.01040	0.00996	0.01182	0.00739	0.00740	0.01548	0.02074	0.06227	0.52690	0.13995	0.06480	0.01625	0.00897	0.00249	0.00391	0.01437	0.04925	0.00748
12	0.08921	0.01469	0.01748	0.01387	0.01955	0.03876	0.01129	0.03582	0.10065	0.49359	0.02759	0.02462	0.01816	0.00926	0.00744	0.00235	0.00673	0.00736	0.00854	0.05304
13	0.01198	0.00818	0.01051	0.00996	0.01203	0.00746	0.00755	0.01533	0.02110	0.06206	0.53329	0.08265	0.13314	0.01645	0.00916	0.00252	0.00399	0.03680	0.00835	0.00749
14	0.01555	0.04011	0.68733	0.02210	0.03356	0.01801	0.02865	0.02455	0.01637	0.02455	0.01391	0.01637	0.00982	0.00737	0.00737	0.00246	0.01146	0.00573	0.00327	0.01146
15	0.01881	0.01803	0.03078	0.10321	0.62651	0.01832	0.02361	0.02346	0.01747	0.02487	0.01452	0.01931	0.01212	0.00698	0.00768	0.00233	0.00931	0.00691	0.00381	0.01197
16	0.01115	0.00801	0.01098	0.01098	0.01185	0.00889	0.00784	0.01289	0.01202	0.01690	0.02212	0.03797	0.02264	0.30590	0.45349	0.01063	0.01586	0.00941	0.00436	0.00610
17	0.02947	0.02172	0.02327	0.01784	0.02404	0.02404	0.01474	0.65329	0.03646	0.04887	0.01862	0.01862	0.01319	0.00931	0.00776	0.00233	0.00853	0.00698	0.00776	0.01319
18	0.74179	0.01493	0.01202	0.04704	0.01702	0.01739	0.00909	0.02263	0.01332	0.03400	0.01095	0.01302	0.00850	0.00723	0.00495	0.00241	0.00623	0.00434	0.00473	0.00841
19	0.00945	0.00675	0.00900	0.01080	0.01125	0.00630	0.00720	0.01080	0.01484	0.01979	0.04274	0.72245	0.05128	0.02429	0.00990	0.00315	0.00450	0.02204	0.00720	0.00630
20	0.01464	0.01378	0.02326	0.70887	0.05340	0.01723	0.02153	0.01981	0.01550	0.01981	0.01378	0.02067	0.01034	0.00775	0.00775	0.00258	0.01034	0.00689	0.00345	0.00861
21	0.00941	0.00690	0.00884	0.01039	0.01114	0.00633	0.00702	0.01084	0.01524	0.01995	0.04773	0.63200	0.13850	0.02364	0.00979	0.00307	0.00442	0.02125	0.00720	0.00633
22	0.01464	0.01378	0.02326	0.70887	0.05340	0.01723	0.02153	0.01981	0.01550	0.01981	0.01378	0.02067	0.01034	0.00775	0.00775	0.00258	0.01034	0.00689	0.00345	0.00861
23	0.01816	0.01776	0.02840	0.25957	0.44799	0.04845	0.02267	0.02283	0.01716	0.02327	0.01421	0.01943	0.01155	0.00723	0.00767	0.00238	0.00979	0.00682	0.00372	0.01095
24	0.01608	0.01378	0.01608	0.01148	0.01837	0.01034	0.00919	0.01952	0.01608	0.02527	0.01378	0.01608	0.01148	0.00574	0.00574	0.00115	0.00574	0.00459	0.00459	0.77491
25	0.01419	0.01316	0.02201	0.64766	0.04971	0.01627	0.02028	0.01902	0.01545	0.01981	0.01632	0.08221	0.01393	0.00920	0.00794	0.00263	0.00982	0.00822	0.00377	0.00841
26	0.01057	0.00769	0.00996	0.00986	0.01146	0.00707	0.00722	0.01368	0.02030	0.02829	0.51682	0.19177	0.10083	0.01774	0.00930	0.00259	0.00384	0.01575	0.00820	0.00707
27	0.02947	0.02172	0.02327	0.01784	0.02404	0.02404	0.01474	0.65329	0.03646	0.04887	0.01862	0.01862	0.01319	0.00931	0.00776	0.00233	0.00853	0.00698	0.00776	0.01319
28	0.02947	0.02172	0.02327	0.01784	0.02404	0.02404	0.01474	0.65329	0.03646	0.04887	0.01862	0.01862	0.01319	0.00931	0.00776	0.00233	0.00853	0.00698	0.00776	0.01319
29	0.01944	0.01491	0.01596	0.01342	0.01766	0.01587	0.01068	0.27206	0.14077	0.03555	0.11272	0.04055	0.20199	0.01306	0.00823	0.00245	0.00611	0.01066	0.03758	0.01032
30	0.01652	0.16903	0.56686	0.02045	0.03101	0.02037	0.02578	0.02431	0.01626	0.02338	0.01333	0.01564	0.00985	0.00723	0.00692	0.00231	0.01087	0.00543	0.00328	0.01118
31	0.01165	0.00865	0.01132	0.01265	0.01465	0.00832	0.01082	0.01481	0.01780	0.02263	0.05055	0.08421	0.20451	0.02097	0.01032	0.00333	0.00633	0.47232	0.00715	0.00699
32	0.01809	0.37941	0.37027	0.01777	0.02686	0.02422	0.02111	0.02390	0.01607	0.02146	0.01238	0.01444	0.00988	0.00701	0.00619	0.00206	0.00991	0.00495	0.00329	0.01072
33	0.01592	0.01498	0.02479	0.37789	0.03930	0.01801	0.10403	0.04578	0.01603	0.02195	0.01567	0.05734	0.01329	0.00975	0.01144	0.00273	0.14932	0.00800	0.04498	0.00883
34	0.01919	0.01842	0.03147	0.04759	0.67914	0.01842	0.02380	0.02380	0.01765	0.02533	0.01458	0.01919	0.01228	0.00691	0.00768	0.00230	0.00921	0.00691	0.00384	0.01228
35	0.01249	0.00892	0.01249	0.01428	0.01606	0.00892	0.01249	0.01606	0.01785	0.02320	0.04105	0.08746	0.04462	0.02142	0.01071	0.00357	0.00714	0.62695	0.00714	0.00714
36	0.07103	0.01504	0.05043	0.01423	0.02045	0.01269	0.01226	0.06911	0.02222	0.58614	0.02815	0.02480	0.01788	0.00935	0.00762	0.00240	0.00691	0.00747	0.00895	0.01287
37	0.12913	0.42057	0.06666	0.01480	0.02096	0.13623	0.01381	0.07831	0.01821	0.02363	0.01182	0.01345	0.01001	0.00720	0.00565	0.00192	0.00909	0.00462	0.00401	0.00993
38	0.01464	0.01378	0.02326	0.70887	0.05340	0.01723	0.02153	0.01981	0.01550	0.01981	0.01378	0.02067	0.01034	0.00775	0.00775	0.00258	0.01034	0.00689	0.00345	0.00861
39	0.01500	0.01415	0.02390	0.65673	0.10275	0.01732	0.02171	0.02012	0.01567	0.02025	0.01384	0.02055	0.01049	0.00769	0.00775	0.00256	0.01025	0.00689	0.00348	0.00890
40	0.01016	0.00724	0.00973	0.01147	0.01219	0.00690	0.00825	0.01194	0.01537	0.02037	0.04180	0.56571	0.04913	0.04574	0.01100	0.00338	0.00516	0.15095	0.00711	0.00643
41	0.00926	0.00786	0.00799	0.00795	0.01053	0.00659	0.00597	0.01131	0.01790	0.02148	0.11000	0.07374	0.64420	0.01944	0.00916	0.00261	0.00391	0.01624	0.00727	0.00659
42	0.01629	0.01453	0.02488	0.57938	0.10478	0.01715	0.05465	0.02137	0.01619	0.05561	0.01484	0.02086	0.01105	0.00771	0.00782	0.00255	0.01019	0.00706	0.00383	0.00927
43	0.00945	0.00675	0.00900	0.01080	0.01125	0.00630	0.00720	0.01080	0.01484	0.01979	0.04274	0.72245	0.05128	0.02429	0.00990	0.00315	0.00450	0.02204	0.00720	0.00630
44	0.02947	0.02172	0.02327	0.01784	0.02404	0.02404	0.01474	0.65329	0.03646	0.04887	0.01862	0.01862	0.01319	0.00931	0.00776	0.00233	0.00853	0.00698	0.00776	0.01319
45	0.01873	0.02072	0.04350	0.03129	0.03889	0.01974	0.59584	0.04664	0.05329	0.02604	0.01663	0.02126	0.01244	0.00684	0.00904	0.00261	0.01255	0.00906	0.00426	0.01064
46	0.01009	0.00725	0.00957	0.01036	0.01139	0.00673	0.00725	0.01242	0.01785	0.02457	0.30983	0.44175	0.06052	0.02073	0.00958	0.00285	0.00414	0.01865	0.00776	0.00673
47	0.01608	0.01378	0.01608	0.01148	0.01837	0.01034	0.00919	0.01952	0.01608	0.02527	0.01378	0.01608	0.01148	0.00574	0.00574	0.00115	0.00574	0.00459	0.00459	0.77491
48	0.01705	0.24084	0.49976	0.01954	0.02960	0.02168	0.02419	0.02417	0.01619	0.02272	0.01301	0.01523	0.00986	0.00715	0.00667	0.00222	0.01054	0.00527	0.00329	0.01102
49	0.01469	0.01328	0.02198	0.59595	0.08182	0.01615	0.01993	0.01957	0.01565	0.02079	0.01572	0.04619	0.01262	0.00839	0.00765	0.00253	0.00956	0.00746	0.06146	0.00862
50	0.00974	0.00697	0.00932	0.01099	0.01161	0.00654	0.00758	0.01138	0.01544	0.02064	0.07650	0.64184	0.05198	0.02364	0.00991	0.00314	0.00464	0.06448	0.00727	0.00641
51	0.02935	0.01514	0.02131	0.01824	0.06874	0.01447	0.06396	0.06046	0.13772	0.44233	0.02796	0.02559	0.01867	0.00931	0.00791	0.00245	0.00730	0.00798	0.00835	0.01274
52	0.01483	0.01397	0.02359	0.68165	0.07917	0.01728	0.02163	0.01997	0.01559	0.02004	0.01381	0.02061	0.01042	0.00772	0.00775	0.00257	0.01029	0.00689	0.00346	0.00876
53	0.01666	0.18866	0.54851	0.02020	0.03063	0.02073	0.02535	0.02427	0.01624	0.02320	0.01324	0.01553	0.00985	0.00721	0.00685	0.00228	0.01078	0.00539	0.00328	0.01114
54	0.02204	0.02376	0.02821	0.03843	0.46513	0.21586	0.02082	0.02650	0.04175	0.02373	0.01443	0.01802	0.01202	0.00735	0.00748	0.00223	0.01049	0.00642	0.00403	0.01132
55	0.00945	0.00675	0.00900	0.01080	0.01125	0.00630	0.00720	0.01080	0.01484	0.01979	0.04274	0.72245	0.05128	0.02429	0.00990	0.00315	0.00450	0.02204	0.00720	0.00630
56	0.01581	0.07479	0.65493	0.02166	0.03287	0.01864	0.02788	0.02449	0.01634	0.02424	0.01376	0.01617	0.00983	0.00733	0.00725	0.00242	0.01130	0.00565	0.00328	0.01138
57	0.01985	0.61434	0.15074	0.01477	0.02223	0.02852	0.01589	0.02344	0.01586	0.01932	0.01131	0.01311	0.00993	0.00676	0.00538	0.00179	0.00883	0.00442	0.00331	0.01021
58	0.02748	0.02044	0.02215	0.04162	0.02417	0.02274	0.01440	0.55299	0.09002	0.04564	0.01983	0.01999	0.01426	0.00935	0.00768	0.00234	0.00820	0.00714	0.03684	0.01272
59	0.02073	0.73217	0.04063	0.01327	0.01990	0.03068	0.01327	0.02322	0.01575	0.01824	0.01078	0.01244	0.00995	0.00663	0.00498	0.00166	0.00829	0.00415	0.00332	0.00995
60	0.01347	0.00673	0.01010	0.01010	0.01010	0.00673	0.00673	0.01010	0.01010	0.01347	0.01347	0.02357	0.01347	0.02694	0.03030	0.77441	0.00673	0.00673	0.00337	0.00337
61	0.01097	0.00793	0.01036	0.00975	0.01158	0.00732	0.00732	0.01463	0.02195	0.03109	0.67505	0.05792	0.07316	0.01585	0.00914	0.00244	0.00366	0.01402	0.00854	0.00732
62	0.01929	0.01666	0.01753	0.01578	0.02016	0.01929	0.01227	0.04120	0.66513	0.03243	0.03156	0.02893	0.02367	0.01052	0.00789	0.00263	0.00614	0.00877	0.00789	0.01227
63	0.01128	0.00752	0.00846	0.00846	0.00846	0.00752	0.00470	0.01128	0.01128	0.01503	0.02443	0.05074	0.02819	0.72751	0.03946	0.00752	0.00752	0.01128	0.00470	0.00470
64	0.16037	0.01350	0.01689	0.01319	0.01899	0.01240	0.01089	0.03527	0.02068	0.57535	0.02726	0.02407	0.01738	0.00919	0.00729	0.00240	0.00650	0.00719	0.00879	0.01239
65	0.01097	0.00793	0.01036	0.00975	0.01158	0.00732	0.00732	0.01463	0.02195	0.03109	0.67505	0.05792	0.07316	0.01585	0.00914	0.00244	0.00366	0.01402	0.00854	0.00732
66	0.00988	0.00720	0.00930	0.01021	0.01127	0.00663	0.00711	0.01197	0.01724	0.02328	0.23526	0.46268	0.11663	0.02133	0.00960	0.00289	0.00419	0.01911	0.00760	0.00663
67	0.01051	0.00791	0.00973	0.00927	0.01130	0.00712	0.00695	0.01374	0.02086	0.02852	0.52373	0.06215	0.22608	0.01681	0.00915	0.00248	0.00373	0.01462	0.00820	0.00712
68	0.06370	0.03222	0.02316	0.02017	0.02493	0.44556	0.01537	0.21280	0.02693	0.03053	0.01625	0.01860	0.01312	0.00988	0.00810	0.00255	0.01253	0.00632	0.00593	0.01135
69	0.01919	0.01842	0.03147	0.04759	0.67914	0.01842	0.02380	0.02380	0.01765	0.02533	0.01458	0.01919	0.01228	0.00691	0.00768	0.00230	0.00921	0.00691	0.00384	0.01228
70	0.02291	0.01149	0.01418	0.01177	0.01613	0.01042	0.00941	0.05929	0.05101	0.33422	0.12993	0.04483	0.22445	0.01348	0.00839	0.00248	0.00548	0.01121	0.00856	0.01037
71	0.01929	0.01666	0.01753	0.01578	0.02016	0.01929	0.01227	0.04120	0.66513	0.03243	0.03156	0.02893	0.02367	0.01052	0.00789	0.00263	0.00614	0.00877	0.00789	0.01227
72	0.01618	0.01411	0.01744	0.01246	0.01939	0.01076	0.03859	0.01977	0.01618	0.02525	0.01387	0.01630	0.01150	0.00578	0.00590	0.00122	0.00608	0.00480	0.00456	0.73988
73	0.01834	0.02080	0.04510	0.03336	0.06978	0.01955	0.62224	0.02479	0.01827	0.02486	0.01564	0.02084	0.01179	0.00655	0.00908	0.00260	0.01290	0.00905	0.00392	0.01054
74	0.02947	0.02172	0.02327	0.01784	0.02404	0.02404	0.01474	0.65329	0.03646	0.04887	0.01862	0.01862	0.01319	0.00931	0.00776	0.00233	0.00853	0.00698	0.00776	0.01319
75	0.02668	0.02641	0.02488	0.02615	0.18992	0.26629	0.01712	0.26833	0.02645	0.03207	0.01519	0.01708	0.01180	0.00822	0.00746	0.00220	0.01068	0.00624	0.00540	0.01144
76	0.02778	0.02667	0.02253	0.06801	0.02595	0.27678	0.01521	0.34671	0.05688	0.03480	0.01633	0.01747	0.01223	0.00875	0.00747	0.00223	0.01061	0.00630	0.00604	0.01124
77	0.02935	0.02558	0.02294	0.01838	0.02403	0.19431	0.01480	0.49569	0.03279	0.04130	0.01694	0.01744	0.01238	0.00897	0.00756	0.00224	0.00991	0.00648	0.00680	0.01212
78	0.78228	0.01499	0.01140	0.01020	0.01499	0.01739	0.00840	0.02279	0.01320	0.03479	0.01080	0.01260	0.00840	0.00720	0.00480	0.00240	0.00600	0.00420	0.00480	0.00840
79	0.01938	0.01898	0.03062	0.08126	0.61760	0.04789	0.02329	0.02390	0.01773	0.02476	0.01443	0.01904	0.01208	0.00700	0.00765	0.00230	0.00948	0.00682	0.00382	0.01194
80	0.01929	0.01666	0.01753	0.01578	0.02016	0.01929	0.01227	0.04120	0.66513	0.03243	0.03156	0.02893	0.02367	0.01052	0.00789	0.00263	0.00614	0.00877	0.00789	0.01227
81	0.01128	0.00752	0.00846	0.00846	0.00846	0.00752	0.00470	0.01128	0.01128	0.01503	0.02443	0.05074	0.02819	0.72751	0.03946	0.00752	0.00752	0.01128	0.00470	0.00470
82	0.02947	0.02172	0.02327	0.01784	0.02404	0.02404	0.01474	0.65329	0.03646	0.04887	0.01862	0.01862	0.01319	0.00931	0.00776	0.00233	0.00853	0.00698	0.00776	0.01319
83	0.00939	0.00786	0.00816	0.00809	0.01061	0.00664	0.00607	0.01156	0.01820	0.02219	0.15180	0.07257	0.60196	0.01917	0.00916	0.00260	0.00389	0.01608	0.00736	0.00664
84	0.01347	0.00673	0.01010	0.01010	0.01010	0.00673	0.00673	0.01010	0.01010	0.01347	0.01347	0.02357	0.01347	0.02694	0.03030	0.77441	0.00673	0.00673	0.00337	0.00337
85	0.01895	0.01817	0.03103	0.08302	0.64561	0.01836	0.02367	0.02358	0.01754	0.02504	0.01454	0.01927	0.01218	0.00695	0.00768	0.00232	0.00927	0.00691	0.00382	0.01209
86	0.00945	0.00675	0.00900	0.01080	0.01125	0.00630	0.00720	0.01080	0.01484	0.01979	0.04274	0.72245	0.05128	0.02429	0.00990	0.00315	0.00450	0.02204	0.00720	0.00630
87	0.02845	0.03412	0.02154	0.01924	0.02339	0.59567	0.01458	0.09870	0.02334	0.02264	0.01323	0.01507	0.01073	0.00818	0.00701	0.00203	0.01298	0.00530	0.03442	0.00938
88	0.02110	0.70099	0.03979	0.01357	0.02008	0.06054	0.01334	0.02356	0.01603	0.01828	0.01083	0.01251	0.00995	0.00669	0.00507	0.00167	0.00855	0.00418	0.00335	0.00991
89	0.00945	0.00675	0.00900	0.01080	0.01125	0.00630	0.00720	0.01080	0.01484	0.01979	0.04274	0.72245	0.05128	0.02429	0.00990	0.00315	0.00450	0.02204	0.00720	0.00630
90	0.01661	0.01648	0.02367	0.12517	0.02539	0.02276	0.01766	0.01884	0.01243	0.01884	0.01073	0.01753	0.01020	0.01269	0.02275	0.00327	0.60631	0.00680	0.00340	0.00850
91	0.02740	0.16912	0.02552	0.01870	0.02320	0.56983	0.01466	0.02949	0.02079	0.01884	0.01176	0.01369	0.00998	0.00773	0.00661	0.00193	0.01290	0.00483	0.00387	0.00917
92	0.00945	0.00675	0.00900	0.01080	0.01125	0.00630	0.00720	0.01080	0.01484	0.01979	0.04274	0.72245	0.05128	0.02429	0.00990	0.00315	0.00450	0.02204	0.00720	0.00630
93	0.01742	0.28948	0.45430	0.01892	0.02864	0.02257	0.02311	0.02407	0.01615	0.02228	0.01278	0.01495	0.00987	0.00710	0.00650	0.00217	0.01032	0.00516	0.00329	0.01092
94	0.01088	0.00792	0.01023	0.00965	0.01152	0.00727	0.00724	0.01444	0.02172	0.03055	0.64309	0.05881	0.10546	0.01605	0.00915	0.00245	0.00367	0.01415	0.00846	0.00727
95	0.01503	0.01327	0.01226	0.01168	0.01297	0.12048	0.00794	0.03796	0.03905	0.01805	0.02179	0.03901	0.02288	0.43192	0.15688	0.00720	0.01106	0.00945	0.00471	0.00639
96	0.01089	0.00792	0.01024	0.00966	0.01153	0.00728	0.00725	0.01446	0.02174	0.03060	0.64610	0.05873	0.10242	0.01603	0.00915	0.00245	0.00367	0.01414	0.00847	0.00728
97	0.02945	0.02248	0.02320	0.01795	0.02404	0.05774	0.01475	0.62210	0.03573	0.04737	0.01828	0.01838	0.01303	0.00924	0.00772	0.00231	0.00881	0.00688	0.00757	0.01298
98	0.00954	0.00679	0.00897	0.01067	0.01110	0.00636	0.00706	0.01082	0.01466	0.01954	0.04176	0.68674	0.05005	0.06167	0.01147	0.00338	0.00466	0.02147	0.00706	0.00621
99	0.01053	0.00720	0.00868	0.00941	0.00959	0.00702	0.00572	0.01108	0.01273	0.01697	0.03188	0.32418	0.03759	0.44124	0.02743	0.00574	0.00629	0.01566	0.00572	0.00535
100	0.00945	0.00675	0.00900	0.01080	0.01125	0.00630	0.00720	0.01080	0.01484	0.01979	0.04274	0.72245	0.05128	0.02429	0.00990	0.00315	0.00450	0.02204	0.00720	0.00630
101	0.01128	0.00752	0.00846	0.00846	0.00846	0.00752	0.00470	0.01128	0.01128	0.01503	0.02443	0.05074	0.02819	0.72751	0.03946	0.00752	0.00752	0.01128	0.00470	0.00470
102	0.75372	0.04189	0.01249	0.01031	0.01518	0.01789	0.00858	0.02281	0.01329	0.03417	0.01080	0.01259	0.00846	0.00718	0.00480	0.00237	0.00608	0.00420	0.00474	0.00846
103	0.01938	0.16870	0.36914	0.02022	0.05241	0.05736	0.02179	0.10185	0.07050	0.02663	0.01520	0.01686	0.01145	0.00773	0.00698	0.00227	0.01012	0.00582	0.00425	0.01134
104	0.01097	0.00793	0.01036	0.00975	0.01158	0.00732	0.00732	0.01463	0.02195	0.03109	0.67505	0.05792	0.07316	0.01585	0.00914	0.00244	0.00366	0.01402	0.00854	0.00732
105	0.01696	0.01696	0.02375	0.02036	0.02036	0.02375	0.01696	0.01866	0.01187	0.01866	0.01018	0.01696	0.01018	0.01357	0.02545	0.00339	0.71332	0.00679	0.00339	0.00848
106	0.01981	0.01784	0.02796	0.03946	0.51224	0.01834	0.02084	0.02807	0.15709	0.05202	0.01885	0.02156	0.01499	0.00779	0.00773	0.00238	0.00845	0.00734	0.00493	0.01231
107	0.01673	0.17755	0.52356	0.02090	0.03120	0.02063	0.05892	0.02430	0.01635	0.02331	0.01338	0.01583	0.00995	0.00718	0.00698	0.00230	0.01091	0.00560	0.00332	0.01110
108	0.01466	0.01384	0.01924	0.01743	0.01757	0.01841	0.01398	0.01625	0.01278	0.01901	0.02014	0.23283	0.02276	0.01685	0.02069	0.00332	0.49643	0.01145	0.00456	0.00781
109	0.01347	0.00673	0.01010	0.01010	0.01010	0.00673	0.00673	0.01010	0.01010	0.01347	0.01347	0.02357	0.01347	0.02694	0.03030	0.77441	0.00673	0.00673	0.00337	0.00337
110	0.01919	0.01842	0.03147	0.04759	0.67914	0.01842	0.02380	0.02380	0.01765	0.02533	0.01458	0.01919	0.01228	0.00691	0.00768	0.00230	0.00921	0.00691	0.00384	0.01228
111	0.01799	0.01532	0.01689	0.04257	0.02069	0.01757	0.01249	0.03644	0.54316	0.03045	0.03233	0.05896	0.02650	0.01213	0.00828	0.00275	0.00636	0.08019	0.00761	0.01134
112	0.01797	0.34698	0.37185	0.01863	0.02779	0.02371	0.04892	0.02397	0.01618	0.02176	0.01260	0.01482	0.00996	0.00700	0.00638	0.00211	0.01012	0.00517	0.00332	0.01074
113	0.01613	0.01359	0.01530	0.01280	0.01761	0.01289	0.00983	0.02580	0.24994	0.02665	0.02457	0.11711	0.02199	0.04303	0.00862	0.00224	0.00580	0.00875	0.00614	0.36121
114	0.78228	0.01499	0.01140	0.01020	0.01499	0.01739	0.00840	0.02279	0.01320	0.03479	0.01080	0.01260	0.00840	0.00720	0.00480	0.00240	0.00600	0.00420	0.00480	0.00840
115	0.01929	0.01666	0.01753	0.01578	0.02016	0.01929	0.01227	0.04120	0.66513	0.03243	0.03156	0.02893	0.02367	0.01052	0.00789	0.00263	0.00614	0.00877	0.00789	0.01227
116	0.01090	0.00787	0.01030	0.00981	0.01157	0.00727	0.00731	0.01445	0.02160	0.03054	0.64436	0.09017	0.07210	0.01626	0.00918	0.00247	0.00370	0.01441	0.00847	0.00727
117	0.00958	0.00785	0.00847	0.00854	0.01090	0.00674	0.00643	0.01183	0.01818	0.02251	0.16554	0.10675	0.52759	0.01938	0.00926	0.00266	0.00404	0.03970	0.00740	0.00667
118	0.78228	0.01499	0.01140	0.01020	0.01499	0.01739	0.00840	0.02279	0.01320	0.03479	0.01080	0.01260	0.00840	0.00720	0.00480	0.00240	0.00600	0.00420	0.00480	0.00840
119	0.00939	0.00736	0.00850	0.00929	0.01088	0.00647	0.00656	0.01116	0.01662	0.02096	0.09379	0.36712	0.36129	0.02155	0.00949	0.00285	0.00417	0.01881	0.00727	0.00647
120	0.00945	0.00675	0.00900	0.01080	0.01125	0.00630	0.00720	0.01080	0.01484	0.01979	0.04274	0.72245	0.05128	0.02429	0.00990	0.00315	0.00450	0.02204	0.00720	0.00630
121	0.02896	0.03695	0.02197	0.01998	0.02397	0.69638	0.01498	0.03096	0.02197	0.01898	0.01199	0.01398	0.00999	0.00799	0.00699	0.00200	0.01398	0.00499	0.00400	0.00899
122	0.01694	0.01375	0.01617	0.01159	0.01844	0.01038	0.00929	0.02036	0.01636	0.05547	0.01455	0.01655	0.01184	0.00592	0.00584	0.00121	0.00578	0.00474	0.00482	0.74001
123	0.02896	0.03695	0.02197	0.01998	0.02397	0.69638	0.01498	0.03096	0.02197	0.01898	0.01199	0.01398	0.00999	0.00799	0.00699	0.00200	0.01398	0.00499	0.00400	0.00899
124	0.01624	0.01426	0.01911	0.01409	0.02048	0.01155	0.08282	0.04337	0.01699	0.02561	0.01682	0.08107	0.01521	0.00766	0.00659	0.00154	0.00658	0.00680	0.00487	0.58834
125	0.01239	0.00885	0.01237	0.01416	0.01589	0.00883	0.01231	0.01588	0.01774	0.02308	0.04111	0.11006	0.04486	0.02152	0.01068	0.00355	0.00705	0.60542	0.00714	0.00711
126	0.01919	0.01842	0.03147	0.04759	0.67914	0.01842	0.02380	0.02380	0.01765	0.02533	0.01458	0.01919	0.01228	0.00691	0.00768	0.00230	0.00921	0.00691	0.00384	0.01228
127	0.02129	0.02360	0.03415	0.02551	0.03217	0.18927	0.36772	0.02607	0.01904	0.04869	0.01503	0.01863	0.01156	0.00690	0.00803	0.00223	0.01194	0.00735	0.00426	0.12656
128	0.02082	0.01927	0.03142	0.12374	0.58291	0.01931	0.02394	0.02465	0.01870	0.02661	0.01678	0.02248	0.01424	0.00859	0.00864	0.00276	0.01001	0.00761	0.00461	0.01290
129	0.01845	0.42793	0.32493	0.01715	0.02590	0.02511	0.02003	0.02381	0.01603	0.02102	0.01216	0.01417	0.00989	0.00696	0.00603	0.00201	0.00968	0.00484	0.00330	0.01061
130	0.78228	0.01499	0.01140	0.01020	0.01499	0.01739	0.00840	0.02279	0.01320	0.03479	0.01080	0.01260	0.00840	0.00720	0.00480	0.00240	0.00600	0.00420	0.00480	0.00840
131	0.01924	0.01487	0.01722	0.01494	0.01838	0.04240	0.01194	0.27379	0.02256	0.03055	0.01955	0.02501	0.01650	0.03638	0.39039	0.00794	0.01554	0.00764	0.00561	0.00954

[dist]
# distance from previous block
# <min> <max>
0	2

[block]
# block no. 6 follows, 25 sequences, length 76
# corresponding to MSA columns:
# 900-975
name=unknown_G
#
# <colnr> <probs for GDERKNQSTAVLIFYWHMCP>
#	G	D	E	R	K	N	Q	S	T	A	V	L	I	F	Y	W	H	M	C	P
0	0.02303	0.45785	0.08133	0.01597	0.02220	0.21542	0.01492	0.05228	0.01842	0.02021	0.01168	0.01342	0.01009	0.00718	0.00583	0.00184	0.01012	0.00462	0.00369	0.00993
1	0.47855	0.02221	0.20446	0.04184	0.02218	0.01770	0.01496	0.02450	0.06132	0.03111	0.01330	0.01517	0.00998	0.00751	0.00587	0.00244	0.00773	0.00507	0.00453	0.00956
2	0.01055	0.00764	0.00995	0.00993	0.01146	0.00705	0.00724	0.01360	0.02011	0.02805	0.50363	0.21562	0.09016	0.01799	0.00932	0.00261	0.00387	0.01600	0.00817	0.00705
3	0.02522	0.01761	0.01873	0.01483	0.01979	0.01928	0.01210	0.47341	0.03074	0.04321	0.02051	0.02153	0.01508	0.00923	0.00709	0.00218	0.00714	0.00705	0.22376	0.01150
4	0.00945	0.00675	0.00900	0.01080	0.01125	0.00630	0.00720	0.01080	0.01484	0.01979	0.04274	0.72245	0.05128	0.02429	0.00990	0.00315	0.00450	0.02204	0.00720	0.00630
5	0.02116	0.01744	0.01855	0.01615	0.02082	0.01991	0.01279	0.16688	0.51290	0.03551	0.02921	0.02881	0.02222	0.01064	0.00796	0.00260	0.00667	0.02966	0.00784	0.01228
6	0.01086	0.00792	0.01020	0.00963	0.01151	0.00727	0.00722	0.01441	0.02167	0.03044	0.63689	0.05899	0.11173	0.01609	0.00915	0.00245	0.00368	0.01417	0.00845	0.00727
7	0.02047	0.69701	0.07349	0.01372	0.02059	0.03004	0.01405	0.02329	0.01579	0.01856	0.01094	0.01264	0.00994	0.00667	0.00510	0.00170	0.00845	0.00423	0.00331	0.01003
8	0.01854	0.01958	0.02352	0.02031	0.02083	0.11188	0.01670	0.02027	0.01320	0.01870	0.01041	0.01657	0.01015	0.01284	0.02303	0.00321	0.62169	0.00655	0.00347	0.00855
9	0.01724	0.01420	0.01674	0.01217	0.01872	0.01146	0.00980	0.04462	0.01689	0.04730	0.01436	0.01655	0.01175	0.00633	0.00671	0.00133	0.03527	0.00488	0.00483	0.68884
10	0.01830	0.02092	0.04575	0.03268	0.04052	0.01961	0.65098	0.02484	0.01830	0.02484	0.01569	0.02092	0.01176	0.00654	0.00915	0.00261	0.01307	0.00915	0.00392	0.01046
11	0.01919	0.01842	0.03147	0.04759	0.67914	0.01842	0.02380	0.02380	0.01765	0.02533	0.01458	0.01919	0.01228	0.00691	0.00768	0.00230	0.00921	0.00691	0.00384	0.01228
12	0.01052	0.00785	0.00978	0.00942	0.01134	0.00710	0.00702	0.01371	0.02070	0.02842	0.51976	0.09599	0.19564	0.01707	0.00919	0.00251	0.00376	0.01492	0.00819	0.00710
13	0.00961	0.00686	0.00918	0.01098	0.01150	0.00643	0.00747	0.01107	0.01500	0.01997	0.04265	0.68934	0.05093	0.02414	0.00994	0.00317	0.00464	0.05358	0.00719	0.00634
14	0.01016	0.00742	0.00963	0.01061	0.01180	0.00689	0.00769	0.01242	0.01733	0.02324	0.21083	0.41028	0.12125	0.02129	0.00972	0.00296	0.00452	0.08776	0.00754	0.00668
15	0.01143	0.00821	0.01124	0.01297	0.01437	0.00802	0.01061	0.01425	0.01691	0.02206	0.04292	0.28400	0.06927	0.02225	0.01040	0.00341	0.00621	0.41744	0.00716	0.00686
16	0.78228	0.01499	0.01140	0.01020	0.01499	0.01739	0.00840	0.02279	0.01320	0.03479	0.01080	0.01260	0.00840	0.00720	0.00480	0.00240	0.00600	0.00420	0.00480	0.00840
17	0.01533	0.03785	0.63855	0.02153	0.03229	0.01735	0.02748	0.02394	0.01648	0.02446	0.01588	0.02151	0.01234	0.00838	0.00761	0.00254	0.01115	0.05064	0.00355	0.01115
18	0.03479	0.01320	0.01799	0.01380	0.01979	0.01140	0.01140	0.03779	0.02219	0.68451	0.03059	0.02639	0.01919	0.00960	0.00780	0.00240	0.00660	0.00780	0.00960	0.01320
19	0.01523	0.01549	0.03129	0.02433	0.02938	0.01462	0.38721	0.02004	0.01744	0.02340	0.02650	0.19158	0.02678	0.01330	0.00961	0.00291	0.01004	0.12671	0.00526	0.00890
20	0.02073	0.73217	0.04063	0.01327	0.01990	0.03068	0.01327	0.02322	0.01575	0.01824	0.01078	0.01244	0.00995	0.00663	0.00498	0.00166	0.00829	0.00415	0.00332	0.00995
21	0.01119	0.00784	0.01012	0.01012	0.01069	0.00842	0.00677	0.01234	0.01177	0.01626	0.02291	0.04234	0.02454	0.45009	0.31189	0.00957	0.01301	0.01005	0.00447	0.00562
22	0.78228	0.01499	0.01140	0.01020	0.01499	0.01739	0.00840	0.02279	0.01320	0.03479	0.01080	0.01260	0.00840	0.00720	0.00480	0.00240	0.00600	0.00420	0.00480	0.00840
23	0.01941	0.01714	0.01752	0.01588	0.02016	0.04384	0.01238	0.03996	0.61921	0.03162	0.03116	0.03039	0.02389	0.01080	0.00795	0.00264	0.00646	0.02989	0.00772	0.01198
24	0.01445	0.00723	0.00723	0.00723	0.00903	0.00723	0.00542	0.01807	0.01626	0.02891	0.02529	0.02891	0.01987	0.00903	0.00542	0.00181	0.00361	0.00723	0.77055	0.00723
25	0.01916	0.01852	0.03202	0.04701	0.65443	0.01847	0.04806	0.02384	0.01768	0.02531	0.01463	0.01926	0.01226	0.00689	0.00773	0.00231	0.00936	0.00700	0.00384	0.01221
26	0.12052	0.01376	0.01746	0.01355	0.01942	0.01262	0.01119	0.06197	0.02176	0.58304	0.02781	0.02448	0.01770	0.00931	0.00745	0.00240	0.00661	0.00735	0.00897	0.01264
27	0.01831	0.01308	0.01873	0.06562	0.16979	0.01333	0.01448	0.02505	0.12170	0.12605	0.14880	0.04364	0.03325	0.01269	0.00865	0.00268	0.00692	0.14016	0.00690	0.01016
