[name]
unknown

[dist]
# distance from previous block
# <min> <max>
0	19

[block]
# block no. 0 follows, 23 sequences, length 7
# corresponding to MSA columns:
# 19-25
name=unknown_A
#
# <colnr> <probs for GDERKNQSTAVLIFYWHMCP>
#	G	D	E	R	K	N	Q	S	T	A	V	L	I	F	Y	W	H	M	C	P
0	0.02810	0.01572	0.01888	0.01559	0.02072	0.01598	0.01274	0.19825	0.10513	0.29105	0.02988	0.03623	0.02326	0.05362	0.01055	0.00301	0.00753	0.09286	0.00863	0.01227
1	0.03288	0.01777	0.02108	0.01634	0.02258	0.01802	0.01344	0.28687	0.07665	0.36609	0.02691	0.02445	0.01784	0.00999	0.00815	0.00250	0.00770	0.00788	0.00911	0.01373
2	0.14962	0.01510	0.01678	0.13515	0.06760	0.05715	0.01269	0.10248	0.02014	0.03100	0.10816	0.02820	0.02315	0.04966	0.00915	0.00269	0.00747	0.00798	0.14661	0.00921
3	0.11539	0.01288	0.01474	0.01247	0.01643	0.01297	0.00991	0.13744	0.02446	0.14465	0.31749	0.04223	0.07965	0.01326	0.00848	0.00253	0.00564	0.01101	0.00839	0.00996
4	0.01085	0.00821	0.01155	0.10729	0.01780	0.00834	0.00948	0.01285	0.01574	0.02096	0.06890	0.53801	0.04715	0.06818	0.01205	0.00348	0.00573	0.01969	0.00687	0.00687
5	0.12485	0.01438	0.01250	0.01152	0.01449	0.09636	0.00883	0.09202	0.01927	0.03056	0.02224	0.06745	0.01877	0.01259	0.03008	0.03443	0.00690	0.00779	0.36652	0.00845
6	0.01586	0.01366	0.02302	0.33333	0.03685	0.01595	0.09660	0.01935	0.01534	0.02137	0.01573	0.02283	0.01280	0.01215	0.01400	0.13012	0.08617	0.00752	0.09921	0.00815

[dist]
# distance from previous block
# <min> <max>
3	6

[block]
# block no. 1 follows, 23 sequences, length 6
# corresponding to MSA columns:
# 32-37
name=unknown_B
#
# <colnr> <probs for GDERKNQSTAVLIFYWHMCP>
#	G	D	E	R	K	N	Q	S	T	A	V	L	I	F	Y	W	H	M	C	P
0	0.01548	0.01245	0.01435	0.01363	0.01532	0.04700	0.01024	0.09275	0.01869	0.02572	0.09502	0.25415	0.03529	0.07234	0.08858	0.00438	0.09803	0.01361	0.06490	0.00807
1	0.01138	0.00814	0.01044	0.01126	0.01203	0.00841	0.00788	0.01312	0.01506	0.02116	0.03827	0.41946	0.07455	0.09819	0.07123	0.00442	0.05407	0.01738	0.09680	0.00676
2	0.02510	0.01612	0.02063	0.08021	0.02510	0.01589	0.03898	0.13012	0.12129	0.21994	0.02449	0.04777	0.01805	0.00951	0.00784	0.00231	0.00754	0.00796	0.00738	0.17377
3	0.21511	0.01715	0.02127	0.08361	0.02484	0.04050	0.07866	0.10854	0.01923	0.05362	0.05019	0.06948	0.01770	0.01061	0.01034	0.00267	0.11198	0.00808	0.00552	0.05089
4	0.02110	0.01268	0.01591	0.01372	0.01691	0.01286	0.01052	0.11953	0.02042	0.17372	0.06830	0.17089	0.02878	0.08437	0.01542	0.06949	0.06547	0.01149	0.00716	0.06125
5	0.01590	0.01417	0.02219	0.33526	0.03735	0.01518	0.08310	0.05327	0.01808	0.02456	0.02445	0.06194	0.08273	0.01005	0.00807	0.00246	0.00884	0.00900	0.05893	0.11447

[dist]
# distance from previous block
# <min> <max>
5	9

[block]
# block no. 2 follows, 23 sequences, length 8
# corresponding to MSA columns:
# 54-61
name=unknown_C
#
# <colnr> <probs for GDERKNQSTAVLIFYWHMCP>
#	G	D	E	R	K	N	Q	S	T	A	V	L	I	F	Y	W	H	M	C	P
0	0.01765	0.01577	0.02220	0.07632	0.02331	0.01973	0.04884	0.09929	0.01664	0.02369	0.01702	0.05965	0.01652	0.09974	0.08581	0.00469	0.33082	0.00880	0.00463	0.00891
1	0.01445	0.01129	0.01442	0.01313	0.01563	0.03603	0.04884	0.01793	0.03923	0.05681	0.19064	0.23298	0.09385	0.04030	0.01102	0.00289	0.03885	0.01459	0.05772	0.04939
2	0.01881	0.01758	0.02450	0.04882	0.02400	0.04425	0.08708	0.09525	0.01750	0.02497	0.01771	0.02313	0.04083	0.01617	0.07333	0.00387	0.34904	0.00795	0.05579	0.00943
3	0.08553	0.01829	0.01975	0.09518	0.02475	0.04849	0.01376	0.30522	0.07590	0.03925	0.14196	0.02941	0.04565	0.01103	0.00815	0.00251	0.00788	0.00880	0.00730	0.01118
4	0.02209	0.10872	0.08129	0.05712	0.29269	0.06127	0.02046	0.08355	0.06049	0.06029	0.01658	0.01952	0.01319	0.00846	0.00898	0.00244	0.05923	0.00682	0.00483	0.01198
5	0.01655	0.08476	0.02018	0.04178	0.01998	0.01423	0.06121	0.02061	0.06241	0.06432	0.05337	0.13037	0.06662	0.01863	0.07550	0.06256	0.04783	0.01042	0.00570	0.12297
6	0.14703	0.15361	0.21883	0.10835	0.10395	0.02075	0.06117	0.02384	0.01655	0.02559	0.01479	0.04451	0.01228	0.00818	0.00711	0.00244	0.00980	0.00663	0.00401	0.01059
7	0.07051	0.18964	0.13655	0.01860	0.04721	0.16829	0.05558	0.02409	0.01863	0.02341	0.05956	0.06297	0.07261	0.01023	0.00741	0.00232	0.00986	0.00805	0.00469	0.00978

[dist]
# distance from previous block
# <min> <max>
7	21

[block]
# block no. 3 follows, 23 sequences, length 16
# corresponding to MSA columns:
# 83-98
name=unknown_D
#
# <colnr> <probs for GDERKNQSTAVLIFYWHMCP>
#	G	D	E	R	K	N	Q	S	T	A	V	L	I	F	Y	W	H	M	C	P
0	0.20585	0.01987	0.12593	0.15326	0.09082	0.01723	0.11219	0.02335	0.01644	0.05728	0.01656	0.05760	0.01364	0.00967	0.00878	0.03996	0.00949	0.00760	0.00457	0.00990
1	0.26088	0.08425	0.20215	0.08817	0.02740	0.01881	0.04664	0.04573	0.01724	0.06502	0.03842	0.04191	0.01447	0.00870	0.00695	0.00252	0.00889	0.00669	0.00486	0.01029
2	0.01561	0.01273	0.01556	0.01450	0.01661	0.05203	0.01143	0.08923	0.01674	0.02337	0.02034	0.02823	0.01823	0.04535	0.47605	0.00981	0.07147	0.00814	0.04629	0.00828
3	0.01731	0.01543	0.02293	0.29800	0.16577	0.01708	0.01851	0.05750	0.10625	0.02587	0.02102	0.10275	0.01847	0.01029	0.00822	0.00259	0.00877	0.00917	0.00514	0.06894
4	0.01015	0.00726	0.00965	0.01112	0.01183	0.00677	0.00755	0.01196	0.01676	0.02266	0.14590	0.60282	0.05743	0.02397	0.01023	0.00317	0.00456	0.02169	0.00776	0.00677
5	0.01500	0.01266	0.02075	0.01759	0.02001	0.01372	0.12858	0.01801	0.01606	0.05265	0.09623	0.16331	0.03066	0.08762	0.13803	0.00530	0.13767	0.01228	0.00561	0.00826
6	0.01201	0.00856	0.01240	0.01240	0.01390	0.00984	0.00962	0.01501	0.01351	0.02018	0.02229	0.03169	0.02035	0.05482	0.60324	0.01173	0.01963	0.00856	0.09300	0.00728
7	0.02860	0.03357	0.02487	0.02567	0.13582	0.49560	0.01725	0.09719	0.02387	0.02443	0.01377	0.01611	0.01123	0.00832	0.00753	0.00218	0.01314	0.00580	0.00458	0.01048
8	0.01693	0.01481	0.01777	0.01311	0.01947	0.01246	0.01057	0.02033	0.01631	0.02563	0.01398	0.01693	0.01186	0.00697	0.00843	0.00148	0.08744	0.00508	0.00466	0.67578
9	0.02983	0.02074	0.02272	0.01775	0.02381	0.02259	0.01453	0.51716	0.06087	0.11221	0.02270	0.05822	0.01707	0.01068	0.00825	0.00250	0.00839	0.00833	0.00829	0.01337
10	0.03187	0.01941	0.02217	0.01695	0.02341	0.02013	0.01398	0.41171	0.03220	0.24855	0.02323	0.02195	0.01572	0.00964	0.00802	0.00239	0.00812	0.00744	0.00856	0.05455
11	0.01159	0.00869	0.01304	0.01304	0.01449	0.01014	0.01014	0.01449	0.01304	0.01884	0.02173	0.03188	0.02029	0.06086	0.68268	0.01304	0.02173	0.00869	0.00435	0.00724
12	0.01485	0.01278	0.01797	0.05909	0.01959	0.01595	0.01333	0.01763	0.01367	0.02083	0.01699	0.02464	0.01549	0.03120	0.28138	0.00692	0.27120	0.00760	0.07212	0.06676
13	0.01804	0.05055	0.02984	0.16870	0.07039	0.01996	0.17436	0.04807	0.01742	0.02463	0.03444	0.02184	0.01417	0.00949	0.01256	0.00272	0.17549	0.00782	0.06282	0.03668
14	0.02141	0.01730	0.01931	0.05616	0.05252	0.03979	0.01308	0.22712	0.11766	0.03511	0.05221	0.06008	0.05597	0.01065	0.00784	0.00230	0.00739	0.00871	0.05046	0.14494
15	0.05549	0.01407	0.01951	0.21429	0.02951	0.01565	0.03178	0.08852	0.05973	0.11721	0.09312	0.03013	0.02286	0.01214	0.01095	0.06175	0.04193	0.03335	0.03824	0.00976

[dist]
# distance from previous block
# <min> <max>
14	20

[block]
# block no. 4 follows, 23 sequences, length 11
# corresponding to MSA columns:
# 119-129
name=unknown_E
#
# <colnr> <probs for GDERKNQSTAVLIFYWHMCP>
#	G	D	E	R	K	N	Q	S	T	A	V	L	I	F	Y	W	H	M	C	P
0	0.06631	0.01663	0.02011	0.06359	0.02379	0.01657	0.04514	0.20279	0.06151	0.03365	0.02063	0.10275	0.01810	0.01005	0.00757	0.00218	0.00750	0.00842	0.00621	0.26649
1	0.01935	0.04178	0.01694	0.01374	0.01792	0.01530	0.01079	0.08466	0.24796	0.09058	0.19320	0.03845	0.06137	0.04930	0.01010	0.00277	0.00607	0.01031	0.00796	0.06146
2	0.01508	0.06182	0.01763	0.01532	0.05571	0.01285	0.02911	0.05815	0.01759	0.02449	0.08034	0.23303	0.03237	0.09661	0.04392	0.00359	0.03969	0.01262	0.00597	0.14410
3	0.06366	0.01557	0.01853	0.01863	0.09977	0.03706	0.01289	0.06335	0.18761	0.19056	0.10371	0.05975	0.07005	0.01180	0.00831	0.00260	0.00682	0.00990	0.00785	0.01156
4	0.02295	0.01556	0.01866	0.01429	0.02026	0.01445	0.01159	0.11442	0.05551	0.16621	0.05452	0.02265	0.01806	0.00882	0.00854	0.00198	0.05562	0.00681	0.00671	0.36237
5	0.06641	0.01828	0.02024	0.01611	0.02164	0.01957	0.01310	0.30570	0.10766	0.10943	0.02201	0.04115	0.01664	0.01001	0.00866	0.00239	0.04492	0.00761	0.03799	0.11047
6	0.01202	0.00872	0.00999	0.00951	0.01085	0.00813	0.00606	0.01295	0.01355	0.01829	0.03229	0.09086	0.10770	0.46713	0.06042	0.00635	0.00761	0.01214	0.00537	0.10007
7	0.01478	0.01055	0.01669	0.33004	0.03162	0.01223	0.01414	0.01619	0.01389	0.01888	0.01554	0.02383	0.01327	0.01685	0.01797	0.32869	0.00847	0.00718	0.08270	0.00651
8	0.01867	0.02095	0.04492	0.11726	0.04410	0.02021	0.55783	0.02533	0.01878	0.02533	0.01617	0.02186	0.01212	0.00700	0.00939	0.00273	0.01332	0.00928	0.00404	0.01070
9	0.01959	0.02366	0.08332	0.11462	0.07367	0.10256	0.37073	0.02556	0.01906	0.02448	0.01692	0.02427	0.01363	0.00811	0.00898	0.00268	0.01277	0.04071	0.00418	0.01050
10	0.15378	0.02120	0.02122	0.03812	0.02379	0.06195	0.01381	0.39968	0.02974	0.04268	0.01688	0.01786	0.01243	0.00876	0.00728	0.00228	0.00852	0.00637	0.00680	0.10684

[dist]
# distance from previous block
# <min> <max>
8	15

[block]
# block no. 5 follows, 23 sequences, length 10
# corresponding to MSA columns:
# 145-154
name=unknown_F
#
# <colnr> <probs for GDERKNQSTAVLIFYWHMCP>
#	G	D	E	R	K	N	Q	S	T	A	V	L	I	F	Y	W	H	M	C	P
0	0.02927	0.03557	0.02327	0.02076	0.02476	0.57220	0.01584	0.08037	0.02331	0.02237	0.01294	0.01530	0.01074	0.00898	0.00905	0.00224	0.07331	0.00556	0.00445	0.00972
1	0.02115	0.01626	0.01846	0.05732	0.04099	0.01800	0.01310	0.08110	0.41003	0.09927	0.03593	0.03388	0.09537	0.01163	0.00837	0.00269	0.00675	0.00967	0.00795	0.01210
2	0.01224	0.00990	0.01403	0.05466	0.01769	0.01007	0.04939	0.01725	0.10433	0.02290	0.03945	0.52922	0.04440	0.02118	0.00988	0.00315	0.00589	0.01931	0.00718	0.00789
3	0.01165	0.10665	0.01414	0.01158	0.01306	0.01023	0.00843	0.01341	0.01622	0.02136	0.08546	0.56440	0.04932	0.02219	0.00958	0.00302	0.00520	0.01983	0.00707	0.00720
4	0.07233	0.44107	0.05495	0.01606	0.02228	0.20563	0.01462	0.05124	0.01896	0.02192	0.01206	0.01386	0.01045	0.00750	0.00596	0.00194	0.01025	0.00475	0.00395	0.01023
5	0.01316	0.00978	0.01168	0.01212	0.01388	0.00972	0.00865	0.09991	0.04266	0.02561	0.04563	0.50600	0.12582	0.02206	0.00987	0.00308	0.00528	0.01958	0.00764	0.00786
6	0.09918	0.01513	0.01895	0.01466	0.02086	0.01419	0.01211	0.11573	0.02435	0.53490	0.02860	0.02532	0.01830	0.00979	0.00788	0.00250	0.00711	0.00772	0.00936	0.01337
7	0.10998	0.00868	0.00939	0.00970	0.01047	0.00889	0.00607	0.01324	0.01299	0.01966	0.02849	0.21167	0.03284	0.45108	0.02887	0.00603	0.00687	0.01365	0.00558	0.00584
8	0.04933	0.12696	0.02450	0.01818	0.02297	0.37288	0.01446	0.14382	0.02402	0.02634	0.01925	0.02053	0.06383	0.00956	0.00785	0.00221	0.03158	0.00649	0.00511	0.01014
9	0.01964	0.08016	0.11266	0.16571	0.25043	0.11188	0.04260	0.02461	0.01836	0.02353	0.01638	0.02401	0.01406	0.00871	0.00796	0.00250	0.01078	0.05109	0.00409	0.01083

[dist]
# distance from previous block
# <min> <max>
6	16

[block]
# block no. 6 follows, 23 sequences, length 50
# corresponding to MSA columns:
# 171-220
name=unknown_G
#
# <colnr> <probs for GDERKNQSTAVLIFYWHMCP>
#	G	D	E	R	K	N	Q	S	T	A	V	L	I	F	Y	W	H	M	C	P
0	0.04949	0.12024	0.05435	0.04809	0.02190	0.06351	0.01232	0.02288	0.04610	0.02583	0.06858	0.02049	0.01736	0.00768	0.00654	0.00173	0.00742	0.00596	0.00495	0.39459
1	0.01448	0.01192	0.03182	0.01237	0.01545	0.01145	0.00966	0.02323	0.20281	0.05353	0.21532	0.16237	0.16995	0.01673	0.00922	0.00277	0.00514	0.01448	0.00810	0.00919
2	0.02113	0.01775	0.01953	0.01556	0.02126	0.06362	0.03757	0.14111	0.13052	0.05101	0.02088	0.04405	0.01682	0.01170	0.04482	0.00262	0.00835	0.00727	0.03184	0.29261
3	0.01954	0.01517	0.01756	0.01311	0.01988	0.01279	0.01050	0.05638	0.09612	0.08058	0.01839	0.01948	0.01433	0.00714	0.00657	0.00156	0.00628	0.00574	0.00582	0.57305
4	0.02227	0.54323	0.06564	0.01518	0.02177	0.08423	0.01464	0.06862	0.01843	0.02174	0.01270	0.01485	0.01120	0.01029	0.04334	0.00248	0.01007	0.00494	0.00391	0.01047
5	0.01184	0.04421	0.01192	0.01002	0.01204	0.00883	0.00748	0.01494	0.02079	0.02866	0.48758	0.05915	0.12982	0.10226	0.01325	0.00318	0.00460	0.01406	0.00801	0.00737
6	0.02238	0.02051	0.02991	0.13053	0.38315	0.07503	0.05325	0.10118	0.02124	0.06069	0.01634	0.02024	0.01282	0.00788	0.00808	0.00245	0.01020	0.00724	0.00479	0.01210
7	0.13764	0.01339	0.06736	0.04938	0.01755	0.01144	0.01049	0.01845	0.04023	0.02908	0.27319	0.04533	0.14277	0.04478	0.00971	0.00273	0.00577	0.01121	0.00681	0.06270
8	0.02072	0.53731	0.06895	0.01454	0.02079	0.08583	0.01403	0.02350	0.01709	0.01974	0.01713	0.07422	0.03944	0.00919	0.00612	0.00198	0.00886	0.00657	0.00403	0.00995
9	0.02011	0.01507	0.01717	0.01368	0.01964	0.01399	0.01085	0.03024	0.23581	0.11060	0.02650	0.02593	0.05025	0.00898	0.00724	0.00198	0.00617	0.00736	0.00680	0.37164
10	0.01532	0.01442	0.02434	0.69533	0.05589	0.01803	0.02253	0.02073	0.01622	0.02073	0.01442	0.02163	0.01082	0.00811	0.00811	0.00270	0.01082	0.00721	0.00361	0.00901
11	0.03594	0.01456	0.01929	0.01479	0.02109	0.01303	0.01222	0.08958	0.02447	0.61804	0.03096	0.02694	0.01956	0.01002	0.00816	0.00250	0.00707	0.00809	0.00988	0.01381
12	0.01180	0.00787	0.00885	0.00885	0.00885	0.00787	0.00492	0.01180	0.01180	0.01573	0.02557	0.05310	0.02950	0.71483	0.04130	0.00787	0.00787	0.01180	0.00492	0.00492
13	0.01512	0.01510	0.02814	0.02226	0.02616	0.01526	0.27943	0.01900	0.01697	0.02318	0.05551	0.22670	0.06044	0.04627	0.01361	0.00324	0.10556	0.01385	0.00544	0.00877
14	0.01817	0.01717	0.02873	0.23582	0.43124	0.01829	0.02292	0.02359	0.03859	0.02477	0.01712	0.05623	0.01474	0.00855	0.00818	0.00255	0.00962	0.00810	0.00422	0.01141
15	0.01496	0.00760	0.00771	0.00768	0.00957	0.00757	0.00576	0.01875	0.01728	0.03035	0.05501	0.03162	0.02331	0.00977	0.00585	0.00192	0.00378	0.00788	0.72605	0.00757
16	0.01532	0.01442	0.02434	0.69533	0.05589	0.01803	0.02253	0.02073	0.01622	0.02073	0.01442	0.02163	0.01082	0.00811	0.00811	0.00270	0.01082	0.00721	0.00361	0.00901
17	0.01810	0.01551	0.01977	0.01474	0.02136	0.01322	0.06345	0.08408	0.04761	0.02884	0.01813	0.06801	0.01580	0.00808	0.00694	0.00168	0.00688	0.00698	0.00544	0.53538
18	0.01792	0.08767	0.54202	0.02295	0.03397	0.01959	0.07854	0.02632	0.01756	0.05782	0.01536	0.01776	0.01095	0.00770	0.00771	0.00252	0.01164	0.00629	0.00382	0.01188
19	0.01160	0.00866	0.01289	0.01289	0.01429	0.01006	0.00996	0.01439	0.01300	0.01873	0.02187	0.03263	0.02061	0.08391	0.66007	0.01286	0.02125	0.00880	0.00437	0.00716
20	0.02975	0.01605	0.02098	0.14638	0.02830	0.01644	0.01473	0.19567	0.02558	0.35145	0.02578	0.05261	0.01801	0.01023	0.00823	0.00256	0.00811	0.00837	0.00818	0.01258
21	0.02653	0.07895	0.02234	0.01672	0.02188	0.09410	0.01361	0.28578	0.09127	0.11087	0.02267	0.02715	0.01811	0.05727	0.04023	0.00327	0.00947	0.04092	0.00712	0.01172
22	0.01198	0.00871	0.01150	0.01266	0.01439	0.00839	0.01034	0.01506	0.01861	0.02442	0.14223	0.15310	0.12671	0.05713	0.01220	0.00359	0.00620	0.34799	0.00758	0.00719
23	0.02600	0.01898	0.02063	0.01707	0.02256	0.02108	0.01369	0.26298	0.35108	0.11318	0.02789	0.02597	0.02017	0.01043	0.00819	0.00261	0.00741	0.00836	0.00841	0.01331
24	0.01203	0.01011	0.01358	0.01364	0.01438	0.01165	0.01024	0.01378	0.01485	0.02036	0.03836	0.38074	0.11636	0.02573	0.08617	0.00433	0.18351	0.01671	0.00618	0.00728
25	0.02125	0.68846	0.04122	0.01385	0.02055	0.03114	0.01372	0.02387	0.01634	0.01908	0.01174	0.01385	0.01085	0.00931	0.03498	0.00223	0.00925	0.00453	0.00351	0.01027
26	0.01067	0.00814	0.01049	0.04605	0.01435	0.00788	0.00835	0.01348	0.04474	0.02214	0.08220	0.51735	0.13855	0.02270	0.00999	0.00312	0.00496	0.02032	0.00744	0.00709
27	0.05238	0.02073	0.02129	0.01753	0.02308	0.04434	0.01409	0.34052	0.29943	0.04221	0.02478	0.02374	0.01823	0.01016	0.00804	0.00256	0.00795	0.00794	0.00794	0.01307
28	0.01860	0.01921	0.03766	0.02900	0.06183	0.01866	0.41966	0.07239	0.01974	0.02696	0.02062	0.12609	0.01868	0.01022	0.01017	0.00278	0.04172	0.01112	0.00494	0.02995
29	0.01635	0.01509	0.02478	0.62802	0.08547	0.01845	0.02230	0.05216	0.01745	0.02257	0.01472	0.02144	0.01107	0.00815	0.00811	0.00268	0.01066	0.00722	0.00386	0.00945
30	0.01784	0.01502	0.01737	0.01250	0.01966	0.01185	0.01003	0.06484	0.01836	0.02822	0.01479	0.01702	0.01215	0.00628	0.00616	0.00129	0.00622	0.00499	0.00505	0.71039
31	0.02061	0.06992	0.02504	0.04720	0.02455	0.01843	0.08864	0.12095	0.01981	0.06823	0.01649	0.02061	0.01347	0.03532	0.04570	0.00298	0.12118	0.00687	0.00521	0.22879
32	0.02201	0.01577	0.02066	0.01566	0.02192	0.01431	0.06344	0.08447	0.06557	0.14943	0.02086	0.05062	0.01639	0.00875	0.00817	0.00200	0.03757	0.00728	0.00636	0.36877
33	0.01182	0.00955	0.01023	0.00989	0.01264	0.00882	0.00744	0.05842	0.04822	0.02548	0.12891	0.14234	0.45794	0.01951	0.00951	0.00276	0.00460	0.01650	0.00775	0.00767
34	0.01836	0.07919	0.29008	0.02285	0.05084	0.04602	0.10773	0.02644	0.08147	0.02527	0.01595	0.01888	0.01235	0.00845	0.00983	0.00251	0.08924	0.00672	0.00421	0.08360
35	0.01467	0.00884	0.01126	0.01103	0.01237	0.00861	0.00779	0.05484	0.01560	0.05312	0.03356	0.14600	0.12569	0.11027	0.02243	0.30765	0.00646	0.03797	0.00577	0.00609
36	0.01824	0.12819	0.22265	0.08207	0.13999	0.06709	0.04493	0.02463	0.04323	0.02533	0.10666	0.02413	0.02088	0.00895	0.00776	0.00241	0.00987	0.00752	0.00460	0.01084
37	0.01764	0.14222	0.45321	0.04506	0.09399	0.02102	0.06740	0.02528	0.01727	0.02463	0.01424	0.01723	0.01070	0.00750	0.00749	0.00244	0.01133	0.00613	0.00354	0.01167
38	0.13401	0.01307	0.01645	0.01323	0.01853	0.01202	0.01075	0.03305	0.02160	0.47191	0.11406	0.05574	0.02738	0.01115	0.00800	0.00255	0.00632	0.00908	0.00910	0.01201
39	0.01300	0.00904	0.01107	0.01136	0.01245	0.00904	0.00785	0.07027	0.01707	0.02289	0.08427	0.30677	0.04183	0.24209	0.02093	0.03863	0.00635	0.06166	0.00668	0.00674
40	0.01703	0.01421	0.04948	0.03468	0.01947	0.01272	0.03178	0.12062	0.02044	0.05694	0.07374	0.27084	0.03269	0.03842	0.01024	0.00276	0.02459	0.01321	0.00671	0.14942
41	0.01030	0.00774	0.01000	0.03635	0.01335	0.00724	0.00788	0.01237	0.01730	0.02286	0.15100	0.46737	0.16142	0.02247	0.01001	0.00305	0.00469	0.02006	0.00761	0.00690
42	0.00989	0.00706	0.00942	0.01130	0.01177	0.00659	0.00753	0.01130	0.01554	0.02071	0.04472	0.70954	0.05367	0.02542	0.01036	0.00330	0.00471	0.02307	0.00753	0.00659
43	0.01981	0.02146	0.03438	0.08662	0.14724	0.09141	0.24205	0.02429	0.01737	0.02325	0.01407	0.01965	0.01164	0.00917	0.01357	0.00283	0.19906	0.00783	0.00391	0.01040
44	0.01977	0.05434	0.03270	0.10203	0.58071	0.01982	0.02415	0.02452	0.01819	0.02565	0.01499	0.01985	0.01256	0.00729	0.00790	0.00240	0.00969	0.00708	0.00395	0.01241
45	0.01287	0.00860	0.01129	0.01044	0.01260	0.00789	0.00789	0.01666	0.02298	0.06794	0.62505	0.05878	0.07343	0.01622	0.00949	0.00255	0.00400	0.01431	0.00899	0.00800
46	0.08917	0.01880	0.01971	0.01764	0.05411	0.07025	0.01333	0.14862	0.23009	0.18072	0.02807	0.02655	0.04621	0.01027	0.00791	0.00255	0.00770	0.00813	0.00780	0.01237
47	0.01428	0.04757	0.04729	0.01238	0.01542	0.01145	0.01020	0.09183	0.02235	0.03051	0.33337	0.16891	0.09863	0.01696	0.00930	0.00270	0.00548	0.04498	0.00785	0.00851
48	0.01299	0.00886	0.01139	0.01239	0.01373	0.00862	0.00890	0.06534	0.01804	0.04905	0.04194	0.56503	0.04834	0.02321	0.01017	0.00324	0.00542	0.07812	0.00767	0.00756
49	0.01976	0.01895	0.03235	0.09380	0.62276	0.01919	0.02474	0.02462	0.01832	0.02612	0.01521	0.02019	0.01271	0.00729	0.00804	0.00243	0.00972	0.00723	0.00399	0.01259

[dist]
# distance from previous block
# <min> <max>
0	1

[block]
# block no. 7 follows, 23 sequences, length 347
# corresponding to MSA columns:
# 222-568
name=unknown_H
#
# <colnr> <probs for GDERKNQSTAVLIFYWHMCP>
#	G	D	E	R	K	N	Q	S	T	A	V	L	I	F	Y	W	H	M	C	P
0	0.02697	0.06259	0.02464	0.09592	0.07787	0.14847	0.01625	0.31258	0.02828	0.06018	0.01766	0.01939	0.01319	0.00893	0.00766	0.00233	0.00991	0.00677	0.04860	0.01181
1	0.01214	0.00883	0.01189	0.01345	0.01520	0.00858	0.01124	0.01533	0.01835	0.02380	0.07173	0.18284	0.11790	0.02244	0.01083	0.00351	0.00653	0.43060	0.00755	0.00728
2	0.06386	0.06279	0.13865	0.07631	0.37577	0.05465	0.02287	0.02615	0.05503	0.02628	0.01554	0.01919	0.01249	0.00765	0.00762	0.00243	0.00993	0.00670	0.00418	0.01192
3	0.02068	0.01495	0.01763	0.01295	0.01988	0.01221	0.01043	0.06121	0.04407	0.12289	0.01805	0.01911	0.01382	0.00702	0.00654	0.00153	0.00633	0.00562	0.00591	0.57916
4	0.02905	0.01969	0.02179	0.01696	0.02302	0.02102	0.01390	0.44316	0.06972	0.14126	0.04688	0.02498	0.04277	0.01039	0.00816	0.00244	0.00800	0.00810	0.00830	0.04043
5	0.05218	0.61404	0.04050	0.01529	0.02207	0.06734	0.04867	0.02483	0.01689	0.02022	0.01164	0.01361	0.01046	0.00704	0.00556	0.00184	0.00920	0.00469	0.00361	0.01032
6	0.01097	0.00827	0.01014	0.00967	0.01181	0.00744	0.00726	0.01433	0.02177	0.02968	0.50458	0.06531	0.23370	0.01765	0.00958	0.00260	0.00390	0.01533	0.00856	0.00744
7	0.02487	0.01640	0.01835	0.01510	0.01993	0.01751	0.01210	0.26820	0.14792	0.13580	0.09782	0.05364	0.02618	0.01133	0.00811	0.00249	0.00681	0.00922	0.09628	0.01194
8	0.07481	0.02057	0.07947	0.11503	0.03255	0.02187	0.18081	0.08168	0.01765	0.02616	0.01388	0.01915	0.01125	0.01002	0.01480	0.00296	0.25544	0.00750	0.00424	0.01015
9	0.01156	0.00784	0.00874	0.00888	0.00938	0.00762	0.00532	0.01214	0.01324	0.01773	0.03440	0.10418	0.11276	0.53348	0.03287	0.00652	0.00691	0.01310	0.04791	0.00544
10	0.01008	0.00727	0.00923	0.01072	0.01136	0.00676	0.00710	0.01139	0.01540	0.02026	0.04618	0.57301	0.11003	0.10376	0.01382	0.00376	0.00501	0.02120	0.00723	0.00642
11	0.04650	0.01342	0.01564	0.01463	0.04146	0.01460	0.01087	0.14883	0.09518	0.03303	0.16685	0.06071	0.03324	0.05277	0.01199	0.03159	0.04680	0.02946	0.12296	0.00948
12	0.04735	0.03416	0.45451	0.02781	0.15043	0.01907	0.06121	0.02652	0.05450	0.02677	0.01575	0.01856	0.01166	0.00776	0.00780	0.00256	0.01110	0.00655	0.00392	0.01202
13	0.00989	0.00706	0.00942	0.01130	0.01177	0.00659	0.00753	0.01130	0.01554	0.02071	0.04472	0.70954	0.05367	0.02542	0.01036	0.00330	0.00471	0.02307	0.00753	0.00659
14	0.26999	0.02046	0.02034	0.01609	0.02211	0.02292	0.01328	0.43931	0.03030	0.04639	0.01684	0.01745	0.01218	0.00903	0.00712	0.00246	0.00807	0.00637	0.00712	0.01218
15	0.01713	0.01600	0.02494	0.26427	0.10720	0.01963	0.05501	0.02228	0.05272	0.02299	0.01566	0.02156	0.01284	0.01017	0.01385	0.00287	0.22882	0.00747	0.07500	0.00961
16	0.01039	0.00762	0.00980	0.01120	0.01209	0.00720	0.00765	0.01285	0.03912	0.02241	0.10669	0.58474	0.09046	0.02376	0.01016	0.00317	0.00465	0.02140	0.00770	0.00693
17	0.02158	0.07488	0.06069	0.05419	0.02404	0.08206	0.01647	0.04799	0.01695	0.09764	0.01456	0.01837	0.01198	0.01080	0.01586	0.00274	0.31935	0.00652	0.00468	0.09865
18	0.01788	0.01430	0.01806	0.04138	0.02123	0.01170	0.03469	0.04311	0.01820	0.06477	0.04342	0.06031	0.01755	0.00806	0.00683	0.00162	0.00650	0.00685	0.00548	0.55806
19	0.02031	0.46670	0.16411	0.02100	0.09876	0.02738	0.05474	0.02474	0.01700	0.02163	0.01268	0.01515	0.01078	0.00712	0.00627	0.00203	0.00973	0.00530	0.00356	0.01103
20	0.01985	0.06176	0.03837	0.08985	0.30788	0.04673	0.26561	0.02528	0.01863	0.02516	0.01531	0.02029	0.01224	0.00717	0.00846	0.00251	0.01147	0.00791	0.00399	0.01152
21	0.01735	0.01322	0.01815	0.01633	0.02019	0.01344	0.08162	0.02650	0.19889	0.08823	0.04222	0.08216	0.12913	0.01606	0.00961	0.00306	0.00719	0.19921	0.00757	0.00987
22	0.01905	0.01509	0.01912	0.04081	0.02196	0.01326	0.04596	0.09183	0.04386	0.06699	0.05481	0.06187	0.01921	0.00872	0.00720	0.00182	0.00683	0.00744	0.00592	0.44825
23	0.01206	0.00877	0.01108	0.01178	0.01311	0.00860	0.00837	0.05040	0.04358	0.02549	0.17117	0.45815	0.05388	0.04526	0.01106	0.00324	0.00506	0.04368	0.00780	0.00747
24	0.01076	0.00798	0.01003	0.01013	0.01183	0.00725	0.00736	0.01367	0.02034	0.02774	0.40609	0.22474	0.17319	0.01947	0.00977	0.00277	0.00410	0.01719	0.00834	0.00725
25	0.01630	0.01543	0.02661	0.45870	0.12901	0.01805	0.07587	0.02111	0.01641	0.02174	0.01550	0.02388	0.01264	0.00960	0.01043	0.03420	0.05206	0.02922	0.00384	0.00940
26	0.20922	0.01964	0.04547	0.08224	0.02522	0.02089	0.01442	0.32524	0.04972	0.06652	0.05140	0.02092	0.01608	0.00938	0.00743	0.00251	0.00815	0.00702	0.00686	0.01168
27	0.02295	0.62023	0.03967	0.01491	0.02145	0.12708	0.01415	0.02548	0.01744	0.01920	0.01147	0.01325	0.01042	0.00715	0.00551	0.00179	0.00955	0.00447	0.00357	0.01027
28	0.01991	0.01967	0.03015	0.02434	0.05067	0.05632	0.24843	0.06539	0.19757	0.02886	0.02323	0.05303	0.01923	0.01010	0.00952	0.00269	0.03693	0.04277	0.00585	0.05535
29	0.01537	0.01574	0.06024	0.63427	0.05315	0.01772	0.02238	0.02095	0.01630	0.02133	0.01484	0.02167	0.01112	0.00814	0.00801	0.00267	0.01064	0.00715	0.02916	0.00913
30	0.01180	0.00787	0.00885	0.00885	0.00885	0.00787	0.00492	0.01180	0.01180	0.01573	0.02557	0.05310	0.02950	0.71483	0.04130	0.00787	0.00787	0.01180	0.00492	0.00492
31	0.04542	0.01343	0.01355	0.01227	0.01565	0.04983	0.00951	0.12554	0.06693	0.02919	0.11901	0.07720	0.28723	0.02047	0.07471	0.00365	0.00751	0.01281	0.00725	0.00883
32	0.01289	0.00926	0.01281	0.01451	0.01641	0.00918	0.01261	0.01656	0.01884	0.02453	0.06886	0.08982	0.07013	0.02212	0.01108	0.00365	0.00721	0.56455	0.00753	0.00746
33	0.00989	0.00706	0.00942	0.01130	0.01177	0.00659	0.00753	0.01130	0.01554	0.02071	0.04472	0.70954	0.05367	0.02542	0.01036	0.00330	0.00471	0.02307	0.00753	0.00659
34	0.00989	0.00706	0.00942	0.01130	0.01177	0.00659	0.00753	0.01130	0.01554	0.02071	0.04472	0.70954	0.05367	0.02542	0.01036	0.00330	0.00471	0.02307	0.00753	0.00659
35	0.05826	0.01522	0.02594	0.59227	0.05231	0.01828	0.08154	0.02142	0.01637	0.02213	0.01444	0.02118	0.01085	0.00796	0.00808	0.00270	0.01084	0.00728	0.00373	0.00919
36	0.01289	0.01074	0.01407	0.01381	0.01536	0.04851	0.01076	0.01570	0.01358	0.01892	0.02077	0.03034	0.01935	0.05603	0.61837	0.01204	0.04858	0.00843	0.00431	0.00743
37	0.03147	0.02173	0.02374	0.01820	0.02467	0.02369	0.01503	0.57042	0.03648	0.12023	0.02088	0.02039	0.01450	0.00977	0.00812	0.00244	0.00870	0.00740	0.00833	0.01380
38	0.01289	0.00860	0.01130	0.01045	0.01261	0.00790	0.00790	0.01668	0.02298	0.06838	0.62462	0.05876	0.07339	0.01622	0.00949	0.00255	0.00400	0.01431	0.00899	0.00800
39	0.01757	0.03954	0.61010	0.02305	0.03456	0.01850	0.05250	0.02652	0.01757	0.06346	0.01566	0.01793	0.01093	0.00781	0.00781	0.00257	0.01176	0.00626	0.00384	0.01206
40	0.02350	0.02473	0.02107	0.01850	0.02147	0.27525	0.01455	0.12095	0.02132	0.02541	0.01961	0.04893	0.05180	0.01348	0.03719	0.00300	0.19453	0.00771	0.04747	0.00952
41	0.00987	0.00713	0.00935	0.01112	0.01172	0.00661	0.00745	0.01132	0.01571	0.02078	0.04692	0.67253	0.08926	0.02514	0.01031	0.00326	0.00467	0.02272	0.00753	0.00661
42	0.07722	0.01605	0.02487	0.22061	0.03370	0.01763	0.13392	0.06863	0.01802	0.02706	0.01612	0.02102	0.01261	0.00856	0.00965	0.00249	0.08597	0.00721	0.10419	0.09447
43	0.01729	0.01688	0.01629	0.01565	0.01749	0.14931	0.01174	0.05584	0.05523	0.02330	0.05358	0.32327	0.03342	0.01939	0.03834	0.00336	0.12083	0.01421	0.00621	0.00839
44	0.01179	0.00790	0.00901	0.00901	0.00906	0.00795	0.00511	0.01190	0.01185	0.01585	0.02542	0.05230	0.02915	0.69016	0.06550	0.00806	0.00839	0.01168	0.00490	0.00500
45	0.02363	0.01914	0.02029	0.01721	0.02241	0.02179	0.01368	0.23502	0.45205	0.03950	0.02865	0.02679	0.02123	0.01060	0.00821	0.00265	0.00723	0.00857	0.00821	0.01315
46	0.01910	0.08799	0.14866	0.01921	0.02377	0.14750	0.03736	0.02279	0.01698	0.02200	0.04142	0.09699	0.01811	0.01182	0.01306	0.00268	0.20407	0.00833	0.00440	0.05376
47	0.01807	0.01393	0.01881	0.04248	0.02126	0.01375	0.07169	0.11357	0.09105	0.06806	0.07794	0.23820	0.03208	0.01437	0.00876	0.00260	0.00691	0.01285	0.00705	0.12657
48	0.01866	0.02534	0.15517	0.03230	0.04116	0.02023	0.53091	0.02594	0.01880	0.02594	0.01610	0.02107	0.01196	0.00699	0.00926	0.00271	0.01339	0.00896	0.00399	0.01112
49	0.00989	0.00706	0.00942	0.01130	0.01177	0.00659	0.00753	0.01130	0.01554	0.02071	0.04472	0.70954	0.05367	0.02542	0.01036	0.00330	0.00471	0.02307	0.00753	0.00659
50	0.00987	0.00713	0.00935	0.01113	0.01172	0.00661	0.00746	0.01132	0.01570	0.02078	0.04682	0.67414	0.08771	0.02515	0.01031	0.00326	0.00467	0.02273	0.00753	0.00661
51	0.01732	0.11829	0.50538	0.02376	0.05554	0.02076	0.07379	0.02531	0.01709	0.02475	0.01420	0.01714	0.01055	0.00777	0.00825	0.00251	0.03627	0.00616	0.00351	0.01165
52	0.01127	0.00829	0.01055	0.00999	0.01199	0.00757	0.00749	0.01490	0.02247	0.03136	0.59574	0.06255	0.14149	0.01703	0.00957	0.00257	0.00386	0.01495	0.00878	0.00757
53	0.00989	0.00706	0.00942	0.01130	0.01177	0.00659	0.00753	0.01130	0.01554	0.02071	0.04472	0.70954	0.05367	0.02542	0.01036	0.00330	0.00471	0.02307	0.00753	0.00659
54	0.01769	0.01953	0.06134	0.28346	0.08282	0.01943	0.32014	0.02460	0.04254	0.02434	0.01617	0.02183	0.01219	0.00754	0.00881	0.00270	0.01201	0.00839	0.00405	0.01044
55	0.03405	0.01758	0.02117	0.01623	0.02260	0.01752	0.01340	0.29230	0.02954	0.40816	0.02671	0.02418	0.01743	0.00992	0.00814	0.00248	0.00776	0.00780	0.00923	0.01380
56	0.01169	0.00782	0.00888	0.00899	0.00902	0.00779	0.00507	0.01177	0.01202	0.01603	0.02669	0.09165	0.03092	0.67435	0.03948	0.00760	0.00768	0.01246	0.00507	0.00501
57	0.01143	0.00825	0.01080	0.01025	0.01211	0.00762	0.00765	0.01518	0.02272	0.03214	0.63914	0.08255	0.07579	0.01689	0.00960	0.00258	0.00386	0.01496	0.00888	0.00762
58	0.01476	0.01002	0.01325	0.11484	0.01841	0.04823	0.00995	0.01347	0.01271	0.01617	0.01746	0.09980	0.01779	0.02368	0.02434	0.51952	0.00780	0.00875	0.00402	0.00504
59	0.00987	0.00713	0.00935	0.01112	0.01172	0.00661	0.00745	0.01132	0.01571	0.02078	0.04692	0.67245	0.08933	0.02514	0.01031	0.00326	0.00467	0.02272	0.00753	0.00661
60	0.24264	0.31638	0.17595	0.01546	0.02282	0.06405	0.01615	0.02497	0.01623	0.02576	0.01211	0.01410	0.00990	0.00738	0.00585	0.00218	0.00908	0.00479	0.00396	0.01023
61	0.01082	0.00812	0.01023	0.01148	0.01306	0.00753	0.00881	0.01320	0.01760	0.02257	0.07798	0.32043	0.22491	0.02280	0.01036	0.00324	0.00533	0.19697	0.00757	0.00697
62	0.02056	0.01663	0.01883	0.01379	0.02081	0.01464	0.01116	0.18460	0.02250	0.03302	0.01577	0.01753	0.01249	0.00700	0.00657	0.00153	0.00679	0.00547	0.00569	0.56462
63	0.02613	0.02032	0.02267	0.05759	0.02503	0.05622	0.01511	0.35973	0.02840	0.07663	0.01807	0.02006	0.01361	0.01270	0.04824	0.00306	0.10006	0.00706	0.00664	0.08266
64	0.05286	0.04822	0.02279	0.01840	0.04807	0.02168	0.01449	0.30064	0.17017	0.14329	0.02331	0.02269	0.01678	0.01004	0.00897	0.00255	0.04670	0.00763	0.00775	0.01296
65	0.01846	0.01893	0.02475	0.02128	0.02152	0.06183	0.01764	0.02025	0.01302	0.01955	0.01076	0.01758	0.01064	0.01387	0.02554	0.00347	0.66144	0.00700	0.00359	0.00891
66	0.02636	0.02009	0.02232	0.01927	0.05934	0.02208	0.01473	0.35707	0.23862	0.06752	0.02403	0.02331	0.01757	0.00988	0.00808	0.00249	0.00794	0.00786	0.00788	0.04358
67	0.01117	0.00850	0.01044	0.01078	0.01293	0.00777	0.00855	0.01425	0.01997	0.02612	0.26731	0.09704	0.27910	0.01986	0.01004	0.00296	0.00492	0.17304	0.00799	0.00728
68	0.00996	0.00709	0.00939	0.01120	0.01165	0.00664	0.00743	0.01132	0.01539	0.02051	0.04395	0.68317	0.05270	0.05311	0.01160	0.00348	0.00483	0.02261	0.00743	0.00652
69	0.35509	0.04998	0.21408	0.01544	0.02247	0.01832	0.01598	0.05001	0.05446	0.06882	0.01528	0.01714	0.01142	0.00917	0.00784	0.04530	0.00829	0.00565	0.00501	0.01026
70	0.01201	0.00993	0.03679	0.01245	0.01405	0.00888	0.00929	0.05032	0.04306	0.02424	0.08779	0.54387	0.04995	0.02246	0.01001	0.00315	0.00534	0.04128	0.00754	0.00759
71	0.01154	0.00860	0.01275	0.01282	0.01418	0.00993	0.00986	0.01427	0.01309	0.01879	0.02274	0.05813	0.02187	0.08321	0.63416	0.01249	0.02059	0.00935	0.00449	0.00714
72	0.01627	0.04197	0.67279	0.02313	0.03512	0.01884	0.02998	0.02570	0.01713	0.02570	0.01456	0.01713	0.01028	0.00771	0.00771	0.00257	0.01199	0.00600	0.00343	0.01199
73	0.06828	0.01650	0.06871	0.01501	0.02099	0.01422	0.01304	0.05847	0.12391	0.40025	0.08860	0.02928	0.02459	0.01049	0.00811	0.00256	0.00697	0.00854	0.00880	0.01267
74	0.01649	0.06843	0.64818	0.02277	0.03456	0.01936	0.02935	0.02564	0.01711	0.02544	0.01443	0.01697	0.01028	0.00768	0.00761	0.00254	0.01186	0.00593	0.00343	0.01193
75	0.01052	0.00733	0.00923	0.01049	0.01081	0.00701	0.00667	0.01146	0.01431	0.01908	0.03843	0.49376	0.04572	0.25203	0.02053	0.00480	0.00575	0.01936	0.00667	0.00604
76	0.09584	0.01708	0.01905	0.04309	0.05720	0.01851	0.01295	0.30722	0.05217	0.07735	0.04577	0.02563	0.04410	0.01003	0.00751	0.00239	0.00730	0.00785	0.13748	0.01146
77	0.01703	0.01716	0.06107	0.45030	0.04397	0.05592	0.05420	0.04492	0.01778	0.02384	0.01643	0.02219	0.01246	0.00829	0.00776	0.00253	0.01014	0.00721	0.11752	0.00928
78	0.01555	0.01486	0.02572	0.65658	0.05510	0.01817	0.05841	0.02104	0.01640	0.02104	0.01454	0.02165	0.01090	0.00804	0.00820	0.00271	0.01098	0.00735	0.00363	0.00913
79	0.03058	0.01363	0.01771	0.01414	0.01956	0.01259	0.01147	0.05556	0.09166	0.48139	0.12958	0.03278	0.02919	0.01116	0.00839	0.00254	0.00644	0.00926	0.00961	0.01275
80	0.12312	0.12864	0.09869	0.02070	0.08557	0.14763	0.01682	0.16506	0.02276	0.06842	0.01532	0.01699	0.01177	0.00850	0.00781	0.00234	0.03725	0.00598	0.00529	0.01133
81	0.06272	0.06744	0.19201	0.05639	0.11858	0.02066	0.27601	0.02498	0.01761	0.02561	0.01481	0.01922	0.01142	0.00761	0.00929	0.00262	0.05047	0.00755	0.00389	0.01110
82	0.01252	0.00895	0.01244	0.01431	0.01594	0.00886	0.01212	0.01586	0.01814	0.02367	0.04327	0.19844	0.04790	0.02294	0.01106	0.00366	0.00699	0.50813	0.00748	0.00732
83	0.07848	0.12844	0.13752	0.01770	0.02429	0.08751	0.01647	0.14994	0.21837	0.03244	0.02034	0.02053	0.01540	0.00907	0.00735	0.00243	0.00901	0.00680	0.00604	0.01188
84	0.01011	0.00716	0.00935	0.01101	0.01142	0.00674	0.00722	0.01136	0.01509	0.02012	0.04245	0.63153	0.05080	0.10735	0.01403	0.00384	0.00508	0.02173	0.00722	0.00639
85	0.01784	0.07032	0.02704	0.06295	0.05768	0.02395	0.04261	0.02030	0.01357	0.02017	0.01183	0.01847	0.01120	0.01445	0.04780	0.00364	0.51625	0.00707	0.00363	0.00923
86	0.01887	0.02331	0.09646	0.03281	0.04100	0.02056	0.56245	0.02571	0.01873	0.02571	0.01604	0.02135	0.01209	0.00720	0.01010	0.00276	0.04068	0.00919	0.00403	0.01095
87	0.01001	0.00715	0.00956	0.01144	0.01197	0.00670	0.00775	0.01151	0.01566	0.02085	0.04465	0.68544	0.05340	0.02530	0.01039	0.00331	0.00482	0.04594	0.00753	0.00663
88	0.00988	0.00710	0.00938	0.01120	0.01174	0.00660	0.00749	0.01131	0.01563	0.02075	0.04594	0.68903	0.07338	0.02526	0.01033	0.00328	0.00469	0.02287	0.00753	0.00660
89	0.01004	0.00712	0.00937	0.01111	0.01154	0.00669	0.00733	0.01134	0.01524	0.02033	0.04323	0.65841	0.05178	0.07912	0.01277	0.00365	0.00495	0.02219	0.00733	0.00646
90	0.02953	0.01303	0.01687	0.01356	0.01887	0.01178	0.01098	0.03456	0.08396	0.47661	0.09724	0.03650	0.09560	0.01190	0.00846	0.00256	0.00626	0.00985	0.00949	0.01237
91	0.03641	0.01381	0.01883	0.01444	0.02071	0.01193	0.01193	0.03954	0.02322	0.66984	0.03201	0.02762	0.02009	0.01004	0.00816	0.00251	0.00690	0.00816	0.01004	0.01381
92	0.02129	0.69160	0.04135	0.01385	0.02058	0.03124	0.01374	0.02391	0.01635	0.01908	0.01169	0.01376	0.01080	0.00907	0.03200	0.00218	0.00919	0.00451	0.00351	0.01029
93	0.01000	0.00722	0.00949	0.01127	0.01192	0.00671	0.00768	0.01154	0.01583	0.02092	0.04676	0.64953	0.08752	0.02503	0.01035	0.00328	0.00478	0.04600	0.00753	0.00664
94	0.01409	0.00705	0.01057	0.01057	0.01057	0.00705	0.00705	0.01057	0.01057	0.01409	0.01409	0.02467	0.01409	0.02819	0.03171	0.76392	0.00705	0.00705	0.00352	0.00352
95	0.01532	0.01442	0.02434	0.69533	0.05589	0.01803	0.02253	0.02073	0.01622	0.02073	0.01442	0.02163	0.01082	0.00811	0.00811	0.00270	0.01082	0.00721	0.00361	0.00901
96	0.01513	0.00756	0.00756	0.00756	0.00945	0.00756	0.00567	0.01891	0.01702	0.03025	0.02647	0.03025	0.02080	0.00945	0.00567	0.00189	0.00378	0.00756	0.75988	0.00756
97	0.00980	0.00770	0.00886	0.00970	0.01137	0.00676	0.00684	0.01163	0.01732	0.02177	0.08687	0.36491	0.36248	0.02262	0.00994	0.00299	0.00437	0.01974	0.00759	0.00676
98	0.65234	0.01476	0.01228	0.03731	0.01684	0.01694	0.00919	0.02272	0.01499	0.03534	0.08842	0.01914	0.01691	0.00863	0.00568	0.00252	0.00616	0.00572	0.00543	0.00866
99	0.01622	0.01534	0.02596	0.57368	0.17052	0.01826	0.02298	0.02152	0.01665	0.02182	0.01458	0.02134	0.01120	0.00795	0.00810	0.00265	0.01059	0.00721	0.00368	0.00974
100	0.02241	0.02230	0.05707	0.08173	0.09409	0.05945	0.29760	0.14124	0.05974	0.05554	0.01802	0.02138	0.01338	0.00800	0.00872	0.00260	0.01151	0.00830	0.00526	0.01167
101	0.01325	0.00870	0.01133	0.01044	0.01271	0.00794	0.00791	0.01696	0.02281	0.07914	0.59108	0.05886	0.09518	0.01626	0.00947	0.00256	0.00407	0.01429	0.00896	0.00808
102	0.01702	0.01460	0.01692	0.01228	0.01934	0.01137	0.00980	0.02176	0.05398	0.02688	0.01551	0.01762	0.01277	0.00630	0.00614	0.00129	0.00603	0.00506	0.00501	0.72030
103	0.01812	0.01927	0.03769	0.13669	0.11168	0.02012	0.35511	0.02356	0.01749	0.02408	0.01615	0.04593	0.01339	0.00884	0.01172	0.00283	0.11381	0.00906	0.00406	0.01040
104	0.01170	0.00827	0.01092	0.01092	0.01163	0.00899	0.00749	0.01313	0.01241	0.01726	0.02368	0.04264	0.02496	0.39243	0.35749	0.01042	0.01470	0.01027	0.00464	0.00606
105	0.00998	0.00713	0.00950	0.01124	0.01179	0.00665	0.00754	0.01152	0.01595	0.02138	0.07921	0.67316	0.05495	0.02493	0.01031	0.00325	0.00466	0.02260	0.00761	0.00665
106	0.01927	0.06611	0.19562	0.05464	0.11894	0.01958	0.26485	0.02644	0.04333	0.06162	0.01788	0.04292	0.01398	0.00811	0.00849	0.00260	0.01137	0.00832	0.00448	0.01145
107	0.01763	0.01571	0.02419	0.14219	0.12489	0.01846	0.07140	0.05527	0.01701	0.02501	0.01770	0.06291	0.01561	0.01105	0.01353	0.00280	0.21654	0.00841	0.13007	0.00961
108	0.01004	0.00718	0.00956	0.01119	0.01180	0.00669	0.00754	0.01169	0.01626	0.02187	0.10491	0.64605	0.05591	0.02456	0.01028	0.00322	0.00462	0.02225	0.00767	0.00669
109	0.01218	0.00891	0.01283	0.01269	0.01407	0.01039	0.00983	0.01501	0.01335	0.01984	0.02189	0.03194	0.02029	0.07782	0.56955	0.01142	0.04597	0.00864	0.07613	0.00725
110	0.04967	0.41682	0.09457	0.01898	0.08181	0.04980	0.03923	0.02622	0.05554	0.04888	0.03965	0.01793	0.01447	0.00785	0.00640	0.00208	0.00899	0.00584	0.00439	0.01088
111	0.02402	0.01772	0.01831	0.05052	0.02123	0.05688	0.01239	0.34553	0.02839	0.03963	0.02236	0.06138	0.01782	0.01037	0.00745	0.00231	0.00755	0.00814	0.23700	0.01098
112	0.01543	0.00915	0.01167	0.01065	0.01329	0.00822	0.00806	0.01858	0.02146	0.13997	0.40292	0.09536	0.15199	0.04380	0.01061	0.00282	0.00461	0.01430	0.00867	0.00843
113	0.02159	0.01676	0.01970	0.03834	0.02104	0.04397	0.01349	0.19723	0.02204	0.06937	0.01932	0.04914	0.01617	0.01743	0.09818	0.00391	0.16392	0.00782	0.07943	0.08115
114	0.01519	0.01254	0.02170	0.06038	0.05904	0.01239	0.15472	0.01862	0.01711	0.06098	0.03162	0.34284	0.03361	0.01678	0.01021	0.00299	0.03476	0.04003	0.04580	0.00869
115	0.01881	0.01909	0.02104	0.01992	0.05599	0.14437	0.01509	0.04521	0.01658	0.02184	0.05351	0.02359	0.01732	0.02474	0.18985	0.00556	0.28655	0.00763	0.00441	0.00890
116	0.01120	0.00818	0.01119	0.01319	0.04846	0.00788	0.00855	0.01293	0.01606	0.02169	0.10948	0.42102	0.07066	0.09094	0.05345	0.03559	0.00636	0.03942	0.00689	0.00686
117	0.40079	0.06566	0.11663	0.01645	0.04566	0.09625	0.01456	0.10750	0.01896	0.03347	0.01318	0.01504	0.01013	0.00790	0.00623	0.00241	0.00872	0.00522	0.00497	0.01026
118	0.01862	0.02561	0.16354	0.03215	0.04106	0.02021	0.52281	0.02594	0.01878	0.02594	0.01607	0.02101	0.01194	0.00700	0.00923	0.00271	0.01337	0.00891	0.00398	0.01114
119	0.01119	0.00838	0.01059	0.01140	0.01325	0.00778	0.00897	0.01407	0.01902	0.02486	0.19357	0.19471	0.21945	0.02115	0.01025	0.00312	0.00524	0.20797	0.00783	0.00718
120	0.65287	0.01763	0.05287	0.03939	0.01903	0.01864	0.01100	0.05978	0.01553	0.03600	0.01210	0.01413	0.00925	0.00770	0.00549	0.00252	0.00696	0.00477	0.00505	0.00928
121	0.01392	0.01037	0.01275	0.01108	0.01459	0.00899	0.00844	0.01806	0.04400	0.05319	0.34782	0.10967	0.08580	0.01436	0.00859	0.00228	0.00473	0.01251	0.00763	0.21121
122	0.02066	0.01555	0.01804	0.01329	0.02021	0.01314	0.01071	0.10184	0.04631	0.09277	0.01755	0.01877	0.01356	0.00709	0.00658	0.00155	0.00649	0.00563	0.00588	0.56437
123	0.01627	0.04197	0.67279	0.02313	0.03512	0.01884	0.02998	0.02570	0.01713	0.02570	0.01456	0.01713	0.01028	0.00771	0.00771	0.00257	0.01199	0.00600	0.00343	0.01199
124	0.01005	0.00724	0.00953	0.01107	0.01178	0.00672	0.00750	0.01175	0.01646	0.02206	0.11370	0.61604	0.07746	0.02428	0.01024	0.00319	0.00459	0.02194	0.00769	0.00672
