[name]
unknown

[dist]
# distance from previous block
# <min> <max>
5	46

[block]
# block no. 0 follows, 21 sequences, length 6
# corresponding to MSA columns:
# 47-52
name=unknown_A
#
# <colnr> <probs for GDERKNQSTAVLIFYWHMCP>
#	G	D	E	R	K	N	Q	S	T	A	V	L	I	F	Y	W	H	M	C	P
0	0.02133	0.14493	0.12878	0.03010	0.11783	0.09040	0.23298	0.02684	0.01899	0.02477	0.01488	0.01920	0.01198	0.00824	0.01011	0.00262	0.07301	0.00752	0.00403	0.01145
1	0.09681	0.23042	0.11192	0.01959	0.02662	0.14804	0.07266	0.08283	0.08465	0.02816	0.01617	0.01790	0.01281	0.00843	0.00723	0.00236	0.01075	0.00627	0.00496	0.01140
2	0.14363	0.01822	0.07830	0.01933	0.08004	0.01609	0.04656	0.10384	0.02344	0.16802	0.18056	0.03221	0.03140	0.01115	0.00842	0.00264	0.00772	0.00933	0.00756	0.01154
3	0.01857	0.01449	0.02090	0.12459	0.02560	0.01672	0.04522	0.10546	0.01760	0.02427	0.01556	0.02302	0.01364	0.02007	0.05698	0.26071	0.13905	0.00758	0.00457	0.04537
4	0.05907	0.08558	0.06606	0.09586	0.02866	0.02421	0.01724	0.30888	0.06840	0.03869	0.01953	0.04974	0.01559	0.01075	0.00997	0.00270	0.07221	0.00797	0.00658	0.01232
5	0.01767	0.01224	0.01471	0.01280	0.01666	0.01183	0.00991	0.07373	0.05007	0.08326	0.03394	0.07274	0.11408	0.06945	0.17194	0.00548	0.01033	0.01042	0.05581	0.15293

[dist]
# distance from previous block
# <min> <max>
0	1

[block]
# block no. 1 follows, 21 sequences, length 38
# corresponding to MSA columns:
# 54-91
name=unknown_B
#
# <colnr> <probs for GDERKNQSTAVLIFYWHMCP>
#	G	D	E	R	K	N	Q	S	T	A	V	L	I	F	Y	W	H	M	C	P
0	0.01924	0.03546	0.45515	0.02214	0.03183	0.01962	0.02593	0.09576	0.02032	0.05382	0.01902	0.07695	0.01556	0.01053	0.00985	0.00282	0.06087	0.00816	0.00483	0.01215
1	0.15758	0.09888	0.02425	0.01765	0.02358	0.16759	0.01443	0.24813	0.05817	0.08522	0.01811	0.01864	0.01348	0.00927	0.00744	0.00243	0.00989	0.00648	0.00666	0.01210
2	0.01279	0.00876	0.01234	0.01232	0.01367	0.00978	0.00927	0.01523	0.01428	0.02109	0.04768	0.03586	0.02407	0.10950	0.46428	0.06339	0.01748	0.00939	0.09165	0.00716
3	0.01284	0.00827	0.01038	0.01113	0.01221	0.00770	0.00745	0.01427	0.01656	0.06528	0.07265	0.41321	0.09987	0.18568	0.01834	0.00446	0.00579	0.01933	0.00750	0.00710
4	0.01463	0.01035	0.01444	0.01506	0.01715	0.01030	0.03422	0.01932	0.07368	0.05336	0.04200	0.28917	0.04546	0.02255	0.01180	0.03282	0.00694	0.27072	0.00776	0.00830
5	0.02311	0.01394	0.01713	0.01484	0.01835	0.01450	0.01152	0.18987	0.05095	0.13311	0.04882	0.09110	0.02430	0.02162	0.06161	0.20703	0.00863	0.03251	0.00722	0.00983
6	0.01478	0.00977	0.01210	0.01185	0.01444	0.00912	0.00907	0.01908	0.05929	0.09350	0.24087	0.18058	0.19167	0.01960	0.01014	0.00301	0.00517	0.07865	0.00868	0.00863
7	0.01478	0.00739	0.01109	0.01109	0.01109	0.00739	0.00739	0.01109	0.01109	0.01478	0.01478	0.02587	0.01478	0.02956	0.03326	0.75240	0.00739	0.00739	0.00370	0.00370
8	0.02073	0.02231	0.03384	0.08764	0.06465	0.09552	0.22303	0.02696	0.07359	0.02468	0.01619	0.02141	0.01322	0.01032	0.01505	0.00304	0.22429	0.00833	0.00447	0.01071
9	0.02986	0.06459	0.02640	0.02398	0.08407	0.41904	0.01731	0.14916	0.02601	0.02798	0.01472	0.01698	0.01191	0.00917	0.00877	0.00235	0.04527	0.00616	0.00513	0.01115
10	0.01607	0.01513	0.02552	0.68047	0.05861	0.01891	0.02363	0.02174	0.01702	0.02174	0.01513	0.02269	0.01134	0.00851	0.00851	0.00284	0.01134	0.00756	0.00378	0.00945
11	0.01096	0.00753	0.00987	0.01143	0.01182	0.00714	0.00747	0.01187	0.01537	0.02050	0.04182	0.55773	0.04981	0.12356	0.01705	0.05548	0.00558	0.02135	0.00722	0.00644
12	0.01234	0.00900	0.01309	0.01309	0.01452	0.01034	0.01002	0.01520	0.01377	0.02006	0.02331	0.03499	0.02201	0.10830	0.59140	0.01275	0.02087	0.00930	0.03818	0.00743
13	0.06281	0.00884	0.01093	0.01128	0.01303	0.00846	0.00828	0.01514	0.02034	0.02925	0.34200	0.27677	0.09228	0.02039	0.01008	0.00301	0.00471	0.04629	0.00844	0.00768
14	0.01216	0.00912	0.01368	0.01368	0.01520	0.01064	0.01064	0.01520	0.01368	0.01976	0.02279	0.03343	0.02127	0.06382	0.66720	0.01368	0.02279	0.00912	0.00456	0.00760
15	0.02887	0.02014	0.02195	0.01765	0.02356	0.02208	0.01431	0.35483	0.19727	0.11768	0.02633	0.02528	0.01887	0.01059	0.00838	0.00261	0.00803	0.00832	0.05949	0.01375
16	0.03278	0.01417	0.01857	0.01492	0.02064	0.01296	0.01206	0.03857	0.09833	0.50070	0.07927	0.06537	0.02780	0.01197	0.00880	0.00271	0.00683	0.00998	0.01009	0.01350
17	0.11576	0.01404	0.01788	0.01412	0.01991	0.01277	0.01145	0.03661	0.02241	0.51631	0.05477	0.03051	0.02278	0.05869	0.01068	0.00303	0.00711	0.00865	0.00953	0.01299
18	0.03818	0.01448	0.01975	0.01514	0.02172	0.01251	0.01251	0.04147	0.02436	0.65373	0.03357	0.02897	0.02107	0.01053	0.00856	0.00263	0.00724	0.00856	0.01053	0.01448
19	0.01098	0.00788	0.01043	0.01143	0.01248	0.00732	0.00795	0.01340	0.01916	0.02628	0.26620	0.46307	0.06511	0.02326	0.01056	0.00317	0.00460	0.02096	0.00844	0.00732
20	0.01457	0.00874	0.01107	0.01120	0.01299	0.00804	0.00796	0.01692	0.01895	0.09899	0.17663	0.32079	0.09889	0.08419	0.01302	0.00348	0.00519	0.01762	0.06278	0.00798
21	0.01134	0.00821	0.00955	0.00989	0.01095	0.00767	0.00647	0.01273	0.01651	0.02161	0.13059	0.20439	0.18664	0.29840	0.02376	0.00516	0.00601	0.01671	0.00699	0.00642
22	0.60663	0.01630	0.01401	0.01218	0.01760	0.01830	0.00998	0.02877	0.05901	0.12552	0.01653	0.01723	0.01207	0.00853	0.00597	0.00265	0.00669	0.00552	0.00625	0.01026
23	0.01373	0.00919	0.01101	0.01110	0.01328	0.00843	0.00799	0.01691	0.04809	0.08321	0.13520	0.28600	0.23682	0.06389	0.01222	0.00337	0.00513	0.01818	0.00821	0.00806
24	0.01485	0.00742	0.01089	0.01089	0.01101	0.00742	0.00730	0.01163	0.01151	0.01584	0.01560	0.02624	0.01522	0.02833	0.03155	0.70535	0.00718	0.00742	0.05037	0.00396
25	0.01195	0.00811	0.00955	0.00989	0.01013	0.00797	0.00590	0.01253	0.01397	0.01877	0.07383	0.18312	0.03941	0.51949	0.03456	0.00691	0.00730	0.01493	0.00599	0.00571
26	0.02269	0.01707	0.01884	0.01653	0.02095	0.01876	0.01285	0.21404	0.26477	0.06675	0.03330	0.19613	0.02986	0.01491	0.00917	0.00292	0.00712	0.01265	0.00851	0.01217
27	0.01132	0.00803	0.01042	0.01129	0.01225	0.00758	0.00780	0.01349	0.01829	0.02499	0.22896	0.38129	0.05978	0.12035	0.01530	0.00392	0.00525	0.04467	0.00796	0.00705
28	0.02426	0.02711	0.03408	0.03976	0.34397	0.22383	0.12917	0.02880	0.02100	0.02551	0.01533	0.01960	0.01259	0.00788	0.00848	0.00248	0.01252	0.00736	0.00428	0.01198
29	0.01503	0.01065	0.01440	0.01593	0.04758	0.01051	0.01228	0.02009	0.06244	0.05918	0.16459	0.12926	0.07735	0.02021	0.01072	0.00338	0.00667	0.30281	0.00817	0.00877
30	0.02303	0.01298	0.01659	0.01560	0.04895	0.01255	0.01142	0.03028	0.14113	0.24802	0.16242	0.12869	0.08189	0.01490	0.00928	0.00281	0.00612	0.01285	0.00908	0.01140
31	0.01433	0.01149	0.01696	0.10366	0.05288	0.01212	0.04107	0.04570	0.01768	0.02353	0.03498	0.29671	0.06025	0.07663	0.01491	0.04136	0.03685	0.08441	0.00641	0.00808
32	0.02052	0.02126	0.07580	0.08532	0.47937	0.01986	0.05303	0.05370	0.02038	0.02888	0.04717	0.02311	0.01648	0.00827	0.00857	0.00258	0.01022	0.00800	0.00461	0.01285
33	0.02098	0.02107	0.06285	0.10636	0.53456	0.02038	0.02565	0.05508	0.02012	0.02849	0.01611	0.02103	0.01321	0.00782	0.00842	0.00256	0.01030	0.00752	0.00436	0.01312
34	0.01987	0.02093	0.07759	0.07253	0.50675	0.01936	0.02454	0.02607	0.04959	0.02757	0.02124	0.02525	0.05337	0.00873	0.00852	0.00259	0.00981	0.00824	0.00460	0.01285
35	0.02762	0.05937	0.02734	0.02737	0.17796	0.18006	0.01811	0.21732	0.02697	0.06446	0.02024	0.02205	0.04106	0.00981	0.00913	0.00250	0.04279	0.00744	0.00605	0.01236
36	0.01868	0.01379	0.01824	0.01810	0.06474	0.01444	0.03610	0.10651	0.07450	0.07266	0.06363	0.22367	0.06094	0.03492	0.01165	0.00318	0.04950	0.06194	0.04278	0.01003
37	0.14890	0.09813	0.02144	0.01655	0.05131	0.01991	0.01279	0.16204	0.11625	0.06572	0.16853	0.03087	0.03078	0.01126	0.00798	0.00256	0.00713	0.00894	0.00748	0.01142

[dist]
# distance from previous block
# <min> <max>
8	19

[block]
# block no. 2 follows, 21 sequences, length 179
# corresponding to MSA columns:
# 112-290
name=unknown_C
#
# <colnr> <probs for GDERKNQSTAVLIFYWHMCP>
#	G	D	E	R	K	N	Q	S	T	A	V	L	I	F	Y	W	H	M	C	P
0	0.05386	0.19402	0.25787	0.04893	0.09467	0.05172	0.04600	0.02550	0.01807	0.02533	0.04694	0.01976	0.01481	0.00883	0.00899	0.00253	0.06004	0.00665	0.00413	0.01136
1	0.02170	0.02316	0.11283	0.08895	0.34087	0.06194	0.02283	0.02862	0.07270	0.07807	0.02212	0.02494	0.04530	0.00907	0.00845	0.00261	0.01008	0.00803	0.00518	0.01257
2	0.01830	0.19179	0.27593	0.09642	0.09475	0.02173	0.02255	0.02536	0.04214	0.02597	0.08873	0.02364	0.01987	0.00911	0.00779	0.00249	0.01013	0.00734	0.00456	0.01143
3	0.05619	0.02169	0.02841	0.07005	0.28941	0.09520	0.05104	0.08270	0.06539	0.06947	0.01827	0.02118	0.01424	0.00837	0.00814	0.00246	0.01005	0.00733	0.00544	0.07498
4	0.01754	0.04902	0.14454	0.02169	0.12085	0.01436	0.04064	0.02287	0.02153	0.08324	0.29179	0.04256	0.04407	0.01285	0.00915	0.00268	0.00772	0.03531	0.00701	0.01059
5	0.01421	0.01098	0.04545	0.01156	0.01457	0.00886	0.00942	0.01808	0.02276	0.08518	0.45062	0.09136	0.14954	0.01735	0.00985	0.00274	0.00483	0.01511	0.00889	0.00865
6	0.01804	0.01789	0.02355	0.02063	0.02115	0.05602	0.01695	0.02014	0.01373	0.02036	0.01354	0.02134	0.01313	0.02412	0.15155	0.00559	0.52167	0.00767	0.00392	0.00900
7	0.01204	0.00870	0.01138	0.01071	0.01271	0.00803	0.00803	0.01606	0.02409	0.03413	0.64335	0.06357	0.08030	0.01740	0.01004	0.00268	0.00401	0.01539	0.00937	0.00803
8	0.03102	0.02346	0.05088	0.01911	0.02592	0.02450	0.01622	0.53550	0.03751	0.08244	0.05136	0.02288	0.01788	0.01049	0.00857	0.00257	0.00913	0.00803	0.00845	0.01408
9	0.71148	0.01829	0.05543	0.01206	0.01781	0.01914	0.01070	0.02514	0.01471	0.03743	0.01208	0.01410	0.00932	0.00791	0.00545	0.00264	0.00698	0.00472	0.00516	0.00944
10	0.01204	0.00870	0.01138	0.01071	0.01271	0.00803	0.00803	0.01606	0.02409	0.03413	0.64335	0.06357	0.08030	0.01740	0.01004	0.00268	0.00401	0.01539	0.00937	0.00803
11	0.02035	0.01950	0.03326	0.14149	0.56413	0.02003	0.02576	0.02550	0.01904	0.02694	0.01588	0.02129	0.01318	0.00771	0.00844	0.00257	0.01029	0.00758	0.00415	0.01291
12	0.01033	0.00863	0.00900	0.00891	0.01166	0.00730	0.00668	0.01275	0.02005	0.02454	0.16368	0.07935	0.56594	0.02097	0.01005	0.00285	0.00427	0.01760	0.00811	0.00730
13	0.01228	0.00821	0.00931	0.00941	0.00943	0.00819	0.00529	0.01235	0.01257	0.01675	0.02779	0.08667	0.03217	0.66827	0.04174	0.00802	0.00809	0.01295	0.00529	0.00524
14	0.01221	0.00889	0.01251	0.01251	0.01363	0.01001	0.00919	0.01445	0.01333	0.01889	0.02386	0.03932	0.02383	0.23237	0.50215	0.01224	0.01895	0.00998	0.00472	0.00695
15	0.76103	0.01646	0.01251	0.01119	0.01646	0.01909	0.00922	0.02502	0.01448	0.03818	0.01185	0.01382	0.00922	0.00790	0.00527	0.00263	0.00658	0.00461	0.00527	0.00922
16	0.03235	0.02384	0.02554	0.01958	0.02639	0.02639	0.01618	0.61946	0.04001	0.05363	0.02043	0.02043	0.01447	0.01022	0.00851	0.00255	0.00936	0.00766	0.00851	0.01447
17	0.02009	0.02296	0.05022	0.03587	0.04448	0.02152	0.61693	0.02726	0.02009	0.02726	0.01722	0.02296	0.01291	0.00717	0.01004	0.00287	0.01435	0.01004	0.00430	0.01148
18	0.02117	0.01828	0.01924	0.01732	0.02213	0.02117	0.01347	0.04522	0.63246	0.03560	0.03464	0.03175	0.02598	0.01155	0.00866	0.00289	0.00673	0.00962	0.00866	0.01347
19	0.76103	0.01646	0.01251	0.01119	0.01646	0.01909	0.00922	0.02502	0.01448	0.03818	0.01185	0.01382	0.00922	0.00790	0.00527	0.00263	0.00658	0.00461	0.00527	0.00922
20	0.02117	0.01828	0.01924	0.01732	0.02213	0.02117	0.01347	0.04522	0.63246	0.03560	0.03464	0.03175	0.02598	0.01155	0.00866	0.00289	0.00673	0.00962	0.00866	0.01347
21	0.03818	0.01448	0.01975	0.01514	0.02172	0.01251	0.01251	0.04147	0.02436	0.65373	0.03357	0.02897	0.02107	0.01053	0.00856	0.00263	0.00724	0.00856	0.01053	0.01448
22	0.02101	0.02035	0.03531	0.05144	0.61836	0.02028	0.05498	0.02617	0.01941	0.02778	0.01607	0.02115	0.01345	0.00756	0.00850	0.00254	0.01032	0.00770	0.00422	0.01338
23	0.70637	0.01609	0.01273	0.01132	0.01651	0.01843	0.00929	0.02527	0.01521	0.06035	0.03663	0.01626	0.01235	0.00836	0.00557	0.00263	0.00651	0.00516	0.00561	0.00936
24	0.01238	0.00825	0.00928	0.00928	0.00928	0.00825	0.00516	0.01238	0.01238	0.01650	0.02681	0.05569	0.03094	0.70092	0.04331	0.00825	0.00825	0.01238	0.00516	0.00516
25	0.03818	0.01448	0.01975	0.01514	0.02172	0.01251	0.01251	0.04147	0.02436	0.65373	0.03357	0.02897	0.02107	0.01053	0.00856	0.00263	0.00724	0.00856	0.01053	0.01448
26	0.02073	0.02376	0.08923	0.21699	0.21450	0.11316	0.07851	0.05161	0.02050	0.02644	0.05068	0.02293	0.01599	0.00869	0.00855	0.00262	0.01147	0.00782	0.00454	0.01129
27	0.01871	0.14384	0.46466	0.02282	0.03348	0.05546	0.06405	0.02668	0.01856	0.02586	0.03979	0.01929	0.01372	0.00831	0.00786	0.00254	0.01195	0.00658	0.00392	0.01193
28	0.01037	0.00741	0.00987	0.01185	0.01234	0.00691	0.00790	0.01185	0.01629	0.02172	0.04690	0.69537	0.05629	0.02666	0.01086	0.00346	0.00494	0.02419	0.00790	0.00691
29	0.03365	0.02146	0.06529	0.01813	0.02523	0.02043	0.01573	0.35026	0.03232	0.29038	0.02531	0.02366	0.01685	0.01020	0.00850	0.00259	0.00873	0.00793	0.00899	0.01435
30	0.05537	0.12819	0.37625	0.02355	0.06642	0.02077	0.07951	0.02681	0.01845	0.06596	0.01958	0.02171	0.04364	0.00868	0.00791	0.00258	0.01107	0.00712	0.00444	0.01198
31	0.05541	0.31185	0.37670	0.01968	0.02975	0.02539	0.02350	0.02626	0.01752	0.02468	0.01371	0.01601	0.01076	0.00775	0.00688	0.00234	0.01087	0.00550	0.00369	0.01174
32	0.01401	0.00916	0.01155	0.01078	0.01330	0.00823	0.00814	0.01747	0.02281	0.08907	0.44904	0.09694	0.18110	0.01804	0.00995	0.00275	0.00442	0.01571	0.00912	0.00841
33	0.01997	0.02229	0.09537	0.10359	0.25797	0.04236	0.14235	0.05374	0.01989	0.02756	0.01977	0.02428	0.04230	0.00896	0.00968	0.00269	0.04629	0.00837	0.04087	0.01170
34	0.03241	0.01827	0.02027	0.01643	0.02227	0.07348	0.01322	0.10580	0.14055	0.38131	0.06184	0.02909	0.02339	0.01088	0.00857	0.00264	0.00794	0.00874	0.00935	0.01355
35	0.01504	0.01044	0.01546	0.01485	0.01702	0.00989	0.06645	0.04992	0.01871	0.08130	0.04141	0.53362	0.04665	0.02244	0.01044	0.00328	0.00628	0.02051	0.00783	0.00845
36	0.67577	0.09610	0.01621	0.01158	0.01708	0.02078	0.00983	0.02507	0.01481	0.03608	0.01185	0.01380	0.00941	0.00783	0.00529	0.00254	0.00687	0.00460	0.00508	0.00941
37	0.01059	0.00811	0.00920	0.00993	0.01140	0.00728	0.00676	0.01211	0.01698	0.02134	0.06092	0.30314	0.31612	0.14703	0.01640	0.00407	0.00526	0.01924	0.00740	0.00672
38	0.02047	0.01756	0.05525	0.01762	0.02423	0.01497	0.09917	0.02764	0.10415	0.10970	0.05699	0.02766	0.05208	0.00953	0.00884	0.00223	0.03606	0.00823	0.00640	0.30121
39	0.03210	0.01638	0.01958	0.01545	0.02129	0.01629	0.01262	0.20192	0.06618	0.35137	0.02905	0.02714	0.01962	0.01041	0.00816	0.00253	0.00732	0.00828	0.12088	0.01343
40	0.01763	0.10016	0.53346	0.02468	0.07518	0.02054	0.02859	0.02631	0.01826	0.02669	0.04144	0.01971	0.01390	0.00837	0.00796	0.00260	0.01174	0.00660	0.00388	0.01230
41	0.01193	0.00869	0.01122	0.01059	0.01265	0.00798	0.00794	0.01584	0.02383	0.03350	0.61224	0.06459	0.11180	0.01763	0.01004	0.00269	0.00403	0.01553	0.00929	0.00798
42	0.01167	0.00979	0.01017	0.00998	0.01284	0.00903	0.00743	0.01657	0.09713	0.02476	0.10024	0.09943	0.49039	0.04864	0.01130	0.00312	0.00480	0.01682	0.00795	0.00792
43	0.02275	0.70604	0.04459	0.01456	0.02184	0.03367	0.01456	0.02548	0.01729	0.02002	0.01183	0.01365	0.01092	0.00728	0.00546	0.00182	0.00910	0.00455	0.00364	0.01092
44	0.01292	0.00923	0.01278	0.01461	0.01626	0.00909	0.01219	0.01633	0.01912	0.02511	0.07559	0.22146	0.05210	0.02387	0.01148	0.00376	0.00703	0.44148	0.00793	0.00765
45	0.02161	0.02040	0.03410	0.05064	0.61744	0.02052	0.02563	0.05514	0.02039	0.02907	0.01622	0.02103	0.01353	0.00771	0.00843	0.00253	0.01007	0.00759	0.00442	0.01353
46	0.02351	0.53774	0.10545	0.01667	0.02407	0.12659	0.01660	0.02690	0.01838	0.02087	0.01239	0.01435	0.01091	0.00759	0.00606	0.00197	0.01039	0.00487	0.00375	0.01094
47	0.01217	0.00908	0.01347	0.01347	0.01492	0.01053	0.01038	0.01507	0.01362	0.01960	0.02298	0.03446	0.02172	0.09330	0.63834	0.01343	0.02212	0.00927	0.00459	0.00749
48	0.02275	0.70604	0.04459	0.01456	0.02184	0.03367	0.01456	0.02548	0.01729	0.02002	0.01183	0.01365	0.01092	0.00728	0.00546	0.00182	0.00910	0.00455	0.00364	0.01092
49	0.01765	0.01513	0.01765	0.01260	0.02017	0.01134	0.01008	0.02143	0.01765	0.02773	0.01513	0.01765	0.01260	0.00630	0.00630	0.00126	0.00630	0.00504	0.00504	0.75295
50	0.02131	0.53757	0.20039	0.01703	0.02566	0.03013	0.01886	0.02586	0.01746	0.02179	0.01271	0.01475	0.01089	0.00749	0.00613	0.00204	0.00999	0.00499	0.00363	0.01134
51	0.02275	0.70604	0.04459	0.01456	0.02184	0.03367	0.01456	0.02548	0.01729	0.02002	0.01183	0.01365	0.01092	0.00728	0.00546	0.00182	0.00910	0.00455	0.00364	0.01092
52	0.01987	0.01978	0.05820	0.36826	0.07967	0.02080	0.15855	0.11832	0.02153	0.02860	0.01650	0.02211	0.01229	0.00841	0.00884	0.00278	0.01170	0.00809	0.00467	0.01105
53	0.01037	0.00741	0.00987	0.01185	0.01234	0.00691	0.00790	0.01185	0.01629	0.02172	0.04690	0.69537	0.05629	0.02666	0.01086	0.00346	0.00494	0.02419	0.00790	0.00691
54	0.03642	0.01732	0.02150	0.01649	0.02314	0.01671	0.01362	0.21648	0.02910	0.47203	0.02959	0.02638	0.01907	0.01044	0.00854	0.00261	0.00788	0.00829	0.00992	0.01448
55	0.02116	0.54362	0.16627	0.01635	0.02447	0.02980	0.01768	0.02538	0.01771	0.02201	0.03910	0.01662	0.01381	0.00787	0.00618	0.00203	0.00959	0.00536	0.00387	0.01113
56	0.01707	0.04402	0.65683	0.02426	0.03683	0.01976	0.03144	0.02695	0.01797	0.02695	0.01527	0.01797	0.01078	0.00809	0.00809	0.00270	0.01258	0.00629	0.00359	0.01258
57	0.05860	0.00874	0.00878	0.00848	0.01088	0.00879	0.00646	0.02121	0.01799	0.06342	0.02717	0.03059	0.02107	0.00983	0.00604	0.00205	0.00428	0.00778	0.66952	0.00833
58	0.02097	0.01713	0.01848	0.01619	0.02076	0.01917	0.01268	0.13341	0.40374	0.03783	0.14192	0.03744	0.05741	0.01275	0.00893	0.00279	0.00659	0.01064	0.00873	0.01243
59	0.06388	0.02478	0.02440	0.01929	0.02566	0.08843	0.01571	0.49751	0.07679	0.04853	0.02028	0.02039	0.01466	0.01006	0.00830	0.00254	0.00965	0.00744	0.00797	0.01372
60	0.02036	0.01951	0.03328	0.14023	0.56530	0.02004	0.02577	0.02550	0.01905	0.02695	0.01588	0.02129	0.01318	0.00771	0.00844	0.00257	0.01028	0.00758	0.00415	0.01292
61	0.02684	0.01844	0.02104	0.05121	0.02437	0.01990	0.01459	0.34647	0.06508	0.10714	0.02926	0.03614	0.05005	0.01259	0.00889	0.00276	0.00831	0.08940	0.05505	0.01249
62	0.01113	0.00866	0.01011	0.00975	0.01215	0.00764	0.00731	0.01429	0.02193	0.02900	0.38675	0.07201	0.34009	0.01931	0.01005	0.00277	0.00415	0.01657	0.00869	0.00764
63	0.01690	0.00894	0.00904	0.00867	0.01095	0.00910	0.00659	0.05767	0.01925	0.03311	0.02730	0.03101	0.02135	0.00993	0.00611	0.00202	0.00431	0.00791	0.70149	0.00834
64	0.01204	0.00870	0.01138	0.01071	0.01271	0.00803	0.00803	0.01606	0.02409	0.03413	0.64335	0.06357	0.08030	0.01740	0.01004	0.00268	0.00401	0.01539	0.00937	0.00803
65	0.01238	0.00825	0.00928	0.00928	0.00928	0.00825	0.00516	0.01238	0.01238	0.01650	0.02681	0.05569	0.03094	0.70092	0.04331	0.00825	0.00825	0.01238	0.00516	0.00516
66	0.01037	0.00741	0.00987	0.01185	0.01234	0.00691	0.00790	0.01185	0.01629	0.02172	0.04690	0.69537	0.05629	0.02666	0.01086	0.00346	0.00494	0.02419	0.00790	0.00691
67	0.01167	0.00837	0.01097	0.01121	0.01269	0.00782	0.00814	0.01476	0.02106	0.02928	0.41261	0.24374	0.06940	0.05477	0.01204	0.00324	0.00469	0.04732	0.00866	0.00756
68	0.03781	0.01507	0.02011	0.01542	0.02202	0.01338	0.01274	0.07795	0.02535	0.61586	0.03274	0.02843	0.02065	0.01051	0.00856	0.00263	0.00738	0.00850	0.01041	0.01448
69	0.02117	0.01828	0.01924	0.01732	0.02213	0.02117	0.01347	0.04522	0.63246	0.03560	0.03464	0.03175	0.02598	0.01155	0.00866	0.00289	0.00673	0.00962	0.00866	0.01347
70	0.01216	0.00912	0.01368	0.01368	0.01520	0.01064	0.01064	0.01520	0.01368	0.01976	0.02279	0.03343	0.02127	0.06382	0.66720	0.01368	0.02279	0.00912	0.00456	0.00760
71	0.02166	0.01852	0.01952	0.01742	0.02232	0.02140	0.01359	0.07034	0.60654	0.03639	0.03402	0.03126	0.02547	0.01149	0.00865	0.00287	0.00685	0.00954	0.00865	0.01351
72	0.02275	0.70604	0.04459	0.01456	0.02184	0.03367	0.01456	0.02548	0.01729	0.02002	0.01183	0.01365	0.01092	0.00728	0.00546	0.00182	0.00910	0.00455	0.00364	0.01092
73	0.76103	0.01646	0.01251	0.01119	0.01646	0.01909	0.00922	0.02502	0.01448	0.03818	0.01185	0.01382	0.00922	0.00790	0.00527	0.00263	0.00658	0.00461	0.00527	0.00922
74	0.01905	0.02073	0.06207	0.15308	0.22648	0.01984	0.28016	0.02512	0.01905	0.02615	0.01796	0.05737	0.01500	0.00859	0.00925	0.00278	0.01198	0.00946	0.00435	0.01152
75	0.01765	0.01513	0.01765	0.01260	0.02017	0.01134	0.01008	0.02143	0.01765	0.02773	0.01513	0.01765	0.01260	0.00630	0.00630	0.00126	0.00630	0.00504	0.00504	0.75295
76	0.02117	0.01828	0.01924	0.01732	0.02213	0.02117	0.01347	0.04522	0.63246	0.03560	0.03464	0.03175	0.02598	0.01155	0.00866	0.00289	0.00673	0.00962	0.00866	0.01347
77	0.01771	0.11814	0.58828	0.02317	0.03515	0.02132	0.02955	0.02679	0.01789	0.02617	0.01489	0.01748	0.01080	0.00800	0.00779	0.00260	0.01219	0.00609	0.00360	0.01239
78	0.03189	0.03745	0.02438	0.02149	0.02632	0.54765	0.01639	0.14288	0.02707	0.02693	0.01451	0.01629	0.01161	0.00904	0.00783	0.00226	0.01423	0.00589	0.00515	0.01072
79	0.03818	0.01448	0.01975	0.01514	0.02172	0.01251	0.01251	0.04147	0.02436	0.65373	0.03357	0.02897	0.02107	0.01053	0.00856	0.00263	0.00724	0.00856	0.01053	0.01448
80	0.01700	0.04059	0.58279	0.02549	0.07630	0.01915	0.02990	0.02613	0.01798	0.02674	0.01691	0.05230	0.01325	0.00899	0.00825	0.00272	0.01203	0.00728	0.00385	0.01235
81	0.01478	0.00739	0.01109	0.01109	0.01109	0.00739	0.00739	0.01109	0.01109	0.01478	0.01478	0.02587	0.01478	0.02956	0.03326	0.75240	0.00739	0.00739	0.00370	0.00370
82	0.01238	0.00825	0.00928	0.00928	0.00928	0.00825	0.00516	0.01238	0.01238	0.01650	0.02681	0.05569	0.03094	0.70092	0.04331	0.00825	0.00825	0.01238	0.00516	0.00516
83	0.01673	0.00876	0.00885	0.00854	0.01078	0.00890	0.00648	0.05124	0.01901	0.03287	0.02738	0.03114	0.02143	0.00993	0.00608	0.00201	0.00425	0.00792	0.70942	0.00827
84	0.02106	0.02022	0.03454	0.05223	0.64784	0.02022	0.02612	0.02612	0.01938	0.02780	0.01601	0.02106	0.01348	0.00758	0.00842	0.00253	0.01011	0.00758	0.00421	0.01348
85	0.01478	0.00739	0.01109	0.01109	0.01109	0.00739	0.00739	0.01109	0.01109	0.01478	0.01478	0.02587	0.01478	0.02956	0.03326	0.75240	0.00739	0.00739	0.00370	0.00370
86	0.01046	0.00748	0.00996	0.01179	0.01236	0.00697	0.00791	0.01209	0.01673	0.02242	0.08028	0.66002	0.05763	0.02614	0.01082	0.00341	0.00489	0.02370	0.00798	0.00697
87	0.01721	0.04304	0.62877	0.02479	0.03719	0.01985	0.05853	0.02696	0.01807	0.02696	0.01536	0.01820	0.01088	0.00804	0.00818	0.00270	0.01266	0.00646	0.00363	0.01253
88	0.01707	0.04402	0.65683	0.02426	0.03683	0.01976	0.03144	0.02695	0.01797	0.02695	0.01527	0.01797	0.01078	0.00809	0.00809	0.00270	0.01258	0.00629	0.00359	0.01258
89	0.03732	0.01467	0.01972	0.01525	0.02174	0.01294	0.01256	0.04166	0.05499	0.62259	0.03363	0.02911	0.02131	0.01058	0.00856	0.00265	0.00722	0.00861	0.01044	0.01443
90	0.03235	0.02384	0.02554	0.01958	0.02639	0.02639	0.01618	0.61946	0.04001	0.05363	0.02043	0.02043	0.01447	0.01022	0.00851	0.00255	0.00936	0.00766	0.00851	0.01447
91	0.02039	0.01739	0.01867	0.01715	0.02166	0.01998	0.01350	0.04234	0.56849	0.03454	0.03572	0.03846	0.02838	0.01279	0.00898	0.00299	0.00685	0.07026	0.00857	0.01288
92	0.02275	0.70604	0.04459	0.01456	0.02184	0.03367	0.01456	0.02548	0.01729	0.02002	0.01183	0.01365	0.01092	0.00728	0.00546	0.00182	0.00910	0.00455	0.00364	0.01092
93	0.01238	0.00825	0.00928	0.00928	0.00928	0.00825	0.00516	0.01238	0.01238	0.01650	0.02681	0.05569	0.03094	0.70092	0.04331	0.00825	0.00825	0.01238	0.00516	0.00516
94	0.01607	0.01513	0.02552	0.68047	0.05861	0.01891	0.02363	0.02174	0.01702	0.02174	0.01513	0.02269	0.01134	0.00851	0.00851	0.00284	0.01134	0.00756	0.00378	0.00945
95	0.01216	0.00912	0.01368	0.01368	0.01520	0.01064	0.01064	0.01520	0.01368	0.01976	0.02279	0.03343	0.02127	0.06382	0.66720	0.01368	0.02279	0.00912	0.00456	0.00760
96	0.76103	0.01646	0.01251	0.01119	0.01646	0.01909	0.00922	0.02502	0.01448	0.03818	0.01185	0.01382	0.00922	0.00790	0.00527	0.00263	0.00658	0.00461	0.00527	0.00922
97	0.02242	0.02331	0.03312	0.08615	0.47914	0.12413	0.05535	0.02717	0.02003	0.02627	0.01556	0.02035	0.01291	0.00781	0.00839	0.00251	0.01125	0.00737	0.00422	0.01254
98	0.02341	0.02053	0.02043	0.01794	0.02299	0.06489	0.01404	0.12313	0.51079	0.03709	0.03126	0.02911	0.02340	0.01118	0.00857	0.00279	0.00767	0.00908	0.00835	0.01337
99	0.01219	0.00900	0.01306	0.01306	0.01436	0.01030	0.00986	0.01480	0.01349	0.01930	0.02336	0.03657	0.02264	0.15368	0.57921	0.01291	0.02074	0.00958	0.00464	0.00725
100	0.01037	0.00741	0.00987	0.01185	0.01234	0.00691	0.00790	0.01185	0.01629	0.02172	0.04690	0.69537	0.05629	0.02666	0.01086	0.00346	0.00494	0.02419	0.00790	0.00691
101	0.02087	0.02138	0.06495	0.05087	0.61798	0.02020	0.02638	0.02616	0.01931	0.02776	0.01597	0.02091	0.01335	0.00761	0.00841	0.00254	0.01023	0.00752	0.00418	0.01344
102	0.76103	0.01646	0.01251	0.01119	0.01646	0.01909	0.00922	0.02502	0.01448	0.03818	0.01185	0.01382	0.00922	0.00790	0.00527	0.00263	0.00658	0.00461	0.00527	0.00922
103	0.01169	0.00835	0.01139	0.01336	0.01443	0.00805	0.01020	0.01414	0.01760	0.02320	0.04617	0.45833	0.05339	0.02541	0.01121	0.00364	0.00608	0.24818	0.00787	0.00728
104	0.01635	0.01541	0.02603	0.64539	0.09151	0.01898	0.02377	0.02199	0.01715	0.02208	0.01517	0.02260	0.01146	0.00846	0.00850	0.00282	0.01128	0.00756	0.00381	0.00968
105	0.01217	0.00907	0.01343	0.01343	0.01487	0.01050	0.01033	0.01504	0.01360	0.01957	0.02302	0.03468	0.02182	0.09947	0.63229	0.01337	0.02198	0.00930	0.00459	0.00746
106	0.03818	0.01448	0.01975	0.01514	0.02172	0.01251	0.01251	0.04147	0.02436	0.65373	0.03357	0.02897	0.02107	0.01053	0.00856	0.00263	0.00724	0.00856	0.01053	0.01448
107	0.01332	0.00898	0.01179	0.01092	0.01315	0.00825	0.00825	0.01730	0.02410	0.06443	0.61352	0.06188	0.07740	0.01706	0.00996	0.00267	0.00417	0.01506	0.00942	0.00835
108	0.01238	0.00825	0.00928	0.00928	0.00928	0.00825	0.00516	0.01238	0.01238	0.01650	0.02681	0.05569	0.03094	0.70092	0.04331	0.00825	0.00825	0.01238	0.00516	0.00516
109	0.76103	0.01646	0.01251	0.01119	0.01646	0.01909	0.00922	0.02502	0.01448	0.03818	0.01185	0.01382	0.00922	0.00790	0.00527	0.00263	0.00658	0.00461	0.00527	0.00922
110	0.01037	0.00741	0.00987	0.01185	0.01234	0.00691	0.00790	0.01185	0.01629	0.02172	0.04690	0.69537	0.05629	0.02666	0.01086	0.00346	0.00494	0.02419	0.00790	0.00691
111	0.76103	0.01646	0.01251	0.01119	0.01646	0.01909	0.00922	0.02502	0.01448	0.03818	0.01185	0.01382	0.00922	0.00790	0.00527	0.00263	0.00658	0.00461	0.00527	0.00922
112	0.03026	0.10104	0.02611	0.02126	0.02569	0.57457	0.01638	0.03249	0.02290	0.02073	0.01293	0.01536	0.01097	0.00895	0.00853	0.00224	0.04986	0.00550	0.00428	0.00993
113	0.03235	0.02384	0.02554	0.01958	0.02639	0.02639	0.01618	0.61946	0.04001	0.05363	0.02043	0.02043	0.01447	0.01022	0.00851	0.00255	0.00936	0.00766	0.00851	0.01447
114	0.01376	0.01212	0.07021	0.01224	0.01535	0.00926	0.01038	0.01811	0.02306	0.06515	0.51685	0.09750	0.06938	0.01678	0.00983	0.00273	0.00502	0.01476	0.00881	0.00871
115	0.01216	0.00912	0.01368	0.01368	0.01520	0.01064	0.01064	0.01520	0.01368	0.01976	0.02279	0.03343	0.02127	0.06382	0.66720	0.01368	0.02279	0.00912	0.00456	0.00760
116	0.01696	0.06114	0.08560	0.01387	0.01821	0.01364	0.01228	0.05303	0.08963	0.07265	0.39750	0.04750	0.05521	0.01429	0.00920	0.00264	0.00605	0.01224	0.00831	0.01004
117	0.55081	0.05373	0.01690	0.01307	0.01879	0.02070	0.01091	0.12882	0.01967	0.07875	0.01470	0.01591	0.01096	0.00843	0.00605	0.00258	0.00724	0.00538	0.00607	0.01055
118	0.01862	0.01862	0.02607	0.02234	0.02234	0.02607	0.01862	0.02048	0.01303	0.02048	0.01117	0.01862	0.01117	0.01489	0.02793	0.00372	0.68535	0.00745	0.00372	0.00931
119	0.01218	0.00901	0.01315	0.01315	0.01449	0.01035	0.00999	0.01486	0.01352	0.01937	0.02327	0.03608	0.02242	0.13963	0.59296	0.01303	0.02106	0.00951	0.00463	0.00731
120	0.03179	0.04056	0.02412	0.02192	0.02631	0.66676	0.01644	0.03398	0.02412	0.02083	0.01315	0.01535	0.01096	0.00877	0.00767	0.00219	0.01535	0.00548	0.00438	0.00987
121	0.02117	0.01828	0.01924	0.01732	0.02213	0.02117	0.01347	0.04522	0.63246	0.03560	0.03464	0.03175	0.02598	0.01155	0.00866	0.00289	0.00673	0.00962	0.00866	0.01347
122	0.01204	0.00870	0.01138	0.01071	0.01271	0.00803	0.00803	0.01606	0.02409	0.03413	0.64335	0.06357	0.08030	0.01740	0.01004	0.00268	0.00401	0.01539	0.00937	0.00803
123	0.50949	0.01694	0.01470	0.01256	0.01774	0.01922	0.01028	0.15137	0.02037	0.04065	0.01573	0.01754	0.01196	0.00865	0.00605	0.00253	0.00684	0.00569	0.10151	0.01017
124	0.02107	0.02002	0.03299	0.04870	0.58449	0.02032	0.02484	0.02805	0.08144	0.02859	0.01789	0.02214	0.01475	0.00798	0.00845	0.00256	0.00977	0.00779	0.00466	0.01348
125	0.03111	0.03768	0.02437	0.02172	0.02609	0.56774	0.01654	0.09098	0.02506	0.02404	0.01376	0.01603	0.01132	0.00925	0.00889	0.00231	0.05224	0.00581	0.00476	0.01029
126	0.01186	0.00869	0.01111	0.01051	0.01260	0.00795	0.00788	0.01570	0.02364	0.03307	0.59059	0.06530	0.13371	0.01779	0.01004	0.00270	0.00404	0.01563	0.00923	0.00795
127	0.02275	0.70604	0.04459	0.01456	0.02184	0.03367	0.01456	0.02548	0.01729	0.02002	0.01183	0.01365	0.01092	0.00728	0.00546	0.00182	0.00910	0.00455	0.00364	0.01092
128	0.02078	0.01993	0.03404	0.08738	0.61487	0.02015	0.02598	0.02587	0.01925	0.02746	0.01596	0.02115	0.01336	0.00763	0.00843	0.00254	0.01018	0.00758	0.00419	0.01325
129	0.01478	0.00739	0.01109	0.01109	0.01109	0.00739	0.00739	0.01109	0.01109	0.01478	0.01478	0.02587	0.01478	0.02956	0.03326	0.75240	0.00739	0.00739	0.00370	0.00370
130	0.01037	0.00741	0.00987	0.01185	0.01234	0.00691	0.00790	0.01185	0.01629	0.02172	0.04690	0.69537	0.05629	0.02666	0.01086	0.00346	0.00494	0.02419	0.00790	0.00691
131	0.01478	0.00739	0.01109	0.01109	0.01109	0.00739	0.00739	0.01109	0.01109	0.01478	0.01478	0.02587	0.01478	0.02956	0.03326	0.75240	0.00739	0.00739	0.00370	0.00370
132	0.01642	0.01091	0.01565	0.01806	0.05998	0.01074	0.01443	0.02036	0.02001	0.08256	0.04208	0.08493	0.04408	0.02127	0.01124	0.00371	0.00793	0.49899	0.00784	0.00881
133	0.01037	0.00741	0.00987	0.01185	0.01234	0.00691	0.00790	0.01185	0.01629	0.02172	0.04690	0.69537	0.05629	0.02666	0.01086	0.00346	0.00494	0.02419	0.00790	0.00691
134	0.03173	0.02353	0.02519	0.01945	0.02615	0.02610	0.01602	0.58740	0.07309	0.05263	0.02122	0.02106	0.01511	0.01029	0.00852	0.00257	0.00922	0.00777	0.00852	0.01442
135	0.26135	0.01509	0.01751	0.01392	0.02010	0.01454	0.01149	0.03639	0.02131	0.46369	0.02687	0.02429	0.01741	0.00972	0.00754	0.00263	0.00704	0.00734	0.00891	0.01286
136	0.02602	0.01771	0.02335	0.13154	0.10751	0.01887	0.01706	0.21353	0.06105	0.15981	0.06572	0.03170	0.02273	0.01120	0.00886	0.00274	0.00875	0.05172	0.00760	0.01254
137	0.01607	0.01513	0.02552	0.68047	0.05861	0.01891	0.02363	0.02174	0.01702	0.02174	0.01513	0.02269	0.01134	0.00851	0.00851	0.00284	0.01134	0.00756	0.00378	0.00945
138	0.01086	0.00860	0.00976	0.00958	0.01201	0.00751	0.00714	0.01373	0.02114	0.02736	0.30584	0.09908	0.39699	0.02011	0.01008	0.00282	0.00422	0.01719	0.00848	0.00751
139	0.01248	0.00892	0.01230	0.01427	0.01569	0.00873	0.01157	0.01550	0.01838	0.02409	0.04574	0.31649	0.05167	0.02467	0.01143	0.00375	0.00677	0.38220	0.00786	0.00750
140	0.06026	0.01963	0.02055	0.01761	0.02296	0.02242	0.01396	0.19323	0.44851	0.04040	0.02984	0.02794	0.02217	0.01102	0.00846	0.00279	0.00741	0.00887	0.00846	0.01352
141	0.01607	0.01513	0.02552	0.68047	0.05861	0.01891	0.02363	0.02174	0.01702	0.02174	0.01513	0.02269	0.01134	0.00851	0.00851	0.00284	0.01134	0.00756	0.00378	0.00945
142	0.65640	0.01656	0.01349	0.01197	0.01725	0.01902	0.00978	0.02773	0.07689	0.06383	0.01505	0.01626	0.01140	0.00838	0.00575	0.00266	0.00663	0.00528	0.00583	0.00986
143	0.01759	0.08709	0.58641	0.02418	0.03621	0.02078	0.05892	0.02687	0.01803	0.02650	0.01514	0.01792	0.01089	0.00799	0.00801	0.00265	0.01243	0.00636	0.00363	0.01241
144	0.76103	0.01646	0.01251	0.01119	0.01646	0.01909	0.00922	0.02502	0.01448	0.03818	0.01185	0.01382	0.00922	0.00790	0.00527	0.00263	0.00658	0.00461	0.00527	0.00922
145	0.02275	0.70604	0.04459	0.01456	0.02184	0.03367	0.01456	0.02548	0.01729	0.02002	0.01183	0.01365	0.01092	0.00728	0.00546	0.00182	0.00910	0.00455	0.00364	0.01092
146	0.09133	0.00913	0.00901	0.00863	0.01119	0.00928	0.00662	0.02148	0.01785	0.06495	0.02648	0.02980	0.02052	0.00975	0.00602	0.00208	0.00440	0.00763	0.63546	0.00840
147	0.03132	0.07480	0.02517	0.02155	0.02608	0.63419	0.01635	0.03354	0.02377	0.02079	0.01309	0.01526	0.01096	0.00869	0.00756	0.00217	0.01503	0.00543	0.00435	0.00992
148	0.01204	0.00870	0.01138	0.01071	0.01271	0.00803	0.00803	0.01606	0.02409	0.03413	0.64335	0.06357	0.08030	0.01740	0.01004	0.00268	0.00401	0.01539	0.00937	0.00803
149	0.01506	0.00937	0.01234	0.01122	0.01375	0.00855	0.00855	0.01899	0.02412	0.10568	0.57292	0.05957	0.07346	0.01660	0.00987	0.00267	0.00439	0.01460	0.00950	0.00877
150	0.02114	0.02082	0.03302	0.11639	0.55138	0.05618	0.02532	0.02610	0.01939	0.02678	0.01576	0.02091	0.01312	0.00775	0.00839	0.00254	0.01053	0.00746	0.00418	0.01286
151	0.03235	0.02384	0.02554	0.01958	0.02639	0.02639	0.01618	0.61946	0.04001	0.05363	0.02043	0.02043	0.01447	0.01022	0.00851	0.00255	0.00936	0.00766	0.00851	0.01447
152	0.01575	0.01470	0.02436	0.57734	0.08677	0.01778	0.02209	0.02101	0.01727	0.02216	0.02088	0.05214	0.05314	0.00998	0.00869	0.00285	0.01059	0.00886	0.00422	0.00944
153	0.02299	0.02590	0.02542	0.02220	0.02366	0.23866	0.01790	0.02496	0.01671	0.02060	0.01183	0.01753	0.01110	0.01286	0.02121	0.00322	0.46303	0.00679	0.00394	0.00949
154	0.76103	0.01646	0.01251	0.01119	0.01646	0.01909	0.00922	0.02502	0.01448	0.03818	0.01185	0.01382	0.00922	0.00790	0.00527	0.00263	0.00658	0.00461	0.00527	0.00922
155	0.03233	0.02458	0.02548	0.01968	0.02639	0.05480	0.01619	0.59349	0.03931	0.05218	0.02011	0.02021	0.01432	0.01015	0.00848	0.00254	0.00963	0.00757	0.00833	0.01427
156	0.01094	0.00844	0.00999	0.01005	0.01215	0.00749	0.00737	0.01375	0.02081	0.02741	0.31152	0.18158	0.30642	0.02071	0.01019	0.00289	0.00430	0.01798	0.00851	0.00749
157	0.01968	0.02483	0.11094	0.03377	0.04222	0.02164	0.51691	0.02678	0.01940	0.02678	0.01661	0.02215	0.01258	0.00778	0.01103	0.00291	0.05886	0.00948	0.00419	0.01145
158	0.03779	0.01511	0.02013	0.01544	0.02203	0.01343	0.01275	0.07997	0.02540	0.61376	0.03270	0.02840	0.02063	0.01051	0.00855	0.00263	0.00738	0.00850	0.01040	0.01448
159	0.02275	0.70604	0.04459	0.01456	0.02184	0.03367	0.01456	0.02548	0.01729	0.02002	0.01183	0.01365	0.01092	0.00728	0.00546	0.00182	0.00910	0.00455	0.00364	0.01092
160	0.01238	0.00825	0.00928	0.00928	0.00928	0.00825	0.00516	0.01238	0.01238	0.01650	0.02681	0.05569	0.03094	0.70092	0.04331	0.00825	0.00825	0.01238	0.00516	0.00516
161	0.05640	0.01631	0.03021	0.05255	0.03033	0.01585	0.28843	0.02339	0.05278	0.05774	0.02871	0.25131	0.02850	0.01429	0.00985	0.00304	0.00983	0.01435	0.00611	0.00998
162	0.03581	0.01511	0.01982	0.01533	0.02163	0.01371	0.01261	0.10240	0.02604	0.54745	0.07277	0.03035	0.02430	0.01096	0.00865	0.00263	0.00726	0.00892	0.01024	0.01405
163	0.05387	0.00787	0.01116	0.01109	0.01137	0.00800	0.00749	0.01182	0.01126	0.01601	0.01463	0.02524	0.01449	0.02843	0.03179	0.71313	0.00735	0.00725	0.00378	0.00398
164	0.02041	0.02213	0.09140	0.08481	0.55855	0.02010	0.02647	0.02595	0.01912	0.02738	0.01589	0.02087	0.01311	0.00768	0.00840	0.00256	0.01041	0.00746	0.00413	0.01317
165	0.12315	0.01554	0.04864	0.01408	0.01866	0.01486	0.01175	0.09016	0.12392	0.11847	0.27700	0.03996	0.04315	0.01297	0.00869	0.00269	0.00625	0.01076	0.00845	0.01086
166	0.02010	0.05448	0.03094	0.20452	0.40655	0.04862	0.02341	0.02500	0.01881	0.02578	0.01606	0.02139	0.01314	0.00797	0.00813	0.00253	0.01028	0.00735	0.04305	0.01189
167	0.01199	0.00809	0.00940	0.00977	0.00987	0.00799	0.00568	0.01228	0.01312	0.01750	0.03066	0.17800	0.03579	0.57200	0.03711	0.00733	0.00762	0.01464	0.00568	0.00549
168	0.01053	0.00752	0.01006	0.01204	0.01260	0.00705	0.00818	0.01213	0.01645	0.02191	0.04681	0.66605	0.05593	0.02651	0.01091	0.00348	0.00508	0.05189	0.00790	0.00696
169	0.02739	0.02611	0.02696	0.06251	0.19043	0.18385	0.01898	0.23417	0.08401	0.03537	0.01849	0.02049	0.01423	0.00920	0.00829	0.00250	0.01091	0.00727	0.00613	0.01271
170	0.01607	0.01513	0.02552	0.68047	0.05861	0.01891	0.02363	0.02174	0.01702	0.02174	0.01513	0.02269	0.01134	0.00851	0.00851	0.00284	0.01134	0.00756	0.00378	0.00945
171	0.01037	0.00741	0.00987	0.01185	0.01234	0.00691	0.00790	0.01185	0.01629	0.02172	0.04690	0.69537	0.05629	0.02666	0.01086	0.00346	0.00494	0.02419	0.00790	0.00691
172	0.01981	0.02319	0.07827	0.07820	0.12821	0.02108	0.46731	0.02674	0.01968	0.02697	0.01682	0.02242	0.01278	0.00736	0.00962	0.00281	0.01348	0.00935	0.00422	0.01168
173	0.03395	0.05967	0.02260	0.01780	0.05715	0.01641	0.01382	0.09108	0.08885	0.46087	0.03017	0.02710	0.01993	0.01024	0.00836	0.00260	0.00765	0.00828	0.00937	0.01409
174	0.01059	0.00757	0.01013	0.01210	0.01270	0.00710	0.00829	0.01223	0.01651	0.02197	0.04678	0.65544	0.05580	0.02645	0.01092	0.00349	0.00513	0.06192	0.00790	0.00697
175	0.03220	0.01306	0.01754	0.01391	0.01940	0.01144	0.01131	0.03566	0.02390	0.50615	0.13982	0.03519	0.03147	0.01169	0.00865	0.00260	0.00647	0.00971	0.05688	0.01294
176	0.02021	0.01804	0.03107	0.29125	0.34060	0.01928	0.06154	0.02552	0.01884	0.06712	0.01691	0.02234	0.01313	0.00811	0.00857	0.00268	0.01066	0.00780	0.00447	0.01187
177	0.71444	0.05998	0.01453	0.01140	0.01680	0.02001	0.00955	0.02505	0.01466	0.03704	0.01185	0.01381	0.00932	0.00786	0.00528	0.00258	0.00674	0.00460	0.00516	0.00932
178	0.01778	0.12084	0.54143	0.02233	0.03394	0.02086	0.02801	0.02641	0.01787	0.02618	0.01485	0.01743	0.01092	0.00787	0.00765	0.00250	0.01175	0.00600	0.00370	0.06170

[dist]
# distance from previous block
# <min> <max>
10	11

[block]
# block no. 3 follows, 21 sequences, length 11
# corresponding to MSA columns:
# 302-312
name=unknown_D
#
# <colnr> <probs for GDERKNQSTAVLIFYWHMCP>
#	G	D	E	R	K	N	Q	S	T	A	V	L	I	F	Y	W	H	M	C	P
0	0.48527	0.01778	0.01614	0.01371	0.01928	0.02008	0.01120	0.12884	0.10052	0.08844	0.01797	0.01846	0.01322	0.00897	0.00651	0.00265	0.00712	0.00609	0.00667	0.01107
1	0.02923	0.02237	0.02514	0.05458	0.06350	0.02489	0.01673	0.47051	0.12457	0.04787	0.02199	0.02224	0.01594	0.01017	0.00853	0.00262	0.00912	0.00794	0.00805	0.01401
2	0.01586	0.00793	0.00793	0.00793	0.00991	0.00793	0.00595	0.01983	0.01785	0.03173	0.02776	0.03173	0.02181	0.00991	0.00595	0.00198	0.00397	0.00793	0.74817	0.00793
3	0.02014	0.02121	0.06048	0.04315	0.49351	0.06161	0.02315	0.02486	0.01963	0.02667	0.02498	0.02850	0.09585	0.00952	0.00857	0.00256	0.00982	0.00874	0.00468	0.01237
4	0.02780	0.08278	0.03116	0.02805	0.13637	0.31187	0.09662	0.13123	0.02496	0.02843	0.01533	0.01808	0.01225	0.00849	0.00809	0.00237	0.01280	0.00675	0.00499	0.01157
5	0.02033	0.01927	0.03093	0.11854	0.45574	0.02058	0.02367	0.02774	0.09902	0.02763	0.01802	0.02249	0.01472	0.00870	0.00977	0.00269	0.05489	0.00784	0.00471	0.01273
6	0.02341	0.11221	0.03180	0.12975	0.25699	0.10961	0.05083	0.07557	0.05705	0.04796	0.01702	0.02049	0.01352	0.00836	0.00805	0.00248	0.01073	0.00718	0.00491	0.01207
7	0.16680	0.06184	0.09846	0.07577	0.38478	0.02066	0.02254	0.02570	0.01799	0.02895	0.01481	0.01895	0.01207	0.00774	0.00759	0.00254	0.00970	0.00667	0.00429	0.01215
8	0.05218	0.05867	0.09890	0.09464	0.08909	0.02063	0.09747	0.02444	0.01754	0.06722	0.05185	0.02253	0.01627	0.01030	0.01344	0.00284	0.18912	0.00777	0.00477	0.06033
9	0.09638	0.02479	0.17285	0.05488	0.18439	0.01958	0.19196	0.02541	0.01882	0.02858	0.06356	0.02338	0.01723	0.00863	0.00924	0.00273	0.03315	0.00828	0.00457	0.01157
10	0.06203	0.06423	0.18772	0.02330	0.06949	0.01913	0.12317	0.02639	0.06615	0.05955	0.12707	0.02817	0.02510	0.01045	0.01029	0.00276	0.06926	0.00889	0.00561	0.01123

[dist]
# distance from previous block
# <min> <max>
4	25

[block]
# block no. 4 follows, 21 sequences, length 18
# corresponding to MSA columns:
# 338-355
name=unknown_E
#
# <colnr> <probs for GDERKNQSTAVLIFYWHMCP>
#	G	D	E	R	K	N	Q	S	T	A	V	L	I	F	Y	W	H	M	C	P
0	0.05518	0.07867	0.02502	0.01817	0.02396	0.08593	0.01506	0.27966	0.02837	0.15806	0.01991	0.02044	0.01445	0.01012	0.01015	0.00254	0.08564	0.00709	0.00725	0.05433
1	0.02738	0.02286	0.08899	0.01834	0.02499	0.02166	0.01615	0.41608	0.03324	0.07566	0.07703	0.06210	0.02251	0.01140	0.00864	0.00258	0.00875	0.00906	0.00799	0.04458
2	0.01945	0.03587	0.43070	0.02612	0.06903	0.02135	0.07999	0.09321	0.02021	0.02936	0.01564	0.01893	0.01158	0.00893	0.01041	0.00279	0.08278	0.00697	0.00426	0.01240
