[name]
unknown

[dist]
# distance from previous block
# <min> <max>
0	0

[block]
# block no. 0 follows, 23 sequences, length 27
# corresponding to MSA columns:
# 0-26
name=unknown_A
#
# <colnr> <probs for GDERKNQSTAVLIFYWHMCP>
#	G	D	E	R	K	N	Q	S	T	A	V	L	I	F	Y	W	H	M	C	P
0	0.01308	0.00934	0.01308	0.01494	0.01681	0.00934	0.01308	0.01681	0.01868	0.02428	0.04296	0.09153	0.04670	0.02242	0.01121	0.00374	0.00747	0.60960	0.00747	0.00747
1	0.02008	0.01928	0.03294	0.04981	0.66422	0.01928	0.02490	0.02490	0.01848	0.02651	0.01526	0.02008	0.01285	0.00723	0.00803	0.00241	0.00964	0.00723	0.00402	0.01285
2	0.01763	0.01536	0.01916	0.01394	0.02076	0.01275	0.04114	0.04873	0.01766	0.02715	0.01454	0.01725	0.01204	0.00669	0.00746	0.00147	0.04617	0.00529	0.00485	0.64998
3	0.07229	0.01371	0.01771	0.01403	0.01971	0.01255	0.01145	0.03684	0.07362	0.52758	0.08678	0.02999	0.02488	0.01057	0.00812	0.00253	0.00656	0.00862	0.00953	0.01291
4	0.01855	0.02010	0.03791	0.02862	0.03327	0.02240	0.36758	0.02319	0.01624	0.02319	0.01392	0.02010	0.01159	0.01003	0.01696	0.00309	0.31086	0.00850	0.00386	0.01005
5	0.01627	0.04197	0.67279	0.02313	0.03512	0.01884	0.02998	0.02570	0.01713	0.02570	0.01456	0.01713	0.01028	0.00771	0.00771	0.00257	0.01199	0.00600	0.00343	0.01199
6	0.01532	0.01442	0.02434	0.69533	0.05589	0.01803	0.02253	0.02073	0.01622	0.02073	0.01442	0.02163	0.01082	0.00811	0.00811	0.00270	0.01082	0.00721	0.00361	0.00901
7	0.02929	0.03697	0.02315	0.02094	0.02478	0.62881	0.01585	0.03135	0.02214	0.01983	0.01239	0.01489	0.01047	0.00884	0.00889	0.00221	0.07035	0.00538	0.00413	0.00936
8	0.01915	0.02189	0.04788	0.03420	0.04241	0.02052	0.63475	0.02599	0.01915	0.02599	0.01642	0.02189	0.01231	0.00684	0.00958	0.00274	0.01368	0.00958	0.00410	0.01094
9	0.01627	0.04197	0.67279	0.02313	0.03512	0.01884	0.02998	0.02570	0.01713	0.02570	0.01456	0.01713	0.01028	0.00771	0.00771	0.00257	0.01199	0.00600	0.00343	0.01199
10	0.01701	0.00942	0.00990	0.00920	0.01151	0.00972	0.00700	0.09547	0.01913	0.03155	0.02459	0.02845	0.01938	0.01101	0.00809	0.06391	0.00469	0.00749	0.60447	0.00801
11	0.00989	0.00706	0.00942	0.01130	0.01177	0.00659	0.00753	0.01130	0.01554	0.02071	0.04472	0.70954	0.05367	0.02542	0.01036	0.00330	0.00471	0.02307	0.00753	0.00659
12	0.01683	0.01442	0.01683	0.01202	0.01923	0.01082	0.00961	0.02043	0.01683	0.02644	0.01442	0.01683	0.01202	0.00601	0.00601	0.00120	0.00601	0.00481	0.00481	0.76444
13	0.01683	0.01442	0.01683	0.01202	0.01923	0.01082	0.00961	0.02043	0.01683	0.02644	0.01442	0.01683	0.01202	0.00601	0.00601	0.00120	0.00601	0.00481	0.00481	0.76444
14	0.02008	0.01928	0.03294	0.04981	0.66422	0.01928	0.02490	0.02490	0.01848	0.02651	0.01526	0.02008	0.01285	0.00723	0.00803	0.00241	0.00964	0.00723	0.00402	0.01285
15	0.02008	0.01928	0.03294	0.04981	0.66422	0.01928	0.02490	0.02490	0.01848	0.02651	0.01526	0.02008	0.01285	0.00723	0.00803	0.00241	0.00964	0.00723	0.00402	0.01285
16	0.01532	0.01442	0.02434	0.69533	0.05589	0.01803	0.02253	0.02073	0.01622	0.02073	0.01442	0.02163	0.01082	0.00811	0.00811	0.00270	0.01082	0.00721	0.00361	0.00901
17	0.02169	0.71972	0.04252	0.01388	0.02083	0.03211	0.01388	0.02430	0.01649	0.01909	0.01128	0.01302	0.01041	0.00694	0.00521	0.00174	0.00868	0.00434	0.00347	0.01041
18	0.00989	0.00706	0.00942	0.01130	0.01177	0.00659	0.00753	0.01130	0.01554	0.02071	0.04472	0.70954	0.05367	0.02542	0.01036	0.00330	0.00471	0.02307	0.00753	0.00659
19	0.01776	0.01639	0.01701	0.01285	0.01938	0.07663	0.01009	0.02109	0.01736	0.02547	0.01597	0.05619	0.01424	0.00735	0.00639	0.00141	0.00678	0.00589	0.00490	0.64686
20	0.05063	0.01126	0.01220	0.01175	0.01406	0.04567	0.00903	0.04353	0.02053	0.02792	0.28666	0.13719	0.18546	0.01770	0.01013	0.00279	0.03516	0.06292	0.00763	0.00781
21	0.02813	0.08078	0.02409	0.04737	0.02487	0.15625	0.01484	0.35126	0.05963	0.06329	0.01873	0.01952	0.01389	0.00922	0.00759	0.00231	0.00965	0.00678	0.04978	0.01203
22	0.02821	0.06465	0.02333	0.01943	0.02419	0.42550	0.01505	0.13450	0.13551	0.02750	0.01724	0.01812	0.01353	0.00899	0.00751	0.00225	0.01196	0.00622	0.00552	0.01079
23	0.06433	0.02307	0.02244	0.01777	0.02368	0.10708	0.01445	0.45714	0.03299	0.09494	0.01953	0.01969	0.01395	0.00948	0.00777	0.00238	0.00915	0.00699	0.04045	0.01274
24	0.23874	0.02094	0.01897	0.01567	0.02111	0.10489	0.01265	0.26237	0.07229	0.09155	0.02141	0.02144	0.04517	0.00959	0.00723	0.00246	0.00832	0.00691	0.00688	0.01141
25	0.39584	0.02016	0.04038	0.01427	0.01959	0.10165	0.01188	0.10840	0.07180	0.09287	0.04135	0.01888	0.01466	0.00880	0.00654	0.00247	0.00786	0.00607	0.00614	0.01039
26	0.15939	0.01758	0.01859	0.01515	0.02069	0.04819	0.01227	0.16725	0.12443	0.26321	0.05349	0.02464	0.01960	0.00991	0.00764	0.00251	0.00738	0.00764	0.00814	0.01229

[dist]
# distance from previous block
# <min> <max>
5	39

[block]
# block no. 1 follows, 23 sequences, length 18
# corresponding to MSA columns:
# 69-86
name=unknown_B
#
# <colnr> <probs for GDERKNQSTAVLIFYWHMCP>
#	G	D	E	R	K	N	Q	S	T	A	V	L	I	F	Y	W	H	M	C	P
0	0.25722	0.01556	0.01648	0.03946	0.02011	0.01639	0.01126	0.10715	0.10639	0.16973	0.05502	0.02547	0.04970	0.00980	0.00716	0.00245	0.00670	0.00748	0.00716	0.06928
1	0.41737	0.01756	0.01618	0.01343	0.01893	0.06321	0.01097	0.10120	0.02008	0.22308	0.01843	0.01826	0.01281	0.00859	0.00647	0.00247	0.00735	0.00590	0.00680	0.01090
2	0.60501	0.01595	0.01372	0.01187	0.01707	0.01799	0.00973	0.05703	0.05843	0.10629	0.01542	0.01621	0.01134	0.00815	0.00573	0.00252	0.00649	0.00527	0.00594	0.00985
3	0.50516	0.01714	0.01525	0.01281	0.01822	0.04682	0.01049	0.09879	0.01894	0.16500	0.01648	0.01689	0.01172	0.00833	0.00611	0.00248	0.00708	0.00553	0.00636	0.01041
4	0.45940	0.01448	0.01347	0.01155	0.01631	0.01575	0.00940	0.06993	0.01826	0.14008	0.07666	0.02192	0.01835	0.00911	0.00624	0.00245	0.00612	0.00646	0.07429	0.00976
5	0.32439	0.01770	0.01420	0.01271	0.01683	0.14272	0.00996	0.02416	0.01891	0.09443	0.15899	0.03083	0.08259	0.01104	0.00716	0.00246	0.00724	0.00826	0.00642	0.00900
6	0.61658	0.01736	0.04837	0.01219	0.01779	0.01809	0.01062	0.06432	0.01641	0.09574	0.01392	0.01513	0.01024	0.00792	0.00565	0.00251	0.00681	0.00501	0.00560	0.00974
7	0.22487	0.03333	0.40357	0.01928	0.02844	0.06747	0.02222	0.06448	0.01798	0.02981	0.01383	0.01602	0.01011	0.00784	0.00697	0.00251	0.01043	0.00558	0.00422	0.01104
8	0.02034	0.32745	0.34764	0.01844	0.02778	0.02387	0.02156	0.02632	0.01739	0.07940	0.01470	0.01630	0.01120	0.00759	0.00669	0.00221	0.01014	0.00548	0.00403	0.01148
9	0.05732	0.16496	0.52211	0.02077	0.03147	0.02124	0.02590	0.02534	0.01684	0.02505	0.01379	0.01617	0.01022	0.00756	0.00711	0.00241	0.01108	0.00561	0.00352	0.01153
10	0.10167	0.01191	0.01455	0.01237	0.01637	0.01143	0.00979	0.05396	0.04270	0.25588	0.29903	0.06606	0.04426	0.01319	0.00852	0.00256	0.00551	0.01112	0.00879	0.01033
11	0.11119	0.01249	0.01451	0.01218	0.01664	0.01178	0.00958	0.02494	0.09092	0.15032	0.23850	0.05735	0.03773	0.01172	0.00789	0.00231	0.00548	0.00980	0.00768	0.16700
12	0.02910	0.02177	0.02339	0.01805	0.02446	0.02381	0.01483	0.55106	0.08128	0.04817	0.02012	0.02008	0.01448	0.00957	0.00798	0.00237	0.00854	0.00727	0.00790	0.06577
13	0.01907	0.01434	0.01555	0.01341	0.01755	0.01495	0.01056	0.19533	0.15017	0.06244	0.10653	0.07580	0.24089	0.01497	0.00888	0.00265	0.00605	0.01241	0.00809	0.01037
14	0.01939	0.02095	0.04264	0.06180	0.03977	0.02024	0.50861	0.05750	0.01959	0.02683	0.01612	0.02126	0.01223	0.00732	0.00995	0.00266	0.04237	0.00895	0.00431	0.05752
15	0.03049	0.03330	0.02345	0.02015	0.02511	0.46092	0.01559	0.23611	0.02810	0.03040	0.01488	0.01627	0.01158	0.00883	0.00759	0.00221	0.01271	0.00593	0.00551	0.01089
16	0.02842	0.01974	0.02133	0.01674	0.02248	0.02158	0.01370	0.47640	0.07210	0.08848	0.02211	0.02216	0.01585	0.00980	0.00780	0.00239	0.00794	0.00751	0.11060	0.01289
17	0.26504	0.01369	0.01563	0.01271	0.01803	0.01336	0.01039	0.03149	0.02022	0.38833	0.10619	0.02731	0.02378	0.01009	0.00735	0.00252	0.00631	0.00781	0.00832	0.01144

[dist]
# distance from previous block
# <min> <max>
6	12

[block]
# block no. 2 follows, 23 sequences, length 19
# corresponding to MSA columns:
# 99-117
name=unknown_C
#
# <colnr> <probs for GDERKNQSTAVLIFYWHMCP>
#	G	D	E	R	K	N	Q	S	T	A	V	L	I	F	Y	W	H	M	C	P
0	0.62049	0.01674	0.04098	0.01186	0.01724	0.01771	0.01021	0.05460	0.01618	0.08613	0.03576	0.01642	0.01231	0.00815	0.00569	0.00251	0.00661	0.00525	0.00563	0.00952
1	0.01677	0.10329	0.61576	0.02229	0.03383	0.02004	0.02852	0.02557	0.01707	0.02510	0.01426	0.01676	0.01029	0.00764	0.00748	0.00249	0.01169	0.00585	0.00343	0.01185
2	0.01409	0.00705	0.01057	0.01057	0.01057	0.00705	0.00705	0.01057	0.01057	0.01409	0.01409	0.02467	0.01409	0.02819	0.03171	0.76392	0.00705	0.00705	0.00352	0.00352
3	0.01330	0.00878	0.01157	0.01182	0.01382	0.00796	0.00878	0.01588	0.01832	0.07453	0.17975	0.37214	0.05177	0.02019	0.00974	0.00294	0.00514	0.09311	0.00780	0.07264
4	0.01566	0.01507	0.02638	0.63790	0.05472	0.01824	0.07572	0.02119	0.01648	0.02119	0.01460	0.02166	0.01095	0.00800	0.00824	0.00271	0.01107	0.00742	0.00365	0.00918
5	0.06135	0.01331	0.01691	0.01361	0.01898	0.01224	0.01104	0.03481	0.08646	0.46823	0.09210	0.03433	0.07685	0.01148	0.00828	0.00256	0.00633	0.00942	0.00935	0.01238
6	0.01992	0.02111	0.04101	0.03014	0.03651	0.02183	0.45179	0.07996	0.01949	0.02694	0.01551	0.02082	0.01210	0.00862	0.01295	0.00288	0.15443	0.00886	0.00435	0.01078
7	0.02025	0.01621	0.02169	0.01586	0.02292	0.01389	0.08972	0.07970	0.05028	0.08488	0.01756	0.01930	0.01354	0.00704	0.00695	0.00170	0.00734	0.00614	0.00564	0.49938
8	0.47442	0.02193	0.14994	0.01452	0.02125	0.01890	0.01422	0.10720	0.01830	0.07326	0.01428	0.01568	0.01043	0.00801	0.00617	0.00251	0.00784	0.00533	0.00540	0.01041
9	0.01155	0.01069	0.05061	0.01323	0.01457	0.00995	0.01033	0.01389	0.01591	0.02209	0.10932	0.44987	0.04571	0.02506	0.07049	0.00404	0.09073	0.01790	0.00670	0.00737
10	0.01741	0.01718	0.02438	0.10145	0.02533	0.02331	0.01790	0.01972	0.01311	0.02003	0.01130	0.01817	0.01074	0.01305	0.02334	0.00333	0.58156	0.00700	0.00362	0.04806
11	0.01159	0.00869	0.01304	0.01304	0.01449	0.01014	0.01014	0.01449	0.01304	0.01884	0.02173	0.03188	0.02029	0.06086	0.68268	0.01304	0.02173	0.00869	0.00435	0.00724
12	0.53600	0.01782	0.01559	0.07197	0.02120	0.05780	0.01140	0.10841	0.01821	0.05821	0.01348	0.01537	0.01014	0.00802	0.00596	0.00249	0.00754	0.00522	0.00545	0.00970
13	0.01365	0.00887	0.01184	0.01153	0.01370	0.00827	0.00905	0.01729	0.02177	0.07961	0.45870	0.09624	0.06514	0.01767	0.00982	0.00282	0.00483	0.13250	0.00866	0.00804
14	0.01840	0.30732	0.42603	0.01951	0.02952	0.02404	0.02368	0.02515	0.01688	0.02311	0.01328	0.01552	0.01033	0.00741	0.00673	0.00224	0.01069	0.00535	0.00344	0.01137
15	0.16449	0.02660	0.02137	0.07059	0.02530	0.28716	0.01498	0.16135	0.04272	0.03022	0.01445	0.01673	0.01137	0.00908	0.00884	0.00244	0.07083	0.00597	0.00522	0.01028
16	0.03113	0.01978	0.02229	0.01715	0.02354	0.02080	0.01412	0.42614	0.05915	0.20936	0.02305	0.02191	0.01580	0.00968	0.00803	0.00241	0.00815	0.00748	0.00845	0.05159
17	0.01919	0.40634	0.33395	0.01816	0.02744	0.02597	0.02133	0.02494	0.01679	0.02215	0.01280	0.01492	0.01035	0.00730	0.00636	0.00212	0.01021	0.00511	0.00345	0.01114
18	0.41842	0.01905	0.01786	0.01449	0.02021	0.02152	0.01195	0.31651	0.02542	0.04344	0.01520	0.01619	0.01118	0.00859	0.00650	0.00247	0.00754	0.00578	0.00650	0.01118

[dist]
# distance from previous block
# <min> <max>
0	3

[block]
# block no. 3 follows, 23 sequences, length 16
# corresponding to MSA columns:
# 122-137
name=unknown_D
#
# <colnr> <probs for GDERKNQSTAVLIFYWHMCP>
#	G	D	E	R	K	N	Q	S	T	A	V	L	I	F	Y	W	H	M	C	P
0	0.07552	0.00890	0.01090	0.01089	0.01293	0.00848	0.00809	0.01607	0.01952	0.06608	0.32136	0.25368	0.09649	0.01861	0.00941	0.00283	0.00464	0.03978	0.00810	0.00773
1	0.01891	0.01478	0.01733	0.01251	0.01962	0.01158	0.01006	0.05138	0.01831	0.07404	0.01593	0.01773	0.01269	0.00648	0.00627	0.00136	0.00621	0.00517	0.00534	0.67430
2	0.01163	0.00866	0.01099	0.01025	0.01252	0.00776	0.00767	0.01515	0.02173	0.03056	0.53121	0.09733	0.11673	0.01666	0.00936	0.00251	0.00406	0.01465	0.00844	0.06212
3	0.02169	0.71972	0.04252	0.01388	0.02083	0.03211	0.01388	0.02430	0.01649	0.01909	0.01128	0.01302	0.01041	0.00694	0.00521	0.00174	0.00868	0.00434	0.00347	0.01041
4	0.01907	0.02164	0.04650	0.03342	0.04114	0.02078	0.59766	0.02560	0.01875	0.02560	0.01607	0.02164	0.01221	0.00728	0.01060	0.00278	0.05493	0.00943	0.00407	0.01082
5	0.01159	0.00869	0.01304	0.01304	0.01449	0.01014	0.01014	0.01449	0.01304	0.01884	0.02173	0.03188	0.02029	0.06086	0.68268	0.01304	0.02173	0.00869	0.00435	0.00724
6	0.16386	0.02147	0.02212	0.01723	0.02346	0.02391	0.01423	0.52711	0.03378	0.04849	0.01801	0.01835	0.01290	0.00934	0.00756	0.00245	0.00845	0.00678	0.00756	0.01290
7	0.01308	0.00934	0.01308	0.01494	0.01681	0.00934	0.01308	0.01681	0.01868	0.02428	0.04296	0.09153	0.04670	0.02242	0.01121	0.00374	0.00747	0.60960	0.00747	0.00747
8	0.01020	0.00733	0.00934	0.01067	0.01136	0.00684	0.00710	0.01164	0.01579	0.02095	0.08445	0.53513	0.10251	0.10944	0.01406	0.00377	0.00499	0.02065	0.00730	0.00647
9	0.01159	0.00869	0.01304	0.01304	0.01449	0.01014	0.01014	0.01449	0.01304	0.01884	0.02173	0.03188	0.02029	0.06086	0.68268	0.01304	0.02173	0.00869	0.00435	0.00724
10	0.01980	0.01900	0.03243	0.08755	0.62865	0.01921	0.02476	0.02466	0.01834	0.02617	0.01521	0.02017	0.01273	0.00728	0.00804	0.00243	0.00971	0.00723	0.00399	0.01263
11	0.01139	0.00822	0.01076	0.01027	0.01210	0.00759	0.00765	0.01508	0.02254	0.03185	0.62430	0.09820	0.07524	0.01710	0.00962	0.00260	0.00388	0.01516	0.00885	0.00759
12	0.03641	0.01381	0.01883	0.01444	0.02071	0.01193	0.01193	0.03954	0.02322	0.66984	0.03201	0.02762	0.02009	0.01004	0.00816	0.00251	0.00690	0.00816	0.01004	0.01381
13	0.01031	0.00748	0.00973	0.01080	0.01182	0.00690	0.00748	0.01243	0.01778	0.02406	0.21718	0.48978	0.09883	0.02267	0.01009	0.00305	0.00443	0.02037	0.00792	0.00690
14	0.01683	0.01442	0.01683	0.01202	0.01923	0.01082	0.00961	0.02043	0.01683	0.02644	0.01442	0.01683	0.01202	0.00601	0.00601	0.00120	0.00601	0.00481	0.00481	0.76444
15	0.03090	0.02156	0.02350	0.01813	0.02451	0.02357	0.01494	0.54745	0.06624	0.11339	0.02142	0.02083	0.01497	0.00983	0.00813	0.00246	0.00860	0.00748	0.00832	0.01375

[dist]
# distance from previous block
# <min> <max>
0	4

[block]
# block no. 4 follows, 23 sequences, length 9
# corresponding to MSA columns:
# 142,143,145-151
name=unknown_E
#
# <colnr> <probs for GDERKNQSTAVLIFYWHMCP>
#	G	D	E	R	K	N	Q	S	T	A	V	L	I	F	Y	W	H	M	C	P
0	0.02022	0.01710	0.02190	0.01593	0.02309	0.01509	0.07913	0.15929	0.02186	0.03193	0.01577	0.01797	0.01245	0.00694	0.00687	0.00165	0.00750	0.00589	0.00547	0.51396
1	0.02372	0.02028	0.01948	0.01708	0.02192	0.10437	0.01335	0.09134	0.46629	0.08639	0.02919	0.02715	0.02163	0.01048	0.00812	0.00262	0.00772	0.00843	0.00787	0.01257
2	0.02987	0.02463	0.02365	0.01882	0.02481	0.12157	0.01524	0.49817	0.08726	0.04509	0.01960	0.01967	0.01423	0.00964	0.00801	0.00241	0.00956	0.00716	0.00755	0.01307
3	0.01078	0.00801	0.01037	0.01139	0.01273	0.00713	0.00780	0.01247	0.01570	0.02145	0.04083	0.62044	0.04831	0.02292	0.00980	0.00303	0.00488	0.02072	0.00718	0.10406
4	0.01775	0.01775	0.02485	0.02130	0.02130	0.02485	0.01775	0.01953	0.01243	0.01953	0.01065	0.01775	0.01065	0.01420	0.02663	0.00355	0.69998	0.00710	0.00355	0.00888
5	0.01726	0.01481	0.01702	0.01260	0.01947	0.01202	0.01003	0.02335	0.09820	0.02741	0.01681	0.01856	0.01366	0.00665	0.00630	0.00140	0.00606	0.00537	0.00525	0.66777
6	0.01131	0.00829	0.01060	0.01002	0.01202	0.00758	0.00752	0.01497	0.02256	0.03156	0.60664	0.06222	0.13047	0.01695	0.00957	0.00257	0.00385	0.01490	0.00880	0.00758
7	0.01093	0.00848	0.01146	0.01262	0.01303	0.00901	0.00889	0.01239	0.01512	0.02056	0.04021	0.61783	0.04796	0.02393	0.01251	0.00333	0.09688	0.02095	0.00700	0.00689
8	0.06635	0.02018	0.02127	0.01676	0.02259	0.02213	0.01372	0.49307	0.06415	0.04565	0.02803	0.02745	0.09986	0.01112	0.00816	0.00250	0.00803	0.00855	0.00788	0.01257

[dist]
# distance from previous block
# <min> <max>
1	4

[block]
# block no. 5 follows, 23 sequences, length 10
# corresponding to MSA columns:
# 156-165
name=unknown_F
#
# <colnr> <probs for GDERKNQSTAVLIFYWHMCP>
#	G	D	E	R	K	N	Q	S	T	A	V	L	I	F	Y	W	H	M	C	P
0	0.03509	0.01410	0.01879	0.01460	0.02074	0.01259	0.01200	0.03983	0.07391	0.61838	0.03209	0.02783	0.02047	0.01012	0.00817	0.00253	0.00687	0.00824	0.00990	0.01373
1	0.01159	0.00869	0.01304	0.01304	0.01449	0.01014	0.01014	0.01449	0.01304	0.01884	0.02173	0.03188	0.02029	0.06086	0.68268	0.01304	0.02173	0.00869	0.00435	0.00724
2	0.02018	0.01743	0.01835	0.01651	0.02110	0.02018	0.01284	0.04312	0.64956	0.03394	0.03303	0.03027	0.02477	0.01101	0.00826	0.00275	0.00642	0.00917	0.00826	0.01284
3	0.01133	0.00829	0.01063	0.01004	0.01203	0.00759	0.00753	0.01501	0.02260	0.03166	0.61204	0.06206	0.12501	0.01692	0.00957	0.00257	0.00385	0.01488	0.00882	0.00759
4	0.01730	0.01613	0.02094	0.01678	0.02029	0.01801	0.01379	0.01997	0.01457	0.02290	0.01249	0.01730	0.01132	0.01021	0.01658	0.00241	0.36167	0.00598	0.00416	0.37722
5	0.03085	0.02273	0.02435	0.01867	0.02516	0.02516	0.01542	0.63716	0.03815	0.05114	0.01948	0.01948	0.01380	0.00974	0.00812	0.00244	0.00893	0.00731	0.00812	0.01380
6	0.01893	0.01627	0.02089	0.01509	0.02231	0.01369	0.07197	0.10338	0.01990	0.02970	0.01529	0.01768	0.01229	0.00659	0.00664	0.00152	0.00715	0.00561	0.00518	0.58992
7	0.01026	0.00734	0.00980	0.01143	0.01214	0.00688	0.00792	0.01206	0.01648	0.02212	0.10521	0.60425	0.05546	0.02435	0.01034	0.00325	0.00481	0.06150	0.00767	0.00675
8	0.00989	0.00706	0.00942	0.01130	0.01177	0.00659	0.00753	0.01130	0.01554	0.02071	0.04472	0.70954	0.05367	0.02542	0.01036	0.00330	0.00471	0.02307	0.00753	0.00659
9	0.01915	0.02189	0.04788	0.03420	0.04241	0.02052	0.63475	0.02599	0.01915	0.02599	0.01642	0.02189	0.01231	0.00684	0.00958	0.00274	0.01368	0.00958	0.00410	0.01094

[dist]
# distance from previous block
# <min> <max>
0	1

[block]
# block no. 6 follows, 23 sequences, length 7
# corresponding to MSA columns:
# 167-173
name=unknown_G
#
# <colnr> <probs for GDERKNQSTAVLIFYWHMCP>
#	G	D	E	R	K	N	Q	S	T	A	V	L	I	F	Y	W	H	M	C	P
0	0.01775	0.01775	0.02485	0.02130	0.02130	0.02485	0.01775	0.01953	0.01243	0.01953	0.01065	0.01775	0.01065	0.01420	0.02663	0.00355	0.69998	0.00710	0.00355	0.00888
1	0.02107	0.01493	0.01750	0.01338	0.01988	0.01295	0.01070	0.02858	0.14859	0.14455	0.02145	0.02156	0.01611	0.00777	0.00686	0.00176	0.00626	0.00632	0.00647	0.47332
2	0.61914	0.01714	0.01449	0.01232	0.01765	0.01964	0.01016	0.15044	0.01883	0.03945	0.01299	0.01448	0.00982	0.00799	0.00566	0.00250	0.00682	0.00499	0.00566	0.00982
3	0.01013	0.00766	0.00935	0.01015	0.01160	0.00689	0.00715	0.01223	0.01796	0.02352	0.18293	0.38649	0.24025	0.02214	0.00996	0.00298	0.00435	0.01956	0.00782	0.00689
4	0.02027	0.01647	0.01868	0.01365	0.02069	0.01435	0.01104	0.17215	0.02207	0.03252	0.01567	0.01748	0.01246	0.00693	0.00653	0.00151	0.00673	0.00542	0.00562	0.57978
5	0.01159	0.00869	0.01304	0.01304	0.01449	0.01014	0.01014	0.01449	0.01304	0.01884	0.02173	0.03188	0.02029	0.06086	0.68268	0.01304	0.02173	0.00869	0.00435	0.00724
6	0.01694	0.01483	0.01781	0.01316	0.01949	0.01255	0.01062	0.02032	0.01628	0.02559	0.01396	0.01694	0.01185	0.00702	0.00855	0.00149	0.09151	0.00509	0.00465	0.67135

[dist]
# distance from previous block
# <min> <max>
1	6

[block]
# block no. 7 follows, 23 sequences, length 10
# corresponding to MSA columns:
# 180-189
name=unknown_H
#
# <colnr> <probs for GDERKNQSTAVLIFYWHMCP>
#	G	D	E	R	K	N	Q	S	T	A	V	L	I	F	Y	W	H	M	C	P
0	0.01877	0.02004	0.03812	0.02819	0.03446	0.02041	0.40727	0.02582	0.07424	0.02554	0.01665	0.02141	0.01309	0.00851	0.01230	0.00275	0.13999	0.00865	0.00444	0.07934
1	0.00982	0.00807	0.00840	0.00860	0.01086	0.00691	0.00620	0.01162	0.01758	0.02124	0.07313	0.14304	0.53967	0.08334	0.01252	0.00326	0.00451	0.01728	0.00730	0.00665
2	0.01683	0.01442	0.01683	0.01202	0.01923	0.01082	0.00961	0.02043	0.01683	0.02644	0.01442	0.01683	0.01202	0.00601	0.00601	0.00120	0.00601	0.00481	0.00481	0.76444
3	0.01775	0.01775	0.02485	0.02130	0.02130	0.02485	0.01775	0.01953	0.01243	0.01953	0.01065	0.01775	0.01065	0.01420	0.02663	0.00355	0.69998	0.00710	0.00355	0.00888
4	0.02744	0.02071	0.02252	0.01705	0.02372	0.02168	0.01401	0.48740	0.03297	0.04514	0.01825	0.01884	0.01337	0.00883	0.00761	0.00214	0.00822	0.00670	0.00731	0.19608
5	0.03085	0.02273	0.02435	0.01867	0.02516	0.02516	0.01542	0.63716	0.03815	0.05114	0.01948	0.01948	0.01380	0.00974	0.00812	0.00244	0.00893	0.00731	0.00812	0.01380
6	0.01017	0.00718	0.00933	0.01094	0.01134	0.00678	0.00715	0.01137	0.01499	0.01999	0.04192	0.61351	0.05013	0.12627	0.01488	0.00396	0.00517	0.02142	0.00715	0.00635
7	0.01915	0.02189	0.04788	0.03420	0.04241	0.02052	0.63475	0.02599	0.01915	0.02599	0.01642	0.02189	0.01231	0.00684	0.00958	0.00274	0.01368	0.00958	0.00410	0.01094
8	0.01180	0.00787	0.00885	0.00885	0.00885	0.00787	0.00492	0.01180	0.01180	0.01573	0.02557	0.05310	0.02950	0.71483	0.04130	0.00787	0.00787	0.01180	0.00492	0.00492
9	0.01148	0.00829	0.01085	0.01021	0.01212	0.00766	0.00766	0.01531	0.02297	0.03254	0.65994	0.06061	0.07656	0.01659	0.00957	0.00255	0.00383	0.01467	0.00893	0.00766

[dist]
# distance from previous block
# <min> <max>
5	7

[block]
# block no. 8 follows, 23 sequences, length 24
# corresponding to MSA columns:
# 197-220
name=unknown_I
#
# <colnr> <probs for GDERKNQSTAVLIFYWHMCP>
#	G	D	E	R	K	N	Q	S	T	A	V	L	I	F	Y	W	H	M	C	P
0	0.01148	0.00829	0.01085	0.01021	0.01212	0.00766	0.00766	0.01531	0.02297	0.03254	0.65994	0.06061	0.07656	0.01659	0.00957	0.00255	0.00383	0.01467	0.00893	0.00766
1	0.01683	0.01442	0.01683	0.01202	0.01923	0.01082	0.00961	0.02043	0.01683	0.02644	0.01442	0.01683	0.01202	0.00601	0.00601	0.00120	0.00601	0.00481	0.00481	0.76444
2	0.01159	0.00869	0.01304	0.01304	0.01449	0.01014	0.01014	0.01449	0.01304	0.01884	0.02173	0.03188	0.02029	0.06086	0.68268	0.01304	0.02173	0.00869	0.00435	0.00724
3	0.03641	0.01381	0.01883	0.01444	0.02071	0.01193	0.01193	0.03954	0.02322	0.66984	0.03201	0.02762	0.02009	0.01004	0.00816	0.00251	0.00690	0.00816	0.01004	0.01381
4	0.01085	0.00790	0.01022	0.01042	0.01193	0.00726	0.00752	0.01380	0.02032	0.02808	0.42642	0.26680	0.10894	0.01965	0.00982	0.00280	0.00413	0.01749	0.00840	0.00726
5	0.01921	0.01591	0.01808	0.01335	0.02027	0.01368	0.01073	0.11624	0.06523	0.03075	0.01652	0.01819	0.01320	0.00694	0.00649	0.00150	0.00648	0.00550	0.00556	0.59617
6	0.02008	0.01635	0.01857	0.01356	0.02061	0.01414	0.01096	0.16350	0.02177	0.03217	0.01560	0.01744	0.01243	0.00687	0.00650	0.00149	0.00669	0.00539	0.00558	0.59030
7	0.71003	0.01628	0.01297	0.01134	0.01649	0.01879	0.00934	0.07524	0.01585	0.03764	0.01198	0.01371	0.00921	0.00772	0.00528	0.00250	0.00650	0.00464	0.00528	0.00921
8	0.01180	0.00787	0.00885	0.00885	0.00885	0.00787	0.00492	0.01180	0.01180	0.01573	0.02557	0.05310	0.02950	0.71483	0.04130	0.00787	0.00787	0.01180	0.00492	0.00492
9	0.01148	0.00829	0.01085	0.01021	0.01212	0.00766	0.00766	0.01531	0.02297	0.03254	0.65994	0.06061	0.07656	0.01659	0.00957	0.00255	0.00383	0.01467	0.00893	0.00766
10	0.01763	0.01510	0.01779	0.01302	0.01969	0.01256	0.01049	0.05310	0.01765	0.02727	0.01443	0.01703	0.01202	0.00678	0.00756	0.00143	0.05466	0.00510	0.00490	0.67180
11	0.46073	0.01976	0.01705	0.01419	0.01967	0.06705	0.01159	0.23921	0.02297	0.04041	0.01425	0.01549	0.01066	0.00836	0.00627	0.00245	0.00779	0.00547	0.00605	0.01059
12	0.02679	0.02040	0.02216	0.01695	0.02348	0.02142	0.01387	0.45024	0.07525	0.04411	0.01922	0.01960	0.01413	0.00894	0.00763	0.00217	0.00807	0.00684	0.00734	0.19139
13	0.01027	0.00729	0.00962	0.01134	0.01187	0.00689	0.00770	0.01172	0.01544	0.02054	0.04300	0.61193	0.05116	0.08298	0.01301	0.00371	0.00516	0.06256	0.00731	0.00651
14	0.00985	0.00821	0.00863	0.00889	0.01141	0.00700	0.00673	0.01197	0.01830	0.02200	0.07692	0.12313	0.57685	0.02102	0.00975	0.00285	0.00438	0.05770	0.00753	0.00687
15	0.02894	0.02160	0.02333	0.01777	0.02436	0.02321	0.01463	0.55333	0.03525	0.04778	0.01879	0.01912	0.01356	0.00923	0.00783	0.00227	0.00853	0.00697	0.00767	0.11583
16	0.01683	0.01442	0.01683	0.01202	0.01923	0.01082	0.00961	0.02043	0.01683	0.02644	0.01442	0.01683	0.01202	0.00601	0.00601	0.00120	0.00601	0.00481	0.00481	0.76444
17	0.02607	0.02192	0.03114	0.02333	0.03017	0.02319	0.21002	0.38399	0.09483	0.04146	0.01990	0.02134	0.01446	0.00896	0.00859	0.00256	0.01017	0.00821	0.00687	0.01280
18	0.50566	0.01744	0.01580	0.01305	0.01862	0.01945	0.01075	0.18913	0.02090	0.06797	0.01456	0.01568	0.01078	0.00817	0.00604	0.00243	0.00700	0.00536	0.00607	0.04514
19	0.06015	0.01709	0.01874	0.01566	0.02107	0.04042	0.01249	0.08003	0.31716	0.25333	0.02934	0.02679	0.02070	0.01014	0.00795	0.00255	0.00702	0.00817	0.00844	0.04276
20	0.00991	0.00819	0.00875	0.00911	0.01154	0.00703	0.00689	0.01204	0.01820	0.02199	0.07496	0.14577	0.54545	0.02122	0.00981	0.00288	0.00445	0.06740	0.00753	0.00687
21	0.02224	0.01763	0.01973	0.01459	0.02152	0.01636	0.01186	0.25858	0.02506	0.03598	0.01638	0.01785	0.01271	0.00745	0.00682	0.00168	0.00714	0.00577	0.00609	0.47458
22	0.01915	0.02189	0.04788	0.03420	0.04241	0.02052	0.63475	0.02599	0.01915	0.02599	0.01642	0.02189	0.01231	0.00684	0.00958	0.00274	0.01368	0.00958	0.00410	0.01094
23	0.01962	0.01517	0.01792	0.01313	0.01991	0.01263	0.01061	0.07097	0.01887	0.08215	0.01615	0.01798	0.01278	0.00698	0.00721	0.00151	0.03501	0.00538	0.00546	0.61056

[dist]
# distance from previous block
# <min> <max>
1	5

[block]
# block no. 9 follows, 23 sequences, length 15
# corresponding to MSA columns:
# 226-240
name=unknown_J
#
# <colnr> <probs for GDERKNQSTAVLIFYWHMCP>
#	G	D	E	R	K	N	Q	S	T	A	V	L	I	F	Y	W	H	M	C	P
0	0.01045	0.00783	0.01052	0.01201	0.01245	0.00790	0.00826	0.01189	0.01531	0.02063	0.04228	0.65999	0.05059	0.02462	0.01152	0.00331	0.05451	0.02192	0.00725	0.00675
1	0.01148	0.00829	0.01085	0.01021	0.01212	0.00766	0.00766	0.01531	0.02297	0.03254	0.65994	0.06061	0.07656	0.01659	0.00957	0.00255	0.00383	0.01467	0.00893	0.00766
2	0.01701	0.01501	0.01927	0.01376	0.02105	0.01158	0.05876	0.02087	0.01701	0.02641	0.01458	0.01722	0.01204	0.00607	0.00629	0.00132	0.00661	0.00518	0.00475	0.70520
3	0.01159	0.00869	0.01304	0.01304	0.01449	0.01014	0.01014	0.01449	0.01304	0.01884	0.02173	0.03188	0.02029	0.06086	0.68268	0.01304	0.02173	0.00869	0.00435	0.00724
4	0.01723	0.01573	0.02226	0.01590	0.02329	0.01252	0.11909	0.02141	0.01723	0.02636	0.01477	0.01771	0.01207	0.00615	0.00663	0.00147	0.00735	0.00564	0.00468	0.63248
5	0.02924	0.02083	0.02283	0.01737	0.02396	0.02205	0.01431	0.50113	0.03389	0.09556	0.01972	0.01973	0.01403	0.00922	0.00781	0.00226	0.00835	0.00701	0.00779	0.12292
6	0.01127	0.00829	0.01055	0.00999	0.01199	0.00757	0.00749	0.01490	0.02247	0.03136	0.59555	0.06256	0.14168	0.01703	0.00957	0.00257	0.00386	0.01495	0.00878	0.00757
7	0.00995	0.00820	0.00878	0.00897	0.01144	0.00703	0.00677	0.01220	0.01864	0.02280	0.12273	0.12317	0.53685	0.02069	0.00973	0.00282	0.00432	0.05033	0.00764	0.00693
8	0.01898	0.02135	0.04563	0.03259	0.04073	0.01982	0.58950	0.02559	0.01898	0.02602	0.01627	0.02152	0.01229	0.00678	0.00932	0.00262	0.01312	0.00923	0.00415	0.06548
9	0.01679	0.10666	0.61263	0.02225	0.03375	0.02011	0.02844	0.02556	0.01707	0.02507	0.01425	0.01674	0.01029	0.00764	0.00747	0.00249	0.01168	0.00584	0.00343	0.01184
10	0.71391	0.07032	0.01430	0.01092	0.01609	0.01928	0.00918	0.02389	0.01402	0.03506	0.01130	0.01317	0.00891	0.00749	0.00504	0.00245	0.00646	0.00439	0.00490	0.00891
11	0.01158	0.00836	0.01099	0.01051	0.01242	0.00776	0.00800	0.01541	0.02270	0.03202	0.62099	0.06256	0.07468	0.01696	0.00967	0.00263	0.00406	0.05223	0.00884	0.00764
12	0.05014	0.00872	0.01102	0.01048	0.01255	0.00828	0.00800	0.01582	0.02228	0.03230	0.59467	0.05983	0.07156	0.01644	0.00943	0.00261	0.00414	0.04537	0.00866	0.00770
13	0.03024	0.02243	0.02401	0.01855	0.02493	0.02488	0.01528	0.60357	0.07272	0.05017	0.02025	0.02009	0.01442	0.00981	0.00813	0.00245	0.00879	0.00741	0.00813	0.01375
14	0.01932	0.01590	0.01817	0.01320	0.02029	0.01337	0.01065	0.13034	0.02063	0.03084	0.01532	0.01730	0.01234	0.00667	0.00638	0.00142	0.00653	0.00525	0.00540	0.63066

[dist]
# distance from previous block
# <min> <max>
5	7

[block]
# block no. 10 follows, 23 sequences, length 7
# corresponding to MSA columns:
# 248-254
name=unknown_K
#
# <colnr> <probs for GDERKNQSTAVLIFYWHMCP>
#	G	D	E	R	K	N	Q	S	T	A	V	L	I	F	Y	W	H	M	C	P
0	0.02924	0.01671	0.01958	0.01595	0.02161	0.01733	0.01287	0.14183	0.26619	0.32124	0.03029	0.02726	0.02082	0.01036	0.00819	0.00259	0.00706	0.00840	0.00903	0.01344
1	0.01775	0.01775	0.02485	0.02130	0.02130	0.02485	0.01775	0.01953	0.01243	0.01953	0.01065	0.01775	0.01065	0.01420	0.02663	0.00355	0.69998	0.00710	0.00355	0.00888
2	0.02635	0.01575	0.01841	0.01533	0.02046	0.01642	0.01225	0.10711	0.28518	0.26610	0.09838	0.03133	0.02737	0.01111	0.00835	0.00261	0.00661	0.00918	0.00896	0.01275
3	0.01173	0.00813	0.01020	0.01020	0.01067	0.00860	0.00660	0.01267	0.01220	0.01673	0.02433	0.04626	0.02653	0.50406	0.24801	0.00953	0.01234	0.01080	0.00473	0.00567
4	0.03125	0.01496	0.01868	0.01510	0.02084	0.01455	0.01222	0.04068	0.22236	0.46766	0.03233	0.02846	0.02158	0.01035	0.00819	0.00259	0.00675	0.00848	0.00948	0.01350
5	0.02008	0.01928	0.03294	0.04981	0.66422	0.01928	0.02490	0.02490	0.01848	0.02651	0.01526	0.02008	0.01285	0.00723	0.00803	0.00241	0.00964	0.00723	0.00402	0.01285
6	0.01374	0.00893	0.01190	0.01145	0.01370	0.00831	0.00903	0.01749	0.02216	0.08068	0.49220	0.06399	0.06641	0.01720	0.00978	0.00278	0.00477	0.12867	0.00874	0.00810

[dist]
# distance from previous block
# <min> <max>
0	6

[block]
# block no. 11 follows, 23 sequences, length 12
# corresponding to MSA columns:
# 261-272
name=unknown_L
#
# <colnr> <probs for GDERKNQSTAVLIFYWHMCP>
#	G	D	E	R	K	N	Q	S	T	A	V	L	I	F	Y	W	H	M	C	P
0	0.62335	0.01567	0.01304	0.01159	0.01636	0.01791	0.00939	0.08889	0.01659	0.03658	0.01520	0.07673	0.01338	0.00939	0.00584	0.00257	0.00642	0.00639	0.00558	0.00913
1	0.01373	0.00879	0.01157	0.01059	0.01290	0.00804	0.00804	0.01750	0.02299	0.09008	0.60324	0.05763	0.07146	0.01600	0.00944	0.00255	0.00411	0.01409	0.00903	0.00821
2	0.01764	0.01490	0.01726	0.01240	0.01957	0.01165	0.00995	0.05626	0.01806	0.02788	0.01472	0.01698	0.01212	0.00623	0.00613	0.00127	0.00618	0.00495	0.00500	0.72083
3	0.01044	0.00743	0.00987	0.01148	0.01217	0.00703	0.00799	0.01217	0.01613	0.02155	0.08215	0.56423	0.05296	0.06438	0.01219	0.00356	0.00513	0.08503	0.00746	0.00666
4	0.01227	0.00892	0.01195	0.01289	0.01485	0.00860	0.01080	0.01587	0.01995	0.02653	0.23148	0.08099	0.11398	0.02049	0.01056	0.00329	0.00606	0.37514	0.00792	0.00747
5	0.01039	0.00773	0.01029	0.01183	0.01241	0.00763	0.00821	0.01194	0.01561	0.02084	0.04436	0.62691	0.07437	0.02455	0.01118	0.00330	0.03998	0.04439	0.00733	0.00675
6	0.02069	0.01685	0.01887	0.01423	0.02093	0.01554	0.01145	0.17450	0.10374	0.03346	0.01806	0.01921	0.01410	0.00757	0.00682	0.00170	0.00678	0.00598	0.00606	0.48345
7	0.02927	0.02185	0.02349	0.01809	0.02452	0.02389	0.01487	0.56050	0.07169	0.04845	0.01991	0.01992	0.01430	0.00956	0.00798	0.00237	0.00858	0.00724	0.00790	0.06564
8	0.01662	0.08528	0.63252	0.02254	0.03421	0.01969	0.02895	0.02561	0.01709	0.02527	0.01435	0.01687	0.01029	0.00766	0.00755	0.00252	0.01178	0.00589	0.00343	0.01189
9	0.01886	0.02097	0.04405	0.03146	0.03955	0.01932	0.55764	0.02531	0.01886	0.02605	0.01617	0.02126	0.01228	0.00674	0.00914	0.00255	0.01273	0.00899	0.00419	0.10388
10	0.03073	0.01393	0.01792	0.01443	0.01987	0.01304	0.01166	0.05730	0.11659	0.47701	0.07895	0.06149	0.02631	0.01137	0.00838	0.00258	0.00657	0.00945	0.00951	0.01288
11	0.03336	0.01406	0.01857	0.01428	0.02040	0.01238	0.01173	0.07143	0.02363	0.55465	0.06451	0.02821	0.02226	0.01011	0.00809	0.00242	0.00679	0.00824	0.00951	0.06537

[dist]
# distance from previous block
# <min> <max>
4	13

[block]
# block no. 12 follows, 23 sequences, length 11
# corresponding to MSA columns:
# 291-301
name=unknown_M
#
# <colnr> <probs for GDERKNQSTAVLIFYWHMCP>
#	G	D	E	R	K	N	Q	S	T	A	V	L	I	F	Y	W	H	M	C	P
0	0.16176	0.01051	0.01188	0.01140	0.01414	0.01070	0.00910	0.04210	0.02080	0.03207	0.36887	0.05603	0.08246	0.01577	0.00892	0.00276	0.00518	0.11970	0.00780	0.00805
1	0.01084	0.00820	0.01036	0.01113	0.01275	0.00721	0.00771	0.01262	0.01597	0.02163	0.04369	0.55679	0.10050	0.02225	0.00968	0.00295	0.00484	0.01997	0.00715	0.11375
2	0.01996	0.01628	0.01851	0.01351	0.02056	0.01403	0.01091	0.15837	0.02160	0.03196	0.01555	0.01742	0.01242	0.00684	0.00648	0.00148	0.00666	0.00537	0.00555	0.59655
3	0.10340	0.01465	0.01809	0.01446	0.02031	0.01404	0.01180	0.03871	0.13712	0.49306	0.03023	0.02673	0.01987	0.00998	0.00788	0.00255	0.00676	0.00799	0.00924	0.01315
4	0.14178	0.01597	0.01783	0.01452	0.02024	0.01626	0.01172	0.08468	0.20628	0.25657	0.02596	0.02420	0.01823	0.00942	0.00744	0.00242	0.00672	0.00740	0.00795	0.10442
5	0.01688	0.11725	0.60279	0.02210	0.03353	0.02032	0.02819	0.02554	0.01706	0.02496	0.01420	0.01667	0.01029	0.00762	0.00743	0.00248	0.01162	0.00581	0.00343	0.01182
6	0.01027	0.00748	0.00968	0.01075	0.01179	0.00689	0.00745	0.01237	0.01772	0.02388	0.20731	0.48665	0.11232	0.02271	0.01009	0.00305	0.00443	0.02038	0.00790	0.00689
7	0.20462	0.02296	0.02128	0.01706	0.02293	0.10099	0.01390	0.42204	0.03066	0.04400	0.01674	0.01743	0.01223	0.00906	0.00730	0.00241	0.00898	0.00638	0.00693	0.01211
8	0.02341	0.01803	0.01993	0.01561	0.02154	0.01825	0.01255	0.33472	0.06826	0.03886	0.02156	0.09598	0.01837	0.01039	0.00771	0.00216	0.00738	0.00839	0.00702	0.24990
9	0.01532	0.01442	0.02434	0.69533	0.05589	0.01803	0.02253	0.02073	0.01622	0.02073	0.01442	0.02163	0.01082	0.00811	0.00811	0.00270	0.01082	0.00721	0.00361	0.00901
10	0.70752	0.01553	0.01253	0.01100	0.01613	0.01765	0.00906	0.02523	0.01464	0.09205	0.01312	0.01445	0.00978	0.00775	0.00530	0.00251	0.00633	0.00472	0.00546	0.00923

[dist]
# distance from previous block
# <min> <max>
0	3

[block]
# block no. 13 follows, 23 sequences, length 6
# corresponding to MSA columns:
# 305-310
name=unknown_N
#
# <colnr> <probs for GDERKNQSTAVLIFYWHMCP>
#	G	D	E	R	K	N	Q	S	T	A	V	L	I	F	Y	W	H	M	C	P
0	0.01199	0.00787	0.00915	0.00925	0.00960	0.00798	0.00562	0.01270	0.01262	0.01768	0.02637	0.08582	0.02917	0.54815	0.09579	0.00752	0.00859	0.01174	0.07690	0.00548
1	0.01193	0.00858	0.01251	0.01251	0.01400	0.00989	0.00971	0.01492	0.01342	0.01994	0.02219	0.03172	0.02033	0.05590	0.61745	0.01197	0.02000	0.00858	0.07715	0.00728
2	0.01797	0.01838	0.02837	0.02327	0.02453	0.02419	0.11199	0.02052	0.01345	0.02052	0.01153	0.01838	0.01091	0.01308	0.02402	0.00343	0.59516	0.00748	0.00364	0.00919
3	0.01978	0.01560	0.01831	0.01385	0.02016	0.01401	0.01116	0.07430	0.08321	0.07499	0.01773	0.01925	0.01395	0.00769	0.00802	0.00172	0.05541	0.00586	0.00572	0.51928
4	0.02072	0.01979	0.03626	0.02638	0.03383	0.01869	0.38481	0.07479	0.08048	0.06475	0.01876	0.02195	0.01400	0.00750	0.00864	0.00244	0.01092	0.00846	0.00526	0.14158
5	0.43584	0.01425	0.01397	0.08102	0.01967	0.01606	0.01046	0.07340	0.01848	0.03506	0.17964	0.02681	0.02690	0.01012	0.00677	0.00253	0.00633	0.00758	0.00615	0.00894

[dist]
# distance from previous block
# <min> <max>
12	20

[block]
# block no. 14 follows, 23 sequences, length 10
# corresponding to MSA columns:
# 338-347
name=unknown_O
#
# <colnr> <probs for GDERKNQSTAVLIFYWHMCP>
#	G	D	E	R	K	N	Q	S	T	A	V	L	I	F	Y	W	H	M	C	P
0	0.01703	0.15537	0.43548	0.02300	0.09691	0.02015	0.02450	0.02412	0.01728	0.02429	0.02009	0.02216	0.06857	0.00867	0.00747	0.00242	0.01046	0.00683	0.00386	0.01135
1	0.01915	0.01573	0.02400	0.24000	0.13923	0.01626	0.05693	0.02601	0.09603	0.09024	0.01995	0.04901	0.01581	0.00872	0.00791	0.00239	0.00874	0.00788	0.00531	0.15072
2	0.01627	0.04197	0.67279	0.02313	0.03512	0.01884	0.02998	0.02570	0.01713	0.02570	0.01456	0.01713	0.01028	0.00771	0.00771	0.00257	0.01199	0.00600	0.00343	0.01199
3	0.01123	0.00841	0.01056	0.01085	0.01285	0.00774	0.00848	0.01439	0.02026	0.02702	0.32427	0.12435	0.21739	0.01962	0.01001	0.00293	0.00479	0.14940	0.00813	0.00732
4	0.03031	0.03867	0.02299	0.02090	0.02508	0.68226	0.01568	0.03240	0.02299	0.01986	0.01254	0.01463	0.01045	0.00836	0.00732	0.00209	0.01463	0.00523	0.00418	0.00941
5	0.77215	0.01569	0.01193	0.01067	0.01569	0.01820	0.00879	0.02385	0.01381	0.03641	0.01130	0.01318	0.00879	0.00753	0.00502	0.00251	0.00628	0.00439	0.00502	0.00879
6	0.66726	0.01552	0.01365	0.10556	0.02126	0.01818	0.01069	0.02342	0.01414	0.03423	0.01173	0.01435	0.00907	0.00761	0.00545	0.00254	0.00691	0.00478	0.00483	0.00882
7	0.08707	0.46647	0.21694	0.01620	0.02439	0.02714	0.01795	0.02465	0.01643	0.02249	0.01220	0.01419	0.01023	0.00721	0.00589	0.00204	0.00940	0.00481	0.00360	0.01071
8	0.02024	0.01869	0.06723	0.22622	0.38741	0.01812	0.02317	0.02532	0.01826	0.09278	0.01675	0.02114	0.01289	0.00780	0.00805	0.00251	0.00982	0.00725	0.00450	0.01182
9	0.09648	0.09387	0.50022	0.01987	0.02995	0.01906	0.02457	0.02488	0.01672	0.02661	0.01483	0.01734	0.01092	0.00776	0.00706	0.00244	0.01050	0.00580	0.05993	0.01119

[dist]
# distance from previous block
# <min> <max>
32	45

[block]
# block no. 15 follows, 23 sequences, length 28
# corresponding to MSA columns:
# 394-421
name=unknown_P
#
# <colnr> <probs for GDERKNQSTAVLIFYWHMCP>
#	G	D	E	R	K	N	Q	S	T	A	V	L	I	F	Y	W	H	M	C	P
0	0.37065	0.02799	0.31603	0.01926	0.07240	0.01858	0.01968	0.02477	0.01567	0.03077	0.01308	0.01550	0.00977	0.00759	0.00647	0.00253	0.00914	0.00534	0.00422	0.01055
1	0.01480	0.01361	0.02264	0.60867	0.05055	0.01672	0.02092	0.01983	0.01630	0.02092	0.01818	0.07607	0.01589	0.01015	0.00844	0.00280	0.01019	0.04045	0.00410	0.00875
2	0.12471	0.01990	0.01957	0.01629	0.02153	0.09999	0.01326	0.25397	0.05717	0.15876	0.04802	0.02905	0.02025	0.01096	0.00800	0.00257	0.00843	0.06830	0.00757	0.01168
3	0.03085	0.02273	0.02435	0.01867	0.02516	0.02516	0.01542	0.63716	0.03815	0.05114	0.01948	0.01948	0.01380	0.00974	0.00812	0.00244	0.00893	0.00731	0.00812	0.01380
4	0.01683	0.01442	0.01683	0.01202	0.01923	0.01082	0.00961	0.02043	0.01683	0.02644	0.01442	0.01683	0.01202	0.00601	0.00601	0.00120	0.00601	0.00481	0.00481	0.76444
5	0.64905	0.01508	0.01279	0.05413	0.01813	0.01732	0.00964	0.02411	0.01457	0.06423	0.01328	0.01531	0.01009	0.00779	0.00540	0.00249	0.00646	0.00492	0.04624	0.00897
6	0.01897	0.02136	0.04496	0.03256	0.03973	0.02107	0.55641	0.02517	0.01830	0.02517	0.01568	0.02136	0.01210	0.00777	0.01174	0.00284	0.10082	0.00926	0.00403	0.01068
7	0.01760	0.01529	0.02346	0.55962	0.04893	0.01853	0.02060	0.11153	0.01950	0.02571	0.01580	0.02177	0.01178	0.00842	0.00799	0.00262	0.01017	0.00724	0.04380	0.00964
8	0.03085	0.02273	0.02435	0.01867	0.02516	0.02516	0.01542	0.63716	0.03815	0.05114	0.01948	0.01948	0.01380	0.00974	0.00812	0.00244	0.00893	0.00731	0.00812	0.01380
9	0.02074	0.01771	0.01866	0.01663	0.02131	0.02045	0.01298	0.07445	0.61731	0.03485	0.03231	0.02970	0.02419	0.01094	0.00825	0.00274	0.00655	0.00908	0.00825	0.01289
10	0.01683	0.01442	0.01683	0.01202	0.01923	0.01082	0.00961	0.02043	0.01683	0.02644	0.01442	0.01683	0.01202	0.00601	0.00601	0.00120	0.00601	0.00481	0.00481	0.76444
11	0.02169	0.71972	0.04252	0.01388	0.02083	0.03211	0.01388	0.02430	0.01649	0.01909	0.01128	0.01302	0.01041	0.00694	0.00521	0.00174	0.00868	0.00434	0.00347	0.01041
12	0.02638	0.02031	0.02178	0.01776	0.02339	0.02275	0.01443	0.40492	0.24811	0.04402	0.02519	0.02639	0.01904	0.01074	0.00830	0.00260	0.00800	0.03455	0.00814	0.01319
13	0.02169	0.71972	0.04252	0.01388	0.02083	0.03211	0.01388	0.02430	0.01649	0.01909	0.01128	0.01302	0.01041	0.00694	0.00521	0.00174	0.00868	0.00434	0.00347	0.01041
14	0.00989	0.00706	0.00942	0.01130	0.01177	0.00659	0.00753	0.01130	0.01554	0.02071	0.04472	0.70954	0.05367	0.02542	0.01036	0.00330	0.00471	0.02307	0.00753	0.00659
15	0.01627	0.04197	0.67279	0.02313	0.03512	0.01884	0.02998	0.02570	0.01713	0.02570	0.01456	0.01713	0.01028	0.00771	0.00771	0.00257	0.01199	0.00600	0.00343	0.01199
16	0.01148	0.00829	0.01085	0.01021	0.01212	0.00766	0.00766	0.01531	0.02297	0.03254	0.65994	0.06061	0.07656	0.01659	0.00957	0.00255	0.00383	0.01467	0.00893	0.00766
17	0.01915	0.02189	0.04788	0.03420	0.04241	0.02052	0.63475	0.02599	0.01915	0.02599	0.01642	0.02189	0.01231	0.00684	0.00958	0.00274	0.01368	0.00958	0.00410	0.01094
18	0.01915	0.02189	0.04788	0.03420	0.04241	0.02052	0.63475	0.02599	0.01915	0.02599	0.01642	0.02189	0.01231	0.00684	0.00958	0.00274	0.01368	0.00958	0.00410	0.01094
