[name]
unknown

[dist]
# distance from previous block
# <min> <max>
0	73

[block]
# block no. 0 follows, 25 sequences, length 69
# corresponding to MSA columns:
# 88-156
name=unknown_A
#
# <colnr> <probs for GDERKNQSTAVLIFYWHMCP>
#	G	D	E	R	K	N	Q	S	T	A	V	L	I	F	Y	W	H	M	C	P
0	0.01233	0.01185	0.06225	0.01365	0.01653	0.00991	0.05689	0.01732	0.07575	0.02514	0.20585	0.30555	0.04657	0.01725	0.00915	0.00276	0.00578	0.05646	0.00698	0.04201
1	0.00998	0.00711	0.00931	0.01035	0.01112	0.00666	0.00704	0.01183	0.01642	0.02238	0.20617	0.49808	0.05523	0.07562	0.01195	0.00330	0.00451	0.01913	0.00736	0.00644
2	0.01267	0.01073	0.01700	0.30456	0.03037	0.01212	0.04223	0.01612	0.01557	0.02110	0.05256	0.29839	0.02970	0.01479	0.00909	0.00277	0.02892	0.01325	0.06042	0.00763
3	0.04009	0.00941	0.01221	0.06367	0.01590	0.00937	0.00907	0.01797	0.05934	0.05925	0.51452	0.05127	0.05985	0.01451	0.00880	0.00249	0.00464	0.03165	0.00798	0.00800
4	0.02847	0.01714	0.01939	0.01507	0.02064	0.01783	0.01237	0.37703	0.02913	0.22073	0.02269	0.02209	0.01571	0.00924	0.00739	0.00224	0.00724	0.00717	0.11277	0.03567
5	0.01701	0.03877	0.62776	0.02164	0.03252	0.04811	0.02727	0.02543	0.01688	0.05364	0.01457	0.01671	0.01025	0.00749	0.00737	0.00243	0.01136	0.00579	0.00359	0.01143
6	0.07401	0.05543	0.02042	0.01516	0.02073	0.01924	0.01253	0.32581	0.09259	0.19325	0.02237	0.02158	0.01571	0.00921	0.00727	0.00230	0.00729	0.00705	0.06586	0.01218
7	0.01661	0.01657	0.02434	0.02045	0.02117	0.02219	0.06273	0.01881	0.01311	0.02006	0.06120	0.02037	0.01509	0.01323	0.02301	0.00326	0.60793	0.00751	0.00382	0.00854
8	0.67319	0.01559	0.01288	0.01113	0.01612	0.01779	0.00917	0.08678	0.01593	0.06532	0.01247	0.01382	0.00936	0.00752	0.00523	0.00239	0.00628	0.00464	0.00531	0.00909
9	0.01406	0.05826	0.05705	0.02031	0.02464	0.01372	0.26494	0.01798	0.01646	0.02205	0.02863	0.34326	0.03087	0.01526	0.00921	0.00283	0.00856	0.03799	0.00547	0.00845
10	0.01799	0.02160	0.07880	0.06338	0.04075	0.01941	0.58881	0.02459	0.01807	0.02459	0.01550	0.02066	0.01160	0.00664	0.00899	0.00260	0.01286	0.00886	0.00387	0.01043
11	0.00954	0.00729	0.00877	0.00963	0.01102	0.00651	0.00675	0.01139	0.01673	0.02161	0.13445	0.41097	0.27422	0.02159	0.00954	0.00287	0.00419	0.01904	0.00737	0.00651
12	0.00943	0.00683	0.00891	0.01057	0.01119	0.00632	0.00710	0.01082	0.01506	0.01988	0.04546	0.67313	0.09884	0.02394	0.00984	0.00311	0.00445	0.02161	0.00720	0.00632
13	0.31123	0.01810	0.01838	0.01573	0.04907	0.02004	0.01228	0.33299	0.02544	0.07979	0.01642	0.01716	0.01191	0.00842	0.00658	0.00234	0.00735	0.00599	0.02961	0.01117
14	0.01251	0.00837	0.01099	0.01052	0.01263	0.00774	0.00819	0.01604	0.02121	0.06847	0.52343	0.06080	0.09396	0.01641	0.00928	0.00260	0.00432	0.09657	0.00835	0.00761
15	0.00945	0.00675	0.00900	0.01080	0.01125	0.00630	0.00720	0.01080	0.01484	0.01979	0.04274	0.72245	0.05128	0.02429	0.00990	0.00315	0.00450	0.02204	0.00720	0.00630
16	0.01527	0.01501	0.02714	0.59202	0.05118	0.01764	0.13030	0.02068	0.01599	0.02068	0.01411	0.02071	0.01058	0.00754	0.00799	0.00259	0.01081	0.00728	0.00353	0.00893
17	0.23512	0.01936	0.01971	0.01551	0.02132	0.02146	0.01280	0.44378	0.02924	0.08380	0.01721	0.01745	0.01225	0.00875	0.00695	0.00235	0.00772	0.00627	0.00706	0.01188
18	0.01106	0.00743	0.00852	0.00873	0.00878	0.00737	0.00499	0.01122	0.01170	0.01559	0.02658	0.12976	0.03091	0.64478	0.03599	0.00700	0.00716	0.01254	0.00499	0.00489
19	0.01464	0.01378	0.02326	0.70887	0.05340	0.01723	0.02153	0.01981	0.01550	0.01981	0.01378	0.02067	0.01034	0.00775	0.00775	0.00258	0.01034	0.00689	0.00345	0.00861
20	0.01672	0.08699	0.56429	0.02210	0.03271	0.01929	0.07434	0.05128	0.01733	0.02516	0.01403	0.01653	0.01012	0.00733	0.00735	0.00241	0.01123	0.00593	0.00352	0.01135
21	0.01552	0.01464	0.02549	0.52384	0.12089	0.01701	0.08391	0.02067	0.01607	0.02149	0.01475	0.02102	0.01127	0.00761	0.00774	0.00251	0.01008	0.00714	0.04922	0.00913
22	0.57172	0.01813	0.01520	0.01480	0.06738	0.08563	0.01088	0.08868	0.01681	0.03395	0.01201	0.01386	0.00934	0.00747	0.00554	0.00234	0.00730	0.00477	0.00495	0.00925
23	0.01129	0.00752	0.00995	0.01097	0.01215	0.00697	0.00785	0.01332	0.01675	0.05726	0.14410	0.49541	0.07967	0.02171	0.00971	0.00301	0.00468	0.07322	0.00753	0.00691
24	0.01016	0.00752	0.01068	0.01182	0.01264	0.00711	0.03195	0.01183	0.01506	0.02004	0.04058	0.60255	0.04795	0.06072	0.01151	0.00340	0.00522	0.07586	0.00694	0.00645
25	0.01106	0.00743	0.00852	0.00873	0.00878	0.00738	0.00499	0.01122	0.01169	0.01559	0.02655	0.12869	0.03087	0.64590	0.03603	0.00701	0.00717	0.01253	0.00499	0.00488
26	0.02073	0.73217	0.04063	0.01327	0.01990	0.03068	0.01327	0.02322	0.01575	0.01824	0.01078	0.01244	0.00995	0.00663	0.00498	0.00166	0.00829	0.00415	0.00332	0.00995
27	0.01128	0.00752	0.00846	0.00846	0.00846	0.00752	0.00470	0.01128	0.01128	0.01503	0.02443	0.05074	0.02819	0.72751	0.03946	0.00752	0.00752	0.01128	0.00470	0.00470
28	0.02137	0.01852	0.02090	0.04755	0.02348	0.04745	0.04740	0.18068	0.36934	0.03362	0.02622	0.02577	0.03831	0.01026	0.00899	0.00258	0.05064	0.00824	0.00700	0.01170
29	0.00916	0.00785	0.00785	0.00785	0.01047	0.00655	0.00589	0.01113	0.01767	0.02095	0.07855	0.07462	0.67599	0.01964	0.00916	0.00262	0.00393	0.01636	0.00720	0.00655
30	0.01652	0.01551	0.02131	0.07094	0.23845	0.05621	0.01604	0.02108	0.06334	0.02367	0.07649	0.12297	0.04550	0.01212	0.01110	0.00263	0.12896	0.00994	0.03769	0.00953
31	0.01090	0.00792	0.01026	0.00967	0.01154	0.00728	0.00726	0.01448	0.02177	0.03066	0.64963	0.05863	0.09885	0.01601	0.00915	0.00245	0.00367	0.01412	0.00848	0.00728
32	0.05228	0.01945	0.03990	0.08983	0.07322	0.01875	0.49716	0.02503	0.01803	0.06415	0.01614	0.02077	0.01196	0.00687	0.00868	0.00257	0.01194	0.00854	0.00425	0.01047
33	0.19733	0.24633	0.27938	0.01644	0.02429	0.07436	0.01814	0.02423	0.01587	0.02458	0.01207	0.01410	0.00954	0.00715	0.00600	0.00216	0.00941	0.00483	0.00370	0.01009
34	0.01602	0.02636	0.31333	0.12520	0.03340	0.01824	0.12574	0.02235	0.01578	0.02324	0.01448	0.01889	0.01111	0.00848	0.01064	0.00261	0.13072	0.00677	0.06662	0.01001
35	0.02330	0.01920	0.04642	0.01803	0.06373	0.04636	0.01393	0.25749	0.23795	0.07505	0.02682	0.02610	0.05740	0.01006	0.00774	0.00242	0.00751	0.00807	0.04050	0.01193
36	0.01058	0.00740	0.00849	0.00887	0.00934	0.00712	0.00541	0.01115	0.01296	0.01690	0.03610	0.19861	0.12573	0.47511	0.02878	0.00588	0.00635	0.01432	0.00559	0.00531
37	0.01651	0.01330	0.01566	0.01171	0.01788	0.01041	0.00925	0.04046	0.01685	0.04926	0.01754	0.08953	0.01593	0.00792	0.00631	0.00144	0.00574	0.00659	0.00515	0.64256
38	0.01445	0.00723	0.00723	0.00723	0.00903	0.00723	0.00542	0.01807	0.01626	0.02891	0.02529	0.02891	0.01987	0.00903	0.00542	0.00181	0.00361	0.00723	0.77055	0.00723
39	0.01696	0.01696	0.02375	0.02036	0.02036	0.02375	0.01696	0.01866	0.01187	0.01866	0.01018	0.01696	0.01018	0.01357	0.02545	0.00339	0.71332	0.00679	0.00339	0.00848
40	0.01463	0.01349	0.02254	0.67768	0.05143	0.01678	0.02082	0.01973	0.01554	0.02021	0.01429	0.02104	0.01076	0.00781	0.00765	0.00255	0.01004	0.00691	0.03755	0.00855
41	0.01445	0.00723	0.00723	0.00723	0.00903	0.00723	0.00542	0.01807	0.01626	0.02891	0.02529	0.02891	0.01987	0.00903	0.00542	0.00181	0.00361	0.00723	0.77055	0.00723
42	0.01097	0.00793	0.01036	0.00975	0.01158	0.00732	0.00732	0.01463	0.02195	0.03109	0.67505	0.05792	0.07316	0.01585	0.00914	0.00244	0.00366	0.01402	0.00854	0.00732
43	0.00945	0.00675	0.00900	0.01080	0.01125	0.00630	0.00720	0.01080	0.01484	0.01979	0.04274	0.72245	0.05128	0.02429	0.00990	0.00315	0.00450	0.02204	0.00720	0.00630
44	0.03479	0.01320	0.01799	0.01380	0.01979	0.01140	0.01140	0.03779	0.02219	0.68451	0.03059	0.02639	0.01919	0.00960	0.00780	0.00240	0.00660	0.00780	0.00960	0.01320
45	0.03479	0.01320	0.01799	0.01380	0.01979	0.01140	0.01140	0.03779	0.02219	0.68451	0.03059	0.02639	0.01919	0.00960	0.00780	0.00240	0.00660	0.00780	0.00960	0.01320
46	0.01535	0.00809	0.00818	0.00786	0.00993	0.00823	0.00597	0.05590	0.01746	0.03010	0.02490	0.02829	0.01948	0.00905	0.00556	0.00184	0.00391	0.00721	0.72512	0.00758
47	0.02947	0.02172	0.02327	0.01784	0.02404	0.02404	0.01474	0.65329	0.03646	0.04887	0.01862	0.01862	0.01319	0.00931	0.00776	0.00233	0.00853	0.00698	0.00776	0.01319
48	0.02044	0.67773	0.03935	0.01381	0.01994	0.03015	0.01355	0.02287	0.01546	0.01827	0.01073	0.01278	0.00997	0.00716	0.00653	0.00179	0.06196	0.00435	0.00332	0.00984
49	0.01128	0.00752	0.00846	0.00846	0.00846	0.00752	0.00470	0.01128	0.01128	0.01503	0.02443	0.05074	0.02819	0.72751	0.03946	0.00752	0.00752	0.01128	0.00470	0.00470
50	0.01128	0.00752	0.00846	0.00846	0.00846	0.00752	0.00470	0.01128	0.01128	0.01503	0.02443	0.05074	0.02819	0.72751	0.03946	0.00752	0.00752	0.01128	0.00470	0.00470
51	0.01492	0.01406	0.02376	0.66853	0.09157	0.01730	0.02167	0.02005	0.01564	0.02015	0.01383	0.02058	0.01045	0.00770	0.00775	0.00257	0.01027	0.00689	0.00347	0.00884
52	0.03384	0.01298	0.01769	0.01363	0.01947	0.01123	0.01123	0.03686	0.02218	0.65842	0.05632	0.02765	0.02135	0.00985	0.00785	0.00240	0.00648	0.00805	0.00955	0.01296
53	0.01228	0.00877	0.01225	0.01403	0.01573	0.00874	0.01212	0.01569	0.01764	0.02296	0.04117	0.13206	0.04509	0.02162	0.01065	0.00354	0.00695	0.58446	0.00714	0.00708
54	0.01128	0.00752	0.00846	0.00846	0.00846	0.00752	0.00470	0.01128	0.01128	0.01503	0.02443	0.05074	0.02819	0.72751	0.03946	0.00752	0.00752	0.01128	0.00470	0.00470
55	0.01555	0.04011	0.68733	0.02210	0.03356	0.01801	0.02865	0.02455	0.01637	0.02455	0.01391	0.01637	0.00982	0.00737	0.00737	0.00246	0.01146	0.00573	0.00327	0.01146
56	0.01181	0.00798	0.01050	0.01009	0.01190	0.00734	0.00748	0.01509	0.02088	0.05865	0.54987	0.15771	0.06741	0.01686	0.00920	0.00255	0.00392	0.01496	0.00838	0.00742
57	0.02401	0.47632	0.03361	0.01545	0.02120	0.24396	0.01373	0.02636	0.01804	0.04833	0.01205	0.01356	0.01038	0.00720	0.00575	0.00180	0.01005	0.00458	0.00382	0.00979
58	0.01249	0.00892	0.01249	0.01428	0.01606	0.00892	0.01249	0.01606	0.01785	0.02320	0.04105	0.08746	0.04462	0.02142	0.01071	0.00357	0.00714	0.62695	0.00714	0.00714
59	0.01450	0.01353	0.02270	0.64346	0.07345	0.01662	0.02076	0.01942	0.01554	0.02001	0.01553	0.06241	0.01284	0.00871	0.00788	0.00261	0.00995	0.00779	0.00368	0.00861
60	0.01555	0.04011	0.68733	0.02210	0.03356	0.01801	0.02865	0.02455	0.01637	0.02455	0.01391	0.01637	0.00982	0.00737	0.00737	0.00246	0.01146	0.00573	0.00327	0.01146
61	0.01564	0.01273	0.01940	0.46607	0.05973	0.01511	0.01705	0.05813	0.01704	0.02409	0.01706	0.02261	0.01302	0.00815	0.00715	0.00236	0.00847	0.00698	0.20055	0.00865
62	0.29111	0.42171	0.02792	0.01191	0.01752	0.02417	0.01108	0.02241	0.01531	0.02511	0.06135	0.01596	0.01421	0.00754	0.00523	0.00198	0.00712	0.00492	0.00424	0.00920
63	0.06719	0.68842	0.03885	0.01308	0.01960	0.02987	0.01297	0.02319	0.01560	0.01925	0.01078	0.01245	0.00986	0.00667	0.00496	0.00170	0.00815	0.00415	0.00341	0.00986
64	0.75091	0.01495	0.01188	0.03874	0.01656	0.01739	0.00893	0.02267	0.01329	0.03418	0.01092	0.01293	0.00848	0.00722	0.00492	0.00241	0.00618	0.00431	0.00474	0.00841
65	0.02705	0.02020	0.02182	0.01734	0.02301	0.02240	0.01429	0.53529	0.10915	0.04508	0.02176	0.02479	0.01669	0.01032	0.00798	0.00245	0.00815	0.05186	0.00773	0.01264
66	0.01097	0.00793	0.01036	0.00975	0.01158	0.00732	0.00732	0.01463	0.02195	0.03109	0.67505	0.05792	0.07316	0.01585	0.00914	0.00244	0.00366	0.01402	0.00854	0.00732
67	0.01890	0.01632	0.01717	0.01548	0.01979	0.01880	0.01203	0.04006	0.64059	0.03200	0.03334	0.03066	0.04839	0.01086	0.00794	0.00263	0.00605	0.00905	0.00786	0.01206
68	0.00974	0.00701	0.00930	0.01102	0.01169	0.00657	0.00767	0.01133	0.01526	0.02018	0.04401	0.63329	0.07575	0.02382	0.00995	0.00317	0.00474	0.08193	0.00719	0.00639

[dist]
# distance from previous block
# <min> <max>
0	1

[block]
# block no. 1 follows, 25 sequences, length 154
# corresponding to MSA columns:
# 158-311
name=unknown_B
#
# <colnr> <probs for GDERKNQSTAVLIFYWHMCP>
#	G	D	E	R	K	N	Q	S	T	A	V	L	I	F	Y	W	H	M	C	P
0	0.02738	0.09175	0.02362	0.01946	0.02336	0.59106	0.01499	0.02939	0.02070	0.01889	0.01175	0.01409	0.01000	0.00831	0.00824	0.00208	0.06695	0.00506	0.00389	0.00903
1	0.01378	0.01369	0.02700	0.02151	0.02558	0.01282	0.32249	0.01767	0.01654	0.02226	0.02949	0.37887	0.03193	0.01560	0.00953	0.00289	0.00870	0.01573	0.00559	0.00834
2	0.02264	0.01532	0.01628	0.01332	0.01753	0.01660	0.01071	0.37324	0.02750	0.03968	0.02232	0.05337	0.01750	0.00985	0.00692	0.00216	0.00640	0.00773	0.31040	0.01052
3	0.01890	0.01382	0.01706	0.01306	0.01887	0.01172	0.03058	0.09186	0.01898	0.10458	0.02053	0.11931	0.01831	0.00929	0.00692	0.00176	0.00622	0.00790	0.00589	0.46445
4	0.01824	0.08611	0.09543	0.05451	0.12034	0.01633	0.17373	0.02317	0.01860	0.09242	0.13894	0.02890	0.02465	0.00926	0.00806	0.00237	0.00884	0.03014	0.00534	0.04464
5	0.03319	0.01284	0.01748	0.01352	0.01924	0.01112	0.01112	0.03624	0.02218	0.64075	0.07375	0.02850	0.02281	0.01002	0.00789	0.00240	0.00640	0.00821	0.00953	0.01280
6	0.01070	0.00791	0.00998	0.00946	0.01141	0.00720	0.00710	0.01410	0.02129	0.02954	0.58373	0.06047	0.16545	0.01643	0.00915	0.00247	0.00370	0.01438	0.00833	0.00720
7	0.13776	0.04471	0.02260	0.25591	0.10274	0.01916	0.01696	0.11665	0.01870	0.08721	0.01512	0.01872	0.01144	0.00861	0.00924	0.00253	0.09048	0.00645	0.00489	0.01011
8	0.02674	0.01631	0.01870	0.01509	0.02021	0.01720	0.01222	0.28257	0.13037	0.22309	0.02547	0.04637	0.01859	0.01226	0.03898	0.00284	0.00766	0.00806	0.06515	0.01209
9	0.01128	0.00752	0.00846	0.00846	0.00846	0.00752	0.00470	0.01128	0.01128	0.01503	0.02443	0.05074	0.02819	0.72751	0.03946	0.00752	0.00752	0.01128	0.00470	0.00470
10	0.00945	0.00675	0.00900	0.01080	0.01125	0.00630	0.00720	0.01080	0.01484	0.01979	0.04274	0.72245	0.05128	0.02429	0.00990	0.00315	0.00450	0.02204	0.00720	0.00630
11	0.02073	0.73217	0.04063	0.01327	0.01990	0.03068	0.01327	0.02322	0.01575	0.01824	0.01078	0.01244	0.00995	0.00663	0.00498	0.00166	0.00829	0.00415	0.00332	0.00995
12	0.01128	0.00752	0.00846	0.00846	0.00846	0.00752	0.00470	0.01128	0.01128	0.01503	0.02443	0.05074	0.02819	0.72751	0.03946	0.00752	0.00752	0.01128	0.00470	0.00470
13	0.03306	0.01269	0.01708	0.01324	0.01888	0.01104	0.01089	0.03611	0.02169	0.62867	0.03014	0.02661	0.01925	0.00955	0.00759	0.00235	0.00634	0.00775	0.07441	0.01269
14	0.01108	0.00831	0.01246	0.01246	0.01385	0.00969	0.00969	0.01385	0.01246	0.01800	0.02077	0.03046	0.01938	0.05815	0.69678	0.01246	0.02077	0.00831	0.00415	0.00692
15	0.02638	0.01991	0.02137	0.01705	0.02259	0.02215	0.01384	0.49750	0.15979	0.04405	0.02248	0.05854	0.01731	0.01035	0.00790	0.00243	0.00784	0.00815	0.00775	0.01263
16	0.78228	0.01499	0.01140	0.01020	0.01499	0.01739	0.00840	0.02279	0.01320	0.03479	0.01080	0.01260	0.00840	0.00720	0.00480	0.00240	0.00600	0.00420	0.00480	0.00840
17	0.01629	0.03510	0.52313	0.02547	0.06435	0.01836	0.15880	0.02458	0.01683	0.02465	0.01432	0.01745	0.01034	0.00717	0.00775	0.00248	0.01169	0.00650	0.00344	0.01129
18	0.01601	0.01028	0.01225	0.01177	0.01493	0.00986	0.00955	0.02153	0.11061	0.13468	0.06799	0.06171	0.26356	0.01672	0.00906	0.00281	0.00555	0.18103	0.03142	0.00868
19	0.01212	0.01977	0.26924	0.01527	0.02014	0.01104	0.01578	0.01674	0.01623	0.02281	0.08544	0.35336	0.03682	0.01690	0.00892	0.00285	0.00727	0.05508	0.00580	0.00842
20	0.00937	0.00786	0.00814	0.00807	0.01060	0.00663	0.00605	0.01152	0.01815	0.02209	0.14552	0.07274	0.60831	0.01921	0.00916	0.00260	0.00390	0.01610	0.00735	0.00663
21	0.04600	0.01609	0.01752	0.09583	0.02335	0.03918	0.01308	0.03518	0.48205	0.03007	0.05757	0.03136	0.02449	0.01082	0.00794	0.00264	0.00681	0.04177	0.00713	0.01110
22	0.01771	0.21293	0.43525	0.02017	0.02942	0.05540	0.05189	0.02432	0.01640	0.02246	0.01296	0.01549	0.00997	0.00742	0.00754	0.00228	0.03875	0.00549	0.00335	0.01079
23	0.30042	0.16964	0.24240	0.01551	0.02302	0.02094	0.01671	0.08475	0.01703	0.02941	0.01259	0.01440	0.00965	0.00734	0.00597	0.00226	0.00852	0.00497	0.00428	0.01019
24	0.02896	0.03695	0.02197	0.01998	0.02397	0.69638	0.01498	0.03096	0.02197	0.01898	0.01199	0.01398	0.00999	0.00799	0.00699	0.00200	0.01398	0.00499	0.00400	0.00899
25	0.01077	0.00792	0.01008	0.00954	0.01146	0.00723	0.00716	0.01424	0.02147	0.02996	0.60854	0.05978	0.14037	0.01627	0.00915	0.00246	0.00369	0.01428	0.00839	0.00723
26	0.02035	0.68197	0.08754	0.01391	0.02089	0.02976	0.01438	0.02331	0.01580	0.01870	0.01101	0.01272	0.00994	0.00669	0.00515	0.00172	0.00852	0.00426	0.00331	0.01006
27	0.01320	0.00968	0.01277	0.01398	0.01607	0.00981	0.01198	0.04233	0.05082	0.02443	0.04205	0.10327	0.08153	0.02038	0.01033	0.00340	0.00685	0.51234	0.00721	0.00757
28	0.00953	0.00678	0.00897	0.01069	0.01112	0.00635	0.00709	0.01082	0.01469	0.01958	0.04192	0.69245	0.05025	0.05569	0.01122	0.00334	0.00463	0.02156	0.00709	0.00623
29	0.01127	0.00754	0.00859	0.00859	0.00864	0.00759	0.00487	0.01136	0.01132	0.01514	0.02431	0.05005	0.02789	0.70470	0.06186	0.00769	0.00797	0.01117	0.00468	0.00477
30	0.01823	0.02070	0.04457	0.03202	0.03944	0.01983	0.61685	0.02450	0.01795	0.02450	0.01539	0.02070	0.01168	0.00691	0.01003	0.00266	0.05076	0.00902	0.00389	0.01035
31	0.00964	0.00701	0.00914	0.01077	0.01152	0.00651	0.00746	0.01121	0.01533	0.02015	0.04603	0.61467	0.11032	0.02364	0.00989	0.00313	0.00464	0.06538	0.00719	0.00638
32	0.03342	0.01540	0.01936	0.01484	0.02089	0.01466	0.01226	0.19676	0.02588	0.52033	0.02750	0.02438	0.01764	0.00952	0.00779	0.00238	0.00710	0.00759	0.00912	0.01319
33	0.02974	0.02129	0.02301	0.01764	0.02383	0.02341	0.01457	0.62253	0.03574	0.08063	0.01921	0.01900	0.01349	0.00932	0.00776	0.00233	0.00844	0.00702	0.00785	0.01319
34	0.01128	0.00752	0.00846	0.00846	0.00846	0.00752	0.00470	0.01128	0.01128	0.01503	0.02443	0.05074	0.02819	0.72751	0.03946	0.00752	0.00752	0.01128	0.00470	0.00470
35	0.00945	0.00675	0.00900	0.01080	0.01125	0.00630	0.00720	0.01080	0.01484	0.01979	0.04274	0.72245	0.05128	0.02429	0.00990	0.00315	0.00450	0.02204	0.00720	0.00630
36	0.01830	0.02092	0.04575	0.03268	0.04052	0.01961	0.65098	0.02484	0.01830	0.02484	0.01569	0.02092	0.01176	0.00654	0.00915	0.00261	0.01307	0.00915	0.00392	0.01046
37	0.01085	0.00792	0.01020	0.00963	0.01151	0.00727	0.00722	0.01440	0.02167	0.03042	0.63563	0.05902	0.11299	0.01610	0.00915	0.00245	0.00368	0.01418	0.00845	0.00727
38	0.09311	0.07092	0.02194	0.01559	0.02175	0.02112	0.01297	0.40806	0.04945	0.06070	0.01735	0.01779	0.01277	0.00839	0.00697	0.00210	0.00769	0.00622	0.00671	0.13841
39	0.01105	0.00826	0.01000	0.00952	0.01140	0.00774	0.00697	0.01479	0.04884	0.02742	0.46049	0.05886	0.17696	0.09894	0.01261	0.00307	0.00427	0.01390	0.00781	0.00709
40	0.00945	0.00675	0.00900	0.01080	0.01125	0.00630	0.00720	0.01080	0.01484	0.01979	0.04274	0.72245	0.05128	0.02429	0.00990	0.00315	0.00450	0.02204	0.00720	0.00630
41	0.02512	0.01840	0.01997	0.01600	0.02085	0.02014	0.01277	0.50752	0.03118	0.04177	0.02218	0.10819	0.01942	0.08616	0.01133	0.00297	0.00793	0.00927	0.00737	0.01146
42	0.01623	0.01640	0.04823	0.45267	0.23922	0.01774	0.05632	0.02143	0.01633	0.02188	0.01413	0.02010	0.01098	0.00742	0.00779	0.00250	0.01018	0.00698	0.00358	0.00990
43	0.03440	0.01381	0.01838	0.01409	0.02010	0.01231	0.01164	0.08243	0.02323	0.63840	0.02972	0.02583	0.01876	0.00958	0.00779	0.00239	0.00674	0.00774	0.00946	0.01319
44	0.01445	0.00723	0.00723	0.00723	0.00903	0.00723	0.00542	0.01807	0.01626	0.02891	0.02529	0.02891	0.01987	0.00903	0.00542	0.00181	0.00361	0.00723	0.77055	0.00723
45	0.02897	0.02147	0.02298	0.01774	0.02385	0.02381	0.01461	0.62270	0.06787	0.04804	0.01926	0.01913	0.01371	0.00937	0.00776	0.00234	0.00841	0.00707	0.00776	0.01314
46	0.02102	0.65090	0.07169	0.01416	0.02086	0.07476	0.01415	0.02380	0.01620	0.01861	0.01102	0.01274	0.00995	0.00676	0.00523	0.00172	0.00883	0.00428	0.00336	0.00996
47	0.01126	0.00757	0.00872	0.00872	0.00881	0.00766	0.00503	0.01145	0.01135	0.01523	0.02419	0.04940	0.02761	0.68328	0.08290	0.00784	0.00839	0.01108	0.00466	0.00485
48	0.00945	0.00675	0.00900	0.01080	0.01125	0.00630	0.00720	0.01080	0.01484	0.01979	0.04274	0.72245	0.05128	0.02429	0.00990	0.00315	0.00450	0.02204	0.00720	0.00630
49	0.00966	0.00775	0.00863	0.00868	0.01085	0.00672	0.00641	0.01200	0.01846	0.02344	0.22853	0.14322	0.45004	0.01918	0.00924	0.00263	0.00392	0.01640	0.00754	0.00672
50	0.36313	0.01820	0.07117	0.09738	0.12695	0.01776	0.12857	0.02364	0.01559	0.05198	0.01350	0.01673	0.01029	0.00719	0.00663	0.00245	0.00865	0.00603	0.00440	0.00977
51	0.02144	0.01668	0.01800	0.01563	0.02027	0.01869	0.01241	0.15057	0.45564	0.07644	0.03150	0.03116	0.04993	0.01106	0.00803	0.00260	0.00655	0.03344	0.00792	0.01205
52	0.01037	0.00755	0.00997	0.01158	0.01268	0.00715	0.00872	0.01248	0.01609	0.02099	0.04601	0.45455	0.11547	0.02290	0.01007	0.00322	0.00527	0.21117	0.00718	0.00659
53	0.01950	0.57003	0.17231	0.03511	0.02366	0.02770	0.01665	0.02339	0.01587	0.01958	0.01151	0.01348	0.00994	0.00682	0.00554	0.00185	0.00900	0.00455	0.00331	0.01022
54	0.00996	0.00738	0.00989	0.01124	0.01176	0.00731	0.00773	0.01150	0.01520	0.02055	0.08685	0.63627	0.05066	0.02310	0.01068	0.00311	0.04259	0.02064	0.00709	0.00649
55	0.05380	0.01671	0.01817	0.01483	0.01921	0.01855	0.01200	0.39920	0.02777	0.03948	0.02093	0.06745	0.01701	0.01299	0.04528	0.00288	0.03954	0.00798	0.15540	0.01083
56	0.02896	0.03695	0.02197	0.01998	0.02397	0.69638	0.01498	0.03096	0.02197	0.01898	0.01199	0.01398	0.00999	0.00799	0.00699	0.00200	0.01398	0.00499	0.00400	0.00899
57	0.01445	0.00723	0.00723	0.00723	0.00903	0.00723	0.00542	0.01807	0.01626	0.02891	0.02529	0.02891	0.01987	0.00903	0.00542	0.00181	0.00361	0.00723	0.77055	0.00723
58	0.00945	0.00675	0.00900	0.01080	0.01125	0.00630	0.00720	0.01080	0.01484	0.01979	0.04274	0.72245	0.05128	0.02429	0.00990	0.00315	0.00450	0.02204	0.00720	0.00630
59	0.02195	0.01871	0.02723	0.02126	0.02601	0.02085	0.16829	0.24673	0.07335	0.05178	0.01851	0.02319	0.01477	0.01255	0.04632	0.00320	0.15626	0.03233	0.00578	0.01093
60	0.00945	0.00675	0.00900	0.01080	0.01125	0.00630	0.00720	0.01080	0.01484	0.01979	0.04274	0.72245	0.05128	0.02429	0.00990	0.00315	0.00450	0.02204	0.00720	0.00630
61	0.00956	0.00685	0.00890	0.01049	0.01102	0.00639	0.00696	0.01084	0.01475	0.01953	0.04329	0.64496	0.08095	0.07129	0.01185	0.00342	0.00467	0.02104	0.00703	0.00620
62	0.03078	0.01934	0.06914	0.01639	0.02288	0.01809	0.01429	0.33945	0.02878	0.32411	0.02349	0.02184	0.01556	0.00929	0.00775	0.00237	0.00790	0.00725	0.00823	0.01306
63	0.00949	0.00714	0.00879	0.00991	0.01106	0.00644	0.00685	0.01118	0.01616	0.02097	0.10090	0.49374	0.22452	0.02237	0.00964	0.00295	0.00428	0.01987	0.00730	0.00644
64	0.07948	0.01387	0.01794	0.01385	0.01978	0.01259	0.01144	0.07755	0.02259	0.60335	0.02861	0.02505	0.01815	0.00943	0.00761	0.00239	0.00669	0.00753	0.00919	0.01291
65	0.01555	0.04011	0.68733	0.02210	0.03356	0.01801	0.02865	0.02455	0.01637	0.02455	0.01391	0.01637	0.00982	0.00737	0.00737	0.00246	0.01146	0.00573	0.00327	0.01146
66	0.47903	0.01408	0.01380	0.01151	0.01665	0.01482	0.00947	0.02805	0.01683	0.27477	0.04137	0.01928	0.01465	0.00839	0.00606	0.00240	0.00614	0.00587	0.00670	0.01013
67	0.01108	0.00831	0.01246	0.01246	0.01385	0.00969	0.00969	0.01385	0.01246	0.01800	0.02077	0.03046	0.01938	0.05815	0.69678	0.01246	0.02077	0.00831	0.00415	0.00692
68	0.78228	0.01499	0.01140	0.01020	0.01499	0.01739	0.00840	0.02279	0.01320	0.03479	0.01080	0.01260	0.00840	0.00720	0.00480	0.00240	0.00600	0.00420	0.00480	0.00840
69	0.02947	0.02172	0.02327	0.01784	0.02404	0.02404	0.01474	0.65329	0.03646	0.04887	0.01862	0.01862	0.01319	0.00931	0.00776	0.00233	0.00853	0.00698	0.00776	0.01319
70	0.02824	0.08004	0.02070	0.01462	0.02049	0.01667	0.01212	0.14158	0.14158	0.34187	0.02556	0.02342	0.01752	0.00914	0.00739	0.00226	0.00693	0.00725	0.00799	0.07462
71	0.02282	0.01771	0.02243	0.14756	0.02832	0.01986	0.06085	0.34895	0.04756	0.03690	0.01849	0.02091	0.01371	0.00901	0.00832	0.00238	0.04010	0.00721	0.11587	0.01103
72	0.00945	0.00675	0.00900	0.01080	0.01125	0.00630	0.00720	0.01080	0.01484	0.01979	0.04274	0.72245	0.05128	0.02429	0.00990	0.00315	0.00450	0.02204	0.00720	0.00630
73	0.01035	0.00812	0.01252	0.01287	0.01404	0.00771	0.06504	0.01226	0.01500	0.02013	0.03886	0.61387	0.04563	0.02494	0.05522	0.00372	0.00634	0.01998	0.00670	0.00671
74	0.01672	0.01902	0.07586	0.24046	0.06144	0.01962	0.25431	0.02187	0.01588	0.02192	0.01374	0.01962	0.01086	0.00851	0.01210	0.00275	0.16449	0.00763	0.00361	0.00958
75	0.07745	0.01908	0.02253	0.24297	0.03277	0.07963	0.04153	0.26025	0.02376	0.03232	0.01560	0.01888	0.01169	0.00864	0.00838	0.00243	0.04732	0.00666	0.03773	0.01036
76	0.03333	0.01412	0.01839	0.01425	0.02016	0.01295	0.01173	0.08802	0.06583	0.58978	0.02968	0.02593	0.01900	0.00963	0.00780	0.00241	0.00672	0.00779	0.00933	0.01313
77	0.01980	0.01986	0.01834	0.01912	0.09554	0.18709	0.01314	0.06647	0.21483	0.02611	0.03097	0.10808	0.09860	0.01242	0.00811	0.00251	0.00822	0.03459	0.00624	0.00996
78	0.01685	0.21418	0.52467	0.01988	0.03012	0.02119	0.02478	0.02422	0.01622	0.02297	0.01313	0.01538	0.00985	0.00718	0.00677	0.00226	0.01066	0.00533	0.00328	0.01108
79	0.01128	0.00752	0.00846	0.00846	0.00846	0.00752	0.00470	0.01128	0.01128	0.01503	0.02443	0.05074	0.02819	0.72751	0.03946	0.00752	0.00752	0.01128	0.00470	0.00470
80	0.01077	0.00792	0.01008	0.00954	0.01146	0.00723	0.00715	0.01423	0.02146	0.02993	0.60652	0.05984	0.14242	0.01629	0.00915	0.00246	0.00369	0.01429	0.00838	0.00723
81	0.01259	0.00977	0.01164	0.01111	0.01349	0.00981	0.00853	0.01963	0.15153	0.02888	0.39305	0.05644	0.13190	0.03997	0.01007	0.00277	0.00464	0.06807	0.00799	0.00813
82	0.06752	0.01919	0.03887	0.05913	0.03673	0.01825	0.49664	0.02623	0.01839	0.11433	0.01731	0.02113	0.01250	0.00704	0.00864	0.00257	0.01164	0.00856	0.00472	0.01062
83	0.02782	0.06623	0.02298	0.01961	0.02355	0.59354	0.01502	0.05616	0.02164	0.02019	0.01209	0.01431	0.01013	0.00835	0.00815	0.00209	0.05971	0.00516	0.00408	0.00918
84	0.01127	0.00754	0.00859	0.00859	0.00863	0.00759	0.00486	0.01136	0.01131	0.01513	0.02431	0.05009	0.02791	0.70601	0.06057	0.00768	0.00794	0.01118	0.00468	0.00477
85	0.01818	0.01538	0.02160	0.01782	0.02050	0.01823	0.08470	0.15831	0.01849	0.02656	0.01686	0.02342	0.01471	0.06235	0.15013	0.00495	0.24109	0.00770	0.06989	0.00911
86	0.02180	0.29896	0.10978	0.01518	0.02149	0.02195	0.01460	0.07850	0.13624	0.11938	0.04384	0.02341	0.01784	0.00906	0.00683	0.00221	0.00785	0.03428	0.00575	0.01106
87	0.00956	0.00683	0.00910	0.01072	0.01127	0.00637	0.00721	0.01107	0.01536	0.02061	0.08860	0.67425	0.05287	0.02368	0.00984	0.00310	0.00444	0.02146	0.00729	0.00637
88	0.02834	0.02116	0.02263	0.01761	0.02361	0.02352	0.01446	0.58534	0.10625	0.04704	0.02005	0.01976	0.01435	0.00944	0.00777	0.00236	0.00827	0.00718	0.00777	0.01308
89	0.05208	0.01959	0.08972	0.02995	0.31888	0.04425	0.01868	0.12508	0.02042	0.02946	0.01842	0.02528	0.01557	0.00889	0.00750	0.00236	0.00855	0.05946	0.09483	0.01102
90	0.02208	0.01713	0.01829	0.01558	0.02035	0.01922	0.01236	0.20400	0.41485	0.06464	0.02991	0.02809	0.04982	0.01051	0.00782	0.00251	0.00661	0.00853	0.03557	0.01212
91	0.01834	0.01661	0.02894	0.02108	0.02775	0.01476	0.29091	0.05096	0.01877	0.06997	0.06469	0.04108	0.01774	0.00774	0.00782	0.00207	0.00895	0.00807	0.00513	0.27860
92	0.02001	0.57320	0.16578	0.01522	0.02270	0.05152	0.01632	0.02375	0.01609	0.01950	0.01143	0.01326	0.00993	0.00682	0.00551	0.00183	0.00911	0.00448	0.00333	0.01021
93	0.01127	0.00754	0.00860	0.00860	0.00865	0.00759	0.00487	0.01137	0.01132	0.01514	0.02430	0.05003	0.02788	0.70402	0.06253	0.00769	0.00798	0.01117	0.00468	0.00478
94	0.00945	0.00675	0.00900	0.01080	0.01125	0.00630	0.00720	0.01080	0.01484	0.01979	0.04274	0.72245	0.05128	0.02429	0.00990	0.00315	0.00450	0.02204	0.00720	0.00630
95	0.01932	0.45358	0.26757	0.01671	0.02492	0.05948	0.01877	0.02408	0.01628	0.02050	0.01194	0.01390	0.00991	0.00696	0.00592	0.00196	0.00969	0.00475	0.00334	0.01043
96	0.01196	0.00860	0.01185	0.01355	0.01521	0.00849	0.01153	0.01518	0.01746	0.02267	0.04294	0.16713	0.07366	0.02170	0.01054	0.00347	0.00666	0.52325	0.00715	0.00701
97	0.01977	0.01971	0.03125	0.02277	0.02982	0.06184	0.30915	0.10832	0.02025	0.02784	0.01520	0.01853	0.01175	0.00674	0.00768	0.00205	0.01008	0.00706	0.00467	0.26551
98	0.01815	0.01302	0.05576	0.01338	0.03712	0.01105	0.01075	0.09307	0.02235	0.15354	0.32251	0.06938	0.08731	0.01326	0.00846	0.00240	0.00557	0.01137	0.00785	0.04369
99	0.09655	0.11522	0.02396	0.01733	0.02253	0.29334	0.06464	0.08227	0.02067	0.08429	0.01499	0.01654	0.01163	0.00777	0.00669	0.00204	0.01025	0.00564	0.03826	0.06540
100	0.01139	0.03367	0.01133	0.00983	0.01208	0.00855	0.00751	0.01555	0.05023	0.02900	0.52255	0.05781	0.16976	0.01592	0.00895	0.00245	0.00398	0.01383	0.00810	0.00750
101	0.00957	0.00680	0.00896	0.01064	0.01106	0.00638	0.00703	0.01083	0.01461	0.01948	0.04153	0.67806	0.04976	0.07076	0.01185	0.00344	0.00470	0.02133	0.00703	0.00619
102	0.01603	0.03494	0.53966	0.06225	0.11658	0.01826	0.02715	0.02395	0.01630	0.02415	0.01383	0.01699	0.01018	0.00759	0.00819	0.00248	0.04084	0.00599	0.00336	0.01128
103	0.02023	0.04228	0.01961	0.15398	0.06846	0.01536	0.01408	0.02653	0.11991	0.18756	0.08267	0.04906	0.07511	0.01121	0.00968	0.00257	0.07582	0.00907	0.00652	0.01027
104	0.01461	0.00767	0.00789	0.00770	0.00962	0.00769	0.00581	0.03495	0.01722	0.02960	0.07224	0.03073	0.02356	0.00954	0.00575	0.00187	0.00375	0.00771	0.69471	0.00739
105	0.00945	0.00675	0.00900	0.01080	0.01125	0.00630	0.00720	0.01080	0.01484	0.01979	0.04274	0.72245	0.05128	0.02429	0.00990	0.00315	0.00450	0.02204	0.00720	0.00630
106	0.04954	0.01784	0.09571	0.25293	0.11739	0.01680	0.01826	0.12915	0.02022	0.08502	0.05376	0.07274	0.01806	0.00964	0.00782	0.00250	0.00873	0.00823	0.00534	0.01033
107	0.03045	0.01884	0.02125	0.01635	0.02235	0.01994	0.01349	0.45975	0.03178	0.22570	0.02219	0.02114	0.01509	0.00938	0.00769	0.00233	0.00782	0.00722	0.03426	0.01299
108	0.02073	0.73217	0.04063	0.01327	0.01990	0.03068	0.01327	0.02322	0.01575	0.01824	0.01078	0.01244	0.00995	0.00663	0.00498	0.00166	0.00829	0.00415	0.00332	0.00995
109	0.02733	0.05316	0.17221	0.01612	0.02317	0.01574	0.01575	0.14025	0.02305	0.35143	0.06432	0.02409	0.01898	0.00930	0.00765	0.00237	0.00794	0.00741	0.00748	0.01228
110	0.00945	0.00675	0.00900	0.01080	0.01125	0.00630	0.00720	0.01080	0.01484	0.01979	0.04274	0.72245	0.05128	0.02429	0.00990	0.00315	0.00450	0.02204	0.00720	0.00630
111	0.06067	0.02981	0.02328	0.06987	0.02659	0.44671	0.07173	0.10401	0.02230	0.02429	0.01373	0.01618	0.01088	0.00801	0.00717	0.00215	0.01220	0.00580	0.03511	0.00950
112	0.01083	0.00795	0.01016	0.00970	0.01161	0.00729	0.00734	0.01430	0.02134	0.02971	0.58808	0.06075	0.13825	0.01646	0.00920	0.00250	0.00381	0.03516	0.00834	0.00723
113	0.01698	0.01432	0.01656	0.01191	0.01876	0.01126	0.00956	0.06225	0.01745	0.02686	0.01411	0.01625	0.01160	0.00598	0.00588	0.00123	0.00593	0.00475	0.00481	0.72356
114	0.02486	0.30845	0.03031	0.04035	0.02323	0.02647	0.01448	0.34782	0.02625	0.03411	0.01490	0.01612	0.01164	0.00836	0.00743	0.00211	0.04017	0.00582	0.00561	0.01151
115	0.01555	0.04011	0.68733	0.02210	0.03356	0.01801	0.02865	0.02455	0.01637	0.02455	0.01391	0.01637	0.00982	0.00737	0.00737	0.00246	0.01146	0.00573	0.00327	0.01146
116	0.01555	0.04011	0.68733	0.02210	0.03356	0.01801	0.02865	0.02455	0.01637	0.02455	0.01391	0.01637	0.00982	0.00737	0.00737	0.00246	0.01146	0.00573	0.00327	0.01146
117	0.02749	0.05004	0.01855	0.01404	0.01919	0.01476	0.01157	0.13658	0.09907	0.35431	0.07613	0.02996	0.02348	0.01048	0.00777	0.00240	0.00660	0.03615	0.04954	0.01189
118	0.01713	0.00929	0.01234	0.01080	0.01371	0.00837	0.00837	0.02062	0.02201	0.20001	0.50845	0.04977	0.05921	0.01423	0.00880	0.00243	0.00442	0.01241	0.00881	0.00884
119	0.01019	0.00736	0.00963	0.01019	0.01139	0.00681	0.00721	0.01269	0.01842	0.02537	0.35403	0.37610	0.08166	0.02000	0.00950	0.00278	0.00407	0.01793	0.00785	0.00681
120	0.01653	0.01576	0.04513	0.20281	0.05975	0.05967	0.08932	0.02161	0.04961	0.04570	0.04097	0.04093	0.02323	0.01276	0.01017	0.02508	0.03996	0.18697	0.00519	0.00884
121	0.03131	0.01877	0.02145	0.01644	0.02258	0.01967	0.01358	0.44057	0.03153	0.26854	0.02275	0.02130	0.01526	0.00941	0.00777	0.00235	0.00786	0.00726	0.00839	0.01319
122	0.01060	0.00761	0.00992	0.01109	0.01202	0.00727	0.00775	0.03712	0.01685	0.02271	0.13135	0.57141	0.05257	0.02237	0.00974	0.00303	0.00466	0.04779	0.00741	0.00675
123	0.00956	0.00690	0.00908	0.01079	0.01141	0.00642	0.00735	0.01104	0.01512	0.02000	0.04459	0.66068	0.08463	0.02392	0.00989	0.00314	0.00458	0.04736	0.00720	0.00635
124	0.01434	0.01262	0.02089	0.37823	0.11491	0.01425	0.05109	0.01859	0.01587	0.02173	0.02097	0.16037	0.01979	0.01100	0.00799	0.00258	0.00846	0.01005	0.08774	0.00855
125	0.01347	0.00673	0.01010	0.01010	0.01010	0.00673	0.00673	0.01010	0.01010	0.01347	0.01347	0.02357	0.01347	0.02694	0.03030	0.77441	0.00673	0.00673	0.00337	0.00337
126	0.01319	0.01103	0.01188	0.01111	0.01419	0.01129	0.00849	0.02269	0.25100	0.02729	0.19209	0.05457	0.31006	0.01554	0.00870	0.00258	0.00466	0.01312	0.00774	0.00877
127	0.05257	0.01615	0.02598	0.22564	0.20927	0.01816	0.08044	0.04722	0.01689	0.05421	0.01517	0.02006	0.01200	0.00849	0.01028	0.00256	0.11609	0.00704	0.05170	0.01006
128	0.01653	0.01633	0.02307	0.04745	0.02130	0.02267	0.01672	0.01843	0.01205	0.01867	0.01094	0.01789	0.01072	0.01592	0.06369	0.00389	0.64501	0.00688	0.00344	0.00840
129	0.02116	0.60743	0.09053	0.01449	0.02140	0.05080	0.01465	0.06521	0.01737	0.02079	0.01159	0.01321	0.01016	0.00691	0.00542	0.00178	0.00875	0.00449	0.00363	0.01025
130	0.01129	0.00888	0.01134	0.04563	0.01502	0.00784	0.00830	0.01338	0.01538	0.02120	0.03682	0.47019	0.08399	0.01864	0.00873	0.00260	0.00505	0.01665	0.00638	0.19267
131	0.01753	0.02077	0.15540	0.01871	0.02595	0.01517	0.14730	0.08781	0.03943	0.02695	0.01657	0.04992	0.01367	0.00855	0.00836	0.03710	0.00870	0.00704	0.00469	0.29037
132	0.33564	0.01911	0.08022	0.01646	0.07261	0.06192	0.01297	0.05468	0.11897	0.08939	0.01760	0.01971	0.01360	0.04684	0.00817	0.00268	0.00758	0.00616	0.00556	0.01010
133	0.01464	0.01378	0.02326	0.70887	0.05340	0.01723	0.02153	0.01981	0.01550	0.01981	0.01378	0.02067	0.01034	0.00775	0.00775	0.00258	0.01034	0.00689	0.00345	0.00861
134	0.05626	0.01827	0.03449	0.08919	0.08309	0.01822	0.38263	0.05277	0.06525	0.02659	0.01797	0.04672	0.01430	0.00790	0.00837	0.00254	0.01066	0.00877	0.04576	0.01025
135	0.01992	0.01767	0.02848	0.12076	0.34382	0.01869	0.08000	0.10260	0.01956	0.05677	0.01825	0.02203	0.04117	0.00850	0.00935	0.00248	0.06648	0.00757	0.00466	0.01124
136	0.01033	0.00781	0.01097	0.01193	0.01263	0.00771	0.02857	0.01187	0.01472	0.01974	0.03912	0.59528	0.04634	0.06957	0.01256	0.00345	0.03675	0.04743	0.00675	0.00646
137	0.00989	0.00700	0.00919	0.01077	0.01126	0.00663	0.00728	0.01124	0.01463	0.01947	0.04042	0.59585	0.04803	0.10840	0.01350	0.00370	0.00505	0.06463	0.00689	0.00617
138	0.01828	0.01551	0.01932	0.01399	0.02084	0.01309	0.05658	0.11631	0.01934	0.02882	0.01465	0.01681	0.01176	0.00634	0.00630	0.00143	0.00670	0.00529	0.00503	0.60359
139	0.27270	0.04982	0.11683	0.13231	0.05623	0.01902	0.06233	0.05441	0.01608	0.05393	0.01337	0.01669	0.01027	0.00814	0.00866	0.00252	0.08672	0.00591	0.00437	0.00970
140	0.00953	0.00678	0.00897	0.01069	0.01112	0.00635	0.00709	0.01082	0.01468	0.01958	0.04191	0.69225	0.05024	0.05591	0.01123	0.00335	0.00463	0.02156	0.00709	0.00623
141	0.00987	0.00714	0.00941	0.01098	0.01180	0.00668	0.00776	0.01163	0.01572	0.02079	0.07313	0.57250	0.09273	0.02326	0.00991	0.00313	0.00475	0.09510	0.00725	0.00646
142	0.02745	0.01902	0.02216	0.04977	0.06740	0.02038	0.01466	0.40510	0.08800	0.14179	0.02094	0.02077	0.01480	0.00908	0.00768	0.00232	0.00802	0.00716	0.00746	0.04603
143	0.01158	0.00904	0.01279	0.07506	0.04577	0.00976	0.01028	0.01374	0.01486	0.02064	0.03367	0.46526	0.03831	0.02105	0.03573	0.00334	0.07401	0.03641	0.06161	0.00710
144	0.01462	0.01189	0.01345	0.01255	0.01549	0.01276	0.00954	0.02649	0.32059	0.03021	0.28947	0.10192	0.08070	0.01429	0.00863	0.00260	0.00490	0.01238	0.00805	0.00950
145	0.01464	0.01378	0.02326	0.70887	0.05340	0.01723	0.02153	0.01981	0.01550	0.01981	0.01378	0.02067	0.01034	0.00775	0.00775	0.00258	0.01034	0.00689	0.00345	0.00861
146	0.00951	0.00677	0.00898	0.01072	0.01116	0.00634	0.00712	0.01081	0.01473	0.01964	0.04215	0.70090	0.05054	0.04685	0.01085	0.00329	0.00460	0.02170	0.00712	0.00625
147	0.01702	0.01714	0.02471	0.02089	0.02124	0.02357	0.04459	0.01893	0.01215	0.01893	0.01042	0.01714	0.01025	0.01326	0.02474	0.00336	0.68280	0.00689	0.00342	0.00857
148	0.01739	0.01823	0.03077	0.02429	0.02680	0.02243	0.21940	0.02063	0.01393	0.02063	0.01194	0.01823	0.01068	0.01132	0.02024	0.00314	0.48974	0.00754	0.00356	0.00911
149	0.00956	0.00693	0.00903	0.01049	0.01122	0.00640	0.00711	0.01115	0.01565	0.02084	0.09919	0.61886	0.09846	0.02323	0.00978	0.00305	0.00439	0.02095	0.00731	0.00640
150	0.01702	0.01375	0.01649	0.04200	0.01998	0.01069	0.00984	0.02052	0.01638	0.06051	0.01469	0.01683	0.01185	0.00604	0.00594	0.00128	0.00599	0.00487	0.00481	0.70051
151	0.02447	0.01386	0.01825	0.05995	0.02185	0.01294	0.03697	0.06095	0.09618	0.31173	0.02921	0.05256	0.06592	0.01000	0.00765	0.00226	0.00672	0.00841	0.00749	0.15264
152	0.07631	0.07907	0.02005	0.01409	0.01949	0.01594	0.01172	0.12049	0.02091	0.29094	0.02189	0.05538	0.01635	0.00953	0.00851	0.00223	0.06311	0.00720	0.00699	0.13978
153	0.02251	0.03651	0.05069	0.01549	0.05381	0.01340	0.01210	0.06712	0.12286	0.25719	0.14858	0.10928	0.03203	0.01219	0.00818	0.00250	0.00630	0.01040	0.00793	0.01094

[dist]
# distance from previous block
# <min> <max>
10	13

[block]
# block no. 2 follows, 25 sequences, length 42
# corresponding to MSA columns:
# 325-366
name=unknown_C
#
# <colnr> <probs for GDERKNQSTAVLIFYWHMCP>
#	G	D	E	R	K	N	Q	S	T	A	V	L	I	F	Y	W	H	M	C	P
0	0.02213	0.41433	0.11802	0.01604	0.02273	0.11903	0.01560	0.10040	0.06319	0.02375	0.01369	0.01501	0.01125	0.00750	0.00609	0.00195	0.00937	0.00512	0.00424	0.01055
1	0.24481	0.14545	0.21729	0.02044	0.08281	0.02045	0.09009	0.02352	0.01546	0.02637	0.01256	0.01537	0.00987	0.00732	0.00720	0.00235	0.03912	0.00554	0.00386	0.01012
2	0.02246	0.13785	0.13818	0.01840	0.05393	0.02006	0.04979	0.23389	0.02349	0.08440	0.01892	0.06378	0.01522	0.00914	0.00725	0.00224	0.00848	0.00739	0.04890	0.03624
3	0.01445	0.00723	0.00723	0.00723	0.00903	0.00723	0.00542	0.01807	0.01626	0.02891	0.02529	0.02891	0.01987	0.00903	0.00542	0.00181	0.00361	0.00723	0.77055	0.00723
4	0.01524	0.00933	0.01241	0.05879	0.01616	0.00923	0.00933	0.05078	0.01785	0.11928	0.11121	0.33055	0.04008	0.05792	0.04401	0.00352	0.00634	0.04103	0.03897	0.00796
5	0.02283	0.01691	0.02263	0.15805	0.05403	0.06240	0.08938	0.10631	0.10392	0.16866	0.04029	0.02394	0.01707	0.00887	0.00774	0.00241	0.00857	0.00771	0.06740	0.01086
6	0.01423	0.00872	0.01180	0.01309	0.04851	0.00801	0.00897	0.01636	0.01705	0.12616	0.07714	0.42482	0.11353	0.01988	0.00938	0.00292	0.00515	0.05896	0.00747	0.00785
7	0.01034	0.00748	0.00906	0.00974	0.01129	0.00667	0.00689	0.01224	0.01694	0.04256	0.13364	0.39324	0.26934	0.02116	0.00948	0.00285	0.00426	0.01863	0.00744	0.00673
8	0.14055	0.01836	0.02103	0.06394	0.09549	0.02033	0.01484	0.35001	0.07051	0.03891	0.01949	0.02457	0.01561	0.00975	0.00756	0.00248	0.00805	0.06049	0.00655	0.01147
9	0.04732	0.13660	0.36620	0.02193	0.06090	0.02045	0.08417	0.05311	0.01727	0.05282	0.01420	0.01679	0.01067	0.00775	0.00836	0.00240	0.05809	0.00604	0.00391	0.01101
10	0.03243	0.01304	0.01748	0.01364	0.01928	0.01155	0.01118	0.03648	0.05639	0.60777	0.07210	0.02855	0.02290	0.01005	0.00789	0.00241	0.00638	0.00825	0.00944	0.01277
11	0.01323	0.01255	0.02288	0.04071	0.04300	0.01184	0.23109	0.01688	0.01716	0.02297	0.11186	0.24276	0.10998	0.05305	0.01090	0.00300	0.00779	0.01442	0.00587	0.00806
12	0.02509	0.05073	0.12265	0.03648	0.02346	0.04660	0.01516	0.25995	0.02580	0.18225	0.06633	0.02613	0.06453	0.01002	0.00775	0.00236	0.00818	0.00789	0.00702	0.01163
13	0.13606	0.01673	0.02801	0.32587	0.09023	0.01841	0.18612	0.06267	0.01740	0.02576	0.01420	0.01924	0.01075	0.00738	0.00766	0.00253	0.01019	0.00708	0.00409	0.00964
14	0.01653	0.01626	0.05329	0.02182	0.02685	0.01513	0.29236	0.02330	0.09654	0.06036	0.09300	0.17263	0.02820	0.01214	0.00954	0.00272	0.03187	0.01203	0.00583	0.00960
15	0.01985	0.06067	0.05316	0.15795	0.06545	0.04148	0.10028	0.05628	0.22132	0.07219	0.02060	0.02243	0.01549	0.00886	0.00877	0.00253	0.04866	0.00757	0.00554	0.01092
16	0.01741	0.07043	0.20064	0.06762	0.09165	0.01934	0.35020	0.02392	0.01736	0.02397	0.01545	0.03771	0.01218	0.00732	0.00826	0.00250	0.01166	0.00801	0.00378	0.01061
