[name]
unknown

[dist]
# distance from previous block
# <min> <max>
0	81

[block]
# block no. 0 follows, 24 sequences, length 17
# corresponding to MSA columns:
# 81-97
name=unknown_A
#
# <colnr> <probs for GDERKNQSTAVLIFYWHMCP>
#	G	D	E	R	K	N	Q	S	T	A	V	L	I	F	Y	W	H	M	C	P
0	0.42737	0.06383	0.09060	0.01417	0.01996	0.01776	0.03932	0.02572	0.01590	0.13805	0.01612	0.01913	0.01233	0.00856	0.00704	0.00251	0.03726	0.02902	0.00544	0.00989
1	0.01950	0.24451	0.29616	0.01881	0.02723	0.02164	0.06410	0.06759	0.01860	0.06428	0.01875	0.02226	0.04068	0.00867	0.00719	0.00232	0.00981	0.03244	0.00446	0.01100
2	0.05937	0.51229	0.17348	0.01534	0.02303	0.02703	0.01654	0.02470	0.01642	0.05156	0.01264	0.01424	0.01051	0.00711	0.00573	0.00194	0.00896	0.00476	0.00376	0.01057
3	0.54678	0.01694	0.03865	0.01186	0.01694	0.05693	0.00995	0.02366	0.01504	0.06815	0.01473	0.05959	0.01246	0.00855	0.00573	0.00237	0.00676	0.00582	0.00521	0.07386
4	0.05296	0.01241	0.01646	0.01305	0.01814	0.01099	0.01052	0.03306	0.02161	0.52381	0.11724	0.03270	0.02748	0.05996	0.01032	0.00282	0.00638	0.00898	0.00917	0.01192
5	0.01874	0.05915	0.22150	0.07112	0.03663	0.02060	0.30741	0.08045	0.01916	0.02653	0.01512	0.01921	0.01133	0.00767	0.00935	0.00260	0.05073	0.00764	0.00409	0.01098
6	0.01001	0.00709	0.00923	0.01066	0.01116	0.00667	0.00704	0.01138	0.01523	0.02044	0.08542	0.58445	0.05100	0.11361	0.01395	0.00374	0.00494	0.02055	0.00713	0.00630
7	0.01850	0.02206	0.08089	0.09748	0.09626	0.06526	0.40728	0.02442	0.01831	0.02422	0.01691	0.05914	0.01393	0.00801	0.00885	0.00262	0.01221	0.00914	0.00410	0.01040
8	0.01478	0.00739	0.00739	0.00739	0.00924	0.00739	0.00554	0.01848	0.01663	0.02956	0.02587	0.02956	0.02033	0.00924	0.00554	0.00185	0.00370	0.00739	0.76534	0.00739
9	0.01943	0.01392	0.01330	0.01185	0.01514	0.06004	0.00922	0.13318	0.14251	0.03310	0.02495	0.02667	0.01917	0.00950	0.00655	0.00211	0.00580	0.00749	0.43651	0.00956
10	0.01155	0.00813	0.01056	0.01015	0.01201	0.00759	0.00774	0.01528	0.02180	0.03109	0.58443	0.05957	0.06945	0.01619	0.00923	0.00254	0.00399	0.05663	0.05460	0.00746
11	0.02525	0.01464	0.01733	0.01465	0.01952	0.01513	0.01164	0.03780	0.33134	0.29472	0.10020	0.03172	0.02779	0.01096	0.00817	0.00257	0.00619	0.00914	0.00885	0.01239
12	0.01139	0.00846	0.01070	0.01053	0.01243	0.00800	0.00791	0.01562	0.05331	0.02897	0.46492	0.14476	0.12115	0.01773	0.00948	0.00268	0.00422	0.05189	0.00831	0.00753
13	0.01616	0.03925	0.62312	0.02358	0.03496	0.01856	0.08463	0.02514	0.01692	0.02514	0.01439	0.01716	0.01022	0.00746	0.00770	0.00253	0.01187	0.00618	0.00341	0.01163
14	0.01675	0.01728	0.03258	0.36289	0.06481	0.01927	0.25077	0.02216	0.01658	0.02220	0.01444	0.02078	0.01115	0.00808	0.01039	0.00273	0.08594	0.00789	0.00371	0.00960
15	0.01146	0.00741	0.00989	0.01117	0.01210	0.00685	0.00765	0.01310	0.01614	0.06399	0.08315	0.62865	0.05174	0.02330	0.00993	0.00312	0.00469	0.02106	0.00761	0.00697
16	0.05060	0.08844	0.04829	0.01940	0.02430	0.50737	0.01548	0.11033	0.02343	0.02401	0.01308	0.01484	0.01058	0.00819	0.00704	0.00209	0.01279	0.00531	0.00453	0.00990

[dist]
# distance from previous block
# <min> <max>
1	3

[block]
# block no. 1 follows, 24 sequences, length 33
# corresponding to MSA columns:
# 101-133
name=unknown_B
#
# <colnr> <probs for GDERKNQSTAVLIFYWHMCP>
#	G	D	E	R	K	N	Q	S	T	A	V	L	I	F	Y	W	H	M	C	P
0	0.03112	0.01845	0.02107	0.01625	0.02227	0.01928	0.01339	0.40641	0.03123	0.25986	0.02354	0.02230	0.01593	0.00960	0.00781	0.00238	0.00778	0.00743	0.05074	0.01315
1	0.72632	0.01521	0.01212	0.01068	0.01567	0.01737	0.00880	0.02436	0.01413	0.07971	0.01243	0.01385	0.00935	0.00753	0.00512	0.00245	0.00618	0.00455	0.00524	0.00893
2	0.01753	0.01892	0.03750	0.02778	0.03368	0.01894	0.43511	0.02267	0.01711	0.02388	0.01735	0.08119	0.01527	0.00947	0.01208	0.00276	0.13254	0.00977	0.00426	0.06218
3	0.09629	0.01336	0.01711	0.01353	0.01910	0.01223	0.01107	0.03543	0.05431	0.53263	0.08552	0.02875	0.02377	0.01021	0.00784	0.00247	0.00641	0.00827	0.00921	0.01250
4	0.02048	0.01356	0.01568	0.01366	0.01790	0.01399	0.01068	0.03231	0.30915	0.17286	0.14531	0.06283	0.07679	0.01244	0.00834	0.00255	0.00570	0.01053	0.00833	0.04688
5	0.01726	0.01656	0.02804	0.36734	0.25584	0.01842	0.07526	0.02397	0.07303	0.02371	0.01613	0.02140	0.01255	0.00778	0.00804	0.00255	0.01005	0.00742	0.00410	0.01055
6	0.01630	0.01481	0.02379	0.64235	0.05199	0.01823	0.02141	0.07501	0.01773	0.02286	0.01453	0.02096	0.01083	0.00807	0.00793	0.00262	0.01041	0.00706	0.00391	0.00922
7	0.01814	0.02026	0.04323	0.13682	0.04348	0.01968	0.54704	0.02461	0.01827	0.02461	0.01574	0.02135	0.01181	0.00688	0.00914	0.00267	0.01294	0.00900	0.00394	0.01040
8	0.01142	0.00817	0.01060	0.01053	0.01195	0.00800	0.00775	0.01445	0.01958	0.02802	0.41961	0.22407	0.06125	0.01772	0.01000	0.00267	0.03705	0.01550	0.07439	0.00726
9	0.01007	0.00802	0.00915	0.00985	0.01194	0.00710	0.00755	0.01226	0.01755	0.02163	0.06607	0.20199	0.43293	0.02134	0.00981	0.00297	0.00475	0.13090	0.00735	0.00676
10	0.01498	0.01409	0.02378	0.70226	0.05462	0.01762	0.02202	0.02026	0.01586	0.02026	0.01409	0.02114	0.01057	0.00793	0.00793	0.00264	0.01057	0.00705	0.00352	0.00881
11	0.01936	0.01792	0.02930	0.21329	0.45698	0.01903	0.02293	0.07787	0.01918	0.02658	0.01507	0.01996	0.01213	0.00750	0.00788	0.00243	0.00965	0.00707	0.00417	0.01168
12	0.06535	0.01360	0.01803	0.01384	0.01997	0.01186	0.01142	0.03710	0.02201	0.61891	0.02961	0.02589	0.01879	0.00952	0.00774	0.00239	0.00668	0.00766	0.00936	0.05029
13	0.06008	0.01948	0.02231	0.01779	0.02339	0.02155	0.04459	0.34442	0.20150	0.09954	0.02292	0.02240	0.01655	0.00981	0.00860	0.00253	0.03450	0.00769	0.00764	0.01270
14	0.01105	0.00804	0.01040	0.00993	0.01177	0.00739	0.00740	0.01459	0.02187	0.03070	0.60714	0.09224	0.10406	0.01683	0.00939	0.00254	0.00380	0.01486	0.00859	0.00739
15	0.01769	0.01394	0.01517	0.01443	0.01767	0.01395	0.01087	0.07830	0.19796	0.03050	0.09323	0.14881	0.22218	0.01847	0.01024	0.00332	0.00649	0.06768	0.00854	0.01055
16	0.00966	0.00690	0.00920	0.01104	0.01150	0.00644	0.00736	0.01104	0.01518	0.02024	0.04371	0.71614	0.05245	0.02484	0.01012	0.00322	0.00460	0.02254	0.00736	0.00644
17	0.71064	0.01758	0.07021	0.01149	0.01700	0.01784	0.01040	0.02347	0.01378	0.03466	0.01132	0.01322	0.00872	0.00738	0.00514	0.00246	0.00662	0.00443	0.00477	0.00886
18	0.01498	0.01409	0.02378	0.70226	0.05462	0.01762	0.02202	0.02026	0.01586	0.02026	0.01409	0.02114	0.01057	0.00793	0.00793	0.00264	0.01057	0.00705	0.00352	0.00881
19	0.02816	0.15735	0.02579	0.01924	0.02379	0.57516	0.01502	0.03029	0.02137	0.01928	0.01204	0.01403	0.01021	0.00793	0.00679	0.00198	0.01329	0.00496	0.00397	0.00936
20	0.01590	0.04102	0.68023	0.02260	0.03432	0.01842	0.02930	0.02511	0.01674	0.02511	0.01423	0.01674	0.01005	0.00753	0.00753	0.00251	0.01172	0.00586	0.00335	0.01172
21	0.01223	0.00823	0.00922	0.00901	0.00925	0.00832	0.00519	0.03535	0.01250	0.01668	0.02476	0.05066	0.02825	0.69457	0.03914	0.00749	0.00773	0.01137	0.00492	0.00513
22	0.01823	0.02227	0.09920	0.09121	0.09716	0.01959	0.48163	0.02484	0.01824	0.02498	0.01562	0.02081	0.01178	0.00690	0.00894	0.00263	0.01264	0.00865	0.00390	0.01079
23	0.01590	0.04102	0.68023	0.02260	0.03432	0.01842	0.02930	0.02511	0.01674	0.02511	0.01423	0.01674	0.01005	0.00753	0.00753	0.00251	0.01172	0.00586	0.00335	0.01172
24	0.00973	0.00766	0.00884	0.00971	0.01144	0.00677	0.00705	0.01161	0.01693	0.02112	0.06295	0.33235	0.37780	0.02211	0.00979	0.00296	0.00449	0.06268	0.00736	0.00664
25	0.01083	0.00833	0.00997	0.00977	0.01191	0.00759	0.00737	0.01439	0.03889	0.02730	0.38606	0.10022	0.27378	0.01810	0.00944	0.00266	0.00412	0.04387	0.00810	0.00730
26	0.00966	0.00690	0.00920	0.01104	0.01150	0.00644	0.00736	0.01104	0.01518	0.02024	0.04371	0.71614	0.05245	0.02484	0.01012	0.00322	0.00460	0.02254	0.00736	0.00644
27	0.01498	0.01409	0.02378	0.70226	0.05462	0.01762	0.02202	0.02026	0.01586	0.02026	0.01409	0.02114	0.01057	0.00793	0.00793	0.00264	0.01057	0.00705	0.00352	0.00881
28	0.01110	0.00802	0.01035	0.00991	0.01164	0.00741	0.00730	0.01449	0.02142	0.03010	0.58657	0.09299	0.09070	0.04996	0.01085	0.00278	0.00398	0.01471	0.00843	0.00728
29	0.01789	0.05005	0.03121	0.02394	0.02644	0.02345	0.18836	0.02102	0.01412	0.02079	0.01198	0.01825	0.01084	0.01159	0.02053	0.00317	0.48595	0.00748	0.00361	0.00929
30	0.02518	0.65288	0.04169	0.01646	0.02310	0.05806	0.01505	0.02637	0.01874	0.02251	0.01533	0.01871	0.01415	0.00963	0.00703	0.00250	0.00993	0.00570	0.00488	0.01210
31	0.64458	0.01461	0.01263	0.07119	0.01849	0.01689	0.00967	0.02233	0.01447	0.03391	0.06766	0.01759	0.01445	0.00817	0.00555	0.00247	0.00632	0.00540	0.00511	0.00851
32	0.02036	0.01793	0.03088	0.12982	0.49074	0.01813	0.06547	0.02514	0.01822	0.08238	0.01632	0.02059	0.01289	0.00739	0.00798	0.00242	0.00961	0.00730	0.00440	0.01203

[dist]
# distance from previous block
# <min> <max>
0	2

[block]
# block no. 2 follows, 24 sequences, length 8
# corresponding to MSA columns:
# 136-143
name=unknown_C
#
# <colnr> <probs for GDERKNQSTAVLIFYWHMCP>
#	G	D	E	R	K	N	Q	S	T	A	V	L	I	F	Y	W	H	M	C	P
0	0.01847	0.01047	0.01384	0.01231	0.01522	0.01017	0.00964	0.02259	0.05117	0.20323	0.34964	0.10252	0.05067	0.01505	0.01005	0.00266	0.04719	0.03729	0.00850	0.00932
1	0.02253	0.01506	0.01868	0.01420	0.01992	0.01397	0.01159	0.07404	0.01905	0.19271	0.01832	0.01947	0.01369	0.00834	0.00954	0.00193	0.10950	0.00606	0.00608	0.40532
2	0.01724	0.02162	0.11693	0.06338	0.03555	0.01933	0.38344	0.02294	0.01698	0.02367	0.01700	0.07513	0.01465	0.00945	0.01181	0.00282	0.12446	0.00946	0.00408	0.01006
3	0.08853	0.02656	0.02208	0.01824	0.02362	0.24432	0.01451	0.36006	0.06396	0.03779	0.01687	0.01755	0.01259	0.00897	0.00744	0.00229	0.01024	0.00634	0.00642	0.01162
4	0.01141	0.00819	0.01118	0.01118	0.01205	0.00906	0.00796	0.01315	0.01228	0.01725	0.02267	0.03909	0.02327	0.31281	0.44127	0.01081	0.01605	0.00966	0.00446	0.00621
5	0.01794	0.01431	0.01738	0.11676	0.02365	0.03555	0.01315	0.07637	0.14165	0.06754	0.02883	0.14376	0.04391	0.01362	0.00957	0.00270	0.04975	0.08351	0.00649	0.09357
6	0.00992	0.00705	0.00928	0.01079	0.01134	0.00661	0.00720	0.01140	0.01555	0.02089	0.09506	0.61663	0.05276	0.07039	0.01207	0.00346	0.00473	0.02112	0.00731	0.00642
7	0.01770	0.01707	0.02964	0.31162	0.38618	0.01842	0.05924	0.02275	0.01721	0.02360	0.01465	0.02034	0.01173	0.00739	0.00797	0.00249	0.01011	0.00719	0.00377	0.01094

[dist]
# distance from previous block
# <min> <max>
0	1

[block]
# block no. 3 follows, 24 sequences, length 18
# corresponding to MSA columns:
# 145-162
name=unknown_D
#
# <colnr> <probs for GDERKNQSTAVLIFYWHMCP>
#	G	D	E	R	K	N	Q	S	T	A	V	L	I	F	Y	W	H	M	C	P
0	0.01926	0.33157	0.35597	0.01859	0.02760	0.07813	0.02149	0.02506	0.01694	0.02191	0.01271	0.01484	0.01011	0.00727	0.00646	0.00213	0.01055	0.00511	0.00343	0.01086
1	0.01142	0.00788	0.00901	0.00919	0.00968	0.00773	0.00577	0.01202	0.01296	0.01692	0.03295	0.05851	0.10234	0.57044	0.03385	0.00671	0.00724	0.07478	0.00535	0.00527
2	0.01823	0.01856	0.03459	0.19111	0.24769	0.01907	0.25193	0.02512	0.06559	0.02496	0.01644	0.02137	0.01278	0.00740	0.00844	0.00256	0.01091	0.00805	0.00417	0.01101
3	0.00966	0.00690	0.00920	0.01104	0.01150	0.00644	0.00736	0.01104	0.01518	0.02024	0.04371	0.71614	0.05245	0.02484	0.01012	0.00322	0.00460	0.02254	0.00736	0.00644
4	0.01153	0.00769	0.00865	0.00865	0.00865	0.00769	0.00480	0.01153	0.01153	0.01538	0.02499	0.05189	0.02883	0.72131	0.04036	0.00769	0.00769	0.01153	0.00480	0.00480
5	0.01972	0.01671	0.01784	0.01613	0.02051	0.01920	0.01269	0.06887	0.58248	0.03329	0.03234	0.03336	0.02523	0.01150	0.00827	0.00274	0.00647	0.05242	0.00801	0.01222
6	0.01715	0.01631	0.02771	0.39653	0.34334	0.01819	0.02311	0.02217	0.01689	0.02290	0.01448	0.02043	0.01150	0.00752	0.00789	0.00251	0.01003	0.00706	0.00371	0.01056
7	0.01153	0.00769	0.00865	0.00865	0.00865	0.00769	0.00480	0.01153	0.01153	0.01538	0.02499	0.05189	0.02883	0.72131	0.04036	0.00769	0.00769	0.01153	0.00480	0.00480
8	0.02772	0.01228	0.01602	0.01286	0.01765	0.01115	0.01040	0.07027	0.02312	0.43074	0.18579	0.03456	0.03279	0.01132	0.00813	0.00241	0.00591	0.00943	0.06590	0.01157
9	0.07555	0.01691	0.02585	0.33159	0.26606	0.01896	0.02094	0.10223	0.01921	0.02722	0.01479	0.01972	0.01150	0.00779	0.00768	0.00249	0.00960	0.00686	0.00434	0.01072
10	0.02046	0.63073	0.13045	0.01483	0.02230	0.02957	0.01576	0.02394	0.01620	0.01956	0.01147	0.01328	0.01016	0.00689	0.00543	0.00181	0.00893	0.00447	0.00339	0.01039
11	0.77733	0.01534	0.01166	0.01043	0.01534	0.01779	0.00859	0.02331	0.01350	0.03558	0.01104	0.01288	0.00859	0.00736	0.00491	0.00245	0.00613	0.00429	0.00491	0.00859
12	0.01963	0.01884	0.03219	0.04867	0.67185	0.01884	0.02434	0.02434	0.01806	0.02591	0.01492	0.01963	0.01256	0.00707	0.00785	0.00236	0.00942	0.00707	0.00393	0.01256
13	0.01711	0.00963	0.00987	0.00903	0.01156	0.00999	0.00698	0.11332	0.01975	0.03265	0.02484	0.02797	0.01929	0.00928	0.00590	0.00193	0.00446	0.00735	0.65076	0.00831
14	0.02150	0.01792	0.01893	0.01650	0.02130	0.02056	0.01298	0.14516	0.55160	0.03604	0.03001	0.02778	0.02238	0.01055	0.00805	0.00264	0.00669	0.00865	0.00805	0.01271
15	0.01064	0.00808	0.00978	0.00936	0.01149	0.00723	0.00702	0.01383	0.02106	0.02850	0.48112	0.06466	0.26343	0.01744	0.00936	0.00255	0.00383	0.01510	0.00830	0.00723
16	0.01939	0.01923	0.02978	0.18020	0.49949	0.06650	0.02322	0.02403	0.01792	0.02429	0.01456	0.01956	0.01199	0.00732	0.00782	0.00239	0.01000	0.00692	0.00385	0.01155
17	0.01006	0.00721	0.00919	0.01041	0.01109	0.00674	0.00693	0.01153	0.01560	0.02082	0.10690	0.51630	0.09098	0.12013	0.01418	0.00373	0.00490	0.01981	0.00715	0.00634

[dist]
# distance from previous block
# <min> <max>
0	2

[block]
# block no. 4 follows, 24 sequences, length 31
# corresponding to MSA columns:
# 165-195
name=unknown_E
#
# <colnr> <probs for GDERKNQSTAVLIFYWHMCP>
#	G	D	E	R	K	N	Q	S	T	A	V	L	I	F	Y	W	H	M	C	P
0	0.06163	0.13935	0.44030	0.02075	0.03056	0.02107	0.06093	0.08922	0.01871	0.02734	0.01418	0.01643	0.01046	0.00757	0.00717	0.00238	0.01070	0.00587	0.00396	0.01143
1	0.08936	0.03600	0.02161	0.01963	0.02378	0.63582	0.01478	0.03100	0.02175	0.02070	0.01216	0.01419	0.01008	0.00811	0.00697	0.00208	0.01365	0.00504	0.00415	0.00914
2	0.01512	0.01214	0.01296	0.01204	0.01553	0.01260	0.00923	0.02610	0.29643	0.05585	0.08219	0.08033	0.30674	0.01560	0.00877	0.00269	0.00513	0.01311	0.00784	0.00957
3	0.01872	0.02139	0.04679	0.03342	0.04144	0.02005	0.64305	0.02540	0.01872	0.02540	0.01604	0.02139	0.01203	0.00668	0.00936	0.00267	0.01337	0.00936	0.00401	0.01070
4	0.01099	0.00810	0.01028	0.00973	0.01170	0.00738	0.00730	0.01451	0.02190	0.03049	0.59363	0.06139	0.14968	0.01670	0.00936	0.00252	0.00378	0.01464	0.00856	0.00738
5	0.00977	0.00695	0.00917	0.01090	0.01133	0.00652	0.00721	0.01107	0.01496	0.01995	0.04259	0.67647	0.05104	0.06643	0.01193	0.00349	0.00479	0.02189	0.00721	0.00634
6	0.01001	0.00778	0.00915	0.00975	0.01156	0.00692	0.00717	0.01222	0.01789	0.02287	0.15900	0.27067	0.33979	0.02107	0.00972	0.00289	0.00440	0.06280	0.00757	0.00679
7	0.03014	0.02221	0.02380	0.01825	0.02459	0.02459	0.01507	0.64541	0.03728	0.04998	0.01904	0.01904	0.01349	0.00952	0.00793	0.00238	0.00873	0.00714	0.00793	0.01349
8	0.02521	0.39862	0.03248	0.01683	0.02233	0.34448	0.01440	0.02751	0.01914	0.01901	0.01161	0.01347	0.01019	0.00744	0.00607	0.00186	0.01125	0.00465	0.00372	0.00971
9	0.01478	0.00739	0.00739	0.00739	0.00924	0.00739	0.00554	0.01848	0.01663	0.02956	0.02587	0.02956	0.02033	0.00924	0.00554	0.00185	0.00370	0.00739	0.76534	0.00739
10	0.01644	0.01409	0.01644	0.01175	0.01879	0.01057	0.00940	0.01997	0.01644	0.02584	0.01409	0.01644	0.01175	0.00587	0.00587	0.00117	0.00587	0.00470	0.00470	0.76979
11	0.01683	0.01444	0.01662	0.01226	0.01901	0.01164	0.00977	0.02257	0.09162	0.02670	0.01623	0.01798	0.01321	0.00645	0.00613	0.00135	0.00592	0.00520	0.00509	0.68099
12	0.02175	0.62626	0.03878	0.01419	0.02038	0.02963	0.01376	0.02426	0.01619	0.05804	0.01219	0.01395	0.01076	0.00754	0.00695	0.00188	0.06479	0.00468	0.00378	0.01025
13	0.01620	0.01629	0.03018	0.34838	0.09554	0.01798	0.20577	0.02130	0.01659	0.02218	0.01689	0.07698	0.01454	0.00925	0.00973	0.00273	0.05700	0.00898	0.00401	0.00948
14	0.00966	0.00690	0.00920	0.01104	0.01150	0.00644	0.00736	0.01104	0.01518	0.02024	0.04371	0.71614	0.05245	0.02484	0.01012	0.00322	0.00460	0.02254	0.00736	0.00644
15	0.02408	0.02006	0.02353	0.13543	0.14577	0.09836	0.01707	0.23138	0.02447	0.07533	0.01754	0.02021	0.01323	0.00890	0.00867	0.00240	0.04896	0.00694	0.06641	0.01128
16	0.01454	0.00984	0.01206	0.01222	0.01441	0.00979	0.00904	0.02050	0.13923	0.09130	0.09708	0.36613	0.09499	0.01930	0.00944	0.00296	0.00519	0.05562	0.00786	0.00849
17	0.01153	0.00769	0.00865	0.00865	0.00865	0.00769	0.00480	0.01153	0.01153	0.01538	0.02499	0.05189	0.02883	0.72131	0.04036	0.00769	0.00769	0.01153	0.00480	0.00480
18	0.00966	0.00690	0.00920	0.01104	0.01150	0.00644	0.00736	0.01104	0.01518	0.02024	0.04371	0.71614	0.05245	0.02484	0.01012	0.00322	0.00460	0.02254	0.00736	0.00644
19	0.01894	0.01813	0.03021	0.12313	0.53651	0.01905	0.02322	0.02418	0.04048	0.02509	0.01518	0.02003	0.01262	0.00771	0.00895	0.00247	0.05109	0.00712	0.00400	0.01188
20	0.01972	0.01703	0.01793	0.01614	0.02062	0.01972	0.01255	0.04214	0.65752	0.03317	0.03228	0.02959	0.02421	0.01076	0.00807	0.00269	0.00628	0.00897	0.00807	0.01255
21	0.00966	0.00690	0.00920	0.01104	0.01150	0.00644	0.00736	0.01104	0.01518	0.02024	0.04371	0.71614	0.05245	0.02484	0.01012	0.00322	0.00460	0.02254	0.00736	0.00644
22	0.06382	0.02131	0.02355	0.02018	0.07563	0.02352	0.01536	0.53049	0.07168	0.04637	0.01912	0.01943	0.01382	0.00930	0.00779	0.00240	0.00851	0.00711	0.00748	0.01313
23	0.00960	0.00804	0.00835	0.00828	0.01085	0.00679	0.00621	0.01183	0.01862	0.02271	0.15343	0.07419	0.59473	0.01960	0.00937	0.00265	0.00398	0.01644	0.00753	0.00679
24	0.01963	0.01884	0.03219	0.04867	0.67185	0.01884	0.02434	0.02434	0.01806	0.02591	0.01492	0.01963	0.01256	0.00707	0.00785	0.00236	0.00942	0.00707	0.00393	0.01256
25	0.01701	0.01685	0.02363	0.02036	0.02044	0.02347	0.01693	0.01880	0.01218	0.01905	0.01103	0.01813	0.01094	0.01647	0.06376	0.00400	0.66783	0.00703	0.00351	0.00858
26	0.01777	0.02286	0.12282	0.03060	0.03858	0.01895	0.52481	0.02441	0.01824	0.02502	0.01765	0.06689	0.01447	0.00799	0.00918	0.00269	0.01258	0.00980	0.00415	0.01054
27	0.03282	0.01288	0.01752	0.01364	0.01929	0.01118	0.01118	0.03596	0.02267	0.60417	0.10341	0.03065	0.02589	0.01054	0.00813	0.00246	0.00641	0.00870	0.00969	0.01281
28	0.13746	0.01166	0.01412	0.06536	0.01723	0.01277	0.00987	0.13271	0.01633	0.02453	0.01436	0.02115	0.01265	0.01945	0.02075	0.44456	0.00740	0.00654	0.00453	0.00656
29	0.01707	0.01758	0.03438	0.22046	0.14028	0.01793	0.30699	0.02265	0.01765	0.02373	0.01812	0.05225	0.01550	0.00880	0.00886	0.00270	0.01123	0.04952	0.00421	0.01007
30	0.26023	0.07445	0.02109	0.01526	0.02108	0.02035	0.03897	0.22970	0.07518	0.14228	0.01885	0.01887	0.01351	0.00866	0.00685	0.00240	0.00758	0.00640	0.00678	0.01151

[dist]
# distance from previous block
# <min> <max>
0	1

[block]
# block no. 5 follows, 24 sequences, length 39
# corresponding to MSA columns:
# 197-235
name=unknown_F
#
# <colnr> <probs for GDERKNQSTAVLIFYWHMCP>
#	G	D	E	R	K	N	Q	S	T	A	V	L	I	F	Y	W	H	M	C	P
0	0.12464	0.07419	0.05228	0.08099	0.09715	0.02127	0.01566	0.25588	0.10667	0.03578	0.02055	0.02168	0.04137	0.00912	0.00736	0.00242	0.00822	0.00710	0.00612	0.01156
1	0.01970	0.01936	0.02968	0.12456	0.51590	0.06138	0.02277	0.02539	0.05692	0.02525	0.01570	0.02008	0.01288	0.00747	0.00783	0.00239	0.00968	0.00705	0.00414	0.01189
2	0.01855	0.01462	0.01721	0.01267	0.01928	0.01208	0.01019	0.04829	0.04536	0.07340	0.01619	0.01790	0.01288	0.00678	0.00686	0.00146	0.02908	0.00529	0.00530	0.62660
3	0.01049	0.00751	0.01008	0.01142	0.01239	0.00710	0.00829	0.01272	0.01714	0.02313	0.16779	0.48083	0.05577	0.02263	0.01011	0.00315	0.00488	0.12016	0.00762	0.00679
4	0.15449	0.01965	0.02015	0.01635	0.02195	0.02213	0.01329	0.37738	0.19996	0.04301	0.02124	0.02083	0.01553	0.00949	0.00745	0.00248	0.00763	0.00715	0.00745	0.01240
5	0.07904	0.41648	0.09546	0.01650	0.05029	0.06017	0.01514	0.02391	0.01668	0.04405	0.05079	0.01709	0.01429	0.00819	0.00751	0.00209	0.06263	0.00550	0.00410	0.01010
6	0.01498	0.01409	0.02378	0.70226	0.05462	0.01762	0.02202	0.02026	0.01586	0.02026	0.01409	0.02114	0.01057	0.00793	0.00793	0.00264	0.01057	0.00705	0.00352	0.00881
7	0.02239	0.15963	0.37711	0.01856	0.02780	0.01891	0.02146	0.02865	0.01829	0.20659	0.01842	0.01887	0.01275	0.00803	0.00721	0.00234	0.00973	0.00615	0.00517	0.01193
8	0.01896	0.01816	0.03098	0.14263	0.58312	0.01867	0.02400	0.02375	0.01774	0.02510	0.01480	0.01984	0.01227	0.00719	0.00786	0.00240	0.00959	0.00706	0.00387	0.01202
9	0.01020	0.00723	0.00956	0.01122	0.01179	0.00687	0.00774	0.01170	0.01519	0.02018	0.04173	0.58147	0.04943	0.09065	0.01309	0.00369	0.00520	0.08957	0.00711	0.00638
10	0.01554	0.01437	0.02415	0.28242	0.26860	0.01553	0.03870	0.01975	0.01659	0.02247	0.02137	0.18290	0.02112	0.01153	0.00846	0.00267	0.00885	0.01074	0.00458	0.00968
11	0.03525	0.01402	0.01873	0.01436	0.02051	0.01244	0.01186	0.07551	0.02358	0.63922	0.03054	0.02651	0.01926	0.00980	0.00797	0.00245	0.00687	0.00792	0.00970	0.01349
12	0.65582	0.01500	0.01221	0.01074	0.01555	0.01708	0.00881	0.05159	0.01521	0.06553	0.01338	0.01498	0.01014	0.00770	0.00523	0.00241	0.00611	0.00481	0.05875	0.00895
13	0.00974	0.00705	0.00922	0.01079	0.01148	0.00652	0.00729	0.01131	0.01582	0.02105	0.08560	0.63550	0.09131	0.02401	0.01003	0.00314	0.00451	0.02167	0.00745	0.00652
14	0.01644	0.01409	0.01644	0.01175	0.01879	0.01057	0.00940	0.01997	0.01644	0.02584	0.01409	0.01644	0.01175	0.00587	0.00587	0.00117	0.00587	0.00470	0.00470	0.76979
15	0.01498	0.01409	0.02378	0.70226	0.05462	0.01762	0.02202	0.02026	0.01586	0.02026	0.01409	0.02114	0.01057	0.00793	0.00793	0.00264	0.01057	0.00705	0.00352	0.00881
16	0.02885	0.02011	0.02180	0.01697	0.02285	0.02198	0.01393	0.51793	0.06594	0.09739	0.02121	0.02102	0.01505	0.00958	0.00776	0.00236	0.00805	0.00732	0.06693	0.01297
17	0.01153	0.00769	0.00865	0.00865	0.00865	0.00769	0.00480	0.01153	0.01153	0.01538	0.02499	0.05189	0.02883	0.72131	0.04036	0.00769	0.00769	0.01153	0.00480	0.00480
18	0.01776	0.03586	0.52714	0.02147	0.03113	0.04911	0.02587	0.02542	0.01710	0.06565	0.01617	0.02059	0.01229	0.00884	0.00913	0.00261	0.06509	0.03353	0.00398	0.01128
19	0.02519	0.01510	0.01748	0.01484	0.01984	0.01578	0.01179	0.03883	0.37172	0.28118	0.03495	0.03155	0.06341	0.01099	0.00812	0.00260	0.00631	0.00908	0.00870	0.01254
20	0.00960	0.00799	0.00838	0.00838	0.01087	0.00677	0.00625	0.01178	0.01845	0.02256	0.14583	0.10164	0.57457	0.01984	0.00940	0.00268	0.00401	0.01671	0.00752	0.00677
21	0.03014	0.02221	0.02380	0.01825	0.02459	0.02459	0.01507	0.64541	0.03728	0.04998	0.01904	0.01904	0.01349	0.00952	0.00793	0.00238	0.00873	0.00714	0.00793	0.01349
22	0.01644	0.01409	0.01644	0.01175	0.01879	0.01057	0.00940	0.01997	0.01644	0.02584	0.01409	0.01644	0.01175	0.00587	0.00587	0.00117	0.00587	0.00470	0.00470	0.76979
23	0.00985	0.00705	0.00937	0.01091	0.01154	0.00657	0.00738	0.01152	0.01607	0.02166	0.12003	0.63579	0.05518	0.02379	0.01003	0.00313	0.00450	0.02154	0.00753	0.00657
24	0.01872	0.02139	0.04679	0.03342	0.04144	0.02005	0.64305	0.02540	0.01872	0.02540	0.01604	0.02139	0.01203	0.00668	0.00936	0.00267	0.01337	0.00936	0.00401	0.01070
25	0.01730	0.01863	0.03735	0.02914	0.06603	0.01877	0.42641	0.02238	0.01717	0.02373	0.01893	0.11669	0.01739	0.01033	0.01198	0.00286	0.11994	0.01069	0.00439	0.00989
26	0.01927	0.01847	0.03154	0.09922	0.62411	0.01875	0.02416	0.02402	0.01789	0.02547	0.01485	0.01974	0.01241	0.00713	0.00786	0.00238	0.00951	0.00706	0.00389	0.01227
27	0.02120	0.72609	0.04155	0.01357	0.02035	0.03138	0.01357	0.02374	0.01611	0.01866	0.01102	0.01272	0.01018	0.00678	0.00509	0.00170	0.00848	0.00424	0.00339	0.01018
28	0.01009	0.00792	0.00912	0.00912	0.01123	0.00695	0.00673	0.01266	0.01933	0.02511	0.29253	0.14800	0.37448	0.01924	0.00946	0.00268	0.00399	0.01656	0.00787	0.00695
29	0.01811	0.02242	0.09790	0.03159	0.03960	0.01935	0.56553	0.02478	0.01841	0.02516	0.01704	0.04995	0.01355	0.00751	0.00924	0.00268	0.01287	0.00962	0.00410	0.01060
30	0.01918	0.01897	0.03414	0.08750	0.52546	0.01897	0.12947	0.02426	0.01803	0.02546	0.01506	0.02002	0.01234	0.00706	0.00811	0.00243	0.01017	0.00745	0.00391	0.01201
31	0.02505	0.01118	0.01494	0.01225	0.01659	0.00983	0.00980	0.02833	0.02240	0.39990	0.27893	0.04157	0.06901	0.01273	0.00857	0.00248	0.00547	0.01081	0.00929	0.01088
32	0.03014	0.03431	0.02229	0.01971	0.02419	0.56838	0.01501	0.09559	0.02402	0.07345	0.01443	0.01577	0.01128	0.00844	0.00729	0.00211	0.01314	0.00554	0.00493	0.00997
33	0.01685	0.03845	0.57713	0.06331	0.05737	0.06091	0.02781	0.02522	0.01710	0.02449	0.01412	0.01695	0.01018	0.00758	0.00754	0.00248	0.01173	0.00592	0.00343	0.01142
34	0.00987	0.00705	0.00941	0.01109	0.01169	0.00660	0.00755	0.01147	0.01575	0.02109	0.08319	0.65324	0.05363	0.02420	0.01010	0.00319	0.00464	0.04225	0.00745	0.00654
35	0.01498	0.01409	0.02378	0.70226	0.05462	0.01762	0.02202	0.02026	0.01586	0.02026	0.01409	0.02114	0.01057	0.00793	0.00793	0.00264	0.01057	0.00705	0.00352	0.00881
36	0.14646	0.02257	0.05997	0.01710	0.02338	0.06432	0.01465	0.42666	0.03031	0.09209	0.01801	0.01825	0.01278	0.00900	0.00739	0.00238	0.00870	0.00655	0.00709	0.01235
37	0.01827	0.01806	0.02984	0.17235	0.40526	0.04678	0.08628	0.02293	0.01766	0.02402	0.01698	0.07375	0.01510	0.00862	0.00817	0.00250	0.00990	0.00841	0.00413	0.01101
38	0.02211	0.01218	0.03800	0.01261	0.01679	0.01054	0.01037	0.02721	0.07147	0.29855	0.33239	0.04211	0.04581	0.01284	0.00862	0.00249	0.00546	0.01099	0.00894	0.01051

[dist]
# distance from previous block
# <min> <max>
10	21

[block]
# block no. 6 follows, 24 sequences, length 10
# corresponding to MSA columns:
# 257-266
name=unknown_G
#
# <colnr> <probs for GDERKNQSTAVLIFYWHMCP>
#	G	D	E	R	K	N	Q	S	T	A	V	L	I	F	Y	W	H	M	C	P
0	0.18389	0.04616	0.07060	0.04163	0.02231	0.01751	0.04896	0.05298	0.15509	0.10414	0.07097	0.02356	0.01939	0.00937	0.00818	0.00246	0.04460	0.00730	0.00619	0.06469
1	0.48374	0.01624	0.01686	0.14744	0.06293	0.01874	0.01299	0.10733	0.01745	0.03400	0.01295	0.01571	0.00987	0.00775	0.00608	0.00247	0.00754	0.00538	0.00499	0.00953
2	0.01742	0.01982	0.07403	0.11836	0.14934	0.01820	0.36417	0.02324	0.01781	0.02435	0.01801	0.08386	0.01549	0.00861	0.00888	0.00265	0.01144	0.00966	0.00420	0.01045
3	0.01803	0.01978	0.04102	0.11535	0.04094	0.01885	0.50482	0.02424	0.01814	0.02480	0.01561	0.02089	0.01182	0.00676	0.00885	0.00253	0.01230	0.00863	0.00401	0.08263
4	0.01122	0.00811	0.01060	0.00998	0.01185	0.00748	0.00748	0.01496	0.02245	0.03180	0.66766	0.05923	0.07482	0.01621	0.00935	0.00249	0.00374	0.01434	0.00873	0.00748
5	0.01963	0.01884	0.03219	0.04867	0.67185	0.01884	0.02434	0.02434	0.01806	0.02591	0.01492	0.01963	0.01256	0.00707	0.00785	0.00236	0.00942	0.00707	0.00393	0.01256
6	0.01498	0.01409	0.02378	0.70226	0.05462	0.01762	0.02202	0.02026	0.01586	0.02026	0.01409	0.02114	0.01057	0.00793	0.00793	0.00264	0.01057	0.00705	0.00352	0.00881
7	0.02277	0.07853	0.02205	0.10358	0.02551	0.01774	0.01337	0.21592	0.02340	0.09539	0.01703	0.01856	0.01276	0.00773	0.00691	0.00191	0.00768	0.00604	0.00593	0.29718
8	0.01660	0.01539	0.02563	0.58898	0.05094	0.01842	0.07132	0.07509	0.01795	0.02326	0.01468	0.02098	0.01094	0.00797	0.00804	0.00262	0.01064	0.00724	0.00395	0.00937
9	0.02430	0.01665	0.01888	0.01465	0.02057	0.01645	0.01186	0.24690	0.09583	0.13635	0.05285	0.02304	0.01837	0.00895	0.00733	0.00206	0.00688	0.00712	0.03677	0.23420

[dist]
# distance from previous block
# <min> <max>
0	3

[block]
# block no. 7 follows, 24 sequences, length 7
# corresponding to MSA columns:
# 270-276
name=unknown_H
#
# <colnr> <probs for GDERKNQSTAVLIFYWHMCP>
#	G	D	E	R	K	N	Q	S	T	A	V	L	I	F	Y	W	H	M	C	P
0	0.02515	0.35134	0.08879	0.01658	0.02307	0.17689	0.01537	0.10873	0.02100	0.08445	0.01451	0.01558	0.01148	0.00780	0.00641	0.00201	0.00996	0.00531	0.00474	0.01083
1	0.10764	0.01910	0.14558	0.01431	0.01936	0.01552	0.01321	0.14746	0.07008	0.06754	0.02108	0.02839	0.01794	0.18609	0.01534	0.00371	0.00794	0.00787	0.08210	0.00972
2	0.03014	0.02221	0.02380	0.01825	0.02459	0.02459	0.01507	0.64541	0.03728	0.04998	0.01904	0.01904	0.01349	0.00952	0.00793	0.00238	0.00873	0.00714	0.00793	0.01349
3	0.01572	0.01312	0.01572	0.01231	0.01833	0.01029	0.01006	0.01927	0.01680	0.02542	0.01959	0.03083	0.01843	0.00903	0.00687	0.00166	0.00615	0.12568	0.00521	0.61950
4	0.01120	0.01107	0.07196	0.01082	0.01368	0.00828	0.00921	0.01497	0.02064	0.02847	0.45544	0.09658	0.18458	0.01667	0.00923	0.00257	0.00458	0.01450	0.00788	0.00766
5	0.01930	0.01813	0.02875	0.09079	0.49766	0.01892	0.02184	0.02754	0.14394	0.02692	0.01828	0.02170	0.01471	0.00786	0.00790	0.00244	0.00889	0.00744	0.00471	0.01228
6	0.09019	0.01626	0.02033	0.01595	0.02173	0.01637	0.05002	0.17366	0.10282	0.33183	0.05854	0.02567	0.02026	0.00980	0.00788	0.00248	0.00733	0.00802	0.00837	0.01251

[dist]
# distance from previous block
# <min> <max>
0	1

[block]
# block no. 8 follows, 24 sequences, length 12
# corresponding to MSA columns:
# 278-289
name=unknown_I
#
# <colnr> <probs for GDERKNQSTAVLIFYWHMCP>
#	G	D	E	R	K	N	Q	S	T	A	V	L	I	F	Y	W	H	M	C	P
0	0.02285	0.02651	0.02347	0.02064	0.02248	0.32239	0.01644	0.02472	0.01677	0.01923	0.01124	0.01598	0.01032	0.01132	0.01757	0.00283	0.39646	0.00612	0.00375	0.00891
1	0.01908	0.01454	0.01708	0.01237	0.01928	0.01153	0.00996	0.06016	0.01831	0.08834	0.01601	0.01759	0.01259	0.00647	0.00620	0.00137	0.00613	0.00516	0.00538	0.65247
2	0.03008	0.02323	0.02235	0.01795	0.02345	0.15175	0.01450	0.36277	0.05359	0.15776	0.02007	0.01990	0.01424	0.00956	0.00862	0.00239	0.04112	0.00696	0.00733	0.01240
3	0.01963	0.01884	0.03219	0.04867	0.67185	0.01884	0.02434	0.02434	0.01806	0.02591	0.01492	0.01963	0.01256	0.00707	0.00785	0.00236	0.00942	0.00707	0.00393	0.01256
4	0.01912	0.01833	0.03127	0.11974	0.60473	0.01871	0.02408	0.02389	0.01782	0.02529	0.01483	0.01979	0.01234	0.00716	0.00786	0.00239	0.00955	0.00706	0.00388	0.01215
5	0.01849	0.01505	0.01812	0.01355	0.01953	0.01345	0.01099	0.06211	0.01756	0.06108	0.01482	0.01730	0.01209	0.00743	0.00890	0.00164	0.10285	0.00534	0.00501	0.57468
6	0.01280	0.01020	0.01115	0.01029	0.01324	0.00978	0.00789	0.07460	0.07914	0.02818	0.24125	0.06174	0.37592	0.01712	0.00911	0.00260	0.00458	0.01443	0.00788	0.00809
7	0.01026	0.00715	0.00903	0.01028	0.01060	0.00684	0.00655	0.01120	0.01402	0.01870	0.03776	0.50529	0.04495	0.24592	0.01972	0.00464	0.00558	0.01905	0.00655	0.00592
8	0.02739	0.01854	0.02101	0.01667	0.02198	0.02021	0.01362	0.38136	0.09871	0.15072	0.08458	0.02530	0.02142	0.01060	0.00912	0.00250	0.04749	0.00816	0.00809	0.01253
9	0.01249	0.00901	0.01122	0.01204	0.01331	0.00895	0.00843	0.09860	0.01823	0.02435	0.04030	0.61992	0.04707	0.02273	0.00982	0.00310	0.00517	0.02042	0.00744	0.00741
10	0.01833	0.01521	0.01746	0.01264	0.01959	0.01251	0.01018	0.10630	0.01932	0.02917	0.01478	0.01680	0.01199	0.00638	0.00616	0.00134	0.00627	0.00504	0.00514	0.66540
11	0.02161	0.01500	0.01688	0.01417	0.01847	0.01573	0.01123	0.25864	0.10623	0.10367	0.14580	0.10059	0.11052	0.01362	0.00859	0.00256	0.00637	0.01134	0.00816	0.01082

[dist]
# distance from previous block
# <min> <max>
0	1

[block]
# block no. 9 follows, 24 sequences, length 428
# corresponding to MSA columns:
# 291-718
name=unknown_J
#
# <colnr> <probs for GDERKNQSTAVLIFYWHMCP>
#	G	D	E	R	K	N	Q	S	T	A	V	L	I	F	Y	W	H	M	C	P
0	0.05265	0.01509	0.02530	0.53543	0.04821	0.01780	0.09417	0.04604	0.01697	0.02316	0.01483	0.02101	0.01114	0.00787	0.00786	0.00260	0.01035	0.00721	0.03315	0.00916
1	0.01963	0.01877	0.03164	0.04742	0.64678	0.01888	0.02388	0.02502	0.04267	0.02619	0.01558	0.02001	0.01301	0.00721	0.00786	0.00237	0.00930	0.00714	0.00408	0.01256
2	0.00966	0.00690	0.00920	0.01104	0.01150	0.00644	0.00736	0.01104	0.01518	0.02024	0.04371	0.71614	0.05245	0.02484	0.01012	0.00322	0.00460	0.02254	0.00736	0.00644
3	0.06541	0.02761	0.02246	0.01861	0.02395	0.27759	0.01475	0.35629	0.05641	0.03693	0.01662	0.01738	0.01245	0.00895	0.00749	0.00227	0.01062	0.00630	0.00633	0.01157
4	0.01941	0.01876	0.03242	0.07346	0.62356	0.01884	0.04812	0.02422	0.01800	0.02567	0.01493	0.01975	0.01246	0.00708	0.00791	0.00238	0.00962	0.00715	0.00391	0.01234
5	0.05324	0.07269	0.61698	0.02157	0.03273	0.01901	0.02753	0.02496	0.01655	0.02531	0.01392	0.01636	0.00998	0.00749	0.00729	0.00247	0.01129	0.00571	0.00343	0.01149
6	0.01872	0.02139	0.04679	0.03342	0.04144	0.02005	0.64305	0.02540	0.01872	0.02540	0.01604	0.02139	0.01203	0.00668	0.00936	0.00267	0.01337	0.00936	0.00401	0.01070
7	0.02852	0.01463	0.01800	0.01485	0.02005	0.01449	0.01200	0.09879	0.17779	0.38609	0.03154	0.07375	0.02335	0.01150	0.00826	0.00260	0.00672	0.03558	0.00893	0.01254
8	0.03216	0.01434	0.02009	0.01558	0.02124	0.01330	0.04539	0.07456	0.02253	0.53754	0.02927	0.05966	0.01999	0.01057	0.00905	0.00255	0.04182	0.00866	0.00895	0.01276
9	0.01113	0.00810	0.01047	0.00988	0.01179	0.00744	0.00741	0.01479	0.02223	0.03129	0.63855	0.06008	0.10426	0.01640	0.00935	0.00250	0.00375	0.01446	0.00866	0.00744
10	0.00965	0.00696	0.00915	0.01090	0.01146	0.00645	0.00730	0.01106	0.01532	0.02030	0.04547	0.68539	0.08206	0.02461	0.01009	0.00319	0.00457	0.02226	0.00736	0.00645
11	0.07558	0.05868	0.02339	0.08695	0.02664	0.15370	0.01523	0.36620	0.05556	0.03781	0.01685	0.01806	0.01252	0.00887	0.00745	0.00232	0.00972	0.00648	0.00632	0.01166
12	0.03558	0.01350	0.01840	0.01411	0.02024	0.01166	0.01166	0.03865	0.02270	0.67734	0.03128	0.02699	0.01963	0.00981	0.00797	0.00245	0.00675	0.00797	0.00981	0.01350
13	0.01122	0.00811	0.01060	0.00998	0.01185	0.00748	0.00748	0.01496	0.02245	0.03180	0.66766	0.05923	0.07482	0.01621	0.00935	0.00249	0.00374	0.01434	0.00873	0.00748
14	0.00966	0.00690	0.00920	0.01104	0.01150	0.00644	0.00736	0.01104	0.01518	0.02024	0.04371	0.71614	0.05245	0.02484	0.01012	0.00322	0.00460	0.02254	0.00736	0.00644
15	0.10882	0.02128	0.02229	0.01734	0.02346	0.02368	0.01429	0.55628	0.05870	0.04780	0.01870	0.01879	0.01338	0.00934	0.00762	0.00240	0.00836	0.00691	0.00762	0.01293
16	0.77733	0.01534	0.01166	0.01043	0.01534	0.01779	0.00859	0.02331	0.01350	0.03558	0.01104	0.01288	0.00859	0.00736	0.00491	0.00245	0.00613	0.00429	0.00491	0.00859
17	0.01909	0.01829	0.03122	0.12426	0.60046	0.01870	0.02407	0.02387	0.01780	0.02525	0.01482	0.01980	0.01233	0.00717	0.00786	0.00239	0.00955	0.00706	0.00388	0.01213
18	0.02962	0.03779	0.02247	0.02043	0.02451	0.68948	0.01532	0.03166	0.02247	0.01941	0.01226	0.01430	0.01021	0.00817	0.00715	0.00204	0.01430	0.00511	0.00409	0.00919
19	0.01113	0.00810	0.01047	0.00988	0.01179	0.00744	0.00741	0.01479	0.02223	0.03129	0.63855	0.06008	0.10426	0.01640	0.00935	0.00250	0.00375	0.01446	0.00866	0.00744
20	0.01153	0.00769	0.00865	0.00865	0.00865	0.00769	0.00480	0.01153	0.01153	0.01538	0.02499	0.05189	0.02883	0.72131	0.04036	0.00769	0.00769	0.01153	0.00480	0.00480
21	0.01153	0.00769	0.00865	0.00865	0.00865	0.00769	0.00480	0.01153	0.01153	0.01538	0.02499	0.05189	0.02883	0.72131	0.04036	0.00769	0.00769	0.01153	0.00480	0.00480
22	0.01972	0.01703	0.01793	0.01614	0.02062	0.01972	0.01255	0.04214	0.65752	0.03317	0.03228	0.02959	0.02421	0.01076	0.00807	0.00269	0.00628	0.00897	0.00807	0.01255
23	0.77733	0.01534	0.01166	0.01043	0.01534	0.01779	0.00859	0.02331	0.01350	0.03558	0.01104	0.01288	0.00859	0.00736	0.00491	0.00245	0.00613	0.00429	0.00491	0.00859
24	0.03014	0.02221	0.02380	0.01825	0.02459	0.02459	0.01507	0.64541	0.03728	0.04998	0.01904	0.01904	0.01349	0.00952	0.00793	0.00238	0.00873	0.00714	0.00793	0.01349
25	0.03558	0.01350	0.01840	0.01411	0.02024	0.01166	0.01166	0.03865	0.02270	0.67734	0.03128	0.02699	0.01963	0.00981	0.00797	0.00245	0.00675	0.00797	0.00981	0.01350
26	0.77733	0.01534	0.01166	0.01043	0.01534	0.01779	0.00859	0.02331	0.01350	0.03558	0.01104	0.01288	0.00859	0.00736	0.00491	0.00245	0.00613	0.00429	0.00491	0.00859
27	0.01972	0.01703	0.01793	0.01614	0.02062	0.01972	0.01255	0.04214	0.65752	0.03317	0.03228	0.02959	0.02421	0.01076	0.00807	0.00269	0.00628	0.00897	0.00807	0.01255
28	0.77733	0.01534	0.01166	0.01043	0.01534	0.01779	0.00859	0.02331	0.01350	0.03558	0.01104	0.01288	0.00859	0.00736	0.00491	0.00245	0.00613	0.00429	0.00491	0.00859
29	0.01963	0.01884	0.03219	0.04867	0.67185	0.01884	0.02434	0.02434	0.01806	0.02591	0.01492	0.01963	0.01256	0.00707	0.00785	0.00236	0.00942	0.00707	0.00393	0.01256
30	0.03014	0.02221	0.02380	0.01825	0.02459	0.02459	0.01507	0.64541	0.03728	0.04998	0.01904	0.01904	0.01349	0.00952	0.00793	0.00238	0.00873	0.00714	0.00793	0.01349
31	0.01152	0.00773	0.00885	0.00885	0.00892	0.00780	0.00506	0.01166	0.01159	0.01553	0.02480	0.05086	0.02838	0.68850	0.07256	0.00794	0.00836	0.01138	0.00478	0.00492
32	0.00982	0.00701	0.00938	0.01122	0.01175	0.00657	0.00763	0.01131	0.01533	0.02042	0.04362	0.68507	0.05211	0.02470	0.01016	0.00324	0.00473	0.05209	0.00736	0.00648
33	0.00966	0.00690	0.00920	0.01104	0.01150	0.00644	0.00736	0.01104	0.01518	0.02024	0.04371	0.71614	0.05245	0.02484	0.01012	0.00322	0.00460	0.02254	0.00736	0.00644
34	0.01963	0.01884	0.03219	0.04867	0.67185	0.01884	0.02434	0.02434	0.01806	0.02591	0.01492	0.01963	0.01256	0.00707	0.00785	0.00236	0.00942	0.00707	0.00393	0.01256
35	0.01498	0.01409	0.02378	0.70226	0.05462	0.01762	0.02202	0.02026	0.01586	0.02026	0.01409	0.02114	0.01057	0.00793	0.00793	0.00264	0.01057	0.00705	0.00352	0.00881
36	0.00937	0.00803	0.00803	0.00803	0.01071	0.00669	0.00602	0.01138	0.01807	0.02142	0.08033	0.07632	0.66863	0.02008	0.00937	0.00268	0.00402	0.01674	0.00736	0.00669
37	0.01085	0.00810	0.01023	0.01073	0.01254	0.00748	0.00829	0.01375	0.01920	0.02551	0.27938	0.18645	0.20457	0.01992	0.00985	0.00292	0.00475	0.15056	0.00785	0.00707
38	0.77733	0.01534	0.01166	0.01043	0.01534	0.01779	0.00859	0.02331	0.01350	0.03558	0.01104	0.01288	0.00859	0.00736	0.00491	0.00245	0.00613	0.00429	0.00491	0.00859
39	0.03014	0.02221	0.02380	0.01825	0.02459	0.02459	0.01507	0.64541	0.03728	0.04998	0.01904	0.01904	0.01349	0.00952	0.00793	0.00238	0.00873	0.00714	0.00793	0.01349
40	0.00966	0.00690	0.00920	0.01104	0.01150	0.00644	0.00736	0.01104	0.01518	0.02024	0.04371	0.71614	0.05245	0.02484	0.01012	0.00322	0.00460	0.02254	0.00736	0.00644
41	0.01644	0.01409	0.01644	0.01175	0.01879	0.01057	0.00940	0.01997	0.01644	0.02584	0.01409	0.01644	0.01175	0.00587	0.00587	0.00117	0.00587	0.00470	0.00470	0.76979
42	0.01644	0.01409	0.01644	0.01175	0.01879	0.01057	0.00940	0.01997	0.01644	0.02584	0.01409	0.01644	0.01175	0.00587	0.00587	0.00117	0.00587	0.00470	0.00470	0.76979
43	0.01963	0.01884	0.03219	0.04867	0.67185	0.01884	0.02434	0.02434	0.01806	0.02591	0.01492	0.01963	0.01256	0.00707	0.00785	0.00236	0.00942	0.00707	0.00393	0.01256
44	0.03014	0.02221	0.02380	0.01825	0.02459	0.02459	0.01507	0.64541	0.03728	0.04998	0.01904	0.01904	0.01349	0.00952	0.00793	0.00238	0.00873	0.00714	0.00793	0.01349
45	0.01972	0.01703	0.01793	0.01614	0.02062	0.01972	0.01255	0.04214	0.65752	0.03317	0.03228	0.02959	0.02421	0.01076	0.00807	0.00269	0.00628	0.00897	0.00807	0.01255
46	0.01143	0.00808	0.01065	0.01065	0.01134	0.00877	0.00730	0.01281	0.01212	0.01685	0.02316	0.04178	0.02444	0.39852	0.35715	0.01015	0.01430	0.01005	0.00453	0.00591
47	0.03366	0.01307	0.01779	0.01378	0.01958	0.01133	0.01133	0.03678	0.02268	0.62661	0.08129	0.02952	0.02397	0.01032	0.00808	0.00246	0.00651	0.00847	0.00973	0.01302
48	0.01972	0.01703	0.01793	0.01614	0.02062	0.01972	0.01255	0.04214	0.65752	0.03317	0.03228	0.02959	0.02421	0.01076	0.00807	0.00269	0.00628	0.00897	0.00807	0.01255
49	0.03558	0.01350	0.01840	0.01411	0.02024	0.01166	0.01166	0.03865	0.02270	0.67734	0.03128	0.02699	0.01963	0.00981	0.00797	0.00245	0.00675	0.00797	0.00981	0.01350
50	0.03014	0.02221	0.02380	0.01825	0.02459	0.02459	0.01507	0.64541	0.03728	0.04998	0.01904	0.01904	0.01349	0.00952	0.00793	0.00238	0.00873	0.00714	0.00793	0.01349
51	0.01972	0.01703	0.01793	0.01614	0.02062	0.01972	0.01255	0.04214	0.65752	0.03317	0.03228	0.02959	0.02421	0.01076	0.00807	0.00269	0.00628	0.00897	0.00807	0.01255
52	0.77733	0.01534	0.01166	0.01043	0.01534	0.01779	0.00859	0.02331	0.01350	0.03558	0.01104	0.01288	0.00859	0.00736	0.00491	0.00245	0.00613	0.00429	0.00491	0.00859
53	0.01122	0.00811	0.01060	0.00998	0.01185	0.00748	0.00748	0.01496	0.02245	0.03180	0.66766	0.05923	0.07482	0.01621	0.00935	0.00249	0.00374	0.01434	0.00873	0.00748
54	0.03558	0.01350	0.01840	0.01411	0.02024	0.01166	0.01166	0.03865	0.02270	0.67734	0.03128	0.02699	0.01963	0.00981	0.00797	0.00245	0.00675	0.00797	0.00981	0.01350
