[name]
unknown

[dist]
# distance from previous block
# <min> <max>
0	7

[block]
# block no. 0 follows, 23 sequences, length 68
# corresponding to MSA columns:
# 7-43,58-88
name=unknown_A
#
# <colnr> <probs for GDERKNQSTAVLIFYWHMCP>
#	G	D	E	R	K	N	Q	S	T	A	V	L	I	F	Y	W	H	M	C	P
0	0.05548	0.01393	0.01623	0.01460	0.01839	0.01432	0.01194	0.20013	0.02356	0.05485	0.05696	0.07795	0.03097	0.08279	0.01221	0.00334	0.00745	0.21764	0.00720	0.08006
1	0.02688	0.01741	0.05060	0.01565	0.02130	0.01656	0.01315	0.20672	0.11858	0.23897	0.08936	0.02783	0.02351	0.01136	0.00935	0.04046	0.00732	0.00840	0.00822	0.04837
2	0.01971	0.02826	0.35289	0.02015	0.05590	0.01633	0.02127	0.09158	0.02108	0.11633	0.11506	0.06063	0.02417	0.01045	0.00824	0.00257	0.00928	0.00865	0.00588	0.01155
3	0.01930	0.16006	0.13390	0.05275	0.05249	0.02282	0.21719	0.05331	0.01790	0.02459	0.01414	0.01834	0.01138	0.00833	0.01079	0.00254	0.12070	0.00709	0.00399	0.04838
4	0.01781	0.01637	0.02752	0.42713	0.15338	0.01859	0.08338	0.07493	0.01853	0.02457	0.01519	0.02135	0.01173	0.00894	0.00938	0.03907	0.01056	0.00745	0.00411	0.01002
5	0.18156	0.01538	0.01715	0.11236	0.05506	0.04947	0.01276	0.02659	0.16029	0.06957	0.02067	0.05865	0.01707	0.01242	0.01081	0.11084	0.00760	0.00771	0.00571	0.04833
6	0.06375	0.02212	0.02346	0.01819	0.02451	0.02457	0.01498	0.57673	0.07073	0.04953	0.01986	0.01979	0.01418	0.00971	0.00799	0.00246	0.00867	0.00728	0.00799	0.01352
7	0.01409	0.00705	0.01057	0.01057	0.01057	0.00705	0.00705	0.01057	0.01057	0.01409	0.01409	0.02467	0.01409	0.02819	0.03171	0.76392	0.00705	0.00705	0.00352	0.00352
8	0.01409	0.01056	0.01180	0.01118	0.01420	0.01021	0.00859	0.05269	0.10888	0.05970	0.14632	0.12169	0.33353	0.01805	0.00940	0.00279	0.00502	0.04477	0.00799	0.00855
9	0.00989	0.00706	0.00942	0.01130	0.01177	0.00659	0.00753	0.01130	0.01554	0.02071	0.04472	0.70954	0.05367	0.02542	0.01036	0.00330	0.00471	0.02307	0.00753	0.00659
10	0.02091	0.01742	0.01836	0.01626	0.02089	0.02001	0.01272	0.09641	0.56190	0.03534	0.03146	0.02928	0.02356	0.01081	0.00811	0.00268	0.00652	0.00892	0.04575	0.01267
11	0.73561	0.01530	0.01172	0.01052	0.01539	0.01769	0.00864	0.02361	0.01396	0.03611	0.01203	0.01401	0.00937	0.00762	0.00505	0.00248	0.00616	0.00455	0.04146	0.00873
12	0.03221	0.01475	0.01871	0.01497	0.02081	0.01406	0.01216	0.04047	0.18524	0.50535	0.03227	0.02831	0.02130	0.01029	0.00818	0.00257	0.00678	0.00842	0.00958	0.01356
13	0.01840	0.01556	0.01681	0.01522	0.01926	0.01761	0.01178	0.03742	0.52106	0.03366	0.16158	0.03650	0.03539	0.01215	0.00853	0.00271	0.00589	0.01030	0.00840	0.01178
14	0.01498	0.00912	0.01168	0.01057	0.01326	0.00819	0.00809	0.01846	0.02238	0.12737	0.48363	0.05809	0.15035	0.01616	0.00936	0.00257	0.00433	0.01404	0.00890	0.00847
15	0.06617	0.01406	0.01852	0.01438	0.02052	0.01259	0.01184	0.03907	0.05307	0.61284	0.03120	0.02715	0.01984	0.00999	0.00803	0.00252	0.00686	0.00805	0.00975	0.01355
16	0.15967	0.00987	0.00954	0.00903	0.01163	0.01030	0.00677	0.02040	0.04229	0.05727	0.02741	0.03276	0.05917	0.10021	0.01057	0.00289	0.00505	0.00818	0.40909	0.00791
17	0.01139	0.00829	0.01071	0.01011	0.01206	0.00761	0.00758	0.01512	0.02274	0.03199	0.63021	0.06151	0.10663	0.01679	0.00957	0.00256	0.00384	0.01480	0.00886	0.00761
18	0.02408	0.01423	0.01693	0.01455	0.01906	0.01452	0.01155	0.09386	0.21105	0.24250	0.09734	0.09581	0.05730	0.01326	0.00871	0.00271	0.00637	0.03569	0.00877	0.01172
19	0.03641	0.01381	0.01883	0.01444	0.02071	0.01193	0.01193	0.03954	0.02322	0.66984	0.03201	0.02762	0.02009	0.01004	0.00816	0.00251	0.00690	0.00816	0.01004	0.01381
20	0.01017	0.00737	0.00961	0.01090	0.01179	0.00681	0.00747	0.01208	0.01713	0.02303	0.16389	0.54740	0.09540	0.02344	0.01016	0.00312	0.00450	0.02111	0.00780	0.00681
21	0.01159	0.00869	0.01304	0.01304	0.01449	0.01014	0.01014	0.01449	0.01304	0.01884	0.02173	0.03188	0.02029	0.06086	0.68268	0.01304	0.02173	0.00869	0.00435	0.00724
22	0.01220	0.00818	0.01068	0.01070	0.01241	0.00750	0.00778	0.01511	0.02032	0.06217	0.39685	0.27425	0.09238	0.01934	0.00976	0.00280	0.00430	0.01721	0.00847	0.00760
23	0.05962	0.01492	0.01857	0.01344	0.02054	0.01188	0.04818	0.02198	0.01714	0.06131	0.01531	0.01751	0.01229	0.00636	0.00629	0.00144	0.00654	0.00526	0.00506	0.63635
24	0.05711	0.01086	0.01201	0.07233	0.01657	0.01155	0.00892	0.10041	0.01980	0.06167	0.02394	0.02707	0.01833	0.00930	0.00629	0.00210	0.00536	0.00736	0.52017	0.00885
25	0.01633	0.01010	0.01288	0.01152	0.01440	0.00960	0.00886	0.02198	0.08626	0.13423	0.49659	0.05229	0.06233	0.01498	0.00921	0.00257	0.00458	0.01308	0.00904	0.00916
26	0.01880	0.02077	0.04323	0.03088	0.03893	0.01907	0.54106	0.02516	0.01880	0.02606	0.01612	0.02113	0.01227	0.00672	0.00904	0.00251	0.01253	0.00886	0.00421	0.12387
27	0.01665	0.01578	0.02674	0.51518	0.22566	0.01838	0.02320	0.02190	0.01685	0.02234	0.01466	0.02120	0.01138	0.00787	0.00809	0.00262	0.01049	0.00722	0.00372	0.01009
28	0.02565	0.01659	0.01879	0.01599	0.02119	0.01792	0.01269	0.07167	0.42853	0.22823	0.03204	0.02893	0.02280	0.01065	0.00822	0.00266	0.00669	0.00877	0.00879	0.01318
29	0.01131	0.00822	0.01065	0.01019	0.01205	0.00756	0.00759	0.01491	0.02232	0.03137	0.59795	0.10129	0.09954	0.01730	0.00962	0.00261	0.00389	0.01529	0.00879	0.00756
30	0.01683	0.01442	0.01683	0.01202	0.01923	0.01082	0.00961	0.02043	0.01683	0.02644	0.01442	0.01683	0.01202	0.00601	0.00601	0.00120	0.00601	0.00481	0.00481	0.76444
31	0.74013	0.01561	0.01223	0.01083	0.01591	0.01793	0.00892	0.02454	0.01422	0.06397	0.01220	0.01381	0.00928	0.00764	0.00516	0.00251	0.00630	0.00456	0.00524	0.00901
32	0.77215	0.01569	0.01193	0.01067	0.01569	0.01820	0.00879	0.02385	0.01381	0.03641	0.01130	0.01318	0.00879	0.00753	0.00502	0.00251	0.00628	0.00439	0.00502	0.00879
33	0.02169	0.71972	0.04252	0.01388	0.02083	0.03211	0.01388	0.02430	0.01649	0.01909	0.01128	0.01302	0.01041	0.00694	0.00521	0.00174	0.00868	0.00434	0.00347	0.01041
34	0.03085	0.02273	0.02435	0.01867	0.02516	0.02516	0.01542	0.63716	0.03815	0.05114	0.01948	0.01948	0.01380	0.00974	0.00812	0.00244	0.00893	0.00731	0.00812	0.01380
35	0.77215	0.01569	0.01193	0.01067	0.01569	0.01820	0.00879	0.02385	0.01381	0.03641	0.01130	0.01318	0.00879	0.00753	0.00502	0.00251	0.00628	0.00439	0.00502	0.00879
36	0.01627	0.04197	0.67279	0.02313	0.03512	0.01884	0.02998	0.02570	0.01713	0.02570	0.01456	0.01713	0.01028	0.00771	0.00771	0.00257	0.01199	0.00600	0.00343	0.01199
37	0.00989	0.00706	0.00942	0.01130	0.01177	0.00659	0.00753	0.01130	0.01554	0.02071	0.04472	0.70954	0.05367	0.02542	0.01036	0.00330	0.00471	0.02307	0.00753	0.00659
38	0.00959	0.00822	0.00822	0.00822	0.01096	0.00685	0.00617	0.01165	0.01850	0.02192	0.08220	0.07809	0.66092	0.02055	0.00959	0.00274	0.00411	0.01713	0.00754	0.00685
39	0.02018	0.01743	0.01835	0.01651	0.02110	0.02018	0.01284	0.04312	0.64956	0.03394	0.03303	0.03027	0.02477	0.01101	0.00826	0.00275	0.00642	0.00917	0.00826	0.01284
40	0.02700	0.01617	0.01875	0.01576	0.02109	0.01707	0.01257	0.06206	0.37944	0.28749	0.03216	0.02885	0.02253	0.01058	0.00821	0.00265	0.00670	0.00871	0.00896	0.01326
41	0.03641	0.01381	0.01883	0.01444	0.02071	0.01193	0.01193	0.03954	0.02322	0.66984	0.03201	0.02762	0.02009	0.01004	0.00816	0.00251	0.00690	0.00816	0.01004	0.01381
42	0.01513	0.00756	0.00756	0.00756	0.00945	0.00756	0.00567	0.01891	0.01702	0.03025	0.02647	0.03025	0.02080	0.00945	0.00567	0.00189	0.00378	0.00756	0.75988	0.00756
43	0.01627	0.04197	0.67279	0.02313	0.03512	0.01884	0.02998	0.02570	0.01713	0.02570	0.01456	0.01713	0.01028	0.00771	0.00771	0.00257	0.01199	0.00600	0.00343	0.01199
44	0.00989	0.00706	0.00942	0.01130	0.01177	0.00659	0.00753	0.01130	0.01554	0.02071	0.04472	0.70954	0.05367	0.02542	0.01036	0.00330	0.00471	0.02307	0.00753	0.00659
45	0.77215	0.01569	0.01193	0.01067	0.01569	0.01820	0.00879	0.02385	0.01381	0.03641	0.01130	0.01318	0.00879	0.00753	0.00502	0.00251	0.00628	0.00439	0.00502	0.00879
46	0.01148	0.00829	0.01085	0.01021	0.01212	0.00766	0.00766	0.01531	0.02297	0.03254	0.65994	0.06061	0.07656	0.01659	0.00957	0.00255	0.00383	0.01467	0.00893	0.00766
47	0.03641	0.01381	0.01883	0.01444	0.02071	0.01193	0.01193	0.03954	0.02322	0.66984	0.03201	0.02762	0.02009	0.01004	0.00816	0.00251	0.00690	0.00816	0.01004	0.01381
48	0.01775	0.01775	0.02485	0.02130	0.02130	0.02485	0.01775	0.01953	0.01243	0.01953	0.01065	0.01775	0.01065	0.01420	0.02663	0.00355	0.69998	0.00710	0.00355	0.00888
49	0.01683	0.01442	0.01683	0.01202	0.01923	0.01082	0.00961	0.02043	0.01683	0.02644	0.01442	0.01683	0.01202	0.00601	0.00601	0.00120	0.00601	0.00481	0.00481	0.76444
50	0.01683	0.01442	0.01683	0.01202	0.01923	0.01082	0.00961	0.02043	0.01683	0.02644	0.01442	0.01683	0.01202	0.00601	0.00601	0.00120	0.00601	0.00481	0.00481	0.76444
51	0.77215	0.01569	0.01193	0.01067	0.01569	0.01820	0.00879	0.02385	0.01381	0.03641	0.01130	0.01318	0.00879	0.00753	0.00502	0.00251	0.00628	0.00439	0.00502	0.00879
52	0.01159	0.00869	0.01304	0.01304	0.01449	0.01014	0.01014	0.01449	0.01304	0.01884	0.02173	0.03188	0.02029	0.06086	0.68268	0.01304	0.02173	0.00869	0.00435	0.00724
53	0.01683	0.01442	0.01683	0.01202	0.01923	0.01082	0.00961	0.02043	0.01683	0.02644	0.01442	0.01683	0.01202	0.00601	0.00601	0.00120	0.00601	0.00481	0.00481	0.76444
54	0.01046	0.00758	0.00988	0.01074	0.01186	0.00700	0.00751	0.01280	0.01844	0.02515	0.27426	0.43696	0.09339	0.02190	0.01003	0.00299	0.00435	0.01966	0.00805	0.00700
55	0.01180	0.00787	0.00885	0.00885	0.00885	0.00787	0.00492	0.01180	0.01180	0.01573	0.02557	0.05310	0.02950	0.71483	0.04130	0.00787	0.00787	0.01180	0.00492	0.00492
56	0.02018	0.01743	0.01835	0.01651	0.02110	0.02018	0.01284	0.04312	0.64956	0.03394	0.03303	0.03027	0.02477	0.01101	0.00826	0.00275	0.00642	0.00917	0.00826	0.01284
57	0.01051	0.00751	0.01013	0.01201	0.01276	0.00713	0.00862	0.01238	0.01615	0.02141	0.04438	0.58864	0.05230	0.02483	0.01052	0.00338	0.00525	0.13781	0.00752	0.00676
58	0.01018	0.00727	0.00975	0.01163	0.01223	0.00684	0.00804	0.01180	0.01582	0.02104	0.04456	0.65292	0.05303	0.02515	0.01043	0.00334	0.00496	0.07680	0.00753	0.00667
59	0.03427	0.01621	0.02019	0.01559	0.02185	0.01563	0.01285	0.18977	0.05563	0.48539	0.02891	0.02570	0.01872	0.01001	0.00815	0.00250	0.00739	0.00799	0.00948	0.01376
60	0.01828	0.01497	0.02167	0.37112	0.03802	0.01796	0.01765	0.14085	0.01920	0.02544	0.01551	0.02263	0.01266	0.04125	0.01465	0.11776	0.06951	0.00739	0.00454	0.00895
61	0.01016	0.00730	0.00960	0.01133	0.01198	0.00684	0.00777	0.01172	0.01576	0.02084	0.04564	0.61429	0.08011	0.04918	0.01147	0.00346	0.00498	0.06351	0.00744	0.00661
62	0.03234	0.01579	0.01973	0.01566	0.02152	0.01531	0.01302	0.20248	0.02686	0.42857	0.02973	0.03230	0.02123	0.01130	0.00848	0.00262	0.00753	0.07316	0.00923	0.01312
63	0.01163	0.00844	0.01133	0.01302	0.01449	0.00815	0.01048	0.01440	0.01758	0.02282	0.04746	0.30306	0.11000	0.02327	0.01075	0.00349	0.00619	0.34884	0.00750	0.00711
64	0.01918	0.04746	0.01830	0.07337	0.05318	0.01616	0.01237	0.11349	0.08579	0.06111	0.02218	0.02814	0.01847	0.09582	0.07273	0.00401	0.06885	0.00807	0.17165	0.00967
65	0.01106	0.00744	0.00984	0.01122	0.01199	0.00692	0.00759	0.01266	0.01622	0.04510	0.09017	0.60651	0.05312	0.05444	0.01157	0.00341	0.00486	0.02139	0.00762	0.00686
66	0.01008	0.00720	0.00964	0.01152	0.01208	0.00676	0.00787	0.01164	0.01573	0.02093	0.04461	0.67149	0.05324	0.02524	0.01041	0.00332	0.00488	0.05918	0.00753	0.00664
67	0.01754	0.01484	0.01721	0.01236	0.01953	0.01155	0.00991	0.05181	0.01791	0.02770	0.01468	0.01696	0.01211	0.00620	0.00612	0.00126	0.00616	0.00493	0.00498	0.72625

[dist]
# distance from previous block
# <min> <max>
1	6

[block]
# block no. 1 follows, 23 sequences, length 267
# corresponding to MSA columns:
# 95-121,169-408
name=unknown_B
#
# <colnr> <probs for GDERKNQSTAVLIFYWHMCP>
#	G	D	E	R	K	N	Q	S	T	A	V	L	I	F	Y	W	H	M	C	P
0	0.03012	0.02230	0.02396	0.01833	0.02486	0.02442	0.01512	0.60537	0.03705	0.04987	0.01922	0.01934	0.01371	0.00955	0.00801	0.00237	0.00878	0.00718	0.00795	0.05249
1	0.01665	0.01422	0.01663	0.01196	0.01900	0.01071	0.00955	0.02027	0.01703	0.02664	0.03535	0.01825	0.01411	0.00635	0.00612	0.00125	0.00594	0.00513	0.00494	0.73990
2	0.03641	0.01381	0.01883	0.01444	0.02071	0.01193	0.01193	0.03954	0.02322	0.66984	0.03201	0.02762	0.02009	0.01004	0.00816	0.00251	0.00690	0.00816	0.01004	0.01381
3	0.01740	0.01724	0.02418	0.02083	0.02092	0.02402	0.01732	0.01924	0.01246	0.01949	0.01128	0.01856	0.01120	0.01686	0.06394	0.00409	0.66141	0.00719	0.00360	0.00878
4	0.03085	0.02273	0.02435	0.01867	0.02516	0.02516	0.01542	0.63716	0.03815	0.05114	0.01948	0.01948	0.01380	0.00974	0.00812	0.00244	0.00893	0.00731	0.00812	0.01380
5	0.01232	0.00854	0.01074	0.01004	0.01231	0.00771	0.00758	0.01578	0.02215	0.06086	0.52268	0.06229	0.18251	0.01701	0.00951	0.00259	0.00403	0.01482	0.00873	0.00780
6	0.03031	0.03867	0.02299	0.02090	0.02508	0.68226	0.01568	0.03240	0.02299	0.01986	0.01254	0.01463	0.01045	0.00836	0.00732	0.00209	0.01463	0.00523	0.00418	0.00941
7	0.01047	0.00766	0.01041	0.04359	0.01394	0.00735	0.00827	0.01256	0.01707	0.02311	0.16765	0.54565	0.05626	0.02281	0.01009	0.00312	0.00482	0.02062	0.00763	0.00692
8	0.01145	0.00825	0.01115	0.01282	0.01413	0.00795	0.01010	0.01411	0.01750	0.02299	0.07325	0.35685	0.08123	0.02336	0.01069	0.00344	0.00595	0.30013	0.00757	0.00707
9	0.08661	0.01754	0.01763	0.01435	0.01914	0.04764	0.01160	0.32972	0.02793	0.07709	0.02144	0.02263	0.01582	0.00942	0.00705	0.00226	0.00722	0.00711	0.24657	0.01121
10	0.16675	0.01898	0.02019	0.01584	0.02180	0.02047	0.01306	0.37936	0.02978	0.16671	0.02074	0.02043	0.01444	0.00938	0.00744	0.00244	0.00780	0.00695	0.04487	0.01258
11	0.01013	0.00725	0.00963	0.01113	0.01182	0.00675	0.00755	0.01191	0.01667	0.02252	0.13860	0.61052	0.05716	0.02407	0.01024	0.00318	0.00457	0.02179	0.00775	0.00675
12	0.01007	0.00714	0.00936	0.01106	0.01148	0.00672	0.00728	0.01135	0.01517	0.02022	0.04284	0.64505	0.05129	0.09315	0.01340	0.00374	0.00502	0.02196	0.00728	0.00643
13	0.77215	0.01569	0.01193	0.01067	0.01569	0.01820	0.00879	0.02385	0.01381	0.03641	0.01130	0.01318	0.00879	0.00753	0.00502	0.00251	0.00628	0.00439	0.00502	0.00879
14	0.03609	0.01431	0.01914	0.01467	0.02096	0.01267	0.01212	0.07304	0.02406	0.63516	0.03131	0.02716	0.01973	0.01003	0.00816	0.00251	0.00702	0.00811	0.00994	0.01381
15	0.22707	0.01291	0.01509	0.01311	0.01777	0.01266	0.01080	0.02875	0.01952	0.32399	0.06308	0.07301	0.02632	0.01259	0.00802	0.00276	0.00654	0.10723	0.00808	0.01069
16	0.03531	0.01442	0.01907	0.01475	0.02095	0.01298	0.01214	0.06814	0.05622	0.60765	0.03147	0.02737	0.02003	0.01008	0.00816	0.00252	0.00698	0.00817	0.00986	0.01376
17	0.02371	0.01503	0.01608	0.01316	0.01746	0.01607	0.01060	0.31005	0.02728	0.07643	0.02351	0.02505	0.01747	0.00962	0.00696	0.00218	0.00637	0.00748	0.36464	0.01084
18	0.73197	0.01607	0.01260	0.01110	0.01621	0.01858	0.00915	0.05709	0.01513	0.03720	0.01174	0.01352	0.00906	0.00765	0.00519	0.00251	0.00642	0.00455	0.00519	0.00906
19	0.11038	0.01337	0.01583	0.01305	0.01797	0.01307	0.01046	0.03399	0.11934	0.37320	0.02876	0.02799	0.02011	0.04135	0.00893	0.00269	0.00633	0.00798	0.12344	0.01175
20	0.01009	0.00715	0.00935	0.01103	0.01145	0.00673	0.00725	0.01135	0.01513	0.02017	0.04265	0.63845	0.05105	0.10008	0.01371	0.00379	0.00505	0.02185	0.00725	0.00641
21	0.01587	0.00847	0.00856	0.00829	0.01045	0.00866	0.00629	0.04159	0.04184	0.03113	0.02647	0.02987	0.02070	0.00952	0.00586	0.00194	0.00406	0.00762	0.70481	0.00798
22	0.01107	0.00806	0.00981	0.01047	0.01156	0.00780	0.00737	0.01261	0.01512	0.01961	0.04405	0.19899	0.17454	0.26034	0.08435	0.00570	0.00764	0.09829	0.00634	0.00627
23	0.02121	0.01794	0.01892	0.01672	0.02149	0.02066	0.01309	0.10011	0.59089	0.03559	0.03173	0.02924	0.02372	0.01089	0.00824	0.00272	0.00666	0.00899	0.00824	0.01294
24	0.01141	0.00829	0.01074	0.01013	0.01208	0.00762	0.00760	0.01517	0.02279	0.03212	0.63736	0.06129	0.09939	0.01674	0.00957	0.00256	0.00384	0.01477	0.00888	0.00762
25	0.01574	0.00816	0.00822	0.00800	0.01007	0.00825	0.00605	0.04306	0.01784	0.03107	0.02620	0.02983	0.02052	0.00946	0.00577	0.00191	0.00398	0.00755	0.73051	0.00781
26	0.01532	0.01442	0.02434	0.69533	0.05589	0.01803	0.02253	0.02073	0.01622	0.02073	0.01442	0.02163	0.01082	0.00811	0.00811	0.00270	0.01082	0.00721	0.00361	0.00901
27	0.01024	0.00733	0.00976	0.01131	0.01203	0.00685	0.00779	0.01208	0.01667	0.02246	0.12761	0.59560	0.05646	0.02410	0.01029	0.00321	0.00471	0.04702	0.00772	0.00677
28	0.02517	0.01564	0.05309	0.01510	0.02006	0.01462	0.01272	0.05415	0.17360	0.29616	0.15521	0.03345	0.03122	0.01168	0.00949	0.00264	0.04594	0.00950	0.00860	0.01197
29	0.66553	0.05695	0.04626	0.01160	0.01712	0.01880	0.01023	0.02454	0.01447	0.05809	0.01222	0.01389	0.00937	0.00760	0.00528	0.00247	0.00672	0.00461	0.00504	0.00922
30	0.01811	0.01454	0.01702	0.01239	0.01941	0.01136	0.00991	0.02269	0.04981	0.06342	0.01638	0.01813	0.01313	0.00650	0.00625	0.00136	0.00608	0.00522	0.00528	0.68300
31	0.73092	0.01529	0.01187	0.01065	0.01550	0.01763	0.00873	0.02339	0.01431	0.03620	0.04645	0.01575	0.01246	0.00802	0.00527	0.00251	0.00614	0.00495	0.00523	0.00873
32	0.01683	0.01442	0.01683	0.01202	0.01923	0.01082	0.00961	0.02043	0.01683	0.02644	0.01442	0.01683	0.01202	0.00601	0.00601	0.00120	0.00601	0.00481	0.00481	0.76444
33	0.77215	0.01569	0.01193	0.01067	0.01569	0.01820	0.00879	0.02385	0.01381	0.03641	0.01130	0.01318	0.00879	0.00753	0.00502	0.00251	0.00628	0.00439	0.00502	0.00879
34	0.03641	0.01381	0.01883	0.01444	0.02071	0.01193	0.01193	0.03954	0.02322	0.66984	0.03201	0.02762	0.02009	0.01004	0.00816	0.00251	0.00690	0.00816	0.01004	0.01381
35	0.01413	0.00885	0.01166	0.01070	0.01304	0.00808	0.00812	0.01781	0.02274	0.10132	0.57069	0.07927	0.06965	0.01618	0.00944	0.00257	0.00419	0.01425	0.00900	0.00829
36	0.00989	0.00706	0.00942	0.01130	0.01177	0.00659	0.00753	0.01130	0.01554	0.02071	0.04472	0.70954	0.05367	0.02542	0.01036	0.00330	0.00471	0.02307	0.00753	0.00659
37	0.03561	0.01399	0.01881	0.01454	0.02073	0.01233	0.01197	0.03972	0.05400	0.63859	0.03206	0.02775	0.02032	0.01009	0.00816	0.00252	0.00688	0.00821	0.00996	0.01376
38	0.67759	0.01545	0.01281	0.01115	0.01634	0.01740	0.00919	0.02587	0.01502	0.11782	0.01396	0.01504	0.01024	0.00785	0.00542	0.00251	0.00636	0.00488	0.00567	0.00943
39	0.74135	0.01534	0.01187	0.01067	0.01548	0.01775	0.00872	0.02331	0.01368	0.03550	0.01141	0.01365	0.00900	0.00837	0.00611	0.03345	0.00631	0.00450	0.00496	0.00857
40	0.04536	0.00937	0.01186	0.01185	0.01391	0.00898	0.00877	0.04608	0.01969	0.09678	0.21792	0.35407	0.05253	0.01957	0.00961	0.00295	0.00511	0.04931	0.00813	0.00816
41	0.01180	0.00787	0.00885	0.00885	0.00885	0.00787	0.00492	0.01180	0.01180	0.01573	0.02557	0.05310	0.02950	0.71483	0.04130	0.00787	0.00787	0.01180	0.00492	0.00492
42	0.03641	0.01381	0.01883	0.01444	0.02071	0.01193	0.01193	0.03954	0.02322	0.66984	0.03201	0.02762	0.02009	0.01004	0.00816	0.00251	0.00690	0.00816	0.01004	0.01381
43	0.01252	0.00841	0.01111	0.01080	0.01270	0.00777	0.00809	0.01593	0.02160	0.06160	0.50307	0.16418	0.06879	0.01794	0.00970	0.00272	0.00428	0.04231	0.00870	0.00778
44	0.03085	0.02273	0.02435	0.01867	0.02516	0.02516	0.01542	0.63716	0.03815	0.05114	0.01948	0.01948	0.01380	0.00974	0.00812	0.00244	0.00893	0.00731	0.00812	0.01380
45	0.01569	0.01469	0.02471	0.56593	0.13923	0.01756	0.02203	0.02079	0.01650	0.02155	0.01624	0.05997	0.01351	0.00896	0.00823	0.00270	0.01031	0.00810	0.00388	0.00942
46	0.00989	0.00706	0.00942	0.01130	0.01177	0.00659	0.00753	0.01130	0.01554	0.02071	0.04472	0.70954	0.05367	0.02542	0.01036	0.00330	0.00471	0.02307	0.00753	0.00659
47	0.02506	0.01796	0.01978	0.01600	0.02110	0.01951	0.01291	0.36204	0.13244	0.07911	0.14616	0.03006	0.02832	0.01127	0.00832	0.00249	0.00722	0.00909	0.03895	0.01221
48	0.01409	0.00705	0.01057	0.01057	0.01057	0.00705	0.00705	0.01057	0.01057	0.01409	0.01409	0.02467	0.01409	0.02819	0.03171	0.76392	0.00705	0.00705	0.00352	0.00352
49	0.01894	0.02147	0.04656	0.07125	0.04316	0.02038	0.60044	0.02570	0.01899	0.02570	0.01630	0.02187	0.01223	0.00691	0.00949	0.00273	0.01352	0.00944	0.00408	0.01084
50	0.01409	0.00705	0.01057	0.01057	0.01057	0.00705	0.00705	0.01057	0.01057	0.01409	0.01409	0.02467	0.01409	0.02819	0.03171	0.76392	0.00705	0.00705	0.00352	0.00352
51	0.03062	0.02170	0.02346	0.01805	0.02437	0.02381	0.01489	0.58198	0.03658	0.08561	0.02043	0.02031	0.01440	0.00975	0.00804	0.00242	0.00864	0.00736	0.03399	0.01359
52	0.01272	0.00940	0.01225	0.01267	0.01479	0.00926	0.01036	0.01778	0.06532	0.02847	0.31388	0.07303	0.08709	0.01897	0.01021	0.00310	0.00565	0.27898	0.00817	0.00790
53	0.04120	0.00858	0.01089	0.01023	0.01226	0.00807	0.00770	0.01565	0.02261	0.03269	0.63459	0.05876	0.07391	0.01623	0.00939	0.00255	0.00392	0.01427	0.00878	0.00770
54	0.03641	0.01381	0.01883	0.01444	0.02071	0.01193	0.01193	0.03954	0.02322	0.66984	0.03201	0.02762	0.02009	0.01004	0.00816	0.00251	0.00690	0.00816	0.01004	0.01381
55	0.01627	0.04197	0.67279	0.02313	0.03512	0.01884	0.02998	0.02570	0.01713	0.02570	0.01456	0.01713	0.01028	0.00771	0.00771	0.00257	0.01199	0.00600	0.00343	0.01199
56	0.01148	0.00829	0.01085	0.01021	0.01212	0.00766	0.00766	0.01531	0.02297	0.03254	0.65994	0.06061	0.07656	0.01659	0.00957	0.00255	0.00383	0.01467	0.00893	0.00766
57	0.01180	0.00787	0.00885	0.00885	0.00885	0.00787	0.00492	0.01180	0.01180	0.01573	0.02557	0.05310	0.02950	0.71483	0.04130	0.00787	0.00787	0.01180	0.00492	0.00492
58	0.02608	0.01940	0.02096	0.01727	0.02281	0.02164	0.01387	0.29728	0.33615	0.09361	0.02714	0.02543	0.01969	0.01039	0.00819	0.00260	0.00754	0.00829	0.00834	0.01333
59	0.00989	0.00706	0.00942	0.01130	0.01177	0.00659	0.00753	0.01130	0.01554	0.02071	0.04472	0.70954	0.05367	0.02542	0.01036	0.00330	0.00471	0.02307	0.00753	0.00659
60	0.03031	0.03867	0.02299	0.02090	0.02508	0.68226	0.01568	0.03240	0.02299	0.01986	0.01254	0.01463	0.01045	0.00836	0.00732	0.00209	0.01463	0.00523	0.00418	0.00941
61	0.03031	0.03867	0.02299	0.02090	0.02508	0.68226	0.01568	0.03240	0.02299	0.01986	0.01254	0.01463	0.01045	0.00836	0.00732	0.00209	0.01463	0.00523	0.00418	0.00941
62	0.01012	0.00716	0.00935	0.01100	0.01141	0.00675	0.00721	0.01136	0.01508	0.02011	0.04239	0.62955	0.05072	0.10943	0.01413	0.00385	0.00509	0.02169	0.00721	0.00639
63	0.01198	0.00785	0.00878	0.00878	0.00888	0.00785	0.00496	0.01219	0.01208	0.01652	0.02562	0.05186	0.02903	0.67660	0.03937	0.00754	0.00765	0.01157	0.04583	0.00506
64	0.01173	0.00878	0.01094	0.01032	0.01247	0.00824	0.00776	0.01639	0.05650	0.03136	0.55744	0.06103	0.14295	0.01675	0.00950	0.00259	0.00400	0.01467	0.00873	0.00784
65	0.77215	0.01569	0.01193	0.01067	0.01569	0.01820	0.00879	0.02385	0.01381	0.03641	0.01130	0.01318	0.00879	0.00753	0.00502	0.00251	0.00628	0.00439	0.00502	0.00879
66	0.01219	0.00836	0.01067	0.01159	0.01285	0.00794	0.00808	0.04781	0.01787	0.04819	0.09677	0.55883	0.08203	0.02297	0.01004	0.00313	0.00492	0.02061	0.00778	0.00737
67	0.00984	0.00723	0.00924	0.01084	0.01165	0.00663	0.00733	0.01135	0.01597	0.02089	0.05028	0.61594	0.14368	0.02470	0.01024	0.00321	0.00462	0.02219	0.00753	0.00663
68	0.01168	0.00784	0.00899	0.00906	0.00919	0.00778	0.00521	0.01196	0.01262	0.01693	0.06112	0.09030	0.03341	0.63824	0.03784	0.00732	0.00747	0.01259	0.00528	0.00516
69	0.02132	0.01387	0.01552	0.01299	0.01601	0.01454	0.00946	0.24042	0.02254	0.09888	0.02406	0.03823	0.02282	0.38460	0.02576	0.00533	0.00815	0.00979	0.00662	0.00908
70	0.01101	0.00797	0.01017	0.01155	0.01246	0.00761	0.00790	0.04533	0.01691	0.02242	0.04513	0.64201	0.08037	0.02434	0.01020	0.00322	0.00491	0.02193	0.00756	0.00699
71	0.02363	0.01581	0.01780	0.01530	0.02003	0.01690	0.01206	0.12763	0.31422	0.17360	0.03536	0.09571	0.07029	0.01265	0.00851	0.00270	0.00658	0.01055	0.00851	0.01218
72	0.03309	0.01438	0.01865	0.01468	0.02057	0.01330	0.01200	0.06445	0.09952	0.53804	0.05969	0.02907	0.02291	0.01044	0.00823	0.00254	0.00680	0.00854	0.00970	0.01342
73	0.02526	0.01734	0.01838	0.01472	0.01958	0.01891	0.01196	0.41741	0.03064	0.04371	0.02197	0.02331	0.01629	0.00964	0.00725	0.00224	0.00710	0.00740	0.27532	0.01158
74	0.01173	0.00784	0.00887	0.00894	0.00895	0.00782	0.00501	0.01178	0.01193	0.01591	0.02625	0.07656	0.03036	0.69020	0.04019	0.00770	0.00775	0.01220	0.00501	0.00498
75	0.01772	0.01789	0.02663	0.06065	0.02493	0.02413	0.06646	0.02010	0.01317	0.02010	0.01132	0.01830	0.01079	0.01328	0.02424	0.00344	0.60691	0.00730	0.00360	0.00905
76	0.01792	0.01120	0.01268	0.05015	0.04572	0.01189	0.00930	0.11133	0.05022	0.03279	0.02455	0.02771	0.01902	0.00939	0.00640	0.00208	0.00533	0.00757	0.53569	0.00906
77	0.03561	0.01399	0.01881	0.01454	0.02073	0.01233	0.01197	0.03972	0.05400	0.63859	0.03206	0.02775	0.02032	0.01009	0.00816	0.00252	0.00688	0.00821	0.00996	0.01376
78	0.04845	0.16981	0.45518	0.02184	0.06323	0.02149	0.02480	0.02626	0.05132	0.02534	0.01483	0.01704	0.01116	0.00771	0.00716	0.00241	0.01069	0.00585	0.00379	0.01165
79	0.06911	0.05341	0.05504	0.02008	0.04929	0.29291	0.01580	0.19006	0.12006	0.03157	0.01752	0.01845	0.01347	0.00895	0.00751	0.00233	0.01091	0.00640	0.00580	0.01133
80	0.06774	0.01406	0.01701	0.01367	0.01878	0.01357	0.01105	0.12339	0.05508	0.32178	0.14900	0.03175	0.02931	0.01096	0.00802	0.00243	0.00634	0.00895	0.05159	0.04552
81	0.14381	0.01620	0.01950	0.07007	0.02354	0.01758	0.04310	0.09426	0.18493	0.11404	0.02258	0.04719	0.01749	0.01063	0.00943	0.03154	0.04155	0.00786	0.00663	0.07806
82	0.01860	0.06195	0.18004	0.03015	0.03870	0.02097	0.44306	0.02552	0.01825	0.02525	0.01547	0.02021	0.01170	0.00739	0.00979	0.00269	0.04689	0.00842	0.00390	0.01104
83	0.01624	0.01536	0.02600	0.57087	0.17318	0.01827	0.02299	0.02154	0.01666	0.02185	0.01458	0.02133	0.01121	0.00794	0.00810	0.00265	0.01059	0.00721	0.00368	0.00975
84	0.01962	0.01646	0.02453	0.35937	0.15578	0.01880	0.01994	0.11406	0.07974	0.05038	0.01769	0.02220	0.01342	0.00943	0.00917	0.03666	0.00960	0.00744	0.00501	0.01070
85	0.01987	0.01906	0.03255	0.07868	0.63701	0.01922	0.02480	0.02472	0.01838	0.02625	0.01523	0.02015	0.01276	0.00727	0.00804	0.00242	0.00969	0.00723	0.00400	0.01268
86	0.01225	0.00978	0.01105	0.01069	0.01254	0.01000	0.00775	0.01627	0.08945	0.02162	0.07065	0.05903	0.28114	0.22989	0.05823	0.00494	0.04446	0.03664	0.00648	0.00715
87	0.07674	0.01634	0.01994	0.01537	0.02164	0.01589	0.01270	0.20127	0.02675	0.46545	0.02742	0.02458	0.01773	0.00982	0.00797	0.00249	0.00742	0.00771	0.00923	0.01352
88	0.01588	0.01553	0.02494	0.11235	0.02717	0.01916	0.11236	0.01892	0.01461	0.02090	0.01906	0.15286	0.01960	0.01622	0.04396	0.00363	0.33905	0.01064	0.00444	0.00871
89	0.01331	0.00705	0.01036	0.01071	0.01079	0.00696	0.00714	0.01071	0.01149	0.01533	0.01979	0.15203	0.02145	0.02767	0.02774	0.62246	0.00661	0.01003	0.00427	0.00409
90	0.77215	0.01569	0.01193	0.01067	0.01569	0.01820	0.00879	0.02385	0.01381	0.03641	0.01130	0.01318	0.00879	0.00753	0.00502	0.00251	0.00628	0.00439	0.00502	0.00879
91	0.03641	0.01381	0.01883	0.01444	0.02071	0.01193	0.01193	0.03954	0.02322	0.66984	0.03201	0.02762	0.02009	0.01004	0.00816	0.00251	0.00690	0.00816	0.01004	0.01381
92	0.01027	0.00722	0.00930	0.01081	0.01119	0.00684	0.00701	0.01140	0.01479	0.01973	0.04092	0.57934	0.04887	0.16216	0.01649	0.00420	0.00533	0.02083	0.00701	0.00626
93	0.01535	0.00813	0.00828	0.00808	0.00995	0.00821	0.00594	0.03997	0.01725	0.02956	0.02614	0.03212	0.02141	0.07876	0.00926	0.00250	0.00436	0.00797	0.65925	0.00752
94	0.01598	0.00838	0.00847	0.00816	0.01031	0.00852	0.00620	0.05242	0.01816	0.03138	0.02609	0.02967	0.02042	0.00947	0.00580	0.00192	0.00406	0.00755	0.71913	0.00790
95	0.73394	0.01605	0.01257	0.01108	0.01618	0.01856	0.00913	0.05547	0.01506	0.03717	0.01172	0.01351	0.00905	0.00765	0.00518	0.00251	0.00641	0.00454	0.00518	0.00905
96	0.01241	0.00884	0.01101	0.01256	0.01320	0.00810	0.00827	0.01303	0.01649	0.02222	0.04403	0.62812	0.05202	0.08826	0.01394	0.00407	0.00578	0.02212	0.00792	0.00762
97	0.62922	0.01705	0.01432	0.01221	0.01752	0.01954	0.01007	0.14211	0.01850	0.03925	0.01288	0.01440	0.00975	0.00796	0.00562	0.00250	0.00679	0.00496	0.00562	0.00975
98	0.00989	0.00706	0.00942	0.01130	0.01177	0.00659	0.00753	0.01130	0.01554	0.02071	0.04472	0.70954	0.05367	0.02542	0.01036	0.00330	0.00471	0.02307	0.00753	0.00659
99	0.01513	0.00756	0.00756	0.00756	0.00945	0.00756	0.00567	0.01891	0.01702	0.03025	0.02647	0.03025	0.02080	0.00945	0.00567	0.00189	0.00378	0.00756	0.75988	0.00756
100	0.03031	0.03867	0.02299	0.02090	0.02508	0.68226	0.01568	0.03240	0.02299	0.01986	0.01254	0.01463	0.01045	0.00836	0.00732	0.00209	0.01463	0.00523	0.00418	0.00941
101	0.01915	0.02189	0.04788	0.03420	0.04241	0.02052	0.63475	0.02599	0.01915	0.02599	0.01642	0.02189	0.01231	0.00684	0.00958	0.00274	0.01368	0.00958	0.00410	0.01094
102	0.01775	0.01775	0.02485	0.02130	0.02130	0.02485	0.01775	0.01953	0.01243	0.01953	0.01065	0.01775	0.01065	0.01420	0.02663	0.00355	0.69998	0.00710	0.00355	0.00888
103	0.02018	0.01743	0.01835	0.01651	0.02110	0.02018	0.01284	0.04312	0.64956	0.03394	0.03303	0.03027	0.02477	0.01101	0.00826	0.00275	0.00642	0.00917	0.00826	0.01284
104	0.00999	0.00711	0.00938	0.01116	0.01160	0.00666	0.00738	0.01133	0.01532	0.02043	0.04363	0.67220	0.05229	0.06463	0.01212	0.00356	0.00489	0.02243	0.00738	0.00650
105	0.01139	0.00829	0.01071	0.01011	0.01206	0.00761	0.00758	0.01512	0.02274	0.03199	0.63015	0.06151	0.10669	0.01679	0.00957	0.00256	0.00384	0.01480	0.00886	0.00761
106	0.00987	0.00712	0.00936	0.01115	0.01173	0.00660	0.00747	0.01131	0.01567	0.02077	0.04649	0.67983	0.08223	0.02519	0.01032	0.00327	0.00468	0.02279	0.00753	0.00660
107	0.01159	0.00869	0.01304	0.01304	0.01449	0.01014	0.01014	0.01449	0.01304	0.01884	0.02173	0.03188	0.02029	0.06086	0.68268	0.01304	0.02173	0.00869	0.00435	0.00724
108	0.01220	0.00847	0.01096	0.01051	0.01256	0.00777	0.00797	0.01573	0.02200	0.05273	0.52587	0.09602	0.11947	0.01746	0.00965	0.00267	0.00420	0.04733	0.00871	0.00774
109	0.01062	0.00762	0.01011	0.01105	0.01212	0.00711	0.00782	0.01304	0.01846	0.02530	0.27533	0.43978	0.06195	0.02198	0.01010	0.00304	0.00450	0.04501	0.00805	0.00703
110	0.01144	0.00890	0.01066	0.00984	0.01254	0.00772	0.00742	0.01462	0.02067	0.02823	0.39170	0.08426	0.24562	0.01694	0.00921	0.00249	0.00419	0.01463	0.00800	0.09092
111	0.01033	0.00864	0.00905	0.00887	0.01158	0.00756	0.00668	0.01358	0.04736	0.02397	0.16252	0.07346	0.54901	0.01956	0.00953	0.00271	0.00417	0.01642	0.00777	0.00723
112	0.01086	0.00844	0.00901	0.00875	0.01150	0.00716	0.00660	0.01323	0.01936	0.04727	0.16908	0.07356	0.54773	0.01956	0.00953	0.00270	0.00417	0.01642	0.00784	0.00723
113	0.01683	0.01442	0.01683	0.01202	0.01923	0.01082	0.00961	0.02043	0.01683	0.02644	0.01442	0.01683	0.01202	0.00601	0.00601	0.00120	0.00601	0.00481	0.00481	0.76444
114	0.01409	0.00705	0.01057	0.01057	0.01057	0.00705	0.00705	0.01057	0.01057	0.01409	0.01409	0.02467	0.01409	0.02819	0.03171	0.76392	0.00705	0.00705	0.00352	0.00352
115	0.01385	0.00883	0.01152	0.01054	0.01292	0.00804	0.00801	0.01754	0.02280	0.09469	0.57354	0.05812	0.09601	0.01611	0.00943	0.00256	0.00414	0.01414	0.00898	0.00823
116	0.01022	0.00730	0.00921	0.01060	0.01116	0.00685	0.00694	0.01142	0.01508	0.01989	0.04419	0.53706	0.09805	0.15280	0.01603	0.00410	0.00525	0.02050	0.00705	0.00630
117	0.01261	0.01052	0.01486	0.01461	0.01530	0.01277	0.01121	0.01465	0.01381	0.01973	0.02739	0.28270	0.03023	0.03497	0.25334	0.00682	0.19804	0.01367	0.00533	0.00744
118	0.01633	0.01598	0.02845	0.46784	0.04788	0.01878	0.14485	0.02160	0.01647	0.02206	0.01494	0.02165	0.01151	0.00851	0.01013	0.00276	0.07881	0.00769	0.03443	0.00933
119	0.00989	0.00706	0.00942	0.01130	0.01177	0.00659	0.00753	0.01130	0.01554	0.02071	0.04472	0.70954	0.05367	0.02542	0.01036	0.00330	0.00471	0.02307	0.00753	0.00659
120	0.01454	0.01309	0.01731	0.05264	0.01885	0.04786	0.01294	0.01699	0.01343	0.01896	0.01791	0.02788	0.01713	0.08997	0.37243	0.00877	0.21922	0.00820	0.00411	0.00776
121	0.02715	0.01855	0.02045	0.01669	0.02224	0.02026	0.01346	0.27929	0.27109	0.15360	0.02719	0.02548	0.01941	0.01027	0.00809	0.00255	0.00742	0.00819	0.03541	0.01321
122	0.01490	0.01532	0.05572	0.01837	0.01980	0.01737	0.05720	0.01731	0.01403	0.02041	0.02227	0.21598	0.02441	0.05524	0.05735	0.00412	0.34510	0.01205	0.00482	0.00825
123	0.08935	0.02262	0.03017	0.08758	0.36651	0.14706	0.09036	0.02606	0.01883	0.02562	0.01445	0.01873	0.01181	0.00750	0.00780	0.00242	0.01084	0.00685	0.00412	0.01132
124	0.16202	0.03690	0.54537	0.02073	0.03137	0.01872	0.02589	0.02534	0.01649	0.02776	0.01393	0.01637	0.00999	0.00768	0.00719	0.00256	0.01089	0.00569	0.00373	0.01137
125	0.00989	0.00706	0.00942	0.01130	0.01177	0.00659	0.00753	0.01130	0.01554	0.02071	0.04472	0.70954	0.05367	0.02542	0.01036	0.00330	0.00471	0.02307	0.00753	0.00659
126	0.02868	0.02076	0.02221	0.01727	0.02309	0.02288	0.01412	0.55631	0.03521	0.04790	0.02036	0.02170	0.01502	0.03494	0.00907	0.00258	0.00840	0.00749	0.07910	0.01289
127	0.01075	0.00752	0.00948	0.01036	0.01092	0.00716	0.00674	0.01212	0.01561	0.02114	0.14120	0.39784	0.04998	0.23785	0.01983	0.00459	0.00554	0.01817	0.00695	0.00625
128	0.01740	0.01525	0.02055	0.34231	0.03591	0.04667	0.01678	0.10263	0.01898	0.02504	0.04602	0.07613	0.01932	0.07999	0.01315	0.00323	0.07146	0.00907	0.03113	0.00898
129	0.50486	0.04940	0.01484	0.04875	0.01841	0.01778	0.01020	0.05654	0.05209	0.03364	0.04186	0.08692	0.01733	0.01001	0.00627	0.00257	0.00654	0.00726	0.00563	0.00912
130	0.01160	0.00761	0.01015	0.01132	0.01232	0.00704	0.00780	0.01345	0.01702	0.05876	0.13089	0.57968	0.05502	0.02331	0.01012	0.00315	0.00471	0.02105	0.00787	0.00715
131	0.05346	0.00960	0.01196	0.01136	0.01384	0.00921	0.00881	0.01879	0.04341	0.09069	0.38869	0.08059	0.08396	0.04937	0.01089	0.00299	0.00504	0.09074	0.00833	0.00826
132	0.02699	0.01902	0.02113	0.01693	0.02215	0.02073	0.01366	0.47377	0.03221	0.07614	0.02279	0.09866	0.01893	0.01482	0.03983	0.04440	0.00882	0.00918	0.00773	0.01213
133	0.01006	0.00719	0.00961	0.01150	0.01204	0.00674	0.00783	0.01160	0.01571	0.02091	0.04463	0.67594	0.05329	0.02526	0.01040	0.00332	0.00486	0.05495	0.00753	0.00664
134	0.73091	0.01559	0.01231	0.01088	0.01597	0.01785	0.00896	0.02473	0.01434	0.07191	0.01246	0.01399	0.00942	0.00767	0.00520	0.00251	0.00631	0.00460	0.00530	0.00907
135	0.01410	0.00963	0.01185	0.01199	0.01388	0.00958	0.00868	0.01940	0.11562	0.07274	0.14860	0.31552	0.06741	0.09419	0.01307	0.00352	0.00545	0.04882	0.00779	0.00816
136	0.01595	0.00878	0.00925	0.00881	0.01079	0.00928	0.00677	0.04538	0.01766	0.03054	0.02528	0.02909	0.01993	0.00973	0.00695	0.00201	0.04302	0.00753	0.68534	0.00790
137	0.01171	0.00783	0.00888	0.00896	0.00898	0.00781	0.00503	0.01178	0.01197	0.01596	0.02642	0.08246	0.03058	0.68400	0.03992	0.00766	0.00773	0.01230	0.00503	0.00499
138	0.05124	0.00766	0.00952	0.01100	0.01194	0.00728	0.00750	0.01215	0.01593	0.02209	0.06818	0.60177	0.09656	0.02377	0.00998	0.00318	0.00472	0.02131	0.00745	0.00677
139	0.08527	0.01346	0.01672	0.01373	0.01875	0.01282	0.01095	0.03441	0.11130	0.42270	0.06664	0.06728	0.02547	0.05070	0.00999	0.00289	0.00655	0.00941	0.00892	0.01205
140	0.77215	0.01569	0.01193	0.01067	0.01569	0.01820	0.00879	0.02385	0.01381	0.03641	0.01130	0.01318	0.00879	0.00753	0.00502	0.00251	0.00628	0.00439	0.00502	0.00879
141	0.01159	0.00778	0.00891	0.00912	0.00917	0.00772	0.00521	0.01174	0.01221	0.01629	0.02769	0.12601	0.03218	0.63826	0.03786	0.00736	0.00752	0.01305	0.00521	0.00510
142	0.01012	0.00721	0.00953	0.01110	0.01169	0.00674	0.00744	0.01171	0.01612	0.02169	0.10443	0.62081	0.05500	0.05079	0.01146	0.00340	0.00474	0.02181	0.00757	0.00663
143	0.01683	0.01442	0.01683	0.01202	0.01923	0.01082	0.00961	0.02043	0.01683	0.02644	0.01442	0.01683	0.01202	0.00601	0.00601	0.00120	0.00601	0.00481	0.00481	0.76444
144	0.01159	0.00869	0.01304	0.01304	0.01449	0.01014	0.01014	0.01449	0.01304	0.01884	0.02173	0.03188	0.02029	0.06086	0.68268	0.01304	0.02173	0.00869	0.00435	0.00724
145	0.01053	0.00827	0.00960	0.01010	0.01204	0.00750	0.00740	0.01351	0.04091	0.02381	0.16028	0.26480	0.33069	0.02113	0.00985	0.00293	0.00449	0.04724	0.00778	0.00715
146	0.01160	0.00865	0.01281	0.01281	0.01418	0.01002	0.00986	0.01434	0.01297	0.01867	0.02194	0.03303	0.02079	0.09640	0.64781	0.01276	0.02098	0.00886	0.00438	0.00712
147	0.00987	0.00712	0.00935	0.01113	0.01173	0.00660	0.00746	0.01132	0.01570	0.02078	0.04675	0.67531	0.08658	0.02516	0.01032	0.00327	0.00468	0.02275	0.00753	0.00660
148	0.01683	0.01442	0.01683	0.01202	0.01923	0.01082	0.00961	0.02043	0.01683	0.02644	0.01442	0.01683	0.01202	0.00601	0.00601	0.00120	0.00601	0.00481	0.00481	0.76444
149	0.01035	0.00812	0.00921	0.00918	0.01129	0.00714	0.00670	0.01280	0.01930	0.02489	0.26136	0.12926	0.38287	0.05746	0.01138	0.00301	0.00428	0.01660	0.00784	0.00698
150	0.03085	0.02273	0.02435	0.01867	0.02516	0.02516	0.01542	0.63716	0.03815	0.05114	0.01948	0.01948	0.01380	0.00974	0.00812	0.00244	0.00893	0.00731	0.00812	0.01380
151	0.03085	0.02273	0.02435	0.01867	0.02516	0.02516	0.01542	0.63716	0.03815	0.05114	0.01948	0.01948	0.01380	0.00974	0.00812	0.00244	0.00893	0.00731	0.00812	0.01380
152	0.01599	0.01075	0.01462	0.01361	0.01579	0.01207	0.01056	0.04936	0.05142	0.09104	0.02327	0.03225	0.02071	0.11449	0.44400	0.00985	0.04757	0.00884	0.00539	0.00843
153	0.01160	0.00765	0.01016	0.01152	0.01253	0.00709	0.00804	0.01336	0.01654	0.05781	0.07025	0.58880	0.07404	0.02386	0.01022	0.00323	0.00492	0.05356	0.00773	0.00710
154	0.03031	0.03867	0.02299	0.02090	0.02508	0.68226	0.01568	0.03240	0.02299	0.01986	0.01254	0.01463	0.01045	0.00836	0.00732	0.00209	0.01463	0.00523	0.00418	0.00941
155	0.02350	0.01686	0.02124	0.12239	0.02774	0.01859	0.04362	0.08486	0.34684	0.16152	0.02809	0.02715	0.02021	0.01007	0.00827	0.00267	0.00774	0.00854	0.00769	0.01243
156	0.03641	0.01381	0.01883	0.01444	0.02071	0.01193	0.01193	0.03954	0.02322	0.66984	0.03201	0.02762	0.02009	0.01004	0.00816	0.00251	0.00690	0.00816	0.01004	0.01381
157	0.01532	0.01442	0.02434	0.69533	0.05589	0.01803	0.02253	0.02073	0.01622	0.02073	0.01442	0.02163	0.01082	0.00811	0.00811	0.00270	0.01082	0.00721	0.00361	0.00901
158	0.01409	0.00705	0.01057	0.01057	0.01057	0.00705	0.00705	0.01057	0.01057	0.01409	0.01409	0.02467	0.01409	0.02819	0.03171	0.76392	0.00705	0.00705	0.00352	0.00352
159	0.03085	0.02273	0.02435	0.01867	0.02516	0.02516	0.01542	0.63716	0.03815	0.05114	0.01948	0.01948	0.01380	0.00974	0.00812	0.00244	0.00893	0.00731	0.00812	0.01380
160	0.01409	0.00705	0.01057	0.01057	0.01057	0.00705	0.00705	0.01057	0.01057	0.01409	0.01409	0.02467	0.01409	0.02819	0.03171	0.76392	0.00705	0.00705	0.00352	0.00352
161	0.77215	0.01569	0.01193	0.01067	0.01569	0.01820	0.00879	0.02385	0.01381	0.03641	0.01130	0.01318	0.00879	0.00753	0.00502	0.00251	0.00628	0.00439	0.00502	0.00879
162	0.02169	0.71972	0.04252	0.01388	0.02083	0.03211	0.01388	0.02430	0.01649	0.01909	0.01128	0.01302	0.01041	0.00694	0.00521	0.00174	0.00868	0.00434	0.00347	0.01041
163	0.01915	0.02189	0.04788	0.03420	0.04241	0.02052	0.63475	0.02599	0.01915	0.02599	0.01642	0.02189	0.01231	0.00684	0.00958	0.00274	0.01368	0.00958	0.00410	0.01094
164	0.02018	0.01743	0.01835	0.01651	0.02110	0.02018	0.01284	0.04312	0.64956	0.03394	0.03303	0.03027	0.02477	0.01101	0.00826	0.00275	0.00642	0.00917	0.00826	0.01284
165	0.02454	0.02019	0.02076	0.01748	0.02277	0.04629	0.01391	0.26484	0.39801	0.03986	0.02721	0.02567	0.02014	0.01044	0.00817	0.00261	0.00766	0.00833	0.00806	0.01307
166	0.01129	0.00815	0.01042	0.01144	0.01257	0.00778	0.00810	0.03777	0.01774	0.02375	0.13269	0.47546	0.08664	0.05580	0.01165	0.00338	0.00508	0.06562	0.00763	0.00704
167	0.09670	0.01932	0.02160	0.05520	0.02398	0.02206	0.01448	0.39763	0.05320	0.04053	0.01754	0.01978	0.01331	0.01179	0.01202	0.07925	0.07638	0.00705	0.00667	0.01150
168	0.77215	0.01569	0.01193	0.01067	0.01569	0.01820	0.00879	0.02385	0.01381	0.03641	0.01130	0.01318	0.00879	0.00753	0.00502	0.00251	0.00628	0.00439	0.00502	0.00879
169	0.00989	0.00706	0.00942	0.01130	0.01177	0.00659	0.00753	0.01130	0.01554	0.02071	0.04472	0.70954	0.05367	0.02542	0.01036	0.00330	0.00471	0.02307	0.00753	0.00659
170	0.01013	0.00735	0.00949	0.01099	0.01179	0.00682	0.00752	0.01177	0.01622	0.02146	0.08253	0.56802	0.11131	0.04828	0.01134	0.00337	0.00481	0.04262	0.00752	0.00665
171	0.02062	0.01834	0.01855	0.01670	0.02127	0.04850	0.01296	0.04266	0.62276	0.03334	0.03215	0.02960	0.02416	0.01090	0.00822	0.00272	0.00677	0.00901	0.00808	0.01270
172	0.01775	0.01775	0.02485	0.02130	0.02130	0.02485	0.01775	0.01953	0.01243	0.01953	0.01065	0.01775	0.01065	0.01420	0.02663	0.00355	0.69998	0.00710	0.00355	0.00888
