[name]
unknown

[dist]
# distance from previous block
# <min> <max>
0	1

[block]
# block no. 0 follows, 25 sequences, length 22
# corresponding to MSA columns:
# 1-22
name=unknown_A
#
# <colnr> <probs for GDERKNQSTAVLIFYWHMCP>
#	G	D	E	R	K	N	Q	S	T	A	V	L	I	F	Y	W	H	M	C	P
0	0.01249	0.00892	0.01249	0.01428	0.01606	0.00892	0.01249	0.01606	0.01785	0.02320	0.04105	0.08746	0.04462	0.02142	0.01071	0.00357	0.00714	0.62695	0.00714	0.00714
1	0.02060	0.62942	0.10510	0.01448	0.02147	0.06083	0.01490	0.02372	0.01611	0.01891	0.01115	0.01291	0.00994	0.00677	0.00531	0.00175	0.00888	0.00435	0.00334	0.01006
2	0.01097	0.00793	0.01036	0.00975	0.01158	0.00732	0.00732	0.01463	0.02195	0.03109	0.67505	0.05792	0.07316	0.01585	0.00914	0.00244	0.00366	0.01402	0.00854	0.00732
3	0.01097	0.00793	0.01036	0.00975	0.01158	0.00732	0.00732	0.01463	0.02195	0.03109	0.67505	0.05792	0.07316	0.01585	0.00914	0.00244	0.00366	0.01402	0.00854	0.00732
4	0.02874	0.02129	0.02288	0.01749	0.02374	0.02330	0.01443	0.61873	0.03534	0.04758	0.01835	0.01848	0.01309	0.00911	0.00765	0.00226	0.00838	0.00685	0.00758	0.05472
5	0.01608	0.01378	0.01608	0.01148	0.01837	0.01034	0.00919	0.01952	0.01608	0.02527	0.01378	0.01608	0.01148	0.00574	0.00574	0.00115	0.00574	0.00459	0.00459	0.77491
6	0.01629	0.13841	0.59548	0.02084	0.03162	0.01981	0.02646	0.02436	0.01628	0.02366	0.01347	0.01581	0.00984	0.00726	0.00703	0.00234	0.01101	0.00550	0.00328	0.01124
7	0.00953	0.00681	0.00907	0.01074	0.01126	0.00635	0.00720	0.01101	0.01523	0.02041	0.07721	0.68621	0.05247	0.02383	0.00986	0.00311	0.00445	0.02160	0.00727	0.00635
8	0.02896	0.03695	0.02197	0.01998	0.02397	0.69638	0.01498	0.03096	0.02197	0.01898	0.01199	0.01398	0.00999	0.00799	0.00699	0.00200	0.01398	0.00499	0.00400	0.00899
9	0.02947	0.02172	0.02327	0.01784	0.02404	0.02404	0.01474	0.65329	0.03646	0.04887	0.01862	0.01862	0.01319	0.00931	0.00776	0.00233	0.00853	0.00698	0.00776	0.01319
10	0.00940	0.00695	0.00879	0.01027	0.01111	0.00634	0.00696	0.01086	0.01535	0.02000	0.04916	0.60624	0.16335	0.02346	0.00977	0.00305	0.00440	0.02102	0.00720	0.00634
11	0.00945	0.00675	0.00900	0.01080	0.01125	0.00630	0.00720	0.01080	0.01484	0.01979	0.04274	0.72245	0.05128	0.02429	0.00990	0.00315	0.00450	0.02204	0.00720	0.00630
12	0.01608	0.01378	0.01608	0.01148	0.01837	0.01034	0.00919	0.01952	0.01608	0.02527	0.01378	0.01608	0.01148	0.00574	0.00574	0.00115	0.00574	0.00459	0.00459	0.77491
13	0.02041	0.68967	0.08035	0.01381	0.02074	0.02990	0.01421	0.02330	0.01579	0.01863	0.01097	0.01268	0.00994	0.00668	0.00512	0.00171	0.00849	0.00424	0.00331	0.01004
14	0.01555	0.04011	0.68733	0.02210	0.03356	0.01801	0.02865	0.02455	0.01637	0.02455	0.01391	0.01637	0.00982	0.00737	0.00737	0.00246	0.01146	0.00573	0.00327	0.01146
15	0.00916	0.00785	0.00785	0.00785	0.01047	0.00655	0.00589	0.01113	0.01767	0.02095	0.07855	0.07462	0.67599	0.01964	0.00916	0.00262	0.00393	0.01636	0.00720	0.00655
16	0.01249	0.00892	0.01249	0.01428	0.01606	0.00892	0.01249	0.01606	0.01785	0.02320	0.04105	0.08746	0.04462	0.02142	0.01071	0.00357	0.00714	0.62695	0.00714	0.00714
17	0.02073	0.73217	0.04063	0.01327	0.01990	0.03068	0.01327	0.02322	0.01575	0.01824	0.01078	0.01244	0.00995	0.00663	0.00498	0.00166	0.00829	0.00415	0.00332	0.00995
18	0.01929	0.01666	0.01753	0.01578	0.02016	0.01929	0.01227	0.04120	0.66513	0.03243	0.03156	0.02893	0.02367	0.01052	0.00789	0.00263	0.00614	0.00877	0.00789	0.01227
19	0.01555	0.04011	0.68733	0.02210	0.03356	0.01801	0.02865	0.02455	0.01637	0.02455	0.01391	0.01637	0.00982	0.00737	0.00737	0.00246	0.01146	0.00573	0.00327	0.01146
20	0.03322	0.04843	0.05068	0.01416	0.02045	0.01262	0.01230	0.03647	0.02161	0.62186	0.02887	0.02526	0.01831	0.00935	0.00764	0.00237	0.00691	0.00753	0.00900	0.01296
21	0.00949	0.00796	0.00831	0.00848	0.01102	0.00678	0.00653	0.01161	0.01769	0.02117	0.07490	0.07587	0.61451	0.01981	0.00931	0.00271	0.00424	0.07583	0.00719	0.00660

[dist]
# distance from previous block
# <min> <max>
1	3

[block]
# block no. 1 follows, 25 sequences, length 6
# corresponding to MSA columns:
# 26-31
name=unknown_B
#
# <colnr> <probs for GDERKNQSTAVLIFYWHMCP>
#	G	D	E	R	K	N	Q	S	T	A	V	L	I	F	Y	W	H	M	C	P
0	0.06785	0.28686	0.37164	0.01744	0.02619	0.02196	0.02058	0.02341	0.01624	0.02331	0.04893	0.01698	0.01326	0.00756	0.00643	0.00216	0.00952	0.00551	0.00368	0.01048
1	0.01507	0.19221	0.11701	0.01308	0.01766	0.01488	0.01259	0.01875	0.01791	0.05586	0.17196	0.11000	0.10864	0.01399	0.00806	0.00248	0.00664	0.08848	0.00607	0.00865
2	0.01585	0.01290	0.01511	0.01196	0.01725	0.01075	0.00927	0.08121	0.01783	0.02634	0.02117	0.18472	0.02114	0.01052	0.00694	0.00174	0.00573	0.00899	0.00553	0.51505
3	0.01929	0.01716	0.02127	0.01694	0.02112	0.07989	0.06364	0.02217	0.01605	0.08715	0.01558	0.04888	0.01348	0.00966	0.01266	0.00226	0.22779	0.00677	0.00472	0.29353
4	0.06583	0.02135	0.08583	0.01647	0.02292	0.05719	0.01447	0.30958	0.06286	0.16082	0.01987	0.01961	0.01398	0.00870	0.00734	0.00224	0.00822	0.00662	0.00699	0.08912
5	0.01868	0.07398	0.22912	0.02481	0.03304	0.01970	0.29864	0.10800	0.02022	0.02792	0.05706	0.02104	0.01516	0.00775	0.00816	0.00245	0.01107	0.00782	0.00450	0.01088

[dist]
# distance from previous block
# <min> <max>
1	15

[block]
# block no. 2 follows, 25 sequences, length 10
# corresponding to MSA columns:
# 47-56
name=unknown_C
#
# <colnr> <probs for GDERKNQSTAVLIFYWHMCP>
#	G	D	E	R	K	N	Q	S	T	A	V	L	I	F	Y	W	H	M	C	P
0	0.01884	0.35418	0.19383	0.01528	0.02315	0.02243	0.01620	0.05719	0.01712	0.02312	0.01269	0.01460	0.01045	0.00675	0.00590	0.00177	0.00849	0.00480	0.00385	0.18936
1	0.02612	0.01546	0.01810	0.01478	0.02020	0.01575	0.01187	0.09203	0.29411	0.29471	0.02845	0.02586	0.01987	0.00962	0.00765	0.00238	0.00650	0.00785	0.00827	0.08044
2	0.01897	0.01669	0.02449	0.01830	0.02452	0.01564	0.17326	0.15431	0.05468	0.03040	0.04827	0.06527	0.01789	0.00858	0.00756	0.00203	0.00804	0.00801	0.00560	0.29750
3	0.01251	0.00821	0.01080	0.01011	0.01213	0.00753	0.00759	0.01597	0.02147	0.07541	0.58693	0.10160	0.06793	0.01600	0.00910	0.00248	0.00392	0.01415	0.00852	0.00765
4	0.01608	0.01378	0.01608	0.01148	0.01837	0.01034	0.00919	0.01952	0.01608	0.02527	0.01378	0.01608	0.01148	0.00574	0.00574	0.00115	0.00574	0.00459	0.00459	0.77491
5	0.01249	0.00892	0.01249	0.01428	0.01606	0.00892	0.01249	0.01606	0.01785	0.02320	0.04105	0.08746	0.04462	0.02142	0.01071	0.00357	0.00714	0.62695	0.00714	0.00714
6	0.01555	0.04011	0.68733	0.02210	0.03356	0.01801	0.02865	0.02455	0.01637	0.02455	0.01391	0.01637	0.00982	0.00737	0.00737	0.00246	0.01146	0.00573	0.00327	0.01146
7	0.01845	0.01593	0.01673	0.01512	0.01936	0.01823	0.01174	0.03871	0.61160	0.03148	0.03544	0.03271	0.07761	0.01127	0.00799	0.00263	0.00595	0.00939	0.00783	0.01180
8	0.01837	0.41715	0.33500	0.01729	0.02612	0.02491	0.02027	0.02383	0.01603	0.02112	0.01221	0.01423	0.00989	0.00697	0.00606	0.00202	0.00973	0.00487	0.00330	0.01064
9	0.01544	0.01078	0.01375	0.01411	0.05661	0.01082	0.00984	0.02255	0.15990	0.09633	0.28755	0.19184	0.04814	0.01533	0.00880	0.00262	0.00504	0.01354	0.00791	0.00909

[dist]
# distance from previous block
# <min> <max>
4	8

[block]
# block no. 3 follows, 25 sequences, length 7
# corresponding to MSA columns:
# 65-71
name=unknown_D
#
# <colnr> <probs for GDERKNQSTAVLIFYWHMCP>
#	G	D	E	R	K	N	Q	S	T	A	V	L	I	F	Y	W	H	M	C	P
0	0.05351	0.08754	0.02171	0.01672	0.05287	0.07436	0.01304	0.25415	0.06506	0.16895	0.02657	0.02573	0.08584	0.01000	0.00748	0.00230	0.00785	0.00773	0.00705	0.01154
1	0.01236	0.00780	0.00998	0.01048	0.01209	0.00704	0.00745	0.01432	0.01714	0.09339	0.13933	0.44411	0.15367	0.02071	0.00944	0.00288	0.00451	0.01840	0.00765	0.00723
2	0.01877	0.01415	0.01280	0.01161	0.01468	0.09003	0.00895	0.09502	0.15182	0.03072	0.02432	0.02607	0.01878	0.00925	0.00636	0.00205	0.00586	0.00726	0.44239	0.00912
3	0.02165	0.01639	0.01823	0.01472	0.01963	0.01702	0.01174	0.34446	0.06681	0.03773	0.09665	0.12088	0.02565	0.01159	0.00787	0.00227	0.00679	0.00957	0.00723	0.14313
4	0.10464	0.14178	0.02190	0.01646	0.07139	0.05741	0.01247	0.09568	0.11431	0.15104	0.09622	0.02565	0.03993	0.00961	0.00713	0.00227	0.00720	0.00754	0.00657	0.01081
5	0.13705	0.05945	0.01819	0.01374	0.01898	0.01591	0.01125	0.06194	0.18982	0.31642	0.05824	0.02540	0.02064	0.00960	0.00727	0.00241	0.00644	0.00757	0.00792	0.01176
6	0.02267	0.01729	0.01788	0.01529	0.02017	0.08135	0.01224	0.10030	0.26032	0.13919	0.02661	0.03075	0.02109	0.01054	0.00778	0.00239	0.00729	0.07783	0.00722	0.12182

[dist]
# distance from previous block
# <min> <max>
31	65

[block]
# block no. 4 follows, 25 sequences, length 12
# corresponding to MSA columns:
# 143-154
name=unknown_E
#
# <colnr> <probs for GDERKNQSTAVLIFYWHMCP>
#	G	D	E	R	K	N	Q	S	T	A	V	L	I	F	Y	W	H	M	C	P
0	0.02057	0.01632	0.01953	0.01809	0.09813	0.01598	0.01278	0.12421	0.20307	0.07209	0.02069	0.02111	0.01576	0.00802	0.00701	0.00196	0.00674	0.00661	0.00623	0.30509
1	0.07305	0.01319	0.01454	0.01283	0.01587	0.09085	0.04374	0.02021	0.02024	0.10854	0.34623	0.08130	0.06506	0.03218	0.00928	0.00260	0.00618	0.02844	0.00735	0.00834
2	0.02093	0.01418	0.01640	0.01374	0.01777	0.01483	0.01089	0.23357	0.10715	0.11400	0.26415	0.07397	0.03934	0.01272	0.00841	0.00246	0.00599	0.01072	0.00825	0.01054
3	0.15255	0.01717	0.01755	0.01512	0.01998	0.01953	0.01203	0.15037	0.41295	0.06113	0.02558	0.02414	0.01895	0.00969	0.00733	0.00253	0.00657	0.00762	0.00740	0.01181
4	0.24862	0.01831	0.02396	0.01826	0.02442	0.01912	0.16452	0.20635	0.05734	0.03522	0.01573	0.01764	0.01180	0.00766	0.00698	0.00229	0.00840	0.00649	0.00559	0.10132
5	0.46620	0.01803	0.01535	0.01320	0.01815	0.06527	0.01067	0.14541	0.12285	0.03599	0.01569	0.01645	0.01186	0.00818	0.00600	0.00240	0.00704	0.00551	0.00580	0.00996
6	0.01016	0.00759	0.00954	0.01090	0.01185	0.00730	0.00746	0.01311	0.06402	0.02085	0.04514	0.61150	0.10588	0.02283	0.00968	0.00306	0.00457	0.02053	0.00725	0.00677
7	0.01920	0.01831	0.03530	0.02530	0.03272	0.01638	0.42133	0.02459	0.01806	0.08480	0.01653	0.02012	0.01236	0.00660	0.00812	0.00220	0.01052	0.00781	0.00462	0.21513
8	0.01873	0.01796	0.03064	0.11419	0.61612	0.01830	0.02357	0.02339	0.01744	0.02478	0.01450	0.01934	0.01209	0.00699	0.00768	0.00233	0.00932	0.00691	0.00380	0.01191
9	0.00979	0.00749	0.00956	0.01075	0.01158	0.00726	0.00747	0.01127	0.01522	0.01995	0.04771	0.56441	0.16576	0.02286	0.01058	0.00306	0.04164	0.02018	0.00700	0.00646
10	0.02464	0.01824	0.02073	0.01649	0.02220	0.01947	0.03360	0.29436	0.24163	0.10115	0.02342	0.02258	0.01701	0.00923	0.00761	0.00230	0.00736	0.00744	0.00748	0.10306
11	0.02830	0.01685	0.01943	0.01564	0.02119	0.01768	0.01268	0.22368	0.22944	0.28779	0.02730	0.02486	0.01880	0.00980	0.00781	0.00245	0.00703	0.00786	0.00851	0.01290

[dist]
# distance from previous block
# <min> <max>
2	5

[block]
# block no. 5 follows, 25 sequences, length 14
# corresponding to MSA columns:
# 160-173
name=unknown_F
#
# <colnr> <probs for GDERKNQSTAVLIFYWHMCP>
#	G	D	E	R	K	N	Q	S	T	A	V	L	I	F	Y	W	H	M	C	P
0	0.01987	0.01471	0.01634	0.01389	0.01774	0.01555	0.01091	0.34026	0.02721	0.03632	0.11890	0.19142	0.11422	0.01491	0.00861	0.00257	0.00638	0.01254	0.00766	0.00999
1	0.02334	0.01522	0.02002	0.01472	0.02135	0.01317	0.06393	0.10641	0.02063	0.21702	0.01937	0.01976	0.01393	0.00737	0.00687	0.00178	0.00695	0.00620	0.00638	0.39558
2	0.09510	0.01340	0.01725	0.01326	0.01925	0.01179	0.01092	0.03470	0.02083	0.56407	0.02725	0.02420	0.01752	0.00901	0.00734	0.00227	0.00646	0.00718	0.00869	0.08949
3	0.02899	0.03605	0.02205	0.01985	0.02397	0.65629	0.01497	0.06807	0.02284	0.02076	0.01238	0.01426	0.01018	0.00807	0.00704	0.00202	0.01366	0.00511	0.00422	0.00924
4	0.01683	0.01678	0.02372	0.06090	0.02230	0.02336	0.01723	0.01873	0.01209	0.01873	0.01039	0.01718	0.01019	0.01323	0.02440	0.00335	0.67192	0.00679	0.00340	0.00849
5	0.01830	0.02092	0.04575	0.03268	0.04052	0.01961	0.65098	0.02484	0.01830	0.02484	0.01569	0.02092	0.01176	0.00654	0.00915	0.00261	0.01307	0.00915	0.00392	0.01046
6	0.00925	0.00752	0.00820	0.00874	0.01071	0.00647	0.00628	0.01103	0.01682	0.02060	0.06778	0.26941	0.48815	0.02104	0.00938	0.00278	0.00410	0.01807	0.00720	0.00647
7	0.00916	0.00785	0.00785	0.00785	0.01047	0.00655	0.00589	0.01113	0.01767	0.02095	0.07855	0.07462	0.67599	0.01964	0.00916	0.00262	0.00393	0.01636	0.00720	0.00655
8	0.00940	0.00694	0.00880	0.01029	0.01111	0.00634	0.00697	0.01085	0.01533	0.01999	0.04894	0.61023	0.15950	0.02349	0.00977	0.00306	0.00440	0.02106	0.00720	0.00634
9	0.02901	0.03558	0.02209	0.01978	0.02398	0.63590	0.01496	0.08695	0.02328	0.02167	0.01258	0.01440	0.01028	0.00811	0.00706	0.00203	0.01349	0.00517	0.00433	0.00937
10	0.01919	0.01842	0.03147	0.04759	0.67914	0.01842	0.02380	0.02380	0.01765	0.02533	0.01458	0.01919	0.01228	0.00691	0.00768	0.00230	0.00921	0.00691	0.00384	0.01228
11	0.01085	0.00783	0.01025	0.00984	0.01156	0.00723	0.00731	0.01431	0.02136	0.03015	0.62231	0.11335	0.07133	0.01656	0.00921	0.00250	0.00373	0.01469	0.00842	0.00723
12	0.03372	0.01491	0.01905	0.01461	0.02065	0.01394	0.01207	0.16156	0.02506	0.55669	0.02818	0.02483	0.01799	0.00954	0.00779	0.00238	0.00699	0.00763	0.00923	0.01319
13	0.08599	0.01760	0.01994	0.01548	0.02131	0.01835	0.01275	0.36200	0.02908	0.26860	0.05323	0.02274	0.01776	0.00956	0.00762	0.00236	0.00744	0.00739	0.00822	0.01256

[dist]
# distance from previous block
# <min> <max>
5	13

[block]
# block no. 6 follows, 25 sequences, length 36
# corresponding to MSA columns:
# 187-222
name=unknown_G
#
# <colnr> <probs for GDERKNQSTAVLIFYWHMCP>
#	G	D	E	R	K	N	Q	S	T	A	V	L	I	F	Y	W	H	M	C	P
0	0.05449	0.01511	0.01850	0.01472	0.02022	0.01483	0.04047	0.03072	0.22399	0.17017	0.02286	0.02252	0.01685	0.00859	0.00798	0.00213	0.04221	0.00692	0.00664	0.26009
1	0.02047	0.01888	0.03532	0.02619	0.03273	0.01871	0.40782	0.02970	0.15863	0.10671	0.02071	0.02315	0.01518	0.00807	0.00940	0.00262	0.04034	0.00880	0.00545	0.01110
2	0.01428	0.00974	0.01193	0.01095	0.01352	0.00942	0.00833	0.05557	0.07422	0.08113	0.41408	0.11694	0.11790	0.01573	0.00893	0.00253	0.00448	0.01370	0.00826	0.00835
3	0.01120	0.00927	0.01015	0.01000	0.01265	0.00857	0.00738	0.01593	0.10789	0.02261	0.05783	0.22752	0.37438	0.01845	0.00890	0.00264	0.00452	0.01581	0.00709	0.06722
4	0.01901	0.01800	0.02943	0.04286	0.58636	0.01802	0.02199	0.02496	0.07042	0.02591	0.01592	0.01980	0.01316	0.00713	0.00758	0.00226	0.00876	0.00692	0.00421	0.05728
5	0.01789	0.01961	0.04032	0.02880	0.03647	0.01791	0.53351	0.02386	0.01789	0.02492	0.01534	0.02003	0.01171	0.00639	0.00853	0.00235	0.01173	0.00832	0.00404	0.15037
6	0.12416	0.14125	0.49445	0.01909	0.02888	0.01984	0.02347	0.02410	0.01583	0.02504	0.01300	0.01524	0.00964	0.00723	0.00664	0.00233	0.01021	0.00527	0.00349	0.01080
7	0.78228	0.01499	0.01140	0.01020	0.01499	0.01739	0.00840	0.02279	0.01320	0.03479	0.01080	0.01260	0.00840	0.00720	0.00480	0.00240	0.00600	0.00420	0.00480	0.00840
8	0.01830	0.02092	0.04575	0.03268	0.04052	0.01961	0.65098	0.02484	0.01830	0.02484	0.01569	0.02092	0.01176	0.00654	0.00915	0.00261	0.01307	0.00915	0.00392	0.01046
9	0.01912	0.01863	0.03264	0.04637	0.62701	0.01852	0.07500	0.02388	0.01771	0.02529	0.01467	0.01933	0.01224	0.00688	0.00780	0.00233	0.00953	0.00709	0.00384	0.01213
10	0.00970	0.00686	0.00892	0.01047	0.01085	0.00647	0.00685	0.01086	0.01434	0.01912	0.04016	0.62798	0.04803	0.12319	0.01405	0.00376	0.00492	0.02053	0.00685	0.00607
11	0.01020	0.00731	0.00978	0.01106	0.01200	0.00689	0.00797	0.01236	0.01680	0.02271	0.17864	0.49007	0.05506	0.02207	0.00985	0.00306	0.00469	0.10539	0.00748	0.00664
12	0.01097	0.00793	0.01036	0.00975	0.01158	0.00732	0.00732	0.01463	0.02195	0.03109	0.67505	0.05792	0.07316	0.01585	0.00914	0.00244	0.00366	0.01402	0.00854	0.00732
13	0.02038	0.01621	0.01786	0.05068	0.02181	0.01851	0.01267	0.03983	0.57715	0.08769	0.03058	0.02829	0.02261	0.01030	0.00787	0.00261	0.00639	0.00859	0.00781	0.01217
14	0.20729	0.01520	0.01620	0.01383	0.01881	0.01643	0.01107	0.03574	0.31268	0.23163	0.02628	0.02423	0.01864	0.00944	0.00712	0.00250	0.00624	0.00737	0.00767	0.01162
15	0.00927	0.00744	0.00828	0.00896	0.01076	0.00645	0.00638	0.01100	0.01661	0.02051	0.06514	0.31711	0.44216	0.02138	0.00944	0.00282	0.00414	0.01849	0.00720	0.00645
16	0.54168	0.01652	0.01461	0.01213	0.01743	0.01844	0.00998	0.17399	0.01901	0.03743	0.01291	0.01431	0.00979	0.00759	0.00558	0.00228	0.00659	0.00490	0.00549	0.06933
17	0.01919	0.01842	0.03147	0.04759	0.67914	0.01842	0.02380	0.02380	0.01765	0.02533	0.01458	0.01919	0.01228	0.00691	0.00768	0.00230	0.00921	0.00691	0.00384	0.01228
18	0.12677	0.01808	0.01912	0.01555	0.02085	0.01980	0.01266	0.36518	0.12430	0.06569	0.02189	0.05798	0.01749	0.01031	0.00752	0.00242	0.00737	0.03299	0.00725	0.04678
19	0.78228	0.01499	0.01140	0.01020	0.01499	0.01739	0.00840	0.02279	0.01320	0.03479	0.01080	0.01260	0.00840	0.00720	0.00480	0.00240	0.00600	0.00420	0.00480	0.00840
20	0.01830	0.02092	0.04575	0.03268	0.04052	0.01961	0.65098	0.02484	0.01830	0.02484	0.01569	0.02092	0.01176	0.00654	0.00915	0.00261	0.01307	0.00915	0.00392	0.01046
21	0.01674	0.01417	0.01643	0.01180	0.01865	0.01101	0.00946	0.05071	0.01708	0.02643	0.01402	0.01620	0.01157	0.00592	0.00584	0.00121	0.00588	0.00471	0.00475	0.73742
22	0.00918	0.00778	0.00794	0.00806	0.01053	0.00653	0.00598	0.01110	0.01747	0.02086	0.07599	0.12079	0.63147	0.01997	0.00922	0.00266	0.00397	0.01677	0.00720	0.00653
23	0.01124	0.00807	0.01063	0.01044	0.01217	0.00759	0.00804	0.01471	0.02079	0.02907	0.54161	0.06243	0.06644	0.04919	0.01078	0.00286	0.00440	0.11424	0.00813	0.00717
24	0.00953	0.00678	0.00897	0.01069	0.01112	0.00635	0.00708	0.01082	0.01468	0.01958	0.04190	0.69184	0.05023	0.05633	0.01124	0.00335	0.00464	0.02155	0.00708	0.00622
25	0.02391	0.01799	0.03424	0.02503	0.03198	0.01683	0.38670	0.03046	0.07005	0.24663	0.02192	0.02338	0.01518	0.00787	0.00860	0.00254	0.01036	0.00867	0.00613	0.01152
26	0.00962	0.00687	0.00919	0.01099	0.01152	0.00645	0.00749	0.01109	0.01501	0.01998	0.04264	0.68682	0.05091	0.02413	0.00994	0.00317	0.00465	0.05598	0.00719	0.00635
27	0.01712	0.01440	0.01664	0.01198	0.01882	0.01141	0.00962	0.06895	0.01767	0.02711	0.01416	0.01628	0.01162	0.00602	0.00590	0.00124	0.00596	0.00478	0.00484	0.71550
28	0.01748	0.01782	0.02437	0.02050	0.02140	0.05046	0.04769	0.01951	0.01282	0.01931	0.01071	0.01699	0.01031	0.01260	0.02289	0.00318	0.61437	0.00672	0.00350	0.04738
29	0.02176	0.01630	0.01784	0.01564	0.02025	0.01823	0.01238	0.09110	0.50242	0.11466	0.03078	0.03043	0.02319	0.01080	0.00800	0.00262	0.00644	0.03687	0.00806	0.01223
30	0.47100	0.01447	0.01289	0.01145	0.01540	0.04379	0.00902	0.04732	0.04454	0.08498	0.01430	0.01697	0.01126	0.01158	0.01045	0.15525	0.00664	0.00535	0.00514	0.00819
31	0.02903	0.02200	0.02180	0.01707	0.02300	0.11263	0.01387	0.43469	0.03092	0.12812	0.01893	0.01882	0.01342	0.00888	0.00749	0.00220	0.00879	0.00663	0.00724	0.07448
32	0.01919	0.01842	0.03147	0.04759	0.67914	0.01842	0.02380	0.02380	0.01765	0.02533	0.01458	0.01919	0.01228	0.00691	0.00768	0.00230	0.00921	0.00691	0.00384	0.01228
33	0.02063	0.01432	0.01702	0.01243	0.01910	0.01165	0.01005	0.07463	0.01887	0.14895	0.01728	0.01819	0.01305	0.00675	0.00629	0.00148	0.00613	0.00538	0.00578	0.57204
34	0.41610	0.01460	0.01597	0.01294	0.01837	0.01511	0.04136	0.02958	0.03713	0.29947	0.01975	0.01914	0.01344	0.00825	0.00633	0.00242	0.00660	0.00605	0.00681	0.01058
35	0.04019	0.01507	0.01751	0.01472	0.01897	0.01618	0.03600	0.19069	0.22006	0.06520	0.19052	0.05316	0.06396	0.01205	0.00824	0.00250	0.00628	0.01018	0.00781	0.01071

[dist]
# distance from previous block
# <min> <max>
3	7

[block]
# block no. 7 follows, 25 sequences, length 15
# corresponding to MSA columns:
# 230-244
name=unknown_H
#
# <colnr> <probs for GDERKNQSTAVLIFYWHMCP>
#	G	D	E	R	K	N	Q	S	T	A	V	L	I	F	Y	W	H	M	C	P
0	0.11684	0.01396	0.01543	0.01354	0.01778	0.05033	0.01078	0.03003	0.13314	0.28785	0.05885	0.11579	0.02663	0.01244	0.00796	0.00261	0.00651	0.06108	0.00786	0.01060
1	0.01919	0.01842	0.03147	0.04759	0.67914	0.01842	0.02380	0.02380	0.01765	0.02533	0.01458	0.01919	0.01228	0.00691	0.00768	0.00230	0.00921	0.00691	0.00384	0.01228
2	0.05371	0.01626	0.01910	0.01484	0.02072	0.01613	0.01213	0.24683	0.06174	0.31659	0.02439	0.04265	0.01712	0.00948	0.00753	0.00227	0.00706	0.00752	0.00810	0.09582
3	0.02000	0.01979	0.03416	0.02496	0.03180	0.06987	0.38044	0.02500	0.01816	0.08053	0.01602	0.01962	0.01213	0.00705	0.00884	0.00226	0.04150	0.00762	0.00453	0.17572
4	0.01981	0.01384	0.01619	0.01303	0.01834	0.01281	0.01029	0.05561	0.17524	0.13953	0.07225	0.06989	0.02298	0.00966	0.00722	0.00200	0.00587	0.00808	0.00684	0.32051
5	0.01770	0.01671	0.02499	0.01886	0.02525	0.01575	0.19324	0.02774	0.21740	0.02736	0.01982	0.02143	0.01533	0.00745	0.00738	0.00202	0.00796	0.00718	0.00542	0.32101
6	0.01804	0.02014	0.04144	0.03026	0.03657	0.02042	0.52671	0.02363	0.01704	0.02363	0.01461	0.02014	0.01145	0.00791	0.01234	0.00277	0.15032	0.00869	0.00382	0.01007
7	0.01099	0.00760	0.00860	0.00860	0.00902	0.00751	0.00513	0.01140	0.01218	0.01597	0.03133	0.05275	0.11269	0.59768	0.07179	0.00715	0.00778	0.01178	0.00500	0.00506
8	0.01913	0.01858	0.03240	0.04663	0.63779	0.01850	0.06441	0.02386	0.01770	0.02530	0.01466	0.01930	0.01225	0.00688	0.00777	0.00232	0.00946	0.00705	0.00384	0.01216
9	0.01117	0.00806	0.01064	0.01035	0.01217	0.00753	0.00800	0.01482	0.02141	0.03006	0.59188	0.06179	0.06942	0.01658	0.00935	0.00259	0.00411	0.09443	0.00835	0.00729
10	0.01086	0.00784	0.01026	0.00983	0.01156	0.00724	0.00731	0.01435	0.02142	0.03025	0.62797	0.10740	0.07153	0.01648	0.00920	0.00249	0.00372	0.01462	0.00844	0.00724
11	0.02014	0.01708	0.01801	0.01595	0.02049	0.01968	0.01248	0.09230	0.61265	0.03381	0.03048	0.02807	0.02279	0.01042	0.00788	0.00260	0.00634	0.00862	0.00788	0.01235
12	0.01498	0.00973	0.01088	0.00989	0.01324	0.00879	0.00765	0.01931	0.08550	0.14281	0.11157	0.05990	0.44313	0.01659	0.00878	0.00257	0.00462	0.01385	0.00781	0.00840
13	0.59816	0.03755	0.01326	0.01112	0.01570	0.01712	0.00924	0.07100	0.01598	0.03437	0.05780	0.02090	0.01548	0.00884	0.00571	0.00245	0.00619	0.04509	0.00538	0.00867
14	0.54826	0.01669	0.03671	0.01226	0.01750	0.01798	0.01039	0.10314	0.07121	0.08080	0.01496	0.01578	0.01106	0.00791	0.00571	0.00241	0.00655	0.00522	0.00570	0.00975

[dist]
# distance from previous block
# <min> <max>
6	27

[block]
# block no. 8 follows, 25 sequences, length 23
# corresponding to MSA columns:
# 272-294
name=unknown_I
#
# <colnr> <probs for GDERKNQSTAVLIFYWHMCP>
#	G	D	E	R	K	N	Q	S	T	A	V	L	I	F	Y	W	H	M	C	P
0	0.01049	0.00828	0.01277	0.01284	0.01417	0.00772	0.07073	0.01261	0.01597	0.02154	0.10993	0.57981	0.04980	0.02161	0.00974	0.00302	0.00525	0.01988	0.00702	0.00682
1	0.01830	0.02092	0.04575	0.03268	0.04052	0.01961	0.65098	0.02484	0.01830	0.02484	0.01569	0.02092	0.01176	0.00654	0.00915	0.00261	0.01307	0.00915	0.00392	0.01046
2	0.10632	0.01387	0.01728	0.01372	0.01937	0.01312	0.01123	0.03680	0.11323	0.52718	0.02878	0.02539	0.01877	0.00949	0.00751	0.00243	0.00647	0.00758	0.00888	0.01259
3	0.01822	0.02068	0.04442	0.03193	0.03930	0.01986	0.61254	0.02446	0.01791	0.02446	0.01535	0.02068	0.01167	0.00696	0.01014	0.00266	0.05553	0.00901	0.00389	0.01034
4	0.01811	0.02035	0.04259	0.03091	0.03762	0.02020	0.55977	0.02395	0.01738	0.02395	0.01489	0.02035	0.01154	0.00755	0.01149	0.00273	0.11381	0.00881	0.00385	0.01017
5	0.01010	0.00744	0.00970	0.01086	0.01195	0.00670	0.00739	0.01166	0.01497	0.02033	0.03988	0.65276	0.04736	0.02246	0.00949	0.00295	0.00462	0.02032	0.00694	0.08213
6	0.01919	0.01842	0.03147	0.04759	0.67914	0.01842	0.02380	0.02380	0.01765	0.02533	0.01458	0.01919	0.01228	0.00691	0.00768	0.00230	0.00921	0.00691	0.00384	0.01228
7	0.02126	0.01621	0.01759	0.01553	0.02012	0.01828	0.01216	0.04077	0.58305	0.11569	0.03143	0.02860	0.02310	0.01040	0.00788	0.00260	0.00620	0.00864	0.00811	0.01239
8	0.01062	0.00771	0.01005	0.01018	0.01172	0.00714	0.00753	0.01365	0.01983	0.02747	0.45921	0.21624	0.09584	0.01835	0.00942	0.00268	0.00408	0.05318	0.00807	0.00703
9	0.01830	0.02092	0.04575	0.03268	0.04052	0.01961	0.65098	0.02484	0.01830	0.02484	0.01569	0.02092	0.01176	0.00654	0.00915	0.00261	0.01307	0.00915	0.00392	0.01046
10	0.00937	0.00782	0.00791	0.00791	0.01028	0.00664	0.00578	0.01114	0.01705	0.02037	0.07329	0.07230	0.61309	0.08837	0.01211	0.00309	0.00428	0.01587	0.00696	0.00637
11	0.02583	0.01476	0.01766	0.01415	0.01979	0.01426	0.01138	0.05782	0.23425	0.31760	0.02721	0.02494	0.01896	0.00914	0.00743	0.00223	0.00635	0.00747	0.00799	0.16077
12	0.01919	0.01842	0.03147	0.04759	0.67914	0.01842	0.02380	0.02380	0.01765	0.02533	0.01458	0.01919	0.01228	0.00691	0.00768	0.00230	0.00921	0.00691	0.00384	0.01228
13	0.01919	0.01842	0.03147	0.04759	0.67914	0.01842	0.02380	0.02380	0.01765	0.02533	0.01458	0.01919	0.01228	0.00691	0.00768	0.00230	0.00921	0.00691	0.00384	0.01228
14	0.01915	0.01527	0.01670	0.01461	0.01911	0.01666	0.01140	0.03610	0.49198	0.07426	0.09313	0.03028	0.02699	0.01049	0.00778	0.00244	0.00588	0.00879	0.00772	0.09126
15	0.01761	0.01512	0.02191	0.01571	0.02273	0.01219	0.13309	0.02162	0.01687	0.06403	0.01514	0.01762	0.01199	0.00612	0.00652	0.00150	0.00721	0.00566	0.00476	0.58259
16	0.02034	0.01121	0.01415	0.01215	0.01581	0.01077	0.00954	0.02698	0.13485	0.24819	0.34829	0.04237	0.04657	0.01284	0.00848	0.00246	0.00507	0.01103	0.00877	0.01014
17	0.02947	0.02172	0.02327	0.01784	0.02404	0.02404	0.01474	0.65329	0.03646	0.04887	0.01862	0.01862	0.01319	0.00931	0.00776	0.00233	0.00853	0.00698	0.00776	0.01319
18	0.02556	0.01969	0.02109	0.01681	0.02252	0.02173	0.01364	0.42943	0.22211	0.04242	0.02215	0.02152	0.01619	0.00943	0.00766	0.00234	0.00764	0.00735	0.00759	0.06315
19	0.07784	0.01494	0.01823	0.01440	0.02012	0.01458	0.01178	0.11947	0.11507	0.46693	0.02791	0.02487	0.01836	0.00954	0.00762	0.00242	0.00675	0.00760	0.00881	0.01277
20	0.32658	0.01411	0.01538	0.01251	0.01794	0.01423	0.01028	0.03212	0.05821	0.38996	0.02290	0.02114	0.01524	0.00871	0.00663	0.00241	0.00633	0.00645	0.00761	0.01126
21	0.01622	0.01425	0.01804	0.01288	0.01984	0.01095	0.05152	0.01987	0.01622	0.02524	0.01391	0.01640	0.01150	0.00579	0.00597	0.00125	0.00623	0.00489	0.00455	0.72449
22	0.01067	0.00832	0.00995	0.01070	0.01292	0.00760	0.00879	0.01339	0.01792	0.02232	0.08629	0.07948	0.38009	0.02025	0.00983	0.00302	0.00530	0.27910	0.00723	0.00683

[dist]
# distance from previous block
# <min> <max>
0	2

[block]
# block no. 9 follows, 25 sequences, length 17
# corresponding to MSA columns:
# 297-313
name=unknown_J
#
# <colnr> <probs for GDERKNQSTAVLIFYWHMCP>
#	G	D	E	R	K	N	Q	S	T	A	V	L	I	F	Y	W	H	M	C	P
0	0.01919	0.01842	0.03147	0.04759	0.67914	0.01842	0.02380	0.02380	0.01765	0.02533	0.01458	0.01919	0.01228	0.00691	0.00768	0.00230	0.00921	0.00691	0.00384	0.01228
1	0.01079	0.00731	0.00860	0.00908	0.00920	0.00719	0.00537	0.01115	0.01223	0.01631	0.02933	0.23046	0.03437	0.53936	0.03155	0.00635	0.00671	0.01416	0.00537	0.00513
2	0.00933	0.00786	0.00808	0.00803	0.01057	0.00662	0.00602	0.01144	0.01806	0.02186	0.13232	0.07311	0.62165	0.01930	0.00916	0.00260	0.00390	0.01615	0.00732	0.00662
3	0.00935	0.00782	0.00791	0.00791	0.01029	0.00663	0.00578	0.01114	0.01710	0.02041	0.07367	0.07247	0.61760	0.08344	0.01190	0.00306	0.00425	0.01591	0.00697	0.00638
4	0.01929	0.01666	0.01753	0.01578	0.02016	0.01929	0.01227	0.04120	0.66513	0.03243	0.03156	0.02893	0.02367	0.01052	0.00789	0.00263	0.00614	0.00877	0.00789	0.01227
5	0.01919	0.01842	0.03147	0.04759	0.67914	0.01842	0.02380	0.02380	0.01765	0.02533	0.01458	0.01919	0.01228	0.00691	0.00768	0.00230	0.00921	0.00691	0.00384	0.01228
6	0.02486	0.01485	0.01749	0.01433	0.01974	0.01480	0.01145	0.03649	0.31216	0.28690	0.02841	0.02593	0.02002	0.00941	0.00752	0.00231	0.00626	0.00774	0.00805	0.13128
7	0.01045	0.00752	0.00990	0.01011	0.01147	0.00697	0.00728	0.01333	0.01953	0.02724	0.45968	0.28426	0.06571	0.01873	0.00940	0.00268	0.00394	0.01675	0.00808	0.00697
8	0.02901	0.03548	0.02210	0.01977	0.02398	0.63147	0.01496	0.09105	0.02337	0.02186	0.01263	0.01443	0.01030	0.00812	0.00707	0.00203	0.01346	0.00519	0.00436	0.00939
9	0.02932	0.02621	0.02289	0.01847	0.02402	0.22234	0.01481	0.46975	0.03218	0.04005	0.01666	0.01725	0.01224	0.00892	0.00753	0.00223	0.01014	0.00639	0.00665	0.01195
10	0.01875	0.01797	0.03068	0.11144	0.61872	0.01831	0.02358	0.02341	0.01745	0.02480	0.01451	0.01933	0.01209	0.00699	0.00768	0.00233	0.00932	0.00691	0.00380	0.01193
11	0.65164	0.01570	0.01243	0.01099	0.01562	0.04248	0.00895	0.06045	0.01557	0.03477	0.06048	0.01636	0.01354	0.00799	0.00538	0.00238	0.00628	0.00512	0.00522	0.00863
12	0.01086	0.00721	0.00952	0.01077	0.01169	0.00665	0.00738	0.01249	0.01585	0.05520	0.08952	0.61360	0.07461	0.02274	0.00971	0.00304	0.00452	0.02051	0.00742	0.00674
13	0.09972	0.02120	0.02066	0.01680	0.02225	0.08048	0.01357	0.39468	0.18072	0.04106	0.02033	0.02006	0.01491	0.00927	0.00744	0.00238	0.00820	0.00696	0.00718	0.01215
14	0.13034	0.01580	0.01759	0.01345	0.01961	0.01510	0.01097	0.17454	0.04404	0.17485	0.01875	0.01886	0.01354	0.00778	0.00660	0.00192	0.00664	0.00594	0.00656	0.29711
15	0.01802	0.02002	0.04204	0.03003	0.03775	0.01845	0.57062	0.02417	0.01802	0.02489	0.01545	0.02031	0.01173	0.00644	0.00872	0.00243	0.01215	0.00858	0.00401	0.10618
16	0.07864	0.01595	0.01728	0.01509	0.01978	0.01772	0.01198	0.07020	0.45464	0.14186	0.02952	0.02878	0.02197	0.01043	0.00774	0.00259	0.00636	0.02954	0.00791	0.01201

[dist]
# distance from previous block
# <min> <max>
3	7

[block]
# block no. 10 follows, 25 sequences, length 23
# corresponding to MSA columns:
# 322-344
name=unknown_K
#
# <colnr> <probs for GDERKNQSTAVLIFYWHMCP>
#	G	D	E	R	K	N	Q	S	T	A	V	L	I	F	Y	W	H	M	C	P
0	0.02573	0.01511	0.01975	0.01570	0.02137	0.01475	0.06103	0.03586	0.25248	0.32124	0.02781	0.02567	0.01932	0.00924	0.00769	0.00235	0.00683	0.00787	0.00795	0.10224
1	0.78228	0.01499	0.01140	0.01020	0.01499	0.01739	0.00840	0.02279	0.01320	0.03479	0.01080	0.01260	0.00840	0.00720	0.00480	0.00240	0.00600	0.00420	0.00480	0.00840
2	0.01464	0.01378	0.02326	0.70887	0.05340	0.01723	0.02153	0.01981	0.01550	0.01981	0.01378	0.02067	0.01034	0.00775	0.00775	0.00258	0.01034	0.00689	0.00345	0.00861
3	0.01097	0.00793	0.01036	0.00975	0.01158	0.00732	0.00732	0.01463	0.02195	0.03109	0.67505	0.05792	0.07316	0.01585	0.00914	0.00244	0.00366	0.01402	0.00854	0.00732
4	0.00982	0.00710	0.00932	0.01060	0.01146	0.00660	0.00737	0.01169	0.01635	0.02194	0.15313	0.54579	0.08932	0.02246	0.00976	0.00302	0.00443	0.04588	0.00742	0.00652
5	0.02129	0.01743	0.01872	0.01557	0.02083	0.01897	0.01237	0.19030	0.39889	0.03533	0.02533	0.02419	0.01900	0.00941	0.00749	0.00230	0.00667	0.00762	0.00730	0.14098
6	0.01837	0.02062	0.04377	0.03149	0.03909	0.01959	0.60611	0.02599	0.06375	0.02537	0.01680	0.02148	0.01260	0.00682	0.00906	0.00262	0.01258	0.00912	0.00420	0.01059
7	0.02568	0.02420	0.02085	0.01770	0.02263	0.21197	0.01392	0.25844	0.25764	0.03455	0.02138	0.02100	0.01604	0.00937	0.00759	0.00234	0.00921	0.00706	0.00674	0.01167
8	0.02471	0.01920	0.02063	0.01645	0.02216	0.02095	0.01332	0.38709	0.23154	0.04095	0.02212	0.02156	0.01628	0.00927	0.00756	0.00228	0.00745	0.00726	0.00743	0.10177
9	0.01591	0.01385	0.01728	0.01252	0.01919	0.01064	0.04144	0.01943	0.01614	0.02502	0.01508	0.04566	0.01315	0.00655	0.00609	0.00131	0.00606	0.00555	0.00467	0.70447
10	0.19716	0.01009	0.01100	0.01046	0.01296	0.01038	0.00792	0.04760	0.01922	0.03073	0.36314	0.17065	0.05047	0.01504	0.00817	0.00256	0.00462	0.01282	0.00734	0.00768
11	0.01522	0.01242	0.01416	0.01395	0.01694	0.01356	0.01105	0.02759	0.34193	0.02753	0.06245	0.13255	0.08484	0.01596	0.00902	0.00293	0.00594	0.17480	0.00758	0.00957
12	0.01734	0.01461	0.01674	0.01230	0.01894	0.01207	0.00985	0.06919	0.06793	0.02761	0.01553	0.01727	0.01256	0.00638	0.00606	0.00135	0.00598	0.00510	0.00509	0.65811
13	0.01843	0.01421	0.01657	0.01232	0.01872	0.01173	0.00985	0.07380	0.04381	0.07644	0.01737	0.04774	0.01438	0.00731	0.00632	0.00148	0.00600	0.00594	0.00547	0.59211
14	0.01560	0.01499	0.02610	0.55993	0.14838	0.01758	0.06620	0.02078	0.01603	0.02101	0.01404	0.02046	0.01073	0.00754	0.00784	0.00254	0.01036	0.00705	0.00354	0.00931
15	0.02108	0.01755	0.01855	0.01614	0.02085	0.02013	0.01271	0.14929	0.55411	0.03534	0.02927	0.02711	0.02182	0.01031	0.00787	0.00258	0.00656	0.00845	0.00787	0.01243
16	0.00916	0.00785	0.00785	0.00785	0.01047	0.00655	0.00589	0.01113	0.01767	0.02095	0.07855	0.07462	0.67599	0.01964	0.00916	0.00262	0.00393	0.01636	0.00720	0.00655
17	0.02428	0.01635	0.01828	0.01551	0.02050	0.01784	0.01233	0.10803	0.43506	0.19709	0.02989	0.02715	0.02139	0.01015	0.00785	0.00254	0.00652	0.00833	0.00830	0.01260
18	0.01112	0.00820	0.01000	0.01055	0.01195	0.00779	0.00742	0.05670	0.01777	0.02355	0.14244	0.43591	0.15514	0.05035	0.01074	0.00308	0.00468	0.01837	0.00734	0.00691
19	0.18095	0.01925	0.01981	0.01593	0.02146	0.02149	0.01313	0.44219	0.07956	0.04331	0.01927	0.02200	0.01476	0.00964	0.00733	0.00243	0.00775	0.04080	0.00713	0.01181
20	0.01630	0.13992	0.59406	0.02083	0.03159	0.01983	0.02643	0.02436	0.01628	0.02364	0.01346	0.01580	0.00984	0.00726	0.00702	0.00234	0.01100	0.00550	0.00328	0.01124
21	0.02089	0.01603	0.01918	0.01495	0.02094	0.01548	0.04343	0.11407	0.21600	0.09815	0.02163	0.02161	0.01621	0.00811	0.00705	0.00196	0.00670	0.00674	0.00650	0.32439
22	0.01568	0.01260	0.01668	0.01495	0.01634	0.01513	0.01189	0.05213	0.01663	0.06947	0.12122	0.17431	0.09941	0.01623	0.01597	0.00299	0.30207	0.01205	0.00599	0.00825

[dist]
# distance from previous block
# <min> <max>
1	12

[block]
# block no. 11 follows, 25 sequences, length 15
# corresponding to MSA columns:
# 357-371
name=unknown_L
#
# <colnr> <probs for GDERKNQSTAVLIFYWHMCP>
#	G	D	E	R	K	N	Q	S	T	A	V	L	I	F	Y	W	H	M	C	P
0	0.09781	0.01733	0.01873	0.01440	0.02055	0.01739	0.01172	0.27805	0.08116	0.06624	0.01776	0.01835	0.01328	0.00792	0.00674	0.00193	0.00697	0.00603	0.00640	0.29125
1	0.31722	0.02039	0.01831	0.01502	0.02038	0.08735	0.01221	0.32061	0.05698	0.03973	0.01560	0.01636	0.01155	0.00843	0.00655	0.00234	0.00798	0.00581	0.00626	0.01089
2	0.02451	0.02013	0.02723	0.03221	0.34041	0.02133	0.01911	0.34929	0.02738	0.03750	0.01667	0.01889	0.01275	0.00815	0.00772	0.00232	0.00886	0.00695	0.00586	0.01275
3	0.01919	0.01842	0.03147	0.04759	0.67914	0.01842	0.02380	0.02380	0.01765	0.02533	0.01458	0.01919	0.01228	0.00691	0.00768	0.00230	0.00921	0.00691	0.00384	0.01228
4	0.01002	0.00801	0.00904	0.00912	0.01144	0.00703	0.00706	0.01259	0.01873	0.02368	0.21803	0.07219	0.45153	0.01894	0.00935	0.00269	0.00426	0.09197	0.00752	0.00681
5	0.03350	0.01324	0.01786	0.01364	0.01970	0.01132	0.01124	0.03652	0.02177	0.63896	0.02943	0.02568	0.01866	0.00933	0.00766	0.00231	0.00654	0.00758	0.00925	0.06582
6	0.00916	0.00785	0.00785	0.00785	0.01047	0.00655	0.00589	0.01113	0.01767	0.02095	0.07855	0.07462	0.67599	0.01964	0.00916	0.00262	0.00393	0.01636	0.00720	0.00655
7	0.02947	0.02172	0.02327	0.01784	0.02404	0.02404	0.01474	0.65329	0.03646	0.04887	0.01862	0.01862	0.01319	0.00931	0.00776	0.00233	0.00853	0.00698	0.00776	0.01319
8	0.01608	0.01378	0.01608	0.01148	0.01837	0.01034	0.00919	0.01952	0.01608	0.02527	0.01378	0.01608	0.01148	0.00574	0.00574	0.00115	0.00574	0.00459	0.00459	0.77491
9	0.00945	0.00675	0.00900	0.01080	0.01125	0.00630	0.00720	0.01080	0.01484	0.01979	0.04274	0.72245	0.05128	0.02429	0.00990	0.00315	0.00450	0.02204	0.00720	0.00630
10	0.01919	0.01842	0.03147	0.04759	0.67914	0.01842	0.02380	0.02380	0.01765	0.02533	0.01458	0.01919	0.01228	0.00691	0.00768	0.00230	0.00921	0.00691	0.00384	0.01228
11	0.02528	0.01964	0.02091	0.01699	0.02245	0.02209	0.01372	0.40145	0.29512	0.04211	0.02394	0.02286	0.01750	0.00981	0.00781	0.00245	0.00755	0.00772	0.00781	0.01281
12	0.01608	0.01378	0.01608	0.01148	0.01837	0.01034	0.00919	0.01952	0.01608	0.02527	0.01378	0.01608	0.01148	0.00574	0.00574	0.00115	0.00574	0.00459	0.00459	0.77491
13	0.02944	0.02287	0.02317	0.01800	0.02404	0.07498	0.01476	0.60614	0.03536	0.04660	0.01811	0.01826	0.01294	0.00921	0.00770	0.00230	0.00895	0.00683	0.00747	0.01287
14	0.01919	0.01842	0.03147	0.04759	0.67914	0.01842	0.02380	0.02380	0.01765	0.02533	0.01458	0.01919	0.01228	0.00691	0.00768	0.00230	0.00921	0.00691	0.00384	0.01228

[dist]
# distance from previous block
# <min> <max>
1	5

[block]
# block no. 12 follows, 25 sequences, length 32
# corresponding to MSA columns:
# 377-408
name=unknown_M
#
# <colnr> <probs for GDERKNQSTAVLIFYWHMCP>
#	G	D	E	R	K	N	Q	S	T	A	V	L	I	F	Y	W	H	M	C	P
0	0.02877	0.02137	0.02287	0.01770	0.02378	0.02372	0.01457	0.61120	0.07968	0.04774	0.01951	0.01932	0.01391	0.00939	0.00777	0.00235	0.00837	0.00710	0.00777	0.01312
1	0.01094	0.00789	0.01038	0.01012	0.01183	0.00733	0.00763	0.01439	0.02109	0.02964	0.58181	0.11635	0.06952	0.01692	0.00931	0.00257	0.00395	0.05278	0.00833	0.00722
2	0.03409	0.01335	0.01797	0.01388	0.01981	0.01175	0.01144	0.03794	0.05118	0.65511	0.03063	0.02651	0.01940	0.00964	0.00780	0.00241	0.00658	0.00784	0.00952	0.01315
3	0.02984	0.02113	0.02291	0.01756	0.02375	0.02318	0.01451	0.61097	0.03547	0.09257	0.01944	0.01915	0.01360	0.00933	0.00776	0.00233	0.00840	0.00704	0.00788	0.01319
4	0.01721	0.01742	0.03122	0.02230	0.02968	0.01507	0.33668	0.02223	0.01721	0.02505	0.01475	0.01855	0.01163	0.00615	0.00748	0.00190	0.00948	0.00692	0.00425	0.38483
5	0.02020	0.01557	0.01738	0.01413	0.01918	0.01593	0.01125	0.18742	0.21106	0.05844	0.13942	0.02834	0.02680	0.00999	0.00757	0.00216	0.00623	0.00822	0.00725	0.19348
6	0.02173	0.01748	0.02085	0.01539	0.02206	0.01655	0.05057	0.28082	0.02460	0.03496	0.01589	0.01742	0.01220	0.00726	0.00678	0.00172	0.00734	0.00585	0.00586	0.41468
7	0.02950	0.03042	0.02216	0.01888	0.02374	0.43051	0.01468	0.23810	0.02680	0.07024	0.01534	0.01629	0.01162	0.00853	0.00730	0.00213	0.01171	0.00583	0.00559	0.01064
8	0.02975	0.01888	0.02122	0.01653	0.02247	0.02013	0.01357	0.42030	0.10323	0.21667	0.02326	0.02185	0.01597	0.00952	0.00778	0.00238	0.00775	0.00740	0.00826	0.01309
9	0.02099	0.01669	0.01872	0.01381	0.02045	0.01536	0.01122	0.25192	0.02355	0.03392	0.01555	0.01701	0.01211	0.00705	0.00648	0.00158	0.00677	0.00547	0.00575	0.49559
10	0.04540	0.02055	0.04368	0.03140	0.03883	0.01969	0.60350	0.02452	0.01787	0.02495	0.01530	0.02047	0.01158	0.00683	0.00963	0.00264	0.04004	0.00888	0.00393	0.01031
11	0.01919	0.01842	0.03147	0.04759	0.67914	0.01842	0.02380	0.02380	0.01765	0.02533	0.01458	0.01919	0.01228	0.00691	0.00768	0.00230	0.00921	0.00691	0.00384	0.01228
12	0.02670	0.02014	0.02177	0.01669	0.02290	0.02156	0.01370	0.51429	0.07148	0.04408	0.01863	0.01884	0.01355	0.00881	0.00744	0.00216	0.00794	0.00671	0.00726	0.13537
13	0.01115	0.00804	0.01061	0.01028	0.01211	0.00750	0.00792	0.01480	0.02147	0.03017	0.60123	0.06136	0.06984	0.01650	0.00933	0.00257	0.00406	0.08539	0.00837	0.00730
14	0.07507	0.01600	0.01838	0.01496	0.02038	0.01669	0.01210	0.14842	0.23998	0.31126	0.02754	0.02499	0.01895	0.00971	0.00763	0.00246	0.00675	0.00775	0.00840	0.01259
15	0.00974	0.00697	0.00926	0.01060	0.01131	0.00649	0.00722	0.01154	0.01622	0.02197	0.16477	0.59420	0.05550	0.02266	0.00975	0.00301	0.00434	0.02049	0.00746	0.00649
16	0.01608	0.01378	0.01608	0.01148	0.01837	0.01034	0.00919	0.01952	0.01608	0.02527	0.01378	0.01608	0.01148	0.00574	0.00574	0.00115	0.00574	0.00459	0.00459	0.77491
17	0.01005	0.00743	0.00940	0.00988	0.01127	0.00677	0.00704	0.01249	0.01833	0.02481	0.31880	0.33558	0.15968	0.01994	0.00946	0.00276	0.00405	0.01771	0.00777	0.00677
18	0.05539	0.03438	0.02176	0.01938	0.02366	0.59315	0.01472	0.10423	0.02338	0.02306	0.01273	0.01448	0.01031	0.00812	0.00700	0.00205	0.01306	0.00520	0.00447	0.00946
19	0.01134	0.00817	0.01088	0.01085	0.01267	0.00770	0.00857	0.01498	0.02096	0.02919	0.52193	0.06505	0.06627	0.01720	0.00952	0.00271	0.00450	0.16205	0.00820	0.00727
20	0.03479	0.01320	0.01799	0.01380	0.01979	0.01140	0.01140	0.03779	0.02219	0.68451	0.03059	0.02639	0.01919	0.00960	0.00780	0.00240	0.00660	0.00780	0.00960	0.01320
21	0.01080	0.00858	0.01164	0.01251	0.01288	0.00943	0.00895	0.01221	0.01431	0.01959	0.03689	0.59589	0.04391	0.02237	0.01269	0.00319	0.13166	0.01931	0.00651	0.00669
22	0.64363	0.01352	0.01097	0.01030	0.01432	0.01540	0.00818	0.02064	0.01349	0.03210	0.01653	0.13994	0.01609	0.01026	0.00571	0.00253	0.00573	0.00740	0.00523	0.00802
23	0.15536	0.01985	0.03959	0.02865	0.03594	0.01921	0.53570	0.02447	0.01738	0.02662	0.01481	0.01942	0.01116	0.00665	0.00837	0.00258	0.01180	0.00826	0.00408	0.01009
24	0.01804	0.02010	0.04183	0.03020	0.03725	0.01942	0.55137	0.02392	0.01756	0.02428	0.01505	0.02024	0.01160	0.00715	0.01047	0.00260	0.07860	0.00864	0.00391	0.05776
