[name]
unknown

[dist]
# distance from previous block
# <min> <max>
4	71

[block]
# block no. 0 follows, 25 sequences, length 11
# corresponding to MSA columns:
# 76-86
name=unknown_A
#
# <colnr> <probs for GDERKNQSTAVLIFYWHMCP>
#	G	D	E	R	K	N	Q	S	T	A	V	L	I	F	Y	W	H	M	C	P
0	0.01840	0.01984	0.04044	0.06833	0.23222	0.01914	0.43427	0.02429	0.01798	0.02475	0.01527	0.02039	0.01185	0.00670	0.00864	0.00252	0.01179	0.00838	0.00387	0.01092
1	0.02392	0.01562	0.01767	0.01519	0.02005	0.01692	0.01201	0.04018	0.47274	0.22756	0.03127	0.02817	0.02233	0.01024	0.00786	0.00256	0.00627	0.00848	0.00840	0.01255
2	0.01073	0.00729	0.00862	0.00916	0.00929	0.00715	0.00545	0.01113	0.01234	0.01646	0.02991	0.25174	0.03510	0.51708	0.03062	0.00621	0.00661	0.01450	0.00545	0.00518
3	0.02530	0.02916	0.02978	0.02504	0.06533	0.36953	0.20576	0.10895	0.02250	0.02494	0.01409	0.01694	0.01106	0.00766	0.00777	0.00224	0.01274	0.00660	0.00445	0.01015
4	0.01687	0.01476	0.01836	0.22266	0.02918	0.01732	0.01452	0.03164	0.40308	0.02734	0.02740	0.09861	0.02255	0.01112	0.00806	0.00267	0.00722	0.00959	0.00649	0.01056
5	0.02060	0.01446	0.01920	0.22158	0.02953	0.01456	0.01404	0.11303	0.03968	0.14537	0.01982	0.06377	0.01560	0.00884	0.00732	0.00214	0.00760	0.00740	0.00586	0.22960
6	0.07333	0.01267	0.01588	0.01281	0.01751	0.01193	0.01036	0.09748	0.02313	0.37901	0.22090	0.03412	0.03401	0.01129	0.00801	0.00240	0.00589	0.00935	0.00878	0.01114
7	0.01630	0.01420	0.01882	0.24151	0.03021	0.01332	0.01354	0.05269	0.01695	0.02470	0.01403	0.01772	0.01119	0.00659	0.00651	0.00168	0.00740	0.00547	0.00438	0.48277
8	0.02054	0.00901	0.01045	0.00919	0.01225	0.00847	0.00721	0.02397	0.01804	0.22509	0.02688	0.02815	0.01967	0.00920	0.00613	0.00198	0.00451	0.00740	0.54284	0.00901
9	0.01843	0.02426	0.22275	0.09625	0.16598	0.01889	0.03976	0.07716	0.20128	0.02834	0.01944	0.02125	0.01461	0.00833	0.00770	0.00248	0.00919	0.00715	0.00508	0.01167
10	0.02137	0.01766	0.02309	0.02698	0.25013	0.01907	0.01652	0.10645	0.32761	0.07097	0.02408	0.02418	0.01821	0.00906	0.00779	0.00247	0.00751	0.00785	0.00657	0.01244

[dist]
# distance from previous block
# <min> <max>
0	1

[block]
# block no. 1 follows, 25 sequences, length 126
# corresponding to MSA columns:
# 88-213
name=unknown_B
#
# <colnr> <probs for GDERKNQSTAVLIFYWHMCP>
#	G	D	E	R	K	N	Q	S	T	A	V	L	I	F	Y	W	H	M	C	P
0	0.05078	0.07654	0.47126	0.02105	0.03048	0.04139	0.09007	0.02383	0.01704	0.02500	0.06804	0.01977	0.01518	0.00795	0.00743	0.00240	0.01063	0.00658	0.00387	0.01070
1	0.01738	0.35189	0.33767	0.01692	0.02546	0.02282	0.01979	0.02284	0.01620	0.02139	0.01780	0.01937	0.06463	0.00804	0.00643	0.00211	0.00940	0.00588	0.00362	0.01037
2	0.00957	0.00684	0.00911	0.01071	0.01127	0.00638	0.00721	0.01111	0.01543	0.02072	0.09470	0.66783	0.05308	0.02360	0.00983	0.00309	0.00443	0.02138	0.00731	0.00638
3	0.02014	0.01661	0.01870	0.01828	0.07430	0.01877	0.01317	0.03958	0.57603	0.06825	0.03011	0.02799	0.02248	0.01017	0.00787	0.00259	0.00641	0.00856	0.00765	0.01232
4	0.02225	0.01899	0.01914	0.01650	0.02130	0.05821	0.01301	0.18612	0.47980	0.03559	0.02739	0.02564	0.02041	0.01009	0.00781	0.00252	0.00714	0.00813	0.00764	0.01231
5	0.71930	0.01490	0.01178	0.01030	0.01527	0.01681	0.00846	0.02252	0.01343	0.03401	0.01104	0.01288	0.00865	0.00708	0.00488	0.00230	0.00598	0.00423	0.00478	0.07139
6	0.09151	0.01230	0.01594	0.01270	0.01778	0.01108	0.01034	0.03198	0.02140	0.50195	0.15636	0.03149	0.02897	0.01064	0.00782	0.00241	0.00597	0.00873	0.00899	0.01164
7	0.05722	0.01533	0.01810	0.01426	0.02000	0.06817	0.01163	0.03688	0.04579	0.58516	0.02847	0.02503	0.01826	0.00942	0.00764	0.00237	0.00717	0.00749	0.00892	0.01266
8	0.01095	0.00839	0.01050	0.01131	0.01341	0.00795	0.00934	0.01380	0.01751	0.02219	0.08186	0.07626	0.30176	0.02347	0.06640	0.00386	0.00680	0.30036	0.00698	0.00689
9	0.02889	0.02233	0.07729	0.01777	0.02438	0.02222	0.01553	0.53698	0.03331	0.11362	0.01949	0.01925	0.01354	0.00918	0.00773	0.00235	0.00857	0.00696	0.00758	0.01305
10	0.01800	0.02033	0.04390	0.08825	0.04158	0.01941	0.59925	0.02442	0.01807	0.02442	0.01553	0.02090	0.01165	0.00664	0.00904	0.00261	0.01285	0.00896	0.00388	0.01031
11	0.03283	0.01276	0.01737	0.01346	0.01912	0.01106	0.01106	0.03588	0.02217	0.63081	0.08356	0.02898	0.02363	0.01011	0.00791	0.00240	0.00636	0.00831	0.00951	0.01271
12	0.00957	0.00684	0.00911	0.01071	0.01127	0.00638	0.00721	0.01111	0.01543	0.02072	0.09470	0.66783	0.05308	0.02360	0.00983	0.00309	0.00443	0.02138	0.00731	0.00638
13	0.01834	0.01899	0.02417	0.02056	0.02168	0.08573	0.04787	0.02196	0.06682	0.02013	0.01238	0.01787	0.01135	0.01245	0.02148	0.00316	0.55539	0.00690	0.00384	0.00894
14	0.01803	0.02024	0.04338	0.08881	0.06517	0.01937	0.57609	0.02439	0.01805	0.02444	0.01549	0.02083	0.01167	0.00665	0.00898	0.00260	0.01270	0.00888	0.00388	0.01037
15	0.00916	0.00785	0.00785	0.00785	0.01047	0.00655	0.00589	0.01113	0.01767	0.02095	0.07855	0.07462	0.67599	0.01964	0.00916	0.00262	0.00393	0.01636	0.00720	0.00655
16	0.02054	0.70671	0.06442	0.01359	0.02040	0.03021	0.01383	0.02327	0.01578	0.01847	0.01089	0.01258	0.00995	0.00666	0.00506	0.00169	0.00841	0.00420	0.00332	0.01001
17	0.01608	0.01378	0.01608	0.01148	0.01837	0.01034	0.00919	0.01952	0.01608	0.02527	0.01378	0.01608	0.01148	0.00574	0.00574	0.00115	0.00574	0.00459	0.00459	0.77491
18	0.02792	0.01549	0.01846	0.01476	0.02005	0.01570	0.01197	0.20498	0.13249	0.32386	0.10419	0.02842	0.02471	0.01041	0.00796	0.00242	0.00670	0.00847	0.00868	0.01234
19	0.01333	0.00682	0.01023	0.01023	0.01031	0.00690	0.00690	0.01031	0.01023	0.01372	0.01388	0.02395	0.01380	0.02868	0.06751	0.73188	0.00752	0.00682	0.00341	0.00357
20	0.01128	0.00752	0.00846	0.00846	0.00846	0.00752	0.00470	0.01128	0.01128	0.01503	0.02443	0.05074	0.02819	0.72751	0.03946	0.00752	0.00752	0.01128	0.00470	0.00470
21	0.02663	0.06502	0.02260	0.01780	0.02295	0.23246	0.01420	0.29254	0.16643	0.03432	0.01891	0.01905	0.01427	0.00901	0.00739	0.00225	0.00970	0.00659	0.00637	0.01150
22	0.01790	0.35459	0.39346	0.01809	0.02735	0.02377	0.02166	0.02395	0.01609	0.02169	0.01249	0.01458	0.00988	0.00703	0.00628	0.00209	0.01002	0.00501	0.00329	0.01077
23	0.34830	0.01839	0.01713	0.01399	0.01939	0.07069	0.01143	0.21879	0.02273	0.16479	0.01714	0.01724	0.01209	0.00837	0.00646	0.00235	0.00751	0.00581	0.00658	0.01084
24	0.01347	0.00673	0.01010	0.01010	0.01010	0.00673	0.00673	0.01010	0.01010	0.01347	0.01347	0.02357	0.01347	0.02694	0.03030	0.77441	0.00673	0.00673	0.00337	0.00337
25	0.01015	0.00739	0.00968	0.01131	0.01206	0.00712	0.00787	0.01264	0.04534	0.02066	0.04208	0.63800	0.04945	0.02341	0.00987	0.00316	0.00479	0.07114	0.00722	0.00664
26	0.29977	0.01582	0.01603	0.01320	0.01826	0.01705	0.01075	0.21271	0.04495	0.16229	0.02212	0.05246	0.04016	0.00970	0.00678	0.00241	0.00665	0.00724	0.03096	0.01068
27	0.01464	0.01378	0.02326	0.70887	0.05340	0.01723	0.02153	0.01981	0.01550	0.01981	0.01378	0.02067	0.01034	0.00775	0.00775	0.00258	0.01034	0.00689	0.00345	0.00861
28	0.00916	0.00785	0.00785	0.00785	0.01047	0.00655	0.00589	0.01113	0.01767	0.02095	0.07855	0.07462	0.67599	0.01964	0.00916	0.00262	0.00393	0.01636	0.00720	0.00655
29	0.01919	0.01842	0.03147	0.04759	0.67914	0.01842	0.02380	0.02380	0.01765	0.02533	0.01458	0.01919	0.01228	0.00691	0.00768	0.00230	0.00921	0.00691	0.00384	0.01228
30	0.01880	0.05503	0.26641	0.01718	0.02446	0.01740	0.01781	0.03126	0.26707	0.09309	0.02585	0.02528	0.05336	0.00939	0.00754	0.00243	0.00811	0.00758	0.00597	0.04600
31	0.02073	0.73217	0.04063	0.01327	0.01990	0.03068	0.01327	0.02322	0.01575	0.01824	0.01078	0.01244	0.00995	0.00663	0.00498	0.00166	0.00829	0.00415	0.00332	0.00995
32	0.01087	0.00792	0.01022	0.00965	0.01152	0.00727	0.00724	0.01444	0.02171	0.03053	0.64175	0.05885	0.10681	0.01606	0.00915	0.00245	0.00367	0.01415	0.00846	0.00727
33	0.30021	0.12512	0.29606	0.01606	0.02390	0.01980	0.01785	0.04639	0.04359	0.02865	0.01325	0.01505	0.01002	0.00741	0.00612	0.00233	0.00867	0.00512	0.00420	0.01021
34	0.05031	0.50287	0.11019	0.01535	0.02200	0.14660	0.01515	0.02473	0.01683	0.01972	0.01135	0.01317	0.00988	0.00698	0.00560	0.00184	0.00958	0.00448	0.00349	0.00989
35	0.02896	0.03695	0.02197	0.01998	0.02397	0.69638	0.01498	0.03096	0.02197	0.01898	0.01199	0.01398	0.00999	0.00799	0.00699	0.00200	0.01398	0.00499	0.00400	0.00899
36	0.01292	0.00704	0.01025	0.01036	0.01074	0.00694	0.00721	0.01112	0.01236	0.01667	0.10331	0.05899	0.02483	0.02501	0.02544	0.59207	0.00627	0.04977	0.00444	0.00425
37	0.01464	0.01378	0.02326	0.70887	0.05340	0.01723	0.02153	0.01981	0.01550	0.01981	0.01378	0.02067	0.01034	0.00775	0.00775	0.00258	0.01034	0.00689	0.00345	0.00861
38	0.00945	0.00675	0.00900	0.01080	0.01125	0.00630	0.00720	0.01080	0.01484	0.01979	0.04274	0.72245	0.05128	0.02429	0.00990	0.00315	0.00450	0.02204	0.00720	0.00630
39	0.01919	0.01842	0.03147	0.04759	0.67914	0.01842	0.02380	0.02380	0.01765	0.02533	0.01458	0.01919	0.01228	0.00691	0.00768	0.00230	0.00921	0.00691	0.00384	0.01228
40	0.01202	0.00860	0.01190	0.01335	0.01503	0.00847	0.01132	0.01541	0.01815	0.02399	0.12821	0.13913	0.04912	0.02091	0.01042	0.00338	0.00643	0.48975	0.00734	0.00709
41	0.02904	0.03457	0.02218	0.01964	0.02398	0.59130	0.01494	0.12823	0.02424	0.02365	0.01302	0.01471	0.01049	0.00820	0.00711	0.00205	0.01313	0.00530	0.00458	0.00964
42	0.02896	0.03695	0.02197	0.01998	0.02397	0.69638	0.01498	0.03096	0.02197	0.01898	0.01199	0.01398	0.00999	0.00799	0.00699	0.00200	0.01398	0.00499	0.00400	0.00899
43	0.00945	0.00675	0.00900	0.01080	0.01125	0.00630	0.00720	0.01080	0.01484	0.01979	0.04274	0.72245	0.05128	0.02429	0.00990	0.00315	0.00450	0.02204	0.00720	0.00630
44	0.01919	0.01842	0.03147	0.04759	0.67914	0.01842	0.02380	0.02380	0.01765	0.02533	0.01458	0.01919	0.01228	0.00691	0.00768	0.00230	0.00921	0.00691	0.00384	0.01228
45	0.01919	0.01842	0.03147	0.04759	0.67914	0.01842	0.02380	0.02380	0.01765	0.02533	0.01458	0.01919	0.01228	0.00691	0.00768	0.00230	0.00921	0.00691	0.00384	0.01228
46	0.00923	0.00786	0.00795	0.00793	0.01051	0.00657	0.00594	0.01126	0.01783	0.02133	0.10104	0.07399	0.65326	0.01949	0.00916	0.00261	0.00392	0.01628	0.00725	0.00657
47	0.00945	0.00675	0.00900	0.01080	0.01125	0.00630	0.00720	0.01080	0.01484	0.01979	0.04274	0.72245	0.05128	0.02429	0.00990	0.00315	0.00450	0.02204	0.00720	0.00630
48	0.01830	0.02092	0.04575	0.03268	0.04052	0.01961	0.65098	0.02484	0.01830	0.02484	0.01569	0.02092	0.01176	0.00654	0.00915	0.00261	0.01307	0.00915	0.00392	0.01046
49	0.01338	0.01059	0.01605	0.01892	0.10208	0.01044	0.04075	0.01710	0.01783	0.02340	0.03907	0.07498	0.08130	0.01880	0.01015	0.00330	0.00744	0.47993	0.00658	0.00790
50	0.01081	0.00807	0.01014	0.01005	0.01204	0.00740	0.00782	0.01408	0.02035	0.02758	0.44183	0.06631	0.20309	0.01758	0.00940	0.00266	0.00427	0.11141	0.00802	0.00712
51	0.01078	0.00778	0.01020	0.00988	0.01154	0.00719	0.00730	0.01416	0.02107	0.02969	0.59681	0.14014	0.07045	0.01690	0.00924	0.00253	0.00376	0.01501	0.00837	0.00719
52	0.04906	0.63252	0.07062	0.01397	0.02062	0.06672	0.01395	0.02370	0.01604	0.01921	0.01100	0.01273	0.00989	0.00677	0.00520	0.00174	0.00868	0.00427	0.00341	0.00991
53	0.01108	0.00828	0.01233	0.01233	0.01367	0.00962	0.00953	0.01376	0.01242	0.01790	0.02089	0.03113	0.01968	0.08034	0.67499	0.01230	0.02033	0.00841	0.00417	0.00685
54	0.01108	0.00831	0.01246	0.01246	0.01385	0.00969	0.00969	0.01385	0.01246	0.01800	0.02077	0.03046	0.01938	0.05815	0.69678	0.01246	0.02077	0.00831	0.00415	0.00692
55	0.02864	0.03634	0.02229	0.02089	0.04567	0.67392	0.01527	0.03072	0.02183	0.01919	0.01207	0.01416	0.01006	0.00795	0.00701	0.00201	0.01382	0.00506	0.00399	0.00910
56	0.01555	0.04011	0.68733	0.02210	0.03356	0.01801	0.02865	0.02455	0.01637	0.02455	0.01391	0.01637	0.00982	0.00737	0.00737	0.00246	0.01146	0.00573	0.00327	0.01146
57	0.01196	0.00839	0.01075	0.01010	0.01214	0.00785	0.00759	0.01616	0.04681	0.05197	0.58134	0.08274	0.09073	0.01591	0.00908	0.00248	0.00390	0.01401	0.00844	0.00764
58	0.00943	0.00680	0.00894	0.01066	0.01121	0.00631	0.00714	0.01081	0.01498	0.01985	0.04440	0.69231	0.08034	0.02407	0.00986	0.00312	0.00447	0.02178	0.00720	0.00631
59	0.18183	0.05801	0.01915	0.01459	0.01986	0.08864	0.01201	0.19200	0.02351	0.22333	0.04833	0.02344	0.01734	0.00947	0.00712	0.00235	0.00775	0.03313	0.00705	0.01109
60	0.01815	0.02199	0.08157	0.03209	0.04013	0.01952	0.61624	0.02482	0.01819	0.02482	0.01559	0.02066	0.01166	0.00658	0.00905	0.00261	0.01298	0.00896	0.00389	0.01051
61	0.05608	0.17543	0.21489	0.02604	0.09404	0.02129	0.25670	0.02422	0.01693	0.02391	0.01383	0.01732	0.01074	0.00685	0.00743	0.00233	0.01091	0.00671	0.00365	0.01069
62	0.00942	0.00788	0.00825	0.00848	0.01092	0.00671	0.00644	0.01148	0.01755	0.02106	0.07400	0.10773	0.59833	0.02000	0.00931	0.00271	0.00419	0.06176	0.00720	0.00658
63	0.02733	0.02083	0.02429	0.01860	0.02467	0.02274	0.06617	0.54897	0.05929	0.04545	0.04846	0.02098	0.01619	0.00942	0.00794	0.00237	0.00859	0.00755	0.00748	0.01266
64	0.15411	0.37032	0.11233	0.01426	0.02013	0.04602	0.01410	0.02217	0.01500	0.02199	0.01248	0.01553	0.01088	0.01380	0.09523	0.00337	0.04017	0.00503	0.00371	0.00938
65	0.01120	0.00748	0.00848	0.00856	0.00858	0.00747	0.00480	0.01126	0.01143	0.01524	0.02521	0.07940	0.02917	0.69750	0.03820	0.00733	0.00739	0.01173	0.00480	0.00477
66	0.01593	0.01367	0.01626	0.05069	0.02014	0.01118	0.01001	0.02070	0.06245	0.02523	0.01636	0.04907	0.01409	0.00703	0.00620	0.00142	0.00597	0.00581	0.00488	0.64291
67	0.00952	0.00680	0.00906	0.01075	0.01126	0.00634	0.00720	0.01097	0.01516	0.02030	0.07122	0.69251	0.05227	0.02391	0.00986	0.00312	0.00446	0.02168	0.00726	0.00634
68	0.01608	0.01378	0.01608	0.01148	0.01837	0.01034	0.00919	0.01952	0.01608	0.02527	0.01378	0.01608	0.01148	0.00574	0.00574	0.00115	0.00574	0.00459	0.00459	0.77491
69	0.02056	0.70899	0.06229	0.01356	0.02036	0.03026	0.01378	0.02326	0.01578	0.01845	0.01088	0.01257	0.00995	0.00666	0.00506	0.00169	0.00840	0.00420	0.00332	0.01000
70	0.01009	0.00724	0.00957	0.01036	0.01139	0.00673	0.00725	0.01241	0.01784	0.02456	0.30946	0.44213	0.06051	0.02073	0.00958	0.00285	0.00414	0.01866	0.00776	0.00673
71	0.02537	0.01465	0.01712	0.01392	0.01866	0.03883	0.01124	0.16808	0.04870	0.28264	0.18994	0.03409	0.03196	0.01138	0.00814	0.00239	0.00654	0.03117	0.00839	0.03681
72	0.01185	0.00985	0.01514	0.22230	0.07830	0.01059	0.01284	0.01469	0.01554	0.02068	0.05563	0.43041	0.03670	0.01762	0.00905	0.00288	0.00659	0.01598	0.00585	0.00752
73	0.01091	0.00788	0.01031	0.00980	0.01157	0.00727	0.00731	0.01447	0.02164	0.03061	0.64797	0.08637	0.07222	0.01621	0.00918	0.00247	0.00369	0.01437	0.00848	0.00727
74	0.03299	0.01280	0.01742	0.01349	0.01917	0.01109	0.01109	0.03604	0.02217	0.63518	0.07925	0.02877	0.02327	0.01007	0.00790	0.00240	0.00638	0.00827	0.00952	0.01275
75	0.01567	0.03925	0.65872	0.02257	0.03387	0.01808	0.05640	0.02457	0.01646	0.02457	0.01399	0.01657	0.00991	0.00733	0.00745	0.00246	0.01153	0.00588	0.00330	0.01141
76	0.01655	0.01656	0.02480	0.08884	0.02479	0.02213	0.06491	0.01894	0.01283	0.01928	0.01219	0.04451	0.01188	0.01287	0.02188	0.00324	0.56409	0.00756	0.00358	0.00856
77	0.02975	0.01955	0.02169	0.01671	0.02263	0.02101	0.01371	0.51209	0.03277	0.16700	0.02110	0.02135	0.01491	0.03789	0.00902	0.00255	0.00813	0.00730	0.00798	0.01285
78	0.01970	0.58660	0.15083	0.01505	0.02226	0.02825	0.01604	0.02327	0.01571	0.01934	0.01129	0.01328	0.00994	0.00702	0.00616	0.00186	0.03542	0.00452	0.00331	0.01015
79	0.01675	0.01460	0.01802	0.01318	0.01954	0.01225	0.03297	0.04457	0.01663	0.02566	0.01376	0.01642	0.01146	0.00652	0.00748	0.00142	0.06118	0.00502	0.00460	0.65795
80	0.01284	0.00999	0.03604	0.01075	0.01336	0.00873	0.00859	0.01788	0.06745	0.06293	0.54595	0.05351	0.09178	0.01502	0.00892	0.00246	0.00428	0.01314	0.00829	0.00808
81	0.01566	0.03935	0.66211	0.02252	0.03383	0.01807	0.05312	0.02457	0.01645	0.02457	0.01398	0.01655	0.00990	0.00733	0.00744	0.00246	0.01152	0.00586	0.00330	0.01142
82	0.00984	0.00703	0.00945	0.01124	0.01187	0.00664	0.00788	0.01147	0.01523	0.02023	0.04252	0.64072	0.05042	0.02392	0.01000	0.00320	0.00484	0.09990	0.00719	0.00641
83	0.78228	0.01499	0.01140	0.01020	0.01499	0.01739	0.00840	0.02279	0.01320	0.03479	0.01080	0.01260	0.00840	0.00720	0.00480	0.00240	0.00600	0.00420	0.00480	0.00840
84	0.01464	0.01378	0.02326	0.70887	0.05340	0.01723	0.02153	0.01981	0.01550	0.01981	0.01378	0.02067	0.01034	0.00775	0.00775	0.00258	0.01034	0.00689	0.00345	0.00861
85	0.00945	0.00675	0.00900	0.01080	0.01125	0.00630	0.00720	0.01080	0.01484	0.01979	0.04274	0.72245	0.05128	0.02429	0.00990	0.00315	0.00450	0.02204	0.00720	0.00630
86	0.00945	0.00675	0.00900	0.01080	0.01125	0.00630	0.00720	0.01080	0.01484	0.01979	0.04274	0.72245	0.05128	0.02429	0.00990	0.00315	0.00450	0.02204	0.00720	0.00630
87	0.01830	0.02092	0.04575	0.03268	0.04052	0.01961	0.65098	0.02484	0.01830	0.02484	0.01569	0.02092	0.01176	0.00654	0.00915	0.00261	0.01307	0.00915	0.00392	0.01046
88	0.00953	0.00678	0.00897	0.01069	0.01112	0.00635	0.00709	0.01082	0.01469	0.01958	0.04192	0.69249	0.05025	0.05565	0.01122	0.00334	0.00463	0.02156	0.00709	0.00623
89	0.01012	0.00827	0.00899	0.00874	0.01122	0.00733	0.00658	0.01345	0.04775	0.02431	0.24391	0.06789	0.47767	0.01817	0.00910	0.00257	0.00395	0.01537	0.00761	0.00702
90	0.00945	0.00675	0.00900	0.01080	0.01125	0.00630	0.00720	0.01080	0.01484	0.01979	0.04274	0.72245	0.05128	0.02429	0.00990	0.00315	0.00450	0.02204	0.00720	0.00630
91	0.78228	0.01499	0.01140	0.01020	0.01499	0.01739	0.00840	0.02279	0.01320	0.03479	0.01080	0.01260	0.00840	0.00720	0.00480	0.00240	0.00600	0.00420	0.00480	0.00840
92	0.01445	0.00723	0.00723	0.00723	0.00903	0.00723	0.00542	0.01807	0.01626	0.02891	0.02529	0.02891	0.01987	0.00903	0.00542	0.00181	0.00361	0.00723	0.77055	0.00723
93	0.03455	0.01358	0.01823	0.01398	0.01998	0.01197	0.01155	0.06551	0.02283	0.65588	0.03005	0.02604	0.01892	0.00958	0.00780	0.00240	0.00668	0.00776	0.00951	0.01319
94	0.01091	0.00792	0.01028	0.00969	0.01154	0.00729	0.00727	0.01451	0.02180	0.03074	0.65422	0.05850	0.09421	0.01598	0.00915	0.00244	0.00367	0.01410	0.00849	0.00729
95	0.01818	0.01818	0.02713	0.32377	0.35491	0.08051	0.02203	0.02278	0.01715	0.02242	0.01401	0.01933	0.01125	0.00736	0.00764	0.00239	0.01013	0.00672	0.00369	0.01043
96	0.01445	0.00723	0.00723	0.00723	0.00903	0.00723	0.00542	0.01807	0.01626	0.02891	0.02529	0.02891	0.01987	0.00903	0.00542	0.00181	0.00361	0.00723	0.77055	0.00723
97	0.01648	0.16412	0.57145	0.02052	0.03111	0.02028	0.02589	0.02432	0.01626	0.02342	0.01335	0.01567	0.00984	0.00724	0.00694	0.00231	0.01089	0.00545	0.00328	0.01119
98	0.01511	0.01470	0.02615	0.62184	0.05174	0.01753	0.10255	0.02046	0.01586	0.02046	0.01403	0.02070	0.01052	0.00760	0.00793	0.00259	0.01069	0.00718	0.00351	0.00885
99	0.01897	0.01842	0.03150	0.04466	0.59529	0.01892	0.05241	0.02342	0.01721	0.02476	0.01427	0.01909	0.01208	0.00744	0.00921	0.00241	0.06726	0.00700	0.00381	0.01188
100	0.01830	0.02092	0.04575	0.03268	0.04052	0.01961	0.65098	0.02484	0.01830	0.02484	0.01569	0.02092	0.01176	0.00654	0.00915	0.00261	0.01307	0.00915	0.00392	0.01046
101	0.01691	0.09235	0.60403	0.02100	0.03182	0.01866	0.02660	0.02511	0.01661	0.05683	0.01450	0.01656	0.01030	0.00742	0.00720	0.00239	0.01097	0.00571	0.00359	0.01143
102	0.01108	0.00831	0.01246	0.01246	0.01385	0.00969	0.00969	0.01385	0.01246	0.01800	0.02077	0.03046	0.01938	0.05815	0.69678	0.01246	0.02077	0.00831	0.00415	0.00692
103	0.00916	0.00785	0.00785	0.00785	0.01047	0.00655	0.00589	0.01113	0.01767	0.02095	0.07855	0.07462	0.67599	0.01964	0.00916	0.00262	0.00393	0.01636	0.00720	0.00655
104	0.01834	0.02081	0.04514	0.03332	0.06787	0.01956	0.62412	0.02479	0.01827	0.02486	0.01564	0.02084	0.01179	0.00655	0.00909	0.00260	0.01291	0.00905	0.00392	0.01054
105	0.00981	0.00821	0.00858	0.00843	0.01101	0.00715	0.00634	0.01279	0.04372	0.02279	0.15854	0.07053	0.56763	0.01876	0.00911	0.00259	0.00398	0.01574	0.00741	0.00688
106	0.00916	0.00785	0.00785	0.00785	0.01047	0.00655	0.00589	0.01113	0.01767	0.02095	0.07855	0.07462	0.67599	0.01964	0.00916	0.00262	0.00393	0.01636	0.00720	0.00655
107	0.01249	0.00892	0.01249	0.01428	0.01606	0.00892	0.01249	0.01606	0.01785	0.02320	0.04105	0.08746	0.04462	0.02142	0.01071	0.00357	0.00714	0.62695	0.00714	0.00714
108	0.01929	0.01666	0.01753	0.01578	0.02016	0.01929	0.01227	0.04120	0.66513	0.03243	0.03156	0.02893	0.02367	0.01052	0.00789	0.00263	0.00614	0.00877	0.00789	0.01227
109	0.00984	0.00703	0.00945	0.01124	0.01187	0.00664	0.00788	0.01147	0.01523	0.02023	0.04252	0.64072	0.05042	0.02392	0.01000	0.00320	0.00484	0.09990	0.00719	0.00641
110	0.01555	0.04011	0.68733	0.02210	0.03356	0.01801	0.02865	0.02455	0.01637	0.02455	0.01391	0.01637	0.00982	0.00737	0.00737	0.00246	0.01146	0.00573	0.00327	0.01146
111	0.01555	0.04011	0.68733	0.02210	0.03356	0.01801	0.02865	0.02455	0.01637	0.02455	0.01391	0.01637	0.00982	0.00737	0.00737	0.00246	0.01146	0.00573	0.00327	0.01146
112	0.02896	0.02080	0.02251	0.01741	0.02339	0.02285	0.01431	0.60314	0.03504	0.07491	0.02002	0.04511	0.01486	0.00988	0.00784	0.00236	0.00830	0.00758	0.00781	0.01293
113	0.01097	0.00793	0.01036	0.00975	0.01158	0.00732	0.00732	0.01463	0.02195	0.03109	0.67505	0.05792	0.07316	0.01585	0.00914	0.00244	0.00366	0.01402	0.00854	0.00732
114	0.01830	0.02092	0.04575	0.03268	0.04052	0.01961	0.65098	0.02484	0.01830	0.02484	0.01569	0.02092	0.01176	0.00654	0.00915	0.00261	0.01307	0.00915	0.00392	0.01046
115	0.01696	0.01696	0.02375	0.02036	0.02036	0.02375	0.01696	0.01866	0.01187	0.01866	0.01018	0.01696	0.01018	0.01357	0.02545	0.00339	0.71332	0.00679	0.00339	0.00848
116	0.01097	0.00793	0.01036	0.00975	0.01158	0.00732	0.00732	0.01463	0.02195	0.03109	0.67505	0.05792	0.07316	0.01585	0.00914	0.00244	0.00366	0.01402	0.00854	0.00732
117	0.01097	0.00793	0.01036	0.00975	0.01158	0.00732	0.00732	0.01463	0.02195	0.03109	0.67505	0.05792	0.07316	0.01585	0.00914	0.00244	0.00366	0.01402	0.00854	0.00732
118	0.01249	0.00892	0.01249	0.01428	0.01606	0.00892	0.01249	0.01606	0.01785	0.02320	0.04105	0.08746	0.04462	0.02142	0.01071	0.00357	0.00714	0.62695	0.00714	0.00714
119	0.02004	0.01671	0.01935	0.01978	0.10496	0.01878	0.01371	0.03879	0.54988	0.06389	0.02933	0.02755	0.02198	0.01001	0.00786	0.00258	0.00655	0.00848	0.00745	0.01232
120	0.03479	0.01320	0.01799	0.01380	0.01979	0.01140	0.01140	0.03779	0.02219	0.68451	0.03059	0.02639	0.01919	0.00960	0.00780	0.00240	0.00660	0.00780	0.00960	0.01320
121	0.00918	0.00781	0.00791	0.00799	0.01051	0.00653	0.00595	0.01111	0.01755	0.02089	0.07695	0.10351	0.64813	0.01984	0.00920	0.00264	0.00395	0.01662	0.00720	0.00653
122	0.01830	0.02092	0.04575	0.03268	0.04052	0.01961	0.65098	0.02484	0.01830	0.02484	0.01569	0.02092	0.01176	0.00654	0.00915	0.00261	0.01307	0.00915	0.00392	0.01046
123	0.01555	0.04011	0.68733	0.02210	0.03356	0.01801	0.02865	0.02455	0.01637	0.02455	0.01391	0.01637	0.00982	0.00737	0.00737	0.00246	0.01146	0.00573	0.00327	0.01146
124	0.00945	0.00675	0.00900	0.01080	0.01125	0.00630	0.00720	0.01080	0.01484	0.01979	0.04274	0.72245	0.05128	0.02429	0.00990	0.00315	0.00450	0.02204	0.00720	0.00630
125	0.01234	0.00882	0.01232	0.01411	0.01583	0.00879	0.01223	0.01580	0.01770	0.02303	0.04114	0.11899	0.04495	0.02156	0.01067	0.00355	0.00701	0.59692	0.00714	0.00710

[dist]
# distance from previous block
# <min> <max>
1	6

[block]
# block no. 2 follows, 25 sequences, length 11
# corresponding to MSA columns:
# 220-230
name=unknown_C
#
# <colnr> <probs for GDERKNQSTAVLIFYWHMCP>
#	G	D	E	R	K	N	Q	S	T	A	V	L	I	F	Y	W	H	M	C	P
0	0.01902	0.01651	0.02591	0.01946	0.02482	0.01643	0.18988	0.07064	0.01786	0.06926	0.01588	0.01935	0.01252	0.00823	0.01077	0.00221	0.14486	0.00686	0.05724	0.25229
1	0.01331	0.00939	0.01122	0.05795	0.01389	0.00980	0.00752	0.08478	0.01532	0.02065	0.02676	0.17968	0.02963	0.42964	0.02653	0.00551	0.00708	0.01252	0.03251	0.00634
2	0.60577	0.01730	0.07270	0.01408	0.06251	0.01706	0.01146	0.02416	0.01446	0.08261	0.01283	0.01443	0.00961	0.00737	0.00545	0.00240	0.00674	0.00479	0.00496	0.00930
3	0.02809	0.01367	0.01713	0.01397	0.01911	0.01325	0.01125	0.03653	0.20500	0.43629	0.09280	0.03014	0.02565	0.01046	0.00795	0.00247	0.00618	0.00867	0.00901	0.01237
4	0.01695	0.22662	0.51304	0.01972	0.02988	0.02142	0.02450	0.02419	0.01620	0.02285	0.01307	0.01531	0.00986	0.00717	0.00672	0.00224	0.01061	0.00530	0.00329	0.01105
5	0.01304	0.01068	0.01337	0.04628	0.01681	0.00999	0.00939	0.01704	0.07075	0.02263	0.02948	0.36693	0.03211	0.01575	0.00888	0.00243	0.03423	0.01379	0.00606	0.26038
6	0.02221	0.01596	0.01877	0.01542	0.01992	0.01667	0.03357	0.35126	0.02713	0.07425	0.05440	0.21575	0.02657	0.01345	0.00834	0.00250	0.00707	0.01144	0.00742	0.05792
7	0.64207	0.01360	0.01108	0.01022	0.01434	0.01547	0.00819	0.02094	0.01410	0.03303	0.07065	0.08469	0.01805	0.00958	0.00566	0.00247	0.00565	0.00675	0.00535	0.00810
8	0.02124	0.68877	0.03947	0.01369	0.02015	0.07224	0.01337	0.02370	0.01614	0.01829	0.01085	0.01253	0.00995	0.00672	0.00510	0.00168	0.00865	0.00420	0.00336	0.00989
9	0.01087	0.00834	0.01019	0.01047	0.01233	0.00770	0.00758	0.01430	0.05615	0.02385	0.19385	0.34296	0.16534	0.01935	0.00922	0.00274	0.00446	0.03544	0.00738	0.05748
10	0.01634	0.11168	0.56247	0.02209	0.03272	0.01949	0.08173	0.02444	0.01647	0.02391	0.01374	0.01635	0.01001	0.00722	0.00727	0.00239	0.01127	0.00586	0.00334	0.01121

[dist]
# distance from previous block
# <min> <max>
0	10

[block]
# block no. 3 follows, 25 sequences, length 266
# corresponding to MSA columns:
# 241-506
name=unknown_D
#
# <colnr> <probs for GDERKNQSTAVLIFYWHMCP>
#	G	D	E	R	K	N	Q	S	T	A	V	L	I	F	Y	W	H	M	C	P
0	0.01820	0.02164	0.06994	0.03228	0.04026	0.01955	0.62752	0.02483	0.01823	0.02483	0.01562	0.02074	0.01169	0.00657	0.00908	0.00261	0.01301	0.00902	0.00390	0.01050
1	0.00958	0.00685	0.00912	0.01070	0.01128	0.00639	0.00721	0.01114	0.01548	0.02080	0.09884	0.66349	0.05322	0.02354	0.00983	0.00309	0.00442	0.02133	0.00732	0.00639
2	0.01875	0.01798	0.03068	0.11110	0.61904	0.01831	0.02358	0.02341	0.01745	0.02480	0.01451	0.01933	0.01209	0.00699	0.00768	0.00233	0.00932	0.00691	0.00380	0.01193
3	0.01919	0.01842	0.03147	0.04759	0.67914	0.01842	0.02380	0.02380	0.01765	0.02533	0.01458	0.01919	0.01228	0.00691	0.00768	0.00230	0.00921	0.00691	0.00384	0.01228
4	0.03254	0.01262	0.01720	0.01353	0.01903	0.01094	0.01102	0.03539	0.02154	0.62554	0.03167	0.08815	0.02204	0.01090	0.00798	0.00247	0.00641	0.00906	0.00938	0.01258
5	0.00981	0.00698	0.00928	0.01099	0.01154	0.00659	0.00755	0.01129	0.01494	0.01987	0.04170	0.63317	0.04957	0.05822	0.01141	0.00340	0.00488	0.07547	0.00707	0.00630
6	0.01668	0.06774	0.60803	0.02177	0.03266	0.01833	0.05042	0.02506	0.01666	0.05180	0.01454	0.01679	0.01029	0.00740	0.00735	0.00243	0.01118	0.00588	0.00356	0.01143
7	0.01988	0.61854	0.14681	0.01472	0.02214	0.02860	0.01579	0.02344	0.01586	0.01928	0.01129	0.01308	0.00993	0.00675	0.00537	0.00179	0.00881	0.00441	0.00331	0.01020
8	0.00945	0.00675	0.00900	0.01080	0.01125	0.00630	0.00720	0.01080	0.01484	0.01979	0.04274	0.72245	0.05128	0.02429	0.00990	0.00315	0.00450	0.02204	0.00720	0.00630
9	0.06226	0.01696	0.01931	0.01539	0.02095	0.01780	0.01254	0.26781	0.15286	0.26586	0.04880	0.02450	0.01929	0.00979	0.00772	0.00242	0.00710	0.00775	0.00832	0.01258
10	0.04088	0.09051	0.61748	0.02106	0.03194	0.01892	0.02685	0.02440	0.01622	0.02442	0.01358	0.01596	0.00979	0.00731	0.00711	0.00239	0.01105	0.00556	0.00333	0.01125
11	0.01187	0.00759	0.01009	0.01074	0.01202	0.00699	0.00756	0.01400	0.01741	0.07542	0.21874	0.48152	0.05487	0.02077	0.00952	0.00289	0.00443	0.01867	0.00776	0.00713
12	0.01563	0.01043	0.01533	0.01444	0.01718	0.01002	0.06248	0.04837	0.01937	0.10597	0.14174	0.19364	0.04340	0.01785	0.00967	0.00302	0.00652	0.24920	0.00745	0.00830
13	0.05612	0.01572	0.01912	0.01488	0.02077	0.01545	0.01223	0.19795	0.07203	0.45109	0.02691	0.02411	0.01761	0.00951	0.00770	0.00240	0.00705	0.00754	0.00884	0.01297
14	0.01576	0.09624	0.60051	0.02076	0.03135	0.01854	0.02633	0.02396	0.01659	0.02435	0.04579	0.01806	0.01291	0.00772	0.00725	0.00239	0.01082	0.00600	0.00353	0.01113
15	0.01919	0.01842	0.03147	0.04759	0.67914	0.01842	0.02380	0.02380	0.01765	0.02533	0.01458	0.01919	0.01228	0.00691	0.00768	0.00230	0.00921	0.00691	0.00384	0.01228
16	0.01613	0.11717	0.61532	0.02112	0.03204	0.01942	0.02693	0.02441	0.01630	0.02385	0.01357	0.01593	0.00984	0.00728	0.00710	0.00237	0.01111	0.00555	0.00328	0.01129
17	0.02558	0.02607	0.33825	0.01777	0.02638	0.01456	0.01965	0.03146	0.01941	0.36875	0.02261	0.02160	0.01471	0.00853	0.00759	0.00243	0.00892	0.00681	0.00657	0.01236
18	0.00953	0.00678	0.00897	0.01068	0.01111	0.00636	0.00708	0.01082	0.01467	0.01956	0.04185	0.69015	0.05017	0.05811	0.01132	0.00336	0.00464	0.02152	0.00708	0.00622
19	0.03088	0.01376	0.01773	0.01395	0.01945	0.01280	0.01139	0.09174	0.07475	0.51471	0.08891	0.02879	0.02397	0.01022	0.00792	0.00241	0.00647	0.00837	0.00920	0.01258
20	0.01834	0.02081	0.04516	0.03330	0.06697	0.01956	0.62501	0.02479	0.01827	0.02486	0.01564	0.02084	0.01179	0.00655	0.00909	0.00260	0.01291	0.00906	0.00392	0.01053
21	0.01464	0.01378	0.02326	0.70887	0.05340	0.01723	0.02153	0.01981	0.01550	0.01981	0.01378	0.02067	0.01034	0.00775	0.00775	0.00258	0.01034	0.00689	0.00345	0.00861
22	0.01445	0.00723	0.00723	0.00723	0.00903	0.00723	0.00542	0.01807	0.01626	0.02891	0.02529	0.02891	0.01987	0.00903	0.00542	0.00181	0.00361	0.00723	0.77055	0.00723
23	0.01745	0.02056	0.07003	0.03042	0.03780	0.01844	0.57122	0.02366	0.01793	0.02441	0.01785	0.07875	0.01495	0.00804	0.00914	0.00265	0.01229	0.01007	0.00416	0.01016
24	0.01577	0.06896	0.66037	0.02173	0.03299	0.01854	0.02801	0.02450	0.01634	0.02429	0.01378	0.01621	0.00983	0.00734	0.00727	0.00242	0.01133	0.00566	0.00328	0.01140
25	0.00945	0.00675	0.00900	0.01080	0.01125	0.00630	0.00720	0.01080	0.01484	0.01979	0.04274	0.72245	0.05128	0.02429	0.00990	0.00315	0.00450	0.02204	0.00720	0.00630
26	0.02073	0.73217	0.04063	0.01327	0.01990	0.03068	0.01327	0.02322	0.01575	0.01824	0.01078	0.01244	0.00995	0.00663	0.00498	0.00166	0.00829	0.00415	0.00332	0.00995
27	0.01242	0.00943	0.01284	0.04559	0.01637	0.00904	0.03973	0.01612	0.04471	0.05057	0.12667	0.17162	0.22936	0.01838	0.00948	0.00290	0.00571	0.16436	0.00714	0.00754
28	0.01830	0.02092	0.04575	0.03268	0.04052	0.01961	0.65098	0.02484	0.01830	0.02484	0.01569	0.02092	0.01176	0.00654	0.00915	0.00261	0.01307	0.00915	0.00392	0.01046
29	0.01097	0.00793	0.01036	0.00975	0.01158	0.00732	0.00732	0.01463	0.02195	0.03109	0.67505	0.05792	0.07316	0.01585	0.00914	0.00244	0.00366	0.01402	0.00854	0.00732
30	0.03042	0.01417	0.01786	0.01435	0.01990	0.01362	0.01164	0.03875	0.20336	0.50077	0.03086	0.02711	0.02045	0.00986	0.00782	0.00246	0.00647	0.00807	0.00912	0.01294
31	0.01187	0.00821	0.01058	0.01033	0.01236	0.00755	0.00798	0.01516	0.02055	0.05549	0.46110	0.09448	0.14094	0.01719	0.00933	0.00264	0.00431	0.09436	0.00817	0.00739
32	0.00945	0.00675	0.00900	0.01080	0.01125	0.00630	0.00720	0.01080	0.01484	0.01979	0.04274	0.72245	0.05128	0.02429	0.00990	0.00315	0.00450	0.02204	0.00720	0.00630
33	0.01745	0.01947	0.04143	0.03015	0.03696	0.01863	0.56337	0.02329	0.01769	0.02409	0.01782	0.08297	0.01519	0.00845	0.01000	0.00270	0.04598	0.01018	0.00419	0.00999
34	0.01580	0.07369	0.65595	0.02167	0.03290	0.01862	0.02790	0.02449	0.01634	0.02425	0.01376	0.01618	0.00983	0.00733	0.00725	0.00242	0.01131	0.00565	0.00328	0.01139
35	0.01555	0.04011	0.68733	0.02210	0.03356	0.01801	0.02865	0.02455	0.01637	0.02455	0.01391	0.01637	0.00982	0.00737	0.00737	0.00246	0.01146	0.00573	0.00327	0.01146
36	0.01492	0.01425	0.02428	0.64604	0.05126	0.01764	0.04941	0.01998	0.01546	0.01998	0.01370	0.02051	0.01039	0.00797	0.00865	0.00262	0.04380	0.00699	0.00346	0.00869
37	0.02896	0.03695	0.02197	0.01998	0.02397	0.69638	0.01498	0.03096	0.02197	0.01898	0.01199	0.01398	0.00999	0.00799	0.00699	0.00200	0.01398	0.00499	0.00400	0.00899
38	0.02947	0.02172	0.02327	0.01784	0.02404	0.02404	0.01474	0.65329	0.03646	0.04887	0.01862	0.01862	0.01319	0.00931	0.00776	0.00233	0.00853	0.00698	0.00776	0.01319
39	0.00945	0.00675	0.00900	0.01080	0.01125	0.00630	0.00720	0.01080	0.01484	0.01979	0.04274	0.72245	0.05128	0.02429	0.00990	0.00315	0.00450	0.02204	0.00720	0.00630
40	0.00945	0.00675	0.00900	0.01080	0.01125	0.00630	0.00720	0.01080	0.01484	0.01979	0.04274	0.72245	0.05128	0.02429	0.00990	0.00315	0.00450	0.02204	0.00720	0.00630
41	0.03479	0.01320	0.01799	0.01380	0.01979	0.01140	0.01140	0.03779	0.02219	0.68451	0.03059	0.02639	0.01919	0.00960	0.00780	0.00240	0.00660	0.00780	0.00960	0.01320
42	0.01555	0.04011	0.68733	0.02210	0.03356	0.01801	0.02865	0.02455	0.01637	0.02455	0.01391	0.01637	0.00982	0.00737	0.00737	0.00246	0.01146	0.00573	0.00327	0.01146
43	0.02896	0.03695	0.02197	0.01998	0.02397	0.69638	0.01498	0.03096	0.02197	0.01898	0.01199	0.01398	0.00999	0.00799	0.00699	0.00200	0.01398	0.00499	0.00400	0.00899
44	0.02073	0.73217	0.04063	0.01327	0.01990	0.03068	0.01327	0.02322	0.01575	0.01824	0.01078	0.01244	0.00995	0.00663	0.00498	0.00166	0.00829	0.00415	0.00332	0.00995
45	0.01085	0.00783	0.01025	0.00984	0.01156	0.00723	0.00731	0.01431	0.02136	0.03015	0.62250	0.11315	0.07134	0.01655	0.00921	0.00250	0.00373	0.01469	0.00842	0.00723
46	0.00945	0.00675	0.00900	0.01080	0.01125	0.00630	0.00720	0.01080	0.01484	0.01979	0.04274	0.72245	0.05128	0.02429	0.00990	0.00315	0.00450	0.02204	0.00720	0.00630
47	0.01929	0.01666	0.01753	0.01578	0.02016	0.01929	0.01227	0.04120	0.66513	0.03243	0.03156	0.02893	0.02367	0.01052	0.00789	0.00263	0.00614	0.00877	0.00789	0.01227
48	0.02073	0.73217	0.04063	0.01327	0.01990	0.03068	0.01327	0.02322	0.01575	0.01824	0.01078	0.01244	0.00995	0.00663	0.00498	0.00166	0.00829	0.00415	0.00332	0.00995
49	0.01482	0.01413	0.02435	0.67600	0.05278	0.01734	0.05213	0.02005	0.01564	0.02005	0.01387	0.02068	0.01041	0.00769	0.00782	0.00259	0.01047	0.00700	0.00347	0.00870
50	0.03413	0.01425	0.01865	0.01430	0.02032	0.01296	0.01181	0.11391	0.02396	0.60590	0.02911	0.02543	0.01845	0.00956	0.00779	0.00239	0.00684	0.00770	0.00937	0.01319
51	0.02914	0.03178	0.02241	0.01925	0.02400	0.46818	0.01490	0.24219	0.02689	0.02912	0.01424	0.01556	0.01107	0.00844	0.00725	0.00211	0.01213	0.00567	0.00527	0.01041
52	0.01830	0.02092	0.04575	0.03268	0.04052	0.01961	0.65098	0.02484	0.01830	0.02484	0.01569	0.02092	0.01176	0.00654	0.00915	0.00261	0.01307	0.00915	0.00392	0.01046
53	0.00988	0.00744	0.01078	0.01186	0.01267	0.00694	0.03849	0.01148	0.01501	0.02004	0.04142	0.68835	0.04936	0.02343	0.00986	0.00312	0.00492	0.02142	0.00704	0.00650
54	0.02027	0.67076	0.09802	0.01405	0.02111	0.02956	0.01463	0.02334	0.01581	0.01880	0.01106	0.01279	0.00994	0.00670	0.00519	0.00173	0.00857	0.00429	0.00331	0.01008
55	0.02208	0.01804	0.01910	0.01634	0.02123	0.02059	0.01295	0.20894	0.49285	0.03694	0.02801	0.02610	0.02080	0.01019	0.00785	0.00255	0.00679	0.00828	0.00785	0.01252
56	0.01112	0.00745	0.00850	0.00865	0.00869	0.00741	0.00491	0.01123	0.01158	0.01544	0.02598	0.10759	0.03014	0.66799	0.03696	0.00715	0.00726	0.01219	0.00491	0.00483
57	0.01975	0.60181	0.16245	0.01493	0.02247	0.02829	0.01616	0.02347	0.01587	0.01943	0.01137	0.01318	0.00993	0.00677	0.00543	0.00181	0.00889	0.00444	0.00331	0.01023
58	0.02138	0.67763	0.03917	0.01379	0.02022	0.08291	0.01340	0.02382	0.01624	0.01830	0.01087	0.01256	0.00995	0.00674	0.00513	0.00168	0.00874	0.00421	0.00337	0.00987
59	0.01582	0.01350	0.01580	0.01146	0.01809	0.01018	0.00911	0.01918	0.01603	0.02505	0.01492	0.04395	0.01305	0.00647	0.00591	0.00123	0.00569	0.00528	0.00470	0.74458
60	0.02941	0.02369	0.02310	0.01812	0.02404	0.11104	0.01477	0.57276	0.03458	0.04500	0.01776	0.01802	0.01277	0.00914	0.00766	0.00228	0.00924	0.00672	0.00727	0.01264
61	0.01929	0.01666	0.01753	0.01578	0.02016	0.01929	0.01227	0.04120	0.66513	0.03243	0.03156	0.02893	0.02367	0.01052	0.00789	0.00263	0.00614	0.00877	0.00789	0.01227
62	0.01838	0.04897	0.01772	0.01202	0.01880	0.01197	0.00979	0.04691	0.01739	0.07997	0.01521	0.01685	0.01211	0.00625	0.00596	0.00132	0.00605	0.00493	0.00507	0.64434
63	0.02947	0.02172	0.02327	0.01784	0.02404	0.02404	0.01474	0.65329	0.03646	0.04887	0.01862	0.01862	0.01319	0.00931	0.00776	0.00233	0.00853	0.00698	0.00776	0.01319
64	0.78228	0.01499	0.01140	0.01020	0.01499	0.01739	0.00840	0.02279	0.01320	0.03479	0.01080	0.01260	0.00840	0.00720	0.00480	0.00240	0.00600	0.00420	0.00480	0.00840
65	0.01617	0.01505	0.02548	0.44480	0.26904	0.01713	0.02160	0.02073	0.01599	0.02142	0.01405	0.02030	0.01117	0.00839	0.00882	0.04000	0.00977	0.00689	0.00358	0.00963
66	0.01919	0.01842	0.03147	0.04759	0.67914	0.01842	0.02380	0.02380	0.01765	0.02533	0.01458	0.01919	0.01228	0.00691	0.00768	0.00230	0.00921	0.00691	0.00384	0.01228
67	0.01655	0.01645	0.02389	0.02031	0.02080	0.02239	0.04719	0.01857	0.01223	0.01891	0.01132	0.01826	0.01101	0.01689	0.07975	0.00410	0.62244	0.00703	0.00348	0.00845
68	0.02754	0.02103	0.02131	0.01681	0.02223	0.07142	0.01366	0.52880	0.03264	0.04357	0.01846	0.01932	0.01351	0.00992	0.00844	0.03415	0.00846	0.00684	0.06990	0.01198
69	0.01772	0.01968	0.04052	0.02970	0.03590	0.01979	0.51668	0.02322	0.01706	0.02358	0.01581	0.04792	0.01305	0.00844	0.01198	0.00277	0.13301	0.00925	0.00396	0.00995
70	0.00945	0.00675	0.00900	0.01080	0.01125	0.00630	0.00720	0.01080	0.01484	0.01979	0.04274	0.72245	0.05128	0.02429	0.00990	0.00315	0.00450	0.02204	0.00720	0.00630
71	0.01884	0.02095	0.04466	0.03196	0.03972	0.01982	0.62011	0.05533	0.01918	0.02600	0.01583	0.02080	0.01183	0.00667	0.00908	0.00260	0.01285	0.00905	0.00411	0.01059
72	0.01398	0.01394	0.02715	0.02127	0.02552	0.01304	0.32706	0.01784	0.01648	0.02199	0.03041	0.26979	0.07594	0.07356	0.01193	0.00321	0.00897	0.01432	0.00536	0.00825
73	0.01793	0.02032	0.04422	0.03177	0.03930	0.01905	0.62414	0.02425	0.01816	0.02463	0.01681	0.05016	0.01341	0.00728	0.00918	0.00264	0.01271	0.00969	0.00406	0.01028
74	0.00972	0.00691	0.00908	0.01053	0.01107	0.00648	0.00702	0.01118	0.01522	0.02046	0.09869	0.61177	0.05153	0.07631	0.01205	0.00341	0.00465	0.02051	0.00713	0.00627
75	0.01555	0.04011	0.68733	0.02210	0.03356	0.01801	0.02865	0.02455	0.01637	0.02455	0.01391	0.01637	0.00982	0.00737	0.00737	0.00246	0.01146	0.00573	0.00327	0.01146
76	0.02173	0.01815	0.02812	0.02172	0.02769	0.01880	0.23998	0.08543	0.30154	0.11346	0.02471	0.02490	0.01800	0.00888	0.00832	0.00257	0.00886	0.00863	0.00668	0.01182
77	0.00965	0.00693	0.00910	0.01076	0.01135	0.00648	0.00731	0.01108	0.01497	0.01983	0.04339	0.64109	0.07475	0.05013	0.01101	0.00331	0.00472	0.05077	0.00710	0.00629
78	0.01830	0.02092	0.04575	0.03268	0.04052	0.01961	0.65098	0.02484	0.01830	0.02484	0.01569	0.02092	0.01176	0.00654	0.00915	0.00261	0.01307	0.00915	0.00392	0.01046
79	0.01555	0.04011	0.68733	0.02210	0.03356	0.01801	0.02865	0.02455	0.01637	0.02455	0.01391	0.01637	0.00982	0.00737	0.00737	0.00246	0.01146	0.00573	0.00327	0.01146
80	0.01555	0.04011	0.68733	0.02210	0.03356	0.01801	0.02865	0.02455	0.01637	0.02455	0.01391	0.01637	0.00982	0.00737	0.00737	0.00246	0.01146	0.00573	0.00327	0.01146
81	0.02809	0.03513	0.02157	0.01960	0.02363	0.63559	0.01474	0.03188	0.07972	0.02018	0.01374	0.01532	0.01122	0.00822	0.00707	0.00205	0.01328	0.00533	0.00434	0.00928
82	0.01128	0.00752	0.00846	0.00846	0.00846	0.00752	0.00470	0.01128	0.01128	0.01503	0.02443	0.05074	0.02819	0.72751	0.03946	0.00752	0.00752	0.01128	0.00470	0.00470
83	0.01464	0.01378	0.02326	0.70887	0.05340	0.01723	0.02153	0.01981	0.01550	0.01981	0.01378	0.02067	0.01034	0.00775	0.00775	0.00258	0.01034	0.00689	0.00345	0.00861
84	0.00945	0.00675	0.00900	0.01080	0.01125	0.00630	0.00720	0.01080	0.01484	0.01979	0.04274	0.72245	0.05128	0.02429	0.00990	0.00315	0.00450	0.02204	0.00720	0.00630
85	0.01555	0.04011	0.68733	0.02210	0.03356	0.01801	0.02865	0.02455	0.01637	0.02455	0.01391	0.01637	0.00982	0.00737	0.00737	0.00246	0.01146	0.00573	0.00327	0.01146
86	0.03479	0.01320	0.01799	0.01380	0.01979	0.01140	0.01140	0.03779	0.02219	0.68451	0.03059	0.02639	0.01919	0.00960	0.00780	0.00240	0.00660	0.00780	0.00960	0.01320
87	0.03479	0.01320	0.01799	0.01380	0.01979	0.01140	0.01140	0.03779	0.02219	0.68451	0.03059	0.02639	0.01919	0.00960	0.00780	0.00240	0.00660	0.00780	0.00960	0.01320
88	0.01919	0.01842	0.03147	0.04759	0.67914	0.01842	0.02380	0.02380	0.01765	0.02533	0.01458	0.01919	0.01228	0.00691	0.00768	0.00230	0.00921	0.00691	0.00384	0.01228
89	0.02073	0.73217	0.04063	0.01327	0.01990	0.03068	0.01327	0.02322	0.01575	0.01824	0.01078	0.01244	0.00995	0.00663	0.00498	0.00166	0.00829	0.00415	0.00332	0.00995
90	0.02073	0.73217	0.04063	0.01327	0.01990	0.03068	0.01327	0.02322	0.01575	0.01824	0.01078	0.01244	0.00995	0.00663	0.00498	0.00166	0.00829	0.00415	0.00332	0.00995
