[name]
unknown

[dist]
# distance from previous block
# <min> <max>
0	33

[block]
# block no. 0 follows, 21 sequences, length 10
# corresponding to MSA columns:
# 33-42
name=unknown_A
#
# <colnr> <probs for GDERKNQSTAVLIFYWHMCP>
#	G	D	E	R	K	N	Q	S	T	A	V	L	I	F	Y	W	H	M	C	P
0	0.09306	0.01102	0.01369	0.01477	0.01714	0.01139	0.01234	0.05870	0.01985	0.02805	0.04021	0.19211	0.04376	0.02153	0.01068	0.00360	0.00728	0.38490	0.00762	0.00827
1	0.10238	0.02403	0.09677	0.08987	0.06394	0.15199	0.01716	0.06708	0.02009	0.04717	0.04046	0.02866	0.05952	0.05338	0.01236	0.00307	0.08141	0.02525	0.00528	0.01012
2	0.02110	0.01355	0.01677	0.01419	0.01811	0.01378	0.01129	0.06197	0.09694	0.17078	0.23211	0.04320	0.09853	0.01408	0.01107	0.00272	0.07731	0.01139	0.00845	0.06266
3	0.01859	0.01666	0.02821	0.02192	0.02707	0.01631	0.22146	0.06426	0.01974	0.05882	0.02820	0.17731	0.06092	0.01352	0.01141	0.00283	0.08043	0.01250	0.00599	0.11386
4	0.09691	0.01806	0.02459	0.07541	0.20876	0.06947	0.05342	0.02277	0.01743	0.02587	0.01990	0.11494	0.01906	0.01367	0.03480	0.00323	0.11165	0.00962	0.05020	0.01024
5	0.01256	0.00950	0.01243	0.01230	0.01388	0.01033	0.00939	0.01531	0.01665	0.02367	0.10283	0.14203	0.14610	0.03445	0.23881	0.00665	0.07596	0.01333	0.09614	0.00767
6	0.05992	0.00831	0.00975	0.00999	0.01139	0.00850	0.00717	0.01626	0.01536	0.02528	0.02628	0.13897	0.02491	0.02143	0.06081	0.19498	0.00650	0.01036	0.33707	0.00673
7	0.01081	0.00773	0.01035	0.01212	0.01287	0.00727	0.00845	0.01273	0.01722	0.02306	0.09420	0.58904	0.05751	0.02563	0.01088	0.00344	0.00514	0.07646	0.00801	0.00709
8	0.01121	0.00797	0.01064	0.01248	0.01324	0.00761	0.00893	0.01311	0.01671	0.02215	0.04511	0.52425	0.05297	0.07314	0.01332	0.00389	0.00578	0.14280	0.00769	0.00698
9	0.01110	0.00840	0.01041	0.01129	0.01299	0.00757	0.00819	0.01338	0.01839	0.02414	0.12761	0.38026	0.20506	0.02314	0.01046	0.00317	0.00500	0.07445	0.00796	0.03703

[dist]
# distance from previous block
# <min> <max>
7	13

[block]
# block no. 1 follows, 21 sequences, length 58
# corresponding to MSA columns:
# 56-113
name=unknown_B
#
# <colnr> <probs for GDERKNQSTAVLIFYWHMCP>
#	G	D	E	R	K	N	Q	S	T	A	V	L	I	F	Y	W	H	M	C	P
0	0.09534	0.01304	0.05409	0.01295	0.01586	0.01160	0.01019	0.05749	0.04929	0.02798	0.11364	0.30655	0.04197	0.10024	0.01337	0.00360	0.00634	0.01558	0.00714	0.04377
1	0.04627	0.02051	0.02674	0.17959	0.07061	0.06734	0.09188	0.23197	0.02674	0.03554	0.07599	0.02684	0.04173	0.01015	0.00873	0.00266	0.01018	0.00874	0.00627	0.01151
2	0.08015	0.17632	0.02507	0.01550	0.02133	0.06393	0.01313	0.18236	0.05822	0.13969	0.04883	0.02630	0.05847	0.01040	0.00758	0.00240	0.00820	0.00782	0.04240	0.01190
3	0.01030	0.00870	0.00895	0.00908	0.01190	0.00735	0.00694	0.01257	0.01941	0.02315	0.08352	0.08282	0.60546	0.02168	0.01017	0.00294	0.00454	0.05539	0.00790	0.00723
4	0.07768	0.02170	0.02364	0.07229	0.02739	0.02421	0.01572	0.49618	0.03515	0.04872	0.01987	0.02085	0.01431	0.00991	0.00815	0.00255	0.00902	0.00747	0.05185	0.01333
5	0.01849	0.01673	0.02351	0.02202	0.14115	0.01386	0.06266	0.02279	0.01817	0.02771	0.01546	0.01873	0.01280	0.00662	0.00701	0.00163	0.00768	0.00593	0.00482	0.55222
6	0.01226	0.00873	0.01169	0.01169	0.01253	0.00956	0.00816	0.01392	0.01309	0.01829	0.02461	0.04348	0.02564	0.35130	0.38569	0.01123	0.01623	0.01059	0.00483	0.00650
7	0.01008	0.00852	0.00872	0.00888	0.01156	0.00716	0.00658	0.01218	0.01914	0.02289	0.08300	0.13198	0.59637	0.02197	0.01012	0.00292	0.00436	0.01847	0.00790	0.00716
8	0.01944	0.01856	0.03160	0.25705	0.45574	0.01979	0.02531	0.02469	0.01861	0.02583	0.01572	0.02159	0.01278	0.00788	0.00845	0.00263	0.01051	0.00758	0.00407	0.01217
9	0.01710	0.01641	0.02342	0.05904	0.02296	0.02239	0.01723	0.01944	0.01340	0.02040	0.01386	0.02199	0.01332	0.02486	0.16187	0.00577	0.50589	0.00781	0.00390	0.00896
10	0.01254	0.00961	0.01411	0.01389	0.01522	0.01137	0.01074	0.01532	0.01356	0.01959	0.02239	0.03402	0.02132	0.10228	0.58995	0.01275	0.06002	0.00923	0.00455	0.00754
11	0.01707	0.04402	0.65683	0.02426	0.03683	0.01976	0.03144	0.02695	0.01797	0.02695	0.01527	0.01797	0.01078	0.00809	0.00809	0.00270	0.01258	0.00629	0.00359	0.01258
12	0.44610	0.01713	0.05204	0.01295	0.01804	0.01746	0.01112	0.07303	0.05926	0.03773	0.15158	0.02660	0.02629	0.01040	0.00696	0.00266	0.00662	0.00763	0.00655	0.00987
13	0.01037	0.00741	0.00987	0.01185	0.01234	0.00691	0.00790	0.01185	0.01629	0.02172	0.04690	0.69537	0.05629	0.02666	0.01086	0.00346	0.00494	0.02419	0.00790	0.00691
14	0.03182	0.02357	0.02524	0.01947	0.02619	0.02614	0.01605	0.59216	0.06818	0.05278	0.02111	0.02097	0.01502	0.01028	0.00852	0.00257	0.00924	0.00776	0.00852	0.01442
15	0.01216	0.00912	0.01368	0.01368	0.01520	0.01064	0.01064	0.01520	0.01368	0.01976	0.02279	0.03343	0.02127	0.06382	0.66720	0.01368	0.02279	0.00912	0.00456	0.00760
16	0.02320	0.67270	0.04357	0.01493	0.02207	0.06540	0.01466	0.02591	0.01763	0.02006	0.01190	0.01374	0.01092	0.00736	0.00557	0.00184	0.00941	0.00460	0.00368	0.01087
17	0.01659	0.01552	0.02545	0.61432	0.07799	0.01910	0.02307	0.02343	0.05698	0.02286	0.01642	0.02322	0.01237	0.00867	0.00851	0.00283	0.01100	0.00770	0.00411	0.00986
18	0.10741	0.07938	0.42699	0.06034	0.03377	0.02072	0.04817	0.02782	0.06769	0.02826	0.01628	0.01878	0.01196	0.00828	0.00772	0.00266	0.01115	0.00646	0.00425	0.01191
19	0.02463	0.31254	0.02947	0.01520	0.02061	0.02237	0.01349	0.06560	0.02033	0.17704	0.02472	0.10949	0.02238	0.01241	0.00881	0.00254	0.04451	0.05616	0.00651	0.01118
20	0.01077	0.00776	0.01005	0.01131	0.01220	0.00721	0.00769	0.01268	0.01770	0.02380	0.15816	0.50893	0.09323	0.06102	0.01241	0.00354	0.00491	0.02157	0.00802	0.00704
21	0.01786	0.01763	0.02730	0.02595	0.10092	0.02204	0.08144	0.02063	0.01505	0.02229	0.01767	0.11887	0.01827	0.01490	0.02110	0.00345	0.43026	0.01020	0.00446	0.00970
22	0.06591	0.01786	0.03188	0.38038	0.08982	0.02017	0.17992	0.02363	0.01757	0.02460	0.01527	0.02181	0.01176	0.00847	0.00997	0.00287	0.05581	0.00802	0.00404	0.01024
23	0.01938	0.02016	0.06339	0.17966	0.19648	0.02011	0.17967	0.05912	0.01977	0.02709	0.01850	0.02795	0.01565	0.00970	0.01044	0.00289	0.05637	0.05772	0.00464	0.01131
24	0.01872	0.01891	0.02767	0.02324	0.02382	0.02576	0.05848	0.02093	0.01350	0.02093	0.01157	0.01891	0.01129	0.01438	0.02674	0.00367	0.64065	0.00762	0.00376	0.00945
25	0.01398	0.01611	0.09605	0.04221	0.02406	0.01321	0.13645	0.01801	0.01785	0.02430	0.07563	0.31518	0.08973	0.01802	0.01130	0.00314	0.05320	0.01637	0.00633	0.00886
26	0.01632	0.01538	0.02598	0.64899	0.08814	0.01897	0.02376	0.02196	0.01713	0.02205	0.01517	0.02261	0.01145	0.00846	0.00850	0.00282	0.01128	0.00756	0.00380	0.00966
27	0.02931	0.01253	0.01651	0.01333	0.01839	0.01094	0.01066	0.03237	0.02299	0.44644	0.12935	0.04222	0.10779	0.05392	0.01103	0.00300	0.00646	0.01096	0.00972	0.01207
28	0.01765	0.01664	0.02770	0.48128	0.21676	0.01936	0.02386	0.02395	0.04446	0.02399	0.01621	0.02264	0.01256	0.00839	0.00849	0.00275	0.01081	0.00766	0.00411	0.01072
29	0.01607	0.01513	0.02552	0.68047	0.05861	0.01891	0.02363	0.02174	0.01702	0.02174	0.01513	0.02269	0.01134	0.00851	0.00851	0.00284	0.01134	0.00756	0.00378	0.00945
30	0.02677	0.09636	0.18845	0.01903	0.02619	0.02036	0.01891	0.08729	0.05456	0.24262	0.02210	0.02235	0.01554	0.01023	0.01096	0.00273	0.10867	0.00736	0.00673	0.01280
31	0.02184	0.01495	0.01715	0.01533	0.01977	0.01565	0.01199	0.05555	0.30349	0.14640	0.03834	0.13430	0.06645	0.01453	0.00909	0.00288	0.00656	0.04521	0.00860	0.05191
32	0.01923	0.07698	0.05785	0.02562	0.05242	0.06332	0.24230	0.02460	0.04420	0.02475	0.02055	0.12204	0.01936	0.01159	0.01198	0.00285	0.11446	0.01050	0.00490	0.05049
33	0.01993	0.01836	0.05684	0.01541	0.02212	0.01575	0.01311	0.11829	0.04436	0.03130	0.01754	0.04321	0.01476	0.00872	0.00890	0.00191	0.06622	0.00661	0.00564	0.47103
34	0.02041	0.02825	0.16439	0.10161	0.04094	0.10130	0.32503	0.02703	0.01941	0.02540	0.01574	0.02073	0.01197	0.00815	0.01024	0.00280	0.05307	0.00830	0.00408	0.01115
35	0.02297	0.23380	0.13635	0.05180	0.18146	0.04370	0.02047	0.06405	0.07020	0.07223	0.01754	0.01958	0.01372	0.00834	0.00748	0.00238	0.00989	0.00662	0.00500	0.01242
36	0.01734	0.06148	0.03152	0.06211	0.02993	0.01939	0.22771	0.02273	0.04359	0.02388	0.04065	0.02637	0.01772	0.02480	0.19473	0.00593	0.12665	0.00903	0.00458	0.00985
37	0.02042	0.06263	0.05566	0.01545	0.02029	0.01743	0.01299	0.06464	0.28425	0.09089	0.21573	0.03854	0.03950	0.01267	0.00881	0.00270	0.00659	0.01064	0.00841	0.01175
38	0.01045	0.00755	0.00989	0.01159	0.01232	0.00699	0.00782	0.01212	0.01694	0.02253	0.08464	0.62193	0.09214	0.02581	0.01077	0.00338	0.00485	0.02331	0.00799	0.00699
39	0.01904	0.12532	0.05598	0.02818	0.15039	0.02123	0.15998	0.02350	0.01777	0.02499	0.01924	0.06399	0.01770	0.01097	0.01188	0.00281	0.12791	0.04324	0.06520	0.01068
40	0.01037	0.00741	0.00987	0.01185	0.01234	0.00691	0.00790	0.01185	0.01629	0.02172	0.04690	0.69537	0.05629	0.02666	0.01086	0.00346	0.00494	0.02419	0.00790	0.00691
41	0.02365	0.63965	0.04255	0.01530	0.02229	0.09684	0.01475	0.02633	0.01797	0.02010	0.01196	0.01382	0.01093	0.00743	0.00568	0.00186	0.00972	0.00464	0.00371	0.01082
42	0.01225	0.00820	0.00932	0.00945	0.00948	0.00816	0.00533	0.01234	0.01263	0.01684	0.02812	0.09713	0.03258	0.65724	0.04121	0.00794	0.00804	0.01314	0.00533	0.00527
43	0.02110	0.02315	0.11476	0.07551	0.06460	0.05768	0.01782	0.07579	0.35369	0.03300	0.05339	0.02802	0.02252	0.01056	0.00854	0.00276	0.00873	0.00872	0.00702	0.01263
44	0.03818	0.01448	0.01975	0.01514	0.02172	0.01251	0.01251	0.04147	0.02436	0.65373	0.03357	0.02897	0.02107	0.01053	0.00856	0.00263	0.00724	0.00856	0.01053	0.01448
45	0.01238	0.00825	0.00928	0.00928	0.00928	0.00825	0.00516	0.01238	0.01238	0.01650	0.02681	0.05569	0.03094	0.70092	0.04331	0.00825	0.00825	0.01238	0.00516	0.00516
46	0.01844	0.01921	0.03194	0.05409	0.03019	0.04499	0.21443	0.02235	0.01612	0.02274	0.01599	0.04571	0.01448	0.01781	0.09231	0.00447	0.31176	0.00902	0.00418	0.00977
47	0.01648	0.01554	0.02626	0.62918	0.10671	0.01901	0.02384	0.02210	0.01721	0.02224	0.01520	0.02256	0.01152	0.00843	0.00850	0.00281	0.01124	0.00756	0.00382	0.00978
48	0.02326	0.02184	0.09842	0.01763	0.02350	0.06845	0.01547	0.08622	0.27292	0.11051	0.07861	0.03289	0.02641	0.01155	0.00866	0.00272	0.00824	0.04018	0.00777	0.04474
49	0.01238	0.00825	0.00928	0.00928	0.00928	0.00825	0.00516	0.01238	0.01238	0.01650	0.02681	0.05569	0.03094	0.70092	0.04331	0.00825	0.00825	0.01238	0.00516	0.00516
50	0.01743	0.01708	0.02682	0.34669	0.04112	0.02235	0.04645	0.02139	0.01529	0.02139	0.01337	0.02080	0.01133	0.01143	0.01762	0.00325	0.32532	0.00761	0.00378	0.00947
51	0.01037	0.00741	0.00987	0.01185	0.01234	0.00691	0.00790	0.01185	0.01629	0.02172	0.04690	0.69537	0.05629	0.02666	0.01086	0.00346	0.00494	0.02419	0.00790	0.00691
52	0.01455	0.01318	0.02106	0.46396	0.04398	0.01585	0.01889	0.01893	0.01684	0.02177	0.02646	0.17232	0.06210	0.01356	0.00994	0.00301	0.03807	0.01184	0.00494	0.00875
53	0.01037	0.00741	0.00987	0.01185	0.01234	0.00691	0.00790	0.01185	0.01629	0.02172	0.04690	0.69537	0.05629	0.02666	0.01086	0.00346	0.00494	0.02419	0.00790	0.00691
54	0.01830	0.01727	0.02853	0.39790	0.27977	0.01956	0.02390	0.02497	0.05891	0.02497	0.01676	0.02268	0.01313	0.00836	0.00849	0.00272	0.01057	0.00771	0.00427	0.01125
55	0.01755	0.01720	0.02972	0.33223	0.04429	0.01802	0.16624	0.02297	0.01776	0.02450	0.01547	0.02136	0.01203	0.00792	0.00918	0.00250	0.03944	0.00756	0.00421	0.18984
56	0.02447	0.58122	0.04086	0.01581	0.02268	0.11703	0.01490	0.05864	0.01942	0.02194	0.01247	0.01424	0.01112	0.00764	0.00592	0.00191	0.00994	0.00484	0.00400	0.01097
57	0.02365	0.01566	0.01807	0.03824	0.02076	0.01657	0.01205	0.16693	0.16954	0.14556	0.10739	0.03817	0.05880	0.11350	0.01393	0.00352	0.00737	0.01042	0.00832	0.01155

[dist]
# distance from previous block
# <min> <max>
0	1

[block]
# block no. 2 follows, 21 sequences, length 65
# corresponding to MSA columns:
# 115-179
name=unknown_C
#
# <colnr> <probs for GDERKNQSTAVLIFYWHMCP>
#	G	D	E	R	K	N	Q	S	T	A	V	L	I	F	Y	W	H	M	C	P
0	0.09800	0.06329	0.17282	0.01833	0.02559	0.08294	0.01762	0.06341	0.17745	0.16101	0.02354	0.02300	0.01685	0.00959	0.00789	0.00262	0.00932	0.00734	0.00681	0.01261
1	0.35138	0.04640	0.07990	0.01393	0.01989	0.01756	0.01258	0.05733	0.05445	0.14431	0.07618	0.02571	0.04815	0.01014	0.00713	0.00263	0.00722	0.00746	0.00680	0.01085
2	0.01238	0.00825	0.00928	0.00928	0.00928	0.00825	0.00516	0.01238	0.01238	0.01650	0.02681	0.05569	0.03094	0.70092	0.04331	0.00825	0.00825	0.01238	0.00516	0.00516
3	0.02715	0.02014	0.02196	0.01799	0.02361	0.02237	0.01448	0.35531	0.21852	0.07492	0.02692	0.05985	0.02081	0.01394	0.03884	0.00322	0.00884	0.00923	0.00845	0.01346
4	0.06193	0.11120	0.36180	0.02636	0.11267	0.05462	0.07260	0.02672	0.01835	0.02666	0.01482	0.01789	0.01131	0.00781	0.00773	0.00250	0.01154	0.00637	0.00393	0.04318
5	0.05862	0.26868	0.14535	0.01927	0.05065	0.15256	0.01779	0.05393	0.04055	0.02543	0.01438	0.01640	0.01176	0.00794	0.00682	0.00213	0.01054	0.00554	0.00441	0.08725
6	0.01238	0.00825	0.00928	0.00928	0.00928	0.00825	0.00516	0.01238	0.01238	0.01650	0.02681	0.05569	0.03094	0.70092	0.04331	0.00825	0.00825	0.01238	0.00516	0.00516
7	0.01937	0.01894	0.05754	0.09129	0.25233	0.01904	0.01963	0.03156	0.24657	0.02969	0.02823	0.03350	0.04948	0.01101	0.00883	0.00282	0.00866	0.05293	0.00623	0.01234
8	0.01190	0.00893	0.01108	0.01082	0.01288	0.00832	0.00800	0.01616	0.04915	0.03072	0.44626	0.15074	0.16511	0.01906	0.01009	0.00282	0.00431	0.01674	0.00890	0.00798
9	0.01410	0.01372	0.04935	0.05222	0.02160	0.01266	0.10169	0.01886	0.04760	0.02688	0.22367	0.11436	0.12986	0.07937	0.01402	0.00341	0.04710	0.01397	0.00692	0.00867
10	0.09049	0.05539	0.02285	0.01855	0.05057	0.05208	0.01432	0.36072	0.06199	0.04190	0.02499	0.06023	0.05418	0.04178	0.00979	0.00284	0.00871	0.00891	0.00740	0.01230
11	0.09424	0.03605	0.45840	0.06415	0.09820	0.02002	0.02740	0.05601	0.01880	0.02921	0.01525	0.01826	0.01112	0.00815	0.00788	0.00267	0.01148	0.00639	0.00409	0.01224
12	0.02976	0.10873	0.02664	0.02232	0.05688	0.50450	0.01656	0.05950	0.05534	0.02333	0.01459	0.01653	0.01202	0.00876	0.00756	0.00222	0.01370	0.00580	0.00470	0.01055
13	0.42380	0.04719	0.11435	0.01502	0.02133	0.01844	0.04348	0.02637	0.04903	0.06670	0.08399	0.02206	0.01896	0.00923	0.00681	0.00264	0.00774	0.00678	0.00580	0.01027
14	0.02946	0.02144	0.02346	0.01795	0.02478	0.02260	0.01472	0.44925	0.06436	0.08245	0.02092	0.02098	0.01508	0.00959	0.00812	0.00234	0.00856	0.00733	0.00801	0.14858
15	0.02090	0.01966	0.07919	0.09488	0.02979	0.01873	0.10615	0.11518	0.18816	0.06201	0.05290	0.03292	0.05382	0.01220	0.01027	0.04034	0.00915	0.03542	0.00679	0.01154
16	0.02468	0.01803	0.02071	0.05025	0.02406	0.01955	0.01434	0.29522	0.12483	0.07584	0.06328	0.06417	0.02586	0.01478	0.03481	0.00319	0.00866	0.06623	0.00807	0.04343
17	0.10408	0.01255	0.01583	0.01304	0.01772	0.01156	0.01039	0.03027	0.02270	0.36150	0.22725	0.03972	0.03933	0.04341	0.01025	0.00290	0.00618	0.01052	0.00937	0.01144
18	0.02249	0.67574	0.07262	0.01501	0.02253	0.03304	0.01533	0.02555	0.01732	0.02034	0.01199	0.01385	0.01091	0.00732	0.00558	0.00186	0.00926	0.00463	0.00364	0.01100
19	0.01037	0.00741	0.00987	0.01185	0.01234	0.00691	0.00790	0.01185	0.01629	0.02172	0.04690	0.69537	0.05629	0.02666	0.01086	0.00346	0.00494	0.02419	0.00790	0.00691
20	0.03147	0.02315	0.02482	0.01913	0.02564	0.02559	0.01569	0.59265	0.03879	0.05199	0.02071	0.02199	0.01520	0.04072	0.01005	0.00281	0.00932	0.00787	0.00836	0.01406
21	0.01862	0.01862	0.02607	0.02234	0.02234	0.02607	0.01862	0.02048	0.01303	0.02048	0.01117	0.01862	0.01117	0.01489	0.02793	0.00372	0.68535	0.00745	0.00372	0.00931
22	0.01038	0.00815	0.00943	0.01039	0.01218	0.00720	0.00746	0.01234	0.01806	0.02257	0.06697	0.34964	0.35761	0.02388	0.01050	0.00318	0.00477	0.05030	0.00790	0.00710
23	0.01216	0.00912	0.01368	0.01368	0.01520	0.01064	0.01064	0.01520	0.01368	0.01976	0.02279	0.03343	0.02127	0.06382	0.66720	0.01368	0.02279	0.00912	0.00456	0.00760
24	0.03235	0.02384	0.02554	0.01958	0.02639	0.02639	0.01618	0.61946	0.04001	0.05363	0.02043	0.02043	0.01447	0.01022	0.00851	0.00255	0.00936	0.00766	0.00851	0.01447
25	0.76103	0.01646	0.01251	0.01119	0.01646	0.01909	0.00922	0.02502	0.01448	0.03818	0.01185	0.01382	0.00922	0.00790	0.00527	0.00263	0.00658	0.00461	0.00527	0.00922
26	0.05613	0.01649	0.05087	0.01591	0.02026	0.01655	0.04282	0.05694	0.24737	0.03244	0.16124	0.04314	0.13636	0.01394	0.01016	0.00285	0.04650	0.01154	0.00772	0.01076
27	0.01052	0.00752	0.01001	0.01175	0.01238	0.00701	0.00791	0.01223	0.01700	0.02285	0.10122	0.63783	0.05847	0.02582	0.01079	0.00339	0.00485	0.02339	0.00803	0.00701
28	0.01783	0.07052	0.54419	0.02702	0.09594	0.02050	0.05394	0.02682	0.01816	0.02674	0.01527	0.01828	0.01114	0.00796	0.00808	0.00265	0.01225	0.00649	0.00368	0.01255
29	0.49765	0.26247	0.02395	0.01239	0.01838	0.02429	0.01112	0.02518	0.01548	0.03170	0.01184	0.01376	0.00982	0.00768	0.00534	0.00234	0.00748	0.00459	0.00469	0.00982
30	0.01734	0.07606	0.62720	0.02379	0.03611	0.02044	0.03063	0.02688	0.01793	0.02662	0.01511	0.01776	0.01079	0.00805	0.00796	0.00265	0.01241	0.00620	0.00360	0.01250
31	0.02063	0.11768	0.06420	0.08780	0.05915	0.05817	0.01783	0.07725	0.04991	0.02636	0.04625	0.02123	0.01586	0.01085	0.01402	0.00275	0.22265	0.00720	0.00485	0.07537
32	0.54493	0.09404	0.04944	0.01467	0.04892	0.05012	0.01200	0.02528	0.01602	0.03419	0.03707	0.01638	0.01256	0.00824	0.00588	0.00252	0.00763	0.00529	0.00508	0.00976
33	0.03235	0.02384	0.02554	0.01958	0.02639	0.02639	0.01618	0.61946	0.04001	0.05363	0.02043	0.02043	0.01447	0.01022	0.00851	0.00255	0.00936	0.00766	0.00851	0.01447
34	0.03051	0.01884	0.02153	0.01693	0.02279	0.01976	0.01374	0.34748	0.06281	0.21232	0.08103	0.02903	0.02362	0.04685	0.01048	0.00290	0.00812	0.00894	0.00897	0.01336
35	0.01586	0.00793	0.00793	0.00793	0.00991	0.00793	0.00595	0.01983	0.01785	0.03173	0.02776	0.03173	0.02181	0.00991	0.00595	0.00198	0.00397	0.00793	0.74817	0.00793
36	0.01795	0.01817	0.03000	0.02427	0.02662	0.02251	0.16351	0.02130	0.01486	0.02202	0.01449	0.02202	0.01320	0.02076	0.12482	0.00509	0.41648	0.00835	0.00400	0.00957
37	0.76103	0.01646	0.01251	0.01119	0.01646	0.01909	0.00922	0.02502	0.01448	0.03818	0.01185	0.01382	0.00922	0.00790	0.00527	0.00263	0.00658	0.00461	0.00527	0.00922
38	0.03235	0.02384	0.02554	0.01958	0.02639	0.02639	0.01618	0.61946	0.04001	0.05363	0.02043	0.02043	0.01447	0.01022	0.00851	0.00255	0.00936	0.00766	0.00851	0.01447
39	0.01172	0.00869	0.01092	0.01036	0.01251	0.00789	0.00777	0.01542	0.02331	0.03229	0.55126	0.06660	0.17353	0.01808	0.01004	0.00271	0.00406	0.01582	0.00913	0.00789
40	0.01082	0.00793	0.01008	0.01151	0.01256	0.00735	0.00808	0.01268	0.01727	0.02262	0.08198	0.47893	0.14766	0.05999	0.01246	0.00362	0.00523	0.07443	0.00783	0.00701
41	0.02036	0.13032	0.26152	0.02496	0.03368	0.05396	0.19835	0.02688	0.01882	0.05781	0.01759	0.05335	0.01428	0.00911	0.00933	0.00268	0.04286	0.00817	0.00443	0.01154
42	0.72423	0.01683	0.01317	0.01161	0.01696	0.01946	0.00957	0.05504	0.01577	0.03896	0.01228	0.01416	0.00948	0.00802	0.00543	0.00263	0.00672	0.00476	0.00543	0.00948
43	0.02009	0.02296	0.05022	0.03587	0.04448	0.02152	0.61693	0.02726	0.02009	0.02726	0.01722	0.02296	0.01291	0.00717	0.01004	0.00287	0.01435	0.01004	0.00430	0.01148
44	0.01238	0.00825	0.00928	0.00928	0.00928	0.00825	0.00516	0.01238	0.01238	0.01650	0.02681	0.05569	0.03094	0.70092	0.04331	0.00825	0.00825	0.01238	0.00516	0.00516
45	0.01740	0.08295	0.62082	0.02369	0.03595	0.02058	0.03045	0.02686	0.01793	0.02654	0.01507	0.01771	0.01079	0.00804	0.00793	0.00264	0.01237	0.00619	0.00360	0.01248
46	0.76103	0.01646	0.01251	0.01119	0.01646	0.01909	0.00922	0.02502	0.01448	0.03818	0.01185	0.01382	0.00922	0.00790	0.00527	0.00263	0.00658	0.00461	0.00527	0.00922
47	0.02475	0.01943	0.02071	0.01735	0.02244	0.02186	0.01365	0.27575	0.32209	0.04084	0.02798	0.02979	0.02184	0.08746	0.01244	0.00335	0.00798	0.00913	0.00821	0.01296
48	0.01016	0.00863	0.00876	0.00873	0.01156	0.00723	0.00655	0.01241	0.01964	0.02357	0.11511	0.08095	0.61512	0.02134	0.01006	0.00286	0.00430	0.01783	0.00798	0.00723
49	0.01819	0.01771	0.02752	0.12804	0.09491	0.02172	0.08514	0.02377	0.07592	0.02371	0.01760	0.05701	0.01585	0.01462	0.04496	0.00369	0.30593	0.00892	0.00458	0.01022
50	0.02214	0.01806	0.01927	0.01719	0.02211	0.02067	0.01341	0.04501	0.59758	0.07105	0.03458	0.03159	0.02570	0.01149	0.00865	0.00287	0.00676	0.00956	0.00877	0.01353
51	0.17406	0.07776	0.14202	0.01918	0.02659	0.04772	0.07820	0.11398	0.02162	0.12727	0.01777	0.01923	0.01291	0.00878	0.00834	0.00255	0.03721	0.00669	0.00589	0.05223
52	0.03182	0.03972	0.02419	0.02181	0.02631	0.63455	0.01643	0.06343	0.02492	0.02248	0.01352	0.01560	0.01114	0.00884	0.00772	0.00221	0.01505	0.00559	0.00459	0.01010
53	0.64477	0.01585	0.01344	0.04340	0.01853	0.01810	0.01001	0.02520	0.01567	0.06923	0.04936	0.01789	0.01401	0.00861	0.00587	0.00265	0.00670	0.00557	0.00570	0.00943
54	0.02117	0.01828	0.01924	0.01732	0.02213	0.02117	0.01347	0.04522	0.63246	0.03560	0.03464	0.03175	0.02598	0.01155	0.00866	0.00289	0.00673	0.00962	0.00866	0.01347
55	0.01221	0.00891	0.01261	0.01261	0.01376	0.01006	0.00931	0.01451	0.01336	0.01896	0.02377	0.03884	0.02362	0.21856	0.51567	0.01236	0.01926	0.00991	0.00470	0.00701
56	0.01597	0.01473	0.02100	0.01880	0.01942	0.01975	0.01535	0.01832	0.01330	0.02018	0.01593	0.02468	0.01531	0.03492	0.28954	0.00780	0.41421	0.00813	0.00407	0.00861
57	0.01083	0.00865	0.00969	0.00943	0.01197	0.00751	0.00707	0.01370	0.02121	0.02730	0.30173	0.07481	0.42617	0.01995	0.01005	0.00280	0.00420	0.01697	0.00847	0.00751
58	0.01707	0.04402	0.65683	0.02426	0.03683	0.01976	0.03144	0.02695	0.01797	0.02695	0.01527	0.01797	0.01078	0.00809	0.00809	0.00270	0.01258	0.00629	0.00359	0.01258
59	0.02300	0.01756	0.02001	0.01473	0.02202	0.01568	0.01195	0.19229	0.02438	0.07099	0.01769	0.01909	0.01362	0.00766	0.00706	0.00171	0.00723	0.00599	0.00634	0.50103
60	0.01816	0.01080	0.01355	0.01286	0.01584	0.01022	0.00997	0.04494	0.05142	0.15281	0.14960	0.18707	0.13344	0.05011	0.01156	0.00330	0.00599	0.10042	0.00861	0.00934
61	0.01947	0.22063	0.12542	0.02113	0.02589	0.02618	0.07553	0.02318	0.01563	0.02178	0.01317	0.01901	0.01201	0.03882	0.01747	0.00313	0.30059	0.00689	0.00379	0.01029
62	0.01634	0.01540	0.02601	0.64631	0.09065	0.01898	0.02377	0.02198	0.01714	0.02207	0.01517	0.02260	0.01146	0.00846	0.00850	0.00282	0.01128	0.00756	0.00380	0.00967
63	0.01216	0.00912	0.01368	0.01368	0.01520	0.01064	0.01064	0.01520	0.01368	0.01976	0.02279	0.03343	0.02127	0.06382	0.66720	0.01368	0.02279	0.00912	0.00456	0.00760
64	0.02305	0.09140	0.02347	0.01920	0.05260	0.10944	0.01462	0.10074	0.31295	0.03235	0.05283	0.02871	0.04804	0.01121	0.00917	0.00266	0.03959	0.00871	0.00711	0.01216

[dist]
# distance from previous block
# <min> <max>
0	2

[block]
# block no. 3 follows, 21 sequences, length 21
# corresponding to MSA columns:
# 182-202
name=unknown_D
#
# <colnr> <probs for GDERKNQSTAVLIFYWHMCP>
#	G	D	E	R	K	N	Q	S	T	A	V	L	I	F	Y	W	H	M	C	P
0	0.02103	0.01820	0.02330	0.02074	0.08532	0.04637	0.05468	0.08897	0.04581	0.05760	0.04263	0.05309	0.01823	0.00989	0.01034	0.00227	0.09315	0.00788	0.00578	0.29474
1	0.02432	0.01981	0.02155	0.05676	0.02558	0.02265	0.01490	0.22121	0.41352	0.04036	0.02911	0.02773	0.02157	0.01096	0.00861	0.00278	0.00782	0.00890	0.00833	0.01354
2	0.02275	0.53352	0.09966	0.01768	0.02552	0.03079	0.06823	0.07187	0.01936	0.02389	0.01328	0.01538	0.01136	0.00757	0.00633	0.00205	0.00989	0.00543	0.00407	0.01140
3	0.02019	0.02132	0.02574	0.08606	0.02641	0.11403	0.01880	0.02247	0.01495	0.02065	0.01183	0.01856	0.01116	0.01343	0.02324	0.00343	0.52731	0.00719	0.00382	0.00940
4	0.01837	0.01828	0.02601	0.08612	0.02586	0.02537	0.01910	0.02060	0.01342	0.02060	0.01155	0.01901	0.01119	0.01428	0.02605	0.00364	0.62003	0.00746	0.00373	0.00932
5	0.03235	0.02384	0.02554	0.01958	0.02639	0.02639	0.01618	0.61946	0.04001	0.05363	0.02043	0.02043	0.01447	0.01022	0.00851	0.00255	0.00936	0.00766	0.00851	0.01447
6	0.01052	0.00861	0.00931	0.00941	0.01198	0.00740	0.00708	0.01298	0.01990	0.02463	0.16274	0.11528	0.50371	0.02133	0.01017	0.00292	0.00445	0.04215	0.00811	0.00732
7	0.01006	0.00862	0.00862	0.00862	0.01149	0.00718	0.00647	0.01221	0.01940	0.02299	0.08621	0.08190	0.64438	0.02155	0.01006	0.00287	0.00431	0.01796	0.00790	0.00718
8	0.01216	0.00912	0.01368	0.01368	0.01520	0.01064	0.01064	0.01520	0.01368	0.01976	0.02279	0.03343	0.02127	0.06382	0.66720	0.01368	0.02279	0.00912	0.00456	0.00760
9	0.01755	0.01717	0.02500	0.17215	0.03005	0.02331	0.01914	0.02026	0.01413	0.02084	0.01416	0.05908	0.01385	0.01412	0.02249	0.00351	0.49155	0.00845	0.00398	0.00920
10	0.07480	0.04188	0.60683	0.02324	0.03525	0.01971	0.02972	0.02680	0.01770	0.02782	0.01501	0.01765	0.01066	0.00807	0.00787	0.00269	0.01211	0.00616	0.00372	0.01232
11	0.02275	0.60713	0.09934	0.01587	0.02347	0.06897	0.01621	0.02611	0.01775	0.02070	0.01222	0.01414	0.01091	0.00744	0.00583	0.00192	0.00978	0.00476	0.00368	0.01101
12	0.02260	0.63939	0.04214	0.01483	0.02187	0.03246	0.01446	0.02740	0.07691	0.02153	0.01404	0.01541	0.01238	0.00769	0.00577	0.00192	0.00887	0.00504	0.00413	0.01117
13	0.01201	0.00885	0.01147	0.01225	0.01414	0.00831	0.00970	0.01526	0.02047	0.02724	0.24598	0.18121	0.16052	0.02172	0.01077	0.00326	0.00553	0.21530	0.00835	0.00764
14	0.01742	0.28499	0.02481	0.01236	0.01670	0.01836	0.01076	0.02082	0.02124	0.05685	0.34422	0.04289	0.07123	0.01323	0.00816	0.00234	0.00619	0.01088	0.00710	0.00944
15	0.01429	0.10651	0.01620	0.01277	0.01483	0.01255	0.00947	0.07005	0.01873	0.02466	0.06151	0.48299	0.04580	0.05439	0.01141	0.00334	0.00605	0.01902	0.00729	0.00813
16	0.02075	0.01683	0.01895	0.01428	0.02100	0.01517	0.01136	0.15055	0.07222	0.03322	0.01856	0.02170	0.01521	0.04978	0.00922	0.00209	0.00711	0.00642	0.00609	0.48950
17	0.02012	0.01798	0.02325	0.04032	0.02474	0.03707	0.07175	0.10696	0.04427	0.03005	0.04342	0.02204	0.01641	0.01172	0.04122	0.00275	0.11034	0.00716	0.00550	0.32293
18	0.01473	0.01086	0.01604	0.14397	0.04974	0.01129	0.01403	0.01860	0.01958	0.05509	0.14933	0.17217	0.04604	0.01876	0.01037	0.00328	0.00737	0.22288	0.00733	0.00857
19	0.20246	0.01789	0.05889	0.16433	0.08428	0.01820	0.01707	0.08106	0.06697	0.07836	0.02207	0.03156	0.01851	0.01095	0.00816	0.00287	0.00880	0.09066	0.00607	0.01085
20	0.10190	0.05266	0.02335	0.06867	0.02634	0.05051	0.04154	0.18883	0.11331	0.09347	0.02058	0.02142	0.01523	0.00904	0.00770	0.00238	0.00862	0.00711	0.00680	0.14053

[dist]
# distance from previous block
# <min> <max>
2	4

[block]
# block no. 4 follows, 21 sequences, length 15
# corresponding to MSA columns:
# 207-221
name=unknown_E
#
# <colnr> <probs for GDERKNQSTAVLIFYWHMCP>
#	G	D	E	R	K	N	Q	S	T	A	V	L	I	F	Y	W	H	M	C	P
0	0.51010	0.01864	0.05130	0.04884	0.07075	0.01949	0.01318	0.08987	0.01844	0.03745	0.04314	0.01812	0.01366	0.00861	0.00641	0.00263	0.00761	0.00592	0.00557	0.01027
1	0.01238	0.00825	0.00928	0.00928	0.00928	0.00825	0.00516	0.01238	0.01238	0.01650	0.02681	0.05569	0.03094	0.70092	0.04331	0.00825	0.00825	0.01238	0.00516	0.00516
2	0.01586	0.00793	0.00793	0.00793	0.00991	0.00793	0.00595	0.01983	0.01785	0.03173	0.02776	0.03173	0.02181	0.00991	0.00595	0.00198	0.00397	0.00793	0.74817	0.00793
3	0.48483	0.01577	0.01469	0.01242	0.01790	0.01696	0.01019	0.06173	0.01872	0.18698	0.02351	0.02328	0.06289	0.00975	0.00663	0.00265	0.00672	0.00680	0.00694	0.01063
4	0.03266	0.01695	0.02060	0.01651	0.02260	0.01692	0.01352	0.16358	0.13956	0.38296	0.03152	0.03083	0.02189	0.01126	0.00872	0.00272	0.00763	0.03597	0.00963	0.01398
5	0.04864	0.12061	0.42466	0.07280	0.06198	0.02124	0.02605	0.02765	0.04684	0.04986	0.01631	0.01881	0.01200	0.00824	0.00773	0.00259	0.01122	0.00640	0.00420	0.01215
6	0.01799	0.01715	0.02556	0.21960	0.08231	0.02236	0.01994	0.02197	0.04245	0.02184	0.01396	0.02096	0.01224	0.01297	0.01999	0.03916	0.36836	0.00759	0.00400	0.00960
7	0.01074	0.00767	0.01030	0.01227	0.01292	0.00723	0.00854	0.01248	0.01666	0.02213	0.04670	0.62958	0.05548	0.02632	0.01096	0.00351	0.00526	0.08636	0.00789	0.00701
8	0.02433	0.02624	0.03360	0.03151	0.15892	0.20104	0.20732	0.10078	0.02324	0.02841	0.01848	0.07105	0.01596	0.00955	0.00892	0.00262	0.01243	0.00904	0.00510	0.01146
9	0.01971	0.01387	0.01782	0.12604	0.02435	0.04061	0.01334	0.06804	0.02140	0.13228	0.16975	0.18195	0.03904	0.01568	0.01120	0.00294	0.07155	0.01314	0.00749	0.00979
10	0.01082	0.00771	0.00973	0.01106	0.01168	0.00725	0.00725	0.01215	0.01603	0.02126	0.07000	0.49772	0.09272	0.16235	0.01734	0.00435	0.00553	0.02101	0.00741	0.00662
11	0.10888	0.01639	0.01792	0.04005	0.02147	0.05954	0.01224	0.05349	0.11564	0.29982	0.06260	0.05946	0.07162	0.01203	0.00843	0.00270	0.00740	0.00970	0.00855	0.01206
12	0.06099	0.01994	0.03907	0.05798	0.12830	0.01973	0.37281	0.02469	0.01875	0.02677	0.01958	0.09571	0.01739	0.00988	0.01054	0.00291	0.04860	0.01069	0.00469	0.01095
13	0.11056	0.08158	0.02493	0.05167	0.02650	0.30584	0.01577	0.22390	0.02741	0.03348	0.01540	0.01708	0.01194	0.00902	0.00756	0.00236	0.01175	0.00613	0.00575	0.01137
14	0.01392	0.01072	0.01350	0.01313	0.01499	0.01081	0.00955	0.06025	0.01866	0.02590	0.11229	0.38555	0.04560	0.06748	0.01384	0.00340	0.06613	0.01742	0.00726	0.08960

[dist]
# distance from previous block
# <min> <max>
1	7

[block]
# block no. 5 follows, 21 sequences, length 69
# corresponding to MSA columns:
# 231-299
name=unknown_F
#
# <colnr> <probs for GDERKNQSTAVLIFYWHMCP>
#	G	D	E	R	K	N	Q	S	T	A	V	L	I	F	Y	W	H	M	C	P
0	0.07599	0.08152	0.47719	0.02352	0.03435	0.05967	0.07920	0.02716	0.01821	0.02704	0.01483	0.01766	0.01087	0.00798	0.00785	0.00262	0.01222	0.00633	0.00384	0.01195
1	0.06865	0.01861	0.10932	0.01841	0.05677	0.01420	0.05107	0.03176	0.04180	0.32396	0.06292	0.03474	0.10682	0.01154	0.00866	0.00269	0.00797	0.00969	0.00807	0.01235
2	0.02330	0.01688	0.04790	0.01431	0.02169	0.01323	0.01210	0.05562	0.05334	0.17566	0.02074	0.02120	0.01531	0.00784	0.00714	0.00180	0.00698	0.00629	0.00662	0.47208
3	0.01498	0.01001	0.01419	0.01279	0.01552	0.00925	0.03749	0.01907	0.02347	0.08962	0.49773	0.06178	0.06856	0.01691	0.01008	0.00281	0.00518	0.07271	0.00908	0.00876
4	0.03232	0.02470	0.02547	0.01970	0.02639	0.05946	0.01619	0.58922	0.03919	0.05194	0.02006	0.02017	0.01429	0.01014	0.00847	0.00254	0.00967	0.00755	0.00830	0.01423
5	0.01607	0.01513	0.02552	0.68047	0.05861	0.01891	0.02363	0.02174	0.01702	0.02174	0.01513	0.02269	0.01134	0.00851	0.00851	0.00284	0.01134	0.00756	0.00378	0.00945
6	0.02940	0.02125	0.02322	0.01805	0.02434	0.02295	0.01478	0.47932	0.06016	0.07689	0.08204	0.02533	0.02155	0.01077	0.00855	0.00251	0.00848	0.00839	0.00851	0.05352
7	0.01817	0.01727	0.02932	0.41599	0.30667	0.01946	0.02468	0.02358	0.01801	0.02429	0.01550	0.02200	0.01224	0.00812	0.00847	0.00271	0.01082	0.00757	0.00396	0.01115
8	0.01607	0.01513	0.02552	0.68047	0.05861	0.01891	0.02363	0.02174	0.01702	0.02174	0.01513	0.02269	0.01134	0.00851	0.00851	0.00284	0.01134	0.00756	0.00378	0.00945
9	0.02115	0.01853	0.02123	0.02185	0.10342	0.02104	0.01511	0.04274	0.55281	0.03459	0.03222	0.03036	0.02435	0.01103	0.00863	0.00284	0.00717	0.00936	0.00808	0.01347
10	0.01192	0.00879	0.01128	0.01090	0.01297	0.00795	0.00803	0.01537	0.02210	0.03096	0.47331	0.17619	0.10280	0.01872	0.00999	0.00275	0.00432	0.01658	0.00880	0.04626
11	0.02358	0.64521	0.04272	0.01523	0.02225	0.09154	0.01473	0.02626	0.01792	0.02010	0.01195	0.01381	0.01092	0.00742	0.00566	0.00185	0.00967	0.00464	0.00371	0.01082
12	0.01934	0.06173	0.27079	0.02703	0.06747	0.04651	0.19935	0.06139	0.01967	0.02722	0.01690	0.02139	0.01311	0.01491	0.09143	0.00405	0.01401	0.00779	0.00429	0.01160
13	0.03014	0.02080	0.02390	0.01875	0.02493	0.02236	0.03584	0.43569	0.06881	0.12915	0.02520	0.08131	0.01961	0.01166	0.00879	0.00267	0.00872	0.00942	0.00859	0.01365
14	0.02106	0.02022	0.03454	0.05223	0.64784	0.02022	0.02612	0.02612	0.01938	0.02780	0.01601	0.02106	0.01348	0.00758	0.00842	0.00253	0.01011	0.00758	0.00421	0.01348
15	0.02117	0.01828	0.01924	0.01732	0.02213	0.02117	0.01347	0.04522	0.63246	0.03560	0.03464	0.03175	0.02598	0.01155	0.00866	0.00289	0.00673	0.00962	0.00866	0.01347
16	0.02988	0.02261	0.02415	0.01908	0.02545	0.02524	0.01558	0.49283	0.17065	0.04966	0.02356	0.02293	0.01701	0.01051	0.00855	0.00263	0.00878	0.00809	0.00855	0.01425
17	0.01586	0.00793	0.00793	0.00793	0.00991	0.00793	0.00595	0.01983	0.01785	0.03173	0.02776	0.03173	0.02181	0.00991	0.00595	0.00198	0.00397	0.00793	0.74817	0.00793
18	0.01116	0.00819	0.01073	0.01232	0.01315	0.00806	0.00845	0.01412	0.05316	0.02241	0.04431	0.60436	0.05176	0.02862	0.06138	0.00421	0.00642	0.02215	0.00769	0.00736
19	0.01037	0.00741	0.00987	0.01185	0.01234	0.00691	0.00790	0.01185	0.01629	0.02172	0.04690	0.69537	0.05629	0.02666	0.01086	0.00346	0.00494	0.02419	0.00790	0.00691
20	0.01812	0.01789	0.02511	0.02167	0.02179	0.02488	0.01800	0.02007	0.01308	0.02042	0.01207	0.01976	0.01195	0.01867	0.07726	0.00449	0.63422	0.00758	0.00379	0.00918
21	0.01070	0.00757	0.00987	0.01147	0.01197	0.00713	0.00756	0.01211	0.01615	0.02163	0.07147	0.58573	0.05417	0.11155	0.01493	0.00403	0.00531	0.02230	0.00762	0.00674
22	0.01798	0.01749	0.02450	0.06085	0.02383	0.02391	0.01789	0.02133	0.04533	0.02127	0.01373	0.02095	0.01291	0.01900	0.08670	0.00458	0.54659	0.00773	0.00406	0.00937
23	0.02830	0.01346	0.01734	0.01424	0.01928	0.01259	0.01141	0.03498	0.11745	0.38665	0.20337	0.03902	0.03830	0.01260	0.00898	0.00268	0.00627	0.01062	0.00992	0.01253
24	0.02275	0.70604	0.04459	0.01456	0.02184	0.03367	0.01456	0.02548	0.01729	0.02002	0.01183	0.01365	0.01092	0.00728	0.00546	0.00182	0.00910	0.00455	0.00364	0.01092
25	0.01767	0.01738	0.02296	0.02025	0.02076	0.05232	0.01656	0.01975	0.01382	0.02042	0.01501	0.05128	0.01504	0.02421	0.14486	0.00549	0.50082	0.00841	0.00410	0.00891
26	0.01146	0.00861	0.01200	0.10570	0.01843	0.00879	0.00972	0.01332	0.01583	0.02098	0.03955	0.50908	0.04633	0.12054	0.01517	0.00405	0.00631	0.02016	0.00693	0.00702
27	0.01219	0.00898	0.01297	0.01297	0.01424	0.01025	0.00975	0.01474	0.01347	0.01923	0.02345	0.03703	0.02284	0.16694	0.56622	0.01280	0.02044	0.00965	0.00466	0.00720
28	0.01224	0.00880	0.01207	0.01207	0.01304	0.00977	0.00864	0.01417	0.01320	0.01857	0.02426	0.04156	0.02480	0.29648	0.43937	0.01170	0.01748	0.01031	0.00478	0.00671
29	0.02137	0.02249	0.06500	0.09663	0.44084	0.05389	0.09604	0.05068	0.02029	0.02791	0.01608	0.02095	0.01302	0.00780	0.00857	0.00259	0.01108	0.00771	0.00434	0.01273
30	0.01862	0.01772	0.03012	0.36019	0.35900	0.01958	0.02490	0.02397	0.01822	0.02483	0.01558	0.02186	0.01243	0.00804	0.00847	0.00268	0.01072	0.00757	0.00400	0.01151
31	0.01238	0.00825	0.00928	0.00928	0.00928	0.00825	0.00516	0.01238	0.01238	0.01650	0.02681	0.05569	0.03094	0.70092	0.04331	0.00825	0.00825	0.01238	0.00516	0.00516
32	0.27739	0.01892	0.02691	0.03802	0.42913	0.01983	0.02026	0.02574	0.01768	0.03140	0.01457	0.01856	0.01200	0.00769	0.00733	0.00256	0.00889	0.00655	0.00458	0.01200
33	0.03184	0.02358	0.02525	0.01948	0.02620	0.02615	0.01605	0.59314	0.06717	0.05281	0.02108	0.02095	0.01500	0.01028	0.00852	0.00257	0.00924	0.00775	0.00852	0.01443
34	0.01384	0.00914	0.01172	0.01082	0.01327	0.00828	0.00820	0.01760	0.02359	0.08072	0.53491	0.06292	0.13787	0.01733	0.00993	0.00269	0.00430	0.01515	0.00930	0.00843
35	0.01845	0.04128	0.59299	0.02498	0.06312	0.01937	0.03013	0.02774	0.01839	0.06260	0.01634	0.01873	0.01148	0.00820	0.00813	0.00268	0.01216	0.00647	0.00402	0.01273
36	0.03818	0.01448	0.01975	0.01514	0.02172	0.01251	0.01251	0.04147	0.02436	0.65373	0.03357	0.02897	0.02107	0.01053	0.00856	0.00263	0.00724	0.00856	0.01053	0.01448
37	0.01183	0.00869	0.01108	0.01048	0.01258	0.00794	0.00786	0.01565	0.02359	0.03293	0.58353	0.06554	0.14086	0.01784	0.01004	0.00270	0.00405	0.01567	0.00921	0.00794
38	0.01189	0.00869	0.01116	0.01055	0.01262	0.00796	0.00791	0.01576	0.02373	0.03327	0.60035	0.06498	0.12383	0.01772	0.01004	0.00269	0.00404	0.01559	0.00925	0.00796
39	0.03818	0.01448	0.01975	0.01514	0.02172	0.01251	0.01251	0.04147	0.02436	0.65373	0.03357	0.02897	0.02107	0.01053	0.00856	0.00263	0.00724	0.00856	0.01053	0.01448
40	0.02009	0.02296	0.05022	0.03587	0.04448	0.02152	0.61693	0.02726	0.02009	0.02726	0.01722	0.02296	0.01291	0.00717	0.01004	0.00287	0.01435	0.01004	0.00430	0.01148
41	0.01178	0.00869	0.01101	0.01043	0.01255	0.00792	0.00782	0.01556	0.02347	0.03267	0.57039	0.06597	0.15416	0.01794	0.01004	0.00270	0.00405	0.01573	0.00918	0.00792
42	0.16589	0.01679	0.01967	0.01536	0.02176	0.01658	0.01269	0.15928	0.02587	0.41858	0.02695	0.02448	0.01757	0.01000	0.00796	0.00262	0.00757	0.00767	0.00917	0.01354
43	0.03259	0.02345	0.02530	0.01940	0.02620	0.02582	0.01603	0.59582	0.03937	0.07817	0.02097	0.02078	0.01474	0.01023	0.00852	0.00256	0.00928	0.00770	0.00860	0.01447
44	0.01216	0.00912	0.01368	0.01368	0.01520	0.01064	0.01064	0.01520	0.01368	0.01976	0.02279	0.03343	0.02127	0.06382	0.66720	0.01368	0.02279	0.00912	0.00456	0.00760
45	0.01200	0.00897	0.01148	0.01279	0.01472	0.00845	0.01037	0.01498	0.01912	0.02447	0.08395	0.20425	0.21501	0.02329	0.01104	0.00349	0.00615	0.30004	0.00794	0.00749
46	0.01887	0.01876	0.02929	0.38476	0.20475	0.06900	0.07445	0.02386	0.01820	0.02343	0.01537	0.02186	0.01214	0.00903	0.00956	0.03318	0.01143	0.00762	0.00398	0.01046
47	0.03818	0.01448	0.01975	0.01514	0.02172	0.01251	0.01251	0.04147	0.02436	0.65373	0.03357	0.02897	0.02107	0.01053	0.00856	0.00263	0.00724	0.00856	0.01053	0.01448
48	0.01187	0.00869	0.01113	0.01052	0.01260	0.00795	0.00789	0.01571	0.02367	0.03313	0.59341	0.06521	0.13086	0.01777	0.01004	0.00269	0.00404	0.01562	0.00924	0.00795
49	0.03179	0.04056	0.02412	0.02192	0.02631	0.66676	0.01644	0.03398	0.02412	0.02083	0.01315	0.01535	0.01096	0.00877	0.00767	0.00219	0.01535	0.00548	0.00438	0.00987
50	0.02250	0.61035	0.04092	0.01496	0.02161	0.07176	0.01438	0.02522	0.01744	0.02005	0.01276	0.01528	0.01172	0.01174	0.05667	0.00276	0.01055	0.00496	0.00376	0.01060
51	0.01033	0.00863	0.00900	0.00890	0.01166	0.00730	0.00668	0.01274	0.02004	0.02450	0.16197	0.07941	0.56768	0.02099	0.01006	0.00285	0.00427	0.01761	0.00810	0.00730
52	0.01222	0.00885	0.01233	0.01233	0.01338	0.00990	0.00895	0.01433	0.01328	0.01876	0.02403	0.04027	0.02424	0.25946	0.47562	0.01201	0.01833	0.01012	0.00474	0.00685
53	0.02409	0.48720	0.03833	0.01681	0.02280	0.10975	0.01542	0.07175	0.01936	0.02277	0.01258	0.01499	0.01123	0.00863	0.00873	0.00216	0.09316	0.00526	0.00412	0.01087
54	0.02052	0.01967	0.03356	0.12053	0.58378	0.02008	0.02585	0.02564	0.01912	0.02714	0.01591	0.02124	0.01325	0.00768	0.00843	0.00256	0.01024	0.00758	0.00417	0.01304
55	0.02468	0.01149	0.01542	0.01285	0.01707	0.01019	0.01019	0.02834	0.02422	0.33359	0.34864	0.04684	0.05167	0.01408	0.00932	0.00266	0.00557	0.01209	0.00993	0.01115
56	0.02218	0.47505	0.19733	0.01772	0.02606	0.09078	0.01901	0.02667	0.01812	0.02185	0.01283	0.01490	0.01089	0.00763	0.00634	0.00208	0.01058	0.00508	0.00370	0.01124
57	0.01238	0.00825	0.00928	0.00928	0.00928	0.00825	0.00516	0.01238	0.01238	0.01650	0.02681	0.05569	0.03094	0.70092	0.04331	0.00825	0.00825	0.01238	0.00516	0.00516
58	0.02298	0.58006	0.10548	0.01608	0.02376	0.05788	0.01644	0.05297	0.01867	0.02229	0.01263	0.01447	0.01107	0.00756	0.00596	0.00196	0.00972	0.00491	0.00389	0.01121
59	0.76103	0.01646	0.01251	0.01119	0.01646	0.01909	0.00922	0.02502	0.01448	0.03818	0.01185	0.01382	0.00922	0.00790	0.00527	0.00263	0.00658	0.00461	0.00527	0.00922
60	0.01025	0.00857	0.00892	0.00895	0.01164	0.00725	0.00667	0.01254	0.01968	0.02393	0.13425	0.10821	0.56713	0.02141	0.01009	0.00288	0.00431	0.01801	0.00803	0.00725
61	0.02040	0.06333	0.12876	0.12974	0.37748	0.05556	0.05226	0.02608	0.01901	0.02600	0.01544	0.02017	0.01247	0.00781	0.00825	0.00255	0.01107	0.00721	0.00404	0.01236
62	0.01047	0.00749	0.00997	0.01178	0.01237	0.00698	0.00791	0.01211	0.01678	0.02251	0.08446	0.65558	0.05780	0.02608	0.01081	0.00341	0.00488	0.02364	0.00799	0.00698
63	0.01025	0.00863	0.00889	0.00883	0.01162	0.00727	0.00662	0.01259	0.01986	0.02409	0.14130	0.08009	0.58860	0.02114	0.01006	0.00285	0.00428	0.01771	0.00805	0.00727
64	0.03122	0.08246	0.02541	0.02146	0.02603	0.62689	0.01632	0.03345	0.02369	0.02078	0.01307	0.01524	0.01096	0.00868	0.00753	0.00217	0.01495	0.00542	0.00434	0.00993
65	0.01238	0.00825	0.00928	0.00928	0.00928	0.00825	0.00516	0.01238	0.01238	0.01650	0.02681	0.05569	0.03094	0.70092	0.04331	0.00825	0.00825	0.01238	0.00516	0.00516
66	0.02055	0.01986	0.03434	0.11038	0.56788	0.02015	0.05016	0.02575	0.01919	0.02721	0.01597	0.02129	0.01326	0.00765	0.00850	0.00257	0.01040	0.00768	0.00418	0.01302
