[name]
unknown

[dist]
# distance from previous block
# <min> <max>
5	55

[block]
# block no. 0 follows, 21 sequences, length 44
# corresponding to MSA columns:
# 57-100
name=unknown_A
#
# <colnr> <probs for GDERKNQSTAVLIFYWHMCP>
#	G	D	E	R	K	N	Q	S	T	A	V	L	I	F	Y	W	H	M	C	P
0	0.02934	0.01948	0.02281	0.05781	0.02583	0.02132	0.01524	0.31616	0.10730	0.17733	0.05507	0.02588	0.02022	0.01101	0.00988	0.00271	0.05233	0.00847	0.00842	0.01339
1	0.06972	0.36326	0.03606	0.02050	0.06858	0.17589	0.05474	0.07603	0.02087	0.02506	0.01348	0.01573	0.01143	0.00791	0.00671	0.00213	0.01082	0.00559	0.00439	0.01108
2	0.01857	0.01567	0.01814	0.01304	0.02056	0.01229	0.01046	0.05882	0.01905	0.02935	0.01546	0.01782	0.01272	0.00655	0.00644	0.00134	0.00649	0.00521	0.00526	0.70677
3	0.02224	0.02216	0.02866	0.27928	0.08097	0.14881	0.09599	0.04258	0.01955	0.06441	0.01588	0.02097	0.01230	0.00935	0.01108	0.00279	0.10041	0.00752	0.00456	0.01050
4	0.01065	0.00779	0.00970	0.01094	0.01190	0.00718	0.00737	0.01226	0.01695	0.02226	0.09357	0.47792	0.15553	0.09709	0.01413	0.00381	0.00512	0.02125	0.00771	0.00685
5	0.02227	0.01660	0.01954	0.01664	0.02083	0.01861	0.01335	0.30841	0.05530	0.03693	0.02303	0.04962	0.01940	0.03423	0.29595	0.00745	0.01495	0.00895	0.00677	0.01117
6	0.03484	0.01985	0.02307	0.01769	0.02440	0.02047	0.01461	0.37291	0.03333	0.30961	0.02604	0.02407	0.01728	0.01035	0.00853	0.00259	0.00846	0.00804	0.00937	0.01448
7	0.02580	0.01842	0.01969	0.01580	0.02069	0.02001	0.01255	0.41055	0.03160	0.04326	0.02609	0.03077	0.05318	0.11554	0.01352	0.00336	0.00817	0.00899	0.11026	0.01175
8	0.15134	0.02259	0.02088	0.01756	0.02243	0.12306	0.01404	0.27077	0.06689	0.03838	0.02300	0.06636	0.04750	0.01170	0.00966	0.00270	0.06427	0.00851	0.00686	0.01152
9	0.38408	0.02074	0.01779	0.01516	0.02065	0.09452	0.01220	0.14425	0.10532	0.08363	0.01833	0.01881	0.01357	0.00913	0.00687	0.00260	0.00819	0.00626	0.00663	0.01126
10	0.06949	0.02143	0.02428	0.01874	0.02524	0.02292	0.04591	0.45403	0.03369	0.04666	0.02088	0.06210	0.01651	0.01054	0.00832	0.00249	0.00887	0.00837	0.00771	0.09182
11	0.03001	0.08127	0.02490	0.02093	0.02555	0.55289	0.01599	0.03470	0.09223	0.02244	0.01549	0.01709	0.01265	0.00899	0.00764	0.00225	0.01397	0.00589	0.00482	0.01034
12	0.07714	0.00937	0.01122	0.01072	0.01218	0.00975	0.00769	0.05466	0.01526	0.02425	0.01875	0.02626	0.01639	0.02072	0.02128	0.42013	0.00644	0.00734	0.22437	0.00610
13	0.05640	0.01756	0.01873	0.03932	0.02139	0.01934	0.01258	0.33594	0.06921	0.04337	0.02323	0.02472	0.01732	0.01004	0.00753	0.00240	0.00735	0.00775	0.25399	0.01183
14	0.01071	0.00848	0.00949	0.00955	0.01180	0.00742	0.00697	0.01316	0.01991	0.02537	0.22038	0.14633	0.40522	0.05272	0.01169	0.00314	0.00449	0.01776	0.00815	0.00727
15	0.01165	0.00861	0.01087	0.01045	0.01251	0.00784	0.00778	0.01524	0.02294	0.03173	0.52503	0.10167	0.16501	0.01855	0.01009	0.00275	0.00411	0.01627	0.00906	0.00784
16	0.01307	0.00896	0.01148	0.01070	0.01301	0.00815	0.00808	0.01686	0.02361	0.06220	0.55649	0.06385	0.13631	0.01751	0.00997	0.00270	0.00420	0.01534	0.00927	0.00825
17	0.02677	0.01221	0.01576	0.01293	0.01765	0.01088	0.01036	0.04727	0.02373	0.36793	0.18849	0.04372	0.11022	0.01349	0.00893	0.00263	0.00595	0.01129	0.05819	0.01160
18	0.02275	0.70604	0.04459	0.01456	0.02184	0.03367	0.01456	0.02548	0.01729	0.02002	0.01183	0.01365	0.01092	0.00728	0.00546	0.00182	0.00910	0.00455	0.00364	0.01092
19	0.02371	0.01982	0.02857	0.06765	0.37247	0.04263	0.02110	0.05889	0.14421	0.10175	0.02183	0.02396	0.01672	0.00892	0.00847	0.00262	0.00931	0.00803	0.00601	0.01332
20	0.02310	0.01838	0.01969	0.01731	0.02238	0.02090	0.01358	0.08257	0.55073	0.08042	0.03363	0.03081	0.02488	0.01139	0.00864	0.00285	0.00694	0.00942	0.00878	0.01361
21	0.01204	0.00870	0.01138	0.01071	0.01271	0.00803	0.00803	0.01606	0.02409	0.03413	0.64335	0.06357	0.08030	0.01740	0.01004	0.00268	0.00401	0.01539	0.00937	0.00803
22	0.01096	0.00866	0.00987	0.00957	0.01205	0.00757	0.00717	0.01396	0.02152	0.02804	0.33865	0.07359	0.38879	0.01967	0.01005	0.00278	0.00418	0.01680	0.00857	0.00757
23	0.01051	0.00751	0.01004	0.01201	0.01257	0.00703	0.00815	0.01209	0.01643	0.02188	0.04683	0.66999	0.05598	0.02653	0.01090	0.00348	0.00506	0.04817	0.00790	0.00695
24	0.01213	0.00815	0.00935	0.00959	0.00965	0.00809	0.00549	0.01231	0.01285	0.01713	0.02923	0.13266	0.03399	0.61979	0.03941	0.00767	0.00785	0.01380	0.00549	0.00537
25	0.02275	0.70604	0.04459	0.01456	0.02184	0.03367	0.01456	0.02548	0.01729	0.02002	0.01183	0.01365	0.01092	0.00728	0.00546	0.00182	0.00910	0.00455	0.00364	0.01092
26	0.01892	0.02105	0.06234	0.02852	0.03664	0.01824	0.41562	0.02508	0.01922	0.02711	0.01798	0.05215	0.01474	0.00788	0.00907	0.00249	0.01184	0.00930	0.00463	0.19719
27	0.08307	0.02438	0.02412	0.01905	0.02543	0.07923	0.01554	0.49389	0.07251	0.04871	0.02007	0.02022	0.01450	0.01001	0.00822	0.00255	0.00951	0.00738	0.00795	0.01365
28	0.01254	0.00871	0.01165	0.01165	0.01267	0.00957	0.00831	0.01457	0.01356	0.01958	0.02462	0.04118	0.02474	0.28521	0.39215	0.01080	0.01610	0.01018	0.06544	0.00676
29	0.01929	0.02169	0.04692	0.03391	0.04185	0.02033	0.56724	0.02600	0.01978	0.02681	0.01964	0.07781	0.01645	0.00876	0.01011	0.00292	0.01358	0.01120	0.00460	0.01111
30	0.02505	0.02106	0.02138	0.01823	0.02362	0.05477	0.01443	0.21718	0.42429	0.04028	0.02930	0.02754	0.02178	0.01101	0.00857	0.00275	0.00795	0.00883	0.00840	0.01359
31	0.01106	0.00859	0.01005	0.00983	0.01214	0.00759	0.00732	0.01409	0.02154	0.02842	0.35916	0.10712	0.33294	0.01979	0.01009	0.00281	0.00420	0.01704	0.00863	0.00759
32	0.01071	0.00787	0.01082	0.05206	0.01513	0.00763	0.00885	0.01244	0.01634	0.02173	0.04499	0.65491	0.05358	0.02557	0.01072	0.00342	0.00532	0.02319	0.00765	0.00707
33	0.01190	0.00794	0.01039	0.01172	0.01279	0.00729	0.00805	0.01368	0.01742	0.05550	0.08628	0.57785	0.09747	0.02488	0.01063	0.00332	0.00496	0.02239	0.00813	0.00740
34	0.01414	0.01273	0.01902	0.01760	0.01858	0.01502	0.06146	0.01623	0.01542	0.02173	0.03157	0.39599	0.03645	0.02082	0.01696	0.00350	0.25155	0.01699	0.00610	0.00815
35	0.01037	0.00741	0.00987	0.01185	0.01234	0.00691	0.00790	0.01185	0.01629	0.02172	0.04690	0.69537	0.05629	0.02666	0.01086	0.00346	0.00494	0.02419	0.00790	0.00691
36	0.01878	0.05043	0.02556	0.02087	0.02278	0.09362	0.06500	0.02144	0.01520	0.02087	0.01483	0.02209	0.01381	0.02550	0.18345	0.00589	0.35890	0.00773	0.00405	0.00919
37	0.01238	0.00825	0.00928	0.00928	0.00928	0.00825	0.00516	0.01238	0.01238	0.01650	0.02681	0.05569	0.03094	0.70092	0.04331	0.00825	0.00825	0.01238	0.00516	0.00516
38	0.01979	0.36066	0.36400	0.01962	0.02966	0.02642	0.02337	0.02625	0.01764	0.02364	0.01363	0.01590	0.01085	0.00770	0.00683	0.00228	0.01091	0.00546	0.00362	0.01178
39	0.02400	0.01969	0.02084	0.01789	0.02321	0.02249	0.01416	0.19092	0.48214	0.04017	0.03103	0.02888	0.02306	0.01121	0.00862	0.00280	0.00740	0.00912	0.00862	0.01372
40	0.02291	0.45589	0.03688	0.01617	0.02257	0.06992	0.04389	0.09470	0.02145	0.02626	0.09727	0.02167	0.02068	0.00906	0.00680	0.00210	0.00912	0.00669	0.00506	0.01091
41	0.01204	0.00870	0.01138	0.01071	0.01271	0.00803	0.00803	0.01606	0.02409	0.03413	0.64335	0.06357	0.08030	0.01740	0.01004	0.00268	0.00401	0.01539	0.00937	0.00803
42	0.02301	0.63317	0.07374	0.01549	0.02285	0.07106	0.01551	0.02607	0.01774	0.02041	0.01208	0.01397	0.01092	0.00741	0.00572	0.00189	0.00965	0.00469	0.00368	0.01094
43	0.03418	0.01483	0.01927	0.01529	0.02136	0.01370	0.01245	0.04088	0.12325	0.52396	0.06252	0.03105	0.02466	0.01102	0.00864	0.00268	0.00701	0.00905	0.01017	0.01401

[dist]
# distance from previous block
# <min> <max>
0	2

[block]
# block no. 1 follows, 21 sequences, length 37
# corresponding to MSA columns:
# 103-139
name=unknown_B
#
# <colnr> <probs for GDERKNQSTAVLIFYWHMCP>
#	G	D	E	R	K	N	Q	S	T	A	V	L	I	F	Y	W	H	M	C	P
0	0.01237	0.04725	0.01291	0.01084	0.01310	0.00931	0.00826	0.01601	0.02283	0.03166	0.52592	0.10487	0.11750	0.01778	0.00984	0.00270	0.00438	0.01558	0.00884	0.00805
1	0.01586	0.00793	0.00793	0.00793	0.00991	0.00793	0.00595	0.01983	0.01785	0.03173	0.02776	0.03173	0.02181	0.00991	0.00595	0.00198	0.00397	0.00793	0.74817	0.00793
2	0.01471	0.01186	0.01602	0.01436	0.01789	0.01059	0.05044	0.05726	0.01867	0.02612	0.03400	0.38932	0.03783	0.01833	0.00939	0.00275	0.00637	0.03767	0.00689	0.21955
3	0.08412	0.20665	0.24426	0.02344	0.05506	0.02317	0.14588	0.02752	0.01847	0.07314	0.01589	0.01848	0.01200	0.00783	0.00762	0.00249	0.01104	0.00670	0.00444	0.01181
4	0.69204	0.01633	0.01371	0.07317	0.02036	0.01907	0.01055	0.02471	0.01472	0.03666	0.01215	0.01465	0.00941	0.00796	0.00557	0.00265	0.00702	0.00488	0.00513	0.00924
5	0.02045	0.02143	0.04170	0.10419	0.10826	0.02190	0.38661	0.06623	0.02031	0.02783	0.01646	0.02210	0.01273	0.00836	0.01143	0.00289	0.08209	0.00908	0.00447	0.01146
6	0.01238	0.00825	0.00928	0.00928	0.00928	0.00825	0.00516	0.01238	0.01238	0.01650	0.02681	0.05569	0.03094	0.70092	0.04331	0.00825	0.00825	0.01238	0.00516	0.00516
7	0.01047	0.00748	0.00996	0.01178	0.01237	0.00698	0.00791	0.01210	0.01675	0.02246	0.08207	0.65812	0.05770	0.02612	0.01081	0.00341	0.00488	0.02367	0.00799	0.00698
8	0.01249	0.00840	0.01089	0.01110	0.01248	0.00783	0.00778	0.01505	0.01979	0.05106	0.32708	0.28619	0.06303	0.10980	0.01462	0.00368	0.00502	0.01787	0.00834	0.00750
9	0.01204	0.00870	0.01138	0.01071	0.01271	0.00803	0.00803	0.01606	0.02409	0.03413	0.64335	0.06357	0.08030	0.01740	0.01004	0.00268	0.00401	0.01539	0.00937	0.00803
10	0.28533	0.01139	0.01028	0.00954	0.01297	0.01222	0.00752	0.02299	0.01703	0.07123	0.02238	0.02512	0.01724	0.00923	0.00586	0.00226	0.00510	0.00677	0.43675	0.00879
11	0.01707	0.04402	0.65683	0.02426	0.03683	0.01976	0.03144	0.02695	0.01797	0.02695	0.01527	0.01797	0.01078	0.00809	0.00809	0.00270	0.01258	0.00629	0.00359	0.01258
12	0.05031	0.01566	0.02616	0.60284	0.07875	0.01906	0.04434	0.02226	0.01710	0.02292	0.01509	0.02223	0.01139	0.00840	0.00841	0.00282	0.01119	0.00752	0.00388	0.00967
13	0.03183	0.03931	0.02422	0.02175	0.02631	0.61879	0.01642	0.07784	0.02531	0.02328	0.01370	0.01573	0.01122	0.00888	0.00774	0.00222	0.01490	0.00564	0.00469	0.01021
14	0.76103	0.01646	0.01251	0.01119	0.01646	0.01909	0.00922	0.02502	0.01448	0.03818	0.01185	0.01382	0.00922	0.00790	0.00527	0.00263	0.00658	0.00461	0.00527	0.00922
15	0.03103	0.03773	0.02501	0.02401	0.07287	0.56823	0.01715	0.07920	0.02500	0.02392	0.01394	0.01617	0.01143	0.00879	0.00780	0.00225	0.01449	0.00581	0.00469	0.01050
16	0.01043	0.00752	0.00976	0.01152	0.01216	0.00699	0.00769	0.01190	0.01634	0.02159	0.04871	0.62700	0.09494	0.05470	0.01217	0.00362	0.00503	0.02327	0.00778	0.00686
17	0.01862	0.01862	0.02607	0.02234	0.02234	0.02607	0.01862	0.02048	0.01303	0.02048	0.01117	0.01862	0.01117	0.01489	0.02793	0.00372	0.68535	0.00745	0.00372	0.00931
18	0.01044	0.00767	0.00981	0.01132	0.01225	0.00703	0.00771	0.01220	0.01727	0.02278	0.09465	0.56587	0.13915	0.02530	0.01069	0.00332	0.00479	0.02271	0.00800	0.00703
19	0.01169	0.01078	0.00989	0.00969	0.01259	0.05181	0.00727	0.01400	0.02010	0.02375	0.12643	0.07592	0.55588	0.02035	0.00990	0.00281	0.00503	0.01691	0.00778	0.00743
20	0.01263	0.00974	0.01430	0.01403	0.01535	0.01159	0.01088	0.01541	0.01355	0.01961	0.02221	0.03369	0.02113	0.09792	0.58505	0.01265	0.06895	0.00919	0.00453	0.00758
21	0.01189	0.00869	0.01116	0.01054	0.01262	0.00796	0.00791	0.01576	0.02372	0.03326	0.59976	0.06500	0.12443	0.01772	0.01004	0.00269	0.00404	0.01559	0.00925	0.00796
22	0.01765	0.01513	0.01765	0.01260	0.02017	0.01134	0.01008	0.02143	0.01765	0.02773	0.01513	0.01765	0.01260	0.00630	0.00630	0.00126	0.00630	0.00504	0.00504	0.75295
23	0.01793	0.02005	0.07096	0.02340	0.02709	0.04764	0.17012	0.02321	0.06028	0.02400	0.02212	0.16002	0.02193	0.01438	0.01625	0.00326	0.25080	0.01156	0.00510	0.00991
24	0.02100	0.02041	0.03561	0.05112	0.60669	0.02031	0.06640	0.02620	0.01943	0.02777	0.01609	0.02119	0.01344	0.00755	0.00854	0.00255	0.01040	0.00775	0.00422	0.01334
25	0.01994	0.01819	0.02871	0.27685	0.31863	0.01992	0.02294	0.08319	0.04844	0.02829	0.01950	0.02428	0.03616	0.00887	0.00853	0.00267	0.01013	0.00805	0.00481	0.01187
26	0.01458	0.01255	0.01294	0.01216	0.01582	0.01287	0.00932	0.02564	0.26882	0.02812	0.06523	0.06150	0.39279	0.01748	0.00949	0.00288	0.00530	0.01457	0.00821	0.00974
27	0.01081	0.00794	0.01014	0.01110	0.01234	0.00727	0.00775	0.01311	0.01895	0.02547	0.22434	0.43266	0.14011	0.02332	0.01052	0.00315	0.00459	0.02084	0.00832	0.00727
28	0.01088	0.00769	0.01005	0.01175	0.01227	0.00730	0.00791	0.01232	0.01597	0.02124	0.04395	0.56452	0.05222	0.12129	0.01549	0.00416	0.00560	0.06115	0.00751	0.00673
29	0.02117	0.01828	0.01924	0.01732	0.02213	0.02117	0.01347	0.04522	0.63246	0.03560	0.03464	0.03175	0.02598	0.01155	0.00866	0.00289	0.00673	0.00962	0.00866	0.01347
30	0.01864	0.01775	0.03016	0.35730	0.36172	0.01958	0.02491	0.02399	0.01823	0.02486	0.01558	0.02185	0.01244	0.00803	0.00847	0.00268	0.01071	0.00757	0.00400	0.01152
31	0.03570	0.01697	0.02003	0.01593	0.02213	0.06470	0.01293	0.04132	0.09517	0.53222	0.03210	0.02822	0.02085	0.01051	0.00850	0.00263	0.00782	0.00844	0.00983	0.01400
32	0.01068	0.00764	0.01020	0.01198	0.01266	0.00716	0.00823	0.01249	0.01706	0.02286	0.09148	0.61483	0.05768	0.02579	0.01085	0.00342	0.00503	0.05492	0.00801	0.00705
33	0.01379	0.01181	0.01933	0.01606	0.01955	0.01078	0.12929	0.01798	0.02144	0.03012	0.36681	0.16083	0.05746	0.01609	0.00989	0.00274	0.00641	0.01503	0.00777	0.06680
34	0.01879	0.09841	0.24280	0.02773	0.06958	0.02064	0.25388	0.02586	0.01914	0.02688	0.05274	0.02230	0.01599	0.00805	0.00859	0.00257	0.01184	0.00809	0.00435	0.06177
35	0.05406	0.02423	0.08266	0.03675	0.32148	0.10213	0.10407	0.02802	0.01998	0.06988	0.01671	0.02033	0.01314	0.00784	0.00825	0.00247	0.01095	0.00731	0.00473	0.06503
36	0.07463	0.01596	0.01970	0.01783	0.09148	0.01423	0.01254	0.04465	0.01872	0.04836	0.05032	0.02080	0.01644	0.00797	0.00812	0.00182	0.04736	0.00622	0.00542	0.47741

[dist]
# distance from previous block
# <min> <max>
4	6

[block]
# block no. 2 follows, 21 sequences, length 46
# corresponding to MSA columns:
# 146-191
name=unknown_C
#
# <colnr> <probs for GDERKNQSTAVLIFYWHMCP>
#	G	D	E	R	K	N	Q	S	T	A	V	L	I	F	Y	W	H	M	C	P
0	0.02369	0.01995	0.03052	0.04142	0.45296	0.02044	0.02240	0.09729	0.09600	0.08027	0.02012	0.02289	0.01569	0.00859	0.00847	0.00258	0.00940	0.00791	0.00573	0.01367
1	0.02048	0.01750	0.01847	0.01669	0.02113	0.02016	0.01282	0.04267	0.58433	0.03412	0.03403	0.03361	0.02636	0.06505	0.01135	0.00330	0.00685	0.00984	0.00839	0.01282
2	0.01220	0.00896	0.01287	0.01287	0.01411	0.01020	0.00963	0.01468	0.01344	0.01916	0.02353	0.03752	0.02305	0.18079	0.55266	0.01268	0.02012	0.00972	0.00467	0.00715
3	0.01815	0.01752	0.03025	0.34250	0.27177	0.01953	0.06980	0.02338	0.01791	0.02435	0.01653	0.04546	0.01382	0.00901	0.00964	0.00279	0.04414	0.00834	0.00412	0.01100
4	0.02342	0.01888	0.01958	0.01689	0.02081	0.10493	0.01345	0.22154	0.02465	0.06678	0.02110	0.02575	0.01724	0.03100	0.26455	0.00684	0.04111	0.00799	0.04283	0.01066
5	0.01045	0.00747	0.00995	0.01179	0.01236	0.00697	0.00791	0.01206	0.01668	0.02234	0.07654	0.66397	0.05748	0.02620	0.01082	0.00342	0.00489	0.02376	0.00797	0.00697
6	0.01304	0.00909	0.00994	0.00970	0.01267	0.00771	0.00727	0.01524	0.01954	0.08894	0.07587	0.15160	0.50692	0.02102	0.01000	0.00292	0.00469	0.01774	0.00818	0.00792
7	0.01237	0.00978	0.01141	0.01215	0.01425	0.00958	0.00902	0.01791	0.11471	0.02475	0.05705	0.32777	0.23461	0.02231	0.01037	0.00324	0.00537	0.08720	0.00801	0.00814
8	0.02078	0.09007	0.14608	0.03055	0.13405	0.08422	0.18625	0.02615	0.01833	0.02467	0.01460	0.01933	0.01192	0.00909	0.01233	0.00279	0.14589	0.00753	0.00400	0.01137
9	0.01728	0.04276	0.62381	0.02574	0.06926	0.01979	0.03116	0.02691	0.01804	0.02700	0.01531	0.01813	0.01092	0.00806	0.00810	0.00269	0.01245	0.00636	0.00363	0.01262
10	0.02322	0.45393	0.03592	0.01733	0.06478	0.06296	0.01457	0.07140	0.02018	0.05586	0.02245	0.02335	0.08414	0.00941	0.00671	0.00211	0.00889	0.00679	0.00494	0.01107
11	0.02142	0.02065	0.09156	0.03234	0.28614	0.01815	0.03819	0.09408	0.06408	0.07124	0.02283	0.10846	0.02011	0.01075	0.00864	0.00262	0.00905	0.00970	0.00590	0.06408
12	0.11757	0.13201	0.02419	0.01629	0.02181	0.07191	0.01361	0.17916	0.06734	0.13786	0.08137	0.02446	0.02117	0.01043	0.00871	0.00252	0.04285	0.00764	0.00718	0.01193
13	0.02821	0.02052	0.02203	0.01757	0.02326	0.02259	0.01426	0.47132	0.07449	0.04774	0.02404	0.06942	0.01897	0.01141	0.00839	0.00257	0.00827	0.00897	0.09284	0.01313
14	0.01884	0.01720	0.05401	0.01816	0.06522	0.01459	0.04626	0.12635	0.02172	0.03089	0.02582	0.15111	0.05241	0.01186	0.00820	0.00224	0.00753	0.01032	0.00617	0.31109
15	0.76103	0.01646	0.01251	0.01119	0.01646	0.01909	0.00922	0.02502	0.01448	0.03818	0.01185	0.01382	0.00922	0.00790	0.00527	0.00263	0.00658	0.00461	0.00527	0.00922
16	0.01471	0.05898	0.01531	0.01393	0.01661	0.01224	0.01143	0.05713	0.06124	0.02638	0.04791	0.20696	0.14650	0.02105	0.01041	0.00334	0.00672	0.25294	0.00767	0.00855
17	0.01220	0.00893	0.01274	0.01274	0.01394	0.01013	0.00947	0.01460	0.01340	0.01906	0.02365	0.03817	0.02333	0.19958	0.53426	0.01252	0.01970	0.00981	0.00469	0.00708
18	0.01841	0.06593	0.02492	0.02025	0.02110	0.05781	0.01669	0.02036	0.01431	0.02058	0.01585	0.09586	0.01668	0.01728	0.04817	0.00387	0.49944	0.00912	0.00426	0.00911
19	0.01144	0.00827	0.01088	0.01160	0.01300	0.00771	0.00848	0.01432	0.02021	0.02767	0.31371	0.33039	0.08908	0.02202	0.01055	0.00313	0.00479	0.07669	0.00855	0.00751
20	0.01220	0.00830	0.00958	0.00965	0.00989	0.00833	0.00568	0.01255	0.01288	0.01716	0.02954	0.07755	0.05497	0.60661	0.08430	0.00825	0.00899	0.01278	0.00532	0.00547
21	0.01086	0.00769	0.00999	0.01135	0.01196	0.00724	0.00753	0.01246	0.01675	0.02259	0.12081	0.52513	0.05585	0.11927	0.01527	0.00402	0.00528	0.02142	0.00771	0.00681
22	0.01179	0.00915	0.01088	0.01151	0.01331	0.00878	0.00821	0.01642	0.08857	0.02559	0.15029	0.36963	0.19967	0.02222	0.01028	0.00313	0.00484	0.01961	0.00822	0.00790
23	0.01144	0.00903	0.01035	0.00996	0.01249	0.00813	0.00749	0.01533	0.04533	0.02882	0.35158	0.07117	0.34981	0.01917	0.00999	0.00278	0.00426	0.01640	0.00864	0.00783
24	0.02194	0.02213	0.06760	0.08923	0.33824	0.04313	0.11372	0.10596	0.02209	0.03064	0.01718	0.02157	0.01355	0.00814	0.00852	0.00258	0.01076	0.00784	0.04267	0.01254
25	0.02286	0.57476	0.11271	0.01628	0.02393	0.08515	0.01664	0.02636	0.01794	0.02088	0.01233	0.01429	0.01091	0.00750	0.00595	0.00195	0.01002	0.00483	0.00370	0.01102
26	0.76103	0.01646	0.01251	0.01119	0.01646	0.01909	0.00922	0.02502	0.01448	0.03818	0.01185	0.01382	0.00922	0.00790	0.00527	0.00263	0.00658	0.00461	0.00527	0.00922
27	0.01232	0.00837	0.00986	0.00979	0.01013	0.00841	0.00591	0.01301	0.01381	0.01876	0.09682	0.05486	0.03582	0.57351	0.08794	0.00804	0.00890	0.01247	0.00559	0.00567
28	0.01210	0.00820	0.00959	0.00975	0.01004	0.00806	0.00581	0.01273	0.01418	0.01914	0.09955	0.13368	0.03962	0.54171	0.03561	0.00704	0.00737	0.01414	0.00597	0.00570
29	0.01774	0.01778	0.02576	0.02172	0.02265	0.02360	0.05887	0.02001	0.01425	0.02124	0.02015	0.02614	0.08351	0.01512	0.02465	0.00357	0.56098	0.00883	0.00424	0.00922
30	0.01043	0.00864	0.00913	0.00901	0.01172	0.00734	0.00676	0.01293	0.02027	0.02506	0.18970	0.07849	0.53960	0.02078	0.01005	0.00284	0.00426	0.01748	0.00817	0.00734
31	0.02712	0.02097	0.02303	0.01984	0.05464	0.02333	0.01513	0.37754	0.21572	0.04450	0.02491	0.02617	0.01896	0.05555	0.01082	0.00302	0.00854	0.00856	0.00813	0.01351
32	0.11497	0.03781	0.02279	0.02070	0.02519	0.59289	0.01562	0.03296	0.02302	0.02281	0.01301	0.01517	0.01076	0.00867	0.00740	0.00224	0.01435	0.00538	0.00449	0.00979
33	0.01058	0.00754	0.00995	0.01164	0.01222	0.00706	0.00777	0.01217	0.01664	0.02233	0.08738	0.61965	0.05670	0.05952	0.01242	0.00364	0.00504	0.02299	0.00787	0.00690
34	0.03128	0.13181	0.06779	0.01757	0.02452	0.05385	0.05642	0.07285	0.02348	0.36801	0.04939	0.02537	0.01949	0.00976	0.00813	0.00249	0.00885	0.00790	0.00801	0.01306
35	0.01037	0.00741	0.00987	0.01185	0.01234	0.00691	0.00790	0.01185	0.01629	0.02172	0.04690	0.69537	0.05629	0.02666	0.01086	0.00346	0.00494	0.02419	0.00790	0.00691
36	0.16348	0.02400	0.21082	0.01730	0.02535	0.01643	0.01768	0.03429	0.05755	0.31386	0.02412	0.02303	0.01608	0.00937	0.00782	0.00267	0.00870	0.00721	0.00736	0.01288
37	0.02138	0.02156	0.03506	0.08311	0.50960	0.06247	0.08920	0.02651	0.01963	0.02695	0.01590	0.02098	0.01314	0.00767	0.00856	0.00256	0.01098	0.00771	0.00421	0.01281
38	0.01483	0.01051	0.01149	0.01088	0.01427	0.00966	0.00837	0.01996	0.09865	0.09657	0.07027	0.10014	0.44503	0.01933	0.00980	0.00291	0.00510	0.03510	0.00830	0.00883
39	0.01846	0.03355	0.36584	0.02974	0.07218	0.02084	0.23565	0.02656	0.01844	0.02666	0.01571	0.01993	0.01170	0.00821	0.01017	0.00282	0.05988	0.00776	0.00389	0.01201
40	0.02043	0.01740	0.02322	0.11471	0.17827	0.01916	0.01770	0.05159	0.29563	0.05229	0.02973	0.03390	0.04594	0.01132	0.00884	0.00285	0.00826	0.04950	0.00690	0.01236
41	0.03818	0.01448	0.01975	0.01514	0.02172	0.01251	0.01251	0.04147	0.02436	0.65373	0.03357	0.02897	0.02107	0.01053	0.00856	0.00263	0.00724	0.00856	0.01053	0.01448
42	0.01052	0.00858	0.00873	0.00869	0.01146	0.00727	0.00652	0.01288	0.01955	0.02411	0.11223	0.07788	0.57664	0.02063	0.00981	0.00281	0.00427	0.01721	0.05294	0.00727
43	0.10458	0.08033	0.45938	0.02203	0.05022	0.01986	0.02570	0.02810	0.01822	0.09219	0.01656	0.01844	0.01175	0.00825	0.00765	0.00262	0.01104	0.00626	0.00452	0.01231
44	0.02550	0.02742	0.02940	0.05769	0.30089	0.24731	0.04062	0.07606	0.06258	0.02765	0.01658	0.01983	0.01340	0.00848	0.00824	0.00246	0.01185	0.00707	0.00489	0.01209
45	0.01408	0.01051	0.01369	0.01480	0.01704	0.01071	0.01237	0.02028	0.09627	0.02735	0.11337	0.13039	0.06802	0.02151	0.01105	0.00358	0.00693	0.39146	0.00812	0.00847

[dist]
# distance from previous block
# <min> <max>
0	1

[block]
# block no. 3 follows, 21 sequences, length 7
# corresponding to MSA columns:
# 193-199
name=unknown_D
#
# <colnr> <probs for GDERKNQSTAVLIFYWHMCP>
#	G	D	E	R	K	N	Q	S	T	A	V	L	I	F	Y	W	H	M	C	P
0	0.02275	0.70604	0.04459	0.01456	0.02184	0.03367	0.01456	0.02548	0.01729	0.02002	0.01183	0.01365	0.01092	0.00728	0.00546	0.00182	0.00910	0.00455	0.00364	0.01092
1	0.01165	0.04434	0.01183	0.01102	0.01243	0.00878	0.00776	0.01369	0.01808	0.02412	0.19225	0.35431	0.12155	0.11096	0.01453	0.00374	0.00529	0.01879	0.00768	0.00719
2	0.44112	0.01647	0.04322	0.01251	0.01759	0.01700	0.01064	0.05609	0.06285	0.07545	0.07659	0.02319	0.01955	0.00956	0.00653	0.00259	0.00653	0.00682	0.08567	0.01002
3	0.02489	0.01424	0.01822	0.01713	0.05839	0.01400	0.01278	0.09650	0.09600	0.24629	0.11402	0.09890	0.06092	0.01456	0.00935	0.00287	0.00692	0.07331	0.00891	0.01180
4	0.01037	0.00741	0.00987	0.01185	0.01234	0.00691	0.00790	0.01185	0.01629	0.02172	0.04690	0.69537	0.05629	0.02666	0.01086	0.00346	0.00494	0.02419	0.00790	0.00691
5	0.02364	0.02487	0.03042	0.04126	0.43245	0.17484	0.02245	0.03004	0.08600	0.02697	0.01732	0.02084	0.01421	0.00829	0.00827	0.00249	0.01100	0.00730	0.00473	0.01262
6	0.01779	0.03974	0.54486	0.02929	0.14677	0.01985	0.03048	0.02680	0.01822	0.02710	0.01540	0.01852	0.01127	0.00799	0.00815	0.00266	0.01213	0.00652	0.00370	0.01274

[dist]
# distance from previous block
# <min> <max>
0	37

[block]
# block no. 4 follows, 21 sequences, length 15
# corresponding to MSA columns:
# 237-251
name=unknown_E
#
# <colnr> <probs for GDERKNQSTAVLIFYWHMCP>
#	G	D	E	R	K	N	Q	S	T	A	V	L	I	F	Y	W	H	M	C	P
0	0.56177	0.01591	0.01450	0.01228	0.01791	0.01728	0.01012	0.02955	0.01720	0.20787	0.01784	0.01800	0.01248	0.00863	0.00617	0.00263	0.00676	0.00570	0.00672	0.01067
1	0.10107	0.36425	0.05590	0.01875	0.07410	0.11438	0.01546	0.06662	0.02018	0.02627	0.05945	0.01880	0.01629	0.00855	0.00663	0.00216	0.00954	0.00601	0.00471	0.01090
2	0.40993	0.01957	0.05432	0.02828	0.24902	0.01968	0.05366	0.02565	0.01678	0.03319	0.01386	0.01722	0.01107	0.00775	0.00685	0.00261	0.00864	0.00611	0.00474	0.01107
3	0.08147	0.15212	0.45089	0.02083	0.03144	0.02152	0.02529	0.02764	0.01805	0.07415	0.01579	0.01772	0.01145	0.00812	0.00744	0.00254	0.01108	0.00602	0.00427	0.01216
4	0.02970	0.03476	0.02466	0.02308	0.05618	0.50124	0.01701	0.03205	0.02226	0.05901	0.01423	0.01693	0.01172	0.00972	0.01075	0.00246	0.11330	0.00606	0.00465	0.01024
5	0.01623	0.01057	0.01299	0.01157	0.01462	0.00990	0.00893	0.06832	0.02464	0.10109	0.43073	0.05934	0.16426	0.01676	0.00975	0.00270	0.00486	0.01444	0.00917	0.00912
6	0.01089	0.00800	0.01021	0.01104	0.01235	0.00732	0.00775	0.01330	0.01930	0.02602	0.25069	0.40363	0.14232	0.02290	0.01048	0.00312	0.00455	0.02044	0.00839	0.00732
7	0.02638	0.02087	0.02218	0.01837	0.02412	0.02360	0.01473	0.31281	0.35638	0.04400	0.02802	0.02648	0.02062	0.01093	0.00859	0.00273	0.00796	0.00871	0.00859	0.01394
8	0.01840	0.06025	0.02969	0.04533	0.02675	0.02312	0.13186	0.02294	0.05747	0.02296	0.01777	0.08957	0.01713	0.01371	0.01940	0.00333	0.37624	0.00964	0.00460	0.00987
9	0.01478	0.00739	0.01109	0.01109	0.01109	0.00739	0.00739	0.01109	0.01109	0.01478	0.01478	0.02587	0.01478	0.02956	0.03326	0.75240	0.00739	0.00739	0.00370	0.00370
10	0.02084	0.01757	0.02585	0.10620	0.31084	0.01860	0.01971	0.10603	0.07795	0.03173	0.02173	0.02846	0.01797	0.00976	0.00834	0.00261	0.00883	0.04535	0.10962	0.01202
11	0.01257	0.00918	0.01223	0.01360	0.01549	0.00884	0.01125	0.01594	0.01970	0.02575	0.12711	0.16989	0.13276	0.02289	0.01119	0.00356	0.00650	0.36585	0.00805	0.00765
12	0.12785	0.60787	0.04003	0.01408	0.02108	0.03160	0.01380	0.02542	0.01689	0.02261	0.01183	0.01368	0.01068	0.00737	0.00543	0.00194	0.00874	0.00456	0.00387	0.01068
13	0.01798	0.01639	0.02399	0.05093	0.02549	0.01620	0.10733	0.05742	0.01835	0.02680	0.01966	0.11670	0.01874	0.01124	0.01162	0.00242	0.12819	0.00929	0.00526	0.31599
14	0.02053	0.06528	0.02354	0.01881	0.02155	0.10736	0.04008	0.10659	0.02082	0.02734	0.09356	0.13740	0.02740	0.01484	0.01519	0.00302	0.23016	0.01088	0.00588	0.00977

[dist]
# distance from previous block
# <min> <max>
0	1

[block]
# block no. 5 follows, 21 sequences, length 65
# corresponding to MSA columns:
# 253-317
name=unknown_F
#
# <colnr> <probs for GDERKNQSTAVLIFYWHMCP>
#	G	D	E	R	K	N	Q	S	T	A	V	L	I	F	Y	W	H	M	C	P
0	0.15463	0.01641	0.02076	0.05574	0.10297	0.01729	0.01463	0.07342	0.06800	0.25656	0.02373	0.02405	0.01677	0.00992	0.00921	0.00268	0.05677	0.00760	0.05659	0.01229
1	0.02277	0.02009	0.02919	0.09677	0.36103	0.02145	0.02167	0.14178	0.13607	0.03359	0.02020	0.02306	0.01578	0.00890	0.00849	0.00263	0.00946	0.00797	0.00581	0.01330
2	0.01309	0.00935	0.01300	0.01496	0.01665	0.00926	0.01263	0.01655	0.01898	0.02477	0.04540	0.20774	0.05034	0.02410	0.01159	0.00383	0.00730	0.48496	0.00785	0.00766
3	0.02197	0.01326	0.01461	0.03833	0.01736	0.01400	0.00999	0.19246	0.02426	0.08168	0.02553	0.02953	0.01985	0.05582	0.00945	0.00264	0.00632	0.00818	0.40461	0.01015
4	0.01254	0.00884	0.01085	0.01152	0.01239	0.00868	0.00764	0.05261	0.01727	0.02319	0.08241	0.41461	0.04772	0.22538	0.02030	0.00477	0.00615	0.01894	0.00723	0.00697
5	0.02860	0.01581	0.01771	0.01480	0.01973	0.06123	0.01174	0.06627	0.11092	0.32679	0.09183	0.06283	0.02826	0.01190	0.00847	0.00260	0.00709	0.00977	0.09135	0.01228
6	0.02237	0.02413	0.03382	0.05303	0.07939	0.13557	0.20476	0.06515	0.01958	0.02545	0.01453	0.01985	0.01208	0.01032	0.01534	0.00299	0.23857	0.00794	0.00438	0.01075
7	0.02588	0.01769	0.02003	0.01626	0.02131	0.01876	0.01306	0.34482	0.05274	0.10787	0.17797	0.08399	0.03498	0.01332	0.00908	0.00267	0.00740	0.01099	0.00889	0.01227
8	0.01167	0.00854	0.01101	0.01177	0.01338	0.00799	0.00890	0.01455	0.01986	0.02660	0.24766	0.25113	0.14202	0.04641	0.01184	0.00339	0.00529	0.14226	0.00827	0.00745
9	0.02465	0.49313	0.08254	0.01684	0.02401	0.12901	0.01618	0.08312	0.02054	0.02381	0.01309	0.01486	0.01125	0.00784	0.00627	0.00201	0.01033	0.00511	0.00421	0.01121
10	0.05901	0.02647	0.02469	0.09574	0.02968	0.17549	0.01682	0.39003	0.03264	0.04166	0.01778	0.01924	0.01308	0.00959	0.00819	0.00250	0.01089	0.00702	0.00687	0.01261
11	0.05884	0.04457	0.02459	0.01871	0.02514	0.02546	0.01540	0.48094	0.13735	0.04893	0.02219	0.02185	0.01608	0.01025	0.00831	0.00259	0.00881	0.00777	0.00825	0.01398
12	0.01037	0.00741	0.00987	0.01185	0.01234	0.00691	0.00790	0.01185	0.01629	0.02172	0.04690	0.69537	0.05629	0.02666	0.01086	0.00346	0.00494	0.02419	0.00790	0.00691
13	0.01100	0.00884	0.00993	0.01018	0.01276	0.00777	0.00798	0.01374	0.02012	0.02505	0.16013	0.08173	0.45650	0.02129	0.01036	0.00303	0.00489	0.11918	0.00810	0.00742
14	0.02034	0.01688	0.01905	0.01432	0.02138	0.01499	0.01148	0.11396	0.10911	0.03272	0.01871	0.02008	0.01480	0.00764	0.00697	0.00169	0.00682	0.00609	0.00608	0.53690
15	0.67952	0.01852	0.06224	0.03428	0.01941	0.01914	0.01139	0.02506	0.01483	0.03678	0.01222	0.01443	0.00941	0.00793	0.00559	0.00264	0.00720	0.00483	0.00509	0.00948
16	0.01204	0.00870	0.01138	0.01071	0.01271	0.00803	0.00803	0.01606	0.02409	0.03413	0.64335	0.06357	0.08030	0.01740	0.01004	0.00268	0.00401	0.01539	0.00937	0.00803
17	0.01802	0.01711	0.02904	0.43555	0.28832	0.01942	0.02460	0.02345	0.01794	0.02411	0.01547	0.02205	0.01218	0.00815	0.00848	0.00272	0.01086	0.00757	0.00395	0.01102
18	0.02079	0.01995	0.03406	0.08605	0.61612	0.02015	0.02598	0.02588	0.01925	0.02748	0.01596	0.02115	0.01336	0.00763	0.00843	0.00254	0.01018	0.00758	0.00419	0.01326
19	0.01288	0.00989	0.01222	0.01308	0.01549	0.00958	0.01080	0.01764	0.06468	0.02597	0.10299	0.10490	0.23580	0.02166	0.01084	0.00341	0.00626	0.30585	0.00804	0.00803
20	0.01627	0.01627	0.06149	0.02173	0.02687	0.01403	0.24687	0.02153	0.02117	0.05158	0.25383	0.11401	0.04426	0.01393	0.01004	0.00289	0.00888	0.03772	0.00690	0.00972
21	0.01187	0.00866	0.01119	0.01091	0.01287	0.00798	0.00822	0.01556	0.02293	0.03193	0.52617	0.11251	0.11817	0.01871	0.01019	0.00282	0.00431	0.04804	0.00907	0.00788
22	0.01313	0.00896	0.01175	0.01180	0.01384	0.00832	0.00910	0.01659	0.02185	0.05781	0.38495	0.16110	0.10816	0.01980	0.01039	0.00302	0.00499	0.11755	0.00883	0.00806
23	0.12629	0.34004	0.28705	0.01799	0.02712	0.02597	0.02061	0.02601	0.01716	0.02542	0.01322	0.01542	0.01062	0.00769	0.00649	0.00229	0.01014	0.00526	0.00385	0.01134
24	0.03108	0.03908	0.02379	0.02162	0.02603	0.62394	0.01625	0.03473	0.06447	0.02181	0.01458	0.01643	0.01196	0.00895	0.00774	0.00224	0.01478	0.00576	0.00467	0.01010
25	0.01095	0.00814	0.01153	0.01255	0.01355	0.00759	0.02976	0.01299	0.01752	0.02365	0.12912	0.58304	0.05808	0.02467	0.01072	0.00333	0.00515	0.02246	0.00798	0.00723
26	0.01189	0.00850	0.01160	0.01342	0.01463	0.00821	0.01040	0.01456	0.01814	0.02401	0.07911	0.40384	0.05449	0.02480	0.01120	0.00361	0.00613	0.26615	0.00795	0.00737
27	0.01217	0.00905	0.01335	0.01335	0.01476	0.01046	0.01024	0.01499	0.01358	0.01952	0.02309	0.03506	0.02198	0.11052	0.62147	0.01328	0.02173	0.00936	0.00460	0.00742
28	0.01116	0.00868	0.01017	0.01004	0.01240	0.00770	0.00761	0.01422	0.02141	0.02808	0.33260	0.09418	0.34027	0.01996	0.01017	0.00286	0.00439	0.04798	0.00856	0.00759
29	0.01037	0.00741	0.00987	0.01185	0.01234	0.00691	0.00790	0.01185	0.01629	0.02172	0.04690	0.69537	0.05629	0.02666	0.01086	0.00346	0.00494	0.02419	0.00790	0.00691
30	0.02532	0.51755	0.03887	0.01655	0.02311	0.18771	0.01508	0.05043	0.01983	0.02151	0.01248	0.01433	0.01107	0.00776	0.00612	0.00194	0.01063	0.00490	0.00401	0.01080
31	0.02471	0.02738	0.14034	0.02152	0.06010	0.11821	0.01840	0.14490	0.26137	0.05850	0.02415	0.02396	0.01792	0.00999	0.00836	0.00266	0.00980	0.00787	0.00688	0.01299
32	0.01707	0.04402	0.65683	0.02426	0.03683	0.01976	0.03144	0.02695	0.01797	0.02695	0.01527	0.01797	0.01078	0.00809	0.00809	0.00270	0.01258	0.00629	0.00359	0.01258
33	0.12087	0.41579	0.07856	0.01650	0.02322	0.17712	0.01548	0.02749	0.01855	0.02307	0.01238	0.01437	0.01070	0.00776	0.00613	0.00207	0.01046	0.00489	0.00402	0.01057
34	0.01494	0.01162	0.01291	0.01258	0.01509	0.03782	0.00968	0.02061	0.10036	0.04828	0.22750	0.06458	0.15429	0.10585	0.01432	0.00367	0.00627	0.12315	0.00802	0.00848
35	0.01037	0.00741	0.00987	0.01185	0.01234	0.00691	0.00790	0.01185	0.01629	0.02172	0.04690	0.69537	0.05629	0.02666	0.01086	0.00346	0.00494	0.02419	0.00790	0.00691
36	0.03235	0.02384	0.02554	0.01958	0.02639	0.02639	0.01618	0.61946	0.04001	0.05363	0.02043	0.02043	0.01447	0.01022	0.00851	0.00255	0.00936	0.00766	0.00851	0.01447
37	0.01116	0.00809	0.01064	0.01197	0.01314	0.00757	0.00869	0.01353	0.01847	0.02470	0.16123	0.44272	0.10232	0.02408	0.01078	0.00334	0.00515	0.10695	0.00817	0.00728
38	0.01444	0.00739	0.01099	0.01114	0.01118	0.00735	0.00743	0.01114	0.01148	0.01531	0.01724	0.07710	0.01796	0.02934	0.03155	0.69509	0.00720	0.00868	0.00402	0.00394
39	0.02275	0.70604	0.04459	0.01456	0.02184	0.03367	0.01456	0.02548	0.01729	0.02002	0.01183	0.01365	0.01092	0.00728	0.00546	0.00182	0.00910	0.00455	0.00364	0.01092
40	0.01208	0.00897	0.01104	0.01153	0.01327	0.00843	0.00837	0.04612	0.02031	0.02703	0.20543	0.35272	0.17269	0.02228	0.01041	0.00312	0.00495	0.04525	0.00831	0.00770
41	0.02003	0.06779	0.02626	0.05179	0.02399	0.07159	0.01769	0.05462	0.01586	0.02231	0.01291	0.01941	0.01207	0.01695	0.06976	0.00410	0.47189	0.00724	0.00409	0.00963
42	0.01839	0.01316	0.01457	0.01281	0.01528	0.01382	0.00912	0.20500	0.02250	0.03005	0.06384	0.10196	0.06367	0.34894	0.02583	0.00543	0.00787	0.01238	0.00684	0.00853
43	0.01077	0.00757	0.00976	0.01134	0.01174	0.00718	0.00736	0.01195	0.01552	0.02069	0.04292	0.56860	0.05126	0.16029	0.01729	0.00441	0.00559	0.02185	0.00736	0.00656
44	0.01196	0.00870	0.01126	0.01062	0.01266	0.00799	0.00796	0.01590	0.02389	0.03366	0.61991	0.06434	0.10403	0.01757	0.01004	0.00268	0.00403	0.01550	0.00931	0.00799
45	0.01347	0.00963	0.01342	0.01528	0.01716	0.00957	0.01319	0.01726	0.01958	0.02559	0.06739	0.12705	0.05053	0.02345	0.01164	0.00385	0.00754	0.53870	0.00790	0.00779
46	0.01087	0.00835	0.00994	0.01018	0.01215	0.00743	0.00739	0.01354	0.02037	0.02678	0.28185	0.22468	0.29325	0.02127	0.01025	0.00294	0.00435	0.01853	0.00844	0.00743
47	0.01807	0.01366	0.01846	0.03882	0.01841	0.01737	0.01330	0.01991	0.01475	0.05127	0.01752	0.02398	0.01515	0.01521	0.02097	0.11230	0.34070	0.00763	0.21417	0.00834
48	0.01648	0.00884	0.00912	0.00875	0.01100	0.00893	0.00665	0.05184	0.01948	0.03307	0.07049	0.03335	0.02551	0.01046	0.00637	0.00206	0.00426	0.00844	0.65659	0.00829
49	0.01478	0.00739	0.01109	0.01109	0.01109	0.00739	0.00739	0.01109	0.01109	0.01478	0.01478	0.02587	0.01478	0.02956	0.03326	0.75240	0.00739	0.00739	0.00370	0.00370
50	0.01858	0.01571	0.01814	0.01315	0.02058	0.01250	0.01053	0.05530	0.03909	0.02942	0.01606	0.01826	0.01315	0.00669	0.00650	0.00139	0.00649	0.00534	0.00535	0.68778
51	0.06395	0.45633	0.14628	0.01694	0.02479	0.07427	0.01745	0.06984	0.01940	0.02475	0.01315	0.01503	0.01107	0.00777	0.00628	0.00210	0.01002	0.00515	0.00413	0.01130
52	0.01301	0.01078	0.01684	0.01577	0.01793	0.01043	0.09964	0.01717	0.06196	0.02425	0.08193	0.43295	0.04726	0.06658	0.01271	0.00361	0.00676	0.04502	0.00733	0.00807
53	0.02671	0.01506	0.01867	0.01514	0.02025	0.01502	0.01225	0.12146	0.06799	0.26205	0.05062	0.02822	0.02139	0.01746	0.09510	0.00393	0.04083	0.00834	0.06238	0.09713
54	0.01053	0.00852	0.00914	0.00919	0.01156	0.00736	0.00669	0.01274	0.01933	0.02399	0.15733	0.12040	0.47956	0.07058	0.01252	0.00328	0.00460	0.01763	0.00791	0.00714
55	0.01594	0.01531	0.02481	0.02091	0.02296	0.01807	0.13039	0.01899	0.01608	0.02309	0.07022	0.18868	0.02848	0.01985	0.06328	0.00410	0.29181	0.01275	0.00534	0.00893
56	0.02275	0.70604	0.04459	0.01456	0.02184	0.03367	0.01456	0.02548	0.01729	0.02002	0.01183	0.01365	0.01092	0.00728	0.00546	0.00182	0.00910	0.00455	0.00364	0.01092
57	0.01238	0.00825	0.00928	0.00928	0.00928	0.00825	0.00516	0.01238	0.01238	0.01650	0.02681	0.05569	0.03094	0.70092	0.04331	0.00825	0.00825	0.01238	0.00516	0.00516
58	0.01426	0.02618	0.33057	0.01894	0.02581	0.01395	0.04049	0.02032	0.01778	0.02525	0.05695	0.27774	0.03305	0.01625	0.00948	0.00305	0.00914	0.04512	0.00572	0.00996
59	0.01047	0.00758	0.00990	0.01154	0.01231	0.00701	0.00781	0.01218	0.01708	0.02271	0.09289	0.60659	0.09922	0.02563	0.01075	0.00336	0.00483	0.02312	0.00801	0.00701
60	0.01910	0.01529	0.01632	0.01473	0.01900	0.01659	0.01142	0.07245	0.36761	0.06038	0.04819	0.08026	0.19303	0.01492	0.00914	0.00288	0.00618	0.01248	0.00849	0.01154
61	0.02566	0.01921	0.02081	0.01763	0.02311	0.02150	0.01402	0.18251	0.42570	0.10570	0.03112	0.02874	0.02270	0.01112	0.00861	0.00278	0.00742	0.00904	0.00882	0.01382
62	0.01790	0.14106	0.56709	0.02283	0.03464	0.02180	0.02897	0.02674	0.01787	0.02593	0.01477	0.01733	0.01080	0.00797	0.00770	0.00257	0.01207	0.00603	0.00360	0.01233
63	0.30614	0.01125	0.00971	0.00920	0.01246	0.01228	0.00722	0.02185	0.01654	0.03424	0.02156	0.02475	0.01691	0.00913	0.00568	0.00224	0.00499	0.00664	0.45877	0.00843
64	0.34460	0.23828	0.10105	0.01509	0.02188	0.07371	0.01448	0.05897	0.01793	0.03067	0.01283	0.01475	0.01036	0.00792	0.00603	0.00235	0.00891	0.00503	0.00467	0.01049

[dist]
# distance from previous block
# <min> <max>
0	7

[block]
# block no. 6 follows, 21 sequences, length 15
# corresponding to MSA columns:
# 325-339
name=unknown_G
#
# <colnr> <probs for GDERKNQSTAVLIFYWHMCP>
#	G	D	E	R	K	N	Q	S	T	A	V	L	I	F	Y	W	H	M	C	P
0	0.02009	0.02296	0.05022	0.03587	0.04448	0.02152	0.61693	0.02726	0.02009	0.02726	0.01722	0.02296	0.01291	0.00717	0.01004	0.00287	0.01435	0.01004	0.00430	0.01148
1	0.02152	0.39159	0.28973	0.01851	0.02788	0.02661	0.02123	0.02717	0.01805	0.06638	0.01471	0.01644	0.01156	0.00783	0.00673	0.00223	0.01037	0.00553	0.00410	0.01183
2	0.18565	0.12977	0.07192	0.04890	0.24419	0.02280	0.01903	0.09597	0.05204	0.03204	0.01583	0.01861	0.01265	0.00818	0.00726	0.00248	0.00912	0.00647	0.00503	0.01206
3	0.30560	0.02022	0.01824	0.01556	0.02103	0.08328	0.01247	0.12778	0.17448	0.10952	0.02153	0.02124	0.01577	0.00957	0.00725	0.00264	0.00800	0.00689	0.00715	0.01179
4	0.09053	0.02823	0.02339	0.01945	0.02514	0.23752	0.01543	0.32082	0.09054	0.03974	0.01871	0.01931	0.01400	0.00968	0.00798	0.00247	0.01086	0.00688	0.00689	0.01242
5	0.01319	0.00961	0.01289	0.01427	0.01609	0.00957	0.01169	0.01772	0.05326	0.02644	0.12783	0.21348	0.05358	0.02266	0.01116	0.00359	0.00664	0.36022	0.00811	0.00798
6	0.02050	0.01965	0.03353	0.12267	0.58177	0.02007	0.02584	0.02563	0.01911	0.02712	0.01591	0.02124	0.01324	0.00769	0.00843	0.00256	0.01025	0.00758	0.00416	0.01303
7	0.01209	0.00908	0.01156	0.01282	0.01487	0.00855	0.01051	0.01516	0.01928	0.02456	0.08149	0.16866	0.23326	0.02308	0.01105	0.00349	0.00623	0.31881	0.00793	0.00752
8	0.01084	0.00887	0.00972	0.01014	0.01281	0.00775	0.00802	0.01338	0.01944	0.02352	0.07736	0.08493	0.51639	0.02197	0.01042	0.00310	0.00507	0.14106	0.00789	0.00732
9	0.02166	0.01792	0.01826	0.01662	0.02108	0.06092	0.01298	0.03918	0.44518	0.08137	0.03739	0.06146	0.06469	0.01321	0.00895	0.00291	0.00720	0.04828	0.00840	0.01233
10	0.01037	0.00741	0.00987	0.01185	0.01234	0.00691	0.00790	0.01185	0.01629	0.02172	0.04690	0.69537	0.05629	0.02666	0.01086	0.00346	0.00494	0.02419	0.00790	0.00691
11	0.06539	0.01841	0.06147	0.01639	0.02127	0.01876	0.01358	0.06700	0.40993	0.03520	0.11173	0.06720	0.03198	0.01255	0.00870	0.00284	0.00681	0.01048	0.00815	0.01215
12	0.02193	0.01727	0.02648	0.03515	0.35732	0.01733	0.01984	0.06607	0.05963	0.10044	0.08433	0.03608	0.02613	0.01128	0.00903	0.00275	0.00865	0.08143	0.00643	0.01242
13	0.01989	0.02201	0.09927	0.03043	0.09419	0.01838	0.35248	0.02628	0.02037	0.06679	0.09121	0.02705	0.02114	0.00865	0.00934	0.00267	0.01156	0.00963	0.00526	0.06340
14	0.14854	0.38363	0.15055	0.01634	0.02403	0.07179	0.01683	0.02709	0.01778	0.05684	0.01368	0.01539	0.01113	0.00781	0.00623	0.00219	0.00966	0.00515	0.00431	0.01105

[dist]
# distance from previous block
# <min> <max>
0	1

[block]
# block no. 7 follows, 21 sequences, length 50
# corresponding to MSA columns:
# 341-390
name=unknown_H
#
# <colnr> <probs for GDERKNQSTAVLIFYWHMCP>
#	G	D	E	R	K	N	Q	S	T	A	V	L	I	F	Y	W	H	M	C	P
0	0.02758	0.07502	0.02882	0.03004	0.21668	0.26231	0.01911	0.15709	0.04967	0.03054	0.01635	0.01873	0.01308	0.00872	0.00797	0.00238	0.01169	0.00669	0.00534	0.01218
1	0.02823	0.07900	0.02624	0.02052	0.06715	0.06257	0.01581	0.38456	0.07232	0.04281	0.01929	0.02003	0.01444	0.00932	0.00795	0.00233	0.00920	0.00708	0.00716	0.10398
2	0.01947	0.06484	0.04406	0.03118	0.03801	0.02206	0.45830	0.02528	0.01869	0.02552	0.01780	0.06185	0.01513	0.00943	0.01231	0.00296	0.10769	0.01017	0.00439	0.01087
3	0.01407	0.01204	0.01217	0.01209	0.01491	0.05290	0.00941	0.06440	0.02124	0.02607	0.08613	0.14910	0.35405	0.02057	0.01016	0.00305	0.00613	0.11568	0.00777	0.00807
