[name]
unknown

[dist]
# distance from previous block
# <min> <max>
0	17

[block]
# block no. 0 follows, 24 sequences, length 144
# corresponding to MSA columns:
# 17-160
name=unknown_A
#
# <colnr> <probs for GDERKNQSTAVLIFYWHMCP>
#	G	D	E	R	K	N	Q	S	T	A	V	L	I	F	Y	W	H	M	C	P
0	0.01308	0.00947	0.01300	0.01467	0.01661	0.00958	0.01277	0.01753	0.04568	0.02414	0.04157	0.08688	0.04472	0.02143	0.01083	0.00361	0.00726	0.59233	0.00733	0.00753
1	0.01563	0.01223	0.01322	0.01224	0.01397	0.05551	0.00872	0.11734	0.01694	0.02234	0.02278	0.06180	0.02337	0.34449	0.21728	0.00774	0.01205	0.00992	0.00520	0.00722
2	0.01933	0.01530	0.01813	0.05788	0.02208	0.01322	0.01119	0.11605	0.01987	0.05985	0.01566	0.01764	0.01231	0.00675	0.00642	0.00151	0.00665	0.00538	0.00535	0.56942
3	0.01588	0.01551	0.02745	0.54997	0.05052	0.01815	0.12880	0.02232	0.05071	0.02184	0.01540	0.02164	0.01155	0.00786	0.00818	0.00265	0.01082	0.00755	0.00385	0.00934
4	0.01092	0.00809	0.01017	0.00965	0.01166	0.00735	0.00724	0.01437	0.02172	0.03008	0.57023	0.06207	0.17333	0.01685	0.00936	0.00252	0.00379	0.01474	0.00850	0.00735
5	0.00937	0.00803	0.00803	0.00803	0.01071	0.00669	0.00602	0.01138	0.01807	0.02142	0.08033	0.07632	0.66863	0.02008	0.00937	0.00268	0.00402	0.01674	0.00736	0.00669
6	0.00983	0.00702	0.00939	0.01123	0.01177	0.00658	0.00765	0.01133	0.01535	0.02043	0.04361	0.68258	0.05208	0.02469	0.01017	0.00324	0.00475	0.05445	0.00736	0.00649
7	0.02041	0.02460	0.14236	0.06484	0.43603	0.08690	0.02367	0.05993	0.01927	0.02625	0.01473	0.01861	0.01186	0.00743	0.00773	0.00236	0.01032	0.00666	0.00405	0.01198
8	0.51447	0.05141	0.14269	0.01468	0.02123	0.01899	0.05141	0.05711	0.01581	0.03302	0.01238	0.01445	0.00940	0.00744	0.00584	0.00244	0.00787	0.00505	0.00465	0.00964
9	0.01787	0.01573	0.01564	0.01431	0.01777	0.05744	0.01074	0.03303	0.43810	0.02840	0.05845	0.03686	0.06990	0.13420	0.01373	0.00350	0.00676	0.00991	0.00724	0.01041
10	0.01127	0.00799	0.01075	0.01239	0.01341	0.00779	0.00953	0.01352	0.01617	0.02129	0.04092	0.36238	0.04684	0.09841	0.01375	0.00389	0.00615	0.28983	0.00706	0.00665
11	0.01012	0.00805	0.00896	0.00896	0.01090	0.00744	0.00645	0.01189	0.01590	0.01974	0.05954	0.06387	0.43412	0.16218	0.13179	0.00537	0.00767	0.01432	0.00634	0.00640
12	0.01963	0.01884	0.03219	0.04867	0.67185	0.01884	0.02434	0.02434	0.01806	0.02591	0.01492	0.01963	0.01256	0.00707	0.00785	0.00236	0.00942	0.00707	0.00393	0.01256
13	0.01963	0.01884	0.03219	0.04867	0.67185	0.01884	0.02434	0.02434	0.01806	0.02591	0.01492	0.01963	0.01256	0.00707	0.00785	0.00236	0.00942	0.00707	0.00393	0.01256
14	0.03014	0.02221	0.02380	0.01825	0.02459	0.02459	0.01507	0.64541	0.03728	0.04998	0.01904	0.01904	0.01349	0.00952	0.00793	0.00238	0.00873	0.00714	0.00793	0.01349
15	0.01872	0.02139	0.04679	0.03342	0.04144	0.02005	0.64305	0.02540	0.01872	0.02540	0.01604	0.02139	0.01203	0.00668	0.00936	0.00267	0.01337	0.00936	0.00401	0.01070
16	0.01872	0.02139	0.04679	0.03342	0.04144	0.02005	0.64305	0.02540	0.01872	0.02540	0.01604	0.02139	0.01203	0.00668	0.00936	0.00267	0.01337	0.00936	0.00401	0.01070
17	0.01963	0.01884	0.03219	0.04867	0.67185	0.01884	0.02434	0.02434	0.01806	0.02591	0.01492	0.01963	0.01256	0.00707	0.00785	0.00236	0.00942	0.00707	0.00393	0.01256
18	0.01749	0.01666	0.02832	0.34942	0.38782	0.01828	0.02327	0.02246	0.01704	0.02331	0.01454	0.02032	0.01165	0.00746	0.00789	0.00249	0.00995	0.00706	0.00374	0.01083
19	0.01460	0.01368	0.02272	0.65514	0.05164	0.01688	0.02094	0.01966	0.01601	0.02034	0.01859	0.02489	0.05523	0.00875	0.00803	0.00265	0.01013	0.00770	0.00378	0.00867
20	0.07053	0.01633	0.01694	0.01528	0.01965	0.01877	0.01190	0.03897	0.57226	0.03290	0.05285	0.03095	0.04608	0.01101	0.00794	0.00267	0.00611	0.00908	0.00785	0.01193
21	0.03014	0.02221	0.02380	0.01825	0.02459	0.02459	0.01507	0.64541	0.03728	0.04998	0.01904	0.01904	0.01349	0.00952	0.00793	0.00238	0.00873	0.00714	0.00793	0.01349
22	0.01644	0.01409	0.01644	0.01175	0.01879	0.01057	0.00940	0.01997	0.01644	0.02584	0.01409	0.01644	0.01175	0.00587	0.00587	0.00117	0.00587	0.00470	0.00470	0.76979
23	0.01800	0.01333	0.05638	0.01074	0.01410	0.03736	0.00913	0.12427	0.02032	0.03228	0.02341	0.02634	0.01809	0.00913	0.00614	0.00199	0.00549	0.00716	0.55757	0.00877
24	0.02962	0.03779	0.02247	0.02043	0.02451	0.68948	0.01532	0.03166	0.02247	0.01941	0.01226	0.01430	0.01021	0.00817	0.00715	0.00204	0.01430	0.00511	0.00409	0.00919
25	0.01133	0.00850	0.01274	0.01274	0.01416	0.00991	0.00991	0.01416	0.01274	0.01841	0.02124	0.03115	0.01982	0.05947	0.68989	0.01274	0.02124	0.00850	0.00425	0.00708
26	0.01963	0.01884	0.03219	0.04867	0.67185	0.01884	0.02434	0.02434	0.01806	0.02591	0.01492	0.01963	0.01256	0.00707	0.00785	0.00236	0.00942	0.00707	0.00393	0.01256
27	0.01617	0.03730	0.57220	0.06199	0.03626	0.01856	0.09784	0.02487	0.01691	0.02487	0.01443	0.01751	0.01030	0.00746	0.00776	0.00254	0.01184	0.00632	0.00343	0.01144
28	0.01498	0.01409	0.02378	0.70226	0.05462	0.01762	0.02202	0.02026	0.01586	0.02026	0.01409	0.02114	0.01057	0.00793	0.00793	0.00264	0.01057	0.00705	0.00352	0.00881
29	0.01156	0.00822	0.01011	0.01021	0.01089	0.00859	0.00671	0.01340	0.03887	0.01756	0.02813	0.10959	0.05202	0.43127	0.20108	0.00817	0.01067	0.01189	0.00513	0.00593
30	0.01153	0.00769	0.00865	0.00865	0.00865	0.00769	0.00480	0.01153	0.01153	0.01538	0.02499	0.05189	0.02883	0.72131	0.04036	0.00769	0.00769	0.01153	0.00480	0.00480
31	0.01101	0.00813	0.01030	0.00985	0.01184	0.00742	0.00745	0.01450	0.02167	0.03003	0.56182	0.06272	0.15949	0.01696	0.00941	0.00256	0.00390	0.03509	0.00848	0.00736
32	0.00966	0.00690	0.00920	0.01104	0.01150	0.00644	0.00736	0.01104	0.01518	0.02024	0.04371	0.71614	0.05245	0.02484	0.01012	0.00322	0.00460	0.02254	0.00736	0.00644
33	0.02425	0.40618	0.03300	0.05767	0.02409	0.21892	0.01475	0.09565	0.02030	0.02249	0.01246	0.01439	0.01058	0.00756	0.00617	0.00193	0.01031	0.00498	0.00411	0.01018
34	0.02068	0.01694	0.01889	0.01814	0.06307	0.01918	0.01327	0.04077	0.57746	0.07161	0.03108	0.02878	0.02317	0.01046	0.00805	0.00265	0.00651	0.00878	0.00790	0.01261
35	0.01847	0.07075	0.16510	0.03212	0.12363	0.02032	0.40179	0.02509	0.01808	0.02497	0.01522	0.01970	0.01160	0.00690	0.00853	0.00254	0.01220	0.00805	0.00383	0.01111
36	0.01915	0.46086	0.28881	0.01707	0.02576	0.02636	0.01966	0.02427	0.01636	0.02116	0.01227	0.01428	0.01013	0.00707	0.00604	0.00201	0.00973	0.00487	0.00338	0.01077
37	0.00966	0.00690	0.00920	0.01104	0.01150	0.00644	0.00736	0.01104	0.01518	0.02024	0.04371	0.71614	0.05245	0.02484	0.01012	0.00322	0.00460	0.02254	0.00736	0.00644
38	0.02218	0.01794	0.02589	0.06171	0.34608	0.01882	0.01897	0.09122	0.18392	0.09904	0.02146	0.02296	0.01630	0.00858	0.00793	0.00247	0.00831	0.00765	0.00599	0.01259
39	0.01133	0.00850	0.01274	0.01274	0.01416	0.00991	0.00991	0.01416	0.01274	0.01841	0.02124	0.03115	0.01982	0.05947	0.68989	0.01274	0.02124	0.00850	0.00425	0.00708
40	0.02548	0.01858	0.02001	0.01584	0.02060	0.02036	0.01250	0.48673	0.03084	0.04131	0.02053	0.02726	0.01733	0.18771	0.01605	0.00371	0.00847	0.00824	0.00715	0.01131
41	0.01590	0.04102	0.68023	0.02260	0.03432	0.01842	0.02930	0.02511	0.01674	0.02511	0.01423	0.01674	0.01005	0.00753	0.00753	0.00251	0.01172	0.00586	0.00335	0.01172
42	0.01592	0.01464	0.02170	0.30589	0.03436	0.04502	0.06425	0.02004	0.01558	0.02183	0.01600	0.02227	0.01306	0.01440	0.08375	0.00365	0.12090	0.00720	0.11021	0.04931
43	0.01498	0.01409	0.02378	0.70226	0.05462	0.01762	0.02202	0.02026	0.01586	0.02026	0.01409	0.02114	0.01057	0.00793	0.00793	0.00264	0.01057	0.00705	0.00352	0.00881
44	0.01760	0.01507	0.01774	0.01321	0.01945	0.01318	0.01066	0.06394	0.04229	0.02716	0.01479	0.01722	0.01222	0.00706	0.00799	0.00153	0.07177	0.00524	0.00494	0.61692
45	0.77733	0.01534	0.01166	0.01043	0.01534	0.01779	0.00859	0.02331	0.01350	0.03558	0.01104	0.01288	0.00859	0.00736	0.00491	0.00245	0.00613	0.00429	0.00491	0.00859
46	0.01937	0.01857	0.03172	0.08538	0.63718	0.01877	0.02421	0.02411	0.01793	0.02559	0.01487	0.01971	0.01245	0.00711	0.00785	0.00237	0.00949	0.00706	0.00390	0.01235
47	0.01963	0.01884	0.03219	0.04867	0.67185	0.01884	0.02434	0.02434	0.01806	0.02591	0.01492	0.01963	0.01256	0.00707	0.00785	0.00236	0.00942	0.00707	0.00393	0.01256
48	0.01603	0.01366	0.01601	0.01170	0.01835	0.01032	0.00927	0.01943	0.01637	0.02550	0.01588	0.05871	0.01420	0.00702	0.00613	0.00130	0.00580	0.00578	0.00486	0.72368
49	0.01440	0.01226	0.01317	0.01321	0.01589	0.05190	0.01052	0.02200	0.17179	0.02621	0.13350	0.10490	0.15892	0.01746	0.00946	0.00295	0.00619	0.19925	0.00751	0.00853
50	0.01200	0.01041	0.01810	0.01636	0.01869	0.00977	0.15352	0.01483	0.01647	0.02209	0.06140	0.49182	0.04361	0.02016	0.00997	0.00309	0.00675	0.05680	0.00664	0.00751
51	0.01963	0.01884	0.03219	0.04867	0.67185	0.01884	0.02434	0.02434	0.01806	0.02591	0.01492	0.01963	0.01256	0.00707	0.00785	0.00236	0.00942	0.00707	0.00393	0.01256
52	0.77733	0.01534	0.01166	0.01043	0.01534	0.01779	0.00859	0.02331	0.01350	0.03558	0.01104	0.01288	0.00859	0.00736	0.00491	0.00245	0.00613	0.00429	0.00491	0.00859
53	0.01769	0.01020	0.01050	0.00945	0.01214	0.01065	0.00735	0.13713	0.02054	0.03343	0.02458	0.02757	0.01903	0.00929	0.00600	0.00195	0.00465	0.00734	0.62200	0.00854
54	0.00950	0.00804	0.00821	0.00817	0.01079	0.00675	0.00612	0.01162	0.01837	0.02213	0.12019	0.07516	0.62833	0.01982	0.00937	0.00267	0.00400	0.01657	0.00746	0.00675
55	0.01701	0.03711	0.54080	0.02533	0.09413	0.04751	0.05147	0.02510	0.01701	0.02472	0.01413	0.01711	0.01038	0.00773	0.00833	0.00252	0.03848	0.00612	0.00346	0.01153
56	0.00966	0.00690	0.00920	0.01104	0.01150	0.00644	0.00736	0.01104	0.01518	0.02024	0.04371	0.71614	0.05245	0.02484	0.01012	0.00322	0.00460	0.02254	0.00736	0.00644
57	0.02857	0.02240	0.02203	0.01740	0.02306	0.09375	0.01415	0.51790	0.03366	0.04470	0.01899	0.01958	0.01381	0.00935	0.00761	0.00229	0.00882	0.00695	0.08255	0.01242
58	0.01714	0.01598	0.02491	0.41357	0.13751	0.01951	0.02075	0.05661	0.04154	0.02305	0.01452	0.02042	0.01153	0.00910	0.01127	0.00274	0.13901	0.00711	0.00400	0.00975
59	0.00937	0.00803	0.00803	0.00803	0.01071	0.00669	0.00602	0.01138	0.01807	0.02142	0.08033	0.07632	0.66863	0.02008	0.00937	0.00268	0.00402	0.01674	0.00736	0.00669
60	0.01945	0.01866	0.03186	0.07391	0.64801	0.01879	0.02425	0.02418	0.01797	0.02569	0.01488	0.01968	0.01248	0.00710	0.00785	0.00237	0.00947	0.00706	0.00391	0.01242
61	0.01456	0.00741	0.00748	0.00748	0.00920	0.00741	0.00549	0.01801	0.01628	0.02860	0.02581	0.03108	0.02090	0.05757	0.00791	0.00224	0.00397	0.00767	0.71372	0.00722
62	0.01299	0.00850	0.01117	0.01028	0.01246	0.00778	0.00778	0.01668	0.02246	0.07858	0.62154	0.05690	0.07082	0.01575	0.00925	0.00249	0.00396	0.01388	0.00881	0.00792
63	0.01590	0.04102	0.68023	0.02260	0.03432	0.01842	0.02930	0.02511	0.01674	0.02511	0.01423	0.01674	0.01005	0.00753	0.00753	0.00251	0.01172	0.00586	0.00335	0.01172
64	0.01190	0.00909	0.00973	0.00937	0.01230	0.00813	0.00718	0.01575	0.06895	0.05996	0.11236	0.06915	0.52013	0.01857	0.00924	0.00269	0.00444	0.03580	0.00765	0.00761
65	0.01122	0.00811	0.01060	0.00998	0.01185	0.00748	0.00748	0.01496	0.02245	0.03180	0.66766	0.05923	0.07482	0.01621	0.00935	0.00249	0.00374	0.01434	0.00873	0.00748
66	0.01540	0.01231	0.01555	0.30351	0.02955	0.05802	0.01319	0.01924	0.01617	0.02329	0.02042	0.04847	0.01731	0.07665	0.01011	0.00280	0.00774	0.00796	0.29448	0.00784
67	0.02650	0.02009	0.02142	0.01718	0.02280	0.02246	0.01394	0.44590	0.21389	0.04429	0.02312	0.02251	0.01685	0.00986	0.00787	0.00245	0.00781	0.00767	0.04043	0.01296
68	0.06985	0.49831	0.17335	0.01564	0.02320	0.06299	0.01666	0.02443	0.01642	0.02116	0.01177	0.01366	0.01005	0.00705	0.00570	0.00194	0.00932	0.00463	0.00352	0.01035
69	0.01438	0.00932	0.01153	0.01115	0.01351	0.00884	0.00856	0.05837	0.02057	0.08293	0.25387	0.18865	0.13844	0.01765	0.00922	0.00274	0.00492	0.07980	0.05750	0.00805
70	0.01914	0.01497	0.01739	0.01262	0.01953	0.01221	0.01017	0.09136	0.01916	0.06791	0.01569	0.01737	0.01242	0.00652	0.00623	0.00139	0.00625	0.00517	0.00537	0.63913
71	0.00937	0.00803	0.00803	0.00803	0.01071	0.00669	0.00602	0.01138	0.01807	0.02142	0.08033	0.07632	0.66863	0.02008	0.00937	0.00268	0.00402	0.01674	0.00736	0.00669
72	0.01644	0.01409	0.01644	0.01175	0.01879	0.01057	0.00940	0.01997	0.01644	0.02584	0.01409	0.01644	0.01175	0.00587	0.00587	0.00117	0.00587	0.00470	0.00470	0.76979
73	0.01478	0.00739	0.00739	0.00739	0.00924	0.00739	0.00554	0.01848	0.01663	0.02956	0.02587	0.02956	0.02033	0.00924	0.00554	0.00185	0.00370	0.00739	0.76534	0.00739
74	0.02423	0.12234	0.10668	0.02396	0.12962	0.22703	0.04207	0.15377	0.02297	0.02762	0.01660	0.01858	0.03354	0.00835	0.00735	0.00222	0.01090	0.00637	0.00478	0.01103
75	0.01258	0.01027	0.01256	0.01242	0.01373	0.05439	0.00923	0.01478	0.01314	0.01786	0.02141	0.03425	0.02102	0.19045	0.51289	0.01101	0.01803	0.00889	0.00435	0.00676
76	0.01963	0.01884	0.03219	0.04867	0.67185	0.01884	0.02434	0.02434	0.01806	0.02591	0.01492	0.01963	0.01256	0.00707	0.00785	0.00236	0.00942	0.00707	0.00393	0.01256
77	0.01134	0.00844	0.01247	0.01247	0.01379	0.00976	0.00957	0.01398	0.01266	0.01820	0.02149	0.03256	0.02044	0.10439	0.64581	0.01240	0.02032	0.00870	0.00429	0.00693
78	0.01644	0.01409	0.01644	0.01175	0.01879	0.01057	0.00940	0.01997	0.01644	0.02584	0.01409	0.01644	0.01175	0.00587	0.00587	0.00117	0.00587	0.00470	0.00470	0.76979
79	0.01153	0.00769	0.00865	0.00865	0.00865	0.00769	0.00480	0.01153	0.01153	0.01538	0.02499	0.05189	0.02883	0.72131	0.04036	0.00769	0.00769	0.01153	0.00480	0.00480
80	0.01823	0.02061	0.04478	0.03222	0.03984	0.01932	0.60901	0.02463	0.01853	0.02512	0.01752	0.05859	0.01420	0.00766	0.00940	0.00270	0.01290	0.01006	0.00419	0.01047
81	0.01071	0.00809	0.00988	0.00943	0.01153	0.00726	0.00707	0.01396	0.02122	0.02890	0.50353	0.06401	0.24076	0.01729	0.00936	0.00255	0.00382	0.01501	0.00835	0.00726
82	0.01213	0.00802	0.00966	0.00938	0.01037	0.00766	0.00612	0.01365	0.01604	0.04562	0.24395	0.08575	0.07122	0.39719	0.02608	0.00534	0.00603	0.01308	0.00653	0.00618
83	0.01575	0.01500	0.02123	0.01868	0.01905	0.02048	0.01538	0.01778	0.01230	0.01890	0.01328	0.02101	0.01291	0.02597	0.20205	0.00593	0.52502	0.00735	0.00368	0.00825
84	0.06375	0.63736	0.06337	0.01396	0.02074	0.05205	0.01394	0.02404	0.01620	0.01988	0.01119	0.01293	0.01008	0.00689	0.00524	0.00178	0.00866	0.00433	0.00350	0.01011
85	0.02981	0.03233	0.02294	0.01966	0.02454	0.45634	0.01523	0.24687	0.02767	0.03013	0.01464	0.01596	0.01136	0.00864	0.00742	0.00216	0.01235	0.00582	0.00543	0.01070
86	0.01297	0.01091	0.01589	0.01495	0.01598	0.01383	0.01194	0.01550	0.01258	0.01859	0.01829	0.02739	0.01726	0.04704	0.50881	0.01021	0.20824	0.00807	0.00404	0.00752
87	0.01158	0.00834	0.01195	0.01195	0.01323	0.00950	0.00907	0.01415	0.01286	0.01880	0.02195	0.03332	0.02084	0.12880	0.57400	0.01148	0.01861	0.00876	0.05395	0.00685
88	0.00966	0.00690	0.00920	0.01104	0.01150	0.00644	0.00736	0.01104	0.01518	0.02024	0.04371	0.71614	0.05245	0.02484	0.01012	0.00322	0.00460	0.02254	0.00736	0.00644
89	0.01133	0.00850	0.01274	0.01274	0.01416	0.00991	0.00991	0.01416	0.01274	0.01841	0.02124	0.03115	0.01982	0.05947	0.68989	0.01274	0.02124	0.00850	0.00425	0.00708
90	0.01025	0.00814	0.00925	0.00919	0.01154	0.00715	0.00704	0.01295	0.01950	0.02497	0.26731	0.07185	0.42620	0.01898	0.00949	0.00270	0.00419	0.06451	0.00780	0.00700
91	0.01153	0.00769	0.00865	0.00865	0.00865	0.00769	0.00480	0.01153	0.01153	0.01538	0.02499	0.05189	0.02883	0.72131	0.04036	0.00769	0.00769	0.01153	0.00480	0.00480
92	0.03558	0.01350	0.01840	0.01411	0.02024	0.01166	0.01166	0.03865	0.02270	0.67734	0.03128	0.02699	0.01963	0.00981	0.00797	0.00245	0.00675	0.00797	0.00981	0.01350
93	0.01644	0.01409	0.01644	0.01175	0.01879	0.01057	0.00940	0.01997	0.01644	0.02584	0.01409	0.01644	0.01175	0.00587	0.00587	0.00117	0.00587	0.00470	0.00470	0.76979
94	0.02120	0.72609	0.04155	0.01357	0.02035	0.03138	0.01357	0.02374	0.01611	0.01866	0.01102	0.01272	0.01018	0.00678	0.00509	0.00170	0.00848	0.00424	0.00339	0.01018
95	0.02897	0.03656	0.02311	0.02227	0.06674	0.64574	0.01591	0.03119	0.02218	0.01983	0.01243	0.01465	0.01037	0.00810	0.00720	0.00206	0.01398	0.00523	0.00408	0.00941
96	0.02120	0.60533	0.10929	0.01501	0.02215	0.07464	0.01539	0.02443	0.01661	0.01941	0.01145	0.01326	0.01016	0.00696	0.00549	0.00181	0.00923	0.00447	0.00343	0.01028
97	0.01651	0.00983	0.00939	0.00889	0.01120	0.03470	0.00677	0.06067	0.03985	0.03063	0.02513	0.02830	0.01963	0.00927	0.00585	0.00192	0.00451	0.00734	0.66158	0.00803
98	0.01498	0.01409	0.02378	0.70226	0.05462	0.01762	0.02202	0.02026	0.01586	0.02026	0.01409	0.02114	0.01057	0.00793	0.00793	0.00264	0.01057	0.00705	0.00352	0.00881
99	0.01481	0.01483	0.02881	0.02275	0.02693	0.01446	0.32104	0.01886	0.01671	0.02266	0.02717	0.28007	0.02868	0.04060	0.01192	0.00315	0.05493	0.03762	0.00536	0.00865
100	0.01646	0.01584	0.02757	0.48422	0.21677	0.01811	0.06478	0.02169	0.01663	0.02210	0.01444	0.02076	0.01120	0.00762	0.00800	0.00257	0.01046	0.00721	0.00366	0.00993
101	0.01377	0.00689	0.01033	0.01033	0.01033	0.00689	0.00689	0.01033	0.01033	0.01377	0.01377	0.02410	0.01377	0.02755	0.03099	0.76928	0.00689	0.00689	0.00344	0.00344
102	0.01122	0.00811	0.01060	0.00998	0.01185	0.00748	0.00748	0.01496	0.02245	0.03180	0.66766	0.05923	0.07482	0.01621	0.00935	0.00249	0.00374	0.01434	0.00873	0.00748
103	0.01746	0.01637	0.02712	0.43163	0.15596	0.01867	0.08282	0.06374	0.06147	0.02456	0.01599	0.02134	0.01218	0.00795	0.00807	0.00258	0.01024	0.00742	0.00424	0.01020
104	0.03462	0.01371	0.01837	0.01423	0.02027	0.01214	0.01171	0.03886	0.06105	0.63843	0.03134	0.02715	0.01991	0.00987	0.00798	0.00247	0.00672	0.00803	0.00971	0.01344
105	0.00966	0.00690	0.00920	0.01104	0.01150	0.00644	0.00736	0.01104	0.01518	0.02024	0.04371	0.71614	0.05245	0.02484	0.01012	0.00322	0.00460	0.02254	0.00736	0.00644
106	0.01963	0.01884	0.03219	0.04867	0.67185	0.01884	0.02434	0.02434	0.01806	0.02591	0.01492	0.01963	0.01256	0.00707	0.00785	0.00236	0.00942	0.00707	0.00393	0.01256
107	0.01645	0.11176	0.61427	0.02167	0.03288	0.01975	0.02767	0.02497	0.01668	0.02445	0.01390	0.01633	0.01006	0.00746	0.00728	0.00243	0.01138	0.00569	0.00335	0.01156
108	0.05326	0.03605	0.55772	0.06243	0.03356	0.01781	0.02651	0.02578	0.01700	0.07591	0.01540	0.01762	0.01075	0.00773	0.00747	0.00251	0.01100	0.00602	0.00393	0.01153
109	0.01930	0.01667	0.01753	0.01581	0.02021	0.01919	0.01228	0.04088	0.63135	0.03269	0.03424	0.03150	0.05059	0.01114	0.00812	0.00269	0.00618	0.00928	0.00804	0.01231
110	0.01895	0.01866	0.03333	0.12264	0.50821	0.01887	0.11406	0.02402	0.01790	0.02518	0.01498	0.02006	0.01225	0.00711	0.00808	0.00244	0.01013	0.00740	0.00389	0.01185
111	0.05190	0.05257	0.02109	0.01761	0.02007	0.22897	0.01411	0.06094	0.01777	0.02315	0.01416	0.01838	0.01222	0.01237	0.04001	0.00297	0.26485	0.00628	0.11164	0.00895
112	0.02962	0.03779	0.02247	0.02043	0.02451	0.68948	0.01532	0.03166	0.02247	0.01941	0.01226	0.01430	0.01021	0.00817	0.00715	0.00204	0.01430	0.00511	0.00409	0.00919
113	0.02521	0.10180	0.04951	0.02071	0.07545	0.35476	0.01557	0.09474	0.09109	0.02559	0.05804	0.01973	0.01646	0.00886	0.00733	0.00218	0.01107	0.00644	0.00511	0.01037
114	0.01034	0.00759	0.00979	0.01139	0.01212	0.00734	0.00771	0.01315	0.05878	0.02112	0.04293	0.66954	0.05053	0.02389	0.00998	0.00318	0.00471	0.02162	0.00741	0.00686
115	0.01670	0.01016	0.01276	0.01120	0.01390	0.00971	0.00849	0.07574	0.02252	0.12981	0.43406	0.04977	0.05527	0.09958	0.01275	0.00310	0.00513	0.01238	0.00835	0.00862
116	0.01828	0.01592	0.07591	0.01480	0.01940	0.01400	0.01263	0.05035	0.10224	0.10426	0.04593	0.16278	0.02442	0.01249	0.01016	0.00245	0.09441	0.01008	0.00629	0.20322
117	0.01930	0.01831	0.02780	0.03951	0.48808	0.04473	0.02115	0.02617	0.10409	0.02639	0.02005	0.02826	0.01759	0.00920	0.00819	0.00253	0.00897	0.07299	0.00485	0.01186
118	0.01136	0.00838	0.01216	0.01216	0.01338	0.00960	0.00919	0.01379	0.01257	0.01798	0.02177	0.03409	0.02110	0.15316	0.59795	0.01203	0.01932	0.00893	0.00433	0.00676
119	0.01735	0.01735	0.02429	0.02082	0.02082	0.02429	0.01735	0.01908	0.01214	0.01908	0.01041	0.01735	0.01041	0.01388	0.02602	0.00347	0.70680	0.00694	0.00347	0.00867
120	0.01668	0.01431	0.01655	0.01206	0.01892	0.01123	0.00962	0.02157	0.06283	0.02637	0.01541	0.01739	0.01265	0.00623	0.00603	0.00128	0.00590	0.00501	0.00494	0.71500
121	0.02632	0.25689	0.02994	0.01897	0.02414	0.44152	0.05001	0.02878	0.02023	0.01950	0.01208	0.01419	0.01030	0.00764	0.00662	0.00197	0.01239	0.00507	0.00386	0.00959
122	0.01160	0.00781	0.00903	0.00912	0.00935	0.00777	0.00549	0.01205	0.01257	0.01682	0.06055	0.05484	0.03243	0.63609	0.03671	0.00714	0.00745	0.05287	0.00518	0.00512
123	0.01377	0.00689	0.01033	0.01033	0.01033	0.00689	0.00689	0.01033	0.01033	0.01377	0.01377	0.02410	0.01377	0.02755	0.03099	0.76928	0.00689	0.00689	0.00344	0.00344
124	0.16532	0.01039	0.01236	0.01287	0.01556	0.01064	0.01087	0.01861	0.01794	0.06627	0.10692	0.08735	0.06241	0.01768	0.00931	0.00316	0.00643	0.35084	0.00714	0.00790
125	0.02008	0.48211	0.24249	0.01644	0.02476	0.02652	0.01847	0.02475	0.01657	0.04610	0.01282	0.01454	0.01050	0.00714	0.00597	0.00198	0.00944	0.00490	0.00363	0.01079
126	0.74530	0.01563	0.01218	0.01076	0.01573	0.01808	0.00887	0.04997	0.01451	0.03620	0.01138	0.01315	0.00880	0.00745	0.00504	0.00245	0.00625	0.00442	0.00504	0.00880
127	0.01938	0.01908	0.03018	0.16094	0.52797	0.05629	0.02343	0.02404	0.01792	0.02456	0.01462	0.01959	0.01208	0.00728	0.00782	0.00239	0.00990	0.00695	0.00386	0.01172
128	0.01377	0.00689	0.01033	0.01033	0.01033	0.00689	0.00689	0.01033	0.01033	0.01377	0.01377	0.02410	0.01377	0.02755	0.03099	0.76928	0.00689	0.00689	0.00344	0.00344
129	0.01556	0.01467	0.02448	0.52282	0.17845	0.01716	0.02145	0.02052	0.01645	0.02150	0.01858	0.02443	0.05390	0.00854	0.00801	0.00259	0.00991	0.00768	0.00386	0.00944
130	0.01478	0.00739	0.00739	0.00739	0.00924	0.00739	0.00554	0.01848	0.01663	0.02956	0.02587	0.02956	0.02033	0.00924	0.00554	0.00185	0.00370	0.00739	0.76534	0.00739
131	0.01478	0.00739	0.00739	0.00739	0.00924	0.00739	0.00554	0.01848	0.01663	0.02956	0.02587	0.02956	0.02033	0.00924	0.00554	0.00185	0.00370	0.00739	0.76534	0.00739
132	0.05131	0.01977	0.03595	0.02693	0.03275	0.04612	0.40188	0.06372	0.01857	0.02578	0.01751	0.07413	0.01511	0.01112	0.03531	0.00312	0.09687	0.00952	0.00451	0.01002
133	0.01811	0.02021	0.04297	0.05836	0.03950	0.01946	0.55735	0.02437	0.01852	0.02527	0.05062	0.02323	0.01527	0.00755	0.01002	0.00270	0.04249	0.00943	0.00422	0.01036
134	0.02233	0.01965	0.01895	0.01683	0.02119	0.11209	0.01321	0.07234	0.44085	0.07327	0.02826	0.02880	0.02175	0.01087	0.00874	0.00264	0.03465	0.03433	0.00741	0.01182
135	0.05922	0.11068	0.57639	0.02098	0.03181	0.01973	0.02650	0.02487	0.01649	0.02503	0.01372	0.01611	0.00998	0.00745	0.00713	0.00242	0.01107	0.00560	0.00344	0.01138
136	0.01963	0.01884	0.03219	0.04867	0.67185	0.01884	0.02434	0.02434	0.01806	0.02591	0.01492	0.01963	0.01256	0.00707	0.00785	0.00236	0.00942	0.00707	0.00393	0.01256
137	0.01038	0.00725	0.00962	0.01136	0.01209	0.00688	0.00804	0.01221	0.01570	0.02124	0.04250	0.58967	0.04975	0.02359	0.01000	0.00321	0.00494	0.10704	0.04794	0.00662
138	0.03558	0.01350	0.01840	0.01411	0.02024	0.01166	0.01166	0.03865	0.02270	0.67734	0.03128	0.02699	0.01963	0.00981	0.00797	0.00245	0.00675	0.00797	0.00981	0.01350
139	0.02221	0.01561	0.01795	0.08884	0.02330	0.05111	0.01288	0.07008	0.21676	0.17328	0.02844	0.10142	0.02345	0.01174	0.00817	0.00256	0.00727	0.04353	0.00735	0.07406
140	0.77733	0.01534	0.01166	0.01043	0.01534	0.01779	0.00859	0.02331	0.01350	0.03558	0.01104	0.01288	0.00859	0.00736	0.00491	0.00245	0.00613	0.00429	0.00491	0.00859
141	0.01478	0.00739	0.00739	0.00739	0.00924	0.00739	0.00554	0.01848	0.01663	0.02956	0.02587	0.02956	0.02033	0.00924	0.00554	0.00185	0.00370	0.00739	0.76534	0.00739
142	0.01942	0.01803	0.02486	0.02003	0.02348	0.04172	0.12036	0.14518	0.06368	0.02832	0.06500	0.02817	0.08721	0.01222	0.01492	0.00287	0.26002	0.00900	0.00554	0.00996
143	0.01388	0.05154	0.30303	0.01571	0.02246	0.01333	0.01727	0.01965	0.01841	0.02638	0.21959	0.08215	0.07524	0.01202	0.00815	0.00242	0.00766	0.01014	0.00565	0.07533

[dist]
# distance from previous block
# <min> <max>
4	9

[block]
# block no. 1 follows, 24 sequences, length 8
# corresponding to MSA columns:
# 170-177
name=unknown_B
#
# <colnr> <probs for GDERKNQSTAVLIFYWHMCP>
#	G	D	E	R	K	N	Q	S	T	A	V	L	I	F	Y	W	H	M	C	P
0	0.01963	0.01884	0.03219	0.04867	0.67185	0.01884	0.02434	0.02434	0.01806	0.02591	0.01492	0.01963	0.01256	0.00707	0.00785	0.00236	0.00942	0.00707	0.00393	0.01256
1	0.01630	0.01352	0.01567	0.01137	0.01798	0.01030	0.00907	0.01984	0.01646	0.02616	0.01510	0.01756	0.01248	0.00616	0.00584	0.00123	0.00569	0.00493	0.06943	0.70491
2	0.01089	0.00821	0.01052	0.01117	0.01283	0.00719	0.00773	0.01266	0.01541	0.02126	0.03833	0.58901	0.04505	0.02140	0.00935	0.00285	0.00483	0.01930	0.00688	0.14514
3	0.01578	0.01319	0.01578	0.01226	0.01836	0.01031	0.01001	0.01932	0.01677	0.02546	0.01916	0.02971	0.01790	0.00879	0.00680	0.00162	0.00613	0.11622	0.00517	0.63125
4	0.01768	0.06881	0.08949	0.01828	0.02566	0.01556	0.15926	0.05454	0.01802	0.02618	0.01591	0.04827	0.01342	0.00731	0.00708	0.00184	0.00846	0.00678	0.00460	0.39284
5	0.01649	0.01591	0.01428	0.01402	0.01670	0.13485	0.01031	0.02483	0.22350	0.02440	0.03882	0.28901	0.11153	0.01670	0.00883	0.00277	0.00683	0.01429	0.00699	0.00894
6	0.01644	0.01409	0.01644	0.01175	0.01879	0.01057	0.00940	0.01997	0.01644	0.02584	0.01409	0.01644	0.01175	0.00587	0.00587	0.00117	0.00587	0.00470	0.00470	0.76979
7	0.01946	0.40893	0.20768	0.01558	0.02305	0.02371	0.01692	0.02397	0.01748	0.06355	0.09398	0.02042	0.01869	0.00834	0.00645	0.00206	0.00866	0.00615	0.00444	0.01047

[dist]
# distance from previous block
# <min> <max>
6	9

[block]
# block no. 2 follows, 24 sequences, length 130
# corresponding to MSA columns:
# 187-316
name=unknown_C
#
# <colnr> <probs for GDERKNQSTAVLIFYWHMCP>
#	G	D	E	R	K	N	Q	S	T	A	V	L	I	F	Y	W	H	M	C	P
0	0.26742	0.12270	0.15746	0.05743	0.05075	0.01915	0.03584	0.05915	0.01731	0.05169	0.04640	0.01862	0.01399	0.00805	0.00645	0.00234	0.00820	0.00598	0.04103	0.01005
1	0.01735	0.06682	0.25793	0.02600	0.05084	0.01930	0.26777	0.02467	0.04131	0.02476	0.01781	0.02560	0.01471	0.00889	0.00937	0.00268	0.04575	0.06353	0.00417	0.01073
2	0.01565	0.01478	0.02537	0.42499	0.11147	0.01680	0.09363	0.02149	0.04720	0.02236	0.01926	0.06803	0.01689	0.00994	0.00847	0.00273	0.00996	0.05725	0.00437	0.00935
3	0.01182	0.00914	0.01151	0.01232	0.03316	0.00877	0.00919	0.01624	0.06620	0.02608	0.24829	0.15317	0.19370	0.01880	0.00967	0.00290	0.00506	0.14859	0.00773	0.00765
4	0.01115	0.00805	0.01053	0.01003	0.01183	0.00743	0.00748	0.01478	0.02210	0.03125	0.63789	0.09058	0.07375	0.01662	0.00939	0.00253	0.00378	0.01473	0.00866	0.00743
5	0.01130	0.00887	0.01017	0.00971	0.01204	0.00831	0.00724	0.01588	0.07841	0.02702	0.34682	0.06280	0.29942	0.05394	0.01086	0.00285	0.00429	0.01464	0.00793	0.00750
6	0.03558	0.01350	0.01840	0.01411	0.02024	0.01166	0.01166	0.03865	0.02270	0.67734	0.03128	0.02699	0.01963	0.00981	0.00797	0.00245	0.00675	0.00797	0.00981	0.01350
7	0.00985	0.00721	0.00928	0.01074	0.01162	0.00665	0.00742	0.01154	0.01612	0.02123	0.08535	0.56793	0.13362	0.02359	0.01001	0.00312	0.00459	0.04613	0.00744	0.00657
8	0.01827	0.01966	0.03886	0.09973	0.13386	0.02029	0.39251	0.02376	0.01732	0.02399	0.01481	0.02048	0.01172	0.00798	0.01157	0.00275	0.11971	0.00841	0.00387	0.01048
9	0.02373	0.45642	0.07179	0.01627	0.02254	0.21857	0.01504	0.05575	0.01898	0.02074	0.01194	0.01370	0.01034	0.00735	0.00595	0.00187	0.01034	0.00472	0.00380	0.01014
10	0.01163	0.00839	0.01110	0.01099	0.01166	0.00929	0.00763	0.01302	0.01212	0.01693	0.02273	0.04095	0.02396	0.38526	0.34653	0.00993	0.03741	0.00995	0.00450	0.00601
11	0.01857	0.01550	0.01715	0.01711	0.08220	0.05016	0.01199	0.11401	0.21226	0.05002	0.16298	0.04067	0.14835	0.01284	0.00847	0.00253	0.00645	0.01078	0.00749	0.01046
12	0.01644	0.01409	0.01644	0.01175	0.01879	0.01057	0.00940	0.01997	0.01644	0.02584	0.01409	0.01644	0.01175	0.00587	0.00587	0.00117	0.00587	0.00470	0.00470	0.76979
13	0.01835	0.01509	0.02510	0.02100	0.05640	0.01493	0.20212	0.05915	0.07838	0.09285	0.11667	0.08289	0.05965	0.04711	0.01118	0.00297	0.03170	0.04809	0.00645	0.00991
14	0.34660	0.02297	0.21528	0.17111	0.03095	0.01803	0.04423	0.02325	0.01521	0.02858	0.01289	0.01625	0.00961	0.00751	0.00656	0.00252	0.00910	0.00559	0.00409	0.00966
15	0.02025	0.43259	0.12411	0.01641	0.04662	0.05980	0.01567	0.02371	0.01690	0.05154	0.01898	0.02037	0.07110	0.00869	0.00722	0.00207	0.04357	0.00608	0.00412	0.01020
16	0.08979	0.23430	0.02940	0.05141	0.02493	0.06362	0.11047	0.04872	0.18715	0.02630	0.01928	0.04856	0.01592	0.00886	0.00709	0.00233	0.00874	0.00734	0.00523	0.01056
17	0.02066	0.65667	0.10626	0.01448	0.02177	0.03006	0.01516	0.02388	0.01618	0.01931	0.01135	0.01313	0.01016	0.00686	0.00534	0.00178	0.00881	0.00440	0.00339	0.01033
18	0.00962	0.00708	0.00902	0.01057	0.01138	0.00648	0.00715	0.01109	0.01563	0.02043	0.04941	0.61658	0.14832	0.02410	0.01000	0.00314	0.00451	0.02164	0.00736	0.00648
19	0.01916	0.01434	0.01910	0.01391	0.02055	0.01145	0.06760	0.02273	0.01730	0.11948	0.01733	0.02027	0.01380	0.04377	0.00829	0.00184	0.00678	0.00596	0.00538	0.55096
20	0.00963	0.00700	0.00909	0.01077	0.01143	0.00646	0.00724	0.01107	0.01545	0.02035	0.04707	0.65746	0.10896	0.02441	0.01005	0.00317	0.00455	0.02201	0.00736	0.00646
21	0.01764	0.01987	0.07051	0.02784	0.08883	0.02097	0.25883	0.02205	0.01551	0.02244	0.01385	0.01989	0.01177	0.01282	0.05620	0.00356	0.29584	0.00791	0.00376	0.00989
22	0.01935	0.01856	0.03169	0.08738	0.63530	0.01877	0.02420	0.02410	0.01793	0.02557	0.01487	0.01972	0.01244	0.00712	0.00786	0.00237	0.00949	0.00706	0.00390	0.01234
23	0.06402	0.57622	0.03597	0.01372	0.01972	0.06752	0.01304	0.02327	0.01602	0.01965	0.01207	0.01458	0.01101	0.01193	0.07052	0.00281	0.00991	0.00470	0.00360	0.00973
24	0.01744	0.02873	0.29929	0.04828	0.06882	0.01951	0.31174	0.02472	0.01743	0.02480	0.01488	0.01919	0.01112	0.00749	0.00946	0.00264	0.05210	0.00763	0.00369	0.01103
25	0.01736	0.03694	0.56673	0.02489	0.09228	0.01815	0.04692	0.02576	0.01723	0.05916	0.01524	0.01768	0.01084	0.00758	0.00764	0.00250	0.01130	0.00619	0.00376	0.01186
26	0.01134	0.00846	0.01257	0.01257	0.01393	0.00982	0.00970	0.01405	0.01269	0.01828	0.02140	0.03202	0.02020	0.08704	0.66283	0.01253	0.02068	0.00862	0.00427	0.00699
27	0.01153	0.00945	0.01125	0.05064	0.03692	0.00919	0.00846	0.01575	0.08204	0.02289	0.11358	0.16487	0.32544	0.08756	0.01228	0.00323	0.00523	0.01525	0.00697	0.00746
28	0.01021	0.00740	0.00965	0.01050	0.01159	0.00683	0.00734	0.01248	0.01797	0.02450	0.27229	0.44553	0.09128	0.02147	0.00980	0.00293	0.00426	0.01927	0.00786	0.00683
29	0.01096	0.00911	0.00973	0.00959	0.01221	0.00846	0.00717	0.01578	0.10163	0.02406	0.13962	0.12690	0.45850	0.01885	0.00927	0.00271	0.00433	0.01598	0.00762	0.00753
30	0.02410	0.43282	0.03424	0.01831	0.06715	0.22436	0.01492	0.06226	0.01936	0.02120	0.01212	0.01403	0.01055	0.00737	0.00605	0.00188	0.01028	0.00486	0.00390	0.01024
31	0.02580	0.08526	0.02529	0.01940	0.06055	0.04280	0.05161	0.39112	0.08423	0.04012	0.01942	0.02031	0.01446	0.00900	0.00753	0.00230	0.00854	0.00712	0.07291	0.01222
32	0.03014	0.02221	0.02380	0.01825	0.02459	0.02459	0.01507	0.64541	0.03728	0.04998	0.01904	0.01904	0.01349	0.00952	0.00793	0.00238	0.00873	0.00714	0.00793	0.01349
33	0.01889	0.19738	0.14404	0.04274	0.02591	0.06229	0.06459	0.02371	0.04873	0.02129	0.01301	0.01699	0.01112	0.00981	0.01379	0.00266	0.26306	0.00627	0.00375	0.00996
34	0.01834	0.01423	0.01647	0.01322	0.01827	0.01328	0.01042	0.14730	0.04484	0.05110	0.05567	0.12912	0.05952	0.01137	0.00813	0.00205	0.02949	0.00939	0.00636	0.34144
35	0.02160	0.24139	0.10994	0.01837	0.05619	0.21960	0.01584	0.05422	0.01924	0.02227	0.04777	0.02029	0.03445	0.01323	0.07066	0.00307	0.01150	0.00626	0.00430	0.00983
36	0.01388	0.00755	0.01156	0.07379	0.01439	0.00787	0.00828	0.01124	0.01084	0.01437	0.01380	0.02383	0.01348	0.02575	0.02888	0.69898	0.00722	0.00690	0.00345	0.00394
37	0.01377	0.00689	0.01033	0.01033	0.01033	0.00689	0.00689	0.01033	0.01033	0.01377	0.01377	0.02410	0.01377	0.02755	0.03099	0.76928	0.00689	0.00689	0.00344	0.00344
38	0.02025	0.01508	0.01609	0.01465	0.01857	0.04809	0.01143	0.05627	0.32287	0.12477	0.03719	0.12056	0.08713	0.01386	0.00859	0.00275	0.00650	0.05655	0.00792	0.01088
39	0.01116	0.00810	0.01051	0.00991	0.01181	0.00746	0.00743	0.01484	0.02230	0.03145	0.64807	0.05980	0.09463	0.01634	0.00935	0.00250	0.00375	0.01442	0.00868	0.00746
40	0.01773	0.02095	0.08374	0.18385	0.07534	0.01933	0.43105	0.02417	0.01791	0.02425	0.01543	0.02093	0.01160	0.00704	0.00884	0.00264	0.01243	0.00849	0.00385	0.01043
41	0.02168	0.68671	0.04046	0.01396	0.02059	0.06903	0.01367	0.02420	0.01648	0.01870	0.01109	0.01281	0.01018	0.00686	0.00521	0.00172	0.00881	0.00429	0.00343	0.01012
42	0.05898	0.15116	0.09913	0.05414	0.21914	0.06551	0.01796	0.05976	0.05618	0.02572	0.01798	0.08215	0.01605	0.00925	0.00726	0.00233	0.00885	0.00768	0.03000	0.01075
43	0.02050	0.16418	0.08792	0.16203	0.06921	0.15573	0.05659	0.05583	0.05603	0.02319	0.01666	0.04754	0.01430	0.00895	0.00745	0.00235	0.01043	0.02664	0.00440	0.01007
44	0.75119	0.01529	0.01207	0.03415	0.01668	0.01778	0.00905	0.02321	0.01358	0.03505	0.01115	0.01317	0.00866	0.00738	0.00501	0.00246	0.00629	0.00439	0.00486	0.00860
45	0.02533	0.11206	0.02788	0.04698	0.15446	0.40765	0.04710	0.02827	0.02017	0.02092	0.01283	0.01581	0.01078	0.00788	0.00772	0.00215	0.03235	0.00571	0.00393	0.01002
46	0.01745	0.04869	0.01867	0.03894	0.03739	0.01518	0.04860	0.04647	0.25030	0.06765	0.24401	0.03941	0.06914	0.01231	0.00847	0.00254	0.00618	0.01070	0.00761	0.01030
47	0.77733	0.01534	0.01166	0.01043	0.01534	0.01779	0.00859	0.02331	0.01350	0.03558	0.01104	0.01288	0.00859	0.00736	0.00491	0.00245	0.00613	0.00429	0.00491	0.00859
48	0.01351	0.01022	0.01135	0.01134	0.01250	0.03165	0.00777	0.04689	0.07008	0.02054	0.02954	0.16937	0.03225	0.37617	0.06535	0.00595	0.00804	0.06492	0.00586	0.00669
49	0.01111	0.00810	0.01045	0.00986	0.01178	0.00744	0.00740	0.01475	0.02219	0.03118	0.63288	0.06025	0.10999	0.01644	0.00935	0.00250	0.00376	0.01448	0.00865	0.00744
50	0.01644	0.01409	0.01644	0.01175	0.01879	0.01057	0.00940	0.01997	0.01644	0.02584	0.01409	0.01644	0.01175	0.00587	0.00587	0.00117	0.00587	0.00470	0.00470	0.76979
51	0.02375	0.01693	0.01918	0.10838	0.02436	0.01880	0.01334	0.38369	0.02855	0.04018	0.02029	0.02229	0.01501	0.00922	0.00726	0.00227	0.00756	0.00720	0.22061	0.01113
52	0.01930	0.01519	0.01555	0.01401	0.01800	0.05011	0.01093	0.06763	0.32705	0.08617	0.04051	0.06567	0.15397	0.01319	0.00832	0.00263	0.00627	0.03092	0.04391	0.01068
53	0.01164	0.00886	0.01295	0.01278	0.01401	0.01043	0.00983	0.01417	0.01261	0.01818	0.02103	0.03229	0.02015	0.11509	0.60041	0.01185	0.05382	0.00868	0.00426	0.00696
54	0.01065	0.00802	0.00984	0.00951	0.01153	0.00722	0.00709	0.01380	0.02090	0.02843	0.47864	0.09799	0.23192	0.01769	0.00940	0.00258	0.00386	0.01541	0.00829	0.00722
55	0.02865	0.01350	0.01754	0.01502	0.04329	0.01262	0.01158	0.03503	0.12902	0.44971	0.08911	0.03288	0.06337	0.01104	0.00819	0.00251	0.00634	0.00918	0.00906	0.01238
56	0.08523	0.03558	0.55621	0.02024	0.03044	0.01731	0.02531	0.02388	0.01683	0.02634	0.05490	0.02095	0.03633	0.00846	0.00746	0.00251	0.01047	0.00659	0.00395	0.01101
57	0.01893	0.01811	0.03065	0.07390	0.61358	0.01819	0.02334	0.02353	0.01797	0.02545	0.01810	0.02248	0.04479	0.00774	0.00793	0.00238	0.00920	0.00754	0.00408	0.01212
58	0.02245	0.01766	0.01773	0.01493	0.01908	0.07444	0.01156	0.29222	0.07869	0.05195	0.02669	0.11174	0.05313	0.10431	0.01228	0.00312	0.00781	0.00997	0.03155	0.03871
59	0.26091	0.01691	0.07538	0.01294	0.01827	0.01567	0.01147	0.13227	0.04081	0.09614	0.04583	0.02283	0.03577	0.00904	0.00654	0.00229	0.00659	0.00673	0.12848	0.05511
60	0.06840	0.09390	0.09401	0.02060	0.06421	0.36568	0.01649	0.06081	0.09769	0.02444	0.01520	0.01674	0.01209	0.00824	0.00707	0.00220	0.01150	0.00575	0.00465	0.01034
61	0.07339	0.08293	0.02344	0.01894	0.02369	0.47956	0.01475	0.14411	0.02422	0.02596	0.01335	0.01498	0.01072	0.00827	0.00701	0.00210	0.01237	0.00537	0.00480	0.01002
62	0.01071	0.00767	0.00856	0.00881	0.00958	0.00726	0.00547	0.01143	0.01376	0.01764	0.04222	0.14787	0.20206	0.44111	0.02805	0.00575	0.00630	0.01440	0.00583	0.00553
63	0.01850	0.10277	0.47590	0.02148	0.03156	0.02058	0.05726	0.10329	0.04605	0.02795	0.01537	0.01742	0.01118	0.00780	0.00746	0.00243	0.01089	0.00617	0.00416	0.01177
64	0.01590	0.01527	0.02560	0.46085	0.15314	0.01806	0.05083	0.02066	0.01611	0.02140	0.01713	0.02316	0.04233	0.00888	0.00980	0.00268	0.07737	0.00761	0.00379	0.00942
65	0.01184	0.00839	0.01026	0.01005	0.01028	0.00904	0.00640	0.01242	0.01177	0.01610	0.02350	0.04640	0.02624	0.56952	0.14737	0.00828	0.05134	0.01076	0.00463	0.00541
66	0.04339	0.07781	0.48689	0.02279	0.05586	0.01871	0.08094	0.02519	0.01726	0.05252	0.03662	0.01873	0.01284	0.00777	0.00755	0.00246	0.01092	0.00643	0.00393	0.01139
67	0.01377	0.00689	0.01033	0.01033	0.01033	0.00689	0.00689	0.01033	0.01033	0.01377	0.01377	0.02410	0.01377	0.02755	0.03099	0.76928	0.00689	0.00689	0.00344	0.00344
68	0.01135	0.00842	0.01237	0.01237	0.01365	0.00971	0.00944	0.01392	0.01263	0.01813	0.02158	0.03305	0.02065	0.12017	0.63032	0.01228	0.02000	0.00877	0.00430	0.00687
69	0.02906	0.03541	0.02268	0.02026	0.02434	0.59811	0.01540	0.08515	0.02327	0.02209	0.01276	0.01487	0.01051	0.00857	0.00815	0.00214	0.04791	0.00538	0.00439	0.00955
70	0.02055	0.02051	0.03074	0.04480	0.58687	0.08038	0.02305	0.02571	0.04361	0.02560	0.01535	0.01953	0.01280	0.00731	0.00779	0.00234	0.00974	0.00696	0.00410	0.01225
71	0.02377	0.36528	0.03190	0.01719	0.02197	0.27528	0.01478	0.02600	0.01789	0.01900	0.01139	0.01399	0.01022	0.00835	0.00895	0.00209	0.11373	0.00496	0.00366	0.00959
72	0.01037	0.00852	0.00924	0.00930	0.01186	0.00756	0.00719	0.01356	0.04375	0.02334	0.14231	0.07393	0.50640	0.01947	0.00949	0.00276	0.00443	0.08191	0.00754	0.00708
73	0.02279	0.02037	0.02041	0.01980	0.08121	0.11303	0.01419	0.09158	0.42490	0.06378	0.02669	0.02549	0.02003	0.00990	0.00790	0.00253	0.00792	0.00805	0.00721	0.01221
74	0.01637	0.01484	0.02379	0.63953	0.05186	0.01826	0.02139	0.07759	0.01782	0.02299	0.01455	0.02095	0.01084	0.00807	0.00793	0.00262	0.01040	0.00706	0.00393	0.00924
75	0.16512	0.08014	0.01923	0.07084	0.02182	0.01762	0.01238	0.07855	0.17030	0.16496	0.02309	0.02595	0.01769	0.01083	0.00863	0.04633	0.00719	0.04190	0.00672	0.01073
76	0.01666	0.05378	0.46429	0.08903	0.09745	0.01895	0.10036	0.02458	0.01700	0.02459	0.01441	0.01786	0.01057	0.00740	0.00775	0.00250	0.01150	0.00645	0.00350	0.01136
77	0.03558	0.01350	0.01840	0.01411	0.02024	0.01166	0.01166	0.03865	0.02270	0.67734	0.03128	0.02699	0.01963	0.00981	0.00797	0.00245	0.00675	0.00797	0.00981	0.01350
78	0.01642	0.03770	0.58325	0.02263	0.03347	0.01863	0.06288	0.02669	0.07562	0.02587	0.01599	0.01819	0.01146	0.00778	0.00769	0.00254	0.01131	0.00634	0.00382	0.01174
79	0.01871	0.14342	0.31685	0.07253	0.03337	0.02096	0.14602	0.05614	0.05151	0.04414	0.01572	0.01841	0.01168	0.00760	0.00759	0.00242	0.01086	0.00666	0.00416	0.01123
80	0.00966	0.00690	0.00920	0.01104	0.01150	0.00644	0.00736	0.01104	0.01518	0.02024	0.04371	0.71614	0.05245	0.02484	0.01012	0.00322	0.00460	0.02254	0.00736	0.00644
81	0.00966	0.00690	0.00920	0.01104	0.01150	0.00644	0.00736	0.01104	0.01518	0.02024	0.04371	0.71614	0.05245	0.02484	0.01012	0.00322	0.00460	0.02254	0.00736	0.00644
82	0.01338	0.00970	0.01211	0.01263	0.01456	0.00968	0.01013	0.07214	0.01885	0.02464	0.07464	0.13594	0.11754	0.12867	0.01487	0.00394	0.00664	0.30556	0.00706	0.00733
83	0.02004	0.01907	0.03135	0.11300	0.47348	0.04497	0.08319	0.02542	0.03957	0.04952	0.01602	0.02036	0.01286	0.00739	0.00799	0.00242	0.00991	0.00731	0.00426	0.01188
84	0.01600	0.03805	0.60132	0.02354	0.05448	0.01811	0.06028	0.02472	0.01710	0.02540	0.03869	0.01866	0.01264	0.00780	0.00771	0.00251	0.01143	0.00640	0.00360	0.01154
85	0.41271	0.15549	0.02025	0.01331	0.01861	0.13049	0.01118	0.05002	0.01723	0.08908	0.01340	0.01461	0.01036	0.00769	0.00571	0.00224	0.00808	0.00486	0.00505	0.00963
86	0.01940	0.01861	0.03179	0.07983	0.64243	0.01878	0.02423	0.02414	0.01795	0.02564	0.01488	0.01970	0.01247	0.00711	0.00785	0.00237	0.00948	0.00706	0.00391	0.01238
87	0.01643	0.10859	0.61723	0.02171	0.03294	0.01969	0.02775	0.02498	0.01668	0.02448	0.01391	0.01635	0.01006	0.00746	0.00729	0.00243	0.01140	0.00570	0.00335	0.01157
