[name]
unknown

[dist]
# distance from previous block
# <min> <max>
17	61

[block]
# block no. 0 follows, 18 sequences, length 6
# corresponding to MSA columns:
# 62-67
name=unknown_A
#
# <colnr> <probs for GDERKNQSTAVLIFYWHMCP>
#	G	D	E	R	K	N	Q	S	T	A	V	L	I	F	Y	W	H	M	C	P
0	0.02561	0.24255	0.17527	0.07306	0.03377	0.02661	0.07983	0.11644	0.02371	0.09349	0.01841	0.02050	0.01375	0.00901	0.00818	0.00260	0.01130	0.00719	0.00560	0.01313
1	0.12856	0.08744	0.09018	0.08103	0.02441	0.01711	0.01495	0.02327	0.05750	0.02977	0.11163	0.04883	0.12542	0.04761	0.01100	0.00330	0.00817	0.07313	0.00670	0.00998
2	0.01950	0.01552	0.10690	0.01330	0.01758	0.01125	0.01250	0.02415	0.01976	0.09373	0.02980	0.03931	0.02454	0.01355	0.00971	0.04995	0.00681	0.07252	0.40984	0.00977
3	0.14107	0.01520	0.01738	0.01409	0.01988	0.01466	0.01141	0.06455	0.05211	0.29294	0.02878	0.02798	0.02002	0.01042	0.00785	0.00257	0.00693	0.00810	0.16888	0.07517
4	0.02735	0.01710	0.02704	0.30090	0.15400	0.01807	0.02149	0.03237	0.02183	0.25176	0.02400	0.02670	0.01663	0.00981	0.00918	0.00291	0.01032	0.00857	0.00691	0.01307
5	0.02299	0.01871	0.02574	0.40324	0.08271	0.08258	0.02159	0.02747	0.02001	0.11637	0.01920	0.02488	0.01426	0.01132	0.01125	0.06187	0.01158	0.00808	0.00529	0.01084

[dist]
# distance from previous block
# <min> <max>
19	44

[block]
# block no. 1 follows, 18 sequences, length 9
# corresponding to MSA columns:
# 114-122
name=unknown_B
#
# <colnr> <probs for GDERKNQSTAVLIFYWHMCP>
#	G	D	E	R	K	N	Q	S	T	A	V	L	I	F	Y	W	H	M	C	P
0	0.01946	0.26230	0.15402	0.01759	0.02455	0.06503	0.03681	0.02392	0.02000	0.02488	0.05749	0.10716	0.12493	0.01368	0.00855	0.00266	0.00961	0.01101	0.00558	0.01077
1	0.02123	0.01947	0.03212	0.10129	0.36818	0.01990	0.06426	0.07513	0.02213	0.03068	0.02345	0.13485	0.02234	0.01205	0.00969	0.00296	0.01033	0.01147	0.00561	0.01285
2	0.06708	0.01759	0.02433	0.06328	0.02783	0.01810	0.08062	0.12864	0.08127	0.20475	0.02981	0.10237	0.02399	0.01782	0.06574	0.00406	0.01052	0.01106	0.00830	0.01285
3	0.01952	0.01831	0.02504	0.02088	0.02418	0.02141	0.05728	0.02646	0.11767	0.02719	0.02186	0.09174	0.02043	0.01429	0.01841	0.00322	0.29735	0.01003	0.00575	0.15900
4	0.10347	0.02099	0.12418	0.01829	0.02375	0.05734	0.06577	0.02476	0.02089	0.09877	0.11844	0.21501	0.03834	0.01624	0.00976	0.00310	0.00877	0.01418	0.00735	0.01059
5	0.02840	0.01880	0.02480	0.12917	0.03122	0.02123	0.01768	0.12308	0.07370	0.20773	0.02391	0.02560	0.01725	0.01187	0.01394	0.00308	0.16010	0.00851	0.00756	0.05237
6	0.09763	0.01673	0.02062	0.07349	0.02529	0.03894	0.01453	0.03100	0.05168	0.21747	0.02428	0.02679	0.01817	0.02081	0.11994	0.00488	0.08677	0.00818	0.00715	0.09565
7	0.14897	0.02016	0.02941	0.03972	0.37794	0.02076	0.02175	0.03228	0.08807	0.10206	0.02102	0.02370	0.01626	0.00910	0.00855	0.00280	0.00947	0.00800	0.00609	0.01387
8	0.02951	0.02292	0.12617	0.01896	0.02615	0.01867	0.01740	0.14754	0.12238	0.24344	0.03185	0.10209	0.02468	0.01304	0.00944	0.00298	0.00888	0.01076	0.00898	0.01414

[dist]
# distance from previous block
# <min> <max>
0	2

[block]
# block no. 2 follows, 18 sequences, length 12
# corresponding to MSA columns:
# 125-136
name=unknown_C
#
# <colnr> <probs for GDERKNQSTAVLIFYWHMCP>
#	G	D	E	R	K	N	Q	S	T	A	V	L	I	F	Y	W	H	M	C	P
0	0.02922	0.01965	0.02647	0.02100	0.02663	0.02069	0.08445	0.24052	0.02940	0.17670	0.02889	0.13671	0.02452	0.01426	0.01186	0.00311	0.07225	0.01187	0.00852	0.01327
1	0.02342	0.01173	0.01514	0.12163	0.02304	0.01188	0.01154	0.02783	0.02093	0.18650	0.02924	0.03178	0.02139	0.01061	0.00763	0.00248	0.00657	0.00867	0.41734	0.01068
2	0.01358	0.00983	0.01266	0.09918	0.01803	0.01027	0.00892	0.01494	0.01548	0.02065	0.07028	0.13884	0.03784	0.45226	0.03436	0.00698	0.00856	0.01459	0.00607	0.00667
3	0.02496	0.01901	0.02213	0.10484	0.02893	0.02013	0.01538	0.20107	0.15399	0.07958	0.03342	0.03336	0.09181	0.01197	0.00907	0.00271	0.00846	0.00972	0.00802	0.12145
4	0.01499	0.01306	0.02080	0.09577	0.02537	0.01424	0.08352	0.01806	0.01765	0.02386	0.03502	0.31262	0.03912	0.08145	0.01715	0.00413	0.09809	0.06981	0.00661	0.00867
5	0.02254	0.10325	0.09814	0.01749	0.02526	0.01964	0.01625	0.14806	0.02462	0.03459	0.02160	0.03083	0.01897	0.01064	0.00825	0.00232	0.00895	0.08214	0.00630	0.30016
6	0.02168	0.02052	0.10325	0.01566	0.02444	0.01364	0.01437	0.02660	0.01998	0.10307	0.01879	0.02059	0.01445	0.00762	0.00736	0.00175	0.00785	0.00609	0.00595	0.54634
7	0.12580	0.10864	0.05663	0.01589	0.02082	0.01919	0.01380	0.09455	0.09375	0.03491	0.12772	0.12040	0.03759	0.01549	0.00922	0.00303	0.00771	0.07624	0.00764	0.01096
8	0.02074	0.02506	0.10064	0.03170	0.03952	0.02262	0.35699	0.02724	0.01970	0.02807	0.01688	0.02267	0.01332	0.00928	0.01376	0.00304	0.13524	0.00926	0.00455	0.09972
9	0.17506	0.01237	0.01425	0.01257	0.01643	0.01215	0.00986	0.02461	0.02382	0.14980	0.37571	0.04996	0.05801	0.01516	0.00942	0.00287	0.00559	0.01270	0.00940	0.01026
10	0.03299	0.04158	0.02621	0.02370	0.02799	0.58407	0.01796	0.03532	0.02492	0.02244	0.01400	0.01688	0.01185	0.01007	0.01029	0.00252	0.07585	0.00611	0.00467	0.01059
11	0.69609	0.01788	0.01396	0.01250	0.01815	0.02074	0.01024	0.02839	0.05328	0.04102	0.01436	0.01615	0.01110	0.00878	0.00592	0.00286	0.00711	0.00532	0.00592	0.01024

[dist]
# distance from previous block
# <min> <max>
0	4

[block]
# block no. 3 follows, 18 sequences, length 7
# corresponding to MSA columns:
# 141-147
name=unknown_D
#
# <colnr> <probs for GDERKNQSTAVLIFYWHMCP>
#	G	D	E	R	K	N	Q	S	T	A	V	L	I	F	Y	W	H	M	C	P
0	0.19633	0.01740	0.01878	0.01563	0.02097	0.01832	0.01241	0.17718	0.04948	0.18418	0.05307	0.08773	0.02525	0.06888	0.01186	0.00343	0.00794	0.01024	0.00858	0.01235
1	0.01306	0.00937	0.01279	0.01295	0.01393	0.01028	0.00919	0.01507	0.01447	0.02024	0.02802	0.09098	0.02937	0.27914	0.38666	0.01190	0.01769	0.01226	0.00541	0.00722
2	0.01941	0.01212	0.01347	0.07181	0.01868	0.01280	0.01005	0.11203	0.02317	0.03613	0.03330	0.03642	0.07671	0.01178	0.00754	0.00242	0.00600	0.00949	0.47692	0.00977
3	0.02637	0.01990	0.02211	0.01768	0.02380	0.02041	0.01410	0.34039	0.03235	0.04434	0.02663	0.15547	0.02447	0.01372	0.00916	0.00264	0.00836	0.01130	0.00819	0.17861
4	0.15603	0.03687	0.41799	0.02198	0.03305	0.01993	0.02621	0.03121	0.01980	0.12723	0.01896	0.02046	0.01310	0.00911	0.00824	0.00288	0.01145	0.00684	0.00541	0.01323
5	0.02168	0.02488	0.11789	0.10284	0.49318	0.02163	0.02874	0.02790	0.02048	0.02932	0.01708	0.02241	0.01395	0.00834	0.00905	0.00278	0.01139	0.00799	0.00441	0.01404
6	0.02505	0.38287	0.11123	0.02574	0.13665	0.12887	0.02049	0.02928	0.02034	0.02418	0.01427	0.01705	0.01228	0.00828	0.00720	0.00228	0.01155	0.00590	0.00416	0.01232

[dist]
# distance from previous block
# <min> <max>
21	30

[block]
# block no. 4 follows, 18 sequences, length 17
# corresponding to MSA columns:
# 178-194
name=unknown_E
#
# <colnr> <probs for GDERKNQSTAVLIFYWHMCP>
#	G	D	E	R	K	N	Q	S	T	A	V	L	I	F	Y	W	H	M	C	P
0	0.11843	0.02263	0.02979	0.02262	0.02986	0.02365	0.13860	0.31219	0.03136	0.04506	0.02125	0.05892	0.01695	0.01063	0.00903	0.00277	0.01031	0.00918	0.00738	0.07939
1	0.36068	0.05141	0.10478	0.01546	0.02258	0.01982	0.01442	0.08192	0.01978	0.03707	0.01753	0.06370	0.01508	0.00992	0.00710	0.00261	0.00826	0.00714	0.00586	0.13488
2	0.60773	0.01767	0.01493	0.01307	0.01887	0.01998	0.01070	0.03068	0.06283	0.10620	0.01732	0.01825	0.01278	0.00915	0.00636	0.00286	0.00719	0.00587	0.00660	0.01094
3	0.13002	0.09138	0.02256	0.01672	0.02107	0.01571	0.08907	0.02181	0.01879	0.07012	0.03482	0.30117	0.05789	0.01769	0.00951	0.00309	0.00774	0.01571	0.00706	0.04807
4	0.01707	0.01162	0.01679	0.01592	0.01788	0.01341	0.01250	0.02005	0.01629	0.09205	0.02697	0.09707	0.02533	0.05150	0.42740	0.01091	0.10092	0.01117	0.00592	0.00922
5	0.02208	0.01937	0.02190	0.01802	0.02275	0.06704	0.01447	0.07952	0.05418	0.05134	0.01959	0.03946	0.01685	0.01841	0.09281	0.00408	0.15909	0.00784	0.00588	0.26533
6	0.01986	0.05615	0.03603	0.02640	0.03201	0.02121	0.26469	0.02671	0.07712	0.02703	0.02230	0.07107	0.02028	0.08877	0.01739	0.00378	0.11289	0.01097	0.00540	0.05994
7	0.19106	0.02452	0.02352	0.01900	0.02554	0.06925	0.01546	0.36217	0.10103	0.04939	0.02121	0.02149	0.01553	0.01052	0.00836	0.00279	0.00956	0.00761	0.00811	0.01387
8	0.09337	0.01310	0.01569	0.01445	0.01783	0.01321	0.01101	0.08563	0.02300	0.14812	0.11234	0.28534	0.06704	0.01943	0.01088	0.00324	0.03038	0.01659	0.00890	0.01046
9	0.01948	0.01948	0.02981	0.02462	0.02613	0.02520	0.09544	0.02253	0.01648	0.02480	0.08313	0.02637	0.02099	0.01526	0.02527	0.00376	0.49684	0.00941	0.00481	0.01020
10	0.01713	0.00907	0.00982	0.05148	0.01418	0.00934	0.00768	0.02153	0.01920	0.03352	0.02905	0.03358	0.02278	0.01060	0.00660	0.00220	0.00481	0.00853	0.68022	0.00867
11	0.06621	0.27003	0.21377	0.02007	0.02914	0.04806	0.02113	0.13214	0.06222	0.03273	0.01725	0.01882	0.01341	0.00909	0.00763	0.00253	0.01088	0.00648	0.00536	0.01306
12	0.09268	0.01898	0.02920	0.33331	0.04611	0.02205	0.09529	0.08302	0.02063	0.02980	0.01636	0.02248	0.01264	0.00978	0.01135	0.00302	0.08706	0.00803	0.00492	0.05330
13	0.02324	0.01732	0.02014	0.01502	0.02269	0.01472	0.01206	0.07254	0.08026	0.10238	0.02119	0.02222	0.01626	0.00823	0.00752	0.00182	0.00722	0.00660	0.00681	0.52176
14	0.02620	0.02022	0.05589	0.01826	0.02455	0.02003	0.01517	0.04499	0.40639	0.16168	0.03444	0.03169	0.02494	0.01161	0.00910	0.00292	0.00771	0.00958	0.00918	0.06544
15	0.02161	0.01957	0.02601	0.01940	0.02692	0.05895	0.12080	0.04563	0.02111	0.05635	0.02013	0.06704	0.01737	0.00908	0.00821	0.00204	0.00919	0.00824	0.00586	0.43649
16	0.02603	0.36389	0.03660	0.01810	0.02466	0.11442	0.01600	0.08659	0.08492	0.02779	0.01675	0.01850	0.01407	0.00939	0.00870	0.00232	0.05620	0.00623	0.00526	0.06357

[dist]
# distance from previous block
# <min> <max>
10	17

[block]
# block no. 5 follows, 18 sequences, length 8
# corresponding to MSA columns:
# 212-219
name=unknown_F
#
# <colnr> <probs for GDERKNQSTAVLIFYWHMCP>
#	G	D	E	R	K	N	Q	S	T	A	V	L	I	F	Y	W	H	M	C	P
0	0.03391	0.02506	0.09068	0.02009	0.02809	0.02312	0.01791	0.36344	0.03514	0.19632	0.02472	0.02392	0.01687	0.01065	0.00903	0.00272	0.00974	0.00821	0.00897	0.05141
1	0.28246	0.01650	0.01761	0.01495	0.02061	0.01716	0.01201	0.05918	0.09435	0.25686	0.02905	0.09468	0.02268	0.01237	0.00826	0.00297	0.00733	0.00966	0.00871	0.01260
2	0.01315	0.00882	0.01007	0.01027	0.01032	0.00877	0.00584	0.01330	0.01375	0.01833	0.03095	0.11716	0.03594	0.61675	0.04346	0.00842	0.00857	0.01454	0.00584	0.00574
3	0.02011	0.02266	0.06673	0.09279	0.04244	0.02136	0.36992	0.02658	0.02007	0.02784	0.01937	0.06206	0.01626	0.00985	0.01204	0.00305	0.07283	0.01056	0.00481	0.07868
4	0.13058	0.08161	0.02657	0.41902	0.04774	0.02226	0.02086	0.02738	0.08680	0.02778	0.01791	0.02321	0.01370	0.00934	0.00834	0.00293	0.01063	0.00761	0.00493	0.01082
5	0.10765	0.06294	0.02233	0.01663	0.02317	0.01962	0.01361	0.07993	0.20177	0.24362	0.02951	0.02744	0.02083	0.01069	0.00842	0.00272	0.00777	0.00839	0.00890	0.08406
6	0.01470	0.01079	0.01323	0.01350	0.01547	0.01031	0.00943	0.07524	0.02006	0.02723	0.04213	0.48022	0.04867	0.08492	0.01421	0.00387	0.00631	0.02095	0.00801	0.08075
7	0.10170	0.01699	0.01892	0.01554	0.02158	0.01658	0.01227	0.09651	0.13354	0.11467	0.02800	0.11336	0.02390	0.01220	0.00845	0.00254	0.00724	0.01002	0.00786	0.23813

[dist]
# distance from previous block
# <min> <max>
3	16

[block]
# block no. 6 follows, 18 sequences, length 10
# corresponding to MSA columns:
# 237-246
name=unknown_G
#
# <colnr> <probs for GDERKNQSTAVLIFYWHMCP>
#	G	D	E	R	K	N	Q	S	T	A	V	L	I	F	Y	W	H	M	C	P
0	0.02782	0.01871	0.02305	0.12079	0.03037	0.01907	0.01584	0.22588	0.02867	0.15159	0.02538	0.08530	0.02031	0.01163	0.00896	0.00263	0.00890	0.00956	0.00796	0.15755
1	0.01738	0.01095	0.01384	0.01309	0.01641	0.00938	0.00960	0.01995	0.01993	0.11883	0.07279	0.36314	0.10135	0.02090	0.01028	0.00304	0.00588	0.01847	0.00845	0.14635
2	0.02461	0.01736	0.02052	0.01596	0.02238	0.01616	0.01279	0.15354	0.02553	0.11627	0.05641	0.08574	0.02370	0.01153	0.00940	0.00230	0.03659	0.00928	0.00758	0.33234
3	0.01453	0.01217	0.02069	0.01818	0.02090	0.01313	0.10422	0.01821	0.01574	0.02229	0.02404	0.03658	0.02251	0.11831	0.48073	0.01229	0.02158	0.01034	0.00494	0.00862
4	0.02044	0.01723	0.02069	0.01623	0.02206	0.01645	0.01299	0.09824	0.02132	0.03167	0.02040	0.09565	0.01911	0.01143	0.01148	0.00226	0.11313	0.00865	0.00607	0.43450
5	0.01137	0.00932	0.01002	0.00985	0.01272	0.00797	0.00738	0.01418	0.02215	0.02771	0.21948	0.08358	0.48803	0.02217	0.01085	0.00305	0.00457	0.01871	0.00891	0.00797
6	0.02273	0.02182	0.03727	0.05636	0.62003	0.02182	0.02818	0.02818	0.02091	0.03000	0.01727	0.02273	0.01454	0.00818	0.00909	0.00273	0.01091	0.00818	0.00455	0.01454
7	0.02123	0.02784	0.13193	0.03701	0.04687	0.02296	0.51202	0.02937	0.02136	0.02937	0.01829	0.02404	0.01362	0.00787	0.01055	0.00307	0.01522	0.01029	0.00454	0.01254
8	0.01842	0.04749	0.62974	0.02617	0.03974	0.02132	0.03392	0.02908	0.01939	0.02908	0.01648	0.01939	0.01163	0.00872	0.00872	0.00291	0.01357	0.00678	0.00388	0.01357
9	0.16748	0.11781	0.02639	0.07908	0.02851	0.24869	0.01629	0.09524	0.05639	0.05915	0.01713	0.01903	0.01333	0.00947	0.00775	0.00258	0.01177	0.00648	0.00581	0.01163

[dist]
# distance from previous block
# <min> <max>
8	19

[block]
# block no. 7 follows, 18 sequences, length 6
# corresponding to MSA columns:
# 266-271
name=unknown_H
#
# <colnr> <probs for GDERKNQSTAVLIFYWHMCP>
#	G	D	E	R	K	N	Q	S	T	A	V	L	I	F	Y	W	H	M	C	P
0	0.41273	0.06425	0.07723	0.05936	0.02284	0.01940	0.01349	0.02726	0.01765	0.07417	0.01758	0.02008	0.01333	0.00907	0.00659	0.00269	0.00790	0.00620	0.11760	0.01060
1	0.01817	0.01377	0.07320	0.01260	0.01504	0.01084	0.00960	0.01978	0.01595	0.11322	0.02883	0.05158	0.02957	0.50785	0.03716	0.00737	0.00920	0.01206	0.00630	0.00792
2	0.02442	0.02542	0.12740	0.02625	0.03441	0.02122	0.20823	0.12201	0.02424	0.09250	0.02109	0.04971	0.01646	0.01023	0.01118	0.00287	0.06441	0.00936	0.00615	0.10244
3	0.29611	0.07240	0.01969	0.01475	0.02041	0.05982	0.01206	0.06023	0.06574	0.12629	0.10862	0.02751	0.02541	0.01083	0.00769	0.00269	0.00779	0.00801	0.00745	0.04651
4	0.18811	0.01534	0.01750	0.05976	0.02205	0.01633	0.01237	0.07592	0.02211	0.21291	0.02533	0.02651	0.01814	0.01064	0.00890	0.00273	0.04526	0.00787	0.20045	0.01175
5	0.13028	0.01686	0.02506	0.36016	0.04526	0.01971	0.06295	0.02674	0.08369	0.02881	0.02223	0.03377	0.01873	0.01131	0.00921	0.00318	0.01067	0.07529	0.00549	0.01059

[dist]
# distance from previous block
# <min> <max>
7	34

[block]
# block no. 8 follows, 18 sequences, length 23
# corresponding to MSA columns:
# 315-337
name=unknown_I
#
# <colnr> <probs for GDERKNQSTAVLIFYWHMCP>
#	G	D	E	R	K	N	Q	S	T	A	V	L	I	F	Y	W	H	M	C	P
0	0.06296	0.01882	0.02215	0.01731	0.02367	0.01898	0.01400	0.24836	0.03090	0.32041	0.02911	0.03025	0.02068	0.08383	0.01317	0.00347	0.00878	0.00915	0.00968	0.01430
1	0.02820	0.01571	0.02104	0.02057	0.09513	0.01510	0.01429	0.11774	0.02727	0.26301	0.16858	0.10412	0.03951	0.01446	0.00984	0.00292	0.00748	0.01243	0.00959	0.01301
2	0.11865	0.02143	0.02283	0.01868	0.02497	0.02347	0.01535	0.33012	0.12300	0.07459	0.02639	0.03162	0.02086	0.01224	0.00904	0.00292	0.00889	0.06382	0.00865	0.04248
3	0.24222	0.01796	0.01954	0.03609	0.02325	0.01899	0.01327	0.12200	0.09730	0.23648	0.06285	0.02750	0.02218	0.01100	0.00829	0.00287	0.00781	0.00840	0.00879	0.01320
4	0.01818	0.35192	0.02990	0.01415	0.01858	0.02229	0.01220	0.02074	0.01898	0.02386	0.08852	0.27578	0.03842	0.01710	0.00866	0.00274	0.00751	0.01434	0.00634	0.00978
5	0.06351	0.01915	0.02165	0.01780	0.02390	0.02033	0.01432	0.17089	0.23467	0.22113	0.06847	0.03176	0.02636	0.01201	0.00920	0.00292	0.00790	0.00968	0.00980	0.01454
6	0.05623	0.01549	0.01876	0.01549	0.02051	0.01527	0.01236	0.16007	0.02901	0.23621	0.21532	0.09185	0.04374	0.01491	0.00978	0.00291	0.00702	0.01252	0.01001	0.01255
7	0.01708	0.01573	0.02996	0.02369	0.02849	0.01587	0.24400	0.02229	0.01812	0.02620	0.02282	0.03126	0.01937	0.03685	0.30658	0.00846	0.01837	0.01008	0.09481	0.00994
8	0.02415	0.01628	0.01946	0.01472	0.02165	0.01393	0.01183	0.09667	0.02446	0.14437	0.11393	0.02938	0.02690	0.01003	0.00817	0.00204	0.00701	0.00823	0.00772	0.39904
9	0.01312	0.00880	0.01008	0.01032	0.01038	0.00874	0.00589	0.01329	0.01381	0.01842	0.03130	0.12682	0.03637	0.60651	0.04291	0.00834	0.00851	0.01474	0.00589	0.00577
10	0.03430	0.04376	0.02602	0.02365	0.02839	0.64045	0.01774	0.03666	0.02602	0.02247	0.01419	0.01656	0.01183	0.00946	0.00828	0.00237	0.01656	0.00591	0.00473	0.01064
11	0.03430	0.04376	0.02602	0.02365	0.02839	0.64045	0.01774	0.03666	0.02602	0.02247	0.01419	0.01656	0.01183	0.00946	0.00828	0.00237	0.01656	0.00591	0.00473	0.01064
12	0.06911	0.04493	0.49470	0.02484	0.03651	0.11766	0.02981	0.03012	0.02017	0.02886	0.01588	0.01865	0.01155	0.00883	0.00845	0.00282	0.01360	0.00653	0.00413	0.01287
13	0.11506	0.40516	0.13062	0.01724	0.02552	0.05145	0.01766	0.02989	0.01949	0.09126	0.01596	0.01735	0.01273	0.00852	0.00676	0.00233	0.01009	0.00572	0.00498	0.01221
14	0.58432	0.07929	0.01614	0.01198	0.01743	0.02058	0.01005	0.02634	0.01636	0.03848	0.01492	0.01730	0.01181	0.00873	0.00579	0.00267	0.00701	0.00541	0.09543	0.00994
15	0.14303	0.02331	0.02431	0.01878	0.02597	0.02523	0.01547	0.43140	0.03588	0.05179	0.01989	0.02056	0.01448	0.01011	0.00834	0.00260	0.00923	0.00740	0.00817	0.10405
16	0.03150	0.02273	0.02424	0.01904	0.02547	0.02508	0.01558	0.47268	0.06879	0.05317	0.02408	0.02458	0.01750	0.01105	0.00876	0.00268	0.00905	0.00842	0.12114	0.01446
17	0.13152	0.01706	0.02160	0.01606	0.02359	0.01451	0.07348	0.02390	0.01872	0.03130	0.01769	0.05094	0.01537	0.00825	0.00731	0.00190	0.00772	0.00697	0.00554	0.50657
18	0.18642	0.01361	0.01450	0.01419	0.01721	0.01449	0.01054	0.12479	0.02195	0.03408	0.03639	0.39561	0.04036	0.02069	0.00983	0.00334	0.00664	0.01780	0.00798	0.00958
19	0.03584	0.01986	0.02353	0.01812	0.02509	0.01994	0.01490	0.28840	0.03359	0.31137	0.06176	0.02870	0.02275	0.01144	0.00920	0.00274	0.00861	0.00906	0.01006	0.04504
20	0.01163	0.00846	0.01113	0.01283	0.01380	0.00773	0.00866	0.01337	0.01766	0.02381	0.04867	0.63440	0.05806	0.02752	0.01144	0.00359	0.00541	0.02493	0.00835	0.04855
21	0.03588	0.02415	0.02658	0.02038	0.02769	0.02614	0.01684	0.50463	0.04054	0.14637	0.02425	0.02348	0.01672	0.01108	0.00919	0.00277	0.00975	0.00842	0.00952	0.01562
22	0.02068	0.01569	0.02043	0.01515	0.02233	0.01251	0.04685	0.02497	0.02108	0.09608	0.11186	0.02844	0.02599	0.00922	0.00795	0.00187	0.00707	0.00793	0.00676	0.49713

[dist]
# distance from previous block
# <min> <max>
7	9

[block]
# block no. 9 follows, 18 sequences, length 17
# corresponding to MSA columns:
# 348-364
name=unknown_J
#
# <colnr> <probs for GDERKNQSTAVLIFYWHMCP>
#	G	D	E	R	K	N	Q	S	T	A	V	L	I	F	Y	W	H	M	C	P
0	0.01290	0.01061	0.01595	0.01534	0.01769	0.00959	0.07257	0.01544	0.01851	0.02473	0.04914	0.48758	0.11267	0.02420	0.01116	0.00341	0.00649	0.02214	0.00786	0.06202
1	0.17463	0.02362	0.02408	0.01967	0.02503	0.07129	0.01611	0.27810	0.05445	0.07469	0.01918	0.02086	0.01445	0.01141	0.01227	0.00300	0.12927	0.00753	0.00732	0.01303
2	0.03814	0.01782	0.02178	0.01698	0.02393	0.04228	0.01387	0.08006	0.06334	0.49325	0.03333	0.02953	0.02163	0.01108	0.00907	0.00275	0.00826	0.00889	0.01049	0.05352
3	0.33358	0.02535	0.02136	0.01772	0.02393	0.12677	0.01433	0.26003	0.02869	0.04495	0.01683	0.01812	0.01259	0.00971	0.00755	0.00273	0.00991	0.00648	0.00697	0.01239
4	0.21174	0.08202	0.02426	0.01753	0.02400	0.06980	0.01455	0.29044	0.03036	0.08227	0.01965	0.02047	0.01446	0.01000	0.00779	0.00265	0.00932	0.00704	0.04859	0.01308
5	0.01222	0.00909	0.01295	0.01402	0.01528	0.00855	0.03079	0.01472	0.01931	0.02599	0.12940	0.50094	0.06182	0.02620	0.01166	0.00364	0.00590	0.08101	0.00860	0.00792
6	0.02213	0.02121	0.03619	0.12270	0.55836	0.02166	0.02788	0.02766	0.02063	0.02927	0.01717	0.02292	0.01429	0.00829	0.00910	0.00276	0.01106	0.00818	0.00449	0.01406
7	0.01811	0.01711	0.02893	0.56942	0.14303	0.02060	0.02588	0.02414	0.01872	0.02440	0.01646	0.02423	0.01257	0.00904	0.00917	0.00301	0.01205	0.00816	0.00415	0.01082
8	0.01734	0.01632	0.02754	0.65524	0.06324	0.02040	0.02550	0.02346	0.01836	0.02346	0.01632	0.02448	0.01224	0.00918	0.00918	0.00306	0.01224	0.00816	0.00408	0.01020
9	0.09746	0.01059	0.01157	0.09305	0.01831	0.01143	0.00929	0.02228	0.01874	0.03360	0.02628	0.03082	0.02056	0.01026	0.00670	0.00234	0.00563	0.00811	0.55405	0.00893
10	0.01247	0.00935	0.01203	0.01292	0.01470	0.00824	0.00891	0.01448	0.01782	0.02450	0.04500	0.56464	0.05302	0.02517	0.01091	0.00334	0.00557	0.02272	0.00802	0.12619
11	0.03019	0.02236	0.02442	0.01914	0.02561	0.02411	0.01558	0.45847	0.03830	0.05184	0.08648	0.06278	0.02555	0.01255	0.00934	0.00273	0.00900	0.00995	0.00900	0.06261
12	0.02129	0.01395	0.02013	0.01736	0.02153	0.01316	0.07406	0.08347	0.02353	0.14060	0.09563	0.27444	0.04293	0.01877	0.01056	0.00319	0.00760	0.05290	0.00865	0.05624
13	0.03843	0.01770	0.02549	0.01924	0.02661	0.01617	0.07503	0.10255	0.02763	0.50071	0.03280	0.02956	0.02101	0.01094	0.00940	0.00286	0.00888	0.00930	0.01041	0.01528
14	0.02960	0.02221	0.02432	0.01870	0.02563	0.02333	0.01529	0.42291	0.03686	0.05043	0.08572	0.02657	0.02299	0.01109	0.00893	0.00251	0.00887	0.00866	0.00860	0.14679
15	0.02362	0.02170	0.03923	0.02920	0.03638	0.02170	0.32630	0.09196	0.08643	0.07748	0.08797	0.03055	0.02421	0.01055	0.01145	0.00307	0.04796	0.01087	0.00670	0.01266
16	0.03412	0.02292	0.02533	0.01986	0.02682	0.02485	0.01626	0.40382	0.12962	0.15831	0.02708	0.02567	0.01889	0.01131	0.00922	0.00283	0.00923	0.00878	0.00961	0.01544

[dist]
# distance from previous block
# <min> <max>
16	42

[block]
# block no. 10 follows, 18 sequences, length 14
# corresponding to MSA columns:
# 407-420
name=unknown_K
#
# <colnr> <probs for GDERKNQSTAVLIFYWHMCP>
#	G	D	E	R	K	N	Q	S	T	A	V	L	I	F	Y	W	H	M	C	P
0	0.04044	0.01684	0.02206	0.01691	0.02404	0.01529	0.01397	0.11007	0.02831	0.55821	0.03452	0.03015	0.02188	0.01132	0.00923	0.00283	0.00809	0.00912	0.01110	0.01562
1	0.09675	0.01157	0.01399	0.17565	0.02502	0.01293	0.01172	0.02254	0.01863	0.03222	0.02455	0.02960	0.01913	0.01007	0.00705	0.00245	0.00664	0.00806	0.46229	0.00913
2	0.01300	0.00939	0.01227	0.01155	0.01372	0.00866	0.00866	0.01733	0.02599	0.03682	0.61519	0.06859	0.08664	0.01877	0.01083	0.00289	0.00433	0.01661	0.01011	0.00866
3	0.03241	0.03990	0.02410	0.02200	0.02644	0.57109	0.01650	0.03499	0.02528	0.02376	0.01592	0.01850	0.01311	0.00960	0.00807	0.00234	0.01521	0.00620	0.08415	0.01042
4	0.66230	0.01806	0.01506	0.05221	0.02110	0.02098	0.01128	0.05473	0.01716	0.04093	0.01346	0.01586	0.01037	0.00869	0.00607	0.00285	0.00757	0.00533	0.00576	0.01024
5	0.01630	0.00951	0.01184	0.01185	0.01308	0.00902	0.00776	0.01752	0.01711	0.10134	0.06645	0.26082	0.04376	0.33949	0.02827	0.00607	0.00734	0.01723	0.00755	0.00769
6	0.01977	0.02003	0.02832	0.43474	0.05143	0.10161	0.08412	0.02525	0.01976	0.02465	0.01868	0.05345	0.01527	0.01004	0.00919	0.00295	0.01236	0.00900	0.04911	0.01027
7	0.12410	0.01815	0.01997	0.01706	0.02293	0.01955	0.01359	0.04461	0.34091	0.22683	0.03374	0.03073	0.02394	0.01159	0.00882	0.00299	0.00742	0.00930	0.00950	0.01427
8	0.09202	0.03704	0.02405	0.02167	0.02666	0.47636	0.01646	0.03786	0.10174	0.05563	0.01823	0.01949	0.01435	0.00987	0.00825	0.00253	0.01411	0.00659	0.00575	0.01135
9	0.02030	0.01758	0.01740	0.01589	0.01954	0.09642	0.01188	0.13494	0.02501	0.03262	0.09746	0.30111	0.04176	0.01863	0.01001	0.00295	0.00787	0.01606	0.00793	0.10465
10	0.03054	0.02313	0.02521	0.01906	0.02663	0.02401	0.01564	0.43361	0.03653	0.05018	0.02047	0.02122	0.01506	0.00986	0.00853	0.00237	0.00919	0.00749	0.00815	0.21312
11	0.12611	0.01890	0.02040	0.01528	0.02288	0.01753	0.01241	0.16668	0.02465	0.03858	0.01726	0.01921	0.01359	0.00811	0.00724	0.00192	0.00768	0.00609	0.00642	0.44905
12	0.05634	0.02203	0.02527	0.01964	0.02617	0.05024	0.05565	0.24896	0.05786	0.04054	0.02375	0.02531	0.05053	0.01076	0.01036	0.00256	0.06348	0.00824	0.00710	0.19521
13	0.02417	0.02230	0.02502	0.04946	0.02657	0.08121	0.01691	0.13885	0.06043	0.03236	0.01715	0.02100	0.01417	0.01155	0.01570	0.00284	0.23323	0.00738	0.00582	0.19386

[dist]
# distance from previous block
# <min> <max>
8	52

[block]
# block no. 11 follows, 18 sequences, length 9
# corresponding to MSA columns:
# 480-488
name=unknown_L
#
# <colnr> <probs for GDERKNQSTAVLIFYWHMCP>
#	G	D	E	R	K	N	Q	S	T	A	V	L	I	F	Y	W	H	M	C	P
0	0.03241	0.02424	0.02622	0.01994	0.02742	0.02592	0.01642	0.50037	0.03938	0.05347	0.02114	0.02157	0.01530	0.01036	0.00881	0.00254	0.00958	0.00782	0.00860	0.12850
1	0.02211	0.01831	0.02064	0.01555	0.02313	0.01639	0.01246	0.11604	0.11089	0.03559	0.02039	0.02181	0.01609	0.00832	0.00756	0.00184	0.00739	0.00663	0.00662	0.51224
2	0.12551	0.01753	0.02038	0.01647	0.02270	0.01773	0.01338	0.12281	0.11819	0.32215	0.08084	0.03143	0.02631	0.01175	0.00892	0.00288	0.00768	0.00935	0.00988	0.01412
3	0.02830	0.01795	0.02023	0.01655	0.02246	0.01855	0.01326	0.15533	0.20043	0.17555	0.03052	0.02941	0.02199	0.01104	0.00856	0.00264	0.00747	0.00887	0.12242	0.08846
4	0.01712	0.00856	0.00856	0.00856	0.01070	0.00856	0.00642	0.02139	0.01926	0.03423	0.02995	0.03423	0.02353	0.01070	0.00642	0.00214	0.00428	0.00856	0.72828	0.00856
5	0.01119	0.00799	0.01065	0.01278	0.01332	0.00746	0.00852	0.01278	0.01758	0.02344	0.05061	0.67132	0.06073	0.02877	0.01172	0.00373	0.00533	0.02610	0.00852	0.00746
6	0.01218	0.00921	0.01236	0.01360	0.01429	0.00938	0.00953	0.01417	0.01836	0.02505	0.12024	0.53766	0.05991	0.02639	0.01318	0.00365	0.06133	0.02333	0.00834	0.00784
7	0.03046	0.02309	0.02517	0.01902	0.02660	0.02393	0.01561	0.43093	0.03642	0.05005	0.02044	0.02120	0.01505	0.00984	0.00852	0.00237	0.00918	0.00748	0.00814	0.21651
8	0.10760	0.00978	0.01163	0.01273	0.01429	0.00962	0.00882	0.01661	0.01758	0.06215	0.04344	0.50793	0.05008	0.06705	0.01305	0.00389	0.00594	0.02152	0.00814	0.00815

[dist]
# distance from previous block
# <min> <max>
12	33

[block]
# block no. 12 follows, 18 sequences, length 9
# corresponding to MSA columns:
# 522-530
name=unknown_M
#
# <colnr> <probs for GDERKNQSTAVLIFYWHMCP>
#	G	D	E	R	K	N	Q	S	T	A	V	L	I	F	Y	W	H	M	C	P
0	0.01899	0.01946	0.03748	0.19271	0.04431	0.01921	0.29649	0.02531	0.02072	0.02832	0.07307	0.05674	0.02210	0.00994	0.00998	0.00290	0.01218	0.01072	0.00525	0.09411
1	0.52189	0.01501	0.01287	0.01212	0.01647	0.01680	0.00954	0.02334	0.01740	0.03772	0.10357	0.12822	0.02891	0.01323	0.00738	0.00299	0.00643	0.01001	0.00676	0.00936
2	0.03088	0.02161	0.02419	0.01825	0.02581	0.02168	0.01497	0.34971	0.03375	0.12052	0.02208	0.02229	0.01589	0.00979	0.00847	0.00234	0.00882	0.00753	0.00832	0.23309
3	0.01394	0.01012	0.01360	0.01472	0.01694	0.00978	0.01237	0.01804	0.02251	0.02992	0.21459	0.09225	0.11089	0.02330	0.01199	0.00375	0.00695	0.35695	0.00893	0.00845
4	0.01709	0.01691	0.03215	0.02506	0.03066	0.01546	0.28038	0.02189	0.01968	0.02706	0.03127	0.28604	0.03285	0.01614	0.01069	0.00314	0.01028	0.01635	0.00632	0.10059
5	0.01882	0.01796	0.02838	0.19004	0.03724	0.01861	0.11503	0.02361	0.01844	0.02653	0.01774	0.05437	0.01541	0.01019	0.01213	0.00266	0.11498	0.00854	0.00487	0.26447
6	0.56433	0.01801	0.01632	0.01414	0.01912	0.02110	0.01166	0.02587	0.01566	0.03716	0.01297	0.01610	0.01059	0.00959	0.00972	0.00290	0.11235	0.00551	0.00539	0.07150
7	0.01773	0.01578	0.02189	0.23660	0.03545	0.01593	0.01649	0.02208	0.01823	0.02634	0.01952	0.08879	0.01789	0.01070	0.01014	0.00242	0.06466	0.00875	0.00517	0.34546
8	0.39719	0.01722	0.01815	0.14807	0.02859	0.01897	0.01380	0.02775	0.04989	0.06578	0.01667	0.01951	0.01268	0.00875	0.00698	0.00266	0.00818	0.00624	0.00580	0.12711

[dist]
# distance from previous block
# <min> <max>
14	74

[block]
# block no. 13 follows, 18 sequences, length 21
# corresponding to MSA columns:
# 608-628
name=unknown_N
#
# <colnr> <probs for GDERKNQSTAVLIFYWHMCP>
#	G	D	E	R	K	N	Q	S	T	A	V	L	I	F	Y	W	H	M	C	P
0	0.44818	0.01768	0.01694	0.06399	0.02299	0.01994	0.01238	0.06442	0.08554	0.10792	0.01988	0.02104	0.01460	0.00960	0.00702	0.00285	0.00766	0.00668	0.03927	0.01142
1	0.20047	0.01733	0.02009	0.01573	0.02261	0.01678	0.01297	0.10232	0.02531	0.38731	0.02790	0.02564	0.01837	0.01038	0.00825	0.00274	0.00785	0.00790	0.00942	0.06065
2	0.03110	0.01784	0.02115	0.01718	0.02312	0.01822	0.01385	0.16531	0.15937	0.27002	0.12668	0.03585	0.03261	0.01273	0.00950	0.00289	0.00765	0.01046	0.01021	0.01426
3	0.01139	0.00814	0.01089	0.01302	0.01364	0.00763	0.00888	0.01314	0.01778	0.02367	0.05050	0.63946	0.06029	0.02858	0.01177	0.00376	0.00550	0.05596	0.00852	0.00751
4	0.02273	0.02182	0.03727	0.05636	0.62003	0.02182	0.02818	0.02818	0.02091	0.03000	0.01727	0.02273	0.01454	0.00818	0.00909	0.00273	0.01091	0.00818	0.00455	0.01454
5	0.02167	0.02477	0.05418	0.03870	0.04799	0.02322	0.58669	0.02941	0.02167	0.02941	0.01858	0.02477	0.01393	0.00774	0.01084	0.00310	0.01548	0.01084	0.00464	0.01238
6	0.01842	0.04749	0.62974	0.02617	0.03974	0.02132	0.03392	0.02908	0.01939	0.02908	0.01648	0.01939	0.01163	0.00872	0.00872	0.00291	0.01357	0.00678	0.00388	0.01357
7	0.01904	0.01632	0.01904	0.01360	0.02176	0.01224	0.01088	0.02312	0.01904	0.02992	0.01632	0.01904	0.01360	0.00680	0.00680	0.00136	0.00680	0.00544	0.00544	0.73344
8	0.01623	0.01287	0.01358	0.01427	0.01606	0.07916	0.01027	0.01864	0.02068	0.06469	0.13843	0.42366	0.05659	0.02363	0.01108	0.00341	0.00677	0.05282	0.00854	0.00860
9	0.02455	0.68284	0.04811	0.01571	0.02357	0.03633	0.01571	0.02749	0.01866	0.02160	0.01277	0.01473	0.01178	0.00786	0.00589	0.00196	0.00982	0.00491	0.00393	0.01178
10	0.02246	0.46604	0.24658	0.01928	0.02909	0.03121	0.02193	0.02803	0.01891	0.02415	0.01403	0.01632	0.01173	0.00815	0.00686	0.00229	0.01110	0.00555	0.00391	0.01239
11	0.01311	0.00880	0.01009	0.01032	0.01038	0.00874	0.00590	0.01329	0.01383	0.01843	0.03136	0.12858	0.03645	0.60464	0.04281	0.00832	0.00850	0.01478	0.00590	0.00578
12	0.03293	0.02422	0.02588	0.02017	0.02704	0.02683	0.01655	0.51508	0.08202	0.05499	0.02364	0.02368	0.01700	0.01111	0.00902	0.00274	0.00954	0.00844	0.05403	0.01510
13	0.01934	0.01730	0.02311	0.01651	0.02480	0.01351	0.07754	0.02385	0.01934	0.02986	0.01658	0.01970	0.01364	0.00691	0.00727	0.00156	0.00780	0.00606	0.00535	0.64997
14	0.03634	0.02342	0.02613	0.02003	0.02733	0.02506	0.01655	0.46533	0.03932	0.18739	0.02527	0.02414	0.01724	0.01110	0.00920	0.00278	0.00958	0.00849	0.00968	0.01562
15	0.01904	0.09198	0.55594	0.02611	0.03903	0.02251	0.06327	0.02898	0.01946	0.02856	0.01633	0.01935	0.01177	0.00861	0.00864	0.00285	0.01341	0.00687	0.00392	0.01338
16	0.02227	0.44701	0.26400	0.01959	0.02957	0.03076	0.02247	0.02808	0.01893	0.02438	0.01414	0.01646	0.01173	0.00818	0.00694	0.00231	0.01121	0.00561	0.00391	0.01245
17	0.10339	0.04123	0.48782	0.02614	0.07274	0.02167	0.02987	0.06009	0.02037	0.03215	0.01641	0.01922	0.01184	0.00879	0.00842	0.00288	0.01246	0.00674	0.00442	0.01333
18	0.01119	0.00799	0.01065	0.01278	0.01332	0.00746	0.00852	0.01278	0.01758	0.02344	0.05061	0.67132	0.06073	0.02877	0.01172	0.00373	0.00533	0.02610	0.00852	0.00746
19	0.01305	0.00889	0.01063	0.01090	0.01115	0.00901	0.00660	0.01362	0.01405	0.01892	0.03121	0.13530	0.03570	0.52647	0.10885	0.00890	0.01020	0.01458	0.00587	0.00610
20	0.02007	0.02160	0.04277	0.03184	0.03845	0.02170	0.39046	0.02592	0.01973	0.02749	0.02090	0.09608	0.01883	0.01150	0.01409	0.00323	0.12687	0.01175	0.00501	0.05171

[dist]
# distance from previous block
# <min> <max>
0	29

[block]
# block no. 14 follows, 18 sequences, length 15
# corresponding to MSA columns:
# 668-682
name=unknown_O
#
# <colnr> <probs for GDERKNQSTAVLIFYWHMCP>
#	G	D	E	R	K	N	Q	S	T	A	V	L	I	F	Y	W	H	M	C	P
0	0.01935	0.01747	0.02350	0.08717	0.02860	0.01595	0.05652	0.02492	0.05028	0.02893	0.01724	0.02098	0.01412	0.00826	0.00958	0.00201	0.06642	0.00664	0.00531	0.49673
1	0.02232	0.01945	0.02585	0.01917	0.02642	0.01824	0.08334	0.12532	0.02314	0.03401	0.01715	0.02039	0.01383	0.00869	0.01028	0.00211	0.08026	0.00689	0.00586	0.43727
2	0.01741	0.01626	0.02603	0.50314	0.05311	0.01992	0.02289	0.02268	0.01789	0.02377	0.01781	0.06059	0.01509	0.01089	0.01146	0.00308	0.08266	0.00898	0.00442	0.06193
3	0.02682	0.01915	0.02189	0.01649	0.02405	0.01781	0.01337	0.18879	0.07053	0.11888	0.02220	0.02268	0.01648	0.00904	0.00800	0.00209	0.00791	0.00712	0.00759	0.37912
4	0.03020	0.01733	0.02089	0.01628	0.02295	0.01629	0.01319	0.13683	0.08136	0.26719	0.09280	0.03117	0.02686	0.01118	0.00886	0.00252	0.00757	0.00911	0.00929	0.17814
5	0.01414	0.01010	0.01404	0.01616	0.01799	0.01000	0.01366	0.01789	0.02049	0.02674	0.04898	0.20668	0.05428	0.02598	0.01251	0.00414	0.00789	0.46159	0.00847	0.00827
6	0.01834	0.01558	0.01829	0.01353	0.02101	0.01181	0.01067	0.02220	0.01891	0.02934	0.01938	0.07726	0.01781	0.00876	0.00724	0.00157	0.00667	0.00728	0.00572	0.66864
7	0.01904	0.01632	0.01904	0.01360	0.02176	0.01224	0.01088	0.02312	0.01904	0.02992	0.01632	0.01904	0.01360	0.00680	0.00680	0.00136	0.00680	0.00544	0.00544	0.73344
8	0.01904	0.01632	0.01904	0.01360	0.02176	0.01224	0.01088	0.02312	0.01904	0.02992	0.01632	0.01904	0.01360	0.00680	0.00680	0.00136	0.00680	0.00544	0.00544	0.73344
9	0.01312	0.00984	0.01476	0.01476	0.01640	0.01148	0.01148	0.01640	0.01476	0.02131	0.02459	0.03607	0.02295	0.06886	0.64092	0.01476	0.02459	0.00984	0.00492	0.00820
10	0.02009	0.02009	0.02812	0.02411	0.02411	0.02812	0.02009	0.02210	0.01406	0.02210	0.01205	0.02009	0.01205	0.01607	0.03013	0.00402	0.66051	0.00804	0.00402	0.01004
11	0.01119	0.00799	0.01065	0.01278	0.01332	0.00746	0.00852	0.01278	0.01758	0.02344	0.05061	0.67132	0.06073	0.02877	0.01172	0.00373	0.00533	0.02610	0.00852	0.00746
12	0.02115	0.02049	0.02808	0.02389	0.02442	0.02815	0.01990	0.06288	0.01615	0.02467	0.01277	0.02023	0.01231	0.01571	0.02863	0.00393	0.61375	0.00805	0.00439	0.01044
13	0.02167	0.02477	0.05418	0.03870	0.04799	0.02322	0.58669	0.02941	0.02167	0.02941	0.01858	0.02477	0.01393	0.00774	0.01084	0.00310	0.01548	0.01084	0.00464	0.01238
14	0.01312	0.00984	0.01476	0.01476	0.01640	0.01148	0.01148	0.01640	0.01476	0.02131	0.02459	0.03607	0.02295	0.06886	0.64092	0.01476	0.02459	0.00984	0.00492	0.00820

[dist]
# distance from previous block
# <min> <max>
2	8

[block]
# block no. 15 follows, 18 sequences, length 15
# corresponding to MSA columns:
# 691-705
name=unknown_P
#
# <colnr> <probs for GDERKNQSTAVLIFYWHMCP>
#	G	D	E	R	K	N	Q	S	T	A	V	L	I	F	Y	W	H	M	C	P
0	0.01346	0.01040	0.01308	0.01302	0.01576	0.00884	0.00920	0.01577	0.01800	0.02531	0.04070	0.48279	0.04711	0.02242	0.01030	0.00304	0.00575	0.02013	0.00763	0.21729
1	0.01198	0.00907	0.01331	0.01446	0.01557	0.00851	0.04092	0.01407	0.01801	0.02401	0.04872	0.60232	0.05768	0.02740	0.01173	0.00372	0.00607	0.05636	0.00830	0.00779
2	0.02132	0.02216	0.03051	0.02475	0.02762	0.07456	0.10150	0.02448	0.01683	0.02428	0.01377	0.02034	0.01252	0.01304	0.02232	0.00338	0.42386	0.00792	0.00436	0.11047
3	0.01842	0.01679	0.02097	0.01844	0.02122	0.06145	0.05255	0.06575	0.02105	0.02869	0.10993	0.24123	0.03892	0.01833	0.01472	0.00324	0.15219	0.01499	0.00698	0.07412
4	0.02225	0.02218	0.03981	0.02980	0.03628	0.02300	0.31527	0.10377	0.02268	0.03151	0.01995	0.07011	0.01718	0.01129	0.01417	0.00316	0.13971	0.01067	0.00549	0.06172
5	0.11078	0.02780	0.02422	0.01997	0.02623	0.18838	0.01594	0.26250	0.07845	0.12368	0.02215	0.02207	0.01598	0.01050	0.00859	0.00270	0.01096	0.00759	0.00793	0.01359
6	0.02016	0.02168	0.04386	0.03204	0.03952	0.02085	0.42140	0.02672	0.02147	0.02988	0.10040	0.03006	0.02381	0.00987	0.01211	0.00302	0.06533	0.01104	0.00540	0.06138
7	0.02067	0.02191	0.03798	0.02841	0.03574	0.06047	0.33124	0.02761	0.05531	0.02874	0.02342	0.11315	0.02104	0.01087	0.00997	0.00282	0.01210	0.01162	0.00561	0.14131
8	0.02271	0.02176	0.03471	0.02636	0.03380	0.02194	0.24863	0.07663	0.24354	0.03496	0.02565	0.02738	0.01936	0.00964	0.00959	0.00284	0.01077	0.00973	0.00687	0.11314
9	0.03384	0.01792	0.02173	0.01720	0.02400	0.01741	0.01396	0.11194	0.16113	0.35641	0.03262	0.02951	0.02210	0.01110	0.00900	0.00274	0.00787	0.00898	0.01000	0.09056
10	0.02040	0.01768	0.02784	0.02465	0.10881	0.01530	0.13177	0.02522	0.02062	0.06505	0.06091	0.07456	0.02284	0.00993	0.00874	0.00228	0.00894	0.00948	0.00605	0.33894
11	0.12978	0.01770	0.02221	0.01750	0.02406	0.01728	0.04742	0.12354	0.05200	0.30930	0.02957	0.07536	0.02187	0.01178	0.00887	0.00282	0.00825	0.00968	0.00914	0.06186
12	0.03117	0.02214	0.02460	0.01859	0.02613	0.02254	0.01526	0.38011	0.03488	0.10646	0.02188	0.02213	0.01577	0.00990	0.00854	0.00238	0.00897	0.00759	0.00837	0.21261
13	0.17638	0.02107	0.02208	0.01724	0.02427	0.02211	0.01411	0.28678	0.06409	0.08894	0.02090	0.02135	0.01528	0.00975	0.00799	0.00251	0.00848	0.00721	0.00787	0.16160
14	0.01662	0.01293	0.01648	0.01732	0.06321	0.01215	0.01162	0.08880	0.02135	0.02957	0.03766	0.41064	0.04217	0.02060	0.01022	0.00306	0.00665	0.01839	0.00769	0.15285

[dist]
# distance from previous block
# <min> <max>
9	23

[block]
# block no. 16 follows, 18 sequences, length 194
# corresponding to MSA columns:
# 734-927
name=unknown_Q
#
# <colnr> <probs for GDERKNQSTAVLIFYWHMCP>
#	G	D	E	R	K	N	Q	S	T	A	V	L	I	F	Y	W	H	M	C	P
0	0.45068	0.02193	0.11426	0.01502	0.02183	0.01926	0.01429	0.05999	0.01952	0.08167	0.05744	0.02429	0.04665	0.01029	0.00722	0.00286	0.00808	0.00722	0.00643	0.01108
1	0.54633	0.09067	0.01856	0.01366	0.01934	0.05559	0.01135	0.05947	0.01822	0.03809	0.01543	0.05062	0.01330	0.00973	0.00637	0.00276	0.00799	0.00634	0.00580	0.01038
2	0.11637	0.01514	0.01861	0.01487	0.02100	0.01391	0.01205	0.03602	0.05517	0.36446	0.12732	0.03437	0.03112	0.01183	0.00882	0.00271	0.00702	0.00961	0.00975	0.08986
3	0.06127	0.01212	0.01671	0.01483	0.01809	0.01109	0.06786	0.01761	0.01807	0.02622	0.06830	0.28112	0.07124	0.12802	0.01607	0.00396	0.00725	0.01651	0.00699	0.13668
4	0.19279	0.01981	0.02023	0.01663	0.02261	0.05538	0.01344	0.16204	0.08697	0.20695	0.08756	0.02885	0.02487	0.01143	0.00854	0.00283	0.00826	0.00875	0.00886	0.01321
5	0.02385	0.61056	0.11428	0.01690	0.02541	0.03462	0.01778	0.02767	0.01874	0.02245	0.01319	0.01526	0.01177	0.00795	0.00621	0.00207	0.01025	0.00512	0.00392	0.01199
6	0.02171	0.02078	0.03544	0.16877	0.51553	0.02155	0.02768	0.02729	0.02043	0.02877	0.01709	0.02305	0.01411	0.00837	0.00911	0.00279	0.01116	0.00818	0.00446	0.01373
7	0.02167	0.02477	0.05418	0.03870	0.04799	0.02322	0.58669	0.02941	0.02167	0.02941	0.01858	0.02477	0.01393	0.00774	0.01084	0.00310	0.01548	0.01084	0.00464	0.01238
8	0.01610	0.01071	0.01358	0.01228	0.01514	0.01003	0.00939	0.04978	0.02664	0.08013	0.51093	0.06452	0.10894	0.01808	0.01063	0.00289	0.00491	0.01578	0.01006	0.00949
9	0.01712	0.00856	0.00856	0.00856	0.01070	0.00856	0.00642	0.02139	0.01926	0.03423	0.02995	0.03423	0.02353	0.01070	0.00642	0.00214	0.00428	0.00856	0.72828	0.00856
10	0.01734	0.01632	0.02754	0.65524	0.06324	0.02040	0.02550	0.02346	0.01836	0.02346	0.01632	0.02448	0.01224	0.00918	0.00918	0.00306	0.01224	0.00816	0.00408	0.01020
11	0.01595	0.00797	0.01196	0.01196	0.01196	0.00797	0.00797	0.01196	0.01196	0.01595	0.01595	0.02791	0.01595	0.03190	0.03589	0.73285	0.00797	0.00797	0.00399	0.00399
12	0.01085	0.00930	0.00930	0.00930	0.01240	0.00775	0.00698	0.01318	0.02093	0.02480	0.09302	0.08837	0.61631	0.02325	0.01085	0.00310	0.00465	0.01938	0.00853	0.00775
13	0.02455	0.68284	0.04811	0.01571	0.02357	0.03633	0.01571	0.02749	0.01866	0.02160	0.01277	0.01473	0.01178	0.00786	0.00589	0.00196	0.00982	0.00491	0.00393	0.01178
14	0.01712	0.00856	0.00856	0.00856	0.01070	0.00856	0.00642	0.02139	0.01926	0.03423	0.02995	0.03423	0.02353	0.01070	0.00642	0.00214	0.00428	0.00856	0.72828	0.00856
15	0.03490	0.02572	0.02756	0.02113	0.02847	0.02847	0.01745	0.58942	0.04317	0.05787	0.02204	0.02204	0.01561	0.01102	0.00919	0.00276	0.01010	0.00827	0.00919	0.01561
16	0.04081	0.01624	0.02169	0.01663	0.02375	0.01441	0.01374	0.07804	0.02731	0.59165	0.03536	0.03069	0.02229	0.01134	0.00923	0.00284	0.00795	0.00917	0.01123	0.01563
17	0.07577	0.01649	0.02079	0.01654	0.02321	0.01559	0.01349	0.04453	0.13147	0.48697	0.03517	0.03092	0.02301	0.01141	0.00906	0.00289	0.00767	0.00921	0.01069	0.01512
18	0.01313	0.00979	0.01451	0.01451	0.01607	0.01134	0.01117	0.01624	0.01468	0.02113	0.02482	0.03731	0.02349	0.10034	0.61018	0.01445	0.02378	0.01002	0.00495	0.00806
19	0.07213	0.15762	0.48213	0.02330	0.03528	0.02392	0.02896	0.02865	0.01898	0.02864	0.01555	0.01824	0.01154	0.00856	0.00800	0.00274	0.01244	0.00632	0.00402	0.01299
20	0.02167	0.02477	0.05418	0.03870	0.04799	0.02322	0.58669	0.02941	0.02167	0.02941	0.01858	0.02477	0.01393	0.00774	0.01084	0.00310	0.01548	0.01084	0.00464	0.01238
