[name]
unknown

[dist]
# distance from previous block
# <min> <max>
1	8

[block]
# block no. 0 follows, 22 sequences, length 142
# corresponding to MSA columns:
# 8-149
name=unknown_A
#
# <colnr> <probs for GDERKNQSTAVLIFYWHMCP>
#	G	D	E	R	K	N	Q	S	T	A	V	L	I	F	Y	W	H	M	C	P
0	0.21265	0.09406	0.10630	0.01597	0.02212	0.04212	0.01471	0.06298	0.18202	0.09101	0.02238	0.02552	0.01756	0.00997	0.00735	0.00262	0.00808	0.04479	0.00640	0.01138
1	0.09413	0.15888	0.06081	0.01397	0.01897	0.04588	0.01217	0.02729	0.17223	0.05795	0.09022	0.03567	0.12308	0.04337	0.00928	0.00275	0.00721	0.00940	0.00652	0.01024
2	0.02547	0.01227	0.01598	0.01343	0.01777	0.01134	0.01061	0.05617	0.05601	0.34196	0.21782	0.11482	0.04164	0.01410	0.00904	0.00268	0.00594	0.01209	0.00947	0.01137
3	0.01148	0.00917	0.01441	0.01429	0.01586	0.00858	0.07831	0.01388	0.01714	0.02306	0.09701	0.54249	0.05195	0.02292	0.01048	0.00326	0.00590	0.04498	0.00744	0.00739
4	0.02494	0.04644	0.02146	0.01524	0.02223	0.01770	0.01254	0.25568	0.02623	0.10035	0.01843	0.01922	0.01377	0.00807	0.00717	0.00187	0.00750	0.00623	0.00670	0.36823
5	0.01042	0.00744	0.00998	0.01190	0.01251	0.00700	0.00822	0.01208	0.01620	0.02154	0.04563	0.64777	0.05430	0.02575	0.01068	0.00341	0.00507	0.07556	0.00771	0.00683
6	0.01904	0.02130	0.04553	0.12970	0.04542	0.02064	0.53863	0.02583	0.01917	0.02583	0.01651	0.02237	0.01238	0.00719	0.00959	0.00280	0.01358	0.00945	0.00413	0.01092
7	0.01983	0.09236	0.30413	0.02334	0.03239	0.02030	0.16134	0.05697	0.07586	0.06484	0.05374	0.02272	0.01691	0.00867	0.00830	0.00260	0.01093	0.00781	0.00505	0.01191
8	0.01159	0.00822	0.01086	0.01126	0.01194	0.00870	0.00768	0.01305	0.01337	0.01841	0.02869	0.17974	0.03162	0.31419	0.28368	0.00916	0.01295	0.01322	0.00536	0.00632
9	0.01022	0.00836	0.00841	0.00841	0.01104	0.00710	0.00623	0.01232	0.01854	0.02260	0.07852	0.07621	0.59134	0.05160	0.01108	0.00300	0.00436	0.01677	0.04692	0.00696
10	0.03310	0.02103	0.07783	0.01652	0.02291	0.12338	0.01435	0.06096	0.02349	0.44277	0.02705	0.02489	0.01779	0.00974	0.00804	0.00247	0.00878	0.00759	0.04437	0.01291
11	0.02972	0.02236	0.02290	0.01794	0.02393	0.05782	0.01467	0.52792	0.03578	0.04824	0.02039	0.02094	0.01476	0.00986	0.00798	0.00241	0.00885	0.00740	0.09296	0.01316
12	0.01039	0.00741	0.00978	0.01133	0.01197	0.00693	0.00761	0.01206	0.01662	0.02238	0.11453	0.60199	0.05660	0.05350	0.01184	0.00348	0.00485	0.02215	0.00776	0.00680
13	0.02176	0.65824	0.09436	0.01499	0.02252	0.03176	0.01556	0.02499	0.01693	0.02010	0.01182	0.01367	0.01065	0.00717	0.00554	0.00185	0.00916	0.00458	0.00355	0.01079
14	0.02268	0.04701	0.09253	0.05344	0.11306	0.10523	0.13964	0.07412	0.07677	0.06729	0.01797	0.02069	0.01374	0.00854	0.00918	0.00249	0.04666	0.00741	0.00519	0.07636
15	0.02540	0.02142	0.02650	0.06317	0.11788	0.07712	0.08015	0.19307	0.18812	0.08629	0.02277	0.02356	0.01683	0.00945	0.00842	0.00260	0.00952	0.00809	0.00687	0.01276
16	0.02228	0.01532	0.01610	0.01364	0.01782	0.01677	0.01085	0.24210	0.15016	0.03937	0.02589	0.02703	0.01955	0.01010	0.00723	0.00231	0.00630	0.00798	0.33808	0.01111
17	0.01012	0.00723	0.00964	0.01157	0.01205	0.00675	0.00771	0.01157	0.01591	0.02121	0.04579	0.70262	0.05495	0.02603	0.01060	0.00337	0.00482	0.02362	0.00771	0.00675
18	0.01723	0.01477	0.01723	0.01230	0.01969	0.01107	0.00984	0.02092	0.01723	0.02707	0.01477	0.01723	0.01230	0.00615	0.00615	0.00123	0.00615	0.00492	0.00492	0.75883
19	0.01741	0.01652	0.02803	0.46278	0.26904	0.01891	0.02393	0.02274	0.01743	0.02332	0.01507	0.02159	0.01181	0.00799	0.00828	0.00266	0.01065	0.00739	0.00384	0.01062
20	0.01004	0.00842	0.00872	0.00865	0.01136	0.00711	0.00649	0.01235	0.01946	0.02369	0.14939	0.07789	0.58684	0.02057	0.00982	0.00278	0.00417	0.01724	0.00788	0.00711
21	0.01020	0.00729	0.00971	0.01151	0.01207	0.00680	0.00772	0.01177	0.01627	0.02179	0.07494	0.67181	0.05607	0.02559	0.01056	0.00334	0.00478	0.02320	0.00778	0.00680
22	0.01961	0.02241	0.04902	0.03501	0.04342	0.02101	0.62605	0.02661	0.01961	0.02661	0.01681	0.02241	0.01261	0.00700	0.00980	0.00280	0.01401	0.00980	0.00420	0.01120
23	0.01157	0.00848	0.01085	0.01026	0.01230	0.00776	0.00769	0.01532	0.02308	0.03229	0.59823	0.06374	0.13264	0.01737	0.00980	0.00263	0.00395	0.01526	0.00901	0.00776
24	0.01579	0.00849	0.00892	0.00864	0.01075	0.00864	0.00656	0.04441	0.01840	0.03136	0.05652	0.03209	0.02371	0.01281	0.04129	0.00259	0.00506	0.00814	0.64782	0.00800
25	0.03158	0.02327	0.02493	0.01911	0.02576	0.02576	0.01579	0.62852	0.03906	0.05236	0.01995	0.01995	0.01413	0.00997	0.00831	0.00249	0.00914	0.00748	0.00831	0.01413
26	0.76672	0.01607	0.01221	0.01092	0.01607	0.01864	0.00900	0.02442	0.01414	0.03727	0.01157	0.01350	0.00900	0.00771	0.00514	0.00257	0.00643	0.00450	0.00514	0.00900
27	0.01176	0.00849	0.01110	0.01045	0.01241	0.00784	0.00784	0.01568	0.02352	0.03331	0.65184	0.06206	0.07839	0.01698	0.00980	0.00261	0.00392	0.01502	0.00914	0.00784
28	0.01187	0.00890	0.01335	0.01335	0.01483	0.01038	0.01038	0.01483	0.01335	0.01928	0.02225	0.03264	0.02077	0.06231	0.67512	0.01335	0.02225	0.00890	0.00445	0.00742
29	0.01208	0.00805	0.00906	0.00906	0.00906	0.00805	0.00503	0.01208	0.01208	0.01611	0.02618	0.05436	0.03020	0.70804	0.04228	0.00805	0.00805	0.01208	0.00503	0.00503
30	0.01961	0.02241	0.04902	0.03501	0.04342	0.02101	0.62605	0.02661	0.01961	0.02661	0.01681	0.02241	0.01261	0.00700	0.00980	0.00280	0.01401	0.00980	0.00420	0.01120
31	0.76672	0.01607	0.01221	0.01092	0.01607	0.01864	0.00900	0.02442	0.01414	0.03727	0.01157	0.01350	0.00900	0.00771	0.00514	0.00257	0.00643	0.00450	0.00514	0.00900
32	0.03158	0.02327	0.02493	0.01911	0.02576	0.02576	0.01579	0.62852	0.03906	0.05236	0.01995	0.01995	0.01413	0.00997	0.00831	0.00249	0.00914	0.00748	0.00831	0.01413
33	0.01109	0.00847	0.01018	0.00975	0.01200	0.00756	0.00731	0.01439	0.02194	0.02959	0.45715	0.06819	0.27540	0.01837	0.00981	0.00268	0.00402	0.01588	0.00865	0.00756
34	0.01187	0.00890	0.01335	0.01335	0.01483	0.01038	0.01038	0.01483	0.01335	0.01928	0.02225	0.03264	0.02077	0.06231	0.67512	0.01335	0.02225	0.00890	0.00445	0.00742
35	0.01695	0.07820	0.63233	0.02318	0.03519	0.02001	0.02983	0.02623	0.01750	0.02595	0.01473	0.01732	0.01053	0.00785	0.00776	0.00259	0.01210	0.00605	0.00351	0.01219
36	0.01023	0.00789	0.00935	0.01013	0.01176	0.00701	0.00716	0.01230	0.01822	0.02344	0.14785	0.35782	0.30164	0.02271	0.01017	0.00303	0.00444	0.01991	0.00792	0.00701
37	0.03158	0.02327	0.02493	0.01911	0.02576	0.02576	0.01579	0.62852	0.03906	0.05236	0.01995	0.01995	0.01413	0.00997	0.00831	0.00249	0.00914	0.00748	0.00831	0.01413
38	0.76672	0.01607	0.01221	0.01092	0.01607	0.01864	0.00900	0.02442	0.01414	0.03727	0.01157	0.01350	0.00900	0.00771	0.00514	0.00257	0.00643	0.00450	0.00514	0.00900
39	0.03054	0.02251	0.02432	0.01881	0.02519	0.02495	0.01551	0.59626	0.03771	0.05062	0.02007	0.02061	0.01448	0.01272	0.04336	0.00306	0.00983	0.00755	0.00811	0.01378
40	0.01666	0.04297	0.66500	0.02368	0.03596	0.01929	0.03069	0.02631	0.01754	0.02631	0.01491	0.01754	0.01052	0.00789	0.00789	0.00263	0.01228	0.00614	0.00351	0.01228
41	0.01176	0.00849	0.01110	0.01045	0.01241	0.00784	0.00784	0.01568	0.02352	0.03331	0.65184	0.06206	0.07839	0.01698	0.00980	0.00261	0.00392	0.01502	0.00914	0.00784
42	0.01762	0.00980	0.01002	0.00925	0.01181	0.01013	0.00713	0.10021	0.02029	0.03381	0.02615	0.02951	0.02034	0.00972	0.00614	0.00201	0.00457	0.00771	0.65517	0.00859
43	0.01111	0.00765	0.00935	0.01030	0.01053	0.00741	0.00635	0.01183	0.01397	0.01862	0.03585	0.37405	0.04240	0.37171	0.02666	0.00575	0.00646	0.01777	0.00635	0.00588
44	0.03086	0.02258	0.02417	0.01861	0.02505	0.02496	0.01535	0.60142	0.03810	0.05140	0.02026	0.02044	0.01445	0.00996	0.00820	0.00247	0.00891	0.00749	0.04149	0.01384
45	0.02066	0.01785	0.01878	0.01691	0.02160	0.02066	0.01315	0.04414	0.64121	0.03475	0.03381	0.03099	0.02536	0.01127	0.00845	0.00282	0.00657	0.00939	0.00845	0.01315
46	0.76672	0.01607	0.01221	0.01092	0.01607	0.01864	0.00900	0.02442	0.01414	0.03727	0.01157	0.01350	0.00900	0.00771	0.00514	0.00257	0.00643	0.00450	0.00514	0.00900
47	0.02221	0.71304	0.04353	0.01421	0.02132	0.03287	0.01421	0.02488	0.01688	0.01955	0.01155	0.01333	0.01066	0.00711	0.00533	0.00178	0.00888	0.00444	0.00355	0.01066
48	0.01042	0.00744	0.00998	0.01190	0.01251	0.00700	0.00822	0.01208	0.01620	0.02154	0.04563	0.64777	0.05430	0.02575	0.01068	0.00341	0.00507	0.07556	0.00771	0.00683
49	0.01077	0.00845	0.00974	0.00942	0.01181	0.00742	0.00706	0.01377	0.02119	0.02780	0.36410	0.07113	0.36956	0.01904	0.00981	0.00271	0.00407	0.01630	0.00842	0.00742
50	0.02056	0.01974	0.03372	0.05099	0.65622	0.01974	0.02550	0.02550	0.01892	0.02714	0.01563	0.02056	0.01316	0.00740	0.00822	0.00247	0.00987	0.00740	0.00411	0.01316
51	0.01117	0.00847	0.01029	0.00984	0.01205	0.00759	0.00738	0.01455	0.02214	0.03004	0.48091	0.06744	0.25136	0.01820	0.00980	0.00267	0.00401	0.01578	0.00871	0.00759
52	0.01137	0.00961	0.00997	0.00968	0.01264	0.00881	0.00732	0.01634	0.09795	0.02500	0.13029	0.07211	0.52048	0.01943	0.00964	0.00279	0.00448	0.01627	0.00794	0.00786
53	0.44368	0.10079	0.01979	0.01519	0.04006	0.09915	0.01209	0.05788	0.01747	0.06548	0.01337	0.01529	0.01053	0.00841	0.00726	0.00249	0.05074	0.00522	0.00516	0.00995
54	0.01373	0.00970	0.01092	0.01078	0.01340	0.00904	0.00791	0.01811	0.08969	0.08082	0.06119	0.22277	0.34285	0.05630	0.01143	0.00320	0.00509	0.01699	0.00789	0.00819
55	0.01719	0.03984	0.58005	0.02735	0.11942	0.01935	0.02999	0.02620	0.01772	0.02642	0.01500	0.01795	0.01088	0.00783	0.00794	0.00261	0.01195	0.00631	0.00359	0.01240
56	0.01036	0.00748	0.00989	0.01159	0.01230	0.00689	0.00778	0.01188	0.01595	0.02140	0.04476	0.67998	0.05354	0.02537	0.01046	0.00330	0.00486	0.02300	0.00762	0.03159
57	0.01257	0.01101	0.01853	0.01663	0.01894	0.01063	0.13532	0.01541	0.01730	0.02335	0.09179	0.45074	0.07125	0.02061	0.01109	0.00318	0.03781	0.01904	0.00693	0.00788
58	0.03158	0.02327	0.02493	0.01911	0.02576	0.02576	0.01579	0.62852	0.03906	0.05236	0.01995	0.01995	0.01413	0.00997	0.00831	0.00249	0.00914	0.00748	0.00831	0.01413
59	0.01406	0.00900	0.01184	0.01084	0.01320	0.00823	0.00823	0.01791	0.02354	0.08994	0.59608	0.05901	0.07318	0.01638	0.00967	0.00261	0.00420	0.01442	0.00925	0.00841
60	0.02658	0.01891	0.02009	0.01608	0.02138	0.02081	0.01306	0.42394	0.08790	0.04544	0.02298	0.02369	0.01693	0.01002	0.00770	0.00238	0.00760	0.00772	0.19437	0.01245
61	0.01585	0.00866	0.00878	0.00861	0.01073	0.00892	0.00644	0.02136	0.07344	0.03085	0.02768	0.03170	0.02194	0.03158	0.00718	0.00221	0.00425	0.00803	0.66365	0.00815
62	0.01717	0.03944	0.55925	0.02562	0.03724	0.01959	0.13290	0.02636	0.01789	0.02636	0.01523	0.01838	0.01088	0.00774	0.00822	0.00266	0.01257	0.00677	0.00363	0.01209
63	0.02135	0.63836	0.07680	0.01470	0.02180	0.03092	0.01494	0.02443	0.01673	0.01991	0.01230	0.01458	0.01119	0.01006	0.04076	0.00243	0.00978	0.00477	0.00360	0.01058
64	0.01124	0.00889	0.01019	0.00995	0.01244	0.00804	0.00758	0.01504	0.04638	0.02747	0.30926	0.07143	0.36323	0.01910	0.00984	0.00278	0.00437	0.04682	0.00832	0.00763
65	0.09360	0.05910	0.02277	0.01868	0.06168	0.05876	0.01428	0.31187	0.04979	0.11498	0.04400	0.05434	0.03823	0.01075	0.00802	0.00251	0.00841	0.00838	0.00749	0.01236
66	0.02751	0.03023	0.02247	0.02074	0.04523	0.38186	0.01554	0.11673	0.16372	0.02845	0.02025	0.02358	0.01649	0.01008	0.00805	0.00244	0.01174	0.03789	0.00594	0.01105
67	0.11005	0.05139	0.05781	0.02826	0.18159	0.32470	0.05625	0.02885	0.02023	0.02458	0.01363	0.01683	0.01123	0.00820	0.00816	0.00237	0.03483	0.00611	0.00425	0.01067
68	0.01972	0.19947	0.38743	0.01994	0.02957	0.02237	0.02320	0.02928	0.10595	0.06153	0.01777	0.01903	0.01322	0.00832	0.00738	0.00245	0.01036	0.00631	0.00460	0.01212
69	0.02217	0.02019	0.02652	0.05453	0.30454	0.05042	0.01938	0.10112	0.24850	0.03228	0.02260	0.02410	0.01754	0.00919	0.00829	0.00259	0.00886	0.00804	0.00617	0.01298
70	0.01384	0.00942	0.01049	0.00997	0.01057	0.00965	0.00600	0.06761	0.01451	0.01937	0.02561	0.05126	0.02875	0.64517	0.03922	0.00755	0.00815	0.01167	0.00533	0.00585
71	0.01638	0.04098	0.62728	0.02291	0.03460	0.01863	0.02938	0.02570	0.01788	0.02671	0.05165	0.02011	0.01444	0.00842	0.00800	0.00263	0.01180	0.00665	0.00383	0.01202
72	0.01012	0.00723	0.00964	0.01157	0.01205	0.00675	0.00771	0.01157	0.01591	0.02121	0.04579	0.70262	0.05495	0.02603	0.01060	0.00337	0.00482	0.02362	0.00771	0.00675
73	0.01723	0.01477	0.01723	0.01230	0.01969	0.01107	0.00984	0.02092	0.01723	0.02707	0.01477	0.01723	0.01230	0.00615	0.00615	0.00123	0.00615	0.00492	0.00492	0.75883
74	0.01246	0.00905	0.01034	0.01052	0.01297	0.00819	0.00783	0.01581	0.05354	0.06314	0.08795	0.23652	0.37109	0.02106	0.00993	0.00298	0.00483	0.04603	0.00797	0.00779
75	0.06778	0.03123	0.11355	0.02030	0.02572	0.29211	0.01759	0.13070	0.09275	0.02904	0.01638	0.01823	0.01282	0.00962	0.00984	0.00253	0.08702	0.00643	0.00529	0.01105
76	0.01626	0.01535	0.02176	0.01924	0.01969	0.02086	0.01580	0.01842	0.01291	0.01978	0.01436	0.02258	0.01391	0.02908	0.22447	0.00659	0.48871	0.00777	0.00388	0.00858
77	0.02624	0.01881	0.02181	0.02020	0.07978	0.02050	0.01479	0.19366	0.32639	0.14261	0.02840	0.02673	0.02055	0.01042	0.00838	0.00266	0.00762	0.00854	0.00833	0.01357
78	0.73611	0.04472	0.01350	0.01106	0.01628	0.01922	0.00921	0.02444	0.01425	0.03654	0.01157	0.01349	0.00907	0.00769	0.00515	0.00254	0.00653	0.00450	0.00508	0.00907
79	0.01234	0.01028	0.01240	0.04550	0.01602	0.04714	0.01003	0.01426	0.01649	0.02142	0.04028	0.53707	0.04717	0.02325	0.01133	0.00333	0.04456	0.07281	0.00709	0.00725
80	0.01208	0.00805	0.00906	0.00906	0.00906	0.00805	0.00503	0.01208	0.01208	0.01611	0.02618	0.05436	0.03020	0.70804	0.04228	0.00805	0.00805	0.01208	0.00503	0.00503
81	0.02048	0.01913	0.03124	0.13985	0.50364	0.01994	0.02401	0.05960	0.04957	0.02806	0.01662	0.02126	0.01350	0.00786	0.00825	0.00253	0.00984	0.00750	0.00450	0.01264
82	0.01125	0.00813	0.01073	0.01151	0.01290	0.00761	0.00851	0.01408	0.01963	0.02677	0.29712	0.32551	0.08859	0.02165	0.01036	0.00310	0.00483	0.10208	0.00829	0.00734
83	0.01155	0.00848	0.01082	0.01024	0.01229	0.00775	0.00768	0.01528	0.02303	0.03217	0.59209	0.06394	0.13884	0.01741	0.00980	0.00263	0.00395	0.01529	0.00899	0.00775
84	0.01902	0.01449	0.01875	0.01393	0.02065	0.01143	0.04826	0.02266	0.01800	0.09875	0.01974	0.08054	0.01710	0.00847	0.00703	0.00167	0.00663	0.00730	0.00574	0.55983
85	0.01691	0.07336	0.63682	0.02325	0.03529	0.01991	0.02995	0.02624	0.01751	0.02600	0.01476	0.01735	0.01053	0.00786	0.00778	0.00259	0.01212	0.00606	0.00351	0.01220
86	0.01918	0.23232	0.22413	0.02539	0.11430	0.02273	0.12266	0.02506	0.01794	0.02442	0.01584	0.02149	0.01332	0.00814	0.00759	0.00237	0.01067	0.03759	0.00401	0.05082
87	0.01236	0.00888	0.01200	0.01356	0.01514	0.00867	0.01109	0.01542	0.01838	0.02408	0.08344	0.21525	0.08215	0.05607	0.01258	0.00381	0.00667	0.38551	0.00763	0.00732
88	0.01896	0.01527	0.01779	0.01283	0.02013	0.01204	0.01031	0.05954	0.01886	0.05519	0.01584	0.01786	0.01276	0.00656	0.00638	0.00137	0.00638	0.00522	0.00536	0.68136
89	0.01188	0.00886	0.01316	0.01316	0.01457	0.01028	0.01014	0.01471	0.01329	0.01914	0.02243	0.03362	0.02120	0.09159	0.64642	0.01311	0.02161	0.00904	0.00448	0.00731
90	0.06564	0.02662	0.02336	0.01910	0.02487	0.19303	0.01527	0.38813	0.09277	0.04161	0.01906	0.01943	0.01409	0.00963	0.00796	0.00244	0.01027	0.00697	0.00713	0.01262
91	0.02577	0.02038	0.02166	0.01794	0.02355	0.02305	0.01438	0.31730	0.35975	0.04298	0.02733	0.02583	0.02011	0.01066	0.00839	0.00267	0.00777	0.00850	0.00839	0.01361
92	0.01096	0.00846	0.01000	0.00961	0.01192	0.00750	0.00721	0.01413	0.02163	0.02883	0.41790	0.06943	0.31512	0.01865	0.00981	0.00269	0.00404	0.01606	0.00856	0.00750
93	0.01713	0.07722	0.60363	0.02442	0.06332	0.02003	0.02959	0.02620	0.01757	0.02599	0.01476	0.01745	0.01065	0.00783	0.00777	0.00258	0.01199	0.00611	0.00354	0.01223
94	0.01666	0.04297	0.66500	0.02368	0.03596	0.01929	0.03069	0.02631	0.01754	0.02631	0.01491	0.01754	0.01052	0.00789	0.00789	0.00263	0.01228	0.00614	0.00351	0.01228
95	0.01230	0.00902	0.01199	0.01358	0.01543	0.00871	0.01135	0.01548	0.01862	0.02391	0.05111	0.18054	0.15224	0.02307	0.01106	0.00358	0.00665	0.41626	0.00767	0.00741
96	0.01306	0.00873	0.01161	0.01152	0.01347	0.00813	0.00880	0.01654	0.02172	0.06328	0.43986	0.16664	0.06744	0.01889	0.01008	0.00290	0.00474	0.09586	0.00877	0.00797
97	0.32949	0.01958	0.01989	0.03951	0.05585	0.02203	0.01364	0.29972	0.05875	0.04292	0.01686	0.01800	0.01247	0.00893	0.00702	0.00255	0.00800	0.00636	0.00665	0.01177
98	0.01012	0.00723	0.00964	0.01157	0.01205	0.00675	0.00771	0.01157	0.01591	0.02121	0.04579	0.70262	0.05495	0.02603	0.01060	0.00337	0.00482	0.02362	0.00771	0.00675
99	0.01496	0.01297	0.02160	0.37889	0.03955	0.01477	0.07140	0.01965	0.01716	0.02323	0.02413	0.12845	0.02285	0.01255	0.00885	0.00288	0.00923	0.07802	0.09015	0.00870
100	0.01723	0.01477	0.01723	0.01230	0.01969	0.01107	0.00984	0.02092	0.01723	0.02707	0.01477	0.01723	0.01230	0.00615	0.00615	0.00123	0.00615	0.00492	0.00492	0.75883
101	0.01162	0.00992	0.03977	0.01089	0.01329	0.00817	0.00867	0.01539	0.02212	0.03079	0.51030	0.11283	0.13952	0.01776	0.00978	0.00270	0.00440	0.01560	0.00862	0.00785
102	0.51458	0.10329	0.03946	0.01295	0.01874	0.02085	0.01131	0.07894	0.05015	0.06371	0.01452	0.01575	0.01107	0.00814	0.00585	0.00248	0.00720	0.00523	0.00557	0.01020
103	0.05790	0.00862	0.01161	0.01220	0.01358	0.00826	0.03153	0.01378	0.01748	0.02487	0.16538	0.50384	0.05521	0.02232	0.01007	0.00315	0.00509	0.02016	0.00771	0.00728
104	0.01961	0.39885	0.33493	0.01865	0.02818	0.02650	0.02194	0.02555	0.01719	0.02272	0.01312	0.01530	0.01060	0.00748	0.00653	0.00218	0.01048	0.00524	0.00353	0.01142
105	0.03104	0.06707	0.02377	0.01735	0.02353	0.06215	0.01433	0.34985	0.05678	0.20220	0.05090	0.02365	0.01865	0.01014	0.00814	0.00246	0.00862	0.00778	0.00829	0.01330
106	0.01859	0.01177	0.01237	0.01090	0.01373	0.01231	0.00822	0.17161	0.02202	0.03316	0.02867	0.03546	0.06039	0.13685	0.01329	0.00324	0.00598	0.00907	0.38355	0.00882
107	0.20649	0.01236	0.01353	0.01315	0.01554	0.01369	0.00991	0.08660	0.01814	0.02927	0.05586	0.36038	0.03553	0.01810	0.01041	0.00306	0.06766	0.01506	0.00682	0.00842
108	0.02164	0.01738	0.01960	0.01440	0.02156	0.01560	0.01167	0.20794	0.02395	0.03485	0.01636	0.01806	0.01287	0.00733	0.00682	0.00162	0.00707	0.00571	0.00596	0.52961
109	0.01188	0.00809	0.00900	0.00900	0.00926	0.00796	0.00515	0.01207	0.01270	0.01668	0.03140	0.05667	0.08629	0.64616	0.03936	0.00758	0.00771	0.01257	0.00528	0.00521
110	0.02161	0.01812	0.01911	0.01679	0.02166	0.02069	0.01318	0.12123	0.53025	0.03653	0.03437	0.03186	0.05403	0.01157	0.00850	0.00277	0.00681	0.00953	0.00840	0.01299
111	0.01208	0.00805	0.00906	0.00906	0.00906	0.00805	0.00503	0.01208	0.01208	0.01611	0.02618	0.05436	0.03020	0.70804	0.04228	0.00805	0.00805	0.01208	0.00503	0.00503
112	0.01940	0.01513	0.01731	0.05372	0.02102	0.01682	0.01223	0.07661	0.31894	0.07138	0.12061	0.03926	0.09122	0.04943	0.01125	0.00305	0.03285	0.01070	0.00794	0.01115
113	0.02899	0.02183	0.02272	0.01794	0.02389	0.04386	0.01463	0.49488	0.09929	0.04762	0.02180	0.02192	0.01583	0.01004	0.00808	0.00247	0.00859	0.00764	0.07467	0.01332
114	0.01878	0.01642	0.02328	0.23754	0.09400	0.03985	0.05148	0.07229	0.05467	0.02719	0.01838	0.02333	0.01449	0.00966	0.01064	0.00266	0.10951	0.00763	0.15817	0.01003
115	0.02637	0.02385	0.02409	0.01972	0.02441	0.15163	0.05031	0.27817	0.08382	0.03618	0.01886	0.02079	0.01451	0.01031	0.01092	0.00260	0.11402	0.00736	0.07043	0.01167
116	0.01981	0.02623	0.24565	0.03553	0.34706	0.01804	0.02467	0.02615	0.01861	0.06670	0.01748	0.02095	0.01345	0.00795	0.00790	0.00248	0.00998	0.00706	0.07185	0.01243
117	0.01129	0.00826	0.01086	0.01252	0.01385	0.00783	0.00962	0.01371	0.01751	0.02273	0.05035	0.39211	0.13387	0.02421	0.01082	0.00346	0.00578	0.23641	0.00769	0.00712
118	0.02047	0.04917	0.02010	0.01971	0.11007	0.01743	0.01349	0.03372	0.32763	0.10248	0.04005	0.03809	0.14732	0.01235	0.00853	0.00269	0.00674	0.01037	0.00766	0.01192
119	0.01121	0.00817	0.00970	0.00999	0.01126	0.00762	0.00687	0.01303	0.01726	0.02278	0.18423	0.17732	0.18977	0.23945	0.02036	0.00458	0.00565	0.04700	0.00718	0.00656
120	0.34170	0.15665	0.12391	0.01969	0.08059	0.05326	0.06798	0.02550	0.01654	0.02953	0.01295	0.01555	0.01032	0.00757	0.00639	0.00242	0.00917	0.00550	0.00437	0.01041
121	0.09484	0.09912	0.02476	0.02102	0.06324	0.40689	0.01553	0.07183	0.08112	0.02570	0.01523	0.01688	0.01231	0.00862	0.00726	0.00225	0.01211	0.00584	0.00494	0.01053
122	0.01176	0.00845	0.01094	0.07130	0.01472	0.00872	0.00785	0.01291	0.01380	0.01841	0.03122	0.25888	0.03586	0.38519	0.06840	0.00640	0.00817	0.01517	0.00574	0.00611
123	0.02040	0.01694	0.01861	0.01741	0.04221	0.01920	0.01306	0.04083	0.54420	0.05503	0.08883	0.03335	0.02957	0.01162	0.00856	0.00278	0.00646	0.00980	0.00843	0.01270
124	0.01044	0.00747	0.00992	0.01135	0.01212	0.00696	0.00774	0.01236	0.01738	0.02356	0.16337	0.57834	0.05949	0.02427	0.01045	0.00323	0.00465	0.02195	0.00799	0.00696
125	0.42441	0.01904	0.07427	0.01400	0.02003	0.01834	0.01252	0.08560	0.01789	0.07124	0.01437	0.01621	0.01093	0.00830	0.00742	0.00243	0.04993	0.00540	0.00548	0.12217
126	0.09904	0.01542	0.01874	0.01449	0.02075	0.01442	0.01190	0.12013	0.02411	0.42203	0.02680	0.02465	0.01772	0.00953	0.00771	0.00239	0.00707	0.00748	0.04005	0.09560
127	0.72378	0.05627	0.01402	0.01111	0.01637	0.01946	0.00930	0.02445	0.01430	0.03625	0.01157	0.01349	0.00909	0.00768	0.00515	0.00252	0.00657	0.00450	0.00505	0.00909
128	0.01880	0.02105	0.10550	0.15994	0.26801	0.01931	0.07695	0.02801	0.13424	0.02719	0.02003	0.02562	0.01609	0.00896	0.00852	0.00270	0.01006	0.03221	0.00492	0.01190
129	0.02279	0.01891	0.14428	0.01708	0.02315	0.01365	0.04970	0.02752	0.02063	0.24877	0.11808	0.03891	0.05653	0.01248	0.00994	0.00274	0.04747	0.07282	0.00743	0.04714
130	0.01041	0.00757	0.00985	0.01139	0.01228	0.00701	0.00790	0.01225	0.01700	0.02255	0.10099	0.56043	0.10972	0.02465	0.01051	0.00328	0.00484	0.05265	0.00783	0.00691
131	0.02129	0.01816	0.01914	0.01703	0.02184	0.02096	0.01330	0.07785	0.60648	0.03577	0.03301	0.03036	0.02471	0.01120	0.00844	0.00280	0.00672	0.00928	0.00844	0.01321
132	0.01135	0.00818	0.01061	0.01101	0.01245	0.00764	0.00803	0.01420	0.01998	0.02745	0.35621	0.25267	0.09347	0.06334	0.01220	0.00329	0.00477	0.06758	0.00827	0.00729
133	0.01068	0.00796	0.01066	0.04722	0.01481	0.00765	0.00889	0.01262	0.01654	0.02166	0.04793	0.54801	0.11336	0.02430	0.01048	0.00332	0.00534	0.07408	0.00749	0.00699
134	0.02852	0.02315	0.08091	0.01849	0.02496	0.02310	0.01624	0.47443	0.03359	0.07022	0.02023	0.02092	0.01453	0.00996	0.00884	0.00251	0.03700	0.00741	0.07177	0.01321
135	0.01174	0.01120	0.05109	0.01067	0.01406	0.00856	0.00888	0.01492	0.01955	0.02576	0.21773	0.06513	0.33722	0.05411	0.01117	0.00294	0.00520	0.04743	0.00743	0.07521
136	0.01657	0.04043	0.60735	0.08352	0.03787	0.01922	0.03001	0.02585	0.01746	0.02585	0.01490	0.01795	0.01057	0.00793	0.00793	0.00264	0.01217	0.00625	0.00352	0.01200
137	0.01811	0.01604	0.02614	0.17359	0.13131	0.01719	0.11691	0.02577	0.11378	0.05773	0.11892	0.06533	0.02699	0.01107	0.00982	0.00277	0.04176	0.01016	0.00594	0.01065
138	0.01915	0.01702	0.02517	0.10772	0.06135	0.05199	0.12441	0.05791	0.04402	0.06112	0.02316	0.15202	0.02171	0.01295	0.01223	0.00292	0.13214	0.01095	0.05212	0.00994
139	0.01847	0.12129	0.37601	0.06095	0.09131	0.07598	0.02436	0.02539	0.01859	0.02536	0.07173	0.02134	0.01695	0.00864	0.00776	0.00247	0.01103	0.00685	0.00416	0.01136
140	0.44699	0.15350	0.02038	0.01364	0.01881	0.14358	0.01139	0.02564	0.01638	0.02977	0.01236	0.01475	0.01025	0.01062	0.04083	0.00290	0.00933	0.00488	0.00464	0.00935
141	0.31642	0.04478	0.16168	0.02211	0.08385	0.01935	0.13169	0.02561	0.03754	0.03119	0.04286	0.01941	0.01406	0.00810	0.00721	0.00260	0.00939	0.00674	0.00476	0.01063

[dist]
# distance from previous block
# <min> <max>
0	2

[block]
# block no. 1 follows, 22 sequences, length 11
# corresponding to MSA columns:
# 152-162
name=unknown_B
#
# <colnr> <probs for GDERKNQSTAVLIFYWHMCP>
#	G	D	E	R	K	N	Q	S	T	A	V	L	I	F	Y	W	H	M	C	P
0	0.05100	0.33482	0.03142	0.11890	0.06062	0.02418	0.01538	0.06023	0.04763	0.02490	0.01611	0.02147	0.01406	0.00849	0.00672	0.00214	0.00865	0.04014	0.00460	0.10854
1	0.01659	0.01484	0.02437	0.08770	0.07929	0.01614	0.13737	0.05425	0.01761	0.02488	0.02363	0.16789	0.02346	0.05707	0.04505	0.00373	0.11320	0.01166	0.07203	0.00923
2	0.01979	0.01022	0.01342	0.01179	0.01515	0.00910	0.00912	0.02311	0.02256	0.23672	0.34960	0.10672	0.10686	0.01591	0.00940	0.00268	0.00505	0.01379	0.00927	0.00973
3	0.01569	0.01477	0.02492	0.68808	0.05722	0.01846	0.02307	0.02123	0.01661	0.02123	0.01477	0.02215	0.01107	0.00831	0.00831	0.00277	0.01107	0.00738	0.00369	0.00923
4	0.01549	0.00774	0.00774	0.00774	0.00968	0.00774	0.00581	0.01936	0.01742	0.03097	0.02710	0.03097	0.02129	0.00968	0.00581	0.00194	0.00387	0.00774	0.75416	0.00774
5	0.01735	0.01740	0.02947	0.06548	0.08128	0.02034	0.17311	0.02084	0.01556	0.02228	0.01778	0.09730	0.01752	0.05318	0.01908	0.00350	0.30468	0.01002	0.00436	0.00949
6	0.01091	0.00805	0.01020	0.01052	0.01211	0.00734	0.00756	0.01372	0.02025	0.02757	0.36052	0.28136	0.15791	0.02066	0.01007	0.00290	0.00427	0.01831	0.00844	0.00734
7	0.01841	0.01873	0.06609	0.12762	0.14774	0.01816	0.16392	0.07775	0.02025	0.02767	0.04810	0.06492	0.02205	0.01152	0.01026	0.00290	0.04712	0.09090	0.00527	0.01064
8	0.64368	0.01710	0.01294	0.01165	0.01644	0.06587	0.00941	0.02426	0.01569	0.03567	0.07015	0.01804	0.01546	0.00862	0.00574	0.00254	0.00683	0.00552	0.00544	0.00894
9	0.01934	0.02189	0.06974	0.09100	0.03952	0.02173	0.40336	0.04976	0.01874	0.02592	0.01555	0.02126	0.01211	0.00871	0.01282	0.00294	0.14180	0.00884	0.00419	0.01079
10	0.02243	0.02415	0.09532	0.02794	0.03512	0.07861	0.34885	0.02951	0.06376	0.10201	0.01889	0.02225	0.01396	0.00856	0.01063	0.00277	0.06997	0.00865	0.00513	0.01147

[dist]
# distance from previous block
# <min> <max>
2	3

[block]
# block no. 2 follows, 22 sequences, length 42
# corresponding to MSA columns:
# 166-207
name=unknown_C
#
# <colnr> <probs for GDERKNQSTAVLIFYWHMCP>
#	G	D	E	R	K	N	Q	S	T	A	V	L	I	F	Y	W	H	M	C	P
0	0.03375	0.01472	0.01920	0.01473	0.02105	0.01308	0.01210	0.08859	0.02449	0.52146	0.05929	0.02814	0.02199	0.01020	0.00822	0.00244	0.00702	0.00828	0.00957	0.08171
1	0.01699	0.08257	0.62828	0.02312	0.03509	0.02010	0.02972	0.02622	0.01750	0.02591	0.01471	0.01729	0.01053	0.00785	0.00774	0.00258	0.01208	0.00604	0.00351	0.01218
2	0.01148	0.00847	0.01076	0.01050	0.01250	0.00776	0.00793	0.01498	0.02215	0.03053	0.49808	0.10274	0.15986	0.01844	0.00995	0.00276	0.00423	0.05046	0.00876	0.00764
3	0.01412	0.00850	0.01088	0.06199	0.01524	0.00852	0.00852	0.01681	0.01665	0.06185	0.03442	0.32569	0.03557	0.04778	0.04191	0.00347	0.00608	0.01494	0.25940	0.00767
4	0.01002	0.00828	0.00879	0.00896	0.01142	0.00705	0.00660	0.01220	0.01897	0.02322	0.12764	0.15125	0.53439	0.02128	0.00991	0.00286	0.00426	0.01803	0.00783	0.00705
5	0.01723	0.01477	0.01723	0.01230	0.01969	0.01107	0.00984	0.02092	0.01723	0.02707	0.01477	0.01723	0.01230	0.00615	0.00615	0.00123	0.00615	0.00492	0.00492	0.75883
6	0.01101	0.00766	0.00960	0.01074	0.01114	0.00736	0.00692	0.01209	0.01486	0.01985	0.05845	0.42175	0.04636	0.27686	0.02228	0.00509	0.00608	0.03896	0.00677	0.00618
7	0.03192	0.02272	0.02459	0.01885	0.02549	0.02494	0.01557	0.59297	0.03814	0.08921	0.02072	0.02045	0.01452	0.00999	0.00831	0.00250	0.00902	0.00753	0.00843	0.01413
8	0.01791	0.01140	0.01286	0.01168	0.01437	0.01187	0.00882	0.13401	0.04424	0.05462	0.09269	0.11316	0.03083	0.09051	0.05091	0.00367	0.00673	0.01092	0.26984	0.00896
9	0.01682	0.01602	0.02695	0.44532	0.10440	0.01931	0.07042	0.02179	0.01653	0.02249	0.01502	0.02185	0.01185	0.00910	0.01111	0.00283	0.11171	0.00758	0.03924	0.00966
10	0.76672	0.01607	0.01221	0.01092	0.01607	0.01864	0.00900	0.02442	0.01414	0.03727	0.01157	0.01350	0.00900	0.00771	0.00514	0.00257	0.00643	0.00450	0.00514	0.00900
11	0.01728	0.03900	0.55164	0.02713	0.09052	0.01949	0.08683	0.02627	0.01786	0.02641	0.01515	0.01826	0.01095	0.00777	0.00810	0.00263	0.01223	0.00660	0.00363	0.01225
12	0.01208	0.00805	0.00906	0.00906	0.00906	0.00805	0.00503	0.01208	0.01208	0.01611	0.02618	0.05436	0.03020	0.70804	0.04228	0.00805	0.00805	0.01208	0.00503	0.00503
13	0.01443	0.01025	0.01513	0.04503	0.04024	0.01155	0.01157	0.03480	0.01501	0.05826	0.02237	0.03189	0.02020	0.07673	0.53977	0.01134	0.01952	0.00882	0.00488	0.00821
14	0.01693	0.04110	0.60886	0.02471	0.03664	0.01945	0.08495	0.02634	0.01773	0.02634	0.01508	0.01798	0.01071	0.00781	0.00807	0.00265	0.01243	0.00647	0.00357	0.01218
15	0.01539	0.00875	0.00979	0.00948	0.01120	0.00952	0.00730	0.01900	0.01664	0.02895	0.02525	0.03001	0.02034	0.01490	0.06867	0.00312	0.06537	0.00781	0.62067	0.00783
16	0.01702	0.09578	0.48460	0.02288	0.03335	0.01961	0.09179	0.02525	0.01825	0.02639	0.07287	0.02176	0.01695	0.00856	0.00805	0.00257	0.01141	0.00720	0.00410	0.01162
17	0.03017	0.06750	0.02694	0.02052	0.02652	0.23736	0.05164	0.36505	0.03161	0.03855	0.01697	0.01810	0.01273	0.00918	0.00796	0.00236	0.01132	0.00675	0.00649	0.01229
18	0.08499	0.23195	0.31756	0.02131	0.05716	0.08298	0.04623	0.02633	0.01774	0.02481	0.01357	0.01607	0.01065	0.00765	0.00697	0.00233	0.01100	0.00564	0.00379	0.01128
19	0.01887	0.05903	0.30574	0.20050	0.04069	0.10397	0.10598	0.02583	0.01832	0.02397	0.01473	0.01892	0.01098	0.00794	0.00810	0.00259	0.01240	0.00679	0.00375	0.01092
20	0.18295	0.04831	0.01919	0.06069	0.02173	0.01661	0.06689	0.08841	0.07252	0.08811	0.04099	0.02454	0.01794	0.00924	0.00700	0.00241	0.00714	0.00744	0.20764	0.01025
21	0.01195	0.00858	0.01173	0.01173	0.01265	0.00950	0.00836	0.01379	0.01287	0.01808	0.02374	0.04085	0.02433	0.30640	0.43590	0.01135	0.01688	0.01010	0.00467	0.00652
22	0.02466	0.01952	0.02076	0.01737	0.02260	0.02204	0.01377	0.28223	0.35849	0.04093	0.02769	0.02778	0.02102	0.05010	0.01031	0.00298	0.00771	0.00876	0.00820	0.01309
23	0.01017	0.00739	0.00959	0.01123	0.01199	0.00682	0.00759	0.01178	0.01652	0.02186	0.07644	0.61717	0.11049	0.02517	0.01050	0.00329	0.00472	0.02268	0.00778	0.00682
24	0.02033	0.02261	0.09284	0.09808	0.12022	0.02090	0.31141	0.10220	0.02130	0.02927	0.03371	0.02228	0.01425	0.00828	0.00993	0.00273	0.04475	0.00865	0.00471	0.01154
25	0.01772	0.08195	0.47853	0.02574	0.03676	0.02059	0.17054	0.02629	0.01799	0.02594	0.01514	0.01842	0.01103	0.00763	0.00818	0.00262	0.01246	0.00690	0.00368	0.01192
26	0.00982	0.00842	0.00842	0.00842	0.01122	0.00701	0.00631	0.01192	0.01894	0.02244	0.08416	0.07995	0.65285	0.02104	0.00982	0.00281	0.00421	0.01753	0.00771	0.00701
27	0.01261	0.00901	0.01250	0.01442	0.01599	0.00890	0.01204	0.01588	0.01836	0.02400	0.04441	0.23784	0.04950	0.02368	0.01127	0.00372	0.00698	0.46380	0.00766	0.00744
28	0.02844	0.01867	0.02121	0.01719	0.02277	0.02003	0.01404	0.35134	0.10708	0.16415	0.02673	0.05573	0.02074	0.01413	0.04067	0.00318	0.00879	0.04364	0.00846	0.01300
29	0.03158	0.02327	0.02493	0.01911	0.02576	0.02576	0.01579	0.62852	0.03906	0.05236	0.01995	0.01995	0.01413	0.00997	0.00831	0.00249	0.00914	0.00748	0.00831	0.01413
30	0.02371	0.08578	0.02149	0.01406	0.02112	0.01587	0.01169	0.12479	0.02197	0.14518	0.01855	0.01928	0.01393	0.00762	0.00682	0.00173	0.00708	0.00591	0.00631	0.42709
31	0.01898	0.01561	0.02267	0.25330	0.03408	0.01777	0.07156	0.14619	0.04264	0.02962	0.02070	0.06458	0.01736	0.03757	0.03519	0.00326	0.04197	0.00892	0.10806	0.00998
32	0.01012	0.00723	0.00964	0.01157	0.01205	0.00675	0.00771	0.01157	0.01591	0.02121	0.04579	0.70262	0.05495	0.02603	0.01060	0.00337	0.00482	0.02362	0.00771	0.00675
33	0.08359	0.01491	0.01782	0.27757	0.03174	0.05419	0.01464	0.09258	0.01971	0.02956	0.01923	0.02376	0.01475	0.00894	0.00712	0.00240	0.00819	0.00715	0.26288	0.00929
34	0.02472	0.01813	0.02092	0.05846	0.07928	0.01988	0.01438	0.33728	0.08286	0.04145	0.02223	0.02382	0.01661	0.00969	0.00769	0.00240	0.00779	0.00770	0.19262	0.01208
35	0.01569	0.01477	0.02492	0.68808	0.05722	0.01846	0.02307	0.02123	0.01661	0.02123	0.01477	0.02215	0.01107	0.00831	0.00831	0.00277	0.01107	0.00738	0.00369	0.00923
36	0.01603	0.01496	0.02452	0.46133	0.11516	0.01835	0.02124	0.02078	0.01605	0.02151	0.01537	0.02284	0.01249	0.01557	0.09305	0.00414	0.08577	0.00756	0.00383	0.00943
37	0.01208	0.00805	0.00906	0.00906	0.00906	0.00805	0.00503	0.01208	0.01208	0.01611	0.02618	0.05436	0.03020	0.70804	0.04228	0.00805	0.00805	0.01208	0.00503	0.00503
38	0.01531	0.01274	0.01969	0.42576	0.03987	0.01547	0.01743	0.01984	0.01645	0.02333	0.02010	0.08587	0.01736	0.01067	0.00930	0.00270	0.05732	0.00894	0.17317	0.00866
39	0.01648	0.01493	0.01659	0.01820	0.10892	0.08948	0.01103	0.01801	0.01510	0.01976	0.02140	0.06177	0.02299	0.37366	0.02743	0.00536	0.06830	0.00995	0.00477	0.07589
40	0.01771	0.01407	0.01471	0.01301	0.01682	0.03736	0.01013	0.11914	0.15153	0.05546	0.18330	0.05218	0.25019	0.01554	0.00916	0.00268	0.00591	0.01293	0.00824	0.00994
41	0.06934	0.02664	0.02776	0.03533	0.34330	0.26532	0.02017	0.02922	0.02067	0.06356	0.01538	0.01852	0.01244	0.00803	0.00778	0.00236	0.01142	0.00652	0.00461	0.01165

[dist]
# distance from previous block
# <min> <max>
0	5

[block]
# block no. 3 follows, 22 sequences, length 44
# corresponding to MSA columns:
# 213-232,250-273
name=unknown_D
#
# <colnr> <probs for GDERKNQSTAVLIFYWHMCP>
#	G	D	E	R	K	N	Q	S	T	A	V	L	I	F	Y	W	H	M	C	P
0	0.06640	0.01755	0.02141	0.02384	0.16553	0.01924	0.01538	0.03718	0.39664	0.07329	0.03026	0.02933	0.04627	0.01050	0.00825	0.00271	0.00725	0.00890	0.00735	0.01272
1	0.02341	0.02304	0.03119	0.04286	0.48891	0.11541	0.02296	0.09921	0.02201	0.02919	0.01574	0.01968	0.01292	0.00788	0.00813	0.00242	0.01052	0.00711	0.00464	0.01276
2	0.01987	0.01301	0.01464	0.01359	0.03939	0.01407	0.01017	0.18875	0.02304	0.03532	0.02456	0.05665	0.01999	0.01308	0.03918	0.00279	0.03682	0.00839	0.41697	0.00973
3	0.34675	0.14244	0.17712	0.04697	0.02648	0.02148	0.08283	0.02504	0.01612	0.02977	0.01307	0.01578	0.01013	0.00760	0.00647	0.00248	0.00927	0.00558	0.00432	0.01031
4	0.25871	0.01706	0.02457	0.25565	0.06109	0.01935	0.10755	0.05300	0.01756	0.05705	0.01494	0.01933	0.01128	0.00834	0.00841	0.00272	0.04172	0.00686	0.00476	0.01005
5	0.01732	0.01417	0.01672	0.03611	0.01994	0.01213	0.01046	0.08882	0.02017	0.02951	0.07599	0.09757	0.04536	0.01026	0.00740	0.00183	0.00626	0.00863	0.00603	0.47535
6	0.01040	0.00737	0.00963	0.01125	0.01173	0.00694	0.00742	0.01179	0.01579	0.02113	0.06782	0.60546	0.05315	0.10098	0.01407	0.00386	0.00514	0.02200	0.00747	0.00660
7	0.01149	0.00898	0.01125	0.01214	0.04500	0.00817	0.00842	0.01446	0.02034	0.02699	0.30795	0.12209	0.27273	0.04428	0.01108	0.00301	0.00478	0.05121	0.00802	0.00761
8	0.01124	0.00777	0.00924	0.00995	0.01027	0.00752	0.00609	0.01188	0.01384	0.01831	0.03637	0.29470	0.07112	0.42148	0.02894	0.00606	0.00667	0.01661	0.00616	0.00577
9	0.02791	0.02088	0.02237	0.01779	0.02365	0.02319	0.01448	0.46246	0.15262	0.04718	0.04855	0.02430	0.01923	0.01049	0.00828	0.00253	0.00818	0.00816	0.04436	0.01338
10	0.01723	0.01477	0.01723	0.01230	0.01969	0.01107	0.00984	0.02092	0.01723	0.02707	0.01477	0.01723	0.01230	0.00615	0.00615	0.00123	0.00615	0.00492	0.00492	0.75883
11	0.01062	0.00845	0.00952	0.00925	0.01171	0.00735	0.00694	0.01347	0.02082	0.02692	0.31774	0.07259	0.41647	0.01937	0.00981	0.00273	0.00409	0.01650	0.00830	0.00735
12	0.01225	0.00946	0.01408	0.01386	0.01526	0.01130	0.01086	0.01515	0.01331	0.01933	0.02157	0.03176	0.02017	0.05942	0.63594	0.01276	0.06280	0.00880	0.00440	0.00752
13	0.01930	0.02428	0.11338	0.03443	0.08507	0.02090	0.49688	0.02625	0.01908	0.02637	0.01630	0.02160	0.01236	0.00741	0.01014	0.00279	0.03885	0.00915	0.00410	0.01138
14	0.01110	0.00847	0.01019	0.00976	0.01201	0.00756	0.00732	0.01440	0.02196	0.02962	0.45900	0.06813	0.27353	0.01836	0.00981	0.00268	0.00402	0.01588	0.00866	0.00756
15	0.02038	0.02098	0.03797	0.02856	0.03376	0.02311	0.34223	0.08904	0.01923	0.02701	0.01503	0.02062	0.01216	0.01003	0.01591	0.00307	0.25706	0.00864	0.00444	0.01076
16	0.11824	0.01435	0.01849	0.01435	0.02064	0.01292	0.01185	0.03870	0.02271	0.59264	0.03042	0.02664	0.01928	0.01000	0.00800	0.00257	0.00700	0.00793	0.00971	0.01357
17	0.01000	0.00837	0.00870	0.00873	0.01136	0.00707	0.00650	0.01222	0.01918	0.02330	0.13023	0.10700	0.57703	0.02093	0.00985	0.00282	0.00421	0.01760	0.00783	0.00707
18	0.01339	0.00956	0.01339	0.01530	0.01721	0.00956	0.01339	0.01721	0.01912	0.02486	0.04399	0.09371	0.04781	0.02295	0.01147	0.00382	0.00765	0.60031	0.00765	0.00765
19	0.02551	0.02737	0.02432	0.02099	0.02396	0.27925	0.01673	0.12605	0.04900	0.02609	0.01416	0.01778	0.01199	0.01131	0.01559	0.00283	0.28524	0.00665	0.00487	0.01031
20	0.01118	0.00798	0.01085	0.01277	0.01372	0.00766	0.00954	0.01339	0.01694	0.02239	0.04521	0.50607	0.05264	0.02503	0.01088	0.00352	0.00573	0.20977	0.00769	0.00704
21	0.01569	0.01477	0.02492	0.68808	0.05722	0.01846	0.02307	0.02123	0.01661	0.02123	0.01477	0.02215	0.01107	0.00831	0.00831	0.00277	0.01107	0.00738	0.00369	0.00923
22	0.02130	0.02114	0.03300	0.04890	0.61171	0.06598	0.02483	0.02604	0.01924	0.02666	0.01543	0.02017	0.01299	0.00748	0.00817	0.00244	0.01023	0.00726	0.00412	0.01291
23	0.08186	0.07248	0.05318	0.02040	0.02525	0.56554	0.01613	0.03182	0.02226	0.02176	0.01278	0.01491	0.01057	0.00840	0.00723	0.00217	0.01394	0.00528	0.00427	0.00976
24	0.01283	0.00883	0.01083	0.01012	0.01263	0.00788	0.00767	0.01616	0.02217	0.07077	0.44232	0.06521	0.24611	0.01776	0.00971	0.00267	0.00421	0.01534	0.00879	0.00800
25	0.01095	0.00784	0.01027	0.01095	0.01207	0.00730	0.00764	0.01344	0.01914	0.02641	0.31710	0.38444	0.06431	0.05399	0.01173	0.00325	0.00457	0.01922	0.00823	0.00716
26	0.01999	0.01883	0.03027	0.12289	0.48241	0.01973	0.02323	0.02795	0.11778	0.02764	0.01842	0.02242	0.01485	0.00813	0.00827	0.00256	0.00949	0.00772	0.00475	0.01268
27	0.01208	0.00805	0.00906	0.00906	0.00906	0.00805	0.00503	0.01208	0.01208	0.01611	0.02618	0.05436	0.03020	0.70804	0.04228	0.00805	0.00805	0.01208	0.00503	0.00503
28	0.01723	0.01477	0.01723	0.01230	0.01969	0.01107	0.00984	0.02092	0.01723	0.02707	0.01477	0.01723	0.01230	0.00615	0.00615	0.00123	0.00615	0.00492	0.00492	0.75883
29	0.03158	0.02327	0.02493	0.01911	0.02576	0.02576	0.01579	0.62852	0.03906	0.05236	0.01995	0.01995	0.01413	0.00997	0.00831	0.00249	0.00914	0.00748	0.00831	0.01413
30	0.03089	0.02393	0.02448	0.01912	0.02551	0.06470	0.01565	0.55750	0.07420	0.04936	0.02035	0.02031	0.01459	0.00996	0.00827	0.00249	0.00934	0.00747	0.00808	0.01380
31	0.01012	0.00723	0.00964	0.01157	0.01205	0.00675	0.00771	0.01157	0.01591	0.02121	0.04579	0.70262	0.05495	0.02603	0.01060	0.00337	0.00482	0.02362	0.00771	0.00675
32	0.01666	0.04297	0.66500	0.02368	0.03596	0.01929	0.03069	0.02631	0.01754	0.02631	0.01491	0.01754	0.01052	0.00789	0.00789	0.00263	0.01228	0.00614	0.00351	0.01228
33	0.01175	0.00856	0.01109	0.01066	0.01267	0.00791	0.00813	0.01554	0.02291	0.03201	0.57217	0.06545	0.11342	0.01767	0.00992	0.00271	0.00420	0.05651	0.00895	0.00777
34	0.02221	0.71304	0.04353	0.01421	0.02132	0.03287	0.01421	0.02488	0.01688	0.01955	0.01155	0.01333	0.01066	0.00711	0.00533	0.00178	0.00888	0.00444	0.00355	0.01066
35	0.01176	0.00849	0.01110	0.01045	0.01241	0.00784	0.00784	0.01568	0.02352	0.03331	0.65184	0.06206	0.07839	0.01698	0.00980	0.00261	0.00392	0.01502	0.00914	0.00784
36	0.01263	0.01054	0.01494	0.01295	0.01599	0.00981	0.07431	0.01758	0.05923	0.02979	0.39536	0.06066	0.22064	0.01664	0.00972	0.00270	0.00524	0.01479	0.00819	0.00830
37	0.02221	0.71304	0.04353	0.01421	0.02132	0.03287	0.01421	0.02488	0.01688	0.01955	0.01155	0.01333	0.01066	0.00711	0.00533	0.00178	0.00888	0.00444	0.00355	0.01066
38	0.01286	0.00876	0.01132	0.01053	0.01276	0.00800	0.00795	0.01663	0.02323	0.06294	0.58522	0.06158	0.11279	0.01692	0.00973	0.00262	0.00409	0.01486	0.00911	0.00809
39	0.02117	0.01810	0.01907	0.01701	0.02179	0.02090	0.01327	0.07112	0.61341	0.03556	0.03317	0.03048	0.02484	0.01121	0.00845	0.00280	0.00669	0.00930	0.00845	0.01319
40	0.01958	0.16039	0.41247	0.02074	0.03039	0.06423	0.02407	0.06924	0.04674	0.02671	0.01652	0.04317	0.01314	0.00877	0.00756	0.00247	0.01108	0.00668	0.00428	0.01177
41	0.01673	0.04982	0.05963	0.02274	0.02794	0.04495	0.26471	0.02263	0.05906	0.02547	0.07412	0.21559	0.03104	0.01396	0.00960	0.00290	0.00973	0.03382	0.00588	0.00968
42	0.01956	0.01244	0.01351	0.01181	0.01496	0.01334	0.00922	0.19653	0.02295	0.03495	0.02438	0.02935	0.01967	0.05784	0.08793	0.00382	0.00784	0.00806	0.40243	0.00941
