[name]
unknown

[dist]
# distance from previous block
# <min> <max>
0	102

[block]
# block no. 0 follows, 25 sequences, length 96
# corresponding to MSA columns:
# 108-203
name=unknown_A
#
# <colnr> <probs for GDERKNQSTAVLIFYWHMCP>
#	G	D	E	R	K	N	Q	S	T	A	V	L	I	F	Y	W	H	M	C	P
0	0.01678	0.02020	0.11003	0.06672	0.03108	0.01890	0.25502	0.02166	0.01582	0.02266	0.01524	0.02307	0.01309	0.00961	0.01329	0.00274	0.21193	0.04741	0.00393	0.08080
1	0.01216	0.05630	0.01379	0.08206	0.01720	0.01015	0.00931	0.01504	0.03826	0.02126	0.06978	0.38470	0.05508	0.06327	0.01057	0.00293	0.00570	0.01518	0.00615	0.11111
2	0.02329	0.01747	0.01996	0.05977	0.02337	0.01751	0.01278	0.30593	0.06310	0.07512	0.01798	0.01887	0.01334	0.00798	0.00702	0.00193	0.00736	0.00624	0.00643	0.29457
3	0.02067	0.01471	0.01754	0.01321	0.01913	0.01318	0.01070	0.11895	0.02026	0.12834	0.05957	0.02078	0.01682	0.00798	0.00772	0.00173	0.04711	0.00618	0.00602	0.44942
4	0.01445	0.00723	0.00723	0.00723	0.00903	0.00723	0.00542	0.01807	0.01626	0.02891	0.02529	0.02891	0.01987	0.00903	0.00542	0.00181	0.00361	0.00723	0.77055	0.00723
5	0.01673	0.01857	0.06000	0.17227	0.03804	0.01814	0.36376	0.02208	0.01651	0.02261	0.01520	0.02203	0.01230	0.05397	0.01198	0.00291	0.07226	0.00824	0.00383	0.04855
6	0.01115	0.00795	0.01010	0.00978	0.01168	0.00737	0.00748	0.01464	0.02085	0.02938	0.52673	0.05997	0.12324	0.01621	0.00903	0.00251	0.00396	0.06321	0.05753	0.00722
7	0.01156	0.00882	0.01134	0.01046	0.01238	0.00851	0.00787	0.01471	0.01986	0.02813	0.50032	0.08423	0.08895	0.05058	0.01152	0.00271	0.05039	0.01329	0.00763	0.05677
8	0.06247	0.09142	0.04088	0.02816	0.03509	0.05532	0.48444	0.02454	0.01760	0.02412	0.01443	0.01904	0.01122	0.00704	0.00927	0.00252	0.05042	0.00803	0.00389	0.01011
9	0.04255	0.06173	0.05438	0.05811	0.08372	0.06411	0.01473	0.02064	0.05471	0.02409	0.07066	0.05492	0.03217	0.01502	0.00894	0.00292	0.00802	0.31398	0.00596	0.00862
10	0.01955	0.58015	0.14351	0.05426	0.02400	0.02788	0.01621	0.02324	0.01584	0.01935	0.01145	0.01354	0.00995	0.00681	0.00552	0.00184	0.00892	0.00456	0.00332	0.01012
11	0.06688	0.00973	0.01238	0.01081	0.01390	0.00901	0.00843	0.02107	0.02144	0.19815	0.46761	0.04694	0.05520	0.01370	0.00852	0.00243	0.00456	0.01180	0.00856	0.00889
12	0.01353	0.09669	0.01492	0.01142	0.01293	0.05135	0.00839	0.01503	0.01388	0.01817	0.07862	0.08239	0.02760	0.31356	0.16713	0.00660	0.04625	0.01014	0.00481	0.00657
13	0.01445	0.00723	0.00723	0.00723	0.00903	0.00723	0.00542	0.01807	0.01626	0.02891	0.02529	0.02891	0.01987	0.00903	0.00542	0.00181	0.00361	0.00723	0.77055	0.00723
14	0.02828	0.02349	0.02274	0.04235	0.02484	0.12703	0.01487	0.49979	0.06987	0.04229	0.01817	0.01857	0.01320	0.00912	0.00765	0.00230	0.00930	0.00678	0.00703	0.01233
15	0.06392	0.49362	0.03393	0.01489	0.02058	0.13604	0.01359	0.06533	0.01774	0.02129	0.01145	0.01336	0.01010	0.00746	0.00666	0.00190	0.04989	0.00462	0.00380	0.00984
16	0.01015	0.00744	0.01028	0.05165	0.01431	0.00727	0.00872	0.01201	0.01528	0.02024	0.04084	0.59889	0.04804	0.02296	0.00988	0.00317	0.00518	0.10019	0.00697	0.00654
17	0.07710	0.05372	0.02250	0.03912	0.02416	0.34565	0.01460	0.27283	0.02664	0.03167	0.01451	0.01585	0.01114	0.00840	0.00710	0.00216	0.01102	0.00575	0.00547	0.01061
18	0.00945	0.00675	0.00900	0.01080	0.01125	0.00630	0.00720	0.01080	0.01484	0.01979	0.04274	0.72245	0.05128	0.02429	0.00990	0.00315	0.00450	0.02204	0.00720	0.00630
19	0.01638	0.01509	0.02313	0.47818	0.10021	0.01829	0.01980	0.04353	0.11559	0.02308	0.01649	0.02150	0.01263	0.00853	0.00891	0.00261	0.05495	0.00718	0.00429	0.00963
20	0.13762	0.01795	0.01978	0.09873	0.02500	0.02018	0.01379	0.29593	0.17418	0.08785	0.02077	0.02093	0.01500	0.00911	0.00735	0.00244	0.00767	0.00703	0.00697	0.01172
21	0.01982	0.01035	0.01300	0.01115	0.01484	0.00932	0.00877	0.02388	0.05763	0.27016	0.26098	0.04853	0.19130	0.01412	0.00858	0.00248	0.00495	0.01197	0.00858	0.00959
22	0.01714	0.01375	0.01619	0.01162	0.01846	0.01040	0.00931	0.02056	0.01643	0.06277	0.01474	0.01666	0.01192	0.00596	0.00586	0.00122	0.00579	0.00478	0.00488	0.73157
23	0.05096	0.03985	0.01777	0.07288	0.02081	0.01196	0.05189	0.02361	0.03825	0.21028	0.12788	0.15489	0.03067	0.01225	0.00800	0.00240	0.00642	0.01073	0.00701	0.10151
24	0.02102	0.17997	0.12632	0.05773	0.07040	0.22725	0.04799	0.02570	0.04719	0.02147	0.01492	0.04924	0.01288	0.00818	0.00690	0.00210	0.01047	0.00631	0.00406	0.05989
25	0.00945	0.00675	0.00900	0.01080	0.01125	0.00630	0.00720	0.01080	0.01484	0.01979	0.04274	0.72245	0.05128	0.02429	0.00990	0.00315	0.00450	0.02204	0.00720	0.00630
26	0.01608	0.01378	0.01608	0.01148	0.01837	0.01034	0.00919	0.01952	0.01608	0.02527	0.01378	0.01608	0.01148	0.00574	0.00574	0.00115	0.00574	0.00459	0.00459	0.77491
27	0.01997	0.04624	0.02334	0.10365	0.02602	0.01776	0.07426	0.10002	0.04486	0.09409	0.01648	0.01969	0.01290	0.01107	0.04190	0.00278	0.15069	0.00670	0.00511	0.18249
28	0.59866	0.03656	0.01343	0.01105	0.01568	0.01759	0.00902	0.09399	0.01620	0.03467	0.04051	0.01727	0.01281	0.04706	0.00722	0.00265	0.00634	0.00532	0.00524	0.00874
29	0.00989	0.00788	0.00886	0.00861	0.01092	0.00685	0.00646	0.01253	0.01938	0.02500	0.31695	0.06794	0.43506	0.01812	0.00916	0.00255	0.00382	0.01543	0.00773	0.00685
30	0.01675	0.01758	0.03282	0.16599	0.03573	0.01975	0.30060	0.02137	0.01552	0.02161	0.01399	0.02027	0.01145	0.01182	0.05340	0.00340	0.21700	0.00795	0.00368	0.00930
31	0.01658	0.01302	0.01843	0.02290	0.19083	0.01342	0.01472	0.02396	0.15317	0.06291	0.03172	0.12988	0.03109	0.01500	0.00906	0.00292	0.00713	0.22689	0.00658	0.00981
32	0.00945	0.00675	0.00900	0.01080	0.01125	0.00630	0.00720	0.01080	0.01484	0.01979	0.04274	0.72245	0.05128	0.02429	0.00990	0.00315	0.00450	0.02204	0.00720	0.00630
33	0.02073	0.73217	0.04063	0.01327	0.01990	0.03068	0.01327	0.02322	0.01575	0.01824	0.01078	0.01244	0.00995	0.00663	0.00498	0.00166	0.00829	0.00415	0.00332	0.00995
34	0.00945	0.00675	0.00900	0.01080	0.01125	0.00630	0.00720	0.01080	0.01484	0.01979	0.04274	0.72245	0.05128	0.02429	0.00990	0.00315	0.00450	0.02204	0.00720	0.00630
35	0.02947	0.02172	0.02327	0.01784	0.02404	0.02404	0.01474	0.65329	0.03646	0.04887	0.01862	0.01862	0.01319	0.00931	0.00776	0.00233	0.00853	0.00698	0.00776	0.01319
36	0.01463	0.01349	0.02279	0.37515	0.03765	0.01606	0.09085	0.01853	0.01487	0.02015	0.01697	0.08539	0.01524	0.01380	0.05136	0.04121	0.10376	0.00861	0.03127	0.00819
37	0.02896	0.03695	0.02197	0.01998	0.02397	0.69638	0.01498	0.03096	0.02197	0.01898	0.01199	0.01398	0.00999	0.00799	0.00699	0.00200	0.01398	0.00499	0.00400	0.00899
38	0.01410	0.01403	0.02734	0.02165	0.02565	0.01344	0.31993	0.01792	0.01625	0.02198	0.02758	0.32508	0.02954	0.04840	0.01148	0.00310	0.03412	0.01473	0.00535	0.00832
39	0.01006	0.00722	0.00954	0.01038	0.01138	0.00670	0.00724	0.01233	0.01768	0.02431	0.29544	0.45687	0.06003	0.02092	0.00960	0.00287	0.00416	0.01884	0.00773	0.00670
40	0.01762	0.02111	0.08029	0.06975	0.03981	0.01890	0.55617	0.02403	0.01791	0.02435	0.01644	0.04569	0.01298	0.00729	0.00899	0.00262	0.01252	0.00928	0.00397	0.01026
41	0.02896	0.03695	0.02197	0.01998	0.02397	0.69638	0.01498	0.03096	0.02197	0.01898	0.01199	0.01398	0.00999	0.00799	0.00699	0.00200	0.01398	0.00499	0.00400	0.00899
42	0.00945	0.00675	0.00900	0.01080	0.01125	0.00630	0.00720	0.01080	0.01484	0.01979	0.04274	0.72245	0.05128	0.02429	0.00990	0.00315	0.00450	0.02204	0.00720	0.00630
43	0.02077	0.01739	0.01837	0.01608	0.02073	0.01998	0.01263	0.13042	0.57350	0.03483	0.02967	0.02743	0.02214	0.01034	0.00787	0.00259	0.00649	0.00851	0.00787	0.01241
44	0.01567	0.05984	0.17325	0.18483	0.05464	0.01744	0.18986	0.02122	0.01637	0.02233	0.01848	0.10876	0.01678	0.00996	0.00893	0.00264	0.03758	0.02772	0.00412	0.00957
45	0.01647	0.14338	0.51021	0.05888	0.03300	0.02001	0.06655	0.02411	0.01635	0.02335	0.01354	0.01630	0.01000	0.00722	0.00714	0.00235	0.01102	0.00577	0.00333	0.01101
46	0.01566	0.06123	0.05251	0.01344	0.01754	0.01491	0.01110	0.02746	0.31337	0.02802	0.13817	0.10401	0.09598	0.01290	0.00806	0.00248	0.00576	0.01094	0.00710	0.05939
47	0.00999	0.00739	0.01000	0.04656	0.01382	0.00713	0.00837	0.01180	0.01536	0.02021	0.04341	0.58209	0.08889	0.02286	0.00982	0.00313	0.00502	0.08064	0.00700	0.00652
48	0.17517	0.01450	0.01664	0.01301	0.01865	0.01390	0.01058	0.11328	0.02084	0.33406	0.02213	0.02220	0.01549	0.04374	0.00843	0.00244	0.00665	0.00664	0.00737	0.13427
49	0.06085	0.01304	0.01427	0.01270	0.01519	0.04380	0.00952	0.12727	0.04846	0.06105	0.04819	0.03436	0.04109	0.23974	0.16146	0.00609	0.04011	0.00899	0.00567	0.00816
50	0.01380	0.01244	0.01878	0.10743	0.02207	0.01586	0.03359	0.01653	0.01296	0.01878	0.01708	0.06175	0.01639	0.03206	0.30617	0.00709	0.26714	0.00835	0.00395	0.00778
51	0.02009	0.01709	0.01773	0.01526	0.01998	0.03916	0.01199	0.12861	0.43863	0.03324	0.04990	0.02866	0.05143	0.01038	0.00773	0.00242	0.00652	0.00849	0.00742	0.08527
52	0.29148	0.06155	0.01881	0.03919	0.02079	0.04922	0.01212	0.20881	0.16454	0.03612	0.01779	0.01828	0.01338	0.00856	0.00654	0.00237	0.00739	0.00614	0.00616	0.01076
53	0.01043	0.00748	0.00903	0.00933	0.01031	0.00701	0.00622	0.01205	0.01600	0.02146	0.21395	0.22849	0.13785	0.25322	0.01934	0.00432	0.00518	0.01551	0.00674	0.00608
54	0.01722	0.01757	0.02452	0.16469	0.06060	0.06902	0.05230	0.02012	0.01401	0.01955	0.01211	0.01853	0.01086	0.01353	0.05295	0.00349	0.40974	0.00689	0.00354	0.00876
55	0.01688	0.01720	0.02734	0.11242	0.02803	0.02221	0.12291	0.01984	0.01342	0.01984	0.01156	0.01810	0.01046	0.01164	0.02042	0.00316	0.50506	0.00719	0.00349	0.00883
56	0.00945	0.00675	0.00900	0.01080	0.01125	0.00630	0.00720	0.01080	0.01484	0.01979	0.04274	0.72245	0.05128	0.02429	0.00990	0.00315	0.00450	0.02204	0.00720	0.00630
57	0.02717	0.11995	0.02374	0.01855	0.02292	0.55253	0.01439	0.06095	0.02178	0.02049	0.01490	0.01651	0.03738	0.00837	0.00687	0.00200	0.01260	0.00546	0.00424	0.00922
58	0.00970	0.00685	0.00892	0.01047	0.01086	0.00647	0.00685	0.01086	0.01435	0.01913	0.04019	0.62909	0.04807	0.12203	0.01401	0.00376	0.00492	0.02055	0.00685	0.00608
59	0.01688	0.01693	0.02450	0.05850	0.02288	0.02325	0.03951	0.01894	0.01230	0.01894	0.01057	0.01731	0.01024	0.01300	0.02390	0.00332	0.65019	0.00687	0.00341	0.00856
60	0.07831	0.01934	0.02152	0.01673	0.02240	0.02117	0.01383	0.45305	0.03061	0.16790	0.01986	0.01961	0.01383	0.00951	0.00873	0.00242	0.05403	0.00694	0.00763	0.01257
61	0.02896	0.03695	0.02197	0.01998	0.02397	0.69638	0.01498	0.03096	0.02197	0.01898	0.01199	0.01398	0.00999	0.00799	0.00699	0.00200	0.01398	0.00499	0.00400	0.00899
62	0.01820	0.01802	0.02950	0.24502	0.41903	0.04865	0.06368	0.02298	0.01724	0.02335	0.01430	0.01952	0.01156	0.00719	0.00776	0.00239	0.01002	0.00696	0.00373	0.01091
63	0.00916	0.00785	0.00785	0.00785	0.01047	0.00655	0.00589	0.01113	0.01767	0.02095	0.07855	0.07462	0.67599	0.01964	0.00916	0.00262	0.00393	0.01636	0.00720	0.00655
64	0.01728	0.01950	0.06613	0.06441	0.03076	0.02147	0.26453	0.02143	0.01481	0.02143	0.01272	0.01868	0.01079	0.01019	0.01718	0.00300	0.36505	0.00766	0.00360	0.00941
65	0.01213	0.00819	0.00915	0.00890	0.00919	0.00830	0.00517	0.04151	0.01246	0.01663	0.02416	0.04923	0.02748	0.69369	0.03797	0.00727	0.00756	0.01107	0.00484	0.00510
66	0.01111	0.00914	0.00931	0.00934	0.01193	0.00765	0.00681	0.01248	0.01847	0.02245	0.07604	0.11765	0.61719	0.02076	0.00989	0.00297	0.00463	0.01699	0.00772	0.00748
67	0.01818	0.02173	0.07287	0.03223	0.04023	0.01954	0.62468	0.02482	0.01822	0.02482	0.01561	0.02072	0.01168	0.00657	0.00907	0.00261	0.01300	0.00901	0.00389	0.01050
68	0.01608	0.01378	0.01608	0.01148	0.01837	0.01034	0.00919	0.01952	0.01608	0.02527	0.01378	0.01608	0.01148	0.00574	0.00574	0.00115	0.00574	0.00459	0.00459	0.77491
69	0.72661	0.03681	0.01279	0.03982	0.01677	0.01779	0.00910	0.02268	0.01337	0.03365	0.01092	0.01293	0.00853	0.00720	0.00493	0.00238	0.00625	0.00431	0.00470	0.00845
70	0.00953	0.00683	0.00893	0.01057	0.01108	0.00637	0.00702	0.01083	0.01478	0.01960	0.04322	0.66435	0.07435	0.05866	0.01132	0.00334	0.00462	0.02129	0.00707	0.00623
71	0.01128	0.00752	0.00846	0.00846	0.00846	0.00752	0.00470	0.01128	0.01128	0.01503	0.02443	0.05074	0.02819	0.72751	0.03946	0.00752	0.00752	0.01128	0.00470	0.00470
72	0.01883	0.01948	0.09487	0.17410	0.35255	0.01784	0.08755	0.02479	0.04392	0.06696	0.01620	0.02025	0.01250	0.00741	0.00783	0.00243	0.00977	0.00715	0.00425	0.01133
73	0.12788	0.38210	0.07150	0.01614	0.05306	0.12544	0.01415	0.02583	0.01708	0.08509	0.01324	0.01460	0.01073	0.00726	0.00580	0.00196	0.00891	0.00486	0.00425	0.01011
74	0.01241	0.00900	0.01213	0.01364	0.01531	0.00908	0.01143	0.01653	0.05244	0.02289	0.04001	0.16624	0.04362	0.05298	0.01174	0.00364	0.00675	0.48588	0.00708	0.00720
75	0.02083	0.01684	0.01958	0.05856	0.10027	0.04594	0.01388	0.08579	0.32729	0.08910	0.02607	0.07001	0.02068	0.01022	0.00779	0.00245	0.00719	0.00863	0.00687	0.06201
76	0.02222	0.32726	0.03170	0.05537	0.02420	0.20249	0.05591	0.02487	0.01711	0.03899	0.01207	0.01499	0.01041	0.00825	0.00932	0.00216	0.12404	0.00538	0.00374	0.00952
77	0.00945	0.00675	0.00900	0.01080	0.01125	0.00630	0.00720	0.01080	0.01484	0.01979	0.04274	0.72245	0.05128	0.02429	0.00990	0.00315	0.00450	0.02204	0.00720	0.00630
78	0.01737	0.02195	0.14624	0.17376	0.24428	0.01847	0.21735	0.02343	0.01719	0.02392	0.01465	0.01954	0.01130	0.00704	0.00809	0.00248	0.01101	0.00739	0.00369	0.01083
79	0.01163	0.05529	0.01237	0.01020	0.01237	0.00891	0.00798	0.01514	0.02110	0.02932	0.56550	0.05756	0.09266	0.01577	0.00897	0.00247	0.00420	0.05307	0.00805	0.00744
80	0.00945	0.00675	0.00900	0.01080	0.01125	0.00630	0.00720	0.01080	0.01484	0.01979	0.04274	0.72245	0.05128	0.02429	0.00990	0.00315	0.00450	0.02204	0.00720	0.00630
81	0.02110	0.70088	0.03979	0.01357	0.02008	0.06064	0.01334	0.02357	0.01603	0.01828	0.01083	0.01251	0.00995	0.00669	0.00507	0.00167	0.00855	0.00418	0.00335	0.00991
82	0.00945	0.00675	0.00900	0.01080	0.01125	0.00630	0.00720	0.01080	0.01484	0.01979	0.04274	0.72245	0.05128	0.02429	0.00990	0.00315	0.00450	0.02204	0.00720	0.00630
83	0.02947	0.02172	0.02327	0.01784	0.02404	0.02404	0.01474	0.65329	0.03646	0.04887	0.01862	0.01862	0.01319	0.00931	0.00776	0.00233	0.00853	0.00698	0.00776	0.01319
84	0.11020	0.01564	0.02480	0.40638	0.20883	0.01785	0.04470	0.03997	0.01650	0.02411	0.01384	0.01925	0.01074	0.00746	0.00743	0.00248	0.00957	0.00666	0.00386	0.00974
85	0.02896	0.03695	0.02197	0.01998	0.02397	0.69638	0.01498	0.03096	0.02197	0.01898	0.01199	0.01398	0.00999	0.00799	0.00699	0.00200	0.01398	0.00499	0.00400	0.00899
86	0.01922	0.06030	0.05752	0.01961	0.02271	0.07681	0.08638	0.05605	0.01599	0.06468	0.01456	0.01962	0.01246	0.01788	0.11973	0.00430	0.31162	0.00700	0.00425	0.00930
87	0.00945	0.00675	0.00900	0.01080	0.01125	0.00630	0.00720	0.01080	0.01484	0.01979	0.04274	0.72245	0.05128	0.02429	0.00990	0.00315	0.00450	0.02204	0.00720	0.00630
88	0.02411	0.25872	0.02769	0.01734	0.02172	0.35581	0.01430	0.04470	0.01886	0.01954	0.01212	0.01486	0.01063	0.01103	0.04805	0.00264	0.07965	0.00514	0.00384	0.00926
89	0.01291	0.00826	0.01055	0.01006	0.01221	0.00745	0.00750	0.01586	0.02015	0.09521	0.41357	0.16809	0.15421	0.01718	0.00913	0.00258	0.00414	0.01507	0.00822	0.00764
90	0.01199	0.00911	0.00975	0.00966	0.01024	0.04167	0.00611	0.01266	0.01237	0.01606	0.02634	0.04693	0.06331	0.53947	0.14584	0.00779	0.00984	0.01077	0.00472	0.00539
91	0.03432	0.01330	0.01798	0.01386	0.01980	0.01163	0.01142	0.03789	0.04162	0.66480	0.03062	0.02647	0.01933	0.00962	0.00780	0.00241	0.00658	0.00783	0.00955	0.01317
92	0.02017	0.01121	0.01582	0.03438	0.01782	0.01125	0.02987	0.02270	0.01795	0.26019	0.07181	0.24044	0.06126	0.01577	0.01096	0.00283	0.09446	0.04429	0.00745	0.00936
93	0.02286	0.01598	0.01844	0.01547	0.01947	0.01742	0.01228	0.35531	0.02671	0.09352	0.02604	0.21953	0.02454	0.01542	0.03145	0.00296	0.05313	0.01136	0.00736	0.01073
94	0.01925	0.01897	0.02995	0.08712	0.56227	0.05327	0.02275	0.02357	0.01736	0.02421	0.01411	0.01887	0.01190	0.00745	0.00881	0.00238	0.05552	0.00680	0.00379	0.01163
95	0.01707	0.01541	0.01479	0.01344	0.01708	0.07443	0.01031	0.06054	0.33538	0.02823	0.08179	0.04221	0.20431	0.03868	0.00936	0.00272	0.00624	0.01085	0.00728	0.00988

[dist]
# distance from previous block
# <min> <max>
0	1

[block]
# block no. 1 follows, 25 sequences, length 167
# corresponding to MSA columns:
# 205-371
name=unknown_B
#
# <colnr> <probs for GDERKNQSTAVLIFYWHMCP>
#	G	D	E	R	K	N	Q	S	T	A	V	L	I	F	Y	W	H	M	C	P
0	0.02584	0.05937	0.05021	0.02153	0.05616	0.38086	0.08066	0.09953	0.02193	0.05149	0.01404	0.01621	0.01109	0.00805	0.00797	0.00215	0.03979	0.00590	0.00459	0.04263
1	0.00985	0.00779	0.00887	0.00880	0.01095	0.00681	0.00653	0.01239	0.01901	0.02458	0.29516	0.12306	0.40140	0.01864	0.00922	0.00260	0.00388	0.01598	0.00769	0.00681
2	0.78228	0.01499	0.01140	0.01020	0.01499	0.01739	0.00840	0.02279	0.01320	0.03479	0.01080	0.01260	0.00840	0.00720	0.00480	0.00240	0.00600	0.00420	0.00480	0.00840
3	0.01676	0.01426	0.01677	0.04137	0.02018	0.01163	0.01009	0.04888	0.04547	0.02641	0.01478	0.01695	0.01205	0.00620	0.00601	0.00133	0.00608	0.00498	0.00483	0.67498
4	0.00945	0.00675	0.00900	0.01080	0.01125	0.00630	0.00720	0.01080	0.01484	0.01979	0.04274	0.72245	0.05128	0.02429	0.00990	0.00315	0.00450	0.02204	0.00720	0.00630
5	0.06641	0.01642	0.01885	0.01790	0.08074	0.01763	0.01290	0.11835	0.33150	0.10511	0.02582	0.05012	0.01980	0.00983	0.00755	0.00241	0.00669	0.00812	0.00720	0.07664
6	0.06989	0.01574	0.01899	0.01481	0.02068	0.01555	0.01217	0.19643	0.07277	0.43944	0.02657	0.02387	0.01743	0.00947	0.00764	0.00240	0.00703	0.00748	0.00875	0.01288
7	0.01164	0.00797	0.01047	0.01002	0.01184	0.00734	0.00745	0.01500	0.02112	0.05307	0.57728	0.13538	0.06865	0.01663	0.00919	0.00252	0.00386	0.01475	0.00841	0.00741
8	0.01619	0.03148	0.44252	0.11540	0.13930	0.01828	0.05179	0.02358	0.01635	0.02383	0.01392	0.01759	0.01038	0.00757	0.00829	0.00249	0.04031	0.00625	0.00342	0.01106
9	0.02524	0.02011	0.02527	0.07749	0.13755	0.02218	0.04047	0.42306	0.05622	0.03983	0.01765	0.01932	0.01308	0.00890	0.00850	0.00241	0.03682	0.00711	0.00645	0.01235
10	0.00945	0.00675	0.00900	0.01080	0.01125	0.00630	0.00720	0.01080	0.01484	0.01979	0.04274	0.72245	0.05128	0.02429	0.00990	0.00315	0.00450	0.02204	0.00720	0.00630
11	0.02073	0.73217	0.04063	0.01327	0.01990	0.03068	0.01327	0.02322	0.01575	0.01824	0.01078	0.01244	0.00995	0.00663	0.00498	0.00166	0.00829	0.00415	0.00332	0.00995
12	0.00945	0.00675	0.00900	0.01080	0.01125	0.00630	0.00720	0.01080	0.01484	0.01979	0.04274	0.72245	0.05128	0.02429	0.00990	0.00315	0.00450	0.02204	0.00720	0.00630
13	0.02852	0.02106	0.02254	0.01737	0.02340	0.02322	0.01432	0.62298	0.03557	0.04755	0.02144	0.02126	0.04447	0.00980	0.00782	0.00234	0.00831	0.00742	0.00773	0.01287
14	0.38068	0.01935	0.01741	0.01426	0.01964	0.07026	0.01166	0.28719	0.02393	0.06689	0.01498	0.01579	0.01097	0.00824	0.00632	0.00234	0.00767	0.00557	0.00618	0.01064
15	0.02896	0.03695	0.02197	0.01998	0.02397	0.69638	0.01498	0.03096	0.02197	0.01898	0.01199	0.01398	0.00999	0.00799	0.00699	0.00200	0.01398	0.00499	0.00400	0.00899
16	0.78228	0.01499	0.01140	0.01020	0.01499	0.01739	0.00840	0.02279	0.01320	0.03479	0.01080	0.01260	0.00840	0.00720	0.00480	0.00240	0.00600	0.00420	0.00480	0.00840
17	0.00960	0.00681	0.00895	0.01060	0.01102	0.00640	0.00699	0.01084	0.01455	0.01940	0.04123	0.66716	0.04938	0.08217	0.01233	0.00351	0.00475	0.02116	0.00699	0.00617
18	0.01112	0.00814	0.01159	0.01159	0.01268	0.00922	0.00861	0.01329	0.01220	0.01736	0.02156	0.03485	0.02129	0.20314	0.55440	0.01139	0.01790	0.00895	0.00427	0.00644
19	0.01929	0.01666	0.01753	0.01578	0.02016	0.01929	0.01227	0.04120	0.66513	0.03243	0.03156	0.02893	0.02367	0.01052	0.00789	0.00263	0.00614	0.00877	0.00789	0.01227
20	0.65690	0.13306	0.01621	0.01070	0.01580	0.01958	0.00920	0.02286	0.01362	0.03206	0.01079	0.01257	0.00865	0.00710	0.00483	0.00228	0.00638	0.00419	0.00455	0.00865
21	0.01249	0.00892	0.01249	0.01428	0.01606	0.00892	0.01249	0.01606	0.01785	0.02320	0.04105	0.08746	0.04462	0.02142	0.01071	0.00357	0.00714	0.62695	0.00714	0.00714
22	0.02643	0.01995	0.02148	0.01722	0.02280	0.02220	0.01411	0.49264	0.16204	0.04405	0.02254	0.02472	0.01714	0.01026	0.00796	0.00246	0.00797	0.04364	0.00775	0.01265
23	0.02084	0.65819	0.07768	0.01400	0.02090	0.02963	0.01424	0.05297	0.01677	0.02005	0.01133	0.01296	0.01010	0.00680	0.00525	0.00174	0.00849	0.00437	0.00352	0.01019
24	0.01195	0.00950	0.01209	0.01197	0.01324	0.04153	0.00893	0.01422	0.01311	0.01808	0.04975	0.03458	0.02290	0.17563	0.51459	0.01063	0.01729	0.00894	0.00444	0.00663
25	0.01128	0.00752	0.00846	0.00846	0.00846	0.00752	0.00470	0.01128	0.01128	0.01503	0.02443	0.05074	0.02819	0.72751	0.03946	0.00752	0.00752	0.01128	0.00470	0.00470
26	0.00945	0.00675	0.00900	0.01080	0.01125	0.00630	0.00720	0.01080	0.01484	0.01979	0.04274	0.72245	0.05128	0.02429	0.00990	0.00315	0.00450	0.02204	0.00720	0.00630
27	0.02806	0.01860	0.05241	0.10283	0.02610	0.05708	0.01507	0.20280	0.02414	0.29997	0.02159	0.02154	0.01469	0.00942	0.00920	0.00247	0.06785	0.00711	0.00717	0.01190
28	0.01962	0.49982	0.22628	0.01613	0.02403	0.05838	0.01778	0.02397	0.01622	0.02010	0.01174	0.01364	0.00992	0.00691	0.00576	0.00190	0.00947	0.00464	0.00334	0.01034
29	0.03164	0.01824	0.02112	0.01619	0.02231	0.01888	0.01337	0.40198	0.03063	0.30840	0.02350	0.02179	0.01564	0.00943	0.00777	0.00236	0.00774	0.00731	0.00851	0.01319
30	0.01621	0.01420	0.01782	0.01273	0.01967	0.01088	0.04677	0.01983	0.01621	0.02524	0.01389	0.01636	0.01150	0.00579	0.00594	0.00123	0.00617	0.00486	0.00455	0.73014
31	0.02494	0.01597	0.04195	0.05191	0.02216	0.01558	0.03229	0.23133	0.04887	0.22824	0.07962	0.09059	0.02368	0.01193	0.00911	0.03638	0.00734	0.00930	0.00763	0.01120
32	0.00945	0.00675	0.00900	0.01080	0.01125	0.00630	0.00720	0.01080	0.01484	0.01979	0.04274	0.72245	0.05128	0.02429	0.00990	0.00315	0.00450	0.02204	0.00720	0.00630
33	0.01710	0.01394	0.06720	0.07119	0.02040	0.01268	0.01236	0.05570	0.14856	0.11139	0.17423	0.13001	0.05893	0.01399	0.00862	0.00266	0.00631	0.05778	0.00734	0.00960
34	0.02744	0.09169	0.05267	0.01922	0.02394	0.53832	0.01534	0.07894	0.04303	0.02193	0.01312	0.01480	0.01067	0.00804	0.00693	0.00204	0.01273	0.00523	0.00433	0.00961
35	0.00957	0.00684	0.00910	0.01071	0.01127	0.00638	0.00721	0.01110	0.01540	0.02067	0.09207	0.67059	0.05299	0.02363	0.00984	0.00309	0.00443	0.02142	0.00730	0.00638
36	0.02871	0.02116	0.02282	0.01762	0.02362	0.02345	0.01453	0.62660	0.03545	0.04758	0.01871	0.01911	0.01344	0.01135	0.03651	0.00275	0.00904	0.00704	0.00761	0.01292
37	0.00945	0.00675	0.00900	0.01080	0.01125	0.00630	0.00720	0.01080	0.01484	0.01979	0.04274	0.72245	0.05128	0.02429	0.00990	0.00315	0.00450	0.02204	0.00720	0.00630
38	0.02618	0.19116	0.05832	0.01916	0.05018	0.32315	0.01554	0.17843	0.02360	0.02653	0.01350	0.01507	0.01083	0.00792	0.00676	0.00203	0.01106	0.00539	0.00471	0.01047
39	0.41026	0.04787	0.01798	0.01378	0.01929	0.02095	0.01147	0.30785	0.02382	0.04046	0.01433	0.01531	0.01063	0.00813	0.00614	0.00234	0.00724	0.00545	0.00607	0.01063
40	0.02896	0.03695	0.02197	0.01998	0.02397	0.69638	0.01498	0.03096	0.02197	0.01898	0.01199	0.01398	0.00999	0.00799	0.00699	0.00200	0.01398	0.00499	0.00400	0.00899
41	0.02947	0.02172	0.02327	0.01784	0.02404	0.02404	0.01474	0.65329	0.03646	0.04887	0.01862	0.01862	0.01319	0.00931	0.00776	0.00233	0.00853	0.00698	0.00776	0.01319
42	0.00916	0.00785	0.00785	0.00785	0.01047	0.00655	0.00589	0.01113	0.01767	0.02095	0.07855	0.07462	0.67599	0.01964	0.00916	0.00262	0.00393	0.01636	0.00720	0.00655
43	0.01929	0.01666	0.01753	0.01578	0.02016	0.01929	0.01227	0.04120	0.66513	0.03243	0.03156	0.02893	0.02367	0.01052	0.00789	0.00263	0.00614	0.00877	0.00789	0.01227
44	0.01887	0.02032	0.08881	0.04536	0.62270	0.01839	0.02422	0.02386	0.01754	0.02526	0.01453	0.01894	0.01207	0.00695	0.00765	0.00232	0.00941	0.00681	0.00379	0.01221
45	0.00953	0.00782	0.00839	0.00835	0.01072	0.00669	0.00622	0.01180	0.01839	0.02288	0.19333	0.09840	0.53241	0.01909	0.00919	0.00261	0.00390	0.01614	0.00746	0.00669
46	0.11587	0.04854	0.07713	0.01552	0.02144	0.01784	0.01372	0.17038	0.10245	0.27087	0.02251	0.02147	0.01553	0.00924	0.00812	0.00243	0.04067	0.00694	0.00732	0.01201
47	0.06381	0.02038	0.03394	0.11297	0.21989	0.08284	0.27634	0.02417	0.01758	0.02418	0.01430	0.01910	0.01132	0.00724	0.00875	0.00248	0.03895	0.00747	0.00388	0.01042
48	0.02423	0.24798	0.07797	0.01869	0.04652	0.29823	0.01573	0.08535	0.04777	0.02272	0.01322	0.01505	0.01093	0.00794	0.00726	0.00205	0.03877	0.00527	0.00422	0.01010
49	0.02089	0.01630	0.01758	0.01557	0.02012	0.01847	0.01218	0.04085	0.59869	0.09983	0.03146	0.02867	0.02321	0.01042	0.00788	0.00261	0.00618	0.00867	0.00807	0.01237
50	0.01128	0.00752	0.00846	0.00846	0.00846	0.00752	0.00470	0.01128	0.01128	0.01503	0.02443	0.05074	0.02819	0.72751	0.03946	0.00752	0.00752	0.01128	0.00470	0.00470
51	0.08805	0.04509	0.02137	0.05785	0.05050	0.09987	0.01388	0.33654	0.02698	0.09492	0.01805	0.02007	0.01358	0.04261	0.00875	0.00252	0.00871	0.00670	0.03269	0.01128
52	0.67714	0.01483	0.01302	0.10589	0.02026	0.01737	0.01020	0.02238	0.01351	0.03274	0.01121	0.01370	0.00866	0.00727	0.00520	0.00242	0.00659	0.00457	0.00461	0.00843
53	0.02841	0.01929	0.02119	0.01655	0.02228	0.02091	0.01356	0.49873	0.06122	0.12829	0.02183	0.04452	0.01600	0.00990	0.00775	0.00236	0.00784	0.00769	0.03903	0.01267
54	0.01729	0.01354	0.01793	0.01659	0.04955	0.01385	0.06337	0.20263	0.04572	0.02953	0.02952	0.34687	0.03108	0.01635	0.00945	0.02557	0.00679	0.01412	0.00673	0.04351
55	0.06101	0.01985	0.04932	0.01658	0.02289	0.02000	0.01414	0.42986	0.03069	0.22413	0.02143	0.02044	0.01452	0.00922	0.00763	0.00236	0.00801	0.00704	0.00796	0.01292
56	0.00945	0.00675	0.00900	0.01080	0.01125	0.00630	0.00720	0.01080	0.01484	0.01979	0.04274	0.72245	0.05128	0.02429	0.00990	0.00315	0.00450	0.02204	0.00720	0.00630
57	0.01590	0.01507	0.02513	0.51863	0.15323	0.01768	0.04797	0.02231	0.06541	0.02189	0.01535	0.02107	0.01173	0.00777	0.00781	0.00254	0.00995	0.00713	0.00387	0.00957
58	0.02251	0.02358	0.02698	0.11194	0.35408	0.21493	0.02010	0.08725	0.02051	0.02518	0.01414	0.01780	0.01149	0.00755	0.00749	0.00225	0.01065	0.00636	0.00422	0.01100
59	0.00916	0.00785	0.00785	0.00785	0.01047	0.00655	0.00589	0.01113	0.01767	0.02095	0.07855	0.07462	0.67599	0.01964	0.00916	0.00262	0.00393	0.01636	0.00720	0.00655
60	0.02646	0.25735	0.02846	0.01708	0.02268	0.25422	0.01434	0.23784	0.02483	0.02879	0.01382	0.01504	0.01105	0.00799	0.00659	0.00200	0.01030	0.00539	0.00504	0.01071
61	0.00945	0.00675	0.00900	0.01080	0.01125	0.00630	0.00720	0.01080	0.01484	0.01979	0.04274	0.72245	0.05128	0.02429	0.00990	0.00315	0.00450	0.02204	0.00720	0.00630
62	0.01685	0.01680	0.02372	0.05500	0.02202	0.02342	0.01719	0.01872	0.01206	0.01872	0.01036	0.01715	0.01019	0.01328	0.02455	0.00335	0.67794	0.00679	0.00340	0.00849
63	0.02896	0.03695	0.02197	0.01998	0.02397	0.69638	0.01498	0.03096	0.02197	0.01898	0.01199	0.01398	0.00999	0.00799	0.00699	0.00200	0.01398	0.00499	0.00400	0.00899
64	0.02896	0.03695	0.02197	0.01998	0.02397	0.69638	0.01498	0.03096	0.02197	0.01898	0.01199	0.01398	0.00999	0.00799	0.00699	0.00200	0.01398	0.00499	0.00400	0.00899
65	0.01080	0.00792	0.01012	0.00957	0.01148	0.00724	0.00718	0.01429	0.02153	0.03010	0.61689	0.05955	0.13194	0.01622	0.00915	0.00246	0.00368	0.01425	0.00841	0.00724
66	0.00916	0.00785	0.00785	0.00785	0.01047	0.00655	0.00589	0.01113	0.01767	0.02095	0.07855	0.07462	0.67599	0.01964	0.00916	0.00262	0.00393	0.01636	0.00720	0.00655
67	0.00976	0.00708	0.00928	0.01093	0.01171	0.00660	0.00767	0.01140	0.01540	0.02026	0.04550	0.60006	0.10190	0.02360	0.00992	0.00315	0.00474	0.08744	0.00719	0.00641
68	0.01574	0.03896	0.65276	0.02344	0.06759	0.01803	0.02839	0.02451	0.01644	0.02460	0.01395	0.01652	0.00995	0.00734	0.00738	0.00245	0.01134	0.00579	0.00330	0.01150
69	0.00916	0.00785	0.00785	0.00785	0.01047	0.00655	0.00589	0.01113	0.01767	0.02095	0.07855	0.07462	0.67599	0.01964	0.00916	0.00262	0.00393	0.01636	0.00720	0.00655
70	0.01588	0.06293	0.63749	0.02287	0.06032	0.01846	0.02792	0.02448	0.01640	0.02437	0.01384	0.01635	0.00993	0.00732	0.00730	0.00242	0.01126	0.00572	0.00330	0.01144
71	0.05543	0.47549	0.22592	0.01590	0.02376	0.04785	0.01755	0.02383	0.01601	0.02087	0.01173	0.01363	0.00984	0.00692	0.00572	0.00194	0.00928	0.00463	0.00340	0.01028
72	0.78228	0.01499	0.01140	0.01020	0.01499	0.01739	0.00840	0.02279	0.01320	0.03479	0.01080	0.01260	0.00840	0.00720	0.00480	0.00240	0.00600	0.00420	0.00480	0.00840
73	0.03351	0.01348	0.01796	0.01396	0.01982	0.01205	0.01147	0.03807	0.07520	0.63075	0.03067	0.02660	0.01956	0.00967	0.00780	0.00242	0.00656	0.00788	0.00946	0.01312
74	0.01128	0.00752	0.00846	0.00846	0.00846	0.00752	0.00470	0.01128	0.01128	0.01503	0.02443	0.05074	0.02819	0.72751	0.03946	0.00752	0.00752	0.01128	0.00470	0.00470
75	0.02027	0.58599	0.14569	0.01503	0.02233	0.06002	0.01587	0.02380	0.01615	0.01931	0.01135	0.01315	0.00993	0.00682	0.00546	0.00180	0.00908	0.00445	0.00334	0.01015
76	0.02420	0.01792	0.01954	0.01556	0.02054	0.01936	0.01249	0.46718	0.02998	0.04028	0.02352	0.06584	0.05179	0.07172	0.04290	0.00323	0.00841	0.00865	0.00711	0.04977
77	0.00959	0.00685	0.00916	0.01096	0.01147	0.00642	0.00745	0.01104	0.01499	0.01995	0.04266	0.69248	0.05097	0.02416	0.00993	0.00317	0.00462	0.05059	0.00719	0.00634
78	0.01869	0.19663	0.04793	0.01578	0.02076	0.08803	0.06482	0.07858	0.07165	0.02402	0.02338	0.10277	0.06776	0.01280	0.03865	0.00267	0.02966	0.00862	0.00511	0.08169
79	0.05061	0.14405	0.05300	0.01813	0.02105	0.20025	0.01540	0.02266	0.01555	0.01958	0.01236	0.03837	0.01165	0.01234	0.03898	0.00297	0.30417	0.00626	0.00374	0.00886
80	0.00945	0.00675	0.00900	0.01080	0.01125	0.00630	0.00720	0.01080	0.01484	0.01979	0.04274	0.72245	0.05128	0.02429	0.00990	0.00315	0.00450	0.02204	0.00720	0.00630
81	0.02329	0.01726	0.01876	0.01570	0.02051	0.01914	0.01246	0.24481	0.33973	0.09216	0.05503	0.02754	0.02214	0.04403	0.00938	0.00273	0.00694	0.00843	0.00787	0.01208
82	0.01607	0.10982	0.62219	0.02121	0.03218	0.01928	0.02710	0.02442	0.01631	0.02392	0.01360	0.01597	0.00983	0.00729	0.00713	0.00238	0.01114	0.00557	0.00328	0.01131
83	0.00945	0.00675	0.00900	0.01080	0.01125	0.00630	0.00720	0.01080	0.01484	0.01979	0.04274	0.72245	0.05128	0.02429	0.00990	0.00315	0.00450	0.02204	0.00720	0.00630
84	0.02112	0.69943	0.03975	0.01358	0.02009	0.06203	0.01335	0.02358	0.01605	0.01828	0.01084	0.01251	0.00995	0.00670	0.00507	0.00167	0.00856	0.00419	0.00335	0.00990
85	0.00945	0.00675	0.00900	0.01080	0.01125	0.00630	0.00720	0.01080	0.01484	0.01979	0.04274	0.72245	0.05128	0.02429	0.00990	0.00315	0.00450	0.02204	0.00720	0.00630
86	0.02947	0.02172	0.02327	0.01784	0.02404	0.02404	0.01474	0.65329	0.03646	0.04887	0.01862	0.01862	0.01319	0.00931	0.00776	0.00233	0.00853	0.00698	0.00776	0.01319
87	0.01580	0.01397	0.02239	0.03171	0.37853	0.01383	0.01780	0.01984	0.01807	0.02486	0.08129	0.04674	0.07344	0.01289	0.00881	0.00272	0.00776	0.19419	0.00545	0.00993
88	0.02896	0.03695	0.02197	0.01998	0.02397	0.69638	0.01498	0.03096	0.02197	0.01898	0.01199	0.01398	0.00999	0.00799	0.00699	0.00200	0.01398	0.00499	0.00400	0.00899
89	0.02947	0.02172	0.02327	0.01784	0.02404	0.02404	0.01474	0.65329	0.03646	0.04887	0.01862	0.01862	0.01319	0.00931	0.00776	0.00233	0.00853	0.00698	0.00776	0.01319
90	0.00924	0.00786	0.00797	0.00794	0.01052	0.00658	0.00595	0.01128	0.01786	0.02140	0.10527	0.07387	0.64899	0.01947	0.00916	0.00261	0.00392	0.01626	0.00726	0.00658
91	0.02253	0.01825	0.01908	0.05274	0.02275	0.05897	0.01325	0.13997	0.43807	0.08607	0.02727	0.02572	0.02008	0.00995	0.00780	0.00252	0.00725	0.00807	0.00754	0.01211
92	0.01445	0.00723	0.00723	0.00723	0.00903	0.00723	0.00542	0.01807	0.01626	0.02891	0.02529	0.02891	0.01987	0.00903	0.00542	0.00181	0.00361	0.00723	0.77055	0.00723
93	0.00916	0.00785	0.00785	0.00785	0.01047	0.00655	0.00589	0.01113	0.01767	0.02095	0.07855	0.07462	0.67599	0.01964	0.00916	0.00262	0.00393	0.01636	0.00720	0.00655
94	0.01797	0.05376	0.01901	0.01851	0.09835	0.04503	0.01292	0.03225	0.40478	0.02816	0.03383	0.05780	0.09886	0.01171	0.00799	0.00256	0.00666	0.03201	0.00687	0.01096
95	0.02073	0.73217	0.04063	0.01327	0.01990	0.03068	0.01327	0.02322	0.01575	0.01824	0.01078	0.01244	0.00995	0.00663	0.00498	0.00166	0.00829	0.00415	0.00332	0.00995
96	0.01128	0.00752	0.00846	0.00846	0.00846	0.00752	0.00470	0.01128	0.01128	0.01503	0.02443	0.05074	0.02819	0.72751	0.03946	0.00752	0.00752	0.01128	0.00470	0.00470
97	0.02896	0.03695	0.02197	0.01998	0.02397	0.69638	0.01498	0.03096	0.02197	0.01898	0.01199	0.01398	0.00999	0.00799	0.00699	0.00200	0.01398	0.00499	0.00400	0.00899
98	0.00945	0.00675	0.00900	0.01080	0.01125	0.00630	0.00720	0.01080	0.01484	0.01979	0.04274	0.72245	0.05128	0.02429	0.00990	0.00315	0.00450	0.02204	0.00720	0.00630
99	0.01569	0.04956	0.01609	0.04345	0.01703	0.01393	0.01067	0.11725	0.01787	0.02541	0.07396	0.06184	0.02307	0.08428	0.21626	0.00579	0.07572	0.00878	0.08663	0.03673
100	0.02248	0.02599	0.03060	0.08312	0.06599	0.28161	0.22410	0.05221	0.01951	0.02251	0.01356	0.01760	0.01087	0.00810	0.00983	0.00243	0.08885	0.00689	0.00401	0.00973
101	0.00945	0.00675	0.00900	0.01080	0.01125	0.00630	0.00720	0.01080	0.01484	0.01979	0.04274	0.72245	0.05128	0.02429	0.00990	0.00315	0.00450	0.02204	0.00720	0.00630
102	0.01886	0.02104	0.13106	0.13734	0.44324	0.01813	0.02348	0.04530	0.01794	0.04809	0.01506	0.01920	0.01189	0.00728	0.00765	0.00237	0.00961	0.00676	0.00403	0.01169
103	0.01661	0.01337	0.01436	0.01349	0.01616	0.05179	0.01009	0.07256	0.10607	0.03122	0.33956	0.13600	0.08422	0.01676	0.00971	0.00295	0.00604	0.04120	0.00838	0.00945
104	0.00954	0.00679	0.00897	0.01067	0.01110	0.00636	0.00707	0.01082	0.01466	0.01954	0.04177	0.68704	0.05006	0.06136	0.01146	0.00338	0.00466	0.02147	0.00707	0.00621
105	0.02896	0.03695	0.02197	0.01998	0.02397	0.69638	0.01498	0.03096	0.02197	0.01898	0.01199	0.01398	0.00999	0.00799	0.00699	0.00200	0.01398	0.00499	0.00400	0.00899
106	0.00954	0.00679	0.00897	0.01068	0.01111	0.00636	0.00707	0.01082	0.01467	0.01955	0.04181	0.68864	0.05012	0.05968	0.01138	0.00337	0.00465	0.02150	0.00707	0.00622
107	0.02947	0.02172	0.02327	0.01784	0.02404	0.02404	0.01474	0.65329	0.03646	0.04887	0.01862	0.01862	0.01319	0.00931	0.00776	0.00233	0.00853	0.00698	0.00776	0.01319
108	0.01846	0.01837	0.03342	0.12437	0.47232	0.01852	0.15245	0.02353	0.01753	0.02456	0.01471	0.01972	0.01194	0.00693	0.00799	0.00240	0.01014	0.00737	0.00381	0.01146
109	0.02896	0.03695	0.02197	0.01998	0.02397	0.69638	0.01498	0.03096	0.02197	0.01898	0.01199	0.01398	0.00999	0.00799	0.00699	0.00200	0.01398	0.00499	0.00400	0.00899
110	0.02947	0.02172	0.02327	0.01784	0.02404	0.02404	0.01474	0.65329	0.03646	0.04887	0.01862	0.01862	0.01319	0.00931	0.00776	0.00233	0.00853	0.00698	0.00776	0.01319
111	0.01062	0.00782	0.01015	0.01128	0.01273	0.00735	0.00872	0.01315	0.01738	0.02284	0.14595	0.30737	0.15520	0.02129	0.00992	0.00309	0.00513	0.21586	0.00739	0.00677
112	0.01617	0.03625	0.57706	0.02106	0.03135	0.01822	0.02595	0.02730	0.12318	0.02585	0.01682	0.01844	0.01210	0.00789	0.00745	0.00248	0.01058	0.00623	0.00403	0.01159
113	0.01790	0.04385	0.01524	0.01300	0.01573	0.06936	0.00988	0.18542	0.02092	0.02736	0.02817	0.16867	0.04815	0.17235	0.01517	0.00367	0.00735	0.06973	0.05979	0.00831
114	0.01128	0.00752	0.00846	0.00846	0.00846	0.00752	0.00470	0.01128	0.01128	0.01503	0.02443	0.05074	0.02819	0.72751	0.03946	0.00752	0.00752	0.01128	0.00470	0.00470
115	0.01740	0.02049	0.07224	0.07828	0.03938	0.01859	0.53987	0.02365	0.01781	0.02418	0.01705	0.06176	0.01389	0.00770	0.00901	0.00264	0.01230	0.00959	0.00405	0.01013
116	0.02683	0.01993	0.02143	0.01709	0.02277	0.02217	0.01390	0.45480	0.21306	0.07104	0.02277	0.02185	0.01639	0.00966	0.00780	0.00242	0.00778	0.00752	0.00787	0.01293
117	0.02153	0.01305	0.01573	0.04608	0.01914	0.01334	0.01094	0.05815	0.22137	0.22990	0.10146	0.08627	0.10395	0.01266	0.00827	0.00256	0.00596	0.01069	0.00813	0.01082
118	0.07531	0.21989	0.11100	0.06568	0.06957	0.04337	0.08160	0.05274	0.06965	0.02468	0.01444	0.01698	0.01159	0.00753	0.00738	0.00216	0.03769	0.00590	0.00423	0.07860
119	0.02545	0.01832	0.02014	0.01607	0.02134	0.01976	0.01308	0.45847	0.06290	0.06834	0.02374	0.05279	0.04470	0.01160	0.00901	0.03883	0.00771	0.03434	0.00742	0.04599
120	0.02198	0.43993	0.06057	0.01611	0.04825	0.08263	0.01428	0.04582	0.08188	0.07041	0.01612	0.01882	0.01355	0.00806	0.00617	0.00199	0.00857	0.02978	0.00460	0.01049
121	0.01702	0.11961	0.11884	0.12640	0.02709	0.07342	0.06027	0.04506	0.10307	0.02368	0.04771	0.16006	0.02274	0.01149	0.00784	0.00249	0.00867	0.00988	0.00516	0.00950
122	0.01720	0.05447	0.29126	0.04788	0.02547	0.01635	0.01818	0.13241	0.01915	0.02702	0.01862	0.09263	0.01678	0.08284	0.01069	0.00283	0.00894	0.00804	0.00479	0.10446
123	0.01117	0.00795	0.01066	0.01066	0.01142	0.00871	0.00745	0.01269	0.01193	0.01667	0.02241	0.03958	0.02334	0.35905	0.40130	0.01024	0.01481	0.00964	0.00440	0.00592
124	0.01837	0.05012	0.28024	0.03105	0.22638	0.07124	0.13248	0.02457	0.01730	0.02396	0.01401	0.01772	0.01093	0.00738	0.00846	0.00242	0.04198	0.00661	0.00362	0.01117
125	0.00945	0.00675	0.00900	0.01080	0.01125	0.00630	0.00720	0.01080	0.01484	0.01979	0.04274	0.72245	0.05128	0.02429	0.00990	0.00315	0.00450	0.02204	0.00720	0.00630
126	0.01305	0.01031	0.01624	0.11900	0.02166	0.01038	0.08072	0.01694	0.04286	0.05253	0.17345	0.33482	0.04304	0.01679	0.00915	0.00279	0.00630	0.01541	0.00670	0.00787
127	0.01892	0.01500	0.01906	0.01608	0.01939	0.01719	0.04087	0.23886	0.05552	0.02986	0.02097	0.02639	0.03635	0.05903	0.25687	0.00633	0.09997	0.00809	0.00562	0.00963
128	0.00964	0.00683	0.00894	0.01056	0.01096	0.00642	0.00694	0.01085	0.01448	0.01930	0.04085	0.65324	0.04890	0.09675	0.01294	0.00360	0.00481	0.02093	0.00694	0.00613
129	0.02073	0.73217	0.04063	0.01327	0.01990	0.03068	0.01327	0.02322	0.01575	0.01824	0.01078	0.01244	0.00995	0.00663	0.00498	0.00166	0.00829	0.00415	0.00332	0.00995
130	0.00945	0.00675	0.00900	0.01080	0.01125	0.00630	0.00720	0.01080	0.01484	0.01979	0.04274	0.72245	0.05128	0.02429	0.00990	0.00315	0.00450	0.02204	0.00720	0.00630
131	0.05081	0.01852	0.02284	0.27505	0.03466	0.02127	0.01704	0.39475	0.02782	0.03754	0.01654	0.01917	0.01195	0.00865	0.00765	0.00243	0.00911	0.00685	0.00604	0.01131
132	0.01586	0.03797	0.61594	0.02328	0.03433	0.01819	0.09790	0.02459	0.01658	0.02459	0.01411	0.01688	0.01004	0.00727	0.00756	0.00247	0.01164	0.00611	0.00335	0.01135
133	0.02896	0.03695	0.02197	0.01998	0.02397	0.69638	0.01498	0.03096	0.02197	0.01898	0.01199	0.01398	0.00999	0.00799	0.00699	0.00200	0.01398	0.00499	0.00400	0.00899
134	0.01915	0.01855	0.03219	0.04684	0.64700	0.01848	0.05536	0.02385	0.01769	0.02531	0.01464	0.01928	0.01226	0.00689	0.00775	0.00232	0.00941	0.00702	0.00384	0.01219
135	0.01055	0.00795	0.01000	0.01122	0.01289	0.00741	0.00886	0.01296	0.01692	0.02150	0.05349	0.26744	0.24770	0.02168	0.00998	0.00314	0.00535	0.25708	0.00718	0.00671
136	0.01362	0.01154	0.01485	0.01354	0.01545	0.01250	0.01033	0.03812	0.01502	0.02149	0.02758	0.30978	0.05098	0.05004	0.01449	0.00296	0.19448	0.01314	0.00555	0.16455
137	0.01233	0.00953	0.01351	0.01308	0.01443	0.01124	0.01014	0.04259	0.01356	0.01939	0.02123	0.07035	0.02064	0.08540	0.53281	0.01041	0.07864	0.00908	0.00446	0.00718
138	0.01117	0.00747	0.00849	0.00859	0.00862	0.00745	0.00484	0.01125	0.01148	0.01531	0.02550	0.09007	0.02954	0.68633	0.03773	0.00726	0.00734	0.01191	0.00484	0.00479
139	0.01608	0.01378	0.01608	0.01148	0.01837	0.01034	0.00919	0.01952	0.01608	0.02527	0.01378	0.01608	0.01148	0.00574	0.00574	0.00115	0.00574	0.00459	0.00459	0.77491
140	0.01134	0.00850	0.01063	0.01093	0.01216	0.00849	0.00785	0.04107	0.01715	0.02306	0.16970	0.34202	0.12374	0.09911	0.01371	0.00342	0.04225	0.04106	0.00701	0.00681
141	0.00949	0.00686	0.00898	0.01059	0.01121	0.00635	0.00713	0.01096	0.01527	0.02028	0.06837	0.65978	0.08868	0.02370	0.00983	0.00309	0.00443	0.02141	0.00725	0.00635
142	0.01608	0.01378	0.01608	0.01148	0.01837	0.01034	0.00919	0.01952	0.01608	0.02527	0.01378	0.01608	0.01148	0.00574	0.00574	0.00115	0.00574	0.00459	0.00459	0.77491
143	0.01745	0.02009	0.14940	0.26878	0.15234	0.01717	0.07444	0.04940	0.04392	0.05318	0.03871	0.02153	0.01405	0.00867	0.00866	0.03060	0.00981	0.00723	0.00433	0.01026
144	0.02162	0.02293	0.02429	0.19788	0.18611	0.25956	0.03707	0.02530	0.01869	0.05081	0.01556	0.02139	0.01291	0.01025	0.03481	0.00273	0.01156	0.03253	0.00421	0.00975
