[name]
unknown

[dist]
# distance from previous block
# <min> <max>
0	54

[block]
# block no. 0 follows, 25 sequences, length 15
# corresponding to MSA columns:
# 54-68
name=unknown_A
#
# <colnr> <probs for GDERKNQSTAVLIFYWHMCP>
#	G	D	E	R	K	N	Q	S	T	A	V	L	I	F	Y	W	H	M	C	P
0	0.01249	0.00892	0.01249	0.01428	0.01606	0.00892	0.01249	0.01606	0.01785	0.02320	0.04105	0.08746	0.04462	0.02142	0.01071	0.00357	0.00714	0.62695	0.00714	0.00714
1	0.02871	0.01527	0.01834	0.01490	0.02034	0.01546	0.01204	0.09892	0.25437	0.38857	0.02977	0.02654	0.02022	0.00990	0.00783	0.00247	0.00662	0.00807	0.00880	0.01286
2	0.06474	0.02048	0.01949	0.01637	0.02130	0.11361	0.01312	0.28429	0.19456	0.07066	0.02268	0.02461	0.01738	0.00994	0.00758	0.00241	0.00816	0.03792	0.03913	0.01157
3	0.01458	0.01339	0.02253	0.67053	0.05103	0.01665	0.02072	0.01928	0.01521	0.01946	0.01376	0.02083	0.01051	0.00880	0.00899	0.04493	0.01014	0.00688	0.00344	0.00833
4	0.00982	0.00705	0.00897	0.01016	0.01085	0.00658	0.00678	0.01126	0.01527	0.02035	0.10454	0.51947	0.09734	0.11687	0.01371	0.00362	0.00478	0.01940	0.00699	0.00620
5	0.00980	0.00698	0.00928	0.01089	0.01148	0.00658	0.00746	0.01136	0.01525	0.02038	0.07274	0.61948	0.05096	0.05218	0.01111	0.00332	0.00476	0.06247	0.00716	0.00634
6	0.38946	0.01311	0.01206	0.01056	0.01450	0.01439	0.00845	0.09635	0.01788	0.06813	0.08096	0.02313	0.01892	0.03098	0.00693	0.00242	0.00564	0.00654	0.17085	0.00875
7	0.01464	0.01378	0.02326	0.70887	0.05340	0.01723	0.02153	0.01981	0.01550	0.01981	0.01378	0.02067	0.01034	0.00775	0.00775	0.00258	0.01034	0.00689	0.00345	0.00861
8	0.01322	0.00730	0.00899	0.00908	0.01024	0.00753	0.00656	0.01479	0.01385	0.02228	0.02257	0.06343	0.02024	0.05487	0.13912	0.18251	0.00768	0.00823	0.38139	0.00612
9	0.10251	0.01328	0.01641	0.01328	0.01844	0.01268	0.01077	0.03418	0.11665	0.44953	0.10280	0.02904	0.02500	0.01022	0.00767	0.00244	0.00613	0.00831	0.00875	0.01192
10	0.01462	0.01376	0.02257	0.59789	0.04763	0.01737	0.02029	0.01922	0.01508	0.01968	0.01490	0.05678	0.01245	0.00924	0.00978	0.00270	0.08627	0.00767	0.00363	0.00848
11	0.00994	0.00696	0.00930	0.01057	0.01125	0.00650	0.00719	0.01145	0.01587	0.02149	0.15527	0.56520	0.05321	0.02291	0.01085	0.04422	0.00447	0.01978	0.00723	0.00632
12	0.03714	0.00723	0.00891	0.01024	0.01105	0.00683	0.00688	0.01130	0.01480	0.02005	0.04409	0.56606	0.11867	0.08339	0.01216	0.00344	0.00475	0.01984	0.00690	0.00626
13	0.11828	0.01453	0.01528	0.01224	0.01708	0.01481	0.00988	0.22599	0.02269	0.06925	0.01926	0.02080	0.01453	0.00826	0.00629	0.00195	0.00609	0.00627	0.23344	0.16307
14	0.01634	0.01337	0.02075	0.43246	0.08571	0.01542	0.01770	0.06924	0.01744	0.05693	0.02124	0.09194	0.04967	0.01107	0.00913	0.04026	0.00884	0.00890	0.00469	0.00889

[dist]
# distance from previous block
# <min> <max>
17	27

[block]
# block no. 1 follows, 25 sequences, length 9
# corresponding to MSA columns:
# 96-104
name=unknown_B
#
# <colnr> <probs for GDERKNQSTAVLIFYWHMCP>
#	G	D	E	R	K	N	Q	S	T	A	V	L	I	F	Y	W	H	M	C	P
0	0.01319	0.01005	0.01208	0.01046	0.01383	0.00881	0.00791	0.01741	0.05330	0.02750	0.29329	0.10461	0.04287	0.03706	0.00880	0.00223	0.00466	0.01087	0.07207	0.24899
1	0.01504	0.01401	0.02356	0.04670	0.02422	0.01363	0.19987	0.05043	0.01699	0.02365	0.02476	0.27251	0.02585	0.01353	0.00994	0.00259	0.06178	0.01262	0.00536	0.14297
2	0.01496	0.01274	0.02161	0.36957	0.11811	0.01440	0.05259	0.01805	0.01490	0.01962	0.01625	0.02686	0.01430	0.01312	0.01322	0.17882	0.00925	0.05993	0.00382	0.00785
3	0.02720	0.01703	0.01847	0.01478	0.02012	0.06408	0.01194	0.21564	0.07967	0.27175	0.06151	0.02849	0.07415	0.01043	0.00781	0.00232	0.00724	0.00830	0.00800	0.05106
4	0.01608	0.01649	0.05248	0.16382	0.15188	0.01567	0.17216	0.02185	0.05296	0.02411	0.04988	0.10093	0.01947	0.00945	0.00815	0.00243	0.00910	0.00928	0.00467	0.09916
5	0.23062	0.01530	0.01541	0.01294	0.01747	0.04927	0.01037	0.15676	0.02172	0.18859	0.07710	0.07636	0.02163	0.01042	0.00704	0.00238	0.00659	0.00808	0.06172	0.01023
6	0.01402	0.00948	0.01592	0.05059	0.01714	0.00954	0.09700	0.01401	0.03893	0.01682	0.01760	0.09642	0.01744	0.02214	0.02312	0.51417	0.00754	0.00876	0.00403	0.00530
7	0.01950	0.01537	0.02023	0.06729	0.02307	0.04348	0.09016	0.13243	0.02081	0.10441	0.03095	0.10351	0.13286	0.01197	0.00904	0.00241	0.04501	0.01016	0.00621	0.11112
8	0.01439	0.01123	0.01883	0.18110	0.02577	0.01201	0.10381	0.01701	0.06314	0.01886	0.01890	0.11012	0.01797	0.01782	0.01759	0.32310	0.00819	0.00919	0.00429	0.00669

[dist]
# distance from previous block
# <min> <max>
0	3

[block]
# block no. 2 follows, 25 sequences, length 10
# corresponding to MSA columns:
# 108-117
name=unknown_C
#
# <colnr> <probs for GDERKNQSTAVLIFYWHMCP>
#	G	D	E	R	K	N	Q	S	T	A	V	L	I	F	Y	W	H	M	C	P
0	0.05641	0.04483	0.01503	0.01163	0.01603	0.01224	0.00923	0.05725	0.09866	0.05948	0.19981	0.05570	0.10098	0.01152	0.00752	0.00210	0.00534	0.00960	0.00676	0.21987
1	0.05748	0.01650	0.01932	0.01558	0.02094	0.01713	0.04604	0.17784	0.23194	0.09106	0.04493	0.05220	0.02003	0.00967	0.00751	0.00228	0.00689	0.00804	0.00706	0.14756
2	0.08446	0.05277	0.21898	0.01763	0.06490	0.01419	0.04480	0.02245	0.01809	0.11588	0.14577	0.06724	0.07882	0.01101	0.00780	0.00245	0.00767	0.00930	0.00584	0.00993
3	0.01450	0.01345	0.02253	0.66208	0.05089	0.01667	0.02092	0.01956	0.01566	0.02004	0.01562	0.02517	0.01265	0.00867	0.00795	0.00265	0.01012	0.04866	0.00369	0.00851
4	0.06440	0.01235	0.01476	0.01318	0.01569	0.01331	0.00999	0.09360	0.05173	0.05947	0.02480	0.21543	0.02555	0.11028	0.01571	0.03498	0.11059	0.01132	0.00592	0.09693
5	0.01108	0.00786	0.01056	0.01196	0.01305	0.00764	0.00922	0.01343	0.01633	0.02166	0.09093	0.32316	0.04769	0.09791	0.01336	0.00374	0.00589	0.28093	0.00701	0.00657
6	0.01594	0.00949	0.01044	0.00964	0.01176	0.01030	0.00751	0.08534	0.01782	0.02948	0.02323	0.02715	0.01849	0.01330	0.06242	0.00282	0.05199	0.00726	0.57770	0.00792
7	0.05711	0.10252	0.38134	0.01923	0.02724	0.04461	0.06345	0.02232	0.01643	0.02359	0.01899	0.10364	0.01750	0.01034	0.00765	0.00253	0.00989	0.05739	0.00420	0.01003
8	0.31468	0.01577	0.01868	0.16416	0.09869	0.01760	0.01421	0.10095	0.04749	0.11487	0.01625	0.01826	0.01188	0.00799	0.00662	0.00243	0.00766	0.00607	0.00551	0.01024
9	0.02053	0.01692	0.02270	0.20903	0.11732	0.04437	0.01729	0.09767	0.11079	0.09438	0.03532	0.02209	0.01533	0.00962	0.01082	0.00262	0.12989	0.00736	0.00540	0.01057

[dist]
# distance from previous block
# <min> <max>
10	13

[block]
# block no. 3 follows, 25 sequences, length 44
# corresponding to MSA columns:
# 131-174
name=unknown_D
#
# <colnr> <probs for GDERKNQSTAVLIFYWHMCP>
#	G	D	E	R	K	N	Q	S	T	A	V	L	I	F	Y	W	H	M	C	P
0	0.01979	0.01880	0.10885	0.06591	0.11461	0.01584	0.06227	0.06418	0.13363	0.11065	0.07310	0.02429	0.01954	0.00866	0.00763	0.00227	0.00797	0.00758	0.00591	0.12853
1	0.01490	0.01429	0.02520	0.45413	0.07761	0.01639	0.11727	0.01955	0.01566	0.02057	0.01695	0.07802	0.01496	0.05132	0.01046	0.00293	0.02849	0.00870	0.00391	0.00868
2	0.01963	0.01646	0.01733	0.01545	0.01980	0.01893	0.01206	0.07598	0.59386	0.03321	0.03047	0.02832	0.02285	0.01037	0.00775	0.00257	0.00614	0.00858	0.04819	0.01206
3	0.01828	0.02350	0.14753	0.05620	0.17313	0.06789	0.19934	0.02359	0.01701	0.02359	0.01396	0.01831	0.01114	0.00767	0.00990	0.00243	0.09349	0.00696	0.00378	0.08229
4	0.00967	0.00687	0.00904	0.01056	0.01106	0.00645	0.00702	0.01106	0.01500	0.02011	0.07860	0.63443	0.05089	0.07502	0.01201	0.00343	0.00467	0.02079	0.00709	0.00624
5	0.01946	0.50361	0.10264	0.01470	0.02081	0.06593	0.01465	0.02257	0.01626	0.01965	0.04302	0.01801	0.04238	0.00827	0.00720	0.00196	0.05992	0.00553	0.00376	0.00968
6	0.04863	0.12441	0.29695	0.04969	0.05625	0.08997	0.04657	0.02365	0.04243	0.02341	0.03848	0.07108	0.03780	0.00931	0.00732	0.00236	0.00978	0.00754	0.00424	0.01010
7	0.01085	0.00812	0.01125	0.08553	0.01654	0.00821	0.00943	0.03046	0.01581	0.02094	0.03882	0.56801	0.04522	0.02184	0.00968	0.00311	0.00548	0.07706	0.00681	0.00682
8	0.01080	0.00790	0.01025	0.01056	0.01223	0.00735	0.00809	0.01386	0.01952	0.02664	0.38750	0.17978	0.12764	0.01872	0.00956	0.00279	0.00447	0.12742	0.00791	0.00703
9	0.01739	0.18642	0.42792	0.02185	0.08983	0.02058	0.02333	0.04948	0.01743	0.02454	0.04280	0.01771	0.01303	0.00762	0.00697	0.00226	0.01009	0.00591	0.00375	0.01110
10	0.01962	0.01922	0.03157	0.08673	0.52643	0.04530	0.08152	0.04967	0.01851	0.02564	0.01470	0.01922	0.01205	0.00707	0.00780	0.00234	0.00980	0.00704	0.00399	0.01178
11	0.03298	0.01280	0.01741	0.01349	0.01917	0.01109	0.01109	0.03603	0.02217	0.63493	0.07949	0.02878	0.02329	0.01007	0.00790	0.00240	0.00637	0.00827	0.00952	0.01275
12	0.02319	0.02015	0.10417	0.04913	0.05300	0.01825	0.09045	0.18175	0.16215	0.14436	0.05558	0.02426	0.01878	0.00922	0.00798	0.00247	0.00843	0.00796	0.00680	0.01193
13	0.02091	0.01735	0.07939	0.01512	0.02006	0.01627	0.01300	0.18135	0.21126	0.10754	0.16697	0.06201	0.03130	0.01160	0.00816	0.00250	0.00666	0.00967	0.00773	0.01118
14	0.01608	0.01378	0.01608	0.01148	0.01837	0.01034	0.00919	0.01952	0.01608	0.02527	0.01378	0.01608	0.01148	0.00574	0.00574	0.00115	0.00574	0.00459	0.00459	0.77491
15	0.01646	0.06436	0.45768	0.06997	0.08246	0.01883	0.13379	0.02418	0.01671	0.02407	0.01412	0.01746	0.01037	0.00718	0.00761	0.00244	0.01136	0.00641	0.00344	0.01110
16	0.04554	0.34283	0.35100	0.01761	0.02649	0.02381	0.02058	0.05040	0.01683	0.02316	0.01262	0.01460	0.00997	0.00712	0.00624	0.00210	0.00975	0.00503	0.00354	0.01076
17	0.01035	0.00785	0.00953	0.00921	0.01122	0.00703	0.00687	0.01338	0.02032	0.02746	0.46303	0.09133	0.25935	0.01738	0.00918	0.00252	0.00378	0.01509	0.00806	0.00703
18	0.00945	0.00675	0.00900	0.01080	0.01125	0.00630	0.00720	0.01080	0.01484	0.01979	0.04274	0.72245	0.05128	0.02429	0.00990	0.00315	0.00450	0.02204	0.00720	0.00630
19	0.01982	0.01941	0.05265	0.08136	0.03082	0.06678	0.26673	0.14010	0.02125	0.04529	0.02042	0.09691	0.01769	0.00991	0.00844	0.00255	0.01018	0.03101	0.04861	0.01007
20	0.02497	0.01075	0.01446	0.01250	0.01645	0.00943	0.00971	0.02736	0.01947	0.42734	0.03688	0.26702	0.05931	0.01508	0.00858	0.00267	0.00576	0.01306	0.00867	0.01054
21	0.01347	0.00673	0.01010	0.01010	0.01010	0.00673	0.00673	0.01010	0.01010	0.01347	0.01347	0.02357	0.01347	0.02694	0.03030	0.77441	0.00673	0.00673	0.00337	0.00337
22	0.02255	0.11006	0.21675	0.01941	0.09666	0.01597	0.01752	0.02751	0.01915	0.24946	0.10616	0.02507	0.02163	0.00910	0.00749	0.00232	0.00813	0.00746	0.00619	0.01141
23	0.05009	0.05320	0.38401	0.02490	0.10000	0.06764	0.11664	0.02573	0.01743	0.06724	0.01496	0.01754	0.01093	0.00736	0.00748	0.00240	0.01101	0.00633	0.00395	0.01116
24	0.01617	0.01620	0.02316	0.09372	0.02442	0.05382	0.07786	0.01872	0.01374	0.01939	0.01558	0.09232	0.01562	0.03440	0.06055	0.00379	0.39956	0.00873	0.00396	0.00830
25	0.58707	0.06196	0.01596	0.06073	0.01939	0.01837	0.02956	0.05466	0.01498	0.03270	0.01167	0.01385	0.00910	0.00723	0.00534	0.00232	0.00679	0.00469	0.00472	0.03891
26	0.61130	0.01607	0.01431	0.04113	0.06853	0.04718	0.01059	0.02409	0.01460	0.07496	0.01254	0.01438	0.00954	0.00739	0.00543	0.00238	0.00681	0.00478	0.00495	0.00904
27	0.02620	0.07021	0.02366	0.05713	0.07202	0.36904	0.01555	0.15896	0.08536	0.02689	0.01543	0.01700	0.01214	0.00833	0.00721	0.00216	0.01124	0.00595	0.00506	0.01044
28	0.25490	0.01570	0.01686	0.01346	0.01910	0.01615	0.01103	0.15226	0.06861	0.26321	0.02099	0.02006	0.01447	0.00857	0.00673	0.00230	0.00669	0.00636	0.00726	0.07530
29	0.02856	0.03494	0.02309	0.02032	0.02467	0.60869	0.04176	0.08548	0.02309	0.02185	0.01272	0.01468	0.01034	0.00804	0.00715	0.00205	0.01346	0.00534	0.00432	0.00942
30	0.01789	0.09081	0.11355	0.02857	0.03634	0.01987	0.48387	0.02413	0.01782	0.02407	0.01651	0.02352	0.01331	0.00751	0.00864	0.00256	0.01209	0.04463	0.00398	0.01032
31	0.03378	0.01342	0.01796	0.01392	0.01982	0.01191	0.01145	0.03801	0.06394	0.64217	0.03065	0.02656	0.01948	0.00966	0.00780	0.00241	0.00657	0.00786	0.00949	0.01314
32	0.09787	0.01335	0.01744	0.01349	0.01939	0.01190	0.01114	0.03652	0.02143	0.62968	0.02892	0.02523	0.01828	0.00939	0.00754	0.00240	0.00655	0.00749	0.00919	0.01279
33	0.01909	0.01494	0.01721	0.07803	0.09207	0.06631	0.01261	0.11009	0.08568	0.08543	0.03296	0.07932	0.13843	0.01312	0.00924	0.04328	0.00722	0.03049	0.05496	0.00952
34	0.02398	0.01255	0.01466	0.01224	0.01644	0.01258	0.00978	0.10303	0.12350	0.26247	0.05474	0.02804	0.02169	0.00979	0.00708	0.00223	0.00564	0.00793	0.26080	0.01083
35	0.00955	0.00682	0.00909	0.01073	0.01127	0.00636	0.00721	0.01105	0.01531	0.02053	0.08380	0.67929	0.05270	0.02374	0.00985	0.00310	0.00444	0.02152	0.00728	0.00636
36	0.01342	0.01152	0.01300	0.03430	0.04873	0.05545	0.00981	0.03657	0.05435	0.02678	0.30148	0.07691	0.19193	0.01585	0.00897	0.00260	0.00557	0.07754	0.00729	0.00794
37	0.01959	0.01901	0.03442	0.12447	0.24633	0.04223	0.27013	0.02470	0.01785	0.07052	0.01577	0.02030	0.01214	0.00738	0.00901	0.00251	0.04078	0.00778	0.00421	0.01086
38	0.01148	0.00693	0.00955	0.01018	0.01069	0.00668	0.00692	0.01061	0.01272	0.01671	0.03141	0.27452	0.10232	0.02640	0.04686	0.38653	0.00618	0.01325	0.00518	0.00489
39	0.02314	0.01717	0.01778	0.01520	0.01970	0.07630	0.01202	0.13981	0.27024	0.14991	0.07018	0.02917	0.04836	0.01410	0.05809	0.00318	0.00814	0.00856	0.00757	0.01137
40	0.01521	0.01512	0.02819	0.25364	0.08400	0.01619	0.22168	0.01984	0.01611	0.02168	0.01949	0.13845	0.01826	0.01303	0.04587	0.00323	0.04652	0.01023	0.00429	0.00899
41	0.01020	0.00758	0.01059	0.07257	0.01542	0.00751	0.00897	0.01210	0.01519	0.02012	0.04002	0.59947	0.04704	0.02256	0.00979	0.00314	0.00527	0.07902	0.00686	0.00658
42	0.01776	0.01049	0.01347	0.01224	0.01528	0.01008	0.00978	0.06707	0.04732	0.16525	0.33450	0.07858	0.04992	0.01517	0.00902	0.00265	0.00535	0.11860	0.00838	0.00908
43	0.06663	0.00921	0.01247	0.05306	0.01606	0.00942	0.02956	0.01455	0.01681	0.02384	0.16279	0.31396	0.07813	0.01878	0.00988	0.00296	0.03031	0.11762	0.00682	0.00715

[dist]
# distance from previous block
# <min> <max>
7	19

[block]
# block no. 4 follows, 25 sequences, length 73
# corresponding to MSA columns:
# 194-266
name=unknown_E
#
# <colnr> <probs for GDERKNQSTAVLIFYWHMCP>
#	G	D	E	R	K	N	Q	S	T	A	V	L	I	F	Y	W	H	M	C	P
0	0.01973	0.02092	0.04500	0.02180	0.08492	0.17128	0.10932	0.06207	0.12781	0.02564	0.04326	0.06130	0.02251	0.01317	0.03523	0.00298	0.01015	0.10747	0.00559	0.00985
1	0.02073	0.73217	0.04063	0.01327	0.01990	0.03068	0.01327	0.02322	0.01575	0.01824	0.01078	0.01244	0.00995	0.00663	0.00498	0.00166	0.00829	0.00415	0.00332	0.00995
2	0.02193	0.01680	0.01891	0.01401	0.02060	0.01563	0.01140	0.26306	0.02412	0.05948	0.01628	0.01744	0.01243	0.00726	0.00659	0.00165	0.00684	0.00563	0.00600	0.45394
3	0.01464	0.01378	0.02326	0.70887	0.05340	0.01723	0.02153	0.01981	0.01550	0.01981	0.01378	0.02067	0.01034	0.00775	0.00775	0.00258	0.01034	0.00689	0.00345	0.00861
4	0.01072	0.00706	0.00854	0.00954	0.01038	0.00670	0.00641	0.01244	0.01503	0.02135	0.05915	0.42808	0.08253	0.11994	0.01311	0.00344	0.00469	0.01698	0.15759	0.00630
5	0.01841	0.01592	0.04601	0.02234	0.10918	0.05664	0.16955	0.02224	0.01841	0.12518	0.09065	0.21522	0.02966	0.01293	0.00875	0.00262	0.00831	0.01226	0.00612	0.00961
6	0.02283	0.39808	0.11752	0.01607	0.02270	0.14473	0.01553	0.07331	0.04749	0.05643	0.01392	0.01513	0.01126	0.00749	0.00612	0.00195	0.00954	0.00510	0.00429	0.01049
7	0.01515	0.01094	0.01382	0.01512	0.01695	0.01022	0.01203	0.01703	0.01934	0.02572	0.07806	0.20986	0.08678	0.02307	0.01160	0.00392	0.00734	0.40606	0.00823	0.00876
8	0.01149	0.00870	0.01229	0.01325	0.01484	0.00848	0.03613	0.01481	0.04039	0.02201	0.04232	0.35771	0.07785	0.02156	0.01011	0.00326	0.00603	0.28462	0.00706	0.00707
9	0.02246	0.20355	0.09815	0.04806	0.10519	0.17963	0.03825	0.04727	0.03546	0.06650	0.01422	0.01662	0.01142	0.00812	0.00848	0.00222	0.07393	0.00582	0.00426	0.01039
10	0.02122	0.01668	0.01904	0.01640	0.02117	0.01868	0.04049	0.06350	0.54685	0.09937	0.03026	0.02792	0.02229	0.01020	0.00793	0.00259	0.00658	0.00862	0.00788	0.01232
11	0.01151	0.00794	0.01017	0.01062	0.01215	0.00742	0.00768	0.01452	0.03971	0.05405	0.25245	0.36702	0.11231	0.01987	0.00945	0.00283	0.00442	0.04091	0.00777	0.00720
12	0.06504	0.02339	0.02118	0.01761	0.02217	0.18155	0.01403	0.31548	0.10221	0.03491	0.01754	0.01944	0.01367	0.03590	0.01035	0.00258	0.07898	0.00672	0.00619	0.01106
13	0.02322	0.01838	0.02831	0.15365	0.11339	0.01934	0.15591	0.21773	0.05035	0.11340	0.01859	0.02096	0.01341	0.00820	0.00806	0.00246	0.00961	0.00760	0.00586	0.01158
14	0.06394	0.04682	0.13589	0.03016	0.09671	0.01962	0.42151	0.02434	0.01737	0.02503	0.01470	0.01918	0.01122	0.00695	0.00884	0.00254	0.03288	0.00790	0.00384	0.01058
15	0.01192	0.00814	0.01042	0.00996	0.01200	0.00741	0.00752	0.01517	0.02078	0.06244	0.50188	0.10785	0.14117	0.01679	0.00919	0.00255	0.00402	0.03507	0.00828	0.00744
16	0.02852	0.02216	0.02399	0.04907	0.02593	0.08210	0.04764	0.50090	0.03246	0.08201	0.01839	0.01888	0.01307	0.00900	0.00776	0.00233	0.00921	0.00696	0.00715	0.01247
17	0.04769	0.01470	0.01762	0.01763	0.08919	0.01574	0.01223	0.18959	0.15809	0.05739	0.09067	0.15428	0.02833	0.01370	0.00955	0.04896	0.00660	0.01073	0.00703	0.01028
18	0.01214	0.00823	0.01046	0.00972	0.01192	0.00745	0.00735	0.01552	0.02134	0.06890	0.54998	0.05844	0.15717	0.01602	0.00907	0.00246	0.00387	0.01399	0.00841	0.00756
19	0.01355	0.00747	0.01101	0.01075	0.01086	0.00788	0.00744	0.01092	0.01089	0.01482	0.05109	0.02510	0.01667	0.02543	0.02878	0.67989	0.05272	0.00715	0.00366	0.00393
20	0.02900	0.03596	0.02206	0.01984	0.02397	0.65245	0.01497	0.07162	0.02292	0.02093	0.01242	0.01429	0.01020	0.00808	0.00704	0.00202	0.01363	0.00512	0.00424	0.00926
21	0.51522	0.01842	0.01473	0.01282	0.01753	0.10316	0.01034	0.12640	0.01806	0.03403	0.01286	0.01490	0.01008	0.01091	0.04988	0.00298	0.00836	0.00502	0.00514	0.00916
22	0.02499	0.02278	0.02090	0.01824	0.03973	0.16273	0.01403	0.25952	0.28651	0.03536	0.02234	0.02182	0.01672	0.00946	0.00765	0.00238	0.00872	0.00728	0.00692	0.01192
23	0.00945	0.00675	0.00900	0.01080	0.01125	0.00630	0.00720	0.01080	0.01484	0.01979	0.04274	0.72245	0.05128	0.02429	0.00990	0.00315	0.00450	0.02204	0.00720	0.00630
24	0.01105	0.00798	0.01047	0.00999	0.01181	0.00740	0.00758	0.01471	0.02174	0.03069	0.64246	0.05944	0.07169	0.01614	0.00923	0.00250	0.00384	0.04553	0.00846	0.00731
25	0.11726	0.02200	0.02049	0.01671	0.02202	0.12819	0.01347	0.37703	0.08464	0.06109	0.01827	0.01886	0.01351	0.01116	0.03828	0.00277	0.00937	0.00658	0.00672	0.01159
26	0.01256	0.00843	0.01079	0.01067	0.01241	0.00803	0.00774	0.01645	0.06042	0.06871	0.36239	0.26487	0.05756	0.04979	0.01058	0.00290	0.00445	0.01571	0.00796	0.00757
27	0.00958	0.00685	0.00915	0.01095	0.01146	0.00642	0.00744	0.01103	0.01498	0.01995	0.04266	0.69389	0.05098	0.02416	0.00993	0.00317	0.00462	0.04924	0.00719	0.00634
28	0.01631	0.01543	0.02648	0.54290	0.08757	0.01802	0.09754	0.06123	0.01731	0.02261	0.01437	0.02048	0.01081	0.00765	0.00792	0.00255	0.01048	0.00717	0.00380	0.00935
29	0.02898	0.01612	0.01903	0.01529	0.02085	0.01656	0.01240	0.17541	0.21740	0.34867	0.02822	0.02542	0.01920	0.00981	0.00782	0.00245	0.00689	0.00791	0.00868	0.01292
30	0.00968	0.00692	0.00898	0.01043	0.01098	0.00647	0.00693	0.01105	0.01498	0.01998	0.07486	0.60539	0.07139	0.08752	0.01252	0.00349	0.00471	0.02046	0.00704	0.00621
31	0.04082	0.01152	0.01376	0.01231	0.01447	0.01242	0.00913	0.15750	0.09424	0.02523	0.01745	0.02313	0.01488	0.01931	0.02024	0.43770	0.00684	0.00699	0.05505	0.00701
32	0.01456	0.01184	0.01410	0.03945	0.01694	0.03433	0.04222	0.07787	0.06096	0.04812	0.13527	0.09463	0.27814	0.03865	0.00989	0.00280	0.00602	0.05897	0.00705	0.00821
33	0.01024	0.00750	0.00965	0.01108	0.01219	0.00704	0.00819	0.01217	0.01588	0.02061	0.04726	0.43082	0.14916	0.05445	0.01131	0.00336	0.00520	0.17034	0.00707	0.00647
34	0.43524	0.08111	0.02005	0.05563	0.16624	0.08210	0.01355	0.02366	0.01535	0.02897	0.01190	0.01460	0.00965	0.00719	0.00581	0.00228	0.00788	0.00501	0.00431	0.00947
35	0.01159	0.00860	0.01057	0.01034	0.01214	0.00826	0.00755	0.03817	0.05311	0.02754	0.38824	0.20113	0.12009	0.05413	0.01075	0.00288	0.00437	0.01533	0.00785	0.00736
36	0.01981	0.01495	0.01728	0.01288	0.01928	0.01293	0.01036	0.12955	0.04237	0.08415	0.01758	0.04143	0.01417	0.00746	0.00647	0.00157	0.00626	0.00599	0.00575	0.52976
37	0.02279	0.01773	0.01966	0.05930	0.02291	0.05145	0.01265	0.25251	0.02430	0.08246	0.03890	0.01940	0.01457	0.00817	0.00757	0.00192	0.03002	0.00626	0.00611	0.30131
38	0.14087	0.08414	0.02050	0.01587	0.02023	0.09488	0.01285	0.10618	0.28951	0.03054	0.02047	0.02074	0.01586	0.00955	0.00890	0.00248	0.08277	0.00680	0.00607	0.01080
39	0.02415	0.30762	0.06321	0.01659	0.04531	0.04302	0.01454	0.06851	0.04718	0.18483	0.01733	0.01804	0.01314	0.00864	0.00877	0.00221	0.09453	0.00596	0.00539	0.01101
40	0.04570	0.01446	0.01755	0.01538	0.06166	0.01344	0.01132	0.13602	0.04324	0.15270	0.04247	0.10996	0.02056	0.01005	0.00729	0.00205	0.00643	0.00841	0.00662	0.27470
41	0.01242	0.00887	0.01174	0.05514	0.01503	0.00868	0.00865	0.01694	0.05753	0.05414	0.50083	0.12672	0.06181	0.01573	0.00902	0.00254	0.00443	0.01392	0.00806	0.00779
42	0.01028	0.00779	0.01138	0.01206	0.01305	0.00732	0.04605	0.01206	0.01532	0.02053	0.07250	0.58419	0.04846	0.06290	0.01153	0.00335	0.00524	0.04253	0.00692	0.00654
43	0.08279	0.01782	0.02110	0.16304	0.02834	0.07081	0.05583	0.21653	0.05653	0.08306	0.04166	0.06623	0.01754	0.00978	0.00767	0.00244	0.00858	0.00809	0.03170	0.01045
44	0.03001	0.02085	0.02274	0.01743	0.02361	0.02276	0.01440	0.59095	0.03501	0.11324	0.01983	0.01940	0.01379	0.00934	0.00776	0.00233	0.00834	0.00706	0.00794	0.01319
45	0.01014	0.00759	0.00941	0.00960	0.01123	0.00686	0.00695	0.01278	0.01903	0.02567	0.36485	0.24207	0.20737	0.01902	0.00935	0.00267	0.00395	0.01674	0.00786	0.00686
46	0.01724	0.02187	0.11641	0.06881	0.03869	0.01849	0.50437	0.02367	0.01771	0.02421	0.01700	0.06254	0.01383	0.00777	0.00891	0.00263	0.01221	0.00940	0.00402	0.01022
47	0.02096	0.01997	0.02067	0.01784	0.02221	0.11108	0.05399	0.07230	0.45844	0.03017	0.02577	0.02503	0.01958	0.01005	0.00899	0.00258	0.05398	0.00805	0.00681	0.01152
48	0.01555	0.04011	0.68733	0.02210	0.03356	0.01801	0.02865	0.02455	0.01637	0.02455	0.01391	0.01637	0.00982	0.00737	0.00737	0.00246	0.01146	0.00573	0.00327	0.01146
49	0.01707	0.00969	0.01250	0.01112	0.01405	0.00899	0.00856	0.02157	0.06346	0.18677	0.42078	0.08896	0.07565	0.01464	0.00879	0.00249	0.00458	0.01275	0.00862	0.00896
50	0.01031	0.00807	0.01196	0.01259	0.01350	0.00784	0.04943	0.01202	0.01495	0.02008	0.03971	0.64937	0.04711	0.02272	0.01045	0.00312	0.03266	0.02061	0.00684	0.00665
51	0.01347	0.00673	0.01010	0.01010	0.01010	0.00673	0.00673	0.01010	0.01010	0.01347	0.01347	0.02357	0.01347	0.02694	0.03030	0.77441	0.00673	0.00673	0.00337	0.00337
52	0.01464	0.01378	0.02326	0.70887	0.05340	0.01723	0.02153	0.01981	0.01550	0.01981	0.01378	0.02067	0.01034	0.00775	0.00775	0.00258	0.01034	0.00689	0.00345	0.00861
53	0.01114	0.00841	0.01004	0.00997	0.01192	0.00782	0.00731	0.05096	0.01965	0.02614	0.29043	0.24048	0.23931	0.01885	0.00927	0.00268	0.00426	0.01645	0.00774	0.00717
54	0.01464	0.01378	0.02326	0.70887	0.05340	0.01723	0.02153	0.01981	0.01550	0.01981	0.01378	0.02067	0.01034	0.00775	0.00775	0.00258	0.01034	0.00689	0.00345	0.00861
55	0.01493	0.01408	0.02378	0.66652	0.09348	0.01730	0.02168	0.02007	0.01564	0.02016	0.01383	0.02058	0.01046	0.00770	0.00775	0.00257	0.01026	0.00689	0.00347	0.00885
56	0.00976	0.00688	0.00890	0.01039	0.01077	0.00651	0.00677	0.01088	0.01423	0.01898	0.03960	0.60725	0.04732	0.14490	0.01497	0.00390	0.00502	0.02020	0.00677	0.00602
57	0.02577	0.02194	0.02105	0.01739	0.02265	0.11184	0.01389	0.35222	0.25867	0.03903	0.02235	0.02168	0.01650	0.00956	0.00770	0.00239	0.00840	0.00735	0.00730	0.01230
58	0.01149	0.00836	0.01191	0.01181	0.01320	0.00945	0.00911	0.01435	0.01407	0.02073	0.10202	0.06438	0.02717	0.04545	0.49589	0.00953	0.03773	0.00948	0.07686	0.00702
59	0.01748	0.01668	0.02838	0.29645	0.44366	0.01797	0.02294	0.02230	0.01685	0.02325	0.01428	0.01975	0.01155	0.00723	0.00770	0.00241	0.00963	0.00690	0.00369	0.01090
60	0.01838	0.02064	0.04040	0.02970	0.03580	0.04318	0.49849	0.02376	0.01709	0.02336	0.01442	0.01987	0.01138	0.00804	0.01245	0.00275	0.15794	0.00852	0.00381	0.01000
61	0.00945	0.00675	0.00900	0.01080	0.01125	0.00630	0.00720	0.01080	0.01484	0.01979	0.04274	0.72245	0.05128	0.02429	0.00990	0.00315	0.00450	0.02204	0.00720	0.00630
62	0.21441	0.01511	0.01649	0.01334	0.01854	0.01569	0.01090	0.16484	0.06469	0.27658	0.05134	0.02303	0.01796	0.00925	0.00697	0.00236	0.00653	0.00704	0.05359	0.01133
63	0.01350	0.01005	0.01318	0.01237	0.01346	0.01152	0.00918	0.03797	0.01370	0.04455	0.02522	0.08181	0.06006	0.25531	0.24048	0.00745	0.12809	0.01029	0.00492	0.00689
64	0.00954	0.00682	0.00908	0.01073	0.01127	0.00636	0.00720	0.01103	0.01527	0.02047	0.08074	0.68251	0.05260	0.02378	0.00985	0.00311	0.00445	0.02156	0.00728	0.00636
65	0.01907	0.00981	0.01288	0.01126	0.01461	0.00882	0.00891	0.02223	0.02083	0.25536	0.31042	0.04952	0.13101	0.01634	0.03913	0.00295	0.00565	0.04351	0.00846	0.00923
66	0.01807	0.44045	0.16011	0.01445	0.02107	0.02387	0.01507	0.02296	0.05761	0.02098	0.05070	0.02158	0.04505	0.04931	0.00800	0.00229	0.00829	0.00621	0.00412	0.00980
67	0.01541	0.00855	0.01170	0.01104	0.01179	0.00883	0.00770	0.08807	0.01330	0.01776	0.01409	0.02297	0.01343	0.02480	0.02757	0.68081	0.00695	0.00676	0.00390	0.00456
68	0.42924	0.01424	0.01376	0.01168	0.01647	0.01536	0.00951	0.06272	0.05997	0.18504	0.06729	0.02121	0.01744	0.00881	0.00621	0.00239	0.00602	0.00634	0.03638	0.00991
69	0.02777	0.01453	0.01760	0.01421	0.01928	0.01443	0.01147	0.16518	0.11183	0.35429	0.07148	0.06316	0.02380	0.01081	0.00789	0.00243	0.00651	0.00888	0.04239	0.01206
70	0.35018	0.06099	0.01596	0.01324	0.03652	0.05144	0.01017	0.04474	0.04955	0.07610	0.07900	0.02358	0.01886	0.08551	0.01084	0.00295	0.04924	0.00676	0.00550	0.00886
71	0.01537	0.01593	0.05925	0.50812	0.08946	0.01756	0.06816	0.02026	0.01546	0.02049	0.01374	0.02023	0.01065	0.00867	0.00982	0.03106	0.05632	0.00699	0.00349	0.00894
72	0.09606	0.01811	0.02629	0.14575	0.35453	0.05871	0.04415	0.02370	0.04068	0.02501	0.01438	0.01860	0.01170	0.00741	0.00791	0.00233	0.03341	0.00652	0.00407	0.06071

[dist]
# distance from previous block
# <min> <max>
4	23

[block]
# block no. 5 follows, 25 sequences, length 185
# corresponding to MSA columns:
# 290-474
name=unknown_F
#
# <colnr> <probs for GDERKNQSTAVLIFYWHMCP>
#	G	D	E	R	K	N	Q	S	T	A	V	L	I	F	Y	W	H	M	C	P
0	0.02254	0.01680	0.14922	0.01471	0.02024	0.01138	0.02739	0.02664	0.01967	0.32275	0.13146	0.14660	0.03115	0.01256	0.00831	0.00255	0.00689	0.01081	0.00764	0.01069
1	0.00935	0.00713	0.00860	0.00978	0.01098	0.00638	0.00674	0.01091	0.01583	0.02019	0.05515	0.49780	0.26791	0.02268	0.00964	0.00296	0.00430	0.02007	0.00720	0.00638
2	0.01507	0.01043	0.01279	0.01215	0.01469	0.01054	0.00930	0.05635	0.13122	0.07963	0.28806	0.19572	0.05001	0.01638	0.00904	0.00271	0.00505	0.06408	0.00806	0.00871
3	0.07097	0.02581	0.02096	0.05107	0.05023	0.30180	0.01442	0.19214	0.09581	0.04840	0.01703	0.01821	0.01299	0.00860	0.00719	0.00222	0.01026	0.00621	0.03512	0.01057
4	0.02863	0.04882	0.04602	0.01451	0.02013	0.01457	0.01230	0.11166	0.09377	0.41238	0.05311	0.06519	0.02201	0.01050	0.00782	0.00243	0.00683	0.00859	0.00845	0.01225
5	0.02465	0.01104	0.01476	0.01234	0.01647	0.00985	0.00977	0.02814	0.03797	0.40407	0.21660	0.11544	0.03845	0.01310	0.00843	0.00250	0.00550	0.01124	0.00897	0.01070
6	0.01075	0.00721	0.00964	0.01096	0.01182	0.00671	0.00759	0.01248	0.01597	0.04802	0.10463	0.60287	0.05187	0.02275	0.00977	0.00307	0.00461	0.04515	0.00742	0.00671
7	0.01961	0.01922	0.03106	0.04640	0.65085	0.04770	0.02342	0.02411	0.01784	0.02506	0.01447	0.01897	0.01218	0.00696	0.00765	0.00229	0.00942	0.00683	0.00384	0.01214
8	0.01898	0.02069	0.04262	0.03077	0.03794	0.02021	0.56157	0.06797	0.01910	0.02606	0.01550	0.02047	0.01175	0.00723	0.01022	0.00265	0.06278	0.00883	0.00415	0.01051
9	0.00945	0.00675	0.00900	0.01080	0.01125	0.00630	0.00720	0.01080	0.01484	0.01979	0.04274	0.72245	0.05128	0.02429	0.00990	0.00315	0.00450	0.02204	0.00720	0.00630
10	0.01555	0.04011	0.68733	0.02210	0.03356	0.01801	0.02865	0.02455	0.01637	0.02455	0.01391	0.01637	0.00982	0.00737	0.00737	0.00246	0.01146	0.00573	0.00327	0.01146
11	0.00945	0.00675	0.00900	0.01080	0.01125	0.00630	0.00720	0.01080	0.01484	0.01979	0.04274	0.72245	0.05128	0.02429	0.00990	0.00315	0.00450	0.02204	0.00720	0.00630
12	0.01464	0.01378	0.02326	0.70887	0.05340	0.01723	0.02153	0.01981	0.01550	0.01981	0.01378	0.02067	0.01034	0.00775	0.00775	0.00258	0.01034	0.00689	0.00345	0.00861
13	0.01388	0.00744	0.01063	0.01051	0.01082	0.00763	0.00713	0.01232	0.05689	0.01482	0.01476	0.02395	0.01420	0.02576	0.02870	0.71928	0.00669	0.00688	0.00369	0.00400
14	0.01838	0.01586	0.01666	0.01507	0.01929	0.01814	0.01170	0.03850	0.60693	0.03140	0.03578	0.03304	0.08231	0.01134	0.00800	0.00263	0.00594	0.00945	0.00783	0.01176
15	0.01555	0.04011	0.68733	0.02210	0.03356	0.01801	0.02865	0.02455	0.01637	0.02455	0.01391	0.01637	0.00982	0.00737	0.00737	0.00246	0.01146	0.00573	0.00327	0.01146
16	0.00925	0.00751	0.00821	0.00877	0.01071	0.00647	0.00630	0.01102	0.01679	0.02059	0.06737	0.27680	0.48103	0.02109	0.00939	0.00278	0.00411	0.01814	0.00720	0.00647
17	0.02781	0.01603	0.01877	0.01638	0.05706	0.04302	0.01242	0.15423	0.11838	0.33007	0.02997	0.02787	0.06485	0.01015	0.00778	0.00239	0.00706	0.00821	0.03541	0.01215
18	0.02016	0.65610	0.11172	0.01424	0.02140	0.02929	0.01496	0.02336	0.01582	0.01894	0.01112	0.01287	0.00994	0.00671	0.00524	0.00175	0.00864	0.00432	0.00331	0.01012
19	0.02658	0.01451	0.01772	0.01377	0.01954	0.01345	0.01117	0.11563	0.09267	0.33556	0.06809	0.02538	0.02071	0.00920	0.00743	0.00213	0.00642	0.00748	0.00796	0.18458
20	0.01690	0.01628	0.02823	0.37237	0.33493	0.01790	0.05813	0.02189	0.01663	0.02258	0.01425	0.02002	0.01129	0.00730	0.00780	0.00246	0.00998	0.00703	0.00365	0.01037
21	0.01929	0.01666	0.01753	0.01578	0.02016	0.01929	0.01227	0.04120	0.66513	0.03243	0.03156	0.02893	0.02367	0.01052	0.00789	0.00263	0.00614	0.00877	0.00789	0.01227
22	0.01052	0.00782	0.00979	0.00949	0.01135	0.00709	0.00704	0.01368	0.02059	0.02832	0.51454	0.11427	0.18238	0.01722	0.00921	0.00253	0.00377	0.01510	0.00818	0.00709
23	0.05405	0.01694	0.01862	0.06310	0.02229	0.01872	0.01274	0.29801	0.18419	0.07598	0.02713	0.02675	0.06909	0.01023	0.00761	0.00241	0.00711	0.00811	0.06546	0.01147
24	0.04814	0.06337	0.01621	0.01299	0.01684	0.01331	0.01062	0.05289	0.13708	0.17435	0.14001	0.07602	0.08189	0.01379	0.00838	0.00263	0.00600	0.10790	0.00773	0.00987
25	0.00945	0.00675	0.00900	0.01080	0.01125	0.00630	0.00720	0.01080	0.01484	0.01979	0.04274	0.72245	0.05128	0.02429	0.00990	0.00315	0.00450	0.02204	0.00720	0.00630
26	0.01125	0.00836	0.01063	0.01169	0.01351	0.00795	0.00959	0.01400	0.01734	0.02214	0.07772	0.11589	0.21987	0.07128	0.01222	0.00352	0.00598	0.35326	0.00705	0.00676
27	0.13412	0.01714	0.01851	0.01509	0.02028	0.01859	0.01233	0.30480	0.12197	0.13759	0.06915	0.02648	0.02071	0.01026	0.00760	0.00246	0.00711	0.03649	0.00766	0.01167
28	0.01786	0.01778	0.02569	0.37225	0.26816	0.08239	0.02118	0.02348	0.05359	0.02238	0.01490	0.01998	0.01174	0.00764	0.00766	0.00243	0.01005	0.00682	0.00389	0.01014
29	0.37713	0.01399	0.01431	0.01171	0.01701	0.01415	0.00956	0.02750	0.04199	0.24167	0.04942	0.02022	0.01588	0.00831	0.00621	0.00225	0.00605	0.00604	0.00660	0.10997
30	0.12708	0.04780	0.12337	0.01974	0.06950	0.01699	0.09668	0.07214	0.01885	0.16701	0.06341	0.02234	0.01715	0.01119	0.04076	0.00294	0.05941	0.00728	0.00569	0.01069
31	0.01663	0.04662	0.02444	0.18160	0.04813	0.02023	0.06019	0.05473	0.01531	0.02140	0.01673	0.07240	0.03582	0.01199	0.01608	0.00294	0.33347	0.00833	0.00411	0.00886
32	0.01106	0.00832	0.01098	0.01195	0.01301	0.00845	0.00910	0.01319	0.01599	0.02124	0.08655	0.33663	0.10239	0.07395	0.01329	0.00351	0.05452	0.19240	0.00683	0.00667
33	0.02579	0.01833	0.02027	0.01591	0.02166	0.01931	0.01291	0.39676	0.10268	0.10386	0.02193	0.05996	0.01688	0.00981	0.00761	0.00225	0.00744	0.00777	0.00747	0.12140
34	0.01744	0.01404	0.01643	0.01182	0.01865	0.01089	0.00949	0.04356	0.01711	0.05698	0.01474	0.01665	0.01191	0.00605	0.00591	0.00125	0.00588	0.00483	0.00494	0.71140
35	0.07679	0.01724	0.01863	0.01521	0.02030	0.01876	0.01221	0.28325	0.21325	0.09941	0.07146	0.02562	0.02124	0.02991	0.00850	0.00253	0.00698	0.00792	0.00760	0.04318
36	0.00953	0.00678	0.00897	0.01070	0.01113	0.00635	0.00709	0.01082	0.01469	0.01959	0.04194	0.69344	0.05028	0.05466	0.01117	0.00334	0.00463	0.02158	0.00709	0.00623
37	0.01278	0.01014	0.01537	0.04269	0.06517	0.01003	0.04855	0.01631	0.01757	0.02302	0.05710	0.13765	0.08933	0.01903	0.01005	0.00324	0.00714	0.40058	0.00663	0.00762
38	0.01951	0.54151	0.17168	0.01644	0.02413	0.02733	0.06193	0.02360	0.01606	0.01999	0.01176	0.01384	0.01005	0.00677	0.00576	0.00189	0.00927	0.00482	0.00335	0.01029
39	0.01650	0.01568	0.02661	0.43875	0.30900	0.01772	0.02246	0.02144	0.01638	0.02207	0.01411	0.02007	0.01113	0.00741	0.00772	0.00247	0.00988	0.00690	0.00361	0.01011
40	0.00956	0.00683	0.00909	0.01072	0.01127	0.00637	0.00721	0.01107	0.01535	0.02060	0.08790	0.67498	0.05284	0.02369	0.00984	0.00310	0.00444	0.02147	0.00729	0.00637
41	0.04503	0.03801	0.63317	0.02130	0.03227	0.01770	0.02715	0.02506	0.01650	0.05344	0.01452	0.01666	0.01017	0.00746	0.00729	0.00245	0.01104	0.00576	0.00360	0.01142
42	0.02054	0.70631	0.06480	0.01360	0.02041	0.03021	0.01384	0.02327	0.01578	0.01848	0.01090	0.01258	0.00995	0.00666	0.00506	0.00169	0.00841	0.00421	0.00332	0.01001
43	0.01919	0.01842	0.03147	0.04759	0.67914	0.01842	0.02380	0.02380	0.01765	0.02533	0.01458	0.01919	0.01228	0.00691	0.00768	0.00230	0.00921	0.00691	0.00384	0.01228
44	0.03479	0.01320	0.01799	0.01380	0.01979	0.01140	0.01140	0.03779	0.02219	0.68451	0.03059	0.02639	0.01919	0.00960	0.00780	0.00240	0.00660	0.00780	0.00960	0.01320
45	0.00945	0.00675	0.00900	0.01080	0.01125	0.00630	0.00720	0.01080	0.01484	0.01979	0.04274	0.72245	0.05128	0.02429	0.00990	0.00315	0.00450	0.02204	0.00720	0.00630
46	0.01555	0.04011	0.68733	0.02210	0.03356	0.01801	0.02865	0.02455	0.01637	0.02455	0.01391	0.01637	0.00982	0.00737	0.00737	0.00246	0.01146	0.00573	0.00327	0.01146
47	0.00959	0.00685	0.00916	0.01096	0.01147	0.00642	0.00744	0.01104	0.01498	0.01995	0.04266	0.69292	0.05097	0.02416	0.00993	0.00317	0.00462	0.05017	0.00719	0.00634
48	0.03231	0.01321	0.01760	0.01371	0.01931	0.01177	0.01123	0.07299	0.02283	0.58776	0.06821	0.04835	0.02296	0.01038	0.00794	0.00242	0.00648	0.00854	0.00935	0.01264
49	0.01541	0.03779	0.64037	0.02127	0.03193	0.01723	0.02713	0.02355	0.01594	0.02379	0.01388	0.01687	0.01007	0.00872	0.00896	0.05598	0.01113	0.00580	0.00328	0.01090
50	0.23245	0.01753	0.01956	0.13834	0.07075	0.04181	0.01434	0.23046	0.02250	0.03471	0.06372	0.02006	0.01554	0.00890	0.00773	0.00243	0.03661	0.00664	0.00567	0.01023
51	0.01465	0.01011	0.01105	0.01097	0.01147	0.00951	0.00652	0.01385	0.01396	0.01886	0.03048	0.08358	0.06156	0.62578	0.03636	0.00742	0.00828	0.01275	0.00605	0.00678
52	0.08142	0.01849	0.02010	0.05696	0.02338	0.02069	0.01357	0.35307	0.20308	0.06542	0.04836	0.02298	0.01817	0.00966	0.00763	0.00244	0.00753	0.00757	0.00742	0.01207
53	0.07984	0.01440	0.01764	0.01395	0.01959	0.01379	0.01139	0.08960	0.10893	0.44835	0.04663	0.02559	0.01979	0.00954	0.00755	0.00237	0.00654	0.00765	0.00863	0.04823
54	0.01595	0.09275	0.63814	0.02143	0.03252	0.01897	0.02748	0.02445	0.01632	0.02407	0.01368	0.01607	0.00983	0.00731	0.00718	0.00239	0.01122	0.00561	0.00328	0.01134
55	0.01881	0.47605	0.27997	0.01654	0.02496	0.02599	0.01896	0.02371	0.01598	0.02058	0.01194	0.01389	0.00990	0.00690	0.00586	0.00195	0.00946	0.00473	0.00330	0.01051
56	0.00977	0.00831	0.00849	0.00847	0.01114	0.00723	0.00644	0.01273	0.04798	0.02157	0.07490	0.07298	0.62108	0.01928	0.00916	0.00266	0.00415	0.03959	0.00723	0.00684
57	0.01463	0.01325	0.02196	0.65235	0.04983	0.01642	0.02024	0.01967	0.01556	0.02054	0.01471	0.02134	0.01110	0.00786	0.00756	0.00252	0.00979	0.00692	0.06524	0.00850
58	0.01666	0.01574	0.02625	0.31086	0.34256	0.01747	0.02135	0.02126	0.01676	0.02312	0.05981	0.02235	0.01560	0.00825	0.00881	0.00249	0.04907	0.00739	0.00398	0.01024
59	0.01175	0.00820	0.01040	0.00991	0.01204	0.00746	0.00760	0.01508	0.02094	0.05562	0.50256	0.06153	0.17213	0.01663	0.00920	0.00255	0.00407	0.05667	0.00825	0.00741
60	0.01900	0.00903	0.01057	0.00971	0.01248	0.00863	0.00744	0.02289	0.04416	0.19069	0.02932	0.12591	0.02428	0.01138	0.00674	0.00218	0.00458	0.00952	0.44269	0.00879
61	0.01107	0.00839	0.01147	0.01270	0.04942	0.00820	0.00850	0.01362	0.01800	0.02505	0.32803	0.32654	0.05658	0.04410	0.01111	0.00294	0.03325	0.01652	0.00738	0.00713
62	0.02966	0.01820	0.02062	0.01594	0.02183	0.01904	0.01312	0.42433	0.03088	0.23739	0.02636	0.02483	0.06095	0.01011	0.00787	0.00237	0.00763	0.00788	0.00827	0.01273
63	0.00951	0.00680	0.00905	0.01075	0.01126	0.00634	0.00720	0.01095	0.01514	0.02026	0.06868	0.69518	0.05218	0.02395	0.00987	0.00312	0.00446	0.02171	0.00725	0.00634
64	0.08752	0.01318	0.01731	0.01343	0.01922	0.01171	0.01107	0.03607	0.02154	0.61996	0.04707	0.02628	0.01992	0.00960	0.00762	0.00240	0.00647	0.00771	0.00922	0.01269
65	0.02632	0.01528	0.01794	0.01436	0.01939	0.01546	0.01163	0.26626	0.05258	0.26094	0.10992	0.05945	0.07201	0.01162	0.00814	0.00243	0.00667	0.00949	0.00843	0.01167
66	0.01791	0.02016	0.04297	0.03108	0.03813	0.01944	0.58505	0.02393	0.01774	0.02424	0.01623	0.04458	0.01300	0.00763	0.01031	0.00269	0.06134	0.00943	0.00400	0.01018
67	0.26477	0.02182	0.02082	0.08541	0.02523	0.15631	0.05758	0.22257	0.02286	0.03386	0.01413	0.01615	0.01065	0.00803	0.00676	0.00233	0.00932	0.00584	0.00537	0.01019
68	0.01464	0.01378	0.02326	0.70887	0.05340	0.01723	0.02153	0.01981	0.01550	0.01981	0.01378	0.02067	0.01034	0.00775	0.00775	0.00258	0.01034	0.00689	0.00345	0.00861
69	0.01464	0.01378	0.02326	0.70887	0.05340	0.01723	0.02153	0.01981	0.01550	0.01981	0.01378	0.02067	0.01034	0.00775	0.00775	0.00258	0.01034	0.00689	0.00345	0.00861
70	0.02937	0.02060	0.02144	0.01682	0.02259	0.06908	0.01373	0.45469	0.05773	0.15435	0.02097	0.02042	0.01466	0.00930	0.00763	0.00231	0.00831	0.00706	0.03631	0.01263
71	0.01092	0.00792	0.01030	0.00970	0.01155	0.00729	0.00728	0.01454	0.02183	0.03082	0.65875	0.05837	0.08963	0.01595	0.00915	0.00244	0.00367	0.01409	0.00850	0.00729
72	0.01999	0.01413	0.01681	0.01223	0.01893	0.01129	0.00987	0.05842	0.01826	0.13784	0.01689	0.01796	0.01288	0.00659	0.00620	0.00143	0.00604	0.00527	0.00562	0.60332
73	0.00951	0.00680	0.00905	0.01075	0.01126	0.00634	0.00720	0.01095	0.01513	0.02025	0.06832	0.69556	0.05217	0.02395	0.00987	0.00312	0.00446	0.02172	0.00725	0.00634
74	0.00955	0.00679	0.00897	0.01066	0.01108	0.00637	0.00705	0.01082	0.01463	0.01951	0.04166	0.68285	0.04992	0.06574	0.01164	0.00341	0.00468	0.02141	0.00705	0.00620
75	0.01490	0.01404	0.02372	0.67150	0.08877	0.01729	0.02166	0.02004	0.01563	0.02012	0.01383	0.02059	0.01045	0.00770	0.00775	0.00257	0.01027	0.00689	0.00347	0.00882
76	0.03479	0.01320	0.01799	0.01380	0.01979	0.01140	0.01140	0.03779	0.02219	0.68451	0.03059	0.02639	0.01919	0.00960	0.00780	0.00240	0.00660	0.00780	0.00960	0.01320
77	0.00974	0.00697	0.00931	0.01091	0.01155	0.00653	0.00751	0.01141	0.01560	0.02091	0.09454	0.63201	0.05270	0.02344	0.00988	0.00311	0.00458	0.05557	0.00730	0.00643
78	0.03200	0.02352	0.02503	0.01975	0.02596	0.02520	0.01583	0.61961	0.03726	0.05030	0.02169	0.02315	0.01628	0.01146	0.00913	0.00294	0.00953	0.00800	0.00871	0.01463
79	0.01108	0.00831	0.01246	0.01246	0.01385	0.00969	0.00969	0.01385	0.01246	0.01800	0.02077	0.03046	0.01938	0.05815	0.69678	0.01246	0.02077	0.00831	0.00415	0.00692
80	0.01649	0.01627	0.02284	0.01972	0.01983	0.02262	0.01638	0.01827	0.01192	0.01861	0.01103	0.01805	0.01092	0.01716	0.07952	0.00412	0.65753	0.00691	0.00345	0.00836
81	0.00943	0.00681	0.00893	0.01062	0.01120	0.00631	0.00712	0.01082	0.01501	0.01986	0.04485	0.68426	0.08811	0.02402	0.00985	0.00312	0.00446	0.02171	0.00720	0.00631
82	0.01270	0.06091	0.01526	0.01339	0.01509	0.06126	0.04672	0.01455	0.01564	0.01993	0.03695	0.48433	0.08481	0.01974	0.01031	0.00291	0.05479	0.01732	0.00624	0.00716
83	0.01789	0.02026	0.04404	0.03166	0.03916	0.01899	0.62104	0.02418	0.01814	0.02460	0.01694	0.05354	0.01360	0.00736	0.00919	0.00264	0.01267	0.00975	0.00407	0.01026
84	0.01885	0.01808	0.03086	0.09699	0.63240	0.01833	0.02363	0.02350	0.01749	0.02492	0.01452	0.01930	0.01214	0.00697	0.00768	0.00232	0.00930	0.00691	0.00381	0.01201
