[name]
unknown

[dist]
# distance from previous block
# <min> <max>
0	4

[block]
# block no. 0 follows, 21 sequences, length 24
# corresponding to MSA columns:
# 4-27
name=unknown_A
#
# <colnr> <probs for GDERKNQSTAVLIFYWHMCP>
#	G	D	E	R	K	N	Q	S	T	A	V	L	I	F	Y	W	H	M	C	P
0	0.05072	0.13978	0.30018	0.08093	0.03201	0.02005	0.04764	0.02711	0.01871	0.10684	0.02000	0.02700	0.01605	0.00981	0.00809	0.00269	0.01056	0.06517	0.00504	0.01161
1	0.01732	0.02316	0.19565	0.04359	0.02953	0.01652	0.15369	0.07312	0.04591	0.02810	0.05066	0.18283	0.02613	0.01377	0.01024	0.03102	0.00988	0.01207	0.00570	0.03110
2	0.01925	0.08540	0.01997	0.01557	0.02023	0.01949	0.01232	0.03631	0.43387	0.03135	0.03701	0.09001	0.08125	0.01303	0.00853	0.00275	0.00658	0.01086	0.00785	0.04836
3	0.02087	0.01803	0.02030	0.02030	0.08438	0.02030	0.01436	0.06785	0.49843	0.03474	0.03586	0.03380	0.06925	0.01181	0.00873	0.00283	0.00702	0.00993	0.00815	0.01306
4	0.02119	0.01552	0.01820	0.01373	0.02061	0.01307	0.01097	0.05547	0.08132	0.11264	0.02089	0.04417	0.01667	0.00829	0.00710	0.00175	0.00657	0.00676	0.00640	0.51868
5	0.01204	0.00870	0.01138	0.01071	0.01271	0.00803	0.00803	0.01606	0.02409	0.03413	0.64335	0.06357	0.08030	0.01740	0.01004	0.00268	0.00401	0.01539	0.00937	0.00803
6	0.01729	0.01544	0.02439	0.56539	0.05201	0.01878	0.02174	0.08103	0.01927	0.02494	0.01797	0.07148	0.01493	0.01000	0.00868	0.00285	0.01068	0.00878	0.00456	0.00977
7	0.01987	0.02752	0.25575	0.02517	0.06183	0.01789	0.18625	0.05097	0.02020	0.08106	0.02472	0.02692	0.07631	0.00929	0.00873	0.00261	0.01096	0.00869	0.00518	0.08009
8	0.02134	0.02417	0.10340	0.03304	0.04184	0.02059	0.51180	0.02844	0.02025	0.08040	0.01843	0.02301	0.01341	0.00754	0.00974	0.00283	0.01358	0.00957	0.00477	0.01183
9	0.01852	0.01827	0.02522	0.02136	0.02212	0.02459	0.01776	0.02058	0.01350	0.02121	0.01157	0.01852	0.01132	0.01403	0.02576	0.00348	0.61717	0.00721	0.00386	0.08397
10	0.01838	0.01762	0.02938	0.14665	0.31723	0.01888	0.07359	0.02372	0.04371	0.02553	0.02245	0.08748	0.04707	0.01104	0.01085	0.00285	0.07759	0.00990	0.00480	0.01130
11	0.01220	0.00818	0.00933	0.00950	0.00954	0.00814	0.00539	0.01233	0.01271	0.01695	0.02854	0.11069	0.03312	0.64295	0.04052	0.00784	0.00797	0.01339	0.00539	0.00531
12	0.03034	0.15039	0.02772	0.02042	0.02557	0.48793	0.01610	0.09888	0.02477	0.02441	0.01376	0.01564	0.01135	0.00868	0.00740	0.00217	0.01362	0.00557	0.00473	0.01056
13	0.01329	0.01031	0.01229	0.01151	0.01412	0.01012	0.00871	0.02040	0.12615	0.03269	0.45631	0.06096	0.15638	0.01704	0.00981	0.00274	0.00452	0.01480	0.00903	0.00882
14	0.24572	0.13213	0.05421	0.01801	0.05275	0.09936	0.04094	0.09470	0.02126	0.08742	0.06412	0.02085	0.01726	0.00909	0.00712	0.00245	0.00902	0.00670	0.00587	0.01101
15	0.02545	0.02894	0.02679	0.19779	0.16908	0.33416	0.02037	0.05297	0.02191	0.02391	0.01457	0.01868	0.01175	0.00850	0.00808	0.00245	0.01294	0.00656	0.00436	0.01073
16	0.01037	0.00741	0.00987	0.01185	0.01234	0.00691	0.00790	0.01185	0.01629	0.02172	0.04690	0.69537	0.05629	0.02666	0.01086	0.00346	0.00494	0.02419	0.00790	0.00691
17	0.01889	0.02024	0.04115	0.03475	0.13862	0.01959	0.41073	0.02471	0.01913	0.02630	0.02066	0.11148	0.01867	0.01019	0.01073	0.00293	0.04400	0.01139	0.00474	0.01110
18	0.01863	0.01796	0.02806	0.43909	0.14651	0.04452	0.04947	0.05146	0.01855	0.02433	0.01520	0.02171	0.01188	0.00893	0.01018	0.00283	0.06854	0.00759	0.00412	0.01043
19	0.01302	0.01039	0.01533	0.01483	0.01615	0.01270	0.01170	0.01590	0.01359	0.01985	0.02124	0.03145	0.01993	0.05729	0.58184	0.01235	0.11126	0.00889	0.00445	0.00783
20	0.01061	0.00758	0.01015	0.01213	0.01273	0.00712	0.00832	0.01227	0.01653	0.02200	0.04677	0.65169	0.05575	0.02643	0.01093	0.00349	0.00515	0.06546	0.00790	0.00698
21	0.02817	0.02106	0.02377	0.07482	0.02751	0.02361	0.01599	0.41898	0.10354	0.07115	0.02493	0.02519	0.04630	0.01102	0.00956	0.00269	0.04204	0.00841	0.00795	0.01332
22	0.19014	0.04506	0.04932	0.01477	0.02032	0.04573	0.01276	0.05670	0.02176	0.27268	0.09457	0.03403	0.02617	0.01167	0.00812	0.00271	0.00761	0.06642	0.00797	0.01148
23	0.02195	0.02268	0.03120	0.15957	0.43959	0.12700	0.02407	0.02664	0.01974	0.02556	0.01538	0.02041	0.01268	0.00794	0.00832	0.00253	0.01120	0.00723	0.00416	0.01216

[dist]
# distance from previous block
# <min> <max>
4	8

[block]
# block no. 1 follows, 21 sequences, length 22
# corresponding to MSA columns:
# 36-57
name=unknown_B
#
# <colnr> <probs for GDERKNQSTAVLIFYWHMCP>
#	G	D	E	R	K	N	Q	S	T	A	V	L	I	F	Y	W	H	M	C	P
0	0.02396	0.01857	0.05132	0.08405	0.02639	0.01890	0.01506	0.09045	0.33225	0.14522	0.03134	0.02989	0.04349	0.01092	0.00854	0.00273	0.00771	0.00900	0.00807	0.04213
1	0.01078	0.00797	0.00949	0.01039	0.01150	0.00732	0.00695	0.01226	0.01670	0.02159	0.08244	0.36707	0.21043	0.16440	0.01732	0.00425	0.00541	0.01964	0.00740	0.00668
2	0.02488	0.01863	0.02011	0.01699	0.02235	0.02060	0.01352	0.20187	0.35769	0.09656	0.03510	0.03273	0.07648	0.01196	0.00873	0.00277	0.00730	0.00971	0.00873	0.01329
3	0.01169	0.00860	0.01094	0.01053	0.01254	0.00785	0.00783	0.01531	0.02300	0.03195	0.53610	0.10863	0.14628	0.01852	0.01010	0.00275	0.00411	0.01630	0.00909	0.00785
4	0.01870	0.01724	0.02869	0.42674	0.10205	0.01964	0.09884	0.09487	0.02037	0.02686	0.01779	0.05765	0.01448	0.00942	0.00882	0.00281	0.01105	0.00877	0.00468	0.01054
5	0.02009	0.02296	0.05022	0.03587	0.04448	0.02152	0.61693	0.02726	0.02009	0.02726	0.01722	0.02296	0.01291	0.00717	0.01004	0.00287	0.01435	0.01004	0.00430	0.01148
6	0.01216	0.00912	0.01368	0.01368	0.01520	0.01064	0.01064	0.01520	0.01368	0.01976	0.02279	0.03343	0.02127	0.06382	0.66720	0.01368	0.02279	0.00912	0.00456	0.00760
7	0.09327	0.02164	0.02440	0.13668	0.03127	0.02442	0.01690	0.46083	0.03368	0.04659	0.01873	0.02026	0.01345	0.00971	0.00823	0.00261	0.00947	0.00738	0.00739	0.01312
8	0.02777	0.05343	0.02127	0.01819	0.07495	0.01656	0.01315	0.15051	0.05516	0.26558	0.05572	0.05744	0.02428	0.11112	0.01357	0.00342	0.00791	0.00960	0.00816	0.01220
9	0.76103	0.01646	0.01251	0.01119	0.01646	0.01909	0.00922	0.02502	0.01448	0.03818	0.01185	0.01382	0.00922	0.00790	0.00527	0.00263	0.00658	0.00461	0.00527	0.00922
10	0.02009	0.02296	0.05022	0.03587	0.04448	0.02152	0.61693	0.02726	0.02009	0.02726	0.01722	0.02296	0.01291	0.00717	0.01004	0.00287	0.01435	0.01004	0.00430	0.01148
11	0.03235	0.02384	0.02554	0.01958	0.02639	0.02639	0.01618	0.61946	0.04001	0.05363	0.02043	0.02043	0.01447	0.01022	0.00851	0.00255	0.00936	0.00766	0.00851	0.01447
12	0.03179	0.04056	0.02412	0.02192	0.02631	0.66676	0.01644	0.03398	0.02412	0.02083	0.01315	0.01535	0.01096	0.00877	0.00767	0.00219	0.01535	0.00548	0.00438	0.00987
13	0.01765	0.01513	0.01765	0.01260	0.02017	0.01134	0.01008	0.02143	0.01765	0.02773	0.01513	0.01765	0.01260	0.00630	0.00630	0.00126	0.00630	0.00504	0.00504	0.75295
14	0.02117	0.01828	0.01924	0.01732	0.02213	0.02117	0.01347	0.04522	0.63246	0.03560	0.03464	0.03175	0.02598	0.01155	0.00866	0.00289	0.00673	0.00962	0.00866	0.01347
15	0.01238	0.00825	0.00928	0.00928	0.00928	0.00825	0.00516	0.01238	0.01238	0.01650	0.02681	0.05569	0.03094	0.70092	0.04331	0.00825	0.00825	0.01238	0.00516	0.00516
16	0.01090	0.00775	0.01028	0.01171	0.01226	0.00759	0.00785	0.01236	0.01538	0.02070	0.04083	0.51560	0.04803	0.13073	0.10051	0.00548	0.00773	0.02050	0.00706	0.00674
17	0.01028	0.00847	0.00904	0.00922	0.01172	0.00723	0.00679	0.01253	0.01944	0.02387	0.13320	0.15780	0.51737	0.02181	0.01016	0.00293	0.00436	0.01851	0.00804	0.00723
18	0.01964	0.02632	0.15141	0.03500	0.08345	0.02114	0.47883	0.02713	0.01968	0.02724	0.01681	0.02199	0.01259	0.00735	0.00961	0.00282	0.01377	0.00925	0.00418	0.01180
19	0.02414	0.01856	0.02003	0.01737	0.02259	0.02093	0.01369	0.11198	0.50352	0.09838	0.03287	0.03015	0.02415	0.01129	0.00863	0.00282	0.00709	0.00929	0.00883	0.01369
20	0.02380	0.01652	0.01928	0.01450	0.02151	0.01460	0.01170	0.10985	0.08282	0.14724	0.02118	0.02151	0.01574	0.00814	0.00726	0.00185	0.00694	0.00650	0.00689	0.44218
21	0.02756	0.14657	0.06379	0.02265	0.08128	0.05762	0.04935	0.33902	0.06354	0.03999	0.01849	0.01965	0.01393	0.00919	0.00799	0.00245	0.00997	0.00716	0.00659	0.01321

[dist]
# distance from previous block
# <min> <max>
0	1

[block]
# block no. 2 follows, 21 sequences, length 172
# corresponding to MSA columns:
# 59-230
name=unknown_C
#
# <colnr> <probs for GDERKNQSTAVLIFYWHMCP>
#	G	D	E	R	K	N	Q	S	T	A	V	L	I	F	Y	W	H	M	C	P
0	0.02301	0.05275	0.02897	0.18525	0.22350	0.16754	0.04110	0.06255	0.08259	0.02670	0.01714	0.02094	0.01359	0.00859	0.00823	0.00254	0.01131	0.00727	0.00482	0.01159
1	0.07062	0.02355	0.02464	0.14556	0.03197	0.09343	0.01723	0.40854	0.03246	0.04314	0.01815	0.01994	0.01320	0.00960	0.00824	0.00257	0.01023	0.00723	0.00698	0.01272
2	0.01217	0.00907	0.01343	0.01343	0.01487	0.01051	0.01034	0.01504	0.01360	0.01958	0.02302	0.03466	0.02181	0.09899	0.63277	0.01338	0.02199	0.00930	0.00459	0.00746
3	0.01204	0.00870	0.01138	0.01071	0.01271	0.00803	0.00803	0.01606	0.02409	0.03413	0.64335	0.06357	0.08030	0.01740	0.01004	0.00268	0.00401	0.01539	0.00937	0.00803
4	0.01037	0.00741	0.00987	0.01185	0.01234	0.00691	0.00790	0.01185	0.01629	0.02172	0.04690	0.69537	0.05629	0.02666	0.01086	0.00346	0.00494	0.02419	0.00790	0.00691
5	0.01657	0.01563	0.02642	0.61805	0.11715	0.01904	0.02388	0.02218	0.01725	0.02235	0.01521	0.02253	0.01156	0.00842	0.00850	0.00281	0.01122	0.00756	0.00382	0.00985
6	0.02033	0.01918	0.03247	0.04860	0.58523	0.01918	0.02489	0.02527	0.01940	0.02757	0.01889	0.02851	0.01701	0.00916	0.00876	0.00267	0.00988	0.06550	0.00457	0.01292
7	0.02013	0.01940	0.03349	0.16453	0.52016	0.02003	0.04701	0.02537	0.01898	0.02669	0.01589	0.02142	0.01308	0.00773	0.00850	0.00260	0.01048	0.00767	0.00414	0.01268
8	0.01765	0.01513	0.01765	0.01260	0.02017	0.01134	0.01008	0.02143	0.01765	0.02773	0.01513	0.01765	0.01260	0.00630	0.00630	0.00126	0.00630	0.00504	0.00504	0.75295
9	0.01827	0.01575	0.01928	0.07984	0.02442	0.01365	0.01220	0.05101	0.01844	0.02802	0.01517	0.01834	0.01249	0.00719	0.00782	0.00162	0.04443	0.00555	0.00502	0.60149
10	0.68769	0.08497	0.01570	0.01153	0.01699	0.02054	0.00975	0.02506	0.01476	0.03638	0.01185	0.01381	0.00939	0.00784	0.00529	0.00255	0.00683	0.00460	0.00510	0.00939
11	0.01797	0.07154	0.39086	0.02207	0.03186	0.01892	0.07845	0.05766	0.01952	0.02783	0.02111	0.02801	0.04028	0.00987	0.00840	0.00265	0.01105	0.06060	0.00462	0.07674
12	0.01037	0.00741	0.00987	0.01185	0.01234	0.00691	0.00790	0.01185	0.01629	0.02172	0.04690	0.69537	0.05629	0.02666	0.01086	0.00346	0.00494	0.02419	0.00790	0.00691
13	0.01034	0.00753	0.00975	0.01153	0.01226	0.00694	0.00776	0.01189	0.01660	0.02185	0.05081	0.63442	0.11471	0.02615	0.01078	0.00340	0.00488	0.02357	0.00790	0.00694
14	0.01765	0.01513	0.01765	0.01260	0.02017	0.01134	0.01008	0.02143	0.01765	0.02773	0.01513	0.01765	0.01260	0.00630	0.00630	0.00126	0.00630	0.00504	0.00504	0.75295
15	0.72416	0.01639	0.01315	0.04432	0.01854	0.01908	0.00993	0.02485	0.01461	0.03737	0.01201	0.01426	0.00932	0.00793	0.00543	0.00264	0.00682	0.00475	0.00519	0.00923
16	0.03558	0.01391	0.01892	0.01470	0.02083	0.01206	0.01206	0.03895	0.02433	0.59217	0.09416	0.03240	0.02695	0.01121	0.00870	0.00264	0.00692	0.00924	0.01042	0.01384
17	0.01876	0.01905	0.02847	0.02369	0.02454	0.02561	0.07806	0.02115	0.01373	0.02115	0.01177	0.01905	0.01134	0.01413	0.02615	0.00364	0.61868	0.00771	0.00378	0.00952
18	0.02022	0.01953	0.03383	0.15188	0.52570	0.02007	0.05310	0.02547	0.01903	0.02681	0.01592	0.02141	0.01311	0.00771	0.00851	0.00259	0.01050	0.00769	0.00415	0.01274
19	0.01212	0.00886	0.01149	0.01128	0.01336	0.00822	0.00876	0.01596	0.02299	0.03182	0.50276	0.07014	0.12529	0.01870	0.01030	0.00288	0.00462	0.10351	0.00900	0.00793
20	0.05315	0.55032	0.13119	0.01617	0.02400	0.06038	0.01688	0.02607	0.01759	0.02182	0.01239	0.01436	0.01083	0.00749	0.00594	0.00200	0.00979	0.00485	0.00374	0.01104
21	0.01658	0.01544	0.02490	0.61458	0.05499	0.01913	0.02262	0.02408	0.07816	0.02312	0.01706	0.02359	0.01280	0.00881	0.00852	0.00284	0.01089	0.00777	0.00427	0.00985
22	0.01707	0.04402	0.65683	0.02426	0.03683	0.01976	0.03144	0.02695	0.01797	0.02695	0.01527	0.01797	0.01078	0.00809	0.00809	0.00270	0.01258	0.00629	0.00359	0.01258
23	0.01219	0.00900	0.01307	0.01307	0.01439	0.01031	0.00989	0.01481	0.01350	0.01931	0.02335	0.03648	0.02260	0.15114	0.58170	0.01293	0.02080	0.00956	0.00464	0.00726
24	0.01966	0.01443	0.02287	0.31022	0.03735	0.01662	0.04725	0.02357	0.01799	0.13340	0.05575	0.09247	0.02152	0.01284	0.01260	0.03425	0.10173	0.00992	0.00570	0.00985
25	0.01185	0.00869	0.01110	0.01050	0.01259	0.00795	0.00787	0.01568	0.02362	0.03302	0.58799	0.06539	0.13634	0.01781	0.01004	0.00270	0.00404	0.01565	0.00922	0.00795
26	0.02009	0.02296	0.05022	0.03587	0.04448	0.02152	0.61693	0.02726	0.02009	0.02726	0.01722	0.02296	0.01291	0.00717	0.01004	0.00287	0.01435	0.01004	0.00430	0.01148
27	0.02149	0.02098	0.03306	0.04639	0.52693	0.04773	0.04896	0.02862	0.08765	0.02835	0.01800	0.02209	0.01474	0.00806	0.00849	0.00257	0.01013	0.00782	0.00472	0.01324
28	0.03474	0.01495	0.01948	0.01531	0.02146	0.01374	0.01251	0.06654	0.08547	0.52994	0.06776	0.03082	0.02462	0.01101	0.00865	0.00266	0.00710	0.00901	0.01019	0.01401
29	0.01037	0.00741	0.00987	0.01185	0.01234	0.00691	0.00790	0.01185	0.01629	0.02172	0.04690	0.69537	0.05629	0.02666	0.01086	0.00346	0.00494	0.02419	0.00790	0.00691
30	0.01352	0.01033	0.01308	0.01238	0.01260	0.01195	0.00849	0.01431	0.01269	0.01772	0.02329	0.04547	0.02581	0.47907	0.13132	0.00819	0.13772	0.01097	0.00480	0.00629
31	0.03091	0.02315	0.05776	0.01900	0.02576	0.02369	0.01620	0.50093	0.03609	0.10711	0.02281	0.05719	0.01713	0.01101	0.00862	0.00262	0.00910	0.00856	0.00841	0.01397
32	0.03067	0.01443	0.01841	0.01497	0.02043	0.01366	0.01204	0.06084	0.12302	0.42348	0.10966	0.06391	0.03058	0.01228	0.00886	0.00271	0.00674	0.01026	0.00988	0.01317
33	0.69155	0.05444	0.01457	0.01153	0.01696	0.01963	0.00964	0.02570	0.01503	0.06166	0.01271	0.01442	0.00978	0.00797	0.00541	0.00259	0.00675	0.00476	0.00539	0.00952
34	0.01238	0.00825	0.00928	0.00928	0.00928	0.00825	0.00516	0.01238	0.01238	0.01650	0.02681	0.05569	0.03094	0.70092	0.04331	0.00825	0.00825	0.01238	0.00516	0.00516
35	0.01765	0.01513	0.01765	0.01260	0.02017	0.01134	0.01008	0.02143	0.01765	0.02773	0.01513	0.01765	0.01260	0.00630	0.00630	0.00126	0.00630	0.00504	0.00504	0.75295
36	0.01204	0.00870	0.01138	0.01071	0.01271	0.00803	0.00803	0.01606	0.02409	0.03413	0.64335	0.06357	0.08030	0.01740	0.01004	0.00268	0.00401	0.01539	0.00937	0.00803
37	0.01765	0.01513	0.01765	0.01260	0.02017	0.01134	0.01008	0.02143	0.01765	0.02773	0.01513	0.01765	0.01260	0.00630	0.00630	0.00126	0.00630	0.00504	0.00504	0.75295
38	0.01904	0.02286	0.10449	0.12662	0.10314	0.02042	0.35990	0.02570	0.01895	0.02640	0.01681	0.02243	0.01285	0.00795	0.01005	0.00281	0.04171	0.00885	0.03777	0.01125
39	0.01969	0.01506	0.01786	0.01286	0.02032	0.01146	0.01032	0.02342	0.01831	0.08992	0.01696	0.01877	0.01345	0.00672	0.00653	0.00140	0.00640	0.00539	0.00559	0.67958
40	0.01055	0.00769	0.00994	0.01138	0.01231	0.00708	0.00777	0.01242	0.01760	0.02344	0.12716	0.55355	0.11779	0.02497	0.01068	0.00330	0.00476	0.02245	0.00809	0.00708
41	0.01090	0.00751	0.00963	0.01133	0.01207	0.00702	0.00765	0.01266	0.01657	0.02277	0.04658	0.60482	0.07646	0.02479	0.01034	0.00329	0.00482	0.02233	0.08145	0.00702
42	0.01478	0.01270	0.01740	0.01596	0.01641	0.01615	0.01231	0.01645	0.01318	0.01927	0.02021	0.06368	0.02133	0.21336	0.20725	0.00767	0.28974	0.01000	0.00453	0.00761
43	0.01653	0.00929	0.00861	0.00852	0.01060	0.03542	0.00639	0.02042	0.01811	0.03127	0.02715	0.03104	0.02136	0.00987	0.00602	0.00199	0.00444	0.00783	0.71713	0.00801
44	0.02826	0.02046	0.02210	0.01931	0.05043	0.05592	0.01478	0.21058	0.28394	0.15807	0.02833	0.02657	0.02033	0.01064	0.00853	0.00269	0.00821	0.00853	0.00855	0.01376
45	0.02275	0.70604	0.04459	0.01456	0.02184	0.03367	0.01456	0.02548	0.01729	0.02002	0.01183	0.01365	0.01092	0.00728	0.00546	0.00182	0.00910	0.00455	0.00364	0.01092
46	0.02207	0.01371	0.01772	0.01494	0.01941	0.01356	0.04306	0.03146	0.19237	0.20438	0.22941	0.04445	0.08920	0.01366	0.00925	0.00275	0.00623	0.01182	0.00911	0.01144
47	0.05489	0.15603	0.34564	0.02208	0.05264	0.05914	0.02372	0.10945	0.02095	0.02936	0.01496	0.01735	0.01137	0.00854	0.00839	0.00253	0.04024	0.00615	0.00444	0.01214
48	0.01177	0.00869	0.01100	0.01042	0.01255	0.00791	0.00781	0.01553	0.02344	0.03259	0.56645	0.06610	0.15815	0.01797	0.01004	0.00270	0.00406	0.01575	0.00917	0.00791
49	0.01066	0.00893	0.00932	0.00930	0.01205	0.00777	0.00694	0.01376	0.04302	0.02428	0.12612	0.11342	0.54264	0.02113	0.01005	0.00289	0.00442	0.01779	0.00805	0.00748
50	0.76103	0.01646	0.01251	0.01119	0.01646	0.01909	0.00922	0.02502	0.01448	0.03818	0.01185	0.01382	0.00922	0.00790	0.00527	0.00263	0.00658	0.00461	0.00527	0.00922
51	0.02117	0.01828	0.01924	0.01732	0.02213	0.02117	0.01347	0.04522	0.63246	0.03560	0.03464	0.03175	0.02598	0.01155	0.00866	0.00289	0.00673	0.00962	0.00866	0.01347
52	0.01757	0.10240	0.60284	0.02340	0.03551	0.02099	0.02995	0.02682	0.01791	0.02634	0.01497	0.01759	0.01079	0.00801	0.00785	0.00262	0.01227	0.00614	0.00360	0.01243
53	0.01238	0.00825	0.00928	0.00928	0.00928	0.00825	0.00516	0.01238	0.01238	0.01650	0.02681	0.05569	0.03094	0.70092	0.04331	0.00825	0.00825	0.01238	0.00516	0.00516
54	0.01216	0.00912	0.01368	0.01368	0.01520	0.01064	0.01064	0.01520	0.01368	0.01976	0.02279	0.03343	0.02127	0.06382	0.66720	0.01368	0.02279	0.00912	0.00456	0.00760
55	0.01077	0.00812	0.00999	0.01088	0.01242	0.00734	0.00778	0.01306	0.01888	0.02472	0.17665	0.36766	0.22807	0.02322	0.01051	0.00316	0.00471	0.04662	0.00819	0.00725
56	0.01371	0.00980	0.01371	0.01567	0.01763	0.00980	0.01371	0.01763	0.01959	0.02547	0.04506	0.09599	0.04898	0.02351	0.01175	0.00392	0.00784	0.59056	0.00784	0.00784
57	0.05483	0.10581	0.48877	0.02409	0.03528	0.02133	0.10138	0.02675	0.01799	0.02686	0.01500	0.01795	0.01098	0.00788	0.00793	0.00263	0.01215	0.00650	0.00377	0.01211
58	0.01862	0.01862	0.02607	0.02234	0.02234	0.02607	0.01862	0.02048	0.01303	0.02048	0.01117	0.01862	0.01117	0.01489	0.02793	0.00372	0.68535	0.00745	0.00372	0.00931
59	0.01194	0.00869	0.01123	0.01059	0.01265	0.00798	0.00795	0.01585	0.02384	0.03353	0.61356	0.06455	0.11045	0.01762	0.01004	0.00269	0.00403	0.01553	0.00929	0.00798
60	0.02034	0.02186	0.06437	0.07472	0.39307	0.02058	0.22494	0.02633	0.01945	0.02730	0.01634	0.02165	0.01308	0.00751	0.00896	0.00266	0.01169	0.00836	0.00420	0.01258
61	0.76103	0.01646	0.01251	0.01119	0.01646	0.01909	0.00922	0.02502	0.01448	0.03818	0.01185	0.01382	0.00922	0.00790	0.00527	0.00263	0.00658	0.00461	0.00527	0.00922
62	0.01607	0.01513	0.02552	0.68047	0.05861	0.01891	0.02363	0.02174	0.01702	0.02174	0.01513	0.02269	0.01134	0.00851	0.00851	0.00284	0.01134	0.00756	0.00378	0.00945
63	0.01006	0.00862	0.00862	0.00862	0.01149	0.00718	0.00647	0.01221	0.01940	0.02299	0.08621	0.08190	0.64438	0.02155	0.01006	0.00287	0.00431	0.01796	0.00790	0.00718
64	0.01238	0.00825	0.00928	0.00928	0.00928	0.00825	0.00516	0.01238	0.01238	0.01650	0.02681	0.05569	0.03094	0.70092	0.04331	0.00825	0.00825	0.01238	0.00516	0.00516
65	0.01624	0.01546	0.02657	0.65320	0.05801	0.01902	0.04873	0.02198	0.01715	0.02198	0.01521	0.02270	0.01141	0.00845	0.00857	0.00284	0.01147	0.00767	0.00380	0.00954
66	0.02330	0.66725	0.04351	0.01485	0.02210	0.03326	0.01465	0.05926	0.01858	0.02193	0.01232	0.01404	0.01112	0.00745	0.00563	0.00186	0.00912	0.00473	0.00392	0.01112
67	0.01244	0.00834	0.01077	0.01177	0.01310	0.00756	0.00806	0.01411	0.01678	0.05778	0.04540	0.55281	0.08180	0.06083	0.01219	0.00352	0.00529	0.02128	0.00774	0.04843
68	0.01808	0.01769	0.03113	0.42998	0.07430	0.02050	0.14772	0.05000	0.01843	0.02447	0.01548	0.02221	0.01188	0.00885	0.01060	0.00290	0.07332	0.00808	0.00412	0.01025
69	0.01037	0.00741	0.00987	0.01185	0.01234	0.00691	0.00790	0.01185	0.01629	0.02172	0.04690	0.69537	0.05629	0.02666	0.01086	0.00346	0.00494	0.02419	0.00790	0.00691
70	0.01799	0.01526	0.01852	0.07932	0.02398	0.01275	0.01168	0.05503	0.01879	0.02833	0.01690	0.04971	0.01461	0.00769	0.00686	0.00159	0.00691	0.00633	0.00525	0.60251
71	0.69291	0.01898	0.07151	0.01239	0.01832	0.01915	0.01125	0.02519	0.01480	0.03715	0.01216	0.01420	0.00936	0.00792	0.00552	0.00264	0.00713	0.00476	0.00511	0.00952
72	0.01157	0.00838	0.01102	0.01175	0.01324	0.00784	0.00874	0.01454	0.02030	0.02766	0.30426	0.30149	0.09794	0.02194	0.01060	0.00316	0.00494	0.10458	0.00852	0.00754
73	0.03118	0.02323	0.02525	0.04610	0.02749	0.02585	0.01635	0.56877	0.06654	0.05151	0.02088	0.02105	0.01488	0.01021	0.00852	0.00258	0.00932	0.00775	0.00833	0.01422
74	0.02547	0.01423	0.01789	0.01345	0.02007	0.01149	0.01087	0.02908	0.02102	0.28368	0.08450	0.02678	0.02272	0.00912	0.00759	0.00196	0.00646	0.00749	0.00771	0.37842
75	0.03526	0.01541	0.01992	0.01550	0.02195	0.01411	0.01271	0.07196	0.08858	0.53182	0.03224	0.02835	0.02089	0.01045	0.00848	0.00260	0.00726	0.00848	0.01001	0.04401
76	0.01723	0.04288	0.62401	0.02488	0.03725	0.01986	0.06312	0.02697	0.01808	0.02697	0.01538	0.01824	0.01090	0.00804	0.00819	0.00270	0.01267	0.00649	0.00363	0.01252
77	0.01628	0.01554	0.02684	0.64616	0.05786	0.01905	0.05521	0.02204	0.01718	0.02204	0.01524	0.02270	0.01143	0.00844	0.00859	0.00284	0.01150	0.00769	0.00381	0.00956
78	0.02538	0.01764	0.01969	0.01667	0.02188	0.01922	0.01324	0.14669	0.35201	0.15107	0.09340	0.03239	0.02847	0.01171	0.00875	0.00276	0.00703	0.00965	0.00904	0.01329
79	0.03787	0.01499	0.02006	0.01538	0.02198	0.01326	0.01271	0.07275	0.02520	0.62126	0.03286	0.02850	0.02071	0.01052	0.00856	0.00263	0.00736	0.00851	0.01042	0.01448
80	0.01064	0.00761	0.01012	0.01167	0.01240	0.00709	0.00792	0.01253	0.01754	0.02371	0.14262	0.59398	0.06014	0.02517	0.01073	0.00333	0.00479	0.02278	0.00814	0.00709
81	0.01280	0.01006	0.01491	0.01454	0.01591	0.01217	0.01143	0.01572	0.01361	0.01983	0.02164	0.03196	0.02027	0.05896	0.60369	0.01269	0.08862	0.00895	0.00448	0.00777
82	0.01254	0.00922	0.01180	0.01106	0.01322	0.00874	0.00832	0.01764	0.05701	0.03421	0.61041	0.06185	0.07736	0.01708	0.00996	0.00269	0.00416	0.01508	0.00933	0.00832
83	0.03701	0.01508	0.01997	0.01545	0.02194	0.01356	0.01272	0.06613	0.05792	0.59490	0.03308	0.02876	0.02105	0.01057	0.00856	0.00264	0.00730	0.00858	0.01035	0.01443
84	0.03575	0.01402	0.01915	0.01519	0.02132	0.01224	0.01263	0.03910	0.02388	0.59131	0.03471	0.03562	0.02384	0.01182	0.00888	0.00276	0.00730	0.06638	0.01026	0.01382
85	0.01344	0.00901	0.01182	0.01094	0.01319	0.00827	0.00827	0.01741	0.02410	0.06710	0.61089	0.06173	0.07714	0.01703	0.00996	0.00267	0.00419	0.01503	0.00943	0.00837
86	0.01707	0.04402	0.65683	0.02426	0.03683	0.01976	0.03144	0.02695	0.01797	0.02695	0.01527	0.01797	0.01078	0.00809	0.00809	0.00270	0.01258	0.00629	0.00359	0.01258
87	0.01719	0.01259	0.01417	0.01300	0.01597	0.04635	0.00988	0.02438	0.13058	0.09434	0.39898	0.09707	0.05939	0.01588	0.00958	0.00274	0.00549	0.01379	0.00898	0.00965
88	0.01037	0.00741	0.00987	0.01185	0.01234	0.00691	0.00790	0.01185	0.01629	0.02172	0.04690	0.69537	0.05629	0.02666	0.01086	0.00346	0.00494	0.02419	0.00790	0.00691
89	0.03818	0.01448	0.01975	0.01514	0.02172	0.01251	0.01251	0.04147	0.02436	0.65373	0.03357	0.02897	0.02107	0.01053	0.00856	0.00263	0.00724	0.00856	0.01053	0.01448
90	0.01971	0.01884	0.03210	0.22255	0.48809	0.01986	0.02544	0.02493	0.01874	0.02616	0.01577	0.02150	0.01290	0.00783	0.00845	0.00261	0.01044	0.00758	0.00410	0.01239
91	0.01037	0.00741	0.00987	0.01185	0.01234	0.00691	0.00790	0.01185	0.01629	0.02172	0.04690	0.69537	0.05629	0.02666	0.01086	0.00346	0.00494	0.02419	0.00790	0.00691
92	0.01862	0.01862	0.02607	0.02234	0.02234	0.02607	0.01862	0.02048	0.01303	0.02048	0.01117	0.01862	0.01117	0.01489	0.02793	0.00372	0.68535	0.00745	0.00372	0.00931
93	0.03235	0.02384	0.02554	0.01958	0.02639	0.02639	0.01618	0.61946	0.04001	0.05363	0.02043	0.02043	0.01447	0.01022	0.00851	0.00255	0.00936	0.00766	0.00851	0.01447
94	0.01051	0.00759	0.00996	0.01159	0.01234	0.00703	0.00784	0.01227	0.01718	0.02296	0.10542	0.60599	0.08673	0.02554	0.01075	0.00335	0.00482	0.02306	0.00804	0.00703
95	0.02403	0.48500	0.09149	0.01708	0.02406	0.12966	0.01652	0.05849	0.01946	0.02255	0.01276	0.01483	0.01111	0.00802	0.00703	0.00206	0.03570	0.00512	0.00402	0.01103
96	0.01074	0.00767	0.01011	0.01154	0.01229	0.00716	0.00781	0.01261	0.01751	0.02370	0.15101	0.55846	0.05949	0.05219	0.01202	0.00351	0.00491	0.02217	0.00805	0.00704
97	0.02812	0.01777	0.04631	0.01989	0.08047	0.01616	0.03504	0.06178	0.15888	0.29534	0.02767	0.02621	0.01927	0.00964	0.00827	0.00249	0.00779	0.00811	0.00816	0.12262
98	0.03045	0.02129	0.02395	0.02009	0.05468	0.02316	0.01562	0.39947	0.15176	0.13215	0.02480	0.02384	0.01757	0.01039	0.00854	0.00263	0.00860	0.00816	0.00862	0.01423
99	0.01064	0.00760	0.01019	0.01217	0.01278	0.00715	0.00838	0.01233	0.01657	0.02203	0.04675	0.64587	0.05568	0.02640	0.01094	0.00349	0.00518	0.07097	0.00789	0.00699
100	0.20221	0.13938	0.05598	0.02690	0.18849	0.17482	0.04730	0.02769	0.01894	0.02730	0.01366	0.01669	0.01129	0.00789	0.00706	0.00238	0.01064	0.00593	0.00439	0.01103
101	0.01037	0.00741	0.00987	0.01185	0.01234	0.00691	0.00790	0.01185	0.01629	0.02172	0.04690	0.69537	0.05629	0.02666	0.01086	0.00346	0.00494	0.02419	0.00790	0.00691
102	0.05801	0.08647	0.39402	0.02103	0.03029	0.05341	0.05207	0.02577	0.01860	0.05156	0.05298	0.08024	0.01908	0.01026	0.00817	0.00267	0.01086	0.00837	0.00474	0.01140
103	0.66773	0.05304	0.01496	0.03658	0.01851	0.01962	0.01016	0.02551	0.01508	0.05884	0.01276	0.01469	0.00981	0.00798	0.00552	0.00260	0.00692	0.00486	0.00531	0.00951
104	0.01223	0.00881	0.01213	0.01213	0.01311	0.00980	0.00871	0.01420	0.01322	0.01861	0.02421	0.04127	0.02468	0.28808	0.44760	0.01177	0.01768	0.01026	0.00477	0.00674
105	0.68712	0.01920	0.07652	0.01249	0.01848	0.01916	0.01142	0.02521	0.01483	0.03707	0.01219	0.01424	0.00937	0.00792	0.00555	0.00264	0.00718	0.00478	0.00510	0.00955
106	0.01930	0.01843	0.03137	0.27356	0.44026	0.01976	0.02524	0.02458	0.01855	0.02567	0.01570	0.02164	0.01273	0.00791	0.00845	0.00264	0.01054	0.00758	0.00406	0.01206
107	0.76103	0.01646	0.01251	0.01119	0.01646	0.01909	0.00922	0.02502	0.01448	0.03818	0.01185	0.01382	0.00922	0.00790	0.00527	0.00263	0.00658	0.00461	0.00527	0.00922
108	0.02451	0.01683	0.01964	0.01464	0.02175	0.01490	0.01186	0.14201	0.04968	0.15082	0.02046	0.02092	0.01513	0.00808	0.00726	0.00184	0.00709	0.00641	0.00690	0.43928
109	0.68459	0.01825	0.04882	0.01311	0.01893	0.01925	0.04048	0.02523	0.01495	0.03704	0.01230	0.01450	0.00948	0.00787	0.00565	0.00265	0.00729	0.00497	0.00513	0.00951
110	0.01216	0.00912	0.01368	0.01368	0.01520	0.01064	0.01064	0.01520	0.01368	0.01976	0.02279	0.03343	0.02127	0.06382	0.66720	0.01368	0.02279	0.00912	0.00456	0.00760
111	0.01942	0.01054	0.01107	0.00997	0.01289	0.01079	0.00775	0.10565	0.02133	0.06915	0.02705	0.02998	0.02074	0.00999	0.00645	0.00210	0.00491	0.00793	0.60307	0.00922
112	0.01929	0.01841	0.03134	0.27550	0.43844	0.01975	0.02523	0.02456	0.01854	0.02565	0.01569	0.02164	0.01272	0.00791	0.00845	0.00264	0.01055	0.00758	0.00406	0.01205
113	0.01607	0.01513	0.02552	0.68047	0.05861	0.01891	0.02363	0.02174	0.01702	0.02174	0.01513	0.02269	0.01134	0.00851	0.00851	0.00284	0.01134	0.00756	0.00378	0.00945
114	0.02009	0.02296	0.05022	0.03587	0.04448	0.02152	0.61693	0.02726	0.02009	0.02726	0.01722	0.02296	0.01291	0.00717	0.01004	0.00287	0.01435	0.01004	0.00430	0.01148
115	0.01195	0.00863	0.01129	0.01077	0.01269	0.00797	0.00802	0.01583	0.02367	0.03346	0.61108	0.09775	0.07900	0.01790	0.01008	0.00272	0.00406	0.01587	0.00929	0.00797
116	0.02973	0.02201	0.02369	0.01862	0.02481	0.02445	0.01525	0.51280	0.09642	0.04955	0.02224	0.02256	0.01620	0.01249	0.03485	0.00301	0.00941	0.00793	0.04018	0.01382
117	0.01964	0.01673	0.01792	0.01645	0.02069	0.01910	0.01265	0.04046	0.54113	0.03415	0.06598	0.09926	0.03168	0.01334	0.00895	0.00293	0.00642	0.01135	0.00862	0.01255
118	0.01478	0.00739	0.01109	0.01109	0.01109	0.00739	0.00739	0.01109	0.01109	0.01478	0.01478	0.02587	0.01478	0.02956	0.03326	0.75240	0.00739	0.00739	0.00370	0.00370
119	0.02117	0.01801	0.01917	0.01731	0.02204	0.02072	0.01359	0.06560	0.57497	0.03571	0.03469	0.03497	0.02685	0.01218	0.00883	0.00293	0.00690	0.04258	0.00861	0.01319
120	0.02063	0.01978	0.03376	0.10686	0.59660	0.02011	0.02590	0.02574	0.01917	0.02728	0.01593	0.02120	0.01329	0.00766	0.00843	0.00255	0.01022	0.00758	0.00417	0.01313
121	0.02019	0.02249	0.04714	0.03403	0.04226	0.02149	0.55698	0.02904	0.08093	0.02809	0.01895	0.02383	0.01421	0.00761	0.00991	0.00287	0.01359	0.01000	0.00474	0.01168
122	0.01216	0.00912	0.01368	0.01368	0.01520	0.01064	0.01064	0.01520	0.01368	0.01976	0.02279	0.03343	0.02127	0.06382	0.66720	0.01368	0.02279	0.00912	0.00456	0.00760
123	0.02084	0.05139	0.02634	0.21015	0.17112	0.08447	0.01960	0.05818	0.14640	0.02786	0.04816	0.02462	0.01812	0.00974	0.00941	0.00269	0.04601	0.00801	0.00543	0.01146
124	0.03510	0.01459	0.01936	0.01539	0.02153	0.01321	0.01267	0.04049	0.08450	0.55659	0.03433	0.03305	0.02314	0.01137	0.00875	0.00273	0.00722	0.04176	0.01019	0.01400
125	0.03530	0.01911	0.02261	0.01734	0.02403	0.01937	0.01432	0.32737	0.03210	0.35690	0.02707	0.02474	0.01780	0.01038	0.00854	0.00259	0.00829	0.00811	0.00953	0.01448
126	0.03787	0.01498	0.02006	0.01538	0.02197	0.01325	0.01270	0.07224	0.02519	0.62179	0.03287	0.02851	0.02071	0.01052	0.00856	0.00263	0.00735	0.00851	0.01043	0.01448
127	0.01941	0.01962	0.02517	0.02154	0.02243	0.06036	0.01778	0.02241	0.04229	0.02160	0.01258	0.01898	0.01192	0.01391	0.02470	0.00346	0.57866	0.00730	0.00406	0.05182
128	0.05119	0.01611	0.02647	0.48622	0.18718	0.01884	0.02300	0.02268	0.01767	0.02428	0.03653	0.02331	0.01407	0.00858	0.00839	0.00275	0.01060	0.00770	0.00414	0.01030
129	0.02282	0.45639	0.18262	0.01751	0.02594	0.02944	0.01867	0.11067	0.02069	0.02642	0.01385	0.01561	0.01140	0.00788	0.00650	0.00213	0.00994	0.00539	0.00433	0.01181
130	0.01016	0.00863	0.00877	0.00873	0.01156	0.00723	0.00655	0.01242	0.01965	0.02358	0.11586	0.08092	0.61436	0.02133	0.01006	0.00286	0.00429	0.01782	0.00798	0.00723
131	0.01765	0.01513	0.01765	0.01260	0.02017	0.01134	0.01008	0.02143	0.01765	0.02773	0.01513	0.01765	0.01260	0.00630	0.00630	0.00126	0.00630	0.00504	0.00504	0.75295
132	0.03411	0.05074	0.02004	0.01456	0.02061	0.01308	0.01206	0.03746	0.02395	0.54292	0.10812	0.03244	0.02788	0.01121	0.00858	0.00260	0.00694	0.00919	0.01002	0.01349
133	0.01337	0.00957	0.01323	0.01464	0.01661	0.00943	0.01253	0.01730	0.02053	0.02727	0.16989	0.08923	0.05551	0.02223	0.01140	0.00366	0.00704	0.47055	0.00816	0.00788
134	0.05838	0.24794	0.02929	0.04965	0.05978	0.30193	0.01540	0.02767	0.02042	0.02201	0.02018	0.02201	0.07396	0.00944	0.00717	0.00221	0.01136	0.00660	0.00450	0.01010
135	0.01904	0.03820	0.45834	0.06308	0.11708	0.08040	0.05251	0.02724	0.01876	0.02622	0.01524	0.01858	0.01127	0.00807	0.00819	0.00264	0.01252	0.00660	0.00379	0.01223
136	0.01037	0.00741	0.00987	0.01185	0.01234	0.00691	0.00790	0.01185	0.01629	0.02172	0.04690	0.69537	0.05629	0.02666	0.01086	0.00346	0.00494	0.02419	0.00790	0.00691
137	0.03086	0.02268	0.02425	0.01883	0.02527	0.02511	0.01548	0.55632	0.07049	0.05148	0.02159	0.02165	0.01548	0.01027	0.00838	0.00254	0.00893	0.00778	0.04854	0.01406
138	0.05097	0.67969	0.04337	0.01443	0.02164	0.03312	0.01436	0.02546	0.01718	0.02072	0.01183	0.01366	0.01086	0.00730	0.00545	0.00185	0.00900	0.00455	0.00370	0.01086
139	0.01478	0.00739	0.01109	0.01109	0.01109	0.00739	0.00739	0.01109	0.01109	0.01478	0.01478	0.02587	0.01478	0.02956	0.03326	0.75240	0.00739	0.00739	0.00370	0.00370
140	0.01037	0.00741	0.00987	0.01185	0.01234	0.00691	0.00790	0.01185	0.01629	0.02172	0.04690	0.69537	0.05629	0.02666	0.01086	0.00346	0.00494	0.02419	0.00790	0.00691
141	0.05259	0.01274	0.01567	0.04215	0.01982	0.01351	0.01300	0.12834	0.05031	0.03069	0.03770	0.21030	0.03986	0.01990	0.01037	0.00341	0.00748	0.27522	0.00773	0.00923
142	0.02584	0.02759	0.02767	0.14942	0.21722	0.26817	0.02058	0.11099	0.02364	0.02764	0.01537	0.01908	0.01227	0.00857	0.00816	0.00246	0.01223	0.00679	0.00480	0.01151
143	0.03179	0.04056	0.02412	0.02192	0.02631	0.66676	0.01644	0.03398	0.02412	0.02083	0.01315	0.01535	0.01096	0.00877	0.00767	0.00219	0.01535	0.00548	0.00438	0.00987
144	0.01035	0.00746	0.00981	0.01169	0.01230	0.00693	0.00783	0.01187	0.01644	0.02178	0.04879	0.66598	0.08445	0.02642	0.01082	0.00343	0.00491	0.02389	0.00790	0.00693
145	0.01765	0.01513	0.01765	0.01260	0.02017	0.01134	0.01008	0.02143	0.01765	0.02773	0.01513	0.01765	0.01260	0.00630	0.00630	0.00126	0.00630	0.00504	0.00504	0.75295
146	0.02465	0.16594	0.11950	0.01684	0.02361	0.02102	0.01589	0.11600	0.13277	0.15322	0.10083	0.02771	0.02474	0.01048	0.00803	0.00251	0.00824	0.00829	0.00728	0.01246
147	0.05654	0.05518	0.05608	0.02843	0.18554	0.26906	0.01904	0.13856	0.05846	0.03037	0.01640	0.01864	0.01300	0.00876	0.00791	0.00241	0.01172	0.00661	0.00530	0.01197
148	0.02275	0.70604	0.04459	0.01456	0.02184	0.03367	0.01456	0.02548	0.01729	0.02002	0.01183	0.01365	0.01092	0.00728	0.00546	0.00182	0.00910	0.00455	0.00364	0.01092
149	0.02662	0.29407	0.06757	0.01873	0.02469	0.32303	0.01630	0.06063	0.02152	0.02256	0.01359	0.01593	0.01159	0.01073	0.03672	0.00262	0.01281	0.00545	0.00428	0.01057
150	0.01724	0.04286	0.62335	0.02490	0.03725	0.01986	0.06375	0.02697	0.01808	0.02697	0.01538	0.01824	0.01090	0.00803	0.00819	0.00270	0.01267	0.00650	0.00363	0.01252
151	0.01326	0.00894	0.01166	0.01084	0.01296	0.00825	0.00809	0.01704	0.02352	0.06165	0.58489	0.06159	0.07514	0.05091	0.01162	0.00295	0.00437	0.01493	0.00921	0.00818
152	0.02434	0.01828	0.01986	0.01724	0.02245	0.02052	0.01359	0.09541	0.50219	0.11647	0.03325	0.03039	0.02433	0.01130	0.00863	0.00282	0.00703	0.00931	0.00889	0.01369
153	0.01037	0.00741	0.00987	0.01185	0.01234	0.00691	0.00790	0.01185	0.01629	0.02172	0.04690	0.69537	0.05629	0.02666	0.01086	0.00346	0.00494	0.02419	0.00790	0.00691
154	0.01185	0.00869	0.01110	0.01050	0.01259	0.00795	0.00787	0.01568	0.02362	0.03302	0.58799	0.06539	0.13634	0.01781	0.01004	0.00270	0.00404	0.01565	0.00922	0.00795
155	0.01862	0.01862	0.02607	0.02234	0.02234	0.02607	0.01862	0.02048	0.01303	0.02048	0.01117	0.01862	0.01117	0.01489	0.02793	0.00372	0.68535	0.00745	0.00372	0.00931
156	0.68712	0.01920	0.07652	0.01249	0.01848	0.01916	0.01142	0.02521	0.01483	0.03707	0.01219	0.01424	0.00937	0.00792	0.00555	0.00264	0.00718	0.00478	0.00510	0.00955
157	0.02275	0.70604	0.04459	0.01456	0.02184	0.03367	0.01456	0.02548	0.01729	0.02002	0.01183	0.01365	0.01092	0.00728	0.00546	0.00182	0.00910	0.00455	0.00364	0.01092
158	0.01240	0.00849	0.01032	0.01041	0.01079	0.00877	0.00659	0.01315	0.01296	0.01753	0.02690	0.05334	0.02994	0.54875	0.16013	0.00908	0.01099	0.03855	0.00517	0.00574
159	0.01607	0.01513	0.02552	0.68047	0.05861	0.01891	0.02363	0.02174	0.01702	0.02174	0.01513	0.02269	0.01134	0.00851	0.00851	0.00284	0.01134	0.00756	0.00378	0.00945
160	0.01042	0.00786	0.00964	0.01084	0.01213	0.00708	0.00750	0.01230	0.01782	0.02311	0.10725	0.46873	0.22561	0.02444	0.01057	0.00323	0.00468	0.02169	0.00802	0.00708
161	0.02249	0.63818	0.04515	0.01668	0.02409	0.03247	0.07441	0.02566	0.01757	0.02074	0.01237	0.01458	0.01112	0.00727	0.00592	0.00192	0.00962	0.00510	0.00371	0.01098
162	0.03179	0.04056	0.02412	0.02192	0.02631	0.66676	0.01644	0.03398	0.02412	0.02083	0.01315	0.01535	0.01096	0.00877	0.00767	0.00219	0.01535	0.00548	0.00438	0.00987
163	0.01053	0.00766	0.00997	0.01175	0.01256	0.00710	0.00809	0.01221	0.01679	0.02206	0.05070	0.60033	0.11430	0.02597	0.01083	0.00342	0.00504	0.05578	0.00790	0.00699
164	0.01045	0.00864	0.00917	0.00904	0.01174	0.00735	0.00678	0.01298	0.02033	0.02520	0.19703	0.07825	0.53218	0.02073	0.01005	0.00283	0.00425	0.01745	0.00819	0.00735
165	0.01238	0.00825	0.00928	0.00928	0.00928	0.00825	0.00516	0.01238	0.01238	0.01650	0.02681	0.05569	0.03094	0.70092	0.04331	0.00825	0.00825	0.01238	0.00516	0.00516
166	0.01862	0.01862	0.02607	0.02234	0.02234	0.02607	0.01862	0.02048	0.01303	0.02048	0.01117	0.01862	0.01117	0.01489	0.02793	0.00372	0.68535	0.00745	0.00372	0.00931
167	0.01874	0.01509	0.01776	0.01274	0.02025	0.01141	0.01021	0.02250	0.01801	0.06120	0.01611	0.01825	0.01306	0.00653	0.00642	0.00133	0.00635	0.00523	0.00534	0.71347
168	0.02249	0.01853	0.02043	0.01922	0.05580	0.02104	0.01426	0.07573	0.54162	0.06197	0.03281	0.03044	0.02447	0.01122	0.00863	0.00284	0.00708	0.00936	0.00849	0.01357
169	0.01707	0.04402	0.65683	0.02426	0.03683	0.01976	0.03144	0.02695	0.01797	0.02695	0.01527	0.01797	0.01078	0.00809	0.00809	0.00270	0.01258	0.00629	0.00359	0.01258
170	0.03504	0.01463	0.01929	0.01517	0.02134	0.01325	0.01240	0.04067	0.09183	0.55545	0.06290	0.03093	0.02445	0.01097	0.00864	0.00266	0.00703	0.00900	0.01027	0.01406
171	0.01632	0.01528	0.02522	0.64870	0.05686	0.01902	0.02315	0.02287	0.04650	0.02241	0.01606	0.02312	0.01205	0.00865	0.00852	0.00284	0.01112	0.00766	0.00402	0.00965

[dist]
# distance from previous block
# <min> <max>
0	2

[block]
# block no. 3 follows, 21 sequences, length 15
# corresponding to MSA columns:
# 233-247
name=unknown_D
#
# <colnr> <probs for GDERKNQSTAVLIFYWHMCP>
#	G	D	E	R	K	N	Q	S	T	A	V	L	I	F	Y	W	H	M	C	P
0	0.03818	0.01448	0.01975	0.01514	0.02172	0.01251	0.01251	0.04147	0.02436	0.65373	0.03357	0.02897	0.02107	0.01053	0.00856	0.00263	0.00724	0.00856	0.01053	0.01448
1	0.01145	0.00824	0.01084	0.01111	0.01258	0.00763	0.00798	0.01457	0.02133	0.02973	0.43211	0.28732	0.07179	0.02068	0.01033	0.00295	0.00434	0.01851	0.00885	0.00763
2	0.02465	0.01776	0.01983	0.02076	0.02255	0.01534	0.01375	0.02204	0.02401	0.03347	0.05274	0.56190	0.05890	0.03129	0.01562	0.00564	0.00970	0.02436	0.01164	0.01404
3	0.02477	0.55712	0.04001	0.01621	0.02284	0.17535	0.01498	0.02738	0.01882	0.02020	0.01213	0.01403	0.01093	0.00761	0.00596	0.00190	0.01050	0.00476	0.00381	0.01068
4	0.01419	0.00778	0.01167	0.01167	0.01201	0.00812	0.00812	0.01201	0.01167	0.01589	0.01658	0.02756	0.01623	0.03723	0.17512	0.58709	0.01084	0.00778	0.00389	0.00457
5	0.02036	0.04324	0.51524	0.02373	0.03448	0.16455	0.02809	0.02852	0.01934	0.02558	0.01480	0.01738	0.01082	0.00824	0.00799	0.00258	0.01320	0.00611	0.00377	0.01197
6	0.01211	0.00871	0.01112	0.01246	0.01346	0.00846	0.00856	0.06012	0.01818	0.02426	0.04480	0.64175	0.05296	0.02535	0.01068	0.00338	0.00529	0.02288	0.00795	0.00751
7	0.19542	0.02219	0.02262	0.01770	0.02417	0.02476	0.01462	0.48643	0.03430	0.05018	0.01851	0.01895	0.01330	0.00970	0.00779	0.00257	0.00874	0.00698	0.00779	0.01330
8	0.01875	0.01585	0.01715	0.01609	0.01994	0.01798	0.01222	0.03775	0.49457	0.03249	0.03738	0.18026	0.03276	0.01493	0.00915	0.00301	0.00633	0.01288	0.00849	0.01200
9	0.02117	0.01828	0.01924	0.01732	0.02213	0.02117	0.01347	0.04522	0.63246	0.03560	0.03464	0.03175	0.02598	0.01155	0.00866	0.00289	0.00673	0.00962	0.00866	0.01347
10	0.76103	0.01646	0.01251	0.01119	0.01646	0.01909	0.00922	0.02502	0.01448	0.03818	0.01185	0.01382	0.00922	0.00790	0.00527	0.00263	0.00658	0.00461	0.00527	0.00922
11	0.02272	0.06773	0.04280	0.03077	0.03789	0.16363	0.41542	0.02824	0.02040	0.02503	0.01566	0.02049	0.01227	0.00797	0.01026	0.00271	0.05224	0.00857	0.00425	0.01097
12	0.01781	0.01647	0.02452	0.01777	0.02519	0.01339	0.14577	0.02222	0.01812	0.02731	0.01728	0.05481	0.01499	0.00758	0.00738	0.00174	0.00803	0.00718	0.00503	0.54741
13	0.01329	0.01168	0.01955	0.01753	0.02038	0.01108	0.14486	0.01727	0.04323	0.02402	0.04316	0.40305	0.09831	0.02090	0.01060	0.00329	0.00734	0.07502	0.00712	0.00832
14	0.03367	0.01397	0.01843	0.01454	0.02051	0.01239	0.01187	0.03816	0.06060	0.53677	0.06695	0.03499	0.07371	0.01180	0.00875	0.00267	0.00682	0.00970	0.01016	0.01353

[dist]
# distance from previous block
# <min> <max>
0	5

[block]
# block no. 4 follows, 21 sequences, length 11
# corresponding to MSA columns:
# 253-263
name=unknown_E
#
# <colnr> <probs for GDERKNQSTAVLIFYWHMCP>
#	G	D	E	R	K	N	Q	S	T	A	V	L	I	F	Y	W	H	M	C	P
0	0.02498	0.54226	0.03955	0.01637	0.02294	0.18948	0.01502	0.02757	0.01897	0.02022	0.01216	0.01407	0.01093	0.00765	0.00601	0.00191	0.01064	0.00478	0.00382	0.01066
1	0.01228	0.00936	0.01175	0.01188	0.01408	0.00809	0.00827	0.01424	0.01638	0.02288	0.03783	0.48872	0.04396	0.06366	0.01176	0.00321	0.00548	0.01874	0.00703	0.19040
2	0.03284	0.01677	0.02722	0.02036	0.02734	0.01518	0.16131	0.03817	0.05503	0.46731	0.02960	0.02763	0.01932	0.00976	0.00893	0.00270	0.00896	0.00898	0.00890	0.01369
3	0.01257	0.00915	0.01299	0.01348	0.01487	0.01005	0.01053	0.01535	0.01493	0.02065	0.02891	0.05233	0.02961	0.15407	0.40780	0.01042	0.01683	0.15272	0.00546	0.00727
