[name]
unknown

[dist]
# distance from previous block
# <min> <max>
8	121

[block]
# block no. 0 follows, 24 sequences, length 113
# corresponding to MSA columns:
# 128-240
name=unknown_A
#
# <colnr> <probs for GDERKNQSTAVLIFYWHMCP>
#	G	D	E	R	K	N	Q	S	T	A	V	L	I	F	Y	W	H	M	C	P
0	0.02676	0.02075	0.02515	0.01911	0.02544	0.02207	0.08614	0.49284	0.03240	0.04378	0.01937	0.04998	0.01490	0.00956	0.00802	0.00235	0.00883	0.00787	0.00718	0.07751
1	0.05593	0.01759	0.02124	0.01658	0.02227	0.01820	0.04917	0.31962	0.05352	0.19381	0.07318	0.05451	0.02149	0.01045	0.00805	0.00243	0.00767	0.00858	0.00797	0.03772
2	0.42912	0.01826	0.04902	0.08045	0.02510	0.01934	0.10284	0.11250	0.01797	0.03369	0.01331	0.01609	0.01010	0.00788	0.00716	0.00253	0.03408	0.00585	0.00496	0.00975
3	0.01795	0.01612	0.02524	0.44899	0.04456	0.01747	0.08212	0.04437	0.01796	0.02424	0.01711	0.02484	0.01400	0.04955	0.01046	0.00308	0.01049	0.00782	0.00470	0.11893
4	0.01683	0.01249	0.01663	0.03775	0.04258	0.01183	0.06758	0.08537	0.01884	0.02901	0.02242	0.09547	0.01947	0.00972	0.00687	0.00201	0.00619	0.00845	0.29620	0.19431
5	0.22005	0.11766	0.02063	0.04591	0.02067	0.01907	0.01197	0.18028	0.02266	0.15092	0.09674	0.02296	0.02018	0.00936	0.00692	0.00234	0.00714	0.00701	0.00673	0.01080
6	0.01570	0.01500	0.02589	0.59348	0.12579	0.01788	0.05268	0.02099	0.01625	0.02117	0.01429	0.02098	0.01087	0.00777	0.00799	0.00261	0.01057	0.00716	0.00359	0.00934
7	0.01850	0.02051	0.04332	0.09068	0.10990	0.01972	0.52529	0.02486	0.01841	0.02503	0.01576	0.02118	0.01197	0.00683	0.00908	0.00264	0.01271	0.00892	0.00396	0.01074
8	0.01926	0.01623	0.02085	0.04915	0.17392	0.01763	0.01523	0.12001	0.26040	0.03199	0.08468	0.07958	0.02693	0.01158	0.00838	0.00263	0.00723	0.03600	0.00688	0.01142
9	0.01141	0.00817	0.01111	0.01111	0.01196	0.00902	0.00787	0.01311	0.01226	0.01720	0.02274	0.03944	0.02342	0.32395	0.43033	0.01072	0.01582	0.00971	0.00447	0.00617
10	0.01575	0.01428	0.02327	0.47690	0.12759	0.01728	0.02015	0.02019	0.01564	0.02131	0.01468	0.02129	0.01163	0.00920	0.01032	0.03112	0.07557	0.00706	0.05777	0.00899
11	0.02785	0.02000	0.02135	0.01663	0.02230	0.02203	0.01365	0.55195	0.03420	0.04693	0.02006	0.02061	0.01451	0.00948	0.00758	0.00230	0.00798	0.00718	0.12084	0.01258
12	0.04987	0.01916	0.02090	0.04277	0.02261	0.04720	0.01387	0.37883	0.04830	0.03801	0.01743	0.01976	0.01337	0.01151	0.01187	0.07930	0.08267	0.00690	0.03911	0.03656
13	0.12316	0.01726	0.05029	0.01656	0.05007	0.01624	0.01341	0.15624	0.07321	0.36413	0.02491	0.02306	0.01664	0.00930	0.00757	0.00246	0.00738	0.00729	0.00814	0.01269
14	0.01735	0.01735	0.02429	0.02082	0.02082	0.02429	0.01735	0.01908	0.01214	0.01908	0.01041	0.01735	0.01041	0.01388	0.02602	0.00347	0.70680	0.00694	0.00347	0.00867
15	0.01996	0.01439	0.01570	0.01302	0.01616	0.01527	0.00955	0.29083	0.02310	0.03111	0.02184	0.03570	0.02124	0.37314	0.02441	0.00503	0.00806	0.00926	0.00618	0.04606
16	0.01661	0.01630	0.02989	0.32541	0.07890	0.01768	0.21667	0.02190	0.01677	0.02317	0.01554	0.02142	0.01201	0.00784	0.00912	0.00255	0.05027	0.00770	0.06783	0.04241
17	0.22290	0.02267	0.06727	0.01665	0.02288	0.06090	0.01442	0.40437	0.02879	0.04270	0.01623	0.01700	0.01178	0.00874	0.00707	0.00239	0.00859	0.00619	0.00660	0.01184
18	0.00975	0.00697	0.00928	0.01098	0.01152	0.00650	0.00737	0.01127	0.01560	0.02091	0.07960	0.67835	0.05373	0.02435	0.01008	0.00318	0.00455	0.02207	0.00744	0.00650
19	0.01056	0.00789	0.01140	0.01249	0.01352	0.00746	0.03571	0.01258	0.01603	0.02137	0.06367	0.57290	0.05048	0.02334	0.01018	0.00323	0.00534	0.10782	0.00725	0.00679
20	0.10050	0.52180	0.11928	0.01455	0.02164	0.02760	0.01501	0.02493	0.05282	0.02212	0.01266	0.01423	0.01080	0.00717	0.00556	0.00194	0.00852	0.00473	0.00382	0.01034
21	0.73446	0.01573	0.01235	0.01088	0.01587	0.01818	0.00896	0.05900	0.01486	0.03640	0.01150	0.01324	0.00887	0.00748	0.00508	0.00245	0.00628	0.00446	0.00508	0.00887
22	0.00987	0.00706	0.00942	0.01114	0.01173	0.00661	0.00760	0.01147	0.01567	0.02096	0.07412	0.65694	0.05325	0.02429	0.01012	0.00320	0.00468	0.04792	0.00743	0.00653
23	0.01091	0.04851	0.01196	0.01164	0.01262	0.00883	0.00836	0.01269	0.01591	0.02133	0.09967	0.56023	0.05010	0.02241	0.01048	0.00309	0.03521	0.04206	0.00709	0.00688
24	0.16450	0.01543	0.01749	0.01445	0.01979	0.01592	0.01185	0.12459	0.13528	0.30736	0.02676	0.02822	0.01941	0.01037	0.00764	0.00257	0.00689	0.05134	0.00816	0.01199
25	0.00966	0.00690	0.00920	0.01104	0.01150	0.00644	0.00736	0.01104	0.01518	0.02024	0.04371	0.71614	0.05245	0.02484	0.01012	0.00322	0.00460	0.02254	0.00736	0.00644
26	0.01498	0.01409	0.02378	0.70226	0.05462	0.01762	0.02202	0.02026	0.01586	0.02026	0.01409	0.02114	0.01057	0.00793	0.00793	0.00264	0.01057	0.00705	0.00352	0.00881
27	0.01821	0.06581	0.17688	0.02944	0.03778	0.02056	0.45010	0.02495	0.01785	0.02466	0.01511	0.01974	0.01144	0.00720	0.00952	0.00262	0.04530	0.00822	0.00381	0.01078
28	0.36611	0.06358	0.01870	0.01402	0.01959	0.02084	0.01166	0.24305	0.07252	0.07615	0.01665	0.01713	0.01225	0.00848	0.00640	0.00240	0.00724	0.00586	0.00639	0.01099
29	0.73436	0.01523	0.01205	0.01064	0.01562	0.01743	0.00877	0.02420	0.01403	0.07275	0.01221	0.01370	0.00923	0.00750	0.00509	0.00245	0.00617	0.00451	0.00519	0.00887
30	0.01492	0.01043	0.01186	0.01085	0.01401	0.00998	0.00833	0.04288	0.11437	0.09660	0.21286	0.08156	0.30779	0.01643	0.00900	0.00262	0.00476	0.01392	0.00809	0.00872
31	0.00966	0.00690	0.00920	0.01104	0.01150	0.00644	0.00736	0.01104	0.01518	0.02024	0.04371	0.71614	0.05245	0.02484	0.01012	0.00322	0.00460	0.02254	0.00736	0.00644
32	0.01259	0.00856	0.00972	0.00940	0.00983	0.00877	0.00564	0.04803	0.01307	0.01751	0.02446	0.04899	0.02751	0.64814	0.07023	0.00763	0.00841	0.01113	0.00496	0.00541
33	0.02120	0.72609	0.04155	0.01357	0.02035	0.03138	0.01357	0.02374	0.01611	0.01866	0.01102	0.01272	0.01018	0.00678	0.00509	0.00170	0.00848	0.00424	0.00339	0.01018
34	0.01122	0.00811	0.01060	0.00998	0.01185	0.00748	0.00748	0.01496	0.02245	0.03180	0.66766	0.05923	0.07482	0.01621	0.00935	0.00249	0.00374	0.01434	0.00873	0.00748
35	0.01318	0.00929	0.01172	0.01081	0.01314	0.00897	0.00820	0.01888	0.09007	0.05987	0.57249	0.05468	0.06705	0.01535	0.00916	0.00251	0.00414	0.01349	0.00871	0.00828
36	0.00966	0.00690	0.00920	0.01104	0.01150	0.00644	0.00736	0.01104	0.01518	0.02024	0.04371	0.71614	0.05245	0.02484	0.01012	0.00322	0.00460	0.02254	0.00736	0.00644
37	0.01100	0.00819	0.01135	0.01203	0.01317	0.00779	0.03131	0.03712	0.01707	0.02301	0.11745	0.58302	0.05212	0.02252	0.00991	0.00308	0.00499	0.02045	0.00743	0.00700
38	0.01122	0.00811	0.01060	0.00998	0.01185	0.00748	0.00748	0.01496	0.02245	0.03180	0.66766	0.05923	0.07482	0.01621	0.00935	0.00249	0.00374	0.01434	0.00873	0.00748
39	0.01621	0.08043	0.64349	0.02208	0.03352	0.01916	0.02839	0.02503	0.01671	0.02474	0.01405	0.01651	0.01005	0.00749	0.00739	0.00246	0.01153	0.00577	0.00335	0.01163
40	0.71646	0.01623	0.03733	0.01105	0.01627	0.01755	0.00951	0.02404	0.01401	0.06283	0.01203	0.01364	0.00912	0.00747	0.00514	0.00246	0.00637	0.00451	0.00506	0.00892
41	0.01596	0.01499	0.02473	0.56257	0.14703	0.01793	0.02183	0.02215	0.05336	0.02187	0.01527	0.02140	0.01166	0.00796	0.00792	0.00260	0.01015	0.00716	0.00385	0.00960
42	0.01923	0.01435	0.01814	0.01309	0.02006	0.01117	0.03946	0.02284	0.01743	0.11704	0.01659	0.01815	0.01286	0.00646	0.00633	0.00142	0.00635	0.00538	0.00538	0.62826
43	0.00947	0.00797	0.00821	0.00829	0.01081	0.00671	0.00617	0.01152	0.01810	0.02181	0.10424	0.11262	0.60662	0.02019	0.00941	0.00270	0.00404	0.01697	0.00742	0.00671
44	0.01836	0.02129	0.07032	0.03100	0.06515	0.01935	0.49856	0.02451	0.01803	0.02509	0.01542	0.02045	0.01185	0.00708	0.00987	0.00257	0.05227	0.00856	0.00401	0.07627
45	0.07814	0.01360	0.01802	0.01390	0.01996	0.01201	0.01148	0.03777	0.02217	0.64052	0.03012	0.02618	0.01900	0.00967	0.00780	0.00245	0.00671	0.00776	0.00953	0.01321
46	0.01735	0.01735	0.02429	0.02082	0.02082	0.02429	0.01735	0.01908	0.01214	0.01908	0.01041	0.01735	0.01041	0.01388	0.02602	0.00347	0.70680	0.00694	0.00347	0.00867
47	0.01498	0.01409	0.02378	0.70226	0.05462	0.01762	0.02202	0.02026	0.01586	0.02026	0.01409	0.02114	0.01057	0.00793	0.00793	0.00264	0.01057	0.00705	0.00352	0.00881
48	0.00969	0.00794	0.00855	0.00862	0.01096	0.00679	0.00638	0.01191	0.01849	0.02294	0.16935	0.13407	0.51692	0.01992	0.00944	0.00270	0.00403	0.01691	0.00758	0.00679
49	0.00971	0.00700	0.00920	0.01086	0.01148	0.00649	0.00730	0.01120	0.01559	0.02073	0.06848	0.66183	0.08220	0.02430	0.01006	0.00317	0.00454	0.02197	0.00741	0.00649
50	0.00966	0.00690	0.00920	0.01104	0.01150	0.00644	0.00736	0.01104	0.01518	0.02024	0.04371	0.71614	0.05245	0.02484	0.01012	0.00322	0.00460	0.02254	0.00736	0.00644
51	0.03558	0.01350	0.01840	0.01411	0.02024	0.01166	0.01166	0.03865	0.02270	0.67734	0.03128	0.02699	0.01963	0.00981	0.00797	0.00245	0.00675	0.00797	0.00981	0.01350
52	0.03558	0.01350	0.01840	0.01411	0.02024	0.01166	0.01166	0.03865	0.02270	0.67734	0.03128	0.02699	0.01963	0.00981	0.00797	0.00245	0.00675	0.00797	0.00981	0.01350
53	0.03069	0.02133	0.02325	0.01783	0.02415	0.02329	0.01473	0.58429	0.03581	0.11317	0.02027	0.01984	0.01410	0.00955	0.00794	0.00239	0.00853	0.00722	0.00812	0.01349
54	0.01478	0.00739	0.00739	0.00739	0.00924	0.00739	0.00554	0.01848	0.01663	0.02956	0.02587	0.02956	0.02033	0.00924	0.00554	0.00185	0.00370	0.00739	0.76534	0.00739
55	0.07458	0.61138	0.06610	0.01409	0.02062	0.02951	0.01408	0.02355	0.01576	0.02016	0.01113	0.01313	0.01007	0.00720	0.00620	0.00187	0.04257	0.00445	0.00350	0.01006
56	0.01133	0.00850	0.01274	0.01274	0.01416	0.00991	0.00991	0.01416	0.01274	0.01841	0.02124	0.03115	0.01982	0.05947	0.68989	0.01274	0.02124	0.00850	0.00425	0.00708
57	0.01153	0.00769	0.00865	0.00865	0.00865	0.00769	0.00480	0.01153	0.01153	0.01538	0.02499	0.05189	0.02883	0.72131	0.04036	0.00769	0.00769	0.01153	0.00480	0.00480
58	0.01498	0.01409	0.02378	0.70226	0.05462	0.01762	0.02202	0.02026	0.01586	0.02026	0.01409	0.02114	0.01057	0.00793	0.00793	0.00264	0.01057	0.00705	0.00352	0.00881
59	0.71019	0.01464	0.01128	0.01016	0.01480	0.01687	0.00832	0.02288	0.01377	0.03505	0.01235	0.01435	0.00962	0.00753	0.00496	0.00240	0.00592	0.00457	0.07186	0.00848
60	0.01278	0.00913	0.01278	0.01460	0.01643	0.00913	0.01278	0.01643	0.01825	0.02373	0.04199	0.08945	0.04564	0.02191	0.01095	0.00365	0.00730	0.61847	0.00730	0.00730
61	0.01153	0.00769	0.00865	0.00865	0.00865	0.00769	0.00480	0.01153	0.01153	0.01538	0.02499	0.05189	0.02883	0.72131	0.04036	0.00769	0.00769	0.01153	0.00480	0.00480
62	0.03467	0.01370	0.01838	0.01423	0.02026	0.01212	0.01171	0.03885	0.05912	0.64038	0.03134	0.02714	0.01989	0.00987	0.00798	0.00247	0.00672	0.00803	0.00971	0.01344
63	0.77733	0.01534	0.01166	0.01043	0.01534	0.01779	0.00859	0.02331	0.01350	0.03558	0.01104	0.01288	0.00859	0.00736	0.00491	0.00245	0.00613	0.00429	0.00491	0.00859
64	0.77733	0.01534	0.01166	0.01043	0.01534	0.01779	0.00859	0.02331	0.01350	0.03558	0.01104	0.01288	0.00859	0.00736	0.00491	0.00245	0.00613	0.00429	0.00491	0.00859
65	0.00966	0.00690	0.00920	0.01104	0.01150	0.00644	0.00736	0.01104	0.01518	0.02024	0.04371	0.71614	0.05245	0.02484	0.01012	0.00322	0.00460	0.02254	0.00736	0.00644
66	0.01498	0.01409	0.02378	0.70226	0.05462	0.01762	0.02202	0.02026	0.01586	0.02026	0.01409	0.02114	0.01057	0.00793	0.00793	0.00264	0.01057	0.00705	0.00352	0.00881
67	0.01590	0.04102	0.68023	0.02260	0.03432	0.01842	0.02930	0.02511	0.01674	0.02511	0.01423	0.01674	0.01005	0.00753	0.00753	0.00251	0.01172	0.00586	0.00335	0.01172
68	0.01630	0.01258	0.01523	0.01536	0.01836	0.01359	0.01290	0.07600	0.21187	0.02873	0.03718	0.06566	0.03655	0.01754	0.00984	0.00326	0.00711	0.38498	0.00758	0.00939
69	0.01804	0.02116	0.07302	0.10309	0.04043	0.02014	0.48375	0.02420	0.01765	0.02420	0.01518	0.02073	0.01162	0.00758	0.01079	0.00274	0.08276	0.00870	0.00387	0.01034
70	0.01786	0.02399	0.14930	0.03068	0.03898	0.01920	0.51477	0.02474	0.01824	0.02513	0.01694	0.05056	0.01345	0.00761	0.00909	0.00267	0.01272	0.00935	0.00405	0.01068
71	0.02209	0.02265	0.04474	0.02798	0.23648	0.14798	0.01770	0.08355	0.19104	0.02839	0.01916	0.02086	0.01510	0.00867	0.00833	0.00236	0.03509	0.00703	0.00542	0.05538
72	0.01590	0.04102	0.68023	0.02260	0.03432	0.01842	0.02930	0.02511	0.01674	0.02511	0.01423	0.01674	0.01005	0.00753	0.00753	0.00251	0.01172	0.00586	0.00335	0.01172
73	0.00973	0.00805	0.00853	0.00841	0.01093	0.00685	0.00631	0.01208	0.01892	0.02343	0.19422	0.07300	0.55349	0.01933	0.00937	0.00264	0.00396	0.01627	0.00763	0.00685
74	0.01847	0.01513	0.01862	0.01423	0.02049	0.01341	0.04699	0.05552	0.13898	0.05872	0.01998	0.05017	0.01634	0.00803	0.00687	0.00176	0.00651	0.00682	0.00581	0.47718
75	0.00988	0.00800	0.00878	0.00870	0.01105	0.00689	0.00648	0.01232	0.01910	0.02414	0.23543	0.10306	0.47986	0.01928	0.00940	0.00266	0.00397	0.01638	0.00773	0.00689
76	0.01727	0.01732	0.02515	0.06052	0.02358	0.02374	0.04235	0.01940	0.01262	0.01940	0.01084	0.01773	0.01048	0.01325	0.02432	0.00339	0.63934	0.00704	0.00349	0.00876
77	0.77733	0.01534	0.01166	0.01043	0.01534	0.01779	0.00859	0.02331	0.01350	0.03558	0.01104	0.01288	0.00859	0.00736	0.00491	0.00245	0.00613	0.00429	0.00491	0.00859
78	0.01112	0.00810	0.01045	0.00987	0.01178	0.00744	0.00740	0.01476	0.02220	0.03121	0.63421	0.06021	0.10865	0.01643	0.00935	0.00250	0.00376	0.01448	0.00865	0.00744
79	0.02718	0.02074	0.02213	0.01765	0.02346	0.02321	0.01436	0.47398	0.21354	0.04520	0.02280	0.02204	0.01653	0.00987	0.00797	0.00247	0.00803	0.00766	0.00797	0.01322
80	0.01304	0.01045	0.01453	0.01368	0.01453	0.01289	0.01057	0.01515	0.01261	0.01868	0.01952	0.03136	0.01915	0.16263	0.37284	0.00895	0.18551	0.00859	0.04824	0.00709
81	0.01722	0.01336	0.01574	0.01576	0.04605	0.01439	0.01189	0.02977	0.32966	0.06630	0.08814	0.08633	0.07907	0.01473	0.00896	0.00287	0.00619	0.13541	0.00779	0.01036
82	0.06756	0.01357	0.01811	0.01395	0.02003	0.01192	0.01152	0.03798	0.02230	0.64967	0.03041	0.02638	0.01915	0.00971	0.00784	0.00245	0.00672	0.00782	0.00960	0.01328
83	0.01263	0.00908	0.01257	0.01432	0.01618	0.00902	0.01249	0.01621	0.01825	0.02363	0.04365	0.08888	0.07265	0.02183	0.01088	0.00361	0.00716	0.59239	0.00730	0.00728
84	0.02164	0.02194	0.08554	0.05650	0.21713	0.08651	0.01855	0.09675	0.20402	0.05527	0.02150	0.02424	0.01680	0.00917	0.00793	0.00250	0.00903	0.02722	0.00583	0.01194
85	0.01963	0.01884	0.03219	0.04867	0.67185	0.01884	0.02434	0.02434	0.01806	0.02591	0.01492	0.01963	0.01256	0.00707	0.00785	0.00236	0.00942	0.00707	0.00393	0.01256
86	0.00952	0.00744	0.00864	0.00961	0.01113	0.00656	0.00672	0.01120	0.01656	0.02080	0.06115	0.41142	0.34591	0.02258	0.00976	0.00296	0.00432	0.01978	0.00736	0.00656
87	0.00966	0.00690	0.00920	0.01104	0.01150	0.00644	0.00736	0.01104	0.01518	0.02024	0.04371	0.71614	0.05245	0.02484	0.01012	0.00322	0.00460	0.02254	0.00736	0.00644
88	0.02120	0.72609	0.04155	0.01357	0.02035	0.03138	0.01357	0.02374	0.01611	0.01866	0.01102	0.01272	0.01018	0.00678	0.00509	0.00170	0.00848	0.00424	0.00339	0.01018
89	0.01142	0.00815	0.01098	0.01098	0.01178	0.00895	0.00771	0.01303	0.01222	0.01710	0.02286	0.04010	0.02371	0.34508	0.40960	0.01056	0.01539	0.00981	0.00449	0.00610
90	0.00937	0.00803	0.00803	0.00803	0.01071	0.00669	0.00602	0.01138	0.01807	0.02142	0.08033	0.07632	0.66863	0.02008	0.00937	0.00268	0.00402	0.01674	0.00736	0.00669
91	0.01133	0.00850	0.01274	0.01274	0.01416	0.00991	0.00991	0.01416	0.01274	0.01841	0.02124	0.03115	0.01982	0.05947	0.68989	0.01274	0.02124	0.00850	0.00425	0.00708
92	0.01972	0.01703	0.01793	0.01614	0.02062	0.01972	0.01255	0.04214	0.65752	0.03317	0.03228	0.02959	0.02421	0.01076	0.00807	0.00269	0.00628	0.00897	0.00807	0.01255
93	0.03096	0.02091	0.02299	0.01763	0.02394	0.02265	0.01456	0.55450	0.03510	0.14396	0.02087	0.02023	0.01441	0.00956	0.00794	0.00239	0.00843	0.00726	0.00821	0.01349
94	0.01621	0.03909	0.62178	0.02446	0.07114	0.01850	0.04962	0.02508	0.01688	0.02517	0.01433	0.01706	0.01026	0.00748	0.00761	0.00251	0.01164	0.00605	0.00340	0.01173
95	0.00950	0.00754	0.00854	0.00933	0.01105	0.00658	0.00660	0.01123	0.01683	0.02091	0.06453	0.35242	0.40273	0.02214	0.00970	0.00291	0.00427	0.01924	0.00736	0.00658
96	0.01644	0.07120	0.58649	0.02327	0.03438	0.01919	0.09033	0.02508	0.01691	0.02484	0.01426	0.01702	0.01025	0.00741	0.00760	0.00249	0.01173	0.00614	0.00342	0.01154
97	0.00966	0.00690	0.00920	0.01104	0.01150	0.00644	0.00736	0.01104	0.01518	0.02024	0.04371	0.71614	0.05245	0.02484	0.01012	0.00322	0.00460	0.02254	0.00736	0.00644
98	0.02097	0.69572	0.06986	0.01397	0.02097	0.03080	0.01427	0.02381	0.01614	0.01894	0.01117	0.01290	0.01017	0.00682	0.00520	0.00173	0.00862	0.00431	0.00339	0.01024
99	0.01007	0.00731	0.00962	0.01101	0.01186	0.00670	0.00746	0.01169	0.01566	0.02118	0.07846	0.64524	0.05183	0.02345	0.00988	0.00308	0.00461	0.02123	0.00732	0.04234
100	0.01852	0.37894	0.36519	0.01815	0.02743	0.02481	0.02154	0.02444	0.01643	0.02193	0.01265	0.01476	0.01011	0.00716	0.00633	0.00211	0.01012	0.00506	0.00337	0.01096
101	0.02218	0.01957	0.01632	0.01445	0.01822	0.17937	0.01118	0.13492	0.16939	0.03143	0.02286	0.02404	0.01758	0.00938	0.00693	0.00218	0.00774	0.00715	0.27506	0.01007
102	0.01112	0.00810	0.01045	0.00987	0.01178	0.00744	0.00740	0.01476	0.02220	0.03121	0.63421	0.06021	0.10865	0.01643	0.00935	0.00250	0.00376	0.01448	0.00865	0.00744
103	0.01866	0.02122	0.04582	0.03288	0.04055	0.02024	0.61607	0.02513	0.01843	0.02513	0.01580	0.02122	0.01196	0.00699	0.01008	0.00271	0.04327	0.00925	0.00399	0.01061
104	0.01590	0.04102	0.68023	0.02260	0.03432	0.01842	0.02930	0.02511	0.01674	0.02511	0.01423	0.01674	0.01005	0.00753	0.00753	0.00251	0.01172	0.00586	0.00335	0.01172
105	0.01101	0.00810	0.01031	0.00975	0.01172	0.00739	0.00732	0.01455	0.02195	0.03061	0.60051	0.06119	0.14272	0.01665	0.00935	0.00252	0.00377	0.01461	0.00857	0.00739
106	0.00966	0.00690	0.00920	0.01104	0.01150	0.00644	0.00736	0.01104	0.01518	0.02024	0.04371	0.71614	0.05245	0.02484	0.01012	0.00322	0.00460	0.02254	0.00736	0.00644
107	0.01455	0.00952	0.01032	0.00964	0.01247	0.00903	0.00751	0.07528	0.02005	0.05952	0.10108	0.05413	0.30131	0.01519	0.00813	0.00244	0.00467	0.04674	0.23046	0.00797
108	0.03558	0.01350	0.01840	0.01411	0.02024	0.01166	0.01166	0.03865	0.02270	0.67734	0.03128	0.02699	0.01963	0.00981	0.00797	0.00245	0.00675	0.00797	0.00981	0.01350
109	0.03558	0.01350	0.01840	0.01411	0.02024	0.01166	0.01166	0.03865	0.02270	0.67734	0.03128	0.02699	0.01963	0.00981	0.00797	0.00245	0.00675	0.00797	0.00981	0.01350
110	0.02114	0.01732	0.01828	0.01598	0.02061	0.01980	0.01256	0.13935	0.51904	0.03571	0.02974	0.02786	0.02223	0.01047	0.00790	0.00259	0.00653	0.00858	0.05191	0.01241
111	0.00974	0.00696	0.00927	0.01099	0.01152	0.00649	0.00737	0.01123	0.01554	0.02081	0.07419	0.68404	0.05354	0.02442	0.01008	0.00318	0.00456	0.02214	0.00743	0.00649
112	0.01024	0.00737	0.00955	0.01044	0.01141	0.00685	0.00720	0.01230	0.01736	0.02361	0.23825	0.44646	0.08461	0.06162	0.01157	0.00323	0.00448	0.01912	0.00764	0.00668

[dist]
# distance from previous block
# <min> <max>
0	21

[block]
# block no. 1 follows, 24 sequences, length 105
# corresponding to MSA columns:
# 262-366
name=unknown_B
#
# <colnr> <probs for GDERKNQSTAVLIFYWHMCP>
#	G	D	E	R	K	N	Q	S	T	A	V	L	I	F	Y	W	H	M	C	P
0	0.01872	0.02139	0.04679	0.03342	0.04144	0.02005	0.64305	0.02540	0.01872	0.02540	0.01604	0.02139	0.01203	0.00668	0.00936	0.00267	0.01337	0.00936	0.00401	0.01070
1	0.01015	0.00752	0.00950	0.01035	0.01166	0.00688	0.00738	0.01236	0.01774	0.02360	0.21164	0.39782	0.17467	0.02158	0.00982	0.00295	0.00439	0.04550	0.00771	0.00680
2	0.01720	0.06751	0.39042	0.05464	0.06972	0.01957	0.21870	0.02489	0.01736	0.02472	0.01466	0.01831	0.01082	0.00722	0.00801	0.00252	0.01190	0.00698	0.00359	0.01125
3	0.02274	0.31758	0.08253	0.01904	0.07747	0.19471	0.01576	0.08253	0.02005	0.02308	0.01781	0.01934	0.05958	0.00846	0.00662	0.00204	0.00999	0.00603	0.00433	0.01030
4	0.01122	0.00811	0.01060	0.00998	0.01185	0.00748	0.00748	0.01496	0.02245	0.03180	0.66766	0.05923	0.07482	0.01621	0.00935	0.00249	0.00374	0.01434	0.00873	0.00748
5	0.00980	0.00841	0.00845	0.00837	0.01112	0.00724	0.00630	0.01266	0.04472	0.02191	0.07833	0.07437	0.64178	0.01969	0.00932	0.00268	0.00411	0.01641	0.00739	0.00694
6	0.65219	0.07900	0.01525	0.01131	0.01650	0.01952	0.00953	0.07162	0.01557	0.03519	0.01166	0.01335	0.00911	0.00748	0.00516	0.00238	0.00654	0.00451	0.00501	0.00911
7	0.01153	0.00769	0.00865	0.00865	0.00865	0.00769	0.00480	0.01153	0.01153	0.01538	0.02499	0.05189	0.02883	0.72131	0.04036	0.00769	0.00769	0.01153	0.00480	0.00480
8	0.01478	0.00739	0.00739	0.00739	0.00924	0.00739	0.00554	0.01848	0.01663	0.02956	0.02587	0.02956	0.02033	0.00924	0.00554	0.00185	0.00370	0.00739	0.76534	0.00739
9	0.01478	0.00739	0.00739	0.00739	0.00924	0.00739	0.00554	0.01848	0.01663	0.02956	0.02587	0.02956	0.02033	0.00924	0.00554	0.00185	0.00370	0.00739	0.76534	0.00739
10	0.02022	0.59879	0.16023	0.01525	0.02295	0.02897	0.01649	0.02400	0.01623	0.01986	0.01162	0.01347	0.01015	0.00692	0.00554	0.00185	0.00908	0.00454	0.00338	0.01046
11	0.01152	0.00773	0.00885	0.00885	0.00892	0.00780	0.00506	0.01166	0.01159	0.01553	0.02480	0.05086	0.02838	0.68833	0.07273	0.00794	0.00836	0.01138	0.00478	0.00492
12	0.00966	0.00690	0.00920	0.01104	0.01150	0.00644	0.00736	0.01104	0.01518	0.02024	0.04371	0.71614	0.05245	0.02484	0.01012	0.00322	0.00460	0.02254	0.00736	0.00644
13	0.01151	0.00776	0.00903	0.00903	0.00916	0.00789	0.00528	0.01178	0.01164	0.01566	0.02464	0.04997	0.02799	0.65992	0.10061	0.00816	0.00895	0.01125	0.00475	0.00502
14	0.02978	0.02203	0.02359	0.01817	0.02445	0.02442	0.01498	0.62421	0.05908	0.04939	0.01950	0.01941	0.01386	0.00956	0.00794	0.00239	0.00864	0.00720	0.00794	0.01345
15	0.01377	0.00689	0.01033	0.01033	0.01033	0.00689	0.00689	0.01033	0.01033	0.01377	0.01377	0.02410	0.01377	0.02755	0.03099	0.76928	0.00689	0.00689	0.00344	0.00344
16	0.00980	0.00700	0.00936	0.01120	0.01172	0.00656	0.00760	0.01128	0.01532	0.02040	0.04363	0.68832	0.05215	0.02471	0.01016	0.00324	0.00472	0.04900	0.00736	0.00648
17	0.02120	0.72609	0.04155	0.01357	0.02035	0.03138	0.01357	0.02374	0.01611	0.01866	0.01102	0.01272	0.01018	0.00678	0.00509	0.00170	0.00848	0.00424	0.00339	0.01018
18	0.01936	0.30870	0.34309	0.02001	0.05597	0.08266	0.02167	0.02512	0.01706	0.02211	0.01283	0.01507	0.01022	0.00728	0.00655	0.00214	0.01057	0.00521	0.00346	0.01093
19	0.08789	0.23059	0.07791	0.01656	0.02315	0.05487	0.01509	0.31103	0.05284	0.03561	0.01590	0.01673	0.01215	0.00838	0.00679	0.00219	0.00881	0.00594	0.00583	0.01174
20	0.02965	0.03700	0.02254	0.02032	0.02452	0.65566	0.01531	0.06288	0.02323	0.02096	0.01260	0.01454	0.01038	0.00824	0.00719	0.00206	0.01402	0.00521	0.00428	0.00941
21	0.00962	0.00799	0.00842	0.00842	0.01089	0.00678	0.00627	0.01183	0.01850	0.02270	0.15427	0.10360	0.56378	0.01980	0.00940	0.00268	0.00401	0.01670	0.00754	0.00678
22	0.00975	0.00697	0.00928	0.01098	0.01152	0.00650	0.00737	0.01125	0.01557	0.02086	0.07720	0.68088	0.05365	0.02438	0.01008	0.00318	0.00455	0.02210	0.00743	0.00650
23	0.01590	0.04102	0.68023	0.02260	0.03432	0.01842	0.02930	0.02511	0.01674	0.02511	0.01423	0.01674	0.01005	0.00753	0.00753	0.00251	0.01172	0.00586	0.00335	0.01172
24	0.01106	0.00805	0.01041	0.00992	0.01177	0.00740	0.00740	0.01461	0.02190	0.03076	0.60998	0.08927	0.10414	0.01679	0.00939	0.00254	0.00379	0.01483	0.00860	0.00740
25	0.01448	0.04696	0.18877	0.01732	0.02108	0.01651	0.01665	0.01893	0.03527	0.02124	0.02154	0.18142	0.02197	0.02156	0.12032	0.00453	0.20748	0.01048	0.00461	0.00888
26	0.01846	0.01844	0.02855	0.11463	0.29242	0.04268	0.05253	0.02210	0.01568	0.02235	0.01304	0.01884	0.01139	0.00983	0.01495	0.00283	0.28010	0.00707	0.00371	0.01040
27	0.00966	0.00690	0.00920	0.01104	0.01150	0.00644	0.00736	0.01104	0.01518	0.02024	0.04371	0.71614	0.05245	0.02484	0.01012	0.00322	0.00460	0.02254	0.00736	0.00644
28	0.03434	0.01322	0.01801	0.01390	0.01982	0.01144	0.01144	0.03744	0.02268	0.64450	0.06366	0.02863	0.02244	0.01014	0.00804	0.00246	0.00659	0.00830	0.00976	0.01319
29	0.02120	0.72609	0.04155	0.01357	0.02035	0.03138	0.01357	0.02374	0.01611	0.01866	0.01102	0.01272	0.01018	0.00678	0.00509	0.00170	0.00848	0.00424	0.00339	0.01018
30	0.01147	0.00800	0.01013	0.01061	0.01233	0.00730	0.00787	0.01398	0.01853	0.05182	0.23058	0.29514	0.18737	0.02040	0.00974	0.00291	0.00461	0.08216	0.00785	0.00718
31	0.01136	0.00839	0.01220	0.01220	0.01343	0.00962	0.00923	0.01381	0.01258	0.01800	0.02174	0.03392	0.02103	0.14772	0.60329	0.01207	0.01943	0.00890	0.00432	0.00678
32	0.65695	0.01811	0.06716	0.01192	0.01742	0.04002	0.01065	0.02442	0.01447	0.06267	0.01224	0.01387	0.00925	0.00751	0.00533	0.00244	0.00689	0.00461	0.00497	0.00908
33	0.00966	0.00690	0.00920	0.01104	0.01150	0.00644	0.00736	0.01104	0.01518	0.02024	0.04371	0.71614	0.05245	0.02484	0.01012	0.00322	0.00460	0.02254	0.00736	0.00644
34	0.01891	0.08818	0.21268	0.06127	0.03619	0.04964	0.31554	0.05220	0.01857	0.02508	0.01480	0.01883	0.01119	0.00742	0.00884	0.00253	0.03593	0.00749	0.00391	0.01082
35	0.01835	0.02068	0.04417	0.03191	0.03918	0.01990	0.58284	0.02455	0.01818	0.02483	0.01654	0.04278	0.01319	0.00771	0.01046	0.00274	0.05787	0.00961	0.00408	0.01043
36	0.00966	0.00690	0.00920	0.01104	0.01150	0.00644	0.00736	0.01104	0.01518	0.02024	0.04371	0.71614	0.05245	0.02484	0.01012	0.00322	0.00460	0.02254	0.00736	0.00644
37	0.26394	0.04306	0.02228	0.02596	0.24143	0.16578	0.01573	0.05260	0.01829	0.02857	0.01366	0.01653	0.01110	0.00760	0.00657	0.00228	0.00912	0.00568	0.03952	0.01028
38	0.02916	0.08358	0.16103	0.01613	0.02344	0.01577	0.01575	0.06003	0.05071	0.42416	0.02539	0.02333	0.01671	0.00909	0.00763	0.00241	0.00802	0.00720	0.00771	0.01278
39	0.01825	0.01812	0.02933	0.30454	0.35248	0.05322	0.06400	0.02318	0.01746	0.02330	0.01453	0.02007	0.01162	0.00744	0.00794	0.00247	0.01039	0.00711	0.00378	0.01078
40	0.01091	0.00806	0.01019	0.00973	0.01167	0.00734	0.00727	0.01433	0.02160	0.02996	0.56428	0.08171	0.15943	0.01703	0.00938	0.00254	0.00381	0.01493	0.00849	0.00734
41	0.01703	0.04761	0.02498	0.14153	0.02699	0.02257	0.03787	0.01968	0.01338	0.01992	0.01192	0.01847	0.01090	0.01208	0.02048	0.00315	0.50021	0.00694	0.03552	0.00878
42	0.02647	0.01899	0.02069	0.01647	0.02185	0.02076	0.01337	0.46327	0.08802	0.07240	0.06535	0.05960	0.02109	0.01087	0.00805	0.00244	0.00766	0.00862	0.04168	0.01237
43	0.01164	0.00891	0.01315	0.01297	0.01426	0.01055	0.01007	0.01429	0.01266	0.01831	0.02085	0.03137	0.01974	0.08653	0.62717	0.01205	0.05563	0.00855	0.00423	0.00706
44	0.00976	0.00761	0.00892	0.00988	0.01150	0.00677	0.00714	0.01162	0.01680	0.02107	0.06103	0.36315	0.34554	0.02235	0.00983	0.00299	0.00453	0.06552	0.00736	0.00663
45	0.00966	0.00690	0.00920	0.01104	0.01150	0.00644	0.00736	0.01104	0.01518	0.02024	0.04371	0.71614	0.05245	0.02484	0.01012	0.00322	0.00460	0.02254	0.00736	0.00644
46	0.05083	0.01888	0.02661	0.30396	0.30320	0.08691	0.02143	0.05099	0.01829	0.02446	0.01434	0.01938	0.01140	0.00764	0.00769	0.00244	0.01021	0.00675	0.00400	0.01059
47	0.02962	0.03779	0.02247	0.02043	0.02451	0.68948	0.01532	0.03166	0.02247	0.01941	0.01226	0.01430	0.01021	0.00817	0.00715	0.00204	0.01430	0.00511	0.00409	0.00919
48	0.00939	0.00798	0.00809	0.00819	0.01075	0.00668	0.00609	0.01136	0.01793	0.02136	0.07846	0.10897	0.63718	0.02033	0.00941	0.00271	0.00405	0.01703	0.00736	0.00668
49	0.01855	0.02072	0.04382	0.06473	0.08301	0.02004	0.54717	0.02483	0.01827	0.02493	0.01564	0.02109	0.01193	0.00707	0.00989	0.00268	0.04203	0.00900	0.00396	0.01065
50	0.06069	0.01733	0.01834	0.01596	0.02080	0.01967	0.01259	0.11303	0.50842	0.07804	0.02954	0.02730	0.02182	0.01037	0.00788	0.00262	0.00659	0.00844	0.00801	0.01252
51	0.01044	0.00723	0.00897	0.01004	0.01031	0.00696	0.00630	0.01125	0.01366	0.01821	0.03590	0.43931	0.04260	0.31511	0.02272	0.00508	0.00589	0.01795	0.00630	0.00576
52	0.02921	0.02153	0.02325	0.01797	0.02407	0.02386	0.01482	0.61395	0.03606	0.04840	0.01915	0.01964	0.01380	0.01201	0.04192	0.00290	0.00935	0.00721	0.00775	0.01317
53	0.01524	0.01428	0.02406	0.60968	0.05039	0.01762	0.04695	0.02034	0.01582	0.02082	0.01449	0.02132	0.01104	0.00824	0.00881	0.00265	0.04593	0.00715	0.03634	0.00882
54	0.02114	0.01655	0.01788	0.01585	0.02038	0.01870	0.01237	0.07279	0.54158	0.08731	0.03201	0.06044	0.02455	0.01126	0.00815	0.00268	0.00637	0.00941	0.00817	0.01240
55	0.02117	0.35458	0.13454	0.01525	0.02278	0.02343	0.01533	0.10228	0.01924	0.05400	0.01405	0.01553	0.01130	0.00720	0.00612	0.00184	0.00843	0.00512	0.00450	0.16332
56	0.05832	0.01019	0.01267	0.01123	0.01445	0.00956	0.00880	0.02193	0.05078	0.18164	0.38368	0.05030	0.10628	0.01451	0.00879	0.00254	0.00483	0.03183	0.00858	0.00911
57	0.01133	0.00850	0.01274	0.01274	0.01416	0.00991	0.00991	0.01416	0.01274	0.01841	0.02124	0.03115	0.01982	0.05947	0.68989	0.01274	0.02124	0.00850	0.00425	0.00708
58	0.01498	0.01409	0.02378	0.70226	0.05462	0.01762	0.02202	0.02026	0.01586	0.02026	0.01409	0.02114	0.01057	0.00793	0.00793	0.00264	0.01057	0.00705	0.00352	0.00881
59	0.01799	0.01924	0.03920	0.13421	0.14325	0.01891	0.41765	0.02399	0.01816	0.02463	0.01697	0.02472	0.01370	0.00775	0.00899	0.00267	0.01199	0.04134	0.00410	0.01053
60	0.00966	0.00690	0.00920	0.01104	0.01150	0.00644	0.00736	0.01104	0.01518	0.02024	0.04371	0.71614	0.05245	0.02484	0.01012	0.00322	0.00460	0.02254	0.00736	0.00644
61	0.01644	0.01409	0.01644	0.01175	0.01879	0.01057	0.00940	0.01997	0.01644	0.02584	0.01409	0.01644	0.01175	0.00587	0.00587	0.00117	0.00587	0.00470	0.00470	0.76979
62	0.02105	0.02242	0.15421	0.02433	0.05350	0.01758	0.24497	0.04705	0.01878	0.13590	0.01762	0.02035	0.01284	0.00798	0.00963	0.00246	0.06853	0.00751	0.00504	0.10828
63	0.01747	0.23248	0.46794	0.01997	0.02972	0.02235	0.02428	0.02443	0.01634	0.02300	0.01314	0.01564	0.01010	0.00764	0.00777	0.00233	0.04545	0.00546	0.00337	0.01113
64	0.01955	0.12361	0.26291	0.03182	0.29255	0.01998	0.04380	0.02551	0.01765	0.06783	0.01526	0.01820	0.01179	0.00736	0.00742	0.00234	0.01006	0.00638	0.00404	0.01194
65	0.01114	0.00810	0.01049	0.00989	0.01180	0.00745	0.00742	0.01481	0.02226	0.03135	0.64237	0.05997	0.10039	0.01638	0.00935	0.00250	0.00375	0.01444	0.00867	0.00745
66	0.01113	0.00755	0.00894	0.00933	0.00948	0.00752	0.00556	0.01154	0.01236	0.01653	0.02880	0.19189	0.03346	0.54589	0.06116	0.00695	0.00760	0.01374	0.00532	0.00525
67	0.04438	0.01646	0.02440	0.42216	0.08298	0.01911	0.04566	0.17118	0.02118	0.02850	0.01630	0.04324	0.01278	0.00875	0.00796	0.00258	0.00983	0.00759	0.00480	0.01017
68	0.02352	0.01084	0.01445	0.01199	0.01606	0.00957	0.00954	0.02684	0.02238	0.35945	0.31842	0.04360	0.07285	0.01313	0.00865	0.00248	0.00528	0.01121	0.00922	0.01050
69	0.00966	0.00690	0.00920	0.01104	0.01150	0.00644	0.00736	0.01104	0.01518	0.02024	0.04371	0.71614	0.05245	0.02484	0.01012	0.00322	0.00460	0.02254	0.00736	0.00644
70	0.02869	0.02303	0.02246	0.01785	0.02351	0.10737	0.01445	0.51962	0.03377	0.04416	0.01945	0.04810	0.01494	0.00998	0.00784	0.00235	0.00909	0.00754	0.03335	0.01244
71	0.03014	0.02221	0.02380	0.01825	0.02459	0.02459	0.01507	0.64541	0.03728	0.04998	0.01904	0.01904	0.01349	0.00952	0.00793	0.00238	0.00873	0.00714	0.00793	0.01349
72	0.02266	0.60651	0.03824	0.01476	0.02108	0.14570	0.01387	0.02512	0.01722	0.01879	0.01124	0.01299	0.01018	0.00703	0.00545	0.00176	0.00949	0.00439	0.00351	0.01001
73	0.01852	0.17268	0.45233	0.02185	0.05561	0.02064	0.05781	0.02570	0.01716	0.06600	0.01482	0.01697	0.01089	0.00747	0.00719	0.00235	0.01076	0.00591	0.00383	0.01151
74	0.00966	0.00690	0.00920	0.01104	0.01150	0.00644	0.00736	0.01104	0.01518	0.02024	0.04371	0.71614	0.05245	0.02484	0.01012	0.00322	0.00460	0.02254	0.00736	0.00644
75	0.01857	0.02856	0.30222	0.02668	0.03542	0.01918	0.29852	0.02564	0.01763	0.06801	0.01585	0.01953	0.01159	0.00783	0.00989	0.00266	0.06937	0.00764	0.00408	0.01113
76	0.01122	0.00811	0.01060	0.00998	0.01185	0.00748	0.00748	0.01496	0.02245	0.03180	0.66766	0.05923	0.07482	0.01621	0.00935	0.00249	0.00374	0.01434	0.00873	0.00748
77	0.02688	0.09739	0.05551	0.01872	0.02427	0.19118	0.04716	0.19051	0.07741	0.11935	0.01833	0.01906	0.01362	0.00909	0.00871	0.00235	0.05632	0.00663	0.00605	0.01144
78	0.02893	0.02161	0.02312	0.01800	0.02413	0.02403	0.01478	0.57532	0.10934	0.04802	0.02058	0.02026	0.01473	0.00966	0.00795	0.00242	0.00844	0.00735	0.00795	0.01338
79	0.01590	0.04102	0.68023	0.02260	0.03432	0.01842	0.02930	0.02511	0.01674	0.02511	0.01423	0.01674	0.01005	0.00753	0.00753	0.00251	0.01172	0.00586	0.00335	0.01172
80	0.02741	0.07959	0.02293	0.01910	0.02328	0.53389	0.01469	0.07466	0.02224	0.02151	0.01351	0.01611	0.01134	0.01294	0.07039	0.00304	0.01415	0.00551	0.00434	0.00938
81	0.01606	0.03996	0.64623	0.02318	0.03470	0.01850	0.06224	0.02513	0.01685	0.02513	0.01433	0.01699	0.01015	0.00749	0.00763	0.00252	0.01181	0.00605	0.00338	0.01166
82	0.01253	0.00840	0.01102	0.01020	0.01230	0.00771	0.00771	0.01624	0.02246	0.06645	0.63350	0.05750	0.07186	0.01587	0.00928	0.00249	0.00390	0.01400	0.00879	0.00780
83	0.01136	0.00839	0.01219	0.01219	0.01342	0.00961	0.00922	0.01381	0.01258	0.01800	0.02175	0.03395	0.02104	0.14867	0.60235	0.01206	0.01941	0.00891	0.00432	0.00677
84	0.01644	0.11013	0.61580	0.02169	0.03291	0.01972	0.02771	0.02497	0.01668	0.02446	0.01391	0.01634	0.01006	0.00746	0.00729	0.00243	0.01139	0.00570	0.00335	0.01156
85	0.03558	0.01350	0.01840	0.01411	0.02024	0.01166	0.01166	0.03865	0.02270	0.67734	0.03128	0.02699	0.01963	0.00981	0.00797	0.00245	0.00675	0.00797	0.00981	0.01350
86	0.03558	0.01350	0.01840	0.01411	0.02024	0.01166	0.01166	0.03865	0.02270	0.67734	0.03128	0.02699	0.01963	0.00981	0.00797	0.00245	0.00675	0.00797	0.00981	0.01350
87	0.00966	0.00690	0.00920	0.01104	0.01150	0.00644	0.00736	0.01104	0.01518	0.02024	0.04371	0.71614	0.05245	0.02484	0.01012	0.00322	0.00460	0.02254	0.00736	0.00644
88	0.01657	0.01622	0.02307	0.06520	0.02238	0.02237	0.01690	0.01866	0.01245	0.01909	0.01177	0.01902	0.01139	0.01817	0.09302	0.00437	0.59018	0.00711	0.00355	0.00852
89	0.01136	0.00839	0.01219	0.01219	0.01342	0.00961	0.00923	0.01381	0.01258	0.01800	0.02174	0.03394	0.02103	0.14844	0.60257	0.01206	0.01942	0.00890	0.00432	0.00677
90	0.01678	0.01652	0.02320	0.02006	0.02019	0.02294	0.01665	0.01862	0.01220	0.01902	0.01143	0.01865	0.01129	0.01816	0.08836	0.00434	0.64243	0.00709	0.00354	0.00852
91	0.01160	0.00827	0.01162	0.01162	0.01280	0.00933	0.00867	0.01395	0.01277	0.01858	0.02225	0.03493	0.02154	0.18011	0.52282	0.01107	0.01754	0.00899	0.05484	0.00667
92	0.02766	0.02105	0.02295	0.01900	0.04875	0.02340	0.01493	0.50102	0.16038	0.04569	0.02152	0.02117	0.01559	0.00967	0.00796	0.00244	0.00826	0.00750	0.00781	0.01326
93	0.01740	0.01406	0.01654	0.01186	0.01886	0.01062	0.00951	0.02090	0.01676	0.05831	0.01495	0.01697	0.01214	0.00607	0.00598	0.00124	0.00592	0.00486	0.00495	0.73210
94	0.01610	0.03987	0.64662	0.02395	0.06739	0.01844	0.02904	0.02507	0.01681	0.02515	0.01427	0.01689	0.01018	0.00751	0.00755	0.00250	0.01160	0.00592	0.00338	0.01176
95	0.01771	0.02844	0.27442	0.02953	0.03888	0.01947	0.42250	0.02530	0.01801	0.02530	0.01539	0.01972	0.01132	0.00699	0.00870	0.00262	0.01278	0.00810	0.00377	0.01106
96	0.01096	0.00790	0.01036	0.01016	0.01179	0.00731	0.00746	0.01431	0.02123	0.02986	0.56281	0.16962	0.07106	0.01766	0.00948	0.00262	0.00389	0.01572	0.00850	0.00731
97	0.01662	0.13309	0.59439	0.02139	0.03244	0.02016	0.02718	0.02493	0.01666	0.02425	0.01380	0.01620	0.01006	0.00743	0.00721	0.00240	0.01128	0.00564	0.00335	0.01151
98	0.02093	0.06391	0.02187	0.02118	0.12813	0.01936	0.01459	0.09837	0.35254	0.06452	0.02753	0.05675	0.02226	0.01086	0.00805	0.00260	0.00721	0.04026	0.00708	0.01202
99	0.02068	0.65012	0.08318	0.01448	0.02130	0.03021	0.01477	0.02363	0.01598	0.01910	0.01121	0.01319	0.01018	0.00714	0.00615	0.00183	0.03876	0.00446	0.00339	0.01021
100	0.05102	0.02203	0.08567	0.05333	0.03949	0.01993	0.53037	0.02488	0.01801	0.02541	0.01543	0.02055	0.01164	0.00709	0.00964	0.00268	0.03959	0.00874	0.00397	0.01053
101	0.04262	0.00845	0.01076	0.01023	0.01223	0.00799	0.00780	0.01538	0.02186	0.03154	0.60838	0.05891	0.07060	0.01615	0.00925	0.00255	0.00402	0.04526	0.00850	0.00752
102	0.01421	0.00959	0.01234	0.01175	0.01364	0.01085	0.00919	0.06593	0.01595	0.02462	0.02214	0.02909	0.01909	0.03704	0.38241	0.00794	0.04303	0.00796	0.25547	0.00776
103	0.01138	0.00734	0.00981	0.01125	0.01208	0.00679	0.00765	0.01287	0.01568	0.06384	0.04288	0.67042	0.05027	0.02385	0.00998	0.00317	0.00474	0.02158	0.00752	0.00691
104	0.01882	0.02109	0.04508	0.03521	0.11544	0.01991	0.57042	0.02528	0.01864	0.02546	0.01591	0.02118	0.01209	0.00673	0.00918	0.00264	0.01291	0.00909	0.00400	0.01091

[dist]
# distance from previous block
# <min> <max>
0	11

[block]
# block no. 2 follows, 24 sequences, length 80
# corresponding to MSA columns:
# 378-457
name=unknown_C
#
# <colnr> <probs for GDERKNQSTAVLIFYWHMCP>
#	G	D	E	R	K	N	Q	S	T	A	V	L	I	F	Y	W	H	M	C	P
0	0.04965	0.49794	0.19955	0.01557	0.02333	0.02666	0.01708	0.02373	0.01641	0.02146	0.03722	0.01554	0.01258	0.00736	0.00586	0.00196	0.00902	0.00504	0.00365	0.01040
1	0.02379	0.02597	0.01989	0.01638	0.02197	0.33301	0.01266	0.07638	0.02099	0.02476	0.01363	0.01564	0.01116	0.00726	0.00664	0.00168	0.01009	0.00509	0.00467	0.34831
2	0.01026	0.00745	0.00986	0.01137	0.01227	0.00687	0.00791	0.01193	0.01550	0.02081	0.04207	0.62973	0.04984	0.02365	0.00998	0.00315	0.00489	0.07030	0.00722	0.04496
3	0.01697	0.01602	0.02628	0.24884	0.28459	0.01730	0.04380	0.02142	0.01663	0.02322	0.01636	0.04918	0.01441	0.00900	0.00943	0.00252	0.06627	0.02997	0.00409	0.08371
4	0.01278	0.00913	0.01278	0.01460	0.01643	0.00913	0.01278	0.01643	0.01825	0.02373	0.04199	0.08945	0.04564	0.02191	0.01095	0.00365	0.00730	0.61847	0.00730	0.00730
5	0.01139	0.00754	0.01015	0.01168	0.01261	0.00707	0.00832	0.01317	0.01598	0.05382	0.04285	0.59606	0.04987	0.02369	0.01013	0.00324	0.00508	0.10299	0.00748	0.00691
6	0.01819	0.33684	0.40444	0.01870	0.02829	0.02401	0.02251	0.02452	0.01647	0.02233	0.01285	0.01501	0.01010	0.00721	0.00648	0.00216	0.01032	0.00516	0.00337	0.01105
7	0.03464	0.01371	0.01837	0.01423	0.02027	0.01213	0.01171	0.03885	0.06036	0.63912	0.03134	0.02714	0.01990	0.00987	0.00798	0.00247	0.00672	0.00803	0.00971	0.01344
8	0.01122	0.00811	0.01060	0.00998	0.01185	0.00748	0.00748	0.01496	0.02245	0.03180	0.66766	0.05923	0.07482	0.01621	0.00935	0.00249	0.00374	0.01434	0.00873	0.00748
9	0.01498	0.01409	0.02378	0.70226	0.05462	0.01762	0.02202	0.02026	0.01586	0.02026	0.01409	0.02114	0.01057	0.00793	0.00793	0.00264	0.01057	0.00705	0.00352	0.00881
10	0.01153	0.00769	0.00865	0.00865	0.00865	0.00769	0.00480	0.01153	0.01153	0.01538	0.02499	0.05189	0.02883	0.72131	0.04036	0.00769	0.00769	0.01153	0.00480	0.00480
11	0.01617	0.00873	0.00887	0.00837	0.01062	0.00894	0.00640	0.07507	0.01849	0.03141	0.02525	0.02861	0.01971	0.00926	0.00576	0.00190	0.00415	0.00737	0.69697	0.00794
12	0.00966	0.00690	0.00920	0.01104	0.01150	0.00644	0.00736	0.01104	0.01518	0.02024	0.04371	0.71614	0.05245	0.02484	0.01012	0.00322	0.00460	0.02254	0.00736	0.00644
13	0.01142	0.00869	0.01088	0.01198	0.01415	0.00816	0.01008	0.01441	0.01818	0.02281	0.05729	0.08421	0.29431	0.02118	0.01032	0.00326	0.00599	0.37829	0.00733	0.00706
14	0.01656	0.12566	0.60132	0.02149	0.03260	0.02002	0.02736	0.02494	0.01666	0.02432	0.01383	0.01625	0.01006	0.00744	0.00723	0.00241	0.01132	0.00566	0.00335	0.01153
15	0.01826	0.01773	0.03104	0.22914	0.44878	0.01860	0.07421	0.02329	0.01750	0.02430	0.01478	0.02019	0.01196	0.00727	0.00800	0.00246	0.01006	0.00725	0.00382	0.01137
16	0.02090	0.05333	0.05952	0.04413	0.04931	0.01986	0.21143	0.06785	0.01832	0.10354	0.01608	0.01974	0.01241	0.00906	0.01251	0.00261	0.18301	0.00745	0.00484	0.08409
17	0.01473	0.00979	0.01209	0.01116	0.01386	0.00939	0.00857	0.02044	0.10074	0.10087	0.40925	0.07904	0.12836	0.01577	0.00912	0.00260	0.00456	0.03249	0.00852	0.00864
18	0.00966	0.00690	0.00920	0.01104	0.01150	0.00644	0.00736	0.01104	0.01518	0.02024	0.04371	0.71614	0.05245	0.02484	0.01012	0.00322	0.00460	0.02254	0.00736	0.00644
19	0.01855	0.02255	0.08437	0.03278	0.04102	0.01996	0.60663	0.02538	0.01860	0.02538	0.01594	0.02111	0.01191	0.00673	0.00925	0.00266	0.01327	0.00915	0.00397	0.01076
20	0.01498	0.01409	0.02378	0.70226	0.05462	0.01762	0.02202	0.02026	0.01586	0.02026	0.01409	0.02114	0.01057	0.00793	0.00793	0.00264	0.01057	0.00705	0.00352	0.00881
21	0.00966	0.00690	0.00920	0.01104	0.01150	0.00644	0.00736	0.01104	0.01518	0.02024	0.04371	0.71614	0.05245	0.02484	0.01012	0.00322	0.00460	0.02254	0.00736	0.00644
