[name]
unknown

[dist]
# distance from previous block
# <min> <max>
0	3

[block]
# block no. 0 follows, 26 sequences, length 21
# corresponding to MSA columns:
# 3-23
name=unknown_A
#
# <colnr> <probs for GDERKNQSTAVLIFYWHMCP>
#	G	D	E	R	K	N	Q	S	T	A	V	L	I	F	Y	W	H	M	C	P
0	0.01222	0.00873	0.01222	0.01397	0.01572	0.00873	0.01222	0.01572	0.01746	0.02270	0.04016	0.08556	0.04365	0.02095	0.01048	0.00349	0.00698	0.63506	0.00698	0.00698
1	0.01651	0.01394	0.01615	0.01160	0.01830	0.01091	0.00931	0.05712	0.01691	0.02608	0.01376	0.01588	0.01133	0.00582	0.00573	0.00119	0.00578	0.00463	0.00468	0.73436
2	0.02676	0.01908	0.02061	0.01624	0.02176	0.02100	0.01327	0.48870	0.12751	0.08504	0.02124	0.02082	0.01520	0.00928	0.00746	0.00229	0.00757	0.00715	0.05659	0.01240
3	0.02083	0.01468	0.01653	0.01418	0.01843	0.01589	0.01119	0.12222	0.34656	0.13273	0.16696	0.03251	0.03131	0.01109	0.00795	0.00246	0.00589	0.00928	0.00808	0.01124
4	0.01703	0.01879	0.05212	0.02284	0.02557	0.05019	0.19612	0.02026	0.01411	0.02022	0.01335	0.05504	0.01249	0.01145	0.01823	0.00300	0.42870	0.00796	0.00368	0.00885
5	0.02028	0.73799	0.03975	0.01298	0.01947	0.03001	0.01298	0.02271	0.01541	0.01785	0.01055	0.01217	0.00973	0.00649	0.00487	0.00162	0.00811	0.00406	0.00324	0.00973
6	0.01318	0.00659	0.00988	0.00988	0.00988	0.00659	0.00659	0.00988	0.00988	0.01318	0.01318	0.02306	0.01318	0.02635	0.02964	0.77931	0.00659	0.00659	0.00329	0.00329
7	0.00917	0.00775	0.00797	0.00808	0.01059	0.00655	0.00617	0.01119	0.01730	0.02063	0.07451	0.07379	0.64245	0.01932	0.00906	0.00262	0.00404	0.05531	0.00704	0.00644
8	0.02782	0.08089	0.02266	0.01912	0.02320	0.66008	0.01455	0.02981	0.02111	0.01852	0.01165	0.01358	0.00977	0.00773	0.00671	0.00193	0.01332	0.00483	0.00387	0.00885
9	0.02602	0.14028	0.04375	0.01866	0.04592	0.38048	0.01472	0.16910	0.02323	0.02567	0.01356	0.01518	0.01085	0.00788	0.00668	0.00199	0.01106	0.00535	0.02964	0.00998
10	0.01573	0.01348	0.01573	0.01123	0.01798	0.01011	0.00899	0.01910	0.01573	0.02472	0.01348	0.01573	0.01123	0.00562	0.00562	0.00112	0.00562	0.00449	0.00449	0.77980
11	0.00932	0.00664	0.00878	0.01046	0.01088	0.00622	0.00693	0.01058	0.01436	0.01915	0.04099	0.69755	0.04914	0.05610	0.01100	0.00328	0.00454	0.02108	0.00693	0.00609
12	0.50515	0.08790	0.01574	0.03804	0.01739	0.01776	0.00982	0.05717	0.04752	0.07403	0.05610	0.01738	0.01412	0.00796	0.00558	0.00229	0.00629	0.00540	0.00533	0.00904
13	0.01165	0.00799	0.01025	0.00954	0.01160	0.00727	0.00721	0.01503	0.02107	0.06026	0.59228	0.05682	0.12914	0.01558	0.00889	0.00240	0.00374	0.01366	0.00827	0.00735
14	0.01046	0.00774	0.00976	0.00926	0.01116	0.00704	0.00694	0.01378	0.02082	0.02888	0.58863	0.05918	0.16601	0.01608	0.00895	0.00241	0.00362	0.01407	0.00815	0.00704
15	0.01683	0.19813	0.43552	0.02132	0.03085	0.02075	0.12835	0.02376	0.01619	0.02263	0.01319	0.01585	0.00995	0.00691	0.00695	0.00225	0.01075	0.00580	0.00332	0.01071
16	0.45876	0.09314	0.13896	0.01291	0.01914	0.01761	0.01273	0.02478	0.01501	0.12612	0.01393	0.01494	0.01016	0.00736	0.00559	0.00228	0.00715	0.00489	0.00496	0.00960
17	0.01244	0.00877	0.01198	0.01373	0.03640	0.00854	0.01095	0.01537	0.01693	0.04347	0.04202	0.14564	0.10667	0.05777	0.01153	0.00348	0.00646	0.43394	0.00684	0.00707
18	0.01103	0.00735	0.00827	0.00827	0.00827	0.00735	0.00460	0.01103	0.01103	0.01471	0.02390	0.04964	0.02758	0.73343	0.03861	0.00735	0.00735	0.01103	0.00460	0.00460
19	0.08006	0.01260	0.01659	0.01295	0.01841	0.01120	0.01064	0.03420	0.02113	0.59594	0.08158	0.02746	0.02238	0.00973	0.00755	0.00235	0.00618	0.00790	0.00901	0.01214
20	0.05777	0.01886	0.07165	0.02169	0.02849	0.04862	0.27632	0.03003	0.01941	0.31647	0.02124	0.02185	0.01435	0.00785	0.00798	0.00242	0.00967	0.00776	0.00627	0.01131

[dist]
# distance from previous block
# <min> <max>
1	4

[block]
# block no. 1 follows, 26 sequences, length 20
# corresponding to MSA columns:
# 28-47
name=unknown_B
#
# <colnr> <probs for GDERKNQSTAVLIFYWHMCP>
#	G	D	E	R	K	N	Q	S	T	A	V	L	I	F	Y	W	H	M	C	P
0	0.02113	0.01672	0.01997	0.04386	0.02230	0.01673	0.04714	0.28875	0.06361	0.03451	0.01823	0.04653	0.01452	0.00834	0.00698	0.00193	0.00722	0.00684	0.04083	0.27387
1	0.06009	0.10621	0.02304	0.05472	0.02373	0.29243	0.01409	0.20402	0.05071	0.07805	0.01557	0.01656	0.01180	0.00820	0.00687	0.00211	0.01019	0.00575	0.00542	0.01043
2	0.02320	0.01748	0.01937	0.01470	0.02089	0.01740	0.01198	0.33633	0.07589	0.06579	0.01785	0.01835	0.01329	0.00785	0.00683	0.00185	0.00702	0.00609	0.00647	0.31136
3	0.36464	0.19635	0.20330	0.01399	0.02092	0.02011	0.01484	0.02340	0.01468	0.05161	0.01210	0.01378	0.00935	0.00704	0.00552	0.00219	0.00788	0.00463	0.00411	0.00957
4	0.01318	0.00659	0.00988	0.00988	0.00988	0.00659	0.00659	0.00988	0.00988	0.01318	0.01318	0.02306	0.01318	0.02635	0.02964	0.77931	0.00659	0.00659	0.00329	0.00329
5	0.01540	0.03794	0.64929	0.02233	0.03330	0.01772	0.07157	0.02404	0.01614	0.02404	0.01373	0.01632	0.00974	0.00715	0.00733	0.00241	0.01132	0.00584	0.00325	0.01114
6	0.02565	0.01570	0.05079	0.06126	0.19437	0.01412	0.05323	0.03032	0.04886	0.36026	0.02398	0.05069	0.01719	0.00895	0.00774	0.00239	0.00778	0.00794	0.00686	0.01190
7	0.01892	0.01896	0.06993	0.06817	0.60103	0.01772	0.02307	0.02365	0.01727	0.04736	0.01474	0.01890	0.01203	0.00691	0.00750	0.00227	0.00910	0.00672	0.00390	0.01187
8	0.01854	0.00950	0.01254	0.01078	0.01400	0.00847	0.00844	0.02181	0.02133	0.25399	0.42832	0.04708	0.08666	0.01363	0.00850	0.00238	0.00457	0.01178	0.00863	0.00907
9	0.01042	0.00751	0.00986	0.00976	0.01126	0.00695	0.00713	0.01352	0.02001	0.02809	0.54716	0.19825	0.06706	0.01725	0.00910	0.00253	0.00375	0.01537	0.00807	0.00695
10	0.06247	0.15518	0.54310	0.01947	0.02949	0.01966	0.02431	0.02370	0.01573	0.02359	0.01291	0.01515	0.00955	0.00708	0.00666	0.00227	0.01037	0.00525	0.00330	0.01078
11	0.01095	0.00768	0.00992	0.00992	0.01048	0.00825	0.00664	0.01208	0.01152	0.01592	0.02240	0.04132	0.02396	0.44979	0.31731	0.00938	0.01279	0.00981	0.00437	0.00551
12	0.01103	0.00735	0.00827	0.00827	0.00827	0.00735	0.00460	0.01103	0.01103	0.01471	0.02390	0.04964	0.02758	0.73343	0.03861	0.00735	0.00735	0.01103	0.00460	0.00460
13	0.01815	0.01756	0.03047	0.13269	0.56994	0.01793	0.05621	0.02283	0.01703	0.02405	0.01422	0.01905	0.01174	0.00685	0.00759	0.00230	0.00935	0.00687	0.00371	0.01146
14	0.10598	0.22646	0.40233	0.01782	0.02661	0.05676	0.02095	0.02379	0.01578	0.02321	0.01233	0.01442	0.00949	0.00702	0.00626	0.00216	0.00988	0.00497	0.00342	0.01034
15	0.01772	0.01809	0.03345	0.12013	0.33010	0.01882	0.22518	0.02258	0.01660	0.02326	0.01405	0.01925	0.01140	0.00745	0.00987	0.00250	0.08782	0.00744	0.00369	0.01060
16	0.00924	0.00660	0.00880	0.01056	0.01100	0.00616	0.00704	0.01056	0.01452	0.01936	0.04181	0.72848	0.05017	0.02376	0.00968	0.00308	0.00440	0.02156	0.00704	0.00616
17	0.01919	0.01868	0.02945	0.04324	0.61151	0.04763	0.02213	0.02476	0.06269	0.02499	0.01530	0.01921	0.01269	0.00705	0.00749	0.00226	0.00900	0.00680	0.00403	0.01188
18	0.01486	0.10416	0.45686	0.01928	0.05343	0.01668	0.02192	0.02162	0.01674	0.02411	0.11569	0.06291	0.02139	0.00932	0.00738	0.00235	0.00926	0.00763	0.00423	0.01019
19	0.02144	0.16170	0.03098	0.03238	0.35170	0.19404	0.05624	0.02501	0.01802	0.02184	0.01297	0.01631	0.01098	0.00695	0.00691	0.00207	0.01024	0.00589	0.00370	0.01065

[dist]
# distance from previous block
# <min> <max>
0	1

[block]
# block no. 2 follows, 26 sequences, length 65
# corresponding to MSA columns:
# 49-113
name=unknown_C
#
# <colnr> <probs for GDERKNQSTAVLIFYWHMCP>
#	G	D	E	R	K	N	Q	S	T	A	V	L	I	F	Y	W	H	M	C	P
0	0.03065	0.01317	0.01720	0.01354	0.01896	0.01206	0.01106	0.06028	0.08336	0.55434	0.07848	0.02806	0.02292	0.00992	0.00773	0.00237	0.00627	0.00814	0.00908	0.01239
1	0.01913	0.01632	0.02903	0.02246	0.02650	0.01768	0.26453	0.02285	0.01600	0.13160	0.01851	0.08256	0.01586	0.01242	0.03847	0.00315	0.23944	0.00906	0.00487	0.00957
2	0.02379	0.01856	0.01919	0.01611	0.02108	0.05353	0.01283	0.23664	0.38254	0.09234	0.02582	0.02416	0.01886	0.00971	0.00763	0.00243	0.00717	0.00776	0.00763	0.01221
3	0.01525	0.00894	0.01201	0.03294	0.01357	0.00927	0.00831	0.05963	0.06786	0.05082	0.01968	0.11849	0.01915	0.02207	0.02185	0.49439	0.00647	0.00885	0.00476	0.00570
4	0.01061	0.00775	0.00996	0.00941	0.01125	0.00710	0.00705	0.01406	0.02116	0.02969	0.63771	0.05786	0.11643	0.01578	0.00895	0.00240	0.00360	0.01389	0.00825	0.00710
5	0.01573	0.01348	0.01573	0.01123	0.01798	0.01011	0.00899	0.01910	0.01573	0.02472	0.01348	0.01573	0.01123	0.00562	0.00562	0.00112	0.00562	0.00449	0.00449	0.77980
6	0.02883	0.02125	0.02276	0.01745	0.02352	0.02352	0.01442	0.66082	0.03566	0.04780	0.01821	0.01821	0.01290	0.00911	0.00759	0.00228	0.00835	0.00683	0.00759	0.01290
7	0.00937	0.00669	0.00895	0.01071	0.01121	0.00627	0.00727	0.01079	0.01465	0.01951	0.04173	0.70009	0.04988	0.02364	0.00972	0.00310	0.00451	0.04865	0.00704	0.00620
8	0.02833	0.03615	0.02149	0.01954	0.02345	0.70298	0.01466	0.03029	0.02149	0.01856	0.01172	0.01368	0.00977	0.00782	0.00684	0.00195	0.01368	0.00489	0.00391	0.00879
9	0.02028	0.73799	0.03975	0.01298	0.01947	0.03001	0.01298	0.02271	0.01541	0.01785	0.01055	0.01217	0.00973	0.00649	0.00487	0.00162	0.00811	0.00406	0.00324	0.00973
10	0.01051	0.00774	0.00982	0.00930	0.01119	0.00706	0.00698	0.01388	0.02094	0.02915	0.60466	0.05875	0.14982	0.01598	0.00895	0.00241	0.00361	0.01401	0.00818	0.00706
11	0.01573	0.01348	0.01573	0.01123	0.01798	0.01011	0.00899	0.01910	0.01573	0.02472	0.01348	0.01573	0.01123	0.00562	0.00562	0.00112	0.00562	0.00449	0.00449	0.77980
12	0.00946	0.00676	0.00902	0.01061	0.01119	0.00632	0.00723	0.01102	0.01513	0.02028	0.08791	0.65712	0.05148	0.02307	0.00966	0.00305	0.00443	0.04287	0.00713	0.00626
13	0.01628	0.01614	0.02264	0.01950	0.01957	0.02249	0.01621	0.01800	0.01165	0.01822	0.01052	0.01731	0.01044	0.01563	0.06146	0.00380	0.68186	0.00672	0.00336	0.00822
14	0.01084	0.00813	0.01219	0.01219	0.01354	0.00948	0.00948	0.01354	0.01219	0.01761	0.02032	0.02980	0.01896	0.05689	0.70337	0.01219	0.02032	0.00813	0.00406	0.00677
15	0.00936	0.00669	0.00894	0.01070	0.01120	0.00627	0.00725	0.01077	0.01464	0.01950	0.04174	0.70207	0.04990	0.02365	0.00971	0.00310	0.00451	0.04677	0.00704	0.00619
16	0.01877	0.01802	0.03079	0.04656	0.68612	0.01802	0.02328	0.02328	0.01727	0.02478	0.01427	0.01877	0.01201	0.00676	0.00751	0.00225	0.00901	0.00676	0.00375	0.01201
17	0.01670	0.01367	0.01591	0.01164	0.01816	0.01081	0.00930	0.02141	0.06515	0.05219	0.01545	0.01708	0.01243	0.00612	0.00586	0.00128	0.00568	0.00493	0.00493	0.69130
18	0.02770	0.09389	0.02312	0.01883	0.02312	0.59566	0.01450	0.07687	0.02205	0.02069	0.01211	0.01389	0.01000	0.00780	0.00673	0.00195	0.01281	0.00496	0.00413	0.00918
19	0.06353	0.02094	0.02223	0.01711	0.02312	0.02322	0.01413	0.63160	0.03462	0.04717	0.01786	0.01794	0.01268	0.00901	0.00746	0.00228	0.00823	0.00670	0.00746	0.01268
20	0.00924	0.00660	0.00880	0.01056	0.01100	0.00616	0.00704	0.01056	0.01452	0.01936	0.04181	0.72848	0.05017	0.02376	0.00968	0.00308	0.00440	0.02156	0.00704	0.00616
21	0.01074	0.00775	0.01014	0.00954	0.01133	0.00716	0.00716	0.01431	0.02147	0.03042	0.68211	0.05666	0.07157	0.01551	0.00895	0.00239	0.00358	0.01372	0.00835	0.00716
22	0.01877	0.01802	0.03079	0.04656	0.68612	0.01802	0.02328	0.02328	0.01727	0.02478	0.01427	0.01877	0.01201	0.00676	0.00751	0.00225	0.00901	0.00676	0.00375	0.01201
23	0.01103	0.00735	0.00827	0.00827	0.00827	0.00735	0.00460	0.01103	0.01103	0.01471	0.02390	0.04964	0.02758	0.73343	0.03861	0.00735	0.00735	0.01103	0.00460	0.00460
24	0.01432	0.01348	0.02275	0.71520	0.05224	0.01685	0.02107	0.01938	0.01517	0.01938	0.01348	0.02022	0.01011	0.00758	0.00758	0.00253	0.01011	0.00674	0.00337	0.00843
25	0.01414	0.00707	0.00707	0.00707	0.00884	0.00707	0.00530	0.01767	0.01591	0.02828	0.02474	0.02828	0.01944	0.00884	0.00530	0.00177	0.00353	0.00707	0.77554	0.00707
26	0.01042	0.00737	0.00977	0.01127	0.01204	0.00713	0.00827	0.01221	0.01491	0.01970	0.03865	0.43055	0.04482	0.12806	0.01421	0.00384	0.00563	0.20831	0.00666	0.00618
27	0.00967	0.00771	0.00866	0.00842	0.01068	0.00670	0.00631	0.01224	0.01894	0.02442	0.31645	0.06653	0.44097	0.01774	0.00896	0.00249	0.00374	0.01510	0.00756	0.00670
28	0.01790	0.02046	0.04476	0.03197	0.03964	0.01918	0.65857	0.02430	0.01790	0.02430	0.01535	0.02046	0.01151	0.00639	0.00895	0.00256	0.01279	0.00895	0.00384	0.01023
29	0.02028	0.73799	0.03975	0.01298	0.01947	0.03001	0.01298	0.02271	0.01541	0.01785	0.01055	0.01217	0.00973	0.00649	0.00487	0.00162	0.00811	0.00406	0.00324	0.00973
30	0.01222	0.00873	0.01222	0.01397	0.01572	0.00873	0.01222	0.01572	0.01746	0.02270	0.04016	0.08556	0.04365	0.02095	0.01048	0.00349	0.00698	0.63506	0.00698	0.00698
31	0.01102	0.00740	0.00853	0.00853	0.00862	0.00749	0.00492	0.01120	0.01111	0.01490	0.02366	0.04834	0.02701	0.68905	0.08221	0.00767	0.00820	0.01084	0.00456	0.00474
32	0.02028	0.73799	0.03975	0.01298	0.01947	0.03001	0.01298	0.02271	0.01541	0.01785	0.01055	0.01217	0.00973	0.00649	0.00487	0.00162	0.00811	0.00406	0.00324	0.00973
33	0.01573	0.01348	0.01573	0.01123	0.01798	0.01011	0.00899	0.01910	0.01573	0.02472	0.01348	0.01573	0.01123	0.00562	0.00562	0.00112	0.00562	0.00449	0.00449	0.77980
34	0.01521	0.03923	0.69413	0.02162	0.03283	0.01762	0.02802	0.02402	0.01601	0.02402	0.01361	0.01601	0.00961	0.00721	0.00721	0.00240	0.01121	0.00560	0.00320	0.01121
35	0.01103	0.00735	0.00827	0.00827	0.00827	0.00735	0.00460	0.01103	0.01103	0.01471	0.02390	0.04964	0.02758	0.73343	0.03861	0.00735	0.00735	0.01103	0.00460	0.00460
36	0.01088	0.00793	0.01122	0.01122	0.01223	0.00895	0.00827	0.01292	0.01190	0.01689	0.02121	0.03474	0.02111	0.22527	0.53792	0.01099	0.01709	0.00885	0.00420	0.00623
37	0.01211	0.00866	0.01207	0.01364	0.01539	0.00861	0.01184	0.01561	0.01776	0.02328	0.08824	0.08340	0.04574	0.02055	0.01036	0.00341	0.00673	0.58853	0.00709	0.00700
38	0.78701	0.01467	0.01115	0.00997	0.01467	0.01702	0.00821	0.02230	0.01291	0.03403	0.01056	0.01232	0.00821	0.00704	0.00469	0.00235	0.00587	0.00411	0.00469	0.00821
39	0.01370	0.00873	0.01130	0.01026	0.01262	0.00816	0.00783	0.01807	0.05285	0.10346	0.57874	0.05189	0.06341	0.01458	0.00874	0.00239	0.00401	0.01280	0.00843	0.00803
40	0.01084	0.00813	0.01219	0.01219	0.01354	0.00948	0.00948	0.01354	0.01219	0.01761	0.02032	0.02980	0.01896	0.05689	0.70337	0.01219	0.02032	0.00813	0.00406	0.00677
41	0.01521	0.03923	0.69413	0.02162	0.03283	0.01762	0.02802	0.02402	0.01601	0.02402	0.01361	0.01601	0.00961	0.00721	0.00721	0.00240	0.01121	0.00560	0.00320	0.01121
42	0.02033	0.01561	0.01701	0.01516	0.01952	0.01758	0.01192	0.03895	0.57212	0.10670	0.03113	0.03029	0.02347	0.01061	0.00782	0.00258	0.00609	0.03332	0.00788	0.01191
43	0.01479	0.01098	0.01174	0.01069	0.01324	0.07262	0.00813	0.01794	0.02098	0.10271	0.46993	0.05120	0.13640	0.01456	0.00860	0.00236	0.00488	0.01249	0.00789	0.00787
44	0.07770	0.68382	0.03761	0.01275	0.01911	0.02904	0.01262	0.02268	0.01522	0.01906	0.01055	0.01218	0.00962	0.00653	0.00485	0.00168	0.00794	0.00406	0.00335	0.00962
45	0.04616	0.01315	0.01523	0.01156	0.01742	0.01073	0.00914	0.05543	0.01688	0.05520	0.01763	0.09847	0.01604	0.00813	0.00625	0.00152	0.00568	0.00672	0.00519	0.58348
46	0.02704	0.01853	0.02049	0.01606	0.02168	0.01996	0.01313	0.44250	0.11227	0.13637	0.05418	0.02239	0.01788	0.00951	0.00762	0.00229	0.00746	0.00743	0.00781	0.03541
47	0.02090	0.01721	0.01832	0.01558	0.02046	0.01927	0.01233	0.17995	0.47830	0.03486	0.02669	0.02506	0.01993	0.00967	0.00753	0.00240	0.00651	0.00787	0.00745	0.06971
48	0.02114	0.02530	0.07943	0.03353	0.32149	0.22195	0.11234	0.02537	0.01831	0.02256	0.01345	0.01721	0.01102	0.00730	0.00816	0.00226	0.03841	0.00643	0.00375	0.01060
49	0.03074	0.01717	0.05280	0.01532	0.02145	0.01597	0.01313	0.24816	0.05193	0.41385	0.02518	0.02285	0.01650	0.00922	0.00760	0.00233	0.00731	0.00729	0.00841	0.01279
50	0.01878	0.01836	0.02975	0.10156	0.60672	0.04505	0.02275	0.02323	0.01726	0.02408	0.01410	0.01869	0.01177	0.00687	0.00749	0.00226	0.00929	0.00668	0.00373	0.01159
51	0.01367	0.01105	0.01535	0.01361	0.01653	0.01113	0.06997	0.04242	0.13434	0.02951	0.38606	0.05138	0.05126	0.01435	0.00892	0.00260	0.00554	0.10627	0.00758	0.00846
52	0.01032	0.00741	0.00960	0.01080	0.01164	0.00709	0.00741	0.04223	0.01619	0.02177	0.10058	0.63141	0.05037	0.02228	0.00951	0.00298	0.00451	0.02012	0.00719	0.00658
53	0.01593	0.01526	0.02603	0.45655	0.24963	0.01753	0.04307	0.02073	0.01579	0.02120	0.01366	0.01964	0.01075	0.00749	0.00825	0.00247	0.03609	0.00682	0.00350	0.00961
54	0.01410	0.00763	0.00794	0.00785	0.00954	0.00769	0.00574	0.04258	0.01619	0.02725	0.02569	0.08212	0.02217	0.07140	0.00855	0.00236	0.00412	0.00848	0.62158	0.00703
55	0.78701	0.01467	0.01115	0.00997	0.01467	0.01702	0.00821	0.02230	0.01291	0.03403	0.01056	0.01232	0.00821	0.00704	0.00469	0.00235	0.00587	0.00411	0.00469	0.00821
56	0.01836	0.01760	0.03003	0.10936	0.62658	0.01791	0.02307	0.02291	0.01707	0.02427	0.01419	0.01891	0.01184	0.00684	0.00752	0.00228	0.00911	0.00676	0.00372	0.01168
57	0.01084	0.00813	0.01219	0.01219	0.01354	0.00948	0.00948	0.01354	0.01219	0.01761	0.02032	0.02980	0.01896	0.05689	0.70337	0.01219	0.02032	0.00813	0.00406	0.00677
58	0.01784	0.01707	0.02911	0.18608	0.55384	0.01778	0.02282	0.02246	0.01683	0.02365	0.01410	0.01908	0.01162	0.00693	0.00752	0.00231	0.00924	0.00675	0.00367	0.01127
59	0.02028	0.73799	0.03975	0.01298	0.01947	0.03001	0.01298	0.02271	0.01541	0.01785	0.01055	0.01217	0.00973	0.00649	0.00487	0.00162	0.00811	0.00406	0.00324	0.00973
60	0.01066	0.00782	0.01004	0.00968	0.01155	0.00720	0.00739	0.01406	0.02074	0.02881	0.57147	0.06051	0.13268	0.01630	0.00906	0.00249	0.00386	0.06049	0.00811	0.00707
61	0.02109	0.01542	0.01702	0.01506	0.01950	0.01718	0.01187	0.03874	0.53820	0.14014	0.03110	0.03024	0.02327	0.01058	0.00782	0.00257	0.00612	0.03416	0.00796	0.01195
62	0.01600	0.17866	0.52511	0.01922	0.02897	0.01956	0.02386	0.02323	0.01619	0.02312	0.04902	0.01743	0.01297	0.00751	0.00683	0.00224	0.01017	0.00573	0.00349	0.01069
63	0.05718	0.00896	0.00896	0.00835	0.01064	0.00932	0.00637	0.08410	0.01757	0.03001	0.02327	0.02732	0.01852	0.04076	0.00698	0.00210	0.00433	0.00706	0.62059	0.00762
64	0.66776	0.01615	0.06251	0.01103	0.01612	0.01642	0.00979	0.02269	0.01360	0.06285	0.01276	0.03807	0.01026	0.00774	0.00519	0.00238	0.00624	0.00499	0.00488	0.00858

[dist]
# distance from previous block
# <min> <max>
0	4

[block]
# block no. 3 follows, 26 sequences, length 34
# corresponding to MSA columns:
# 118-151
name=unknown_D
#
# <colnr> <probs for GDERKNQSTAVLIFYWHMCP>
#	G	D	E	R	K	N	Q	S	T	A	V	L	I	F	Y	W	H	M	C	P
0	0.01059	0.00775	0.00993	0.00939	0.01124	0.00709	0.00704	0.01402	0.02112	0.02958	0.63109	0.05804	0.12311	0.01582	0.00895	0.00240	0.00360	0.01391	0.00824	0.00709
1	0.01983	0.67658	0.09726	0.01374	0.02064	0.02892	0.01430	0.02283	0.01546	0.01839	0.01081	0.01251	0.00972	0.00655	0.00507	0.00169	0.00838	0.00419	0.00324	0.00986
2	0.01038	0.00711	0.00855	0.00914	0.00939	0.00692	0.00558	0.01102	0.01276	0.01710	0.06155	0.29062	0.03768	0.44772	0.02694	0.00560	0.00613	0.01489	0.00564	0.00527
3	0.02836	0.03537	0.02156	0.01943	0.02345	0.66751	0.01464	0.06320	0.02223	0.02009	0.01206	0.01392	0.00993	0.00788	0.00688	0.00197	0.01340	0.00499	0.00410	0.00901
4	0.02760	0.02030	0.02187	0.01699	0.02268	0.02248	0.01392	0.60005	0.06403	0.04536	0.01855	0.01892	0.01339	0.01001	0.00867	0.04037	0.00815	0.00690	0.00738	0.01239
5	0.01720	0.01756	0.05557	0.36717	0.26225	0.04641	0.02116	0.04479	0.05120	0.02302	0.01475	0.01962	0.01150	0.00749	0.00752	0.00240	0.00966	0.00672	0.00389	0.01013
6	0.02669	0.03246	0.02241	0.02154	0.07404	0.56272	0.01546	0.05969	0.02107	0.02045	0.01210	0.01453	0.01011	0.00824	0.00837	0.00210	0.06953	0.00526	0.00403	0.00920
7	0.02082	0.01520	0.01634	0.01429	0.01853	0.04068	0.01129	0.08411	0.35989	0.13994	0.08507	0.03464	0.07748	0.01151	0.00797	0.00251	0.00622	0.03464	0.00781	0.01108
8	0.01074	0.00775	0.01014	0.00954	0.01133	0.00716	0.00716	0.01431	0.02147	0.03042	0.68211	0.05666	0.07157	0.01551	0.00895	0.00239	0.00358	0.01372	0.00835	0.00716
9	0.01887	0.01629	0.01715	0.01544	0.01972	0.01887	0.01201	0.04031	0.67241	0.03173	0.03087	0.02830	0.02315	0.01029	0.00772	0.00257	0.00600	0.00858	0.00772	0.01201
10	0.02854	0.01451	0.01793	0.01445	0.01957	0.01421	0.01185	0.21919	0.02490	0.38626	0.02830	0.09051	0.02179	0.01150	0.00803	0.00248	0.00688	0.05882	0.00845	0.01183
11	0.01521	0.03923	0.69413	0.02162	0.03283	0.01762	0.02802	0.02402	0.01601	0.02402	0.01361	0.01601	0.00961	0.00721	0.00721	0.00240	0.01121	0.00560	0.00320	0.01121
12	0.01432	0.01348	0.02275	0.71520	0.05224	0.01685	0.02107	0.01938	0.01517	0.01938	0.01348	0.02022	0.01011	0.00758	0.00758	0.00253	0.01011	0.00674	0.00337	0.00843
13	0.01790	0.02046	0.04476	0.03197	0.03964	0.01918	0.65857	0.02430	0.01790	0.02430	0.01535	0.02046	0.01151	0.00639	0.00895	0.00256	0.01279	0.00895	0.00384	0.01023
14	0.01966	0.01669	0.01760	0.01560	0.02003	0.01924	0.01220	0.08995	0.62147	0.03302	0.02986	0.02749	0.02233	0.01020	0.00771	0.00255	0.00619	0.00844	0.00771	0.01208
15	0.01103	0.00735	0.00827	0.00827	0.00827	0.00735	0.00460	0.01103	0.01103	0.01471	0.02390	0.04964	0.02758	0.73343	0.03861	0.00735	0.00735	0.01103	0.00460	0.00460
16	0.01084	0.00813	0.01219	0.01219	0.01354	0.00948	0.00948	0.01354	0.01219	0.01761	0.02032	0.02980	0.01896	0.05689	0.70337	0.01219	0.02032	0.00813	0.00406	0.00677
17	0.01414	0.00707	0.00707	0.00707	0.00884	0.00707	0.00530	0.01767	0.01591	0.02828	0.02474	0.02828	0.01944	0.00884	0.00530	0.00177	0.00353	0.00707	0.77554	0.00707
18	0.01085	0.00783	0.01031	0.00990	0.01168	0.00728	0.00756	0.01443	0.02115	0.02980	0.63076	0.05897	0.06934	0.01594	0.00907	0.00247	0.00385	0.06343	0.00824	0.00714
19	0.01573	0.01348	0.01573	0.01123	0.01798	0.01011	0.00899	0.01910	0.01573	0.02472	0.01348	0.01573	0.01123	0.00562	0.00562	0.00112	0.00562	0.00449	0.00449	0.77980
20	0.00912	0.00769	0.00790	0.00785	0.01034	0.00647	0.00589	0.01119	0.01766	0.02138	0.13120	0.07153	0.62812	0.01888	0.00896	0.00255	0.00382	0.01580	0.00716	0.00647
21	0.01573	0.01348	0.01573	0.01123	0.01798	0.01011	0.00899	0.01910	0.01573	0.02472	0.01348	0.01573	0.01123	0.00562	0.00562	0.00112	0.00562	0.00449	0.00449	0.77980
22	0.78701	0.01467	0.01115	0.00997	0.01467	0.01702	0.00821	0.02230	0.01291	0.03403	0.01056	0.01232	0.00821	0.00704	0.00469	0.00235	0.00587	0.00411	0.00469	0.00821
23	0.01521	0.03923	0.69413	0.02162	0.03283	0.01762	0.02802	0.02402	0.01601	0.02402	0.01361	0.01601	0.00961	0.00721	0.00721	0.00240	0.01121	0.00560	0.00320	0.01121
24	0.02812	0.02876	0.02185	0.01845	0.02331	0.37621	0.01443	0.30535	0.05702	0.03189	0.01541	0.01631	0.01174	0.00849	0.00720	0.00212	0.01101	0.00590	0.00568	0.01073
25	0.01930	0.01742	0.02650	0.01954	0.02605	0.03650	0.23115	0.10482	0.05775	0.06029	0.01934	0.02140	0.04285	0.00746	0.00741	0.00199	0.00864	0.00723	0.00519	0.27917
26	0.01318	0.00659	0.00988	0.00988	0.00988	0.00659	0.00659	0.00988	0.00988	0.01318	0.01318	0.02306	0.01318	0.02635	0.02964	0.77931	0.00659	0.00659	0.00329	0.00329
27	0.01553	0.00882	0.01168	0.01036	0.01299	0.00798	0.00798	0.01898	0.02152	0.16656	0.54778	0.05031	0.06070	0.01425	0.00867	0.00238	0.00417	0.01246	0.00856	0.00834
28	0.01877	0.01802	0.03079	0.04656	0.68612	0.01802	0.02328	0.02328	0.01727	0.02478	0.01427	0.01877	0.01201	0.00676	0.00751	0.00225	0.00901	0.00676	0.00375	0.01201
29	0.01695	0.27820	0.47034	0.01866	0.02826	0.02186	0.02288	0.02357	0.01581	0.02191	0.01256	0.01470	0.00965	0.00696	0.00641	0.00214	0.01015	0.00508	0.00322	0.01071
30	0.18564	0.01680	0.01724	0.07637	0.02159	0.03996	0.01218	0.28155	0.08059	0.03638	0.01882	0.02195	0.01457	0.00904	0.00677	0.00231	0.00724	0.03194	0.10878	0.01028
31	0.01087	0.00799	0.01152	0.01152	0.01264	0.00912	0.00865	0.01311	0.01199	0.01711	0.02093	0.03319	0.02044	0.17268	0.58960	0.01136	0.01810	0.00862	0.00415	0.00640
32	0.05847	0.01327	0.01724	0.01346	0.01903	0.01209	0.01105	0.06456	0.05154	0.57696	0.05976	0.02657	0.02084	0.00962	0.00759	0.00236	0.00636	0.00780	0.00901	0.01243
33	0.22047	0.04275	0.08070	0.07131	0.02031	0.03612	0.01200	0.09380	0.01825	0.12733	0.01816	0.01976	0.01332	0.00810	0.00614	0.00218	0.00687	0.00601	0.18688	0.00953

[dist]
# distance from previous block
# <min> <max>
0	34

[block]
# block no. 4 follows, 26 sequences, length 24
# corresponding to MSA columns:
# 186-209
name=unknown_E
#
# <colnr> <probs for GDERKNQSTAVLIFYWHMCP>
#	G	D	E	R	K	N	Q	S	T	A	V	L	I	F	Y	W	H	M	C	P
0	0.06491	0.01846	0.04875	0.01553	0.02091	0.01899	0.01309	0.40422	0.06669	0.10571	0.02124	0.05675	0.01625	0.01131	0.03010	0.00264	0.00789	0.00763	0.05733	0.01160
1	0.02873	0.02432	0.02250	0.01788	0.02351	0.16381	0.01447	0.53064	0.03274	0.04177	0.01687	0.01728	0.01225	0.00884	0.00743	0.00221	0.00945	0.00643	0.00683	0.01205
2	0.01778	0.02007	0.04314	0.03081	0.03843	0.01868	0.62230	0.02401	0.01778	0.02432	0.01524	0.02020	0.01149	0.00635	0.00877	0.00248	0.01239	0.00870	0.00387	0.05319
3	0.09644	0.01327	0.01687	0.01323	0.01874	0.01224	0.01086	0.06112	0.04442	0.55067	0.06137	0.02602	0.02049	0.00952	0.00745	0.00235	0.00632	0.00764	0.00880	0.01218
4	0.01458	0.01398	0.02433	0.66604	0.05133	0.01702	0.06693	0.01973	0.01536	0.01973	0.01362	0.02024	0.01021	0.00750	0.00768	0.00253	0.01030	0.00690	0.00340	0.00856
5	0.01224	0.00855	0.01198	0.01069	0.01294	0.00787	0.03469	0.01591	0.02133	0.06442	0.62033	0.05354	0.06631	0.01481	0.00888	0.00239	0.00411	0.01320	0.00821	0.00758
6	0.01141	0.00848	0.01049	0.01015	0.01205	0.00811	0.00752	0.04278	0.04795	0.02812	0.44145	0.18401	0.12476	0.01696	0.00898	0.00254	0.00408	0.01493	0.00791	0.00735
7	0.01659	0.01345	0.01582	0.01134	0.01804	0.01016	0.00909	0.01994	0.01601	0.05602	0.01425	0.01620	0.01159	0.00579	0.00571	0.00118	0.00566	0.00464	0.00472	0.74379
8	0.02883	0.02125	0.02276	0.01745	0.02352	0.02352	0.01442	0.66082	0.03566	0.04780	0.01821	0.01821	0.01290	0.00911	0.00759	0.00228	0.00835	0.00683	0.00759	0.01290
9	0.01887	0.01629	0.01715	0.01544	0.01972	0.01887	0.01201	0.04031	0.67241	0.03173	0.03087	0.02830	0.02315	0.01029	0.00772	0.00257	0.00600	0.00858	0.00772	0.01201
10	0.02883	0.02125	0.02276	0.01745	0.02352	0.02352	0.01442	0.66082	0.03566	0.04780	0.01821	0.01821	0.01290	0.00911	0.00759	0.00228	0.00835	0.00683	0.00759	0.01290
11	0.01084	0.00813	0.01219	0.01219	0.01354	0.00948	0.00948	0.01354	0.01219	0.01761	0.02032	0.02980	0.01896	0.05689	0.70337	0.01219	0.02032	0.00813	0.00406	0.00677
12	0.01806	0.01103	0.01350	0.01183	0.01521	0.01092	0.00922	0.02580	0.18052	0.18354	0.35042	0.04316	0.06908	0.01294	0.00834	0.00243	0.00485	0.01113	0.00839	0.00965
13	0.01573	0.01348	0.01573	0.01123	0.01798	0.01011	0.00899	0.01910	0.01573	0.02472	0.01348	0.01573	0.01123	0.00562	0.00562	0.00112	0.00562	0.00449	0.00449	0.77980
14	0.02541	0.02319	0.02166	0.01769	0.02266	0.20200	0.05527	0.31787	0.09997	0.03474	0.01836	0.01928	0.01378	0.00869	0.00726	0.00219	0.00931	0.00667	0.08302	0.01095
15	0.01432	0.01348	0.02275	0.71520	0.05224	0.01685	0.02107	0.01938	0.01517	0.01938	0.01348	0.02022	0.01011	0.00758	0.00758	0.00253	0.01011	0.00674	0.00337	0.00843
16	0.01740	0.01898	0.03653	0.02736	0.03210	0.02073	0.41326	0.02199	0.01550	0.02199	0.01329	0.01898	0.01092	0.00902	0.01504	0.00285	0.28285	0.00807	0.00364	0.00949
17	0.01877	0.01802	0.03079	0.04656	0.68612	0.01802	0.02328	0.02328	0.01727	0.02478	0.01427	0.01877	0.01201	0.00676	0.00751	0.00225	0.00901	0.00676	0.00375	0.01201
18	0.01432	0.01348	0.02275	0.71520	0.05224	0.01685	0.02107	0.01938	0.01517	0.01938	0.01348	0.02022	0.01011	0.00758	0.00758	0.00253	0.01011	0.00674	0.00337	0.00843
19	0.02883	0.02125	0.02276	0.01745	0.02352	0.02352	0.01442	0.66082	0.03566	0.04780	0.01821	0.01821	0.01290	0.00911	0.00759	0.00228	0.00835	0.00683	0.00759	0.01290
20	0.01121	0.00868	0.01291	0.01269	0.01396	0.01038	0.00994	0.01385	0.01215	0.01765	0.01964	0.02894	0.01838	0.05405	0.65916	0.01161	0.06588	0.00803	0.00401	0.00687
21	0.01558	0.08951	0.64705	0.02100	0.03187	0.01851	0.02694	0.02393	0.01597	0.02358	0.01339	0.01574	0.00962	0.00715	0.00704	0.00235	0.01099	0.00549	0.00321	0.01110
22	0.01546	0.07356	0.66199	0.02119	0.03217	0.01822	0.02729	0.02396	0.01598	0.02372	0.01346	0.01583	0.00961	0.00717	0.00709	0.00236	0.01106	0.00553	0.00320	0.01114
23	0.01984	0.67747	0.09643	0.01373	0.02063	0.02894	0.01428	0.02283	0.01546	0.01838	0.01081	0.01250	0.00972	0.00655	0.00507	0.00169	0.00838	0.00419	0.00324	0.00986

[dist]
# distance from previous block
# <min> <max>
15	26

[block]
# block no. 5 follows, 26 sequences, length 19
# corresponding to MSA columns:
# 237-255
name=unknown_F
#
# <colnr> <probs for GDERKNQSTAVLIFYWHMCP>
#	G	D	E	R	K	N	Q	S	T	A	V	L	I	F	Y	W	H	M	C	P
0	0.02083	0.01702	0.02605	0.02023	0.02510	0.01801	0.19154	0.15776	0.07356	0.10162	0.02235	0.04784	0.04242	0.01046	0.01093	0.00260	0.12248	0.04038	0.00587	0.04295
1	0.01548	0.01632	0.05633	0.01929	0.02076	0.01941	0.08521	0.01786	0.01262	0.01884	0.01416	0.05415	0.01427	0.09345	0.05099	0.00399	0.46700	0.00807	0.00371	0.00809
2	0.40034	0.01403	0.01424	0.12736	0.02142	0.01582	0.01079	0.08072	0.03885	0.05207	0.01504	0.01739	0.01142	0.00767	0.00576	0.00224	0.00650	0.00546	0.10553	0.04734
3	0.02587	0.02958	0.02128	0.01879	0.02258	0.45532	0.01449	0.10813	0.10707	0.02386	0.01483	0.01647	0.01192	0.00890	0.00903	0.00222	0.08940	0.00580	0.00479	0.00967
4	0.57351	0.01559	0.01273	0.01130	0.01575	0.04852	0.00912	0.05571	0.08132	0.03348	0.06788	0.01790	0.01519	0.00820	0.00559	0.00235	0.00618	0.00551	0.00540	0.00877
5	0.01937	0.61280	0.15699	0.01453	0.02186	0.02779	0.01567	0.02295	0.01552	0.01895	0.01109	0.01286	0.00971	0.00662	0.00529	0.00176	0.00867	0.00433	0.00324	0.01000
6	0.02180	0.01376	0.01516	0.01237	0.01677	0.01412	0.00991	0.21429	0.09450	0.12058	0.02292	0.02360	0.01692	0.00880	0.00659	0.00201	0.00585	0.00696	0.27889	0.09420
7	0.01819	0.01743	0.02974	0.13378	0.60343	0.01787	0.02299	0.02277	0.01700	0.02408	0.01416	0.01896	0.01177	0.00687	0.00752	0.00229	0.00915	0.00676	0.00370	0.01155
8	0.01432	0.01348	0.02275	0.71520	0.05224	0.01685	0.02107	0.01938	0.01517	0.01938	0.01348	0.02022	0.01011	0.00758	0.00758	0.00253	0.01011	0.00674	0.00337	0.00843
9	0.01480	0.01545	0.03160	0.05162	0.03035	0.01464	0.41068	0.01941	0.01664	0.02242	0.02432	0.26249	0.02467	0.01238	0.00915	0.00274	0.00981	0.01318	0.00491	0.00877
10	0.01521	0.03923	0.69413	0.02162	0.03283	0.01762	0.02802	0.02402	0.01601	0.02402	0.01361	0.01601	0.00961	0.00721	0.00721	0.00240	0.01121	0.00560	0.00320	0.01121
11	0.01887	0.01629	0.01715	0.01544	0.01972	0.01887	0.01201	0.04031	0.67241	0.03173	0.03087	0.02830	0.02315	0.01029	0.00772	0.00257	0.00600	0.00858	0.00772	0.01201
12	0.09992	0.03588	0.59650	0.02071	0.03108	0.01760	0.04796	0.02384	0.01574	0.02513	0.01334	0.01577	0.00952	0.00716	0.00699	0.00240	0.01068	0.00556	0.00339	0.01085
13	0.03042	0.01315	0.01719	0.01341	0.01877	0.01198	0.01099	0.10240	0.02321	0.53460	0.11372	0.02901	0.02502	0.01016	0.00780	0.00234	0.00629	0.00833	0.00906	0.01216
14	0.01835	0.01417	0.01916	0.01380	0.02053	0.01124	0.08048	0.02200	0.01675	0.11163	0.01583	0.01756	0.01225	0.00619	0.00625	0.00144	0.00651	0.00539	0.00506	0.59540
15	0.02561	0.01894	0.02058	0.01624	0.02161	0.02057	0.01318	0.54327	0.03189	0.04292	0.02105	0.11074	0.01768	0.01084	0.00776	0.00232	0.00769	0.00863	0.00736	0.05114
16	0.18400	0.02224	0.02105	0.04603	0.02329	0.18674	0.06179	0.20922	0.05572	0.03141	0.01617	0.01789	0.02785	0.00868	0.00808	0.00233	0.05590	0.00625	0.00534	0.01002
17	0.01855	0.06993	0.03157	0.02319	0.02802	0.11202	0.29666	0.05173	0.01729	0.02225	0.01559	0.04726	0.01348	0.01494	0.10114	0.00378	0.11126	0.00802	0.00406	0.00924
18	0.02298	0.01682	0.01829	0.01627	0.03970	0.04525	0.01252	0.12629	0.38410	0.15060	0.04408	0.02792	0.02184	0.01020	0.00775	0.00248	0.00679	0.02648	0.00772	0.01190

[dist]
# distance from previous block
# <min> <max>
2	6

[block]
# block no. 6 follows, 26 sequences, length 55
# corresponding to MSA columns:
# 262-316
name=unknown_G
#
# <colnr> <probs for GDERKNQSTAVLIFYWHMCP>
#	G	D	E	R	K	N	Q	S	T	A	V	L	I	F	Y	W	H	M	C	P
0	0.02747	0.01660	0.01919	0.01505	0.02079	0.01693	0.01226	0.26069	0.14644	0.26872	0.02418	0.02249	0.01669	0.00906	0.00742	0.00224	0.00697	0.00719	0.00793	0.09168
1	0.02831	0.02067	0.02260	0.01745	0.02316	0.02305	0.01442	0.60058	0.03375	0.06954	0.01816	0.01839	0.01294	0.00936	0.00860	0.00234	0.04979	0.00685	0.00740	0.01263
2	0.01815	0.01763	0.02184	0.01776	0.02086	0.06837	0.04655	0.06173	0.04312	0.02283	0.01274	0.01694	0.01112	0.01002	0.01563	0.00248	0.36001	0.00613	0.00417	0.22193
3	0.00923	0.00665	0.00876	0.01044	0.01097	0.00617	0.00699	0.01057	0.01464	0.01941	0.04325	0.70145	0.07626	0.02358	0.00965	0.00306	0.00438	0.02133	0.00704	0.00617
4	0.02067	0.63699	0.07638	0.01405	0.02059	0.08703	0.01400	0.02344	0.01597	0.01827	0.01083	0.01252	0.00973	0.00665	0.00517	0.00170	0.00877	0.00422	0.00330	0.00974
5	0.00924	0.00660	0.00880	0.01056	0.01100	0.00616	0.00704	0.01056	0.01452	0.01936	0.04181	0.72848	0.05017	0.02376	0.00968	0.00308	0.00440	0.02156	0.00704	0.00616
6	0.02833	0.03615	0.02149	0.01954	0.02345	0.70298	0.01466	0.03029	0.02149	0.01856	0.01172	0.01368	0.00977	0.00782	0.00684	0.00195	0.01368	0.00489	0.00391	0.00879
7	0.01102	0.00740	0.00849	0.00849	0.00857	0.00747	0.00487	0.01117	0.01109	0.01487	0.02370	0.04854	0.02710	0.69592	0.07547	0.00762	0.00807	0.01087	0.00457	0.00472
8	0.01573	0.01348	0.01573	0.01123	0.01798	0.01011	0.00899	0.01910	0.01573	0.02472	0.01348	0.01573	0.01123	0.00562	0.00562	0.00112	0.00562	0.00449	0.00449	0.77980
9	0.00924	0.00660	0.00880	0.01056	0.01100	0.00616	0.00704	0.01056	0.01452	0.01936	0.04181	0.72848	0.05017	0.02376	0.00968	0.00308	0.00440	0.02156	0.00704	0.00616
10	0.01543	0.01317	0.01541	0.01120	0.01766	0.00993	0.00890	0.01871	0.01567	0.02447	0.01477	0.04811	0.01300	0.00644	0.00580	0.00121	0.00556	0.00527	0.00461	0.74465
11	0.70536	0.05269	0.05047	0.01077	0.01592	0.01771	0.00955	0.02241	0.01321	0.03266	0.01073	0.01252	0.00837	0.00702	0.00484	0.00231	0.00628	0.00419	0.00454	0.00846
12	0.01521	0.03923	0.69413	0.02162	0.03283	0.01762	0.02802	0.02402	0.01601	0.02402	0.01361	0.01601	0.00961	0.00721	0.00721	0.00240	0.01121	0.00560	0.00320	0.01121
13	0.01784	0.01728	0.02977	0.17144	0.46484	0.01796	0.08211	0.02362	0.05517	0.02411	0.01519	0.01977	0.01225	0.00709	0.00767	0.00235	0.00940	0.00707	0.00392	0.01116
14	0.78701	0.01467	0.01115	0.00997	0.01467	0.01702	0.00821	0.02230	0.01291	0.03403	0.01056	0.01232	0.00821	0.00704	0.00469	0.00235	0.00587	0.00411	0.00469	0.00821
15	0.01573	0.01348	0.01573	0.01123	0.01798	0.01011	0.00899	0.01910	0.01573	0.02472	0.01348	0.01573	0.01123	0.00562	0.00562	0.00112	0.00562	0.00449	0.00449	0.77980
16	0.03141	0.01712	0.02021	0.01549	0.02146	0.01739	0.01280	0.35173	0.02875	0.36666	0.02401	0.02198	0.01581	0.00925	0.00761	0.00231	0.00741	0.00722	0.00848	0.01290
17	0.01414	0.00707	0.00707	0.00707	0.00884	0.00707	0.00530	0.01767	0.01591	0.02828	0.02474	0.02828	0.01944	0.00884	0.00530	0.00177	0.00353	0.00707	0.77554	0.00707
18	0.00924	0.00660	0.00880	0.01056	0.01100	0.00616	0.00704	0.01056	0.01452	0.01936	0.04181	0.72848	0.05017	0.02376	0.00968	0.00308	0.00440	0.02156	0.00704	0.00616
19	0.01065	0.00775	0.01001	0.00945	0.01128	0.00712	0.00709	0.01414	0.02126	0.02991	0.65144	0.05749	0.10256	0.01569	0.00895	0.00239	0.00359	0.01383	0.00828	0.00712
20	0.01877	0.01802	0.03079	0.04656	0.68612	0.01802	0.02328	0.02328	0.01727	0.02478	0.01427	0.01877	0.01201	0.00676	0.00751	0.00225	0.00901	0.00676	0.00375	0.01201
21	0.01081	0.00780	0.01024	0.00976	0.01155	0.00724	0.00741	0.01438	0.02127	0.03003	0.64995	0.05811	0.07017	0.01578	0.00902	0.00244	0.00375	0.04485	0.00828	0.00715
22	0.01084	0.00813	0.01219	0.01219	0.01354	0.00948	0.00948	0.01354	0.01219	0.01761	0.02032	0.02980	0.01896	0.05689	0.70337	0.01219	0.02032	0.00813	0.00406	0.00677
23	0.01665	0.03649	0.58867	0.02338	0.08720	0.04628	0.02653	0.02463	0.01653	0.04470	0.01410	0.01646	0.01010	0.00726	0.00723	0.00237	0.01098	0.00574	0.00347	0.01123
24	0.08762	0.45181	0.16742	0.01522	0.02221	0.10431	0.01580	0.02382	0.01602	0.02060	0.01130	0.01313	0.00958	0.00684	0.00555	0.00188	0.00919	0.00447	0.00344	0.00979
25	0.01283	0.00659	0.00979	0.00994	0.00998	0.00655	0.00663	0.00994	0.01029	0.01372	0.01569	0.08498	0.01642	0.02612	0.02789	0.71118	0.00640	0.00790	0.00362	0.00355
26	0.01872	0.52275	0.24132	0.01564	0.02358	0.02619	0.01761	0.02312	0.01560	0.01975	0.01149	0.01335	0.00970	0.00671	0.00559	0.00186	0.00907	0.00453	0.00323	0.01019
27	0.12660	0.01883	0.02079	0.05040	0.08525	0.04082	0.01418	0.38943	0.02692	0.03851	0.01720	0.04413	0.01350	0.00921	0.00788	0.00234	0.03789	0.00695	0.03800	0.01118
28	0.01100	0.00742	0.00859	0.00856	0.00873	0.00747	0.00501	0.01134	0.01162	0.01566	0.05667	0.04885	0.02928	0.65853	0.07537	0.00738	0.00791	0.01100	0.00475	0.00485
29	0.01877	0.01802	0.03079	0.04656	0.68612	0.01802	0.02328	0.02328	0.01727	0.02478	0.01427	0.01877	0.01201	0.00676	0.00751	0.00225	0.00901	0.00676	0.00375	0.01201
30	0.00956	0.00684	0.00908	0.01035	0.01107	0.00637	0.00707	0.01135	0.01598	0.02169	0.17633	0.58734	0.05466	0.02203	0.00953	0.00293	0.00423	0.01991	0.00732	0.00637
31	0.02833	0.03615	0.02149	0.01954	0.02345	0.70298	0.01466	0.03029	0.02149	0.01856	0.01172	0.01368	0.00977	0.00782	0.00684	0.00195	0.01368	0.00489	0.00391	0.00879
32	0.02028	0.73799	0.03975	0.01298	0.01947	0.03001	0.01298	0.02271	0.01541	0.01785	0.01055	0.01217	0.00973	0.00649	0.00487	0.00162	0.00811	0.00406	0.00324	0.00973
33	0.01514	0.01244	0.01405	0.01364	0.01681	0.01356	0.01097	0.02769	0.35562	0.02752	0.07765	0.05268	0.11852	0.01491	0.00877	0.00283	0.00587	0.19439	0.00745	0.00951
34	0.00930	0.00678	0.00876	0.01020	0.01094	0.00624	0.00691	0.01081	0.01522	0.02012	0.08236	0.62027	0.11856	0.02281	0.00956	0.00299	0.00429	0.02052	0.00712	0.00624
35	0.01534	0.03838	0.66462	0.02209	0.03314	0.01769	0.05668	0.02403	0.01610	0.02403	0.01369	0.01622	0.00969	0.00717	0.00729	0.00241	0.01128	0.00576	0.00323	0.01117
36	0.01057	0.00775	0.00991	0.00937	0.01123	0.00709	0.00703	0.01399	0.02108	0.02949	0.62542	0.05819	0.12884	0.01585	0.00895	0.00240	0.00360	0.01393	0.00823	0.00709
37	0.01089	0.00790	0.01105	0.01105	0.01201	0.00886	0.00805	0.01281	0.01185	0.01676	0.02136	0.03559	0.02148	0.25445	0.50925	0.01078	0.01653	0.00897	0.00422	0.00614
38	0.78701	0.01467	0.01115	0.00997	0.01467	0.01702	0.00821	0.02230	0.01291	0.03403	0.01056	0.01232	0.00821	0.00704	0.00469	0.00235	0.00587	0.00411	0.00469	0.00821
39	0.00904	0.00769	0.00779	0.00777	0.01029	0.00644	0.00583	0.01104	0.01748	0.02093	0.10382	0.07227	0.65578	0.01904	0.00896	0.00255	0.00383	0.01591	0.00710	0.00644
40	0.00924	0.00660	0.00880	0.01056	0.01100	0.00616	0.00704	0.01056	0.01452	0.01936	0.04181	0.72848	0.05017	0.02376	0.00968	0.00308	0.00440	0.02156	0.00704	0.00616
41	0.02883	0.02125	0.02276	0.01745	0.02352	0.02352	0.01442	0.66082	0.03566	0.04780	0.01821	0.01821	0.01290	0.00911	0.00759	0.00228	0.00835	0.00683	0.00759	0.01290
42	0.01074	0.00775	0.01014	0.00954	0.01133	0.00716	0.00716	0.01431	0.02147	0.03042	0.68211	0.05666	0.07157	0.01551	0.00895	0.00239	0.00358	0.01372	0.00835	0.00716
43	0.02552	0.29534	0.02902	0.01606	0.02197	0.12472	0.01391	0.32711	0.02592	0.03219	0.01436	0.01526	0.01124	0.00793	0.00645	0.00198	0.00903	0.00549	0.00541	0.01110
44	0.01573	0.01348	0.01573	0.01123	0.01798	0.01011	0.00899	0.01910	0.01573	0.02472	0.01348	0.01573	0.01123	0.00562	0.00562	0.00112	0.00562	0.00449	0.00449	0.77980
45	0.02845	0.01159	0.01573	0.01267	0.01746	0.01012	0.01021	0.03132	0.02098	0.53606	0.11997	0.09822	0.02902	0.01162	0.00801	0.00242	0.00586	0.00981	0.00902	0.01147
46	0.00924	0.00660	0.00880	0.01056	0.01100	0.00616	0.00704	0.01056	0.01452	0.01936	0.04181	0.72848	0.05017	0.02376	0.00968	0.00308	0.00440	0.02156	0.00704	0.00616
47	0.10880	0.02030	0.02126	0.01656	0.02240	0.02260	0.01364	0.56260	0.06451	0.04555	0.01802	0.01808	0.01291	0.00894	0.00729	0.00230	0.00797	0.00663	0.00729	0.01236
48	0.08785	0.01080	0.01383	0.01169	0.01562	0.00989	0.00924	0.02597	0.02007	0.36248	0.22359	0.11420	0.03717	0.01265	0.00801	0.00244	0.00531	0.01073	0.00841	0.01003
49	0.00955	0.00705	0.00882	0.00991	0.01091	0.00647	0.00687	0.01122	0.01565	0.02052	0.10991	0.47248	0.17279	0.06280	0.01117	0.00317	0.00448	0.04296	0.00703	0.00625
50	0.06782	0.05651	0.01875	0.01371	0.01920	0.04841	0.01134	0.10948	0.02237	0.46293	0.04490	0.02386	0.01818	0.00916	0.00723	0.00226	0.00691	0.00718	0.03792	0.01189
