[name]
unknown

[dist]
# distance from previous block
# <min> <max>
3	289

[block]
# block no. 0 follows, 21 sequences, length 38
# corresponding to MSA columns:
# 299-336
name=unknown_A
#
# <colnr> <probs for GDERKNQSTAVLIFYWHMCP>
#	G	D	E	R	K	N	Q	S	T	A	V	L	I	F	Y	W	H	M	C	P
0	0.01883	0.01733	0.02565	0.19084	0.06911	0.02178	0.04059	0.08596	0.01770	0.02500	0.01519	0.02206	0.01307	0.01834	0.10129	0.00455	0.29046	0.00782	0.00442	0.01001
1	0.02190	0.29291	0.31047	0.02018	0.02926	0.14322	0.02234	0.02768	0.01884	0.02322	0.01359	0.01586	0.01087	0.00791	0.00702	0.00227	0.01177	0.00549	0.00376	0.01146
2	0.01037	0.00741	0.00987	0.01185	0.01234	0.00691	0.00790	0.01185	0.01629	0.02172	0.04690	0.69537	0.05629	0.02666	0.01086	0.00346	0.00494	0.02419	0.00790	0.00691
3	0.01970	0.01925	0.02964	0.02547	0.06221	0.02380	0.12245	0.06227	0.05277	0.02510	0.01514	0.02124	0.01326	0.01537	0.05722	0.00394	0.40812	0.00814	0.00450	0.01041
4	0.01033	0.00755	0.00973	0.01148	0.01225	0.00694	0.00773	0.01189	0.01665	0.02187	0.05143	0.62475	0.12399	0.02607	0.01077	0.00339	0.00487	0.02348	0.00790	0.00694
5	0.01047	0.00748	0.00996	0.01178	0.01237	0.00698	0.00791	0.01210	0.01675	0.02246	0.08210	0.65808	0.05770	0.02611	0.01081	0.00341	0.00488	0.02367	0.00799	0.00698
6	0.02962	0.31556	0.03114	0.01544	0.02220	0.02374	0.01382	0.12610	0.02379	0.26070	0.04400	0.02221	0.01775	0.00932	0.00726	0.00227	0.00827	0.00692	0.00718	0.01270
7	0.01636	0.01542	0.02605	0.64361	0.09318	0.01898	0.02378	0.02200	0.01715	0.02210	0.01518	0.02259	0.01147	0.00845	0.00850	0.00282	0.01127	0.00756	0.00381	0.00969
8	0.01191	0.00869	0.01120	0.01057	0.01263	0.00797	0.00793	0.01581	0.02378	0.03340	0.60695	0.06477	0.11714	0.01767	0.01004	0.00269	0.00403	0.01556	0.00927	0.00797
9	0.01055	0.00852	0.00939	0.00943	0.01186	0.00736	0.00697	0.01308	0.02019	0.02548	0.21313	0.13762	0.45445	0.02108	0.01013	0.00288	0.00430	0.01797	0.00825	0.00736
10	0.01951	0.02314	0.07865	0.03456	0.06336	0.02076	0.53134	0.02651	0.01958	0.02683	0.01740	0.02324	0.01331	0.01051	0.04787	0.00347	0.01460	0.00971	0.00428	0.01138
11	0.01707	0.04402	0.65683	0.02426	0.03683	0.01976	0.03144	0.02695	0.01797	0.02695	0.01527	0.01797	0.01078	0.00809	0.00809	0.00270	0.01258	0.00629	0.00359	0.01258
12	0.01132	0.00842	0.01055	0.01055	0.01241	0.00764	0.00771	0.01447	0.02160	0.02947	0.41552	0.19697	0.18183	0.02009	0.01021	0.00287	0.00426	0.01769	0.00879	0.00764
13	0.02846	0.02307	0.02522	0.12845	0.06286	0.07904	0.01754	0.41931	0.03303	0.04350	0.01899	0.02082	0.01389	0.00967	0.00834	0.00255	0.01004	0.00746	0.03481	0.01297
14	0.01765	0.01513	0.01765	0.01260	0.02017	0.01134	0.01008	0.02143	0.01765	0.02773	0.01513	0.01765	0.01260	0.00630	0.00630	0.00126	0.00630	0.00504	0.00504	0.75295
15	0.02214	0.02308	0.02839	0.06646	0.02885	0.13358	0.10462	0.06768	0.08868	0.02560	0.01595	0.02058	0.01331	0.01161	0.01709	0.00311	0.30615	0.00776	0.00481	0.01056
16	0.01194	0.00862	0.01129	0.01077	0.01269	0.00796	0.00802	0.01581	0.02363	0.03339	0.60787	0.10115	0.07887	0.01795	0.01009	0.00272	0.00407	0.01591	0.00928	0.00796
17	0.01046	0.00831	0.00923	0.00965	0.01169	0.00726	0.00689	0.01250	0.01867	0.02337	0.12658	0.22848	0.41035	0.06249	0.01221	0.00331	0.00467	0.01891	0.00788	0.00708
18	0.01009	0.00850	0.00875	0.00896	0.01158	0.00716	0.00661	0.01218	0.01908	0.02286	0.08214	0.14542	0.58349	0.02208	0.01014	0.00293	0.00438	0.01861	0.00790	0.00716
19	0.02180	0.01859	0.01960	0.01745	0.02237	0.02146	0.01362	0.07750	0.59916	0.03661	0.03384	0.03111	0.02533	0.01147	0.00865	0.00287	0.00688	0.00951	0.00865	0.01353
20	0.03235	0.02384	0.02554	0.01958	0.02639	0.02639	0.01618	0.61946	0.04001	0.05363	0.02043	0.02043	0.01447	0.01022	0.00851	0.00255	0.00936	0.00766	0.00851	0.01447
21	0.03818	0.01448	0.01975	0.01514	0.02172	0.01251	0.01251	0.04147	0.02436	0.65373	0.03357	0.02897	0.02107	0.01053	0.00856	0.00263	0.00724	0.00856	0.01053	0.01448
22	0.02106	0.02022	0.03454	0.05223	0.64784	0.02022	0.02612	0.02612	0.01938	0.02780	0.01601	0.02106	0.01348	0.00758	0.00842	0.00253	0.01011	0.00758	0.00421	0.01348
23	0.01975	0.02226	0.04827	0.03479	0.04305	0.02090	0.58485	0.02675	0.02006	0.02716	0.01870	0.02684	0.01483	0.00804	0.01013	0.00293	0.01400	0.04091	0.00449	0.01128
24	0.01777	0.12553	0.58145	0.02306	0.03499	0.02148	0.02936	0.02677	0.01788	0.02610	0.01485	0.01744	0.01080	0.00799	0.00776	0.00259	0.01215	0.00607	0.00360	0.01237
25	0.01817	0.01749	0.02837	0.38025	0.04463	0.02171	0.08638	0.05572	0.01748	0.02377	0.01450	0.02140	0.01164	0.01033	0.01436	0.00308	0.20889	0.00780	0.00409	0.00992
26	0.02373	0.01725	0.01651	0.01399	0.01796	0.07973	0.01101	0.25228	0.02662	0.03812	0.02273	0.02541	0.01750	0.01108	0.00872	0.04651	0.00737	0.00755	0.34554	0.01040
27	0.01261	0.00901	0.01245	0.01441	0.01589	0.00885	0.01180	0.01573	0.01851	0.02424	0.04567	0.29323	0.05138	0.02455	0.01146	0.00377	0.00688	0.40419	0.00786	0.00753
28	0.02601	0.01592	0.01853	0.01595	0.02101	0.01678	0.01258	0.04073	0.36031	0.24784	0.06500	0.06736	0.02857	0.01228	0.00881	0.00282	0.00668	0.01031	0.00930	0.01320
29	0.01783	0.02060	0.09127	0.34329	0.08998	0.02040	0.18813	0.02394	0.01778	0.02406	0.01544	0.02187	0.01186	0.00857	0.01052	0.00289	0.06894	0.00812	0.00393	0.01056
30	0.01234	0.00838	0.00996	0.00996	0.01020	0.00862	0.00600	0.01281	0.01258	0.01700	0.02619	0.05224	0.02944	0.60230	0.13989	0.00909	0.01050	0.01187	0.00506	0.00553
31	0.01041	0.00801	0.00956	0.01075	0.01227	0.00716	0.00761	0.01228	0.01769	0.02241	0.06250	0.42098	0.29056	0.02447	0.01059	0.00325	0.00483	0.04970	0.00790	0.00707
32	0.01907	0.02302	0.10749	0.11534	0.17889	0.02032	0.30725	0.02553	0.01908	0.02631	0.01887	0.02403	0.03616	0.00830	0.00982	0.00280	0.03289	0.00900	0.00426	0.01157
33	0.10473	0.01949	0.03253	0.09380	0.13958	0.01958	0.21136	0.09279	0.02202	0.15085	0.01970	0.02250	0.01419	0.00842	0.00865	0.00270	0.01059	0.00825	0.00599	0.01227
34	0.01035	0.00749	0.00979	0.01163	0.01229	0.00693	0.00780	0.01187	0.01651	0.02181	0.04960	0.65337	0.09655	0.02631	0.01081	0.00342	0.00489	0.02377	0.00790	0.00693
35	0.46711	0.05806	0.16652	0.01488	0.02212	0.01926	0.01509	0.02734	0.01655	0.10367	0.01509	0.01649	0.01100	0.00821	0.00631	0.00261	0.00820	0.00544	0.00538	0.01068
36	0.02897	0.02040	0.02289	0.06327	0.02630	0.02239	0.01522	0.43274	0.06891	0.09599	0.02376	0.05816	0.01808	0.01105	0.00850	0.00261	0.00864	0.00873	0.05009	0.01330
37	0.03015	0.10718	0.02703	0.02311	0.06840	0.52289	0.01690	0.06370	0.02393	0.02297	0.01360	0.01583	0.01132	0.00861	0.00754	0.00220	0.01402	0.00564	0.00452	0.01047

[dist]
# distance from previous block
# <min> <max>
0	1

[block]
# block no. 1 follows, 21 sequences, length 27
# corresponding to MSA columns:
# 338-364
name=unknown_B
#
# <colnr> <probs for GDERKNQSTAVLIFYWHMCP>
#	G	D	E	R	K	N	Q	S	T	A	V	L	I	F	Y	W	H	M	C	P
0	0.01987	0.06167	0.02153	0.01441	0.02190	0.01501	0.03249	0.09540	0.02046	0.03039	0.01564	0.01791	0.01274	0.00688	0.00665	0.00151	0.00715	0.00551	0.00535	0.58754
1	0.02079	0.38303	0.11921	0.01784	0.02411	0.07390	0.03546	0.02451	0.01703	0.02125	0.01382	0.01764	0.01227	0.01532	0.09004	0.00367	0.08986	0.00592	0.00383	0.01049
2	0.01457	0.01298	0.01496	0.01469	0.01656	0.09128	0.01135	0.01751	0.01496	0.01989	0.02161	0.03121	0.02001	0.05706	0.58614	0.01227	0.02188	0.00867	0.00454	0.00788
3	0.01889	0.01800	0.03062	0.32575	0.39131	0.01965	0.02504	0.02421	0.01835	0.02516	0.01562	0.02177	0.01255	0.00799	0.00846	0.00266	0.01065	0.00757	0.00402	0.01173
4	0.01782	0.01570	0.02002	0.01430	0.02194	0.01209	0.05434	0.02185	0.01782	0.02770	0.01528	0.01803	0.01263	0.00637	0.00658	0.00138	0.00689	0.00541	0.00499	0.69887
5	0.01707	0.04402	0.65683	0.02426	0.03683	0.01976	0.03144	0.02695	0.01797	0.02695	0.01527	0.01797	0.01078	0.00809	0.00809	0.00270	0.01258	0.00629	0.00359	0.01258
6	0.01158	0.00905	0.01054	0.01010	0.01258	0.00820	0.00760	0.01562	0.04624	0.02956	0.38787	0.06992	0.31240	0.01889	0.00999	0.00277	0.00425	0.01623	0.00873	0.00789
7	0.01204	0.00870	0.01138	0.01071	0.01271	0.00803	0.00803	0.01606	0.02409	0.03413	0.64335	0.06357	0.08030	0.01740	0.01004	0.00268	0.00401	0.01539	0.00937	0.00803
8	0.01446	0.01161	0.01333	0.01289	0.01574	0.01199	0.00983	0.02412	0.21295	0.03049	0.23895	0.13671	0.15854	0.01786	0.00983	0.00296	0.00530	0.05441	0.00860	0.00944
9	0.01219	0.00900	0.01309	0.01309	0.01441	0.01032	0.00990	0.01482	0.01350	0.01932	0.02333	0.03641	0.02257	0.14903	0.58377	0.01295	0.02085	0.00955	0.00464	0.00727
10	0.01765	0.01513	0.01765	0.01260	0.02017	0.01134	0.01008	0.02143	0.01765	0.02773	0.01513	0.01765	0.01260	0.00630	0.00630	0.00126	0.00630	0.00504	0.00504	0.75295
11	0.02428	0.02536	0.02017	0.01816	0.02181	0.29831	0.01395	0.13062	0.02284	0.02613	0.01833	0.02404	0.01592	0.05247	0.24211	0.00652	0.01667	0.00739	0.00521	0.00972
12	0.02557	0.01364	0.01708	0.01413	0.01869	0.01313	0.01125	0.12606	0.04580	0.27318	0.25766	0.07486	0.04386	0.01388	0.00922	0.00269	0.00626	0.01178	0.00957	0.01167
13	0.02462	0.56851	0.04036	0.01608	0.02277	0.16451	0.01495	0.02724	0.01870	0.02019	0.01210	0.01400	0.01093	0.00759	0.00592	0.00190	0.01039	0.00474	0.00379	0.01070
14	0.01238	0.00825	0.00928	0.00928	0.00928	0.00825	0.00516	0.01238	0.01238	0.01650	0.02681	0.05569	0.03094	0.70092	0.04331	0.00825	0.00825	0.01238	0.00516	0.00516
15	0.67246	0.04835	0.01495	0.06016	0.01978	0.01975	0.01052	0.02480	0.01480	0.03614	0.01209	0.01446	0.00945	0.00792	0.00551	0.00261	0.00705	0.00482	0.00508	0.00931
16	0.01191	0.01379	0.11705	0.01360	0.01648	0.00933	0.01182	0.01544	0.01861	0.02583	0.19751	0.41850	0.05505	0.02118	0.01019	0.00313	0.00596	0.01894	0.00757	0.00814
17	0.01634	0.03556	0.48348	0.02423	0.06161	0.01777	0.06370	0.02444	0.01789	0.02615	0.02065	0.13023	0.01855	0.01107	0.00868	0.00282	0.01131	0.00954	0.00438	0.01162
18	0.13703	0.01026	0.01181	0.01097	0.01378	0.01001	0.00838	0.01860	0.02180	0.07104	0.43320	0.08714	0.10226	0.01618	0.00920	0.00272	0.00470	0.01383	0.00859	0.00850
19	0.24029	0.02065	0.02511	0.01944	0.02596	0.02231	0.11293	0.27935	0.06522	0.08016	0.01911	0.02016	0.01381	0.00915	0.00784	0.00265	0.00909	0.00735	0.00701	0.01240
20	0.14286	0.01925	0.03029	0.08838	0.50337	0.01994	0.02316	0.02564	0.01841	0.02910	0.01526	0.01998	0.01263	0.00770	0.00791	0.00257	0.00961	0.00709	0.00436	0.01250
21	0.01927	0.02015	0.04216	0.03082	0.03781	0.01917	0.48516	0.02552	0.05023	0.02563	0.01771	0.02389	0.01390	0.01109	0.01380	0.12658	0.01281	0.00958	0.00443	0.01030
22	0.01624	0.01989	0.12972	0.57216	0.05502	0.01905	0.02492	0.02260	0.01717	0.02260	0.01515	0.02191	0.01125	0.00844	0.00844	0.00281	0.01155	0.00735	0.00375	0.00997
23	0.01032	0.00761	0.00967	0.01132	0.01220	0.00696	0.00766	0.01191	0.01681	0.02193	0.05339	0.59411	0.15335	0.02582	0.01073	0.00336	0.00483	0.02316	0.00790	0.00696
24	0.01411	0.01029	0.01253	0.01306	0.01481	0.01026	0.00940	0.11239	0.02054	0.02722	0.04503	0.52027	0.08757	0.02349	0.01046	0.00329	0.00574	0.04333	0.00800	0.00821
25	0.02895	0.02077	0.02273	0.01813	0.02389	0.02264	0.01467	0.49697	0.03550	0.07142	0.02531	0.13216	0.02163	0.01294	0.00890	0.00271	0.00855	0.01042	0.00849	0.01322
26	0.03537	0.01511	0.01967	0.01550	0.02179	0.01394	0.01267	0.04209	0.12473	0.55171	0.03375	0.02943	0.02188	0.01070	0.00857	0.00268	0.00716	0.00873	0.01022	0.01432

[dist]
# distance from previous block
# <min> <max>
0	4

[block]
# block no. 2 follows, 21 sequences, length 7
# corresponding to MSA columns:
# 369-375
name=unknown_C
#
# <colnr> <probs for GDERKNQSTAVLIFYWHMCP>
#	G	D	E	R	K	N	Q	S	T	A	V	L	I	F	Y	W	H	M	C	P
0	0.02265	0.02533	0.02547	0.02221	0.02356	0.22206	0.01795	0.02461	0.01642	0.02059	0.01178	0.01762	0.01111	0.01302	0.02173	0.00326	0.48039	0.00685	0.00393	0.00948
1	0.01253	0.00972	0.01212	0.01213	0.01479	0.00835	0.00891	0.01490	0.01726	0.02375	0.04231	0.40557	0.09913	0.02070	0.00972	0.00289	0.00552	0.07619	0.00717	0.19634
2	0.01894	0.19045	0.02448	0.01310	0.02059	0.01701	0.01122	0.02246	0.01756	0.02577	0.01429	0.01663	0.01218	0.00655	0.00609	0.00140	0.00701	0.00492	0.00469	0.56465
3	0.01393	0.00981	0.01198	0.01167	0.01275	0.01038	0.00791	0.06946	0.01576	0.02143	0.02769	0.12604	0.03010	0.39148	0.19437	0.00850	0.01163	0.01258	0.00566	0.00686
4	0.01178	0.00949	0.01372	0.18119	0.02400	0.00998	0.01175	0.01440	0.01679	0.02186	0.04283	0.46245	0.10452	0.02154	0.01018	0.00324	0.00650	0.01934	0.00685	0.00758
5	0.01936	0.01614	0.01857	0.01342	0.02089	0.01309	0.01079	0.09101	0.02025	0.03074	0.01574	0.01797	0.01282	0.00676	0.00656	0.00141	0.00666	0.00535	0.00545	0.66702
6	0.02670	0.02417	0.18209	0.01803	0.02606	0.01759	0.01767	0.16886	0.05072	0.21270	0.04862	0.02410	0.01836	0.00955	0.00817	0.00244	0.00880	0.00759	0.00738	0.12036

[dist]
# distance from previous block
# <min> <max>
0	1

[block]
# block no. 3 follows, 21 sequences, length 160
# corresponding to MSA columns:
# 377-536
name=unknown_D
#
# <colnr> <probs for GDERKNQSTAVLIFYWHMCP>
#	G	D	E	R	K	N	Q	S	T	A	V	L	I	F	Y	W	H	M	C	P
0	0.02666	0.02093	0.02174	0.01778	0.02308	0.05263	0.01432	0.35273	0.17063	0.04378	0.06388	0.02639	0.02165	0.01106	0.00911	0.00262	0.03275	0.00852	0.06685	0.01291
1	0.01163	0.00887	0.00969	0.00936	0.01218	0.00759	0.00706	0.01426	0.02067	0.05051	0.21221	0.07559	0.49003	0.02016	0.00999	0.00282	0.00436	0.01700	0.00834	0.00767
2	0.02668	0.01995	0.02175	0.01796	0.02357	0.02229	0.01444	0.30123	0.28798	0.08138	0.02742	0.02660	0.02019	0.01427	0.05119	0.00342	0.00899	0.00864	0.00845	0.01360
3	0.01711	0.04215	0.61548	0.02350	0.03575	0.01922	0.03006	0.02659	0.01795	0.02700	0.01526	0.01795	0.01090	0.00797	0.00797	0.00260	0.01217	0.00621	0.00369	0.06048
4	0.02146	0.02047	0.02675	0.35040	0.16262	0.09523	0.02164	0.11030	0.05688	0.02814	0.01694	0.02172	0.01300	0.00878	0.00840	0.00266	0.01102	0.00746	0.00489	0.01123
5	0.02093	0.37789	0.30602	0.01904	0.02857	0.02723	0.02191	0.06454	0.01905	0.02517	0.01386	0.01594	0.01109	0.00782	0.00678	0.00224	0.01061	0.00550	0.00394	0.01186
6	0.01968	0.06307	0.03249	0.23791	0.43090	0.02070	0.02463	0.02477	0.01854	0.02548	0.01547	0.02107	0.01267	0.00784	0.00826	0.00257	0.01041	0.00738	0.00405	0.01211
7	0.01186	0.00886	0.01111	0.01225	0.01409	0.00832	0.00970	0.01455	0.01865	0.02382	0.08130	0.19762	0.22782	0.06708	0.01306	0.00375	0.00612	0.25498	0.00776	0.00731
8	0.02670	0.01820	0.02079	0.01597	0.02250	0.01770	0.01294	0.28278	0.02829	0.13759	0.02281	0.07328	0.01815	0.01025	0.00797	0.00221	0.00767	0.00822	0.00764	0.25836
9	0.01216	0.00912	0.01368	0.01368	0.01520	0.01064	0.01064	0.01520	0.01368	0.01976	0.02279	0.03343	0.02127	0.06382	0.66720	0.01368	0.02279	0.00912	0.00456	0.00760
10	0.01034	0.00750	0.00978	0.01160	0.01228	0.00693	0.00779	0.01188	0.01653	0.02182	0.04996	0.64772	0.10196	0.02626	0.01080	0.00341	0.00489	0.02371	0.00790	0.00693
11	0.03235	0.02384	0.02554	0.01958	0.02639	0.02639	0.01618	0.61946	0.04001	0.05363	0.02043	0.02043	0.01447	0.01022	0.00851	0.00255	0.00936	0.00766	0.00851	0.01447
12	0.03235	0.02384	0.02554	0.01958	0.02639	0.02639	0.01618	0.61946	0.04001	0.05363	0.02043	0.02043	0.01447	0.01022	0.00851	0.00255	0.00936	0.00766	0.00851	0.01447
13	0.01586	0.00793	0.00793	0.00793	0.00991	0.00793	0.00595	0.01983	0.01785	0.03173	0.02776	0.03173	0.02181	0.00991	0.00595	0.00198	0.00397	0.00793	0.74817	0.00793
14	0.01012	0.00836	0.00889	0.00931	0.01168	0.00713	0.00677	0.01214	0.01873	0.02272	0.07777	0.21364	0.51809	0.02265	0.01023	0.00300	0.00445	0.01930	0.00790	0.00713
15	0.02518	0.01977	0.02164	0.01669	0.02344	0.02009	0.01353	0.30821	0.13020	0.04129	0.02087	0.02130	0.01571	0.00902	0.00774	0.00214	0.00782	0.00704	0.00728	0.28103
16	0.01199	0.00809	0.00939	0.00977	0.00986	0.00800	0.00568	0.01228	0.01312	0.01749	0.03062	0.17700	0.03575	0.57305	0.03716	0.00734	0.00762	0.01462	0.00568	0.00549
17	0.05851	0.61573	0.06754	0.01513	0.02240	0.06054	0.01509	0.02590	0.01749	0.02122	0.01203	0.01391	0.01083	0.00741	0.00566	0.00191	0.00940	0.00467	0.00375	0.01086
18	0.03140	0.02292	0.02453	0.01891	0.02545	0.02533	0.01559	0.58506	0.03874	0.05238	0.02085	0.02108	0.01489	0.01020	0.00837	0.00252	0.00905	0.00768	0.05095	0.01410
19	0.07703	0.01438	0.01650	0.01308	0.01878	0.01292	0.01038	0.04813	0.08530	0.09233	0.16187	0.03049	0.03005	0.01007	0.00762	0.00204	0.00606	0.00829	0.00709	0.34759
20	0.01088	0.00792	0.01032	0.01211	0.01281	0.00759	0.00816	0.01344	0.04558	0.02238	0.04632	0.66382	0.05484	0.02594	0.01076	0.00343	0.00502	0.02350	0.00794	0.00722
21	0.01371	0.00980	0.01371	0.01567	0.01763	0.00980	0.01371	0.01763	0.01959	0.02547	0.04506	0.09599	0.04898	0.02351	0.01175	0.00392	0.00784	0.59056	0.00784	0.00784
22	0.01121	0.00802	0.01076	0.01223	0.01324	0.00757	0.00883	0.01355	0.01828	0.02465	0.15903	0.48243	0.05967	0.02442	0.01085	0.00338	0.00522	0.11122	0.00817	0.00727
23	0.01607	0.01513	0.02552	0.68047	0.05861	0.01891	0.02363	0.02174	0.01702	0.02174	0.01513	0.02269	0.01134	0.00851	0.00851	0.00284	0.01134	0.00756	0.00378	0.00945
24	0.03149	0.01942	0.02210	0.01758	0.02382	0.02058	0.01431	0.28931	0.18134	0.24461	0.02822	0.02601	0.01946	0.01065	0.00856	0.00266	0.00802	0.00844	0.00921	0.01423
25	0.01119	0.00848	0.01032	0.01024	0.01229	0.00761	0.00754	0.01427	0.02150	0.02890	0.38549	0.16337	0.24771	0.02004	0.01017	0.00285	0.00424	0.01748	0.00870	0.00761
26	0.76103	0.01646	0.01251	0.01119	0.01646	0.01909	0.00922	0.02502	0.01448	0.03818	0.01185	0.01382	0.00922	0.00790	0.00527	0.00263	0.00658	0.00461	0.00527	0.00922
27	0.21204	0.01496	0.01801	0.01419	0.02046	0.01409	0.01172	0.03751	0.02198	0.50568	0.02835	0.02532	0.01822	0.00990	0.00777	0.00263	0.00708	0.00761	0.00927	0.01322
28	0.01037	0.00741	0.00987	0.01185	0.01234	0.00691	0.00790	0.01185	0.01629	0.02172	0.04690	0.69537	0.05629	0.02666	0.01086	0.00346	0.00494	0.02419	0.00790	0.00691
29	0.01037	0.00741	0.00987	0.01185	0.01234	0.00691	0.00790	0.01185	0.01629	0.02172	0.04690	0.69537	0.05629	0.02666	0.01086	0.00346	0.00494	0.02419	0.00790	0.00691
30	0.02106	0.02022	0.03454	0.05223	0.64784	0.02022	0.02612	0.02612	0.01938	0.02780	0.01601	0.02106	0.01348	0.00758	0.00842	0.00253	0.01011	0.00758	0.00421	0.01348
31	0.01586	0.00793	0.00793	0.00793	0.00991	0.00793	0.00595	0.01983	0.01785	0.03173	0.02776	0.03173	0.02181	0.00991	0.00595	0.00198	0.00397	0.00793	0.74817	0.00793
32	0.01050	0.00751	0.00999	0.01176	0.01237	0.00700	0.00791	0.01218	0.01690	0.02269	0.09323	0.64630	0.05815	0.02594	0.01080	0.00340	0.00487	0.02351	0.00801	0.00700
33	0.02167	0.58005	0.16112	0.01641	0.02470	0.03103	0.01777	0.02576	0.01742	0.02134	0.01249	0.01447	0.01089	0.00743	0.00596	0.00199	0.00976	0.00488	0.00363	0.01124
34	0.01646	0.01552	0.02623	0.63168	0.10437	0.01901	0.02383	0.02208	0.01720	0.02221	0.01519	0.02256	0.01151	0.00844	0.00850	0.00281	0.01125	0.00756	0.00381	0.00977
35	0.01607	0.01513	0.02552	0.68047	0.05861	0.01891	0.02363	0.02174	0.01702	0.02174	0.01513	0.02269	0.01134	0.00851	0.00851	0.00284	0.01134	0.00756	0.00378	0.00945
36	0.01607	0.01513	0.02552	0.68047	0.05861	0.01891	0.02363	0.02174	0.01702	0.02174	0.01513	0.02269	0.01134	0.00851	0.00851	0.00284	0.01134	0.00756	0.00378	0.00945
37	0.01189	0.00869	0.01116	0.01054	0.01262	0.00796	0.00791	0.01576	0.02372	0.03326	0.60008	0.06499	0.12411	0.01772	0.01004	0.00269	0.00404	0.01559	0.00925	0.00796
38	0.76103	0.01646	0.01251	0.01119	0.01646	0.01909	0.00922	0.02502	0.01448	0.03818	0.01185	0.01382	0.00922	0.00790	0.00527	0.00263	0.00658	0.00461	0.00527	0.00922
39	0.01351	0.00979	0.01238	0.01147	0.01375	0.00938	0.00865	0.06265	0.02482	0.03484	0.55653	0.10094	0.07364	0.01744	0.00997	0.00272	0.00449	0.01536	0.00921	0.00846
40	0.01743	0.08668	0.61737	0.02363	0.03587	0.02066	0.03035	0.02686	0.01792	0.02650	0.01505	0.01769	0.01079	0.00803	0.00792	0.00264	0.01235	0.00618	0.00360	0.01247
41	0.01058	0.00756	0.01012	0.01210	0.01268	0.00710	0.00827	0.01222	0.01651	0.02197	0.04679	0.65674	0.05581	0.02646	0.01092	0.00349	0.00512	0.06069	0.00790	0.00697
42	0.01707	0.04402	0.65683	0.02426	0.03683	0.01976	0.03144	0.02695	0.01797	0.02695	0.01527	0.01797	0.01078	0.00809	0.00809	0.00270	0.01258	0.00629	0.00359	0.01258
43	0.02240	0.66459	0.08293	0.01517	0.02278	0.03280	0.01562	0.02557	0.01733	0.02046	0.01205	0.01392	0.01091	0.00733	0.00562	0.00187	0.00932	0.00466	0.00364	0.01102
44	0.03129	0.02459	0.02543	0.06114	0.02840	0.07566	0.01666	0.53657	0.03734	0.04909	0.01953	0.02018	0.01400	0.01000	0.00845	0.00254	0.00995	0.00749	0.00790	0.01380
45	0.10918	0.07581	0.02537	0.01820	0.02480	0.02596	0.01520	0.48644	0.05949	0.04864	0.01942	0.01966	0.01410	0.00979	0.00793	0.00252	0.00894	0.00717	0.00779	0.01359
46	0.01226	0.00884	0.01167	0.01134	0.01334	0.00825	0.00875	0.01626	0.02352	0.03303	0.56733	0.06769	0.07632	0.01817	0.01026	0.00283	0.00450	0.08847	0.00917	0.00801
47	0.64362	0.01621	0.01379	0.04125	0.01884	0.01825	0.01008	0.02550	0.01531	0.06894	0.01333	0.01525	0.01014	0.00796	0.00565	0.00256	0.00681	0.00497	0.00546	0.05607
48	0.01189	0.00869	0.01116	0.01054	0.01262	0.00796	0.00791	0.01576	0.02372	0.03326	0.60008	0.06499	0.12411	0.01772	0.01004	0.00269	0.00404	0.01559	0.00925	0.00796
49	0.01765	0.01513	0.01765	0.01260	0.02017	0.01134	0.01008	0.02143	0.01765	0.02773	0.01513	0.01765	0.01260	0.00630	0.00630	0.00126	0.00630	0.00504	0.00504	0.75295
50	0.01015	0.00862	0.00875	0.00872	0.01155	0.00722	0.00654	0.01239	0.01962	0.02351	0.11239	0.08104	0.61788	0.02136	0.01006	0.00286	0.00430	0.01784	0.00797	0.00722
51	0.01048	0.00745	0.00984	0.01170	0.01217	0.00699	0.00774	0.01188	0.01607	0.02142	0.04575	0.65867	0.05483	0.06535	0.01272	0.00373	0.00513	0.02351	0.00774	0.00681
52	0.01967	0.02199	0.04602	0.07474	0.04294	0.02186	0.51421	0.02617	0.01912	0.02617	0.01642	0.02246	0.01262	0.00810	0.01191	0.00296	0.08770	0.00960	0.00421	0.01111
53	0.01209	0.00813	0.00937	0.00965	0.00972	0.00806	0.00555	0.01230	0.01294	0.01725	0.02968	0.14708	0.03456	0.60459	0.03868	0.00757	0.00778	0.01406	0.00555	0.00541
54	0.04659	0.01729	0.01863	0.09192	0.02285	0.12418	0.01414	0.01959	0.01670	0.02188	0.02634	0.29040	0.02921	0.01761	0.01460	0.00322	0.19706	0.01375	0.00558	0.00845
55	0.03024	0.01505	0.01869	0.01496	0.02099	0.01406	0.01208	0.03834	0.16480	0.40302	0.03528	0.03184	0.06164	0.01103	0.00844	0.00256	0.00683	0.00904	0.00935	0.09175
56	0.01216	0.00912	0.01368	0.01368	0.01520	0.01064	0.01064	0.01520	0.01368	0.01976	0.02279	0.03343	0.02127	0.06382	0.66720	0.01368	0.02279	0.00912	0.00456	0.00760
57	0.02117	0.01828	0.01924	0.01732	0.02213	0.02117	0.01347	0.04522	0.63246	0.03560	0.03464	0.03175	0.02598	0.01155	0.00866	0.00289	0.00673	0.00962	0.00866	0.01347
58	0.01037	0.00741	0.00987	0.01185	0.01234	0.00691	0.00790	0.01185	0.01629	0.02172	0.04690	0.69537	0.05629	0.02666	0.01086	0.00346	0.00494	0.02419	0.00790	0.00691
59	0.02131	0.02062	0.03186	0.07083	0.43334	0.05274	0.06891	0.06357	0.05000	0.02881	0.02162	0.02540	0.05469	0.00891	0.00864	0.00259	0.01018	0.00844	0.00493	0.01262
60	0.31608	0.40505	0.05661	0.01361	0.02031	0.02731	0.01312	0.02536	0.01620	0.02752	0.01198	0.01389	0.01024	0.00756	0.00549	0.00218	0.00824	0.00464	0.00429	0.01031
61	0.04357	0.00913	0.01131	0.01097	0.01322	0.00857	0.00847	0.01610	0.02261	0.03196	0.48281	0.06719	0.14693	0.01817	0.01002	0.00283	0.00456	0.07479	0.00885	0.00795
62	0.01196	0.00870	0.01126	0.01062	0.01266	0.00799	0.00796	0.01590	0.02389	0.03367	0.62028	0.06433	0.10365	0.01757	0.01004	0.00268	0.00403	0.01550	0.00931	0.00799
63	0.01349	0.00913	0.01239	0.01309	0.03801	0.00997	0.00924	0.01640	0.01478	0.02266	0.02439	0.03578	0.02253	0.14151	0.38017	0.00945	0.01534	0.00923	0.19490	0.00756
64	0.01119	0.00882	0.01020	0.01030	0.01278	0.00783	0.00802	0.01416	0.02080	0.02662	0.24288	0.07868	0.38915	0.02063	0.01031	0.00297	0.00476	0.10404	0.00832	0.00753
65	0.02275	0.70604	0.04459	0.01456	0.02184	0.03367	0.01456	0.02548	0.01729	0.02002	0.01183	0.01365	0.01092	0.00728	0.00546	0.00182	0.00910	0.00455	0.00364	0.01092
66	0.01925	0.01745	0.02755	0.43391	0.18419	0.02040	0.02308	0.09473	0.02015	0.02688	0.01580	0.02189	0.01219	0.00877	0.00929	0.00277	0.03874	0.00757	0.00445	0.01095
67	0.02275	0.70604	0.04459	0.01456	0.02184	0.03367	0.01456	0.02548	0.01729	0.02002	0.01183	0.01365	0.01092	0.00728	0.00546	0.00182	0.00910	0.00455	0.00364	0.01092
68	0.02312	0.01784	0.01930	0.01707	0.02208	0.02017	0.01336	0.04479	0.56264	0.10658	0.03451	0.03143	0.02541	0.01143	0.00865	0.00286	0.00679	0.00950	0.00887	0.01359
69	0.01216	0.00912	0.01368	0.01368	0.01520	0.01064	0.01064	0.01520	0.01368	0.01976	0.02279	0.03343	0.02127	0.06382	0.66720	0.01368	0.02279	0.00912	0.00456	0.00760
70	0.03235	0.02384	0.02554	0.01958	0.02639	0.02639	0.01618	0.61946	0.04001	0.05363	0.02043	0.02043	0.01447	0.01022	0.00851	0.00255	0.00936	0.00766	0.00851	0.01447
71	0.01709	0.00982	0.01299	0.01156	0.01445	0.00889	0.00889	0.02096	0.02414	0.15370	0.52567	0.05689	0.06887	0.01607	0.00975	0.00267	0.00464	0.01407	0.00959	0.00928
72	0.01037	0.00741	0.00987	0.01185	0.01234	0.00691	0.00790	0.01185	0.01629	0.02172	0.04690	0.69537	0.05629	0.02666	0.01086	0.00346	0.00494	0.02419	0.00790	0.00691
73	0.02009	0.02296	0.05022	0.03587	0.04448	0.02152	0.61693	0.02726	0.02009	0.02726	0.01722	0.02296	0.01291	0.00717	0.01004	0.00287	0.01435	0.01004	0.00430	0.01148
74	0.01017	0.00863	0.00878	0.00874	0.01156	0.00723	0.00656	0.01243	0.01967	0.02363	0.11818	0.08085	0.61202	0.02131	0.01006	0.00286	0.00429	0.01781	0.00799	0.00723
75	0.01238	0.00825	0.00928	0.00928	0.00928	0.00825	0.00516	0.01238	0.01238	0.01650	0.02681	0.05569	0.03094	0.70092	0.04331	0.00825	0.00825	0.01238	0.00516	0.00516
76	0.02106	0.02022	0.03454	0.05223	0.64784	0.02022	0.02612	0.02612	0.01938	0.02780	0.01601	0.02106	0.01348	0.00758	0.00842	0.00253	0.01011	0.00758	0.00421	0.01348
77	0.02906	0.02068	0.02259	0.01791	0.02361	0.02254	0.01444	0.48982	0.03503	0.07646	0.02425	0.09431	0.02023	0.05521	0.01094	0.00301	0.00873	0.00975	0.00833	0.01309
78	0.01801	0.15383	0.55528	0.02265	0.03435	0.02207	0.02864	0.02671	0.01785	0.02580	0.01470	0.01725	0.01080	0.00795	0.00765	0.00255	0.01200	0.00600	0.00360	0.01230
79	0.01098	0.00838	0.01240	0.01335	0.01436	0.00783	0.04603	0.01281	0.01653	0.02207	0.04505	0.65327	0.05357	0.02544	0.01081	0.00342	0.00553	0.02331	0.00767	0.00720
80	0.01862	0.01862	0.02607	0.02234	0.02234	0.02607	0.01862	0.02048	0.01303	0.02048	0.01117	0.01862	0.01117	0.01489	0.02793	0.00372	0.68535	0.00745	0.00372	0.00931
81	0.01765	0.01513	0.01765	0.01260	0.02017	0.01134	0.01008	0.02143	0.01765	0.02773	0.01513	0.01765	0.01260	0.00630	0.00630	0.00126	0.00630	0.00504	0.00504	0.75295
82	0.03235	0.02384	0.02554	0.01958	0.02639	0.02639	0.01618	0.61946	0.04001	0.05363	0.02043	0.02043	0.01447	0.01022	0.00851	0.00255	0.00936	0.00766	0.00851	0.01447
83	0.01204	0.00870	0.01138	0.01071	0.01271	0.00803	0.00803	0.01606	0.02409	0.03413	0.64335	0.06357	0.08030	0.01740	0.01004	0.00268	0.00401	0.01539	0.00937	0.00803
84	0.01203	0.00893	0.01310	0.01325	0.01459	0.01019	0.01007	0.01475	0.01380	0.01970	0.02493	0.08628	0.02462	0.10200	0.57602	0.01253	0.02047	0.01050	0.00486	0.00739
85	0.02106	0.02022	0.03454	0.05223	0.64784	0.02022	0.02612	0.02612	0.01938	0.02780	0.01601	0.02106	0.01348	0.00758	0.00842	0.00253	0.01011	0.00758	0.00421	0.01348
86	0.01047	0.00745	0.00984	0.01172	0.01219	0.00698	0.00776	0.01188	0.01609	0.02146	0.04588	0.66283	0.05500	0.06096	0.01251	0.00370	0.00511	0.02359	0.00776	0.00682
87	0.02046	0.02280	0.04021	0.03031	0.03573	0.07054	0.37241	0.02548	0.01802	0.02452	0.01489	0.02094	0.01219	0.00988	0.01586	0.00311	0.23907	0.00884	0.00412	0.01063
88	0.03093	0.02278	0.02453	0.01908	0.02549	0.02514	0.01564	0.58030	0.03848	0.05158	0.02214	0.06393	0.01717	0.01128	0.00866	0.00261	0.00908	0.00873	0.00847	0.01399
89	0.76103	0.01646	0.01251	0.01119	0.01646	0.01909	0.00922	0.02502	0.01448	0.03818	0.01185	0.01382	0.00922	0.00790	0.00527	0.00263	0.00658	0.00461	0.00527	0.00922
90	0.01637	0.03648	0.50520	0.02260	0.03306	0.01781	0.06398	0.02505	0.01918	0.02823	0.12598	0.02631	0.02315	0.00967	0.00855	0.00270	0.01118	0.00813	0.00465	0.01171
91	0.02106	0.02022	0.03454	0.05223	0.64784	0.02022	0.02612	0.02612	0.01938	0.02780	0.01601	0.02106	0.01348	0.00758	0.00842	0.00253	0.01011	0.00758	0.00421	0.01348
92	0.01707	0.04402	0.65683	0.02426	0.03683	0.01976	0.03144	0.02695	0.01797	0.02695	0.01527	0.01797	0.01078	0.00809	0.00809	0.00270	0.01258	0.00629	0.00359	0.01258
93	0.76103	0.01646	0.01251	0.01119	0.01646	0.01909	0.00922	0.02502	0.01448	0.03818	0.01185	0.01382	0.00922	0.00790	0.00527	0.00263	0.00658	0.00461	0.00527	0.00922
94	0.01047	0.00745	0.00984	0.01172	0.01218	0.00698	0.00776	0.01188	0.01609	0.02145	0.04586	0.66197	0.05496	0.06187	0.01256	0.00371	0.00511	0.02358	0.00776	0.00682
95	0.03235	0.02384	0.02554	0.01958	0.02639	0.02639	0.01618	0.61946	0.04001	0.05363	0.02043	0.02043	0.01447	0.01022	0.00851	0.00255	0.00936	0.00766	0.00851	0.01447
96	0.01037	0.00741	0.00987	0.01185	0.01234	0.00691	0.00790	0.01185	0.01629	0.02172	0.04690	0.69537	0.05629	0.02666	0.01086	0.00346	0.00494	0.02419	0.00790	0.00691
97	0.01218	0.00902	0.01318	0.01318	0.01453	0.01037	0.01002	0.01488	0.01353	0.01939	0.02325	0.03593	0.02236	0.13533	0.59718	0.01307	0.02116	0.00948	0.00463	0.00732
98	0.76103	0.01646	0.01251	0.01119	0.01646	0.01909	0.00922	0.02502	0.01448	0.03818	0.01185	0.01382	0.00922	0.00790	0.00527	0.00263	0.00658	0.00461	0.00527	0.00922
99	0.01019	0.00863	0.00880	0.00876	0.01157	0.00724	0.00657	0.01246	0.01970	0.02371	0.12212	0.08072	0.60803	0.02128	0.01006	0.00286	0.00429	0.01779	0.00800	0.00724
100	0.01037	0.00741	0.00987	0.01185	0.01234	0.00691	0.00790	0.01185	0.01629	0.02172	0.04690	0.69537	0.05629	0.02666	0.01086	0.00346	0.00494	0.02419	0.00790	0.00691
101	0.03179	0.04056	0.02412	0.02192	0.02631	0.66676	0.01644	0.03398	0.02412	0.02083	0.01315	0.01535	0.01096	0.00877	0.00767	0.00219	0.01535	0.00548	0.00438	0.00987
102	0.01658	0.01487	0.02461	0.46175	0.04632	0.01795	0.06637	0.02175	0.01704	0.02369	0.01700	0.02383	0.01316	0.00920	0.00994	0.00278	0.07038	0.00781	0.12564	0.00935
103	0.01586	0.00793	0.00793	0.00793	0.00991	0.00793	0.00595	0.01983	0.01785	0.03173	0.02776	0.03173	0.02181	0.00991	0.00595	0.00198	0.00397	0.00793	0.74817	0.00793
104	0.01788	0.01656	0.02727	0.52465	0.17071	0.01955	0.02372	0.05380	0.01867	0.02458	0.01557	0.02226	0.01192	0.00842	0.00849	0.00276	0.01100	0.00757	0.00411	0.01049
105	0.02282	0.01464	0.01536	0.01285	0.01686	0.01572	0.01026	0.27277	0.02720	0.04097	0.02467	0.02696	0.01872	0.01004	0.00703	0.00222	0.00624	0.00782	0.43616	0.01069
106	0.02080	0.01995	0.03407	0.08504	0.61707	0.02015	0.02599	0.02589	0.01925	0.02749	0.01596	0.02115	0.01337	0.00763	0.00843	0.00254	0.01017	0.00758	0.00419	0.01327
107	0.01360	0.00962	0.01145	0.01098	0.01149	0.01031	0.00705	0.04167	0.01387	0.01886	0.02521	0.04936	0.02795	0.55380	0.11901	0.00843	0.04457	0.01150	0.00517	0.00611
108	0.76103	0.01646	0.01251	0.01119	0.01646	0.01909	0.00922	0.02502	0.01448	0.03818	0.01185	0.01382	0.00922	0.00790	0.00527	0.00263	0.00658	0.00461	0.00527	0.00922
109	0.03188	0.02360	0.02527	0.01948	0.02621	0.02617	0.01606	0.59523	0.06502	0.05287	0.02103	0.02091	0.01496	0.01027	0.00852	0.00257	0.00925	0.00774	0.00852	0.01443
110	0.06429	0.01655	0.02681	0.24237	0.33187	0.01784	0.02169	0.02264	0.01789	0.02567	0.01986	0.11695	0.01862	0.01061	0.00860	0.00276	0.00954	0.00975	0.00467	0.01101
111	0.01096	0.00806	0.01111	0.01378	0.04079	0.00761	0.00892	0.01269	0.01655	0.02213	0.04546	0.64368	0.05412	0.02570	0.01079	0.00343	0.00527	0.04396	0.00773	0.00724
112	0.01037	0.00741	0.00987	0.01185	0.01234	0.00691	0.00790	0.01185	0.01629	0.02172	0.04690	0.69537	0.05629	0.02666	0.01086	0.00346	0.00494	0.02419	0.00790	0.00691
113	0.01628	0.01534	0.02591	0.65395	0.08348	0.01896	0.02374	0.02193	0.01712	0.02200	0.01516	0.02262	0.01143	0.00847	0.00850	0.00282	0.01129	0.00756	0.00380	0.00962
114	0.01983	0.02311	0.06903	0.07015	0.08272	0.02124	0.52861	0.02689	0.01981	0.02699	0.01696	0.02265	0.01279	0.00730	0.00979	0.00284	0.01386	0.00963	0.00425	0.01154
115	0.01478	0.00739	0.01109	0.01109	0.01109	0.00739	0.00739	0.01109	0.01109	0.01478	0.01478	0.02587	0.01478	0.02956	0.03326	0.75240	0.00739	0.00739	0.00370	0.00370
116	0.01212	0.00814	0.00936	0.00960	0.00967	0.00808	0.00550	0.01231	0.01287	0.01716	0.02934	0.13621	0.03413	0.61605	0.03923	0.00765	0.00783	0.01386	0.00550	0.00538
117	0.01303	0.01092	0.01497	0.01521	0.01563	0.01286	0.01143	0.01474	0.01546	0.02153	0.03598	0.46133	0.04226	0.02294	0.01608	0.00356	0.21133	0.04642	0.00663	0.00768
118	0.01649	0.01594	0.02808	0.61377	0.05715	0.01918	0.08503	0.02231	0.01733	0.02231	0.01534	0.02272	0.01151	0.00837	0.00867	0.00284	0.01166	0.00782	0.00384	0.00966
119	0.01765	0.01513	0.01765	0.01260	0.02017	0.01134	0.01008	0.02143	0.01765	0.02773	0.01513	0.01765	0.01260	0.00630	0.00630	0.00126	0.00630	0.00504	0.00504	0.75295
120	0.02181	0.01860	0.01960	0.01745	0.02237	0.02147	0.01363	0.07817	0.59847	0.03663	0.03382	0.03110	0.02532	0.01147	0.00865	0.00287	0.00689	0.00951	0.00865	0.01353
121	0.01744	0.01786	0.03447	0.39255	0.05067	0.01936	0.25563	0.02361	0.01859	0.02455	0.04875	0.02493	0.01556	0.00845	0.00919	0.00284	0.01214	0.00894	0.00428	0.01017
122	0.02275	0.70604	0.04459	0.01456	0.02184	0.03367	0.01456	0.02548	0.01729	0.02002	0.01183	0.01365	0.01092	0.00728	0.00546	0.00182	0.00910	0.00455	0.00364	0.01092
123	0.01108	0.00791	0.01069	0.01266	0.01346	0.00752	0.00913	0.01307	0.01699	0.02252	0.04651	0.56871	0.05474	0.02600	0.01105	0.00355	0.00555	0.14387	0.00789	0.00711
124	0.03393	0.02195	0.02239	0.01898	0.04792	0.14049	0.01465	0.16632	0.06689	0.33797	0.02621	0.02439	0.01773	0.01008	0.00838	0.00254	0.00932	0.00781	0.00856	0.01350
125	0.01176	0.00869	0.01098	0.01041	0.01254	0.00791	0.00781	0.01551	0.02342	0.03254	0.56417	0.06617	0.16046	0.01799	0.01004	0.00270	0.00406	0.01576	0.00916	0.00791
126	0.01037	0.00741	0.00987	0.01185	0.01234	0.00691	0.00790	0.01185	0.01629	0.02172	0.04690	0.69537	0.05629	0.02666	0.01086	0.00346	0.00494	0.02419	0.00790	0.00691
127	0.02090	0.02092	0.02641	0.22868	0.13097	0.12284	0.04784	0.05952	0.04897	0.02545	0.01657	0.02182	0.01339	0.01181	0.03779	0.00320	0.10892	0.00752	0.03591	0.01056
128	0.01639	0.01545	0.02611	0.63998	0.09659	0.01899	0.02379	0.02203	0.01717	0.02213	0.01518	0.02258	0.01148	0.00845	0.00850	0.00282	0.01126	0.00756	0.00381	0.00971
129	0.01607	0.01513	0.02552	0.68047	0.05861	0.01891	0.02363	0.02174	0.01702	0.02174	0.01513	0.02269	0.01134	0.00851	0.00851	0.00284	0.01134	0.00756	0.00378	0.00945
130	0.02009	0.02296	0.05022	0.03587	0.04448	0.02152	0.61693	0.02726	0.02009	0.02726	0.01722	0.02296	0.01291	0.00717	0.01004	0.00287	0.01435	0.01004	0.00430	0.01148
131	0.01707	0.04402	0.65683	0.02426	0.03683	0.01976	0.03144	0.02695	0.01797	0.02695	0.01527	0.01797	0.01078	0.00809	0.00809	0.00270	0.01258	0.00629	0.00359	0.01258
132	0.01204	0.00870	0.01138	0.01071	0.01271	0.00803	0.00803	0.01606	0.02409	0.03413	0.64335	0.06357	0.08030	0.01740	0.01004	0.00268	0.00401	0.01539	0.00937	0.00803
133	0.01067	0.00865	0.00948	0.00927	0.01187	0.00745	0.00695	0.01341	0.02085	0.02644	0.25903	0.07621	0.46941	0.02026	0.01005	0.00281	0.00422	0.01716	0.00836	0.00745
134	0.01693	0.01554	0.02544	0.57896	0.09314	0.01881	0.02273	0.04834	0.01852	0.02414	0.04494	0.02440	0.01486	0.00894	0.00857	0.00280	0.01083	0.00794	0.00428	0.00987
135	0.01236	0.00829	0.00951	0.00951	0.00958	0.00837	0.00544	0.01252	0.01244	0.01667	0.02661	0.05456	0.03045	0.66851	0.07505	0.00853	0.00899	0.01221	0.00513	0.00528
136	0.01238	0.00825	0.00928	0.00928	0.00928	0.00825	0.00516	0.01238	0.01238	0.01650	0.02681	0.05569	0.03094	0.70092	0.04331	0.00825	0.00825	0.01238	0.00516	0.00516
137	0.02298	0.01867	0.01989	0.01745	0.02253	0.02133	0.01370	0.10184	0.54870	0.06298	0.03319	0.03052	0.02464	0.01137	0.00864	0.00284	0.00702	0.00938	0.00872	0.01361
138	0.03093	0.02247	0.02403	0.01858	0.02497	0.02480	0.01530	0.56791	0.03811	0.05175	0.02106	0.02140	0.01510	0.01019	0.00829	0.00250	0.00890	0.00769	0.07210	0.01391
139	0.01765	0.01513	0.01765	0.01260	0.02017	0.01134	0.01008	0.02143	0.01765	0.02773	0.01513	0.01765	0.01260	0.00630	0.00630	0.00126	0.00630	0.00504	0.00504	0.75295
140	0.01702	0.01645	0.02951	0.47041	0.05070	0.01910	0.14471	0.02269	0.01750	0.02346	0.01617	0.02312	0.01234	0.00865	0.00965	0.00283	0.04578	0.00809	0.05205	0.00977
141	0.03120	0.03857	0.02429	0.02181	0.02613	0.59991	0.01653	0.06694	0.02451	0.02269	0.01348	0.01579	0.01117	0.00914	0.00867	0.00229	0.04649	0.00570	0.00459	0.01010
142	0.02744	0.01929	0.02120	0.01693	0.02212	0.02087	0.01347	0.43162	0.03288	0.07978	0.05384	0.07168	0.02307	0.10980	0.01369	0.00343	0.00854	0.00983	0.00815	0.01235
143	0.02422	0.52348	0.11900	0.01588	0.02373	0.02889	0.01642	0.02794	0.01838	0.11096	0.01536	0.01638	0.01234	0.00785	0.00623	0.00205	0.00928	0.00534	0.00461	0.01164
144	0.01869	0.11045	0.01839	0.01296	0.01670	0.01493	0.01034	0.04788	0.12172	0.09905	0.24264	0.08453	0.07259	0.05014	0.01057	0.00290	0.00604	0.01207	0.03739	0.01003
145	0.01180	0.00906	0.01362	0.01418	0.01552	0.00861	0.05643	0.01402	0.01687	0.02242	0.04298	0.50473	0.05007	0.06825	0.01304	0.00379	0.00636	0.11351	0.00743	0.00731
146	0.02797	0.02675	0.02469	0.09141	0.09653	0.23213	0.01733	0.25527	0.02847	0.03511	0.01760	0.01995	0.01347	0.00926	0.00803	0.00242	0.01118	0.00695	0.06365	0.01184
147	0.02045	0.01766	0.01856	0.01676	0.02144	0.02026	0.01302	0.04309	0.59280	0.03478	0.03797	0.03500	0.06599	0.01219	0.00875	0.00289	0.00658	0.01016	0.00861	0.01306
148	0.01037	0.00741	0.00987	0.01185	0.01234	0.00691	0.00790	0.01185	0.01629	0.02172	0.04690	0.69537	0.05629	0.02666	0.01086	0.00346	0.00494	0.02419	0.00790	0.00691
149	0.01988	0.02255	0.04893	0.06953	0.04521	0.02138	0.58595	0.02697	0.01993	0.02697	0.01711	0.02294	0.01283	0.00724	0.00996	0.00287	0.01419	0.00991	0.00428	0.01137
150	0.18684	0.02245	0.02160	0.01736	0.02348	0.08583	0.01413	0.33447	0.05886	0.12363	0.02026	0.02016	0.01440	0.00969	0.00776	0.00256	0.00897	0.00701	0.00769	0.01286
151	0.02246	0.01545	0.01671	0.01412	0.01790	0.01660	0.01089	0.30159	0.02728	0.03847	0.02639	0.10827	0.02386	0.12329	0.01376	0.00344	0.00733	0.01043	0.19130	0.01046
152	0.01036	0.00746	0.00982	0.01172	0.01231	0.00692	0.00784	0.01186	0.01642	0.02178	0.04850	0.67054	0.08009	0.02645	0.01083	0.00343	0.00491	0.02394	0.00790	0.00692
153	0.01607	0.01513	0.02552	0.68047	0.05861	0.01891	0.02363	0.02174	0.01702	0.02174	0.01513	0.02269	0.01134	0.00851	0.00851	0.00284	0.01134	0.00756	0.00378	0.00945
154	0.03183	0.03926	0.02423	0.02174	0.02631	0.61702	0.01642	0.07945	0.02535	0.02338	0.01372	0.01574	0.01123	0.00888	0.00774	0.00222	0.01488	0.00565	0.00471	0.01022
155	0.01073	0.00901	0.00923	0.00912	0.01189	0.00786	0.00677	0.01379	0.04475	0.02377	0.10962	0.07765	0.56120	0.05285	0.01156	0.00312	0.00458	0.01722	0.00788	0.00739
156	0.08147	0.01648	0.02593	0.41124	0.13292	0.01905	0.05008	0.04820	0.03935	0.02630	0.01783	0.02652	0.01452	0.00937	0.00850	0.00283	0.01045	0.04401	0.00461	0.01035
157	0.03188	0.03771	0.02436	0.02152	0.02632	0.55771	0.01640	0.13368	0.02682	0.02641	0.01439	0.01621	0.01156	0.00902	0.00782	0.00225	0.01433	0.00585	0.00509	0.01065
158	0.01006	0.00862	0.00862	0.00862	0.01149	0.00718	0.00647	0.01221	0.01940	0.02299	0.08621	0.08190	0.64438	0.02155	0.01006	0.00287	0.00431	0.01796	0.00790	0.00718
159	0.01974	0.01636	0.01877	0.01360	0.02105	0.01348	0.01095	0.10642	0.02083	0.03141	0.01588	0.01804	0.01287	0.00686	0.00662	0.00144	0.00674	0.00541	0.00554	0.64800

[dist]
# distance from previous block
# <min> <max>
0	13

[block]
# block no. 4 follows, 21 sequences, length 125
# corresponding to MSA columns:
# 550-607,609-675
name=unknown_E
#
# <colnr> <probs for GDERKNQSTAVLIFYWHMCP>
#	G	D	E	R	K	N	Q	S	T	A	V	L	I	F	Y	W	H	M	C	P
0	0.09142	0.01732	0.01827	0.01647	0.02109	0.01968	0.01309	0.09587	0.42247	0.03652	0.06181	0.03707	0.02826	0.01258	0.00871	0.00293	0.00696	0.06889	0.00827	0.01232
1	0.01045	0.00747	0.00995	0.01179	0.01236	0.00697	0.00791	0.01206	0.01668	0.02234	0.07657	0.66394	0.05748	0.02620	0.01082	0.00342	0.00489	0.02375	0.00797	0.00697
2	0.01037	0.00741	0.00987	0.01185	0.01234	0.00691	0.00790	0.01185	0.01629	0.02172	0.04690	0.69537	0.05629	0.02666	0.01086	0.00346	0.00494	0.02419	0.00790	0.00691
3	0.01636	0.01543	0.02393	0.35323	0.03958	0.02013	0.01995	0.02032	0.01514	0.02101	0.01491	0.02290	0.01278	0.01902	0.11416	0.00477	0.24561	0.00776	0.00388	0.00913
4	0.01758	0.01667	0.02825	0.49027	0.23701	0.01930	0.02439	0.02307	0.01773	0.02358	0.01539	0.02220	0.01199	0.00823	0.00848	0.00274	0.01097	0.00757	0.00391	0.01067
