[name]
unknown

[dist]
# distance from previous block
# <min> <max>
0	30

[block]
# block no. 0 follows, 23 sequences, length 8
# corresponding to MSA columns:
# 30-37
name=unknown_A
#
# <colnr> <probs for GDERKNQSTAVLIFYWHMCP>
#	G	D	E	R	K	N	Q	S	T	A	V	L	I	F	Y	W	H	M	C	P
0	0.01925	0.01810	0.03059	0.04568	0.58759	0.01810	0.02350	0.02394	0.01850	0.02625	0.01854	0.02854	0.01686	0.00903	0.00841	0.00257	0.00938	0.07852	0.00443	0.01222
1	0.01606	0.01038	0.01460	0.01550	0.09053	0.00964	0.01031	0.01991	0.02247	0.12285	0.49395	0.05110	0.06096	0.01455	0.00919	0.00253	0.00496	0.01286	0.00851	0.00915
2	0.02372	0.02667	0.02619	0.02475	0.10947	0.29167	0.07345	0.04969	0.01974	0.02330	0.01340	0.01710	0.01131	0.00895	0.01123	0.00237	0.14592	0.00628	0.00426	0.11052
3	0.02068	0.02108	0.03024	0.14928	0.48181	0.10729	0.02330	0.02523	0.01872	0.02470	0.01477	0.01961	0.01221	0.00752	0.00795	0.00241	0.01049	0.00696	0.00397	0.01178
4	0.07537	0.01965	0.01976	0.01797	0.05570	0.13345	0.01346	0.11630	0.05374	0.06119	0.14812	0.02707	0.02587	0.01103	0.01071	0.00248	0.11446	0.00811	0.00624	0.07931
5	0.02366	0.01745	0.01941	0.01618	0.02108	0.01906	0.01291	0.24249	0.24015	0.09340	0.04845	0.07870	0.04411	0.01193	0.00903	0.00261	0.03338	0.00962	0.00796	0.04840
6	0.02126	0.02004	0.05726	0.06240	0.03304	0.01956	0.28410	0.12371	0.02134	0.07478	0.01871	0.02522	0.01487	0.00935	0.01081	0.00271	0.08656	0.04538	0.00532	0.06358
7	0.07158	0.03848	0.02180	0.08393	0.16505	0.01550	0.04609	0.06172	0.05590	0.07774	0.21852	0.03493	0.05261	0.01117	0.00836	0.00252	0.00730	0.00983	0.00660	0.01038

[dist]
# distance from previous block
# <min> <max>
0	12

[block]
# block no. 1 follows, 23 sequences, length 12
# corresponding to MSA columns:
# 50-61
name=unknown_B
#
# <colnr> <probs for GDERKNQSTAVLIFYWHMCP>
#	G	D	E	R	K	N	Q	S	T	A	V	L	I	F	Y	W	H	M	C	P
0	0.01887	0.01837	0.03081	0.12377	0.27117	0.01955	0.12464	0.04326	0.01769	0.02523	0.01458	0.01980	0.01204	0.00845	0.01134	0.00257	0.13102	0.00733	0.00412	0.09539
1	0.11426	0.01663	0.02409	0.04275	0.16297	0.01817	0.05921	0.03883	0.03189	0.14198	0.01899	0.06142	0.01574	0.01056	0.01216	0.00274	0.16858	0.00806	0.00554	0.04542
2	0.06874	0.01605	0.02289	0.03009	0.32195	0.01628	0.01701	0.02595	0.11871	0.02868	0.02107	0.02706	0.01771	0.00904	0.00757	0.00237	0.00762	0.04792	0.10252	0.09078
3	0.02444	0.02255	0.02784	0.07338	0.31947	0.11134	0.02003	0.21657	0.02504	0.03294	0.01613	0.01913	0.01267	0.00818	0.00790	0.00235	0.01005	0.00690	0.00532	0.03777
4	0.02309	0.11520	0.03550	0.03027	0.16954	0.18087	0.20775	0.06767	0.02059	0.02518	0.01456	0.01829	0.01178	0.00778	0.00869	0.00239	0.03844	0.00710	0.00427	0.01104
5	0.01996	0.01961	0.03483	0.04782	0.58530	0.01944	0.10230	0.02504	0.01856	0.02644	0.01541	0.02031	0.01278	0.00718	0.00823	0.00245	0.01015	0.00753	0.00403	0.01261
6	0.01390	0.00803	0.01174	0.01165	0.01171	0.00862	0.00809	0.01149	0.01137	0.01543	0.01767	0.11095	0.01880	0.02655	0.02854	0.59754	0.07040	0.00909	0.00403	0.00440
7	0.01675	0.01605	0.02198	0.14351	0.22934	0.07723	0.01709	0.02002	0.01667	0.02195	0.02210	0.17352	0.02266	0.06448	0.05195	0.00371	0.05597	0.01090	0.00478	0.00935
8	0.07230	0.26269	0.02948	0.02181	0.14632	0.10716	0.01534	0.08204	0.06306	0.02716	0.08284	0.02139	0.01904	0.00877	0.00695	0.00218	0.00882	0.00671	0.00510	0.01084
9	0.01911	0.01662	0.01993	0.01880	0.06160	0.07815	0.01405	0.06388	0.01930	0.07309	0.17428	0.07160	0.05042	0.01402	0.01536	0.00291	0.26126	0.01011	0.00609	0.00940
10	0.07137	0.02205	0.02284	0.29335	0.08015	0.21813	0.01827	0.02428	0.01836	0.02261	0.05635	0.02108	0.01508	0.00921	0.00946	0.00255	0.07442	0.00691	0.00425	0.00928
11	0.20256	0.01650	0.02251	0.21807	0.18437	0.01817	0.01761	0.06899	0.04060	0.11087	0.01711	0.02014	0.01269	0.00822	0.00736	0.00255	0.00866	0.00673	0.00534	0.01096

[dist]
# distance from previous block
# <min> <max>
22	37

[block]
# block no. 2 follows, 23 sequences, length 10
# corresponding to MSA columns:
# 100-109
name=unknown_C
#
# <colnr> <probs for GDERKNQSTAVLIFYWHMCP>
#	G	D	E	R	K	N	Q	S	T	A	V	L	I	F	Y	W	H	M	C	P
0	0.02638	0.02242	0.02404	0.02490	0.16861	0.13155	0.01650	0.25600	0.07626	0.08571	0.04398	0.02411	0.04320	0.00974	0.00809	0.00242	0.00932	0.00781	0.00669	0.01227
1	0.01090	0.00816	0.01092	0.01246	0.04220	0.00758	0.00828	0.01338	0.01854	0.02528	0.26474	0.39742	0.10761	0.02106	0.00991	0.00295	0.00458	0.01888	0.00787	0.00728
2	0.02008	0.01928	0.03294	0.04981	0.66422	0.01928	0.02490	0.02490	0.01848	0.02651	0.01526	0.02008	0.01285	0.00723	0.00803	0.00241	0.00964	0.00723	0.00402	0.01285
3	0.01549	0.01442	0.02352	0.62060	0.05188	0.01724	0.02112	0.02070	0.01629	0.02136	0.01442	0.02111	0.01095	0.00788	0.00788	0.00254	0.01029	0.00695	0.00374	0.09164
4	0.00989	0.00706	0.00942	0.01130	0.01177	0.00659	0.00753	0.01130	0.01554	0.02071	0.04472	0.70954	0.05367	0.02542	0.01036	0.00330	0.00471	0.02307	0.00753	0.00659
5	0.01941	0.02118	0.08002	0.07385	0.46316	0.01945	0.15262	0.02500	0.01842	0.02608	0.01542	0.02033	0.01247	0.00722	0.00834	0.00250	0.01070	0.00763	0.00398	0.01222
6	0.02318	0.02436	0.02759	0.10784	0.32939	0.20816	0.02056	0.06801	0.06455	0.02612	0.01591	0.01937	0.01284	0.00807	0.00786	0.00238	0.01092	0.00680	0.00458	0.01151
7	0.09309	0.01745	0.02755	0.03356	0.33970	0.01753	0.08584	0.07569	0.02016	0.07861	0.05862	0.07680	0.02016	0.00965	0.00821	0.00254	0.00874	0.00899	0.00551	0.01159
8	0.02258	0.01176	0.01568	0.01297	0.01736	0.01071	0.01026	0.02552	0.01816	0.28251	0.05037	0.03010	0.02160	0.07831	0.20733	0.00575	0.01102	0.00822	0.00695	0.15283
9	0.02301	0.01682	0.02620	0.07768	0.36119	0.01651	0.01937	0.02846	0.05813	0.17479	0.02120	0.02515	0.01641	0.00868	0.00805	0.00243	0.00852	0.03144	0.00584	0.07012

[dist]
# distance from previous block
# <min> <max>
0	1

[block]
# block no. 3 follows, 23 sequences, length 6
# corresponding to MSA columns:
# 111-116
name=unknown_D
#
# <colnr> <probs for GDERKNQSTAVLIFYWHMCP>
#	G	D	E	R	K	N	Q	S	T	A	V	L	I	F	Y	W	H	M	C	P
0	0.02541	0.01603	0.02017	0.01870	0.09401	0.01542	0.01330	0.10264	0.14234	0.23489	0.02546	0.05124	0.01899	0.00960	0.00777	0.00228	0.00707	0.00800	0.00753	0.17916
1	0.01424	0.00883	0.01146	0.01070	0.01305	0.00800	0.00805	0.01756	0.02179	0.10937	0.46522	0.13194	0.11417	0.01710	0.00949	0.00265	0.00433	0.01502	0.00880	0.00823
2	0.11363	0.06241	0.02142	0.01589	0.02170	0.06829	0.01306	0.29776	0.05751	0.14183	0.02042	0.02039	0.01466	0.00915	0.00730	0.00232	0.00814	0.00678	0.05299	0.04435
3	0.05220	0.10471	0.13635	0.01581	0.02135	0.05434	0.01477	0.13731	0.02156	0.09596	0.06204	0.10270	0.02434	0.07772	0.01112	0.00304	0.00850	0.03962	0.00623	0.01031
4	0.01992	0.01594	0.02005	0.13694	0.07980	0.04117	0.01488	0.12066	0.10578	0.07500	0.02555	0.17549	0.02362	0.01291	0.00950	0.00269	0.04624	0.01087	0.00641	0.05657
5	0.02205	0.01982	0.02834	0.02985	0.22686	0.06067	0.10844	0.11836	0.07234	0.06201	0.01958	0.06259	0.01636	0.00960	0.00962	0.00254	0.05948	0.00847	0.00553	0.05749

[dist]
# distance from previous block
# <min> <max>
1	16

[block]
# block no. 4 follows, 23 sequences, length 12
# corresponding to MSA columns:
# 133-144
name=unknown_E
#
# <colnr> <probs for GDERKNQSTAVLIFYWHMCP>
#	G	D	E	R	K	N	Q	S	T	A	V	L	I	F	Y	W	H	M	C	P
0	0.02110	0.01753	0.02491	0.05618	0.23475	0.01851	0.05154	0.10732	0.19639	0.06803	0.05694	0.06699	0.02234	0.01035	0.00842	0.00260	0.00818	0.00930	0.00651	0.01211
1	0.02080	0.01617	0.02595	0.03210	0.33066	0.01568	0.06171	0.02600	0.05483	0.12798	0.08266	0.05460	0.02315	0.04398	0.00994	0.00273	0.00830	0.00910	0.00590	0.04776
2	0.02309	0.01752	0.01966	0.01580	0.02103	0.01844	0.01261	0.25623	0.14434	0.06727	0.02270	0.05933	0.01858	0.04952	0.01069	0.00264	0.04646	0.00821	0.00704	0.17887
3	0.01767	0.01764	0.05699	0.05348	0.06920	0.05469	0.06595	0.02089	0.01538	0.05079	0.01739	0.05862	0.01616	0.05811	0.11742	0.00470	0.24022	0.00840	0.00443	0.05184
4	0.05372	0.01639	0.01826	0.01468	0.01992	0.01690	0.01175	0.23180	0.12259	0.12922	0.08335	0.02768	0.02295	0.04222	0.00926	0.00256	0.00695	0.00817	0.04678	0.11485
5	0.01707	0.01834	0.05494	0.02391	0.02761	0.01972	0.24031	0.02177	0.04425	0.02262	0.01854	0.09456	0.01772	0.06238	0.01822	0.00346	0.27063	0.01006	0.00447	0.00941
6	0.02545	0.01667	0.01876	0.01585	0.02105	0.01794	0.01262	0.11036	0.37941	0.21041	0.03321	0.03027	0.04866	0.01099	0.00827	0.00265	0.00675	0.00901	0.00870	0.01297
7	0.03031	0.03867	0.02299	0.02090	0.02508	0.68226	0.01568	0.03240	0.02299	0.01986	0.01254	0.01463	0.01045	0.00836	0.00732	0.00209	0.01463	0.00523	0.00418	0.00941
8	0.77215	0.01569	0.01193	0.01067	0.01569	0.01820	0.00879	0.02385	0.01381	0.03641	0.01130	0.01318	0.00879	0.00753	0.00502	0.00251	0.00628	0.00439	0.00502	0.00879
9	0.32489	0.06974	0.02031	0.01518	0.02055	0.08477	0.04896	0.19138	0.02216	0.03634	0.01544	0.01723	0.01182	0.00832	0.00644	0.00235	0.00818	0.00589	0.07972	0.01034
10	0.02540	0.01631	0.01897	0.01601	0.02085	0.01716	0.01309	0.26323	0.11158	0.16923	0.06557	0.07521	0.02771	0.01330	0.00886	0.00276	0.00741	0.10701	0.00844	0.01189
11	0.19337	0.02183	0.20080	0.01746	0.05587	0.01586	0.01648	0.04580	0.06328	0.09733	0.12935	0.03007	0.02562	0.01053	0.00772	0.00261	0.00787	0.04138	0.00618	0.01061

[dist]
# distance from previous block
# <min> <max>
0	7

[block]
# block no. 5 follows, 23 sequences, length 13
# corresponding to MSA columns:
# 152-164
name=unknown_F
#
# <colnr> <probs for GDERKNQSTAVLIFYWHMCP>
#	G	D	E	R	K	N	Q	S	T	A	V	L	I	F	Y	W	H	M	C	P
0	0.06639	0.11241	0.06870	0.01814	0.05171	0.07159	0.01510	0.21386	0.05783	0.12282	0.02239	0.06218	0.01849	0.01075	0.00783	0.00250	0.00869	0.05019	0.00672	0.01169
1	0.05068	0.15192	0.32617	0.04708	0.02850	0.02057	0.02103	0.10040	0.01932	0.02771	0.03192	0.01887	0.01324	0.01167	0.05409	0.00306	0.01087	0.00620	0.00438	0.05231
2	0.10395	0.02069	0.08941	0.01780	0.04929	0.01965	0.01493	0.30278	0.08958	0.05974	0.02697	0.07308	0.07423	0.01137	0.00804	0.00258	0.00797	0.00903	0.00710	0.01182
3	0.01777	0.23578	0.36877	0.01893	0.02768	0.04245	0.02205	0.02411	0.01754	0.02371	0.04375	0.02562	0.01701	0.00945	0.00741	0.00243	0.01028	0.07034	0.00413	0.01078
4	0.02161	0.50296	0.16740	0.01657	0.02421	0.10580	0.01734	0.02553	0.01738	0.02051	0.01209	0.01404	0.01039	0.00726	0.00596	0.00195	0.01005	0.00478	0.00355	0.01061
5	0.02075	0.01740	0.06289	0.01547	0.01979	0.01692	0.01276	0.29505	0.07083	0.03603	0.07500	0.19227	0.03015	0.08198	0.01195	0.00321	0.00746	0.01212	0.00741	0.01055
6	0.01923	0.02412	0.10882	0.13107	0.03976	0.08979	0.35155	0.02534	0.01868	0.02454	0.01531	0.02009	0.01163	0.00722	0.00858	0.00251	0.01247	0.00793	0.00402	0.07734
7	0.06554	0.42083	0.16199	0.01608	0.02382	0.02652	0.01681	0.09110	0.01925	0.07085	0.01427	0.01556	0.01134	0.00765	0.00621	0.00207	0.00910	0.00526	0.00451	0.01123
8	0.01343	0.00721	0.01017	0.01027	0.01030	0.00718	0.00666	0.01085	0.01107	0.01476	0.01794	0.06613	0.01918	0.16222	0.03247	0.57630	0.00708	0.00882	0.00401	0.00396
9	0.02065	0.01742	0.02555	0.21060	0.25323	0.01900	0.01996	0.17622	0.02275	0.03110	0.01906	0.02714	0.01590	0.00954	0.00825	0.00259	0.00932	0.06061	0.03974	0.01134
10	0.02158	0.03398	0.42319	0.02201	0.03196	0.02028	0.05796	0.19446	0.02336	0.06952	0.01701	0.01864	0.01192	0.00835	0.00795	0.00254	0.01095	0.00667	0.00513	0.01254
11	0.11071	0.00925	0.01160	0.01166	0.01316	0.01031	0.00858	0.01478	0.01317	0.02070	0.02382	0.11189	0.02455	0.18616	0.38309	0.00947	0.01486	0.01044	0.00492	0.00689
12	0.03118	0.09340	0.02382	0.01621	0.02271	0.02017	0.01363	0.31460	0.02909	0.27774	0.02302	0.02169	0.01569	0.00935	0.00771	0.00232	0.00799	0.00717	0.00816	0.05434

[dist]
# distance from previous block
# <min> <max>
0	2

[block]
# block no. 6 follows, 23 sequences, length 8
# corresponding to MSA columns:
# 167-174
name=unknown_G
#
# <colnr> <probs for GDERKNQSTAVLIFYWHMCP>
#	G	D	E	R	K	N	Q	S	T	A	V	L	I	F	Y	W	H	M	C	P
0	0.01173	0.04936	0.01207	0.01012	0.01220	0.00890	0.00760	0.01479	0.02065	0.02826	0.45411	0.10427	0.14844	0.06808	0.01169	0.00297	0.00450	0.01478	0.00803	0.00743
1	0.01518	0.01564	0.04219	0.11243	0.02504	0.06368	0.07589	0.01810	0.01583	0.02106	0.02603	0.30293	0.02850	0.01659	0.01362	0.00311	0.17683	0.01375	0.00529	0.00830
2	0.11038	0.01465	0.02193	0.16185	0.04634	0.01715	0.08009	0.02019	0.01607	0.04030	0.05000	0.09801	0.03765	0.01317	0.01298	0.00303	0.17595	0.06631	0.00509	0.00888
3	0.02616	0.10059	0.09385	0.02277	0.02869	0.43978	0.12438	0.02985	0.02113	0.02143	0.01330	0.01599	0.01075	0.00790	0.00755	0.00222	0.01364	0.00597	0.00403	0.01003
4	0.46159	0.05103	0.01768	0.01657	0.08210	0.07655	0.01197	0.08199	0.01743	0.03305	0.01348	0.01621	0.01089	0.01238	0.06463	0.00333	0.00904	0.00539	0.00501	0.00966
5	0.08258	0.01077	0.01315	0.01250	0.01545	0.01054	0.00982	0.02171	0.06357	0.13213	0.16566	0.13371	0.04178	0.07686	0.01191	0.00331	0.00606	0.14136	0.00772	0.03942
6	0.08399	0.08151	0.42661	0.02379	0.08058	0.02039	0.06402	0.07846	0.01886	0.02846	0.01465	0.01724	0.01079	0.00772	0.00748	0.00249	0.01093	0.00618	0.00406	0.01176
7	0.20163	0.01620	0.01793	0.06289	0.07164	0.01732	0.01257	0.07258	0.19860	0.03180	0.02007	0.02267	0.01601	0.04936	0.00891	0.00264	0.00712	0.00690	0.00595	0.15721

[dist]
# distance from previous block
# <min> <max>
5	16

[block]
# block no. 7 follows, 23 sequences, length 80
# corresponding to MSA columns:
# 191-270
name=unknown_H
#
# <colnr> <probs for GDERKNQSTAVLIFYWHMCP>
#	G	D	E	R	K	N	Q	S	T	A	V	L	I	F	Y	W	H	M	C	P
0	0.34024	0.10856	0.08393	0.01551	0.02186	0.02035	0.06712	0.10506	0.04216	0.03333	0.01481	0.01675	0.01142	0.00785	0.00631	0.00234	0.00800	0.00572	0.04047	0.04821
1	0.11116	0.05641	0.02191	0.43056	0.04043	0.01781	0.01791	0.02017	0.01597	0.02314	0.04868	0.08192	0.01758	0.01029	0.00898	0.00272	0.05275	0.00844	0.00438	0.00878
2	0.01256	0.01415	0.10509	0.01651	0.05438	0.01029	0.04978	0.01595	0.01673	0.02303	0.05647	0.41173	0.06668	0.01885	0.00948	0.00293	0.00668	0.04096	0.00641	0.06134
3	0.06686	0.15401	0.45147	0.02013	0.03008	0.05398	0.02409	0.02651	0.01747	0.06383	0.01475	0.01669	0.01081	0.00774	0.00712	0.00240	0.01089	0.00570	0.00397	0.01150
4	0.41553	0.02809	0.32372	0.01655	0.02486	0.01851	0.01879	0.02472	0.01538	0.03135	0.01284	0.01504	0.00949	0.00762	0.00629	0.00254	0.00897	0.00515	0.00427	0.01030
5	0.01891	0.17118	0.45768	0.02219	0.05947	0.05284	0.02520	0.05768	0.01844	0.02551	0.01412	0.01647	0.01061	0.00768	0.00724	0.00237	0.01121	0.00576	0.00374	0.01170
6	0.07399	0.01433	0.01692	0.01363	0.01892	0.04187	0.01098	0.05993	0.02236	0.40810	0.09361	0.05858	0.06557	0.01149	0.00813	0.00246	0.00669	0.00937	0.00873	0.05436
7	0.01276	0.00998	0.01370	0.01292	0.01522	0.00916	0.04762	0.04386	0.01725	0.02376	0.07897	0.43109	0.04264	0.07779	0.01210	0.00324	0.00587	0.01726	0.00682	0.11800
8	0.04740	0.01885	0.05936	0.02382	0.05791	0.02070	0.15992	0.02132	0.01528	0.02319	0.04135	0.02185	0.01476	0.03955	0.01853	0.00320	0.34380	0.00789	0.00412	0.05720
9	0.01457	0.01302	0.01776	0.01610	0.01725	0.03996	0.04099	0.01679	0.01372	0.01957	0.02049	0.09524	0.02091	0.11731	0.25220	0.00721	0.23253	0.00986	0.02685	0.00768
10	0.01624	0.01141	0.01393	0.01268	0.01404	0.01378	0.01008	0.04196	0.01623	0.02695	0.02222	0.06868	0.01931	0.01202	0.01287	0.00254	0.23021	0.00838	0.43829	0.00816
11	0.03413	0.01376	0.01840	0.01436	0.02031	0.01223	0.01177	0.03855	0.06277	0.59765	0.06363	0.02944	0.02322	0.01043	0.00824	0.00253	0.00672	0.00855	0.00987	0.01344
12	0.01830	0.02850	0.29007	0.02691	0.03570	0.01906	0.29803	0.02553	0.01833	0.05460	0.04968	0.02204	0.01512	0.00828	0.00980	0.00270	0.05362	0.00822	0.00432	0.01119
13	0.01443	0.01307	0.02091	0.46935	0.04206	0.01613	0.01844	0.01853	0.01536	0.02021	0.01910	0.11367	0.01804	0.05808	0.04448	0.00368	0.07225	0.00963	0.00423	0.00834
14	0.11251	0.60308	0.03773	0.01361	0.02022	0.02989	0.01322	0.02508	0.04445	0.02185	0.01225	0.01381	0.01086	0.00720	0.00532	0.00187	0.00829	0.00456	0.00387	0.01032
15	0.02074	0.30032	0.03240	0.01821	0.02267	0.08084	0.05854	0.05040	0.01683	0.02161	0.01255	0.01652	0.01129	0.01165	0.04163	0.00287	0.21855	0.00596	0.00392	0.05249
16	0.06956	0.01534	0.02513	0.18049	0.06518	0.01610	0.16318	0.05156	0.05793	0.02865	0.18037	0.03362	0.05667	0.01063	0.00868	0.00264	0.00873	0.01000	0.00584	0.00969
17	0.01894	0.02119	0.06136	0.15690	0.15150	0.06232	0.23652	0.02406	0.01744	0.02355	0.01449	0.02012	0.01163	0.00859	0.01184	0.00277	0.13455	0.00785	0.00387	0.01051
18	0.03035	0.03755	0.02309	0.02075	0.02509	0.63604	0.01566	0.07494	0.02406	0.02206	0.01303	0.01497	0.01069	0.00846	0.00737	0.00211	0.01423	0.00537	0.00446	0.00972
19	0.01707	0.01633	0.02459	0.34571	0.03810	0.02158	0.01997	0.04317	0.01522	0.02129	0.01280	0.01969	0.01085	0.01110	0.01702	0.00310	0.34239	0.00716	0.00375	0.00913
20	0.02974	0.01530	0.01863	0.01529	0.02087	0.01532	0.01230	0.04101	0.28042	0.40872	0.03243	0.02871	0.02201	0.01044	0.00820	0.00261	0.00671	0.00858	0.00931	0.01341
21	0.01122	0.00814	0.01057	0.01026	0.01203	0.00750	0.00758	0.01468	0.02190	0.03069	0.56294	0.13894	0.09750	0.01781	0.00967	0.00265	0.00394	0.01578	0.00871	0.00750
22	0.01017	0.00727	0.00972	0.01147	0.01211	0.00682	0.00789	0.01186	0.01612	0.02156	0.07678	0.63658	0.05442	0.02477	0.01037	0.00328	0.00484	0.05967	0.00760	0.00670
23	0.01267	0.00857	0.01115	0.01035	0.01251	0.00784	0.00781	0.01639	0.02281	0.06416	0.60677	0.05961	0.09559	0.01641	0.00950	0.00256	0.00399	0.01444	0.00894	0.00794
24	0.01203	0.00860	0.01188	0.01375	0.01517	0.00844	0.01127	0.01501	0.01765	0.02312	0.04354	0.29316	0.04897	0.02340	0.01093	0.00359	0.00657	0.41824	0.00749	0.00718
25	0.01883	0.02061	0.04186	0.07601	0.10790	0.02078	0.45183	0.02472	0.01804	0.02490	0.01543	0.02115	0.01207	0.00790	0.01148	0.00280	0.10009	0.00886	0.00399	0.01077
26	0.01970	0.02145	0.05811	0.03738	0.29580	0.04852	0.27034	0.02524	0.01874	0.02597	0.01550	0.02014	0.01235	0.00701	0.00841	0.00241	0.01120	0.00780	0.00412	0.08982
27	0.36821	0.16354	0.02199	0.01468	0.01982	0.18814	0.01221	0.06298	0.01808	0.02917	0.01208	0.01403	0.00989	0.00795	0.00646	0.00228	0.02945	0.00485	0.00464	0.00957
28	0.01892	0.02349	0.09769	0.03332	0.04183	0.02039	0.58654	0.02597	0.01899	0.02597	0.01627	0.02151	0.01215	0.00691	0.00943	0.00272	0.01355	0.00929	0.00405	0.01103
29	0.02160	0.01781	0.01948	0.05491	0.02337	0.02034	0.01361	0.16377	0.44877	0.03669	0.06700	0.02937	0.02483	0.01092	0.00830	0.00267	0.00703	0.00901	0.00801	0.01251
30	0.00989	0.00706	0.00942	0.01130	0.01177	0.00659	0.00753	0.01130	0.01554	0.02071	0.04472	0.70954	0.05367	0.02542	0.01036	0.00330	0.00471	0.02307	0.00753	0.00659
31	0.01548	0.00826	0.00832	0.00819	0.01027	0.00845	0.00618	0.02061	0.06151	0.03051	0.02693	0.03025	0.02108	0.00956	0.00585	0.00195	0.00397	0.00768	0.70701	0.00793
32	0.01180	0.00787	0.00885	0.00885	0.00885	0.00787	0.00492	0.01180	0.01180	0.01573	0.02557	0.05310	0.02950	0.71483	0.04130	0.00787	0.00787	0.01180	0.00492	0.00492
33	0.01518	0.01421	0.02392	0.66986	0.05434	0.01773	0.02207	0.02050	0.01611	0.02066	0.01470	0.02202	0.01117	0.01008	0.03330	0.00309	0.01122	0.00727	0.00363	0.00895
34	0.77215	0.01569	0.01193	0.01067	0.01569	0.01820	0.00879	0.02385	0.01381	0.03641	0.01130	0.01318	0.00879	0.00753	0.00502	0.00251	0.00628	0.00439	0.00502	0.00879
35	0.01911	0.01818	0.03035	0.18016	0.50329	0.01907	0.02374	0.02508	0.05365	0.02575	0.01609	0.02098	0.01311	0.00762	0.00806	0.00249	0.00970	0.00734	0.00417	0.01207
36	0.01623	0.00863	0.00874	0.00834	0.01056	0.00880	0.00636	0.06240	0.01850	0.03172	0.02598	0.02949	0.02031	0.00947	0.00584	0.00193	0.00414	0.00754	0.70700	0.00800
37	0.01082	0.00784	0.00951	0.01052	0.01127	0.00754	0.00689	0.01281	0.04142	0.02002	0.04281	0.43463	0.10841	0.21470	0.01873	0.00448	0.00559	0.01876	0.00684	0.00642
38	0.01002	0.00716	0.00953	0.01121	0.01180	0.00668	0.00754	0.01163	0.01615	0.02170	0.09601	0.65544	0.05558	0.02469	0.01029	0.00323	0.00463	0.02237	0.00765	0.00668
39	0.02108	0.01787	0.01885	0.01669	0.02144	0.02060	0.01306	0.09288	0.59834	0.03538	0.03189	0.02937	0.02385	0.01090	0.00824	0.00273	0.00663	0.00902	0.00824	0.01292
40	0.01565	0.00807	0.00812	0.00793	0.00997	0.00815	0.00600	0.03942	0.01772	0.03094	0.02624	0.02989	0.02057	0.00946	0.00575	0.00191	0.00395	0.00755	0.73494	0.00777
41	0.00989	0.00706	0.00942	0.01130	0.01177	0.00659	0.00753	0.01130	0.01554	0.02071	0.04472	0.70954	0.05367	0.02542	0.01036	0.00330	0.00471	0.02307	0.00753	0.00659
42	0.01425	0.01059	0.01440	0.01362	0.01570	0.01210	0.01063	0.10011	0.01644	0.02314	0.02160	0.03116	0.01982	0.08445	0.55974	0.01134	0.01932	0.00865	0.00489	0.00804
43	0.77215	0.01569	0.01193	0.01067	0.01569	0.01820	0.00879	0.02385	0.01381	0.03641	0.01130	0.01318	0.00879	0.00753	0.00502	0.00251	0.00628	0.00439	0.00502	0.00879
44	0.01547	0.01462	0.02437	0.65465	0.05380	0.01844	0.02225	0.02066	0.01600	0.02066	0.01419	0.02140	0.01081	0.00848	0.00923	0.00276	0.05241	0.00720	0.00360	0.00901
45	0.01148	0.00829	0.01085	0.01021	0.01212	0.00766	0.00766	0.01531	0.02297	0.03254	0.65994	0.06061	0.07656	0.01659	0.00957	0.00255	0.00383	0.01467	0.00893	0.00766
46	0.01627	0.04197	0.67279	0.02313	0.03512	0.01884	0.02998	0.02570	0.01713	0.02570	0.01456	0.01713	0.01028	0.00771	0.00771	0.00257	0.01199	0.00600	0.00343	0.01199
47	0.01148	0.00829	0.01085	0.01021	0.01212	0.00766	0.00766	0.01531	0.02297	0.03254	0.65994	0.06061	0.07656	0.01659	0.00957	0.00255	0.00383	0.01467	0.00893	0.00766
48	0.01223	0.00916	0.01264	0.01406	0.01523	0.00957	0.01132	0.01490	0.01694	0.02250	0.04094	0.32515	0.04638	0.02289	0.01217	0.00355	0.06441	0.33154	0.00717	0.00725
49	0.77215	0.01569	0.01193	0.01067	0.01569	0.01820	0.00879	0.02385	0.01381	0.03641	0.01130	0.01318	0.00879	0.00753	0.00502	0.00251	0.00628	0.00439	0.00502	0.00879
50	0.01180	0.00787	0.00885	0.00885	0.00885	0.00787	0.00492	0.01180	0.01180	0.01573	0.02557	0.05310	0.02950	0.71483	0.04130	0.00787	0.00787	0.01180	0.00492	0.00492
51	0.02018	0.01743	0.01835	0.01651	0.02110	0.02018	0.01284	0.04312	0.64956	0.03394	0.03303	0.03027	0.02477	0.01101	0.00826	0.00275	0.00642	0.00917	0.00826	0.01284
52	0.00977	0.00822	0.00850	0.00867	0.01127	0.00696	0.00655	0.01187	0.01838	0.02198	0.07874	0.10603	0.60589	0.02085	0.00970	0.00281	0.00429	0.04513	0.00753	0.00687
53	0.01673	0.09847	0.62025	0.02236	0.03393	0.01995	0.02864	0.02558	0.01708	0.02515	0.01429	0.01679	0.01029	0.00765	0.00750	0.00250	0.01172	0.00586	0.00343	0.01186
54	0.01667	0.03921	0.58673	0.02465	0.03612	0.01908	0.11327	0.02574	0.01741	0.02574	0.01482	0.01779	0.01056	0.00759	0.00797	0.00259	0.01222	0.00649	0.00352	0.01185
55	0.77215	0.01569	0.01193	0.01067	0.01569	0.01820	0.00879	0.02385	0.01381	0.03641	0.01130	0.01318	0.00879	0.00753	0.00502	0.00251	0.00628	0.00439	0.00502	0.00879
56	0.01915	0.02189	0.04788	0.03420	0.04241	0.02052	0.63475	0.02599	0.01915	0.02599	0.01642	0.02189	0.01231	0.00684	0.00958	0.00274	0.01368	0.00958	0.00410	0.01094
57	0.01921	0.02216	0.06853	0.03664	0.15583	0.02023	0.50062	0.02578	0.01895	0.02608	0.01614	0.02138	0.01233	0.00694	0.00922	0.00267	0.01288	0.00901	0.00406	0.01133
58	0.02408	0.01872	0.02072	0.01546	0.02230	0.01824	0.01262	0.33972	0.02787	0.03923	0.01704	0.01820	0.01294	0.00794	0.00710	0.00184	0.00752	0.00610	0.00652	0.37582
59	0.01159	0.00869	0.01304	0.01304	0.01449	0.01014	0.01014	0.01449	0.01304	0.01884	0.02173	0.03188	0.02029	0.06086	0.68268	0.01304	0.02173	0.00869	0.00435	0.00724
60	0.01734	0.01472	0.01710	0.01226	0.01945	0.01134	0.00983	0.04286	0.01760	0.02734	0.01461	0.01692	0.01208	0.00614	0.00609	0.00125	0.00612	0.00490	0.00493	0.73714
61	0.01008	0.00729	0.00953	0.01098	0.01177	0.00674	0.00747	0.01184	0.01667	0.02233	0.12725	0.58907	0.09094	0.02399	0.01021	0.00317	0.00456	0.02164	0.00772	0.00674
62	0.01178	0.00795	0.00927	0.00927	0.00942	0.00810	0.00544	0.01207	0.01193	0.01605	0.02518	0.05096	0.02857	0.64885	0.10601	0.00839	0.00927	0.01149	0.00486	0.00515
63	0.03085	0.02273	0.02435	0.01867	0.02516	0.02516	0.01542	0.63716	0.03815	0.05114	0.01948	0.01948	0.01380	0.00974	0.00812	0.00244	0.00893	0.00731	0.00812	0.01380
64	0.01683	0.01442	0.01683	0.01202	0.01923	0.01082	0.00961	0.02043	0.01683	0.02644	0.01442	0.01683	0.01202	0.00601	0.00601	0.00120	0.00601	0.00481	0.00481	0.76444
65	0.03063	0.01532	0.01912	0.01459	0.02086	0.01399	0.01196	0.14637	0.02484	0.40751	0.05657	0.02573	0.02016	0.00957	0.00783	0.00226	0.00697	0.00771	0.00868	0.14934
66	0.02885	0.02174	0.02323	0.01827	0.02440	0.02423	0.01494	0.52598	0.15258	0.04792	0.02202	0.02150	0.01585	0.00998	0.00814	0.00249	0.00846	0.00766	0.00814	0.01362
67	0.01818	0.01869	0.02378	0.02054	0.02099	0.07008	0.01695	0.01999	0.01351	0.01969	0.01482	0.02094	0.04735	0.01415	0.02431	0.00340	0.61248	0.00754	0.00382	0.00880
68	0.01595	0.00836	0.00844	0.00814	0.01027	0.00848	0.00618	0.05123	0.01812	0.03134	0.02610	0.02969	0.02043	0.00947	0.00580	0.00192	0.00405	0.00755	0.72057	0.00789
69	0.01683	0.01442	0.01683	0.01202	0.01923	0.01082	0.00961	0.02043	0.01683	0.02644	0.01442	0.01683	0.01202	0.00601	0.00601	0.00120	0.00601	0.00481	0.00481	0.76444
70	0.00987	0.00712	0.00935	0.01114	0.01173	0.00660	0.00746	0.01132	0.01569	0.02078	0.04668	0.67652	0.08542	0.02517	0.01032	0.00327	0.00468	0.02276	0.00753	0.00660
71	0.02154	0.01747	0.01860	0.01637	0.02114	0.01986	0.01283	0.09469	0.54867	0.06353	0.03324	0.03062	0.04244	0.01114	0.00828	0.00271	0.00660	0.00920	0.00830	0.01279
72	0.01000	0.00819	0.00882	0.00877	0.01124	0.00701	0.00654	0.01241	0.01932	0.02411	0.20267	0.10053	0.51237	0.01991	0.00962	0.00272	0.00408	0.01685	0.00783	0.00701
73	0.01760	0.01583	0.02153	0.37725	0.03959	0.01904	0.01799	0.03122	0.31299	0.02692	0.02314	0.02568	0.01735	0.00947	0.00818	0.00273	0.00876	0.00813	0.00578	0.01081
74	0.09761	0.01439	0.01841	0.01433	0.02045	0.01319	0.01181	0.05765	0.04635	0.57270	0.02990	0.02624	0.01911	0.00986	0.00790	0.00252	0.00690	0.00785	0.00949	0.01335
75	0.01118	0.00813	0.01073	0.01226	0.01333	0.00790	0.00900	0.01428	0.04644	0.02294	0.08707	0.49711	0.05240	0.02347	0.01039	0.00331	0.00533	0.14992	0.00765	0.00715
76	0.27326	0.04666	0.29435	0.01983	0.06245	0.01872	0.04847	0.02671	0.04684	0.07026	0.01548	0.01737	0.01133	0.00787	0.00689	0.00253	0.00933	0.00594	0.00468	0.01102
77	0.05971	0.22203	0.02725	0.01690	0.02231	0.13904	0.01418	0.15808	0.17735	0.03039	0.01853	0.01909	0.01459	0.00910	0.00781	0.00230	0.03771	0.00642	0.00582	0.01140
78	0.02479	0.02047	0.05362	0.01597	0.02161	0.05920	0.01348	0.35667	0.05508	0.04027	0.02252	0.02341	0.03854	0.00964	0.00748	0.00224	0.00796	0.00739	0.14609	0.07356
79	0.05173	0.14919	0.05461	0.04298	0.02517	0.05792	0.05277	0.18498	0.09186	0.05990	0.01740	0.01914	0.01346	0.00934	0.00988	0.00246	0.10074	0.00673	0.00570	0.04404

[dist]
# distance from previous block
# <min> <max>
1	6

[block]
# block no. 8 follows, 23 sequences, length 65
# corresponding to MSA columns:
# 277-341
name=unknown_I
#
# <colnr> <probs for GDERKNQSTAVLIFYWHMCP>
#	G	D	E	R	K	N	Q	S	T	A	V	L	I	F	Y	W	H	M	C	P
0	0.01802	0.01662	0.02726	0.34134	0.31346	0.01840	0.02234	0.05894	0.01847	0.02504	0.01667	0.05680	0.01411	0.00873	0.00820	0.00259	0.00988	0.00805	0.00426	0.01083
1	0.02065	0.27562	0.35138	0.01926	0.02837	0.09637	0.02196	0.02660	0.01784	0.05311	0.01402	0.01592	0.01081	0.00762	0.00682	0.00222	0.01089	0.00544	0.00384	0.01124
2	0.23506	0.26334	0.02682	0.11564	0.02515	0.04807	0.01390	0.08653	0.01802	0.02791	0.01276	0.01540	0.01044	0.00783	0.00674	0.00223	0.03225	0.00524	0.00449	0.04219
3	0.05753	0.01569	0.02545	0.54111	0.09170	0.01868	0.05287	0.05835	0.01771	0.02405	0.01471	0.02096	0.01110	0.00805	0.00802	0.00266	0.01053	0.00719	0.00400	0.00964
4	0.01990	0.01478	0.01774	0.01587	0.01950	0.04882	0.05241	0.08253	0.18123	0.11769	0.03406	0.27670	0.03276	0.01595	0.00913	0.00288	0.00704	0.03297	0.00772	0.01031
5	0.04558	0.14271	0.41892	0.01948	0.02849	0.01992	0.02301	0.02457	0.01744	0.05077	0.07748	0.02103	0.01714	0.00893	0.00854	0.00249	0.05145	0.00667	0.00430	0.01108
6	0.03316	0.01329	0.01790	0.01413	0.01981	0.01170	0.01151	0.03691	0.04432	0.58109	0.06039	0.06999	0.02474	0.01128	0.00836	0.00257	0.00662	0.00937	0.00978	0.01307
7	0.02597	0.01980	0.02672	0.06405	0.26876	0.02094	0.01888	0.28026	0.06097	0.10278	0.01964	0.02123	0.01453	0.00880	0.00810	0.00246	0.00895	0.00746	0.00654	0.01315
8	0.05878	0.09619	0.02280	0.07776	0.02413	0.06290	0.03842	0.04474	0.01983	0.25090	0.04433	0.05093	0.02013	0.01093	0.00957	0.00257	0.07005	0.04768	0.00671	0.04066
9	0.01003	0.00824	0.00883	0.00868	0.01123	0.00704	0.00651	0.01249	0.01953	0.02437	0.21548	0.07406	0.52611	0.01964	0.00959	0.00270	0.00404	0.01656	0.00786	0.00704
10	0.01031	0.00758	0.00967	0.01056	0.01176	0.00694	0.00738	0.01252	0.01812	0.02434	0.22972	0.43277	0.14411	0.02217	0.01002	0.00300	0.00437	0.01979	0.00794	0.00694
11	0.01646	0.01713	0.05148	0.44369	0.04878	0.01822	0.20025	0.02233	0.01715	0.02294	0.01566	0.02202	0.01177	0.00780	0.00839	0.00267	0.01131	0.00788	0.04448	0.00960
12	0.02110	0.08756	0.10602	0.03960	0.44454	0.05582	0.04596	0.02609	0.01864	0.05637	0.01552	0.01923	0.01253	0.00744	0.00776	0.00237	0.01011	0.00685	0.00420	0.01232
13	0.01235	0.00981	0.01449	0.01406	0.01533	0.01195	0.01108	0.01511	0.01297	0.01892	0.02037	0.03014	0.01910	0.05512	0.60203	0.01187	0.10512	0.00850	0.00425	0.00745
14	0.00998	0.00710	0.00939	0.01117	0.01162	0.00666	0.00740	0.01132	0.01534	0.02046	0.04374	0.67593	0.05243	0.06071	0.01194	0.00353	0.00487	0.02249	0.00740	0.00651
15	0.02360	0.01862	0.02058	0.01641	0.02204	0.01979	0.01323	0.30431	0.16200	0.03862	0.02205	0.05588	0.01760	0.01015	0.00866	0.00231	0.04082	0.00791	0.00712	0.18831
16	0.02642	0.01926	0.02336	0.01802	0.02427	0.02006	0.06870	0.33374	0.11570	0.11473	0.02518	0.02482	0.04851	0.00984	0.00812	0.00240	0.00821	0.00810	0.00762	0.09293
17	0.07172	0.05357	0.22819	0.01669	0.02446	0.01512	0.01732	0.03190	0.02040	0.35495	0.06591	0.02494	0.01959	0.00944	0.00779	0.00250	0.00837	0.00751	0.00726	0.01237
18	0.02575	0.01980	0.02159	0.01652	0.02305	0.02049	0.01348	0.40152	0.08754	0.04230	0.01923	0.01968	0.01427	0.00876	0.00751	0.00210	0.00784	0.00674	0.00716	0.23469
19	0.01688	0.01582	0.02681	0.46253	0.04669	0.01822	0.11469	0.05294	0.01770	0.02378	0.01539	0.02156	0.01172	0.00822	0.00893	0.00262	0.04085	0.00747	0.03961	0.04756
20	0.02008	0.01928	0.03294	0.04981	0.66422	0.01928	0.02490	0.02490	0.01848	0.02651	0.01526	0.02008	0.01285	0.00723	0.00803	0.00241	0.00964	0.00723	0.00402	0.01285
21	0.01825	0.01747	0.02937	0.27557	0.40705	0.01921	0.02359	0.02308	0.01728	0.02401	0.01466	0.02048	0.01199	0.00800	0.00929	0.00259	0.05583	0.00721	0.00384	0.01124
22	0.00989	0.00706	0.00942	0.01130	0.01177	0.00659	0.00753	0.01130	0.01554	0.02071	0.04472	0.70954	0.05367	0.02542	0.01036	0.00330	0.00471	0.02307	0.00753	0.00659
23	0.01274	0.00916	0.01406	0.01390	0.01568	0.00855	0.06814	0.01514	0.01712	0.06120	0.08381	0.50577	0.04871	0.02186	0.01017	0.00318	0.00587	0.06991	0.00745	0.00759
24	0.10116	0.02212	0.02730	0.03399	0.35004	0.09866	0.01961	0.19114	0.02385	0.03340	0.01568	0.01857	0.01241	0.00807	0.00766	0.00239	0.00969	0.00672	0.00525	0.01229
25	0.02004	0.02571	0.21901	0.10406	0.27770	0.01934	0.07809	0.08012	0.01987	0.05514	0.01616	0.01981	0.01223	0.00777	0.00809	0.00252	0.01062	0.00712	0.00443	0.01216
26	0.01142	0.00840	0.01076	0.01048	0.01249	0.00774	0.00806	0.01502	0.02195	0.03032	0.52091	0.06615	0.14591	0.01772	0.00975	0.00270	0.00426	0.07983	0.00860	0.00754
27	0.06089	0.21912	0.02511	0.04322	0.04297	0.11295	0.01359	0.02904	0.19906	0.02517	0.02453	0.02815	0.05608	0.01249	0.03694	0.00285	0.00907	0.04282	0.00557	0.01038
28	0.02548	0.01852	0.02086	0.05694	0.02404	0.01973	0.01374	0.38413	0.06262	0.07312	0.02231	0.07858	0.01793	0.01057	0.00795	0.00237	0.00788	0.00846	0.03942	0.10535
29	0.05529	0.26911	0.09166	0.01863	0.05772	0.05964	0.01624	0.14211	0.09044	0.05455	0.01659	0.01789	0.01308	0.00871	0.00813	0.00230	0.05502	0.00612	0.00526	0.01151
30	0.03085	0.02273	0.02435	0.01867	0.02516	0.02516	0.01542	0.63716	0.03815	0.05114	0.01948	0.01948	0.01380	0.00974	0.00812	0.00244	0.00893	0.00731	0.00812	0.01380
31	0.02509	0.01664	0.01777	0.01430	0.01904	0.01799	0.01159	0.38033	0.02958	0.06616	0.02260	0.02387	0.01669	0.00964	0.00719	0.00223	0.00690	0.00743	0.29353	0.01143
32	0.01210	0.00856	0.00998	0.00954	0.01209	0.00748	0.00718	0.01487	0.02035	0.06884	0.29558	0.10012	0.36655	0.01860	0.00953	0.00268	0.00422	0.01590	0.00823	0.00760
33	0.01020	0.00824	0.00906	0.00886	0.01133	0.00711	0.00664	0.01282	0.01993	0.02533	0.26770	0.07248	0.47330	0.01928	0.00958	0.00268	0.00402	0.01634	0.00798	0.00711
34	0.00989	0.00706	0.00942	0.01130	0.01177	0.00659	0.00753	0.01130	0.01554	0.02071	0.04472	0.70954	0.05367	0.02542	0.01036	0.00330	0.00471	0.02307	0.00753	0.00659
35	0.00995	0.00711	0.00947	0.01125	0.01178	0.00663	0.00754	0.01146	0.01583	0.02119	0.06929	0.68362	0.05458	0.02507	0.01033	0.00327	0.00467	0.02273	0.00759	0.00663
36	0.01684	0.06434	0.57075	0.02419	0.03551	0.01954	0.10573	0.02568	0.01736	0.02549	0.01468	0.01758	0.01054	0.00757	0.00785	0.00256	0.01208	0.00639	0.00351	0.01180
37	0.01884	0.01481	0.01734	0.01252	0.01963	0.01162	0.01007	0.05327	0.01834	0.07037	0.01585	0.01768	0.01264	0.00647	0.00626	0.00135	0.00622	0.00516	0.00532	0.67624
38	0.01116	0.00810	0.01080	0.01251	0.01376	0.00774	0.00967	0.01358	0.01709	0.02228	0.04744	0.39907	0.10653	0.02375	0.01063	0.00342	0.00578	0.26220	0.00751	0.00697
39	0.01833	0.29922	0.43356	0.01962	0.02969	0.02388	0.02387	0.02517	0.01689	0.02319	0.01332	0.01557	0.01033	0.00742	0.00676	0.00225	0.01073	0.00537	0.00344	0.01139
40	0.02195	0.01938	0.01927	0.01703	0.02178	0.06459	0.01330	0.10333	0.54530	0.03477	0.03028	0.02813	0.02270	0.01070	0.00818	0.00268	0.00722	0.00872	0.00797	0.01271
41	0.01875	0.01508	0.01776	0.04207	0.02134	0.01278	0.01087	0.05334	0.07928	0.06054	0.01735	0.01900	0.01369	0.00697	0.00653	0.00154	0.00644	0.00562	0.00551	0.58554
42	0.01005	0.00718	0.00961	0.01149	0.01203	0.00673	0.00782	0.01159	0.01570	0.02090	0.04463	0.67723	0.05330	0.02526	0.01040	0.00332	0.00485	0.05373	0.00753	0.00664
43	0.02018	0.01743	0.01835	0.01651	0.02110	0.02018	0.01284	0.04312	0.64956	0.03394	0.03303	0.03027	0.02477	0.01101	0.00826	0.00275	0.00642	0.00917	0.00826	0.01284
44	0.01574	0.01499	0.02443	0.57974	0.04996	0.01920	0.02171	0.02053	0.01557	0.02053	0.01378	0.02097	0.01079	0.00916	0.01129	0.00285	0.12900	0.00719	0.00360	0.00899
45	0.01180	0.00787	0.00885	0.00885	0.00885	0.00787	0.00492	0.01180	0.01180	0.01573	0.02557	0.05310	0.02950	0.71483	0.04130	0.00787	0.00787	0.01180	0.00492	0.00492
46	0.00989	0.00706	0.00942	0.01130	0.01177	0.00659	0.00753	0.01130	0.01554	0.02071	0.04472	0.70954	0.05367	0.02542	0.01036	0.00330	0.00471	0.02307	0.00753	0.00659
47	0.06681	0.02192	0.02250	0.01785	0.02386	0.05442	0.01455	0.46027	0.12890	0.07401	0.02137	0.02095	0.01535	0.00977	0.00795	0.00247	0.00859	0.00738	0.00788	0.01319
48	0.03085	0.02273	0.02435	0.01867	0.02516	0.02516	0.01542	0.63716	0.03815	0.05114	0.01948	0.01948	0.01380	0.00974	0.00812	0.00244	0.00893	0.00731	0.00812	0.01380
49	0.01210	0.00872	0.01149	0.01076	0.01135	0.00858	0.04693	0.01269	0.01264	0.01689	0.02679	0.11369	0.03067	0.60208	0.03624	0.00709	0.00795	0.01273	0.00511	0.00548
50	0.06043	0.01733	0.01903	0.01484	0.02112	0.01712	0.01195	0.19138	0.16070	0.06983	0.02062	0.02087	0.01555	0.00839	0.00713	0.00201	0.00694	0.00659	0.00674	0.32143
51	0.02084	0.25414	0.23961	0.01990	0.02727	0.08067	0.06081	0.02578	0.01725	0.06076	0.01393	0.01662	0.01111	0.00853	0.00974	0.00241	0.10987	0.00592	0.00396	0.01085
52	0.01059	0.00798	0.01081	0.01217	0.01265	0.00820	0.00846	0.01210	0.01517	0.02053	0.04089	0.62113	0.04861	0.02634	0.04569	0.00381	0.05992	0.02109	0.00706	0.00680
53	0.09018	0.05178	0.02465	0.05184	0.09763	0.07841	0.01620	0.34991	0.06068	0.03928	0.01740	0.01890	0.01311	0.00925	0.00860	0.00247	0.04421	0.00683	0.00644	0.01224
54	0.05428	0.10243	0.46585	0.02218	0.03242	0.05570	0.08214	0.02569	0.01740	0.02532	0.01415	0.01685	0.01048	0.00753	0.00744	0.00243	0.01150	0.00601	0.00366	0.03655
55	0.00989	0.00706	0.00942	0.01130	0.01177	0.00659	0.00753	0.01130	0.01554	0.02071	0.04472	0.70954	0.05367	0.02542	0.01036	0.00330	0.00471	0.02307	0.00753	0.00659
56	0.01180	0.00787	0.00885	0.00885	0.00885	0.00787	0.00492	0.01180	0.01180	0.01573	0.02557	0.05310	0.02950	0.71483	0.04130	0.00787	0.00787	0.01180	0.00492	0.00492
57	0.20488	0.11082	0.02229	0.01532	0.02108	0.05692	0.01284	0.30918	0.02661	0.07181	0.01721	0.01802	0.01278	0.00878	0.00680	0.00231	0.00812	0.00618	0.05652	0.01153
58	0.01362	0.01110	0.01323	0.01165	0.01566	0.00925	0.00866	0.01714	0.04693	0.02413	0.03278	0.30382	0.07877	0.01525	0.00816	0.00224	0.00536	0.01338	0.00629	0.36256
59	0.02224	0.02042	0.01937	0.01552	0.02143	0.12971	0.01223	0.15391	0.10953	0.03128	0.01892	0.04620	0.01552	0.00865	0.00715	0.00191	0.00810	0.00672	0.00597	0.34522
60	0.02234	0.01557	0.01859	0.01672	0.04509	0.01632	0.01313	0.28534	0.02844	0.08597	0.18311	0.04533	0.03659	0.01401	0.00912	0.00274	0.00724	0.13526	0.00816	0.01092
61	0.06381	0.02013	0.02519	0.19856	0.17431	0.06073	0.01887	0.24287	0.05790	0.03431	0.01710	0.02010	0.01293	0.00863	0.00789	0.00250	0.00964	0.00708	0.00565	0.01178
62	0.01653	0.07391	0.64309	0.02269	0.03445	0.01947	0.02922	0.02563	0.01710	0.02539	0.01441	0.01694	0.01029	0.00767	0.00759	0.00253	0.01184	0.00592	0.00343	0.01192
63	0.00992	0.00732	0.00916	0.01060	0.01148	0.00670	0.00715	0.01139	0.01591	0.02070	0.05085	0.55911	0.16673	0.05775	0.01170	0.00341	0.00475	0.02141	0.00741	0.00656
64	0.01373	0.01136	0.01743	0.21030	0.09255	0.01222	0.01551	0.01768	0.01788	0.02358	0.08218	0.14292	0.06255	0.01667	0.00970	0.00312	0.00785	0.22830	0.00615	0.00833

[dist]
# distance from previous block
# <min> <max>
0	2

[block]
# block no. 9 follows, 23 sequences, length 19
# corresponding to MSA columns:
# 344-362
name=unknown_J
#
# <colnr> <probs for GDERKNQSTAVLIFYWHMCP>
#	G	D	E	R	K	N	Q	S	T	A	V	L	I	F	Y	W	H	M	C	P
0	0.02914	0.01899	0.02109	0.01663	0.02237	0.02036	0.01357	0.41426	0.07801	0.16084	0.02422	0.04749	0.01773	0.01043	0.00803	0.00246	0.00783	0.00819	0.06536	0.01300
1	0.03598	0.01448	0.01925	0.01476	0.02105	0.01293	0.01219	0.08478	0.02435	0.62301	0.03106	0.02700	0.01961	0.01002	0.00816	0.00251	0.00706	0.00810	0.00990	0.01381
2	0.01304	0.00875	0.01103	0.01037	0.01278	0.00790	0.00796	0.01645	0.02184	0.07751	0.46202	0.06337	0.19006	0.01722	0.00956	0.00265	0.00431	0.04658	0.00865	0.00794
3	0.01205	0.04937	0.01288	0.04642	0.01497	0.00957	0.00883	0.01431	0.01579	0.02194	0.08005	0.36986	0.04023	0.06838	0.10014	0.00448	0.00763	0.01588	0.06187	0.04535
4	0.02423	0.52166	0.03699	0.01573	0.02206	0.16549	0.01438	0.07673	0.01962	0.02190	0.01222	0.01388	0.01070	0.00747	0.00588	0.00187	0.00993	0.00477	0.00400	0.01049
5	0.02181	0.01658	0.01810	0.01515	0.02040	0.01758	0.01199	0.11615	0.35840	0.08140	0.02724	0.02617	0.02032	0.00973	0.00763	0.00234	0.00652	0.00793	0.06385	0.15071
6	0.02093	0.01377	0.01680	0.01243	0.01899	0.01081	0.00999	0.02445	0.01882	0.17637	0.07197	0.02296	0.01924	0.00782	0.00680	0.00162	0.00604	0.00640	0.00636	0.52743
7	0.00989	0.00706	0.00942	0.01130	0.01177	0.00659	0.00753	0.01130	0.01554	0.02071	0.04472	0.70954	0.05367	0.02542	0.01036	0.00330	0.00471	0.02307	0.00753	0.00659
8	0.03061	0.02967	0.02376	0.01964	0.02513	0.31120	0.01553	0.37390	0.03155	0.03752	0.01646	0.01737	0.01234	0.00914	0.00777	0.00229	0.01141	0.00640	0.00640	0.01189
9	0.44796	0.01531	0.01524	0.01254	0.01813	0.01611	0.01035	0.06095	0.01871	0.28402	0.01978	0.01913	0.01344	0.00862	0.00640	0.00251	0.00666	0.00601	0.00713	0.01100
10	0.01047	0.00768	0.00983	0.01050	0.01181	0.00704	0.00742	0.01291	0.01880	0.02548	0.28963	0.37998	0.13568	0.02138	0.00996	0.00294	0.00429	0.01907	0.00808	0.00704
11	0.77215	0.01569	0.01193	0.01067	0.01569	0.01820	0.00879	0.02385	0.01381	0.03641	0.01130	0.01318	0.00879	0.00753	0.00502	0.00251	0.00628	0.00439	0.00502	0.00879
12	0.01153	0.00840	0.01104	0.01155	0.01330	0.00791	0.00905	0.01482	0.02024	0.02748	0.34140	0.16851	0.11551	0.01992	0.01016	0.00302	0.00502	0.18558	0.00818	0.00737
13	0.01442	0.01231	0.01289	0.01203	0.01553	0.01282	0.00923	0.02585	0.29857	0.02798	0.09988	0.05570	0.33896	0.01605	0.00900	0.00273	0.00512	0.01343	0.00795	0.00956
14	0.02199	0.01426	0.01735	0.01266	0.01962	0.01111	0.01022	0.02547	0.01851	0.19604	0.01906	0.01967	0.01415	0.00707	0.00658	0.00155	0.00625	0.00569	0.00619	0.56657
15	0.00989	0.00706	0.00942	0.01130	0.01177	0.00659	0.00753	0.01130	0.01554	0.02071	0.04472	0.70954	0.05367	0.02542	0.01036	0.00330	0.00471	0.02307	0.00753	0.00659
