[name]
unknown

[dist]
# distance from previous block
# <min> <max>
1	26

[block]
# block no. 0 follows, 25 sequences, length 6
# corresponding to MSA columns:
# 27-32
name=unknown_A
#
# <colnr> <probs for GDERKNQSTAVLIFYWHMCP>
#	G	D	E	R	K	N	Q	S	T	A	V	L	I	F	Y	W	H	M	C	P
0	0.01296	0.01038	0.01374	0.13081	0.02025	0.01105	0.01062	0.01992	0.13397	0.02854	0.39984	0.09693	0.05198	0.01416	0.00874	0.00255	0.00531	0.01248	0.00745	0.00834
1	0.55258	0.01637	0.01424	0.01224	0.01723	0.01878	0.01000	0.13336	0.10313	0.03689	0.01487	0.01578	0.01123	0.00800	0.00571	0.00242	0.00645	0.00528	0.00571	0.00973
2	0.15315	0.01360	0.01864	0.34271	0.03423	0.01483	0.01509	0.02222	0.01583	0.11073	0.01546	0.01934	0.01150	0.00842	0.00791	0.03702	0.00813	0.00613	0.00469	0.14037
3	0.59412	0.14349	0.06379	0.01157	0.01716	0.01978	0.01067	0.02299	0.01387	0.03115	0.01101	0.01283	0.00877	0.00711	0.00501	0.00227	0.00678	0.00430	0.00443	0.00889
4	0.01757	0.01488	0.01873	0.10592	0.02376	0.01541	0.01288	0.02468	0.14759	0.05582	0.01757	0.01993	0.01395	0.00850	0.00992	0.00208	0.12783	0.00627	0.00514	0.35155
5	0.38741	0.01404	0.01267	0.01134	0.01560	0.01577	0.00903	0.02708	0.20120	0.03258	0.01948	0.02035	0.01497	0.00840	0.00585	0.00230	0.00560	0.00607	0.14100	0.04928

[dist]
# distance from previous block
# <min> <max>
4	13

[block]
# block no. 1 follows, 25 sequences, length 51
# corresponding to MSA columns:
# 46-96
name=unknown_B
#
# <colnr> <probs for GDERKNQSTAVLIFYWHMCP>
#	G	D	E	R	K	N	Q	S	T	A	V	L	I	F	Y	W	H	M	C	P
0	0.01321	0.00827	0.00989	0.00987	0.01220	0.00722	0.00724	0.01518	0.01750	0.12148	0.07989	0.29751	0.33228	0.01964	0.00922	0.00277	0.00453	0.01700	0.00761	0.00749
1	0.01168	0.00962	0.00998	0.01094	0.01157	0.06734	0.00717	0.01271	0.01446	0.01837	0.03484	0.46969	0.04110	0.22224	0.01802	0.00429	0.00619	0.01749	0.00621	0.00608
2	0.12779	0.01754	0.01834	0.01542	0.02051	0.01966	0.01235	0.20936	0.34386	0.09470	0.02502	0.02359	0.01826	0.00965	0.00742	0.00249	0.00683	0.00756	0.00758	0.01208
3	0.02969	0.01560	0.01878	0.01503	0.02062	0.01570	0.01221	0.14460	0.19832	0.39901	0.02879	0.02574	0.01937	0.00980	0.00782	0.00245	0.00681	0.00792	0.00882	0.01294
4	0.01503	0.02497	0.30544	0.41704	0.04497	0.01756	0.02456	0.02183	0.01587	0.02183	0.01384	0.01884	0.01012	0.00759	0.00759	0.00253	0.01081	0.00640	0.00337	0.00982
5	0.30416	0.03700	0.01739	0.01366	0.01872	0.04286	0.01109	0.25009	0.02287	0.11738	0.01729	0.01986	0.01329	0.07162	0.00936	0.00279	0.00746	0.00629	0.00637	0.01045
6	0.02133	0.01388	0.01604	0.01519	0.07423	0.01458	0.01090	0.25045	0.02444	0.07530	0.06358	0.02601	0.02012	0.00941	0.00685	0.00212	0.00608	0.00758	0.33171	0.01020
7	0.09410	0.01339	0.02089	0.57477	0.04573	0.01637	0.01892	0.01966	0.01583	0.02236	0.07163	0.02311	0.01566	0.00841	0.00757	0.00255	0.00930	0.00724	0.00403	0.00848
8	0.08472	0.01275	0.01674	0.01328	0.01871	0.01137	0.01082	0.03437	0.02092	0.58071	0.03028	0.08665	0.02126	0.01072	0.00777	0.00247	0.00637	0.00880	0.00905	0.01225
9	0.01768	0.01974	0.04247	0.03055	0.03770	0.01854	0.59414	0.02364	0.01768	0.02397	0.01646	0.02354	0.01321	0.06995	0.01182	0.00305	0.01258	0.00934	0.00399	0.00995
10	0.08666	0.01895	0.02989	0.04262	0.56977	0.04524	0.04664	0.02403	0.01746	0.02589	0.01419	0.01847	0.01183	0.00696	0.00745	0.00231	0.00927	0.00668	0.00393	0.01174
11	0.78228	0.01499	0.01140	0.01020	0.01499	0.01739	0.00840	0.02279	0.01320	0.03479	0.01080	0.01260	0.00840	0.00720	0.00480	0.00240	0.00600	0.00420	0.00480	0.00840
12	0.02073	0.73217	0.04063	0.01327	0.01990	0.03068	0.01327	0.02322	0.01575	0.01824	0.01078	0.01244	0.00995	0.00663	0.00498	0.00166	0.00829	0.00415	0.00332	0.00995
13	0.68989	0.01477	0.01221	0.01064	0.01559	0.01665	0.00877	0.02465	0.01431	0.11509	0.01324	0.01430	0.00973	0.00749	0.00517	0.00240	0.00607	0.00464	0.00539	0.00899
14	0.01445	0.00723	0.00723	0.00723	0.00903	0.00723	0.00542	0.01807	0.01626	0.02891	0.02529	0.02891	0.01987	0.00903	0.00542	0.00181	0.00361	0.00723	0.77055	0.00723
15	0.78228	0.01499	0.01140	0.01020	0.01499	0.01739	0.00840	0.02279	0.01320	0.03479	0.01080	0.01260	0.00840	0.00720	0.00480	0.00240	0.00600	0.00420	0.00480	0.00840
16	0.01718	0.05899	0.01989	0.01470	0.01912	0.05897	0.01200	0.01988	0.01516	0.02230	0.01357	0.04364	0.01247	0.00895	0.01170	0.00197	0.21329	0.00592	0.00423	0.42609
17	0.02374	0.01887	0.02004	0.01668	0.02186	0.02136	0.01335	0.30856	0.39052	0.03961	0.02590	0.02442	0.01909	0.00999	0.00783	0.00250	0.00718	0.00799	0.00783	0.01267
18	0.01078	0.00778	0.01019	0.00989	0.01154	0.00719	0.00730	0.01415	0.02106	0.02968	0.59578	0.14123	0.07042	0.01691	0.00924	0.00253	0.00376	0.01503	0.00837	0.00719
19	0.00961	0.00682	0.00895	0.01059	0.01100	0.00641	0.00697	0.01084	0.01453	0.01937	0.04111	0.66265	0.04923	0.08689	0.01253	0.00354	0.00477	0.02108	0.00697	0.00616
20	0.78228	0.01499	0.01140	0.01020	0.01499	0.01739	0.00840	0.02279	0.01320	0.03479	0.01080	0.01260	0.00840	0.00720	0.00480	0.00240	0.00600	0.00420	0.00480	0.00840
21	0.01665	0.01332	0.01624	0.07378	0.02086	0.01137	0.01035	0.02154	0.06645	0.06070	0.06474	0.02232	0.01783	0.03291	0.00764	0.00178	0.00614	0.00622	0.00530	0.52385
22	0.24598	0.01850	0.04321	0.01488	0.01997	0.01995	0.01258	0.30497	0.06675	0.03880	0.03607	0.02034	0.03222	0.00942	0.00800	0.00243	0.05214	0.00668	0.03632	0.01079
23	0.02947	0.02172	0.02327	0.01784	0.02404	0.02404	0.01474	0.65329	0.03646	0.04887	0.01862	0.01862	0.01319	0.00931	0.00776	0.00233	0.00853	0.00698	0.00776	0.01319
24	0.78228	0.01499	0.01140	0.01020	0.01499	0.01739	0.00840	0.02279	0.01320	0.03479	0.01080	0.01260	0.00840	0.00720	0.00480	0.00240	0.00600	0.00420	0.00480	0.00840
25	0.02266	0.01833	0.01943	0.01646	0.02145	0.02086	0.01309	0.24415	0.45668	0.03788	0.02727	0.02551	0.02019	0.01012	0.00785	0.00253	0.00693	0.00817	0.00785	0.01258
26	0.00958	0.00685	0.00912	0.01070	0.01128	0.00639	0.00721	0.01114	0.01548	0.02080	0.09902	0.66329	0.05323	0.02354	0.00983	0.00309	0.00442	0.02133	0.00732	0.00639
27	0.03056	0.01998	0.02220	0.01702	0.02318	0.02147	0.01406	0.52809	0.03355	0.17816	0.02105	0.02020	0.01441	0.00937	0.00776	0.00234	0.00814	0.00715	0.00813	0.01319
28	0.02947	0.02172	0.02327	0.01784	0.02404	0.02404	0.01474	0.65329	0.03646	0.04887	0.01862	0.01862	0.01319	0.00931	0.00776	0.00233	0.00853	0.00698	0.00776	0.01319
29	0.00971	0.00723	0.00953	0.03820	0.01297	0.00685	0.00777	0.01136	0.01532	0.02005	0.04596	0.59429	0.12666	0.02297	0.00975	0.00307	0.00474	0.04007	0.00705	0.00645
30	0.62128	0.07931	0.01536	0.05551	0.01841	0.05927	0.01006	0.02313	0.01409	0.03143	0.01106	0.01318	0.00875	0.00723	0.00513	0.00232	0.00695	0.00441	0.00453	0.00858
31	0.01265	0.01083	0.01330	0.01312	0.01474	0.07009	0.01016	0.01535	0.01330	0.01809	0.02000	0.02901	0.01856	0.05374	0.63611	0.01154	0.02017	0.00802	0.00414	0.00710
32	0.01608	0.01378	0.01608	0.01148	0.01837	0.01034	0.00919	0.01952	0.01608	0.02527	0.01378	0.01608	0.01148	0.00574	0.00574	0.00115	0.00574	0.00459	0.00459	0.77491
33	0.20353	0.01473	0.02359	0.25204	0.03364	0.01611	0.17353	0.02033	0.01538	0.02456	0.01757	0.10761	0.01606	0.03859	0.00893	0.00282	0.00911	0.00887	0.00442	0.00857
34	0.02023	0.01575	0.01718	0.01487	0.01910	0.01745	0.01153	0.12717	0.41701	0.05506	0.02656	0.02724	0.02056	0.04989	0.01143	0.07145	0.00662	0.00818	0.00717	0.05556
35	0.01093	0.00817	0.01215	0.01231	0.01361	0.00939	0.00947	0.01357	0.01267	0.01816	0.02272	0.09206	0.02222	0.05514	0.63564	0.01163	0.01932	0.00953	0.00442	0.00687
36	0.01593	0.01320	0.01529	0.01111	0.01754	0.01006	0.00885	0.01939	0.01609	0.02559	0.01481	0.01722	0.01223	0.00604	0.00571	0.00121	0.00555	0.00483	0.07278	0.70657
37	0.06843	0.05258	0.02198	0.01838	0.02309	0.41868	0.01430	0.18666	0.07431	0.02831	0.01504	0.01617	0.01175	0.00843	0.00707	0.00214	0.01141	0.00571	0.00526	0.01029
38	0.02247	0.18186	0.02709	0.01872	0.02234	0.27259	0.03905	0.02644	0.07484	0.02015	0.01309	0.01608	0.01132	0.00945	0.01196	0.00240	0.21092	0.00581	0.00402	0.00940
39	0.02266	0.01771	0.01876	0.01579	0.02062	0.01999	0.01258	0.26792	0.37239	0.03826	0.02616	0.02507	0.01941	0.00993	0.00762	0.00244	0.00681	0.00796	0.07573	0.01216
40	0.01097	0.00793	0.01036	0.00975	0.01158	0.00732	0.00732	0.01463	0.02195	0.03109	0.67505	0.05792	0.07316	0.01585	0.00914	0.00244	0.00366	0.01402	0.00854	0.00732
41	0.01445	0.00723	0.00723	0.00723	0.00903	0.00723	0.00542	0.01807	0.01626	0.02891	0.02529	0.02891	0.01987	0.00903	0.00542	0.00181	0.00361	0.00723	0.77055	0.00723
42	0.01555	0.04011	0.68733	0.02210	0.03356	0.01801	0.02865	0.02455	0.01637	0.02455	0.01391	0.01637	0.00982	0.00737	0.00737	0.00246	0.01146	0.00573	0.00327	0.01146
43	0.01347	0.00673	0.01010	0.01010	0.01010	0.00673	0.00673	0.01010	0.01010	0.01347	0.01347	0.02357	0.01347	0.02694	0.03030	0.77441	0.00673	0.00673	0.00337	0.00337
44	0.01555	0.04011	0.68733	0.02210	0.03356	0.01801	0.02865	0.02455	0.01637	0.02455	0.01391	0.01637	0.00982	0.00737	0.00737	0.00246	0.01146	0.00573	0.00327	0.01146
45	0.00930	0.00779	0.00808	0.00815	0.01059	0.00658	0.00606	0.01133	0.01778	0.02152	0.11435	0.11241	0.60017	0.01968	0.00921	0.00264	0.00394	0.01656	0.00728	0.00658
46	0.02473	0.01895	0.02138	0.10250	0.02637	0.02138	0.01473	0.37168	0.22295	0.05973	0.02229	0.02222	0.01618	0.00949	0.00780	0.00245	0.00797	0.00753	0.00732	0.01235
47	0.05229	0.00830	0.01042	0.00978	0.01177	0.00786	0.00737	0.01507	0.02148	0.03129	0.63947	0.05549	0.06969	0.01539	0.00891	0.00244	0.00378	0.01350	0.00834	0.00737
48	0.01962	0.07886	0.01926	0.01317	0.01932	0.01505	0.01075	0.10620	0.10540	0.07042	0.01861	0.04358	0.01510	0.00783	0.00650	0.00170	0.00640	0.00624	0.00574	0.43026
49	0.01879	0.01429	0.02114	0.30084	0.03396	0.01566	0.04069	0.02447	0.07433	0.13080	0.04467	0.02276	0.01574	0.00881	0.00925	0.00240	0.07562	0.00720	0.00525	0.13334
50	0.65526	0.04261	0.01509	0.01512	0.10062	0.01803	0.01056	0.02294	0.01387	0.03294	0.01128	0.01344	0.00896	0.00714	0.00518	0.00236	0.00650	0.00455	0.00462	0.00896

[dist]
# distance from previous block
# <min> <max>
0	1

[block]
# block no. 2 follows, 25 sequences, length 13
# corresponding to MSA columns:
# 98-110
name=unknown_C
#
# <colnr> <probs for GDERKNQSTAVLIFYWHMCP>
#	G	D	E	R	K	N	Q	S	T	A	V	L	I	F	Y	W	H	M	C	P
0	0.01705	0.01565	0.02318	0.35312	0.17399	0.01812	0.01910	0.02735	0.21962	0.02492	0.01952	0.02295	0.01492	0.00844	0.00778	0.00254	0.00878	0.00748	0.00492	0.01053
1	0.00968	0.00755	0.00879	0.00916	0.01097	0.00666	0.00661	0.01188	0.01789	0.02307	0.21273	0.25774	0.34944	0.02006	0.00937	0.00273	0.00403	0.01744	0.00752	0.00666
2	0.01429	0.01348	0.02036	0.04389	0.02011	0.01669	0.07235	0.01657	0.01411	0.02033	0.05834	0.24257	0.02684	0.01621	0.01744	0.00316	0.35818	0.01223	0.00493	0.00792
3	0.01061	0.00730	0.00888	0.00943	0.00981	0.00707	0.00588	0.01152	0.01383	0.01866	0.11102	0.28368	0.04172	0.39677	0.02551	0.00538	0.00600	0.01533	0.00603	0.00557
4	0.01555	0.01476	0.02415	0.46990	0.14970	0.01800	0.02068	0.01995	0.01528	0.02054	0.01446	0.04620	0.01217	0.00911	0.01049	0.00268	0.11618	0.00745	0.00364	0.00911
5	0.01094	0.00766	0.00886	0.00870	0.00948	0.00735	0.00550	0.01209	0.01472	0.01975	0.19276	0.05547	0.11928	0.46336	0.02819	0.00565	0.00612	0.01259	0.00596	0.00558
6	0.15768	0.01349	0.01691	0.01320	0.01900	0.01238	0.01090	0.03532	0.02071	0.57769	0.02734	0.02412	0.01742	0.00920	0.00730	0.00240	0.00650	0.00721	0.00881	0.01241
7	0.01878	0.35138	0.19245	0.01526	0.02193	0.02164	0.01593	0.05243	0.01715	0.06489	0.01890	0.14094	0.01803	0.01028	0.00676	0.00220	0.00830	0.00809	0.00462	0.01004
8	0.00972	0.00691	0.00909	0.01053	0.01108	0.00648	0.00703	0.01119	0.01525	0.02050	0.10010	0.61268	0.05166	0.07386	0.01194	0.00340	0.00464	0.02053	0.00714	0.00628
9	0.02154	0.66380	0.03880	0.01393	0.02030	0.09615	0.01344	0.02398	0.01637	0.01831	0.01090	0.01259	0.00995	0.00677	0.00517	0.00169	0.00885	0.00423	0.00338	0.00986
10	0.00919	0.00774	0.00797	0.00815	0.01055	0.00652	0.00602	0.01109	0.01739	0.02083	0.07490	0.14056	0.61240	0.02011	0.00924	0.00267	0.00399	0.01694	0.00720	0.00652
11	0.06194	0.18950	0.33733	0.02072	0.02892	0.02170	0.11100	0.02354	0.01582	0.02311	0.01286	0.01597	0.01008	0.00776	0.00894	0.00240	0.08858	0.00589	0.00348	0.01047
12	0.02117	0.40464	0.03056	0.01449	0.02040	0.08469	0.01288	0.06214	0.15934	0.02378	0.01615	0.01687	0.01328	0.00766	0.00602	0.00189	0.00809	0.00543	0.00475	0.08578

[dist]
# distance from previous block
# <min> <max>
0	1

[block]
# block no. 3 follows, 25 sequences, length 63
# corresponding to MSA columns:
# 113-175
name=unknown_D
#
# <colnr> <probs for GDERKNQSTAVLIFYWHMCP>
#	G	D	E	R	K	N	Q	S	T	A	V	L	I	F	Y	W	H	M	C	P
0	0.02425	0.43494	0.03265	0.01613	0.02164	0.31529	0.01400	0.02653	0.01841	0.01856	0.01129	0.01310	0.00997	0.00721	0.00584	0.00180	0.01072	0.00451	0.00361	0.00954
1	0.01445	0.00723	0.00723	0.00723	0.00903	0.00723	0.00542	0.01807	0.01626	0.02891	0.02529	0.02891	0.01987	0.00903	0.00542	0.00181	0.00361	0.00723	0.77055	0.00723
2	0.01806	0.02034	0.04311	0.05417	0.03922	0.01988	0.57550	0.02414	0.01766	0.02414	0.01515	0.02057	0.01158	0.00718	0.01050	0.00268	0.07317	0.00887	0.00386	0.01023
3	0.01088	0.00789	0.01003	0.00952	0.01124	0.00728	0.00700	0.01411	0.02075	0.02904	0.57960	0.05841	0.10924	0.07727	0.01175	0.00289	0.00401	0.01394	0.00812	0.00704
4	0.02869	0.02980	0.02197	0.01878	0.02360	0.40759	0.01460	0.23573	0.06934	0.05267	0.01610	0.01692	0.01226	0.00864	0.00733	0.00216	0.01142	0.00599	0.00568	0.01073
5	0.01108	0.00831	0.01246	0.01246	0.01385	0.00969	0.00969	0.01385	0.01246	0.01800	0.02077	0.03046	0.01938	0.05815	0.69678	0.01246	0.02077	0.00831	0.00415	0.00692
6	0.00945	0.00675	0.00900	0.01080	0.01125	0.00630	0.00720	0.01080	0.01484	0.01979	0.04274	0.72245	0.05128	0.02429	0.00990	0.00315	0.00450	0.02204	0.00720	0.00630
7	0.01464	0.01378	0.02326	0.70887	0.05340	0.01723	0.02153	0.01981	0.01550	0.01981	0.01378	0.02067	0.01034	0.00775	0.00775	0.00258	0.01034	0.00689	0.00345	0.00861
8	0.00939	0.00697	0.00877	0.01021	0.01109	0.00635	0.00694	0.01086	0.01541	0.02002	0.04986	0.59348	0.17565	0.02336	0.00975	0.00304	0.00438	0.02091	0.00720	0.00635
9	0.01111	0.00819	0.01185	0.01185	0.01303	0.00936	0.00894	0.01346	0.01228	0.01755	0.02132	0.03353	0.02072	0.15954	0.59722	0.01171	0.01876	0.00876	0.00424	0.00659
10	0.02728	0.17910	0.02579	0.01860	0.02314	0.56027	0.01463	0.02938	0.02070	0.01883	0.01174	0.01367	0.00998	0.00771	0.00658	0.00193	0.01282	0.00482	0.00386	0.00919
11	0.74686	0.01531	0.01195	0.01056	0.01542	0.01771	0.00870	0.05246	0.01429	0.03545	0.01116	0.01288	0.00862	0.00730	0.00494	0.00240	0.00612	0.00433	0.00494	0.00862
12	0.01018	0.00870	0.00929	0.00899	0.01150	0.00803	0.00685	0.01322	0.04826	0.02233	0.12890	0.06820	0.55763	0.01857	0.00987	0.00264	0.03735	0.01534	0.00718	0.00698
13	0.78228	0.01499	0.01140	0.01020	0.01499	0.01739	0.00840	0.02279	0.01320	0.03479	0.01080	0.01260	0.00840	0.00720	0.00480	0.00240	0.00600	0.00420	0.00480	0.00840
14	0.06466	0.01476	0.01720	0.01285	0.01897	0.01309	0.01042	0.08001	0.01805	0.08820	0.01534	0.01712	0.01207	0.00708	0.00748	0.00161	0.05718	0.00524	0.00527	0.53339
15	0.18328	0.05397	0.19569	0.08544	0.11122	0.03970	0.06632	0.06136	0.03887	0.02733	0.01388	0.01701	0.01072	0.00787	0.00815	0.00246	0.05611	0.00607	0.00419	0.01036
16	0.01486	0.01400	0.02364	0.67772	0.08288	0.01728	0.02164	0.02000	0.01561	0.02007	0.01382	0.02060	0.01043	0.00771	0.00775	0.00257	0.01028	0.00689	0.00346	0.00879
17	0.02523	0.01962	0.02096	0.01802	0.04758	0.04397	0.01393	0.32913	0.28779	0.07356	0.02408	0.02304	0.01758	0.00967	0.00778	0.00244	0.00768	0.00767	0.00763	0.01264
18	0.01574	0.07080	0.60828	0.02167	0.03243	0.01830	0.05164	0.02416	0.01661	0.02450	0.03670	0.01780	0.01209	0.00759	0.00739	0.00242	0.01110	0.00608	0.00348	0.01121
19	0.00939	0.00773	0.00804	0.00816	0.01051	0.00654	0.00602	0.01106	0.01713	0.02052	0.07311	0.11515	0.60343	0.02029	0.01021	0.03897	0.00410	0.01629	0.00702	0.00638
20	0.01497	0.01024	0.04229	0.01112	0.01405	0.00846	0.00911	0.01856	0.02099	0.13595	0.44848	0.08066	0.09507	0.01528	0.00895	0.00253	0.00471	0.04194	0.00827	0.00837
21	0.01919	0.01842	0.03147	0.04759	0.67914	0.01842	0.02380	0.02380	0.01765	0.02533	0.01458	0.01919	0.01228	0.00691	0.00768	0.00230	0.00921	0.00691	0.00384	0.01228
22	0.01080	0.00778	0.01067	0.01103	0.01185	0.00842	0.00783	0.01253	0.01262	0.01755	0.02618	0.17504	0.02820	0.23423	0.37918	0.00924	0.01388	0.01188	0.00491	0.00619
23	0.01445	0.00723	0.00723	0.00723	0.00903	0.00723	0.00542	0.01807	0.01626	0.02891	0.02529	0.02891	0.01987	0.00903	0.00542	0.00181	0.00361	0.00723	0.77055	0.00723
24	0.63179	0.01560	0.01381	0.01209	0.01622	0.01866	0.00999	0.05112	0.01406	0.03299	0.01106	0.01353	0.00889	0.00826	0.00806	0.00255	0.11325	0.00472	0.00472	0.00863
25	0.16597	0.01102	0.01274	0.01399	0.05784	0.01151	0.00947	0.09389	0.01739	0.02675	0.03153	0.44748	0.03545	0.01788	0.00847	0.00284	0.00561	0.01563	0.00657	0.00797
26	0.43214	0.19342	0.02169	0.01555	0.07720	0.10650	0.01181	0.02402	0.01533	0.02789	0.01128	0.01333	0.00933	0.00713	0.00538	0.00216	0.00786	0.00453	0.00425	0.00920
27	0.01133	0.01166	0.07478	0.01423	0.01681	0.00913	0.08583	0.01442	0.01671	0.02292	0.15406	0.45213	0.04689	0.01909	0.00944	0.00289	0.00599	0.01755	0.00670	0.00745
28	0.02020	0.02033	0.07124	0.05553	0.32572	0.06741	0.07393	0.11812	0.02004	0.02700	0.01602	0.02194	0.01342	0.00978	0.00991	0.07199	0.00967	0.03244	0.00449	0.01083
29	0.12826	0.00988	0.01207	0.01305	0.07214	0.00971	0.00879	0.01612	0.01943	0.02945	0.41731	0.07777	0.12840	0.01454	0.00839	0.00247	0.00458	0.01251	0.00733	0.00779
30	0.04526	0.14807	0.12017	0.01931	0.10569	0.10952	0.01558	0.05170	0.01788	0.02447	0.01325	0.01559	0.01085	0.00679	0.00632	0.00178	0.00870	0.00512	0.00415	0.26981
31	0.04910	0.12408	0.26533	0.09497	0.11206	0.01893	0.06900	0.02346	0.01680	0.05480	0.04367	0.02150	0.01465	0.00831	0.00790	0.00241	0.03091	0.02745	0.00414	0.01052
32	0.01095	0.00969	0.04332	0.01240	0.01438	0.00801	0.03821	0.01354	0.01652	0.02267	0.14523	0.46724	0.04858	0.02004	0.00943	0.00288	0.00530	0.05431	0.00694	0.05034
33	0.00944	0.00787	0.00823	0.00814	0.01064	0.00666	0.00611	0.01166	0.01832	0.02248	0.16890	0.07209	0.58468	0.01906	0.00916	0.00259	0.00389	0.01601	0.00740	0.00666
34	0.01765	0.03031	0.34577	0.02551	0.09776	0.07998	0.13292	0.02496	0.04740	0.02397	0.01583	0.04561	0.01273	0.00846	0.00900	0.00252	0.05772	0.00723	0.00389	0.01078
35	0.02929	0.02104	0.02273	0.01753	0.02365	0.02317	0.01445	0.59327	0.06430	0.08136	0.01983	0.01949	0.01398	0.00938	0.00776	0.00234	0.00832	0.00710	0.00786	0.01314
36	0.02425	0.06357	0.08293	0.01867	0.05030	0.02193	0.01568	0.31700	0.18069	0.06664	0.02064	0.02078	0.01523	0.00946	0.00876	0.00244	0.05485	0.00715	0.00675	0.01227
37	0.72205	0.04766	0.01293	0.01052	0.01539	0.01806	0.00875	0.02343	0.03518	0.03396	0.01149	0.01314	0.00898	0.00728	0.00491	0.00237	0.00611	0.00435	0.00483	0.00860
38	0.02463	0.02890	0.02269	0.02000	0.02266	0.41697	0.01569	0.05904	0.01906	0.02042	0.01168	0.01531	0.01022	0.01009	0.01373	0.00252	0.26764	0.00575	0.00397	0.00902
39	0.01806	0.02291	0.11887	0.03283	0.09880	0.01931	0.52075	0.02471	0.01802	0.02485	0.01538	0.02023	0.01159	0.00667	0.00881	0.00257	0.01253	0.00855	0.00384	0.01074
40	0.01369	0.00853	0.01124	0.01022	0.01252	0.00778	0.00778	0.01728	0.02198	0.10572	0.60145	0.05432	0.06700	0.01514	0.00899	0.00243	0.00399	0.01331	0.00866	0.00799
41	0.01929	0.01666	0.01753	0.01578	0.02016	0.01929	0.01227	0.04120	0.66513	0.03243	0.03156	0.02893	0.02367	0.01052	0.00789	0.00263	0.00614	0.00877	0.00789	0.01227
42	0.01085	0.00792	0.01020	0.00963	0.01151	0.00726	0.00722	0.01440	0.02166	0.03042	0.63552	0.05902	0.11311	0.01610	0.00915	0.00245	0.00368	0.01418	0.00845	0.00726
43	0.01830	0.02092	0.04575	0.03268	0.04052	0.01961	0.65098	0.02484	0.01830	0.02484	0.01569	0.02092	0.01176	0.00654	0.00915	0.00261	0.01307	0.00915	0.00392	0.01046
44	0.01128	0.00752	0.00846	0.00846	0.00846	0.00752	0.00470	0.01128	0.01128	0.01503	0.02443	0.05074	0.02819	0.72751	0.03946	0.00752	0.00752	0.01128	0.00470	0.00470
45	0.01269	0.00937	0.01349	0.07859	0.01952	0.00969	0.01333	0.01641	0.01763	0.02289	0.03853	0.08128	0.04145	0.02015	0.01044	0.00348	0.00744	0.56955	0.00680	0.00728
46	0.02947	0.02172	0.02327	0.01784	0.02404	0.02404	0.01474	0.65329	0.03646	0.04887	0.01862	0.01862	0.01319	0.00931	0.00776	0.00233	0.00853	0.00698	0.00776	0.01319
47	0.74594	0.01466	0.01135	0.01018	0.01483	0.01692	0.00835	0.02241	0.01361	0.03461	0.04209	0.01473	0.01145	0.00761	0.00500	0.00240	0.00589	0.00466	0.00497	0.00835
48	0.01745	0.01462	0.01635	0.01407	0.01886	0.01491	0.01120	0.05099	0.33743	0.02962	0.05633	0.03293	0.02433	0.01055	0.00762	0.00227	0.00610	0.08129	0.00681	0.24627
49	0.01704	0.01720	0.02506	0.02109	0.02156	0.02350	0.05466	0.01903	0.01226	0.01903	0.01051	0.01720	0.01027	0.01315	0.02448	0.00335	0.67168	0.00693	0.00342	0.00860
50	0.04991	0.01998	0.02499	0.05428	0.05859	0.09428	0.06290	0.12135	0.01783	0.02495	0.01253	0.01732	0.01080	0.01092	0.01693	0.00289	0.37895	0.00671	0.00427	0.00963
51	0.02307	0.02156	0.02046	0.04687	0.02299	0.15733	0.01413	0.19844	0.24015	0.03154	0.02166	0.05405	0.01741	0.01053	0.00960	0.00252	0.08243	0.00786	0.00637	0.01102
52	0.78228	0.01499	0.01140	0.01020	0.01499	0.01739	0.00840	0.02279	0.01320	0.03479	0.01080	0.01260	0.00840	0.00720	0.00480	0.00240	0.00600	0.00420	0.00480	0.00840
53	0.01495	0.01430	0.02432	0.63594	0.05080	0.01773	0.05016	0.01997	0.01541	0.01997	0.01365	0.02046	0.01039	0.00805	0.00889	0.00263	0.05323	0.00699	0.00346	0.00869
54	0.78228	0.01499	0.01140	0.01020	0.01499	0.01739	0.00840	0.02279	0.01320	0.03479	0.01080	0.01260	0.00840	0.00720	0.00480	0.00240	0.00600	0.00420	0.00480	0.00840
55	0.01110	0.00746	0.00858	0.00872	0.00883	0.00740	0.00502	0.01136	0.01201	0.01608	0.05123	0.11157	0.03201	0.63660	0.03563	0.00693	0.00710	0.01235	0.00507	0.00494
56	0.01248	0.00901	0.01180	0.01152	0.01278	0.00989	0.00835	0.06428	0.01423	0.01973	0.02361	0.09523	0.02434	0.25739	0.37988	0.00932	0.01430	0.01029	0.00487	0.00669
57	0.00959	0.00685	0.00916	0.01096	0.01147	0.00642	0.00744	0.01104	0.01498	0.01995	0.04266	0.69329	0.05098	0.02416	0.00993	0.00317	0.00462	0.04982	0.00719	0.00634
58	0.02990	0.02103	0.02284	0.01751	0.02370	0.02303	0.01447	0.60373	0.03531	0.10005	0.01958	0.01924	0.01367	0.00933	0.00776	0.00233	0.00838	0.00705	0.00790	0.01319
59	0.01108	0.00827	0.01229	0.01229	0.01362	0.00960	0.00948	0.01374	0.01241	0.01787	0.02092	0.03132	0.01976	0.08659	0.66886	0.01225	0.02021	0.00843	0.00418	0.00683
60	0.02936	0.01997	0.02195	0.01704	0.02305	0.02170	0.01401	0.50488	0.09097	0.14366	0.02160	0.02072	0.01504	0.00946	0.00777	0.00237	0.00802	0.00727	0.00805	0.01311
61	0.02049	0.01767	0.01856	0.01729	0.05119	0.04820	0.01288	0.13036	0.46251	0.03309	0.03000	0.05725	0.04388	0.01095	0.00795	0.00256	0.00684	0.00906	0.00746	0.01182
62	0.02239	0.01922	0.01921	0.01656	0.02135	0.06530	0.01305	0.18842	0.47061	0.03551	0.02713	0.02545	0.02023	0.01006	0.00780	0.00251	0.00724	0.00808	0.00760	0.01228

[dist]
# distance from previous block
# <min> <max>
1	43

[block]
# block no. 4 follows, 25 sequences, length 11
# corresponding to MSA columns:
# 219-229
name=unknown_E
#
# <colnr> <probs for GDERKNQSTAVLIFYWHMCP>
#	G	D	E	R	K	N	Q	S	T	A	V	L	I	F	Y	W	H	M	C	P
0	0.01710	0.06629	0.02625	0.02055	0.02170	0.02334	0.06761	0.01928	0.01268	0.01910	0.01108	0.01750	0.01065	0.01426	0.04893	0.00356	0.58111	0.00685	0.00346	0.00868
1	0.05104	0.01652	0.01975	0.01665	0.04040	0.01713	0.05071	0.09844	0.32246	0.09002	0.02412	0.02352	0.01797	0.00883	0.00737	0.00225	0.00685	0.00741	0.00686	0.17171
2	0.01813	0.53892	0.03255	0.01233	0.01768	0.02445	0.01168	0.02093	0.01741	0.02167	0.18803	0.02457	0.02682	0.00909	0.00609	0.00187	0.00706	0.00678	0.00471	0.00925
3	0.00961	0.00687	0.00914	0.01069	0.01128	0.00640	0.00721	0.01120	0.01559	0.02098	0.10917	0.65263	0.05358	0.02340	0.00982	0.00307	0.00441	0.02120	0.00734	0.00640
4	0.01087	0.01646	0.18916	0.01166	0.01663	0.00960	0.01196	0.01471	0.01733	0.02191	0.06130	0.05908	0.49824	0.01636	0.00868	0.00257	0.00594	0.01353	0.00615	0.00786
5	0.02123	0.20835	0.02457	0.01542	0.02069	0.02305	0.01291	0.13000	0.39572	0.03116	0.02403	0.02295	0.01841	0.00930	0.00709	0.00232	0.00708	0.00726	0.00665	0.01179
6	0.01312	0.00710	0.00770	0.00818	0.00962	0.00698	0.00589	0.01613	0.01588	0.02648	0.02995	0.21396	0.02825	0.01310	0.00661	0.00216	0.00385	0.01118	0.56687	0.00698
7	0.00955	0.00683	0.00909	0.01073	0.01127	0.00637	0.00721	0.01105	0.01532	0.02054	0.08460	0.67845	0.05273	0.02373	0.00985	0.00310	0.00444	0.02151	0.00729	0.00637
8	0.22360	0.42262	0.09504	0.01381	0.02010	0.05003	0.01367	0.02336	0.01523	0.02332	0.01111	0.01308	0.00953	0.00715	0.00595	0.00201	0.03265	0.00444	0.00374	0.00960
9	0.02146	0.01881	0.02842	0.10913	0.43860	0.01980	0.02114	0.19134	0.02245	0.03103	0.01558	0.01919	0.01232	0.00764	0.00771	0.00234	0.00915	0.00693	0.00484	0.01214
10	0.58141	0.01679	0.01456	0.01224	0.01741	0.01917	0.01009	0.19103	0.01940	0.03854	0.01288	0.01420	0.00967	0.00776	0.00559	0.00238	0.00667	0.00494	0.00559	0.00967

[dist]
# distance from previous block
# <min> <max>
0	1

[block]
# block no. 5 follows, 25 sequences, length 10
# corresponding to MSA columns:
# 231-240
name=unknown_F
#
# <colnr> <probs for GDERKNQSTAVLIFYWHMCP>
#	G	D	E	R	K	N	Q	S	T	A	V	L	I	F	Y	W	H	M	C	P
0	0.01705	0.01481	0.04041	0.01400	0.01748	0.06415	0.01154	0.09433	0.12954	0.05560	0.10164	0.04311	0.11107	0.02234	0.14031	0.00452	0.00961	0.09268	0.00665	0.00917
1	0.02060	0.35639	0.15826	0.01734	0.02332	0.14679	0.01713	0.02411	0.01635	0.01965	0.01150	0.01422	0.00997	0.00817	0.00918	0.00216	0.12657	0.00504	0.00344	0.00982
2	0.01128	0.00752	0.00846	0.00846	0.00846	0.00752	0.00470	0.01128	0.01128	0.01503	0.02443	0.05074	0.02819	0.72751	0.03946	0.00752	0.00752	0.01128	0.00470	0.00470
3	0.16515	0.01539	0.01689	0.01534	0.05899	0.01568	0.01143	0.06638	0.21197	0.05233	0.02079	0.02346	0.01659	0.00864	0.00676	0.00214	0.00639	0.03674	0.00606	0.24289
4	0.01882	0.10117	0.47266	0.02089	0.03073	0.02043	0.05022	0.14478	0.02024	0.02862	0.01459	0.01662	0.01056	0.00763	0.00729	0.00236	0.01067	0.00596	0.00416	0.01161
5	0.03093	0.01331	0.01900	0.14683	0.02623	0.01251	0.01334	0.03435	0.02091	0.55729	0.02737	0.02530	0.01750	0.00924	0.00779	0.00243	0.00731	0.00762	0.00842	0.01232
6	0.01913	0.16895	0.47356	0.01929	0.02909	0.01954	0.02338	0.02608	0.01704	0.11208	0.01556	0.01696	0.01111	0.00753	0.00697	0.00230	0.01020	0.00570	0.00413	0.01140
7	0.01125	0.00762	0.00900	0.00900	0.00918	0.00781	0.00537	0.01162	0.01143	0.01543	0.02394	0.04801	0.02700	0.63751	0.12784	0.00818	0.00930	0.01088	0.00462	0.00500
8	0.02547	0.01962	0.02262	0.15042	0.02925	0.02219	0.01576	0.46206	0.10379	0.04142	0.01916	0.02018	0.01383	0.00915	0.00777	0.00241	0.00861	0.00717	0.00694	0.01220
9	0.01683	0.01540	0.02561	0.11415	0.44264	0.01577	0.02042	0.02111	0.01729	0.02398	0.02118	0.07303	0.02050	0.01079	0.00839	0.00263	0.00867	0.12646	0.00462	0.01054

[dist]
# distance from previous block
# <min> <max>
2	86

[block]
# block no. 6 follows, 25 sequences, length 88
# corresponding to MSA columns:
# 327-414
name=unknown_G
#
# <colnr> <probs for GDERKNQSTAVLIFYWHMCP>
#	G	D	E	R	K	N	Q	S	T	A	V	L	I	F	Y	W	H	M	C	P
0	0.01413	0.01314	0.02183	0.64101	0.04928	0.01618	0.02009	0.01895	0.01555	0.01985	0.01795	0.06426	0.03795	0.00918	0.00793	0.00262	0.00975	0.00815	0.00381	0.00840
1	0.01761	0.29641	0.38271	0.04542	0.02962	0.02280	0.05948	0.02389	0.01622	0.02203	0.01284	0.01533	0.01000	0.00706	0.00659	0.00217	0.01033	0.00538	0.00333	0.01073
2	0.02894	0.02145	0.02297	0.01773	0.02384	0.02380	0.01461	0.62141	0.06919	0.04801	0.01929	0.01915	0.01373	0.00937	0.00776	0.00234	0.00841	0.00707	0.00776	0.01314
3	0.02947	0.02172	0.02327	0.01784	0.02404	0.02404	0.01474	0.65329	0.03646	0.04887	0.01862	0.01862	0.01319	0.00931	0.00776	0.00233	0.00853	0.00698	0.00776	0.01319
4	0.01721	0.01415	0.01636	0.01217	0.01840	0.01174	0.00970	0.09989	0.01897	0.02838	0.05408	0.04943	0.01701	0.00759	0.00638	0.00146	0.00592	0.00620	0.00534	0.59962
5	0.00974	0.00697	0.00926	0.01060	0.01131	0.00649	0.00722	0.01153	0.01621	0.02197	0.16447	0.59451	0.05549	0.02267	0.00975	0.00301	0.00434	0.02050	0.00746	0.00649
6	0.01445	0.00723	0.00723	0.00723	0.00903	0.00723	0.00542	0.01807	0.01626	0.02891	0.02529	0.02891	0.01987	0.00903	0.00542	0.00181	0.00361	0.00723	0.77055	0.00723
7	0.01210	0.00807	0.01038	0.01086	0.01236	0.00761	0.00773	0.01527	0.05122	0.06923	0.21074	0.43481	0.07964	0.02013	0.00942	0.00286	0.00448	0.01800	0.00775	0.00736
8	0.03456	0.01356	0.01822	0.01397	0.01998	0.01194	0.01154	0.06444	0.02281	0.65698	0.03007	0.02605	0.01893	0.00958	0.00780	0.00240	0.00668	0.00776	0.00952	0.01319
9	0.28551	0.01380	0.01578	0.01259	0.01818	0.01341	0.01039	0.03276	0.01917	0.46658	0.02395	0.02176	0.01557	0.00879	0.00679	0.00240	0.00640	0.00659	0.00799	0.01159
10	0.00972	0.00788	0.00862	0.00843	0.01081	0.00678	0.00633	0.01220	0.01898	0.02404	0.26065	0.06952	0.49196	0.01848	0.00916	0.00256	0.00385	0.01565	0.00761	0.00678
11	0.01696	0.01696	0.02375	0.02036	0.02036	0.02375	0.01696	0.01866	0.01187	0.01866	0.01018	0.01696	0.01018	0.01357	0.02545	0.00339	0.71332	0.00679	0.00339	0.00848
12	0.03479	0.01320	0.01799	0.01380	0.01979	0.01140	0.01140	0.03779	0.02219	0.68451	0.03059	0.02639	0.01919	0.00960	0.00780	0.00240	0.00660	0.00780	0.00960	0.01320
13	0.78228	0.01499	0.01140	0.01020	0.01499	0.01739	0.00840	0.02279	0.01320	0.03479	0.01080	0.01260	0.00840	0.00720	0.00480	0.00240	0.00600	0.00420	0.00480	0.00840
14	0.01238	0.00824	0.01082	0.00999	0.01207	0.00756	0.00756	0.01600	0.02196	0.06978	0.63689	0.05605	0.06996	0.01548	0.00907	0.00244	0.00383	0.01365	0.00860	0.00766
15	0.01083	0.00788	0.01019	0.00970	0.01152	0.00724	0.00724	0.01432	0.02148	0.03019	0.62314	0.08270	0.10179	0.01634	0.00917	0.00247	0.00370	0.01443	0.00842	0.00724
16	0.02947	0.02172	0.02327	0.01784	0.02404	0.02404	0.01474	0.65329	0.03646	0.04887	0.01862	0.01862	0.01319	0.00931	0.00776	0.00233	0.00853	0.00698	0.00776	0.01319
17	0.02849	0.07736	0.02306	0.01959	0.02373	0.65769	0.01488	0.03051	0.02161	0.01893	0.01191	0.01389	0.00999	0.00791	0.00687	0.00198	0.01365	0.00494	0.00396	0.00904
18	0.02999	0.01398	0.01773	0.01405	0.01946	0.01326	0.01144	0.10184	0.09885	0.47386	0.09478	0.02905	0.02455	0.01031	0.00794	0.00242	0.00645	0.00845	0.00909	0.01249
19	0.01509	0.01137	0.07177	0.01185	0.01487	0.00865	0.00986	0.01831	0.01907	0.14333	0.27776	0.26100	0.07249	0.01680	0.00899	0.00267	0.00516	0.01481	0.00778	0.00839
20	0.78228	0.01499	0.01140	0.01020	0.01499	0.01739	0.00840	0.02279	0.01320	0.03479	0.01080	0.01260	0.00840	0.00720	0.00480	0.00240	0.00600	0.00420	0.00480	0.00840
21	0.78228	0.01499	0.01140	0.01020	0.01499	0.01739	0.00840	0.02279	0.01320	0.03479	0.01080	0.01260	0.00840	0.00720	0.00480	0.00240	0.00600	0.00420	0.00480	0.00840
22	0.01880	0.01745	0.02904	0.29822	0.15168	0.04731	0.16783	0.02523	0.06939	0.07312	0.01698	0.02128	0.01273	0.00769	0.00805	0.00251	0.01032	0.00756	0.00447	0.01033
23	0.00945	0.00787	0.00826	0.00816	0.01065	0.00667	0.00612	0.01169	0.01836	0.02257	0.17398	0.07195	0.57955	0.01903	0.00916	0.00259	0.00388	0.01599	0.00741	0.00667
24	0.02616	0.02171	0.02256	0.04678	0.02438	0.08743	0.01504	0.42257	0.10118	0.03932	0.01820	0.01921	0.01356	0.00977	0.00984	0.00247	0.09423	0.00696	0.00670	0.01192
25	0.01097	0.00793	0.01036	0.00975	0.01158	0.00732	0.00732	0.01463	0.02195	0.03109	0.67505	0.05792	0.07316	0.01585	0.00914	0.00244	0.00366	0.01402	0.00854	0.00732
26	0.01097	0.00793	0.01036	0.00975	0.01158	0.00732	0.00732	0.01463	0.02195	0.03109	0.67505	0.05792	0.07316	0.01585	0.00914	0.00244	0.00366	0.01402	0.00854	0.00732
27	0.02891	0.02340	0.02282	0.01801	0.02385	0.10904	0.01465	0.54447	0.06536	0.04427	0.01841	0.01853	0.01329	0.00920	0.00767	0.00230	0.00911	0.00682	0.00729	0.01261
28	0.02947	0.02172	0.02327	0.01784	0.02404	0.02404	0.01474	0.65329	0.03646	0.04887	0.01862	0.01862	0.01319	0.00931	0.00776	0.00233	0.00853	0.00698	0.00776	0.01319
29	0.01920	0.01824	0.03005	0.04434	0.61181	0.01851	0.02262	0.02557	0.08381	0.02606	0.01632	0.02019	0.01345	0.00728	0.00770	0.00234	0.00890	0.00710	0.00425	0.01228
30	0.78228	0.01499	0.01140	0.01020	0.01499	0.01739	0.00840	0.02279	0.01320	0.03479	0.01080	0.01260	0.00840	0.00720	0.00480	0.00240	0.00600	0.00420	0.00480	0.00840
31	0.00916	0.00785	0.00785	0.00785	0.01047	0.00655	0.00589	0.01113	0.01767	0.02095	0.07855	0.07462	0.67599	0.01964	0.00916	0.00262	0.00393	0.01636	0.00720	0.00655
32	0.01700	0.01508	0.01696	0.01282	0.01872	0.04143	0.01023	0.04719	0.01682	0.02525	0.01488	0.04680	0.01311	0.00744	0.00767	0.00151	0.06375	0.00565	0.00472	0.61298
33	0.01652	0.01635	0.02365	0.15316	0.02673	0.02249	0.01784	0.01888	0.01257	0.01888	0.01087	0.01768	0.01021	0.01245	0.02203	0.00324	0.57772	0.00681	0.00340	0.00851
34	0.01108	0.00831	0.01246	0.01246	0.01385	0.00969	0.00969	0.01385	0.01246	0.01800	0.02077	0.03046	0.01938	0.05815	0.69678	0.01246	0.02077	0.00831	0.00415	0.00692
35	0.01726	0.25011	0.46685	0.02032	0.05255	0.02188	0.02379	0.02412	0.01623	0.02266	0.01298	0.01527	0.00995	0.00713	0.00665	0.00221	0.01041	0.00529	0.00331	0.01103
36	0.41719	0.01679	0.01626	0.01321	0.01866	0.01844	0.01090	0.22302	0.02204	0.15142	0.01667	0.01687	0.01176	0.00827	0.00624	0.00238	0.00690	0.00569	0.00655	0.01073
37	0.02206	0.01745	0.01866	0.01607	0.02089	0.01979	0.01270	0.15921	0.51026	0.06956	0.02901	0.02680	0.02141	0.01024	0.00786	0.00256	0.00662	0.00837	0.00795	0.01250
38	0.00945	0.00675	0.00900	0.01080	0.01125	0.00630	0.00720	0.01080	0.01484	0.01979	0.04274	0.72245	0.05128	0.02429	0.00990	0.00315	0.00450	0.02204	0.00720	0.00630
39	0.03479	0.01320	0.01799	0.01380	0.01979	0.01140	0.01140	0.03779	0.02219	0.68451	0.03059	0.02639	0.01919	0.00960	0.00780	0.00240	0.00660	0.00780	0.00960	0.01320
40	0.02896	0.03695	0.02197	0.01998	0.02397	0.69638	0.01498	0.03096	0.02197	0.01898	0.01199	0.01398	0.00999	0.00799	0.00699	0.00200	0.01398	0.00499	0.00400	0.00899
41	0.02896	0.03695	0.02197	0.01998	0.02397	0.69638	0.01498	0.03096	0.02197	0.01898	0.01199	0.01398	0.00999	0.00799	0.00699	0.00200	0.01398	0.00499	0.00400	0.00899
42	0.01097	0.00793	0.01036	0.00975	0.01158	0.00732	0.00732	0.01463	0.02195	0.03109	0.67505	0.05792	0.07316	0.01585	0.00914	0.00244	0.00366	0.01402	0.00854	0.00732
43	0.06494	0.01675	0.01757	0.01551	0.02010	0.01916	0.01217	0.08050	0.55897	0.06070	0.02945	0.02719	0.02190	0.01021	0.00770	0.00259	0.00631	0.00834	0.00777	0.01215
44	0.02888	0.02142	0.02294	0.01772	0.02382	0.02377	0.01459	0.61772	0.07299	0.04791	0.01937	0.01921	0.01380	0.00938	0.00776	0.00234	0.00839	0.00708	0.00776	0.01313
45	0.01859	0.01477	0.01618	0.01450	0.01849	0.01652	0.01127	0.03589	0.50400	0.07007	0.15533	0.03436	0.03293	0.01149	0.00813	0.00258	0.00569	0.00972	0.00811	0.01137
46	0.39600	0.01230	0.01176	0.01046	0.01432	0.01286	0.00813	0.02029	0.01538	0.07917	0.10807	0.09416	0.02438	0.07125	0.00917	0.00278	0.00567	0.00824	0.00588	0.08973
47	0.78228	0.01499	0.01140	0.01020	0.01499	0.01739	0.00840	0.02279	0.01320	0.03479	0.01080	0.01260	0.00840	0.00720	0.00480	0.00240	0.00600	0.00420	0.00480	0.00840
48	0.02156	0.01974	0.01795	0.01559	0.02028	0.14753	0.01212	0.06453	0.35759	0.06701	0.02777	0.02657	0.05743	0.00989	0.00752	0.00230	0.00761	0.00785	0.00680	0.10236
49	0.01000	0.00715	0.00982	0.04133	0.01324	0.00691	0.00803	0.01138	0.01477	0.01963	0.03997	0.63038	0.04737	0.02358	0.01083	0.04078	0.00498	0.04672	0.00684	0.00629
50	0.02947	0.02172	0.02327	0.01784	0.02404	0.02404	0.01474	0.65329	0.03646	0.04887	0.01862	0.01862	0.01319	0.00931	0.00776	0.00233	0.00853	0.00698	0.00776	0.01319
51	0.02419	0.11159	0.02325	0.01870	0.06088	0.40628	0.01385	0.02676	0.01951	0.02084	0.01245	0.01463	0.01049	0.00720	0.00648	0.00176	0.01097	0.00491	0.00406	0.20119
52	0.02944	0.02262	0.02319	0.01797	0.02404	0.06385	0.01475	0.61644	0.03560	0.04710	0.01822	0.01834	0.01300	0.00923	0.00771	0.00231	0.00885	0.00686	0.00753	0.01294
53	0.00945	0.00675	0.00900	0.01080	0.01125	0.00630	0.00720	0.01080	0.01484	0.01979	0.04274	0.72245	0.05128	0.02429	0.00990	0.00315	0.00450	0.02204	0.00720	0.00630
54	0.01128	0.00752	0.00846	0.00846	0.00846	0.00752	0.00470	0.01128	0.01128	0.01503	0.02443	0.05074	0.02819	0.72751	0.03946	0.00752	0.00752	0.01128	0.00470	0.00470
55	0.01929	0.01666	0.01753	0.01578	0.02016	0.01929	0.01227	0.04120	0.66513	0.03243	0.03156	0.02893	0.02367	0.01052	0.00789	0.00263	0.00614	0.00877	0.00789	0.01227
56	0.01128	0.00752	0.00846	0.00846	0.00846	0.00752	0.00470	0.01128	0.01128	0.01503	0.02443	0.05074	0.02819	0.72751	0.03946	0.00752	0.00752	0.01128	0.00470	0.00470
57	0.01796	0.01709	0.02864	0.22543	0.48083	0.01814	0.02268	0.02347	0.04529	0.02414	0.01511	0.02002	0.01225	0.00729	0.00771	0.00239	0.00938	0.00698	0.00391	0.01129
58	0.01929	0.01666	0.01753	0.01578	0.02016	0.01929	0.01227	0.04120	0.66513	0.03243	0.03156	0.02893	0.02367	0.01052	0.00789	0.00263	0.00614	0.00877	0.00789	0.01227
59	0.02837	0.10085	0.02452	0.01825	0.02359	0.30149	0.01469	0.33249	0.02837	0.03342	0.01508	0.01607	0.01154	0.00849	0.00716	0.00212	0.01075	0.00587	0.00575	0.01113
60	0.78228	0.01499	0.01140	0.01020	0.01499	0.01739	0.00840	0.02279	0.01320	0.03479	0.01080	0.01260	0.00840	0.00720	0.00480	0.00240	0.00600	0.00420	0.00480	0.00840
61	0.01445	0.00723	0.00723	0.00723	0.00903	0.00723	0.00542	0.01807	0.01626	0.02891	0.02529	0.02891	0.01987	0.00903	0.00542	0.00181	0.00361	0.00723	0.77055	0.00723
62	0.01405	0.01046	0.01408	0.01327	0.01541	0.01191	0.01041	0.11975	0.01656	0.02321	0.02148	0.06226	0.01991	0.04840	0.54899	0.01033	0.01795	0.00876	0.00490	0.00793
63	0.78228	0.01499	0.01140	0.01020	0.01499	0.01739	0.00840	0.02279	0.01320	0.03479	0.01080	0.01260	0.00840	0.00720	0.00480	0.00240	0.00600	0.00420	0.00480	0.00840
64	0.01908	0.01653	0.01778	0.04583	0.02160	0.01920	0.01267	0.04027	0.63697	0.03189	0.03079	0.02857	0.02309	0.01040	0.00788	0.00263	0.00632	0.00868	0.00770	0.01211
65	0.00958	0.00684	0.00915	0.01095	0.01145	0.00641	0.00743	0.01102	0.01497	0.01994	0.04266	0.69506	0.05099	0.02417	0.00993	0.00317	0.00461	0.04813	0.00719	0.00633
66	0.78228	0.01499	0.01140	0.01020	0.01499	0.01739	0.00840	0.02279	0.01320	0.03479	0.01080	0.01260	0.00840	0.00720	0.00480	0.00240	0.00600	0.00420	0.00480	0.00840
67	0.00960	0.00685	0.00917	0.01097	0.01148	0.00643	0.00746	0.01105	0.01499	0.01996	0.04265	0.69140	0.05096	0.02415	0.00994	0.00317	0.00463	0.05162	0.00719	0.00634
68	0.04969	0.06527	0.57035	0.02047	0.03094	0.01790	0.02557	0.02565	0.01675	0.08568	0.01519	0.01697	0.01063	0.00754	0.00720	0.00241	0.01065	0.00579	0.00392	0.01143
69	0.02867	0.02132	0.02281	0.01768	0.02374	0.02367	0.01454	0.60472	0.08634	0.04756	0.01964	0.01943	0.01402	0.00940	0.00777	0.00235	0.00834	0.00712	0.00777	0.01311
70	0.64384	0.05075	0.01477	0.01265	0.04470	0.01869	0.00987	0.08012	0.01562	0.03485	0.01167	0.01342	0.00908	0.00735	0.00520	0.00235	0.00648	0.00457	0.00495	0.00908
71	0.34180	0.01246	0.01223	0.01084	0.01441	0.01346	0.00860	0.08860	0.01982	0.03463	0.31945	0.03426	0.03893	0.01144	0.00714	0.00241	0.00519	0.00906	0.00686	0.00842
72	0.01065	0.00788	0.00994	0.00950	0.01141	0.00717	0.00710	0.01398	0.02107	0.02920	0.56482	0.08230	0.16280	0.01670	0.00917	0.00249	0.00373	0.01464	0.00829	0.00717
73	0.02688	0.01509	0.01988	0.16655	0.02763	0.01544	0.01408	0.18017	0.02389	0.31859	0.06145	0.02469	0.01867	0.00933	0.00777	0.00237	0.00767	0.00763	0.00753	0.04469
74	0.05898	0.61245	0.03699	0.01385	0.02016	0.08638	0.01323	0.04652	0.01690	0.02022	0.01116	0.01280	0.00999	0.00687	0.00524	0.00175	0.00867	0.00432	0.00361	0.00991
75	0.02418	0.01767	0.01916	0.01581	0.02082	0.01950	0.01261	0.29185	0.29035	0.09804	0.02744	0.02713	0.04252	0.04532	0.00942	0.00272	0.00716	0.00833	0.00781	0.01216
76	0.01825	0.02077	0.04493	0.03222	0.03977	0.01976	0.62725	0.02461	0.01806	0.02461	0.01548	0.02077	0.01171	0.00680	0.00976	0.00264	0.03928	0.00906	0.00390	0.01038
77	0.00942	0.00717	0.00857	0.00965	0.01085	0.00644	0.00663	0.01093	0.01570	0.02000	0.05473	0.46348	0.27289	0.05211	0.01088	0.00314	0.00442	0.01957	0.00709	0.00632
78	0.02754	0.02110	0.02152	0.01715	0.02269	0.06991	0.01386	0.46197	0.12926	0.07618	0.02093	0.02136	0.01538	0.03411	0.00881	0.00253	0.00842	0.00730	0.00750	0.01246
79	0.05899	0.01314	0.01723	0.01345	0.01899	0.01181	0.01103	0.06498	0.02254	0.56329	0.09514	0.02874	0.02403	0.01014	0.00783	0.00240	0.00637	0.00826	0.00923	0.01242
