[name]
unknown

[dist]
# distance from previous block
# <min> <max>
0	34

[block]
# block no. 0 follows, 24 sequences, length 34
# corresponding to MSA columns:
# 34-67
name=unknown_A
#
# <colnr> <probs for GDERKNQSTAVLIFYWHMCP>
#	G	D	E	R	K	N	Q	S	T	A	V	L	I	F	Y	W	H	M	C	P
0	0.01342	0.06341	0.01496	0.01453	0.01673	0.01081	0.01284	0.01698	0.01809	0.02335	0.03964	0.08364	0.04295	0.02076	0.01051	0.00350	0.00739	0.57197	0.00701	0.00752
1	0.55733	0.07487	0.06018	0.01204	0.01773	0.01806	0.01083	0.02568	0.01525	0.12594	0.01417	0.01516	0.01041	0.00768	0.00554	0.00240	0.00679	0.00493	0.00539	0.00964
2	0.02097	0.69585	0.06974	0.01397	0.02097	0.03081	0.01426	0.02381	0.01614	0.01894	0.01117	0.01290	0.01017	0.00682	0.00520	0.00173	0.00862	0.00431	0.00339	0.01024
3	0.01618	0.01389	0.01766	0.09541	0.02316	0.01205	0.02828	0.04157	0.04167	0.02565	0.01830	0.09540	0.01667	0.00856	0.00684	0.00172	0.00661	0.00734	0.00508	0.51797
4	0.01083	0.00798	0.01020	0.01032	0.01205	0.00734	0.00775	0.01391	0.02018	0.02757	0.41804	0.17874	0.15226	0.01879	0.00964	0.00275	0.00426	0.07206	0.00817	0.00717
5	0.02649	0.05271	0.02017	0.01604	0.02123	0.09202	0.01283	0.08597	0.31641	0.22717	0.02772	0.02549	0.01977	0.00990	0.00779	0.00248	0.00760	0.00787	0.00792	0.01243
6	0.01675	0.09486	0.53227	0.02089	0.03078	0.01920	0.02565	0.02447	0.01681	0.04192	0.04555	0.01876	0.01345	0.00838	0.00867	0.00250	0.05783	0.00626	0.00379	0.01123
7	0.01169	0.00878	0.01258	0.01243	0.01389	0.01016	0.00969	0.01448	0.01334	0.01938	0.02506	0.03349	0.06322	0.05146	0.56914	0.01093	0.04917	0.00891	0.05506	0.00715
8	0.02271	0.01635	0.01845	0.01605	0.02056	0.01843	0.01269	0.03991	0.48869	0.15999	0.03062	0.02826	0.02238	0.01078	0.00924	0.00269	0.05298	0.00863	0.00811	0.01248
9	0.02817	0.07804	0.04986	0.01556	0.02145	0.01770	0.01329	0.18046	0.12536	0.30259	0.02677	0.06403	0.01957	0.01041	0.00784	0.00246	0.00738	0.00837	0.00811	0.01257
10	0.01533	0.01445	0.02442	0.65277	0.10135	0.01771	0.02220	0.02057	0.01602	0.02069	0.01416	0.02103	0.01072	0.00786	0.00792	0.00262	0.01048	0.00705	0.00355	0.00909
11	0.00997	0.00712	0.00916	0.01056	0.01114	0.00667	0.00699	0.01135	0.01528	0.02036	0.07934	0.56838	0.07707	0.11033	0.01379	0.00371	0.00491	0.02045	0.00712	0.00631
12	0.01723	0.02040	0.08253	0.03021	0.07126	0.01785	0.47336	0.02318	0.01802	0.02464	0.01998	0.12453	0.01795	0.00947	0.00927	0.00273	0.01173	0.01096	0.00446	0.01023
13	0.01918	0.02126	0.03852	0.12540	0.11870	0.07719	0.39355	0.02476	0.01821	0.02390	0.01501	0.02031	0.01165	0.00742	0.00969	0.00262	0.05004	0.00826	0.00391	0.01043
14	0.01872	0.02139	0.04679	0.03342	0.04144	0.02005	0.64305	0.02540	0.01872	0.02540	0.01604	0.02139	0.01203	0.00668	0.00936	0.00267	0.01337	0.00936	0.00401	0.01070
15	0.01590	0.04102	0.68023	0.02260	0.03432	0.01842	0.02930	0.02511	0.01674	0.02511	0.01423	0.01674	0.01005	0.00753	0.00753	0.00251	0.01172	0.00586	0.00335	0.01172
16	0.01813	0.01763	0.02902	0.28115	0.19596	0.04468	0.13928	0.06929	0.01877	0.02484	0.01732	0.07554	0.01487	0.00895	0.00833	0.00258	0.01036	0.00865	0.00438	0.01027
17	0.01630	0.03746	0.57166	0.02370	0.03432	0.01894	0.09672	0.02479	0.01669	0.02479	0.01421	0.01729	0.01029	0.00781	0.00881	0.00259	0.05244	0.00631	0.00343	0.01143
18	0.00937	0.00803	0.00803	0.00803	0.01071	0.00669	0.00602	0.01138	0.01807	0.02142	0.08033	0.07632	0.66863	0.02008	0.00937	0.00268	0.00402	0.01674	0.00736	0.00669
19	0.01839	0.01926	0.03722	0.13034	0.24476	0.01964	0.31101	0.02387	0.01762	0.02438	0.01499	0.02049	0.01188	0.00751	0.00991	0.00263	0.06323	0.00812	0.00388	0.01088
20	0.02694	0.01787	0.02089	0.09084	0.02531	0.01930	0.01416	0.39190	0.02965	0.14921	0.02305	0.08295	0.01796	0.01074	0.00803	0.00247	0.00801	0.00865	0.03998	0.01209
21	0.00966	0.00690	0.00920	0.01104	0.01150	0.00644	0.00736	0.01104	0.01518	0.02024	0.04371	0.71614	0.05245	0.02484	0.01012	0.00322	0.00460	0.02254	0.00736	0.00644
22	0.02734	0.02047	0.02348	0.01825	0.02400	0.02246	0.04880	0.51196	0.08003	0.04427	0.01941	0.02039	0.01423	0.01100	0.01000	0.06816	0.00864	0.00738	0.00734	0.01240
23	0.06504	0.08528	0.05263	0.01466	0.02109	0.01528	0.01285	0.08789	0.02262	0.49993	0.02655	0.02381	0.01724	0.00928	0.00753	0.00238	0.00730	0.00728	0.00850	0.01287
24	0.01615	0.03934	0.62592	0.02353	0.03493	0.01856	0.08191	0.02514	0.01691	0.02514	0.01439	0.01714	0.01022	0.00746	0.00769	0.00253	0.01186	0.00616	0.00341	0.01163
25	0.00970	0.00784	0.00862	0.00886	0.01102	0.00676	0.00648	0.01185	0.01820	0.02274	0.16007	0.18835	0.47107	0.02037	0.00950	0.00275	0.00408	0.01742	0.00756	0.00676
26	0.01600	0.03826	0.60857	0.06956	0.06261	0.01838	0.02860	0.02475	0.01674	0.02482	0.01425	0.01716	0.01019	0.00754	0.00757	0.00251	0.01154	0.00599	0.00338	0.01156
27	0.10727	0.02069	0.02287	0.09468	0.08501	0.10556	0.05173	0.27129	0.02582	0.03562	0.06023	0.02129	0.01644	0.00899	0.00758	0.00238	0.00916	0.00717	0.03522	0.01100
28	0.00964	0.00698	0.00912	0.01084	0.01145	0.00646	0.00727	0.01106	0.01537	0.02032	0.04614	0.67357	0.09344	0.02453	0.01007	0.00318	0.00456	0.02216	0.00736	0.00646
29	0.01916	0.01966	0.05994	0.08272	0.57413	0.01883	0.06050	0.02421	0.01792	0.02553	0.01491	0.01969	0.01231	0.00711	0.00793	0.00240	0.00981	0.00715	0.00388	0.01221
30	0.02719	0.11343	0.02607	0.02380	0.11916	0.51595	0.01645	0.02969	0.02110	0.02028	0.01251	0.01490	0.01055	0.00785	0.00702	0.00205	0.01292	0.00530	0.00398	0.00980
31	0.01794	0.01732	0.07418	0.01341	0.02078	0.01282	0.01174	0.09077	0.01881	0.02849	0.01466	0.01676	0.01180	0.00643	0.00625	0.00142	0.00669	0.00507	0.00495	0.61972
32	0.01884	0.02450	0.17814	0.02901	0.07835	0.01889	0.36559	0.02702	0.07308	0.05192	0.01750	0.02100	0.01297	0.00734	0.00856	0.00255	0.01159	0.00818	0.00447	0.04050
33	0.05410	0.12680	0.02481	0.06980	0.02556	0.31758	0.01502	0.16747	0.04927	0.05535	0.01530	0.01675	0.01187	0.00840	0.00708	0.00217	0.01102	0.00583	0.00524	0.01056

[dist]
# distance from previous block
# <min> <max>
2	4

[block]
# block no. 1 follows, 24 sequences, length 25
# corresponding to MSA columns:
# 72-96
name=unknown_B
#
# <colnr> <probs for GDERKNQSTAVLIFYWHMCP>
#	G	D	E	R	K	N	Q	S	T	A	V	L	I	F	Y	W	H	M	C	P
0	0.02758	0.02052	0.02218	0.01730	0.02324	0.02236	0.01413	0.54278	0.05791	0.04592	0.02081	0.06409	0.01629	0.01032	0.00795	0.00237	0.00819	0.00805	0.00770	0.06031
1	0.02211	0.01739	0.02060	0.01568	0.02193	0.05691	0.06703	0.12937	0.07199	0.10444	0.01899	0.02011	0.01430	0.00771	0.00700	0.00186	0.00756	0.00640	0.04574	0.34290
2	0.10182	0.01517	0.02389	0.37898	0.03943	0.01846	0.08059	0.02053	0.01562	0.02308	0.05845	0.02214	0.01491	0.00945	0.01129	0.00277	0.14304	0.00745	0.00408	0.00885
3	0.01029	0.00753	0.00975	0.01136	0.01207	0.00727	0.00769	0.01299	0.05537	0.02105	0.04299	0.67319	0.05068	0.02396	0.00999	0.00319	0.00471	0.02169	0.00741	0.00682
4	0.01929	0.37346	0.34224	0.01786	0.02695	0.02445	0.02092	0.02500	0.01668	0.04859	0.01337	0.01520	0.01050	0.00726	0.00636	0.00211	0.00994	0.00516	0.00363	0.01104
5	0.06738	0.07191	0.57459	0.02185	0.03270	0.01908	0.05575	0.02494	0.01659	0.02551	0.01394	0.01650	0.01005	0.00745	0.00732	0.00248	0.01126	0.00584	0.00349	0.01139
6	0.00966	0.00690	0.00920	0.01104	0.01150	0.00644	0.00736	0.01104	0.01518	0.02024	0.04371	0.71614	0.05245	0.02484	0.01012	0.00322	0.00460	0.02254	0.00736	0.00644
7	0.01482	0.01370	0.02321	0.57229	0.04847	0.01649	0.04847	0.01993	0.01633	0.02100	0.01824	0.03109	0.01574	0.00991	0.00843	0.00279	0.01022	0.09610	0.00410	0.00867
8	0.01645	0.11215	0.61391	0.02166	0.03287	0.01976	0.02767	0.02497	0.01668	0.02444	0.01390	0.01632	0.01006	0.00746	0.00728	0.00243	0.01138	0.00569	0.00335	0.01156
9	0.01590	0.04102	0.68023	0.02260	0.03432	0.01842	0.02930	0.02511	0.01674	0.02511	0.01423	0.01674	0.01005	0.00753	0.00753	0.00251	0.01172	0.00586	0.00335	0.01172
10	0.02962	0.03779	0.02247	0.02043	0.02451	0.68948	0.01532	0.03166	0.02247	0.01941	0.01226	0.01430	0.01021	0.00817	0.00715	0.00204	0.01430	0.00511	0.00409	0.00919
11	0.02893	0.01493	0.01818	0.01460	0.02001	0.01472	0.01183	0.13303	0.14355	0.38393	0.07567	0.03058	0.05145	0.01083	0.00814	0.00250	0.00665	0.00885	0.00901	0.01261
12	0.01707	0.01624	0.02758	0.40731	0.33316	0.01817	0.02307	0.02210	0.01685	0.02281	0.01447	0.02046	0.01147	0.00754	0.00789	0.00251	0.01005	0.00706	0.00370	0.01050
13	0.00966	0.00690	0.00920	0.01104	0.01150	0.00644	0.00736	0.01104	0.01518	0.02024	0.04371	0.71614	0.05245	0.02484	0.01012	0.00322	0.00460	0.02254	0.00736	0.00644
14	0.01958	0.01897	0.03295	0.04788	0.63890	0.01890	0.05667	0.02439	0.01809	0.02588	0.01497	0.01972	0.01253	0.00705	0.00793	0.00237	0.00963	0.00719	0.00393	0.01246
15	0.01133	0.00850	0.01274	0.01274	0.01416	0.00991	0.00991	0.01416	0.01274	0.01841	0.02124	0.03115	0.01982	0.05947	0.68989	0.01274	0.02124	0.00850	0.00425	0.00708
16	0.01498	0.01409	0.02378	0.70226	0.05462	0.01762	0.02202	0.02026	0.01586	0.02026	0.01409	0.02114	0.01057	0.00793	0.00793	0.00264	0.01057	0.00705	0.00352	0.00881
17	0.00987	0.00701	0.00922	0.01082	0.01130	0.00658	0.00717	0.01124	0.01519	0.02033	0.06724	0.63918	0.05154	0.07764	0.01240	0.00353	0.00480	0.02137	0.00722	0.00636
18	0.02962	0.03779	0.02247	0.02043	0.02451	0.68948	0.01532	0.03166	0.02247	0.01941	0.01226	0.01430	0.01021	0.00817	0.00715	0.00204	0.01430	0.00511	0.00409	0.00919
19	0.00994	0.00806	0.00882	0.00863	0.01106	0.00693	0.00647	0.01247	0.01941	0.02459	0.25962	0.07110	0.48737	0.01890	0.00937	0.00262	0.00393	0.01600	0.00778	0.00693
20	0.00994	0.00710	0.00952	0.01136	0.01194	0.00668	0.00784	0.01152	0.01545	0.02055	0.04355	0.66074	0.05185	0.02458	0.01019	0.00326	0.00484	0.07522	0.00736	0.00652
21	0.02039	0.02029	0.03145	0.04652	0.62246	0.07001	0.02365	0.02490	0.01839	0.02541	0.01471	0.01922	0.01238	0.00715	0.00780	0.00233	0.00979	0.00692	0.00394	0.01230
22	0.01555	0.01468	0.02483	0.62125	0.13111	0.01777	0.02231	0.02077	0.01613	0.02096	0.01420	0.02095	0.01082	0.00782	0.00792	0.00261	0.01043	0.00705	0.00357	0.00927
23	0.02866	0.02213	0.05977	0.01750	0.02375	0.04489	0.01497	0.49917	0.03306	0.09396	0.01994	0.02008	0.01412	0.00936	0.00772	0.00234	0.00859	0.00708	0.06008	0.01282
24	0.05357	0.00746	0.00926	0.01080	0.01167	0.00711	0.00734	0.01177	0.01529	0.02120	0.04437	0.63164	0.09256	0.02351	0.00977	0.00314	0.00465	0.02110	0.00722	0.00658

[dist]
# distance from previous block
# <min> <max>
1	21

[block]
# block no. 2 follows, 24 sequences, length 123
# corresponding to MSA columns:
# 118-240
name=unknown_C
#
# <colnr> <probs for GDERKNQSTAVLIFYWHMCP>
#	G	D	E	R	K	N	Q	S	T	A	V	L	I	F	Y	W	H	M	C	P
0	0.02158	0.01704	0.01797	0.05468	0.02150	0.07746	0.01225	0.18814	0.07537	0.08004	0.06829	0.07860	0.04344	0.01125	0.00787	0.00230	0.00747	0.03726	0.03261	0.14488
1	0.01859	0.04230	0.05632	0.05201	0.02562	0.01971	0.11340	0.09006	0.05487	0.02606	0.01548	0.01972	0.01274	0.01137	0.03628	0.00292	0.23035	0.00705	0.03737	0.12778
2	0.09484	0.06486	0.01351	0.04499	0.01521	0.09077	0.00868	0.04167	0.01733	0.02763	0.02083	0.02532	0.01697	0.04801	0.00776	0.00230	0.00626	0.00678	0.43822	0.00806
3	0.27224	0.01959	0.01837	0.01510	0.02044	0.05778	0.01227	0.31194	0.09893	0.04077	0.01787	0.01843	0.01323	0.00887	0.00681	0.00240	0.00769	0.00632	0.03967	0.01128
4	0.01905	0.01823	0.03047	0.11269	0.55618	0.01900	0.02337	0.02428	0.03932	0.02526	0.01521	0.02001	0.01265	0.00760	0.00872	0.00245	0.04238	0.00712	0.00400	0.01200
5	0.02957	0.02200	0.02165	0.01743	0.02312	0.11951	0.01405	0.34333	0.12585	0.16733	0.02246	0.02151	0.01584	0.00957	0.00785	0.00239	0.00879	0.00728	0.00776	0.01271
6	0.01278	0.00913	0.01278	0.01460	0.01643	0.00913	0.01278	0.01643	0.01825	0.02373	0.04199	0.08945	0.04564	0.02191	0.01095	0.00365	0.00730	0.61847	0.00730	0.00730
7	0.01300	0.01011	0.01226	0.01297	0.01496	0.01050	0.00990	0.02038	0.17862	0.02492	0.06966	0.32597	0.08050	0.01993	0.00973	0.00313	0.00560	0.16202	0.00759	0.00825
8	0.02962	0.03779	0.02247	0.02043	0.02451	0.68948	0.01532	0.03166	0.02247	0.01941	0.01226	0.01430	0.01021	0.00817	0.00715	0.00204	0.01430	0.00511	0.00409	0.00919
9	0.00951	0.00804	0.00823	0.00818	0.01080	0.00675	0.00614	0.01166	0.01841	0.02222	0.12541	0.07500	0.62306	0.01979	0.00937	0.00266	0.00400	0.01655	0.00747	0.00675
10	0.02829	0.03496	0.02163	0.01969	0.02364	0.61171	0.01477	0.05926	0.02268	0.02091	0.01471	0.06216	0.01324	0.00937	0.00739	0.00214	0.01338	0.00639	0.00449	0.00921
11	0.01814	0.02026	0.04253	0.03098	0.03775	0.01989	0.54384	0.02403	0.01782	0.02446	0.01671	0.05346	0.01374	0.00833	0.01124	0.00279	0.08993	0.00971	0.00411	0.01027
12	0.01552	0.01519	0.02700	0.53050	0.04901	0.01797	0.12187	0.02069	0.01609	0.02103	0.01531	0.04683	0.01236	0.00868	0.00924	0.00271	0.04925	0.00799	0.00374	0.00902
13	0.00966	0.00690	0.00920	0.01104	0.01150	0.00644	0.00736	0.01104	0.01518	0.02024	0.04371	0.71614	0.05245	0.02484	0.01012	0.00322	0.00460	0.02254	0.00736	0.00644
14	0.01815	0.02212	0.08823	0.03176	0.03972	0.01938	0.57512	0.02479	0.01844	0.02517	0.01706	0.04979	0.01357	0.00749	0.00927	0.00269	0.01289	0.00967	0.00410	0.01059
15	0.04097	0.08090	0.45874	0.02457	0.06846	0.01978	0.11725	0.02470	0.01676	0.02484	0.01405	0.01722	0.01046	0.00760	0.00838	0.00251	0.04165	0.00633	0.00354	0.01128
16	0.00983	0.00792	0.00876	0.00882	0.01106	0.00685	0.00651	0.01217	0.01875	0.02367	0.21119	0.14496	0.46224	0.01973	0.00945	0.00270	0.00402	0.01684	0.00768	0.00685
17	0.01153	0.00769	0.00865	0.00865	0.00865	0.00769	0.00480	0.01153	0.01153	0.01538	0.02499	0.05189	0.02883	0.72131	0.04036	0.00769	0.00769	0.01153	0.00480	0.00480
18	0.68126	0.01629	0.05027	0.01093	0.01603	0.01712	0.00959	0.02309	0.01390	0.03456	0.01223	0.01424	0.00947	0.00750	0.00510	0.00242	0.00629	0.00460	0.05643	0.00869
19	0.06176	0.16456	0.33549	0.09224	0.03081	0.02031	0.04874	0.02382	0.01637	0.04789	0.01536	0.04986	0.01251	0.00856	0.00797	0.00244	0.04017	0.00665	0.00393	0.01057
20	0.03558	0.01350	0.01840	0.01411	0.02024	0.01166	0.01166	0.03865	0.02270	0.67734	0.03128	0.02699	0.01963	0.00981	0.00797	0.00245	0.00675	0.00797	0.00981	0.01350
21	0.00937	0.00803	0.00803	0.00803	0.01071	0.00669	0.00602	0.01138	0.01807	0.02142	0.08033	0.07632	0.66863	0.02008	0.00937	0.00268	0.00402	0.01674	0.00736	0.00669
22	0.01868	0.01643	0.02462	0.46947	0.04463	0.01982	0.04138	0.15965	0.02042	0.02696	0.01495	0.02036	0.01126	0.00874	0.00950	0.00265	0.06891	0.00714	0.00452	0.00990
23	0.02781	0.01488	0.06137	0.01447	0.01992	0.01247	0.01248	0.05574	0.07600	0.42434	0.09694	0.06274	0.02773	0.01171	0.00835	0.00258	0.00674	0.04289	0.00881	0.01203
24	0.03315	0.01740	0.02082	0.01596	0.02219	0.01745	0.01319	0.31034	0.02923	0.39642	0.02580	0.02343	0.01688	0.00968	0.00796	0.00242	0.00763	0.00760	0.00897	0.01349
25	0.01255	0.00793	0.00998	0.00998	0.01122	0.00854	0.00725	0.01503	0.01379	0.02152	0.02367	0.03536	0.02206	0.19378	0.30809	0.00787	0.01216	0.00881	0.26371	0.00667
26	0.01644	0.01409	0.01644	0.01175	0.01879	0.01057	0.00940	0.01997	0.01644	0.02584	0.01409	0.01644	0.01175	0.00587	0.00587	0.00117	0.00587	0.00470	0.00470	0.76979
27	0.01819	0.33603	0.40519	0.01871	0.02831	0.02400	0.02252	0.02452	0.01647	0.02233	0.01285	0.01501	0.01010	0.00721	0.00648	0.00216	0.01032	0.00516	0.00337	0.01105
28	0.00964	0.00698	0.00912	0.01082	0.01144	0.00646	0.00726	0.01107	0.01539	0.02033	0.04637	0.66961	0.09726	0.02450	0.01007	0.00318	0.00456	0.02212	0.00736	0.00646
29	0.01794	0.25961	0.38908	0.02069	0.03005	0.02296	0.08438	0.02449	0.01658	0.02285	0.01324	0.01592	0.01030	0.00742	0.00755	0.00230	0.03446	0.00572	0.00343	0.01102
30	0.08191	0.21016	0.02671	0.01770	0.02279	0.39599	0.01436	0.09971	0.02190	0.02391	0.01263	0.01434	0.01046	0.00791	0.00655	0.00202	0.01158	0.00506	0.00441	0.00989
31	0.01776	0.01405	0.01658	0.01191	0.01889	0.01065	0.00955	0.02125	0.01687	0.07070	0.01528	0.01717	0.01229	0.00614	0.00602	0.00126	0.00593	0.00492	0.00505	0.71772
32	0.01644	0.01409	0.01644	0.01175	0.01879	0.01057	0.00940	0.01997	0.01644	0.02584	0.01409	0.01644	0.01175	0.00587	0.00587	0.00117	0.00587	0.00470	0.00470	0.76979
33	0.00977	0.00699	0.00930	0.01096	0.01153	0.00652	0.00737	0.01133	0.01571	0.02108	0.08908	0.66836	0.05407	0.02422	0.01007	0.00317	0.00454	0.02195	0.00746	0.00652
34	0.03389	0.01620	0.02008	0.01539	0.02159	0.01567	0.01272	0.22700	0.02722	0.48259	0.02748	0.02452	0.01772	0.00972	0.00796	0.00243	0.00736	0.00772	0.00923	0.01349
35	0.01106	0.00805	0.01040	0.00993	0.01177	0.00739	0.00740	0.01460	0.02188	0.03073	0.60869	0.09113	0.10358	0.01681	0.00939	0.00254	0.00380	0.01485	0.00860	0.00739
36	0.02434	0.01632	0.01830	0.01569	0.02068	0.01780	0.01242	0.06615	0.46450	0.20372	0.03147	0.02847	0.02256	0.01046	0.00804	0.00261	0.00650	0.00863	0.00852	0.01284
37	0.01737	0.01465	0.01694	0.01219	0.01919	0.01152	0.00978	0.06242	0.01786	0.02748	0.01443	0.01662	0.01186	0.00612	0.00601	0.00126	0.00607	0.00486	0.00492	0.71845
38	0.02907	0.03137	0.02256	0.01943	0.02426	0.43098	0.01504	0.22608	0.07333	0.03005	0.01585	0.01691	0.01226	0.00878	0.00746	0.00220	0.01196	0.00603	0.00559	0.01079
39	0.01951	0.02258	0.04502	0.03248	0.04021	0.06874	0.59740	0.02586	0.01899	0.02497	0.01577	0.02087	0.01190	0.00679	0.00920	0.00263	0.01344	0.00905	0.00402	0.01059
40	0.01872	0.02139	0.04679	0.03342	0.04144	0.02005	0.64305	0.02540	0.01872	0.02540	0.01604	0.02139	0.01203	0.00668	0.00936	0.00267	0.01337	0.00936	0.00401	0.01070
41	0.07240	0.01373	0.01761	0.01339	0.01966	0.01176	0.01100	0.03376	0.02084	0.50089	0.02645	0.02393	0.01731	0.00883	0.00735	0.00218	0.00652	0.00706	0.00844	0.17691
42	0.01905	0.01826	0.03115	0.12913	0.59586	0.01869	0.02405	0.02383	0.01779	0.02521	0.01481	0.01981	0.01232	0.00717	0.00786	0.00239	0.00956	0.00706	0.00388	0.01210
43	0.01144	0.00765	0.00867	0.00876	0.00878	0.00763	0.00492	0.01151	0.01170	0.01560	0.02586	0.08299	0.02994	0.68871	0.03895	0.00748	0.00754	0.01205	0.00492	0.00488
44	0.74261	0.01525	0.01197	0.01060	0.01557	0.01750	0.00873	0.02403	0.01393	0.06562	0.01199	0.01354	0.00910	0.00748	0.00505	0.00245	0.00616	0.00447	0.00514	0.00882
45	0.02084	0.67958	0.08491	0.01418	0.02130	0.03050	0.01464	0.02384	0.01616	0.01909	0.01124	0.01299	0.01017	0.00684	0.00525	0.00175	0.00870	0.00435	0.00339	0.01028
46	0.01133	0.00850	0.01274	0.01274	0.01416	0.00991	0.00991	0.01416	0.01274	0.01841	0.02124	0.03115	0.01982	0.05947	0.68989	0.01274	0.02124	0.00850	0.00425	0.00708
47	0.01872	0.02139	0.04679	0.03342	0.04144	0.02005	0.64305	0.02540	0.01872	0.02540	0.01604	0.02139	0.01203	0.00668	0.00936	0.00267	0.01337	0.00936	0.00401	0.01070
48	0.01478	0.00739	0.00739	0.00739	0.00924	0.00739	0.00554	0.01848	0.01663	0.02956	0.02587	0.02956	0.02033	0.00924	0.00554	0.00185	0.00370	0.00739	0.76534	0.00739
49	0.02962	0.03779	0.02247	0.02043	0.02451	0.68948	0.01532	0.03166	0.02247	0.01941	0.01226	0.01430	0.01021	0.00817	0.00715	0.00204	0.01430	0.00511	0.00409	0.00919
50	0.03014	0.02221	0.02380	0.01825	0.02459	0.02459	0.01507	0.64541	0.03728	0.04998	0.01904	0.01904	0.01349	0.00952	0.00793	0.00238	0.00873	0.00714	0.00793	0.01349
51	0.03381	0.01310	0.01784	0.01381	0.01963	0.01135	0.01135	0.03692	0.02268	0.63039	0.07757	0.02934	0.02364	0.01028	0.00807	0.00246	0.00653	0.00844	0.00974	0.01306
52	0.01278	0.00913	0.01278	0.01460	0.01643	0.00913	0.01278	0.01643	0.01825	0.02373	0.04199	0.08945	0.04564	0.02191	0.01095	0.00365	0.00730	0.61847	0.00730	0.00730
53	0.13773	0.01419	0.01774	0.01381	0.01978	0.01315	0.01140	0.06700	0.02216	0.55722	0.02787	0.02464	0.01780	0.00946	0.00755	0.00245	0.00676	0.00742	0.00904	0.01282
54	0.01219	0.00885	0.01201	0.01365	0.01546	0.00867	0.01167	0.01550	0.01801	0.02323	0.04615	0.13448	0.11175	0.02193	0.01072	0.00352	0.00676	0.51097	0.00731	0.00717
55	0.03288	0.01463	0.01892	0.01472	0.02055	0.01375	0.01212	0.14115	0.02448	0.52159	0.02845	0.02593	0.01859	0.01338	0.05756	0.00319	0.00814	0.00787	0.00909	0.01303
56	0.01872	0.02139	0.04679	0.03342	0.04144	0.02005	0.64305	0.02540	0.01872	0.02540	0.01604	0.02139	0.01203	0.00668	0.00936	0.00267	0.01337	0.00936	0.00401	0.01070
57	0.01230	0.00893	0.01214	0.01377	0.01564	0.00877	0.01186	0.01569	0.01813	0.02336	0.04623	0.10935	0.11390	0.02181	0.01075	0.00353	0.00685	0.53248	0.00731	0.00721
58	0.01080	0.00771	0.01051	0.01234	0.01330	0.00742	0.00934	0.01301	0.01630	0.02152	0.04308	0.48751	0.04996	0.02377	0.01042	0.00338	0.00559	0.23995	0.00734	0.00676
59	0.01963	0.01884	0.03219	0.04867	0.67185	0.01884	0.02434	0.02434	0.01806	0.02591	0.01492	0.01963	0.01256	0.00707	0.00785	0.00236	0.00942	0.00707	0.00393	0.01256
60	0.08864	0.01471	0.01829	0.01429	0.02012	0.01398	0.01174	0.11998	0.04501	0.49381	0.05578	0.02633	0.02051	0.00990	0.00780	0.00245	0.00683	0.00789	0.00908	0.01283
61	0.01986	0.01956	0.03108	0.09164	0.59405	0.05580	0.02368	0.02446	0.01815	0.02516	0.01471	0.01944	0.01230	0.00719	0.00782	0.00236	0.00977	0.00696	0.00391	0.01212
62	0.77733	0.01534	0.01166	0.01043	0.01534	0.01779	0.00859	0.02331	0.01350	0.03558	0.01104	0.01288	0.00859	0.00736	0.00491	0.00245	0.00613	0.00429	0.00491	0.00859
63	0.01635	0.01191	0.01872	0.01608	0.01965	0.01130	0.12782	0.02134	0.07238	0.11603	0.11099	0.21434	0.10368	0.01632	0.00944	0.00288	0.00685	0.08765	0.00729	0.00899
64	0.01963	0.01884	0.03219	0.04867	0.67185	0.01884	0.02434	0.02434	0.01806	0.02591	0.01492	0.01963	0.01256	0.00707	0.00785	0.00236	0.00942	0.00707	0.00393	0.01256
65	0.01412	0.00954	0.01209	0.01126	0.01370	0.00922	0.00864	0.01980	0.09272	0.08203	0.49471	0.07665	0.06263	0.01567	0.00921	0.00259	0.00447	0.04385	0.00862	0.00848
66	0.02977	0.03335	0.02285	0.01981	0.02454	0.49985	0.01525	0.20671	0.02670	0.02813	0.01419	0.01565	0.01115	0.00856	0.00737	0.00214	0.01271	0.00569	0.00518	0.01042
67	0.01644	0.01409	0.01644	0.01175	0.01879	0.01057	0.00940	0.01997	0.01644	0.02584	0.01409	0.01644	0.01175	0.00587	0.00587	0.00117	0.00587	0.00470	0.00470	0.76979
68	0.01470	0.01366	0.02283	0.65191	0.05151	0.01688	0.02097	0.01988	0.01634	0.02110	0.06163	0.02391	0.01524	0.00853	0.00803	0.00263	0.01007	0.00758	0.00390	0.00871
69	0.01610	0.06666	0.65632	0.02226	0.03380	0.01890	0.02871	0.02506	0.01672	0.02487	0.01411	0.01659	0.01005	0.00751	0.00744	0.00248	0.01160	0.00580	0.00335	0.01166
70	0.00937	0.00803	0.00803	0.00803	0.01071	0.00669	0.00602	0.01138	0.01807	0.02142	0.08033	0.07632	0.66863	0.02008	0.00937	0.00268	0.00402	0.01674	0.00736	0.00669
71	0.03558	0.01350	0.01840	0.01411	0.02024	0.01166	0.01166	0.03865	0.02270	0.67734	0.03128	0.02699	0.01963	0.00981	0.00797	0.00245	0.00675	0.00797	0.00981	0.01350
72	0.01610	0.03969	0.63723	0.02334	0.03480	0.01853	0.07096	0.02513	0.01688	0.02513	0.01435	0.01706	0.01018	0.00748	0.00766	0.00252	0.01183	0.00610	0.00339	0.01165
73	0.01917	0.01886	0.03144	0.14745	0.51965	0.04001	0.05970	0.02400	0.01790	0.02480	0.01477	0.01979	0.01215	0.00721	0.00793	0.00241	0.00998	0.00713	0.00387	0.01177
74	0.00951	0.00804	0.00822	0.00817	0.01079	0.00675	0.00613	0.01164	0.01839	0.02218	0.12305	0.07507	0.62544	0.01980	0.00937	0.00266	0.00400	0.01656	0.00746	0.00675
75	0.01214	0.00960	0.01307	0.01176	0.01437	0.00893	0.05034	0.04195	0.02130	0.02883	0.39930	0.08530	0.20394	0.01684	0.00942	0.00264	0.00490	0.04972	0.00793	0.00772
76	0.01831	0.02131	0.07709	0.10570	0.13995	0.01952	0.44798	0.02468	0.01820	0.02492	0.01556	0.02083	0.01185	0.00692	0.00887	0.00261	0.01237	0.00857	0.00391	0.01084
77	0.02927	0.03713	0.02281	0.02142	0.04732	0.66585	0.01564	0.03141	0.02232	0.01964	0.01235	0.01449	0.01030	0.00813	0.00717	0.00205	0.01413	0.00518	0.00408	0.00931
78	0.00952	0.00744	0.00864	0.00961	0.01112	0.00656	0.00672	0.01120	0.01656	0.02081	0.06118	0.41080	0.34650	0.02257	0.00976	0.00296	0.00432	0.01977	0.00736	0.00656
79	0.01737	0.01465	0.01694	0.01219	0.01919	0.01152	0.00978	0.06242	0.01786	0.02748	0.01443	0.01662	0.01186	0.00612	0.00601	0.00126	0.00607	0.00486	0.00492	0.71845
80	0.02086	0.53839	0.12473	0.01480	0.02175	0.05198	0.01521	0.02417	0.01645	0.04660	0.01311	0.01608	0.01158	0.04652	0.00756	0.00218	0.00902	0.00505	0.00376	0.01019
81	0.02962	0.03779	0.02247	0.02043	0.02451	0.68948	0.01532	0.03166	0.02247	0.01941	0.01226	0.01430	0.01021	0.00817	0.00715	0.00204	0.01430	0.00511	0.00409	0.00919
82	0.01693	0.17398	0.55627	0.02085	0.03161	0.02093	0.02625	0.02485	0.01662	0.02386	0.01361	0.01596	0.01007	0.00739	0.00706	0.00235	0.01109	0.00555	0.00336	0.01142
83	0.01011	0.00726	0.00956	0.01109	0.01185	0.00681	0.00773	0.01184	0.01596	0.02124	0.08686	0.56320	0.07931	0.04745	0.01114	0.00334	0.00487	0.07648	0.00736	0.00655
84	0.01018	0.00857	0.00890	0.00872	0.01142	0.00754	0.00657	0.01357	0.05578	0.02328	0.14384	0.07167	0.56409	0.01910	0.00929	0.00266	0.00412	0.01601	0.00756	0.00712
85	0.01630	0.02585	0.25935	0.02611	0.03420	0.01731	0.32963	0.02301	0.01747	0.02448	0.01984	0.13087	0.01781	0.00988	0.00885	0.00271	0.01140	0.01026	0.00432	0.01037
86	0.01928	0.01814	0.03027	0.16561	0.52978	0.01889	0.02348	0.05267	0.01856	0.02601	0.01496	0.01987	0.01224	0.00734	0.00787	0.00241	0.00960	0.00707	0.00404	0.01192
87	0.02001	0.01625	0.01745	0.01573	0.02007	0.01851	0.01220	0.04014	0.58509	0.06800	0.03289	0.06939	0.02560	0.01153	0.00818	0.00271	0.00620	0.00970	0.00812	0.01225
88	0.01634	0.09787	0.62723	0.02185	0.03316	0.01949	0.02799	0.02500	0.01669	0.02458	0.01396	0.01641	0.01006	0.00747	0.00733	0.00244	0.01145	0.00573	0.00335	0.01159
89	0.00947	0.00804	0.00816	0.00813	0.01077	0.00673	0.00610	0.01156	0.01829	0.02194	0.10982	0.07546	0.63881	0.01989	0.00937	0.00267	0.00400	0.01662	0.00743	0.00673
90	0.03558	0.01350	0.01840	0.01411	0.02024	0.01166	0.01166	0.03865	0.02270	0.67734	0.03128	0.02699	0.01963	0.00981	0.00797	0.00245	0.00675	0.00797	0.00981	0.01350
91	0.72188	0.01525	0.01254	0.06074	0.01819	0.01778	0.00956	0.02309	0.01367	0.03446	0.01126	0.01348	0.00873	0.00740	0.00513	0.00247	0.00646	0.00449	0.00481	0.00860
92	0.01661	0.01463	0.01865	0.01332	0.02044	0.01126	0.05548	0.02036	0.01661	0.02581	0.01424	0.01680	0.01177	0.00593	0.00613	0.00128	0.00642	0.00504	0.00465	0.71458
93	0.77733	0.01534	0.01166	0.01043	0.01534	0.01779	0.00859	0.02331	0.01350	0.03558	0.01104	0.01288	0.00859	0.00736	0.00491	0.00245	0.00613	0.00429	0.00491	0.00859
94	0.01153	0.00769	0.00865	0.00865	0.00865	0.00769	0.00480	0.01153	0.01153	0.01538	0.02499	0.05189	0.02883	0.72131	0.04036	0.00769	0.00769	0.01153	0.00480	0.00480
95	0.00937	0.00803	0.00803	0.00803	0.01071	0.00669	0.00602	0.01138	0.01807	0.02142	0.08033	0.07632	0.66863	0.02008	0.00937	0.00268	0.00402	0.01674	0.00736	0.00669
96	0.02962	0.03779	0.02247	0.02043	0.02451	0.68948	0.01532	0.03166	0.02247	0.01941	0.01226	0.01430	0.01021	0.00817	0.00715	0.00204	0.01430	0.00511	0.00409	0.00919
97	0.01027	0.00807	0.00928	0.00898	0.01126	0.00708	0.00673	0.01312	0.02020	0.02646	0.36549	0.06802	0.38033	0.01820	0.00936	0.00259	0.00388	0.01557	0.00803	0.00708
98	0.01638	0.01592	0.02243	0.01952	0.01975	0.02197	0.01615	0.01829	0.01224	0.01898	0.01216	0.01957	0.01193	0.02123	0.13305	0.00496	0.59628	0.00719	0.00360	0.00842
99	0.00966	0.00690	0.00920	0.01104	0.01150	0.00644	0.00736	0.01104	0.01518	0.02024	0.04371	0.71614	0.05245	0.02484	0.01012	0.00322	0.00460	0.02254	0.00736	0.00644
100	0.01943	0.01989	0.05970	0.04683	0.61384	0.01888	0.05561	0.02442	0.01804	0.02585	0.01494	0.01960	0.01243	0.00707	0.00791	0.00238	0.00971	0.00713	0.00391	0.01243
101	0.01762	0.01679	0.02856	0.33044	0.40575	0.01831	0.02334	0.02258	0.01711	0.02347	0.01456	0.02028	0.01170	0.00744	0.00788	0.00248	0.00992	0.00706	0.00375	0.01094
102	0.02573	0.01970	0.02009	0.01746	0.04836	0.10680	0.01329	0.16698	0.20289	0.15805	0.04547	0.02402	0.01910	0.00950	0.00771	0.00232	0.00797	0.00753	0.00735	0.08969
103	0.01146	0.00770	0.00863	0.00863	0.00872	0.00766	0.00484	0.01153	0.01175	0.01557	0.02680	0.05269	0.04977	0.69836	0.03935	0.00752	0.00757	0.01170	0.00489	0.00487
104	0.01122	0.00811	0.01060	0.00998	0.01185	0.00748	0.00748	0.01496	0.02245	0.03180	0.66766	0.05923	0.07482	0.01621	0.00935	0.00249	0.00374	0.01434	0.00873	0.00748
105	0.03014	0.02221	0.02380	0.01825	0.02459	0.02459	0.01507	0.64541	0.03728	0.04998	0.01904	0.01904	0.01349	0.00952	0.00793	0.00238	0.00873	0.00714	0.00793	0.01349
106	0.01889	0.01835	0.03205	0.14106	0.53771	0.01875	0.06900	0.02383	0.01779	0.02506	0.01488	0.01997	0.01224	0.00716	0.00797	0.00242	0.00987	0.00723	0.00387	0.01189
107	0.01012	0.00763	0.01109	0.01217	0.01301	0.00712	0.03928	0.01176	0.01536	0.02050	0.04232	0.68125	0.05042	0.02393	0.01008	0.00319	0.00504	0.02188	0.00719	0.00665
108	0.00987	0.00705	0.00944	0.01128	0.01184	0.00662	0.00773	0.01141	0.01539	0.02048	0.04359	0.67360	0.05199	0.02464	0.01018	0.00325	0.00478	0.06299	0.00736	0.00650
109	0.02614	0.02030	0.02217	0.01885	0.05137	0.02269	0.01462	0.41319	0.24744	0.04321	0.02336	0.02265	0.01709	0.00983	0.00798	0.00248	0.00792	0.00776	0.00780	0.01313
110	0.02742	0.07338	0.02459	0.02304	0.10172	0.48925	0.01613	0.07197	0.05764	0.02295	0.01406	0.01601	0.01149	0.00819	0.00722	0.00212	0.01256	0.00564	0.00450	0.01013
111	0.00992	0.00709	0.00946	0.01107	0.01171	0.00663	0.00757	0.01160	0.01596	0.02144	0.10132	0.63275	0.05427	0.02394	0.01008	0.00317	0.00462	0.04334	0.00749	0.00657
112	0.00966	0.00690	0.00920	0.01104	0.01150	0.00644	0.00736	0.01104	0.01518	0.02024	0.04371	0.71614	0.05245	0.02484	0.01012	0.00322	0.00460	0.02254	0.00736	0.00644
113	0.01057	0.00795	0.00983	0.00998	0.01181	0.00721	0.00745	0.01343	0.01971	0.02645	0.35831	0.18214	0.22554	0.01916	0.00961	0.00275	0.00422	0.05881	0.00803	0.00708
114	0.02917	0.03623	0.02299	0.02167	0.05510	0.62913	0.01574	0.05778	0.02290	0.02103	0.01268	0.01476	0.01047	0.00818	0.00722	0.00207	0.01383	0.00529	0.00424	0.00954
115	0.77733	0.01534	0.01166	0.01043	0.01534	0.01779	0.00859	0.02331	0.01350	0.03558	0.01104	0.01288	0.00859	0.00736	0.00491	0.00245	0.00613	0.00429	0.00491	0.00859
116	0.01122	0.00811	0.01060	0.00998	0.01185	0.00748	0.00748	0.01496	0.02245	0.03180	0.66766	0.05923	0.07482	0.01621	0.00935	0.00249	0.00374	0.01434	0.00873	0.00748
117	0.01876	0.02118	0.04543	0.03261	0.04046	0.02004	0.61326	0.02619	0.04889	0.02577	0.01681	0.02178	0.01261	0.00688	0.00930	0.00267	0.01303	0.00934	0.00420	0.01078
118	0.01644	0.01409	0.01644	0.01175	0.01879	0.01057	0.00940	0.01997	0.01644	0.02584	0.01409	0.01644	0.01175	0.00587	0.00587	0.00117	0.00587	0.00470	0.00470	0.76979
119	0.01644	0.01409	0.01644	0.01175	0.01879	0.01057	0.00940	0.01997	0.01644	0.02584	0.01409	0.01644	0.01175	0.00587	0.00587	0.00117	0.00587	0.00470	0.00470	0.76979
120	0.01818	0.01465	0.01701	0.01238	0.01926	0.01176	0.00994	0.05797	0.04111	0.05560	0.01578	0.01752	0.01264	0.00643	0.00616	0.00135	0.00609	0.00514	0.00523	0.66578
121	0.00964	0.00697	0.00913	0.01087	0.01146	0.00646	0.00728	0.01106	0.01535	0.02031	0.04584	0.67891	0.08830	0.02457	0.01008	0.00319	0.00457	0.02221	0.00736	0.00646
122	0.02398	0.13084	0.15153	0.01749	0.02494	0.01894	0.06076	0.11610	0.07300	0.18343	0.02004	0.02022	0.01433	0.00824	0.00729	0.00222	0.00858	0.00665	0.00613	0.10530

[dist]
# distance from previous block
# <min> <max>
0	1

[block]
# block no. 3 follows, 24 sequences, length 470
# corresponding to MSA columns:
# 242-479,483-520,529-722
name=unknown_D
#
# <colnr> <probs for GDERKNQSTAVLIFYWHMCP>
#	G	D	E	R	K	N	Q	S	T	A	V	L	I	F	Y	W	H	M	C	P
0	0.01735	0.01652	0.02808	0.36789	0.37039	0.01824	0.02321	0.02235	0.01698	0.02315	0.01451	0.02037	0.01159	0.00749	0.00789	0.00250	0.00998	0.00706	0.00373	0.01073
1	0.01959	0.01896	0.03284	0.04799	0.64369	0.01890	0.05197	0.02438	0.01809	0.02588	0.01497	0.01971	0.01254	0.00705	0.00792	0.00237	0.00960	0.00717	0.00393	0.01248
2	0.01823	0.01742	0.02967	0.24455	0.48687	0.01847	0.02364	0.02312	0.01740	0.02421	0.01467	0.02008	0.01196	0.00732	0.00787	0.00244	0.00977	0.00706	0.00380	0.01144
3	0.01122	0.00811	0.01060	0.00998	0.01185	0.00748	0.00748	0.01496	0.02245	0.03180	0.66766	0.05923	0.07482	0.01621	0.00935	0.00249	0.00374	0.01434	0.00873	0.00748
4	0.01068	0.00808	0.00985	0.00941	0.01151	0.00725	0.00705	0.01391	0.02116	0.02875	0.49509	0.06425	0.24930	0.01735	0.00936	0.00255	0.00382	0.01504	0.00833	0.00725
5	0.01114	0.00810	0.01049	0.00989	0.01180	0.00745	0.00742	0.01481	0.02226	0.03136	0.64267	0.05996	0.10009	0.01638	0.00935	0.00250	0.00375	0.01444	0.00867	0.00745
6	0.02120	0.72609	0.04155	0.01357	0.02035	0.03138	0.01357	0.02374	0.01611	0.01866	0.01102	0.01272	0.01018	0.00678	0.00509	0.00170	0.00848	0.00424	0.00339	0.01018
7	0.01153	0.00769	0.00865	0.00865	0.00865	0.00769	0.00480	0.01153	0.01153	0.01538	0.02499	0.05189	0.02883	0.72131	0.04036	0.00769	0.00769	0.01153	0.00480	0.00480
8	0.03014	0.02221	0.02380	0.01825	0.02459	0.02459	0.01507	0.64541	0.03728	0.04998	0.01904	0.01904	0.01349	0.00952	0.00793	0.00238	0.00873	0.00714	0.00793	0.01349
9	0.03014	0.02221	0.02380	0.01825	0.02459	0.02459	0.01507	0.64541	0.03728	0.04998	0.01904	0.01904	0.01349	0.00952	0.00793	0.00238	0.00873	0.00714	0.00793	0.01349
10	0.01644	0.01409	0.01644	0.01175	0.01879	0.01057	0.00940	0.01997	0.01644	0.02584	0.01409	0.01644	0.01175	0.00587	0.00587	0.00117	0.00587	0.00470	0.00470	0.76979
11	0.02962	0.03779	0.02247	0.02043	0.02451	0.68948	0.01532	0.03166	0.02247	0.01941	0.01226	0.01430	0.01021	0.00817	0.00715	0.00204	0.01430	0.00511	0.00409	0.00919
12	0.00937	0.00803	0.00803	0.00803	0.01071	0.00669	0.00602	0.01138	0.01807	0.02142	0.08033	0.07632	0.66863	0.02008	0.00937	0.00268	0.00402	0.01674	0.00736	0.00669
13	0.03558	0.01350	0.01840	0.01411	0.02024	0.01166	0.01166	0.03865	0.02270	0.67734	0.03128	0.02699	0.01963	0.00981	0.00797	0.00245	0.00675	0.00797	0.00981	0.01350
14	0.01963	0.01884	0.03219	0.04867	0.67185	0.01884	0.02434	0.02434	0.01806	0.02591	0.01492	0.01963	0.01256	0.00707	0.00785	0.00236	0.00942	0.00707	0.00393	0.01256
15	0.01590	0.04102	0.68023	0.02260	0.03432	0.01842	0.02930	0.02511	0.01674	0.02511	0.01423	0.01674	0.01005	0.00753	0.00753	0.00251	0.01172	0.00586	0.00335	0.01172
16	0.01278	0.00913	0.01278	0.01460	0.01643	0.00913	0.01278	0.01643	0.01825	0.02373	0.04199	0.08945	0.04564	0.02191	0.01095	0.00365	0.00730	0.61847	0.00730	0.00730
17	0.01735	0.01735	0.02429	0.02082	0.02082	0.02429	0.01735	0.01908	0.01214	0.01908	0.01041	0.01735	0.01041	0.01388	0.02602	0.00347	0.70680	0.00694	0.00347	0.00867
18	0.01122	0.00811	0.01060	0.00998	0.01185	0.00748	0.00748	0.01496	0.02245	0.03180	0.66766	0.05923	0.07482	0.01621	0.00935	0.00249	0.00374	0.01434	0.00873	0.00748
19	0.77733	0.01534	0.01166	0.01043	0.01534	0.01779	0.00859	0.02331	0.01350	0.03558	0.01104	0.01288	0.00859	0.00736	0.00491	0.00245	0.00613	0.00429	0.00491	0.00859
20	0.01735	0.01735	0.02429	0.02082	0.02082	0.02429	0.01735	0.01908	0.01214	0.01908	0.01041	0.01735	0.01041	0.01388	0.02602	0.00347	0.70680	0.00694	0.00347	0.00867
21	0.00966	0.00690	0.00920	0.01104	0.01150	0.00644	0.00736	0.01104	0.01518	0.02024	0.04371	0.71614	0.05245	0.02484	0.01012	0.00322	0.00460	0.02254	0.00736	0.00644
22	0.01498	0.01409	0.02378	0.70226	0.05462	0.01762	0.02202	0.02026	0.01586	0.02026	0.01409	0.02114	0.01057	0.00793	0.00793	0.00264	0.01057	0.00705	0.00352	0.00881
23	0.03014	0.02221	0.02380	0.01825	0.02459	0.02459	0.01507	0.64541	0.03728	0.04998	0.01904	0.01904	0.01349	0.00952	0.00793	0.00238	0.00873	0.00714	0.00793	0.01349
24	0.01972	0.01703	0.01793	0.01614	0.02062	0.01972	0.01255	0.04214	0.65752	0.03317	0.03228	0.02959	0.02421	0.01076	0.00807	0.00269	0.00628	0.00897	0.00807	0.01255
25	0.00937	0.00803	0.00803	0.00803	0.01071	0.00669	0.00602	0.01138	0.01807	0.02142	0.08033	0.07632	0.66863	0.02008	0.00937	0.00268	0.00402	0.01674	0.00736	0.00669
26	0.00937	0.00803	0.00803	0.00803	0.01071	0.00669	0.00602	0.01138	0.01807	0.02142	0.08033	0.07632	0.66863	0.02008	0.00937	0.00268	0.00402	0.01674	0.00736	0.00669
27	0.77733	0.01534	0.01166	0.01043	0.01534	0.01779	0.00859	0.02331	0.01350	0.03558	0.01104	0.01288	0.00859	0.00736	0.00491	0.00245	0.00613	0.00429	0.00491	0.00859
28	0.01985	0.55157	0.20425	0.01587	0.02391	0.02808	0.01758	0.02409	0.01627	0.02030	0.01184	0.01374	0.01014	0.00698	0.00571	0.00190	0.00931	0.00465	0.00338	0.01057
29	0.03014	0.02221	0.02380	0.01825	0.02459	0.02459	0.01507	0.64541	0.03728	0.04998	0.01904	0.01904	0.01349	0.00952	0.00793	0.00238	0.00873	0.00714	0.00793	0.01349
30	0.01265	0.00904	0.01259	0.01421	0.01604	0.00899	0.01232	0.01630	0.01861	0.02442	0.09558	0.08686	0.04814	0.02142	0.01082	0.00355	0.00700	0.56673	0.00742	0.00732
31	0.01751	0.01003	0.01031	0.00932	0.01197	0.01045	0.00724	0.12990	0.02030	0.03319	0.02465	0.02769	0.01911	0.00929	0.00597	0.00194	0.00459	0.00735	0.63072	0.00847
32	0.01498	0.01409	0.02378	0.70226	0.05462	0.01762	0.02202	0.02026	0.01586	0.02026	0.01409	0.02114	0.01057	0.00793	0.00793	0.00264	0.01057	0.00705	0.00352	0.00881
33	0.00966	0.00690	0.00920	0.01104	0.01150	0.00644	0.00736	0.01104	0.01518	0.02024	0.04371	0.71614	0.05245	0.02484	0.01012	0.00322	0.00460	0.02254	0.00736	0.00644
34	0.01153	0.00769	0.00865	0.00865	0.00865	0.00769	0.00480	0.01153	0.01153	0.01538	0.02499	0.05189	0.02883	0.72131	0.04036	0.00769	0.00769	0.01153	0.00480	0.00480
35	0.01590	0.04102	0.68023	0.02260	0.03432	0.01842	0.02930	0.02511	0.01674	0.02511	0.01423	0.01674	0.01005	0.00753	0.00753	0.00251	0.01172	0.00586	0.00335	0.01172
36	0.01152	0.00772	0.00882	0.00882	0.00888	0.00778	0.00502	0.01164	0.01158	0.01550	0.02483	0.05101	0.02845	0.69315	0.06800	0.00790	0.00826	0.01140	0.00478	0.00490
37	0.00965	0.00695	0.00915	0.01091	0.01147	0.00645	0.00730	0.01106	0.01531	0.02030	0.04534	0.68756	0.07997	0.02463	0.01009	0.00320	0.00457	0.02228	0.00736	0.00645
38	0.77733	0.01534	0.01166	0.01043	0.01534	0.01779	0.00859	0.02331	0.01350	0.03558	0.01104	0.01288	0.00859	0.00736	0.00491	0.00245	0.00613	0.00429	0.00491	0.00859
39	0.01262	0.01039	0.01522	0.01447	0.01559	0.01299	0.01151	0.01522	0.01262	0.01855	0.01892	0.02819	0.01781	0.04970	0.54762	0.01076	0.16816	0.00816	0.00408	0.00742
40	0.01987	0.55365	0.20231	0.01584	0.02387	0.02811	0.01753	0.02409	0.01627	0.02028	0.01183	0.01373	0.01014	0.00697	0.00570	0.00190	0.00930	0.00465	0.00338	0.01056
41	0.01122	0.00811	0.01060	0.00998	0.01185	0.00748	0.00748	0.01496	0.02245	0.03180	0.66766	0.05923	0.07482	0.01621	0.00935	0.00249	0.00374	0.01434	0.00873	0.00748
42	0.00973	0.00695	0.00926	0.01100	0.01152	0.00648	0.00737	0.01121	0.01549	0.02073	0.06992	0.68854	0.05339	0.02448	0.01009	0.00319	0.00456	0.02220	0.00742	0.00648
43	0.01498	0.01409	0.02378	0.70226	0.05462	0.01762	0.02202	0.02026	0.01586	0.02026	0.01409	0.02114	0.01057	0.00793	0.00793	0.00264	0.01057	0.00705	0.00352	0.00881
44	0.00966	0.00690	0.00920	0.01104	0.01150	0.00644	0.00736	0.01104	0.01518	0.02024	0.04371	0.71614	0.05245	0.02484	0.01012	0.00322	0.00460	0.02254	0.00736	0.00644
45	0.02962	0.03779	0.02247	0.02043	0.02451	0.68948	0.01532	0.03166	0.02247	0.01941	0.01226	0.01430	0.01021	0.00817	0.00715	0.00204	0.01430	0.00511	0.00409	0.00919
46	0.01735	0.01735	0.02429	0.02082	0.02082	0.02429	0.01735	0.01908	0.01214	0.01908	0.01041	0.01735	0.01041	0.01388	0.02602	0.00347	0.70680	0.00694	0.00347	0.00867
47	0.01122	0.00811	0.01060	0.00998	0.01185	0.00748	0.00748	0.01496	0.02245	0.03180	0.66766	0.05923	0.07482	0.01621	0.00935	0.00249	0.00374	0.01434	0.00873	0.00748
48	0.77733	0.01534	0.01166	0.01043	0.01534	0.01779	0.00859	0.02331	0.01350	0.03558	0.01104	0.01288	0.00859	0.00736	0.00491	0.00245	0.00613	0.00429	0.00491	0.00859
49	0.02120	0.72609	0.04155	0.01357	0.02035	0.03138	0.01357	0.02374	0.01611	0.01866	0.01102	0.01272	0.01018	0.00678	0.00509	0.00170	0.00848	0.00424	0.00339	0.01018
50	0.01377	0.00689	0.01033	0.01033	0.01033	0.00689	0.00689	0.01033	0.01033	0.01377	0.01377	0.02410	0.01377	0.02755	0.03099	0.76928	0.00689	0.00689	0.00344	0.00344
51	0.77733	0.01534	0.01166	0.01043	0.01534	0.01779	0.00859	0.02331	0.01350	0.03558	0.01104	0.01288	0.00859	0.00736	0.00491	0.00245	0.00613	0.00429	0.00491	0.00859
52	0.01972	0.01703	0.01793	0.01614	0.02062	0.01972	0.01255	0.04214	0.65752	0.03317	0.03228	0.02959	0.02421	0.01076	0.00807	0.00269	0.00628	0.00897	0.00807	0.01255
53	0.01872	0.02139	0.04679	0.03342	0.04144	0.02005	0.64305	0.02540	0.01872	0.02540	0.01604	0.02139	0.01203	0.00668	0.00936	0.00267	0.01337	0.00936	0.00401	0.01070
54	0.01153	0.00769	0.00865	0.00865	0.00865	0.00769	0.00480	0.01153	0.01153	0.01538	0.02499	0.05189	0.02883	0.72131	0.04036	0.00769	0.00769	0.01153	0.00480	0.00480
55	0.77733	0.01534	0.01166	0.01043	0.01534	0.01779	0.00859	0.02331	0.01350	0.03558	0.01104	0.01288	0.00859	0.00736	0.00491	0.00245	0.00613	0.00429	0.00491	0.00859
56	0.01278	0.00913	0.01278	0.01460	0.01643	0.00913	0.01278	0.01643	0.01825	0.02373	0.04199	0.08945	0.04564	0.02191	0.01095	0.00365	0.00730	0.61847	0.00730	0.00730
