[name]
unknown

[dist]
# distance from previous block
# <min> <max>
18	624

[block]
# block no. 0 follows, 25 sequences, length 13
# corresponding to MSA columns:
# 648-660
name=unknown_A
#
# <colnr> <probs for GDERKNQSTAVLIFYWHMCP>
#	G	D	E	R	K	N	Q	S	T	A	V	L	I	F	Y	W	H	M	C	P
0	0.06312	0.01708	0.02945	0.15338	0.03403	0.01755	0.26798	0.08633	0.06216	0.06509	0.03615	0.02729	0.01691	0.00895	0.00838	0.00259	0.00996	0.05879	0.00524	0.02957
1	0.01735	0.01718	0.02676	0.07126	0.06549	0.07097	0.22941	0.05791	0.05329	0.02541	0.08494	0.12848	0.02422	0.01117	0.00907	0.02226	0.00925	0.01041	0.00529	0.05989
2	0.01751	0.01651	0.03180	0.07059	0.06611	0.01581	0.34757	0.02230	0.01769	0.07754	0.02547	0.09905	0.08173	0.01021	0.00933	0.00260	0.03249	0.01056	0.00502	0.04010
3	0.01845	0.01583	0.02738	0.23055	0.15455	0.01700	0.15347	0.04125	0.01751	0.07814	0.01730	0.02281	0.01346	0.00838	0.00919	0.00252	0.06176	0.02061	0.07983	0.01001
4	0.01533	0.01353	0.02063	0.12944	0.02482	0.06112	0.13645	0.01747	0.01429	0.01896	0.01650	0.02561	0.01491	0.09056	0.11841	0.18416	0.03839	0.00782	0.04454	0.00707
5	0.10852	0.01693	0.01739	0.01440	0.01833	0.07226	0.01147	0.21102	0.02163	0.03152	0.05875	0.02091	0.01626	0.01140	0.01163	0.09082	0.08845	0.00661	0.05988	0.11181
6	0.12382	0.01599	0.01805	0.11142	0.02377	0.01762	0.01279	0.21088	0.10740	0.05292	0.02277	0.02393	0.06085	0.00951	0.00784	0.00233	0.03514	0.00729	0.04992	0.08575
7	0.06780	0.01957	0.08913	0.18643	0.10398	0.07218	0.09262	0.04458	0.01735	0.02412	0.01899	0.03680	0.05885	0.00873	0.00829	0.00236	0.03975	0.00744	0.00429	0.09673
8	0.01612	0.01386	0.01591	0.06156	0.01997	0.03547	0.01023	0.05303	0.04517	0.02543	0.04415	0.10403	0.01969	0.03457	0.00795	0.00192	0.00636	0.00776	0.00527	0.47157
9	0.13512	0.01562	0.02410	0.24697	0.10061	0.01777	0.11035	0.04009	0.04479	0.02493	0.04105	0.02231	0.01455	0.04671	0.01102	0.00286	0.08016	0.00740	0.00435	0.00925
10	0.01352	0.00900	0.01190	0.01185	0.01369	0.00867	0.00897	0.01591	0.01709	0.08329	0.15811	0.30279	0.04515	0.05960	0.01193	0.00313	0.04291	0.11352	0.00713	0.06184
11	0.01534	0.00790	0.01157	0.04764	0.01364	0.00801	0.00816	0.01413	0.01230	0.08134	0.01751	0.04998	0.01609	0.02565	0.07938	0.52271	0.00780	0.00756	0.04806	0.00523
12	0.09014	0.01821	0.02069	0.24520	0.03168	0.07212	0.01569	0.27516	0.02418	0.03279	0.01817	0.08767	0.01531	0.00998	0.00764	0.00247	0.00893	0.00803	0.00572	0.01024

[dist]
# distance from previous block
# <min> <max>
8	32

[block]
# block no. 1 follows, 25 sequences, length 8
# corresponding to MSA columns:
# 693-700
name=unknown_B
#
# <colnr> <probs for GDERKNQSTAVLIFYWHMCP>
#	G	D	E	R	K	N	Q	S	T	A	V	L	I	F	Y	W	H	M	C	P
0	0.02256	0.01742	0.02142	0.20666	0.03003	0.02017	0.01570	0.35002	0.02621	0.03594	0.01735	0.02025	0.01293	0.00921	0.00900	0.00243	0.06897	0.00697	0.09593	0.01082
1	0.01844	0.01442	0.02178	0.01746	0.02150	0.01503	0.15085	0.14891	0.05756	0.06582	0.02115	0.02858	0.01802	0.12869	0.19965	0.00591	0.01225	0.00862	0.03603	0.00934
2	0.01112	0.00813	0.01158	0.01158	0.01266	0.00921	0.00860	0.01328	0.01220	0.01735	0.02157	0.03491	0.02132	0.20510	0.55247	0.01138	0.01786	0.00896	0.00427	0.00643
3	0.02653	0.01998	0.02169	0.01644	0.02280	0.02104	0.01352	0.51415	0.03198	0.04368	0.01755	0.01806	0.01281	0.00852	0.00731	0.00207	0.00792	0.00646	0.00706	0.18042
4	0.02027	0.01819	0.02440	0.01973	0.02509	0.01992	0.15279	0.10963	0.44916	0.03270	0.02655	0.02596	0.01982	0.00950	0.00815	0.00259	0.00794	0.00864	0.00700	0.01198
5	0.01816	0.02014	0.04142	0.03191	0.08357	0.02014	0.51062	0.02383	0.01729	0.02395	0.01478	0.02020	0.01156	0.00762	0.01149	0.00271	0.11784	0.00863	0.00384	0.01029
6	0.02053	0.02588	0.25557	0.02553	0.03423	0.01750	0.32015	0.02722	0.01840	0.15074	0.01794	0.02044	0.01253	0.00740	0.00829	0.00252	0.01129	0.00774	0.00479	0.01132
7	0.02297	0.01795	0.14469	0.01467	0.02105	0.01250	0.01394	0.02724	0.01919	0.29425	0.10790	0.02591	0.02240	0.00935	0.00832	0.00219	0.04208	0.00747	0.00684	0.17908

[dist]
# distance from previous block
# <min> <max>
1	56

[block]
# block no. 2 follows, 25 sequences, length 9
# corresponding to MSA columns:
# 757-765
name=unknown_C
#
# <colnr> <probs for GDERKNQSTAVLIFYWHMCP>
#	G	D	E	R	K	N	Q	S	T	A	V	L	I	F	Y	W	H	M	C	P
0	0.01812	0.02855	0.34911	0.02392	0.03302	0.01714	0.23647	0.02525	0.01782	0.08746	0.04654	0.02076	0.01435	0.00762	0.00803	0.00245	0.01097	0.00742	0.00439	0.04060
1	0.01685	0.08303	0.42342	0.02506	0.03495	0.01946	0.23874	0.02455	0.01698	0.02420	0.01429	0.01763	0.01049	0.00703	0.00780	0.00245	0.01178	0.00678	0.00350	0.01101
2	0.01648	0.03359	0.46961	0.02569	0.03592	0.01855	0.23984	0.02465	0.01703	0.02465	0.01452	0.01791	0.01048	0.00708	0.00797	0.00251	0.01201	0.00689	0.00349	0.01112
3	0.01476	0.01206	0.01458	0.01257	0.01735	0.01031	0.01037	0.01948	0.06238	0.02487	0.02731	0.04394	0.05463	0.01205	0.00774	0.00214	0.00616	0.21664	0.00581	0.42485
4	0.01016	0.00771	0.01039	0.01170	0.01211	0.00795	0.00812	0.01154	0.01456	0.01969	0.03965	0.65566	0.04739	0.02328	0.01137	0.00317	0.07160	0.02060	0.00684	0.00650
5	0.01772	0.01746	0.02637	0.02960	0.24392	0.02194	0.01928	0.02040	0.01384	0.02092	0.01167	0.01772	0.01089	0.01131	0.01942	0.00302	0.47438	0.00683	0.00354	0.00977
6	0.02249	0.02376	0.02885	0.02279	0.02845	0.19045	0.22997	0.09943	0.21547	0.02825	0.01984	0.02133	0.01505	0.00840	0.00808	0.00243	0.01073	0.00775	0.00555	0.01093
7	0.01226	0.01229	0.02072	0.01628	0.02067	0.01098	0.22480	0.01578	0.01789	0.02227	0.05722	0.05639	0.45059	0.01519	0.00916	0.00262	0.00703	0.01392	0.00609	0.00787
8	0.01029	0.00822	0.00943	0.01003	0.01237	0.00735	0.00813	0.01280	0.01773	0.02171	0.06582	0.07898	0.46174	0.02024	0.00969	0.00294	0.00502	0.22357	0.00718	0.00675

[dist]
# distance from previous block
# <min> <max>
0	1

[block]
# block no. 3 follows, 25 sequences, length 20
# corresponding to MSA columns:
# 767-786
name=unknown_D
#
# <colnr> <probs for GDERKNQSTAVLIFYWHMCP>
#	G	D	E	R	K	N	Q	S	T	A	V	L	I	F	Y	W	H	M	C	P
0	0.02663	0.02172	0.02403	0.05316	0.02617	0.07091	0.05943	0.45615	0.11216	0.04153	0.01932	0.01984	0.01403	0.00909	0.00782	0.00237	0.00903	0.00721	0.00702	0.01235
1	0.01966	0.49548	0.03272	0.01298	0.01960	0.04866	0.01213	0.02241	0.01607	0.02034	0.01171	0.01357	0.01040	0.00642	0.00527	0.00152	0.00775	0.00431	0.00372	0.23529
2	0.01990	0.01696	0.01788	0.01590	0.02040	0.01957	0.01242	0.07795	0.62738	0.03342	0.03078	0.02831	0.02304	0.01045	0.00788	0.00261	0.00628	0.00866	0.00788	0.01233
3	0.01636	0.03445	0.49831	0.02522	0.03561	0.01848	0.21200	0.02464	0.01694	0.02464	0.01444	0.01771	0.01039	0.00712	0.00789	0.00250	0.01193	0.00674	0.00346	0.01116
4	0.03070	0.02286	0.02056	0.01685	0.02220	0.22349	0.01341	0.19688	0.06446	0.27672	0.02186	0.02074	0.01509	0.00909	0.00755	0.00227	0.00932	0.00679	0.00731	0.01186
5	0.01618	0.01647	0.01366	0.01267	0.01518	0.21029	0.00950	0.01927	0.02174	0.02702	0.45001	0.04580	0.08454	0.01372	0.00851	0.00232	0.00671	0.01148	0.00713	0.00777
6	0.02112	0.02309	0.11281	0.05481	0.03539	0.02063	0.36535	0.20976	0.02331	0.03168	0.01627	0.01970	0.01190	0.00750	0.00847	0.00251	0.01143	0.00802	0.00496	0.01130
7	0.55548	0.01321	0.01172	0.01140	0.01531	0.01490	0.00960	0.02081	0.01457	0.03137	0.01971	0.03465	0.01907	0.01139	0.00654	0.00274	0.00633	0.18768	0.00549	0.00803
8	0.02777	0.05143	0.02326	0.01738	0.02336	0.02371	0.01435	0.54665	0.11744	0.04542	0.01997	0.01969	0.01441	0.00935	0.00765	0.00234	0.00821	0.00709	0.00758	0.01293
9	0.01461	0.01096	0.01266	0.01076	0.01360	0.01029	0.00759	0.08423	0.01565	0.02213	0.02093	0.05612	0.02164	0.36190	0.07680	0.00533	0.00805	0.00893	0.00504	0.23278
10	0.02511	0.02088	0.02942	0.02198	0.02834	0.02217	0.20198	0.42607	0.02967	0.03987	0.01938	0.02103	0.03388	0.00897	0.00881	0.00246	0.03360	0.00791	0.00646	0.01201
11	0.02281	0.01920	0.02854	0.03754	0.46112	0.01981	0.02066	0.20979	0.02337	0.05727	0.01638	0.01929	0.01281	0.00772	0.00770	0.00231	0.00891	0.00696	0.00521	0.01258
12	0.01696	0.01696	0.02375	0.02036	0.02036	0.02375	0.01696	0.01866	0.01187	0.01866	0.01018	0.01696	0.01018	0.01357	0.02545	0.00339	0.71332	0.00679	0.00339	0.00848
13	0.01465	0.03092	0.48851	0.01980	0.02840	0.01533	0.02389	0.02205	0.01681	0.02416	0.02191	0.03732	0.02008	0.01151	0.00835	0.00278	0.01019	0.18876	0.00441	0.01019
14	0.01074	0.00729	0.00862	0.00915	0.00928	0.00716	0.00543	0.01113	0.01233	0.01644	0.02982	0.24864	0.03499	0.52032	0.03075	0.00623	0.00663	0.01445	0.00543	0.00517
15	0.01830	0.02092	0.04575	0.03268	0.04052	0.01961	0.65098	0.02484	0.01830	0.02484	0.01569	0.02092	0.01176	0.00654	0.00915	0.00261	0.01307	0.00915	0.00392	0.01046
16	0.25502	0.01373	0.01605	0.01273	0.01838	0.01316	0.01051	0.03337	0.01954	0.49308	0.02476	0.02233	0.01601	0.00889	0.00691	0.00240	0.00642	0.00674	0.00818	0.01178
17	0.01636	0.03445	0.49831	0.02522	0.03561	0.01848	0.21200	0.02464	0.01694	0.02464	0.01444	0.01771	0.01039	0.00712	0.00789	0.00250	0.01193	0.00674	0.00346	0.01116
18	0.02385	0.01564	0.01767	0.01519	0.02005	0.01696	0.01201	0.04020	0.47571	0.22455	0.03127	0.02818	0.02235	0.01025	0.00786	0.00256	0.00627	0.00848	0.00839	0.01254
19	0.01893	0.01916	0.03568	0.04320	0.49099	0.01877	0.20858	0.02410	0.01785	0.02519	0.01491	0.01970	0.01213	0.00680	0.00811	0.00239	0.01035	0.00757	0.00386	0.01174

[dist]
# distance from previous block
# <min> <max>
0	8

[block]
# block no. 4 follows, 25 sequences, length 15
# corresponding to MSA columns:
# 795-809
name=unknown_E
#
# <colnr> <probs for GDERKNQSTAVLIFYWHMCP>
#	G	D	E	R	K	N	Q	S	T	A	V	L	I	F	Y	W	H	M	C	P
0	0.01923	0.01761	0.02508	0.03301	0.37718	0.01882	0.01852	0.03177	0.31434	0.02859	0.02236	0.02365	0.01750	0.00856	0.00777	0.00245	0.00780	0.00776	0.00569	0.01228
1	0.01084	0.00775	0.01060	0.01239	0.01345	0.00750	0.00962	0.01321	0.01622	0.02136	0.04196	0.43148	0.04823	0.02298	0.01027	0.00334	0.00571	0.29923	0.00717	0.00668
2	0.02106	0.00970	0.01312	0.01217	0.01516	0.00863	0.00912	0.02316	0.01821	0.32438	0.03717	0.40350	0.03658	0.01756	0.00893	0.00281	0.00546	0.01551	0.00830	0.00946
3	0.02450	0.41361	0.03208	0.01634	0.02177	0.33572	0.01405	0.02677	0.01860	0.01858	0.01133	0.01315	0.00997	0.00726	0.00590	0.00181	0.01090	0.00453	0.00363	0.00951
4	0.01380	0.01189	0.01229	0.01149	0.01491	0.01238	0.00882	0.02491	0.31435	0.02621	0.05702	0.05368	0.37708	0.01546	0.00858	0.00262	0.00494	0.01288	0.00752	0.00917
5	0.01027	0.00739	0.00974	0.01023	0.01143	0.00685	0.00726	0.01287	0.01869	0.02592	0.38531	0.36242	0.06313	0.01972	0.00949	0.00276	0.00404	0.01770	0.00792	0.00685
6	0.37730	0.01402	0.01497	0.01215	0.01759	0.01414	0.01002	0.03092	0.01807	0.38679	0.02152	0.02007	0.01425	0.00850	0.00642	0.00240	0.00632	0.00615	0.00740	0.01100
7	0.02184	0.02474	0.02267	0.36353	0.03866	0.32872	0.01824	0.05212	0.01937	0.02068	0.01317	0.01752	0.01030	0.00793	0.00740	0.00230	0.01193	0.00603	0.00388	0.00898
8	0.02435	0.02135	0.03357	0.02464	0.03160	0.02201	0.30628	0.36532	0.02814	0.03785	0.01727	0.01967	0.01253	0.00804	0.00840	0.00246	0.01061	0.00797	0.00600	0.01194
9	0.01015	0.00729	0.00962	0.01032	0.01140	0.00676	0.00725	0.01255	0.01810	0.02497	0.33248	0.41795	0.06131	0.02042	0.00955	0.00282	0.00411	0.01837	0.00781	0.00676
10	0.01271	0.01082	0.01741	0.33157	0.03197	0.01314	0.01512	0.01658	0.01386	0.01883	0.01757	0.02598	0.01524	0.03506	0.38105	0.00794	0.01599	0.00766	0.00383	0.00770
11	0.02947	0.02172	0.02327	0.01784	0.02404	0.02404	0.01474	0.65329	0.03646	0.04887	0.01862	0.01862	0.01319	0.00931	0.00776	0.00233	0.00853	0.00698	0.00776	0.01319
12	0.01579	0.02804	0.37975	0.01724	0.02660	0.01449	0.01973	0.02225	0.01624	0.02488	0.01385	0.01624	0.01058	0.00662	0.00662	0.00186	0.00884	0.00521	0.00388	0.36129
13	0.02634	0.01603	0.02530	0.03211	0.37701	0.01520	0.01811	0.03021	0.01973	0.32738	0.02192	0.02249	0.01545	0.00814	0.00773	0.00235	0.00801	0.00732	0.00648	0.01270
14	0.01579	0.02804	0.37975	0.01724	0.02660	0.01449	0.01973	0.02225	0.01624	0.02488	0.01385	0.01624	0.01058	0.00662	0.00662	0.00186	0.00884	0.00521	0.00388	0.36129

[dist]
# distance from previous block
# <min> <max>
0	17

[block]
# block no. 5 follows, 25 sequences, length 25
# corresponding to MSA columns:
# 827-851
name=unknown_F
#
# <colnr> <probs for GDERKNQSTAVLIFYWHMCP>
#	G	D	E	R	K	N	Q	S	T	A	V	L	I	F	Y	W	H	M	C	P
0	0.01272	0.00992	0.01231	0.01034	0.01390	0.00835	0.00795	0.01630	0.01995	0.02910	0.44942	0.04364	0.05212	0.01240	0.00798	0.00200	0.00437	0.01081	0.00719	0.26922
1	0.01242	0.00965	0.01351	0.24744	0.02379	0.01083	0.01044	0.01419	0.01272	0.01666	0.02080	0.04048	0.02210	0.48192	0.02864	0.00583	0.00848	0.00978	0.00427	0.00603
2	0.00925	0.00786	0.00797	0.00794	0.01052	0.00658	0.00596	0.01129	0.01787	0.02142	0.10649	0.07384	0.64775	0.01946	0.00916	0.00261	0.00391	0.01625	0.00726	0.00658
3	0.01589	0.01622	0.03093	0.47815	0.04901	0.01804	0.23631	0.02153	0.01646	0.02153	0.01443	0.02075	0.01082	0.00734	0.00823	0.00259	0.01127	0.00766	0.00361	0.00924
4	0.01573	0.03112	0.45830	0.01848	0.02838	0.01539	0.02201	0.02284	0.01627	0.02480	0.01387	0.01627	0.01039	0.00681	0.00681	0.00201	0.00951	0.00534	0.00372	0.27195
5	0.01247	0.01158	0.02154	0.01826	0.02124	0.01084	0.22686	0.01559	0.01602	0.02151	0.03351	0.48308	0.03780	0.01823	0.00964	0.00297	0.00742	0.01764	0.00608	0.00772
6	0.01152	0.00988	0.01066	0.00909	0.01317	0.00784	0.00702	0.01399	0.01713	0.02242	0.05645	0.05464	0.44926	0.01490	0.00800	0.00212	0.00455	0.01235	0.00631	0.26872
7	0.02947	0.02172	0.02327	0.01784	0.02404	0.02404	0.01474	0.65329	0.03646	0.04887	0.01862	0.01862	0.01319	0.00931	0.00776	0.00233	0.00853	0.00698	0.00776	0.01319
8	0.02457	0.02905	0.01996	0.01708	0.02206	0.46230	0.01300	0.02706	0.01996	0.02112	0.01260	0.01470	0.01050	0.00722	0.00657	0.00171	0.01117	0.00486	0.00420	0.27033
9	0.42499	0.01734	0.02405	0.01846	0.02431	0.01838	0.22812	0.08078	0.01717	0.03246	0.01371	0.01658	0.01040	0.00723	0.00658	0.00244	0.00856	0.00625	0.03269	0.00949
10	0.02521	0.02010	0.02343	0.01870	0.02279	0.02394	0.01550	0.43675	0.02807	0.03856	0.01574	0.01805	0.01216	0.01076	0.01379	0.00269	0.24901	0.00691	0.00627	0.01158
11	0.28058	0.48746	0.03066	0.01222	0.01823	0.02615	0.01161	0.02307	0.01488	0.02389	0.01079	0.01249	0.00942	0.00683	0.00491	0.00191	0.00751	0.00416	0.00382	0.00942
12	0.03479	0.01320	0.01799	0.01380	0.01979	0.01140	0.01140	0.03779	0.02219	0.68451	0.03059	0.02639	0.01919	0.00960	0.00780	0.00240	0.00660	0.00780	0.00960	0.01320
13	0.00945	0.00675	0.00900	0.01080	0.01125	0.00630	0.00720	0.01080	0.01484	0.01979	0.04274	0.72245	0.05128	0.02429	0.00990	0.00315	0.00450	0.02204	0.00720	0.00630
14	0.01603	0.03221	0.46091	0.02150	0.02905	0.01997	0.02466	0.02254	0.01484	0.02254	0.01264	0.01657	0.00994	0.00948	0.01354	0.00278	0.25094	0.00609	0.00331	0.01044
15	0.02270	0.01955	0.02867	0.03744	0.45562	0.02034	0.02070	0.23858	0.02407	0.03336	0.01596	0.01899	0.01259	0.00773	0.00770	0.00231	0.00898	0.00693	0.00518	0.01259
16	0.01628	0.01186	0.01387	0.01320	0.01561	0.01235	0.00977	0.23002	0.02222	0.02971	0.03451	0.48229	0.03828	0.01918	0.00917	0.00287	0.00587	0.01690	0.00739	0.00865
17	0.01970	0.01649	0.02326	0.47309	0.04339	0.01955	0.01921	0.23596	0.02265	0.02972	0.01543	0.01997	0.01131	0.00828	0.00775	0.00250	0.00972	0.00692	0.00492	0.01017
18	0.01666	0.01588	0.02113	0.01733	0.01968	0.01917	0.01431	0.01895	0.01331	0.02091	0.01141	0.01666	0.01062	0.01090	0.01872	0.00263	0.47189	0.00604	0.00380	0.26999
19	0.01789	0.01738	0.02787	0.11635	0.38050	0.02010	0.02120	0.02157	0.01543	0.02240	0.01299	0.01861	0.01133	0.00928	0.01375	0.00271	0.24959	0.00686	0.00364	0.01055
20	0.01217	0.00952	0.01192	0.01148	0.01440	0.00809	0.00866	0.01460	0.01582	0.02223	0.03373	0.36203	0.05651	0.01737	0.00858	0.00251	0.00532	0.11005	0.00630	0.26869
21	0.01660	0.01273	0.01382	0.01219	0.01589	0.01286	0.00985	0.23101	0.02424	0.03109	0.07146	0.05673	0.34578	0.01624	0.00889	0.00264	0.00592	0.09570	0.00742	0.00892
22	0.01737	0.01360	0.01514	0.01419	0.01745	0.01499	0.01073	0.08454	0.36530	0.05255	0.03420	0.26457	0.03201	0.01508	0.00856	0.00277	0.00580	0.01310	0.00770	0.01035
23	0.36349	0.01553	0.03543	0.03547	0.05023	0.01549	0.01165	0.06549	0.01846	0.28962	0.01939	0.01903	0.01320	0.00827	0.00645	0.00240	0.00682	0.00603	0.00673	0.01084
24	0.71472	0.01560	0.01246	0.01088	0.01581	0.01799	0.00897	0.07937	0.01528	0.03605	0.01150	0.01314	0.00883	0.00739	0.00506	0.00239	0.00623	0.00445	0.00506	0.00883

[dist]
# distance from previous block
# <min> <max>
0	13

[block]
# block no. 6 follows, 25 sequences, length 14
# corresponding to MSA columns:
# 865-878
name=unknown_G
#
# <colnr> <probs for GDERKNQSTAVLIFYWHMCP>
#	G	D	E	R	K	N	Q	S	T	A	V	L	I	F	Y	W	H	M	C	P
0	0.55496	0.01463	0.01313	0.04460	0.01771	0.01564	0.00923	0.02184	0.01402	0.03170	0.01168	0.01385	0.00926	0.00686	0.00518	0.00210	0.00615	0.00443	0.00468	0.19835
1	0.01837	0.18869	0.42681	0.02072	0.03033	0.02050	0.09208	0.02523	0.01686	0.07028	0.01461	0.01671	0.01073	0.00727	0.00706	0.00229	0.01059	0.00590	0.00381	0.01114
2	0.02061	0.06936	0.02627	0.01948	0.02490	0.01910	0.17052	0.11832	0.26149	0.07092	0.04512	0.06040	0.02142	0.01014	0.00818	0.00254	0.00824	0.02511	0.00663	0.01126
3	0.03116	0.01853	0.09955	0.01579	0.02250	0.01532	0.01429	0.18872	0.02503	0.44787	0.02562	0.02326	0.01658	0.00926	0.00774	0.00239	0.00766	0.00735	0.00838	0.01298
4	0.02186	0.01482	0.01965	0.01436	0.02106	0.01238	0.06601	0.06973	0.01924	0.19028	0.01846	0.01924	0.01354	0.00702	0.00669	0.00167	0.00679	0.00595	0.00600	0.46524
5	0.01212	0.00866	0.01207	0.01386	0.01548	0.00861	0.01185	0.01542	0.01748	0.02279	0.04126	0.16453	0.04543	0.02177	0.01061	0.00352	0.00682	0.55354	0.00715	0.00704
6	0.01404	0.03184	0.51924	0.01930	0.02803	0.01511	0.02333	0.02115	0.01599	0.02337	0.02106	0.19134	0.02010	0.01156	0.00799	0.00263	0.00973	0.00977	0.00425	0.01018
7	0.01090	0.00924	0.00998	0.00897	0.01249	0.00747	0.00680	0.01318	0.01707	0.02193	0.05989	0.10729	0.46583	0.01653	0.00837	0.00229	0.00442	0.01386	0.00655	0.19693
8	0.01729	0.01794	0.02920	0.02341	0.02535	0.02272	0.17408	0.02019	0.01347	0.02019	0.01154	0.01794	0.01057	0.01183	0.02141	0.00320	0.53979	0.00737	0.00352	0.00897
9	0.00945	0.00675	0.00900	0.01080	0.01125	0.00630	0.00720	0.01080	0.01484	0.01979	0.04274	0.72245	0.05128	0.02429	0.00990	0.00315	0.00450	0.02204	0.00720	0.00630
10	0.02105	0.02459	0.03814	0.03132	0.11320	0.18717	0.41797	0.02623	0.01913	0.02344	0.01464	0.01899	0.01139	0.00694	0.00844	0.00242	0.01283	0.00785	0.00393	0.01031
11	0.01941	0.01649	0.01736	0.01544	0.01985	0.01885	0.01206	0.08423	0.57932	0.03293	0.03349	0.03098	0.06292	0.01099	0.00796	0.00261	0.00618	0.00910	0.00784	0.01199
12	0.01958	0.55415	0.03455	0.01283	0.01952	0.02564	0.01226	0.02230	0.01583	0.01998	0.01152	0.01334	0.01033	0.00641	0.00517	0.00153	0.00766	0.00426	0.00363	0.19951
13	0.10843	0.01992	0.01966	0.01595	0.02127	0.18271	0.04298	0.06719	0.02180	0.36158	0.04610	0.02235	0.01708	0.00902	0.00740	0.00231	0.00868	0.00698	0.00730	0.01131

[dist]
# distance from previous block
# <min> <max>
0	2

[block]
# block no. 7 follows, 25 sequences, length 102
# corresponding to MSA columns:
# 881-982
name=unknown_H
#
# <colnr> <probs for GDERKNQSTAVLIFYWHMCP>
#	G	D	E	R	K	N	Q	S	T	A	V	L	I	F	Y	W	H	M	C	P
0	0.10506	0.01494	0.03851	0.01375	0.01938	0.03929	0.01155	0.03416	0.04505	0.50410	0.07161	0.02648	0.02134	0.00969	0.00755	0.00240	0.00677	0.00773	0.00856	0.01206
1	0.01853	0.01795	0.02896	0.09145	0.50907	0.03982	0.04648	0.02387	0.05156	0.02472	0.01715	0.06398	0.01510	0.00828	0.00787	0.00240	0.00915	0.00798	0.00424	0.01145
2	0.70699	0.01535	0.01239	0.01081	0.01574	0.01759	0.00891	0.06304	0.01500	0.05992	0.01203	0.01349	0.00910	0.00742	0.00510	0.00239	0.00618	0.00451	0.00516	0.00888
3	0.01859	0.01680	0.01656	0.01502	0.01915	0.06026	0.01162	0.03668	0.54121	0.03011	0.03638	0.03388	0.10688	0.01154	0.00800	0.00259	0.00635	0.00951	0.00756	0.01133
4	0.01139	0.05297	0.01058	0.00926	0.00987	0.00867	0.00584	0.01191	0.01258	0.01651	0.02958	0.19970	0.05500	0.49964	0.02960	0.00600	0.00676	0.01342	0.00526	0.00545
5	0.01831	0.01569	0.01669	0.01525	0.01938	0.01794	0.01194	0.03799	0.58926	0.03123	0.03471	0.03509	0.06038	0.01170	0.00814	0.00269	0.00608	0.04809	0.00780	0.01164
6	0.05783	0.00830	0.00808	0.00800	0.01076	0.00723	0.00605	0.01186	0.01739	0.02182	0.07428	0.07072	0.63397	0.01885	0.00889	0.00260	0.00406	0.01560	0.00705	0.00666
7	0.01794	0.02016	0.04366	0.03152	0.03898	0.01894	0.61079	0.02428	0.01827	0.02473	0.01728	0.02510	0.01383	0.00747	0.00925	0.00267	0.01270	0.04804	0.00412	0.01025
8	0.02073	0.73217	0.04063	0.01327	0.01990	0.03068	0.01327	0.02322	0.01575	0.01824	0.01078	0.01244	0.00995	0.00663	0.00498	0.00166	0.00829	0.00415	0.00332	0.00995
9	0.01929	0.01666	0.01753	0.01578	0.02016	0.01929	0.01227	0.04120	0.66513	0.03243	0.03156	0.02893	0.02367	0.01052	0.00789	0.00263	0.00614	0.00877	0.00789	0.01227
10	0.78228	0.01499	0.01140	0.01020	0.01499	0.01739	0.00840	0.02279	0.01320	0.03479	0.01080	0.01260	0.00840	0.00720	0.00480	0.00240	0.00600	0.00420	0.00480	0.00840
11	0.01027	0.00790	0.00939	0.00902	0.01115	0.00702	0.00676	0.01327	0.02029	0.02715	0.44303	0.06441	0.30764	0.01732	0.00915	0.00251	0.00376	0.01493	0.00802	0.00702
12	0.78228	0.01499	0.01140	0.01020	0.01499	0.01739	0.00840	0.02279	0.01320	0.03479	0.01080	0.01260	0.00840	0.00720	0.00480	0.00240	0.00600	0.00420	0.00480	0.00840
13	0.01249	0.00892	0.01249	0.01428	0.01606	0.00892	0.01249	0.01606	0.01785	0.02320	0.04105	0.08746	0.04462	0.02142	0.01071	0.00357	0.00714	0.62695	0.00714	0.00714
14	0.02786	0.03468	0.02104	0.01916	0.02305	0.63636	0.01438	0.03064	0.04423	0.01997	0.01337	0.01529	0.01099	0.00813	0.00694	0.00201	0.01316	0.00524	0.04447	0.00901
15	0.01908	0.02214	0.07001	0.03536	0.20898	0.06178	0.41554	0.02493	0.01827	0.02459	0.01508	0.01981	0.01170	0.00676	0.00854	0.00249	0.01203	0.00814	0.00387	0.01090
16	0.01680	0.10373	0.60043	0.02095	0.03174	0.01893	0.02653	0.02495	0.01654	0.05005	0.01428	0.01640	0.01020	0.00739	0.00716	0.00238	0.01097	0.00566	0.00353	0.01139
17	0.01627	0.13639	0.59736	0.02087	0.03166	0.01977	0.02651	0.02437	0.01628	0.02368	0.01348	0.01582	0.00984	0.00726	0.00703	0.00234	0.01102	0.00551	0.00328	0.01125
18	0.00945	0.00675	0.00900	0.01080	0.01125	0.00630	0.00720	0.01080	0.01484	0.01979	0.04274	0.72245	0.05128	0.02429	0.00990	0.00315	0.00450	0.02204	0.00720	0.00630
19	0.01194	0.00816	0.01053	0.00980	0.01188	0.00745	0.00740	0.01544	0.02164	0.06043	0.60086	0.05771	0.11565	0.01585	0.00908	0.00245	0.00381	0.01391	0.00848	0.00753
20	0.03167	0.01722	0.04551	0.01528	0.02130	0.05151	0.01289	0.13925	0.07229	0.46821	0.02701	0.02422	0.01766	0.00944	0.00774	0.00238	0.00748	0.00750	0.00861	0.01283
21	0.02896	0.03695	0.02197	0.01998	0.02397	0.69638	0.01498	0.03096	0.02197	0.01898	0.01199	0.01398	0.00999	0.00799	0.00699	0.00200	0.01398	0.00499	0.00400	0.00899
22	0.00945	0.00675	0.00900	0.01080	0.01125	0.00630	0.00720	0.01080	0.01484	0.01979	0.04274	0.72245	0.05128	0.02429	0.00990	0.00315	0.00450	0.02204	0.00720	0.00630
23	0.78228	0.01499	0.01140	0.01020	0.01499	0.01739	0.00840	0.02279	0.01320	0.03479	0.01080	0.01260	0.00840	0.00720	0.00480	0.00240	0.00600	0.00420	0.00480	0.00840
24	0.01929	0.01666	0.01753	0.01578	0.02016	0.01929	0.01227	0.04120	0.66513	0.03243	0.03156	0.02893	0.02367	0.01052	0.00789	0.00263	0.00614	0.00877	0.00789	0.01227
25	0.00916	0.00785	0.00785	0.00785	0.01047	0.00655	0.00589	0.01113	0.01767	0.02095	0.07855	0.07462	0.67599	0.01964	0.00916	0.00262	0.00393	0.01636	0.00720	0.00655
26	0.03479	0.01320	0.01799	0.01380	0.01979	0.01140	0.01140	0.03779	0.02219	0.68451	0.03059	0.02639	0.01919	0.00960	0.00780	0.00240	0.00660	0.00780	0.00960	0.01320
27	0.01463	0.01329	0.02206	0.65652	0.05009	0.01648	0.02033	0.01968	0.01556	0.02049	0.01464	0.02129	0.01105	0.00785	0.00758	0.00253	0.00983	0.00692	0.06068	0.00851
28	0.02947	0.02172	0.02327	0.01784	0.02404	0.02404	0.01474	0.65329	0.03646	0.04887	0.01862	0.01862	0.01319	0.00931	0.00776	0.00233	0.00853	0.00698	0.00776	0.01319
29	0.78228	0.01499	0.01140	0.01020	0.01499	0.01739	0.00840	0.02279	0.01320	0.03479	0.01080	0.01260	0.00840	0.00720	0.00480	0.00240	0.00600	0.00420	0.00480	0.00840
30	0.02947	0.02172	0.02327	0.01784	0.02404	0.02404	0.01474	0.65329	0.03646	0.04887	0.01862	0.01862	0.01319	0.00931	0.00776	0.00233	0.00853	0.00698	0.00776	0.01319
31	0.01919	0.01842	0.03147	0.04759	0.67914	0.01842	0.02380	0.02380	0.01765	0.02533	0.01458	0.01919	0.01228	0.00691	0.00768	0.00230	0.00921	0.00691	0.00384	0.01228
32	0.03426	0.03998	0.01884	0.01378	0.01980	0.01211	0.01147	0.03724	0.02195	0.65969	0.02985	0.02587	0.01885	0.00949	0.00769	0.00237	0.00666	0.00766	0.00936	0.01307
33	0.01128	0.00752	0.00846	0.00846	0.00846	0.00752	0.00470	0.01128	0.01128	0.01503	0.02443	0.05074	0.02819	0.72751	0.03946	0.00752	0.00752	0.01128	0.00470	0.00470
34	0.00945	0.00675	0.00900	0.01080	0.01125	0.00630	0.00720	0.01080	0.01484	0.01979	0.04274	0.72245	0.05128	0.02429	0.00990	0.00315	0.00450	0.02204	0.00720	0.00630
35	0.02034	0.68053	0.08888	0.01393	0.02092	0.02973	0.01441	0.02332	0.01580	0.01871	0.01101	0.01273	0.00994	0.00669	0.00515	0.00172	0.00853	0.00426	0.00331	0.01006
36	0.03395	0.01338	0.01797	0.01390	0.01981	0.01182	0.01144	0.03797	0.05708	0.64913	0.03064	0.02653	0.01944	0.00965	0.00780	0.00241	0.00657	0.00785	0.00950	0.01315
37	0.00945	0.00675	0.00900	0.01080	0.01125	0.00630	0.00720	0.01080	0.01484	0.01979	0.04274	0.72245	0.05128	0.02429	0.00990	0.00315	0.00450	0.02204	0.00720	0.00630
38	0.01836	0.02065	0.04398	0.03162	0.03924	0.01959	0.61078	0.02587	0.05902	0.02531	0.01669	0.02142	0.01251	0.00679	0.00907	0.00262	0.01264	0.00913	0.00417	0.01057
39	0.02912	0.03243	0.02236	0.01934	0.02399	0.49688	0.01491	0.21562	0.02627	0.02785	0.01395	0.01536	0.01094	0.00838	0.00722	0.00210	0.01237	0.00558	0.00511	0.01023
40	0.01833	0.02082	0.04522	0.03323	0.06419	0.01956	0.62773	0.02480	0.01828	0.02485	0.01565	0.02085	0.01178	0.00655	0.00910	0.00260	0.01293	0.00907	0.00392	0.01053
41	0.03181	0.01377	0.01788	0.01403	0.01968	0.01270	0.01148	0.07047	0.08884	0.55310	0.05973	0.02768	0.02181	0.00996	0.00787	0.00242	0.00652	0.00814	0.00927	0.01283
42	0.01594	0.09174	0.63908	0.02144	0.03254	0.01895	0.02750	0.02446	0.01632	0.02408	0.01368	0.01608	0.00983	0.00731	0.00719	0.00240	0.01122	0.00561	0.00328	0.01135
43	0.03279	0.01364	0.01793	0.01405	0.01984	0.01241	0.01151	0.03823	0.10505	0.60047	0.03071	0.02672	0.01977	0.00972	0.00781	0.00243	0.00654	0.00792	0.00938	0.01308
44	0.02864	0.02166	0.02495	0.01895	0.02527	0.02371	0.06221	0.60640	0.03510	0.04707	0.01840	0.01879	0.01308	0.00910	0.00786	0.00235	0.00887	0.00714	0.00747	0.01298
45	0.02945	0.02254	0.02320	0.01796	0.02404	0.06053	0.01475	0.61952	0.03567	0.04724	0.01826	0.01836	0.01301	0.00924	0.00771	0.00231	0.00883	0.00687	0.00755	0.01296
46	0.02421	0.01910	0.02031	0.01678	0.02204	0.02159	0.01346	0.33704	0.36128	0.04038	0.02530	0.02394	0.01860	0.00993	0.00783	0.00248	0.00729	0.00790	0.00783	0.01271
47	0.00916	0.00785	0.00785	0.00785	0.01047	0.00655	0.00589	0.01113	0.01767	0.02095	0.07855	0.07462	0.67599	0.01964	0.00916	0.00262	0.00393	0.01636	0.00720	0.00655
48	0.00916	0.00785	0.00785	0.00785	0.01047	0.00655	0.00589	0.01113	0.01767	0.02095	0.07855	0.07462	0.67599	0.01964	0.00916	0.00262	0.00393	0.01636	0.00720	0.00655
49	0.78228	0.01499	0.01140	0.01020	0.01499	0.01739	0.00840	0.02279	0.01320	0.03479	0.01080	0.01260	0.00840	0.00720	0.00480	0.00240	0.00600	0.00420	0.00480	0.00840
50	0.01830	0.02092	0.04575	0.03268	0.04052	0.01961	0.65098	0.02484	0.01830	0.02484	0.01569	0.02092	0.01176	0.00654	0.00915	0.00261	0.01307	0.00915	0.00392	0.01046
51	0.01128	0.00752	0.00846	0.00846	0.00846	0.00752	0.00470	0.01128	0.01128	0.01503	0.02443	0.05074	0.02819	0.72751	0.03946	0.00752	0.00752	0.01128	0.00470	0.00470
52	0.78228	0.01499	0.01140	0.01020	0.01499	0.01739	0.00840	0.02279	0.01320	0.03479	0.01080	0.01260	0.00840	0.00720	0.00480	0.00240	0.00600	0.00420	0.00480	0.00840
53	0.01097	0.00793	0.01036	0.00975	0.01158	0.00732	0.00732	0.01463	0.02195	0.03109	0.67505	0.05792	0.07316	0.01585	0.00914	0.00244	0.00366	0.01402	0.00854	0.00732
54	0.78228	0.01499	0.01140	0.01020	0.01499	0.01739	0.00840	0.02279	0.01320	0.03479	0.01080	0.01260	0.00840	0.00720	0.00480	0.00240	0.00600	0.00420	0.00480	0.00840
55	0.01128	0.00752	0.00846	0.00846	0.00846	0.00752	0.00470	0.01128	0.01128	0.01503	0.02443	0.05074	0.02819	0.72751	0.03946	0.00752	0.00752	0.01128	0.00470	0.00470
56	0.01108	0.00831	0.01246	0.01246	0.01385	0.00969	0.00969	0.01385	0.01246	0.01800	0.02077	0.03046	0.01938	0.05815	0.69678	0.01246	0.02077	0.00831	0.00415	0.00692
57	0.02947	0.02172	0.02327	0.01784	0.02404	0.02404	0.01474	0.65329	0.03646	0.04887	0.01862	0.01862	0.01319	0.00931	0.00776	0.00233	0.00853	0.00698	0.00776	0.01319
58	0.03371	0.01380	0.01823	0.01410	0.02002	0.01243	0.01161	0.06823	0.05673	0.61894	0.03005	0.02614	0.01913	0.00963	0.00780	0.00241	0.00667	0.00781	0.00942	0.01315
59	0.01128	0.00752	0.00846	0.00846	0.00846	0.00752	0.00470	0.01128	0.01128	0.01503	0.02443	0.05074	0.02819	0.72751	0.03946	0.00752	0.00752	0.01128	0.00470	0.00470
60	0.01249	0.00892	0.01249	0.01428	0.01606	0.00892	0.01249	0.01606	0.01785	0.02320	0.04105	0.08746	0.04462	0.02142	0.01071	0.00357	0.00714	0.62695	0.00714	0.00714
61	0.01097	0.00793	0.01036	0.00975	0.01158	0.00732	0.00732	0.01463	0.02195	0.03109	0.67505	0.05792	0.07316	0.01585	0.00914	0.00244	0.00366	0.01402	0.00854	0.00732
62	0.03416	0.01421	0.01862	0.01427	0.02030	0.01290	0.01179	0.11080	0.02388	0.60911	0.02917	0.02547	0.01848	0.00956	0.00779	0.00239	0.00683	0.00770	0.00938	0.01319
63	0.02173	0.64730	0.03835	0.01409	0.02040	0.11195	0.01348	0.02416	0.01651	0.01833	0.01093	0.01263	0.00995	0.00680	0.00522	0.00170	0.00899	0.00425	0.00340	0.00983
64	0.01741	0.01659	0.02724	0.32225	0.19670	0.01933	0.07386	0.06087	0.01692	0.02320	0.01379	0.01953	0.01108	0.00860	0.01107	0.00265	0.13808	0.00707	0.00384	0.00993
65	0.01086	0.00784	0.01026	0.00983	0.01156	0.00724	0.00731	0.01435	0.02142	0.03025	0.62787	0.10750	0.07153	0.01648	0.00920	0.00249	0.00372	0.01462	0.00844	0.00724
66	0.01996	0.62874	0.13728	0.01459	0.02194	0.02879	0.01557	0.02342	0.01585	0.01919	0.01125	0.01303	0.00993	0.00674	0.00533	0.00178	0.00877	0.00438	0.00331	0.01018
67	0.01097	0.00793	0.01036	0.00975	0.01158	0.00732	0.00732	0.01463	0.02195	0.03109	0.67505	0.05792	0.07316	0.01585	0.00914	0.00244	0.00366	0.01402	0.00854	0.00732
68	0.01111	0.00817	0.01174	0.01174	0.01288	0.00930	0.00879	0.01338	0.01225	0.01747	0.02143	0.03411	0.02097	0.17852	0.57858	0.01157	0.01839	0.00884	0.00425	0.00652
69	0.02714	0.02056	0.02195	0.01737	0.02316	0.02295	0.01417	0.51300	0.18054	0.04510	0.02158	0.02098	0.01559	0.00959	0.00779	0.00240	0.00798	0.00739	0.00779	0.01298
70	0.01628	0.01698	0.03334	0.40583	0.04763	0.01829	0.30363	0.02206	0.01676	0.02206	0.01463	0.02078	0.01098	0.00721	0.00838	0.00260	0.01156	0.00790	0.00366	0.00944
71	0.02952	0.02021	0.02207	0.01698	0.02300	0.02198	0.01401	0.55940	0.03408	0.12077	0.02023	0.01989	0.01412	0.00933	0.00767	0.00232	0.00813	0.00708	0.03624	0.01297
72	0.03457	0.01354	0.01821	0.01396	0.01997	0.01191	0.01153	0.06293	0.02277	0.65855	0.03010	0.02607	0.01895	0.00958	0.00780	0.00240	0.00668	0.00776	0.00952	0.01319
73	0.01684	0.11592	0.59057	0.02081	0.03153	0.01917	0.02630	0.02490	0.01652	0.04849	0.01419	0.01631	0.01019	0.00737	0.00712	0.00236	0.01093	0.00563	0.00351	0.01136
74	0.01875	0.01497	0.01720	0.01262	0.01928	0.01263	0.01016	0.10839	0.04563	0.05342	0.01580	0.01734	0.01250	0.00657	0.00618	0.00142	0.00617	0.00521	0.00535	0.61039
75	0.40779	0.31053	0.02439	0.01208	0.01775	0.02340	0.01092	0.07426	0.01614	0.02913	0.01143	0.01302	0.00943	0.00714	0.00511	0.00209	0.00715	0.00440	0.00443	0.00943
76	0.02813	0.01500	0.01804	0.01426	0.01957	0.01482	0.01162	0.21891	0.05774	0.34605	0.09527	0.03094	0.07203	0.01093	0.00803	0.00241	0.00666	0.00886	0.00867	0.01206
77	0.01608	0.01378	0.01608	0.01148	0.01837	0.01034	0.00919	0.01952	0.01608	0.02527	0.01378	0.01608	0.01148	0.00574	0.00574	0.00115	0.00574	0.00459	0.00459	0.77491
78	0.71655	0.01484	0.01198	0.01051	0.01542	0.01687	0.00866	0.02411	0.01399	0.09191	0.01254	0.01381	0.00935	0.00741	0.00506	0.00240	0.00605	0.00451	0.00522	0.00882
79	0.01108	0.00828	0.01231	0.01231	0.01364	0.00961	0.00951	0.01375	0.01242	0.01789	0.02091	0.03122	0.01971	0.08321	0.67218	0.01228	0.02027	0.00842	0.00417	0.00684
80	0.01919	0.01842	0.03147	0.04759	0.67914	0.01842	0.02380	0.02380	0.01765	0.02533	0.01458	0.01919	0.01228	0.00691	0.00768	0.00230	0.00921	0.00691	0.00384	0.01228
81	0.01347	0.00673	0.01010	0.01010	0.01010	0.00673	0.00673	0.01010	0.01010	0.01347	0.01347	0.02357	0.01347	0.02694	0.03030	0.77441	0.00673	0.00673	0.00337	0.00337
82	0.02897	0.02147	0.02299	0.01774	0.02385	0.02381	0.01462	0.62319	0.06737	0.04806	0.01925	0.01912	0.01370	0.00937	0.00776	0.00234	0.00841	0.00707	0.00776	0.01314
83	0.02947	0.02172	0.02327	0.01784	0.02404	0.02404	0.01474	0.65329	0.03646	0.04887	0.01862	0.01862	0.01319	0.00931	0.00776	0.00233	0.00853	0.00698	0.00776	0.01319
84	0.02073	0.73217	0.04063	0.01327	0.01990	0.03068	0.01327	0.02322	0.01575	0.01824	0.01078	0.01244	0.00995	0.00663	0.00498	0.00166	0.00829	0.00415	0.00332	0.00995
85	0.78228	0.01499	0.01140	0.01020	0.01499	0.01739	0.00840	0.02279	0.01320	0.03479	0.01080	0.01260	0.00840	0.00720	0.00480	0.00240	0.00600	0.00420	0.00480	0.00840
86	0.02947	0.02172	0.02327	0.01784	0.02404	0.02404	0.01474	0.65329	0.03646	0.04887	0.01862	0.01862	0.01319	0.00931	0.00776	0.00233	0.00853	0.00698	0.00776	0.01319
87	0.78228	0.01499	0.01140	0.01020	0.01499	0.01739	0.00840	0.02279	0.01320	0.03479	0.01080	0.01260	0.00840	0.00720	0.00480	0.00240	0.00600	0.00420	0.00480	0.00840
88	0.01212	0.00805	0.01037	0.01003	0.01196	0.00732	0.00743	0.01512	0.02019	0.07220	0.45194	0.18315	0.12584	0.01740	0.00920	0.00259	0.00404	0.01535	0.00822	0.00744
89	0.01127	0.00755	0.00860	0.00860	0.00865	0.00760	0.00488	0.01137	0.01132	0.01514	0.02430	0.05000	0.02787	0.70321	0.06333	0.00770	0.00800	0.01117	0.00468	0.00478
90	0.01566	0.03838	0.63782	0.02197	0.03257	0.01844	0.02778	0.02412	0.01603	0.02412	0.01364	0.01641	0.00985	0.00783	0.00872	0.00253	0.06383	0.00581	0.00328	0.01124
91	0.00953	0.00787	0.00836	0.00824	0.01070	0.00670	0.00618	0.01184	0.01854	0.02300	0.19909	0.07124	0.55418	0.01887	0.00916	0.00258	0.00387	0.01589	0.00747	0.00670
92	0.03397	0.01338	0.01797	0.01390	0.01981	0.01181	0.01144	0.03797	0.05603	0.65019	0.03064	0.02652	0.01943	0.00965	0.00780	0.00241	0.00657	0.00785	0.00951	0.01315
93	0.01507	0.03627	0.60574	0.02082	0.03111	0.01679	0.02631	0.02342	0.01685	0.02498	0.06449	0.02274	0.01615	0.00865	0.00765	0.00251	0.01068	0.03496	0.00384	0.01095
94	0.03479	0.01320	0.01799	0.01380	0.01979	0.01140	0.01140	0.03779	0.02219	0.68451	0.03059	0.02639	0.01919	0.00960	0.00780	0.00240	0.00660	0.00780	0.00960	0.01320
95	0.02792	0.02094	0.02239	0.01752	0.02345	0.02332	0.01436	0.55966	0.13262	0.04635	0.02060	0.02019	0.01479	0.00949	0.00778	0.00237	0.00817	0.00725	0.00778	0.01305
96	0.78228	0.01499	0.01140	0.01020	0.01499	0.01739	0.00840	0.02279	0.01320	0.03479	0.01080	0.01260	0.00840	0.00720	0.00480	0.00240	0.00600	0.00420	0.00480	0.00840
97	0.01097	0.00793	0.01036	0.00975	0.01158	0.00732	0.00732	0.01463	0.02195	0.03109	0.67505	0.05792	0.07316	0.01585	0.00914	0.00244	0.00366	0.01402	0.00854	0.00732
98	0.01873	0.01893	0.03599	0.33643	0.04694	0.01947	0.34602	0.02379	0.01825	0.02441	0.01696	0.02370	0.01321	0.00859	0.00938	0.00299	0.01233	0.00872	0.00448	0.01068
99	0.02010	0.02127	0.04249	0.03083	0.03850	0.01941	0.55070	0.02540	0.01924	0.02672	0.01758	0.02322	0.01381	0.00795	0.00959	0.00283	0.01268	0.00919	0.00477	0.10371
100	0.75603	0.01643	0.01299	0.01173	0.01659	0.01840	0.00935	0.02407	0.01459	0.03625	0.01310	0.01580	0.01061	0.00869	0.00581	0.00280	0.00675	0.00497	0.00553	0.00952
101	0.02132	0.01803	0.01890	0.01711	0.02156	0.02022	0.01308	0.04180	0.64236	0.03398	0.03309	0.03152	0.02531	0.01188	0.00879	0.00302	0.00688	0.00937	0.00851	0.01325

[dist]
# distance from previous block
# <min> <max>
0	1

[block]
# block no. 8 follows, 25 sequences, length 169
# corresponding to MSA columns:
# 984-1152
name=unknown_I
#
# <colnr> <probs for GDERKNQSTAVLIFYWHMCP>
#	G	D	E	R	K	N	Q	S	T	A	V	L	I	F	Y	W	H	M	C	P
0	0.01145	0.00947	0.00949	0.00940	0.01215	0.00788	0.00688	0.01276	0.01884	0.02282	0.07835	0.07548	0.65458	0.02061	0.00997	0.00299	0.00471	0.01667	0.00781	0.00768
1	0.01320	0.00954	0.01191	0.01123	0.01322	0.00863	0.00826	0.01614	0.02296	0.03261	0.65385	0.05936	0.07298	0.01696	0.00995	0.00282	0.00445	0.01441	0.00910	0.00842
2	0.01173	0.00840	0.01059	0.01224	0.01289	0.00765	0.00814	0.01244	0.01611	0.02171	0.04380	0.70049	0.05187	0.02510	0.01068	0.00350	0.00526	0.02214	0.00781	0.00744
3	0.01844	0.01747	0.02380	0.02074	0.02109	0.02320	0.01690	0.01958	0.01330	0.02056	0.01336	0.02108	0.01306	0.01884	0.08704	0.00457	0.62582	0.00756	0.00421	0.00941
4	0.01180	0.00843	0.01057	0.01215	0.01278	0.00769	0.00805	0.01246	0.01597	0.02153	0.04310	0.67470	0.05098	0.05210	0.01182	0.00367	0.00538	0.02173	0.00772	0.00738
5	0.01919	0.01842	0.03147	0.04759	0.67914	0.01842	0.02380	0.02380	0.01765	0.02533	0.01458	0.01919	0.01228	0.00691	0.00768	0.00230	0.00921	0.00691	0.00384	0.01228
6	0.01960	0.50447	0.22539	0.01599	0.02399	0.02677	0.01774	0.04951	0.01678	0.02131	0.01200	0.01382	0.01005	0.00695	0.00578	0.00191	0.00921	0.00472	0.00349	0.01052
7	0.01962	0.58348	0.17958	0.01516	0.02284	0.02796	0.01657	0.02350	0.01589	0.01960	0.01145	0.01328	0.00992	0.00679	0.00549	0.00183	0.00897	0.00449	0.00331	0.01027
8	0.01445	0.00723	0.00723	0.00723	0.00903	0.00723	0.00542	0.01807	0.01626	0.02891	0.02529	0.02891	0.01987	0.00903	0.00542	0.00181	0.00361	0.00723	0.77055	0.00723
9	0.01892	0.01829	0.03164	0.08059	0.62108	0.01841	0.04947	0.02364	0.01757	0.02503	0.01459	0.01934	0.01216	0.00694	0.00774	0.00233	0.00943	0.00700	0.00382	0.01202
10	0.01555	0.04011	0.68733	0.02210	0.03356	0.01801	0.02865	0.02455	0.01637	0.02455	0.01391	0.01637	0.00982	0.00737	0.00737	0.00246	0.01146	0.00573	0.00327	0.01146
11	0.01128	0.00752	0.00846	0.00846	0.00846	0.00752	0.00470	0.01128	0.01128	0.01503	0.02443	0.05074	0.02819	0.72751	0.03946	0.00752	0.00752	0.01128	0.00470	0.00470
12	0.02989	0.02106	0.02286	0.01753	0.02372	0.02306	0.01448	0.60554	0.03535	0.09818	0.01954	0.01922	0.01365	0.00933	0.00776	0.00233	0.00838	0.00704	0.00790	0.01319
13	0.02816	0.01953	0.02157	0.01687	0.02255	0.02136	0.01386	0.47866	0.08318	0.12806	0.02313	0.02247	0.03927	0.00997	0.00844	0.00241	0.03240	0.00757	0.00783	0.01270
14	0.01555	0.04011	0.68733	0.02210	0.03356	0.01801	0.02865	0.02455	0.01637	0.02455	0.01391	0.01637	0.00982	0.00737	0.00737	0.00246	0.01146	0.00573	0.00327	0.01146
15	0.02073	0.73217	0.04063	0.01327	0.01990	0.03068	0.01327	0.02322	0.01575	0.01824	0.01078	0.01244	0.00995	0.00663	0.00498	0.00166	0.00829	0.00415	0.00332	0.00995
16	0.01464	0.01353	0.02264	0.68175	0.05169	0.01684	0.02091	0.01974	0.01553	0.02016	0.01423	0.02099	0.01070	0.00780	0.00766	0.00255	0.01008	0.00690	0.03310	0.00856
17	0.01097	0.00793	0.01036	0.00975	0.01158	0.00732	0.00732	0.01463	0.02195	0.03109	0.67505	0.05792	0.07316	0.01585	0.00914	0.00244	0.00366	0.01402	0.00854	0.00732
18	0.01919	0.01842	0.03147	0.04759	0.67914	0.01842	0.02380	0.02380	0.01765	0.02533	0.01458	0.01919	0.01228	0.00691	0.00768	0.00230	0.00921	0.00691	0.00384	0.01228
19	0.01596	0.09445	0.63656	0.02141	0.03249	0.01900	0.02744	0.02445	0.01632	0.02406	0.01367	0.01606	0.00983	0.00731	0.00718	0.00239	0.01121	0.00561	0.00328	0.01134
20	0.01097	0.00793	0.01036	0.00975	0.01158	0.00732	0.00732	0.01463	0.02195	0.03109	0.67505	0.05792	0.07316	0.01585	0.00914	0.00244	0.00366	0.01402	0.00854	0.00732
21	0.01088	0.00792	0.01024	0.00966	0.01153	0.00728	0.00724	0.01445	0.02173	0.03058	0.64473	0.05877	0.10380	0.01604	0.00915	0.00245	0.00367	0.01414	0.00847	0.00728
22	0.01977	0.01776	0.01833	0.01729	0.04722	0.05366	0.01288	0.03997	0.60604	0.03146	0.02987	0.02777	0.02251	0.01024	0.00784	0.00258	0.00666	0.00850	0.00753	0.01211
23	0.01919	0.01842	0.03147	0.04759	0.67914	0.01842	0.02380	0.02380	0.01765	0.02533	0.01458	0.01919	0.01228	0.00691	0.00768	0.00230	0.00921	0.00691	0.00384	0.01228
24	0.01108	0.00831	0.01246	0.01246	0.01385	0.00969	0.00969	0.01385	0.01246	0.01800	0.02077	0.03046	0.01938	0.05815	0.69678	0.01246	0.02077	0.00831	0.00415	0.00692
