[name]
unknown

[dist]
# distance from previous block
# <min> <max>
0	34

[block]
# block no. 0 follows, 25 sequences, length 42
# corresponding to MSA columns:
# 34-75
name=unknown_A
#
# <colnr> <probs for GDERKNQSTAVLIFYWHMCP>
#	G	D	E	R	K	N	Q	S	T	A	V	L	I	F	Y	W	H	M	C	P
0	0.01294	0.01154	0.06249	0.01460	0.01723	0.00999	0.01330	0.01782	0.04987	0.02433	0.08485	0.07717	0.04310	0.01944	0.01021	0.00336	0.00716	0.50589	0.00699	0.00772
1	0.01645	0.09764	0.34459	0.06860	0.02805	0.01782	0.02062	0.06612	0.07604	0.02592	0.05519	0.06499	0.01971	0.01019	0.00772	0.00251	0.00925	0.05332	0.00480	0.01045
2	0.04331	0.00730	0.00896	0.01017	0.01069	0.00709	0.00660	0.01144	0.01385	0.01921	0.03662	0.51813	0.04346	0.20535	0.01732	0.00425	0.00534	0.01849	0.00645	0.00597
3	0.01807	0.02178	0.08056	0.03141	0.03903	0.01974	0.58147	0.02448	0.01784	0.02448	0.01529	0.02044	0.01157	0.00697	0.00994	0.00265	0.05118	0.00883	0.00386	0.01041
4	0.01784	0.36810	0.30276	0.01814	0.05037	0.02347	0.01970	0.02309	0.01584	0.02108	0.01295	0.01564	0.01068	0.01075	0.05721	0.00281	0.01055	0.00521	0.00338	0.01043
5	0.01019	0.00733	0.00934	0.00992	0.01108	0.00675	0.00693	0.01214	0.01727	0.02331	0.26082	0.35089	0.13755	0.05272	0.01176	0.03636	0.00437	0.01742	0.00738	0.00648
6	0.20440	0.02076	0.02046	0.01615	0.02194	0.04937	0.01327	0.48189	0.03047	0.04440	0.01653	0.01703	0.01195	0.00876	0.00704	0.00233	0.00816	0.00625	0.00692	0.01191
7	0.05285	0.00716	0.01017	0.01011	0.01035	0.00728	0.00682	0.01075	0.01026	0.01456	0.01333	0.02301	0.01321	0.02592	0.02900	0.73486	0.00670	0.00660	0.00344	0.00362
8	0.01185	0.00803	0.01041	0.01106	0.01255	0.00725	0.00776	0.01354	0.01529	0.05648	0.03753	0.52375	0.04320	0.07266	0.01154	0.00324	0.00512	0.05279	0.00686	0.08912
9	0.01392	0.00821	0.00923	0.00904	0.01107	0.00793	0.00673	0.04498	0.01821	0.05289	0.13629	0.15646	0.10719	0.01394	0.00739	0.00227	0.00414	0.01186	0.37075	0.00750
10	0.01069	0.00834	0.01281	0.01327	0.01458	0.00788	0.06565	0.01283	0.01560	0.02075	0.04006	0.56587	0.04676	0.02228	0.00995	0.00316	0.00566	0.11019	0.00690	0.00679
11	0.01097	0.00793	0.01036	0.00975	0.01158	0.00732	0.00732	0.01463	0.02195	0.03109	0.67505	0.05792	0.07316	0.01585	0.00914	0.00244	0.00366	0.01402	0.00854	0.00732
12	0.22110	0.01386	0.01565	0.01293	0.01794	0.01396	0.01046	0.06366	0.09079	0.34425	0.05870	0.06232	0.02113	0.01019	0.00722	0.00246	0.00623	0.00804	0.00790	0.01119
13	0.00952	0.00681	0.00907	0.01074	0.01126	0.00635	0.00720	0.01099	0.01521	0.02037	0.07513	0.68840	0.05240	0.02386	0.00986	0.00311	0.00446	0.02163	0.00727	0.00635
14	0.01128	0.00752	0.00846	0.00846	0.00846	0.00752	0.00470	0.01128	0.01128	0.01503	0.02443	0.05074	0.02819	0.72751	0.03946	0.00752	0.00752	0.01128	0.00470	0.00470
15	0.01065	0.00691	0.00858	0.00986	0.01057	0.00658	0.00664	0.01238	0.01489	0.02139	0.03768	0.52549	0.04290	0.07236	0.01110	0.00318	0.00453	0.01810	0.16984	0.00638
16	0.02826	0.01233	0.01628	0.01308	0.01803	0.01117	0.01058	0.03301	0.07649	0.48635	0.17175	0.03351	0.03139	0.01104	0.00810	0.00243	0.00592	0.00924	0.00922	0.01183
17	0.02947	0.02172	0.02327	0.01784	0.02404	0.02404	0.01474	0.65329	0.03646	0.04887	0.01862	0.01862	0.01319	0.00931	0.00776	0.00233	0.00853	0.00698	0.00776	0.01319
18	0.00970	0.00695	0.00923	0.01062	0.01130	0.00647	0.00722	0.01144	0.01604	0.02169	0.14913	0.61063	0.05496	0.02287	0.00977	0.00303	0.00436	0.02069	0.00742	0.00647
19	0.00950	0.00679	0.00904	0.01076	0.01126	0.00633	0.00720	0.01092	0.01507	0.02016	0.06301	0.70114	0.05198	0.02402	0.00987	0.00313	0.00447	0.02179	0.00724	0.00633
20	0.01037	0.00852	0.00920	0.00892	0.01146	0.00767	0.00672	0.01422	0.06602	0.02439	0.22812	0.06700	0.47376	0.01800	0.00907	0.00257	0.00402	0.01521	0.00759	0.00716
21	0.01097	0.00793	0.01036	0.00975	0.01158	0.00732	0.00732	0.01463	0.02195	0.03109	0.67505	0.05792	0.07316	0.01585	0.00914	0.00244	0.00366	0.01402	0.00854	0.00732
22	0.00943	0.00681	0.00893	0.01063	0.01120	0.00631	0.00712	0.01081	0.01500	0.01986	0.04476	0.68584	0.08658	0.02403	0.00986	0.00312	0.00447	0.02172	0.00720	0.00631
23	0.23244	0.01415	0.01587	0.07079	0.02056	0.01510	0.01126	0.07442	0.11998	0.21752	0.07199	0.06228	0.02154	0.01018	0.00720	0.00249	0.00648	0.00807	0.00716	0.01053
24	0.01347	0.00673	0.01010	0.01010	0.01010	0.00673	0.00673	0.01010	0.01010	0.01347	0.01347	0.02357	0.01347	0.02694	0.03030	0.77441	0.00673	0.00673	0.00337	0.00337
25	0.00952	0.00678	0.00898	0.01071	0.01114	0.00634	0.00710	0.01081	0.01471	0.01961	0.04204	0.69692	0.05040	0.05101	0.01102	0.00331	0.00461	0.02163	0.00710	0.00624
26	0.01066	0.00760	0.00915	0.00919	0.01055	0.00706	0.00640	0.01289	0.01754	0.02406	0.30084	0.16330	0.16220	0.16674	0.01543	0.00361	0.00465	0.01477	0.04689	0.00647
27	0.01830	0.02092	0.04575	0.03268	0.04052	0.01961	0.65098	0.02484	0.01830	0.02484	0.01569	0.02092	0.01176	0.00654	0.00915	0.00261	0.01307	0.00915	0.00392	0.01046
28	0.01162	0.00883	0.01239	0.01211	0.01303	0.01031	0.00904	0.01360	0.01211	0.01731	0.02081	0.03444	0.02083	0.22294	0.47545	0.01046	0.07506	0.00893	0.00423	0.00649
29	0.02566	0.01867	0.02020	0.01611	0.02118	0.02047	0.01299	0.52071	0.03192	0.04314	0.02201	0.10271	0.01856	0.03834	0.00909	0.00259	0.00777	0.00892	0.04722	0.01175
30	0.01229	0.01052	0.01789	0.10620	0.04620	0.01050	0.11415	0.01506	0.01572	0.02100	0.04847	0.41040	0.03666	0.01839	0.01036	0.03784	0.00703	0.04798	0.00592	0.00743
31	0.08141	0.01600	0.01795	0.01496	0.02014	0.01710	0.01200	0.11452	0.32465	0.25274	0.02812	0.02561	0.01976	0.00982	0.00762	0.00250	0.00658	0.00789	0.00822	0.01241
32	0.01145	0.00827	0.01059	0.01059	0.01216	0.00788	0.00769	0.04907	0.02015	0.02794	0.40580	0.29995	0.06175	0.01859	0.00934	0.00269	0.00424	0.01657	0.00800	0.00727
33	0.00980	0.00718	0.00961	0.01110	0.01160	0.00699	0.00756	0.01127	0.01508	0.02031	0.07263	0.66384	0.05085	0.02348	0.01043	0.00312	0.03051	0.02109	0.00712	0.00643
34	0.01614	0.01526	0.02544	0.52950	0.06694	0.01845	0.07345	0.05580	0.01664	0.02193	0.01390	0.02019	0.01066	0.00825	0.00950	0.00264	0.07537	0.00708	0.00373	0.00913
35	0.01548	0.01191	0.01668	0.06448	0.02014	0.01112	0.06349	0.07435	0.01823	0.06233	0.06303	0.30379	0.03137	0.01450	0.00833	0.00243	0.00638	0.01307	0.00628	0.19261
36	0.01432	0.01110	0.01872	0.37077	0.03396	0.01280	0.04783	0.01586	0.01331	0.01732	0.01374	0.02194	0.01177	0.01601	0.01760	0.33721	0.00892	0.00694	0.00344	0.00643
37	0.07870	0.01498	0.02158	0.37983	0.10627	0.01747	0.01783	0.10380	0.06520	0.02574	0.01553	0.02046	0.01201	0.00974	0.00954	0.07164	0.00901	0.00681	0.00447	0.00938
38	0.17461	0.01612	0.01756	0.05171	0.02102	0.01716	0.01181	0.23101	0.07285	0.15659	0.02024	0.02050	0.01447	0.00867	0.00683	0.00226	0.00695	0.00656	0.07538	0.06772
39	0.09438	0.01581	0.02307	0.36442	0.16449	0.01812	0.01893	0.08877	0.06455	0.05056	0.01603	0.02017	0.01209	0.00796	0.00746	0.00248	0.00906	0.00680	0.00465	0.01021
40	0.01867	0.01657	0.04838	0.21738	0.26064	0.01670	0.01899	0.10088	0.01900	0.05437	0.01750	0.07105	0.01491	0.00954	0.00861	0.03173	0.00877	0.00787	0.00472	0.05371
41	0.11090	0.01378	0.01634	0.07104	0.02081	0.01436	0.01150	0.09085	0.14410	0.21237	0.05318	0.13225	0.02431	0.01169	0.00776	0.00252	0.00647	0.00974	0.00742	0.03859

[dist]
# distance from previous block
# <min> <max>
9	21

[block]
# block no. 1 follows, 25 sequences, length 18
# corresponding to MSA columns:
# 98-115
name=unknown_B
#
# <colnr> <probs for GDERKNQSTAVLIFYWHMCP>
#	G	D	E	R	K	N	Q	S	T	A	V	L	I	F	Y	W	H	M	C	P
0	0.01827	0.01434	0.01754	0.11192	0.02352	0.01383	0.01189	0.09356	0.11393	0.05852	0.01909	0.05326	0.01567	0.00937	0.00823	0.04490	0.00680	0.00690	0.00556	0.35290
1	0.01750	0.05993	0.09101	0.07234	0.07669	0.05895	0.15073	0.02146	0.01547	0.02138	0.01417	0.03765	0.01263	0.04345	0.01447	0.00287	0.21870	0.00742	0.00380	0.05940
2	0.01779	0.01850	0.03526	0.19844	0.07736	0.01973	0.34121	0.05247	0.01755	0.02391	0.01453	0.02010	0.01129	0.00796	0.01090	0.00268	0.10843	0.00803	0.00391	0.00996
3	0.05705	0.01792	0.01756	0.01512	0.01936	0.08192	0.01210	0.22542	0.17544	0.03301	0.03348	0.03545	0.14833	0.01234	0.00887	0.00255	0.04077	0.04592	0.00694	0.01045
4	0.01429	0.01387	0.02547	0.10497	0.08377	0.01418	0.21691	0.01806	0.01605	0.02180	0.02582	0.30211	0.02739	0.01436	0.01035	0.00286	0.06035	0.01369	0.00513	0.00858
5	0.06051	0.01362	0.01722	0.01379	0.01921	0.01288	0.01121	0.03653	0.14129	0.50095	0.06585	0.02807	0.02260	0.01002	0.00777	0.00244	0.00632	0.00818	0.00903	0.01250
6	0.64504	0.01547	0.01310	0.01124	0.01628	0.01750	0.00926	0.08384	0.01619	0.09342	0.01328	0.01438	0.00980	0.00761	0.00534	0.00239	0.00629	0.00478	0.00550	0.00927
7	0.63680	0.01542	0.01295	0.01128	0.01620	0.01758	0.00924	0.06265	0.06382	0.07331	0.01397	0.01498	0.01045	0.00771	0.00538	0.00241	0.00619	0.00492	0.00549	0.00925
8	0.01239	0.00822	0.01058	0.00992	0.01204	0.00747	0.00746	0.01570	0.02114	0.07556	0.53517	0.09603	0.12625	0.01627	0.00910	0.00249	0.00394	0.01428	0.00840	0.00760
9	0.07092	0.00735	0.01020	0.01011	0.01047	0.00753	0.00686	0.01105	0.01033	0.01506	0.01327	0.02275	0.01309	0.02546	0.02840	0.71672	0.00668	0.00654	0.00347	0.00374
10	0.64089	0.04347	0.01429	0.01145	0.01653	0.01889	0.00953	0.11680	0.01676	0.03625	0.01196	0.01349	0.00917	0.00749	0.00525	0.00236	0.00646	0.00461	0.00518	0.00917
11	0.01590	0.01148	0.01255	0.01120	0.01322	0.01204	0.00779	0.17251	0.04944	0.02508	0.02936	0.07727	0.08675	0.41265	0.02573	0.00531	0.00721	0.01110	0.00597	0.00743
12	0.00945	0.00675	0.00900	0.01080	0.01125	0.00630	0.00720	0.01080	0.01484	0.01979	0.04274	0.72245	0.05128	0.02429	0.00990	0.00315	0.00450	0.02204	0.00720	0.00630
13	0.01214	0.01032	0.01610	0.04752	0.01851	0.01021	0.10608	0.01643	0.07704	0.02168	0.03671	0.43984	0.06444	0.05270	0.01089	0.00319	0.00643	0.03574	0.00647	0.00756
14	0.01724	0.01625	0.02692	0.19757	0.40353	0.01770	0.02150	0.02160	0.01662	0.02319	0.01660	0.02609	0.01483	0.00918	0.00968	0.00260	0.07597	0.06834	0.00403	0.01055
15	0.01049	0.00798	0.01140	0.01453	0.07757	0.00767	0.00897	0.01224	0.01501	0.02025	0.03886	0.61844	0.04584	0.02425	0.04373	0.00353	0.00577	0.01986	0.00671	0.00692
16	0.03829	0.01282	0.02141	0.45178	0.04039	0.01489	0.07705	0.01885	0.01545	0.02134	0.01785	0.09094	0.01555	0.01030	0.00885	0.03929	0.00905	0.00855	0.07918	0.00817
17	0.01866	0.01252	0.01541	0.08166	0.01965	0.01273	0.01065	0.16570	0.02035	0.10720	0.02691	0.22286	0.02674	0.13523	0.01357	0.00336	0.00690	0.01181	0.00658	0.08153

[dist]
# distance from previous block
# <min> <max>
4	11

[block]
# block no. 2 follows, 25 sequences, length 36
# corresponding to MSA columns:
# 127-162
name=unknown_C
#
# <colnr> <probs for GDERKNQSTAVLIFYWHMCP>
#	G	D	E	R	K	N	Q	S	T	A	V	L	I	F	Y	W	H	M	C	P
0	0.06605	0.01954	0.02077	0.01644	0.02207	0.02164	0.01344	0.47186	0.12896	0.06980	0.02098	0.02069	0.01510	0.00938	0.00751	0.00235	0.00772	0.00715	0.04604	0.01250
1	0.06183	0.03751	0.61038	0.02198	0.03284	0.01806	0.06263	0.02446	0.01629	0.02519	0.01383	0.01640	0.00985	0.00731	0.00731	0.00246	0.01122	0.00583	0.00340	0.01122
2	0.02873	0.01273	0.01662	0.01335	0.01843	0.01170	0.01081	0.03424	0.10376	0.48950	0.14142	0.03213	0.02903	0.01079	0.00804	0.00244	0.00603	0.00899	0.00920	0.01207
3	0.69974	0.01480	0.01212	0.01059	0.01552	0.01673	0.00873	0.02445	0.01419	0.10653	0.01298	0.01412	0.00959	0.00746	0.00513	0.00240	0.00606	0.00460	0.00533	0.00893
4	0.01148	0.01148	0.08512	0.01112	0.01401	0.00850	0.00967	0.01573	0.02133	0.03037	0.60204	0.05333	0.06617	0.01491	0.00895	0.00244	0.00452	0.01311	0.00795	0.00777
5	0.01898	0.01821	0.03109	0.07845	0.64994	0.01837	0.02369	0.02361	0.01755	0.02507	0.01455	0.01926	0.01219	0.00695	0.00768	0.00232	0.00926	0.00691	0.00382	0.01211
6	0.68839	0.01623	0.01247	0.01103	0.01585	0.05884	0.00899	0.02425	0.01431	0.07508	0.01213	0.01356	0.00918	0.00740	0.00512	0.00237	0.00653	0.00448	0.00505	0.00874
7	0.00945	0.00675	0.00900	0.01080	0.01125	0.00630	0.00720	0.01080	0.01484	0.01979	0.04274	0.72245	0.05128	0.02429	0.00990	0.00315	0.00450	0.02204	0.00720	0.00630
8	0.00958	0.00683	0.00903	0.01066	0.01115	0.00639	0.00710	0.01097	0.01499	0.02006	0.06760	0.66898	0.05125	0.05177	0.01104	0.00329	0.00458	0.02129	0.00715	0.00628
9	0.02444	0.01844	0.01986	0.01647	0.02169	0.02064	0.01320	0.28574	0.36913	0.08422	0.02632	0.02463	0.01917	0.00997	0.00783	0.00249	0.00713	0.00798	0.00795	0.01270
10	0.02947	0.02172	0.02327	0.01784	0.02404	0.02404	0.01474	0.65329	0.03646	0.04887	0.01862	0.01862	0.01319	0.00931	0.00776	0.00233	0.00853	0.00698	0.00776	0.01319
11	0.00945	0.00675	0.00900	0.01080	0.01125	0.00630	0.00720	0.01080	0.01484	0.01979	0.04274	0.72245	0.05128	0.02429	0.00990	0.00315	0.00450	0.02204	0.00720	0.00630
12	0.01128	0.00752	0.00846	0.00846	0.00846	0.00752	0.00470	0.01128	0.01128	0.01503	0.02443	0.05074	0.02819	0.72751	0.03946	0.00752	0.00752	0.01128	0.00470	0.00470
13	0.02821	0.01940	0.02129	0.01656	0.02222	0.02104	0.01352	0.50853	0.05412	0.11903	0.04186	0.02277	0.01693	0.04648	0.00944	0.00262	0.00802	0.00758	0.00784	0.01253
14	0.01126	0.00756	0.00869	0.00869	0.00877	0.00764	0.00499	0.01142	0.01134	0.01520	0.02422	0.04957	0.02768	0.68899	0.07729	0.00780	0.00828	0.01110	0.00467	0.00483
15	0.01827	0.01749	0.02982	0.18091	0.55299	0.01818	0.02334	0.02299	0.01722	0.02422	0.01442	0.01949	0.01189	0.00708	0.00769	0.00236	0.00944	0.00690	0.00376	0.01154
16	0.02801	0.02059	0.02202	0.01712	0.02296	0.02281	0.01406	0.58053	0.07313	0.04675	0.01977	0.01982	0.01419	0.00937	0.00763	0.00232	0.00811	0.00710	0.05092	0.01279
17	0.01126	0.00754	0.00857	0.00853	0.00864	0.00751	0.00485	0.01147	0.01189	0.01596	0.06187	0.05115	0.03078	0.68656	0.03772	0.00722	0.00729	0.01143	0.00492	0.00485
18	0.01682	0.01510	0.02384	0.57538	0.09423	0.01816	0.02084	0.09935	0.01828	0.02384	0.01444	0.02031	0.01083	0.00789	0.00775	0.00253	0.01003	0.00690	0.00401	0.00945
19	0.01555	0.04011	0.68733	0.02210	0.03356	0.01801	0.02865	0.02455	0.01637	0.02455	0.01391	0.01637	0.00982	0.00737	0.00737	0.00246	0.01146	0.00573	0.00327	0.01146
20	0.01849	0.01960	0.02647	0.02168	0.02397	0.11484	0.14545	0.02132	0.01497	0.02064	0.01362	0.04270	0.01251	0.01145	0.01777	0.00293	0.40423	0.00758	0.05097	0.00880
21	0.01342	0.00685	0.00962	0.00962	0.00984	0.00685	0.00642	0.01116	0.01094	0.01546	0.01576	0.02634	0.01539	0.07947	0.02801	0.62100	0.00642	0.00715	0.09635	0.00394
22	0.01807	0.02046	0.04432	0.07563	0.04134	0.01946	0.61100	0.02452	0.01812	0.02452	0.01557	0.02090	0.01167	0.00661	0.00906	0.00261	0.01290	0.00901	0.00389	0.01034
23	0.06216	0.01400	0.02223	0.63024	0.04933	0.01734	0.02025	0.02109	0.04873	0.02138	0.01451	0.02060	0.01090	0.00786	0.00758	0.00257	0.00985	0.00682	0.00376	0.00879
24	0.02726	0.01566	0.01835	0.01512	0.02041	0.01629	0.01215	0.10501	0.31227	0.32402	0.02975	0.02670	0.02056	0.00998	0.00783	0.00249	0.00660	0.00814	0.00863	0.01278
25	0.01347	0.00673	0.01010	0.01010	0.01010	0.00673	0.00673	0.01010	0.01010	0.01347	0.01347	0.02357	0.01347	0.02694	0.03030	0.77441	0.00673	0.00673	0.00337	0.00337
26	0.01077	0.00792	0.01008	0.00954	0.01146	0.00723	0.00715	0.01424	0.02146	0.02995	0.60767	0.05980	0.14126	0.01628	0.00915	0.00246	0.00369	0.01429	0.00838	0.00723
27	0.01814	0.01772	0.02840	0.26076	0.44799	0.04733	0.02268	0.02281	0.01714	0.02327	0.01421	0.01945	0.01155	0.00723	0.00767	0.00238	0.00978	0.00682	0.00372	0.01095
28	0.03344	0.01290	0.01756	0.01357	0.01933	0.01117	0.01117	0.03648	0.02218	0.64755	0.06705	0.02817	0.02225	0.00995	0.00787	0.00240	0.00643	0.00815	0.00954	0.01286
29	0.00945	0.00675	0.00900	0.01080	0.01125	0.00630	0.00720	0.01080	0.01484	0.01979	0.04274	0.72245	0.05128	0.02429	0.00990	0.00315	0.00450	0.02204	0.00720	0.00630
30	0.02896	0.03695	0.02197	0.01998	0.02397	0.69638	0.01498	0.03096	0.02197	0.01898	0.01199	0.01398	0.00999	0.00799	0.00699	0.00200	0.01398	0.00499	0.00400	0.00899
31	0.01555	0.04011	0.68733	0.02210	0.03356	0.01801	0.02865	0.02455	0.01637	0.02455	0.01391	0.01637	0.00982	0.00737	0.00737	0.00246	0.01146	0.00573	0.00327	0.01146
32	0.01830	0.02092	0.04575	0.03268	0.04052	0.01961	0.65098	0.02484	0.01830	0.02484	0.01569	0.02092	0.01176	0.00654	0.00915	0.00261	0.01307	0.00915	0.00392	0.01046
33	0.03479	0.01320	0.01799	0.01380	0.01979	0.01140	0.01140	0.03779	0.02219	0.68451	0.03059	0.02639	0.01919	0.00960	0.00780	0.00240	0.00660	0.00780	0.00960	0.01320
34	0.01571	0.00926	0.01069	0.00967	0.01192	0.00974	0.02933	0.06497	0.01750	0.02942	0.02362	0.02736	0.01863	0.01069	0.02797	0.00228	0.03795	0.00729	0.62817	0.00783
35	0.01464	0.01378	0.02326	0.70887	0.05340	0.01723	0.02153	0.01981	0.01550	0.01981	0.01378	0.02067	0.01034	0.00775	0.00775	0.00258	0.01034	0.00689	0.00345	0.00861

[dist]
# distance from previous block
# <min> <max>
0	23

[block]
# block no. 3 follows, 25 sequences, length 98
# corresponding to MSA columns:
# 186-283
name=unknown_D
#
# <colnr> <probs for GDERKNQSTAVLIFYWHMCP>
#	G	D	E	R	K	N	Q	S	T	A	V	L	I	F	Y	W	H	M	C	P
0	0.01912	0.02111	0.03065	0.02431	0.02743	0.11881	0.22274	0.02243	0.01541	0.02071	0.01223	0.01782	0.01067	0.01048	0.01750	0.00294	0.38549	0.00730	0.00365	0.00920
1	0.78228	0.01499	0.01140	0.01020	0.01499	0.01739	0.00840	0.02279	0.01320	0.03479	0.01080	0.01260	0.00840	0.00720	0.00480	0.00240	0.00600	0.00420	0.00480	0.00840
2	0.02947	0.02172	0.02327	0.01784	0.02404	0.02404	0.01474	0.65329	0.03646	0.04887	0.01862	0.01862	0.01319	0.00931	0.00776	0.00233	0.00853	0.00698	0.00776	0.01319
3	0.02947	0.02172	0.02327	0.01784	0.02404	0.02404	0.01474	0.65329	0.03646	0.04887	0.01862	0.01862	0.01319	0.00931	0.00776	0.00233	0.00853	0.00698	0.00776	0.01319
4	0.00921	0.00769	0.00802	0.00829	0.01059	0.00651	0.00608	0.01108	0.01726	0.02078	0.07329	0.16965	0.58436	0.02032	0.00927	0.00270	0.00401	0.01720	0.00720	0.00651
5	0.01830	0.02092	0.04575	0.03268	0.04052	0.01961	0.65098	0.02484	0.01830	0.02484	0.01569	0.02092	0.01176	0.00654	0.00915	0.00261	0.01307	0.00915	0.00392	0.01046
6	0.00916	0.00785	0.00785	0.00785	0.01047	0.00655	0.00589	0.01113	0.01767	0.02095	0.07855	0.07462	0.67599	0.01964	0.00916	0.00262	0.00393	0.01636	0.00720	0.00655
7	0.01929	0.01666	0.01753	0.01578	0.02016	0.01929	0.01227	0.04120	0.66513	0.03243	0.03156	0.02893	0.02367	0.01052	0.00789	0.00263	0.00614	0.00877	0.00789	0.01227
8	0.01128	0.00752	0.00846	0.00846	0.00846	0.00752	0.00470	0.01128	0.01128	0.01503	0.02443	0.05074	0.02819	0.72751	0.03946	0.00752	0.00752	0.01128	0.00470	0.00470
9	0.02160	0.60725	0.06858	0.01446	0.02108	0.08587	0.01420	0.05395	0.01729	0.02006	0.01140	0.01305	0.01010	0.00691	0.00539	0.00176	0.00893	0.00443	0.00358	0.01009
10	0.02637	0.27169	0.02923	0.01642	0.02259	0.08416	0.01424	0.37927	0.02797	0.03558	0.01530	0.01606	0.01178	0.00826	0.00672	0.00206	0.00892	0.00582	0.00588	0.01169
11	0.06284	0.02053	0.02223	0.05423	0.02474	0.02285	0.01452	0.57065	0.03364	0.04604	0.01820	0.01877	0.01302	0.00912	0.00755	0.00233	0.00836	0.00686	0.03098	0.01254
12	0.01046	0.00750	0.00973	0.01107	0.01186	0.00718	0.00755	0.04079	0.01623	0.02175	0.07554	0.65417	0.05069	0.02314	0.00976	0.00307	0.00464	0.02091	0.00730	0.00667
13	0.01801	0.01999	0.04189	0.02992	0.03764	0.01840	0.56737	0.02414	0.01801	0.02489	0.01544	0.02028	0.01173	0.00643	0.00871	0.00242	0.01212	0.00856	0.00401	0.11004
14	0.00969	0.00691	0.00887	0.01033	0.01082	0.00648	0.00678	0.01088	0.01448	0.01918	0.04186	0.59719	0.07772	0.12297	0.01402	0.00374	0.00490	0.02026	0.00685	0.00608
15	0.02018	0.01704	0.01754	0.01430	0.01974	0.06191	0.01130	0.10721	0.25341	0.05750	0.02484	0.02445	0.05196	0.00897	0.00712	0.00202	0.00673	0.00719	0.00648	0.28011
16	0.02892	0.01574	0.01824	0.01482	0.02015	0.04384	0.01194	0.09572	0.19687	0.39443	0.05426	0.02705	0.02156	0.01000	0.00784	0.00244	0.00686	0.00811	0.00868	0.01253
17	0.11110	0.01823	0.02020	0.01757	0.06583	0.04394	0.01332	0.30118	0.05770	0.20112	0.05605	0.02236	0.01769	0.00934	0.00749	0.00236	0.00765	0.00726	0.00753	0.01209
18	0.03026	0.01625	0.01928	0.01485	0.02070	0.01615	0.01222	0.28351	0.02721	0.34826	0.02450	0.02288	0.01641	0.00924	0.00751	0.00226	0.00713	0.00726	0.06050	0.05365
19	0.02937	0.01808	0.06506	0.01570	0.02188	0.01671	0.01359	0.25152	0.07781	0.33881	0.02724	0.02510	0.04282	0.00981	0.00782	0.00240	0.00746	0.00779	0.00829	0.01274
20	0.00924	0.00786	0.00795	0.00793	0.01052	0.00658	0.00595	0.01127	0.01784	0.02135	0.10217	0.07396	0.65212	0.01949	0.00916	0.00261	0.00392	0.01627	0.00725	0.00658
21	0.01928	0.33474	0.29635	0.01806	0.02654	0.02412	0.04447	0.08032	0.04569	0.02433	0.01380	0.01559	0.01084	0.00732	0.00646	0.00211	0.00967	0.00542	0.00391	0.01096
22	0.02460	0.01962	0.02363	0.04099	0.02418	0.02286	0.04231	0.40747	0.05301	0.03827	0.01699	0.01910	0.01292	0.01022	0.01207	0.00260	0.18053	0.00710	0.02999	0.01155
23	0.01097	0.00793	0.01036	0.00975	0.01158	0.00732	0.00732	0.01463	0.02195	0.03109	0.67505	0.05792	0.07316	0.01585	0.00914	0.00244	0.00366	0.01402	0.00854	0.00732
24	0.02155	0.01650	0.01786	0.01565	0.02030	0.01861	0.01229	0.06990	0.56159	0.10793	0.03083	0.02815	0.02266	0.01036	0.00787	0.00259	0.00630	0.00857	0.00808	0.01242
25	0.01445	0.00723	0.00723	0.00723	0.00903	0.00723	0.00542	0.01807	0.01626	0.02891	0.02529	0.02891	0.01987	0.00903	0.00542	0.00181	0.00361	0.00723	0.77055	0.00723
26	0.02132	0.01601	0.01740	0.01524	0.01984	0.01786	0.01197	0.06643	0.52226	0.11888	0.03304	0.03025	0.05285	0.01077	0.00793	0.00259	0.00620	0.00891	0.00808	0.01217
27	0.05593	0.61985	0.08919	0.01406	0.02089	0.05295	0.01431	0.02358	0.01591	0.01953	0.01107	0.01281	0.00987	0.00677	0.00523	0.00177	0.00864	0.00430	0.00341	0.00996
28	0.01811	0.02048	0.04393	0.05637	0.04006	0.01971	0.59924	0.02437	0.01790	0.02437	0.01536	0.02072	0.01164	0.00690	0.00985	0.00265	0.04519	0.00896	0.00388	0.01030
29	0.02947	0.02172	0.02327	0.01784	0.02404	0.02404	0.01474	0.65329	0.03646	0.04887	0.01862	0.01862	0.01319	0.00931	0.00776	0.00233	0.00853	0.00698	0.00776	0.01319
30	0.02771	0.01505	0.04889	0.01403	0.01991	0.01289	0.01191	0.08446	0.07343	0.40687	0.08464	0.02700	0.02248	0.00962	0.00764	0.00226	0.00658	0.00786	0.00828	0.10849
31	0.02106	0.02313	0.02491	0.12601	0.02853	0.22676	0.07569	0.05346	0.04311	0.02145	0.01303	0.01754	0.01097	0.01001	0.01411	0.00269	0.26775	0.00656	0.00401	0.00921
32	0.02100	0.01734	0.02357	0.36431	0.08135	0.02009	0.01862	0.27200	0.04968	0.03219	0.01645	0.02009	0.01212	0.00842	0.00775	0.00247	0.00938	0.00700	0.00536	0.01081
33	0.01308	0.00962	0.01288	0.01421	0.01625	0.00984	0.01223	0.01841	0.08005	0.02445	0.06931	0.08049	0.04393	0.02012	0.01037	0.00343	0.00688	0.53953	0.00728	0.00764
34	0.01089	0.00792	0.01025	0.00966	0.01153	0.00728	0.00725	0.01447	0.02174	0.03061	0.64670	0.05871	0.10181	0.01603	0.00915	0.00245	0.00367	0.01413	0.00847	0.00728
35	0.00945	0.00675	0.00900	0.01080	0.01125	0.00630	0.00720	0.01080	0.01484	0.01979	0.04274	0.72245	0.05128	0.02429	0.00990	0.00315	0.00450	0.02204	0.00720	0.00630
36	0.01783	0.01926	0.03384	0.02589	0.02989	0.04632	0.32774	0.02184	0.01538	0.02155	0.01355	0.02022	0.01171	0.04000	0.01734	0.00313	0.31338	0.00807	0.00373	0.00931
37	0.01445	0.00723	0.00723	0.00723	0.00903	0.00723	0.00542	0.01807	0.01626	0.02891	0.02529	0.02891	0.01987	0.00903	0.00542	0.00181	0.00361	0.00723	0.77055	0.00723
38	0.02134	0.02316	0.02690	0.03526	0.39845	0.21468	0.01978	0.02481	0.01839	0.02268	0.01648	0.02012	0.04305	0.00843	0.00914	0.00233	0.07349	0.00679	0.00400	0.01071
39	0.01445	0.00723	0.00723	0.00723	0.00903	0.00723	0.00542	0.01807	0.01626	0.02891	0.02529	0.02891	0.01987	0.00903	0.00542	0.00181	0.00361	0.00723	0.77055	0.00723
40	0.02204	0.01399	0.01759	0.12334	0.02307	0.01510	0.01241	0.24142	0.02241	0.11741	0.01945	0.04540	0.01537	0.01401	0.01333	0.19650	0.00761	0.00753	0.06269	0.00933
41	0.01206	0.00816	0.01056	0.00982	0.01180	0.00749	0.00735	0.01547	0.02135	0.06118	0.59537	0.05670	0.09005	0.04611	0.01038	0.00266	0.00397	0.01369	0.00837	0.00746
42	0.02073	0.73217	0.04063	0.01327	0.01990	0.03068	0.01327	0.02322	0.01575	0.01824	0.01078	0.01244	0.00995	0.00663	0.00498	0.00166	0.00829	0.00415	0.00332	0.00995
43	0.01910	0.01736	0.01826	0.09497	0.02402	0.06476	0.01352	0.03691	0.51746	0.02965	0.02863	0.02966	0.02218	0.01053	0.00794	0.00262	0.00720	0.03673	0.00708	0.01140
44	0.01079	0.00777	0.01025	0.01026	0.01182	0.00723	0.00765	0.01400	0.02031	0.02840	0.51107	0.18681	0.06704	0.01784	0.00940	0.00265	0.00406	0.05737	0.00818	0.00711
45	0.02058	0.01580	0.01733	0.01552	0.01989	0.01774	0.01228	0.05844	0.52387	0.09775	0.03187	0.03343	0.02470	0.01134	0.00812	0.00268	0.00635	0.06237	0.00799	0.01195
46	0.01112	0.00745	0.00850	0.00866	0.00869	0.00741	0.00491	0.01123	0.01158	0.01544	0.02599	0.10792	0.03015	0.66764	0.03695	0.00715	0.00726	0.01219	0.00491	0.00483
47	0.01578	0.01347	0.01576	0.01145	0.01806	0.01016	0.00910	0.01914	0.01602	0.02502	0.01506	0.04733	0.01325	0.00656	0.00593	0.00124	0.00569	0.00537	0.00471	0.74090
48	0.01097	0.00793	0.01036	0.00975	0.01158	0.00732	0.00732	0.01463	0.02195	0.03109	0.67505	0.05792	0.07316	0.01585	0.00914	0.00244	0.00366	0.01402	0.00854	0.00732
49	0.02032	0.01717	0.01811	0.01599	0.02056	0.01977	0.01252	0.10324	0.60141	0.03410	0.03025	0.02788	0.02261	0.01040	0.00788	0.00260	0.00638	0.00859	0.00788	0.01237
50	0.01097	0.00793	0.01036	0.00975	0.01158	0.00732	0.00732	0.01463	0.02195	0.03109	0.67505	0.05792	0.07316	0.01585	0.00914	0.00244	0.00366	0.01402	0.00854	0.00732
51	0.01929	0.01666	0.01753	0.01578	0.02016	0.01929	0.01227	0.04120	0.66513	0.03243	0.03156	0.02893	0.02367	0.01052	0.00789	0.00263	0.00614	0.00877	0.00789	0.01227
52	0.01797	0.02038	0.04437	0.03186	0.03942	0.01911	0.62677	0.02431	0.01817	0.02465	0.01670	0.04729	0.01325	0.00720	0.00918	0.00263	0.01275	0.00964	0.00404	0.01030
53	0.01830	0.02092	0.04575	0.03268	0.04052	0.01961	0.65098	0.02484	0.01830	0.02484	0.01569	0.02092	0.01176	0.00654	0.00915	0.00261	0.01307	0.00915	0.00392	0.01046
54	0.02947	0.02172	0.02327	0.01784	0.02404	0.02404	0.01474	0.65329	0.03646	0.04887	0.01862	0.01862	0.01319	0.00931	0.00776	0.00233	0.00853	0.00698	0.00776	0.01319
55	0.02075	0.01579	0.01873	0.01438	0.02047	0.01328	0.01129	0.02307	0.01786	0.09758	0.01785	0.02094	0.01468	0.00876	0.00906	0.00204	0.07598	0.00605	0.00590	0.58554
56	0.03368	0.01295	0.01764	0.01361	0.01941	0.01121	0.01121	0.03671	0.02218	0.65422	0.06047	0.02785	0.02170	0.00989	0.00786	0.00240	0.00646	0.00809	0.00955	0.01292
57	0.03196	0.01383	0.01791	0.01416	0.01986	0.01284	0.01156	0.03841	0.13948	0.56555	0.03077	0.02685	0.02001	0.00976	0.00781	0.00244	0.00651	0.00797	0.00929	0.01303
58	0.01089	0.00792	0.01025	0.00966	0.01153	0.00728	0.00725	0.01447	0.02174	0.03061	0.64670	0.05871	0.10181	0.01603	0.00915	0.00245	0.00367	0.01413	0.00847	0.00728
59	0.02976	0.02126	0.02299	0.01762	0.02382	0.02337	0.01456	0.62027	0.03569	0.08297	0.01926	0.01903	0.01351	0.00932	0.00776	0.00233	0.00843	0.00702	0.00786	0.01319
60	0.01235	0.00882	0.01233	0.01412	0.01584	0.00880	0.01225	0.01582	0.01771	0.02304	0.04113	0.11726	0.04494	0.02155	0.01067	0.00355	0.00702	0.59856	0.00714	0.00710
61	0.02038	0.68496	0.08475	0.01387	0.02083	0.02982	0.01432	0.02331	0.01580	0.01867	0.01099	0.01271	0.00994	0.00668	0.00514	0.00171	0.00851	0.00425	0.00331	0.01005
62	0.01904	0.01638	0.01735	0.01573	0.02002	0.01892	0.01228	0.04031	0.64217	0.03211	0.03189	0.03100	0.02441	0.01091	0.00799	0.00266	0.00617	0.03069	0.00786	0.01209
63	0.01108	0.00831	0.01246	0.01246	0.01385	0.00969	0.00969	0.01385	0.01246	0.01800	0.02077	0.03046	0.01938	0.05815	0.69678	0.01246	0.02077	0.00831	0.00415	0.00692
64	0.01824	0.02075	0.04482	0.03216	0.03967	0.01978	0.62425	0.02458	0.01803	0.02458	0.01545	0.02075	0.01170	0.00683	0.00984	0.00265	0.04259	0.00905	0.00390	0.01037
65	0.00945	0.00787	0.00825	0.00816	0.01065	0.00667	0.00612	0.01168	0.01835	0.02255	0.17313	0.07197	0.58040	0.01904	0.00916	0.00259	0.00388	0.01599	0.00741	0.00667
66	0.02026	0.01671	0.01820	0.01608	0.02031	0.01941	0.01265	0.06357	0.56567	0.06275	0.02955	0.02759	0.02213	0.01064	0.00908	0.00266	0.05449	0.00852	0.00766	0.01209
67	0.01182	0.00977	0.01071	0.01077	0.01354	0.00950	0.00855	0.01795	0.14133	0.02363	0.06140	0.06870	0.41376	0.01828	0.00926	0.00283	0.00505	0.14807	0.00732	0.00777
68	0.02808	0.06540	0.10097	0.01843	0.09797	0.01404	0.01477	0.03200	0.02051	0.43847	0.06934	0.02555	0.02031	0.00924	0.00763	0.00235	0.00740	0.00762	0.00767	0.01226
69	0.01612	0.01392	0.01642	0.01188	0.01846	0.01093	0.00953	0.01949	0.01589	0.02497	0.01362	0.01612	0.01143	0.00609	0.00661	0.00125	0.03705	0.00469	0.00454	0.74100
70	0.01390	0.00963	0.01285	0.01366	0.01588	0.00967	0.01159	0.01903	0.07428	0.05677	0.14117	0.07480	0.04618	0.01903	0.01008	0.00325	0.00647	0.44632	0.00754	0.00790
71	0.01374	0.04717	0.05192	0.01831	0.06501	0.01220	0.13092	0.01798	0.01905	0.02618	0.27221	0.10682	0.04437	0.01442	0.00912	0.00270	0.00710	0.12587	0.00648	0.00844
72	0.03267	0.01323	0.01764	0.01377	0.01948	0.01180	0.01129	0.03707	0.06885	0.61005	0.05742	0.02788	0.02176	0.00992	0.00786	0.00242	0.00644	0.00813	0.00943	0.01288
73	0.01836	0.02137	0.09431	0.03726	0.29941	0.01918	0.31121	0.02409	0.01756	0.02472	0.01482	0.01963	0.01173	0.00709	0.00917	0.00251	0.04472	0.00783	0.00381	0.01119
74	0.01054	0.00757	0.01006	0.01066	0.01194	0.00709	0.00784	0.01328	0.01870	0.02577	0.35606	0.32328	0.06140	0.01979	0.00961	0.00284	0.00437	0.08445	0.00785	0.00690
75	0.01578	0.03864	0.14611	0.01819	0.05031	0.01324	0.12281	0.02140	0.03797	0.07815	0.32293	0.03756	0.04078	0.01138	0.00849	0.00245	0.00740	0.01041	0.00647	0.00951
76	0.01367	0.00850	0.01110	0.01020	0.01250	0.00772	0.00773	0.01707	0.02145	0.10839	0.54074	0.08549	0.09398	0.01567	0.00902	0.00248	0.00406	0.01376	0.00854	0.00794
77	0.01652	0.01021	0.01145	0.06956	0.01540	0.01087	0.00838	0.12325	0.01912	0.03001	0.02386	0.05739	0.01990	0.06453	0.00880	0.00245	0.00535	0.00809	0.48676	0.00811
78	0.00945	0.00675	0.00900	0.01080	0.01125	0.00630	0.00720	0.01080	0.01484	0.01979	0.04274	0.72245	0.05128	0.02429	0.00990	0.00315	0.00450	0.02204	0.00720	0.00630
79	0.01595	0.07217	0.62887	0.02275	0.06012	0.01863	0.02771	0.02446	0.01639	0.02429	0.01379	0.01630	0.00993	0.00731	0.00727	0.00241	0.01121	0.00570	0.00330	0.01142
80	0.01583	0.07723	0.65264	0.02163	0.03283	0.01869	0.02782	0.02448	0.01634	0.02422	0.01375	0.01616	0.00983	0.00733	0.00724	0.00241	0.01129	0.00564	0.00328	0.01138
81	0.01218	0.00819	0.01071	0.01009	0.01212	0.00752	0.00765	0.01565	0.02141	0.06511	0.57553	0.08376	0.08846	0.01615	0.00915	0.00251	0.00397	0.03382	0.00845	0.00756
82	0.05153	0.03745	0.61334	0.02164	0.03249	0.01782	0.04787	0.02491	0.01648	0.04629	0.01437	0.01667	0.01012	0.00740	0.00732	0.00246	0.01110	0.00584	0.00357	0.01134
83	0.01936	0.35580	0.32057	0.01784	0.02629	0.09665	0.02016	0.02463	0.01669	0.02107	0.01228	0.01432	0.00990	0.00710	0.00623	0.00204	0.01028	0.00493	0.00337	0.01050
84	0.01576	0.06732	0.66190	0.02175	0.03302	0.01851	0.02804	0.02450	0.01635	0.02431	0.01379	0.01622	0.00983	0.00734	0.00727	0.00242	0.01133	0.00567	0.00328	0.01140
85	0.78228	0.01499	0.01140	0.01020	0.01499	0.01739	0.00840	0.02279	0.01320	0.03479	0.01080	0.01260	0.00840	0.00720	0.00480	0.00240	0.00600	0.00420	0.00480	0.00840
86	0.00945	0.00675	0.00900	0.01080	0.01125	0.00630	0.00720	0.01080	0.01484	0.01979	0.04274	0.72245	0.05128	0.02429	0.00990	0.00315	0.00450	0.02204	0.00720	0.00630
87	0.00945	0.00675	0.00900	0.01080	0.01125	0.00630	0.00720	0.01080	0.01484	0.01979	0.04274	0.72245	0.05128	0.02429	0.00990	0.00315	0.00450	0.02204	0.00720	0.00630
88	0.01092	0.00815	0.01030	0.01040	0.01239	0.00752	0.00822	0.01417	0.02000	0.02692	0.38915	0.06872	0.20344	0.01803	0.00952	0.00275	0.00454	0.15985	0.00790	0.00710
89	0.02947	0.02172	0.02327	0.01784	0.02404	0.02404	0.01474	0.65329	0.03646	0.04887	0.01862	0.01862	0.01319	0.00931	0.00776	0.00233	0.00853	0.00698	0.00776	0.01319
90	0.01347	0.00673	0.01010	0.01010	0.01010	0.00673	0.00673	0.01010	0.01010	0.01347	0.01347	0.02357	0.01347	0.02694	0.03030	0.77441	0.00673	0.00673	0.00337	0.00337
91	0.02086	0.01965	0.01853	0.01664	0.02077	0.12095	0.01300	0.06683	0.48611	0.03026	0.02749	0.02800	0.02138	0.01064	0.00859	0.00259	0.03683	0.03234	0.00708	0.01146
92	0.01030	0.00711	0.00875	0.00971	0.00995	0.00687	0.00603	0.01102	0.01318	0.01758	0.03422	0.40980	0.04053	0.35160	0.02366	0.00518	0.00590	0.01703	0.00603	0.00555
93	0.02683	0.01946	0.02093	0.01646	0.02189	0.02140	0.01343	0.55535	0.03326	0.04518	0.02083	0.06751	0.01635	0.01031	0.00770	0.00234	0.00784	0.00803	0.07269	0.01221
94	0.01843	0.01866	0.03483	0.11572	0.42011	0.01864	0.21050	0.02367	0.01761	0.02458	0.01482	0.01987	0.01191	0.00689	0.00812	0.00243	0.01049	0.00757	0.00382	0.01134
95	0.01785	0.02015	0.04359	0.06003	0.04008	0.01907	0.60342	0.02416	0.01807	0.02446	0.01651	0.04425	0.01302	0.00718	0.00912	0.00263	0.01267	0.00949	0.00401	0.01024
96	0.01699	0.01432	0.01657	0.01192	0.01876	0.01127	0.00957	0.06276	0.01747	0.02688	0.01411	0.01625	0.01160	0.00599	0.00588	0.00123	0.00593	0.00476	0.00481	0.72294
97	0.01978	0.01455	0.01761	0.01495	0.01859	0.01559	0.04150	0.25942	0.04817	0.06163	0.03114	0.21660	0.08140	0.01445	0.00949	0.00264	0.05130	0.01210	0.05922	0.00987

[dist]
# distance from previous block
# <min> <max>
0	1

[block]
# block no. 4 follows, 25 sequences, length 6
# corresponding to MSA columns:
# 285-290
name=unknown_E
#
# <colnr> <probs for GDERKNQSTAVLIFYWHMCP>
#	G	D	E	R	K	N	Q	S	T	A	V	L	I	F	Y	W	H	M	C	P
0	0.02632	0.02013	0.02256	0.01910	0.07102	0.02162	0.01454	0.48360	0.08176	0.04304	0.01875	0.01916	0.01374	0.00880	0.00752	0.00221	0.00806	0.00683	0.00710	0.10413
1	0.00958	0.00702	0.00900	0.01029	0.01118	0.00644	0.00704	0.01127	0.01601	0.02120	0.11766	0.56311	0.13622	0.02274	0.00972	0.00300	0.00433	0.02040	0.00735	0.00644
2	0.02057	0.01785	0.02057	0.09662	0.10299	0.04689	0.01489	0.15634	0.32454	0.03220	0.02704	0.02697	0.05800	0.00999	0.00786	0.00250	0.00763	0.00829	0.00668	0.01157
3	0.01314	0.00837	0.01073	0.01003	0.01228	0.00756	0.00755	0.01630	0.02078	0.09849	0.47167	0.11542	0.14509	0.01643	0.00907	0.00252	0.00408	0.01438	0.00835	0.00775
4	0.02518	0.01804	0.01979	0.01618	0.02126	0.01976	0.01298	0.38317	0.17783	0.09525	0.02550	0.10582	0.02067	0.01140	0.00805	0.00250	0.00733	0.00926	0.00788	0.01215
5	0.02062	0.01647	0.01852	0.01364	0.02030	0.01498	0.01107	0.23434	0.02298	0.03326	0.01542	0.01694	0.01206	0.00695	0.00642	0.00155	0.00669	0.00540	0.00567	0.51672

[dist]
# distance from previous block
# <min> <max>
3	5

[block]
# block no. 5 follows, 25 sequences, length 34
# corresponding to MSA columns:
# 296-329
name=unknown_F
#
# <colnr> <probs for GDERKNQSTAVLIFYWHMCP>
#	G	D	E	R	K	N	Q	S	T	A	V	L	I	F	Y	W	H	M	C	P
0	0.01616	0.01518	0.02488	0.48645	0.20908	0.01769	0.02137	0.02252	0.06770	0.02221	0.01540	0.02095	0.01189	0.00776	0.00774	0.00252	0.00972	0.00704	0.00390	0.00983
1	0.01784	0.08318	0.27939	0.04823	0.03479	0.01978	0.28870	0.02450	0.01703	0.04636	0.01475	0.01850	0.01101	0.00743	0.00908	0.00252	0.05519	0.00722	0.00378	0.01070
2	0.40919	0.06122	0.04842	0.01246	0.01758	0.01760	0.01076	0.12878	0.01881	0.09225	0.06685	0.02029	0.01631	0.04091	0.00760	0.00258	0.00677	0.00615	0.00584	0.00962
3	0.02564	0.02147	0.02132	0.01747	0.02218	0.12935	0.01407	0.27447	0.12811	0.09049	0.01915	0.01979	0.01433	0.00969	0.01002	0.00241	0.10777	0.00684	0.00652	0.05892
4	0.10588	0.35809	0.25286	0.01594	0.02393	0.02330	0.01773	0.02485	0.01622	0.07846	0.01351	0.01496	0.01051	0.00719	0.00600	0.00207	0.00896	0.00499	0.00400	0.01056
5	0.34559	0.06107	0.05997	0.01271	0.01810	0.04772	0.01115	0.02688	0.03878	0.19508	0.07658	0.02108	0.01780	0.00866	0.00636	0.00232	0.00681	0.00629	0.00621	0.03084
6	0.04939	0.03140	0.43079	0.04536	0.14490	0.03712	0.02443	0.02589	0.01726	0.09908	0.01572	0.01790	0.01127	0.00756	0.00737	0.00241	0.01034	0.00612	0.00417	0.01152
7	0.13389	0.01141	0.01382	0.01148	0.01575	0.01058	0.00918	0.02547	0.02028	0.30123	0.25101	0.03708	0.06772	0.01170	0.00779	0.00236	0.00533	0.00968	0.00818	0.04605
8	0.02029	0.67376	0.09522	0.01401	0.02105	0.02961	0.01457	0.02333	0.01581	0.01877	0.01104	0.01277	0.00994	0.00670	0.00518	0.00173	0.00856	0.00428	0.00331	0.01008
9	0.01177	0.00863	0.01077	0.01122	0.01276	0.00824	0.00795	0.06957	0.01791	0.02425	0.12607	0.51325	0.06958	0.02074	0.00938	0.00286	0.00479	0.01856	0.00730	0.04439
10	0.10032	0.54041	0.09106	0.01407	0.02089	0.02768	0.01419	0.07500	0.01724	0.02301	0.01169	0.01330	0.01004	0.00697	0.00539	0.00186	0.00834	0.00452	0.00383	0.01018
11	0.01367	0.01044	0.01313	0.01354	0.01593	0.01089	0.01121	0.02142	0.16540	0.02717	0.18949	0.06719	0.04666	0.01763	0.00970	0.00309	0.00609	0.34139	0.00764	0.00834
12	0.00927	0.00786	0.00800	0.00796	0.01054	0.00659	0.00597	0.01132	0.01791	0.02152	0.11206	0.07368	0.64213	0.01942	0.00916	0.00261	0.00391	0.01623	0.00728	0.00659
13	0.10624	0.01598	0.02483	0.19760	0.33559	0.01676	0.01931	0.02521	0.01744	0.14267	0.01682	0.02010	0.01261	0.00762	0.00739	0.00240	0.00866	0.00676	0.00488	0.01112
14	0.39478	0.12099	0.10463	0.01625	0.07778	0.01933	0.01369	0.06360	0.01661	0.08963	0.01379	0.01525	0.01041	0.00746	0.00586	0.00229	0.00751	0.00512	0.00492	0.01008
15	0.00989	0.00706	0.00950	0.01130	0.01195	0.00668	0.00797	0.01156	0.01528	0.02029	0.04249	0.63025	0.05032	0.02387	0.01001	0.00321	0.00488	0.10987	0.00719	0.00642
16	0.01025	0.00790	0.00937	0.00900	0.01114	0.00701	0.00675	0.01324	0.02025	0.02706	0.43785	0.06456	0.31288	0.01736	0.00915	0.00251	0.00377	0.01495	0.00800	0.00701
17	0.01566	0.03698	0.60328	0.07733	0.06647	0.01797	0.02785	0.02415	0.01636	0.02422	0.01394	0.01685	0.00998	0.00737	0.00741	0.00246	0.01126	0.00588	0.00331	0.01128
18	0.02073	0.73217	0.04063	0.01327	0.01990	0.03068	0.01327	0.02322	0.01575	0.01824	0.01078	0.01244	0.00995	0.00663	0.00498	0.00166	0.00829	0.00415	0.00332	0.00995
19	0.02015	0.01708	0.01802	0.01595	0.02049	0.01969	0.01248	0.09286	0.61207	0.03382	0.03047	0.02806	0.02278	0.01042	0.00788	0.00260	0.00634	0.00862	0.00788	0.01235
20	0.00951	0.00690	0.00898	0.01051	0.01120	0.00637	0.00710	0.01104	0.01547	0.02052	0.08107	0.63419	0.10162	0.02345	0.00980	0.00307	0.00441	0.02115	0.00727	0.00637
21	0.01113	0.00768	0.00945	0.00949	0.00994	0.00789	0.00604	0.01205	0.01252	0.01712	0.07565	0.07744	0.03096	0.50217	0.17093	0.00794	0.00980	0.01137	0.00500	0.00543
22	0.09222	0.01977	0.02109	0.01658	0.02242	0.02177	0.01360	0.46950	0.11143	0.10185	0.02062	0.02008	0.01462	0.00931	0.00753	0.00238	0.00785	0.00704	0.00769	0.01267
23	0.02276	0.01633	0.01797	0.01554	0.02034	0.01813	0.01226	0.07852	0.50807	0.15323	0.03058	0.02782	0.02220	0.01027	0.00786	0.00257	0.00637	0.00848	0.00819	0.01250
24	0.01802	0.02009	0.04117	0.03011	0.03632	0.02047	0.51888	0.02355	0.01696	0.02355	0.01454	0.02009	0.01143	0.00800	0.01255	0.00278	0.15897	0.00866	0.00381	0.01005
25	0.01608	0.01378	0.01608	0.01148	0.01837	0.01034	0.00919	0.01952	0.01608	0.02527	0.01378	0.01608	0.01148	0.00574	0.00574	0.00115	0.00574	0.00459	0.00459	0.77491
26	0.03479	0.01320	0.01799	0.01380	0.01979	0.01140	0.01140	0.03779	0.02219	0.68451	0.03059	0.02639	0.01919	0.00960	0.00780	0.00240	0.00660	0.00780	0.00960	0.01320
27	0.01233	0.00881	0.01230	0.01409	0.01580	0.00878	0.01221	0.01578	0.01769	0.02302	0.04114	0.12212	0.04499	0.02158	0.01067	0.00355	0.00700	0.59393	0.00714	0.00709
28	0.01066	0.00837	0.00973	0.00948	0.01178	0.00764	0.00724	0.01443	0.05013	0.02619	0.34234	0.06575	0.33493	0.01761	0.00919	0.00260	0.00411	0.05280	0.00783	0.00720
29	0.00960	0.00697	0.00906	0.01044	0.01122	0.00643	0.00711	0.01126	0.01589	0.02119	0.11848	0.59488	0.10292	0.02295	0.00975	0.00303	0.00436	0.02067	0.00735	0.00643
30	0.02832	0.09409	0.02368	0.01919	0.02363	0.57209	0.01481	0.09334	0.02291	0.02194	0.01255	0.01432	0.01031	0.00801	0.00690	0.00200	0.01295	0.00512	0.00432	0.00950
31	0.00945	0.00675	0.00900	0.01080	0.01125	0.00630	0.00720	0.01080	0.01484	0.01979	0.04274	0.72245	0.05128	0.02429	0.00990	0.00315	0.00450	0.02204	0.00720	0.00630
32	0.01672	0.01590	0.02701	0.40670	0.33933	0.01777	0.02257	0.02163	0.01649	0.02233	0.01415	0.01999	0.01123	0.00737	0.00772	0.00246	0.00982	0.00690	0.00362	0.01029
33	0.02813	0.01454	0.01774	0.01446	0.01988	0.01436	0.01164	0.03836	0.26724	0.40936	0.03029	0.02695	0.02059	0.00979	0.00775	0.00244	0.00639	0.00804	0.00875	0.04331

[dist]
# distance from previous block
# <min> <max>
4	7

[block]
# block no. 6 follows, 25 sequences, length 11
# corresponding to MSA columns:
# 337-347
name=unknown_G
#
# <colnr> <probs for GDERKNQSTAVLIFYWHMCP>
#	G	D	E	R	K	N	Q	S	T	A	V	L	I	F	Y	W	H	M	C	P
