[name]
unknown

[dist]
# distance from previous block
# <min> <max>
0	32

[block]
# block no. 0 follows, 23 sequences, length 9
# corresponding to MSA columns:
# 32-40
name=unknown_A
#
# <colnr> <probs for GDERKNQSTAVLIFYWHMCP>
#	G	D	E	R	K	N	Q	S	T	A	V	L	I	F	Y	W	H	M	C	P
0	0.01513	0.00960	0.01325	0.01403	0.01635	0.00929	0.01197	0.01883	0.01992	0.09072	0.15421	0.07947	0.04946	0.02011	0.01060	0.00340	0.00675	0.44077	0.00800	0.00814
1	0.16977	0.01665	0.01799	0.01440	0.02024	0.08050	0.01173	0.03597	0.02149	0.48911	0.02628	0.02368	0.01706	0.00942	0.00750	0.00247	0.00757	0.00718	0.00854	0.01245
2	0.01895	0.01812	0.03089	0.20369	0.51920	0.01898	0.02434	0.02391	0.01794	0.02513	0.01506	0.02045	0.01237	0.00744	0.00805	0.00248	0.00992	0.00723	0.00392	0.01194
3	0.01758	0.01591	0.02330	0.45491	0.04385	0.01962	0.01977	0.06930	0.13276	0.02522	0.01780	0.02266	0.01356	0.00937	0.01000	0.00278	0.07924	0.00756	0.00477	0.01004
4	0.15690	0.01785	0.02650	0.18144	0.35885	0.01931	0.02065	0.07556	0.01880	0.02913	0.01471	0.01911	0.01175	0.00769	0.00751	0.00249	0.00923	0.00672	0.00446	0.01135
5	0.23070	0.06396	0.11463	0.02103	0.12250	0.05243	0.04121	0.02301	0.01652	0.05203	0.01954	0.14281	0.01866	0.01110	0.00814	0.00263	0.03516	0.00898	0.00505	0.00991
6	0.07114	0.01354	0.01446	0.03843	0.01750	0.01436	0.00999	0.17457	0.07382	0.06064	0.02638	0.02789	0.05158	0.00991	0.00686	0.00221	0.00596	0.00780	0.32690	0.04606
7	0.02533	0.01698	0.06921	0.04647	0.05633	0.01518	0.03853	0.05774	0.16090	0.28601	0.09293	0.03112	0.04474	0.01070	0.00838	0.00259	0.00744	0.00909	0.00807	0.01226
8	0.19646	0.18675	0.17798	0.01899	0.05751	0.05824	0.06719	0.02537	0.01743	0.05948	0.05317	0.01882	0.01479	0.00809	0.00678	0.00234	0.00930	0.00618	0.00461	0.01052

[dist]
# distance from previous block
# <min> <max>
1	7

[block]
# block no. 1 follows, 23 sequences, length 6
# corresponding to MSA columns:
# 48-53
name=unknown_B
#
# <colnr> <probs for GDERKNQSTAVLIFYWHMCP>
#	G	D	E	R	K	N	Q	S	T	A	V	L	I	F	Y	W	H	M	C	P
0	0.04621	0.04370	0.01859	0.01675	0.06732	0.06425	0.01222	0.05689	0.08287	0.15358	0.25988	0.03652	0.03864	0.01227	0.00956	0.00254	0.05018	0.01001	0.00762	0.01041
1	0.06732	0.30723	0.02606	0.01327	0.01820	0.05003	0.01158	0.02530	0.09185	0.07318	0.20300	0.02992	0.03181	0.01053	0.00712	0.00221	0.00700	0.00821	0.00621	0.01000
2	0.02108	0.02284	0.16132	0.02116	0.09260	0.01889	0.01771	0.08105	0.30705	0.07843	0.02467	0.02435	0.01826	0.00936	0.00793	0.00252	0.00816	0.00774	0.00663	0.06826
3	0.02240	0.02002	0.03109	0.04310	0.52649	0.02055	0.02286	0.15685	0.02272	0.03182	0.01617	0.01995	0.01306	0.00777	0.00805	0.00242	0.00949	0.00725	0.00490	0.01306
4	0.01938	0.01823	0.02946	0.04166	0.52522	0.01746	0.02161	0.02394	0.01812	0.02649	0.01508	0.01938	0.01267	0.00697	0.00760	0.00215	0.00886	0.00671	0.00419	0.17483
5	0.01502	0.00946	0.01178	0.01128	0.01403	0.00822	0.00820	0.01742	0.01686	0.09436	0.03426	0.39093	0.03644	0.01733	0.00853	0.00256	0.00510	0.01534	0.11217	0.17072

[dist]
# distance from previous block
# <min> <max>
20	35

[block]
# block no. 2 follows, 23 sequences, length 13
# corresponding to MSA columns:
# 89-101
name=unknown_C
#
# <colnr> <probs for GDERKNQSTAVLIFYWHMCP>
#	G	D	E	R	K	N	Q	S	T	A	V	L	I	F	Y	W	H	M	C	P
0	0.01780	0.01973	0.08741	0.37633	0.18202	0.05334	0.02230	0.02529	0.08962	0.02394	0.01665	0.02149	0.01279	0.00822	0.00803	0.00260	0.01037	0.00722	0.00424	0.01060
1	0.02010	0.08671	0.02867	0.10475	0.35773	0.09512	0.02004	0.02566	0.06425	0.02554	0.07698	0.02353	0.01904	0.00858	0.00785	0.00238	0.00946	0.00757	0.00471	0.01133
2	0.09138	0.01530	0.06237	0.04496	0.06573	0.01387	0.01284	0.11394	0.02310	0.11895	0.26217	0.03900	0.07833	0.01242	0.00843	0.00253	0.00654	0.01041	0.00753	0.01019
3	0.01912	0.01934	0.03098	0.13134	0.38838	0.06136	0.10206	0.02380	0.01835	0.02465	0.01987	0.02435	0.05975	0.00858	0.00893	0.00253	0.03299	0.00812	0.00422	0.01128
4	0.01816	0.01452	0.01797	0.01406	0.01968	0.01329	0.04211	0.02581	0.14674	0.06309	0.07313	0.02499	0.02095	0.00869	0.00776	0.00191	0.03069	0.00721	0.05890	0.39036
5	0.02063	0.01791	0.02962	0.12153	0.49325	0.01793	0.02248	0.02530	0.01848	0.07878	0.01648	0.02066	0.01315	0.00748	0.00791	0.00237	0.00930	0.00713	0.00452	0.06508
6	0.15784	0.01777	0.01919	0.01618	0.05506	0.01803	0.01235	0.26619	0.02498	0.03774	0.02078	0.02180	0.05872	0.00888	0.00704	0.00210	0.00728	0.00674	0.00632	0.23500
7	0.01663	0.01937	0.09320	0.41140	0.04862	0.01910	0.20254	0.02270	0.01702	0.02270	0.01488	0.02113	0.01120	0.00793	0.00921	0.00273	0.03826	0.00778	0.00373	0.00986
8	0.07640	0.01570	0.01972	0.08068	0.06915	0.01647	0.01376	0.16154	0.04497	0.17460	0.04374	0.09254	0.02111	0.03435	0.01007	0.00273	0.04283	0.00912	0.00702	0.06349
9	0.02661	0.01991	0.02184	0.01687	0.02295	0.02119	0.01381	0.47594	0.03281	0.04474	0.05963	0.02228	0.01783	0.01199	0.03917	0.00275	0.00876	0.00746	0.00750	0.12597
10	0.02112	0.01787	0.02561	0.18015	0.25304	0.01924	0.01936	0.14465	0.10023	0.04910	0.01935	0.04068	0.01535	0.00890	0.00805	0.00249	0.00896	0.00782	0.00556	0.05246
11	0.05422	0.01931	0.02659	0.03338	0.35898	0.05182	0.01891	0.10781	0.02134	0.09131	0.01700	0.01966	0.01325	0.00772	0.00758	0.00223	0.00884	0.00674	0.00531	0.12800
12	0.01749	0.01430	0.02234	0.15248	0.17639	0.01467	0.04755	0.02165	0.01892	0.08227	0.15701	0.03396	0.07915	0.01102	0.00961	0.00252	0.05177	0.00959	0.00582	0.07149

[dist]
# distance from previous block
# <min> <max>
34	88

[block]
# block no. 3 follows, 23 sequences, length 23
# corresponding to MSA columns:
# 220-242
name=unknown_D
#
# <colnr> <probs for GDERKNQSTAVLIFYWHMCP>
#	G	D	E	R	K	N	Q	S	T	A	V	L	I	F	Y	W	H	M	C	P
0	0.05350	0.11575	0.30624	0.02051	0.06405	0.07829	0.02084	0.05923	0.01965	0.07340	0.07089	0.02383	0.01829	0.00924	0.00761	0.00244	0.01003	0.03007	0.00496	0.01116
1	0.01915	0.13453	0.30464	0.02798	0.18629	0.02106	0.05746	0.07391	0.01942	0.02726	0.04322	0.01961	0.01425	0.00798	0.00763	0.00240	0.01040	0.00673	0.00423	0.01186
2	0.07715	0.12997	0.40774	0.02001	0.05123	0.01906	0.02264	0.02381	0.01756	0.02641	0.09093	0.02387	0.01927	0.00909	0.00748	0.00248	0.00987	0.02618	0.00436	0.01089
3	0.05867	0.14693	0.42640	0.01897	0.02832	0.01987	0.02270	0.02534	0.05378	0.02575	0.01880	0.02063	0.04269	0.00847	0.00716	0.00241	0.00998	0.00644	0.04557	0.01112
4	0.08522	0.21604	0.44968	0.01961	0.02966	0.02224	0.02390	0.02517	0.01667	0.02493	0.01342	0.01571	0.01018	0.00749	0.00682	0.00235	0.01062	0.00542	0.00358	0.01129
5	0.06375	0.28746	0.23141	0.01783	0.02611	0.02540	0.01900	0.18598	0.02224	0.03053	0.01446	0.01600	0.01117	0.00795	0.00674	0.00222	0.00964	0.00564	0.00477	0.01170
6	0.02329	0.36316	0.17289	0.01732	0.02522	0.02715	0.01782	0.20967	0.02317	0.03019	0.01446	0.01586	0.01141	0.00795	0.00662	0.00213	0.00947	0.00559	0.00486	0.01178
7	0.02245	0.07129	0.37672	0.02082	0.03032	0.02212	0.02323	0.27229	0.02558	0.03560	0.01637	0.01785	0.01171	0.00849	0.00774	0.00247	0.01057	0.00643	0.00532	0.01263
8	0.01895	0.18683	0.46956	0.02067	0.03100	0.02237	0.02500	0.08827	0.01915	0.02688	0.01436	0.01648	0.01067	0.00775	0.00721	0.00238	0.01096	0.00577	0.00392	0.01184
9	0.02064	0.40444	0.26938	0.01771	0.02644	0.02660	0.01988	0.08581	0.01888	0.02468	0.01329	0.01515	0.01070	0.00750	0.00640	0.00211	0.00991	0.00524	0.00392	0.01132
10	0.07705	0.31860	0.32405	0.01762	0.02643	0.02367	0.02044	0.02440	0.01693	0.02417	0.04849	0.01752	0.01387	0.00787	0.00657	0.00222	0.00973	0.00566	0.00387	0.01085
11	0.06073	0.44575	0.20948	0.01595	0.02379	0.02598	0.01752	0.02400	0.01698	0.02281	0.05910	0.01759	0.01507	0.00788	0.00619	0.00206	0.00909	0.00554	0.00394	0.01055
12	0.02031	0.54651	0.20360	0.01625	0.02448	0.02872	0.01800	0.02465	0.01665	0.02078	0.01212	0.01407	0.01038	0.00714	0.00585	0.00195	0.00952	0.00476	0.00346	0.01082
13	0.01409	0.00705	0.01057	0.01057	0.01057	0.00705	0.00705	0.01057	0.01057	0.01409	0.01409	0.02467	0.01409	0.02819	0.03171	0.76392	0.00705	0.00705	0.00352	0.00352
14	0.01627	0.04197	0.67279	0.02313	0.03512	0.01884	0.02998	0.02570	0.01713	0.02570	0.01456	0.01713	0.01028	0.00771	0.00771	0.00257	0.01199	0.00600	0.00343	0.01199
15	0.01747	0.19108	0.53413	0.02109	0.03197	0.02176	0.02644	0.02539	0.01699	0.02424	0.01384	0.01623	0.01031	0.00754	0.00716	0.00239	0.01126	0.00563	0.00344	0.01164
16	0.01148	0.00829	0.01085	0.01021	0.01212	0.00766	0.00766	0.01531	0.02297	0.03254	0.65994	0.06061	0.07656	0.01659	0.00957	0.00255	0.00383	0.01467	0.00893	0.00766
17	0.01627	0.04197	0.67279	0.02313	0.03512	0.01884	0.02998	0.02570	0.01713	0.02570	0.01456	0.01713	0.01028	0.00771	0.00771	0.00257	0.01199	0.00600	0.00343	0.01199
18	0.01627	0.04197	0.67279	0.02313	0.03512	0.01884	0.02998	0.02570	0.01713	0.02570	0.01456	0.01713	0.01028	0.00771	0.00771	0.00257	0.01199	0.00600	0.00343	0.01199
19	0.01015	0.00725	0.00972	0.01161	0.01219	0.00682	0.00800	0.01176	0.01580	0.02101	0.04457	0.65746	0.05308	0.02517	0.01043	0.00333	0.00494	0.07249	0.00753	0.00666
20	0.03055	0.05536	0.02070	0.01548	0.02137	0.05471	0.01273	0.11348	0.10398	0.37731	0.02769	0.02707	0.01930	0.01008	0.00795	0.00244	0.00762	0.02932	0.00849	0.05439
21	0.23931	0.09479	0.42190	0.01863	0.02812	0.01984	0.02230	0.02503	0.01610	0.02826	0.01331	0.01560	0.00985	0.00759	0.00669	0.00248	0.01001	0.00538	0.00390	0.01091
22	0.01737	0.01491	0.01707	0.01275	0.01953	0.01233	0.01014	0.02410	0.11914	0.02765	0.01743	0.01900	0.01408	0.00682	0.00637	0.00145	0.00608	0.00551	0.00537	0.64290

[dist]
# distance from previous block
# <min> <max>
0	8

[block]
# block no. 4 follows, 23 sequences, length 12
# corresponding to MSA columns:
# 251-262
name=unknown_E
#
# <colnr> <probs for GDERKNQSTAVLIFYWHMCP>
#	G	D	E	R	K	N	Q	S	T	A	V	L	I	F	Y	W	H	M	C	P
0	0.01760	0.03890	0.58106	0.02235	0.03344	0.01940	0.02775	0.07159	0.06150	0.02812	0.01617	0.01819	0.01152	0.00808	0.00778	0.00257	0.01139	0.00631	0.00410	0.01218
1	0.01696	0.01275	0.01514	0.01175	0.01747	0.01000	0.00916	0.02021	0.01707	0.06941	0.02116	0.12510	0.01961	0.00952	0.00680	0.00166	0.00571	0.00804	0.06079	0.54168
2	0.01981	0.06010	0.01609	0.01228	0.01600	0.01195	0.00981	0.05006	0.06283	0.19225	0.39091	0.04539	0.05190	0.01364	0.00877	0.00249	0.00531	0.01167	0.00876	0.00998
3	0.01018	0.00738	0.00962	0.01089	0.01179	0.00682	0.00747	0.01210	0.01717	0.02310	0.16720	0.54293	0.09652	0.02339	0.01015	0.00312	0.00450	0.02105	0.00781	0.00682
4	0.01739	0.01625	0.05664	0.01302	0.02012	0.01207	0.01111	0.06221	0.01869	0.02847	0.05733	0.01991	0.01629	0.00706	0.00649	0.00146	0.00643	0.00570	0.00522	0.61813
5	0.02879	0.02162	0.02322	0.01800	0.02434	0.02368	0.01476	0.53400	0.09987	0.04769	0.02054	0.02042	0.01481	0.00962	0.00799	0.00238	0.00847	0.00733	0.00791	0.06457
6	0.01889	0.02422	0.12867	0.03471	0.12007	0.02014	0.47762	0.02582	0.01880	0.02602	0.01602	0.02103	0.01211	0.00700	0.00913	0.00267	0.01295	0.00881	0.00400	0.01132
7	0.01946	0.01524	0.01762	0.01308	0.01992	0.01279	0.01049	0.06542	0.08194	0.07338	0.01784	0.01910	0.01397	0.00704	0.00652	0.00153	0.00631	0.00564	0.00574	0.58697
8	0.01126	0.00812	0.01065	0.01036	0.01207	0.00751	0.00764	0.01475	0.02193	0.03088	0.57357	0.15171	0.07335	0.01783	0.00968	0.00266	0.00395	0.01585	0.00874	0.00751
9	0.01656	0.03996	0.61033	0.02423	0.03585	0.01901	0.09043	0.02573	0.01733	0.02573	0.01475	0.01761	0.01048	0.00762	0.00790	0.00259	0.01216	0.00635	0.00349	0.01189
10	0.00959	0.00822	0.00822	0.00822	0.01096	0.00685	0.00617	0.01165	0.01850	0.02192	0.08220	0.07809	0.66092	0.02055	0.00959	0.00274	0.00411	0.01713	0.00754	0.00685
11	0.01627	0.04197	0.67279	0.02313	0.03512	0.01884	0.02998	0.02570	0.01713	0.02570	0.01456	0.01713	0.01028	0.00771	0.00771	0.00257	0.01199	0.00600	0.00343	0.01199

[dist]
# distance from previous block
# <min> <max>
0	2

[block]
# block no. 5 follows, 23 sequences, length 7
# corresponding to MSA columns:
# 265-271
name=unknown_F
#
# <colnr> <probs for GDERKNQSTAVLIFYWHMCP>
#	G	D	E	R	K	N	Q	S	T	A	V	L	I	F	Y	W	H	M	C	P
0	0.00959	0.00822	0.00822	0.00822	0.01096	0.00685	0.00617	0.01165	0.01850	0.02192	0.08220	0.07809	0.66092	0.02055	0.00959	0.00274	0.00411	0.01713	0.00754	0.00685
1	0.01627	0.04197	0.67279	0.02313	0.03512	0.01884	0.02998	0.02570	0.01713	0.02570	0.01456	0.01713	0.01028	0.00771	0.00771	0.00257	0.01199	0.00600	0.00343	0.01199
2	0.02276	0.01685	0.01842	0.01618	0.02104	0.01887	0.01270	0.04255	0.54988	0.13515	0.03286	0.02985	0.02402	0.01085	0.00824	0.00271	0.00650	0.00901	0.00854	0.01300
3	0.02131	0.01432	0.01723	0.01277	0.01935	0.01165	0.01029	0.06019	0.01987	0.16198	0.06688	0.02251	0.01865	0.00786	0.00685	0.00165	0.00620	0.00639	0.00640	0.50764
4	0.01751	0.19689	0.52873	0.02101	0.03185	0.02188	0.02630	0.02538	0.01698	0.02419	0.01381	0.01619	0.01031	0.00753	0.00714	0.00238	0.01123	0.00562	0.00344	0.01163
5	0.01582	0.01132	0.01594	0.01405	0.01664	0.01169	0.04448	0.01913	0.01997	0.10475	0.29082	0.05375	0.13767	0.01612	0.01230	0.00288	0.11599	0.08046	0.00758	0.00864
6	0.01724	0.01323	0.01945	0.28719	0.08049	0.01444	0.01601	0.07200	0.02007	0.08244	0.11245	0.07934	0.09660	0.01264	0.00876	0.00272	0.00802	0.04128	0.00616	0.00948

[dist]
# distance from previous block
# <min> <max>
0	4

[block]
# block no. 6 follows, 23 sequences, length 68
# corresponding to MSA columns:
# 276-343
name=unknown_G
#
# <colnr> <probs for GDERKNQSTAVLIFYWHMCP>
#	G	D	E	R	K	N	Q	S	T	A	V	L	I	F	Y	W	H	M	C	P
0	0.01880	0.01821	0.03174	0.21457	0.46565	0.01904	0.06578	0.02391	0.01794	0.02499	0.01513	0.02060	0.01229	0.00743	0.00816	0.00251	0.01022	0.00738	0.00392	0.01174
1	0.01798	0.01881	0.06199	0.29263	0.33124	0.01892	0.09403	0.02348	0.01763	0.02421	0.01504	0.02074	0.01189	0.00754	0.00822	0.00257	0.01066	0.00743	0.00384	0.01113
2	0.01778	0.02982	0.33122	0.08814	0.22236	0.01917	0.12524	0.02510	0.01778	0.02557	0.01505	0.01913	0.01140	0.00746	0.00814	0.00256	0.01148	0.00703	0.00372	0.01183
3	0.01978	0.01897	0.03240	0.09037	0.62599	0.01920	0.02475	0.02464	0.01833	0.02615	0.01521	0.02018	0.01272	0.00729	0.00804	0.00243	0.00971	0.00723	0.00399	0.01261
4	0.01559	0.01467	0.02451	0.58411	0.12495	0.01760	0.02197	0.02075	0.01661	0.02147	0.01802	0.02437	0.04462	0.00865	0.00818	0.00267	0.01033	0.00773	0.00386	0.00935
5	0.01962	0.02058	0.04041	0.04200	0.35336	0.01990	0.32978	0.02545	0.01881	0.02625	0.01584	0.02099	0.01258	0.00703	0.00880	0.00257	0.01166	0.00840	0.00406	0.01190
6	0.03276	0.01501	0.04312	0.01479	0.02090	0.01288	0.01251	0.03829	0.09026	0.54787	0.06036	0.02903	0.02282	0.01036	0.00822	0.00254	0.00690	0.00849	0.00955	0.01335
7	0.01627	0.04197	0.67279	0.02313	0.03512	0.01884	0.02998	0.02570	0.01713	0.02570	0.01456	0.01713	0.01028	0.00771	0.00771	0.00257	0.01199	0.00600	0.00343	0.01199
8	0.01182	0.00786	0.00926	0.00930	0.00948	0.00789	0.00551	0.01203	0.01248	0.01681	0.05669	0.07374	0.03145	0.59074	0.07063	0.04389	0.00822	0.01195	0.00511	0.00516
9	0.01654	0.07531	0.64179	0.02267	0.03442	0.01950	0.02919	0.02563	0.01710	0.02537	0.01440	0.01693	0.01029	0.00767	0.00759	0.00253	0.01183	0.00591	0.00343	0.01191
10	0.02092	0.01876	0.01841	0.01653	0.02101	0.07466	0.01292	0.07993	0.49722	0.03292	0.03334	0.03321	0.05657	0.01166	0.00836	0.00272	0.00720	0.03374	0.00784	0.01209
11	0.01159	0.00869	0.01304	0.01304	0.01449	0.01014	0.01014	0.01449	0.01304	0.01884	0.02173	0.03188	0.02029	0.06086	0.68268	0.01304	0.02173	0.00869	0.00435	0.00724
12	0.01026	0.00733	0.00982	0.01158	0.01225	0.00690	0.00805	0.01200	0.01618	0.02161	0.07400	0.62144	0.05412	0.02472	0.01040	0.00330	0.00492	0.07681	0.00759	0.00672
13	0.01568	0.01479	0.02498	0.64674	0.10167	0.01812	0.02271	0.02105	0.01639	0.02117	0.01449	0.02152	0.01097	0.00805	0.00811	0.00268	0.01073	0.00721	0.00364	0.00930
14	0.01532	0.01442	0.02434	0.69533	0.05589	0.01803	0.02253	0.02073	0.01622	0.02073	0.01442	0.02163	0.01082	0.00811	0.00811	0.00270	0.01082	0.00721	0.00361	0.00901
15	0.01308	0.00934	0.01308	0.01494	0.01681	0.00934	0.01308	0.01681	0.01868	0.02428	0.04296	0.09153	0.04670	0.02242	0.01121	0.00374	0.00747	0.60960	0.00747	0.00747
16	0.01256	0.00906	0.01236	0.01360	0.01552	0.00886	0.01158	0.01623	0.01958	0.02591	0.17546	0.08431	0.08406	0.02109	0.01078	0.00344	0.00653	0.45381	0.00778	0.00748
17	0.02632	0.03111	0.02687	0.03218	0.27435	0.42369	0.01928	0.02948	0.02123	0.02245	0.01360	0.01676	0.01139	0.00792	0.00760	0.00222	0.01269	0.00601	0.00412	0.01075
18	0.01555	0.01466	0.02475	0.66400	0.08541	0.01809	0.02265	0.02093	0.01633	0.02101	0.01446	0.02156	0.01092	0.00807	0.00811	0.00269	0.01076	0.00721	0.00363	0.00920
19	0.01183	0.00854	0.01092	0.01079	0.01145	0.00926	0.00733	0.01305	0.01260	0.01729	0.02639	0.04535	0.05612	0.41921	0.27102	0.00933	0.03797	0.01076	0.00479	0.00600
20	0.02399	0.02673	0.02768	0.06260	0.34278	0.28493	0.02035	0.02888	0.05985	0.02407	0.01525	0.01860	0.01256	0.00796	0.00776	0.00232	0.01149	0.00655	0.00433	0.01131
21	0.02008	0.01928	0.03294	0.04981	0.66422	0.01928	0.02490	0.02490	0.01848	0.02651	0.01526	0.02008	0.01285	0.00723	0.00803	0.00241	0.00964	0.00723	0.00402	0.01285
22	0.05955	0.57210	0.14441	0.01524	0.02291	0.02921	0.01626	0.02450	0.01645	0.02107	0.01182	0.01370	0.01031	0.00710	0.00561	0.00191	0.00910	0.00461	0.00354	0.01059
23	0.01061	0.00801	0.01125	0.01183	0.01306	0.00742	0.03312	0.01283	0.01753	0.02369	0.18575	0.50091	0.08855	0.02240	0.01011	0.00307	0.00484	0.02030	0.00771	0.00702
24	0.01086	0.00804	0.01163	0.01218	0.01322	0.00754	0.03979	0.01262	0.01639	0.02215	0.12843	0.52248	0.05198	0.05506	0.01254	0.03579	0.00529	0.01998	0.00726	0.00676
25	0.01262	0.01667	0.16339	0.01320	0.01787	0.01086	0.01294	0.01838	0.05938	0.02730	0.25935	0.05571	0.23963	0.01572	0.00915	0.00269	0.00615	0.04316	0.00711	0.00872
26	0.02169	0.71972	0.04252	0.01388	0.02083	0.03211	0.01388	0.02430	0.01649	0.01909	0.01128	0.01302	0.01041	0.00694	0.00521	0.00174	0.00868	0.00434	0.00347	0.01041
27	0.01905	0.01628	0.01740	0.01598	0.02024	0.01859	0.01254	0.03929	0.56369	0.03252	0.03626	0.03797	0.05715	0.01247	0.00858	0.00284	0.00640	0.06254	0.00815	0.01208
28	0.01775	0.01775	0.02485	0.02130	0.02130	0.02485	0.01775	0.01953	0.01243	0.01953	0.01065	0.01775	0.01065	0.01420	0.02663	0.00355	0.69998	0.00710	0.00355	0.00888
29	0.02008	0.01928	0.03294	0.04981	0.66422	0.01928	0.02490	0.02490	0.01848	0.02651	0.01526	0.02008	0.01285	0.00723	0.00803	0.00241	0.00964	0.00723	0.00402	0.01285
30	0.01148	0.00829	0.01085	0.01021	0.01212	0.00766	0.00766	0.01531	0.02297	0.03254	0.65994	0.06061	0.07656	0.01659	0.00957	0.00255	0.00383	0.01467	0.00893	0.00766
31	0.01775	0.01775	0.02485	0.02130	0.02130	0.02485	0.01775	0.01953	0.01243	0.01953	0.01065	0.01775	0.01065	0.01420	0.02663	0.00355	0.69998	0.00710	0.00355	0.00888
32	0.00998	0.00720	0.00945	0.01107	0.01175	0.00668	0.00747	0.01159	0.01619	0.02158	0.08841	0.63434	0.08509	0.02458	0.01027	0.00322	0.00462	0.02220	0.00763	0.00668
33	0.01121	0.00801	0.01094	0.01282	0.01387	0.00774	0.00984	0.01359	0.01684	0.02220	0.04399	0.45215	0.05076	0.02417	0.01071	0.00348	0.00586	0.26734	0.00751	0.00696
34	0.01513	0.00756	0.00756	0.00756	0.00945	0.00756	0.00567	0.01891	0.01702	0.03025	0.02647	0.03025	0.02080	0.00945	0.00567	0.00189	0.00378	0.00756	0.75988	0.00756
35	0.00989	0.00706	0.00942	0.01130	0.01177	0.00659	0.00753	0.01130	0.01554	0.02071	0.04472	0.70954	0.05367	0.02542	0.01036	0.00330	0.00471	0.02307	0.00753	0.00659
36	0.01014	0.00773	0.00936	0.01025	0.01176	0.00694	0.00732	0.01221	0.01771	0.02291	0.14206	0.37710	0.26496	0.02241	0.01002	0.00302	0.00450	0.04503	0.00772	0.00686
37	0.07359	0.01390	0.01848	0.01425	0.02046	0.01224	0.01177	0.03875	0.02275	0.63782	0.03097	0.02689	0.01951	0.00992	0.00800	0.00251	0.00687	0.00797	0.00979	0.01356
38	0.12287	0.02895	0.02220	0.01867	0.02395	0.31690	0.01471	0.29153	0.02837	0.03538	0.01537	0.01654	0.01169	0.00885	0.00738	0.00229	0.01114	0.00602	0.00598	0.01122
39	0.77215	0.01569	0.01193	0.01067	0.01569	0.01820	0.00879	0.02385	0.01381	0.03641	0.01130	0.01318	0.00879	0.00753	0.00502	0.00251	0.00628	0.00439	0.00502	0.00879
40	0.01194	0.00869	0.01147	0.01294	0.01459	0.00841	0.01060	0.01479	0.01768	0.02279	0.04798	0.19246	0.13772	0.06616	0.01271	0.00377	0.00653	0.38437	0.00733	0.00707
41	0.01180	0.00787	0.00885	0.00885	0.00885	0.00787	0.00492	0.01180	0.01180	0.01573	0.02557	0.05310	0.02950	0.71483	0.04130	0.00787	0.00787	0.01180	0.00492	0.00492
42	0.01532	0.01442	0.02434	0.69533	0.05589	0.01803	0.02253	0.02073	0.01622	0.02073	0.01442	0.02163	0.01082	0.00811	0.00811	0.00270	0.01082	0.00721	0.00361	0.00901
43	0.03038	0.03655	0.02318	0.02061	0.02510	0.59466	0.01564	0.11302	0.02501	0.02403	0.01347	0.01528	0.01090	0.00855	0.00742	0.00214	0.01387	0.00550	0.00471	0.00999
44	0.01639	0.01535	0.02530	0.59061	0.05151	0.01894	0.04598	0.05077	0.01715	0.02233	0.01449	0.02127	0.01101	0.00856	0.00943	0.00275	0.05771	0.00730	0.00384	0.00931
45	0.01023	0.00733	0.00972	0.01106	0.01185	0.00682	0.00756	0.01216	0.01714	0.02326	0.17713	0.56987	0.05859	0.02352	0.01019	0.00314	0.00452	0.02126	0.00783	0.00682
46	0.01490	0.00754	0.00764	0.00772	0.00955	0.00752	0.00575	0.01858	0.01695	0.02984	0.02725	0.05938	0.02221	0.01014	0.00587	0.00195	0.00382	0.00823	0.72761	0.00752
47	0.08607	0.01902	0.02050	0.06217	0.02382	0.02112	0.01372	0.44107	0.03112	0.04434	0.01968	0.02096	0.01439	0.00941	0.00745	0.00237	0.00797	0.00711	0.13569	0.01201
48	0.01741	0.12728	0.51170	0.02198	0.03258	0.02075	0.05637	0.02682	0.06393	0.02546	0.01559	0.01780	0.01147	0.00781	0.00752	0.00248	0.01123	0.00619	0.00382	0.01180
49	0.01683	0.01442	0.01683	0.01202	0.01923	0.01082	0.00961	0.02043	0.01683	0.02644	0.01442	0.01683	0.01202	0.00601	0.00601	0.00120	0.00601	0.00481	0.00481	0.76444
50	0.02169	0.71972	0.04252	0.01388	0.02083	0.03211	0.01388	0.02430	0.01649	0.01909	0.01128	0.01302	0.01041	0.00694	0.00521	0.00174	0.00868	0.00434	0.00347	0.01041
51	0.00989	0.00706	0.00942	0.01130	0.01177	0.00659	0.00753	0.01130	0.01554	0.02071	0.04472	0.70954	0.05367	0.02542	0.01036	0.00330	0.00471	0.02307	0.00753	0.00659
52	0.01045	0.00807	0.01175	0.01253	0.01364	0.00748	0.04685	0.01225	0.01596	0.02113	0.04549	0.62337	0.09237	0.02392	0.01026	0.00322	0.00523	0.02182	0.00732	0.00688
53	0.06713	0.01389	0.01854	0.01428	0.02050	0.01219	0.01179	0.03889	0.02283	0.64338	0.03115	0.02702	0.01961	0.00994	0.00803	0.00251	0.00688	0.00800	0.00983	0.01360
54	0.01010	0.00824	0.00893	0.00876	0.01128	0.00707	0.00657	0.01264	0.01971	0.02481	0.23917	0.07334	0.50216	0.01947	0.00958	0.00269	0.00403	0.01646	0.00791	0.00707
55	0.02653	0.01667	0.01902	0.01600	0.02132	0.01784	0.01276	0.09249	0.38759	0.24853	0.03153	0.02847	0.02227	0.01058	0.00821	0.00264	0.00680	0.00868	0.00884	0.01325
56	0.00989	0.00706	0.00942	0.01130	0.01177	0.00659	0.00753	0.01130	0.01554	0.02071	0.04472	0.70954	0.05367	0.02542	0.01036	0.00330	0.00471	0.02307	0.00753	0.00659
57	0.03085	0.02273	0.02435	0.01867	0.02516	0.02516	0.01542	0.63716	0.03815	0.05114	0.01948	0.01948	0.01380	0.00974	0.00812	0.00244	0.00893	0.00731	0.00812	0.01380
58	0.01011	0.00728	0.00961	0.01126	0.01197	0.00678	0.00771	0.01179	0.01625	0.02165	0.08476	0.61896	0.07835	0.02455	0.01031	0.00325	0.00474	0.04636	0.00762	0.00670
59	0.01029	0.00736	0.00983	0.01142	0.01215	0.00690	0.00792	0.01213	0.01660	0.02231	0.11502	0.59322	0.05581	0.02421	0.01032	0.00324	0.00479	0.06200	0.00769	0.00677
60	0.01683	0.01442	0.01683	0.01202	0.01923	0.01082	0.00961	0.02043	0.01683	0.02644	0.01442	0.01683	0.01202	0.00601	0.00601	0.00120	0.00601	0.00481	0.00481	0.76444
61	0.02781	0.01749	0.01929	0.01548	0.02126	0.05769	0.01244	0.13193	0.16371	0.27333	0.04985	0.02578	0.02046	0.00977	0.00787	0.00234	0.00737	0.00783	0.00818	0.12015
62	0.01755	0.01747	0.02481	0.07849	0.02424	0.02427	0.01816	0.01963	0.01275	0.01963	0.01097	0.01808	0.01067	0.01369	0.02506	0.00348	0.64151	0.00711	0.00356	0.00889
63	0.01177	0.00798	0.00940	0.00940	0.00959	0.00817	0.00561	0.01216	0.01196	0.01614	0.02506	0.05030	0.02828	0.62850	0.12597	0.00855	0.00970	0.01139	0.00484	0.00522
64	0.12046	0.01722	0.01717	0.01480	0.01948	0.04435	0.01173	0.14266	0.28937	0.08420	0.02590	0.02530	0.01921	0.00992	0.00737	0.00249	0.00681	0.00774	0.12220	0.01162
65	0.02124	0.01552	0.01960	0.06310	0.10996	0.04360	0.01514	0.07400	0.14737	0.13013	0.03067	0.06886	0.02745	0.01376	0.00908	0.00291	0.00799	0.18148	0.00723	0.01091
66	0.01214	0.00902	0.01141	0.01084	0.01289	0.00869	0.00811	0.01749	0.07775	0.03186	0.56277	0.10207	0.07043	0.01670	0.00951	0.00262	0.00412	0.01476	0.00878	0.00804
67	0.02787	0.04147	0.04606	0.01398	0.01993	0.01321	0.01193	0.05831	0.06157	0.39331	0.05781	0.03275	0.09739	0.01102	0.00807	0.00241	0.00672	0.00897	0.00851	0.07872

[dist]
# distance from previous block
# <min> <max>
0	1

[block]
# block no. 7 follows, 23 sequences, length 31
# corresponding to MSA columns:
# 345-375
name=unknown_H
#
# <colnr> <probs for GDERKNQSTAVLIFYWHMCP>
#	G	D	E	R	K	N	Q	S	T	A	V	L	I	F	Y	W	H	M	C	P
0	0.01714	0.06891	0.48814	0.07126	0.14577	0.01951	0.02783	0.02517	0.01728	0.02520	0.01452	0.01774	0.01077	0.00761	0.00767	0.00251	0.01134	0.00621	0.00354	0.01187
1	0.01635	0.06578	0.07531	0.48108	0.10285	0.01893	0.02174	0.02160	0.01641	0.02192	0.01472	0.02082	0.01140	0.00821	0.00844	0.00259	0.03571	0.00693	0.03958	0.00961
2	0.01292	0.00912	0.01078	0.01081	0.03245	0.00798	0.00790	0.01567	0.02005	0.08285	0.22007	0.06788	0.41275	0.01827	0.00947	0.00270	0.00459	0.03784	0.00800	0.00789
3	0.02296	0.55633	0.03753	0.01521	0.02153	0.13576	0.01409	0.02704	0.06608	0.02035	0.01315	0.01460	0.01152	0.00748	0.00578	0.00187	0.00946	0.00485	0.00395	0.01044
4	0.02017	0.01882	0.02936	0.02287	0.02840	0.04472	0.25033	0.05931	0.21606	0.06040	0.08086	0.05589	0.02393	0.01043	0.00969	0.00273	0.03842	0.01001	0.00642	0.01119
5	0.11551	0.02716	0.01947	0.01709	0.02171	0.34749	0.01316	0.09622	0.07891	0.02772	0.04597	0.02258	0.05721	0.00960	0.00735	0.00223	0.01047	0.00684	0.00554	0.06778
6	0.01169	0.00831	0.01110	0.01110	0.01188	0.00909	0.00773	0.01325	0.01247	0.01740	0.02351	0.04169	0.02455	0.36323	0.38613	0.01065	0.01532	0.01013	0.00461	0.00617
7	0.00989	0.00706	0.00942	0.01130	0.01177	0.00659	0.00753	0.01130	0.01554	0.02071	0.04472	0.70954	0.05367	0.02542	0.01036	0.00330	0.00471	0.02307	0.00753	0.00659
8	0.02542	0.02393	0.12530	0.01738	0.02372	0.06367	0.01589	0.37953	0.02969	0.04096	0.01959	0.02087	0.01437	0.00927	0.00753	0.00233	0.00880	0.00701	0.15274	0.01201
9	0.53889	0.06379	0.01600	0.01256	0.01760	0.07829	0.01030	0.06750	0.01702	0.06429	0.01433	0.04301	0.01177	0.00858	0.00582	0.00245	0.00733	0.00561	0.00540	0.00945
10	0.00989	0.00706	0.00942	0.01130	0.01177	0.00659	0.00753	0.01130	0.01554	0.02071	0.04472	0.70954	0.05367	0.02542	0.01036	0.00330	0.00471	0.02307	0.00753	0.00659
11	0.01003	0.00717	0.00954	0.01120	0.01180	0.00669	0.00754	0.01166	0.01620	0.02177	0.09982	0.65143	0.05572	0.02463	0.01029	0.00323	0.00463	0.02232	0.00766	0.00669
12	0.01988	0.01908	0.03258	0.07685	0.63873	0.01923	0.02480	0.02473	0.01838	0.02627	0.01523	0.02015	0.01277	0.00727	0.00804	0.00242	0.00969	0.00723	0.00400	0.01269
13	0.01409	0.00705	0.01057	0.01057	0.01057	0.00705	0.00705	0.01057	0.01057	0.01409	0.01409	0.02467	0.01409	0.02819	0.03171	0.76392	0.00705	0.00705	0.00352	0.00352
14	0.01180	0.00787	0.00885	0.00885	0.00885	0.00787	0.00492	0.01180	0.01180	0.01573	0.02557	0.05310	0.02950	0.71483	0.04130	0.00787	0.00787	0.01180	0.00492	0.00492
15	0.13784	0.01811	0.05829	0.30519	0.09874	0.01889	0.13889	0.02488	0.07337	0.02621	0.01606	0.02075	0.01219	0.00793	0.00789	0.00265	0.01020	0.00734	0.00437	0.01019
16	0.02954	0.06030	0.02195	0.01819	0.07844	0.01421	0.03857	0.03398	0.05201	0.43496	0.07565	0.03135	0.02416	0.01057	0.00827	0.00253	0.00732	0.03688	0.00854	0.01258
17	0.02018	0.01743	0.01835	0.01651	0.02110	0.02018	0.01284	0.04312	0.64956	0.03394	0.03303	0.03027	0.02477	0.01101	0.00826	0.00275	0.00642	0.00917	0.00826	0.01284
18	0.01180	0.00787	0.00885	0.00885	0.00885	0.00787	0.00492	0.01180	0.01180	0.01573	0.02557	0.05310	0.02950	0.71483	0.04130	0.00787	0.00787	0.01180	0.00492	0.00492
19	0.02018	0.01743	0.01835	0.01651	0.02110	0.02018	0.01284	0.04312	0.64956	0.03394	0.03303	0.03027	0.02477	0.01101	0.00826	0.00275	0.00642	0.00917	0.00826	0.01284
20	0.01011	0.00722	0.00967	0.01155	0.01212	0.00678	0.00792	0.01168	0.01575	0.02096	0.04460	0.66659	0.05318	0.02521	0.01042	0.00333	0.00490	0.06383	0.00753	0.00665
21	0.02891	0.08634	0.02405	0.02006	0.02447	0.58443	0.01533	0.03264	0.07057	0.02088	0.01402	0.01572	0.01155	0.00846	0.00724	0.00212	0.01357	0.00546	0.00444	0.00974
22	0.01697	0.01426	0.01662	0.01228	0.01894	0.01118	0.00974	0.04949	0.01776	0.02719	0.01699	0.07007	0.01530	0.00768	0.00644	0.00142	0.00605	0.00633	0.00518	0.67010
23	0.02456	0.02798	0.25546	0.01917	0.02704	0.05119	0.01955	0.25897	0.02632	0.11708	0.04443	0.05381	0.01745	0.00999	0.00810	0.00252	0.00965	0.00787	0.00649	0.01236
24	0.00989	0.00706	0.00942	0.01130	0.01177	0.00659	0.00753	0.01130	0.01554	0.02071	0.04472	0.70954	0.05367	0.02542	0.01036	0.00330	0.00471	0.02307	0.00753	0.00659
25	0.01968	0.01629	0.01871	0.01393	0.02054	0.01464	0.01125	0.13814	0.04962	0.03112	0.01605	0.01799	0.01287	0.00734	0.00751	0.00162	0.04007	0.00559	0.00553	0.55151
26	0.01604	0.08533	0.26135	0.01614	0.02261	0.01529	0.04614	0.02259	0.04027	0.02648	0.04398	0.02473	0.01776	0.01370	0.07159	0.00329	0.00956	0.00722	0.24612	0.00980
27	0.01745	0.13104	0.51274	0.02499	0.10668	0.02069	0.02721	0.02541	0.01720	0.02490	0.01420	0.01692	0.01060	0.00755	0.00741	0.00244	0.01127	0.00592	0.00350	0.01188
28	0.01784	0.09247	0.34619	0.02504	0.13211	0.01909	0.05131	0.02583	0.05866	0.02590	0.01565	0.01827	0.01200	0.00749	0.00741	0.00229	0.01016	0.00624	0.00407	0.12198
29	0.19510	0.08093	0.10078	0.26422	0.06689	0.01938	0.08948	0.02310	0.01626	0.02608	0.01412	0.01862	0.01086	0.00768	0.00716	0.00252	0.00972	0.00644	0.03086	0.00978
30	0.01581	0.01485	0.06310	0.06642	0.02246	0.01192	0.05245	0.02093	0.04759	0.05022	0.17995	0.08168	0.03199	0.01083	0.00792	0.00213	0.00670	0.00955	0.00616	0.29735

[dist]
# distance from previous block
# <min> <max>
0	1

[block]
# block no. 8 follows, 23 sequences, length 23
# corresponding to MSA columns:
# 377-399
name=unknown_I
#
# <colnr> <probs for GDERKNQSTAVLIFYWHMCP>
#	G	D	E	R	K	N	Q	S	T	A	V	L	I	F	Y	W	H	M	C	P
0	0.09475	0.40865	0.10767	0.01597	0.02302	0.07975	0.01564	0.12346	0.02030	0.02671	0.01308	0.01467	0.01079	0.00765	0.00611	0.00205	0.00934	0.00508	0.00442	0.01090
1	0.01610	0.01206	0.01526	0.06668	0.01994	0.01016	0.01018	0.01913	0.01689	0.07599	0.02536	0.23569	0.02566	0.01260	0.00772	0.00209	0.00606	0.01101	0.00599	0.40545
2	0.01764	0.01678	0.03010	0.32483	0.04285	0.01796	0.21442	0.06965	0.01874	0.02492	0.01703	0.02537	0.01376	0.00955	0.00984	0.04140	0.01095	0.04156	0.00439	0.04826
3	0.02956	0.07370	0.07237	0.03967	0.04840	0.01598	0.01451	0.03663	0.12771	0.41258	0.02790	0.02558	0.01874	0.00960	0.00790	0.00250	0.00760	0.00779	0.00824	0.01303
4	0.01118	0.00831	0.01052	0.01126	0.01259	0.00801	0.00794	0.01508	0.06867	0.02542	0.23246	0.43204	0.08306	0.02138	0.00992	0.00300	0.00455	0.01916	0.00802	0.00743
5	0.00989	0.00706	0.00942	0.01130	0.01177	0.00659	0.00753	0.01130	0.01554	0.02071	0.04472	0.70954	0.05367	0.02542	0.01036	0.00330	0.00471	0.02307	0.00753	0.00659
6	0.05483	0.03988	0.61572	0.02291	0.03440	0.01887	0.05160	0.02561	0.01704	0.02625	0.01447	0.01711	0.01028	0.00767	0.00764	0.00257	0.01176	0.00605	0.00353	0.01179
7	0.07843	0.01754	0.02472	0.45363	0.15370	0.07023	0.02106	0.04402	0.01771	0.02397	0.01435	0.02007	0.01108	0.00799	0.00779	0.00258	0.01048	0.00684	0.00399	0.00985
8	0.01532	0.01442	0.02434	0.69533	0.05589	0.01803	0.02253	0.02073	0.01622	0.02073	0.01442	0.02163	0.01082	0.00811	0.00811	0.00270	0.01082	0.00721	0.00361	0.00901
9	0.01034	0.00740	0.00942	0.01086	0.01150	0.00696	0.00730	0.01170	0.01533	0.02020	0.04447	0.52245	0.09671	0.13558	0.01531	0.00401	0.00531	0.05166	0.00711	0.00639
10	0.46758	0.01505	0.01476	0.01230	0.01778	0.01592	0.01012	0.03047	0.04114	0.27430	0.01989	0.01925	0.01363	0.00861	0.00632	0.00252	0.00652	0.00599	0.00703	0.01083
11	0.02683	0.01941	0.02095	0.01681	0.02224	0.02135	0.01383	0.47645	0.06510	0.04538	0.02297	0.02721	0.01791	0.01078	0.00805	0.00248	0.00801	0.05564	0.10617	0.01243
12	0.01077	0.00803	0.01058	0.01178	0.01215	0.00823	0.00801	0.01203	0.01479	0.01996	0.03947	0.56772	0.04703	0.11495	0.01573	0.00392	0.06111	0.02030	0.00687	0.00656
13	0.02778	0.02061	0.02199	0.01741	0.02321	0.02291	0.01420	0.48734	0.13941	0.04656	0.02232	0.02217	0.01621	0.00993	0.00794	0.00244	0.00809	0.00764	0.06868	0.01314
14	0.06274	0.01357	0.01812	0.01406	0.02004	0.01192	0.01157	0.03760	0.02286	0.61029	0.06638	0.02892	0.02282	0.01031	0.00812	0.00251	0.00671	0.00838	0.00979	0.01328
15	0.01589	0.01500	0.02537	0.61811	0.12866	0.01818	0.02282	0.02123	0.01649	0.02142	0.01452	0.02145	0.01106	0.00801	0.00810	0.00267	0.01068	0.00721	0.00365	0.00947
16	0.02479	0.44461	0.03448	0.01655	0.02239	0.26930	0.01450	0.02796	0.04246	0.01992	0.01255	0.01425	0.01096	0.00761	0.00609	0.00190	0.01077	0.00484	0.00391	0.01014
17	0.01775	0.01775	0.02485	0.02130	0.02130	0.02485	0.01775	0.01953	0.01243	0.01953	0.01065	0.01775	0.01065	0.01420	0.02663	0.00355	0.69998	0.00710	0.00355	0.00888
18	0.01821	0.02845	0.25216	0.03058	0.04003	0.01997	0.43705	0.02590	0.01849	0.02590	0.01581	0.02033	0.01165	0.00712	0.00897	0.00268	0.01313	0.00841	0.00388	0.01129
19	0.01627	0.04197	0.67279	0.02313	0.03512	0.01884	0.02998	0.02570	0.01713	0.02570	0.01456	0.01713	0.01028	0.00771	0.00771	0.00257	0.01199	0.00600	0.00343	0.01199
20	0.01293	0.00924	0.01291	0.01478	0.01658	0.00922	0.01283	0.01656	0.01854	0.02412	0.04304	0.11942	0.04701	0.02255	0.01117	0.00372	0.00735	0.58313	0.00747	0.00743
21	0.02018	0.01743	0.01835	0.01651	0.02110	0.02018	0.01284	0.04312	0.64956	0.03394	0.03303	0.03027	0.02477	0.01101	0.00826	0.00275	0.00642	0.00917	0.00826	0.01284
22	0.01793	0.01821	0.02318	0.02020	0.02072	0.07415	0.01661	0.01988	0.01333	0.01946	0.01223	0.01933	0.01188	0.01977	0.10986	0.00466	0.55901	0.00716	0.00370	0.00871

[dist]
# distance from previous block
# <min> <max>
0	28

[block]
# block no. 9 follows, 23 sequences, length 37
# corresponding to MSA columns:
# 428-464
name=unknown_J
#
# <colnr> <probs for GDERKNQSTAVLIFYWHMCP>
#	G	D	E	R	K	N	Q	S	T	A	V	L	I	F	Y	W	H	M	C	P
0	0.01001	0.00720	0.00952	0.01132	0.01195	0.00672	0.00771	0.01154	0.01579	0.02091	0.04618	0.65802	0.07815	0.02510	0.01036	0.00329	0.00480	0.04727	0.00753	0.00664
1	0.01180	0.00787	0.00885	0.00885	0.00885	0.00787	0.00492	0.01180	0.01180	0.01573	0.02557	0.05310	0.02950	0.71483	0.04130	0.00787	0.00787	0.01180	0.00492	0.00492
2	0.01003	0.00717	0.00958	0.01147	0.01200	0.00672	0.00779	0.01155	0.01568	0.02088	0.04464	0.68119	0.05335	0.02528	0.01040	0.00332	0.00483	0.04997	0.00753	0.00663
3	0.00983	0.00727	0.00920	0.01074	0.01162	0.00664	0.00728	0.01136	0.01607	0.02093	0.05155	0.59452	0.16428	0.02453	0.01022	0.00319	0.00460	0.02199	0.00753	0.00664
4	0.01215	0.00847	0.01063	0.01022	0.01213	0.00782	0.00761	0.01521	0.02062	0.04795	0.43687	0.06315	0.14584	0.10803	0.01377	0.00335	0.00474	0.05593	0.00815	0.00737
5	0.00989	0.00706	0.00942	0.01130	0.01177	0.00659	0.00753	0.01130	0.01554	0.02071	0.04472	0.70954	0.05367	0.02542	0.01036	0.00330	0.00471	0.02307	0.00753	0.00659
6	0.01532	0.01442	0.02434	0.69533	0.05589	0.01803	0.02253	0.02073	0.01622	0.02073	0.01442	0.02163	0.01082	0.00811	0.00811	0.00270	0.01082	0.00721	0.00361	0.00901
7	0.03121	0.02214	0.02399	0.01839	0.02487	0.02429	0.01519	0.59758	0.03716	0.09212	0.02031	0.02002	0.01422	0.00976	0.00812	0.00244	0.00879	0.00736	0.00824	0.01380
8	0.00987	0.00714	0.00933	0.01108	0.01171	0.00661	0.00744	0.01132	0.01574	0.02080	0.04734	0.66550	0.09602	0.02508	0.01030	0.00326	0.00467	0.02265	0.00753	0.00661
9	0.01778	0.01929	0.03943	0.17318	0.04237	0.01958	0.43247	0.02371	0.01791	0.02418	0.01702	0.05583	0.01394	0.00852	0.01042	0.00281	0.05766	0.00958	0.00413	0.01018
10	0.01001	0.00711	0.00938	0.01114	0.01158	0.00668	0.00736	0.01133	0.01529	0.02038	0.04345	0.66606	0.05207	0.07109	0.01241	0.00360	0.00492	0.02232	0.00736	0.00648
11	0.01261	0.00861	0.00994	0.00978	0.01023	0.00879	0.00596	0.04310	0.01345	0.01804	0.02632	0.09469	0.02976	0.58988	0.07963	0.00762	0.00861	0.01214	0.00522	0.00563
12	0.01513	0.00756	0.00756	0.00756	0.00945	0.00756	0.00567	0.01891	0.01702	0.03025	0.02647	0.03025	0.02080	0.00945	0.00567	0.00189	0.00378	0.00756	0.75988	0.00756
13	0.01532	0.01442	0.02434	0.69533	0.05589	0.01803	0.02253	0.02073	0.01622	0.02073	0.01442	0.02163	0.01082	0.00811	0.00811	0.00270	0.01082	0.00721	0.00361	0.00901
14	0.00989	0.00706	0.00942	0.01130	0.01177	0.00659	0.00753	0.01130	0.01554	0.02071	0.04472	0.70954	0.05367	0.02542	0.01036	0.00330	0.00471	0.02307	0.00753	0.00659
15	0.01136	0.00829	0.01067	0.01007	0.01204	0.00760	0.00755	0.01506	0.02266	0.03182	0.62063	0.06180	0.11632	0.01686	0.00957	0.00256	0.00385	0.01484	0.00884	0.00760
16	0.01008	0.00722	0.00939	0.01095	0.01155	0.00674	0.00730	0.01153	0.01575	0.02097	0.07338	0.60860	0.07839	0.07172	0.01239	0.00355	0.00486	0.02167	0.00742	0.00654
17	0.03085	0.02273	0.02435	0.01867	0.02516	0.02516	0.01542	0.63716	0.03815	0.05114	0.01948	0.01948	0.01380	0.00974	0.00812	0.00244	0.00893	0.00731	0.00812	0.01380
18	0.00989	0.00706	0.00942	0.01130	0.01177	0.00659	0.00753	0.01130	0.01554	0.02071	0.04472	0.70954	0.05367	0.02542	0.01036	0.00330	0.00471	0.02307	0.00753	0.00659
19	0.01904	0.02156	0.04604	0.03317	0.04072	0.02087	0.58535	0.02547	0.01861	0.02547	0.01595	0.02156	0.01218	0.00743	0.01094	0.00280	0.06863	0.00938	0.00406	0.01078
20	0.01683	0.01442	0.01683	0.01202	0.01923	0.01082	0.00961	0.02043	0.01683	0.02644	0.01442	0.01683	0.01202	0.00601	0.00601	0.00120	0.00601	0.00481	0.00481	0.76444
21	0.01034	0.00801	0.00942	0.00957	0.01155	0.00709	0.00699	0.01291	0.01952	0.02555	0.28527	0.20038	0.32407	0.02010	0.00974	0.00278	0.00413	0.01744	0.00804	0.00709
22	0.01811	0.01504	0.01735	0.01274	0.01957	0.01226	0.01018	0.09010	0.01919	0.02899	0.01636	0.04820	0.01409	0.00730	0.00644	0.00144	0.00628	0.00591	0.00531	0.64515
23	0.01060	0.00742	0.00915	0.01024	0.01063	0.00709	0.00648	0.01150	0.01425	0.01888	0.03907	0.43396	0.07042	0.28635	0.02204	0.00500	0.00588	0.01855	0.00654	0.00597
24	0.02008	0.01928	0.03294	0.04981	0.66422	0.01928	0.02490	0.02490	0.01848	0.02651	0.01526	0.02008	0.01285	0.00723	0.00803	0.00241	0.00964	0.00723	0.00402	0.01285
25	0.07041	0.01552	0.04822	0.01398	0.02067	0.01209	0.04175	0.02440	0.01795	0.15597	0.01992	0.06615	0.01619	0.00836	0.00693	0.00183	0.00677	0.00699	0.00596	0.43995
26	0.01911	0.01492	0.01746	0.01262	0.01972	0.01184	0.01016	0.06223	0.01867	0.07293	0.01598	0.01775	0.01270	0.00654	0.00630	0.00137	0.00626	0.00521	0.00539	0.66283
27	0.02381	0.01803	0.02014	0.01518	0.02188	0.01742	0.01234	0.27800	0.06748	0.06898	0.01861	0.01934	0.01399	0.00808	0.00714	0.00188	0.00729	0.00629	0.00666	0.36746
28	0.03314	0.06760	0.02235	0.01748	0.05363	0.10358	0.01359	0.10428	0.02417	0.43708	0.02576	0.02360	0.01707	0.00943	0.00783	0.00239	0.00841	0.00736	0.00830	0.01294
29	0.02015	0.01870	0.03050	0.04438	0.55935	0.01895	0.02308	0.05470	0.05051	0.02791	0.01816	0.02524	0.01571	0.00853	0.00826	0.00251	0.00930	0.04685	0.00465	0.01254
30	0.20622	0.13118	0.02380	0.01850	0.08339	0.09843	0.01387	0.19194	0.02319	0.08357	0.01626	0.01751	0.01235	0.00838	0.00672	0.00228	0.00862	0.00597	0.03661	0.01121
31	0.02110	0.02038	0.03204	0.04688	0.60203	0.05144	0.02399	0.05541	0.01966	0.02740	0.01534	0.01979	0.01278	0.00741	0.00800	0.00240	0.00984	0.00714	0.00423	0.01273
32	0.29211	0.06538	0.04957	0.01732	0.08249	0.01838	0.01327	0.07005	0.09405	0.16331	0.01933	0.01958	0.01404	0.00848	0.00672	0.00242	0.00734	0.00629	0.00635	0.04351
33	0.06423	0.03816	0.02435	0.02524	0.20693	0.01563	0.04616	0.03161	0.05138	0.30831	0.04179	0.02436	0.01808	0.00882	0.00785	0.00240	0.00788	0.00767	0.00709	0.06206
34	0.08188	0.01774	0.02134	0.13091	0.10271	0.04095	0.01575	0.09176	0.25622	0.11989	0.02407	0.02440	0.01766	0.00947	0.00790	0.00260	0.00809	0.00780	0.00684	0.01201
35	0.07645	0.01860	0.02126	0.01906	0.08019	0.01957	0.01404	0.25342	0.16935	0.10538	0.02222	0.02204	0.01628	0.00915	0.00763	0.00234	0.00761	0.00726	0.00729	0.12085
36	0.16142	0.01956	0.02090	0.01749	0.04953	0.02114	0.01364	0.35410	0.08977	0.07168	0.01922	0.01954	0.01404	0.00900	0.00736	0.00236	0.00785	0.00675	0.00716	0.08746

[dist]
# distance from previous block
# <min> <max>
2	35

[block]
# block no. 10 follows, 23 sequences, length 21
# corresponding to MSA columns:
# 500-520
name=unknown_K
#
