[name]
unknown

[dist]
# distance from previous block
# <min> <max>
0	79

[block]
# block no. 0 follows, 15 sequences, length 40
# corresponding to MSA columns:
# 85,86,88-125
name=unknown_A
#
# <colnr> <probs for GDERKNQSTAVLIFYWHMCP>
#	G	D	E	R	K	N	Q	S	T	A	V	L	I	F	Y	W	H	M	C	P
0	0.02026	0.01618	0.01898	0.01559	0.02165	0.01401	0.01196	0.09354	0.02373	0.03434	0.03062	0.22269	0.03163	0.01573	0.00947	0.00252	0.00735	0.01359	0.00754	0.38862
1	0.11546	0.01902	0.02857	0.02207	0.02918	0.01760	0.15605	0.02746	0.05950	0.03339	0.02617	0.13497	0.02464	0.01264	0.00955	0.00280	0.00970	0.01183	0.00661	0.25279
2	0.02489	0.01966	0.02216	0.01736	0.02505	0.01843	0.01382	0.07803	0.19682	0.07339	0.02681	0.02700	0.02052	0.01001	0.00863	0.00230	0.00790	0.00811	0.00798	0.39112
3	0.39925	0.02039	0.02087	0.01832	0.02242	0.02534	0.01504	0.03081	0.09167	0.03760	0.01726	0.02087	0.01421	0.01249	0.01531	0.00354	0.20970	0.00728	0.00613	0.01151
4	0.02114	0.02019	0.03294	0.26958	0.27190	0.02297	0.02668	0.02659	0.02063	0.02828	0.02331	0.02997	0.05396	0.01160	0.01315	0.00332	0.09632	0.00970	0.00496	0.01280
5	0.03816	0.01536	0.02088	0.01685	0.02322	0.01339	0.01355	0.04178	0.02722	0.47830	0.07923	0.11973	0.03512	0.01547	0.01051	0.00322	0.00785	0.01308	0.01182	0.01523
6	0.02647	0.02426	0.03903	0.05598	0.51166	0.02467	0.02901	0.10192	0.02599	0.03669	0.01946	0.02457	0.01595	0.00930	0.00988	0.00296	0.01172	0.00889	0.00562	0.01595
7	0.02595	0.02825	0.02913	0.02644	0.05842	0.18298	0.02026	0.02875	0.01990	0.02574	0.01466	0.02079	0.01340	0.01368	0.02163	0.00341	0.34742	0.00773	0.00481	0.10666
8	0.02121	0.03257	0.23683	0.02733	0.03505	0.02489	0.08937	0.02782	0.01907	0.02883	0.01630	0.02199	0.01339	0.01212	0.01839	0.00342	0.25072	0.00822	0.00460	0.10789
9	0.01224	0.01012	0.01073	0.01058	0.01375	0.00861	0.00793	0.01519	0.02380	0.02949	0.19545	0.09172	0.48736	0.02429	0.01178	0.00332	0.00498	0.02045	0.00959	0.00861
10	0.02608	0.49169	0.04702	0.10336	0.06856	0.06950	0.01952	0.02989	0.02084	0.02438	0.01480	0.01812	0.01306	0.00885	0.00726	0.00237	0.01153	0.00611	0.00438	0.01268
11	0.02530	0.02092	0.02275	0.02010	0.02556	0.02402	0.01580	0.12241	0.41668	0.04230	0.03622	0.03550	0.02768	0.02164	0.09185	0.00505	0.01091	0.01085	0.00946	0.01502
12	0.03421	0.03270	0.02572	0.02211	0.02798	0.27066	0.01721	0.17170	0.12401	0.07783	0.02497	0.02551	0.01878	0.01151	0.00933	0.00283	0.01268	0.00839	0.06804	0.01382
13	0.02480	0.02141	0.02254	0.02029	0.02592	0.02480	0.01578	0.05297	0.56946	0.04170	0.04057	0.03719	0.03043	0.01352	0.01014	0.00338	0.00789	0.01127	0.01014	0.01578
14	0.02275	0.01765	0.02088	0.01502	0.02378	0.01341	0.01206	0.02713	0.02135	0.08092	0.01958	0.02181	0.01562	0.00781	0.00761	0.00162	0.00748	0.00626	0.00646	0.65081
15	0.01383	0.01009	0.01299	0.01245	0.01477	0.00926	0.00927	0.01820	0.02728	0.03818	0.51646	0.11015	0.12702	0.02138	0.01182	0.00321	0.00479	0.01886	0.01075	0.00926
16	0.02667	0.03919	0.33500	0.02479	0.03596	0.02498	0.02764	0.22924	0.03084	0.04388	0.02136	0.02344	0.01531	0.01059	0.00946	0.00303	0.01249	0.00813	0.06285	0.01514
17	0.01188	0.00971	0.01050	0.01112	0.01373	0.00833	0.00803	0.01419	0.02174	0.02653	0.08855	0.24378	0.44361	0.02686	0.01204	0.00355	0.00525	0.02301	0.00926	0.00833
18	0.02415	0.02516	0.04891	0.05237	0.34118	0.02439	0.27012	0.03121	0.02308	0.03228	0.01940	0.02569	0.01548	0.00866	0.01074	0.00315	0.01413	0.01021	0.00498	0.01471
19	0.03790	0.02792	0.02992	0.02294	0.03091	0.03091	0.01895	0.55423	0.04687	0.06283	0.02393	0.02393	0.01695	0.01197	0.00997	0.00299	0.01097	0.00898	0.00997	0.01695
20	0.02567	0.56619	0.13306	0.01874	0.02819	0.03703	0.01999	0.03011	0.02037	0.02466	0.01446	0.01674	0.01277	0.00867	0.00685	0.00228	0.01126	0.00563	0.00426	0.01308
21	0.03154	0.02476	0.02634	0.02165	0.02849	0.02794	0.01741	0.31092	0.30053	0.05257	0.03201	0.03037	0.02350	0.01272	0.01006	0.00318	0.00947	0.01009	0.01006	0.01638
22	0.02701	0.01845	0.02197	0.01607	0.02462	0.01508	0.01300	0.07545	0.02452	0.14855	0.02262	0.02363	0.01696	0.00878	0.00814	0.00193	0.00791	0.00700	0.00756	0.51075
23	0.34565	0.36289	0.03495	0.01524	0.02268	0.03159	0.01418	0.02960	0.01874	0.03324	0.01387	0.01608	0.01187	0.00886	0.00629	0.00257	0.00930	0.00536	0.00514	0.01187
24	0.01411	0.01019	0.01333	0.01254	0.01489	0.00941	0.00941	0.01881	0.02822	0.03998	0.58221	0.07447	0.09406	0.02038	0.01176	0.00314	0.00470	0.01803	0.01097	0.00941
25	0.02439	0.02092	0.03006	0.06158	0.03272	0.02221	0.13181	0.16405	0.15096	0.03997	0.03402	0.17836	0.03128	0.01611	0.01107	0.00344	0.01042	0.01480	0.00842	0.01341
26	0.01223	0.01012	0.01072	0.01057	0.01374	0.00861	0.00793	0.01518	0.02379	0.02946	0.19424	0.09178	0.48859	0.02430	0.01178	0.00332	0.00498	0.02046	0.00959	0.00861
27	0.01394	0.00973	0.01187	0.01222	0.01282	0.00987	0.00778	0.01500	0.01594	0.02138	0.03812	0.14785	0.07067	0.41620	0.14523	0.00963	0.01194	0.01623	0.00658	0.00701
28	0.01429	0.01049	0.01506	0.01506	0.01651	0.01194	0.01126	0.01718	0.01574	0.02243	0.02758	0.04403	0.02703	0.18204	0.50576	0.01484	0.02352	0.01139	0.00547	0.00837
29	0.02480	0.02141	0.02254	0.02029	0.02592	0.02480	0.01578	0.05297	0.56946	0.04170	0.04057	0.03719	0.03043	0.01352	0.01014	0.00338	0.00789	0.01127	0.01014	0.01578
30	0.01243	0.00889	0.01182	0.01369	0.01452	0.00829	0.00928	0.01459	0.02040	0.02754	0.13077	0.56136	0.06998	0.02967	0.01259	0.00392	0.00563	0.02686	0.00950	0.00829
31	0.02665	0.65565	0.05224	0.01706	0.02559	0.03945	0.01706	0.02985	0.02026	0.02345	0.01386	0.01599	0.01279	0.00853	0.00640	0.00213	0.01066	0.00533	0.00426	0.01279
32	0.67177	0.01989	0.01573	0.01381	0.02010	0.02297	0.01137	0.06647	0.01908	0.04601	0.01459	0.01674	0.01123	0.00945	0.00644	0.00308	0.00794	0.00565	0.00644	0.01123
33	0.03627	0.02711	0.02900	0.02261	0.03029	0.03015	0.01855	0.49197	0.11178	0.06020	0.02600	0.02558	0.01863	0.01216	0.00999	0.00304	0.01059	0.00926	0.00999	0.01681
34	0.02304	0.02202	0.03751	0.21927	0.44219	0.02326	0.02978	0.02916	0.02192	0.03058	0.01846	0.02521	0.01509	0.00919	0.00990	0.00306	0.01225	0.00888	0.00479	0.01447
35	0.02067	0.01772	0.02067	0.01477	0.02362	0.01329	0.01181	0.02510	0.02067	0.03248	0.01772	0.02067	0.01477	0.00738	0.00738	0.00148	0.00738	0.00591	0.00591	0.71059
36	0.06860	0.03884	0.39748	0.02371	0.03519	0.02001	0.02820	0.03213	0.02283	0.11452	0.09758	0.02986	0.02533	0.01136	0.00965	0.00314	0.01201	0.00907	0.00643	0.01407
37	0.02796	0.01315	0.01756	0.01554	0.02011	0.01170	0.01226	0.03155	0.02581	0.29284	0.15164	0.16764	0.08743	0.01965	0.01131	0.00343	0.00707	0.05977	0.01101	0.01258
38	0.15859	0.01623	0.05029	0.01534	0.01979	0.01489	0.01279	0.02555	0.08568	0.03723	0.21343	0.13320	0.05246	0.01790	0.01031	0.00329	0.00700	0.05794	0.00876	0.05933
39	0.07846	0.02250	0.04046	0.21162	0.18738	0.02406	0.19107	0.02900	0.02121	0.03074	0.01814	0.02505	0.01428	0.00964	0.01169	0.00329	0.05406	0.00949	0.00488	0.01297

[dist]
# distance from previous block
# <min> <max>
0	9

[block]
# block no. 1 follows, 15 sequences, length 47
# corresponding to MSA columns:
# 142-188
name=unknown_B
#
# <colnr> <probs for GDERKNQSTAVLIFYWHMCP>
#	G	D	E	R	K	N	Q	S	T	A	V	L	I	F	Y	W	H	M	C	P
0	0.01497	0.01235	0.01894	0.25107	0.03583	0.01375	0.01681	0.01878	0.01965	0.02573	0.04040	0.37186	0.04502	0.02277	0.01172	0.00380	0.00890	0.05096	0.00738	0.00932
1	0.02339	0.02505	0.08314	0.13320	0.36675	0.02366	0.06675	0.03258	0.08445	0.03247	0.02112	0.02624	0.01680	0.00958	0.01002	0.00311	0.01219	0.00924	0.00540	0.01486
2	0.01424	0.01068	0.01602	0.01602	0.01780	0.01246	0.01246	0.01780	0.01602	0.02314	0.02670	0.03916	0.02492	0.07477	0.61015	0.01602	0.02670	0.01068	0.00534	0.00890
3	0.03079	0.02581	0.02952	0.08014	0.11803	0.06013	0.02068	0.26934	0.17554	0.04732	0.02645	0.02738	0.01973	0.01163	0.00995	0.00309	0.01090	0.00940	0.00850	0.01566
4	0.22930	0.04020	0.38931	0.02587	0.06973	0.02295	0.02867	0.03083	0.01993	0.03556	0.01675	0.01982	0.01228	0.00937	0.00851	0.00312	0.01246	0.00687	0.00484	0.01362
5	0.02248	0.01766	0.02086	0.01499	0.02376	0.01339	0.01203	0.02687	0.02126	0.07469	0.01934	0.02167	0.01551	0.00776	0.00758	0.00160	0.00747	0.00622	0.00639	0.65849
6	0.01231	0.01012	0.01083	0.01066	0.01379	0.00864	0.00799	0.01533	0.02398	0.02991	0.21077	0.09104	0.47178	0.02414	0.01178	0.00331	0.00497	0.02035	0.00965	0.00864
7	0.01780	0.01254	0.01876	0.20529	0.03260	0.01376	0.01576	0.02172	0.01986	0.07495	0.03634	0.26852	0.03719	0.02771	0.09594	0.00531	0.01124	0.01679	0.05791	0.00999
8	0.01215	0.00868	0.01157	0.01388	0.01446	0.00810	0.00925	0.01388	0.01909	0.02545	0.05495	0.64315	0.06593	0.03123	0.01272	0.00405	0.00578	0.02834	0.00925	0.00810
9	0.02067	0.01772	0.02067	0.01477	0.02362	0.01329	0.01181	0.02510	0.02067	0.03248	0.01772	0.02067	0.01477	0.00738	0.00738	0.00148	0.00738	0.00591	0.00591	0.71059
10	0.03249	0.02390	0.10887	0.02607	0.11343	0.01929	0.02028	0.12537	0.02964	0.25620	0.10867	0.03478	0.03025	0.01249	0.01016	0.00307	0.00978	0.01044	0.00943	0.01537
11	0.72007	0.01928	0.01465	0.01311	0.01928	0.02236	0.01080	0.02930	0.01697	0.04473	0.01388	0.01619	0.01080	0.00925	0.00617	0.00308	0.00771	0.00540	0.00617	0.01080
12	0.02241	0.02138	0.03637	0.27978	0.38657	0.02309	0.02947	0.02861	0.02163	0.02982	0.01835	0.02541	0.01482	0.00930	0.00991	0.00310	0.01240	0.00887	0.00474	0.01396
13	0.01411	0.01019	0.01333	0.01254	0.01489	0.00941	0.00941	0.01881	0.02822	0.03998	0.58221	0.07447	0.09406	0.02038	0.01176	0.00314	0.00470	0.01803	0.01097	0.00941
14	0.02840	0.02150	0.02436	0.02028	0.02569	0.02442	0.01639	0.29122	0.11898	0.04680	0.02712	0.03015	0.02119	0.02644	0.14434	0.00598	0.04885	0.00972	0.05404	0.01414
15	0.01394	0.01018	0.01309	0.01237	0.01479	0.00934	0.00927	0.01849	0.02782	0.03904	0.54771	0.07601	0.12915	0.02073	0.01176	0.00315	0.00473	0.01824	0.01085	0.00934
16	0.02132	0.02026	0.03440	0.38535	0.28954	0.02280	0.02892	0.02765	0.02111	0.02849	0.01816	0.02577	0.01435	0.00951	0.00993	0.00317	0.01267	0.00887	0.00464	0.01308
17	0.04473	0.01697	0.02313	0.01774	0.02545	0.01465	0.01465	0.04858	0.02853	0.59437	0.03933	0.03393	0.02468	0.01234	0.01003	0.00308	0.00848	0.01003	0.01234	0.01697
18	0.01395	0.01003	0.01339	0.01408	0.01593	0.00946	0.01070	0.01781	0.02461	0.03389	0.32881	0.24064	0.07885	0.02484	0.01243	0.00368	0.00590	0.12186	0.01013	0.00900
19	0.04473	0.01697	0.02313	0.01774	0.02545	0.01465	0.01465	0.04858	0.02853	0.59437	0.03933	0.03393	0.02468	0.01234	0.01003	0.00308	0.00848	0.01003	0.01234	0.01697
20	0.01640	0.01237	0.01486	0.01361	0.01676	0.01208	0.01038	0.05981	0.07245	0.04010	0.43658	0.07055	0.14592	0.01984	0.01150	0.00317	0.00546	0.01721	0.01061	0.01034
21	0.02741	0.02212	0.02337	0.02018	0.02614	0.02519	0.01593	0.16640	0.41335	0.04627	0.03622	0.03414	0.02701	0.01304	0.00990	0.00322	0.00839	0.01061	0.05548	0.01563
22	0.08028	0.02328	0.02689	0.15705	0.03700	0.02631	0.01930	0.32204	0.07622	0.04903	0.02837	0.02993	0.05577	0.01235	0.00983	0.00313	0.01062	0.00969	0.00841	0.01450
23	0.02665	0.65565	0.05224	0.01706	0.02559	0.03945	0.01706	0.02985	0.02026	0.02345	0.01386	0.01599	0.01279	0.00853	0.00640	0.00213	0.01066	0.00533	0.00426	0.01279
24	0.72007	0.01928	0.01465	0.01311	0.01928	0.02236	0.01080	0.02930	0.01697	0.04473	0.01388	0.01619	0.01080	0.00925	0.00617	0.00308	0.00771	0.00540	0.00617	0.01080
25	0.01883	0.01772	0.02990	0.62569	0.06866	0.02215	0.02769	0.02547	0.01993	0.02547	0.01772	0.02658	0.01329	0.00997	0.00997	0.00332	0.01329	0.00886	0.00443	0.01107
26	0.02206	0.03714	0.28288	0.03636	0.04838	0.02435	0.33749	0.03178	0.02250	0.03178	0.01922	0.02446	0.01409	0.00885	0.01081	0.00328	0.01594	0.00994	0.00470	0.01398
27	0.03790	0.02792	0.02992	0.02294	0.03091	0.03091	0.01895	0.55423	0.04687	0.06283	0.02393	0.02393	0.01695	0.01197	0.00997	0.00299	0.01097	0.00898	0.00997	0.01695
28	0.04192	0.02147	0.02592	0.01988	0.02770	0.02134	0.01642	0.25655	0.03608	0.37575	0.03300	0.02982	0.02150	0.01219	0.01000	0.00305	0.00951	0.00959	0.01137	0.01696
29	0.01462	0.01099	0.01368	0.01309	0.01578	0.01041	0.01000	0.02057	0.06252	0.03776	0.45121	0.07719	0.15154	0.02101	0.01178	0.00327	0.00523	0.04909	0.01058	0.00968
30	0.01411	0.01019	0.01333	0.01254	0.01489	0.00941	0.00941	0.01881	0.02822	0.03998	0.58221	0.07447	0.09406	0.02038	0.01176	0.00314	0.00470	0.01803	0.01097	0.00941
31	0.02585	0.02194	0.02314	0.02050	0.02632	0.02529	0.01603	0.09333	0.52738	0.04340	0.03923	0.03613	0.02935	0.01340	0.01013	0.00335	0.00814	0.01109	0.01013	0.01587
32	0.02467	0.02369	0.04046	0.06119	0.58747	0.02369	0.03059	0.03059	0.02270	0.03257	0.01875	0.02467	0.01579	0.00888	0.00987	0.00296	0.01184	0.00888	0.00493	0.01579
33	0.01611	0.01043	0.01359	0.01296	0.01526	0.00963	0.00948	0.01993	0.02579	0.07669	0.42162	0.14999	0.08009	0.07547	0.01512	0.00382	0.00556	0.01858	0.01041	0.00949
34	0.01450	0.00966	0.01087	0.01087	0.01087	0.00966	0.00604	0.01450	0.01450	0.01933	0.03141	0.06524	0.03624	0.64965	0.05074	0.00966	0.00966	0.01450	0.00604	0.00604
35	0.02246	0.01652	0.01889	0.01685	0.02084	0.01720	0.01291	0.22407	0.03183	0.04275	0.14508	0.25583	0.09111	0.02129	0.01141	0.00342	0.00753	0.01836	0.00985	0.01180
36	0.01411	0.01019	0.01333	0.01254	0.01489	0.00941	0.00941	0.01881	0.02822	0.03998	0.58221	0.07447	0.09406	0.02038	0.01176	0.00314	0.00470	0.01803	0.01097	0.00941
37	0.02391	0.24921	0.28949	0.02264	0.03283	0.02783	0.02563	0.03090	0.02130	0.07098	0.05091	0.02350	0.01841	0.01065	0.01047	0.00290	0.06194	0.00761	0.00525	0.01362
38	0.01892	0.01737	0.02720	0.02168	0.02706	0.01702	0.11715	0.02331	0.01929	0.02834	0.02400	0.09952	0.02294	0.02689	0.14805	0.00580	0.09411	0.01112	0.00581	0.24443
39	0.01892	0.01290	0.01545	0.01425	0.01761	0.01242	0.01079	0.09623	0.02793	0.07821	0.25825	0.19137	0.16297	0.02184	0.01159	0.00335	0.00618	0.01893	0.01024	0.01058
40	0.07532	0.21819	0.03032	0.01557	0.02405	0.02226	0.01358	0.02852	0.02081	0.06930	0.01772	0.01979	0.01454	0.00822	0.00717	0.00191	0.00851	0.00597	0.00585	0.39239
41	0.03637	0.02845	0.02900	0.02243	0.03028	0.07089	0.01836	0.47180	0.04328	0.05746	0.02279	0.02323	0.01647	0.01145	0.00968	0.00283	0.01116	0.00853	0.00928	0.07627
42	0.06702	0.16948	0.12880	0.06739	0.06325	0.18115	0.02095	0.03098	0.02207	0.02748	0.01711	0.02259	0.01472	0.05519	0.01132	0.00310	0.01304	0.00714	0.00492	0.07230
43	0.02376	0.13142	0.18932	0.02150	0.02917	0.09455	0.02118	0.09266	0.06452	0.03244	0.02832	0.17218	0.02742	0.01529	0.00982	0.00314	0.01136	0.01249	0.00668	0.01277
44	0.06141	0.07832	0.07927	0.14471	0.04299	0.02297	0.18865	0.03010	0.05347	0.03132	0.01930	0.02415	0.01496	0.00893	0.00944	0.00282	0.01240	0.00869	0.00534	0.16075
45	0.02066	0.11034	0.12951	0.02397	0.09448	0.02094	0.01973	0.02753	0.05545	0.03158	0.09975	0.07433	0.02984	0.01275	0.01094	0.00279	0.05483	0.01030	0.00636	0.16392
46	0.02462	0.02898	0.20393	0.02161	0.02994	0.02036	0.02166	0.13918	0.02622	0.08496	0.02662	0.11351	0.02332	0.01754	0.04787	0.00388	0.04427	0.01105	0.00715	0.10335

[dist]
# distance from previous block
# <min> <max>
7	117

[block]
# block no. 2 follows, 15 sequences, length 96
# corresponding to MSA columns:
# 318-378,402-436
name=unknown_C
#
# <colnr> <probs for GDERKNQSTAVLIFYWHMCP>
#	G	D	E	R	K	N	Q	S	T	A	V	L	I	F	Y	W	H	M	C	P
0	0.07431	0.07914	0.07313	0.01615	0.02247	0.01763	0.01420	0.06173	0.05728	0.03564	0.14522	0.10248	0.07300	0.01485	0.00948	0.00277	0.00779	0.01232	0.00777	0.17264
1	0.05841	0.01154	0.01419	0.05138	0.01875	0.01187	0.01069	0.05775	0.02041	0.02852	0.04381	0.42228	0.05056	0.13033	0.01829	0.00480	0.00741	0.02192	0.00829	0.00879
2	0.07791	0.02236	0.03672	0.14998	0.45814	0.02333	0.02857	0.02965	0.02180	0.03235	0.01820	0.02432	0.01499	0.00909	0.00960	0.00303	0.01176	0.00861	0.00495	0.01463
3	0.03022	0.08144	0.04244	0.03080	0.03874	0.18884	0.23409	0.12906	0.06229	0.03534	0.02029	0.02368	0.01558	0.00988	0.01016	0.00298	0.01506	0.00925	0.00621	0.01365
4	0.01250	0.00893	0.01198	0.01429	0.01502	0.00840	0.00987	0.01449	0.01944	0.02585	0.05475	0.59504	0.06516	0.03090	0.01282	0.00410	0.00609	0.07294	0.00925	0.00820
5	0.08367	0.02672	0.02608	0.02497	0.08029	0.11159	0.01800	0.15711	0.28067	0.04317	0.02909	0.02865	0.02198	0.01193	0.00960	0.00311	0.01040	0.00937	0.00857	0.01503
6	0.03690	0.02984	0.03046	0.02590	0.06954	0.09570	0.01979	0.45984	0.04309	0.05639	0.02261	0.02331	0.01641	0.01156	0.00985	0.00294	0.01182	0.00868	0.00908	0.01626
7	0.02480	0.02141	0.02254	0.02029	0.02592	0.02480	0.01578	0.05297	0.56946	0.04170	0.04057	0.03719	0.03043	0.01352	0.01014	0.00338	0.00789	0.01127	0.01014	0.01578
8	0.02222	0.03260	0.20184	0.03507	0.04563	0.02408	0.33147	0.03075	0.02205	0.03133	0.01886	0.02445	0.01427	0.00924	0.01224	0.00323	0.05797	0.00989	0.00483	0.06796
9	0.02367	0.01637	0.01991	0.02006	0.05769	0.01691	0.01484	0.03627	0.22205	0.12873	0.05162	0.10059	0.12235	0.01860	0.01119	0.00357	0.00788	0.10478	0.00981	0.01311
10	0.03585	0.02610	0.02817	0.02216	0.02968	0.02887	0.01812	0.43312	0.14260	0.08866	0.02788	0.02695	0.01988	0.01228	0.01001	0.00307	0.01026	0.00946	0.01014	0.01674
11	0.01883	0.01772	0.02990	0.62569	0.06866	0.02215	0.02769	0.02547	0.01993	0.02547	0.01772	0.02658	0.01329	0.00997	0.00997	0.00332	0.01329	0.00886	0.00443	0.01107
12	0.01238	0.00993	0.01105	0.01118	0.01393	0.00861	0.00823	0.01531	0.02352	0.02979	0.20755	0.16418	0.39950	0.02491	0.01190	0.00340	0.00507	0.02131	0.00966	0.00861
13	0.02298	0.02501	0.05267	0.03813	0.04690	0.02412	0.47031	0.03067	0.02279	0.03191	0.02084	0.02750	0.01593	0.00924	0.01262	0.00333	0.05330	0.01136	0.06747	0.01292
14	0.01840	0.01715	0.02874	0.58698	0.06523	0.02126	0.02652	0.02474	0.01988	0.02547	0.02007	0.06559	0.01662	0.01131	0.01014	0.00337	0.01281	0.01009	0.00473	0.01089
15	0.02168	0.14624	0.41781	0.02885	0.04178	0.02616	0.12032	0.03135	0.02134	0.03030	0.01761	0.02121	0.01308	0.00914	0.00935	0.00302	0.01442	0.00777	0.00436	0.01420
16	0.02480	0.02141	0.02254	0.02029	0.02592	0.02480	0.01578	0.05297	0.56946	0.04170	0.04057	0.03719	0.03043	0.01352	0.01014	0.00338	0.00789	0.01127	0.01014	0.01578
17	0.02761	0.60052	0.05006	0.01784	0.02606	0.09113	0.01726	0.03075	0.02098	0.02354	0.01400	0.01617	0.01280	0.00869	0.00663	0.00217	0.01132	0.00543	0.00434	0.01268
18	0.01450	0.00966	0.01087	0.01087	0.01087	0.00966	0.00604	0.01450	0.01450	0.01933	0.03141	0.06524	0.03624	0.64965	0.05074	0.00966	0.00966	0.01450	0.00604	0.00604
19	0.01215	0.00868	0.01157	0.01388	0.01446	0.00810	0.00925	0.01388	0.01909	0.02545	0.05495	0.64315	0.06593	0.03123	0.01272	0.00405	0.00578	0.02834	0.00925	0.00810
20	0.01897	0.01772	0.02918	0.57808	0.06515	0.02146	0.02645	0.02544	0.01999	0.02602	0.01772	0.02612	0.01340	0.00977	0.00977	0.00318	0.01283	0.00863	0.00454	0.06559
21	0.01858	0.00929	0.00929	0.00929	0.01161	0.00929	0.00697	0.02323	0.02091	0.03717	0.03252	0.03717	0.02555	0.01161	0.00697	0.00232	0.00465	0.00929	0.70499	0.00929
22	0.03573	0.01742	0.02190	0.01738	0.02419	0.01617	0.01396	0.06812	0.10423	0.37013	0.06687	0.03661	0.02869	0.04811	0.01215	0.00333	0.00826	0.01044	0.01084	0.08548
23	0.08483	0.02261	0.04016	0.19665	0.19229	0.02372	0.19483	0.03098	0.05633	0.03216	0.01988	0.02592	0.01540	0.00934	0.01019	0.00322	0.01320	0.00964	0.00528	0.01335
24	0.01858	0.00929	0.00929	0.00929	0.01161	0.00929	0.00697	0.02323	0.02091	0.03717	0.03252	0.03717	0.02555	0.01161	0.00697	0.00232	0.00465	0.00929	0.70499	0.00929
25	0.01215	0.00868	0.01157	0.01388	0.01446	0.00810	0.00925	0.01388	0.01909	0.02545	0.05495	0.64315	0.06593	0.03123	0.01272	0.00405	0.00578	0.02834	0.00925	0.00810
26	0.03638	0.02735	0.02998	0.02324	0.03047	0.03088	0.01922	0.50412	0.04388	0.05916	0.02291	0.02373	0.01659	0.01249	0.01212	0.00312	0.06960	0.00895	0.00944	0.01638
27	0.02047	0.01600	0.02178	0.07566	0.02516	0.01832	0.01550	0.02340	0.01920	0.07796	0.07552	0.12014	0.03198	0.09949	0.02290	0.00431	0.21103	0.01280	0.00678	0.10159
28	0.01883	0.01772	0.02990	0.62569	0.06866	0.02215	0.02769	0.02547	0.01993	0.02547	0.01772	0.02658	0.01329	0.00997	0.00997	0.00332	0.01329	0.00886	0.00443	0.01107
29	0.02067	0.01772	0.02067	0.01477	0.02362	0.01329	0.01181	0.02510	0.02067	0.03248	0.01772	0.02067	0.01477	0.00738	0.00738	0.00148	0.00738	0.00591	0.00591	0.71059
30	0.03699	0.02747	0.02941	0.02275	0.03057	0.03049	0.01873	0.51959	0.08298	0.06137	0.02508	0.02485	0.01788	0.01207	0.00998	0.00302	0.01076	0.00913	0.00998	0.01687
31	0.02665	0.65565	0.05224	0.01706	0.02559	0.03945	0.01706	0.02985	0.02026	0.02345	0.01386	0.01599	0.01279	0.00853	0.00640	0.00213	0.01066	0.00533	0.00426	0.01279
32	0.02067	0.01772	0.02067	0.01477	0.02362	0.01329	0.01181	0.02510	0.02067	0.03248	0.01772	0.02067	0.01477	0.00738	0.00738	0.00148	0.00738	0.00591	0.00591	0.71059
33	0.01431	0.00959	0.01093	0.01111	0.01115	0.00954	0.00629	0.01445	0.01485	0.01981	0.03324	0.11028	0.03856	0.60145	0.04778	0.00923	0.00936	0.01558	0.00629	0.00620
34	0.04473	0.01697	0.02313	0.01774	0.02545	0.01465	0.01465	0.04858	0.02853	0.59437	0.03933	0.03393	0.02468	0.01234	0.01003	0.00308	0.00848	0.01003	0.01234	0.01697
35	0.01927	0.01859	0.03263	0.57053	0.06710	0.02244	0.07717	0.02608	0.02027	0.02608	0.01795	0.02661	0.01346	0.00982	0.01014	0.00333	0.01362	0.00913	0.00449	0.01130
36	0.01450	0.00966	0.01087	0.01087	0.01087	0.00966	0.00604	0.01450	0.01450	0.01933	0.03141	0.06524	0.03624	0.64965	0.05074	0.00966	0.00966	0.01450	0.00604	0.00604
37	0.01858	0.00929	0.00929	0.00929	0.01161	0.00929	0.00697	0.02323	0.02091	0.03717	0.03252	0.03717	0.02555	0.01161	0.00697	0.00232	0.00465	0.00929	0.70499	0.00929
38	0.02545	0.01406	0.01770	0.01644	0.02029	0.01363	0.01234	0.07615	0.07431	0.20247	0.04615	0.34855	0.04586	0.02219	0.01143	0.00360	0.00725	0.01952	0.01033	0.01227
39	0.02208	0.02362	0.04483	0.03400	0.03972	0.02599	0.31279	0.02782	0.01989	0.02829	0.01820	0.02616	0.01527	0.01758	0.07270	0.00485	0.23869	0.01057	0.00482	0.01213
40	0.01858	0.00929	0.00929	0.00929	0.01161	0.00929	0.00697	0.02323	0.02091	0.03717	0.03252	0.03717	0.02555	0.01161	0.00697	0.00232	0.00465	0.00929	0.70499	0.00929
41	0.72007	0.01928	0.01465	0.01311	0.01928	0.02236	0.01080	0.02930	0.01697	0.04473	0.01388	0.01619	0.01080	0.00925	0.00617	0.00308	0.00771	0.00540	0.00617	0.01080
42	0.04136	0.02035	0.07521	0.01885	0.02708	0.01600	0.01673	0.04729	0.05848	0.51206	0.03746	0.03295	0.02391	0.01215	0.00998	0.00311	0.00902	0.00985	0.01148	0.01670
43	0.02288	0.01911	0.07185	0.01599	0.02385	0.01358	0.01401	0.02793	0.02347	0.11888	0.13852	0.03391	0.03258	0.01103	0.00888	0.00222	0.00766	0.00918	0.00778	0.39671
44	0.01371	0.01004	0.01287	0.01245	0.01472	0.00919	0.00923	0.01794	0.02686	0.03742	0.48876	0.13016	0.13576	0.02185	0.01185	0.00324	0.00484	0.01928	0.01066	0.00919
45	0.02335	0.01908	0.02186	0.01622	0.02445	0.01623	0.01298	0.12169	0.02540	0.03766	0.02097	0.05652	0.01806	0.00958	0.00816	0.00190	0.00795	0.00774	0.00684	0.54336
46	0.02035	0.01788	0.02347	0.01704	0.02543	0.01402	0.06050	0.02516	0.02160	0.03310	0.06832	0.02604	0.02188	0.00864	0.00817	0.00180	0.00800	0.00752	0.00628	0.58482
47	0.01220	0.00955	0.01106	0.01187	0.01402	0.00841	0.00845	0.01467	0.02194	0.02788	0.13950	0.30865	0.32229	0.02703	0.01215	0.00361	0.00530	0.02356	0.00946	0.00841
48	0.02104	0.01805	0.02084	0.01526	0.02383	0.01432	0.01217	0.02759	0.06965	0.03331	0.01976	0.02215	0.01616	0.00793	0.00763	0.00165	0.00743	0.00638	0.00628	0.64859
49	0.48291	0.02599	0.10985	0.01735	0.02521	0.02407	0.01643	0.12685	0.02315	0.04600	0.01638	0.01840	0.01223	0.00979	0.00740	0.00308	0.00943	0.00637	0.00656	0.01256
50	0.02337	0.02641	0.05615	0.04052	0.04965	0.02571	0.50123	0.03118	0.02275	0.03118	0.01950	0.02641	0.01493	0.00926	0.01374	0.00346	0.07489	0.01148	0.00498	0.01321
51	0.01883	0.01772	0.02990	0.62569	0.06866	0.02215	0.02769	0.02547	0.01993	0.02547	0.01772	0.02658	0.01329	0.00997	0.00997	0.00332	0.01329	0.00886	0.00443	0.01107
52	0.01215	0.00868	0.01157	0.01388	0.01446	0.00810	0.00925	0.01388	0.01909	0.02545	0.05495	0.64315	0.06593	0.03123	0.01272	0.00405	0.00578	0.02834	0.00925	0.00810
53	0.02067	0.01772	0.02067	0.01477	0.02362	0.01329	0.01181	0.02510	0.02067	0.03248	0.01772	0.02067	0.01477	0.00738	0.00738	0.00148	0.00738	0.00591	0.00591	0.71059
54	0.02067	0.01772	0.02067	0.01477	0.02362	0.01329	0.01181	0.02510	0.02067	0.03248	0.01772	0.02067	0.01477	0.00738	0.00738	0.00148	0.00738	0.00591	0.00591	0.71059
55	0.03117	0.01971	0.02262	0.01910	0.02562	0.02072	0.01516	0.04981	0.35627	0.22473	0.03877	0.03510	0.02756	0.01276	0.00994	0.00317	0.00806	0.01053	0.01061	0.05858
56	0.01999	0.05157	0.59800	0.02841	0.04315	0.02315	0.03683	0.03157	0.02105	0.03157	0.01789	0.02105	0.01263	0.00947	0.00947	0.00316	0.01473	0.00737	0.00421	0.01473
57	0.65391	0.02233	0.06978	0.01456	0.02153	0.02244	0.01326	0.02952	0.01735	0.04348	0.01426	0.01665	0.01097	0.00927	0.00648	0.00309	0.00838	0.00558	0.00598	0.01117
58	0.63173	0.01898	0.01576	0.01371	0.02009	0.02135	0.01130	0.03183	0.01848	0.11663	0.01721	0.01851	0.01261	0.00966	0.00667	0.00308	0.00781	0.00600	0.00698	0.01160
59	0.02323	0.02631	0.05699	0.07895	0.05315	0.02502	0.51813	0.03152	0.02330	0.03152	0.02001	0.02687	0.01501	0.00850	0.01165	0.00336	0.01658	0.01158	0.00500	0.01330
60	0.01773	0.01354	0.01854	0.02155	0.06047	0.01395	0.01703	0.02530	0.08990	0.03148	0.04894	0.09716	0.05120	0.02453	0.01306	0.00433	0.00921	0.42264	0.00900	0.01045
61	0.21687	0.01248	0.01324	0.01329	0.01633	0.01287	0.01009	0.02040	0.02193	0.03615	0.21941	0.21091	0.08775	0.02076	0.01053	0.00347	0.00616	0.04906	0.00893	0.00939
62	0.01337	0.00945	0.01276	0.05116	0.01790	0.00927	0.01059	0.01584	0.01954	0.02676	0.05054	0.51897	0.05859	0.02796	0.01211	0.00388	0.00635	0.05548	0.07105	0.00845
63	0.01858	0.00929	0.00929	0.00929	0.01161	0.00929	0.00697	0.02323	0.02091	0.03717	0.03252	0.03717	0.02555	0.01161	0.00697	0.00232	0.00465	0.00929	0.70499	0.00929
64	0.01831	0.01121	0.01490	0.01384	0.01689	0.01031	0.01081	0.02289	0.02769	0.11123	0.45451	0.07326	0.08107	0.02010	0.01175	0.00328	0.00568	0.07093	0.01096	0.01037
65	0.02161	0.01812	0.02619	0.02129	0.02441	0.02021	0.10343	0.10644	0.02176	0.03053	0.02439	0.04097	0.02389	0.26248	0.03103	0.00593	0.14642	0.01157	0.04904	0.01030
66	0.01858	0.00929	0.00929	0.00929	0.01161	0.00929	0.00697	0.02323	0.02091	0.03717	0.03252	0.03717	0.02555	0.01161	0.00697	0.00232	0.00465	0.00929	0.70499	0.00929
67	0.09413	0.03036	0.03439	0.04608	0.36820	0.19784	0.02535	0.03321	0.02381	0.03129	0.01730	0.02188	0.01444	0.00933	0.00926	0.00286	0.01328	0.00782	0.00511	0.01406
68	0.03083	0.02212	0.02512	0.06776	0.03047	0.02459	0.01735	0.18001	0.30691	0.13207	0.03429	0.03242	0.02471	0.01266	0.01007	0.00323	0.00920	0.01029	0.01000	0.01590
69	0.01546	0.01149	0.01561	0.04642	0.02097	0.01166	0.01397	0.02086	0.05603	0.03052	0.11983	0.23754	0.06057	0.02585	0.01282	0.00412	0.00783	0.26977	0.00926	0.00942
70	0.01411	0.01019	0.01333	0.01254	0.01489	0.00941	0.00941	0.01881	0.02822	0.03998	0.58221	0.07447	0.09406	0.02038	0.01176	0.00314	0.00470	0.01803	0.01097	0.00941
71	0.02067	0.01772	0.02067	0.01477	0.02362	0.01329	0.01181	0.02510	0.02067	0.03248	0.01772	0.02067	0.01477	0.00738	0.00738	0.00148	0.00738	0.00591	0.00591	0.71059
72	0.02703	0.01280	0.01720	0.01512	0.01940	0.01139	0.01166	0.03067	0.02625	0.27873	0.22335	0.18811	0.05726	0.01937	0.01122	0.00332	0.00660	0.01692	0.01117	0.01241
73	0.03724	0.04751	0.02825	0.02568	0.03082	0.60963	0.01926	0.03981	0.02825	0.02440	0.01541	0.01798	0.01284	0.01027	0.00899	0.00257	0.01798	0.00642	0.00514	0.01156
74	0.02618	0.02111	0.02258	0.02011	0.02589	0.02409	0.01570	0.05267	0.53190	0.08007	0.04049	0.03697	0.03003	0.01344	0.01014	0.00336	0.00793	0.01118	0.01030	0.01586
75	0.02719	0.02152	0.02892	0.02267	0.02819	0.02348	0.06474	0.14871	0.02662	0.09382	0.05932	0.02739	0.02129	0.01297	0.01661	0.00314	0.19786	0.00924	0.00729	0.15902
76	0.02676	0.02130	0.02278	0.01933	0.02519	0.02361	0.01534	0.21374	0.28333	0.04697	0.09090	0.04275	0.09406	0.01495	0.01042	0.00323	0.00831	0.01221	0.01006	0.01476
77	0.01858	0.00929	0.00929	0.00929	0.01161	0.00929	0.00697	0.02323	0.02091	0.03717	0.03252	0.03717	0.02555	0.01161	0.00697	0.00232	0.00465	0.00929	0.70499	0.00929
78	0.01316	0.00946	0.01248	0.01319	0.01468	0.00877	0.00933	0.01643	0.02381	0.03297	0.32776	0.34890	0.08049	0.02562	0.01222	0.00358	0.00522	0.02300	0.01014	0.00877
79	0.01346	0.01016	0.01242	0.01186	0.01449	0.00913	0.00889	0.01755	0.02668	0.03632	0.44721	0.08049	0.23134	0.02175	0.01176	0.00320	0.00480	0.01887	0.01049	0.00913
80	0.01858	0.00929	0.00929	0.00929	0.01161	0.00929	0.00697	0.02323	0.02091	0.03717	0.03252	0.03717	0.02555	0.01161	0.00697	0.00232	0.00465	0.00929	0.70499	0.00929
81	0.01999	0.05157	0.59800	0.02841	0.04315	0.02315	0.03683	0.03157	0.02105	0.03157	0.01789	0.02105	0.01263	0.00947	0.00947	0.00316	0.01473	0.00737	0.00421	0.01473
82	0.04143	0.02036	0.02365	0.01864	0.02581	0.06905	0.01516	0.09674	0.03033	0.45499	0.07000	0.03407	0.02724	0.01263	0.01004	0.00303	0.00934	0.01010	0.01137	0.01600
83	0.02673	0.01989	0.02293	0.01684	0.02540	0.01729	0.01365	0.14346	0.02717	0.09225	0.02113	0.02264	0.01618	0.00886	0.00820	0.00196	0.00827	0.00697	0.00741	0.49279
84	0.01257	0.00978	0.01153	0.01254	0.01475	0.00874	0.00928	0.01522	0.02188	0.02767	0.11274	0.28433	0.30980	0.02724	0.01234	0.00373	0.00577	0.08227	0.00937	0.00846
85	0.03067	0.22311	0.07651	0.02192	0.02931	0.02849	0.05564	0.09381	0.05169	0.16411	0.02289	0.02412	0.01711	0.01145	0.01238	0.00301	0.10411	0.00823	0.00716	0.01428
86	0.02150	0.02205	0.04128	0.03000	0.03879	0.01952	0.31468	0.02792	0.02213	0.03154	0.02247	0.08059	0.01961	0.01012	0.01033	0.00277	0.01253	0.01123	0.00572	0.25520
87	0.02353	0.02689	0.05882	0.04202	0.05210	0.02521	0.55126	0.03193	0.02353	0.03193	0.02017	0.02689	0.01513	0.00840	0.01176	0.00336	0.01681	0.01176	0.00504	0.01345
88	0.01261	0.00930	0.01284	0.05635	0.01822	0.00907	0.01053	0.01469	0.01915	0.02545	0.05236	0.60034	0.06228	0.02976	0.01253	0.00400	0.00630	0.02699	0.00892	0.00830
89	0.02311	0.02607	0.05624	0.09411	0.05358	0.02494	0.50453	0.03136	0.02321	0.03136	0.01995	0.02686	0.01496	0.00854	0.01160	0.00336	0.01649	0.01151	0.00499	0.01323
90	0.02214	0.01767	0.02082	0.01495	0.02374	0.01337	0.01199	0.02653	0.02115	0.06678	0.01904	0.02148	0.01537	0.00769	0.00754	0.00157	0.00745	0.00616	0.00630	0.66826
91	0.02319	0.02573	0.05443	0.09891	0.10220	0.02478	0.45458	0.03120	0.02311	0.03138	0.01981	0.02666	0.01501	0.00859	0.01142	0.00332	0.01602	0.01123	0.00497	0.01343
92	0.04412	0.01794	0.02374	0.01820	0.02594	0.01610	0.01504	0.09371	0.03017	0.54693	0.03796	0.03304	0.02399	0.01231	0.01002	0.00308	0.00870	0.00993	0.01213	0.01696
93	0.19315	0.02280	0.02505	0.11543	0.03323	0.02571	0.01777	0.25641	0.09318	0.08721	0.02354	0.02473	0.01699	0.01122	0.00911	0.00312	0.01006	0.00845	0.00839	0.01445
94	0.01318	0.01051	0.01430	0.11532	0.02330	0.01052	0.01196	0.01591	0.02005	0.02579	0.05908	0.41696	0.17355	0.02633	0.01205	0.00377	0.00687	0.02344	0.00845	0.00867
95	0.02411	0.01982	0.02705	0.33362	0.04846	0.02336	0.02216	0.08391	0.20468	0.06901	0.02716	0.03030	0.01999	0.01147	0.01003	0.00330	0.01100	0.00974	0.00731	0.01352

[dist]
# distance from previous block
# <min> <max>
0	42

[block]
# block no. 3 follows, 15 sequences, length 31
# corresponding to MSA columns:
# 479-509
name=unknown_D
#
# <colnr> <probs for GDERKNQSTAVLIFYWHMCP>
#	G	D	E	R	K	N	Q	S	T	A	V	L	I	F	Y	W	H	M	C	P
0	0.01339	0.00984	0.01293	0.01445	0.01601	0.00896	0.01024	0.01569	0.01966	0.02660	0.05116	0.52582	0.06013	0.02856	0.01233	0.00386	0.00631	0.08003	0.00893	0.07510
1	0.02483	0.02662	0.05441	0.04261	0.11049	0.02550	0.44940	0.07436	0.02534	0.03452	0.02032	0.02640	0.01535	0.00875	0.01141	0.00329	0.01577	0.01121	0.00543	0.01399
2	0.14573	0.50689	0.04424	0.01695	0.02485	0.07414	0.01613	0.03041	0.02022	0.02715	0.01397	0.01616	0.01246	0.00877	0.00653	0.00232	0.01064	0.00541	0.00465	0.01237
3	0.02343	0.02287	0.03616	0.04601	0.34419	0.02665	0.02679	0.02773	0.01948	0.02885	0.01630	0.02343	0.01462	0.01259	0.01977	0.00357	0.28037	0.00881	0.00469	0.01367
4	0.01366	0.00979	0.01274	0.01275	0.01452	0.00911	0.00915	0.01734	0.02510	0.03510	0.41835	0.21126	0.08344	0.06465	0.01457	0.00379	0.00529	0.02029	0.01023	0.00887
5	0.01301	0.01020	0.01186	0.01200	0.01476	0.00905	0.00918	0.01641	0.02428	0.03132	0.24628	0.12291	0.33976	0.02430	0.01205	0.00347	0.00543	0.07513	0.00980	0.00880
6	0.01858	0.00929	0.00929	0.00929	0.01161	0.00929	0.00697	0.02323	0.02091	0.03717	0.03252	0.03717	0.02555	0.01161	0.00697	0.00232	0.00465	0.00929	0.70499	0.00929
7	0.01855	0.01686	0.02626	0.02082	0.02555	0.01679	0.11241	0.02345	0.02354	0.03416	0.26203	0.04534	0.04891	0.01494	0.01446	0.00304	0.11564	0.01273	0.00768	0.15684
8	0.03019	0.01944	0.02118	0.01714	0.02277	0.02071	0.01385	0.29442	0.03524	0.09582	0.06876	0.03291	0.02611	0.01249	0.00909	0.00278	0.00817	0.00983	0.24530	0.01381
9	0.01858	0.00929	0.00929	0.00929	0.01161	0.00929	0.00697	0.02323	0.02091	0.03717	0.03252	0.03717	0.02555	0.01161	0.00697	0.00232	0.00465	0.00929	0.70499	0.00929
10	0.72007	0.01928	0.01465	0.01311	0.01928	0.02236	0.01080	0.02930	0.01697	0.04473	0.01388	0.01619	0.01080	0.00925	0.00617	0.00308	0.00771	0.00540	0.00617	0.01080
11	0.03047	0.02424	0.02574	0.02144	0.02809	0.02745	0.01715	0.27023	0.34296	0.05086	0.03336	0.03145	0.02459	0.01285	0.01007	0.00321	0.00922	0.01028	0.01007	0.01629
12	0.72007	0.01928	0.01465	0.01311	0.01928	0.02236	0.01080	0.02930	0.01697	0.04473	0.01388	0.01619	0.01080	0.00925	0.00617	0.00308	0.00771	0.00540	0.00617	0.01080
13	0.03724	0.04751	0.02825	0.02568	0.03082	0.60963	0.01926	0.03981	0.02825	0.02440	0.01541	0.01798	0.01284	0.01027	0.00899	0.00257	0.01798	0.00642	0.00514	0.01156
14	0.02067	0.01772	0.02067	0.01477	0.02362	0.01329	0.01181	0.02510	0.02067	0.03248	0.01772	0.02067	0.01477	0.00738	0.00738	0.00148	0.00738	0.00591	0.00591	0.71059
15	0.03862	0.01659	0.02202	0.01688	0.02439	0.01405	0.01381	0.04263	0.02724	0.46342	0.07539	0.03475	0.02813	0.01213	0.00973	0.00283	0.00803	0.00994	0.01120	0.12821
16	0.02234	0.09115	0.03291	0.02518	0.02611	0.03151	0.02129	0.02463	0.01581	0.02393	0.01317	0.02117	0.01305	0.01647	0.02984	0.00412	0.56350	0.00835	0.00435	0.01111
17	0.01561	0.01086	0.01183	0.01117	0.01491	0.00919	0.00852	0.01849	0.02388	0.09025	0.14006	0.08711	0.47570	0.02337	0.01159	0.00331	0.00539	0.01955	0.00976	0.00945
18	0.02927	0.11150	0.02843	0.01989	0.02627	0.02769	0.01619	0.25008	0.21867	0.04532	0.02904	0.03188	0.02310	0.08178	0.01399	0.00373	0.00973	0.00986	0.00880	0.01478
19	0.02647	0.02353	0.02570	0.05589	0.02805	0.09486	0.01808	0.19483	0.02791	0.03675	0.02455	0.11121	0.02307	0.02293	0.08505	0.00495	0.16528	0.01150	0.00707	0.01232
20	0.01858	0.00929	0.00929	0.00929	0.01161	0.00929	0.00697	0.02323	0.02091	0.03717	0.03252	0.03717	0.02555	0.01161	0.00697	0.00232	0.00465	0.00929	0.70499	0.00929
21	0.01326	0.00953	0.01256	0.01312	0.01471	0.00884	0.00934	0.01668	0.02426	0.03368	0.35368	0.32094	0.08187	0.02508	0.01218	0.00353	0.00517	0.02250	0.01023	0.00884
22	0.02832	0.02063	0.02265	0.01984	0.02584	0.02300	0.01558	0.05220	0.47385	0.13938	0.04035	0.03662	0.02941	0.01332	0.01012	0.00333	0.00799	0.01105	0.01053	0.01599
23	0.01858	0.00929	0.00929	0.00929	0.01161	0.00929	0.00697	0.02323	0.02091	0.03717	0.03252	0.03717	0.02555	0.01161	0.00697	0.00232	0.00465	0.00929	0.70499	0.00929
24	0.01999	0.05157	0.59800	0.02841	0.04315	0.02315	0.03683	0.03157	0.02105	0.03157	0.01789	0.02105	0.01263	0.00947	0.00947	0.00316	0.01473	0.00737	0.00421	0.01473
25	0.03121	0.02650	0.02603	0.02186	0.02838	0.08292	0.01738	0.25188	0.30924	0.04849	0.03153	0.03007	0.02337	0.01259	0.00997	0.00315	0.01008	0.00989	0.00960	0.01585
26	0.02097	0.01970	0.03329	0.28501	0.15619	0.02270	0.08771	0.02678	0.02030	0.02869	0.01912	0.02667	0.01531	0.01090	0.01333	0.00331	0.10748	0.00924	0.08123	0.01207
27	0.01215	0.00868	0.01157	0.01388	0.01446	0.00810	0.00925	0.01388	0.01909	0.02545	0.05495	0.64315	0.06593	0.03123	0.01272	0.00405	0.00578	0.02834	0.00925	0.00810
28	0.02069	0.01990	0.03534	0.02684	0.03397	0.01815	0.24537	0.05752	0.02309	0.03223	0.02910	0.18983	0.02872	0.01448	0.01087	0.00307	0.01126	0.01463	0.00668	0.17826
29	0.02261	0.02792	0.11976	0.07611	0.09096	0.02327	0.31502	0.03184	0.05499	0.03215	0.02053	0.02584	0.01560	0.00888	0.01061	0.00309	0.01432	0.01008	0.00528	0.09115
30	0.02754	0.01752	0.02449	0.01933	0.02579	0.01628	0.07728	0.07161	0.07870	0.19803	0.12620	0.07627	0.06604	0.01434	0.01039	0.00298	0.00848	0.01265	0.00957	0.11652

[dist]
# distance from previous block
# <min> <max>
0	4

[block]
# block no. 4 follows, 15 sequences, length 10
# corresponding to MSA columns:
# 514-521,549,550
name=unknown_E
#
# <colnr> <probs for GDERKNQSTAVLIFYWHMCP>
#	G	D	E	R	K	N	Q	S	T	A	V	L	I	F	Y	W	H	M	C	P
0	0.16756	0.01272	0.01369	0.04910	0.01865	0.01302	0.01006	0.02136	0.01876	0.03241	0.03197	0.19695	0.03260	0.08813	0.01353	0.00375	0.00699	0.01380	0.17110	0.08385
1	0.16251	0.01968	0.02138	0.01739	0.02344	0.02081	0.01410	0.22713	0.03315	0.13749	0.17749	0.03790	0.03814	0.01381	0.00975	0.00306	0.00824	0.01094	0.00990	0.01371
2	0.56541	0.01958	0.01804	0.11097	0.02786	0.02287	0.01400	0.06206	0.01934	0.04282	0.01513	0.01833	0.01158	0.00954	0.00701	0.00312	0.00880	0.00617	0.00613	0.01123
3	0.06863	0.03186	0.04051	0.03122	0.03884	0.19758	0.25394	0.11617	0.02805	0.03503	0.02064	0.05204	0.01688	0.01064	0.01039	0.00309	0.01520	0.01016	0.00611	0.01305
4	0.08878	0.07120	0.03030	0.18211	0.03960	0.02850	0.02045	0.33077	0.03523	0.04845	0.02069	0.02340	0.01516	0.01095	0.00939	0.00302	0.01129	0.00838	0.00776	0.01457
5	0.03684	0.01657	0.02149	0.01730	0.02384	0.01536	0.01399	0.04452	0.11058	0.42249	0.12569	0.04086	0.03656	0.01380	0.01032	0.00314	0.00779	0.01148	0.01179	0.01559
6	0.02313	0.01791	0.02103	0.01542	0.02395	0.01422	0.01235	0.02917	0.05990	0.08379	0.02127	0.02303	0.01676	0.00826	0.00781	0.00176	0.00752	0.00665	0.00678	0.59930
7	0.03203	0.02284	0.02565	0.01925	0.02754	0.02243	0.01576	0.29756	0.03488	0.10791	0.02320	0.02375	0.01694	0.01025	0.00899	0.00242	0.00933	0.00791	0.00867	0.28270
8	0.01645	0.11318	0.01998	0.01373	0.01745	0.01436	0.01085	0.02037	0.02454	0.03400	0.33898	0.15952	0.06775	0.01902	0.01061	0.00296	0.00612	0.01653	0.00907	0.08452
9	0.02298	0.01906	0.02233	0.01701	0.02434	0.01726	0.01364	0.11234	0.02447	0.03629	0.02125	0.06946	0.01895	0.01083	0.01034	0.00217	0.05981	0.00839	0.00671	0.48238

[dist]
# distance from previous block
# <min> <max>
0	1

[block]
# block no. 5 follows, 15 sequences, length 64
# corresponding to MSA columns:
# 552-579,582-617
name=unknown_F
#
# <colnr> <probs for GDERKNQSTAVLIFYWHMCP>
#	G	D	E	R	K	N	Q	S	T	A	V	L	I	F	Y	W	H	M	C	P
0	0.07862	0.02174	0.02508	0.01973	0.02718	0.02245	0.01617	0.23561	0.10505	0.29352	0.03231	0.02962	0.02176	0.01218	0.00980	0.00309	0.00928	0.00953	0.01082	0.01645
1	0.02822	0.23674	0.10747	0.02330	0.03061	0.02871	0.07658	0.03288	0.02130	0.14573	0.02020	0.02287	0.01559	0.01147	0.01413	0.00310	0.15347	0.00802	0.00606	0.01354
2	0.46629	0.07117	0.02143	0.05898	0.02541	0.02506	0.01400	0.10171	0.06654	0.04385	0.01768	0.01967	0.01356	0.00996	0.00729	0.00304	0.00880	0.00660	0.00673	0.01221
3	0.02296	0.02229	0.03900	0.21613	0.40104	0.02338	0.07124	0.02928	0.02200	0.03055	0.01858	0.02538	0.01504	0.00914	0.01005	0.00309	0.01264	0.00911	0.00480	0.01430
4	0.02018	0.01364	0.01793	0.01874	0.02204	0.01391	0.01612	0.05871	0.06497	0.07415	0.04908	0.09559	0.05045	0.02441	0.01299	0.00429	0.00915	0.41337	0.00953	0.01072
5	0.01338	0.00962	0.01273	0.01345	0.01504	0.00897	0.00973	0.01681	0.02401	0.03318	0.32624	0.31974	0.07992	0.02543	0.01229	0.00361	0.00542	0.05146	0.01014	0.00883
6	0.03512	0.02572	0.02763	0.02127	0.02887	0.02793	0.01749	0.47387	0.04292	0.05859	0.02415	0.02473	0.01747	0.01160	0.00955	0.00283	0.01021	0.00878	0.06410	0.06718
7	0.01858	0.00929	0.00929	0.00929	0.01161	0.00929	0.00697	0.02323	0.02091	0.03717	0.03252	0.03717	0.02555	0.01161	0.00697	0.00232	0.00465	0.00929	0.70499	0.00929
8	0.03448	0.02626	0.02874	0.02241	0.02967	0.02921	0.01842	0.43861	0.08540	0.05619	0.02407	0.02464	0.01762	0.01219	0.01150	0.00302	0.05639	0.00894	0.00930	0.06294
9	0.02216	0.02112	0.03592	0.30403	0.36428	0.02302	0.02934	0.02839	0.02151	0.02952	0.01831	0.02549	0.01471	0.00935	0.00991	0.00312	0.01247	0.00887	0.00472	0.01376
10	0.01858	0.00929	0.00929	0.00929	0.01161	0.00929	0.00697	0.02323	0.02091	0.03717	0.03252	0.03717	0.02555	0.01161	0.00697	0.00232	0.00465	0.00929	0.70499	0.00929
11	0.07193	0.03207	0.07825	0.03939	0.26361	0.16123	0.02482	0.14274	0.02859	0.03768	0.01870	0.02216	0.01480	0.00992	0.00943	0.00290	0.01307	0.00800	0.00606	0.01467
