[name]
unknown

[dist]
# distance from previous block
# <min> <max>
0	0

[block]
# block no. 0 follows, 24 sequences, length 169
# corresponding to MSA columns:
# 0-168
name=unknown_A
#
# <colnr> <probs for GDERKNQSTAVLIFYWHMCP>
#	G	D	E	R	K	N	Q	S	T	A	V	L	I	F	Y	W	H	M	C	P
0	0.01278	0.00913	0.01278	0.01460	0.01643	0.00913	0.01278	0.01643	0.01825	0.02373	0.04199	0.08945	0.04564	0.02191	0.01095	0.00365	0.00730	0.61847	0.00730	0.00730
1	0.03558	0.01350	0.01840	0.01411	0.02024	0.01166	0.01166	0.03865	0.02270	0.67734	0.03128	0.02699	0.01963	0.00981	0.00797	0.00245	0.00675	0.00797	0.00981	0.01350
2	0.03014	0.02221	0.02380	0.01825	0.02459	0.02459	0.01507	0.64541	0.03728	0.04998	0.01904	0.01904	0.01349	0.00952	0.00793	0.00238	0.00873	0.00714	0.00793	0.01349
3	0.01735	0.01735	0.02429	0.02082	0.02082	0.02429	0.01735	0.01908	0.01214	0.01908	0.01041	0.01735	0.01041	0.01388	0.02602	0.00347	0.70680	0.00694	0.00347	0.00867
4	0.03014	0.02221	0.02380	0.01825	0.02459	0.02459	0.01507	0.64541	0.03728	0.04998	0.01904	0.01904	0.01349	0.00952	0.00793	0.00238	0.00873	0.00714	0.00793	0.01349
5	0.02120	0.72609	0.04155	0.01357	0.02035	0.03138	0.01357	0.02374	0.01611	0.01866	0.01102	0.01272	0.01018	0.00678	0.00509	0.00170	0.00848	0.00424	0.00339	0.01018
6	0.01972	0.01703	0.01793	0.01614	0.02062	0.01972	0.01255	0.04214	0.65752	0.03317	0.03228	0.02959	0.02421	0.01076	0.00807	0.00269	0.00628	0.00897	0.00807	0.01255
7	0.00966	0.00690	0.00920	0.01104	0.01150	0.00644	0.00736	0.01104	0.01518	0.02024	0.04371	0.71614	0.05245	0.02484	0.01012	0.00322	0.00460	0.02254	0.00736	0.00644
8	0.01122	0.00811	0.01060	0.00998	0.01185	0.00748	0.00748	0.01496	0.02245	0.03180	0.66766	0.05923	0.07482	0.01621	0.00935	0.00249	0.00374	0.01434	0.00873	0.00748
9	0.01122	0.00811	0.01060	0.00998	0.01185	0.00748	0.00748	0.01496	0.02245	0.03180	0.66766	0.05923	0.07482	0.01621	0.00935	0.00249	0.00374	0.01434	0.00873	0.00748
10	0.01153	0.00769	0.00865	0.00865	0.00865	0.00769	0.00480	0.01153	0.01153	0.01538	0.02499	0.05189	0.02883	0.72131	0.04036	0.00769	0.00769	0.01153	0.00480	0.00480
11	0.01153	0.00769	0.00865	0.00865	0.00865	0.00769	0.00480	0.01153	0.01153	0.01538	0.02499	0.05189	0.02883	0.72131	0.04036	0.00769	0.00769	0.01153	0.00480	0.00480
12	0.77733	0.01534	0.01166	0.01043	0.01534	0.01779	0.00859	0.02331	0.01350	0.03558	0.01104	0.01288	0.00859	0.00736	0.00491	0.00245	0.00613	0.00429	0.00491	0.00859
13	0.03452	0.01399	0.02019	0.01533	0.02158	0.01218	0.05145	0.03781	0.02245	0.63625	0.03032	0.02664	0.01915	0.00962	0.00806	0.00247	0.00716	0.00806	0.00945	0.01332
14	0.01972	0.01703	0.01793	0.01614	0.02062	0.01972	0.01255	0.04214	0.65752	0.03317	0.03228	0.02959	0.02421	0.01076	0.00807	0.00269	0.00628	0.00897	0.00807	0.01255
15	0.03558	0.01350	0.01840	0.01411	0.02024	0.01166	0.01166	0.03865	0.02270	0.67734	0.03128	0.02699	0.01963	0.00981	0.00797	0.00245	0.00675	0.00797	0.00981	0.01350
16	0.77733	0.01534	0.01166	0.01043	0.01534	0.01779	0.00859	0.02331	0.01350	0.03558	0.01104	0.01288	0.00859	0.00736	0.00491	0.00245	0.00613	0.00429	0.00491	0.00859
17	0.03485	0.01452	0.04295	0.01442	0.02077	0.01191	0.01231	0.03814	0.02248	0.65315	0.03065	0.02661	0.01927	0.00973	0.00796	0.00246	0.00693	0.00790	0.00957	0.01343
18	0.02962	0.03779	0.02247	0.02043	0.02451	0.68948	0.01532	0.03166	0.02247	0.01941	0.01226	0.01430	0.01021	0.00817	0.00715	0.00204	0.01430	0.00511	0.00409	0.00919
19	0.77733	0.01534	0.01166	0.01043	0.01534	0.01779	0.00859	0.02331	0.01350	0.03558	0.01104	0.01288	0.00859	0.00736	0.00491	0.00245	0.00613	0.00429	0.00491	0.00859
20	0.74564	0.01526	0.01194	0.01059	0.01555	0.01753	0.00872	0.02397	0.01389	0.06300	0.01191	0.01348	0.00906	0.00747	0.00504	0.00245	0.00616	0.00445	0.00512	0.00880
21	0.01933	0.01854	0.03166	0.08986	0.63295	0.01876	0.02419	0.02408	0.01792	0.02555	0.01486	0.01972	0.01244	0.00712	0.00786	0.00237	0.00949	0.00706	0.00390	0.01232
22	0.00966	0.00690	0.00920	0.01104	0.01150	0.00644	0.00736	0.01104	0.01518	0.02024	0.04371	0.71614	0.05245	0.02484	0.01012	0.00322	0.00460	0.02254	0.00736	0.00644
23	0.77733	0.01534	0.01166	0.01043	0.01534	0.01779	0.00859	0.02331	0.01350	0.03558	0.01104	0.01288	0.00859	0.00736	0.00491	0.00245	0.00613	0.00429	0.00491	0.00859
24	0.03014	0.02221	0.02380	0.01825	0.02459	0.02459	0.01507	0.64541	0.03728	0.04998	0.01904	0.01904	0.01349	0.00952	0.00793	0.00238	0.00873	0.00714	0.00793	0.01349
25	0.02120	0.72609	0.04155	0.01357	0.02035	0.03138	0.01357	0.02374	0.01611	0.01866	0.01102	0.01272	0.01018	0.00678	0.00509	0.00170	0.00848	0.00424	0.00339	0.01018
26	0.01590	0.04102	0.68023	0.02260	0.03432	0.01842	0.02930	0.02511	0.01674	0.02511	0.01423	0.01674	0.01005	0.00753	0.00753	0.00251	0.01172	0.00586	0.00335	0.01172
27	0.01498	0.01409	0.02378	0.70226	0.05462	0.01762	0.02202	0.02026	0.01586	0.02026	0.01409	0.02114	0.01057	0.00793	0.00793	0.00264	0.01057	0.00705	0.00352	0.00881
28	0.01590	0.04102	0.68023	0.02260	0.03432	0.01842	0.02930	0.02511	0.01674	0.02511	0.01423	0.01674	0.01005	0.00753	0.00753	0.00251	0.01172	0.00586	0.00335	0.01172
29	0.00943	0.00782	0.00826	0.00861	0.01086	0.00665	0.00628	0.01132	0.01752	0.02120	0.07330	0.19924	0.55024	0.02100	0.00952	0.00278	0.00413	0.01785	0.00736	0.00665
30	0.00937	0.00803	0.00803	0.00803	0.01071	0.00669	0.00602	0.01138	0.01807	0.02142	0.08033	0.07632	0.66863	0.02008	0.00937	0.00268	0.00402	0.01674	0.00736	0.00669
31	0.00966	0.00690	0.00920	0.01104	0.01150	0.00644	0.00736	0.01104	0.01518	0.02024	0.04371	0.71614	0.05245	0.02484	0.01012	0.00322	0.00460	0.02254	0.00736	0.00644
32	0.00966	0.00690	0.00920	0.01104	0.01150	0.00644	0.00736	0.01104	0.01518	0.02024	0.04371	0.71614	0.05245	0.02484	0.01012	0.00322	0.00460	0.02254	0.00736	0.00644
33	0.01122	0.00811	0.01060	0.00998	0.01185	0.00748	0.00748	0.01496	0.02245	0.03180	0.66766	0.05923	0.07482	0.01621	0.00935	0.00249	0.00374	0.01434	0.00873	0.00748
34	0.01377	0.00689	0.01033	0.01033	0.01033	0.00689	0.00689	0.01033	0.01033	0.01377	0.01377	0.02410	0.01377	0.02755	0.03099	0.76928	0.00689	0.00689	0.00344	0.00344
35	0.01872	0.02139	0.04679	0.03342	0.04144	0.02005	0.64305	0.02540	0.01872	0.02540	0.01604	0.02139	0.01203	0.00668	0.00936	0.00267	0.01337	0.00936	0.00401	0.01070
36	0.00937	0.00803	0.00803	0.00803	0.01071	0.00669	0.00602	0.01138	0.01807	0.02142	0.08033	0.07632	0.66863	0.02008	0.00937	0.00268	0.00402	0.01674	0.00736	0.00669
37	0.01122	0.00811	0.01060	0.00998	0.01185	0.00748	0.00748	0.01496	0.02245	0.03180	0.66766	0.05923	0.07482	0.01621	0.00935	0.00249	0.00374	0.01434	0.00873	0.00748
38	0.02120	0.72609	0.04155	0.01357	0.02035	0.03138	0.01357	0.02374	0.01611	0.01866	0.01102	0.01272	0.01018	0.00678	0.00509	0.00170	0.00848	0.00424	0.00339	0.01018
39	0.00966	0.00690	0.00920	0.01104	0.01150	0.00644	0.00736	0.01104	0.01518	0.02024	0.04371	0.71614	0.05245	0.02484	0.01012	0.00322	0.00460	0.02254	0.00736	0.00644
40	0.01733	0.01745	0.02568	0.05297	0.02367	0.02371	0.05700	0.01954	0.01273	0.01954	0.01093	0.01778	0.01052	0.01315	0.02414	0.00338	0.63107	0.00710	0.00351	0.00881
41	0.01615	0.07334	0.65010	0.02218	0.03366	0.01903	0.02856	0.02505	0.01671	0.02481	0.01408	0.01655	0.01005	0.00750	0.00742	0.00247	0.01157	0.00578	0.00335	0.01165
42	0.02052	0.02053	0.03132	0.04616	0.61428	0.07848	0.02353	0.02499	0.01845	0.02533	0.01468	0.01915	0.01235	0.00716	0.00779	0.00233	0.00985	0.00689	0.00394	0.01226
43	0.01963	0.01884	0.03219	0.04867	0.67185	0.01884	0.02434	0.02434	0.01806	0.02591	0.01492	0.01963	0.01256	0.00707	0.00785	0.00236	0.00942	0.00707	0.00393	0.01256
44	0.01122	0.00811	0.01060	0.00998	0.01185	0.00748	0.00748	0.01496	0.02245	0.03180	0.66766	0.05923	0.07482	0.01621	0.00935	0.00249	0.00374	0.01434	0.00873	0.00748
45	0.77733	0.01534	0.01166	0.01043	0.01534	0.01779	0.00859	0.02331	0.01350	0.03558	0.01104	0.01288	0.00859	0.00736	0.00491	0.00245	0.00613	0.00429	0.00491	0.00859
46	0.01949	0.01964	0.05554	0.04773	0.64888	0.01883	0.02452	0.02436	0.01801	0.02588	0.01489	0.01952	0.01247	0.00708	0.00784	0.00236	0.00950	0.00702	0.00390	0.01253
47	0.00969	0.00710	0.00911	0.01061	0.01142	0.00652	0.00720	0.01126	0.01587	0.02090	0.07573	0.60606	0.13170	0.02386	0.00999	0.00312	0.00449	0.02145	0.00742	0.00652
48	0.01791	0.01876	0.03211	0.02626	0.05707	0.02264	0.22516	0.02142	0.01459	0.02149	0.01248	0.01879	0.01104	0.01119	0.01968	0.00316	0.44534	0.00775	0.00367	0.00952
49	0.01665	0.01620	0.02869	0.45072	0.21750	0.01823	0.09455	0.02194	0.01677	0.02236	0.01454	0.02077	0.01127	0.00755	0.00807	0.00257	0.01059	0.00732	0.00369	0.01003
50	0.01512	0.01005	0.01286	0.19051	0.02236	0.01128	0.01068	0.02086	0.07325	0.02696	0.02315	0.02743	0.01809	0.01123	0.03641	0.00261	0.00650	0.00749	0.46496	0.00821
51	0.01024	0.00721	0.00932	0.01058	0.01099	0.00699	0.00692	0.01138	0.01412	0.01893	0.03755	0.50549	0.04437	0.19717	0.06576	0.00499	0.00654	0.01886	0.00652	0.00609
52	0.01101	0.00810	0.01030	0.00975	0.01172	0.00739	0.00731	0.01455	0.02194	0.03060	0.59966	0.06121	0.14358	0.01666	0.00936	0.00252	0.00377	0.01462	0.00857	0.00739
53	0.01933	0.01884	0.03309	0.07815	0.58667	0.01889	0.07925	0.02424	0.01801	0.02560	0.01498	0.01985	0.01242	0.00707	0.00799	0.00240	0.00983	0.00727	0.00391	0.01222
54	0.01644	0.01409	0.01644	0.01175	0.01879	0.01057	0.00940	0.01997	0.01644	0.02584	0.01409	0.01644	0.01175	0.00587	0.00587	0.00117	0.00587	0.00470	0.00470	0.76979
55	0.02120	0.72609	0.04155	0.01357	0.02035	0.03138	0.01357	0.02374	0.01611	0.01866	0.01102	0.01272	0.01018	0.00678	0.00509	0.00170	0.00848	0.00424	0.00339	0.01018
56	0.02171	0.01774	0.01888	0.01637	0.02109	0.02018	0.01288	0.18761	0.47086	0.03656	0.02967	0.06478	0.02314	0.01123	0.00815	0.00264	0.00678	0.00927	0.00800	0.01244
57	0.01096	0.00732	0.00962	0.01093	0.01177	0.00678	0.00741	0.01249	0.01580	0.05029	0.07102	0.60776	0.07296	0.05060	0.01114	0.00331	0.00476	0.02089	0.00743	0.00675
58	0.01659	0.12947	0.59777	0.02144	0.03252	0.02009	0.02727	0.02494	0.01666	0.02428	0.01382	0.01622	0.01006	0.00744	0.00722	0.00241	0.01130	0.00565	0.00335	0.01152
59	0.00975	0.00697	0.00928	0.01098	0.01152	0.00650	0.00737	0.01126	0.01558	0.02088	0.07803	0.68000	0.05368	0.02437	0.01008	0.00318	0.00455	0.02209	0.00744	0.00650
60	0.02138	0.01733	0.01847	0.01623	0.02096	0.01979	0.01273	0.09563	0.57315	0.06431	0.03105	0.02853	0.02304	0.01060	0.00805	0.00265	0.00652	0.00876	0.00814	0.01268
61	0.01901	0.44292	0.30554	0.01730	0.02613	0.02602	0.02007	0.02431	0.01637	0.02133	0.01235	0.01438	0.01012	0.00709	0.00610	0.00203	0.00982	0.00491	0.00337	0.01081
62	0.01838	0.02371	0.12156	0.03215	0.04060	0.01986	0.57060	0.02537	0.01848	0.02537	0.01583	0.02084	0.01180	0.00678	0.00914	0.00265	0.01317	0.00895	0.00393	0.01082
63	0.01616	0.00872	0.00887	0.00837	0.01062	0.00894	0.00640	0.07484	0.01849	0.03140	0.02525	0.02862	0.01971	0.00926	0.00576	0.00190	0.00415	0.00737	0.69725	0.00794
64	0.01933	0.01947	0.05519	0.07050	0.62743	0.01878	0.02443	0.02422	0.01793	0.02568	0.01486	0.01958	0.01240	0.00711	0.00784	0.00237	0.00954	0.00702	0.00389	0.01240
65	0.01615	0.07334	0.65010	0.02218	0.03366	0.01903	0.02856	0.02505	0.01671	0.02481	0.01408	0.01655	0.01005	0.00750	0.00742	0.00247	0.01157	0.00578	0.00335	0.01165
66	0.01613	0.07029	0.65294	0.02222	0.03372	0.01897	0.02863	0.02505	0.01672	0.02484	0.01409	0.01657	0.01005	0.00750	0.00743	0.00248	0.01158	0.00579	0.00335	0.01165
67	0.01961	0.01669	0.01756	0.01566	0.02013	0.01906	0.01222	0.07786	0.57062	0.03335	0.03503	0.03242	0.07171	0.01138	0.00816	0.00267	0.00626	0.00943	0.00801	0.01217
68	0.74731	0.01561	0.01214	0.01074	0.01571	0.01806	0.00885	0.04830	0.01445	0.03616	0.01136	0.01313	0.00878	0.00745	0.00503	0.00245	0.00624	0.00441	0.00503	0.00878
69	0.00971	0.00700	0.00920	0.01085	0.01148	0.00649	0.00730	0.01121	0.01560	0.02075	0.06958	0.65971	0.08322	0.02428	0.01006	0.00317	0.00454	0.02194	0.00741	0.00649
70	0.02272	0.01790	0.01915	0.01646	0.02141	0.02027	0.01302	0.16509	0.49598	0.07204	0.02952	0.02729	0.02177	0.01045	0.00804	0.00261	0.00680	0.00854	0.00814	0.01279
71	0.01269	0.00804	0.01066	0.01082	0.01244	0.00738	0.00780	0.01530	0.01920	0.08401	0.33018	0.35209	0.05984	0.01953	0.00958	0.00282	0.00440	0.01747	0.00821	0.00755
72	0.05402	0.32309	0.38459	0.01829	0.02765	0.02375	0.02182	0.02446	0.01633	0.02294	0.01275	0.01490	0.01003	0.00722	0.00640	0.00217	0.01012	0.00512	0.00344	0.01093
73	0.01816	0.33269	0.40831	0.01876	0.02837	0.02393	0.02260	0.02453	0.01647	0.02236	0.01287	0.01503	0.01010	0.00721	0.00649	0.00216	0.01034	0.00517	0.00337	0.01106
74	0.00990	0.00744	0.00917	0.01003	0.01136	0.00671	0.00703	0.01191	0.01739	0.02285	0.17735	0.41652	0.21975	0.02187	0.00977	0.00293	0.00428	0.01938	0.00763	0.00671
75	0.04767	0.00880	0.00976	0.00931	0.01164	0.00852	0.00704	0.04107	0.01922	0.05335	0.21248	0.10135	0.13381	0.01405	0.00771	0.00234	0.00425	0.01186	0.28802	0.00775
76	0.02220	0.05005	0.03091	0.03930	0.45378	0.13331	0.05082	0.07683	0.02034	0.02649	0.01471	0.01849	0.01212	0.00743	0.00770	0.00229	0.01034	0.00674	0.00427	0.01189
77	0.03558	0.01350	0.01840	0.01411	0.02024	0.01166	0.01166	0.03865	0.02270	0.67734	0.03128	0.02699	0.01963	0.00981	0.00797	0.00245	0.00675	0.00797	0.00981	0.01350
78	0.01614	0.07133	0.65196	0.02220	0.03370	0.01899	0.02860	0.02505	0.01671	0.02483	0.01409	0.01656	0.01005	0.00750	0.00743	0.00248	0.01158	0.00579	0.00335	0.01165
79	0.01810	0.01419	0.01696	0.01235	0.01900	0.01127	0.00994	0.02150	0.01678	0.08044	0.01538	0.01737	0.01235	0.00656	0.00694	0.00138	0.03696	0.00507	0.00507	0.67238
80	0.00966	0.00690	0.00920	0.01104	0.01150	0.00644	0.00736	0.01104	0.01518	0.02024	0.04371	0.71614	0.05245	0.02484	0.01012	0.00322	0.00460	0.02254	0.00736	0.00644
81	0.02073	0.66516	0.09835	0.01437	0.02159	0.03022	0.01497	0.02387	0.01617	0.01923	0.01131	0.01308	0.01016	0.00685	0.00531	0.00177	0.00877	0.00438	0.00339	0.01031
82	0.02022	0.01828	0.02805	0.14985	0.41006	0.01948	0.02139	0.10590	0.09422	0.02892	0.01732	0.02096	0.01370	0.00795	0.00790	0.00244	0.00916	0.00729	0.00486	0.01205
83	0.01394	0.00905	0.01169	0.01067	0.01307	0.00847	0.00812	0.01852	0.05330	0.09281	0.57674	0.05475	0.06715	0.01534	0.00916	0.00250	0.00415	0.01348	0.00880	0.00830
84	0.00966	0.00690	0.00920	0.01104	0.01150	0.00644	0.00736	0.01104	0.01518	0.02024	0.04371	0.71614	0.05245	0.02484	0.01012	0.00322	0.00460	0.02254	0.00736	0.00644
85	0.01811	0.02127	0.06855	0.03128	0.03865	0.01960	0.55542	0.02438	0.01812	0.02480	0.01693	0.05295	0.01372	0.00795	0.01024	0.00274	0.05105	0.00970	0.00411	0.01043
86	0.01872	0.02139	0.04679	0.03342	0.04144	0.02005	0.64305	0.02540	0.01872	0.02540	0.01604	0.02139	0.01203	0.00668	0.00936	0.00267	0.01337	0.00936	0.00401	0.01070
87	0.01144	0.00772	0.00870	0.00868	0.00886	0.00764	0.00496	0.01166	0.01223	0.01627	0.05297	0.05314	0.05565	0.66562	0.03791	0.00728	0.00739	0.01185	0.00506	0.00499
88	0.01815	0.02136	0.07141	0.03102	0.03828	0.01986	0.53822	0.02438	0.01784	0.02458	0.01576	0.02131	0.01217	0.00967	0.04133	0.00318	0.06814	0.00898	0.00395	0.01042
89	0.01872	0.02139	0.04679	0.03342	0.04144	0.02005	0.64305	0.02540	0.01872	0.02540	0.01604	0.02139	0.01203	0.00668	0.00936	0.00267	0.01337	0.00936	0.00401	0.01070
90	0.02902	0.01972	0.02173	0.01690	0.02274	0.02143	0.01390	0.51002	0.03327	0.11996	0.02094	0.02113	0.01488	0.01196	0.04091	0.00286	0.00883	0.00732	0.04964	0.01284
91	0.01122	0.00811	0.01060	0.00998	0.01185	0.00748	0.00748	0.01496	0.02245	0.03180	0.66766	0.05923	0.07482	0.01621	0.00935	0.00249	0.00374	0.01434	0.00873	0.00748
92	0.02910	0.02106	0.02275	0.01775	0.02384	0.02325	0.01456	0.53426	0.11643	0.08233	0.02142	0.02084	0.01521	0.00970	0.00795	0.00242	0.00830	0.00742	0.00805	0.01337
93	0.03195	0.01932	0.02201	0.01687	0.02315	0.02030	0.01394	0.44414	0.03245	0.25808	0.02310	0.02168	0.01552	0.00962	0.00795	0.00240	0.00807	0.00742	0.00856	0.01349
94	0.01590	0.04102	0.68023	0.02260	0.03432	0.01842	0.02930	0.02511	0.01674	0.02511	0.01423	0.01674	0.01005	0.00753	0.00753	0.00251	0.01172	0.00586	0.00335	0.01172
95	0.01050	0.00755	0.00996	0.01047	0.01169	0.00700	0.00743	0.01316	0.01910	0.02648	0.38027	0.36180	0.06452	0.02019	0.00971	0.00283	0.00414	0.01812	0.00810	0.00700
96	0.01957	0.01900	0.03311	0.04771	0.63212	0.01892	0.06333	0.02440	0.01810	0.02587	0.01499	0.01974	0.01253	0.00704	0.00795	0.00238	0.00967	0.00721	0.00393	0.01244
97	0.05112	0.03981	0.01630	0.01266	0.01718	0.01460	0.01029	0.16785	0.06972	0.21194	0.02522	0.02528	0.01809	0.00942	0.00690	0.00221	0.00612	0.00739	0.27696	0.01097
98	0.00983	0.00702	0.00940	0.01124	0.01177	0.00659	0.00766	0.01134	0.01535	0.02043	0.04361	0.68166	0.05207	0.02468	0.01017	0.00324	0.00475	0.05533	0.00736	0.00649
99	0.74254	0.04804	0.01303	0.01057	0.01557	0.01841	0.00882	0.02333	0.01362	0.03480	0.01104	0.01287	0.00866	0.00733	0.00492	0.00242	0.00624	0.00429	0.00484	0.00866
100	0.01498	0.01409	0.02378	0.70226	0.05462	0.01762	0.02202	0.02026	0.01586	0.02026	0.01409	0.02114	0.01057	0.00793	0.00793	0.00264	0.01057	0.00705	0.00352	0.00881
101	0.05866	0.02312	0.02299	0.01806	0.02408	0.08262	0.01475	0.54496	0.05806	0.04611	0.01862	0.01877	0.01341	0.00936	0.00775	0.00236	0.00903	0.00692	0.00748	0.01288
102	0.02976	0.02202	0.02358	0.01817	0.02444	0.02441	0.01498	0.62303	0.06029	0.04935	0.01953	0.01943	0.01388	0.00957	0.00794	0.00239	0.00864	0.00721	0.00794	0.01345
103	0.01160	0.00838	0.01220	0.01220	0.01360	0.00964	0.00940	0.01439	0.01300	0.01914	0.02172	0.03176	0.02018	0.07883	0.61553	0.01175	0.01944	0.00852	0.06171	0.00702
104	0.01952	0.01691	0.01818	0.04545	0.02207	0.01963	0.01296	0.04120	0.63011	0.03262	0.03150	0.02923	0.02362	0.01064	0.00806	0.00269	0.00646	0.00888	0.00787	0.01239
105	0.00966	0.00690	0.00920	0.01104	0.01150	0.00644	0.00736	0.01104	0.01518	0.02024	0.04371	0.71614	0.05245	0.02484	0.01012	0.00322	0.00460	0.02254	0.00736	0.00644
106	0.01379	0.00730	0.00774	0.00810	0.00968	0.00721	0.00589	0.01704	0.01635	0.02776	0.02932	0.16224	0.02653	0.01225	0.00643	0.00211	0.00387	0.01032	0.61886	0.00721
107	0.01176	0.00867	0.01106	0.01036	0.01240	0.00825	0.00780	0.01668	0.06247	0.03189	0.62762	0.05737	0.07163	0.01587	0.00927	0.00251	0.00390	0.01400	0.00869	0.00780
108	0.05723	0.38212	0.03061	0.01543	0.02098	0.20249	0.01342	0.04883	0.08493	0.02234	0.01689	0.01792	0.04071	0.00827	0.00622	0.00199	0.00950	0.00561	0.00446	0.01005
109	0.42614	0.01857	0.01736	0.01410	0.01969	0.02099	0.01164	0.31571	0.02468	0.04235	0.01480	0.01578	0.01089	0.00838	0.00633	0.00242	0.00735	0.00563	0.00633	0.01089
110	0.01697	0.01441	0.01673	0.01200	0.01902	0.01111	0.00962	0.04419	0.01725	0.02677	0.01429	0.01654	0.01181	0.00601	0.00595	0.00122	0.00598	0.00479	0.00482	0.74049
111	0.01028	0.00774	0.01042	0.01183	0.01225	0.00788	0.00817	0.01169	0.01494	0.02015	0.04102	0.65981	0.04906	0.02396	0.01140	0.00324	0.06121	0.02129	0.00705	0.00662
112	0.01025	0.00770	0.00950	0.00983	0.01145	0.00695	0.00708	0.01280	0.01900	0.02546	0.31853	0.27555	0.21697	0.01997	0.00961	0.00277	0.00409	0.01759	0.00794	0.00695
113	0.00964	0.00804	0.00841	0.00832	0.01088	0.00681	0.00624	0.01191	0.01872	0.02294	0.16644	0.07381	0.58157	0.01952	0.00937	0.00265	0.00398	0.01638	0.00756	0.00681
114	0.01498	0.01409	0.02378	0.70226	0.05462	0.01762	0.02202	0.02026	0.01586	0.02026	0.01409	0.02114	0.01057	0.00793	0.00793	0.00264	0.01057	0.00705	0.00352	0.00881
115	0.01872	0.02139	0.04679	0.03342	0.04144	0.02005	0.64305	0.02540	0.01872	0.02540	0.01604	0.02139	0.01203	0.00668	0.00936	0.00267	0.01337	0.00936	0.00401	0.01070
116	0.02931	0.01211	0.01640	0.01305	0.01808	0.01058	0.01058	0.03255	0.02263	0.51126	0.19500	0.03529	0.03383	0.01146	0.00833	0.00246	0.00597	0.00961	0.00954	0.01195
117	0.00976	0.00704	0.00907	0.01065	0.01126	0.00654	0.00709	0.01110	0.01518	0.02003	0.04544	0.62330	0.10006	0.06836	0.01197	0.00346	0.00475	0.02139	0.00720	0.00636
118	0.01735	0.01735	0.02429	0.02082	0.02082	0.02429	0.01735	0.01908	0.01214	0.01908	0.01041	0.01735	0.01041	0.01388	0.02602	0.00347	0.70680	0.00694	0.00347	0.00867
119	0.01644	0.01409	0.01644	0.01175	0.01879	0.01057	0.00940	0.01997	0.01644	0.02584	0.01409	0.01644	0.01175	0.00587	0.00587	0.00117	0.00587	0.00470	0.00470	0.76979
120	0.01590	0.04102	0.68023	0.02260	0.03432	0.01842	0.02930	0.02511	0.01674	0.02511	0.01423	0.01674	0.01005	0.00753	0.00753	0.00251	0.01172	0.00586	0.00335	0.01172
121	0.03531	0.01392	0.01866	0.01431	0.02045	0.01228	0.01182	0.06810	0.02340	0.64689	0.03069	0.02660	0.01933	0.00980	0.00797	0.00245	0.00684	0.00793	0.00972	0.01349
122	0.03014	0.02221	0.02380	0.01825	0.02459	0.02459	0.01507	0.64541	0.03728	0.04998	0.01904	0.01904	0.01349	0.00952	0.00793	0.00238	0.00873	0.00714	0.00793	0.01349
123	0.01963	0.01884	0.03219	0.04867	0.67185	0.01884	0.02434	0.02434	0.01806	0.02591	0.01492	0.01963	0.01256	0.00707	0.00785	0.00236	0.00942	0.00707	0.00393	0.01256
124	0.01963	0.01884	0.03219	0.04867	0.67185	0.01884	0.02434	0.02434	0.01806	0.02591	0.01492	0.01963	0.01256	0.00707	0.00785	0.00236	0.00942	0.00707	0.00393	0.01256
125	0.02962	0.03779	0.02247	0.02043	0.02451	0.68948	0.01532	0.03166	0.02247	0.01941	0.01226	0.01430	0.01021	0.00817	0.00715	0.00204	0.01430	0.00511	0.00409	0.00919
126	0.00966	0.00690	0.00920	0.01104	0.01150	0.00644	0.00736	0.01104	0.01518	0.02024	0.04371	0.71614	0.05245	0.02484	0.01012	0.00322	0.00460	0.02254	0.00736	0.00644
127	0.01232	0.00836	0.01086	0.01009	0.01220	0.00765	0.00762	0.01594	0.02225	0.06265	0.60906	0.05847	0.10016	0.01608	0.00929	0.00250	0.00390	0.01414	0.00872	0.00774
128	0.00966	0.00690	0.00920	0.01104	0.01150	0.00644	0.00736	0.01104	0.01518	0.02024	0.04371	0.71614	0.05245	0.02484	0.01012	0.00322	0.00460	0.02254	0.00736	0.00644
129	0.01765	0.01406	0.01657	0.01189	0.01888	0.01064	0.00954	0.02114	0.01684	0.06690	0.01518	0.01711	0.01224	0.00612	0.00601	0.00126	0.00593	0.00490	0.00502	0.72213
130	0.01698	0.18031	0.55037	0.02076	0.03148	0.02105	0.02610	0.02483	0.01661	0.02380	0.01358	0.01592	0.01007	0.00738	0.00704	0.00235	0.01106	0.00553	0.00336	0.01141
131	0.01622	0.00878	0.00893	0.00841	0.01068	0.00900	0.00644	0.07718	0.01856	0.03148	0.02523	0.02858	0.01968	0.00926	0.00577	0.00190	0.00417	0.00737	0.69441	0.00796
132	0.01166	0.00768	0.00860	0.00860	0.00867	0.00768	0.00483	0.01180	0.01173	0.01592	0.02502	0.05103	0.02850	0.69381	0.03902	0.00746	0.00753	0.01137	0.03418	0.00490
133	0.01137	0.00803	0.01053	0.01060	0.01126	0.00865	0.00722	0.01271	0.01222	0.01693	0.02398	0.06719	0.02562	0.39479	0.33425	0.00982	0.01373	0.01056	0.00465	0.00590
134	0.02871	0.02171	0.02429	0.01873	0.02498	0.02396	0.04264	0.56432	0.09162	0.04739	0.02008	0.02008	0.01437	0.00950	0.00801	0.00242	0.00871	0.00740	0.00777	0.01328
135	0.01153	0.00769	0.00865	0.00865	0.00865	0.00769	0.00480	0.01153	0.01153	0.01538	0.02499	0.05189	0.02883	0.72131	0.04036	0.00769	0.00769	0.01153	0.00480	0.00480
136	0.01125	0.00807	0.01044	0.00987	0.01158	0.00750	0.00726	0.01468	0.02155	0.03044	0.61465	0.05863	0.07103	0.07437	0.01191	0.00292	0.00407	0.01411	0.00841	0.00726
137	0.02120	0.72609	0.04155	0.01357	0.02035	0.03138	0.01357	0.02374	0.01611	0.01866	0.01102	0.01272	0.01018	0.00678	0.00509	0.00170	0.00848	0.00424	0.00339	0.01018
138	0.01014	0.00727	0.00963	0.01072	0.01161	0.00676	0.00740	0.01223	0.01739	0.02375	0.23319	0.51665	0.05924	0.02222	0.00989	0.00300	0.00434	0.02005	0.00778	0.00676
139	0.01593	0.01507	0.02550	0.56845	0.18098	0.01787	0.02250	0.02110	0.01631	0.02142	0.01426	0.02083	0.01098	0.00775	0.00791	0.00258	0.01034	0.00705	0.00361	0.00958
140	0.01914	0.01786	0.02962	0.12075	0.53265	0.01835	0.02269	0.05350	0.01898	0.02675	0.05093	0.02195	0.01580	0.00779	0.00795	0.00240	0.00921	0.00747	0.00434	0.01189
141	0.01590	0.04102	0.68023	0.02260	0.03432	0.01842	0.02930	0.02511	0.01674	0.02511	0.01423	0.01674	0.01005	0.00753	0.00753	0.00251	0.01172	0.00586	0.00335	0.01172
142	0.01153	0.00769	0.00865	0.00865	0.00865	0.00769	0.00480	0.01153	0.01153	0.01538	0.02499	0.05189	0.02883	0.72131	0.04036	0.00769	0.00769	0.01153	0.00480	0.00480
143	0.01825	0.02137	0.08360	0.02111	0.02296	0.09176	0.04527	0.02089	0.01403	0.01998	0.01249	0.04443	0.01207	0.01283	0.02105	0.00319	0.51464	0.00737	0.00370	0.00900
144	0.01916	0.01837	0.03135	0.11355	0.61058	0.01872	0.02411	0.02393	0.01784	0.02535	0.01483	0.01978	0.01236	0.00715	0.00786	0.00238	0.00953	0.00706	0.00389	0.01219
145	0.01478	0.00739	0.00739	0.00739	0.00924	0.00739	0.00554	0.01848	0.01663	0.02956	0.02587	0.02956	0.02033	0.00924	0.00554	0.00185	0.00370	0.00739	0.76534	0.00739
146	0.01478	0.00739	0.00739	0.00739	0.00924	0.00739	0.00554	0.01848	0.01663	0.02956	0.02587	0.02956	0.02033	0.00924	0.00554	0.00185	0.00370	0.00739	0.76534	0.00739
147	0.01704	0.01445	0.01677	0.01203	0.01905	0.01119	0.00965	0.04740	0.01736	0.02690	0.01431	0.01656	0.01182	0.00603	0.00596	0.00123	0.00600	0.00481	0.00484	0.73662
148	0.02919	0.03688	0.02227	0.02024	0.02434	0.65995	0.01520	0.03213	0.05047	0.02001	0.01314	0.01497	0.01083	0.00829	0.00719	0.00207	0.01395	0.00528	0.00426	0.00934
149	0.03437	0.01442	0.01885	0.01456	0.02064	0.01316	0.01199	0.09181	0.05318	0.59290	0.03026	0.02642	0.01930	0.00983	0.00798	0.00246	0.00690	0.00795	0.00957	0.01345
150	0.72038	0.04173	0.01323	0.01085	0.01588	0.01855	0.00902	0.04761	0.01452	0.03552	0.01135	0.01312	0.00884	0.00742	0.00503	0.00242	0.00632	0.00440	0.00497	0.00884
151	0.01869	0.01467	0.01712	0.01239	0.01932	0.01170	0.00997	0.06854	0.01842	0.06873	0.01555	0.01730	0.01237	0.00640	0.00616	0.00135	0.00614	0.00509	0.00527	0.66481
152	0.01591	0.00978	0.01260	0.01144	0.01421	0.00928	0.00891	0.02111	0.07552	0.13425	0.47353	0.05351	0.05994	0.01509	0.00913	0.00258	0.00466	0.05095	0.00876	0.00885
153	0.02022	0.02080	0.03861	0.03838	0.29927	0.05004	0.33608	0.02574	0.01877	0.04959	0.01597	0.02055	0.01245	0.00703	0.00858	0.00251	0.01154	0.00817	0.00419	0.01150
154	0.02049	0.30322	0.07115	0.03198	0.34817	0.05339	0.01991	0.02447	0.01740	0.02268	0.01321	0.01648	0.01137	0.00703	0.00670	0.00209	0.00939	0.00578	0.00369	0.01141
155	0.01060	0.00826	0.01174	0.01262	0.01331	0.00837	0.03040	0.01220	0.01506	0.02033	0.04003	0.63503	0.04762	0.02332	0.01139	0.00322	0.06200	0.02081	0.00693	0.00677
156	0.01952	0.01889	0.07924	0.01628	0.02136	0.01904	0.01378	0.06576	0.52997	0.03294	0.02960	0.02792	0.02217	0.01031	0.00785	0.00261	0.00673	0.00850	0.05535	0.01219
157	0.01159	0.00774	0.01001	0.01094	0.01227	0.00700	0.00759	0.01333	0.01631	0.06251	0.07456	0.55803	0.10544	0.02235	0.00972	0.00301	0.00469	0.02005	0.00748	0.03536
158	0.02547	0.05112	0.02029	0.01492	0.02093	0.01716	0.01219	0.22434	0.10022	0.18255	0.02288	0.05166	0.01728	0.00938	0.00741	0.00214	0.00709	0.00748	0.00734	0.19814
159	0.03072	0.02129	0.02323	0.01781	0.02413	0.02322	0.01471	0.58125	0.03574	0.11632	0.02033	0.01988	0.01414	0.00955	0.00794	0.00239	0.00852	0.00723	0.00813	0.01349
160	0.01278	0.00913	0.01278	0.01460	0.01643	0.00913	0.01278	0.01643	0.01825	0.02373	0.04199	0.08945	0.04564	0.02191	0.01095	0.00365	0.00730	0.61847	0.00730	0.00730
161	0.01202	0.00779	0.01007	0.01126	0.01233	0.00741	0.00776	0.01456	0.04405	0.06274	0.04144	0.60467	0.04737	0.02242	0.00964	0.00307	0.00476	0.02019	0.04925	0.00721
162	0.01742	0.21812	0.48348	0.02078	0.03104	0.02186	0.05500	0.02477	0.01667	0.02345	0.01349	0.01592	0.01018	0.00730	0.00699	0.00231	0.01096	0.00561	0.00339	0.01127
163	0.01174	0.00881	0.01279	0.01263	0.01389	0.01032	0.00973	0.01435	0.01277	0.01862	0.02118	0.03195	0.02006	0.10324	0.58789	0.01156	0.05118	0.00860	0.03168	0.00700
164	0.01119	0.00807	0.01064	0.01049	0.01221	0.00751	0.00793	0.01467	0.02130	0.02986	0.54612	0.13234	0.06987	0.01763	0.00957	0.00267	0.00414	0.06795	0.00846	0.00735
165	0.46799	0.01211	0.00993	0.00920	0.01286	0.01357	0.00735	0.02135	0.01477	0.03314	0.01706	0.01965	0.01335	0.00812	0.00517	0.00221	0.00514	0.00555	0.31338	0.00810
166	0.01099	0.00854	0.01129	0.01169	0.01327	0.00798	0.03532	0.04254	0.01707	0.02218	0.04960	0.50668	0.18856	0.02222	0.00981	0.00303	0.00505	0.01990	0.00724	0.00703
167	0.01877	0.01472	0.01826	0.01318	0.02016	0.01170	0.03756	0.04936	0.01799	0.08210	0.01585	0.01767	0.01250	0.00640	0.00629	0.00140	0.00640	0.00529	0.00524	0.63914
168	0.03175	0.04330	0.04799	0.01469	0.02120	0.01405	0.01265	0.10340	0.02322	0.49195	0.02677	0.02411	0.01742	0.00919	0.00764	0.00230	0.00716	0.00733	0.00859	0.08528

[dist]
# distance from previous block
# <min> <max>
0	2

[block]
# block no. 1 follows, 24 sequences, length 141
# corresponding to MSA columns:
# 171-311
name=unknown_B
#
# <colnr> <probs for GDERKNQSTAVLIFYWHMCP>
#	G	D	E	R	K	N	Q	S	T	A	V	L	I	F	Y	W	H	M	C	P
0	0.01353	0.00883	0.01143	0.01078	0.01295	0.00827	0.00807	0.01775	0.05138	0.08674	0.49193	0.14978	0.06437	0.01664	0.00928	0.00260	0.00425	0.01471	0.00860	0.00810
1	0.02707	0.02091	0.05102	0.01701	0.02267	0.07143	0.01435	0.37335	0.05507	0.12564	0.08363	0.02747	0.02181	0.01068	0.00815	0.00246	0.00839	0.03903	0.00772	0.01215
2	0.01615	0.07242	0.65095	0.02219	0.03368	0.01901	0.02858	0.02505	0.01671	0.02482	0.01408	0.01656	0.01005	0.00750	0.00742	0.00247	0.01157	0.00579	0.00335	0.01165
3	0.01828	0.02202	0.08976	0.06401	0.07275	0.01934	0.50951	0.02484	0.01830	0.02518	0.01568	0.02073	0.01183	0.00679	0.00893	0.00258	0.01258	0.00867	0.00397	0.04424
4	0.01663	0.01448	0.07945	0.04505	0.02086	0.01253	0.04093	0.07011	0.07657	0.08433	0.06051	0.20854	0.03537	0.01668	0.00940	0.00301	0.00730	0.18197	0.00703	0.00925
5	0.01992	0.01054	0.01327	0.01199	0.01562	0.00958	0.00969	0.02357	0.04719	0.25311	0.10404	0.05715	0.21429	0.04246	0.01030	0.00296	0.00583	0.13077	0.00827	0.00945
6	0.74827	0.01632	0.03717	0.01089	0.01606	0.01781	0.00938	0.02338	0.01362	0.03518	0.01116	0.01303	0.00864	0.00737	0.00501	0.00246	0.00635	0.00435	0.00485	0.00871
7	0.01222	0.00832	0.01096	0.01042	0.01240	0.00768	0.00790	0.01582	0.02191	0.05727	0.58188	0.09037	0.07010	0.01663	0.00941	0.00258	0.00408	0.04374	0.00864	0.00767
8	0.01615	0.01481	0.02465	0.46576	0.15180	0.01714	0.05225	0.02205	0.04585	0.02288	0.01620	0.02203	0.01247	0.00797	0.00778	0.00253	0.00972	0.00729	0.07110	0.00958
9	0.01590	0.04102	0.68023	0.02260	0.03432	0.01842	0.02930	0.02511	0.01674	0.02511	0.01423	0.01674	0.01005	0.00753	0.00753	0.00251	0.01172	0.00586	0.00335	0.01172
10	0.01240	0.00837	0.01098	0.01018	0.01225	0.00768	0.00768	0.01611	0.02246	0.06308	0.63683	0.05767	0.07215	0.01590	0.00929	0.00249	0.00389	0.01403	0.00878	0.00777
11	0.04805	0.01821	0.05595	0.33156	0.26767	0.04606	0.02177	0.04797	0.01782	0.02440	0.01535	0.02204	0.01248	0.00813	0.00783	0.00253	0.01001	0.02771	0.00405	0.01042
12	0.02857	0.05718	0.02464	0.02080	0.08116	0.13898	0.01559	0.40016	0.05546	0.07246	0.01826	0.01879	0.01341	0.00900	0.00766	0.00230	0.00955	0.00676	0.00680	0.01247
13	0.01278	0.00913	0.01278	0.01460	0.01643	0.00913	0.01278	0.01643	0.01825	0.02373	0.04199	0.08945	0.04564	0.02191	0.01095	0.00365	0.00730	0.61847	0.00730	0.00730
14	0.01171	0.00857	0.01108	0.01060	0.01258	0.00814	0.00811	0.01624	0.04939	0.03123	0.59197	0.06030	0.07039	0.01642	0.00942	0.00259	0.00413	0.06085	0.00859	0.00769
15	0.01574	0.01584	0.03121	0.02429	0.02944	0.01509	0.36317	0.02145	0.04432	0.02483	0.05900	0.15987	0.02871	0.01320	0.00972	0.00293	0.00998	0.11636	0.00558	0.00926
16	0.00968	0.00721	0.00902	0.01034	0.01135	0.00655	0.00708	0.01132	0.01618	0.02109	0.08352	0.54398	0.18707	0.02337	0.00992	0.00307	0.00443	0.02087	0.00743	0.00655
17	0.01607	0.01256	0.01353	0.01228	0.01589	0.01301	0.00949	0.07589	0.24372	0.05876	0.10344	0.07926	0.28357	0.01537	0.00876	0.00266	0.00532	0.01288	0.00788	0.00967
18	0.01098	0.00896	0.01436	0.04404	0.01699	0.00857	0.08449	0.01317	0.01564	0.02086	0.03908	0.60208	0.04575	0.02192	0.00993	0.00313	0.00592	0.02028	0.00679	0.00706
19	0.01722	0.01385	0.01824	0.09852	0.02115	0.01756	0.01357	0.07090	0.01626	0.02547	0.01701	0.02225	0.01417	0.01116	0.01512	0.00271	0.31705	0.00713	0.27201	0.00864
20	0.00980	0.00782	0.00883	0.00943	0.01142	0.00685	0.00697	0.01185	0.01752	0.02178	0.09532	0.24703	0.42833	0.02131	0.00969	0.00289	0.00441	0.06461	0.00742	0.00671
21	0.00966	0.00690	0.00920	0.01104	0.01150	0.00644	0.00736	0.01104	0.01518	0.02024	0.04371	0.71614	0.05245	0.02484	0.01012	0.00322	0.00460	0.02254	0.00736	0.00644
22	0.03105	0.16381	0.02397	0.01467	0.02089	0.01797	0.01257	0.12028	0.05411	0.42102	0.02539	0.02303	0.01702	0.00919	0.00737	0.00230	0.00736	0.00713	0.00813	0.01275
23	0.01724	0.18772	0.50930	0.02198	0.06388	0.02123	0.02565	0.02478	0.01667	0.02376	0.01357	0.01602	0.01020	0.00735	0.00702	0.00233	0.01090	0.00557	0.00339	0.01143
24	0.01644	0.01409	0.01644	0.01175	0.01879	0.01057	0.00940	0.01997	0.01644	0.02584	0.01409	0.01644	0.01175	0.00587	0.00587	0.00117	0.00587	0.00470	0.00470	0.76979
25	0.01204	0.00954	0.01411	0.01370	0.01495	0.01161	0.01079	0.01474	0.01267	0.01849	0.01996	0.02952	0.01871	0.05409	0.61149	0.01165	0.10220	0.00831	0.00416	0.00727
26	0.02922	0.03568	0.02301	0.02149	0.05305	0.60535	0.01570	0.08172	0.02349	0.02220	0.01293	0.01492	0.01059	0.00823	0.00725	0.00208	0.01363	0.00536	0.00439	0.00969
27	0.01722	0.01685	0.02344	0.02014	0.02023	0.02344	0.01675	0.01905	0.01237	0.01961	0.01119	0.01797	0.01091	0.01365	0.02499	0.00339	0.67132	0.00696	0.04192	0.00861
28	0.02000	0.01949	0.03058	0.04254	0.53078	0.04612	0.05078	0.02703	0.10272	0.02658	0.01715	0.02081	0.01398	0.00758	0.00792	0.00240	0.00938	0.00734	0.00448	0.01234
29	0.01144	0.00770	0.00862	0.00862	0.00874	0.00764	0.00486	0.01153	0.01181	0.01564	0.02738	0.05295	0.05651	0.69098	0.03902	0.00747	0.00753	0.01176	0.00492	0.00489
30	0.02594	0.01963	0.02107	0.01699	0.02244	0.02194	0.01378	0.43283	0.19864	0.04334	0.02291	0.02278	0.01687	0.01191	0.03625	0.00287	0.00838	0.00769	0.04102	0.01271
31	0.05461	0.01239	0.01310	0.01143	0.01483	0.01314	0.00897	0.18586	0.05317	0.06522	0.02537	0.08064	0.02070	0.01057	0.00675	0.00219	0.00548	0.00849	0.39758	0.00952
32	0.01246	0.00811	0.01012	0.00986	0.01121	0.00770	0.00691	0.01480	0.01798	0.05216	0.33255	0.10511	0.05231	0.23992	0.01905	0.00421	0.00532	0.03740	0.04602	0.00679
33	0.01559	0.03930	0.64636	0.02202	0.03317	0.01781	0.02819	0.02440	0.01666	0.02487	0.01572	0.05204	0.01219	0.00841	0.00766	0.00255	0.01136	0.00670	0.00355	0.01145
34	0.02039	0.01589	0.01771	0.04552	0.02152	0.01766	0.01259	0.06042	0.46518	0.08903	0.03276	0.03313	0.05128	0.01128	0.00817	0.00265	0.00654	0.03966	0.00782	0.04081
35	0.01122	0.00811	0.01060	0.00998	0.01185	0.00748	0.00748	0.01496	0.02245	0.03180	0.66766	0.05923	0.07482	0.01621	0.00935	0.00249	0.00374	0.01434	0.00873	0.00748
36	0.02252	0.02459	0.02720	0.03605	0.39299	0.25024	0.02025	0.02621	0.01960	0.02347	0.01626	0.02361	0.01451	0.00869	0.00787	0.00236	0.01093	0.05743	0.00426	0.01096
37	0.01222	0.00959	0.01373	0.01332	0.01470	0.01141	0.01038	0.01569	0.03990	0.01953	0.04850	0.03188	0.02188	0.07778	0.54765	0.01086	0.08030	0.00875	0.00455	0.00738
38	0.01963	0.01884	0.03219	0.04867	0.67185	0.01884	0.02434	0.02434	0.01806	0.02591	0.01492	0.01963	0.01256	0.00707	0.00785	0.00236	0.00942	0.00707	0.00393	0.01256
39	0.01146	0.00766	0.00867	0.00874	0.00876	0.00764	0.00490	0.01151	0.01167	0.01557	0.02572	0.07781	0.02975	0.69414	0.03918	0.00751	0.00757	0.01196	0.00490	0.00487
40	0.01885	0.42199	0.32506	0.01758	0.02655	0.02562	0.02055	0.02435	0.01639	0.02152	0.01245	0.01451	0.01012	0.00712	0.00617	0.00206	0.00992	0.00496	0.00337	0.01086
41	0.02985	0.02157	0.02326	0.01796	0.02420	0.02378	0.01479	0.58799	0.06833	0.07662	0.02025	0.01993	0.01430	0.00960	0.00794	0.00240	0.00851	0.00727	0.00802	0.01344
42	0.77733	0.01534	0.01166	0.01043	0.01534	0.01779	0.00859	0.02331	0.01350	0.03558	0.01104	0.01288	0.00859	0.00736	0.00491	0.00245	0.00613	0.00429	0.00491	0.00859
43	0.02738	0.01532	0.01816	0.01516	0.02044	0.01583	0.01212	0.04045	0.35088	0.34432	0.03180	0.02833	0.02200	0.01030	0.00802	0.00258	0.00650	0.00849	0.00891	0.01301
44	0.01478	0.00739	0.00739	0.00739	0.00924	0.00739	0.00554	0.01848	0.01663	0.02956	0.02587	0.02956	0.02033	0.00924	0.00554	0.00185	0.00370	0.00739	0.76534	0.00739
45	0.02888	0.02099	0.02245	0.01735	0.02333	0.02317	0.01429	0.59375	0.03558	0.04829	0.01960	0.01991	0.01405	0.00950	0.00774	0.00234	0.00831	0.00716	0.07034	0.01298
46	0.01963	0.01884	0.03219	0.04867	0.67185	0.01884	0.02434	0.02434	0.01806	0.02591	0.01492	0.01963	0.01256	0.00707	0.00785	0.00236	0.00942	0.00707	0.00393	0.01256
47	0.01984	0.01699	0.01858	0.01759	0.04931	0.01944	0.01318	0.06420	0.57814	0.03312	0.03139	0.03122	0.02416	0.01101	0.00817	0.00270	0.00655	0.03418	0.00785	0.01237
48	0.01590	0.04102	0.68023	0.02260	0.03432	0.01842	0.02930	0.02511	0.01674	0.02511	0.01423	0.01674	0.01005	0.00753	0.00753	0.00251	0.01172	0.00586	0.00335	0.01172
49	0.02340	0.01388	0.01716	0.01260	0.01932	0.01096	0.01022	0.02675	0.01872	0.26255	0.02034	0.02028	0.01461	0.00730	0.00664	0.00164	0.00619	0.00589	0.00656	0.49500
50	0.01122	0.00811	0.01060	0.00998	0.01185	0.00748	0.00748	0.01496	0.02245	0.03180	0.66766	0.05923	0.07482	0.01621	0.00935	0.00249	0.00374	0.01434	0.00873	0.00748
51	0.02120	0.72609	0.04155	0.01357	0.02035	0.03138	0.01357	0.02374	0.01611	0.01866	0.01102	0.01272	0.01018	0.00678	0.00509	0.00170	0.00848	0.00424	0.00339	0.01018
52	0.03007	0.02431	0.02362	0.01854	0.02458	0.11433	0.01511	0.56258	0.03528	0.04585	0.01812	0.01840	0.01304	0.00934	0.00783	0.00233	0.00948	0.00687	0.00741	0.01291
53	0.01590	0.04102	0.68023	0.02260	0.03432	0.01842	0.02930	0.02511	0.01674	0.02511	0.01423	0.01674	0.01005	0.00753	0.00753	0.00251	0.01172	0.00586	0.00335	0.01172
54	0.01944	0.01671	0.01772	0.01607	0.02045	0.01929	0.01256	0.04109	0.63137	0.03279	0.03267	0.03203	0.02508	0.01121	0.00819	0.00273	0.00632	0.03390	0.00804	0.01234
55	0.01115	0.00810	0.01050	0.00990	0.01180	0.00745	0.00742	0.01482	0.02227	0.03138	0.64393	0.05992	0.09882	0.01637	0.00935	0.00250	0.00375	0.01444	0.00867	0.00745
56	0.00946	0.00804	0.00816	0.00813	0.01077	0.00673	0.00610	0.01155	0.01829	0.02192	0.10879	0.07549	0.63986	0.01990	0.00937	0.00267	0.00400	0.01662	0.00743	0.00673
57	0.01498	0.01409	0.02378	0.70226	0.05462	0.01762	0.02202	0.02026	0.01586	0.02026	0.01409	0.02114	0.01057	0.00793	0.00793	0.00264	0.01057	0.00705	0.00352	0.00881
58	0.03558	0.01350	0.01840	0.01411	0.02024	0.01166	0.01166	0.03865	0.02270	0.67734	0.03128	0.02699	0.01963	0.00981	0.00797	0.00245	0.00675	0.00797	0.00981	0.01350
59	0.01498	0.01409	0.02378	0.70226	0.05462	0.01762	0.02202	0.02026	0.01586	0.02026	0.01409	0.02114	0.01057	0.00793	0.00793	0.00264	0.01057	0.00705	0.00352	0.00881
60	0.77733	0.01534	0.01166	0.01043	0.01534	0.01779	0.00859	0.02331	0.01350	0.03558	0.01104	0.01288	0.00859	0.00736	0.00491	0.00245	0.00613	0.00429	0.00491	0.00859
61	0.00966	0.00690	0.00920	0.01104	0.01150	0.00644	0.00736	0.01104	0.01518	0.02024	0.04371	0.71614	0.05245	0.02484	0.01012	0.00322	0.00460	0.02254	0.00736	0.00644
62	0.01644	0.01409	0.01644	0.01175	0.01879	0.01057	0.00940	0.01997	0.01644	0.02584	0.01409	0.01644	0.01175	0.00587	0.00587	0.00117	0.00587	0.00470	0.00470	0.76979
63	0.01377	0.00689	0.01033	0.01033	0.01033	0.00689	0.00689	0.01033	0.01033	0.01377	0.01377	0.02410	0.01377	0.02755	0.03099	0.76928	0.00689	0.00689	0.00344	0.00344
64	0.01872	0.02139	0.04679	0.03342	0.04144	0.02005	0.64305	0.02540	0.01872	0.02540	0.01604	0.02139	0.01203	0.00668	0.00936	0.00267	0.01337	0.00936	0.00401	0.01070
65	0.03014	0.02221	0.02380	0.01825	0.02459	0.02459	0.01507	0.64541	0.03728	0.04998	0.01904	0.01904	0.01349	0.00952	0.00793	0.00238	0.00873	0.00714	0.00793	0.01349
66	0.03014	0.02221	0.02380	0.01825	0.02459	0.02459	0.01507	0.64541	0.03728	0.04998	0.01904	0.01904	0.01349	0.00952	0.00793	0.00238	0.00873	0.00714	0.00793	0.01349
67	0.02120	0.72609	0.04155	0.01357	0.02035	0.03138	0.01357	0.02374	0.01611	0.01866	0.01102	0.01272	0.01018	0.00678	0.00509	0.00170	0.00848	0.00424	0.00339	0.01018
68	0.01872	0.02139	0.04679	0.03342	0.04144	0.02005	0.64305	0.02540	0.01872	0.02540	0.01604	0.02139	0.01203	0.00668	0.00936	0.00267	0.01337	0.00936	0.00401	0.01070
69	0.02120	0.72609	0.04155	0.01357	0.02035	0.03138	0.01357	0.02374	0.01611	0.01866	0.01102	0.01272	0.01018	0.00678	0.00509	0.00170	0.00848	0.00424	0.00339	0.01018
70	0.00937	0.00803	0.00803	0.00803	0.01071	0.00669	0.00602	0.01138	0.01807	0.02142	0.08033	0.07632	0.66863	0.02008	0.00937	0.00268	0.00402	0.01674	0.00736	0.00669
71	0.03558	0.01350	0.01840	0.01411	0.02024	0.01166	0.01166	0.03865	0.02270	0.67734	0.03128	0.02699	0.01963	0.00981	0.00797	0.00245	0.00675	0.00797	0.00981	0.01350
