[name]
unknown

[dist]
# distance from previous block
# <min> <max>
14	74

[block]
# block no. 0 follows, 23 sequences, length 15
# corresponding to MSA columns:
# 80-88,90-95
name=unknown_A
#
# <colnr> <probs for GDERKNQSTAVLIFYWHMCP>
#	G	D	E	R	K	N	Q	S	T	A	V	L	I	F	Y	W	H	M	C	P
0	0.02158	0.30387	0.17485	0.01894	0.02576	0.06122	0.05563	0.05207	0.01790	0.06588	0.01402	0.01654	0.01133	0.00865	0.00983	0.00237	0.11862	0.00589	0.00419	0.01087
1	0.01531	0.01396	0.02322	0.64944	0.05279	0.01733	0.02141	0.02061	0.01628	0.02137	0.01523	0.02221	0.01148	0.00820	0.00795	0.00265	0.01035	0.00723	0.05407	0.00892
2	0.01321	0.00930	0.01137	0.01120	0.01285	0.00922	0.00802	0.05142	0.04115	0.04066	0.19494	0.19889	0.08833	0.18538	0.05551	0.00463	0.00665	0.04267	0.00721	0.00739
3	0.01666	0.01618	0.02428	0.53667	0.11188	0.05795	0.02138	0.02227	0.03971	0.02173	0.01633	0.05016	0.01330	0.00887	0.00816	0.00266	0.01052	0.00783	0.00401	0.00946
4	0.01728	0.01625	0.02713	0.22766	0.39987	0.01716	0.02172	0.02183	0.01759	0.02412	0.02120	0.08268	0.05117	0.00976	0.00834	0.00259	0.00925	0.00912	0.00439	0.01090
5	0.01097	0.00802	0.01031	0.01028	0.01195	0.00735	0.00750	0.01412	0.02096	0.02904	0.47571	0.20442	0.12141	0.01886	0.00974	0.00273	0.00405	0.01672	0.00851	0.00735
6	0.01735	0.01445	0.01762	0.01338	0.01916	0.01260	0.01074	0.02055	0.01639	0.05093	0.01632	0.05688	0.01452	0.00843	0.00925	0.00170	0.10378	0.00631	0.00500	0.58465
7	0.01733	0.09704	0.54622	0.02155	0.03212	0.05953	0.02661	0.02545	0.01773	0.02514	0.04754	0.01888	0.01373	0.00814	0.00757	0.00247	0.01145	0.00626	0.00376	0.01148
8	0.01433	0.01009	0.01198	0.01129	0.01254	0.01072	0.00768	0.10049	0.01600	0.02169	0.02500	0.08224	0.02671	0.43317	0.17395	0.00796	0.01084	0.01115	0.00540	0.00677
9	0.22492	0.17806	0.10889	0.03684	0.08652	0.14773	0.01611	0.02690	0.01774	0.06943	0.01382	0.01581	0.01087	0.00774	0.00644	0.00226	0.00963	0.00535	0.00452	0.01042
10	0.02651	0.02054	0.02182	0.01744	0.02301	0.04920	0.01417	0.44401	0.08074	0.04259	0.02030	0.02173	0.01534	0.01678	0.10305	0.00387	0.01061	0.00742	0.00725	0.05362
11	0.01263	0.00902	0.01256	0.01443	0.01610	0.00895	0.01229	0.01603	0.01824	0.02378	0.04321	0.17863	0.04768	0.02284	0.01109	0.00367	0.00708	0.52694	0.00748	0.00735
12	0.01143	0.00777	0.00890	0.00917	0.00936	0.00764	0.00534	0.01172	0.01264	0.01672	0.03091	0.14678	0.06240	0.58524	0.03546	0.00698	0.00725	0.01364	0.00541	0.00524
13	0.03080	0.02398	0.02425	0.01884	0.02516	0.07666	0.01544	0.58976	0.03696	0.04869	0.01894	0.01910	0.01354	0.00963	0.00805	0.00241	0.00938	0.00714	0.00781	0.01346
14	0.12983	0.14687	0.06125	0.01729	0.02223	0.23463	0.01478	0.10380	0.02067	0.02649	0.01758	0.01950	0.05406	0.00962	0.00910	0.00237	0.08890	0.00627	0.00479	0.00997

[dist]
# distance from previous block
# <min> <max>
0	4

[block]
# block no. 1 follows, 23 sequences, length 22
# corresponding to MSA columns:
# 100-121
name=unknown_B
#
# <colnr> <probs for GDERKNQSTAVLIFYWHMCP>
#	G	D	E	R	K	N	Q	S	T	A	V	L	I	F	Y	W	H	M	C	P
0	0.01816	0.01438	0.01696	0.01218	0.01933	0.01089	0.00977	0.02173	0.01726	0.07028	0.01562	0.01756	0.01257	0.00628	0.00616	0.00129	0.00607	0.00504	0.00516	0.71329
1	0.01837	0.01806	0.02344	0.42904	0.04287	0.10391	0.03654	0.06791	0.04217	0.02345	0.01755	0.07557	0.01496	0.01000	0.00908	0.00269	0.04212	0.00836	0.00451	0.00942
2	0.01151	0.00830	0.01139	0.01150	0.01248	0.00903	0.00826	0.01352	0.01356	0.01902	0.06816	0.09399	0.02944	0.24374	0.39812	0.01006	0.01515	0.01114	0.00508	0.00655
3	0.02388	0.01753	0.01963	0.01765	0.04499	0.01943	0.01343	0.10859	0.46116	0.13378	0.03070	0.02828	0.02238	0.01058	0.00822	0.00267	0.00690	0.00874	0.00836	0.01310
4	0.01061	0.00762	0.00966	0.01041	0.01138	0.00710	0.00708	0.01255	0.01732	0.02345	0.22065	0.38204	0.09961	0.12449	0.01465	0.00372	0.00488	0.01858	0.00755	0.00667
5	0.01653	0.01574	0.02682	0.28333	0.23090	0.01696	0.09052	0.02132	0.01747	0.02366	0.02411	0.02877	0.09605	0.00954	0.00885	0.00261	0.02888	0.00878	0.03911	0.01006
6	0.01113	0.00821	0.01051	0.01143	0.01261	0.00796	0.00799	0.01489	0.06805	0.02489	0.20611	0.48416	0.05740	0.02194	0.00998	0.00306	0.00461	0.01975	0.00796	0.00737
7	0.02011	0.43151	0.25002	0.01761	0.02579	0.05690	0.01949	0.02491	0.01681	0.02134	0.01240	0.01467	0.01038	0.00760	0.00712	0.00211	0.04188	0.00506	0.00349	0.01082
8	0.02254	0.01591	0.01848	0.01388	0.02058	0.01414	0.01121	0.12283	0.08063	0.13586	0.01983	0.02026	0.01481	0.00772	0.00690	0.00175	0.00665	0.00616	0.00651	0.45334
9	0.02881	0.01659	0.01925	0.01640	0.03869	0.04608	0.01275	0.10048	0.19371	0.33716	0.07757	0.02920	0.02436	0.01062	0.00825	0.00255	0.00718	0.00868	0.00884	0.01285
10	0.02254	0.44688	0.08631	0.01569	0.02244	0.05567	0.04481	0.02605	0.01840	0.10523	0.07118	0.01990	0.01752	0.00831	0.00648	0.00204	0.00881	0.00616	0.00486	0.01072
11	0.01744	0.01483	0.01753	0.04337	0.02118	0.01185	0.01049	0.05060	0.01784	0.02739	0.01467	0.01717	0.01205	0.00629	0.00621	0.00133	0.00637	0.00504	0.00491	0.69343
12	0.11014	0.00983	0.01268	0.01216	0.01455	0.00970	0.03390	0.01663	0.02005	0.03002	0.37530	0.13296	0.05755	0.01703	0.00935	0.00284	0.00526	0.11445	0.00783	0.00778
13	0.01663	0.01442	0.01780	0.10029	0.02396	0.01175	0.01128	0.02047	0.01675	0.02570	0.01442	0.01745	0.01186	0.00628	0.00628	0.00140	0.00663	0.00512	0.00465	0.66685
14	0.11773	0.06441	0.04064	0.01477	0.02098	0.01651	0.01263	0.12439	0.05676	0.36274	0.04184	0.02399	0.01830	0.00949	0.00753	0.00241	0.00727	0.00736	0.00818	0.04207
15	0.01567	0.01129	0.01349	0.06609	0.01653	0.01213	0.00904	0.12389	0.04043	0.02355	0.02488	0.09990	0.02608	0.38496	0.05866	0.04073	0.00857	0.01118	0.00564	0.00729
16	0.01793	0.01208	0.01347	0.01158	0.01546	0.01158	0.00914	0.15080	0.02403	0.11355	0.15056	0.05625	0.34909	0.01625	0.00908	0.00262	0.00547	0.01347	0.00820	0.00937
17	0.05132	0.47232	0.07995	0.01788	0.07894	0.04731	0.01558	0.02665	0.01768	0.10494	0.01458	0.01587	0.01181	0.00749	0.00607	0.00199	0.00886	0.00523	0.00445	0.01108
18	0.01562	0.07643	0.02300	0.36884	0.03775	0.01753	0.01747	0.01973	0.01554	0.02097	0.01593	0.04882	0.01384	0.01570	0.09502	0.00384	0.07614	0.00746	0.00400	0.10639
19	0.01629	0.08110	0.11086	0.42995	0.04532	0.01887	0.07596	0.02180	0.01648	0.02177	0.01477	0.02131	0.01163	0.03538	0.00913	0.00273	0.01069	0.00708	0.00372	0.04516
20	0.01486	0.00962	0.01661	0.07451	0.01871	0.00976	0.08951	0.01347	0.01218	0.01622	0.01442	0.02404	0.01357	0.02365	0.02675	0.59790	0.00824	0.00739	0.00361	0.00497
21	0.01750	0.01772	0.02657	0.41887	0.04491	0.07626	0.11374	0.02253	0.01738	0.02242	0.01456	0.02024	0.01122	0.00759	0.00791	0.00240	0.01079	0.00699	0.00394	0.13647

[dist]
# distance from previous block
# <min> <max>
11	28

[block]
# block no. 2 follows, 23 sequences, length 18
# corresponding to MSA columns:
# 150-167
name=unknown_C
#
# <colnr> <probs for GDERKNQSTAVLIFYWHMCP>
#	G	D	E	R	K	N	Q	S	T	A	V	L	I	F	Y	W	H	M	C	P
0	0.02193	0.10708	0.23125	0.02793	0.16847	0.08580	0.08476	0.10216	0.02096	0.05194	0.01560	0.01824	0.01188	0.00783	0.00772	0.00239	0.01097	0.00661	0.00453	0.01194
1	0.04470	0.06234	0.27265	0.01890	0.02603	0.07734	0.01973	0.02755	0.13453	0.02626	0.02079	0.02821	0.01758	0.01042	0.00899	0.00262	0.05075	0.08098	0.00505	0.06458
2	0.05407	0.01281	0.05235	0.01112	0.01467	0.01180	0.00940	0.09526	0.05797	0.05761	0.10308	0.03099	0.02584	0.01028	0.00679	0.00218	0.00531	0.00828	0.42099	0.00920
3	0.02034	0.22408	0.03176	0.13941	0.05938	0.07695	0.08887	0.07483	0.01858	0.02347	0.01556	0.06374	0.01403	0.00973	0.01006	0.00249	0.10476	0.00754	0.00433	0.01008
4	0.01143	0.00855	0.01071	0.00998	0.01226	0.00767	0.00751	0.01498	0.02202	0.03065	0.54359	0.06135	0.16277	0.01673	0.00942	0.00252	0.00397	0.01462	0.00854	0.04072
5	0.02550	0.01771	0.02026	0.06618	0.02450	0.01954	0.01396	0.17769	0.33811	0.16311	0.02834	0.02663	0.02029	0.01031	0.00819	0.00263	0.00742	0.00840	0.00824	0.01298
6	0.67859	0.01554	0.01346	0.09531	0.02066	0.01818	0.01049	0.02347	0.01411	0.03447	0.01168	0.01423	0.00904	0.00760	0.00540	0.00253	0.00684	0.00474	0.00485	0.00882
7	0.02379	0.01264	0.01708	0.01413	0.01860	0.01184	0.03939	0.05768	0.06891	0.29774	0.22680	0.04359	0.07043	0.01322	0.00892	0.00263	0.00623	0.04646	0.00893	0.01099
8	0.02151	0.68663	0.04169	0.01423	0.02085	0.03176	0.01407	0.02407	0.01630	0.01911	0.01125	0.01324	0.01042	0.00728	0.00622	0.00182	0.04126	0.00447	0.00347	0.01034
9	0.01548	0.01399	0.02200	0.45254	0.04209	0.01749	0.01902	0.04240	0.01590	0.02122	0.01575	0.02401	0.01317	0.04774	0.11483	0.00460	0.09748	0.00763	0.00394	0.00873
10	0.01418	0.00709	0.01031	0.01031	0.01047	0.00709	0.00693	0.01129	0.01113	0.01549	0.01516	0.02515	0.01467	0.02657	0.02947	0.69816	0.00677	0.00709	0.06879	0.00387
11	0.01949	0.01868	0.03187	0.12961	0.58901	0.01912	0.02461	0.02439	0.01820	0.02580	0.01516	0.02027	0.01260	0.00734	0.00804	0.00245	0.00979	0.00723	0.00397	0.01238
12	0.01167	0.00838	0.01147	0.01147	0.01238	0.00929	0.00819	0.01348	0.01258	0.01767	0.02317	0.03983	0.02374	0.30583	0.44242	0.01110	0.01654	0.00986	0.00456	0.00637
13	0.01171	0.00789	0.00915	0.00923	0.00934	0.00797	0.00537	0.01196	0.01203	0.01614	0.02608	0.07811	0.02986	0.64340	0.08289	0.00803	0.00867	0.01205	0.00498	0.00514
14	0.01978	0.02019	0.06950	0.12653	0.52095	0.01938	0.02446	0.05382	0.01906	0.02693	0.01532	0.02007	0.01249	0.00749	0.00803	0.00246	0.00989	0.00716	0.00413	0.01237
15	0.01529	0.01339	0.02181	0.59173	0.04889	0.01645	0.01999	0.02046	0.01634	0.02217	0.01624	0.02293	0.01232	0.00831	0.00774	0.00258	0.00976	0.00726	0.11752	0.00880
16	0.01683	0.01442	0.01683	0.01202	0.01923	0.01082	0.00961	0.02043	0.01683	0.02644	0.01442	0.01683	0.01202	0.00601	0.00601	0.00120	0.00601	0.00481	0.00481	0.76444
17	0.01084	0.00814	0.01230	0.01292	0.01393	0.00764	0.05331	0.01232	0.01547	0.02066	0.04061	0.61357	0.04800	0.02425	0.01173	0.05406	0.00552	0.02101	0.00701	0.00670

[dist]
# distance from previous block
# <min> <max>
4	5

[block]
# block no. 3 follows, 23 sequences, length 12
# corresponding to MSA columns:
# 173-184
name=unknown_D
#
# <colnr> <probs for GDERKNQSTAVLIFYWHMCP>
#	G	D	E	R	K	N	Q	S	T	A	V	L	I	F	Y	W	H	M	C	P
0	0.01758	0.01867	0.03791	0.06785	0.08573	0.01782	0.41980	0.02326	0.01808	0.02484	0.01884	0.08018	0.01628	0.01209	0.05447	0.00336	0.01252	0.01005	0.00442	0.05627
1	0.01055	0.00780	0.00931	0.00977	0.01105	0.00715	0.00668	0.01239	0.01722	0.02268	0.18889	0.26846	0.21072	0.16096	0.01621	0.00391	0.00499	0.01738	0.00732	0.00656
2	0.04842	0.01404	0.01612	0.01237	0.01845	0.01161	0.00972	0.06667	0.01815	0.02792	0.01909	0.11759	0.01808	0.00918	0.00676	0.00166	0.00606	0.00764	0.00547	0.56499
3	0.02101	0.01340	0.01647	0.01255	0.01873	0.01060	0.00996	0.02424	0.01831	0.18998	0.02247	0.10091	0.01897	0.00932	0.00707	0.00178	0.00608	0.00781	0.00646	0.48388
4	0.13177	0.38312	0.03389	0.01695	0.02319	0.15025	0.07256	0.06232	0.01886	0.02429	0.01249	0.01457	0.01057	0.00745	0.00616	0.00205	0.00994	0.00519	0.00416	0.01024
5	0.12348	0.00988	0.01176	0.01068	0.01345	0.00958	0.00822	0.01885	0.02167	0.09364	0.50680	0.05064	0.06143	0.01466	0.00878	0.00254	0.00447	0.01257	0.00847	0.00840
6	0.01435	0.01377	0.01232	0.01181	0.01420	0.13192	0.00877	0.01721	0.02119	0.02653	0.34348	0.11796	0.20225	0.01686	0.00923	0.00258	0.00597	0.01431	0.00759	0.00768
7	0.01337	0.00974	0.01234	0.09097	0.01659	0.01041	0.00868	0.06112	0.01503	0.02008	0.02632	0.14394	0.02889	0.41243	0.09012	0.00664	0.00911	0.01233	0.00535	0.00655
8	0.03052	0.10199	0.11014	0.01627	0.02337	0.01759	0.01516	0.12920	0.04686	0.38733	0.02532	0.02333	0.01683	0.00935	0.00775	0.00242	0.00809	0.00733	0.00802	0.01313
9	0.01346	0.01032	0.01441	0.01372	0.01555	0.01017	0.06109	0.08628	0.01834	0.02460	0.06494	0.45273	0.04330	0.11405	0.01414	0.00373	0.00634	0.01818	0.00702	0.00763
10	0.01971	0.01723	0.07303	0.01423	0.02099	0.01357	0.01242	0.11069	0.01998	0.07917	0.01739	0.01984	0.01373	0.01345	0.08607	0.00299	0.00885	0.00599	0.00552	0.44515
11	0.11999	0.08027	0.08162	0.12154	0.23375	0.03981	0.12995	0.05263	0.01843	0.02720	0.01455	0.01868	0.01151	0.00748	0.00764	0.00247	0.01029	0.00687	0.00421	0.01112

[dist]
# distance from previous block
# <min> <max>
9	17

[block]
# block no. 4 follows, 23 sequences, length 32
# corresponding to MSA columns:
# 202-233
name=unknown_E
#
# <colnr> <probs for GDERKNQSTAVLIFYWHMCP>
#	G	D	E	R	K	N	Q	S	T	A	V	L	I	F	Y	W	H	M	C	P
0	0.01860	0.01316	0.01461	0.01297	0.01599	0.01400	0.00938	0.06048	0.25646	0.08785	0.02818	0.03854	0.02516	0.31006	0.02220	0.00482	0.00720	0.00990	0.00684	0.04362
1	0.01830	0.01883	0.03390	0.07162	0.07114	0.02108	0.28073	0.02372	0.04498	0.02402	0.01550	0.02115	0.01269	0.00984	0.01505	0.00295	0.25123	0.00829	0.04485	0.01012
2	0.01540	0.01328	0.01983	0.31416	0.03340	0.01573	0.03757	0.05136	0.01643	0.02217	0.04119	0.03246	0.05001	0.16633	0.01778	0.00390	0.09313	0.00905	0.03863	0.00820
3	0.02398	0.02056	0.02041	0.01746	0.02256	0.07218	0.01379	0.21098	0.42807	0.03775	0.02761	0.02601	0.02056	0.01045	0.00815	0.00261	0.00776	0.00834	0.00791	0.01285
4	0.01195	0.00915	0.01326	0.01202	0.01426	0.00850	0.04882	0.01582	0.02210	0.03108	0.55704	0.09884	0.06984	0.01671	0.00968	0.00265	0.00466	0.03733	0.00848	0.00780
5	0.55307	0.01518	0.01439	0.06381	0.01986	0.01681	0.01053	0.02705	0.01606	0.17404	0.01608	0.01699	0.01142	0.00813	0.00595	0.00253	0.00676	0.00543	0.00601	0.00991
6	0.01196	0.00898	0.01115	0.01049	0.01269	0.00853	0.00790	0.01706	0.07039	0.03156	0.55290	0.06008	0.13242	0.01657	0.00947	0.00259	0.00406	0.01450	0.00874	0.00797
7	0.01915	0.02189	0.04788	0.03420	0.04241	0.02052	0.63475	0.02599	0.01915	0.02599	0.01642	0.02189	0.01231	0.00684	0.00958	0.00274	0.01368	0.00958	0.00410	0.01094
8	0.02018	0.01743	0.01835	0.01651	0.02110	0.02018	0.01284	0.04312	0.64956	0.03394	0.03303	0.03027	0.02477	0.01101	0.00826	0.00275	0.00642	0.00917	0.00826	0.01284
9	0.02169	0.71972	0.04252	0.01388	0.02083	0.03211	0.01388	0.02430	0.01649	0.01909	0.01128	0.01302	0.01041	0.00694	0.00521	0.00174	0.00868	0.00434	0.00347	0.01041
10	0.01162	0.00857	0.01240	0.01240	0.01363	0.00980	0.00935	0.01408	0.01285	0.01836	0.02232	0.03510	0.02169	0.16031	0.58514	0.01225	0.01963	0.00917	0.00443	0.00689
11	0.01532	0.01442	0.02434	0.69533	0.05589	0.01803	0.02253	0.02073	0.01622	0.02073	0.01442	0.02163	0.01082	0.00811	0.00811	0.00270	0.01082	0.00721	0.00361	0.00901
12	0.01797	0.25350	0.47608	0.02024	0.03066	0.02298	0.02496	0.02526	0.01693	0.02364	0.01354	0.01585	0.01032	0.00747	0.00693	0.00231	0.01096	0.00548	0.00344	0.01150
13	0.03082	0.02352	0.02428	0.01878	0.02516	0.05783	0.01544	0.60709	0.03740	0.04958	0.01914	0.01924	0.01363	0.00967	0.00808	0.00242	0.00921	0.00720	0.00792	0.01358
14	0.01627	0.04197	0.67279	0.02313	0.03512	0.01884	0.02998	0.02570	0.01713	0.02570	0.01456	0.01713	0.01028	0.00771	0.00771	0.00257	0.01199	0.00600	0.00343	0.01199
15	0.02667	0.01598	0.01854	0.01568	0.02095	0.01688	0.01248	0.04169	0.39901	0.28832	0.03262	0.02921	0.02290	0.01062	0.00822	0.00266	0.00661	0.00877	0.00897	0.01323
16	0.01915	0.02189	0.04788	0.03420	0.04241	0.02052	0.63475	0.02599	0.01915	0.02599	0.01642	0.02189	0.01231	0.00684	0.00958	0.00274	0.01368	0.00958	0.00410	0.01094
17	0.02018	0.01743	0.01835	0.01651	0.02110	0.02018	0.01284	0.04312	0.64956	0.03394	0.03303	0.03027	0.02477	0.01101	0.00826	0.00275	0.00642	0.00917	0.00826	0.01284
18	0.02124	0.66282	0.09543	0.01466	0.02203	0.03099	0.01524	0.02441	0.01654	0.01965	0.01156	0.01336	0.01040	0.00701	0.00542	0.00181	0.00896	0.00448	0.00347	0.01055
19	0.01683	0.01442	0.01683	0.01202	0.01923	0.01082	0.00961	0.02043	0.01683	0.02644	0.01442	0.01683	0.01202	0.00601	0.00601	0.00120	0.00601	0.00481	0.00481	0.76444
20	0.01162	0.00859	0.01253	0.01253	0.01381	0.00987	0.00951	0.01416	0.01289	0.01846	0.02220	0.03444	0.02140	0.13984	0.60522	0.01242	0.02006	0.00907	0.00442	0.00696
21	0.02813	0.02138	0.02282	0.01812	0.02413	0.02390	0.01477	0.48598	0.19375	0.04676	0.02293	0.02223	0.01659	0.01006	0.00815	0.00252	0.00829	0.00778	0.00815	0.01356
22	0.01698	0.01456	0.01690	0.01223	0.01932	0.01126	0.00977	0.02150	0.04665	0.02679	0.01530	0.01746	0.01262	0.00624	0.00612	0.00127	0.00603	0.00501	0.00497	0.72901
23	0.09410	0.12270	0.41815	0.02035	0.03013	0.02092	0.04465	0.08603	0.01907	0.05098	0.01498	0.01698	0.01091	0.00784	0.00724	0.00245	0.01058	0.00595	0.00431	0.01168
24	0.01160	0.00866	0.01286	0.01286	0.01425	0.01005	0.00992	0.01438	0.01299	0.01871	0.02190	0.03277	0.02067	0.08835	0.65571	0.01282	0.02115	0.00882	0.00437	0.00715
25	0.01296	0.00913	0.01144	0.01093	0.01312	0.00869	0.00815	0.01791	0.07425	0.05855	0.45387	0.14556	0.10956	0.01731	0.00951	0.00268	0.00432	0.01524	0.00863	0.00816
26	0.01094	0.00861	0.01075	0.01086	0.01239	0.00841	0.00798	0.01336	0.01859	0.02490	0.25794	0.26691	0.22436	0.02028	0.01113	0.00291	0.05737	0.01742	0.00770	0.00719
27	0.01762	0.01945	0.05964	0.26928	0.08578	0.01986	0.30225	0.02349	0.01742	0.02359	0.01507	0.02115	0.01160	0.00797	0.01033	0.00277	0.07039	0.00824	0.00385	0.01024
28	0.01890	0.01435	0.01776	0.07637	0.02284	0.01162	0.01109	0.02263	0.01749	0.09884	0.01642	0.01850	0.01282	0.00666	0.00645	0.00149	0.00656	0.00541	0.00529	0.60852
29	0.68708	0.09549	0.01539	0.01103	0.01627	0.01978	0.00937	0.02390	0.01411	0.03444	0.01130	0.01316	0.00897	0.00747	0.00504	0.00242	0.00655	0.00439	0.00485	0.00897
30	0.06341	0.01636	0.01783	0.01547	0.02029	0.01790	0.01236	0.12221	0.34976	0.12807	0.03414	0.03482	0.07160	0.01192	0.00833	0.00272	0.00673	0.04574	0.00822	0.01212
31	0.02441	0.04783	0.01933	0.01542	0.02043	0.01780	0.01236	0.09112	0.34471	0.19530	0.09447	0.03096	0.02724	0.01104	0.00822	0.00260	0.00660	0.00909	0.00855	0.01253

[dist]
# distance from previous block
# <min> <max>
0	1

[block]
# block no. 5 follows, 23 sequences, length 140
# corresponding to MSA columns:
# 235-374
name=unknown_F
#
# <colnr> <probs for GDERKNQSTAVLIFYWHMCP>
#	G	D	E	R	K	N	Q	S	T	A	V	L	I	F	Y	W	H	M	C	P
0	0.02419	0.01884	0.02077	0.01566	0.02237	0.01865	0.01276	0.33814	0.05951	0.03949	0.01795	0.01886	0.01357	0.00818	0.00720	0.00191	0.00753	0.00631	0.00668	0.34144
1	0.01627	0.04197	0.67279	0.02313	0.03512	0.01884	0.02998	0.02570	0.01713	0.02570	0.01456	0.01713	0.01028	0.00771	0.00771	0.00257	0.01199	0.00600	0.00343	0.01199
2	0.00987	0.00712	0.00935	0.01114	0.01173	0.00660	0.00746	0.01132	0.01569	0.02078	0.04663	0.67737	0.08460	0.02517	0.01032	0.00327	0.00468	0.02276	0.00753	0.00660
3	0.00989	0.00706	0.00942	0.01130	0.01177	0.00659	0.00753	0.01130	0.01554	0.02071	0.04472	0.70954	0.05367	0.02542	0.01036	0.00330	0.00471	0.02307	0.00753	0.00659
4	0.01946	0.01913	0.03079	0.04993	0.03103	0.02046	0.26400	0.03421	0.34036	0.02953	0.02453	0.02596	0.01853	0.00937	0.00967	0.00278	0.04317	0.00916	0.00618	0.01174
5	0.01030	0.00736	0.00986	0.01158	0.01228	0.00692	0.00807	0.01209	0.01633	0.02184	0.08512	0.60747	0.05451	0.02455	0.01039	0.00329	0.00491	0.07878	0.00762	0.00675
6	0.03430	0.01392	0.01983	0.01518	0.02133	0.01213	0.04193	0.03765	0.02301	0.60613	0.06324	0.02902	0.02259	0.01022	0.00830	0.00252	0.00708	0.00856	0.00970	0.01336
7	0.02684	0.01691	0.02025	0.01787	0.06273	0.01729	0.01341	0.13313	0.24399	0.24333	0.02755	0.02570	0.01946	0.00975	0.00796	0.00245	0.00714	0.00799	0.00820	0.08807
8	0.01011	0.00716	0.00935	0.01101	0.01143	0.00674	0.00723	0.01136	0.01510	0.02013	0.04248	0.63282	0.05084	0.10600	0.01397	0.00383	0.00508	0.02175	0.00723	0.00640
9	0.02266	0.01873	0.02028	0.01825	0.04588	0.02131	0.01389	0.18056	0.48401	0.03767	0.02922	0.02739	0.02178	0.01057	0.00822	0.00267	0.00712	0.00867	0.00807	0.01307
10	0.01517	0.00805	0.01146	0.01109	0.01151	0.00821	0.00759	0.05080	0.01234	0.01647	0.01444	0.02433	0.01408	0.02700	0.03020	0.71502	0.00717	0.00706	0.00382	0.00418
11	0.67839	0.01879	0.05615	0.01210	0.01753	0.05756	0.01059	0.02448	0.01457	0.03472	0.01159	0.01353	0.00898	0.00759	0.00533	0.00249	0.00715	0.00455	0.00487	0.00904
12	0.01735	0.01605	0.02390	0.35499	0.03827	0.02082	0.01950	0.06249	0.01625	0.02271	0.01374	0.02028	0.01134	0.01069	0.01537	0.00299	0.28392	0.00719	0.03293	0.00923
13	0.77215	0.01569	0.01193	0.01067	0.01569	0.01820	0.00879	0.02385	0.01381	0.03641	0.01130	0.01318	0.00879	0.00753	0.00502	0.00251	0.00628	0.00439	0.00502	0.00879
14	0.00989	0.00706	0.00942	0.01130	0.01177	0.00659	0.00753	0.01130	0.01554	0.02071	0.04472	0.70954	0.05367	0.02542	0.01036	0.00330	0.00471	0.02307	0.00753	0.00659
15	0.01683	0.01442	0.01683	0.01202	0.01923	0.01082	0.00961	0.02043	0.01683	0.02644	0.01442	0.01683	0.01202	0.00601	0.00601	0.00120	0.00601	0.00481	0.00481	0.76444
16	0.03270	0.01299	0.01764	0.01381	0.01944	0.01129	0.01129	0.03595	0.02319	0.57520	0.12526	0.03252	0.02847	0.01102	0.00837	0.00252	0.00645	0.00913	0.00988	0.01290
17	0.69522	0.01611	0.01321	0.03657	0.01781	0.01866	0.00973	0.06417	0.01550	0.03680	0.01195	0.01391	0.00919	0.00770	0.00534	0.00251	0.00662	0.00469	0.00517	0.00913
18	0.00987	0.00714	0.00934	0.01110	0.01172	0.00661	0.00744	0.01132	0.01573	0.02079	0.04719	0.66790	0.09371	0.02510	0.01031	0.00326	0.00467	0.02268	0.00753	0.00661
19	0.02930	0.09982	0.11028	0.06207	0.02468	0.01543	0.01512	0.03342	0.02112	0.43103	0.05648	0.02568	0.01973	0.00955	0.00782	0.00244	0.00792	0.00767	0.00788	0.01254
20	0.01627	0.04197	0.67279	0.02313	0.03512	0.01884	0.02998	0.02570	0.01713	0.02570	0.01456	0.01713	0.01028	0.00771	0.00771	0.00257	0.01199	0.00600	0.00343	0.01199
21	0.01135	0.00829	0.01067	0.01007	0.01204	0.00760	0.00755	0.01506	0.02266	0.03181	0.62029	0.06181	0.11666	0.01686	0.00957	0.00256	0.00385	0.01484	0.00884	0.00760
22	0.01627	0.04197	0.67279	0.02313	0.03512	0.01884	0.02998	0.02570	0.01713	0.02570	0.01456	0.01713	0.01028	0.00771	0.00771	0.00257	0.01199	0.00600	0.00343	0.01199
23	0.01289	0.00920	0.01286	0.01473	0.01651	0.00918	0.01275	0.01649	0.01849	0.02407	0.04307	0.12812	0.04711	0.02259	0.01116	0.00371	0.00731	0.57487	0.00748	0.00742
24	0.00959	0.00822	0.00822	0.00822	0.01096	0.00685	0.00617	0.01165	0.01850	0.02192	0.08220	0.07809	0.66092	0.02055	0.00959	0.00274	0.00411	0.01713	0.00754	0.00685
25	0.03791	0.03786	0.55319	0.02552	0.07406	0.01902	0.08879	0.02563	0.01732	0.02608	0.01470	0.01767	0.01060	0.00759	0.00784	0.00257	0.01185	0.00638	0.00357	0.01185
26	0.01524	0.01394	0.02343	0.65027	0.05290	0.01731	0.02152	0.02006	0.01585	0.02030	0.01440	0.02183	0.01103	0.00943	0.00967	0.05280	0.01057	0.00720	0.00360	0.00865
27	0.03443	0.01363	0.01845	0.01453	0.02047	0.01200	0.01203	0.03819	0.04141	0.60963	0.03275	0.03180	0.02193	0.01087	0.00836	0.00260	0.00693	0.04681	0.00983	0.01337
28	0.01532	0.01442	0.02434	0.69533	0.05589	0.01803	0.02253	0.02073	0.01622	0.02073	0.01442	0.02163	0.01082	0.00811	0.00811	0.00270	0.01082	0.00721	0.00361	0.00901
29	0.02713	0.03757	0.09446	0.01685	0.05378	0.01293	0.01446	0.03116	0.02127	0.39221	0.07028	0.03819	0.04561	0.01201	0.00857	0.00267	0.00749	0.09313	0.00826	0.01196
30	0.01910	0.01828	0.03117	0.18260	0.53907	0.01902	0.02442	0.02404	0.01801	0.02532	0.01509	0.02040	0.01243	0.00741	0.00805	0.00247	0.00988	0.00723	0.00393	0.01206
31	0.01569	0.01514	0.02661	0.63149	0.05458	0.01827	0.08165	0.02124	0.01651	0.02124	0.01461	0.02166	0.01096	0.00799	0.00825	0.00271	0.01109	0.00744	0.00365	0.00920
32	0.03152	0.01332	0.01757	0.01387	0.01939	0.01188	0.01130	0.07034	0.02361	0.51956	0.09458	0.05369	0.05831	0.01165	0.00843	0.00255	0.00652	0.00964	0.00962	0.01265
33	0.01382	0.00705	0.01049	0.01062	0.01065	0.00702	0.00708	0.01062	0.01090	0.01453	0.01611	0.06973	0.01670	0.02801	0.03031	0.71386	0.00689	0.00810	0.00379	0.00373
34	0.01654	0.04041	0.62888	0.02496	0.07829	0.01887	0.02963	0.02564	0.01722	0.02575	0.01461	0.01733	0.01046	0.00768	0.00773	0.00256	0.01183	0.00608	0.00347	0.01205
35	0.03346	0.01624	0.05778	0.01535	0.02182	0.01373	0.01325	0.06805	0.08098	0.54341	0.03046	0.02685	0.01963	0.00998	0.00814	0.00253	0.00726	0.00808	0.00939	0.01361
36	0.02179	0.01813	0.02071	0.13031	0.02783	0.02095	0.01505	0.17400	0.40528	0.03563	0.02685	0.02639	0.01995	0.01024	0.00820	0.00267	0.00772	0.00842	0.00745	0.01242
37	0.00989	0.00706	0.00942	0.01130	0.01177	0.00659	0.00753	0.01130	0.01554	0.02071	0.04472	0.70954	0.05367	0.02542	0.01036	0.00330	0.00471	0.02307	0.00753	0.00659
38	0.01683	0.01442	0.01683	0.01202	0.01923	0.01082	0.00961	0.02043	0.01683	0.02644	0.01442	0.01683	0.01202	0.00601	0.00601	0.00120	0.00601	0.00481	0.00481	0.76444
39	0.01874	0.01475	0.01729	0.01247	0.01959	0.01152	0.01002	0.04889	0.01819	0.06995	0.01581	0.01765	0.01263	0.00644	0.00624	0.00134	0.00620	0.00514	0.00530	0.68184
40	0.01043	0.00763	0.01043	0.04560	0.01417	0.00736	0.00846	0.01237	0.01647	0.02210	0.10979	0.58651	0.05379	0.02351	0.01018	0.00320	0.00500	0.03867	0.00749	0.00685
41	0.04603	0.28257	0.03027	0.01786	0.02269	0.25342	0.01512	0.09340	0.02040	0.02341	0.01252	0.01501	0.01079	0.00886	0.00951	0.00223	0.11609	0.00539	0.00428	0.01016
42	0.02169	0.71972	0.04252	0.01388	0.02083	0.03211	0.01388	0.02430	0.01649	0.01909	0.01128	0.01302	0.01041	0.00694	0.00521	0.00174	0.00868	0.00434	0.00347	0.01041
43	0.01126	0.00870	0.01194	0.03460	0.05653	0.00813	0.00922	0.01334	0.01640	0.02222	0.07784	0.53285	0.07347	0.02169	0.00977	0.00301	0.00523	0.01959	0.00708	0.05712
44	0.06167	0.02305	0.02265	0.01816	0.02404	0.08721	0.01471	0.45048	0.14004	0.04454	0.02077	0.02058	0.01513	0.00973	0.00793	0.00246	0.00893	0.00730	0.00763	0.01299
45	0.01854	0.02091	0.04534	0.03269	0.04039	0.01960	0.59339	0.02502	0.01891	0.02564	0.01828	0.06723	0.01504	0.00807	0.00963	0.00277	0.01309	0.01047	0.00433	0.01066
46	0.01074	0.00777	0.00997	0.01145	0.01228	0.00737	0.00779	0.03728	0.01662	0.02204	0.04556	0.64924	0.08247	0.02453	0.01023	0.00323	0.00485	0.02212	0.00756	0.00690
47	0.02137	0.54176	0.08342	0.06194	0.06061	0.07232	0.01631	0.02473	0.01706	0.02013	0.01202	0.01438	0.01057	0.00718	0.00587	0.00192	0.00950	0.00486	0.00355	0.01050
48	0.02008	0.01928	0.03294	0.04981	0.66422	0.01928	0.02490	0.02490	0.01848	0.02651	0.01526	0.02008	0.01285	0.00723	0.00803	0.00241	0.00964	0.00723	0.00402	0.01285
49	0.01532	0.01442	0.02434	0.69533	0.05589	0.01803	0.02253	0.02073	0.01622	0.02073	0.01442	0.02163	0.01082	0.00811	0.00811	0.00270	0.01082	0.00721	0.00361	0.00901
50	0.01647	0.01590	0.02453	0.53226	0.13135	0.05136	0.02154	0.02153	0.01730	0.02220	0.05589	0.02358	0.01529	0.00855	0.00816	0.00262	0.01041	0.00759	0.00403	0.00945
51	0.01583	0.01494	0.02525	0.62711	0.12018	0.01816	0.02278	0.02117	0.01646	0.02134	0.01451	0.02147	0.01103	0.00802	0.00810	0.00267	0.01069	0.00721	0.00365	0.00942
52	0.01332	0.00966	0.01322	0.01491	0.01687	0.00978	0.01290	0.01792	0.04919	0.02464	0.04253	0.10717	0.04584	0.02195	0.01104	0.00367	0.00734	0.56280	0.00751	0.00771
53	0.01281	0.00915	0.01276	0.01454	0.01631	0.00910	0.01252	0.01640	0.01862	0.02434	0.06479	0.13111	0.04821	0.02241	0.01109	0.00367	0.00716	0.55007	0.00753	0.00742
54	0.01751	0.16400	0.51687	0.02316	0.07291	0.02129	0.02672	0.02539	0.01710	0.02455	0.01401	0.01657	0.01047	0.00754	0.00727	0.00241	0.01124	0.00577	0.00347	0.01176
55	0.01662	0.03990	0.61428	0.02557	0.09265	0.01888	0.02952	0.02562	0.01725	0.02577	0.01463	0.01740	0.01051	0.00767	0.00774	0.00256	0.01178	0.00611	0.00348	0.01207
56	0.01265	0.00920	0.01248	0.01412	0.01610	0.00904	0.01223	0.01618	0.01866	0.02399	0.04775	0.08989	0.12167	0.02219	0.01101	0.00361	0.00706	0.53728	0.00748	0.00740
57	0.01647	0.03953	0.60048	0.02225	0.03314	0.04730	0.02787	0.02505	0.01728	0.02511	0.01646	0.06259	0.01314	0.00890	0.00787	0.00260	0.01163	0.00709	0.00373	0.01152
58	0.02727	0.01384	0.02066	0.27848	0.03403	0.01413	0.01588	0.03131	0.02050	0.39350	0.04930	0.02656	0.01866	0.00955	0.00820	0.00259	0.00830	0.00804	0.00750	0.01171
59	0.01962	0.01998	0.05599	0.08411	0.56519	0.01928	0.06680	0.02477	0.01835	0.02612	0.01527	0.02019	0.01261	0.00727	0.00813	0.00245	0.01007	0.00735	0.00398	0.01248
60	0.01678	0.08768	0.60703	0.02343	0.05627	0.01977	0.02870	0.02557	0.01713	0.02527	0.01436	0.01695	0.01038	0.00764	0.00755	0.00251	0.01168	0.00593	0.00345	0.01191
61	0.01409	0.00705	0.01057	0.01057	0.01057	0.00705	0.00705	0.01057	0.01057	0.01409	0.01409	0.02467	0.01409	0.02819	0.03171	0.76392	0.00705	0.00705	0.00352	0.00352
62	0.03493	0.01348	0.01836	0.01419	0.02020	0.01167	0.01167	0.03811	0.02321	0.63210	0.06919	0.02957	0.02343	0.01043	0.00824	0.00251	0.00672	0.00855	0.00998	0.01344
63	0.01167	0.00781	0.00889	0.00901	0.00904	0.00778	0.00509	0.01177	0.01205	0.01606	0.02683	0.09630	0.03109	0.66947	0.03926	0.00757	0.00766	0.01254	0.00509	0.00503
64	0.01532	0.01442	0.02434	0.69533	0.05589	0.01803	0.02253	0.02073	0.01622	0.02073	0.01442	0.02163	0.01082	0.00811	0.00811	0.00270	0.01082	0.00721	0.00361	0.00901
65	0.01747	0.08540	0.60419	0.02216	0.03358	0.01943	0.02817	0.02618	0.01734	0.05198	0.01507	0.01730	0.01069	0.00776	0.00756	0.00251	0.01156	0.00598	0.00370	0.01196
66	0.26993	0.06432	0.08715	0.01998	0.04481	0.04701	0.14826	0.08482	0.01952	0.11764	0.01644	0.01823	0.01197	0.00793	0.00717	0.00249	0.00935	0.00656	0.00548	0.01095
67	0.01694	0.03785	0.55334	0.02726	0.11841	0.01900	0.06333	0.02561	0.01742	0.02582	0.01476	0.01779	0.01073	0.00760	0.00786	0.00256	0.01178	0.00636	0.00354	0.01205
68	0.00959	0.00822	0.00822	0.00822	0.01096	0.00685	0.00617	0.01165	0.01850	0.02192	0.08220	0.07809	0.66092	0.02055	0.00959	0.00274	0.00411	0.01713	0.00754	0.00685
69	0.01766	0.02706	0.23661	0.02930	0.03816	0.01909	0.40838	0.02493	0.01830	0.02555	0.01771	0.06568	0.01441	0.00833	0.00906	0.00272	0.01257	0.00937	0.00412	0.01098
70	0.01970	0.01878	0.03137	0.10022	0.57677	0.01923	0.02400	0.02564	0.05566	0.02648	0.01625	0.02081	0.01339	0.00753	0.00805	0.00245	0.00954	0.00734	0.00423	0.01254
71	0.00997	0.00712	0.00949	0.01124	0.01179	0.00664	0.00754	0.01150	0.01591	0.02131	0.07558	0.67699	0.05482	0.02498	0.01032	0.00326	0.00466	0.02265	0.00760	0.00664
72	0.01911	0.02146	0.04546	0.03419	0.07594	0.02075	0.55810	0.02549	0.01865	0.02558	0.01596	0.02150	0.01223	0.00737	0.01066	0.00277	0.06055	0.00927	0.00406	0.01091
73	0.01663	0.08666	0.63124	0.02252	0.03418	0.01972	0.02892	0.02560	0.01709	0.02526	0.01435	0.01686	0.01029	0.00766	0.00754	0.00251	0.01177	0.00589	0.00343	0.01189
74	0.02873	0.01512	0.06202	0.01446	0.02024	0.01241	0.01255	0.03418	0.08334	0.44468	0.06402	0.03624	0.08670	0.01182	0.00847	0.00261	0.00682	0.03423	0.00901	0.01237
75	0.01532	0.01442	0.02434	0.69533	0.05589	0.01803	0.02253	0.02073	0.01622	0.02073	0.01442	0.02163	0.01082	0.00811	0.00811	0.00270	0.01082	0.00721	0.00361	0.00901
76	0.01177	0.00880	0.01143	0.01246	0.01328	0.00904	0.00874	0.05205	0.01677	0.02259	0.04076	0.61776	0.04816	0.02364	0.01133	0.00326	0.05269	0.02096	0.00730	0.00721
77	0.03098	0.05846	0.07646	0.01529	0.02168	0.01483	0.01353	0.05484	0.08816	0.46497	0.02876	0.02686	0.01933	0.03681	0.00923	0.00270	0.00750	0.00797	0.00864	0.01301
78	0.01061	0.00762	0.01006	0.01081	0.01193	0.00707	0.00759	0.01311	0.01889	0.02606	0.32262	0.41642	0.06401	0.02143	0.01000	0.00296	0.00431	0.01928	0.00816	0.00707
79	0.01132	0.00814	0.01044	0.01180	0.01269	0.00787	0.00807	0.05425	0.01709	0.02280	0.04299	0.66218	0.05093	0.02435	0.01020	0.00324	0.00500	0.02199	0.00757	0.00709
80	0.05347	0.01963	0.16821	0.02281	0.12898	0.01450	0.04811	0.02213	0.05389	0.02691	0.08917	0.06835	0.03115	0.01393	0.00914	0.00296	0.00860	0.20228	0.00588	0.00992
81	0.08821	0.23635	0.12715	0.12224	0.03141	0.06610	0.12551	0.02412	0.01697	0.02314	0.01389	0.01781	0.01127	0.01082	0.05040	0.00300	0.01137	0.00628	0.00384	0.01011
82	0.01149	0.00902	0.01345	0.05970	0.05790	0.00884	0.03011	0.01383	0.01647	0.02209	0.07115	0.52415	0.04761	0.02187	0.01005	0.00317	0.00585	0.05882	0.00701	0.00740
83	0.01048	0.00801	0.01189	0.01277	0.01374	0.00749	0.04781	0.01224	0.01577	0.02105	0.04291	0.66538	0.05101	0.02423	0.01031	0.00326	0.00528	0.02220	0.00731	0.00687
84	0.01759	0.01727	0.03143	0.34922	0.16554	0.01871	0.17819	0.04244	0.01822	0.02432	0.01664	0.02472	0.01342	0.00837	0.00862	0.00270	0.01110	0.03705	0.00414	0.01032
85	0.01875	0.02381	0.11824	0.05500	0.07698	0.02018	0.51117	0.02573	0.01879	0.02582	0.01607	0.02123	0.01206	0.00700	0.00923	0.00270	0.01317	0.00896	0.00401	0.01111
86	0.01588	0.01522	0.02642	0.61032	0.09513	0.01827	0.06200	0.02134	0.01656	0.02145	0.01461	0.02155	0.01105	0.00797	0.00820	0.00269	0.01092	0.00736	0.00366	0.00939
87	0.01842	0.31528	0.24998	0.06282	0.06011	0.02392	0.02025	0.02364	0.01697	0.02275	0.05726	0.01889	0.01507	0.00843	0.00809	0.00229	0.05514	0.00612	0.00387	0.01069
88	0.03956	0.03251	0.43518	0.06283	0.05949	0.01806	0.05492	0.05684	0.01874	0.07184	0.01800	0.02360	0.01384	0.00894	0.00805	0.00265	0.01093	0.04789	0.00452	0.01162
89	0.02613	0.01569	0.04187	0.08577	0.04468	0.01461	0.06834	0.07303	0.07223	0.31917	0.08901	0.03156	0.05926	0.01067	0.00848	0.00258	0.00779	0.00923	0.00797	0.01194
90	0.01896	0.02125	0.04548	0.07758	0.08009	0.02029	0.55933	0.02559	0.01892	0.02568	0.01622	0.02176	0.01225	0.00694	0.00939	0.00271	0.01326	0.00929	0.00407	0.01093
91	0.01816	0.06226	0.23984	0.02936	0.18445	0.05099	0.12209	0.02429	0.01833	0.02543	0.05898	0.02596	0.01797	0.00924	0.00908	0.00261	0.03936	0.04613	0.00435	0.01112
92	0.02059	0.22259	0.28915	0.02402	0.10550	0.05957	0.07469	0.02653	0.01802	0.06614	0.01494	0.01731	0.01145	0.00756	0.00722	0.00230	0.01075	0.00609	0.00405	0.01154
93	0.02186	0.03514	0.01610	0.01316	0.01713	0.01229	0.01055	0.08708	0.05428	0.23041	0.20585	0.08678	0.07630	0.01685	0.04677	0.00322	0.00685	0.04051	0.00848	0.01040
94	0.02099	0.01742	0.01971	0.01946	0.07999	0.01969	0.01390	0.04127	0.56034	0.06516	0.03135	0.02921	0.02344	0.01061	0.00823	0.00271	0.00674	0.00894	0.00796	0.01289
95	0.02192	0.02312	0.06092	0.02087	0.06543	0.21177	0.07080	0.06531	0.02135	0.06752	0.12202	0.03064	0.02531	0.01506	0.06391	0.00339	0.05013	0.04492	0.00570	0.00989
96	0.04339	0.29133	0.22120	0.05387	0.11753	0.02408	0.09448	0.02481	0.01717	0.02346	0.01353	0.01662	0.01090	0.00726	0.00696	0.00226	0.01038	0.00597	0.00366	0.01115
97	0.01612	0.01502	0.02502	0.54638	0.08164	0.01793	0.05750	0.02271	0.06001	0.02266	0.01639	0.02254	0.01241	0.00825	0.00810	0.00266	0.01031	0.00750	0.03733	0.00952
98	0.00985	0.00721	0.00926	0.01090	0.01166	0.00662	0.00735	0.01134	0.01592	0.02087	0.04960	0.62744	0.13262	0.02479	0.01026	0.00322	0.00463	0.02229	0.00753	0.00662
99	0.02544	0.22984	0.05665	0.02277	0.11708	0.31762	0.01684	0.02946	0.05166	0.04143	0.01428	0.01625	0.01180	0.00795	0.00690	0.00210	0.01144	0.00558	0.00431	0.01061
100	0.01783	0.01743	0.03176	0.02753	0.10500	0.01813	0.27124	0.02336	0.05483	0.04487	0.04056	0.13831	0.02192	0.01196	0.01245	0.00292	0.13337	0.01120	0.00515	0.01018
101	0.01301	0.01038	0.01317	0.03489	0.03415	0.01049	0.02891	0.05213	0.01768	0.02345	0.04798	0.16235	0.26888	0.09362	0.04787	0.00385	0.04766	0.01430	0.06762	0.00760
102	0.01419	0.01190	0.01470	0.05712	0.01714	0.04983	0.01069	0.03449	0.01413	0.01915	0.02062	0.03462	0.02061	0.24100	0.32095	0.00889	0.08922	0.00911	0.00449	0.00717
103	0.02976	0.02169	0.02375	0.01848	0.02448	0.02419	0.01523	0.53727	0.07216	0.07937	0.02042	0.02043	0.01459	0.01008	0.00917	0.00252	0.04756	0.00745	0.00797	0.01347
104	0.01885	0.02109	0.07932	0.03825	0.30872	0.01930	0.26627	0.02458	0.01866	0.02630	0.05364	0.02290	0.01614	0.00797	0.00954	0.00261	0.04151	0.00852	0.00428	0.01155
105	0.01475	0.01411	0.02075	0.10171	0.02410	0.04103	0.08375	0.01759	0.01540	0.02085	0.02730	0.21656	0.06837	0.02043	0.07899	0.00408	0.20428	0.01261	0.00510	0.00822
106	0.01659	0.01927	0.07847	0.02811	0.05703	0.01675	0.40966	0.02212	0.01806	0.02462	0.02359	0.19988	0.02293	0.01173	0.00960	0.00286	0.01109	0.01275	0.00495	0.00995
107	0.02024	0.02269	0.09194	0.18653	0.32112	0.08569	0.06676	0.06112	0.01951	0.02589	0.01507	0.01970	0.01193	0.00771	0.00806	0.00248	0.01087	0.00708	0.00413	0.01148
108	0.06356	0.28329	0.29174	0.02022	0.02912	0.02392	0.10309	0.02589	0.04487	0.02433	0.01424	0.01662	0.01115	0.00745	0.00691	0.00229	0.01043	0.00592	0.00384	0.01112
109	0.01865	0.01794	0.03046	0.14784	0.46198	0.01846	0.06207	0.02428	0.04434	0.02559	0.01990	0.02430	0.05136	0.00829	0.00825	0.00251	0.00963	0.00804	0.00434	0.01176
110	0.01694	0.10132	0.57628	0.02301	0.03431	0.02014	0.06737	0.02559	0.01720	0.02512	0.01439	0.01707	0.01042	0.00758	0.00761	0.00251	0.01180	0.00608	0.00347	0.01178
111	0.02399	0.01928	0.05291	0.01855	0.06524	0.08190	0.01424	0.12185	0.16702	0.15650	0.10805	0.06288	0.02702	0.01149	0.00892	0.00259	0.02898	0.00936	0.00755	0.01168
112	0.01866	0.01851	0.02903	0.32586	0.34240	0.06135	0.04138	0.02362	0.01782	0.02358	0.01476	0.02046	0.01180	0.00767	0.00807	0.00253	0.01059	0.00716	0.00385	0.01092
113	0.01093	0.00893	0.01213	0.01219	0.01408	0.00828	0.05042	0.01396	0.04744	0.02208	0.05352	0.43884	0.23268	0.02198	0.00997	0.00306	0.00523	0.01967	0.00733	0.00727
114	0.02114	0.07551	0.09794	0.03178	0.20549	0.07898	0.17665	0.07951	0.01975	0.02650	0.01476	0.01892	0.01189	0.00834	0.01044	0.00257	0.09689	0.00731	0.00426	0.01140
115	0.02132	0.01902	0.03052	0.04457	0.57032	0.03989	0.02286	0.02589	0.01889	0.07061	0.01682	0.02087	0.01362	0.00756	0.00791	0.00238	0.00936	0.00724	0.03777	0.01257
116	0.01090	0.00913	0.00939	0.00909	0.01198	0.00813	0.00688	0.03259	0.05104	0.02412	0.11591	0.07275	0.57071	0.01948	0.00948	0.00272	0.00435	0.01626	0.00768	0.00742
117	0.01771	0.06560	0.06820	0.29067	0.03700	0.05904	0.04377	0.02169	0.01537	0.02064	0.01278	0.01893	0.01073	0.01026	0.01486	0.00292	0.27001	0.00688	0.00362	0.00934
118	0.02535	0.07642	0.05789	0.09031	0.14367	0.30614	0.01855	0.08580	0.02170	0.04390	0.01438	0.01731	0.01153	0.00848	0.00847	0.00232	0.04643	0.00614	0.00453	0.01071
119	0.02388	0.43077	0.07655	0.04976	0.02407	0.11006	0.01531	0.02806	0.04890	0.10178	0.01546	0.01659	0.01234	0.00782	0.00630	0.00203	0.00943	0.00542	0.00462	0.01086
120	0.01311	0.01087	0.01574	0.01488	0.01591	0.01364	0.01177	0.01560	0.01284	0.01887	0.01919	0.02936	0.01834	0.07830	0.49401	0.01049	0.18693	0.00844	0.00418	0.00754
121	0.01417	0.00988	0.01161	0.01163	0.01404	0.02854	0.00917	0.01699	0.01948	0.08415	0.17894	0.11065	0.22114	0.05827	0.01165	0.00325	0.00578	0.17508	0.00779	0.00778
122	0.01403	0.01241	0.01897	0.42970	0.03919	0.01440	0.01681	0.04309	0.01739	0.02219	0.03138	0.15467	0.12702	0.01337	0.00876	0.00281	0.00852	0.01172	0.00515	0.00842
123	0.02990	0.02117	0.04753	0.01765	0.02403	0.02177	0.01495	0.48206	0.03408	0.14390	0.06234	0.02328	0.01866	0.01015	0.00820	0.00246	0.00841	0.00786	0.00828	0.01334
124	0.01062	0.00779	0.01013	0.01173	0.01288	0.00730	0.00868	0.01270	0.01675	0.02177	0.04995	0.46301	0.14356	0.02395	0.01045	0.00332	0.00529	0.16574	0.00752	0.00685
125	0.01532	0.01442	0.02434	0.69533	0.05589	0.01803	0.02253	0.02073	0.01622	0.02073	0.01442	0.02163	0.01082	0.00811	0.00811	0.00270	0.01082	0.00721	0.00361	0.00901
126	0.02008	0.01928	0.03294	0.04981	0.66422	0.01928	0.02490	0.02490	0.01848	0.02651	0.01526	0.02008	0.01285	0.00723	0.00803	0.00241	0.00964	0.00723	0.00402	0.01285
127	0.00989	0.00706	0.00942	0.01130	0.01177	0.00659	0.00753	0.01130	0.01554	0.02071	0.04472	0.70954	0.05367	0.02542	0.01036	0.00330	0.00471	0.02307	0.00753	0.00659
128	0.01680	0.13821	0.31718	0.01826	0.02595	0.01889	0.02020	0.02609	0.12806	0.02548	0.02505	0.07176	0.04649	0.01140	0.00803	0.00265	0.00922	0.07428	0.00515	0.01085
129	0.03383	0.01504	0.04737	0.01478	0.02107	0.01250	0.01262	0.03826	0.05436	0.58711	0.05339	0.02845	0.02188	0.01022	0.00819	0.00253	0.00700	0.00834	0.00962	0.01346
130	0.02026	0.02022	0.03322	0.08331	0.54422	0.05309	0.07649	0.02514	0.01864	0.02580	0.01518	0.02005	0.01257	0.00730	0.00813	0.00244	0.01031	0.00733	0.00401	0.01230
131	0.04531	0.01520	0.02433	0.57443	0.08231	0.01873	0.02161	0.04269	0.01680	0.02263	0.01431	0.02094	0.01094	0.00845	0.00903	0.00272	0.04929	0.00710	0.00384	0.00936
132	0.01826	0.01894	0.07073	0.33298	0.27407	0.01911	0.06549	0.05761	0.01854	0.02523	0.01516	0.02067	0.01180	0.00777	0.00816	0.00258	0.01055	0.00731	0.00403	0.01101
133	0.02698	0.11132	0.02393	0.01872	0.02333	0.44745	0.01458	0.07138	0.09791	0.02363	0.01922	0.02021	0.04897	0.00929	0.00737	0.00219	0.01200	0.00640	0.00503	0.01008
134	0.01627	0.00948	0.01242	0.01146	0.01428	0.00862	0.00906	0.01979	0.02201	0.15194	0.40225	0.06014	0.11732	0.01650	0.00952	0.00272	0.00493	0.09373	0.00881	0.00873
135	0.01671	0.08318	0.55029	0.02389	0.07632	0.01921	0.02762	0.02505	0.01727	0.02524	0.01599	0.02125	0.01251	0.00845	0.00776	0.00257	0.01136	0.03993	0.00370	0.01169
