[name]
unknown

[dist]
# distance from previous block
# <min> <max>
0	46

[block]
# block no. 0 follows, 25 sequences, length 12
# corresponding to MSA columns:
# 46-57
name=unknown_A
#
# <colnr> <probs for GDERKNQSTAVLIFYWHMCP>
#	G	D	E	R	K	N	Q	S	T	A	V	L	I	F	Y	W	H	M	C	P
0	0.01249	0.00892	0.01249	0.01428	0.01606	0.00892	0.01249	0.01606	0.01785	0.02320	0.04105	0.08746	0.04462	0.02142	0.01071	0.00357	0.00714	0.62695	0.00714	0.00714
1	0.01929	0.01666	0.01753	0.01578	0.02016	0.01929	0.01227	0.04120	0.66513	0.03243	0.03156	0.02893	0.02367	0.01052	0.00789	0.00263	0.00614	0.00877	0.00789	0.01227
2	0.01830	0.02092	0.04575	0.03268	0.04052	0.01961	0.65098	0.02484	0.01830	0.02484	0.01569	0.02092	0.01176	0.00654	0.00915	0.00261	0.01307	0.00915	0.00392	0.01046
3	0.03261	0.01368	0.01793	0.01407	0.01984	0.01250	0.01152	0.03827	0.11255	0.59287	0.03073	0.02675	0.01982	0.00973	0.00781	0.00243	0.00653	0.00793	0.00936	0.01307
4	0.01667	0.18928	0.54794	0.02020	0.03061	0.02074	0.02533	0.02427	0.01624	0.02319	0.01324	0.01552	0.00985	0.00721	0.00685	0.00228	0.01078	0.00539	0.00328	0.01113
5	0.01724	0.01643	0.02794	0.33177	0.41024	0.01791	0.02282	0.02208	0.01673	0.02296	0.01424	0.01983	0.01145	0.00727	0.00771	0.00242	0.00969	0.00690	0.00367	0.01071
6	0.01651	0.16791	0.56790	0.02047	0.03104	0.02035	0.02581	0.02431	0.01626	0.02339	0.01334	0.01564	0.00985	0.00723	0.00692	0.00231	0.01087	0.00544	0.00328	0.01118
7	0.01947	0.01784	0.03598	0.02650	0.03276	0.01702	0.44359	0.02467	0.01834	0.11702	0.04687	0.08427	0.01869	0.00929	0.00992	0.00267	0.04955	0.01016	0.00517	0.01024
8	0.01818	0.25910	0.44744	0.01887	0.02851	0.02171	0.02287	0.02480	0.01647	0.05604	0.01376	0.01563	0.01034	0.00725	0.00663	0.00220	0.01020	0.00533	0.00361	0.01107
9	0.02717	0.03173	0.02054	0.01841	0.02245	0.53318	0.01396	0.08884	0.06074	0.02344	0.01492	0.01660	0.01196	0.00835	0.00698	0.00205	0.01210	0.00560	0.07154	0.00942
10	0.66490	0.01884	0.11487	0.01202	0.01784	0.01749	0.01150	0.02306	0.01368	0.03322	0.01127	0.01317	0.00862	0.00722	0.00519	0.00241	0.00683	0.00443	0.00456	0.00887
11	0.08521	0.01747	0.02856	0.13726	0.53319	0.01816	0.02213	0.02315	0.01696	0.02538	0.01414	0.01882	0.01167	0.00705	0.00744	0.00235	0.00909	0.00667	0.00387	0.01143

[dist]
# distance from previous block
# <min> <max>
9	16

[block]
# block no. 1 follows, 25 sequences, length 64
# corresponding to MSA columns:
# 74-137
name=unknown_B
#
# <colnr> <probs for GDERKNQSTAVLIFYWHMCP>
#	G	D	E	R	K	N	Q	S	T	A	V	L	I	F	Y	W	H	M	C	P
0	0.01713	0.02910	0.31938	0.02817	0.03755	0.01893	0.38556	0.02472	0.01748	0.02472	0.01493	0.01898	0.01094	0.00689	0.00839	0.00255	0.01238	0.00769	0.00365	0.01088
1	0.01830	0.02092	0.04575	0.03268	0.04052	0.01961	0.65098	0.02484	0.01830	0.02484	0.01569	0.02092	0.01176	0.00654	0.00915	0.00261	0.01307	0.00915	0.00392	0.01046
2	0.01464	0.01378	0.02326	0.70887	0.05340	0.01723	0.02153	0.01981	0.01550	0.01981	0.01378	0.02067	0.01034	0.00775	0.00775	0.00258	0.01034	0.00689	0.00345	0.00861
3	0.78228	0.01499	0.01140	0.01020	0.01499	0.01739	0.00840	0.02279	0.01320	0.03479	0.01080	0.01260	0.00840	0.00720	0.00480	0.00240	0.00600	0.00420	0.00480	0.00840
4	0.01089	0.00792	0.01025	0.00967	0.01153	0.00728	0.00725	0.01447	0.02175	0.03062	0.64721	0.05870	0.10130	0.01603	0.00915	0.00245	0.00367	0.01413	0.00847	0.00728
5	0.01919	0.01842	0.03147	0.04759	0.67914	0.01842	0.02380	0.02380	0.01765	0.02533	0.01458	0.01919	0.01228	0.00691	0.00768	0.00230	0.00921	0.00691	0.00384	0.01228
6	0.01464	0.01378	0.02326	0.70887	0.05340	0.01723	0.02153	0.01981	0.01550	0.01981	0.01378	0.02067	0.01034	0.00775	0.00775	0.00258	0.01034	0.00689	0.00345	0.00861
7	0.01608	0.01378	0.01608	0.01148	0.01837	0.01034	0.00919	0.01952	0.01608	0.02527	0.01378	0.01608	0.01148	0.00574	0.00574	0.00115	0.00574	0.00459	0.00459	0.77491
8	0.00916	0.00785	0.00785	0.00785	0.01047	0.00655	0.00589	0.01113	0.01767	0.02095	0.07855	0.07462	0.67599	0.01964	0.00916	0.00262	0.00393	0.01636	0.00720	0.00655
9	0.02649	0.01175	0.01572	0.01305	0.01762	0.01060	0.01066	0.03056	0.05124	0.44099	0.17285	0.03992	0.03392	0.01227	0.00841	0.00254	0.00599	0.07518	0.00902	0.01122
10	0.01608	0.01378	0.01608	0.01148	0.01837	0.01034	0.00919	0.01952	0.01608	0.02527	0.01378	0.01608	0.01148	0.00574	0.00574	0.00115	0.00574	0.00459	0.00459	0.77491
11	0.02274	0.01357	0.01676	0.01231	0.01888	0.01071	0.00997	0.02603	0.01826	0.26007	0.01977	0.01975	0.01423	0.00712	0.00647	0.00159	0.00605	0.00573	0.00638	0.50361
12	0.02594	0.01207	0.01572	0.01286	0.01739	0.01112	0.01030	0.05656	0.06500	0.40716	0.20893	0.06272	0.03545	0.01196	0.00826	0.00245	0.00575	0.01012	0.00902	0.01123
13	0.00942	0.00786	0.00820	0.00812	0.01063	0.00665	0.00609	0.01162	0.01827	0.02236	0.16164	0.07229	0.59202	0.01911	0.00916	0.00259	0.00389	0.01604	0.00739	0.00665
14	0.01801	0.01401	0.01745	0.01256	0.01940	0.01081	0.03500	0.02153	0.01677	0.09008	0.01551	0.01729	0.01225	0.00615	0.00608	0.00133	0.00612	0.00509	0.00506	0.66950
15	0.01620	0.12633	0.60676	0.02100	0.03186	0.01959	0.02673	0.02439	0.01629	0.02377	0.01352	0.01588	0.00984	0.00728	0.00707	0.00236	0.01106	0.00553	0.00328	0.01127
16	0.01660	0.01350	0.01584	0.01169	0.01813	0.01047	0.00928	0.02054	0.03808	0.05165	0.01652	0.05275	0.01422	0.00700	0.00611	0.00135	0.00573	0.00575	0.00504	0.67976
17	0.01276	0.00887	0.01221	0.01174	0.01397	0.00788	0.03493	0.01507	0.01692	0.07403	0.13560	0.42760	0.07469	0.01880	0.00908	0.00271	0.00501	0.01693	0.00716	0.09404
18	0.01819	0.02058	0.04386	0.03162	0.03879	0.01996	0.59653	0.02431	0.01775	0.02431	0.01521	0.02058	0.01163	0.00714	0.01055	0.00268	0.07321	0.00895	0.00388	0.01029
19	0.01555	0.04011	0.68733	0.02210	0.03356	0.01801	0.02865	0.02455	0.01637	0.02455	0.01391	0.01637	0.00982	0.00737	0.00737	0.00246	0.01146	0.00573	0.00327	0.01146
20	0.01924	0.02048	0.04417	0.03160	0.03934	0.01914	0.61455	0.02557	0.01852	0.06241	0.01654	0.02123	0.01219	0.00671	0.00907	0.00260	0.01270	0.00907	0.00424	0.01061
21	0.00916	0.00785	0.00785	0.00785	0.01047	0.00655	0.00589	0.01113	0.01767	0.02095	0.07855	0.07462	0.67599	0.01964	0.00916	0.00262	0.00393	0.01636	0.00720	0.00655
22	0.01830	0.02092	0.04575	0.03268	0.04052	0.01961	0.65098	0.02484	0.01830	0.02484	0.01569	0.02092	0.01176	0.00654	0.00915	0.00261	0.01307	0.00915	0.00392	0.01046
23	0.02747	0.02017	0.02173	0.01718	0.02297	0.02236	0.01402	0.48641	0.17563	0.07689	0.02209	0.02130	0.01582	0.00959	0.00779	0.00240	0.00790	0.00742	0.00788	0.01298
24	0.02843	0.03528	0.02176	0.01966	0.02376	0.63497	0.01482	0.05269	0.05910	0.02076	0.01333	0.01499	0.01088	0.00818	0.00707	0.00204	0.01335	0.00528	0.00434	0.00932
25	0.01231	0.00833	0.00930	0.00899	0.00934	0.00846	0.00527	0.04784	0.01271	0.01696	0.02410	0.04891	0.02733	0.68660	0.03766	0.00722	0.00757	0.01103	0.00487	0.00518
26	0.01028	0.00795	0.00940	0.00919	0.01136	0.00707	0.00699	0.01320	0.01986	0.02625	0.38082	0.06682	0.33255	0.01781	0.00924	0.00258	0.00397	0.04980	0.00788	0.00697
27	0.01021	0.00790	0.00931	0.00896	0.01112	0.00699	0.00672	0.01316	0.02015	0.02683	0.42451	0.06493	0.32635	0.01744	0.00915	0.00251	0.00377	0.01501	0.00797	0.00699
28	0.01097	0.00793	0.01036	0.00975	0.01158	0.00732	0.00732	0.01463	0.02195	0.03109	0.67505	0.05792	0.07316	0.01585	0.00914	0.00244	0.00366	0.01402	0.00854	0.00732
29	0.00919	0.00776	0.00795	0.00810	0.01054	0.00652	0.00600	0.01110	0.01743	0.02085	0.07552	0.12931	0.62326	0.02003	0.00923	0.00266	0.00398	0.01684	0.00720	0.00652
30	0.02021	0.02168	0.02333	0.02016	0.02133	0.17546	0.01642	0.04878	0.01521	0.02003	0.01095	0.01636	0.01026	0.01213	0.02052	0.00303	0.52523	0.00639	0.00372	0.00880
31	0.01608	0.01378	0.01608	0.01148	0.01837	0.01034	0.00919	0.01952	0.01608	0.02527	0.01378	0.01608	0.01148	0.00574	0.00574	0.00115	0.00574	0.00459	0.00459	0.77491
32	0.78228	0.01499	0.01140	0.01020	0.01499	0.01739	0.00840	0.02279	0.01320	0.03479	0.01080	0.01260	0.00840	0.00720	0.00480	0.00240	0.00600	0.00420	0.00480	0.00840
33	0.02947	0.02172	0.02327	0.01784	0.02404	0.02404	0.01474	0.65329	0.03646	0.04887	0.01862	0.01862	0.01319	0.00931	0.00776	0.00233	0.00853	0.00698	0.00776	0.01319
34	0.01618	0.01575	0.02792	0.46873	0.20259	0.01780	0.09734	0.02137	0.01636	0.02174	0.01420	0.02034	0.01098	0.00740	0.00790	0.00252	0.01039	0.00717	0.00360	0.00972
35	0.02047	0.01798	0.01810	0.01614	0.02057	0.05775	0.01264	0.09165	0.55412	0.03276	0.02966	0.02913	0.02269	0.01063	0.00792	0.00260	0.00682	0.02871	0.00763	0.01200
36	0.00958	0.00685	0.00912	0.01071	0.01128	0.00639	0.00721	0.01113	0.01547	0.02078	0.09799	0.66438	0.05319	0.02355	0.00983	0.00309	0.00442	0.02134	0.00731	0.00639
37	0.01464	0.01378	0.02326	0.70887	0.05340	0.01723	0.02153	0.01981	0.01550	0.01981	0.01378	0.02067	0.01034	0.00775	0.00775	0.00258	0.01034	0.00689	0.00345	0.00861
38	0.00918	0.00780	0.00791	0.00800	0.01051	0.00653	0.00596	0.01111	0.01753	0.02089	0.07676	0.10691	0.64486	0.01987	0.00920	0.00264	0.00396	0.01665	0.00720	0.00653
39	0.78228	0.01499	0.01140	0.01020	0.01499	0.01739	0.00840	0.02279	0.01320	0.03479	0.01080	0.01260	0.00840	0.00720	0.00480	0.00240	0.00600	0.00420	0.00480	0.00840
40	0.01464	0.01378	0.02326	0.70887	0.05340	0.01723	0.02153	0.01981	0.01550	0.01981	0.01378	0.02067	0.01034	0.00775	0.00775	0.00258	0.01034	0.00689	0.00345	0.00861
41	0.03479	0.01320	0.01799	0.01380	0.01979	0.01140	0.01140	0.03779	0.02219	0.68451	0.03059	0.02639	0.01919	0.00960	0.00780	0.00240	0.00660	0.00780	0.00960	0.01320
42	0.01929	0.01666	0.01753	0.01578	0.02016	0.01929	0.01227	0.04120	0.66513	0.03243	0.03156	0.02893	0.02367	0.01052	0.00789	0.00263	0.00614	0.00877	0.00789	0.01227
43	0.02073	0.73217	0.04063	0.01327	0.01990	0.03068	0.01327	0.02322	0.01575	0.01824	0.01078	0.01244	0.00995	0.00663	0.00498	0.00166	0.00829	0.00415	0.00332	0.00995
44	0.02054	0.01929	0.01811	0.01632	0.02066	0.10706	0.01262	0.03987	0.58176	0.03069	0.02902	0.02699	0.02190	0.01019	0.00777	0.00255	0.00715	0.00828	0.00738	0.01185
45	0.00959	0.00683	0.00903	0.01065	0.01113	0.00640	0.00709	0.01098	0.01497	0.02004	0.06806	0.66393	0.05112	0.05641	0.01123	0.00332	0.00460	0.02121	0.00714	0.00627
46	0.01608	0.01378	0.01608	0.01148	0.01837	0.01034	0.00919	0.01952	0.01608	0.02527	0.01378	0.01608	0.01148	0.00574	0.00574	0.00115	0.00574	0.00459	0.00459	0.77491
47	0.01586	0.00948	0.01197	0.01073	0.01353	0.00872	0.00824	0.05046	0.02163	0.14777	0.39991	0.10432	0.13554	0.01553	0.00889	0.00250	0.00454	0.01347	0.00841	0.00850
48	0.02175	0.01539	0.01703	0.01472	0.01929	0.01675	0.01161	0.08860	0.41846	0.14910	0.06360	0.03244	0.07409	0.01120	0.00802	0.00255	0.00614	0.00927	0.00816	0.01185
49	0.01033	0.00780	0.00954	0.00931	0.01124	0.00701	0.00690	0.01331	0.02013	0.02725	0.45191	0.12044	0.24116	0.01765	0.00922	0.00255	0.00381	0.01538	0.00804	0.00701
50	0.01687	0.01376	0.01616	0.01158	0.01843	0.01038	0.00928	0.02030	0.01634	0.05315	0.01449	0.01651	0.01181	0.00591	0.00583	0.00120	0.00578	0.00473	0.00481	0.74269
51	0.01696	0.01696	0.02375	0.02036	0.02036	0.02375	0.01696	0.01866	0.01187	0.01866	0.01018	0.01696	0.01018	0.01357	0.02545	0.00339	0.71332	0.00679	0.00339	0.00848
52	0.01097	0.00793	0.01036	0.00975	0.01158	0.00732	0.00732	0.01463	0.02195	0.03109	0.67505	0.05792	0.07316	0.01585	0.00914	0.00244	0.00366	0.01402	0.00854	0.00732
53	0.00916	0.00785	0.00785	0.00785	0.01047	0.00655	0.00589	0.01113	0.01767	0.02095	0.07855	0.07462	0.67599	0.01964	0.00916	0.00262	0.00393	0.01636	0.00720	0.00655
54	0.03479	0.01320	0.01799	0.01380	0.01979	0.01140	0.01140	0.03779	0.02219	0.68451	0.03059	0.02639	0.01919	0.00960	0.00780	0.00240	0.00660	0.00780	0.00960	0.01320
55	0.01464	0.01378	0.02326	0.70887	0.05340	0.01723	0.02153	0.01981	0.01550	0.01981	0.01378	0.02067	0.01034	0.00775	0.00775	0.00258	0.01034	0.00689	0.00345	0.00861
56	0.01464	0.01378	0.02326	0.70887	0.05340	0.01723	0.02153	0.01981	0.01550	0.01981	0.01378	0.02067	0.01034	0.00775	0.00775	0.00258	0.01034	0.00689	0.00345	0.00861
57	0.01660	0.01657	0.02393	0.02038	0.02077	0.02257	0.04568	0.01850	0.01234	0.01901	0.01228	0.05716	0.01258	0.01385	0.02381	0.00334	0.64078	0.00776	0.00363	0.00845
58	0.01893	0.01816	0.03101	0.08510	0.64365	0.01835	0.02367	0.02357	0.01753	0.02502	0.01454	0.01927	0.01217	0.00696	0.00768	0.00232	0.00928	0.00691	0.00382	0.01207
59	0.01721	0.01877	0.03776	0.05778	0.03497	0.01928	0.45313	0.02236	0.01668	0.02305	0.01662	0.07380	0.01442	0.00929	0.01227	0.00280	0.14649	0.00959	0.00405	0.00968
60	0.05446	0.01765	0.01939	0.01492	0.02107	0.01781	0.01213	0.30535	0.09940	0.08438	0.01905	0.01927	0.01406	0.00821	0.00699	0.00198	0.00710	0.00635	0.00674	0.26369
61	0.58880	0.01697	0.04736	0.01187	0.01709	0.01800	0.01029	0.12212	0.01717	0.03622	0.01286	0.01450	0.00976	0.00762	0.00542	0.00236	0.00656	0.00486	0.04093	0.00925
62	0.01830	0.02092	0.04575	0.03268	0.04052	0.01961	0.65098	0.02484	0.01830	0.02484	0.01569	0.02092	0.01176	0.00654	0.00915	0.00261	0.01307	0.00915	0.00392	0.01046
63	0.02034	0.01687	0.05176	0.01388	0.02051	0.01440	0.01173	0.13982	0.09876	0.08162	0.01813	0.01891	0.01378	0.00735	0.00661	0.00171	0.00666	0.00584	0.00589	0.44542

[dist]
# distance from previous block
# <min> <max>
0	2

[block]
# block no. 2 follows, 25 sequences, length 13
# corresponding to MSA columns:
# 140-152
name=unknown_C
#
# <colnr> <probs for GDERKNQSTAVLIFYWHMCP>
#	G	D	E	R	K	N	Q	S	T	A	V	L	I	F	Y	W	H	M	C	P
0	0.01494	0.01409	0.02380	0.66503	0.09489	0.01731	0.02168	0.02007	0.01565	0.02018	0.01383	0.02057	0.01046	0.00770	0.00775	0.00257	0.01026	0.00689	0.00347	0.00886
1	0.01326	0.01067	0.01502	0.01407	0.01541	0.01306	0.01112	0.05167	0.01369	0.01977	0.01883	0.02818	0.01770	0.07796	0.50039	0.00994	0.14946	0.00808	0.00424	0.00748
2	0.01555	0.04011	0.68733	0.02210	0.03356	0.01801	0.02865	0.02455	0.01637	0.02455	0.01391	0.01637	0.00982	0.00737	0.00737	0.00246	0.01146	0.00573	0.00327	0.01146
3	0.02073	0.73217	0.04063	0.01327	0.01990	0.03068	0.01327	0.02322	0.01575	0.01824	0.01078	0.01244	0.00995	0.00663	0.00498	0.00166	0.00829	0.00415	0.00332	0.00995
4	0.06196	0.01532	0.01813	0.01553	0.05970	0.03923	0.01165	0.07897	0.06203	0.27753	0.05351	0.02297	0.01814	0.00851	0.00710	0.00204	0.00675	0.00686	0.00708	0.22698
5	0.01364	0.00744	0.01118	0.07665	0.01417	0.00777	0.00807	0.01152	0.01099	0.01502	0.01422	0.02362	0.01356	0.02401	0.02662	0.65336	0.00689	0.00678	0.05039	0.00410
6	0.00945	0.00675	0.00900	0.01080	0.01125	0.00630	0.00720	0.01080	0.01484	0.01979	0.04274	0.72245	0.05128	0.02429	0.00990	0.00315	0.00450	0.02204	0.00720	0.00630
7	0.00958	0.00698	0.00903	0.01039	0.01120	0.00643	0.00708	0.01124	0.01588	0.02111	0.11356	0.58685	0.11623	0.02293	0.00974	0.00302	0.00435	0.02062	0.00734	0.00643
8	0.01464	0.01378	0.02326	0.70887	0.05340	0.01723	0.02153	0.01981	0.01550	0.01981	0.01378	0.02067	0.01034	0.00775	0.00775	0.00258	0.01034	0.00689	0.00345	0.00861
9	0.01738	0.28464	0.45883	0.01898	0.02873	0.02248	0.02321	0.02408	0.01615	0.02232	0.01281	0.01498	0.00987	0.00711	0.00652	0.00217	0.01034	0.00517	0.00329	0.01093
10	0.78228	0.01499	0.01140	0.01020	0.01499	0.01739	0.00840	0.02279	0.01320	0.03479	0.01080	0.01260	0.00840	0.00720	0.00480	0.00240	0.00600	0.00420	0.00480	0.00840
11	0.00945	0.00675	0.00900	0.01080	0.01125	0.00630	0.00720	0.01080	0.01484	0.01979	0.04274	0.72245	0.05128	0.02429	0.00990	0.00315	0.00450	0.02204	0.00720	0.00630
12	0.02856	0.07302	0.02304	0.01950	0.02376	0.62347	0.01488	0.06532	0.02245	0.02061	0.01229	0.01416	0.01016	0.00799	0.00693	0.00200	0.01338	0.00506	0.00417	0.00927

[dist]
# distance from previous block
# <min> <max>
0	1

[block]
# block no. 3 follows, 25 sequences, length 340
# corresponding to MSA columns:
# 154-315,384-561
name=unknown_D
#
# <colnr> <probs for GDERKNQSTAVLIFYWHMCP>
#	G	D	E	R	K	N	Q	S	T	A	V	L	I	F	Y	W	H	M	C	P
0	0.01893	0.01807	0.02857	0.21542	0.45877	0.04292	0.02240	0.05706	0.01827	0.02495	0.01450	0.01935	0.01175	0.00729	0.00768	0.00237	0.00964	0.00684	0.00395	0.01127
1	0.01968	0.01398	0.01666	0.01210	0.01882	0.01102	0.00976	0.04612	0.01785	0.13560	0.01675	0.01788	0.01283	0.00651	0.00616	0.00140	0.00599	0.00521	0.00554	0.62011
2	0.01604	0.10488	0.62681	0.02127	0.03228	0.01919	0.02721	0.02443	0.01631	0.02396	0.01362	0.01600	0.00983	0.00730	0.00714	0.00238	0.01116	0.00558	0.00328	0.01132
3	0.02947	0.02172	0.02327	0.01784	0.02404	0.02404	0.01474	0.65329	0.03646	0.04887	0.01862	0.01862	0.01319	0.00931	0.00776	0.00233	0.00853	0.00698	0.00776	0.01319
4	0.08870	0.02908	0.02137	0.02027	0.07023	0.41860	0.01465	0.10568	0.08436	0.05281	0.01551	0.01674	0.01210	0.00831	0.00707	0.00217	0.01128	0.00578	0.00510	0.01017
5	0.01555	0.04011	0.68733	0.02210	0.03356	0.01801	0.02865	0.02455	0.01637	0.02455	0.01391	0.01637	0.00982	0.00737	0.00737	0.00246	0.01146	0.00573	0.00327	0.01146
6	0.01830	0.02092	0.04575	0.03268	0.04052	0.01961	0.65098	0.02484	0.01830	0.02484	0.01569	0.02092	0.01176	0.00654	0.00915	0.00261	0.01307	0.00915	0.00392	0.01046
7	0.01480	0.01394	0.02353	0.68651	0.07457	0.01727	0.02161	0.01995	0.01558	0.02000	0.01381	0.02062	0.01040	0.00772	0.00775	0.00257	0.01030	0.00689	0.00346	0.00874
8	0.01790	0.02027	0.04408	0.03168	0.03919	0.01900	0.62162	0.02420	0.01814	0.02461	0.01692	0.05291	0.01357	0.00735	0.00918	0.00264	0.01268	0.00974	0.00407	0.01027
9	0.02845	0.03610	0.02205	0.01999	0.02382	0.66761	0.01507	0.03044	0.02154	0.01896	0.01191	0.01411	0.01000	0.00823	0.00778	0.00206	0.04390	0.00507	0.00397	0.00897
10	0.78228	0.01499	0.01140	0.01020	0.01499	0.01739	0.00840	0.02279	0.01320	0.03479	0.01080	0.01260	0.00840	0.00720	0.00480	0.00240	0.00600	0.00420	0.00480	0.00840
11	0.00943	0.00680	0.00894	0.01065	0.01121	0.00631	0.00713	0.01081	0.01499	0.01985	0.04454	0.68988	0.08269	0.02406	0.00986	0.00312	0.00447	0.02176	0.00720	0.00631
12	0.01919	0.01842	0.03147	0.04759	0.67914	0.01842	0.02380	0.02380	0.01765	0.02533	0.01458	0.01919	0.01228	0.00691	0.00768	0.00230	0.00921	0.00691	0.00384	0.01228
13	0.01249	0.00892	0.01249	0.01428	0.01606	0.00892	0.01249	0.01606	0.01785	0.02320	0.04105	0.08746	0.04462	0.02142	0.01071	0.00357	0.00714	0.62695	0.00714	0.00714
14	0.01097	0.00793	0.01036	0.00975	0.01158	0.00732	0.00732	0.01463	0.02195	0.03109	0.67505	0.05792	0.07316	0.01585	0.00914	0.00244	0.00366	0.01402	0.00854	0.00732
15	0.02036	0.68235	0.08719	0.01390	0.02088	0.02977	0.01437	0.02331	0.01580	0.01870	0.01101	0.01272	0.00994	0.00669	0.00515	0.00172	0.00852	0.00426	0.00331	0.01006
16	0.01830	0.02092	0.04575	0.03268	0.04052	0.01961	0.65098	0.02484	0.01830	0.02484	0.01569	0.02092	0.01176	0.00654	0.00915	0.00261	0.01307	0.00915	0.00392	0.01046
17	0.03350	0.01291	0.01758	0.01358	0.01935	0.01118	0.01118	0.03653	0.02218	0.64918	0.06543	0.02810	0.02211	0.00993	0.00787	0.00240	0.00644	0.00813	0.00954	0.01288
18	0.00916	0.00785	0.00785	0.00785	0.01047	0.00655	0.00589	0.01113	0.01767	0.02095	0.07855	0.07462	0.67599	0.01964	0.00916	0.00262	0.00393	0.01636	0.00720	0.00655
19	0.01347	0.00673	0.01010	0.01010	0.01010	0.00673	0.00673	0.01010	0.01010	0.01347	0.01347	0.02357	0.01347	0.02694	0.03030	0.77441	0.00673	0.00673	0.00337	0.00337
20	0.02947	0.02172	0.02327	0.01784	0.02404	0.02404	0.01474	0.65329	0.03646	0.04887	0.01862	0.01862	0.01319	0.00931	0.00776	0.00233	0.00853	0.00698	0.00776	0.01319
21	0.01919	0.01842	0.03147	0.04759	0.67914	0.01842	0.02380	0.02380	0.01765	0.02533	0.01458	0.01919	0.01228	0.00691	0.00768	0.00230	0.00921	0.00691	0.00384	0.01228
22	0.01919	0.01842	0.03147	0.04759	0.67914	0.01842	0.02380	0.02380	0.01765	0.02533	0.01458	0.01919	0.01228	0.00691	0.00768	0.00230	0.00921	0.00691	0.00384	0.01228
23	0.01249	0.00892	0.01249	0.01428	0.01606	0.00892	0.01249	0.01606	0.01785	0.02320	0.04105	0.08746	0.04462	0.02142	0.01071	0.00357	0.00714	0.62695	0.00714	0.00714
24	0.02947	0.02172	0.02327	0.01784	0.02404	0.02404	0.01474	0.65329	0.03646	0.04887	0.01862	0.01862	0.01319	0.00931	0.00776	0.00233	0.00853	0.00698	0.00776	0.01319
25	0.02810	0.03484	0.02135	0.01931	0.02319	0.63381	0.01445	0.05583	0.02204	0.02002	0.01289	0.01602	0.01104	0.04422	0.00866	0.00229	0.01343	0.00539	0.00419	0.00895
26	0.74351	0.01462	0.01125	0.01011	0.01467	0.01690	0.00821	0.02221	0.01310	0.03379	0.01148	0.01451	0.00939	0.04341	0.00654	0.00266	0.00607	0.00455	0.00479	0.00821
27	0.01500	0.00890	0.01160	0.01061	0.01322	0.00806	0.00827	0.01838	0.02129	0.14145	0.46207	0.05627	0.11789	0.01555	0.00903	0.00253	0.00445	0.05873	0.00849	0.00824
28	0.01464	0.01378	0.02326	0.70887	0.05340	0.01723	0.02153	0.01981	0.01550	0.01981	0.01378	0.02067	0.01034	0.00775	0.00775	0.00258	0.01034	0.00689	0.00345	0.00861
29	0.01464	0.01378	0.02326	0.70887	0.05340	0.01723	0.02153	0.01981	0.01550	0.01981	0.01378	0.02067	0.01034	0.00775	0.00775	0.00258	0.01034	0.00689	0.00345	0.00861
30	0.01879	0.01622	0.01706	0.01539	0.01968	0.01866	0.01196	0.03972	0.63324	0.03187	0.03387	0.03118	0.05580	0.01097	0.00795	0.00263	0.00603	0.00914	0.00786	0.01199
31	0.01608	0.01378	0.01608	0.01148	0.01837	0.01034	0.00919	0.01952	0.01608	0.02527	0.01378	0.01608	0.01148	0.00574	0.00574	0.00115	0.00574	0.00459	0.00459	0.77491
32	0.01097	0.00793	0.01036	0.00975	0.01158	0.00732	0.00732	0.01463	0.02195	0.03109	0.67505	0.05792	0.07316	0.01585	0.00914	0.00244	0.00366	0.01402	0.00854	0.00732
33	0.02947	0.02172	0.02327	0.01784	0.02404	0.02404	0.01474	0.65329	0.03646	0.04887	0.01862	0.01862	0.01319	0.00931	0.00776	0.00233	0.00853	0.00698	0.00776	0.01319
34	0.03457	0.01355	0.01821	0.01396	0.01997	0.01192	0.01153	0.06336	0.02278	0.65811	0.03009	0.02607	0.01894	0.00958	0.00780	0.00240	0.00668	0.00776	0.00952	0.01319
35	0.01617	0.12326	0.60963	0.02104	0.03192	0.01953	0.02680	0.02439	0.01630	0.02380	0.01354	0.01590	0.00984	0.00728	0.00708	0.00236	0.01108	0.00554	0.00328	0.01128
36	0.01830	0.02092	0.04575	0.03268	0.04052	0.01961	0.65098	0.02484	0.01830	0.02484	0.01569	0.02092	0.01176	0.00654	0.00915	0.00261	0.01307	0.00915	0.00392	0.01046
37	0.03479	0.01320	0.01799	0.01380	0.01979	0.01140	0.01140	0.03779	0.02219	0.68451	0.03059	0.02639	0.01919	0.00960	0.00780	0.00240	0.00660	0.00780	0.00960	0.01320
38	0.01464	0.01378	0.02326	0.70887	0.05340	0.01723	0.02153	0.01981	0.01550	0.01981	0.01378	0.02067	0.01034	0.00775	0.00775	0.00258	0.01034	0.00689	0.00345	0.00861
39	0.02929	0.01416	0.01779	0.01407	0.01931	0.01353	0.01144	0.17497	0.02504	0.42278	0.10710	0.06608	0.02613	0.01109	0.00807	0.00243	0.00657	0.00914	0.00891	0.01210
40	0.01109	0.00827	0.01226	0.01226	0.01358	0.00958	0.00945	0.01372	0.01240	0.01785	0.02095	0.03146	0.01982	0.09112	0.66440	0.01222	0.02012	0.00845	0.00418	0.00681
41	0.02896	0.03695	0.02197	0.01998	0.02397	0.69638	0.01498	0.03096	0.02197	0.01898	0.01199	0.01398	0.00999	0.00799	0.00699	0.00200	0.01398	0.00499	0.00400	0.00899
42	0.01476	0.01030	0.01460	0.27965	0.05914	0.01163	0.01254	0.01902	0.01604	0.02522	0.02033	0.02525	0.01582	0.00843	0.00643	0.00213	0.00648	0.00708	0.43712	0.00801
43	0.01798	0.02040	0.04441	0.03188	0.03945	0.01912	0.62750	0.02432	0.01817	0.02465	0.01667	0.04650	0.01321	0.00718	0.00918	0.00263	0.01276	0.00962	0.00404	0.01031
44	0.00964	0.00792	0.00852	0.00850	0.01094	0.00680	0.00646	0.01198	0.01842	0.02282	0.18029	0.07235	0.54020	0.01907	0.00924	0.00263	0.00404	0.04604	0.00743	0.00671
45	0.01464	0.01378	0.02326	0.70887	0.05340	0.01723	0.02153	0.01981	0.01550	0.01981	0.01378	0.02067	0.01034	0.00775	0.00775	0.00258	0.01034	0.00689	0.00345	0.00861
46	0.01695	0.01375	0.01617	0.01159	0.01844	0.01039	0.00929	0.02037	0.01636	0.05585	0.01456	0.01656	0.01184	0.00592	0.00584	0.00121	0.00578	0.00474	0.00483	0.73957
47	0.03479	0.01320	0.01799	0.01380	0.01979	0.01140	0.01140	0.03779	0.02219	0.68451	0.03059	0.02639	0.01919	0.00960	0.00780	0.00240	0.00660	0.00780	0.00960	0.01320
48	0.03904	0.00818	0.01031	0.00970	0.01167	0.00765	0.00730	0.01480	0.02147	0.03085	0.62862	0.05689	0.09323	0.01568	0.00899	0.00244	0.00375	0.01375	0.00835	0.00733
49	0.00945	0.00675	0.00900	0.01080	0.01125	0.00630	0.00720	0.01080	0.01484	0.01979	0.04274	0.72245	0.05128	0.02429	0.00990	0.00315	0.00450	0.02204	0.00720	0.00630
50	0.02028	0.67230	0.09658	0.01403	0.02108	0.02958	0.01460	0.02333	0.01581	0.01879	0.01105	0.01278	0.00994	0.00670	0.00518	0.00173	0.00857	0.00428	0.00331	0.01008
51	0.02557	0.01948	0.02115	0.01619	0.02242	0.02047	0.01325	0.45871	0.07876	0.04210	0.01845	0.01879	0.01357	0.00856	0.00729	0.00207	0.00770	0.00655	0.00702	0.19187
52	0.02885	0.02490	0.02269	0.01822	0.02383	0.17528	0.01467	0.48231	0.06480	0.04131	0.01777	0.01809	0.01299	0.00907	0.00759	0.00227	0.00964	0.00662	0.00692	0.01219
53	0.02931	0.02107	0.02276	0.01755	0.02367	0.02321	0.01446	0.59616	0.06263	0.08012	0.01977	0.01945	0.01394	0.00937	0.00776	0.00234	0.00833	0.00710	0.00785	0.01315
54	0.05066	0.01426	0.02344	0.61697	0.10791	0.01734	0.02113	0.02031	0.01559	0.02100	0.01372	0.02016	0.01042	0.00765	0.00761	0.00255	0.01003	0.00677	0.00354	0.00893
55	0.01121	0.00841	0.01180	0.01096	0.01292	0.00780	0.03424	0.01480	0.02108	0.02964	0.57368	0.11090	0.06781	0.01635	0.00926	0.00254	0.00424	0.03682	0.00819	0.00736
56	0.01955	0.01840	0.03068	0.07427	0.61696	0.01868	0.02321	0.05766	0.01858	0.02637	0.01477	0.01922	0.01225	0.00707	0.00768	0.00232	0.00922	0.00691	0.00403	0.01217
57	0.01347	0.00673	0.01010	0.01010	0.01010	0.00673	0.00673	0.01010	0.01010	0.01347	0.01347	0.02357	0.01347	0.02694	0.03030	0.77441	0.00673	0.00673	0.00337	0.00337
58	0.01929	0.01666	0.01753	0.01578	0.02016	0.01929	0.01227	0.04120	0.66513	0.03243	0.03156	0.02893	0.02367	0.01052	0.00789	0.00263	0.00614	0.00877	0.00789	0.01227
59	0.02899	0.03632	0.02203	0.01989	0.02397	0.66845	0.01497	0.05681	0.02257	0.02022	0.01226	0.01417	0.01012	0.00804	0.00702	0.00201	0.01376	0.00508	0.00415	0.00916
60	0.01929	0.01666	0.01753	0.01578	0.02016	0.01929	0.01227	0.04120	0.66513	0.03243	0.03156	0.02893	0.02367	0.01052	0.00789	0.00263	0.00614	0.00877	0.00789	0.01227
61	0.06065	0.01826	0.02044	0.01597	0.02175	0.01940	0.01311	0.39454	0.07604	0.21397	0.04964	0.02279	0.01781	0.00965	0.00771	0.00238	0.00754	0.00750	0.00816	0.01268
62	0.01680	0.01680	0.02416	0.02053	0.02087	0.02309	0.04029	0.01872	0.01213	0.01887	0.01077	0.01760	0.01057	0.01492	0.04910	0.00369	0.66223	0.00693	0.00344	0.00850
63	0.01747	0.01811	0.03154	0.02573	0.06041	0.02136	0.24798	0.02115	0.01467	0.02163	0.01297	0.01896	0.01122	0.01050	0.01787	0.00300	0.39626	0.00767	0.03215	0.00935
64	0.01608	0.01378	0.01608	0.01148	0.01837	0.01034	0.00919	0.01952	0.01608	0.02527	0.01378	0.01608	0.01148	0.00574	0.00574	0.00115	0.00574	0.00459	0.00459	0.77491
65	0.01861	0.06200	0.27729	0.01742	0.02582	0.06527	0.04674	0.02414	0.01718	0.07521	0.01494	0.01687	0.01127	0.00691	0.00673	0.00190	0.00907	0.00549	0.00433	0.29279
66	0.01216	0.00969	0.01354	0.01298	0.01376	0.01171	0.00984	0.01406	0.01217	0.01752	0.02041	0.05750	0.02079	0.19885	0.39904	0.00932	0.14654	0.00919	0.00424	0.00669
67	0.00953	0.00681	0.00907	0.01074	0.01126	0.00635	0.00720	0.01100	0.01523	0.02040	0.07692	0.68652	0.05246	0.02384	0.00986	0.00311	0.00445	0.02161	0.00727	0.00635
68	0.01082	0.00792	0.01015	0.00960	0.01149	0.00725	0.00720	0.01434	0.02159	0.03024	0.62515	0.05932	0.12359	0.01617	0.00915	0.00245	0.00368	0.01422	0.00842	0.00725
69	0.78228	0.01499	0.01140	0.01020	0.01499	0.01739	0.00840	0.02279	0.01320	0.03479	0.01080	0.01260	0.00840	0.00720	0.00480	0.00240	0.00600	0.00420	0.00480	0.00840
70	0.01706	0.24233	0.49837	0.01952	0.02957	0.02171	0.02415	0.02416	0.01619	0.02271	0.01300	0.01522	0.00986	0.00715	0.00667	0.00222	0.01053	0.00527	0.00329	0.01102
71	0.01555	0.04011	0.68733	0.02210	0.03356	0.01801	0.02865	0.02455	0.01637	0.02455	0.01391	0.01637	0.00982	0.00737	0.00737	0.00246	0.01146	0.00573	0.00327	0.01146
72	0.03479	0.01320	0.01799	0.01380	0.01979	0.01140	0.01140	0.03779	0.02219	0.68451	0.03059	0.02639	0.01919	0.00960	0.00780	0.00240	0.00660	0.00780	0.00960	0.01320
73	0.00955	0.00688	0.00905	0.01059	0.01124	0.00638	0.00715	0.01109	0.01548	0.02067	0.09048	0.64617	0.07961	0.02348	0.00981	0.00307	0.00441	0.02121	0.00730	0.00638
74	0.01218	0.00968	0.01409	0.01354	0.01471	0.01189	0.01071	0.01481	0.01252	0.01856	0.01922	0.02818	0.01789	0.04880	0.55798	0.01053	0.13362	0.00801	0.03587	0.00719
75	0.01097	0.00793	0.01036	0.00975	0.01158	0.00732	0.00732	0.01463	0.02195	0.03109	0.67505	0.05792	0.07316	0.01585	0.00914	0.00244	0.00366	0.01402	0.00854	0.00732
76	0.02854	0.03615	0.02239	0.02118	0.05249	0.66686	0.01537	0.03065	0.02178	0.01925	0.01210	0.01421	0.01009	0.00794	0.00702	0.00201	0.01377	0.00508	0.00399	0.00913
77	0.01624	0.01393	0.01615	0.01170	0.01846	0.01079	0.00934	0.02061	0.04871	0.02563	0.01467	0.01672	0.01210	0.00598	0.00585	0.00122	0.00576	0.00480	0.00476	0.73656
78	0.02449	0.01806	0.01969	0.01638	0.02153	0.02005	0.01322	0.29201	0.31844	0.09516	0.02661	0.02734	0.01999	0.01048	0.00797	0.00253	0.00721	0.03840	0.00795	0.01248
79	0.02073	0.73217	0.04063	0.01327	0.01990	0.03068	0.01327	0.02322	0.01575	0.01824	0.01078	0.01244	0.00995	0.00663	0.00498	0.00166	0.00829	0.00415	0.00332	0.00995
80	0.05366	0.00820	0.00808	0.00780	0.00994	0.00841	0.00594	0.04379	0.01692	0.03000	0.02430	0.02767	0.01903	0.00895	0.00548	0.00186	0.00393	0.00706	0.70145	0.00752
81	0.01108	0.00831	0.01246	0.01246	0.01385	0.00969	0.00969	0.01385	0.01246	0.01800	0.02077	0.03046	0.01938	0.05815	0.69678	0.01246	0.02077	0.00831	0.00415	0.00692
82	0.02882	0.05738	0.02305	0.01907	0.02385	0.46514	0.01484	0.22245	0.02621	0.02816	0.01398	0.01535	0.01097	0.00835	0.00715	0.00209	0.01210	0.00558	0.00513	0.01032
83	0.00997	0.00806	0.00890	0.00894	0.01118	0.00716	0.00660	0.01297	0.04307	0.02335	0.19625	0.15397	0.44387	0.01911	0.00921	0.00265	0.00403	0.01633	0.00750	0.00689
84	0.01696	0.01696	0.02375	0.02036	0.02036	0.02375	0.01696	0.01866	0.01187	0.01866	0.01018	0.01696	0.01018	0.01357	0.02545	0.00339	0.71332	0.00679	0.00339	0.00848
85	0.01347	0.00673	0.01010	0.01010	0.01010	0.00673	0.00673	0.01010	0.01010	0.01347	0.01347	0.02357	0.01347	0.02694	0.03030	0.77441	0.00673	0.00673	0.00337	0.00337
86	0.01608	0.01378	0.01608	0.01148	0.01837	0.01034	0.00919	0.01952	0.01608	0.02527	0.01378	0.01608	0.01148	0.00574	0.00574	0.00115	0.00574	0.00459	0.00459	0.77491
87	0.01010	0.00799	0.00915	0.00914	0.01142	0.00704	0.00704	0.01277	0.01907	0.02445	0.26700	0.07058	0.41556	0.01860	0.00932	0.00266	0.00418	0.07945	0.00762	0.00686
88	0.01373	0.00927	0.01147	0.07393	0.01563	0.00943	0.00867	0.06248	0.02032	0.03002	0.31846	0.04405	0.06866	0.01280	0.00779	0.00229	0.00473	0.03000	0.24847	0.00780
89	0.01469	0.01363	0.02274	0.65169	0.05026	0.01707	0.02074	0.01937	0.01513	0.01950	0.01362	0.02064	0.01046	0.00878	0.00941	0.03418	0.03939	0.00688	0.00344	0.00839
90	0.75229	0.01492	0.01166	0.01034	0.01519	0.01715	0.00852	0.02339	0.01356	0.06086	0.01159	0.01315	0.00883	0.00729	0.00492	0.00240	0.00602	0.00434	0.00499	0.00859
91	0.01795	0.02022	0.04357	0.09816	0.04177	0.01938	0.59002	0.02435	0.01803	0.02435	0.01550	0.02089	0.01163	0.00665	0.00901	0.00261	0.01281	0.00893	0.00388	0.01028
92	0.00952	0.00678	0.00897	0.01070	0.01113	0.00635	0.00709	0.01082	0.01470	0.01960	0.04197	0.69454	0.05032	0.05350	0.01112	0.00333	0.00462	0.02160	0.00709	0.00623
93	0.02896	0.03695	0.02197	0.01998	0.02397	0.69638	0.01498	0.03096	0.02197	0.01898	0.01199	0.01398	0.00999	0.00799	0.00699	0.00200	0.01398	0.00499	0.00400	0.00899
94	0.01059	0.00785	0.00990	0.00970	0.01154	0.00716	0.00726	0.01376	0.02045	0.02808	0.49440	0.12009	0.17211	0.01744	0.00927	0.00257	0.00391	0.03867	0.00814	0.00709
95	0.01696	0.01696	0.02375	0.02036	0.02036	0.02375	0.01696	0.01866	0.01187	0.01866	0.01018	0.01696	0.01018	0.01357	0.02545	0.00339	0.71332	0.00679	0.00339	0.00848
96	0.09281	0.01822	0.01985	0.01553	0.02131	0.01936	0.01271	0.37929	0.07900	0.13619	0.04886	0.02152	0.01693	0.00924	0.00740	0.00227	0.00739	0.00710	0.00754	0.07747
97	0.74667	0.01494	0.01195	0.04261	0.01678	0.01739	0.00901	0.02265	0.01330	0.03409	0.01093	0.01297	0.00849	0.00722	0.00494	0.00241	0.00620	0.00432	0.00474	0.00841
98	0.01876	0.01484	0.01711	0.01254	0.01911	0.01251	0.01011	0.12363	0.01984	0.05316	0.03930	0.01839	0.01429	0.00683	0.00627	0.00143	0.00615	0.00544	0.00544	0.59484
99	0.74519	0.01533	0.01198	0.01057	0.01544	0.01772	0.00871	0.05385	0.01434	0.03548	0.01118	0.01289	0.00863	0.00730	0.00494	0.00240	0.00612	0.00434	0.00494	0.00863
100	0.78228	0.01499	0.01140	0.01020	0.01499	0.01739	0.00840	0.02279	0.01320	0.03479	0.01080	0.01260	0.00840	0.00720	0.00480	0.00240	0.00600	0.00420	0.00480	0.00840
101	0.02947	0.02172	0.02327	0.01784	0.02404	0.02404	0.01474	0.65329	0.03646	0.04887	0.01862	0.01862	0.01319	0.00931	0.00776	0.00233	0.00853	0.00698	0.00776	0.01319
102	0.00957	0.00684	0.00914	0.01094	0.01145	0.00641	0.00742	0.01102	0.01497	0.01993	0.04267	0.69607	0.05101	0.02417	0.00993	0.00317	0.00461	0.04717	0.00720	0.00633
103	0.02150	0.01776	0.01878	0.01623	0.02101	0.02032	0.01281	0.17448	0.52824	0.03601	0.02874	0.02668	0.02139	0.01026	0.00786	0.00256	0.00666	0.00838	0.00786	0.01247
104	0.03456	0.01356	0.01822	0.01397	0.01997	0.01194	0.01154	0.06412	0.02280	0.65732	0.03008	0.02606	0.01894	0.00958	0.00780	0.00240	0.00668	0.00776	0.00952	0.01319
105	0.01122	0.00826	0.01054	0.00991	0.01187	0.00775	0.00745	0.01552	0.04650	0.03075	0.62707	0.05746	0.09476	0.01579	0.00910	0.00245	0.00376	0.01391	0.00846	0.00748
106	0.00973	0.00695	0.00932	0.01112	0.01169	0.00654	0.00769	0.01129	0.01512	0.02011	0.04258	0.66337	0.05066	0.02402	0.00997	0.00319	0.00474	0.07832	0.00719	0.00638
107	0.03358	0.01296	0.01770	0.01382	0.01959	0.01126	0.01146	0.03661	0.02196	0.64876	0.03115	0.02969	0.02057	0.01024	0.00795	0.00246	0.00663	0.04127	0.00946	0.01287
108	0.02068	0.70727	0.03983	0.01335	0.01991	0.03028	0.01323	0.02384	0.03836	0.01874	0.01150	0.01301	0.01043	0.00677	0.00508	0.00169	0.00822	0.00431	0.00348	0.01003
109	0.00951	0.00679	0.00905	0.01076	0.01126	0.00634	0.00720	0.01095	0.01513	0.02024	0.06773	0.69618	0.05215	0.02396	0.00987	0.00312	0.00447	0.02173	0.00725	0.00634
110	0.01568	0.03923	0.65807	0.02258	0.03388	0.01808	0.05703	0.02457	0.01646	0.02457	0.01400	0.01658	0.00991	0.00733	0.00745	0.00246	0.01153	0.00589	0.00330	0.01141
111	0.02305	0.01580	0.01798	0.01553	0.02008	0.01755	0.01231	0.03913	0.46848	0.19532	0.03016	0.02764	0.02182	0.01045	0.00882	0.00261	0.04448	0.00842	0.00807	0.01230
112	0.00917	0.00781	0.00790	0.00797	0.01050	0.00654	0.00594	0.01111	0.01756	0.02090	0.07716	0.09971	0.65180	0.01982	0.00919	0.00264	0.00395	0.01658	0.00720	0.00654
113	0.01347	0.00673	0.01010	0.01010	0.01010	0.00673	0.00673	0.01010	0.01010	0.01347	0.01347	0.02357	0.01347	0.02694	0.03030	0.77441	0.00673	0.00673	0.00337	0.00337
114	0.02892	0.02144	0.02296	0.01773	0.02384	0.02379	0.01460	0.62020	0.07044	0.04798	0.01932	0.01917	0.01375	0.00937	0.00776	0.00234	0.00840	0.00708	0.00776	0.01314
115	0.01660	0.01675	0.02454	0.02057	0.02186	0.04380	0.09134	0.01906	0.01307	0.01930	0.01256	0.01945	0.01181	0.01955	0.12837	0.00468	0.49735	0.00725	0.00360	0.00849
116	0.01953	0.01060	0.01331	0.01137	0.01497	0.00976	0.00895	0.05221	0.04784	0.24025	0.31854	0.04742	0.14531	0.01392	0.00860	0.00246	0.00497	0.01185	0.00861	0.00956
117	0.00920	0.00770	0.00801	0.00825	0.01058	0.00651	0.00607	0.01108	0.01729	0.02079	0.07369	0.16251	0.59124	0.02027	0.00926	0.00269	0.00400	0.01713	0.00720	0.00651
118	0.01824	0.02073	0.04475	0.03212	0.03960	0.01980	0.62206	0.02455	0.01801	0.02455	0.01544	0.02073	0.01169	0.00686	0.00989	0.00265	0.04501	0.00904	0.00390	0.01037
119	0.01919	0.01842	0.03147	0.04759	0.67914	0.01842	0.02380	0.02380	0.01765	0.02533	0.01458	0.01919	0.01228	0.00691	0.00768	0.00230	0.00921	0.00691	0.00384	0.01228
120	0.01518	0.01496	0.02248	0.01902	0.02082	0.04603	0.13422	0.01757	0.01430	0.01984	0.02146	0.21299	0.02329	0.07872	0.01854	0.00349	0.29274	0.01172	0.00467	0.00795
121	0.00945	0.00675	0.00900	0.01080	0.01125	0.00630	0.00720	0.01080	0.01484	0.01979	0.04274	0.72245	0.05128	0.02429	0.00990	0.00315	0.00450	0.02204	0.00720	0.00630
122	0.01674	0.17743	0.52336	0.02091	0.03120	0.02063	0.05922	0.02430	0.01635	0.02331	0.01338	0.01583	0.00995	0.00718	0.00698	0.00230	0.01091	0.00560	0.00332	0.01110
123	0.00941	0.00791	0.00819	0.00826	0.01080	0.00670	0.00628	0.01152	0.01786	0.02148	0.10144	0.07457	0.61921	0.01957	0.00924	0.00266	0.00408	0.04696	0.00725	0.00661
124	0.01608	0.01378	0.01608	0.01148	0.01837	0.01034	0.00919	0.01952	0.01608	0.02527	0.01378	0.01608	0.01148	0.00574	0.00574	0.00115	0.00574	0.00459	0.00459	0.77491
125	0.00955	0.00688	0.00908	0.01080	0.01139	0.00641	0.00734	0.01101	0.01508	0.01997	0.04420	0.67111	0.07776	0.02399	0.00990	0.00314	0.00457	0.04431	0.00720	0.00634
126	0.01919	0.01842	0.03147	0.04759	0.67914	0.01842	0.02380	0.02380	0.01765	0.02533	0.01458	0.01919	0.01228	0.00691	0.00768	0.00230	0.00921	0.00691	0.00384	0.01228
127	0.02035	0.68127	0.08819	0.01392	0.02090	0.02975	0.01440	0.02332	0.01580	0.01871	0.01101	0.01273	0.00994	0.00669	0.00515	0.00172	0.00852	0.00426	0.00331	0.01006
128	0.00945	0.00675	0.00900	0.01080	0.01125	0.00630	0.00720	0.01080	0.01484	0.01979	0.04274	0.72245	0.05128	0.02429	0.00990	0.00315	0.00450	0.02204	0.00720	0.00630
129	0.01919	0.01842	0.03147	0.04759	0.67914	0.01842	0.02380	0.02380	0.01765	0.02533	0.01458	0.01919	0.01228	0.00691	0.00768	0.00230	0.00921	0.00691	0.00384	0.01228
130	0.01108	0.00831	0.01246	0.01246	0.01385	0.00969	0.00969	0.01385	0.01246	0.01800	0.02077	0.03046	0.01938	0.05815	0.69678	0.01246	0.02077	0.00831	0.00415	0.00692
131	0.01108	0.00831	0.01246	0.01246	0.01385	0.00969	0.00969	0.01385	0.01246	0.01800	0.02077	0.03046	0.01938	0.05815	0.69678	0.01246	0.02077	0.00831	0.00415	0.00692
132	0.05324	0.01384	0.02266	0.67375	0.05147	0.01723	0.02087	0.01996	0.01539	0.02056	0.01363	0.02027	0.01024	0.00772	0.00760	0.00257	0.01012	0.00676	0.00351	0.00860
133	0.01445	0.00723	0.00723	0.00723	0.00903	0.00723	0.00542	0.01807	0.01626	0.02891	0.02529	0.02891	0.01987	0.00903	0.00542	0.00181	0.00361	0.00723	0.77055	0.00723
134	0.00923	0.00786	0.00795	0.00793	0.01052	0.00658	0.00595	0.01126	0.01784	0.02134	0.10180	0.07397	0.65250	0.01949	0.00916	0.00261	0.00392	0.01627	0.00725	0.00658
135	0.00945	0.00675	0.00900	0.01080	0.01125	0.00630	0.00720	0.01080	0.01484	0.01979	0.04274	0.72245	0.05128	0.02429	0.00990	0.00315	0.00450	0.02204	0.00720	0.00630
136	0.00945	0.00675	0.00900	0.01080	0.01125	0.00630	0.00720	0.01080	0.01484	0.01979	0.04274	0.72245	0.05128	0.02429	0.00990	0.00315	0.00450	0.02204	0.00720	0.00630
137	0.01064	0.00791	0.00990	0.00940	0.01138	0.00717	0.00705	0.01398	0.02115	0.02921	0.56424	0.06102	0.18514	0.01655	0.00915	0.00247	0.00371	0.01446	0.00829	0.00717
138	0.01608	0.01378	0.01608	0.01148	0.01837	0.01034	0.00919	0.01952	0.01608	0.02527	0.01378	0.01608	0.01148	0.00574	0.00574	0.00115	0.00574	0.00459	0.00459	0.77491
139	0.02099	0.67535	0.03894	0.01363	0.02007	0.05615	0.01329	0.02427	0.04297	0.01886	0.01169	0.01318	0.01052	0.00685	0.00517	0.00171	0.00842	0.00437	0.00353	0.01001
140	0.00916	0.00785	0.00785	0.00785	0.01047	0.00655	0.00589	0.01113	0.01767	0.02095	0.07855	0.07462	0.67599	0.01964	0.00916	0.00262	0.00393	0.01636	0.00720	0.00655
141	0.01122	0.00826	0.01224	0.01224	0.01364	0.00959	0.00951	0.01403	0.01262	0.01847	0.02096	0.03039	0.01940	0.05605	0.66721	0.01201	0.02003	0.00826	0.03694	0.00694
142	0.02896	0.03695	0.02197	0.01998	0.02397	0.69638	0.01498	0.03096	0.02197	0.01898	0.01199	0.01398	0.00999	0.00799	0.00699	0.00200	0.01398	0.00499	0.00400	0.00899
143	0.01464	0.01378	0.02326	0.70887	0.05340	0.01723	0.02153	0.01981	0.01550	0.01981	0.01378	0.02067	0.01034	0.00775	0.00775	0.00258	0.01034	0.00689	0.00345	0.00861
144	0.01805	0.02133	0.07129	0.03099	0.03867	0.01935	0.57736	0.02440	0.01790	0.02462	0.01534	0.02040	0.01161	0.00680	0.00954	0.00258	0.03827	0.00875	0.00390	0.03886
145	0.01696	0.01696	0.02375	0.02036	0.02036	0.02375	0.01696	0.01866	0.01187	0.01866	0.01018	0.01696	0.01018	0.01357	0.02545	0.00339	0.71332	0.00679	0.00339	0.00848
146	0.01120	0.00812	0.00957	0.00908	0.01144	0.00715	0.00686	0.01407	0.02005	0.05500	0.38006	0.06402	0.34058	0.01727	0.00909	0.00252	0.00391	0.01480	0.00798	0.00723
147	0.01919	0.01842	0.03147	0.04759	0.67914	0.01842	0.02380	0.02380	0.01765	0.02533	0.01458	0.01919	0.01228	0.00691	0.00768	0.00230	0.00921	0.00691	0.00384	0.01228
148	0.01700	0.03809	0.63708	0.02148	0.03252	0.01751	0.02735	0.02555	0.01681	0.07411	0.01517	0.01712	0.01053	0.00753	0.00740	0.00245	0.01109	0.00588	0.00375	0.01159
