[name]
unknown

[dist]
# distance from previous block
# <min> <max>
7	109

[block]
# block no. 0 follows, 22 sequences, length 10
# corresponding to MSA columns:
# 115-124
name=unknown_A
#
# <colnr> <probs for GDERKNQSTAVLIFYWHMCP>
#	G	D	E	R	K	N	Q	S	T	A	V	L	I	F	Y	W	H	M	C	P
0	0.06159	0.14290	0.02757	0.05439	0.07235	0.02529	0.01599	0.35321	0.09828	0.04045	0.01903	0.01987	0.01430	0.00923	0.00765	0.00242	0.00884	0.00701	0.00679	0.01284
1	0.40737	0.05019	0.01808	0.04533	0.06715	0.01781	0.01192	0.05280	0.01749	0.11063	0.01546	0.01705	0.01162	0.00787	0.00621	0.00233	0.00717	0.00551	0.00566	0.12235
2	0.03158	0.02327	0.02493	0.01911	0.02576	0.02576	0.01579	0.62852	0.03906	0.05236	0.01995	0.01995	0.01413	0.00997	0.00831	0.00249	0.00914	0.00748	0.00831	0.01413
3	0.01210	0.00819	0.01006	0.01017	0.01066	0.00852	0.00652	0.01312	0.01290	0.01798	0.02641	0.08528	0.02886	0.47437	0.19134	0.00873	0.01107	0.01174	0.04610	0.00586
4	0.01187	0.00890	0.01335	0.01335	0.01483	0.01038	0.01038	0.01483	0.01335	0.01928	0.02225	0.03264	0.02077	0.06231	0.67512	0.01335	0.02225	0.00890	0.00445	0.00742
5	0.03158	0.02327	0.02493	0.01911	0.02576	0.02576	0.01579	0.62852	0.03906	0.05236	0.01995	0.01995	0.01413	0.00997	0.00831	0.00249	0.00914	0.00748	0.00831	0.01413
6	0.01950	0.38555	0.34727	0.01884	0.02847	0.02624	0.02227	0.02558	0.01720	0.02285	0.01319	0.01539	0.01059	0.00749	0.00658	0.00219	0.01054	0.00527	0.00353	0.01145
7	0.02159	0.63856	0.11261	0.01527	0.02295	0.03136	0.01605	0.02503	0.01695	0.02030	0.01192	0.01379	0.01065	0.00719	0.00562	0.00187	0.00926	0.00463	0.00355	0.01084
8	0.01187	0.00890	0.01335	0.01335	0.01483	0.01038	0.01038	0.01483	0.01335	0.01928	0.02225	0.03264	0.02077	0.06231	0.67512	0.01335	0.02225	0.00890	0.00445	0.00742
9	0.01819	0.22703	0.49429	0.02108	0.03194	0.02302	0.02617	0.02592	0.01736	0.02445	0.01399	0.01638	0.01056	0.00768	0.00719	0.00240	0.01135	0.00567	0.00352	0.01183

[dist]
# distance from previous block
# <min> <max>
3	6

[block]
# block no. 1 follows, 22 sequences, length 8
# corresponding to MSA columns:
# 131-138
name=unknown_B
#
# <colnr> <probs for GDERKNQSTAVLIFYWHMCP>
#	G	D	E	R	K	N	Q	S	T	A	V	L	I	F	Y	W	H	M	C	P
0	0.08341	0.22001	0.35303	0.01992	0.02949	0.02246	0.05610	0.02694	0.01770	0.07742	0.01528	0.01720	0.01137	0.00781	0.00711	0.00240	0.01053	0.00592	0.00425	0.01165
1	0.07797	0.05076	0.02654	0.45518	0.04620	0.01863	0.09919	0.02222	0.01688	0.02398	0.01565	0.02177	0.01195	0.00814	0.00788	0.00264	0.01036	0.00735	0.06729	0.00942
2	0.03075	0.02286	0.02446	0.01895	0.02545	0.02537	0.01559	0.58406	0.08488	0.05102	0.02100	0.02079	0.01498	0.01007	0.00832	0.00252	0.00895	0.00762	0.00832	0.01405
3	0.01130	0.00862	0.01191	0.11555	0.01859	0.00879	0.00965	0.01331	0.01597	0.02107	0.06457	0.44891	0.07912	0.11555	0.01449	0.00386	0.00616	0.01886	0.00678	0.00696
4	0.03045	0.02271	0.02429	0.01889	0.02533	0.02523	0.01552	0.56791	0.10152	0.05053	0.02138	0.02109	0.01529	0.01011	0.00833	0.00253	0.00888	0.00768	0.00833	0.01403
5	0.02184	0.01571	0.01845	0.01348	0.02064	0.01302	0.01090	0.09729	0.02081	0.12114	0.01797	0.01914	0.01371	0.00721	0.00673	0.00158	0.00665	0.00572	0.00610	0.56192
6	0.05964	0.01389	0.01828	0.05506	0.02104	0.01540	0.04642	0.17256	0.02051	0.02903	0.02204	0.06682	0.02028	0.10490	0.28772	0.00765	0.01445	0.00941	0.00566	0.00925
7	0.03083	0.02270	0.02389	0.01852	0.02501	0.05000	0.01518	0.51306	0.06253	0.09002	0.02089	0.02066	0.01483	0.00982	0.00819	0.00244	0.00899	0.00742	0.00814	0.04687

[dist]
# distance from previous block
# <min> <max>
9	14

[block]
# block no. 2 follows, 22 sequences, length 12
# corresponding to MSA columns:
# 153-164
name=unknown_C
#
# <colnr> <probs for GDERKNQSTAVLIFYWHMCP>
#	G	D	E	R	K	N	Q	S	T	A	V	L	I	F	Y	W	H	M	C	P
0	0.03086	0.01574	0.01934	0.01539	0.02147	0.01516	0.01247	0.07829	0.18197	0.40477	0.03058	0.02743	0.02063	0.01014	0.00818	0.00251	0.00700	0.00825	0.00920	0.08062
1	0.01937	0.01875	0.03250	0.17521	0.46154	0.01923	0.07224	0.02454	0.01844	0.02592	0.01551	0.02089	0.01266	0.00750	0.00828	0.00250	0.01029	0.00749	0.00407	0.04306
2	0.01752	0.01679	0.02775	0.39215	0.06975	0.01886	0.12203	0.02633	0.12772	0.02512	0.01851	0.02339	0.01402	0.00844	0.00845	0.00267	0.01042	0.00799	0.00471	0.05737
3	0.01672	0.01126	0.01345	0.01238	0.01557	0.01096	0.00971	0.07485	0.07692	0.09937	0.25050	0.09921	0.18270	0.01719	0.00962	0.00283	0.00546	0.07345	0.00858	0.00928
4	0.02807	0.02115	0.02286	0.01785	0.02413	0.02288	0.01455	0.48005	0.09420	0.04660	0.02181	0.04925	0.01673	0.01036	0.00819	0.00242	0.00839	0.00806	0.00793	0.09453
5	0.11969	0.01959	0.02284	0.17217	0.03141	0.02198	0.01631	0.36061	0.02941	0.09792	0.01886	0.02040	0.01336	0.00933	0.00792	0.00257	0.00906	0.00717	0.00703	0.01236
6	0.03053	0.02559	0.02416	0.01931	0.02539	0.13639	0.01560	0.47562	0.08895	0.04534	0.01994	0.02006	0.01452	0.00984	0.00818	0.00246	0.00992	0.00728	0.00763	0.01327
7	0.02201	0.01642	0.01933	0.01438	0.02106	0.01470	0.01168	0.13067	0.02152	0.10000	0.01740	0.01897	0.01344	0.00780	0.00810	0.00175	0.04987	0.00589	0.00602	0.49898
8	0.01250	0.01011	0.01248	0.01197	0.01400	0.00978	0.00867	0.01433	0.01582	0.02172	0.04020	0.31584	0.13901	0.10675	0.01548	0.00351	0.08003	0.01592	0.00642	0.14547
9	0.01858	0.01739	0.02184	0.16925	0.02849	0.07671	0.01672	0.07492	0.01727	0.02364	0.01580	0.02242	0.01367	0.02117	0.14355	0.00499	0.25285	0.00749	0.04401	0.00922
10	0.01951	0.01854	0.03099	0.15035	0.50916	0.01884	0.02386	0.02444	0.01841	0.02618	0.01542	0.02055	0.01276	0.00745	0.00807	0.00242	0.00977	0.00720	0.00411	0.07197
11	0.02380	0.01745	0.02217	0.02124	0.09656	0.01852	0.04672	0.03945	0.38873	0.15906	0.02988	0.02827	0.02182	0.01021	0.00839	0.00267	0.00744	0.00881	0.00796	0.04087

[dist]
# distance from previous block
# <min> <max>
1	4

[block]
# block no. 3 follows, 22 sequences, length 9
# corresponding to MSA columns:
# 169-177
name=unknown_D
#
# <colnr> <probs for GDERKNQSTAVLIFYWHMCP>
#	G	D	E	R	K	N	Q	S	T	A	V	L	I	F	Y	W	H	M	C	P
0	0.37940	0.01247	0.01220	0.01140	0.01471	0.01366	0.00887	0.02018	0.01706	0.05435	0.18738	0.12758	0.03475	0.01388	0.00898	0.02855	0.02919	0.01039	0.00665	0.00836
1	0.01655	0.01578	0.02584	0.52082	0.10829	0.01970	0.02252	0.02143	0.01621	0.02159	0.01423	0.02136	0.01124	0.00922	0.01134	0.00288	0.12034	0.00737	0.00372	0.00958
2	0.01830	0.01677	0.02739	0.21264	0.35097	0.01764	0.02138	0.02243	0.01721	0.02422	0.01503	0.02094	0.01253	0.00957	0.01076	0.06584	0.03480	0.00711	0.00403	0.09042
3	0.50241	0.01692	0.01529	0.06805	0.02104	0.04828	0.01161	0.07418	0.01778	0.06725	0.01673	0.02316	0.01394	0.00956	0.00653	0.00268	0.00757	0.06167	0.00574	0.00960
4	0.12764	0.01123	0.01399	0.04934	0.01782	0.01105	0.01029	0.02283	0.02076	0.17987	0.27226	0.10926	0.04633	0.01491	0.00890	0.00277	0.00579	0.05722	0.00828	0.00945
5	0.02396	0.01806	0.02013	0.01610	0.02152	0.01904	0.01301	0.37504	0.02956	0.04016	0.02584	0.06345	0.06600	0.01821	0.09826	0.00385	0.00986	0.00895	0.00721	0.12179
6	0.09542	0.01429	0.02241	0.56072	0.04905	0.01756	0.02028	0.02071	0.01588	0.02238	0.01440	0.02148	0.01113	0.00992	0.00994	0.06452	0.01026	0.00706	0.00384	0.00874
7	0.01714	0.01562	0.02093	0.15882	0.02823	0.01626	0.01476	0.02075	0.01596	0.02404	0.01379	0.01851	0.01169	0.00872	0.01192	0.00216	0.17995	0.00604	0.00434	0.41035
8	0.01625	0.01734	0.09197	0.01959	0.02508	0.01386	0.16491	0.02069	0.01778	0.04870	0.02859	0.18867	0.05567	0.01379	0.01003	0.00272	0.04368	0.05717	0.00573	0.15777

[dist]
# distance from previous block
# <min> <max>
10	27

[block]
# block no. 4 follows, 22 sequences, length 6
# corresponding to MSA columns:
# 207-212
name=unknown_E
#
# <colnr> <probs for GDERKNQSTAVLIFYWHMCP>
#	G	D	E	R	K	N	Q	S	T	A	V	L	I	F	Y	W	H	M	C	P
0	0.03930	0.01182	0.01527	0.01332	0.01645	0.03059	0.05899	0.01937	0.05582	0.04860	0.33863	0.07383	0.10602	0.06282	0.01158	0.00300	0.00599	0.03250	0.00773	0.04837
1	0.01617	0.01558	0.02664	0.58679	0.05329	0.01922	0.06466	0.02150	0.01649	0.02150	0.01458	0.02183	0.01117	0.00874	0.01000	0.00284	0.06838	0.00754	0.00372	0.00935
2	0.03012	0.02171	0.02349	0.01844	0.02474	0.02395	0.01509	0.48803	0.14056	0.09182	0.02320	0.02241	0.01649	0.01022	0.00834	0.00255	0.00856	0.00787	0.00847	0.01396
3	0.08294	0.02245	0.09288	0.02874	0.03594	0.02048	0.40488	0.05588	0.01917	0.02795	0.01749	0.05912	0.01444	0.00901	0.01070	0.00285	0.07020	0.00948	0.00458	0.01083
4	0.03030	0.02263	0.02421	0.01885	0.02527	0.02516	0.01548	0.55991	0.10976	0.05029	0.02157	0.02124	0.01545	0.01013	0.00833	0.00253	0.00884	0.00770	0.00833	0.01401
5	0.01697	0.01619	0.02837	0.03517	0.34133	0.01573	0.12188	0.02116	0.01826	0.02520	0.02832	0.20094	0.06778	0.01308	0.00922	0.00278	0.00888	0.01269	0.00530	0.01075

[dist]
# distance from previous block
# <min> <max>
0	7

[block]
# block no. 5 follows, 22 sequences, length 53
# corresponding to MSA columns:
# 220-272
name=unknown_F
#
# <colnr> <probs for GDERKNQSTAVLIFYWHMCP>
#	G	D	E	R	K	N	Q	S	T	A	V	L	I	F	Y	W	H	M	C	P
0	0.02020	0.13136	0.27073	0.03286	0.28127	0.02198	0.02502	0.07241	0.01966	0.02766	0.01509	0.01831	0.01188	0.00774	0.00768	0.00243	0.01057	0.00650	0.00413	0.01253
1	0.02480	0.22363	0.09894	0.01733	0.02410	0.02480	0.01614	0.26333	0.07396	0.05913	0.01873	0.02009	0.01445	0.01378	0.06801	0.00332	0.01032	0.00676	0.00614	0.01223
2	0.02554	0.01721	0.01948	0.01597	0.02164	0.01792	0.01277	0.14366	0.28913	0.17766	0.05353	0.02787	0.02272	0.01038	0.00816	0.00249	0.00698	0.00846	0.00841	0.11001
3	0.01816	0.01532	0.01773	0.01275	0.02008	0.01203	0.01023	0.06044	0.01865	0.02871	0.01510	0.01740	0.01242	0.00640	0.00629	0.00131	0.00635	0.00509	0.00514	0.71039
4	0.02043	0.01531	0.01761	0.01303	0.01975	0.01296	0.01049	0.10966	0.02082	0.07209	0.01780	0.01958	0.01392	0.00729	0.00657	0.00156	0.00644	0.00577	0.07385	0.53507
5	0.01997	0.01914	0.03265	0.12809	0.58373	0.01958	0.02520	0.02498	0.01864	0.02642	0.01552	0.02075	0.01291	0.00751	0.00823	0.00250	0.01002	0.00740	0.00406	0.01268
6	0.02186	0.67116	0.08238	0.01481	0.02224	0.03202	0.01524	0.02497	0.01692	0.01997	0.01176	0.01359	0.01065	0.00716	0.00549	0.00183	0.00910	0.00455	0.00355	0.01076
7	0.01029	0.00736	0.00979	0.01145	0.01209	0.00686	0.00772	0.01200	0.01671	0.02249	0.10978	0.63498	0.05742	0.02507	0.01052	0.00329	0.00472	0.02271	0.00786	0.00686
8	0.02221	0.71304	0.04353	0.01421	0.02132	0.03287	0.01421	0.02488	0.01688	0.01955	0.01155	0.01333	0.01066	0.00711	0.00533	0.00178	0.00888	0.00444	0.00355	0.01066
9	0.01127	0.00857	0.01215	0.01296	0.01435	0.00789	0.03500	0.01331	0.01644	0.02214	0.04244	0.57514	0.04981	0.02369	0.01037	0.00326	0.00556	0.07426	0.00738	0.05403
10	0.01408	0.00900	0.01185	0.01084	0.01321	0.00824	0.00824	0.01793	0.02354	0.09045	0.59558	0.05899	0.07313	0.01637	0.00967	0.00261	0.00421	0.01442	0.00925	0.00841
11	0.02066	0.01785	0.01878	0.01691	0.02160	0.02066	0.01315	0.04414	0.64121	0.03475	0.03381	0.03099	0.02536	0.01127	0.00845	0.00282	0.00657	0.00939	0.00845	0.01315
12	0.02056	0.01974	0.03372	0.05099	0.65622	0.01974	0.02550	0.02550	0.01892	0.02714	0.01563	0.02056	0.01316	0.00740	0.00822	0.00247	0.00987	0.00740	0.00411	0.01316
13	0.01610	0.01519	0.02566	0.63405	0.10802	0.01857	0.02328	0.02159	0.01681	0.02173	0.01484	0.02201	0.01125	0.00823	0.00830	0.00274	0.01097	0.00738	0.00373	0.00956
14	0.01228	0.00879	0.01207	0.01366	0.01519	0.00857	0.01113	0.01547	0.01879	0.02492	0.12078	0.25730	0.05361	0.02305	0.01102	0.00355	0.00640	0.36814	0.00785	0.00743
15	0.01012	0.00723	0.00964	0.01157	0.01205	0.00675	0.00771	0.01157	0.01591	0.02121	0.04579	0.70262	0.05495	0.02603	0.01060	0.00337	0.00482	0.02362	0.00771	0.00675
16	0.03158	0.02327	0.02493	0.01911	0.02576	0.02576	0.01579	0.62852	0.03906	0.05236	0.01995	0.01995	0.01413	0.00997	0.00831	0.00249	0.00914	0.00748	0.00831	0.01413
17	0.07691	0.01458	0.01884	0.01476	0.02095	0.01334	0.01211	0.03991	0.07935	0.56974	0.03167	0.02769	0.02035	0.01023	0.00818	0.00259	0.00699	0.00823	0.00983	0.01376
18	0.01569	0.01477	0.02492	0.68808	0.05722	0.01846	0.02307	0.02123	0.01661	0.02123	0.01477	0.02215	0.01107	0.00831	0.00831	0.00277	0.01107	0.00738	0.00369	0.00923
19	0.01012	0.00723	0.00964	0.01157	0.01205	0.00675	0.00771	0.01157	0.01591	0.02121	0.04579	0.70262	0.05495	0.02603	0.01060	0.00337	0.00482	0.02362	0.00771	0.00675
20	0.01012	0.00723	0.00964	0.01157	0.01205	0.00675	0.00771	0.01157	0.01591	0.02121	0.04579	0.70262	0.05495	0.02603	0.01060	0.00337	0.00482	0.02362	0.00771	0.00675
21	0.02056	0.01974	0.03372	0.05099	0.65622	0.01974	0.02550	0.02550	0.01892	0.02714	0.01563	0.02056	0.01316	0.00740	0.00822	0.00247	0.00987	0.00740	0.00411	0.01316
22	0.00990	0.00842	0.00853	0.00850	0.01127	0.00705	0.00638	0.01209	0.01913	0.02291	0.10881	0.07917	0.62790	0.02086	0.00982	0.00280	0.00420	0.01742	0.00778	0.00705
23	0.03027	0.03626	0.02383	0.02115	0.02544	0.55506	0.01616	0.10359	0.02470	0.02414	0.01357	0.01578	0.01112	0.00912	0.00887	0.00228	0.05808	0.00573	0.00472	0.01013
24	0.01691	0.07308	0.63707	0.02325	0.03530	0.01990	0.02995	0.02624	0.01751	0.02600	0.01476	0.01735	0.01053	0.00786	0.00778	0.00259	0.01212	0.00606	0.00351	0.01220
25	0.01012	0.00723	0.00964	0.01157	0.01205	0.00675	0.00771	0.01157	0.01591	0.02121	0.04579	0.70262	0.05495	0.02603	0.01060	0.00337	0.00482	0.02362	0.00771	0.00675
26	0.01808	0.01721	0.02924	0.37518	0.35141	0.01909	0.02426	0.02332	0.01774	0.02413	0.01519	0.02137	0.01210	0.00786	0.00827	0.00262	0.01048	0.00739	0.00390	0.01116
27	0.03103	0.03959	0.02354	0.02140	0.02568	0.67469	0.01605	0.03317	0.02354	0.02033	0.01284	0.01498	0.01070	0.00856	0.00749	0.00214	0.01498	0.00535	0.00428	0.00963
28	0.03341	0.01825	0.09102	0.01624	0.02317	0.01458	0.01462	0.10989	0.02459	0.49465	0.02886	0.02623	0.01868	0.01182	0.03181	0.00295	0.00843	0.00802	0.00909	0.01369
29	0.01025	0.00728	0.00960	0.01141	0.01186	0.00683	0.00754	0.01160	0.01566	0.02088	0.04452	0.66074	0.05335	0.07009	0.01265	0.00368	0.00503	0.02287	0.00754	0.00664
30	0.03270	0.01606	0.01990	0.01556	0.02155	0.01557	0.01274	0.18266	0.05948	0.42283	0.08594	0.02944	0.02449	0.01087	0.00848	0.00257	0.00727	0.00880	0.00960	0.01351
31	0.01666	0.04297	0.66500	0.02368	0.03596	0.01929	0.03069	0.02631	0.01754	0.02631	0.01491	0.01754	0.01052	0.00789	0.00789	0.00263	0.01228	0.00614	0.00351	0.01228
32	0.01129	0.00848	0.01134	0.05435	0.01570	0.00850	0.00925	0.01452	0.05675	0.02223	0.04300	0.59212	0.04999	0.02384	0.01035	0.00332	0.00544	0.04467	0.00751	0.00736
33	0.01894	0.02090	0.04398	0.15447	0.07234	0.02049	0.49051	0.02558	0.01903	0.02565	0.01638	0.02228	0.01235	0.00726	0.00946	0.00278	0.01329	0.00926	0.00411	0.01093
34	0.01567	0.01553	0.02953	0.02347	0.02793	0.01520	0.29696	0.02082	0.04191	0.02487	0.05274	0.25746	0.03203	0.01541	0.01111	0.00310	0.04812	0.05290	0.00593	0.00930
35	0.01799	0.01743	0.02885	0.35312	0.08332	0.02106	0.10238	0.05336	0.01732	0.02362	0.01437	0.02094	0.01153	0.00977	0.01339	0.00296	0.18693	0.00768	0.00401	0.00996
36	0.02236	0.01654	0.01840	0.01649	0.02044	0.04564	0.01297	0.03582	0.34396	0.14485	0.03249	0.10601	0.02697	0.01350	0.01050	0.00293	0.06926	0.04101	0.00804	0.01182
37	0.02169	0.60665	0.07570	0.01748	0.04803	0.03089	0.05530	0.02509	0.01717	0.02065	0.01222	0.01441	0.01088	0.00715	0.00587	0.00191	0.00943	0.00499	0.00362	0.01088
38	0.05285	0.09613	0.43592	0.02369	0.03393	0.08024	0.11180	0.02677	0.01817	0.02572	0.01455	0.01746	0.01078	0.00775	0.00778	0.00253	0.01221	0.00637	0.00375	0.01160
39	0.01009	0.00734	0.00953	0.01128	0.01197	0.00677	0.00758	0.01160	0.01618	0.02132	0.04927	0.64603	0.10928	0.02557	0.01053	0.00332	0.00476	0.02306	0.00771	0.00677
40	0.01953	0.02131	0.04367	0.07732	0.10077	0.02070	0.48264	0.02751	0.06749	0.02694	0.01788	0.02288	0.01355	0.00746	0.00945	0.00277	0.01285	0.00939	0.00449	0.01141
41	0.01831	0.01751	0.03029	0.20852	0.40536	0.01831	0.06233	0.02322	0.01810	0.02506	0.01823	0.08307	0.01639	0.00930	0.00856	0.00265	0.00999	0.00903	0.00434	0.01145
42	0.01666	0.04297	0.66500	0.02368	0.03596	0.01929	0.03069	0.02631	0.01754	0.02631	0.01491	0.01754	0.01052	0.00789	0.00789	0.00263	0.01228	0.00614	0.00351	0.01228
43	0.03103	0.03959	0.02354	0.02140	0.02568	0.67469	0.01605	0.03317	0.02354	0.02033	0.01284	0.01498	0.01070	0.00856	0.00749	0.00214	0.01498	0.00535	0.00428	0.00963
44	0.01623	0.01531	0.02589	0.61777	0.12332	0.01860	0.02334	0.02170	0.01687	0.02188	0.01486	0.02197	0.01130	0.00821	0.00830	0.00274	0.01094	0.00738	0.00374	0.00966
45	0.01195	0.00948	0.01092	0.01105	0.01327	0.00914	0.00808	0.01743	0.11077	0.02641	0.19675	0.24912	0.25439	0.02011	0.00984	0.00293	0.00467	0.01752	0.00815	0.00803
46	0.01012	0.00723	0.00964	0.01157	0.01205	0.00675	0.00771	0.01157	0.01591	0.02121	0.04579	0.70262	0.05495	0.02603	0.01060	0.00337	0.00482	0.02362	0.00771	0.00675
47	0.01679	0.01589	0.02690	0.54429	0.19241	0.01875	0.02362	0.02219	0.01713	0.02256	0.01496	0.02179	0.01154	0.00810	0.00829	0.00270	0.01080	0.00739	0.00379	0.01012
48	0.01953	0.02217	0.04769	0.03427	0.04220	0.02126	0.59176	0.02624	0.01922	0.02624	0.01647	0.02217	0.01251	0.00743	0.01079	0.00285	0.05230	0.00966	0.00417	0.01109
49	0.01047	0.00749	0.01001	0.01170	0.01240	0.00702	0.00808	0.01229	0.01680	0.02254	0.10075	0.60634	0.05663	0.02501	0.01058	0.00333	0.00491	0.05888	0.00784	0.00690
50	0.01961	0.02241	0.04902	0.03501	0.04342	0.02101	0.62605	0.02661	0.01961	0.02661	0.01681	0.02241	0.01261	0.00700	0.00980	0.00280	0.01401	0.00980	0.00420	0.01120
51	0.01619	0.00975	0.01296	0.01246	0.01428	0.00966	0.00914	0.01846	0.01857	0.13697	0.19048	0.30382	0.04871	0.08598	0.01444	0.00352	0.06205	0.01630	0.00793	0.00836
52	0.01569	0.01477	0.02492	0.68808	0.05722	0.01846	0.02307	0.02123	0.01661	0.02123	0.01477	0.02215	0.01107	0.00831	0.00831	0.00277	0.01107	0.00738	0.00369	0.00923

[dist]
# distance from previous block
# <min> <max>
0	4

[block]
# block no. 6 follows, 22 sequences, length 52
# corresponding to MSA columns:
# 277-328
name=unknown_G
#
# <colnr> <probs for GDERKNQSTAVLIFYWHMCP>
#	G	D	E	R	K	N	Q	S	T	A	V	L	I	F	Y	W	H	M	C	P
0	0.01012	0.00723	0.00964	0.01157	0.01205	0.00675	0.00771	0.01157	0.01591	0.02121	0.04579	0.70262	0.05495	0.02603	0.01060	0.00337	0.00482	0.02362	0.00771	0.00675
1	0.01952	0.02158	0.03960	0.07857	0.03770	0.05532	0.38699	0.02477	0.01773	0.02411	0.01486	0.02087	0.01194	0.00921	0.01428	0.00299	0.19681	0.00872	0.00402	0.01041
2	0.01671	0.01597	0.02603	0.49149	0.11978	0.01990	0.02245	0.02149	0.01616	0.02168	0.01415	0.02123	0.01128	0.00935	0.01180	0.00289	0.13689	0.00736	0.00373	0.00966
3	0.01266	0.00991	0.01424	0.01380	0.01490	0.01190	0.01060	0.01509	0.01310	0.01894	0.02141	0.03382	0.02085	0.14395	0.51085	0.01146	0.10167	0.00913	0.00443	0.00730
4	0.02518	0.34264	0.11969	0.01808	0.02511	0.18857	0.01716	0.12615	0.02225	0.02604	0.01370	0.01539	0.01122	0.00804	0.00670	0.00210	0.01089	0.00539	0.00451	0.01119
5	0.02221	0.71304	0.04353	0.01421	0.02132	0.03287	0.01421	0.02488	0.01688	0.01955	0.01155	0.01333	0.01066	0.00711	0.00533	0.00178	0.00888	0.00444	0.00355	0.01066
6	0.02066	0.01785	0.01878	0.01691	0.02160	0.02066	0.01315	0.04414	0.64121	0.03475	0.03381	0.03099	0.02536	0.01127	0.00845	0.00282	0.00657	0.00939	0.00845	0.01315
7	0.01713	0.09929	0.61277	0.02288	0.03473	0.02043	0.02931	0.02619	0.01748	0.02574	0.01463	0.01719	0.01054	0.00783	0.00768	0.00256	0.01199	0.00600	0.00351	0.01214
8	0.06226	0.02426	0.02429	0.01895	0.02535	0.07693	0.01553	0.55606	0.03679	0.04919	0.01903	0.01928	0.01364	0.00977	0.00811	0.00247	0.00949	0.00719	0.00786	0.01356
9	0.01702	0.04048	0.59029	0.02505	0.03686	0.01950	0.10291	0.02635	0.01779	0.02635	0.01514	0.01813	0.01078	0.00778	0.00812	0.00265	0.01249	0.00658	0.00359	0.01215
10	0.00986	0.00827	0.00856	0.00880	0.01132	0.00698	0.00648	0.01188	0.01857	0.02229	0.07950	0.15548	0.58033	0.02164	0.00991	0.00287	0.00428	0.01827	0.00771	0.00698
11	0.03337	0.02040	0.02315	0.01775	0.02433	0.02150	0.01466	0.44358	0.03425	0.24408	0.02398	0.02257	0.01615	0.01007	0.00832	0.00252	0.00849	0.00775	0.00893	0.01413
12	0.01927	0.02160	0.04616	0.03331	0.04124	0.02042	0.57544	0.02674	0.04544	0.02673	0.01869	0.05026	0.01485	0.00795	0.00978	0.00282	0.01332	0.01035	0.00452	0.01111
13	0.01012	0.00723	0.00964	0.01157	0.01205	0.00675	0.00771	0.01157	0.01591	0.02121	0.04579	0.70262	0.05495	0.02603	0.01060	0.00337	0.00482	0.02362	0.00771	0.00675
14	0.01045	0.00778	0.00982	0.01131	0.01249	0.00715	0.00809	0.01233	0.01698	0.02193	0.05420	0.48873	0.18854	0.02453	0.01053	0.00330	0.00503	0.09220	0.00770	0.00692
15	0.02954	0.01926	0.02166	0.01724	0.02300	0.02054	0.01397	0.40890	0.06358	0.16728	0.02629	0.10494	0.02091	0.01205	0.00860	0.00263	0.00808	0.00970	0.00863	0.01319
16	0.01640	0.01515	0.02492	0.65797	0.05580	0.01879	0.02274	0.04856	0.01762	0.02263	0.01500	0.02205	0.01121	0.00838	0.00831	0.00276	0.01099	0.00739	0.00390	0.00945
17	0.01818	0.01818	0.02545	0.02181	0.02181	0.02545	0.01818	0.01999	0.01272	0.01999	0.01091	0.01818	0.01091	0.01454	0.02726	0.00364	0.69284	0.00727	0.00364	0.00909
18	0.03107	0.02619	0.02360	0.01915	0.02502	0.18861	0.01534	0.38067	0.08156	0.09537	0.02035	0.02028	0.01470	0.00974	0.00812	0.00244	0.01024	0.00717	0.00747	0.01291
19	0.03109	0.03786	0.02369	0.02116	0.02569	0.60561	0.01602	0.09655	0.02519	0.02374	0.01360	0.01551	0.01107	0.00871	0.00758	0.00218	0.01436	0.00558	0.00471	0.01011
20	0.01666	0.04297	0.66500	0.02368	0.03596	0.01929	0.03069	0.02631	0.01754	0.02631	0.01491	0.01754	0.01052	0.00789	0.00789	0.00263	0.01228	0.00614	0.00351	0.01228
21	0.01970	0.01538	0.01675	0.01509	0.01934	0.01695	0.01170	0.03685	0.45108	0.08262	0.09419	0.06097	0.09692	0.01322	0.00878	0.00280	0.00607	0.01114	0.00856	0.01190
22	0.01898	0.01803	0.02658	0.07511	0.02617	0.02381	0.06271	0.02251	0.04228	0.04766	0.01358	0.01979	0.01209	0.01317	0.02285	0.00342	0.52984	0.00761	0.00417	0.00964
23	0.02150	0.01123	0.01461	0.01250	0.01625	0.01040	0.00981	0.02672	0.07259	0.25600	0.38366	0.04763	0.05371	0.01416	0.00918	0.00261	0.00524	0.01222	0.00949	0.01049
24	0.01033	0.00743	0.01009	0.01178	0.01239	0.00719	0.00804	0.01196	0.01560	0.02097	0.04293	0.62136	0.05080	0.03043	0.09120	0.00458	0.00693	0.02183	0.00732	0.00683
25	0.01599	0.01518	0.02498	0.60726	0.05292	0.01930	0.02248	0.02108	0.01614	0.02108	0.01430	0.02167	0.01105	0.00906	0.01061	0.00287	0.09377	0.00737	0.00368	0.00921
26	0.01686	0.06728	0.64246	0.02333	0.03542	0.01979	0.03010	0.02626	0.01752	0.02606	0.01479	0.01739	0.01053	0.00786	0.00780	0.00260	0.01215	0.00608	0.00351	0.01222
27	0.01569	0.01477	0.02492	0.68808	0.05722	0.01846	0.02307	0.02123	0.01661	0.02123	0.01477	0.02215	0.01107	0.00831	0.00831	0.00277	0.01107	0.00738	0.00369	0.00923
28	0.01018	0.00728	0.00969	0.01153	0.01206	0.00679	0.00772	0.01172	0.01619	0.02166	0.06856	0.67855	0.05583	0.02569	0.01057	0.00335	0.00479	0.02329	0.00777	0.00679
29	0.01569	0.01477	0.02492	0.68808	0.05722	0.01846	0.02307	0.02123	0.01661	0.02123	0.01477	0.02215	0.01107	0.00831	0.00831	0.00277	0.01107	0.00738	0.00369	0.00923
30	0.01569	0.01477	0.02492	0.68808	0.05722	0.01846	0.02307	0.02123	0.01661	0.02123	0.01477	0.02215	0.01107	0.00831	0.00831	0.00277	0.01107	0.00738	0.00369	0.00923
31	0.02536	0.01782	0.01938	0.01621	0.02137	0.01963	0.01295	0.21854	0.30793	0.11520	0.02865	0.02730	0.02087	0.01056	0.00808	0.00258	0.00709	0.00849	0.09908	0.01291
32	0.01943	0.02190	0.04616	0.03341	0.04080	0.02155	0.55232	0.02581	0.01877	0.02581	0.01609	0.02190	0.01240	0.00792	0.01192	0.00290	0.09634	0.00950	0.00413	0.01095
33	0.01694	0.07672	0.63370	0.02320	0.03522	0.01998	0.02986	0.02624	0.01751	0.02597	0.01474	0.01733	0.01053	0.00785	0.00776	0.00259	0.01211	0.00605	0.00351	0.01220
34	0.01764	0.01797	0.02805	0.52885	0.07535	0.07406	0.09571	0.02304	0.01764	0.02203	0.01488	0.02152	0.01131	0.00814	0.00842	0.00271	0.01171	0.00751	0.00382	0.00965
35	0.01598	0.03524	0.50044	0.02241	0.03251	0.01741	0.07687	0.02429	0.01836	0.02692	0.09390	0.05825	0.02119	0.00984	0.00842	0.00268	0.01103	0.00842	0.00446	0.01137
36	0.01569	0.01477	0.02492	0.68808	0.05722	0.01846	0.02307	0.02123	0.01661	0.02123	0.01477	0.02215	0.01107	0.00831	0.00831	0.00277	0.01107	0.00738	0.00369	0.00923
37	0.02783	0.01406	0.01813	0.01597	0.04633	0.01352	0.01212	0.03570	0.16093	0.37222	0.13426	0.05517	0.03188	0.01197	0.00868	0.00265	0.00649	0.01012	0.00935	0.01261
38	0.02942	0.01394	0.01776	0.01464	0.01978	0.01322	0.01169	0.06579	0.11710	0.41496	0.07642	0.11238	0.02911	0.01279	0.00874	0.00270	0.00661	0.01078	0.00951	0.01266
39	0.01741	0.13370	0.58085	0.02240	0.03397	0.02113	0.02846	0.02611	0.01745	0.02539	0.01445	0.01697	0.01054	0.00779	0.00755	0.00252	0.01182	0.00591	0.00351	0.01206
40	0.01632	0.01600	0.02881	0.58247	0.05499	0.01887	0.12058	0.02210	0.01710	0.02210	0.01510	0.02219	0.01132	0.00809	0.00855	0.00277	0.01155	0.00777	0.00377	0.00955
41	0.05778	0.01815	0.02962	0.35347	0.12030	0.02024	0.12854	0.11989	0.02088	0.02869	0.01590	0.02121	0.01198	0.00820	0.00840	0.00268	0.01090	0.00768	0.00464	0.01083
42	0.01301	0.01015	0.01521	0.01471	0.01663	0.00995	0.07478	0.05461	0.01781	0.02420	0.03843	0.48607	0.04361	0.02495	0.06046	0.00397	0.00748	0.04104	0.03512	0.00783
43	0.01887	0.01802	0.03067	0.27172	0.44868	0.01929	0.02466	0.02402	0.01812	0.02509	0.01533	0.02111	0.01244	0.00772	0.00825	0.00257	0.01029	0.00740	0.00397	0.01180
44	0.01960	0.42510	0.27618	0.01774	0.02651	0.02662	0.02023	0.02491	0.01695	0.02208	0.01335	0.01589	0.01112	0.01018	0.04003	0.00268	0.01084	0.00531	0.00358	0.01111
45	0.05235	0.01833	0.02237	0.04965	0.10090	0.01951	0.01538	0.19147	0.20046	0.20135	0.02617	0.02518	0.01855	0.00996	0.00825	0.00262	0.00796	0.00813	0.00805	0.01336
46	0.01856	0.20570	0.40291	0.02331	0.03363	0.02296	0.13082	0.02601	0.01774	0.02468	0.01441	0.01735	0.01092	0.00754	0.00759	0.00245	0.01174	0.00636	0.00364	0.01169
47	0.02040	0.09150	0.51254	0.02151	0.03244	0.01924	0.02643	0.02846	0.01848	0.12734	0.01750	0.01892	0.01214	0.00821	0.00776	0.00255	0.01118	0.00636	0.00459	0.01245
48	0.01884	0.02448	0.13018	0.09428	0.04369	0.02054	0.48930	0.02607	0.01905	0.02607	0.01636	0.02173	0.01218	0.00724	0.00941	0.00278	0.01350	0.00908	0.00406	0.01117
49	0.01052	0.00770	0.01024	0.01187	0.01231	0.00754	0.00801	0.01192	0.01562	0.02094	0.04358	0.64824	0.05216	0.05432	0.01260	0.00358	0.03216	0.02248	0.00744	0.00677
50	0.01946	0.02099	0.04287	0.03133	0.03838	0.02057	0.49768	0.05873	0.01988	0.02713	0.01867	0.07246	0.01570	0.00918	0.01116	0.00289	0.06688	0.01050	0.00465	0.01087
51	0.01682	0.01564	0.02627	0.51080	0.19552	0.01831	0.02293	0.02215	0.01718	0.02301	0.01548	0.02214	0.01198	0.00815	0.00818	0.00266	0.01049	0.00740	0.03477	0.01009

[dist]
# distance from previous block
# <min> <max>
0	7

[block]
# block no. 7 follows, 22 sequences, length 104
# corresponding to MSA columns:
# 336-439
name=unknown_H
#
# <colnr> <probs for GDERKNQSTAVLIFYWHMCP>
#	G	D	E	R	K	N	Q	S	T	A	V	L	I	F	Y	W	H	M	C	P
0	0.05259	0.01758	0.01891	0.04778	0.02175	0.01933	0.01267	0.38001	0.03006	0.04338	0.02170	0.02338	0.01610	0.00971	0.00739	0.00233	0.00743	0.00745	0.24883	0.01164
1	0.01738	0.01913	0.06319	0.35372	0.04739	0.02018	0.23298	0.02320	0.01726	0.02320	0.01504	0.02157	0.01156	0.00854	0.01097	0.00287	0.08977	0.00816	0.00385	0.01004
2	0.03099	0.05897	0.02302	0.01658	0.02273	0.01765	0.04157	0.22105	0.02794	0.33399	0.09367	0.02813	0.02383	0.01057	0.00838	0.00251	0.00781	0.00863	0.00885	0.01311
3	0.02279	0.02054	0.05638	0.02124	0.02750	0.02074	0.14929	0.14782	0.30970	0.06781	0.02820	0.02788	0.04030	0.01020	0.00874	0.00273	0.00891	0.00919	0.00733	0.01271
4	0.01044	0.00796	0.00962	0.01042	0.01203	0.00714	0.00747	0.01265	0.01845	0.02394	0.16745	0.34746	0.26713	0.02255	0.01022	0.00306	0.00456	0.04242	0.00797	0.00707
5	0.09938	0.01744	0.02797	0.07576	0.03004	0.01807	0.20299	0.05119	0.09678	0.14224	0.05339	0.02938	0.02035	0.01029	0.00987	0.00283	0.05076	0.04369	0.00643	0.01118
6	0.01765	0.01677	0.02846	0.43155	0.29841	0.01897	0.02405	0.02294	0.01754	0.02361	0.01511	0.02151	0.01191	0.00794	0.00827	0.00265	0.01059	0.00739	0.00386	0.01081
7	0.01012	0.00723	0.00964	0.01157	0.01205	0.00675	0.00771	0.01157	0.01591	0.02121	0.04579	0.70262	0.05495	0.02603	0.01060	0.00337	0.00482	0.02362	0.00771	0.00675
8	0.01912	0.01907	0.03487	0.20828	0.36994	0.01969	0.15727	0.02466	0.01849	0.02553	0.01567	0.02137	0.01251	0.00754	0.00859	0.00262	0.01109	0.00793	0.00403	0.01174
9	0.01899	0.01872	0.03362	0.23325	0.38435	0.01957	0.12093	0.02444	0.01836	0.02534	0.01557	0.02132	0.01247	0.00760	0.00850	0.00261	0.01088	0.00778	0.00400	0.01171
10	0.01012	0.00723	0.00964	0.01157	0.01205	0.00675	0.00771	0.01157	0.01591	0.02121	0.04579	0.70262	0.05495	0.02603	0.01060	0.00337	0.00482	0.02362	0.00771	0.00675
11	0.02361	0.01105	0.01474	0.01251	0.01649	0.00978	0.00983	0.02691	0.02282	0.32913	0.28577	0.10076	0.07161	0.01474	0.00918	0.00266	0.00550	0.01269	0.00951	0.01069
12	0.02325	0.37165	0.18391	0.01850	0.02644	0.11424	0.04929	0.02774	0.01866	0.07572	0.01456	0.01625	0.01157	0.00775	0.00670	0.00214	0.01061	0.00556	0.00424	0.01122
13	0.02028	0.24304	0.07904	0.02782	0.03601	0.02469	0.40082	0.02604	0.01863	0.02435	0.01504	0.01927	0.01188	0.00708	0.00828	0.00247	0.01229	0.00791	0.00396	0.01109
14	0.01738	0.02027	0.08873	0.36449	0.04977	0.01957	0.27079	0.02386	0.01792	0.02386	0.01561	0.02187	0.01166	0.00774	0.00888	0.00277	0.01238	0.00827	0.00389	0.01030
15	0.01992	0.14680	0.32637	0.09262	0.03273	0.12698	0.02355	0.02598	0.01780	0.02305	0.01360	0.01700	0.01067	0.00860	0.00944	0.00253	0.08178	0.00598	0.00367	0.01094
16	0.01012	0.00723	0.00964	0.01157	0.01205	0.00675	0.00771	0.01157	0.01591	0.02121	0.04579	0.70262	0.05495	0.02603	0.01060	0.00337	0.00482	0.02362	0.00771	0.00675
17	0.66637	0.01823	0.06758	0.01220	0.01800	0.01836	0.01099	0.02540	0.01492	0.06816	0.01293	0.01459	0.00971	0.00786	0.00554	0.00258	0.00695	0.00483	0.00527	0.00954
18	0.02378	0.02573	0.25879	0.01886	0.02745	0.01617	0.04527	0.03230	0.10250	0.22433	0.02302	0.02282	0.01595	0.00879	0.00794	0.00244	0.00909	0.00724	0.00650	0.12102
19	0.01617	0.01526	0.02578	0.62529	0.11625	0.01858	0.02331	0.02165	0.01684	0.02181	0.01485	0.02199	0.01128	0.00822	0.00830	0.00274	0.01096	0.00738	0.00373	0.00962
20	0.01966	0.40442	0.32977	0.01857	0.02806	0.02662	0.02180	0.02554	0.01718	0.02266	0.01310	0.01527	0.01060	0.00747	0.00651	0.00217	0.01045	0.00522	0.00353	0.01141
21	0.01700	0.08342	0.62749	0.02311	0.03507	0.02011	0.02970	0.02622	0.01750	0.02590	0.01471	0.01728	0.01053	0.00785	0.00774	0.00258	0.01207	0.00604	0.00351	0.01218
22	0.01012	0.00723	0.00964	0.01157	0.01205	0.00675	0.00771	0.01157	0.01591	0.02121	0.04579	0.70262	0.05495	0.02603	0.01060	0.00337	0.00482	0.02362	0.00771	0.00675
23	0.03087	0.02208	0.02302	0.01824	0.02441	0.06615	0.01484	0.40744	0.12370	0.14692	0.02359	0.02259	0.01659	0.01012	0.00828	0.00253	0.00882	0.00776	0.00838	0.01369
24	0.01594	0.01502	0.02537	0.65501	0.08831	0.01852	0.02320	0.02145	0.01673	0.02153	0.01481	0.02207	0.01118	0.00826	0.00830	0.00275	0.01101	0.00738	0.00371	0.00943
25	0.01969	0.01814	0.02952	0.29400	0.36742	0.01979	0.02367	0.07892	0.01987	0.02716	0.01569	0.02112	0.01244	0.00799	0.00826	0.00259	0.01027	0.00740	0.00433	0.01173
26	0.01012	0.00723	0.00964	0.01157	0.01205	0.00675	0.00771	0.01157	0.01591	0.02121	0.04579	0.70262	0.05495	0.02603	0.01060	0.00337	0.00482	0.02362	0.00771	0.00675
27	0.01968	0.09693	0.43221	0.02040	0.03027	0.01944	0.02405	0.02935	0.09377	0.09730	0.02157	0.02241	0.03846	0.00901	0.00785	0.00258	0.01038	0.00707	0.00503	0.01224
28	0.04781	0.02954	0.31299	0.02675	0.08547	0.01988	0.14853	0.02555	0.01739	0.05530	0.01576	0.01979	0.01202	0.01076	0.03592	0.00319	0.11045	0.00731	0.00413	0.01145
29	0.02100	0.03334	0.43978	0.02072	0.03060	0.01788	0.02427	0.05764	0.06750	0.13918	0.05254	0.02284	0.01707	0.00913	0.00813	0.00263	0.01036	0.00729	0.00558	0.01253
30	0.01935	0.02248	0.10250	0.10882	0.33089	0.01997	0.22164	0.02550	0.01876	0.02627	0.01585	0.02102	0.01249	0.00742	0.00871	0.00262	0.01159	0.00805	0.00404	0.01203
31	0.15924	0.01488	0.01741	0.01469	0.01932	0.01545	0.03954	0.10219	0.11293	0.16567	0.08752	0.06001	0.05936	0.05426	0.01034	0.00305	0.00702	0.03852	0.00777	0.01082
32	0.01700	0.01618	0.02777	0.44973	0.22594	0.01842	0.04810	0.02225	0.01736	0.02314	0.01643	0.05102	0.01362	0.00876	0.00844	0.00271	0.01058	0.00819	0.00401	0.01033
33	0.02688	0.08484	0.01956	0.04287	0.02038	0.01367	0.01174	0.03087	0.05145	0.36750	0.08668	0.15012	0.03060	0.01332	0.00857	0.00266	0.00673	0.01127	0.00865	0.01164
34	0.02019	0.02425	0.11528	0.03272	0.04145	0.02037	0.52887	0.02729	0.01960	0.05934	0.01742	0.02218	0.01279	0.00727	0.00952	0.00277	0.01346	0.00933	0.00444	0.01147
35	0.01944	0.16652	0.49374	0.02115	0.03196	0.02125	0.02604	0.02723	0.01794	0.07860	0.01578	0.01765	0.01140	0.00795	0.00745	0.00247	0.01120	0.00601	0.00409	0.01213
36	0.03425	0.02209	0.02190	0.01746	0.02352	0.14948	0.01410	0.22210	0.02849	0.34331	0.02478	0.02301	0.01658	0.00984	0.00817	0.00246	0.00930	0.00748	0.00846	0.01323
37	0.01806	0.13970	0.45365	0.02443	0.03519	0.02166	0.14225	0.02615	0.01784	0.02535	0.01477	0.01784	0.01094	0.00760	0.00787	0.00254	0.01210	0.00659	0.00365	0.01183
38	0.01587	0.01692	0.07813	0.44953	0.04546	0.01792	0.05062	0.02086	0.01625	0.02194	0.01657	0.05683	0.01386	0.01051	0.01107	0.02939	0.07744	0.00823	0.03342	0.00918
39	0.01829	0.01743	0.02963	0.34729	0.37763	0.01914	0.02437	0.02351	0.01784	0.02439	0.01523	0.02130	0.01219	0.00782	0.00826	0.00261	0.01043	0.00739	0.00392	0.01133
40	0.01136	0.00947	0.01013	0.01013	0.01246	0.03083	0.00759	0.01405	0.02023	0.02573	0.25215	0.13319	0.36587	0.01992	0.00988	0.00282	0.00472	0.04406	0.00803	0.00737
41	0.02056	0.01974	0.03372	0.05099	0.65622	0.01974	0.02550	0.02550	0.01892	0.02714	0.01563	0.02056	0.01316	0.00740	0.00822	0.00247	0.00987	0.00740	0.00411	0.01316
42	0.01801	0.20521	0.51453	0.02139	0.03241	0.02258	0.02670	0.02596	0.01738	0.02467	0.01410	0.01652	0.01056	0.00770	0.00727	0.00242	0.01146	0.00573	0.00352	0.01189
43	0.01032	0.00738	0.00982	0.01143	0.01209	0.00688	0.00773	0.01206	0.01683	0.02267	0.11910	0.62513	0.05778	0.02493	0.01051	0.00328	0.00471	0.02258	0.00788	0.00688
44	0.01666	0.04297	0.66500	0.02368	0.03596	0.01929	0.03069	0.02631	0.01754	0.02631	0.01491	0.01754	0.01052	0.00789	0.00789	0.00263	0.01228	0.00614	0.00351	0.01228
45	0.01712	0.01635	0.02693	0.45210	0.18418	0.01974	0.02290	0.02199	0.01656	0.02235	0.01440	0.02123	0.01151	0.00900	0.01101	0.00283	0.10857	0.00737	0.00378	0.01007
46	0.03053	0.02966	0.02435	0.05447	0.02735	0.29683	0.01627	0.34826	0.03141	0.03736	0.01671	0.01798	0.01254	0.00930	0.00797	0.00236	0.01168	0.00658	0.00639	0.01199
47	0.01448	0.00996	0.01366	0.01586	0.06879	0.00940	0.01135	0.01745	0.01888	0.07800	0.07948	0.23074	0.15312	0.02070	0.01034	0.00325	0.00628	0.22227	0.00768	0.00833
48	0.01684	0.04176	0.62858	0.02435	0.03640	0.01939	0.06590	0.02633	0.01766	0.02633	0.01502	0.01783	0.01065	0.00784	0.00801	0.00264	0.01238	0.00636	0.00355	0.01221
49	0.01019	0.00728	0.00970	0.01152	0.01206	0.00679	0.00772	0.01173	0.01620	0.02168	0.06957	0.67749	0.05586	0.02567	0.01057	0.00334	0.00478	0.02328	0.00777	0.00679
50	0.02875	0.02223	0.02341	0.04297	0.02574	0.04742	0.01531	0.49410	0.09706	0.04674	0.02422	0.02407	0.04818	0.01057	0.00837	0.00254	0.00891	0.00811	0.00798	0.01332
51	0.02961	0.02986	0.02348	0.02106	0.05486	0.34198	0.01573	0.22567	0.06547	0.05960	0.01990	0.02068	0.03580	0.00964	0.00797	0.00235	0.01162	0.00694	0.00621	0.01157
52	0.25942	0.02459	0.02068	0.01707	0.02274	0.16499	0.01374	0.31143	0.02795	0.04070	0.01580	0.01686	0.01179	0.00896	0.00715	0.00244	0.00957	0.00609	0.00645	0.01156
53	0.02911	0.02159	0.02327	0.01834	0.02436	0.02385	0.01495	0.54126	0.07345	0.04867	0.02296	0.07814	0.01825	0.01140	0.00851	0.00259	0.00862	0.00895	0.00827	0.01345
54	0.01215	0.00868	0.01113	0.01109	0.01160	0.00943	0.00743	0.01326	0.01272	0.01756	0.02531	0.07929	0.02764	0.43500	0.24651	0.00937	0.03939	0.01145	0.00493	0.00606
55	0.01923	0.02376	0.09880	0.03287	0.04084	0.02126	0.52101	0.02599	0.01881	0.02599	0.01611	0.02162	0.01228	0.00776	0.01122	0.00286	0.07513	0.00927	0.00409	0.01110
56	0.01569	0.01477	0.02492	0.68808	0.05722	0.01846	0.02307	0.02123	0.01661	0.02123	0.01477	0.02215	0.01107	0.00831	0.00831	0.00277	0.01107	0.00738	0.00369	0.00923
57	0.01915	0.02161	0.04691	0.03373	0.04173	0.02038	0.58964	0.02591	0.01924	0.02618	0.01713	0.02301	0.01309	0.01027	0.04915	0.00342	0.01449	0.00975	0.00422	0.01098
58	0.01011	0.00729	0.00958	0.01141	0.01201	0.00676	0.00764	0.01158	0.01605	0.02127	0.04766	0.67224	0.08411	0.02578	0.01057	0.00335	0.00479	0.02332	0.00771	0.00676
59	0.02901	0.01272	0.01696	0.01383	0.01886	0.01144	0.01122	0.03347	0.05535	0.44499	0.18810	0.03968	0.03644	0.01255	0.00885	0.00265	0.00628	0.03558	0.00979	0.01223
60	0.10219	0.01828	0.01982	0.01582	0.02171	0.06669	0.01286	0.17303	0.05812	0.35058	0.05655	0.02573	0.02030	0.01021	0.00805	0.00253	0.00791	0.00794	0.00874	0.01295
61	0.04617	0.04191	0.63932	0.02318	0.03517	0.01927	0.02984	0.02623	0.01741	0.02674	0.01478	0.01738	0.01046	0.00789	0.00778	0.00263	0.01205	0.00607	0.00357	0.01215
62	0.01698	0.01608	0.02724	0.51969	0.21553	0.01880	0.02371	0.02235	0.01722	0.02279	0.01499	0.02173	0.01163	0.00807	0.00828	0.00269	0.01076	0.00739	0.00380	0.01027
63	0.01882	0.01797	0.03058	0.27818	0.44262	0.01928	0.02463	0.02397	0.01809	0.02503	0.01532	0.02113	0.01242	0.00772	0.00825	0.00257	0.01030	0.00740	0.00396	0.01176
64	0.01996	0.01913	0.03263	0.12955	0.58236	0.01958	0.02520	0.02497	0.01863	0.02641	0.01552	0.02076	0.01290	0.00751	0.00823	0.00250	0.01002	0.00740	0.00406	0.01267
65	0.02366	0.01817	0.01906	0.01676	0.02171	0.04647	0.01312	0.04312	0.52030	0.13097	0.03278	0.02991	0.02401	0.01101	0.00840	0.00275	0.00700	0.00906	0.00856	0.01316
66	0.01349	0.01185	0.01565	0.01444	0.01560	0.01401	0.01135	0.01588	0.01740	0.02432	0.20668	0.15508	0.15907	0.01835	0.01639	0.00315	0.25868	0.01406	0.00660	0.00796
67	0.05509	0.11462	0.14405	0.01895	0.02594	0.15416	0.01764	0.25329	0.04733	0.03459	0.01945	0.02038	0.04003	0.00938	0.00764	0.00239	0.01046	0.00681	0.00588	0.01191
68	0.03241	0.01474	0.01889	0.01495	0.02069	0.01379	0.01216	0.11303	0.05715	0.47175	0.08388	0.05815	0.02628	0.01151	0.00857	0.00261	0.00695	0.00949	0.00973	0.01325
69	0.01674	0.01767	0.03663	0.02771	0.03365	0.01659	0.42892	0.02208	0.01858	0.02506	0.02597	0.21050	0.02578	0.01293	0.01010	0.00301	0.01121	0.04175	0.00532	0.00982
70	0.01760	0.07290	0.49726	0.02569	0.03685	0.02037	0.16108	0.02630	0.01796	0.02603	0.01515	0.01840	0.01099	0.00766	0.00818	0.00262	0.01248	0.00686	0.00366	0.01196
71	0.01695	0.06266	0.57951	0.05812	0.03695	0.01979	0.06066	0.02602	0.01758	0.02584	0.01489	0.01789	0.01066	0.00784	0.00793	0.00262	0.01219	0.00634	0.00355	0.01201
72	0.01538	0.01214	0.01225	0.01132	0.01438	0.06486	0.00862	0.01953	0.05898	0.08303	0.27798	0.06045	0.29560	0.01697	0.00940	0.00266	0.00540	0.01429	0.00822	0.00853
73	0.04402	0.01865	0.03233	0.25559	0.22939	0.01992	0.16019	0.05627	0.05148	0.02707	0.01664	0.02179	0.01288	0.00796	0.00853	0.00267	0.01089	0.00796	0.00447	0.01131
74	0.06554	0.05610	0.02109	0.01664	0.02205	0.10448	0.01335	0.13916	0.23742	0.16813	0.02818	0.02656	0.04359	0.01047	0.00801	0.00255	0.00823	0.00813	0.00782	0.01249
75	0.01092	0.00851	0.01296	0.01354	0.01469	0.00795	0.05982	0.01284	0.01622	0.02166	0.04335	0.64530	0.05138	0.02442	0.01054	0.00333	0.00559	0.02245	0.00742	0.00712
76	0.01876	0.02049	0.04255	0.18674	0.08284	0.02034	0.45132	0.02530	0.01888	0.02540	0.01627	0.02224	0.01228	0.00733	0.00936	0.00277	0.01308	0.00910	0.00408	0.01086
77	0.05511	0.03987	0.57985	0.02398	0.03557	0.01940	0.07976	0.02624	0.01754	0.02689	0.01490	0.01774	0.01062	0.00781	0.00791	0.00264	0.01213	0.00636	0.00365	0.01202
78	0.01656	0.03894	0.57366	0.02364	0.03482	0.01857	0.06444	0.02556	0.01780	0.02620	0.01747	0.02425	0.01379	0.00911	0.00831	0.00274	0.01199	0.05643	0.00390	0.01182
79	0.01168	0.00871	0.01104	0.01200	0.01342	0.00847	0.00869	0.01583	0.07235	0.02533	0.17272	0.41906	0.08759	0.02230	0.01029	0.00318	0.00503	0.07661	0.00807	0.00763
80	0.01855	0.10647	0.51389	0.02329	0.03440	0.02044	0.08182	0.02693	0.01798	0.05866	0.01567	0.01812	0.01125	0.00786	0.00783	0.00256	0.01182	0.00642	0.00393	0.01212
81	0.01630	0.01768	0.07981	0.56322	0.12018	0.01867	0.02398	0.02212	0.01694	0.02229	0.01487	0.02159	0.01125	0.00817	0.00826	0.00272	0.01105	0.00728	0.00372	0.00991
82	0.01038	0.00742	0.00992	0.01175	0.01238	0.00696	0.00806	0.01207	0.01640	0.02190	0.06952	0.64067	0.05544	0.02549	0.01062	0.00337	0.00496	0.05809	0.00776	0.00684
