[name]
unknown

[dist]
# distance from previous block
# <min> <max>
15	52

[block]
# block no. 0 follows, 19 sequences, length 12
# corresponding to MSA columns:
# 56-67
name=unknown_A
#
# <colnr> <probs for GDERKNQSTAVLIFYWHMCP>
#	G	D	E	R	K	N	Q	S	T	A	V	L	I	F	Y	W	H	M	C	P
0	0.09909	0.05318	0.02506	0.06650	0.02806	0.13479	0.01624	0.32258	0.03214	0.07271	0.04975	0.02250	0.01750	0.01038	0.00842	0.00263	0.01042	0.00766	0.00743	0.01295
1	0.58571	0.01743	0.04666	0.01215	0.01753	0.01814	0.01054	0.02520	0.01650	0.03854	0.05921	0.02039	0.01652	0.00925	0.00613	0.00271	0.00680	0.00610	0.07481	0.00966
2	0.03030	0.02217	0.02383	0.01867	0.02457	0.02438	0.01496	0.49638	0.03694	0.04950	0.02266	0.02802	0.01827	0.12982	0.01541	0.00374	0.00964	0.00893	0.00833	0.01349
3	0.46711	0.05871	0.01582	0.04551	0.01929	0.01917	0.01064	0.02720	0.07280	0.03658	0.01785	0.02010	0.01392	0.00903	0.00619	0.00263	0.00688	0.00612	0.13445	0.01000
4	0.02193	0.08457	0.03180	0.02332	0.02859	0.07355	0.17914	0.06982	0.12577	0.02978	0.02405	0.09395	0.02105	0.01205	0.01149	0.00294	0.08686	0.01047	0.05744	0.01143
5	0.01118	0.00884	0.01010	0.01054	0.01279	0.00776	0.00776	0.01370	0.02050	0.02598	0.17027	0.21786	0.37973	0.02322	0.01084	0.00317	0.00479	0.04472	0.00857	0.00767
6	0.03342	0.04264	0.02535	0.02305	0.02766	0.64967	0.01729	0.03572	0.02535	0.02190	0.01383	0.01613	0.01152	0.00922	0.00807	0.00230	0.01613	0.00576	0.00461	0.01037
7	0.01720	0.01447	0.01711	0.01311	0.01975	0.01110	0.01020	0.02075	0.01830	0.02804	0.02180	0.13522	0.02135	0.01040	0.00747	0.00173	0.00637	0.00885	0.00583	0.61093
8	0.02420	0.02128	0.02366	0.02480	0.13050	0.06203	0.01668	0.11407	0.36668	0.03726	0.02920	0.02874	0.02218	0.01095	0.00883	0.00283	0.00850	0.00910	0.04476	0.01376
9	0.01855	0.01590	0.01855	0.01325	0.02120	0.01193	0.01060	0.02253	0.01855	0.02915	0.01590	0.01855	0.01325	0.00663	0.00663	0.00133	0.00663	0.00530	0.00530	0.74028
10	0.02864	0.01773	0.01938	0.01599	0.02152	0.07379	0.01269	0.05771	0.12925	0.27449	0.14777	0.03535	0.03327	0.01208	0.00901	0.00264	0.00764	0.00993	0.00925	0.08185
11	0.02506	0.06596	0.04077	0.04880	0.02347	0.01680	0.01359	0.05374	0.15186	0.19689	0.12247	0.03325	0.03014	0.01141	0.00861	0.00258	0.00734	0.00942	0.03421	0.10362

[dist]
# distance from previous block
# <min> <max>
6	9

[block]
# block no. 1 follows, 19 sequences, length 11
# corresponding to MSA columns:
# 77-87
name=unknown_B
#
# <colnr> <probs for GDERKNQSTAVLIFYWHMCP>
#	G	D	E	R	K	N	Q	S	T	A	V	L	I	F	Y	W	H	M	C	P
0	0.02588	0.01443	0.04439	0.01622	0.02113	0.01217	0.03377	0.03019	0.04410	0.29979	0.03835	0.21227	0.03479	0.01694	0.01000	0.00313	0.00749	0.08322	0.00911	0.04261
1	0.01697	0.09559	0.01785	0.01320	0.01646	0.01336	0.01066	0.05570	0.02442	0.06697	0.37892	0.10484	0.06244	0.01744	0.01000	0.00288	0.00589	0.06805	0.00884	0.00951
2	0.01941	0.15888	0.46002	0.02520	0.03690	0.02362	0.10031	0.02810	0.01904	0.02707	0.01566	0.01873	0.01164	0.00823	0.00826	0.00269	0.01280	0.00678	0.00388	0.01277
3	0.01519	0.01018	0.01451	0.01390	0.01610	0.00931	0.04412	0.01762	0.01897	0.08403	0.12243	0.39407	0.05128	0.09140	0.01434	0.00381	0.00632	0.01935	0.00811	0.04497
4	0.01500	0.01072	0.01425	0.01368	0.01568	0.01221	0.01070	0.04963	0.01715	0.02556	0.02835	0.03632	0.05904	0.04683	0.40936	0.00994	0.05401	0.00973	0.15332	0.00854
5	0.01090	0.00779	0.01038	0.01246	0.01298	0.00727	0.00830	0.01246	0.01713	0.02284	0.04931	0.67975	0.05917	0.02803	0.01142	0.00363	0.00519	0.02543	0.00830	0.00727
6	0.03303	0.02457	0.02630	0.02039	0.02737	0.02729	0.01677	0.55376	0.08985	0.05480	0.02273	0.02247	0.01623	0.01086	0.00896	0.00271	0.00961	0.00823	0.00896	0.01513
7	0.01759	0.01538	0.02040	0.07755	0.02562	0.01276	0.04707	0.02167	0.01846	0.02773	0.02020	0.10194	0.01887	0.00958	0.00769	0.00188	0.00747	0.00839	0.00550	0.53425
8	0.08935	0.08420	0.48843	0.02598	0.08551	0.02172	0.02914	0.02796	0.01861	0.02907	0.01553	0.01844	0.01142	0.00838	0.00806	0.00275	0.01215	0.00643	0.00401	0.01284
9	0.06721	0.01767	0.02818	0.25135	0.32075	0.01900	0.02282	0.02401	0.01920	0.02718	0.02544	0.03020	0.08951	0.01015	0.00888	0.00282	0.01006	0.00912	0.00483	0.01162
10	0.01090	0.00779	0.01038	0.01246	0.01298	0.00727	0.00830	0.01246	0.01713	0.02284	0.04931	0.67975	0.05917	0.02803	0.01142	0.00363	0.00519	0.02543	0.00830	0.00727

[dist]
# distance from previous block
# <min> <max>
6	11

[block]
# block no. 2 follows, 19 sequences, length 23
# corresponding to MSA columns:
# 99-121
name=unknown_C
#
# <colnr> <probs for GDERKNQSTAVLIFYWHMCP>
#	G	D	E	R	K	N	Q	S	T	A	V	L	I	F	Y	W	H	M	C	P
0	0.02048	0.14663	0.16174	0.09540	0.03508	0.02415	0.14500	0.05396	0.01891	0.02583	0.01536	0.02061	0.01249	0.01116	0.01387	0.05868	0.11763	0.00763	0.00426	0.01114
1	0.02392	0.69097	0.04688	0.01531	0.02296	0.03540	0.01531	0.02679	0.01818	0.02105	0.01244	0.01435	0.01148	0.00765	0.00574	0.00191	0.00957	0.00478	0.00383	0.01148
2	0.01090	0.00779	0.01038	0.01246	0.01298	0.00727	0.00830	0.01246	0.01713	0.02284	0.04931	0.67975	0.05917	0.02803	0.01142	0.00363	0.00519	0.02543	0.00830	0.00727
3	0.02845	0.10542	0.06000	0.05461	0.02915	0.06280	0.05219	0.34808	0.03253	0.04312	0.04496	0.02299	0.01739	0.01018	0.00851	0.00259	0.01025	0.00795	0.04558	0.01326
4	0.11288	0.02372	0.12995	0.08282	0.03027	0.06297	0.08878	0.02398	0.01785	0.02698	0.04958	0.09722	0.02076	0.01298	0.01408	0.00319	0.17674	0.00987	0.00503	0.01033
5	0.01244	0.00905	0.01171	0.01122	0.01327	0.00832	0.00835	0.01639	0.02454	0.03443	0.56049	0.10694	0.11102	0.01914	0.01061	0.00288	0.00430	0.01691	0.00967	0.00832
6	0.02360	0.02172	0.02143	0.02025	0.05399	0.09043	0.01496	0.07863	0.45129	0.03582	0.03489	0.03297	0.05604	0.01208	0.00905	0.00291	0.00829	0.00987	0.00832	0.01346
7	0.02630	0.01981	0.02210	0.01802	0.02313	0.02211	0.01459	0.34441	0.10400	0.04570	0.12171	0.03147	0.02850	0.01511	0.04081	0.00335	0.04980	0.00970	0.04644	0.01294
8	0.01107	0.00786	0.01033	0.01224	0.01272	0.00738	0.00808	0.01250	0.01680	0.02240	0.04764	0.63072	0.05707	0.07992	0.01411	0.00403	0.00547	0.02445	0.00808	0.00712
9	0.01794	0.04628	0.63923	0.02550	0.03872	0.02078	0.03305	0.02833	0.01889	0.02833	0.01606	0.01889	0.01133	0.00850	0.00850	0.00283	0.01322	0.00661	0.00378	0.01322
10	0.01222	0.00913	0.01132	0.01219	0.01407	0.00848	0.00936	0.01499	0.02001	0.02595	0.15000	0.20442	0.22284	0.07381	0.01388	0.00384	0.00595	0.17154	0.00831	0.00766
11	0.01893	0.01110	0.01221	0.06257	0.01677	0.01177	0.00913	0.09570	0.02170	0.03548	0.02712	0.03106	0.02105	0.01035	0.00682	0.00223	0.00552	0.00827	0.58285	0.00935
12	0.01210	0.00904	0.01123	0.01086	0.01306	0.00817	0.00808	0.01572	0.02373	0.03250	0.47225	0.11012	0.20047	0.01986	0.01061	0.00291	0.00435	0.01736	0.00942	0.00817
13	0.02598	0.55015	0.04221	0.01699	0.02398	0.16882	0.01574	0.02873	0.01974	0.02123	0.01274	0.01474	0.01149	0.00799	0.00625	0.00200	0.01099	0.00500	0.00400	0.01124
14	0.02133	0.01842	0.01935	0.01749	0.02238	0.02109	0.01358	0.04480	0.56680	0.03638	0.04069	0.03754	0.07457	0.01297	0.00922	0.00303	0.00688	0.01081	0.00904	0.01364
15	0.01944	0.02087	0.04250	0.28599	0.05265	0.02154	0.37038	0.02636	0.01984	0.02636	0.01723	0.02402	0.01292	0.00810	0.00992	0.00300	0.01383	0.00952	0.00431	0.01122
16	0.02024	0.04020	0.49473	0.02670	0.03875	0.02046	0.12271	0.02961	0.01979	0.07717	0.01793	0.02066	0.01256	0.00855	0.00887	0.00286	0.01307	0.00744	0.00448	0.01320
17	0.03245	0.11083	0.02783	0.02196	0.02716	0.52015	0.01704	0.09211	0.02628	0.02531	0.01446	0.01648	0.01189	0.00920	0.00791	0.00230	0.01479	0.00589	0.00497	0.01098
18	0.02201	0.01867	0.01975	0.01739	0.02260	0.02094	0.01360	0.08526	0.49135	0.03736	0.03856	0.03593	0.07374	0.01259	0.00908	0.00292	0.00706	0.01041	0.00883	0.05197
19	0.01090	0.00779	0.01038	0.01246	0.01298	0.00727	0.00830	0.01246	0.01713	0.02284	0.04931	0.67975	0.05917	0.02803	0.01142	0.00363	0.00519	0.02543	0.00830	0.00727
20	0.60500	0.05910	0.01710	0.01321	0.01910	0.02207	0.01105	0.10656	0.01916	0.04126	0.01372	0.01549	0.01057	0.00861	0.00603	0.00270	0.00749	0.00529	0.00591	0.01057
21	0.03283	0.08279	0.02669	0.02257	0.02737	0.61163	0.01716	0.03517	0.02491	0.02184	0.01374	0.01602	0.01152	0.00912	0.00792	0.00228	0.01573	0.00570	0.00456	0.01044
22	0.01251	0.00860	0.00991	0.01016	0.01057	0.00838	0.00608	0.01312	0.01478	0.01958	0.06646	0.14794	0.08386	0.50922	0.03632	0.00724	0.00764	0.01535	0.00627	0.00600

[dist]
# distance from previous block
# <min> <max>
0	4

[block]
# block no. 3 follows, 19 sequences, length 119
# corresponding to MSA columns:
# 126-244
name=unknown_D
#
# <colnr> <probs for GDERKNQSTAVLIFYWHMCP>
#	G	D	E	R	K	N	Q	S	T	A	V	L	I	F	Y	W	H	M	C	P
0	0.74878	0.01730	0.01315	0.01177	0.01730	0.02007	0.00969	0.02630	0.01523	0.04014	0.01246	0.01453	0.00969	0.00830	0.00554	0.00277	0.00692	0.00484	0.00554	0.00969
1	0.02891	0.01459	0.01832	0.01492	0.02018	0.01382	0.01199	0.10089	0.06387	0.32667	0.20061	0.04297	0.07488	0.01379	0.00952	0.00280	0.00672	0.01154	0.01019	0.01282
2	0.01283	0.00939	0.01337	0.01337	0.01462	0.01063	0.00992	0.01533	0.01408	0.02002	0.02489	0.04026	0.02459	0.20235	0.51792	0.01313	0.02062	0.01033	0.00493	0.00743
3	0.01090	0.00779	0.01038	0.01246	0.01298	0.00727	0.00830	0.01246	0.01713	0.02284	0.04931	0.67975	0.05917	0.02803	0.01142	0.00363	0.00519	0.02543	0.00830	0.00727
4	0.01855	0.01590	0.01855	0.01325	0.02120	0.01193	0.01060	0.02253	0.01855	0.02915	0.01590	0.01855	0.01325	0.00663	0.00663	0.00133	0.00663	0.00530	0.00530	0.74028
5	0.06380	0.02298	0.03065	0.16810	0.33536	0.09697	0.02346	0.09726	0.02283	0.03097	0.01661	0.02127	0.01328	0.00867	0.00861	0.00269	0.01125	0.00754	0.00497	0.01274
6	0.01090	0.00779	0.01038	0.01246	0.01298	0.00727	0.00830	0.01246	0.01713	0.02284	0.04931	0.67975	0.05917	0.02803	0.01142	0.00363	0.00519	0.02543	0.00830	0.00727
7	0.01514	0.01433	0.07608	0.01536	0.04736	0.01134	0.01225	0.02119	0.06616	0.05678	0.38474	0.08844	0.12165	0.01701	0.01014	0.00288	0.00585	0.01484	0.00874	0.00973
8	0.02071	0.02333	0.05026	0.09869	0.04820	0.02236	0.54155	0.02809	0.02080	0.02809	0.01789	0.02411	0.01341	0.00768	0.01040	0.00301	0.01478	0.01030	0.00447	0.01186
9	0.01090	0.00779	0.01038	0.01246	0.01298	0.00727	0.00830	0.01246	0.01713	0.02284	0.04931	0.67975	0.05917	0.02803	0.01142	0.00363	0.00519	0.02543	0.00830	0.00727
10	0.02267	0.02225	0.03581	0.05343	0.60183	0.05042	0.02698	0.02784	0.02060	0.02889	0.01669	0.02186	0.01405	0.00803	0.00882	0.00264	0.01088	0.00787	0.00444	0.01399
11	0.01400	0.01000	0.01393	0.01600	0.01787	0.00994	0.01369	0.01781	0.02018	0.02630	0.04760	0.17014	0.05241	0.02511	0.01224	0.00406	0.00787	0.50448	0.00825	0.00812
12	0.03342	0.04264	0.02535	0.02305	0.02766	0.64967	0.01729	0.03572	0.02535	0.02190	0.01383	0.01613	0.01152	0.00922	0.00807	0.00230	0.01613	0.00576	0.00461	0.01037
13	0.07742	0.07445	0.02696	0.02539	0.09273	0.50662	0.01781	0.03372	0.02376	0.02382	0.01399	0.01659	0.01169	0.00894	0.00786	0.00235	0.01458	0.00589	0.00461	0.01081
14	0.03401	0.02506	0.02685	0.02058	0.02774	0.02774	0.01700	0.59995	0.04206	0.05638	0.02148	0.02148	0.01521	0.01074	0.00895	0.00268	0.00984	0.00805	0.00895	0.01521
15	0.01278	0.00956	0.01262	0.04868	0.01693	0.00950	0.01031	0.01660	0.04845	0.02633	0.15129	0.34425	0.08425	0.05843	0.01293	0.00374	0.00613	0.11094	0.00822	0.00804
16	0.01057	0.00906	0.00906	0.00906	0.01208	0.00755	0.00680	0.01284	0.02039	0.02417	0.09063	0.08610	0.62615	0.02266	0.01057	0.00302	0.00453	0.01888	0.00831	0.00755
17	0.01715	0.01182	0.01569	0.01702	0.04279	0.01185	0.01310	0.06231	0.04943	0.06804	0.07952	0.23104	0.04837	0.02202	0.01125	0.00361	0.00732	0.26972	0.00847	0.00947
18	0.03401	0.02506	0.02685	0.02058	0.02774	0.02774	0.01700	0.59995	0.04206	0.05638	0.02148	0.02148	0.01521	0.01074	0.00895	0.00268	0.00984	0.00805	0.00895	0.01521
19	0.01236	0.00900	0.01163	0.01124	0.01325	0.00827	0.00833	0.01620	0.02422	0.03388	0.53601	0.12890	0.11416	0.01952	0.01064	0.00291	0.00434	0.01726	0.00960	0.00827
20	0.01690	0.01590	0.02683	0.66408	0.06162	0.01988	0.02485	0.02286	0.01789	0.02286	0.01590	0.02385	0.01193	0.00894	0.00894	0.00298	0.01193	0.00795	0.00398	0.00994
21	0.02350	0.64579	0.08839	0.01602	0.02407	0.03438	0.01655	0.02690	0.01823	0.02156	0.01269	0.01467	0.01147	0.00771	0.00593	0.00198	0.00982	0.00491	0.00382	0.01160
22	0.01090	0.00779	0.01038	0.01246	0.01298	0.00727	0.00830	0.01246	0.01713	0.02284	0.04931	0.67975	0.05917	0.02803	0.01142	0.00363	0.00519	0.02543	0.00830	0.00727
23	0.74878	0.01730	0.01315	0.01177	0.01730	0.02007	0.00969	0.02630	0.01523	0.04014	0.01246	0.01453	0.00969	0.00830	0.00554	0.00277	0.00692	0.00484	0.00554	0.00969
24	0.02170	0.01859	0.01982	0.01809	0.02293	0.02141	0.01418	0.04551	0.57206	0.03668	0.03718	0.03811	0.02900	0.01302	0.00933	0.00311	0.00716	0.04932	0.00904	0.01375
25	0.02463	0.02040	0.02157	0.01869	0.02417	0.02336	0.01474	0.15916	0.49812	0.04126	0.03340	0.03097	0.02487	0.01186	0.00907	0.00296	0.00764	0.00970	0.00907	0.01437
26	0.01102	0.00791	0.01027	0.01210	0.01272	0.00737	0.00804	0.01251	0.01704	0.02256	0.05023	0.60739	0.08862	0.06980	0.01356	0.00392	0.00538	0.02428	0.00812	0.00716
27	0.03293	0.02442	0.02627	0.02007	0.02729	0.02664	0.01656	0.55949	0.04042	0.05448	0.02109	0.02127	0.01508	0.01045	0.00879	0.00259	0.00962	0.00786	0.00869	0.06602
28	0.01949	0.01959	0.02876	0.06525	0.02721	0.02666	0.05165	0.02201	0.01438	0.02201	0.01236	0.02010	0.01186	0.01478	0.02702	0.00381	0.59123	0.00799	0.00395	0.00992
29	0.01087	0.00792	0.01024	0.01211	0.01288	0.00730	0.00815	0.01250	0.01747	0.02298	0.05359	0.61825	0.11790	0.02747	0.01133	0.00357	0.00512	0.02475	0.00831	0.00730
30	0.02071	0.02473	0.08004	0.07440	0.04725	0.02237	0.53550	0.02830	0.02081	0.02830	0.01787	0.02386	0.01337	0.00767	0.01036	0.00301	0.01480	0.01021	0.00446	0.01200
31	0.04897	0.00954	0.01181	0.01112	0.01347	0.00895	0.00838	0.01706	0.02447	0.03524	0.55599	0.06563	0.11997	0.01811	0.01031	0.00283	0.00438	0.01581	0.00952	0.00844
32	0.01089	0.00784	0.01032	0.01231	0.01294	0.00728	0.00824	0.01247	0.01727	0.02290	0.05108	0.65429	0.08348	0.02780	0.01138	0.00361	0.00516	0.02515	0.00830	0.00728
33	0.01752	0.00959	0.01303	0.01238	0.01325	0.00987	0.00864	0.07314	0.01523	0.02083	0.01697	0.02697	0.01595	0.02774	0.03056	0.61944	0.00777	0.00783	0.04795	0.00532
34	0.01380	0.00986	0.01371	0.01577	0.01756	0.00976	0.01334	0.01747	0.01998	0.02608	0.04771	0.20282	0.05284	0.02530	0.01219	0.00403	0.00770	0.47377	0.00825	0.00807
35	0.03119	0.01894	0.02164	0.01705	0.02294	0.01973	0.01383	0.32799	0.03310	0.20058	0.08842	0.03105	0.02552	0.04290	0.01064	0.00296	0.00823	0.00939	0.06032	0.01358
36	0.01799	0.01669	0.02689	0.57298	0.05641	0.02096	0.02397	0.05132	0.01870	0.02440	0.01579	0.02334	0.01207	0.00965	0.01083	0.00305	0.07259	0.00794	0.00422	0.01019
37	0.01668	0.00834	0.00834	0.00834	0.01042	0.00834	0.00625	0.02085	0.01876	0.03335	0.02918	0.03335	0.02293	0.01042	0.00625	0.00208	0.00417	0.00834	0.73525	0.00834
38	0.23294	0.01587	0.01431	0.01250	0.01675	0.04278	0.00996	0.14387	0.02288	0.03964	0.02209	0.02470	0.01701	0.00983	0.00668	0.00242	0.00665	0.00716	0.34172	0.01025
39	0.01090	0.00779	0.01038	0.01246	0.01298	0.00727	0.00830	0.01246	0.01713	0.02284	0.04931	0.67975	0.05917	0.02803	0.01142	0.00363	0.00519	0.02543	0.00830	0.00727
40	0.02413	0.01892	0.03430	0.02569	0.03255	0.01796	0.29565	0.05388	0.06539	0.15744	0.03021	0.07127	0.05640	0.01113	0.00981	0.00293	0.01071	0.01137	0.05807	0.01218
41	0.02336	0.62506	0.04406	0.01537	0.02238	0.03370	0.01508	0.02624	0.01799	0.02167	0.01321	0.01552	0.01205	0.00818	0.00693	0.00202	0.04170	0.00510	0.03913	0.01125
42	0.01090	0.00779	0.01038	0.01246	0.01298	0.00727	0.00830	0.01246	0.01713	0.02284	0.04931	0.67975	0.05917	0.02803	0.01142	0.00363	0.00519	0.02543	0.00830	0.00727
43	0.02446	0.57888	0.08774	0.01669	0.02458	0.06248	0.01678	0.05765	0.01983	0.02349	0.01324	0.01514	0.01167	0.00795	0.00622	0.00204	0.01015	0.00513	0.00413	0.01175
44	0.74878	0.01730	0.01315	0.01177	0.01730	0.02007	0.00969	0.02630	0.01523	0.04014	0.01246	0.01453	0.00969	0.00830	0.00554	0.00277	0.00692	0.00484	0.00554	0.00969
45	0.01061	0.00891	0.00922	0.00948	0.01219	0.00752	0.00698	0.01279	0.02000	0.02401	0.08561	0.15827	0.55722	0.02331	0.01068	0.00310	0.00461	0.01968	0.00831	0.00752
46	0.02426	0.01866	0.02073	0.01640	0.02244	0.01866	0.01298	0.27487	0.06099	0.03998	0.02413	0.09861	0.02145	0.05874	0.01105	0.00279	0.00804	0.00960	0.00746	0.24816
47	0.02923	0.02195	0.02265	0.01878	0.02468	0.06633	0.01501	0.24079	0.26423	0.12466	0.05462	0.02898	0.02366	0.01156	0.00902	0.00281	0.00865	0.00919	0.00903	0.01417
48	0.01224	0.00835	0.00998	0.01074	0.01093	0.00816	0.00647	0.01281	0.01450	0.01934	0.03585	0.28389	0.04219	0.44705	0.03316	0.00685	0.00741	0.01752	0.00647	0.00609
49	0.02790	0.05457	0.02200	0.01665	0.02217	0.02136	0.01358	0.33328	0.07321	0.08327	0.02617	0.06066	0.02041	0.01156	0.00832	0.00259	0.00797	0.00909	0.17230	0.01297
50	0.03391	0.02252	0.02499	0.01938	0.02617	0.02422	0.01591	0.47538	0.03800	0.15407	0.02523	0.05573	0.01859	0.01166	0.00908	0.00275	0.00923	0.00908	0.00928	0.01482
51	0.01100	0.00786	0.01047	0.01239	0.01300	0.00733	0.00831	0.01270	0.01758	0.02355	0.08094	0.64607	0.06056	0.02749	0.01137	0.00359	0.00514	0.02493	0.00839	0.00733
52	0.02205	0.02142	0.03701	0.05124	0.54048	0.02144	0.08143	0.02868	0.05303	0.02962	0.01803	0.02295	0.01484	0.00816	0.00903	0.00271	0.01086	0.00834	0.00469	0.01397
53	0.01794	0.04628	0.63923	0.02550	0.03872	0.02078	0.03305	0.02833	0.01889	0.02833	0.01606	0.01889	0.01133	0.00850	0.00850	0.00283	0.01322	0.00661	0.00378	0.01322
54	0.01090	0.00779	0.01038	0.01246	0.01298	0.00727	0.00830	0.01246	0.01713	0.02284	0.04931	0.67975	0.05917	0.02803	0.01142	0.00363	0.00519	0.02543	0.00830	0.00727
55	0.01278	0.00959	0.01438	0.01438	0.01598	0.01118	0.01118	0.01598	0.01438	0.02077	0.02396	0.03515	0.02237	0.06710	0.65013	0.01438	0.02396	0.00959	0.00479	0.00799
56	0.01356	0.00894	0.01182	0.01204	0.01377	0.00823	0.00866	0.01662	0.02191	0.06614	0.34882	0.32136	0.07014	0.02194	0.01082	0.00315	0.00483	0.01963	0.00927	0.00835
57	0.03866	0.01580	0.02098	0.01603	0.02302	0.01389	0.01323	0.07305	0.02614	0.57202	0.03351	0.02933	0.02129	0.01082	0.00887	0.00269	0.00768	0.00875	0.01065	0.05359
58	0.01278	0.00959	0.01438	0.01438	0.01598	0.01118	0.01118	0.01598	0.01438	0.02077	0.02396	0.03515	0.02237	0.06710	0.65013	0.01438	0.02396	0.00959	0.00479	0.00799
59	0.03342	0.04264	0.02535	0.02305	0.02766	0.64967	0.01729	0.03572	0.02535	0.02190	0.01383	0.01613	0.01152	0.00922	0.00807	0.00230	0.01613	0.00576	0.00461	0.01037
60	0.02893	0.11578	0.06683	0.02140	0.02677	0.36407	0.01776	0.09731	0.04789	0.02669	0.01591	0.01855	0.01309	0.01252	0.04043	0.00306	0.06021	0.00646	0.00510	0.01124
61	0.01204	0.00906	0.01113	0.01075	0.01302	0.00815	0.00801	0.01562	0.02364	0.03221	0.45846	0.10216	0.22313	0.01990	0.01060	0.00291	0.00435	0.01734	0.00937	0.00815
62	0.03401	0.02506	0.02685	0.02058	0.02774	0.02774	0.01700	0.59995	0.04206	0.05638	0.02148	0.02148	0.01521	0.01074	0.00895	0.00268	0.00984	0.00805	0.00895	0.01521
63	0.02363	0.65986	0.07547	0.01580	0.02372	0.03469	0.01616	0.02686	0.01821	0.02140	0.01261	0.01457	0.01147	0.00769	0.00587	0.00196	0.00974	0.00487	0.00382	0.01157
64	0.01090	0.00779	0.01038	0.01246	0.01298	0.00727	0.00830	0.01246	0.01713	0.02284	0.04931	0.67975	0.05917	0.02803	0.01142	0.00363	0.00519	0.02543	0.00830	0.00727
65	0.03394	0.02724	0.02666	0.02089	0.02773	0.10484	0.01704	0.53001	0.03999	0.05211	0.02053	0.02082	0.01476	0.01055	0.00884	0.00264	0.01062	0.00777	0.00841	0.01461
66	0.02035	0.02174	0.04197	0.03050	0.03810	0.02095	0.39274	0.02637	0.01957	0.02781	0.01677	0.02231	0.01326	0.00843	0.01223	0.00277	0.10093	0.00905	0.00461	0.16953
67	0.01335	0.00934	0.01153	0.01097	0.01347	0.00837	0.00823	0.01685	0.02354	0.06145	0.41932	0.10667	0.22430	0.01968	0.01053	0.00292	0.00453	0.01710	0.00941	0.00847
68	0.29163	0.02059	0.02037	0.01626	0.02265	0.02262	0.01338	0.31093	0.02933	0.07501	0.01889	0.01973	0.01376	0.00964	0.00748	0.00262	0.00827	0.00680	0.03876	0.05129
69	0.01419	0.01014	0.01416	0.01622	0.01818	0.01010	0.01403	0.01815	0.02037	0.02652	0.04749	0.13794	0.05198	0.02493	0.01230	0.00409	0.00804	0.53475	0.00824	0.00818
70	0.01090	0.00779	0.01038	0.01246	0.01298	0.00727	0.00830	0.01246	0.01713	0.02284	0.04931	0.67975	0.05917	0.02803	0.01142	0.00363	0.00519	0.02543	0.00830	0.00727
71	0.01865	0.12208	0.56958	0.02430	0.03687	0.02250	0.03097	0.02815	0.01880	0.02748	0.01563	0.01835	0.01135	0.00840	0.00818	0.00273	0.01279	0.00640	0.00378	0.01302
72	0.03140	0.03689	0.02686	0.02342	0.02790	0.48497	0.04621	0.06188	0.02454	0.04886	0.01504	0.01780	0.01227	0.01008	0.01090	0.00258	0.09608	0.00650	0.00500	0.01082
73	0.01090	0.00779	0.01038	0.01246	0.01298	0.00727	0.00830	0.01246	0.01713	0.02284	0.04931	0.67975	0.05917	0.02803	0.01142	0.00363	0.00519	0.02543	0.00830	0.00727
74	0.01997	0.03215	0.26506	0.03329	0.04385	0.02196	0.39306	0.02854	0.02031	0.02854	0.01736	0.02223	0.01276	0.00789	0.00981	0.00295	0.01441	0.00913	0.00425	0.01248
75	0.01093	0.00801	0.01028	0.01198	0.01288	0.00735	0.00812	0.01270	0.01789	0.02357	0.07922	0.57845	0.13190	0.02693	0.01128	0.00352	0.00507	0.02421	0.00837	0.00735
76	0.01090	0.00779	0.01038	0.01246	0.01298	0.00727	0.00830	0.01246	0.01713	0.02284	0.04931	0.67975	0.05917	0.02803	0.01142	0.00363	0.00519	0.02543	0.00830	0.00727
77	0.02392	0.69097	0.04688	0.01531	0.02296	0.03540	0.01531	0.02679	0.01818	0.02105	0.01244	0.01435	0.01148	0.00765	0.00574	0.00191	0.00957	0.00478	0.00383	0.01148
78	0.01090	0.00779	0.01038	0.01246	0.01298	0.00727	0.00830	0.01246	0.01713	0.02284	0.04931	0.67975	0.05917	0.02803	0.01142	0.00363	0.00519	0.02543	0.00830	0.00727
79	0.01794	0.04628	0.63923	0.02550	0.03872	0.02078	0.03305	0.02833	0.01889	0.02833	0.01606	0.01889	0.01133	0.00850	0.00850	0.00283	0.01322	0.00661	0.00378	0.01322
80	0.70839	0.01722	0.01390	0.04776	0.01975	0.02006	0.01053	0.02611	0.01537	0.03919	0.01265	0.01505	0.00981	0.00834	0.00572	0.00278	0.00720	0.00502	0.00545	0.00970
81	0.03342	0.04264	0.02535	0.02305	0.02766	0.64967	0.01729	0.03572	0.02535	0.02190	0.01383	0.01613	0.01152	0.00922	0.00807	0.00230	0.01613	0.00576	0.00461	0.01037
82	0.02834	0.25662	0.03121	0.01888	0.02448	0.30729	0.01558	0.09497	0.02409	0.02618	0.01669	0.04789	0.01475	0.00980	0.00744	0.00227	0.01205	0.00674	0.04368	0.01105
83	0.01253	0.00914	0.01178	0.01112	0.01329	0.00839	0.00834	0.01663	0.02502	0.03515	0.59171	0.06803	0.11822	0.01856	0.01055	0.00283	0.00424	0.01635	0.00975	0.00839
84	0.02390	0.61851	0.08748	0.01635	0.02426	0.06023	0.01663	0.02727	0.01853	0.02159	0.01275	0.01474	0.01147	0.00778	0.00603	0.00199	0.01010	0.00495	0.00386	0.01156
85	0.02349	0.64425	0.08980	0.01605	0.02410	0.03434	0.01659	0.02690	0.01823	0.02158	0.01270	0.01468	0.01147	0.00772	0.00594	0.00198	0.00983	0.00492	0.00382	0.01161
86	0.01088	0.00787	0.01030	0.01225	0.01292	0.00728	0.00821	0.01248	0.01733	0.02292	0.05189	0.64270	0.09455	0.02769	0.01137	0.00360	0.00515	0.02502	0.00830	0.00728
87	0.01756	0.01208	0.01458	0.01291	0.01624	0.01183	0.00999	0.08905	0.06354	0.08071	0.42133	0.05868	0.12203	0.01693	0.01016	0.00283	0.00534	0.01459	0.00963	0.01000
88	0.02112	0.02413	0.05279	0.03771	0.04676	0.02262	0.59729	0.02866	0.02112	0.02866	0.01810	0.02413	0.01357	0.00754	0.01056	0.00302	0.01508	0.01056	0.00452	0.01207
89	0.01198	0.00902	0.01108	0.01076	0.01300	0.00812	0.00800	0.01549	0.02342	0.03183	0.44173	0.11635	0.22613	0.02015	0.01062	0.00293	0.00437	0.01757	0.00933	0.00812
90	0.02071	0.02295	0.04981	0.03582	0.04421	0.02155	0.55457	0.02743	0.02043	0.02771	0.01791	0.02435	0.01372	0.00925	0.01233	0.05640	0.01455	0.01036	0.00448	0.01147
91	0.01300	0.00952	0.01404	0.01404	0.01567	0.01103	0.01091	0.01624	0.01462	0.02146	0.02425	0.03505	0.02240	0.06397	0.61460	0.01370	0.02287	0.00952	0.04510	0.00801
92	0.01090	0.00779	0.01038	0.01246	0.01298	0.00727	0.00830	0.01246	0.01713	0.02284	0.04931	0.67975	0.05917	0.02803	0.01142	0.00363	0.00519	0.02543	0.00830	0.00727
93	0.70934	0.01773	0.01391	0.01225	0.01788	0.02049	0.01009	0.05795	0.01671	0.04104	0.01296	0.01492	0.00999	0.00844	0.00572	0.00276	0.00708	0.00502	0.00572	0.00999
94	0.01132	0.00783	0.01023	0.01216	0.01279	0.00734	0.00816	0.01307	0.01725	0.02360	0.04785	0.63291	0.05655	0.02675	0.01104	0.00352	0.00512	0.02419	0.06098	0.00734
95	0.01668	0.00834	0.00834	0.00834	0.01042	0.00834	0.00625	0.02085	0.01876	0.03335	0.02918	0.03335	0.02293	0.01042	0.00625	0.00208	0.00417	0.00834	0.73525	0.00834
96	0.27328	0.01972	0.06332	0.06090	0.02429	0.01946	0.01428	0.13749	0.02169	0.03735	0.01808	0.05186	0.01497	0.01011	0.00847	0.00262	0.04455	0.00729	0.05152	0.11873
97	0.02349	0.02386	0.03726	0.08419	0.38159	0.08432	0.13740	0.06485	0.02225	0.02973	0.01702	0.02200	0.01372	0.00825	0.00912	0.00271	0.01208	0.00826	0.00473	0.01318
98	0.01090	0.00779	0.01038	0.01246	0.01298	0.00727	0.00830	0.01246	0.01713	0.02284	0.04931	0.67975	0.05917	0.02803	0.01142	0.00363	0.00519	0.02543	0.00830	0.00727
99	0.01929	0.02286	0.09911	0.24801	0.04753	0.02189	0.25781	0.02720	0.05612	0.02657	0.01773	0.02369	0.01348	0.00911	0.01135	0.00307	0.07031	0.00900	0.00449	0.01139
100	0.02336	0.01790	0.02043	0.08294	0.02656	0.02018	0.01476	0.04288	0.45199	0.10923	0.03681	0.03460	0.05401	0.01219	0.00915	0.00300	0.00751	0.01018	0.00879	0.01355
101	0.01090	0.00779	0.01038	0.01246	0.01298	0.00727	0.00830	0.01246	0.01713	0.02284	0.04931	0.67975	0.05917	0.02803	0.01142	0.00363	0.00519	0.02543	0.00830	0.00727
102	0.02487	0.02052	0.02170	0.01874	0.02426	0.02347	0.01479	0.17046	0.48643	0.04164	0.03309	0.03073	0.02462	0.01183	0.00907	0.00296	0.00770	0.00966	0.00907	0.01440
103	0.01090	0.00779	0.01038	0.01246	0.01298	0.00727	0.00830	0.01246	0.01713	0.02284	0.04931	0.67975	0.05917	0.02803	0.01142	0.00363	0.00519	0.02543	0.00830	0.00727
104	0.01814	0.08558	0.56767	0.02436	0.03663	0.02115	0.03092	0.02771	0.01893	0.02778	0.01751	0.02302	0.01351	0.00932	0.00853	0.00284	0.01272	0.03683	0.00402	0.01284
105	0.70934	0.01723	0.01389	0.04692	0.01969	0.02006	0.01051	0.02611	0.01537	0.03921	0.01264	0.01504	0.00981	0.00834	0.00572	0.00278	0.00719	0.00501	0.00545	0.00970
106	0.03342	0.04264	0.02535	0.02305	0.02766	0.64967	0.01729	0.03572	0.02535	0.02190	0.01383	0.01613	0.01152	0.00922	0.00807	0.00230	0.01613	0.00576	0.00461	0.01037
107	0.01855	0.01590	0.01855	0.01325	0.02120	0.01193	0.01060	0.02253	0.01855	0.02915	0.01590	0.01855	0.01325	0.00663	0.00663	0.00133	0.00663	0.00530	0.00530	0.74028
108	0.01257	0.00915	0.01187	0.01151	0.01360	0.00845	0.00872	0.01654	0.02435	0.03399	0.52957	0.09860	0.11339	0.01941	0.01071	0.00295	0.00454	0.05217	0.00958	0.00832
109	0.01759	0.00922	0.00932	0.00899	0.01134	0.00937	0.00682	0.05149	0.01999	0.03457	0.02878	0.03273	0.02252	0.01044	0.00640	0.00212	0.00447	0.00832	0.69682	0.00870
110	0.01921	0.01330	0.01749	0.01837	0.08030	0.01329	0.01276	0.06089	0.09889	0.10068	0.26734	0.11788	0.05284	0.01684	0.01020	0.00303	0.00647	0.07046	0.00895	0.01078
111	0.01734	0.01478	0.02267	0.35492	0.04097	0.01781	0.04138	0.02354	0.05489	0.02614	0.02136	0.05828	0.01765	0.01107	0.01075	0.00292	0.08058	0.00912	0.16404	0.00979
112	0.01869	0.01636	0.02044	0.01460	0.02261	0.01252	0.04298	0.02287	0.01869	0.02913	0.01602	0.01886	0.01327	0.00668	0.00684	0.00142	0.00709	0.00559	0.00526	0.70009
113	0.02695	0.07738	0.02681	0.05627	0.02694	0.29889	0.01771	0.02950	0.02023	0.06475	0.01515	0.01940	0.01286	0.01396	0.04459	0.00342	0.22311	0.00687	0.00476	0.01047
114	0.02118	0.01652	0.01931	0.01397	0.02179	0.01316	0.01124	0.06584	0.02075	0.07365	0.01766	0.01960	0.01402	0.00724	0.00696	0.00152	0.00693	0.00576	0.00597	0.63693
115	0.11359	0.14050	0.02503	0.01814	0.04804	0.04829	0.01422	0.03821	0.28895	0.10073	0.02629	0.02542	0.01984	0.01018	0.00788	0.00264	0.00806	0.00788	0.00737	0.04875
116	0.06321	0.02057	0.02486	0.02285	0.10136	0.02148	0.01651	0.27080	0.09553	0.22972	0.02642	0.02535	0.01832	0.01054	0.00883	0.00275	0.00883	0.00843	0.00891	0.01474
117	0.06700	0.01872	0.02165	0.01903	0.05270	0.04349	0.04792	0.11711	0.15790	0.03462	0.02875	0.10431	0.05043	0.01214	0.00864	0.00257	0.00806	0.01028	0.00712	0.18752
118	0.02029	0.03017	0.21641	0.03535	0.08088	0.02202	0.40331	0.02849	0.02044	0.02860	0.01745	0.02254	0.01298	0.00784	0.00987	0.00294	0.01428	0.00929	0.00431	0.01252

[dist]
# distance from previous block
# <min> <max>
1	4

[block]
# block no. 4 follows, 19 sequences, length 26
# corresponding to MSA columns:
# 249-274
name=unknown_E
#
# <colnr> <probs for GDERKNQSTAVLIFYWHMCP>
#	G	D	E	R	K	N	Q	S	T	A	V	L	I	F	Y	W	H	M	C	P
0	0.02891	0.05995	0.25403	0.01995	0.02936	0.01898	0.02107	0.11222	0.02457	0.26296	0.02394	0.02341	0.01610	0.00963	0.00851	0.00265	0.01005	0.00755	0.00736	0.05881
1	0.13276	0.30938	0.11062	0.01826	0.02521	0.02612	0.06509	0.02527	0.01763	0.02609	0.01648	0.07068	0.01536	0.01012	0.00888	0.00253	0.06322	0.00746	0.00458	0.04426
2	0.01278	0.00959	0.01438	0.01438	0.01598	0.01118	0.01118	0.01598	0.01438	0.02077	0.02396	0.03515	0.02237	0.06710	0.65013	0.01438	0.02396	0.00959	0.00479	0.00799
3	0.02700	0.02243	0.02125	0.04476	0.05945	0.13705	0.01457	0.25330	0.02928	0.03967	0.02200	0.02439	0.01679	0.01012	0.00792	0.00243	0.00934	0.00771	0.23868	0.01185
4	0.01278	0.00959	0.01438	0.01438	0.01598	0.01118	0.01118	0.01598	0.01438	0.02077	0.02396	0.03515	0.02237	0.06710	0.65013	0.01438	0.02396	0.00959	0.00479	0.00799
5	0.01722	0.01653	0.02881	0.61631	0.06048	0.02009	0.06851	0.02330	0.01814	0.02330	0.01607	0.02387	0.01205	0.00884	0.00907	0.00298	0.01217	0.00815	0.00402	0.01010
6	0.09579	0.01967	0.02254	0.01763	0.02439	0.02032	0.01449	0.26706	0.07623	0.30630	0.02789	0.02572	0.01870	0.01079	0.00870	0.00275	0.00842	0.00835	0.00960	0.01468
7	0.03726	0.01577	0.02069	0.01603	0.02259	0.01432	0.01318	0.10047	0.02733	0.52568	0.08178	0.03246	0.02647	0.01162	0.00912	0.00276	0.00757	0.00948	0.01075	0.01467
8	0.01266	0.00914	0.01196	0.01126	0.01337	0.00844	0.00844	0.01688	0.02532	0.03588	0.62506	0.06683	0.08441	0.01829	0.01055	0.00281	0.00422	0.01618	0.00985	0.00844
9	0.01734	0.01635	0.02763	0.61294	0.10932	0.01999	0.02507	0.02324	0.01810	0.02339	0.01598	0.02371	0.01211	0.00886	0.00894	0.00295	0.01182	0.00795	0.00401	0.01029
10	0.01953	0.13167	0.43775	0.02853	0.10659	0.02303	0.07596	0.02804	0.01915	0.02745	0.01581	0.01906	0.01187	0.00824	0.00832	0.00270	0.01256	0.00684	0.00392	0.01300
11	0.01090	0.00779	0.01038	0.01246	0.01298	0.00727	0.00830	0.01246	0.01713	0.02284	0.04931	0.67975	0.05917	0.02803	0.01142	0.00363	0.00519	0.02543	0.00830	0.00727
12	0.01184	0.00893	0.01094	0.01082	0.01296	0.00803	0.00797	0.01514	0.02280	0.03080	0.39604	0.15870	0.23059	0.02087	0.01068	0.00299	0.00444	0.01823	0.00920	0.00803
13	0.01855	0.01590	0.01855	0.01325	0.02120	0.01193	0.01060	0.02253	0.01855	0.02915	0.01590	0.01855	0.01325	0.00663	0.00663	0.00133	0.00663	0.00530	0.00530	0.74028
14	0.02077	0.02346	0.05067	0.08882	0.04797	0.02240	0.55058	0.02818	0.02085	0.02818	0.01792	0.02411	0.01344	0.00766	0.01043	0.00301	0.01483	0.01035	0.00448	0.01189
15	0.01090	0.00779	0.01038	0.01246	0.01298	0.00727	0.00830	0.01246	0.01713	0.02284	0.04931	0.67975	0.05917	0.02803	0.01142	0.00363	0.00519	0.02543	0.00830	0.00727
16	0.01931	0.01895	0.02654	0.36878	0.09440	0.07231	0.02208	0.02385	0.01776	0.02362	0.01561	0.02263	0.01269	0.01058	0.01358	0.00307	0.16864	0.00777	0.04764	0.01020
17	0.01259	0.00952	0.01380	0.01375	0.01550	0.01072	0.01066	0.01578	0.01554	0.02197	0.06629	0.04123	0.07526	0.06049	0.55887	0.01274	0.02117	0.01075	0.00539	0.00798
18	0.01090	0.00779	0.01038	0.01246	0.01298	0.00727	0.00830	0.01246	0.01713	0.02284	0.04931	0.67975	0.05917	0.02803	0.01142	0.00363	0.00519	0.02543	0.00830	0.00727
19	0.02392	0.69097	0.04688	0.01531	0.02296	0.03540	0.01531	0.02679	0.01818	0.02105	0.01244	0.01435	0.01148	0.00765	0.00574	0.00191	0.00957	0.00478	0.00383	0.01148
20	0.08064	0.54170	0.04106	0.01621	0.02324	0.12698	0.01518	0.02810	0.01904	0.02263	0.01265	0.01463	0.01135	0.00794	0.00608	0.00204	0.01036	0.00494	0.00408	0.01118
21	0.01585	0.01254	0.06036	0.01309	0.01648	0.00975	0.01098	0.01978	0.02270	0.10173	0.31854	0.15759	0.13597	0.01913	0.01045	0.00304	0.00572	0.04800	0.00900	0.00930
22	0.02028	0.01823	0.02315	0.16895	0.09281	0.04675	0.01675	0.05911	0.04648	0.02913	0.01757	0.02165	0.01410	0.00861	0.00898	0.00223	0.04665	0.00688	0.04148	0.31020
23	0.02453	0.01179	0.01565	0.01318	0.01743	0.01045	0.01041	0.02832	0.02521	0.29665	0.34204	0.05193	0.08383	0.01536	0.00988	0.00280	0.00571	0.01318	0.01031	0.01135
24	0.07823	0.09506	0.47344	0.06147	0.06635	0.02192	0.02891	0.02768	0.01855	0.02842	0.01549	0.01860	0.01139	0.00841	0.00807	0.00275	0.01220	0.00646	0.00397	0.01265
25	0.01950	0.17910	0.42859	0.02215	0.03268	0.05801	0.02641	0.02713	0.01896	0.02599	0.01787	0.07151	0.01526	0.00995	0.00813	0.00267	0.01196	0.00771	0.00420	0.01221

[dist]
# distance from previous block
# <min> <max>
0	8

[block]
# block no. 5 follows, 19 sequences, length 26
# corresponding to MSA columns:
# 283-290,293-310
name=unknown_F
#
# <colnr> <probs for GDERKNQSTAVLIFYWHMCP>
#	G	D	E	R	K	N	Q	S	T	A	V	L	I	F	Y	W	H	M	C	P
0	0.02343	0.34142	0.12959	0.02051	0.07693	0.02659	0.01836	0.03092	0.10245	0.08099	0.05327	0.02277	0.01896	0.00934	0.00747	0.00240	0.00940	0.00710	0.00559	0.01252
1	0.26950	0.02265	0.12508	0.14395	0.17901	0.01998	0.02089	0.02745	0.01827	0.07231	0.01628	0.01988	0.01230	0.00856	0.00769	0.00279	0.00983	0.00675	0.00506	0.01178
2	0.01840	0.01327	0.01628	0.04392	0.02018	0.01260	0.01130	0.08195	0.06269	0.07416	0.03490	0.32860	0.03640	0.01784	0.00956	0.00284	0.00664	0.01569	0.00771	0.18507
3	0.02330	0.01793	0.02363	0.17020	0.03280	0.01969	0.05442	0.18487	0.12019	0.07638	0.03083	0.08622	0.06377	0.01266	0.00929	0.00292	0.00907	0.01085	0.03891	0.01208
4	0.01640	0.00909	0.00968	0.00923	0.01168	0.00885	0.00691	0.02028	0.01817	0.03137	0.02765	0.03346	0.02254	0.04759	0.05038	0.00315	0.00590	0.00839	0.58834	0.07094
5	0.12560	0.01925	0.01954	0.05922	0.02350	0.06094	0.01349	0.20109	0.05262	0.03903	0.02079	0.02328	0.01597	0.01010	0.00876	0.00252	0.04605	0.00736	0.17690	0.07399
6	0.07852	0.02228	0.02445	0.06242	0.02826	0.02476	0.01631	0.39494	0.12799	0.09284	0.02390	0.02373	0.01706	0.01071	0.00875	0.00277	0.00919	0.00823	0.00857	0.01433
7	0.02264	0.06711	0.02099	0.01658	0.02167	0.02033	0.01330	0.09721	0.34965	0.07551	0.07869	0.04049	0.09438	0.01352	0.00918	0.00291	0.00715	0.02707	0.00876	0.01287
8	0.02251	0.01639	0.01995	0.01931	0.05661	0.01699	0.01488	0.14579	0.13928	0.08169	0.03468	0.08725	0.03216	0.01606	0.01003	0.00316	0.00812	0.19242	0.00830	0.07441
9	0.36813	0.01558	0.01705	0.06449	0.02240	0.01725	0.04306	0.07175	0.01897	0.03472	0.02483	0.16137	0.02485	0.01420	0.00824	0.00310	0.00777	0.06608	0.00649	0.00967
10	0.01791	0.04098	0.53157	0.02460	0.03625	0.02006	0.05197	0.02865	0.06067	0.02862	0.01976	0.06362	0.01569	0.01000	0.00881	0.00291	0.01233	0.00825	0.00448	0.01285
11	0.02255	0.52783	0.14802	0.01770	0.02573	0.03225	0.01871	0.02665	0.01796	0.02235	0.01301	0.01554	0.01148	0.00841	0.00803	0.00223	0.06074	0.00533	0.00383	0.01165
12	0.01551	0.01054	0.04806	0.06064	0.01694	0.00937	0.01049	0.01347	0.01284	0.01722	0.01753	0.06387	0.01754	0.02800	0.03020	0.60163	0.00824	0.00873	0.00414	0.00505
13	0.02629	0.28596	0.06572	0.01631	0.02308	0.02395	0.01496	0.03458	0.14633	0.17892	0.07592	0.02713	0.02372	0.01041	0.00783	0.00249	0.00831	0.00804	0.00725	0.01282
14	0.01106	0.00873	0.00998	0.01041	0.01257	0.00765	0.00752	0.01351	0.02045	0.02605	0.18202	0.24403	0.36773	0.02328	0.01080	0.00315	0.00465	0.02015	0.00860	0.00765
15	0.01168	0.00874	0.01093	0.01183	0.01338	0.00782	0.00816	0.01369	0.01822	0.02439	0.10097	0.46706	0.13561	0.05319	0.01233	0.00352	0.00528	0.02165	0.00808	0.06348
16	0.05775	0.01804	0.02993	0.33053	0.20051	0.01996	0.08364	0.02567	0.05244	0.02695	0.02163	0.02704	0.04863	0.00947	0.00901	0.00289	0.01096	0.00881	0.00477	0.01135
17	0.02385	0.09386	0.23683	0.05405	0.03118	0.26585	0.02209	0.02941	0.02188	0.02542	0.06320	0.02573	0.01919	0.01035	0.00848	0.00262	0.01302	0.03700	0.00482	0.01116
18	0.03236	0.02393	0.02560	0.01977	0.02664	0.02632	0.01629	0.55867	0.04054	0.05412	0.02634	0.02602	0.05816	0.01158	0.00906	0.00271	0.00947	0.00882	0.00890	0.01468
19	0.01109	0.00912	0.00954	0.00970	0.01236	0.00787	0.00725	0.01329	0.01972	0.02373	0.08152	0.08468	0.52701	0.08436	0.01396	0.00363	0.00520	0.06052	0.00803	0.00741
20	0.01996	0.01954	0.03476	0.29035	0.33229	0.02090	0.10054	0.02582	0.01950	0.02667	0.01663	0.02307	0.01322	0.00830	0.00911	0.00283	0.01171	0.00830	0.00426	0.01225
21	0.02202	0.45372	0.22291	0.02100	0.06834	0.03009	0.02142	0.02729	0.01854	0.02377	0.01381	0.01623	0.01162	0.00793	0.00677	0.00224	0.01073	0.00554	0.00385	0.01218
22	0.06179	0.01691	0.01938	0.07203	0.02378	0.01840	0.01342	0.26317	0.02801	0.08469	0.02423	0.05560	0.01917	0.01475	0.03491	0.05249	0.00866	0.00885	0.16820	0.01156
23	0.02919	0.02660	0.02157	0.01888	0.02340	0.27245	0.01460	0.09315	0.07620	0.13278	0.06833	0.06878	0.02415	0.01220	0.00969	0.00267	0.04088	0.00921	0.04371	0.01156
24	0.03002	0.02206	0.02398	0.01878	0.02492	0.02414	0.01529	0.49062	0.03849	0.05188	0.11323	0.02968	0.02632	0.03595	0.01050	0.00292	0.00895	0.00946	0.00896	0.01384
25	0.07931	0.06158	0.02076	0.01554	0.02097	0.01948	0.01253	0.21456	0.09195	0.11964	0.03570	0.03731	0.11952	0.07930	0.01235	0.00331	0.00793	0.01017	0.00812	0.02998

[dist]
# distance from previous block
# <min> <max>
43	66

[block]
# block no. 6 follows, 19 sequences, length 16
# corresponding to MSA columns:
# 389-404
name=unknown_G
#
# <colnr> <probs for GDERKNQSTAVLIFYWHMCP>
#	G	D	E	R	K	N	Q	S	T	A	V	L	I	F	Y	W	H	M	C	P
0	0.02316	0.01751	0.02003	0.01531	0.02230	0.01600	0.01229	0.12878	0.10417	0.08431	0.05698	0.02486	0.02039	0.00914	0.00779	0.00200	0.00719	0.00737	0.00719	0.41323
1	0.44881	0.06014	0.09963	0.07663	0.02569	0.02108	0.01521	0.06511	0.01857	0.07568	0.01533	0.01747	0.01139	0.00869	0.00671	0.00274	0.00861	0.00585	0.00564	0.01100
2	0.03401	0.02506	0.02685	0.02058	0.02774	0.02774	0.01700	0.59995	0.04206	0.05638	0.02148	0.02148	0.01521	0.01074	0.00895	0.00268	0.00984	0.00805	0.00895	0.01521
3	0.01690	0.01590	0.02683	0.66408	0.06162	0.01988	0.02485	0.02286	0.01789	0.02286	0.01590	0.02385	0.01193	0.00894	0.00894	0.00298	0.01193	0.00795	0.00398	0.00994
4	0.01991	0.01685	0.01924	0.01431	0.02184	0.01417	0.01143	0.05848	0.09767	0.03178	0.01890	0.02066	0.01520	0.00758	0.00708	0.00163	0.00687	0.00609	0.00600	0.60432
5	0.60615	0.01747	0.01488	0.01289	0.01862	0.01972	0.01058	0.05146	0.04835	0.10573	0.01654	0.01752	0.01217	0.00890	0.00623	0.00278	0.00712	0.00569	0.00646	0.01074
6	0.03126	0.02292	0.02462	0.01917	0.02539	0.02525	0.01549	0.52322	0.03827	0.05128	0.02236	0.02632	0.01748	0.09895	0.01373	0.00347	0.00969	0.00870	0.00849	0.01393
7	0.03778	0.01770	0.02213	0.01711	0.02399	0.01699	0.01409	0.17175	0.06063	0.47089	0.03218	0.02854	0.02083	0.01105	0.00899	0.00276	0.00810	0.00884	0.01048	0.01517
8	0.15886	0.41566	0.11598	0.01661	0.02444	0.05621	0.01676	0.06030	0.01940	0.02762	0.01349	0.01546	0.01135	0.00813	0.00635	0.00225	0.00985	0.00526	0.00447	0.01154
9	0.12683	0.02209	0.02344	0.01832	0.02483	0.02415	0.01498	0.43425	0.03519	0.11058	0.02209	0.02365	0.01621	0.05007	0.01066	0.00306	0.00917	0.00802	0.00851	0.01392
10	0.08111	0.52180	0.03885	0.01496	0.02155	0.05266	0.01418	0.02568	0.01845	0.02363	0.05586	0.01943	0.01712	0.01237	0.04806	0.00287	0.01015	0.00593	0.00447	0.01086
11	0.01537	0.01334	0.01991	0.05836	0.02343	0.01177	0.08717	0.01898	0.01862	0.02647	0.06123	0.29001	0.03549	0.01617	0.00944	0.00267	0.00737	0.01488	0.00657	0.26274
12	0.12567	0.09910	0.02348	0.01811	0.07009	0.01762	0.01374	0.06284	0.02371	0.33106	0.09906	0.02969	0.02579	0.01090	0.00832	0.00266	0.00771	0.00868	0.00866	0.01313
13	0.02626	0.01784	0.01960	0.01611	0.02135	0.01891	0.01286	0.26086	0.12371	0.11549	0.06788	0.03823	0.10572	0.04303	0.01070	0.00302	0.00761	0.01064	0.06752	0.01266
14	0.01258	0.00935	0.01189	0.01141	0.01371	0.00840	0.00843	0.01618	0.02309	0.03228	0.44437	0.16911	0.11907	0.01953	0.01044	0.00287	0.00457	0.01725	0.00916	0.05629
15	0.02167	0.33172	0.33402	0.02081	0.03097	0.07101	0.02409	0.02816	0.01902	0.02466	0.01430	0.01669	0.01141	0.00818	0.00725	0.00239	0.01181	0.00574	0.00386	0.01225

[dist]
# distance from previous block
# <min> <max>
2	3

[block]
# block no. 7 follows, 19 sequences, length 10
# corresponding to MSA columns:
# 408-413,415-418
name=unknown_H
#
# <colnr> <probs for GDERKNQSTAVLIFYWHMCP>
