[name]
unknown

[dist]
# distance from previous block
# <min> <max>
9	27

[block]
# block no. 0 follows, 23 sequences, length 7
# corresponding to MSA columns:
# 27-33
name=unknown_A
#
# <colnr> <probs for GDERKNQSTAVLIFYWHMCP>
#	G	D	E	R	K	N	Q	S	T	A	V	L	I	F	Y	W	H	M	C	P
0	0.01608	0.01042	0.01279	0.01182	0.01467	0.00992	0.00916	0.08554	0.02254	0.10429	0.28533	0.14930	0.15517	0.01744	0.00949	0.00276	0.00520	0.06091	0.00843	0.00875
1	0.01206	0.00863	0.01027	0.01038	0.01239	0.00796	0.00750	0.01542	0.05238	0.05542	0.19675	0.25873	0.25034	0.05029	0.01106	0.00308	0.00465	0.01727	0.00790	0.00753
2	0.09455	0.01490	0.01646	0.01364	0.01830	0.01536	0.01093	0.23408	0.02532	0.17610	0.03198	0.10297	0.09117	0.01245	0.00793	0.00252	0.00660	0.01004	0.10372	0.01100
3	0.01486	0.00993	0.01195	0.01112	0.01376	0.00940	0.00836	0.05609	0.05011	0.09096	0.28979	0.15539	0.18843	0.03987	0.01042	0.00287	0.00489	0.01505	0.00831	0.00845
4	0.11609	0.01297	0.01546	0.01310	0.01774	0.01259	0.01041	0.03104	0.11238	0.32821	0.09577	0.09689	0.07720	0.01276	0.00825	0.00264	0.00604	0.01056	0.00864	0.01126
5	0.02101	0.01079	0.01369	0.01189	0.01559	0.01001	0.00934	0.02536	0.06025	0.26062	0.19069	0.06884	0.13088	0.01749	0.05791	0.00332	0.00649	0.01168	0.06415	0.01002
6	0.15637	0.01625	0.01913	0.06799	0.02329	0.06329	0.04538	0.03221	0.07899	0.30997	0.08344	0.02673	0.02200	0.00987	0.00777	0.00253	0.00769	0.00800	0.00766	0.01143

[dist]
# distance from previous block
# <min> <max>
5	28

[block]
# block no. 1 follows, 23 sequences, length 10
# corresponding to MSA columns:
# 63-72
name=unknown_B
#
# <colnr> <probs for GDERKNQSTAVLIFYWHMCP>
#	G	D	E	R	K	N	Q	S	T	A	V	L	I	F	Y	W	H	M	C	P
0	0.01394	0.00996	0.01195	0.01193	0.01380	0.00995	0.00853	0.07830	0.06736	0.04429	0.13467	0.36720	0.08566	0.08784	0.01276	0.00344	0.00546	0.01726	0.00767	0.00801
1	0.33540	0.01302	0.01316	0.01168	0.01573	0.01372	0.00923	0.06028	0.01885	0.14332	0.13251	0.11811	0.02925	0.01214	0.00728	0.00259	0.00581	0.00963	0.03888	0.00941
2	0.01587	0.00942	0.01233	0.01144	0.01414	0.00836	0.00854	0.01881	0.02022	0.14130	0.30566	0.24938	0.05406	0.01723	0.00926	0.00266	0.00483	0.01524	0.00835	0.07291
3	0.01662	0.00970	0.01164	0.01129	0.01363	0.00953	0.00856	0.07737	0.02001	0.09366	0.10448	0.24412	0.03823	0.01615	0.00842	0.00264	0.00514	0.05642	0.24387	0.00850
4	0.02533	0.01679	0.01853	0.01481	0.02006	0.01751	0.01195	0.30168	0.08799	0.13012	0.02809	0.02833	0.06637	0.02997	0.00869	0.00249	0.00710	0.00833	0.10859	0.06726
5	0.01254	0.00779	0.01041	0.01153	0.01265	0.00717	0.00796	0.01428	0.01677	0.08373	0.08507	0.60034	0.05200	0.02335	0.01009	0.00317	0.00486	0.02107	0.00787	0.00735
6	0.07434	0.01306	0.01457	0.01275	0.01669	0.01356	0.01016	0.11894	0.10627	0.16184	0.02870	0.08055	0.02329	0.01165	0.00752	0.00247	0.00600	0.04519	0.24196	0.01047
7	0.61568	0.01485	0.01194	0.01079	0.01539	0.01707	0.00875	0.02489	0.06838	0.03544	0.01500	0.01672	0.01162	0.00806	0.00538	0.00246	0.00598	0.00519	0.09742	0.00898
8	0.06756	0.01281	0.07892	0.01421	0.01734	0.01049	0.01304	0.01782	0.01931	0.02748	0.20099	0.07022	0.04820	0.01832	0.00998	0.00322	0.00688	0.34788	0.00727	0.00807
9	0.02779	0.01532	0.01833	0.01493	0.02022	0.01543	0.01203	0.13312	0.17928	0.31981	0.10015	0.03248	0.05109	0.01135	0.00838	0.00257	0.00667	0.00932	0.00908	0.01264

[dist]
# distance from previous block
# <min> <max>
0	10

[block]
# block no. 2 follows, 23 sequences, length 106
# corresponding to MSA columns:
# 83-188
name=unknown_C
#
# <colnr> <probs for GDERKNQSTAVLIFYWHMCP>
#	G	D	E	R	K	N	Q	S	T	A	V	L	I	F	Y	W	H	M	C	P
0	0.01266	0.00859	0.01101	0.01119	0.01325	0.00789	0.00865	0.01566	0.02000	0.06542	0.28645	0.18385	0.17258	0.01962	0.00994	0.00294	0.00492	0.12951	0.00821	0.00765
1	0.05256	0.01821	0.02973	0.10777	0.51855	0.01835	0.02259	0.02405	0.01790	0.02638	0.01493	0.01964	0.01240	0.00722	0.00773	0.00234	0.00928	0.00689	0.00409	0.07939
2	0.51035	0.01423	0.01317	0.05232	0.01814	0.01565	0.00971	0.02411	0.01614	0.12016	0.04938	0.02477	0.08479	0.00972	0.00633	0.00255	0.00630	0.00691	0.00606	0.00923
3	0.06485	0.11333	0.38630	0.05287	0.09013	0.04299	0.02367	0.02436	0.01677	0.02463	0.01460	0.01811	0.01137	0.01235	0.06754	0.00338	0.01193	0.00608	0.00370	0.01104
4	0.05867	0.02921	0.02269	0.08098	0.05080	0.38042	0.01616	0.12680	0.04855	0.02665	0.01595	0.02033	0.01322	0.00946	0.00847	0.00239	0.04125	0.03272	0.00507	0.01021
5	0.01532	0.01442	0.02434	0.69533	0.05589	0.01803	0.02253	0.02073	0.01622	0.02073	0.01442	0.02163	0.01082	0.00811	0.00811	0.00270	0.01082	0.00721	0.00361	0.00901
6	0.02270	0.01859	0.02026	0.05423	0.02405	0.02102	0.01394	0.20444	0.41844	0.03762	0.02745	0.02623	0.02042	0.01028	0.00811	0.00259	0.00734	0.00836	0.00781	0.04610
7	0.01242	0.00798	0.01049	0.01081	0.01220	0.00737	0.00764	0.01437	0.01821	0.06345	0.25533	0.33605	0.08706	0.04568	0.01264	0.06129	0.00480	0.01734	0.00777	0.00712
8	0.25171	0.01656	0.01684	0.01402	0.01853	0.01823	0.01110	0.27724	0.02396	0.06294	0.01900	0.06134	0.01627	0.07464	0.01245	0.07328	0.00753	0.00775	0.00651	0.01012
9	0.09404	0.02159	0.02296	0.01774	0.02409	0.02377	0.01465	0.54900	0.03518	0.08732	0.01955	0.01944	0.01375	0.00957	0.00786	0.00245	0.00858	0.00711	0.00797	0.01337
10	0.01019	0.00729	0.00968	0.01109	0.01184	0.00679	0.00756	0.01205	0.01694	0.02294	0.16065	0.58726	0.05798	0.02376	0.01021	0.00316	0.00454	0.02149	0.00780	0.00679
11	0.01014	0.00730	0.00943	0.01085	0.01155	0.00679	0.00728	0.01171	0.01612	0.02150	0.10060	0.56836	0.09079	0.07165	0.01236	0.00351	0.00481	0.02119	0.00748	0.00659
12	0.15726	0.02058	0.02045	0.07691	0.02492	0.08188	0.01403	0.31605	0.06399	0.07219	0.02219	0.02272	0.05246	0.00983	0.00760	0.00248	0.00862	0.00734	0.00688	0.01162
13	0.01904	0.02111	0.04324	0.03153	0.03851	0.02104	0.52072	0.02623	0.05646	0.02567	0.01671	0.02188	0.01286	0.00800	0.01161	0.00284	0.09822	0.00925	0.00429	0.01080
14	0.01187	0.00899	0.01308	0.01294	0.01417	0.01052	0.00990	0.01441	0.01288	0.01853	0.02168	0.03358	0.02088	0.12956	0.58577	0.01208	0.04877	0.00896	0.00437	0.00706
15	0.01294	0.00827	0.01066	0.01071	0.01234	0.00761	0.00762	0.01536	0.01896	0.08023	0.28827	0.29204	0.09429	0.08718	0.01281	0.00334	0.00482	0.01701	0.00805	0.00748
16	0.06330	0.01468	0.01907	0.01467	0.02092	0.01334	0.01212	0.09231	0.02421	0.59102	0.03012	0.02635	0.01910	0.00992	0.00804	0.00250	0.00706	0.00794	0.00968	0.01362
17	0.01158	0.00855	0.01159	0.05209	0.01499	0.00823	0.00885	0.01516	0.02126	0.02967	0.49786	0.15212	0.06761	0.01767	0.00969	0.00274	0.00459	0.04987	0.00833	0.00758
18	0.06426	0.01746	0.02863	0.13940	0.47759	0.01814	0.02252	0.02350	0.01788	0.02606	0.01737	0.02627	0.01533	0.00873	0.00815	0.00258	0.00942	0.06083	0.00433	0.01156
19	0.07444	0.01234	0.01562	0.07328	0.01998	0.01195	0.01073	0.06076	0.02059	0.26558	0.13005	0.06215	0.06797	0.09765	0.01229	0.00318	0.00667	0.01023	0.00778	0.03676
20	0.01137	0.00828	0.01071	0.01030	0.01220	0.00763	0.00775	0.01499	0.02227	0.03117	0.58035	0.08692	0.11001	0.01736	0.00966	0.00263	0.00401	0.03608	0.00874	0.00756
21	0.61468	0.01669	0.01399	0.01216	0.01732	0.01921	0.00995	0.09848	0.07538	0.03793	0.01428	0.01551	0.01086	0.00812	0.00569	0.00252	0.00661	0.00518	0.00569	0.00976
22	0.01403	0.00771	0.01175	0.07173	0.01467	0.00801	0.00845	0.01151	0.01129	0.01497	0.01542	0.05343	0.01548	0.02628	0.02870	0.66372	0.00728	0.00774	0.00370	0.00414
23	0.01225	0.00766	0.01026	0.01158	0.01257	0.00707	0.00792	0.01382	0.01622	0.07866	0.04359	0.64866	0.05067	0.02405	0.01016	0.00323	0.00490	0.02174	0.00776	0.00724
24	0.77215	0.01569	0.01193	0.01067	0.01569	0.01820	0.00879	0.02385	0.01381	0.03641	0.01130	0.01318	0.00879	0.00753	0.00502	0.00251	0.00628	0.00439	0.00502	0.00879
25	0.04473	0.01791	0.02669	0.38311	0.25328	0.05729	0.02208	0.05477	0.01842	0.02471	0.01475	0.02031	0.01156	0.00790	0.00793	0.00255	0.01039	0.00701	0.00406	0.01055
26	0.01576	0.01505	0.02674	0.58219	0.05224	0.01787	0.09956	0.02097	0.01635	0.02112	0.01466	0.02180	0.01115	0.00881	0.00931	0.03523	0.01102	0.00750	0.00367	0.00902
27	0.01905	0.02260	0.06988	0.03381	0.04215	0.02046	0.61345	0.02598	0.01908	0.02598	0.01635	0.02172	0.01224	0.00687	0.00951	0.00273	0.01362	0.00945	0.00408	0.01098
28	0.01532	0.01442	0.02434	0.69533	0.05589	0.01803	0.02253	0.02073	0.01622	0.02073	0.01442	0.02163	0.01082	0.00811	0.00811	0.00270	0.01082	0.00721	0.00361	0.00901
29	0.04411	0.02100	0.05424	0.21044	0.14792	0.13087	0.04872	0.02577	0.01845	0.09383	0.01742	0.02387	0.01408	0.00944	0.00975	0.00265	0.07222	0.04006	0.00475	0.01042
30	0.01929	0.01823	0.02967	0.15551	0.48140	0.01918	0.02301	0.02644	0.09594	0.02644	0.01731	0.02160	0.01398	0.00785	0.00807	0.00250	0.00944	0.00747	0.00447	0.01220
31	0.01007	0.00719	0.00963	0.01151	0.01206	0.00675	0.00785	0.01162	0.01572	0.02092	0.04462	0.67374	0.05326	0.02525	0.01041	0.00332	0.00487	0.05704	0.00753	0.00664
32	0.01627	0.04197	0.67279	0.02313	0.03512	0.01884	0.02998	0.02570	0.01713	0.02570	0.01456	0.01713	0.01028	0.00771	0.00771	0.00257	0.01199	0.00600	0.00343	0.01199
33	0.02840	0.01829	0.05086	0.08176	0.12161	0.05252	0.01612	0.11052	0.04664	0.32010	0.02505	0.05274	0.01800	0.00990	0.00816	0.00252	0.00846	0.00824	0.00753	0.01257
34	0.02169	0.71972	0.04252	0.01388	0.02083	0.03211	0.01388	0.02430	0.01649	0.01909	0.01128	0.01302	0.01041	0.00694	0.00521	0.00174	0.00868	0.00434	0.00347	0.01041
35	0.02018	0.01743	0.01835	0.01651	0.02110	0.02018	0.01284	0.04312	0.64956	0.03394	0.03303	0.03027	0.02477	0.01101	0.00826	0.00275	0.00642	0.00917	0.00826	0.01284
36	0.01201	0.00968	0.01583	0.07965	0.01975	0.00952	0.08758	0.01415	0.01593	0.02129	0.06162	0.46870	0.04181	0.02130	0.01192	0.07104	0.00659	0.01807	0.00643	0.00714
37	0.02464	0.19700	0.06871	0.02647	0.17703	0.24711	0.04008	0.08203	0.02123	0.02460	0.01376	0.01637	0.01137	0.00778	0.00715	0.00216	0.01131	0.00587	0.00428	0.01106
38	0.01092	0.00827	0.01006	0.00961	0.01177	0.00742	0.00721	0.01422	0.02163	0.02936	0.48724	0.06584	0.25124	0.01777	0.00958	0.00261	0.00391	0.01541	0.00851	0.00742
39	0.01758	0.01774	0.05681	0.26768	0.31019	0.01827	0.05172	0.02234	0.01701	0.02345	0.01568	0.02318	0.01314	0.00937	0.01025	0.03671	0.04584	0.02852	0.00393	0.01058
40	0.01718	0.01956	0.08701	0.35807	0.13869	0.01898	0.19640	0.02324	0.01746	0.02348	0.01512	0.02110	0.01149	0.00759	0.00848	0.00266	0.01155	0.00778	0.00379	0.01037
41	0.01526	0.00916	0.01190	0.01072	0.01338	0.00827	0.00821	0.01884	0.02265	0.13222	0.51484	0.05680	0.11422	0.01587	0.00935	0.00256	0.00434	0.01384	0.00900	0.00856
42	0.01915	0.02189	0.04788	0.03420	0.04241	0.02052	0.63475	0.02599	0.01915	0.02599	0.01642	0.02189	0.01231	0.00684	0.00958	0.00274	0.01368	0.00958	0.00410	0.01094
43	0.01652	0.04028	0.62002	0.02406	0.03573	0.01899	0.08105	0.02572	0.01730	0.02572	0.01472	0.01753	0.01045	0.00764	0.00787	0.00258	0.01213	0.00630	0.00348	0.01190
44	0.01655	0.04002	0.61194	0.02421	0.03583	0.01901	0.08887	0.02573	0.01733	0.02573	0.01474	0.01759	0.01048	0.00762	0.00789	0.00259	0.01216	0.00634	0.00349	0.01189
45	0.02018	0.01743	0.01835	0.01651	0.02110	0.02018	0.01284	0.04312	0.64956	0.03394	0.03303	0.03027	0.02477	0.01101	0.00826	0.00275	0.00642	0.00917	0.00826	0.01284
46	0.00989	0.00706	0.00942	0.01130	0.01177	0.00659	0.00753	0.01130	0.01554	0.02071	0.04472	0.70954	0.05367	0.02542	0.01036	0.00330	0.00471	0.02307	0.00753	0.00659
47	0.01036	0.00770	0.01091	0.01208	0.01283	0.00722	0.03235	0.01191	0.01547	0.02065	0.04254	0.64608	0.05069	0.06259	0.01203	0.00352	0.00524	0.02191	0.00725	0.00667
48	0.01954	0.01870	0.03218	0.17285	0.46511	0.01939	0.07635	0.05034	0.01894	0.02639	0.01538	0.02051	0.01245	0.00748	0.00818	0.00250	0.01019	0.00743	0.00412	0.01198
49	0.01532	0.01442	0.02434	0.69533	0.05589	0.01803	0.02253	0.02073	0.01622	0.02073	0.01442	0.02163	0.01082	0.00811	0.00811	0.00270	0.01082	0.00721	0.00361	0.00901
50	0.00989	0.00706	0.00942	0.01130	0.01177	0.00659	0.00753	0.01130	0.01554	0.02071	0.04472	0.70954	0.05367	0.02542	0.01036	0.00330	0.00471	0.02307	0.00753	0.00659
51	0.01720	0.01613	0.02649	0.50811	0.04843	0.01957	0.07599	0.07160	0.01787	0.02356	0.01461	0.02106	0.01118	0.00879	0.01024	0.00278	0.08539	0.00742	0.00401	0.00956
52	0.02079	0.08287	0.03324	0.04501	0.57164	0.05688	0.02341	0.02526	0.01855	0.02548	0.01476	0.01915	0.01250	0.00727	0.00774	0.00233	0.00983	0.00686	0.00398	0.01245
53	0.02680	0.03065	0.02228	0.01992	0.02361	0.43541	0.01534	0.03263	0.13405	0.04821	0.01671	0.01844	0.01344	0.00980	0.01049	0.00245	0.11826	0.00634	0.00505	0.01012
54	0.06458	0.01709	0.07023	0.01822	0.07922	0.01410	0.01442	0.07010	0.02245	0.46585	0.02663	0.02447	0.01741	0.00928	0.00786	0.00243	0.00758	0.00752	0.00839	0.05217
55	0.09019	0.28767	0.02945	0.01745	0.02235	0.32403	0.01460	0.02749	0.01883	0.02098	0.01180	0.01419	0.01031	0.00829	0.00808	0.00213	0.07357	0.00499	0.00393	0.00968
56	0.02018	0.01743	0.01835	0.01651	0.02110	0.02018	0.01284	0.04312	0.64956	0.03394	0.03303	0.03027	0.02477	0.01101	0.00826	0.00275	0.00642	0.00917	0.00826	0.01284
57	0.04516	0.05324	0.01451	0.09261	0.01834	0.01235	0.00996	0.05733	0.04568	0.02668	0.09524	0.14882	0.03039	0.06693	0.03941	0.03013	0.00679	0.01105	0.18730	0.00808
58	0.01159	0.00869	0.01304	0.01304	0.01449	0.01014	0.01014	0.01449	0.01304	0.01884	0.02173	0.03188	0.02029	0.06086	0.68268	0.01304	0.02173	0.00869	0.00435	0.00724
59	0.77215	0.01569	0.01193	0.01067	0.01569	0.01820	0.00879	0.02385	0.01381	0.03641	0.01130	0.01318	0.00879	0.00753	0.00502	0.00251	0.00628	0.00439	0.00502	0.00879
60	0.01714	0.01605	0.02665	0.32138	0.32351	0.01764	0.02192	0.02253	0.03906	0.02378	0.01815	0.08265	0.01604	0.00936	0.00828	0.00263	0.00959	0.00870	0.00430	0.01065
61	0.01858	0.02413	0.14046	0.08438	0.13716	0.05327	0.32599	0.02484	0.01848	0.02499	0.01722	0.06027	0.01425	0.00829	0.00885	0.00265	0.01208	0.00901	0.00415	0.01093
62	0.01162	0.00859	0.01252	0.01252	0.01379	0.00986	0.00949	0.01415	0.01289	0.01845	0.02221	0.03452	0.02143	0.14240	0.60270	0.01240	0.02001	0.00908	0.00442	0.00695
63	0.02207	0.49298	0.09890	0.01646	0.02286	0.12441	0.01604	0.02518	0.01713	0.01988	0.01172	0.01407	0.01043	0.00787	0.00767	0.00203	0.07157	0.00487	0.00358	0.01028
64	0.01180	0.00787	0.00885	0.00885	0.00885	0.00787	0.00492	0.01180	0.01180	0.01573	0.02557	0.05310	0.02950	0.71483	0.04130	0.00787	0.00787	0.01180	0.00492	0.00492
65	0.12073	0.01916	0.02281	0.13156	0.09514	0.02127	0.01623	0.34549	0.02798	0.06735	0.01797	0.01985	0.01310	0.00893	0.00763	0.00247	0.00870	0.00696	0.03462	0.01205
66	0.03085	0.02273	0.02435	0.01867	0.02516	0.02516	0.01542	0.63716	0.03815	0.05114	0.01948	0.01948	0.01380	0.00974	0.00812	0.00244	0.00893	0.00731	0.00812	0.01380
67	0.00986	0.00823	0.00863	0.00880	0.01136	0.00700	0.00666	0.01204	0.01853	0.02237	0.09877	0.10611	0.57971	0.02073	0.00971	0.00281	0.00431	0.04988	0.00758	0.00690
68	0.02025	0.02062	0.05463	0.03929	0.42918	0.04294	0.06944	0.02926	0.15659	0.02783	0.01911	0.02215	0.01523	0.00808	0.00816	0.00250	0.00951	0.00772	0.00493	0.01255
69	0.02140	0.68245	0.07717	0.01439	0.02161	0.03138	0.01477	0.02437	0.01652	0.01945	0.01146	0.01324	0.01041	0.00698	0.00534	0.00178	0.00886	0.00443	0.00347	0.01050
70	0.02601	0.01648	0.01830	0.01478	0.01993	0.01726	0.01196	0.28866	0.09684	0.16929	0.03265	0.03139	0.10204	0.01132	0.00802	0.00246	0.00695	0.00901	0.10466	0.01199
71	0.02339	0.13231	0.28157	0.02017	0.05410	0.06925	0.02044	0.06385	0.07634	0.15314	0.01931	0.01983	0.01384	0.00849	0.00748	0.00240	0.00993	0.00653	0.00550	0.01214
72	0.12453	0.11300	0.13737	0.01584	0.02232	0.01915	0.01509	0.06488	0.17740	0.14276	0.06960	0.02453	0.02055	0.00959	0.00739	0.00248	0.00772	0.00745	0.00668	0.01166
73	0.01180	0.00787	0.00885	0.00885	0.00885	0.00787	0.00492	0.01180	0.01180	0.01573	0.02557	0.05310	0.02950	0.71483	0.04130	0.00787	0.00787	0.01180	0.00492	0.00492
74	0.01596	0.01540	0.02704	0.59595	0.08985	0.01833	0.08008	0.02147	0.01663	0.02156	0.01466	0.02157	0.01107	0.00794	0.00825	0.00269	0.01102	0.00743	0.00368	0.00942
75	0.02851	0.01682	0.02704	0.08493	0.08626	0.01619	0.14362	0.07969	0.04128	0.35224	0.02472	0.02466	0.01663	0.00895	0.00844	0.00257	0.00906	0.00825	0.00748	0.01266
76	0.01541	0.01271	0.01911	0.37028	0.03572	0.01568	0.01646	0.01964	0.01583	0.02320	0.01848	0.05260	0.01539	0.01016	0.01040	0.00263	0.11536	0.00796	0.21448	0.00849
77	0.01775	0.01775	0.02485	0.02130	0.02130	0.02485	0.01775	0.01953	0.01243	0.01953	0.01065	0.01775	0.01065	0.01420	0.02663	0.00355	0.69998	0.00710	0.00355	0.00888
78	0.01683	0.01442	0.01683	0.01202	0.01923	0.01082	0.00961	0.02043	0.01683	0.02644	0.01442	0.01683	0.01202	0.00601	0.00601	0.00120	0.00601	0.00481	0.00481	0.76444
79	0.01034	0.00820	0.00929	0.00912	0.01145	0.00715	0.00680	0.01305	0.02011	0.02599	0.30488	0.09806	0.40836	0.01922	0.00961	0.00269	0.00403	0.01643	0.00808	0.00715
80	0.02063	0.01765	0.01860	0.01660	0.02127	0.02039	0.01295	0.06829	0.62365	0.03467	0.03245	0.02982	0.02430	0.01095	0.00825	0.00274	0.00653	0.00909	0.00825	0.01288
81	0.04811	0.05373	0.01873	0.01554	0.01991	0.05737	0.01223	0.06172	0.43510	0.03297	0.12512	0.03201	0.03005	0.01131	0.00812	0.00261	0.00672	0.00928	0.00775	0.01161
82	0.01159	0.00869	0.01304	0.01304	0.01449	0.01014	0.01014	0.01449	0.01304	0.01884	0.02173	0.03188	0.02029	0.06086	0.68268	0.01304	0.02173	0.00869	0.00435	0.00724
83	0.07820	0.16138	0.38280	0.01887	0.02775	0.05461	0.02185	0.02544	0.04418	0.02598	0.07198	0.02036	0.01672	0.00852	0.00720	0.00239	0.01009	0.00643	0.00430	0.01096
84	0.01903	0.04604	0.02535	0.02099	0.02163	0.08430	0.01742	0.02087	0.01353	0.01954	0.01085	0.01729	0.01062	0.01340	0.02408	0.00335	0.61228	0.00683	0.00360	0.00898
85	0.01159	0.00869	0.01304	0.01304	0.01449	0.01014	0.01014	0.01449	0.01304	0.01884	0.02173	0.03188	0.02029	0.06086	0.68268	0.01304	0.02173	0.00869	0.00435	0.00724
86	0.05263	0.02035	0.15349	0.45298	0.04679	0.01824	0.04853	0.02285	0.01660	0.05015	0.01502	0.02049	0.01106	0.00821	0.00848	0.00269	0.03066	0.00697	0.00393	0.00988
87	0.05009	0.20677	0.41803	0.02323	0.09970	0.02216	0.02453	0.02518	0.01698	0.02460	0.01368	0.01626	0.01053	0.00746	0.00701	0.00234	0.01067	0.00565	0.00357	0.01156
88	0.01040	0.00718	0.00940	0.01090	0.01127	0.00680	0.00712	0.01133	0.01471	0.01962	0.04022	0.57523	0.04793	0.12708	0.01609	0.04579	0.00530	0.02053	0.00693	0.00618
89	0.01042	0.00825	0.00937	0.00909	0.01147	0.00720	0.00682	0.01325	0.02045	0.02656	0.33491	0.07044	0.40532	0.01882	0.00958	0.00266	0.00399	0.01605	0.00815	0.00720
90	0.07829	0.06278	0.12614	0.24113	0.08128	0.04780	0.13061	0.07003	0.01899	0.04567	0.01526	0.01947	0.01144	0.00784	0.00787	0.00255	0.01085	0.00702	0.00435	0.01064
91	0.01599	0.01541	0.02729	0.54185	0.05069	0.01825	0.11523	0.02142	0.01656	0.02187	0.01507	0.02187	0.01144	0.00820	0.00893	0.00271	0.03663	0.00758	0.03377	0.00925
92	0.01075	0.00827	0.00983	0.00944	0.01167	0.00734	0.00708	0.01389	0.02124	0.02843	0.43645	0.06737	0.30261	0.01812	0.00958	0.00262	0.00394	0.01562	0.00839	0.00734
93	0.03540	0.01543	0.01983	0.01521	0.02152	0.01433	0.01256	0.14805	0.02593	0.55750	0.02974	0.02614	0.01894	0.00999	0.00815	0.00250	0.00727	0.00800	0.00969	0.01381
94	0.03068	0.01594	0.02081	0.01897	0.09153	0.01550	0.01377	0.14233	0.07842	0.39568	0.06784	0.02767	0.02216	0.01018	0.00824	0.00251	0.00733	0.00841	0.00882	0.01323
95	0.77215	0.01569	0.01193	0.01067	0.01569	0.01820	0.00879	0.02385	0.01381	0.03641	0.01130	0.01318	0.00879	0.00753	0.00502	0.00251	0.00628	0.00439	0.00502	0.00879
96	0.01627	0.04197	0.67279	0.02313	0.03512	0.01884	0.02998	0.02570	0.01713	0.02570	0.01456	0.01713	0.01028	0.00771	0.00771	0.00257	0.01199	0.00600	0.00343	0.01199
97	0.01869	0.03468	0.45698	0.02660	0.09125	0.01926	0.11990	0.06318	0.01906	0.05146	0.01586	0.01865	0.01140	0.00774	0.00806	0.00257	0.01166	0.00681	0.00411	0.01209
98	0.05302	0.02404	0.02748	0.12404	0.34398	0.21547	0.02073	0.02708	0.01951	0.04823	0.01481	0.01868	0.01198	0.00780	0.00772	0.00236	0.01104	0.00655	0.00428	0.01120
99	0.01343	0.00857	0.01131	0.01077	0.01283	0.00785	0.00802	0.01679	0.02171	0.08740	0.49811	0.16924	0.06758	0.01752	0.00958	0.00268	0.00425	0.01554	0.00879	0.00802
100	0.00996	0.00776	0.00905	0.00972	0.01144	0.00685	0.00691	0.01200	0.01790	0.02285	0.14423	0.32969	0.33874	0.02198	0.00990	0.00294	0.00431	0.01919	0.00772	0.00685
101	0.01166	0.00976	0.01035	0.01001	0.01287	0.00922	0.00755	0.01750	0.12649	0.02538	0.15158	0.08937	0.45163	0.01855	0.00939	0.00274	0.00449	0.01564	0.00785	0.00797
102	0.03157	0.01532	0.02022	0.04922	0.05165	0.01474	0.01375	0.14552	0.02501	0.43914	0.02911	0.03121	0.02054	0.01087	0.00842	0.00261	0.00763	0.06161	0.00888	0.01297
103	0.08623	0.06264	0.59031	0.02166	0.03284	0.01924	0.02748	0.02548	0.01680	0.02646	0.01415	0.01663	0.01015	0.00767	0.00738	0.00254	0.01135	0.00579	0.00358	0.01164
104	0.02029	0.01901	0.03099	0.09748	0.49642	0.01964	0.04602	0.06169	0.07579	0.02811	0.01707	0.02115	0.01378	0.00777	0.00812	0.00248	0.00956	0.00749	0.00460	0.01252
105	0.01683	0.01442	0.01683	0.01202	0.01923	0.01082	0.00961	0.02043	0.01683	0.02644	0.01442	0.01683	0.01202	0.00601	0.00601	0.00120	0.00601	0.00481	0.00481	0.76444

[dist]
# distance from previous block
# <min> <max>
0	1

[block]
# block no. 3 follows, 23 sequences, length 80
# corresponding to MSA columns:
# 190-269
name=unknown_D
#
# <colnr> <probs for GDERKNQSTAVLIFYWHMCP>
#	G	D	E	R	K	N	Q	S	T	A	V	L	I	F	Y	W	H	M	C	P
0	0.01040	0.00870	0.00913	0.00922	0.01178	0.00774	0.00683	0.01383	0.06092	0.02288	0.09057	0.15343	0.52529	0.02040	0.00960	0.00281	0.00433	0.01726	0.00762	0.00725
1	0.00989	0.00706	0.00942	0.01130	0.01177	0.00659	0.00753	0.01130	0.01554	0.02071	0.04472	0.70954	0.05367	0.02542	0.01036	0.00330	0.00471	0.02307	0.00753	0.00659
2	0.03114	0.01360	0.01777	0.01418	0.01969	0.01248	0.01151	0.03698	0.10588	0.50608	0.11078	0.03210	0.02778	0.01099	0.00835	0.00255	0.00646	0.00911	0.00967	0.01291
3	0.01308	0.00934	0.01308	0.01494	0.01681	0.00934	0.01308	0.01681	0.01868	0.02428	0.04296	0.09153	0.04670	0.02242	0.01121	0.00374	0.00747	0.60960	0.00747	0.00747
4	0.02018	0.01743	0.01835	0.01651	0.02110	0.02018	0.01284	0.04312	0.64956	0.03394	0.03303	0.03027	0.02477	0.01101	0.00826	0.00275	0.00642	0.00917	0.00826	0.01284
5	0.03085	0.02273	0.02435	0.01867	0.02516	0.02516	0.01542	0.63716	0.03815	0.05114	0.01948	0.01948	0.01380	0.00974	0.00812	0.00244	0.00893	0.00731	0.00812	0.01380
6	0.77215	0.01569	0.01193	0.01067	0.01569	0.01820	0.00879	0.02385	0.01381	0.03641	0.01130	0.01318	0.00879	0.00753	0.00502	0.00251	0.00628	0.00439	0.00502	0.00879
7	0.02026	0.01698	0.01787	0.01576	0.02037	0.01917	0.01235	0.11760	0.48981	0.03471	0.03740	0.03484	0.10298	0.01204	0.00841	0.00271	0.00646	0.00992	0.00815	0.01222
8	0.03085	0.02273	0.02435	0.01867	0.02516	0.02516	0.01542	0.63716	0.03815	0.05114	0.01948	0.01948	0.01380	0.00974	0.00812	0.00244	0.00893	0.00731	0.00812	0.01380
9	0.77215	0.01569	0.01193	0.01067	0.01569	0.01820	0.00879	0.02385	0.01381	0.03641	0.01130	0.01318	0.00879	0.00753	0.00502	0.00251	0.00628	0.00439	0.00502	0.00879
10	0.02474	0.01621	0.02108	0.03842	0.10225	0.01563	0.03353	0.17233	0.02363	0.17586	0.02130	0.02234	0.01548	0.00849	0.00737	0.00212	0.00745	0.00704	0.10629	0.17842
11	0.02888	0.02083	0.02225	0.01728	0.02320	0.02296	0.01420	0.55974	0.03550	0.04852	0.02036	0.02083	0.01468	0.00970	0.00781	0.00237	0.00828	0.00734	0.10226	0.01302
12	0.02896	0.01698	0.02062	0.06786	0.10762	0.07559	0.01431	0.09400	0.02282	0.33578	0.02479	0.02451	0.01703	0.00928	0.00775	0.00239	0.00807	0.00754	0.10195	0.01215
13	0.01308	0.00934	0.01308	0.01494	0.01681	0.00934	0.01308	0.01681	0.01868	0.02428	0.04296	0.09153	0.04670	0.02242	0.01121	0.00374	0.00747	0.60960	0.00747	0.00747
14	0.00989	0.00706	0.00942	0.01130	0.01177	0.00659	0.00753	0.01130	0.01554	0.02071	0.04472	0.70954	0.05367	0.02542	0.01036	0.00330	0.00471	0.02307	0.00753	0.00659
15	0.01076	0.00798	0.01034	0.01139	0.01270	0.00712	0.00779	0.01244	0.01570	0.02143	0.04093	0.62279	0.04845	0.02299	0.00981	0.00303	0.00487	0.02078	0.00719	0.10149
16	0.02883	0.02379	0.02417	0.10370	0.02900	0.11102	0.01635	0.48013	0.03340	0.04320	0.01793	0.01911	0.01298	0.00935	0.00801	0.00242	0.00992	0.00702	0.00703	0.01262
17	0.01929	0.01642	0.01769	0.01632	0.02056	0.01882	0.01287	0.03982	0.57056	0.03273	0.03427	0.03794	0.02752	0.01244	0.00863	0.00288	0.00655	0.08436	0.00816	0.01217
18	0.01976	0.01895	0.03235	0.09346	0.62308	0.01919	0.02474	0.02462	0.01832	0.02612	0.01521	0.02019	0.01272	0.00729	0.00804	0.00243	0.00972	0.00723	0.00399	0.01259
19	0.02098	0.63024	0.12573	0.01510	0.02271	0.03036	0.01601	0.02448	0.01657	0.01996	0.01171	0.01356	0.01040	0.00704	0.00554	0.00185	0.00912	0.00456	0.00347	0.01062
20	0.02232	0.01695	0.01841	0.01624	0.02105	0.01909	0.01272	0.04265	0.56687	0.11790	0.03289	0.02992	0.02415	0.01088	0.00824	0.00272	0.00649	0.00904	0.00849	0.01297
21	0.03002	0.03534	0.02304	0.02039	0.02495	0.55299	0.01553	0.12914	0.04868	0.02536	0.01441	0.01599	0.01152	0.00868	0.00748	0.00217	0.01342	0.00570	0.00496	0.01023
22	0.02491	0.01884	0.02059	0.01723	0.02238	0.02127	0.01380	0.23322	0.37241	0.09363	0.02765	0.02605	0.02025	0.01065	0.00896	0.00266	0.03585	0.00840	0.00817	0.01307
23	0.01889	0.36933	0.36836	0.01866	0.02822	0.02525	0.02221	0.02502	0.01682	0.02251	0.01298	0.01514	0.01034	0.00734	0.00650	0.00217	0.01039	0.00520	0.00345	0.01123
24	0.01153	0.00788	0.00947	0.00971	0.00996	0.00801	0.00593	0.01209	0.01243	0.01677	0.02746	0.13250	0.03131	0.54216	0.12210	0.00798	0.00930	0.01280	0.00517	0.00543
25	0.01172	0.00783	0.00887	0.00895	0.00897	0.00782	0.00502	0.01178	0.01195	0.01593	0.02632	0.07904	0.03045	0.68759	0.04008	0.00769	0.00774	0.01225	0.00502	0.00498
26	0.01128	0.00820	0.01047	0.01185	0.01276	0.00800	0.00811	0.04216	0.04117	0.02267	0.04307	0.65055	0.05066	0.02412	0.01017	0.00323	0.00497	0.02178	0.00759	0.00717
27	0.01902	0.02164	0.04708	0.05653	0.04286	0.02044	0.61407	0.02581	0.01905	0.02581	0.01635	0.02188	0.01226	0.00688	0.00953	0.00273	0.01358	0.00950	0.00409	0.01088
28	0.77215	0.01569	0.01193	0.01067	0.01569	0.01820	0.00879	0.02385	0.01381	0.03641	0.01130	0.01318	0.00879	0.00753	0.00502	0.00251	0.00628	0.00439	0.00502	0.00879
29	0.01138	0.00821	0.01075	0.01028	0.01210	0.00758	0.00765	0.01504	0.02247	0.03174	0.61833	0.10449	0.07501	0.01719	0.00962	0.00260	0.00389	0.01524	0.00884	0.00758
30	0.02742	0.01599	0.01838	0.01510	0.02033	0.01670	0.01215	0.15785	0.22731	0.26159	0.02914	0.02717	0.02042	0.01022	0.00787	0.00250	0.00677	0.00824	0.10212	0.01272
31	0.01141	0.00829	0.01075	0.01013	0.01208	0.00763	0.00760	0.01517	0.02280	0.03213	0.63793	0.06128	0.09882	0.01674	0.00957	0.00256	0.00384	0.01477	0.00888	0.00763
32	0.07322	0.00819	0.00790	0.00780	0.00993	0.00838	0.00591	0.01929	0.01677	0.03072	0.02531	0.02894	0.01988	0.00931	0.00562	0.00194	0.00397	0.00732	0.70195	0.00766
33	0.01066	0.00743	0.00996	0.01116	0.01197	0.00697	0.00776	0.01237	0.01699	0.02306	0.18020	0.49259	0.05583	0.02351	0.01166	0.05458	0.00478	0.04428	0.00757	0.00666
34	0.02130	0.61604	0.11860	0.01523	0.02270	0.05074	0.01590	0.02472	0.01677	0.01992	0.01172	0.01357	0.01040	0.00708	0.00558	0.00185	0.00927	0.00457	0.00349	0.01057
35	0.02579	0.01287	0.01627	0.01351	0.01819	0.01222	0.01078	0.03289	0.14393	0.35717	0.19744	0.03859	0.05949	0.01232	0.00860	0.00258	0.00591	0.01038	0.00932	0.01176
36	0.01242	0.00905	0.01219	0.01365	0.01558	0.00882	0.01165	0.01587	0.01884	0.02442	0.08966	0.10958	0.12588	0.02189	0.01086	0.00352	0.00671	0.47447	0.00758	0.00738
37	0.01686	0.01566	0.02762	0.43679	0.14156	0.01759	0.10385	0.02208	0.01722	0.04101	0.01760	0.05145	0.01465	0.00909	0.00850	0.00272	0.01054	0.03113	0.00422	0.00983
38	0.01839	0.02181	0.13370	0.30308	0.16724	0.01910	0.13266	0.02386	0.01819	0.02495	0.01758	0.04819	0.01445	0.00930	0.00899	0.00292	0.01145	0.00848	0.00443	0.01125
39	0.08452	0.01656	0.01999	0.01543	0.02168	0.01625	0.01274	0.21442	0.02698	0.44486	0.02692	0.02425	0.01747	0.00978	0.00794	0.00249	0.00746	0.00765	0.00914	0.01347
40	0.01167	0.00781	0.00889	0.00902	0.00905	0.00778	0.00509	0.01177	0.01205	0.01607	0.02686	0.09749	0.03113	0.66821	0.03921	0.00756	0.00765	0.01256	0.00509	0.00503
41	0.01683	0.01442	0.01683	0.01202	0.01923	0.01082	0.00961	0.02043	0.01683	0.02644	0.01442	0.01683	0.01202	0.00601	0.00601	0.00120	0.00601	0.00481	0.00481	0.76444
42	0.21142	0.02066	0.14768	0.01562	0.02275	0.01601	0.01506	0.08588	0.02104	0.33242	0.02238	0.02129	0.01482	0.00894	0.00730	0.00252	0.00794	0.00674	0.00733	0.01222
43	0.02174	0.01713	0.01869	0.01649	0.02104	0.01922	0.01332	0.20301	0.34665	0.03693	0.03069	0.03773	0.02530	0.01254	0.00862	0.00280	0.00719	0.11112	0.03778	0.01198
44	0.01980	0.33939	0.17632	0.01772	0.04559	0.06879	0.01729	0.02666	0.10098	0.02355	0.04730	0.04971	0.01741	0.00903	0.00685	0.00221	0.00915	0.00683	0.00460	0.01080
45	0.05600	0.02022	0.02092	0.01660	0.02204	0.04852	0.01351	0.46648	0.03317	0.04546	0.09958	0.02496	0.02183	0.01044	0.00797	0.00240	0.00806	0.00805	0.06159	0.01221
46	0.00989	0.00706	0.00942	0.01130	0.01177	0.00659	0.00753	0.01130	0.01554	0.02071	0.04472	0.70954	0.05367	0.02542	0.01036	0.00330	0.00471	0.02307	0.00753	0.00659
47	0.01915	0.02189	0.04788	0.03420	0.04241	0.02052	0.63475	0.02599	0.01915	0.02599	0.01642	0.02189	0.01231	0.00684	0.00958	0.00274	0.01368	0.00958	0.00410	0.01094
48	0.01608	0.01486	0.02355	0.53145	0.09289	0.01793	0.02081	0.02360	0.09997	0.02289	0.01819	0.05101	0.01457	0.00915	0.00822	0.00271	0.00990	0.00812	0.00441	0.00969
49	0.02018	0.01743	0.01835	0.01651	0.02110	0.02018	0.01284	0.04312	0.64956	0.03394	0.03303	0.03027	0.02477	0.01101	0.00826	0.00275	0.00642	0.00917	0.00826	0.01284
50	0.01752	0.01345	0.01516	0.01443	0.01767	0.01471	0.01084	0.03139	0.37731	0.07051	0.06108	0.25372	0.03594	0.01588	0.00899	0.00291	0.00579	0.01387	0.00816	0.01066
51	0.11363	0.01819	0.02917	0.13013	0.50269	0.01898	0.02257	0.02422	0.01759	0.02699	0.01466	0.01942	0.01208	0.00738	0.00767	0.00246	0.00937	0.00687	0.00409	0.01184
52	0.01108	0.00758	0.00914	0.00981	0.01007	0.00738	0.00600	0.01175	0.01363	0.01825	0.05776	0.29768	0.04035	0.43069	0.02853	0.00596	0.00653	0.01611	0.00605	0.00565
53	0.01177	0.00797	0.00937	0.00937	0.00956	0.00815	0.00557	0.01214	0.01196	0.01612	0.02509	0.05044	0.02835	0.63294	0.12162	0.00851	0.00960	0.01141	0.00485	0.00521
54	0.01159	0.00869	0.01304	0.01304	0.01449	0.01014	0.01014	0.01449	0.01304	0.01884	0.02173	0.03188	0.02029	0.06086	0.68268	0.01304	0.02173	0.00869	0.00435	0.00724
55	0.02331	0.10670	0.02269	0.01618	0.02182	0.04664	0.01329	0.18787	0.25885	0.05633	0.02397	0.02541	0.01867	0.00985	0.00762	0.00235	0.00767	0.03207	0.00704	0.11169
56	0.02043	0.01656	0.01876	0.01373	0.02076	0.01451	0.01111	0.17908	0.02231	0.03279	0.01572	0.01751	0.01248	0.00697	0.00655	0.00152	0.00676	0.00545	0.00566	0.57134
57	0.02255	0.01865	0.01802	0.01606	0.02056	0.10066	0.01246	0.03815	0.42534	0.11489	0.03399	0.05374	0.06563	0.01166	0.00828	0.00265	0.00730	0.00954	0.00791	0.01193
58	0.01472	0.01419	0.09857	0.01221	0.01504	0.01129	0.01013	0.09270	0.01775	0.02467	0.08522	0.10471	0.05196	0.33474	0.02348	0.00500	0.00748	0.01167	0.05687	0.00761
59	0.11020	0.01443	0.02206	0.54719	0.04716	0.01791	0.01984	0.02098	0.01578	0.02306	0.01439	0.02077	0.01100	0.00839	0.00849	0.00268	0.04256	0.00687	0.03731	0.00891
60	0.01796	0.01913	0.05328	0.07013	0.03354	0.01980	0.34095	0.02310	0.01691	0.02452	0.01602	0.02172	0.01279	0.00916	0.01331	0.00283	0.18797	0.00843	0.09855	0.00990
61	0.03085	0.02273	0.02435	0.01867	0.02516	0.02516	0.01542	0.63716	0.03815	0.05114	0.01948	0.01948	0.01380	0.00974	0.00812	0.00244	0.00893	0.00731	0.00812	0.01380
62	0.01627	0.04197	0.67279	0.02313	0.03512	0.01884	0.02998	0.02570	0.01713	0.02570	0.01456	0.01713	0.01028	0.00771	0.00771	0.00257	0.01199	0.00600	0.00343	0.01199
63	0.10183	0.01444	0.01814	0.01435	0.02030	0.01354	0.01175	0.03855	0.10079	0.53213	0.03024	0.02663	0.01964	0.00993	0.00788	0.00254	0.00679	0.00794	0.00936	0.01323
64	0.74622	0.01565	0.01235	0.03413	0.01707	0.01820	0.00926	0.02375	0.01389	0.03587	0.01141	0.01347	0.00886	0.00755	0.00513	0.00252	0.00643	0.00449	0.00497	0.00880
65	0.00964	0.00803	0.00842	0.00873	0.01109	0.00681	0.00639	0.01159	0.01800	0.02172	0.07599	0.18279	0.56024	0.02136	0.00972	0.00283	0.00421	0.01811	0.00753	0.00681
66	0.01712	0.01472	0.01808	0.10247	0.02428	0.01228	0.01153	0.04225	0.01750	0.02656	0.01460	0.01755	0.01192	0.00642	0.00636	0.00144	0.00675	0.00521	0.00477	0.63820
67	0.00959	0.00822	0.00822	0.00822	0.01096	0.00685	0.00617	0.01165	0.01850	0.02192	0.08220	0.07809	0.66092	0.02055	0.00959	0.00274	0.00411	0.01713	0.00754	0.00685
68	0.50016	0.01590	0.01545	0.09819	0.02223	0.01739	0.01155	0.02469	0.01739	0.07823	0.10111	0.02480	0.02105	0.01051	0.00727	0.00296	0.00734	0.00715	0.00646	0.01017
69	0.02117	0.01538	0.01803	0.01317	0.02017	0.01276	0.01065	0.10018	0.02034	0.11448	0.01738	0.01858	0.01331	0.00701	0.00656	0.00153	0.00649	0.00556	0.00591	0.57134
70	0.02897	0.03587	0.02238	0.02032	0.02456	0.59485	0.01530	0.03382	0.10571	0.02172	0.01525	0.01670	0.01234	0.00871	0.00744	0.00218	0.01355	0.00575	0.00472	0.00986
71	0.02538	0.01925	0.02083	0.01603	0.02220	0.02001	0.01310	0.43571	0.03143	0.04255	0.02633	0.02629	0.09448	0.01035	0.00788	0.00223	0.00774	0.00804	0.00738	0.16279
72	0.02833	0.02077	0.02231	0.01737	0.02301	0.02288	0.01404	0.55460	0.03467	0.04646	0.02028	0.02392	0.01587	0.10283	0.01250	0.00315	0.00879	0.00790	0.00769	0.01263
73	0.01772	0.01512	0.01638	0.01502	0.01896	0.01719	0.01165	0.03540	0.48650	0.03044	0.03769	0.03647	0.10384	0.01878	0.09746	0.00411	0.00815	0.01011	0.00765	0.01135
74	0.01781	0.01460	0.01689	0.01281	0.01908	0.01218	0.01012	0.10071	0.01948	0.02898	0.01888	0.10392	0.01747	0.00893	0.00683	0.00163	0.00623	0.00742	0.00559	0.57044
75	0.03277	0.01811	0.10541	0.01588	0.02284	0.01383	0.01452	0.06617	0.05090	0.52731	0.02916	0.02597	0.01870	0.00976	0.00810	0.00253	0.00765	0.00788	0.00900	0.01353
76	0.02877	0.02073	0.02214	0.01720	0.02309	0.02284	0.01414	0.55554	0.03536	0.04838	0.02040	0.02090	0.01472	0.00970	0.00779	0.00236	0.00825	0.00734	0.10737	0.01298
77	0.02944	0.02203	0.02356	0.01838	0.02463	0.02451	0.01508	0.55873	0.11887	0.04887	0.02127	0.02091	0.01525	0.00991	0.00814	0.00248	0.00860	0.00755	0.00814	0.01367
78	0.01640	0.01486	0.02346	0.39087	0.12211	0.01824	0.01978	0.02080	0.01586	0.02243	0.01529	0.02174	0.01230	0.00938	0.01149	0.00273	0.14737	0.00724	0.09835	0.00930
79	0.02116	0.01917	0.02558	0.02175	0.02311	0.02430	0.03651	0.09804	0.01734	0.02563	0.01536	0.02320	0.01444	0.04522	0.04776	0.00427	0.51349	0.00814	0.00504	0.01049

[dist]
# distance from previous block
# <min> <max>
0	8

[block]
# block no. 4 follows, 23 sequences, length 161
# corresponding to MSA columns:
# 278-438
name=unknown_E
#
# <colnr> <probs for GDERKNQSTAVLIFYWHMCP>
#	G	D	E	R	K	N	Q	S	T	A	V	L	I	F	Y	W	H	M	C	P
0	0.00986	0.00715	0.00932	0.01105	0.01170	0.00661	0.00742	0.01133	0.01577	0.02081	0.04774	0.65877	0.10249	0.02503	0.01030	0.00325	0.00466	0.02259	0.00753	0.00661
1	0.01179	0.00852	0.01241	0.01251	0.01394	0.00975	0.00964	0.01468	0.01349	0.01986	0.02331	0.06686	0.02206	0.05485	0.59289	0.01163	0.01939	0.00935	0.06584	0.00724
2	0.02018	0.01743	0.01835	0.01651	0.02110	0.02018	0.01284	0.04312	0.64956	0.03394	0.03303	0.03027	0.02477	0.01101	0.00826	0.00275	0.00642	0.00917	0.00826	0.01284
3	0.02105	0.01786	0.01884	0.01669	0.02143	0.02059	0.01305	0.09134	0.59993	0.03534	0.03193	0.02940	0.02388	0.01091	0.00825	0.00273	0.00663	0.00902	0.00825	0.01292
4	0.01683	0.01442	0.01683	0.01202	0.01923	0.01082	0.00961	0.02043	0.01683	0.02644	0.01442	0.01683	0.01202	0.00601	0.00601	0.00120	0.00601	0.00481	0.00481	0.76444
5	0.03440	0.01530	0.05261	0.01477	0.02139	0.01223	0.01275	0.03788	0.02259	0.60471	0.03024	0.02654	0.01918	0.00972	0.00803	0.00245	0.00712	0.00788	0.00944	0.05076
6	0.01747	0.01409	0.01649	0.01244	0.01890	0.01131	0.00983	0.02246	0.06838	0.05578	0.01897	0.06965	0.01650	0.00803	0.00661	0.00154	0.00599	0.00666	0.00553	0.61336
7	0.03108	0.01297	0.01717	0.01361	0.01910	0.01146	0.01108	0.03506	0.05013	0.52700	0.09772	0.03507	0.07785	0.01158	0.00842	0.00254	0.00635	0.00957	0.00965	0.01260
8	0.01147	0.00782	0.00935	0.00966	0.00987	0.00788	0.00585	0.01198	0.01253	0.01684	0.02829	0.15708	0.03250	0.53930	0.09921	0.00764	0.00872	0.01332	0.00528	0.00542
9	0.01765	0.03063	0.33058	0.06342	0.03979	0.01963	0.32826	0.02559	0.01808	0.02559	0.01547	0.01971	0.01131	0.00730	0.00865	0.00266	0.01276	0.00783	0.00377	0.01132
10	0.01148	0.00829	0.01085	0.01021	0.01212	0.00766	0.00766	0.01531	0.02297	0.03254	0.65994	0.06061	0.07656	0.01659	0.00957	0.00255	0.00383	0.01467	0.00893	0.00766
11	0.01702	0.01290	0.01654	0.06771	0.02068	0.01166	0.01103	0.02017	0.01710	0.08555	0.05527	0.15357	0.02394	0.01150	0.00908	0.00211	0.06245	0.00952	0.00584	0.38636
12	0.06337	0.02764	0.02278	0.01888	0.02423	0.26578	0.01498	0.35911	0.03035	0.03752	0.01666	0.01797	0.01263	0.01142	0.03791	0.00279	0.01148	0.00647	0.00636	0.01166
13	0.01658	0.04015	0.62135	0.02527	0.08570	0.01888	0.02957	0.02563	0.01724	0.02576	0.01462	0.01737	0.01049	0.00767	0.00774	0.00256	0.01180	0.00610	0.00347	0.01206
14	0.01748	0.01627	0.02778	0.33677	0.30420	0.01783	0.05408	0.02259	0.01738	0.02418	0.01585	0.02170	0.01255	0.00779	0.00796	0.00252	0.00991	0.00737	0.06519	0.01059
15	0.02302	0.66368	0.04194	0.01537	0.02193	0.03209	0.01467	0.02501	0.01728	0.02072	0.01305	0.01577	0.01210	0.00850	0.00711	0.00217	0.04525	0.00508	0.00409	0.01116
16	0.02838	0.01560	0.01859	0.01546	0.02090	0.01601	0.01238	0.04131	0.33297	0.35537	0.03251	0.02893	0.02240	0.01052	0.00821	0.00263	0.00667	0.00866	0.00916	0.01333
17	0.00989	0.00706	0.00942	0.01130	0.01177	0.00659	0.00753	0.01130	0.01554	0.02071	0.04472	0.70954	0.05367	0.02542	0.01036	0.00330	0.00471	0.02307	0.00753	0.00659
18	0.01159	0.00869	0.01304	0.01304	0.01449	0.01014	0.01014	0.01449	0.01304	0.01884	0.02173	0.03188	0.02029	0.06086	0.68268	0.01304	0.02173	0.00869	0.00435	0.00724
19	0.00989	0.00706	0.00942	0.01130	0.01177	0.00659	0.00753	0.01130	0.01554	0.02071	0.04472	0.70954	0.05367	0.02542	0.01036	0.00330	0.00471	0.02307	0.00753	0.00659
20	0.01775	0.01775	0.02485	0.02130	0.02130	0.02485	0.01775	0.01953	0.01243	0.01953	0.01065	0.01775	0.01065	0.01420	0.02663	0.00355	0.69998	0.00710	0.00355	0.00888
21	0.00989	0.00706	0.00942	0.01130	0.01177	0.00659	0.00753	0.01130	0.01554	0.02071	0.04472	0.70954	0.05367	0.02542	0.01036	0.00330	0.00471	0.02307	0.00753	0.00659
22	0.00989	0.00706	0.00942	0.01130	0.01177	0.00659	0.00753	0.01130	0.01554	0.02071	0.04472	0.70954	0.05367	0.02542	0.01036	0.00330	0.00471	0.02307	0.00753	0.00659
23	0.01180	0.00787	0.00885	0.00885	0.00885	0.00787	0.00492	0.01180	0.01180	0.01573	0.02557	0.05310	0.02950	0.71483	0.04130	0.00787	0.00787	0.01180	0.00492	0.00492
24	0.10857	0.01399	0.01815	0.01407	0.02022	0.01254	0.01162	0.03801	0.02230	0.60771	0.02998	0.02620	0.01898	0.00980	0.00785	0.00251	0.00684	0.00779	0.00955	0.01332
25	0.01003	0.00716	0.00957	0.01146	0.01199	0.00671	0.00777	0.01154	0.01567	0.02087	0.04465	0.68258	0.05336	0.02529	0.01039	0.00331	0.00483	0.04865	0.00753	0.00663
26	0.01970	0.01889	0.03224	0.10170	0.61531	0.01918	0.02471	0.02457	0.01830	0.02604	0.01520	0.02021	0.01269	0.00730	0.00804	0.00243	0.00973	0.00723	0.00398	0.01254
27	0.02169	0.71972	0.04252	0.01388	0.02083	0.03211	0.01388	0.02430	0.01649	0.01909	0.01128	0.01302	0.01041	0.00694	0.00521	0.00174	0.00868	0.00434	0.00347	0.01041
28	0.01855	0.01506	0.01966	0.20595	0.03015	0.01407	0.01386	0.07110	0.01870	0.06037	0.01575	0.01896	0.01224	0.00711	0.00689	0.00179	0.00765	0.00586	0.00501	0.45127
29	0.02713	0.02231	0.02286	0.01875	0.02344	0.10779	0.01518	0.30359	0.12850	0.08835	0.02017	0.02093	0.01506	0.01060	0.01141	0.00265	0.13477	0.00737	0.00696	0.01219
30	0.01112	0.00801	0.01052	0.01046	0.01204	0.00741	0.00763	0.01439	0.02126	0.02982	0.51826	0.21005	0.07129	0.01862	0.00975	0.00272	0.00403	0.01661	0.00861	0.00741
31	0.77215	0.01569	0.01193	0.01067	0.01569	0.01820	0.00879	0.02385	0.01381	0.03641	0.01130	0.01318	0.00879	0.00753	0.00502	0.00251	0.00628	0.00439	0.00502	0.00879
32	0.01897	0.01477	0.01613	0.01477	0.01891	0.01617	0.01165	0.03486	0.42920	0.08206	0.04234	0.04426	0.13554	0.01368	0.00877	0.00283	0.00617	0.06934	0.00820	0.01137
33	0.00985	0.00722	0.00925	0.01088	0.01166	0.00663	0.00735	0.01135	0.01594	0.02088	0.04985	0.62316	0.13674	0.02475	0.01025	0.00322	0.00463	0.02225	0.00753	0.00663
