[name]
unknown

[dist]
# distance from previous block
# <min> <max>
5	42

[block]
# block no. 0 follows, 21 sequences, length 18
# corresponding to MSA columns:
# 44-61
name=unknown_A
#
# <colnr> <probs for GDERKNQSTAVLIFYWHMCP>
#	G	D	E	R	K	N	Q	S	T	A	V	L	I	F	Y	W	H	M	C	P
0	0.06136	0.00979	0.01141	0.01140	0.01348	0.01004	0.00833	0.02021	0.07577	0.06460	0.06827	0.22508	0.03467	0.04594	0.05710	0.04970	0.00655	0.01329	0.20475	0.00826
1	0.01934	0.01264	0.01498	0.01340	0.01681	0.01279	0.01020	0.07698	0.14662	0.12709	0.22494	0.12355	0.08124	0.06580	0.01193	0.00321	0.00596	0.01349	0.00876	0.01028
2	0.01434	0.00996	0.01203	0.01210	0.01381	0.01000	0.00863	0.07427	0.05517	0.02681	0.11011	0.32024	0.08072	0.05649	0.01432	0.09182	0.00572	0.01658	0.05909	0.00779
3	0.01213	0.00897	0.01135	0.01173	0.01338	0.00863	0.00857	0.01638	0.06139	0.02814	0.30469	0.27677	0.09291	0.04872	0.01171	0.00328	0.00498	0.05997	0.00847	0.00785
4	0.01226	0.00857	0.01085	0.01191	0.01306	0.00828	0.00827	0.04931	0.01870	0.02573	0.11101	0.53768	0.05408	0.02347	0.01029	0.00321	0.00503	0.02108	0.05965	0.00756
5	0.04416	0.07868	0.01609	0.04647	0.01723	0.01324	0.01030	0.02040	0.08629	0.04828	0.09557	0.15737	0.05306	0.17896	0.01736	0.00424	0.00708	0.08996	0.00685	0.00837
6	0.06010	0.01572	0.01956	0.01656	0.02075	0.01640	0.05383	0.22181	0.04912	0.09556	0.02975	0.20548	0.02866	0.06206	0.01249	0.03171	0.00788	0.03421	0.00766	0.01068
7	0.07172	0.01555	0.01760	0.01372	0.01962	0.01445	0.01103	0.15314	0.02422	0.10330	0.12371	0.03127	0.07066	0.01062	0.00783	0.00213	0.00658	0.00857	0.00732	0.28695
8	0.01688	0.01371	0.01649	0.01375	0.01829	0.01258	0.01062	0.08371	0.01975	0.02868	0.06231	0.21755	0.02945	0.01393	0.00967	0.00230	0.05569	0.01169	0.00641	0.35654
9	0.01270	0.00910	0.01091	0.01126	0.01262	0.00863	0.00756	0.04378	0.01674	0.02269	0.03957	0.37765	0.07908	0.21163	0.01928	0.00451	0.00611	0.01785	0.02951	0.05880
10	0.43405	0.01592	0.01582	0.07793	0.02191	0.01768	0.01159	0.06305	0.04588	0.14595	0.01861	0.01977	0.01343	0.00886	0.00656	0.00262	0.00716	0.00622	0.05642	0.01058
11	0.02756	0.02043	0.02336	0.02109	0.08445	0.02229	0.01535	0.37095	0.13475	0.07492	0.02375	0.02654	0.01839	0.08241	0.01217	0.00321	0.00877	0.00853	0.00787	0.01323
12	0.06434	0.01536	0.01691	0.01375	0.01859	0.01595	0.01113	0.23453	0.02685	0.17577	0.02566	0.02626	0.01844	0.01005	0.00738	0.00236	0.00670	0.00781	0.29043	0.01172
13	0.01661	0.01610	0.04616	0.01813	0.01964	0.01918	0.01512	0.05411	0.01602	0.02323	0.04620	0.07059	0.06553	0.05074	0.13654	0.00543	0.35675	0.00999	0.00498	0.00894
14	0.01903	0.01761	0.01828	0.01352	0.02077	0.07548	0.01071	0.02266	0.01828	0.02706	0.01493	0.01742	0.01244	0.00654	0.00644	0.00135	0.00719	0.00508	0.00498	0.68024
15	0.07969	0.01205	0.01466	0.01325	0.01686	0.01158	0.01013	0.08170	0.02180	0.21861	0.09323	0.28033	0.07608	0.01756	0.00937	0.00295	0.00608	0.01514	0.00868	0.01024
16	0.01865	0.02233	0.10853	0.11174	0.03727	0.02003	0.25856	0.02538	0.04542	0.02594	0.01626	0.02124	0.01273	0.00867	0.01163	0.00272	0.11232	0.00808	0.00438	0.12812
17	0.11384	0.13436	0.10806	0.01630	0.02219	0.03818	0.04518	0.05495	0.05719	0.05791	0.13608	0.06207	0.02914	0.01262	0.02171	0.00279	0.00847	0.03186	0.00626	0.04084

[dist]
# distance from previous block
# <min> <max>
1	5

[block]
# block no. 1 follows, 21 sequences, length 6
# corresponding to MSA columns:
# 67-72
name=unknown_B
#
# <colnr> <probs for GDERKNQSTAVLIFYWHMCP>
#	G	D	E	R	K	N	Q	S	T	A	V	L	I	F	Y	W	H	M	C	P
0	0.04951	0.02132	0.10710	0.15330	0.07908	0.04441	0.15838	0.06837	0.02037	0.02803	0.06334	0.03251	0.02126	0.05256	0.01116	0.00316	0.01091	0.05955	0.00518	0.01048
1	0.06950	0.01601	0.01791	0.01493	0.02017	0.04121	0.01181	0.08542	0.11574	0.18526	0.02697	0.09505	0.02206	0.01630	0.07045	0.00350	0.00869	0.00925	0.00753	0.16224
2	0.16681	0.13785	0.02887	0.14963	0.07787	0.02192	0.09498	0.10238	0.02085	0.03124	0.07440	0.02285	0.01816	0.00900	0.00768	0.00255	0.00936	0.00754	0.00530	0.01076
3	0.01189	0.00953	0.01099	0.01120	0.01364	0.00862	0.00806	0.01567	0.06723	0.02393	0.05681	0.34888	0.26208	0.02146	0.00992	0.00297	0.00500	0.01876	0.00766	0.08570
4	0.01780	0.13096	0.02312	0.14740	0.05796	0.01814	0.01485	0.06819	0.09006	0.02985	0.21351	0.04093	0.03780	0.01277	0.00876	0.00268	0.00767	0.06063	0.00676	0.01015
5	0.01450	0.01056	0.01185	0.01133	0.01291	0.01079	0.00763	0.07287	0.07124	0.02430	0.07912	0.13922	0.10007	0.36585	0.02683	0.00565	0.00707	0.01407	0.00673	0.00741

[dist]
# distance from previous block
# <min> <max>
0	1

[block]
# block no. 2 follows, 21 sequences, length 63
# corresponding to MSA columns:
# 74-136
name=unknown_C
#
# <colnr> <probs for GDERKNQSTAVLIFYWHMCP>
#	G	D	E	R	K	N	Q	S	T	A	V	L	I	F	Y	W	H	M	C	P
0	0.01843	0.11857	0.38943	0.02759	0.11857	0.02116	0.09763	0.02613	0.01865	0.02661	0.04748	0.02080	0.01500	0.00829	0.00814	0.00258	0.01158	0.00717	0.00407	0.01213
1	0.02081	0.02242	0.14560	0.09126	0.03486	0.01811	0.22159	0.02770	0.04879	0.12296	0.05917	0.06588	0.02080	0.01042	0.01031	0.00287	0.04936	0.00988	0.00577	0.01142
2	0.01231	0.00992	0.01075	0.01141	0.01256	0.04696	0.00775	0.01406	0.01770	0.02298	0.15089	0.35302	0.11407	0.15579	0.01681	0.00412	0.00598	0.01854	0.00741	0.00697
3	0.18364	0.21172	0.05161	0.01601	0.02236	0.08455	0.01415	0.19183	0.02413	0.03481	0.05250	0.01906	0.01577	0.00898	0.00689	0.00230	0.00894	0.00626	0.00582	0.03869
4	0.01930	0.01741	0.02810	0.27180	0.07876	0.01974	0.10387	0.02552	0.06437	0.06241	0.01735	0.02245	0.01350	0.00959	0.01212	0.00282	0.13569	0.00787	0.00477	0.08256
5	0.01716	0.01276	0.01677	0.01483	0.01754	0.01302	0.04621	0.07742	0.05344	0.06310	0.03067	0.24733	0.03234	0.17655	0.01877	0.00419	0.05897	0.01414	0.00672	0.07810
6	0.28639	0.03953	0.02301	0.17324	0.14934	0.01901	0.04732	0.04566	0.01780	0.03071	0.03937	0.06065	0.01641	0.00948	0.00750	0.00269	0.00874	0.00782	0.00505	0.01028
7	0.01515	0.00894	0.01190	0.01193	0.01388	0.00816	0.00864	0.01782	0.02032	0.12104	0.26040	0.36710	0.05968	0.02089	0.01022	0.00305	0.00495	0.01867	0.00883	0.00845
8	0.50717	0.05738	0.01707	0.03942	0.05444	0.01897	0.01149	0.02436	0.01516	0.06449	0.01355	0.01664	0.01084	0.01028	0.00934	0.06995	0.03951	0.00547	0.00511	0.00935
9	0.01234	0.00833	0.00968	0.00964	0.00986	0.00838	0.00567	0.01278	0.01320	0.01782	0.06593	0.05486	0.03351	0.61910	0.07860	0.00822	0.00885	0.01237	0.00539	0.00549
10	0.21375	0.02923	0.02132	0.01827	0.02362	0.31448	0.01432	0.18161	0.02553	0.03387	0.01477	0.01636	0.01149	0.00883	0.00723	0.00236	0.01126	0.00581	0.00569	0.04017
11	0.01478	0.00739	0.01109	0.01109	0.01109	0.00739	0.00739	0.01109	0.01109	0.01478	0.01478	0.02587	0.01478	0.02956	0.03326	0.75240	0.00739	0.00739	0.00370	0.00370
12	0.01705	0.01630	0.02810	0.55028	0.15235	0.01924	0.05123	0.02270	0.01754	0.02297	0.01536	0.02244	0.01176	0.00830	0.00857	0.00279	0.01128	0.00768	0.00387	0.01019
13	0.03179	0.04056	0.02412	0.02192	0.02631	0.66676	0.01644	0.03398	0.02412	0.02083	0.01315	0.01535	0.01096	0.00877	0.00767	0.00219	0.01535	0.00548	0.00438	0.00987
14	0.01097	0.00806	0.01032	0.01127	0.01260	0.00741	0.00803	0.01338	0.01909	0.02558	0.22014	0.40041	0.14549	0.02317	0.01056	0.00318	0.00474	0.04996	0.00831	0.00731
15	0.02508	0.02022	0.02144	0.01811	0.02362	0.02299	0.01442	0.24603	0.42528	0.04191	0.02967	0.02779	0.02195	0.01108	0.00861	0.00277	0.00765	0.00894	0.00861	0.01382
16	0.01586	0.00793	0.00793	0.00793	0.00991	0.00793	0.00595	0.01983	0.01785	0.03173	0.02776	0.03173	0.02181	0.00991	0.00595	0.00198	0.00397	0.00793	0.74817	0.00793
17	0.01780	0.01376	0.01742	0.05312	0.02096	0.01204	0.01111	0.02061	0.01707	0.05758	0.05087	0.02274	0.01722	0.01281	0.03605	0.09534	0.04799	0.00653	0.00522	0.46376
18	0.01398	0.00925	0.01164	0.01164	0.01375	0.00864	0.00848	0.01787	0.05525	0.08271	0.25577	0.30161	0.13570	0.02052	0.01014	0.00301	0.00484	0.01814	0.00868	0.00837
19	0.01586	0.00793	0.00793	0.00793	0.00991	0.00793	0.00595	0.01983	0.01785	0.03173	0.02776	0.03173	0.02181	0.00991	0.00595	0.00198	0.00397	0.00793	0.74817	0.00793
20	0.02010	0.02267	0.10639	0.10443	0.48834	0.02013	0.06194	0.02589	0.01905	0.02713	0.01592	0.02097	0.01294	0.00770	0.00849	0.00260	0.01076	0.00758	0.00411	0.01289
21	0.02863	0.01379	0.01762	0.01447	0.01961	0.01304	0.01160	0.03599	0.13820	0.38711	0.18221	0.03791	0.03640	0.01239	0.00894	0.00269	0.00636	0.01042	0.00990	0.01272
22	0.01268	0.00858	0.01086	0.01099	0.01291	0.00776	0.00797	0.01543	0.02054	0.06514	0.29771	0.28393	0.17173	0.02096	0.01024	0.00298	0.00458	0.01850	0.00866	0.00788
23	0.01238	0.00825	0.00928	0.00928	0.00928	0.00825	0.00516	0.01238	0.01238	0.01650	0.02681	0.05569	0.03094	0.70092	0.04331	0.00825	0.00825	0.01238	0.00516	0.00516
24	0.02458	0.01686	0.01891	0.01644	0.02150	0.01842	0.01294	0.04269	0.45733	0.17825	0.06912	0.03292	0.02794	0.01165	0.00871	0.00282	0.00670	0.00970	0.00913	0.01339
25	0.01638	0.01082	0.01223	0.01122	0.01474	0.00990	0.00870	0.05241	0.05305	0.12094	0.11581	0.09830	0.38772	0.01873	0.00977	0.00287	0.00527	0.03356	0.00849	0.00908
26	0.01099	0.00797	0.01037	0.01122	0.01243	0.00736	0.00786	0.01348	0.01946	0.02654	0.27717	0.41716	0.10073	0.02282	0.01050	0.00312	0.00455	0.02046	0.00846	0.00736
27	0.02275	0.70604	0.04459	0.01456	0.02184	0.03367	0.01456	0.02548	0.01729	0.02002	0.01183	0.01365	0.01092	0.00728	0.00546	0.00182	0.00910	0.00455	0.00364	0.01092
28	0.01075	0.00865	0.00958	0.00935	0.01192	0.00748	0.00701	0.01355	0.02103	0.02687	0.28015	0.07552	0.44803	0.02011	0.01005	0.00281	0.00421	0.01707	0.00841	0.00748
29	0.03818	0.01448	0.01975	0.01514	0.02172	0.01251	0.01251	0.04147	0.02436	0.65373	0.03357	0.02897	0.02107	0.01053	0.00856	0.00263	0.00724	0.00856	0.01053	0.01448
30	0.01037	0.00741	0.00987	0.01185	0.01234	0.00691	0.00790	0.01185	0.01629	0.02172	0.04690	0.69537	0.05629	0.02666	0.01086	0.00346	0.00494	0.02419	0.00790	0.00691
31	0.01098	0.00785	0.01058	0.01255	0.01332	0.00744	0.00897	0.01291	0.01690	0.02241	0.04656	0.58503	0.05494	0.02608	0.01103	0.00354	0.00547	0.12845	0.00789	0.00708
32	0.03165	0.02526	0.02503	0.01970	0.02614	0.09275	0.01605	0.52576	0.07216	0.04919	0.02048	0.02055	0.01476	0.01014	0.00843	0.00254	0.00984	0.00755	0.00809	0.01394
33	0.02327	0.43833	0.17181	0.01784	0.02589	0.10055	0.01850	0.07211	0.01993	0.02416	0.01337	0.01528	0.01117	0.00784	0.00650	0.00210	0.01056	0.00526	0.00409	0.01143
34	0.02754	0.01589	0.02017	0.01861	0.07687	0.01587	0.01354	0.12474	0.12805	0.27448	0.15509	0.03450	0.03233	0.01180	0.00886	0.00266	0.00708	0.00991	0.00910	0.01290
35	0.02984	0.03769	0.02273	0.02073	0.02498	0.60755	0.01555	0.03203	0.02369	0.02102	0.01971	0.02132	0.06783	0.00992	0.00789	0.00225	0.01436	0.00660	0.00470	0.00962
36	0.01768	0.07336	0.40518	0.02343	0.08073	0.01808	0.02506	0.02520	0.01892	0.04993	0.06049	0.03332	0.02172	0.01106	0.00866	0.00281	0.01069	0.09715	0.00493	0.01160
37	0.01771	0.10251	0.57478	0.02390	0.03583	0.02109	0.05607	0.02683	0.01800	0.02634	0.01505	0.01780	0.01089	0.00797	0.00794	0.00262	0.01234	0.00630	0.00363	0.01238
38	0.01634	0.01549	0.02558	0.61162	0.05482	0.01966	0.02311	0.02161	0.01660	0.02161	0.01471	0.02226	0.01133	0.00918	0.01054	0.00293	0.08186	0.00755	0.00378	0.00944
39	0.01185	0.00862	0.01116	0.01068	0.01264	0.00792	0.00795	0.01563	0.02341	0.03287	0.58204	0.10230	0.10471	0.01814	0.01009	0.00273	0.00408	0.01604	0.00921	0.00792
40	0.03786	0.01500	0.02007	0.01539	0.02198	0.01328	0.01271	0.07348	0.02522	0.62050	0.03285	0.02849	0.02070	0.01052	0.00856	0.00263	0.00736	0.00851	0.01042	0.01448
41	0.01937	0.01709	0.02920	0.23839	0.08679	0.01969	0.12962	0.02394	0.01720	0.07949	0.01712	0.02334	0.01363	0.01534	0.07916	0.00408	0.16335	0.00824	0.00458	0.01038
42	0.02903	0.01281	0.01701	0.01401	0.01895	0.01153	0.01118	0.03350	0.05827	0.42706	0.16736	0.09647	0.03738	0.01353	0.00909	0.00273	0.00630	0.01151	0.00994	0.01234
43	0.02179	0.01079	0.01447	0.01272	0.01629	0.00968	0.00996	0.02525	0.02316	0.26585	0.32320	0.11946	0.05402	0.01607	0.00964	0.00280	0.00550	0.03944	0.00958	0.01033
44	0.57380	0.01752	0.01535	0.01295	0.01860	0.01973	0.01068	0.12629	0.01966	0.09604	0.01524	0.01629	0.01116	0.00852	0.00611	0.00262	0.00711	0.00548	0.00628	0.01057
45	0.01724	0.07177	0.57209	0.08272	0.03810	0.02032	0.02997	0.02642	0.01785	0.02617	0.01510	0.01819	0.01084	0.00809	0.00800	0.00267	0.01231	0.00632	0.00361	0.01222
46	0.02938	0.01302	0.01724	0.01397	0.01909	0.01174	0.01125	0.03421	0.06309	0.43128	0.21373	0.03936	0.03887	0.01263	0.00900	0.00266	0.00626	0.01064	0.01007	0.01251
47	0.01586	0.00793	0.00793	0.00793	0.00991	0.00793	0.00595	0.01983	0.01785	0.03173	0.02776	0.03173	0.02181	0.00991	0.00595	0.00198	0.00397	0.00793	0.74817	0.00793
48	0.01313	0.01060	0.01299	0.01397	0.06997	0.00982	0.00940	0.05132	0.02239	0.02943	0.28455	0.06589	0.33878	0.01806	0.00981	0.00275	0.00502	0.01545	0.00816	0.00850
49	0.01627	0.01788	0.08222	0.59217	0.05504	0.01930	0.02411	0.02215	0.01692	0.02215	0.01496	0.02208	0.01129	0.00876	0.00934	0.00286	0.04155	0.00744	0.00376	0.00973
50	0.01037	0.00741	0.00987	0.01185	0.01234	0.00691	0.00790	0.01185	0.01629	0.02172	0.04690	0.69537	0.05629	0.02666	0.01086	0.00346	0.00494	0.02419	0.00790	0.00691
51	0.01846	0.01841	0.02603	0.06202	0.02453	0.02563	0.01892	0.02056	0.01327	0.02056	0.01141	0.01886	0.01118	0.01451	0.02676	0.00367	0.64471	0.00745	0.00373	0.00932
52	0.01037	0.00741	0.00987	0.01185	0.01234	0.00691	0.00790	0.01185	0.01629	0.02172	0.04690	0.69537	0.05629	0.02666	0.01086	0.00346	0.00494	0.02419	0.00790	0.00691
53	0.03788	0.01496	0.02005	0.01537	0.02196	0.01322	0.01270	0.07109	0.02516	0.62298	0.03290	0.02853	0.02073	0.01052	0.00856	0.00263	0.00735	0.00851	0.01043	0.01448
54	0.02129	0.44035	0.25509	0.01832	0.02727	0.06392	0.02050	0.02646	0.01790	0.02246	0.01309	0.01524	0.01087	0.00764	0.00649	0.00214	0.01065	0.00520	0.00367	0.01143
55	0.01734	0.03971	0.55667	0.02445	0.06637	0.01889	0.02889	0.02632	0.01801	0.02708	0.01529	0.01809	0.01111	0.00787	0.00791	0.00253	0.01178	0.00622	0.00378	0.09170
56	0.01819	0.05729	0.06920	0.21903	0.03903	0.02032	0.18376	0.05187	0.04329	0.02541	0.01986	0.10051	0.01770	0.01107	0.01112	0.00294	0.08421	0.01002	0.00480	0.01037
57	0.01193	0.00869	0.01121	0.01058	0.01264	0.00798	0.00794	0.01583	0.02381	0.03346	0.60994	0.06467	0.11412	0.01765	0.01004	0.00269	0.00403	0.01554	0.00928	0.00798
58	0.01586	0.00793	0.00793	0.00793	0.00991	0.00793	0.00595	0.01983	0.01785	0.03173	0.02776	0.03173	0.02181	0.00991	0.00595	0.00198	0.00397	0.00793	0.74817	0.00793
59	0.01647	0.01504	0.02427	0.58909	0.05308	0.01856	0.02195	0.02334	0.07199	0.02266	0.01686	0.02365	0.01282	0.00978	0.00970	0.03850	0.01074	0.00774	0.00422	0.00954
60	0.02116	0.13526	0.23975	0.02756	0.06045	0.07232	0.23340	0.06114	0.02040	0.02709	0.01560	0.01914	0.01189	0.00779	0.00838	0.00257	0.01260	0.00742	0.00422	0.01187
61	0.01006	0.00862	0.00862	0.00862	0.01149	0.00718	0.00647	0.01221	0.01940	0.02299	0.08621	0.08190	0.64438	0.02155	0.01006	0.00287	0.00431	0.01796	0.00790	0.00718
62	0.02082	0.01679	0.01791	0.01606	0.02073	0.01881	0.01251	0.04073	0.51468	0.07343	0.04121	0.03803	0.10532	0.01277	0.00883	0.00287	0.00646	0.01063	0.00868	0.01272

[dist]
# distance from previous block
# <min> <max>
0	9

[block]
# block no. 3 follows, 21 sequences, length 93
# corresponding to MSA columns:
# 146-238
name=unknown_D
#
# <colnr> <probs for GDERKNQSTAVLIFYWHMCP>
#	G	D	E	R	K	N	Q	S	T	A	V	L	I	F	Y	W	H	M	C	P
0	0.03309	0.01376	0.01838	0.01455	0.02030	0.01226	0.01184	0.03761	0.05694	0.52143	0.13119	0.03465	0.03081	0.01169	0.00880	0.00265	0.00670	0.00971	0.01025	0.01340
1	0.01044	0.00746	0.00994	0.01180	0.01236	0.00696	0.00791	0.01204	0.01664	0.02227	0.07334	0.66737	0.05735	0.02625	0.01083	0.00342	0.00490	0.02380	0.00796	0.00696
2	0.01978	0.02236	0.04834	0.08477	0.04555	0.02132	0.57192	0.02684	0.01985	0.02684	0.01706	0.02294	0.01279	0.00727	0.00993	0.00287	0.01412	0.00985	0.00426	0.01132
3	0.01869	0.03240	0.36264	0.12793	0.04164	0.01980	0.19246	0.02688	0.01869	0.05401	0.01660	0.02057	0.01192	0.00800	0.00872	0.00276	0.01264	0.00763	0.00413	0.01188
4	0.03235	0.02384	0.02554	0.01958	0.02639	0.02639	0.01618	0.61946	0.04001	0.05363	0.02043	0.02043	0.01447	0.01022	0.00851	0.00255	0.00936	0.00766	0.00851	0.01447
5	0.01109	0.00783	0.01008	0.01113	0.01185	0.00739	0.00741	0.01282	0.01719	0.02333	0.16737	0.44436	0.05655	0.15061	0.01675	0.00419	0.00536	0.02015	0.00769	0.00682
6	0.01037	0.00741	0.00987	0.01185	0.01234	0.00691	0.00790	0.01185	0.01629	0.02172	0.04690	0.69537	0.05629	0.02666	0.01086	0.00346	0.00494	0.02419	0.00790	0.00691
7	0.01558	0.00885	0.01289	0.06236	0.01557	0.00925	0.00912	0.04427	0.01335	0.01775	0.01683	0.06118	0.01673	0.02678	0.02887	0.61558	0.00766	0.00832	0.00418	0.00488
8	0.01765	0.01513	0.01765	0.01260	0.02017	0.01134	0.01008	0.02143	0.01765	0.02773	0.01513	0.01765	0.01260	0.00630	0.00630	0.00126	0.00630	0.00504	0.00504	0.75295
9	0.02782	0.02062	0.02279	0.05379	0.02620	0.02302	0.01530	0.33310	0.25479	0.09084	0.02635	0.02535	0.01902	0.01064	0.00857	0.00270	0.00835	0.00844	0.00847	0.01384
10	0.01707	0.04402	0.65683	0.02426	0.03683	0.01976	0.03144	0.02695	0.01797	0.02695	0.01527	0.01797	0.01078	0.00809	0.00809	0.00270	0.01258	0.00629	0.00359	0.01258
11	0.03620	0.01404	0.01911	0.01480	0.02104	0.01217	0.01217	0.03955	0.02434	0.60672	0.07983	0.03159	0.02556	0.01105	0.00867	0.00264	0.00700	0.00908	0.01044	0.01399
12	0.01586	0.00793	0.00793	0.00793	0.00991	0.00793	0.00595	0.01983	0.01785	0.03173	0.02776	0.03173	0.02181	0.00991	0.00595	0.00198	0.00397	0.00793	0.74817	0.00793
13	0.03818	0.01448	0.01975	0.01514	0.02172	0.01251	0.01251	0.04147	0.02436	0.65373	0.03357	0.02897	0.02107	0.01053	0.00856	0.00263	0.00724	0.00856	0.01053	0.01448
14	0.01077	0.00794	0.01009	0.01106	0.01232	0.00725	0.00772	0.01304	0.01886	0.02526	0.21360	0.43356	0.15041	0.02340	0.01052	0.00316	0.00460	0.02089	0.00830	0.00725
15	0.01059	0.00757	0.01007	0.01170	0.01239	0.00706	0.00792	0.01239	0.01730	0.02333	0.12416	0.61354	0.05940	0.02546	0.01076	0.00336	0.00482	0.02305	0.00809	0.00706
16	0.01196	0.00864	0.01130	0.01076	0.01270	0.00797	0.00802	0.01585	0.02371	0.03352	0.61413	0.09452	0.07912	0.01785	0.01008	0.00271	0.00406	0.01582	0.00930	0.00797
17	0.76103	0.01646	0.01251	0.01119	0.01646	0.01909	0.00922	0.02502	0.01448	0.03818	0.01185	0.01382	0.00922	0.00790	0.00527	0.00263	0.00658	0.00461	0.00527	0.00922
18	0.01915	0.01632	0.02065	0.12915	0.05690	0.01470	0.01382	0.08719	0.02007	0.02955	0.01575	0.01897	0.01264	0.00717	0.00702	0.00173	0.00768	0.00588	0.00517	0.51051
19	0.03132	0.11521	0.02696	0.01812	0.02486	0.02507	0.01527	0.42345	0.06535	0.13657	0.02193	0.02135	0.01556	0.00993	0.00811	0.00248	0.00888	0.00747	0.00815	0.01394
20	0.01586	0.00793	0.00793	0.00793	0.00991	0.00793	0.00595	0.01983	0.01785	0.03173	0.02776	0.03173	0.02181	0.00991	0.00595	0.00198	0.00397	0.00793	0.74817	0.00793
21	0.76103	0.01646	0.01251	0.01119	0.01646	0.01909	0.00922	0.02502	0.01448	0.03818	0.01185	0.01382	0.00922	0.00790	0.00527	0.00263	0.00658	0.00461	0.00527	0.00922
22	0.01981	0.01908	0.02861	0.06110	0.27537	0.02282	0.02121	0.02584	0.09179	0.02533	0.01616	0.02138	0.01392	0.01128	0.01691	0.00310	0.30249	0.00777	0.00453	0.01150
23	0.01227	0.00833	0.00987	0.00995	0.01017	0.00851	0.00597	0.01272	0.01270	0.01713	0.02709	0.07826	0.03070	0.59166	0.12275	0.00876	0.01000	0.01242	0.00519	0.00554
24	0.02275	0.70604	0.04459	0.01456	0.02184	0.03367	0.01456	0.02548	0.01729	0.02002	0.01183	0.01365	0.01092	0.00728	0.00546	0.00182	0.00910	0.00455	0.00364	0.01092
25	0.01024	0.00863	0.00888	0.00881	0.01161	0.00726	0.00661	0.01257	0.01983	0.02402	0.13778	0.08020	0.59217	0.02117	0.01006	0.00286	0.00428	0.01772	0.00804	0.00726
26	0.01216	0.00912	0.01368	0.01368	0.01520	0.01064	0.01064	0.01520	0.01368	0.01976	0.02279	0.03343	0.02127	0.06382	0.66720	0.01368	0.02279	0.00912	0.00456	0.00760
27	0.03818	0.01448	0.01975	0.01514	0.02172	0.01251	0.01251	0.04147	0.02436	0.65373	0.03357	0.02897	0.02107	0.01053	0.00856	0.00263	0.00724	0.00856	0.01053	0.01448
28	0.01872	0.01762	0.06674	0.01433	0.02171	0.01326	0.01241	0.02380	0.04661	0.05515	0.01666	0.01888	0.01339	0.00732	0.00777	0.00163	0.04208	0.00563	0.00527	0.59102
29	0.01478	0.00739	0.01109	0.01109	0.01109	0.00739	0.00739	0.01109	0.01109	0.01478	0.01478	0.02587	0.01478	0.02956	0.03326	0.75240	0.00739	0.00739	0.00370	0.00370
30	0.03179	0.04056	0.02412	0.02192	0.02631	0.66676	0.01644	0.03398	0.02412	0.02083	0.01315	0.01535	0.01096	0.00877	0.00767	0.00219	0.01535	0.00548	0.00438	0.00987
31	0.01106	0.00859	0.01005	0.00983	0.01215	0.00759	0.00732	0.01410	0.02155	0.02843	0.35995	0.10693	0.33233	0.01978	0.01009	0.00281	0.00420	0.01703	0.00863	0.00759
32	0.02344	0.01941	0.02052	0.01778	0.02300	0.02223	0.01402	0.16212	0.51185	0.03927	0.03175	0.02945	0.02364	0.01127	0.00863	0.00282	0.00727	0.00922	0.00863	0.01367
33	0.01037	0.00741	0.00987	0.01185	0.01234	0.00691	0.00790	0.01185	0.01629	0.02172	0.04690	0.69537	0.05629	0.02666	0.01086	0.00346	0.00494	0.02419	0.00790	0.00691
34	0.01765	0.01513	0.01765	0.01260	0.02017	0.01134	0.01008	0.02143	0.01765	0.02773	0.01513	0.01765	0.01260	0.00630	0.00630	0.00126	0.00630	0.00504	0.00504	0.75295
35	0.06224	0.02026	0.02816	0.12461	0.27094	0.07319	0.05072	0.05841	0.02025	0.07547	0.01676	0.02060	0.01315	0.00832	0.00884	0.00248	0.03713	0.00715	0.00501	0.09630
36	0.04093	0.00933	0.01177	0.04602	0.01512	0.00891	0.00868	0.01614	0.02265	0.03199	0.50394	0.06216	0.15650	0.01717	0.00977	0.00271	0.00455	0.01493	0.00870	0.00803
37	0.01837	0.01555	0.01803	0.01295	0.02047	0.01208	0.01038	0.05073	0.01874	0.02900	0.01539	0.01778	0.01270	0.00649	0.00641	0.00132	0.00645	0.00517	0.00521	0.71677
38	0.02106	0.02022	0.03454	0.05223	0.64784	0.02022	0.02612	0.02612	0.01938	0.02780	0.01601	0.02106	0.01348	0.00758	0.00842	0.00253	0.01011	0.00758	0.00421	0.01348
39	0.01765	0.01513	0.01765	0.01260	0.02017	0.01134	0.01008	0.02143	0.01765	0.02773	0.01513	0.01765	0.01260	0.00630	0.00630	0.00126	0.00630	0.00504	0.00504	0.75295
40	0.01765	0.01513	0.01765	0.01260	0.02017	0.01134	0.01008	0.02143	0.01765	0.02773	0.01513	0.01765	0.01260	0.00630	0.00630	0.00126	0.00630	0.00504	0.00504	0.75295
41	0.01204	0.00870	0.01138	0.01071	0.01271	0.00803	0.00803	0.01606	0.02409	0.03413	0.64335	0.06357	0.08030	0.01740	0.01004	0.00268	0.00401	0.01539	0.00937	0.00803
42	0.01969	0.01622	0.01970	0.02085	0.11183	0.01769	0.01404	0.03558	0.37995	0.05728	0.17164	0.03738	0.03643	0.01227	0.00894	0.00278	0.00662	0.01061	0.00824	0.01226
43	0.01765	0.01513	0.01765	0.01260	0.02017	0.01134	0.01008	0.02143	0.01765	0.02773	0.01513	0.01765	0.01260	0.00630	0.00630	0.00126	0.00630	0.00504	0.00504	0.75295
44	0.01765	0.01513	0.01765	0.01260	0.02017	0.01134	0.01008	0.02143	0.01765	0.02773	0.01513	0.01765	0.01260	0.00630	0.00630	0.00126	0.00630	0.00504	0.00504	0.75295
45	0.02891	0.02178	0.02348	0.01842	0.02473	0.02387	0.01503	0.47465	0.12117	0.04868	0.05557	0.02419	0.01952	0.01058	0.00850	0.00254	0.00855	0.00821	0.00840	0.05324
46	0.01726	0.01471	0.01723	0.01256	0.01975	0.01111	0.00997	0.02092	0.01757	0.02741	0.01683	0.05393	0.01494	0.00739	0.00655	0.00138	0.00623	0.00607	0.00519	0.71301
47	0.01765	0.01513	0.01765	0.01260	0.02017	0.01134	0.01008	0.02143	0.01765	0.02773	0.01513	0.01765	0.01260	0.00630	0.00630	0.00126	0.00630	0.00504	0.00504	0.75295
48	0.02065	0.01937	0.03221	0.17900	0.49395	0.02028	0.02508	0.05706	0.02000	0.02795	0.01606	0.02136	0.01310	0.00791	0.00845	0.00259	0.01032	0.00758	0.00436	0.01271
49	0.01796	0.05694	0.01928	0.01272	0.02027	0.01270	0.01035	0.02167	0.01763	0.02726	0.01493	0.01740	0.01250	0.00636	0.00625	0.00129	0.00647	0.00501	0.00496	0.70804
50	0.76103	0.01646	0.01251	0.01119	0.01646	0.01909	0.00922	0.02502	0.01448	0.03818	0.01185	0.01382	0.00922	0.00790	0.00527	0.00263	0.00658	0.00461	0.00527	0.00922
51	0.03318	0.02251	0.02472	0.01895	0.02573	0.02442	0.01565	0.53727	0.03779	0.13897	0.02230	0.02165	0.01541	0.01026	0.00852	0.00257	0.00906	0.00779	0.00880	0.01447
52	0.01920	0.01508	0.01781	0.01280	0.02029	0.01143	0.01027	0.02295	0.01816	0.07522	0.01653	0.01851	0.01325	0.00662	0.00647	0.00136	0.00637	0.00531	0.00546	0.69692
53	0.01964	0.02208	0.04745	0.10800	0.04606	0.02123	0.55054	0.02664	0.01974	0.02664	0.01698	0.02293	0.01274	0.00732	0.00987	0.00287	0.01401	0.00977	0.00425	0.01125
54	0.03235	0.02384	0.02554	0.01958	0.02639	0.02639	0.01618	0.61946	0.04001	0.05363	0.02043	0.02043	0.01447	0.01022	0.00851	0.00255	0.00936	0.00766	0.00851	0.01447
55	0.01607	0.01513	0.02552	0.68047	0.05861	0.01891	0.02363	0.02174	0.01702	0.02174	0.01513	0.02269	0.01134	0.00851	0.00851	0.00284	0.01134	0.00756	0.00378	0.00945
56	0.01166	0.00868	0.01084	0.01030	0.01248	0.00787	0.00773	0.01531	0.02318	0.03196	0.53511	0.06713	0.18988	0.01820	0.01004	0.00271	0.00407	0.01589	0.00908	0.00787
57	0.01037	0.00741	0.00987	0.01185	0.01234	0.00691	0.00790	0.01185	0.01629	0.02172	0.04690	0.69537	0.05629	0.02666	0.01086	0.00346	0.00494	0.02419	0.00790	0.00691
58	0.01238	0.00825	0.00928	0.00928	0.00928	0.00825	0.00516	0.01238	0.01238	0.01650	0.02681	0.05569	0.03094	0.70092	0.04331	0.00825	0.00825	0.01238	0.00516	0.00516
59	0.01037	0.00741	0.00987	0.01185	0.01234	0.00691	0.00790	0.01185	0.01629	0.02172	0.04690	0.69537	0.05629	0.02666	0.01086	0.00346	0.00494	0.02419	0.00790	0.00691
60	0.02117	0.01828	0.01924	0.01732	0.02213	0.02117	0.01347	0.04522	0.63246	0.03560	0.03464	0.03175	0.02598	0.01155	0.00866	0.00289	0.00673	0.00962	0.00866	0.01347
61	0.02275	0.70604	0.04459	0.01456	0.02184	0.03367	0.01456	0.02548	0.01729	0.02002	0.01183	0.01365	0.01092	0.00728	0.00546	0.00182	0.00910	0.00455	0.00364	0.01092
62	0.01089	0.00865	0.00978	0.00950	0.01201	0.00754	0.00712	0.01383	0.02137	0.02767	0.32059	0.07419	0.40708	0.01980	0.01005	0.00279	0.00419	0.01688	0.00852	0.00754
63	0.01862	0.01862	0.02607	0.02234	0.02234	0.02607	0.01862	0.02048	0.01303	0.02048	0.01117	0.01862	0.01117	0.01489	0.02793	0.00372	0.68535	0.00745	0.00372	0.00931
64	0.01478	0.00739	0.01109	0.01109	0.01109	0.00739	0.00739	0.01109	0.01109	0.01478	0.01478	0.02587	0.01478	0.02956	0.03326	0.75240	0.00739	0.00739	0.00370	0.00370
65	0.02275	0.70604	0.04459	0.01456	0.02184	0.03367	0.01456	0.02548	0.01729	0.02002	0.01183	0.01365	0.01092	0.00728	0.00546	0.00182	0.00910	0.00455	0.00364	0.01092
66	0.02260	0.01947	0.03487	0.10159	0.30064	0.01976	0.17288	0.02775	0.01956	0.11625	0.01838	0.02265	0.01404	0.00855	0.01034	0.00275	0.06212	0.00833	0.00506	0.01241
67	0.01945	0.15154	0.48470	0.02269	0.03381	0.02174	0.05786	0.02760	0.01835	0.06375	0.01591	0.01817	0.01154	0.00805	0.00778	0.00255	0.01177	0.00633	0.00406	0.01236
68	0.01216	0.00912	0.01368	0.01368	0.01520	0.01064	0.01064	0.01520	0.01368	0.01976	0.02279	0.03343	0.02127	0.06382	0.66720	0.01368	0.02279	0.00912	0.00456	0.00760
69	0.02431	0.05446	0.19372	0.02196	0.05571	0.01865	0.09007	0.05706	0.13217	0.18932	0.05714	0.02632	0.02037	0.00975	0.00856	0.00268	0.00953	0.00843	0.00689	0.01289
70	0.02224	0.02413	0.23048	0.01779	0.02507	0.01605	0.01817	0.05505	0.13053	0.17715	0.15898	0.03293	0.03105	0.01137	0.00874	0.00270	0.00832	0.00943	0.00755	0.01227
71	0.76103	0.01646	0.01251	0.01119	0.01646	0.01909	0.00922	0.02502	0.01448	0.03818	0.01185	0.01382	0.00922	0.00790	0.00527	0.00263	0.00658	0.00461	0.00527	0.00922
72	0.03090	0.02312	0.02472	0.01929	0.02584	0.02571	0.01582	0.54516	0.11667	0.05130	0.02227	0.02190	0.01596	0.01039	0.00853	0.00260	0.00902	0.00792	0.00853	0.01434
73	0.02809	0.01558	0.01897	0.01513	0.02108	0.01459	0.01212	0.10891	0.10283	0.30130	0.02957	0.09470	0.02273	0.01141	0.00833	0.00246	0.00702	0.00946	0.00862	0.16712
74	0.03542	0.01387	0.01887	0.01467	0.02077	0.01204	0.01204	0.03879	0.02433	0.58833	0.09793	0.03262	0.02732	0.01126	0.00871	0.00264	0.00690	0.00928	0.01041	0.01380
75	0.02203	0.62180	0.12250	0.01579	0.02375	0.03190	0.01671	0.02567	0.01738	0.02090	0.01227	0.01420	0.01090	0.00738	0.00579	0.00193	0.00954	0.00477	0.00363	0.01113
76	0.01586	0.00793	0.00793	0.00793	0.00991	0.00793	0.00595	0.01983	0.01785	0.03173	0.02776	0.03173	0.02181	0.00991	0.00595	0.00198	0.00397	0.00793	0.74817	0.00793
77	0.02134	0.02098	0.03351	0.08560	0.58315	0.05336	0.02548	0.02628	0.01949	0.02711	0.01581	0.02086	0.01323	0.00769	0.00839	0.00253	0.01045	0.00747	0.00420	0.01307
78	0.02114	0.25773	0.30221	0.02161	0.06109	0.02327	0.04628	0.02734	0.01860	0.08478	0.01754	0.02199	0.01402	0.00879	0.00754	0.00246	0.01061	0.03646	0.00456	0.01196
79	0.01765	0.01513	0.01765	0.01260	0.02017	0.01134	0.01008	0.02143	0.01765	0.02773	0.01513	0.01765	0.01260	0.00630	0.00630	0.00126	0.00630	0.00504	0.00504	0.75295
80	0.01037	0.00741	0.00987	0.01185	0.01234	0.00691	0.00790	0.01185	0.01629	0.02172	0.04690	0.69537	0.05629	0.02666	0.01086	0.00346	0.00494	0.02419	0.00790	0.00691
81	0.01586	0.00793	0.00793	0.00793	0.00991	0.00793	0.00595	0.01983	0.01785	0.03173	0.02776	0.03173	0.02181	0.00991	0.00595	0.00198	0.00397	0.00793	0.74817	0.00793
82	0.01586	0.00793	0.00793	0.00793	0.00991	0.00793	0.00595	0.01983	0.01785	0.03173	0.02776	0.03173	0.02181	0.00991	0.00595	0.00198	0.00397	0.00793	0.74817	0.00793
83	0.01607	0.01513	0.02552	0.68047	0.05861	0.01891	0.02363	0.02174	0.01702	0.02174	0.01513	0.02269	0.01134	0.00851	0.00851	0.00284	0.01134	0.00756	0.00378	0.00945
84	0.02817	0.03358	0.05486	0.03087	0.21331	0.41860	0.01985	0.03160	0.02243	0.04787	0.01490	0.01771	0.01210	0.00845	0.00795	0.00233	0.01334	0.00627	0.00454	0.01125
85	0.05621	0.45427	0.13626	0.01690	0.02475	0.05534	0.01727	0.10454	0.02055	0.02639	0.01356	0.01530	0.01129	0.00788	0.00636	0.00211	0.00982	0.00528	0.00438	0.01153
86	0.03113	0.02292	0.02467	0.01915	0.02561	0.02531	0.01571	0.58568	0.03869	0.05186	0.02190	0.05795	0.01680	0.01113	0.00864	0.00260	0.00912	0.00858	0.00848	0.01405
87	0.63536	0.01694	0.01316	0.01191	0.01673	0.05400	0.00964	0.02444	0.01548	0.03589	0.04615	0.01774	0.01382	0.01184	0.04572	0.00328	0.00791	0.00550	0.00539	0.00909
88	0.01962	0.01609	0.01812	0.11024	0.02409	0.05523	0.01306	0.16976	0.08591	0.03361	0.18103	0.10503	0.03739	0.07802	0.01235	0.00326	0.00784	0.01180	0.00744	0.01010
89	0.02168	0.01565	0.01877	0.01405	0.02064	0.01353	0.01135	0.07977	0.02083	0.11987	0.05607	0.02236	0.01801	0.00842	0.00826	0.00180	0.04433	0.00655	0.00634	0.49170
90	0.05492	0.02249	0.02475	0.15145	0.08268	0.10978	0.01791	0.26813	0.02761	0.03648	0.05469	0.02245	0.01683	0.01016	0.00983	0.00266	0.06147	0.00767	0.00623	0.01179
91	0.01596	0.00926	0.01352	0.04473	0.03968	0.00957	0.00945	0.04904	0.01367	0.01828	0.01659	0.05437	0.01636	0.02640	0.02863	0.60928	0.00770	0.00816	0.00419	0.00515
92	0.06052	0.01750	0.02615	0.33972	0.15746	0.02042	0.02119	0.08480	0.01926	0.02728	0.01518	0.02089	0.01200	0.00915	0.01058	0.00276	0.09318	0.00726	0.00450	0.05022

[dist]
# distance from previous block
# <min> <max>
0	1

[block]
# block no. 4 follows, 21 sequences, length 71
# corresponding to MSA columns:
# 240-310
name=unknown_E
#
# <colnr> <probs for GDERKNQSTAVLIFYWHMCP>
#	G	D	E	R	K	N	Q	S	T	A	V	L	I	F	Y	W	H	M	C	P
0	0.01707	0.01677	0.02860	0.47055	0.04961	0.02066	0.09387	0.02215	0.01658	0.02215	0.01458	0.02190	0.01150	0.00963	0.01260	0.00302	0.14742	0.00784	0.00383	0.00967
1	0.01930	0.01626	0.02444	0.47676	0.04771	0.01958	0.02104	0.09976	0.05047	0.05250	0.01879	0.02644	0.01466	0.00995	0.00949	0.00288	0.03883	0.03564	0.00509	0.01041
2	0.23043	0.02587	0.22742	0.02119	0.07831	0.01891	0.04414	0.05331	0.08143	0.07058	0.01963	0.05903	0.01566	0.00963	0.00766	0.00273	0.00923	0.00766	0.00556	0.01161
3	0.03818	0.01448	0.01975	0.01514	0.02172	0.01251	0.01251	0.04147	0.02436	0.65373	0.03357	0.02897	0.02107	0.01053	0.00856	0.00263	0.00724	0.00856	0.01053	0.01448
4	0.76103	0.01646	0.01251	0.01119	0.01646	0.01909	0.00922	0.02502	0.01448	0.03818	0.01185	0.01382	0.00922	0.00790	0.00527	0.00263	0.00658	0.00461	0.00527	0.00922
5	0.01338	0.01075	0.01506	0.01444	0.01528	0.01303	0.01099	0.01548	0.01347	0.01940	0.02290	0.08064	0.02355	0.17644	0.36992	0.00989	0.15275	0.01046	0.00474	0.00742
6	0.01478	0.00739	0.01109	0.01109	0.01109	0.00739	0.00739	0.01109	0.01109	0.01478	0.01478	0.02587	0.01478	0.02956	0.03326	0.75240	0.00739	0.00739	0.00370	0.00370
7	0.76103	0.01646	0.01251	0.01119	0.01646	0.01909	0.00922	0.02502	0.01448	0.03818	0.01185	0.01382	0.00922	0.00790	0.00527	0.00263	0.00658	0.00461	0.00527	0.00922
8	0.02239	0.01889	0.01993	0.01757	0.02260	0.02174	0.01377	0.10814	0.56755	0.03758	0.03308	0.03051	0.02472	0.01140	0.00864	0.00285	0.00702	0.00941	0.00864	0.01358
9	0.01216	0.00912	0.01368	0.01368	0.01520	0.01064	0.01064	0.01520	0.01368	0.01976	0.02279	0.03343	0.02127	0.06382	0.66720	0.01368	0.02279	0.00912	0.00456	0.00760
10	0.17655	0.02238	0.02296	0.01792	0.02443	0.02495	0.01480	0.50182	0.03496	0.05058	0.01873	0.01912	0.01343	0.00976	0.00787	0.00257	0.00881	0.00706	0.00787	0.01343
11	0.02224	0.02399	0.06381	0.04699	0.53844	0.10274	0.02514	0.02716	0.01991	0.02687	0.01561	0.02018	0.01303	0.00776	0.00831	0.00249	0.01090	0.00725	0.00420	0.01297
12	0.01586	0.00793	0.00793	0.00793	0.00991	0.00793	0.00595	0.01983	0.01785	0.03173	0.02776	0.03173	0.02181	0.00991	0.00595	0.00198	0.00397	0.00793	0.74817	0.00793
13	0.02275	0.70604	0.04459	0.01456	0.02184	0.03367	0.01456	0.02548	0.01729	0.02002	0.01183	0.01365	0.01092	0.00728	0.00546	0.00182	0.00910	0.00455	0.00364	0.01092
14	0.01037	0.00741	0.00987	0.01185	0.01234	0.00691	0.00790	0.01185	0.01629	0.02172	0.04690	0.69537	0.05629	0.02666	0.01086	0.00346	0.00494	0.02419	0.00790	0.00691
15	0.01765	0.01513	0.01765	0.01260	0.02017	0.01134	0.01008	0.02143	0.01765	0.02773	0.01513	0.01765	0.01260	0.00630	0.00630	0.00126	0.00630	0.00504	0.00504	0.75295
16	0.01049	0.00746	0.00984	0.01170	0.01216	0.00699	0.00774	0.01188	0.01606	0.02142	0.04573	0.65799	0.05480	0.06606	0.01276	0.00374	0.00513	0.02350	0.00774	0.00681
17	0.01611	0.01467	0.02433	0.58516	0.05246	0.01835	0.02196	0.02076	0.01628	0.02108	0.01487	0.02272	0.01163	0.01067	0.01175	0.06656	0.05039	0.00754	0.00377	0.00896
18	0.02117	0.01828	0.01924	0.01732	0.02213	0.02117	0.01347	0.04522	0.63246	0.03560	0.03464	0.03175	0.02598	0.01155	0.00866	0.00289	0.00673	0.00962	0.00866	0.01347
19	0.01206	0.00870	0.01144	0.01105	0.01298	0.00808	0.00835	0.01595	0.02347	0.03305	0.58111	0.09477	0.07737	0.01818	0.01017	0.00278	0.00428	0.04902	0.00921	0.00797
20	0.01731	0.04255	0.61846	0.02598	0.07451	0.01979	0.03111	0.02690	0.01805	0.02700	0.01532	0.01816	0.01095	0.00805	0.00811	0.00268	0.01242	0.00637	0.00363	0.01263
21	0.03191	0.03693	0.02443	0.02141	0.02633	0.52766	0.01638	0.16116	0.02757	0.02795	0.01474	0.01645	0.01172	0.00908	0.00786	0.00227	0.01405	0.00595	0.00528	0.01087
22	0.01057	0.00755	0.01011	0.01209	0.01267	0.00709	0.00826	0.01221	0.01650	0.02195	0.04679	0.65841	0.05583	0.02647	0.01092	0.00348	0.00512	0.05911	0.00790	0.00697
23	0.01037	0.00741	0.00987	0.01185	0.01234	0.00691	0.00790	0.01185	0.01629	0.02172	0.04690	0.69537	0.05629	0.02666	0.01086	0.00346	0.00494	0.02419	0.00790	0.00691
24	0.01797	0.03667	0.46075	0.05710	0.10856	0.02006	0.12558	0.02669	0.01843	0.02688	0.01567	0.01933	0.01146	0.00790	0.00846	0.00271	0.01253	0.00710	0.00379	0.01237
25	0.03088	0.03904	0.02425	0.02195	0.02603	0.62240	0.01659	0.03305	0.02335	0.02080	0.01302	0.01557	0.01098	0.00919	0.00908	0.00230	0.06174	0.00562	0.00434	0.00983
26	0.02759	0.01207	0.01629	0.01344	0.01809	0.01064	0.01070	0.03099	0.02371	0.40445	0.23675	0.08659	0.04315	0.01393	0.00921	0.00270	0.00601	0.01191	0.00996	0.01182
27	0.03710	0.06292	0.02149	0.01510	0.02173	0.01399	0.01265	0.04035	0.02386	0.60934	0.03205	0.02789	0.02036	0.01031	0.00834	0.00258	0.00737	0.00828	0.01005	0.01423
28	0.02152	0.01785	0.02976	0.29437	0.27941	0.01915	0.05724	0.05232	0.01997	0.09936	0.01797	0.02271	0.01353	0.00838	0.00857	0.00268	0.01048	0.00783	0.00497	0.01193
29	0.02936	0.12704	0.02407	0.01633	0.02215	0.08780	0.01351	0.11053	0.12646	0.25700	0.07660	0.02734	0.02325	0.01053	0.00811	0.00249	0.00831	0.00823	0.00814	0.01274
30	0.70885	0.01636	0.01342	0.05807	0.01941	0.01908	0.01023	0.02479	0.01466	0.03703	0.01208	0.01445	0.00937	0.00794	0.00549	0.00265	0.00692	0.00482	0.00516	0.00923
31	0.01861	0.01510	0.01775	0.01272	0.02024	0.01140	0.01020	0.02237	0.01796	0.05725	0.01600	0.01818	0.01300	0.00650	0.00641	0.00133	0.00635	0.00521	0.00530	0.71813
32	0.01478	0.00739	0.01109	0.01109	0.01109	0.00739	0.00739	0.01109	0.01109	0.01478	0.01478	0.02587	0.01478	0.02956	0.03326	0.75240	0.00739	0.00739	0.00370	0.00370
33	0.02275	0.70604	0.04459	0.01456	0.02184	0.03367	0.01456	0.02548	0.01729	0.02002	0.01183	0.01365	0.01092	0.00728	0.00546	0.00182	0.00910	0.00455	0.00364	0.01092
34	0.01478	0.00739	0.01109	0.01109	0.01109	0.00739	0.00739	0.01109	0.01109	0.01478	0.01478	0.02587	0.01478	0.02956	0.03326	0.75240	0.00739	0.00739	0.00370	0.00370
35	0.01204	0.00870	0.01138	0.01071	0.01271	0.00803	0.00803	0.01606	0.02409	0.03413	0.64335	0.06357	0.08030	0.01740	0.01004	0.00268	0.00401	0.01539	0.00937	0.00803
36	0.01216	0.00912	0.01368	0.01368	0.01520	0.01064	0.01064	0.01520	0.01368	0.01976	0.02279	0.03343	0.02127	0.06382	0.66720	0.01368	0.02279	0.00912	0.00456	0.00760
37	0.01478	0.00739	0.01109	0.01109	0.01109	0.00739	0.00739	0.01109	0.01109	0.01478	0.01478	0.02587	0.01478	0.02956	0.03326	0.75240	0.00739	0.00739	0.00370	0.00370
38	0.02117	0.01828	0.01924	0.01732	0.02213	0.02117	0.01347	0.04522	0.63246	0.03560	0.03464	0.03175	0.02598	0.01155	0.00866	0.00289	0.00673	0.00962	0.00866	0.01347
39	0.76103	0.01646	0.01251	0.01119	0.01646	0.01909	0.00922	0.02502	0.01448	0.03818	0.01185	0.01382	0.00922	0.00790	0.00527	0.00263	0.00658	0.00461	0.00527	0.00922
40	0.02275	0.70604	0.04459	0.01456	0.02184	0.03367	0.01456	0.02548	0.01729	0.02002	0.01183	0.01365	0.01092	0.00728	0.00546	0.00182	0.00910	0.00455	0.00364	0.01092
41	0.01006	0.00862	0.00862	0.00862	0.01149	0.00718	0.00647	0.01221	0.01940	0.02299	0.08621	0.08190	0.64438	0.02155	0.01006	0.00287	0.00431	0.01796	0.00790	0.00718
42	0.01765	0.01513	0.01765	0.01260	0.02017	0.01134	0.01008	0.02143	0.01765	0.02773	0.01513	0.01765	0.01260	0.00630	0.00630	0.00126	0.00630	0.00504	0.00504	0.75295
43	0.03818	0.01448	0.01975	0.01514	0.02172	0.01251	0.01251	0.04147	0.02436	0.65373	0.03357	0.02897	0.02107	0.01053	0.00856	0.00263	0.00724	0.00856	0.01053	0.01448
44	0.01862	0.01862	0.02607	0.02234	0.02234	0.02607	0.01862	0.02048	0.01303	0.02048	0.01117	0.01862	0.01117	0.01489	0.02793	0.00372	0.68535	0.00745	0.00372	0.00931
45	0.03179	0.04056	0.02412	0.02192	0.02631	0.66676	0.01644	0.03398	0.02412	0.02083	0.01315	0.01535	0.01096	0.00877	0.00767	0.00219	0.01535	0.00548	0.00438	0.00987
46	0.01169	0.00868	0.01088	0.01033	0.01250	0.00788	0.00775	0.01537	0.02325	0.03214	0.54415	0.06683	0.18073	0.01814	0.01004	0.00271	0.00407	0.01585	0.00911	0.00788
47	0.01478	0.00739	0.01109	0.01109	0.01109	0.00739	0.00739	0.01109	0.01109	0.01478	0.01478	0.02587	0.01478	0.02956	0.03326	0.75240	0.00739	0.00739	0.00370	0.00370
48	0.03267	0.02111	0.02355	0.01815	0.02460	0.02258	0.01488	0.46772	0.03538	0.18020	0.02354	0.02389	0.01665	0.04234	0.01014	0.00284	0.00886	0.00807	0.00879	0.01404
49	0.02009	0.02296	0.05022	0.03587	0.04448	0.02152	0.61693	0.02726	0.02009	0.02726	0.01722	0.02296	0.01291	0.00717	0.01004	0.00287	0.01435	0.01004	0.00430	0.01148
50	0.02117	0.01828	0.01924	0.01732	0.02213	0.02117	0.01347	0.04522	0.63246	0.03560	0.03464	0.03175	0.02598	0.01155	0.00866	0.00289	0.00673	0.00962	0.00866	0.01347
51	0.01607	0.01513	0.02552	0.68047	0.05861	0.01891	0.02363	0.02174	0.01702	0.02174	0.01513	0.02269	0.01134	0.00851	0.00851	0.00284	0.01134	0.00756	0.00378	0.00945
52	0.02683	0.11726	0.05678	0.02815	0.20411	0.14177	0.01881	0.10660	0.07666	0.11294	0.01941	0.02077	0.01478	0.00886	0.00792	0.00243	0.01028	0.00704	0.00592	0.01268
53	0.01979	0.02502	0.10955	0.03473	0.04373	0.02135	0.55966	0.02723	0.01988	0.02723	0.01703	0.02247	0.01270	0.00726	0.00985	0.00285	0.01417	0.00968	0.00423	0.01159
54	0.02009	0.02296	0.05022	0.03587	0.04448	0.02152	0.61693	0.02726	0.02009	0.02726	0.01722	0.02296	0.01291	0.00717	0.01004	0.00287	0.01435	0.01004	0.00430	0.01148
55	0.01037	0.00741	0.00987	0.01185	0.01234	0.00691	0.00790	0.01185	0.01629	0.02172	0.04690	0.69537	0.05629	0.02666	0.01086	0.00346	0.00494	0.02419	0.00790	0.00691
56	0.02613	0.02485	0.05902	0.01943	0.02485	0.13464	0.01633	0.25900	0.16569	0.03764	0.02443	0.03042	0.01999	0.01185	0.00961	0.00278	0.04010	0.07362	0.00725	0.01235
