[name]
unknown

[dist]
# distance from previous block
# <min> <max>
0	20

[block]
# block no. 0 follows, 22 sequences, length 17
# corresponding to MSA columns:
# 20-36
name=unknown_A
#
# <colnr> <probs for GDERKNQSTAVLIFYWHMCP>
#	G	D	E	R	K	N	Q	S	T	A	V	L	I	F	Y	W	H	M	C	P
0	0.01314	0.00938	0.01310	0.01501	0.01682	0.00935	0.01295	0.01678	0.01888	0.02458	0.04412	0.14011	0.04835	0.02318	0.01141	0.00379	0.00743	0.55636	0.00765	0.00758
1	0.03130	0.01287	0.01750	0.01412	0.01947	0.01130	0.01159	0.03468	0.02338	0.51121	0.13428	0.03875	0.03204	0.01234	0.00883	0.00267	0.00660	0.05455	0.00990	0.01262
2	0.01988	0.01394	0.01618	0.01466	0.01791	0.01458	0.01112	0.25795	0.02571	0.06196	0.05661	0.37925	0.03808	0.01864	0.00957	0.00296	0.00660	0.01624	0.00811	0.01004
3	0.01686	0.01622	0.02335	0.02007	0.02061	0.02168	0.04232	0.01886	0.01303	0.01980	0.01408	0.02378	0.01413	0.09062	0.10556	0.00521	0.51329	0.00807	0.00390	0.00857
4	0.03103	0.03959	0.02354	0.02140	0.02568	0.67469	0.01605	0.03317	0.02354	0.02033	0.01284	0.01498	0.01070	0.00856	0.00749	0.00214	0.01498	0.00535	0.00428	0.00963
5	0.01063	0.00772	0.01003	0.01100	0.01211	0.00712	0.00766	0.01292	0.01857	0.02521	0.24449	0.45379	0.10239	0.02277	0.01029	0.00309	0.00449	0.02043	0.00818	0.00712
6	0.01368	0.00892	0.01172	0.01078	0.01307	0.00817	0.00817	0.01755	0.02354	0.08067	0.60521	0.05951	0.07403	0.01648	0.00969	0.00261	0.00416	0.01452	0.00923	0.00831
7	0.01208	0.00805	0.00906	0.00906	0.00906	0.00805	0.00503	0.01208	0.01208	0.01611	0.02618	0.05436	0.03020	0.70804	0.04228	0.00805	0.00805	0.01208	0.00503	0.00503
8	0.01818	0.00985	0.01310	0.01163	0.01464	0.00888	0.00895	0.02175	0.02308	0.19338	0.45302	0.09612	0.06203	0.01587	0.00948	0.00265	0.00479	0.01389	0.00934	0.00938
9	0.00998	0.00836	0.00869	0.00874	0.01136	0.00706	0.00650	0.01219	0.01911	0.02319	0.12482	0.11271	0.57683	0.02101	0.00986	0.00282	0.00422	0.01768	0.00782	0.00706
10	0.02267	0.67832	0.04250	0.01459	0.02155	0.06596	0.01431	0.02530	0.01722	0.01959	0.01162	0.01341	0.01066	0.00718	0.00544	0.00180	0.00920	0.00449	0.00359	0.01061
11	0.01156	0.00848	0.01083	0.01024	0.01229	0.00775	0.00768	0.01529	0.02305	0.03221	0.59397	0.06388	0.13695	0.01740	0.00980	0.00263	0.00395	0.01528	0.00900	0.00775
12	0.10743	0.52350	0.03690	0.01478	0.02145	0.06947	0.01390	0.08686	0.01924	0.02493	0.01249	0.01412	0.01083	0.00756	0.00574	0.00196	0.00900	0.00481	0.00426	0.01076
13	0.01548	0.08293	0.01921	0.05535	0.01953	0.01501	0.03699	0.06321	0.01648	0.02311	0.02186	0.07367	0.02065	0.07599	0.31991	0.00788	0.05220	0.00927	0.06282	0.00845
14	0.29580	0.04533	0.11579	0.16106	0.02979	0.01778	0.06768	0.02238	0.01577	0.02806	0.01665	0.08427	0.01475	0.01048	0.00835	0.03541	0.00891	0.00779	0.00463	0.00933
15	0.16446	0.27558	0.02762	0.01451	0.02045	0.02388	0.01285	0.11840	0.02000	0.06421	0.01733	0.01876	0.03818	0.00888	0.00787	0.00221	0.05998	0.00595	0.00529	0.09357
16	0.02051	0.06537	0.16598	0.04237	0.03074	0.08854	0.15379	0.04356	0.01793	0.04732	0.01490	0.01945	0.01199	0.01178	0.03868	0.00325	0.20163	0.00734	0.00421	0.01065

[dist]
# distance from previous block
# <min> <max>
0	5

[block]
# block no. 1 follows, 22 sequences, length 43
# corresponding to MSA columns:
# 42-84
name=unknown_B
#
# <colnr> <probs for GDERKNQSTAVLIFYWHMCP>
#	G	D	E	R	K	N	Q	S	T	A	V	L	I	F	Y	W	H	M	C	P
0	0.11749	0.29959	0.02822	0.05858	0.02215	0.10061	0.01364	0.04393	0.01796	0.02414	0.05061	0.09456	0.01924	0.01080	0.00850	0.00239	0.06536	0.00780	0.00479	0.00963
1	0.11112	0.01778	0.02779	0.14064	0.03290	0.01883	0.18652	0.08637	0.05297	0.02923	0.01864	0.07331	0.01586	0.00977	0.00962	0.00266	0.05785	0.00880	0.00519	0.09414
2	0.11011	0.03988	0.01478	0.05496	0.01804	0.01339	0.01040	0.05897	0.10696	0.02896	0.12834	0.30736	0.04142	0.01732	0.00898	0.00292	0.00596	0.01503	0.00733	0.00889
3	0.02287	0.27559	0.12984	0.01907	0.02522	0.16161	0.04121	0.06453	0.01934	0.02364	0.01361	0.01647	0.01141	0.00883	0.00956	0.00233	0.10428	0.00581	0.03417	0.01060
4	0.01481	0.01094	0.04718	0.01163	0.01463	0.00886	0.00949	0.01870	0.02248	0.10564	0.47284	0.09678	0.10052	0.01651	0.00958	0.00267	0.00482	0.01444	0.00880	0.00870
5	0.06444	0.01513	0.02459	0.30002	0.20339	0.01699	0.04465	0.02162	0.01669	0.02425	0.01678	0.02340	0.01372	0.01701	0.11871	0.00439	0.01204	0.00758	0.04463	0.00996
6	0.02335	0.02617	0.02489	0.05453	0.04968	0.29254	0.09517	0.06148	0.02129	0.02433	0.02079	0.06446	0.05583	0.01031	0.00916	0.00238	0.04837	0.00822	0.00495	0.10211
7	0.04798	0.13747	0.02703	0.09042	0.02567	0.11385	0.01684	0.06062	0.01714	0.02279	0.01368	0.04476	0.01275	0.01174	0.01619	0.00291	0.31716	0.00711	0.00423	0.00966
8	0.01401	0.01086	0.01420	0.01301	0.01504	0.01087	0.03254	0.05294	0.01605	0.02230	0.02845	0.23334	0.03140	0.23707	0.08938	0.00551	0.04562	0.01356	0.00585	0.10800
9	0.01060	0.00769	0.01000	0.01103	0.01210	0.00709	0.00766	0.01283	0.01840	0.02494	0.23113	0.46902	0.10075	0.02298	0.01031	0.00311	0.00451	0.02063	0.00814	0.00709
10	0.02025	0.01970	0.03447	0.08119	0.57917	0.01977	0.07192	0.02537	0.01886	0.02681	0.01568	0.02078	0.01301	0.00742	0.00835	0.00251	0.01025	0.00759	0.00410	0.01281
11	0.01700	0.01738	0.03282	0.36594	0.04713	0.01930	0.23871	0.02256	0.01735	0.02307	0.01684	0.05781	0.01392	0.00925	0.01043	0.00288	0.06464	0.00910	0.00408	0.00980
12	0.52304	0.01347	0.01211	0.01105	0.01479	0.01513	0.00862	0.02122	0.01359	0.05656	0.01326	0.01744	0.01102	0.01382	0.01303	0.21714	0.00668	0.00543	0.00492	0.00768
13	0.01049	0.00844	0.00934	0.00912	0.01163	0.00730	0.00684	0.01322	0.02052	0.02620	0.28033	0.07377	0.45433	0.01964	0.00981	0.00274	0.00411	0.01667	0.00821	0.00730
14	0.01012	0.00723	0.00964	0.01157	0.01205	0.00675	0.00771	0.01157	0.01591	0.02121	0.04579	0.70262	0.05495	0.02603	0.01060	0.00337	0.00482	0.02362	0.00771	0.00675
15	0.01704	0.01673	0.02747	0.29600	0.11543	0.03830	0.10240	0.02164	0.01641	0.02216	0.01570	0.02285	0.01304	0.01751	0.11696	0.00452	0.11435	0.00788	0.00394	0.00968
16	0.01039	0.00835	0.00928	0.00924	0.01162	0.00723	0.00686	0.01296	0.02001	0.02544	0.24290	0.12311	0.44287	0.02027	0.00987	0.00279	0.00417	0.01729	0.00812	0.00723
17	0.01012	0.00723	0.00964	0.01157	0.01205	0.00675	0.00771	0.01157	0.01591	0.02121	0.04579	0.70262	0.05495	0.02603	0.01060	0.00337	0.00482	0.02362	0.00771	0.00675
18	0.01010	0.00732	0.00954	0.01132	0.01199	0.00677	0.00760	0.01159	0.01614	0.02130	0.04876	0.65436	0.10128	0.02564	0.01054	0.00333	0.00477	0.02315	0.00771	0.00677
19	0.01944	0.01686	0.02207	0.01898	0.02077	0.02151	0.01554	0.15245	0.01881	0.02704	0.01701	0.05755	0.01592	0.02373	0.15222	0.00532	0.37152	0.00851	0.00504	0.00974
20	0.01161	0.00813	0.01009	0.04571	0.01261	0.00816	0.00689	0.01239	0.01362	0.01811	0.03222	0.27233	0.03758	0.44005	0.02976	0.00619	0.00712	0.01574	0.00587	0.00584
21	0.73675	0.01636	0.01273	0.01126	0.01646	0.01893	0.00927	0.04905	0.01515	0.03789	0.01191	0.01376	0.00921	0.00780	0.00527	0.00257	0.00654	0.00462	0.00527	0.00921
22	0.01879	0.01468	0.01662	0.01487	0.01778	0.05694	0.01178	0.16643	0.02085	0.02923	0.02122	0.02738	0.01806	0.03550	0.33280	0.00772	0.05203	0.00806	0.11992	0.00933
23	0.01937	0.01853	0.03158	0.20619	0.51030	0.01943	0.02490	0.02446	0.01835	0.02570	0.01542	0.02095	0.01265	0.00762	0.00824	0.00254	0.01016	0.00740	0.00401	0.01220
24	0.01179	0.00863	0.01230	0.01242	0.01356	0.00971	0.00920	0.01410	0.01328	0.01881	0.02452	0.08015	0.02477	0.18236	0.51212	0.01170	0.01843	0.01046	0.00477	0.00692
25	0.76672	0.01607	0.01221	0.01092	0.01607	0.01864	0.00900	0.02442	0.01414	0.03727	0.01157	0.01350	0.00900	0.00771	0.00514	0.00257	0.00643	0.00450	0.00514	0.00900
26	0.01162	0.00795	0.00911	0.00942	0.00968	0.00778	0.00554	0.01199	0.01313	0.01733	0.03301	0.15946	0.07390	0.55534	0.03515	0.00697	0.00729	0.01427	0.00563	0.00543
27	0.01799	0.20298	0.51659	0.02142	0.03246	0.02254	0.02676	0.02597	0.01738	0.02469	0.01411	0.01653	0.01056	0.00771	0.00728	0.00243	0.01147	0.00573	0.00352	0.01189
28	0.02122	0.02098	0.03308	0.04914	0.61680	0.06069	0.02490	0.02598	0.01921	0.02671	0.01545	0.02021	0.01301	0.00747	0.00818	0.00245	0.01019	0.00727	0.00412	0.01294
29	0.01165	0.00841	0.01101	0.01052	0.01239	0.00777	0.00783	0.01541	0.02302	0.03253	0.61258	0.10355	0.07687	0.01757	0.00985	0.00266	0.00398	0.01558	0.00905	0.00777
30	0.01569	0.01477	0.02492	0.68808	0.05722	0.01846	0.02307	0.02123	0.01661	0.02123	0.01477	0.02215	0.01107	0.00831	0.00831	0.00277	0.01107	0.00738	0.00369	0.00923
31	0.01443	0.00722	0.01082	0.01082	0.01082	0.00722	0.00722	0.01082	0.01082	0.01443	0.01443	0.02525	0.01443	0.02886	0.03247	0.75830	0.00722	0.00722	0.00361	0.00361
32	0.76672	0.01607	0.01221	0.01092	0.01607	0.01864	0.00900	0.02442	0.01414	0.03727	0.01157	0.01350	0.00900	0.00771	0.00514	0.00257	0.00643	0.00450	0.00514	0.00900
33	0.01187	0.00890	0.01335	0.01335	0.01483	0.01038	0.01038	0.01483	0.01335	0.01928	0.02225	0.03264	0.02077	0.06231	0.67512	0.01335	0.02225	0.00890	0.00445	0.00742
34	0.01991	0.01898	0.03180	0.13462	0.54469	0.01961	0.02456	0.02584	0.04932	0.02672	0.01641	0.02129	0.01348	0.00771	0.00825	0.00252	0.00987	0.00750	0.00427	0.01263
35	0.01208	0.00805	0.00906	0.00906	0.00906	0.00805	0.00503	0.01208	0.01208	0.01611	0.02618	0.05436	0.03020	0.70804	0.04228	0.00805	0.00805	0.01208	0.00503	0.00503
36	0.01296	0.00859	0.00975	0.00956	0.01001	0.00876	0.00577	0.03339	0.01344	0.01856	0.02580	0.05028	0.02848	0.59719	0.07613	0.00775	0.00864	0.01143	0.05785	0.00567
37	0.01937	0.08328	0.05528	0.05445	0.03376	0.05765	0.30974	0.02422	0.01732	0.02333	0.01490	0.02067	0.01231	0.01254	0.05589	0.00354	0.17928	0.00821	0.00399	0.01026
38	0.03014	0.02167	0.02353	0.01828	0.02454	0.02378	0.01501	0.53425	0.06715	0.08044	0.05876	0.02340	0.01881	0.01047	0.00841	0.00252	0.00860	0.00806	0.00846	0.01371
39	0.01833	0.01654	0.02782	0.33506	0.19020	0.01852	0.07617	0.04466	0.01824	0.04908	0.01822	0.07446	0.01558	0.00985	0.00973	0.00278	0.05079	0.00890	0.00457	0.01051
40	0.12563	0.01695	0.01756	0.03557	0.02110	0.05173	0.01225	0.03643	0.31380	0.16350	0.07014	0.03068	0.04704	0.01106	0.00806	0.00268	0.00698	0.00889	0.00803	0.01192
41	0.44970	0.01409	0.01364	0.05506	0.01854	0.01529	0.00995	0.02326	0.01728	0.08128	0.15448	0.02608	0.02548	0.00988	0.00668	0.00251	0.00621	0.00732	0.00630	0.05700
42	0.04260	0.01605	0.02695	0.49744	0.15304	0.01853	0.05508	0.02232	0.01709	0.02328	0.01491	0.02141	0.01148	0.00798	0.00818	0.00265	0.01068	0.00732	0.00389	0.03911

[dist]
# distance from previous block
# <min> <max>
1	4

[block]
# block no. 2 follows, 22 sequences, length 30
# corresponding to MSA columns:
# 89-118
name=unknown_C
#
# <colnr> <probs for GDERKNQSTAVLIFYWHMCP>
#	G	D	E	R	K	N	Q	S	T	A	V	L	I	F	Y	W	H	M	C	P
0	0.01198	0.00977	0.01097	0.01208	0.01326	0.04579	0.00838	0.01479	0.04538	0.02332	0.12035	0.52442	0.08215	0.02301	0.01019	0.00316	0.00534	0.02058	0.00773	0.00735
1	0.01059	0.00840	0.00958	0.00985	0.01213	0.00739	0.00746	0.01315	0.01954	0.02476	0.19277	0.15033	0.40774	0.02097	0.01006	0.00293	0.00454	0.07259	0.00800	0.00721
2	0.02812	0.02090	0.02255	0.01800	0.02409	0.02305	0.01462	0.40444	0.21554	0.07675	0.02450	0.02353	0.01771	0.01023	0.00828	0.00255	0.00817	0.00800	0.00833	0.04065
3	0.01595	0.01503	0.02539	0.65358	0.08965	0.01853	0.02320	0.02146	0.01674	0.02155	0.01481	0.02206	0.01119	0.00826	0.00830	0.00275	0.01101	0.00738	0.00371	0.00944
4	0.49177	0.01504	0.01384	0.01193	0.01680	0.01648	0.00970	0.06795	0.01875	0.11865	0.12360	0.02411	0.02264	0.00978	0.00657	0.00257	0.00628	0.00700	0.00671	0.00983
5	0.02899	0.02198	0.02347	0.01859	0.02477	0.02455	0.01516	0.48980	0.18200	0.04818	0.02324	0.02257	0.01679	0.01028	0.00834	0.00257	0.00853	0.00793	0.00834	0.01390
6	0.02221	0.71304	0.04353	0.01421	0.02132	0.03287	0.01421	0.02488	0.01688	0.01955	0.01155	0.01333	0.01066	0.00711	0.00533	0.00178	0.00888	0.00444	0.00355	0.01066
7	0.01192	0.00798	0.00911	0.00927	0.00931	0.00794	0.00526	0.01204	0.01240	0.01654	0.02783	0.10891	0.03228	0.65065	0.03962	0.00766	0.00778	0.01305	0.00526	0.00518
8	0.01935	0.01850	0.03152	0.20985	0.50685	0.01942	0.02489	0.02443	0.01834	0.02567	0.01541	0.02096	0.01264	0.00763	0.00824	0.00254	0.01017	0.00740	0.00401	0.01218
9	0.01666	0.04297	0.66500	0.02368	0.03596	0.01929	0.03069	0.02631	0.01754	0.02631	0.01491	0.01754	0.01052	0.00789	0.00789	0.00263	0.01228	0.00614	0.00351	0.01228
10	0.01010	0.00733	0.00954	0.01130	0.01198	0.00677	0.00759	0.01160	0.01616	0.02131	0.04902	0.65023	0.10526	0.02561	0.01054	0.00333	0.00477	0.02310	0.00771	0.00677
11	0.01733	0.01683	0.02977	0.41393	0.09257	0.01890	0.15652	0.02460	0.07004	0.02436	0.01735	0.02317	0.01316	0.00825	0.00855	0.00273	0.01099	0.00811	0.03263	0.01023
12	0.01796	0.15930	0.21223	0.04188	0.02777	0.02288	0.07034	0.02292	0.01661	0.02355	0.07312	0.02166	0.01725	0.01061	0.01380	0.00280	0.22347	0.00734	0.00415	0.01037
13	0.02056	0.01974	0.03372	0.05099	0.65622	0.01974	0.02550	0.02550	0.01892	0.02714	0.01563	0.02056	0.01316	0.00740	0.00822	0.00247	0.00987	0.00740	0.00411	0.01316
14	0.02687	0.01712	0.01951	0.01627	0.02165	0.01828	0.01301	0.13951	0.32218	0.22245	0.06720	0.03015	0.02515	0.01109	0.00848	0.00268	0.00700	0.00909	0.00901	0.01330
15	0.01208	0.00805	0.00906	0.00906	0.00906	0.00805	0.00503	0.01208	0.01208	0.01611	0.02618	0.05436	0.03020	0.70804	0.04228	0.00805	0.00805	0.01208	0.00503	0.00503
16	0.09075	0.09285	0.42226	0.02076	0.03080	0.02168	0.02426	0.14737	0.02150	0.03202	0.01533	0.01729	0.01112	0.00823	0.00750	0.00253	0.01081	0.00611	0.00463	0.01221
17	0.02098	0.56394	0.18182	0.01632	0.02458	0.02985	0.01788	0.02519	0.01703	0.02105	0.01230	0.01426	0.01063	0.00728	0.00590	0.00197	0.00964	0.00482	0.00354	0.01102
18	0.01208	0.00805	0.00906	0.00906	0.00906	0.00805	0.00503	0.01208	0.01208	0.01611	0.02618	0.05436	0.03020	0.70804	0.04228	0.00805	0.00805	0.01208	0.00503	0.00503
19	0.01741	0.04199	0.63296	0.02345	0.03545	0.01962	0.02995	0.05645	0.01862	0.02761	0.01516	0.01766	0.01070	0.00800	0.00791	0.00262	0.01212	0.00621	0.00375	0.01237
20	0.05197	0.02232	0.18899	0.02065	0.02738	0.01596	0.16866	0.07263	0.02115	0.03025	0.17576	0.07081	0.07337	0.01190	0.00901	0.00271	0.00920	0.01095	0.00603	0.01028
21	0.01666	0.04297	0.66500	0.02368	0.03596	0.01929	0.03069	0.02631	0.01754	0.02631	0.01491	0.01754	0.01052	0.00789	0.00789	0.00263	0.01228	0.00614	0.00351	0.01228
22	0.01149	0.00784	0.00935	0.00987	0.01012	0.00766	0.00597	0.01214	0.01385	0.01858	0.06773	0.24342	0.04016	0.47000	0.03120	0.00638	0.00688	0.01561	0.00605	0.00569
23	0.01935	0.12185	0.26709	0.02063	0.02847	0.02081	0.08715	0.11816	0.02175	0.03028	0.12044	0.02527	0.02257	0.00990	0.00926	0.00257	0.04980	0.00805	0.00528	0.01131
24	0.02734	0.01903	0.05231	0.06858	0.08459	0.05494	0.01603	0.13657	0.05173	0.25060	0.06061	0.04775	0.02103	0.01085	0.00977	0.00266	0.05714	0.00862	0.00751	0.01233
25	0.01868	0.01714	0.02868	0.13496	0.46396	0.01781	0.02231	0.02344	0.01796	0.02584	0.01696	0.02267	0.01417	0.01286	0.07085	0.00350	0.01077	0.00756	0.05821	0.01167
26	0.08470	0.00922	0.01046	0.01029	0.01150	0.00921	0.00676	0.01565	0.01468	0.06691	0.07297	0.13782	0.03485	0.42832	0.02875	0.00599	0.00709	0.03211	0.00616	0.00658
27	0.07629	0.37603	0.08256	0.01525	0.02202	0.02497	0.01468	0.02789	0.05397	0.12009	0.01653	0.01751	0.01302	0.00827	0.00741	0.00214	0.04540	0.00565	0.00507	0.06525
28	0.22930	0.01883	0.08045	0.01440	0.01908	0.07714	0.01238	0.02671	0.12327	0.06987	0.13966	0.07857	0.02936	0.01234	0.00855	0.02695	0.00732	0.00928	0.00666	0.00985
29	0.02059	0.11980	0.06899	0.13660	0.32048	0.02248	0.02225	0.07851	0.01942	0.02669	0.01481	0.01931	0.01220	0.00843	0.00960	0.00254	0.07429	0.00690	0.00426	0.01185

[dist]
# distance from previous block
# <min> <max>
10	15

[block]
# block no. 3 follows, 22 sequences, length 40
# corresponding to MSA columns:
# 134-173
name=unknown_D
#
# <colnr> <probs for GDERKNQSTAVLIFYWHMCP>
#	G	D	E	R	K	N	Q	S	T	A	V	L	I	F	Y	W	H	M	C	P
0	0.02673	0.02351	0.02364	0.01932	0.02444	0.13825	0.04920	0.31807	0.10222	0.03840	0.02129	0.05582	0.01703	0.01079	0.00941	0.00257	0.05161	0.00828	0.04738	0.01202
1	0.01826	0.01706	0.02740	0.06057	0.17810	0.01578	0.12775	0.02242	0.01744	0.02560	0.01515	0.01977	0.01257	0.00850	0.01002	0.04848	0.04034	0.00679	0.00439	0.32364
2	0.03153	0.01671	0.01989	0.01554	0.02136	0.01673	0.01273	0.26230	0.02904	0.33225	0.06617	0.02745	0.02179	0.01053	0.00820	0.00249	0.00738	0.00838	0.07637	0.01316
3	0.07095	0.01572	0.04426	0.05759	0.02290	0.03952	0.04734	0.06058	0.02246	0.27595	0.15108	0.03566	0.03072	0.01163	0.00852	0.00262	0.00756	0.04118	0.04255	0.01119
4	0.02715	0.01799	0.01961	0.01569	0.02088	0.01935	0.01272	0.40191	0.03143	0.09890	0.02417	0.06179	0.01865	0.01084	0.00787	0.00242	0.00750	0.00853	0.18037	0.01224
5	0.01174	0.00858	0.01108	0.01072	0.01275	0.00793	0.00822	0.01549	0.02271	0.03157	0.54560	0.06656	0.12616	0.01789	0.00996	0.00274	0.00429	0.06940	0.00888	0.00775
6	0.01925	0.02135	0.04314	0.03172	0.03803	0.02212	0.47436	0.02496	0.01789	0.02496	0.01533	0.02135	0.01218	0.00888	0.01416	0.00301	0.18340	0.00917	0.00406	0.01068
7	0.02933	0.03611	0.02335	0.02201	0.04997	0.56778	0.01606	0.03423	0.10001	0.02239	0.01555	0.01719	0.01262	0.00885	0.00764	0.00224	0.01374	0.00593	0.00479	0.01021
8	0.03397	0.01444	0.01892	0.01485	0.02085	0.01317	0.01215	0.05975	0.08028	0.54444	0.07124	0.03035	0.02440	0.01078	0.00845	0.00259	0.00690	0.00884	0.00998	0.01365
9	0.01122	0.00830	0.01060	0.01191	0.01292	0.00808	0.00820	0.01487	0.07134	0.02373	0.11174	0.57316	0.05495	0.02374	0.01033	0.00324	0.00487	0.02142	0.00793	0.00743
10	0.01992	0.01908	0.03255	0.13532	0.57693	0.01957	0.02517	0.02493	0.01861	0.02636	0.01551	0.02077	0.01288	0.00752	0.00824	0.00251	0.01003	0.00740	0.00406	0.01264
11	0.01666	0.04297	0.66500	0.02368	0.03596	0.01929	0.03069	0.02631	0.01754	0.02631	0.01491	0.01754	0.01052	0.00789	0.00789	0.00263	0.01228	0.00614	0.00351	0.01228
12	0.02125	0.01517	0.01665	0.01471	0.01931	0.01626	0.01152	0.03660	0.39959	0.14213	0.04442	0.04101	0.15896	0.01319	0.00873	0.00277	0.00615	0.01095	0.00862	0.01201
13	0.01012	0.00723	0.00964	0.01157	0.01205	0.00675	0.00771	0.01157	0.01591	0.02121	0.04579	0.70262	0.05495	0.02603	0.01060	0.00337	0.00482	0.02362	0.00771	0.00675
14	0.01012	0.00723	0.00964	0.01157	0.01205	0.00675	0.00771	0.01157	0.01591	0.02121	0.04579	0.70262	0.05495	0.02603	0.01060	0.00337	0.00482	0.02362	0.00771	0.00675
15	0.02221	0.71304	0.04353	0.01421	0.02132	0.03287	0.01421	0.02488	0.01688	0.01955	0.01155	0.01333	0.01066	0.00711	0.00533	0.00178	0.00888	0.00444	0.00355	0.01066
16	0.01187	0.00813	0.00923	0.00923	0.00955	0.00809	0.00543	0.01221	0.01275	0.01683	0.03103	0.05545	0.08407	0.61391	0.07292	0.00788	0.00847	0.01239	0.00524	0.00533
17	0.01961	0.02241	0.04902	0.03501	0.04342	0.02101	0.62605	0.02661	0.01961	0.02661	0.01681	0.02241	0.01261	0.00700	0.00980	0.00280	0.01401	0.00980	0.00420	0.01120
18	0.01443	0.00722	0.01082	0.01082	0.01082	0.00722	0.00722	0.01082	0.01082	0.01443	0.01443	0.02525	0.01443	0.02886	0.03247	0.75830	0.00722	0.00722	0.00361	0.00361
19	0.02221	0.71304	0.04353	0.01421	0.02132	0.03287	0.01421	0.02488	0.01688	0.01955	0.01155	0.01333	0.01066	0.00711	0.00533	0.00178	0.00888	0.00444	0.00355	0.01066
20	0.01569	0.01477	0.02492	0.68808	0.05722	0.01846	0.02307	0.02123	0.01661	0.02123	0.01477	0.02215	0.01107	0.00831	0.00831	0.00277	0.01107	0.00738	0.00369	0.00923
21	0.01723	0.01477	0.01723	0.01230	0.01969	0.01107	0.00984	0.02092	0.01723	0.02707	0.01477	0.01723	0.01230	0.00615	0.00615	0.00123	0.00615	0.00492	0.00492	0.75883
22	0.02221	0.71304	0.04353	0.01421	0.02132	0.03287	0.01421	0.02488	0.01688	0.01955	0.01155	0.01333	0.01066	0.00711	0.00533	0.00178	0.00888	0.00444	0.00355	0.01066
23	0.00984	0.00832	0.00852	0.00868	0.01129	0.00699	0.00643	0.01189	0.01868	0.02234	0.08094	0.13222	0.60266	0.02146	0.00988	0.00285	0.00426	0.01804	0.00771	0.00699
24	0.02066	0.01785	0.01878	0.01691	0.02160	0.02066	0.01315	0.04414	0.64121	0.03475	0.03381	0.03099	0.02536	0.01127	0.00845	0.00282	0.00657	0.00939	0.00845	0.01315
25	0.03158	0.02327	0.02493	0.01911	0.02576	0.02576	0.01579	0.62852	0.03906	0.05236	0.01995	0.01995	0.01413	0.00997	0.00831	0.00249	0.00914	0.00748	0.00831	0.01413
26	0.01723	0.01477	0.01723	0.01230	0.01969	0.01107	0.00984	0.02092	0.01723	0.02707	0.01477	0.01723	0.01230	0.00615	0.00615	0.00123	0.00615	0.00492	0.00492	0.75883
27	0.02143	0.01768	0.01881	0.01681	0.02158	0.02027	0.01311	0.04398	0.61285	0.06356	0.03376	0.03087	0.02514	0.01123	0.00845	0.00281	0.00660	0.00934	0.00854	0.01319
28	0.02056	0.01974	0.03372	0.05099	0.65622	0.01974	0.02550	0.02550	0.01892	0.02714	0.01563	0.02056	0.01316	0.00740	0.00822	0.00247	0.00987	0.00740	0.00411	0.01316
29	0.01058	0.00779	0.01006	0.01136	0.01245	0.00706	0.00775	0.01231	0.01652	0.02217	0.07440	0.59530	0.09111	0.02417	0.01027	0.00318	0.00482	0.02178	0.00762	0.04931
30	0.02845	0.01923	0.02146	0.01723	0.02291	0.02089	0.01394	0.34763	0.16328	0.14958	0.02546	0.02565	0.01857	0.03800	0.04560	0.00336	0.00891	0.00828	0.00835	0.01323
31	0.01026	0.00734	0.00977	0.01147	0.01208	0.00684	0.00772	0.01193	0.01657	0.02226	0.09870	0.64669	0.05699	0.02524	0.01053	0.00331	0.00474	0.02287	0.00784	0.00684
32	0.01569	0.01477	0.02492	0.68808	0.05722	0.01846	0.02307	0.02123	0.01661	0.02123	0.01477	0.02215	0.01107	0.00831	0.00831	0.00277	0.01107	0.00738	0.00369	0.00923
33	0.01858	0.01647	0.01789	0.01309	0.02027	0.04757	0.01043	0.04734	0.01849	0.02778	0.01488	0.01722	0.01230	0.00644	0.00632	0.00133	0.00676	0.00505	0.00503	0.68676
34	0.01611	0.01520	0.02569	0.63245	0.10952	0.01857	0.02328	0.02160	0.01681	0.02174	0.01484	0.02201	0.01126	0.00823	0.00830	0.00274	0.01097	0.00738	0.00373	0.00957
35	0.01847	0.01796	0.02814	0.30650	0.34058	0.05183	0.02293	0.02329	0.01803	0.02402	0.01699	0.06279	0.01475	0.00897	0.00837	0.00263	0.01031	0.00828	0.00417	0.01098
36	0.09256	0.01886	0.02183	0.06068	0.06358	0.02011	0.01474	0.29469	0.08486	0.12829	0.02227	0.04733	0.01676	0.00999	0.00797	0.00249	0.00815	0.00792	0.00749	0.06943
37	0.13503	0.01700	0.01988	0.11038	0.02589	0.01904	0.04200	0.20304	0.13448	0.03668	0.02280	0.06557	0.01832	0.01046	0.00775	0.00260	0.00783	0.00851	0.10166	0.01108
38	0.01850	0.01485	0.02370	0.55316	0.04975	0.01778	0.02086	0.05967	0.01833	0.07923	0.01665	0.02271	0.01227	0.00963	0.00954	0.04128	0.01041	0.00747	0.00455	0.00967
39	0.12650	0.01458	0.01670	0.01367	0.01849	0.01472	0.01090	0.13544	0.05524	0.26615	0.10303	0.03157	0.02613	0.07165	0.01090	0.00301	0.00683	0.00885	0.05422	0.01143

[dist]
# distance from previous block
# <min> <max>
3	9

[block]
# block no. 4 follows, 22 sequences, length 34
# corresponding to MSA columns:
# 183-216
name=unknown_E
#
# <colnr> <probs for GDERKNQSTAVLIFYWHMCP>
#	G	D	E	R	K	N	Q	S	T	A	V	L	I	F	Y	W	H	M	C	P
0	0.02307	0.01649	0.01874	0.01538	0.02040	0.01667	0.01212	0.29874	0.02730	0.07712	0.02711	0.21423	0.02580	0.01382	0.00855	0.00251	0.00720	0.01163	0.00761	0.15551
1	0.02234	0.02060	0.07739	0.02444	0.03087	0.04234	0.26715	0.02727	0.01914	0.15343	0.02095	0.07112	0.01681	0.01002	0.01119	0.00273	0.09461	0.00937	0.00563	0.07260
2	0.01886	0.30781	0.41937	0.01994	0.03017	0.02466	0.02418	0.02574	0.01728	0.02364	0.01358	0.01587	0.01058	0.00758	0.00688	0.00229	0.01094	0.00547	0.00353	0.01164
3	0.02118	0.51411	0.07588	0.01474	0.02129	0.02792	0.01449	0.07078	0.01842	0.02309	0.01510	0.04248	0.01374	0.01171	0.04825	0.00269	0.00958	0.00595	0.03807	0.01055
4	0.01982	0.47731	0.21335	0.01665	0.02472	0.02726	0.01832	0.02433	0.01699	0.02154	0.01491	0.06337	0.01376	0.00867	0.00641	0.00213	0.00954	0.00627	0.00384	0.01083
5	0.01446	0.01024	0.01230	0.01227	0.01458	0.01005	0.00911	0.07934	0.04958	0.05808	0.09075	0.34058	0.17081	0.02247	0.03538	0.00345	0.00607	0.04417	0.00791	0.00838
6	0.02703	0.01947	0.02122	0.01680	0.02238	0.02089	0.01356	0.45621	0.03294	0.07056	0.02717	0.07989	0.06362	0.04654	0.01020	0.00281	0.00819	0.00962	0.00800	0.04288
7	0.07251	0.02302	0.01936	0.01651	0.02110	0.20206	0.01294	0.22856	0.04773	0.06116	0.06597	0.04847	0.02062	0.01055	0.00773	0.00238	0.00917	0.00797	0.11130	0.01090
8	0.05344	0.02265	0.02714	0.09658	0.06921	0.14957	0.12540	0.16439	0.02381	0.03072	0.04704	0.07768	0.01869	0.01060	0.00950	0.00265	0.04554	0.00900	0.00563	0.01076
9	0.48171	0.04851	0.03744	0.01269	0.01813	0.01871	0.01088	0.10609	0.01905	0.08191	0.04768	0.01888	0.01478	0.00875	0.00617	0.00250	0.00689	0.00592	0.04320	0.01011
10	0.01944	0.01982	0.03093	0.30301	0.29101	0.07850	0.08950	0.02459	0.01848	0.02409	0.01516	0.02090	0.01204	0.00783	0.00836	0.00260	0.01127	0.00747	0.00397	0.01104
11	0.03103	0.03959	0.02354	0.02140	0.02568	0.67469	0.01605	0.03317	0.02354	0.02033	0.01284	0.01498	0.01070	0.00856	0.00749	0.00214	0.01498	0.00535	0.00428	0.00963
12	0.01468	0.00908	0.01177	0.01118	0.01343	0.00834	0.00842	0.01785	0.02131	0.10530	0.39135	0.12514	0.09896	0.07118	0.01233	0.00320	0.00498	0.05466	0.00863	0.00821
13	0.01115	0.00801	0.01059	0.01112	0.01246	0.00746	0.00802	0.01404	0.02018	0.02794	0.37501	0.32899	0.06738	0.02098	0.01020	0.00298	0.00445	0.04317	0.00849	0.00738
14	0.01196	0.00800	0.00910	0.00922	0.00925	0.00797	0.00520	0.01205	0.01232	0.01643	0.02741	0.09531	0.03177	0.66497	0.04028	0.00776	0.00785	0.01281	0.00520	0.00514
15	0.01086	0.00818	0.01004	0.01016	0.01201	0.00736	0.00740	0.01371	0.02052	0.02757	0.35818	0.21537	0.22795	0.02017	0.00999	0.00284	0.00421	0.01769	0.00843	0.00736
16	0.01350	0.00877	0.01138	0.01082	0.01300	0.00799	0.00807	0.01687	0.02212	0.08288	0.47299	0.15207	0.11171	0.01801	0.00980	0.00273	0.00433	0.01588	0.00893	0.00814
17	0.03132	0.02229	0.02416	0.01867	0.02519	0.02449	0.01538	0.55130	0.07458	0.09451	0.02170	0.02121	0.01527	0.01007	0.00832	0.00252	0.00884	0.00766	0.00846	0.01407
18	0.02178	0.13623	0.14741	0.12996	0.05340	0.04757	0.10139	0.05345	0.07693	0.09577	0.01844	0.02076	0.01370	0.00831	0.00784	0.00246	0.01032	0.00712	0.00514	0.04202
19	0.01549	0.00774	0.00774	0.00774	0.00968	0.00774	0.00581	0.01936	0.01742	0.03097	0.02710	0.03097	0.02129	0.00968	0.00581	0.00194	0.00387	0.00774	0.75416	0.00774
20	0.01723	0.01477	0.01723	0.01230	0.01969	0.01107	0.00984	0.02092	0.01723	0.02707	0.01477	0.01723	0.01230	0.00615	0.00615	0.00123	0.00615	0.00492	0.00492	0.75883
21	0.01603	0.01488	0.02365	0.32808	0.03782	0.01834	0.06135	0.02091	0.04052	0.02224	0.01869	0.08750	0.01687	0.01412	0.04462	0.00350	0.17097	0.00925	0.04159	0.00909
22	0.03158	0.02327	0.02493	0.01911	0.02576	0.02576	0.01579	0.62852	0.03906	0.05236	0.01995	0.01995	0.01413	0.00997	0.00831	0.00249	0.00914	0.00748	0.00831	0.01413
23	0.01664	0.01726	0.07187	0.46506	0.17184	0.01798	0.02298	0.02171	0.01673	0.02229	0.01492	0.02172	0.01169	0.00955	0.00997	0.05627	0.01065	0.00728	0.00376	0.00983
24	0.07242	0.01523	0.01886	0.05151	0.07197	0.01558	0.01317	0.05921	0.17914	0.26967	0.03175	0.03024	0.05971	0.01067	0.00807	0.00260	0.00700	0.00875	0.06212	0.01233
25	0.01933	0.17568	0.19816	0.02670	0.03512	0.02349	0.29942	0.02564	0.01797	0.02449	0.01474	0.01892	0.01154	0.00784	0.00975	0.00260	0.06604	0.00755	0.00385	0.01119
26	0.01058	0.00754	0.01000	0.01157	0.01228	0.00709	0.00796	0.01238	0.01678	0.02255	0.11133	0.56966	0.05610	0.05192	0.01183	0.00350	0.00502	0.05728	0.00776	0.00685
27	0.07648	0.06014	0.15829	0.01503	0.01967	0.01367	0.01453	0.04890	0.01900	0.02760	0.14625	0.17237	0.03798	0.01654	0.01021	0.04137	0.00743	0.09919	0.00640	0.00894
28	0.07534	0.35452	0.25304	0.01772	0.02626	0.06667	0.01954	0.02664	0.01767	0.05510	0.01384	0.01564	0.01099	0.00767	0.00649	0.00219	0.01017	0.00528	0.00403	0.01121
29	0.01193	0.00866	0.01213	0.01213	0.01320	0.00972	0.00887	0.01405	0.01299	0.01838	0.02337	0.03880	0.02345	0.24563	0.49546	0.01185	0.01822	0.00980	0.00462	0.00674
30	0.01075	0.00998	0.05705	0.01221	0.01378	0.00777	0.00933	0.01306	0.01691	0.02286	0.10689	0.56489	0.07606	0.02361	0.01030	0.00322	0.00524	0.02125	0.00755	0.00727
31	0.02534	0.01918	0.02271	0.04549	0.02457	0.02087	0.04300	0.33881	0.09223	0.06568	0.02149	0.02562	0.01705	0.09639	0.01342	0.00321	0.04357	0.00819	0.00713	0.06605
32	0.01571	0.06140	0.01583	0.05457	0.01798	0.01219	0.01049	0.08057	0.02042	0.05197	0.14654	0.30024	0.04349	0.01763	0.00919	0.00279	0.00605	0.04169	0.03704	0.05424
33	0.10187	0.01897	0.04438	0.24643	0.14925	0.04377	0.01903	0.10609	0.06466	0.05614	0.01729	0.02079	0.01308	0.00845	0.00778	0.00253	0.00949	0.00700	0.00524	0.05775

[dist]
# distance from previous block
# <min> <max>
1	5

[block]
# block no. 5 follows, 22 sequences, length 36
# corresponding to MSA columns:
# 222-257
name=unknown_F
#
# <colnr> <probs for GDERKNQSTAVLIFYWHMCP>
#	G	D	E	R	K	N	Q	S	T	A	V	L	I	F	Y	W	H	M	C	P
0	0.11320	0.24760	0.18744	0.10374	0.02773	0.02212	0.01786	0.04251	0.01781	0.02644	0.05481	0.02016	0.01566	0.00844	0.00675	0.00231	0.00903	0.00627	0.05976	0.01038
1	0.14428	0.01504	0.01564	0.01429	0.01748	0.04578	0.01089	0.13546	0.04590	0.03052	0.02788	0.28116	0.02936	0.03876	0.01097	0.00302	0.05633	0.01310	0.00670	0.05742
2	0.01878	0.01701	0.02038	0.05959	0.02262	0.04890	0.01376	0.08176	0.01801	0.02587	0.01682	0.07030	0.01584	0.04151	0.01490	0.00269	0.21579	0.00777	0.00498	0.28274
3	0.02426	0.01782	0.02499	0.10334	0.23294	0.01877	0.01828	0.11370	0.14844	0.14790	0.04744	0.02578	0.01939	0.00953	0.00838	0.00260	0.00850	0.00828	0.00684	0.01282
4	0.02191	0.57251	0.13510	0.01606	0.02377	0.06944	0.01679	0.02559	0.01738	0.02060	0.01213	0.01405	0.01064	0.00731	0.00584	0.00193	0.00976	0.00475	0.00359	0.01084
5	0.03463	0.00904	0.01129	0.01119	0.01340	0.00823	0.00833	0.01510	0.01973	0.02786	0.30612	0.24750	0.10212	0.01902	0.00966	0.00280	0.00478	0.05968	0.00797	0.08156
6	0.02665	0.01987	0.02104	0.01744	0.02271	0.06733	0.01397	0.17831	0.26155	0.15050	0.02612	0.02503	0.01900	0.01051	0.00949	0.00261	0.05518	0.00805	0.00791	0.05671
7	0.01764	0.16085	0.55567	0.02201	0.03338	0.02168	0.02779	0.02606	0.01742	0.02512	0.01432	0.01680	0.01055	0.00775	0.00744	0.00248	0.01168	0.00584	0.00352	0.01199
8	0.01463	0.01282	0.01942	0.11248	0.02350	0.01537	0.05753	0.01742	0.01498	0.02150	0.02422	0.20090	0.02541	0.06223	0.08352	0.00450	0.20692	0.01219	0.06234	0.00814
9	0.01033	0.00851	0.00913	0.00918	0.01181	0.00731	0.00703	0.01280	0.01956	0.02406	0.15675	0.07856	0.53277	0.02064	0.00994	0.00285	0.00442	0.05928	0.00790	0.00717
10	0.01014	0.00761	0.00941	0.01069	0.01186	0.00688	0.00736	0.01190	0.01713	0.02222	0.09051	0.50497	0.21076	0.02422	0.01035	0.00318	0.00461	0.02155	0.00779	0.00688
11	0.02485	0.01965	0.02064	0.01563	0.02245	0.06556	0.01263	0.24436	0.02609	0.07956	0.01775	0.01881	0.01342	0.00801	0.00719	0.00185	0.00796	0.00612	0.00648	0.38100
12	0.01958	0.01873	0.03194	0.17985	0.53506	0.01948	0.02501	0.02463	0.01845	0.02594	0.01545	0.02088	0.01274	0.00758	0.00824	0.00253	0.01011	0.00740	0.00403	0.01236
13	0.37795	0.01917	0.01846	0.10041	0.02489	0.05961	0.01329	0.19143	0.02248	0.07853	0.01572	0.01741	0.01152	0.00862	0.00676	0.00255	0.00832	0.00598	0.00611	0.01080
14	0.01016	0.00742	0.00957	0.01117	0.01197	0.00682	0.00756	0.01179	0.01657	0.02187	0.07646	0.60606	0.12184	0.02508	0.01048	0.00328	0.00471	0.02257	0.00777	0.00682
15	0.01853	0.01978	0.02828	0.12511	0.06955	0.11328	0.17876	0.02278	0.01878	0.02364	0.05499	0.03405	0.10071	0.01174	0.01172	0.00285	0.10749	0.04346	0.00494	0.00958
16	0.02118	0.57673	0.13114	0.01601	0.02344	0.03050	0.01680	0.02479	0.01673	0.02054	0.01199	0.01421	0.01066	0.00765	0.00698	0.00201	0.04944	0.00485	0.00355	0.01080
17	0.01258	0.00909	0.01240	0.01417	0.01591	0.00891	0.01192	0.01588	0.01858	0.02408	0.04725	0.19380	0.09373	0.02332	0.01121	0.00367	0.00693	0.46146	0.00766	0.00745
18	0.01058	0.00757	0.01013	0.01179	0.01255	0.00711	0.00824	0.01249	0.01696	0.02276	0.10660	0.58315	0.05666	0.02484	0.01060	0.00334	0.00498	0.07486	0.00785	0.00694
19	0.01490	0.00902	0.01169	0.01151	0.01379	0.00818	0.00865	0.01774	0.02039	0.12027	0.26417	0.25215	0.13396	0.01963	0.00995	0.00294	0.00496	0.05918	0.00860	0.00832
20	0.01960	0.02197	0.04653	0.03544	0.08748	0.02117	0.54674	0.02615	0.01916	0.02627	0.01638	0.02203	0.01255	0.00747	0.01069	0.00282	0.05269	0.00948	0.00416	0.01123
21	0.01888	0.01899	0.03091	0.39144	0.14089	0.06168	0.14176	0.05026	0.01898	0.02448	0.01540	0.02140	0.01180	0.00800	0.00854	0.00268	0.01164	0.00774	0.00410	0.01045
22	0.01996	0.02146	0.03833	0.16193	0.21690	0.06737	0.29935	0.02575	0.01913	0.02529	0.01580	0.02130	0.01233	0.00747	0.00891	0.00265	0.01236	0.00835	0.00409	0.01127
23	0.01299	0.00876	0.01150	0.01066	0.01283	0.00805	0.00805	0.01687	0.02353	0.06357	0.62204	0.06043	0.07560	0.01666	0.00973	0.00261	0.00407	0.01470	0.00920	0.00814
24	0.09933	0.00935	0.01125	0.01081	0.01304	0.00911	0.00823	0.01652	0.02176	0.03264	0.51185	0.09647	0.06745	0.01674	0.00939	0.00271	0.00444	0.04249	0.00852	0.00790
25	0.01012	0.00723	0.00964	0.01157	0.01205	0.00675	0.00771	0.01157	0.01591	0.02121	0.04579	0.70262	0.05495	0.02603	0.01060	0.00337	0.00482	0.02362	0.00771	0.00675
26	0.01818	0.01818	0.02545	0.02181	0.02181	0.02545	0.01818	0.01999	0.01272	0.01999	0.01091	0.01818	0.01091	0.01454	0.02726	0.00364	0.69284	0.00727	0.00364	0.00909
27	0.01443	0.00722	0.01082	0.01082	0.01082	0.00722	0.00722	0.01082	0.01082	0.01443	0.01443	0.02525	0.01443	0.02886	0.03247	0.75830	0.00722	0.00722	0.00361	0.00361
28	0.01750	0.00993	0.01211	0.01107	0.01448	0.00867	0.00869	0.02030	0.02086	0.18895	0.16597	0.09356	0.31665	0.01793	0.00960	0.00281	0.00518	0.05810	0.00862	0.00903
29	0.02221	0.71304	0.04353	0.01421	0.02132	0.03287	0.01421	0.02488	0.01688	0.01955	0.01155	0.01333	0.01066	0.00711	0.00533	0.00178	0.00888	0.00444	0.00355	0.01066
30	0.02436	0.01705	0.01776	0.01465	0.01925	0.03829	0.01165	0.29127	0.08752	0.07951	0.02867	0.03042	0.06536	0.05172	0.00982	0.00274	0.00728	0.00873	0.18261	0.01134
31	0.12393	0.01733	0.02045	0.21547	0.03170	0.02000	0.01568	0.17155	0.18282	0.03442	0.02525	0.02670	0.05945	0.01026	0.00801	0.00269	0.00834	0.00823	0.00650	0.01122
32	0.02434	0.01773	0.01977	0.01554	0.02092	0.01834	0.01246	0.35359	0.03030	0.06226	0.14328	0.03039	0.02770	0.05890	0.01061	0.00271	0.00752	0.00890	0.00779	0.12694
33	0.01655	0.01605	0.01896	0.07206	0.02140	0.10007	0.01413	0.01906	0.01463	0.01956	0.01728	0.02671	0.01638	0.08315	0.29304	0.00772	0.22285	0.00806	0.00416	0.00818
34	0.05073	0.04054	0.08279	0.02235	0.14704	0.05641	0.01573	0.15146	0.02342	0.03227	0.15127	0.06208	0.04952	0.06514	0.01105	0.00296	0.00832	0.00992	0.00637	0.01063
35	0.07208	0.02221	0.08632	0.02857	0.07947	0.04671	0.31183	0.02618	0.01886	0.07255	0.05294	0.02314	0.01630	0.00895	0.01116	0.00279	0.09543	0.00867	0.00486	0.01098

[dist]
# distance from previous block
# <min> <max>
0	1

[block]
# block no. 6 follows, 22 sequences, length 22
# corresponding to MSA columns:
# 259-280
name=unknown_G
#
# <colnr> <probs for GDERKNQSTAVLIFYWHMCP>
#	G	D	E	R	K	N	Q	S	T	A	V	L	I	F	Y	W	H	M	C	P
0	0.06532	0.05491	0.01628	0.01426	0.01683	0.04826	0.01164	0.05417	0.03416	0.02793	0.15277	0.11013	0.04050	0.03559	0.01170	0.00316	0.06367	0.18786	0.04233	0.00853
1	0.01996	0.02454	0.17603	0.20680	0.06240	0.05142	0.06159	0.13186	0.06718	0.03045	0.06992	0.02422	0.01826	0.00932	0.00840	0.00264	0.01044	0.00795	0.00534	0.01129
2	0.05281	0.01334	0.01450	0.01220	0.01627	0.01367	0.00962	0.15611	0.06004	0.12398	0.02709	0.02956	0.03734	0.05018	0.00907	0.00257	0.00610	0.00813	0.31164	0.04577
3	0.07052	0.19175	0.31359	0.02176	0.08036	0.02263	0.02209	0.06699	0.05546	0.05780	0.01624	0.01799	0.01225	0.00810	0.00722	0.00241	0.01011	0.00612	0.00460	0.01201
4	0.02099	0.56505	0.18079	0.01630	0.02455	0.02987	0.01785	0.02519	0.01703	0.02104	0.01229	0.01426	0.01063	0.00728	0.00590	0.00197	0.00963	0.00482	0.00354	0.01102
5	0.01748	0.01621	0.01923	0.01729	0.01864	0.08304	0.01391	0.03935	0.01539	0.02206	0.01699	0.02418	0.01544	0.02927	0.23950	0.00652	0.30213	0.00768	0.08709	0.00860
6	0.01532	0.01209	0.01295	0.01297	0.01486	0.04907	0.00934	0.04520	0.13592	0.02521	0.06417	0.27106	0.03788	0.11661	0.01549	0.05089	0.00657	0.04547	0.05077	0.00815
7	0.71956	0.01559	0.01214	0.01090	0.01584	0.01796	0.00892	0.02387	0.01472	0.03703	0.05157	0.01653	0.01333	0.00829	0.00543	0.00257	0.00627	0.00516	0.00539	0.00892
8	0.01921	0.01313	0.01503	0.01339	0.01652	0.01383	0.01012	0.17967	0.06723	0.07222	0.03330	0.15013	0.07906	0.13347	0.08570	0.00473	0.00851	0.01218	0.06303	0.00953
9	0.02239	0.38980	0.18231	0.02098	0.09633	0.06365	0.01923	0.02692	0.01816	0.07025	0.01445	0.01633	0.01166	0.00764	0.00660	0.00213	0.00999	0.00551	0.00415	0.01152
10	0.01896	0.01861	0.04331	0.12143	0.23711	0.06143	0.01881	0.02832	0.17632	0.02768	0.06059	0.06294	0.02401	0.01116	0.00867	0.00273	0.00887	0.05183	0.00586	0.01133
11	0.01061	0.00771	0.00971	0.01069	0.01170	0.00713	0.00727	0.01247	0.01736	0.02318	0.16680	0.43033	0.13151	0.09676	0.01374	0.00366	0.00491	0.01994	0.00770	0.00681
12	0.02725	0.02038	0.02134	0.01779	0.02307	0.06779	0.01467	0.37610	0.06393	0.08369	0.02603	0.03581	0.02185	0.01255	0.00883	0.00274	0.00885	0.12624	0.02882	0.01228
13	0.02031	0.08581	0.48342	0.02243	0.03321	0.01934	0.06649	0.02832	0.01855	0.11987	0.01743	0.01915	0.01216	0.00813	0.00790	0.00257	0.01138	0.00659	0.00456	0.01236
14	0.02033	0.01134	0.01526	0.06822	0.01928	0.01084	0.01073	0.05308	0.02378	0.21267	0.39161	0.04706	0.05318	0.01401	0.00919	0.00261	0.00567	0.01212	0.00898	0.01006
15	0.01023	0.00731	0.00974	0.01149	0.01207	0.00682	0.00772	0.01184	0.01640	0.02200	0.08554	0.66061	0.05648	0.02543	0.01055	0.00332	0.00476	0.02305	0.00781	0.00682
16	0.08897	0.05672	0.02643	0.16801	0.03259	0.01684	0.11884	0.03159	0.02027	0.32178	0.02305	0.02381	0.01556	0.00889	0.00815	0.00261	0.00919	0.00784	0.00696	0.01192
17	0.06522	0.01991	0.03940	0.02900	0.03572	0.01949	0.44387	0.02428	0.01819	0.02625	0.01822	0.07748	0.01571	0.00926	0.01095	0.00282	0.07424	0.01009	0.00454	0.05535
18	0.01396	0.00940	0.01207	0.01151	0.01387	0.00882	0.00891	0.03880	0.02275	0.06975	0.44044	0.10545	0.10905	0.01790	0.00990	0.00281	0.00481	0.08268	0.00881	0.00829
19	0.52335	0.05965	0.01645	0.05709	0.02017	0.01824	0.01091	0.02746	0.01641	0.16029	0.01603	0.01702	0.01156	0.00823	0.00601	0.00253	0.00702	0.00546	0.00597	0.01015
20	0.76672	0.01607	0.01221	0.01092	0.01607	0.01864	0.00900	0.02442	0.01414	0.03727	0.01157	0.01350	0.00900	0.00771	0.00514	0.00257	0.00643	0.00450	0.00514	0.00900
21	0.02007	0.01813	0.02900	0.36101	0.19213	0.02031	0.07224	0.13360	0.02151	0.02876	0.01608	0.02139	0.01225	0.00829	0.00841	0.00265	0.01068	0.00761	0.00468	0.01122

[dist]
# distance from previous block
# <min> <max>
5	38

[block]
# block no. 7 follows, 22 sequences, length 33
# corresponding to MSA columns:
# 326-358
name=unknown_H
#
# <colnr> <probs for GDERKNQSTAVLIFYWHMCP>
#	G	D	E	R	K	N	Q	S	T	A	V	L	I	F	Y	W	H	M	C	P
0	0.06836	0.01647	0.01789	0.01492	0.01988	0.05552	0.01190	0.11181	0.14350	0.24750	0.14463	0.03417	0.05331	0.01181	0.00845	0.00260	0.00701	0.00960	0.00871	0.01196
1	0.01284	0.00876	0.01003	0.01002	0.01047	0.00882	0.00606	0.04612	0.01419	0.01894	0.02899	0.15687	0.03330	0.55956	0.03530	0.00699	0.00759	0.01368	0.00565	0.00581
2	0.06240	0.01395	0.01647	0.01275	0.01887	0.01158	0.01014	0.02431	0.03733	0.13998	0.02163	0.06164	0.01837	0.03689	0.00844	0.00208	0.00640	0.02890	0.00626	0.46160
3	0.01249	0.00929	0.01065	0.01091	0.01212	0.00938	0.00724	0.01670	0.10546	0.02167	0.06436	0.24257	0.10726	0.30559	0.02330	0.00514	0.00631	0.01576	0.00677	0.00704
4	0.05612	0.26046	0.03332	0.11164	0.20735	0.02526	0.01863	0.14238	0.02163	0.02912	0.01476	0.01781	0.01203	0.00793	0.00711	0.00228	0.00938	0.00626	0.00473	0.01179
5	0.03034	0.02260	0.02425	0.01872	0.02527	0.02488	0.01540	0.56817	0.07678	0.05027	0.02064	0.02055	0.01478	0.00991	0.00824	0.00247	0.00886	0.00751	0.00819	0.04218
6	0.07684	0.02194	0.02314	0.01824	0.02448	0.02449	0.01493	0.49646	0.13374	0.04858	0.02163	0.02130	0.01560	0.01004	0.00813	0.00255	0.00856	0.00759	0.00813	0.01364
7	0.01377	0.01258	0.01182	0.01167	0.01411	0.08214	0.00857	0.01796	0.07832	0.02435	0.14133	0.16126	0.28631	0.06806	0.01192	0.00320	0.00604	0.03135	0.00742	0.00784
8	0.31742	0.05642	0.08207	0.01555	0.02203	0.05281	0.01396	0.18291	0.02298	0.13559	0.01741	0.01791	0.01243	0.00872	0.00685	0.00250	0.00834	0.00606	0.00648	0.01155
9	0.01205	0.00875	0.01260	0.01260	0.01393	0.00999	0.00955	0.01470	0.01337	0.01940	0.02293	0.03516	0.02192	0.13710	0.57122	0.01223	0.01978	0.00923	0.03634	0.00715
10	0.01006	0.00748	0.00938	0.01091	0.01188	0.00680	0.00742	0.01164	0.01654	0.02146	0.05380	0.57264	0.17976	0.02499	0.01044	0.00326	0.00469	0.02235	0.00771	0.00680
