[name]
unknown

[dist]
# distance from previous block
# <min> <max>
4	21

[block]
# block no. 0 follows, 24 sequences, length 11
# corresponding to MSA columns:
# 22-32
name=unknown_A
#
# <colnr> <probs for GDERKNQSTAVLIFYWHMCP>
#	G	D	E	R	K	N	Q	S	T	A	V	L	I	F	Y	W	H	M	C	P
0	0.05136	0.01317	0.01615	0.09460	0.04624	0.01398	0.01179	0.05632	0.17988	0.13928	0.03258	0.11160	0.08197	0.07093	0.01080	0.00304	0.00670	0.01062	0.03890	0.01007
1	0.02134	0.01193	0.01440	0.01259	0.01631	0.01160	0.00967	0.05867	0.12861	0.24459	0.08010	0.13892	0.12173	0.07839	0.01152	0.00311	0.00596	0.01221	0.00819	0.01016
2	0.05072	0.00965	0.01198	0.01154	0.01407	0.00909	0.00850	0.01980	0.05520	0.15515	0.13258	0.33301	0.07829	0.04012	0.01002	0.00295	0.00517	0.01564	0.00784	0.02869
3	0.01290	0.00801	0.00952	0.00973	0.01103	0.00744	0.00652	0.01420	0.01522	0.07876	0.04181	0.26713	0.15262	0.26223	0.01997	0.00451	0.00570	0.01548	0.05062	0.00662
4	0.01102	0.00855	0.01071	0.01050	0.01231	0.00824	0.00798	0.01393	0.01966	0.02662	0.37159	0.13760	0.21884	0.01838	0.01051	0.00275	0.04508	0.05070	0.00783	0.00722
5	0.12698	0.01006	0.01061	0.01007	0.01246	0.01038	0.00731	0.02055	0.07342	0.09098	0.02862	0.12025	0.04575	0.17816	0.01477	0.00364	0.00565	0.01032	0.21211	0.00790
6	0.01021	0.00723	0.00937	0.01050	0.01115	0.00681	0.00701	0.01181	0.01594	0.02159	0.15208	0.50226	0.05299	0.12491	0.01440	0.00374	0.00490	0.01948	0.00723	0.00639
7	0.01391	0.01225	0.01802	0.01595	0.01754	0.01405	0.06598	0.01646	0.01568	0.02282	0.11856	0.24873	0.03408	0.01643	0.01481	0.00297	0.24171	0.01315	0.04974	0.04718
8	0.08774	0.00783	0.01031	0.01019	0.01090	0.00813	0.00707	0.01251	0.01132	0.01754	0.01496	0.02385	0.01415	0.02545	0.05750	0.58957	0.00721	0.00676	0.07254	0.00447
9	0.01583	0.01697	0.17656	0.01367	0.01857	0.01077	0.01345	0.02082	0.02108	0.12179	0.41647	0.04420	0.05104	0.01317	0.00871	0.00249	0.00613	0.01135	0.00756	0.00938
10	0.01190	0.00854	0.01034	0.01078	0.01194	0.00834	0.00735	0.06391	0.01718	0.02292	0.10499	0.39833	0.09235	0.17387	0.01639	0.00401	0.00548	0.01759	0.00699	0.00679

[dist]
# distance from previous block
# <min> <max>
0	2

[block]
# block no. 1 follows, 24 sequences, length 133
# corresponding to MSA columns:
# 35-167
name=unknown_B
#
# <colnr> <probs for GDERKNQSTAVLIFYWHMCP>
#	G	D	E	R	K	N	Q	S	T	A	V	L	I	F	Y	W	H	M	C	P
0	0.02417	0.01135	0.01478	0.01234	0.01648	0.01048	0.00983	0.02885	0.06621	0.35057	0.23089	0.03769	0.03739	0.01365	0.03304	0.00281	0.00604	0.01002	0.07262	0.01079
1	0.01132	0.01060	0.06676	0.01169	0.01389	0.00826	0.00962	0.01465	0.01895	0.02637	0.34521	0.24661	0.05801	0.05435	0.01114	0.00307	0.00518	0.06939	0.00756	0.00739
2	0.05167	0.00850	0.00841	0.00807	0.01029	0.00873	0.00616	0.04973	0.01750	0.03086	0.02483	0.02825	0.01943	0.00916	0.00563	0.00190	0.00406	0.00723	0.69182	0.00775
3	0.01498	0.01409	0.02378	0.70226	0.05462	0.01762	0.02202	0.02026	0.01586	0.02026	0.01409	0.02114	0.01057	0.00793	0.00793	0.00264	0.01057	0.00705	0.00352	0.00881
4	0.01857	0.38017	0.28490	0.01819	0.02650	0.02488	0.04914	0.02385	0.01622	0.02145	0.01282	0.01547	0.01056	0.00915	0.03077	0.00250	0.03545	0.00535	0.00344	0.01063
5	0.01122	0.00811	0.01060	0.00998	0.01185	0.00748	0.00748	0.01496	0.02245	0.03180	0.66766	0.05923	0.07482	0.01621	0.00935	0.00249	0.00374	0.01434	0.00873	0.00748
6	0.02007	0.01598	0.01725	0.01553	0.01992	0.01802	0.01218	0.03923	0.55112	0.07938	0.03498	0.03436	0.05619	0.01164	0.00826	0.00272	0.00625	0.03670	0.00813	0.01210
7	0.01008	0.00722	0.00958	0.01076	0.01159	0.00672	0.00739	0.01209	0.01712	0.02333	0.21051	0.54053	0.05843	0.02254	0.00992	0.00303	0.00437	0.02035	0.00773	0.00672
8	0.01644	0.01409	0.01644	0.01175	0.01879	0.01057	0.00940	0.01997	0.01644	0.02584	0.01409	0.01644	0.01175	0.00587	0.00587	0.00117	0.00587	0.00470	0.00470	0.76979
9	0.02084	0.01528	0.01675	0.01372	0.01891	0.04305	0.01081	0.07159	0.18045	0.13347	0.07336	0.06058	0.05365	0.01040	0.00758	0.00214	0.00638	0.00859	0.00711	0.24535
10	0.77733	0.01534	0.01166	0.01043	0.01534	0.01779	0.00859	0.02331	0.01350	0.03558	0.01104	0.01288	0.00859	0.00736	0.00491	0.00245	0.00613	0.00429	0.00491	0.00859
11	0.01676	0.04288	0.01751	0.01199	0.01893	0.01176	0.00969	0.02097	0.04101	0.02583	0.01467	0.01680	0.01216	0.00610	0.00593	0.00125	0.00599	0.00484	0.00477	0.71016
12	0.00973	0.00696	0.00927	0.01099	0.01152	0.00649	0.00737	0.01123	0.01552	0.02078	0.07297	0.68533	0.05350	0.02444	0.01009	0.00319	0.00456	0.02216	0.00743	0.00649
13	0.01137	0.00833	0.01190	0.01190	0.01303	0.00945	0.00886	0.01362	0.01249	0.01778	0.02201	0.03542	0.02168	0.19580	0.55609	0.01170	0.01845	0.00912	0.00436	0.00661
14	0.01498	0.01409	0.02378	0.70226	0.05462	0.01762	0.02202	0.02026	0.01586	0.02026	0.01409	0.02114	0.01057	0.00793	0.00793	0.00264	0.01057	0.00705	0.00352	0.00881
15	0.01122	0.00811	0.01060	0.00998	0.01185	0.00748	0.00748	0.01496	0.02245	0.03180	0.66766	0.05923	0.07482	0.01621	0.00935	0.00249	0.00374	0.01434	0.00873	0.00748
16	0.06470	0.01374	0.01811	0.01406	0.02006	0.01229	0.01157	0.03819	0.05258	0.62080	0.03052	0.02655	0.01940	0.00976	0.00786	0.00246	0.00670	0.00787	0.00953	0.01325
17	0.74170	0.01641	0.01217	0.01090	0.01577	0.04980	0.00891	0.02371	0.01392	0.03481	0.01110	0.01295	0.00867	0.00740	0.00501	0.00243	0.00652	0.00433	0.00487	0.00862
18	0.01153	0.00769	0.00865	0.00865	0.00865	0.00769	0.00480	0.01153	0.01153	0.01538	0.02499	0.05189	0.02883	0.72131	0.04036	0.00769	0.00769	0.01153	0.00480	0.00480
19	0.01882	0.01580	0.01949	0.06930	0.02356	0.01397	0.03571	0.13013	0.02015	0.02962	0.01504	0.01747	0.01197	0.00671	0.00653	0.00156	0.00704	0.00550	0.00515	0.54650
20	0.01038	0.00742	0.00999	0.01162	0.01246	0.00703	0.00839	0.01239	0.01638	0.02189	0.09673	0.54236	0.05308	0.02355	0.01021	0.00324	0.00503	0.13368	0.00747	0.00669
21	0.02980	0.02058	0.02252	0.01750	0.02364	0.02245	0.01438	0.50742	0.09716	0.12887	0.02193	0.02111	0.01534	0.00968	0.00795	0.00242	0.00823	0.00743	0.00819	0.01339
22	0.00979	0.00711	0.00925	0.01070	0.01147	0.00656	0.00727	0.01145	0.01611	0.02145	0.10701	0.60254	0.10274	0.02364	0.00999	0.00311	0.00447	0.02130	0.00749	0.00656
23	0.01644	0.01409	0.01644	0.01175	0.01879	0.01057	0.00940	0.01997	0.01644	0.02584	0.01409	0.01644	0.01175	0.00587	0.00587	0.00117	0.00587	0.00470	0.00470	0.76979
24	0.01478	0.00739	0.00739	0.00739	0.00924	0.00739	0.00554	0.01848	0.01663	0.02956	0.02587	0.02956	0.02033	0.00924	0.00554	0.00185	0.00370	0.00739	0.76534	0.00739
25	0.02812	0.01719	0.02215	0.01734	0.02300	0.01776	0.06619	0.21399	0.13115	0.27731	0.05581	0.02578	0.02021	0.01007	0.00883	0.00253	0.03347	0.00827	0.00820	0.01264
26	0.01122	0.00811	0.01060	0.00998	0.01185	0.00748	0.00748	0.01496	0.02245	0.03180	0.66766	0.05923	0.07482	0.01621	0.00935	0.00249	0.00374	0.01434	0.00873	0.00748
27	0.02739	0.02063	0.02206	0.01745	0.02318	0.02297	0.01417	0.50398	0.15499	0.04534	0.02182	0.02240	0.01617	0.03887	0.00928	0.00266	0.00821	0.00767	0.00783	0.01295
28	0.64894	0.01632	0.04402	0.01146	0.01684	0.01705	0.00995	0.02531	0.01480	0.11510	0.01372	0.01482	0.01003	0.00768	0.00541	0.00246	0.00647	0.00483	0.00545	0.00935
29	0.01135	0.00840	0.01227	0.01227	0.01352	0.00965	0.00931	0.01385	0.01260	0.01805	0.02168	0.03358	0.02088	0.13688	0.61392	0.01215	0.01966	0.00885	0.00431	0.00681
30	0.01590	0.04102	0.68023	0.02260	0.03432	0.01842	0.02930	0.02511	0.01674	0.02511	0.01423	0.01674	0.01005	0.00753	0.00753	0.00251	0.01172	0.00586	0.00335	0.01172
31	0.77733	0.01534	0.01166	0.01043	0.01534	0.01779	0.00859	0.02331	0.01350	0.03558	0.01104	0.01288	0.00859	0.00736	0.00491	0.00245	0.00613	0.00429	0.00491	0.00859
32	0.02228	0.01755	0.01958	0.01451	0.02126	0.01654	0.01181	0.28630	0.02532	0.03612	0.01620	0.01755	0.01249	0.00743	0.00675	0.00169	0.00709	0.00574	0.00608	0.44773
33	0.01498	0.01409	0.02378	0.70226	0.05462	0.01762	0.02202	0.02026	0.01586	0.02026	0.01409	0.02114	0.01057	0.00793	0.00793	0.00264	0.01057	0.00705	0.00352	0.00881
34	0.01902	0.01633	0.01809	0.01752	0.05091	0.01862	0.01313	0.03872	0.56319	0.03188	0.03243	0.03513	0.02581	0.01170	0.00835	0.00277	0.00653	0.07006	0.00780	0.01202
35	0.01872	0.02139	0.04679	0.03342	0.04144	0.02005	0.64305	0.02540	0.01872	0.02540	0.01604	0.02139	0.01203	0.00668	0.00936	0.00267	0.01337	0.00936	0.00401	0.01070
36	0.02045	0.52803	0.15957	0.01597	0.02321	0.06210	0.01679	0.02418	0.01636	0.01993	0.01166	0.01378	0.01017	0.00734	0.00667	0.00195	0.04336	0.00472	0.00342	0.01034
37	0.01153	0.00769	0.00865	0.00865	0.00865	0.00769	0.00480	0.01153	0.01153	0.01538	0.02499	0.05189	0.02883	0.72131	0.04036	0.00769	0.00769	0.01153	0.00480	0.00480
38	0.01590	0.04102	0.68023	0.02260	0.03432	0.01842	0.02930	0.02511	0.01674	0.02511	0.01423	0.01674	0.01005	0.00753	0.00753	0.00251	0.01172	0.00586	0.00335	0.01172
39	0.01377	0.00689	0.01033	0.01033	0.01033	0.00689	0.00689	0.01033	0.01033	0.01377	0.01377	0.02410	0.01377	0.02755	0.03099	0.76928	0.00689	0.00689	0.00344	0.00344
40	0.01151	0.00778	0.00913	0.00913	0.00930	0.00795	0.00541	0.01184	0.01168	0.01574	0.02454	0.04944	0.02776	0.64288	0.11734	0.00829	0.00929	0.01117	0.00474	0.00507
41	0.01010	0.00761	0.01103	0.01213	0.01296	0.00710	0.03829	0.01174	0.01535	0.02049	0.04236	0.68234	0.05048	0.02396	0.01008	0.00319	0.00503	0.02190	0.00720	0.00665
42	0.01125	0.00841	0.01219	0.01219	0.01355	0.00958	0.00932	0.01382	0.01290	0.01830	0.02432	0.03495	0.05099	0.11107	0.60552	0.01186	0.01934	0.00913	0.00444	0.00688
43	0.01539	0.01452	0.02453	0.64388	0.10974	0.01773	0.02223	0.02062	0.01605	0.02077	0.01417	0.02101	0.01075	0.00785	0.00792	0.00262	0.01047	0.00705	0.00356	0.00914
44	0.01971	0.43011	0.25534	0.01704	0.02527	0.05515	0.01891	0.02545	0.04781	0.02158	0.01320	0.01497	0.01082	0.00729	0.00615	0.00203	0.00972	0.00506	0.00364	0.01077
45	0.08186	0.52794	0.03508	0.01454	0.02064	0.13547	0.01341	0.02581	0.04571	0.02076	0.01218	0.01374	0.01069	0.00723	0.00554	0.00186	0.00913	0.00460	0.00383	0.01000
46	0.03195	0.01587	0.01949	0.01526	0.02109	0.01555	0.01248	0.21371	0.05745	0.43124	0.02839	0.05891	0.01969	0.01052	0.00807	0.00248	0.00719	0.00850	0.00906	0.01310
47	0.60017	0.01530	0.01502	0.01258	0.01775	0.01676	0.05835	0.02400	0.01478	0.08141	0.01429	0.04106	0.01146	0.00808	0.00572	0.00244	0.00668	0.00566	0.00528	0.04319
48	0.60087	0.05350	0.07561	0.01242	0.01818	0.01915	0.01134	0.08108	0.01612	0.03511	0.01207	0.01380	0.00925	0.00755	0.00544	0.00241	0.00700	0.00470	0.00497	0.00941
49	0.01497	0.01387	0.02328	0.48651	0.07237	0.01653	0.05167	0.01975	0.01621	0.02117	0.01898	0.05892	0.01712	0.01068	0.00937	0.00283	0.04386	0.08892	0.00422	0.00876
50	0.01872	0.02139	0.04679	0.03342	0.04144	0.02005	0.64305	0.02540	0.01872	0.02540	0.01604	0.02139	0.01203	0.00668	0.00936	0.00267	0.01337	0.00936	0.00401	0.01070
51	0.01085	0.00835	0.01018	0.01119	0.01322	0.00769	0.00904	0.01346	0.01778	0.02224	0.05944	0.16452	0.32644	0.02147	0.01014	0.00316	0.00548	0.27111	0.00734	0.00692
52	0.77733	0.01534	0.01166	0.01043	0.01534	0.01779	0.00859	0.02331	0.01350	0.03558	0.01104	0.01288	0.00859	0.00736	0.00491	0.00245	0.00613	0.00429	0.00491	0.00859
53	0.01122	0.00811	0.01060	0.00998	0.01185	0.00748	0.00748	0.01496	0.02245	0.03180	0.66766	0.05923	0.07482	0.01621	0.00935	0.00249	0.00374	0.01434	0.00873	0.00748
54	0.01072	0.00809	0.00990	0.00945	0.01154	0.00727	0.00709	0.01399	0.02126	0.02898	0.50808	0.06388	0.23617	0.01726	0.00936	0.00254	0.00382	0.01499	0.00836	0.00727
55	0.03014	0.02221	0.02380	0.01825	0.02459	0.02459	0.01507	0.64541	0.03728	0.04998	0.01904	0.01904	0.01349	0.00952	0.00793	0.00238	0.00873	0.00714	0.00793	0.01349
56	0.01972	0.01703	0.01793	0.01614	0.02062	0.01972	0.01255	0.04214	0.65752	0.03317	0.03228	0.02959	0.02421	0.01076	0.00807	0.00269	0.00628	0.00897	0.00807	0.01255
57	0.01540	0.01470	0.02537	0.63587	0.08449	0.01780	0.05375	0.02072	0.01611	0.02080	0.01423	0.02108	0.01074	0.00782	0.00800	0.00263	0.01066	0.00717	0.00357	0.00909
58	0.02120	0.72609	0.04155	0.01357	0.02035	0.03138	0.01357	0.02374	0.01611	0.01866	0.01102	0.01272	0.01018	0.00678	0.00509	0.00170	0.00848	0.00424	0.00339	0.01018
59	0.01949	0.01791	0.03014	0.13104	0.32108	0.01789	0.12548	0.05253	0.04198	0.05052	0.01631	0.02036	0.01282	0.00733	0.00789	0.00232	0.00958	0.00727	0.00453	0.10352
60	0.67564	0.04923	0.01413	0.04335	0.01779	0.01870	0.00972	0.04824	0.01469	0.03464	0.01151	0.01351	0.00895	0.00745	0.00518	0.00242	0.00656	0.00454	0.00489	0.00887
61	0.01146	0.00766	0.00867	0.00875	0.00877	0.00764	0.00491	0.01151	0.01168	0.01557	0.02575	0.07906	0.02980	0.69283	0.03912	0.00751	0.00756	0.01198	0.00491	0.00487
62	0.01856	0.01481	0.01721	0.01245	0.01939	0.01191	0.01002	0.07822	0.01864	0.05737	0.01532	0.01716	0.01226	0.00638	0.00616	0.00134	0.00617	0.00507	0.00523	0.66633
63	0.01133	0.00850	0.01274	0.01274	0.01416	0.00991	0.00991	0.01416	0.01274	0.01841	0.02124	0.03115	0.01982	0.05947	0.68989	0.01274	0.02124	0.00850	0.00425	0.00708
64	0.03358	0.01394	0.01834	0.01436	0.02029	0.01267	0.01177	0.03909	0.10268	0.59618	0.03141	0.02732	0.02021	0.00993	0.00799	0.00248	0.00669	0.00810	0.00959	0.01338
65	0.01644	0.01409	0.01644	0.01175	0.01879	0.01057	0.00940	0.01997	0.01644	0.02584	0.01409	0.01644	0.01175	0.00587	0.00587	0.00117	0.00587	0.00470	0.00470	0.76979
66	0.01150	0.00780	0.00920	0.00920	0.00939	0.00799	0.00549	0.01189	0.01170	0.01578	0.02448	0.04910	0.02762	0.63221	0.12781	0.00837	0.00951	0.01112	0.00473	0.00511
67	0.01841	0.02019	0.04265	0.03090	0.03821	0.01908	0.56324	0.04953	0.01917	0.02597	0.01852	0.08045	0.01553	0.00835	0.00936	0.00271	0.01243	0.01039	0.00446	0.01045
68	0.12729	0.01560	0.01781	0.01383	0.01983	0.01502	0.01128	0.15192	0.05311	0.25810	0.04419	0.02225	0.01718	0.00875	0.00711	0.00215	0.00672	0.00680	0.00744	0.19362
69	0.01498	0.01409	0.02378	0.70226	0.05462	0.01762	0.02202	0.02026	0.01586	0.02026	0.01409	0.02114	0.01057	0.00793	0.00793	0.00264	0.01057	0.00705	0.00352	0.00881
70	0.01122	0.00811	0.01060	0.00998	0.01185	0.00748	0.00748	0.01496	0.02245	0.03180	0.66766	0.05923	0.07482	0.01621	0.00935	0.00249	0.00374	0.01434	0.00873	0.00748
71	0.01670	0.01570	0.02628	0.51705	0.12545	0.01835	0.06728	0.05170	0.04037	0.02320	0.01522	0.02118	0.01155	0.00791	0.00803	0.00260	0.01040	0.00729	0.00398	0.00976
72	0.02920	0.02891	0.02269	0.01895	0.02408	0.33205	0.01491	0.33762	0.02987	0.03514	0.03996	0.01833	0.01425	0.00914	0.00762	0.00223	0.01112	0.00646	0.00618	0.01127
73	0.74306	0.01649	0.04174	0.01098	0.01619	0.01782	0.00952	0.02339	0.01364	0.03511	0.01119	0.01306	0.00865	0.00737	0.00503	0.00246	0.00639	0.00436	0.00484	0.00873
74	0.01616	0.07366	0.64979	0.02217	0.03366	0.01903	0.02855	0.02505	0.01671	0.02481	0.01408	0.01655	0.01005	0.00750	0.00742	0.00247	0.01157	0.00578	0.00335	0.01165
75	0.01113	0.00810	0.01047	0.00988	0.01179	0.00744	0.00741	0.01479	0.02223	0.03129	0.63909	0.06007	0.10371	0.01640	0.00935	0.00250	0.00375	0.01446	0.00866	0.00744
76	0.01498	0.01409	0.02378	0.70226	0.05462	0.01762	0.02202	0.02026	0.01586	0.02026	0.01409	0.02114	0.01057	0.00793	0.00793	0.00264	0.01057	0.00705	0.00352	0.00881
77	0.01105	0.00810	0.01037	0.00980	0.01174	0.00741	0.00735	0.01464	0.02205	0.03085	0.61421	0.06079	0.12887	0.01656	0.00935	0.00251	0.00377	0.01456	0.00860	0.00741
78	0.01617	0.07492	0.64862	0.02215	0.03363	0.01906	0.02852	0.02505	0.01671	0.02479	0.01407	0.01654	0.01005	0.00750	0.00741	0.00247	0.01156	0.00578	0.00335	0.01164
79	0.01498	0.01409	0.02378	0.70226	0.05462	0.01762	0.02202	0.02026	0.01586	0.02026	0.01409	0.02114	0.01057	0.00793	0.00793	0.00264	0.01057	0.00705	0.00352	0.00881
80	0.02120	0.72609	0.04155	0.01357	0.02035	0.03138	0.01357	0.02374	0.01611	0.01866	0.01102	0.01272	0.01018	0.00678	0.00509	0.00170	0.00848	0.00424	0.00339	0.01018
81	0.03014	0.02221	0.02380	0.01825	0.02459	0.02459	0.01507	0.64541	0.03728	0.04998	0.01904	0.01904	0.01349	0.00952	0.00793	0.00238	0.00873	0.00714	0.00793	0.01349
82	0.70621	0.08219	0.01447	0.01072	0.01581	0.01907	0.00906	0.02335	0.01374	0.03399	0.01104	0.01287	0.00874	0.00731	0.00492	0.00238	0.00635	0.00429	0.00476	0.00874
83	0.02188	0.69248	0.04046	0.01359	0.02035	0.03045	0.01348	0.02445	0.01642	0.04972	0.01198	0.01339	0.01062	0.00693	0.00522	0.00173	0.00840	0.00442	0.00369	0.01033
84	0.01912	0.01694	0.02797	0.19172	0.36164	0.01806	0.04734	0.05121	0.01838	0.05603	0.01755	0.02553	0.01485	0.00895	0.00907	0.00259	0.04405	0.05334	0.00453	0.01112
85	0.01942	0.00993	0.01315	0.01131	0.01466	0.00887	0.00884	0.02287	0.02237	0.25063	0.42959	0.04892	0.07829	0.01418	0.00889	0.00249	0.00477	0.01227	0.00905	0.00949
86	0.01617	0.01434	0.02439	0.64158	0.05236	0.01741	0.04531	0.02139	0.01631	0.05390	0.01504	0.02145	0.01109	0.00798	0.00799	0.00263	0.01048	0.00718	0.00386	0.00912
87	0.00966	0.00690	0.00920	0.01104	0.01150	0.00644	0.00736	0.01104	0.01518	0.02024	0.04371	0.71614	0.05245	0.02484	0.01012	0.00322	0.00460	0.02254	0.00736	0.00644
88	0.01101	0.00808	0.01034	0.00997	0.01187	0.00741	0.00750	0.01447	0.02153	0.02992	0.55655	0.08861	0.13786	0.01718	0.00944	0.00258	0.00393	0.03592	0.00848	0.00735
89	0.01010	0.00806	0.00885	0.00877	0.01102	0.00704	0.00652	0.01241	0.01858	0.02344	0.21052	0.07094	0.45822	0.07402	0.01185	0.00306	0.00436	0.03801	0.00748	0.00675
90	0.01865	0.02120	0.04573	0.03283	0.04047	0.02025	0.61354	0.02510	0.01841	0.02510	0.01578	0.02120	0.01196	0.00702	0.01014	0.00271	0.04607	0.00924	0.00399	0.01060
91	0.01520	0.01432	0.02418	0.67129	0.08386	0.01768	0.02213	0.02045	0.01596	0.02053	0.01413	0.02107	0.01067	0.00789	0.00792	0.00263	0.01052	0.00705	0.00354	0.00899
92	0.00966	0.00690	0.00920	0.01104	0.01150	0.00644	0.00736	0.01104	0.01518	0.02024	0.04371	0.71614	0.05245	0.02484	0.01012	0.00322	0.00460	0.02254	0.00736	0.00644
93	0.01517	0.01447	0.02496	0.66821	0.05395	0.01774	0.05363	0.02052	0.01600	0.02052	0.01419	0.02115	0.01065	0.00786	0.00800	0.00264	0.01071	0.00716	0.00355	0.00891
94	0.02568	0.01492	0.01924	0.01468	0.02099	0.01334	0.04185	0.05477	0.11250	0.30476	0.02431	0.02316	0.01697	0.00843	0.00733	0.00206	0.00677	0.00702	0.00745	0.27376
95	0.01860	0.39006	0.35483	0.01800	0.02720	0.02502	0.02128	0.02442	0.01642	0.02182	0.01260	0.01469	0.01011	0.00715	0.00629	0.00210	0.01007	0.00503	0.00337	0.01093
96	0.02120	0.72609	0.04155	0.01357	0.02035	0.03138	0.01357	0.02374	0.01611	0.01866	0.01102	0.01272	0.01018	0.00678	0.00509	0.00170	0.00848	0.00424	0.00339	0.01018
97	0.01859	0.02225	0.07443	0.03295	0.04113	0.01998	0.61627	0.02539	0.01863	0.02539	0.01596	0.02119	0.01195	0.00672	0.00928	0.00267	0.01330	0.00921	0.00398	0.01074
98	0.77733	0.01534	0.01166	0.01043	0.01534	0.01779	0.00859	0.02331	0.01350	0.03558	0.01104	0.01288	0.00859	0.00736	0.00491	0.00245	0.00613	0.00429	0.00491	0.00859
99	0.01763	0.01662	0.02721	0.32778	0.34378	0.01840	0.02222	0.02426	0.07758	0.02416	0.01620	0.02122	0.01280	0.00779	0.00790	0.00251	0.00962	0.00724	0.00414	0.01094
100	0.01134	0.00846	0.01255	0.01255	0.01390	0.00981	0.00967	0.01404	0.01269	0.01827	0.02142	0.03213	0.02025	0.09052	0.65943	0.01251	0.02060	0.00864	0.00427	0.00697
101	0.01590	0.04102	0.68023	0.02260	0.03432	0.01842	0.02930	0.02511	0.01674	0.02511	0.01423	0.01674	0.01005	0.00753	0.00753	0.00251	0.01172	0.00586	0.00335	0.01172
102	0.01478	0.00739	0.00739	0.00739	0.00924	0.00739	0.00554	0.01848	0.01663	0.02956	0.02587	0.02956	0.02033	0.00924	0.00554	0.00185	0.00370	0.00739	0.76534	0.00739
103	0.01133	0.00850	0.01274	0.01274	0.01416	0.00991	0.00991	0.01416	0.01274	0.01841	0.02124	0.03115	0.01982	0.05947	0.68989	0.01274	0.02124	0.00850	0.00425	0.00708
104	0.01972	0.01703	0.01793	0.01614	0.02062	0.01972	0.01255	0.04214	0.65752	0.03317	0.03228	0.02959	0.02421	0.01076	0.00807	0.00269	0.00628	0.00897	0.00807	0.01255
105	0.01644	0.01409	0.01644	0.01175	0.01879	0.01057	0.00940	0.01997	0.01644	0.02584	0.01409	0.01644	0.01175	0.00587	0.00587	0.00117	0.00587	0.00470	0.00470	0.76979
106	0.03014	0.02221	0.02380	0.01825	0.02459	0.02459	0.01507	0.64541	0.03728	0.04998	0.01904	0.01904	0.01349	0.00952	0.00793	0.00238	0.00873	0.00714	0.00793	0.01349
107	0.01972	0.01703	0.01793	0.01614	0.02062	0.01972	0.01255	0.04214	0.65752	0.03317	0.03228	0.02959	0.02421	0.01076	0.00807	0.00269	0.00628	0.00897	0.00807	0.01255
108	0.02120	0.72609	0.04155	0.01357	0.02035	0.03138	0.01357	0.02374	0.01611	0.01866	0.01102	0.01272	0.01018	0.00678	0.00509	0.00170	0.00848	0.00424	0.00339	0.01018
109	0.02682	0.02059	0.02136	0.01723	0.02277	0.05484	0.01392	0.40240	0.19412	0.07274	0.05309	0.02377	0.01924	0.01010	0.00800	0.00245	0.00805	0.00788	0.00790	0.01275
110	0.01879	0.01588	0.02226	0.26372	0.14086	0.01803	0.01767	0.05162	0.24043	0.05982	0.05254	0.02584	0.01923	0.00931	0.00803	0.00259	0.00831	0.00811	0.00588	0.01107
111	0.01136	0.00837	0.01212	0.01212	0.01332	0.00957	0.00913	0.01376	0.01256	0.01795	0.02181	0.03432	0.02120	0.16040	0.59084	0.01197	0.01917	0.00896	0.00433	0.00673
112	0.01719	0.01890	0.04029	0.02953	0.03626	0.01781	0.53022	0.02301	0.01796	0.02439	0.01981	0.10998	0.01755	0.01167	0.04409	0.00326	0.01266	0.01099	0.00445	0.00997
113	0.77733	0.01534	0.01166	0.01043	0.01534	0.01779	0.00859	0.02331	0.01350	0.03558	0.01104	0.01288	0.00859	0.00736	0.00491	0.00245	0.00613	0.00429	0.00491	0.00859
114	0.02974	0.03437	0.02276	0.01995	0.02453	0.54319	0.01527	0.16670	0.02573	0.02613	0.01375	0.01534	0.01093	0.00847	0.00732	0.00212	0.01307	0.00555	0.00493	0.01014
115	0.01133	0.00850	0.01274	0.01274	0.01416	0.00991	0.00991	0.01416	0.01274	0.01841	0.02124	0.03115	0.01982	0.05947	0.68989	0.01274	0.02124	0.00850	0.00425	0.00708
116	0.03012	0.02291	0.02374	0.01834	0.02459	0.05442	0.01508	0.61787	0.03662	0.04860	0.01873	0.01883	0.01334	0.00946	0.00790	0.00236	0.00898	0.00705	0.00776	0.01329
117	0.08459	0.04068	0.02017	0.01493	0.02106	0.01618	0.01241	0.19753	0.02569	0.44447	0.02595	0.02342	0.01692	0.00946	0.00765	0.00241	0.00729	0.00737	0.00876	0.01304
118	0.02381	0.01764	0.01994	0.01766	0.05196	0.01916	0.01348	0.34486	0.14500	0.06785	0.02829	0.11434	0.04660	0.01255	0.00843	0.00262	0.00746	0.03877	0.00773	0.01184
119	0.01205	0.00830	0.01079	0.01006	0.01211	0.00761	0.00758	0.01570	0.02229	0.05521	0.62251	0.05868	0.09473	0.01612	0.00930	0.00250	0.00386	0.01419	0.00872	0.00767
120	0.01918	0.01525	0.04676	0.01392	0.01814	0.04501	0.01133	0.02937	0.24540	0.13091	0.19669	0.06938	0.06674	0.01264	0.00838	0.00252	0.00612	0.01069	0.00789	0.04367
121	0.01122	0.00811	0.01060	0.00998	0.01185	0.00748	0.00748	0.01496	0.02245	0.03180	0.66766	0.05923	0.07482	0.01621	0.00935	0.00249	0.00374	0.01434	0.00873	0.00748
122	0.02010	0.01973	0.03173	0.04735	0.64148	0.05030	0.02391	0.02468	0.01826	0.02560	0.01479	0.01938	0.01245	0.00712	0.00782	0.00234	0.00965	0.00697	0.00393	0.01240
123	0.01122	0.00811	0.01060	0.00998	0.01185	0.00748	0.00748	0.01496	0.02245	0.03180	0.66766	0.05923	0.07482	0.01621	0.00935	0.00249	0.00374	0.01434	0.00873	0.00748
124	0.00967	0.00813	0.00845	0.00861	0.01121	0.00691	0.00661	0.01182	0.01809	0.02162	0.07699	0.07746	0.61432	0.02024	0.00951	0.00276	0.00430	0.06919	0.00736	0.00675
125	0.01654	0.01440	0.01771	0.01265	0.01974	0.01097	0.03580	0.02019	0.01654	0.02582	0.01418	0.01665	0.01176	0.00591	0.00602	0.00124	0.00618	0.00489	0.00467	0.73817
126	0.02120	0.72609	0.04155	0.01357	0.02035	0.03138	0.01357	0.02374	0.01611	0.01866	0.01102	0.01272	0.01018	0.00678	0.00509	0.00170	0.00848	0.00424	0.00339	0.01018
127	0.02056	0.01745	0.01840	0.01631	0.02094	0.02012	0.01275	0.09070	0.60760	0.03452	0.03121	0.02874	0.02334	0.01066	0.00806	0.00266	0.00647	0.00882	0.00806	0.01263
128	0.00966	0.00690	0.00920	0.01104	0.01150	0.00644	0.00736	0.01104	0.01518	0.02024	0.04371	0.71614	0.05245	0.02484	0.01012	0.00322	0.00460	0.02254	0.00736	0.00644
129	0.01699	0.01780	0.03630	0.02711	0.03316	0.01686	0.45443	0.05089	0.01870	0.02526	0.02311	0.19523	0.02222	0.01136	0.00948	0.00280	0.01096	0.01256	0.00503	0.00976
130	0.00946	0.00804	0.00815	0.00812	0.01076	0.00673	0.00609	0.01155	0.01828	0.02191	0.10789	0.07551	0.64077	0.01990	0.00937	0.00267	0.00400	0.01662	0.00743	0.00673
131	0.02799	0.02114	0.02258	0.01781	0.02377	0.02358	0.01455	0.52057	0.16564	0.04650	0.02178	0.02122	0.01570	0.00978	0.00796	0.00244	0.00822	0.00752	0.00796	0.01329
132	0.01644	0.01390	0.01913	0.01858	0.04921	0.01666	0.01381	0.01794	0.01424	0.02105	0.01952	0.03014	0.01883	0.09280	0.34442	0.00859	0.26209	0.00879	0.00484	0.00902

[dist]
# distance from previous block
# <min> <max>
0	2

[block]
# block no. 2 follows, 24 sequences, length 43
# corresponding to MSA columns:
# 170-212
name=unknown_C
#
# <colnr> <probs for GDERKNQSTAVLIFYWHMCP>
#	G	D	E	R	K	N	Q	S	T	A	V	L	I	F	Y	W	H	M	C	P
0	0.02514	0.02039	0.02104	0.01774	0.04506	0.06508	0.01378	0.38098	0.14104	0.04005	0.02641	0.02599	0.07842	0.01038	0.00793	0.00237	0.00808	0.00811	0.00732	0.05469
1	0.01535	0.01461	0.02386	0.59358	0.04923	0.01868	0.02128	0.02007	0.01526	0.02007	0.01351	0.02054	0.01055	0.00888	0.01081	0.00277	0.12160	0.00703	0.00352	0.00879
2	0.02346	0.01722	0.01858	0.01510	0.01995	0.01847	0.01209	0.39900	0.06522	0.05875	0.03423	0.07882	0.14793	0.04210	0.00971	0.00273	0.00728	0.01038	0.00772	0.01126
3	0.01026	0.00786	0.01169	0.01252	0.01349	0.00734	0.04949	0.01199	0.01542	0.02058	0.04187	0.67010	0.04977	0.02364	0.01007	0.00318	0.00518	0.02167	0.00714	0.00672
4	0.02221	0.01800	0.01905	0.01622	0.02115	0.02031	0.01287	0.22522	0.42276	0.03752	0.03154	0.02959	0.06560	0.01102	0.00812	0.00259	0.00687	0.00894	0.00798	0.01243
5	0.61047	0.01644	0.01435	0.04768	0.01895	0.01894	0.01039	0.12912	0.01767	0.03724	0.01256	0.01436	0.00953	0.00776	0.00558	0.00245	0.00681	0.00492	0.00535	0.00943
6	0.01878	0.02122	0.04582	0.03443	0.08322	0.01997	0.60205	0.02533	0.01867	0.02543	0.01597	0.02127	0.01207	0.00671	0.00926	0.00265	0.01311	0.00921	0.00401	0.01082
7	0.01728	0.01393	0.01633	0.01207	0.01859	0.01094	0.00959	0.04729	0.01750	0.05082	0.01700	0.06546	0.01494	0.00749	0.00634	0.00142	0.00594	0.00616	0.00521	0.65569
8	0.01165	0.00853	0.01089	0.01095	0.01258	0.00826	0.00812	0.01589	0.06193	0.02768	0.39646	0.18991	0.06101	0.06700	0.01173	0.00312	0.00470	0.07418	0.00800	0.00741
9	0.01586	0.01286	0.01504	0.01234	0.01715	0.01158	0.00975	0.02121	0.09770	0.05345	0.03205	0.08065	0.13766	0.01164	0.00861	0.00207	0.04914	0.03060	0.00603	0.37462
10	0.01603	0.04012	0.65127	0.02310	0.03465	0.01849	0.05736	0.02513	0.01683	0.02513	0.01431	0.01695	0.01014	0.00750	0.00762	0.00252	0.01179	0.00602	0.00338	0.01167
11	0.77733	0.01534	0.01166	0.01043	0.01534	0.01779	0.00859	0.02331	0.01350	0.03558	0.01104	0.01288	0.00859	0.00736	0.00491	0.00245	0.00613	0.00429	0.00491	0.00859
12	0.03163	0.01484	0.01863	0.01483	0.02060	0.01430	0.01207	0.07715	0.16827	0.49156	0.03075	0.02709	0.02029	0.01001	0.00799	0.00250	0.00676	0.00815	0.00930	0.01328
13	0.01653	0.04020	0.65164	0.02241	0.03390	0.01869	0.02868	0.05213	0.01764	0.02620	0.01444	0.01684	0.01020	0.00762	0.00755	0.00251	0.01159	0.00592	0.00355	0.01180
14	0.00972	0.00700	0.00922	0.01089	0.01149	0.00650	0.00732	0.01123	0.01561	0.02080	0.07296	0.66382	0.07550	0.02429	0.01006	0.00317	0.00454	0.02197	0.00742	0.00650
15	0.01937	0.01862	0.02851	0.02355	0.05696	0.01980	0.23019	0.03558	0.40891	0.03017	0.02591	0.02632	0.01949	0.00919	0.00850	0.00267	0.00886	0.00902	0.00649	0.01191
16	0.00966	0.00690	0.00920	0.01104	0.01150	0.00644	0.00736	0.01104	0.01518	0.02024	0.04371	0.71614	0.05245	0.02484	0.01012	0.00322	0.00460	0.02254	0.00736	0.00644
17	0.01929	0.01654	0.01761	0.01604	0.02036	0.01907	0.01257	0.04054	0.61780	0.03259	0.03288	0.03331	0.02554	0.01145	0.00825	0.00275	0.00634	0.04684	0.00802	0.01223
18	0.01478	0.00739	0.00739	0.00739	0.00924	0.00739	0.00554	0.01848	0.01663	0.02956	0.02587	0.02956	0.02033	0.00924	0.00554	0.00185	0.00370	0.00739	0.76534	0.00739
19	0.02918	0.02072	0.05676	0.01910	0.06000	0.02073	0.01538	0.43524	0.03146	0.17120	0.02187	0.04513	0.01585	0.00988	0.00799	0.00243	0.00838	0.00778	0.00782	0.01310
20	0.03505	0.01434	0.01892	0.01451	0.02066	0.01291	0.01199	0.09737	0.02411	0.61663	0.03010	0.02622	0.01903	0.00979	0.00797	0.00245	0.00694	0.00789	0.00963	0.01349
21	0.10163	0.02070	0.02176	0.01693	0.02303	0.04348	0.01393	0.47139	0.03226	0.14615	0.01999	0.01955	0.01388	0.00932	0.00763	0.00239	0.00835	0.00694	0.00782	0.01288
22	0.01157	0.00837	0.00962	0.00914	0.01169	0.00728	0.00691	0.01432	0.02005	0.06222	0.30869	0.06683	0.39864	0.01798	0.00929	0.00259	0.00406	0.01530	0.00804	0.00739
23	0.01809	0.01999	0.04198	0.05496	0.08306	0.01930	0.51806	0.02409	0.01811	0.02472	0.01722	0.05999	0.01422	0.00807	0.00994	0.00271	0.04114	0.00976	0.00415	0.01044
24	0.03014	0.02221	0.02380	0.01825	0.02459	0.02459	0.01507	0.64541	0.03728	0.04998	0.01904	0.01904	0.01349	0.00952	0.00793	0.00238	0.00873	0.00714	0.00793	0.01349
25	0.01849	0.07152	0.36802	0.06436	0.13396	0.01862	0.08924	0.02548	0.01749	0.07199	0.01556	0.01842	0.01144	0.00746	0.00763	0.00241	0.01072	0.00650	0.00403	0.03663
26	0.01838	0.02377	0.12360	0.03211	0.04058	0.01985	0.56862	0.02537	0.01848	0.02537	0.01582	0.02083	0.01179	0.00679	0.00914	0.00265	0.01317	0.00893	0.00393	0.01082
27	0.01312	0.01160	0.01598	0.01544	0.01569	0.01446	0.01185	0.01466	0.01382	0.01972	0.02874	0.40205	0.03355	0.01992	0.01727	0.00333	0.32022	0.01553	0.00561	0.00744
28	0.01972	0.01703	0.01793	0.01614	0.02062	0.01972	0.01255	0.04214	0.65752	0.03317	0.03228	0.02959	0.02421	0.01076	0.00807	0.00269	0.00628	0.00897	0.00807	0.01255
29	0.01735	0.01735	0.02429	0.02082	0.02082	0.02429	0.01735	0.01908	0.01214	0.01908	0.01041	0.01735	0.01041	0.01388	0.02602	0.00347	0.70680	0.00694	0.00347	0.00867
30	0.00997	0.00714	0.00947	0.01083	0.01157	0.00664	0.00738	0.01181	0.01660	0.02250	0.16531	0.58811	0.05681	0.02316	0.00997	0.00308	0.00443	0.02094	0.00763	0.00664
31	0.03014	0.02221	0.02380	0.01825	0.02459	0.02459	0.01507	0.64541	0.03728	0.04998	0.01904	0.01904	0.01349	0.00952	0.00793	0.00238	0.00873	0.00714	0.00793	0.01349
32	0.01011	0.00806	0.00905	0.00880	0.01116	0.00701	0.00660	0.01280	0.01981	0.02554	0.31351	0.06953	0.43288	0.01855	0.00936	0.00260	0.00391	0.01579	0.00791	0.00701
33	0.01909	0.01508	0.01673	0.01540	0.01942	0.01689	0.01222	0.03638	0.48444	0.06968	0.07316	0.04028	0.03031	0.01272	0.00858	0.00281	0.00630	0.10092	0.00810	0.01150
34	0.01153	0.00769	0.00865	0.00865	0.00865	0.00769	0.00480	0.01153	0.01153	0.01538	0.02499	0.05189	0.02883	0.72131	0.04036	0.00769	0.00769	0.01153	0.00480	0.00480
35	0.77733	0.01534	0.01166	0.01043	0.01534	0.01779	0.00859	0.02331	0.01350	0.03558	0.01104	0.01288	0.00859	0.00736	0.00491	0.00245	0.00613	0.00429	0.00491	0.00859
36	0.01591	0.01405	0.02257	0.03145	0.37537	0.01380	0.01696	0.02018	0.01987	0.02825	0.28495	0.03856	0.03946	0.01139	0.00859	0.00246	0.00700	0.03289	0.00603	0.01027
37	0.01496	0.01370	0.02282	0.66125	0.05194	0.01701	0.02105	0.02016	0.01590	0.02081	0.01479	0.02164	0.01115	0.00801	0.00779	0.00260	0.01017	0.00707	0.04848	0.00873
38	0.55979	0.06217	0.01596	0.05247	0.01921	0.01889	0.01054	0.08399	0.01673	0.07945	0.01339	0.01493	0.01004	0.00773	0.00560	0.00241	0.00684	0.00498	0.00536	0.00952
39	0.48031	0.01736	0.04531	0.01291	0.01841	0.01806	0.01110	0.14852	0.01976	0.10625	0.04435	0.01787	0.01377	0.00846	0.00616	0.00244	0.00686	0.00577	0.00613	0.01018
40	0.20261	0.01797	0.08591	0.08599	0.06288	0.01682	0.03580	0.06640	0.11544	0.12886	0.04228	0.02664	0.01834	0.00971	0.00749	0.00260	0.00786	0.04941	0.00622	0.01075
41	0.10480	0.16579	0.31624	0.01784	0.02635	0.02079	0.01986	0.07773	0.06296	0.09253	0.01659	0.01763	0.01213	0.00798	0.00688	0.00234	0.00935	0.00590	0.00487	0.01145
42	0.27704	0.04886	0.01861	0.08042	0.02263	0.01873	0.01242	0.17061	0.07946	0.13932	0.04546	0.02079	0.01590	0.00896	0.00687	0.00244	0.00728	0.00664	0.00664	0.01091

[dist]
# distance from previous block
# <min> <max>
1	14

[block]
# block no. 3 follows, 24 sequences, length 16
# corresponding to MSA columns:
# 227-242
name=unknown_D
#
# <colnr> <probs for GDERKNQSTAVLIFYWHMCP>
#	G	D	E	R	K	N	Q	S	T	A	V	L	I	F	Y	W	H	M	C	P
0	0.01190	0.05129	0.07292	0.01182	0.01469	0.00984	0.00986	0.01555	0.03763	0.02472	0.22329	0.30897	0.10964	0.01804	0.00907	0.00270	0.00526	0.01588	0.00708	0.03988
1	0.01654	0.01469	0.02517	0.59705	0.07846	0.01748	0.05742	0.02176	0.01650	0.05754	0.01520	0.02142	0.01125	0.00792	0.00801	0.00262	0.01047	0.00723	0.00392	0.00934
2	0.01612	0.10143	0.58344	0.02105	0.03175	0.01896	0.02661	0.02440	0.01701	0.02491	0.05169	0.01883	0.01380	0.00797	0.00742	0.00244	0.01096	0.00620	0.00366	0.01133
3	0.00949	0.00804	0.00820	0.00816	0.01079	0.00675	0.00612	0.01162	0.01836	0.02211	0.11911	0.07519	0.62943	0.01983	0.00937	0.00267	0.00400	0.01658	0.00745	0.00675
4	0.00937	0.00803	0.00803	0.00803	0.01071	0.00669	0.00602	0.01138	0.01807	0.02142	0.08033	0.07632	0.66863	0.02008	0.00937	0.00268	0.00402	0.01674	0.00736	0.00669
5	0.03074	0.02013	0.02237	0.01727	0.02348	0.02164	0.01423	0.48772	0.06645	0.17976	0.02228	0.02124	0.01532	0.00965	0.00795	0.00241	0.00819	0.00741	0.00833	0.01344
6	0.00939	0.00797	0.00810	0.00821	0.01076	0.00668	0.00610	0.01136	0.01791	0.02135	0.07821	0.11342	0.63290	0.02036	0.00942	0.00271	0.00405	0.01707	0.00736	0.00668
7	0.06859	0.68154	0.03968	0.01337	0.02004	0.03053	0.01326	0.02372	0.01595	0.01972	0.01103	0.01273	0.01008	0.00682	0.00508	0.00174	0.00833	0.00424	0.00349	0.01008
8	0.01858	0.01819	0.02899	0.26015	0.44023	0.05018	0.02316	0.02336	0.01755	0.02376	0.01452	0.01987	0.01180	0.00740	0.00784	0.00243	0.01003	0.00697	0.00380	0.01118
9	0.07089	0.02177	0.26851	0.01662	0.02194	0.01364	0.01742	0.01893	0.01584	0.02359	0.02645	0.19650	0.02760	0.05177	0.01151	0.00322	0.05448	0.12523	0.00524	0.00885
10	0.00966	0.00690	0.00920	0.01104	0.01150	0.00644	0.00736	0.01104	0.01518	0.02024	0.04371	0.71614	0.05245	0.02484	0.01012	0.00322	0.00460	0.02254	0.00736	0.00644
11	0.39518	0.01570	0.01683	0.14214	0.02488	0.01755	0.01256	0.11021	0.01888	0.15344	0.01645	0.01788	0.01167	0.00822	0.00645	0.00248	0.00743	0.00588	0.00597	0.01020
12	0.01092	0.00799	0.01024	0.00990	0.01171	0.00732	0.00734	0.01429	0.02140	0.02982	0.55856	0.12051	0.12571	0.01734	0.00942	0.00258	0.00384	0.01530	0.00848	0.00732
13	0.01367	0.01109	0.01350	0.07440	0.01801	0.01167	0.01002	0.02247	0.19562	0.02988	0.36306	0.04969	0.12663	0.01443	0.00887	0.00258	0.00509	0.01249	0.00791	0.00890
14	0.01644	0.01409	0.01644	0.01175	0.01879	0.01057	0.00940	0.01997	0.01644	0.02584	0.01409	0.01644	0.01175	0.00587	0.00587	0.00117	0.00587	0.00470	0.00470	0.76979
15	0.72008	0.01524	0.01257	0.06238	0.01829	0.01778	0.00960	0.02308	0.01367	0.03443	0.01127	0.01350	0.00874	0.00740	0.00513	0.00247	0.00647	0.00450	0.00480	0.00860

[dist]
# distance from previous block
# <min> <max>
1	3

[block]
# block no. 4 follows, 24 sequences, length 17
# corresponding to MSA columns:
# 246-262
name=unknown_E
#
# <colnr> <probs for GDERKNQSTAVLIFYWHMCP>
#	G	D	E	R	K	N	Q	S	T	A	V	L	I	F	Y	W	H	M	C	P
0	0.15186	0.10230	0.02020	0.01400	0.01898	0.01877	0.01145	0.24020	0.02359	0.14987	0.02115	0.06511	0.01762	0.09762	0.01122	0.00303	0.00753	0.00794	0.00679	0.01076
1	0.01135	0.00840	0.01226	0.01226	0.01351	0.00965	0.00931	0.01385	0.01260	0.01805	0.02169	0.03362	0.02089	0.13809	0.61274	0.01214	0.01963	0.00886	0.00431	0.00681
2	0.08633	0.06637	0.19244	0.05930	0.23408	0.01894	0.12201	0.02561	0.01762	0.08073	0.01570	0.01887	0.01187	0.00740	0.00760	0.00243	0.01010	0.00680	0.00433	0.01148
3	0.01907	0.01810	0.02989	0.12518	0.53859	0.01877	0.02300	0.02543	0.07500	0.02587	0.01637	0.02070	0.01336	0.00750	0.00788	0.00242	0.00928	0.00723	0.00425	0.01210
4	0.01498	0.01409	0.02378	0.70226	0.05462	0.01762	0.02202	0.02026	0.01586	0.02026	0.01409	0.02114	0.01057	0.00793	0.00793	0.00264	0.01057	0.00705	0.00352	0.00881
5	0.01184	0.00924	0.01372	0.01343	0.01472	0.01112	0.01054	0.01458	0.01269	0.01847	0.02033	0.02999	0.01903	0.05563	0.63391	0.01196	0.07904	0.00836	0.00418	0.00721
6	0.08680	0.36690	0.05247	0.07600	0.05756	0.05531	0.08039	0.02603	0.08690	0.02315	0.01448	0.01672	0.01192	0.00746	0.00638	0.00212	0.00912	0.00576	0.00417	0.01035
7	0.05476	0.62172	0.03802	0.01378	0.02032	0.05934	0.01332	0.02498	0.01668	0.05907	0.01230	0.01366	0.01068	0.00705	0.00535	0.00179	0.00854	0.00451	0.00387	0.01026
8	0.77733	0.01534	0.01166	0.01043	0.01534	0.01779	0.00859	0.02331	0.01350	0.03558	0.01104	0.01288	0.00859	0.00736	0.00491	0.00245	0.00613	0.00429	0.00491	0.00859
9	0.01642	0.06792	0.60208	0.02172	0.03267	0.01906	0.02734	0.02638	0.06638	0.02547	0.01549	0.01757	0.01115	0.00775	0.00747	0.00249	0.01116	0.00603	0.00372	0.01172
10	0.00953	0.00796	0.00831	0.00838	0.01085	0.00674	0.00623	0.01164	0.01822	0.02215	0.12341	0.11777	0.58140	0.02010	0.00942	0.00270	0.00403	0.01694	0.00747	0.00674
11	0.02436	0.01909	0.02002	0.03876	0.02298	0.05315	0.01362	0.20901	0.37693	0.09334	0.02693	0.02539	0.01969	0.01011	0.00797	0.00255	0.00753	0.00812	0.00784	0.01261
12	0.00980	0.00701	0.00932	0.01095	0.01153	0.00653	0.00737	0.01139	0.01582	0.02126	0.09850	0.65846	0.05441	0.02409	0.01005	0.00316	0.00453	0.02182	0.00748	0.00653
13	0.01547	0.03730	0.60336	0.02146	0.03204	0.01727	0.02714	0.02404	0.01712	0.02534	0.04755	0.02365	0.01554	0.00891	0.00785	0.00259	0.01104	0.04723	0.00387	0.01122
14	0.01963	0.01884	0.03219	0.04867	0.67185	0.01884	0.02434	0.02434	0.01806	0.02591	0.01492	0.01963	0.01256	0.00707	0.00785	0.00236	0.00942	0.00707	0.00393	0.01256
15	0.01589	0.01503	0.02543	0.57399	0.17574	0.01786	0.02248	0.02106	0.01629	0.02137	0.01426	0.02084	0.01096	0.00776	0.00791	0.00259	0.01035	0.00705	0.00360	0.00955
16	0.02662	0.02706	0.02398	0.08297	0.11001	0.29206	0.01682	0.22609	0.06428	0.03089	0.01613	0.01802	0.01243	0.00859	0.00761	0.00228	0.01109	0.00641	0.00548	0.01116

[dist]
# distance from previous block
# <min> <max>
0	3

[block]
# block no. 5 follows, 24 sequences, length 103
# corresponding to MSA columns:
# 266-368
name=unknown_F
#
# <colnr> <probs for GDERKNQSTAVLIFYWHMCP>
#	G	D	E	R	K	N	Q	S	T	A	V	L	I	F	Y	W	H	M	C	P
0	0.01868	0.25536	0.39741	0.01850	0.02776	0.02151	0.02197	0.02507	0.01724	0.06772	0.04822	0.01836	0.01409	0.00790	0.00688	0.00225	0.00994	0.00593	0.00408	0.01113
1	0.58058	0.03637	0.04869	0.04607	0.01923	0.01790	0.01101	0.04993	0.01567	0.09362	0.01355	0.01504	0.01002	0.00770	0.00560	0.00244	0.00687	0.00496	0.00529	0.00946
2	0.59535	0.10263	0.06952	0.01210	0.01784	0.01974	0.01111	0.04876	0.01503	0.03330	0.01162	0.01342	0.00909	0.00739	0.00526	0.00236	0.00697	0.00453	0.00472	0.00923
3	0.04717	0.01659	0.03250	0.19134	0.03782	0.01682	0.33929	0.02144	0.01701	0.02338	0.01924	0.09110	0.01723	0.01062	0.01011	0.04257	0.01090	0.04128	0.00439	0.00919
4	0.26897	0.46849	0.03096	0.01256	0.01871	0.02624	0.01187	0.02413	0.01549	0.04746	0.01175	0.01328	0.00999	0.00708	0.00513	0.00197	0.00765	0.00439	0.00411	0.00977
5	0.01111	0.00859	0.01282	0.01250	0.01411	0.00803	0.05865	0.01379	0.01804	0.02474	0.26329	0.38486	0.05621	0.04201	0.01076	0.00307	0.00518	0.03760	0.00750	0.00713
6	0.01133	0.00850	0.01274	0.01274	0.01416	0.00991	0.00991	0.01416	0.01274	0.01841	0.02124	0.03115	0.01982	0.05947	0.68989	0.01274	0.02124	0.00850	0.00425	0.00708
7	0.01267	0.00878	0.01107	0.01034	0.01259	0.00819	0.00780	0.01706	0.05325	0.06399	0.52445	0.07983	0.12707	0.01628	0.00925	0.00254	0.00408	0.01425	0.00857	0.00793
8	0.01215	0.00868	0.01205	0.01388	0.01543	0.00858	0.01168	0.01534	0.01763	0.02302	0.04234	0.21672	0.04702	0.02250	0.01078	0.00356	0.00675	0.49745	0.00731	0.00713
9	0.01861	0.01749	0.02880	0.23437	0.44189	0.01871	0.02280	0.04286	0.05000	0.02537	0.01567	0.02054	0.01260	0.00757	0.00789	0.00246	0.00957	0.00716	0.00414	0.01151
10	0.01163	0.00871	0.01121	0.01249	0.01452	0.00829	0.01054	0.01470	0.01808	0.02290	0.05355	0.11045	0.23268	0.02148	0.01045	0.00334	0.00621	0.41436	0.00732	0.00709
11	0.05525	0.01832	0.02354	0.09066	0.17463	0.01972	0.01682	0.28025	0.06689	0.09820	0.02079	0.04394	0.01628	0.00968	0.00797	0.00250	0.00844	0.02736	0.00661	0.01215
12	0.08198	0.01331	0.01655	0.01368	0.01855	0.01279	0.01118	0.08078	0.06590	0.37387	0.13412	0.03621	0.02995	0.01178	0.00824	0.00257	0.00639	0.06181	0.00879	0.01155
13	0.01066	0.00767	0.01010	0.01036	0.01172	0.00711	0.00744	0.01356	0.01985	0.02767	0.44457	0.29411	0.06682	0.01930	0.00963	0.00275	0.00405	0.01727	0.00824	0.00711
14	0.02447	0.01643	0.02931	0.07223	0.04985	0.01555	0.25165	0.03013	0.05198	0.27909	0.07502	0.02694	0.02055	0.00897	0.00861	0.00256	0.00935	0.00897	0.00681	0.01154
15	0.01748	0.01368	0.01621	0.01188	0.01852	0.01044	0.00946	0.02086	0.01683	0.07288	0.01687	0.05331	0.01442	0.00714	0.00624	0.00137	0.00587	0.00586	0.00521	0.67547
