[name]
unknown

[dist]
# distance from previous block
# <min> <max>
0	13

[block]
# block no. 0 follows, 25 sequences, length 23
# corresponding to MSA columns:
# 13-35
name=unknown_A
#
# <colnr> <probs for GDERKNQSTAVLIFYWHMCP>
#	G	D	E	R	K	N	Q	S	T	A	V	L	I	F	Y	W	H	M	C	P
0	0.02374	0.01584	0.01824	0.01509	0.02008	0.01628	0.01241	0.28469	0.07342	0.14199	0.02832	0.06040	0.05025	0.01214	0.00821	0.00250	0.00718	0.11313	0.00760	0.08852
1	0.01651	0.28386	0.31059	0.01745	0.02514	0.02067	0.04645	0.02175	0.01597	0.02148	0.01775	0.13491	0.01699	0.00994	0.00701	0.00229	0.00920	0.00807	0.00398	0.00999
2	0.01708	0.13759	0.02472	0.01786	0.01935	0.04662	0.01509	0.01909	0.01299	0.01849	0.01206	0.01828	0.01162	0.01942	0.13014	0.00452	0.45654	0.00652	0.00352	0.00850
3	0.65119	0.01360	0.01099	0.01030	0.01436	0.01551	0.00819	0.02076	0.01348	0.03224	0.01621	0.13300	0.01567	0.01010	0.00566	0.00253	0.00574	0.00723	0.00521	0.00804
4	0.01112	0.00843	0.01044	0.01164	0.01276	0.00850	0.00806	0.01595	0.12515	0.02194	0.04084	0.60481	0.04660	0.02196	0.00956	0.00306	0.00478	0.01979	0.00731	0.00731
5	0.02023	0.02107	0.02936	0.12741	0.46245	0.13331	0.04661	0.02454	0.01814	0.02352	0.01408	0.01857	0.01162	0.00719	0.00763	0.00230	0.01032	0.00667	0.00382	0.01118
6	0.04344	0.01470	0.02154	0.30430	0.19193	0.04767	0.01763	0.02057	0.03703	0.02354	0.12648	0.02646	0.02200	0.01025	0.00931	0.05293	0.00858	0.00796	0.00461	0.00907
7	0.01449	0.00924	0.01049	0.00957	0.01272	0.00810	0.00737	0.03971	0.01956	0.13574	0.14055	0.08557	0.44335	0.01725	0.00890	0.00257	0.00454	0.01448	0.00779	0.00800
8	0.01071	0.00773	0.01013	0.00993	0.01153	0.00714	0.00730	0.01398	0.02074	0.02918	0.56780	0.17064	0.06945	0.01728	0.00927	0.00256	0.00380	0.01538	0.00831	0.00714
9	0.01429	0.00914	0.01615	0.01393	0.01526	0.00892	0.11601	0.01260	0.01149	0.01540	0.01384	0.02312	0.01318	0.02348	0.02672	0.64350	0.00781	0.00714	0.00346	0.00457
10	0.01724	0.01728	0.03247	0.03632	0.35055	0.01677	0.23243	0.02194	0.01740	0.02422	0.01973	0.13906	0.01872	0.00973	0.00855	0.00255	0.00971	0.01023	0.00444	0.01065
11	0.01661	0.01579	0.02681	0.42281	0.32409	0.01774	0.02251	0.02153	0.01643	0.02220	0.01413	0.02003	0.01118	0.00739	0.00772	0.00246	0.00985	0.00690	0.00362	0.01020
12	0.00916	0.00785	0.00785	0.00785	0.01047	0.00655	0.00589	0.01113	0.01767	0.02095	0.07855	0.07462	0.67599	0.01964	0.00916	0.00262	0.00393	0.01636	0.00720	0.00655
13	0.01885	0.01835	0.03215	0.08480	0.59103	0.01845	0.07450	0.02365	0.01758	0.02497	0.01463	0.01942	0.01213	0.00693	0.00780	0.00234	0.00959	0.00709	0.00382	0.01192
14	0.01948	0.44796	0.26251	0.01675	0.02488	0.06984	0.01869	0.02419	0.01637	0.02047	0.01194	0.01390	0.00991	0.00698	0.00593	0.00196	0.00976	0.00475	0.00335	0.01041
15	0.01953	0.01647	0.01735	0.01535	0.01978	0.01875	0.01201	0.10279	0.54678	0.03322	0.03402	0.03156	0.07555	0.01113	0.00798	0.00260	0.00621	0.00920	0.00782	0.01190
16	0.00941	0.00783	0.00822	0.00820	0.01064	0.00664	0.00612	0.01157	0.01813	0.02221	0.15424	0.09518	0.57632	0.01931	0.00919	0.00261	0.00391	0.01626	0.00737	0.00664
17	0.00935	0.00775	0.00798	0.00810	0.01036	0.00661	0.00588	0.01112	0.01697	0.02039	0.07181	0.11504	0.58253	0.07743	0.01167	0.00305	0.00426	0.01632	0.00700	0.00638
18	0.02523	0.02010	0.15913	0.01625	0.02283	0.01559	0.01535	0.03620	0.24874	0.31417	0.02741	0.02517	0.01880	0.00945	0.00774	0.00249	0.00746	0.00770	0.00766	0.01250
19	0.02073	0.73217	0.04063	0.01327	0.01990	0.03068	0.01327	0.02322	0.01575	0.01824	0.01078	0.01244	0.00995	0.00663	0.00498	0.00166	0.00829	0.00415	0.00332	0.00995
20	0.07681	0.00786	0.00757	0.00747	0.00952	0.00805	0.00566	0.01845	0.01601	0.02938	0.02412	0.02758	0.01894	0.00888	0.00537	0.00185	0.00381	0.00698	0.70836	0.00732
21	0.01720	0.01641	0.02569	0.45319	0.24015	0.04395	0.02168	0.04837	0.01729	0.02268	0.01416	0.01988	0.01103	0.00757	0.00770	0.00247	0.01006	0.00683	0.00377	0.00993
22	0.02003	0.02001	0.03066	0.04523	0.62316	0.07635	0.02304	0.02441	0.01802	0.02479	0.01436	0.01875	0.01209	0.00700	0.00762	0.00228	0.00962	0.00674	0.00385	0.01200

[dist]
# distance from previous block
# <min> <max>
0	3

[block]
# block no. 1 follows, 25 sequences, length 131
# corresponding to MSA columns:
# 39-169
name=unknown_B
#
# <colnr> <probs for GDERKNQSTAVLIFYWHMCP>
#	G	D	E	R	K	N	Q	S	T	A	V	L	I	F	Y	W	H	M	C	P
0	0.01351	0.00675	0.00999	0.00999	0.01006	0.00675	0.00668	0.01041	0.01034	0.01406	0.01392	0.02377	0.01371	0.02625	0.02934	0.74465	0.00661	0.00675	0.03292	0.00352
1	0.01982	0.01962	0.03086	0.04580	0.63664	0.06240	0.02322	0.02426	0.01794	0.02492	0.01442	0.01885	0.01213	0.00698	0.00763	0.00228	0.00952	0.00678	0.00385	0.01207
2	0.00938	0.00779	0.00820	0.00825	0.01064	0.00661	0.00613	0.01149	0.01796	0.02199	0.14167	0.11346	0.57070	0.01951	0.00921	0.00263	0.00393	0.01646	0.00735	0.00661
3	0.00992	0.00708	0.00954	0.01134	0.01199	0.00670	0.00802	0.01161	0.01531	0.02032	0.04247	0.62405	0.05025	0.02385	0.01002	0.00321	0.00491	0.11577	0.00719	0.00643
4	0.00932	0.00786	0.00809	0.00824	0.01074	0.00664	0.00622	0.01133	0.01758	0.02100	0.07564	0.09893	0.62617	0.01988	0.00926	0.00268	0.00409	0.04260	0.00720	0.00656
5	0.00945	0.00675	0.00900	0.01080	0.01125	0.00630	0.00720	0.01080	0.01484	0.01979	0.04274	0.72245	0.05128	0.02429	0.00990	0.00315	0.00450	0.02204	0.00720	0.00630
6	0.02073	0.73217	0.04063	0.01327	0.01990	0.03068	0.01327	0.02322	0.01575	0.01824	0.01078	0.01244	0.00995	0.00663	0.00498	0.00166	0.00829	0.00415	0.00332	0.00995
7	0.01825	0.06242	0.02438	0.04693	0.02405	0.01708	0.11210	0.06675	0.04401	0.04628	0.01525	0.01876	0.01245	0.01073	0.04666	0.00265	0.13143	0.00640	0.00465	0.28879
8	0.01128	0.00752	0.00846	0.00846	0.00846	0.00752	0.00470	0.01128	0.01128	0.01503	0.02443	0.05074	0.02819	0.72751	0.03946	0.00752	0.00752	0.01128	0.00470	0.00470
9	0.01929	0.01666	0.01753	0.01578	0.02016	0.01929	0.01227	0.04120	0.66513	0.03243	0.03156	0.02893	0.02367	0.01052	0.00789	0.00263	0.00614	0.00877	0.00789	0.01227
10	0.01987	0.01652	0.01755	0.01570	0.02015	0.01899	0.01224	0.04107	0.64081	0.05711	0.03152	0.02883	0.02350	0.01048	0.00789	0.00262	0.00615	0.00873	0.00795	0.01231
11	0.01813	0.01764	0.03096	0.18903	0.48749	0.01827	0.07886	0.02303	0.01725	0.02410	0.01451	0.01966	0.01182	0.00706	0.00782	0.00239	0.00980	0.00710	0.00376	0.01133
12	0.00945	0.00675	0.00900	0.01080	0.01125	0.00630	0.00720	0.01080	0.01484	0.01979	0.04274	0.72245	0.05128	0.02429	0.00990	0.00315	0.00450	0.02204	0.00720	0.00630
13	0.00961	0.00686	0.00918	0.01098	0.01150	0.00644	0.00748	0.01108	0.01500	0.01997	0.04265	0.68879	0.05093	0.02414	0.00994	0.00317	0.00464	0.05410	0.00719	0.00634
14	0.02909	0.02153	0.02305	0.01776	0.02390	0.02386	0.01464	0.63013	0.06024	0.04824	0.01911	0.01901	0.01358	0.00935	0.00776	0.00234	0.00844	0.00705	0.00776	0.01315
15	0.02830	0.02093	0.02249	0.01748	0.02339	0.02316	0.01434	0.60502	0.05865	0.04709	0.02006	0.04728	0.01510	0.00995	0.00785	0.00237	0.00828	0.00765	0.00774	0.01288
16	0.01445	0.00723	0.00723	0.00723	0.00903	0.00723	0.00542	0.01807	0.01626	0.02891	0.02529	0.02891	0.01987	0.00903	0.00542	0.00181	0.00361	0.00723	0.77055	0.00723
17	0.01445	0.00723	0.00723	0.00723	0.00903	0.00723	0.00542	0.01807	0.01626	0.02891	0.02529	0.02891	0.01987	0.00903	0.00542	0.00181	0.00361	0.00723	0.77055	0.00723
18	0.01953	0.01906	0.03114	0.04664	0.65650	0.04185	0.02349	0.02404	0.01780	0.02511	0.01449	0.01901	0.01220	0.00695	0.00765	0.00229	0.00938	0.00684	0.00384	0.01217
19	0.01249	0.00892	0.01249	0.01428	0.01606	0.00892	0.01249	0.01606	0.01785	0.02320	0.04105	0.08746	0.04462	0.02142	0.01071	0.00357	0.00714	0.62695	0.00714	0.00714
20	0.02920	0.02106	0.02278	0.01743	0.02365	0.02300	0.01439	0.60357	0.03509	0.07508	0.01895	0.01885	0.01338	0.00919	0.00768	0.00229	0.00835	0.00693	0.00772	0.04141
21	0.02110	0.70098	0.03979	0.01357	0.02008	0.06055	0.01334	0.02356	0.01603	0.01828	0.01083	0.01251	0.00995	0.00669	0.00507	0.00167	0.00855	0.00418	0.00335	0.00991
22	0.00945	0.00675	0.00900	0.01080	0.01125	0.00630	0.00720	0.01080	0.01484	0.01979	0.04274	0.72245	0.05128	0.02429	0.00990	0.00315	0.00450	0.02204	0.00720	0.00630
23	0.01255	0.00924	0.01232	0.01375	0.01571	0.00929	0.01177	0.01706	0.05835	0.02347	0.04330	0.10916	0.09031	0.02072	0.01038	0.00342	0.00673	0.51787	0.00719	0.00738
24	0.02871	0.01899	0.06815	0.01754	0.04543	0.01782	0.03374	0.31350	0.02759	0.26605	0.02265	0.02191	0.01539	0.00909	0.00764	0.00234	0.00792	0.00726	0.05572	0.01258
25	0.01555	0.04011	0.68733	0.02210	0.03356	0.01801	0.02865	0.02455	0.01637	0.02455	0.01391	0.01637	0.00982	0.00737	0.00737	0.00246	0.01146	0.00573	0.00327	0.01146
26	0.34450	0.01634	0.02180	0.11970	0.31214	0.01782	0.01692	0.02284	0.01546	0.02863	0.01286	0.01657	0.01036	0.00714	0.00646	0.00238	0.00799	0.00575	0.00420	0.01013
27	0.00916	0.00785	0.00785	0.00785	0.01047	0.00655	0.00589	0.01113	0.01767	0.02095	0.07855	0.07462	0.67599	0.01964	0.00916	0.00262	0.00393	0.01636	0.00720	0.00655
28	0.01995	0.01698	0.01790	0.01591	0.02041	0.01959	0.01243	0.08090	0.62435	0.03350	0.03072	0.02826	0.02299	0.01044	0.00788	0.00261	0.00629	0.00865	0.00788	0.01233
29	0.00928	0.00786	0.00802	0.00798	0.01054	0.00660	0.00598	0.01135	0.01795	0.02160	0.11724	0.07354	0.63689	0.01939	0.00916	0.00261	0.00391	0.01621	0.00729	0.00660
30	0.01087	0.00785	0.01028	0.00982	0.01156	0.00725	0.00731	0.01438	0.02149	0.03036	0.63403	0.10102	0.07174	0.01640	0.00919	0.00248	0.00371	0.01454	0.00845	0.00725
31	0.01555	0.04011	0.68733	0.02210	0.03356	0.01801	0.02865	0.02455	0.01637	0.02455	0.01391	0.01637	0.00982	0.00737	0.00737	0.00246	0.01146	0.00573	0.00327	0.01146
32	0.02126	0.68708	0.03942	0.01370	0.02016	0.07386	0.01338	0.02372	0.01616	0.01829	0.01086	0.01254	0.00995	0.00672	0.00511	0.00168	0.00866	0.00420	0.00336	0.00989
33	0.00945	0.00675	0.00900	0.01080	0.01125	0.00630	0.00720	0.01080	0.01484	0.01979	0.04274	0.72245	0.05128	0.02429	0.00990	0.00315	0.00450	0.02204	0.00720	0.00630
34	0.01139	0.00816	0.01044	0.01037	0.01083	0.00889	0.00695	0.01241	0.01183	0.01635	0.02340	0.07139	0.02556	0.45205	0.24719	0.00872	0.04328	0.01059	0.00457	0.00565
35	0.01901	0.01823	0.03114	0.07448	0.65370	0.01837	0.02370	0.02363	0.01757	0.02511	0.01455	0.01925	0.01220	0.00694	0.00768	0.00231	0.00926	0.00691	0.00382	0.01213
36	0.02088	0.01914	0.01863	0.01835	0.09606	0.13342	0.01283	0.21704	0.07865	0.03071	0.03710	0.03652	0.22372	0.01218	0.00807	0.00239	0.00789	0.00976	0.00648	0.01017
37	0.01464	0.01378	0.02326	0.70887	0.05340	0.01723	0.02153	0.01981	0.01550	0.01981	0.01378	0.02067	0.01034	0.00775	0.00775	0.00258	0.01034	0.00689	0.00345	0.00861
38	0.01566	0.03937	0.66262	0.02251	0.03383	0.01807	0.05262	0.02457	0.01644	0.02457	0.01398	0.01655	0.00990	0.00733	0.00744	0.00246	0.01152	0.00586	0.00330	0.01142
39	0.01608	0.01378	0.01608	0.01148	0.01837	0.01034	0.00919	0.01952	0.01608	0.02527	0.01378	0.01608	0.01148	0.00574	0.00574	0.00115	0.00574	0.00459	0.00459	0.77491
40	0.01097	0.00793	0.01036	0.00975	0.01158	0.00732	0.00732	0.01463	0.02195	0.03109	0.67505	0.05792	0.07316	0.01585	0.00914	0.00244	0.00366	0.01402	0.00854	0.00732
41	0.01362	0.01115	0.01337	0.01139	0.01566	0.00912	0.00854	0.01700	0.04199	0.02342	0.02581	0.29243	0.02752	0.01318	0.00745	0.00199	0.00527	0.01158	0.00574	0.44377
42	0.01625	0.11267	0.58457	0.02172	0.03248	0.01944	0.06000	0.02443	0.01641	0.02390	0.01368	0.01619	0.00994	0.00724	0.00721	0.00238	0.01121	0.00574	0.00331	0.01125
43	0.01249	0.00892	0.01249	0.01428	0.01606	0.00892	0.01249	0.01606	0.01785	0.02320	0.04105	0.08746	0.04462	0.02142	0.01071	0.00357	0.00714	0.62695	0.00714	0.00714
44	0.01919	0.01842	0.03147	0.04759	0.67914	0.01842	0.02380	0.02380	0.01765	0.02533	0.01458	0.01919	0.01228	0.00691	0.00768	0.00230	0.00921	0.00691	0.00384	0.01228
45	0.03479	0.01320	0.01799	0.01380	0.01979	0.01140	0.01140	0.03779	0.02219	0.68451	0.03059	0.02639	0.01919	0.00960	0.00780	0.00240	0.00660	0.00780	0.00960	0.01320
46	0.00941	0.00786	0.00819	0.00811	0.01062	0.00665	0.00608	0.01160	0.01825	0.02231	0.15846	0.07238	0.59524	0.01913	0.00916	0.00259	0.00389	0.01605	0.00738	0.00665
47	0.01108	0.00831	0.01246	0.01246	0.01385	0.00969	0.00969	0.01385	0.01246	0.01800	0.02077	0.03046	0.01938	0.05815	0.69678	0.01246	0.02077	0.00831	0.00415	0.00692
48	0.01128	0.00752	0.00846	0.00846	0.00846	0.00752	0.00470	0.01128	0.01128	0.01503	0.02443	0.05074	0.02819	0.72751	0.03946	0.00752	0.00752	0.01128	0.00470	0.00470
49	0.01183	0.00871	0.01156	0.01299	0.01494	0.00845	0.01117	0.01508	0.01781	0.02275	0.04856	0.08489	0.17112	0.02106	0.01040	0.00338	0.00650	0.50462	0.00715	0.00702
50	0.02440	0.01845	0.02025	0.04762	0.02328	0.02070	0.01368	0.29951	0.32776	0.08113	0.02521	0.02402	0.01834	0.00982	0.00782	0.00248	0.00737	0.00786	0.00774	0.01256
51	0.01608	0.01378	0.01608	0.01148	0.01837	0.01034	0.00919	0.01952	0.01608	0.02527	0.01378	0.01608	0.01148	0.00574	0.00574	0.00115	0.00574	0.00459	0.00459	0.77491
52	0.01876	0.01611	0.01708	0.01540	0.01962	0.01853	0.01196	0.03953	0.62475	0.03235	0.07196	0.03075	0.02678	0.01085	0.00797	0.00262	0.00598	0.00910	0.00793	0.01196
53	0.02737	0.01720	0.07946	0.01736	0.06239	0.01506	0.01417	0.14797	0.04328	0.35010	0.06736	0.05270	0.02134	0.01034	0.00860	0.00246	0.03450	0.00836	0.00787	0.01212
54	0.01806	0.02271	0.16867	0.03967	0.46729	0.01800	0.07071	0.02368	0.01744	0.02504	0.01571	0.02179	0.01318	0.00763	0.00786	0.00241	0.00987	0.03465	0.00387	0.01174
55	0.01777	0.01043	0.01077	0.00957	0.01235	0.01094	0.00748	0.15849	0.02072	0.03332	0.02382	0.02663	0.01840	0.00909	0.00594	0.00192	0.00470	0.00717	0.60193	0.00854
56	0.01086	0.00792	0.01020	0.00963	0.01151	0.00727	0.00722	0.01440	0.02167	0.03043	0.63636	0.05900	0.11226	0.01610	0.00915	0.00245	0.00368	0.01417	0.00845	0.00727
57	0.01883	0.46579	0.26833	0.01700	0.02537	0.02586	0.03920	0.02374	0.01605	0.02068	0.01204	0.01409	0.00996	0.00689	0.00595	0.00197	0.00956	0.00486	0.00332	0.01050
58	0.03457	0.01355	0.01821	0.01396	0.01997	0.01192	0.01153	0.06312	0.02278	0.65835	0.03010	0.02607	0.01895	0.00958	0.00780	0.00240	0.00668	0.00776	0.00952	0.01319
59	0.01085	0.00734	0.00858	0.00901	0.00911	0.00723	0.00529	0.01116	0.01212	0.01615	0.02874	0.20878	0.03362	0.56206	0.03251	0.00649	0.00681	0.01381	0.00529	0.00507
60	0.00966	0.00782	0.00805	0.00799	0.01049	0.00666	0.00599	0.01189	0.01798	0.02239	0.13057	0.07020	0.57885	0.01862	0.00893	0.00255	0.00388	0.01557	0.05525	0.00666
61	0.10915	0.04404	0.02032	0.06973	0.05495	0.20397	0.01362	0.09232	0.02145	0.24126	0.01926	0.01957	0.01361	0.00848	0.00707	0.00225	0.00913	0.00631	0.03270	0.01081
62	0.02073	0.73217	0.04063	0.01327	0.01990	0.03068	0.01327	0.02322	0.01575	0.01824	0.01078	0.01244	0.00995	0.00663	0.00498	0.00166	0.00829	0.00415	0.00332	0.00995
63	0.01138	0.00748	0.00854	0.00854	0.00854	0.00748	0.00480	0.01122	0.01122	0.01496	0.02390	0.04943	0.02748	0.69361	0.03902	0.04462	0.00748	0.01106	0.00463	0.00463
64	0.01905	0.01927	0.05725	0.04659	0.65376	0.01841	0.02399	0.02383	0.01760	0.02530	0.01456	0.01908	0.01219	0.00693	0.00766	0.00231	0.00930	0.00686	0.00382	0.01225
65	0.04594	0.01587	0.01892	0.01834	0.10107	0.05675	0.03520	0.06850	0.09519	0.02663	0.02128	0.14452	0.02005	0.01049	0.00787	0.00213	0.02742	0.00892	0.00550	0.26942
66	0.01959	0.01919	0.03108	0.04646	0.65218	0.04632	0.02343	0.02409	0.01783	0.02507	0.01448	0.01898	0.01219	0.00695	0.00765	0.00229	0.00941	0.00683	0.00384	0.01215
67	0.01767	0.01373	0.01624	0.01168	0.01850	0.01043	0.00938	0.02108	0.01660	0.08134	0.01521	0.01696	0.01214	0.00607	0.00592	0.00125	0.00581	0.00487	0.00502	0.71011
68	0.01919	0.01842	0.03147	0.04759	0.67914	0.01842	0.02380	0.02380	0.01765	0.02533	0.01458	0.01919	0.01228	0.00691	0.00768	0.00230	0.00921	0.00691	0.00384	0.01228
69	0.01108	0.00831	0.01246	0.01246	0.01385	0.00969	0.00969	0.01385	0.01246	0.01800	0.02077	0.03046	0.01938	0.05815	0.69678	0.01246	0.02077	0.00831	0.00415	0.00692
70	0.01919	0.01842	0.03147	0.04759	0.67914	0.01842	0.02380	0.02380	0.01765	0.02533	0.01458	0.01919	0.01228	0.00691	0.00768	0.00230	0.00921	0.00691	0.00384	0.01228
71	0.06442	0.01449	0.01848	0.01423	0.02020	0.01345	0.01175	0.12505	0.02386	0.56735	0.02808	0.02472	0.01790	0.00946	0.00767	0.00239	0.00685	0.00753	0.00914	0.01300
72	0.03479	0.01320	0.01799	0.01380	0.01979	0.01140	0.01140	0.03779	0.02219	0.68451	0.03059	0.02639	0.01919	0.00960	0.00780	0.00240	0.00660	0.00780	0.00960	0.01320
73	0.01097	0.00821	0.01224	0.01236	0.01368	0.00948	0.00954	0.01365	0.01261	0.01811	0.02215	0.07391	0.02139	0.05603	0.65365	0.01188	0.01975	0.00917	0.00434	0.00688
74	0.01089	0.00792	0.01024	0.00966	0.01153	0.00728	0.00725	0.01446	0.02174	0.03060	0.64619	0.05873	0.10233	0.01603	0.00915	0.00245	0.00367	0.01414	0.00847	0.00728
75	0.01110	0.00822	0.01202	0.01202	0.01325	0.00945	0.00914	0.01356	0.01233	0.01767	0.02117	0.03269	0.02035	0.13160	0.62465	0.01192	0.01931	0.00863	0.00421	0.00668
76	0.01128	0.00752	0.00846	0.00846	0.00846	0.00752	0.00470	0.01128	0.01128	0.01503	0.02443	0.05074	0.02819	0.72751	0.03946	0.00752	0.00752	0.01128	0.00470	0.00470
77	0.01929	0.01666	0.01753	0.01578	0.02016	0.01929	0.01227	0.04120	0.66513	0.03243	0.03156	0.02893	0.02367	0.01052	0.00789	0.00263	0.00614	0.00877	0.00789	0.01227
78	0.02106	0.70449	0.03989	0.01353	0.02006	0.05718	0.01334	0.02353	0.01600	0.01827	0.01083	0.01250	0.00995	0.00669	0.00506	0.00167	0.00852	0.00418	0.00334	0.00991
79	0.01125	0.00822	0.01204	0.01204	0.01339	0.00948	0.00928	0.01395	0.01260	0.01841	0.02114	0.03121	0.01977	0.08299	0.63660	0.01174	0.01940	0.00838	0.04126	0.00685
80	0.01425	0.00721	0.00730	0.00737	0.00913	0.00719	0.00549	0.01777	0.01620	0.02853	0.02602	0.05766	0.02118	0.00967	0.00561	0.00186	0.00365	0.00784	0.73891	0.00719
81	0.01874	0.05329	0.01868	0.01272	0.01948	0.01389	0.01040	0.13400	0.01974	0.02915	0.01449	0.01634	0.01171	0.00643	0.00606	0.00139	0.00638	0.00500	0.00510	0.59701
82	0.02073	0.73217	0.04063	0.01327	0.01990	0.03068	0.01327	0.02322	0.01575	0.01824	0.01078	0.01244	0.00995	0.00663	0.00498	0.00166	0.00829	0.00415	0.00332	0.00995
83	0.02033	0.44436	0.24704	0.01616	0.02429	0.02486	0.01806	0.02496	0.01653	0.08027	0.01357	0.01496	0.01074	0.00714	0.00600	0.00198	0.00916	0.00499	0.00387	0.01073
84	0.00945	0.00675	0.00900	0.01080	0.01125	0.00630	0.00720	0.01080	0.01484	0.01979	0.04274	0.72245	0.05128	0.02429	0.00990	0.00315	0.00450	0.02204	0.00720	0.00630
85	0.01128	0.00752	0.00846	0.00846	0.00846	0.00752	0.00470	0.01128	0.01128	0.01503	0.02443	0.05074	0.02819	0.72751	0.03946	0.00752	0.00752	0.01128	0.00470	0.00470
86	0.02605	0.13786	0.02431	0.01819	0.02231	0.45614	0.01428	0.08307	0.02109	0.02128	0.01293	0.01630	0.01124	0.04640	0.00967	0.00236	0.05756	0.00549	0.00422	0.00925
87	0.02280	0.02526	0.02796	0.03740	0.43725	0.26873	0.02054	0.02644	0.01925	0.02298	0.01362	0.01727	0.01143	0.00731	0.00742	0.00219	0.01097	0.00620	0.00390	0.01107
88	0.01233	0.00887	0.01227	0.01397	0.01579	0.00881	0.01217	0.01583	0.01784	0.02309	0.04287	0.08684	0.07517	0.02133	0.01063	0.00352	0.00698	0.59741	0.00714	0.00711
89	0.01904	0.01827	0.03121	0.06898	0.65890	0.01838	0.02372	0.02367	0.01759	0.02515	0.01456	0.01924	0.01222	0.00694	0.00768	0.00231	0.00925	0.00691	0.00383	0.01216
90	0.01465	0.01313	0.02004	0.04861	0.09313	0.03460	0.11577	0.04351	0.05831	0.02401	0.05660	0.30247	0.03436	0.01613	0.00921	0.00287	0.00751	0.09034	0.00615	0.00861
91	0.01827	0.09527	0.01992	0.04224	0.01893	0.09163	0.01241	0.08694	0.01676	0.04325	0.01705	0.02452	0.01553	0.10396	0.19205	0.00562	0.14768	0.00727	0.03222	0.00848
92	0.01445	0.00723	0.00723	0.00723	0.00903	0.00723	0.00542	0.01807	0.01626	0.02891	0.02529	0.02891	0.01987	0.00903	0.00542	0.00181	0.00361	0.00723	0.77055	0.00723
93	0.25434	0.01408	0.01627	0.01290	0.01856	0.01368	0.01065	0.05871	0.02013	0.46732	0.02428	0.02201	0.01577	0.00888	0.00691	0.00240	0.00650	0.00671	0.00811	0.01178
94	0.01865	0.01787	0.03050	0.12614	0.60481	0.01828	0.02353	0.02332	0.01740	0.02468	0.01449	0.01937	0.01205	0.00701	0.00769	0.00234	0.00934	0.00691	0.00379	0.01185
95	0.01387	0.01187	0.01649	0.01514	0.01599	0.01506	0.01198	0.03891	0.01317	0.01923	0.01845	0.07030	0.01853	0.09935	0.31670	0.00766	0.27674	0.00883	0.00424	0.00749
96	0.00916	0.00785	0.00785	0.00785	0.01047	0.00655	0.00589	0.01113	0.01767	0.02095	0.07855	0.07462	0.67599	0.01964	0.00916	0.00262	0.00393	0.01636	0.00720	0.00655
97	0.01626	0.01514	0.02509	0.53296	0.19208	0.01777	0.02176	0.04646	0.01684	0.02223	0.01416	0.02026	0.01089	0.00763	0.00774	0.00251	0.01001	0.00690	0.00371	0.00962
98	0.01127	0.00860	0.01141	0.01196	0.05474	0.00794	0.00820	0.01477	0.02111	0.02940	0.55473	0.05758	0.14751	0.01576	0.00905	0.00245	0.00405	0.01386	0.00806	0.00754
99	0.01432	0.00725	0.00735	0.00733	0.00913	0.00723	0.00549	0.01793	0.01648	0.02899	0.05084	0.03005	0.02197	0.00930	0.00557	0.00183	0.00362	0.00749	0.74060	0.00723
100	0.01919	0.01842	0.03147	0.04759	0.67914	0.01842	0.02380	0.02380	0.01765	0.02533	0.01458	0.01919	0.01228	0.00691	0.00768	0.00230	0.00921	0.00691	0.00384	0.01228
101	0.01555	0.04011	0.68733	0.02210	0.03356	0.01801	0.02865	0.02455	0.01637	0.02455	0.01391	0.01637	0.00982	0.00737	0.00737	0.00246	0.01146	0.00573	0.00327	0.01146
102	0.00919	0.00774	0.00798	0.00817	0.01056	0.00652	0.00603	0.01109	0.01737	0.02082	0.07471	0.14399	0.60910	0.02014	0.00924	0.00268	0.00399	0.01697	0.00720	0.00652
103	0.02849	0.03616	0.02204	0.01999	0.02383	0.66960	0.01506	0.03047	0.02157	0.01896	0.01191	0.01410	0.01000	0.00821	0.00773	0.00205	0.04183	0.00507	0.00397	0.00897
104	0.01003	0.00807	0.00910	0.00965	0.01194	0.00714	0.00764	0.01237	0.01757	0.02146	0.06709	0.11223	0.48194	0.02034	0.00960	0.00289	0.00478	0.17231	0.00718	0.00668
105	0.02970	0.02285	0.02285	0.01785	0.02381	0.09326	0.01459	0.55598	0.03419	0.07945	0.01856	0.01855	0.01317	0.00919	0.00768	0.00230	0.00900	0.00682	0.00746	0.01275
106	0.01128	0.00752	0.00846	0.00846	0.00846	0.00752	0.00470	0.01128	0.01128	0.01503	0.02443	0.05074	0.02819	0.72751	0.03946	0.00752	0.00752	0.01128	0.00470	0.00470
107	0.01041	0.00749	0.01008	0.01180	0.01276	0.00715	0.00885	0.01250	0.01592	0.02093	0.04357	0.49352	0.07321	0.02319	0.01013	0.00326	0.00532	0.21613	0.00718	0.00658
108	0.01608	0.01378	0.01608	0.01148	0.01837	0.01034	0.00919	0.01952	0.01608	0.02527	0.01378	0.01608	0.01148	0.00574	0.00574	0.00115	0.00574	0.00459	0.00459	0.77491
109	0.01609	0.01676	0.03269	0.02734	0.09468	0.01681	0.35303	0.02057	0.01659	0.02289	0.02138	0.18894	0.02112	0.01174	0.01125	0.00281	0.09955	0.01173	0.00463	0.00939
110	0.01555	0.04011	0.68733	0.02210	0.03356	0.01801	0.02865	0.02455	0.01637	0.02455	0.01391	0.01637	0.00982	0.00737	0.00737	0.00246	0.01146	0.00573	0.00327	0.01146
111	0.03205	0.01605	0.01998	0.01617	0.04229	0.01572	0.01283	0.22050	0.05369	0.44649	0.02656	0.02396	0.01738	0.00946	0.00779	0.00238	0.00724	0.00757	0.00879	0.01312
112	0.01830	0.02092	0.04575	0.03268	0.04052	0.01961	0.65098	0.02484	0.01830	0.02484	0.01569	0.02092	0.01176	0.00654	0.00915	0.00261	0.01307	0.00915	0.00392	0.01046
113	0.01097	0.00793	0.01036	0.00975	0.01158	0.00732	0.00732	0.01463	0.02195	0.03109	0.67505	0.05792	0.07316	0.01585	0.00914	0.00244	0.00366	0.01402	0.00854	0.00732
114	0.01128	0.00752	0.00846	0.00846	0.00846	0.00752	0.00470	0.01128	0.01128	0.01503	0.02443	0.05074	0.02819	0.72751	0.03946	0.00752	0.00752	0.01128	0.00470	0.00470
115	0.01918	0.01632	0.01732	0.01549	0.01978	0.01873	0.01206	0.06472	0.59888	0.03303	0.07143	0.03032	0.02634	0.01080	0.00796	0.00261	0.00608	0.00902	0.00792	0.01200
116	0.01414	0.00720	0.00734	0.00745	0.00917	0.00717	0.00553	0.01761	0.01617	0.02833	0.02639	0.07245	0.02185	0.00999	0.00570	0.00189	0.00367	0.00816	0.72262	0.00717
117	0.05109	0.60008	0.10969	0.01438	0.02136	0.05492	0.01483	0.02365	0.01596	0.01963	0.01117	0.01294	0.00988	0.00679	0.00531	0.00179	0.00877	0.00436	0.00340	0.01002
118	0.02720	0.05698	0.02296	0.02166	0.07563	0.59335	0.01542	0.02946	0.02105	0.01942	0.01250	0.01500	0.01054	0.00986	0.03444	0.00243	0.01369	0.00525	0.00397	0.00920
119	0.01805	0.01438	0.01670	0.01220	0.01889	0.01165	0.00979	0.06126	0.04680	0.06201	0.01577	0.01736	0.01255	0.00638	0.00607	0.00136	0.00598	0.00510	0.00521	0.65249
120	0.44606	0.02056	0.16397	0.03866	0.06840	0.01690	0.01477	0.02489	0.01534	0.10658	0.01415	0.01576	0.01030	0.00751	0.00602	0.00241	0.00765	0.00524	0.00490	0.00992
121	0.03416	0.01333	0.01798	0.01387	0.01981	0.01171	0.01143	0.03792	0.04803	0.65831	0.03063	0.02649	0.01937	0.00963	0.00780	0.00241	0.00658	0.00784	0.00953	0.01316
122	0.01128	0.00752	0.00846	0.00846	0.00846	0.00752	0.00470	0.01128	0.01128	0.01503	0.02443	0.05074	0.02819	0.72751	0.03946	0.00752	0.00752	0.01128	0.00470	0.00470
123	0.01639	0.01712	0.05673	0.35170	0.21293	0.01791	0.11623	0.02155	0.01628	0.02211	0.01440	0.02035	0.01137	0.00940	0.03388	0.00290	0.03796	0.00723	0.00364	0.00991
124	0.02722	0.02042	0.02322	0.06804	0.06806	0.02259	0.01547	0.54488	0.03303	0.04457	0.01826	0.01917	0.01317	0.00903	0.00767	0.00232	0.00853	0.00698	0.03479	0.01259
125	0.00918	0.00781	0.00790	0.00798	0.01050	0.00654	0.00595	0.01111	0.01756	0.02090	0.07706	0.10147	0.65010	0.01983	0.00919	0.00264	0.00395	0.01660	0.00720	0.00654
126	0.01108	0.00831	0.01246	0.01246	0.01385	0.00969	0.00969	0.01385	0.01246	0.01800	0.02077	0.03046	0.01938	0.05815	0.69678	0.01246	0.02077	0.00831	0.00415	0.00692
127	0.09615	0.02089	0.02195	0.01707	0.02306	0.02324	0.01406	0.56960	0.06259	0.04687	0.01850	0.01854	0.01323	0.00917	0.00750	0.00235	0.00820	0.00681	0.00750	0.01272
128	0.06666	0.01417	0.01592	0.01184	0.01810	0.01194	0.00950	0.08597	0.01841	0.02852	0.05154	0.02051	0.03935	0.00726	0.00620	0.00148	0.00588	0.00576	0.00525	0.57574
129	0.01969	0.01971	0.02517	0.02408	0.11656	0.10240	0.06182	0.08364	0.01677	0.02285	0.01318	0.01956	0.01204	0.05733	0.01867	0.00318	0.36274	0.00707	0.00408	0.00945
130	0.02813	0.02059	0.02202	0.01707	0.02293	0.02278	0.01404	0.58977	0.05788	0.04697	0.01952	0.01966	0.01400	0.00933	0.00761	0.00230	0.00813	0.00706	0.05745	0.01276

[dist]
# distance from previous block
# <min> <max>
0	1

[block]
# block no. 2 follows, 25 sequences, length 32
# corresponding to MSA columns:
# 171-202
name=unknown_C
#
# <colnr> <probs for GDERKNQSTAVLIFYWHMCP>
#	G	D	E	R	K	N	Q	S	T	A	V	L	I	F	Y	W	H	M	C	P
0	0.01881	0.02202	0.10160	0.05949	0.10689	0.01952	0.42132	0.06893	0.05203	0.02671	0.01633	0.02053	0.01228	0.00710	0.00860	0.00255	0.01172	0.00832	0.00430	0.01095
1	0.02017	0.65694	0.11093	0.01423	0.02139	0.02930	0.01494	0.02336	0.01582	0.01893	0.01112	0.01287	0.00994	0.00671	0.00524	0.00175	0.00864	0.00432	0.00331	0.01011
2	0.01763	0.01683	0.02865	0.27458	0.46435	0.01801	0.02302	0.02243	0.01692	0.02344	0.01431	0.01970	0.01161	0.00720	0.00770	0.00240	0.00960	0.00690	0.00370	0.01102
3	0.14708	0.05189	0.16391	0.12569	0.12431	0.01717	0.07645	0.04173	0.01694	0.02619	0.04296	0.05206	0.01707	0.00934	0.00752	0.00253	0.00904	0.05378	0.00450	0.00983
4	0.01940	0.01869	0.03020	0.09928	0.42317	0.04509	0.10052	0.07729	0.01918	0.02624	0.01646	0.05846	0.01420	0.00815	0.00797	0.00240	0.00967	0.00796	0.00434	0.01134
5	0.01883	0.01626	0.01710	0.01542	0.01973	0.01872	0.01199	0.03986	0.63619	0.03192	0.03366	0.03097	0.05283	0.01093	0.00795	0.00263	0.00604	0.00911	0.00786	0.01202
6	0.00945	0.00675	0.00900	0.01080	0.01125	0.00630	0.00720	0.01080	0.01484	0.01979	0.04274	0.72245	0.05128	0.02429	0.00990	0.00315	0.00450	0.02204	0.00720	0.00630
7	0.01584	0.07854	0.65142	0.02161	0.03280	0.01871	0.02779	0.02448	0.01634	0.02420	0.01374	0.01615	0.00983	0.00733	0.00723	0.00241	0.01128	0.00564	0.00328	0.01138
8	0.02077	0.01723	0.04229	0.01756	0.05720	0.01837	0.01341	0.03928	0.53880	0.09990	0.02988	0.02767	0.02207	0.01011	0.00785	0.00258	0.00655	0.00845	0.00768	0.01234
9	0.00948	0.00702	0.00873	0.01006	0.01094	0.00641	0.00679	0.01089	0.01526	0.01979	0.04937	0.55153	0.18204	0.05901	0.01124	0.00326	0.00453	0.02030	0.00707	0.00627
10	0.03479	0.01320	0.01799	0.01380	0.01979	0.01140	0.01140	0.03779	0.02219	0.68451	0.03059	0.02639	0.01919	0.00960	0.00780	0.00240	0.00660	0.00780	0.00960	0.01320
11	0.02286	0.54307	0.06077	0.01471	0.02106	0.13452	0.01399	0.02556	0.01723	0.06698	0.01253	0.01385	0.01062	0.00709	0.00559	0.00180	0.00919	0.00461	0.00388	0.01009
12	0.01830	0.02092	0.04575	0.03268	0.04052	0.01961	0.65098	0.02484	0.01830	0.02484	0.01569	0.02092	0.01176	0.00654	0.00915	0.00261	0.01307	0.00915	0.00392	0.01046
13	0.00941	0.00730	0.00857	0.00945	0.01093	0.00646	0.00663	0.01115	0.01648	0.02093	0.09362	0.40198	0.32584	0.02178	0.00953	0.00288	0.00420	0.01911	0.00727	0.00646
14	0.01087	0.00792	0.01022	0.00964	0.01152	0.00727	0.00723	0.01443	0.02170	0.03050	0.64049	0.05889	0.10808	0.01607	0.00915	0.00245	0.00367	0.01416	0.00846	0.00727
15	0.02044	0.01723	0.01818	0.01601	0.02060	0.01983	0.01255	0.11075	0.59370	0.03430	0.03009	0.02776	0.02248	0.01038	0.00787	0.00260	0.00641	0.00856	0.00787	0.01238
16	0.00952	0.00686	0.00903	0.01062	0.01123	0.00637	0.00715	0.01102	0.01536	0.02047	0.07959	0.65835	0.07847	0.02363	0.00982	0.00309	0.00443	0.02136	0.00727	0.00637
17	0.01445	0.00723	0.00723	0.00723	0.00903	0.00723	0.00542	0.01807	0.01626	0.02891	0.02529	0.02891	0.01987	0.00903	0.00542	0.00181	0.00361	0.00723	0.77055	0.00723
18	0.03405	0.03960	0.01905	0.01395	0.01998	0.01265	0.01161	0.06435	0.02259	0.63241	0.02935	0.02554	0.01859	0.00948	0.00769	0.00237	0.00674	0.00763	0.00929	0.01308
19	0.01929	0.01666	0.01753	0.01578	0.02016	0.01929	0.01227	0.04120	0.66513	0.03243	0.03156	0.02893	0.02367	0.01052	0.00789	0.00263	0.00614	0.00877	0.00789	0.01227
20	0.00945	0.00675	0.00900	0.01080	0.01125	0.00630	0.00720	0.01080	0.01484	0.01979	0.04274	0.72245	0.05128	0.02429	0.00990	0.00315	0.00450	0.02204	0.00720	0.00630
21	0.02085	0.54814	0.13821	0.01537	0.02246	0.10283	0.01583	0.02429	0.01654	0.01930	0.01140	0.01322	0.00993	0.00690	0.00557	0.00182	0.00941	0.00448	0.00339	0.01008
22	0.01555	0.04011	0.68733	0.02210	0.03356	0.01801	0.02865	0.02455	0.01637	0.02455	0.01391	0.01637	0.00982	0.00737	0.00737	0.00246	0.01146	0.00573	0.00327	0.01146
23	0.01728	0.01825	0.01576	0.01507	0.01736	0.24801	0.01153	0.01979	0.01576	0.01834	0.01772	0.02474	0.01612	0.04074	0.45738	0.00883	0.01841	0.00716	0.00410	0.00764
24	0.01608	0.01378	0.01608	0.01148	0.01837	0.01034	0.00919	0.01952	0.01608	0.02527	0.01378	0.01608	0.01148	0.00574	0.00574	0.00115	0.00574	0.00459	0.00459	0.77491
25	0.78228	0.01499	0.01140	0.01020	0.01499	0.01739	0.00840	0.02279	0.01320	0.03479	0.01080	0.01260	0.00840	0.00720	0.00480	0.00240	0.00600	0.00420	0.00480	0.00840
26	0.01056	0.00791	0.00979	0.00932	0.01133	0.00714	0.00699	0.01382	0.02096	0.02876	0.53763	0.06177	0.21204	0.01672	0.00915	0.00248	0.00372	0.01456	0.00823	0.00714
27	0.01464	0.01378	0.02326	0.70887	0.05340	0.01723	0.02153	0.01981	0.01550	0.01981	0.01378	0.02067	0.01034	0.00775	0.00775	0.00258	0.01034	0.00689	0.00345	0.00861
28	0.01108	0.00831	0.01246	0.01246	0.01385	0.00969	0.00969	0.01385	0.01246	0.01800	0.02077	0.03046	0.01938	0.05815	0.69678	0.01246	0.02077	0.00831	0.00415	0.00692
29	0.01849	0.01771	0.03021	0.14933	0.58287	0.01824	0.02345	0.02318	0.01732	0.02448	0.01446	0.01942	0.01198	0.00704	0.00769	0.00235	0.00938	0.00691	0.00378	0.01172
30	0.01854	0.02060	0.09424	0.14301	0.49585	0.04534	0.02358	0.02356	0.01738	0.02417	0.01429	0.01893	0.01166	0.00712	0.00763	0.00235	0.00979	0.00671	0.00373	0.01152
31	0.02029	0.48947	0.20056	0.01592	0.02372	0.02686	0.01726	0.08539	0.01794	0.02283	0.01233	0.01403	0.01024	0.00708	0.00585	0.00192	0.00911	0.00482	0.00374	0.01064

[dist]
# distance from previous block
# <min> <max>
0	6

[block]
# block no. 3 follows, 25 sequences, length 26
# corresponding to MSA columns:
# 209-234
name=unknown_D
#
# <colnr> <probs for GDERKNQSTAVLIFYWHMCP>
#	G	D	E	R	K	N	Q	S	T	A	V	L	I	F	Y	W	H	M	C	P
0	0.02604	0.02643	0.02152	0.01823	0.02304	0.32763	0.03932	0.16064	0.12314	0.06206	0.04715	0.02020	0.01618	0.00892	0.00745	0.00219	0.01038	0.00668	0.00589	0.04693
1	0.01239	0.00845	0.01143	0.01247	0.01419	0.00799	0.00990	0.01510	0.01712	0.05211	0.08630	0.31975	0.04653	0.02083	0.00992	0.00316	0.00579	0.29578	0.00725	0.04353
2	0.12417	0.26274	0.28786	0.01757	0.02575	0.02162	0.06492	0.02329	0.01581	0.02379	0.01344	0.03627	0.01112	0.00750	0.00637	0.00217	0.00936	0.00570	0.00371	0.03686
3	0.02209	0.02588	0.01907	0.01759	0.02037	0.41316	0.01346	0.02431	0.01798	0.01863	0.01465	0.01957	0.01303	0.02467	0.23107	0.00550	0.08046	0.00623	0.00399	0.00828
4	0.10612	0.01382	0.01729	0.01370	0.01937	0.01301	0.01122	0.03676	0.10521	0.53566	0.02877	0.02537	0.01872	0.00948	0.00752	0.00243	0.00648	0.00757	0.00890	0.01260
5	0.01963	0.01952	0.03192	0.04522	0.60435	0.05287	0.06418	0.02423	0.01792	0.02498	0.01452	0.01904	0.01213	0.00694	0.00774	0.00231	0.00970	0.00696	0.00385	0.01200
6	0.01595	0.01446	0.02176	0.02247	0.14262	0.01483	0.11226	0.02528	0.21041	0.02675	0.08694	0.10188	0.08755	0.01280	0.00872	0.00269	0.00732	0.06892	0.00638	0.01002
7	0.00952	0.00678	0.00897	0.01070	0.01113	0.00635	0.00709	0.01082	0.01469	0.01959	0.04195	0.69372	0.05029	0.05436	0.01116	0.00334	0.00463	0.02158	0.00709	0.00623
8	0.03479	0.01320	0.01799	0.01380	0.01979	0.01140	0.01140	0.03779	0.02219	0.68451	0.03059	0.02639	0.01919	0.00960	0.00780	0.00240	0.00660	0.00780	0.00960	0.01320
9	0.01714	0.03789	0.63223	0.02142	0.03243	0.01746	0.02723	0.02564	0.01685	0.07889	0.01529	0.01719	0.01059	0.00755	0.00740	0.00245	0.01106	0.00590	0.00379	0.01160
10	0.00994	0.00710	0.00957	0.01136	0.01203	0.00673	0.00806	0.01165	0.01533	0.02035	0.04246	0.61916	0.05020	0.02382	0.01003	0.00322	0.00493	0.12044	0.00719	0.00643
11	0.01090	0.00787	0.01030	0.00980	0.01157	0.00727	0.00731	0.01445	0.02162	0.03057	0.64564	0.08883	0.07214	0.01624	0.00918	0.00247	0.00370	0.01440	0.00847	0.00727
12	0.02073	0.73217	0.04063	0.01327	0.01990	0.03068	0.01327	0.02322	0.01575	0.01824	0.01078	0.01244	0.00995	0.00663	0.00498	0.00166	0.00829	0.00415	0.00332	0.00995
13	0.02309	0.05099	0.02541	0.10488	0.11083	0.31059	0.07477	0.06546	0.07975	0.02338	0.01542	0.01842	0.01236	0.01024	0.03888	0.00271	0.01192	0.00643	0.00447	0.00999
14	0.01899	0.01822	0.03111	0.07708	0.65124	0.01837	0.02369	0.02362	0.01756	0.02508	0.01455	0.01926	0.01219	0.00695	0.00768	0.00232	0.00926	0.00691	0.00382	0.01212
15	0.00945	0.00675	0.00900	0.01080	0.01125	0.00630	0.00720	0.01080	0.01484	0.01979	0.04274	0.72245	0.05128	0.02429	0.00990	0.00315	0.00450	0.02204	0.00720	0.00630
16	0.06477	0.01712	0.09056	0.01502	0.02131	0.01419	0.01341	0.06248	0.12404	0.45170	0.02750	0.02473	0.01813	0.00938	0.00762	0.00244	0.00711	0.00752	0.00834	0.01264
17	0.01684	0.01797	0.09037	0.37492	0.11669	0.01829	0.08398	0.02188	0.01593	0.05112	0.01435	0.01987	0.01103	0.00836	0.01023	0.00264	0.10504	0.00703	0.00379	0.00968
18	0.01645	0.01621	0.02276	0.01967	0.01979	0.02252	0.01633	0.01824	0.01193	0.01860	0.01110	0.01814	0.01098	0.01747	0.08409	0.00418	0.65282	0.00692	0.00346	0.00835
19	0.01109	0.00823	0.01209	0.01209	0.01335	0.00949	0.00923	0.01361	0.01235	0.01773	0.02111	0.03232	0.02019	0.11969	0.63635	0.01201	0.01955	0.00858	0.00420	0.00672
20	0.01636	0.09379	0.55808	0.02372	0.07999	0.01914	0.05501	0.02440	0.01650	0.02411	0.01379	0.01646	0.01010	0.00724	0.00728	0.00239	0.01111	0.00584	0.00335	0.01135
21	0.01004	0.00740	0.00951	0.01082	0.01197	0.00687	0.00790	0.01204	0.01636	0.02140	0.09479	0.45411	0.15799	0.02239	0.00986	0.00308	0.00480	0.12484	0.00729	0.00656
22	0.02025	0.66855	0.10009	0.01408	0.02116	0.02951	0.01468	0.02334	0.01581	0.01882	0.01107	0.01280	0.00994	0.00670	0.00519	0.00173	0.00858	0.00429	0.00331	0.01009
23	0.14607	0.47424	0.11116	0.01489	0.02174	0.05332	0.04154	0.02368	0.01576	0.02203	0.01141	0.01335	0.00976	0.00686	0.00549	0.00193	0.00872	0.00459	0.00361	0.00985
24	0.08532	0.02265	0.02130	0.01853	0.05321	0.15486	0.01420	0.35154	0.05003	0.03656	0.01942	0.02048	0.04394	0.01071	0.02513	0.00259	0.04517	0.00690	0.00626	0.01120
25	0.39749	0.01682	0.01627	0.01363	0.01863	0.04662	0.03767	0.11545	0.10892	0.09732	0.01763	0.01823	0.01299	0.00828	0.00624	0.00239	0.00696	0.00596	0.04239	0.01013

[dist]
# distance from previous block
# <min> <max>
0	1

[block]
# block no. 4 follows, 25 sequences, length 51
# corresponding to MSA columns:
# 236-286
name=unknown_E
#
# <colnr> <probs for GDERKNQSTAVLIFYWHMCP>
#	G	D	E	R	K	N	Q	S	T	A	V	L	I	F	Y	W	H	M	C	P
0	0.01919	0.01842	0.03147	0.04759	0.67914	0.01842	0.02380	0.02380	0.01765	0.02533	0.01458	0.01919	0.01228	0.00691	0.00768	0.00230	0.00921	0.00691	0.00384	0.01228
1	0.01919	0.01842	0.03147	0.04759	0.67914	0.01842	0.02380	0.02380	0.01765	0.02533	0.01458	0.01919	0.01228	0.00691	0.00768	0.00230	0.00921	0.00691	0.00384	0.01228
2	0.33693	0.06764	0.31040	0.01609	0.02403	0.01848	0.01797	0.05257	0.01616	0.05710	0.01334	0.01509	0.00978	0.00743	0.00619	0.00238	0.00866	0.00514	0.00438	0.01025
3	0.01919	0.01842	0.03147	0.04759	0.67914	0.01842	0.02380	0.02380	0.01765	0.02533	0.01458	0.01919	0.01228	0.00691	0.00768	0.00230	0.00921	0.00691	0.00384	0.01228
4	0.01929	0.01666	0.01753	0.01578	0.02016	0.01929	0.01227	0.04120	0.66513	0.03243	0.03156	0.02893	0.02367	0.01052	0.00789	0.00263	0.00614	0.00877	0.00789	0.01227
5	0.01802	0.02004	0.04175	0.03005	0.03728	0.01912	0.55347	0.02397	0.01767	0.02445	0.01515	0.02024	0.01163	0.00695	0.00999	0.00255	0.06075	0.00861	0.00394	0.07440
6	0.03448	0.01369	0.01830	0.01403	0.02004	0.01213	0.01159	0.07332	0.02302	0.64782	0.02990	0.02594	0.01885	0.00958	0.00779	0.00239	0.00671	0.00775	0.00949	0.01319
7	0.01830	0.02092	0.04575	0.03268	0.04052	0.01961	0.65098	0.02484	0.01830	0.02484	0.01569	0.02092	0.01176	0.00654	0.00915	0.00261	0.01307	0.00915	0.00392	0.01046
8	0.00945	0.00675	0.00900	0.01080	0.01125	0.00630	0.00720	0.01080	0.01484	0.01979	0.04274	0.72245	0.05128	0.02429	0.00990	0.00315	0.00450	0.02204	0.00720	0.00630
9	0.00941	0.00689	0.00885	0.01043	0.01115	0.00633	0.00703	0.01084	0.01520	0.01994	0.04719	0.64182	0.12903	0.02371	0.00981	0.00308	0.00443	0.02134	0.00720	0.00633
10	0.00916	0.00785	0.00785	0.00785	0.01047	0.00655	0.00589	0.01113	0.01767	0.02095	0.07855	0.07462	0.67599	0.01964	0.00916	0.00262	0.00393	0.01636	0.00720	0.00655
11	0.01067	0.00787	0.01000	0.00973	0.01157	0.00720	0.00730	0.01393	0.02070	0.02860	0.52445	0.10794	0.15407	0.01718	0.00926	0.00256	0.00388	0.03774	0.00820	0.00713
12	0.01758	0.31173	0.43351	0.01863	0.02820	0.02298	0.02261	0.02403	0.01613	0.02208	0.01268	0.01483	0.00987	0.00708	0.00643	0.00214	0.01022	0.00511	0.00329	0.01087
13	0.01464	0.01378	0.02326	0.70887	0.05340	0.01723	0.02153	0.01981	0.01550	0.01981	0.01378	0.02067	0.01034	0.00775	0.00775	0.00258	0.01034	0.00689	0.00345	0.00861
14	0.63175	0.01504	0.01297	0.01111	0.01616	0.01679	0.00916	0.05506	0.01568	0.13519	0.01421	0.01500	0.01028	0.00767	0.00540	0.00240	0.00621	0.00488	0.00568	0.00936
15	0.01123	0.00754	0.00867	0.00886	0.00896	0.00752	0.00520	0.01147	0.01178	0.01567	0.02620	0.08899	0.03021	0.65637	0.03652	0.00710	0.00734	0.04053	0.00495	0.00490
16	0.02073	0.73217	0.04063	0.01327	0.01990	0.03068	0.01327	0.02322	0.01575	0.01824	0.01078	0.01244	0.00995	0.00663	0.00498	0.00166	0.00829	0.00415	0.00332	0.00995
17	0.01756	0.01417	0.01654	0.01191	0.01873	0.01110	0.00957	0.05358	0.01740	0.05389	0.01473	0.01664	0.01189	0.00609	0.00593	0.00126	0.00592	0.00485	0.00497	0.70325
18	0.01304	0.00838	0.01103	0.01010	0.01230	0.00767	0.00767	0.01664	0.02197	0.08775	0.61917	0.05518	0.06848	0.01531	0.00903	0.00244	0.00391	0.01348	0.00863	0.00783
19	0.02754	0.02076	0.02218	0.01745	0.02331	0.02314	0.01427	0.53732	0.15557	0.04575	0.02107	0.02057	0.01517	0.00954	0.00778	0.00238	0.00808	0.00732	0.00778	0.01301
20	0.01608	0.01378	0.01608	0.01148	0.01837	0.01034	0.00919	0.01952	0.01608	0.02527	0.01378	0.01608	0.01148	0.00574	0.00574	0.00115	0.00574	0.00459	0.00459	0.77491
21	0.00935	0.00782	0.00815	0.00815	0.01061	0.00661	0.00608	0.01146	0.01799	0.02191	0.13656	0.09688	0.59297	0.01943	0.00919	0.00262	0.00392	0.01634	0.00733	0.00661
22	0.00945	0.00675	0.00900	0.01080	0.01125	0.00630	0.00720	0.01080	0.01484	0.01979	0.04274	0.72245	0.05128	0.02429	0.00990	0.00315	0.00450	0.02204	0.00720	0.00630
23	0.01696	0.01696	0.02375	0.02036	0.02036	0.02375	0.01696	0.01866	0.01187	0.01866	0.01018	0.01696	0.01018	0.01357	0.02545	0.00339	0.71332	0.00679	0.00339	0.00848
24	0.01555	0.04011	0.68733	0.02210	0.03356	0.01801	0.02865	0.02455	0.01637	0.02455	0.01391	0.01637	0.00982	0.00737	0.00737	0.00246	0.01146	0.00573	0.00327	0.01146
