[name]
unknown

[dist]
# distance from previous block
# <min> <max>
0	0

[block]
# block no. 0 follows, 24 sequences, length 16
# corresponding to MSA columns:
# 0-15
name=unknown_A
#
# <colnr> <probs for GDERKNQSTAVLIFYWHMCP>
#	G	D	E	R	K	N	Q	S	T	A	V	L	I	F	Y	W	H	M	C	P
0	0.01278	0.00913	0.01278	0.01460	0.01643	0.00913	0.01278	0.01643	0.01825	0.02373	0.04199	0.08945	0.04564	0.02191	0.01095	0.00365	0.00730	0.61847	0.00730	0.00730
1	0.01133	0.00850	0.01274	0.01274	0.01416	0.00991	0.00991	0.01416	0.01274	0.01841	0.02124	0.03115	0.01982	0.05947	0.68989	0.01274	0.02124	0.00850	0.00425	0.00708
2	0.32996	0.02939	0.37416	0.01881	0.05646	0.01818	0.02053	0.02433	0.01547	0.02946	0.01295	0.01529	0.00956	0.00744	0.00647	0.00248	0.00931	0.00527	0.00402	0.01047
3	0.01377	0.00689	0.01033	0.01033	0.01033	0.00689	0.00689	0.01033	0.01033	0.01377	0.01377	0.02410	0.01377	0.02755	0.03099	0.76928	0.00689	0.00689	0.00344	0.00344
4	0.00948	0.00798	0.00822	0.00828	0.01081	0.00672	0.00616	0.01154	0.01815	0.02188	0.10767	0.10698	0.60881	0.02013	0.00941	0.00270	0.00403	0.01690	0.00743	0.00672
5	0.01335	0.00848	0.01110	0.01038	0.01243	0.00779	0.00772	0.01665	0.02132	0.08946	0.52540	0.10990	0.06558	0.05186	0.01085	0.00281	0.00429	0.01429	0.00852	0.00782
6	0.08430	0.59064	0.03696	0.01408	0.02041	0.10390	0.01336	0.02460	0.01661	0.02013	0.01116	0.01291	0.01005	0.00699	0.00530	0.00180	0.00894	0.00434	0.00359	0.00994
7	0.70679	0.01467	0.01156	0.01039	0.01501	0.01684	0.00849	0.02254	0.01432	0.03523	0.07150	0.01715	0.01469	0.00818	0.00532	0.00246	0.00591	0.00522	0.00526	0.00849
8	0.00964	0.00765	0.00845	0.00903	0.01079	0.00670	0.00635	0.01129	0.01662	0.02055	0.06421	0.27640	0.42141	0.07923	0.01216	0.00326	0.00450	0.01814	0.00715	0.00646
9	0.02898	0.02163	0.02314	0.01801	0.02415	0.02405	0.01479	0.57790	0.10669	0.04810	0.02052	0.02022	0.01469	0.00966	0.00795	0.00241	0.00845	0.00734	0.00795	0.01338
10	0.03014	0.02221	0.02380	0.01825	0.02459	0.02459	0.01507	0.64541	0.03728	0.04998	0.01904	0.01904	0.01349	0.00952	0.00793	0.00238	0.00873	0.00714	0.00793	0.01349
11	0.00987	0.00699	0.00914	0.01077	0.01118	0.00658	0.00708	0.01110	0.01477	0.01970	0.04161	0.64181	0.04980	0.10278	0.01351	0.00372	0.00495	0.02131	0.00708	0.00626
12	0.01153	0.00769	0.00865	0.00865	0.00865	0.00769	0.00480	0.01153	0.01153	0.01538	0.02499	0.05189	0.02883	0.72131	0.04036	0.00769	0.00769	0.01153	0.00480	0.00480
13	0.01492	0.02667	0.38535	0.01734	0.02480	0.01371	0.01988	0.02146	0.01860	0.05933	0.21291	0.09434	0.03377	0.01183	0.00834	0.00257	0.00843	0.01003	0.00565	0.01006
14	0.01644	0.01409	0.01644	0.01175	0.01879	0.01057	0.00940	0.01997	0.01644	0.02584	0.01409	0.01644	0.01175	0.00587	0.00587	0.00117	0.00587	0.00470	0.00470	0.76979
15	0.01267	0.00947	0.01243	0.10992	0.01805	0.00969	0.00947	0.01517	0.01727	0.05534	0.17828	0.13414	0.20561	0.12557	0.01480	0.00350	0.04088	0.01380	0.00664	0.00729

[dist]
# distance from previous block
# <min> <max>
1	4

[block]
# block no. 1 follows, 24 sequences, length 14
# corresponding to MSA columns:
# 20-33
name=unknown_B
#
# <colnr> <probs for GDERKNQSTAVLIFYWHMCP>
#	G	D	E	R	K	N	Q	S	T	A	V	L	I	F	Y	W	H	M	C	P
0	0.57131	0.01714	0.06779	0.10243	0.02232	0.01745	0.01221	0.02397	0.01462	0.07106	0.01291	0.01512	0.00963	0.00760	0.00570	0.00248	0.00721	0.00500	0.00489	0.00916
1	0.11475	0.02206	0.12976	0.02641	0.03353	0.01865	0.38752	0.02359	0.01712	0.02590	0.01707	0.07567	0.01449	0.00875	0.00949	0.00271	0.04899	0.00914	0.00427	0.01012
2	0.02389	0.02433	0.02723	0.09293	0.32059	0.20763	0.01995	0.13688	0.02253	0.02788	0.01483	0.01816	0.01189	0.00789	0.00768	0.00230	0.01076	0.00653	0.00465	0.01145
3	0.02138	0.01715	0.02027	0.07073	0.02349	0.01891	0.01378	0.27106	0.08049	0.03408	0.02086	0.10626	0.01833	0.01138	0.01034	0.00248	0.10318	0.00877	0.00636	0.14069
4	0.02210	0.01772	0.06232	0.10882	0.02833	0.03120	0.10795	0.05173	0.14826	0.17514	0.02271	0.02484	0.01680	0.04712	0.00965	0.00268	0.00863	0.00785	0.00631	0.09986
5	0.12088	0.11379	0.17879	0.01675	0.02389	0.01878	0.04313	0.13104	0.02151	0.16622	0.07357	0.02207	0.01806	0.00893	0.00727	0.00237	0.00843	0.00698	0.00616	0.01138
6	0.01515	0.01035	0.01198	0.04078	0.01406	0.06191	0.00830	0.01433	0.01317	0.01791	0.01723	0.07137	0.01666	0.02086	0.02138	0.46201	0.00700	0.00771	0.09547	0.07235
7	0.02060	0.01699	0.01801	0.01344	0.02010	0.06639	0.01076	0.10348	0.02007	0.07383	0.01579	0.01735	0.01240	0.00680	0.00639	0.00149	0.00697	0.00528	0.00543	0.55843
8	0.39250	0.01743	0.03524	0.04482	0.10197	0.01857	0.01322	0.12299	0.06578	0.09453	0.01639	0.01763	0.01212	0.00816	0.00645	0.00246	0.00734	0.00591	0.00584	0.01068
9	0.08039	0.08456	0.18989	0.02370	0.15719	0.11884	0.01870	0.02543	0.07416	0.02532	0.04904	0.08197	0.01862	0.00970	0.00749	0.00241	0.00941	0.00790	0.00474	0.01053
10	0.23138	0.01976	0.10135	0.10799	0.02486	0.07648	0.01468	0.06778	0.01808	0.11227	0.01836	0.07367	0.01504	0.00978	0.00791	0.00253	0.04174	0.00733	0.03918	0.00983
11	0.09335	0.02060	0.01881	0.09130	0.02378	0.19177	0.01341	0.09078	0.07762	0.11812	0.08066	0.02700	0.06461	0.01049	0.00856	0.00245	0.04244	0.00792	0.00625	0.01008
12	0.22062	0.08211	0.01823	0.01342	0.01809	0.05757	0.01096	0.11338	0.05428	0.05042	0.09031	0.05270	0.02092	0.00988	0.00764	0.00227	0.04034	0.00731	0.02567	0.10388
13	0.19126	0.07829	0.02154	0.04204	0.02251	0.01994	0.03719	0.22869	0.07359	0.03568	0.01630	0.01761	0.01243	0.00798	0.00666	0.00214	0.00760	0.00599	0.00589	0.16667

[dist]
# distance from previous block
# <min> <max>
5	18

[block]
# block no. 2 follows, 24 sequences, length 12
# corresponding to MSA columns:
# 52-63
name=unknown_C
#
# <colnr> <probs for GDERKNQSTAVLIFYWHMCP>
#	G	D	E	R	K	N	Q	S	T	A	V	L	I	F	Y	W	H	M	C	P
0	0.16280	0.12330	0.21537	0.02132	0.02900	0.06705	0.18888	0.02448	0.01691	0.02567	0.01489	0.04852	0.01228	0.00800	0.00729	0.00243	0.01052	0.00700	0.00407	0.01021
1	0.02573	0.05618	0.09425	0.01883	0.04955	0.08310	0.01596	0.37755	0.05603	0.03911	0.01823	0.01918	0.01350	0.00886	0.00745	0.00226	0.00902	0.00669	0.05973	0.03879
2	0.05059	0.02301	0.02350	0.07554	0.02560	0.20345	0.04843	0.11716	0.01973	0.02519	0.01419	0.04240	0.01243	0.01062	0.01359	0.00266	0.23857	0.00698	0.00459	0.04176
3	0.25652	0.01635	0.01563	0.01326	0.01778	0.06313	0.01066	0.16907	0.02187	0.10828	0.07554	0.02667	0.06779	0.01424	0.06322	0.00326	0.00819	0.00765	0.03094	0.00994
4	0.01621	0.01476	0.02379	0.64636	0.05216	0.01819	0.02145	0.07135	0.01761	0.02269	0.01450	0.02097	0.01081	0.00806	0.00793	0.00262	0.01042	0.00705	0.00388	0.00919
5	0.01965	0.01399	0.01677	0.01214	0.01904	0.01075	0.00978	0.02310	0.01749	0.13513	0.01698	0.01821	0.01307	0.00653	0.00623	0.00139	0.00602	0.00525	0.00556	0.64292
6	0.03089	0.01365	0.01779	0.01386	0.01959	0.01224	0.01132	0.06829	0.05120	0.50677	0.09066	0.02903	0.02425	0.01018	0.00796	0.00237	0.00648	0.00836	0.00917	0.06592
7	0.01963	0.01884	0.03219	0.04867	0.67185	0.01884	0.02434	0.02434	0.01806	0.02591	0.01492	0.01963	0.01256	0.00707	0.00785	0.00236	0.00942	0.00707	0.00393	0.01256
8	0.01498	0.01409	0.02378	0.70226	0.05462	0.01762	0.02202	0.02026	0.01586	0.02026	0.01409	0.02114	0.01057	0.00793	0.00793	0.00264	0.01057	0.00705	0.00352	0.00881
9	0.02968	0.03599	0.02263	0.02018	0.02452	0.61260	0.01529	0.10263	0.02418	0.02294	0.01304	0.01485	0.01059	0.00833	0.00724	0.00208	0.01366	0.00534	0.00453	0.00969
10	0.01133	0.00850	0.01274	0.01274	0.01416	0.00991	0.00991	0.01416	0.01274	0.01841	0.02124	0.03115	0.01982	0.05947	0.68989	0.01274	0.02124	0.00850	0.00425	0.00708
11	0.01864	0.02069	0.04283	0.03339	0.09787	0.02043	0.51298	0.02457	0.01790	0.02472	0.01529	0.02076	0.01189	0.00755	0.01114	0.00274	0.09318	0.00886	0.00394	0.01064

[dist]
# distance from previous block
# <min> <max>
0	5

[block]
# block no. 3 follows, 24 sequences, length 6
# corresponding to MSA columns:
# 69-74
name=unknown_D
#
# <colnr> <probs for GDERKNQSTAVLIFYWHMCP>
#	G	D	E	R	K	N	Q	S	T	A	V	L	I	F	Y	W	H	M	C	P
0	0.02848	0.02061	0.02202	0.01707	0.02293	0.02273	0.01404	0.57749	0.03505	0.04776	0.01978	0.02018	0.01423	0.00949	0.00767	0.00232	0.00818	0.00717	0.08998	0.01283
1	0.01062	0.00808	0.00976	0.00934	0.01148	0.00722	0.00701	0.01379	0.02102	0.02841	0.47575	0.06482	0.26885	0.01748	0.00936	0.00255	0.00383	0.01512	0.00828	0.00722
2	0.01726	0.19124	0.02842	0.01854	0.02127	0.02263	0.08038	0.01979	0.01387	0.01935	0.01349	0.02043	0.01285	0.05436	0.11735	0.00453	0.32472	0.00699	0.00369	0.00883
3	0.02116	0.01322	0.01560	0.01308	0.01718	0.01326	0.01038	0.15868	0.09193	0.17136	0.26380	0.04243	0.10759	0.01325	0.00862	0.00250	0.00575	0.01113	0.00857	0.01050
4	0.02827	0.01799	0.01920	0.01524	0.02098	0.08659	0.01227	0.15730	0.08381	0.28981	0.05603	0.02429	0.01938	0.00939	0.00764	0.00223	0.00762	0.00742	0.00784	0.12670
5	0.01957	0.51457	0.23875	0.01636	0.02467	0.02738	0.01843	0.02417	0.01631	0.02065	0.01201	0.01396	0.01014	0.00702	0.00584	0.00195	0.00948	0.00474	0.00338	0.01065

[dist]
# distance from previous block
# <min> <max>
4	6

[block]
# block no. 4 follows, 24 sequences, length 11
# corresponding to MSA columns:
# 81-91
name=unknown_E
#
# <colnr> <probs for GDERKNQSTAVLIFYWHMCP>
#	G	D	E	R	K	N	Q	S	T	A	V	L	I	F	Y	W	H	M	C	P
0	0.01592	0.04904	0.04795	0.01657	0.02148	0.01442	0.11647	0.01976	0.01576	0.02370	0.01746	0.05234	0.01540	0.01589	0.10640	0.00358	0.09031	0.00739	0.08552	0.26460
1	0.04894	0.01068	0.01285	0.04551	0.01601	0.01039	0.00909	0.08253	0.02143	0.03037	0.34077	0.12313	0.11510	0.01506	0.00868	0.00246	0.00506	0.01300	0.00752	0.08143
2	0.09993	0.03435	0.51444	0.02009	0.03029	0.01738	0.02457	0.02685	0.01725	0.11933	0.01632	0.01779	0.01126	0.00784	0.00732	0.00250	0.01041	0.00599	0.00444	0.01164
3	0.01612	0.01010	0.01209	0.01085	0.01405	0.00941	0.00838	0.02134	0.09353	0.14805	0.29760	0.05513	0.24091	0.01560	0.00896	0.00257	0.00467	0.01329	0.00844	0.00893
4	0.01963	0.01884	0.03219	0.04867	0.67185	0.01884	0.02434	0.02434	0.01806	0.02591	0.01492	0.01963	0.01256	0.00707	0.00785	0.00236	0.00942	0.00707	0.00393	0.01256
5	0.01498	0.01409	0.02378	0.70226	0.05462	0.01762	0.02202	0.02026	0.01586	0.02026	0.01409	0.02114	0.01057	0.00793	0.00793	0.00264	0.01057	0.00705	0.00352	0.00881
6	0.01911	0.01510	0.02035	0.32768	0.03562	0.04525	0.01575	0.02330	0.01734	0.11580	0.01646	0.01999	0.01226	0.00748	0.00717	0.00207	0.00853	0.00626	0.00486	0.27962
7	0.01599	0.01513	0.02561	0.56016	0.18881	0.01788	0.02253	0.02115	0.01633	0.02149	0.01427	0.02081	0.01100	0.00774	0.00791	0.00258	0.01032	0.00705	0.00361	0.00962
8	0.01603	0.01514	0.02445	0.51889	0.12083	0.01853	0.02126	0.02196	0.05504	0.02159	0.01495	0.02112	0.01162	0.00857	0.00967	0.00269	0.07720	0.00716	0.00384	0.00946
9	0.02120	0.72609	0.04155	0.01357	0.02035	0.03138	0.01357	0.02374	0.01611	0.01866	0.01102	0.01272	0.01018	0.00678	0.00509	0.00170	0.00848	0.00424	0.00339	0.01018
10	0.09271	0.00887	0.01039	0.00978	0.01207	0.00848	0.00741	0.01540	0.02094	0.03088	0.52288	0.05646	0.14332	0.01576	0.00888	0.00251	0.00403	0.01357	0.00815	0.00750

[dist]
# distance from previous block
# <min> <max>
0	1

[block]
# block no. 5 follows, 24 sequences, length 22
# corresponding to MSA columns:
# 93-114
name=unknown_F
#
# <colnr> <probs for GDERKNQSTAVLIFYWHMCP>
#	G	D	E	R	K	N	Q	S	T	A	V	L	I	F	Y	W	H	M	C	P
0	0.01019	0.00796	0.00924	0.00915	0.01127	0.00701	0.00678	0.01289	0.01968	0.02577	0.32916	0.12876	0.35603	0.01887	0.00943	0.00265	0.00395	0.01625	0.00795	0.00701
1	0.02668	0.02285	0.02414	0.12653	0.02971	0.11814	0.03961	0.40279	0.06537	0.03908	0.01791	0.01936	0.01310	0.00904	0.00788	0.00240	0.00985	0.00702	0.00655	0.01198
2	0.01165	0.00835	0.00948	0.00926	0.01024	0.00821	0.00594	0.01394	0.05172	0.02041	0.15797	0.05532	0.12362	0.44877	0.02830	0.00571	0.00634	0.01263	0.00610	0.00603
3	0.01134	0.00818	0.01076	0.01031	0.01218	0.00760	0.00786	0.01507	0.02214	0.03122	0.62247	0.06142	0.07271	0.01662	0.00947	0.00258	0.00400	0.05798	0.00863	0.00747
4	0.01938	0.01859	0.03175	0.08298	0.63945	0.01878	0.02422	0.02412	0.01794	0.02561	0.01487	0.01971	0.01246	0.00711	0.00785	0.00237	0.00948	0.00706	0.00390	0.01236
5	0.01963	0.01884	0.03219	0.04867	0.67185	0.01884	0.02434	0.02434	0.01806	0.02591	0.01492	0.01963	0.01256	0.00707	0.00785	0.00236	0.00942	0.00707	0.00393	0.01256
6	0.01972	0.01703	0.01793	0.01614	0.02062	0.01972	0.01255	0.04214	0.65752	0.03317	0.03228	0.02959	0.02421	0.01076	0.00807	0.00269	0.00628	0.00897	0.00807	0.01255
7	0.01100	0.00782	0.00970	0.00963	0.01081	0.00736	0.00661	0.01324	0.01806	0.02490	0.36421	0.14706	0.09217	0.22128	0.01842	0.00410	0.00501	0.01478	0.00733	0.00652
8	0.03166	0.01653	0.01934	0.01539	0.02117	0.04404	0.01251	0.13418	0.13759	0.43655	0.02873	0.02566	0.01908	0.00987	0.00795	0.00247	0.00730	0.00790	0.00897	0.01314
9	0.72227	0.01525	0.01253	0.06040	0.01817	0.01778	0.00956	0.02309	0.01367	0.03447	0.01126	0.01348	0.00873	0.00740	0.00513	0.00247	0.00645	0.00449	0.00481	0.00860
10	0.01054	0.00798	0.00971	0.00949	0.01148	0.00716	0.00704	0.01356	0.02051	0.02771	0.43859	0.12143	0.24963	0.01811	0.00943	0.00261	0.00390	0.01577	0.00820	0.00716
11	0.03259	0.01338	0.01781	0.01397	0.01967	0.01198	0.01142	0.03722	0.07212	0.58077	0.07711	0.02951	0.02395	0.01035	0.00808	0.00247	0.00649	0.00851	0.00960	0.01299
12	0.66854	0.01588	0.01341	0.04934	0.01833	0.01839	0.00991	0.07865	0.01575	0.03602	0.01192	0.01389	0.00913	0.00758	0.00534	0.00246	0.00661	0.00470	0.00510	0.00904
13	0.00991	0.00701	0.00913	0.01072	0.01112	0.00661	0.00701	0.01111	0.01469	0.01958	0.04117	0.62617	0.04925	0.11918	0.01422	0.00383	0.00502	0.02105	0.00701	0.00622
14	0.01029	0.00724	0.00936	0.01071	0.01122	0.00690	0.00716	0.01164	0.01497	0.02002	0.07031	0.51438	0.04839	0.16490	0.01624	0.00411	0.00534	0.05370	0.00691	0.00621
15	0.04288	0.01454	0.02335	0.64418	0.05175	0.01796	0.02120	0.05091	0.01682	0.02226	0.01423	0.02074	0.01064	0.00799	0.00782	0.00262	0.01032	0.00695	0.00379	0.00903
16	0.01170	0.00837	0.01050	0.01152	0.01249	0.00821	0.00787	0.06960	0.01694	0.02261	0.03997	0.60010	0.04701	0.07768	0.01227	0.00349	0.00522	0.02026	0.00721	0.00696
17	0.01657	0.01690	0.03168	0.40906	0.07856	0.01890	0.22300	0.02205	0.01665	0.02213	0.01453	0.02090	0.01113	0.00787	0.00957	0.00269	0.05673	0.00779	0.00370	0.00960
18	0.02173	0.02345	0.02741	0.08826	0.24788	0.20924	0.06323	0.04919	0.01928	0.02380	0.04177	0.01973	0.01410	0.00886	0.01035	0.00248	0.10759	0.00697	0.00424	0.01044
19	0.01761	0.01542	0.01950	0.06767	0.05116	0.01470	0.01271	0.06521	0.01728	0.02607	0.01389	0.01727	0.01160	0.00764	0.00952	0.00180	0.11983	0.00552	0.00461	0.50100
20	0.01285	0.01053	0.01554	0.12590	0.12389	0.01067	0.01207	0.01534	0.01545	0.02103	0.05191	0.31739	0.03390	0.13881	0.01440	0.00363	0.00689	0.01443	0.00566	0.04972
21	0.01956	0.04775	0.02192	0.02253	0.17599	0.01700	0.01465	0.08333	0.19181	0.04619	0.02396	0.02743	0.04164	0.00938	0.00756	0.00223	0.00724	0.04194	0.00603	0.19187

[dist]
# distance from previous block
# <min> <max>
9	16

[block]
# block no. 6 follows, 24 sequences, length 12
# corresponding to MSA columns:
# 131-142
name=unknown_G
#
# <colnr> <probs for GDERKNQSTAVLIFYWHMCP>
#	G	D	E	R	K	N	Q	S	T	A	V	L	I	F	Y	W	H	M	C	P
0	0.01872	0.01525	0.02124	0.09310	0.02544	0.01418	0.07490	0.05962	0.01799	0.07956	0.01684	0.04531	0.01385	0.00809	0.00851	0.00193	0.06304	0.00670	0.00512	0.41060
1	0.01773	0.06044	0.07009	0.01254	0.01672	0.01223	0.01095	0.08237	0.02268	0.13047	0.35531	0.04525	0.10410	0.01357	0.00857	0.00244	0.00569	0.01150	0.00790	0.00946
2	0.04455	0.01860	0.11508	0.01561	0.02122	0.01608	0.01401	0.03459	0.32113	0.17153	0.09345	0.03105	0.04636	0.01081	0.00804	0.00258	0.00686	0.00893	0.00769	0.01182
3	0.01158	0.00875	0.01076	0.01135	0.01285	0.00833	0.00780	0.01512	0.07876	0.02156	0.03737	0.50000	0.04273	0.10005	0.01289	0.00346	0.00525	0.01809	0.00687	0.08644
4	0.01392	0.01011	0.01286	0.01341	0.01553	0.01017	0.01088	0.09579	0.02033	0.02689	0.10070	0.23213	0.07862	0.02040	0.01012	0.00322	0.00631	0.30321	0.00754	0.00787
5	0.77733	0.01534	0.01166	0.01043	0.01534	0.01779	0.00859	0.02331	0.01350	0.03558	0.01104	0.01288	0.00859	0.00736	0.00491	0.00245	0.00613	0.00429	0.00491	0.00859
6	0.01117	0.10063	0.01274	0.00904	0.01212	0.00999	0.00721	0.01351	0.01847	0.02261	0.15856	0.06558	0.49561	0.01779	0.00882	0.00252	0.00455	0.01477	0.00705	0.00726
7	0.02312	0.56891	0.03720	0.01514	0.02130	0.18166	0.01397	0.02555	0.01756	0.01883	0.01131	0.01308	0.01019	0.00710	0.00556	0.00178	0.00981	0.00444	0.00355	0.00995
8	0.01827	0.11790	0.52335	0.02130	0.03148	0.10641	0.02572	0.02580	0.01741	0.02365	0.01361	0.01597	0.01008	0.00753	0.00721	0.00236	0.01169	0.00558	0.00345	0.01122
9	0.00960	0.00758	0.00866	0.00938	0.01110	0.00664	0.00666	0.01146	0.01716	0.02157	0.10105	0.33588	0.38163	0.02179	0.00968	0.00289	0.00424	0.01896	0.00745	0.00664
10	0.01756	0.01852	0.03377	0.02582	0.02999	0.02075	0.31074	0.02177	0.01546	0.02231	0.01393	0.02012	0.01185	0.01314	0.06093	0.00360	0.30485	0.00808	0.00383	0.04297
11	0.08528	0.01854	0.02098	0.02049	0.10530	0.02067	0.01457	0.23364	0.29802	0.03757	0.02432	0.02558	0.01868	0.00999	0.00784	0.00256	0.00750	0.02893	0.00720	0.01235

[dist]
# distance from previous block
# <min> <max>
0	4

[block]
# block no. 7 follows, 24 sequences, length 6
# corresponding to MSA columns:
# 147-152
name=unknown_H
#
# <colnr> <probs for GDERKNQSTAVLIFYWHMCP>
#	G	D	E	R	K	N	Q	S	T	A	V	L	I	F	Y	W	H	M	C	P
0	0.02445	0.01956	0.02464	0.02613	0.20854	0.02072	0.01702	0.34610	0.07118	0.03872	0.01975	0.02387	0.01571	0.00937	0.00795	0.00238	0.00847	0.04292	0.00653	0.06598
1	0.01396	0.00698	0.00979	0.00979	0.01013	0.00698	0.00664	0.01183	0.01149	0.01668	0.01600	0.02511	0.01498	0.02418	0.02632	0.62827	0.00630	0.00698	0.14344	0.00417
2	0.01063	0.00843	0.00972	0.01032	0.01234	0.00779	0.00774	0.01405	0.05773	0.02267	0.09290	0.25268	0.34620	0.02085	0.00970	0.00294	0.00472	0.09401	0.00747	0.00711
3	0.02191	0.02296	0.06816	0.01994	0.08750	0.16120	0.01501	0.14737	0.19167	0.03028	0.02996	0.02972	0.11829	0.01083	0.00799	0.00244	0.00881	0.00860	0.00632	0.01103
4	0.12650	0.01964	0.02061	0.10569	0.07855	0.11143	0.01491	0.21889	0.02291	0.03222	0.01629	0.01971	0.01287	0.01480	0.09012	0.00364	0.03593	0.00662	0.03834	0.01034
5	0.16535	0.06676	0.01796	0.01408	0.01882	0.01708	0.01169	0.11415	0.15719	0.09089	0.05865	0.03420	0.02370	0.01139	0.00762	0.00255	0.00681	0.11025	0.00693	0.06393

[dist]
# distance from previous block
# <min> <max>
0	2

[block]
# block no. 8 follows, 24 sequences, length 7
# corresponding to MSA columns:
# 155-161
name=unknown_I
#
# <colnr> <probs for GDERKNQSTAVLIFYWHMCP>
#	G	D	E	R	K	N	Q	S	T	A	V	L	I	F	Y	W	H	M	C	P
0	0.12654	0.05742	0.02428	0.28512	0.19325	0.10850	0.01866	0.02305	0.01706	0.02367	0.01617	0.02048	0.03779	0.00811	0.00728	0.00241	0.00977	0.00664	0.00405	0.00974
1	0.01236	0.00883	0.01230	0.01413	0.01577	0.00877	0.01205	0.01571	0.01784	0.02326	0.04222	0.17363	0.04655	0.02230	0.01084	0.00359	0.00694	0.53843	0.00731	0.00719
2	0.01925	0.52788	0.17941	0.01518	0.02277	0.02689	0.01652	0.02322	0.01638	0.02026	0.01635	0.01785	0.05410	0.00784	0.00591	0.00194	0.00889	0.00543	0.00365	0.01028
3	0.02081	0.02163	0.02890	0.04096	0.51202	0.14072	0.02154	0.02486	0.01886	0.02444	0.01853	0.02221	0.05326	0.00808	0.00782	0.00232	0.00997	0.00731	0.00417	0.01158
4	0.01948	0.01570	0.02074	0.01536	0.02199	0.01365	0.08389	0.09750	0.04684	0.07195	0.01806	0.04775	0.01474	0.00766	0.00693	0.00173	0.00711	0.00668	0.00560	0.47663
5	0.18537	0.01269	0.01475	0.09012	0.04601	0.01363	0.01119	0.05562	0.08105	0.05906	0.19336	0.05876	0.09785	0.01265	0.00797	0.00259	0.00612	0.03534	0.00681	0.00905
6	0.26611	0.02092	0.20121	0.01431	0.02046	0.01521	0.01460	0.06310	0.01868	0.05672	0.17226	0.02891	0.05664	0.01035	0.00723	0.00249	0.00724	0.00804	0.00588	0.00963

[dist]
# distance from previous block
# <min> <max>
12	25

[block]
# block no. 9 follows, 24 sequences, length 7
# corresponding to MSA columns:
# 187-193
name=unknown_J
#
# <colnr> <probs for GDERKNQSTAVLIFYWHMCP>
#	G	D	E	R	K	N	Q	S	T	A	V	L	I	F	Y	W	H	M	C	P
0	0.01925	0.01866	0.03221	0.04381	0.55002	0.01821	0.08448	0.02405	0.01798	0.02585	0.01495	0.01951	0.01243	0.00692	0.00782	0.00228	0.00949	0.00708	0.00400	0.08099
1	0.01560	0.08623	0.07937	0.01499	0.01882	0.01628	0.01322	0.01871	0.01425	0.02121	0.01559	0.02242	0.01433	0.07064	0.15793	0.00485	0.18272	0.00669	0.03044	0.19572
2	0.12641	0.10357	0.02344	0.01691	0.02253	0.14940	0.01387	0.32395	0.08389	0.03728	0.01697	0.01755	0.01280	0.00878	0.00708	0.00228	0.00919	0.00621	0.00631	0.01157
3	0.67616	0.01517	0.01326	0.10224	0.02055	0.01777	0.01037	0.02291	0.01381	0.03355	0.01145	0.01398	0.00885	0.00744	0.00531	0.00248	0.00672	0.00466	0.00472	0.00862
4	0.08925	0.01749	0.01813	0.01525	0.02035	0.06484	0.01211	0.11527	0.24814	0.20331	0.02676	0.05758	0.02006	0.01033	0.00769	0.00247	0.00718	0.00825	0.00777	0.04779
5	0.13982	0.01196	0.01298	0.01252	0.01549	0.03205	0.00978	0.03968	0.08884	0.08820	0.14291	0.18952	0.06244	0.01601	0.00866	0.00283	0.00589	0.10430	0.00741	0.00872
6	0.01091	0.00801	0.01053	0.01139	0.01283	0.00732	0.00827	0.01318	0.01694	0.02315	0.14757	0.46172	0.05193	0.02138	0.00974	0.00298	0.00492	0.09872	0.00736	0.07114

[dist]
# distance from previous block
# <min> <max>
1	14

[block]
# block no. 10 follows, 24 sequences, length 15
# corresponding to MSA columns:
# 208-222
name=unknown_K
#
# <colnr> <probs for GDERKNQSTAVLIFYWHMCP>
#	G	D	E	R	K	N	Q	S	T	A	V	L	I	F	Y	W	H	M	C	P
0	0.04047	0.01488	0.02417	0.29511	0.05390	0.01667	0.10122	0.02025	0.01597	0.02241	0.01727	0.02839	0.01533	0.01047	0.01108	0.02126	0.10116	0.08326	0.00425	0.10247
1	0.01505	0.01364	0.02350	0.57734	0.04838	0.01644	0.05708	0.01934	0.01535	0.01977	0.01417	0.02152	0.01105	0.01027	0.01085	0.09699	0.01028	0.00716	0.00354	0.00826
2	0.29094	0.01427	0.01862	0.40352	0.03759	0.01710	0.01621	0.02192	0.01526	0.04835	0.01401	0.01867	0.01052	0.00784	0.00675	0.00254	0.00859	0.00610	0.03237	0.00884
3	0.02846	0.02121	0.02289	0.01745	0.02388	0.02287	0.01437	0.56844	0.03472	0.04701	0.01843	0.01872	0.01327	0.00907	0.00768	0.00223	0.00837	0.00684	0.00753	0.10656
4	0.00980	0.00696	0.00916	0.01087	0.01129	0.00653	0.00718	0.01108	0.01492	0.01989	0.04235	0.66802	0.05074	0.07530	0.01231	0.00354	0.00482	0.02175	0.00718	0.00632
5	0.01873	0.02079	0.04337	0.03443	0.11865	0.02020	0.52144	0.02482	0.01817	0.02502	0.01550	0.02088	0.01198	0.00724	0.01035	0.00269	0.06207	0.00890	0.00396	0.01078
6	0.01005	0.00697	0.00907	0.01070	0.01121	0.00657	0.00711	0.01147	0.01504	0.02045	0.04162	0.63929	0.04930	0.06610	0.01170	0.00342	0.00474	0.02107	0.04774	0.00639
7	0.00986	0.00705	0.00938	0.01091	0.01154	0.00657	0.00738	0.01153	0.01609	0.02169	0.12157	0.63416	0.05524	0.02377	0.01003	0.00313	0.00449	0.02152	0.00753	0.00657
8	0.01899	0.01474	0.01721	0.01247	0.01939	0.01184	0.01004	0.07422	0.01866	0.07508	0.01576	0.01743	0.01246	0.00647	0.00620	0.00137	0.00618	0.00514	0.00534	0.65103
9	0.02877	0.02189	0.02308	0.01795	0.02382	0.05873	0.01474	0.51107	0.03310	0.07243	0.01840	0.01888	0.01329	0.00951	0.00886	0.00236	0.05095	0.00691	0.00735	0.05793
10	0.01533	0.01346	0.02119	0.50315	0.07044	0.01553	0.01851	0.02017	0.01612	0.02235	0.01560	0.02155	0.01202	0.00780	0.00737	0.00235	0.00909	0.00680	0.09876	0.10244
11	0.01887	0.01533	0.01725	0.01375	0.01936	0.01452	0.01084	0.14283	0.14463	0.03119	0.02221	0.10559	0.01950	0.00985	0.00722	0.00195	0.00634	0.00819	0.00630	0.38426
12	0.07572	0.01418	0.01719	0.01445	0.01865	0.01504	0.01161	0.03147	0.18794	0.24989	0.13014	0.03030	0.02757	0.01127	0.01014	0.00259	0.09220	0.00875	0.00784	0.04306
13	0.01311	0.01193	0.01614	0.01522	0.01686	0.05438	0.07845	0.01536	0.01617	0.02127	0.06747	0.41804	0.05541	0.03714	0.01248	0.00319	0.09035	0.04329	0.00632	0.00741
14	0.23603	0.01966	0.01985	0.24434	0.05618	0.14103	0.01550	0.07581	0.01833	0.02760	0.01334	0.01694	0.01035	0.00775	0.00676	0.00233	0.00943	0.00573	0.00450	0.06855

[dist]
# distance from previous block
# <min> <max>
2	13

[block]
# block no. 11 follows, 24 sequences, length 15
# corresponding to MSA columns:
# 236-250
name=unknown_L
#
# <colnr> <probs for GDERKNQSTAVLIFYWHMCP>
#	G	D	E	R	K	N	Q	S	T	A	V	L	I	F	Y	W	H	M	C	P
0	0.06044	0.05181	0.10440	0.01285	0.01698	0.01260	0.01128	0.01928	0.04110	0.05541	0.08308	0.07739	0.02565	0.19198	0.06041	0.00429	0.02746	0.00927	0.00537	0.12897
1	0.33423	0.01403	0.01408	0.01175	0.01673	0.01415	0.00938	0.02249	0.04969	0.06201	0.03823	0.07896	0.01704	0.00923	0.00690	0.00216	0.03090	0.00688	0.00554	0.25561
2	0.02058	0.01683	0.02335	0.01825	0.02251	0.01833	0.07406	0.08806	0.01790	0.09819	0.01530	0.01871	0.01232	0.00984	0.01438	0.00247	0.27566	0.00663	0.00507	0.24156
3	0.07236	0.02661	0.02118	0.01792	0.02285	0.28415	0.01406	0.29225	0.05812	0.03418	0.01950	0.04721	0.03516	0.00988	0.00759	0.00231	0.01033	0.00719	0.00620	0.01096
4	0.01508	0.01365	0.02242	0.56408	0.04671	0.01713	0.01998	0.01910	0.01492	0.01947	0.01371	0.02109	0.01089	0.01056	0.01209	0.08341	0.07695	0.00702	0.00351	0.00823
5	0.02331	0.01768	0.01682	0.01413	0.01851	0.09848	0.01118	0.21681	0.11074	0.07338	0.02268	0.02363	0.01703	0.00926	0.00698	0.00215	0.00718	0.00714	0.25291	0.04999
6	0.01580	0.01458	0.02194	0.01849	0.02062	0.01771	0.07987	0.04307	0.01438	0.02126	0.01547	0.02267	0.01415	0.02852	0.25761	0.00646	0.30924	0.00758	0.00407	0.06650
7	0.01839	0.01758	0.02996	0.22185	0.50830	0.01852	0.02372	0.02326	0.01747	0.02441	0.01470	0.02003	0.01203	0.00729	0.00787	0.00243	0.00973	0.00706	0.00382	0.01157
8	0.01680	0.01528	0.02082	0.01521	0.02170	0.01302	0.08592	0.02053	0.01630	0.02514	0.01397	0.01712	0.01165	0.00674	0.00822	0.00157	0.07399	0.00547	0.00450	0.60605
9	0.02023	0.01315	0.01382	0.01168	0.01518	0.01400	0.00919	0.25912	0.02432	0.03610	0.02578	0.02922	0.04918	0.05697	0.00895	0.00248	0.00591	0.00801	0.38718	0.00953
10	0.00966	0.00690	0.00920	0.01104	0.01150	0.00644	0.00736	0.01104	0.01518	0.02024	0.04371	0.71614	0.05245	0.02484	0.01012	0.00322	0.00460	0.02254	0.00736	0.00644
11	0.02433	0.01601	0.01807	0.01555	0.02051	0.01738	0.01229	0.04112	0.47312	0.22028	0.03199	0.02883	0.02288	0.01048	0.00804	0.00262	0.00641	0.00868	0.00858	0.01283
12	0.01122	0.00811	0.01060	0.00998	0.01185	0.00748	0.00748	0.01496	0.02245	0.03180	0.66766	0.05923	0.07482	0.01621	0.00935	0.00249	0.00374	0.01434	0.00873	0.00748
13	0.01590	0.04102	0.68023	0.02260	0.03432	0.01842	0.02930	0.02511	0.01674	0.02511	0.01423	0.01674	0.01005	0.00753	0.00753	0.00251	0.01172	0.00586	0.00335	0.01172
14	0.01798	0.03812	0.61057	0.02171	0.03284	0.01770	0.02744	0.02654	0.01737	0.09376	0.01603	0.01782	0.01105	0.00777	0.00758	0.00251	0.01120	0.00608	0.00403	0.01191

[dist]
# distance from previous block
# <min> <max>
0	9

[block]
# block no. 12 follows, 24 sequences, length 36
# corresponding to MSA columns:
# 260-295
name=unknown_M
#
# <colnr> <probs for GDERKNQSTAVLIFYWHMCP>
#	G	D	E	R	K	N	Q	S	T	A	V	L	I	F	Y	W	H	M	C	P
0	0.03259	0.05541	0.02022	0.01471	0.02073	0.01492	0.01220	0.09989	0.08835	0.51041	0.02898	0.02563	0.01893	0.00971	0.00782	0.00243	0.00700	0.00778	0.00908	0.01321
1	0.00996	0.00738	0.00882	0.00968	0.01104	0.00659	0.00674	0.01111	0.01592	0.02009	0.05631	0.37237	0.31176	0.02308	0.01193	0.08094	0.00458	0.01847	0.00696	0.00624
2	0.01910	0.01830	0.03123	0.12317	0.60149	0.01870	0.02407	0.02387	0.01781	0.02526	0.01482	0.01980	0.01233	0.00716	0.00786	0.00239	0.00955	0.00706	0.00388	0.01213
3	0.01911	0.02983	0.34226	0.02636	0.03593	0.01843	0.28971	0.02661	0.01819	0.09161	0.01674	0.01977	0.01187	0.00740	0.00836	0.00257	0.01192	0.00757	0.00429	0.01146
4	0.02804	0.02778	0.02214	0.01871	0.02366	0.31131	0.01469	0.29700	0.07737	0.03364	0.01725	0.01849	0.01326	0.01188	0.04652	0.00285	0.01166	0.00648	0.00607	0.01119
5	0.02410	0.48910	0.03498	0.01593	0.02179	0.25797	0.01417	0.02647	0.01830	0.01892	0.01145	0.01326	0.01019	0.00726	0.00580	0.00182	0.01048	0.00454	0.00363	0.00984
6	0.01820	0.01738	0.02960	0.24961	0.48209	0.01847	0.02363	0.02308	0.01738	0.02417	0.01466	0.02009	0.01195	0.00733	0.00787	0.00244	0.00977	0.00706	0.00380	0.01141
7	0.01624	0.03902	0.62184	0.02495	0.09176	0.01845	0.02885	0.02504	0.01686	0.02518	0.01429	0.01700	0.01027	0.00749	0.00756	0.00250	0.01151	0.00597	0.00340	0.01180
8	0.01734	0.01751	0.02604	0.05591	0.02414	0.02362	0.06711	0.01964	0.01285	0.01964	0.01104	0.01786	0.01055	0.01301	0.02380	0.00337	0.61708	0.00714	0.00352	0.00884
9	0.01133	0.00850	0.01274	0.01274	0.01416	0.00991	0.00991	0.01416	0.01274	0.01841	0.02124	0.03115	0.01982	0.05947	0.68989	0.01274	0.02124	0.00850	0.00425	0.00708
10	0.01455	0.01353	0.02263	0.64755	0.05120	0.01673	0.02086	0.01953	0.01580	0.02026	0.01644	0.07615	0.01389	0.00927	0.00810	0.00269	0.01010	0.00827	0.00383	0.00862
11	0.01466	0.01331	0.02188	0.41845	0.15424	0.01523	0.01890	0.01911	0.01674	0.02230	0.07763	0.12980	0.02307	0.01109	0.00838	0.00267	0.00884	0.01006	0.00465	0.00900
12	0.00966	0.00690	0.00920	0.01104	0.01150	0.00644	0.00736	0.01104	0.01518	0.02024	0.04371	0.71614	0.05245	0.02484	0.01012	0.00322	0.00460	0.02254	0.00736	0.00644
13	0.01048	0.00753	0.00993	0.01048	0.01168	0.00699	0.00742	0.01310	0.01899	0.02630	0.37067	0.37192	0.06417	0.02032	0.00972	0.00284	0.00415	0.01825	0.00808	0.00699
14	0.01595	0.03808	0.60220	0.07684	0.03622	0.01842	0.05398	0.02474	0.01675	0.02474	0.01429	0.01728	0.01017	0.00753	0.00764	0.00253	0.01170	0.00610	0.00339	0.01145
15	0.01270	0.00932	0.01312	0.05338	0.01818	0.00944	0.01281	0.01638	0.01829	0.02379	0.06869	0.08373	0.06989	0.02079	0.01065	0.00350	0.00720	0.53359	0.00715	0.00737
16	0.01570	0.00910	0.01204	0.01074	0.01339	0.00825	0.00825	0.01932	0.02249	0.15055	0.55060	0.05330	0.06467	0.01503	0.00910	0.00249	0.00429	0.01317	0.00893	0.00859
17	0.02612	0.02019	0.02187	0.04501	0.02449	0.02271	0.01452	0.42234	0.23997	0.04327	0.02318	0.02258	0.01689	0.00986	0.00798	0.00249	0.00800	0.00773	0.00780	0.01299
18	0.01758	0.08966	0.57415	0.02155	0.03242	0.01992	0.02686	0.08090	0.01855	0.02688	0.01443	0.01665	0.01036	0.00766	0.00739	0.00244	0.01121	0.00586	0.00376	0.01177
19	0.01900	0.02115	0.09911	0.06815	0.52955	0.01886	0.07900	0.02436	0.01790	0.02558	0.01492	0.01954	0.01219	0.00711	0.00795	0.00241	0.01004	0.00714	0.00386	0.01218
20	0.01353	0.01198	0.01439	0.01399	0.01559	0.07989	0.01089	0.01622	0.01370	0.01855	0.01971	0.02865	0.01831	0.05165	0.58253	0.01113	0.05966	0.00806	0.00419	0.00739
21	0.02976	0.02086	0.02272	0.01763	0.02379	0.02284	0.01450	0.52931	0.09169	0.11230	0.02148	0.02080	0.01508	0.00966	0.00795	0.00242	0.00830	0.00739	0.00814	0.01340
22	0.01866	0.01725	0.02930	0.09619	0.55597	0.01753	0.02238	0.02259	0.01710	0.02423	0.01474	0.02020	0.01253	0.00922	0.01021	0.08042	0.00925	0.00705	0.00384	0.01134
23	0.02989	0.02973	0.02316	0.01930	0.02455	0.34529	0.01519	0.34937	0.03014	0.03523	0.01577	0.01675	0.01191	0.00887	0.00756	0.00222	0.01141	0.00616	0.00608	0.01142
24	0.01860	0.01961	0.03812	0.09026	0.24869	0.01984	0.33331	0.02407	0.01768	0.02459	0.01501	0.02042	0.01194	0.00756	0.01025	0.00264	0.07433	0.00820	0.00390	0.01098
25	0.01644	0.01409	0.01644	0.01175	0.01879	0.01057	0.00940	0.01997	0.01644	0.02584	0.01409	0.01644	0.01175	0.00587	0.00587	0.00117	0.00587	0.00470	0.00470	0.76979
26	0.00966	0.00690	0.00920	0.01104	0.01150	0.00644	0.00736	0.01104	0.01518	0.02024	0.04371	0.71614	0.05245	0.02484	0.01012	0.00322	0.00460	0.02254	0.00736	0.00644
27	0.01644	0.01409	0.01644	0.01175	0.01879	0.01057	0.00940	0.01997	0.01644	0.02584	0.01409	0.01644	0.01175	0.00587	0.00587	0.00117	0.00587	0.00470	0.00470	0.76979
28	0.01153	0.00769	0.00865	0.00865	0.00865	0.00769	0.00480	0.01153	0.01153	0.01538	0.02499	0.05189	0.02883	0.72131	0.04036	0.00769	0.00769	0.01153	0.00480	0.00480
29	0.16323	0.02352	0.01954	0.01654	0.02149	0.23711	0.01310	0.12872	0.06957	0.18004	0.01891	0.01895	0.01365	0.00900	0.00776	0.00236	0.03280	0.00629	0.00643	0.01098
30	0.01713	0.01795	0.03543	0.33132	0.09718	0.01888	0.31859	0.02304	0.01740	0.02316	0.01509	0.02114	0.01143	0.00727	0.00860	0.00263	0.01182	0.00815	0.00379	0.01001
31	0.01972	0.01406	0.01621	0.01479	0.01871	0.01509	0.01193	0.08277	0.29962	0.10962	0.09632	0.04641	0.06059	0.01392	0.00886	0.00283	0.00642	0.14317	0.00813	0.01085
32	0.01892	0.01812	0.03091	0.14788	0.57816	0.01866	0.02399	0.02372	0.01772	0.02505	0.01479	0.01986	0.01226	0.00720	0.00786	0.00240	0.00960	0.00706	0.00386	0.01199
33	0.01665	0.01475	0.01918	0.01370	0.02083	0.01143	0.06649	0.02046	0.01665	0.02580	0.01427	0.01689	0.01177	0.00595	0.00619	0.00131	0.00655	0.00512	0.00464	0.70139
34	0.01830	0.01725	0.02747	0.02310	0.08460	0.04435	0.20817	0.04934	0.01800	0.04680	0.01826	0.07540	0.01606	0.01341	0.07047	0.00322	0.05048	0.00847	0.00480	0.20206
35	0.07362	0.23929	0.04428	0.01323	0.01773	0.08363	0.01182	0.02100	0.01818	0.05102	0.09567	0.04189	0.13215	0.01284	0.00762	0.00242	0.00749	0.11160	0.00571	0.00882

[dist]
# distance from previous block
# <min> <max>
8	25

[block]
# block no. 13 follows, 24 sequences, length 16
# corresponding to MSA columns:
# 322-337
name=unknown_N
#
# <colnr> <probs for GDERKNQSTAVLIFYWHMCP>
#	G	D	E	R	K	N	Q	S	T	A	V	L	I	F	Y	W	H	M	C	P
0	0.17099	0.01308	0.01442	0.01231	0.01692	0.01297	0.00987	0.02713	0.12898	0.18162	0.11411	0.03552	0.09218	0.01147	0.00760	0.00243	0.00580	0.03661	0.00744	0.09856
1	0.22823	0.01446	0.01544	0.01203	0.01787	0.01350	0.00973	0.07074	0.01854	0.11293	0.07224	0.02069	0.01745	0.00795	0.00633	0.00189	0.00609	0.00602	0.00600	0.34188
2	0.01191	0.00898	0.01265	0.01197	0.01420	0.00880	0.05526	0.01493	0.01659	0.02322	0.08911	0.13105	0.18447	0.02710	0.17230	0.00508	0.00910	0.05924	0.13677	0.00728
3	0.02084	0.01609	0.02126	0.25628	0.06465	0.01811	0.01644	0.09408	0.23784	0.10465	0.02284	0.02421	0.01672	0.00914	0.00789	0.00253	0.00821	0.00772	0.00633	0.04416
4	0.02577	0.01217	0.01591	0.01277	0.01768	0.01073	0.01026	0.03003	0.05331	0.39145	0.21428	0.03540	0.03507	0.01131	0.00816	0.00235	0.00576	0.00954	0.00889	0.08917
5	0.06627	0.02287	0.01955	0.01637	0.02140	0.23229	0.01293	0.16582	0.04801	0.20737	0.04136	0.02512	0.06549	0.01007	0.00769	0.00233	0.00928	0.00755	0.00704	0.01116
6	0.02095	0.01491	0.01750	0.01302	0.01966	0.01264	0.01049	0.07780	0.06836	0.13375	0.01869	0.01938	0.01412	0.00719	0.00656	0.00160	0.00629	0.00576	0.00606	0.52530
7	0.02599	0.02419	0.01993	0.01718	0.02152	0.25838	0.01343	0.16340	0.14388	0.07910	0.02039	0.02107	0.01544	0.00947	0.00829	0.00231	0.04373	0.00684	0.09460	0.01083
8	0.01421	0.00970	0.01209	0.01155	0.01412	0.00938	0.00905	0.01976	0.09492	0.08290	0.35383	0.08278	0.12903	0.01667	0.00936	0.00274	0.00489	0.10627	0.00832	0.00842
9	0.01680	0.01244	0.01409	0.01197	0.01506	0.01227	0.00865	0.16432	0.01911	0.02641	0.02307	0.10395	0.02370	0.30759	0.04464	0.00477	0.00770	0.01008	0.00577	0.16760
10	0.01504	0.01227	0.01397	0.01323	0.01639	0.01298	0.01023	0.02652	0.29827	0.02911	0.17330	0.12509	0.08937	0.01522	0.00888	0.00274	0.00546	0.07699	0.00783	0.04712
11	0.01372	0.00830	0.01264	0.08198	0.01584	0.00915	0.00930	0.01225	0.01131	0.01530	0.01468	0.02447	0.01413	0.02932	0.11857	0.55417	0.03946	0.00713	0.00356	0.00472
12	0.01553	0.01444	0.02310	0.62245	0.05066	0.01786	0.02092	0.02281	0.09049	0.02176	0.01621	0.02212	0.01216	0.00826	0.00794	0.00265	0.01007	0.00727	0.00405	0.00924
13	0.07139	0.27875	0.05635	0.01618	0.02147	0.31255	0.01394	0.02594	0.01893	0.02063	0.01880	0.02011	0.07753	0.00882	0.00652	0.00203	0.01054	0.00597	0.00419	0.00936
14	0.11170	0.01504	0.01820	0.01462	0.01975	0.01516	0.04248	0.13487	0.10703	0.19973	0.15141	0.02966	0.02789	0.01042	0.00781	0.00239	0.00662	0.00862	0.00780	0.06881
15	0.02366	0.01733	0.01924	0.01585	0.02040	0.01926	0.01275	0.31528	0.14798	0.06693	0.02395	0.07527	0.01926	0.01112	0.00917	0.00249	0.06069	0.00863	0.09565	0.03511

[dist]
# distance from previous block
# <min> <max>
2	6

[block]
# block no. 14 follows, 24 sequences, length 8
# corresponding to MSA columns:
# 344-351
name=unknown_O
#
# <colnr> <probs for GDERKNQSTAVLIFYWHMCP>
#	G	D	E	R	K	N	Q	S	T	A	V	L	I	F	Y	W	H	M	C	P
0	0.08099	0.40084	0.11748	0.01617	0.02288	0.16053	0.01568	0.06340	0.01856	0.02286	0.01218	0.01396	0.01025	0.00737	0.00598	0.00197	0.00991	0.00481	0.00392	0.01026
1	0.12326	0.01499	0.02104	0.41650	0.04004	0.01750	0.01778	0.10170	0.01908	0.09443	0.01742	0.02362	0.01329	0.00892	0.00767	0.00261	0.00918	0.03607	0.00511	0.00979
2	0.01524	0.01152	0.01688	0.10572	0.13734	0.01224	0.01281	0.01935	0.10517	0.02227	0.07864	0.09169	0.02394	0.01711	0.01592	0.25956	0.00712	0.00938	0.03025	0.00783
3	0.28721	0.01706	0.13222	0.01232	0.01750	0.01331	0.01175	0.02005	0.01650	0.02988	0.13096	0.06900	0.06625	0.01076	0.00687	0.00237	0.00630	0.00844	0.06413	0.07710
4	0.14787	0.17255	0.12401	0.01584	0.02192	0.14146	0.01481	0.06510	0.05843	0.07732	0.07416	0.02035	0.01750	0.00874	0.00677	0.00224	0.00896	0.00632	0.00530	0.01033
5	0.08558	0.01418	0.06591	0.08465	0.02080	0.01298	0.01225	0.11181	0.01983	0.07798	0.08149	0.20391	0.07211	0.05499	0.01038	0.00304	0.00691	0.04560	0.00667	0.00894
6	0.08901	0.08031	0.01946	0.01661	0.06885	0.06066	0.01224	0.04276	0.22767	0.05907	0.02791	0.02793	0.08444	0.01027	0.00805	0.00238	0.03805	0.00798	0.05949	0.05687
7	0.01263	0.00925	0.01162	0.08542	0.01611	0.00970	0.00856	0.01686	0.08225	0.02314	0.14978	0.17594	0.03890	0.23357	0.01844	0.00422	0.00613	0.01308	0.07731	0.00711

[dist]
# distance from previous block
# <min> <max>
10	49

[block]
# block no. 15 follows, 24 sequences, length 24
# corresponding to MSA columns:
# 403-426
name=unknown_P
#
# <colnr> <probs for GDERKNQSTAVLIFYWHMCP>
#	G	D	E	R	K	N	Q	S	T	A	V	L	I	F	Y	W	H	M	C	P
0	0.01991	0.01674	0.02928	0.09250	0.24993	0.01642	0.16627	0.02512	0.04702	0.10555	0.01969	0.06643	0.01624	0.00950	0.00925	0.03472	0.00938	0.00867	0.00507	0.05232
1	0.01938	0.01901	0.02966	0.08432	0.49030	0.05179	0.05010	0.02545	0.07146	0.02562	0.01887	0.02266	0.03973	0.00799	0.00797	0.00241	0.00944	0.00762	0.00440	0.01183
2	0.01867	0.04093	0.06190	0.06276	0.14893	0.01820	0.27535	0.04608	0.04523	0.05367	0.07426	0.02684	0.05072	0.00893	0.00914	0.00257	0.03103	0.00907	0.00501	0.01073
3	0.02326	0.01500	0.02048	0.01555	0.02174	0.01343	0.08017	0.05251	0.10013	0.23119	0.06365	0.02474	0.01987	0.00860	0.00749	0.00206	0.00699	0.00747	0.00702	0.27866
4	0.02074	0.01153	0.01463	0.01223	0.01642	0.01042	0.00961	0.02591	0.08220	0.24387	0.27332	0.07241	0.04173	0.01255	0.00832	0.00235	0.00532	0.01077	0.00839	0.11727
5	0.01943	0.42265	0.29675	0.01748	0.02613	0.05377	0.01995	0.02463	0.01663	0.02128	0.01236	0.01440	0.01013	0.00714	0.00615	0.00204	0.01002	0.00493	0.00340	0.01075
6	0.01083	0.00768	0.01015	0.01033	0.01168	0.00713	0.00742	0.01355	0.01970	0.02747	0.44618	0.26484	0.06545	0.01936	0.01042	0.03194	0.00413	0.01664	0.00810	0.00700
7	0.02120	0.72609	0.04155	0.01357	0.02035	0.03138	0.01357	0.02374	0.01611	0.01866	0.01102	0.01272	0.01018	0.00678	0.00509	0.00170	0.00848	0.00424	0.00339	0.01018
8	0.00966	0.00690	0.00920	0.01104	0.01150	0.00644	0.00736	0.01104	0.01518	0.02024	0.04371	0.71614	0.05245	0.02484	0.01012	0.00322	0.00460	0.02254	0.00736	0.00644
9	0.02915	0.02126	0.02274	0.01755	0.02360	0.02348	0.01446	0.60502	0.03595	0.04866	0.01948	0.01972	0.01393	0.00950	0.00778	0.00235	0.00840	0.00716	0.05672	0.01309
10	0.02326	0.10463	0.02008	0.01442	0.01931	0.01729	0.01175	0.03520	0.31220	0.21336	0.11389	0.03066	0.02787	0.01071	0.00784	0.00247	0.00635	0.00880	0.00806	0.01184
11	0.01590	0.04102	0.68023	0.02260	0.03432	0.01842	0.02930	0.02511	0.01674	0.02511	0.01423	0.01674	0.01005	0.00753	0.00753	0.00251	0.01172	0.00586	0.00335	0.01172
12	0.01122	0.00811	0.01060	0.00998	0.01185	0.00748	0.00748	0.01496	0.02245	0.03180	0.66766	0.05923	0.07482	0.01621	0.00935	0.00249	0.00374	0.01434	0.00873	0.00748
13	0.03118	0.01965	0.16651	0.01601	0.02339	0.01317	0.01560	0.03562	0.02136	0.53138	0.02747	0.02470	0.01748	0.00930	0.00788	0.00247	0.00786	0.00750	0.00837	0.01310
14	0.02535	0.01578	0.01810	0.01542	0.02049	0.01686	0.01223	0.04090	0.43212	0.26189	0.03192	0.02866	0.02258	0.01042	0.00804	0.00261	0.00644	0.00861	0.00869	0.01289
15	0.01498	0.01409	0.02378	0.70226	0.05462	0.01762	0.02202	0.02026	0.01586	0.02026	0.01409	0.02114	0.01057	0.00793	0.00793	0.00264	0.01057	0.00705	0.00352	0.00881
16	0.00966	0.00690	0.00920	0.01104	0.01150	0.00644	0.00736	0.01104	0.01518	0.02024	0.04371	0.71614	0.05245	0.02484	0.01012	0.00322	0.00460	0.02254	0.00736	0.00644
