[name]
unknown

[dist]
# distance from previous block
# <min> <max>
0	35

[block]
# block no. 0 follows, 21 sequences, length 7
# corresponding to MSA columns:
# 35-41
name=unknown_A
#
# <colnr> <probs for GDERKNQSTAVLIFYWHMCP>
#	G	D	E	R	K	N	Q	S	T	A	V	L	I	F	Y	W	H	M	C	P
0	0.01492	0.01117	0.01461	0.01594	0.01836	0.01164	0.01367	0.02211	0.11903	0.02711	0.04337	0.08557	0.04524	0.02157	0.01125	0.00375	0.00766	0.49630	0.00797	0.00875
1	0.08513	0.13337	0.03015	0.01999	0.02653	0.06476	0.11206	0.29735	0.02838	0.03895	0.01795	0.01978	0.01358	0.00895	0.00776	0.00243	0.00987	0.00719	0.06364	0.01220
2	0.02145	0.55490	0.18437	0.01677	0.02526	0.03050	0.01842	0.02582	0.01745	0.02160	0.01262	0.01464	0.01089	0.00746	0.00606	0.00202	0.00989	0.00495	0.00363	0.01130
3	0.02671	0.02012	0.02197	0.01750	0.02340	0.02150	0.01410	0.41904	0.07979	0.04473	0.02441	0.11133	0.02073	0.01203	0.00856	0.00254	0.00819	0.00970	0.00801	0.10566
4	0.05770	0.08540	0.53656	0.02227	0.03368	0.02016	0.02780	0.02778	0.01819	0.07152	0.01616	0.01824	0.01144	0.00819	0.00779	0.00263	0.01165	0.00624	0.00418	0.01242
5	0.01976	0.05574	0.03754	0.11397	0.13752	0.06128	0.28164	0.02504	0.01901	0.02498	0.02058	0.02546	0.05721	0.00923	0.01083	0.00279	0.07301	0.00910	0.00440	0.01092
6	0.02054	0.01960	0.03271	0.02353	0.03145	0.01762	0.27315	0.09868	0.02150	0.03076	0.01669	0.02029	0.01297	0.00717	0.00820	0.00212	0.01016	0.00753	0.00516	0.34017

[dist]
# distance from previous block
# <min> <max>
0	9

[block]
# block no. 1 follows, 21 sequences, length 6
# corresponding to MSA columns:
# 51-56
name=unknown_B
#
# <colnr> <probs for GDERKNQSTAVLIFYWHMCP>
#	G	D	E	R	K	N	Q	S	T	A	V	L	I	F	Y	W	H	M	C	P
0	0.02355	0.01723	0.05380	0.03954	0.06823	0.01497	0.01383	0.10648	0.05726	0.15439	0.02314	0.04811	0.01778	0.00935	0.00763	0.00217	0.00741	0.00769	0.08403	0.24340
1	0.10364	0.09562	0.23434	0.02024	0.02829	0.02141	0.06968	0.06137	0.12169	0.05241	0.01864	0.02034	0.01404	0.00897	0.00884	0.00261	0.04853	0.00694	0.00530	0.05712
2	0.02356	0.01592	0.01834	0.01455	0.02052	0.01504	0.01160	0.12234	0.12521	0.14214	0.02530	0.06468	0.01994	0.01004	0.00769	0.00216	0.00677	0.00821	0.06178	0.28422
3	0.02129	0.01927	0.07933	0.02107	0.02677	0.01768	0.16626	0.07084	0.02029	0.09936	0.04587	0.02480	0.01768	0.00992	0.01154	0.00262	0.12243	0.00829	0.12255	0.09214
4	0.01513	0.00757	0.01006	0.01006	0.01071	0.00757	0.00692	0.01393	0.01328	0.02029	0.01900	0.02777	0.01707	0.02318	0.02439	0.50863	0.00628	0.00757	0.24553	0.00507
5	0.01719	0.01549	0.02248	0.01667	0.02346	0.01294	0.11178	0.02142	0.01743	0.02640	0.01668	0.02102	0.01402	0.01550	0.11096	0.00348	0.01025	0.00652	0.00484	0.51147

[dist]
# distance from previous block
# <min> <max>
15	20

[block]
# block no. 2 follows, 21 sequences, length 26
# corresponding to MSA columns:
# 78-103
name=unknown_C
#
# <colnr> <probs for GDERKNQSTAVLIFYWHMCP>
#	G	D	E	R	K	N	Q	S	T	A	V	L	I	F	Y	W	H	M	C	P
0	0.01035	0.00748	0.00979	0.01164	0.01229	0.00693	0.00781	0.01187	0.01649	0.02180	0.04941	0.65632	0.09372	0.02634	0.01081	0.00342	0.00490	0.02380	0.00790	0.00693
1	0.02233	0.02325	0.08780	0.03226	0.04086	0.02018	0.49462	0.02917	0.02052	0.11228	0.01930	0.02343	0.01387	0.00769	0.00971	0.00283	0.01326	0.00958	0.00510	0.01196
2	0.02741	0.06102	0.27911	0.01857	0.02737	0.01628	0.02005	0.03339	0.02139	0.33363	0.05828	0.02562	0.01961	0.00975	0.00829	0.00262	0.00932	0.00781	0.00731	0.01318
3	0.01361	0.00973	0.01357	0.01537	0.01733	0.00969	0.01337	0.01754	0.01986	0.02599	0.08122	0.09403	0.05087	0.02314	0.01165	0.00384	0.00761	0.55579	0.00793	0.00785
4	0.12176	0.01371	0.01740	0.01389	0.01951	0.01253	0.01132	0.03503	0.02311	0.47054	0.13734	0.03316	0.02996	0.01141	0.00841	0.00264	0.00660	0.00927	0.00969	0.01271
5	0.01707	0.04402	0.65683	0.02426	0.03683	0.01976	0.03144	0.02695	0.01797	0.02695	0.01527	0.01797	0.01078	0.00809	0.00809	0.00270	0.01258	0.00629	0.00359	0.01258
6	0.01707	0.04402	0.65683	0.02426	0.03683	0.01976	0.03144	0.02695	0.01797	0.02695	0.01527	0.01797	0.01078	0.00809	0.00809	0.00270	0.01258	0.00629	0.00359	0.01258
7	0.02275	0.70604	0.04459	0.01456	0.02184	0.03367	0.01456	0.02548	0.01729	0.02002	0.01183	0.01365	0.01092	0.00728	0.00546	0.00182	0.00910	0.00455	0.00364	0.01092
8	0.01707	0.04402	0.65683	0.02426	0.03683	0.01976	0.03144	0.02695	0.01797	0.02695	0.01527	0.01797	0.01078	0.00809	0.00809	0.00270	0.01258	0.00629	0.00359	0.01258
9	0.01909	0.15329	0.52195	0.02217	0.03355	0.02172	0.02765	0.02744	0.01818	0.05770	0.01563	0.01780	0.01133	0.00808	0.00767	0.00255	0.01172	0.00611	0.00395	0.01240
10	0.01006	0.00862	0.00862	0.00862	0.01149	0.00718	0.00647	0.01221	0.01940	0.02299	0.08621	0.08190	0.64438	0.02155	0.01006	0.00287	0.00431	0.01796	0.00790	0.00718
11	0.02767	0.34420	0.03346	0.01856	0.02427	0.37790	0.01558	0.03010	0.02100	0.02046	0.01255	0.01457	0.01094	0.00809	0.00666	0.00202	0.01250	0.00506	0.00405	0.01035
12	0.01093	0.00819	0.01014	0.01064	0.01228	0.00740	0.00761	0.01353	0.01999	0.02673	0.28260	0.30889	0.20609	0.02192	0.01036	0.00302	0.00444	0.01936	0.00846	0.00740
13	0.01356	0.01118	0.01636	0.01556	0.01675	0.01398	0.01237	0.01634	0.01354	0.01991	0.02027	0.03022	0.01908	0.05322	0.52859	0.01152	0.16645	0.00876	0.00438	0.00797
14	0.03179	0.04056	0.02412	0.02192	0.02631	0.66676	0.01644	0.03398	0.02412	0.02083	0.01315	0.01535	0.01096	0.00877	0.00767	0.00219	0.01535	0.00548	0.00438	0.00987
15	0.02010	0.16443	0.45916	0.02217	0.03267	0.11013	0.02632	0.02764	0.01868	0.02485	0.01436	0.01682	0.01083	0.00803	0.00755	0.00247	0.01232	0.00586	0.00371	0.01191
16	0.01707	0.04402	0.65683	0.02426	0.03683	0.01976	0.03144	0.02695	0.01797	0.02695	0.01527	0.01797	0.01078	0.00809	0.00809	0.00270	0.01258	0.00629	0.00359	0.01258
17	0.02117	0.01828	0.01924	0.01732	0.02213	0.02117	0.01347	0.04522	0.63246	0.03560	0.03464	0.03175	0.02598	0.01155	0.00866	0.00289	0.00673	0.00962	0.00866	0.01347
18	0.01238	0.00825	0.00928	0.00928	0.00928	0.00825	0.00516	0.01238	0.01238	0.01650	0.02681	0.05569	0.03094	0.70092	0.04331	0.00825	0.00825	0.01238	0.00516	0.00516
19	0.76103	0.01646	0.01251	0.01119	0.01646	0.01909	0.00922	0.02502	0.01448	0.03818	0.01185	0.01382	0.00922	0.00790	0.00527	0.00263	0.00658	0.00461	0.00527	0.00922
20	0.01355	0.00982	0.01288	0.01423	0.01609	0.00972	0.01155	0.05206	0.01979	0.02584	0.04697	0.27778	0.09011	0.02355	0.01116	0.00362	0.00678	0.33869	0.00790	0.00791
21	0.07806	0.65438	0.04219	0.01431	0.02144	0.03258	0.01416	0.02545	0.01708	0.02138	0.01183	0.01366	0.01079	0.00733	0.00545	0.00188	0.00891	0.00455	0.00376	0.01079
22	0.01178	0.01296	0.10054	0.01391	0.01648	0.00915	0.01194	0.01484	0.01725	0.02310	0.04517	0.46591	0.09292	0.02322	0.01055	0.00338	0.00639	0.10539	0.00729	0.00786
23	0.06157	0.46035	0.07005	0.01599	0.02315	0.06991	0.01532	0.09329	0.02074	0.07886	0.01490	0.01605	0.01209	0.00805	0.00633	0.00208	0.00943	0.00539	0.00489	0.01155
24	0.02602	0.01747	0.06239	0.01599	0.02193	0.01584	0.01356	0.03792	0.25890	0.26289	0.09049	0.03177	0.02736	0.01110	0.00853	0.00263	0.00703	0.00921	0.00879	0.07018
25	0.02066	0.02828	0.18258	0.12919	0.03330	0.14500	0.05340	0.04954	0.05093	0.02598	0.05375	0.02215	0.01631	0.00993	0.01104	0.00271	0.10599	0.00742	0.00471	0.04714

[dist]
# distance from previous block
# <min> <max>
3	10

[block]
# block no. 3 follows, 21 sequences, length 15
# corresponding to MSA columns:
# 117-131
name=unknown_D
#
# <colnr> <probs for GDERKNQSTAVLIFYWHMCP>
#	G	D	E	R	K	N	Q	S	T	A	V	L	I	F	Y	W	H	M	C	P
0	0.14314	0.08083	0.01817	0.01392	0.01826	0.01715	0.01106	0.12463	0.10250	0.05847	0.03326	0.20222	0.08292	0.01490	0.00836	0.00275	0.00670	0.01229	0.00725	0.04123
1	0.08811	0.01226	0.01309	0.01317	0.01546	0.04305	0.00952	0.08548	0.01963	0.02779	0.06084	0.45895	0.04343	0.02068	0.00963	0.00307	0.00615	0.01816	0.00746	0.04407
2	0.05027	0.03485	0.01244	0.03790	0.01473	0.00957	0.00860	0.01467	0.01728	0.02441	0.15121	0.37879	0.04988	0.10924	0.01416	0.00372	0.00574	0.01783	0.00725	0.03746
3	0.01691	0.01735	0.05832	0.02276	0.02832	0.01525	0.26288	0.04624	0.01966	0.02708	0.07967	0.13270	0.02957	0.07508	0.01280	0.00334	0.00996	0.05715	0.00584	0.07911
4	0.01473	0.04034	0.06248	0.01183	0.01375	0.01175	0.00912	0.04510	0.01549	0.02201	0.02618	0.10161	0.02784	0.39753	0.02859	0.00578	0.04018	0.01157	0.10696	0.00716
5	0.54644	0.07949	0.05289	0.01323	0.01930	0.02076	0.01177	0.08263	0.01788	0.07025	0.01401	0.01548	0.01059	0.00822	0.00593	0.00256	0.00744	0.00520	0.00562	0.01034
6	0.02035	0.19430	0.37626	0.02246	0.06063	0.09895	0.02437	0.02711	0.01859	0.02470	0.01425	0.01679	0.01106	0.00786	0.00735	0.00235	0.01165	0.00579	0.00380	0.05140
7	0.01983	0.01892	0.05179	0.05354	0.08252	0.04565	0.10992	0.08077	0.02063	0.04614	0.02114	0.11878	0.01933	0.01033	0.00828	0.00229	0.00897	0.00941	0.00561	0.26617
8	0.01992	0.01499	0.01809	0.01581	0.05027	0.01352	0.01159	0.13149	0.02194	0.06837	0.02533	0.19120	0.02460	0.01252	0.00811	0.00220	0.00677	0.01073	0.00670	0.34586
9	0.01883	0.01464	0.01737	0.01276	0.01985	0.01119	0.01015	0.02245	0.01809	0.07603	0.01834	0.05661	0.01572	0.00778	0.00673	0.00149	0.00630	0.00639	0.00563	0.65365
10	0.05436	0.01971	0.07841	0.04764	0.02476	0.01818	0.01527	0.16243	0.10639	0.09520	0.02356	0.05821	0.01926	0.01102	0.00928	0.00256	0.04584	0.03909	0.00689	0.16192
11	0.01935	0.01639	0.01849	0.01413	0.02100	0.01456	0.01125	0.06271	0.16386	0.03113	0.02004	0.02114	0.01587	0.00777	0.00699	0.00172	0.00659	0.00628	0.00610	0.53464
12	0.01965	0.01715	0.02231	0.01638	0.02337	0.01519	0.06922	0.09093	0.02010	0.03011	0.01563	0.01855	0.01274	0.00750	0.00859	0.00175	0.06018	0.00601	0.00527	0.53935
13	0.02515	0.05154	0.02202	0.01564	0.02270	0.01835	0.01285	0.23822	0.05465	0.09298	0.01942	0.02011	0.01457	0.00837	0.00736	0.00195	0.00764	0.00648	0.00687	0.35312
14	0.02215	0.01786	0.02128	0.01630	0.02284	0.01698	0.04308	0.22049	0.05934	0.03617	0.02110	0.08398	0.01813	0.00987	0.00779	0.00207	0.00762	0.00824	0.00663	0.35808

[dist]
# distance from previous block
# <min> <max>
6	24

[block]
# block no. 4 follows, 21 sequences, length 6
# corresponding to MSA columns:
# 162-167
name=unknown_E
#
# <colnr> <probs for GDERKNQSTAVLIFYWHMCP>
#	G	D	E	R	K	N	Q	S	T	A	V	L	I	F	Y	W	H	M	C	P
0	0.02365	0.01734	0.01972	0.01519	0.02193	0.01633	0.01222	0.14205	0.14749	0.11035	0.02233	0.02241	0.01670	0.00862	0.00747	0.00200	0.00708	0.00690	0.00710	0.37308
1	0.01950	0.01573	0.01808	0.01388	0.02026	0.01368	0.01097	0.13864	0.02189	0.03199	0.02080	0.11672	0.01933	0.01004	0.00740	0.00184	0.00671	0.00835	0.00615	0.49804
2	0.02091	0.01532	0.02252	0.29557	0.05731	0.01683	0.03670	0.09972	0.04208	0.12030	0.10778	0.03414	0.05279	0.01132	0.00895	0.00278	0.00899	0.02857	0.00662	0.01080
3	0.01943	0.01723	0.02700	0.10023	0.03116	0.01544	0.16448	0.02540	0.05302	0.06289	0.01779	0.02103	0.01376	0.00732	0.00777	0.00203	0.00901	0.00706	0.00522	0.39273
4	0.10929	0.01660	0.04410	0.15617	0.19204	0.01662	0.05238	0.04224	0.01926	0.07624	0.06949	0.12238	0.02439	0.01163	0.00863	0.00278	0.00878	0.01041	0.00579	0.01076
5	0.01763	0.01460	0.01726	0.06397	0.02191	0.01280	0.01114	0.09216	0.02083	0.02979	0.05847	0.05852	0.10976	0.01057	0.00766	0.00194	0.00660	0.00875	0.00612	0.42951

[dist]
# distance from previous block
# <min> <max>
14	21

[block]
# block no. 5 follows, 21 sequences, length 41
# corresponding to MSA columns:
# 189-229
name=unknown_F
#
# <colnr> <probs for GDERKNQSTAVLIFYWHMCP>
#	G	D	E	R	K	N	Q	S	T	A	V	L	I	F	Y	W	H	M	C	P
0	0.05936	0.01173	0.01849	0.04615	0.02104	0.01125	0.11056	0.01786	0.01781	0.05214	0.06732	0.39232	0.04157	0.01920	0.00997	0.00312	0.00713	0.04280	0.00701	0.04317
1	0.39327	0.06886	0.01928	0.09777	0.02428	0.04804	0.01279	0.07535	0.01894	0.11481	0.01599	0.01768	0.01181	0.00843	0.00654	0.00251	0.00806	0.00580	0.00586	0.04395
2	0.01630	0.01505	0.02528	0.46306	0.04780	0.01761	0.07562	0.02282	0.05239	0.02371	0.02186	0.03657	0.01916	0.01129	0.00925	0.00304	0.01072	0.11404	0.00484	0.00957
3	0.55855	0.01597	0.01505	0.07325	0.02130	0.01785	0.01115	0.02777	0.01655	0.15097	0.01618	0.01745	0.01161	0.00844	0.00617	0.00265	0.00714	0.00561	0.00611	0.01022
4	0.02011	0.10855	0.04610	0.05933	0.04006	0.02339	0.45721	0.02614	0.01891	0.02545	0.01586	0.02135	0.01242	0.00800	0.01114	0.00282	0.07893	0.00899	0.00414	0.01111
5	0.01257	0.00906	0.01232	0.01399	0.01564	0.00881	0.01147	0.01579	0.01908	0.02501	0.08977	0.24124	0.08613	0.02375	0.01132	0.00366	0.00665	0.37820	0.00796	0.00758
6	0.01227	0.00821	0.00931	0.00942	0.00944	0.00818	0.00530	0.01235	0.01258	0.01677	0.02786	0.08898	0.03226	0.66584	0.04163	0.00800	0.00808	0.01299	0.00530	0.00525
7	0.01847	0.20783	0.50534	0.02186	0.03312	0.02321	0.02727	0.02659	0.01780	0.02524	0.01442	0.01690	0.01082	0.00789	0.00744	0.00248	0.01172	0.00586	0.00361	0.01217
8	0.02275	0.70604	0.04459	0.01456	0.02184	0.03367	0.01456	0.02548	0.01729	0.02002	0.01183	0.01365	0.01092	0.00728	0.00546	0.00182	0.00910	0.00455	0.00364	0.01092
9	0.01765	0.01513	0.01765	0.01260	0.02017	0.01134	0.01008	0.02143	0.01765	0.02773	0.01513	0.01765	0.01260	0.00630	0.00630	0.00126	0.00630	0.00504	0.00504	0.75295
10	0.03818	0.01448	0.01975	0.01514	0.02172	0.01251	0.01251	0.04147	0.02436	0.65373	0.03357	0.02897	0.02107	0.01053	0.00856	0.00263	0.00724	0.00856	0.01053	0.01448
11	0.01191	0.00869	0.01118	0.01056	0.01263	0.00797	0.00792	0.01579	0.02376	0.03335	0.60427	0.06485	0.11986	0.01769	0.01004	0.00269	0.00404	0.01557	0.00927	0.00797
12	0.01332	0.00954	0.01317	0.01451	0.01648	0.00938	0.01238	0.01726	0.02064	0.02749	0.18493	0.08841	0.05630	0.02208	0.01135	0.00363	0.00694	0.45609	0.00819	0.00788
13	0.01703	0.01593	0.02591	0.55755	0.11658	0.01924	0.02301	0.02424	0.07084	0.02358	0.01692	0.02331	0.01284	0.00868	0.00851	0.00281	0.01081	0.00774	0.00425	0.01022
14	0.01690	0.01432	0.01535	0.01439	0.01826	0.01555	0.01125	0.03197	0.37430	0.03099	0.07635	0.05339	0.20815	0.01576	0.00940	0.00297	0.00602	0.06536	0.00840	0.01092
15	0.01195	0.00870	0.01125	0.01061	0.01266	0.00799	0.00796	0.01588	0.02387	0.03361	0.61752	0.06442	0.10644	0.01759	0.01004	0.00269	0.00403	0.01551	0.00930	0.00799
16	0.01775	0.03982	0.54416	0.02851	0.11699	0.01991	0.06109	0.02686	0.01826	0.02708	0.01547	0.01863	0.01124	0.00797	0.00823	0.00268	0.01235	0.00665	0.00371	0.01264
17	0.66844	0.01650	0.01317	0.01160	0.01679	0.01898	0.00952	0.06642	0.01646	0.03891	0.01334	0.01528	0.01029	0.00817	0.00553	0.00259	0.00663	0.00501	0.04685	0.00951
18	0.01629	0.01481	0.02362	0.55493	0.05095	0.01734	0.02091	0.02161	0.01714	0.02304	0.01568	0.02236	0.01199	0.00825	0.00808	0.00257	0.01030	0.00722	0.03672	0.11620
19	0.01786	0.01581	0.02048	0.01463	0.02228	0.01223	0.06291	0.02194	0.01786	0.02769	0.01531	0.01811	0.01263	0.00638	0.00663	0.00140	0.00700	0.00548	0.00498	0.68840
20	0.03235	0.02384	0.02554	0.01958	0.02639	0.02639	0.01618	0.61946	0.04001	0.05363	0.02043	0.02043	0.01447	0.01022	0.00851	0.00255	0.00936	0.00766	0.00851	0.01447
21	0.01033	0.00756	0.00971	0.01143	0.01223	0.00695	0.00771	0.01190	0.01670	0.02189	0.05202	0.61547	0.13288	0.02600	0.01076	0.00338	0.00486	0.02338	0.00790	0.00695
22	0.01976	0.01914	0.03429	0.04361	0.43941	0.01887	0.13428	0.02504	0.01954	0.02735	0.02066	0.03283	0.01878	0.00993	0.00923	0.00280	0.01055	0.09687	0.00478	0.01225
23	0.06776	0.02223	0.02434	0.07649	0.02832	0.02492	0.01624	0.48863	0.08620	0.04855	0.02071	0.02123	0.01489	0.01006	0.00836	0.00261	0.00917	0.00766	0.00795	0.01368
24	0.01035	0.00748	0.00980	0.01165	0.01229	0.00693	0.00781	0.01187	0.01648	0.02180	0.04928	0.65832	0.09180	0.02635	0.01081	0.00342	0.00490	0.02382	0.00790	0.00693
25	0.02275	0.70604	0.04459	0.01456	0.02184	0.03367	0.01456	0.02548	0.01729	0.02002	0.01183	0.01365	0.01092	0.00728	0.00546	0.00182	0.00910	0.00455	0.00364	0.01092
26	0.03235	0.02384	0.02554	0.01958	0.02639	0.02639	0.01618	0.61946	0.04001	0.05363	0.02043	0.02043	0.01447	0.01022	0.00851	0.00255	0.00936	0.00766	0.00851	0.01447
27	0.03767	0.01530	0.02025	0.01553	0.02213	0.01372	0.01283	0.09179	0.02572	0.60149	0.03243	0.02822	0.02049	0.01051	0.00855	0.00263	0.00743	0.00848	0.01036	0.01448
28	0.01006	0.00862	0.00862	0.00862	0.01149	0.00718	0.00647	0.01221	0.01940	0.02299	0.08621	0.08190	0.64438	0.02155	0.01006	0.00287	0.00431	0.01796	0.00790	0.00718
29	0.01204	0.00870	0.01138	0.01071	0.01271	0.00803	0.00803	0.01606	0.02409	0.03413	0.64335	0.06357	0.08030	0.01740	0.01004	0.00268	0.00401	0.01539	0.00937	0.00803
30	0.02275	0.70604	0.04459	0.01456	0.02184	0.03367	0.01456	0.02548	0.01729	0.02002	0.01183	0.01365	0.01092	0.00728	0.00546	0.00182	0.00910	0.00455	0.00364	0.01092
31	0.01712	0.01002	0.01069	0.01000	0.01234	0.01034	0.00750	0.09432	0.02024	0.03245	0.05388	0.06301	0.02569	0.07287	0.03085	0.00307	0.00566	0.00936	0.50213	0.00847
32	0.64365	0.01734	0.01462	0.01269	0.01782	0.02024	0.01047	0.08644	0.01705	0.03879	0.01270	0.01478	0.00987	0.00853	0.00688	0.00269	0.04506	0.00508	0.00552	0.00977
33	0.02063	0.01912	0.02079	0.11382	0.05832	0.10298	0.01522	0.14156	0.05110	0.02925	0.03183	0.10084	0.12527	0.01374	0.01108	0.00280	0.08736	0.01080	0.00623	0.03726
34	0.12225	0.01655	0.01894	0.01521	0.02076	0.01694	0.01237	0.20328	0.05438	0.25878	0.14027	0.03111	0.02886	0.01143	0.00841	0.00263	0.00716	0.00911	0.00898	0.01257
35	0.02225	0.01653	0.01896	0.01692	0.02114	0.01785	0.01388	0.28646	0.08775	0.03887	0.05832	0.12316	0.03359	0.01656	0.00984	0.00311	0.00792	0.18737	0.00829	0.01123
36	0.05199	0.01054	0.01420	0.01353	0.01535	0.01188	0.01038	0.01619	0.01454	0.02193	0.05697	0.07113	0.02537	0.11069	0.39579	0.00964	0.07499	0.00997	0.00507	0.05986
37	0.01604	0.01186	0.01937	0.20071	0.02807	0.01335	0.06766	0.01733	0.01456	0.02042	0.01647	0.02492	0.01427	0.01808	0.02040	0.32456	0.05933	0.00775	0.09788	0.00696
38	0.12912	0.16493	0.12910	0.05350	0.10608	0.16832	0.01899	0.02801	0.04423	0.02567	0.01428	0.01714	0.01165	0.00853	0.00825	0.00245	0.04848	0.00595	0.00433	0.01098
39	0.02381	0.27992	0.02994	0.01630	0.02272	0.07209	0.01405	0.12449	0.17536	0.03039	0.01946	0.01994	0.01549	0.00878	0.00702	0.00215	0.00861	0.00645	0.00592	0.11711
40	0.01382	0.00998	0.01198	0.01182	0.01339	0.00975	0.00803	0.06895	0.01708	0.02324	0.03337	0.31460	0.03789	0.26286	0.05569	0.00540	0.00756	0.01606	0.00657	0.07197

[dist]
# distance from previous block
# <min> <max>
12	18

[block]
# block no. 6 follows, 21 sequences, length 14
# corresponding to MSA columns:
# 253-266
name=unknown_G
#
# <colnr> <probs for GDERKNQSTAVLIFYWHMCP>
#	G	D	E	R	K	N	Q	S	T	A	V	L	I	F	Y	W	H	M	C	P
0	0.51111	0.01660	0.01774	0.01471	0.02017	0.01821	0.07877	0.02731	0.06432	0.08004	0.06407	0.02113	0.01721	0.00901	0.00667	0.00268	0.00733	0.00672	0.00611	0.01008
1	0.02828	0.02149	0.02334	0.01783	0.02470	0.02259	0.01460	0.44711	0.06907	0.04656	0.02002	0.02044	0.01470	0.00938	0.00801	0.00227	0.00850	0.00717	0.00771	0.18623
2	0.01111	0.00873	0.01017	0.01068	0.01298	0.00780	0.00829	0.01381	0.01978	0.02498	0.15589	0.14997	0.37822	0.02189	0.01048	0.00312	0.00503	0.13155	0.00811	0.00741
3	0.01051	0.00754	0.01017	0.01199	0.01256	0.00720	0.00811	0.01211	0.01609	0.02157	0.04506	0.64473	0.05361	0.02950	0.06107	0.00424	0.00630	0.02304	0.00764	0.00696
4	0.01964	0.02445	0.10432	0.03329	0.04132	0.02186	0.49617	0.02648	0.01911	0.02648	0.01637	0.02201	0.01252	0.00811	0.01183	0.00295	0.08816	0.00941	0.00417	0.01134
5	0.02275	0.70604	0.04459	0.01456	0.02184	0.03367	0.01456	0.02548	0.01729	0.02002	0.01183	0.01365	0.01092	0.00728	0.00546	0.00182	0.00910	0.00455	0.00364	0.01092
6	0.02434	0.05047	0.03326	0.07776	0.10150	0.02235	0.18352	0.24931	0.02688	0.03659	0.01766	0.02076	0.01332	0.00837	0.00854	0.00248	0.01061	0.00787	0.00590	0.09848
7	0.03818	0.01448	0.01975	0.01514	0.02172	0.01251	0.01251	0.04147	0.02436	0.65373	0.03357	0.02897	0.02107	0.01053	0.00856	0.00263	0.00724	0.00856	0.01053	0.01448
8	0.01018	0.00863	0.00879	0.00875	0.01157	0.00723	0.00656	0.01244	0.01968	0.02366	0.11958	0.08080	0.61060	0.02130	0.01006	0.00286	0.00429	0.01781	0.00799	0.00723
9	0.01183	0.00869	0.01107	0.01048	0.01258	0.00794	0.00786	0.01564	0.02357	0.03290	0.58192	0.06559	0.14249	0.01786	0.01004	0.00270	0.00405	0.01567	0.00921	0.00794
10	0.16936	0.01192	0.01236	0.06241	0.01726	0.01330	0.00946	0.02469	0.11232	0.03211	0.02427	0.02747	0.01903	0.01312	0.04906	0.00308	0.00672	0.00756	0.37535	0.00915
11	0.01204	0.00870	0.01138	0.01071	0.01271	0.00803	0.00803	0.01606	0.02409	0.03413	0.64335	0.06357	0.08030	0.01740	0.01004	0.00268	0.00401	0.01539	0.00937	0.00803
12	0.01048	0.00876	0.00921	0.00944	0.01221	0.00749	0.00730	0.01284	0.01942	0.02328	0.08145	0.08353	0.57546	0.02178	0.01025	0.00299	0.00472	0.08425	0.00789	0.00726
13	0.17946	0.47061	0.05984	0.01483	0.02172	0.06511	0.01426	0.04912	0.01799	0.02549	0.01238	0.01422	0.01070	0.00764	0.00576	0.00208	0.00906	0.00480	0.00421	0.01071

[dist]
# distance from previous block
# <min> <max>
3	7

[block]
# block no. 7 follows, 21 sequences, length 6
# corresponding to MSA columns:
# 274-279
name=unknown_H
#
# <colnr> <probs for GDERKNQSTAVLIFYWHMCP>
#	G	D	E	R	K	N	Q	S	T	A	V	L	I	F	Y	W	H	M	C	P
0	0.01983	0.02146	0.08771	0.02314	0.03148	0.01731	0.24401	0.07734	0.02059	0.02979	0.01641	0.01995	0.01273	0.00714	0.00808	0.00212	0.01020	0.00729	0.00494	0.33847
1	0.05739	0.01551	0.01935	0.01680	0.01929	0.01835	0.01336	0.07390	0.06321	0.02629	0.02070	0.10116	0.02026	0.06855	0.08127	0.00442	0.25340	0.00959	0.00545	0.11175
2	0.08841	0.09289	0.01986	0.10903	0.02350	0.01732	0.01329	0.04815	0.11118	0.02860	0.11872	0.14928	0.03424	0.01478	0.00988	0.00291	0.04690	0.05473	0.00668	0.00963
3	0.13062	0.02123	0.01910	0.01614	0.02102	0.14029	0.01258	0.16396	0.08479	0.08864	0.02089	0.02502	0.01694	0.09187	0.05034	0.00374	0.01007	0.00751	0.00658	0.06867
4	0.02205	0.01611	0.01859	0.01467	0.02058	0.01494	0.01161	0.19426	0.02437	0.08125	0.02417	0.14974	0.02219	0.01167	0.00799	0.00216	0.00700	0.00975	0.00701	0.33988
5	0.02673	0.14287	0.02583	0.01829	0.02372	0.31476	0.01463	0.10702	0.06848	0.02765	0.05487	0.02018	0.01700	0.00916	0.00747	0.00215	0.01116	0.00648	0.00549	0.09606

[dist]
# distance from previous block
# <min> <max>
18	43

[block]
# block no. 8 follows, 21 sequences, length 11
# corresponding to MSA columns:
# 323-333
name=unknown_I
#
# <colnr> <probs for GDERKNQSTAVLIFYWHMCP>
#	G	D	E	R	K	N	Q	S	T	A	V	L	I	F	Y	W	H	M	C	P
0	0.06310	0.00975	0.01231	0.01257	0.01494	0.00924	0.00968	0.01864	0.01948	0.11254	0.14322	0.28593	0.09994	0.02067	0.01016	0.00321	0.00574	0.13207	0.00832	0.00849
1	0.04530	0.01543	0.01768	0.01369	0.02015	0.01340	0.01106	0.08305	0.05533	0.03134	0.05361	0.02778	0.02024	0.00913	0.00729	0.00184	0.00665	0.05595	0.00608	0.50501
2	0.29050	0.01666	0.01877	0.15579	0.02756	0.01894	0.03468	0.15692	0.02150	0.03671	0.01728	0.02046	0.01305	0.00885	0.00696	0.00256	0.00806	0.00666	0.12777	0.01031
3	0.09271	0.02223	0.02354	0.01808	0.02484	0.02407	0.01490	0.50141	0.03532	0.04940	0.01910	0.01956	0.01381	0.00958	0.00799	0.00241	0.00878	0.00711	0.00785	0.09732
4	0.01720	0.01457	0.01702	0.01264	0.01943	0.01148	0.01003	0.02207	0.05049	0.02886	0.08701	0.02356	0.02094	0.00783	0.00685	0.00151	0.00607	0.00645	0.00572	0.63029
5	0.01226	0.00962	0.01152	0.01124	0.01336	0.00907	0.00836	0.01458	0.01814	0.02406	0.14571	0.14332	0.23349	0.13176	0.01641	0.00381	0.04114	0.07433	0.00721	0.07060
6	0.01382	0.01087	0.01524	0.22398	0.02604	0.01231	0.01203	0.01626	0.01514	0.02046	0.04980	0.08419	0.04688	0.31765	0.02493	0.00526	0.03918	0.01142	0.04738	0.00716
7	0.02272	0.01724	0.01965	0.01480	0.02164	0.01569	0.01192	0.20325	0.02469	0.06795	0.01973	0.06241	0.01641	0.00901	0.00738	0.00186	0.00719	0.00724	0.00656	0.44264
8	0.01807	0.01775	0.03152	0.43626	0.05052	0.02052	0.16590	0.05288	0.01857	0.02456	0.01556	0.02230	0.01186	0.00881	0.01052	0.00291	0.06901	0.00816	0.00414	0.01018
9	0.02058	0.02050	0.03787	0.16203	0.04193	0.02036	0.34120	0.10328	0.02178	0.02966	0.01695	0.02190	0.01276	0.00774	0.00906	0.00262	0.01207	0.00860	0.00484	0.10427
10	0.01723	0.01316	0.01585	0.01259	0.01832	0.01032	0.00970	0.02041	0.01777	0.06895	0.02431	0.18751	0.02408	0.01167	0.00759	0.00190	0.00603	0.01006	0.00613	0.51642

[dist]
# distance from previous block
# <min> <max>
19	28

[block]
# block no. 9 follows, 21 sequences, length 25
# corresponding to MSA columns:
# 363-387
name=unknown_J
#
# <colnr> <probs for GDERKNQSTAVLIFYWHMCP>
#	G	D	E	R	K	N	Q	S	T	A	V	L	I	F	Y	W	H	M	C	P
0	0.02568	0.01983	0.02051	0.01748	0.02290	0.05870	0.01381	0.13079	0.40309	0.12061	0.03039	0.02820	0.02222	0.01086	0.00848	0.00271	0.00770	0.00878	0.00851	0.03876
1	0.01765	0.01513	0.01765	0.01260	0.02017	0.01134	0.01008	0.02143	0.01765	0.02773	0.01513	0.01765	0.01260	0.00630	0.00630	0.00126	0.00630	0.00504	0.00504	0.75295
2	0.02078	0.02189	0.07820	0.05027	0.60497	0.02019	0.02649	0.02618	0.01928	0.02774	0.01596	0.02085	0.01329	0.00762	0.00840	0.00254	0.01028	0.00749	0.00417	0.01342
3	0.01344	0.00993	0.01271	0.01385	0.01601	0.00970	0.01145	0.04813	0.02011	0.02588	0.05223	0.18786	0.16690	0.02292	0.01109	0.00356	0.00674	0.35169	0.00790	0.00791
4	0.01494	0.01000	0.01376	0.01521	0.01750	0.00980	0.01320	0.01871	0.01986	0.06252	0.04690	0.09116	0.08385	0.02262	0.01146	0.00378	0.00758	0.52096	0.00800	0.00819
5	0.01962	0.02154	0.04326	0.03155	0.03857	0.02145	0.46163	0.02559	0.01866	0.02612	0.01599	0.02175	0.01258	0.00844	0.01283	0.00288	0.13010	0.00917	0.00427	0.07399
6	0.01054	0.00754	0.01003	0.01173	0.01238	0.00703	0.00791	0.01228	0.01709	0.02300	0.10824	0.63039	0.05875	0.02571	0.01078	0.00338	0.00484	0.02329	0.00805	0.00703
7	0.01681	0.01645	0.02898	0.54509	0.05411	0.01977	0.10539	0.02242	0.01716	0.02242	0.01514	0.02244	0.01155	0.00877	0.01008	0.00290	0.05905	0.00790	0.00385	0.00972
8	0.01238	0.00825	0.00928	0.00928	0.00928	0.00825	0.00516	0.01238	0.01238	0.01650	0.02681	0.05569	0.03094	0.70092	0.04331	0.00825	0.00825	0.01238	0.00516	0.00516
9	0.76103	0.01646	0.01251	0.01119	0.01646	0.01909	0.00922	0.02502	0.01448	0.03818	0.01185	0.01382	0.00922	0.00790	0.00527	0.00263	0.00658	0.00461	0.00527	0.00922
10	0.03150	0.01568	0.01964	0.01513	0.02175	0.01414	0.01234	0.07805	0.08817	0.40979	0.02874	0.02619	0.01928	0.00969	0.00807	0.00235	0.00713	0.00784	0.00900	0.17551
11	0.02917	0.10806	0.02648	0.05341	0.02715	0.52467	0.01674	0.03157	0.02229	0.02076	0.01298	0.01575	0.01099	0.00902	0.00886	0.00229	0.06004	0.00562	0.00423	0.00992
12	0.03235	0.02384	0.02554	0.01958	0.02639	0.02639	0.01618	0.61946	0.04001	0.05363	0.02043	0.02043	0.01447	0.01022	0.00851	0.00255	0.00936	0.00766	0.00851	0.01447
13	0.01765	0.01513	0.01765	0.01260	0.02017	0.01134	0.01008	0.02143	0.01765	0.02773	0.01513	0.01765	0.01260	0.00630	0.00630	0.00126	0.00630	0.00504	0.00504	0.75295
14	0.06933	0.01675	0.02465	0.51878	0.05008	0.02024	0.02134	0.12726	0.02090	0.02847	0.01584	0.02169	0.01175	0.00877	0.00829	0.00277	0.01067	0.00738	0.00472	0.01032
15	0.01771	0.01536	0.01822	0.01326	0.02031	0.01234	0.01066	0.02136	0.01733	0.02724	0.01486	0.01771	0.01251	0.00688	0.00777	0.00143	0.05224	0.00520	0.00495	0.70264
16	0.13220	0.02024	0.02174	0.01702	0.02316	0.02186	0.01390	0.39995	0.03208	0.15334	0.02193	0.02319	0.01591	0.05271	0.01023	0.00293	0.00855	0.00769	0.00821	0.01318
17	0.01938	0.01557	0.01817	0.01310	0.02057	0.01221	0.01052	0.05467	0.01916	0.05762	0.01625	0.01831	0.01309	0.00671	0.00652	0.00139	0.00651	0.00534	0.00548	0.67941
18	0.01299	0.00824	0.00926	0.00919	0.00978	0.00817	0.00562	0.01418	0.01469	0.02130	0.09500	0.05206	0.03467	0.49585	0.03263	0.00646	0.00698	0.01187	0.14505	0.00599
19	0.01243	0.00896	0.01291	0.01291	0.01434	0.01025	0.00985	0.01527	0.01385	0.02029	0.02347	0.03520	0.02213	0.11420	0.56933	0.01242	0.02028	0.00931	0.05516	0.00741
20	0.03235	0.02384	0.02554	0.01958	0.02639	0.02639	0.01618	0.61946	0.04001	0.05363	0.02043	0.02043	0.01447	0.01022	0.00851	0.00255	0.00936	0.00766	0.00851	0.01447
21	0.01765	0.01513	0.01765	0.01260	0.02017	0.01134	0.01008	0.02143	0.01765	0.02773	0.01513	0.01765	0.01260	0.00630	0.00630	0.00126	0.00630	0.00504	0.00504	0.75295
22	0.02728	0.02002	0.02335	0.01849	0.02404	0.02163	0.04959	0.40888	0.06961	0.07175	0.02461	0.08254	0.02063	0.08256	0.01239	0.00326	0.00891	0.00985	0.00797	0.01263
23	0.02835	0.01977	0.02188	0.01805	0.02341	0.02099	0.01428	0.35585	0.10625	0.10691	0.06671	0.12104	0.02774	0.01408	0.00955	0.00301	0.00832	0.01120	0.00911	0.01352
24	0.03270	0.03443	0.02476	0.02169	0.02638	0.45253	0.01660	0.11452	0.02624	0.09173	0.01763	0.01979	0.01394	0.01054	0.00988	0.00267	0.05952	0.00672	0.00605	0.01167

[dist]
# distance from previous block
# <min> <max>
3	6

[block]
# block no. 10 follows, 21 sequences, length 27
# corresponding to MSA columns:
# 395-421
name=unknown_K
#
# <colnr> <probs for GDERKNQSTAVLIFYWHMCP>
#	G	D	E	R	K	N	Q	S	T	A	V	L	I	F	Y	W	H	M	C	P
0	0.05378	0.01563	0.02488	0.61377	0.05489	0.01930	0.02254	0.05226	0.01806	0.02418	0.01523	0.02214	0.01140	0.00856	0.00835	0.00281	0.01101	0.00742	0.00410	0.00970
1	0.01515	0.00924	0.01255	0.01230	0.01393	0.00964	0.00897	0.01734	0.01520	0.09343	0.02868	0.13325	0.02854	0.19605	0.32095	0.00911	0.01417	0.01191	0.04186	0.00775
2	0.01994	0.01583	0.01842	0.01333	0.02078	0.01268	0.01072	0.07325	0.01989	0.06172	0.01651	0.01846	0.01319	0.00685	0.00660	0.00144	0.00661	0.00544	0.00562	0.65271
3	0.54115	0.07422	0.01576	0.01185	0.01686	0.01898	0.00986	0.05576	0.01761	0.03684	0.11163	0.02199	0.02082	0.00947	0.00621	0.00257	0.00654	0.00646	0.00595	0.00946
4	0.01662	0.01433	0.01742	0.01364	0.01920	0.01240	0.01075	0.01981	0.01689	0.02592	0.01965	0.12435	0.01930	0.01052	0.00959	0.00190	0.08673	0.00834	0.00533	0.54730
5	0.01696	0.00979	0.01295	0.01154	0.01441	0.00887	0.00887	0.02084	0.02414	0.15074	0.52858	0.05706	0.06915	0.01611	0.00976	0.00267	0.00462	0.01410	0.00959	0.00924
6	0.02221	0.01723	0.01874	0.01663	0.02142	0.01938	0.01299	0.04278	0.52903	0.09683	0.07764	0.03373	0.02934	0.01186	0.00875	0.00285	0.00659	0.00992	0.00890	0.01319
7	0.01962	0.02202	0.04748	0.06622	0.04403	0.02090	0.56283	0.02659	0.01992	0.02692	0.01829	0.02602	0.01435	0.00793	0.01004	0.00291	0.01393	0.03435	0.00443	0.01123
8	0.01071	0.00755	0.00977	0.01141	0.01182	0.00714	0.00743	0.01194	0.01563	0.02084	0.04350	0.58697	0.05199	0.14092	0.01636	0.00427	0.00550	0.02219	0.00743	0.00661
9	0.01862	0.01862	0.02607	0.02234	0.02234	0.02607	0.01862	0.02048	0.01303	0.02048	0.01117	0.01862	0.01117	0.01489	0.02793	0.00372	0.68535	0.00745	0.00372	0.00931
10	0.01765	0.01513	0.01765	0.01260	0.02017	0.01134	0.01008	0.02143	0.01765	0.02773	0.01513	0.01765	0.01260	0.00630	0.00630	0.00126	0.00630	0.00504	0.00504	0.75295
11	0.01996	0.02259	0.04816	0.03472	0.04260	0.02191	0.56610	0.02668	0.01949	0.02668	0.01670	0.02259	0.01276	0.00783	0.01156	0.00294	0.07135	0.00982	0.00425	0.01129
12	0.01862	0.01862	0.02607	0.02234	0.02234	0.02607	0.01862	0.02048	0.01303	0.02048	0.01117	0.01862	0.01117	0.01489	0.02793	0.00372	0.68535	0.00745	0.00372	0.00931
13	0.01993	0.01906	0.03249	0.19512	0.51382	0.01992	0.02555	0.02512	0.01884	0.02642	0.01581	0.02143	0.01299	0.00779	0.00844	0.00260	0.01039	0.00758	0.00411	0.01256
14	0.01607	0.01513	0.02552	0.68047	0.05861	0.01891	0.02363	0.02174	0.01702	0.02174	0.01513	0.02269	0.01134	0.00851	0.00851	0.00284	0.01134	0.00756	0.00378	0.00945
15	0.01231	0.00908	0.01364	0.01385	0.01541	0.00840	0.05975	0.01438	0.01711	0.04794	0.04596	0.57802	0.08294	0.02407	0.01066	0.00334	0.00580	0.02202	0.00770	0.00762
16	0.01037	0.00741	0.00987	0.01185	0.01234	0.00691	0.00790	0.01185	0.01629	0.02172	0.04690	0.69537	0.05629	0.02666	0.01086	0.00346	0.00494	0.02419	0.00790	0.00691
17	0.11474	0.02269	0.02193	0.01760	0.02341	0.08725	0.01427	0.41343	0.03318	0.04554	0.07451	0.02552	0.04678	0.01091	0.00825	0.00255	0.00896	0.00820	0.00777	0.01253
18	0.01999	0.02266	0.04857	0.03495	0.04297	0.02183	0.57614	0.02680	0.01961	0.02680	0.01680	0.02266	0.01279	0.00770	0.01126	0.00293	0.06009	0.00987	0.00426	0.01133
19	0.01877	0.01788	0.03041	0.34039	0.37757	0.01962	0.02498	0.02411	0.01829	0.02502	0.01560	0.02181	0.01250	0.00801	0.00846	0.00267	0.01068	0.00757	0.00401	0.01163
20	0.01936	0.02067	0.03977	0.02899	0.03604	0.02013	0.39935	0.02501	0.01849	0.02631	0.01585	0.02119	0.01258	0.00819	0.01205	0.00267	0.11673	0.00861	0.00437	0.16365
21	0.01712	0.01635	0.02836	0.29069	0.04061	0.01792	0.16213	0.02216	0.01742	0.02436	0.01811	0.06253	0.01535	0.00983	0.01067	0.00274	0.08299	0.00890	0.06401	0.08776
22	0.13153	0.01264	0.01615	0.21360	0.02822	0.01415	0.01369	0.02087	0.07576	0.02693	0.07455	0.14816	0.11246	0.01525	0.00898	0.00300	0.00740	0.06142	0.00641	0.00885
23	0.01797	0.01314	0.01466	0.01245	0.01543	0.01306	0.00879	0.15891	0.02009	0.02760	0.02423	0.07227	0.02504	0.38068	0.02690	0.00543	0.00801	0.01055	0.00607	0.13871
24	0.01899	0.01993	0.03818	0.09305	0.03754	0.02108	0.35542	0.02443	0.01789	0.02541	0.01613	0.02220	0.01287	0.00924	0.01368	0.00294	0.17062	0.00885	0.04840	0.04315
25	0.01642	0.01549	0.02616	0.63598	0.10034	0.01900	0.02381	0.02205	0.01718	0.02217	0.01519	0.02257	0.01150	0.00844	0.00850	0.00281	0.01126	0.00756	0.00381	0.00974
26	0.10894	0.01977	0.03193	0.04736	0.57286	0.02009	0.02411	0.02599	0.01880	0.02903	0.01551	0.02020	0.01297	0.00762	0.00805	0.00254	0.00969	0.00723	0.00434	0.01297

[dist]
# distance from previous block
# <min> <max>
1	2

[block]
# block no. 11 follows, 21 sequences, length 52
# corresponding to MSA columns:
# 424-475
name=unknown_L
#
# <colnr> <probs for GDERKNQSTAVLIFYWHMCP>
#	G	D	E	R	K	N	Q	S	T	A	V	L	I	F	Y	W	H	M	C	P
0	0.37945	0.11683	0.02179	0.01514	0.02100	0.09619	0.01265	0.18669	0.02286	0.03788	0.01431	0.01576	0.01107	0.00854	0.00644	0.00245	0.00867	0.00552	0.00582	0.01095
1	0.01428	0.00739	0.01095	0.01117	0.01123	0.00734	0.00745	0.01117	0.01167	0.01557	0.01841	0.10144	0.01947	0.02924	0.03073	0.66786	0.00711	0.00929	0.00417	0.00406
2	0.02240	0.66552	0.08207	0.01515	0.02276	0.03282	0.01559	0.02557	0.01733	0.02045	0.01204	0.01392	0.01091	0.00733	0.00562	0.00187	0.00931	0.00466	0.00364	0.01102
3	0.01726	0.01499	0.01806	0.01365	0.01988	0.01270	0.01090	0.02067	0.01703	0.02650	0.01685	0.06412	0.01543	0.00866	0.00905	0.00169	0.08276	0.00662	0.00509	0.61807
4	0.01468	0.01252	0.01446	0.01421	0.01599	0.08440	0.01091	0.01730	0.01490	0.02014	0.02149	0.03090	0.01978	0.05335	0.52877	0.05225	0.02028	0.00856	0.03747	0.00766
5	0.10696	0.01292	0.01373	0.01168	0.01573	0.01331	0.00933	0.13119	0.02260	0.14904	0.02571	0.02719	0.01895	0.00985	0.00680	0.00228	0.00582	0.00762	0.39889	0.01043
6	0.02594	0.03629	0.14442	0.02535	0.03190	0.37838	0.14785	0.03057	0.02157	0.02330	0.01431	0.01762	0.01136	0.00862	0.00930	0.00251	0.04915	0.00671	0.00419	0.01067
7	0.01046	0.00782	0.00962	0.01087	0.01203	0.00710	0.00744	0.01219	0.01734	0.02251	0.08857	0.48076	0.20422	0.05231	0.01194	0.00346	0.00486	0.02167	0.00787	0.00697
8	0.01371	0.00980	0.01371	0.01567	0.01763	0.00980	0.01371	0.01763	0.01959	0.02547	0.04506	0.09599	0.04898	0.02351	0.01175	0.00392	0.00784	0.59056	0.00784	0.00784
9	0.02592	0.02064	0.02192	0.01828	0.02394	0.02339	0.01462	0.28927	0.38067	0.04326	0.02860	0.02694	0.02109	0.01098	0.00860	0.00275	0.00785	0.00879	0.00860	0.01390
10	0.03144	0.08377	0.02069	0.01450	0.02041	0.01430	0.01217	0.03551	0.04981	0.45860	0.03780	0.03702	0.08984	0.01217	0.00859	0.00266	0.00712	0.04137	0.00932	0.01291
11	0.02106	0.02022	0.03454	0.05223	0.64784	0.02022	0.02612	0.02612	0.01938	0.02780	0.01601	0.02106	0.01348	0.00758	0.00842	0.00253	0.01011	0.00758	0.00421	0.01348
12	0.01707	0.04402	0.65683	0.02426	0.03683	0.01976	0.03144	0.02695	0.01797	0.02695	0.01527	0.01797	0.01078	0.00809	0.00809	0.00270	0.01258	0.00629	0.00359	0.01258
13	0.02106	0.02022	0.03454	0.05223	0.64784	0.02022	0.02612	0.02612	0.01938	0.02780	0.01601	0.02106	0.01348	0.00758	0.00842	0.00253	0.01011	0.00758	0.00421	0.01348
14	0.01738	0.08010	0.62346	0.02373	0.03602	0.02052	0.03052	0.02687	0.01793	0.02657	0.01508	0.01773	0.01079	0.00804	0.00794	0.00265	0.01239	0.00619	0.00360	0.01249
15	0.01478	0.00739	0.01109	0.01109	0.01109	0.00739	0.00739	0.01109	0.01109	0.01478	0.01478	0.02587	0.01478	0.02956	0.03326	0.75240	0.00739	0.00739	0.00370	0.00370
16	0.01019	0.00863	0.00881	0.00876	0.01158	0.00724	0.00657	0.01248	0.01972	0.02375	0.12433	0.08065	0.60579	0.02127	0.01006	0.00286	0.00429	0.01778	0.00800	0.00724
17	0.01545	0.01331	0.01377	0.01284	0.01665	0.01397	0.00986	0.02822	0.31679	0.02911	0.06119	0.05757	0.34440	0.01670	0.00938	0.00288	0.00549	0.01392	0.00827	0.01023
18	0.01691	0.01598	0.02704	0.57494	0.15759	0.01913	0.02405	0.02248	0.01741	0.02276	0.01527	0.02242	0.01170	0.00835	0.00849	0.00278	0.01114	0.00757	0.00385	0.01013
19	0.01037	0.00741	0.00987	0.01185	0.01234	0.00691	0.00790	0.01185	0.01629	0.02172	0.04690	0.69537	0.05629	0.02666	0.01086	0.00346	0.00494	0.02419	0.00790	0.00691
20	0.01959	0.02215	0.04814	0.03463	0.04282	0.02077	0.58555	0.02647	0.01989	0.02697	0.01875	0.05760	0.01515	0.00818	0.01009	0.00290	0.01386	0.01077	0.00449	0.01124
21	0.01371	0.00980	0.01371	0.01567	0.01763	0.00980	0.01371	0.01763	0.01959	0.02547	0.04506	0.09599	0.04898	0.02351	0.01175	0.00392	0.00784	0.59056	0.00784	0.00784
22	0.01053	0.00877	0.00928	0.00954	0.01229	0.00752	0.00741	0.01292	0.01942	0.02331	0.08088	0.08373	0.56721	0.02181	0.01028	0.00301	0.00477	0.09218	0.00789	0.00727
23	0.02009	0.02296	0.05022	0.03587	0.04448	0.02152	0.61693	0.02726	0.02009	0.02726	0.01722	0.02296	0.01291	0.00717	0.01004	0.00287	0.01435	0.01004	0.00430	0.01148
24	0.01037	0.00741	0.00987	0.01185	0.01234	0.00691	0.00790	0.01185	0.01629	0.02172	0.04690	0.69537	0.05629	0.02666	0.01086	0.00346	0.00494	0.02419	0.00790	0.00691
25	0.02009	0.02296	0.05022	0.03587	0.04448	0.02152	0.61693	0.02726	0.02009	0.02726	0.01722	0.02296	0.01291	0.00717	0.01004	0.00287	0.01435	0.01004	0.00430	0.01148
26	0.03235	0.02384	0.02554	0.01958	0.02639	0.02639	0.01618	0.61946	0.04001	0.05363	0.02043	0.02043	0.01447	0.01022	0.00851	0.00255	0.00936	0.00766	0.00851	0.01447
27	0.01728	0.04275	0.62365	0.02575	0.06941	0.01979	0.03116	0.02691	0.01804	0.02700	0.01531	0.01813	0.01092	0.00806	0.00810	0.00269	0.01245	0.00636	0.00363	0.01263
28	0.03107	0.03936	0.02422	0.02195	0.02609	0.63184	0.01656	0.03325	0.02351	0.02081	0.01305	0.01552	0.01097	0.00910	0.00878	0.00228	0.05186	0.00559	0.00435	0.00984
29	0.01765	0.01513	0.01765	0.01260	0.02017	0.01134	0.01008	0.02143	0.01765	0.02773	0.01513	0.01765	0.01260	0.00630	0.00630	0.00126	0.00630	0.00504	0.00504	0.75295
30	0.01500	0.01336	0.01773	0.01650	0.01762	0.04395	0.01310	0.01751	0.01388	0.01989	0.01899	0.02903	0.01814	0.07241	0.41802	0.00992	0.22392	0.00858	0.00432	0.00812
31	0.01249	0.01071	0.01789	0.01666	0.01860	0.01039	0.11869	0.01502	0.01684	0.02267	0.03997	0.54417	0.04647	0.02262	0.01145	0.00336	0.03619	0.02090	0.00707	0.00784
32	0.01979	0.36068	0.36399	0.01962	0.02966	0.02642	0.02337	0.02625	0.01764	0.02364	0.01363	0.01590	0.01085	0.00770	0.00683	0.00228	0.01091	0.00546	0.00362	0.01178
33	0.02275	0.70604	0.04459	0.01456	0.02184	0.03367	0.01456	0.02548	0.01729	0.02002	0.01183	0.01365	0.01092	0.00728	0.00546	0.00182	0.00910	0.00455	0.00364	0.01092
34	0.01216	0.00912	0.01368	0.01368	0.01520	0.01064	0.01064	0.01520	0.01368	0.01976	0.02279	0.03343	0.02127	0.06382	0.66720	0.01368	0.02279	0.00912	0.00456	0.00760
35	0.01216	0.00912	0.01368	0.01368	0.01520	0.01064	0.01064	0.01520	0.01368	0.01976	0.02279	0.03343	0.02127	0.06382	0.66720	0.01368	0.02279	0.00912	0.00456	0.00760
36	0.01216	0.00912	0.01368	0.01368	0.01520	0.01064	0.01064	0.01520	0.01368	0.01976	0.02279	0.03343	0.02127	0.06382	0.66720	0.01368	0.02279	0.00912	0.00456	0.00760
37	0.02009	0.02296	0.05022	0.03587	0.04448	0.02152	0.61693	0.02726	0.02009	0.02726	0.01722	0.02296	0.01291	0.00717	0.01004	0.00287	0.01435	0.01004	0.00430	0.01148
38	0.01707	0.04402	0.65683	0.02426	0.03683	0.01976	0.03144	0.02695	0.01797	0.02695	0.01527	0.01797	0.01078	0.00809	0.00809	0.00270	0.01258	0.00629	0.00359	0.01258
39	0.01216	0.00912	0.01368	0.01368	0.01520	0.01064	0.01064	0.01520	0.01368	0.01976	0.02279	0.03343	0.02127	0.06382	0.66720	0.01368	0.02279	0.00912	0.00456	0.00760
40	0.01216	0.00912	0.01368	0.01368	0.01520	0.01064	0.01064	0.01520	0.01368	0.01976	0.02279	0.03343	0.02127	0.06382	0.66720	0.01368	0.02279	0.00912	0.00456	0.00760
41	0.01671	0.01637	0.02945	0.57805	0.05637	0.01932	0.11790	0.02262	0.01750	0.02262	0.01546	0.02273	0.01159	0.00830	0.00875	0.00284	0.01182	0.00796	0.00386	0.00978
