[name]
unknown

[dist]
# distance from previous block
# <min> <max>
0	79

[block]
# block no. 0 follows, 22 sequences, length 92
# corresponding to MSA columns:
# 88-179
name=unknown_A
#
# <colnr> <probs for GDERKNQSTAVLIFYWHMCP>
#	G	D	E	R	K	N	Q	S	T	A	V	L	I	F	Y	W	H	M	C	P
0	0.01259	0.00899	0.01247	0.01438	0.01594	0.00887	0.01199	0.01583	0.01833	0.02396	0.04443	0.24317	0.04956	0.02370	0.01126	0.00371	0.00696	0.45875	0.00766	0.00743
1	0.02221	0.71304	0.04353	0.01421	0.02132	0.03287	0.01421	0.02488	0.01688	0.01955	0.01155	0.01333	0.01066	0.00711	0.00533	0.00178	0.00888	0.00444	0.00355	0.01066
2	0.01009	0.00734	0.00952	0.01127	0.01197	0.00677	0.00758	0.01160	0.01619	0.02132	0.04944	0.64329	0.11191	0.02555	0.01053	0.00332	0.00476	0.02304	0.00771	0.00677
3	0.01188	0.00886	0.01314	0.01314	0.01455	0.01027	0.01012	0.01470	0.01329	0.01913	0.02245	0.03371	0.02123	0.09419	0.64387	0.01309	0.02155	0.00906	0.00448	0.00730
4	0.01666	0.04297	0.66500	0.02368	0.03596	0.01929	0.03069	0.02631	0.01754	0.02631	0.01491	0.01754	0.01052	0.00789	0.00789	0.00263	0.01228	0.00614	0.00351	0.01228
5	0.01798	0.20157	0.51791	0.02144	0.03249	0.02251	0.02679	0.02597	0.01738	0.02471	0.01411	0.01654	0.01056	0.00771	0.00729	0.00243	0.01147	0.00574	0.00352	0.01189
6	0.01025	0.00820	0.00892	0.00936	0.01141	0.00717	0.00674	0.01208	0.01767	0.02167	0.06935	0.19736	0.45112	0.09104	0.01330	0.00348	0.00485	0.04180	0.00744	0.00679
7	0.01092	0.00838	0.01000	0.00976	0.01194	0.00746	0.00725	0.01400	0.02130	0.02843	0.39877	0.11010	0.29343	0.01910	0.00986	0.00273	0.00409	0.01652	0.00851	0.00746
8	0.02449	0.01654	0.02051	0.10626	0.05943	0.01804	0.01485	0.03917	0.35988	0.20191	0.03008	0.02855	0.02155	0.01041	0.00840	0.00273	0.00747	0.00874	0.00809	0.01290
9	0.01717	0.03983	0.57720	0.02679	0.09551	0.01941	0.05681	0.02624	0.01776	0.02640	0.01506	0.01805	0.01087	0.00781	0.00801	0.00262	0.01212	0.00642	0.00360	0.01231
10	0.01666	0.04297	0.66500	0.02368	0.03596	0.01929	0.03069	0.02631	0.01754	0.02631	0.01491	0.01754	0.01052	0.00789	0.00789	0.00263	0.01228	0.00614	0.00351	0.01228
11	0.06759	0.02164	0.04550	0.06457	0.04231	0.02073	0.55755	0.02621	0.01911	0.02704	0.01637	0.02182	0.01230	0.00711	0.00943	0.00278	0.01338	0.00935	0.00424	0.01097
12	0.01849	0.02633	0.18971	0.03033	0.07714	0.04773	0.35508	0.02521	0.01886	0.02574	0.01908	0.09072	0.01641	0.00926	0.00923	0.00277	0.01243	0.01000	0.00439	0.01106
13	0.02513	0.12663	0.21386	0.02233	0.06875	0.16762	0.02059	0.20071	0.02505	0.03161	0.01549	0.01729	0.01179	0.00850	0.00760	0.00236	0.01135	0.00620	0.00510	0.01206
14	0.01803	0.01715	0.02914	0.38221	0.34480	0.01907	0.02424	0.02328	0.01772	0.02407	0.01518	0.02139	0.01208	0.00787	0.00827	0.00262	0.01050	0.00739	0.00389	0.01112
15	0.01840	0.22564	0.46026	0.02256	0.06550	0.02304	0.02589	0.02587	0.01743	0.02450	0.01403	0.01655	0.01070	0.00765	0.00721	0.00239	0.01122	0.00574	0.00355	0.01188
16	0.03129	0.01748	0.02097	0.01747	0.04500	0.01784	0.01367	0.21884	0.13080	0.32346	0.02819	0.02602	0.01917	0.01022	0.00825	0.00256	0.00759	0.00820	0.03930	0.01368
17	0.02679	0.02087	0.02260	0.04538	0.02546	0.02353	0.01508	0.38215	0.26666	0.04441	0.02500	0.02423	0.01827	0.01040	0.00836	0.00263	0.00825	0.00820	0.00818	0.01356
18	0.01239	0.00927	0.01348	0.01330	0.01467	0.01091	0.01031	0.01523	0.01349	0.01982	0.02210	0.03270	0.02068	0.08326	0.58055	0.01203	0.05452	0.00888	0.04498	0.00742
19	0.02966	0.06363	0.02356	0.01929	0.02438	0.36413	0.01507	0.13441	0.12489	0.09220	0.01932	0.01963	0.01461	0.00933	0.00776	0.00233	0.01157	0.00661	0.00619	0.01145
20	0.01829	0.08350	0.55668	0.02320	0.03462	0.01988	0.06083	0.02700	0.01795	0.06028	0.01576	0.01811	0.01119	0.00792	0.00786	0.00258	0.01187	0.00635	0.00391	0.01222
21	0.01012	0.00723	0.00964	0.01157	0.01205	0.00675	0.00771	0.01157	0.01591	0.02121	0.04579	0.70262	0.05495	0.02603	0.01060	0.00337	0.00482	0.02362	0.00771	0.00675
22	0.01952	0.01867	0.03219	0.10235	0.52751	0.01890	0.05452	0.02453	0.01893	0.02674	0.03957	0.02491	0.01655	0.00836	0.00848	0.00256	0.00989	0.02909	0.00439	0.01233
23	0.02874	0.02157	0.02570	0.01993	0.02636	0.02347	0.07321	0.42246	0.15039	0.08587	0.02310	0.02281	0.01653	0.00996	0.00848	0.00259	0.00898	0.00812	0.00807	0.01366
24	0.05225	0.01683	0.02789	0.39954	0.29728	0.01898	0.02340	0.02310	0.01743	0.02435	0.01497	0.02111	0.01182	0.00791	0.00813	0.00264	0.01037	0.00726	0.00393	0.01081
25	0.01178	0.00793	0.00950	0.00992	0.01024	0.00795	0.00612	0.01253	0.01327	0.01816	0.03019	0.19384	0.03443	0.47154	0.08825	0.00721	0.00838	0.01415	0.03888	0.00574
26	0.06904	0.15778	0.09117	0.05556	0.03350	0.11193	0.27755	0.02624	0.01914	0.02512	0.04491	0.02054	0.01462	0.00789	0.00810	0.00247	0.01191	0.00765	0.00430	0.01058
27	0.06656	0.01909	0.12396	0.01615	0.02339	0.01405	0.01511	0.03761	0.05076	0.50109	0.02895	0.02598	0.01862	0.00982	0.00814	0.00259	0.00786	0.00787	0.00886	0.01355
28	0.03547	0.01454	0.01923	0.01501	0.02125	0.01313	0.01231	0.04088	0.09067	0.59402	0.03289	0.02857	0.02108	0.01039	0.00836	0.00260	0.00702	0.00847	0.01008	0.01403
29	0.01945	0.02349	0.08130	0.03442	0.04303	0.02092	0.59485	0.02659	0.01950	0.02659	0.01671	0.02215	0.01250	0.00705	0.00970	0.00279	0.01392	0.00961	0.00417	0.01126
30	0.02741	0.02969	0.02615	0.02805	0.17977	0.33418	0.01828	0.13709	0.05470	0.02838	0.01571	0.01817	0.01264	0.00896	0.00886	0.00239	0.04649	0.00653	0.00513	0.01144
31	0.01959	0.02207	0.04713	0.03524	0.07453	0.02115	0.56658	0.02625	0.01925	0.02633	0.01647	0.02212	0.01256	0.00737	0.01053	0.00282	0.04506	0.00956	0.00417	0.01121
32	0.01059	0.00845	0.00949	0.00923	0.01170	0.00734	0.00692	0.01342	0.02077	0.02679	0.31121	0.07279	0.42309	0.01942	0.00981	0.00273	0.00409	0.01653	0.00829	0.00734
33	0.02034	0.02270	0.08869	0.07433	0.42569	0.04986	0.11072	0.02679	0.04972	0.02677	0.01646	0.02090	0.01324	0.00768	0.00840	0.00255	0.01080	0.00764	0.00427	0.01245
34	0.05794	0.10494	0.53651	0.02269	0.03387	0.02066	0.06013	0.02608	0.01740	0.02627	0.01451	0.01718	0.01057	0.00776	0.00760	0.00255	0.01173	0.00608	0.00364	0.01189
35	0.01012	0.00723	0.00964	0.01157	0.01205	0.00675	0.00771	0.01157	0.01591	0.02121	0.04579	0.70262	0.05495	0.02603	0.01060	0.00337	0.00482	0.02362	0.00771	0.00675
36	0.01473	0.01339	0.01903	0.10440	0.02237	0.01712	0.01450	0.01681	0.01431	0.02039	0.02439	0.26036	0.02732	0.05208	0.01970	0.00365	0.32899	0.01325	0.00514	0.00809
37	0.06900	0.01618	0.02302	0.37037	0.08553	0.01860	0.01889	0.11337	0.05101	0.08742	0.01861	0.02261	0.01364	0.00884	0.00798	0.00263	0.00944	0.00742	0.04466	0.01078
38	0.01706	0.01634	0.02823	0.50203	0.20107	0.01889	0.05350	0.02252	0.01732	0.02292	0.01507	0.02178	0.01165	0.00802	0.00836	0.00270	0.01093	0.00751	0.00382	0.01027
39	0.01012	0.00723	0.00964	0.01157	0.01205	0.00675	0.00771	0.01157	0.01591	0.02121	0.04579	0.70262	0.05495	0.02603	0.01060	0.00337	0.00482	0.02362	0.00771	0.00675
40	0.01824	0.03195	0.33497	0.02975	0.03995	0.02021	0.34968	0.02647	0.01865	0.02647	0.01593	0.02015	0.01164	0.00742	0.00892	0.00272	0.01320	0.00810	0.00388	0.01170
41	0.01860	0.02188	0.07592	0.03301	0.07097	0.01950	0.50646	0.02511	0.01911	0.02611	0.01941	0.08688	0.01656	0.00888	0.00970	0.00283	0.01283	0.01081	0.00450	0.01093
42	0.01198	0.00870	0.01159	0.01274	0.01442	0.00832	0.01022	0.01515	0.01944	0.02586	0.19198	0.21863	0.10877	0.02205	0.01074	0.00335	0.00585	0.28476	0.00802	0.00744
43	0.01771	0.03567	0.44617	0.02771	0.03861	0.01990	0.24220	0.02642	0.01827	0.02642	0.01558	0.01927	0.01126	0.00758	0.00857	0.00269	0.01289	0.00744	0.00375	0.01190
44	0.01581	0.01449	0.04850	0.01453	0.01803	0.01430	0.01169	0.02835	0.30996	0.02864	0.07113	0.17796	0.10080	0.04462	0.01069	0.00321	0.00630	0.06307	0.00780	0.01013
45	0.01978	0.02256	0.07502	0.03975	0.24666	0.02050	0.39646	0.02622	0.01927	0.02677	0.01632	0.02155	0.01268	0.00718	0.00918	0.00268	0.01254	0.00882	0.00414	0.01191
46	0.03047	0.03852	0.02409	0.02300	0.05978	0.63927	0.01656	0.03276	0.02329	0.02070	0.01299	0.01528	0.01083	0.00850	0.00753	0.00216	0.01470	0.00546	0.00427	0.00982
47	0.02205	0.01801	0.01914	0.01663	0.02146	0.02032	0.01307	0.17979	0.42711	0.03750	0.03434	0.06422	0.06458	0.01231	0.00861	0.00277	0.00695	0.01015	0.00834	0.01268
48	0.31247	0.01735	0.01791	0.09315	0.02400	0.01965	0.01291	0.17343	0.10814	0.07864	0.01921	0.02034	0.01412	0.00909	0.00698	0.00258	0.00756	0.00665	0.04474	0.01111
49	0.01012	0.00723	0.00964	0.01157	0.01205	0.00675	0.00771	0.01157	0.01591	0.02121	0.04579	0.70262	0.05495	0.02603	0.01060	0.00337	0.00482	0.02362	0.00771	0.00675
50	0.02553	0.02678	0.02339	0.05084	0.02520	0.27261	0.01623	0.15734	0.04855	0.02791	0.01867	0.02138	0.04684	0.01119	0.01301	0.00270	0.18884	0.00723	0.00531	0.01045
51	0.02194	0.01993	0.02480	0.06256	0.17695	0.06246	0.04610	0.11645	0.27127	0.03260	0.02498	0.06136	0.02015	0.01042	0.00849	0.00267	0.00877	0.00907	0.00662	0.01241
52	0.01666	0.04297	0.66500	0.02368	0.03596	0.01929	0.03069	0.02631	0.01754	0.02631	0.01491	0.01754	0.01052	0.00789	0.00789	0.00263	0.01228	0.00614	0.00351	0.01228
53	0.03103	0.03959	0.02354	0.02140	0.02568	0.67469	0.01605	0.03317	0.02354	0.02033	0.01284	0.01498	0.01070	0.00856	0.00749	0.00214	0.01498	0.00535	0.00428	0.00963
54	0.01847	0.01473	0.01554	0.01406	0.01706	0.06929	0.01089	0.07526	0.10875	0.06864	0.09134	0.07499	0.12008	0.04549	0.09891	0.00429	0.06184	0.01104	0.06989	0.00945
55	0.01730	0.01405	0.01955	0.26684	0.03209	0.01656	0.01579	0.11838	0.02010	0.02778	0.05085	0.15602	0.02416	0.01327	0.01073	0.00284	0.08680	0.01091	0.08666	0.00931
56	0.01012	0.00723	0.00964	0.01157	0.01205	0.00675	0.00771	0.01157	0.01591	0.02121	0.04579	0.70262	0.05495	0.02603	0.01060	0.00337	0.00482	0.02362	0.00771	0.00675
57	0.02056	0.01974	0.03372	0.05099	0.65622	0.01974	0.02550	0.02550	0.01892	0.02714	0.01563	0.02056	0.01316	0.00740	0.00822	0.00247	0.00987	0.00740	0.00411	0.01316
58	0.02021	0.01924	0.03272	0.04923	0.62467	0.01924	0.02490	0.02509	0.01893	0.02703	0.01703	0.02417	0.01487	0.00817	0.00838	0.00253	0.00976	0.03668	0.00429	0.01289
59	0.03103	0.03959	0.02354	0.02140	0.02568	0.67469	0.01605	0.03317	0.02354	0.02033	0.01284	0.01498	0.01070	0.00856	0.00749	0.00214	0.01498	0.00535	0.00428	0.00963
60	0.00983	0.00835	0.00848	0.00859	0.01127	0.00700	0.00639	0.01190	0.01877	0.02238	0.08208	0.11364	0.62050	0.02131	0.00986	0.00284	0.00424	0.01786	0.00771	0.00700
61	0.02519	0.01711	0.01811	0.01460	0.01938	0.01861	0.01183	0.38669	0.03047	0.04387	0.02279	0.02432	0.01697	0.00986	0.00732	0.00227	0.00705	0.00758	0.30440	0.01159
62	0.03501	0.01531	0.01965	0.01516	0.02144	0.01412	0.01249	0.13301	0.02598	0.53301	0.03326	0.02950	0.05076	0.01076	0.00842	0.00257	0.00726	0.00867	0.00984	0.01378
63	0.01012	0.00723	0.00964	0.01157	0.01205	0.00675	0.00771	0.01157	0.01591	0.02121	0.04579	0.70262	0.05495	0.02603	0.01060	0.00337	0.00482	0.02362	0.00771	0.00675
64	0.01001	0.00768	0.00918	0.01038	0.01174	0.00685	0.00718	0.01170	0.01705	0.02167	0.06025	0.46789	0.28034	0.02415	0.01031	0.00316	0.00459	0.02132	0.00771	0.00685
65	0.01874	0.01856	0.03359	0.26276	0.34060	0.01954	0.13613	0.02426	0.01827	0.02505	0.01556	0.02144	0.01235	0.00763	0.00854	0.00263	0.01104	0.00784	0.00399	0.01147
66	0.02066	0.01785	0.01878	0.01691	0.02160	0.02066	0.01315	0.04414	0.64121	0.03475	0.03381	0.03099	0.02536	0.01127	0.00845	0.00282	0.00657	0.00939	0.00845	0.01315
67	0.03727	0.01414	0.01928	0.01478	0.02121	0.01221	0.01221	0.04049	0.02378	0.66198	0.03277	0.02828	0.02056	0.01028	0.00835	0.00257	0.00707	0.00835	0.01028	0.01414
68	0.01679	0.01589	0.02691	0.54358	0.19307	0.01875	0.02362	0.02219	0.01713	0.02257	0.01496	0.02179	0.01155	0.00810	0.00829	0.00270	0.01080	0.00739	0.00379	0.01012
69	0.01639	0.01579	0.03045	0.02578	0.05838	0.01513	0.29447	0.02160	0.01916	0.02557	0.03032	0.09060	0.03046	0.01509	0.01051	0.00327	0.01051	0.27111	0.00591	0.00948
70	0.01666	0.04297	0.66500	0.02368	0.03596	0.01929	0.03069	0.02631	0.01754	0.02631	0.01491	0.01754	0.01052	0.00789	0.00789	0.00263	0.01228	0.00614	0.00351	0.01228
71	0.01089	0.00846	0.00990	0.00954	0.01188	0.00747	0.00715	0.01399	0.02146	0.02843	0.39661	0.07010	0.33666	0.01881	0.00981	0.00270	0.00405	0.01615	0.00850	0.00747
72	0.01444	0.01069	0.01246	0.01189	0.01480	0.01053	0.00919	0.02163	0.14634	0.06315	0.24773	0.09534	0.22391	0.01761	0.00964	0.00285	0.00508	0.06532	0.00846	0.00894
73	0.01569	0.01477	0.02492	0.68808	0.05722	0.01846	0.02307	0.02123	0.01661	0.02123	0.01477	0.02215	0.01107	0.00831	0.00831	0.00277	0.01107	0.00738	0.00369	0.00923
74	0.02056	0.01974	0.03372	0.05099	0.65622	0.01974	0.02550	0.02550	0.01892	0.02714	0.01563	0.02056	0.01316	0.00740	0.00822	0.00247	0.00987	0.00740	0.00411	0.01316
75	0.02193	0.67886	0.07524	0.01470	0.02207	0.03218	0.01506	0.02495	0.01691	0.01989	0.01172	0.01354	0.01065	0.00715	0.00546	0.00182	0.00906	0.00453	0.00355	0.01074
76	0.02842	0.05666	0.27670	0.01829	0.02707	0.01594	0.01964	0.03416	0.02099	0.38107	0.02474	0.02335	0.01614	0.00919	0.00804	0.00256	0.00922	0.00730	0.00729	0.01324
77	0.01641	0.04123	0.63200	0.02301	0.03477	0.01872	0.02954	0.02577	0.01784	0.02666	0.04705	0.01979	0.01395	0.00835	0.00799	0.00263	0.01186	0.00659	0.00379	0.01205
78	0.00982	0.00842	0.00842	0.00842	0.01122	0.00701	0.00631	0.01192	0.01894	0.02244	0.08416	0.07995	0.65285	0.02104	0.00982	0.00281	0.00421	0.01753	0.00771	0.00701
79	0.06083	0.02488	0.03522	0.02779	0.06074	0.14873	0.30492	0.14560	0.02375	0.03078	0.01752	0.04756	0.01410	0.00872	0.00879	0.00261	0.01231	0.00867	0.00521	0.01127
80	0.01649	0.01540	0.02647	0.53162	0.13982	0.01814	0.04902	0.02151	0.01676	0.02194	0.01496	0.02210	0.01162	0.00923	0.00967	0.04359	0.01082	0.00748	0.00377	0.00957
81	0.01012	0.00723	0.00964	0.01157	0.01205	0.00675	0.00771	0.01157	0.01591	0.02121	0.04579	0.70262	0.05495	0.02603	0.01060	0.00337	0.00482	0.02362	0.00771	0.00675
82	0.02925	0.03093	0.02304	0.01992	0.02494	0.36960	0.01543	0.20280	0.14353	0.03205	0.01877	0.01938	0.01441	0.00947	0.00790	0.00237	0.01176	0.00671	0.00620	0.01156
83	0.02171	0.02366	0.04249	0.06215	0.06985	0.08357	0.45411	0.08441	0.02167	0.02825	0.01658	0.02137	0.01253	0.00751	0.00930	0.00269	0.01331	0.00894	0.00457	0.01134
84	0.01806	0.01718	0.05704	0.43116	0.04561	0.01851	0.07179	0.10396	0.01961	0.02578	0.01668	0.02446	0.01318	0.01055	0.01043	0.06231	0.01069	0.02882	0.00449	0.00972
85	0.02415	0.01796	0.02118	0.01659	0.02196	0.01864	0.04550	0.31845	0.06192	0.06460	0.07972	0.02932	0.02285	0.10679	0.01296	0.00315	0.00815	0.00874	0.00735	0.11002
86	0.26773	0.06632	0.15851	0.10751	0.02779	0.01856	0.04365	0.05205	0.01789	0.03041	0.05769	0.02695	0.01826	0.00991	0.00743	0.00269	0.00889	0.06270	0.00510	0.00998
87	0.01809	0.01706	0.02634	0.31492	0.21699	0.04962	0.05137	0.02268	0.01758	0.02383	0.01565	0.02154	0.01253	0.00886	0.00915	0.03846	0.01009	0.00721	0.04329	0.07472
88	0.52778	0.01716	0.04080	0.01245	0.01751	0.01825	0.01048	0.11015	0.01817	0.03701	0.04646	0.02049	0.01509	0.06762	0.00908	0.00303	0.00707	0.00617	0.00572	0.00948
89	0.06718	0.01621	0.02244	0.21439	0.06380	0.01817	0.04422	0.10794	0.01939	0.02860	0.01651	0.02209	0.01340	0.03743	0.01148	0.00274	0.09791	0.00718	0.07237	0.11655
90	0.04730	0.01424	0.01714	0.01527	0.01683	0.04269	0.01189	0.04490	0.01510	0.02211	0.02115	0.03168	0.04859	0.16678	0.15150	0.00606	0.23895	0.00880	0.03170	0.04730
91	0.08943	0.01659	0.02004	0.05233	0.02135	0.05102	0.01440	0.05932	0.01617	0.02498	0.01623	0.05415	0.01504	0.01865	0.10075	0.00427	0.29873	0.00777	0.04514	0.07365

[dist]
# distance from previous block
# <min> <max>
275	529

[block]
# block no. 1 follows, 22 sequences, length 36
# corresponding to MSA columns:
# 907-942
name=unknown_B
#
# <colnr> <probs for GDERKNQSTAVLIFYWHMCP>
#	G	D	E	R	K	N	Q	S	T	A	V	L	I	F	Y	W	H	M	C	P
0	0.02372	0.02045	0.06336	0.02631	0.20044	0.04711	0.01759	0.18344	0.05462	0.09349	0.05178	0.02910	0.05373	0.01034	0.00836	0.00249	0.00870	0.03301	0.00659	0.06535
1	0.02320	0.01820	0.01989	0.04545	0.02276	0.04488	0.01358	0.30547	0.08366	0.04020	0.16094	0.03590	0.03157	0.01232	0.00874	0.00258	0.00778	0.05743	0.00788	0.05757
2	0.01991	0.01250	0.01503	0.01268	0.01681	0.01194	0.00996	0.07809	0.09110	0.15041	0.28249	0.04308	0.07540	0.01314	0.00865	0.00244	0.00551	0.01115	0.04799	0.09171
3	0.01875	0.14552	0.46750	0.02127	0.03137	0.08811	0.02541	0.02623	0.01837	0.02501	0.04778	0.01897	0.01414	0.00832	0.00755	0.00245	0.01158	0.00626	0.00389	0.01152
4	0.07026	0.16300	0.43482	0.01953	0.02931	0.02056	0.02363	0.02461	0.01754	0.02595	0.04855	0.02203	0.04892	0.00889	0.00742	0.00248	0.01038	0.00676	0.00413	0.01124
5	0.02924	0.03186	0.02377	0.02185	0.05957	0.41047	0.01611	0.18778	0.05163	0.02960	0.01615	0.01809	0.01281	0.01161	0.04055	0.00283	0.01320	0.00636	0.00550	0.01103
6	0.11232	0.02341	0.02222	0.05273	0.02535	0.11735	0.01485	0.38957	0.05627	0.04266	0.01861	0.01960	0.01370	0.00947	0.00772	0.00245	0.00942	0.00692	0.04309	0.01230
7	0.01971	0.01708	0.02267	0.01778	0.05631	0.01471	0.07914	0.10841	0.02069	0.03063	0.01577	0.01836	0.01264	0.00686	0.00697	0.00165	0.00763	0.00595	0.00528	0.53176
8	0.02708	0.06645	0.02534	0.02453	0.11141	0.46318	0.01687	0.02949	0.02107	0.02099	0.01369	0.01799	0.01207	0.04527	0.01097	0.00260	0.07081	0.00610	0.00421	0.00988
9	0.01782	0.01647	0.02701	0.49547	0.19766	0.01921	0.02320	0.05962	0.01854	0.02455	0.01529	0.02164	0.01176	0.00819	0.00829	0.00268	0.01067	0.00739	0.00408	0.01046
10	0.02056	0.01974	0.03372	0.05099	0.65622	0.01974	0.02550	0.02550	0.01892	0.02714	0.01563	0.02056	0.01316	0.00740	0.00822	0.00247	0.00987	0.00740	0.00411	0.01316
11	0.01012	0.00723	0.00964	0.01157	0.01205	0.00675	0.00771	0.01157	0.01591	0.02121	0.04579	0.70262	0.05495	0.02603	0.01060	0.00337	0.00482	0.02362	0.00771	0.00675
12	0.02091	0.01349	0.01409	0.01213	0.01578	0.01454	0.00959	0.20764	0.08671	0.03787	0.02559	0.02761	0.01952	0.00993	0.00684	0.00219	0.00575	0.00783	0.45175	0.01023
13	0.01208	0.00805	0.00906	0.00906	0.00906	0.00805	0.00503	0.01208	0.01208	0.01611	0.02618	0.05436	0.03020	0.70804	0.04228	0.00805	0.00805	0.01208	0.00503	0.00503
14	0.01339	0.00956	0.01339	0.01530	0.01721	0.00956	0.01339	0.01721	0.01912	0.02486	0.04399	0.09371	0.04781	0.02295	0.01147	0.00382	0.00765	0.60031	0.00765	0.00765
15	0.01666	0.04297	0.66500	0.02368	0.03596	0.01929	0.03069	0.02631	0.01754	0.02631	0.01491	0.01754	0.01052	0.00789	0.00789	0.00263	0.01228	0.00614	0.00351	0.01228
16	0.01989	0.01718	0.01805	0.01630	0.02087	0.01970	0.01266	0.04186	0.59710	0.03388	0.03738	0.03446	0.06984	0.01196	0.00855	0.00282	0.00641	0.00997	0.00840	0.01271
17	0.01012	0.00723	0.00964	0.01157	0.01205	0.00675	0.00771	0.01157	0.01591	0.02121	0.04579	0.70262	0.05495	0.02603	0.01060	0.00337	0.00482	0.02362	0.00771	0.00675
18	0.03103	0.03959	0.02354	0.02140	0.02568	0.67469	0.01605	0.03317	0.02354	0.02033	0.01284	0.01498	0.01070	0.00856	0.00749	0.00214	0.01498	0.00535	0.00428	0.00963
19	0.01012	0.00723	0.00964	0.01157	0.01205	0.00675	0.00771	0.01157	0.01591	0.02121	0.04579	0.70262	0.05495	0.02603	0.01060	0.00337	0.00482	0.02362	0.00771	0.00675
20	0.02066	0.01785	0.01878	0.01691	0.02160	0.02066	0.01315	0.04414	0.64121	0.03475	0.03381	0.03099	0.02536	0.01127	0.00845	0.00282	0.00657	0.00939	0.00845	0.01315
21	0.01048	0.00780	0.01043	0.04694	0.01438	0.00745	0.00841	0.01234	0.01663	0.02200	0.08167	0.57809	0.10425	0.02416	0.01037	0.00325	0.00505	0.02176	0.00758	0.00696
22	0.03158	0.02327	0.02493	0.01911	0.02576	0.02576	0.01579	0.62852	0.03906	0.05236	0.01995	0.01995	0.01413	0.00997	0.00831	0.00249	0.00914	0.00748	0.00831	0.01413
23	0.01723	0.01477	0.01723	0.01230	0.01969	0.01107	0.00984	0.02092	0.01723	0.02707	0.01477	0.01723	0.01230	0.00615	0.00615	0.00123	0.00615	0.00492	0.00492	0.75883
24	0.01304	0.01225	0.01116	0.01088	0.01344	0.09115	0.00808	0.01559	0.02050	0.02504	0.22679	0.12127	0.36313	0.01880	0.00959	0.00272	0.00554	0.01585	0.00767	0.00754
25	0.02056	0.01974	0.03372	0.05099	0.65622	0.01974	0.02550	0.02550	0.01892	0.02714	0.01563	0.02056	0.01316	0.00740	0.00822	0.00247	0.00987	0.00740	0.00411	0.01316
26	0.02057	0.01964	0.03296	0.04925	0.62374	0.01979	0.02486	0.02645	0.05076	0.02753	0.01656	0.02109	0.01378	0.00760	0.00824	0.00249	0.00970	0.00750	0.00433	0.01316
27	0.02046	0.01748	0.02564	0.01907	0.02579	0.01621	0.15018	0.09381	0.05863	0.06316	0.01814	0.02091	0.01417	0.01035	0.04039	0.00258	0.03791	0.00706	0.00557	0.35248
28	0.01976	0.01676	0.04790	0.08664	0.11175	0.04391	0.01501	0.06893	0.10551	0.09097	0.15993	0.08802	0.03270	0.01208	0.00863	0.00257	0.00758	0.01045	0.00698	0.06391
29	0.01664	0.01642	0.02127	0.01923	0.04301	0.09707	0.11644	0.02067	0.04766	0.02361	0.02962	0.30344	0.03179	0.01625	0.01035	0.00286	0.04593	0.03995	0.00605	0.09177
30	0.02281	0.04793	0.01957	0.01432	0.02018	0.05628	0.01142	0.18035	0.02320	0.07691	0.01897	0.02311	0.01557	0.08408	0.01083	0.00251	0.00775	0.00675	0.04222	0.31524
31	0.02567	0.02125	0.05795	0.05238	0.08538	0.09333	0.01562	0.18033	0.10918	0.13790	0.02489	0.02765	0.03802	0.07933	0.01164	0.00309	0.00919	0.00833	0.00695	0.01192
32	0.07988	0.22947	0.22360	0.01769	0.02574	0.02153	0.05239	0.02616	0.05617	0.05715	0.04607	0.02187	0.03925	0.00869	0.00711	0.00230	0.00919	0.00675	0.00483	0.06415
33	0.22179	0.11100	0.01961	0.01309	0.01878	0.01811	0.01095	0.11016	0.04792	0.08800	0.05631	0.02635	0.08159	0.00990	0.00693	0.00226	0.00681	0.00741	0.00640	0.13664
34	0.05478	0.05084	0.07233	0.05247	0.17942	0.02094	0.05596	0.20380	0.04304	0.03373	0.02036	0.07983	0.01780	0.01080	0.00939	0.00269	0.04537	0.02870	0.00586	0.01188
35	0.01870	0.06713	0.29515	0.02271	0.03168	0.01781	0.16656	0.02538	0.01828	0.07273	0.01920	0.07951	0.01591	0.00919	0.00826	0.00251	0.01069	0.00847	0.00473	0.10542

[dist]
# distance from previous block
# <min> <max>
12	28

[block]
# block no. 2 follows, 22 sequences, length 23
# corresponding to MSA columns:
# 971-993
name=unknown_C
#
# <colnr> <probs for GDERKNQSTAVLIFYWHMCP>
#	G	D	E	R	K	N	Q	S	T	A	V	L	I	F	Y	W	H	M	C	P
0	0.05706	0.01874	0.06567	0.01971	0.05372	0.01863	0.06743	0.23050	0.02405	0.03406	0.02396	0.16941	0.02289	0.03787	0.01175	0.00301	0.07779	0.01110	0.04193	0.01072
1	0.01924	0.08814	0.03181	0.02223	0.02756	0.01927	0.24927	0.10509	0.01969	0.02662	0.01925	0.05094	0.01760	0.13900	0.04819	0.00412	0.05148	0.00941	0.00499	0.04610
2	0.09348	0.12208	0.13709	0.01421	0.02088	0.01573	0.01375	0.02200	0.01731	0.06316	0.02540	0.10664	0.07766	0.01085	0.00727	0.00219	0.00741	0.00871	0.00540	0.22877
3	0.02021	0.15282	0.02182	0.05424	0.02080	0.15467	0.01211	0.07177	0.01952	0.02407	0.02203	0.15110	0.02217	0.07844	0.01086	0.00283	0.00883	0.00971	0.05858	0.08342
4	0.26277	0.01292	0.01577	0.01437	0.01803	0.01345	0.07216	0.03925	0.01802	0.02993	0.08202	0.14712	0.09102	0.01568	0.00868	0.00300	0.00688	0.13381	0.00663	0.00849
5	0.07064	0.09357	0.43969	0.05129	0.03251	0.02065	0.02498	0.08764	0.01972	0.06223	0.01584	0.01792	0.01135	0.00817	0.00757	0.00254	0.01094	0.00619	0.00447	0.01206
6	0.02166	0.38490	0.22831	0.01982	0.05661	0.11621	0.01999	0.02648	0.01809	0.02206	0.01294	0.01517	0.01074	0.00756	0.00654	0.00212	0.01079	0.00522	0.00367	0.01113
7	0.01214	0.00858	0.01146	0.01274	0.01382	0.00860	0.00976	0.01441	0.01613	0.02138	0.03816	0.22677	0.04282	0.18818	0.08228	0.00562	0.00846	0.26515	0.00674	0.00679
8	0.01500	0.00952	0.01200	0.01114	0.01284	0.01013	0.03884	0.01816	0.01635	0.02702	0.02701	0.10967	0.02460	0.08170	0.01239	0.00293	0.07478	0.01008	0.47817	0.00767
9	0.01425	0.00906	0.01180	0.01079	0.01324	0.00824	0.00821	0.01801	0.02332	0.09653	0.56121	0.05951	0.10071	0.01650	0.00965	0.00262	0.00425	0.01447	0.00919	0.00844
10	0.01052	0.00892	0.01033	0.07778	0.01603	0.00817	0.00823	0.01297	0.01852	0.02259	0.09430	0.14580	0.49635	0.02017	0.00976	0.00286	0.00496	0.01712	0.00736	0.00724
11	0.02183	0.67184	0.04243	0.05397	0.02344	0.03202	0.01474	0.02466	0.01686	0.01964	0.01174	0.01385	0.01069	0.00718	0.00551	0.00184	0.00901	0.00462	0.00356	0.01058
12	0.01736	0.06406	0.53790	0.02525	0.03668	0.02008	0.13091	0.02631	0.01787	0.02611	0.01511	0.01821	0.01088	0.00771	0.00812	0.00263	0.01245	0.00670	0.00363	0.01204
13	0.01267	0.00899	0.01097	0.01051	0.01286	0.00825	0.00786	0.01664	0.04673	0.05907	0.39294	0.12773	0.21689	0.01837	0.00976	0.00274	0.00434	0.01597	0.00866	0.00803
14	0.02213	0.30263	0.20490	0.02365	0.12187	0.14749	0.02068	0.02691	0.01861	0.02265	0.01331	0.01586	0.01101	0.00763	0.00686	0.00218	0.01108	0.00551	0.00376	0.01128
15	0.13145	0.05778	0.02313	0.01942	0.05326	0.19997	0.01484	0.23397	0.09285	0.06806	0.01839	0.01903	0.01380	0.00917	0.00752	0.00241	0.01000	0.00659	0.00647	0.01188
16	0.05496	0.05477	0.02406	0.01808	0.02396	0.08878	0.04526	0.40005	0.03162	0.04186	0.02483	0.02526	0.07479	0.01051	0.00808	0.00245	0.00916	0.00810	0.04122	0.01220
17	0.01828	0.03096	0.35287	0.02390	0.03256	0.01956	0.13750	0.08150	0.01999	0.02864	0.06004	0.02545	0.01770	0.00989	0.01041	0.00280	0.07545	0.03638	0.00469	0.01143
18	0.01465	0.11767	0.07913	0.01378	0.01697	0.04482	0.01155	0.01899	0.06817	0.02307	0.07854	0.35579	0.03964	0.06511	0.01133	0.00322	0.00692	0.01565	0.00651	0.00848
19	0.04828	0.09549	0.32622	0.02482	0.11415	0.05538	0.03881	0.11136	0.02070	0.02911	0.01577	0.01952	0.01236	0.04199	0.00935	0.00275	0.01096	0.00662	0.00447	0.01187
20	0.14377	0.05275	0.01794	0.01432	0.01880	0.09128	0.01133	0.11351	0.05281	0.15240	0.08941	0.09437	0.05573	0.04394	0.00956	0.00282	0.00762	0.00985	0.00733	0.01048
21	0.10862	0.09259	0.27612	0.01880	0.02703	0.01924	0.04898	0.05518	0.08199	0.05182	0.05073	0.02410	0.01758	0.00924	0.00763	0.00251	0.00940	0.03097	0.00526	0.06222
22	0.01768	0.04822	0.14672	0.01712	0.02211	0.03717	0.04713	0.07191	0.01994	0.05730	0.12855	0.15781	0.03213	0.04032	0.01179	0.00294	0.07188	0.01154	0.00619	0.05156

[dist]
# distance from previous block
# <min> <max>
159	247

[block]
# block no. 3 follows, 22 sequences, length 16
# corresponding to MSA columns:
# 1314-1329
name=unknown_D
#
# <colnr> <probs for GDERKNQSTAVLIFYWHMCP>
#	G	D	E	R	K	N	Q	S	T	A	V	L	I	F	Y	W	H	M	C	P
0	0.12675	0.05078	0.02237	0.04935	0.02390	0.01893	0.08807	0.14386	0.14590	0.03508	0.05919	0.02505	0.01978	0.00947	0.00758	0.00245	0.00778	0.00790	0.09835	0.05746
1	0.02229	0.06519	0.08394	0.03821	0.02378	0.01976	0.01491	0.25725	0.08576	0.03582	0.04925	0.02494	0.01872	0.04849	0.07511	0.00368	0.00985	0.00772	0.00646	0.10887
2	0.01680	0.06164	0.02394	0.09379	0.26989	0.01601	0.01702	0.02235	0.06033	0.02833	0.22994	0.06500	0.03718	0.01174	0.00868	0.00256	0.00750	0.01059	0.00615	0.01054
3	0.09740	0.24506	0.06443	0.01717	0.02398	0.07038	0.01547	0.30589	0.02740	0.03689	0.01572	0.01676	0.01211	0.00864	0.00698	0.00226	0.00936	0.00601	0.00596	0.01213
4	0.02074	0.01474	0.01692	0.01652	0.04918	0.05755	0.01230	0.07360	0.10461	0.13517	0.09589	0.16801	0.03613	0.01568	0.00928	0.00286	0.00714	0.10911	0.00788	0.04667
5	0.02125	0.42682	0.26358	0.01763	0.02653	0.02663	0.01996	0.02644	0.01758	0.06534	0.01418	0.01584	0.01128	0.00760	0.00645	0.00214	0.00997	0.00531	0.00399	0.01147
6	0.02317	0.05901	0.01821	0.01404	0.01834	0.01491	0.01116	0.11719	0.10728	0.19927	0.18068	0.10248	0.03748	0.04605	0.01033	0.00289	0.00649	0.01141	0.00853	0.01109
7	0.01410	0.01024	0.01274	0.01148	0.01399	0.00996	0.00878	0.08824	0.02536	0.03557	0.57702	0.05707	0.07078	0.01615	0.00962	0.00260	0.00454	0.01413	0.00905	0.00858
8	0.03158	0.02327	0.02493	0.01911	0.02576	0.02576	0.01579	0.62852	0.03906	0.05236	0.01995	0.01995	0.01413	0.00997	0.00831	0.00249	0.00914	0.00748	0.00831	0.01413
9	0.03158	0.02327	0.02493	0.01911	0.02576	0.02576	0.01579	0.62852	0.03906	0.05236	0.01995	0.01995	0.01413	0.00997	0.00831	0.00249	0.00914	0.00748	0.00831	0.01413
10	0.02228	0.01865	0.01969	0.01723	0.02222	0.02142	0.01354	0.13046	0.55227	0.03735	0.03176	0.02936	0.02370	0.01108	0.00843	0.00277	0.00695	0.00911	0.00843	0.01329
11	0.01221	0.01059	0.01128	0.04185	0.01498	0.04061	0.00845	0.01597	0.05112	0.02573	0.22533	0.12860	0.34544	0.01875	0.00964	0.00278	0.00515	0.01599	0.00779	0.00775
12	0.07392	0.02219	0.02056	0.01671	0.02199	0.11796	0.01344	0.38306	0.03096	0.04247	0.01978	0.02098	0.01471	0.00957	0.00750	0.00234	0.00880	0.00703	0.15415	0.01189
13	0.01421	0.00903	0.01155	0.01172	0.01397	0.00810	0.00876	0.01668	0.01881	0.09964	0.13331	0.33151	0.15011	0.02081	0.00998	0.00303	0.00523	0.08230	0.00808	0.04317
14	0.01910	0.31169	0.38219	0.01953	0.02934	0.02483	0.02317	0.02663	0.04855	0.02401	0.01450	0.01652	0.01132	0.00775	0.00689	0.00230	0.01062	0.00562	0.00377	0.01167
15	0.02234	0.01736	0.01831	0.01565	0.01966	0.05775	0.01231	0.30933	0.02888	0.03829	0.14683	0.12693	0.03507	0.06090	0.01133	0.00307	0.00774	0.04976	0.00788	0.01061

[dist]
# distance from previous block
# <min> <max>
0	2

[block]
# block no. 4 follows, 22 sequences, length 7
# corresponding to MSA columns:
# 1332-1338
name=unknown_E
#
# <colnr> <probs for GDERKNQSTAVLIFYWHMCP>
#	G	D	E	R	K	N	Q	S	T	A	V	L	I	F	Y	W	H	M	C	P
0	0.01880	0.08917	0.16609	0.06045	0.03788	0.02051	0.35153	0.02548	0.01853	0.02568	0.01561	0.02000	0.01190	0.00716	0.00852	0.00249	0.01215	0.00791	0.00406	0.09608
1	0.02104	0.09922	0.15063	0.01813	0.04551	0.01947	0.04491	0.21402	0.02465	0.03387	0.02886	0.02986	0.11536	0.01073	0.00787	0.00243	0.00851	0.00862	0.10508	0.01123
2	0.19748	0.01780	0.07797	0.02358	0.20390	0.01647	0.01546	0.07595	0.01897	0.03279	0.01831	0.02158	0.01438	0.00841	0.00676	0.00235	0.00746	0.00670	0.22309	0.01059
3	0.01311	0.10427	0.06201	0.01249	0.01533	0.01243	0.01051	0.01586	0.01767	0.02339	0.15072	0.23399	0.14066	0.07844	0.01299	0.00332	0.03716	0.04105	0.00670	0.00790
4	0.02549	0.01930	0.02245	0.02134	0.10629	0.02083	0.01517	0.30769	0.17202	0.07923	0.03065	0.02990	0.08944	0.01121	0.00851	0.00260	0.00796	0.00910	0.00784	0.01297
5	0.01899	0.01253	0.01447	0.01278	0.01645	0.01217	0.00977	0.15273	0.02233	0.08620	0.03463	0.25143	0.07484	0.01553	0.00850	0.00256	0.00595	0.01330	0.12614	0.10871
6	0.02255	0.14354	0.08269	0.01610	0.04045	0.01858	0.01405	0.10263	0.09244	0.12979	0.02908	0.02862	0.09965	0.01021	0.00759	0.00225	0.00763	0.00806	0.00657	0.13750

[dist]
# distance from previous block
# <min> <max>
50	86

[block]
# block no. 5 follows, 22 sequences, length 13
# corresponding to MSA columns:
# 1535-1547
name=unknown_F
#
# <colnr> <probs for GDERKNQSTAVLIFYWHMCP>
#	G	D	E	R	K	N	Q	S	T	A	V	L	I	F	Y	W	H	M	C	P
0	0.04617	0.17845	0.02656	0.08042	0.07455	0.10070	0.01516	0.16367	0.06107	0.03099	0.08602	0.02631	0.05594	0.01015	0.00767	0.00236	0.00896	0.00789	0.00595	0.01100
1	0.01786	0.06573	0.26943	0.02441	0.03204	0.02079	0.17740	0.02417	0.01725	0.02502	0.04232	0.02063	0.01423	0.00933	0.01235	0.00276	0.15687	0.00754	0.00405	0.05581
2	0.09439	0.12261	0.34770	0.02103	0.07195	0.01896	0.02198	0.02351	0.01710	0.02589	0.01975	0.10352	0.01831	0.01088	0.00784	0.00266	0.00985	0.04676	0.00450	0.01082
3	0.05147	0.02463	0.10573	0.09940	0.13044	0.11267	0.13969	0.08902	0.04365	0.02883	0.01684	0.02043	0.01296	0.00814	0.00808	0.00248	0.01102	0.00732	0.04684	0.04037
4	0.02377	0.07292	0.02248	0.02043	0.08949	0.24186	0.01455	0.08800	0.02198	0.06005	0.02765	0.02919	0.12003	0.01328	0.03598	0.00287	0.05859	0.00831	0.03842	0.01015
5	0.01892	0.01316	0.01624	0.01566	0.05302	0.01307	0.01141	0.11905	0.07126	0.09285	0.14894	0.13276	0.06548	0.06059	0.01136	0.00309	0.00656	0.07323	0.00779	0.06556
6	0.01788	0.10172	0.33818	0.11543	0.18824	0.02027	0.02587	0.02490	0.01791	0.02541	0.03855	0.02011	0.01379	0.00809	0.00783	0.00252	0.01087	0.00677	0.00390	0.01176
7	0.01736	0.01423	0.01666	0.01337	0.01915	0.01222	0.01065	0.06888	0.06081	0.02867	0.02308	0.10589	0.02195	0.01084	0.00754	0.00195	0.00642	0.06926	0.00603	0.48502
8	0.02823	0.02105	0.02278	0.01747	0.02380	0.02248	0.01423	0.50040	0.03414	0.04634	0.01960	0.02178	0.01491	0.05470	0.01020	0.00267	0.00864	0.00741	0.00761	0.12156
9	0.02835	0.02292	0.02266	0.06198	0.02615	0.11586	0.01519	0.35982	0.09972	0.08533	0.02488	0.02479	0.05344	0.01049	0.00830	0.00252	0.00938	0.00804	0.00755	0.01263
10	0.02746	0.02064	0.02244	0.01712	0.02358	0.02166	0.01394	0.46487	0.03293	0.04500	0.01915	0.02114	0.01457	0.04540	0.00961	0.00251	0.00844	0.00716	0.00741	0.17500
11	0.01233	0.01133	0.05846	0.01361	0.04113	0.00912	0.01063	0.01628	0.02129	0.02975	0.42200	0.15098	0.08252	0.01788	0.00986	0.00283	0.00523	0.06842	0.00815	0.00818
12	0.01608	0.01282	0.01522	0.01245	0.01731	0.01096	0.00959	0.07574	0.02018	0.02939	0.13951	0.17068	0.03370	0.01272	0.00797	0.00206	0.00574	0.01098	0.00661	0.39027

[dist]
# distance from previous block
# <min> <max>
0	8

[block]
# block no. 6 follows, 22 sequences, length 36
# corresponding to MSA columns:
# 1556-1591
name=unknown_G
#
# <colnr> <probs for GDERKNQSTAVLIFYWHMCP>
#	G	D	E	R	K	N	Q	S	T	A	V	L	I	F	Y	W	H	M	C	P
0	0.01268	0.00964	0.01375	0.01337	0.01509	0.00929	0.05280	0.04153	0.01866	0.02530	0.17208	0.34180	0.05130	0.11077	0.01449	0.00378	0.00616	0.07257	0.00744	0.00749
1	0.01562	0.01067	0.01225	0.01161	0.01402	0.03521	0.00828	0.01774	0.01670	0.08242	0.05337	0.26087	0.03448	0.14775	0.05416	0.00422	0.00715	0.01378	0.07706	0.12263
2	0.01722	0.01669	0.02508	0.02071	0.02261	0.02074	0.09773	0.01999	0.01480	0.02229	0.01954	0.05217	0.05775	0.01363	0.02030	0.00320	0.43780	0.00890	0.05827	0.05058
3	0.02221	0.71304	0.04353	0.01421	0.02132	0.03287	0.01421	0.02488	0.01688	0.01955	0.01155	0.01333	0.01066	0.00711	0.00533	0.00178	0.00888	0.00444	0.00355	0.01066
4	0.01666	0.04297	0.66500	0.02368	0.03596	0.01929	0.03069	0.02631	0.01754	0.02631	0.01491	0.01754	0.01052	0.00789	0.00789	0.00263	0.01228	0.00614	0.00351	0.01228
5	0.02221	0.71304	0.04353	0.01421	0.02132	0.03287	0.01421	0.02488	0.01688	0.01955	0.01155	0.01333	0.01066	0.00711	0.00533	0.00178	0.00888	0.00444	0.00355	0.01066
6	0.03158	0.02327	0.02493	0.01911	0.02576	0.02576	0.01579	0.62852	0.03906	0.05236	0.01995	0.01995	0.01413	0.00997	0.00831	0.00249	0.00914	0.00748	0.00831	0.01413
7	0.01339	0.00956	0.01339	0.01530	0.01721	0.00956	0.01339	0.01721	0.01912	0.02486	0.04399	0.09371	0.04781	0.02295	0.01147	0.00382	0.00765	0.60031	0.00765	0.00765
8	0.01339	0.00956	0.01339	0.01530	0.01721	0.00956	0.01339	0.01721	0.01912	0.02486	0.04399	0.09371	0.04781	0.02295	0.01147	0.00382	0.00765	0.60031	0.00765	0.00765
9	0.06917	0.01343	0.01971	0.24808	0.03135	0.01572	0.04234	0.05247	0.01709	0.02422	0.02545	0.26262	0.02673	0.01538	0.01135	0.00306	0.09459	0.01304	0.00550	0.00868
10	0.02076	0.01641	0.01793	0.01634	0.02073	0.01851	0.01279	0.04019	0.51875	0.07847	0.03511	0.07309	0.02823	0.01283	0.00877	0.00290	0.00658	0.05062	0.00849	0.01248
11	0.01012	0.00723	0.00964	0.01157	0.01205	0.00675	0.00771	0.01157	0.01591	0.02121	0.04579	0.70262	0.05495	0.02603	0.01060	0.00337	0.00482	0.02362	0.00771	0.00675
12	0.02679	0.02222	0.02476	0.11483	0.11154	0.08826	0.01741	0.36410	0.03028	0.04007	0.01844	0.02058	0.01373	0.00924	0.00804	0.00245	0.00973	0.00726	0.05783	0.01243
13	0.06137	0.03416	0.02345	0.02057	0.02502	0.48452	0.01585	0.14008	0.02522	0.02684	0.01395	0.01604	0.01127	0.00919	0.00890	0.00232	0.06001	0.00583	0.00500	0.01038
14	0.01002	0.00763	0.00923	0.01052	0.01177	0.00684	0.00724	0.01169	0.01692	0.02162	0.05858	0.49497	0.25434	0.02436	0.01034	0.00318	0.00462	0.02159	0.00771	0.00684
15	0.01887	0.01773	0.02949	0.18346	0.44517	0.01826	0.02316	0.02378	0.01831	0.02573	0.01698	0.02480	0.01461	0.00839	0.00828	0.00252	0.00974	0.04076	0.00428	0.06569
16	0.06621	0.01313	0.02008	0.32691	0.10818	0.01478	0.01697	0.01973	0.01871	0.02659	0.20522	0.07330	0.03370	0.01178	0.00866	0.00271	0.00813	0.01041	0.00569	0.00911
17	0.01018	0.00843	0.00885	0.00907	0.01160	0.00723	0.00683	0.01229	0.01854	0.02230	0.07724	0.10622	0.55823	0.04982	0.01131	0.00312	0.00464	0.05952	0.00760	0.00697
18	0.01723	0.01477	0.01723	0.01230	0.01969	0.01107	0.00984	0.02092	0.01723	0.02707	0.01477	0.01723	0.01230	0.00615	0.00615	0.00123	0.00615	0.00492	0.00492	0.75883
19	0.02076	0.39013	0.19433	0.01744	0.02483	0.09301	0.01828	0.02518	0.01800	0.02234	0.05859	0.01831	0.01552	0.00854	0.00762	0.00218	0.04438	0.00587	0.00402	0.01068
20	0.02914	0.01303	0.01727	0.01353	0.01914	0.01113	0.01096	0.03257	0.02282	0.44214	0.16071	0.03387	0.03161	0.01113	0.00836	0.00239	0.00628	0.00929	0.00930	0.11532
21	0.00984	0.00835	0.00848	0.00859	0.01127	0.00700	0.00639	0.01190	0.01877	0.02237	0.08203	0.11445	0.61972	0.02132	0.00986	0.00284	0.00424	0.01787	0.00771	0.00700
22	0.03158	0.02327	0.02493	0.01911	0.02576	0.02576	0.01579	0.62852	0.03906	0.05236	0.01995	0.01995	0.01413	0.00997	0.00831	0.00249	0.00914	0.00748	0.00831	0.01413
23	0.01723	0.01477	0.01723	0.01230	0.01969	0.01107	0.00984	0.02092	0.01723	0.02707	0.01477	0.01723	0.01230	0.00615	0.00615	0.00123	0.00615	0.00492	0.00492	0.75883
24	0.01010	0.00731	0.00956	0.01135	0.01199	0.00677	0.00762	0.01159	0.01611	0.02129	0.04842	0.65997	0.09590	0.02569	0.01055	0.00333	0.00478	0.02320	0.00771	0.00677
25	0.01815	0.01642	0.02290	0.35771	0.08303	0.01949	0.01900	0.03131	0.28361	0.02741	0.02296	0.02582	0.01732	0.00951	0.00836	0.00277	0.00907	0.00824	0.00575	0.01117
26	0.03158	0.02327	0.02493	0.01911	0.02576	0.02576	0.01579	0.62852	0.03906	0.05236	0.01995	0.01995	0.01413	0.00997	0.00831	0.00249	0.00914	0.00748	0.00831	0.01413
27	0.01723	0.01477	0.01723	0.01230	0.01969	0.01107	0.00984	0.02092	0.01723	0.02707	0.01477	0.01723	0.01230	0.00615	0.00615	0.00123	0.00615	0.00492	0.00492	0.75883
28	0.01276	0.00887	0.01115	0.01072	0.01308	0.00805	0.00830	0.01622	0.02204	0.06103	0.43070	0.06771	0.20064	0.01818	0.00991	0.00278	0.00453	0.07666	0.00872	0.00795
29	0.01641	0.01608	0.02836	0.55007	0.05284	0.01930	0.10800	0.02190	0.01677	0.02190	0.01479	0.02191	0.01128	0.00855	0.00982	0.00283	0.05821	0.00772	0.00376	0.00950
30	0.01631	0.01383	0.02117	0.01803	0.04471	0.01264	0.13477	0.02176	0.07165	0.06190	0.06172	0.12239	0.16615	0.01424	0.00913	0.00264	0.00740	0.05274	0.00664	0.14017
31	0.02107	0.01404	0.01701	0.01610	0.05045	0.01438	0.01211	0.08335	0.18830	0.14998	0.15509	0.04701	0.10389	0.01419	0.00914	0.00279	0.00642	0.07500	0.00853	0.01115
32	0.01983	0.01889	0.03164	0.14559	0.53377	0.01959	0.02451	0.02579	0.04985	0.02663	0.01641	0.02133	0.01346	0.00773	0.00825	0.00253	0.00989	0.00750	0.00427	0.01256
33	0.01841	0.01695	0.02711	0.41390	0.23039	0.01942	0.02268	0.05986	0.06142	0.02574	0.01663	0.02215	0.01285	0.00834	0.00829	0.00267	0.01029	0.00753	0.00441	0.01095
34	0.06273	0.01977	0.02166	0.01723	0.02257	0.06213	0.04914	0.34583	0.03064	0.07014	0.12769	0.02787	0.02536	0.01078	0.00825	0.00247	0.00827	0.00868	0.06696	0.01183
35	0.01554	0.01500	0.02536	0.06657	0.02614	0.01643	0.16800	0.01902	0.01650	0.02320	0.05516	0.23017	0.02818	0.01533	0.01437	0.00309	0.19039	0.01314	0.00537	0.05305

[dist]
# distance from previous block
# <min> <max>
0	3

[block]
# block no. 7 follows, 22 sequences, length 18
# corresponding to MSA columns:
# 1595-1612
name=unknown_H
#
# <colnr> <probs for GDERKNQSTAVLIFYWHMCP>
#	G	D	E	R	K	N	Q	S	T	A	V	L	I	F	Y	W	H	M	C	P
0	0.01830	0.01338	0.01605	0.07677	0.02024	0.01443	0.01152	0.18931	0.02476	0.03473	0.19118	0.11157	0.06904	0.01413	0.00940	0.00262	0.03416	0.01178	0.12699	0.00962
1	0.01914	0.03884	0.02668	0.02084	0.02465	0.03559	0.15557	0.04396	0.01770	0.07583	0.02257	0.17226	0.02213	0.01371	0.01420	0.00295	0.20130	0.01125	0.00551	0.07532
2	0.22585	0.02371	0.07222	0.01707	0.02277	0.13755	0.03882	0.19550	0.02392	0.05368	0.01808	0.05443	0.01459	0.00966	0.00729	0.00249	0.00928	0.00718	0.05506	0.01086
3	0.02018	0.02199	0.09485	0.04835	0.59616	0.01970	0.02600	0.02557	0.01878	0.02706	0.01556	0.02027	0.01290	0.00745	0.00819	0.00248	0.01010	0.00728	0.00405	0.01307
4	0.01916	0.01929	0.12186	0.01709	0.02377	0.01426	0.06414	0.02359	0.01771	0.10417	0.02004	0.09059	0.01738	0.00989	0.00950	0.00220	0.07423	0.00811	0.00547	0.33754
5	0.35316	0.01575	0.01543	0.01262	0.01851	0.01600	0.01019	0.02787	0.11092	0.09370	0.01795	0.01871	0.01360	0.00802	0.00626	0.00220	0.00643	0.00574	0.00607	0.24087
6	0.01645	0.01567	0.02211	0.01952	0.01986	0.02134	0.01602	0.01849	0.01300	0.01990	0.01495	0.05251	0.01504	0.02538	0.16642	0.00572	0.51664	0.00837	0.00400	0.00862
7	0.01157	0.00848	0.01084	0.01025	0.01230	0.00776	0.00769	0.01531	0.02307	0.03226	0.59686	0.06379	0.13402	0.01738	0.00980	0.00263	0.00395	0.01527	0.00901	0.00776
8	0.02013	0.01930	0.03295	0.10674	0.60381	0.01963	0.02528	0.02512	0.01871	0.02662	0.01555	0.02070	0.01298	0.00748	0.00823	0.00249	0.00997	0.00740	0.00408	0.01282
9	0.02996	0.02206	0.02408	0.05301	0.02659	0.02449	0.01567	0.56706	0.03683	0.04969	0.02003	0.02060	0.01433	0.00987	0.00819	0.00248	0.00898	0.00749	0.04501	0.01356
