[name]
unknown

[dist]
# distance from previous block
# <min> <max>
0	0

[block]
# block no. 0 follows, 23 sequences, length 38
# corresponding to MSA columns:
# 0-37
name=unknown_A
#
# <colnr> <probs for GDERKNQSTAVLIFYWHMCP>
#	G	D	E	R	K	N	Q	S	T	A	V	L	I	F	Y	W	H	M	C	P
0	0.01308	0.00934	0.01308	0.01494	0.01681	0.00934	0.01308	0.01681	0.01868	0.02428	0.04296	0.09153	0.04670	0.02242	0.01121	0.00374	0.00747	0.60960	0.00747	0.00747
1	0.01745	0.01777	0.02444	0.58546	0.07170	0.10552	0.02171	0.02240	0.01719	0.02081	0.01420	0.02066	0.01084	0.00812	0.00801	0.00261	0.01128	0.00695	0.00369	0.00919
2	0.01346	0.00864	0.01015	0.01002	0.01242	0.00757	0.00731	0.01550	0.01827	0.10730	0.10361	0.23369	0.33974	0.06044	0.01144	0.00314	0.00483	0.01701	0.00781	0.00764
3	0.01149	0.00746	0.00918	0.00987	0.01028	0.00723	0.00626	0.01186	0.01361	0.01846	0.03366	0.29042	0.06386	0.29965	0.02521	0.10515	0.00620	0.01531	0.04927	0.00559
4	0.02721	0.02995	0.02465	0.11275	0.10652	0.38344	0.01765	0.15063	0.02458	0.02702	0.01450	0.01718	0.01146	0.00847	0.00767	0.00228	0.01239	0.00614	0.00487	0.01065
5	0.01776	0.01675	0.02858	0.20222	0.38944	0.01755	0.05980	0.02222	0.01709	0.02364	0.01648	0.02492	0.01451	0.10058	0.01253	0.00322	0.00995	0.00797	0.00404	0.01074
6	0.02338	0.38415	0.05655	0.02107	0.10717	0.16298	0.01656	0.06138	0.01914	0.02233	0.01262	0.01506	0.01095	0.00787	0.00748	0.00207	0.04930	0.00529	0.00396	0.01069
7	0.01046	0.00745	0.00925	0.01032	0.01095	0.00701	0.00673	0.01170	0.01526	0.02022	0.08011	0.44184	0.10165	0.20656	0.01842	0.00441	0.00544	0.01907	0.00693	0.00624
8	0.01703	0.01621	0.02427	0.61962	0.05244	0.05434	0.02175	0.05713	0.01786	0.02245	0.01461	0.02113	0.01097	0.00822	0.00807	0.00266	0.01091	0.00711	0.00390	0.00931
9	0.01338	0.00795	0.01065	0.01171	0.01295	0.00729	0.00811	0.01502	0.01655	0.10617	0.04305	0.61976	0.04925	0.02340	0.01007	0.00319	0.00500	0.02110	0.00786	0.00754
10	0.02069	0.02200	0.04478	0.03216	0.04014	0.02113	0.55321	0.10645	0.02165	0.02930	0.01682	0.02157	0.01251	0.00722	0.00938	0.00270	0.01305	0.00928	0.00463	0.01132
11	0.02098	0.63049	0.12550	0.01510	0.02271	0.03036	0.01600	0.02448	0.01657	0.01996	0.01171	0.01356	0.01040	0.00704	0.00554	0.00185	0.00911	0.00456	0.00347	0.01062
12	0.01109	0.00831	0.01016	0.00987	0.01189	0.00755	0.00741	0.01421	0.02088	0.02824	0.43250	0.06667	0.22902	0.05818	0.01150	0.00298	0.00435	0.04969	0.00824	0.00727
13	0.02170	0.01546	0.01733	0.01523	0.01971	0.01692	0.01192	0.03842	0.44963	0.14325	0.12496	0.03427	0.03157	0.01166	0.00843	0.00268	0.00612	0.00981	0.00866	0.01225
14	0.01036	0.00784	0.00957	0.01001	0.01166	0.00704	0.00717	0.01281	0.01902	0.02523	0.27250	0.29529	0.24024	0.02088	0.00985	0.00287	0.00422	0.01836	0.00803	0.00704
15	0.01269	0.00907	0.01261	0.01433	0.01607	0.00899	0.01225	0.01622	0.01866	0.02446	0.08046	0.14530	0.04913	0.02233	0.01103	0.00362	0.00700	0.52079	0.00757	0.00740
16	0.01159	0.00869	0.01304	0.01304	0.01449	0.01014	0.01014	0.01449	0.01304	0.01884	0.02173	0.03188	0.02029	0.06086	0.68268	0.01304	0.02173	0.00869	0.00435	0.00724
17	0.01115	0.00764	0.00920	0.00977	0.01008	0.00743	0.00600	0.01193	0.01397	0.01878	0.08540	0.26869	0.04139	0.43012	0.02849	0.00592	0.00649	0.01573	0.00611	0.00570
18	0.02018	0.01743	0.01835	0.01651	0.02110	0.02018	0.01284	0.04312	0.64956	0.03394	0.03303	0.03027	0.02477	0.01101	0.00826	0.00275	0.00642	0.00917	0.00826	0.01284
19	0.11454	0.01177	0.01457	0.01319	0.01705	0.01138	0.01066	0.02656	0.05406	0.26438	0.12232	0.12733	0.03618	0.01497	0.00883	0.00286	0.00620	0.12460	0.00837	0.01017
20	0.00987	0.00713	0.00935	0.01112	0.01172	0.00661	0.00745	0.01132	0.01571	0.02078	0.04688	0.67319	0.08862	0.02514	0.01031	0.00326	0.00467	0.02273	0.00753	0.00661
21	0.13207	0.01379	0.01754	0.01374	0.01964	0.01255	0.01131	0.03632	0.02197	0.55589	0.05939	0.02730	0.02131	0.01003	0.00781	0.00251	0.00667	0.00798	0.00933	0.01285
22	0.02719	0.01507	0.01802	0.01521	0.02033	0.01544	0.01208	0.03944	0.31447	0.33309	0.03328	0.07147	0.02437	0.01145	0.00834	0.00267	0.00654	0.00956	0.00905	0.01291
23	0.01003	0.00718	0.00955	0.01120	0.01180	0.00669	0.00754	0.01167	0.01622	0.02181	0.10150	0.64965	0.05578	0.02461	0.01028	0.00323	0.00463	0.02229	0.00766	0.00669
24	0.01272	0.00932	0.01227	0.01263	0.01469	0.00917	0.01030	0.01772	0.06092	0.02910	0.35677	0.07188	0.06053	0.01872	0.01019	0.00307	0.00555	0.26829	0.00827	0.00791
25	0.01120	0.00813	0.01055	0.01027	0.01203	0.00748	0.00758	0.01464	0.02181	0.03055	0.55551	0.14675	0.09725	0.01791	0.00967	0.00266	0.00396	0.01588	0.00869	0.00748
26	0.00964	0.00802	0.00843	0.00876	0.01110	0.00680	0.00641	0.01158	0.01797	0.02171	0.07558	0.18968	0.55361	0.02141	0.00973	0.00284	0.00422	0.01818	0.00753	0.00680
27	0.01009	0.00720	0.00964	0.01153	0.01208	0.00676	0.00788	0.01164	0.01573	0.02094	0.04461	0.67092	0.05323	0.02523	0.01041	0.00332	0.00488	0.05972	0.00753	0.00665
28	0.01148	0.00829	0.01085	0.01021	0.01212	0.00766	0.00766	0.01531	0.02297	0.03254	0.65994	0.06061	0.07656	0.01659	0.00957	0.00255	0.00383	0.01467	0.00893	0.00766
29	0.03641	0.01381	0.01883	0.01444	0.02071	0.01193	0.01193	0.03954	0.02322	0.66984	0.03201	0.02762	0.02009	0.01004	0.00816	0.00251	0.00690	0.00816	0.01004	0.01381
30	0.02966	0.02203	0.02372	0.01811	0.02466	0.02395	0.01493	0.58509	0.03635	0.04905	0.01905	0.01926	0.01365	0.00943	0.00794	0.00233	0.00868	0.00709	0.00784	0.07718
31	0.01160	0.00865	0.01281	0.01281	0.01418	0.01002	0.00986	0.01434	0.01297	0.01867	0.02194	0.03302	0.02078	0.09620	0.64802	0.01276	0.02099	0.00886	0.00438	0.00712
32	0.01905	0.02129	0.04520	0.03359	0.07185	0.01985	0.56539	0.02559	0.01897	0.02605	0.01623	0.02148	0.01232	0.00681	0.00928	0.00262	0.01300	0.00916	0.00414	0.05813
33	0.07688	0.01379	0.01802	0.01409	0.02001	0.01240	0.01157	0.03758	0.04743	0.57658	0.06205	0.02853	0.02243	0.01026	0.00805	0.00252	0.00670	0.00831	0.00963	0.01318
34	0.10442	0.04964	0.01788	0.01246	0.01918	0.01322	0.01017	0.02442	0.04233	0.11219	0.01697	0.01818	0.01314	0.00695	0.00623	0.00161	0.00631	0.00535	0.00559	0.51377
35	0.12524	0.01932	0.02008	0.01622	0.02200	0.03799	0.01320	0.30384	0.14596	0.09939	0.02221	0.02323	0.01653	0.00975	0.00764	0.00244	0.00779	0.02502	0.00752	0.07464
36	0.08936	0.02356	0.02014	0.01723	0.02151	0.23564	0.01359	0.13410	0.06020	0.11898	0.09702	0.02401	0.02121	0.01049	0.00958	0.00248	0.07626	0.00749	0.00650	0.01065
37	0.12539	0.01484	0.01870	0.01460	0.02032	0.01412	0.03883	0.06035	0.04023	0.31309	0.05237	0.02588	0.04034	0.00971	0.00842	0.00235	0.04005	0.00765	0.00760	0.14517

[dist]
# distance from previous block
# <min> <max>
0	18

[block]
# block no. 1 follows, 23 sequences, length 34
# corresponding to MSA columns:
# 56-89
name=unknown_B
#
# <colnr> <probs for GDERKNQSTAVLIFYWHMCP>
#	G	D	E	R	K	N	Q	S	T	A	V	L	I	F	Y	W	H	M	C	P
0	0.20456	0.01453	0.01715	0.13832	0.02501	0.01445	0.01218	0.02178	0.01589	0.05327	0.01461	0.01804	0.01170	0.01000	0.04131	0.00254	0.03064	0.00556	0.00479	0.34368
1	0.01456	0.05931	0.01459	0.01246	0.01524	0.03543	0.00925	0.01769	0.04758	0.05342	0.03347	0.41133	0.03693	0.02051	0.04448	0.00322	0.00667	0.01573	0.00664	0.14149
2	0.01863	0.01508	0.01782	0.04904	0.02170	0.01285	0.01100	0.05219	0.08165	0.05749	0.01733	0.01905	0.01369	0.00698	0.00654	0.00155	0.00648	0.00564	0.00548	0.57980
3	0.01155	0.00821	0.01113	0.01288	0.01399	0.00800	0.01002	0.01398	0.01679	0.02209	0.04256	0.36769	0.04866	0.07123	0.01289	0.00382	0.00625	0.30404	0.00732	0.00690
4	0.01977	0.01501	0.01798	0.04644	0.02165	0.01241	0.01093	0.07076	0.01910	0.09119	0.01654	0.01833	0.01289	0.00680	0.00649	0.00150	0.00656	0.00545	0.00552	0.59466
5	0.01169	0.00830	0.01106	0.01106	0.01183	0.00907	0.00768	0.01322	0.01245	0.01737	0.02354	0.04190	0.02464	0.36957	0.37991	0.01060	0.01519	0.01016	0.00462	0.00615
6	0.01824	0.01718	0.02724	0.35369	0.04122	0.02103	0.09220	0.09246	0.01806	0.02454	0.01420	0.02034	0.01129	0.00983	0.01339	0.00291	0.20078	0.00747	0.00417	0.00976
7	0.01252	0.00874	0.01115	0.01102	0.01327	0.00804	0.00871	0.01595	0.02118	0.05595	0.38731	0.06927	0.18197	0.01834	0.00987	0.00284	0.00480	0.14294	0.00839	0.00772
8	0.01771	0.01471	0.01703	0.01263	0.01927	0.01194	0.01004	0.08136	0.01886	0.02848	0.01716	0.06821	0.01527	0.00781	0.00654	0.00148	0.00620	0.00640	0.00534	0.63354
9	0.00989	0.00706	0.00942	0.01130	0.01177	0.00659	0.00753	0.01130	0.01554	0.02071	0.04472	0.70954	0.05367	0.02542	0.01036	0.00330	0.00471	0.02307	0.00753	0.00659
10	0.02169	0.71972	0.04252	0.01388	0.02083	0.03211	0.01388	0.02430	0.01649	0.01909	0.01128	0.01302	0.01041	0.00694	0.00521	0.00174	0.00868	0.00434	0.00347	0.01041
11	0.01683	0.01442	0.01683	0.01202	0.01923	0.01082	0.00961	0.02043	0.01683	0.02644	0.01442	0.01683	0.01202	0.00601	0.00601	0.00120	0.00601	0.00481	0.00481	0.76444
12	0.02137	0.01695	0.02538	0.30409	0.05951	0.04952	0.09160	0.08486	0.02007	0.13164	0.02008	0.07283	0.01603	0.00996	0.00921	0.00269	0.03950	0.00873	0.00550	0.01047
13	0.77215	0.01569	0.01193	0.01067	0.01569	0.01820	0.00879	0.02385	0.01381	0.03641	0.01130	0.01318	0.00879	0.00753	0.00502	0.00251	0.00628	0.00439	0.00502	0.00879
14	0.01988	0.15952	0.23519	0.10302	0.03413	0.12154	0.13506	0.02562	0.01794	0.02277	0.01379	0.01743	0.01079	0.00785	0.00845	0.00243	0.04383	0.00643	0.00370	0.01062
15	0.00997	0.00712	0.00949	0.01124	0.01179	0.00665	0.00754	0.01150	0.01592	0.02132	0.07618	0.67636	0.05484	0.02497	0.01032	0.00326	0.00466	0.02264	0.00760	0.00665
16	0.01694	0.02171	0.13104	0.02738	0.03421	0.01784	0.38369	0.02294	0.01785	0.02465	0.02096	0.11106	0.01917	0.01215	0.03104	0.00319	0.04711	0.04233	0.00459	0.01015
17	0.00989	0.00706	0.00942	0.01130	0.01177	0.00659	0.00753	0.01130	0.01554	0.02071	0.04472	0.70954	0.05367	0.02542	0.01036	0.00330	0.00471	0.02307	0.00753	0.00659
18	0.03346	0.01854	0.02176	0.01668	0.02307	0.01895	0.01378	0.35648	0.03114	0.34172	0.02537	0.02330	0.01675	0.00988	0.00814	0.00247	0.00798	0.00771	0.00902	0.01380
19	0.01409	0.00705	0.01057	0.01057	0.01057	0.00705	0.00705	0.01057	0.01057	0.01409	0.01409	0.02467	0.01409	0.02819	0.03171	0.76392	0.00705	0.00705	0.00352	0.00352
20	0.03031	0.03867	0.02299	0.02090	0.02508	0.68226	0.01568	0.03240	0.02299	0.01986	0.01254	0.01463	0.01045	0.00836	0.00732	0.00209	0.01463	0.00523	0.00418	0.00941
21	0.01009	0.00815	0.00897	0.00896	0.01132	0.00703	0.00665	0.01254	0.01939	0.02449	0.22428	0.12330	0.46654	0.01994	0.00965	0.00274	0.00409	0.01698	0.00789	0.00703
22	0.03085	0.02273	0.02435	0.01867	0.02516	0.02516	0.01542	0.63716	0.03815	0.05114	0.01948	0.01948	0.01380	0.00974	0.00812	0.00244	0.00893	0.00731	0.00812	0.01380
23	0.01211	0.04326	0.01402	0.01262	0.01418	0.01096	0.00975	0.01467	0.01307	0.01851	0.02165	0.03330	0.02082	0.13031	0.57896	0.01192	0.01957	0.00882	0.00437	0.00714
24	0.02967	0.01495	0.01871	0.01431	0.02071	0.01333	0.01168	0.08186	0.07198	0.40601	0.02659	0.02442	0.01789	0.00906	0.00761	0.00219	0.00680	0.00731	0.00841	0.20653
25	0.02117	0.04571	0.02642	0.13848	0.12476	0.20264	0.08960	0.04526	0.06955	0.02387	0.01916	0.09874	0.01730	0.01032	0.00879	0.00255	0.03189	0.00882	0.00484	0.01013
26	0.01920	0.02176	0.04712	0.03499	0.07401	0.02046	0.60375	0.02594	0.01912	0.02602	0.01636	0.02180	0.01234	0.00686	0.00950	0.00272	0.01347	0.00946	0.00410	0.01104
27	0.01627	0.04197	0.67279	0.02313	0.03512	0.01884	0.02998	0.02570	0.01713	0.02570	0.01456	0.01713	0.01028	0.00771	0.00771	0.00257	0.01199	0.00600	0.00343	0.01199
28	0.01067	0.00801	0.00988	0.00995	0.01176	0.00723	0.00726	0.01353	0.02025	0.02735	0.38351	0.20511	0.21681	0.01948	0.00975	0.00276	0.00409	0.01710	0.00828	0.00723
29	0.01224	0.00920	0.01318	0.01300	0.01424	0.01082	0.01002	0.01488	0.01333	0.01961	0.02259	0.06721	0.02180	0.08641	0.51567	0.01075	0.07215	0.00941	0.05626	0.00724
30	0.01117	0.00812	0.01059	0.01208	0.01335	0.00774	0.00924	0.01344	0.01685	0.02187	0.04775	0.34922	0.13046	0.07090	0.01269	0.00370	0.00588	0.24077	0.00733	0.00684
31	0.01796	0.03017	0.34240	0.10703	0.08874	0.01905	0.20500	0.02559	0.01792	0.04614	0.01571	0.01962	0.01146	0.00754	0.00834	0.00262	0.01200	0.00735	0.00391	0.01146
32	0.01002	0.00727	0.00946	0.01095	0.01174	0.00672	0.00744	0.01172	0.01650	0.02197	0.10834	0.59594	0.10362	0.02417	0.01022	0.00318	0.00457	0.02177	0.00767	0.00672
33	0.01635	0.01500	0.02451	0.40830	0.15056	0.01724	0.04637	0.02276	0.07966	0.02294	0.01857	0.06954	0.01572	0.01037	0.00949	0.04020	0.00969	0.00859	0.00443	0.00970

[dist]
# distance from previous block
# <min> <max>
0	1

[block]
# block no. 2 follows, 23 sequences, length 171
# corresponding to MSA columns:
# 91-126,133-267
name=unknown_C
#
# <colnr> <probs for GDERKNQSTAVLIFYWHMCP>
#	G	D	E	R	K	N	Q	S	T	A	V	L	I	F	Y	W	H	M	C	P
0	0.01260	0.00935	0.01152	0.01079	0.01305	0.00912	0.00814	0.01865	0.09748	0.03224	0.53931	0.05641	0.08903	0.01578	0.00926	0.00256	0.00415	0.01382	0.03849	0.00824
1	0.02889	0.01658	0.02429	0.05843	0.23904	0.01612	0.01712	0.08620	0.04415	0.34738	0.02450	0.02419	0.01683	0.00901	0.00811	0.00249	0.00817	0.00776	0.00749	0.01323
2	0.01820	0.16499	0.37192	0.02628	0.12875	0.02187	0.07531	0.02504	0.01715	0.02429	0.01401	0.01722	0.01088	0.00773	0.00834	0.00245	0.04418	0.00622	0.00359	0.01159
3	0.01048	0.00772	0.00998	0.01116	0.01233	0.00703	0.00777	0.01235	0.01656	0.02222	0.09675	0.54838	0.09823	0.02320	0.01004	0.00310	0.00477	0.04417	0.00750	0.04626
4	0.01754	0.01710	0.02965	0.35174	0.25975	0.01928	0.08337	0.02258	0.01696	0.02313	0.01459	0.02080	0.01165	0.00820	0.00981	0.00268	0.06944	0.00744	0.00379	0.01051
5	0.01619	0.01555	0.02270	0.01966	0.02038	0.02082	0.04091	0.01847	0.01286	0.01961	0.01379	0.02162	0.01325	0.02613	0.19794	0.00601	0.49417	0.00762	0.00378	0.00853
6	0.77215	0.01569	0.01193	0.01067	0.01569	0.01820	0.00879	0.02385	0.01381	0.03641	0.01130	0.01318	0.00879	0.00753	0.00502	0.00251	0.00628	0.00439	0.00502	0.00879
7	0.01118	0.00818	0.01049	0.01014	0.01199	0.00749	0.00752	0.01464	0.02192	0.03057	0.55518	0.12065	0.12431	0.01772	0.00964	0.00264	0.00393	0.01564	0.00869	0.00749
8	0.01093	0.00793	0.01031	0.01044	0.01197	0.00731	0.00755	0.01397	0.02059	0.02859	0.45355	0.25179	0.09602	0.01936	0.00980	0.00278	0.00410	0.01725	0.00846	0.00731
9	0.01006	0.00720	0.00930	0.01090	0.01144	0.00673	0.00720	0.01137	0.01531	0.02028	0.04472	0.61232	0.08205	0.09365	0.01339	0.00372	0.00499	0.02165	0.00727	0.00644
10	0.77215	0.01569	0.01193	0.01067	0.01569	0.01820	0.00879	0.02385	0.01381	0.03641	0.01130	0.01318	0.00879	0.00753	0.00502	0.00251	0.00628	0.00439	0.00502	0.00879
11	0.01291	0.00922	0.01289	0.01476	0.01656	0.00920	0.01279	0.01653	0.01852	0.02410	0.04305	0.12286	0.04705	0.02257	0.01116	0.00371	0.00733	0.57987	0.00747	0.00743
12	0.03085	0.02273	0.02435	0.01867	0.02516	0.02516	0.01542	0.63716	0.03815	0.05114	0.01948	0.01948	0.01380	0.00974	0.00812	0.00244	0.00893	0.00731	0.00812	0.01380
13	0.02169	0.71972	0.04252	0.01388	0.02083	0.03211	0.01388	0.02430	0.01649	0.01909	0.01128	0.01302	0.01041	0.00694	0.00521	0.00174	0.00868	0.00434	0.00347	0.01041
14	0.01555	0.01454	0.02466	0.60000	0.05133	0.01795	0.04650	0.02039	0.01587	0.02056	0.01429	0.02159	0.01103	0.00935	0.01028	0.03967	0.04670	0.00729	0.00362	0.00882
15	0.77215	0.01569	0.01193	0.01067	0.01569	0.01820	0.00879	0.02385	0.01381	0.03641	0.01130	0.01318	0.00879	0.00753	0.00502	0.00251	0.00628	0.00439	0.00502	0.00879
16	0.01663	0.06717	0.61673	0.02333	0.03494	0.01944	0.06001	0.02566	0.01721	0.02546	0.01453	0.01721	0.01039	0.00764	0.00771	0.00255	0.01195	0.00611	0.00346	0.01188
17	0.01220	0.00855	0.01073	0.01111	0.01296	0.00753	0.00774	0.01397	0.01614	0.05279	0.04236	0.48269	0.10231	0.06351	0.01147	0.00320	0.00513	0.01862	0.00712	0.10988
18	0.01886	0.01647	0.01738	0.05103	0.02133	0.04085	0.01237	0.03669	0.49612	0.03024	0.03136	0.07276	0.02575	0.07817	0.01147	0.00324	0.00697	0.01003	0.00751	0.01140
19	0.02917	0.12875	0.02558	0.01998	0.02452	0.59626	0.01544	0.03133	0.02213	0.01976	0.01238	0.01442	0.01045	0.00817	0.00704	0.00204	0.01385	0.00511	0.00409	0.00954
20	0.03641	0.01381	0.01883	0.01444	0.02071	0.01193	0.01193	0.03954	0.02322	0.66984	0.03201	0.02762	0.02009	0.01004	0.00816	0.00251	0.00690	0.00816	0.01004	0.01381
21	0.02169	0.71972	0.04252	0.01388	0.02083	0.03211	0.01388	0.02430	0.01649	0.01909	0.01128	0.01302	0.01041	0.00694	0.00521	0.00174	0.00868	0.00434	0.00347	0.01041
22	0.00989	0.00706	0.00942	0.01130	0.01177	0.00659	0.00753	0.01130	0.01554	0.02071	0.04472	0.70954	0.05367	0.02542	0.01036	0.00330	0.00471	0.02307	0.00753	0.00659
23	0.01392	0.00880	0.01159	0.01068	0.01297	0.00804	0.00808	0.01758	0.02269	0.09602	0.57172	0.08388	0.06996	0.01629	0.00946	0.00258	0.00417	0.01436	0.00899	0.00823
24	0.01103	0.00800	0.01039	0.01037	0.01199	0.00737	0.00756	0.01421	0.02103	0.02931	0.49058	0.21274	0.09740	0.01883	0.00975	0.00273	0.00405	0.01674	0.00854	0.00737
25	0.00989	0.00706	0.00942	0.01130	0.01177	0.00659	0.00753	0.01130	0.01554	0.02071	0.04472	0.70954	0.05367	0.02542	0.01036	0.00330	0.00471	0.02307	0.00753	0.00659
26	0.01409	0.00705	0.01057	0.01057	0.01057	0.00705	0.00705	0.01057	0.01057	0.01409	0.01409	0.02467	0.01409	0.02819	0.03171	0.76392	0.00705	0.00705	0.00352	0.00352
27	0.02363	0.51507	0.06954	0.01572	0.02261	0.08708	0.01509	0.12285	0.02054	0.02460	0.01286	0.01440	0.01095	0.00755	0.00598	0.00192	0.00940	0.00497	0.00427	0.01094
28	0.02620	0.32333	0.03148	0.01637	0.02282	0.05119	0.01445	0.28324	0.07724	0.05492	0.01719	0.01765	0.01331	0.00860	0.00684	0.00215	0.00876	0.00613	0.00604	0.01210
29	0.77215	0.01569	0.01193	0.01067	0.01569	0.01820	0.00879	0.02385	0.01381	0.03641	0.01130	0.01318	0.00879	0.00753	0.00502	0.00251	0.00628	0.00439	0.00502	0.00879
30	0.02213	0.01814	0.02401	0.02158	0.07694	0.02048	0.07370	0.13609	0.23632	0.07707	0.02317	0.02577	0.01817	0.05338	0.01357	0.00310	0.12963	0.00845	0.00658	0.01172
31	0.05710	0.01900	0.03083	0.18583	0.42475	0.04458	0.07231	0.02432	0.01798	0.02545	0.01487	0.02001	0.01207	0.00745	0.00800	0.00249	0.01024	0.00720	0.00399	0.01153
32	0.03009	0.02235	0.02393	0.01852	0.02487	0.02481	0.01524	0.59496	0.08159	0.04992	0.02044	0.02025	0.01458	0.00983	0.00813	0.00246	0.00875	0.00744	0.00813	0.01373
33	0.01159	0.00869	0.01304	0.01304	0.01449	0.01014	0.01014	0.01449	0.01304	0.01884	0.02173	0.03188	0.02029	0.06086	0.68268	0.01304	0.02173	0.00869	0.00435	0.00724
34	0.01180	0.00787	0.00885	0.00885	0.00885	0.00787	0.00492	0.01180	0.01180	0.01573	0.02557	0.05310	0.02950	0.71483	0.04130	0.00787	0.00787	0.01180	0.00492	0.00492
35	0.77215	0.01569	0.01193	0.01067	0.01569	0.01820	0.00879	0.02385	0.01381	0.03641	0.01130	0.01318	0.00879	0.00753	0.00502	0.00251	0.00628	0.00439	0.00502	0.00879
36	0.02169	0.71972	0.04252	0.01388	0.02083	0.03211	0.01388	0.02430	0.01649	0.01909	0.01128	0.01302	0.01041	0.00694	0.00521	0.00174	0.00868	0.00434	0.00347	0.01041
37	0.03641	0.01381	0.01883	0.01444	0.02071	0.01193	0.01193	0.03954	0.02322	0.66984	0.03201	0.02762	0.02009	0.01004	0.00816	0.00251	0.00690	0.00816	0.01004	0.01381
38	0.01409	0.00705	0.01057	0.01057	0.01057	0.00705	0.00705	0.01057	0.01057	0.01409	0.01409	0.02467	0.01409	0.02819	0.03171	0.76392	0.00705	0.00705	0.00352	0.00352
39	0.03085	0.02273	0.02435	0.01867	0.02516	0.02516	0.01542	0.63716	0.03815	0.05114	0.01948	0.01948	0.01380	0.00974	0.00812	0.00244	0.00893	0.00731	0.00812	0.01380
40	0.02169	0.71972	0.04252	0.01388	0.02083	0.03211	0.01388	0.02430	0.01649	0.01909	0.01128	0.01302	0.01041	0.00694	0.00521	0.00174	0.00868	0.00434	0.00347	0.01041
41	0.09767	0.02096	0.02165	0.01699	0.02311	0.07351	0.01391	0.37226	0.03073	0.21553	0.02161	0.02075	0.01480	0.00952	0.00779	0.00243	0.00860	0.00711	0.00805	0.01301
42	0.01973	0.03365	0.36418	0.02648	0.10697	0.09748	0.09389	0.05726	0.07270	0.02706	0.01641	0.01895	0.01223	0.00801	0.00798	0.00252	0.01160	0.00679	0.00429	0.01183
43	0.77215	0.01569	0.01193	0.01067	0.01569	0.01820	0.00879	0.02385	0.01381	0.03641	0.01130	0.01318	0.00879	0.00753	0.00502	0.00251	0.00628	0.00439	0.00502	0.00879
44	0.01744	0.01760	0.02578	0.28405	0.06259	0.06076	0.06308	0.02124	0.01582	0.02144	0.04670	0.02169	0.01435	0.01080	0.01541	0.00298	0.27750	0.00761	0.00395	0.00921
45	0.01129	0.00829	0.01058	0.01001	0.01201	0.00757	0.00751	0.01494	0.02252	0.03147	0.60160	0.06238	0.13557	0.01699	0.00957	0.00257	0.00386	0.01492	0.00879	0.00757
46	0.02528	0.01951	0.02163	0.05888	0.02513	0.02189	0.01492	0.37596	0.20709	0.04200	0.02513	0.02922	0.01970	0.01115	0.00844	0.00266	0.00821	0.06272	0.00782	0.01266
47	0.00989	0.00706	0.00942	0.01130	0.01177	0.00659	0.00753	0.01130	0.01554	0.02071	0.04472	0.70954	0.05367	0.02542	0.01036	0.00330	0.00471	0.02307	0.00753	0.00659
48	0.02169	0.71972	0.04252	0.01388	0.02083	0.03211	0.01388	0.02430	0.01649	0.01909	0.01128	0.01302	0.01041	0.00694	0.00521	0.00174	0.00868	0.00434	0.00347	0.01041
49	0.02581	0.02167	0.06290	0.12896	0.03014	0.02247	0.01696	0.41769	0.08434	0.04192	0.01926	0.02048	0.01394	0.00927	0.00800	0.00245	0.00906	0.00724	0.00694	0.05049
50	0.01909	0.02137	0.04498	0.03403	0.07841	0.02082	0.54428	0.02537	0.01853	0.02546	0.01585	0.02142	0.01220	0.00750	0.01096	0.00279	0.07280	0.00922	0.00405	0.01088
51	0.01915	0.02189	0.04788	0.03420	0.04241	0.02052	0.63475	0.02599	0.01915	0.02599	0.01642	0.02189	0.01231	0.00684	0.00958	0.00274	0.01368	0.00958	0.00410	0.01094
52	0.02257	0.65008	0.04052	0.01460	0.02126	0.09858	0.01407	0.02513	0.01715	0.01917	0.01141	0.01318	0.01042	0.00709	0.00542	0.00177	0.00929	0.00443	0.00354	0.01031
53	0.01159	0.00869	0.01304	0.01304	0.01449	0.01014	0.01014	0.01449	0.01304	0.01884	0.02173	0.03188	0.02029	0.06086	0.68268	0.01304	0.02173	0.00869	0.00435	0.00724
54	0.01803	0.09539	0.36340	0.02854	0.10929	0.02058	0.19950	0.02556	0.01780	0.02527	0.01487	0.01845	0.01117	0.00734	0.00805	0.00252	0.01189	0.00700	0.00369	0.01165
55	0.00989	0.00706	0.00942	0.01130	0.01177	0.00659	0.00753	0.01130	0.01554	0.02071	0.04472	0.70954	0.05367	0.02542	0.01036	0.00330	0.00471	0.02307	0.00753	0.00659
56	0.00972	0.00769	0.00876	0.00962	0.01133	0.00673	0.00679	0.01149	0.01715	0.02137	0.06515	0.36540	0.38462	0.02277	0.00994	0.00299	0.00438	0.01983	0.00753	0.00673
57	0.01655	0.06587	0.59051	0.05695	0.03591	0.01938	0.05365	0.02541	0.01714	0.02521	0.01450	0.01739	0.01039	0.00766	0.00771	0.00255	0.01187	0.00614	0.00346	0.01174
58	0.03284	0.01407	0.01838	0.01454	0.02036	0.01293	0.01186	0.03890	0.11470	0.54635	0.06232	0.02959	0.02348	0.01050	0.00824	0.00255	0.00669	0.00862	0.00973	0.01337
59	0.01888	0.02008	0.06490	0.09606	0.36133	0.02044	0.11332	0.02368	0.01712	0.02451	0.01441	0.01987	0.01203	0.00865	0.01194	0.00272	0.14730	0.00749	0.00387	0.01141
60	0.01965	0.05607	0.05904	0.06902	0.03603	0.08655	0.37627	0.02469	0.01788	0.02334	0.01472	0.02012	0.01173	0.00900	0.01225	0.03426	0.10717	0.00819	0.00393	0.01009
61	0.02303	0.02010	0.02634	0.06594	0.31131	0.06687	0.01921	0.11232	0.17112	0.06993	0.02082	0.02257	0.01597	0.00876	0.00806	0.00249	0.00903	0.00761	0.00593	0.01260
62	0.02374	0.01613	0.01995	0.01517	0.02171	0.01477	0.04139	0.10491	0.11940	0.18003	0.02212	0.02199	0.01611	0.00822	0.00729	0.00197	0.00701	0.00680	0.00693	0.34435
63	0.05111	0.43208	0.21523	0.01820	0.05582	0.02661	0.01864	0.02565	0.04874	0.02276	0.01349	0.01539	0.01115	0.00740	0.00619	0.00208	0.00943	0.00519	0.00379	0.01103
64	0.77215	0.01569	0.01193	0.01067	0.01569	0.01820	0.00879	0.02385	0.01381	0.03641	0.01130	0.01318	0.00879	0.00753	0.00502	0.00251	0.00628	0.00439	0.00502	0.00879
65	0.01153	0.00792	0.00918	0.00928	0.00961	0.00791	0.00557	0.01198	0.01257	0.01669	0.03028	0.08738	0.07487	0.57609	0.08985	0.00769	0.00857	0.01251	0.00519	0.00533
66	0.01409	0.01120	0.01614	0.01470	0.01692	0.01255	0.05447	0.04277	0.07775	0.02245	0.02348	0.05937	0.02180	0.10784	0.39517	0.00909	0.04238	0.00952	0.04015	0.00815
67	0.00997	0.00712	0.00949	0.01124	0.01179	0.00664	0.00754	0.01150	0.01591	0.02131	0.07591	0.67664	0.05483	0.02497	0.01032	0.00326	0.00466	0.02264	0.00760	0.00664
68	0.01030	0.00748	0.00977	0.01151	0.01214	0.00714	0.00775	0.01258	0.04099	0.02124	0.04425	0.68227	0.05251	0.02484	0.01027	0.00327	0.00478	0.02251	0.00756	0.00684
69	0.01180	0.00787	0.00885	0.00885	0.00885	0.00787	0.00492	0.01180	0.01180	0.01573	0.02557	0.05310	0.02950	0.71483	0.04130	0.00787	0.00787	0.01180	0.00492	0.00492
70	0.01938	0.01856	0.03167	0.14484	0.57466	0.01910	0.02455	0.02429	0.01814	0.02566	0.01514	0.02031	0.01255	0.00736	0.00804	0.00245	0.00981	0.00723	0.00396	0.01229
71	0.01532	0.01442	0.02434	0.69533	0.05589	0.01803	0.02253	0.02073	0.01622	0.02073	0.01442	0.02163	0.01082	0.00811	0.00811	0.00270	0.01082	0.00721	0.00361	0.00901
72	0.01816	0.01521	0.01754	0.01265	0.01979	0.01218	0.01017	0.07900	0.01885	0.02879	0.01490	0.01708	0.01219	0.00636	0.00621	0.00132	0.00629	0.00504	0.00512	0.69315
73	0.01180	0.00787	0.00885	0.00885	0.00885	0.00787	0.00492	0.01180	0.01180	0.01573	0.02557	0.05310	0.02950	0.71483	0.04130	0.00787	0.00787	0.01180	0.00492	0.00492
74	0.03108	0.02362	0.02396	0.01865	0.02493	0.07984	0.01527	0.55624	0.03613	0.07955	0.01953	0.01948	0.01383	0.00964	0.00805	0.00241	0.00931	0.00717	0.00788	0.01343
75	0.02018	0.01743	0.01835	0.01651	0.02110	0.02018	0.01284	0.04312	0.64956	0.03394	0.03303	0.03027	0.02477	0.01101	0.00826	0.00275	0.00642	0.00917	0.00826	0.01284
76	0.01513	0.00756	0.00756	0.00756	0.00945	0.00756	0.00567	0.01891	0.01702	0.03025	0.02647	0.03025	0.02080	0.00945	0.00567	0.00189	0.00378	0.00756	0.75988	0.00756
77	0.02169	0.71972	0.04252	0.01388	0.02083	0.03211	0.01388	0.02430	0.01649	0.01909	0.01128	0.01302	0.01041	0.00694	0.00521	0.00174	0.00868	0.00434	0.00347	0.01041
78	0.01816	0.01521	0.01754	0.01265	0.01979	0.01218	0.01017	0.07902	0.01885	0.02879	0.01490	0.01708	0.01219	0.00636	0.00621	0.00132	0.00629	0.00504	0.00512	0.69312
79	0.01670	0.01603	0.02592	0.42653	0.15073	0.01985	0.02180	0.02115	0.01571	0.02143	0.01367	0.02045	0.01112	0.00940	0.01248	0.00285	0.17367	0.00719	0.00366	0.00963
80	0.06084	0.68299	0.04092	0.01372	0.02056	0.03138	0.01362	0.02427	0.01635	0.01999	0.01128	0.01302	0.01033	0.00697	0.00520	0.00178	0.00855	0.00434	0.00355	0.01033
81	0.01159	0.00869	0.01304	0.01304	0.01449	0.01014	0.01014	0.01449	0.01304	0.01884	0.02173	0.03188	0.02029	0.06086	0.68268	0.01304	0.02173	0.00869	0.00435	0.00724
82	0.01074	0.00801	0.01005	0.01090	0.01221	0.00754	0.00765	0.01386	0.04846	0.02438	0.19828	0.44016	0.13360	0.02197	0.00997	0.00302	0.00450	0.01961	0.00791	0.00719
83	0.00959	0.00822	0.00822	0.00822	0.01096	0.00685	0.00617	0.01165	0.01850	0.02192	0.08220	0.07809	0.66092	0.02055	0.00959	0.00274	0.00411	0.01713	0.00754	0.00685
84	0.01639	0.04117	0.64770	0.02357	0.03541	0.01891	0.05426	0.02571	0.01721	0.02571	0.01464	0.01732	0.01036	0.00767	0.00778	0.00258	0.01206	0.00614	0.00345	0.01195
85	0.01674	0.10024	0.61861	0.02233	0.03389	0.01998	0.02860	0.02558	0.01708	0.02513	0.01428	0.01678	0.01029	0.00764	0.00749	0.00250	0.01171	0.00585	0.00343	0.01186
86	0.77215	0.01569	0.01193	0.01067	0.01569	0.01820	0.00879	0.02385	0.01381	0.03641	0.01130	0.01318	0.00879	0.00753	0.00502	0.00251	0.00628	0.00439	0.00502	0.00879
87	0.02018	0.01743	0.01835	0.01651	0.02110	0.02018	0.01284	0.04312	0.64956	0.03394	0.03303	0.03027	0.02477	0.01101	0.00826	0.00275	0.00642	0.00917	0.00826	0.01284
88	0.01148	0.00829	0.01085	0.01021	0.01212	0.00766	0.00766	0.01531	0.02297	0.03254	0.65994	0.06061	0.07656	0.01659	0.00957	0.00255	0.00383	0.01467	0.00893	0.00766
89	0.01803	0.06762	0.02611	0.02078	0.02127	0.02537	0.01748	0.01987	0.01272	0.01950	0.01070	0.01742	0.01063	0.01369	0.02511	0.00342	0.65087	0.00690	0.00354	0.00899
90	0.01034	0.00797	0.00918	0.00939	0.01121	0.00710	0.00669	0.01250	0.01837	0.02373	0.21327	0.19795	0.33238	0.08766	0.01280	0.00330	0.00452	0.01719	0.00763	0.00681
91	0.00969	0.00814	0.00832	0.00843	0.01093	0.00687	0.00620	0.01163	0.01806	0.02161	0.07773	0.11553	0.59956	0.04771	0.01086	0.00297	0.00429	0.01728	0.00743	0.00676
92	0.01159	0.00869	0.01304	0.01304	0.01449	0.01014	0.01014	0.01449	0.01304	0.01884	0.02173	0.03188	0.02029	0.06086	0.68268	0.01304	0.02173	0.00869	0.00435	0.00724
93	0.59735	0.01541	0.01354	0.01165	0.01690	0.01709	0.00957	0.02772	0.04409	0.15779	0.01624	0.01672	0.01167	0.00817	0.00577	0.00252	0.00640	0.00533	0.00613	0.00993
94	0.01179	0.00846	0.01070	0.01141	0.01254	0.00832	0.00820	0.01490	0.04982	0.02330	0.16661	0.27037	0.04983	0.18817	0.01768	0.00429	0.00587	0.12361	0.00722	0.00689
95	0.00989	0.00706	0.00942	0.01130	0.01177	0.00659	0.00753	0.01130	0.01554	0.02071	0.04472	0.70954	0.05367	0.02542	0.01036	0.00330	0.00471	0.02307	0.00753	0.00659
96	0.02051	0.57179	0.18009	0.01590	0.02395	0.02921	0.01740	0.02460	0.01663	0.02053	0.01200	0.01391	0.01038	0.00711	0.00575	0.00192	0.00940	0.00470	0.00346	0.01076
97	0.04880	0.02253	0.12289	0.15225	0.09851	0.01983	0.33478	0.02452	0.01777	0.02518	0.01524	0.02050	0.01160	0.00758	0.00950	0.00271	0.04301	0.00814	0.00393	0.01073
98	0.01677	0.01442	0.01709	0.03648	0.02054	0.01107	0.01008	0.02044	0.01680	0.02624	0.01442	0.01700	0.01198	0.00608	0.00608	0.00126	0.00618	0.00489	0.00476	0.73740
99	0.00989	0.00750	0.00913	0.01027	0.01154	0.00674	0.00711	0.01165	0.01691	0.02181	0.09383	0.47315	0.24443	0.02336	0.01007	0.00308	0.00447	0.02070	0.00762	0.00674
100	0.02472	0.01440	0.01851	0.07630	0.02295	0.01456	0.01294	0.09936	0.08422	0.26271	0.02849	0.11789	0.02348	0.01240	0.00936	0.00264	0.04325	0.03984	0.00776	0.08421
101	0.03068	0.02208	0.02384	0.01838	0.02478	0.02432	0.01515	0.58424	0.06236	0.08015	0.02064	0.02031	0.01455	0.00981	0.00812	0.00245	0.00873	0.00742	0.00822	0.01376
102	0.01016	0.00742	0.00967	0.01119	0.01204	0.00678	0.00755	0.01169	0.01573	0.02101	0.04521	0.65148	0.08018	0.02439	0.01014	0.00318	0.00473	0.02203	0.00742	0.03799
103	0.07603	0.03128	0.37186	0.05710	0.06459	0.01988	0.12151	0.05669	0.01791	0.02717	0.01455	0.01811	0.01085	0.00821	0.00947	0.00267	0.07013	0.00672	0.00395	0.01131
104	0.01813	0.07204	0.16212	0.02941	0.09119	0.01981	0.32804	0.02445	0.01821	0.02507	0.01833	0.02777	0.01559	0.00906	0.00962	0.00275	0.03851	0.07483	0.00427	0.01081
105	0.00989	0.00706	0.00942	0.01130	0.01177	0.00659	0.00753	0.01130	0.01554	0.02071	0.04472	0.70954	0.05367	0.02542	0.01036	0.00330	0.00471	0.02307	0.00753	0.00659
106	0.02966	0.09033	0.02448	0.02037	0.02476	0.63294	0.01554	0.03179	0.02250	0.01980	0.01245	0.01451	0.01045	0.00825	0.00716	0.00206	0.01418	0.00516	0.00413	0.00948
107	0.01050	0.00793	0.01039	0.01154	0.01232	0.00783	0.00805	0.01223	0.01634	0.02192	0.10687	0.54926	0.10508	0.02345	0.01120	0.00319	0.04686	0.02076	0.00743	0.00686
108	0.02949	0.02167	0.02325	0.01797	0.02400	0.02393	0.01468	0.59273	0.03628	0.04862	0.01991	0.02187	0.01491	0.05983	0.01047	0.00282	0.00885	0.00762	0.00789	0.01317
109	0.01587	0.01548	0.05026	0.39255	0.06691	0.01647	0.07424	0.06341	0.01803	0.02380	0.02129	0.16401	0.02011	0.01165	0.00869	0.00279	0.00967	0.01067	0.00479	0.00930
110	0.01130	0.00823	0.00920	0.00947	0.01178	0.00709	0.00690	0.01324	0.01794	0.06099	0.06854	0.25378	0.45003	0.02129	0.00972	0.00288	0.00445	0.01826	0.00769	0.00720
111	0.01882	0.05367	0.08896	0.05148	0.02894	0.02341	0.15820	0.05938	0.01628	0.02349	0.01303	0.01868	0.01118	0.01110	0.01820	0.00309	0.38071	0.00745	0.00394	0.01000
112	0.01867	0.01560	0.01697	0.01503	0.01969	0.01681	0.01185	0.03534	0.44383	0.03155	0.03013	0.03305	0.02410	0.01098	0.00795	0.00250	0.00628	0.05922	0.05329	0.14717
113	0.77215	0.01569	0.01193	0.01067	0.01569	0.01820	0.00879	0.02385	0.01381	0.03641	0.01130	0.01318	0.00879	0.00753	0.00502	0.00251	0.00628	0.00439	0.00502	0.00879
114	0.01133	0.00821	0.01076	0.01083	0.01254	0.00764	0.00818	0.01469	0.02113	0.02933	0.47180	0.16997	0.09049	0.01880	0.00988	0.00281	0.00438	0.08130	0.00849	0.00743
115	0.01849	0.02083	0.04515	0.03257	0.04023	0.01953	0.59019	0.02495	0.01889	0.02562	0.01843	0.07074	0.01525	0.00816	0.00963	0.00278	0.01304	0.01053	0.00435	0.01063
116	0.01661	0.01513	0.02411	0.62112	0.05236	0.01862	0.02166	0.06539	0.04217	0.02340	0.01550	0.02181	0.01157	0.00834	0.00812	0.00269	0.01051	0.00729	0.00411	0.00950
117	0.01209	0.00855	0.01064	0.01014	0.01242	0.00772	0.00774	0.01545	0.02166	0.05471	0.46184	0.06519	0.21547	0.01760	0.00960	0.00266	0.00421	0.04605	0.00856	0.00769
118	0.01126	0.00876	0.01246	0.01301	0.01431	0.00846	0.04607	0.01465	0.06117	0.02257	0.07304	0.58689	0.05025	0.02282	0.01012	0.00319	0.00533	0.02084	0.00745	0.00735
119	0.01162	0.00830	0.01138	0.01313	0.01440	0.00807	0.01041	0.01436	0.01754	0.02316	0.07468	0.35664	0.05120	0.02342	0.01076	0.00349	0.00610	0.32667	0.00757	0.00710
120	0.00989	0.00706	0.00942	0.01130	0.01177	0.00659	0.00753	0.01130	0.01554	0.02071	0.04472	0.70954	0.05367	0.02542	0.01036	0.00330	0.00471	0.02307	0.00753	0.00659
121	0.01560	0.01495	0.02601	0.64836	0.05493	0.01820	0.06603	0.02111	0.01643	0.02111	0.01456	0.02165	0.01092	0.00802	0.00822	0.00271	0.01102	0.00738	0.00364	0.00915
122	0.01694	0.01430	0.01682	0.01232	0.01910	0.01126	0.00985	0.04122	0.01729	0.02675	0.01512	0.01799	0.01267	0.01003	0.05416	0.00209	0.00723	0.00517	0.00489	0.68483
123	0.07476	0.63818	0.06965	0.01409	0.02113	0.03050	0.01427	0.02433	0.01633	0.02063	0.01143	0.01322	0.01029	0.00702	0.00531	0.00183	0.00866	0.00442	0.00358	0.01037
124	0.02066	0.03964	0.01815	0.01530	0.01983	0.05261	0.01213	0.11476	0.35149	0.05822	0.03872	0.03828	0.13851	0.01268	0.00844	0.00267	0.00690	0.03178	0.00778	0.01147
125	0.01607	0.01371	0.01627	0.01227	0.01846	0.01084	0.00967	0.01936	0.01652	0.02554	0.01773	0.09549	0.01670	0.00851	0.00724	0.00152	0.03064	0.00696	0.00507	0.65143
126	0.02731	0.01960	0.02109	0.01620	0.02265	0.05082	0.01318	0.31868	0.05768	0.13663	0.02030	0.02026	0.01462	0.00875	0.00751	0.00210	0.00797	0.00673	0.00731	0.22061
127	0.01706	0.01464	0.01693	0.01234	0.01936	0.01148	0.00984	0.02204	0.06178	0.02697	0.01574	0.01778	0.01292	0.00636	0.00617	0.00131	0.00604	0.00512	0.00505	0.71104
128	0.02227	0.01707	0.02138	0.05834	0.02459	0.01808	0.05735	0.11692	0.25896	0.11074	0.02687	0.02664	0.04293	0.01002	0.00885	0.00248	0.03853	0.00827	0.00713	0.12257
129	0.01011	0.00722	0.00968	0.01156	0.01213	0.00679	0.00793	0.01169	0.01576	0.02097	0.04460	0.66563	0.05317	0.02521	0.01042	0.00333	0.00490	0.06474	0.00753	0.00665
130	0.04070	0.01411	0.01631	0.01194	0.01875	0.01085	0.00949	0.02010	0.01667	0.02648	0.01579	0.05031	0.01394	0.00700	0.00619	0.00135	0.00595	0.00568	0.00495	0.70346
131	0.01767	0.01444	0.01801	0.04181	0.04940	0.01203	0.01122	0.02130	0.01732	0.05882	0.04885	0.02004	0.01572	0.00729	0.00744	0.00156	0.03857	0.00580	0.00515	0.58756
132	0.05073	0.69248	0.04134	0.01376	0.02063	0.03157	0.01369	0.02428	0.01638	0.01976	0.01128	0.01302	0.01035	0.00696	0.00520	0.00177	0.00858	0.00434	0.00353	0.01035
133	0.01324	0.01090	0.04619	0.01148	0.01427	0.00928	0.00934	0.01869	0.06719	0.05504	0.55931	0.05501	0.06741	0.01550	0.00933	0.00257	0.00455	0.01360	0.00864	0.00847
134	0.01846	0.01995	0.06147	0.25367	0.11249	0.01973	0.31200	0.05479	0.01898	0.02556	0.01571	0.02130	0.01187	0.00748	0.00878	0.00267	0.01199	0.00829	0.00410	0.01069
135	0.02035	0.01695	0.01805	0.01612	0.02046	0.01936	0.01255	0.09874	0.51776	0.03396	0.03156	0.03333	0.02492	0.06135	0.01071	0.00312	0.00682	0.03377	0.00797	0.01216
136	0.01009	0.00728	0.00960	0.01139	0.01207	0.00679	0.00784	0.01169	0.01590	0.02102	0.04650	0.63528	0.08397	0.02497	0.01038	0.00330	0.00487	0.06287	0.00753	0.00666
137	0.01988	0.49331	0.25307	0.01697	0.02560	0.02768	0.01926	0.02476	0.01670	0.02130	0.01238	0.01439	0.01037	0.00720	0.00604	0.00201	0.00978	0.00489	0.00346	0.01094
138	0.01139	0.00829	0.01072	0.01011	0.01207	0.00762	0.00758	0.01514	0.02275	0.03203	0.63219	0.06145	0.10463	0.01678	0.00957	0.00256	0.00384	0.01479	0.00887	0.00762
139	0.01263	0.00854	0.01174	0.07337	0.01647	0.00827	0.00919	0.01512	0.01800	0.06966	0.18718	0.42404	0.07366	0.02051	0.00979	0.00299	0.00519	0.01839	0.00768	0.00758
140	0.03591	0.01460	0.01932	0.01481	0.02111	0.01310	0.01224	0.09254	0.02455	0.61497	0.03090	0.02690	0.01953	0.01002	0.00816	0.00250	0.00708	0.00808	0.00987	0.01381
141	0.01683	0.01442	0.01683	0.01202	0.01923	0.01082	0.00961	0.02043	0.01683	0.02644	0.01442	0.01683	0.01202	0.00601	0.00601	0.00120	0.00601	0.00481	0.00481	0.76444
142	0.13992	0.17795	0.02563	0.01775	0.02261	0.37685	0.01433	0.06564	0.02071	0.02408	0.01243	0.01449	0.01040	0.00826	0.00737	0.00216	0.04015	0.00512	0.00437	0.00977
143	0.01202	0.00846	0.01072	0.01006	0.01223	0.00768	0.00758	0.01557	0.02233	0.05173	0.55561	0.06208	0.15958	0.01695	0.00953	0.00258	0.00397	0.01482	0.00877	0.00774
144	0.01533	0.01262	0.01338	0.01215	0.01576	0.01303	0.00940	0.08572	0.22102	0.02996	0.12835	0.05491	0.32454	0.01596	0.00902	0.00269	0.00530	0.01332	0.00799	0.00955
145	0.00973	0.00827	0.00842	0.00850	0.01120	0.00695	0.00645	0.01186	0.01850	0.02202	0.08059	0.07864	0.63577	0.02063	0.00966	0.00278	0.00425	0.04139	0.00753	0.00688
146	0.01683	0.01442	0.01683	0.01202	0.01923	0.01082	0.00961	0.02043	0.01683	0.02644	0.01442	0.01683	0.01202	0.00601	0.00601	0.00120	0.00601	0.00481	0.00481	0.76444
147	0.02588	0.05663	0.05473	0.01870	0.02409	0.11871	0.01567	0.29230	0.17960	0.03689	0.02034	0.02082	0.01536	0.01003	0.00956	0.00254	0.07193	0.00724	0.00673	0.01224
148	0.01915	0.02189	0.04788	0.03420	0.04241	0.02052	0.63475	0.02599	0.01915	0.02599	0.01642	0.02189	0.01231	0.00684	0.00958	0.00274	0.01368	0.00958	0.00410	0.01094
149	0.01627	0.04197	0.67279	0.02313	0.03512	0.01884	0.02998	0.02570	0.01713	0.02570	0.01456	0.01713	0.01028	0.00771	0.00771	0.00257	0.01199	0.00600	0.00343	0.01199
150	0.02018	0.01743	0.01835	0.01651	0.02110	0.02018	0.01284	0.04312	0.64956	0.03394	0.03303	0.03027	0.02477	0.01101	0.00826	0.00275	0.00642	0.00917	0.00826	0.01284
151	0.02018	0.01743	0.01835	0.01651	0.02110	0.02018	0.01284	0.04312	0.64956	0.03394	0.03303	0.03027	0.02477	0.01101	0.00826	0.00275	0.00642	0.00917	0.00826	0.01284
152	0.01159	0.00869	0.01304	0.01304	0.01449	0.01014	0.01014	0.01449	0.01304	0.01884	0.02173	0.03188	0.02029	0.06086	0.68268	0.01304	0.02173	0.00869	0.00435	0.00724
153	0.01409	0.00705	0.01057	0.01057	0.01057	0.00705	0.00705	0.01057	0.01057	0.01409	0.01409	0.02467	0.01409	0.02819	0.03171	0.76392	0.00705	0.00705	0.00352	0.00352
154	0.01513	0.00756	0.00756	0.00756	0.00945	0.00756	0.00567	0.01891	0.01702	0.03025	0.02647	0.03025	0.02080	0.00945	0.00567	0.00189	0.00378	0.00756	0.75988	0.00756
155	0.01514	0.01281	0.01673	0.01496	0.01535	0.01609	0.01131	0.04125	0.01326	0.01908	0.01857	0.03477	0.01998	0.33135	0.08456	0.00619	0.30765	0.00934	0.00441	0.00718
156	0.01158	0.01055	0.00998	0.01011	0.01282	0.05520	0.00786	0.01388	0.01884	0.02212	0.07148	0.07556	0.52432	0.01996	0.00967	0.00284	0.00535	0.10347	0.00729	0.00712
157	0.01536	0.01511	0.02854	0.02260	0.02659	0.01603	0.26538	0.01967	0.01555	0.02191	0.01910	0.05229	0.01715	0.03177	0.30213	0.00730	0.10090	0.00941	0.00427	0.00893
158	0.01924	0.02423	0.13519	0.03645	0.24904	0.04650	0.28685	0.02547	0.01876	0.02580	0.01667	0.02310	0.01351	0.00780	0.00875	0.00262	0.01185	0.03253	0.00411	0.01154
159	0.00989	0.00706	0.00942	0.01130	0.01177	0.00659	0.00753	0.01130	0.01554	0.02071	0.04472	0.70954	0.05367	0.02542	0.01036	0.00330	0.00471	0.02307	0.00753	0.00659
160	0.01734	0.01472	0.01710	0.01226	0.01945	0.01134	0.00983	0.04283	0.01760	0.02734	0.01461	0.01692	0.01208	0.00614	0.00609	0.00125	0.00612	0.00490	0.00493	0.73717
161	0.02256	0.10266	0.27621	0.01834	0.02718	0.01707	0.05121	0.02835	0.01876	0.19912	0.01899	0.01971	0.01336	0.00790	0.00735	0.00222	0.00926	0.00637	0.00550	0.14788
162	0.02666	0.23180	0.02911	0.02009	0.04949	0.42912	0.01566	0.02899	0.02030	0.01989	0.01218	0.01458	0.01055	0.00826	0.00792	0.00209	0.05441	0.00517	0.00393	0.00980
163	0.01247	0.00902	0.01231	0.01393	0.01575	0.00885	0.01186	0.01589	0.01857	0.02412	0.07048	0.14228	0.09507	0.02230	0.01095	0.00358	0.00684	0.49084	0.00754	0.00736
164	0.01783	0.01475	0.01803	0.01303	0.02015	0.01150	0.03132	0.02215	0.03776	0.05332	0.01582	0.01788	0.01278	0.00637	0.00629	0.00136	0.00632	0.00525	0.00511	0.68297
165	0.01968	0.01997	0.05899	0.08237	0.60643	0.01920	0.02499	0.02472	0.01830	0.02617	0.01519	0.02004	0.01264	0.00730	0.00802	0.00243	0.00980	0.00718	0.00397	0.01262
166	0.02972	0.03709	0.02313	0.02084	0.02490	0.62685	0.01577	0.05342	0.02302	0.02096	0.01270	0.01496	0.01058	0.00869	0.00828	0.00217	0.04767	0.00539	0.00429	0.00954
167	0.01775	0.01775	0.02485	0.02130	0.02130	0.02485	0.01775	0.01953	0.01243	0.01953	0.01065	0.01775	0.01065	0.01420	0.02663	0.00355	0.69998	0.00710	0.00355	0.00888
