[name]
unknown

[dist]
# distance from previous block
# <min> <max>
0	29

[block]
# block no. 0 follows, 26 sequences, length 26
# corresponding to MSA columns:
# 29-54
name=unknown_A
#
# <colnr> <probs for GDERKNQSTAVLIFYWHMCP>
#	G	D	E	R	K	N	Q	S	T	A	V	L	I	F	Y	W	H	M	C	P
0	0.01785	0.01714	0.02613	0.36883	0.09933	0.06375	0.11938	0.09919	0.01886	0.02427	0.01610	0.02385	0.01308	0.00843	0.00794	0.00250	0.01025	0.04935	0.00427	0.00950
1	0.01799	0.01882	0.03423	0.13559	0.03638	0.05232	0.38676	0.06566	0.01857	0.02453	0.01709	0.02553	0.01413	0.00830	0.00899	0.00256	0.03013	0.06432	0.00431	0.03377
2	0.01832	0.04286	0.06991	0.07429	0.03602	0.01962	0.44415	0.08044	0.01871	0.02541	0.01566	0.02155	0.01229	0.00767	0.00963	0.00257	0.05886	0.02772	0.00416	0.01015
3	0.05663	0.26328	0.13917	0.08235	0.02958	0.02142	0.18520	0.02451	0.01668	0.09208	0.01459	0.01712	0.01109	0.00701	0.00683	0.00218	0.00973	0.00620	0.00412	0.01024
4	0.02329	0.01904	0.09164	0.01707	0.02273	0.03787	0.07180	0.19355	0.05482	0.17974	0.07469	0.02577	0.05204	0.00988	0.00892	0.00238	0.05593	0.00798	0.00670	0.04417
5	0.01763	0.04570	0.09194	0.06612	0.13433	0.01942	0.41403	0.02340	0.01700	0.02346	0.01441	0.01928	0.01119	0.00706	0.00950	0.00252	0.06107	0.00791	0.00369	0.01033
6	0.71810	0.07967	0.01372	0.01024	0.01510	0.01818	0.00864	0.02233	0.01313	0.03258	0.01056	0.01231	0.00835	0.00699	0.00471	0.00228	0.00607	0.00410	0.00456	0.00835
7	0.01074	0.00775	0.01014	0.00954	0.01133	0.00716	0.00716	0.01431	0.02147	0.03042	0.68211	0.05666	0.07157	0.01551	0.00895	0.00239	0.00358	0.01372	0.00835	0.00716
8	0.01045	0.00774	0.00974	0.00924	0.01116	0.00703	0.00693	0.01376	0.02079	0.02880	0.58381	0.05931	0.17088	0.01611	0.00895	0.00241	0.00362	0.01409	0.00814	0.00703
9	0.00924	0.00660	0.00880	0.01056	0.01100	0.00616	0.00704	0.01056	0.01452	0.01936	0.04181	0.72848	0.05017	0.02376	0.00968	0.00308	0.00440	0.02156	0.00704	0.00616
10	0.01887	0.01629	0.01715	0.01544	0.01972	0.01887	0.01201	0.04031	0.67241	0.03173	0.03087	0.02830	0.02315	0.01029	0.00772	0.00257	0.00600	0.00858	0.00772	0.01201
11	0.54422	0.01492	0.01373	0.01150	0.01659	0.01634	0.00948	0.08811	0.01711	0.18251	0.01564	0.01592	0.01104	0.00777	0.00563	0.00234	0.00624	0.00516	0.00603	0.00972
12	0.01084	0.00813	0.01219	0.01219	0.01354	0.00948	0.00948	0.01354	0.01219	0.01761	0.02032	0.02980	0.01896	0.05689	0.70337	0.01219	0.02032	0.00813	0.00406	0.00677
13	0.01546	0.01420	0.01884	0.01645	0.01777	0.01800	0.03272	0.02105	0.14438	0.02066	0.02053	0.02790	0.04977	0.12734	0.06793	0.00433	0.36134	0.00835	0.00465	0.00833
14	0.02615	0.01923	0.02094	0.01667	0.02199	0.02114	0.01368	0.56530	0.03274	0.04383	0.02158	0.07968	0.01796	0.01108	0.00795	0.00242	0.00794	0.05028	0.00750	0.01196
15	0.02843	0.03341	0.02173	0.01916	0.02346	0.57789	0.01461	0.14637	0.02410	0.02395	0.01292	0.01451	0.01035	0.00805	0.00698	0.00201	0.01270	0.00524	0.00459	0.00955
16	0.02971	0.01727	0.01999	0.01560	0.02137	0.01795	0.01280	0.33231	0.10842	0.30590	0.02450	0.02253	0.01654	0.00937	0.00762	0.00234	0.00729	0.00737	0.00833	0.01279
17	0.01646	0.10911	0.55264	0.06716	0.03219	0.01859	0.02529	0.02411	0.01613	0.05081	0.01396	0.01631	0.01004	0.00725	0.00701	0.00233	0.01062	0.00560	0.00348	0.01094
18	0.02066	0.06030	0.01593	0.01249	0.01632	0.01192	0.00981	0.06694	0.07172	0.24065	0.08412	0.24509	0.03172	0.01396	0.00806	0.00246	0.00572	0.01203	0.00757	0.06254
19	0.01097	0.01018	0.05737	0.04081	0.06785	0.00854	0.00999	0.01322	0.01504	0.02051	0.09185	0.44877	0.04186	0.11114	0.01291	0.00343	0.00575	0.01667	0.00618	0.00695
20	0.01784	0.01432	0.01944	0.01444	0.02061	0.01204	0.09068	0.07177	0.01794	0.07615	0.01788	0.08133	0.01547	0.00791	0.00671	0.00166	0.00669	0.00701	0.00526	0.49487
21	0.02015	0.01668	0.02797	0.02492	0.14451	0.01571	0.20966	0.02595	0.07009	0.13171	0.01807	0.02037	0.01357	0.00736	0.00829	0.00217	0.03923	0.00717	0.00515	0.19126
22	0.01984	0.01529	0.01672	0.01415	0.01823	0.04821	0.01120	0.10988	0.22719	0.10152	0.15876	0.03089	0.04588	0.01094	0.00887	0.00234	0.05414	0.00876	0.00718	0.09000
23	0.36662	0.01562	0.06158	0.03385	0.07740	0.01506	0.01145	0.07276	0.01628	0.03014	0.02017	0.06798	0.06681	0.00929	0.00622	0.00228	0.00645	0.00705	0.04373	0.06926
24	0.15990	0.01604	0.07501	0.03191	0.01843	0.06700	0.01111	0.02198	0.01675	0.12666	0.06119	0.13894	0.02200	0.01057	0.00692	0.00218	0.00667	0.00860	0.03046	0.16769
25	0.06759	0.01118	0.01283	0.03370	0.03652	0.01122	0.00906	0.08307	0.05138	0.02947	0.12017	0.04844	0.02584	0.01124	0.02444	0.00229	0.00558	0.02954	0.25854	0.12790

[dist]
# distance from previous block
# <min> <max>
5	162

[block]
# block no. 1 follows, 26 sequences, length 12
# corresponding to MSA columns:
# 217-228
name=unknown_B
#
# <colnr> <probs for GDERKNQSTAVLIFYWHMCP>
#	G	D	E	R	K	N	Q	S	T	A	V	L	I	F	Y	W	H	M	C	P
0	0.01912	0.08382	0.01812	0.01329	0.01774	0.01479	0.01066	0.10475	0.11413	0.10945	0.02431	0.16597	0.02220	0.01296	0.03051	0.00252	0.03136	0.00944	0.00632	0.18855
1	0.02654	0.02007	0.02303	0.04909	0.08873	0.02208	0.01529	0.54834	0.03225	0.04334	0.01849	0.04428	0.01406	0.00935	0.00766	0.00231	0.00834	0.00736	0.00702	0.01238
2	0.03627	0.01266	0.01940	0.49146	0.03996	0.01507	0.01705	0.01843	0.01520	0.02083	0.02018	0.02523	0.07627	0.00899	0.00832	0.00243	0.04849	0.00744	0.06009	0.05623
3	0.01625	0.01520	0.02558	0.32646	0.35253	0.01662	0.02127	0.02089	0.01640	0.02229	0.01645	0.02588	0.01429	0.00849	0.00783	0.00249	0.00928	0.06788	0.00391	0.01001
4	0.01863	0.01580	0.01697	0.01508	0.01949	0.01770	0.01187	0.06431	0.54803	0.03128	0.02942	0.03036	0.02297	0.01051	0.00771	0.00249	0.00613	0.04723	0.00739	0.07660
5	0.65550	0.01385	0.01134	0.01002	0.01455	0.01565	0.00821	0.02313	0.01392	0.08907	0.01344	0.01486	0.01009	0.00740	0.00500	0.00230	0.00571	0.00466	0.07280	0.00851
6	0.01782	0.01878	0.02676	0.02180	0.02375	0.08311	0.14362	0.02052	0.01391	0.01985	0.01173	0.01753	0.01060	0.01125	0.01938	0.00299	0.48909	0.00696	0.03187	0.00868
7	0.01190	0.04944	0.01408	0.06302	0.01630	0.01097	0.01017	0.01483	0.01290	0.01865	0.01964	0.02798	0.01784	0.04640	0.55444	0.01001	0.01747	0.00771	0.06915	0.00708
8	0.02151	0.02038	0.01739	0.01546	0.01945	0.19773	0.01191	0.13045	0.24340	0.05132	0.02998	0.08936	0.09576	0.01162	0.00778	0.00240	0.00803	0.00928	0.00661	0.01017
9	0.01105	0.00861	0.01267	0.01153	0.01343	0.00802	0.06406	0.01405	0.01868	0.02593	0.41836	0.18261	0.07595	0.08626	0.01197	0.00302	0.00492	0.01462	0.00730	0.00696
10	0.01841	0.02046	0.06425	0.07926	0.03754	0.01961	0.48777	0.07943	0.01876	0.02558	0.01503	0.01981	0.01135	0.00722	0.00976	0.00258	0.06055	0.00832	0.00407	0.01024
11	0.01922	0.01838	0.03079	0.20463	0.03661	0.04196	0.26838	0.12063	0.01957	0.04427	0.01508	0.01940	0.01137	0.00769	0.00919	0.00244	0.06043	0.00743	0.00445	0.05806

[dist]
# distance from previous block
# <min> <max>
3	90

[block]
# block no. 2 follows, 26 sequences, length 11
# corresponding to MSA columns:
# 324-334
name=unknown_C
#
# <colnr> <probs for GDERKNQSTAVLIFYWHMCP>
#	G	D	E	R	K	N	Q	S	T	A	V	L	I	F	Y	W	H	M	C	P
0	0.07320	0.01419	0.02108	0.46520	0.07368	0.01647	0.01789	0.07966	0.01762	0.04906	0.05054	0.02133	0.01403	0.00804	0.00734	0.00239	0.00886	0.00685	0.00443	0.04814
1	0.18446	0.01703	0.08666	0.07161	0.05551	0.01518	0.04196	0.02253	0.04161	0.07276	0.01536	0.03812	0.01242	0.00801	0.00805	0.00215	0.07104	0.00609	0.00470	0.22478
2	0.01796	0.01588	0.02625	0.24545	0.33310	0.01664	0.05146	0.04672	0.01739	0.05749	0.01608	0.04790	0.01326	0.00783	0.00759	0.00232	0.00900	0.00737	0.00425	0.05605
3	0.01941	0.01377	0.01666	0.05035	0.02019	0.01191	0.01046	0.07823	0.04368	0.13130	0.01883	0.06039	0.01527	0.00787	0.00653	0.00166	0.00617	0.00648	0.00575	0.47508
4	0.02074	0.01484	0.01878	0.05178	0.08960	0.01345	0.01222	0.08851	0.06812	0.14464	0.01823	0.01924	0.01365	0.00720	0.00662	0.00175	0.00664	0.00593	0.00577	0.39229
5	0.01265	0.00738	0.00891	0.00905	0.01058	0.00780	0.00683	0.01573	0.01456	0.02402	0.02462	0.08435	0.02172	0.02603	0.23818	0.00534	0.00919	0.00857	0.45758	0.00690
6	0.01961	0.07734	0.03614	0.02549	0.03176	0.06522	0.39991	0.11327	0.01997	0.02613	0.01699	0.07384	0.01439	0.00847	0.00892	0.00247	0.03655	0.00889	0.00455	0.01009
7	0.01452	0.01375	0.02279	0.65454	0.04942	0.01741	0.02068	0.01928	0.01486	0.01928	0.01317	0.01991	0.01010	0.00808	0.00909	0.00260	0.07201	0.00673	0.00337	0.00841
8	0.01883	0.01209	0.01307	0.01124	0.01445	0.01303	0.00893	0.23925	0.02230	0.03380	0.02198	0.02498	0.01713	0.01443	0.08601	0.00314	0.00712	0.00711	0.42208	0.00905
9	0.11529	0.02332	0.01808	0.01569	0.01977	0.29280	0.01206	0.14245	0.04691	0.09681	0.01714	0.02081	0.01397	0.08905	0.04101	0.00316	0.01033	0.00639	0.00548	0.00949
10	0.02883	0.02125	0.02276	0.01745	0.02352	0.02352	0.01442	0.66082	0.03566	0.04780	0.01821	0.01821	0.01290	0.00911	0.00759	0.00228	0.00835	0.00683	0.00759	0.01290

[dist]
# distance from previous block
# <min> <max>
4	12

[block]
# block no. 3 follows, 26 sequences, length 16
# corresponding to MSA columns:
# 347-362
name=unknown_D
#
# <colnr> <probs for GDERKNQSTAVLIFYWHMCP>
#	G	D	E	R	K	N	Q	S	T	A	V	L	I	F	Y	W	H	M	C	P
0	0.02275	0.11490	0.23319	0.01733	0.02481	0.01741	0.06014	0.10600	0.01982	0.21083	0.01898	0.02061	0.01373	0.04695	0.00882	0.00250	0.00883	0.00660	0.00564	0.04016
1	0.01166	0.00833	0.01157	0.01332	0.01482	0.00824	0.01124	0.01474	0.01690	0.02207	0.04047	0.20776	0.04489	0.02149	0.01033	0.00341	0.00649	0.51845	0.00700	0.00683
2	0.05926	0.59900	0.03463	0.01281	0.01865	0.05906	0.01227	0.02226	0.01614	0.01989	0.07361	0.01642	0.01546	0.00743	0.00533	0.00175	0.00783	0.00500	0.00383	0.00937
3	0.01879	0.60719	0.07120	0.01301	0.01915	0.02643	0.01305	0.02171	0.01622	0.01978	0.09640	0.01805	0.01762	0.00768	0.00551	0.00176	0.00770	0.00537	0.00389	0.00948
4	0.01086	0.00803	0.01169	0.01169	0.01287	0.00921	0.00886	0.01322	0.01204	0.01724	0.02077	0.03233	0.02006	0.14321	0.61855	0.01157	0.01866	0.00850	0.00413	0.00649
5	0.01297	0.00666	0.00973	0.00973	0.00973	0.00666	0.00640	0.00999	0.00999	0.01332	0.01418	0.02555	0.01453	0.09269	0.03049	0.70689	0.00666	0.00700	0.00342	0.00342
6	0.01833	0.01726	0.02764	0.11022	0.50737	0.01805	0.02113	0.02577	0.12851	0.02541	0.01701	0.02054	0.01371	0.00744	0.00755	0.00234	0.00861	0.00707	0.00439	0.01164
7	0.01521	0.03923	0.69413	0.02162	0.03283	0.01762	0.02802	0.02402	0.01601	0.02402	0.01361	0.01601	0.00961	0.00721	0.00721	0.00240	0.01121	0.00560	0.00320	0.01121
8	0.01052	0.00769	0.00990	0.00963	0.01138	0.00707	0.00722	0.01378	0.02043	0.02843	0.55704	0.11147	0.12061	0.01667	0.00906	0.00250	0.00379	0.03771	0.00809	0.00701
9	0.01668	0.03718	0.64141	0.02099	0.03178	0.01711	0.02671	0.02503	0.01646	0.07602	0.01488	0.01678	0.01032	0.00738	0.00724	0.00240	0.01084	0.00576	0.00368	0.01134
10	0.02330	0.02667	0.01838	0.01642	0.02014	0.42368	0.01254	0.10562	0.02194	0.02275	0.02825	0.02872	0.17315	0.01093	0.00809	0.00219	0.03553	0.00789	0.00512	0.00872
11	0.00924	0.00777	0.00806	0.00821	0.01070	0.00660	0.00630	0.01129	0.01730	0.02067	0.07379	0.07404	0.62987	0.01935	0.00909	0.00264	0.00410	0.06749	0.00704	0.00645
12	0.11780	0.07737	0.02689	0.02154	0.08047	0.01978	0.16951	0.06086	0.20428	0.05946	0.01908	0.02066	0.01460	0.00845	0.00872	0.00247	0.06467	0.00728	0.00541	0.01070
13	0.01836	0.01920	0.10925	0.16956	0.08517	0.01853	0.06871	0.16978	0.01990	0.02752	0.01711	0.08191	0.01476	0.01005	0.01033	0.00258	0.11445	0.00811	0.02471	0.01001
14	0.02735	0.01912	0.02090	0.01651	0.02217	0.02094	0.01348	0.44774	0.17086	0.12646	0.02243	0.02135	0.01586	0.00940	0.00762	0.00235	0.00760	0.00731	0.00785	0.01271
15	0.50002	0.12334	0.04951	0.07017	0.01999	0.01911	0.01137	0.04961	0.03148	0.04920	0.01233	0.01416	0.00954	0.00725	0.00536	0.00226	0.00693	0.00472	0.00463	0.00902

[dist]
# distance from previous block
# <min> <max>
0	11

[block]
# block no. 4 follows, 26 sequences, length 13
# corresponding to MSA columns:
# 374-386
name=unknown_E
#
# <colnr> <probs for GDERKNQSTAVLIFYWHMCP>
#	G	D	E	R	K	N	Q	S	T	A	V	L	I	F	Y	W	H	M	C	P
0	0.46094	0.01475	0.01586	0.01300	0.01820	0.01573	0.05678	0.02796	0.07123	0.21231	0.01790	0.01794	0.01259	0.00791	0.00606	0.00238	0.00654	0.00580	0.00617	0.00996
1	0.11352	0.03611	0.60714	0.02014	0.03052	0.01754	0.02550	0.02380	0.01562	0.02530	0.01322	0.01554	0.00943	0.00719	0.00689	0.00240	0.01053	0.00541	0.00339	0.01083
2	0.01834	0.01604	0.02187	0.01705	0.02212	0.06622	0.15347	0.05992	0.09982	0.07589	0.18771	0.02945	0.02865	0.00952	0.00781	0.00216	0.00756	0.00872	0.00621	0.16147
3	0.01715	0.02068	0.08989	0.02828	0.03552	0.01811	0.50769	0.02309	0.01717	0.02383	0.01581	0.04608	0.01272	0.00738	0.00937	0.00250	0.04582	0.00873	0.00393	0.06625
4	0.01565	0.09933	0.63785	0.02088	0.03168	0.01868	0.02673	0.02391	0.01596	0.02349	0.01335	0.01568	0.00962	0.00714	0.00701	0.00234	0.01094	0.00547	0.00321	0.01108
5	0.01569	0.10464	0.63288	0.02081	0.03158	0.01878	0.02662	0.02390	0.01596	0.02344	0.01332	0.01565	0.00962	0.00714	0.00699	0.00233	0.01092	0.00546	0.00321	0.01107
6	0.01298	0.02442	0.37445	0.01607	0.02275	0.01264	0.01826	0.01914	0.01791	0.02598	0.26613	0.09774	0.03656	0.01186	0.00809	0.00246	0.00772	0.01013	0.00549	0.00922
7	0.01696	0.01850	0.03766	0.02752	0.03388	0.01783	0.49615	0.02229	0.01689	0.02341	0.01662	0.07135	0.01416	0.00823	0.01019	0.00254	0.07690	0.00928	0.00408	0.07556
8	0.01448	0.01380	0.02553	0.02016	0.02442	0.01301	0.28909	0.05379	0.01773	0.02414	0.07449	0.30189	0.03120	0.01402	0.00901	0.00267	0.00824	0.01395	0.00567	0.04268
9	0.01877	0.01802	0.03079	0.04656	0.68612	0.01802	0.02328	0.02328	0.01727	0.02478	0.01427	0.01877	0.01201	0.00676	0.00751	0.00225	0.00901	0.00676	0.00375	0.01201
10	0.01282	0.00958	0.01160	0.01065	0.01300	0.00961	0.00822	0.01762	0.08708	0.06321	0.36175	0.05343	0.22628	0.01547	0.00997	0.00252	0.05879	0.01294	0.00760	0.00786
11	0.02100	0.01381	0.01657	0.01226	0.01865	0.01135	0.00990	0.05369	0.04601	0.19148	0.01852	0.01888	0.01369	0.00691	0.00630	0.00154	0.00597	0.00555	0.00599	0.52194
12	0.01797	0.41910	0.33839	0.01692	0.02557	0.02436	0.01985	0.02331	0.01569	0.02066	0.01194	0.01392	0.00968	0.00682	0.00593	0.00198	0.00953	0.00476	0.00323	0.01041

[dist]
# distance from previous block
# <min> <max>
0	9

[block]
# block no. 5 follows, 26 sequences, length 24
# corresponding to MSA columns:
# 396-419
name=unknown_F
#
# <colnr> <probs for GDERKNQSTAVLIFYWHMCP>
#	G	D	E	R	K	N	Q	S	T	A	V	L	I	F	Y	W	H	M	C	P
0	0.01583	0.12366	0.61506	0.02058	0.03121	0.01911	0.02621	0.02386	0.01594	0.02327	0.01324	0.01555	0.00962	0.00712	0.00692	0.00231	0.01084	0.00542	0.00321	0.01103
1	0.78701	0.01467	0.01115	0.00997	0.01467	0.01702	0.00821	0.02230	0.01291	0.03403	0.01056	0.01232	0.00821	0.00704	0.00469	0.00235	0.00587	0.00411	0.00469	0.00821
2	0.01521	0.03923	0.69413	0.02162	0.03283	0.01762	0.02802	0.02402	0.01601	0.02402	0.01361	0.01601	0.00961	0.00721	0.00721	0.00240	0.01121	0.00560	0.00320	0.01121
3	0.01648	0.01788	0.03643	0.07031	0.03456	0.01796	0.46217	0.02160	0.01656	0.02266	0.01777	0.10552	0.01590	0.00940	0.01089	0.00271	0.09761	0.01006	0.00413	0.00939
4	0.01676	0.03707	0.63857	0.02095	0.03172	0.01708	0.02664	0.02508	0.01648	0.07883	0.01495	0.01682	0.01036	0.00739	0.00724	0.00240	0.01082	0.00577	0.00371	0.01135
5	0.01537	0.03828	0.66441	0.02274	0.06210	0.01763	0.02781	0.02399	0.01607	0.02406	0.01364	0.01614	0.00972	0.00719	0.00722	0.00240	0.01111	0.00566	0.00323	0.01125
6	0.03176	0.01609	0.09935	0.01448	0.02099	0.01193	0.01319	0.03540	0.02102	0.61073	0.02795	0.02463	0.01767	0.00912	0.00758	0.00235	0.00703	0.00738	0.00864	0.01270
7	0.01318	0.00659	0.00988	0.00988	0.00988	0.00659	0.00659	0.00988	0.00988	0.01318	0.01318	0.02306	0.01318	0.02635	0.02964	0.77931	0.00659	0.00659	0.00329	0.00329
8	0.00924	0.00660	0.00880	0.01056	0.01100	0.00616	0.00704	0.01056	0.01452	0.01936	0.04181	0.72848	0.05017	0.02376	0.00968	0.00308	0.00440	0.02156	0.00704	0.00616
9	0.02146	0.01490	0.01979	0.02205	0.17811	0.01549	0.01432	0.03223	0.27996	0.18282	0.05422	0.03166	0.02327	0.01039	0.00794	0.00252	0.00681	0.06338	0.00712	0.01158
10	0.01521	0.03923	0.69413	0.02162	0.03283	0.01762	0.02802	0.02402	0.01601	0.02402	0.01361	0.01601	0.00961	0.00721	0.00721	0.00240	0.01121	0.00560	0.00320	0.01121
11	0.03259	0.01259	0.01714	0.01325	0.01886	0.01090	0.01090	0.03556	0.02169	0.65036	0.07039	0.02773	0.02205	0.00977	0.00771	0.00235	0.00628	0.00801	0.00932	0.01255
12	0.78701	0.01467	0.01115	0.00997	0.01467	0.01702	0.00821	0.02230	0.01291	0.03403	0.01056	0.01232	0.00821	0.00704	0.00469	0.00235	0.00587	0.00411	0.00469	0.00821
13	0.00924	0.00660	0.00880	0.01056	0.01100	0.00616	0.00704	0.01056	0.01452	0.01936	0.04181	0.72848	0.05017	0.02376	0.00968	0.00308	0.00440	0.02156	0.00704	0.00616
14	0.02886	0.01727	0.09858	0.01546	0.02178	0.01399	0.03287	0.10979	0.06393	0.44800	0.05080	0.02490	0.01903	0.00929	0.00767	0.00237	0.00730	0.00762	0.00813	0.01235
15	0.08140	0.01789	0.02141	0.26629	0.03296	0.10068	0.06756	0.02886	0.25233	0.02532	0.01943	0.02171	0.01472	0.00844	0.00742	0.00246	0.00893	0.00714	0.00515	0.00989
16	0.00924	0.00660	0.00880	0.01056	0.01100	0.00616	0.00704	0.01056	0.01452	0.01936	0.04181	0.72848	0.05017	0.02376	0.00968	0.00308	0.00440	0.02156	0.00704	0.00616
17	0.01061	0.00751	0.00864	0.00859	0.00932	0.00734	0.00542	0.01148	0.01313	0.01730	0.08751	0.05286	0.15036	0.48811	0.08534	0.00647	0.00747	0.01192	0.00531	0.00532
18	0.14058	0.59013	0.03549	0.01341	0.01968	0.02745	0.04306	0.02272	0.01514	0.02070	0.01078	0.01259	0.00958	0.00657	0.00503	0.00178	0.00798	0.00430	0.00350	0.00952
19	0.09025	0.34602	0.18485	0.01741	0.04717	0.04846	0.03699	0.07552	0.01718	0.02371	0.01218	0.01431	0.00997	0.00728	0.00680	0.00206	0.04081	0.00504	0.00379	0.01019
20	0.02725	0.02031	0.02191	0.01670	0.02285	0.02190	0.01376	0.58329	0.03325	0.04501	0.01764	0.01791	0.01270	0.00868	0.00735	0.00214	0.00802	0.00655	0.00721	0.10556
21	0.01832	0.04414	0.01363	0.01172	0.01452	0.00961	0.00890	0.04102	0.01782	0.23242	0.06075	0.36990	0.06509	0.01860	0.03352	0.00303	0.00587	0.01483	0.00756	0.00875
22	0.02685	0.01813	0.09481	0.01522	0.02165	0.01531	0.01360	0.16784	0.09910	0.32189	0.02373	0.02217	0.01609	0.00874	0.00734	0.00222	0.00725	0.00697	0.00753	0.10356
23	0.08769	0.35999	0.02762	0.01307	0.01875	0.02100	0.01186	0.02732	0.01755	0.26253	0.04285	0.01896	0.01521	0.00820	0.00682	0.00204	0.03634	0.00582	0.00577	0.01060

[dist]
# distance from previous block
# <min> <max>
0	5

[block]
# block no. 6 follows, 26 sequences, length 23
# corresponding to MSA columns:
# 425-447
name=unknown_G
#
# <colnr> <probs for GDERKNQSTAVLIFYWHMCP>
#	G	D	E	R	K	N	Q	S	T	A	V	L	I	F	Y	W	H	M	C	P
0	0.10788	0.11022	0.32809	0.01638	0.02485	0.01743	0.01836	0.05845	0.01662	0.02600	0.01312	0.01518	0.01005	0.00681	0.00626	0.00198	0.00864	0.00504	0.00396	0.20469
1	0.01580	0.11814	0.55553	0.02080	0.03092	0.01878	0.06294	0.02354	0.01625	0.02355	0.03692	0.01726	0.01192	0.00737	0.00710	0.00232	0.01067	0.00591	0.00343	0.01084
2	0.01998	0.69655	0.07856	0.01349	0.02026	0.02928	0.01387	0.02279	0.01545	0.01821	0.01073	0.01240	0.00973	0.00653	0.00501	0.00167	0.00830	0.00415	0.00324	0.00982
3	0.09560	0.01961	0.02005	0.01615	0.02147	0.04969	0.01327	0.47479	0.06104	0.04169	0.02159	0.02499	0.03911	0.01017	0.00756	0.00238	0.00797	0.05417	0.00711	0.01158
4	0.04861	0.01160	0.01594	0.01635	0.09410	0.01071	0.01173	0.02528	0.01918	0.31536	0.06326	0.06878	0.10631	0.01343	0.00841	0.00264	0.00634	0.14421	0.00765	0.01011
5	0.10934	0.01065	0.01296	0.01108	0.01456	0.01021	0.00875	0.05217	0.02120	0.21776	0.38822	0.04095	0.04649	0.01249	0.00801	0.00237	0.00488	0.01055	0.00818	0.00917
6	0.01033	0.00711	0.00872	0.00958	0.00987	0.00692	0.00608	0.01109	0.01290	0.01716	0.03252	0.34354	0.03820	0.38800	0.02458	0.00530	0.00606	0.05086	0.00578	0.00540
7	0.00924	0.00660	0.00880	0.01056	0.01100	0.00616	0.00704	0.01056	0.01452	0.01936	0.04181	0.72848	0.05017	0.02376	0.00968	0.00308	0.00440	0.02156	0.00704	0.00616
8	0.02749	0.02020	0.02167	0.01676	0.02238	0.02231	0.01368	0.61194	0.03381	0.04531	0.01864	0.02058	0.01400	0.06360	0.00992	0.00266	0.00827	0.00715	0.00736	0.01227
9	0.01887	0.01629	0.01715	0.01544	0.01972	0.01887	0.01201	0.04031	0.67241	0.03173	0.03087	0.02830	0.02315	0.01029	0.00772	0.00257	0.00600	0.00858	0.00772	0.01201
10	0.00924	0.00660	0.00880	0.01056	0.01100	0.00616	0.00704	0.01056	0.01452	0.01936	0.04181	0.72848	0.05017	0.02376	0.00968	0.00308	0.00440	0.02156	0.00704	0.00616
11	0.01887	0.01629	0.01715	0.01544	0.01972	0.01887	0.01201	0.04031	0.67241	0.03173	0.03087	0.02830	0.02315	0.01029	0.00772	0.00257	0.00600	0.00858	0.00772	0.01201
12	0.01432	0.01348	0.02275	0.71520	0.05224	0.01685	0.02107	0.01938	0.01517	0.01938	0.01348	0.02022	0.01011	0.00758	0.00758	0.00253	0.01011	0.00674	0.00337	0.00843
13	0.02041	0.01658	0.01767	0.01553	0.02004	0.01894	0.01218	0.09504	0.58761	0.06203	0.02971	0.02730	0.02206	0.01015	0.00770	0.00254	0.00623	0.00838	0.00778	0.01212
14	0.01790	0.02046	0.04476	0.03197	0.03964	0.01918	0.65857	0.02430	0.01790	0.02430	0.01535	0.02046	0.01151	0.00639	0.00895	0.00256	0.01279	0.00895	0.00384	0.01023
15	0.03297	0.01267	0.01726	0.01331	0.01900	0.01097	0.01097	0.03593	0.02170	0.66114	0.05976	0.02723	0.02119	0.00967	0.00769	0.00235	0.00632	0.00791	0.00934	0.01265
16	0.03403	0.01291	0.01760	0.01350	0.01936	0.01115	0.01115	0.03697	0.02171	0.69137	0.02992	0.02582	0.01878	0.00939	0.00763	0.00235	0.00645	0.00763	0.00939	0.01291
17	0.03403	0.01291	0.01760	0.01350	0.01936	0.01115	0.01115	0.03697	0.02171	0.69137	0.02992	0.02582	0.01878	0.00939	0.00763	0.00235	0.00645	0.00763	0.00939	0.01291
18	0.01063	0.00775	0.01000	0.00944	0.01127	0.00711	0.00708	0.01412	0.02123	0.02985	0.64764	0.05759	0.10640	0.01572	0.00895	0.00240	0.00359	0.01385	0.00828	0.00711
19	0.01571	0.03497	0.55343	0.02312	0.03312	0.01819	0.12518	0.02372	0.01605	0.02372	0.01366	0.01674	0.00992	0.00744	0.00853	0.00248	0.05363	0.00619	0.00331	0.01088
20	0.01541	0.01452	0.02451	0.49125	0.23509	0.01675	0.02113	0.02015	0.01575	0.02095	0.01489	0.04922	0.01233	0.00802	0.00765	0.00247	0.00955	0.00736	0.00363	0.00938
21	0.01432	0.01348	0.02275	0.71520	0.05224	0.01685	0.02107	0.01938	0.01517	0.01938	0.01348	0.02022	0.01011	0.00758	0.00758	0.00253	0.01011	0.00674	0.00337	0.00843
22	0.01056	0.00757	0.00982	0.00958	0.01106	0.00704	0.00695	0.01356	0.01975	0.02774	0.54597	0.14702	0.06536	0.07063	0.01128	0.00285	0.00397	0.01458	0.00789	0.00683

[dist]
# distance from previous block
# <min> <max>
4	8

[block]
# block no. 7 follows, 26 sequences, length 23
# corresponding to MSA columns:
# 456-478
name=unknown_H
#
# <colnr> <probs for GDERKNQSTAVLIFYWHMCP>
#	G	D	E	R	K	N	Q	S	T	A	V	L	I	F	Y	W	H	M	C	P
0	0.01676	0.01597	0.02715	0.34894	0.39946	0.01749	0.02228	0.02152	0.01632	0.02234	0.01391	0.01943	0.01115	0.00713	0.00754	0.00238	0.00951	0.00675	0.00358	0.01039
1	0.01509	0.01426	0.02413	0.60026	0.16120	0.01705	0.02145	0.02005	0.01553	0.02031	0.01362	0.01997	0.01044	0.00744	0.00757	0.00248	0.00992	0.00674	0.00344	0.00904
2	0.02199	0.02561	0.02135	0.30179	0.03449	0.39224	0.01683	0.02528	0.01867	0.01934	0.01303	0.01701	0.01035	0.00777	0.00707	0.00218	0.01176	0.00574	0.03895	0.00857
3	0.02310	0.02622	0.02659	0.03434	0.38643	0.32778	0.01938	0.02645	0.01918	0.02197	0.01312	0.01647	0.01100	0.00724	0.00721	0.00212	0.01112	0.00591	0.00382	0.01056
4	0.01629	0.01581	0.02714	0.33571	0.03944	0.01682	0.18331	0.04945	0.01671	0.02289	0.01399	0.01914	0.01080	0.00728	0.00850	0.00230	0.04815	0.00689	0.00389	0.15549
5	0.01537	0.01567	0.02948	0.02293	0.02682	0.01706	0.30467	0.01950	0.01464	0.02078	0.01567	0.02251	0.01350	0.02394	0.23197	0.00578	0.17909	0.00815	0.00379	0.00869
6	0.02006	0.01798	0.02730	0.02161	0.02463	0.02170	0.15001	0.13228	0.01772	0.06582	0.01374	0.01825	0.01133	0.01088	0.01750	0.00292	0.40473	0.00721	0.00454	0.00978
7	0.01038	0.00749	0.00958	0.00952	0.01093	0.00694	0.00683	0.01311	0.01897	0.02634	0.46723	0.18560	0.09648	0.08225	0.01177	0.00298	0.00409	0.01510	0.00769	0.00669
8	0.01573	0.01348	0.01573	0.01123	0.01798	0.01011	0.00899	0.01910	0.01573	0.02472	0.01348	0.01573	0.01123	0.00562	0.00562	0.00112	0.00562	0.00449	0.00449	0.77980
9	0.02086	0.68735	0.03843	0.01345	0.01976	0.07858	0.01310	0.02326	0.01585	0.01790	0.01063	0.01228	0.00974	0.00659	0.00501	0.00165	0.00851	0.00412	0.00329	0.00967
10	0.01074	0.00775	0.01014	0.00954	0.01133	0.00716	0.00716	0.01431	0.02147	0.03042	0.68211	0.05666	0.07157	0.01551	0.00895	0.00239	0.00358	0.01372	0.00835	0.00716
11	0.01432	0.01348	0.02275	0.71520	0.05224	0.01685	0.02107	0.01938	0.01517	0.01938	0.01348	0.02022	0.01011	0.00758	0.00758	0.00253	0.01011	0.00674	0.00337	0.00843
12	0.01951	0.63196	0.13905	0.01429	0.02150	0.02813	0.01526	0.02291	0.01550	0.01878	0.01101	0.01275	0.00971	0.00660	0.00522	0.00174	0.00858	0.00429	0.00324	0.00996
13	0.00911	0.00769	0.00789	0.00784	0.01034	0.00647	0.00588	0.01117	0.01764	0.02131	0.12705	0.07164	0.63231	0.01890	0.00896	0.00255	0.00382	0.01582	0.00715	0.00647
14	0.01103	0.00735	0.00827	0.00827	0.00827	0.00735	0.00460	0.01103	0.01103	0.01471	0.02390	0.04964	0.02758	0.73343	0.03861	0.00735	0.00735	0.01103	0.00460	0.00460
15	0.08067	0.01586	0.02583	0.32045	0.36789	0.01745	0.02111	0.02158	0.01604	0.02331	0.01363	0.01884	0.01091	0.00712	0.00731	0.00237	0.00921	0.00653	0.00367	0.01021
16	0.01427	0.01194	0.01418	0.01108	0.01641	0.00923	0.00855	0.01718	0.01546	0.02352	0.01983	0.17553	0.01996	0.00969	0.00653	0.00156	0.00534	0.00832	0.00506	0.60635
17	0.01889	0.01552	0.01863	0.01375	0.02015	0.01377	0.04111	0.18003	0.02079	0.03030	0.01575	0.04147	0.01303	0.00716	0.00641	0.00155	0.00660	0.00589	0.00533	0.52387
18	0.15164	0.13443	0.21485	0.04188	0.02373	0.01807	0.01609	0.05391	0.05700	0.10201	0.01570	0.01687	0.01163	0.00740	0.00632	0.00211	0.00807	0.00548	0.00481	0.10800
19	0.08946	0.01640	0.02316	0.02708	0.27378	0.01682	0.03763	0.08604	0.12602	0.16732	0.02128	0.02377	0.01617	0.00864	0.00749	0.00239	0.00771	0.03101	0.00612	0.01170
20	0.05268	0.17326	0.05023	0.02076	0.05651	0.05385	0.17757	0.12151	0.01955	0.06668	0.01724	0.08128	0.01492	0.00912	0.00839	0.00234	0.05115	0.00789	0.00490	0.01018
21	0.08635	0.15729	0.26759	0.01891	0.05532	0.07578	0.04735	0.02576	0.04650	0.09349	0.01554	0.01733	0.01172	0.00966	0.03807	0.00266	0.01003	0.00580	0.00435	0.01049
22	0.01932	0.09323	0.24318	0.01933	0.04757	0.01931	0.05120	0.11584	0.12660	0.05805	0.01843	0.02141	0.01429	0.00878	0.00838	0.00238	0.05236	0.03040	0.00510	0.04484

[dist]
# distance from previous block
# <min> <max>
3	18

[block]
# block no. 8 follows, 26 sequences, length 7
# corresponding to MSA columns:
# 497-503
name=unknown_I
#
# <colnr> <probs for GDERKNQSTAVLIFYWHMCP>
#	G	D	E	R	K	N	Q	S	T	A	V	L	I	F	Y	W	H	M	C	P
0	0.14912	0.08457	0.46778	0.01791	0.02683	0.01754	0.02167	0.02279	0.01590	0.02585	0.07038	0.01858	0.01471	0.00784	0.00675	0.00233	0.00939	0.00593	0.00391	0.01023
1	0.02596	0.03259	0.10493	0.01947	0.02437	0.45383	0.01641	0.13601	0.02252	0.02419	0.01294	0.01495	0.01030	0.00835	0.00831	0.00216	0.06312	0.00543	0.00441	0.00976
2	0.31819	0.01654	0.01707	0.12771	0.06114	0.05630	0.01271	0.10280	0.09364	0.03103	0.04200	0.01860	0.01387	0.00805	0.00637	0.00230	0.00739	0.00599	0.00523	0.05306
3	0.01784	0.06715	0.12974	0.03384	0.33208	0.01819	0.16757	0.02316	0.01696	0.02411	0.01410	0.01803	0.01132	0.00661	0.00743	0.00219	0.00980	0.00669	0.00374	0.08947
4	0.06911	0.01866	0.02808	0.10392	0.32564	0.04406	0.10367	0.11530	0.06665	0.02830	0.01575	0.01915	0.01235	0.00744	0.00753	0.00234	0.00928	0.00695	0.00462	0.01117
5	0.06108	0.37274	0.30446	0.01671	0.02489	0.06237	0.01896	0.02365	0.01586	0.02130	0.01187	0.01383	0.00960	0.00689	0.00592	0.00200	0.00957	0.00474	0.00335	0.01020
6	0.02121	0.01332	0.04359	0.01540	0.07442	0.01192	0.01151	0.07461	0.07036	0.25078	0.21693	0.03803	0.10134	0.01187	0.00812	0.00239	0.00590	0.01007	0.00785	0.01039

[dist]
# distance from previous block
# <min> <max>
0	20

[block]
# block no. 9 follows, 26 sequences, length 17
# corresponding to MSA columns:
# 524-540
name=unknown_J
#
# <colnr> <probs for GDERKNQSTAVLIFYWHMCP>
#	G	D	E	R	K	N	Q	S	T	A	V	L	I	F	Y	W	H	M	C	P
0	0.08930	0.01361	0.01651	0.01337	0.01848	0.01315	0.01079	0.08461	0.10748	0.39975	0.04673	0.07511	0.02146	0.01033	0.00749	0.00237	0.00623	0.00843	0.00822	0.04657
1	0.01614	0.10119	0.43931	0.08165	0.03034	0.06663	0.02286	0.02286	0.01661	0.02276	0.04216	0.02311	0.01492	0.00866	0.00732	0.00239	0.01034	0.05682	0.00379	0.01014
2	0.02047	0.01580	0.01735	0.01427	0.01939	0.01649	0.01135	0.15825	0.31098	0.07581	0.04664	0.02640	0.05083	0.00958	0.00733	0.00218	0.00625	0.00780	0.00710	0.17574
3	0.01617	0.17168	0.57010	0.01998	0.03030	0.01997	0.02517	0.02377	0.01590	0.02285	0.01303	0.01528	0.00963	0.00707	0.00676	0.00225	0.01062	0.00531	0.00321	0.01093
4	0.01967	0.01669	0.01761	0.01560	0.02003	0.01924	0.01220	0.09057	0.62083	0.03303	0.02985	0.02748	0.02232	0.01019	0.00771	0.00255	0.00619	0.00843	0.00771	0.01208
5	0.01683	0.28679	0.34706	0.01745	0.02525	0.02181	0.02002	0.02231	0.01581	0.02176	0.06207	0.01771	0.01431	0.00811	0.00808	0.00220	0.07297	0.00574	0.00361	0.01011
6	0.00964	0.00736	0.00892	0.00982	0.01133	0.00665	0.00721	0.01164	0.01653	0.02118	0.11193	0.34748	0.28547	0.02100	0.00945	0.00288	0.00443	0.09349	0.00715	0.00644
7	0.02733	0.12350	0.02377	0.01872	0.02295	0.61922	0.01445	0.02935	0.02074	0.01847	0.01158	0.01349	0.00977	0.00765	0.00659	0.00191	0.01299	0.00478	0.00383	0.00891
8	0.01123	0.00797	0.01123	0.01099	0.01261	0.00737	0.03319	0.01397	0.01849	0.04885	0.36994	0.32977	0.05854	0.01832	0.00920	0.00268	0.00438	0.01653	0.00767	0.00707
9	0.01559	0.09138	0.64530	0.02097	0.03183	0.01854	0.02690	0.02392	0.01597	0.02356	0.01338	0.01573	0.00962	0.00715	0.00703	0.00234	0.01098	0.00549	0.00321	0.01110
10	0.01244	0.00814	0.01032	0.00964	0.01185	0.00733	0.00727	0.01555	0.02039	0.08731	0.48480	0.09551	0.16849	0.01606	0.00887	0.00245	0.00393	0.01401	0.00815	0.00749
11	0.03127	0.01734	0.02034	0.01560	0.02157	0.01772	0.01288	0.36831	0.02912	0.34956	0.02370	0.02178	0.01565	0.00924	0.00761	0.00231	0.00746	0.00720	0.00843	0.01290
12	0.01103	0.00735	0.00827	0.00827	0.00827	0.00735	0.00460	0.01103	0.01103	0.01471	0.02390	0.04964	0.02758	0.73343	0.03861	0.00735	0.00735	0.01103	0.00460	0.00460
13	0.02921	0.02065	0.02239	0.01717	0.02322	0.02264	0.01418	0.61621	0.03467	0.09382	0.01905	0.01875	0.01332	0.00913	0.00759	0.00228	0.00821	0.00689	0.00772	0.01290
14	0.01574	0.11138	0.62657	0.02073	0.03145	0.01890	0.02647	0.02389	0.01595	0.02338	0.01330	0.01562	0.00962	0.00713	0.00696	0.00232	0.01089	0.00544	0.00321	0.01106
15	0.01790	0.02046	0.04476	0.03197	0.03964	0.01918	0.65857	0.02430	0.01790	0.02430	0.01535	0.02046	0.01151	0.00639	0.00895	0.00256	0.01279	0.00895	0.00384	0.01023
16	0.03403	0.01291	0.01760	0.01350	0.01936	0.01115	0.01115	0.03697	0.02171	0.69137	0.02992	0.02582	0.01878	0.00939	0.00763	0.00235	0.00645	0.00763	0.00939	0.01291

[dist]
# distance from previous block
# <min> <max>
0	1

[block]
# block no. 10 follows, 26 sequences, length 8
# corresponding to MSA columns:
# 542-549
name=unknown_K
#
# <colnr> <probs for GDERKNQSTAVLIFYWHMCP>
#	G	D	E	R	K	N	Q	S	T	A	V	L	I	F	Y	W	H	M	C	P
0	0.00948	0.00678	0.00901	0.01040	0.01105	0.00632	0.00706	0.01115	0.01562	0.02110	0.14255	0.62278	0.05353	0.02246	0.00957	0.00297	0.00427	0.02033	0.00725	0.00632
1	0.02320	0.01818	0.01935	0.04202	0.02173	0.04390	0.01291	0.39273	0.14024	0.03889	0.08110	0.06137	0.04838	0.01091	0.00786	0.00239	0.00741	0.00877	0.00734	0.01133
2	0.01087	0.00801	0.01157	0.01157	0.01272	0.00915	0.00871	0.01315	0.01201	0.01715	0.02088	0.03292	0.02032	0.16333	0.59878	0.01143	0.01828	0.00858	0.00415	0.00643
3	0.01632	0.01496	0.02530	0.33092	0.34772	0.01641	0.02071	0.02030	0.01565	0.02133	0.01382	0.01981	0.01131	0.00901	0.00968	0.07759	0.00925	0.00673	0.00354	0.00963
4	0.06191	0.33157	0.37959	0.01731	0.02616	0.02279	0.02056	0.02337	0.01558	0.02200	0.01215	0.01418	0.00958	0.00690	0.00608	0.00207	0.00960	0.00487	0.00331	0.01042
5	0.21631	0.02452	0.05198	0.04541	0.12752	0.27312	0.05919	0.02511	0.01728	0.02408	0.01244	0.01557	0.01017	0.00915	0.03048	0.00257	0.03628	0.00553	0.00401	0.00926
6	0.01733	0.01597	0.02195	0.06594	0.02337	0.04913	0.10428	0.11800	0.04541	0.02492	0.02109	0.19063	0.02100	0.01305	0.01256	0.00273	0.18887	0.01051	0.00523	0.04804
7	0.01756	0.01777	0.03286	0.03599	0.35182	0.01758	0.23517	0.02226	0.01688	0.02384	0.01622	0.06767	0.01430	0.00815	0.00913	0.00243	0.05359	0.00840	0.00401	0.04437

[dist]
# distance from previous block
# <min> <max>
3	7

[block]
# block no. 11 follows, 26 sequences, length 103
# corresponding to MSA columns:
# 557-659
name=unknown_L
#
# <colnr> <probs for GDERKNQSTAVLIFYWHMCP>
#	G	D	E	R	K	N	Q	S	T	A	V	L	I	F	Y	W	H	M	C	P
0	0.07279	0.01901	0.02065	0.01600	0.02177	0.09406	0.06015	0.25120	0.02434	0.13261	0.01788	0.01859	0.01299	0.00796	0.00693	0.00202	0.00808	0.00626	0.04064	0.16610
1	0.01536	0.06807	0.05468	0.01462	0.01937	0.01314	0.08876	0.08845	0.01860	0.02585	0.09856	0.19788	0.05177	0.01230	0.00776	0.00220	0.00667	0.01096	0.00575	0.19925
2	0.04874	0.11272	0.02261	0.01765	0.04338	0.32176	0.01360	0.17562	0.06379	0.02730	0.01720	0.01831	0.03552	0.00850	0.00680	0.00206	0.01010	0.00599	0.03834	0.01000
3	0.02304	0.11214	0.23652	0.01862	0.02619	0.02124	0.04612	0.28311	0.02430	0.08689	0.01638	0.01745	0.01180	0.00825	0.00781	0.00229	0.03434	0.00626	0.00552	0.01171
4	0.02494	0.06770	0.01865	0.01285	0.01887	0.01313	0.01063	0.07087	0.04149	0.32078	0.04749	0.02210	0.01731	0.00812	0.00678	0.00188	0.00629	0.00650	0.00703	0.27659
5	0.02028	0.73799	0.03975	0.01298	0.01947	0.03001	0.01298	0.02271	0.01541	0.01785	0.01055	0.01217	0.00973	0.00649	0.00487	0.00162	0.00811	0.00406	0.00324	0.00973
6	0.02131	0.68387	0.03809	0.01302	0.01946	0.02860	0.01284	0.02378	0.01588	0.06812	0.01199	0.01319	0.01041	0.00671	0.00507	0.00168	0.00799	0.00432	0.00370	0.00997
7	0.01804	0.01733	0.02919	0.13038	0.55504	0.01826	0.02250	0.02240	0.01658	0.02360	0.01384	0.01880	0.01162	0.00735	0.00882	0.00237	0.06219	0.00675	0.00367	0.01128
8	0.00924	0.00660	0.00880	0.01056	0.01100	0.00616	0.00704	0.01056	0.01452	0.01936	0.04181	0.72848	0.05017	0.02376	0.00968	0.00308	0.00440	0.02156	0.00704	0.00616
9	0.01573	0.01348	0.01573	0.01123	0.01798	0.01011	0.00899	0.01910	0.01573	0.02472	0.01348	0.01573	0.01123	0.00562	0.00562	0.00112	0.00562	0.00449	0.00449	0.77980
10	0.02565	0.22889	0.02632	0.01753	0.02217	0.48421	0.01406	0.02868	0.05125	0.01900	0.01232	0.01397	0.01041	0.00757	0.00634	0.00189	0.01177	0.00483	0.00391	0.00921
11	0.01103	0.00735	0.00827	0.00827	0.00827	0.00735	0.00460	0.01103	0.01103	0.01471	0.02390	0.04964	0.02758	0.73343	0.03861	0.00735	0.00735	0.01103	0.00460	0.00460
12	0.01800	0.01724	0.02940	0.16217	0.57651	0.01782	0.02290	0.02260	0.01691	0.02385	0.01413	0.01902	0.01169	0.00690	0.00752	0.00230	0.00920	0.00676	0.00369	0.01139
13	0.00974	0.00705	0.00920	0.01008	0.01108	0.00651	0.00702	0.01186	0.01702	0.02318	0.26160	0.46799	0.08802	0.02073	0.00940	0.00282	0.00409	0.01862	0.00749	0.00651
14	0.01415	0.01063	0.01273	0.01182	0.01456	0.01016	0.00875	0.13174	0.01944	0.02683	0.10885	0.39325	0.03906	0.01691	0.00850	0.00251	0.00524	0.01493	0.00685	0.14308
15	0.01533	0.01480	0.02579	0.52276	0.12432	0.01690	0.09181	0.02038	0.01575	0.02085	0.01378	0.01984	0.01055	0.00725	0.00762	0.00243	0.01004	0.00687	0.00353	0.04940
16	0.02003	0.70425	0.07135	0.01340	0.02011	0.02941	0.01371	0.02278	0.01544	0.01814	0.01069	0.01235	0.00973	0.00652	0.00498	0.00166	0.00826	0.00413	0.00324	0.00981
17	0.01860	0.01785	0.03047	0.07263	0.66140	0.01798	0.02319	0.02313	0.01719	0.02457	0.01424	0.01883	0.01194	0.00679	0.00751	0.00226	0.00905	0.00676	0.00374	0.01187
18	0.01887	0.01629	0.01715	0.01544	0.01972	0.01887	0.01201	0.04031	0.67241	0.03173	0.03087	0.02830	0.02315	0.01029	0.00772	0.00257	0.00600	0.00858	0.00772	0.01201
19	0.78701	0.01467	0.01115	0.00997	0.01467	0.01702	0.00821	0.02230	0.01291	0.03403	0.01056	0.01232	0.00821	0.00704	0.00469	0.00235	0.00587	0.00411	0.00469	0.00821
20	0.01634	0.01683	0.03275	0.06132	0.03211	0.01650	0.40273	0.02374	0.09809	0.02469	0.04776	0.07466	0.02145	0.01011	0.00896	0.00270	0.01024	0.08441	0.00504	0.00959
21	0.01887	0.01629	0.01715	0.01544	0.01972	0.01887	0.01201	0.04031	0.67241	0.03173	0.03087	0.02830	0.02315	0.01029	0.00772	0.00257	0.00600	0.00858	0.00772	0.01201
22	0.01661	0.01581	0.02687	0.37226	0.37735	0.01745	0.02220	0.02138	0.01625	0.02215	0.01388	0.01948	0.01109	0.00716	0.00755	0.00239	0.00955	0.00675	0.00357	0.01027
23	0.01104	0.00800	0.00937	0.00897	0.01133	0.00703	0.00684	0.01378	0.01932	0.05704	0.33513	0.06408	0.36574	0.01719	0.00894	0.00251	0.00396	0.03496	0.00772	0.00706
24	0.74998	0.01585	0.04392	0.01053	0.01554	0.01704	0.00917	0.02238	0.01306	0.03355	0.01071	0.01250	0.00828	0.00705	0.00481	0.00235	0.00612	0.00418	0.00462	0.00836
25	0.02049	0.67374	0.03817	0.01359	0.01967	0.06081	0.01322	0.02287	0.01553	0.01790	0.01057	0.01243	0.00975	0.00685	0.00584	0.00171	0.03976	0.00421	0.00328	0.00963
26	0.00924	0.00660	0.00880	0.01056	0.01100	0.00616	0.00704	0.01056	0.01452	0.01936	0.04181	0.72848	0.05017	0.02376	0.00968	0.00308	0.00440	0.02156	0.00704	0.00616
27	0.06650	0.01924	0.02116	0.01629	0.02225	0.02070	0.01345	0.50336	0.03173	0.17777	0.02022	0.01947	0.01387	0.00906	0.00746	0.00229	0.00784	0.00686	0.00781	0.01267
28	0.02004	0.01372	0.01639	0.01212	0.01843	0.01118	0.00975	0.07018	0.01834	0.15568	0.01797	0.04153	0.01412	0.00721	0.00629	0.00151	0.00594	0.00584	0.00576	0.54799
29	0.01645	0.01429	0.07634	0.01763	0.02205	0.01154	0.18119	0.02009	0.01679	0.13385	0.02928	0.33428	0.02968	0.01462	0.00876	0.00268	0.00757	0.01384	0.00616	0.04291
30	0.02028	0.73799	0.03975	0.01298	0.01947	0.03001	0.01298	0.02271	0.01541	0.01785	0.01055	0.01217	0.00973	0.00649	0.00487	0.00162	0.00811	0.00406	0.00324	0.00973
31	0.01222	0.00873	0.01222	0.01397	0.01572	0.00873	0.01222	0.01572	0.01746	0.02270	0.04016	0.08556	0.04365	0.02095	0.01048	0.00349	0.00698	0.63506	0.00698	0.00698
32	0.01846	0.01758	0.02990	0.04499	0.65395	0.01758	0.02275	0.02292	0.01728	0.02468	0.01551	0.02198	0.01353	0.00744	0.00765	0.00231	0.00891	0.03690	0.00391	0.01177
33	0.01843	0.01754	0.02982	0.04485	0.65105	0.01754	0.02270	0.02288	0.01728	0.02467	0.01562	0.02227	0.01367	0.00750	0.00766	0.00232	0.00891	0.03962	0.00392	0.01175
34	0.01074	0.00775	0.01014	0.00954	0.01133	0.00716	0.00716	0.01431	0.02147	0.03042	0.68211	0.05666	0.07157	0.01551	0.00895	0.00239	0.00358	0.01372	0.00835	0.00716
35	0.01530	0.01506	0.02506	0.39884	0.03952	0.01879	0.09368	0.01934	0.01436	0.01960	0.01344	0.03996	0.01140	0.00969	0.01318	0.00279	0.23053	0.00740	0.00352	0.00853
36	0.01541	0.01406	0.02275	0.66312	0.05010	0.01735	0.02057	0.06726	0.01670	0.02150	0.01383	0.02007	0.01032	0.00770	0.00758	0.00251	0.00998	0.00675	0.00369	0.00876
37	0.00937	0.00667	0.00882	0.01043	0.01089	0.00625	0.00694	0.01071	0.01461	0.01954	0.06297	0.67549	0.04990	0.05479	0.01093	0.00325	0.00450	0.02083	0.00698	0.00613
38	0.01741	0.00923	0.01228	0.01068	0.01363	0.00830	0.00830	0.02080	0.02154	0.21978	0.49526	0.04782	0.05644	0.01375	0.00857	0.00237	0.00440	0.01197	0.00865	0.00880
39	0.00957	0.00705	0.00945	0.01098	0.01140	0.00692	0.00747	0.01090	0.01439	0.01931	0.04038	0.69671	0.04837	0.02330	0.01036	0.00309	0.03632	0.02090	0.00687	0.00626
40	0.00989	0.00772	0.00897	0.00865	0.01081	0.00680	0.00649	0.01268	0.01947	0.02567	0.39290	0.06447	0.36374	0.01728	0.00895	0.00247	0.00370	0.01481	0.00773	0.00680
41	0.01521	0.03923	0.69413	0.02162	0.03283	0.01762	0.02802	0.02402	0.01601	0.02402	0.01361	0.01601	0.00961	0.00721	0.00721	0.00240	0.01121	0.00560	0.00320	0.01121
42	0.01267	0.00916	0.01212	0.01302	0.01498	0.00912	0.01096	0.05469	0.01893	0.02500	0.13221	0.12471	0.07444	0.01958	0.00995	0.00319	0.00625	0.43451	0.00722	0.00729
43	0.02015	0.01693	0.01787	0.01569	0.02021	0.01946	0.01232	0.11994	0.59070	0.03379	0.02925	0.02700	0.02184	0.01014	0.00770	0.00253	0.00630	0.00835	0.00770	0.01212
44	0.03403	0.01291	0.01760	0.01350	0.01936	0.01115	0.01115	0.03697	0.02171	0.69137	0.02992	0.02582	0.01878	0.00939	0.00763	0.00235	0.00645	0.00763	0.00939	0.01291
45	0.00924	0.00660	0.00880	0.01056	0.01100	0.00616	0.00704	0.01056	0.01452	0.01936	0.04181	0.72848	0.05017	0.02376	0.00968	0.00308	0.00440	0.02156	0.00704	0.00616
46	0.01097	0.00733	0.00829	0.00835	0.00836	0.00732	0.00467	0.01102	0.01114	0.01485	0.02447	0.07111	0.02829	0.71098	0.03769	0.00722	0.00726	0.01136	0.00467	0.00465
