[name]
unknown

[dist]
# distance from previous block
# <min> <max>
0	50

[block]
# block no. 0 follows, 24 sequences, length 99
# corresponding to MSA columns:
# 52-150
name=unknown_A
#
# <colnr> <probs for GDERKNQSTAVLIFYWHMCP>
#	G	D	E	R	K	N	Q	S	T	A	V	L	I	F	Y	W	H	M	C	P
0	0.01089	0.00796	0.01030	0.01166	0.01309	0.00749	0.00903	0.01306	0.01675	0.02153	0.04988	0.32256	0.18194	0.02284	0.01105	0.03220	0.00555	0.23833	0.00719	0.00670
1	0.01153	0.00769	0.00865	0.00865	0.00865	0.00769	0.00480	0.01153	0.01153	0.01538	0.02499	0.05189	0.02883	0.72131	0.04036	0.00769	0.00769	0.01153	0.00480	0.00480
2	0.00939	0.00797	0.00810	0.00820	0.01075	0.00668	0.00610	0.01136	0.01791	0.02136	0.07830	0.11184	0.63442	0.02035	0.00941	0.00271	0.00405	0.01706	0.00736	0.00668
3	0.04880	0.00868	0.01105	0.01097	0.01300	0.00821	0.00838	0.01614	0.01997	0.06859	0.37979	0.18601	0.07943	0.01789	0.00941	0.00278	0.00466	0.09043	0.00813	0.00766
4	0.03284	0.01420	0.01847	0.01431	0.02012	0.01302	0.01176	0.11677	0.02460	0.54092	0.08251	0.02862	0.02340	0.01031	0.00808	0.00245	0.00676	0.00839	0.00948	0.01299
5	0.00966	0.00690	0.00920	0.01104	0.01150	0.00644	0.00736	0.01104	0.01518	0.02024	0.04371	0.71614	0.05245	0.02484	0.01012	0.00322	0.00460	0.02254	0.00736	0.00644
6	0.03049	0.02166	0.02346	0.01799	0.02432	0.02378	0.01486	0.60725	0.03637	0.08942	0.01981	0.01954	0.01387	0.00954	0.00794	0.00238	0.00860	0.00719	0.00805	0.01349
7	0.01153	0.00769	0.00865	0.00865	0.00865	0.00769	0.00480	0.01153	0.01153	0.01538	0.02499	0.05189	0.02883	0.72131	0.04036	0.00769	0.00769	0.01153	0.00480	0.00480
8	0.03296	0.01425	0.01850	0.01442	0.02027	0.01313	0.01183	0.09242	0.06392	0.55035	0.05979	0.02793	0.02193	0.01014	0.00804	0.00246	0.00676	0.00826	0.00949	0.01316
9	0.01288	0.00881	0.01165	0.01139	0.01290	0.00980	0.00857	0.04417	0.01443	0.02150	0.02256	0.03343	0.02098	0.14792	0.43243	0.00947	0.01534	0.00869	0.14598	0.00709
10	0.01153	0.00769	0.00865	0.00865	0.00865	0.00769	0.00480	0.01153	0.01153	0.01538	0.02499	0.05189	0.02883	0.72131	0.04036	0.00769	0.00769	0.01153	0.00480	0.00480
11	0.02853	0.02096	0.02241	0.01744	0.02339	0.02321	0.01432	0.56846	0.07500	0.04765	0.02030	0.02036	0.01459	0.00958	0.00779	0.00237	0.00826	0.00727	0.05508	0.01305
12	0.01924	0.01845	0.03149	0.10294	0.62059	0.01874	0.02414	0.02400	0.01787	0.02544	0.01485	0.01975	0.01240	0.00714	0.00786	0.00238	0.00952	0.00706	0.00389	0.01225
13	0.03176	0.01497	0.01875	0.01488	0.02068	0.01444	0.01213	0.08977	0.15863	0.48855	0.03048	0.02688	0.02009	0.00999	0.00799	0.00250	0.00681	0.00812	0.00929	0.01329
14	0.00983	0.00702	0.00940	0.01124	0.01178	0.00659	0.00766	0.01134	0.01535	0.02044	0.04361	0.68134	0.05207	0.02468	0.01017	0.00324	0.00475	0.05563	0.00736	0.00649
15	0.02385	0.01628	0.01783	0.01505	0.01984	0.01782	0.01199	0.17514	0.32668	0.13668	0.02820	0.02679	0.02051	0.01011	0.00766	0.00246	0.00654	0.00817	0.11621	0.01218
16	0.71574	0.01518	0.01222	0.01073	0.01574	0.01728	0.00884	0.02458	0.01426	0.08887	0.01272	0.01405	0.00950	0.00756	0.00516	0.00245	0.00619	0.00460	0.00531	0.00900
17	0.02030	0.01732	0.01826	0.01625	0.02084	0.01999	0.01269	0.07563	0.62308	0.03411	0.03154	0.02900	0.02361	0.01069	0.00806	0.00267	0.00641	0.00886	0.00806	0.01260
18	0.01184	0.00918	0.01345	0.01316	0.01437	0.01097	0.01021	0.01441	0.01262	0.01828	0.02057	0.03130	0.01960	0.09688	0.59434	0.01166	0.07732	0.00856	0.00422	0.00707
19	0.01268	0.00906	0.01264	0.01432	0.01614	0.00903	0.01245	0.01634	0.01852	0.02423	0.08093	0.08757	0.04745	0.02155	0.01085	0.00358	0.00708	0.58087	0.00739	0.00731
20	0.01963	0.01884	0.03219	0.04867	0.67185	0.01884	0.02434	0.02434	0.01806	0.02591	0.01492	0.01963	0.01256	0.00707	0.00785	0.00236	0.00942	0.00707	0.00393	0.01256
21	0.02966	0.02197	0.02352	0.01815	0.02441	0.02436	0.01495	0.61711	0.06637	0.04919	0.01966	0.01953	0.01399	0.00958	0.00794	0.00239	0.00861	0.00723	0.00794	0.01344
22	0.03023	0.01928	0.02170	0.01676	0.02277	0.02048	0.01379	0.46345	0.03293	0.19598	0.06270	0.02343	0.01878	0.01001	0.00803	0.00240	0.00795	0.00779	0.00842	0.01311
23	0.00938	0.00799	0.00808	0.00815	0.01074	0.00668	0.00608	0.01137	0.01797	0.02138	0.07894	0.10056	0.64528	0.02026	0.00940	0.00270	0.00404	0.01696	0.00736	0.00668
24	0.01972	0.01703	0.01793	0.01614	0.02062	0.01972	0.01255	0.04214	0.65752	0.03317	0.03228	0.02959	0.02421	0.01076	0.00807	0.00269	0.00628	0.00897	0.00807	0.01255
25	0.01872	0.02139	0.04679	0.03342	0.04144	0.02005	0.64305	0.02540	0.01872	0.02540	0.01604	0.02139	0.01203	0.00668	0.00936	0.00267	0.01337	0.00936	0.00401	0.01070
26	0.00939	0.00796	0.00811	0.00822	0.01076	0.00668	0.00611	0.01136	0.01789	0.02135	0.07805	0.11614	0.63028	0.02038	0.00942	0.00271	0.00405	0.01710	0.00736	0.00668
27	0.01590	0.04102	0.68023	0.02260	0.03432	0.01842	0.02930	0.02511	0.01674	0.02511	0.01423	0.01674	0.01005	0.00753	0.00753	0.00251	0.01172	0.00586	0.00335	0.01172
28	0.01498	0.01409	0.02378	0.70226	0.05462	0.01762	0.02202	0.02026	0.01586	0.02026	0.01409	0.02114	0.01057	0.00793	0.00793	0.00264	0.01057	0.00705	0.00352	0.00881
29	0.01517	0.01436	0.02383	0.64567	0.05181	0.01817	0.02163	0.02016	0.01555	0.02016	0.01379	0.02083	0.01056	0.00842	0.00943	0.00271	0.06838	0.00704	0.00352	0.00880
30	0.01153	0.00769	0.00865	0.00865	0.00865	0.00769	0.00480	0.01153	0.01153	0.01538	0.02499	0.05189	0.02883	0.72131	0.04036	0.00769	0.00769	0.01153	0.00480	0.00480
31	0.02095	0.69396	0.07151	0.01399	0.02101	0.03077	0.01431	0.02381	0.01614	0.01896	0.01117	0.01291	0.01017	0.00682	0.00520	0.00173	0.00863	0.00432	0.00339	0.01025
32	0.00964	0.00700	0.00910	0.01079	0.01144	0.00646	0.00725	0.01107	0.01542	0.02034	0.04675	0.66301	0.10361	0.02445	0.01006	0.00318	0.00455	0.02206	0.00736	0.00646
33	0.03014	0.02221	0.02380	0.01825	0.02459	0.02459	0.01507	0.64541	0.03728	0.04998	0.01904	0.01904	0.01349	0.00952	0.00793	0.00238	0.00873	0.00714	0.00793	0.01349
34	0.02870	0.02149	0.02299	0.01795	0.02404	0.02392	0.01472	0.56182	0.12323	0.04765	0.02087	0.02050	0.01497	0.00969	0.00795	0.00242	0.00839	0.00739	0.00795	0.01336
35	0.02463	0.01931	0.02067	0.01707	0.02237	0.02180	0.01372	0.34282	0.32360	0.04103	0.02525	0.02437	0.01868	0.01193	0.03309	0.00290	0.00805	0.00803	0.00786	0.01282
36	0.01522	0.01306	0.01846	0.08122	0.02056	0.01652	0.01384	0.01731	0.01440	0.05121	0.04885	0.24958	0.02725	0.01682	0.01757	0.00322	0.34908	0.01242	0.00526	0.00813
37	0.01089	0.00849	0.00994	0.00950	0.01181	0.00774	0.00715	0.01483	0.05022	0.02781	0.40866	0.06453	0.30451	0.01747	0.00930	0.00257	0.00397	0.01503	0.00817	0.00741
38	0.74275	0.01565	0.01222	0.01079	0.01576	0.01810	0.00889	0.05210	0.01460	0.03624	0.01141	0.01317	0.00881	0.00746	0.00505	0.00245	0.00625	0.00443	0.00505	0.00881
39	0.00976	0.00701	0.00911	0.01074	0.01128	0.00653	0.00713	0.01109	0.01510	0.02000	0.04434	0.64281	0.08136	0.06840	0.01199	0.00347	0.00477	0.02156	0.00720	0.00635
40	0.00955	0.00804	0.00828	0.00822	0.01082	0.00677	0.00617	0.01173	0.01850	0.02242	0.13708	0.07467	0.61126	0.01971	0.00937	0.00266	0.00399	0.01650	0.00750	0.00677
41	0.02120	0.72609	0.04155	0.01357	0.02035	0.03138	0.01357	0.02374	0.01611	0.01866	0.01102	0.01272	0.01018	0.00678	0.00509	0.00170	0.00848	0.00424	0.00339	0.01018
42	0.70570	0.01557	0.01256	0.01098	0.01601	0.01781	0.00904	0.05324	0.01506	0.06791	0.01242	0.01387	0.00936	0.00758	0.00520	0.00245	0.00629	0.00461	0.00529	0.00906
43	0.12919	0.02130	0.02219	0.01721	0.02336	0.02369	0.01421	0.56294	0.03413	0.04807	0.01798	0.01822	0.01284	0.00923	0.00753	0.00239	0.00838	0.00676	0.00753	0.01284
44	0.01153	0.00769	0.00865	0.00865	0.00865	0.00769	0.00480	0.01153	0.01153	0.01538	0.02499	0.05189	0.02883	0.72131	0.04036	0.00769	0.00769	0.01153	0.00480	0.00480
45	0.01590	0.04102	0.68023	0.02260	0.03432	0.01842	0.02930	0.02511	0.01674	0.02511	0.01423	0.01674	0.01005	0.00753	0.00753	0.00251	0.01172	0.00586	0.00335	0.01172
46	0.01242	0.00893	0.01232	0.01406	0.01584	0.00884	0.01211	0.01584	0.01805	0.02340	0.04398	0.12780	0.07679	0.02200	0.01082	0.00358	0.00697	0.55170	0.00731	0.00722
47	0.77733	0.01534	0.01166	0.01043	0.01534	0.01779	0.00859	0.02331	0.01350	0.03558	0.01104	0.01288	0.00859	0.00736	0.00491	0.00245	0.00613	0.00429	0.00491	0.00859
48	0.02962	0.03779	0.02247	0.02043	0.02451	0.68948	0.01532	0.03166	0.02247	0.01941	0.01226	0.01430	0.01021	0.00817	0.00715	0.00204	0.01430	0.00511	0.00409	0.00919
49	0.00966	0.00690	0.00920	0.01104	0.01150	0.00644	0.00736	0.01104	0.01518	0.02024	0.04371	0.71614	0.05245	0.02484	0.01012	0.00322	0.00460	0.02254	0.00736	0.00644
50	0.00966	0.00690	0.00920	0.01104	0.01150	0.00644	0.00736	0.01104	0.01518	0.02024	0.04371	0.71614	0.05245	0.02484	0.01012	0.00322	0.00460	0.02254	0.00736	0.00644
51	0.01143	0.00764	0.00868	0.00878	0.00881	0.00762	0.00495	0.01150	0.01173	0.01565	0.02603	0.08878	0.03014	0.68264	0.03868	0.00744	0.00752	0.01214	0.00495	0.00490
52	0.00974	0.00696	0.00927	0.01099	0.01152	0.00649	0.00737	0.01123	0.01553	0.02079	0.07321	0.68507	0.05351	0.02444	0.01009	0.00319	0.00456	0.02216	0.00743	0.00649
53	0.03558	0.01350	0.01840	0.01411	0.02024	0.01166	0.01166	0.03865	0.02270	0.67734	0.03128	0.02699	0.01963	0.00981	0.00797	0.00245	0.00675	0.00797	0.00981	0.01350
54	0.01329	0.00849	0.01118	0.01069	0.01270	0.00785	0.00805	0.01655	0.02095	0.08555	0.47707	0.12973	0.06376	0.04695	0.01074	0.00286	0.00449	0.05292	0.00842	0.00777
55	0.01107	0.00810	0.01039	0.00981	0.01175	0.00742	0.00736	0.01467	0.02208	0.03094	0.61889	0.06065	0.12413	0.01653	0.00935	0.00251	0.00376	0.01454	0.00862	0.00742
56	0.03014	0.02221	0.02380	0.01825	0.02459	0.02459	0.01507	0.64541	0.03728	0.04998	0.01904	0.01904	0.01349	0.00952	0.00793	0.00238	0.00873	0.00714	0.00793	0.01349
57	0.01674	0.01646	0.02313	0.02001	0.02015	0.02284	0.01660	0.01859	0.01220	0.01902	0.01150	0.01874	0.01136	0.01847	0.09284	0.00440	0.63780	0.00710	0.00355	0.00851
58	0.01152	0.00774	0.00891	0.00891	0.00900	0.00783	0.00513	0.01170	0.01161	0.01557	0.02475	0.05059	0.02826	0.67970	0.08120	0.00801	0.00854	0.01134	0.00477	0.00495
59	0.77733	0.01534	0.01166	0.01043	0.01534	0.01779	0.00859	0.02331	0.01350	0.03558	0.01104	0.01288	0.00859	0.00736	0.00491	0.00245	0.00613	0.00429	0.00491	0.00859
60	0.03558	0.01350	0.01840	0.01411	0.02024	0.01166	0.01166	0.03865	0.02270	0.67734	0.03128	0.02699	0.01963	0.00981	0.00797	0.00245	0.00675	0.00797	0.00981	0.01350
61	0.01854	0.01868	0.03465	0.16204	0.38928	0.01895	0.19233	0.02389	0.01784	0.02475	0.01507	0.02038	0.01206	0.00712	0.00827	0.00249	0.01070	0.00769	0.00388	0.01138
62	0.00999	0.00713	0.00958	0.01141	0.01202	0.00672	0.00793	0.01161	0.01550	0.02061	0.04353	0.65048	0.05173	0.02454	0.01021	0.00327	0.00488	0.08498	0.00735	0.00653
63	0.01735	0.01735	0.02429	0.02082	0.02082	0.02429	0.01735	0.01908	0.01214	0.01908	0.01041	0.01735	0.01041	0.01388	0.02602	0.00347	0.70680	0.00694	0.00347	0.00867
64	0.01498	0.01409	0.02378	0.70226	0.05462	0.01762	0.02202	0.02026	0.01586	0.02026	0.01409	0.02114	0.01057	0.00793	0.00793	0.00264	0.01057	0.00705	0.00352	0.00881
65	0.01644	0.01409	0.01644	0.01175	0.01879	0.01057	0.00940	0.01997	0.01644	0.02584	0.01409	0.01644	0.01175	0.00587	0.00587	0.00117	0.00587	0.00470	0.00470	0.76979
66	0.01498	0.01409	0.02378	0.70226	0.05462	0.01762	0.02202	0.02026	0.01586	0.02026	0.01409	0.02114	0.01057	0.00793	0.00793	0.00264	0.01057	0.00705	0.00352	0.00881
67	0.00988	0.00699	0.00914	0.01076	0.01116	0.00659	0.00706	0.01110	0.01475	0.01967	0.04149	0.63762	0.04966	0.10717	0.01370	0.00375	0.00497	0.02124	0.00706	0.00625
68	0.00937	0.00803	0.00803	0.00803	0.01071	0.00669	0.00602	0.01138	0.01807	0.02142	0.08033	0.07632	0.66863	0.02008	0.00937	0.00268	0.00402	0.01674	0.00736	0.00669
69	0.22894	0.01511	0.01734	0.01368	0.01952	0.01494	0.01130	0.11347	0.02218	0.42792	0.02440	0.02227	0.01594	0.00913	0.00717	0.00244	0.00684	0.00690	0.00829	0.01221
70	0.08730	0.01219	0.01516	0.01305	0.01737	0.01163	0.01076	0.07003	0.02156	0.31493	0.11441	0.04273	0.04903	0.01294	0.00834	0.00265	0.00628	0.12298	0.05610	0.01057
71	0.77733	0.01534	0.01166	0.01043	0.01534	0.01779	0.00859	0.02331	0.01350	0.03558	0.01104	0.01288	0.00859	0.00736	0.00491	0.00245	0.00613	0.00429	0.00491	0.00859
72	0.01574	0.00831	0.00841	0.00807	0.01019	0.00846	0.00614	0.05750	0.01792	0.03083	0.02544	0.02891	0.01990	0.00926	0.00569	0.00188	0.00401	0.00738	0.71820	0.00777
73	0.01304	0.00875	0.01034	0.01039	0.01139	0.00877	0.00677	0.01607	0.07958	0.05214	0.07096	0.22346	0.03698	0.38681	0.02559	0.00542	0.00644	0.01416	0.00630	0.00662
74	0.00978	0.00704	0.00927	0.01084	0.01150	0.00654	0.00732	0.01138	0.01589	0.02125	0.09690	0.63742	0.07758	0.02395	0.01003	0.00314	0.00451	0.02164	0.00747	0.00654
75	0.01278	0.00913	0.01278	0.01460	0.01643	0.00913	0.01278	0.01643	0.01825	0.02373	0.04199	0.08945	0.04564	0.02191	0.01095	0.00365	0.00730	0.61847	0.00730	0.00730
76	0.03505	0.01434	0.01893	0.01451	0.02067	0.01292	0.01199	0.09776	0.02412	0.61622	0.03009	0.02622	0.01903	0.00979	0.00797	0.00245	0.00694	0.00789	0.00963	0.01349
77	0.01317	0.00839	0.01066	0.01034	0.01248	0.00755	0.00765	0.01596	0.01996	0.09725	0.34589	0.21661	0.16734	0.01827	0.00939	0.00270	0.00432	0.01604	0.00828	0.00775
78	0.77733	0.01534	0.01166	0.01043	0.01534	0.01779	0.00859	0.02331	0.01350	0.03558	0.01104	0.01288	0.00859	0.00736	0.00491	0.00245	0.00613	0.00429	0.00491	0.00859
79	0.03103	0.01753	0.02035	0.01580	0.02171	0.01805	0.01299	0.33675	0.05184	0.30454	0.02494	0.02332	0.01680	0.00967	0.00780	0.00239	0.00751	0.00756	0.05633	0.01307
80	0.01952	0.00951	0.01231	0.01138	0.01372	0.00870	0.00808	0.02106	0.01671	0.25353	0.03331	0.25865	0.03321	0.24091	0.01897	0.00437	0.00635	0.01384	0.00743	0.00844
81	0.00980	0.00705	0.00907	0.01063	0.01121	0.00656	0.00705	0.01111	0.01507	0.01991	0.04466	0.61590	0.09305	0.08324	0.01262	0.00356	0.00482	0.02121	0.00715	0.00632
82	0.01973	0.01686	0.01775	0.01586	0.02035	0.01935	0.01237	0.06872	0.59914	0.03341	0.03388	0.03126	0.05353	0.01113	0.00812	0.00267	0.00628	0.00924	0.00803	0.01232
83	0.70630	0.01516	0.01230	0.01078	0.01581	0.01720	0.00888	0.02478	0.01438	0.09703	0.01298	0.01423	0.00965	0.00760	0.00520	0.00245	0.00619	0.00465	0.00538	0.00906
84	0.01061	0.00761	0.00988	0.01137	0.01211	0.00728	0.00772	0.04040	0.01620	0.02162	0.04256	0.68388	0.05064	0.02413	0.01002	0.00318	0.00479	0.02183	0.00739	0.00677
85	0.01909	0.01565	0.01733	0.01422	0.01984	0.01554	0.01120	0.03276	0.36154	0.05993	0.02467	0.02400	0.01881	0.00868	0.00715	0.00205	0.00613	0.00714	0.00675	0.32751
86	0.01735	0.01735	0.02429	0.02082	0.02082	0.02429	0.01735	0.01908	0.01214	0.01908	0.01041	0.01735	0.01041	0.01388	0.02602	0.00347	0.70680	0.00694	0.00347	0.00867
87	0.01152	0.00771	0.00874	0.00871	0.00880	0.00768	0.00493	0.01169	0.01205	0.01615	0.05538	0.05224	0.03100	0.68797	0.03889	0.00744	0.00750	0.01166	0.00499	0.00493
88	0.01153	0.00769	0.00865	0.00865	0.00865	0.00769	0.00480	0.01153	0.01153	0.01538	0.02499	0.05189	0.02883	0.72131	0.04036	0.00769	0.00769	0.01153	0.00480	0.00480
89	0.01278	0.00913	0.01278	0.01460	0.01643	0.00913	0.01278	0.01643	0.01825	0.02373	0.04199	0.08945	0.04564	0.02191	0.01095	0.00365	0.00730	0.61847	0.00730	0.00730
90	0.74698	0.01529	0.01214	0.03797	0.01690	0.01778	0.00912	0.02319	0.01359	0.03497	0.01116	0.01321	0.00867	0.00738	0.00503	0.00246	0.00631	0.00440	0.00485	0.00860
91	0.01510	0.01429	0.02438	0.55301	0.04822	0.01668	0.07552	0.02010	0.01598	0.02091	0.01566	0.04631	0.01284	0.03126	0.00905	0.00274	0.01022	0.00780	0.00382	0.05613
92	0.01655	0.01225	0.01620	0.01598	0.01780	0.01279	0.01192	0.01775	0.01590	0.02304	0.02554	0.03678	0.02382	0.05847	0.63527	0.01278	0.02166	0.00986	0.00594	0.00971
93	0.01883	0.02217	0.14257	0.05931	0.39117	0.01892	0.02246	0.02836	0.16239	0.02722	0.01869	0.02142	0.01468	0.00801	0.00785	0.00247	0.00915	0.00728	0.00475	0.01228
94	0.01351	0.00878	0.01255	0.01220	0.01387	0.00971	0.00933	0.01610	0.01361	0.07328	0.02267	0.03293	0.02078	0.12322	0.53545	0.01089	0.01786	0.00873	0.03714	0.00739
95	0.02234	0.49096	0.08991	0.04484	0.02386	0.10156	0.01558	0.08826	0.01902	0.02255	0.01238	0.01423	0.01053	0.00733	0.00593	0.00191	0.00950	0.00489	0.00394	0.01048
96	0.02136	0.02026	0.04702	0.01697	0.02190	0.07574	0.01373	0.09690	0.51959	0.03326	0.02861	0.02678	0.02144	0.01029	0.00796	0.00260	0.00740	0.00834	0.00752	0.01232
97	0.01521	0.01059	0.01220	0.01143	0.01412	0.03772	0.00884	0.01957	0.06101	0.10568	0.34739	0.08924	0.15339	0.01628	0.00919	0.00264	0.00509	0.06380	0.00822	0.00840
98	0.01224	0.00883	0.00985	0.00942	0.01198	0.00792	0.00711	0.04010	0.01867	0.05338	0.12645	0.06510	0.44639	0.04603	0.01228	0.06652	0.00482	0.03861	0.00722	0.00706

[dist]
# distance from previous block
# <min> <max>
3	6

[block]
# block no. 1 follows, 24 sequences, length 14
# corresponding to MSA columns:
# 157-170
name=unknown_B
#
# <colnr> <probs for GDERKNQSTAVLIFYWHMCP>
#	G	D	E	R	K	N	Q	S	T	A	V	L	I	F	Y	W	H	M	C	P
0	0.02806	0.02505	0.02237	0.01838	0.02383	0.18645	0.01466	0.38171	0.15029	0.03933	0.01987	0.01986	0.01470	0.00942	0.00777	0.00236	0.00963	0.00699	0.00702	0.01226
1	0.01521	0.01234	0.01579	0.12195	0.02174	0.04984	0.03382	0.04881	0.03580	0.05119	0.33745	0.06490	0.04755	0.04561	0.01039	0.00284	0.00667	0.06259	0.00713	0.00836
2	0.02594	0.02379	0.02343	0.04685	0.12675	0.18104	0.01605	0.31829	0.02832	0.03558	0.04969	0.02270	0.04683	0.00957	0.00787	0.00232	0.00978	0.00743	0.00623	0.01154
3	0.01209	0.01051	0.01300	0.01538	0.11626	0.00981	0.00965	0.01646	0.07230	0.02440	0.13862	0.06131	0.43728	0.01676	0.00902	0.00260	0.00503	0.01426	0.00705	0.00821
4	0.02354	0.01324	0.01623	0.01358	0.01792	0.01288	0.01072	0.14034	0.06894	0.25178	0.15953	0.14079	0.03487	0.01333	0.00850	0.00253	0.00609	0.01134	0.00850	0.04537
5	0.02499	0.01311	0.01657	0.01296	0.01854	0.01137	0.01043	0.02991	0.07419	0.33695	0.12716	0.02933	0.02651	0.00979	0.00761	0.00212	0.00599	0.00814	0.00805	0.22629
6	0.01422	0.00750	0.00790	0.00780	0.00965	0.00741	0.00585	0.01792	0.01755	0.02992	0.12738	0.03426	0.02895	0.01034	0.00615	0.00195	0.00370	0.00849	0.64566	0.00741
7	0.01737	0.01338	0.02066	0.01813	0.04493	0.01313	0.12955	0.11773	0.02159	0.07514	0.14782	0.22396	0.03841	0.01542	0.00933	0.00280	0.00731	0.06687	0.00711	0.00935
8	0.01872	0.38561	0.12584	0.01443	0.02033	0.02315	0.01427	0.07331	0.01694	0.02169	0.01533	0.02176	0.01429	0.12508	0.07546	0.00386	0.01005	0.00627	0.00407	0.00954
9	0.01668	0.01267	0.01491	0.01161	0.01678	0.01038	0.00884	0.04690	0.01683	0.06189	0.02007	0.09487	0.01917	0.12138	0.01198	0.00254	0.00621	0.00791	0.00543	0.49296
10	0.04829	0.01326	0.07037	0.04075	0.04715	0.01153	0.04166	0.01916	0.08233	0.04787	0.05753	0.25366	0.05726	0.12778	0.01392	0.00363	0.00694	0.04234	0.00627	0.00828
11	0.02167	0.02414	0.06700	0.05692	0.20625	0.23411	0.01776	0.02690	0.06635	0.04906	0.08581	0.02767	0.02141	0.00983	0.00799	0.00241	0.01014	0.04901	0.00518	0.01039
12	0.01912	0.07921	0.09923	0.02002	0.04331	0.01857	0.14183	0.05415	0.22342	0.05295	0.04736	0.02636	0.04971	0.00924	0.00791	0.00240	0.00847	0.00831	0.00595	0.08248
13	0.02388	0.06338	0.06598	0.01523	0.02049	0.04786	0.01299	0.11702	0.14354	0.20501	0.06647	0.11145	0.02513	0.01166	0.00802	0.00248	0.00728	0.00962	0.00754	0.03499

[dist]
# distance from previous block
# <min> <max>
6	17

[block]
# block no. 2 follows, 24 sequences, length 43
# corresponding to MSA columns:
# 189-231
name=unknown_C
#
# <colnr> <probs for GDERKNQSTAVLIFYWHMCP>
#	G	D	E	R	K	N	Q	S	T	A	V	L	I	F	Y	W	H	M	C	P
0	0.12444	0.23686	0.02446	0.01433	0.01957	0.02188	0.01230	0.10812	0.17911	0.07444	0.02214	0.06330	0.01870	0.01019	0.00695	0.00237	0.00724	0.03654	0.00621	0.01085
1	0.18963	0.07560	0.08994	0.05266	0.08274	0.22054	0.01613	0.04842	0.01868	0.07506	0.01401	0.01624	0.01091	0.00822	0.00784	0.00234	0.05068	0.00561	0.00463	0.01012
2	0.05469	0.01956	0.09405	0.02921	0.26394	0.01701	0.07198	0.04741	0.08803	0.10445	0.04910	0.02265	0.01702	0.00821	0.00775	0.00235	0.00859	0.00745	0.00548	0.08107
3	0.10514	0.27590	0.02642	0.01485	0.04854	0.01964	0.01238	0.02964	0.01910	0.30395	0.05570	0.02170	0.01770	0.00867	0.00666	0.00217	0.00728	0.00652	0.00662	0.01140
4	0.01464	0.00744	0.00761	0.00761	0.00944	0.00749	0.00572	0.01830	0.01647	0.02910	0.02568	0.02963	0.02030	0.01131	0.03374	0.00230	0.00442	0.00744	0.73398	0.00738
5	0.01531	0.01436	0.10869	0.01491	0.05266	0.01070	0.01243	0.02054	0.05116	0.09807	0.37027	0.09283	0.05105	0.01437	0.00892	0.00259	0.00585	0.03850	0.00762	0.00917
6	0.01805	0.01797	0.02824	0.39517	0.21104	0.06481	0.08568	0.04192	0.01784	0.02312	0.01453	0.02024	0.01130	0.00764	0.00800	0.00252	0.01076	0.00716	0.00385	0.01015
7	0.01764	0.26549	0.47096	0.01964	0.02974	0.02266	0.02414	0.02466	0.01654	0.02300	0.01318	0.01542	0.01009	0.00729	0.00673	0.00224	0.01066	0.00533	0.00336	0.01121
8	0.02389	0.01799	0.01985	0.01551	0.02149	0.01848	0.01255	0.30563	0.14528	0.06952	0.04982	0.02247	0.01805	0.00907	0.00746	0.00212	0.00718	0.00718	0.00720	0.21926
9	0.55862	0.05669	0.04547	0.01264	0.01823	0.01987	0.01103	0.14276	0.01835	0.03695	0.01272	0.01423	0.00968	0.00775	0.00561	0.00240	0.00701	0.00491	0.00534	0.00975
10	0.02962	0.02195	0.02350	0.01814	0.02439	0.02435	0.01495	0.61520	0.06834	0.04913	0.01970	0.01957	0.01402	0.00958	0.00794	0.00240	0.00860	0.00723	0.00794	0.01344
11	0.02305	0.02473	0.02293	0.01973	0.02279	0.27475	0.04514	0.11409	0.02011	0.02388	0.01420	0.01863	0.01223	0.01736	0.11191	0.00408	0.20984	0.00661	0.00449	0.00943
12	0.01256	0.00897	0.01253	0.01436	0.01609	0.00894	0.01240	0.01606	0.01804	0.02349	0.04210	0.13274	0.04611	0.02211	0.01090	0.00362	0.00712	0.57731	0.00731	0.00724
13	0.01377	0.00689	0.01033	0.01033	0.01033	0.00689	0.00689	0.01033	0.01033	0.01377	0.01377	0.02410	0.01377	0.02755	0.03099	0.76928	0.00689	0.00689	0.00344	0.00344
14	0.00995	0.00799	0.00887	0.00878	0.01110	0.00692	0.00654	0.01244	0.01924	0.02449	0.25553	0.10617	0.45576	0.01918	0.00941	0.00265	0.00397	0.01633	0.00778	0.00692
15	0.01133	0.00850	0.01274	0.01274	0.01416	0.00991	0.00991	0.01416	0.01274	0.01841	0.02124	0.03115	0.01982	0.05947	0.68989	0.01274	0.02124	0.00850	0.00425	0.00708
16	0.01112	0.00808	0.01050	0.01015	0.01198	0.00746	0.00765	0.01464	0.02165	0.03030	0.57648	0.09739	0.10088	0.01713	0.00947	0.00260	0.00396	0.04264	0.00852	0.00738
17	0.01144	0.00765	0.00867	0.00876	0.00878	0.00763	0.00492	0.01151	0.01170	0.01560	0.02586	0.08291	0.02993	0.68880	0.03895	0.00748	0.00754	0.01205	0.00492	0.00488
18	0.00966	0.00690	0.00920	0.01104	0.01150	0.00644	0.00736	0.01104	0.01518	0.02024	0.04371	0.71614	0.05245	0.02484	0.01012	0.00322	0.00460	0.02254	0.00736	0.00644
19	0.74157	0.01525	0.01198	0.01061	0.01557	0.01749	0.00874	0.02405	0.01394	0.06652	0.01202	0.01356	0.00912	0.00748	0.00506	0.00245	0.00616	0.00447	0.00514	0.00882
20	0.02962	0.03779	0.02247	0.02043	0.02451	0.68948	0.01532	0.03166	0.02247	0.01941	0.01226	0.01430	0.01021	0.00817	0.00715	0.00204	0.01430	0.00511	0.00409	0.00919
21	0.03558	0.01350	0.01840	0.01411	0.02024	0.01166	0.01166	0.03865	0.02270	0.67734	0.03128	0.02699	0.01963	0.00981	0.00797	0.00245	0.00675	0.00797	0.00981	0.01350
22	0.00969	0.00708	0.00912	0.01065	0.01142	0.00651	0.00721	0.01123	0.01579	0.02081	0.07107	0.61772	0.12461	0.02397	0.01001	0.00313	0.00450	0.02157	0.00741	0.00651
23	0.01498	0.01409	0.02378	0.70226	0.05462	0.01762	0.02202	0.02026	0.01586	0.02026	0.01409	0.02114	0.01057	0.00793	0.00793	0.00264	0.01057	0.00705	0.00352	0.00881
24	0.77733	0.01534	0.01166	0.01043	0.01534	0.01779	0.00859	0.02331	0.01350	0.03558	0.01104	0.01288	0.00859	0.00736	0.00491	0.00245	0.00613	0.00429	0.00491	0.00859
25	0.00945	0.00804	0.00815	0.00812	0.01076	0.00673	0.00609	0.01154	0.01827	0.02189	0.10655	0.07555	0.64212	0.01991	0.00937	0.00267	0.00400	0.01663	0.00742	0.00673
26	0.77733	0.01534	0.01166	0.01043	0.01534	0.01779	0.00859	0.02331	0.01350	0.03558	0.01104	0.01288	0.00859	0.00736	0.00491	0.00245	0.00613	0.00429	0.00491	0.00859
27	0.01619	0.07838	0.64540	0.02211	0.03356	0.01912	0.02844	0.02504	0.01671	0.02476	0.01406	0.01652	0.01005	0.00749	0.00740	0.00247	0.01154	0.00577	0.00335	0.01164
28	0.02057	0.01745	0.01841	0.01631	0.02094	0.02012	0.01276	0.09096	0.60732	0.03453	0.03120	0.02873	0.02334	0.01066	0.00806	0.00266	0.00647	0.00882	0.00806	0.01263
29	0.01644	0.01409	0.01644	0.01175	0.01879	0.01057	0.00940	0.01997	0.01644	0.02584	0.01409	0.01644	0.01175	0.00587	0.00587	0.00117	0.00587	0.00470	0.00470	0.76979
30	0.01093	0.00802	0.01024	0.00985	0.01171	0.00733	0.00733	0.01433	0.02150	0.02995	0.56503	0.10634	0.13347	0.01720	0.00941	0.00256	0.00383	0.01515	0.00850	0.00733
31	0.01832	0.01560	0.01676	0.01549	0.01956	0.01775	0.01220	0.03739	0.54686	0.03140	0.03618	0.03918	0.06411	0.01258	0.00848	0.00280	0.00626	0.07950	0.00794	0.01161
32	0.01644	0.01409	0.01644	0.01175	0.01879	0.01057	0.00940	0.01997	0.01644	0.02584	0.01409	0.01644	0.01175	0.00587	0.00587	0.00117	0.00587	0.00470	0.00470	0.76979
33	0.00966	0.00690	0.00920	0.01104	0.01150	0.00644	0.00736	0.01104	0.01518	0.02024	0.04371	0.71614	0.05245	0.02484	0.01012	0.00322	0.00460	0.02254	0.00736	0.00644
34	0.77733	0.01534	0.01166	0.01043	0.01534	0.01779	0.00859	0.02331	0.01350	0.03558	0.01104	0.01288	0.00859	0.00736	0.00491	0.00245	0.00613	0.00429	0.00491	0.00859
35	0.00950	0.00801	0.00807	0.00807	0.01059	0.00675	0.00595	0.01139	0.01769	0.02107	0.07712	0.07490	0.63146	0.06082	0.01117	0.00297	0.00423	0.01643	0.00722	0.00658
36	0.03035	0.02188	0.02359	0.01809	0.02443	0.02410	0.01494	0.62236	0.03673	0.07380	0.01950	0.01934	0.01372	0.00953	0.00793	0.00238	0.00865	0.00717	0.00800	0.01349
37	0.01134	0.00845	0.01252	0.01252	0.01386	0.00979	0.00963	0.01402	0.01268	0.01824	0.02144	0.03228	0.02032	0.09557	0.65447	0.01247	0.02050	0.00866	0.00428	0.00696
38	0.00972	0.00805	0.00851	0.00839	0.01092	0.00684	0.00630	0.01204	0.01889	0.02335	0.18922	0.07315	0.55854	0.01937	0.00937	0.00264	0.00397	0.01629	0.00762	0.00684
39	0.02120	0.72609	0.04155	0.01357	0.02035	0.03138	0.01357	0.02374	0.01611	0.01866	0.01102	0.01272	0.01018	0.00678	0.00509	0.00170	0.00848	0.00424	0.00339	0.01018
40	0.02120	0.72609	0.04155	0.01357	0.02035	0.03138	0.01357	0.02374	0.01611	0.01866	0.01102	0.01272	0.01018	0.00678	0.00509	0.00170	0.00848	0.00424	0.00339	0.01018
41	0.01151	0.00776	0.00901	0.00901	0.00913	0.00788	0.00525	0.01176	0.01164	0.01564	0.02466	0.05007	0.02804	0.66300	0.09759	0.00813	0.00888	0.01126	0.00476	0.00501
42	0.03531	0.01393	0.01867	0.01432	0.02046	0.01230	0.01183	0.06902	0.02343	0.64593	0.03067	0.02659	0.01932	0.00980	0.00797	0.00245	0.00685	0.00793	0.00972	0.01349

[dist]
# distance from previous block
# <min> <max>
0	1

[block]
# block no. 3 follows, 24 sequences, length 88
# corresponding to MSA columns:
# 233-320
name=unknown_D
#
# <colnr> <probs for GDERKNQSTAVLIFYWHMCP>
#	G	D	E	R	K	N	Q	S	T	A	V	L	I	F	Y	W	H	M	C	P
0	0.01895	0.01932	0.06037	0.11864	0.57604	0.01869	0.02431	0.02393	0.01776	0.02526	0.01480	0.01966	0.01223	0.00718	0.00784	0.00239	0.00965	0.00701	0.00386	0.01211
1	0.03278	0.01358	0.01812	0.01376	0.02003	0.01150	0.01132	0.03591	0.02178	0.58189	0.02877	0.02545	0.01847	0.00924	0.00767	0.00227	0.00662	0.00749	0.00907	0.12430
2	0.01631	0.09345	0.63135	0.02191	0.03325	0.01941	0.02809	0.02501	0.01669	0.02462	0.01399	0.01643	0.01006	0.00748	0.00735	0.00245	0.01147	0.00574	0.00335	0.01160
3	0.02857	0.03804	0.07281	0.02060	0.02527	0.63812	0.01639	0.03116	0.02203	0.01984	0.01241	0.01449	0.01020	0.00812	0.00718	0.00208	0.01410	0.00516	0.00403	0.00939
4	0.03014	0.02221	0.02380	0.01825	0.02459	0.02459	0.01507	0.64541	0.03728	0.04998	0.01904	0.01904	0.01349	0.00952	0.00793	0.00238	0.00873	0.00714	0.00793	0.01349
5	0.02397	0.01362	0.01701	0.01263	0.01911	0.01089	0.01023	0.02732	0.01920	0.28925	0.04624	0.02235	0.01736	0.00786	0.00686	0.00174	0.00614	0.00639	0.00692	0.43489
6	0.01144	0.00770	0.00862	0.00862	0.00874	0.00765	0.00486	0.01153	0.01181	0.01563	0.02733	0.05293	0.05592	0.69163	0.03905	0.00748	0.00753	0.01175	0.00491	0.00488
7	0.01134	0.00843	0.01243	0.01243	0.01374	0.00974	0.00952	0.01396	0.01265	0.01818	0.02153	0.03274	0.02051	0.11012	0.64018	0.01236	0.02020	0.00873	0.00429	0.00691
8	0.00937	0.00803	0.00803	0.00803	0.01071	0.00669	0.00602	0.01138	0.01807	0.02142	0.08033	0.07632	0.66863	0.02008	0.00937	0.00268	0.00402	0.01674	0.00736	0.00669
9	0.09953	0.01402	0.01804	0.01396	0.02000	0.01273	0.01153	0.06271	0.02251	0.59556	0.02902	0.02544	0.01842	0.00959	0.00771	0.00245	0.00678	0.00762	0.00931	0.01307
10	0.01478	0.00739	0.00739	0.00739	0.00924	0.00739	0.00554	0.01848	0.01663	0.02956	0.02587	0.02956	0.02033	0.00924	0.00554	0.00185	0.00370	0.00739	0.76534	0.00739
11	0.00964	0.00698	0.00912	0.01084	0.01145	0.00646	0.00727	0.01106	0.01537	0.02032	0.04611	0.67415	0.09289	0.02453	0.01007	0.00318	0.00456	0.02216	0.00736	0.00646
12	0.01872	0.02139	0.04679	0.03342	0.04144	0.02005	0.64305	0.02540	0.01872	0.02540	0.01604	0.02139	0.01203	0.00668	0.00936	0.00267	0.01337	0.00936	0.00401	0.01070
13	0.02177	0.01706	0.01835	0.01610	0.02084	0.01934	0.01264	0.08063	0.56271	0.08999	0.03134	0.02868	0.02312	0.01060	0.00805	0.00265	0.00647	0.00876	0.00821	0.01269
14	0.00961	0.00804	0.00836	0.00828	0.01086	0.00680	0.00621	0.01184	0.01864	0.02276	0.15602	0.07411	0.59211	0.01958	0.00937	0.00265	0.00398	0.01643	0.00754	0.00680
15	0.02234	0.01501	0.01711	0.01506	0.01958	0.01605	0.01209	0.08511	0.34027	0.17190	0.03587	0.03925	0.07435	0.01256	0.00850	0.00273	0.00653	0.08566	0.00829	0.01173
16	0.00973	0.00699	0.00913	0.01080	0.01134	0.00651	0.00719	0.01108	0.01515	0.02009	0.04454	0.65872	0.07910	0.05471	0.01139	0.00339	0.00471	0.02181	0.00725	0.00638
17	0.00991	0.00718	0.00942	0.01112	0.01187	0.00669	0.00773	0.01153	0.01567	0.02063	0.04636	0.61295	0.09902	0.02423	0.01014	0.00322	0.00479	0.07366	0.00736	0.00653
18	0.77733	0.01534	0.01166	0.01043	0.01534	0.01779	0.00859	0.02331	0.01350	0.03558	0.01104	0.01288	0.00859	0.00736	0.00491	0.00245	0.00613	0.00429	0.00491	0.00859
19	0.01651	0.01434	0.01704	0.01244	0.01895	0.01162	0.01000	0.01990	0.01611	0.02532	0.01381	0.01651	0.01164	0.00649	0.00741	0.00135	0.05952	0.00487	0.00460	0.71154
20	0.01268	0.00906	0.01264	0.01430	0.01613	0.00902	0.01243	0.01633	0.01853	0.02426	0.08305	0.08747	0.04755	0.02153	0.01085	0.00358	0.00707	0.57882	0.00740	0.00731
21	0.01153	0.00769	0.00865	0.00865	0.00865	0.00769	0.00480	0.01153	0.01153	0.01538	0.02499	0.05189	0.02883	0.72131	0.04036	0.00769	0.00769	0.01153	0.00480	0.00480
22	0.77733	0.01534	0.01166	0.01043	0.01534	0.01779	0.00859	0.02331	0.01350	0.03558	0.01104	0.01288	0.00859	0.00736	0.00491	0.00245	0.00613	0.00429	0.00491	0.00859
23	0.01150	0.00781	0.00927	0.00927	0.00949	0.00803	0.00558	0.01193	0.01172	0.01584	0.02442	0.04874	0.02746	0.62061	0.13919	0.00846	0.00975	0.01107	0.00472	0.00515
24	0.00964	0.00700	0.00910	0.01078	0.01143	0.00646	0.00725	0.01107	0.01543	0.02034	0.04688	0.66078	0.10576	0.02443	0.01006	0.00317	0.00455	0.02204	0.00736	0.00646
25	0.01002	0.00717	0.00959	0.01124	0.01191	0.00673	0.00779	0.01176	0.01598	0.02140	0.09132	0.61725	0.05363	0.02396	0.01013	0.00320	0.00474	0.06814	0.00746	0.00659
26	0.77733	0.01534	0.01166	0.01043	0.01534	0.01779	0.00859	0.02331	0.01350	0.03558	0.01104	0.01288	0.00859	0.00736	0.00491	0.00245	0.00613	0.00429	0.00491	0.00859
27	0.03061	0.02146	0.02333	0.01789	0.02422	0.02347	0.01478	0.59291	0.03602	0.10426	0.02010	0.01973	0.01402	0.00954	0.00794	0.00239	0.00855	0.00721	0.00810	0.01349
28	0.01124	0.00816	0.01152	0.01241	0.01356	0.00866	0.00951	0.01366	0.01454	0.01986	0.03209	0.22422	0.03487	0.09258	0.30904	0.00781	0.01271	0.15098	0.00579	0.00679
29	0.01447	0.00745	0.00767	0.00761	0.00946	0.00740	0.00571	0.01817	0.01713	0.02976	0.08140	0.03213	0.02504	0.00984	0.00587	0.00190	0.00370	0.00799	0.69987	0.00740
30	0.03511	0.01425	0.01887	0.01447	0.02062	0.01277	0.01195	0.09115	0.02396	0.62306	0.03022	0.02630	0.01910	0.00979	0.00797	0.00245	0.00692	0.00790	0.00965	0.01349
31	0.01983	0.01938	0.02982	0.15872	0.50134	0.06283	0.02304	0.04464	0.01860	0.02530	0.01474	0.01952	0.01209	0.00737	0.00782	0.00239	0.00992	0.00694	0.00400	0.01172
32	0.00966	0.00690	0.00920	0.01104	0.01150	0.00644	0.00736	0.01104	0.01518	0.02024	0.04371	0.71614	0.05245	0.02484	0.01012	0.00322	0.00460	0.02254	0.00736	0.00644
33	0.01133	0.00850	0.01274	0.01274	0.01416	0.00991	0.00991	0.01416	0.01274	0.01841	0.02124	0.03115	0.01982	0.05947	0.68989	0.01274	0.02124	0.00850	0.00425	0.00708
34	0.01122	0.00811	0.01060	0.00998	0.01185	0.00748	0.00748	0.01496	0.02245	0.03180	0.66766	0.05923	0.07482	0.01621	0.00935	0.00249	0.00374	0.01434	0.00873	0.00748
35	0.02120	0.72609	0.04155	0.01357	0.02035	0.03138	0.01357	0.02374	0.01611	0.01866	0.01102	0.01272	0.01018	0.00678	0.00509	0.00170	0.00848	0.00424	0.00339	0.01018
36	0.00997	0.00806	0.00886	0.00866	0.01108	0.00695	0.00650	0.01254	0.01949	0.02478	0.27032	0.07079	0.47654	0.01883	0.00937	0.00262	0.00393	0.01596	0.00781	0.00695
37	0.77733	0.01534	0.01166	0.01043	0.01534	0.01779	0.00859	0.02331	0.01350	0.03558	0.01104	0.01288	0.00859	0.00736	0.00491	0.00245	0.00613	0.00429	0.00491	0.00859
38	0.01286	0.00917	0.01168	0.01126	0.01239	0.01000	0.00793	0.06124	0.01406	0.01941	0.02282	0.03989	0.02354	0.36416	0.33493	0.00959	0.01397	0.00981	0.00479	0.00651
39	0.01122	0.00811	0.01060	0.00998	0.01185	0.00748	0.00748	0.01496	0.02245	0.03180	0.66766	0.05923	0.07482	0.01621	0.00935	0.00249	0.00374	0.01434	0.00873	0.00748
40	0.02289	0.49707	0.03519	0.01537	0.02133	0.12279	0.01402	0.07753	0.05986	0.02232	0.01321	0.01473	0.01137	0.00774	0.00662	0.00194	0.03643	0.00501	0.00417	0.01041
41	0.01239	0.01112	0.05465	0.01317	0.01564	0.00960	0.01121	0.01745	0.07360	0.02527	0.16095	0.20574	0.09066	0.01944	0.00990	0.00312	0.00603	0.24480	0.00740	0.00785
42	0.01809	0.32363	0.41675	0.01888	0.02856	0.02376	0.02281	0.02455	0.01648	0.02245	0.01291	0.01508	0.01010	0.00722	0.00652	0.00217	0.01038	0.00519	0.00337	0.01108
43	0.06053	0.02130	0.02258	0.01766	0.02372	0.02372	0.01450	0.54693	0.11045	0.04736	0.02028	0.02004	0.01456	0.00958	0.00782	0.00242	0.00832	0.00724	0.00782	0.01317
44	0.01122	0.00811	0.01060	0.00998	0.01185	0.00748	0.00748	0.01496	0.02245	0.03180	0.66766	0.05923	0.07482	0.01621	0.00935	0.00249	0.00374	0.01434	0.00873	0.00748
45	0.02151	0.01697	0.01826	0.01603	0.02066	0.01919	0.01256	0.11193	0.51487	0.07556	0.03116	0.05900	0.02391	0.01118	0.00814	0.00266	0.00652	0.00930	0.00813	0.01245
46	0.00937	0.00803	0.00803	0.00803	0.01071	0.00669	0.00602	0.01138	0.01807	0.02142	0.08033	0.07632	0.66863	0.02008	0.00937	0.00268	0.00402	0.01674	0.00736	0.00669
47	0.02143	0.01715	0.01835	0.01615	0.02086	0.01952	0.01266	0.08151	0.57599	0.07570	0.03134	0.02873	0.02321	0.01062	0.00805	0.00265	0.00647	0.00878	0.00817	0.01267
48	0.01644	0.01402	0.01636	0.01204	0.01878	0.01089	0.00966	0.02074	0.04297	0.02606	0.01593	0.01983	0.01358	0.00670	0.00616	0.00133	0.00595	0.02882	0.00494	0.70879
49	0.02169	0.02237	0.03041	0.09252	0.40965	0.14232	0.07333	0.06538	0.01998	0.02577	0.01472	0.01888	0.01199	0.00746	0.00786	0.00235	0.01069	0.00690	0.00419	0.01155
50	0.02120	0.72609	0.04155	0.01357	0.02035	0.03138	0.01357	0.02374	0.01611	0.01866	0.01102	0.01272	0.01018	0.00678	0.00509	0.00170	0.00848	0.00424	0.00339	0.01018
51	0.03094	0.01494	0.01865	0.01469	0.02033	0.01440	0.01199	0.14550	0.08753	0.44608	0.08425	0.02861	0.02375	0.01041	0.00810	0.00247	0.00680	0.00847	0.00921	0.01288
52	0.01498	0.01409	0.02378	0.70226	0.05462	0.01762	0.02202	0.02026	0.01586	0.02026	0.01409	0.02114	0.01057	0.00793	0.00793	0.00264	0.01057	0.00705	0.00352	0.00881
53	0.01377	0.00689	0.01033	0.01033	0.01033	0.00689	0.00689	0.01033	0.01033	0.01377	0.01377	0.02410	0.01377	0.02755	0.03099	0.76928	0.00689	0.00689	0.00344	0.00344
54	0.01106	0.00810	0.01038	0.00981	0.01175	0.00741	0.00736	0.01465	0.02207	0.03090	0.61684	0.06071	0.12620	0.01655	0.00935	0.00251	0.00376	0.01455	0.00861	0.00741
55	0.77733	0.01534	0.01166	0.01043	0.01534	0.01779	0.00859	0.02331	0.01350	0.03558	0.01104	0.01288	0.00859	0.00736	0.00491	0.00245	0.00613	0.00429	0.00491	0.00859
56	0.03558	0.01350	0.01840	0.01411	0.02024	0.01166	0.01166	0.03865	0.02270	0.67734	0.03128	0.02699	0.01963	0.00981	0.00797	0.00245	0.00675	0.00797	0.00981	0.01350
57	0.01377	0.00689	0.01033	0.01033	0.01033	0.00689	0.00689	0.01033	0.01033	0.01377	0.01377	0.02410	0.01377	0.02755	0.03099	0.76928	0.00689	0.00689	0.00344	0.00344
58	0.01377	0.00689	0.01033	0.01033	0.01033	0.00689	0.00689	0.01033	0.01033	0.01377	0.01377	0.02410	0.01377	0.02755	0.03099	0.76928	0.00689	0.00689	0.00344	0.00344
59	0.01060	0.00757	0.01028	0.01211	0.01298	0.00725	0.00899	0.01266	0.01611	0.02129	0.04319	0.52762	0.05040	0.02396	0.01037	0.00335	0.00541	0.20181	0.00734	0.00670
60	0.77733	0.01534	0.01166	0.01043	0.01534	0.01779	0.00859	0.02331	0.01350	0.03558	0.01104	0.01288	0.00859	0.00736	0.00491	0.00245	0.00613	0.00429	0.00491	0.00859
61	0.01161	0.00778	0.00892	0.00904	0.00916	0.00778	0.00533	0.01185	0.01197	0.01592	0.02610	0.05436	0.02993	0.67541	0.03843	0.00742	0.00766	0.05137	0.00497	0.00497
62	0.01075	0.00749	0.00953	0.01074	0.01124	0.00725	0.00727	0.01199	0.01438	0.01909	0.03708	0.39937	0.04342	0.26152	0.02054	0.00480	0.00604	0.10499	0.00648	0.00601
63	0.01080	0.00809	0.01002	0.00953	0.01159	0.00730	0.00715	0.01415	0.02145	0.02944	0.53413	0.06312	0.20983	0.01709	0.00936	0.00254	0.00380	0.01489	0.00842	0.00730
64	0.02966	0.02122	0.02286	0.01760	0.02374	0.02333	0.01452	0.59443	0.03581	0.07266	0.01981	0.01981	0.01402	0.00952	0.00783	0.00236	0.00843	0.00718	0.04201	0.01321
65	0.03104	0.02078	0.02291	0.01757	0.02388	0.02247	0.01451	0.54582	0.03489	0.15294	0.02105	0.02034	0.01449	0.00957	0.00794	0.00239	0.00840	0.00728	0.00824	0.01349
66	0.29424	0.01490	0.01586	0.01294	0.01810	0.01546	0.01058	0.13340	0.02189	0.25466	0.10904	0.02504	0.02222	0.00977	0.00707	0.00245	0.00646	0.00740	0.00761	0.01093
67	0.00965	0.00729	0.00881	0.01000	0.01113	0.00657	0.00683	0.01117	0.01594	0.02041	0.05443	0.48735	0.24503	0.05249	0.01115	0.00324	0.00455	0.02026	0.00725	0.00645
68	0.01063	0.00759	0.01031	0.01215	0.01303	0.00728	0.00905	0.01272	0.01614	0.02133	0.04317	0.52133	0.05033	0.02393	0.01038	0.00335	0.00544	0.20779	0.00734	0.00671
69	0.01025	0.00719	0.00918	0.01037	0.01083	0.00683	0.00674	0.01149	0.01489	0.02001	0.09097	0.49848	0.04851	0.19510	0.01748	0.00426	0.00529	0.01916	0.00685	0.00613
70	0.01014	0.00757	0.00951	0.01065	0.01194	0.00694	0.00771	0.01220	0.01703	0.02221	0.12076	0.41876	0.19861	0.02243	0.00996	0.00306	0.00469	0.09162	0.00751	0.00672
71	0.09632	0.01917	0.02123	0.01641	0.02257	0.02037	0.01355	0.42101	0.03112	0.22509	0.02179	0.02074	0.01479	0.00942	0.00768	0.00241	0.00795	0.00713	0.00820	0.01306
72	0.28813	0.01888	0.01902	0.01510	0.02092	0.02082	0.01246	0.36421	0.02748	0.11420	0.01763	0.01779	0.01248	0.00881	0.00690	0.00241	0.00762	0.00625	0.00710	0.01180
73	0.00961	0.00797	0.00841	0.00845	0.01089	0.00677	0.00628	0.01178	0.01840	0.02256	0.14661	0.11546	0.55962	0.01994	0.00942	0.00269	0.00402	0.01683	0.00752	0.00677
74	0.01644	0.01409	0.01644	0.01175	0.01879	0.01057	0.00940	0.01997	0.01644	0.02584	0.01409	0.01644	0.01175	0.00587	0.00587	0.00117	0.00587	0.00470	0.00470	0.76979
75	0.01153	0.00769	0.00865	0.00865	0.00865	0.00769	0.00480	0.01153	0.01153	0.01538	0.02499	0.05189	0.02883	0.72131	0.04036	0.00769	0.00769	0.01153	0.00480	0.00480
76	0.01368	0.00691	0.01017	0.01023	0.01032	0.00689	0.00685	0.01071	0.01077	0.01468	0.01532	0.04800	0.01538	0.02667	0.02918	0.70995	0.00667	0.00744	0.03648	0.00372
77	0.01153	0.00769	0.00865	0.00865	0.00865	0.00769	0.00480	0.01153	0.01153	0.01538	0.02499	0.05189	0.02883	0.72131	0.04036	0.00769	0.00769	0.01153	0.00480	0.00480
78	0.01009	0.00708	0.00908	0.01050	0.01085	0.00673	0.00678	0.01115	0.01435	0.01913	0.03943	0.56448	0.04705	0.18386	0.01703	0.00424	0.00531	0.02003	0.00678	0.00607
79	0.01644	0.01409	0.01644	0.01175	0.01879	0.01057	0.00940	0.01997	0.01644	0.02584	0.01409	0.01644	0.01175	0.00587	0.00587	0.00117	0.00587	0.00470	0.00470	0.76979
80	0.01527	0.01440	0.02432	0.66023	0.09431	0.01770	0.02217	0.02052	0.01600	0.02062	0.01415	0.02104	0.01070	0.00787	0.00792	0.00262	0.01050	0.00705	0.00355	0.00905
81	0.02954	0.02176	0.02342	0.01812	0.02431	0.02406	0.01499	0.62360	0.03662	0.04907	0.01983	0.02148	0.01460	0.00995	0.00804	0.00242	0.00868	0.02833	0.00791	0.01327
82	0.01062	0.00796	0.01019	0.01103	0.01251	0.00704	0.00760	0.01232	0.01547	0.02108	0.04083	0.59345	0.06902	0.02197	0.00949	0.00291	0.00476	0.01980	0.00698	0.11497
