[name]
unknown

[dist]
# distance from previous block
# <min> <max>
8	47

[block]
# block no. 0 follows, 26 sequences, length 11
# corresponding to MSA columns:
# 59-69
name=unknown_A
#
# <colnr> <probs for GDERKNQSTAVLIFYWHMCP>
#	G	D	E	R	K	N	Q	S	T	A	V	L	I	F	Y	W	H	M	C	P
0	0.06082	0.09799	0.09140	0.04248	0.01947	0.06108	0.01245	0.12943	0.01912	0.02601	0.06269	0.18115	0.04164	0.05083	0.03852	0.00304	0.00799	0.01022	0.00553	0.03815
1	0.01704	0.32761	0.18628	0.01454	0.02084	0.02098	0.01509	0.04620	0.06520	0.02150	0.02055	0.02367	0.07260	0.06182	0.05352	0.00307	0.00905	0.00668	0.00422	0.00953
2	0.01154	0.00821	0.01017	0.01068	0.01166	0.00817	0.00728	0.06893	0.01603	0.02158	0.07931	0.44214	0.04212	0.17697	0.04503	0.00427	0.00601	0.01686	0.00653	0.00652
3	0.01898	0.55864	0.20771	0.01520	0.02290	0.02683	0.01684	0.02305	0.01557	0.01943	0.01133	0.01315	0.00970	0.00667	0.00547	0.00182	0.00891	0.00445	0.00323	0.01011
4	0.00989	0.00832	0.03347	0.01064	0.01202	0.00719	0.00797	0.01179	0.01489	0.01952	0.04435	0.41796	0.16725	0.07422	0.07327	0.00409	0.00635	0.06395	0.00647	0.00640
5	0.00900	0.00753	0.00785	0.00810	0.01035	0.00637	0.00595	0.01084	0.01689	0.02033	0.07178	0.16766	0.59164	0.01987	0.00907	0.00264	0.00392	0.01681	0.00704	0.00637
6	0.04456	0.13925	0.24593	0.02007	0.02731	0.07979	0.15393	0.06475	0.01770	0.02388	0.03336	0.02031	0.01357	0.07197	0.00996	0.00270	0.01035	0.00675	0.00401	0.00986
7	0.07034	0.06431	0.52526	0.02225	0.08846	0.01781	0.02472	0.02443	0.01617	0.05832	0.01415	0.01633	0.01020	0.00723	0.00698	0.00235	0.01027	0.00564	0.00367	0.01110
8	0.01020	0.00765	0.00945	0.00969	0.01100	0.00756	0.00694	0.01192	0.01422	0.01861	0.06477	0.12899	0.22412	0.20442	0.20436	0.00643	0.00934	0.03853	0.00568	0.00608
9	0.00902	0.00747	0.00790	0.00824	0.01039	0.00636	0.00601	0.01082	0.01675	0.02027	0.07005	0.20007	0.56035	0.02009	0.00910	0.00266	0.00395	0.01709	0.00704	0.00636
10	0.01915	0.01858	0.03997	0.02131	0.16285	0.13429	0.01388	0.09012	0.11579	0.04349	0.08791	0.07315	0.07286	0.06111	0.00997	0.00270	0.00801	0.00927	0.00584	0.00978

[dist]
# distance from previous block
# <min> <max>
1	14

[block]
# block no. 1 follows, 26 sequences, length 14
# corresponding to MSA columns:
# 84-97
name=unknown_B
#
# <colnr> <probs for GDERKNQSTAVLIFYWHMCP>
#	G	D	E	R	K	N	Q	S	T	A	V	L	I	F	Y	W	H	M	C	P
0	0.01191	0.00728	0.00975	0.01088	0.01190	0.00670	0.00748	0.01341	0.01530	0.09180	0.04053	0.65274	0.04678	0.02221	0.00946	0.00300	0.00462	0.02006	0.00729	0.00689
1	0.01573	0.01348	0.01573	0.01123	0.01798	0.01011	0.00899	0.01910	0.01573	0.02472	0.01348	0.01573	0.01123	0.00562	0.00562	0.00112	0.00562	0.00449	0.00449	0.77980
2	0.44929	0.01341	0.01471	0.24176	0.02662	0.01579	0.01231	0.02007	0.01382	0.02764	0.01489	0.09211	0.01336	0.00902	0.00618	0.00249	0.00710	0.00685	0.00451	0.00806
3	0.01710	0.01429	0.01646	0.01188	0.01855	0.01151	0.00955	0.08603	0.01781	0.02712	0.01397	0.01599	0.01141	0.00598	0.00582	0.00124	0.00590	0.00474	0.00482	0.69982
4	0.01481	0.01210	0.01409	0.01096	0.01631	0.00965	0.00853	0.01862	0.04159	0.02453	0.01909	0.11759	0.01787	0.00862	0.00625	0.00151	0.00529	0.00727	0.06865	0.57667
5	0.01735	0.01482	0.01991	0.04012	0.02189	0.01313	0.07810	0.07155	0.01741	0.04471	0.01510	0.03718	0.01260	0.00716	0.00759	0.00165	0.05210	0.00594	0.00477	0.51691
6	0.01535	0.01225	0.01461	0.01109	0.01672	0.00949	0.00871	0.01855	0.01646	0.05105	0.08637	0.08343	0.02127	0.00840	0.00640	0.00148	0.00533	0.00709	0.00531	0.60064
7	0.01689	0.01417	0.01635	0.01178	0.01847	0.01130	0.00947	0.07585	0.01749	0.02676	0.01390	0.01595	0.01138	0.00593	0.00579	0.00123	0.00586	0.00470	0.00477	0.71197
8	0.02149	0.01452	0.02150	0.10560	0.02578	0.01405	0.10985	0.08301	0.06771	0.20519	0.08283	0.04863	0.02107	0.00918	0.00769	0.00224	0.00754	0.00823	0.00652	0.13737
9	0.07370	0.42862	0.12947	0.01461	0.02099	0.06838	0.01459	0.02463	0.08420	0.02147	0.01466	0.04812	0.01291	0.00793	0.00585	0.00198	0.00838	0.00563	0.00403	0.00985
10	0.01505	0.01202	0.01578	0.08921	0.02037	0.01243	0.04070	0.12863	0.07748	0.02613	0.02988	0.36856	0.03163	0.01582	0.00851	0.00263	0.00635	0.01411	0.00642	0.07829
11	0.01617	0.16253	0.07971	0.10900	0.02168	0.01635	0.01272	0.07049	0.01638	0.02304	0.01817	0.06847	0.01661	0.08835	0.03408	0.00299	0.03820	0.00745	0.13125	0.06635
12	0.06955	0.08094	0.04840	0.01405	0.01752	0.01286	0.10335	0.03479	0.04649	0.02325	0.04218	0.20091	0.07274	0.01464	0.01007	0.08620	0.00663	0.01119	0.09648	0.00776
13	0.01804	0.08394	0.07781	0.09558	0.02987	0.08883	0.20747	0.04146	0.01731	0.02294	0.01489	0.04910	0.01254	0.00768	0.00795	0.00213	0.03574	0.00707	0.00407	0.17558

[dist]
# distance from previous block
# <min> <max>
0	20

[block]
# block no. 2 follows, 26 sequences, length 15
# corresponding to MSA columns:
# 118-132
name=unknown_C
#
# <colnr> <probs for GDERKNQSTAVLIFYWHMCP>
#	G	D	E	R	K	N	Q	S	T	A	V	L	I	F	Y	W	H	M	C	P
0	0.07880	0.01557	0.02007	0.19429	0.02856	0.03842	0.05965	0.08235	0.05251	0.02601	0.01760	0.02055	0.04349	0.00787	0.00748	0.00205	0.03332	0.00644	0.00470	0.26026
1	0.05235	0.01761	0.05362	0.06370	0.04298	0.01811	0.01392	0.29573	0.06428	0.05410	0.06980	0.06980	0.04404	0.01076	0.00888	0.00241	0.05762	0.00846	0.00646	0.04538
2	0.02659	0.02137	0.02261	0.01863	0.04718	0.09301	0.03956	0.45186	0.07318	0.06265	0.05235	0.02072	0.01634	0.00919	0.00764	0.00228	0.00865	0.00720	0.00702	0.01198
3	0.05742	0.01986	0.02725	0.04568	0.11964	0.10758	0.18532	0.05058	0.13039	0.07026	0.01779	0.02007	0.01359	0.00793	0.00841	0.00235	0.04279	0.00718	0.00505	0.06086
4	0.01797	0.01363	0.01605	0.01182	0.01815	0.01090	0.00945	0.06224	0.01752	0.08700	0.01657	0.04894	0.01379	0.00701	0.00611	0.00140	0.00582	0.00570	0.00526	0.62468
5	0.01129	0.00892	0.01317	0.06268	0.01614	0.00856	0.05144	0.01492	0.02006	0.02796	0.51567	0.10664	0.08282	0.01512	0.00891	0.00247	0.00474	0.01361	0.00753	0.00735
6	0.00924	0.00660	0.00880	0.01056	0.01100	0.00616	0.00704	0.01056	0.01452	0.01936	0.04181	0.72848	0.05017	0.02376	0.00968	0.00308	0.00440	0.02156	0.00704	0.00616
7	0.01063	0.00767	0.01004	0.00961	0.01131	0.00709	0.00715	0.01405	0.02098	0.02964	0.63693	0.10406	0.07006	0.01609	0.00900	0.00243	0.00364	0.01427	0.00826	0.00709
8	0.02764	0.01652	0.01933	0.01463	0.02078	0.01608	0.01201	0.29337	0.02616	0.26875	0.02124	0.02031	0.01458	0.00840	0.00715	0.00204	0.00705	0.00657	0.00751	0.18990
9	0.01432	0.01348	0.02275	0.71520	0.05224	0.01685	0.02107	0.01938	0.01517	0.01938	0.01348	0.02022	0.01011	0.00758	0.00758	0.00253	0.01011	0.00674	0.00337	0.00843
10	0.63815	0.01376	0.01098	0.00982	0.01412	0.01574	0.00801	0.04666	0.01426	0.03369	0.01305	0.01501	0.01013	0.00740	0.00490	0.00225	0.00561	0.00467	0.12358	0.00822
11	0.02248	0.01596	0.01761	0.01519	0.01991	0.01767	0.01200	0.08092	0.50333	0.16127	0.02985	0.02715	0.02162	0.01004	0.00769	0.00251	0.00625	0.00827	0.00803	0.01224
12	0.07973	0.10006	0.01962	0.01355	0.01887	0.01632	0.01127	0.13202	0.10379	0.29854	0.02413	0.04780	0.01750	0.00932	0.00699	0.00223	0.00660	0.00732	0.04665	0.03769
13	0.01830	0.01343	0.01499	0.01209	0.01638	0.01352	0.00968	0.15885	0.06348	0.03091	0.01917	0.02136	0.01504	0.00831	0.00746	0.00184	0.05662	0.00628	0.26295	0.24935
14	0.01774	0.01874	0.03278	0.09986	0.17069	0.05828	0.30110	0.02264	0.01712	0.02323	0.01524	0.04396	0.01265	0.00743	0.00856	0.00233	0.03467	0.00786	0.00395	0.10116

[dist]
# distance from previous block
# <min> <max>
3	16

[block]
# block no. 3 follows, 26 sequences, length 7
# corresponding to MSA columns:
# 149-155
name=unknown_D
#
# <colnr> <probs for GDERKNQSTAVLIFYWHMCP>
#	G	D	E	R	K	N	Q	S	T	A	V	L	I	F	Y	W	H	M	C	P
0	0.05377	0.01455	0.01588	0.01327	0.01771	0.01504	0.01043	0.20064	0.15769	0.06013	0.05827	0.09415	0.08707	0.03977	0.00879	0.00247	0.00619	0.00948	0.00690	0.12779
1	0.01784	0.09733	0.02381	0.29640	0.08211	0.04582	0.01718	0.09554	0.06604	0.02429	0.04585	0.02353	0.01573	0.00930	0.00914	0.00247	0.07844	0.03507	0.00459	0.00950
2	0.10901	0.16269	0.17247	0.01589	0.02290	0.05966	0.04757	0.02588	0.07630	0.08969	0.01578	0.01695	0.01198	0.00727	0.00635	0.00202	0.00834	0.00554	0.00469	0.13904
3	0.01173	0.00838	0.01166	0.01341	0.01494	0.00831	0.01137	0.01487	0.01698	0.02215	0.04043	0.19116	0.04472	0.02141	0.01035	0.00342	0.00656	0.53430	0.00699	0.00685
4	0.02708	0.01519	0.01934	0.01749	0.08512	0.01479	0.01287	0.14235	0.10815	0.33919	0.02540	0.02567	0.01800	0.00933	0.00756	0.00229	0.00692	0.03315	0.00776	0.08236
5	0.10151	0.01825	0.02153	0.05186	0.02379	0.01969	0.04416	0.37648	0.02732	0.14691	0.01843	0.01891	0.01299	0.00876	0.00803	0.00231	0.03843	0.00667	0.00688	0.04708
6	0.05023	0.01343	0.01594	0.04628	0.01922	0.01290	0.01075	0.08440	0.08611	0.07899	0.03993	0.06968	0.02047	0.03532	0.00877	0.00225	0.02865	0.06264	0.00592	0.30813

[dist]
# distance from previous block
# <min> <max>
0	31

[block]
# block no. 4 follows, 26 sequences, length 100
# corresponding to MSA columns:
# 190-289
name=unknown_E
#
# <colnr> <probs for GDERKNQSTAVLIFYWHMCP>
#	G	D	E	R	K	N	Q	S	T	A	V	L	I	F	Y	W	H	M	C	P
0	0.04865	0.01228	0.01481	0.09853	0.02022	0.01183	0.01051	0.08723	0.03927	0.02781	0.14896	0.03497	0.09551	0.01073	0.00735	0.00207	0.00593	0.04450	0.03237	0.24650
1	0.04819	0.01604	0.01879	0.10884	0.02411	0.01707	0.01313	0.30573	0.04539	0.07817	0.04698	0.05071	0.05018	0.01037	0.00762	0.00231	0.00739	0.04326	0.00664	0.09908
2	0.10785	0.01740	0.02486	0.11632	0.02870	0.01871	0.16312	0.22403	0.05147	0.03194	0.01922	0.05458	0.03618	0.00913	0.00824	0.00244	0.03290	0.00800	0.00550	0.03943
3	0.05225	0.01919	0.02854	0.09675	0.07566	0.06893	0.23116	0.13768	0.05749	0.02859	0.01613	0.01930	0.01228	0.00739	0.00759	0.00225	0.00978	0.00714	0.03158	0.09034
4	0.08139	0.01903	0.02490	0.09515	0.02779	0.10905	0.17055	0.14612	0.02115	0.08029	0.05545	0.07357	0.01793	0.00956	0.00841	0.00244	0.03344	0.00841	0.00550	0.00987
5	0.10017	0.05838	0.03018	0.17261	0.03342	0.01930	0.25809	0.02197	0.03829	0.02297	0.01469	0.04325	0.01223	0.00864	0.01067	0.00262	0.13168	0.00770	0.00395	0.00918
6	0.25571	0.01584	0.01628	0.04690	0.01990	0.01734	0.01117	0.16794	0.16169	0.08193	0.01909	0.01947	0.01412	0.00835	0.00645	0.00225	0.00656	0.00622	0.04118	0.08162
7	0.30127	0.33213	0.08712	0.01331	0.01937	0.07407	0.01279	0.04553	0.01571	0.02543	0.01119	0.01290	0.00928	0.00695	0.00526	0.00201	0.00800	0.00437	0.00397	0.00935
8	0.04458	0.01652	0.01675	0.01502	0.01926	0.04875	0.01177	0.05946	0.52042	0.05518	0.03137	0.03077	0.05391	0.01079	0.00773	0.00255	0.00638	0.03000	0.00745	0.01136
9	0.01783	0.20535	0.46637	0.01927	0.02864	0.07186	0.02300	0.04437	0.01690	0.02289	0.01288	0.01499	0.00975	0.00714	0.00663	0.00218	0.01056	0.00522	0.00340	0.01073
10	0.01242	0.01044	0.01588	0.01457	0.01740	0.00988	0.09254	0.01548	0.01618	0.02179	0.03608	0.22218	0.10077	0.01861	0.03328	0.00316	0.03090	0.21660	0.00606	0.10579
11	0.00924	0.00660	0.00880	0.01056	0.01100	0.00616	0.00704	0.01056	0.01452	0.01936	0.04181	0.72848	0.05017	0.02376	0.00968	0.00308	0.00440	0.02156	0.00704	0.00616
12	0.01629	0.06834	0.63509	0.02088	0.03164	0.01786	0.02661	0.02455	0.01625	0.05400	0.01422	0.01629	0.01003	0.00727	0.00712	0.00237	0.01086	0.00563	0.00348	0.01122
13	0.01674	0.01583	0.02764	0.37288	0.10807	0.01744	0.16295	0.07953	0.01806	0.02391	0.01659	0.02527	0.01361	0.00846	0.00812	0.00256	0.01018	0.05845	0.00420	0.00949
14	0.01028	0.00842	0.00882	0.00911	0.01069	0.03218	0.00635	0.01191	0.01614	0.02020	0.12065	0.22365	0.32810	0.14228	0.01415	0.00347	0.00491	0.01585	0.00664	0.00620
15	0.00937	0.00669	0.00894	0.01070	0.01120	0.00627	0.00726	0.01078	0.01465	0.01950	0.04174	0.70153	0.04989	0.02365	0.00971	0.00310	0.00451	0.04728	0.00704	0.00620
16	0.01796	0.27728	0.40103	0.01887	0.02784	0.06998	0.04349	0.02402	0.01626	0.02154	0.01249	0.01469	0.00973	0.00698	0.00644	0.00211	0.01038	0.00514	0.00329	0.01050
17	0.01888	0.01749	0.02752	0.11710	0.51456	0.04764	0.02107	0.02311	0.01744	0.05565	0.01835	0.02211	0.04995	0.00773	0.00758	0.00229	0.00893	0.00724	0.00417	0.01119
18	0.01573	0.01348	0.01573	0.01123	0.01798	0.01011	0.00899	0.01910	0.01573	0.02472	0.01348	0.01573	0.01123	0.00562	0.00562	0.00112	0.00562	0.00449	0.00449	0.77980
19	0.04997	0.04178	0.06596	0.18633	0.28345	0.01766	0.09100	0.02398	0.06812	0.04752	0.04008	0.02101	0.01443	0.00762	0.00754	0.00237	0.00912	0.00716	0.00434	0.01058
20	0.00975	0.00665	0.00862	0.01020	0.01078	0.00626	0.00686	0.01130	0.01467	0.02029	0.04002	0.65529	0.04696	0.02220	0.00922	0.00294	0.00431	0.02005	0.08737	0.00626
21	0.01382	0.00935	0.01261	0.01106	0.01360	0.00880	0.02987	0.05296	0.02217	0.08291	0.57105	0.05085	0.06209	0.01436	0.00877	0.00238	0.00438	0.01269	0.00824	0.00804
22	0.01032	0.00774	0.00956	0.00911	0.01108	0.00698	0.00683	0.01351	0.02049	0.02809	0.54041	0.06048	0.21473	0.01637	0.00895	0.00243	0.00364	0.01425	0.00804	0.00698
23	0.01257	0.00884	0.01117	0.01031	0.01253	0.00851	0.00782	0.01792	0.08725	0.05921	0.58803	0.05246	0.06439	0.01471	0.00876	0.00240	0.00395	0.01293	0.00833	0.00790
24	0.01521	0.03923	0.69413	0.02162	0.03283	0.01762	0.02802	0.02402	0.01601	0.02402	0.01361	0.01601	0.00961	0.00721	0.00721	0.00240	0.01121	0.00560	0.00320	0.01121
25	0.01654	0.02999	0.37436	0.02672	0.03618	0.01839	0.33852	0.02416	0.01694	0.02416	0.01447	0.01820	0.01054	0.00681	0.00807	0.00248	0.01199	0.00725	0.00351	0.01073
26	0.01573	0.01348	0.01573	0.01123	0.01798	0.01011	0.00899	0.01910	0.01573	0.02472	0.01348	0.01573	0.01123	0.00562	0.00562	0.00112	0.00562	0.00449	0.00449	0.77980
27	0.01877	0.01802	0.03079	0.04656	0.68612	0.01802	0.02328	0.02328	0.01727	0.02478	0.01427	0.01877	0.01201	0.00676	0.00751	0.00225	0.00901	0.00676	0.00375	0.01201
28	0.01739	0.31706	0.39552	0.01877	0.02789	0.02265	0.05835	0.02351	0.01588	0.02157	0.01249	0.01473	0.00977	0.00687	0.00637	0.00210	0.01006	0.00518	0.00326	0.01056
29	0.01432	0.01348	0.02275	0.71520	0.05224	0.01685	0.02107	0.01938	0.01517	0.01938	0.01348	0.02022	0.01011	0.00758	0.00758	0.00253	0.01011	0.00674	0.00337	0.00843
30	0.78701	0.01467	0.01115	0.00997	0.01467	0.01702	0.00821	0.02230	0.01291	0.03403	0.01056	0.01232	0.00821	0.00704	0.00469	0.00235	0.00587	0.00411	0.00469	0.00821
31	0.01222	0.00873	0.01222	0.01397	0.01572	0.00873	0.01222	0.01572	0.01746	0.02270	0.04016	0.08556	0.04365	0.02095	0.01048	0.00349	0.00698	0.63506	0.00698	0.00698
32	0.01432	0.01348	0.02275	0.71520	0.05224	0.01685	0.02107	0.01938	0.01517	0.01938	0.01348	0.02022	0.01011	0.00758	0.00758	0.00253	0.01011	0.00674	0.00337	0.00843
33	0.01103	0.00735	0.00827	0.00827	0.00827	0.00735	0.00460	0.01103	0.01103	0.01471	0.02390	0.04964	0.02758	0.73343	0.03861	0.00735	0.00735	0.01103	0.00460	0.00460
34	0.01432	0.01348	0.02275	0.71520	0.05224	0.01685	0.02107	0.01938	0.01517	0.01938	0.01348	0.02022	0.01011	0.00758	0.00758	0.00253	0.01011	0.00674	0.00337	0.00843
35	0.01084	0.00813	0.01219	0.01219	0.01354	0.00948	0.00948	0.01354	0.01219	0.01761	0.02032	0.02980	0.01896	0.05689	0.70337	0.01219	0.02032	0.00813	0.00406	0.00677
36	0.01546	0.03754	0.63556	0.02255	0.03344	0.01776	0.08490	0.02405	0.01618	0.02405	0.01377	0.01642	0.00978	0.00713	0.00736	0.00242	0.01135	0.00591	0.00326	0.01112
37	0.01414	0.00707	0.00707	0.00707	0.00884	0.00707	0.00530	0.01767	0.01591	0.02828	0.02474	0.02828	0.01944	0.00884	0.00530	0.00177	0.00353	0.00707	0.77554	0.00707
38	0.01521	0.03923	0.69413	0.02162	0.03283	0.01762	0.02802	0.02402	0.01601	0.02402	0.01361	0.01601	0.00961	0.00721	0.00721	0.00240	0.01121	0.00560	0.00320	0.01121
39	0.78701	0.01467	0.01115	0.00997	0.01467	0.01702	0.00821	0.02230	0.01291	0.03403	0.01056	0.01232	0.00821	0.00704	0.00469	0.00235	0.00587	0.00411	0.00469	0.00821
40	0.01432	0.01348	0.02275	0.71520	0.05224	0.01685	0.02107	0.01938	0.01517	0.01938	0.01348	0.02022	0.01011	0.00758	0.00758	0.00253	0.01011	0.00674	0.00337	0.00843
41	0.02883	0.02125	0.02276	0.01745	0.02352	0.02352	0.01442	0.66082	0.03566	0.04780	0.01821	0.01821	0.01290	0.00911	0.00759	0.00228	0.00835	0.00683	0.00759	0.01290
42	0.03403	0.01291	0.01760	0.01350	0.01936	0.01115	0.01115	0.03697	0.02171	0.69137	0.02992	0.02582	0.01878	0.00939	0.00763	0.00235	0.00645	0.00763	0.00939	0.01291
43	0.78701	0.01467	0.01115	0.00997	0.01467	0.01702	0.00821	0.02230	0.01291	0.03403	0.01056	0.01232	0.00821	0.00704	0.00469	0.00235	0.00587	0.00411	0.00469	0.00821
44	0.02883	0.02125	0.02276	0.01745	0.02352	0.02352	0.01442	0.66082	0.03566	0.04780	0.01821	0.01821	0.01290	0.00911	0.00759	0.00228	0.00835	0.00683	0.00759	0.01290
45	0.00896	0.00768	0.00768	0.00768	0.01025	0.00640	0.00576	0.01089	0.01729	0.02049	0.07684	0.07300	0.68304	0.01921	0.00896	0.00256	0.00384	0.01601	0.00704	0.00640
46	0.00961	0.00695	0.00921	0.01074	0.01147	0.00642	0.00734	0.01110	0.01470	0.01971	0.04070	0.67370	0.04846	0.02298	0.00957	0.00303	0.00456	0.04847	0.00695	0.03434
47	0.78701	0.01467	0.01115	0.00997	0.01467	0.01702	0.00821	0.02230	0.01291	0.03403	0.01056	0.01232	0.00821	0.00704	0.00469	0.00235	0.00587	0.00411	0.00469	0.00821
48	0.03203	0.01272	0.01713	0.01333	0.01889	0.01120	0.01094	0.03571	0.04634	0.62603	0.06978	0.02779	0.02217	0.00980	0.00771	0.00236	0.00626	0.00804	0.00926	0.01252
49	0.07166	0.02152	0.02205	0.01712	0.02302	0.05262	0.01408	0.59739	0.03376	0.04576	0.01750	0.01768	0.01250	0.00893	0.00739	0.00227	0.00844	0.00659	0.00726	0.01246
50	0.05611	0.02072	0.02201	0.01706	0.02298	0.02301	0.01405	0.60161	0.07152	0.04637	0.01866	0.01858	0.01332	0.00910	0.00749	0.00230	0.00812	0.00683	0.00749	0.01268
51	0.07975	0.01721	0.01708	0.01526	0.01963	0.04860	0.01191	0.06126	0.56915	0.03193	0.02799	0.02604	0.02103	0.00989	0.00744	0.00252	0.00641	0.00800	0.00731	0.01160
52	0.01786	0.39547	0.33358	0.01714	0.02550	0.02417	0.01989	0.02313	0.01554	0.02064	0.01190	0.01407	0.00969	0.00708	0.00670	0.00204	0.03720	0.00485	0.00323	0.01034
53	0.02467	0.01970	0.02044	0.01673	0.02166	0.12351	0.04976	0.22161	0.17807	0.13157	0.09112	0.02515	0.02174	0.00974	0.00773	0.00233	0.00810	0.00790	0.00718	0.01130
54	0.02747	0.03392	0.04788	0.01940	0.02370	0.57648	0.01522	0.10023	0.02252	0.02204	0.01246	0.01438	0.01012	0.00813	0.00757	0.00206	0.03764	0.00519	0.00427	0.00933
55	0.01877	0.01802	0.03079	0.04656	0.68612	0.01802	0.02328	0.02328	0.01727	0.02478	0.01427	0.01877	0.01201	0.00676	0.00751	0.00225	0.00901	0.00676	0.00375	0.01201
56	0.01979	0.01675	0.01767	0.01562	0.02008	0.01930	0.01223	0.09795	0.61326	0.03322	0.02970	0.02736	0.02220	0.01018	0.00771	0.00255	0.00622	0.00841	0.00771	0.01209
57	0.01362	0.01361	0.02697	0.02138	0.02548	0.01274	0.33631	0.01750	0.01623	0.02186	0.02843	0.37066	0.03063	0.01499	0.00931	0.00282	0.00864	0.01519	0.00542	0.00822
58	0.01573	0.01348	0.01573	0.01123	0.01798	0.01011	0.00899	0.01910	0.01573	0.02472	0.01348	0.01573	0.01123	0.00562	0.00562	0.00112	0.00562	0.00449	0.00449	0.77980
59	0.02889	0.01432	0.01764	0.01427	0.01963	0.01412	0.01155	0.06080	0.23488	0.45233	0.02981	0.02635	0.01999	0.00967	0.00766	0.00242	0.00638	0.00791	0.00878	0.01261
60	0.00911	0.00769	0.00789	0.00784	0.01033	0.00647	0.00588	0.01117	0.01763	0.02131	0.12658	0.07165	0.63279	0.01891	0.00896	0.00255	0.00382	0.01582	0.00715	0.00647
61	0.01521	0.03923	0.69413	0.02162	0.03283	0.01762	0.02802	0.02402	0.01601	0.02402	0.01361	0.01601	0.00961	0.00721	0.00721	0.00240	0.01121	0.00560	0.00320	0.01121
62	0.00903	0.00741	0.00796	0.00840	0.01043	0.00634	0.00608	0.01080	0.01660	0.02021	0.06808	0.23689	0.52480	0.02035	0.00914	0.00269	0.00398	0.01740	0.00704	0.00634
63	0.01749	0.01966	0.04225	0.10996	0.04108	0.01892	0.58580	0.02374	0.01759	0.02374	0.01513	0.02043	0.01135	0.00653	0.00880	0.00255	0.01248	0.00870	0.00378	0.01002
64	0.78701	0.01467	0.01115	0.00997	0.01467	0.01702	0.00821	0.02230	0.01291	0.03403	0.01056	0.01232	0.00821	0.00704	0.00469	0.00235	0.00587	0.00411	0.00469	0.00821
65	0.01849	0.05030	0.01803	0.01290	0.01915	0.12388	0.01030	0.04605	0.01743	0.02431	0.01325	0.01533	0.01099	0.00615	0.00586	0.00133	0.00714	0.00463	0.00446	0.59003
66	0.00916	0.00758	0.00804	0.00816	0.01043	0.00645	0.00603	0.01118	0.01740	0.02132	0.13097	0.13995	0.55850	0.01933	0.00904	0.00260	0.00388	0.01637	0.00717	0.00645
67	0.01876	0.35409	0.17640	0.05971	0.05994	0.02384	0.13291	0.05203	0.01698	0.02208	0.01274	0.01551	0.01030	0.00682	0.00650	0.00207	0.00977	0.00567	0.00357	0.01031
68	0.15927	0.04961	0.02354	0.04412	0.02237	0.09073	0.08778	0.02093	0.01386	0.02179	0.01144	0.01689	0.01032	0.03208	0.01643	0.00293	0.35738	0.00628	0.00373	0.00851
69	0.00925	0.00737	0.00830	0.00875	0.01059	0.00642	0.00630	0.01118	0.01694	0.02129	0.13552	0.26577	0.42532	0.02014	0.00918	0.00270	0.00398	0.01740	0.00719	0.00642
70	0.01909	0.01862	0.03048	0.04566	0.66421	0.04066	0.02299	0.02351	0.01741	0.02457	0.01418	0.01860	0.01194	0.00679	0.00749	0.00224	0.00917	0.00670	0.00376	0.01191
71	0.01879	0.01899	0.02778	0.20542	0.45694	0.09593	0.02176	0.02313	0.01724	0.02276	0.01379	0.01854	0.01130	0.00708	0.00745	0.00229	0.00981	0.00654	0.00368	0.01078
72	0.01268	0.00822	0.01085	0.01011	0.01222	0.00757	0.00777	0.01620	0.02126	0.08269	0.59310	0.05586	0.06575	0.01533	0.00893	0.00245	0.00400	0.04904	0.00835	0.00761
73	0.01823	0.01653	0.02002	0.05273	0.17302	0.04410	0.01488	0.03244	0.40179	0.02809	0.02777	0.03063	0.04329	0.01030	0.00786	0.00254	0.00716	0.05103	0.00640	0.01119
74	0.01043	0.00774	0.00971	0.00922	0.01114	0.00703	0.00692	0.01372	0.02075	0.02870	0.57714	0.05949	0.17761	0.01615	0.00895	0.00242	0.00362	0.01411	0.00812	0.00703
75	0.01868	0.01618	0.01739	0.04477	0.02109	0.01878	0.01239	0.03943	0.64486	0.03121	0.03014	0.02796	0.02261	0.01018	0.00771	0.00257	0.00618	0.00850	0.00754	0.01186
76	0.01199	0.00834	0.01074	0.00996	0.01202	0.00784	0.00753	0.01635	0.05098	0.05550	0.62790	0.05421	0.06738	0.01504	0.00884	0.00239	0.00380	0.01325	0.00836	0.00759
77	0.02883	0.02125	0.02276	0.01745	0.02352	0.02352	0.01442	0.66082	0.03566	0.04780	0.01821	0.01821	0.01290	0.00911	0.00759	0.00228	0.00835	0.00683	0.00759	0.01290
78	0.00924	0.00660	0.00880	0.01056	0.01100	0.00616	0.00704	0.01056	0.01452	0.01936	0.04181	0.72848	0.05017	0.02376	0.00968	0.00308	0.00440	0.02156	0.00704	0.00616
79	0.01066	0.00775	0.01003	0.00946	0.01128	0.00712	0.00710	0.01416	0.02129	0.02999	0.65583	0.05737	0.09812	0.01567	0.00895	0.00239	0.00359	0.01382	0.00829	0.00712
80	0.01931	0.01652	0.01740	0.01553	0.01989	0.01908	0.01211	0.06815	0.64384	0.03245	0.03030	0.02785	0.02269	0.01024	0.00771	0.00256	0.00611	0.00850	0.00771	0.01205
81	0.01877	0.01802	0.03079	0.04656	0.68612	0.01802	0.02328	0.02328	0.01727	0.02478	0.01427	0.01877	0.01201	0.00676	0.00751	0.00225	0.00901	0.00676	0.00375	0.01201
82	0.02028	0.73799	0.03975	0.01298	0.01947	0.03001	0.01298	0.02271	0.01541	0.01785	0.01055	0.01217	0.00973	0.00649	0.00487	0.00162	0.00811	0.00406	0.00324	0.00973
83	0.01065	0.00867	0.01016	0.00957	0.01237	0.00755	0.00719	0.01293	0.01598	0.02114	0.07796	0.16436	0.32660	0.02264	0.10839	0.00375	0.00663	0.01350	0.00619	0.15377
84	0.01573	0.01348	0.01573	0.01123	0.01798	0.01011	0.00899	0.01910	0.01573	0.02472	0.01348	0.01573	0.01123	0.00562	0.00562	0.00112	0.00562	0.00449	0.00449	0.77980
85	0.01478	0.01393	0.01976	0.01748	0.01791	0.01890	0.01436	0.01677	0.01180	0.01805	0.01322	0.02075	0.01279	0.02700	0.23842	0.00611	0.49949	0.00711	0.00355	0.00782
86	0.01432	0.01348	0.02275	0.71520	0.05224	0.01685	0.02107	0.01938	0.01517	0.01938	0.01348	0.02022	0.01011	0.00758	0.00758	0.00253	0.01011	0.00674	0.00337	0.00843
87	0.01573	0.01348	0.01573	0.01123	0.01798	0.01011	0.00899	0.01910	0.01573	0.02472	0.01348	0.01573	0.01123	0.00562	0.00562	0.00112	0.00562	0.00449	0.00449	0.77980
88	0.01659	0.01659	0.02323	0.01991	0.01991	0.02323	0.01659	0.01825	0.01162	0.01825	0.00996	0.01659	0.00996	0.01328	0.02489	0.00332	0.71955	0.00664	0.00332	0.00830
89	0.01573	0.01348	0.01573	0.01123	0.01798	0.01011	0.00899	0.01910	0.01573	0.02472	0.01348	0.01573	0.01123	0.00562	0.00562	0.00112	0.00562	0.00449	0.00449	0.77980
90	0.01659	0.01659	0.02323	0.01991	0.01991	0.02323	0.01659	0.01825	0.01162	0.01825	0.00996	0.01659	0.00996	0.01328	0.02489	0.00332	0.71955	0.00664	0.00332	0.00830
91	0.06111	0.00925	0.00942	0.00861	0.01119	0.00955	0.00669	0.08604	0.01806	0.06070	0.02348	0.02620	0.01808	0.00879	0.00561	0.00188	0.00430	0.00690	0.61613	0.00801
92	0.00924	0.00660	0.00880	0.01056	0.01100	0.00616	0.00704	0.01056	0.01452	0.01936	0.04181	0.72848	0.05017	0.02376	0.00968	0.00308	0.00440	0.02156	0.00704	0.00616
93	0.01074	0.00775	0.01014	0.00954	0.01133	0.00716	0.00716	0.01431	0.02147	0.03042	0.68211	0.05666	0.07157	0.01551	0.00895	0.00239	0.00358	0.01372	0.00835	0.00716
94	0.78701	0.01467	0.01115	0.00997	0.01467	0.01702	0.00821	0.02230	0.01291	0.03403	0.01056	0.01232	0.00821	0.00704	0.00469	0.00235	0.00587	0.00411	0.00469	0.00821
95	0.01877	0.01802	0.03079	0.04656	0.68612	0.01802	0.02328	0.02328	0.01727	0.02478	0.01427	0.01877	0.01201	0.00676	0.00751	0.00225	0.00901	0.00676	0.00375	0.01201
96	0.02028	0.73799	0.03975	0.01298	0.01947	0.03001	0.01298	0.02271	0.01541	0.01785	0.01055	0.01217	0.00973	0.00649	0.00487	0.00162	0.00811	0.00406	0.00324	0.00973
97	0.01414	0.00707	0.00707	0.00707	0.00884	0.00707	0.00530	0.01767	0.01591	0.02828	0.02474	0.02828	0.01944	0.00884	0.00530	0.00177	0.00353	0.00707	0.77554	0.00707
98	0.02129	0.01521	0.01671	0.01294	0.01854	0.05140	0.01026	0.09710	0.06892	0.15675	0.04085	0.02209	0.01662	0.04948	0.00847	0.00205	0.00661	0.00638	0.00614	0.37220
99	0.02139	0.34907	0.05048	0.01435	0.01955	0.18809	0.01271	0.02409	0.01811	0.07027	0.09545	0.04425	0.01942	0.00873	0.00633	0.00191	0.00868	0.00638	0.00466	0.03609

[dist]
# distance from previous block
# <min> <max>
0	2

[block]
# block no. 5 follows, 26 sequences, length 206
# corresponding to MSA columns:
# 292-497
name=unknown_F
#
# <colnr> <probs for GDERKNQSTAVLIFYWHMCP>
#	G	D	E	R	K	N	Q	S	T	A	V	L	I	F	Y	W	H	M	C	P
0	0.78701	0.01467	0.01115	0.00997	0.01467	0.01702	0.00821	0.02230	0.01291	0.03403	0.01056	0.01232	0.00821	0.00704	0.00469	0.00235	0.00587	0.00411	0.00469	0.00821
1	0.00914	0.00764	0.00797	0.00800	0.01038	0.00646	0.00595	0.01119	0.01755	0.02136	0.13176	0.10295	0.59545	0.01908	0.00900	0.00257	0.00384	0.01606	0.00717	0.00646
2	0.01414	0.00707	0.00707	0.00707	0.00884	0.00707	0.00530	0.01767	0.01591	0.02828	0.02474	0.02828	0.01944	0.00884	0.00530	0.00177	0.00353	0.00707	0.77554	0.00707
3	0.01085	0.00806	0.01058	0.01071	0.03517	0.00746	0.00753	0.01413	0.02041	0.02855	0.56836	0.07928	0.11276	0.04076	0.00995	0.00259	0.00395	0.01382	0.00791	0.00715
4	0.01011	0.00773	0.00928	0.00889	0.01095	0.00689	0.00667	0.01311	0.02001	0.02694	0.47004	0.06238	0.28581	0.01680	0.00895	0.00245	0.00367	0.01452	0.00789	0.00689
5	0.02028	0.01650	0.01733	0.01487	0.01852	0.04865	0.01177	0.19332	0.25779	0.03224	0.02476	0.02607	0.04061	0.03881	0.01048	0.00262	0.08697	0.00787	0.12006	0.01046
6	0.00988	0.00716	0.00832	0.00895	0.00973	0.00669	0.00576	0.01083	0.01381	0.01779	0.04327	0.29904	0.19599	0.30400	0.02097	0.00465	0.00543	0.01603	0.00607	0.00560
7	0.02833	0.03615	0.02149	0.01954	0.02345	0.70298	0.01466	0.03029	0.02149	0.01856	0.01172	0.01368	0.00977	0.00782	0.00684	0.00195	0.01368	0.00489	0.00391	0.00879
8	0.01544	0.01317	0.01542	0.01120	0.01766	0.00993	0.00890	0.01872	0.01567	0.02448	0.01475	0.04772	0.01298	0.00643	0.00580	0.00121	0.00556	0.00526	0.00461	0.74508
9	0.01706	0.01749	0.02302	0.14223	0.02586	0.07212	0.01724	0.01934	0.01297	0.01848	0.01071	0.01702	0.00997	0.01187	0.02052	0.00308	0.54278	0.00653	0.00337	0.00836
10	0.02397	0.02117	0.01911	0.01629	0.02090	0.16449	0.01281	0.21919	0.26973	0.06108	0.04790	0.02320	0.01883	0.00952	0.00745	0.00231	0.00816	0.00738	0.03526	0.01126
11	0.02646	0.02867	0.02180	0.01888	0.02320	0.43090	0.04297	0.09057	0.11854	0.07190	0.01657	0.01756	0.01278	0.00857	0.00790	0.00218	0.03932	0.00606	0.00518	0.00999
12	0.01453	0.01376	0.02330	0.65666	0.05021	0.01664	0.04566	0.01956	0.01530	0.01981	0.01356	0.02003	0.01022	0.00745	0.00755	0.00247	0.01002	0.00673	0.00344	0.04312
13	0.01545	0.01391	0.02243	0.54103	0.11115	0.01676	0.01969	0.04644	0.01617	0.02173	0.01446	0.02046	0.01110	0.00786	0.00802	0.00246	0.03473	0.00677	0.06051	0.00887
14	0.01659	0.01659	0.02323	0.01991	0.01991	0.02323	0.01659	0.01825	0.01162	0.01825	0.00996	0.01659	0.00996	0.01328	0.02489	0.00332	0.71955	0.00664	0.00332	0.00830
15	0.02883	0.02125	0.02276	0.01745	0.02352	0.02352	0.01442	0.66082	0.03566	0.04780	0.01821	0.01821	0.01290	0.00911	0.00759	0.00228	0.00835	0.00683	0.00759	0.01290
16	0.01102	0.00738	0.00842	0.00842	0.00847	0.00743	0.00478	0.01112	0.01107	0.01481	0.02377	0.04891	0.02726	0.70849	0.06311	0.00753	0.00783	0.01092	0.00458	0.00468
17	0.02962	0.01369	0.01742	0.01372	0.01904	0.01291	0.01120	0.11733	0.07146	0.48369	0.10130	0.02844	0.02422	0.01010	0.00778	0.00236	0.00635	0.00827	0.00891	0.01220
18	0.02833	0.03615	0.02149	0.01954	0.02345	0.70298	0.01466	0.03029	0.02149	0.01856	0.01172	0.01368	0.00977	0.00782	0.00684	0.00195	0.01368	0.00489	0.00391	0.00879
19	0.00924	0.00660	0.00880	0.01056	0.01100	0.00616	0.00704	0.01056	0.01452	0.01936	0.04181	0.72848	0.05017	0.02376	0.00968	0.00308	0.00440	0.02156	0.00704	0.00616
20	0.78701	0.01467	0.01115	0.00997	0.01467	0.01702	0.00821	0.02230	0.01291	0.03403	0.01056	0.01232	0.00821	0.00704	0.00469	0.00235	0.00587	0.00411	0.00469	0.00821
21	0.00896	0.00768	0.00768	0.00768	0.01025	0.00640	0.00576	0.01089	0.01729	0.02049	0.07684	0.07300	0.68304	0.01921	0.00896	0.00256	0.00384	0.01601	0.00704	0.00640
22	0.01790	0.02046	0.04476	0.03197	0.03964	0.01918	0.65857	0.02430	0.01790	0.02430	0.01535	0.02046	0.01151	0.00639	0.00895	0.00256	0.01279	0.00895	0.00384	0.01023
23	0.01414	0.00707	0.00707	0.00707	0.00884	0.00707	0.00530	0.01767	0.01591	0.02828	0.02474	0.02828	0.01944	0.00884	0.00530	0.00177	0.00353	0.00707	0.77554	0.00707
24	0.01074	0.00775	0.01014	0.00954	0.01133	0.00716	0.00716	0.01431	0.02147	0.03042	0.68211	0.05666	0.07157	0.01551	0.00895	0.00239	0.00358	0.01372	0.00835	0.00716
25	0.01449	0.01366	0.02306	0.68959	0.07652	0.01690	0.02115	0.01953	0.01525	0.01959	0.01351	0.02017	0.01018	0.00755	0.00758	0.00252	0.01007	0.00674	0.00339	0.00856
26	0.01432	0.01348	0.02275	0.71520	0.05224	0.01685	0.02107	0.01938	0.01517	0.01938	0.01348	0.02022	0.01011	0.00758	0.00758	0.00253	0.01011	0.00674	0.00337	0.00843
27	0.01861	0.01786	0.03049	0.07098	0.66296	0.01798	0.02320	0.02314	0.01719	0.02458	0.01424	0.01883	0.01195	0.00679	0.00751	0.00226	0.00905	0.00676	0.00374	0.01188
28	0.01521	0.03923	0.69413	0.02162	0.03283	0.01762	0.02802	0.02402	0.01601	0.02402	0.01361	0.01601	0.00961	0.00721	0.00721	0.00240	0.01121	0.00560	0.00320	0.01121
29	0.00923	0.00666	0.00874	0.01040	0.01096	0.00617	0.00697	0.01058	0.01468	0.01943	0.04380	0.69124	0.08612	0.02350	0.00964	0.00305	0.00437	0.02125	0.00704	0.00617
30	0.01954	0.63603	0.13524	0.01424	0.02142	0.02820	0.01517	0.02290	0.01550	0.01875	0.01099	0.01273	0.00972	0.00659	0.00521	0.00174	0.00856	0.00428	0.00324	0.00995
31	0.01981	0.03821	0.01435	0.01162	0.01529	0.01007	0.00920	0.04742	0.02005	0.25505	0.20416	0.14654	0.08412	0.01397	0.00826	0.00242	0.00531	0.03310	0.00792	0.05315
32	0.02957	0.02007	0.02204	0.01689	0.02294	0.02178	0.01396	0.57278	0.03369	0.13863	0.01986	0.01928	0.01373	0.00915	0.00759	0.00229	0.00808	0.00694	0.00784	0.01290
33	0.00924	0.00660	0.00880	0.01056	0.01100	0.00616	0.00704	0.01056	0.01452	0.01936	0.04181	0.72848	0.05017	0.02376	0.00968	0.00308	0.00440	0.02156	0.00704	0.00616
34	0.01650	0.02371	0.20268	0.02766	0.05873	0.01749	0.40531	0.02304	0.01735	0.02398	0.01907	0.02607	0.03951	0.00817	0.00857	0.00258	0.01148	0.05390	0.00403	0.01016
35	0.01857	0.01782	0.03043	0.07657	0.65767	0.01797	0.02318	0.02310	0.01718	0.02454	0.01423	0.01884	0.01193	0.00680	0.00751	0.00227	0.00906	0.00676	0.00374	0.01185
36	0.01432	0.01348	0.02275	0.71520	0.05224	0.01685	0.02107	0.01938	0.01517	0.01938	0.01348	0.02022	0.01011	0.00758	0.00758	0.00253	0.01011	0.00674	0.00337	0.00843
37	0.01531	0.01424	0.02362	0.61845	0.11999	0.01721	0.02107	0.04209	0.01611	0.02095	0.01373	0.02000	0.01041	0.00755	0.00758	0.00249	0.00993	0.00675	0.00356	0.00897
38	0.05379	0.05124	0.02386	0.02225	0.12784	0.22705	0.01562	0.32418	0.02694	0.03378	0.01508	0.01651	0.01154	0.00818	0.00715	0.00215	0.00996	0.00603	0.00561	0.01124
39	0.01714	0.01852	0.03828	0.03241	0.15795	0.01757	0.46937	0.02263	0.01742	0.02386	0.01798	0.09613	0.01575	0.00833	0.00876	0.00256	0.01118	0.00989	0.00416	0.01013
40	0.06959	0.03143	0.02270	0.02421	0.15086	0.53179	0.01595	0.02848	0.02019	0.02064	0.01215	0.01458	0.01012	0.00757	0.00685	0.00203	0.01233	0.00520	0.00392	0.00938
41	0.00905	0.00769	0.00780	0.00777	0.01030	0.00644	0.00583	0.01105	0.01749	0.02097	0.10591	0.07221	0.65367	0.01903	0.00896	0.00255	0.00383	0.01590	0.00711	0.00644
42	0.02028	0.73799	0.03975	0.01298	0.01947	0.03001	0.01298	0.02271	0.01541	0.01785	0.01055	0.01217	0.00973	0.00649	0.00487	0.00162	0.00811	0.00406	0.00324	0.00973
43	0.01573	0.01348	0.01573	0.01123	0.01798	0.01011	0.00899	0.01910	0.01573	0.02472	0.01348	0.01573	0.01123	0.00562	0.00562	0.00112	0.00562	0.00449	0.00449	0.77980
44	0.01103	0.00735	0.00827	0.00827	0.00827	0.00735	0.00460	0.01103	0.01103	0.01471	0.02390	0.04964	0.02758	0.73343	0.03861	0.00735	0.00735	0.01103	0.00460	0.00460
45	0.02091	0.02358	0.03257	0.02921	0.14873	0.20456	0.28516	0.04855	0.01894	0.02318	0.01494	0.04399	0.01251	0.00797	0.00900	0.00239	0.05203	0.00771	0.00407	0.01000
46	0.01978	0.01730	0.01763	0.01570	0.02008	0.04424	0.01224	0.07519	0.61234	0.03216	0.02945	0.02719	0.02208	0.01013	0.00768	0.00253	0.00642	0.00834	0.00757	0.01194
47	0.66517	0.10347	0.01490	0.01047	0.01543	0.01840	0.00891	0.02289	0.01354	0.05617	0.01127	0.01280	0.00879	0.00706	0.00482	0.00226	0.00616	0.00423	0.00469	0.00857
48	0.01698	0.04203	0.02441	0.01982	0.02122	0.07026	0.08445	0.01916	0.01324	0.01878	0.01283	0.04461	0.01266	0.04409	0.04735	0.00358	0.48511	0.00746	0.00363	0.00830
49	0.02771	0.02069	0.02213	0.01723	0.02310	0.02300	0.01415	0.59116	0.10715	0.04600	0.01963	0.01934	0.01405	0.00924	0.00760	0.00231	0.00808	0.00703	0.00760	0.01280
50	0.01830	0.01754	0.02993	0.11750	0.61887	0.01790	0.02304	0.02286	0.01705	0.02421	0.01418	0.01893	0.01181	0.00685	0.00752	0.00228	0.00913	0.00676	0.00371	0.01163
51	0.45541	0.01755	0.01623	0.01325	0.01854	0.01986	0.01093	0.30157	0.02286	0.04005	0.01391	0.01490	0.01026	0.00794	0.00596	0.00232	0.00695	0.00530	0.00596	0.01026
52	0.00896	0.00768	0.00768	0.00768	0.01025	0.00640	0.00576	0.01089	0.01729	0.02049	0.07684	0.07300	0.68304	0.01921	0.00896	0.00256	0.00384	0.01601	0.00704	0.00640
53	0.01521	0.03923	0.69413	0.02162	0.03283	0.01762	0.02802	0.02402	0.01601	0.02402	0.01361	0.01601	0.00961	0.00721	0.00721	0.00240	0.01121	0.00560	0.00320	0.01121
54	0.02028	0.73799	0.03975	0.01298	0.01947	0.03001	0.01298	0.02271	0.01541	0.01785	0.01055	0.01217	0.00973	0.00649	0.00487	0.00162	0.00811	0.00406	0.00324	0.00973
55	0.01114	0.00829	0.01077	0.01207	0.01392	0.00792	0.01013	0.01405	0.01717	0.02186	0.04973	0.13555	0.20861	0.02074	0.01002	0.00322	0.00596	0.42509	0.00700	0.00677
56	0.01999	0.69829	0.07693	0.01347	0.02023	0.02931	0.01383	0.02279	0.01545	0.01820	0.01072	0.01239	0.00973	0.00653	0.00500	0.00167	0.00829	0.00414	0.00324	0.00982
57	0.01222	0.00873	0.01222	0.01397	0.01572	0.00873	0.01222	0.01572	0.01746	0.02270	0.04016	0.08556	0.04365	0.02095	0.01048	0.00349	0.00698	0.63506	0.00698	0.00698
58	0.02833	0.03615	0.02149	0.01954	0.02345	0.70298	0.01466	0.03029	0.02149	0.01856	0.01172	0.01368	0.00977	0.00782	0.00684	0.00195	0.01368	0.00489	0.00391	0.00879
59	0.02133	0.01153	0.01456	0.01207	0.01588	0.01097	0.00960	0.11932	0.02369	0.25617	0.36196	0.04046	0.04491	0.01248	0.00830	0.00236	0.00527	0.01062	0.00859	0.00996
60	0.01074	0.00775	0.01014	0.00954	0.01133	0.00716	0.00716	0.01431	0.02147	0.03042	0.68211	0.05666	0.07157	0.01551	0.00895	0.00239	0.00358	0.01372	0.00835	0.00716
61	0.01432	0.01348	0.02275	0.71520	0.05224	0.01685	0.02107	0.01938	0.01517	0.01938	0.01348	0.02022	0.01011	0.00758	0.00758	0.00253	0.01011	0.00674	0.00337	0.00843
62	0.00924	0.00660	0.00880	0.01056	0.01100	0.00616	0.00704	0.01056	0.01452	0.01936	0.04181	0.72848	0.05017	0.02376	0.00968	0.00308	0.00440	0.02156	0.00704	0.00616
63	0.01414	0.00707	0.00707	0.00707	0.00884	0.00707	0.00530	0.01767	0.01591	0.02828	0.02474	0.02828	0.01944	0.00884	0.00530	0.00177	0.00353	0.00707	0.77554	0.00707
64	0.01103	0.00735	0.00827	0.00827	0.00827	0.00735	0.00460	0.01103	0.01103	0.01471	0.02390	0.04964	0.02758	0.73343	0.03861	0.00735	0.00735	0.01103	0.00460	0.00460
65	0.01771	0.02184	0.09231	0.03121	0.03914	0.01907	0.61239	0.02428	0.01776	0.02428	0.01522	0.02013	0.01137	0.00645	0.00882	0.00255	0.01267	0.00871	0.00379	0.01030
66	0.01414	0.00707	0.00707	0.00707	0.00884	0.00707	0.00530	0.01767	0.01591	0.02828	0.02474	0.02828	0.01944	0.00884	0.00530	0.00177	0.00353	0.00707	0.77554	0.00707
67	0.01589	0.05974	0.57247	0.02095	0.03103	0.01794	0.05054	0.04665	0.04080	0.02478	0.01540	0.04261	0.01178	0.00794	0.00732	0.00241	0.01062	0.00642	0.00369	0.01103
68	0.00946	0.00672	0.00884	0.01033	0.01082	0.00631	0.00687	0.01081	0.01466	0.01964	0.07685	0.63988	0.04970	0.07602	0.01179	0.00336	0.00457	0.02033	0.00693	0.00610
69	0.01557	0.08904	0.64749	0.02100	0.03188	0.01850	0.02695	0.02393	0.01597	0.02358	0.01339	0.01574	0.00962	0.00716	0.00704	0.00235	0.01099	0.00549	0.00321	0.01110
70	0.01416	0.00975	0.01605	0.11967	0.11127	0.01018	0.03754	0.01375	0.01219	0.01639	0.01457	0.04937	0.01393	0.01996	0.02171	0.49538	0.00761	0.00731	0.00354	0.00565
71	0.01714	0.24657	0.38486	0.02068	0.07787	0.02102	0.04400	0.02330	0.01598	0.02226	0.01279	0.01520	0.00999	0.00684	0.00649	0.00209	0.00984	0.00528	0.00335	0.05446
72	0.02061	0.70948	0.03901	0.01325	0.01963	0.05736	0.01305	0.02302	0.01566	0.01787	0.01059	0.01223	0.00974	0.00654	0.00495	0.00164	0.00834	0.00409	0.00327	0.00970
73	0.78701	0.01467	0.01115	0.00997	0.01467	0.01702	0.00821	0.02230	0.01291	0.03403	0.01056	0.01232	0.00821	0.00704	0.00469	0.00235	0.00587	0.00411	0.00469	0.00821
74	0.04653	0.15489	0.14554	0.29965	0.10840	0.01997	0.01998	0.02209	0.03945	0.02148	0.01340	0.01762	0.01056	0.00757	0.00772	0.00234	0.04357	0.00600	0.00357	0.00968
75	0.01832	0.01752	0.02759	0.21701	0.45016	0.04139	0.02167	0.04648	0.04158	0.02426	0.01473	0.01930	0.01188	0.00722	0.00752	0.00233	0.00932	0.00676	0.00395	0.01100
76	0.01670	0.47141	0.02875	0.01167	0.01669	0.02206	0.01085	0.01979	0.04035	0.01951	0.05702	0.02955	0.16613	0.01278	0.04577	0.00251	0.00756	0.00760	0.00455	0.00878
77	0.02189	0.01705	0.02097	0.01668	0.02102	0.01883	0.06642	0.34445	0.05173	0.03503	0.01925	0.04588	0.01594	0.06797	0.03766	0.00313	0.08457	0.00786	0.06591	0.03776
78	0.00924	0.00660	0.00880	0.01056	0.01100	0.00616	0.00704	0.01056	0.01452	0.01936	0.04181	0.72848	0.05017	0.02376	0.00968	0.00308	0.00440	0.02156	0.00704	0.00616
79	0.02735	0.02209	0.02173	0.01818	0.04800	0.12497	0.01416	0.47081	0.03071	0.06343	0.01781	0.01861	0.01306	0.01060	0.03325	0.00258	0.00938	0.00662	0.03487	0.01180
80	0.01573	0.01348	0.01573	0.01123	0.01798	0.01011	0.00899	0.01910	0.01573	0.02472	0.01348	0.01573	0.01123	0.00562	0.00562	0.00112	0.00562	0.00449	0.00449	0.77980
81	0.01060	0.00775	0.00995	0.00940	0.01125	0.00710	0.00705	0.01406	0.02116	0.02967	0.63662	0.05789	0.11753	0.01578	0.00895	0.00240	0.00360	0.01389	0.00825	0.00710
82	0.01047	0.00770	0.00980	0.00937	0.01119	0.00703	0.00699	0.01377	0.02072	0.02884	0.58739	0.08477	0.14118	0.01626	0.00898	0.00243	0.00364	0.01429	0.00815	0.00703
83	0.02883	0.02125	0.02276	0.01745	0.02352	0.02352	0.01442	0.66082	0.03566	0.04780	0.01821	0.01821	0.01290	0.00911	0.00759	0.00228	0.00835	0.00683	0.00759	0.01290
84	0.02466	0.02959	0.06203	0.02640	0.19753	0.40475	0.01753	0.07206	0.05232	0.02315	0.01387	0.01616	0.01121	0.00771	0.00713	0.00211	0.01158	0.00573	0.00426	0.01021
85	0.01599	0.01371	0.01585	0.01158	0.01812	0.01084	0.00924	0.02085	0.07008	0.02530	0.01492	0.01677	0.01222	0.00600	0.00579	0.00124	0.00565	0.00483	0.00476	0.71625
86	0.00903	0.00769	0.00778	0.00776	0.01029	0.00643	0.00582	0.01102	0.01745	0.02087	0.10016	0.07237	0.65948	0.01907	0.00896	0.00255	0.00383	0.01592	0.00709	0.00643
87	0.01086	0.00804	0.01175	0.01175	0.01295	0.00924	0.00893	0.01326	0.01206	0.01728	0.02072	0.03204	0.01993	0.13317	0.62842	0.01164	0.01886	0.00845	0.00412	0.00653
88	0.02028	0.73799	0.03975	0.01298	0.01947	0.03001	0.01298	0.02271	0.01541	0.01785	0.01055	0.01217	0.00973	0.00649	0.00487	0.00162	0.00811	0.00406	0.00324	0.00973
