[name]
unknown

[dist]
# distance from previous block
# <min> <max>
0	0

[block]
# block no. 0 follows, 20 sequences, length 41
# corresponding to MSA columns:
# 0-40
name=unknown_A
#
# <colnr> <probs for GDERKNQSTAVLIFYWHMCP>
#	G	D	E	R	K	N	Q	S	T	A	V	L	I	F	Y	W	H	M	C	P
0	0.01406	0.01004	0.01406	0.01606	0.01807	0.01004	0.01406	0.01807	0.02008	0.02610	0.04618	0.09839	0.05020	0.02410	0.01205	0.00402	0.00803	0.58032	0.00803	0.00803
1	0.01826	0.01231	0.01489	0.01422	0.01702	0.01222	0.01047	0.14888	0.02286	0.07842	0.03935	0.45451	0.04310	0.02125	0.01018	0.00316	0.00633	0.01880	0.00831	0.04546
2	0.02450	0.01833	0.02034	0.01697	0.02282	0.01932	0.01357	0.13935	0.31948	0.10096	0.02972	0.03079	0.02269	0.01111	0.00855	0.00262	0.00741	0.03633	0.00833	0.14679
3	0.02705	0.01568	0.01886	0.01590	0.02133	0.01559	0.01289	0.08117	0.19267	0.26121	0.06441	0.04048	0.05133	0.01301	0.00913	0.00282	0.00717	0.07389	0.00922	0.06618
4	0.01847	0.14729	0.50283	0.02234	0.03397	0.02186	0.02776	0.02694	0.01828	0.02655	0.01508	0.01768	0.01122	0.00801	0.00771	0.00250	0.01182	0.00606	0.00381	0.06980
5	0.22764	0.33445	0.09469	0.01493	0.02185	0.02594	0.01466	0.06072	0.01905	0.02992	0.07084	0.01968	0.01752	0.00887	0.00645	0.00232	0.00851	0.00609	0.00504	0.01083
6	0.01234	0.00843	0.01007	0.01028	0.01067	0.00835	0.00631	0.01319	0.01473	0.01996	0.10108	0.14880	0.04092	0.48755	0.06499	0.00734	0.00817	0.01465	0.00617	0.00601
7	0.02223	0.01607	0.01819	0.01624	0.02050	0.01757	0.01265	0.09931	0.32959	0.09629	0.08052	0.09170	0.03201	0.01524	0.01112	0.05679	0.00698	0.03633	0.00864	0.01204
8	0.02080	0.01753	0.02714	0.18119	0.03447	0.01954	0.13878	0.13658	0.02240	0.03210	0.01966	0.02463	0.01515	0.00986	0.01066	0.00275	0.08508	0.00838	0.18259	0.01072
9	0.01399	0.00872	0.01025	0.01025	0.01073	0.00852	0.00614	0.01441	0.01400	0.05562	0.03084	0.14524	0.03480	0.55735	0.03751	0.00741	0.00791	0.01417	0.00602	0.00612
10	0.01809	0.01550	0.01809	0.01292	0.02067	0.01163	0.01034	0.02196	0.01809	0.02842	0.01550	0.01809	0.01292	0.00646	0.00646	0.00129	0.00646	0.00517	0.00517	0.74677
11	0.18415	0.01310	0.01705	0.11031	0.02346	0.01453	0.03793	0.02032	0.01734	0.06501	0.07222	0.26462	0.03357	0.01661	0.01078	0.00315	0.06629	0.01397	0.00660	0.00898
12	0.01812	0.01927	0.03963	0.09582	0.06291	0.01859	0.40078	0.02401	0.01943	0.02620	0.02378	0.16303	0.02244	0.01170	0.01025	0.00305	0.01220	0.01299	0.00513	0.01065
13	0.01832	0.01177	0.01534	0.01565	0.01874	0.01179	0.01323	0.02497	0.10248	0.11357	0.08039	0.07745	0.06626	0.02015	0.01100	0.00357	0.00743	0.36953	0.00863	0.00974
14	0.01515	0.00758	0.01136	0.01136	0.01136	0.00758	0.00758	0.01136	0.01136	0.01515	0.01515	0.02652	0.01515	0.03030	0.03409	0.74621	0.00758	0.00758	0.00379	0.00379
15	0.05583	0.23442	0.40244	0.02073	0.03129	0.02397	0.02487	0.02799	0.01844	0.06338	0.01558	0.01759	0.01165	0.00819	0.00739	0.00249	0.01122	0.00598	0.00421	0.01234
16	0.02191	0.02032	0.03297	0.09329	0.51208	0.02057	0.02480	0.07159	0.02123	0.03011	0.01664	0.02145	0.01368	0.00797	0.00852	0.00254	0.01016	0.00762	0.00468	0.05787
17	0.01235	0.00892	0.01166	0.01097	0.01303	0.00823	0.00823	0.01646	0.02469	0.03498	0.63443	0.06516	0.08230	0.01783	0.01029	0.00274	0.00412	0.01578	0.00960	0.00823
18	0.01237	0.00901	0.01181	0.01388	0.03970	0.00874	0.00885	0.03870	0.01730	0.02316	0.04252	0.53759	0.05014	0.12371	0.01581	0.00418	0.00598	0.02155	0.00755	0.00744
19	0.03351	0.02386	0.02582	0.01980	0.02677	0.02620	0.01636	0.57615	0.04006	0.09012	0.02174	0.02146	0.01524	0.01049	0.00873	0.00262	0.00947	0.00791	0.00885	0.01483
20	0.02159	0.02073	0.03541	0.05354	0.63903	0.02073	0.02677	0.02677	0.01986	0.02850	0.01641	0.02159	0.01382	0.00777	0.00864	0.00259	0.01036	0.00777	0.00432	0.01382
21	0.01235	0.00892	0.01166	0.01097	0.01303	0.00823	0.00823	0.01646	0.02469	0.03498	0.63443	0.06516	0.08230	0.01783	0.01029	0.00274	0.00412	0.01578	0.00960	0.00823
22	0.02299	0.02338	0.03405	0.04959	0.56114	0.10188	0.02551	0.02780	0.02048	0.02759	0.01604	0.02084	0.01349	0.00793	0.00854	0.00255	0.01105	0.00750	0.00434	0.01335
23	0.02196	0.02176	0.03401	0.09625	0.55565	0.06383	0.02591	0.02699	0.02002	0.02756	0.01614	0.02131	0.01348	0.00792	0.00859	0.00259	0.01082	0.00762	0.00430	0.01327
24	0.03847	0.01591	0.02090	0.01603	0.02280	0.01440	0.01324	0.10559	0.02675	0.57948	0.03292	0.02872	0.02084	0.01076	0.00877	0.00269	0.00766	0.00867	0.01057	0.01484
25	0.01224	0.00891	0.01151	0.01086	0.01297	0.00819	0.00815	0.01625	0.02444	0.03438	0.60585	0.06614	0.11126	0.01806	0.01029	0.00275	0.00413	0.01591	0.00952	0.00819
26	0.01235	0.00892	0.01166	0.01097	0.01303	0.00823	0.00823	0.01646	0.02469	0.03498	0.63443	0.06516	0.08230	0.01783	0.01029	0.00274	0.00412	0.01578	0.00960	0.00823
27	0.01268	0.00846	0.00951	0.00951	0.00951	0.00846	0.00529	0.01268	0.01268	0.01691	0.02748	0.05708	0.03171	0.69345	0.04440	0.00846	0.00846	0.01268	0.00529	0.00529
28	0.01366	0.00986	0.01354	0.01542	0.01743	0.00974	0.01331	0.01746	0.01993	0.02578	0.04912	0.12115	0.09015	0.02409	0.01189	0.00392	0.00767	0.51988	0.00804	0.00795
29	0.02332	0.69869	0.04571	0.01493	0.02239	0.03451	0.01493	0.02612	0.01772	0.02052	0.01213	0.01399	0.01119	0.00746	0.00560	0.00187	0.00933	0.00466	0.00373	0.01119
30	0.02406	0.56024	0.10613	0.01624	0.02421	0.03148	0.01669	0.05562	0.01933	0.05720	0.01415	0.01565	0.01193	0.00788	0.00620	0.00204	0.00961	0.00523	0.00436	0.01175
31	0.01931	0.01643	0.02642	0.32596	0.21582	0.01757	0.02135	0.02390	0.01822	0.05857	0.01678	0.02266	0.01321	0.00972	0.01012	0.05294	0.01007	0.00746	0.00455	0.10891
32	0.01727	0.00910	0.00920	0.00884	0.01117	0.00926	0.00672	0.05544	0.01965	0.03386	0.02801	0.03183	0.02191	0.01018	0.00625	0.00207	0.00439	0.00811	0.69821	0.00853
33	0.03641	0.01583	0.02023	0.01566	0.02208	0.01469	0.01289	0.13006	0.02697	0.50451	0.03183	0.02853	0.02059	0.01070	0.00856	0.00263	0.00750	0.00858	0.06743	0.01432
34	0.01750	0.04512	0.64825	0.02486	0.03775	0.02026	0.03223	0.02762	0.01842	0.02762	0.01565	0.01842	0.01105	0.00829	0.00829	0.00276	0.01289	0.00645	0.00368	0.01289
35	0.06368	0.01905	0.02086	0.01651	0.02269	0.05138	0.01346	0.24377	0.02970	0.29288	0.03433	0.03202	0.09620	0.01191	0.00876	0.00268	0.00824	0.00933	0.00914	0.01341
36	0.01063	0.00759	0.01012	0.01215	0.01265	0.00709	0.00810	0.01215	0.01670	0.02227	0.04808	0.68775	0.05769	0.02733	0.01113	0.00354	0.00506	0.02480	0.00810	0.00709
37	0.01908	0.01908	0.02672	0.02290	0.02290	0.02672	0.01908	0.02099	0.01336	0.02099	0.01145	0.01908	0.01145	0.01527	0.02863	0.00382	0.67748	0.00763	0.00382	0.00954
38	0.01515	0.00758	0.01136	0.01136	0.01136	0.00758	0.00758	0.01136	0.01136	0.01515	0.01515	0.02652	0.01515	0.03030	0.03409	0.74621	0.00758	0.00758	0.00379	0.00379
39	0.03031	0.02564	0.02349	0.01902	0.02477	0.15427	0.01525	0.40541	0.03478	0.04495	0.06155	0.02377	0.01925	0.01064	0.00845	0.00250	0.01006	0.00795	0.06504	0.01289
40	0.65972	0.01660	0.01381	0.01201	0.01759	0.01867	0.00990	0.02789	0.01619	0.11983	0.01511	0.01624	0.01106	0.00846	0.00585	0.00270	0.00684	0.00526	0.00612	0.01017

[dist]
# distance from previous block
# <min> <max>
0	1

[block]
# block no. 1 follows, 20 sequences, length 72
# corresponding to MSA columns:
# 42-113
name=unknown_B
#
# <colnr> <probs for GDERKNQSTAVLIFYWHMCP>
#	G	D	E	R	K	N	Q	S	T	A	V	L	I	F	Y	W	H	M	C	P
0	0.75506	0.01687	0.01282	0.01147	0.01687	0.01957	0.00945	0.02564	0.01484	0.03914	0.01215	0.01417	0.00945	0.00810	0.00540	0.00270	0.00675	0.00472	0.00540	0.00945
1	0.03589	0.01487	0.01958	0.01540	0.02159	0.01346	0.01249	0.04121	0.08422	0.54860	0.03413	0.03152	0.02267	0.04947	0.01080	0.00305	0.00743	0.00910	0.01029	0.01420
2	0.03373	0.02041	0.08646	0.01740	0.02443	0.04787	0.01539	0.07077	0.11089	0.43117	0.03086	0.02776	0.02034	0.01058	0.00869	0.00272	0.00845	0.00848	0.00935	0.01425
3	0.02604	0.01407	0.01801	0.05428	0.02200	0.01379	0.01265	0.11356	0.04702	0.26976	0.09016	0.15004	0.06417	0.01549	0.00958	0.00295	0.00717	0.04834	0.00914	0.01179
4	0.01100	0.00781	0.01021	0.01177	0.01238	0.00733	0.00783	0.01263	0.01710	0.02300	0.10413	0.56378	0.05756	0.09218	0.01434	0.00395	0.00530	0.02271	0.00797	0.00702
5	0.01132	0.00788	0.00992	0.01126	0.01159	0.00755	0.00715	0.01233	0.01534	0.02046	0.04112	0.47458	0.04891	0.25249	0.02238	0.00520	0.00621	0.02070	0.00715	0.00648
6	0.06417	0.16211	0.43608	0.02208	0.03298	0.02247	0.04841	0.02817	0.01857	0.06579	0.01604	0.01824	0.01173	0.00824	0.00772	0.00259	0.01159	0.00630	0.00427	0.01245
7	0.03914	0.01484	0.02024	0.01552	0.02227	0.01282	0.01282	0.04251	0.02497	0.64507	0.03441	0.02969	0.02159	0.01080	0.00877	0.00270	0.00742	0.00877	0.01080	0.01484
8	0.75506	0.01687	0.01282	0.01147	0.01687	0.01957	0.00945	0.02564	0.01484	0.03914	0.01215	0.01417	0.00945	0.00810	0.00540	0.00270	0.00675	0.00472	0.00540	0.00945
9	0.03914	0.01484	0.02024	0.01552	0.02227	0.01282	0.01282	0.04251	0.02497	0.64507	0.03441	0.02969	0.02159	0.01080	0.00877	0.00270	0.00742	0.00877	0.01080	0.01484
10	0.01671	0.01530	0.02548	0.60060	0.08515	0.01874	0.02321	0.02238	0.01761	0.02323	0.01636	0.02376	0.01241	0.00877	0.00855	0.00284	0.01109	0.00778	0.05025	0.00979
11	0.03258	0.04157	0.02472	0.02247	0.02697	0.65843	0.01685	0.03483	0.02472	0.02135	0.01348	0.01573	0.01124	0.00899	0.00787	0.00225	0.01573	0.00562	0.00449	0.01011
12	0.01116	0.00830	0.01039	0.01107	0.01261	0.00754	0.00784	0.01372	0.02012	0.02694	0.25945	0.34895	0.18400	0.02297	0.01067	0.00314	0.00460	0.02037	0.00862	0.00754
13	0.02159	0.02073	0.03541	0.05354	0.63903	0.02073	0.02677	0.02677	0.01986	0.02850	0.01641	0.02159	0.01382	0.00777	0.00864	0.00259	0.01036	0.00777	0.00432	0.01382
14	0.01977	0.02458	0.10526	0.11569	0.04667	0.02155	0.47901	0.02720	0.01998	0.02720	0.01719	0.02301	0.01282	0.00761	0.00990	0.00292	0.01415	0.00961	0.00427	0.01161
15	0.01259	0.00842	0.00954	0.00964	0.00966	0.00839	0.00542	0.01266	0.01287	0.01716	0.02844	0.08643	0.03292	0.66245	0.04285	0.00823	0.00830	0.01325	0.00542	0.00537
16	0.03316	0.02443	0.02618	0.02007	0.02705	0.02705	0.01658	0.60995	0.04101	0.05497	0.02094	0.02094	0.01483	0.01047	0.00873	0.00262	0.00960	0.00785	0.00873	0.01483
17	0.03316	0.02443	0.02618	0.02007	0.02705	0.02705	0.01658	0.60995	0.04101	0.05497	0.02094	0.02094	0.01483	0.01047	0.00873	0.00262	0.00960	0.00785	0.00873	0.01483
18	0.01268	0.00846	0.00951	0.00951	0.00951	0.00846	0.00529	0.01268	0.01268	0.01691	0.02748	0.05708	0.03171	0.69345	0.04440	0.00846	0.00846	0.01268	0.00529	0.00529
19	0.01750	0.04512	0.64825	0.02486	0.03775	0.02026	0.03223	0.02762	0.01842	0.02762	0.01565	0.01842	0.01105	0.00829	0.00829	0.00276	0.01289	0.00645	0.00368	0.01289
20	0.03870	0.01555	0.02068	0.01585	0.02262	0.01386	0.01310	0.08399	0.02614	0.60193	0.03343	0.02905	0.02110	0.01077	0.00877	0.00269	0.00758	0.00870	0.01064	0.01484
21	0.37518	0.01238	0.01041	0.00975	0.01342	0.01369	0.00772	0.02291	0.01662	0.03573	0.02053	0.02361	0.01609	0.00916	0.00576	0.00236	0.00537	0.00648	0.38409	0.00877
22	0.39932	0.01956	0.05932	0.04687	0.02321	0.01951	0.01359	0.12963	0.02179	0.16447	0.01862	0.01924	0.01308	0.00910	0.00702	0.00270	0.00802	0.00635	0.00689	0.01172
23	0.02255	0.14405	0.24544	0.02117	0.05645	0.01941	0.05423	0.02861	0.02064	0.15406	0.09187	0.02996	0.02374	0.01051	0.00848	0.00266	0.00987	0.03796	0.00613	0.01219
24	0.03090	0.16093	0.02853	0.02110	0.02613	0.54510	0.01650	0.03325	0.02345	0.02120	0.01324	0.01541	0.01123	0.00871	0.00745	0.00218	0.01457	0.00544	0.00436	0.01031
25	0.01750	0.04512	0.64825	0.02486	0.03775	0.02026	0.03223	0.02762	0.01842	0.02762	0.01565	0.01842	0.01105	0.00829	0.00829	0.00276	0.01289	0.00645	0.00368	0.01289
26	0.01909	0.01547	0.01819	0.01304	0.02075	0.01168	0.01045	0.02295	0.01842	0.05787	0.01641	0.01864	0.01333	0.00667	0.00657	0.00136	0.00651	0.00534	0.00544	0.71182
27	0.02159	0.02073	0.03541	0.05354	0.63903	0.02073	0.02677	0.02677	0.01986	0.02850	0.01641	0.02159	0.01382	0.00777	0.00864	0.00259	0.01036	0.00777	0.00432	0.01382
28	0.03914	0.01484	0.02024	0.01552	0.02227	0.01282	0.01282	0.04251	0.02497	0.64507	0.03441	0.02969	0.02159	0.01080	0.00877	0.00270	0.00742	0.00877	0.01080	0.01484
29	0.01235	0.00892	0.01166	0.01097	0.01303	0.00823	0.00823	0.01646	0.02469	0.03498	0.63443	0.06516	0.08230	0.01783	0.01029	0.00274	0.00412	0.01578	0.00960	0.00823
30	0.01268	0.00846	0.00951	0.00951	0.00951	0.00846	0.00529	0.01268	0.01268	0.01691	0.02748	0.05708	0.03171	0.69345	0.04440	0.00846	0.00846	0.01268	0.00529	0.00529
31	0.01235	0.00892	0.01166	0.01097	0.01303	0.00823	0.00823	0.01646	0.02469	0.03498	0.63443	0.06516	0.08230	0.01783	0.01029	0.00274	0.00412	0.01578	0.00960	0.00823
32	0.01235	0.00892	0.01166	0.01097	0.01303	0.00823	0.00823	0.01646	0.02469	0.03498	0.63443	0.06516	0.08230	0.01783	0.01029	0.00274	0.00412	0.01578	0.00960	0.00823
33	0.03316	0.02443	0.02618	0.02007	0.02705	0.02705	0.01658	0.60995	0.04101	0.05497	0.02094	0.02094	0.01483	0.01047	0.00873	0.00262	0.00960	0.00785	0.00873	0.01483
34	0.02234	0.01906	0.02009	0.01788	0.02293	0.02200	0.01396	0.07819	0.59038	0.03753	0.03468	0.03189	0.02596	0.01176	0.00887	0.00294	0.00706	0.00975	0.00887	0.01386
35	0.01073	0.00767	0.01021	0.01208	0.01267	0.00715	0.00810	0.01239	0.01716	0.02300	0.08168	0.65207	0.05910	0.02678	0.01109	0.00350	0.00501	0.02428	0.00818	0.00715
36	0.01063	0.00759	0.01012	0.01215	0.01265	0.00709	0.00810	0.01215	0.01670	0.02227	0.04808	0.68775	0.05769	0.02733	0.01113	0.00354	0.00506	0.02480	0.00810	0.00709
37	0.02125	0.02038	0.03479	0.09448	0.60074	0.02064	0.02660	0.02647	0.01970	0.02809	0.01635	0.02170	0.01367	0.00783	0.00864	0.00261	0.01045	0.00777	0.00429	0.01354
38	0.75506	0.01687	0.01282	0.01147	0.01687	0.01957	0.00945	0.02564	0.01484	0.03914	0.01215	0.01417	0.00945	0.00810	0.00540	0.00270	0.00675	0.00472	0.00540	0.00945
39	0.01651	0.01552	0.02597	0.60921	0.09123	0.01895	0.02363	0.02213	0.01768	0.02270	0.01861	0.02570	0.03789	0.00923	0.00878	0.00289	0.01125	0.00820	0.00408	0.00983
40	0.02170	0.01874	0.01972	0.01775	0.02268	0.02170	0.01381	0.04635	0.62327	0.03649	0.03550	0.03254	0.02663	0.01183	0.00888	0.00296	0.00690	0.00986	0.00888	0.01381
41	0.02402	0.01152	0.01530	0.01287	0.01703	0.01021	0.01017	0.02772	0.02459	0.30252	0.34547	0.05044	0.08127	0.01494	0.00962	0.00273	0.00558	0.01282	0.01006	0.01110
42	0.02332	0.69869	0.04571	0.01493	0.02239	0.03451	0.01493	0.02612	0.01772	0.02052	0.01213	0.01399	0.01119	0.00746	0.00560	0.00187	0.00933	0.00466	0.00373	0.01119
43	0.01217	0.01019	0.01075	0.01037	0.01345	0.00944	0.00785	0.01772	0.10263	0.02706	0.16450	0.07409	0.46833	0.02005	0.01011	0.00292	0.00471	0.01685	0.00843	0.00837
44	0.01052	0.00881	0.00919	0.00944	0.01216	0.00748	0.00711	0.01277	0.01966	0.02360	0.08331	0.12881	0.56401	0.02257	0.01046	0.00304	0.00465	0.04695	0.00810	0.00738
45	0.02071	0.01983	0.03382	0.15973	0.53970	0.02049	0.02633	0.02600	0.01945	0.02743	0.01625	0.02187	0.01344	0.00793	0.00865	0.00264	0.01058	0.00777	0.00424	0.01311
46	0.02332	0.69869	0.04571	0.01493	0.02239	0.03451	0.01493	0.02612	0.01772	0.02052	0.01213	0.01399	0.01119	0.00746	0.00560	0.00187	0.00933	0.00466	0.00373	0.01119
47	0.01052	0.00884	0.00913	0.00906	0.01191	0.00745	0.00679	0.01292	0.02038	0.02474	0.14456	0.08201	0.57856	0.02165	0.01031	0.00292	0.00439	0.01814	0.00825	0.00745
48	0.01054	0.00885	0.00915	0.00908	0.01192	0.00746	0.00681	0.01296	0.02042	0.02485	0.14983	0.08183	0.57323	0.02161	0.01031	0.00292	0.00438	0.01811	0.00827	0.00746
49	0.14982	0.02240	0.02338	0.01831	0.02493	0.02479	0.01508	0.45714	0.06289	0.08489	0.02096	0.02088	0.01489	0.01017	0.00820	0.00265	0.00889	0.00749	0.00831	0.01391
50	0.01102	0.00783	0.01035	0.01210	0.01272	0.00738	0.00820	0.01269	0.01701	0.02276	0.07727	0.58536	0.05690	0.07073	0.01333	0.00385	0.00538	0.05005	0.00799	0.00707
51	0.03316	0.02443	0.02618	0.02007	0.02705	0.02705	0.01658	0.60995	0.04101	0.05497	0.02094	0.02094	0.01483	0.01047	0.00873	0.00262	0.00960	0.00785	0.00873	0.01483
52	0.01917	0.01833	0.02651	0.22090	0.03450	0.02450	0.02050	0.05838	0.01634	0.02352	0.01328	0.02047	0.01172	0.01297	0.02130	0.00346	0.43239	0.00768	0.00414	0.00992
53	0.01253	0.00839	0.00956	0.00971	0.00974	0.00836	0.00549	0.01265	0.01298	0.01730	0.02899	0.10319	0.03361	0.64475	0.04197	0.00810	0.00821	0.01357	0.00549	0.00542
54	0.02312	0.02457	0.04995	0.07959	0.04719	0.02306	0.53883	0.02911	0.02196	0.02998	0.02040	0.02745	0.01599	0.00953	0.01133	0.00348	0.01510	0.01089	0.00543	0.01304
55	0.01246	0.00935	0.01402	0.01402	0.01558	0.01090	0.01090	0.01558	0.01402	0.02025	0.02336	0.03427	0.02181	0.06542	0.65888	0.01402	0.02336	0.00935	0.00467	0.00779
56	0.01626	0.00813	0.00813	0.00813	0.01016	0.00813	0.00610	0.02033	0.01829	0.03252	0.02846	0.03252	0.02236	0.01016	0.00610	0.00203	0.00407	0.00813	0.74187	0.00813
57	0.01225	0.00891	0.01153	0.01087	0.01297	0.00819	0.00816	0.01628	0.02447	0.03445	0.60903	0.06603	0.10803	0.01803	0.01029	0.00275	0.00413	0.01590	0.00953	0.00819
58	0.01235	0.00892	0.01166	0.01097	0.01303	0.00823	0.00823	0.01646	0.02469	0.03498	0.63443	0.06516	0.08230	0.01783	0.01029	0.00274	0.00412	0.01578	0.00960	0.00823
59	0.01242	0.00855	0.00971	0.00962	0.01015	0.00833	0.00577	0.01312	0.01481	0.01971	0.10588	0.06060	0.09518	0.54878	0.03708	0.00725	0.00755	0.01360	0.00607	0.00584
60	0.02170	0.01874	0.01972	0.01775	0.02268	0.02170	0.01381	0.04635	0.62327	0.03649	0.03550	0.03254	0.02663	0.01183	0.00888	0.00296	0.00690	0.00986	0.00888	0.01381
61	0.02979	0.01565	0.01872	0.01559	0.02111	0.01580	0.01248	0.04161	0.25949	0.33916	0.03419	0.03112	0.02366	0.01114	0.00852	0.00273	0.00685	0.00913	0.08955	0.01371
62	0.01223	0.00891	0.01150	0.01085	0.01296	0.00818	0.00814	0.01623	0.02442	0.03433	0.60314	0.06623	0.11401	0.01808	0.01029	0.00276	0.00413	0.01593	0.00952	0.00818
63	0.02791	0.01588	0.01957	0.01452	0.02180	0.01325	0.01182	0.07346	0.02261	0.28571	0.02373	0.02310	0.01665	0.00855	0.00758	0.00197	0.00709	0.00686	0.00776	0.39018
64	0.01908	0.01908	0.02672	0.02290	0.02290	0.02672	0.01908	0.02099	0.01336	0.02099	0.01145	0.01908	0.01145	0.01527	0.02863	0.00382	0.67748	0.00763	0.00382	0.00954
65	0.03206	0.02378	0.02559	0.01955	0.02658	0.02592	0.01612	0.56696	0.03934	0.05303	0.02054	0.02073	0.01469	0.01018	0.00856	0.00252	0.00937	0.00766	0.00847	0.06834
66	0.01289	0.00894	0.01109	0.01091	0.01313	0.00803	0.00804	0.01598	0.02191	0.06147	0.34949	0.19194	0.21289	0.02042	0.01038	0.00295	0.00455	0.01787	0.00899	0.00813
67	0.01916	0.01930	0.02793	0.02358	0.02401	0.02649	0.04797	0.02133	0.01371	0.02133	0.01175	0.01930	0.01154	0.01488	0.02773	0.00377	0.64494	0.00776	0.00385	0.00965
68	0.01063	0.00759	0.01012	0.01215	0.01265	0.00709	0.00810	0.01215	0.01670	0.02227	0.04808	0.68775	0.05769	0.02733	0.01113	0.00354	0.00506	0.02480	0.00810	0.00709
69	0.01362	0.00943	0.01325	0.01296	0.01451	0.00883	0.04526	0.01552	0.01736	0.05981	0.09798	0.36018	0.07748	0.18988	0.01911	0.00457	0.00653	0.01873	0.00747	0.00752
70	0.03878	0.01542	0.02060	0.01579	0.02255	0.01367	0.01305	0.07645	0.02593	0.60978	0.03361	0.02917	0.02119	0.01078	0.00877	0.00269	0.00755	0.00872	0.01067	0.01484
71	0.07522	0.08248	0.02549	0.02116	0.02606	0.53930	0.01627	0.06983	0.02469	0.02447	0.01378	0.01585	0.01135	0.00893	0.00762	0.00227	0.01438	0.00564	0.00476	0.01044

[dist]
# distance from previous block
# <min> <max>
0	3

[block]
# block no. 2 follows, 20 sequences, length 7
# corresponding to MSA columns:
# 123-129
name=unknown_C
#
# <colnr> <probs for GDERKNQSTAVLIFYWHMCP>
#	G	D	E	R	K	N	Q	S	T	A	V	L	I	F	Y	W	H	M	C	P
0	0.06190	0.05838	0.02630	0.08684	0.06966	0.33001	0.01784	0.16318	0.02622	0.03034	0.01538	0.01804	0.01219	0.00937	0.00884	0.00249	0.03977	0.00648	0.00537	0.01138
1	0.01784	0.01128	0.01425	0.01249	0.01565	0.01078	0.00968	0.08219	0.02644	0.11225	0.49588	0.05613	0.06772	0.01619	0.00994	0.00272	0.00510	0.01408	0.00966	0.00974
2	0.02634	0.02090	0.02238	0.01829	0.02439	0.02304	0.01468	0.28970	0.31013	0.04376	0.02720	0.02607	0.02014	0.01071	0.00857	0.00265	0.00804	0.00853	0.00845	0.08604
3	0.10727	0.01610	0.01907	0.01533	0.02161	0.01557	0.01240	0.03916	0.17062	0.35550	0.03002	0.02734	0.02049	0.01024	0.00816	0.00259	0.00711	0.00817	0.00906	0.10420
4	0.02046	0.15302	0.48886	0.02233	0.03374	0.02199	0.02753	0.02873	0.01890	0.08282	0.01677	0.01870	0.01204	0.00838	0.00788	0.00260	0.01179	0.00636	0.00434	0.01278
5	0.02049	0.01212	0.01536	0.01481	0.01791	0.01194	0.01150	0.08501	0.06188	0.16099	0.04110	0.32224	0.04197	0.02037	0.01040	0.00331	0.00673	0.12288	0.00878	0.01019
6	0.01920	0.23673	0.47160	0.02195	0.03325	0.02444	0.02716	0.02718	0.01821	0.02554	0.01462	0.01712	0.01109	0.00805	0.00750	0.00250	0.01185	0.00592	0.00370	0.01239

[dist]
# distance from previous block
# <min> <max>
0	3

[block]
# block no. 3 follows, 20 sequences, length 210
# corresponding to MSA columns:
# 133-342
name=unknown_D
#
# <colnr> <probs for GDERKNQSTAVLIFYWHMCP>
#	G	D	E	R	K	N	Q	S	T	A	V	L	I	F	Y	W	H	M	C	P
0	0.68486	0.01667	0.01355	0.01187	0.01740	0.01891	0.00978	0.02730	0.01584	0.09855	0.01433	0.01569	0.01064	0.00836	0.00573	0.00270	0.00681	0.00512	0.00593	0.00998
1	0.02903	0.03002	0.05641	0.06550	0.02789	0.29344	0.01676	0.18372	0.05419	0.06409	0.01908	0.02185	0.01485	0.03994	0.00980	0.00274	0.01200	0.00718	0.03992	0.01158
2	0.02039	0.01595	0.01869	0.01350	0.02114	0.01257	0.01086	0.05607	0.01984	0.07278	0.01712	0.01905	0.01363	0.00698	0.00675	0.00146	0.00670	0.00557	0.00576	0.65519
3	0.01608	0.00974	0.01286	0.01161	0.01432	0.00887	0.00887	0.02009	0.02473	0.11996	0.55085	0.06022	0.07385	0.01685	0.01008	0.00274	0.00458	0.01480	0.00977	0.00915
4	0.01268	0.00846	0.00951	0.00951	0.00951	0.00846	0.00529	0.01268	0.01268	0.01691	0.02748	0.05708	0.03171	0.69345	0.04440	0.00846	0.00846	0.01268	0.00529	0.00529
5	0.01939	0.04013	0.53120	0.02438	0.03609	0.01996	0.06019	0.02993	0.06103	0.06922	0.01838	0.02042	0.01295	0.00865	0.00847	0.00278	0.01221	0.00704	0.00455	0.01302
6	0.02008	0.02231	0.04728	0.12393	0.07524	0.02163	0.50103	0.02712	0.02013	0.02720	0.01730	0.02340	0.01304	0.00756	0.01000	0.00292	0.01409	0.00983	0.00433	0.01158
7	0.01258	0.00841	0.00955	0.00965	0.00968	0.00839	0.00543	0.01266	0.01289	0.01719	0.02856	0.08998	0.03307	0.65870	0.04266	0.00820	0.00828	0.01332	0.00543	0.00538
8	0.01750	0.04512	0.64825	0.02486	0.03775	0.02026	0.03223	0.02762	0.01842	0.02762	0.01565	0.01842	0.01105	0.00829	0.00829	0.00276	0.01289	0.00645	0.00368	0.01289
9	0.01870	0.15483	0.50422	0.02400	0.03568	0.02281	0.06928	0.02739	0.01845	0.02644	0.01519	0.01802	0.01123	0.00808	0.00797	0.00262	0.01241	0.00641	0.00374	0.01252
10	0.02123	0.02036	0.03476	0.09671	0.59865	0.02063	0.02659	0.02646	0.01969	0.02806	0.01634	0.02171	0.01366	0.00784	0.00864	0.00261	0.01045	0.00777	0.00429	0.01353
11	0.01063	0.00759	0.01012	0.01215	0.01265	0.00709	0.00810	0.01215	0.01670	0.02227	0.04808	0.68775	0.05769	0.02733	0.01113	0.00354	0.00506	0.02480	0.00810	0.00709
12	0.01710	0.00894	0.00903	0.00872	0.01100	0.00907	0.00662	0.04963	0.01942	0.03364	0.02808	0.03194	0.02198	0.01018	0.00623	0.00206	0.00434	0.00812	0.70543	0.00846
13	0.06879	0.04316	0.60406	0.02393	0.03630	0.02021	0.03064	0.02749	0.01817	0.02842	0.01541	0.01812	0.01094	0.00827	0.00809	0.00276	0.01246	0.00633	0.00380	0.01265
14	0.01515	0.00758	0.01136	0.01136	0.01136	0.00758	0.00758	0.01136	0.01136	0.01515	0.01515	0.02652	0.01515	0.03030	0.03409	0.74621	0.00758	0.00758	0.00379	0.00379
15	0.01406	0.01004	0.01406	0.01606	0.01807	0.01004	0.01406	0.01807	0.02008	0.02610	0.04618	0.09839	0.05020	0.02410	0.01205	0.00402	0.00803	0.58032	0.00803	0.00803
16	0.75506	0.01687	0.01282	0.01147	0.01687	0.01957	0.00945	0.02564	0.01484	0.03914	0.01215	0.01417	0.00945	0.00810	0.00540	0.00270	0.00675	0.00472	0.00540	0.00945
17	0.02840	0.33838	0.03420	0.01906	0.02490	0.37662	0.01598	0.03090	0.02156	0.02098	0.01287	0.01495	0.01122	0.00830	0.00684	0.00207	0.01284	0.00519	0.00415	0.01060
18	0.01580	0.01037	0.01449	0.01603	0.01836	0.01023	0.01397	0.01977	0.02042	0.06915	0.04537	0.09362	0.04821	0.02317	0.01182	0.00392	0.00799	0.54057	0.00822	0.00851
19	0.03153	0.04182	0.06808	0.02264	0.02772	0.61405	0.01792	0.03433	0.02428	0.02178	0.01363	0.01592	0.01122	0.00894	0.00789	0.00228	0.01553	0.00568	0.00444	0.01031
20	0.01248	0.00929	0.01372	0.01372	0.01517	0.01074	0.01053	0.01538	0.01393	0.02002	0.02364	0.03580	0.02247	0.10766	0.61755	0.01364	0.02236	0.00957	0.00471	0.00762
21	0.02170	0.01874	0.01972	0.01775	0.02268	0.02170	0.01381	0.04635	0.62327	0.03649	0.03550	0.03254	0.02663	0.01183	0.00888	0.00296	0.00690	0.00986	0.00888	0.01381
22	0.03914	0.01484	0.02024	0.01552	0.02227	0.01282	0.01282	0.04251	0.02497	0.64507	0.03441	0.02969	0.02159	0.01080	0.00877	0.00270	0.00742	0.00877	0.01080	0.01484
23	0.01750	0.04512	0.64825	0.02486	0.03775	0.02026	0.03223	0.02762	0.01842	0.02762	0.01565	0.01842	0.01105	0.00829	0.00829	0.00276	0.01289	0.00645	0.00368	0.01289
24	0.01235	0.00892	0.01166	0.01097	0.01303	0.00823	0.00823	0.01646	0.02469	0.03498	0.63443	0.06516	0.08230	0.01783	0.01029	0.00274	0.00412	0.01578	0.00960	0.00823
25	0.01508	0.00998	0.01365	0.01493	0.01716	0.00968	0.01262	0.01872	0.02038	0.06728	0.08860	0.14860	0.08036	0.02300	0.01153	0.00374	0.00725	0.42074	0.00833	0.00837
26	0.01785	0.01727	0.02435	0.02124	0.02153	0.02377	0.01756	0.01998	0.01348	0.02085	0.01367	0.02192	0.01338	0.02463	0.14628	0.00572	0.55537	0.00795	0.00398	0.00921
27	0.02851	0.01352	0.01731	0.01402	0.01916	0.01232	0.01129	0.08368	0.02578	0.36593	0.19394	0.04403	0.10432	0.01383	0.00933	0.00273	0.00643	0.01156	0.01000	0.01231
28	0.01809	0.01550	0.01809	0.01292	0.02067	0.01163	0.01034	0.02196	0.01809	0.02842	0.01550	0.01809	0.01292	0.00646	0.00646	0.00129	0.00646	0.00517	0.00517	0.74677
29	0.01296	0.00879	0.01158	0.01149	0.01330	0.00810	0.00838	0.01631	0.02245	0.05643	0.44477	0.23895	0.07289	0.02022	0.01046	0.00297	0.00452	0.01803	0.00923	0.00818
30	0.01828	0.01209	0.01534	0.01347	0.01643	0.01223	0.01050	0.09040	0.02546	0.10563	0.41797	0.08566	0.06106	0.01647	0.01125	0.00284	0.05203	0.01394	0.00915	0.00981
31	0.01259	0.00842	0.00954	0.00963	0.00965	0.00840	0.00541	0.01266	0.01287	0.01715	0.02841	0.08538	0.03288	0.66356	0.04291	0.00824	0.00830	0.01323	0.00541	0.00537
32	0.03754	0.01520	0.02020	0.01572	0.02231	0.01363	0.01291	0.04286	0.07972	0.58938	0.03451	0.02995	0.02205	0.01089	0.00878	0.00272	0.00737	0.00887	0.01062	0.01475
33	0.01779	0.01550	0.01956	0.13331	0.02786	0.01304	0.01287	0.02202	0.01797	0.02730	0.01550	0.01903	0.01268	0.00687	0.00687	0.00159	0.00740	0.00564	0.00493	0.61223
34	0.01206	0.00870	0.01140	0.01117	0.01297	0.00804	0.00821	0.01574	0.02336	0.03287	0.53701	0.16860	0.07822	0.01941	0.01043	0.00288	0.00427	0.01727	0.00935	0.00804
35	0.03252	0.02412	0.02582	0.01994	0.02681	0.02675	0.01643	0.57863	0.07337	0.05395	0.02175	0.02159	0.01549	0.01055	0.00873	0.00264	0.00945	0.00797	0.00873	0.01478
36	0.02083	0.02156	0.04126	0.02957	0.03799	0.01977	0.41519	0.06690	0.02138	0.02994	0.01733	0.02197	0.01327	0.00734	0.00921	0.00250	0.01226	0.00883	0.00490	0.19797
37	0.02034	0.02280	0.04742	0.03449	0.04187	0.02282	0.51103	0.02680	0.01940	0.02680	0.01663	0.02280	0.01294	0.00865	0.01330	0.00308	0.12323	0.00986	0.00431	0.01140
38	0.01072	0.00763	0.01009	0.01203	0.01251	0.00715	0.00797	0.01217	0.01652	0.02203	0.04717	0.65985	0.05654	0.05679	0.01261	0.00376	0.00521	0.02426	0.00797	0.00701
39	0.01163	0.00895	0.01138	0.01253	0.01358	0.00893	0.00878	0.01442	0.04508	0.02351	0.07332	0.51835	0.12941	0.02490	0.01186	0.00342	0.04240	0.02198	0.00795	0.00761
40	0.01100	0.00806	0.01033	0.01146	0.01264	0.00739	0.00795	0.01323	0.01901	0.02549	0.19414	0.46386	0.13447	0.02440	0.01083	0.00328	0.00475	0.02184	0.00846	0.00739
41	0.02968	0.01548	0.01900	0.01586	0.02127	0.01537	0.01263	0.06469	0.20538	0.34824	0.06343	0.09381	0.02905	0.01298	0.00909	0.00286	0.00699	0.01090	0.00982	0.01349
42	0.01876	0.01590	0.01845	0.01324	0.02095	0.01231	0.01061	0.04803	0.01910	0.02960	0.01574	0.01821	0.01300	0.00664	0.00656	0.00135	0.00660	0.00529	0.00533	0.71432
43	0.02875	0.01590	0.01920	0.01546	0.02165	0.01513	0.01242	0.03877	0.20936	0.32047	0.03382	0.03094	0.04879	0.01086	0.00847	0.00254	0.00696	0.00891	0.00909	0.14249
44	0.01282	0.00842	0.00963	0.00973	0.00996	0.00846	0.00571	0.01330	0.01334	0.01842	0.02848	0.08795	0.03205	0.58579	0.06407	0.00797	0.00855	0.01288	0.05679	0.00568
45	0.13564	0.01674	0.02011	0.01575	0.02227	0.01626	0.01297	0.12711	0.04902	0.44845	0.02934	0.02634	0.01909	0.01042	0.00831	0.00270	0.00764	0.00812	0.00967	0.01406
46	0.07140	0.19484	0.03302	0.08508	0.02820	0.02706	0.07509	0.02345	0.01570	0.02294	0.01267	0.01827	0.01144	0.01134	0.01731	0.00306	0.32805	0.00693	0.00397	0.01019
47	0.01063	0.00759	0.01012	0.01215	0.01265	0.00709	0.00810	0.01215	0.01670	0.02227	0.04808	0.68775	0.05769	0.02733	0.01113	0.00354	0.00506	0.02480	0.00810	0.00709
48	0.01268	0.00846	0.00951	0.00951	0.00951	0.00846	0.00529	0.01268	0.01268	0.01691	0.02748	0.05708	0.03171	0.69345	0.04440	0.00846	0.00846	0.01268	0.00529	0.00529
49	0.01809	0.01550	0.01809	0.01292	0.02067	0.01163	0.01034	0.02196	0.01809	0.02842	0.01550	0.01809	0.01292	0.00646	0.00646	0.00129	0.00646	0.00517	0.00517	0.74677
50	0.01063	0.00759	0.01012	0.01215	0.01265	0.00709	0.00810	0.01215	0.01670	0.02227	0.04808	0.68775	0.05769	0.02733	0.01113	0.00354	0.00506	0.02480	0.00810	0.00709
51	0.01120	0.00836	0.01124	0.01287	0.01334	0.00841	0.00884	0.01274	0.01648	0.02218	0.04561	0.64278	0.05458	0.02652	0.01231	0.00356	0.05029	0.02364	0.00781	0.00725
52	0.02505	0.06972	0.09969	0.01725	0.02494	0.02011	0.01564	0.24897	0.02703	0.07021	0.01887	0.02115	0.01454	0.03670	0.00917	0.00239	0.00878	0.00682	0.00655	0.25640
53	0.07133	0.01732	0.02275	0.06282	0.02623	0.01671	0.07021	0.09102	0.06346	0.08784	0.05340	0.02374	0.01836	0.00905	0.00875	0.00224	0.03807	0.00746	0.00637	0.30287
54	0.02332	0.69869	0.04571	0.01493	0.02239	0.03451	0.01493	0.02612	0.01772	0.02052	0.01213	0.01399	0.01119	0.00746	0.00560	0.00187	0.00933	0.00466	0.00373	0.01119
55	0.01063	0.00759	0.01012	0.01215	0.01265	0.00709	0.00810	0.01215	0.01670	0.02227	0.04808	0.68775	0.05769	0.02733	0.01113	0.00354	0.00506	0.02480	0.00810	0.00709
56	0.05267	0.14451	0.28395	0.08889	0.06458	0.02147	0.08472	0.02645	0.01857	0.05888	0.01838	0.06580	0.01523	0.00952	0.00819	0.00268	0.01111	0.00806	0.00458	0.01175
57	0.02751	0.01982	0.04899	0.01746	0.02328	0.01995	0.01448	0.26116	0.16566	0.15044	0.03145	0.07575	0.04839	0.04176	0.01052	0.00305	0.00816	0.01025	0.00869	0.01325
58	0.01047	0.00873	0.00914	0.00928	0.01194	0.00740	0.00687	0.01275	0.01991	0.02420	0.12091	0.13788	0.54600	0.02229	0.01038	0.00299	0.00446	0.01882	0.00820	0.00740
59	0.03258	0.04157	0.02472	0.02247	0.02697	0.65843	0.01685	0.03483	0.02472	0.02135	0.01348	0.01573	0.01124	0.00899	0.00787	0.00225	0.01573	0.00562	0.00449	0.01011
60	0.02641	0.01956	0.12360	0.18126	0.03330	0.01552	0.01831	0.03226	0.04606	0.30277	0.03184	0.03157	0.07673	0.01100	0.00883	0.00280	0.00906	0.00911	0.00756	0.01247
61	0.02258	0.02008	0.03392	0.07930	0.56944	0.02011	0.02568	0.02766	0.02011	0.07122	0.01762	0.02223	0.01426	0.00803	0.00865	0.00261	0.01022	0.00784	0.00475	0.01370
62	0.01647	0.01550	0.02616	0.67248	0.06008	0.01938	0.02422	0.02229	0.01744	0.02229	0.01550	0.02326	0.01163	0.00872	0.00872	0.00291	0.01163	0.00775	0.00388	0.00969
63	0.01844	0.01622	0.02049	0.01482	0.02250	0.01285	0.05203	0.02359	0.04835	0.02879	0.01665	0.01918	0.01362	0.00679	0.00685	0.00149	0.00706	0.00576	0.00530	0.65922
64	0.01860	0.16875	0.53427	0.02298	0.03485	0.02295	0.02896	0.02734	0.01829	0.02628	0.01499	0.01758	0.01108	0.00813	0.00778	0.00259	0.01222	0.00611	0.00369	0.01257
65	0.02159	0.02073	0.03541	0.05354	0.63903	0.02073	0.02677	0.02677	0.01986	0.02850	0.01641	0.02159	0.01382	0.00777	0.00864	0.00259	0.01036	0.00777	0.00432	0.01382
66	0.02039	0.01951	0.03325	0.19809	0.50383	0.02041	0.02618	0.02572	0.01930	0.02705	0.01620	0.02198	0.01331	0.00799	0.00866	0.00266	0.01066	0.00777	0.00421	0.01285
67	0.01785	0.01691	0.02865	0.50614	0.21567	0.01974	0.02491	0.02349	0.01809	0.02396	0.01575	0.02281	0.01222	0.00847	0.00870	0.00282	0.01129	0.00776	0.00399	0.01080
68	0.01244	0.00835	0.00959	0.00982	0.00988	0.00829	0.00562	0.01262	0.01316	0.01755	0.02991	0.13150	0.03478	0.61484	0.04047	0.00788	0.00806	0.01411	0.00562	0.00550
69	0.43163	0.01561	0.01530	0.01303	0.01840	0.01657	0.01058	0.05497	0.01952	0.21218	0.05223	0.06613	0.01999	0.01074	0.00714	0.00275	0.00682	0.00790	0.00748	0.01102
70	0.03198	0.02338	0.02566	0.01995	0.02636	0.02614	0.01645	0.51931	0.06423	0.07895	0.02157	0.02173	0.01544	0.01087	0.01007	0.00272	0.05430	0.00797	0.00850	0.01443
71	0.01074	0.00768	0.01022	0.01207	0.01268	0.00716	0.00811	0.01243	0.01723	0.02311	0.08697	0.64645	0.05932	0.02670	0.01108	0.00349	0.00500	0.02420	0.00820	0.00716
72	0.02410	0.02008	0.02022	0.01772	0.02214	0.13481	0.04166	0.09246	0.15091	0.11492	0.08354	0.12412	0.05525	0.01448	0.00938	0.00287	0.00875	0.04328	0.00797	0.01133
73	0.02305	0.58988	0.11726	0.01647	0.02445	0.06144	0.01710	0.02670	0.01813	0.02141	0.01261	0.01460	0.01118	0.00763	0.00602	0.00199	0.01005	0.00492	0.00376	0.01135
74	0.01371	0.00915	0.01169	0.01137	0.01364	0.00831	0.00853	0.01707	0.02253	0.07344	0.39364	0.16631	0.15501	0.01975	0.01039	0.00295	0.00470	0.04028	0.00916	0.00837
75	0.02332	0.69869	0.04571	0.01493	0.02239	0.03451	0.01493	0.02612	0.01772	0.02052	0.01213	0.01399	0.01119	0.00746	0.00560	0.00187	0.00933	0.00466	0.00373	0.01119
76	0.04833	0.01081	0.01380	0.01427	0.01700	0.01070	0.01194	0.02081	0.05463	0.06993	0.16766	0.07842	0.10028	0.02037	0.01085	0.00346	0.00677	0.32263	0.00847	0.00885
77	0.02281	0.02183	0.02638	0.02192	0.02449	0.10549	0.04664	0.05306	0.01775	0.06516	0.01440	0.01957	0.01249	0.01267	0.02057	0.00319	0.41628	0.00735	0.00477	0.08318
78	0.03372	0.02171	0.02416	0.01860	0.02532	0.02323	0.01534	0.46447	0.03664	0.17951	0.02412	0.02329	0.01659	0.01053	0.00863	0.00261	0.00890	0.00806	0.04002	0.01455
79	0.01069	0.00764	0.01018	0.01210	0.01267	0.00713	0.00810	0.01232	0.01701	0.02277	0.07108	0.66333	0.05866	0.02696	0.01110	0.00351	0.00502	0.02444	0.00816	0.00713
80	0.02029	0.01691	0.01924	0.01426	0.02165	0.01449	0.01144	0.09654	0.07922	0.03246	0.01810	0.01983	0.01448	0.00747	0.00697	0.00162	0.00689	0.00595	0.00596	0.58623
81	0.02377	0.01513	0.01725	0.01387	0.01935	0.05592	0.01093	0.02731	0.02215	0.21776	0.17040	0.06824	0.03437	0.01178	0.00843	0.00225	0.00677	0.00987	0.00805	0.25639
82	0.01789	0.08908	0.60772	0.02419	0.03672	0.02122	0.03106	0.02752	0.01837	0.02715	0.01542	0.01812	0.01106	0.00823	0.00811	0.00270	0.01265	0.00633	0.00369	0.01278
83	0.01063	0.00759	0.01012	0.01215	0.01265	0.00709	0.00810	0.01215	0.01670	0.02227	0.04808	0.68775	0.05769	0.02733	0.01113	0.00354	0.00506	0.02480	0.00810	0.00709
84	0.02030	0.02297	0.04971	0.08110	0.04660	0.02187	0.56668	0.02755	0.02037	0.02755	0.01750	0.02351	0.01312	0.00745	0.01018	0.00294	0.01449	0.01012	0.00437	0.01162
85	0.01087	0.00869	0.00972	0.00981	0.01221	0.00755	0.00723	0.01347	0.02068	0.02629	0.22170	0.15864	0.41901	0.02170	0.01041	0.00297	0.00443	0.01858	0.00848	0.00755
86	0.01888	0.03601	0.40472	0.03196	0.12156	0.02081	0.18593	0.02759	0.01920	0.02783	0.01629	0.02022	0.01201	0.00797	0.00887	0.00279	0.01304	0.00766	0.00397	0.01271
87	0.01084	0.00893	0.00958	0.00962	0.01237	0.00766	0.00734	0.01344	0.02057	0.02533	0.16199	0.08228	0.51924	0.02163	0.01042	0.00299	0.00462	0.05532	0.00831	0.00753
88	0.02016	0.01926	0.03282	0.22676	0.47701	0.02035	0.02606	0.02552	0.01918	0.02676	0.01615	0.02206	0.01320	0.00804	0.00866	0.00268	0.01072	0.00777	0.00419	0.01266
89	0.03153	0.02097	0.02349	0.01851	0.02468	0.02285	0.01517	0.38355	0.10532	0.16123	0.02515	0.02442	0.01771	0.01089	0.00949	0.00270	0.03731	0.00827	0.04257	0.01418
90	0.01076	0.00765	0.01008	0.01197	0.01244	0.00718	0.00791	0.01218	0.01643	0.02191	0.04671	0.64592	0.05597	0.07151	0.01334	0.00387	0.00529	0.02399	0.00791	0.00697
91	0.02656	0.01327	0.01703	0.01412	0.01884	0.01245	0.01125	0.05689	0.08227	0.31913	0.27282	0.04370	0.04595	0.01368	0.00938	0.00274	0.00615	0.01162	0.01005	0.01211
92	0.07128	0.02328	0.02501	0.01926	0.02614	0.02553	0.01591	0.53439	0.03837	0.10103	0.02155	0.02128	0.01509	0.01037	0.00856	0.00263	0.00928	0.00776	0.00872	0.01455
93	0.08694	0.01451	0.01904	0.01488	0.02116	0.01293	0.01222	0.03926	0.02424	0.55422	0.08065	0.03143	0.02558	0.01117	0.00866	0.00270	0.00711	0.00905	0.01032	0.01394
94	0.01078	0.00779	0.01020	0.01185	0.01264	0.00721	0.00803	0.01258	0.01765	0.02356	0.10682	0.59420	0.09218	0.02612	0.01101	0.00343	0.00493	0.02357	0.00824	0.00721
95	0.03201	0.08397	0.02621	0.02180	0.02667	0.57300	0.01671	0.07437	0.02539	0.02364	0.01391	0.01598	0.01148	0.00899	0.00777	0.00225	0.01488	0.00571	0.00474	0.01051
96	0.03105	0.02006	0.02258	0.01798	0.02421	0.02145	0.01463	0.31978	0.16104	0.19333	0.05990	0.02790	0.02259	0.01123	0.00885	0.00272	0.00820	0.00893	0.00931	0.01427
97	0.01284	0.00917	0.01264	0.01455	0.01606	0.00898	0.01183	0.01602	0.01912	0.02516	0.06942	0.29525	0.05395	0.02494	0.01167	0.00381	0.00688	0.37187	0.00811	0.00772
98	0.01255	0.00840	0.00955	0.00969	0.00972	0.00837	0.00547	0.01265	0.01295	0.01727	0.02885	0.09892	0.03344	0.64926	0.04219	0.00813	0.00823	0.01349	0.00547	0.00540
99	0.01818	0.12224	0.57715	0.02369	0.03594	0.02194	0.03019	0.02745	0.01833	0.02679	0.01524	0.01789	0.01107	0.00819	0.00797	0.00266	0.01247	0.00624	0.00369	0.01269
100	0.06195	0.01287	0.01550	0.01297	0.01699	0.01237	0.00982	0.05843	0.04648	0.29871	0.02992	0.03732	0.02406	0.21908	0.01919	0.00439	0.00741	0.00970	0.09200	0.01085
101	0.02342	0.01783	0.01937	0.01698	0.02193	0.01981	0.01330	0.11832	0.41433	0.09220	0.03724	0.07927	0.06058	0.01321	0.00908	0.00293	0.00705	0.01101	0.00893	0.01321
102	0.42472	0.02551	0.04528	0.01620	0.02196	0.18103	0.01344	0.12310	0.02173	0.03676	0.01406	0.01585	0.01084	0.00872	0.00668	0.00258	0.00973	0.00553	0.00564	0.01064
103	0.02074	0.01770	0.01894	0.01723	0.02184	0.02029	0.01345	0.04311	0.55683	0.03593	0.07571	0.03763	0.03137	0.01278	0.00911	0.00299	0.00677	0.03554	0.00889	0.01318
104	0.01647	0.01550	0.02616	0.67248	0.06008	0.01938	0.02422	0.02229	0.01744	0.02229	0.01550	0.02326	0.01163	0.00872	0.00872	0.00291	0.01163	0.00775	0.00388	0.00969
105	0.01750	0.04512	0.64825	0.02486	0.03775	0.02026	0.03223	0.02762	0.01842	0.02762	0.01565	0.01842	0.01105	0.00829	0.00829	0.00276	0.01289	0.00645	0.00368	0.01289
106	0.01750	0.04512	0.64825	0.02486	0.03775	0.02026	0.03223	0.02762	0.01842	0.02762	0.01565	0.01842	0.01105	0.00829	0.00829	0.00276	0.01289	0.00645	0.00368	0.01289
107	0.03084	0.02220	0.02371	0.01843	0.02474	0.02446	0.01514	0.52916	0.03790	0.05190	0.02197	0.02253	0.01586	0.01043	0.00837	0.00254	0.00884	0.00789	0.10917	0.01392
108	0.01268	0.00846	0.00951	0.00951	0.00951	0.00846	0.00529	0.01268	0.01268	0.01691	0.02748	0.05708	0.03171	0.69345	0.04440	0.00846	0.00846	0.01268	0.00529	0.00529
109	0.03646	0.01540	0.02018	0.01574	0.02217	0.01404	0.01290	0.07322	0.06746	0.54428	0.05899	0.03089	0.02412	0.01115	0.00884	0.00271	0.00737	0.00909	0.01050	0.01449
110	0.01218	0.00879	0.01151	0.01109	0.01300	0.00812	0.00822	0.01605	0.02393	0.03377	0.57863	0.12441	0.07996	0.01874	0.01037	0.00282	0.00421	0.01663	0.00946	0.00812
111	0.75506	0.01687	0.01282	0.01147	0.01687	0.01957	0.00945	0.02564	0.01484	0.03914	0.01215	0.01417	0.00945	0.00810	0.00540	0.00270	0.00675	0.00472	0.00540	0.00945
112	0.01809	0.01550	0.01809	0.01292	0.02067	0.01163	0.01034	0.02196	0.01809	0.02842	0.01550	0.01809	0.01292	0.00646	0.00646	0.00129	0.00646	0.00517	0.00517	0.74677
113	0.01709	0.01247	0.01579	0.01728	0.01941	0.01209	0.01389	0.02093	0.06309	0.02860	0.04725	0.21355	0.05102	0.02513	0.01271	0.00433	0.00832	0.39820	0.00899	0.00987
114	0.03316	0.02443	0.02618	0.02007	0.02705	0.02705	0.01658	0.60995	0.04101	0.05497	0.02094	0.02094	0.01483	0.01047	0.00873	0.00262	0.00960	0.00785	0.00873	0.01483
115	0.01647	0.01550	0.02616	0.67248	0.06008	0.01938	0.02422	0.02229	0.01744	0.02229	0.01550	0.02326	0.01163	0.00872	0.00872	0.00291	0.01163	0.00775	0.00388	0.00969
116	0.01057	0.00821	0.00950	0.01050	0.01211	0.00728	0.00729	0.01234	0.01799	0.02263	0.06579	0.38017	0.32379	0.05479	0.01224	0.00349	0.00492	0.02130	0.00797	0.00713
117	0.01033	0.00875	0.00892	0.00906	0.01184	0.00735	0.00672	0.01249	0.01967	0.02348	0.08569	0.12400	0.59716	0.02244	0.01036	0.00299	0.00446	0.01883	0.00810	0.00735
118	0.03821	0.01505	0.02022	0.01564	0.02229	0.01329	0.01287	0.04271	0.05673	0.61277	0.03447	0.02984	0.02186	0.01085	0.00878	0.00271	0.00739	0.00883	0.01069	0.01479
