[name]
unknown

[dist]
# distance from previous block
# <min> <max>
0	25

[block]
# block no. 0 follows, 23 sequences, length 7
# corresponding to MSA columns:
# 25-31
name=unknown_A
#
# <colnr> <probs for GDERKNQSTAVLIFYWHMCP>
#	G	D	E	R	K	N	Q	S	T	A	V	L	I	F	Y	W	H	M	C	P
0	0.01270	0.00908	0.01261	0.01424	0.01601	0.00899	0.01217	0.01628	0.01887	0.02482	0.10203	0.13173	0.05004	0.02207	0.01099	0.00359	0.00693	0.51180	0.00762	0.00743
1	0.02814	0.01686	0.01895	0.01549	0.02115	0.04909	0.01240	0.06864	0.24777	0.31684	0.02909	0.02648	0.02019	0.00990	0.00794	0.00245	0.00714	0.00801	0.00851	0.08496
2	0.01663	0.03987	0.61350	0.02560	0.09341	0.01888	0.02951	0.02562	0.01726	0.02577	0.01463	0.01740	0.01052	0.00766	0.00774	0.00255	0.01177	0.00611	0.00348	0.01207
3	0.01601	0.00930	0.01230	0.01098	0.01368	0.00843	0.00843	0.01972	0.02302	0.14838	0.54580	0.05461	0.06630	0.01540	0.00931	0.00254	0.00439	0.01349	0.00913	0.00877
4	0.03038	0.03668	0.02316	0.02062	0.02509	0.60014	0.01565	0.10798	0.02489	0.02377	0.01341	0.01524	0.01087	0.00853	0.00742	0.00213	0.01392	0.00549	0.00467	0.00996
5	0.70211	0.01813	0.07316	0.01182	0.01749	0.01826	0.01075	0.02402	0.01412	0.03541	0.01160	0.01355	0.00893	0.00755	0.00527	0.00252	0.00681	0.00454	0.00487	0.00908
6	0.01683	0.01442	0.01683	0.01202	0.01923	0.01082	0.00961	0.02043	0.01683	0.02644	0.01442	0.01683	0.01202	0.00601	0.00601	0.00120	0.00601	0.00481	0.00481	0.76444

[dist]
# distance from previous block
# <min> <max>
0	2

[block]
# block no. 1 follows, 23 sequences, length 79
# corresponding to MSA columns:
# 34-73,89-127
name=unknown_B
#
# <colnr> <probs for GDERKNQSTAVLIFYWHMCP>
#	G	D	E	R	K	N	Q	S	T	A	V	L	I	F	Y	W	H	M	C	P
0	0.62795	0.06917	0.01446	0.01112	0.01605	0.01858	0.00926	0.02405	0.04086	0.03469	0.05971	0.01735	0.01454	0.00829	0.00550	0.00246	0.00629	0.00534	0.00532	0.00900
1	0.01778	0.01382	0.01672	0.03873	0.02021	0.01087	0.01014	0.02125	0.01721	0.07606	0.01807	0.06983	0.01573	0.00786	0.00659	0.00152	0.00617	0.00653	0.00537	0.61955
2	0.01773	0.02123	0.11278	0.02688	0.03378	0.01773	0.38368	0.06871	0.01957	0.02673	0.02239	0.16612	0.02090	0.01108	0.00941	0.00281	0.01123	0.01182	0.00505	0.01037
3	0.04252	0.01244	0.08696	0.01218	0.01526	0.00932	0.01045	0.01713	0.02021	0.06168	0.38446	0.20407	0.05807	0.01695	0.00929	0.00272	0.00522	0.01491	0.00788	0.00826
4	0.03061	0.01350	0.01777	0.01375	0.01960	0.01171	0.01122	0.05516	0.02292	0.48690	0.10874	0.03015	0.02599	0.01035	0.00807	0.00235	0.00647	0.00853	0.00918	0.10701
5	0.01673	0.06991	0.59852	0.02356	0.03505	0.01955	0.07466	0.02566	0.01725	0.02543	0.01456	0.01731	0.01044	0.00761	0.00774	0.00255	0.01197	0.00619	0.00348	0.01184
6	0.01683	0.01442	0.01683	0.01202	0.01923	0.01082	0.00961	0.02043	0.01683	0.02644	0.01442	0.01683	0.01202	0.00601	0.00601	0.00120	0.00601	0.00481	0.00481	0.76444
7	0.01915	0.02189	0.04788	0.03420	0.04241	0.02052	0.63475	0.02599	0.01915	0.02599	0.01642	0.02189	0.01231	0.00684	0.00958	0.00274	0.01368	0.00958	0.00410	0.01094
8	0.00959	0.00822	0.00822	0.00822	0.01096	0.00685	0.00617	0.01165	0.01850	0.02192	0.08220	0.07809	0.66092	0.02055	0.00959	0.00274	0.00411	0.01713	0.00754	0.00685
9	0.03641	0.01381	0.01883	0.01444	0.02071	0.01193	0.01193	0.03954	0.02322	0.66984	0.03201	0.02762	0.02009	0.01004	0.00816	0.00251	0.00690	0.00816	0.01004	0.01381
10	0.01308	0.00934	0.01308	0.01494	0.01681	0.00934	0.01308	0.01681	0.01868	0.02428	0.04296	0.09153	0.04670	0.02242	0.01121	0.00374	0.00747	0.60960	0.00747	0.00747
11	0.01177	0.00797	0.00937	0.00937	0.00956	0.00815	0.00557	0.01214	0.01196	0.01612	0.02509	0.05044	0.02835	0.63295	0.12160	0.00851	0.00960	0.01141	0.00485	0.00521
12	0.01513	0.00756	0.00756	0.00756	0.00945	0.00756	0.00567	0.01891	0.01702	0.03025	0.02647	0.03025	0.02080	0.00945	0.00567	0.00189	0.00378	0.00756	0.75988	0.00756
13	0.77215	0.01569	0.01193	0.01067	0.01569	0.01820	0.00879	0.02385	0.01381	0.03641	0.01130	0.01318	0.00879	0.00753	0.00502	0.00251	0.00628	0.00439	0.00502	0.00879
14	0.01532	0.01442	0.02434	0.69533	0.05589	0.01803	0.02253	0.02073	0.01622	0.02073	0.01442	0.02163	0.01082	0.00811	0.00811	0.00270	0.01082	0.00721	0.00361	0.00901
15	0.01848	0.02055	0.04378	0.03146	0.03915	0.01914	0.56114	0.02495	0.01934	0.02650	0.06461	0.02458	0.01712	0.00754	0.00942	0.00266	0.01261	0.00976	0.00450	0.04271
16	0.01012	0.00730	0.00964	0.01143	0.01213	0.00682	0.00790	0.01175	0.01593	0.02106	0.04650	0.62852	0.08413	0.02494	0.01038	0.00330	0.00490	0.06905	0.00753	0.00667
17	0.00989	0.00706	0.00942	0.01130	0.01177	0.00659	0.00753	0.01130	0.01554	0.02071	0.04472	0.70954	0.05367	0.02542	0.01036	0.00330	0.00471	0.02307	0.00753	0.00659
18	0.01695	0.01658	0.02332	0.02023	0.02042	0.02295	0.01677	0.01888	0.01251	0.01944	0.01209	0.01958	0.01190	0.02025	0.11161	0.00478	0.61213	0.00731	0.00365	0.00866
19	0.01279	0.00919	0.01271	0.01450	0.01635	0.00912	0.01254	0.01636	0.01854	0.02403	0.04470	0.11738	0.07309	0.02246	0.01110	0.00367	0.00721	0.55936	0.00748	0.00741
20	0.03031	0.03867	0.02299	0.02090	0.02508	0.68226	0.01568	0.03240	0.02299	0.01986	0.01254	0.01463	0.01045	0.00836	0.00732	0.00209	0.01463	0.00523	0.00418	0.00941
21	0.01425	0.01172	0.01325	0.01256	0.01575	0.01171	0.00935	0.02321	0.22315	0.02666	0.07602	0.25818	0.13381	0.01678	0.00890	0.00270	0.00531	0.01461	0.00746	0.11463
22	0.01902	0.02764	0.23647	0.02999	0.03927	0.01964	0.42440	0.02648	0.01871	0.05343	0.01652	0.02069	0.01203	0.00724	0.00895	0.00268	0.01288	0.00843	0.00415	0.01138
23	0.02249	0.01925	0.01960	0.01708	0.02198	0.04851	0.01342	0.14782	0.51536	0.03640	0.02978	0.02772	0.02223	0.01067	0.00819	0.00267	0.00721	0.00868	0.00806	0.01287
24	0.73429	0.01605	0.01256	0.01108	0.01618	0.01856	0.00913	0.05518	0.01505	0.03716	0.01172	0.01350	0.00904	0.00765	0.00518	0.00251	0.00641	0.00454	0.00518	0.00904
25	0.01871	0.02208	0.07178	0.09005	0.04325	0.02024	0.55753	0.02553	0.01882	0.02553	0.01617	0.02167	0.01210	0.00698	0.00937	0.00273	0.01337	0.00923	0.00403	0.01082
26	0.01409	0.00705	0.01057	0.01057	0.01057	0.00705	0.00705	0.01057	0.01057	0.01409	0.01409	0.02467	0.01409	0.02819	0.03171	0.76392	0.00705	0.00705	0.00352	0.00352
27	0.01627	0.04197	0.67279	0.02313	0.03512	0.01884	0.02998	0.02570	0.01713	0.02570	0.01456	0.01713	0.01028	0.00771	0.00771	0.00257	0.01199	0.00600	0.00343	0.01199
28	0.01683	0.01442	0.01683	0.01202	0.01923	0.01082	0.00961	0.02043	0.01683	0.02644	0.01442	0.01683	0.01202	0.00601	0.00601	0.00120	0.00601	0.00481	0.00481	0.76444
29	0.02169	0.71972	0.04252	0.01388	0.02083	0.03211	0.01388	0.02430	0.01649	0.01909	0.01128	0.01302	0.01041	0.00694	0.00521	0.00174	0.00868	0.00434	0.00347	0.01041
30	0.01683	0.01442	0.01683	0.01202	0.01923	0.01082	0.00961	0.02043	0.01683	0.02644	0.01442	0.01683	0.01202	0.00601	0.00601	0.00120	0.00601	0.00481	0.00481	0.76444
31	0.01905	0.02274	0.07693	0.03430	0.06680	0.02039	0.58180	0.02593	0.01903	0.02600	0.01628	0.02159	0.01224	0.00690	0.00943	0.00272	0.01344	0.00931	0.00407	0.01107
32	0.77215	0.01569	0.01193	0.01067	0.01569	0.01820	0.00879	0.02385	0.01381	0.03641	0.01130	0.01318	0.00879	0.00753	0.00502	0.00251	0.00628	0.00439	0.00502	0.00879
33	0.01510	0.01413	0.02374	0.66774	0.05411	0.01757	0.02193	0.02035	0.01620	0.02073	0.01564	0.04938	0.01254	0.00881	0.00820	0.00273	0.01057	0.00785	0.00376	0.00892
34	0.01925	0.02162	0.04632	0.03583	0.10737	0.02039	0.57103	0.02588	0.01908	0.02605	0.01630	0.02170	0.01237	0.00688	0.00941	0.00270	0.01326	0.00933	0.00409	0.01114
35	0.72934	0.05585	0.01367	0.01085	0.01599	0.01900	0.00908	0.02388	0.01396	0.03542	0.01130	0.01317	0.00888	0.00750	0.00503	0.00247	0.00641	0.00439	0.00493	0.00888
36	0.01513	0.00756	0.00756	0.00756	0.00945	0.00756	0.00567	0.01891	0.01702	0.03025	0.02647	0.03025	0.02080	0.00945	0.00567	0.00189	0.00378	0.00756	0.75988	0.00756
37	0.01180	0.00787	0.00885	0.00885	0.00885	0.00787	0.00492	0.01180	0.01180	0.01573	0.02557	0.05310	0.02950	0.71483	0.04130	0.00787	0.00787	0.01180	0.00492	0.00492
38	0.02012	0.01850	0.02679	0.03577	0.39310	0.01966	0.01982	0.03258	0.28451	0.02964	0.02275	0.02438	0.01788	0.00882	0.00813	0.00255	0.00828	0.00805	0.00580	0.01285
39	0.01795	0.18600	0.42842	0.02302	0.03326	0.02202	0.13024	0.02544	0.01734	0.02431	0.01417	0.01705	0.01066	0.00739	0.00748	0.00242	0.01156	0.00625	0.00355	0.01147
40	0.01690	0.01467	0.01743	0.01272	0.01939	0.01187	0.01023	0.02036	0.01650	0.02592	0.01414	0.01690	0.01192	0.00662	0.00756	0.00138	0.05808	0.00498	0.00471	0.70775
41	0.08309	0.02836	0.02295	0.01896	0.02446	0.27736	0.01505	0.36120	0.03060	0.03807	0.01623	0.01717	0.01216	0.00905	0.00759	0.00231	0.01093	0.00630	0.00638	0.01176
42	0.01778	0.03244	0.39248	0.03183	0.18966	0.01928	0.14933	0.02556	0.01786	0.02595	0.01510	0.01880	0.01131	0.00742	0.00816	0.00256	0.01176	0.00701	0.00371	0.01199
43	0.00993	0.00829	0.00869	0.00875	0.01138	0.00705	0.00667	0.01221	0.01884	0.02285	0.12331	0.07755	0.58204	0.02036	0.00968	0.00278	0.00428	0.05074	0.00764	0.00695
44	0.01024	0.00763	0.01088	0.01217	0.01293	0.00712	0.03138	0.01186	0.01567	0.02091	0.04365	0.68339	0.05209	0.02471	0.01033	0.00327	0.00505	0.02255	0.00740	0.00676
45	0.03034	0.02248	0.02407	0.01857	0.02497	0.02493	0.01530	0.60898	0.06715	0.05032	0.02012	0.01999	0.01432	0.00980	0.00812	0.00245	0.00881	0.00739	0.00812	0.01375
46	0.01160	0.00865	0.01281	0.01281	0.01418	0.01002	0.00986	0.01434	0.01297	0.01867	0.02194	0.03303	0.02079	0.09650	0.64772	0.01276	0.02098	0.00886	0.00438	0.00712
47	0.01513	0.00756	0.00756	0.00756	0.00945	0.00756	0.00567	0.01891	0.01702	0.03025	0.02647	0.03025	0.02080	0.00945	0.00567	0.00189	0.00378	0.00756	0.75988	0.00756
48	0.01915	0.02189	0.04788	0.03420	0.04241	0.02052	0.63475	0.02599	0.01915	0.02599	0.01642	0.02189	0.01231	0.00684	0.00958	0.00274	0.01368	0.00958	0.00410	0.01094
49	0.01627	0.04197	0.67279	0.02313	0.03512	0.01884	0.02998	0.02570	0.01713	0.02570	0.01456	0.01713	0.01028	0.00771	0.00771	0.00257	0.01199	0.00600	0.00343	0.01199
50	0.01280	0.00920	0.01268	0.01426	0.01617	0.00909	0.01233	0.01647	0.01904	0.02489	0.09728	0.08833	0.07462	0.02184	0.01100	0.00359	0.00702	0.53432	0.00760	0.00746
51	0.01159	0.00869	0.01304	0.01304	0.01449	0.01014	0.01014	0.01449	0.01304	0.01884	0.02173	0.03188	0.02029	0.06086	0.68268	0.01304	0.02173	0.00869	0.00435	0.00724
52	0.01683	0.01442	0.01683	0.01202	0.01923	0.01082	0.00961	0.02043	0.01683	0.02644	0.01442	0.01683	0.01202	0.00601	0.00601	0.00120	0.00601	0.00481	0.00481	0.76444
53	0.18847	0.01645	0.01765	0.01435	0.02003	0.06440	0.01165	0.03609	0.08680	0.42173	0.02632	0.02390	0.01749	0.00949	0.00745	0.00250	0.00730	0.00726	0.00836	0.01233
54	0.00989	0.00706	0.00942	0.01130	0.01177	0.00659	0.00753	0.01130	0.01554	0.02071	0.04472	0.70954	0.05367	0.02542	0.01036	0.00330	0.00471	0.02307	0.00753	0.00659
55	0.02243	0.02038	0.03238	0.02377	0.03099	0.02007	0.27519	0.21683	0.07063	0.03450	0.01820	0.02077	0.01363	0.00789	0.00833	0.00235	0.01018	0.00792	0.00580	0.15777
56	0.00959	0.00822	0.00822	0.00822	0.01096	0.00685	0.00617	0.01165	0.01850	0.02192	0.08220	0.07809	0.66092	0.02055	0.00959	0.00274	0.00411	0.01713	0.00754	0.00685
57	0.03085	0.02273	0.02435	0.01867	0.02516	0.02516	0.01542	0.63716	0.03815	0.05114	0.01948	0.01948	0.01380	0.00974	0.00812	0.00244	0.00893	0.00731	0.00812	0.01380
58	0.01753	0.01745	0.02481	0.08348	0.02449	0.02422	0.01819	0.01964	0.01278	0.01964	0.01100	0.01811	0.01067	0.01364	0.02492	0.00347	0.63641	0.00711	0.00356	0.00889
59	0.01288	0.00905	0.01059	0.00991	0.01262	0.00814	0.00753	0.01666	0.04689	0.07572	0.33137	0.06461	0.32868	0.01762	0.00942	0.00264	0.00429	0.01504	0.00837	0.00798
60	0.01627	0.04197	0.67279	0.02313	0.03512	0.01884	0.02998	0.02570	0.01713	0.02570	0.01456	0.01713	0.01028	0.00771	0.00771	0.00257	0.01199	0.00600	0.00343	0.01199
61	0.01627	0.04197	0.67279	0.02313	0.03512	0.01884	0.02998	0.02570	0.01713	0.02570	0.01456	0.01713	0.01028	0.00771	0.00771	0.00257	0.01199	0.00600	0.00343	0.01199
62	0.03253	0.02002	0.02268	0.01738	0.02381	0.02114	0.01436	0.45569	0.03362	0.23901	0.02329	0.02195	0.01571	0.00983	0.00813	0.00246	0.00831	0.00756	0.00870	0.01380
63	0.02351	0.02113	0.02845	0.03647	0.39413	0.07011	0.02052	0.20567	0.02448	0.03299	0.01781	0.05471	0.01504	0.00899	0.00812	0.00244	0.00955	0.00791	0.00542	0.01255
64	0.02093	0.01892	0.05533	0.33823	0.11347	0.05305	0.02027	0.10823	0.04732	0.08164	0.01721	0.02126	0.01279	0.00885	0.00906	0.00263	0.04771	0.00723	0.00503	0.01084
65	0.01683	0.01442	0.01683	0.01202	0.01923	0.01082	0.00961	0.02043	0.01683	0.02644	0.01442	0.01683	0.01202	0.00601	0.00601	0.00120	0.00601	0.00481	0.00481	0.76444
66	0.01247	0.00853	0.01106	0.01029	0.01244	0.00780	0.00777	0.01618	0.02276	0.05970	0.60367	0.06006	0.10343	0.01650	0.00951	0.00256	0.00398	0.01451	0.00891	0.00788
67	0.02058	0.01848	0.01853	0.01652	0.02123	0.05744	0.01283	0.04127	0.57933	0.03273	0.03084	0.02865	0.02326	0.01059	0.00808	0.00263	0.00687	0.00871	0.00784	0.05361
68	0.00959	0.00822	0.00822	0.00822	0.01096	0.00685	0.00617	0.01165	0.01850	0.02192	0.08220	0.07809	0.66092	0.02055	0.00959	0.00274	0.00411	0.01713	0.00754	0.00685
69	0.01725	0.01574	0.02178	0.04999	0.02421	0.01387	0.08931	0.02201	0.04301	0.02587	0.01515	0.01833	0.01242	0.00706	0.00825	0.00172	0.06102	0.00588	0.00470	0.54241
70	0.10531	0.01504	0.02045	0.01582	0.02186	0.01416	0.05853	0.08435	0.02263	0.47184	0.02720	0.02535	0.01789	0.01243	0.04643	0.00312	0.00836	0.00786	0.00862	0.01273
71	0.01409	0.00705	0.01057	0.01057	0.01057	0.00705	0.00705	0.01057	0.01057	0.01409	0.01409	0.02467	0.01409	0.02819	0.03171	0.76392	0.00705	0.00705	0.00352	0.00352
72	0.01598	0.00839	0.00848	0.00817	0.01031	0.00852	0.00620	0.05260	0.01817	0.03139	0.02609	0.02966	0.02042	0.00947	0.00581	0.00192	0.00406	0.00755	0.71891	0.00790
73	0.02033	0.01992	0.03217	0.07424	0.61260	0.04767	0.02441	0.02506	0.01858	0.02599	0.01511	0.01991	0.01267	0.00731	0.00801	0.00241	0.00990	0.00714	0.00401	0.01255
74	0.01989	0.01908	0.03258	0.07660	0.63897	0.01923	0.02480	0.02473	0.01838	0.02627	0.01523	0.02015	0.01277	0.00727	0.00804	0.00242	0.00969	0.00723	0.00400	0.01269
75	0.73495	0.01605	0.01255	0.01107	0.01617	0.01855	0.00912	0.05462	0.01503	0.03715	0.01171	0.01350	0.00904	0.00764	0.00518	0.00251	0.00641	0.00454	0.00518	0.00904
76	0.01375	0.00705	0.01047	0.01063	0.01067	0.00701	0.00709	0.01063	0.01098	0.01464	0.01664	0.08148	0.01738	0.02796	0.02994	0.70082	0.00685	0.00838	0.00386	0.00378
77	0.72986	0.01609	0.01263	0.01113	0.01623	0.01860	0.00917	0.05884	0.01520	0.03725	0.01177	0.01354	0.00907	0.00766	0.00520	0.00251	0.00643	0.00456	0.00520	0.00907
78	0.01729	0.01709	0.02430	0.07597	0.02383	0.02367	0.01782	0.01941	0.01276	0.01960	0.01143	0.01868	0.01108	0.01571	0.05326	0.00389	0.61462	0.00718	0.00359	0.00882

[dist]
# distance from previous block
# <min> <max>
1	6

[block]
# block no. 2 follows, 23 sequences, length 85
# corresponding to MSA columns:
# 134-198,200-219
name=unknown_C
#
# <colnr> <probs for GDERKNQSTAVLIFYWHMCP>
#	G	D	E	R	K	N	Q	S	T	A	V	L	I	F	Y	W	H	M	C	P
0	0.00959	0.00822	0.00822	0.00822	0.01096	0.00685	0.00617	0.01165	0.01850	0.02192	0.08220	0.07809	0.66092	0.02055	0.00959	0.00274	0.00411	0.01713	0.00754	0.00685
1	0.01148	0.00829	0.01085	0.01021	0.01212	0.00766	0.00766	0.01531	0.02297	0.03254	0.65994	0.06061	0.07656	0.01659	0.00957	0.00255	0.00383	0.01467	0.00893	0.00766
2	0.01086	0.00792	0.01037	0.01160	0.01289	0.00743	0.00866	0.01329	0.01788	0.02374	0.15717	0.38690	0.12155	0.02265	0.01033	0.00320	0.00511	0.15368	0.00777	0.00701
3	0.01683	0.01442	0.01683	0.01202	0.01923	0.01082	0.00961	0.02043	0.01683	0.02644	0.01442	0.01683	0.01202	0.00601	0.00601	0.00120	0.00601	0.00481	0.00481	0.76444
4	0.01159	0.00869	0.01304	0.01304	0.01449	0.01014	0.01014	0.01449	0.01304	0.01884	0.02173	0.03188	0.02029	0.06086	0.68268	0.01304	0.02173	0.00869	0.00435	0.00724
5	0.01501	0.01400	0.02349	0.65628	0.05337	0.01737	0.02168	0.02019	0.01619	0.02073	0.01615	0.06090	0.01326	0.00910	0.00824	0.00274	0.01047	0.00812	0.00383	0.00888
6	0.01513	0.00756	0.00756	0.00756	0.00945	0.00756	0.00567	0.01891	0.01702	0.03025	0.02647	0.03025	0.02080	0.00945	0.00567	0.00189	0.00378	0.00756	0.75988	0.00756
7	0.01151	0.00949	0.01560	0.01506	0.01681	0.00891	0.10522	0.01389	0.01628	0.02174	0.04023	0.56750	0.04685	0.02236	0.01028	0.00323	0.00626	0.05446	0.00700	0.00732
8	0.04840	0.05950	0.34440	0.01688	0.02423	0.01491	0.01920	0.02133	0.01932	0.02864	0.27625	0.03441	0.03713	0.01127	0.00822	0.00252	0.00826	0.00937	0.00573	0.01001
9	0.71838	0.01560	0.01281	0.05931	0.01855	0.01819	0.00976	0.02363	0.01398	0.03529	0.01152	0.01378	0.00893	0.00757	0.00524	0.00252	0.00660	0.00459	0.00492	0.00880
10	0.01691	0.12079	0.59949	0.02205	0.03346	0.02039	0.02811	0.02553	0.01706	0.02493	0.01418	0.01665	0.01029	0.00762	0.00742	0.00247	0.01161	0.00580	0.00343	0.01181
11	0.01161	0.00863	0.01274	0.01274	0.01409	0.00998	0.00977	0.01430	0.01295	0.01862	0.02201	0.03338	0.02094	0.10732	0.63711	0.01267	0.02075	0.00891	0.00439	0.00708
12	0.01148	0.00829	0.01085	0.01021	0.01212	0.00766	0.00766	0.01531	0.02297	0.03254	0.65994	0.06061	0.07656	0.01659	0.00957	0.00255	0.00383	0.01467	0.00893	0.00766
13	0.03085	0.02273	0.02435	0.01867	0.02516	0.02516	0.01542	0.63716	0.03815	0.05114	0.01948	0.01948	0.01380	0.00974	0.00812	0.00244	0.00893	0.00731	0.00812	0.01380
14	0.01649	0.06837	0.64824	0.02277	0.03456	0.01936	0.02935	0.02564	0.01711	0.02544	0.01443	0.01697	0.01028	0.00768	0.00761	0.00254	0.01186	0.00593	0.00343	0.01193
15	0.03641	0.01381	0.01883	0.01444	0.02071	0.01193	0.01193	0.03954	0.02322	0.66984	0.03201	0.02762	0.02009	0.01004	0.00816	0.00251	0.00690	0.00816	0.01004	0.01381
16	0.00989	0.00706	0.00942	0.01130	0.01177	0.00659	0.00753	0.01130	0.01554	0.02071	0.04472	0.70954	0.05367	0.02542	0.01036	0.00330	0.00471	0.02307	0.00753	0.00659
17	0.01038	0.00706	0.00955	0.01121	0.01163	0.00664	0.00748	0.01121	0.01496	0.01994	0.04116	0.62989	0.04906	0.02574	0.01284	0.09176	0.00498	0.02120	0.00707	0.00623
18	0.01191	0.00821	0.01046	0.00990	0.01181	0.00765	0.00743	0.01573	0.02228	0.03227	0.58626	0.05708	0.07008	0.01576	0.00912	0.00248	0.00382	0.01385	0.09627	0.00765
19	0.01809	0.01588	0.02097	0.01507	0.02235	0.01296	0.08273	0.06490	0.01861	0.02814	0.01501	0.01760	0.01218	0.00637	0.00657	0.00147	0.00711	0.00554	0.00496	0.62347
20	0.02029	0.63697	0.03853	0.01323	0.01968	0.02917	0.01299	0.02283	0.01672	0.01942	0.01953	0.02058	0.08607	0.00852	0.00572	0.00185	0.00815	0.00583	0.00394	0.01000
21	0.01606	0.09645	0.02645	0.61608	0.05181	0.01967	0.02153	0.02115	0.01626	0.02054	0.01406	0.02063	0.01077	0.00798	0.00777	0.00259	0.01057	0.00688	0.00359	0.00918
22	0.01760	0.00829	0.00887	0.00836	0.01076	0.00807	0.00640	0.02131	0.01774	0.10464	0.02711	0.02995	0.02072	0.00952	0.00596	0.00196	0.00414	0.00763	0.67267	0.00829
23	0.01488	0.01371	0.02277	0.61565	0.05080	0.01682	0.02080	0.02010	0.01701	0.02211	0.08950	0.02617	0.01846	0.00910	0.00828	0.00269	0.01000	0.00808	0.00423	0.00886
24	0.01401	0.00960	0.01065	0.00999	0.01075	0.00988	0.00614	0.08453	0.01486	0.01985	0.02486	0.04919	0.02767	0.63283	0.03744	0.00723	0.00799	0.01128	0.00529	0.00595
25	0.00989	0.00706	0.00942	0.01130	0.01177	0.00659	0.00753	0.01130	0.01554	0.02071	0.04472	0.70954	0.05367	0.02542	0.01036	0.00330	0.00471	0.02307	0.00753	0.00659
26	0.01758	0.01752	0.02482	0.06919	0.02376	0.02437	0.01809	0.01961	0.01270	0.01961	0.01092	0.01803	0.01066	0.01377	0.02531	0.00349	0.65102	0.00711	0.00355	0.00889
27	0.01923	0.05067	0.04527	0.05672	0.10903	0.02079	0.52279	0.02563	0.01887	0.02559	0.01601	0.02131	0.01224	0.00693	0.00918	0.00266	0.01294	0.00903	0.00405	0.01106
28	0.01712	0.04079	0.64532	0.02276	0.03451	0.01855	0.02922	0.02628	0.01739	0.05275	0.01529	0.01757	0.01069	0.00781	0.00773	0.00257	0.01178	0.00609	0.00370	0.01207
29	0.01920	0.02176	0.04716	0.03495	0.07215	0.02046	0.60558	0.02594	0.01912	0.02602	0.01636	0.02180	0.01234	0.00686	0.00950	0.00272	0.01349	0.00946	0.00410	0.01104
30	0.01308	0.00934	0.01308	0.01494	0.01681	0.00934	0.01308	0.01681	0.01868	0.02428	0.04296	0.09153	0.04670	0.02242	0.01121	0.00374	0.00747	0.60960	0.00747	0.00747
31	0.02189	0.62598	0.08599	0.01501	0.02213	0.07468	0.01515	0.02494	0.01697	0.01961	0.01160	0.01342	0.01041	0.00709	0.00553	0.00182	0.00931	0.00452	0.00352	0.01046
32	0.02576	0.01373	0.01670	0.01374	0.01861	0.01331	0.01102	0.09726	0.12264	0.31612	0.14197	0.03893	0.10905	0.01256	0.00858	0.00258	0.00619	0.01043	0.00906	0.01177
33	0.01513	0.00756	0.00756	0.00756	0.00945	0.00756	0.00567	0.01891	0.01702	0.03025	0.02647	0.03025	0.02080	0.00945	0.00567	0.00189	0.00378	0.00756	0.75988	0.00756
34	0.01676	0.03910	0.59186	0.02650	0.11469	0.01890	0.02934	0.02560	0.01730	0.02580	0.01465	0.01750	0.01060	0.00765	0.00775	0.00255	0.01169	0.00615	0.00350	0.01210
35	0.03085	0.02273	0.02435	0.01867	0.02516	0.02516	0.01542	0.63716	0.03815	0.05114	0.01948	0.01948	0.01380	0.00974	0.00812	0.00244	0.00893	0.00731	0.00812	0.01380
36	0.01297	0.00965	0.01363	0.01323	0.01496	0.01109	0.01025	0.05859	0.01476	0.02097	0.02177	0.03207	0.02029	0.09045	0.60217	0.01202	0.02012	0.00875	0.00464	0.00759
37	0.01141	0.00834	0.01074	0.01027	0.01224	0.00767	0.00778	0.01510	0.02243	0.03135	0.58763	0.06335	0.12044	0.01716	0.00965	0.00262	0.00401	0.04148	0.00876	0.00759
38	0.01159	0.00869	0.01304	0.01304	0.01449	0.01014	0.01014	0.01449	0.01304	0.01884	0.02173	0.03188	0.02029	0.06086	0.68268	0.01304	0.02173	0.00869	0.00435	0.00724
39	0.01409	0.00705	0.01057	0.01057	0.01057	0.00705	0.00705	0.01057	0.01057	0.01409	0.01409	0.02467	0.01409	0.02819	0.03171	0.76392	0.00705	0.00705	0.00352	0.00352
40	0.01792	0.01823	0.02753	0.02280	0.02376	0.02435	0.08951	0.02028	0.01321	0.02028	0.01132	0.01823	0.01084	0.01335	0.02465	0.00346	0.62016	0.00739	0.00361	0.00912
41	0.02917	0.03496	0.02256	0.02022	0.02463	0.55410	0.01533	0.08073	0.09704	0.02393	0.01546	0.01683	0.01238	0.00878	0.00749	0.00219	0.01323	0.00585	0.00496	0.01015
42	0.01011	0.00808	0.00849	0.00849	0.01091	0.00687	0.00627	0.01152	0.01757	0.02101	0.07428	0.07188	0.58570	0.02144	0.01216	0.09127	0.00445	0.01595	0.00707	0.00646
43	0.03322	0.01368	0.01831	0.01400	0.02023	0.01164	0.01150	0.03644	0.02247	0.57176	0.05287	0.02757	0.02121	0.00981	0.00796	0.00236	0.00669	0.00801	0.00939	0.10088
44	0.01953	0.01871	0.03194	0.12488	0.59347	0.01913	0.02463	0.02442	0.01821	0.02584	0.01517	0.02026	0.01262	0.00733	0.00804	0.00244	0.00978	0.00723	0.00397	0.01241
45	0.10448	0.03700	0.53921	0.02333	0.05963	0.01887	0.05619	0.02546	0.01690	0.02699	0.01430	0.01702	0.01031	0.00763	0.00750	0.00256	0.01131	0.00603	0.00367	0.01161
46	0.02722	0.02666	0.31724	0.01840	0.02729	0.01508	0.02016	0.03323	0.02044	0.37590	0.02405	0.02283	0.01561	0.00898	0.00795	0.00254	0.00923	0.00717	0.00702	0.01298
47	0.01513	0.00756	0.00756	0.00756	0.00945	0.00756	0.00567	0.01891	0.01702	0.03025	0.02647	0.03025	0.02080	0.00945	0.00567	0.00189	0.00378	0.00756	0.75988	0.00756
48	0.02083	0.01728	0.01837	0.01643	0.02108	0.01985	0.01281	0.04297	0.62439	0.05950	0.03299	0.03017	0.02458	0.01097	0.00825	0.00274	0.00644	0.00913	0.00833	0.01288
49	0.03493	0.01400	0.01873	0.01445	0.02053	0.01239	0.01190	0.06875	0.02397	0.60792	0.06141	0.02878	0.02247	0.01034	0.00823	0.00251	0.00686	0.00843	0.00989	0.01351
50	0.02028	0.54305	0.20681	0.01629	0.02455	0.02865	0.01808	0.02466	0.01666	0.02081	0.01214	0.01409	0.01038	0.00714	0.00586	0.00195	0.00954	0.00477	0.00346	0.01082
51	0.02939	0.03270	0.02345	0.06823	0.02729	0.46003	0.01610	0.19266	0.02655	0.02825	0.01452	0.01642	0.01137	0.00871	0.00759	0.00223	0.01284	0.00592	0.00519	0.01055
52	0.00989	0.00706	0.00942	0.01130	0.01177	0.00659	0.00753	0.01130	0.01554	0.02071	0.04472	0.70954	0.05367	0.02542	0.01036	0.00330	0.00471	0.02307	0.00753	0.00659
53	0.01627	0.04197	0.67279	0.02313	0.03512	0.01884	0.02998	0.02570	0.01713	0.02570	0.01456	0.01713	0.01028	0.00771	0.00771	0.00257	0.01199	0.00600	0.00343	0.01199
54	0.00989	0.00706	0.00942	0.01130	0.01177	0.00659	0.00753	0.01130	0.01554	0.02071	0.04472	0.70954	0.05367	0.02542	0.01036	0.00330	0.00471	0.02307	0.00753	0.00659
55	0.01775	0.01775	0.02485	0.02130	0.02130	0.02485	0.01775	0.01953	0.01243	0.01953	0.01065	0.01775	0.01065	0.01420	0.02663	0.00355	0.69998	0.00710	0.00355	0.00888
56	0.03085	0.02273	0.02435	0.01867	0.02516	0.02516	0.01542	0.63716	0.03815	0.05114	0.01948	0.01948	0.01380	0.00974	0.00812	0.00244	0.00893	0.00731	0.00812	0.01380
57	0.01159	0.00869	0.01304	0.01304	0.01449	0.01014	0.01014	0.01449	0.01304	0.01884	0.02173	0.03188	0.02029	0.06086	0.68268	0.01304	0.02173	0.00869	0.00435	0.00724
58	0.77215	0.01569	0.01193	0.01067	0.01569	0.01820	0.00879	0.02385	0.01381	0.03641	0.01130	0.01318	0.00879	0.00753	0.00502	0.00251	0.00628	0.00439	0.00502	0.00879
59	0.01278	0.00913	0.01274	0.01461	0.01635	0.00909	0.01257	0.01631	0.01839	0.02396	0.04312	0.14820	0.04734	0.02269	0.01113	0.00370	0.00722	0.55581	0.00748	0.00739
60	0.00989	0.00706	0.00942	0.01130	0.01177	0.00659	0.00753	0.01130	0.01554	0.02071	0.04472	0.70954	0.05367	0.02542	0.01036	0.00330	0.00471	0.02307	0.00753	0.00659
61	0.01008	0.00736	0.00954	0.01120	0.01203	0.00682	0.00777	0.01173	0.01610	0.02111	0.04896	0.59219	0.12380	0.02464	0.01033	0.00326	0.00483	0.06405	0.00753	0.00668
62	0.01692	0.01471	0.01802	0.01287	0.02012	0.01119	0.03358	0.02064	0.01692	0.02642	0.01450	0.01702	0.01203	0.00604	0.00615	0.00126	0.00630	0.00499	0.00478	0.73555
63	0.01513	0.00756	0.00756	0.00756	0.00945	0.00756	0.00567	0.01891	0.01702	0.03025	0.02647	0.03025	0.02080	0.00945	0.00567	0.00189	0.00378	0.00756	0.75988	0.00756
64	0.70792	0.01669	0.03904	0.04180	0.01827	0.01822	0.01025	0.02379	0.01405	0.03527	0.01157	0.01372	0.00894	0.00757	0.00527	0.00252	0.00671	0.00458	0.00489	0.00893
65	0.02285	0.57838	0.06976	0.01517	0.02219	0.05726	0.01491	0.09597	0.01930	0.02317	0.01244	0.01403	0.01080	0.00736	0.00575	0.00187	0.00911	0.00480	0.00404	0.01084
66	0.01856	0.01934	0.02444	0.24699	0.03337	0.10740	0.01909	0.02159	0.01506	0.01997	0.01216	0.01865	0.01068	0.01141	0.01794	0.00308	0.38073	0.00690	0.00365	0.00899
67	0.01179	0.00791	0.00906	0.00906	0.00914	0.00798	0.00518	0.01194	0.01186	0.01589	0.02537	0.05202	0.02903	0.68161	0.07388	0.00813	0.00857	0.01164	0.00489	0.00503
68	0.01560	0.01470	0.02483	0.65848	0.09061	0.01810	0.02267	0.02097	0.01635	0.02106	0.01447	0.02154	0.01093	0.00806	0.00811	0.00269	0.01075	0.00721	0.00363	0.00923
69	0.77215	0.01569	0.01193	0.01067	0.01569	0.01820	0.00879	0.02385	0.01381	0.03641	0.01130	0.01318	0.00879	0.00753	0.00502	0.00251	0.00628	0.00439	0.00502	0.00879
70	0.01148	0.00829	0.01085	0.01021	0.01212	0.00766	0.00766	0.01531	0.02297	0.03254	0.65994	0.06061	0.07656	0.01659	0.00957	0.00255	0.00383	0.01467	0.00893	0.00766
71	0.01627	0.04197	0.67279	0.02313	0.03512	0.01884	0.02998	0.02570	0.01713	0.02570	0.01456	0.01713	0.01028	0.00771	0.00771	0.00257	0.01199	0.00600	0.00343	0.01199
72	0.01160	0.00865	0.01284	0.01284	0.01422	0.01003	0.00989	0.01436	0.01298	0.01869	0.02192	0.03289	0.02073	0.09209	0.65204	0.01279	0.02107	0.00884	0.00437	0.00713
73	0.01148	0.00829	0.01085	0.01021	0.01212	0.00766	0.00766	0.01531	0.02297	0.03254	0.65994	0.06061	0.07656	0.01659	0.00957	0.00255	0.00383	0.01467	0.00893	0.00766
74	0.01513	0.00756	0.00756	0.00756	0.00945	0.00756	0.00567	0.01891	0.01702	0.03025	0.02647	0.03025	0.02080	0.00945	0.00567	0.00189	0.00378	0.00756	0.75988	0.00756
75	0.01513	0.00756	0.00756	0.00756	0.00945	0.00756	0.00567	0.01891	0.01702	0.03025	0.02647	0.03025	0.02080	0.00945	0.00567	0.00189	0.00378	0.00756	0.75988	0.00756
76	0.01683	0.01442	0.01683	0.01202	0.01923	0.01082	0.00961	0.02043	0.01683	0.02644	0.01442	0.01683	0.01202	0.00601	0.00601	0.00120	0.00601	0.00481	0.00481	0.76444
77	0.71155	0.01627	0.01294	0.01132	0.01647	0.01877	0.00933	0.07399	0.01580	0.03761	0.01197	0.01370	0.00920	0.00771	0.00527	0.00250	0.00649	0.00463	0.00527	0.00920
78	0.01532	0.01442	0.02434	0.69533	0.05589	0.01803	0.02253	0.02073	0.01622	0.02073	0.01442	0.02163	0.01082	0.00811	0.00811	0.00270	0.01082	0.00721	0.00361	0.00901
79	0.51077	0.01761	0.01566	0.01325	0.01859	0.02013	0.01085	0.17700	0.08635	0.03978	0.01559	0.01652	0.01170	0.00844	0.00612	0.00252	0.00695	0.00561	0.00612	0.01045
80	0.30964	0.01977	0.01933	0.01553	0.02136	0.02226	0.01277	0.37209	0.06388	0.04460	0.01717	0.01772	0.01254	0.00898	0.00696	0.00248	0.00779	0.00631	0.00696	0.01186
81	0.02983	0.02080	0.02284	0.01755	0.02399	0.02228	0.01444	0.49162	0.06399	0.11819	0.02114	0.02070	0.01489	0.00954	0.00796	0.00236	0.00835	0.00729	0.00807	0.07418
82	0.17394	0.02363	0.02106	0.01728	0.02288	0.13970	0.01391	0.34836	0.09482	0.04093	0.01808	0.01853	0.01338	0.00920	0.00739	0.00242	0.00916	0.00657	0.00683	0.01195
83	0.63136	0.05223	0.01568	0.01371	0.05374	0.01953	0.01050	0.07335	0.01617	0.03615	0.01218	0.01407	0.00951	0.00766	0.00545	0.00246	0.00680	0.00479	0.00513	0.00951
84	0.01717	0.01618	0.02698	0.25950	0.37809	0.01726	0.02179	0.02180	0.01756	0.02393	0.02142	0.06408	0.06055	0.00951	0.00830	0.00258	0.00936	0.00883	0.00433	0.01079

[dist]
# distance from previous block
# <min> <max>
18	22

[block]
# block no. 3 follows, 23 sequences, length 34
# corresponding to MSA columns:
# 244-277
name=unknown_D
#
# <colnr> <probs for GDERKNQSTAVLIFYWHMCP>
#	G	D	E	R	K	N	Q	S	T	A	V	L	I	F	Y	W	H	M	C	P
0	0.01822	0.01691	0.02900	0.10016	0.45158	0.01705	0.06167	0.02211	0.01744	0.02426	0.01959	0.02472	0.05597	0.01051	0.01089	0.08743	0.00936	0.00802	0.00416	0.01094
1	0.01247	0.04781	0.08682	0.01341	0.01652	0.01116	0.03246	0.01641	0.03998	0.02455	0.17733	0.28666	0.13874	0.01829	0.01007	0.00286	0.03348	0.01594	0.00693	0.00811
2	0.02914	0.02709	0.02177	0.01823	0.02347	0.29646	0.01432	0.23885	0.05188	0.10335	0.02186	0.02199	0.05002	0.00973	0.00780	0.00229	0.01062	0.00707	0.00654	0.03752
3	0.02703	0.02068	0.02225	0.01746	0.02364	0.02249	0.01423	0.44347	0.16283	0.04475	0.02172	0.02142	0.01588	0.00958	0.00791	0.00236	0.00808	0.00741	0.00777	0.09904
4	0.11597	0.01364	0.01620	0.10580	0.02208	0.01445	0.01178	0.15068	0.02333	0.10082	0.20248	0.07069	0.09362	0.01294	0.00837	0.00259	0.00657	0.01074	0.00745	0.00980
5	0.01994	0.01388	0.01568	0.01372	0.01786	0.01454	0.01075	0.07145	0.28251	0.13159	0.16999	0.04294	0.13372	0.01343	0.00871	0.00265	0.00576	0.01128	0.00855	0.01104
6	0.02005	0.01938	0.03353	0.04918	0.63946	0.01933	0.04918	0.02495	0.01850	0.02649	0.01531	0.02015	0.01283	0.00721	0.00809	0.00242	0.00980	0.00732	0.00402	0.01278
7	0.01379	0.00897	0.01158	0.01086	0.01313	0.00833	0.00816	0.01790	0.04390	0.08838	0.49315	0.12956	0.08696	0.01692	0.00949	0.00264	0.00430	0.01491	0.00881	0.00825
8	0.01958	0.01556	0.01701	0.01482	0.01940	0.01670	0.01170	0.10052	0.35587	0.05811	0.08528	0.03786	0.09421	0.01232	0.00841	0.00259	0.00628	0.03600	0.00794	0.07986
9	0.02509	0.01612	0.06131	0.01426	0.02083	0.01287	0.01226	0.03137	0.10087	0.29376	0.05225	0.02494	0.01969	0.00889	0.00746	0.00209	0.00674	0.00726	0.00750	0.27443
10	0.01729	0.01455	0.01686	0.01243	0.01913	0.01174	0.00991	0.04981	0.04942	0.02836	0.05815	0.02050	0.01699	0.00713	0.00645	0.00142	0.00602	0.00579	0.00540	0.64265
11	0.02234	0.01850	0.01956	0.01695	0.02192	0.02119	0.01337	0.16325	0.52592	0.03742	0.03029	0.02809	0.02255	0.01075	0.00823	0.00269	0.00693	0.00880	0.00823	0.01304
12	0.01683	0.01442	0.01683	0.01202	0.01923	0.01082	0.00961	0.02043	0.01683	0.02644	0.01442	0.01683	0.01202	0.00601	0.00601	0.00120	0.00601	0.00481	0.00481	0.76444
13	0.03085	0.02273	0.02435	0.01867	0.02516	0.02516	0.01542	0.63716	0.03815	0.05114	0.01948	0.01948	0.01380	0.00974	0.00812	0.00244	0.00893	0.00731	0.00812	0.01380
14	0.01637	0.01394	0.01634	0.01197	0.01874	0.01054	0.00948	0.01983	0.01674	0.02606	0.01642	0.06252	0.01477	0.00729	0.00630	0.00134	0.00592	0.00601	0.00499	0.71445
15	0.02860	0.08482	0.02484	0.01750	0.02355	0.02450	0.01450	0.53497	0.03422	0.04559	0.01919	0.02140	0.01466	0.06205	0.01033	0.00278	0.00883	0.00737	0.00746	0.01283
16	0.01696	0.01449	0.01669	0.01259	0.01914	0.01189	0.00995	0.02307	0.10231	0.02719	0.01834	0.05077	0.01567	0.00759	0.00651	0.00151	0.00600	0.00624	0.00540	0.62768
17	0.01966	0.46537	0.27905	0.01735	0.02619	0.02713	0.01992	0.02482	0.01673	0.02157	0.01251	0.01456	0.01036	0.00723	0.00615	0.00205	0.00992	0.00496	0.00345	0.01101
18	0.02099	0.01484	0.01671	0.01458	0.01923	0.01551	0.01136	0.03487	0.36728	0.14394	0.03562	0.09354	0.07264	0.01233	0.00829	0.00259	0.00614	0.01039	0.00809	0.09107
19	0.02060	0.58266	0.16998	0.01575	0.02372	0.02942	0.01714	0.02458	0.01662	0.02043	0.01194	0.01385	0.01039	0.00710	0.00571	0.00190	0.00935	0.00467	0.00346	0.01073
20	0.01208	0.01255	0.09326	0.01184	0.01516	0.00893	0.01050	0.01584	0.01992	0.04183	0.30053	0.13766	0.21511	0.01778	0.00951	0.00277	0.00534	0.05375	0.00764	0.00799
21	0.01866	0.43833	0.18111	0.01584	0.02296	0.02517	0.01689	0.02287	0.01602	0.02055	0.01389	0.01732	0.01214	0.01672	0.12651	0.00394	0.01176	0.00549	0.00362	0.01021
22	0.01804	0.16704	0.53097	0.02108	0.03192	0.02105	0.02631	0.02596	0.01724	0.04863	0.01461	0.01676	0.01067	0.00765	0.00726	0.00241	0.01118	0.00577	0.00368	0.01177
23	0.02579	0.28275	0.10011	0.01504	0.02179	0.02055	0.01444	0.03079	0.06174	0.26575	0.06634	0.02344	0.01962	0.00914	0.00710	0.00224	0.00789	0.00700	0.00663	0.01183
24	0.01952	0.55820	0.09494	0.01416	0.02080	0.02734	0.01436	0.02262	0.01661	0.02000	0.01875	0.06961	0.05653	0.00929	0.00611	0.00199	0.00838	0.00673	0.00404	0.01004
25	0.01293	0.01366	0.10495	0.01473	0.01813	0.01018	0.01398	0.01729	0.01900	0.02528	0.12307	0.07558	0.11396	0.01939	0.01032	0.00331	0.00726	0.38182	0.00710	0.00806
26	0.01707	0.03601	0.49079	0.02064	0.02996	0.09101	0.02449	0.02447	0.01792	0.02492	0.07368	0.02348	0.01774	0.06130	0.01034	0.00291	0.01124	0.00713	0.00412	0.01078
27	0.01706	0.08462	0.55940	0.02549	0.10434	0.01978	0.02834	0.02552	0.01724	0.02535	0.01442	0.01719	0.01057	0.00760	0.00758	0.00250	0.01151	0.00602	0.00350	0.01198
28	0.01754	0.20066	0.52522	0.02096	0.03177	0.02195	0.02621	0.02537	0.01698	0.02415	0.01379	0.01617	0.01031	0.00753	0.00712	0.00237	0.01122	0.00561	0.00344	0.01162
29	0.02035	0.42007	0.27251	0.01780	0.02639	0.07571	0.01993	0.02542	0.01721	0.02157	0.01258	0.01465	0.01037	0.00733	0.00628	0.00207	0.01034	0.00501	0.00351	0.01092
30	0.10270	0.33064	0.29372	0.01710	0.02563	0.02396	0.01955	0.02437	0.01677	0.02437	0.04460	0.01705	0.01344	0.00780	0.00642	0.00220	0.00952	0.00553	0.00390	0.01074
31	0.01801	0.05796	0.42162	0.09519	0.03244	0.01712	0.02376	0.02533	0.01840	0.09699	0.09628	0.02402	0.01964	0.00908	0.00794	0.00254	0.01016	0.00738	0.00486	0.01126
32	0.01303	0.04300	0.14863	0.01351	0.01769	0.01109	0.01306	0.01796	0.02107	0.02975	0.43754	0.05303	0.05723	0.01499	0.00919	0.00265	0.00608	0.07446	0.00743	0.00864
33	0.01429	0.08269	0.28296	0.01610	0.02253	0.01435	0.01763	0.02012	0.01925	0.02709	0.24714	0.06451	0.06630	0.01309	0.00860	0.00262	0.00789	0.05727	0.00600	0.00957

[dist]
# distance from previous block
# <min> <max>
3	32

[block]
# block no. 4 follows, 23 sequences, length 18
# corresponding to MSA columns:
# 310-327
name=unknown_E
#
# <colnr> <probs for GDERKNQSTAVLIFYWHMCP>
#	G	D	E	R	K	N	Q	S	T	A	V	L	I	F	Y	W	H	M	C	P
0	0.02021	0.08255	0.48781	0.02156	0.03205	0.01866	0.05537	0.02797	0.01822	0.13491	0.01740	0.01887	0.01206	0.00801	0.00771	0.00251	0.01098	0.00643	0.00459	0.01214
1	0.01859	0.03524	0.51550	0.02100	0.03127	0.01763	0.02551	0.02812	0.06842	0.09845	0.04953	0.02147	0.01577	0.00867	0.00789	0.00258	0.01058	0.00691	0.00482	0.01205
2	0.02675	0.02070	0.16372	0.01634	0.02376	0.01456	0.01575	0.03434	0.11574	0.34085	0.02584	0.02419	0.01749	0.00911	0.00777	0.00238	0.00784	0.00737	0.00757	0.11793
3	0.04011	0.01708	0.12119	0.01404	0.01923	0.01333	0.01294	0.02657	0.17618	0.11932	0.09610	0.04608	0.21894	0.01392	0.00866	0.00269	0.00651	0.02934	0.00744	0.01032
4	0.08775	0.01441	0.01784	0.01440	0.02011	0.01357	0.01185	0.06303	0.08751	0.41698	0.02941	0.03099	0.02102	0.01066	0.00801	0.00253	0.00687	0.05929	0.00872	0.07501
5	0.01956	0.01008	0.01343	0.01158	0.01491	0.00904	0.00904	0.02316	0.02305	0.23902	0.45649	0.04992	0.05826	0.01447	0.00911	0.00254	0.00482	0.01256	0.00929	0.00965
6	0.01970	0.01873	0.03098	0.09947	0.55950	0.01926	0.02367	0.02613	0.07247	0.02668	0.01672	0.02108	0.01371	0.00763	0.00806	0.00246	0.00946	0.00740	0.00435	0.01254
7	0.04549	0.54916	0.03778	0.01740	0.07596	0.08246	0.01464	0.02454	0.01694	0.02033	0.01221	0.01463	0.01103	0.00959	0.03685	0.00237	0.00977	0.00486	0.00366	0.01034
8	0.04606	0.07569	0.02317	0.13827	0.02810	0.01517	0.07035	0.02223	0.01705	0.05095	0.01493	0.01814	0.01189	0.00677	0.00670	0.00176	0.00787	0.00576	0.00463	0.43451
9	0.01670	0.07032	0.56475	0.02169	0.03247	0.01920	0.02700	0.02677	0.07160	0.02633	0.03789	0.01954	0.01378	0.00826	0.00770	0.00255	0.01108	0.00649	0.00403	0.01184
10	0.01658	0.04013	0.62073	0.02530	0.08631	0.01888	0.02957	0.02563	0.01724	0.02576	0.01462	0.01737	0.01049	0.00767	0.00774	0.00256	0.01180	0.00610	0.00347	0.01206
11	0.01159	0.00869	0.01304	0.01304	0.01449	0.01014	0.01014	0.01449	0.01304	0.01884	0.02173	0.03188	0.02029	0.06086	0.68268	0.01304	0.02173	0.00869	0.00435	0.00724
12	0.01653	0.07400	0.64301	0.02269	0.03444	0.01947	0.02922	0.02563	0.01710	0.02538	0.01441	0.01694	0.01029	0.00767	0.00759	0.00253	0.01184	0.00592	0.00343	0.01192
13	0.01159	0.00869	0.01304	0.01304	0.01449	0.01014	0.01014	0.01449	0.01304	0.01884	0.02173	0.03188	0.02029	0.06086	0.68268	0.01304	0.02173	0.00869	0.00435	0.00724
14	0.02336	0.01964	0.02024	0.01532	0.02201	0.07202	0.01236	0.25953	0.02557	0.03543	0.01622	0.01767	0.01258	0.00764	0.00693	0.00175	0.00785	0.00581	0.00603	0.41203
15	0.01015	0.00815	0.00849	0.00846	0.01058	0.00711	0.00598	0.01187	0.01734	0.02120	0.10120	0.07194	0.49801	0.16519	0.01620	0.00380	0.00488	0.01588	0.00706	0.00649
16	0.02087	0.61717	0.13788	0.01528	0.02299	0.03010	0.01632	0.02451	0.01658	0.02009	0.01178	0.01364	0.01039	0.00706	0.00559	0.00186	0.00918	0.00459	0.00346	0.01065
17	0.02764	0.02128	0.02201	0.01768	0.02313	0.06051	0.01424	0.50735	0.03385	0.04472	0.02290	0.12360	0.01964	0.01203	0.00841	0.00255	0.00862	0.00957	0.00780	0.01245

[dist]
# distance from previous block
# <min> <max>
2	50

[block]
# block no. 5 follows, 23 sequences, length 238
# corresponding to MSA columns:
# 383-618,622,623
name=unknown_F
#
# <colnr> <probs for GDERKNQSTAVLIFYWHMCP>
#	G	D	E	R	K	N	Q	S	T	A	V	L	I	F	Y	W	H	M	C	P
0	0.02026	0.05350	0.01959	0.01638	0.02109	0.02079	0.01290	0.04215	0.61705	0.03318	0.03191	0.02939	0.02403	0.01080	0.00810	0.00270	0.00654	0.00893	0.00801	0.01272
1	0.01892	0.01590	0.01720	0.01351	0.01951	0.04722	0.01064	0.05041	0.12770	0.05451	0.04706	0.05339	0.01918	0.00865	0.00699	0.00177	0.00653	0.00708	0.00602	0.46778
2	0.01558	0.01477	0.02504	0.62974	0.05338	0.01777	0.05012	0.02096	0.01639	0.02127	0.01451	0.02140	0.01095	0.00795	0.00807	0.00263	0.01070	0.00720	0.00369	0.04790
3	0.01683	0.01442	0.01683	0.01202	0.01923	0.01082	0.00961	0.02043	0.01683	0.02644	0.01442	0.01683	0.01202	0.00601	0.00601	0.00120	0.00601	0.00481	0.00481	0.76444
4	0.02006	0.01745	0.01868	0.01676	0.02111	0.02042	0.01310	0.04191	0.61684	0.03320	0.03188	0.02963	0.02404	0.01117	0.00920	0.00279	0.04204	0.00907	0.00801	0.01264
5	0.02169	0.71972	0.04252	0.01388	0.02083	0.03211	0.01388	0.02430	0.01649	0.01909	0.01128	0.01302	0.01041	0.00694	0.00521	0.00174	0.00868	0.00434	0.00347	0.01041
6	0.77215	0.01569	0.01193	0.01067	0.01569	0.01820	0.00879	0.02385	0.01381	0.03641	0.01130	0.01318	0.00879	0.00753	0.00502	0.00251	0.00628	0.00439	0.00502	0.00879
7	0.01148	0.00829	0.01085	0.01021	0.01212	0.00766	0.00766	0.01531	0.02297	0.03254	0.65994	0.06061	0.07656	0.01659	0.00957	0.00255	0.00383	0.01467	0.00893	0.00766
8	0.02169	0.71972	0.04252	0.01388	0.02083	0.03211	0.01388	0.02430	0.01649	0.01909	0.01128	0.01302	0.01041	0.00694	0.00521	0.00174	0.00868	0.00434	0.00347	0.01041
9	0.01148	0.00829	0.01085	0.01021	0.01212	0.00766	0.00766	0.01531	0.02297	0.03254	0.65994	0.06061	0.07656	0.01659	0.00957	0.00255	0.00383	0.01467	0.00893	0.00766
10	0.01159	0.00869	0.01304	0.01304	0.01449	0.01014	0.01014	0.01449	0.01304	0.01884	0.02173	0.03188	0.02029	0.06086	0.68268	0.01304	0.02173	0.00869	0.00435	0.00724
11	0.01180	0.00787	0.00885	0.00885	0.00885	0.00787	0.00492	0.01180	0.01180	0.01573	0.02557	0.05310	0.02950	0.71483	0.04130	0.00787	0.00787	0.01180	0.00492	0.00492
12	0.01627	0.04197	0.67279	0.02313	0.03512	0.01884	0.02998	0.02570	0.01713	0.02570	0.01456	0.01713	0.01028	0.00771	0.00771	0.00257	0.01199	0.00600	0.00343	0.01199
