[name]
unknown

[dist]
# distance from previous block
# <min> <max>
0	22

[block]
# block no. 0 follows, 23 sequences, length 7
# corresponding to MSA columns:
# 22-28
name=unknown_A
#
# <colnr> <probs for GDERKNQSTAVLIFYWHMCP>
#	G	D	E	R	K	N	Q	S	T	A	V	L	I	F	Y	W	H	M	C	P
0	0.01308	0.00934	0.01308	0.01494	0.01681	0.00934	0.01308	0.01681	0.01868	0.02428	0.04296	0.09153	0.04670	0.02242	0.01121	0.00374	0.00747	0.60960	0.00747	0.00747
1	0.01982	0.01628	0.01841	0.01370	0.02054	0.01441	0.01102	0.14070	0.07780	0.03185	0.01706	0.01854	0.01351	0.00717	0.00662	0.00158	0.00661	0.00568	0.00575	0.55297
2	0.65913	0.01701	0.01274	0.01146	0.01619	0.07068	0.00926	0.02394	0.01519	0.03481	0.05707	0.01664	0.01369	0.00824	0.00553	0.00248	0.00677	0.00518	0.00523	0.00876
3	0.01004	0.00718	0.00955	0.01119	0.01180	0.00669	0.00754	0.01169	0.01626	0.02186	0.10446	0.64653	0.05589	0.02456	0.01028	0.00322	0.00462	0.02225	0.00767	0.00669
4	0.01696	0.01796	0.03582	0.02688	0.03233	0.01793	0.40258	0.02214	0.01832	0.02536	0.09997	0.10292	0.02481	0.01113	0.01196	0.00288	0.10387	0.01139	0.00502	0.00977
5	0.34277	0.01788	0.02083	0.01643	0.02238	0.01915	0.09002	0.16991	0.05451	0.14495	0.01845	0.01905	0.01312	0.00856	0.00701	0.00253	0.00794	0.00660	0.00664	0.01128
6	0.01941	0.21262	0.43175	0.02051	0.03025	0.10587	0.02411	0.02619	0.01771	0.02329	0.01348	0.01578	0.01033	0.00760	0.00703	0.00230	0.01149	0.00548	0.00353	0.01127

[dist]
# distance from previous block
# <min> <max>
2	5

[block]
# block no. 1 follows, 23 sequences, length 18
# corresponding to MSA columns:
# 34-51
name=unknown_B
#
# <colnr> <probs for GDERKNQSTAVLIFYWHMCP>
#	G	D	E	R	K	N	Q	S	T	A	V	L	I	F	Y	W	H	M	C	P
0	0.14543	0.01494	0.01779	0.01400	0.02004	0.01419	0.01146	0.06529	0.07959	0.41439	0.02642	0.02409	0.01761	0.00930	0.00746	0.00239	0.00677	0.00727	0.00845	0.09311
1	0.01430	0.01177	0.01788	0.01578	0.01828	0.01195	0.09653	0.04356	0.01797	0.04600	0.10169	0.34072	0.08584	0.01836	0.01171	0.00299	0.08812	0.01618	0.00675	0.03364
2	0.57995	0.01728	0.04411	0.01269	0.01763	0.01880	0.01093	0.07604	0.01641	0.03575	0.04452	0.01661	0.01281	0.00868	0.00724	0.00259	0.05791	0.00543	0.00530	0.00932
3	0.03006	0.02234	0.02391	0.01851	0.02486	0.02480	0.01523	0.59326	0.08333	0.04987	0.02048	0.02028	0.01461	0.00983	0.00813	0.00246	0.00874	0.00744	0.00813	0.01373
4	0.01683	0.01442	0.01683	0.01202	0.01923	0.01082	0.00961	0.02043	0.01683	0.02644	0.01442	0.01683	0.01202	0.00601	0.00601	0.00120	0.00601	0.00481	0.00481	0.76444
5	0.04423	0.01137	0.01189	0.01110	0.01379	0.04542	0.00841	0.05005	0.05352	0.02980	0.35617	0.08560	0.21506	0.01655	0.00916	0.00261	0.00502	0.01409	0.00802	0.00813
6	0.01909	0.01826	0.03113	0.18512	0.53669	0.01902	0.02441	0.02403	0.01800	0.02530	0.01509	0.02041	0.01243	0.00741	0.00805	0.00247	0.00989	0.00723	0.00393	0.01205
7	0.01822	0.01737	0.02956	0.30304	0.42557	0.01879	0.02397	0.02327	0.01759	0.02424	0.01493	0.02069	0.01205	0.00758	0.00806	0.00253	0.01010	0.00722	0.00386	0.01135
8	0.03062	0.02930	0.02379	0.01959	0.02513	0.29617	0.01553	0.38774	0.03190	0.03824	0.01662	0.01748	0.01242	0.00917	0.00779	0.00229	0.01128	0.00645	0.00649	0.01199
9	0.01795	0.01710	0.02909	0.33888	0.39179	0.01872	0.02384	0.02303	0.01747	0.02392	0.01489	0.02078	0.01194	0.00763	0.00807	0.00254	0.01017	0.00722	0.00383	0.01113
10	0.00989	0.00706	0.00942	0.01130	0.01177	0.00659	0.00753	0.01130	0.01554	0.02071	0.04472	0.70954	0.05367	0.02542	0.01036	0.00330	0.00471	0.02307	0.00753	0.00659
11	0.03085	0.02273	0.02435	0.01867	0.02516	0.02516	0.01542	0.63716	0.03815	0.05114	0.01948	0.01948	0.01380	0.00974	0.00812	0.00244	0.00893	0.00731	0.00812	0.01380
12	0.00989	0.00706	0.00942	0.01130	0.01177	0.00659	0.00753	0.01130	0.01554	0.02071	0.04472	0.70954	0.05367	0.02542	0.01036	0.00330	0.00471	0.02307	0.00753	0.00659
13	0.01957	0.01876	0.03202	0.11874	0.59925	0.01915	0.02465	0.02446	0.01824	0.02589	0.01517	0.02025	0.01264	0.00732	0.00804	0.00244	0.00977	0.00723	0.00397	0.01244
14	0.01209	0.00784	0.00874	0.00874	0.00890	0.00784	0.00498	0.01241	0.01225	0.01698	0.02564	0.05113	0.02875	0.65405	0.03823	0.00735	0.00751	0.01143	0.06997	0.00514
15	0.01140	0.00770	0.00897	0.00936	0.00946	0.00760	0.00546	0.01169	0.01258	0.01678	0.02958	0.19071	0.03457	0.57031	0.03481	0.00691	0.00720	0.01416	0.00546	0.00527
16	0.01896	0.02133	0.04477	0.03246	0.03955	0.02111	0.55129	0.02512	0.01824	0.02512	0.01564	0.02133	0.01209	0.00784	0.01188	0.00285	0.10651	0.00924	0.00403	0.01066
17	0.01950	0.01868	0.03187	0.12950	0.58911	0.01912	0.02461	0.02439	0.01820	0.02580	0.01516	0.02027	0.01260	0.00734	0.00804	0.00245	0.00979	0.00723	0.00397	0.01238

[dist]
# distance from previous block
# <min> <max>
0	1

[block]
# block no. 2 follows, 23 sequences, length 16
# corresponding to MSA columns:
# 53-68
name=unknown_C
#
# <colnr> <probs for GDERKNQSTAVLIFYWHMCP>
#	G	D	E	R	K	N	Q	S	T	A	V	L	I	F	Y	W	H	M	C	P
0	0.01757	0.20337	0.52270	0.02093	0.03172	0.02200	0.02615	0.02536	0.01698	0.02412	0.01378	0.01615	0.01031	0.00753	0.00711	0.00237	0.01120	0.00560	0.00344	0.01162
1	0.02222	0.01698	0.01841	0.01625	0.02105	0.01914	0.01273	0.04267	0.57083	0.11387	0.03290	0.02994	0.02418	0.01089	0.00824	0.00272	0.00648	0.00905	0.00848	0.01296
2	0.02008	0.01928	0.03294	0.04981	0.66422	0.01928	0.02490	0.02490	0.01848	0.02651	0.01526	0.02008	0.01285	0.00723	0.00803	0.00241	0.00964	0.00723	0.00402	0.01285
3	0.01532	0.01442	0.02434	0.69533	0.05589	0.01803	0.02253	0.02073	0.01622	0.02073	0.01442	0.02163	0.01082	0.00811	0.00811	0.00270	0.01082	0.00721	0.00361	0.00901
4	0.03419	0.01430	0.01876	0.01472	0.02077	0.01305	0.01205	0.04003	0.10879	0.58297	0.03215	0.02798	0.02073	0.01017	0.00817	0.00254	0.00684	0.00830	0.00980	0.01368
5	0.00989	0.00706	0.00942	0.01130	0.01177	0.00659	0.00753	0.01130	0.01554	0.02071	0.04472	0.70954	0.05367	0.02542	0.01036	0.00330	0.00471	0.02307	0.00753	0.00659
6	0.02221	0.59886	0.08607	0.01529	0.02231	0.09970	0.01524	0.02525	0.01722	0.01965	0.01165	0.01348	0.01041	0.00715	0.00561	0.00183	0.00955	0.00455	0.00354	0.01042
7	0.01180	0.00787	0.00885	0.00885	0.00885	0.00787	0.00492	0.01180	0.01180	0.01573	0.02557	0.05310	0.02950	0.71483	0.04130	0.00787	0.00787	0.01180	0.00492	0.00492
8	0.03079	0.02436	0.02421	0.01890	0.02516	0.09242	0.01545	0.57526	0.03660	0.04794	0.01877	0.01899	0.01346	0.00960	0.00804	0.00240	0.00951	0.00709	0.00771	0.01335
9	0.01627	0.04197	0.67279	0.02313	0.03512	0.01884	0.02998	0.02570	0.01713	0.02570	0.01456	0.01713	0.01028	0.00771	0.00771	0.00257	0.01199	0.00600	0.00343	0.01199
10	0.02255	0.01659	0.01889	0.01443	0.02095	0.01550	0.01163	0.15609	0.12599	0.10587	0.02054	0.02082	0.01540	0.00807	0.00707	0.00186	0.00679	0.00643	0.00666	0.39785
11	0.01814	0.01897	0.03669	0.07203	0.08809	0.01756	0.38017	0.02388	0.01855	0.02607	0.04285	0.02223	0.01490	0.00718	0.00856	0.00236	0.01105	0.00839	0.00442	0.17790
12	0.02599	0.01502	0.05670	0.01399	0.01977	0.01240	0.01195	0.03207	0.10115	0.35389	0.09862	0.03364	0.07781	0.01109	0.00816	0.00241	0.00650	0.00918	0.00847	0.10120
13	0.07952	0.16111	0.50554	0.02045	0.03096	0.02117	0.02535	0.02529	0.01674	0.02540	0.01371	0.01607	0.01018	0.00756	0.00704	0.00242	0.01093	0.00557	0.00357	0.01145
14	0.01727	0.16594	0.55750	0.02144	0.03250	0.02127	0.02704	0.02544	0.01701	0.02449	0.01396	0.01638	0.01030	0.00757	0.00725	0.00242	0.01139	0.00569	0.00343	0.01170
15	0.02207	0.01889	0.06307	0.01785	0.02487	0.04934	0.11860	0.07340	0.02027	0.13796	0.01932	0.04788	0.01510	0.00815	0.00750	0.00200	0.00846	0.00723	0.00584	0.33218

[dist]
# distance from previous block
# <min> <max>
0	10

[block]
# block no. 3 follows, 23 sequences, length 9
# corresponding to MSA columns:
# 79-87
name=unknown_D
#
# <colnr> <probs for GDERKNQSTAVLIFYWHMCP>
#	G	D	E	R	K	N	Q	S	T	A	V	L	I	F	Y	W	H	M	C	P
0	0.06930	0.04568	0.07474	0.01684	0.02304	0.04582	0.03951	0.22067	0.08935	0.17486	0.02887	0.02788	0.08624	0.01055	0.00801	0.00251	0.00822	0.00838	0.00743	0.01209
1	0.06141	0.01972	0.02087	0.01652	0.02224	0.02165	0.01347	0.44135	0.10717	0.04497	0.02126	0.02154	0.01557	0.00959	0.00763	0.00236	0.00781	0.00731	0.09015	0.04741
2	0.01521	0.00870	0.00954	0.00915	0.01071	0.00947	0.00695	0.01853	0.01619	0.02817	0.02468	0.03030	0.02023	0.05386	0.01018	0.00244	0.08026	0.00778	0.63009	0.00754
3	0.02013	0.56256	0.14040	0.01529	0.02265	0.02847	0.01618	0.02383	0.01635	0.02012	0.01253	0.01499	0.01108	0.01083	0.05294	0.00266	0.01012	0.00491	0.00353	0.01044
4	0.01915	0.02189	0.04788	0.03420	0.04241	0.02052	0.63475	0.02599	0.01915	0.02599	0.01642	0.02189	0.01231	0.00684	0.00958	0.00274	0.01368	0.00958	0.00410	0.01094
5	0.01148	0.00829	0.01085	0.01021	0.01212	0.00766	0.00766	0.01531	0.02297	0.03254	0.65994	0.06061	0.07656	0.01659	0.00957	0.00255	0.00383	0.01467	0.00893	0.00766
6	0.01148	0.00829	0.01085	0.01021	0.01212	0.00766	0.00766	0.01531	0.02297	0.03254	0.65994	0.06061	0.07656	0.01659	0.00957	0.00255	0.00383	0.01467	0.00893	0.00766
7	0.01580	0.01330	0.01608	0.01222	0.01830	0.01068	0.00972	0.01926	0.01608	0.02495	0.01586	0.01978	0.01364	0.01679	0.13896	0.00353	0.00910	0.00557	0.00472	0.61566
8	0.40940	0.01303	0.01220	0.01112	0.01518	0.01399	0.00879	0.02289	0.04648	0.10215	0.09610	0.10382	0.09196	0.01229	0.00708	0.00264	0.00569	0.00954	0.00669	0.00896

[dist]
# distance from previous block
# <min> <max>
6	15

[block]
# block no. 4 follows, 23 sequences, length 46
# corresponding to MSA columns:
# 105-150
name=unknown_E
#
# <colnr> <probs for GDERKNQSTAVLIFYWHMCP>
#	G	D	E	R	K	N	Q	S	T	A	V	L	I	F	Y	W	H	M	C	P
0	0.02138	0.01712	0.01905	0.01468	0.02096	0.01654	0.01181	0.21346	0.12426	0.03556	0.05439	0.02218	0.01814	0.00853	0.00721	0.00190	0.00685	0.00681	0.00660	0.37255
1	0.01627	0.04760	0.01217	0.04156	0.01408	0.01101	0.00817	0.07111	0.01837	0.02960	0.02513	0.06492	0.02092	0.01403	0.05745	0.00289	0.00622	0.00828	0.52198	0.00824
2	0.08356	0.09950	0.52331	0.02263	0.06601	0.02001	0.02639	0.02537	0.01685	0.02609	0.01402	0.01657	0.01030	0.00760	0.00726	0.00248	0.01106	0.00577	0.00360	0.01161
3	0.06049	0.02062	0.06162	0.09160	0.52936	0.04599	0.02374	0.02489	0.01818	0.02632	0.01484	0.01946	0.01227	0.00738	0.00783	0.00243	0.00986	0.00693	0.00402	0.01218
4	0.01683	0.01739	0.06190	0.46227	0.24027	0.01845	0.02366	0.02227	0.01696	0.02276	0.01469	0.02092	0.01141	0.00782	0.00807	0.00261	0.01052	0.00715	0.00372	0.01035
5	0.01720	0.15727	0.56557	0.02155	0.03269	0.02110	0.02724	0.02546	0.01702	0.02457	0.01400	0.01643	0.01030	0.00758	0.00728	0.00243	0.01143	0.00571	0.00343	0.01172
6	0.02618	0.02617	0.02145	0.04341	0.02436	0.27157	0.01461	0.20313	0.16928	0.03284	0.06820	0.02329	0.01966	0.00996	0.00796	0.00240	0.01021	0.00750	0.00655	0.01128
7	0.01039	0.00756	0.00993	0.01126	0.01221	0.00690	0.00766	0.01210	0.01617	0.02192	0.08961	0.62239	0.05311	0.02369	0.01006	0.00312	0.00471	0.02143	0.00749	0.04830
8	0.01239	0.00844	0.01104	0.01070	0.01266	0.00777	0.00805	0.01582	0.02167	0.05822	0.50183	0.14087	0.09281	0.01784	0.00969	0.00271	0.00427	0.04679	0.00868	0.00775
9	0.01683	0.01442	0.01683	0.01202	0.01923	0.01082	0.00961	0.02043	0.01683	0.02644	0.01442	0.01683	0.01202	0.00601	0.00601	0.00120	0.00601	0.00481	0.00481	0.76444
10	0.01180	0.00787	0.00885	0.00885	0.00885	0.00787	0.00492	0.01180	0.01180	0.01573	0.02557	0.05310	0.02950	0.71483	0.04130	0.00787	0.00787	0.01180	0.00492	0.00492
11	0.01138	0.00829	0.01070	0.01010	0.01206	0.00761	0.00758	0.01511	0.02273	0.03196	0.62865	0.06156	0.10821	0.01680	0.00957	0.00256	0.00384	0.01481	0.00886	0.00761
12	0.77215	0.01569	0.01193	0.01067	0.01569	0.01820	0.00879	0.02385	0.01381	0.03641	0.01130	0.01318	0.00879	0.00753	0.00502	0.00251	0.00628	0.00439	0.00502	0.00879
13	0.01016	0.00718	0.00933	0.01095	0.01135	0.00677	0.00716	0.01137	0.01500	0.02000	0.04200	0.61611	0.05023	0.12354	0.01476	0.00395	0.00516	0.02146	0.00716	0.00635
14	0.03035	0.03747	0.02310	0.02074	0.02509	0.63254	0.01566	0.07816	0.02414	0.02223	0.01307	0.01500	0.01071	0.00847	0.00738	0.00212	0.01420	0.00538	0.00448	0.00974
15	0.03031	0.03867	0.02299	0.02090	0.02508	0.68226	0.01568	0.03240	0.02299	0.01986	0.01254	0.01463	0.01045	0.00836	0.00732	0.00209	0.01463	0.00523	0.00418	0.00941
16	0.06757	0.00771	0.00961	0.01125	0.01207	0.00747	0.00763	0.01225	0.01540	0.02190	0.04219	0.65685	0.05027	0.02407	0.00995	0.00324	0.00483	0.02165	0.00734	0.00676
17	0.77215	0.01569	0.01193	0.01067	0.01569	0.01820	0.00879	0.02385	0.01381	0.03641	0.01130	0.01318	0.00879	0.00753	0.00502	0.00251	0.00628	0.00439	0.00502	0.00879
18	0.03031	0.03867	0.02299	0.02090	0.02508	0.68226	0.01568	0.03240	0.02299	0.01986	0.01254	0.01463	0.01045	0.00836	0.00732	0.00209	0.01463	0.00523	0.00418	0.00941
19	0.02018	0.01743	0.01835	0.01651	0.02110	0.02018	0.01284	0.04312	0.64956	0.03394	0.03303	0.03027	0.02477	0.01101	0.00826	0.00275	0.00642	0.00917	0.00826	0.01284
20	0.01513	0.00756	0.00756	0.00756	0.00945	0.00756	0.00567	0.01891	0.01702	0.03025	0.02647	0.03025	0.02080	0.00945	0.00567	0.00189	0.00378	0.00756	0.75988	0.00756
21	0.01159	0.00869	0.01304	0.01304	0.01449	0.01014	0.01014	0.01449	0.01304	0.01884	0.02173	0.03188	0.02029	0.06086	0.68268	0.01304	0.02173	0.00869	0.00435	0.00724
22	0.00989	0.00706	0.00942	0.01130	0.01177	0.00659	0.00753	0.01130	0.01554	0.02071	0.04472	0.70954	0.05367	0.02542	0.01036	0.00330	0.00471	0.02307	0.00753	0.00659
23	0.03031	0.03867	0.02299	0.02090	0.02508	0.68226	0.01568	0.03240	0.02299	0.01986	0.01254	0.01463	0.01045	0.00836	0.00732	0.00209	0.01463	0.00523	0.00418	0.00941
24	0.03085	0.02273	0.02435	0.01867	0.02516	0.02516	0.01542	0.63716	0.03815	0.05114	0.01948	0.01948	0.01380	0.00974	0.00812	0.00244	0.00893	0.00731	0.00812	0.01380
25	0.01001	0.00824	0.00880	0.00866	0.01122	0.00703	0.00649	0.01246	0.01948	0.02427	0.20990	0.07423	0.53176	0.01967	0.00959	0.00270	0.00405	0.01658	0.00784	0.00703
26	0.00989	0.00706	0.00942	0.01130	0.01177	0.00659	0.00753	0.01130	0.01554	0.02071	0.04472	0.70954	0.05367	0.02542	0.01036	0.00330	0.00471	0.02307	0.00753	0.00659
27	0.01915	0.02189	0.04788	0.03420	0.04241	0.02052	0.63475	0.02599	0.01915	0.02599	0.01642	0.02189	0.01231	0.00684	0.00958	0.00274	0.01368	0.00958	0.00410	0.01094
28	0.01148	0.00829	0.01085	0.01021	0.01212	0.00766	0.00766	0.01531	0.02297	0.03254	0.65994	0.06061	0.07656	0.01659	0.00957	0.00255	0.00383	0.01467	0.00893	0.00766
29	0.00989	0.00706	0.00942	0.01130	0.01177	0.00659	0.00753	0.01130	0.01554	0.02071	0.04472	0.70954	0.05367	0.02542	0.01036	0.00330	0.00471	0.02307	0.00753	0.00659
30	0.01189	0.00908	0.01343	0.01326	0.01459	0.01074	0.01030	0.01462	0.01296	0.01875	0.02137	0.03204	0.02019	0.08392	0.62730	0.01240	0.05285	0.00874	0.00433	0.00723
31	0.01292	0.01064	0.01558	0.01482	0.01596	0.01331	0.01178	0.01557	0.01291	0.01899	0.01935	0.02884	0.01821	0.05081	0.54146	0.01100	0.16773	0.00835	0.00418	0.00760
32	0.01513	0.00756	0.00756	0.00756	0.00945	0.00756	0.00567	0.01891	0.01702	0.03025	0.02647	0.03025	0.02080	0.00945	0.00567	0.00189	0.00378	0.00756	0.75988	0.00756
33	0.01683	0.01442	0.01683	0.01202	0.01923	0.01082	0.00961	0.02043	0.01683	0.02644	0.01442	0.01683	0.01202	0.00601	0.00601	0.00120	0.00601	0.00481	0.00481	0.76444
34	0.73236	0.01563	0.01258	0.04667	0.01781	0.01819	0.00951	0.02369	0.01394	0.03558	0.01146	0.01363	0.00889	0.00756	0.00518	0.00252	0.00652	0.00454	0.00495	0.00880
35	0.01098	0.00752	0.00909	0.00990	0.01010	0.00732	0.00604	0.01158	0.01340	0.01787	0.03380	0.33515	0.03988	0.41861	0.02800	0.00590	0.00651	0.01664	0.00604	0.00564
36	0.01731	0.01645	0.02793	0.42589	0.30981	0.01855	0.02352	0.02247	0.01716	0.02314	0.01477	0.02099	0.01167	0.00774	0.00808	0.00258	0.01033	0.00722	0.00378	0.01062
37	0.12544	0.24381	0.36099	0.01900	0.02831	0.02286	0.04718	0.02502	0.01655	0.02522	0.01318	0.01551	0.01019	0.00741	0.00664	0.00231	0.01024	0.00541	0.00369	0.01101
38	0.51627	0.01480	0.01396	0.01179	0.01705	0.01584	0.00969	0.02822	0.01706	0.22758	0.04622	0.01964	0.01520	0.00869	0.00617	0.00251	0.00636	0.00599	0.00671	0.01025
39	0.01020	0.00824	0.00907	0.00886	0.01134	0.00711	0.00665	0.01283	0.01994	0.02536	0.26913	0.07243	0.47185	0.01927	0.00958	0.00268	0.00402	0.01633	0.00799	0.00711
40	0.02008	0.01928	0.03294	0.04981	0.66422	0.01928	0.02490	0.02490	0.01848	0.02651	0.01526	0.02008	0.01285	0.00723	0.00803	0.00241	0.00964	0.00723	0.00402	0.01285
41	0.02197	0.02042	0.02753	0.03618	0.39304	0.07727	0.02025	0.12401	0.07924	0.03019	0.01973	0.05360	0.01704	0.00949	0.00823	0.00251	0.00937	0.03236	0.00537	0.01221
42	0.00989	0.00706	0.00942	0.01130	0.01177	0.00659	0.00753	0.01130	0.01554	0.02071	0.04472	0.70954	0.05367	0.02542	0.01036	0.00330	0.00471	0.02307	0.00753	0.00659
43	0.01395	0.01200	0.01617	0.05224	0.01833	0.04129	0.01236	0.01677	0.01368	0.01962	0.01897	0.02773	0.01747	0.04428	0.45787	0.00965	0.15427	0.00810	0.03749	0.00777
44	0.02337	0.18319	0.03172	0.08688	0.12395	0.15789	0.07462	0.11531	0.02114	0.02588	0.01404	0.01738	0.01152	0.00842	0.00904	0.00235	0.07159	0.00638	0.00446	0.01086
45	0.01109	0.00796	0.01034	0.01175	0.01263	0.00764	0.00814	0.04186	0.01708	0.02284	0.07059	0.62304	0.05248	0.02416	0.01025	0.00324	0.00498	0.04529	0.00762	0.00702

[dist]
# distance from previous block
# <min> <max>
0	1

[block]
# block no. 5 follows, 23 sequences, length 13
# corresponding to MSA columns:
# 152-164
name=unknown_F
#
# <colnr> <probs for GDERKNQSTAVLIFYWHMCP>
#	G	D	E	R	K	N	Q	S	T	A	V	L	I	F	Y	W	H	M	C	P
0	0.03126	0.02206	0.02394	0.01835	0.02483	0.02417	0.01516	0.59253	0.03704	0.09735	0.02042	0.02009	0.01427	0.00976	0.00812	0.00244	0.00878	0.00737	0.00826	0.01380
1	0.01946	0.01862	0.03147	0.04734	0.62547	0.01854	0.02379	0.02412	0.01848	0.02624	0.01923	0.02352	0.05129	0.00802	0.00813	0.00243	0.00931	0.00782	0.00423	0.01250
2	0.05009	0.01493	0.02252	0.15079	0.14662	0.01593	0.07945	0.07631	0.07076	0.02800	0.02363	0.14679	0.02168	0.01147	0.00822	0.00263	0.00817	0.01041	0.10157	0.01003
3	0.02031	0.02057	0.02969	0.15492	0.40661	0.09651	0.04775	0.02582	0.04834	0.02506	0.01566	0.02016	0.01273	0.00764	0.00797	0.00241	0.01033	0.00710	0.00419	0.03623
4	0.02181	0.33095	0.29631	0.01775	0.02665	0.02349	0.02015	0.02728	0.01782	0.12488	0.01591	0.01701	0.01189	0.00775	0.00670	0.00220	0.00975	0.00562	0.00449	0.01160
5	0.05825	0.01893	0.03158	0.07349	0.54595	0.01927	0.05330	0.02553	0.04604	0.02707	0.01586	0.02034	0.01306	0.00743	0.00797	0.00246	0.00957	0.00728	0.00424	0.01239
6	0.01847	0.01723	0.02682	0.01973	0.02668	0.01540	0.20539	0.06698	0.06901	0.02836	0.01832	0.05265	0.01523	0.00785	0.00766	0.00199	0.00858	0.00769	0.00522	0.38075
7	0.01996	0.01950	0.03382	0.04461	0.51740	0.01954	0.11236	0.02666	0.07408	0.02709	0.01699	0.02124	0.01382	0.00751	0.00828	0.00249	0.00994	0.00774	0.00440	0.01258
8	0.05541	0.12876	0.39690	0.02515	0.10626	0.05469	0.07293	0.02569	0.01750	0.02514	0.01408	0.01697	0.01070	0.00750	0.00740	0.00242	0.01125	0.00608	0.00367	0.01151
9	0.01835	0.18354	0.47310	0.05599	0.03247	0.02129	0.02529	0.02580	0.01724	0.05498	0.01469	0.01699	0.01081	0.00768	0.00722	0.00240	0.01098	0.00581	0.00376	0.01159
10	0.20040	0.01745	0.06255	0.04010	0.02128	0.01723	0.01280	0.06122	0.24403	0.13151	0.02974	0.02859	0.07874	0.01054	0.00755	0.00263	0.00692	0.00825	0.00717	0.01130
11	0.05012	0.19878	0.16088	0.02112	0.11107	0.01960	0.04477	0.02664	0.01887	0.14949	0.08263	0.02298	0.01937	0.00870	0.00733	0.00229	0.00870	0.00710	0.00548	0.03409
12	0.02151	0.02518	0.09265	0.04065	0.43372	0.14030	0.07734	0.02644	0.01923	0.02517	0.01480	0.01897	0.01213	0.00745	0.00801	0.00240	0.01113	0.00695	0.00400	0.01198

[dist]
# distance from previous block
# <min> <max>
6	14

[block]
# block no. 6 follows, 23 sequences, length 36
# corresponding to MSA columns:
# 179-214
name=unknown_G
#
# <colnr> <probs for GDERKNQSTAVLIFYWHMCP>
#	G	D	E	R	K	N	Q	S	T	A	V	L	I	F	Y	W	H	M	C	P
0	0.01755	0.13059	0.56401	0.02183	0.03284	0.04738	0.02729	0.02578	0.01728	0.02460	0.01405	0.01649	0.01030	0.00764	0.00737	0.00244	0.01166	0.00575	0.00346	0.01168
1	0.02823	0.07801	0.02297	0.01649	0.02236	0.01919	0.03564	0.21293	0.14640	0.24709	0.06521	0.02631	0.02152	0.01016	0.00805	0.00248	0.00762	0.00823	0.00828	0.01284
2	0.01205	0.00895	0.01109	0.01174	0.01318	0.00886	0.00836	0.03670	0.07633	0.02512	0.15735	0.42489	0.07493	0.05379	0.01139	0.00329	0.00508	0.04155	0.00775	0.00758
3	0.01683	0.01442	0.01683	0.01202	0.01923	0.01082	0.00961	0.02043	0.01683	0.02644	0.01442	0.01683	0.01202	0.00601	0.00601	0.00120	0.00601	0.00481	0.00481	0.76444
4	0.02457	0.01228	0.01601	0.01323	0.01789	0.01100	0.01074	0.05949	0.02285	0.32349	0.21476	0.04214	0.03816	0.01278	0.00866	0.00251	0.00608	0.06933	0.00885	0.08518
5	0.01954	0.02078	0.02659	0.02187	0.02419	0.11273	0.09228	0.02217	0.01515	0.02108	0.01201	0.01774	0.01097	0.01166	0.01977	0.00301	0.45060	0.00691	0.00383	0.08712
6	0.01137	0.00869	0.01073	0.01156	0.01373	0.00804	0.00947	0.01436	0.01898	0.02415	0.12960	0.10538	0.29737	0.02111	0.01034	0.00318	0.00560	0.28146	0.00767	0.00721
7	0.01785	0.07151	0.60067	0.02213	0.03351	0.01900	0.02805	0.02654	0.01750	0.06768	0.01556	0.01763	0.01093	0.00783	0.00762	0.00253	0.01150	0.00606	0.00386	0.01204
8	0.00989	0.00706	0.00942	0.01130	0.01177	0.00659	0.00753	0.01130	0.01554	0.02071	0.04472	0.70954	0.05367	0.02542	0.01036	0.00330	0.00471	0.02307	0.00753	0.00659
9	0.00989	0.00706	0.00942	0.01130	0.01177	0.00659	0.00753	0.01130	0.01554	0.02071	0.04472	0.70954	0.05367	0.02542	0.01036	0.00330	0.00471	0.02307	0.00753	0.00659
10	0.34754	0.01698	0.05822	0.01345	0.01832	0.01707	0.01159	0.13245	0.01909	0.09718	0.01641	0.01871	0.01244	0.01094	0.00999	0.08957	0.03384	0.00603	0.06048	0.00970
11	0.03081	0.02377	0.02426	0.01882	0.02516	0.06830	0.01544	0.59746	0.03716	0.04909	0.01903	0.01916	0.01358	0.00965	0.00806	0.00241	0.00930	0.00717	0.00786	0.01351
12	0.01148	0.00773	0.00894	0.00926	0.00934	0.00765	0.00535	0.01172	0.01242	0.01656	0.02876	0.16254	0.03353	0.59990	0.03614	0.00710	0.00734	0.01368	0.00535	0.00520
13	0.02278	0.02491	0.02237	0.01967	0.02188	0.27345	0.01554	0.07181	0.01848	0.02187	0.01368	0.01959	0.01253	0.05072	0.06980	0.00387	0.29688	0.00676	0.00428	0.00913
14	0.02880	0.02145	0.02331	0.01820	0.02399	0.02408	0.01498	0.54221	0.06335	0.04739	0.01988	0.02038	0.01444	0.01006	0.00916	0.00249	0.05154	0.00739	0.04374	0.01315
15	0.00989	0.00706	0.00942	0.01130	0.01177	0.00659	0.00753	0.01130	0.01554	0.02071	0.04472	0.70954	0.05367	0.02542	0.01036	0.00330	0.00471	0.02307	0.00753	0.00659
16	0.00990	0.00832	0.00865	0.00882	0.01148	0.00707	0.00678	0.01211	0.01851	0.02213	0.07870	0.07929	0.60616	0.02072	0.00973	0.00283	0.00441	0.06995	0.00753	0.00691
17	0.02168	0.01674	0.01855	0.04756	0.02218	0.01869	0.01293	0.13975	0.39113	0.08017	0.05628	0.05652	0.05800	0.01183	0.00842	0.00269	0.00681	0.00982	0.00810	0.01216
18	0.03110	0.02232	0.02410	0.01848	0.02496	0.02456	0.01526	0.60998	0.03747	0.07928	0.02005	0.01985	0.01409	0.00975	0.00812	0.00244	0.00884	0.00734	0.00820	0.01380
19	0.01423	0.00894	0.01159	0.01103	0.01344	0.00815	0.00852	0.01758	0.02147	0.10465	0.40969	0.11327	0.13218	0.01755	0.00963	0.00275	0.00465	0.07384	0.00865	0.00819
20	0.01627	0.04197	0.67279	0.02313	0.03512	0.01884	0.02998	0.02570	0.01713	0.02570	0.01456	0.01713	0.01028	0.00771	0.00771	0.00257	0.01199	0.00600	0.00343	0.01199
21	0.01884	0.02408	0.11602	0.03299	0.04161	0.02034	0.56880	0.02596	0.01893	0.02596	0.01621	0.02137	0.01209	0.00693	0.00937	0.00272	0.01350	0.00919	0.00403	0.01106
22	0.00987	0.00712	0.00935	0.01114	0.01173	0.00660	0.00746	0.01132	0.01569	0.02077	0.04662	0.67759	0.08439	0.02517	0.01032	0.00327	0.00468	0.02277	0.00753	0.00660
23	0.01915	0.02189	0.04788	0.03420	0.04241	0.02052	0.63475	0.02599	0.01915	0.02599	0.01642	0.02189	0.01231	0.00684	0.00958	0.00274	0.01368	0.00958	0.00410	0.01094
24	0.03085	0.02273	0.02435	0.01867	0.02516	0.02516	0.01542	0.63716	0.03815	0.05114	0.01948	0.01948	0.01380	0.00974	0.00812	0.00244	0.00893	0.00731	0.00812	0.01380
25	0.06892	0.05652	0.02442	0.01826	0.02446	0.09211	0.01503	0.51501	0.03433	0.04569	0.01797	0.01836	0.01304	0.00935	0.00774	0.00237	0.00936	0.00680	0.00734	0.01293
26	0.01176	0.00804	0.00973	0.00973	0.01004	0.00835	0.00602	0.01237	0.01206	0.01639	0.02476	0.04863	0.02756	0.57717	0.17631	0.00896	0.01079	0.01115	0.00480	0.00541
27	0.00989	0.00706	0.00942	0.01130	0.01177	0.00659	0.00753	0.01130	0.01554	0.02071	0.04472	0.70954	0.05367	0.02542	0.01036	0.00330	0.00471	0.02307	0.00753	0.00659
28	0.01054	0.00761	0.00987	0.01119	0.01155	0.00750	0.00740	0.01170	0.01470	0.01971	0.03978	0.55752	0.04743	0.15816	0.01693	0.00419	0.03068	0.02031	0.00688	0.00635
29	0.02963	0.05959	0.02526	0.02096	0.02585	0.51462	0.05603	0.09230	0.02403	0.05726	0.01446	0.01621	0.01141	0.00843	0.00751	0.00218	0.01338	0.00584	0.00485	0.01021
30	0.01869	0.01563	0.01833	0.05558	0.02236	0.01354	0.01131	0.10068	0.04906	0.02961	0.01594	0.01809	0.01277	0.00685	0.00652	0.00153	0.00670	0.00548	0.00532	0.58602
31	0.02063	0.43862	0.17687	0.02161	0.12146	0.05421	0.01911	0.02503	0.01720	0.02168	0.01265	0.01504	0.01075	0.00721	0.00626	0.00203	0.00979	0.00517	0.00357	0.01108
32	0.15686	0.02109	0.05640	0.02933	0.26732	0.02139	0.01856	0.26659	0.02536	0.03795	0.01620	0.01849	0.01239	0.00830	0.00752	0.00245	0.00888	0.00670	0.00579	0.01247
33	0.01192	0.00820	0.01057	0.01057	0.01130	0.00882	0.00720	0.01340	0.01266	0.01797	0.02398	0.04257	0.02501	0.39032	0.31393	0.00971	0.01355	0.01020	0.05203	0.00608
34	0.06523	0.02231	0.02097	0.01713	0.02268	0.11689	0.01372	0.33505	0.14040	0.03944	0.02403	0.02384	0.05513	0.01009	0.00782	0.00239	0.00869	0.00764	0.00717	0.05939
35	0.05801	0.32826	0.37080	0.01855	0.02804	0.02444	0.02204	0.02501	0.01668	0.02345	0.01300	0.01518	0.01026	0.00737	0.00651	0.00221	0.01029	0.00521	0.00353	0.01115

[dist]
# distance from previous block
# <min> <max>
0	1

[block]
# block no. 7 follows, 23 sequences, length 55
# corresponding to MSA columns:
# 216-270
name=unknown_H
#
# <colnr> <probs for GDERKNQSTAVLIFYWHMCP>
#	G	D	E	R	K	N	Q	S	T	A	V	L	I	F	Y	W	H	M	C	P
0	0.01658	0.08059	0.63688	0.02260	0.03430	0.01960	0.02906	0.02562	0.01709	0.02532	0.01437	0.01690	0.01029	0.00767	0.00757	0.00252	0.01180	0.00590	0.00343	0.01190
1	0.01007	0.00719	0.00962	0.01151	0.01206	0.00675	0.00785	0.01161	0.01571	0.02092	0.04462	0.67432	0.05327	0.02525	0.01041	0.00332	0.00487	0.05649	0.00753	0.00664
2	0.03484	0.06401	0.02102	0.01480	0.02115	0.01460	0.01240	0.09571	0.02418	0.56510	0.02936	0.02582	0.01881	0.00980	0.00795	0.00245	0.00722	0.00781	0.00940	0.01357
3	0.02035	0.01679	0.01784	0.01599	0.02055	0.01912	0.01245	0.04132	0.58892	0.06147	0.03555	0.03265	0.05774	0.01146	0.00832	0.00274	0.00632	0.00954	0.00830	0.01257
4	0.02033	0.01542	0.01796	0.01307	0.02011	0.01273	0.01055	0.10008	0.02009	0.08664	0.01662	0.01812	0.01296	0.00684	0.00647	0.00147	0.00646	0.00542	0.00569	0.60297
5	0.01683	0.01442	0.01683	0.01202	0.01923	0.01082	0.00961	0.02043	0.01683	0.02644	0.01442	0.01683	0.01202	0.00601	0.00601	0.00120	0.00601	0.00481	0.00481	0.76444
6	0.01512	0.01410	0.02371	0.65753	0.05359	0.01759	0.02185	0.02039	0.01605	0.02063	0.01483	0.02220	0.01134	0.01103	0.04548	0.00328	0.01142	0.00729	0.00365	0.00892
7	0.01872	0.01966	0.07503	0.19578	0.45130	0.01900	0.02418	0.02479	0.04558	0.02544	0.01580	0.02068	0.01273	0.00763	0.00804	0.00250	0.00994	0.00722	0.00407	0.01190
8	0.01006	0.00781	0.00916	0.00973	0.01148	0.00691	0.00695	0.01222	0.01827	0.02352	0.17967	0.30572	0.32633	0.02157	0.00987	0.00291	0.00427	0.01883	0.00780	0.00691
9	0.00989	0.00706	0.00942	0.01130	0.01177	0.00659	0.00753	0.01130	0.01554	0.02071	0.04472	0.70954	0.05367	0.02542	0.01036	0.00330	0.00471	0.02307	0.00753	0.00659
10	0.02393	0.02778	0.02486	0.02424	0.09358	0.33402	0.01756	0.02618	0.01807	0.02045	0.01205	0.01654	0.01080	0.01069	0.01549	0.00274	0.30134	0.00623	0.00390	0.00956
11	0.02258	0.01763	0.01896	0.01654	0.02146	0.01996	0.01301	0.09970	0.53770	0.08971	0.03164	0.02901	0.02332	0.01081	0.00823	0.00270	0.00670	0.00891	0.00840	0.01302
12	0.00986	0.00715	0.00933	0.01107	0.01171	0.00661	0.00743	0.01132	0.01575	0.02080	0.04745	0.66359	0.09786	0.02507	0.01030	0.00325	0.00466	0.02264	0.00753	0.00661
13	0.01532	0.01442	0.02434	0.69533	0.05589	0.01803	0.02253	0.02073	0.01622	0.02073	0.01442	0.02163	0.01082	0.00811	0.00811	0.00270	0.01082	0.00721	0.00361	0.00901
14	0.01825	0.02007	0.04188	0.09228	0.06502	0.01967	0.49019	0.02433	0.01833	0.02492	0.01751	0.06045	0.01445	0.00838	0.01027	0.00279	0.04658	0.00991	0.00422	0.01050
15	0.00989	0.00706	0.00942	0.01130	0.01177	0.00659	0.00753	0.01130	0.01554	0.02071	0.04472	0.70954	0.05367	0.02542	0.01036	0.00330	0.00471	0.02307	0.00753	0.00659
16	0.03031	0.03867	0.02299	0.02090	0.02508	0.68226	0.01568	0.03240	0.02299	0.01986	0.01254	0.01463	0.01045	0.00836	0.00732	0.00209	0.01463	0.00523	0.00418	0.00941
17	0.01760	0.01488	0.01724	0.01239	0.01956	0.01161	0.00994	0.05460	0.01801	0.02781	0.01470	0.01697	0.01212	0.00622	0.00613	0.00127	0.00617	0.00495	0.00499	0.72286
18	0.01308	0.00934	0.01308	0.01494	0.01681	0.00934	0.01308	0.01681	0.01868	0.02428	0.04296	0.09153	0.04670	0.02242	0.01121	0.00374	0.00747	0.60960	0.00747	0.00747
19	0.01159	0.00869	0.01304	0.01304	0.01449	0.01014	0.01014	0.01449	0.01304	0.01884	0.02173	0.03188	0.02029	0.06086	0.68268	0.01304	0.02173	0.00869	0.00435	0.00724
20	0.01627	0.04197	0.67279	0.02313	0.03512	0.01884	0.02998	0.02570	0.01713	0.02570	0.01456	0.01713	0.01028	0.00771	0.00771	0.00257	0.01199	0.00600	0.00343	0.01199
21	0.77215	0.01569	0.01193	0.01067	0.01569	0.01820	0.00879	0.02385	0.01381	0.03641	0.01130	0.01318	0.00879	0.00753	0.00502	0.00251	0.00628	0.00439	0.00502	0.00879
22	0.01220	0.00959	0.01421	0.01386	0.01517	0.01160	0.01090	0.01499	0.01298	0.01891	0.02063	0.03047	0.01933	0.05622	0.61752	0.01210	0.08910	0.00854	0.00427	0.00741
23	0.01002	0.00712	0.00938	0.01113	0.01157	0.00668	0.00735	0.01133	0.01527	0.02037	0.04338	0.66365	0.05198	0.07361	0.01252	0.00361	0.00493	0.02228	0.00735	0.00647
24	0.01915	0.02189	0.04788	0.03420	0.04241	0.02052	0.63475	0.02599	0.01915	0.02599	0.01642	0.02189	0.01231	0.00684	0.00958	0.00274	0.01368	0.00958	0.00410	0.01094
25	0.01775	0.01775	0.02485	0.02130	0.02130	0.02485	0.01775	0.01953	0.01243	0.01953	0.01065	0.01775	0.01065	0.01420	0.02663	0.00355	0.69998	0.00710	0.00355	0.00888
26	0.02169	0.71972	0.04252	0.01388	0.02083	0.03211	0.01388	0.02430	0.01649	0.01909	0.01128	0.01302	0.01041	0.00694	0.00521	0.00174	0.00868	0.00434	0.00347	0.01041
27	0.03641	0.01381	0.01883	0.01444	0.02071	0.01193	0.01193	0.03954	0.02322	0.66984	0.03201	0.02762	0.02009	0.01004	0.00816	0.00251	0.00690	0.00816	0.01004	0.01381
28	0.01915	0.02189	0.04788	0.03420	0.04241	0.02052	0.63475	0.02599	0.01915	0.02599	0.01642	0.02189	0.01231	0.00684	0.00958	0.00274	0.01368	0.00958	0.00410	0.01094
29	0.01627	0.04197	0.67279	0.02313	0.03512	0.01884	0.02998	0.02570	0.01713	0.02570	0.01456	0.01713	0.01028	0.00771	0.00771	0.00257	0.01199	0.00600	0.00343	0.01199
30	0.01148	0.00829	0.01085	0.01021	0.01212	0.00766	0.00766	0.01531	0.02297	0.03254	0.65994	0.06061	0.07656	0.01659	0.00957	0.00255	0.00383	0.01467	0.00893	0.00766
31	0.00989	0.00706	0.00942	0.01130	0.01177	0.00659	0.00753	0.01130	0.01554	0.02071	0.04472	0.70954	0.05367	0.02542	0.01036	0.00330	0.00471	0.02307	0.00753	0.00659
32	0.01874	0.02108	0.04532	0.10603	0.04387	0.02025	0.56823	0.02542	0.01883	0.02542	0.01620	0.02186	0.01215	0.00698	0.00942	0.00273	0.01337	0.00932	0.00405	0.01073
33	0.01513	0.00756	0.00756	0.00756	0.00945	0.00756	0.00567	0.01891	0.01702	0.03025	0.02647	0.03025	0.02080	0.00945	0.00567	0.00189	0.00378	0.00756	0.75988	0.00756
34	0.00974	0.00827	0.00842	0.00850	0.01121	0.00695	0.00645	0.01186	0.01850	0.02202	0.08055	0.07865	0.63517	0.02063	0.00966	0.00278	0.00425	0.04197	0.00753	0.00688
35	0.00989	0.00706	0.00942	0.01130	0.01177	0.00659	0.00753	0.01130	0.01554	0.02071	0.04472	0.70954	0.05367	0.02542	0.01036	0.00330	0.00471	0.02307	0.00753	0.00659
36	0.55895	0.01450	0.01296	0.01125	0.01611	0.01591	0.00918	0.02548	0.01647	0.14233	0.09121	0.02119	0.01867	0.00902	0.00608	0.00252	0.00609	0.00624	0.00633	0.00950
37	0.01249	0.01013	0.01352	0.01342	0.01500	0.04236	0.01041	0.01535	0.01352	0.01889	0.02129	0.03105	0.01981	0.05834	0.65031	0.01252	0.02139	0.00853	0.00434	0.00735
38	0.00977	0.00816	0.00852	0.00857	0.01111	0.00691	0.00637	0.01194	0.01872	0.02278	0.13033	0.11255	0.57548	0.02048	0.00963	0.00276	0.00412	0.01725	0.00766	0.00691
39	0.01901	0.02148	0.04560	0.03292	0.04032	0.02095	0.57372	0.02535	0.01849	0.02535	0.01585	0.02148	0.01215	0.00757	0.01126	0.00282	0.08157	0.00933	0.00405	0.01074
40	0.01652	0.07310	0.64384	0.02270	0.03446	0.01945	0.02924	0.02563	0.01710	0.02539	0.01441	0.01694	0.01028	0.00767	0.00759	0.00253	0.01184	0.00592	0.00343	0.01192
41	0.03641	0.01381	0.01883	0.01444	0.02071	0.01193	0.01193	0.03954	0.02322	0.66984	0.03201	0.02762	0.02009	0.01004	0.00816	0.00251	0.00690	0.00816	0.01004	0.01381
42	0.01646	0.00885	0.00899	0.00851	0.01079	0.00906	0.00650	0.07157	0.01882	0.03203	0.02587	0.02933	0.02020	0.00948	0.00588	0.00194	0.00422	0.00754	0.69584	0.00809
43	0.01940	0.40867	0.22110	0.01932	0.06960	0.02603	0.01926	0.02412	0.01684	0.02207	0.03804	0.01683	0.01317	0.00797	0.00748	0.00216	0.04780	0.00558	0.00372	0.01084
44	0.05881	0.01792	0.01868	0.01646	0.02127	0.02063	0.01292	0.10670	0.55145	0.03593	0.03047	0.02825	0.02278	0.01070	0.00808	0.00271	0.00669	0.00873	0.00808	0.01275
45	0.00959	0.00822	0.00822	0.00822	0.01096	0.00685	0.00617	0.01165	0.01850	0.02192	0.08220	0.07809	0.66092	0.02055	0.00959	0.00274	0.00411	0.01713	0.00754	0.00685
46	0.01700	0.01619	0.02836	0.41668	0.21471	0.01811	0.08884	0.02233	0.01718	0.02332	0.01546	0.02168	0.01202	0.00781	0.00813	0.00259	0.01046	0.00749	0.04145	0.01018
47	0.02066	0.02038	0.03237	0.04817	0.62810	0.05674	0.02438	0.02533	0.01873	0.02613	0.01511	0.01977	0.01272	0.00729	0.00799	0.00239	0.00992	0.00712	0.00403	0.01266
48	0.05412	0.11482	0.57127	0.02150	0.03260	0.02026	0.02717	0.02545	0.01690	0.02550	0.01404	0.01649	0.01022	0.00762	0.00730	0.00248	0.01135	0.00574	0.00351	0.01166
49	0.01771	0.02001	0.06255	0.08623	0.08214	0.01894	0.41384	0.02358	0.01802	0.02459	0.01956	0.04643	0.03939	0.01093	0.03999	0.00322	0.04857	0.00965	0.00426	0.01038
50	0.10350	0.06236	0.24606	0.07982	0.15942	0.01922	0.09934	0.02510	0.04741	0.02656	0.01660	0.04929	0.01355	0.00842	0.00775	0.00256	0.01023	0.00743	0.00424	0.01115
51	0.04301	0.04727	0.04736	0.01553	0.01944	0.01287	0.08530	0.06938	0.01884	0.05753	0.05357	0.28373	0.06866	0.01818	0.03581	0.00319	0.00766	0.04524	0.00656	0.06088
52	0.02075	0.11273	0.40602	0.02131	0.03056	0.09792	0.04816	0.02747	0.01824	0.08934	0.01563	0.01766	0.01141	0.00819	0.00834	0.00246	0.04194	0.00613	0.00422	0.01152
53	0.09278	0.04790	0.09103	0.13617	0.08646	0.01912	0.09312	0.13327	0.04898	0.07542	0.02103	0.02328	0.04876	0.00889	0.00784	0.00250	0.00931	0.00762	0.00553	0.04099
54	0.01844	0.22144	0.24054	0.02590	0.14012	0.02204	0.11845	0.02423	0.01760	0.02378	0.01879	0.02151	0.05657	0.00817	0.00749	0.00235	0.01037	0.00709	0.00394	0.01118

[dist]
# distance from previous block
# <min> <max>
7	38

[block]
# block no. 8 follows, 23 sequences, length 38
# corresponding to MSA columns:
# 311-348
name=unknown_I
#
# <colnr> <probs for GDERKNQSTAVLIFYWHMCP>
#	G	D	E	R	K	N	Q	S	T	A	V	L	I	F	Y	W	H	M	C	P
0	0.15877	0.04579	0.05151	0.01497	0.02084	0.01649	0.03352	0.10404	0.09121	0.21806	0.09074	0.02582	0.02217	0.00973	0.00751	0.00242	0.00715	0.00775	0.00743	0.06408
1	0.02340	0.01784	0.04489	0.02349	0.15444	0.01753	0.03844	0.14056	0.14758	0.13772	0.02495	0.03033	0.01995	0.05877	0.01060	0.00294	0.00823	0.04998	0.00691	0.04144
2	0.02204	0.03120	0.29123	0.02052	0.02845	0.12737	0.04597	0.10403	0.11612	0.06891	0.05064	0.02196	0.01687	0.00910	0.00797	0.00250	0.01057	0.00721	0.00555	0.01177
3	0.12764	0.01984	0.05724	0.04444	0.02580	0.01929	0.08881	0.27081	0.02542	0.05829	0.01867	0.05993	0.01494	0.00929	0.00765	0.00236	0.00860	0.00769	0.00630	0.12699
4	0.07129	0.09588	0.18878	0.06400	0.19817	0.02064	0.12032	0.02693	0.08715	0.02668	0.01651	0.01966	0.01282	0.00774	0.00773	0.00249	0.01024	0.00703	0.00435	0.01161
5	0.05990	0.05864	0.14225	0.05405	0.07707	0.01852	0.09739	0.07339	0.10834	0.14855	0.02068	0.02171	0.01492	0.00845	0.00780	0.00245	0.00917	0.00730	0.00598	0.06342
6	0.04574	0.12671	0.23508	0.01818	0.02635	0.04853	0.01872	0.17913	0.06606	0.03190	0.01639	0.01777	0.01239	0.00812	0.00715	0.00221	0.00945	0.00606	0.00522	0.11886
7	0.10886	0.04518	0.11725	0.10364	0.02656	0.01740	0.03524	0.04864	0.18079	0.08337	0.02596	0.07563	0.04933	0.01066	0.00783	0.00260	0.00799	0.00881	0.00617	0.03809
8	0.08807	0.17658	0.21017	0.01758	0.02509	0.10234	0.01790	0.12703	0.02139	0.07295	0.01939	0.02036	0.05032	0.00887	0.00711	0.00231	0.00978	0.00644	0.00514	0.01118
9	0.02468	0.10852	0.24739	0.01831	0.02634	0.01991	0.01904	0.19161	0.02388	0.16708	0.02097	0.06084	0.01590	0.00971	0.00778	0.00247	0.00927	0.00763	0.00633	0.01235
10	0.02038	0.48178	0.16644	0.01867	0.07296	0.02764	0.01788	0.02592	0.06048	0.02201	0.01374	0.01557	0.01156	0.00740	0.00614	0.00202	0.00926	0.00523	0.00383	0.01108
11	0.54211	0.12114	0.01825	0.01269	0.01797	0.09589	0.01064	0.05520	0.01644	0.03274	0.01184	0.01363	0.00946	0.00765	0.00546	0.00235	0.00771	0.00462	0.00485	0.00934
12	0.01895	0.02327	0.09103	0.03344	0.04190	0.02040	0.59299	0.02597	0.01901	0.02597	0.01629	0.02156	0.01217	0.00690	0.00945	0.00272	0.01356	0.00933	0.00406	0.01102
13	0.01479	0.01026	0.01262	0.01186	0.01441	0.01004	0.00905	0.06559	0.06869	0.06907	0.35633	0.15969	0.10002	0.01725	0.00949	0.00275	0.00494	0.04602	0.00849	0.00864
14	0.08379	0.02245	0.02122	0.01714	0.02297	0.11790	0.01376	0.31885	0.12512	0.06018	0.01975	0.01991	0.01461	0.00914	0.00754	0.00230	0.00877	0.00680	0.00700	0.10081
15	0.60481	0.01552	0.01341	0.05871	0.01874	0.01791	0.01001	0.07017	0.01608	0.03597	0.01330	0.01556	0.01023	0.00789	0.00552	0.00247	0.00660	0.00506	0.06294	0.00909
16	0.02008	0.01928	0.03294	0.04981	0.66422	0.01928	0.02490	0.02490	0.01848	0.02651	0.01526	0.02008	0.01285	0.00723	0.00803	0.00241	0.00964	0.00723	0.00402	0.01285
17	0.01532	0.01442	0.02434	0.69533	0.05589	0.01803	0.02253	0.02073	0.01622	0.02073	0.01442	0.02163	0.01082	0.00811	0.00811	0.00270	0.01082	0.00721	0.00361	0.00901
18	0.02008	0.01928	0.03294	0.04981	0.66422	0.01928	0.02490	0.02490	0.01848	0.02651	0.01526	0.02008	0.01285	0.00723	0.00803	0.00241	0.00964	0.00723	0.00402	0.01285
19	0.03085	0.02273	0.02435	0.01867	0.02516	0.02516	0.01542	0.63716	0.03815	0.05114	0.01948	0.01948	0.01380	0.00974	0.00812	0.00244	0.00893	0.00731	0.00812	0.01380
20	0.02169	0.71972	0.04252	0.01388	0.02083	0.03211	0.01388	0.02430	0.01649	0.01909	0.01128	0.01302	0.01041	0.00694	0.00521	0.00174	0.00868	0.00434	0.00347	0.01041
21	0.02073	0.01770	0.01866	0.01662	0.02131	0.02044	0.01298	0.07372	0.61806	0.03483	0.03233	0.02972	0.02420	0.01094	0.00825	0.00274	0.00655	0.00908	0.00825	0.01289
22	0.01627	0.04197	0.67279	0.02313	0.03512	0.01884	0.02998	0.02570	0.01713	0.02570	0.01456	0.01713	0.01028	0.00771	0.00771	0.00257	0.01199	0.00600	0.00343	0.01199
23	0.02229	0.01075	0.01448	0.01249	0.01626	0.00965	0.01002	0.02582	0.02265	0.30402	0.33033	0.04959	0.04946	0.01437	0.00913	0.00265	0.00550	0.07101	0.00926	0.01027
24	0.77215	0.01569	0.01193	0.01067	0.01569	0.01820	0.00879	0.02385	0.01381	0.03641	0.01130	0.01318	0.00879	0.00753	0.00502	0.00251	0.00628	0.00439	0.00502	0.00879
25	0.03031	0.03867	0.02299	0.02090	0.02508	0.68226	0.01568	0.03240	0.02299	0.01986	0.01254	0.01463	0.01045	0.00836	0.00732	0.00209	0.01463	0.00523	0.00418	0.00941
26	0.03243	0.01369	0.01810	0.01414	0.02003	0.01213	0.01156	0.03702	0.06648	0.54537	0.07754	0.02968	0.02417	0.01039	0.00816	0.00246	0.00660	0.00854	0.00957	0.05195
27	0.02008	0.01928	0.03294	0.04981	0.66422	0.01928	0.02490	0.02490	0.01848	0.02651	0.01526	0.02008	0.01285	0.00723	0.00803	0.00241	0.00964	0.00723	0.00402	0.01285
28	0.02008	0.01928	0.03294	0.04981	0.66422	0.01928	0.02490	0.02490	0.01848	0.02651	0.01526	0.02008	0.01285	0.00723	0.00803	0.00241	0.00964	0.00723	0.00402	0.01285
29	0.01972	0.01891	0.03228	0.09922	0.61765	0.01918	0.02472	0.02458	0.01830	0.02607	0.01520	0.02020	0.01270	0.00730	0.00804	0.00243	0.00973	0.00723	0.00399	0.01256
30	0.02017	0.01640	0.01862	0.01361	0.02065	0.01424	0.01100	0.16762	0.02192	0.03234	0.01563	0.01746	0.01244	0.00690	0.00651	0.00150	0.00671	0.00540	0.00560	0.58528
