[name]
unknown

[dist]
# distance from previous block
# <min> <max>
3	9

[block]
# block no. 0 follows, 26 sequences, length 93
# corresponding to MSA columns:
# 9-101
name=unknown_A
#
# <colnr> <probs for GDERKNQSTAVLIFYWHMCP>
#	G	D	E	R	K	N	Q	S	T	A	V	L	I	F	Y	W	H	M	C	P
0	0.01453	0.01062	0.01357	0.04083	0.04018	0.01076	0.00983	0.07261	0.09098	0.05763	0.42771	0.06933	0.05267	0.01406	0.00864	0.00247	0.00501	0.04221	0.00779	0.00858
1	0.01933	0.01907	0.06076	0.18485	0.34020	0.08494	0.02009	0.02439	0.04388	0.07417	0.01821	0.02156	0.03939	0.00792	0.00752	0.00232	0.00931	0.00702	0.00438	0.01070
2	0.05157	0.01491	0.04440	0.08728	0.02236	0.01445	0.01254	0.11067	0.13225	0.25269	0.07168	0.05595	0.02230	0.03940	0.00888	0.00260	0.00690	0.00844	0.00731	0.03342
3	0.07712	0.01389	0.08472	0.01266	0.01674	0.01153	0.03746	0.06702	0.05084	0.08077	0.31679	0.04136	0.10520	0.01251	0.00803	0.00238	0.00566	0.01066	0.03587	0.00881
4	0.01560	0.01478	0.02505	0.52367	0.23382	0.01719	0.02170	0.02050	0.01577	0.02093	0.01371	0.01981	0.01066	0.00735	0.00756	0.00245	0.00980	0.00675	0.00348	0.00945
5	0.01547	0.01443	0.02426	0.45752	0.23764	0.01652	0.02098	0.02023	0.01599	0.02126	0.01596	0.02528	0.01349	0.00846	0.00780	0.00253	0.00952	0.05950	0.00379	0.00937
6	0.08292	0.02053	0.02068	0.01659	0.02208	0.05810	0.01347	0.45225	0.16442	0.04192	0.01991	0.01961	0.01450	0.00913	0.00736	0.00233	0.00796	0.00688	0.00721	0.01215
7	0.01877	0.01802	0.03079	0.04656	0.68612	0.01802	0.02328	0.02328	0.01727	0.02478	0.01427	0.01877	0.01201	0.00676	0.00751	0.00225	0.00901	0.00676	0.00375	0.01201
8	0.01643	0.08506	0.49140	0.02231	0.09789	0.01742	0.02400	0.02355	0.01653	0.05482	0.04235	0.04475	0.01432	0.00816	0.00725	0.00235	0.00997	0.00663	0.00390	0.01091
9	0.01729	0.24228	0.41865	0.01955	0.05414	0.05282	0.02203	0.02354	0.01634	0.02222	0.03719	0.01638	0.01202	0.00731	0.00658	0.00215	0.01005	0.00546	0.00346	0.01055
10	0.01760	0.01664	0.02816	0.06971	0.58995	0.01673	0.02149	0.02179	0.01690	0.02400	0.01712	0.09310	0.01593	0.00857	0.00774	0.00235	0.00857	0.00831	0.00408	0.01126
11	0.01877	0.01802	0.03079	0.04656	0.68612	0.01802	0.02328	0.02328	0.01727	0.02478	0.01427	0.01877	0.01201	0.00676	0.00751	0.00225	0.00901	0.00676	0.00375	0.01201
12	0.01028	0.00766	0.01016	0.04715	0.01330	0.00727	0.00775	0.01304	0.01845	0.02530	0.38170	0.28485	0.10834	0.01819	0.00913	0.00264	0.00423	0.01620	0.00754	0.00683
13	0.00968	0.00862	0.04719	0.01075	0.01205	0.00692	0.00799	0.01152	0.01504	0.02001	0.06936	0.56535	0.11457	0.04985	0.01057	0.00313	0.00481	0.01935	0.00678	0.00645
14	0.01526	0.01444	0.02445	0.57384	0.18625	0.01710	0.02153	0.02020	0.01561	0.02052	0.01365	0.01992	0.01051	0.00741	0.00757	0.00247	0.00988	0.00674	0.00345	0.00918
15	0.01757	0.01679	0.02862	0.22727	0.51480	0.01771	0.02268	0.02222	0.01670	0.02332	0.01406	0.01916	0.01150	0.00698	0.00753	0.00233	0.00931	0.00675	0.00365	0.01104
16	0.01748	0.02342	0.14713	0.03034	0.03857	0.01893	0.55916	0.02425	0.01761	0.02425	0.01507	0.01976	0.01121	0.00652	0.00868	0.00253	0.01254	0.00842	0.00374	0.01038
17	0.00969	0.00794	0.00973	0.08274	0.01493	0.00745	0.00784	0.01181	0.01633	0.02041	0.08348	0.28101	0.38083	0.01933	0.00905	0.00272	0.00467	0.01676	0.00671	0.00657
18	0.01860	0.01784	0.03047	0.07279	0.66125	0.01798	0.02319	0.02313	0.01719	0.02457	0.01424	0.01883	0.01194	0.00679	0.00751	0.00226	0.00905	0.00676	0.00374	0.01187
19	0.03102	0.01330	0.01735	0.01364	0.01913	0.01221	0.01115	0.05943	0.09031	0.56325	0.06416	0.02743	0.02181	0.00980	0.00771	0.00237	0.00633	0.00802	0.00909	0.01251
20	0.02769	0.02116	0.02506	0.01897	0.02521	0.02307	0.08182	0.59422	0.03380	0.04534	0.01791	0.01845	0.01275	0.00882	0.00773	0.00231	0.00881	0.00705	0.00720	0.01262
21	0.01646	0.01650	0.02403	0.02031	0.02079	0.02250	0.05237	0.01842	0.01199	0.01857	0.01064	0.01730	0.01038	0.01450	0.04902	0.00360	0.65409	0.00682	0.00338	0.00835
22	0.01764	0.01523	0.01598	0.01448	0.01855	0.01733	0.01124	0.03667	0.59152	0.03034	0.03655	0.03382	0.10463	0.01139	0.00787	0.00257	0.00574	0.00949	0.00763	0.01131
23	0.00924	0.00660	0.00880	0.01056	0.01100	0.00616	0.00704	0.01056	0.01452	0.01936	0.04181	0.72848	0.05017	0.02376	0.00968	0.00308	0.00440	0.02156	0.00704	0.00616
24	0.00924	0.00660	0.00880	0.01056	0.01100	0.00616	0.00704	0.01056	0.01452	0.01936	0.04181	0.72848	0.05017	0.02376	0.00968	0.00308	0.00440	0.02156	0.00704	0.00616
25	0.01829	0.01753	0.02991	0.11953	0.61693	0.01789	0.02304	0.02285	0.01704	0.02419	0.01418	0.01893	0.01181	0.00685	0.00752	0.00228	0.00913	0.00676	0.00371	0.01162
26	0.01659	0.01659	0.02323	0.01991	0.01991	0.02323	0.01659	0.01825	0.01162	0.01825	0.00996	0.01659	0.00996	0.01328	0.02489	0.00332	0.71955	0.00664	0.00332	0.00830
27	0.01745	0.07379	0.58840	0.02031	0.03071	0.01760	0.02546	0.02531	0.01658	0.09353	0.01516	0.01683	0.01057	0.00740	0.00713	0.00235	0.01055	0.00573	0.00385	0.01131
28	0.75368	0.04611	0.01239	0.01011	0.01488	0.01758	0.00842	0.02231	0.01302	0.03333	0.01056	0.01232	0.00828	0.00702	0.00470	0.00232	0.00597	0.00411	0.00463	0.00828
29	0.00910	0.00763	0.00792	0.00798	0.01036	0.00644	0.00593	0.01111	0.01743	0.02112	0.11724	0.10865	0.60471	0.01921	0.00900	0.00258	0.00385	0.01616	0.00713	0.00644
30	0.02302	0.05068	0.05180	0.04372	0.02232	0.11217	0.01394	0.24930	0.14331	0.05423	0.04636	0.02158	0.01681	0.00940	0.00835	0.00231	0.05246	0.00702	0.06035	0.01086
31	0.01887	0.01629	0.01715	0.01544	0.01972	0.01887	0.01201	0.04031	0.67241	0.03173	0.03087	0.02830	0.02315	0.01029	0.00772	0.00257	0.00600	0.00858	0.00772	0.01201
32	0.02042	0.01248	0.01529	0.03903	0.01801	0.01274	0.01049	0.07379	0.18820	0.20677	0.27040	0.03712	0.03871	0.01180	0.00813	0.00242	0.00555	0.01004	0.00822	0.01038
33	0.02346	0.01813	0.02258	0.04465	0.02429	0.01885	0.08050	0.37899	0.04831	0.05896	0.01945	0.06963	0.01557	0.00930	0.00757	0.00220	0.00802	0.00781	0.00656	0.13516
34	0.01658	0.01841	0.05917	0.04929	0.11255	0.01777	0.37189	0.02155	0.01629	0.02252	0.01772	0.02381	0.04048	0.04873	0.04443	0.00330	0.09341	0.00859	0.00391	0.00959
35	0.01573	0.01348	0.01573	0.01123	0.01798	0.01011	0.00899	0.01910	0.01573	0.02472	0.01348	0.01573	0.01123	0.00562	0.00562	0.00112	0.00562	0.00449	0.00449	0.77980
36	0.01982	0.01677	0.01769	0.01563	0.02009	0.01931	0.01224	0.09996	0.61120	0.03327	0.02965	0.02733	0.02217	0.01018	0.00771	0.00254	0.00623	0.00841	0.00771	0.01209
37	0.01814	0.01911	0.06122	0.08822	0.48281	0.01816	0.15332	0.02325	0.01720	0.02428	0.01441	0.01910	0.01168	0.00676	0.00780	0.00234	0.00995	0.00716	0.00372	0.01137
38	0.02332	0.02028	0.02027	0.01802	0.05566	0.13975	0.01372	0.30722	0.02488	0.03272	0.01682	0.01961	0.01333	0.01496	0.09325	0.00348	0.08796	0.00664	0.07777	0.01034
39	0.00938	0.00671	0.00893	0.01047	0.01103	0.00625	0.00705	0.01091	0.01517	0.02040	0.10160	0.66574	0.05217	0.02299	0.00961	0.00302	0.00432	0.02083	0.00716	0.00625
40	0.01197	0.00803	0.01053	0.00975	0.01176	0.00737	0.00737	0.01551	0.02148	0.06545	0.64754	0.05502	0.06877	0.01518	0.00888	0.00238	0.00373	0.01339	0.00840	0.00746
41	0.01066	0.00775	0.01004	0.00947	0.01129	0.00713	0.00710	0.01418	0.02130	0.03002	0.65774	0.05732	0.09619	0.01566	0.00895	0.00239	0.00359	0.01381	0.00830	0.00713
42	0.03057	0.01400	0.01765	0.01377	0.01923	0.01326	0.01129	0.14742	0.04591	0.49082	0.05421	0.02592	0.02006	0.00959	0.00755	0.00231	0.00651	0.00773	0.04987	0.01233
43	0.02833	0.03615	0.02149	0.01954	0.02345	0.70298	0.01466	0.03029	0.02149	0.01856	0.01172	0.01368	0.00977	0.00782	0.00684	0.00195	0.01368	0.00489	0.00391	0.00879
44	0.78701	0.01467	0.01115	0.00997	0.01467	0.01702	0.00821	0.02230	0.01291	0.03403	0.01056	0.01232	0.00821	0.00704	0.00469	0.00235	0.00587	0.00411	0.00469	0.00821
45	0.78701	0.01467	0.01115	0.00997	0.01467	0.01702	0.00821	0.02230	0.01291	0.03403	0.01056	0.01232	0.00821	0.00704	0.00469	0.00235	0.00587	0.00411	0.00469	0.00821
46	0.00924	0.00660	0.00880	0.01056	0.01100	0.00616	0.00704	0.01056	0.01452	0.01936	0.04181	0.72848	0.05017	0.02376	0.00968	0.00308	0.00440	0.02156	0.00704	0.00616
47	0.78701	0.01467	0.01115	0.00997	0.01467	0.01702	0.00821	0.02230	0.01291	0.03403	0.01056	0.01232	0.00821	0.00704	0.00469	0.00235	0.00587	0.00411	0.00469	0.00821
48	0.02833	0.03615	0.02149	0.01954	0.02345	0.70298	0.01466	0.03029	0.02149	0.01856	0.01172	0.01368	0.00977	0.00782	0.00684	0.00195	0.01368	0.00489	0.00391	0.00879
49	0.73539	0.01478	0.01174	0.01033	0.01511	0.01697	0.00851	0.04099	0.01391	0.06072	0.01155	0.01303	0.00877	0.00719	0.00489	0.00235	0.00596	0.00433	0.00496	0.00854
50	0.01068	0.00775	0.01006	0.00948	0.01130	0.00713	0.00711	0.01420	0.02133	0.03009	0.66236	0.05719	0.09152	0.01563	0.00895	0.00239	0.00359	0.01379	0.00831	0.00713
51	0.07566	0.01979	0.02115	0.03891	0.02312	0.02202	0.01376	0.54907	0.05651	0.04458	0.01832	0.01870	0.01317	0.00896	0.00731	0.00228	0.00795	0.00673	0.03983	0.01218
52	0.01432	0.01348	0.02275	0.71520	0.05224	0.01685	0.02107	0.01938	0.01517	0.01938	0.01348	0.02022	0.01011	0.00758	0.00758	0.00253	0.01011	0.00674	0.00337	0.00843
53	0.01513	0.03714	0.63883	0.02153	0.03219	0.01724	0.05268	0.02362	0.01632	0.02430	0.04202	0.01792	0.01231	0.00753	0.00735	0.00241	0.01095	0.00608	0.00345	0.01100
54	0.01715	0.10460	0.28307	0.02085	0.02849	0.01786	0.17649	0.07037	0.01816	0.04502	0.05005	0.09714	0.01806	0.00935	0.00777	0.00242	0.00978	0.00855	0.00455	0.01023
55	0.00924	0.00660	0.00880	0.01056	0.01100	0.00616	0.00704	0.01056	0.01452	0.01936	0.04181	0.72848	0.05017	0.02376	0.00968	0.00308	0.00440	0.02156	0.00704	0.00616
56	0.02019	0.01590	0.02117	0.01731	0.02164	0.01667	0.10931	0.32761	0.02542	0.03405	0.02630	0.24346	0.02594	0.01390	0.00860	0.00263	0.00772	0.04528	0.00682	0.01008
57	0.02550	0.11385	0.19906	0.01570	0.02284	0.01604	0.01588	0.05416	0.05570	0.34662	0.04394	0.02232	0.01693	0.00868	0.00721	0.00228	0.00788	0.00685	0.00677	0.01181
58	0.01732	0.00945	0.01234	0.01096	0.01393	0.00864	0.00855	0.02116	0.04293	0.21041	0.40301	0.07430	0.08201	0.01436	0.00863	0.00246	0.00463	0.03765	0.00845	0.00882
59	0.00935	0.00668	0.00893	0.01069	0.01117	0.00626	0.00723	0.01075	0.01463	0.01949	0.04175	0.70488	0.04993	0.02366	0.00971	0.00310	0.00450	0.04408	0.00704	0.00619
60	0.10678	0.04959	0.07852	0.06302	0.44476	0.01843	0.04636	0.02399	0.05152	0.02563	0.01453	0.01818	0.01180	0.00702	0.00712	0.00229	0.00881	0.00644	0.00400	0.01121
61	0.08440	0.05571	0.48055	0.05860	0.03281	0.01816	0.11848	0.02362	0.01595	0.02450	0.01349	0.01644	0.00980	0.00707	0.00718	0.00240	0.01081	0.00598	0.00344	0.01060
62	0.21994	0.01098	0.01202	0.01234	0.03431	0.01152	0.00967	0.04807	0.01674	0.05527	0.04903	0.04843	0.07528	0.06936	0.01012	0.00308	0.00616	0.22084	0.07906	0.00777
63	0.71977	0.01490	0.01196	0.01047	0.01528	0.01707	0.00863	0.05266	0.01434	0.06254	0.01174	0.01317	0.00888	0.00724	0.00495	0.00234	0.00601	0.00438	0.00503	0.00863
64	0.02166	0.10677	0.26456	0.04123	0.02592	0.04384	0.01857	0.08433	0.09603	0.15731	0.01865	0.01924	0.01336	0.00844	0.00806	0.00235	0.04666	0.00635	0.00538	0.01128
65	0.01052	0.00763	0.00999	0.01009	0.01165	0.00709	0.00757	0.01360	0.01960	0.02717	0.47416	0.18738	0.08958	0.01775	0.00923	0.00263	0.00407	0.07544	0.00792	0.00692
66	0.01550	0.05506	0.54988	0.05234	0.09944	0.01754	0.02592	0.02330	0.01632	0.02400	0.04192	0.01808	0.01251	0.00751	0.00726	0.00237	0.01052	0.00607	0.00349	0.01096
67	0.02500	0.01800	0.02034	0.04618	0.06831	0.04546	0.01384	0.33290	0.10664	0.12108	0.04417	0.02487	0.01814	0.00970	0.00763	0.00235	0.00771	0.03296	0.04303	0.01168
68	0.00930	0.00665	0.00886	0.01052	0.01102	0.00620	0.00705	0.01072	0.01481	0.01982	0.06851	0.70046	0.05106	0.02342	0.00965	0.00305	0.00437	0.02124	0.00710	0.00620
69	0.00982	0.00711	0.00919	0.00994	0.01097	0.00657	0.00691	0.01194	0.01704	0.02320	0.27152	0.42366	0.09603	0.04659	0.01044	0.00296	0.00418	0.01804	0.00742	0.00647
70	0.01272	0.00930	0.01259	0.01408	0.01602	0.00949	0.01221	0.01757	0.06682	0.02338	0.03946	0.08124	0.04211	0.02015	0.01027	0.00342	0.00691	0.58785	0.00704	0.00736
71	0.01581	0.01379	0.01647	0.01209	0.01817	0.01140	0.00974	0.01902	0.01532	0.02408	0.01313	0.01581	0.01111	0.00637	0.00752	0.00134	0.07601	0.00471	0.00438	0.70373
72	0.01573	0.01348	0.01573	0.01123	0.01798	0.01011	0.00899	0.01910	0.01573	0.02472	0.01348	0.01573	0.01123	0.00562	0.00562	0.00112	0.00562	0.00449	0.00449	0.77980
73	0.02188	0.02391	0.02488	0.02157	0.04823	0.27324	0.10525	0.05193	0.01778	0.04216	0.01328	0.01746	0.01125	0.01293	0.06356	0.00324	0.22782	0.00646	0.00406	0.00912
74	0.01877	0.01802	0.03079	0.04656	0.68612	0.01802	0.02328	0.02328	0.01727	0.02478	0.01427	0.01877	0.01201	0.00676	0.00751	0.00225	0.00901	0.00676	0.00375	0.01201
75	0.01573	0.01348	0.01573	0.01123	0.01798	0.01011	0.00899	0.01910	0.01573	0.02472	0.01348	0.01573	0.01123	0.00562	0.00562	0.00112	0.00562	0.00449	0.00449	0.77980
76	0.01085	0.00807	0.01189	0.01189	0.01314	0.00932	0.00911	0.01335	0.01210	0.01739	0.02059	0.03131	0.01962	0.10837	0.65278	0.01182	0.01933	0.00835	0.00410	0.00661
77	0.03350	0.01376	0.01813	0.01390	0.01979	0.01241	0.01148	0.10054	0.02313	0.62579	0.02873	0.02504	0.01818	0.00936	0.00762	0.00234	0.00665	0.00755	0.00920	0.01291
78	0.01090	0.00739	0.00872	0.00882	0.00899	0.00750	0.00526	0.01126	0.01137	0.01530	0.02464	0.08971	0.02808	0.61857	0.10637	0.00759	0.00853	0.01138	0.00469	0.00492
79	0.01378	0.00844	0.01102	0.00998	0.01236	0.00766	0.00763	0.01719	0.02130	0.11866	0.56521	0.05331	0.09415	0.01486	0.00877	0.00239	0.00398	0.01301	0.00843	0.00789
80	0.01930	0.01651	0.01740	0.01552	0.01989	0.01907	0.01211	0.06728	0.64474	0.03243	0.03032	0.02786	0.02271	0.01024	0.00771	0.00256	0.00610	0.00850	0.00771	0.01204
81	0.01085	0.00805	0.01182	0.01182	0.01305	0.00928	0.00902	0.01331	0.01208	0.01734	0.02065	0.03166	0.01977	0.12025	0.64111	0.01174	0.01910	0.00840	0.00411	0.00657
82	0.12584	0.01467	0.02105	0.37330	0.03684	0.01656	0.04318	0.09354	0.01852	0.15938	0.01697	0.02005	0.01195	0.00799	0.00725	0.00244	0.00872	0.00666	0.00524	0.00986
83	0.02550	0.01861	0.01992	0.01581	0.02101	0.02054	0.01287	0.50777	0.08700	0.04304	0.02100	0.04923	0.01605	0.00977	0.00742	0.00228	0.00744	0.00761	0.09526	0.01188
84	0.01459	0.02728	0.40976	0.01735	0.02497	0.01478	0.01994	0.04907	0.06942	0.02651	0.15269	0.06569	0.05460	0.01059	0.00782	0.00245	0.00847	0.00881	0.00514	0.01006
85	0.01701	0.19668	0.43838	0.01910	0.02823	0.01965	0.05623	0.02366	0.01655	0.05004	0.05516	0.01828	0.01396	0.00760	0.00688	0.00223	0.00991	0.00601	0.00382	0.01063
86	0.08656	0.30313	0.06364	0.01500	0.02122	0.07215	0.01371	0.20683	0.02218	0.10692	0.01525	0.01581	0.01157	0.00775	0.00622	0.00202	0.00837	0.00541	0.00536	0.01090
87	0.13276	0.01359	0.01703	0.01324	0.01897	0.01258	0.01094	0.06834	0.02130	0.57058	0.02675	0.02364	0.01707	0.00906	0.00724	0.00234	0.00648	0.00712	0.00867	0.01229
88	0.01586	0.01623	0.03170	0.28732	0.04063	0.01696	0.32512	0.02162	0.04200	0.02197	0.01681	0.06481	0.01391	0.00889	0.00928	0.03430	0.01074	0.00879	0.00399	0.00908
89	0.02023	0.02107	0.04851	0.12658	0.28960	0.12980	0.07623	0.09385	0.04096	0.02548	0.01594	0.04805	0.01332	0.00811	0.00763	0.00232	0.00997	0.00729	0.00440	0.01066
90	0.07880	0.01244	0.01615	0.01264	0.01802	0.01111	0.01038	0.03413	0.02059	0.58452	0.02821	0.02522	0.01819	0.00919	0.00721	0.00229	0.00613	0.00735	0.08540	0.01204
91	0.01571	0.01545	0.02310	0.01953	0.02043	0.02044	0.07027	0.01798	0.01255	0.01907	0.03350	0.02007	0.01334	0.01889	0.11840	0.00447	0.53768	0.00727	0.00363	0.00821
92	0.04241	0.01350	0.01695	0.08917	0.07591	0.01430	0.01237	0.02931	0.25457	0.15855	0.11281	0.03373	0.09186	0.01099	0.00786	0.00247	0.00625	0.00930	0.00719	0.01053

[dist]
# distance from previous block
# <min> <max>
0	1

[block]
# block no. 1 follows, 26 sequences, length 9
# corresponding to MSA columns:
# 103-111
name=unknown_B
#
# <colnr> <probs for GDERKNQSTAVLIFYWHMCP>
#	G	D	E	R	K	N	Q	S	T	A	V	L	I	F	Y	W	H	M	C	P
0	0.00984	0.00677	0.00887	0.01048	0.01112	0.00640	0.00722	0.01148	0.01482	0.02032	0.04027	0.62920	0.04717	0.02233	0.00936	0.00300	0.00449	0.05888	0.07168	0.00629
1	0.08535	0.03454	0.02072	0.01882	0.02279	0.65143	0.01417	0.02969	0.02085	0.01973	0.01164	0.01358	0.00965	0.00776	0.00668	0.00198	0.01309	0.00483	0.00397	0.00875
2	0.78701	0.01467	0.01115	0.00997	0.01467	0.01702	0.00821	0.02230	0.01291	0.03403	0.01056	0.01232	0.00821	0.00704	0.00469	0.00235	0.00587	0.00411	0.00469	0.00821
3	0.01554	0.01631	0.05126	0.34654	0.08427	0.01695	0.22087	0.02048	0.01584	0.02115	0.01544	0.05618	0.01282	0.00889	0.00954	0.03303	0.03400	0.00815	0.00372	0.00900
4	0.01887	0.01679	0.02755	0.05197	0.24615	0.01704	0.15985	0.06756	0.13055	0.06154	0.10199	0.02588	0.02159	0.00869	0.00806	0.00241	0.00853	0.00848	0.00554	0.01099
5	0.00924	0.00660	0.00880	0.01056	0.01100	0.00616	0.00704	0.01056	0.01452	0.01936	0.04181	0.72848	0.05017	0.02376	0.00968	0.00308	0.00440	0.02156	0.00704	0.00616
6	0.01731	0.06763	0.11163	0.09837	0.07682	0.06135	0.30952	0.02254	0.01683	0.02230	0.01622	0.07614	0.01401	0.00849	0.00899	0.00250	0.04721	0.00852	0.00391	0.00972
7	0.06432	0.00956	0.00955	0.00883	0.01138	0.01011	0.00683	0.08406	0.05997	0.03082	0.02359	0.02627	0.01832	0.00885	0.00565	0.00191	0.00432	0.00696	0.60065	0.00805
8	0.32426	0.02236	0.14466	0.01894	0.02529	0.07542	0.17258	0.02418	0.01572	0.05533	0.01317	0.01588	0.00994	0.00739	0.00752	0.00242	0.04524	0.00591	0.00428	0.00950

[dist]
# distance from previous block
# <min> <max>
0	1

[block]
# block no. 2 follows, 26 sequences, length 13
# corresponding to MSA columns:
# 113-125
name=unknown_C
#
# <colnr> <probs for GDERKNQSTAVLIFYWHMCP>
#	G	D	E	R	K	N	Q	S	T	A	V	L	I	F	Y	W	H	M	C	P
0	0.27688	0.18438	0.26484	0.01563	0.02270	0.02061	0.01709	0.02269	0.01448	0.02557	0.01161	0.01396	0.00919	0.00747	0.00725	0.00228	0.06515	0.00484	0.00372	0.00964
1	0.02234	0.02487	0.03168	0.05499	0.03123	0.23595	0.28673	0.10779	0.02065	0.02477	0.01401	0.01767	0.01094	0.00786	0.00947	0.00240	0.07540	0.00709	0.00428	0.00987
2	0.02137	0.01970	0.07711	0.01775	0.02283	0.04204	0.06565	0.24772	0.15387	0.05213	0.06324	0.02731	0.04296	0.01056	0.00947	0.00252	0.07151	0.03480	0.00650	0.01099
3	0.01055	0.00780	0.00989	0.00952	0.01143	0.00714	0.00725	0.01387	0.02059	0.02843	0.55092	0.06089	0.16366	0.01640	0.00904	0.00248	0.00382	0.05122	0.00807	0.00703
4	0.01800	0.01534	0.01647	0.01506	0.01904	0.01758	0.01180	0.03730	0.59431	0.03101	0.06157	0.03381	0.02689	0.01131	0.00798	0.00263	0.00596	0.05483	0.00769	0.01141
5	0.00924	0.00660	0.00880	0.01056	0.01100	0.00616	0.00704	0.01056	0.01452	0.01936	0.04181	0.72848	0.05017	0.02376	0.00968	0.00308	0.00440	0.02156	0.00704	0.00616
6	0.01084	0.00813	0.01219	0.01219	0.01354	0.00948	0.00948	0.01354	0.01219	0.01761	0.02032	0.02980	0.01896	0.05689	0.70337	0.01219	0.02032	0.00813	0.00406	0.00677
7	0.01001	0.00684	0.00849	0.00968	0.01025	0.00648	0.00635	0.01130	0.01409	0.01930	0.03837	0.50506	0.07124	0.15999	0.01487	0.00377	0.00487	0.01798	0.07509	0.00595
8	0.02823	0.02091	0.02128	0.01666	0.02227	0.07569	0.01361	0.52350	0.03224	0.09149	0.01897	0.01905	0.01350	0.00901	0.00738	0.00222	0.00832	0.00675	0.05671	0.01220
9	0.01088	0.00793	0.01121	0.01121	0.01222	0.00895	0.00825	0.01291	0.01190	0.01688	0.02122	0.03478	0.02113	0.22679	0.53643	0.01098	0.01706	0.00886	0.00420	0.00623
10	0.01074	0.00775	0.01014	0.00954	0.01133	0.00716	0.00716	0.01431	0.02147	0.03042	0.68211	0.05666	0.07157	0.01551	0.00895	0.00239	0.00358	0.01372	0.00835	0.00716
11	0.04318	0.17341	0.23217	0.01724	0.02359	0.08993	0.03737	0.06954	0.03989	0.02414	0.05592	0.08157	0.01771	0.00968	0.00811	0.00231	0.05251	0.00743	0.00448	0.00981
12	0.02248	0.02053	0.07802	0.05447	0.18417	0.01978	0.04193	0.30778	0.06791	0.03517	0.01699	0.01878	0.01277	0.00799	0.00742	0.00222	0.00858	0.00670	0.00573	0.08058

[dist]
# distance from previous block
# <min> <max>
6	10

[block]
# block no. 3 follows, 26 sequences, length 33
# corresponding to MSA columns:
# 137-169
name=unknown_D
#
# <colnr> <probs for GDERKNQSTAVLIFYWHMCP>
#	G	D	E	R	K	N	Q	S	T	A	V	L	I	F	Y	W	H	M	C	P
0	0.12164	0.01682	0.10978	0.01459	0.01974	0.03107	0.04758	0.06501	0.03993	0.18548	0.19914	0.03303	0.03073	0.01082	0.00773	0.00243	0.00693	0.04072	0.00690	0.00992
1	0.06611	0.01726	0.01920	0.01653	0.05406	0.01869	0.01266	0.39676	0.06513	0.08264	0.05428	0.05949	0.01904	0.01004	0.00742	0.00231	0.00714	0.00798	0.07185	0.01141
2	0.01701	0.01120	0.03607	0.01219	0.01571	0.00974	0.04423	0.05215	0.02053	0.15927	0.31478	0.09424	0.07037	0.01316	0.00822	0.00235	0.00527	0.01153	0.06823	0.03374
3	0.01918	0.07571	0.13356	0.03504	0.02181	0.01606	0.01411	0.11788	0.05663	0.08044	0.05796	0.02079	0.01645	0.00829	0.00767	0.00200	0.04507	0.00637	0.04899	0.21600
4	0.00959	0.00679	0.00892	0.01048	0.01094	0.00642	0.00704	0.01088	0.01429	0.01902	0.03974	0.62047	0.04734	0.10203	0.01292	0.00357	0.00486	0.05190	0.00677	0.00603
5	0.01573	0.01348	0.01573	0.01123	0.01798	0.01011	0.00899	0.01910	0.01573	0.02472	0.01348	0.01573	0.01123	0.00562	0.00562	0.00112	0.00562	0.00449	0.00449	0.77980
6	0.01586	0.02442	0.30011	0.01643	0.02465	0.01399	0.03817	0.05324	0.01737	0.02602	0.06581	0.01931	0.01534	0.00725	0.00675	0.00186	0.00817	0.00594	0.00439	0.33494
7	0.74601	0.01597	0.04743	0.01059	0.01563	0.01705	0.00927	0.02239	0.01307	0.03350	0.01072	0.01252	0.00829	0.00705	0.00483	0.00235	0.00615	0.00419	0.00461	0.00837
8	0.00924	0.00660	0.00880	0.01056	0.01100	0.00616	0.00704	0.01056	0.01452	0.01936	0.04181	0.72848	0.05017	0.02376	0.00968	0.00308	0.00440	0.02156	0.00704	0.00616
9	0.01768	0.01342	0.01705	0.01820	0.12936	0.01388	0.01200	0.12585	0.13952	0.06667	0.23699	0.05487	0.07484	0.01196	0.00810	0.00239	0.00589	0.01031	0.03100	0.01001
10	0.00994	0.00714	0.00943	0.01008	0.01116	0.00663	0.00710	0.01232	0.01778	0.02455	0.34201	0.41351	0.06020	0.01989	0.00934	0.00275	0.00402	0.01788	0.00765	0.00663
11	0.01035	0.00726	0.00964	0.00994	0.01112	0.00676	0.00708	0.01266	0.01820	0.02529	0.40626	0.29927	0.06005	0.01921	0.01053	0.05210	0.00407	0.01612	0.00755	0.00655
12	0.01548	0.07655	0.65919	0.02116	0.03212	0.01828	0.02722	0.02395	0.01598	0.02369	0.01345	0.01581	0.00962	0.00717	0.00708	0.00236	0.01104	0.00552	0.00321	0.01113
13	0.06341	0.49762	0.16527	0.01497	0.02217	0.04928	0.01580	0.05728	0.01668	0.02160	0.01160	0.01331	0.00979	0.00685	0.00553	0.00186	0.00879	0.00454	0.00357	0.01008
14	0.01102	0.00739	0.00847	0.00847	0.00854	0.00746	0.00484	0.01116	0.01109	0.01485	0.02372	0.04863	0.02714	0.69922	0.07222	0.00760	0.00801	0.01088	0.00457	0.00471
15	0.01057	0.00769	0.00994	0.00950	0.01126	0.00706	0.00708	0.01394	0.02088	0.02932	0.61686	0.09399	0.10117	0.01614	0.00899	0.00243	0.00364	0.01426	0.00821	0.00706
16	0.02740	0.02030	0.02170	0.01691	0.02266	0.02252	0.01388	0.58053	0.09488	0.04563	0.01962	0.01950	0.01409	0.00921	0.00752	0.00229	0.00796	0.00700	0.03378	0.01262
17	0.01740	0.01350	0.01797	0.01342	0.01939	0.01104	0.06848	0.04228	0.01738	0.09046	0.05130	0.07561	0.01817	0.00811	0.00667	0.00163	0.00625	0.00710	0.00541	0.50843
18	0.01542	0.06773	0.66744	0.02127	0.03228	0.01812	0.02741	0.02397	0.01599	0.02377	0.01349	0.01586	0.00961	0.00718	0.00711	0.00237	0.01108	0.00554	0.00320	0.01115
19	0.01521	0.03923	0.69413	0.02162	0.03283	0.01762	0.02802	0.02402	0.01601	0.02402	0.01361	0.01601	0.00961	0.00721	0.00721	0.00240	0.01121	0.00560	0.00320	0.01121
20	0.01521	0.03923	0.69413	0.02162	0.03283	0.01762	0.02802	0.02402	0.01601	0.02402	0.01361	0.01601	0.00961	0.00721	0.00721	0.00240	0.01121	0.00560	0.00320	0.01121
21	0.02632	0.04177	0.01673	0.01305	0.01777	0.01199	0.01064	0.05019	0.07766	0.42757	0.06632	0.08791	0.06043	0.01194	0.00798	0.00247	0.00612	0.04349	0.00844	0.01121
22	0.06312	0.01369	0.04469	0.11348	0.02689	0.01296	0.21685	0.01808	0.01584	0.04171	0.02630	0.31808	0.02754	0.01403	0.00871	0.00275	0.00822	0.01351	0.00532	0.00825
23	0.00923	0.00665	0.00875	0.01042	0.01097	0.00617	0.00698	0.01058	0.01465	0.01942	0.04348	0.69721	0.08036	0.02355	0.00965	0.00306	0.00437	0.02130	0.00704	0.00617
24	0.00924	0.00660	0.00880	0.01056	0.01100	0.00616	0.00704	0.01056	0.01452	0.01936	0.04181	0.72848	0.05017	0.02376	0.00968	0.00308	0.00440	0.02156	0.00704	0.00616
25	0.06737	0.06248	0.12342	0.01932	0.05636	0.03883	0.11973	0.03057	0.03824	0.33463	0.02160	0.02128	0.01463	0.00813	0.00743	0.00234	0.00861	0.00703	0.00645	0.01157
26	0.03341	0.01391	0.01822	0.01397	0.01986	0.01264	0.01154	0.11200	0.02339	0.61397	0.02852	0.02490	0.01807	0.00935	0.00762	0.00234	0.00668	0.00753	0.00917	0.01291
27	0.01044	0.00808	0.00958	0.00939	0.01141	0.00746	0.00696	0.01423	0.05614	0.02596	0.37278	0.13903	0.26586	0.01739	0.00897	0.00253	0.00390	0.01509	0.00773	0.00707
28	0.02028	0.73799	0.03975	0.01298	0.01947	0.03001	0.01298	0.02271	0.01541	0.01785	0.01055	0.01217	0.00973	0.00649	0.00487	0.00162	0.00811	0.00406	0.00324	0.00973
29	0.01322	0.00687	0.01041	0.03886	0.01162	0.00701	0.00718	0.01027	0.01010	0.01343	0.01319	0.02294	0.01305	0.02558	0.02874	0.74740	0.00673	0.00659	0.00330	0.00350
30	0.06529	0.01747	0.01916	0.01637	0.04116	0.01921	0.01272	0.34507	0.18659	0.07223	0.06496	0.06341	0.02126	0.01046	0.00767	0.00241	0.00704	0.00842	0.00745	0.01165
31	0.02486	0.01973	0.05440	0.01607	0.02202	0.01982	0.01357	0.43836	0.08262	0.06232	0.01908	0.02047	0.01431	0.04584	0.00891	0.00242	0.00782	0.00684	0.00688	0.11365
32	0.06046	0.05629	0.01988	0.03752	0.01980	0.01930	0.01318	0.09706	0.16918	0.07566	0.02017	0.06573	0.01694	0.01137	0.01297	0.00269	0.23880	0.00788	0.04522	0.00990

[dist]
# distance from previous block
# <min> <max>
2	7

[block]
# block no. 4 follows, 26 sequences, length 6
# corresponding to MSA columns:
# 177-182
name=unknown_E
#
# <colnr> <probs for GDERKNQSTAVLIFYWHMCP>
#	G	D	E	R	K	N	Q	S	T	A	V	L	I	F	Y	W	H	M	C	P
0	0.18823	0.01176	0.01382	0.01142	0.01590	0.01116	0.00923	0.02685	0.01942	0.35444	0.16961	0.03337	0.08158	0.01099	0.00739	0.00237	0.00550	0.00886	0.00797	0.01014
1	0.01762	0.02147	0.08774	0.03038	0.03773	0.01937	0.56827	0.02384	0.01731	0.02384	0.01483	0.01987	0.01126	0.00695	0.01000	0.00260	0.06445	0.00855	0.00375	0.01016
2	0.01826	0.01750	0.02987	0.12331	0.61336	0.01789	0.02302	0.02283	0.01703	0.02416	0.01418	0.01894	0.01180	0.00685	0.00752	0.00228	0.00914	0.00676	0.00371	0.01160
3	0.02421	0.01556	0.09522	0.01441	0.01963	0.01284	0.01287	0.07273	0.07259	0.34109	0.05534	0.02663	0.02013	0.01964	0.15662	0.00448	0.00994	0.00780	0.00722	0.01106
4	0.01151	0.00882	0.01082	0.01184	0.01319	0.00906	0.00846	0.01728	0.15559	0.02224	0.03935	0.53444	0.04394	0.02069	0.00932	0.00300	0.00492	0.06088	0.00718	0.00747
5	0.01667	0.01581	0.02584	0.03823	0.54140	0.01553	0.01953	0.02062	0.01727	0.02386	0.02767	0.03038	0.15569	0.00942	0.00782	0.00232	0.00790	0.00874	0.00446	0.01081

[dist]
# distance from previous block
# <min> <max>
0	14

[block]
# block no. 5 follows, 26 sequences, length 47
# corresponding to MSA columns:
# 197-243
name=unknown_F
#
# <colnr> <probs for GDERKNQSTAVLIFYWHMCP>
#	G	D	E	R	K	N	Q	S	T	A	V	L	I	F	Y	W	H	M	C	P
0	0.02472	0.02990	0.01932	0.01760	0.02128	0.52767	0.01325	0.02904	0.09445	0.02138	0.08813	0.02196	0.04082	0.00931	0.00724	0.00209	0.01140	0.00663	0.00492	0.00890
1	0.02895	0.03365	0.02108	0.01889	0.02301	0.62864	0.01428	0.03101	0.02152	0.09086	0.01368	0.01498	0.01074	0.00799	0.00692	0.00200	0.01290	0.00518	0.00450	0.00924
2	0.02707	0.03405	0.02168	0.01958	0.02307	0.62993	0.01486	0.02900	0.02043	0.01853	0.01153	0.01399	0.00979	0.00840	0.00878	0.00210	0.08953	0.00507	0.00384	0.00874
3	0.01154	0.00885	0.01228	0.01346	0.08381	0.00830	0.00884	0.01516	0.02088	0.02948	0.58992	0.05314	0.08580	0.01469	0.00879	0.00238	0.00417	0.01305	0.00781	0.00765
4	0.01962	0.65945	0.03624	0.01234	0.01833	0.02755	0.01215	0.02217	0.01547	0.01897	0.01207	0.01390	0.01078	0.00674	0.00491	0.00164	0.00762	0.00438	0.08624	0.00945
5	0.01719	0.01616	0.02687	0.03971	0.56377	0.01600	0.02025	0.02140	0.01772	0.02507	0.09065	0.02684	0.06789	0.00862	0.00777	0.00229	0.00805	0.00819	0.00449	0.01108
6	0.02035	0.59571	0.03458	0.01294	0.01869	0.08866	0.01231	0.02286	0.01602	0.01903	0.01218	0.01404	0.01078	0.00686	0.00509	0.00167	0.00813	0.00445	0.08630	0.00936
7	0.01785	0.01710	0.02960	0.04150	0.56594	0.01694	0.06839	0.02239	0.01777	0.02535	0.08611	0.02297	0.01838	0.00767	0.00777	0.00229	0.00871	0.00767	0.00425	0.01136
8	0.01525	0.01297	0.01522	0.01119	0.01746	0.00982	0.00884	0.01847	0.01564	0.02432	0.01557	0.06828	0.01411	0.00696	0.00592	0.00127	0.00553	0.00575	0.00468	0.72276
9	0.00940	0.00672	0.00895	0.01045	0.01104	0.00627	0.00705	0.01096	0.01527	0.02055	0.11061	0.65629	0.05247	0.02288	0.00960	0.00301	0.00431	0.02072	0.00718	0.00627
10	0.01717	0.01320	0.01580	0.01178	0.01785	0.01070	0.00944	0.04770	0.01667	0.07604	0.01568	0.01812	0.01272	0.01157	0.08084	0.00246	0.00738	0.00523	0.00496	0.60471
11	0.33485	0.01484	0.01484	0.01206	0.01736	0.04377	0.00984	0.05206	0.01790	0.27868	0.02061	0.01998	0.03446	0.00827	0.00623	0.00220	0.00643	0.00599	0.00658	0.09304
12	0.75243	0.01433	0.01097	0.00984	0.01441	0.01657	0.00808	0.02209	0.01304	0.03377	0.01120	0.01304	0.00872	0.00712	0.00472	0.00232	0.00576	0.00424	0.03919	0.00816
13	0.00917	0.00689	0.00850	0.00980	0.01080	0.00623	0.00670	0.01065	0.01526	0.01966	0.05113	0.55405	0.21858	0.02255	0.00949	0.00294	0.00425	0.02008	0.00704	0.00623
14	0.01573	0.01348	0.01573	0.01123	0.01798	0.01011	0.00899	0.01910	0.01573	0.02472	0.01348	0.01573	0.01123	0.00562	0.00562	0.00112	0.00562	0.00449	0.00449	0.77980
15	0.05252	0.07413	0.19854	0.01918	0.02609	0.01561	0.16913	0.02345	0.01754	0.11453	0.08030	0.05593	0.02047	0.00928	0.00771	0.00237	0.00890	0.03773	0.00517	0.06141
16	0.01669	0.04580	0.40295	0.01837	0.02655	0.01501	0.06142	0.02314	0.01730	0.09593	0.11550	0.02489	0.02086	0.04301	0.00899	0.00257	0.00919	0.00742	0.00479	0.03962
17	0.01414	0.00707	0.00707	0.00707	0.00884	0.00707	0.00530	0.01767	0.01591	0.02828	0.02474	0.02828	0.01944	0.00884	0.00530	0.00177	0.00353	0.00707	0.77554	0.00707
18	0.06521	0.16564	0.01854	0.01274	0.01536	0.04646	0.03865	0.01619	0.01564	0.02123	0.09149	0.36570	0.03543	0.01616	0.00874	0.00259	0.03704	0.01389	0.00575	0.00756
19	0.01876	0.01396	0.04746	0.01182	0.01807	0.01031	0.00994	0.02208	0.01691	0.15916	0.02184	0.02314	0.06277	0.03179	0.00745	0.00175	0.00598	0.00625	0.00562	0.50495
20	0.01047	0.00759	0.00987	0.00962	0.01125	0.00699	0.00709	0.01368	0.02037	0.02856	0.57319	0.14894	0.09039	0.01677	0.00905	0.00249	0.00370	0.01487	0.00812	0.00699
21	0.00924	0.00660	0.00880	0.01056	0.01100	0.00616	0.00704	0.01056	0.01452	0.01936	0.04181	0.72848	0.05017	0.02376	0.00968	0.00308	0.00440	0.02156	0.00704	0.00616
22	0.01646	0.08612	0.42237	0.02423	0.05742	0.01932	0.17404	0.02358	0.01617	0.02326	0.01357	0.01691	0.01018	0.00734	0.00860	0.00243	0.05752	0.00638	0.00338	0.01071
23	0.01479	0.01396	0.02360	0.64476	0.11902	0.01698	0.02130	0.01979	0.01539	0.01995	0.01356	0.02007	0.01031	0.00750	0.00758	0.00250	0.01000	0.00674	0.00341	0.00880
24	0.01391	0.00710	0.00710	0.00710	0.00890	0.00704	0.00532	0.01737	0.01597	0.02793	0.02710	0.03030	0.04946	0.00931	0.00547	0.00180	0.00355	0.00747	0.74077	0.00704
25	0.00987	0.00715	0.00935	0.01020	0.01128	0.00663	0.00724	0.01209	0.01718	0.02335	0.26203	0.43233	0.09391	0.02056	0.00943	0.00283	0.00420	0.04632	0.00748	0.00655
26	0.01962	0.01899	0.07883	0.17802	0.29494	0.04364	0.04008	0.08846	0.01885	0.06819	0.01572	0.01946	0.01210	0.00768	0.00794	0.00234	0.02968	0.00673	0.03789	0.01083
27	0.04458	0.24760	0.18272	0.01880	0.04948	0.25019	0.01750	0.02527	0.01734	0.02029	0.01175	0.01410	0.00977	0.00755	0.00742	0.00207	0.05537	0.00496	0.00352	0.00971
28	0.42394	0.01803	0.01979	0.10616	0.05340	0.10025	0.10441	0.02379	0.01548	0.05384	0.01267	0.01546	0.00969	0.00719	0.00617	0.00235	0.00851	0.00548	0.00445	0.00895
29	0.01482	0.01429	0.01970	0.01735	0.01775	0.01917	0.01421	0.01655	0.01250	0.01854	0.02039	0.07789	0.08718	0.01764	0.06738	0.00381	0.54006	0.00890	0.00406	0.00783
30	0.01046	0.00871	0.00929	0.00918	0.01179	0.00801	0.00706	0.01479	0.08933	0.02284	0.12778	0.06745	0.50448	0.01800	0.00894	0.00261	0.00428	0.06062	0.00724	0.00713
31	0.02463	0.18077	0.04685	0.02074	0.10612	0.24566	0.01550	0.19889	0.02334	0.02766	0.03269	0.01652	0.01265	0.00795	0.00677	0.00203	0.01007	0.00574	0.00485	0.01055
32	0.00983	0.00767	0.00863	0.00841	0.01041	0.00678	0.00613	0.01213	0.01809	0.02339	0.28738	0.06455	0.39124	0.09757	0.01227	0.00303	0.00414	0.01463	0.00724	0.00647
33	0.01200	0.00899	0.01307	0.01639	0.09485	0.00884	0.01130	0.01446	0.01590	0.02114	0.03589	0.29356	0.04021	0.04336	0.01158	0.03697	0.00634	0.30169	0.00638	0.00708
34	0.01573	0.01348	0.01573	0.01123	0.01798	0.01011	0.00899	0.01910	0.01573	0.02472	0.01348	0.01573	0.01123	0.00562	0.00562	0.00112	0.00562	0.00449	0.00449	0.77980
35	0.02028	0.73799	0.03975	0.01298	0.01947	0.03001	0.01298	0.02271	0.01541	0.01785	0.01055	0.01217	0.00973	0.00649	0.00487	0.00162	0.00811	0.00406	0.00324	0.00973
36	0.01790	0.02046	0.04476	0.03197	0.03964	0.01918	0.65857	0.02430	0.01790	0.02430	0.01535	0.02046	0.01151	0.00639	0.00895	0.00256	0.01279	0.00895	0.00384	0.01023
37	0.00924	0.00660	0.00880	0.01056	0.01100	0.00616	0.00704	0.01056	0.01452	0.01936	0.04181	0.72848	0.05017	0.02376	0.00968	0.00308	0.00440	0.02156	0.00704	0.00616
38	0.01887	0.01629	0.01715	0.01544	0.01972	0.01887	0.01201	0.04031	0.67241	0.03173	0.03087	0.02830	0.02315	0.01029	0.00772	0.00257	0.00600	0.00858	0.00772	0.01201
39	0.01066	0.00775	0.01003	0.00946	0.01128	0.00712	0.00709	0.01416	0.02128	0.02997	0.65503	0.05739	0.09893	0.01567	0.00895	0.00239	0.00359	0.01382	0.00829	0.00712
40	0.02833	0.03615	0.02149	0.01954	0.02345	0.70298	0.01466	0.03029	0.02149	0.01856	0.01172	0.01368	0.00977	0.00782	0.00684	0.00195	0.01368	0.00489	0.00391	0.00879
41	0.01779	0.02128	0.07295	0.03152	0.03935	0.01911	0.63119	0.02428	0.01782	0.02428	0.01527	0.02027	0.01143	0.00643	0.00888	0.00255	0.01272	0.00881	0.00381	0.01027
42	0.01084	0.00813	0.01219	0.01219	0.01354	0.00948	0.00948	0.01354	0.01219	0.01761	0.02032	0.02980	0.01896	0.05689	0.70337	0.01219	0.02032	0.00813	0.00406	0.00677
43	0.01618	0.03250	0.46130	0.02533	0.03527	0.01818	0.25410	0.02412	0.01669	0.02412	0.01423	0.01761	0.01029	0.00692	0.00783	0.00246	0.01178	0.00680	0.00343	0.01086
44	0.02586	0.01832	0.02055	0.04024	0.02275	0.01924	0.01316	0.43369	0.04963	0.10627	0.01946	0.03764	0.01442	0.00893	0.00733	0.00213	0.00759	0.00696	0.00710	0.13873
45	0.78701	0.01467	0.01115	0.00997	0.01467	0.01702	0.00821	0.02230	0.01291	0.03403	0.01056	0.01232	0.00821	0.00704	0.00469	0.00235	0.00587	0.00411	0.00469	0.00821
46	0.01790	0.02046	0.04476	0.03197	0.03964	0.01918	0.65857	0.02430	0.01790	0.02430	0.01535	0.02046	0.01151	0.00639	0.00895	0.00256	0.01279	0.00895	0.00384	0.01023

[dist]
# distance from previous block
# <min> <max>
0	6

[block]
# block no. 6 follows, 26 sequences, length 76
# corresponding to MSA columns:
# 250-325
name=unknown_G
#
# <colnr> <probs for GDERKNQSTAVLIFYWHMCP>
#	G	D	E	R	K	N	Q	S	T	A	V	L	I	F	Y	W	H	M	C	P
0	0.78701	0.01467	0.01115	0.00997	0.01467	0.01702	0.00821	0.02230	0.01291	0.03403	0.01056	0.01232	0.00821	0.00704	0.00469	0.00235	0.00587	0.00411	0.00469	0.00821
1	0.00896	0.00768	0.00768	0.00768	0.01025	0.00640	0.00576	0.01089	0.01729	0.02049	0.07684	0.07300	0.68304	0.01921	0.00896	0.00256	0.00384	0.01601	0.00704	0.00640
2	0.01573	0.01348	0.01573	0.01123	0.01798	0.01011	0.00899	0.01910	0.01573	0.02472	0.01348	0.01573	0.01123	0.00562	0.00562	0.00112	0.00562	0.00449	0.00449	0.77980
3	0.01566	0.01348	0.01607	0.04579	0.01966	0.01044	0.00958	0.01911	0.01570	0.02445	0.01348	0.01595	0.01118	0.00571	0.00571	0.00119	0.00584	0.00460	0.00444	0.74194
4	0.01659	0.01659	0.02323	0.01991	0.01991	0.02323	0.01659	0.01825	0.01162	0.01825	0.00996	0.01659	0.00996	0.01328	0.02489	0.00332	0.71955	0.00664	0.00332	0.00830
5	0.01041	0.00774	0.00969	0.00920	0.01113	0.00702	0.00690	0.01369	0.02071	0.02860	0.57141	0.05965	0.18340	0.01618	0.00895	0.00242	0.00363	0.01414	0.00811	0.00702
6	0.02028	0.73799	0.03975	0.01298	0.01947	0.03001	0.01298	0.02271	0.01541	0.01785	0.01055	0.01217	0.00973	0.00649	0.00487	0.00162	0.00811	0.00406	0.00324	0.00973
7	0.01887	0.01629	0.01715	0.01544	0.01972	0.01887	0.01201	0.04031	0.67241	0.03173	0.03087	0.02830	0.02315	0.01029	0.00772	0.00257	0.00600	0.00858	0.00772	0.01201
8	0.01659	0.01659	0.02323	0.01991	0.01991	0.02323	0.01659	0.01825	0.01162	0.01825	0.00996	0.01659	0.00996	0.01328	0.02489	0.00332	0.71955	0.00664	0.00332	0.00830
9	0.02883	0.02125	0.02276	0.01745	0.02352	0.02352	0.01442	0.66082	0.03566	0.04780	0.01821	0.01821	0.01290	0.00911	0.00759	0.00228	0.00835	0.00683	0.00759	0.01290
10	0.03082	0.01301	0.01727	0.01310	0.01912	0.01097	0.01077	0.03383	0.02066	0.57444	0.02704	0.02405	0.01745	0.00873	0.00728	0.00213	0.00631	0.00708	0.00853	0.14742
11	0.01103	0.00735	0.00827	0.00827	0.00827	0.00735	0.00460	0.01103	0.01103	0.01471	0.02390	0.04964	0.02758	0.73343	0.03861	0.00735	0.00735	0.01103	0.00460	0.00460
12	0.01521	0.03923	0.69413	0.02162	0.03283	0.01762	0.02802	0.02402	0.01601	0.02402	0.01361	0.01601	0.00961	0.00721	0.00721	0.00240	0.01121	0.00560	0.00320	0.01121
13	0.01988	0.68285	0.09139	0.01366	0.02052	0.02903	0.01417	0.02282	0.01546	0.01833	0.01079	0.01247	0.00972	0.00655	0.00505	0.00168	0.00836	0.00418	0.00324	0.00985
14	0.01812	0.01559	0.01666	0.01476	0.01918	0.01736	0.01146	0.03669	0.57075	0.03043	0.02930	0.05458	0.02285	0.01029	0.00755	0.00243	0.00590	0.00862	0.00732	0.10018
15	0.00898	0.00763	0.00773	0.00782	0.01028	0.00639	0.00582	0.01087	0.01716	0.02044	0.07524	0.10289	0.65418	0.01942	0.00900	0.00258	0.00387	0.01626	0.00704	0.00639
16	0.00945	0.00683	0.00899	0.01064	0.01130	0.00637	0.00735	0.01096	0.01491	0.01968	0.04384	0.64056	0.08859	0.02328	0.00970	0.00308	0.00456	0.06667	0.00704	0.00624
17	0.02883	0.02125	0.02276	0.01745	0.02352	0.02352	0.01442	0.66082	0.03566	0.04780	0.01821	0.01821	0.01290	0.00911	0.00759	0.00228	0.00835	0.00683	0.00759	0.01290
18	0.00924	0.00660	0.00880	0.01056	0.01100	0.00616	0.00704	0.01056	0.01452	0.01936	0.04181	0.72848	0.05017	0.02376	0.00968	0.00308	0.00440	0.02156	0.00704	0.00616
19	0.02883	0.02125	0.02276	0.01745	0.02352	0.02352	0.01442	0.66082	0.03566	0.04780	0.01821	0.01821	0.01290	0.00911	0.00759	0.00228	0.00835	0.00683	0.00759	0.01290
20	0.00924	0.00660	0.00880	0.01056	0.01100	0.00616	0.00704	0.01056	0.01452	0.01936	0.04181	0.72848	0.05017	0.02376	0.00968	0.00308	0.00440	0.02156	0.00704	0.00616
21	0.78701	0.01467	0.01115	0.00997	0.01467	0.01702	0.00821	0.02230	0.01291	0.03403	0.01056	0.01232	0.00821	0.00704	0.00469	0.00235	0.00587	0.00411	0.00469	0.00821
22	0.03368	0.01348	0.01795	0.01377	0.01965	0.01199	0.01137	0.07955	0.02266	0.64744	0.02912	0.02530	0.01837	0.00937	0.00763	0.00234	0.00658	0.00757	0.00927	0.01291
23	0.01845	0.01814	0.03227	0.07512	0.57167	0.01812	0.10723	0.02324	0.01726	0.02447	0.01437	0.01906	0.01186	0.00675	0.00770	0.00231	0.00956	0.00705	0.00375	0.01161
24	0.01961	0.01577	0.01687	0.01504	0.01938	0.01791	0.01174	0.03909	0.60463	0.07808	0.03233	0.02960	0.04469	0.01052	0.00775	0.00256	0.00596	0.00875	0.00781	0.01188
25	0.01066	0.00770	0.01007	0.00959	0.01132	0.00711	0.00715	0.01413	0.02113	0.02987	0.65069	0.08963	0.07052	0.01591	0.00898	0.00242	0.00362	0.01410	0.00829	0.00711
26	0.01222	0.00873	0.01222	0.01397	0.01572	0.00873	0.01222	0.01572	0.01746	0.02270	0.04016	0.08556	0.04365	0.02095	0.01048	0.00349	0.00698	0.63506	0.00698	0.00698
27	0.05109	0.34509	0.37692	0.01732	0.02617	0.02303	0.02055	0.02337	0.01561	0.02175	0.01213	0.01416	0.00960	0.00688	0.00607	0.00206	0.00962	0.00486	0.00329	0.01043
28	0.01103	0.00735	0.00827	0.00827	0.00827	0.00735	0.00460	0.01103	0.01103	0.01471	0.02390	0.04964	0.02758	0.73343	0.03861	0.00735	0.00735	0.01103	0.00460	0.00460
29	0.01692	0.01543	0.02489	0.60254	0.13831	0.01793	0.02180	0.02117	0.01664	0.02193	0.01557	0.02264	0.01229	0.00879	0.00839	0.00285	0.01050	0.00735	0.00413	0.00992
30	0.01711	0.01745	0.02316	0.01990	0.02007	0.05282	0.01651	0.01878	0.01205	0.01827	0.01003	0.01647	0.00995	0.01304	0.02411	0.00326	0.68883	0.00656	0.00334	0.00832
31	0.01592	0.01365	0.01582	0.01149	0.01808	0.01065	0.00917	0.02040	0.05610	0.02515	0.01455	0.01650	0.01197	0.00590	0.00575	0.00121	0.00564	0.00474	0.00469	0.73260
32	0.02008	0.71032	0.06566	0.01332	0.02000	0.02952	0.01357	0.02276	0.01544	0.01809	0.01067	0.01232	0.00973	0.00652	0.00496	0.00165	0.00823	0.00412	0.00324	0.00979
