[name]
unknown

[dist]
# distance from previous block
# <min> <max>
0	14

[block]
# block no. 0 follows, 25 sequences, length 8
# corresponding to MSA columns:
# 14-21
name=unknown_A
#
# <colnr> <probs for GDERKNQSTAVLIFYWHMCP>
#	G	D	E	R	K	N	Q	S	T	A	V	L	I	F	Y	W	H	M	C	P
0	0.07817	0.02281	0.25012	0.03546	0.02598	0.01556	0.10644	0.02457	0.05650	0.08017	0.02004	0.02576	0.01582	0.00918	0.00813	0.00250	0.03555	0.05390	0.12322	0.01010
1	0.17550	0.19718	0.12313	0.01422	0.02040	0.01946	0.01366	0.10831	0.01851	0.07451	0.01771	0.09895	0.01570	0.00945	0.00651	0.00221	0.00759	0.00718	0.00521	0.06459
2	0.02248	0.10079	0.02167	0.08081	0.02309	0.01912	0.01313	0.28105	0.07493	0.08182	0.12561	0.05159	0.02477	0.01045	0.00768	0.00231	0.00733	0.00844	0.00697	0.03597
3	0.07804	0.02124	0.19809	0.38501	0.04093	0.01825	0.02178	0.02117	0.01510	0.02215	0.01313	0.01841	0.01002	0.00832	0.00959	0.00263	0.09696	0.00635	0.00350	0.00933
4	0.16284	0.22575	0.30544	0.01762	0.02577	0.07525	0.04160	0.02437	0.01611	0.02431	0.01237	0.01454	0.00967	0.00715	0.00625	0.00219	0.00981	0.00507	0.00365	0.01023
5	0.01988	0.17735	0.37747	0.02206	0.10490	0.01972	0.02235	0.02613	0.01725	0.12009	0.01579	0.01736	0.01151	0.00749	0.00697	0.00226	0.00982	0.00584	0.00428	0.01150
6	0.01297	0.00674	0.00996	0.01019	0.01024	0.00668	0.00679	0.01019	0.01069	0.01425	0.01708	0.10974	0.01813	0.02661	0.02779	0.67931	0.00646	0.00862	0.00384	0.00373
7	0.02064	0.01847	0.02227	0.06733	0.02558	0.05071	0.08859	0.13215	0.36191	0.03204	0.02406	0.02405	0.01806	0.00916	0.00780	0.00243	0.00797	0.00789	0.00664	0.07226

[dist]
# distance from previous block
# <min> <max>
0	1

[block]
# block no. 1 follows, 25 sequences, length 94
# corresponding to MSA columns:
# 23-116
name=unknown_B
#
# <colnr> <probs for GDERKNQSTAVLIFYWHMCP>
#	G	D	E	R	K	N	Q	S	T	A	V	L	I	F	Y	W	H	M	C	P
0	0.00945	0.00675	0.00900	0.01080	0.01125	0.00630	0.00720	0.01080	0.01484	0.01979	0.04274	0.72245	0.05128	0.02429	0.00990	0.00315	0.00450	0.02204	0.00720	0.00630
1	0.00954	0.00679	0.00897	0.01068	0.01111	0.00636	0.00707	0.01082	0.01466	0.01955	0.04181	0.68860	0.05012	0.05972	0.01139	0.00337	0.00465	0.02150	0.00707	0.00622
2	0.04683	0.00785	0.00939	0.00988	0.01081	0.00758	0.00649	0.01313	0.01425	0.05426	0.06277	0.34590	0.06679	0.28473	0.02053	0.00465	0.00574	0.01586	0.00634	0.00621
3	0.01347	0.00673	0.01010	0.01010	0.01010	0.00673	0.00673	0.01010	0.01010	0.01347	0.01347	0.02357	0.01347	0.02694	0.03030	0.77441	0.00673	0.00673	0.00337	0.00337
4	0.01929	0.01666	0.01753	0.01578	0.02016	0.01929	0.01227	0.04120	0.66513	0.03243	0.03156	0.02893	0.02367	0.01052	0.00789	0.00263	0.00614	0.00877	0.00789	0.01227
5	0.12824	0.01799	0.01893	0.01527	0.02030	0.01981	0.01226	0.39584	0.08533	0.07470	0.02091	0.05268	0.01679	0.07377	0.01029	0.00287	0.00761	0.00785	0.00717	0.01140
6	0.01092	0.00728	0.00961	0.01062	0.01154	0.00677	0.00728	0.01269	0.01628	0.05046	0.15692	0.53688	0.05273	0.05754	0.01116	0.00321	0.00459	0.01942	0.00742	0.00670
7	0.03479	0.01320	0.01799	0.01380	0.01979	0.01140	0.01140	0.03779	0.02219	0.68451	0.03059	0.02639	0.01919	0.00960	0.00780	0.00240	0.00660	0.00780	0.00960	0.01320
8	0.01089	0.00792	0.01025	0.00967	0.01153	0.00728	0.00725	0.01447	0.02175	0.03063	0.64805	0.05867	0.10045	0.01602	0.00915	0.00245	0.00367	0.01413	0.00847	0.00728
9	0.01085	0.00771	0.00951	0.00992	0.01163	0.00694	0.00723	0.01314	0.01795	0.04827	0.21951	0.30555	0.23776	0.02003	0.00944	0.00280	0.00430	0.04290	0.00764	0.00693
10	0.01172	0.00795	0.01038	0.01006	0.01186	0.00729	0.00743	0.01488	0.02053	0.05856	0.51112	0.17707	0.08724	0.01722	0.00922	0.00257	0.00395	0.01527	0.00830	0.00737
11	0.01608	0.01378	0.01608	0.01148	0.01837	0.01034	0.00919	0.01952	0.01608	0.02527	0.01378	0.01608	0.01148	0.00574	0.00574	0.00115	0.00574	0.00459	0.00459	0.77491
12	0.01089	0.00792	0.01025	0.00967	0.01153	0.00728	0.00725	0.01448	0.02176	0.03064	0.64862	0.05866	0.09987	0.01602	0.00915	0.00245	0.00367	0.01413	0.00848	0.00728
13	0.01203	0.00798	0.00950	0.00968	0.01170	0.00704	0.00699	0.01396	0.01727	0.08692	0.11072	0.29952	0.31426	0.04297	0.01027	0.00293	0.00449	0.01718	0.00747	0.00712
14	0.00931	0.00764	0.00809	0.00841	0.01052	0.00655	0.00607	0.01107	0.01687	0.02046	0.06958	0.19043	0.53323	0.05328	0.01070	0.00294	0.00420	0.01715	0.00708	0.00642
15	0.01929	0.01666	0.01753	0.01578	0.02016	0.01929	0.01227	0.04120	0.66513	0.03243	0.03156	0.02893	0.02367	0.01052	0.00789	0.00263	0.00614	0.00877	0.00789	0.01227
16	0.00953	0.00678	0.00897	0.01069	0.01112	0.00635	0.00709	0.01082	0.01469	0.01959	0.04194	0.69315	0.05027	0.05496	0.01119	0.00334	0.00463	0.02157	0.00709	0.00623
17	0.01347	0.00673	0.01010	0.01010	0.01010	0.00673	0.00673	0.01010	0.01010	0.01347	0.01347	0.02357	0.01347	0.02694	0.03030	0.77441	0.00673	0.00673	0.00337	0.00337
18	0.01445	0.00723	0.00723	0.00723	0.00903	0.00723	0.00542	0.01807	0.01626	0.02891	0.02529	0.02891	0.01987	0.00903	0.00542	0.00181	0.00361	0.00723	0.77055	0.00723
19	0.06230	0.02142	0.02275	0.01751	0.02365	0.02375	0.01446	0.62579	0.03544	0.04825	0.01827	0.01835	0.01298	0.00922	0.00763	0.00233	0.00842	0.00686	0.00763	0.01298
20	0.02288	0.01096	0.01397	0.01162	0.01535	0.00997	0.00898	0.05440	0.02045	0.33397	0.17343	0.04153	0.09077	0.14004	0.01387	0.00334	0.00597	0.01050	0.00819	0.00981
21	0.01797	0.02027	0.04370	0.09424	0.04170	0.01939	0.59367	0.02438	0.01805	0.02438	0.01551	0.02089	0.01163	0.00665	0.00902	0.00261	0.01282	0.00894	0.00388	0.01029
22	0.01464	0.01378	0.02326	0.70887	0.05340	0.01723	0.02153	0.01981	0.01550	0.01981	0.01378	0.02067	0.01034	0.00775	0.00775	0.00258	0.01034	0.00689	0.00345	0.00861
23	0.02668	0.02015	0.02200	0.01679	0.02291	0.02159	0.01382	0.51950	0.03202	0.04367	0.01748	0.01811	0.01278	0.00881	0.00797	0.00215	0.03092	0.00655	0.00705	0.14906
24	0.01862	0.02015	0.09075	0.08010	0.58740	0.01832	0.02412	0.02365	0.01742	0.02497	0.01448	0.01901	0.01196	0.00699	0.00765	0.00233	0.00948	0.00680	0.00377	0.01201
25	0.01459	0.01349	0.02271	0.67980	0.05160	0.01679	0.02092	0.01941	0.01528	0.01955	0.01377	0.02079	0.01047	0.00855	0.00869	0.03469	0.01019	0.00688	0.00344	0.00840
26	0.02046	0.01780	0.02998	0.06569	0.59907	0.01774	0.02259	0.02494	0.01800	0.08517	0.01602	0.01989	0.01285	0.00718	0.00769	0.00232	0.00901	0.00699	0.00435	0.01225
27	0.01674	0.01363	0.01504	0.01361	0.01719	0.01490	0.01064	0.08246	0.35276	0.03200	0.20374	0.04269	0.09335	0.01318	0.00847	0.00260	0.00555	0.04321	0.00795	0.01028
28	0.01607	0.01548	0.02470	0.08317	0.02540	0.01890	0.12860	0.04788	0.01486	0.02129	0.01645	0.08922	0.01585	0.01840	0.10527	0.00428	0.33244	0.00892	0.00417	0.00865
29	0.01128	0.00838	0.01133	0.04130	0.01551	0.00822	0.01048	0.01408	0.01692	0.02182	0.04581	0.25403	0.13660	0.02137	0.01014	0.00328	0.00609	0.34946	0.00701	0.00689
30	0.01905	0.01867	0.02996	0.13283	0.56691	0.04968	0.02309	0.02361	0.01757	0.02431	0.01436	0.01914	0.01192	0.00707	0.00765	0.00233	0.00958	0.00682	0.00379	0.01165
31	0.05485	0.48608	0.20929	0.01628	0.02415	0.02625	0.04475	0.02362	0.01591	0.02096	0.01182	0.01385	0.00992	0.00685	0.00578	0.00194	0.00922	0.00478	0.00340	0.01030
32	0.01057	0.00734	0.00854	0.00903	0.00941	0.00709	0.00549	0.01113	0.01287	0.01690	0.03469	0.23420	0.09814	0.46827	0.02851	0.00586	0.00635	0.01468	0.00562	0.00531
33	0.01163	0.00805	0.00917	0.00883	0.00948	0.00772	0.00521	0.01201	0.01187	0.01617	0.02425	0.07643	0.02766	0.63160	0.03512	0.00675	0.00723	0.01113	0.00480	0.07489
34	0.01464	0.01378	0.02326	0.70887	0.05340	0.01723	0.02153	0.01981	0.01550	0.01981	0.01378	0.02067	0.01034	0.00775	0.00775	0.00258	0.01034	0.00689	0.00345	0.00861
35	0.02009	0.01770	0.03065	0.10801	0.50355	0.01777	0.07575	0.02477	0.01791	0.08476	0.01606	0.02014	0.01268	0.00720	0.00782	0.00237	0.00941	0.00718	0.00433	0.01185
36	0.02947	0.02172	0.02327	0.01784	0.02404	0.02404	0.01474	0.65329	0.03646	0.04887	0.01862	0.01862	0.01319	0.00931	0.00776	0.00233	0.00853	0.00698	0.00776	0.01319
37	0.01858	0.01780	0.03037	0.13649	0.59502	0.01826	0.02349	0.02326	0.01737	0.02459	0.01448	0.01939	0.01202	0.00702	0.00769	0.00234	0.00936	0.00691	0.00379	0.01179
38	0.01696	0.01696	0.02375	0.02036	0.02036	0.02375	0.01696	0.01866	0.01187	0.01866	0.01018	0.01696	0.01018	0.01357	0.02545	0.00339	0.71332	0.00679	0.00339	0.00848
39	0.63681	0.05256	0.01330	0.01073	0.01545	0.01779	0.00887	0.02427	0.07283	0.03343	0.01336	0.01484	0.01041	0.00756	0.00512	0.00235	0.00602	0.00475	0.04079	0.00878
40	0.01347	0.00673	0.01010	0.01010	0.01010	0.00673	0.00673	0.01010	0.01010	0.01347	0.01347	0.02357	0.01347	0.02694	0.03030	0.77441	0.00673	0.00673	0.00337	0.00337
41	0.01669	0.01669	0.02471	0.11989	0.02605	0.02262	0.04725	0.01911	0.01270	0.01911	0.01095	0.01768	0.01027	0.01241	0.02214	0.00324	0.57956	0.00691	0.00342	0.00859
42	0.01120	0.00827	0.01227	0.01227	0.01367	0.00960	0.00954	0.01400	0.01260	0.01839	0.02093	0.03040	0.01940	0.05637	0.67174	0.01208	0.02015	0.00827	0.03192	0.00693
43	0.01929	0.01666	0.01753	0.01578	0.02016	0.01929	0.01227	0.04120	0.66513	0.03243	0.03156	0.02893	0.02367	0.01052	0.00789	0.00263	0.00614	0.00877	0.00789	0.01227
44	0.02073	0.73217	0.04063	0.01327	0.01990	0.03068	0.01327	0.02322	0.01575	0.01824	0.01078	0.01244	0.00995	0.00663	0.00498	0.00166	0.00829	0.00415	0.00332	0.00995
45	0.00945	0.00675	0.00900	0.01080	0.01125	0.00630	0.00720	0.01080	0.01484	0.01979	0.04274	0.72245	0.05128	0.02429	0.00990	0.00315	0.00450	0.02204	0.00720	0.00630
46	0.01128	0.00752	0.00846	0.00846	0.00846	0.00752	0.00470	0.01128	0.01128	0.01503	0.02443	0.05074	0.02819	0.72751	0.03946	0.00752	0.00752	0.01128	0.00470	0.00470
47	0.09762	0.03296	0.02118	0.01881	0.02316	0.54670	0.01435	0.11154	0.02307	0.02432	0.01274	0.01446	0.01026	0.00809	0.00689	0.00208	0.01254	0.00518	0.00456	0.00948
48	0.01919	0.01842	0.03147	0.04759	0.67914	0.01842	0.02380	0.02380	0.01765	0.02533	0.01458	0.01919	0.01228	0.00691	0.00768	0.00230	0.00921	0.00691	0.00384	0.01228
49	0.01608	0.01378	0.01608	0.01148	0.01837	0.01034	0.00919	0.01952	0.01608	0.02527	0.01378	0.01608	0.01148	0.00574	0.00574	0.00115	0.00574	0.00459	0.00459	0.77491
50	0.01929	0.01666	0.01753	0.01578	0.02016	0.01929	0.01227	0.04120	0.66513	0.03243	0.03156	0.02893	0.02367	0.01052	0.00789	0.00263	0.00614	0.00877	0.00789	0.01227
51	0.01108	0.00831	0.01246	0.01246	0.01385	0.00969	0.00969	0.01385	0.01246	0.01800	0.02077	0.03046	0.01938	0.05815	0.69678	0.01246	0.02077	0.00831	0.00415	0.00692
52	0.01445	0.00723	0.00723	0.00723	0.00903	0.00723	0.00542	0.01807	0.01626	0.02891	0.02529	0.02891	0.01987	0.00903	0.00542	0.00181	0.00361	0.00723	0.77055	0.00723
53	0.01445	0.00723	0.00723	0.00723	0.00903	0.00723	0.00542	0.01807	0.01626	0.02891	0.02529	0.02891	0.01987	0.00903	0.00542	0.00181	0.00361	0.00723	0.77055	0.00723
54	0.01298	0.00834	0.01088	0.01009	0.01226	0.00760	0.00762	0.01639	0.02141	0.08955	0.55705	0.09078	0.09338	0.01589	0.00906	0.00248	0.00398	0.01398	0.00850	0.00776
55	0.01445	0.00723	0.00723	0.00723	0.00903	0.00723	0.00542	0.01807	0.01626	0.02891	0.02529	0.02891	0.01987	0.00903	0.00542	0.00181	0.00361	0.00723	0.77055	0.00723
56	0.02638	0.02016	0.05195	0.02015	0.08318	0.02058	0.03820	0.39801	0.08709	0.10526	0.02062	0.02087	0.01478	0.00903	0.00768	0.00235	0.00823	0.00725	0.04569	0.01255
57	0.01749	0.01963	0.04241	0.03069	0.03786	0.01840	0.59237	0.02356	0.01799	0.02438	0.01815	0.08479	0.01536	0.00815	0.00922	0.00266	0.01229	0.01032	0.00422	0.01008
58	0.01672	0.01611	0.02168	0.01796	0.01982	0.02013	0.01487	0.01889	0.01301	0.02044	0.01115	0.01672	0.01053	0.01146	0.02013	0.00279	0.52253	0.00619	0.00372	0.21513
59	0.00933	0.00786	0.00808	0.00803	0.01057	0.00662	0.00602	0.01145	0.01806	0.02187	0.13286	0.07310	0.62111	0.01929	0.00916	0.00260	0.00390	0.01615	0.00732	0.00662
60	0.00945	0.00675	0.00900	0.01080	0.01125	0.00630	0.00720	0.01080	0.01484	0.01979	0.04274	0.72245	0.05128	0.02429	0.00990	0.00315	0.00450	0.02204	0.00720	0.00630
61	0.01836	0.02038	0.03749	0.02808	0.03319	0.05258	0.41518	0.02312	0.01638	0.02256	0.01372	0.01931	0.01117	0.00889	0.01435	0.00284	0.24072	0.00819	0.00375	0.00975
62	0.78228	0.01499	0.01140	0.01020	0.01499	0.01739	0.00840	0.02279	0.01320	0.03479	0.01080	0.01260	0.00840	0.00720	0.00480	0.00240	0.00600	0.00420	0.00480	0.00840
63	0.03479	0.01320	0.01799	0.01380	0.01979	0.01140	0.01140	0.03779	0.02219	0.68451	0.03059	0.02639	0.01919	0.00960	0.00780	0.00240	0.00660	0.00780	0.00960	0.01320
64	0.01154	0.00795	0.00917	0.00901	0.00901	0.00827	0.00527	0.01162	0.01130	0.01520	0.02377	0.04917	0.02735	0.69442	0.03881	0.00733	0.04022	0.01107	0.00464	0.00487
65	0.01445	0.00723	0.00723	0.00723	0.00903	0.00723	0.00542	0.01807	0.01626	0.02891	0.02529	0.02891	0.01987	0.00903	0.00542	0.00181	0.00361	0.00723	0.77055	0.00723
66	0.01999	0.63373	0.13262	0.01452	0.02184	0.02888	0.01545	0.02341	0.01584	0.01914	0.01123	0.01300	0.00993	0.00674	0.00532	0.00177	0.00874	0.00437	0.00331	0.01016
67	0.08074	0.00790	0.00759	0.00748	0.00955	0.00810	0.00568	0.01847	0.01600	0.02941	0.02404	0.02750	0.01888	0.00887	0.00537	0.00186	0.00382	0.00697	0.70444	0.00733
68	0.01445	0.00723	0.00723	0.00723	0.00903	0.00723	0.00542	0.01807	0.01626	0.02891	0.02529	0.02891	0.01987	0.00903	0.00542	0.00181	0.00361	0.00723	0.77055	0.00723
69	0.75910	0.01520	0.01176	0.01043	0.01527	0.01760	0.00859	0.04220	0.01391	0.03522	0.01104	0.01278	0.00854	0.00726	0.00489	0.00240	0.00608	0.00428	0.00489	0.00854
70	0.01050	0.00786	0.00975	0.00938	0.01132	0.00710	0.00699	0.01368	0.02068	0.02833	0.51402	0.09198	0.20570	0.01708	0.00918	0.00251	0.00376	0.01491	0.00818	0.00710
71	0.01445	0.00723	0.00723	0.00723	0.00903	0.00723	0.00542	0.01807	0.01626	0.02891	0.02529	0.02891	0.01987	0.00903	0.00542	0.00181	0.00361	0.00723	0.77055	0.00723
72	0.03318	0.01377	0.01814	0.01399	0.01982	0.01242	0.01153	0.09559	0.02355	0.59343	0.05931	0.02711	0.02112	0.00986	0.00786	0.00239	0.00665	0.00801	0.00937	0.01292
73	0.02039	0.66706	0.03909	0.01391	0.01994	0.03005	0.01360	0.02280	0.01540	0.01828	0.01072	0.01285	0.00997	0.00727	0.00684	0.00182	0.07248	0.00439	0.00332	0.00982
74	0.01590	0.08685	0.64365	0.02150	0.03264	0.01886	0.02761	0.02446	0.01633	0.02413	0.01370	0.01610	0.00983	0.00732	0.00720	0.00240	0.01125	0.00562	0.00328	0.01136
75	0.01698	0.02043	0.11356	0.06093	0.03257	0.01788	0.33356	0.02564	0.12798	0.02532	0.04894	0.04556	0.01812	0.04052	0.01056	0.00285	0.03442	0.00916	0.00482	0.01020
76	0.01445	0.00723	0.00723	0.00723	0.00903	0.00723	0.00542	0.01807	0.01626	0.02891	0.02529	0.02891	0.01987	0.00903	0.00542	0.00181	0.00361	0.00723	0.77055	0.00723
77	0.01187	0.00754	0.00984	0.01071	0.01199	0.00688	0.00747	0.01363	0.01640	0.08143	0.10145	0.54189	0.10593	0.02178	0.00957	0.00297	0.00456	0.01952	0.00754	0.00704
78	0.01504	0.01442	0.02492	0.61609	0.05062	0.01712	0.07698	0.02024	0.01578	0.02051	0.01395	0.02048	0.01052	0.00755	0.00778	0.00252	0.01036	0.00698	0.00354	0.04459
79	0.05324	0.01392	0.02194	0.47068	0.10023	0.01589	0.01876	0.02243	0.01650	0.11209	0.01706	0.04620	0.01316	0.00843	0.00762	0.00249	0.00914	0.00735	0.00456	0.03832
80	0.03479	0.01320	0.01799	0.01380	0.01979	0.01140	0.01140	0.03779	0.02219	0.68451	0.03059	0.02639	0.01919	0.00960	0.00780	0.00240	0.00660	0.00780	0.00960	0.01320
81	0.02026	0.66916	0.09951	0.01407	0.02114	0.02953	0.01467	0.02334	0.01581	0.01882	0.01106	0.01280	0.00994	0.00670	0.00519	0.00173	0.00858	0.00429	0.00331	0.01009
82	0.01507	0.01444	0.02409	0.59557	0.04863	0.01816	0.04233	0.01983	0.01512	0.01983	0.01337	0.02019	0.01036	0.00847	0.01012	0.00269	0.10264	0.00695	0.00345	0.00866
83	0.05036	0.01930	0.04809	0.01581	0.02120	0.04980	0.01325	0.33475	0.11284	0.09699	0.02769	0.02721	0.09171	0.01276	0.03999	0.00287	0.00837	0.00820	0.00724	0.01157
84	0.00958	0.00684	0.00915	0.01095	0.01145	0.00641	0.00742	0.01102	0.01497	0.01994	0.04266	0.69518	0.05100	0.02417	0.00993	0.00317	0.00461	0.04802	0.00719	0.00633
85	0.02003	0.01455	0.01872	0.01418	0.02006	0.01286	0.05697	0.12420	0.02074	0.11659	0.07175	0.07081	0.02050	0.00899	0.00715	0.00186	0.00659	0.00771	0.00622	0.37952
86	0.01445	0.00723	0.00723	0.00723	0.00903	0.00723	0.00542	0.01807	0.01626	0.02891	0.02529	0.02891	0.01987	0.00903	0.00542	0.00181	0.00361	0.00723	0.77055	0.00723
87	0.01919	0.01842	0.03147	0.04759	0.67914	0.01842	0.02380	0.02380	0.01765	0.02533	0.01458	0.01919	0.01228	0.00691	0.00768	0.00230	0.00921	0.00691	0.00384	0.01228
88	0.01575	0.06615	0.66299	0.02177	0.03304	0.01848	0.02807	0.02450	0.01635	0.02432	0.01380	0.01622	0.00983	0.00734	0.00728	0.00243	0.01134	0.00567	0.00328	0.01140
89	0.00916	0.00785	0.00785	0.00785	0.01047	0.00655	0.00589	0.01113	0.01767	0.02095	0.07855	0.07462	0.67599	0.01964	0.00916	0.00262	0.00393	0.01636	0.00720	0.00655
90	0.01545	0.00945	0.01312	0.01394	0.01631	0.00917	0.01204	0.01895	0.01869	0.11410	0.07728	0.07736	0.04284	0.01947	0.01022	0.00334	0.00686	0.50588	0.00756	0.00798
91	0.03274	0.01365	0.01793	0.01406	0.01984	0.01244	0.01151	0.03824	0.10703	0.59847	0.03072	0.02673	0.01978	0.00972	0.00781	0.00243	0.00654	0.00793	0.00937	0.01307
92	0.01628	0.01442	0.01872	0.01337	0.02035	0.01116	0.06631	0.02000	0.01628	0.02523	0.01395	0.01651	0.01151	0.00581	0.00605	0.00128	0.00639	0.00500	0.00453	0.70686
93	0.06561	0.01571	0.01687	0.01362	0.01835	0.04918	0.01095	0.23148	0.02447	0.20186	0.05073	0.02373	0.01809	0.01011	0.00818	0.03827	0.00688	0.00718	0.14298	0.04575

[dist]
# distance from previous block
# <min> <max>
0	1

[block]
# block no. 2 follows, 25 sequences, length 55
# corresponding to MSA columns:
# 118-172
name=unknown_C
#
# <colnr> <probs for GDERKNQSTAVLIFYWHMCP>
#	G	D	E	R	K	N	Q	S	T	A	V	L	I	F	Y	W	H	M	C	P
0	0.15207	0.01718	0.02774	0.21340	0.03524	0.01842	0.21559	0.08865	0.01829	0.05035	0.01480	0.01893	0.01111	0.00763	0.00829	0.00249	0.03839	0.00705	0.00455	0.04983
1	0.06190	0.01681	0.07460	0.03690	0.02158	0.01394	0.01253	0.06231	0.11578	0.19239	0.02076	0.02071	0.01498	0.00789	0.00684	0.00197	0.00682	0.00630	0.00637	0.29860
2	0.08041	0.65038	0.06208	0.01335	0.02002	0.02917	0.01345	0.02323	0.01558	0.01977	0.01090	0.01259	0.00982	0.00670	0.00505	0.00175	0.00823	0.00421	0.00343	0.00988
3	0.78228	0.01499	0.01140	0.01020	0.01499	0.01739	0.00840	0.02279	0.01320	0.03479	0.01080	0.01260	0.00840	0.00720	0.00480	0.00240	0.00600	0.00420	0.00480	0.00840
4	0.12034	0.01588	0.01879	0.07730	0.05688	0.01691	0.01311	0.14854	0.16305	0.19380	0.05363	0.02399	0.01882	0.00930	0.00741	0.00241	0.00708	0.00746	0.00721	0.03810
5	0.01325	0.00878	0.01111	0.01158	0.01318	0.00860	0.00871	0.01663	0.05964	0.06926	0.08815	0.22632	0.07390	0.16833	0.01595	0.00401	0.00602	0.18244	0.00698	0.00718
6	0.01733	0.02900	0.40829	0.04631	0.02746	0.05182	0.02110	0.02364	0.01670	0.09125	0.01895	0.06974	0.01556	0.04539	0.04182	0.00316	0.01041	0.00755	0.04426	0.01027
7	0.01696	0.01696	0.02375	0.02036	0.02036	0.02375	0.01696	0.01866	0.01187	0.01866	0.01018	0.01696	0.01018	0.01357	0.02545	0.00339	0.71332	0.00679	0.00339	0.00848
8	0.01512	0.01465	0.02552	0.60650	0.05044	0.01780	0.08400	0.02025	0.01560	0.02025	0.01379	0.02051	0.01047	0.00793	0.00879	0.00263	0.04637	0.00711	0.00349	0.00879
9	0.01347	0.00673	0.01010	0.01010	0.01010	0.00673	0.00673	0.01010	0.01010	0.01347	0.01347	0.02357	0.01347	0.02694	0.03030	0.77441	0.00673	0.00673	0.00337	0.00337
10	0.01097	0.00793	0.01036	0.00975	0.01158	0.00732	0.00732	0.01463	0.02195	0.03109	0.67505	0.05792	0.07316	0.01585	0.00914	0.00244	0.00366	0.01402	0.00854	0.00732
11	0.01488	0.01402	0.02368	0.67448	0.08594	0.01729	0.02165	0.02002	0.01562	0.02010	0.01382	0.02059	0.01044	0.00771	0.00775	0.00257	0.01028	0.00689	0.00347	0.00880
12	0.78228	0.01499	0.01140	0.01020	0.01499	0.01739	0.00840	0.02279	0.01320	0.03479	0.01080	0.01260	0.00840	0.00720	0.00480	0.00240	0.00600	0.00420	0.00480	0.00840
13	0.02896	0.03695	0.02197	0.01998	0.02397	0.69638	0.01498	0.03096	0.02197	0.01898	0.01199	0.01398	0.00999	0.00799	0.00699	0.00200	0.01398	0.00499	0.00400	0.00899
14	0.01097	0.00793	0.01036	0.00975	0.01158	0.00732	0.00732	0.01463	0.02195	0.03109	0.67505	0.05792	0.07316	0.01585	0.00914	0.00244	0.00366	0.01402	0.00854	0.00732
15	0.01608	0.01378	0.01608	0.01148	0.01837	0.01034	0.00919	0.01952	0.01608	0.02527	0.01378	0.01608	0.01148	0.00574	0.00574	0.00115	0.00574	0.00459	0.00459	0.77491
16	0.00945	0.00675	0.00900	0.01080	0.01125	0.00630	0.00720	0.01080	0.01484	0.01979	0.04274	0.72245	0.05128	0.02429	0.00990	0.00315	0.00450	0.02204	0.00720	0.00630
17	0.02973	0.01171	0.01532	0.01216	0.01712	0.01036	0.00991	0.03288	0.02072	0.52154	0.02927	0.02702	0.01936	0.00946	0.00721	0.00225	0.00586	0.00766	0.19875	0.01171
18	0.02947	0.02172	0.02327	0.01784	0.02404	0.02404	0.01474	0.65329	0.03646	0.04887	0.01862	0.01862	0.01319	0.00931	0.00776	0.00233	0.00853	0.00698	0.00776	0.01319
19	0.01125	0.00821	0.01199	0.01193	0.01338	0.00934	0.00924	0.01415	0.01353	0.01979	0.08069	0.03288	0.02432	0.05163	0.59656	0.01097	0.01828	0.00877	0.04612	0.00698
20	0.01445	0.00723	0.00723	0.00723	0.00903	0.00723	0.00542	0.01807	0.01626	0.02891	0.02529	0.02891	0.01987	0.00903	0.00542	0.00181	0.00361	0.00723	0.77055	0.00723
21	0.06915	0.01322	0.01681	0.01347	0.01876	0.01236	0.01094	0.03512	0.10835	0.49650	0.09512	0.02922	0.02471	0.01023	0.00779	0.00243	0.00621	0.00837	0.00901	0.01222
22	0.01359	0.00999	0.04336	0.01075	0.01346	0.00824	0.00874	0.01743	0.02171	0.09650	0.57876	0.05277	0.06472	0.01482	0.00892	0.00244	0.00432	0.01300	0.00839	0.00810
23	0.01445	0.00723	0.00723	0.00723	0.00903	0.00723	0.00542	0.01807	0.01626	0.02891	0.02529	0.02891	0.01987	0.00903	0.00542	0.00181	0.00361	0.00723	0.77055	0.00723
24	0.01895	0.01836	0.03188	0.07427	0.61979	0.01843	0.05648	0.02368	0.01760	0.02508	0.01461	0.01934	0.01217	0.00692	0.00776	0.00233	0.00946	0.00702	0.00383	0.01203
25	0.01805	0.02267	0.10427	0.03171	0.03989	0.01946	0.59422	0.02481	0.01812	0.02481	0.01552	0.02050	0.01159	0.00661	0.00899	0.00260	0.01292	0.00884	0.00386	0.01055
26	0.01830	0.02092	0.04575	0.03268	0.04052	0.01961	0.65098	0.02484	0.01830	0.02484	0.01569	0.02092	0.01176	0.00654	0.00915	0.00261	0.01307	0.00915	0.00392	0.01046
27	0.01445	0.00723	0.00723	0.00723	0.00903	0.00723	0.00542	0.01807	0.01626	0.02891	0.02529	0.02891	0.01987	0.00903	0.00542	0.00181	0.00361	0.00723	0.77055	0.00723
28	0.78228	0.01499	0.01140	0.01020	0.01499	0.01739	0.00840	0.02279	0.01320	0.03479	0.01080	0.01260	0.00840	0.00720	0.00480	0.00240	0.00600	0.00420	0.00480	0.00840
29	0.02063	0.01947	0.01815	0.01636	0.02069	0.11327	0.01265	0.03978	0.57585	0.03057	0.02884	0.02685	0.02177	0.01017	0.00776	0.00254	0.00723	0.00824	0.00735	0.01182
30	0.01830	0.02092	0.04575	0.03268	0.04052	0.01961	0.65098	0.02484	0.01830	0.02484	0.01569	0.02092	0.01176	0.00654	0.00915	0.00261	0.01307	0.00915	0.00392	0.01046
31	0.01608	0.01378	0.01608	0.01148	0.01837	0.01034	0.00919	0.01952	0.01608	0.02527	0.01378	0.01608	0.01148	0.00574	0.00574	0.00115	0.00574	0.00459	0.00459	0.77491
32	0.01948	0.01835	0.03063	0.08063	0.61312	0.01865	0.02322	0.05561	0.01850	0.02624	0.01475	0.01924	0.01223	0.00707	0.00768	0.00232	0.00924	0.00691	0.00402	0.01214
33	0.00945	0.00675	0.00900	0.01080	0.01125	0.00630	0.00720	0.01080	0.01484	0.01979	0.04274	0.72245	0.05128	0.02429	0.00990	0.00315	0.00450	0.02204	0.00720	0.00630
34	0.01445	0.00723	0.00723	0.00723	0.00903	0.00723	0.00542	0.01807	0.01626	0.02891	0.02529	0.02891	0.01987	0.00903	0.00542	0.00181	0.00361	0.00723	0.77055	0.00723
35	0.02073	0.73217	0.04063	0.01327	0.01990	0.03068	0.01327	0.02322	0.01575	0.01824	0.01078	0.01244	0.00995	0.00663	0.00498	0.00166	0.00829	0.00415	0.00332	0.00995
36	0.01112	0.00799	0.01038	0.01055	0.01106	0.00861	0.00714	0.01228	0.01226	0.01689	0.02575	0.15349	0.02853	0.37354	0.24215	0.00821	0.03741	0.01194	0.00489	0.00581
37	0.01464	0.01378	0.02326	0.70887	0.05340	0.01723	0.02153	0.01981	0.01550	0.01981	0.01378	0.02067	0.01034	0.00775	0.00775	0.00258	0.01034	0.00689	0.00345	0.00861
38	0.01445	0.00723	0.00723	0.00723	0.00903	0.00723	0.00542	0.01807	0.01626	0.02891	0.02529	0.02891	0.01987	0.00903	0.00542	0.00181	0.00361	0.00723	0.77055	0.00723
39	0.01082	0.00792	0.01015	0.00959	0.01149	0.00725	0.00719	0.01433	0.02158	0.03021	0.62339	0.05936	0.12537	0.01618	0.00915	0.00245	0.00368	0.01423	0.00842	0.00725
40	0.01347	0.00673	0.01010	0.01010	0.01010	0.00673	0.00673	0.01010	0.01010	0.01347	0.01347	0.02357	0.01347	0.02694	0.03030	0.77441	0.00673	0.00673	0.00337	0.00337
41	0.01445	0.00723	0.00723	0.00723	0.00903	0.00723	0.00542	0.01807	0.01626	0.02891	0.02529	0.02891	0.01987	0.00903	0.00542	0.00181	0.00361	0.00723	0.77055	0.00723
42	0.01830	0.02092	0.04575	0.03268	0.04052	0.01961	0.65098	0.02484	0.01830	0.02484	0.01569	0.02092	0.01176	0.00654	0.00915	0.00261	0.01307	0.00915	0.00392	0.01046
43	0.01984	0.01650	0.01749	0.05068	0.02147	0.04589	0.01258	0.03737	0.51363	0.07350	0.03184	0.03173	0.04626	0.01098	0.00800	0.00262	0.00667	0.03379	0.00756	0.01160
44	0.01894	0.01627	0.01728	0.01570	0.01996	0.01877	0.01228	0.03994	0.63265	0.03197	0.03203	0.03187	0.02472	0.01107	0.00803	0.00268	0.00619	0.03979	0.00785	0.01202
45	0.01089	0.00786	0.01029	0.00981	0.01157	0.00726	0.00731	0.01442	0.02156	0.03048	0.64075	0.09396	0.07197	0.01631	0.00919	0.00248	0.00370	0.01446	0.00846	0.00726
46	0.01696	0.01696	0.02375	0.02036	0.02036	0.02375	0.01696	0.01866	0.01187	0.01866	0.01018	0.01696	0.01018	0.01357	0.02545	0.00339	0.71332	0.00679	0.00339	0.00848
47	0.02073	0.73217	0.04063	0.01327	0.01990	0.03068	0.01327	0.02322	0.01575	0.01824	0.01078	0.01244	0.00995	0.00663	0.00498	0.00166	0.00829	0.00415	0.00332	0.00995
48	0.02048	0.69944	0.07121	0.01368	0.02055	0.03008	0.01399	0.02328	0.01578	0.01854	0.01093	0.01262	0.00994	0.00667	0.00509	0.00170	0.00844	0.00422	0.00331	0.01002
49	0.01445	0.00723	0.00723	0.00723	0.00903	0.00723	0.00542	0.01807	0.01626	0.02891	0.02529	0.02891	0.01987	0.00903	0.00542	0.00181	0.00361	0.00723	0.77055	0.00723
50	0.01398	0.01165	0.01807	0.05993	0.22033	0.01170	0.01523	0.01749	0.01711	0.02297	0.03313	0.17957	0.05629	0.01672	0.00942	0.00302	0.00734	0.27147	0.00595	0.00862
51	0.06144	0.31813	0.07457	0.01394	0.02072	0.02133	0.01316	0.08784	0.01889	0.13778	0.01573	0.01641	0.01205	0.00732	0.00604	0.00185	0.00765	0.00525	0.00514	0.15473
52	0.18310	0.05628	0.02129	0.01581	0.02166	0.04402	0.01312	0.42569	0.02910	0.09154	0.01731	0.01751	0.01239	0.00872	0.00699	0.00230	0.00803	0.00627	0.00694	0.01191
53	0.00952	0.00681	0.00907	0.01074	0.01126	0.00635	0.00720	0.01099	0.01521	0.02037	0.07485	0.68870	0.05239	0.02386	0.00986	0.00311	0.00446	0.02163	0.00727	0.00635
54	0.09686	0.04355	0.05630	0.01619	0.02198	0.04983	0.01344	0.15500	0.10073	0.21754	0.02456	0.05677	0.01879	0.01078	0.00812	0.00267	0.00805	0.00803	0.00771	0.08311

[dist]
# distance from previous block
# <min> <max>
0	2

[block]
# block no. 3 follows, 25 sequences, length 40
# corresponding to MSA columns:
# 175-214
name=unknown_D
#
# <colnr> <probs for GDERKNQSTAVLIFYWHMCP>
#	G	D	E	R	K	N	Q	S	T	A	V	L	I	F	Y	W	H	M	C	P
0	0.07199	0.39786	0.20534	0.01707	0.04555	0.02501	0.01747	0.02428	0.05080	0.02208	0.01282	0.01486	0.01064	0.00748	0.00699	0.00209	0.04857	0.00506	0.00368	0.01036
1	0.01439	0.01327	0.02296	0.16164	0.02865	0.01387	0.18119	0.01996	0.06543	0.02446	0.13515	0.16451	0.03095	0.01251	0.00927	0.00267	0.03208	0.01181	0.04661	0.00862
2	0.01445	0.00723	0.00723	0.00723	0.00903	0.00723	0.00542	0.01807	0.01626	0.02891	0.02529	0.02891	0.01987	0.00903	0.00542	0.00181	0.00361	0.00723	0.77055	0.00723
3	0.02156	0.55769	0.10673	0.01497	0.02180	0.10228	0.01503	0.02470	0.01672	0.04113	0.01190	0.01349	0.01025	0.00696	0.00555	0.00181	0.00920	0.00453	0.00360	0.01011
4	0.00952	0.00678	0.00898	0.01070	0.01113	0.00635	0.00710	0.01082	0.01470	0.01960	0.04200	0.69536	0.05035	0.05264	0.01109	0.00333	0.00462	0.02161	0.00710	0.00623
5	0.78228	0.01499	0.01140	0.01020	0.01499	0.01739	0.00840	0.02279	0.01320	0.03479	0.01080	0.01260	0.00840	0.00720	0.00480	0.00240	0.00600	0.00420	0.00480	0.00840
6	0.01555	0.04011	0.68733	0.02210	0.03356	0.01801	0.02865	0.02455	0.01637	0.02455	0.01391	0.01637	0.00982	0.00737	0.00737	0.00246	0.01146	0.00573	0.00327	0.01146
7	0.01128	0.00752	0.00846	0.00846	0.00846	0.00752	0.00470	0.01128	0.01128	0.01503	0.02443	0.05074	0.02819	0.72751	0.03946	0.00752	0.00752	0.01128	0.00470	0.00470
8	0.01580	0.01512	0.02287	0.33588	0.03508	0.02011	0.01861	0.01916	0.01371	0.01959	0.01243	0.01913	0.01063	0.01072	0.01654	0.00296	0.36279	0.00685	0.03352	0.00849
9	0.02821	0.02177	0.02266	0.01772	0.02331	0.05990	0.01455	0.56146	0.03358	0.04484	0.01802	0.01863	0.01308	0.00947	0.00863	0.00235	0.04834	0.00687	0.03413	0.01248
10	0.00961	0.00699	0.00906	0.01040	0.01122	0.00644	0.00709	0.01129	0.01597	0.02127	0.12270	0.58176	0.11193	0.02284	0.00974	0.00301	0.00434	0.02054	0.00736	0.00644
11	0.00916	0.00785	0.00785	0.00785	0.01047	0.00655	0.00589	0.01113	0.01767	0.02095	0.07855	0.07462	0.67599	0.01964	0.00916	0.00262	0.00393	0.01636	0.00720	0.00655
12	0.00916	0.00785	0.00785	0.00785	0.01047	0.00655	0.00589	0.01113	0.01767	0.02095	0.07855	0.07462	0.67599	0.01964	0.00916	0.00262	0.00393	0.01636	0.00720	0.00655
13	0.01608	0.01378	0.01608	0.01148	0.01837	0.01034	0.00919	0.01952	0.01608	0.02527	0.01378	0.01608	0.01148	0.00574	0.00574	0.00115	0.00574	0.00459	0.00459	0.77491
14	0.01608	0.01378	0.01608	0.01148	0.01837	0.01034	0.00919	0.01952	0.01608	0.02527	0.01378	0.01608	0.01148	0.00574	0.00574	0.00115	0.00574	0.00459	0.00459	0.77491
15	0.01745	0.01699	0.02579	0.02114	0.02279	0.02178	0.11102	0.05334	0.01437	0.02161	0.01260	0.01879	0.01142	0.01418	0.05263	0.00358	0.50789	0.00724	0.03650	0.00890
16	0.01108	0.00831	0.01246	0.01246	0.01385	0.00969	0.00969	0.01385	0.01246	0.01800	0.02077	0.03046	0.01938	0.05815	0.69678	0.01246	0.02077	0.00831	0.00415	0.00692
17	0.00945	0.00675	0.00900	0.01080	0.01125	0.00630	0.00720	0.01080	0.01484	0.01979	0.04274	0.72245	0.05128	0.02429	0.00990	0.00315	0.00450	0.02204	0.00720	0.00630
18	0.01283	0.01088	0.01582	0.01481	0.01578	0.01387	0.01185	0.01528	0.01229	0.01820	0.01762	0.02645	0.01665	0.04490	0.49727	0.00977	0.22659	0.00786	0.00393	0.00739
19	0.01618	0.01645	0.03022	0.21201	0.03592	0.01852	0.25517	0.02075	0.01557	0.02166	0.01549	0.04754	0.01316	0.01169	0.04479	0.00324	0.17427	0.00837	0.02995	0.00906
20	0.01089	0.00786	0.01029	0.00981	0.01157	0.00726	0.00731	0.01443	0.02157	0.03049	0.64116	0.09353	0.07199	0.01630	0.00919	0.00248	0.00370	0.01445	0.00846	0.00726
21	0.02896	0.03695	0.02197	0.01998	0.02397	0.69638	0.01498	0.03096	0.02197	0.01898	0.01199	0.01398	0.00999	0.00799	0.00699	0.00200	0.01398	0.00499	0.00400	0.00899
22	0.01887	0.01810	0.03090	0.09358	0.63563	0.01834	0.02364	0.02352	0.01751	0.02495	0.01453	0.01929	0.01215	0.00697	0.00768	0.00232	0.00929	0.00691	0.00381	0.01203
23	0.00945	0.00675	0.00900	0.01080	0.01125	0.00630	0.00720	0.01080	0.01484	0.01979	0.04274	0.72245	0.05128	0.02429	0.00990	0.00315	0.00450	0.02204	0.00720	0.00630
24	0.01475	0.01393	0.02328	0.67663	0.05185	0.01753	0.02132	0.01976	0.01533	0.01976	0.01361	0.02050	0.01033	0.00802	0.00858	0.00262	0.04325	0.00689	0.00344	0.00861
25	0.01464	0.01378	0.02326	0.70887	0.05340	0.01723	0.02153	0.01981	0.01550	0.01981	0.01378	0.02067	0.01034	0.00775	0.00775	0.00258	0.01034	0.00689	0.00345	0.00861
26	0.06778	0.01353	0.02176	0.62745	0.04875	0.01672	0.01995	0.01959	0.01531	0.02085	0.01494	0.05312	0.01213	0.00849	0.00765	0.00260	0.00976	0.00742	0.00372	0.00849
27	0.01747	0.01813	0.02626	0.02175	0.02307	0.05524	0.10664	0.01985	0.01339	0.01959	0.01222	0.04279	0.01187	0.01269	0.02167	0.00321	0.55425	0.00758	0.00363	0.00871
28	0.01839	0.01371	0.01632	0.01177	0.01855	0.01047	0.00946	0.02178	0.01683	0.10686	0.01586	0.01735	0.01244	0.00622	0.00600	0.00130	0.00585	0.00499	0.00521	0.68063
29	0.01997	0.63041	0.13572	0.01457	0.02191	0.02882	0.01553	0.02341	0.01585	0.01917	0.01124	0.01302	0.00993	0.00674	0.00533	0.00178	0.00876	0.00438	0.00331	0.01017
30	0.01555	0.04011	0.68733	0.02210	0.03356	0.01801	0.02865	0.02455	0.01637	0.02455	0.01391	0.01637	0.00982	0.00737	0.00737	0.00246	0.01146	0.00573	0.00327	0.01146
31	0.01110	0.00821	0.01197	0.01197	0.01318	0.00942	0.00907	0.01353	0.01231	0.01763	0.02122	0.03297	0.02047	0.14103	0.61540	0.01185	0.01913	0.00867	0.00422	0.00665
32	0.02300	0.01618	0.01884	0.06447	0.05735	0.01742	0.01296	0.29118	0.10322	0.09747	0.04965	0.02793	0.07107	0.01027	0.00764	0.00235	0.00707	0.00830	0.10240	0.01123
33	0.01909	0.01870	0.03307	0.04593	0.60784	0.01855	0.09382	0.02391	0.01773	0.02528	0.01471	0.01938	0.01222	0.00687	0.00784	0.00234	0.00964	0.00716	0.00385	0.01208
34	0.00945	0.00675	0.00900	0.01080	0.01125	0.00630	0.00720	0.01080	0.01484	0.01979	0.04274	0.72245	0.05128	0.02429	0.00990	0.00315	0.00450	0.02204	0.00720	0.00630
35	0.21857	0.01364	0.01637	0.01291	0.01861	0.01287	0.01066	0.03410	0.01998	0.52477	0.02572	0.02300	0.01654	0.00901	0.00706	0.00240	0.00645	0.00691	0.00842	0.01202
36	0.02725	0.01802	0.08168	0.01555	0.02166	0.01579	0.01379	0.23994	0.02585	0.28939	0.07012	0.02779	0.02105	0.01016	0.00788	0.00238	0.00748	0.04117	0.00789	0.05518
37	0.02530	0.05438	0.01917	0.01434	0.01922	0.01684	0.01168	0.28556	0.04729	0.19535	0.11680	0.05270	0.02557	0.03720	0.00896	0.00253	0.00689	0.00879	0.04007	0.01134
38	0.01432	0.00764	0.00835	0.04696	0.01174	0.00790	0.00651	0.01798	0.01606	0.02793	0.02445	0.02851	0.01932	0.01106	0.03507	0.00231	0.00472	0.00725	0.69463	0.00729
39	0.71027	0.01564	0.01253	0.01093	0.01586	0.01803	0.00900	0.08310	0.01542	0.03613	0.01154	0.01317	0.00886	0.00740	0.00508	0.00239	0.00624	0.00446	0.00508	0.00886

[dist]
# distance from previous block
# <min> <max>
0	2

[block]
# block no. 4 follows, 25 sequences, length 146
# corresponding to MSA columns:
# 217-362
name=unknown_E
#
# <colnr> <probs for GDERKNQSTAVLIFYWHMCP>
#	G	D	E	R	K	N	Q	S	T	A	V	L	I	F	Y	W	H	M	C	P
0	0.11149	0.05057	0.02213	0.12097	0.02689	0.04843	0.01462	0.39101	0.02780	0.03876	0.01607	0.01762	0.01183	0.00842	0.00713	0.00225	0.00854	0.00629	0.00621	0.06297
1	0.50354	0.01790	0.01473	0.01262	0.01751	0.08913	0.01022	0.11900	0.01863	0.08271	0.04075	0.01651	0.01273	0.00813	0.00587	0.00235	0.00717	0.00537	0.00566	0.00949
2	0.01347	0.00673	0.01010	0.01010	0.01010	0.00673	0.00673	0.01010	0.01010	0.01347	0.01347	0.02357	0.01347	0.02694	0.03030	0.77441	0.00673	0.00673	0.00337	0.00337
3	0.02052	0.01697	0.01814	0.01602	0.02053	0.01938	0.01270	0.14093	0.51734	0.03454	0.03005	0.03116	0.02334	0.01105	0.00806	0.00264	0.00660	0.05013	0.00782	0.01208
4	0.01608	0.01378	0.01608	0.01148	0.01837	0.01034	0.00919	0.01952	0.01608	0.02527	0.01378	0.01608	0.01148	0.00574	0.00574	0.00115	0.00574	0.00459	0.00459	0.77491
5	0.01068	0.00781	0.01006	0.00989	0.01161	0.00718	0.00737	0.01390	0.02053	0.02851	0.52101	0.14452	0.12073	0.01745	0.00930	0.00259	0.00391	0.03763	0.00820	0.00711
6	0.00945	0.00675	0.00900	0.01080	0.01125	0.00630	0.00720	0.01080	0.01484	0.01979	0.04274	0.72245	0.05128	0.02429	0.00990	0.00315	0.00450	0.02204	0.00720	0.00630
7	0.01097	0.00793	0.01036	0.00975	0.01158	0.00732	0.00732	0.01463	0.02195	0.03109	0.67505	0.05792	0.07316	0.01585	0.00914	0.00244	0.00366	0.01402	0.00854	0.00732
8	0.00945	0.00675	0.00900	0.01080	0.01125	0.00630	0.00720	0.01080	0.01484	0.01979	0.04274	0.72245	0.05128	0.02429	0.00990	0.00315	0.00450	0.02204	0.00720	0.00630
9	0.03479	0.01320	0.01799	0.01380	0.01979	0.01140	0.01140	0.03779	0.02219	0.68451	0.03059	0.02639	0.01919	0.00960	0.00780	0.00240	0.00660	0.00780	0.00960	0.01320
10	0.02896	0.03695	0.02197	0.01998	0.02397	0.69638	0.01498	0.03096	0.02197	0.01898	0.01199	0.01398	0.00999	0.00799	0.00699	0.00200	0.01398	0.00499	0.00400	0.00899
11	0.01970	0.01752	0.01772	0.01596	0.02032	0.04800	0.01239	0.04077	0.63786	0.03186	0.03073	0.02829	0.02309	0.01041	0.00785	0.00260	0.00647	0.00861	0.00772	0.01213
12	0.01464	0.01378	0.02326	0.70887	0.05340	0.01723	0.02153	0.01981	0.01550	0.01981	0.01378	0.02067	0.01034	0.00775	0.00775	0.00258	0.01034	0.00689	0.00345	0.00861
13	0.02947	0.02172	0.02327	0.01784	0.02404	0.02404	0.01474	0.65329	0.03646	0.04887	0.01862	0.01862	0.01319	0.00931	0.00776	0.00233	0.00853	0.00698	0.00776	0.01319
14	0.78228	0.01499	0.01140	0.01020	0.01499	0.01739	0.00840	0.02279	0.01320	0.03479	0.01080	0.01260	0.00840	0.00720	0.00480	0.00240	0.00600	0.00420	0.00480	0.00840
15	0.02896	0.03695	0.02197	0.01998	0.02397	0.69638	0.01498	0.03096	0.02197	0.01898	0.01199	0.01398	0.00999	0.00799	0.00699	0.00200	0.01398	0.00499	0.00400	0.00899
16	0.02896	0.03695	0.02197	0.01998	0.02397	0.69638	0.01498	0.03096	0.02197	0.01898	0.01199	0.01398	0.00999	0.00799	0.00699	0.00200	0.01398	0.00499	0.00400	0.00899
17	0.01249	0.00892	0.01249	0.01428	0.01606	0.00892	0.01249	0.01606	0.01785	0.02320	0.04105	0.08746	0.04462	0.02142	0.01071	0.00357	0.00714	0.62695	0.00714	0.00714
18	0.69422	0.01478	0.01217	0.01062	0.01556	0.01669	0.00875	0.02456	0.01426	0.11133	0.01313	0.01422	0.00967	0.00748	0.00515	0.00240	0.00607	0.00462	0.00536	0.00896
19	0.04783	0.03832	0.63442	0.02200	0.03305	0.01804	0.05161	0.02449	0.01631	0.02500	0.01385	0.01639	0.00984	0.00733	0.00733	0.00246	0.01129	0.00580	0.00336	0.01129
20	0.05408	0.01277	0.04597	0.01265	0.01751	0.01056	0.01069	0.02888	0.02136	0.41460	0.21999	0.03636	0.05724	0.01159	0.00811	0.00242	0.00584	0.00970	0.00873	0.01098
21	0.00945	0.00675	0.00900	0.01080	0.01125	0.00630	0.00720	0.01080	0.01484	0.01979	0.04274	0.72245	0.05128	0.02429	0.00990	0.00315	0.00450	0.02204	0.00720	0.00630
22	0.00945	0.00675	0.00900	0.01080	0.01125	0.00630	0.00720	0.01080	0.01484	0.01979	0.04274	0.72245	0.05128	0.02429	0.00990	0.00315	0.00450	0.02204	0.00720	0.00630
23	0.78228	0.01499	0.01140	0.01020	0.01499	0.01739	0.00840	0.02279	0.01320	0.03479	0.01080	0.01260	0.00840	0.00720	0.00480	0.00240	0.00600	0.00420	0.00480	0.00840
24	0.01555	0.04011	0.68733	0.02210	0.03356	0.01801	0.02865	0.02455	0.01637	0.02455	0.01391	0.01637	0.00982	0.00737	0.00737	0.00246	0.01146	0.00573	0.00327	0.01146
25	0.01128	0.00752	0.00846	0.00846	0.00846	0.00752	0.00470	0.01128	0.01128	0.01503	0.02443	0.05074	0.02819	0.72751	0.03946	0.00752	0.00752	0.01128	0.00470	0.00470
26	0.01495	0.01409	0.02381	0.66431	0.09557	0.01731	0.02169	0.02008	0.01565	0.02018	0.01384	0.02057	0.01047	0.00770	0.00775	0.00257	0.01026	0.00689	0.00347	0.00886
27	0.02005	0.01684	0.01776	0.01564	0.02016	0.01924	0.01226	0.11609	0.55401	0.03391	0.03231	0.02994	0.05525	0.01083	0.00794	0.00259	0.00632	0.00893	0.00784	0.01210
28	0.00962	0.00693	0.00912	0.01056	0.01126	0.00643	0.00716	0.01127	0.01580	0.02118	0.11951	0.61906	0.07713	0.02311	0.00978	0.00304	0.00438	0.02087	0.00736	0.00643
29	0.00945	0.00675	0.00900	0.01080	0.01125	0.00630	0.00720	0.01080	0.01484	0.01979	0.04274	0.72245	0.05128	0.02429	0.00990	0.00315	0.00450	0.02204	0.00720	0.00630
30	0.02896	0.03695	0.02197	0.01998	0.02397	0.69638	0.01498	0.03096	0.02197	0.01898	0.01199	0.01398	0.00999	0.00799	0.00699	0.00200	0.01398	0.00499	0.00400	0.00899
31	0.01608	0.01378	0.01608	0.01148	0.01837	0.01034	0.00919	0.01952	0.01608	0.02527	0.01378	0.01608	0.01148	0.00574	0.00574	0.00115	0.00574	0.00459	0.00459	0.77491
32	0.01097	0.00793	0.01036	0.00975	0.01158	0.00732	0.00732	0.01463	0.02195	0.03109	0.67505	0.05792	0.07316	0.01585	0.00914	0.00244	0.00366	0.01402	0.00854	0.00732
33	0.01830	0.02092	0.04575	0.03268	0.04052	0.01961	0.65098	0.02484	0.01830	0.02484	0.01569	0.02092	0.01176	0.00654	0.00915	0.00261	0.01307	0.00915	0.00392	0.01046
34	0.01097	0.00793	0.01036	0.00975	0.01158	0.00732	0.00732	0.01463	0.02195	0.03109	0.67505	0.05792	0.07316	0.01585	0.00914	0.00244	0.00366	0.01402	0.00854	0.00732
35	0.01128	0.00752	0.00846	0.00846	0.00846	0.00752	0.00470	0.01128	0.01128	0.01503	0.02443	0.05074	0.02819	0.72751	0.03946	0.00752	0.00752	0.01128	0.00470	0.00470
36	0.02073	0.73217	0.04063	0.01327	0.01990	0.03068	0.01327	0.02322	0.01575	0.01824	0.01078	0.01244	0.00995	0.00663	0.00498	0.00166	0.00829	0.00415	0.00332	0.00995
37	0.00945	0.00675	0.00900	0.01080	0.01125	0.00630	0.00720	0.01080	0.01484	0.01979	0.04274	0.72245	0.05128	0.02429	0.00990	0.00315	0.00450	0.02204	0.00720	0.00630
38	0.02827	0.02112	0.02259	0.01760	0.02359	0.02348	0.01445	0.58118	0.11052	0.04693	0.02014	0.01983	0.01442	0.00945	0.00777	0.00236	0.00825	0.00719	0.00777	0.01308
39	0.01634	0.06175	0.43056	0.05064	0.06691	0.01844	0.16523	0.02393	0.01704	0.02449	0.04195	0.01926	0.01306	0.00750	0.00777	0.00245	0.01120	0.00688	0.00368	0.01093
