[name]
unknown

[dist]
# distance from previous block
# <min> <max>
12	24

[block]
# block no. 0 follows, 21 sequences, length 16
# corresponding to MSA columns:
# 25-40
name=unknown_A
#
# <colnr> <probs for GDERKNQSTAVLIFYWHMCP>
#	G	D	E	R	K	N	Q	S	T	A	V	L	I	F	Y	W	H	M	C	P
0	0.03818	0.01448	0.01975	0.01514	0.02172	0.01251	0.01251	0.04147	0.02436	0.65373	0.03357	0.02897	0.02107	0.01053	0.00856	0.00263	0.00724	0.00856	0.01053	0.01448
1	0.76103	0.01646	0.01251	0.01119	0.01646	0.01909	0.00922	0.02502	0.01448	0.03818	0.01185	0.01382	0.00922	0.00790	0.00527	0.00263	0.00658	0.00461	0.00527	0.00922
2	0.02106	0.02022	0.03454	0.05223	0.64784	0.02022	0.02612	0.02612	0.01938	0.02780	0.01601	0.02106	0.01348	0.00758	0.00842	0.00253	0.01011	0.00758	0.00421	0.01348
3	0.01522	0.01081	0.01611	0.09305	0.02114	0.01118	0.04092	0.01805	0.01826	0.08881	0.12225	0.37534	0.04533	0.01973	0.01143	0.00318	0.05577	0.01745	0.00741	0.00855
4	0.01319	0.01388	0.07003	0.01985	0.14733	0.01102	0.01311	0.01666	0.01913	0.02508	0.10654	0.16995	0.30581	0.01801	0.00969	0.00287	0.00632	0.01566	0.00689	0.00899
5	0.01765	0.01513	0.01765	0.01260	0.02017	0.01134	0.01008	0.02143	0.01765	0.02773	0.01513	0.01765	0.01260	0.00630	0.00630	0.00126	0.00630	0.00504	0.00504	0.75295
6	0.01583	0.01699	0.10828	0.01579	0.02038	0.01367	0.04421	0.02522	0.18243	0.05113	0.09067	0.20038	0.14670	0.01669	0.00954	0.00297	0.00691	0.01459	0.00751	0.01013
7	0.63064	0.06947	0.08125	0.01278	0.01895	0.02022	0.01190	0.02525	0.01505	0.03570	0.01220	0.01424	0.00950	0.00787	0.00557	0.00258	0.00738	0.00478	0.00498	0.00969
8	0.02172	0.55769	0.08759	0.01541	0.02244	0.05960	0.01543	0.02505	0.01785	0.02131	0.04530	0.01751	0.01496	0.01042	0.03506	0.00247	0.01000	0.00549	0.00401	0.01070
9	0.01863	0.01870	0.07115	0.47777	0.04903	0.02042	0.02244	0.09977	0.05310	0.02688	0.01666	0.02233	0.01249	0.00920	0.00951	0.00284	0.04634	0.00759	0.00463	0.01053
10	0.02771	0.01376	0.01751	0.01426	0.01921	0.01301	0.01145	0.09278	0.06568	0.34390	0.23652	0.03986	0.04055	0.01287	0.00906	0.00266	0.00635	0.01082	0.00981	0.01225
11	0.02176	0.06133	0.13482	0.03938	0.34351	0.05568	0.13357	0.02760	0.01968	0.05750	0.01660	0.02061	0.01305	0.00778	0.00848	0.00257	0.01137	0.00760	0.00442	0.01269
12	0.10093	0.04698	0.02009	0.01589	0.02123	0.02030	0.01284	0.20050	0.23509	0.09459	0.06253	0.02998	0.05447	0.01130	0.00818	0.00266	0.00724	0.00892	0.03381	0.01249
13	0.01503	0.00792	0.00824	0.00841	0.01006	0.00788	0.00603	0.01838	0.01715	0.02930	0.02930	0.09104	0.02571	0.08257	0.01022	0.00276	0.00449	0.00978	0.60818	0.00756
14	0.01078	0.00762	0.00997	0.01170	0.01219	0.00722	0.00781	0.01218	0.01594	0.02123	0.04425	0.58617	0.05271	0.11272	0.01505	0.00409	0.00549	0.04859	0.00755	0.00673
15	0.01971	0.02412	0.09956	0.06938	0.09624	0.02112	0.48569	0.02685	0.01969	0.02700	0.01684	0.02235	0.01270	0.00736	0.00966	0.00282	0.01368	0.00938	0.00421	0.01164

[dist]
# distance from previous block
# <min> <max>
1	2

[block]
# block no. 1 follows, 21 sequences, length 51
# corresponding to MSA columns:
# 43-93
name=unknown_B
#
# <colnr> <probs for GDERKNQSTAVLIFYWHMCP>
#	G	D	E	R	K	N	Q	S	T	A	V	L	I	F	Y	W	H	M	C	P
0	0.01797	0.01371	0.01555	0.01423	0.01797	0.01451	0.01126	0.08841	0.21819	0.05903	0.13875	0.05286	0.16306	0.01892	0.05079	0.00359	0.00723	0.07513	0.00833	0.01049
1	0.01987	0.01726	0.04762	0.01658	0.05970	0.01415	0.01280	0.02769	0.13128	0.07152	0.02002	0.02123	0.01561	0.00771	0.00710	0.00179	0.00696	0.00633	0.00596	0.48880
2	0.10136	0.01615	0.02290	0.43484	0.04434	0.01965	0.01958	0.08427	0.05019	0.02798	0.01671	0.02216	0.01269	0.00919	0.00908	0.00279	0.04666	0.00736	0.04203	0.01006
3	0.02147	0.01641	0.02023	0.01515	0.02222	0.01427	0.04204	0.06241	0.10718	0.10171	0.02042	0.02137	0.01559	0.00780	0.00721	0.00181	0.00706	0.00650	0.00635	0.48278
4	0.02025	0.01572	0.04912	0.04899	0.02288	0.01342	0.04761	0.06975	0.04916	0.12524	0.14341	0.06608	0.06288	0.01163	0.00846	0.00234	0.00712	0.01004	0.00723	0.21867
5	0.02117	0.01828	0.01924	0.01732	0.02213	0.02117	0.01347	0.04522	0.63246	0.03560	0.03464	0.03175	0.02598	0.01155	0.00866	0.00289	0.00673	0.00962	0.00866	0.01347
6	0.01765	0.01513	0.01765	0.01260	0.02017	0.01134	0.01008	0.02143	0.01765	0.02773	0.01513	0.01765	0.01260	0.00630	0.00630	0.00126	0.00630	0.00504	0.00504	0.75295
7	0.01730	0.01476	0.01728	0.01257	0.01980	0.01113	0.00998	0.02098	0.01758	0.02745	0.01663	0.04969	0.01467	0.00726	0.00652	0.00136	0.00624	0.00595	0.00518	0.71768
8	0.01585	0.04449	0.01427	0.01192	0.01473	0.01002	0.00946	0.01971	0.02333	0.10617	0.47956	0.06019	0.06666	0.01668	0.00980	0.00275	0.00503	0.07139	0.00907	0.00892
9	0.01174	0.00862	0.01100	0.01054	0.01256	0.00788	0.00785	0.01541	0.02316	0.03225	0.55056	0.09992	0.14009	0.01835	0.01008	0.00274	0.00410	0.01615	0.00913	0.00788
10	0.01752	0.01660	0.02814	0.49850	0.22928	0.01929	0.02435	0.02301	0.01770	0.02350	0.01538	0.02222	0.01196	0.00824	0.00848	0.00275	0.01099	0.00757	0.00391	0.01062
11	0.02075	0.01990	0.03398	0.09165	0.61087	0.02014	0.02596	0.02584	0.01923	0.02742	0.01595	0.02116	0.01335	0.00764	0.00843	0.00255	0.01019	0.00758	0.00419	0.01323
12	0.01233	0.00838	0.00990	0.00986	0.01015	0.00850	0.00595	0.01292	0.01326	0.01797	0.06504	0.05371	0.03296	0.58717	0.11063	0.00850	0.00960	0.01220	0.00535	0.00561
13	0.01327	0.01123	0.01728	0.29775	0.03250	0.01282	0.01501	0.01683	0.01733	0.02302	0.09627	0.31659	0.03811	0.01750	0.01036	0.00312	0.03110	0.01556	0.00615	0.00820
14	0.02902	0.03249	0.02581	0.08903	0.03017	0.40369	0.04350	0.15183	0.02583	0.02792	0.01491	0.01766	0.01182	0.00933	0.00922	0.00245	0.05293	0.00645	0.00513	0.01081
15	0.03013	0.02273	0.02429	0.01913	0.02555	0.02535	0.01564	0.50556	0.15752	0.05006	0.02325	0.02268	0.01675	0.01048	0.00854	0.00262	0.00884	0.00805	0.00854	0.01427
16	0.02341	0.02134	0.01834	0.01647	0.02084	0.17799	0.01266	0.06130	0.24579	0.09140	0.03851	0.07476	0.13428	0.01338	0.00878	0.00270	0.00851	0.01075	0.00759	0.01121
17	0.01731	0.01741	0.03100	0.34992	0.04525	0.02044	0.16962	0.02236	0.01692	0.02285	0.01642	0.05567	0.01395	0.01041	0.01303	0.00306	0.15146	0.00899	0.00411	0.00980
18	0.01779	0.01558	0.01955	0.01397	0.02159	0.01194	0.04562	0.02177	0.01779	0.02770	0.01525	0.01796	0.01262	0.00635	0.00652	0.00135	0.00677	0.00533	0.00500	0.70953
19	0.20714	0.05634	0.35213	0.01991	0.05017	0.01890	0.02186	0.02642	0.01735	0.05706	0.01509	0.01731	0.01113	0.00791	0.00711	0.00248	0.00993	0.00581	0.00450	0.09144
20	0.01660	0.01275	0.01544	0.01230	0.01773	0.01012	0.00951	0.02001	0.01883	0.06092	0.12422	0.13871	0.03141	0.01174	0.00779	0.00193	0.00575	0.01011	0.00652	0.46760
21	0.76103	0.01646	0.01251	0.01119	0.01646	0.01909	0.00922	0.02502	0.01448	0.03818	0.01185	0.01382	0.00922	0.00790	0.00527	0.00263	0.00658	0.00461	0.00527	0.00922
22	0.03133	0.01682	0.04235	0.01812	0.05506	0.01554	0.01435	0.07333	0.14578	0.40263	0.03217	0.03232	0.02261	0.01127	0.00875	0.00275	0.00763	0.04413	0.00931	0.01376
23	0.01139	0.00919	0.01020	0.00986	0.01253	0.00827	0.00742	0.01544	0.05545	0.02769	0.28312	0.07251	0.40742	0.01950	0.00997	0.00280	0.00434	0.01657	0.00847	0.00784
24	0.01727	0.01509	0.02521	0.64428	0.05661	0.01856	0.02303	0.02282	0.01742	0.05612	0.01613	0.02303	0.01187	0.00862	0.00851	0.00283	0.01112	0.00762	0.00415	0.00973
25	0.01204	0.00870	0.01138	0.01071	0.01271	0.00803	0.00803	0.01606	0.02409	0.03413	0.64335	0.06357	0.08030	0.01740	0.01004	0.00268	0.00401	0.01539	0.00937	0.00803
26	0.01557	0.01346	0.01756	0.01555	0.01596	0.01672	0.01170	0.01664	0.01297	0.01897	0.01889	0.03635	0.02073	0.34347	0.03413	0.00576	0.32366	0.00968	0.00448	0.04776
27	0.01694	0.01569	0.02418	0.09037	0.02641	0.01868	0.09477	0.04019	0.04372	0.02379	0.04415	0.05010	0.01957	0.05524	0.14746	0.00549	0.23413	0.00929	0.00484	0.03501
28	0.76103	0.01646	0.01251	0.01119	0.01646	0.01909	0.00922	0.02502	0.01448	0.03818	0.01185	0.01382	0.00922	0.00790	0.00527	0.00263	0.00658	0.00461	0.00527	0.00922
29	0.02035	0.01949	0.03325	0.14235	0.56332	0.02003	0.02576	0.02549	0.01904	0.02693	0.01588	0.02130	0.01317	0.00772	0.00844	0.00257	0.01029	0.00758	0.00415	0.01290
30	0.03818	0.01448	0.01975	0.01514	0.02172	0.01251	0.01251	0.04147	0.02436	0.65373	0.03357	0.02897	0.02107	0.01053	0.00856	0.00263	0.00724	0.00856	0.01053	0.01448
31	0.09719	0.09897	0.02489	0.02148	0.06306	0.46649	0.01567	0.03050	0.02150	0.02245	0.01318	0.01602	0.01118	0.00969	0.00878	0.04615	0.01314	0.00555	0.00434	0.00977
32	0.02275	0.70604	0.04459	0.01456	0.02184	0.03367	0.01456	0.02548	0.01729	0.02002	0.01183	0.01365	0.01092	0.00728	0.00546	0.00182	0.00910	0.00455	0.00364	0.01092
33	0.01765	0.01513	0.01765	0.01260	0.02017	0.01134	0.01008	0.02143	0.01765	0.02773	0.01513	0.01765	0.01260	0.00630	0.00630	0.00126	0.00630	0.00504	0.00504	0.75295
34	0.02265	0.66416	0.04398	0.01686	0.06007	0.03285	0.01527	0.02552	0.01742	0.02050	0.01209	0.01410	0.01108	0.00730	0.00564	0.00186	0.00916	0.00474	0.00368	0.01108
35	0.01127	0.00867	0.01030	0.00989	0.01224	0.00770	0.00742	0.01456	0.02226	0.02978	0.42590	0.07072	0.30045	0.01902	0.01005	0.00275	0.00413	0.01639	0.00880	0.00770
36	0.07360	0.01458	0.01939	0.01495	0.02147	0.01283	0.01235	0.04067	0.02387	0.62357	0.03251	0.02822	0.02049	0.01040	0.00840	0.00263	0.00721	0.00836	0.01027	0.01422
37	0.06749	0.02221	0.02364	0.01848	0.02480	0.02459	0.01517	0.51875	0.07246	0.05060	0.05886	0.02339	0.01890	0.01061	0.00845	0.00258	0.00874	0.00809	0.00841	0.01375
38	0.02599	0.01881	0.02058	0.01744	0.02292	0.02089	0.01386	0.15921	0.42181	0.13318	0.03164	0.02907	0.02294	0.01113	0.00861	0.00278	0.00734	0.00907	0.00891	0.01382
39	0.01055	0.00755	0.01004	0.01172	0.01238	0.00703	0.00791	0.01231	0.01715	0.02308	0.11215	0.62626	0.05891	0.02565	0.01077	0.00337	0.00484	0.02323	0.00806	0.00703
40	0.01194	0.00905	0.01171	0.04791	0.01508	0.00850	0.00865	0.01574	0.02291	0.03159	0.51574	0.06432	0.16997	0.01759	0.00995	0.00272	0.00447	0.01538	0.00881	0.00797
41	0.01862	0.01862	0.02607	0.02234	0.02234	0.02607	0.01862	0.02048	0.01303	0.02048	0.01117	0.01862	0.01117	0.01489	0.02793	0.00372	0.68535	0.00745	0.00372	0.00931
42	0.76103	0.01646	0.01251	0.01119	0.01646	0.01909	0.00922	0.02502	0.01448	0.03818	0.01185	0.01382	0.00922	0.00790	0.00527	0.00263	0.00658	0.00461	0.00527	0.00922
43	0.01181	0.00952	0.01151	0.01236	0.04613	0.00871	0.00849	0.01557	0.04585	0.02740	0.26529	0.13990	0.32718	0.01957	0.01000	0.00285	0.00469	0.01690	0.00824	0.00803
44	0.02700	0.02245	0.02397	0.09280	0.07934	0.09171	0.01663	0.34858	0.06320	0.04085	0.02284	0.02421	0.04282	0.01022	0.00834	0.00254	0.00959	0.00799	0.05235	0.01257
45	0.02165	0.01852	0.01951	0.01742	0.02231	0.02139	0.01359	0.06983	0.60707	0.03637	0.03403	0.03127	0.02548	0.01149	0.00865	0.00287	0.00685	0.00954	0.00865	0.01351
46	0.02019	0.01980	0.03103	0.14856	0.48340	0.05347	0.02406	0.02502	0.01925	0.02618	0.01983	0.02458	0.04997	0.00861	0.00849	0.00258	0.01024	0.00808	0.00437	0.01228
47	0.06535	0.01871	0.02117	0.04966	0.02468	0.01923	0.01380	0.24323	0.12140	0.13334	0.02267	0.02259	0.01638	0.00935	0.00786	0.00233	0.00788	0.00733	0.00763	0.18541
48	0.03024	0.02205	0.02364	0.01824	0.02466	0.02409	0.01500	0.53993	0.03706	0.05055	0.02084	0.02130	0.01504	0.01001	0.00819	0.00245	0.00875	0.00757	0.07356	0.04683
49	0.01362	0.04547	0.01538	0.01325	0.01599	0.01131	0.04587	0.05388	0.05191	0.02636	0.11521	0.31296	0.20558	0.02033	0.00998	0.00301	0.00583	0.01795	0.00770	0.00840
50	0.02545	0.02364	0.02136	0.01848	0.02366	0.15741	0.01458	0.17651	0.29527	0.03577	0.02632	0.02862	0.02072	0.01107	0.00847	0.00264	0.00922	0.04206	0.00749	0.05126

[dist]
# distance from previous block
# <min> <max>
0	1

[block]
# block no. 2 follows, 21 sequences, length 8
# corresponding to MSA columns:
# 95-102
name=unknown_C
#
# <colnr> <probs for GDERKNQSTAVLIFYWHMCP>
#	G	D	E	R	K	N	Q	S	T	A	V	L	I	F	Y	W	H	M	C	P
0	0.28427	0.04770	0.01753	0.01336	0.01904	0.01669	0.01106	0.09929	0.02176	0.25197	0.03073	0.02930	0.10188	0.01095	0.00747	0.00262	0.00694	0.00819	0.00778	0.01147
1	0.25206	0.10406	0.16735	0.10178	0.02850	0.02008	0.01765	0.05159	0.01868	0.13961	0.01719	0.01880	0.01233	0.00850	0.00706	0.00257	0.00909	0.00618	0.00555	0.01135
2	0.11015	0.01823	0.02010	0.13447	0.02744	0.05189	0.01462	0.25965	0.02681	0.03753	0.07988	0.13211	0.02591	0.01287	0.00860	0.00275	0.00849	0.01054	0.00706	0.01091
3	0.01106	0.00792	0.01057	0.01194	0.01292	0.00743	0.00847	0.01334	0.01836	0.02488	0.18180	0.49693	0.06105	0.02427	0.01076	0.00332	0.00500	0.07451	0.00823	0.00725
4	0.01124	0.00872	0.00990	0.01041	0.01215	0.00809	0.00726	0.01423	0.05243	0.02308	0.09676	0.27903	0.29300	0.11637	0.01484	0.00380	0.00518	0.01864	0.00766	0.00722
5	0.02997	0.03753	0.02439	0.02198	0.02576	0.57817	0.01674	0.03211	0.02258	0.02078	0.01288	0.01580	0.01099	0.00962	0.01047	0.00240	0.10799	0.00575	0.00429	0.00979
6	0.01679	0.01421	0.01673	0.01252	0.01924	0.01082	0.00983	0.02030	0.01749	0.02702	0.01888	0.09776	0.01777	0.00871	0.00684	0.00152	0.00614	0.00731	0.00538	0.66476
7	0.02139	0.01706	0.02377	0.01951	0.06865	0.01501	0.09088	0.09873	0.02139	0.08513	0.01972	0.06225	0.01641	0.00864	0.00770	0.00198	0.00800	0.00770	0.00598	0.40008

[dist]
# distance from previous block
# <min> <max>
0	1

[block]
# block no. 3 follows, 21 sequences, length 14
# corresponding to MSA columns:
# 104-117
name=unknown_D
#
# <colnr> <probs for GDERKNQSTAVLIFYWHMCP>
#	G	D	E	R	K	N	Q	S	T	A	V	L	I	F	Y	W	H	M	C	P
0	0.01939	0.02142	0.09805	0.04324	0.46836	0.01870	0.06099	0.02484	0.01947	0.02785	0.06364	0.05709	0.02017	0.00927	0.00873	0.00262	0.00993	0.00899	0.00471	0.01254
1	0.02311	0.02103	0.02022	0.01797	0.02288	0.08946	0.01398	0.08625	0.52492	0.03537	0.03133	0.02919	0.02355	0.01116	0.00854	0.00279	0.00783	0.00904	0.00820	0.01316
2	0.01549	0.01223	0.01683	0.13903	0.06918	0.01320	0.01316	0.07991	0.01962	0.02670	0.08400	0.23963	0.06073	0.08035	0.01330	0.00348	0.03146	0.02992	0.04300	0.00876
3	0.01236	0.00835	0.01024	0.01041	0.01091	0.00865	0.00667	0.01341	0.01334	0.01861	0.02774	0.10559	0.03045	0.45705	0.17798	0.00867	0.01096	0.01242	0.05016	0.00603
4	0.02099	0.02432	0.04819	0.03479	0.04307	0.07160	0.57032	0.02778	0.02040	0.02676	0.01690	0.02236	0.01276	0.00730	0.00986	0.00282	0.01442	0.00969	0.00431	0.01135
5	0.01842	0.02743	0.21972	0.03061	0.06684	0.02009	0.33695	0.02551	0.01872	0.02636	0.01854	0.07336	0.01559	0.00943	0.01055	0.00290	0.05345	0.00979	0.00434	0.01140
6	0.01974	0.01887	0.03215	0.21925	0.49119	0.01987	0.02546	0.02495	0.01875	0.02619	0.01577	0.02149	0.01291	0.00783	0.00845	0.00261	0.01044	0.00758	0.00410	0.01241
7	0.01064	0.00741	0.00995	0.01180	0.01227	0.00694	0.00787	0.01180	0.01598	0.02130	0.04495	0.65456	0.05376	0.02684	0.01223	0.04911	0.00509	0.02317	0.00764	0.00672
8	0.01833	0.02251	0.10568	0.15629	0.04338	0.02014	0.37633	0.02490	0.01872	0.02551	0.01817	0.06376	0.01499	0.00909	0.01041	0.00292	0.04379	0.00993	0.00432	0.01082
9	0.01803	0.03729	0.46291	0.02797	0.03928	0.02033	0.21860	0.02705	0.01864	0.02705	0.01589	0.01956	0.01146	0.00779	0.00871	0.00275	0.01314	0.00749	0.00382	0.01223
10	0.01116	0.04019	0.01144	0.01171	0.01247	0.00831	0.00792	0.01254	0.01593	0.02110	0.04316	0.59636	0.05150	0.09649	0.01401	0.00388	0.00548	0.02203	0.00741	0.00692
11	0.02661	0.02581	0.03357	0.07165	0.07264	0.14104	0.20559	0.24991	0.02804	0.03563	0.01746	0.02048	0.01307	0.00872	0.00883	0.00260	0.01220	0.00800	0.00585	0.01229
12	0.01774	0.07086	0.56424	0.02677	0.10044	0.02043	0.03013	0.02680	0.01809	0.02673	0.01520	0.01810	0.01107	0.00800	0.00800	0.00264	0.01216	0.00635	0.00366	0.01260
13	0.03153	0.01674	0.02011	0.01581	0.02177	0.01654	0.01292	0.22434	0.04995	0.34193	0.08178	0.03301	0.07042	0.01183	0.00878	0.00264	0.00743	0.00955	0.00953	0.01339

[dist]
# distance from previous block
# <min> <max>
4	6

[block]
# block no. 4 follows, 21 sequences, length 9
# corresponding to MSA columns:
# 124-132
name=unknown_E
#
# <colnr> <probs for GDERKNQSTAVLIFYWHMCP>
#	G	D	E	R	K	N	Q	S	T	A	V	L	I	F	Y	W	H	M	C	P
0	0.02518	0.02333	0.02961	0.09608	0.37436	0.14827	0.02200	0.05456	0.02156	0.09787	0.01754	0.02094	0.01369	0.00835	0.00830	0.00250	0.01091	0.00728	0.00511	0.01256
1	0.03818	0.01448	0.01975	0.01514	0.02172	0.01251	0.01251	0.04147	0.02436	0.65373	0.03357	0.02897	0.02107	0.01053	0.00856	0.00263	0.00724	0.00856	0.01053	0.01448
2	0.01703	0.01492	0.01956	0.01452	0.02137	0.01172	0.06194	0.02084	0.01770	0.02701	0.01890	0.09485	0.01758	0.00868	0.00714	0.00165	0.00684	0.00764	0.00530	0.60480
3	0.01174	0.00931	0.01446	0.01428	0.01572	0.00874	0.07662	0.01385	0.01674	0.02247	0.07062	0.52930	0.05019	0.08647	0.01374	0.00380	0.00627	0.02107	0.00731	0.00732
4	0.66572	0.01999	0.09506	0.01286	0.01907	0.01918	0.01206	0.02526	0.01493	0.03674	0.01229	0.01436	0.00942	0.00792	0.00563	0.00264	0.00735	0.00482	0.00505	0.00965
5	0.01666	0.01580	0.02726	0.54935	0.11074	0.01873	0.05911	0.02228	0.01755	0.02283	0.01685	0.02626	0.01354	0.00910	0.00876	0.00286	0.01123	0.03716	0.00406	0.00987
6	0.07215	0.02244	0.02406	0.01867	0.02527	0.02467	0.01537	0.51306	0.06883	0.09687	0.02170	0.02131	0.01529	0.01018	0.00835	0.00258	0.00891	0.00767	0.00849	0.01413
7	0.01773	0.04169	0.02419	0.14471	0.02876	0.01835	0.08012	0.02167	0.01647	0.02493	0.01663	0.02217	0.01378	0.01010	0.01335	0.00262	0.20627	0.00733	0.15478	0.13434
8	0.02125	0.23383	0.08097	0.01653	0.02159	0.19127	0.01473	0.02480	0.02099	0.02508	0.20181	0.02966	0.03173	0.01112	0.00865	0.00234	0.03992	0.00833	0.00555	0.00985

[dist]
# distance from previous block
# <min> <max>
1	3

[block]
# block no. 5 follows, 21 sequences, length 7
# corresponding to MSA columns:
# 136-142
name=unknown_F
#
# <colnr> <probs for GDERKNQSTAVLIFYWHMCP>
#	G	D	E	R	K	N	Q	S	T	A	V	L	I	F	Y	W	H	M	C	P
0	0.45887	0.12277	0.09373	0.01540	0.02201	0.02166	0.05654	0.02695	0.06122	0.03323	0.01430	0.01625	0.01115	0.00805	0.00621	0.00255	0.00821	0.00555	0.00502	0.01033
1	0.01342	0.00818	0.01096	0.01221	0.01337	0.00753	0.00840	0.01510	0.01718	0.09101	0.04544	0.62231	0.05242	0.02489	0.01061	0.00337	0.00519	0.02248	0.00819	0.00774
2	0.01765	0.01513	0.01765	0.01260	0.02017	0.01134	0.01008	0.02143	0.01765	0.02773	0.01513	0.01765	0.01260	0.00630	0.00630	0.00126	0.00630	0.00504	0.00504	0.75295
3	0.02587	0.07366	0.05972	0.02106	0.07219	0.07968	0.05989	0.15015	0.07314	0.11929	0.02012	0.02106	0.01494	0.00866	0.00785	0.00226	0.00935	0.00706	0.00644	0.16761
4	0.16755	0.00925	0.01124	0.01119	0.01233	0.00974	0.00782	0.01403	0.01238	0.02038	0.01783	0.09950	0.01836	0.02478	0.02496	0.51327	0.00695	0.00873	0.00450	0.00520
5	0.01268	0.00900	0.01163	0.01205	0.01352	0.00946	0.00888	0.01637	0.05048	0.02332	0.06689	0.19631	0.06335	0.10833	0.23594	0.00719	0.01141	0.04489	0.09074	0.00756
6	0.02619	0.29446	0.03154	0.01850	0.02382	0.30264	0.01546	0.03137	0.09873	0.02239	0.01528	0.01697	0.01288	0.00889	0.00808	0.00222	0.04952	0.00576	0.00461	0.01070

[dist]
# distance from previous block
# <min> <max>
0	1

[block]
# block no. 6 follows, 21 sequences, length 58
# corresponding to MSA columns:
# 144-201
name=unknown_G
#
# <colnr> <probs for GDERKNQSTAVLIFYWHMCP>
#	G	D	E	R	K	N	Q	S	T	A	V	L	I	F	Y	W	H	M	C	P
0	0.06158	0.16532	0.32407	0.02182	0.03081	0.08606	0.06331	0.06415	0.01948	0.02695	0.01443	0.01719	0.01114	0.00847	0.00873	0.00254	0.05196	0.00619	0.00414	0.01166
1	0.02163	0.02449	0.08613	0.09370	0.39322	0.10248	0.05933	0.02810	0.05828	0.02681	0.01675	0.02098	0.01351	0.00808	0.00842	0.00257	0.01113	0.00748	0.00443	0.01250
2	0.02096	0.01784	0.01894	0.01696	0.02165	0.02047	0.01320	0.06448	0.56950	0.03617	0.07519	0.03348	0.02922	0.01189	0.00875	0.00286	0.00665	0.00994	0.00870	0.01314
3	0.02240	0.01738	0.01887	0.01674	0.02158	0.01957	0.01308	0.04326	0.53768	0.09835	0.06752	0.03319	0.02842	0.01176	0.00872	0.00285	0.00664	0.00983	0.00889	0.01328
4	0.01226	0.00824	0.00947	0.00958	0.00966	0.00826	0.00550	0.01245	0.01263	0.01690	0.02776	0.08957	0.03197	0.64182	0.06365	0.00818	0.00859	0.01290	0.00528	0.00534
5	0.76103	0.01646	0.01251	0.01119	0.01646	0.01909	0.00922	0.02502	0.01448	0.03818	0.01185	0.01382	0.00922	0.00790	0.00527	0.00263	0.00658	0.00461	0.00527	0.00922
6	0.01275	0.00944	0.01165	0.01082	0.01321	0.00881	0.00819	0.04558	0.02415	0.03336	0.52538	0.06427	0.16497	0.01769	0.00996	0.00270	0.00433	0.01541	0.00910	0.00822
7	0.02107	0.02004	0.03314	0.04903	0.59038	0.02031	0.02496	0.02787	0.07568	0.02852	0.01772	0.02204	0.01463	0.00795	0.00845	0.00256	0.00980	0.00777	0.00462	0.01348
8	0.02194	0.01785	0.01845	0.01645	0.02093	0.05036	0.01285	0.12880	0.34246	0.06346	0.03732	0.10251	0.08032	0.01398	0.00904	0.00288	0.00725	0.03272	0.00834	0.01209
9	0.01326	0.01031	0.01328	0.04861	0.01667	0.01069	0.00997	0.04015	0.05886	0.02834	0.26312	0.24624	0.10284	0.02158	0.04325	0.00353	0.03654	0.01650	0.00794	0.00833
10	0.01879	0.01940	0.06858	0.13184	0.25396	0.01834	0.14115	0.05289	0.01960	0.02730	0.02154	0.06143	0.04043	0.01206	0.03908	0.00320	0.01106	0.00939	0.03863	0.01135
11	0.35677	0.05926	0.01856	0.04694	0.02107	0.05573	0.01197	0.17327	0.02163	0.03657	0.01718	0.05118	0.01493	0.07031	0.00999	0.00308	0.00822	0.00715	0.00598	0.01022
12	0.01665	0.01219	0.01573	0.01402	0.01701	0.01221	0.03733	0.09575	0.02170	0.06380	0.14443	0.23333	0.12493	0.01778	0.01081	0.00289	0.05176	0.01524	0.04792	0.04454
13	0.13894	0.25270	0.02936	0.01915	0.06202	0.25833	0.01497	0.03003	0.02013	0.08269	0.01461	0.01619	0.01179	0.00824	0.00671	0.00220	0.01088	0.00546	0.00484	0.01077
14	0.12173	0.01238	0.01509	0.01259	0.01724	0.01145	0.01008	0.02857	0.02243	0.32046	0.21558	0.04311	0.10716	0.01345	0.00873	0.00267	0.00588	0.01111	0.00921	0.01108
15	0.33747	0.01564	0.01833	0.21141	0.03004	0.01808	0.01454	0.05166	0.01738	0.10699	0.01633	0.01992	0.01224	0.01154	0.03208	0.03084	0.03365	0.00647	0.00547	0.00991
16	0.01914	0.08281	0.45117	0.02243	0.03268	0.05817	0.05333	0.02813	0.05265	0.05000	0.05625	0.02178	0.01648	0.00889	0.00815	0.00262	0.01153	0.00714	0.00457	0.01209
17	0.01034	0.00840	0.00917	0.00946	0.01179	0.00723	0.00691	0.01258	0.01935	0.02401	0.14192	0.19384	0.47129	0.02203	0.01020	0.00296	0.00439	0.01883	0.00807	0.00723
18	0.01039	0.00859	0.00915	0.00940	0.01198	0.00735	0.00709	0.01267	0.01935	0.02350	0.10402	0.13338	0.53567	0.02192	0.01023	0.00298	0.00456	0.05259	0.00796	0.00724
19	0.02934	0.03656	0.02369	0.02148	0.02526	0.56538	0.01631	0.03155	0.02242	0.02073	0.01353	0.01674	0.01159	0.01263	0.04870	0.00302	0.08118	0.00589	0.00433	0.00968
20	0.01765	0.01513	0.01765	0.01260	0.02017	0.01134	0.01008	0.02143	0.01765	0.02773	0.01513	0.01765	0.01260	0.00630	0.00630	0.00126	0.00630	0.00504	0.00504	0.75295
21	0.02109	0.01650	0.01890	0.01426	0.02107	0.01456	0.01141	0.14309	0.04832	0.05694	0.01973	0.06187	0.01662	0.00876	0.00722	0.00178	0.00689	0.00710	0.00628	0.49760
22	0.02061	0.01961	0.03254	0.04763	0.56547	0.02006	0.02448	0.02639	0.04851	0.02809	0.04088	0.02310	0.01655	0.00848	0.00937	0.00260	0.03997	0.00797	0.00460	0.01308
23	0.02139	0.01841	0.01984	0.01745	0.02225	0.02116	0.01370	0.07124	0.53565	0.03525	0.03159	0.02970	0.02387	0.01138	0.00958	0.00283	0.04400	0.00916	0.00819	0.05337
24	0.02930	0.01645	0.04802	0.01592	0.02170	0.01493	0.01338	0.06474	0.11686	0.36615	0.05656	0.06817	0.02459	0.01176	0.00957	0.00269	0.04103	0.00951	0.00894	0.05972
25	0.14115	0.06602	0.43954	0.02137	0.03127	0.02011	0.04779	0.02577	0.01749	0.02855	0.04327	0.01940	0.01382	0.00872	0.00858	0.00270	0.04219	0.00655	0.00417	0.01154
26	0.01879	0.07934	0.34602	0.02876	0.03922	0.02148	0.29040	0.02699	0.01886	0.02662	0.01590	0.01989	0.01174	0.00763	0.00878	0.00271	0.01313	0.00784	0.00391	0.01198
27	0.01455	0.01096	0.01234	0.01184	0.01405	0.05252	0.00877	0.01786	0.02251	0.06754	0.43299	0.17180	0.09307	0.01824	0.00994	0.00279	0.00515	0.01600	0.00877	0.00830
28	0.01787	0.03926	0.53239	0.02985	0.15902	0.01985	0.03038	0.02678	0.01825	0.02712	0.01542	0.01859	0.01132	0.00798	0.00815	0.00266	0.01208	0.00655	0.00372	0.01276
29	0.01929	0.02005	0.06249	0.23292	0.34176	0.02001	0.09195	0.02604	0.05226	0.02634	0.01687	0.02220	0.01334	0.00805	0.00863	0.00269	0.01089	0.00791	0.00431	0.01202
30	0.01779	0.10518	0.56955	0.02468	0.06456	0.02109	0.02960	0.02677	0.01797	0.02634	0.01498	0.01771	0.01092	0.00799	0.00785	0.00260	0.01213	0.00619	0.00363	0.01246
31	0.03467	0.01727	0.05784	0.01618	0.02285	0.01473	0.01395	0.12536	0.02591	0.49555	0.03119	0.06031	0.02123	0.01115	0.00864	0.00267	0.00776	0.00907	0.00969	0.01399
32	0.05298	0.05624	0.13220	0.03025	0.03844	0.02109	0.42086	0.02593	0.01892	0.02681	0.01784	0.05804	0.01465	0.00871	0.01007	0.00285	0.03887	0.00968	0.00439	0.01117
33	0.01872	0.06921	0.52533	0.02200	0.03301	0.01889	0.02727	0.02727	0.01895	0.08001	0.06501	0.02221	0.01701	0.00897	0.00815	0.00265	0.01131	0.00710	0.00462	0.01231
34	0.62361	0.01653	0.01440	0.04269	0.01935	0.01877	0.01051	0.05311	0.01671	0.09821	0.01451	0.01601	0.01071	0.00829	0.00588	0.00264	0.00699	0.00527	0.00586	0.00998
35	0.01938	0.01993	0.02591	0.05475	0.02440	0.06895	0.01872	0.02145	0.01398	0.02057	0.01150	0.01860	0.01117	0.01417	0.02560	0.00358	0.60691	0.00732	0.00377	0.00935
36	0.01897	0.08930	0.32969	0.03048	0.13004	0.02174	0.17280	0.02645	0.01840	0.02625	0.01537	0.01934	0.01175	0.00806	0.00939	0.00269	0.04593	0.00732	0.00387	0.01214
37	0.10138	0.01635	0.02131	0.01748	0.02235	0.04696	0.09539	0.10828	0.02288	0.19598	0.06562	0.19132	0.02950	0.01405	0.00903	0.00284	0.00809	0.01234	0.00782	0.01104
38	0.01256	0.00963	0.01412	0.01390	0.01522	0.01140	0.01074	0.01532	0.01355	0.01958	0.02237	0.03405	0.02132	0.10390	0.58690	0.01272	0.06140	0.00924	0.00455	0.00754
39	0.01088	0.00903	0.01027	0.04925	0.01459	0.00808	0.00785	0.01367	0.02034	0.02550	0.21110	0.07411	0.47581	0.01981	0.00996	0.00283	0.00466	0.01674	0.00800	0.00752
40	0.01665	0.01585	0.02598	0.55787	0.07824	0.02001	0.02301	0.02174	0.01654	0.02182	0.01459	0.02203	0.01141	0.00940	0.01134	0.00295	0.10964	0.00755	0.00379	0.00960
41	0.03235	0.02384	0.02554	0.01958	0.02639	0.02639	0.01618	0.61946	0.04001	0.05363	0.02043	0.02043	0.01447	0.01022	0.00851	0.00255	0.00936	0.00766	0.00851	0.01447
42	0.01862	0.01862	0.02607	0.02234	0.02234	0.02607	0.01862	0.02048	0.01303	0.02048	0.01117	0.01862	0.01117	0.01489	0.02793	0.00372	0.68535	0.00745	0.00372	0.00931
43	0.09739	0.03267	0.02406	0.02234	0.06231	0.41046	0.01644	0.13962	0.02518	0.02886	0.01442	0.01669	0.01161	0.00927	0.00893	0.00242	0.05528	0.00605	0.00517	0.01084
44	0.07761	0.05985	0.02324	0.01674	0.02338	0.02000	0.01398	0.28253	0.02993	0.32714	0.02546	0.02357	0.01699	0.01005	0.00816	0.00255	0.00821	0.00771	0.00896	0.01395
45	0.01218	0.00903	0.01325	0.01325	0.01463	0.01041	0.01011	0.01492	0.01355	0.01944	0.02318	0.03558	0.02221	0.12521	0.60709	0.01315	0.02139	0.00943	0.00462	0.00736
46	0.01498	0.01028	0.01140	0.01062	0.01151	0.01062	0.00659	0.09154	0.01598	0.02134	0.02598	0.05109	0.02879	0.61085	0.03878	0.00751	0.00840	0.01176	0.00559	0.00637
47	0.01204	0.00870	0.01138	0.01071	0.01271	0.00803	0.00803	0.01606	0.02409	0.03413	0.64335	0.06357	0.08030	0.01740	0.01004	0.00268	0.00401	0.01539	0.00937	0.00803
48	0.72113	0.01686	0.01322	0.01165	0.01700	0.01949	0.00960	0.05757	0.01588	0.03903	0.01232	0.01419	0.00950	0.00803	0.00544	0.00263	0.00674	0.00478	0.00544	0.00950
49	0.01707	0.04402	0.65683	0.02426	0.03683	0.01976	0.03144	0.02695	0.01797	0.02695	0.01527	0.01797	0.01078	0.00809	0.00809	0.00270	0.01258	0.00629	0.00359	0.01258
50	0.01770	0.01786	0.03297	0.39529	0.07745	0.01970	0.20085	0.02352	0.01789	0.02391	0.01561	0.02226	0.01197	0.00825	0.00974	0.00279	0.04268	0.00818	0.00402	0.04735
51	0.01330	0.01009	0.01269	0.01420	0.07498	0.00905	0.00948	0.01629	0.02063	0.06030	0.20281	0.09760	0.36325	0.01894	0.00993	0.00285	0.00516	0.04202	0.00802	0.00841
52	0.02457	0.57379	0.04065	0.01587	0.02273	0.11820	0.01492	0.06399	0.01964	0.02224	0.01255	0.01431	0.01115	0.00767	0.00595	0.00192	0.00996	0.00487	0.00405	0.01100
53	0.01607	0.01513	0.02552	0.68047	0.05861	0.01891	0.02363	0.02174	0.01702	0.02174	0.01513	0.02269	0.01134	0.00851	0.00851	0.00284	0.01134	0.00756	0.00378	0.00945
54	0.05149	0.02176	0.03132	0.07951	0.49185	0.09123	0.02359	0.02746	0.01983	0.05796	0.01635	0.02063	0.01329	0.00792	0.00823	0.00252	0.01048	0.00728	0.00456	0.01275
55	0.01216	0.00912	0.01368	0.01368	0.01520	0.01064	0.01064	0.01520	0.01368	0.01976	0.02279	0.03343	0.02127	0.06382	0.66720	0.01368	0.02279	0.00912	0.00456	0.00760
56	0.02742	0.36232	0.03402	0.01836	0.02415	0.36066	0.01553	0.02987	0.02082	0.02044	0.01251	0.01453	0.01094	0.00805	0.00660	0.00201	0.01233	0.00503	0.00402	0.01038
57	0.01650	0.01082	0.01593	0.06965	0.01901	0.01137	0.04310	0.07741	0.01630	0.02215	0.02040	0.08476	0.01979	0.02522	0.06096	0.40222	0.00887	0.02978	0.03920	0.00657

[dist]
# distance from previous block
# <min> <max>
0	3

[block]
# block no. 7 follows, 21 sequences, length 28
# corresponding to MSA columns:
# 205-232
name=unknown_H
#
# <colnr> <probs for GDERKNQSTAVLIFYWHMCP>
#	G	D	E	R	K	N	Q	S	T	A	V	L	I	F	Y	W	H	M	C	P
0	0.18060	0.10924	0.02405	0.08959	0.02628	0.06412	0.01472	0.25251	0.02610	0.06982	0.01858	0.05487	0.01494	0.00997	0.00751	0.00254	0.00900	0.00741	0.00649	0.01166
1	0.06706	0.04937	0.03222	0.14381	0.49060	0.02054	0.02416	0.02535	0.01862	0.02719	0.01543	0.02053	0.01277	0.00773	0.00811	0.00255	0.01003	0.00726	0.00419	0.01248
2	0.07773	0.51795	0.09869	0.01594	0.02337	0.07137	0.01598	0.05335	0.01863	0.02362	0.01264	0.01450	0.01095	0.00763	0.00598	0.00202	0.00966	0.00492	0.00403	0.01105
3	0.07380	0.01915	0.02076	0.01676	0.02196	0.02129	0.01368	0.34546	0.08164	0.07724	0.02674	0.02705	0.06251	0.01136	0.00966	0.00264	0.06021	0.00845	0.08721	0.01241
4	0.01734	0.01639	0.02379	0.55197	0.05093	0.05960	0.02131	0.02369	0.05168	0.02319	0.01702	0.02339	0.01290	0.00880	0.00827	0.00273	0.01080	0.00757	0.05904	0.00959
5	0.01238	0.00825	0.00928	0.00928	0.00928	0.00825	0.00516	0.01238	0.01238	0.01650	0.02681	0.05569	0.03094	0.70092	0.04331	0.00825	0.00825	0.01238	0.00516	0.00516
6	0.76103	0.01646	0.01251	0.01119	0.01646	0.01909	0.00922	0.02502	0.01448	0.03818	0.01185	0.01382	0.00922	0.00790	0.00527	0.00263	0.00658	0.00461	0.00527	0.00922
7	0.01096	0.00851	0.00997	0.00991	0.01213	0.00752	0.00732	0.01385	0.02108	0.02771	0.32500	0.14662	0.32817	0.02034	0.01014	0.00286	0.00426	0.01758	0.00854	0.00752
8	0.02236	0.01642	0.02346	0.01820	0.02421	0.01525	0.11649	0.11735	0.05115	0.12913	0.02610	0.14908	0.02313	0.01180	0.00862	0.00244	0.00808	0.01069	0.00702	0.21900
9	0.02117	0.01828	0.01924	0.01732	0.02213	0.02117	0.01347	0.04522	0.63246	0.03560	0.03464	0.03175	0.02598	0.01155	0.00866	0.00289	0.00673	0.00962	0.00866	0.01347
10	0.01765	0.01513	0.01765	0.01260	0.02017	0.01134	0.01008	0.02143	0.01765	0.02773	0.01513	0.01765	0.01260	0.00630	0.00630	0.00126	0.00630	0.00504	0.00504	0.75295
11	0.01918	0.01955	0.02468	0.02135	0.02169	0.07434	0.01746	0.02093	0.01384	0.02021	0.01248	0.02110	0.01261	0.06507	0.02750	0.00394	0.58351	0.00766	0.00388	0.00905
12	0.01349	0.00992	0.01357	0.10427	0.01870	0.01127	0.01019	0.01579	0.01408	0.02016	0.02329	0.03955	0.02318	0.29023	0.23614	0.00836	0.04339	0.00993	0.08746	0.00704
13	0.02928	0.03344	0.02549	0.06166	0.10408	0.43644	0.01788	0.11548	0.04868	0.02693	0.01546	0.01780	0.01236	0.00892	0.00797	0.00235	0.01331	0.00632	0.00508	0.01107
14	0.02275	0.70604	0.04459	0.01456	0.02184	0.03367	0.01456	0.02548	0.01729	0.02002	0.01183	0.01365	0.01092	0.00728	0.00546	0.00182	0.00910	0.00455	0.00364	0.01092
15	0.76103	0.01646	0.01251	0.01119	0.01646	0.01909	0.00922	0.02502	0.01448	0.03818	0.01185	0.01382	0.00922	0.00790	0.00527	0.00263	0.00658	0.00461	0.00527	0.00922
16	0.01642	0.01561	0.02560	0.58916	0.05358	0.01990	0.02294	0.02157	0.01646	0.02157	0.01458	0.02212	0.01132	0.00939	0.01120	0.00296	0.10486	0.00755	0.00377	0.00943
17	0.02635	0.06423	0.02717	0.09481	0.07829	0.38791	0.06184	0.03146	0.07400	0.02334	0.01691	0.02165	0.01412	0.00928	0.00813	0.00245	0.01310	0.02968	0.00477	0.01050
18	0.01515	0.00962	0.01213	0.01152	0.01406	0.00889	0.00861	0.01930	0.05157	0.10749	0.34578	0.18271	0.14289	0.01862	0.00995	0.00286	0.00477	0.01632	0.00899	0.00877
19	0.27352	0.01846	0.01928	0.04662	0.02295	0.02013	0.01304	0.25723	0.02646	0.15774	0.02014	0.02049	0.01417	0.00941	0.00732	0.00258	0.00788	0.00682	0.04358	0.01218
20	0.07708	0.01866	0.03058	0.20598	0.45180	0.01980	0.02419	0.02494	0.01841	0.02709	0.01547	0.02091	0.01262	0.00784	0.00820	0.00261	0.01015	0.00735	0.00419	0.01214
21	0.02741	0.02174	0.02228	0.01826	0.02399	0.05190	0.01467	0.35398	0.25326	0.04450	0.02565	0.02490	0.01887	0.01062	0.00840	0.00263	0.00840	0.00829	0.04670	0.01357
22	0.01037	0.00741	0.00987	0.01185	0.01234	0.00691	0.00790	0.01185	0.01629	0.02172	0.04690	0.69537	0.05629	0.02666	0.01086	0.00346	0.00494	0.02419	0.00790	0.00691
23	0.01817	0.01829	0.03223	0.21329	0.03874	0.02148	0.20404	0.02289	0.01665	0.02364	0.01521	0.02195	0.01243	0.01037	0.01548	0.00310	0.24292	0.00831	0.05088	0.00993
24	0.01478	0.00739	0.01109	0.01109	0.01109	0.00739	0.00739	0.01109	0.01109	0.01478	0.01478	0.02587	0.01478	0.02956	0.03326	0.75240	0.00739	0.00739	0.00370	0.00370
25	0.01158	0.00866	0.01096	0.01160	0.01325	0.00768	0.00800	0.01349	0.01690	0.02312	0.08127	0.49969	0.07646	0.05933	0.01189	0.00333	0.00522	0.02007	0.00745	0.11007
26	0.41996	0.01808	0.04331	0.01606	0.02154	0.01899	0.09611	0.08436	0.01836	0.03609	0.01574	0.01859	0.01213	0.00863	0.00750	0.00262	0.03893	0.00633	0.10665	0.01002
27	0.02094	0.22177	0.34100	0.02059	0.02961	0.02449	0.02334	0.07235	0.01924	0.05459	0.01509	0.01753	0.01161	0.00888	0.00957	0.00255	0.08440	0.00614	0.00431	0.01199

[dist]
# distance from previous block
# <min> <max>
4	9

[block]
# block no. 8 follows, 21 sequences, length 7
# corresponding to MSA columns:
# 242-248
name=unknown_I
#
# <colnr> <probs for GDERKNQSTAVLIFYWHMCP>
#	G	D	E	R	K	N	Q	S	T	A	V	L	I	F	Y	W	H	M	C	P
0	0.01687	0.01361	0.07410	0.01280	0.01678	0.01060	0.01109	0.05141	0.02380	0.11705	0.40058	0.05456	0.13137	0.01572	0.00958	0.00269	0.00558	0.01352	0.00875	0.00957
1	0.02158	0.01449	0.01719	0.01466	0.01788	0.01541	0.01112	0.22488	0.07646	0.03080	0.01851	0.02403	0.01554	0.01992	0.02096	0.38305	0.00795	0.00754	0.00588	0.05214
2	0.01924	0.02009	0.07497	0.04227	0.45710	0.01823	0.06031	0.02457	0.01991	0.02836	0.09440	0.03008	0.02329	0.00963	0.00887	0.00265	0.00968	0.03901	0.00500	0.01233
3	0.01666	0.01628	0.02917	0.58523	0.05652	0.01929	0.11129	0.02256	0.01747	0.02256	0.01543	0.02273	0.01158	0.00831	0.00873	0.00284	0.01179	0.00793	0.00386	0.00975
4	0.02524	0.01756	0.01913	0.01558	0.02038	0.01926	0.01262	0.37664	0.03055	0.04332	0.02278	0.02520	0.01737	0.01670	0.08849	0.00376	0.00949	0.00792	0.21623	0.01179
5	0.32696	0.35595	0.02880	0.01299	0.01946	0.02554	0.01193	0.02491	0.01617	0.02825	0.01215	0.01410	0.01038	0.00744	0.00546	0.00210	0.00780	0.00462	0.00444	0.08056
6	0.02556	0.36459	0.03339	0.01753	0.02341	0.24716	0.01502	0.03167	0.12234	0.02290	0.01609	0.01725	0.01345	0.00850	0.00675	0.00212	0.01083	0.00571	0.00473	0.01099

[dist]
# distance from previous block
# <min> <max>
0	1

[block]
# block no. 9 follows, 21 sequences, length 12
# corresponding to MSA columns:
# 250-261
name=unknown_J
#
# <colnr> <probs for GDERKNQSTAVLIFYWHMCP>
#	G	D	E	R	K	N	Q	S	T	A	V	L	I	F	Y	W	H	M	C	P
0	0.01796	0.01889	0.07521	0.47827	0.12136	0.01974	0.06211	0.05936	0.01895	0.02512	0.01569	0.02203	0.01184	0.00839	0.00857	0.00278	0.01137	0.00764	0.00414	0.01058
1	0.01805	0.12389	0.53832	0.02500	0.07732	0.02151	0.02899	0.02671	0.01798	0.02616	0.01490	0.01765	0.01098	0.00795	0.00779	0.00258	0.01198	0.00616	0.00364	0.01244
2	0.01991	0.01886	0.03107	0.19477	0.45458	0.02000	0.02440	0.02683	0.07430	0.02710	0.01749	0.02241	0.01412	0.00816	0.00847	0.00263	0.01009	0.00776	0.00451	0.01255
3	0.01490	0.01202	0.01501	0.07458	0.02074	0.01275	0.01226	0.02358	0.18349	0.02672	0.04138	0.24174	0.07705	0.01900	0.01003	0.00323	0.00673	0.15674	0.00760	0.04045
4	0.02565	0.01885	0.09095	0.02170	0.02819	0.01549	0.17726	0.03048	0.02093	0.28165	0.02862	0.09211	0.02311	0.01219	0.01022	0.00294	0.03799	0.06231	0.00739	0.01198
5	0.02200	0.01879	0.07110	0.01851	0.02565	0.01538	0.11193	0.07858	0.05994	0.12412	0.02256	0.07691	0.01838	0.00956	0.00810	0.00223	0.00841	0.00857	0.00641	0.29286
6	0.02286	0.02165	0.04554	0.03269	0.04098	0.02014	0.52411	0.02944	0.02074	0.12346	0.01973	0.02388	0.01416	0.00769	0.00981	0.00283	0.01326	0.00981	0.00526	0.01194
7	0.01461	0.01021	0.01189	0.01166	0.01439	0.00979	0.00889	0.01920	0.08403	0.08071	0.05738	0.12225	0.29707	0.08821	0.06221	0.00434	0.00704	0.08002	0.00770	0.00840
8	0.63412	0.01618	0.01398	0.05804	0.01968	0.01882	0.01057	0.04681	0.01558	0.03646	0.01310	0.01593	0.01033	0.01158	0.04763	0.00335	0.00805	0.00522	0.00524	0.00933
9	0.02069	0.02108	0.03166	0.04225	0.45126	0.08426	0.07569	0.02528	0.01992	0.02645	0.02459	0.02825	0.09193	0.00941	0.00870	0.00257	0.01030	0.00889	0.00470	0.01215
10	0.01785	0.01220	0.01446	0.01301	0.01638	0.01239	0.00997	0.02737	0.20147	0.11022	0.33042	0.05083	0.09136	0.04080	0.01070	0.00295	0.00539	0.01290	0.00905	0.01026
11	0.02385	0.06797	0.02541	0.02252	0.07952	0.18500	0.01670	0.11330	0.06728	0.02736	0.02091	0.04162	0.05358	0.01201	0.01378	0.00282	0.20212	0.00809	0.00537	0.01080

[dist]
# distance from previous block
# <min> <max>
1	5

[block]
# block no. 10 follows, 21 sequences, length 19
# corresponding to MSA columns:
# 267-285
name=unknown_K
#
# <colnr> <probs for GDERKNQSTAVLIFYWHMCP>
#	G	D	E	R	K	N	Q	S	T	A	V	L	I	F	Y	W	H	M	C	P
0	0.05970	0.01682	0.09529	0.28812	0.07939	0.01513	0.01804	0.01964	0.01795	0.02422	0.03917	0.04159	0.22647	0.01279	0.00878	0.00280	0.00872	0.01077	0.00528	0.00933
1	0.29266	0.01651	0.04768	0.09339	0.06503	0.01607	0.01405	0.02945	0.01874	0.24313	0.02254	0.06920	0.01719	0.01019	0.00750	0.00271	0.00775	0.00796	0.00693	0.01130
2	0.02476	0.17749	0.10875	0.02471	0.12905	0.27781	0.01885	0.04657	0.02126	0.02374	0.01879	0.02093	0.05439	0.00908	0.00756	0.00229	0.01186	0.00665	0.00446	0.01099
3	0.02674	0.01982	0.02044	0.01753	0.02283	0.07319	0.01395	0.12883	0.34435	0.15853	0.03099	0.03112	0.02310	0.01147	0.00868	0.00278	0.00800	0.03578	0.00861	0.01326
4	0.01410	0.01035	0.01294	0.01324	0.01531	0.01004	0.00983	0.08646	0.02031	0.02750	0.09063	0.43455	0.04918	0.02206	0.01031	0.00319	0.00587	0.09509	0.00788	0.06117
5	0.02470	0.02871	0.07834	0.04079	0.08531	0.24825	0.06057	0.09902	0.03807	0.02755	0.01807	0.02082	0.03560	0.00946	0.00978	0.00245	0.06979	0.00707	0.00503	0.09066
6	0.01474	0.00906	0.01199	0.01153	0.01370	0.00828	0.00853	0.01801	0.02210	0.10516	0.41551	0.22336	0.06697	0.01898	0.01007	0.00287	0.00464	0.01686	0.00913	0.00851
7	0.01781	0.01566	0.01985	0.01418	0.02182	0.01203	0.05122	0.02182	0.01781	0.02770	0.01527	0.01801	0.01263	0.00636	0.00656	0.00137	0.00685	0.00538	0.00499	0.70269
8	0.02117	0.01796	0.07006	0.01616	0.02358	0.01362	0.06257	0.05968	0.02006	0.11847	0.02019	0.06103	0.01646	0.00858	0.00748	0.00191	0.00769	0.00737	0.00603	0.43992
9	0.02287	0.38248	0.11531	0.01929	0.04419	0.15461	0.05017	0.02680	0.01943	0.02269	0.05793	0.01882	0.01604	0.00840	0.00690	0.00214	0.01074	0.00612	0.00424	0.01082
10	0.01866	0.01909	0.03025	0.07922	0.02922	0.02468	0.12373	0.02177	0.01460	0.02177	0.01256	0.01971	0.01149	0.01301	0.02319	0.00350	0.51210	0.00791	0.00383	0.00970
11	0.02148	0.01827	0.01946	0.01690	0.02217	0.02033	0.01324	0.07988	0.52008	0.03583	0.03137	0.02932	0.02362	0.01083	0.00837	0.00267	0.00685	0.00894	0.00822	0.10215
12	0.01311	0.00955	0.01156	0.01111	0.01121	0.01053	0.00710	0.01352	0.01253	0.01718	0.02470	0.04990	0.02798	0.58004	0.07934	0.00804	0.09028	0.01159	0.00495	0.00580
13	0.76103	0.01646	0.01251	0.01119	0.01646	0.01909	0.00922	0.02502	0.01448	0.03818	0.01185	0.01382	0.00922	0.00790	0.00527	0.00263	0.00658	0.00461	0.00527	0.00922
14	0.01808	0.01795	0.01562	0.01598	0.05186	0.17574	0.01154	0.02155	0.03924	0.04459	0.13648	0.05762	0.26034	0.01654	0.00947	0.00277	0.00796	0.08073	0.00712	0.00882
15	0.01228	0.00896	0.01131	0.01201	0.01353	0.00856	0.00867	0.05010	0.02005	0.02695	0.19051	0.41674	0.10773	0.02284	0.01051	0.00320	0.00511	0.05495	0.00828	0.00772
16	0.01373	0.01051	0.01282	0.01279	0.01469	0.01070	0.00960	0.07705	0.02027	0.02686	0.12118	0.29973	0.16938	0.04909	0.01287	0.00340	0.05001	0.06951	0.00775	0.00806
17	0.02021	0.01724	0.02339	0.14300	0.06658	0.01648	0.05563	0.12575	0.02168	0.03119	0.01663	0.02008	0.01305	0.00764	0.00747	0.00199	0.00848	0.00655	0.02860	0.36838
