[name]
unknown

[dist]
# distance from previous block
# <min> <max>
0	0

[block]
# block no. 0 follows, 26 sequences, length 258
# corresponding to MSA columns:
# 0-257
name=unknown_A
#
# <colnr> <probs for GDERKNQSTAVLIFYWHMCP>
#	G	D	E	R	K	N	Q	S	T	A	V	L	I	F	Y	W	H	M	C	P
0	0.01222	0.00873	0.01222	0.01397	0.01572	0.00873	0.01222	0.01572	0.01746	0.02270	0.04016	0.08556	0.04365	0.02095	0.01048	0.00349	0.00698	0.63506	0.00698	0.00698
1	0.01074	0.00775	0.01014	0.00954	0.01133	0.00716	0.00716	0.01431	0.02147	0.03042	0.68211	0.05666	0.07157	0.01551	0.00895	0.00239	0.00358	0.01372	0.00835	0.00716
2	0.01432	0.01320	0.02205	0.68376	0.05031	0.01642	0.02037	0.01930	0.01520	0.01977	0.01398	0.02058	0.01053	0.00764	0.00748	0.00249	0.00982	0.00676	0.03766	0.00837
3	0.02833	0.03615	0.02149	0.01954	0.02345	0.70298	0.01466	0.03029	0.02149	0.01856	0.01172	0.01368	0.00977	0.00782	0.00684	0.00195	0.01368	0.00489	0.00391	0.00879
4	0.01066	0.00775	0.01004	0.00946	0.01129	0.00713	0.00710	0.01417	0.02129	0.03000	0.65660	0.05735	0.09734	0.01566	0.00895	0.00239	0.00359	0.01381	0.00829	0.00713
5	0.02028	0.73799	0.03975	0.01298	0.01947	0.03001	0.01298	0.02271	0.01541	0.01785	0.01055	0.01217	0.00973	0.00649	0.00487	0.00162	0.00811	0.00406	0.00324	0.00973
6	0.02028	0.73799	0.03975	0.01298	0.01947	0.03001	0.01298	0.02271	0.01541	0.01785	0.01055	0.01217	0.00973	0.00649	0.00487	0.00162	0.00811	0.00406	0.00324	0.00973
7	0.00924	0.00660	0.00880	0.01056	0.01100	0.00616	0.00704	0.01056	0.01452	0.01936	0.04181	0.72848	0.05017	0.02376	0.00968	0.00308	0.00440	0.02156	0.00704	0.00616
8	0.02028	0.73799	0.03975	0.01298	0.01947	0.03001	0.01298	0.02271	0.01541	0.01785	0.01055	0.01217	0.00973	0.00649	0.00487	0.00162	0.00811	0.00406	0.00324	0.00973
9	0.01094	0.00732	0.00830	0.00839	0.00841	0.00729	0.00472	0.01101	0.01120	0.01494	0.02479	0.08353	0.02870	0.69799	0.03716	0.00714	0.00721	0.01156	0.00472	0.00467
10	0.01462	0.00753	0.00758	0.00741	0.00932	0.00761	0.00560	0.03872	0.01655	0.02892	0.02453	0.02795	0.01923	0.00885	0.00538	0.00178	0.00369	0.00706	0.75041	0.00726
11	0.00938	0.00670	0.00896	0.01072	0.01123	0.00628	0.00729	0.01081	0.01466	0.01952	0.04173	0.69791	0.04986	0.02363	0.00972	0.00310	0.00452	0.05074	0.00704	0.00620
12	0.02774	0.01964	0.02151	0.01639	0.02252	0.02092	0.01351	0.53342	0.03216	0.09920	0.01864	0.01856	0.01320	0.00872	0.00736	0.00215	0.00787	0.00662	0.00738	0.10250
13	0.02883	0.02125	0.02276	0.01745	0.02352	0.02352	0.01442	0.66082	0.03566	0.04780	0.01821	0.01821	0.01290	0.00911	0.00759	0.00228	0.00835	0.00683	0.00759	0.01290
14	0.01659	0.01659	0.02323	0.01991	0.01991	0.02323	0.01659	0.01825	0.01162	0.01825	0.00996	0.01659	0.00996	0.01328	0.02489	0.00332	0.71955	0.00664	0.00332	0.00830
15	0.01745	0.01450	0.01665	0.01205	0.01871	0.01188	0.00970	0.10360	0.01835	0.02776	0.01410	0.01606	0.01145	0.00608	0.00588	0.00128	0.00598	0.00480	0.00490	0.67882
16	0.01758	0.01990	0.04322	0.03097	0.03838	0.01865	0.62964	0.02385	0.01806	0.02457	0.04495	0.02207	0.01418	0.00680	0.00895	0.00255	0.01238	0.00916	0.00404	0.01009
17	0.02737	0.02052	0.02194	0.01716	0.02296	0.02284	0.01406	0.56944	0.12944	0.04544	0.02008	0.01970	0.01441	0.00928	0.00761	0.00232	0.00800	0.00709	0.00761	0.01277
18	0.00928	0.00776	0.00813	0.00823	0.01069	0.00661	0.00630	0.01140	0.01750	0.02112	0.10297	0.07313	0.60769	0.01916	0.00907	0.00262	0.00406	0.06070	0.00710	0.00648
19	0.00924	0.00660	0.00880	0.01056	0.01100	0.00616	0.00704	0.01056	0.01452	0.01936	0.04181	0.72848	0.05017	0.02376	0.00968	0.00308	0.00440	0.02156	0.00704	0.00616
20	0.01544	0.07073	0.66464	0.02123	0.03223	0.01817	0.02735	0.02396	0.01599	0.02374	0.01347	0.01584	0.00961	0.00717	0.00710	0.00237	0.01107	0.00554	0.00320	0.01114
21	0.78701	0.01467	0.01115	0.00997	0.01467	0.01702	0.00821	0.02230	0.01291	0.03403	0.01056	0.01232	0.00821	0.00704	0.00469	0.00235	0.00587	0.00411	0.00469	0.00821
22	0.00924	0.00660	0.00880	0.01056	0.01100	0.00616	0.00704	0.01056	0.01452	0.01936	0.04181	0.72848	0.05017	0.02376	0.00968	0.00308	0.00440	0.02156	0.00704	0.00616
23	0.01442	0.01361	0.02277	0.68590	0.05088	0.01712	0.02088	0.01933	0.01502	0.01933	0.01333	0.02007	0.01010	0.00782	0.00831	0.00256	0.04001	0.00674	0.00337	0.00842
24	0.02765	0.02049	0.02200	0.01711	0.02290	0.02269	0.01404	0.60726	0.06663	0.04601	0.01966	0.04347	0.01471	0.00968	0.00767	0.00232	0.00809	0.00743	0.00758	0.01262
25	0.00939	0.00666	0.00876	0.01037	0.01077	0.00626	0.00683	0.01060	0.01423	0.01897	0.04029	0.67113	0.04826	0.08372	0.01212	0.00344	0.00465	0.02067	0.00683	0.00603
26	0.01415	0.00737	0.00782	0.04074	0.01090	0.00753	0.00605	0.01776	0.01587	0.02786	0.02421	0.02790	0.01900	0.00878	0.00541	0.00180	0.00385	0.00705	0.73882	0.00713
27	0.02662	0.01962	0.02149	0.04990	0.02372	0.02173	0.01403	0.57407	0.03290	0.04431	0.01941	0.05448	0.01488	0.00976	0.00761	0.00231	0.00806	0.00758	0.03539	0.01213
28	0.01857	0.04514	0.03053	0.02352	0.02669	0.10483	0.22318	0.02182	0.01498	0.02023	0.01193	0.01733	0.01043	0.01016	0.01687	0.00285	0.38129	0.00708	0.00355	0.00903
29	0.01573	0.01348	0.01573	0.01123	0.01798	0.01011	0.00899	0.01910	0.01573	0.02472	0.01348	0.01573	0.01123	0.00562	0.00562	0.00112	0.00562	0.00449	0.00449	0.77980
30	0.01921	0.01886	0.03036	0.04532	0.65566	0.04950	0.02288	0.02360	0.01747	0.02449	0.01415	0.01854	0.01191	0.00681	0.00748	0.00224	0.00923	0.00667	0.00376	0.01187
31	0.00956	0.00678	0.00892	0.01051	0.01098	0.00640	0.00707	0.01086	0.01434	0.01909	0.04003	0.63211	0.04770	0.09091	0.01246	0.00351	0.00481	0.05111	0.00681	0.00605
32	0.01051	0.00773	0.00972	0.00923	0.01105	0.00706	0.00685	0.01370	0.02043	0.02836	0.57006	0.05857	0.15281	0.04837	0.01029	0.00263	0.00378	0.01391	0.00800	0.00694
33	0.02028	0.73799	0.03975	0.01298	0.01947	0.03001	0.01298	0.02271	0.01541	0.01785	0.01055	0.01217	0.00973	0.00649	0.00487	0.00162	0.00811	0.00406	0.00324	0.00973
34	0.01052	0.00769	0.00987	0.00944	0.01123	0.00705	0.00704	0.01385	0.02078	0.02906	0.60094	0.09153	0.12020	0.01622	0.00898	0.00243	0.00364	0.01430	0.00818	0.00705
35	0.01887	0.01629	0.01715	0.01544	0.01972	0.01887	0.01201	0.04031	0.67241	0.03173	0.03087	0.02830	0.02315	0.01029	0.00772	0.00257	0.00600	0.00858	0.00772	0.01201
36	0.00924	0.00660	0.00880	0.01056	0.01100	0.00616	0.00704	0.01056	0.01452	0.01936	0.04181	0.72848	0.05017	0.02376	0.00968	0.00308	0.00440	0.02156	0.00704	0.00616
37	0.02827	0.02042	0.02165	0.01684	0.02261	0.04574	0.01381	0.54227	0.05475	0.09970	0.04314	0.02040	0.01572	0.00935	0.00762	0.00228	0.00813	0.00713	0.00764	0.01252
38	0.03169	0.01239	0.01685	0.01310	0.01856	0.01075	0.01075	0.03469	0.02169	0.62505	0.09537	0.02891	0.02407	0.01000	0.00776	0.00235	0.00617	0.00824	0.00928	0.01233
39	0.74913	0.01574	0.01166	0.01045	0.01511	0.05127	0.00854	0.02270	0.01334	0.03326	0.01062	0.01239	0.00829	0.00708	0.00480	0.00233	0.00626	0.00415	0.00465	0.00824
40	0.78701	0.01467	0.01115	0.00997	0.01467	0.01702	0.00821	0.02230	0.01291	0.03403	0.01056	0.01232	0.00821	0.00704	0.00469	0.00235	0.00587	0.00411	0.00469	0.00821
41	0.01446	0.01374	0.02358	0.68953	0.05177	0.01694	0.04502	0.01956	0.01527	0.01956	0.01355	0.02023	0.01016	0.00754	0.00763	0.00253	0.01021	0.00682	0.00339	0.00849
42	0.01937	0.61305	0.15676	0.01452	0.02186	0.02780	0.01567	0.02295	0.01552	0.01895	0.01109	0.01286	0.00971	0.00662	0.00529	0.00176	0.00867	0.00433	0.00324	0.01000
43	0.01103	0.00735	0.00827	0.00827	0.00827	0.00735	0.00460	0.01103	0.01103	0.01471	0.02390	0.04964	0.02758	0.73343	0.03861	0.00735	0.00735	0.01103	0.00460	0.00460
44	0.01573	0.01348	0.01573	0.01123	0.01798	0.01011	0.00899	0.01910	0.01573	0.02472	0.01348	0.01573	0.01123	0.00562	0.00562	0.00112	0.00562	0.00449	0.00449	0.77980
45	0.01414	0.00707	0.00707	0.00707	0.00884	0.00707	0.00530	0.01767	0.01591	0.02828	0.02474	0.02828	0.01944	0.00884	0.00530	0.00177	0.00353	0.00707	0.77554	0.00707
46	0.01659	0.01659	0.02323	0.01991	0.01991	0.02323	0.01659	0.01825	0.01162	0.01825	0.00996	0.01659	0.00996	0.01328	0.02489	0.00332	0.71955	0.00664	0.00332	0.00830
47	0.01432	0.01348	0.02275	0.71520	0.05224	0.01685	0.02107	0.01938	0.01517	0.01938	0.01348	0.02022	0.01011	0.00758	0.00758	0.00253	0.01011	0.00674	0.00337	0.00843
48	0.49825	0.01583	0.01475	0.01219	0.01738	0.01749	0.01005	0.16495	0.01934	0.14374	0.01538	0.01581	0.01096	0.00788	0.00581	0.00233	0.00651	0.00528	0.00609	0.01001
49	0.01029	0.00774	0.00952	0.00908	0.01106	0.00697	0.00681	0.01345	0.02042	0.02792	0.52997	0.06077	0.22527	0.01644	0.00895	0.00243	0.00364	0.01429	0.00802	0.00697
50	0.00924	0.00660	0.00880	0.01056	0.01100	0.00616	0.00704	0.01056	0.01452	0.01936	0.04181	0.72848	0.05017	0.02376	0.00968	0.00308	0.00440	0.02156	0.00704	0.00616
51	0.03403	0.01291	0.01760	0.01350	0.01936	0.01115	0.01115	0.03697	0.02171	0.69137	0.02992	0.02582	0.01878	0.00939	0.00763	0.00235	0.00645	0.00763	0.00939	0.01291
52	0.00931	0.00665	0.00886	0.01051	0.01102	0.00621	0.00705	0.01073	0.01484	0.01987	0.07123	0.69761	0.05115	0.02338	0.00965	0.00305	0.00436	0.02120	0.00710	0.00621
53	0.01414	0.00707	0.00707	0.00707	0.00884	0.00707	0.00530	0.01767	0.01591	0.02828	0.02474	0.02828	0.01944	0.00884	0.00530	0.00177	0.00353	0.00707	0.77554	0.00707
54	0.02883	0.02125	0.02276	0.01745	0.02352	0.02352	0.01442	0.66082	0.03566	0.04780	0.01821	0.01821	0.01290	0.00911	0.00759	0.00228	0.00835	0.00683	0.00759	0.01290
55	0.01400	0.01078	0.01489	0.03875	0.01746	0.01138	0.04108	0.01927	0.10583	0.05648	0.08726	0.25819	0.03732	0.01702	0.01050	0.00292	0.06775	0.14930	0.00666	0.03316
56	0.01084	0.00813	0.01219	0.01219	0.01354	0.00948	0.00948	0.01354	0.01219	0.01761	0.02032	0.02980	0.01896	0.05689	0.70337	0.01219	0.02032	0.00813	0.00406	0.00677
57	0.01103	0.00735	0.00827	0.00827	0.00827	0.00735	0.00460	0.01103	0.01103	0.01471	0.02390	0.04964	0.02758	0.73343	0.03861	0.00735	0.00735	0.01103	0.00460	0.00460
58	0.05382	0.01494	0.02239	0.36787	0.03585	0.01973	0.01842	0.01902	0.01346	0.01960	0.01175	0.01820	0.00995	0.01011	0.01521	0.00287	0.32847	0.00656	0.00341	0.00836
59	0.02516	0.01791	0.01907	0.01508	0.02013	0.01970	0.01231	0.49170	0.06003	0.04279	0.02022	0.02088	0.01480	0.00910	0.00709	0.00218	0.00718	0.00696	0.17614	0.01158
60	0.01222	0.00873	0.01222	0.01397	0.01572	0.00873	0.01222	0.01572	0.01746	0.02270	0.04016	0.08556	0.04365	0.02095	0.01048	0.00349	0.00698	0.63506	0.00698	0.00698
61	0.01103	0.00735	0.00827	0.00827	0.00827	0.00735	0.00460	0.01103	0.01103	0.01471	0.02390	0.04964	0.02758	0.73343	0.03861	0.00735	0.00735	0.01103	0.00460	0.00460
62	0.02810	0.02054	0.02198	0.01693	0.02279	0.02270	0.01396	0.62871	0.03468	0.04683	0.01854	0.01871	0.01323	0.00909	0.00747	0.00225	0.00811	0.00684	0.04593	0.01261
63	0.75217	0.01497	0.01168	0.01032	0.01508	0.01731	0.00850	0.05164	0.01395	0.03466	0.01091	0.01259	0.00843	0.00714	0.00483	0.00234	0.00598	0.00423	0.00483	0.00843
64	0.02143	0.63799	0.03715	0.01391	0.02004	0.12590	0.01322	0.02379	0.01628	0.01795	0.01071	0.01238	0.00974	0.00668	0.00515	0.00167	0.00890	0.00417	0.00334	0.00960
65	0.01103	0.00735	0.00827	0.00827	0.00827	0.00735	0.00460	0.01103	0.01103	0.01471	0.02390	0.04964	0.02758	0.73343	0.03861	0.00735	0.00735	0.01103	0.00460	0.00460
66	0.01066	0.00775	0.01003	0.00946	0.01128	0.00712	0.00710	0.01416	0.02129	0.02998	0.65524	0.05738	0.09872	0.01567	0.00895	0.00239	0.00359	0.01382	0.00829	0.00712
67	0.01521	0.03923	0.69413	0.02162	0.03283	0.01762	0.02802	0.02402	0.01601	0.02402	0.01361	0.01601	0.00961	0.00721	0.00721	0.00240	0.01121	0.00560	0.00320	0.01121
68	0.02841	0.02104	0.02253	0.01737	0.02336	0.02333	0.01432	0.63467	0.06250	0.04713	0.01874	0.01864	0.01333	0.00916	0.00759	0.00229	0.00825	0.00690	0.00759	0.01286
69	0.00902	0.00769	0.00776	0.00774	0.01028	0.00643	0.00581	0.01100	0.01742	0.02081	0.09651	0.07247	0.66317	0.01909	0.00896	0.00256	0.00383	0.01593	0.00709	0.00643
70	0.03207	0.01419	0.01817	0.01413	0.01988	0.01329	0.01161	0.11064	0.08137	0.55686	0.02863	0.02514	0.01848	0.00944	0.00763	0.00236	0.00664	0.00762	0.00903	0.01283
71	0.03309	0.01346	0.01782	0.01377	0.01957	0.01208	0.01134	0.06645	0.05227	0.63080	0.02942	0.02557	0.01870	0.00942	0.00763	0.00235	0.00652	0.00763	0.00923	0.01287
72	0.01455	0.01371	0.02315	0.68181	0.08389	0.01691	0.02118	0.01957	0.01527	0.01965	0.01352	0.02015	0.01021	0.00754	0.00758	0.00251	0.01006	0.00674	0.00339	0.00861
73	0.01065	0.00775	0.01003	0.00946	0.01128	0.00712	0.00709	0.01416	0.02128	0.02996	0.65430	0.05741	0.09967	0.01568	0.00895	0.00239	0.00359	0.01382	0.00829	0.00712
74	0.01547	0.07446	0.66114	0.02118	0.03216	0.01824	0.02727	0.02396	0.01598	0.02371	0.01346	0.01582	0.00961	0.00717	0.00709	0.00236	0.01105	0.00553	0.00320	0.01114
75	0.00924	0.00660	0.00880	0.01056	0.01100	0.00616	0.00704	0.01056	0.01452	0.01936	0.04181	0.72848	0.05017	0.02376	0.00968	0.00308	0.00440	0.02156	0.00704	0.00616
76	0.01686	0.01753	0.02911	0.05085	0.02661	0.02187	0.19272	0.01996	0.01348	0.01996	0.01157	0.01780	0.01039	0.01116	0.01984	0.00308	0.49766	0.00728	0.00346	0.00883
77	0.07549	0.61757	0.06948	0.01340	0.01998	0.02816	0.01345	0.05275	0.01621	0.02072	0.01106	0.01265	0.00977	0.00669	0.00510	0.00174	0.00812	0.00427	0.00355	0.00985
78	0.01074	0.00775	0.01014	0.00954	0.01133	0.00716	0.00716	0.01431	0.02147	0.03042	0.68211	0.05666	0.07157	0.01551	0.00895	0.00239	0.00358	0.01372	0.00835	0.00716
79	0.02087	0.68674	0.03841	0.01346	0.01976	0.07916	0.01310	0.02327	0.01586	0.01790	0.01063	0.01228	0.00974	0.00659	0.00501	0.00165	0.00852	0.00412	0.00329	0.00967
80	0.01573	0.01348	0.01573	0.01123	0.01798	0.01011	0.00899	0.01910	0.01573	0.02472	0.01348	0.01573	0.01123	0.00562	0.00562	0.00112	0.00562	0.00449	0.00449	0.77980
81	0.02026	0.65952	0.08476	0.01386	0.02057	0.05751	0.01410	0.02312	0.01571	0.01831	0.01081	0.01250	0.00973	0.00660	0.00511	0.00169	0.00856	0.00420	0.00327	0.00980
82	0.00965	0.00771	0.00864	0.00841	0.01067	0.00670	0.00631	0.01222	0.01892	0.02435	0.31221	0.06664	0.44526	0.01777	0.00896	0.00249	0.00374	0.01512	0.00755	0.00670
83	0.00953	0.00675	0.00887	0.01046	0.01090	0.00637	0.00698	0.01080	0.01428	0.01902	0.03995	0.63690	0.04766	0.09487	0.01261	0.00352	0.00479	0.04290	0.00679	0.00603
84	0.16933	0.01759	0.01912	0.01492	0.02068	0.01869	0.01232	0.36041	0.02739	0.23444	0.02025	0.01937	0.01377	0.00881	0.00707	0.00231	0.00734	0.00656	0.00759	0.01204
85	0.01893	0.01286	0.01438	0.01237	0.01562	0.01413	0.00985	0.18352	0.10130	0.06246	0.05269	0.02831	0.05312	0.01312	0.05005	0.00283	0.05712	0.00798	0.27991	0.00946
86	0.00924	0.00660	0.00880	0.01056	0.01100	0.00616	0.00704	0.01056	0.01452	0.01936	0.04181	0.72848	0.05017	0.02376	0.00968	0.00308	0.00440	0.02156	0.00704	0.00616
87	0.00924	0.00660	0.00880	0.01056	0.01100	0.00616	0.00704	0.01056	0.01452	0.01936	0.04181	0.72848	0.05017	0.02376	0.00968	0.00308	0.00440	0.02156	0.00704	0.00616
88	0.02069	0.70262	0.03883	0.01331	0.01967	0.06394	0.01306	0.02309	0.01572	0.01788	0.01060	0.01224	0.00974	0.00656	0.00497	0.00164	0.00839	0.00410	0.00328	0.00969
89	0.01103	0.00735	0.00827	0.00827	0.00827	0.00735	0.00460	0.01103	0.01103	0.01471	0.02390	0.04964	0.02758	0.73343	0.03861	0.00735	0.00735	0.01103	0.00460	0.00460
90	0.03236	0.01242	0.01672	0.01296	0.01848	0.01081	0.01066	0.03534	0.02122	0.63564	0.02949	0.02602	0.01883	0.00934	0.00743	0.00230	0.00621	0.00758	0.07378	0.01242
91	0.01084	0.00813	0.01219	0.01219	0.01354	0.00948	0.00948	0.01354	0.01219	0.01761	0.02032	0.02980	0.01896	0.05689	0.70337	0.01219	0.02032	0.00813	0.00406	0.00677
92	0.01922	0.01647	0.01735	0.01551	0.01986	0.01903	0.01209	0.06250	0.64964	0.03230	0.03042	0.02794	0.02279	0.01025	0.00771	0.00256	0.00609	0.00851	0.00771	0.01204
93	0.78701	0.01467	0.01115	0.00997	0.01467	0.01702	0.00821	0.02230	0.01291	0.03403	0.01056	0.01232	0.00821	0.00704	0.00469	0.00235	0.00587	0.00411	0.00469	0.00821
94	0.01877	0.01802	0.03079	0.04656	0.68612	0.01802	0.02328	0.02328	0.01727	0.02478	0.01427	0.01877	0.01201	0.00676	0.00751	0.00225	0.00901	0.00676	0.00375	0.01201
95	0.00924	0.00660	0.00880	0.01056	0.01100	0.00616	0.00704	0.01056	0.01452	0.01936	0.04181	0.72848	0.05017	0.02376	0.00968	0.00308	0.00440	0.02156	0.00704	0.00616
96	0.01887	0.01629	0.01715	0.01544	0.01972	0.01887	0.01201	0.04031	0.67241	0.03173	0.03087	0.02830	0.02315	0.01029	0.00772	0.00257	0.00600	0.00858	0.00772	0.01201
97	0.00896	0.00768	0.00768	0.00768	0.01025	0.00640	0.00576	0.01089	0.01729	0.02049	0.07684	0.07300	0.68304	0.01921	0.00896	0.00256	0.00384	0.01601	0.00704	0.00640
98	0.02833	0.03615	0.02149	0.01954	0.02345	0.70298	0.01466	0.03029	0.02149	0.01856	0.01172	0.01368	0.00977	0.00782	0.00684	0.00195	0.01368	0.00489	0.00391	0.00879
99	0.01798	0.02025	0.04355	0.03323	0.09559	0.01908	0.60358	0.02421	0.01785	0.02434	0.01525	0.02031	0.01155	0.00643	0.00883	0.00253	0.01246	0.00876	0.00383	0.01038
100	0.22091	0.02297	0.08722	0.04333	0.04329	0.11159	0.01474	0.30565	0.02464	0.03622	0.01463	0.01597	0.01082	0.00809	0.00671	0.00227	0.00880	0.00574	0.00564	0.01079
101	0.02833	0.03615	0.02149	0.01954	0.02345	0.70298	0.01466	0.03029	0.02149	0.01856	0.01172	0.01368	0.00977	0.00782	0.00684	0.00195	0.01368	0.00489	0.00391	0.00879
102	0.01074	0.00775	0.01014	0.00954	0.01133	0.00716	0.00716	0.01431	0.02147	0.03042	0.68211	0.05666	0.07157	0.01551	0.00895	0.00239	0.00358	0.01372	0.00835	0.00716
103	0.01521	0.03923	0.69413	0.02162	0.03283	0.01762	0.02802	0.02402	0.01601	0.02402	0.01361	0.01601	0.00961	0.00721	0.00721	0.00240	0.01121	0.00560	0.00320	0.01121
104	0.75709	0.01460	0.01140	0.01011	0.01486	0.01678	0.00833	0.02288	0.01326	0.06015	0.01133	0.01286	0.00863	0.00713	0.00481	0.00235	0.00589	0.00425	0.00488	0.00840
105	0.00924	0.00660	0.00880	0.01056	0.01100	0.00616	0.00704	0.01056	0.01452	0.01936	0.04181	0.72848	0.05017	0.02376	0.00968	0.00308	0.00440	0.02156	0.00704	0.00616
106	0.00896	0.00768	0.00768	0.00768	0.01025	0.00640	0.00576	0.01089	0.01729	0.02049	0.07684	0.07300	0.68304	0.01921	0.00896	0.00256	0.00384	0.01601	0.00704	0.00640
107	0.01507	0.01017	0.01437	0.16107	0.02141	0.01086	0.06722	0.04280	0.01667	0.02675	0.02125	0.02548	0.01649	0.00836	0.00620	0.00202	0.00595	0.00716	0.51285	0.00786
108	0.01919	0.01698	0.01730	0.01558	0.01985	0.04250	0.01210	0.03996	0.64993	0.03127	0.03021	0.02779	0.02269	0.01021	0.00769	0.00255	0.00627	0.00845	0.00759	0.01189
109	0.02902	0.02095	0.02258	0.01731	0.02338	0.02309	0.01430	0.63879	0.03517	0.07053	0.01862	0.01848	0.01311	0.00912	0.00759	0.00228	0.00828	0.00686	0.00765	0.01290
110	0.02883	0.02125	0.02276	0.01745	0.02352	0.02352	0.01442	0.66082	0.03566	0.04780	0.01821	0.01821	0.01290	0.00911	0.00759	0.00228	0.00835	0.00683	0.00759	0.01290
111	0.01775	0.02004	0.04324	0.06643	0.05981	0.01903	0.60762	0.02402	0.01775	0.02407	0.01522	0.02040	0.01145	0.00646	0.00884	0.00255	0.01254	0.00878	0.00381	0.01019
112	0.00924	0.00660	0.00880	0.01056	0.01100	0.00616	0.00704	0.01056	0.01452	0.01936	0.04181	0.72848	0.05017	0.02376	0.00968	0.00308	0.00440	0.02156	0.00704	0.00616
113	0.01790	0.02046	0.04476	0.03197	0.03964	0.01918	0.65857	0.02430	0.01790	0.02430	0.01535	0.02046	0.01151	0.00639	0.00895	0.00256	0.01279	0.00895	0.00384	0.01023
114	0.01103	0.00735	0.00827	0.00827	0.00827	0.00735	0.00460	0.01103	0.01103	0.01471	0.02390	0.04964	0.02758	0.73343	0.03861	0.00735	0.00735	0.01103	0.00460	0.00460
115	0.05235	0.01957	0.03972	0.02900	0.03528	0.01975	0.52406	0.02322	0.01665	0.02375	0.01425	0.01946	0.01111	0.00755	0.01137	0.00267	0.12829	0.00835	0.00379	0.00982
116	0.02158	0.01569	0.01723	0.01509	0.01966	0.01748	0.01185	0.03971	0.55590	0.14984	0.03070	0.02785	0.02237	0.01013	0.00770	0.00253	0.00608	0.00841	0.00802	0.01217
117	0.01074	0.00775	0.01014	0.00954	0.01133	0.00716	0.00716	0.01431	0.02147	0.03042	0.68211	0.05666	0.07157	0.01551	0.00895	0.00239	0.00358	0.01372	0.00835	0.00716
118	0.01432	0.01348	0.02275	0.71520	0.05224	0.01685	0.02107	0.01938	0.01517	0.01938	0.01348	0.02022	0.01011	0.00758	0.00758	0.00253	0.01011	0.00674	0.00337	0.00843
119	0.08122	0.01501	0.01796	0.01426	0.01981	0.01495	0.01165	0.14190	0.13436	0.42606	0.02681	0.02405	0.01782	0.00934	0.00744	0.00237	0.00666	0.00742	0.00848	0.01244
120	0.01074	0.00775	0.01014	0.00954	0.01133	0.00716	0.00716	0.01431	0.02147	0.03042	0.68211	0.05666	0.07157	0.01551	0.00895	0.00239	0.00358	0.01372	0.00835	0.00716
121	0.01414	0.00707	0.00707	0.00707	0.00884	0.00707	0.00530	0.01767	0.01591	0.02828	0.02474	0.02828	0.01944	0.00884	0.00530	0.00177	0.00353	0.00707	0.77554	0.00707
122	0.02707	0.01978	0.02114	0.01646	0.02207	0.02188	0.01351	0.57465	0.06567	0.04532	0.01940	0.01958	0.01397	0.00914	0.00740	0.00225	0.00782	0.00694	0.07360	0.01235
123	0.01432	0.01348	0.02275	0.71520	0.05224	0.01685	0.02107	0.01938	0.01517	0.01938	0.01348	0.02022	0.01011	0.00758	0.00758	0.00253	0.01011	0.00674	0.00337	0.00843
124	0.01084	0.00813	0.01219	0.01219	0.01354	0.00948	0.00948	0.01354	0.01219	0.01761	0.02032	0.02980	0.01896	0.05689	0.70337	0.01219	0.02032	0.00813	0.00406	0.00677
125	0.00924	0.00660	0.00880	0.01056	0.01100	0.00616	0.00704	0.01056	0.01452	0.01936	0.04181	0.72848	0.05017	0.02376	0.00968	0.00308	0.00440	0.02156	0.00704	0.00616
126	0.01790	0.02046	0.04476	0.03197	0.03964	0.01918	0.65857	0.02430	0.01790	0.02430	0.01535	0.02046	0.01151	0.00639	0.00895	0.00256	0.01279	0.00895	0.00384	0.01023
127	0.01911	0.02078	0.02286	0.01983	0.02067	0.16861	0.01618	0.02083	0.01373	0.01832	0.01033	0.01597	0.00992	0.01211	0.02103	0.00303	0.56858	0.00626	0.00344	0.00840
128	0.01790	0.02046	0.04476	0.03197	0.03964	0.01918	0.65857	0.02430	0.01790	0.02430	0.01535	0.02046	0.01151	0.00639	0.00895	0.00256	0.01279	0.00895	0.00384	0.01023
129	0.00923	0.00777	0.00805	0.00819	0.01069	0.00659	0.00629	0.01128	0.01730	0.02067	0.07386	0.07402	0.63107	0.01935	0.00909	0.00264	0.00410	0.06633	0.00704	0.00645
130	0.02085	0.70787	0.03883	0.01300	0.01946	0.02923	0.01290	0.02330	0.01567	0.04583	0.01135	0.01273	0.01011	0.00661	0.00498	0.00165	0.00804	0.00420	0.00350	0.00987
131	0.03192	0.01586	0.09344	0.01441	0.02087	0.01187	0.01304	0.03551	0.02107	0.61657	0.02810	0.02472	0.01775	0.00914	0.00758	0.00235	0.00699	0.00740	0.00869	0.01272
132	0.01962	0.01667	0.01757	0.01559	0.02001	0.01922	0.01219	0.08709	0.62441	0.03294	0.02992	0.02754	0.02238	0.01020	0.00771	0.00255	0.00618	0.00844	0.00771	0.01207
133	0.02833	0.03615	0.02149	0.01954	0.02345	0.70298	0.01466	0.03029	0.02149	0.01856	0.01172	0.01368	0.00977	0.00782	0.00684	0.00195	0.01368	0.00489	0.00391	0.00879
134	0.01414	0.00707	0.00707	0.00707	0.00884	0.00707	0.00530	0.01767	0.01591	0.02828	0.02474	0.02828	0.01944	0.00884	0.00530	0.00177	0.00353	0.00707	0.77554	0.00707
135	0.00924	0.00660	0.00880	0.01056	0.01100	0.00616	0.00704	0.01056	0.01452	0.01936	0.04181	0.72848	0.05017	0.02376	0.00968	0.00308	0.00440	0.02156	0.00704	0.00616
136	0.78701	0.01467	0.01115	0.00997	0.01467	0.01702	0.00821	0.02230	0.01291	0.03403	0.01056	0.01232	0.00821	0.00704	0.00469	0.00235	0.00587	0.00411	0.00469	0.00821
137	0.00896	0.00768	0.00768	0.00768	0.01025	0.00640	0.00576	0.01089	0.01729	0.02049	0.07684	0.07300	0.68304	0.01921	0.00896	0.00256	0.00384	0.01601	0.00704	0.00640
138	0.01040	0.00838	0.01334	0.01331	0.01468	0.00785	0.08752	0.01242	0.01503	0.02008	0.03849	0.62112	0.04520	0.02153	0.00962	0.00303	0.00552	0.03917	0.00664	0.00669
139	0.01521	0.03923	0.69413	0.02162	0.03283	0.01762	0.02802	0.02402	0.01601	0.02402	0.01361	0.01601	0.00961	0.00721	0.00721	0.00240	0.01121	0.00560	0.00320	0.01121
140	0.01103	0.00735	0.00827	0.00827	0.00827	0.00735	0.00460	0.01103	0.01103	0.01471	0.02390	0.04964	0.02758	0.73343	0.03861	0.00735	0.00735	0.01103	0.00460	0.00460
141	0.75120	0.01459	0.01146	0.01014	0.01489	0.01674	0.00835	0.02299	0.01333	0.06529	0.01148	0.01296	0.00872	0.00715	0.00483	0.00235	0.00590	0.00427	0.00492	0.00844
142	0.01731	0.10645	0.55300	0.02045	0.03065	0.01839	0.04623	0.02493	0.01647	0.07662	0.01466	0.01656	0.01042	0.00728	0.00706	0.00232	0.01057	0.00572	0.00372	0.01116
143	0.00997	0.00828	0.00880	0.00871	0.01116	0.00744	0.00651	0.01356	0.06765	0.02258	0.15036	0.11041	0.51107	0.01834	0.00891	0.00257	0.00401	0.01550	0.00727	0.00691
144	0.01659	0.01659	0.02323	0.01991	0.01991	0.02323	0.01659	0.01825	0.01162	0.01825	0.00996	0.01659	0.00996	0.01328	0.02489	0.00332	0.71955	0.00664	0.00332	0.00830
145	0.75137	0.01498	0.01169	0.01033	0.01508	0.01732	0.00851	0.05231	0.01398	0.03468	0.01092	0.01260	0.00843	0.00714	0.00483	0.00234	0.00598	0.00424	0.00483	0.00843
146	0.01414	0.00707	0.00707	0.00707	0.00884	0.00707	0.00530	0.01767	0.01591	0.02828	0.02474	0.02828	0.01944	0.00884	0.00530	0.00177	0.00353	0.00707	0.77554	0.00707
147	0.01665	0.01345	0.01582	0.01135	0.01805	0.01016	0.00910	0.02000	0.01603	0.05832	0.01431	0.01624	0.01161	0.00581	0.00572	0.00119	0.00566	0.00465	0.00474	0.74114
148	0.01521	0.03923	0.69413	0.02162	0.03283	0.01762	0.02802	0.02402	0.01601	0.02402	0.01361	0.01601	0.00961	0.00721	0.00721	0.00240	0.01121	0.00560	0.00320	0.01121
149	0.01065	0.00775	0.01002	0.00946	0.01128	0.00712	0.00709	0.01415	0.02127	0.02995	0.65366	0.05743	0.10031	0.01568	0.00895	0.00239	0.00359	0.01383	0.00829	0.00712
150	0.01091	0.00787	0.01038	0.01005	0.01183	0.00734	0.00774	0.01447	0.02101	0.02953	0.60875	0.05996	0.06838	0.01613	0.00912	0.00251	0.00397	0.08472	0.00819	0.00714
151	0.03403	0.01291	0.01760	0.01350	0.01936	0.01115	0.01115	0.03697	0.02171	0.69137	0.02992	0.02582	0.01878	0.00939	0.00763	0.00235	0.00645	0.00763	0.00939	0.01291
152	0.01877	0.01802	0.03079	0.04656	0.68612	0.01802	0.02328	0.02328	0.01727	0.02478	0.01427	0.01877	0.01201	0.00676	0.00751	0.00225	0.00901	0.00676	0.00375	0.01201
153	0.03403	0.01291	0.01760	0.01350	0.01936	0.01115	0.01115	0.03697	0.02171	0.69137	0.02992	0.02582	0.01878	0.00939	0.00763	0.00235	0.00645	0.00763	0.00939	0.01291
154	0.05105	0.00967	0.01427	0.07917	0.09795	0.01019	0.01040	0.04232	0.01258	0.01771	0.01344	0.02155	0.01251	0.02054	0.02273	0.54103	0.00725	0.00652	0.00362	0.00550
155	0.16686	0.01367	0.01631	0.01282	0.01831	0.01303	0.01055	0.08684	0.02087	0.46492	0.02470	0.02257	0.01619	0.00880	0.00692	0.00228	0.00634	0.00681	0.04687	0.03435
156	0.01102	0.00739	0.00845	0.00845	0.00852	0.00745	0.00482	0.01115	0.01108	0.01484	0.02373	0.04873	0.02718	0.70234	0.06916	0.00758	0.00795	0.01090	0.00457	0.00470
157	0.00937	0.00670	0.00892	0.01047	0.01103	0.00625	0.00705	0.01088	0.01512	0.02031	0.09669	0.67089	0.05200	0.02306	0.00962	0.00302	0.00433	0.02089	0.00715	0.00625
158	0.00956	0.00700	0.00956	0.04570	0.01308	0.00674	0.00775	0.01117	0.01487	0.01986	0.06925	0.66284	0.04913	0.02258	0.00954	0.00302	0.00465	0.02047	0.00692	0.00632
159	0.01521	0.03923	0.69413	0.02162	0.03283	0.01762	0.02802	0.02402	0.01601	0.02402	0.01361	0.01601	0.00961	0.00721	0.00721	0.00240	0.01121	0.00560	0.00320	0.01121
160	0.02745	0.03454	0.02143	0.01942	0.02315	0.64718	0.01465	0.03007	0.04372	0.01901	0.01231	0.01433	0.01025	0.00816	0.00772	0.00204	0.04659	0.00510	0.00401	0.00888
161	0.01103	0.00735	0.00827	0.00827	0.00827	0.00735	0.00460	0.01103	0.01103	0.01471	0.02390	0.04964	0.02758	0.73343	0.03861	0.00735	0.00735	0.01103	0.00460	0.00460
162	0.01538	0.06210	0.67272	0.02134	0.03239	0.01802	0.02753	0.02398	0.01599	0.02382	0.01351	0.01589	0.00961	0.00718	0.00713	0.00238	0.01111	0.00555	0.00320	0.01116
163	0.05875	0.01366	0.01781	0.01370	0.01955	0.01237	0.01132	0.08804	0.02257	0.61622	0.02831	0.02474	0.01794	0.00929	0.00753	0.00234	0.00659	0.00744	0.00908	0.01275
164	0.01045	0.00774	0.00974	0.00924	0.01116	0.00704	0.00693	0.01376	0.02080	0.02881	0.58440	0.05930	0.17028	0.01610	0.00895	0.00241	0.00362	0.01409	0.00814	0.00704
165	0.01778	0.01932	0.05960	0.02912	0.06433	0.01747	0.51605	0.02364	0.01814	0.05449	0.05258	0.02494	0.04836	0.00767	0.00877	0.00252	0.01137	0.00928	0.00445	0.01011
166	0.01695	0.01937	0.07072	0.07547	0.03582	0.01819	0.46454	0.02268	0.01696	0.02354	0.01635	0.02350	0.01316	0.00795	0.01004	0.00262	0.07237	0.03952	0.04058	0.00968
167	0.39366	0.04511	0.08093	0.01391	0.01817	0.01878	0.01249	0.08317	0.01524	0.02953	0.01206	0.01508	0.00980	0.00931	0.01039	0.03086	0.15640	0.00524	0.03107	0.00881
168	0.01521	0.03923	0.69413	0.02162	0.03283	0.01762	0.02802	0.02402	0.01601	0.02402	0.01361	0.01601	0.00961	0.00721	0.00721	0.00240	0.01121	0.00560	0.00320	0.01121
169	0.01521	0.03923	0.69413	0.02162	0.03283	0.01762	0.02802	0.02402	0.01601	0.02402	0.01361	0.01601	0.00961	0.00721	0.00721	0.00240	0.01121	0.00560	0.00320	0.01121
170	0.01103	0.00735	0.00827	0.00827	0.00827	0.00735	0.00460	0.01103	0.01103	0.01471	0.02390	0.04964	0.02758	0.73343	0.03861	0.00735	0.00735	0.01103	0.00460	0.00460
171	0.00979	0.00718	0.00938	0.01062	0.01159	0.00649	0.00720	0.01128	0.01462	0.01981	0.03943	0.66858	0.04690	0.02224	0.00934	0.00292	0.00450	0.02013	0.00683	0.07118
172	0.01159	0.01038	0.04394	0.01268	0.01455	0.00942	0.03761	0.01669	0.12187	0.02153	0.03641	0.50706	0.04073	0.06417	0.01101	0.00321	0.00554	0.01748	0.00668	0.00744
173	0.01089	0.00820	0.01151	0.01215	0.01331	0.00788	0.04009	0.04803	0.01599	0.02134	0.03910	0.62872	0.04590	0.02197	0.00956	0.00302	0.00514	0.04353	0.00691	0.00677
174	0.19449	0.03077	0.45933	0.01949	0.05714	0.01704	0.02206	0.02450	0.01576	0.07329	0.01409	0.01598	0.01004	0.00730	0.00667	0.00238	0.00955	0.00545	0.00401	0.01068
175	0.01848	0.01760	0.02995	0.04509	0.65590	0.01760	0.02278	0.02294	0.01728	0.02469	0.01543	0.02178	0.01344	0.00740	0.00764	0.00231	0.00892	0.03508	0.00390	0.01179
176	0.04720	0.42332	0.20171	0.01553	0.02300	0.05647	0.01658	0.05033	0.01685	0.04718	0.01252	0.01410	0.01017	0.00695	0.00579	0.00190	0.00895	0.00475	0.00377	0.03293
177	0.01522	0.01432	0.02380	0.57979	0.15170	0.01712	0.02104	0.02087	0.04281	0.02075	0.01433	0.02033	0.01096	0.00756	0.00758	0.00249	0.00977	0.00682	0.00361	0.00915
178	0.00924	0.00660	0.00880	0.01056	0.01100	0.00616	0.00704	0.01056	0.01452	0.01936	0.04181	0.72848	0.05017	0.02376	0.00968	0.00308	0.00440	0.02156	0.00704	0.00616
179	0.01153	0.00866	0.01071	0.01025	0.01226	0.00839	0.00778	0.01659	0.08549	0.02846	0.49110	0.05692	0.11197	0.04867	0.01030	0.00273	0.00426	0.05855	0.00791	0.00745
180	0.03003	0.01527	0.01910	0.01558	0.04398	0.01481	0.01226	0.20501	0.04547	0.42248	0.05276	0.02452	0.01902	0.00938	0.00760	0.00229	0.00690	0.00756	0.00844	0.03753
181	0.01414	0.00707	0.00707	0.00707	0.00884	0.00707	0.00530	0.01767	0.01591	0.02828	0.02474	0.02828	0.01944	0.00884	0.00530	0.00177	0.00353	0.00707	0.77554	0.00707
182	0.00931	0.00663	0.00878	0.01048	0.01090	0.00620	0.00695	0.01058	0.01440	0.01920	0.04117	0.70420	0.04936	0.04915	0.01072	0.00323	0.00451	0.02119	0.00695	0.00610
183	0.04947	0.01973	0.02386	0.02417	0.18928	0.02136	0.01613	0.45791	0.02963	0.04090	0.01721	0.01852	0.01276	0.00844	0.00740	0.00225	0.00827	0.00673	0.03365	0.01232
184	0.02265	0.46688	0.06285	0.01510	0.02090	0.16557	0.01403	0.02528	0.01702	0.07381	0.01249	0.01400	0.01049	0.00737	0.00660	0.00187	0.04468	0.00472	0.00389	0.00980
185	0.01652	0.21976	0.52507	0.01939	0.02938	0.02082	0.02414	0.02368	0.01586	0.02243	0.01282	0.01502	0.00964	0.00702	0.00660	0.00220	0.01041	0.00520	0.00321	0.01083
186	0.48882	0.10569	0.01760	0.16844	0.02387	0.01840	0.01180	0.02225	0.01406	0.05341	0.01194	0.01458	0.00923	0.00718	0.00547	0.00230	0.00712	0.00482	0.00439	0.00863
187	0.00924	0.00660	0.00880	0.01056	0.01100	0.00616	0.00704	0.01056	0.01452	0.01936	0.04181	0.72848	0.05017	0.02376	0.00968	0.00308	0.00440	0.02156	0.00704	0.00616
188	0.01788	0.01987	0.04142	0.03247	0.10635	0.01941	0.53577	0.02367	0.01729	0.02382	0.01476	0.01995	0.01143	0.00703	0.01018	0.00259	0.07356	0.00852	0.00378	0.01025
189	0.01263	0.01010	0.01087	0.01032	0.01327	0.00998	0.00786	0.01977	0.18828	0.04819	0.08704	0.08617	0.40279	0.01812	0.03747	0.00297	0.00520	0.01358	0.00724	0.00814
190	0.01440	0.01359	0.02277	0.69065	0.05110	0.01708	0.02091	0.01934	0.01504	0.01934	0.01336	0.02009	0.01011	0.00778	0.00819	0.00256	0.03517	0.00674	0.00337	0.00842
191	0.02363	0.30556	0.02788	0.01491	0.02061	0.05563	0.01303	0.25564	0.10111	0.04893	0.01700	0.01750	0.01320	0.00814	0.00637	0.00201	0.00793	0.00588	0.04399	0.01106
192	0.01605	0.18426	0.52235	0.01920	0.02894	0.01969	0.02382	0.02326	0.01616	0.02305	0.04667	0.01726	0.01276	0.00747	0.00680	0.00224	0.01018	0.00569	0.00347	0.01070
193	0.01652	0.01076	0.01307	0.16660	0.02085	0.01187	0.01027	0.12052	0.01889	0.02941	0.02119	0.02488	0.01632	0.00860	0.00617	0.00202	0.00577	0.00696	0.48104	0.00830
194	0.02323	0.01728	0.01833	0.01562	0.02045	0.04087	0.01238	0.14692	0.44097	0.13534	0.02791	0.02569	0.02027	0.00987	0.00765	0.00247	0.00673	0.00801	0.00783	0.01219
195	0.01436	0.01243	0.01997	0.56708	0.04348	0.01531	0.01811	0.01904	0.01519	0.02093	0.01538	0.02155	0.01177	0.00799	0.00772	0.00242	0.03110	0.00680	0.14120	0.00818
196	0.01582	0.00888	0.01177	0.01040	0.01308	0.00803	0.00803	0.01925	0.02152	0.17456	0.53988	0.04993	0.06006	0.01417	0.00866	0.00238	0.00421	0.01239	0.00858	0.00841
197	0.01590	0.09118	0.52811	0.05717	0.03359	0.01876	0.10431	0.02372	0.01616	0.02333	0.01358	0.01647	0.00988	0.00707	0.00725	0.00237	0.01110	0.00595	0.00329	0.01083
198	0.06984	0.01299	0.01730	0.01333	0.01914	0.01143	0.01101	0.03627	0.02129	0.66011	0.02900	0.02518	0.01827	0.00928	0.00749	0.00235	0.00643	0.00746	0.00916	0.01269
199	0.01478	0.00880	0.01055	0.00950	0.01250	0.00764	0.00734	0.01745	0.01956	0.16417	0.26143	0.05787	0.34753	0.01596	0.00868	0.00246	0.00430	0.01352	0.00795	0.00801
200	0.00931	0.00665	0.00886	0.01052	0.01102	0.00621	0.00705	0.01073	0.01483	0.01985	0.07024	0.69865	0.05112	0.02340	0.00965	0.00305	0.00436	0.02121	0.00710	0.00621
201	0.02427	0.01706	0.02501	0.06478	0.33477	0.01733	0.01799	0.14822	0.04898	0.19546	0.01957	0.02089	0.01424	0.00805	0.00757	0.00231	0.00818	0.00706	0.00603	0.01223
202	0.01318	0.00659	0.00988	0.00988	0.00988	0.00659	0.00659	0.00988	0.00988	0.01318	0.01318	0.02306	0.01318	0.02635	0.02964	0.77931	0.00659	0.00659	0.00329	0.00329
203	0.01154	0.00793	0.01040	0.00968	0.01161	0.00729	0.00729	0.01510	0.02148	0.05325	0.65958	0.05559	0.06975	0.01530	0.00890	0.00238	0.00368	0.01351	0.00839	0.00736
204	0.24538	0.01563	0.05153	0.39769	0.09248	0.01721	0.01757	0.03800	0.01526	0.02518	0.01281	0.01749	0.00976	0.00738	0.00670	0.00244	0.00876	0.00591	0.00390	0.00891
205	0.01658	0.01621	0.02280	0.02050	0.04941	0.02223	0.01636	0.01845	0.01208	0.01903	0.01085	0.01725	0.01050	0.01277	0.02318	0.00320	0.65348	0.00666	0.04006	0.00841
206	0.01657	0.07715	0.02571	0.04538	0.02342	0.01722	0.19145	0.04784	0.01587	0.02309	0.01731	0.06860	0.01531	0.01084	0.01256	0.04119	0.17452	0.00817	0.15926	0.00853
207	0.01848	0.01908	0.11220	0.21188	0.24073	0.01723	0.07425	0.02570	0.09426	0.08533	0.01746	0.02071	0.01310	0.00766	0.00765	0.00242	0.00931	0.00708	0.00457	0.01090
208	0.05592	0.21866	0.45925	0.01842	0.02784	0.02052	0.02236	0.02418	0.01596	0.05299	0.01340	0.01527	0.00998	0.00711	0.00649	0.00219	0.00992	0.00522	0.00357	0.01075
209	0.02827	0.02036	0.02155	0.01671	0.02262	0.04994	0.01369	0.50689	0.06126	0.11426	0.01954	0.01917	0.01378	0.00896	0.00747	0.00223	0.00813	0.00680	0.00748	0.05087
210	0.01432	0.01348	0.02275	0.71520	0.05224	0.01685	0.02107	0.01938	0.01517	0.01938	0.01348	0.02022	0.01011	0.00758	0.00758	0.00253	0.01011	0.00674	0.00337	0.00843
211	0.00918	0.00683	0.00857	0.00996	0.01084	0.00621	0.00677	0.01063	0.01510	0.01960	0.04916	0.59095	0.18296	0.02281	0.00953	0.00297	0.00428	0.02040	0.00704	0.00621
212	0.04543	0.00973	0.01043	0.00919	0.01238	0.00932	0.00710	0.04209	0.04976	0.06131	0.02333	0.05787	0.01892	0.00900	0.00586	0.00182	0.00447	0.00727	0.46855	0.14617
213	0.01651	0.07258	0.02358	0.01845	0.01945	0.02174	0.03922	0.01861	0.01253	0.01926	0.01183	0.01787	0.01113	0.01378	0.04698	0.00337	0.55047	0.00661	0.06771	0.00832
214	0.00939	0.00671	0.00897	0.01073	0.01124	0.00629	0.00730	0.01082	0.01467	0.01953	0.04172	0.69647	0.04984	0.02362	0.00972	0.00310	0.00453	0.05211	0.00704	0.00620
215	0.01687	0.01405	0.01706	0.04402	0.01981	0.01284	0.01077	0.06014	0.03949	0.04344	0.01587	0.05282	0.01373	0.00795	0.00829	0.00168	0.08495	0.00607	0.00488	0.52526
216	0.01538	0.06257	0.67228	0.02133	0.03238	0.01803	0.02752	0.02398	0.01599	0.02381	0.01351	0.01589	0.00961	0.00718	0.00713	0.00238	0.01111	0.00555	0.00320	0.01116
217	0.00924	0.00660	0.00880	0.01056	0.01100	0.00616	0.00704	0.01056	0.01452	0.01936	0.04181	0.72848	0.05017	0.02376	0.00968	0.00308	0.00440	0.02156	0.00704	0.00616
218	0.00930	0.00663	0.00878	0.01048	0.01091	0.00620	0.00696	0.01058	0.01440	0.01920	0.04118	0.70482	0.04938	0.04850	0.01069	0.00323	0.00450	0.02120	0.00696	0.00611
219	0.19516	0.01725	0.01891	0.13888	0.05185	0.04111	0.01385	0.18935	0.16780	0.06483	0.01868	0.01973	0.01379	0.00852	0.00694	0.00239	0.00768	0.00656	0.00604	0.01069
220	0.00969	0.00697	0.00951	0.04554	0.01291	0.00675	0.00763	0.01100	0.01427	0.01898	0.03876	0.64374	0.04607	0.05013	0.01135	0.02914	0.00487	0.01992	0.00664	0.00612
221	0.02783	0.01682	0.01909	0.01509	0.02049	0.01771	0.01232	0.33220	0.11502	0.24046	0.02404	0.02275	0.01663	0.00933	0.00742	0.00229	0.00704	0.00733	0.07386	0.01228
222	0.01505	0.01434	0.02352	0.55256	0.10223	0.01791	0.02058	0.01955	0.01481	0.01968	0.01302	0.01955	0.01025	0.00837	0.01019	0.00262	0.11692	0.00673	0.00340	0.00872
223	0.00930	0.00664	0.00885	0.01052	0.01101	0.00620	0.00705	0.01070	0.01479	0.01978	0.06625	0.70283	0.05098	0.02345	0.00965	0.00305	0.00437	0.02126	0.00709	0.00620
224	0.02553	0.01882	0.05330	0.01544	0.02148	0.01834	0.01313	0.40144	0.02817	0.12078	0.01914	0.01998	0.01391	0.02830	0.00800	0.00222	0.00757	0.00662	0.04312	0.13473
225	0.00931	0.00663	0.00878	0.01047	0.01089	0.00621	0.00694	0.01058	0.01438	0.01918	0.04109	0.70150	0.04927	0.05197	0.01083	0.00325	0.00452	0.02114	0.00694	0.00610
226	0.00924	0.00660	0.00880	0.01056	0.01100	0.00616	0.00704	0.01056	0.01452	0.01936	0.04181	0.72848	0.05017	0.02376	0.00968	0.00308	0.00440	0.02156	0.00704	0.00616
227	0.05205	0.05371	0.02027	0.01491	0.02081	0.01915	0.01221	0.32161	0.14075	0.03671	0.01849	0.01879	0.01392	0.00816	0.00683	0.00199	0.00709	0.00626	0.00645	0.21984
228	0.01286	0.04609	0.15705	0.08036	0.02138	0.01207	0.01380	0.01657	0.01522	0.02145	0.04883	0.31203	0.02890	0.01441	0.00887	0.00251	0.04239	0.01241	0.00520	0.12759
229	0.02298	0.31283	0.14847	0.01614	0.02306	0.06984	0.01592	0.17412	0.04585	0.08125	0.01530	0.01608	0.01169	0.00770	0.00638	0.00203	0.00888	0.00549	0.00496	0.01102
230	0.01084	0.00813	0.01219	0.01219	0.01354	0.00948	0.00948	0.01354	0.01219	0.01761	0.02032	0.02980	0.01896	0.05689	0.70337	0.01219	0.02032	0.00813	0.00406	0.00677
231	0.00936	0.00680	0.00873	0.01013	0.01083	0.00628	0.00682	0.01079	0.01498	0.01980	0.07468	0.60293	0.11374	0.05240	0.01078	0.00317	0.00443	0.02020	0.00700	0.00617
232	0.02206	0.01654	0.01925	0.11261	0.04967	0.04205	0.01400	0.12516	0.31148	0.13271	0.02562	0.02709	0.01924	0.00988	0.00775	0.00250	0.00741	0.03651	0.00704	0.01144
233	0.05799	0.34390	0.26403	0.01691	0.02454	0.13425	0.01827	0.02438	0.01648	0.02093	0.01181	0.01376	0.00962	0.00698	0.00600	0.00198	0.00999	0.00473	0.00341	0.01002
234	0.01855	0.01740	0.01661	0.01568	0.04238	0.10199	0.01165	0.05622	0.42037	0.02832	0.03608	0.03418	0.14510	0.01149	0.00783	0.00247	0.00675	0.00939	0.00697	0.01058
235	0.00924	0.00660	0.00880	0.01056	0.01100	0.00616	0.00704	0.01056	0.01452	0.01936	0.04181	0.72848	0.05017	0.02376	0.00968	0.00308	0.00440	0.02156	0.00704	0.00616
236	0.00971	0.00694	0.00934	0.01110	0.01175	0.00657	0.00786	0.01138	0.01499	0.01989	0.04155	0.62656	0.04913	0.02332	0.00981	0.00315	0.00481	0.11882	0.00703	0.00629
237	0.01912	0.01871	0.02990	0.04198	0.56822	0.04538	0.05356	0.02512	0.07584	0.02513	0.01570	0.01950	0.01289	0.00710	0.00757	0.00228	0.00912	0.00695	0.00412	0.01180
238	0.02008	0.61699	0.09490	0.01430	0.02083	0.06032	0.01450	0.02301	0.01561	0.01843	0.01084	0.01274	0.00973	0.00687	0.00593	0.00177	0.03580	0.00433	0.00328	0.00976
239	0.02627	0.01920	0.02102	0.01594	0.02215	0.02009	0.01311	0.49505	0.03076	0.07245	0.01774	0.01803	0.01281	0.00837	0.00717	0.00203	0.00768	0.00637	0.00701	0.17675
240	0.01063	0.00703	0.00940	0.01079	0.01159	0.00653	0.00743	0.01218	0.01521	0.05339	0.06196	0.64915	0.04907	0.02268	0.00958	0.00304	0.00457	0.04199	0.00720	0.00656
241	0.01036	0.00762	0.00969	0.00942	0.01116	0.00696	0.00697	0.01350	0.02023	0.02803	0.54014	0.12896	0.14509	0.01683	0.00903	0.00248	0.00370	0.01482	0.00805	0.00696
