[name]
unknown

[dist]
# distance from previous block
# <min> <max>
0	14

[block]
# block no. 0 follows, 23 sequences, length 32
# corresponding to MSA columns:
# 14-45
name=unknown_A
#
# <colnr> <probs for GDERKNQSTAVLIFYWHMCP>
#	G	D	E	R	K	N	Q	S	T	A	V	L	I	F	Y	W	H	M	C	P
0	0.01308	0.00934	0.01308	0.01494	0.01681	0.00934	0.01308	0.01681	0.01868	0.02428	0.04296	0.09153	0.04670	0.02242	0.01121	0.00374	0.00747	0.60960	0.00747	0.00747
1	0.01409	0.00705	0.01057	0.01057	0.01057	0.00705	0.00705	0.01057	0.01057	0.01409	0.01409	0.02467	0.01409	0.02819	0.03171	0.76392	0.00705	0.00705	0.00352	0.00352
2	0.00989	0.00706	0.00942	0.01130	0.01177	0.00659	0.00753	0.01130	0.01554	0.02071	0.04472	0.70954	0.05367	0.02542	0.01036	0.00330	0.00471	0.02307	0.00753	0.00659
3	0.01915	0.02189	0.04788	0.03420	0.04241	0.02052	0.63475	0.02599	0.01915	0.02599	0.01642	0.02189	0.01231	0.00684	0.00958	0.00274	0.01368	0.00958	0.00410	0.01094
4	0.01915	0.02189	0.04788	0.03420	0.04241	0.02052	0.63475	0.02599	0.01915	0.02599	0.01642	0.02189	0.01231	0.00684	0.00958	0.00274	0.01368	0.00958	0.00410	0.01094
5	0.01532	0.01442	0.02434	0.69533	0.05589	0.01803	0.02253	0.02073	0.01622	0.02073	0.01442	0.02163	0.01082	0.00811	0.00811	0.00270	0.01082	0.00721	0.00361	0.00901
6	0.01013	0.00716	0.00934	0.01099	0.01140	0.00675	0.00720	0.01136	0.01506	0.02008	0.04229	0.62621	0.05060	0.11293	0.01428	0.00388	0.00511	0.02164	0.00720	0.00638
7	0.02008	0.01928	0.03294	0.04981	0.66422	0.01928	0.02490	0.02490	0.01848	0.02651	0.01526	0.02008	0.01285	0.00723	0.00803	0.00241	0.00964	0.00723	0.00402	0.01285
8	0.77215	0.01569	0.01193	0.01067	0.01569	0.01820	0.00879	0.02385	0.01381	0.03641	0.01130	0.01318	0.00879	0.00753	0.00502	0.00251	0.00628	0.00439	0.00502	0.00879
9	0.01008	0.00720	0.00963	0.01151	0.01207	0.00675	0.00786	0.01163	0.01572	0.02093	0.04462	0.67289	0.05325	0.02524	0.01041	0.00332	0.00487	0.05785	0.00753	0.00664
10	0.01683	0.01442	0.01683	0.01202	0.01923	0.01082	0.00961	0.02043	0.01683	0.02644	0.01442	0.01683	0.01202	0.00601	0.00601	0.00120	0.00601	0.00481	0.00481	0.76444
11	0.70755	0.01631	0.01301	0.01137	0.01652	0.01881	0.00937	0.07729	0.01593	0.03769	0.01201	0.01373	0.00922	0.00772	0.00529	0.00250	0.00651	0.00465	0.00529	0.00922
12	0.00997	0.00713	0.00949	0.01124	0.01179	0.00665	0.00754	0.01151	0.01593	0.02134	0.07716	0.67532	0.05487	0.02496	0.01032	0.00326	0.00466	0.02262	0.00761	0.00665
13	0.00989	0.00706	0.00942	0.01130	0.01177	0.00659	0.00753	0.01130	0.01554	0.02071	0.04472	0.70954	0.05367	0.02542	0.01036	0.00330	0.00471	0.02307	0.00753	0.00659
14	0.03085	0.02273	0.02435	0.01867	0.02516	0.02516	0.01542	0.63716	0.03815	0.05114	0.01948	0.01948	0.01380	0.00974	0.00812	0.00244	0.00893	0.00731	0.00812	0.01380
15	0.03085	0.02273	0.02435	0.01867	0.02516	0.02516	0.01542	0.63716	0.03815	0.05114	0.01948	0.01948	0.01380	0.00974	0.00812	0.00244	0.00893	0.00731	0.00812	0.01380
16	0.03085	0.02273	0.02435	0.01867	0.02516	0.02516	0.01542	0.63716	0.03815	0.05114	0.01948	0.01948	0.01380	0.00974	0.00812	0.00244	0.00893	0.00731	0.00812	0.01380
17	0.01409	0.00705	0.01057	0.01057	0.01057	0.00705	0.00705	0.01057	0.01057	0.01409	0.01409	0.02467	0.01409	0.02819	0.03171	0.76392	0.00705	0.00705	0.00352	0.00352
18	0.03641	0.01381	0.01883	0.01444	0.02071	0.01193	0.01193	0.03954	0.02322	0.66984	0.03201	0.02762	0.02009	0.01004	0.00816	0.00251	0.00690	0.00816	0.01004	0.01381
19	0.01532	0.01442	0.02434	0.69533	0.05589	0.01803	0.02253	0.02073	0.01622	0.02073	0.01442	0.02163	0.01082	0.00811	0.00811	0.00270	0.01082	0.00721	0.00361	0.00901
20	0.01532	0.01442	0.02434	0.69533	0.05589	0.01803	0.02253	0.02073	0.01622	0.02073	0.01442	0.02163	0.01082	0.00811	0.00811	0.00270	0.01082	0.00721	0.00361	0.00901
21	0.01103	0.00799	0.01053	0.01138	0.01277	0.00749	0.00850	0.01378	0.01899	0.02574	0.27076	0.32431	0.09601	0.02137	0.01018	0.00307	0.00485	0.12605	0.00803	0.00715
22	0.01000	0.00715	0.00952	0.01122	0.01179	0.00667	0.00754	0.01158	0.01606	0.02154	0.08775	0.66415	0.05527	0.02480	0.01030	0.00324	0.00465	0.02248	0.00763	0.00667
23	0.01047	0.00818	0.00948	0.00930	0.01153	0.00720	0.00692	0.01329	0.02035	0.02666	0.34163	0.10762	0.36025	0.01904	0.00963	0.00269	0.00402	0.01637	0.00817	0.00720
24	0.72879	0.01527	0.01186	0.01064	0.01549	0.01760	0.00872	0.02337	0.01433	0.03619	0.04827	0.01588	0.01265	0.00805	0.00528	0.00251	0.00614	0.00498	0.00524	0.00872
25	0.01036	0.00740	0.00973	0.01092	0.01171	0.00691	0.00744	0.01228	0.01714	0.02331	0.19134	0.52266	0.05801	0.05613	0.01164	0.00333	0.00465	0.02052	0.00774	0.00677
26	0.00989	0.00706	0.00942	0.01130	0.01177	0.00659	0.00753	0.01130	0.01554	0.02071	0.04472	0.70954	0.05367	0.02542	0.01036	0.00330	0.00471	0.02307	0.00753	0.00659
27	0.01015	0.00741	0.00955	0.01076	0.01175	0.00681	0.00741	0.01207	0.01721	0.02300	0.16103	0.52223	0.12414	0.02328	0.01013	0.00310	0.00448	0.02089	0.00779	0.00681
28	0.01151	0.00774	0.00894	0.00922	0.00930	0.00767	0.00532	0.01172	0.01237	0.01650	0.02850	0.15351	0.03320	0.60938	0.03657	0.00717	0.00738	0.01352	0.00532	0.00517
29	0.01013	0.00716	0.00934	0.01099	0.01140	0.00675	0.00720	0.01136	0.01506	0.02008	0.04229	0.62621	0.05060	0.11293	0.01428	0.00388	0.00511	0.02164	0.00720	0.00638
30	0.00970	0.00822	0.00837	0.00834	0.01103	0.00690	0.00625	0.01186	0.01875	0.02254	0.11575	0.07708	0.62699	0.02032	0.00959	0.00273	0.00409	0.01698	0.00762	0.00690
31	0.01167	0.00789	0.00881	0.00881	0.00897	0.00781	0.00499	0.01179	0.01218	0.01609	0.02879	0.05452	0.06549	0.67526	0.03949	0.00757	0.00765	0.01210	0.00507	0.00503

[dist]
# distance from previous block
# <min> <max>
0	1

[block]
# block no. 1 follows, 23 sequences, length 9
# corresponding to MSA columns:
# 47-55
name=unknown_B
#
# <colnr> <probs for GDERKNQSTAVLIFYWHMCP>
#	G	D	E	R	K	N	Q	S	T	A	V	L	I	F	Y	W	H	M	C	P
0	0.01159	0.00869	0.01304	0.01304	0.01449	0.01014	0.01014	0.01449	0.01304	0.01884	0.02173	0.03188	0.02029	0.06086	0.68268	0.01304	0.02173	0.00869	0.00435	0.00724
1	0.01409	0.00705	0.01057	0.01057	0.01057	0.00705	0.00705	0.01057	0.01057	0.01409	0.01409	0.02467	0.01409	0.02819	0.03171	0.76392	0.00705	0.00705	0.00352	0.00352
2	0.01161	0.00861	0.01261	0.01261	0.01391	0.00991	0.00960	0.01421	0.01291	0.01852	0.02213	0.03407	0.02124	0.12849	0.61635	0.01251	0.02030	0.00901	0.00441	0.00700
3	0.00989	0.00706	0.00942	0.01130	0.01177	0.00659	0.00753	0.01130	0.01554	0.02071	0.04472	0.70954	0.05367	0.02542	0.01036	0.00330	0.00471	0.02307	0.00753	0.00659
4	0.42074	0.01858	0.01730	0.01427	0.01983	0.02108	0.01171	0.26437	0.07625	0.04194	0.01630	0.01706	0.01207	0.00868	0.00650	0.00250	0.00732	0.00593	0.00650	0.01108
5	0.03351	0.01845	0.02170	0.01664	0.02303	0.01881	0.01375	0.35047	0.03099	0.34794	0.02549	0.02338	0.01682	0.00989	0.00814	0.00247	0.00796	0.00772	0.00904	0.01380
6	0.09053	0.39796	0.27701	0.01706	0.02572	0.02580	0.01946	0.02478	0.01648	0.02321	0.01252	0.01458	0.01021	0.00729	0.00613	0.00212	0.00970	0.00497	0.00360	0.01085
7	0.44447	0.01488	0.01640	0.22578	0.02836	0.01781	0.01353	0.02185	0.01459	0.02955	0.01431	0.05914	0.01230	0.00920	0.00757	0.00268	0.04760	0.00659	0.00465	0.00873
8	0.01639	0.01201	0.01796	0.29715	0.06369	0.01286	0.01496	0.02021	0.01827	0.11197	0.08802	0.10861	0.15844	0.01344	0.00878	0.00272	0.00760	0.01168	0.00619	0.00905

[dist]
# distance from previous block
# <min> <max>
1	3

[block]
# block no. 2 follows, 23 sequences, length 64
# corresponding to MSA columns:
# 59-122
name=unknown_C
#
# <colnr> <probs for GDERKNQSTAVLIFYWHMCP>
#	G	D	E	R	K	N	Q	S	T	A	V	L	I	F	Y	W	H	M	C	P
0	0.01119	0.00786	0.00957	0.01018	0.01081	0.00743	0.00641	0.01205	0.01384	0.01868	0.03393	0.35930	0.03986	0.35085	0.02477	0.00534	0.00628	0.01669	0.00614	0.04882
1	0.16261	0.02105	0.02137	0.06679	0.02522	0.06275	0.01463	0.40834	0.03009	0.04278	0.01856	0.02235	0.01436	0.00987	0.00769	0.00252	0.00885	0.04130	0.00695	0.01191
2	0.41420	0.01498	0.01429	0.01279	0.01659	0.01713	0.01030	0.11036	0.01755	0.03300	0.01824	0.02940	0.01710	0.11231	0.01290	0.00349	0.05357	0.07735	0.00565	0.00881
3	0.02771	0.02055	0.02218	0.01738	0.02317	0.02245	0.01409	0.52043	0.05932	0.04588	0.02137	0.05506	0.01698	0.05041	0.01002	0.00274	0.00844	0.00829	0.00777	0.04576
4	0.30564	0.01551	0.01789	0.16166	0.02688	0.01699	0.01338	0.07927	0.04136	0.21835	0.01944	0.02034	0.01349	0.00869	0.00698	0.00256	0.00767	0.00651	0.00654	0.01085
5	0.01505	0.06456	0.22794	0.02002	0.06068	0.01480	0.06782	0.02068	0.01846	0.02546	0.10593	0.07619	0.05372	0.01403	0.00912	0.00289	0.00891	0.17844	0.00566	0.00964
6	0.01868	0.01551	0.01788	0.01371	0.01982	0.01400	0.01094	0.10898	0.07512	0.02990	0.01864	0.06489	0.01612	0.00864	0.00770	0.00176	0.03675	0.00687	0.00571	0.50840
7	0.74341	0.04265	0.01310	0.01079	0.01589	0.01874	0.00898	0.02387	0.01391	0.03574	0.01130	0.01318	0.00885	0.00751	0.00503	0.00248	0.00637	0.00439	0.00496	0.00885
8	0.77215	0.01569	0.01193	0.01067	0.01569	0.01820	0.00879	0.02385	0.01381	0.03641	0.01130	0.01318	0.00879	0.00753	0.00502	0.00251	0.00628	0.00439	0.00502	0.00879
9	0.03384	0.01364	0.01835	0.01407	0.02025	0.01167	0.01157	0.03704	0.02270	0.59278	0.05574	0.02807	0.02170	0.00998	0.00804	0.00241	0.00671	0.00815	0.00958	0.07370
10	0.03059	0.01455	0.01833	0.01473	0.02029	0.01397	0.01193	0.06716	0.15727	0.45114	0.08425	0.03056	0.02551	0.01078	0.00830	0.00256	0.00664	0.00888	0.00948	0.01309
11	0.77215	0.01569	0.01193	0.01067	0.01569	0.01820	0.00879	0.02385	0.01381	0.03641	0.01130	0.01318	0.00879	0.00753	0.00502	0.00251	0.00628	0.00439	0.00502	0.00879
12	0.01718	0.01821	0.08325	0.02513	0.05496	0.01539	0.31990	0.02243	0.01888	0.06507	0.09608	0.17224	0.02871	0.01217	0.00944	0.00279	0.00995	0.01255	0.00569	0.00998
13	0.01513	0.00756	0.00756	0.00756	0.00945	0.00756	0.00567	0.01891	0.01702	0.03025	0.02647	0.03025	0.02080	0.00945	0.00567	0.00189	0.00378	0.00756	0.75988	0.00756
14	0.00989	0.00706	0.00942	0.01130	0.01177	0.00659	0.00753	0.01130	0.01554	0.02071	0.04472	0.70954	0.05367	0.02542	0.01036	0.00330	0.00471	0.02307	0.00753	0.00659
15	0.01672	0.01776	0.03563	0.02701	0.03231	0.01766	0.40495	0.02160	0.01743	0.02390	0.02260	0.18902	0.02219	0.01229	0.01189	0.00297	0.09702	0.01256	0.00487	0.00962
16	0.02789	0.01666	0.01928	0.01596	0.02145	0.01755	0.01280	0.11494	0.32752	0.28649	0.03096	0.02790	0.02157	0.01047	0.00820	0.00262	0.00692	0.00854	0.00894	0.01334
17	0.01905	0.21789	0.46357	0.02012	0.03040	0.02186	0.02455	0.02626	0.01737	0.06717	0.01487	0.01676	0.01097	0.00766	0.00708	0.00235	0.01078	0.00571	0.00388	0.01170
18	0.01013	0.00828	0.00901	0.00926	0.01171	0.00716	0.00708	0.01248	0.01874	0.02303	0.12680	0.11360	0.51257	0.02067	0.00980	0.00286	0.00446	0.07777	0.00765	0.00697
19	0.02040	0.02176	0.02814	0.02309	0.02552	0.12958	0.12420	0.05016	0.01647	0.02209	0.01272	0.01851	0.01137	0.01333	0.04151	0.00344	0.41694	0.00729	0.00398	0.00949
20	0.01658	0.01520	0.02473	0.62079	0.08129	0.01856	0.02216	0.06227	0.01780	0.02303	0.01480	0.02142	0.01111	0.00818	0.00811	0.00267	0.01064	0.00722	0.00393	0.00951
21	0.01409	0.00705	0.01057	0.01057	0.01057	0.00705	0.00705	0.01057	0.01057	0.01409	0.01409	0.02467	0.01409	0.02819	0.03171	0.76392	0.00705	0.00705	0.00352	0.00352
22	0.02062	0.01867	0.02873	0.06684	0.41152	0.01943	0.04237	0.09817	0.11218	0.03052	0.05474	0.02391	0.01818	0.00862	0.00822	0.00249	0.00896	0.00802	0.00537	0.01243
23	0.02833	0.01981	0.02317	0.01776	0.02422	0.02070	0.04430	0.38420	0.09104	0.13742	0.02187	0.02152	0.01550	0.00930	0.00795	0.00234	0.00826	0.00741	0.00781	0.10711
24	0.01242	0.01003	0.01356	0.01319	0.01509	0.01001	0.04432	0.05163	0.01812	0.02385	0.07766	0.37505	0.18137	0.02097	0.01111	0.00309	0.05210	0.05167	0.00717	0.00759
25	0.01524	0.00913	0.01205	0.01085	0.01342	0.00830	0.00830	0.01896	0.02301	0.12857	0.56532	0.05564	0.06805	0.01560	0.00936	0.00255	0.00429	0.01369	0.00910	0.00858
26	0.01918	0.40582	0.33443	0.01817	0.02745	0.02596	0.02134	0.02495	0.01679	0.02215	0.01280	0.01492	0.01035	0.00730	0.00637	0.00212	0.01021	0.00511	0.00345	0.01114
27	0.01554	0.01393	0.02307	0.54008	0.07811	0.01711	0.02045	0.01960	0.01542	0.02012	0.01421	0.02171	0.01132	0.01092	0.01210	0.09760	0.04941	0.00719	0.00361	0.00851
28	0.77215	0.01569	0.01193	0.01067	0.01569	0.01820	0.00879	0.02385	0.01381	0.03641	0.01130	0.01318	0.00879	0.00753	0.00502	0.00251	0.00628	0.00439	0.00502	0.00879
29	0.01726	0.16471	0.55865	0.02145	0.03253	0.02125	0.02706	0.02544	0.01701	0.02450	0.01397	0.01639	0.01030	0.00757	0.00726	0.00242	0.01139	0.00570	0.00343	0.01171
30	0.74335	0.01562	0.01220	0.01082	0.01589	0.01796	0.00891	0.02447	0.01418	0.06120	0.01211	0.01375	0.00923	0.00763	0.00514	0.00251	0.00630	0.00454	0.00522	0.00898
31	0.01044	0.00816	0.00947	0.00934	0.01153	0.00718	0.00693	0.01322	0.02022	0.02648	0.33244	0.12049	0.35666	0.01920	0.00964	0.00270	0.00403	0.01652	0.00815	0.00718
32	0.01134	0.00857	0.01180	0.01177	0.01354	0.00903	0.00914	0.01436	0.01643	0.02270	0.17540	0.04887	0.13372	0.04250	0.38930	0.00856	0.01418	0.04546	0.00605	0.00729
33	0.02275	0.01853	0.02033	0.07219	0.02381	0.04936	0.01403	0.32234	0.05786	0.03633	0.03097	0.07226	0.12844	0.01289	0.01032	0.00267	0.07695	0.00995	0.00699	0.01103
34	0.11578	0.01815	0.01861	0.01617	0.02115	0.02082	0.01279	0.14587	0.46211	0.03729	0.02792	0.02623	0.02084	0.01035	0.00783	0.00267	0.00685	0.00825	0.00783	0.01251
35	0.01811	0.01531	0.01785	0.01303	0.01985	0.01272	0.01050	0.07489	0.01851	0.02831	0.01470	0.01710	0.01211	0.00671	0.00713	0.00142	0.03760	0.00513	0.00504	0.66399
36	0.01967	0.02470	0.11606	0.03051	0.03853	0.06055	0.47434	0.05337	0.01987	0.02651	0.01721	0.04770	0.01365	0.00789	0.00919	0.00269	0.01298	0.00932	0.00435	0.01093
37	0.01956	0.03250	0.38805	0.02052	0.02924	0.05716	0.02284	0.13512	0.08517	0.03037	0.02012	0.06125	0.01641	0.01008	0.00812	0.00263	0.01043	0.03349	0.00520	0.01175
38	0.01842	0.01931	0.06953	0.08101	0.34478	0.01720	0.10449	0.02356	0.01816	0.02620	0.03892	0.02109	0.01466	0.00736	0.00788	0.00225	0.00947	0.00726	0.00431	0.16416
39	0.01505	0.05755	0.10941	0.04047	0.01890	0.01192	0.01252	0.01982	0.06021	0.08202	0.13004	0.33345	0.04167	0.01735	0.00911	0.00285	0.00642	0.01528	0.00703	0.00893
40	0.02013	0.35498	0.02862	0.01324	0.01890	0.02181	0.01188	0.08331	0.02060	0.05561	0.17426	0.02659	0.02778	0.00964	0.00681	0.00198	0.00709	0.00743	0.00575	0.10361
41	0.06366	0.01421	0.01625	0.01437	0.01857	0.01511	0.01143	0.05593	0.28511	0.15331	0.16877	0.03992	0.03563	0.01271	0.00857	0.00272	0.00612	0.05786	0.00849	0.01127
42	0.01702	0.01459	0.01691	0.01227	0.01934	0.01135	0.00980	0.02171	0.05257	0.02686	0.01547	0.01759	0.01274	0.00629	0.00614	0.00129	0.00603	0.00505	0.00500	0.72198
43	0.01607	0.00890	0.01058	0.00982	0.01091	0.00857	0.00613	0.01662	0.01378	0.12932	0.02669	0.04867	0.02787	0.59244	0.03555	0.00694	0.00770	0.01117	0.00581	0.00646
44	0.01139	0.00829	0.01072	0.01011	0.01207	0.00762	0.00758	0.01514	0.02275	0.03203	0.63201	0.06146	0.10480	0.01678	0.00957	0.00256	0.00384	0.01479	0.00886	0.00762
45	0.02249	0.01717	0.01889	0.01565	0.02033	0.01879	0.01250	0.30463	0.18945	0.04134	0.20958	0.03422	0.03488	0.01206	0.00858	0.00255	0.00680	0.00993	0.00839	0.01177
46	0.77215	0.01569	0.01193	0.01067	0.01569	0.01820	0.00879	0.02385	0.01381	0.03641	0.01130	0.01318	0.00879	0.00753	0.00502	0.00251	0.00628	0.00439	0.00502	0.00879
47	0.03031	0.03867	0.02299	0.02090	0.02508	0.68226	0.01568	0.03240	0.02299	0.01986	0.01254	0.01463	0.01045	0.00836	0.00732	0.00209	0.01463	0.00523	0.00418	0.00941
48	0.77215	0.01569	0.01193	0.01067	0.01569	0.01820	0.00879	0.02385	0.01381	0.03641	0.01130	0.01318	0.00879	0.00753	0.00502	0.00251	0.00628	0.00439	0.00502	0.00879
49	0.01775	0.01775	0.02485	0.02130	0.02130	0.02485	0.01775	0.01953	0.01243	0.01953	0.01065	0.01775	0.01065	0.01420	0.02663	0.00355	0.69998	0.00710	0.00355	0.00888
50	0.01067	0.00806	0.00861	0.00858	0.01003	0.00735	0.00565	0.01185	0.01558	0.01947	0.07749	0.06597	0.34934	0.33932	0.02416	0.00509	0.00583	0.01459	0.00638	0.00599
51	0.01001	0.00715	0.00956	0.01145	0.01197	0.00670	0.00776	0.01152	0.01566	0.02086	0.04465	0.68458	0.05339	0.02530	0.01039	0.00331	0.00482	0.04675	0.00753	0.00663
52	0.01067	0.00813	0.00980	0.00966	0.01169	0.00727	0.00714	0.01363	0.02063	0.02764	0.39651	0.13806	0.27189	0.01890	0.00966	0.00270	0.00402	0.01643	0.00830	0.00727
53	0.02169	0.71972	0.04252	0.01388	0.02083	0.03211	0.01388	0.02430	0.01649	0.01909	0.01128	0.01302	0.01041	0.00694	0.00521	0.00174	0.00868	0.00434	0.00347	0.01041
54	0.01098	0.00867	0.00996	0.00969	0.01211	0.00784	0.00736	0.01471	0.04571	0.02712	0.33010	0.06911	0.35631	0.01852	0.00959	0.00270	0.00422	0.03966	0.00817	0.00747
55	0.02118	0.65567	0.10208	0.01476	0.02218	0.03085	0.01541	0.02443	0.01655	0.01971	0.01159	0.01341	0.01040	0.00701	0.00544	0.00181	0.00899	0.00450	0.00347	0.01056
56	0.03159	0.02025	0.02266	0.01751	0.02385	0.02165	0.01442	0.45739	0.06969	0.20088	0.02331	0.02208	0.01596	0.00989	0.00814	0.00247	0.00829	0.00762	0.00859	0.01375
57	0.03031	0.03867	0.02299	0.02090	0.02508	0.68226	0.01568	0.03240	0.02299	0.01986	0.01254	0.01463	0.01045	0.00836	0.00732	0.00209	0.01463	0.00523	0.00418	0.00941
58	0.01884	0.01801	0.03069	0.21858	0.50516	0.01895	0.02428	0.02381	0.01789	0.02500	0.01504	0.02049	0.01232	0.00746	0.00805	0.00249	0.00995	0.00722	0.00391	0.01185
59	0.00989	0.00706	0.00942	0.01130	0.01177	0.00659	0.00753	0.01130	0.01554	0.02071	0.04472	0.70954	0.05367	0.02542	0.01036	0.00330	0.00471	0.02307	0.00753	0.00659
60	0.01409	0.00705	0.01057	0.01057	0.01057	0.00705	0.00705	0.01057	0.01057	0.01409	0.01409	0.02467	0.01409	0.02819	0.03171	0.76392	0.00705	0.00705	0.00352	0.00352
61	0.01132	0.00829	0.01061	0.01003	0.01202	0.00759	0.00752	0.01499	0.02257	0.03160	0.60893	0.06215	0.12815	0.01694	0.00957	0.00257	0.00385	0.01489	0.00881	0.00759
62	0.03280	0.01635	0.02001	0.01569	0.02178	0.01611	0.01285	0.17515	0.11715	0.43805	0.02933	0.02616	0.01934	0.01011	0.00816	0.00253	0.00729	0.00811	0.00935	0.01367
63	0.02851	0.02124	0.02298	0.01764	0.02403	0.02287	0.01448	0.54395	0.03490	0.04724	0.01968	0.04113	0.01486	0.00980	0.00794	0.00232	0.00845	0.00751	0.00771	0.10276

[dist]
# distance from previous block
# <min> <max>
0	1

[block]
# block no. 3 follows, 23 sequences, length 47
# corresponding to MSA columns:
# 124-170
name=unknown_D
#
# <colnr> <probs for GDERKNQSTAVLIFYWHMCP>
#	G	D	E	R	K	N	Q	S	T	A	V	L	I	F	Y	W	H	M	C	P
0	0.02747	0.01892	0.02103	0.01657	0.02231	0.02001	0.01340	0.41149	0.06174	0.11964	0.02351	0.07941	0.01873	0.03137	0.00910	0.00258	0.00792	0.00873	0.00793	0.07812
1	0.01873	0.01983	0.04202	0.05775	0.03916	0.01876	0.52296	0.02489	0.01891	0.04733	0.01979	0.07225	0.01663	0.00885	0.00958	0.00280	0.01249	0.03210	0.00465	0.01054
2	0.02164	0.01492	0.01777	0.01298	0.01995	0.01209	0.01049	0.06958	0.01963	0.15241	0.01819	0.01910	0.01371	0.00706	0.00658	0.00155	0.00640	0.00564	0.00606	0.56426
3	0.68719	0.01650	0.01335	0.01159	0.01678	0.01900	0.00955	0.09414	0.01660	0.03809	0.01224	0.01390	0.00936	0.00779	0.00538	0.00250	0.00658	0.00473	0.00538	0.00936
4	0.02986	0.02199	0.02365	0.01832	0.02453	0.02429	0.01505	0.60768	0.03709	0.04971	0.02067	0.05199	0.01568	0.01048	0.00822	0.00248	0.00873	0.00805	0.00809	0.01346
5	0.03355	0.01318	0.01792	0.01395	0.01973	0.01144	0.01144	0.03677	0.02320	0.59680	0.10397	0.03140	0.02656	0.01079	0.00832	0.00252	0.00655	0.00891	0.00992	0.01310
6	0.01683	0.01442	0.01683	0.01202	0.01923	0.01082	0.00961	0.02043	0.01683	0.02644	0.01442	0.01683	0.01202	0.00601	0.00601	0.00120	0.00601	0.00481	0.00481	0.76444
7	0.01148	0.00829	0.01085	0.01021	0.01212	0.00766	0.00766	0.01531	0.02297	0.03254	0.65994	0.06061	0.07656	0.01659	0.00957	0.00255	0.00383	0.01467	0.00893	0.00766
8	0.01695	0.01661	0.02329	0.02025	0.02037	0.02295	0.01673	0.01879	0.01261	0.01953	0.01299	0.04976	0.01329	0.01814	0.07426	0.00424	0.61886	0.00793	0.00379	0.00865
9	0.01803	0.02010	0.04323	0.03143	0.03871	0.01884	0.55896	0.02422	0.01871	0.02535	0.01984	0.10498	0.01731	0.00909	0.00967	0.00280	0.01260	0.01121	0.00452	0.01042
10	0.02063	0.01765	0.01860	0.01660	0.02127	0.02039	0.01295	0.06787	0.62408	0.03466	0.03246	0.02982	0.02431	0.01096	0.00825	0.00274	0.00653	0.00910	0.00825	0.01288
11	0.01719	0.15656	0.56623	0.02156	0.03270	0.02109	0.02726	0.02546	0.01702	0.02458	0.01401	0.01644	0.01030	0.00758	0.00729	0.00243	0.01143	0.00572	0.00343	0.01173
12	0.01213	0.00930	0.01333	0.01304	0.01413	0.01097	0.00992	0.01447	0.01279	0.01839	0.02145	0.03415	0.02099	0.16262	0.52577	0.01143	0.07468	0.00907	0.00437	0.00700
13	0.02986	0.02137	0.02320	0.01803	0.02416	0.02343	0.01479	0.57150	0.03610	0.07878	0.02158	0.06089	0.01647	0.01069	0.00825	0.00249	0.00858	0.00828	0.00817	0.01337
14	0.01683	0.01442	0.01683	0.01202	0.01923	0.01082	0.00961	0.02043	0.01683	0.02644	0.01442	0.01683	0.01202	0.00601	0.00601	0.00120	0.00601	0.00481	0.00481	0.76444
15	0.01328	0.01207	0.01583	0.27018	0.02945	0.04355	0.01380	0.01686	0.01792	0.02219	0.08030	0.10074	0.23383	0.01560	0.00916	0.00284	0.00756	0.08100	0.00596	0.00789
16	0.01256	0.00860	0.01104	0.01040	0.01262	0.00785	0.00794	0.01614	0.02228	0.06213	0.53532	0.06239	0.13951	0.01698	0.00958	0.00262	0.00417	0.04126	0.00876	0.00786
17	0.34860	0.05108	0.01879	0.16851	0.02719	0.06438	0.01370	0.07035	0.11254	0.03159	0.01595	0.01821	0.01220	0.00837	0.00659	0.00252	0.00820	0.00601	0.00528	0.00993
18	0.01112	0.00770	0.01010	0.01047	0.01170	0.00714	0.00741	0.01301	0.01842	0.02519	0.31663	0.28076	0.10815	0.02147	0.01274	0.10231	0.00457	0.01677	0.00763	0.00668
19	0.01956	0.10175	0.07165	0.05773	0.07671	0.05294	0.17347	0.04529	0.01688	0.02319	0.01332	0.01849	0.01129	0.00991	0.01499	0.00285	0.26855	0.00728	0.00390	0.01026
20	0.01224	0.00807	0.01033	0.01077	0.01241	0.00732	0.00769	0.01454	0.01860	0.07201	0.21944	0.38612	0.14767	0.02112	0.00986	0.00295	0.00454	0.01877	0.00810	0.00746
21	0.02104	0.10263	0.17454	0.01706	0.02477	0.01724	0.05280	0.09571	0.02076	0.10949	0.06953	0.02198	0.01792	0.00836	0.00733	0.00209	0.00843	0.00683	0.00567	0.21583
22	0.68789	0.04287	0.01357	0.01122	0.01629	0.01888	0.00928	0.02529	0.06078	0.03556	0.01290	0.01444	0.01003	0.00777	0.00527	0.00250	0.00638	0.00474	0.00520	0.00915
23	0.02092	0.02191	0.11092	0.08123	0.42292	0.03730	0.04428	0.02709	0.04958	0.07962	0.01734	0.02084	0.01350	0.00778	0.00805	0.00248	0.00990	0.00727	0.00463	0.01242
24	0.01531	0.01451	0.02492	0.63942	0.05366	0.01773	0.05101	0.02064	0.01634	0.02098	0.01561	0.04636	0.01243	0.00867	0.00826	0.00273	0.01073	0.00789	0.00377	0.00902
25	0.03249	0.01652	0.02137	0.01643	0.02262	0.01605	0.04238	0.20006	0.04975	0.42288	0.05309	0.02656	0.02045	0.01011	0.00828	0.00251	0.00764	0.00829	0.00913	0.01339
26	0.01604	0.03821	0.59078	0.02318	0.05971	0.01793	0.02791	0.02480	0.01767	0.02630	0.06827	0.02087	0.01590	0.00843	0.00788	0.00256	0.01121	0.00677	0.00391	0.01167
27	0.03199	0.01283	0.01741	0.01369	0.01919	0.01117	0.01117	0.03525	0.02318	0.55680	0.14338	0.03347	0.03010	0.01120	0.00841	0.00252	0.00636	0.00932	0.00985	0.01272
28	0.01777	0.02198	0.12956	0.23873	0.06753	0.02008	0.23797	0.04267	0.01773	0.02437	0.01490	0.02048	0.01142	0.00832	0.01069	0.00277	0.09087	0.00785	0.00391	0.01042
29	0.03577	0.01483	0.01946	0.01492	0.02122	0.01344	0.01233	0.10803	0.02494	0.59893	0.03058	0.02669	0.01937	0.01001	0.00816	0.00250	0.00714	0.00806	0.00982	0.01381
30	0.10910	0.01969	0.02201	0.02149	0.10599	0.09618	0.05138	0.15293	0.12151	0.06374	0.06918	0.03047	0.02243	0.01077	0.00817	0.00261	0.00867	0.06586	0.00664	0.01120
31	0.01258	0.00900	0.01246	0.01404	0.01578	0.00888	0.01191	0.01610	0.01886	0.02488	0.11384	0.14898	0.05081	0.02204	0.01094	0.00356	0.00678	0.48354	0.00765	0.00741
32	0.00999	0.00737	0.00938	0.01094	0.01187	0.00677	0.00756	0.01162	0.01620	0.02109	0.05116	0.57035	0.15903	0.02443	0.01026	0.00322	0.00473	0.04983	0.00753	0.00668
33	0.04392	0.00809	0.01097	0.01090	0.01142	0.00824	0.00740	0.03749	0.01250	0.01738	0.01840	0.10418	0.01932	0.06711	0.02780	0.57003	0.00688	0.00907	0.00432	0.00459
34	0.01175	0.00805	0.00977	0.00977	0.01008	0.00836	0.00606	0.01239	0.01207	0.01641	0.02473	0.04846	0.02748	0.57173	0.18165	0.00900	0.01090	0.01112	0.00479	0.00543
35	0.01704	0.01720	0.02418	0.61804	0.05236	0.09415	0.02175	0.02207	0.01700	0.02063	0.01421	0.02083	0.01077	0.00814	0.00802	0.00263	0.01125	0.00698	0.00367	0.00906
36	0.02008	0.01928	0.03294	0.04981	0.66422	0.01928	0.02490	0.02490	0.01848	0.02651	0.01526	0.02008	0.01285	0.00723	0.00803	0.00241	0.00964	0.00723	0.00402	0.01285
37	0.77215	0.01569	0.01193	0.01067	0.01569	0.01820	0.00879	0.02385	0.01381	0.03641	0.01130	0.01318	0.00879	0.00753	0.00502	0.00251	0.00628	0.00439	0.00502	0.00879
38	0.03289	0.01945	0.02232	0.01711	0.02353	0.02030	0.01414	0.41754	0.03267	0.27850	0.02409	0.02247	0.01611	0.00985	0.00813	0.00246	0.00818	0.00762	0.00882	0.01380
39	0.01167	0.00841	0.01110	0.01075	0.01266	0.00785	0.00828	0.01548	0.02248	0.03159	0.58923	0.06416	0.07314	0.01726	0.00976	0.00269	0.00425	0.08285	0.00876	0.00764
40	0.01026	0.00734	0.00980	0.01139	0.01211	0.00688	0.00788	0.01209	0.01657	0.02228	0.11512	0.59843	0.05588	0.02423	0.01032	0.00324	0.00477	0.05698	0.00769	0.00677
41	0.02944	0.02168	0.02335	0.01817	0.02426	0.02392	0.01489	0.59510	0.03663	0.04909	0.02118	0.06586	0.01648	0.01079	0.00827	0.00249	0.00865	0.00836	0.00808	0.01331
42	0.01635	0.01107	0.01361	0.01195	0.01493	0.01091	0.00926	0.10390	0.05132	0.08214	0.49919	0.05125	0.06159	0.01493	0.00921	0.00254	0.00487	0.01295	0.00887	0.00917
43	0.01568	0.01491	0.02441	0.59696	0.05084	0.01902	0.02184	0.02056	0.01567	0.02056	0.01387	0.02107	0.01079	0.00900	0.01081	0.00283	0.11140	0.00720	0.00360	0.00899
44	0.01513	0.00756	0.00756	0.00756	0.00945	0.00756	0.00567	0.01891	0.01702	0.03025	0.02647	0.03025	0.02080	0.00945	0.00567	0.00189	0.00378	0.00756	0.75988	0.00756
45	0.02129	0.01103	0.01390	0.01188	0.01569	0.01008	0.00928	0.02578	0.06797	0.27204	0.24863	0.04837	0.14573	0.04851	0.01049	0.00284	0.00543	0.01206	0.00888	0.01011
46	0.02247	0.01723	0.02146	0.01762	0.02220	0.01829	0.07247	0.36172	0.02850	0.03819	0.02792	0.25837	0.02744	0.01488	0.00903	0.00276	0.00793	0.01298	0.00753	0.01103

[dist]
# distance from previous block
# <min> <max>
1	11

[block]
# block no. 4 follows, 23 sequences, length 48
# corresponding to MSA columns:
# 182-229
name=unknown_E
#
# <colnr> <probs for GDERKNQSTAVLIFYWHMCP>
#	G	D	E	R	K	N	Q	S	T	A	V	L	I	F	Y	W	H	M	C	P
0	0.03012	0.02035	0.02250	0.01755	0.02358	0.02197	0.01437	0.50846	0.03443	0.13556	0.02305	0.07028	0.01755	0.01091	0.00828	0.00251	0.00834	0.00856	0.00834	0.01328
1	0.03109	0.01692	0.02005	0.01581	0.02159	0.01718	0.01282	0.23689	0.10962	0.34535	0.02763	0.02666	0.01913	0.04862	0.00997	0.00281	0.00757	0.00821	0.00889	0.01319
2	0.01657	0.01439	0.02401	0.65503	0.05380	0.01767	0.02191	0.02185	0.01664	0.05915	0.01546	0.02199	0.01137	0.00823	0.00812	0.00269	0.01059	0.00727	0.00399	0.00930
3	0.02067	0.59164	0.16162	0.01563	0.02353	0.02960	0.01693	0.02456	0.01661	0.02034	0.01190	0.01379	0.01039	0.00709	0.00568	0.00189	0.00930	0.00465	0.00346	0.01071
4	0.01513	0.00756	0.00756	0.00756	0.00945	0.00756	0.00567	0.01891	0.01702	0.03025	0.02647	0.03025	0.02080	0.00945	0.00567	0.00189	0.00378	0.00756	0.75988	0.00756
5	0.01086	0.00813	0.01007	0.00988	0.01181	0.00734	0.00730	0.01399	0.02105	0.02869	0.45372	0.14193	0.20830	0.01855	0.00967	0.00268	0.00400	0.01624	0.00844	0.00734
6	0.02170	0.01673	0.01823	0.01560	0.02023	0.01849	0.01233	0.18239	0.34623	0.06624	0.13124	0.03431	0.05637	0.01194	0.00848	0.00263	0.00655	0.00987	0.00838	0.01205
7	0.01002	0.00824	0.00882	0.00867	0.01122	0.00703	0.00650	0.01248	0.01951	0.02433	0.21329	0.07412	0.52833	0.01965	0.00959	0.00270	0.00405	0.01657	0.00785	0.00703
8	0.01567	0.01464	0.02391	0.64648	0.05338	0.01818	0.02184	0.02234	0.06180	0.02168	0.01576	0.02226	0.01182	0.00832	0.00812	0.00271	0.01050	0.00735	0.00394	0.00929
9	0.01627	0.04197	0.67279	0.02313	0.03512	0.01884	0.02998	0.02570	0.01713	0.02570	0.01456	0.01713	0.01028	0.00771	0.00771	0.00257	0.01199	0.00600	0.00343	0.01199
10	0.01627	0.04197	0.67279	0.02313	0.03512	0.01884	0.02998	0.02570	0.01713	0.02570	0.01456	0.01713	0.01028	0.00771	0.00771	0.00257	0.01199	0.00600	0.00343	0.01199
11	0.01196	0.00847	0.01038	0.01032	0.01056	0.00904	0.00657	0.01258	0.01228	0.01675	0.02557	0.09531	0.02886	0.53147	0.13186	0.00806	0.04752	0.01190	0.00495	0.00559
12	0.01034	0.00828	0.00931	0.00944	0.01179	0.00724	0.00720	0.01291	0.01935	0.02443	0.20511	0.10955	0.44249	0.02010	0.00977	0.00282	0.00438	0.07059	0.00784	0.00707
13	0.03641	0.01381	0.01883	0.01444	0.02071	0.01193	0.01193	0.03954	0.02322	0.66984	0.03201	0.02762	0.02009	0.01004	0.00816	0.00251	0.00690	0.00816	0.01004	0.01381
14	0.01775	0.01775	0.02485	0.02130	0.02130	0.02485	0.01775	0.01953	0.01243	0.01953	0.01065	0.01775	0.01065	0.01420	0.02663	0.00355	0.69998	0.00710	0.00355	0.00888
15	0.01532	0.01442	0.02434	0.69533	0.05589	0.01803	0.02253	0.02073	0.01622	0.02073	0.01442	0.02163	0.01082	0.00811	0.00811	0.00270	0.01082	0.00721	0.00361	0.00901
16	0.03085	0.02273	0.02435	0.01867	0.02516	0.02516	0.01542	0.63716	0.03815	0.05114	0.01948	0.01948	0.01380	0.00974	0.00812	0.00244	0.00893	0.00731	0.00812	0.01380
17	0.01532	0.01442	0.02434	0.69533	0.05589	0.01803	0.02253	0.02073	0.01622	0.02073	0.01442	0.02163	0.01082	0.00811	0.00811	0.00270	0.01082	0.00721	0.00361	0.00901
18	0.01751	0.01514	0.01803	0.01333	0.01971	0.01298	0.01076	0.04605	0.01723	0.02670	0.01421	0.01704	0.01194	0.00708	0.00839	0.00151	0.08338	0.00517	0.00481	0.64903
19	0.02954	0.03743	0.02306	0.05556	0.02667	0.64813	0.01603	0.03180	0.02265	0.01990	0.01264	0.01499	0.01047	0.00835	0.00736	0.00212	0.01444	0.00533	0.00415	0.00939
20	0.01191	0.00882	0.01117	0.01049	0.01259	0.00835	0.00789	0.01677	0.05900	0.03217	0.59938	0.05959	0.09816	0.01643	0.00950	0.00257	0.00399	0.01446	0.00883	0.00792
21	0.01199	0.00901	0.01270	0.01250	0.01352	0.01043	0.00931	0.01413	0.01271	0.01813	0.02203	0.03620	0.02196	0.21635	0.48999	0.01125	0.05723	0.00935	0.00444	0.00678
22	0.00994	0.00718	0.00942	0.01108	0.01174	0.00665	0.00746	0.01151	0.01605	0.02133	0.07557	0.64462	0.08795	0.02474	0.01028	0.00323	0.00463	0.02235	0.00760	0.00665
23	0.01907	0.02165	0.04655	0.03345	0.04119	0.02077	0.59908	0.02562	0.01876	0.02562	0.01608	0.02165	0.01222	0.00727	0.01056	0.00278	0.05336	0.00943	0.00407	0.01082
24	0.01532	0.01442	0.02434	0.69533	0.05589	0.01803	0.02253	0.02073	0.01622	0.02073	0.01442	0.02163	0.01082	0.00811	0.00811	0.00270	0.01082	0.00721	0.00361	0.00901
25	0.00997	0.00824	0.00875	0.00862	0.01119	0.00701	0.00647	0.01239	0.01940	0.02407	0.19890	0.07456	0.54288	0.01975	0.00959	0.00270	0.00405	0.01663	0.00782	0.00701
26	0.01713	0.01690	0.02393	0.06924	0.02325	0.02332	0.01751	0.01914	0.01288	0.01968	0.01287	0.05765	0.01313	0.01441	0.02436	0.00347	0.61056	0.00802	0.00378	0.00876
27	0.01002	0.00824	0.00881	0.00867	0.01122	0.00703	0.00650	0.01247	0.01951	0.02432	0.21267	0.07414	0.52896	0.01966	0.00959	0.00270	0.00405	0.01657	0.00785	0.00703
28	0.02699	0.02801	0.02274	0.04868	0.06293	0.32486	0.01561	0.20050	0.08178	0.03120	0.06312	0.02129	0.01756	0.00950	0.00786	0.00232	0.01108	0.00704	0.00595	0.01100
29	0.03031	0.03867	0.02299	0.02090	0.02508	0.68226	0.01568	0.03240	0.02299	0.01986	0.01254	0.01463	0.01045	0.00836	0.00732	0.00209	0.01463	0.00523	0.00418	0.00941
30	0.01683	0.01442	0.01683	0.01202	0.01923	0.01082	0.00961	0.02043	0.01683	0.02644	0.01442	0.01683	0.01202	0.00601	0.00601	0.00120	0.00601	0.00481	0.00481	0.76444
31	0.02590	0.02010	0.02155	0.01760	0.02315	0.02262	0.01420	0.37870	0.27890	0.04312	0.02492	0.02422	0.01838	0.01218	0.03377	0.00296	0.00842	0.00810	0.00803	0.01317
32	0.02046	0.56569	0.18576	0.01598	0.02407	0.02909	0.01754	0.02462	0.01663	0.02059	0.01203	0.01395	0.01038	0.00712	0.00578	0.00193	0.00943	0.00472	0.00346	0.01077
33	0.01785	0.01566	0.02548	0.46105	0.17012	0.01839	0.02169	0.02353	0.04327	0.06077	0.01619	0.02182	0.01234	0.00852	0.00917	0.00269	0.04964	0.00735	0.00426	0.01021
34	0.02443	0.04351	0.01810	0.01454	0.01931	0.01490	0.01172	0.05858	0.21525	0.25915	0.10219	0.07139	0.03030	0.01235	0.00845	0.00263	0.00646	0.04416	0.00858	0.03401
35	0.02435	0.01108	0.01477	0.01242	0.01655	0.00976	0.00981	0.02750	0.02218	0.36625	0.24165	0.10353	0.07671	0.01417	0.00890	0.00261	0.00554	0.01215	0.00931	0.01075
36	0.02645	0.02177	0.02098	0.01764	0.02294	0.11253	0.01399	0.23404	0.31041	0.09267	0.02572	0.02438	0.01883	0.01015	0.00807	0.00254	0.00841	0.00793	0.00780	0.01276
37	0.01087	0.00777	0.00981	0.01050	0.01151	0.00731	0.00726	0.01283	0.01718	0.02319	0.20967	0.32006	0.09826	0.16215	0.01641	0.00401	0.00523	0.05200	0.00738	0.00661
38	0.01948	0.44249	0.30033	0.01766	0.02667	0.02668	0.02047	0.02487	0.01675	0.02179	0.01262	0.01470	0.01036	0.00726	0.00623	0.00208	0.01003	0.00502	0.00345	0.01106
39	0.01170	0.00881	0.01094	0.01067	0.01281	0.00828	0.00817	0.01611	0.05373	0.02959	0.44823	0.08683	0.17174	0.01784	0.00969	0.00273	0.00439	0.07153	0.00847	0.00773
40	0.06191	0.02004	0.02163	0.01721	0.02288	0.02197	0.01398	0.48614	0.06159	0.07534	0.02307	0.09541	0.01872	0.01142	0.00823	0.00255	0.00814	0.00902	0.00801	0.01274
41	0.02385	0.01653	0.01899	0.01593	0.02068	0.01769	0.01290	0.28432	0.11454	0.10814	0.06134	0.07110	0.02520	0.01711	0.07314	0.00363	0.00884	0.06209	0.00784	0.03616
42	0.11839	0.21961	0.23191	0.01632	0.02390	0.05626	0.01742	0.02485	0.01781	0.06386	0.08417	0.02066	0.01799	0.00852	0.00678	0.00223	0.00897	0.00629	0.00475	0.04929
43	0.06168	0.06200	0.02306	0.01765	0.02321	0.16486	0.01425	0.37274	0.03027	0.03907	0.04144	0.04824	0.01657	0.00996	0.00771	0.00232	0.00955	0.00740	0.00675	0.04126
44	0.01767	0.01435	0.01664	0.01278	0.01875	0.01217	0.01008	0.10755	0.02006	0.02959	0.05388	0.10755	0.02105	0.00958	0.00706	0.00172	0.00615	0.00802	0.00585	0.51951
45	0.12413	0.02192	0.02128	0.01708	0.02285	0.08854	0.01383	0.39964	0.05898	0.07137	0.01974	0.04594	0.01510	0.00988	0.00767	0.00242	0.00870	0.00738	0.00729	0.03625
46	0.01518	0.01102	0.01315	0.04250	0.01470	0.01204	0.00850	0.11037	0.01627	0.02199	0.02302	0.04253	0.02435	0.47015	0.10355	0.00715	0.04104	0.01034	0.00523	0.00692
47	0.45550	0.01534	0.01744	0.27303	0.05538	0.01818	0.01463	0.02270	0.01491	0.03006	0.01264	0.01666	0.00971	0.00774	0.00631	0.00258	0.00813	0.00557	0.00444	0.00903

[dist]
# distance from previous block
# <min> <max>
0	4

[block]
# block no. 5 follows, 23 sequences, length 20
# corresponding to MSA columns:
# 234-253
name=unknown_F
#
# <colnr> <probs for GDERKNQSTAVLIFYWHMCP>
#	G	D	E	R	K	N	Q	S	T	A	V	L	I	F	Y	W	H	M	C	P
0	0.07313	0.02027	0.02176	0.01730	0.02328	0.02235	0.01412	0.41255	0.16715	0.10867	0.02318	0.02225	0.01650	0.00991	0.00797	0.00252	0.00803	0.00762	0.00816	0.01330
1	0.02694	0.02025	0.02287	0.01982	0.07490	0.02199	0.01494	0.49277	0.03405	0.04584	0.09064	0.02657	0.04953	0.01076	0.00833	0.00246	0.00822	0.00853	0.00785	0.01275
2	0.01573	0.00959	0.01266	0.01170	0.01452	0.00867	0.00917	0.01925	0.02146	0.12710	0.39146	0.10492	0.05790	0.01635	0.00940	0.00267	0.00501	0.09532	0.00852	0.05860
3	0.01707	0.14131	0.58041	0.02177	0.03302	0.02079	0.02762	0.02549	0.01704	0.02473	0.01408	0.01653	0.01030	0.00760	0.00734	0.00245	0.01151	0.00575	0.00343	0.01176
4	0.01953	0.01819	0.02863	0.04069	0.49566	0.01869	0.02141	0.02782	0.14181	0.02836	0.06141	0.02475	0.01939	0.00859	0.00818	0.00249	0.00863	0.00810	0.00517	0.01251
5	0.01226	0.00920	0.01166	0.01251	0.01411	0.00924	0.00936	0.01762	0.10641	0.02563	0.16676	0.36506	0.05290	0.02105	0.01007	0.00315	0.00530	0.13196	0.00790	0.00785
6	0.01733	0.17424	0.54979	0.02132	0.03233	0.02143	0.02684	0.02542	0.01701	0.02441	0.01392	0.01633	0.01031	0.00756	0.00722	0.00241	0.01135	0.00567	0.00344	0.01168
7	0.02136	0.53671	0.16019	0.01620	0.02387	0.08190	0.01707	0.02521	0.01713	0.02040	0.01200	0.01392	0.01039	0.00720	0.00585	0.00192	0.00978	0.00472	0.00352	0.01063
8	0.01744	0.01659	0.02817	0.40775	0.32690	0.01859	0.02359	0.02259	0.01723	0.02331	0.01480	0.02094	0.01172	0.00772	0.00808	0.00257	0.01029	0.00722	0.00379	0.01072
9	0.01787	0.09840	0.58206	0.02185	0.03309	0.01959	0.02759	0.02636	0.01742	0.06136	0.01526	0.01737	0.01084	0.00777	0.00752	0.00249	0.01142	0.00598	0.00380	0.01196
10	0.01104	0.00812	0.00936	0.00914	0.01062	0.00749	0.00624	0.01298	0.01768	0.02343	0.26425	0.06308	0.23162	0.26632	0.02087	0.00450	0.00535	0.01437	0.00709	0.00644
11	0.01403	0.01441	0.12429	0.01359	0.01736	0.00989	0.01257	0.01801	0.01910	0.07772	0.18711	0.19551	0.12273	0.01794	0.00960	0.00294	0.00634	0.12095	0.00735	0.00854
12	0.01002	0.00716	0.00953	0.01121	0.01180	0.00668	0.00754	0.01162	0.01614	0.02167	0.09457	0.65696	0.05552	0.02471	0.01029	0.00324	0.00464	0.02239	0.00765	0.00668
13	0.02987	0.02128	0.02304	0.01780	0.02385	0.02333	0.01454	0.56459	0.03563	0.08106	0.02054	0.02213	0.01517	0.05644	0.01032	0.00280	0.00875	0.00765	0.00801	0.01321
14	0.02863	0.02133	0.02284	0.01789	0.02381	0.02366	0.01456	0.53841	0.10224	0.04731	0.02127	0.02252	0.01586	0.04939	0.00999	0.00277	0.00860	0.00776	0.00795	0.01320
15	0.77215	0.01569	0.01193	0.01067	0.01569	0.01820	0.00879	0.02385	0.01381	0.03641	0.01130	0.01318	0.00879	0.00753	0.00502	0.00251	0.00628	0.00439	0.00502	0.00879
16	0.01700	0.01596	0.02603	0.46641	0.21070	0.01855	0.02227	0.02384	0.07401	0.02343	0.01632	0.02201	0.01261	0.00814	0.00810	0.00263	0.01011	0.00739	0.00413	0.01036
17	0.01148	0.00829	0.01085	0.01021	0.01212	0.00766	0.00766	0.01531	0.02297	0.03254	0.65994	0.06061	0.07656	0.01659	0.00957	0.00255	0.00383	0.01467	0.00893	0.00766
18	0.01488	0.01212	0.01796	0.01522	0.01901	0.01098	0.08953	0.01801	0.01723	0.05165	0.07295	0.27887	0.03403	0.01547	0.00975	0.00258	0.04218	0.04695	0.00631	0.22433
19	0.01480	0.01195	0.01365	0.01294	0.01580	0.01273	0.00975	0.02622	0.28610	0.03069	0.26714	0.15248	0.08110	0.01585	0.00914	0.00277	0.00508	0.01382	0.00835	0.00963

[dist]
# distance from previous block
# <min> <max>
3	5

[block]
# block no. 6 follows, 23 sequences, length 11
# corresponding to MSA columns:
# 259-269
name=unknown_G
#
# <colnr> <probs for GDERKNQSTAVLIFYWHMCP>
#	G	D	E	R	K	N	Q	S	T	A	V	L	I	F	Y	W	H	M	C	P
0	0.01263	0.00991	0.01179	0.01210	0.01453	0.00979	0.00961	0.01872	0.11858	0.02624	0.16016	0.12819	0.22583	0.01934	0.00992	0.00305	0.00546	0.18818	0.00787	0.00809
1	0.01154	0.00832	0.01097	0.01069	0.01253	0.00775	0.00814	0.01523	0.02218	0.03116	0.57146	0.09820	0.07265	0.01759	0.00976	0.00270	0.00420	0.06862	0.00873	0.00758
2	0.01040	0.00744	0.00996	0.01152	0.01231	0.00700	0.00810	0.01235	0.01678	0.02256	0.12213	0.56653	0.05586	0.02401	0.01034	0.00325	0.00487	0.08007	0.00770	0.00681
3	0.01177	0.00848	0.01125	0.01107	0.01297	0.00796	0.00864	0.01558	0.02219	0.03104	0.54787	0.06623	0.07114	0.01765	0.00987	0.00277	0.00449	0.12274	0.00867	0.00762
4	0.01608	0.00931	0.01232	0.01099	0.01371	0.00844	0.00844	0.01979	0.02302	0.15018	0.54402	0.05452	0.06614	0.01538	0.00931	0.00254	0.00440	0.01347	0.00914	0.00879
5	0.01148	0.00829	0.01085	0.01021	0.01212	0.00766	0.00766	0.01531	0.02297	0.03254	0.65994	0.06061	0.07656	0.01659	0.00957	0.00255	0.00383	0.01467	0.00893	0.00766
6	0.12498	0.01152	0.01421	0.01197	0.01607	0.01081	0.00953	0.02623	0.02183	0.28963	0.31891	0.04088	0.04461	0.01272	0.00838	0.00253	0.00540	0.01065	0.00885	0.01029
7	0.02079	0.01710	0.01837	0.01634	0.02089	0.01933	0.01299	0.13915	0.45496	0.03533	0.03400	0.03673	0.05447	0.01236	0.00859	0.00280	0.00684	0.06866	0.00812	0.01220
8	0.02021	0.02008	0.03103	0.13459	0.53430	0.06887	0.02389	0.02490	0.01851	0.02523	0.01495	0.01988	0.01240	0.00743	0.00799	0.00243	0.01017	0.00708	0.00397	0.01208
9	0.01881	0.01798	0.03064	0.22250	0.50147	0.01894	0.02427	0.02379	0.01787	0.02496	0.01504	0.02050	0.01231	0.00747	0.00805	0.00249	0.00995	0.00722	0.00391	0.01183
10	0.01024	0.00773	0.00962	0.01074	0.01206	0.00689	0.00739	0.01191	0.01619	0.02129	0.05026	0.54436	0.17022	0.02331	0.00995	0.00306	0.00467	0.02081	0.00737	0.05193

[dist]
# distance from previous block
# <min> <max>
0	1

[block]
# block no. 7 follows, 23 sequences, length 234
# corresponding to MSA columns:
# 271-504
name=unknown_H
#
# <colnr> <probs for GDERKNQSTAVLIFYWHMCP>
#	G	D	E	R	K	N	Q	S	T	A	V	L	I	F	Y	W	H	M	C	P
0	0.09988	0.02208	0.02132	0.01729	0.02294	0.08633	0.01397	0.39470	0.13302	0.04259	0.02303	0.02278	0.04367	0.01008	0.00783	0.00247	0.00860	0.00757	0.00743	0.01242
1	0.01477	0.01353	0.02242	0.54546	0.08309	0.01625	0.02019	0.01959	0.01657	0.02159	0.04713	0.10625	0.01905	0.01053	0.00844	0.00275	0.00970	0.00946	0.00434	0.00888
