[name]
unknown

[dist]
# distance from previous block
# <min> <max>
0	75

[block]
# block no. 0 follows, 24 sequences, length 135
# corresponding to MSA columns:
# 83-217
name=unknown_A
#
# <colnr> <probs for GDERKNQSTAVLIFYWHMCP>
#	G	D	E	R	K	N	Q	S	T	A	V	L	I	F	Y	W	H	M	C	P
0	0.04587	0.01089	0.01309	0.01330	0.01578	0.03514	0.01109	0.04207	0.02022	0.06847	0.19612	0.06691	0.04636	0.01763	0.00964	0.00305	0.00649	0.33160	0.03820	0.00810
1	0.02888	0.03660	0.02200	0.02001	0.02401	0.66211	0.01501	0.03099	0.02247	0.01990	0.03856	0.01610	0.01281	0.00849	0.00724	0.00206	0.01388	0.00548	0.00427	0.00912
2	0.77733	0.01534	0.01166	0.01043	0.01534	0.01779	0.00859	0.02331	0.01350	0.03558	0.01104	0.01288	0.00859	0.00736	0.00491	0.00245	0.00613	0.00429	0.00491	0.00859
3	0.01968	0.01927	0.03105	0.08054	0.58830	0.04513	0.02358	0.02420	0.01788	0.02509	0.01459	0.01941	0.01228	0.00743	0.00856	0.00240	0.03766	0.00698	0.00389	0.01208
4	0.01099	0.00797	0.01036	0.01003	0.01177	0.00734	0.00742	0.01441	0.02150	0.03018	0.57942	0.13136	0.09291	0.01729	0.00944	0.00258	0.00384	0.01532	0.00853	0.00734
5	0.00940	0.00792	0.00815	0.00834	0.01079	0.00667	0.00616	0.01135	0.01778	0.02130	0.07663	0.14092	0.60642	0.02056	0.00945	0.00273	0.00408	0.01732	0.00736	0.00667
6	0.01644	0.01409	0.01644	0.01175	0.01879	0.01057	0.00940	0.01997	0.01644	0.02584	0.01409	0.01644	0.01175	0.00587	0.00587	0.00117	0.00587	0.00470	0.00470	0.76979
7	0.01831	0.11626	0.02521	0.04525	0.02168	0.08768	0.01599	0.02045	0.01390	0.01903	0.01201	0.01808	0.01140	0.01714	0.09380	0.00408	0.44079	0.00657	0.00361	0.00876
8	0.01972	0.01703	0.01793	0.01614	0.02062	0.01972	0.01255	0.04214	0.65752	0.03317	0.03228	0.02959	0.02421	0.01076	0.00807	0.00269	0.00628	0.00897	0.00807	0.01255
9	0.01644	0.01409	0.01644	0.01175	0.01879	0.01057	0.00940	0.01997	0.01644	0.02584	0.01409	0.01644	0.01175	0.00587	0.00587	0.00117	0.00587	0.00470	0.00470	0.76979
10	0.00983	0.00725	0.00925	0.01078	0.01171	0.00667	0.00751	0.01148	0.01589	0.02069	0.04979	0.56391	0.15641	0.02383	0.01005	0.00316	0.00469	0.06320	0.00736	0.00654
11	0.03467	0.01329	0.01811	0.01395	0.01993	0.01150	0.01150	0.03776	0.02269	0.65323	0.05506	0.02820	0.02169	0.01005	0.00803	0.00246	0.00664	0.00821	0.00977	0.01327
12	0.01115	0.00810	0.01050	0.00990	0.01180	0.00745	0.00742	0.01482	0.02227	0.03138	0.64409	0.05992	0.09865	0.01637	0.00935	0.00250	0.00375	0.01444	0.00867	0.00745
13	0.02120	0.72609	0.04155	0.01357	0.02035	0.03138	0.01357	0.02374	0.01611	0.01866	0.01102	0.01272	0.01018	0.00678	0.00509	0.00170	0.00848	0.00424	0.00339	0.01018
14	0.01208	0.00767	0.00861	0.00861	0.00900	0.00774	0.00516	0.01284	0.01246	0.01795	0.02497	0.04713	0.02697	0.56942	0.06324	0.00691	0.00760	0.01068	0.13560	0.00535
15	0.01377	0.00689	0.01033	0.01033	0.01033	0.00689	0.00689	0.01033	0.01033	0.01377	0.01377	0.02410	0.01377	0.02755	0.03099	0.76928	0.00689	0.00689	0.00344	0.00344
16	0.01728	0.01857	0.03715	0.02776	0.03323	0.01921	0.42528	0.02242	0.01654	0.02311	0.01583	0.02221	0.01298	0.01650	0.12185	0.00444	0.14318	0.00877	0.00395	0.00974
17	0.01077	0.00785	0.01013	0.01006	0.01170	0.00721	0.00735	0.01391	0.02065	0.02871	0.49872	0.19449	0.11235	0.01825	0.00951	0.00266	0.00394	0.01618	0.00835	0.00721
18	0.01498	0.01409	0.02378	0.70226	0.05462	0.01762	0.02202	0.02026	0.01586	0.02026	0.01409	0.02114	0.01057	0.00793	0.00793	0.00264	0.01057	0.00705	0.00352	0.00881
19	0.01963	0.01884	0.03219	0.04867	0.67185	0.01884	0.02434	0.02434	0.01806	0.02591	0.01492	0.01963	0.01256	0.00707	0.00785	0.00236	0.00942	0.00707	0.00393	0.01256
20	0.01478	0.00739	0.00739	0.00739	0.00924	0.00739	0.00554	0.01848	0.01663	0.02956	0.02587	0.02956	0.02033	0.00924	0.00554	0.00185	0.00370	0.00739	0.76534	0.00739
21	0.05829	0.01510	0.01767	0.01356	0.01921	0.01404	0.01094	0.09578	0.01849	0.05449	0.01641	0.05503	0.01416	0.00850	0.00871	0.00181	0.08700	0.00633	0.00531	0.47915
22	0.27323	0.01863	0.06924	0.01736	0.02013	0.02167	0.01521	0.04454	0.01389	0.02624	0.01123	0.01587	0.00989	0.01105	0.01686	0.00302	0.39279	0.00598	0.00411	0.00906
23	0.01933	0.01309	0.01533	0.01337	0.01714	0.01365	0.01045	0.07275	0.24738	0.13372	0.29915	0.04094	0.04409	0.01282	0.00859	0.00255	0.00545	0.01095	0.00861	0.01063
24	0.01498	0.01409	0.02378	0.70226	0.05462	0.01762	0.02202	0.02026	0.01586	0.02026	0.01409	0.02114	0.01057	0.00793	0.00793	0.00264	0.01057	0.00705	0.00352	0.00881
25	0.00966	0.00690	0.00920	0.01104	0.01150	0.00644	0.00736	0.01104	0.01518	0.02024	0.04371	0.71614	0.05245	0.02484	0.01012	0.00322	0.00460	0.02254	0.00736	0.00644
26	0.01153	0.00769	0.00865	0.00865	0.00865	0.00769	0.00480	0.01153	0.01153	0.01538	0.02499	0.05189	0.02883	0.72131	0.04036	0.00769	0.00769	0.01153	0.00480	0.00480
27	0.01153	0.00769	0.00865	0.00865	0.00865	0.00769	0.00480	0.01153	0.01153	0.01538	0.02499	0.05189	0.02883	0.72131	0.04036	0.00769	0.00769	0.01153	0.00480	0.00480
28	0.00966	0.00690	0.00920	0.01104	0.01150	0.00644	0.00736	0.01104	0.01518	0.02024	0.04371	0.71614	0.05245	0.02484	0.01012	0.00322	0.00460	0.02254	0.00736	0.00644
29	0.02899	0.02164	0.02315	0.01801	0.02415	0.02405	0.01479	0.57847	0.10611	0.04811	0.02051	0.02021	0.01468	0.00966	0.00795	0.00241	0.00845	0.00734	0.00795	0.01338
30	0.01735	0.01735	0.02429	0.02082	0.02082	0.02429	0.01735	0.01908	0.01214	0.01908	0.01041	0.01735	0.01041	0.01388	0.02602	0.00347	0.70680	0.00694	0.00347	0.00867
31	0.01379	0.00932	0.01303	0.01458	0.01660	0.00924	0.01273	0.01742	0.01845	0.05278	0.04151	0.08667	0.04448	0.02137	0.01082	0.00360	0.00728	0.59134	0.00741	0.00758
32	0.01735	0.01735	0.02429	0.02082	0.02082	0.02429	0.01735	0.01908	0.01214	0.01908	0.01041	0.01735	0.01041	0.01388	0.02602	0.00347	0.70680	0.00694	0.00347	0.00867
33	0.02925	0.02123	0.02290	0.01782	0.02395	0.02345	0.01463	0.55056	0.10495	0.07746	0.02107	0.02057	0.01495	0.00967	0.00795	0.00242	0.00836	0.00738	0.00804	0.01338
34	0.02120	0.72609	0.04155	0.01357	0.02035	0.03138	0.01357	0.02374	0.01611	0.01866	0.01102	0.01272	0.01018	0.00678	0.00509	0.00170	0.00848	0.00424	0.00339	0.01018
35	0.01735	0.01735	0.02429	0.02082	0.02082	0.02429	0.01735	0.01908	0.01214	0.01908	0.01041	0.01735	0.01041	0.01388	0.02602	0.00347	0.70680	0.00694	0.00347	0.00867
36	0.01911	0.01650	0.01734	0.01566	0.02003	0.01895	0.01216	0.04031	0.61947	0.03247	0.03513	0.03237	0.06255	0.01131	0.00815	0.00269	0.00614	0.00943	0.00803	0.01220
37	0.01625	0.01166	0.01449	0.01264	0.01571	0.01186	0.03381	0.14284	0.04284	0.03425	0.34136	0.04620	0.04746	0.01362	0.00852	0.00246	0.00544	0.05638	0.13329	0.00893
38	0.70280	0.01513	0.01188	0.01055	0.01533	0.01744	0.00866	0.04730	0.01461	0.03578	0.01224	0.01411	0.00948	0.00756	0.00506	0.00241	0.00609	0.00459	0.05027	0.00871
39	0.00966	0.00690	0.00920	0.01104	0.01150	0.00644	0.00736	0.01104	0.01518	0.02024	0.04371	0.71614	0.05245	0.02484	0.01012	0.00322	0.00460	0.02254	0.00736	0.00644
40	0.02115	0.01775	0.01874	0.01643	0.02117	0.02039	0.01290	0.12498	0.57235	0.03548	0.03046	0.02814	0.02273	0.01059	0.00805	0.00265	0.00661	0.00871	0.00805	0.01268
41	0.03014	0.02221	0.02380	0.01825	0.02459	0.02459	0.01507	0.64541	0.03728	0.04998	0.01904	0.01904	0.01349	0.00952	0.00793	0.00238	0.00873	0.00714	0.00793	0.01349
42	0.02016	0.01725	0.01818	0.01623	0.02079	0.01993	0.01266	0.06728	0.63167	0.03387	0.03172	0.02915	0.02376	0.01071	0.00806	0.00268	0.00638	0.00889	0.00806	0.01259
43	0.01377	0.00689	0.01033	0.01033	0.01033	0.00689	0.00689	0.01033	0.01033	0.01377	0.01377	0.02410	0.01377	0.02755	0.03099	0.76928	0.00689	0.00689	0.00344	0.00344
44	0.03088	0.02103	0.02307	0.01768	0.02400	0.02284	0.01461	0.56312	0.03531	0.13506	0.02070	0.02012	0.01432	0.00956	0.00794	0.00239	0.00846	0.00725	0.00819	0.01349
45	0.05502	0.08397	0.02378	0.01962	0.02322	0.49995	0.01529	0.02858	0.01987	0.01990	0.01180	0.01466	0.01018	0.00903	0.01020	0.00228	0.13420	0.00533	0.00396	0.00915
46	0.01490	0.01367	0.02298	0.66108	0.05198	0.01698	0.02112	0.01967	0.01553	0.01987	0.01408	0.02132	0.01076	0.00910	0.00930	0.04826	0.01035	0.00704	0.00352	0.00849
47	0.01719	0.01407	0.01652	0.01184	0.01885	0.01061	0.00948	0.02069	0.01669	0.05123	0.01476	0.01685	0.01205	0.00603	0.00595	0.00122	0.00591	0.00483	0.00490	0.74032
48	0.00938	0.00798	0.00809	0.00817	0.01075	0.00668	0.00608	0.01137	0.01795	0.02137	0.07870	0.10475	0.64125	0.02029	0.00941	0.00270	0.00404	0.01699	0.00736	0.00668
49	0.01134	0.00846	0.01255	0.01255	0.01390	0.00981	0.00967	0.01404	0.01269	0.01826	0.02142	0.03214	0.02025	0.09100	0.65895	0.01250	0.02059	0.00864	0.00427	0.00697
50	0.01478	0.00739	0.00739	0.00739	0.00924	0.00739	0.00554	0.01848	0.01663	0.02956	0.02587	0.02956	0.02033	0.00924	0.00554	0.00185	0.00370	0.00739	0.76534	0.00739
51	0.03014	0.02221	0.02380	0.01825	0.02459	0.02459	0.01507	0.64541	0.03728	0.04998	0.01904	0.01904	0.01349	0.00952	0.00793	0.00238	0.00873	0.00714	0.00793	0.01349
52	0.01700	0.01442	0.01674	0.01201	0.01903	0.01114	0.00963	0.04519	0.01728	0.02681	0.01429	0.01655	0.01182	0.00602	0.00596	0.00122	0.00599	0.00480	0.00483	0.73930
53	0.01443	0.01113	0.01258	0.01189	0.01481	0.01142	0.00899	0.02365	0.23260	0.05514	0.20540	0.14105	0.19303	0.01621	0.00898	0.00270	0.00489	0.01396	0.00805	0.00910
54	0.02182	0.01807	0.01911	0.01656	0.02142	0.02070	0.01306	0.16326	0.53299	0.03655	0.02962	0.02747	0.02205	0.01051	0.00804	0.00263	0.00677	0.00860	0.00804	0.01274
55	0.03558	0.01350	0.01840	0.01411	0.02024	0.01166	0.01166	0.03865	0.02270	0.67734	0.03128	0.02699	0.01963	0.00981	0.00797	0.00245	0.00675	0.00797	0.00981	0.01350
56	0.02028	0.01801	0.04744	0.08681	0.24359	0.01862	0.01789	0.03336	0.31731	0.07547	0.02411	0.02484	0.01825	0.00908	0.00796	0.00255	0.00794	0.00797	0.00623	0.01227
57	0.00966	0.00690	0.00920	0.01104	0.01150	0.00644	0.00736	0.01104	0.01518	0.02024	0.04371	0.71614	0.05245	0.02484	0.01012	0.00322	0.00460	0.02254	0.00736	0.00644
58	0.01071	0.00717	0.00957	0.01117	0.01185	0.00665	0.00753	0.01216	0.01549	0.04678	0.04320	0.68830	0.05112	0.02424	0.01003	0.00319	0.00469	0.02195	0.00746	0.00673
59	0.05175	0.01751	0.03035	0.24793	0.37864	0.01855	0.09417	0.02315	0.01725	0.02453	0.01462	0.02000	0.01171	0.00730	0.00792	0.00249	0.01009	0.00720	0.00385	0.01101
60	0.01000	0.00732	0.00981	0.04312	0.01334	0.00704	0.00786	0.01151	0.01513	0.02003	0.04272	0.62491	0.07246	0.06020	0.01157	0.00341	0.00502	0.02103	0.00705	0.00648
61	0.01945	0.01866	0.03186	0.07395	0.64797	0.01879	0.02425	0.02418	0.01797	0.02569	0.01488	0.01968	0.01248	0.00710	0.00785	0.00237	0.00947	0.00706	0.00391	0.01242
62	0.01026	0.00750	0.00972	0.01134	0.01204	0.00723	0.00767	0.01289	0.05340	0.02101	0.04303	0.67529	0.05077	0.02401	0.01000	0.00319	0.00470	0.02174	0.00740	0.00680
63	0.01886	0.02098	0.04446	0.03585	0.14196	0.01986	0.54440	0.02523	0.01861	0.02548	0.01586	0.02111	0.01212	0.00675	0.00912	0.00262	0.01274	0.00899	0.00400	0.01099
64	0.01101	0.00810	0.01031	0.00976	0.01172	0.00739	0.00732	0.01456	0.02195	0.03062	0.60088	0.06118	0.14235	0.01665	0.00935	0.00251	0.00377	0.01461	0.00857	0.00739
65	0.07285	0.01951	0.02930	0.10359	0.52371	0.06630	0.02238	0.02441	0.01785	0.02561	0.01438	0.01891	0.01194	0.00724	0.00760	0.00237	0.00964	0.00673	0.00397	0.01170
66	0.01648	0.09525	0.59434	0.02246	0.03358	0.01955	0.06130	0.02502	0.01680	0.02461	0.01407	0.01667	0.01016	0.00743	0.00744	0.00245	0.01155	0.00592	0.00339	0.01154
67	0.01872	0.01915	0.03603	0.11356	0.36328	0.01932	0.23747	0.02407	0.01783	0.02487	0.01505	0.02032	0.01208	0.00728	0.00904	0.00254	0.03627	0.00785	0.00389	0.01137
68	0.01377	0.00689	0.01033	0.01033	0.01033	0.00689	0.00689	0.01033	0.01033	0.01377	0.01377	0.02410	0.01377	0.02755	0.03099	0.76928	0.00689	0.00689	0.00344	0.00344
69	0.00959	0.00804	0.00833	0.00826	0.01084	0.00679	0.00619	0.01180	0.01858	0.02262	0.14833	0.07434	0.59988	0.01963	0.00937	0.00266	0.00398	0.01646	0.00752	0.00679
70	0.01703	0.01691	0.02422	0.11317	0.02540	0.02338	0.01798	0.01924	0.01265	0.01924	0.01091	0.01786	0.01043	0.01307	0.02357	0.00336	0.61244	0.00695	0.00348	0.00869
71	0.01945	0.01400	0.01675	0.01212	0.01902	0.01074	0.00975	0.02290	0.01743	0.12815	0.01679	0.01810	0.01298	0.00649	0.00620	0.00138	0.00601	0.00521	0.00550	0.65102
72	0.00966	0.00690	0.00920	0.01104	0.01150	0.00644	0.00736	0.01104	0.01518	0.02024	0.04371	0.71614	0.05245	0.02484	0.01012	0.00322	0.00460	0.02254	0.00736	0.00644
73	0.01590	0.04102	0.68023	0.02260	0.03432	0.01842	0.02930	0.02511	0.01674	0.02511	0.01423	0.01674	0.01005	0.00753	0.00753	0.00251	0.01172	0.00586	0.00335	0.01172
74	0.01022	0.00752	0.00957	0.01022	0.01152	0.00687	0.00722	0.01258	0.01835	0.02481	0.28653	0.37714	0.14639	0.02089	0.00972	0.00287	0.00419	0.01861	0.00788	0.00687
75	0.55455	0.08509	0.01562	0.01135	0.01640	0.01875	0.00955	0.07836	0.01643	0.05977	0.01358	0.01514	0.01043	0.00772	0.00536	0.00233	0.00644	0.00490	0.05893	0.00928
76	0.01628	0.03853	0.60648	0.02280	0.03389	0.01858	0.06158	0.02614	0.05498	0.02561	0.01540	0.01776	0.01100	0.00768	0.00766	0.00253	0.01148	0.00623	0.00367	0.01171
77	0.02019	0.05271	0.01821	0.01244	0.01921	0.01227	0.01015	0.02437	0.04424	0.14003	0.01770	0.01864	0.01356	0.00682	0.00629	0.00149	0.00618	0.00543	0.00567	0.56440
78	0.01732	0.01637	0.02039	0.01798	0.01924	0.06845	0.01462	0.06796	0.01508	0.02133	0.01473	0.02172	0.01368	0.02785	0.23777	0.00628	0.37923	0.00732	0.00412	0.00858
79	0.01127	0.00836	0.01162	0.01415	0.04766	0.00805	0.01011	0.01366	0.01653	0.02182	0.04302	0.43284	0.07200	0.02269	0.01027	0.00331	0.00579	0.23261	0.00716	0.00708
80	0.00966	0.00690	0.00920	0.01104	0.01150	0.00644	0.00736	0.01104	0.01518	0.02024	0.04371	0.71614	0.05245	0.02484	0.01012	0.00322	0.00460	0.02254	0.00736	0.00644
81	0.01754	0.01359	0.01644	0.01249	0.01854	0.01104	0.01005	0.02085	0.01679	0.07861	0.01823	0.05402	0.01607	0.00833	0.00748	0.00162	0.03935	0.03918	0.00533	0.59445
82	0.00966	0.00690	0.00920	0.01104	0.01150	0.00644	0.00736	0.01104	0.01518	0.02024	0.04371	0.71614	0.05245	0.02484	0.01012	0.00322	0.00460	0.02254	0.00736	0.00644
83	0.02120	0.72609	0.04155	0.01357	0.02035	0.03138	0.01357	0.02374	0.01611	0.01866	0.01102	0.01272	0.01018	0.00678	0.00509	0.00170	0.00848	0.00424	0.00339	0.01018
84	0.05014	0.62496	0.10881	0.01441	0.02165	0.02946	0.01506	0.02387	0.01608	0.02001	0.01137	0.01316	0.01010	0.00689	0.00534	0.00181	0.00874	0.00442	0.00345	0.01028
85	0.00982	0.00800	0.00873	0.00898	0.01130	0.00691	0.00677	0.01205	0.01822	0.02247	0.13069	0.14018	0.50553	0.02032	0.00956	0.00278	0.00428	0.05913	0.00749	0.00679
86	0.71592	0.01664	0.01259	0.01117	0.01609	0.05002	0.00913	0.04518	0.01474	0.03531	0.01138	0.01316	0.00883	0.00747	0.00512	0.00243	0.00661	0.00443	0.00497	0.00879
87	0.01963	0.01884	0.03219	0.04867	0.67185	0.01884	0.02434	0.02434	0.01806	0.02591	0.01492	0.01963	0.01256	0.00707	0.00785	0.00236	0.00942	0.00707	0.00393	0.01256
88	0.01590	0.04102	0.68023	0.02260	0.03432	0.01842	0.02930	0.02511	0.01674	0.02511	0.01423	0.01674	0.01005	0.00753	0.00753	0.00251	0.01172	0.00586	0.00335	0.01172
89	0.01758	0.01624	0.02515	0.29279	0.26905	0.01818	0.02048	0.02625	0.15362	0.02519	0.01936	0.02506	0.01557	0.00876	0.00805	0.00259	0.00911	0.03129	0.00479	0.01091
90	0.01007	0.00720	0.00966	0.01142	0.01208	0.00679	0.00799	0.01179	0.01578	0.02103	0.06428	0.62194	0.05241	0.02422	0.01019	0.00325	0.00488	0.09106	0.00740	0.00657
91	0.02060	0.01747	0.01842	0.01631	0.02095	0.02013	0.01276	0.09288	0.60535	0.03459	0.03116	0.02870	0.02330	0.01065	0.00806	0.00266	0.00648	0.00881	0.00806	0.01263
92	0.01116	0.00806	0.01054	0.01002	0.01183	0.00744	0.00748	0.01481	0.02215	0.03133	0.64250	0.08572	0.07392	0.01656	0.00938	0.00252	0.00378	0.01467	0.00867	0.00744
93	0.02026	0.01816	0.01818	0.01637	0.02083	0.05603	0.01270	0.04157	0.62309	0.03243	0.03119	0.02876	0.02345	0.01062	0.00802	0.00265	0.00671	0.00876	0.00785	0.01237
94	0.00973	0.00695	0.00926	0.01100	0.01152	0.00648	0.00737	0.01121	0.01548	0.02072	0.06971	0.68876	0.05338	0.02448	0.01009	0.00319	0.00456	0.02220	0.00742	0.00648
95	0.01028	0.00828	0.00933	0.00988	0.01225	0.00733	0.00786	0.01271	0.01802	0.02199	0.06891	0.10188	0.48227	0.02073	0.00982	0.00295	0.00491	0.17639	0.00735	0.00685
96	0.02071	0.66269	0.10066	0.01440	0.02165	0.03018	0.01502	0.02387	0.01617	0.01925	0.01132	0.01309	0.01016	0.00685	0.00531	0.00177	0.00878	0.00439	0.00339	0.01032
97	0.03558	0.01350	0.01840	0.01411	0.02024	0.01166	0.01166	0.03865	0.02270	0.67734	0.03128	0.02699	0.01963	0.00981	0.00797	0.00245	0.00675	0.00797	0.00981	0.01350
98	0.02903	0.03667	0.02305	0.02211	0.06303	0.64957	0.01586	0.03123	0.02221	0.01979	0.01242	0.01462	0.01035	0.00811	0.00719	0.00206	0.01401	0.00522	0.00408	0.00939
99	0.01735	0.01735	0.02429	0.02082	0.02082	0.02429	0.01735	0.01908	0.01214	0.01908	0.01041	0.01735	0.01041	0.01388	0.02602	0.00347	0.70680	0.00694	0.00347	0.00867
100	0.01478	0.00739	0.00739	0.00739	0.00924	0.00739	0.00554	0.01848	0.01663	0.02956	0.02587	0.02956	0.02033	0.00924	0.00554	0.00185	0.00370	0.00739	0.76534	0.00739
101	0.01710	0.01407	0.01651	0.01183	0.01884	0.01061	0.00947	0.02061	0.01666	0.04819	0.01468	0.01681	0.01202	0.00601	0.00594	0.00122	0.00590	0.00481	0.00487	0.74384
102	0.77733	0.01534	0.01166	0.01043	0.01534	0.01779	0.00859	0.02331	0.01350	0.03558	0.01104	0.01288	0.00859	0.00736	0.00491	0.00245	0.00613	0.00429	0.00491	0.00859
103	0.03472	0.01488	0.01926	0.01476	0.02093	0.01370	0.01220	0.13471	0.02501	0.57801	0.02935	0.02573	0.01866	0.00977	0.00797	0.00244	0.00706	0.00784	0.00952	0.01349
104	0.01122	0.00811	0.01060	0.00998	0.01185	0.00748	0.00748	0.01496	0.02245	0.03180	0.66766	0.05923	0.07482	0.01621	0.00935	0.00249	0.00374	0.01434	0.00873	0.00748
105	0.01278	0.00913	0.01278	0.01460	0.01643	0.00913	0.01278	0.01643	0.01825	0.02373	0.04199	0.08945	0.04564	0.02191	0.01095	0.00365	0.00730	0.61847	0.00730	0.00730
106	0.01153	0.00769	0.00865	0.00865	0.00865	0.00769	0.00480	0.01153	0.01153	0.01538	0.02499	0.05189	0.02883	0.72131	0.04036	0.00769	0.00769	0.01153	0.00480	0.00480
107	0.00997	0.00703	0.00911	0.01065	0.01104	0.00664	0.00695	0.01112	0.01459	0.01945	0.04066	0.60814	0.04861	0.13808	0.01504	0.00395	0.00510	0.02075	0.00695	0.00617
108	0.01153	0.00769	0.00865	0.00865	0.00865	0.00769	0.00480	0.01153	0.01153	0.01538	0.02499	0.05189	0.02883	0.72131	0.04036	0.00769	0.00769	0.01153	0.00480	0.00480
109	0.01702	0.03325	0.42968	0.02688	0.03714	0.01906	0.27206	0.02523	0.01752	0.02523	0.01495	0.01858	0.01083	0.00720	0.00826	0.00258	0.01237	0.00724	0.00361	0.01131
110	0.77733	0.01534	0.01166	0.01043	0.01534	0.01779	0.00859	0.02331	0.01350	0.03558	0.01104	0.01288	0.00859	0.00736	0.00491	0.00245	0.00613	0.00429	0.00491	0.00859
111	0.01133	0.00850	0.01274	0.01274	0.01416	0.00991	0.00991	0.01416	0.01274	0.01841	0.02124	0.03115	0.01982	0.05947	0.68989	0.01274	0.02124	0.00850	0.00425	0.00708
112	0.01153	0.00769	0.00865	0.00865	0.00865	0.00769	0.00480	0.01153	0.01153	0.01538	0.02499	0.05189	0.02883	0.72131	0.04036	0.00769	0.00769	0.01153	0.00480	0.00480
113	0.77733	0.01534	0.01166	0.01043	0.01534	0.01779	0.00859	0.02331	0.01350	0.03558	0.01104	0.01288	0.00859	0.00736	0.00491	0.00245	0.00613	0.00429	0.00491	0.00859
114	0.02566	0.02020	0.02091	0.01723	0.02265	0.04878	0.01383	0.32768	0.31402	0.06465	0.02515	0.02387	0.01839	0.01003	0.00796	0.00251	0.00778	0.00791	0.00791	0.01289
115	0.00994	0.00865	0.00962	0.07813	0.01514	0.00780	0.00764	0.01228	0.01785	0.02130	0.07364	0.07074	0.60219	0.01886	0.00923	0.00267	0.00468	0.01576	0.00698	0.00691
116	0.00966	0.00690	0.00920	0.01104	0.01150	0.00644	0.00736	0.01104	0.01518	0.02024	0.04371	0.71614	0.05245	0.02484	0.01012	0.00322	0.00460	0.02254	0.00736	0.00644
117	0.01134	0.00845	0.01253	0.01253	0.01387	0.00980	0.00965	0.01402	0.01268	0.01825	0.02144	0.03223	0.02029	0.09399	0.65601	0.01248	0.02053	0.00865	0.00428	0.00696
118	0.01972	0.01703	0.01793	0.01614	0.02062	0.01972	0.01255	0.04214	0.65752	0.03317	0.03228	0.02959	0.02421	0.01076	0.00807	0.00269	0.00628	0.00897	0.00807	0.01255
119	0.73319	0.01523	0.01206	0.01065	0.01563	0.01742	0.00877	0.02422	0.01404	0.07377	0.01225	0.01372	0.00924	0.00751	0.00509	0.00245	0.00617	0.00451	0.00520	0.00888
120	0.02110	0.67654	0.03990	0.01375	0.02037	0.03056	0.01350	0.02503	0.06093	0.01967	0.01251	0.01390	0.01116	0.00706	0.00530	0.00177	0.00833	0.00457	0.00372	0.01034
121	0.01153	0.00769	0.00865	0.00865	0.00865	0.00769	0.00480	0.01153	0.01153	0.01538	0.02499	0.05189	0.02883	0.72131	0.04036	0.00769	0.00769	0.01153	0.00480	0.00480
122	0.01496	0.01363	0.02264	0.65371	0.05145	0.01690	0.02087	0.02014	0.01591	0.02091	0.01492	0.02173	0.01125	0.00802	0.00776	0.00259	0.01009	0.00707	0.05675	0.00871
123	0.01119	0.00846	0.01242	0.01242	0.01392	0.00969	0.00964	0.01397	0.01312	0.01862	0.02537	0.03431	0.06516	0.05672	0.64234	0.01204	0.02004	0.00907	0.00447	0.00705
124	0.02093	0.01711	0.01817	0.01566	0.02047	0.01916	0.01233	0.13916	0.47180	0.03523	0.02843	0.02692	0.02133	0.01012	0.00774	0.00248	0.00650	0.00827	0.05287	0.06531
125	0.01760	0.01420	0.01662	0.01208	0.01896	0.01106	0.00966	0.02200	0.04730	0.06017	0.01586	0.01762	0.01275	0.00631	0.00609	0.00131	0.00594	0.00507	0.00513	0.69428
126	0.02707	0.01995	0.02202	0.01757	0.02291	0.02234	0.01433	0.45357	0.12235	0.07672	0.02214	0.05404	0.01698	0.01075	0.00932	0.00254	0.05685	0.00816	0.00771	0.01268
127	0.01293	0.00947	0.01355	0.06265	0.01910	0.00972	0.01342	0.01670	0.01809	0.02349	0.04004	0.08468	0.04319	0.02093	0.01074	0.00358	0.00753	0.57575	0.00704	0.00741
128	0.01147	0.00736	0.00984	0.01126	0.01211	0.00681	0.00766	0.01297	0.01571	0.06615	0.04284	0.66799	0.05015	0.02379	0.00997	0.00317	0.00475	0.02153	0.00753	0.00693
129	0.01531	0.01430	0.02338	0.65432	0.05224	0.01777	0.02136	0.02179	0.06069	0.02116	0.01536	0.02173	0.01152	0.00813	0.00794	0.00265	0.01027	0.00718	0.00384	0.00907
130	0.01618	0.03563	0.52486	0.02154	0.03130	0.05700	0.05776	0.02398	0.01739	0.02481	0.05169	0.06801	0.01663	0.00921	0.00789	0.00254	0.01103	0.00762	0.00400	0.01092
131	0.01774	0.01499	0.01833	0.01344	0.02014	0.01236	0.03955	0.08876	0.01879	0.02821	0.01614	0.05029	0.01389	0.00722	0.00647	0.00147	0.00648	0.00604	0.00515	0.61455
132	0.04316	0.00897	0.00980	0.05687	0.01367	0.00950	0.00751	0.05127	0.01735	0.02967	0.02393	0.02790	0.01884	0.01149	0.03841	0.00247	0.00536	0.00729	0.60871	0.00784
133	0.00977	0.00699	0.00930	0.01097	0.01153	0.00651	0.00737	0.01132	0.01569	0.02105	0.08730	0.67024	0.05401	0.02424	0.01007	0.00317	0.00454	0.02197	0.00746	0.00651
134	0.04699	0.01408	0.02244	0.45408	0.04253	0.01684	0.05287	0.02130	0.05430	0.02244	0.01943	0.03204	0.01697	0.01052	0.00923	0.00284	0.04292	0.10480	0.00448	0.00888

[dist]
# distance from previous block
# <min> <max>
0	6

[block]
# block no. 1 follows, 24 sequences, length 13
# corresponding to MSA columns:
# 224-236
name=unknown_B
#
# <colnr> <probs for GDERKNQSTAVLIFYWHMCP>
#	G	D	E	R	K	N	Q	S	T	A	V	L	I	F	Y	W	H	M	C	P
0	0.01171	0.00850	0.01128	0.01164	0.01355	0.00807	0.00944	0.01530	0.02054	0.02800	0.38682	0.07206	0.10212	0.01867	0.00997	0.00295	0.00514	0.24879	0.00809	0.00736
1	0.01367	0.01163	0.01828	0.02580	0.26782	0.01137	0.01419	0.01644	0.01644	0.02260	0.03246	0.41757	0.03667	0.01782	0.00928	0.00290	0.00659	0.04359	0.00603	0.00885
2	0.01189	0.00874	0.01276	0.01347	0.01504	0.00961	0.01102	0.01504	0.01488	0.02047	0.02929	0.05376	0.02984	0.04490	0.42658	0.00922	0.01583	0.24506	0.00543	0.00717
3	0.01356	0.01083	0.01259	0.01302	0.01504	0.01159	0.00937	0.02310	0.26429	0.02526	0.03927	0.44988	0.04150	0.01938	0.00933	0.00301	0.00525	0.01728	0.00764	0.00881
4	0.02063	0.45110	0.03239	0.01456	0.02046	0.02686	0.01317	0.03088	0.26486	0.02429	0.01927	0.01926	0.01562	0.00833	0.00624	0.00208	0.00763	0.00607	0.00521	0.01110
5	0.02379	0.05479	0.02070	0.01662	0.02198	0.37409	0.01285	0.02723	0.04480	0.02241	0.01371	0.01567	0.01136	0.00733	0.00661	0.00172	0.01049	0.00507	0.00445	0.30434
6	0.01824	0.02634	0.27478	0.01864	0.02593	0.01922	0.01905	0.03553	0.40901	0.03005	0.02528	0.02460	0.01871	0.00951	0.00786	0.00262	0.00839	0.00776	0.00624	0.01223
7	0.31878	0.02773	0.01840	0.01658	0.02071	0.38485	0.01284	0.02759	0.01831	0.02566	0.01166	0.01395	0.00960	0.00824	0.00753	0.00230	0.05707	0.00491	0.00436	0.00892
8	0.01478	0.00739	0.00739	0.00739	0.00924	0.00739	0.00554	0.01848	0.01663	0.02956	0.02587	0.02956	0.02033	0.00924	0.00554	0.00185	0.00370	0.00739	0.76534	0.00739
9	0.02024	0.45279	0.04358	0.02127	0.02853	0.02699	0.25769	0.02439	0.01712	0.02127	0.01297	0.01608	0.01090	0.00675	0.00674	0.00208	0.01038	0.00623	0.00363	0.01038
10	0.02386	0.01386	0.01720	0.01266	0.01936	0.01099	0.01027	0.02721	0.01887	0.27851	0.02076	0.02053	0.01480	0.00740	0.00669	0.00167	0.00621	0.00597	0.00668	0.47648
11	0.02134	0.02069	0.01683	0.01550	0.01817	0.25349	0.01144	0.04940	0.15636	0.02140	0.01746	0.02161	0.01476	0.01630	0.01663	0.29975	0.00947	0.00671	0.00485	0.00786
12	0.02086	0.01724	0.02379	0.43698	0.04297	0.02032	0.01933	0.26271	0.02417	0.03179	0.01601	0.02033	0.01170	0.00855	0.00793	0.00254	0.00986	0.00708	0.00523	0.01062

[dist]
# distance from previous block
# <min> <max>
0	11

[block]
# block no. 2 follows, 24 sequences, length 102
# corresponding to MSA columns:
# 248-349
name=unknown_C
#
# <colnr> <probs for GDERKNQSTAVLIFYWHMCP>
#	G	D	E	R	K	N	Q	S	T	A	V	L	I	F	Y	W	H	M	C	P
0	0.00962	0.00801	0.00844	0.00862	0.01107	0.00682	0.00649	0.01173	0.01806	0.02187	0.09987	0.12009	0.57368	0.02034	0.00950	0.00275	0.00420	0.04470	0.00742	0.00674
1	0.01894	0.01802	0.03061	0.04609	0.62658	0.01799	0.02317	0.02343	0.01786	0.02552	0.01689	0.06737	0.01530	0.00828	0.00801	0.00241	0.00909	0.00813	0.00416	0.01214
2	0.01612	0.03859	0.60934	0.02292	0.03369	0.01889	0.05359	0.02471	0.01651	0.02471	0.01404	0.01697	0.01015	0.00793	0.00888	0.00258	0.05944	0.00608	0.00338	0.01147
3	0.00961	0.00795	0.00824	0.00832	0.01066	0.00678	0.00607	0.01152	0.01765	0.02136	0.09838	0.10836	0.56756	0.06825	0.01154	0.00304	0.00429	0.01659	0.00724	0.00658
4	0.00939	0.00796	0.00811	0.00824	0.01077	0.00668	0.00612	0.01136	0.01788	0.02134	0.07782	0.12018	0.62639	0.02041	0.00942	0.00271	0.00406	0.01713	0.00736	0.00668
5	0.01459	0.01368	0.02270	0.65467	0.05161	0.01687	0.02093	0.01965	0.01601	0.02034	0.01864	0.02492	0.05568	0.00876	0.00803	0.00265	0.01012	0.00771	0.00379	0.00866
6	0.11299	0.07901	0.02311	0.09415	0.02572	0.01983	0.04490	0.26608	0.02523	0.15090	0.02058	0.06734	0.01600	0.00981	0.00756	0.00244	0.00821	0.00786	0.00679	0.01148
7	0.01714	0.01711	0.02337	0.02002	0.02048	0.04501	0.03657	0.01898	0.01270	0.01902	0.01215	0.02037	0.01215	0.06401	0.05588	0.00410	0.58154	0.00734	0.00364	0.00842
8	0.01697	0.01357	0.01605	0.01182	0.01837	0.01034	0.00937	0.02033	0.01668	0.05934	0.01702	0.06496	0.01495	0.00738	0.00627	0.00138	0.00583	0.00609	0.00515	0.67813
9	0.18948	0.11676	0.02447	0.01877	0.04395	0.27366	0.07492	0.04659	0.04531	0.02513	0.01395	0.01659	0.01145	0.01130	0.05350	0.00293	0.01147	0.00575	0.00446	0.00958
10	0.01581	0.01508	0.02121	0.01858	0.01897	0.02048	0.01530	0.01789	0.01296	0.01983	0.05747	0.02278	0.01657	0.02248	0.14776	0.00512	0.53171	0.00774	0.00397	0.00830
11	0.02501	0.12875	0.05532	0.04527	0.02385	0.31695	0.01476	0.03187	0.14917	0.07546	0.01838	0.01921	0.01422	0.00863	0.00709	0.00220	0.01052	0.00620	0.03677	0.01039
12	0.01199	0.00835	0.01069	0.01005	0.01219	0.00771	0.00761	0.01538	0.02113	0.05697	0.50693	0.05852	0.15881	0.01949	0.05595	0.00322	0.00511	0.01403	0.00826	0.00759
13	0.01142	0.00851	0.01142	0.05737	0.01474	0.00815	0.00843	0.01521	0.02186	0.03068	0.60429	0.05716	0.08919	0.01577	0.00926	0.00251	0.00422	0.01392	0.00833	0.00755
14	0.00986	0.00845	0.00861	0.00829	0.01126	0.00696	0.00626	0.01197	0.01796	0.02172	0.07579	0.07221	0.62360	0.01911	0.00913	0.00257	0.00414	0.01591	0.00718	0.05901
15	0.77733	0.01534	0.01166	0.01043	0.01534	0.01779	0.00859	0.02331	0.01350	0.03558	0.01104	0.01288	0.00859	0.00736	0.00491	0.00245	0.00613	0.00429	0.00491	0.00859
16	0.00994	0.00716	0.00946	0.01100	0.01173	0.00667	0.00758	0.01167	0.01611	0.02153	0.10371	0.60360	0.07522	0.02373	0.01006	0.00315	0.00462	0.04897	0.00749	0.00659
17	0.01149	0.00844	0.01249	0.01249	0.01393	0.00979	0.00971	0.01436	0.01293	0.01893	0.02146	0.03108	0.01985	0.05712	0.65788	0.01223	0.02042	0.00844	0.03985	0.00709
18	0.02736	0.01888	0.05257	0.01632	0.02217	0.01892	0.01378	0.27895	0.18655	0.19986	0.02553	0.02411	0.01789	0.00979	0.00783	0.00245	0.00750	0.00775	0.04895	0.01284
19	0.00966	0.00690	0.00920	0.01104	0.01150	0.00644	0.00736	0.01104	0.01518	0.02024	0.04371	0.71614	0.05245	0.02484	0.01012	0.00322	0.00460	0.02254	0.00736	0.00644
20	0.77733	0.01534	0.01166	0.01043	0.01534	0.01779	0.00859	0.02331	0.01350	0.03558	0.01104	0.01288	0.00859	0.00736	0.00491	0.00245	0.00613	0.00429	0.00491	0.00859
21	0.01963	0.01884	0.03219	0.04867	0.67185	0.01884	0.02434	0.02434	0.01806	0.02591	0.01492	0.01963	0.01256	0.00707	0.00785	0.00236	0.00942	0.00707	0.00393	0.01256
22	0.01590	0.04102	0.68023	0.02260	0.03432	0.01842	0.02930	0.02511	0.01674	0.02511	0.01423	0.01674	0.01005	0.00753	0.00753	0.00251	0.01172	0.00586	0.00335	0.01172
23	0.02645	0.02038	0.02172	0.01750	0.02318	0.02287	0.01418	0.43153	0.25718	0.04402	0.02373	0.02278	0.01729	0.00996	0.00798	0.00249	0.00786	0.00779	0.00798	0.01315
24	0.00966	0.00690	0.00920	0.01104	0.01150	0.00644	0.00736	0.01104	0.01518	0.02024	0.04371	0.71614	0.05245	0.02484	0.01012	0.00322	0.00460	0.02254	0.00736	0.00644
25	0.00966	0.00690	0.00920	0.01104	0.01150	0.00644	0.00736	0.01104	0.01518	0.02024	0.04371	0.71614	0.05245	0.02484	0.01012	0.00322	0.00460	0.02254	0.00736	0.00644
26	0.01089	0.00793	0.01037	0.01021	0.01186	0.00741	0.00753	0.01411	0.02054	0.02871	0.50378	0.16553	0.09599	0.02013	0.04608	0.00317	0.00484	0.01547	0.00820	0.00725
27	0.01740	0.13508	0.42361	0.02410	0.03415	0.02072	0.18610	0.02499	0.01716	0.02425	0.01424	0.01736	0.01058	0.00721	0.00765	0.00244	0.01168	0.00653	0.00353	0.01123
28	0.00966	0.00690	0.00920	0.01104	0.01150	0.00644	0.00736	0.01104	0.01518	0.02024	0.04371	0.71614	0.05245	0.02484	0.01012	0.00322	0.00460	0.02254	0.00736	0.00644
29	0.03558	0.01350	0.01840	0.01411	0.02024	0.01166	0.01166	0.03865	0.02270	0.67734	0.03128	0.02699	0.01963	0.00981	0.00797	0.00245	0.00675	0.00797	0.00981	0.01350
30	0.01265	0.00977	0.01410	0.04836	0.08195	0.00973	0.01270	0.01587	0.01746	0.02288	0.04122	0.21155	0.08834	0.02028	0.01021	0.00331	0.00685	0.35831	0.00681	0.00767
31	0.01611	0.03973	0.64460	0.02225	0.03358	0.01849	0.02840	0.02603	0.05121	0.02555	0.01520	0.01743	0.01081	0.00771	0.00756	0.00252	0.01143	0.00603	0.00360	0.01176
32	0.01153	0.00769	0.00865	0.00865	0.00865	0.00769	0.00480	0.01153	0.01153	0.01538	0.02499	0.05189	0.02883	0.72131	0.04036	0.00769	0.00769	0.01153	0.00480	0.00480
33	0.01901	0.01841	0.03162	0.11112	0.54912	0.01905	0.05177	0.02371	0.01757	0.02498	0.01466	0.01974	0.01223	0.00748	0.00885	0.00245	0.04529	0.00716	0.00387	0.01191
34	0.02050	0.01742	0.01837	0.01629	0.02092	0.02009	0.01274	0.08707	0.61133	0.03442	0.03129	0.02880	0.02341	0.01067	0.00806	0.00267	0.00646	0.00883	0.00806	0.01262
35	0.01377	0.00689	0.01033	0.01033	0.01033	0.00689	0.00689	0.01033	0.01033	0.01377	0.01377	0.02410	0.01377	0.02755	0.03099	0.76928	0.00689	0.00689	0.00344	0.00344
36	0.01072	0.00809	0.00990	0.00945	0.01154	0.00727	0.00709	0.01399	0.02126	0.02898	0.50786	0.06388	0.23639	0.01726	0.00936	0.00254	0.00382	0.01499	0.00836	0.00727
37	0.01590	0.04102	0.68023	0.02260	0.03432	0.01842	0.02930	0.02511	0.01674	0.02511	0.01423	0.01674	0.01005	0.00753	0.00753	0.00251	0.01172	0.00586	0.00335	0.01172
38	0.01122	0.00811	0.01060	0.00998	0.01185	0.00748	0.00748	0.01496	0.02245	0.03180	0.66766	0.05923	0.07482	0.01621	0.00935	0.00249	0.00374	0.01434	0.00873	0.00748
39	0.02640	0.12445	0.02599	0.01896	0.05530	0.04727	0.01507	0.39749	0.11508	0.03971	0.01887	0.01933	0.01417	0.00929	0.00821	0.00235	0.03588	0.00688	0.00678	0.01250
40	0.01349	0.01116	0.03992	0.06601	0.01681	0.00977	0.00925	0.01657	0.03533	0.04828	0.10699	0.07140	0.12530	0.22822	0.05262	0.00446	0.00729	0.01110	0.00585	0.12018
41	0.04804	0.06704	0.55181	0.02296	0.03376	0.01914	0.09880	0.02501	0.01681	0.02530	0.01417	0.01695	0.01022	0.00740	0.00753	0.00249	0.01154	0.00613	0.00349	0.01140
42	0.01523	0.01435	0.02424	0.66710	0.08782	0.01768	0.02215	0.02048	0.01597	0.02056	0.01414	0.02106	0.01068	0.00788	0.00792	0.00263	0.01051	0.00705	0.00355	0.00901
43	0.01145	0.00824	0.01122	0.01297	0.01432	0.00801	0.01043	0.01417	0.01709	0.02231	0.04437	0.32474	0.07641	0.02293	0.01057	0.00344	0.00614	0.36692	0.00733	0.00695
44	0.01598	0.03889	0.62487	0.05880	0.05625	0.01839	0.02876	0.02484	0.01674	0.02489	0.01425	0.01707	0.01015	0.00754	0.00756	0.00251	0.01158	0.00596	0.00338	0.01160
45	0.01919	0.01657	0.01742	0.01572	0.02011	0.01905	0.01221	0.04054	0.62427	0.03256	0.03477	0.03202	0.05772	0.01124	0.00814	0.00269	0.00616	0.00937	0.00803	0.01225
46	0.00965	0.00695	0.00915	0.01091	0.01147	0.00645	0.00730	0.01106	0.01531	0.02030	0.04535	0.68738	0.08014	0.02463	0.01009	0.00320	0.00457	0.02228	0.00736	0.00645
47	0.01696	0.01577	0.02617	0.31168	0.32534	0.01755	0.02141	0.02156	0.01666	0.02319	0.01605	0.04885	0.01363	0.00860	0.00881	0.00254	0.04568	0.00769	0.04154	0.01032
48	0.02484	0.01145	0.01518	0.01251	0.01682	0.01032	0.00998	0.02909	0.05229	0.38231	0.29247	0.04034	0.04249	0.01248	0.00854	0.00248	0.00549	0.01063	0.00929	0.01098
49	0.00966	0.00690	0.00920	0.01104	0.01150	0.00644	0.00736	0.01104	0.01518	0.02024	0.04371	0.71614	0.05245	0.02484	0.01012	0.00322	0.00460	0.02254	0.00736	0.00644
50	0.04940	0.10772	0.50165	0.02143	0.03152	0.08171	0.05068	0.02552	0.01715	0.02438	0.01367	0.01614	0.01009	0.00748	0.00722	0.00239	0.01147	0.00571	0.00351	0.01116
51	0.01015	0.00768	0.01122	0.01225	0.01311	0.00717	0.04155	0.01181	0.01537	0.02052	0.04222	0.67877	0.05027	0.02387	0.01008	0.00319	0.00507	0.02183	0.00718	0.00667
52	0.01656	0.01447	0.01799	0.01285	0.01995	0.01105	0.04172	0.02024	0.01656	0.02582	0.01419	0.01670	0.01176	0.00591	0.00605	0.00125	0.00626	0.00494	0.00466	0.73107
53	0.02155	0.69754	0.04076	0.01385	0.02053	0.05867	0.01364	0.02407	0.01638	0.01869	0.01108	0.01279	0.01018	0.00684	0.00517	0.00171	0.00872	0.00428	0.00342	0.01014
54	0.01122	0.00811	0.01060	0.00998	0.01185	0.00748	0.00748	0.01496	0.02245	0.03180	0.66766	0.05923	0.07482	0.01621	0.00935	0.00249	0.00374	0.01434	0.00873	0.00748
55	0.01153	0.00769	0.00865	0.00865	0.00865	0.00769	0.00480	0.01153	0.01153	0.01538	0.02499	0.05189	0.02883	0.72131	0.04036	0.00769	0.00769	0.01153	0.00480	0.00480
56	0.01950	0.01659	0.01745	0.01574	0.02010	0.01916	0.01223	0.04105	0.62806	0.03301	0.03198	0.02958	0.02403	0.01069	0.00795	0.00265	0.00616	0.00889	0.04288	0.01231
57	0.01972	0.01703	0.01793	0.01614	0.02062	0.01972	0.01255	0.04214	0.65752	0.03317	0.03228	0.02959	0.02421	0.01076	0.00807	0.00269	0.00628	0.00897	0.00807	0.01255
58	0.01772	0.19940	0.43175	0.02440	0.12714	0.02154	0.02484	0.02467	0.01679	0.02371	0.01358	0.01623	0.01046	0.00729	0.00700	0.00230	0.01061	0.00566	0.00345	0.01148
59	0.01777	0.01543	0.01964	0.07488	0.02377	0.01392	0.04380	0.07166	0.05797	0.02744	0.01557	0.01817	0.01252	0.00702	0.00735	0.00166	0.03533	0.00570	0.00498	0.52541
60	0.77733	0.01534	0.01166	0.01043	0.01534	0.01779	0.00859	0.02331	0.01350	0.03558	0.01104	0.01288	0.00859	0.00736	0.00491	0.00245	0.00613	0.00429	0.00491	0.00859
61	0.03460	0.05024	0.01983	0.01427	0.02045	0.01326	0.01191	0.06578	0.02303	0.61490	0.02969	0.02590	0.01886	0.00965	0.00783	0.00241	0.00693	0.00775	0.00940	0.01333
62	0.77733	0.01534	0.01166	0.01043	0.01534	0.01779	0.00859	0.02331	0.01350	0.03558	0.01104	0.01288	0.00859	0.00736	0.00491	0.00245	0.00613	0.00429	0.00491	0.00859
63	0.01498	0.01409	0.02378	0.70226	0.05462	0.01762	0.02202	0.02026	0.01586	0.02026	0.01409	0.02114	0.01057	0.00793	0.00793	0.00264	0.01057	0.00705	0.00352	0.00881
64	0.00949	0.00791	0.00817	0.00835	0.01070	0.00671	0.00610	0.01135	0.01751	0.02105	0.07441	0.13732	0.58145	0.05060	0.01077	0.00295	0.00423	0.01708	0.00725	0.00659
65	0.01498	0.01409	0.02378	0.70226	0.05462	0.01762	0.02202	0.02026	0.01586	0.02026	0.01409	0.02114	0.01057	0.00793	0.00793	0.00264	0.01057	0.00705	0.00352	0.00881
66	0.01902	0.00983	0.01310	0.01130	0.01454	0.00882	0.00882	0.02255	0.02253	0.23851	0.46389	0.04891	0.05715	0.01416	0.00891	0.00248	0.00470	0.01230	0.00908	0.00941
67	0.01122	0.00811	0.01060	0.00998	0.01185	0.00748	0.00748	0.01496	0.02245	0.03180	0.66766	0.05923	0.07482	0.01621	0.00935	0.00249	0.00374	0.01434	0.00873	0.00748
68	0.02446	0.31093	0.14874	0.01711	0.02416	0.15067	0.01671	0.10101	0.02066	0.09521	0.01499	0.01605	0.01158	0.00784	0.00657	0.00207	0.01001	0.00545	0.00475	0.01102
69	0.01818	0.02014	0.04148	0.09321	0.03973	0.02043	0.49704	0.02403	0.01752	0.02403	0.01506	0.02079	0.01167	0.00782	0.01159	0.00278	0.11156	0.00880	0.00389	0.01023
70	0.02851	0.04990	0.02361	0.01756	0.02358	0.02394	0.01447	0.56469	0.06606	0.04647	0.01961	0.02063	0.01450	0.03830	0.00914	0.00258	0.00855	0.00729	0.00763	0.01295
71	0.05157	0.02984	0.37859	0.05574	0.08637	0.01771	0.13476	0.02456	0.01734	0.04743	0.01726	0.02399	0.01374	0.00858	0.00807	0.00262	0.01100	0.05566	0.00413	0.01104
72	0.00988	0.00805	0.00874	0.00857	0.01102	0.00691	0.00643	0.01237	0.01928	0.02428	0.24213	0.07161	0.50504	0.01902	0.00937	0.00263	0.00394	0.01608	0.00774	0.00691
73	0.05576	0.01619	0.01830	0.20745	0.05329	0.07976	0.01432	0.09434	0.11904	0.02850	0.02017	0.02346	0.01559	0.01112	0.03784	0.00282	0.00872	0.00718	0.17646	0.00969
74	0.02805	0.01454	0.01845	0.04583	0.02138	0.01459	0.01251	0.18343	0.02422	0.34331	0.02644	0.02850	0.01904	0.01660	0.09549	0.00379	0.00915	0.03796	0.04488	0.01186
75	0.03026	0.01708	0.04612	0.01553	0.02145	0.01615	0.01305	0.19871	0.10232	0.37416	0.02715	0.02598	0.01860	0.04428	0.00953	0.00272	0.00746	0.00796	0.00860	0.01289
76	0.02857	0.02319	0.02074	0.04570	0.02370	0.22595	0.01407	0.18970	0.07247	0.18945	0.04370	0.02459	0.01803	0.00993	0.00788	0.00238	0.00964	0.03185	0.00703	0.01144
77	0.01129	0.00749	0.00994	0.01126	0.01212	0.00703	0.00783	0.01294	0.01585	0.05025	0.06995	0.55674	0.04977	0.07222	0.01217	0.00350	0.00510	0.07043	0.00735	0.00676
78	0.01475	0.04740	0.05575	0.01724	0.01974	0.04784	0.08101	0.01760	0.01582	0.02139	0.06083	0.24089	0.06110	0.01759	0.03309	0.00329	0.19341	0.03767	0.00539	0.00820
79	0.02095	0.08548	0.07424	0.06410	0.05829	0.01656	0.22050	0.02549	0.01845	0.17473	0.02351	0.13957	0.02029	0.01066	0.00848	0.00259	0.00941	0.01031	0.00579	0.01061
80	0.01348	0.00696	0.01038	0.01047	0.01055	0.00700	0.00704	0.01053	0.01065	0.01426	0.01544	0.05551	0.01577	0.02879	0.05829	0.70243	0.00740	0.00766	0.00365	0.00373
81	0.02962	0.03779	0.02247	0.02043	0.02451	0.68948	0.01532	0.03166	0.02247	0.01941	0.01226	0.01430	0.01021	0.00817	0.00715	0.00204	0.01430	0.00511	0.00409	0.00919
82	0.01934	0.01969	0.06305	0.16980	0.28182	0.04744	0.07414	0.08178	0.07696	0.02699	0.01798	0.05312	0.01487	0.00867	0.00808	0.00251	0.00975	0.00801	0.00473	0.01125
83	0.01625	0.08272	0.48860	0.02262	0.03260	0.01864	0.11745	0.02409	0.01715	0.02477	0.04104	0.04743	0.01462	0.00840	0.00781	0.00251	0.01114	0.00728	0.00382	0.01108
84	0.01707	0.01963	0.08576	0.08827	0.03245	0.01987	0.26869	0.02152	0.01544	0.02191	0.01403	0.02031	0.01169	0.01289	0.04924	0.04328	0.23692	0.00790	0.00372	0.00940
85	0.01770	0.01484	0.01712	0.01234	0.01933	0.01186	0.00992	0.07746	0.01836	0.02806	0.01455	0.01668	0.01191	0.00621	0.00606	0.00129	0.00613	0.00492	0.00500	0.70027
86	0.01972	0.01703	0.01793	0.01614	0.02062	0.01972	0.01255	0.04214	0.65752	0.03317	0.03228	0.02959	0.02421	0.01076	0.00807	0.00269	0.00628	0.00897	0.00807	0.01255
87	0.00977	0.00726	0.00914	0.01047	0.01150	0.00663	0.00725	0.01147	0.01623	0.02116	0.08209	0.53234	0.18077	0.02334	0.00995	0.00309	0.00452	0.03900	0.00743	0.00657
88	0.03303	0.01293	0.01758	0.01368	0.01936	0.01122	0.01122	0.03616	0.02267	0.60969	0.09798	0.03037	0.02541	0.01049	0.00812	0.00246	0.00643	0.00864	0.00970	0.01287
89	0.00937	0.00803	0.00803	0.00803	0.01071	0.00669	0.00602	0.01138	0.01807	0.02142	0.08033	0.07632	0.66863	0.02008	0.00937	0.00268	0.00402	0.01674	0.00736	0.00669
90	0.00965	0.00696	0.00914	0.01090	0.01146	0.00645	0.00730	0.01106	0.01532	0.02030	0.04548	0.68509	0.08234	0.02461	0.01009	0.00319	0.00457	0.02226	0.00736	0.00645
91	0.01644	0.01409	0.01644	0.01175	0.01879	0.01057	0.00940	0.01997	0.01644	0.02584	0.01409	0.01644	0.01175	0.00587	0.00587	0.00117	0.00587	0.00470	0.00470	0.76979
