[name]
unknown

[dist]
# distance from previous block
# <min> <max>
0	20

[block]
# block no. 0 follows, 26 sequences, length 176
# corresponding to MSA columns:
# 20-195
name=unknown_A
#
# <colnr> <probs for GDERKNQSTAVLIFYWHMCP>
#	G	D	E	R	K	N	Q	S	T	A	V	L	I	F	Y	W	H	M	C	P
0	0.05135	0.01196	0.01379	0.01244	0.01566	0.01235	0.00961	0.08763	0.16353	0.10166	0.15547	0.12401	0.05103	0.07182	0.01069	0.00294	0.00574	0.05560	0.00736	0.03537
1	0.01550	0.00948	0.01195	0.03527	0.01429	0.00854	0.00780	0.01726	0.01513	0.13456	0.05205	0.20566	0.02969	0.24834	0.01791	0.00394	0.00611	0.01179	0.00610	0.14862
2	0.01810	0.01237	0.01431	0.01236	0.01557	0.01278	0.00956	0.17847	0.08673	0.08998	0.23456	0.04273	0.06937	0.12380	0.01301	0.00320	0.00601	0.04049	0.00748	0.00912
3	0.01206	0.00788	0.00941	0.00932	0.01099	0.00736	0.00658	0.01378	0.01550	0.07408	0.09464	0.16122	0.23345	0.19068	0.08380	0.00465	0.00655	0.01373	0.03773	0.00659
4	0.05696	0.01066	0.01235	0.01065	0.01412	0.00983	0.00807	0.03645	0.06134	0.05925	0.19401	0.11125	0.03428	0.06906	0.00978	0.00247	0.00508	0.01000	0.06797	0.21644
5	0.00964	0.00663	0.00893	0.01047	0.01091	0.00623	0.00700	0.01060	0.01429	0.01910	0.05624	0.64682	0.04739	0.02378	0.01147	0.07327	0.00458	0.02000	0.00674	0.00593
6	0.01419	0.01004	0.01222	0.01192	0.01378	0.01029	0.00873	0.12298	0.01877	0.05514	0.07304	0.42007	0.09444	0.04965	0.01110	0.00302	0.03952	0.01636	0.00703	0.00772
7	0.01391	0.00857	0.00934	0.00883	0.01001	0.00879	0.00588	0.07613	0.01501	0.02244	0.02314	0.03813	0.02274	0.38523	0.02391	0.04061	0.00612	0.00908	0.26595	0.00618
8	0.04529	0.01390	0.01497	0.01255	0.01642	0.01480	0.01000	0.27605	0.07245	0.03613	0.17116	0.03501	0.10429	0.01163	0.00759	0.00228	0.00577	0.00946	0.13051	0.00975
9	0.02267	0.01577	0.01804	0.04436	0.02027	0.01688	0.01190	0.36891	0.02597	0.06484	0.01936	0.05449	0.01556	0.01368	0.04081	0.09592	0.00787	0.00745	0.07116	0.06409
10	0.01088	0.00802	0.01022	0.01080	0.01223	0.00741	0.00756	0.04047	0.01642	0.02247	0.11698	0.54919	0.04759	0.02044	0.00913	0.00278	0.00458	0.01838	0.00699	0.07746
11	0.04581	0.00801	0.01002	0.00954	0.01142	0.00753	0.00714	0.01436	0.02058	0.02965	0.59630	0.08755	0.09254	0.01567	0.00879	0.00242	0.00373	0.01375	0.00807	0.00713
12	0.01614	0.01236	0.01353	0.04346	0.01528	0.09311	0.00940	0.05892	0.04546	0.01804	0.01607	0.05171	0.01540	0.05428	0.05392	0.43221	0.03343	0.00739	0.00412	0.00576
13	0.31141	0.01701	0.01673	0.01361	0.01871	0.01892	0.01115	0.31143	0.05250	0.06886	0.04852	0.01901	0.01491	0.00869	0.00649	0.00230	0.00682	0.00626	0.03608	0.01061
14	0.41731	0.05223	0.17871	0.05219	0.02161	0.01729	0.01439	0.02262	0.01463	0.05730	0.04504	0.01659	0.01235	0.00790	0.00677	0.00239	0.04165	0.00535	0.00451	0.00917
15	0.01222	0.01010	0.01432	0.04429	0.01603	0.01200	0.01069	0.01446	0.01261	0.01820	0.02065	0.11900	0.02111	0.09300	0.35368	0.00779	0.15666	0.00956	0.00434	0.04928
16	0.00924	0.00660	0.00880	0.01056	0.01100	0.00616	0.00704	0.01056	0.01452	0.01936	0.04181	0.72848	0.05017	0.02376	0.00968	0.00308	0.00440	0.02156	0.00704	0.00616
17	0.01521	0.03923	0.69413	0.02162	0.03283	0.01762	0.02802	0.02402	0.01601	0.02402	0.01361	0.01601	0.00961	0.00721	0.00721	0.00240	0.01121	0.00560	0.00320	0.01121
18	0.01844	0.01150	0.01558	0.03962	0.01762	0.01272	0.01114	0.07272	0.04554	0.17153	0.02248	0.05186	0.01894	0.06251	0.32009	0.00707	0.07760	0.00834	0.00574	0.00896
19	0.02089	0.68462	0.03836	0.01348	0.01977	0.08119	0.01311	0.02329	0.01587	0.01790	0.01063	0.01228	0.00974	0.00659	0.00502	0.00165	0.00853	0.00412	0.00330	0.00966
20	0.01790	0.02046	0.04476	0.03197	0.03964	0.01918	0.65857	0.02430	0.01790	0.02430	0.01535	0.02046	0.01151	0.00639	0.00895	0.00256	0.01279	0.00895	0.00384	0.01023
21	0.02075	0.50784	0.03241	0.01385	0.01929	0.16630	0.01258	0.02315	0.01719	0.01902	0.06235	0.01839	0.04403	0.00798	0.00575	0.00179	0.00874	0.00546	0.00392	0.00921
22	0.01403	0.00978	0.01185	0.01090	0.01352	0.00966	0.00831	0.02078	0.14739	0.08414	0.42098	0.07973	0.10945	0.01467	0.00863	0.00246	0.00435	0.01276	0.00814	0.00847
23	0.01544	0.01126	0.01314	0.01247	0.01477	0.01164	0.00920	0.21237	0.02137	0.02856	0.06504	0.42931	0.06027	0.04502	0.01005	0.00294	0.00568	0.01605	0.00718	0.00825
24	0.01052	0.00822	0.00936	0.00902	0.01129	0.00742	0.00676	0.04018	0.01951	0.02543	0.30590	0.10880	0.37488	0.01765	0.00895	0.00252	0.00397	0.01510	0.00757	0.00696
25	0.01633	0.01409	0.01728	0.01239	0.01915	0.01103	0.03795	0.04395	0.01659	0.02558	0.01375	0.01603	0.01131	0.00579	0.00584	0.00123	0.00604	0.00478	0.00458	0.71631
26	0.05285	0.11436	0.32363	0.08311	0.10741	0.01954	0.08118	0.02385	0.04788	0.02357	0.01400	0.01709	0.01073	0.00745	0.00788	0.00236	0.04283	0.00608	0.00364	0.01056
27	0.21201	0.43283	0.11683	0.01366	0.02002	0.02483	0.01390	0.02258	0.01469	0.02273	0.01092	0.01291	0.00935	0.00703	0.00604	0.00198	0.04023	0.00439	0.00361	0.00948
28	0.01318	0.00659	0.00988	0.00988	0.00988	0.00659	0.00659	0.00988	0.00988	0.01318	0.01318	0.02306	0.01318	0.02635	0.02964	0.77931	0.00659	0.00659	0.00329	0.00329
29	0.01929	0.01421	0.01555	0.04585	0.01907	0.03712	0.01097	0.05157	0.32819	0.13434	0.06842	0.06048	0.13801	0.01216	0.00801	0.00251	0.00605	0.01015	0.00754	0.01050
30	0.01646	0.05073	0.05103	0.09144	0.02325	0.07269	0.03339	0.01892	0.01367	0.01895	0.01447	0.08283	0.01450	0.04595	0.01814	0.00308	0.38433	0.00790	0.00381	0.03443
31	0.04194	0.01222	0.06667	0.01211	0.01565	0.01015	0.01029	0.02189	0.07934	0.15758	0.34023	0.09834	0.04689	0.01381	0.00843	0.00250	0.00526	0.03992	0.00780	0.00899
32	0.73465	0.03871	0.03668	0.01049	0.01548	0.01745	0.00908	0.02237	0.01310	0.03315	0.01067	0.01245	0.00831	0.00703	0.00479	0.00233	0.00613	0.00416	0.00459	0.00837
33	0.01445	0.01372	0.02350	0.69199	0.05181	0.01693	0.04272	0.01955	0.01526	0.01955	0.01354	0.02023	0.01016	0.00754	0.00763	0.00253	0.01020	0.00682	0.00339	0.00849
34	0.01386	0.00840	0.01100	0.01010	0.01240	0.00762	0.00766	0.01712	0.02084	0.12308	0.51896	0.10112	0.08741	0.01538	0.00881	0.00244	0.00406	0.01351	0.00835	0.00787
35	0.11181	0.32314	0.05018	0.07211	0.02258	0.02209	0.01340	0.10576	0.01904	0.17023	0.01607	0.01671	0.01195	0.00763	0.00609	0.00205	0.00779	0.00546	0.00530	0.01059
36	0.01912	0.01399	0.01651	0.01200	0.01858	0.01126	0.00968	0.07007	0.01802	0.11397	0.01600	0.01724	0.01235	0.00638	0.00603	0.00137	0.00593	0.00508	0.00537	0.62102
37	0.02145	0.01758	0.05069	0.01752	0.05035	0.01794	0.03724	0.25275	0.22105	0.07064	0.02601	0.13709	0.02213	0.01157	0.00800	0.00252	0.00722	0.00981	0.00713	0.01132
38	0.01609	0.18530	0.52661	0.01928	0.02908	0.01978	0.02395	0.02333	0.01612	0.02299	0.04176	0.01695	0.01230	0.00741	0.00679	0.00224	0.01023	0.00563	0.00343	0.01072
39	0.05321	0.03308	0.51210	0.08600	0.06092	0.01768	0.08523	0.02351	0.01601	0.02415	0.01364	0.01674	0.00986	0.00714	0.00729	0.00242	0.01091	0.00599	0.00337	0.01075
40	0.00980	0.00709	0.00926	0.01004	0.01109	0.00655	0.00703	0.01200	0.01728	0.02360	0.28614	0.44405	0.08699	0.02043	0.00937	0.00279	0.00406	0.01834	0.00754	0.00655
41	0.01561	0.03253	0.49486	0.05636	0.08037	0.01738	0.11530	0.02337	0.01657	0.02418	0.04269	0.01878	0.01274	0.00743	0.00757	0.00242	0.01090	0.00656	0.00356	0.01083
42	0.00924	0.00660	0.00880	0.01056	0.01100	0.00616	0.00704	0.01056	0.01452	0.01936	0.04181	0.72848	0.05017	0.02376	0.00968	0.00308	0.00440	0.02156	0.00704	0.00616
43	0.01853	0.01600	0.01683	0.01517	0.01940	0.01844	0.01179	0.03931	0.65022	0.03135	0.03243	0.02981	0.04551	0.01059	0.00776	0.00257	0.00593	0.00883	0.00770	0.01182
44	0.01103	0.00735	0.00827	0.00827	0.00827	0.00735	0.00460	0.01103	0.01103	0.01471	0.02390	0.04964	0.02758	0.73343	0.03861	0.00735	0.00735	0.01103	0.00460	0.00460
45	0.03403	0.01291	0.01760	0.01350	0.01936	0.01115	0.01115	0.03697	0.02171	0.69137	0.02992	0.02582	0.01878	0.00939	0.00763	0.00235	0.00645	0.00763	0.00939	0.01291
46	0.00924	0.00660	0.00880	0.01056	0.01100	0.00616	0.00704	0.01056	0.01452	0.01936	0.04181	0.72848	0.05017	0.02376	0.00968	0.00308	0.00440	0.02156	0.00704	0.00616
47	0.01792	0.01715	0.02925	0.17481	0.56453	0.01780	0.02285	0.02253	0.01687	0.02374	0.01412	0.01905	0.01165	0.00692	0.00752	0.00231	0.00922	0.00675	0.00368	0.01133
48	0.01790	0.02046	0.04476	0.03197	0.03964	0.01918	0.65857	0.02430	0.01790	0.02430	0.01535	0.02046	0.01151	0.00639	0.00895	0.00256	0.01279	0.00895	0.00384	0.01023
49	0.01779	0.02127	0.07272	0.03152	0.03935	0.01911	0.63141	0.02428	0.01782	0.02428	0.01527	0.02027	0.01143	0.00643	0.00888	0.00255	0.01272	0.00881	0.00381	0.01027
50	0.02833	0.03615	0.02149	0.01954	0.02345	0.70298	0.01466	0.03029	0.02149	0.01856	0.01172	0.01368	0.00977	0.00782	0.00684	0.00195	0.01368	0.00489	0.00391	0.00879
51	0.01089	0.00806	0.01003	0.00963	0.01153	0.00747	0.00717	0.03470	0.02051	0.02822	0.49492	0.13331	0.16161	0.01679	0.00899	0.00249	0.00387	0.01472	0.00798	0.00712
52	0.05809	0.39745	0.08305	0.01530	0.02067	0.07261	0.01452	0.05296	0.01631	0.05173	0.01226	0.01464	0.01048	0.00925	0.02566	0.00234	0.12405	0.00505	0.00388	0.00970
53	0.01327	0.04520	0.02088	0.17548	0.10877	0.01289	0.09819	0.01663	0.01576	0.02104	0.05141	0.32973	0.03030	0.01463	0.00859	0.00269	0.00750	0.01363	0.00526	0.00814
54	0.00965	0.00689	0.00927	0.01103	0.01165	0.00651	0.00775	0.01127	0.01493	0.01982	0.04158	0.63991	0.04927	0.02338	0.00979	0.00314	0.00476	0.10608	0.00703	0.00627
55	0.01575	0.03137	0.45968	0.12211	0.10107	0.01773	0.09939	0.02333	0.01624	0.02348	0.01386	0.01739	0.01014	0.00712	0.00749	0.00242	0.01102	0.00626	0.00335	0.01079
56	0.04946	0.09464	0.39061	0.05371	0.12602	0.01860	0.02273	0.04377	0.01674	0.02469	0.04995	0.01842	0.01346	0.00785	0.00777	0.00234	0.03863	0.00615	0.00379	0.01066
57	0.01324	0.01101	0.01509	0.04278	0.07229	0.01141	0.03936	0.02029	0.16875	0.02426	0.09457	0.30707	0.05975	0.01667	0.00891	0.00281	0.00588	0.07066	0.00676	0.00844
58	0.00924	0.00660	0.00880	0.01056	0.01100	0.00616	0.00704	0.01056	0.01452	0.01936	0.04181	0.72848	0.05017	0.02376	0.00968	0.00308	0.00440	0.02156	0.00704	0.00616
59	0.10487	0.01765	0.11280	0.25922	0.13109	0.01610	0.04220	0.05597	0.01684	0.04810	0.01786	0.08259	0.01561	0.00946	0.00756	0.00252	0.00885	0.03669	0.00450	0.00952
60	0.01167	0.01051	0.04640	0.07625	0.04841	0.00947	0.03187	0.04118	0.01637	0.02213	0.08729	0.48918	0.04175	0.01886	0.00910	0.00285	0.00583	0.01709	0.00640	0.00738
61	0.01065	0.00769	0.01007	0.00960	0.01131	0.00710	0.00715	0.01411	0.02109	0.02981	0.64700	0.09350	0.07040	0.01596	0.00899	0.00242	0.00362	0.01415	0.00828	0.00710
62	0.02883	0.02125	0.02276	0.01745	0.02352	0.02352	0.01442	0.66082	0.03566	0.04780	0.01821	0.01821	0.01290	0.00911	0.00759	0.00228	0.00835	0.00683	0.00759	0.01290
63	0.02067	0.70431	0.03887	0.01329	0.01966	0.06231	0.01306	0.02308	0.01570	0.01788	0.01060	0.01224	0.00974	0.00655	0.00496	0.00164	0.00838	0.00410	0.00328	0.00969
64	0.01573	0.01348	0.01573	0.01123	0.01798	0.01011	0.00899	0.01910	0.01573	0.02472	0.01348	0.01573	0.01123	0.00562	0.00562	0.00112	0.00562	0.00449	0.00449	0.77980
65	0.04644	0.65255	0.06463	0.01343	0.02003	0.02877	0.01349	0.05170	0.01627	0.02000	0.01102	0.01260	0.00982	0.00666	0.00508	0.00171	0.00817	0.00425	0.00349	0.00989
66	0.02883	0.02125	0.02276	0.01745	0.02352	0.02352	0.01442	0.66082	0.03566	0.04780	0.01821	0.01821	0.01290	0.00911	0.00759	0.00228	0.00835	0.00683	0.00759	0.01290
67	0.04845	0.01394	0.01992	0.01511	0.02061	0.01268	0.08611	0.02652	0.01837	0.29108	0.06990	0.02333	0.01859	0.00864	0.00863	0.00210	0.06585	0.00712	0.00657	0.23652
68	0.01710	0.01878	0.03612	0.05029	0.03355	0.04801	0.45624	0.02232	0.01758	0.02372	0.08280	0.04679	0.01857	0.00869	0.01045	0.00261	0.08323	0.00936	0.00433	0.00947
69	0.01084	0.00813	0.01219	0.01219	0.01354	0.00948	0.00948	0.01354	0.01219	0.01761	0.02032	0.02980	0.01896	0.05689	0.70337	0.01219	0.02032	0.00813	0.00406	0.00677
70	0.78701	0.01467	0.01115	0.00997	0.01467	0.01702	0.00821	0.02230	0.01291	0.03403	0.01056	0.01232	0.00821	0.00704	0.00469	0.00235	0.00587	0.00411	0.00469	0.00821
71	0.01882	0.04233	0.03109	0.04542	0.66361	0.01843	0.02293	0.02326	0.01721	0.02455	0.01414	0.01855	0.01194	0.00675	0.00742	0.00223	0.00898	0.00667	0.00374	0.01194
72	0.01262	0.01048	0.01449	0.01349	0.01408	0.01307	0.01034	0.01430	0.01171	0.01704	0.01813	0.03102	0.01851	0.22119	0.32448	0.00825	0.22770	0.00844	0.00398	0.00666
73	0.00945	0.00676	0.00911	0.01079	0.01133	0.00642	0.00739	0.01093	0.01456	0.01944	0.04080	0.66870	0.04852	0.02506	0.03959	0.00349	0.00521	0.04931	0.00691	0.00623
74	0.02418	0.05864	0.02241	0.01699	0.02247	0.02195	0.03787	0.36685	0.27485	0.03919	0.02247	0.02178	0.01655	0.00931	0.00754	0.00236	0.00762	0.00742	0.00726	0.01229
75	0.00924	0.00660	0.00880	0.01056	0.01100	0.00616	0.00704	0.01056	0.01452	0.01936	0.04181	0.72848	0.05017	0.02376	0.00968	0.00308	0.00440	0.02156	0.00704	0.00616
76	0.01712	0.11524	0.51673	0.02172	0.05258	0.01879	0.06801	0.02458	0.01643	0.05995	0.01430	0.01651	0.01033	0.00717	0.00709	0.00232	0.01063	0.00580	0.00361	0.01110
77	0.01571	0.10835	0.62940	0.02076	0.03151	0.01884	0.02654	0.02389	0.01595	0.02341	0.01331	0.01563	0.00962	0.00714	0.00697	0.00232	0.01090	0.00545	0.00321	0.01106
78	0.01066	0.00770	0.01007	0.00959	0.01132	0.00711	0.00715	0.01413	0.02113	0.02988	0.65086	0.08946	0.07052	0.01591	0.00898	0.00242	0.00362	0.01410	0.00829	0.00711
79	0.06398	0.01623	0.01909	0.01491	0.02065	0.01647	0.01225	0.25577	0.08697	0.37475	0.02504	0.02278	0.01665	0.00927	0.00749	0.00234	0.00705	0.00728	0.00839	0.01261
80	0.02803	0.01967	0.02292	0.04989	0.02476	0.05050	0.04951	0.41884	0.02935	0.16850	0.01948	0.01965	0.01358	0.00906	0.00838	0.00235	0.03917	0.00700	0.00719	0.01217
81	0.00924	0.00660	0.00880	0.01056	0.01100	0.00616	0.00704	0.01056	0.01452	0.01936	0.04181	0.72848	0.05017	0.02376	0.00968	0.00308	0.00440	0.02156	0.00704	0.00616
82	0.01158	0.00839	0.01073	0.00991	0.01190	0.00792	0.00750	0.04463	0.02214	0.03123	0.65098	0.05486	0.06882	0.01521	0.00888	0.00238	0.00380	0.01339	0.00831	0.00743
83	0.04977	0.01416	0.02326	0.55654	0.04569	0.01729	0.05464	0.02044	0.01519	0.04914	0.01386	0.01981	0.01046	0.00806	0.00902	0.00258	0.07088	0.00677	0.00371	0.00870
84	0.01573	0.01348	0.01573	0.01123	0.01798	0.01011	0.00899	0.01910	0.01573	0.02472	0.01348	0.01573	0.01123	0.00562	0.00562	0.00112	0.00562	0.00449	0.00449	0.77980
85	0.02836	0.06055	0.02369	0.01721	0.02330	0.02388	0.01434	0.62584	0.03455	0.04616	0.01779	0.01788	0.01273	0.00896	0.00744	0.00224	0.00833	0.00668	0.00735	0.01273
86	0.01866	0.19104	0.21827	0.05972	0.07329	0.01959	0.14337	0.02405	0.01671	0.07598	0.01457	0.01716	0.01108	0.00690	0.00693	0.00213	0.00970	0.00610	0.00400	0.08078
87	0.01049	0.00808	0.01135	0.01190	0.01321	0.00762	0.03931	0.01318	0.04348	0.02096	0.06848	0.58514	0.04642	0.02118	0.00940	0.00294	0.00497	0.03899	0.00688	0.03605
88	0.01957	0.01664	0.01755	0.01558	0.01999	0.01920	0.01218	0.08432	0.62725	0.03287	0.02997	0.02758	0.02243	0.01021	0.00771	0.00255	0.00617	0.00845	0.00771	0.01207
89	0.01713	0.02436	0.19268	0.02818	0.03579	0.01929	0.43845	0.02354	0.01674	0.02354	0.01432	0.01898	0.01089	0.00738	0.01039	0.00261	0.09397	0.00791	0.00363	0.01023
90	0.01877	0.01802	0.03079	0.04656	0.68612	0.01802	0.02328	0.02328	0.01727	0.02478	0.01427	0.01877	0.01201	0.00676	0.00751	0.00225	0.00901	0.00676	0.00375	0.01201
91	0.01461	0.00883	0.01151	0.01043	0.01289	0.00818	0.00796	0.01866	0.04614	0.13301	0.52416	0.08356	0.06043	0.01476	0.00873	0.00242	0.00416	0.01295	0.00842	0.00819
92	0.01079	0.00779	0.01021	0.00970	0.01149	0.00721	0.00734	0.01436	0.02133	0.03014	0.65898	0.05770	0.07056	0.01570	0.00900	0.00243	0.00370	0.03611	0.00830	0.00715
93	0.01566	0.01536	0.05458	0.30079	0.03438	0.01702	0.09131	0.05349	0.01522	0.02070	0.01451	0.05227	0.01261	0.01182	0.01418	0.10205	0.15445	0.00759	0.00380	0.00822
94	0.09152	0.05165	0.02317	0.15278	0.02808	0.10794	0.04461	0.21197	0.04457	0.02943	0.01437	0.01741	0.01120	0.00896	0.01008	0.00246	0.12849	0.00632	0.00497	0.01002
95	0.01318	0.00659	0.00988	0.00988	0.00988	0.00659	0.00659	0.00988	0.00988	0.01318	0.01318	0.02306	0.01318	0.02635	0.02964	0.77931	0.00659	0.00659	0.00329	0.00329
96	0.00924	0.00660	0.00880	0.01056	0.01100	0.00616	0.00704	0.01056	0.01452	0.01936	0.04181	0.72848	0.05017	0.02376	0.00968	0.00308	0.00440	0.02156	0.00704	0.00616
97	0.01696	0.01863	0.03832	0.09068	0.03692	0.01873	0.49131	0.02240	0.01674	0.02289	0.01600	0.05881	0.01332	0.00825	0.01072	0.00267	0.09395	0.00918	0.00391	0.00962
98	0.05489	0.02017	0.02194	0.08616	0.02562	0.04782	0.01474	0.48288	0.05249	0.06350	0.01772	0.01856	0.01277	0.00904	0.00812	0.00234	0.03577	0.00672	0.00683	0.01192
99	0.01764	0.01834	0.02308	0.01988	0.02023	0.08404	0.01642	0.01933	0.01250	0.01828	0.01011	0.01633	0.00994	0.01279	0.02328	0.00320	0.65641	0.00648	0.00337	0.00834
100	0.78701	0.01467	0.01115	0.00997	0.01467	0.01702	0.00821	0.02230	0.01291	0.03403	0.01056	0.01232	0.00821	0.00704	0.00469	0.00235	0.00587	0.00411	0.00469	0.00821
101	0.01000	0.00772	0.00912	0.00877	0.01088	0.00684	0.00658	0.01289	0.01974	0.02630	0.43099	0.06344	0.32526	0.01704	0.00895	0.00246	0.00369	0.01467	0.00781	0.00684
102	0.02087	0.01655	0.02066	0.05202	0.10108	0.01817	0.03795	0.16810	0.30393	0.06375	0.02420	0.02660	0.01878	0.01068	0.00903	0.04509	0.00741	0.03713	0.00668	0.01130
103	0.02618	0.19361	0.02555	0.04183	0.02304	0.37752	0.01420	0.08050	0.02073	0.08597	0.01375	0.01521	0.01091	0.00794	0.00714	0.00201	0.03440	0.00524	0.00455	0.00972
104	0.01414	0.00707	0.00707	0.00707	0.00884	0.00707	0.00530	0.01767	0.01591	0.02828	0.02474	0.02828	0.01944	0.00884	0.00530	0.00177	0.00353	0.00707	0.77554	0.00707
105	0.01342	0.01245	0.01965	0.19716	0.02669	0.01496	0.06948	0.01624	0.01414	0.01947	0.02304	0.27964	0.02492	0.01507	0.01345	0.00296	0.21246	0.01235	0.00475	0.00771
106	0.01920	0.01646	0.01734	0.01550	0.01985	0.01902	0.01209	0.06125	0.65092	0.03227	0.03044	0.02796	0.02281	0.01025	0.00771	0.00256	0.00608	0.00852	0.00771	0.01204
107	0.01058	0.00775	0.00992	0.00938	0.01124	0.00709	0.00703	0.01401	0.02110	0.02955	0.62911	0.05809	0.12512	0.01583	0.00895	0.00240	0.00360	0.01392	0.00824	0.00709
108	0.01333	0.01165	0.01677	0.13381	0.02186	0.01371	0.03626	0.04298	0.01540	0.02114	0.05222	0.23156	0.09316	0.01761	0.04665	0.00333	0.18459	0.01236	0.02398	0.00763
109	0.01887	0.01629	0.01715	0.01544	0.01972	0.01887	0.01201	0.04031	0.67241	0.03173	0.03087	0.02830	0.02315	0.01029	0.00772	0.00257	0.00600	0.00858	0.00772	0.01201
110	0.01727	0.05099	0.07804	0.11637	0.03919	0.01893	0.49686	0.02321	0.01713	0.02309	0.01475	0.01989	0.01119	0.00713	0.00905	0.02316	0.01199	0.00821	0.00370	0.00985
111	0.02028	0.73799	0.03975	0.01298	0.01947	0.03001	0.01298	0.02271	0.01541	0.01785	0.01055	0.01217	0.00973	0.00649	0.00487	0.00162	0.00811	0.00406	0.00324	0.00973
112	0.01103	0.00735	0.00827	0.00827	0.00827	0.00735	0.00460	0.01103	0.01103	0.01471	0.02390	0.04964	0.02758	0.73343	0.03861	0.00735	0.00735	0.01103	0.00460	0.00460
113	0.00934	0.00667	0.00891	0.01067	0.01115	0.00624	0.00721	0.01073	0.01462	0.01947	0.04175	0.70793	0.04996	0.02367	0.00971	0.00309	0.00448	0.04118	0.00704	0.00619
114	0.01778	0.02129	0.07338	0.03151	0.03934	0.01911	0.63077	0.02428	0.01782	0.02428	0.01527	0.02026	0.01143	0.00643	0.00887	0.00255	0.01272	0.00880	0.00381	0.01027
115	0.01414	0.00707	0.00707	0.00707	0.00884	0.00707	0.00530	0.01767	0.01591	0.02828	0.02474	0.02828	0.01944	0.00884	0.00530	0.00177	0.00353	0.00707	0.77554	0.00707
116	0.02203	0.11755	0.02133	0.01507	0.02004	0.02034	0.01237	0.21059	0.31137	0.07039	0.07841	0.02542	0.02216	0.00981	0.00738	0.00233	0.00678	0.00783	0.00720	0.01159
117	0.01239	0.00899	0.01227	0.01379	0.01561	0.00908	0.01187	0.01666	0.04889	0.02322	0.05762	0.10641	0.04369	0.02040	0.01027	0.00340	0.00674	0.56444	0.00706	0.00720
118	0.02064	0.01779	0.01811	0.01588	0.02040	0.04734	0.01245	0.12631	0.55726	0.03343	0.02833	0.02630	0.02118	0.01002	0.00766	0.00251	0.00664	0.00818	0.00754	0.01200
119	0.02614	0.01145	0.01517	0.01227	0.01685	0.01020	0.00989	0.02996	0.04793	0.45992	0.20554	0.03615	0.06143	0.01147	0.00804	0.00238	0.00556	0.00965	0.00894	0.01106
120	0.01680	0.03021	0.40263	0.05946	0.05763	0.01789	0.23476	0.02429	0.01683	0.04594	0.01474	0.01810	0.01064	0.00701	0.00782	0.00245	0.01145	0.00687	0.00364	0.01083
121	0.01308	0.00929	0.01251	0.01116	0.01371	0.00876	0.03774	0.01785	0.06957	0.07479	0.47908	0.07500	0.11776	0.01489	0.00879	0.00244	0.00444	0.01317	0.00800	0.00796
122	0.03403	0.01291	0.01760	0.01350	0.01936	0.01115	0.01115	0.03697	0.02171	0.69137	0.02992	0.02582	0.01878	0.00939	0.00763	0.00235	0.00645	0.00763	0.00939	0.01291
123	0.01521	0.03923	0.69413	0.02162	0.03283	0.01762	0.02802	0.02402	0.01601	0.02402	0.01361	0.01601	0.00961	0.00721	0.00721	0.00240	0.01121	0.00560	0.00320	0.01121
124	0.02134	0.01632	0.02055	0.04272	0.12157	0.03863	0.04219	0.06018	0.32048	0.14023	0.07260	0.02699	0.02243	0.00959	0.00778	0.00244	0.00713	0.00828	0.00701	0.01155
125	0.00937	0.00670	0.00892	0.01047	0.01103	0.00625	0.00705	0.01090	0.01514	0.02035	0.09908	0.66839	0.05208	0.02302	0.00962	0.00302	0.00433	0.02086	0.00716	0.00625
126	0.00924	0.00660	0.00880	0.01056	0.01100	0.00616	0.00704	0.01056	0.01452	0.01936	0.04181	0.72848	0.05017	0.02376	0.00968	0.00308	0.00440	0.02156	0.00704	0.00616
127	0.01677	0.01396	0.01696	0.01218	0.01890	0.01090	0.03001	0.04241	0.01667	0.04405	0.01417	0.01625	0.01151	0.00587	0.00585	0.00124	0.00597	0.00481	0.00472	0.70682
128	0.78701	0.01467	0.01115	0.00997	0.01467	0.01702	0.00821	0.02230	0.01291	0.03403	0.01056	0.01232	0.00821	0.00704	0.00469	0.00235	0.00587	0.00411	0.00469	0.00821
129	0.02771	0.01967	0.02133	0.01659	0.02237	0.02150	0.01363	0.53936	0.08038	0.09672	0.02245	0.02178	0.04138	0.00963	0.00766	0.00232	0.00784	0.00739	0.00772	0.01257
130	0.01604	0.02271	0.22470	0.38682	0.11469	0.04008	0.02296	0.04329	0.01656	0.02230	0.01371	0.01852	0.01025	0.00744	0.00744	0.00243	0.01038	0.00634	0.00352	0.00982
131	0.01103	0.00735	0.00827	0.00827	0.00827	0.00735	0.00460	0.01103	0.01103	0.01471	0.02390	0.04964	0.02758	0.73343	0.03861	0.00735	0.00735	0.01103	0.00460	0.00460
132	0.01641	0.01635	0.02341	0.01987	0.02016	0.02240	0.04045	0.01817	0.01183	0.01833	0.01076	0.01816	0.01077	0.04384	0.02487	0.00346	0.66224	0.00691	0.00339	0.00821
133	0.01458	0.01383	0.02280	0.63636	0.04858	0.01758	0.02056	0.01925	0.01476	0.01925	0.01308	0.01981	0.01009	0.00823	0.00955	0.00262	0.09056	0.00673	0.00336	0.00841
134	0.01084	0.00809	0.01201	0.01201	0.01330	0.00938	0.00925	0.01343	0.01214	0.01747	0.02048	0.03073	0.01937	0.08861	0.67220	0.01196	0.01971	0.00826	0.00409	0.00667
135	0.01503	0.01193	0.01545	0.12824	0.04582	0.01276	0.01170	0.11350	0.08997	0.02982	0.29883	0.07519	0.07474	0.01316	0.00843	0.00249	0.00597	0.03115	0.00701	0.00881
136	0.01629	0.01484	0.02391	0.55525	0.14070	0.01763	0.02077	0.07866	0.01735	0.02276	0.01403	0.01983	0.01064	0.00760	0.00757	0.00247	0.00979	0.00675	0.00381	0.00935
137	0.18032	0.39821	0.17823	0.01458	0.02162	0.05609	0.01540	0.02327	0.01531	0.02265	0.01128	0.01312	0.00939	0.00683	0.00544	0.00196	0.00859	0.00445	0.00357	0.00970
138	0.41614	0.12065	0.01968	0.07067	0.02090	0.05105	0.03901	0.04677	0.04607	0.05338	0.01297	0.01503	0.01015	0.00763	0.00658	0.00230	0.04215	0.00512	0.00466	0.00909
139	0.01614	0.01683	0.03107	0.15560	0.06456	0.01860	0.28267	0.02053	0.01552	0.02142	0.01733	0.05603	0.04007	0.00981	0.01284	0.00276	0.19650	0.00873	0.00390	0.00911
140	0.02524	0.01858	0.02013	0.01615	0.02132	0.02060	0.01303	0.43667	0.17776	0.06891	0.02197	0.02292	0.01648	0.05063	0.03160	0.00294	0.00806	0.00753	0.00742	0.01205
141	0.00963	0.00815	0.03138	0.01003	0.01159	0.00677	0.00744	0.01174	0.01648	0.02174	0.16189	0.42387	0.21023	0.02063	0.00929	0.00281	0.00434	0.01828	0.00714	0.00656
142	0.01046	0.00758	0.00989	0.00983	0.01140	0.00701	0.00728	0.01357	0.01991	0.02778	0.52117	0.18182	0.08614	0.01735	0.00914	0.00256	0.00386	0.03829	0.00802	0.00694
143	0.01432	0.01348	0.02275	0.71520	0.05224	0.01685	0.02107	0.01938	0.01517	0.01938	0.01348	0.02022	0.01011	0.00758	0.00758	0.00253	0.01011	0.00674	0.00337	0.00843
144	0.02883	0.02125	0.02276	0.01745	0.02352	0.02352	0.01442	0.66082	0.03566	0.04780	0.01821	0.01821	0.01290	0.00911	0.00759	0.00228	0.00835	0.00683	0.00759	0.01290
145	0.02543	0.02074	0.05813	0.01665	0.02294	0.02094	0.01421	0.48486	0.08461	0.04194	0.01835	0.01858	0.01334	0.00861	0.00730	0.00215	0.00793	0.00658	0.00693	0.11980
146	0.06000	0.01533	0.01849	0.01433	0.01990	0.01511	0.01172	0.23363	0.02523	0.42413	0.02512	0.02418	0.01698	0.04891	0.00920	0.00260	0.00708	0.00742	0.00837	0.01227
147	0.01598	0.01392	0.02063	0.04902	0.02263	0.01212	0.12285	0.01960	0.01598	0.05052	0.01801	0.11003	0.01655	0.00870	0.00776	0.00184	0.03856	0.00782	0.00480	0.44268
148	0.01084	0.00813	0.01219	0.01219	0.01354	0.00948	0.00948	0.01354	0.01219	0.01761	0.02032	0.02980	0.01896	0.05689	0.70337	0.01219	0.02032	0.00813	0.00406	0.00677
149	0.02773	0.02055	0.02536	0.01913	0.02540	0.02205	0.10106	0.53047	0.03227	0.09055	0.01866	0.01906	0.01313	0.00876	0.00777	0.00232	0.00881	0.00717	0.00721	0.01254
150	0.01074	0.00775	0.01014	0.00954	0.01133	0.00716	0.00716	0.01431	0.02147	0.03042	0.68211	0.05666	0.07157	0.01551	0.00895	0.00239	0.00358	0.01372	0.00835	0.00716
151	0.01735	0.04931	0.02214	0.01744	0.01967	0.03934	0.01449	0.04364	0.01396	0.02091	0.01118	0.01617	0.01036	0.01084	0.01825	0.00264	0.47132	0.00597	0.00377	0.19123
152	0.05447	0.43951	0.23197	0.01565	0.02336	0.04637	0.01722	0.02401	0.01598	0.05277	0.01243	0.01403	0.01006	0.00691	0.00575	0.00193	0.00903	0.00472	0.00361	0.01023
153	0.01976	0.59729	0.14561	0.01464	0.02180	0.05381	0.01549	0.02322	0.01574	0.01888	0.01109	0.01285	0.00971	0.00666	0.00532	0.00176	0.00883	0.00434	0.00326	0.00994
154	0.01046	0.00759	0.00986	0.00961	0.01124	0.00699	0.00709	0.01366	0.02034	0.02850	0.56975	0.15107	0.09179	0.01680	0.00905	0.00249	0.00370	0.01490	0.00812	0.00699
155	0.02046	0.01529	0.02018	0.01712	0.01922	0.01886	0.01401	0.10344	0.04600	0.14220	0.01868	0.08079	0.01634	0.01475	0.04746	0.00335	0.37849	0.00827	0.00549	0.00961
156	0.01778	0.02447	0.18464	0.02866	0.03678	0.01917	0.47079	0.05343	0.01811	0.02513	0.01493	0.01926	0.01111	0.00692	0.00902	0.00254	0.03487	0.00805	0.00385	0.01051
157	0.01659	0.01659	0.02323	0.01991	0.01991	0.02323	0.01659	0.01825	0.01162	0.01825	0.00996	0.01659	0.00996	0.01328	0.02489	0.00332	0.71955	0.00664	0.00332	0.00830
158	0.00923	0.00665	0.00875	0.01043	0.01097	0.00617	0.00698	0.01058	0.01465	0.01941	0.04340	0.69874	0.07888	0.02356	0.00965	0.00306	0.00438	0.02131	0.00704	0.00617
159	0.02028	0.73799	0.03975	0.01298	0.01947	0.03001	0.01298	0.02271	0.01541	0.01785	0.01055	0.01217	0.00973	0.00649	0.00487	0.00162	0.00811	0.00406	0.00324	0.00973
160	0.01103	0.00735	0.00827	0.00827	0.00827	0.00735	0.00460	0.01103	0.01103	0.01471	0.02390	0.04964	0.02758	0.73343	0.03861	0.00735	0.00735	0.01103	0.00460	0.00460
161	0.01074	0.00775	0.01014	0.00954	0.01133	0.00716	0.00716	0.01431	0.02147	0.03042	0.68211	0.05666	0.07157	0.01551	0.00895	0.00239	0.00358	0.01372	0.00835	0.00716
162	0.78701	0.01467	0.01115	0.00997	0.01467	0.01702	0.00821	0.02230	0.01291	0.03403	0.01056	0.01232	0.00821	0.00704	0.00469	0.00235	0.00587	0.00411	0.00469	0.00821
163	0.78701	0.01467	0.01115	0.00997	0.01467	0.01702	0.00821	0.02230	0.01291	0.03403	0.01056	0.01232	0.00821	0.00704	0.00469	0.00235	0.00587	0.00411	0.00469	0.00821
164	0.00987	0.00709	0.00937	0.01013	0.01114	0.00658	0.00709	0.01215	0.01746	0.02403	0.31241	0.44456	0.05921	0.02027	0.00937	0.00279	0.00405	0.01825	0.00759	0.00658
165	0.01574	0.01543	0.02155	0.01882	0.01887	0.02124	0.01548	0.01736	0.01196	0.01838	0.01367	0.09965	0.01465	0.01450	0.02312	0.00329	0.63611	0.00838	0.00375	0.00805
166	0.01432	0.01348	0.02275	0.71520	0.05224	0.01685	0.02107	0.01938	0.01517	0.01938	0.01348	0.02022	0.01011	0.00758	0.00758	0.00253	0.01011	0.00674	0.00337	0.00843
167	0.01057	0.00719	0.00853	0.00893	0.00916	0.00704	0.00538	0.01114	0.01261	0.01693	0.07301	0.21903	0.03618	0.50814	0.02940	0.00595	0.00636	0.01383	0.00546	0.00516
168	0.01573	0.01348	0.01573	0.01123	0.01798	0.01011	0.00899	0.01910	0.01573	0.02472	0.01348	0.01573	0.01123	0.00562	0.00562	0.00112	0.00562	0.00449	0.00449	0.77980
169	0.01713	0.01333	0.01677	0.01256	0.01864	0.01073	0.03963	0.02130	0.04779	0.08568	0.01821	0.07535	0.01567	0.00770	0.00639	0.00153	0.00595	0.00657	0.00527	0.57379
170	0.01930	0.01961	0.08185	0.14776	0.41881	0.04720	0.02158	0.04799	0.04304	0.05724	0.01552	0.01925	0.01220	0.00733	0.00748	0.00231	0.00931	0.00670	0.00422	0.01131
171	0.39135	0.01573	0.03971	0.04928	0.08165	0.03825	0.06079	0.02206	0.04745	0.02928	0.07604	0.05304	0.01896	0.00933	0.00659	0.00245	0.00711	0.03704	0.00509	0.00879
172	0.01770	0.04443	0.09737	0.03421	0.25621	0.01874	0.31856	0.02320	0.01709	0.02384	0.01530	0.04173	0.01263	0.00741	0.00880	0.00245	0.03776	0.00805	0.00381	0.01071
173	0.01931	0.34646	0.16672	0.01804	0.07635	0.02189	0.04454	0.02430	0.04805	0.08253	0.01973	0.02073	0.06522	0.00812	0.00645	0.00206	0.00843	0.00630	0.00438	0.01037
174	0.04188	0.04079	0.01161	0.01024	0.01253	0.00896	0.00758	0.03541	0.01736	0.04646	0.18555	0.28877	0.14221	0.05032	0.00991	0.00276	0.00477	0.01486	0.00689	0.06113
175	0.14059	0.01990	0.01881	0.08426	0.02323	0.12691	0.01297	0.29558	0.02507	0.03447	0.04894	0.02243	0.06349	0.00931	0.00710	0.00224	0.00832	0.00698	0.00601	0.04339

[dist]
# distance from previous block
# <min> <max>
3	11

[block]
# block no. 1 follows, 26 sequences, length 178
# corresponding to MSA columns:
# 207-384
name=unknown_B
#
# <colnr> <probs for GDERKNQSTAVLIFYWHMCP>
#	G	D	E	R	K	N	Q	S	T	A	V	L	I	F	Y	W	H	M	C	P
0	0.02310	0.01723	0.01990	0.05410	0.02194	0.01905	0.01311	0.38407	0.02695	0.06185	0.07279	0.02399	0.01860	0.06804	0.01185	0.00274	0.08117	0.00758	0.00659	0.06536
1	0.07829	0.05790	0.20802	0.02722	0.26553	0.01689	0.01973	0.05220	0.01774	0.07799	0.04276	0.04570	0.04046	0.00858	0.00727	0.00232	0.00854	0.00729	0.00467	0.01090
2	0.09024	0.05270	0.11075	0.01769	0.09346	0.01384	0.01431	0.02982	0.01887	0.38943	0.02429	0.07393	0.01778	0.00953	0.00733	0.00236	0.00726	0.00782	0.00706	0.01153
3	0.40969	0.01753	0.07382	0.07582	0.12688	0.01721	0.01408	0.07478	0.01665	0.08972	0.01397	0.01597	0.01040	0.00743	0.00608	0.00235	0.00741	0.00540	0.00496	0.00987
4	0.01050	0.00747	0.00924	0.00933	0.01024	0.00730	0.00628	0.01211	0.01493	0.02032	0.20340	0.14583	0.09791	0.30569	0.10143	0.00560	0.00715	0.01330	0.00607	0.00590
5	0.01659	0.01659	0.02323	0.01991	0.01991	0.02323	0.01659	0.01825	0.01162	0.01825	0.00996	0.01659	0.00996	0.01328	0.02489	0.00332	0.71955	0.00664	0.00332	0.00830
6	0.00933	0.00664	0.00878	0.01045	0.01087	0.00622	0.00692	0.01058	0.01435	0.01913	0.04092	0.69479	0.04905	0.05898	0.01112	0.00329	0.00455	0.02104	0.00692	0.00608
7	0.78701	0.01467	0.01115	0.00997	0.01467	0.01702	0.00821	0.02230	0.01291	0.03403	0.01056	0.01232	0.00821	0.00704	0.00469	0.00235	0.00587	0.00411	0.00469	0.00821
8	0.01142	0.00886	0.01058	0.00993	0.01180	0.03432	0.00745	0.01494	0.02147	0.02995	0.65594	0.05498	0.06916	0.01521	0.00886	0.00237	0.00397	0.01337	0.00818	0.00722
9	0.01850	0.01592	0.01693	0.01529	0.01944	0.01844	0.01189	0.03909	0.64239	0.03109	0.03039	0.02837	0.02296	0.01241	0.03936	0.00301	0.00665	0.00856	0.00755	0.01177
10	0.01573	0.01348	0.01573	0.01123	0.01798	0.01011	0.00899	0.01910	0.01573	0.02472	0.01348	0.01573	0.01123	0.00562	0.00562	0.00112	0.00562	0.00449	0.00449	0.77980
11	0.02839	0.01361	0.01724	0.01376	0.01889	0.01310	0.01121	0.12437	0.07428	0.44090	0.05411	0.02808	0.04380	0.01391	0.06507	0.00317	0.00763	0.00816	0.00843	0.01188
12	0.01225	0.00921	0.01061	0.00991	0.01252	0.00879	0.00754	0.01787	0.11694	0.05373	0.34208	0.05704	0.28117	0.01581	0.00872	0.00247	0.00415	0.01353	0.00783	0.00784
13	0.00921	0.00673	0.00867	0.01023	0.01091	0.00619	0.00689	0.01060	0.01484	0.01949	0.04587	0.65236	0.12367	0.02323	0.00960	0.00302	0.00434	0.02092	0.00704	0.00619
14	0.01432	0.01348	0.02275	0.71520	0.05224	0.01685	0.02107	0.01938	0.01517	0.01938	0.01348	0.02022	0.01011	0.00758	0.00758	0.00253	0.01011	0.00674	0.00337	0.00843
15	0.02690	0.01772	0.05317	0.01770	0.05831	0.04214	0.03739	0.12850	0.18568	0.31141	0.02553	0.02378	0.01757	0.00915	0.00764	0.00238	0.00750	0.00754	0.00768	0.01229
16	0.01432	0.01348	0.02275	0.71520	0.05224	0.01685	0.02107	0.01938	0.01517	0.01938	0.01348	0.02022	0.01011	0.00758	0.00758	0.00253	0.01011	0.00674	0.00337	0.00843
17	0.01084	0.00813	0.01219	0.01219	0.01354	0.00948	0.00948	0.01354	0.01219	0.01761	0.02032	0.02980	0.01896	0.05689	0.70337	0.01219	0.02032	0.00813	0.00406	0.00677
18	0.02833	0.03615	0.02149	0.01954	0.02345	0.70298	0.01466	0.03029	0.02149	0.01856	0.01172	0.01368	0.00977	0.00782	0.00684	0.00195	0.01368	0.00489	0.00391	0.00879
19	0.00936	0.00669	0.00894	0.01070	0.01119	0.00626	0.00725	0.01077	0.01464	0.01950	0.04174	0.70253	0.04990	0.02365	0.00971	0.00310	0.00450	0.04633	0.00704	0.00619
20	0.01965	0.01669	0.01759	0.01560	0.02002	0.01923	0.01220	0.08936	0.62208	0.03300	0.02987	0.02750	0.02234	0.01020	0.00771	0.00255	0.00619	0.00844	0.00771	0.01208
21	0.03164	0.04074	0.01950	0.05269	0.02182	0.01407	0.01227	0.13242	0.02329	0.52977	0.02649	0.02383	0.01706	0.00914	0.00752	0.00232	0.00701	0.00732	0.00855	0.01254
22	0.02969	0.01522	0.01938	0.01691	0.06948	0.01494	0.01273	0.14217	0.12381	0.43154	0.02693	0.02439	0.01795	0.00928	0.00763	0.00236	0.00689	0.00757	0.00841	0.01270
23	0.02028	0.73799	0.03975	0.01298	0.01947	0.03001	0.01298	0.02271	0.01541	0.01785	0.01055	0.01217	0.00973	0.00649	0.00487	0.00162	0.00811	0.00406	0.00324	0.00973
24	0.01060	0.00775	0.00995	0.00940	0.01125	0.00710	0.00705	0.01406	0.02116	0.02967	0.63653	0.05789	0.11762	0.01579	0.00895	0.00240	0.00360	0.01389	0.00825	0.00710
25	0.78701	0.01467	0.01115	0.00997	0.01467	0.01702	0.00821	0.02230	0.01291	0.03403	0.01056	0.01232	0.00821	0.00704	0.00469	0.00235	0.00587	0.00411	0.00469	0.00821
26	0.05237	0.01935	0.02152	0.04975	0.04720	0.04720	0.04025	0.35829	0.18921	0.03841	0.02058	0.02088	0.01517	0.00900	0.00746	0.00234	0.00800	0.00718	0.03405	0.01180
27	0.15487	0.04892	0.01717	0.01277	0.01810	0.03379	0.01055	0.03190	0.01993	0.47894	0.07581	0.02496	0.02042	0.00929	0.00709	0.00230	0.00644	0.00726	0.00807	0.01141
28	0.02046	0.02024	0.10463	0.05991	0.03418	0.01703	0.39040	0.02682	0.04185	0.15101	0.01833	0.02111	0.01303	0.00722	0.00828	0.00245	0.01078	0.00806	0.00497	0.03925
29	0.02794	0.07043	0.02239	0.01922	0.02325	0.67011	0.01457	0.02992	0.02120	0.01853	0.01167	0.01360	0.00977	0.00775	0.00674	0.00194	0.01341	0.00484	0.00388	0.00884
30	0.02833	0.03615	0.02149	0.01954	0.02345	0.70298	0.01466	0.03029	0.02149	0.01856	0.01172	0.01368	0.00977	0.00782	0.00684	0.00195	0.01368	0.00489	0.00391	0.00879
31	0.02813	0.02087	0.02276	0.05153	0.02492	0.02320	0.01474	0.62950	0.03466	0.04642	0.01798	0.01831	0.01276	0.00903	0.00759	0.00229	0.00843	0.00682	0.00738	0.01268
32	0.01790	0.02046	0.04476	0.03197	0.03964	0.01918	0.65857	0.02430	0.01790	0.02430	0.01535	0.02046	0.01151	0.00639	0.00895	0.00256	0.01279	0.00895	0.00384	0.01023
33	0.03403	0.01291	0.01760	0.01350	0.01936	0.01115	0.01115	0.03697	0.02171	0.69137	0.02992	0.02582	0.01878	0.00939	0.00763	0.00235	0.00645	0.00763	0.00939	0.01291
34	0.01088	0.00772	0.01001	0.00944	0.01123	0.00715	0.00708	0.01446	0.02124	0.03033	0.65443	0.05546	0.06937	0.01523	0.00879	0.00236	0.00358	0.01344	0.04065	0.00715
35	0.03313	0.01271	0.01731	0.01334	0.01905	0.01099	0.01099	0.03609	0.02170	0.66575	0.05520	0.02701	0.02082	0.00963	0.00768	0.00235	0.00634	0.00786	0.00935	0.01269
36	0.01790	0.02046	0.04476	0.03197	0.03964	0.01918	0.65857	0.02430	0.01790	0.02430	0.01535	0.02046	0.01151	0.00639	0.00895	0.00256	0.01279	0.00895	0.00384	0.01023
37	0.01103	0.00735	0.00827	0.00827	0.00827	0.00735	0.00460	0.01103	0.01103	0.01471	0.02390	0.04964	0.02758	0.73343	0.03861	0.00735	0.00735	0.01103	0.00460	0.00460
38	0.00924	0.00660	0.00880	0.01056	0.01100	0.00616	0.00704	0.01056	0.01452	0.01936	0.04181	0.72848	0.05017	0.02376	0.00968	0.00308	0.00440	0.02156	0.00704	0.00616
39	0.01521	0.03923	0.69413	0.02162	0.03283	0.01762	0.02802	0.02402	0.01601	0.02402	0.01361	0.01601	0.00961	0.00721	0.00721	0.00240	0.01121	0.00560	0.00320	0.01121
40	0.01778	0.02131	0.07429	0.03150	0.03933	0.01911	0.62990	0.02428	0.01782	0.02428	0.01527	0.02026	0.01142	0.00643	0.00887	0.00255	0.01272	0.00880	0.00381	0.01027
41	0.01089	0.00792	0.01115	0.01115	0.01214	0.00891	0.00818	0.01288	0.01188	0.01684	0.02127	0.03508	0.02126	0.23703	0.52637	0.01090	0.01687	0.00890	0.00421	0.00619
42	0.01086	0.00802	0.01167	0.01167	0.01285	0.00920	0.00884	0.01321	0.01204	0.01722	0.02079	0.03242	0.02010	0.14628	0.61554	0.01155	0.01860	0.00851	0.00413	0.00648
43	0.01860	0.01736	0.02316	0.01951	0.02051	0.02328	0.01624	0.12365	0.01556	0.02310	0.01131	0.01686	0.01044	0.01259	0.02205	0.00315	0.60289	0.00667	0.00402	0.00905
44	0.01573	0.01348	0.01573	0.01123	0.01798	0.01011	0.00899	0.01910	0.01573	0.02472	0.01348	0.01573	0.01123	0.00562	0.00562	0.00112	0.00562	0.00449	0.00449	0.77980
45	0.03403	0.01291	0.01760	0.01350	0.01936	0.01115	0.01115	0.03697	0.02171	0.69137	0.02992	0.02582	0.01878	0.00939	0.00763	0.00235	0.00645	0.00763	0.00939	0.01291
46	0.02028	0.73799	0.03975	0.01298	0.01947	0.03001	0.01298	0.02271	0.01541	0.01785	0.01055	0.01217	0.00973	0.00649	0.00487	0.00162	0.00811	0.00406	0.00324	0.00973
47	0.00924	0.00660	0.00880	0.01056	0.01100	0.00616	0.00704	0.01056	0.01452	0.01936	0.04181	0.72848	0.05017	0.02376	0.00968	0.00308	0.00440	0.02156	0.00704	0.00616
48	0.03151	0.01360	0.01766	0.01379	0.01938	0.01254	0.01130	0.08453	0.07296	0.56370	0.05578	0.02668	0.02082	0.00969	0.00769	0.00236	0.00645	0.00789	0.00908	0.01260
49	0.01521	0.03923	0.69413	0.02162	0.03283	0.01762	0.02802	0.02402	0.01601	0.02402	0.01361	0.01601	0.00961	0.00721	0.00721	0.00240	0.01121	0.00560	0.00320	0.01121
50	0.01103	0.00735	0.00827	0.00827	0.00827	0.00735	0.00460	0.01103	0.01103	0.01471	0.02390	0.04964	0.02758	0.73343	0.03861	0.00735	0.00735	0.01103	0.00460	0.00460
51	0.01222	0.00873	0.01222	0.01397	0.01572	0.00873	0.01222	0.01572	0.01746	0.02270	0.04016	0.08556	0.04365	0.02095	0.01048	0.00349	0.00698	0.63506	0.00698	0.00698
52	0.08609	0.01854	0.01956	0.07864	0.02368	0.08080	0.01351	0.30231	0.05140	0.15494	0.02115	0.04529	0.01632	0.00990	0.00753	0.00239	0.00817	0.04166	0.00692	0.01118
53	0.01058	0.00770	0.01010	0.01154	0.01280	0.00736	0.00899	0.01285	0.01598	0.02072	0.04485	0.33023	0.13013	0.05716	0.01137	0.00340	0.00559	0.28526	0.00690	0.00647
54	0.01101	0.00745	0.00876	0.00876	0.00892	0.00762	0.00520	0.01134	0.01117	0.01506	0.02346	0.04719	0.02652	0.65015	0.12044	0.00795	0.00895	0.01067	0.00453	0.00486
55	0.65043	0.01435	0.01232	0.01061	0.01552	0.01595	0.00875	0.02496	0.01450	0.15326	0.01407	0.01477	0.01013	0.00747	0.00523	0.00235	0.00597	0.00475	0.00555	0.00907
56	0.29844	0.01598	0.04390	0.29344	0.03317	0.01741	0.06714	0.07253	0.01649	0.05583	0.01364	0.01729	0.01010	0.00747	0.00663	0.00243	0.00852	0.00596	0.00447	0.00914
57	0.33918	0.01903	0.07686	0.01428	0.01985	0.01926	0.01253	0.20138	0.16621	0.03639	0.01745	0.01782	0.01295	0.00834	0.00638	0.00238	0.00706	0.00598	0.00603	0.01061
58	0.01103	0.00735	0.00827	0.00827	0.00827	0.00735	0.00460	0.01103	0.01103	0.01471	0.02390	0.04964	0.02758	0.73343	0.03861	0.00735	0.00735	0.01103	0.00460	0.00460
59	0.01762	0.01828	0.03483	0.03109	0.18772	0.01739	0.36356	0.02415	0.06584	0.02483	0.01701	0.04627	0.01389	0.00732	0.00817	0.00235	0.01028	0.00837	0.00430	0.09675
60	0.01659	0.01659	0.02323	0.01991	0.01991	0.02323	0.01659	0.01825	0.01162	0.01825	0.00996	0.01659	0.00996	0.01328	0.02489	0.00332	0.71955	0.00664	0.00332	0.00830
61	0.01245	0.01074	0.01650	0.06600	0.01922	0.01201	0.06699	0.01500	0.01489	0.02027	0.03076	0.33904	0.03453	0.01841	0.01268	0.00313	0.14926	0.14510	0.00574	0.00727
62	0.02652	0.01987	0.02126	0.01673	0.02226	0.02208	0.01361	0.53768	0.13058	0.04387	0.02038	0.02116	0.01511	0.04223	0.00902	0.00255	0.00795	0.00728	0.00747	0.01239
63	0.01920	0.05371	0.23477	0.02741	0.12656	0.01804	0.25147	0.02607	0.04240	0.10112	0.01674	0.01945	0.01221	0.00719	0.00785	0.00241	0.01059	0.00726	0.00440	0.01114
64	0.01067	0.00775	0.01004	0.00947	0.01129	0.00713	0.00710	0.01418	0.02131	0.03003	0.65849	0.05730	0.09544	0.01565	0.00895	0.00239	0.00359	0.01381	0.00830	0.00713
