[name]
unknown

[dist]
# distance from previous block
# <min> <max>
1	50

[block]
# block no. 0 follows, 25 sequences, length 42
# corresponding to MSA columns:
# 50-91
name=unknown_A
#
# <colnr> <probs for GDERKNQSTAVLIFYWHMCP>
#	G	D	E	R	K	N	Q	S	T	A	V	L	I	F	Y	W	H	M	C	P
0	0.01621	0.06722	0.55993	0.02009	0.03012	0.01722	0.02504	0.02411	0.01716	0.05511	0.08026	0.02078	0.01655	0.00828	0.00745	0.00241	0.01032	0.00658	0.00409	0.01106
1	0.02314	0.01628	0.01811	0.01525	0.02021	0.01761	0.01212	0.13586	0.38628	0.15175	0.05933	0.02758	0.02296	0.01018	0.00781	0.00246	0.00646	0.00835	0.00804	0.05022
2	0.01687	0.01331	0.01576	0.01159	0.01803	0.01015	0.00921	0.02016	0.01640	0.06746	0.01666	0.06046	0.01444	0.00714	0.00613	0.00135	0.00572	0.00588	0.00508	0.67819
3	0.04110	0.08625	0.45756	0.02047	0.02956	0.01893	0.05379	0.04858	0.01692	0.05623	0.01472	0.01740	0.01091	0.01009	0.03906	0.00290	0.05463	0.00605	0.00388	0.01097
4	0.00945	0.00675	0.00900	0.01080	0.01125	0.00630	0.00720	0.01080	0.01484	0.01979	0.04274	0.72245	0.05128	0.02429	0.00990	0.00315	0.00450	0.02204	0.00720	0.00630
5	0.01608	0.01378	0.01608	0.01148	0.01837	0.01034	0.00919	0.01952	0.01608	0.02527	0.01378	0.01608	0.01148	0.00574	0.00574	0.00115	0.00574	0.00459	0.00459	0.77491
6	0.01198	0.00928	0.01210	0.01197	0.01365	0.00928	0.02702	0.05348	0.04693	0.02479	0.17785	0.39678	0.10807	0.01957	0.01003	0.00287	0.03232	0.01730	0.00731	0.00744
7	0.01555	0.04011	0.68733	0.02210	0.03356	0.01801	0.02865	0.02455	0.01637	0.02455	0.01391	0.01637	0.00982	0.00737	0.00737	0.00246	0.01146	0.00573	0.00327	0.01146
8	0.00953	0.00787	0.00837	0.00824	0.01070	0.00670	0.00618	0.01184	0.01855	0.02302	0.20038	0.07121	0.55287	0.01886	0.00916	0.00258	0.00387	0.01589	0.00747	0.00670
9	0.00944	0.00771	0.00834	0.00850	0.01072	0.00661	0.00626	0.01154	0.01785	0.02212	0.15200	0.16045	0.51197	0.01977	0.00926	0.00267	0.00397	0.01683	0.00738	0.00661
10	0.01552	0.01215	0.01386	0.01238	0.01554	0.01281	0.00958	0.09781	0.21478	0.03294	0.36748	0.04572	0.09024	0.01374	0.00861	0.00249	0.00499	0.01178	0.00816	0.00944
11	0.01189	0.00950	0.01402	0.01355	0.01475	0.01163	0.01070	0.01451	0.01238	0.01809	0.01931	0.02860	0.01811	0.05199	0.60401	0.01121	0.11647	0.00810	0.00405	0.00714
12	0.00925	0.00786	0.00797	0.00794	0.01052	0.00658	0.00596	0.01129	0.01787	0.02142	0.10620	0.07385	0.64805	0.01946	0.00916	0.00261	0.00391	0.01626	0.00726	0.00658
13	0.01005	0.00748	0.01062	0.01155	0.01229	0.00704	0.03639	0.01149	0.01462	0.01951	0.03953	0.61817	0.04699	0.09905	0.01304	0.00359	0.00522	0.02030	0.00678	0.00632
14	0.05098	0.02074	0.02278	0.03891	0.05083	0.02303	0.01491	0.54085	0.08467	0.04531	0.01911	0.01934	0.01376	0.00920	0.00767	0.00236	0.00834	0.00703	0.00739	0.01279
15	0.01110	0.00744	0.00851	0.00869	0.00873	0.00740	0.00494	0.01123	0.01163	0.01550	0.02624	0.11699	0.03047	0.65815	0.03655	0.00709	0.00722	0.01234	0.00494	0.00486
16	0.00953	0.00681	0.00907	0.01074	0.01126	0.00635	0.00720	0.01100	0.01522	0.02039	0.07628	0.68719	0.05244	0.02384	0.00986	0.00311	0.00445	0.02162	0.00727	0.00635
17	0.01780	0.01871	0.05920	0.05060	0.09055	0.02236	0.06916	0.05368	0.01464	0.02177	0.01184	0.01771	0.01067	0.01158	0.01983	0.00309	0.48676	0.00695	0.00371	0.00943
18	0.02411	0.01208	0.01543	0.01251	0.01722	0.01077	0.01004	0.05169	0.04169	0.34434	0.14357	0.03656	0.05847	0.04450	0.00943	0.00255	0.00598	0.03873	0.00817	0.11217
19	0.02664	0.01843	0.02082	0.01635	0.02200	0.01958	0.01348	0.40403	0.05802	0.12896	0.02131	0.02403	0.01610	0.00991	0.00843	0.00233	0.03627	0.04526	0.00743	0.10062
20	0.02073	0.73217	0.04063	0.01327	0.01990	0.03068	0.01327	0.02322	0.01575	0.01824	0.01078	0.01244	0.00995	0.00663	0.00498	0.00166	0.00829	0.00415	0.00332	0.00995
21	0.01464	0.01378	0.02326	0.70887	0.05340	0.01723	0.02153	0.01981	0.01550	0.01981	0.01378	0.02067	0.01034	0.00775	0.00775	0.00258	0.01034	0.00689	0.00345	0.00861
22	0.01881	0.01803	0.03078	0.10350	0.62624	0.01832	0.02360	0.02346	0.01747	0.02486	0.01452	0.01932	0.01212	0.00698	0.00768	0.00233	0.00931	0.00691	0.00380	0.01197
23	0.01602	0.10331	0.62827	0.02129	0.03231	0.01916	0.02724	0.02443	0.01631	0.02398	0.01363	0.01601	0.00983	0.00730	0.00715	0.00238	0.01117	0.00558	0.00328	0.01132
24	0.03479	0.01320	0.01799	0.01380	0.01979	0.01140	0.01140	0.03779	0.02219	0.68451	0.03059	0.02639	0.01919	0.00960	0.00780	0.00240	0.00660	0.00780	0.00960	0.01320
25	0.02973	0.02131	0.02302	0.01765	0.02384	0.02344	0.01458	0.62387	0.03577	0.07924	0.01919	0.01899	0.01347	0.00932	0.00776	0.00233	0.00844	0.00702	0.00784	0.01319
26	0.00964	0.00689	0.00922	0.01102	0.01156	0.00647	0.00754	0.01114	0.01504	0.02001	0.04263	0.68148	0.05085	0.02411	0.00995	0.00318	0.00467	0.06107	0.00719	0.00635
27	0.01097	0.00793	0.01036	0.00975	0.01158	0.00732	0.00732	0.01463	0.02195	0.03109	0.67505	0.05792	0.07316	0.01585	0.00914	0.00244	0.00366	0.01402	0.00854	0.00732
28	0.01507	0.00782	0.00789	0.00766	0.00965	0.00792	0.00580	0.04427	0.01709	0.02973	0.02502	0.02848	0.01960	0.00904	0.00552	0.00183	0.00382	0.00722	0.73909	0.00747
29	0.01560	0.01469	0.02442	0.42885	0.16351	0.01747	0.03782	0.01984	0.01536	0.02066	0.01493	0.05358	0.01277	0.00962	0.01067	0.02551	0.09426	0.00766	0.00370	0.00907
30	0.02714	0.02065	0.02361	0.08139	0.05178	0.02320	0.01581	0.54145	0.03266	0.04389	0.01762	0.01874	0.01275	0.00928	0.00860	0.00240	0.04255	0.00696	0.00701	0.01251
31	0.01347	0.00673	0.01010	0.01010	0.01010	0.00673	0.00673	0.01010	0.01010	0.01347	0.01347	0.02357	0.01347	0.02694	0.03030	0.77441	0.00673	0.00673	0.00337	0.00337
32	0.01110	0.00823	0.01207	0.01207	0.01332	0.00948	0.00921	0.01360	0.01235	0.01771	0.02113	0.03244	0.02024	0.12338	0.63272	0.01198	0.01948	0.00860	0.00421	0.00671
33	0.01974	0.11062	0.09960	0.01564	0.02027	0.18997	0.01385	0.05896	0.03780	0.05306	0.04611	0.02878	0.12198	0.01679	0.09659	0.00359	0.04444	0.00796	0.00506	0.00920
34	0.03479	0.01320	0.01799	0.01380	0.01979	0.01140	0.01140	0.03779	0.02219	0.68451	0.03059	0.02639	0.01919	0.00960	0.00780	0.00240	0.00660	0.00780	0.00960	0.01320
35	0.02808	0.02038	0.02178	0.01686	0.02266	0.02249	0.01387	0.59449	0.03459	0.04702	0.01923	0.01957	0.01380	0.00928	0.00754	0.00228	0.00808	0.00700	0.07836	0.01263
36	0.01773	0.02000	0.04338	0.03127	0.03863	0.01875	0.60944	0.02393	0.01808	0.02451	0.01743	0.06618	0.01431	0.00768	0.00920	0.00265	0.01252	0.00998	0.00413	0.01019
37	0.02073	0.73217	0.04063	0.01327	0.01990	0.03068	0.01327	0.02322	0.01575	0.01824	0.01078	0.01244	0.00995	0.00663	0.00498	0.00166	0.00829	0.00415	0.00332	0.00995
38	0.01318	0.01104	0.01594	0.01467	0.01645	0.01204	0.05447	0.04056	0.01515	0.02120	0.02770	0.29772	0.03050	0.05651	0.12039	0.00465	0.13350	0.04605	0.00554	0.06275
39	0.01818	0.01739	0.03009	0.25077	0.03822	0.01884	0.23572	0.10512	0.01894	0.02590	0.01509	0.02010	0.01157	0.00803	0.00978	0.00253	0.08000	0.00754	0.02897	0.05722
40	0.01127	0.00755	0.00862	0.00862	0.00867	0.00760	0.00490	0.01138	0.01132	0.01515	0.02428	0.04993	0.02784	0.70083	0.06566	0.00771	0.00805	0.01116	0.00468	0.00479
41	0.01836	0.02076	0.04487	0.03360	0.08004	0.01953	0.61217	0.02477	0.01826	0.02487	0.01562	0.02081	0.01180	0.00656	0.00906	0.00260	0.01283	0.00901	0.00392	0.01057

[dist]
# distance from previous block
# <min> <max>
0	1

[block]
# block no. 1 follows, 25 sequences, length 111
# corresponding to MSA columns:
# 93-203
name=unknown_B
#
# <colnr> <probs for GDERKNQSTAVLIFYWHMCP>
#	G	D	E	R	K	N	Q	S	T	A	V	L	I	F	Y	W	H	M	C	P
0	0.02710	0.08607	0.02526	0.02216	0.07574	0.54025	0.04536	0.04962	0.02147	0.02066	0.01249	0.01475	0.01035	0.00778	0.00702	0.00204	0.01297	0.00534	0.00405	0.00952
1	0.01085	0.03140	0.01174	0.01066	0.01253	0.00806	0.02756	0.01367	0.01903	0.02591	0.37359	0.25113	0.13846	0.01820	0.00923	0.00265	0.00438	0.01618	0.00766	0.00711
2	0.01897	0.01574	0.01668	0.01499	0.01928	0.01784	0.01167	0.03838	0.58272	0.05614	0.03573	0.03293	0.08196	0.01130	0.00800	0.00262	0.00596	0.00941	0.00789	0.01179
3	0.01125	0.00763	0.00905	0.00905	0.00926	0.00784	0.00544	0.01166	0.01145	0.01548	0.02388	0.04771	0.02688	0.62763	0.13754	0.00825	0.00949	0.01083	0.00462	0.00503
4	0.02030	0.01661	0.02382	0.15931	0.27752	0.01789	0.01799	0.18966	0.02202	0.03112	0.01723	0.02088	0.01337	0.00805	0.00735	0.00228	0.00834	0.00698	0.12827	0.01101
5	0.01110	0.00745	0.00851	0.00867	0.00872	0.00740	0.00493	0.01123	0.01161	0.01548	0.02614	0.11342	0.03034	0.66189	0.03671	0.00711	0.00724	0.01228	0.00493	0.00485
6	0.01608	0.01378	0.01608	0.01148	0.01837	0.01034	0.00919	0.01952	0.01608	0.02527	0.01378	0.01608	0.01148	0.00574	0.00574	0.00115	0.00574	0.00459	0.00459	0.77491
7	0.06125	0.01305	0.01744	0.01350	0.01928	0.01145	0.01112	0.03630	0.02185	0.63416	0.05600	0.02716	0.02099	0.00976	0.00774	0.00240	0.00646	0.00792	0.00938	0.01278
8	0.02847	0.02074	0.02219	0.01713	0.02304	0.02291	0.01411	0.61060	0.03510	0.04752	0.01906	0.01931	0.01364	0.00929	0.00760	0.00229	0.00820	0.00700	0.05902	0.01279
9	0.05503	0.01447	0.01741	0.01410	0.01924	0.01423	0.01146	0.16270	0.07895	0.33626	0.05961	0.06328	0.04400	0.01120	0.00794	0.00245	0.00661	0.03392	0.00837	0.03875
10	0.02964	0.01942	0.02157	0.01663	0.02250	0.02085	0.01363	0.50546	0.03255	0.16885	0.02118	0.02161	0.01504	0.04305	0.00925	0.00258	0.00811	0.00734	0.00796	0.01279
11	0.02862	0.01969	0.02139	0.01655	0.02235	0.02145	0.01362	0.54314	0.03342	0.10311	0.02026	0.02021	0.01430	0.00931	0.00755	0.00229	0.00793	0.00707	0.07508	0.01266
12	0.00945	0.00675	0.00900	0.01080	0.01125	0.00630	0.00720	0.01080	0.01484	0.01979	0.04274	0.72245	0.05128	0.02429	0.00990	0.00315	0.00450	0.02204	0.00720	0.00630
13	0.13645	0.23813	0.31976	0.01741	0.02589	0.02122	0.04167	0.02488	0.01620	0.07346	0.01381	0.01553	0.01041	0.00726	0.00636	0.00221	0.00938	0.00530	0.00401	0.01064
14	0.01026	0.00724	0.00933	0.01023	0.01095	0.00686	0.00693	0.01195	0.01587	0.02155	0.18262	0.41875	0.05153	0.15887	0.01550	0.00385	0.00499	0.03948	0.00701	0.00625
15	0.00982	0.00788	0.00877	0.00854	0.01088	0.00683	0.00641	0.01240	0.01922	0.02463	0.29493	0.06856	0.45731	0.01826	0.00916	0.00255	0.00383	0.01551	0.00768	0.00683
16	0.04355	0.01430	0.02342	0.58068	0.06691	0.01721	0.04852	0.04255	0.01638	0.02214	0.01442	0.02061	0.01087	0.00776	0.00761	0.00253	0.00993	0.00691	0.03480	0.00890
17	0.69222	0.01601	0.01256	0.01103	0.01590	0.04229	0.00903	0.05064	0.01488	0.06117	0.01198	0.01346	0.00910	0.00741	0.00513	0.00238	0.00642	0.00449	0.00509	0.00882
18	0.00945	0.00675	0.00900	0.01080	0.01125	0.00630	0.00720	0.01080	0.01484	0.01979	0.04274	0.72245	0.05128	0.02429	0.00990	0.00315	0.00450	0.02204	0.00720	0.00630
19	0.26702	0.01590	0.01674	0.01346	0.01892	0.03950	0.01103	0.13750	0.02180	0.32940	0.04082	0.02124	0.01606	0.00892	0.00686	0.00237	0.00691	0.00662	0.00755	0.01137
20	0.10515	0.01341	0.02019	0.53926	0.04370	0.01639	0.01820	0.02069	0.03627	0.02282	0.01507	0.02075	0.01142	0.00789	0.00719	0.00249	0.00907	0.00667	0.07481	0.00858
21	0.01596	0.01503	0.02489	0.35220	0.26993	0.01715	0.02063	0.02029	0.01592	0.02169	0.01650	0.08578	0.01486	0.00947	0.00935	0.00260	0.06582	0.00831	0.00393	0.00969
22	0.02206	0.01740	0.01957	0.04000	0.02223	0.01703	0.01222	0.29887	0.05545	0.03577	0.01674	0.01796	0.01276	0.00761	0.00680	0.00179	0.00715	0.00592	0.00610	0.37658
23	0.01483	0.01316	0.02107	0.54671	0.04413	0.01644	0.01886	0.01946	0.01527	0.02097	0.01505	0.02147	0.01165	0.00847	0.00908	0.00255	0.07500	0.00693	0.11048	0.00841
24	0.01427	0.00721	0.00729	0.00736	0.00911	0.00719	0.00549	0.01780	0.01621	0.02857	0.02593	0.05436	0.02103	0.00959	0.00558	0.00186	0.00365	0.00777	0.74254	0.00719
25	0.26111	0.01978	0.01957	0.03942	0.02227	0.03997	0.01302	0.42009	0.02817	0.04271	0.01586	0.01670	0.01152	0.00857	0.00682	0.00235	0.00796	0.00607	0.00659	0.01144
26	0.00958	0.00685	0.00912	0.01070	0.01128	0.00639	0.00721	0.01113	0.01547	0.02079	0.09841	0.66394	0.05321	0.02355	0.00983	0.00309	0.00442	0.02134	0.00732	0.00639
27	0.01410	0.01019	0.01350	0.07987	0.06623	0.00979	0.01008	0.03881	0.02018	0.08452	0.29439	0.05258	0.24608	0.01482	0.00874	0.00249	0.00523	0.01275	0.00734	0.00829
28	0.00916	0.00785	0.00785	0.00785	0.01047	0.00655	0.00589	0.01113	0.01767	0.02095	0.07855	0.07462	0.67599	0.01964	0.00916	0.00262	0.00393	0.01636	0.00720	0.00655
29	0.02808	0.02105	0.02325	0.04814	0.04431	0.02337	0.01518	0.57988	0.06367	0.04619	0.01888	0.01919	0.01352	0.00923	0.00776	0.00235	0.00852	0.00706	0.00746	0.01292
30	0.01764	0.01896	0.03488	0.02659	0.03056	0.02165	0.33763	0.02178	0.01512	0.02178	0.01296	0.01896	0.01098	0.01001	0.01720	0.00300	0.35915	0.00798	0.00366	0.00948
31	0.00955	0.00683	0.00909	0.01073	0.01127	0.00637	0.00721	0.01105	0.01532	0.02055	0.08523	0.67779	0.05275	0.02372	0.00985	0.00310	0.00444	0.02150	0.00729	0.00637
32	0.02073	0.73217	0.04063	0.01327	0.01990	0.03068	0.01327	0.02322	0.01575	0.01824	0.01078	0.01244	0.00995	0.00663	0.00498	0.00166	0.00829	0.00415	0.00332	0.00995
33	0.59498	0.06377	0.01500	0.01150	0.01658	0.01868	0.00960	0.07987	0.04555	0.06528	0.01336	0.01451	0.01013	0.00761	0.00535	0.00235	0.00641	0.00482	0.00533	0.00932
34	0.02045	0.01484	0.01627	0.01348	0.01654	0.01621	0.01006	0.32881	0.02374	0.03187	0.02110	0.03377	0.02019	0.34952	0.02334	0.00482	0.03079	0.00901	0.00617	0.00902
35	0.14613	0.02080	0.02080	0.01660	0.02205	0.06732	0.01358	0.42281	0.06242	0.07318	0.01781	0.01820	0.01292	0.00916	0.00806	0.00238	0.04041	0.00654	0.00694	0.01190
36	0.01177	0.00801	0.01057	0.01121	0.01283	0.00749	0.00859	0.01448	0.01828	0.05442	0.23576	0.28448	0.10610	0.02000	0.00971	0.00296	0.00493	0.16358	0.00770	0.00714
37	0.05964	0.02099	0.02228	0.01719	0.02320	0.02324	0.01419	0.60763	0.03487	0.04766	0.01851	0.01869	0.01320	0.00921	0.00756	0.00231	0.00827	0.00688	0.03165	0.01280
38	0.01528	0.01443	0.02440	0.61659	0.14072	0.01739	0.02185	0.02037	0.01580	0.02058	0.01389	0.02047	0.01061	0.00763	0.00774	0.00254	0.01018	0.00689	0.00350	0.00913
39	0.02582	0.01973	0.05512	0.04725	0.02671	0.01967	0.11239	0.32387	0.08413	0.14617	0.02172	0.04547	0.01594	0.00940	0.00805	0.00245	0.00876	0.00807	0.00709	0.01219
40	0.00997	0.00727	0.00939	0.01016	0.01130	0.00669	0.00713	0.01221	0.01766	0.02398	0.27430	0.42536	0.11419	0.02083	0.00956	0.00285	0.00414	0.01865	0.00768	0.00669
41	0.00945	0.00675	0.00900	0.01080	0.01125	0.00630	0.00720	0.01080	0.01484	0.01979	0.04274	0.72245	0.05128	0.02429	0.00990	0.00315	0.00450	0.02204	0.00720	0.00630
42	0.01337	0.01247	0.06191	0.07650	0.02152	0.01090	0.09870	0.01755	0.04773	0.05240	0.06303	0.39221	0.03741	0.01741	0.00924	0.00291	0.00691	0.04337	0.00636	0.00811
43	0.01602	0.03684	0.57812	0.02390	0.03474	0.01828	0.13458	0.02460	0.01670	0.02460	0.01422	0.01714	0.01015	0.00723	0.00767	0.00248	0.01173	0.00631	0.00338	0.01129
44	0.01084	0.00792	0.01018	0.00962	0.01150	0.00726	0.00721	0.01438	0.02164	0.03035	0.63148	0.05914	0.11719	0.01613	0.00915	0.00245	0.00368	0.01419	0.00844	0.00726
45	0.62638	0.01466	0.01311	0.05765	0.01825	0.01655	0.00970	0.02468	0.01461	0.12445	0.01376	0.01506	0.01003	0.00757	0.00542	0.00241	0.00637	0.00488	0.00538	0.00908
46	0.01347	0.01190	0.06414	0.13679	0.02275	0.01041	0.04503	0.01687	0.01694	0.07036	0.12405	0.33555	0.03947	0.01680	0.00907	0.00283	0.00664	0.04250	0.00644	0.00799
47	0.01690	0.01349	0.01808	0.03605	0.01820	0.01650	0.04198	0.08433	0.01673	0.02603	0.04226	0.02367	0.01668	0.01333	0.04740	0.00309	0.28590	0.00742	0.26343	0.00852
48	0.00951	0.00680	0.00906	0.01075	0.01126	0.00634	0.00720	0.01096	0.01515	0.02028	0.06975	0.69406	0.05222	0.02393	0.00986	0.00312	0.00446	0.02170	0.00725	0.00634
49	0.78228	0.01499	0.01140	0.01020	0.01499	0.01739	0.00840	0.02279	0.01320	0.03479	0.01080	0.01260	0.00840	0.00720	0.00480	0.00240	0.00600	0.00420	0.00480	0.00840
50	0.02177	0.01637	0.01859	0.01374	0.02035	0.01495	0.01117	0.23069	0.02324	0.07739	0.01651	0.01761	0.01257	0.00718	0.00655	0.00162	0.00672	0.00560	0.00598	0.47139
51	0.01712	0.01612	0.02717	0.40901	0.27987	0.01807	0.04767	0.04994	0.01734	0.02334	0.01437	0.02005	0.01123	0.00746	0.00778	0.00247	0.00996	0.00699	0.00380	0.01023
52	0.00974	0.00697	0.00926	0.01060	0.01131	0.00649	0.00722	0.01153	0.01620	0.02195	0.16351	0.59551	0.05546	0.02268	0.00975	0.00301	0.00434	0.02051	0.00745	0.00649
53	0.01616	0.14812	0.55462	0.02015	0.03041	0.01953	0.02526	0.02390	0.01652	0.02385	0.04314	0.01762	0.01269	0.00763	0.00707	0.00233	0.01061	0.00585	0.00352	0.01103
54	0.13313	0.02023	0.02136	0.04471	0.02380	0.02263	0.01402	0.51238	0.06063	0.04499	0.01791	0.01833	0.01288	0.00901	0.00735	0.00236	0.00815	0.00667	0.00718	0.01229
55	0.00942	0.00685	0.00890	0.01054	0.01118	0.00632	0.00708	0.01083	0.01509	0.01989	0.04589	0.66541	0.10628	0.02388	0.00983	0.00310	0.00445	0.02154	0.00720	0.00632
56	0.03322	0.01570	0.01955	0.01498	0.02104	0.01512	0.01238	0.21883	0.02639	0.49754	0.02707	0.02410	0.01743	0.00951	0.00779	0.00238	0.00717	0.00756	0.00906	0.01319
57	0.00945	0.00675	0.00900	0.01080	0.01125	0.00630	0.00720	0.01080	0.01484	0.01979	0.04274	0.72245	0.05128	0.02429	0.00990	0.00315	0.00450	0.02204	0.00720	0.00630
58	0.01608	0.01378	0.01608	0.01148	0.01837	0.01034	0.00919	0.01952	0.01608	0.02527	0.01378	0.01608	0.01148	0.00574	0.00574	0.00115	0.00574	0.00459	0.00459	0.77491
59	0.59889	0.01384	0.01246	0.08888	0.01867	0.01605	0.00962	0.02116	0.01330	0.03100	0.01192	0.01509	0.00950	0.00907	0.00740	0.07037	0.00646	0.00484	0.03357	0.00793
60	0.09575	0.02113	0.02222	0.01717	0.02325	0.02346	0.01418	0.59778	0.03441	0.04763	0.01793	0.01809	0.01276	0.00912	0.00750	0.00233	0.00831	0.00674	0.00750	0.01276
61	0.02847	0.02074	0.02219	0.01713	0.02304	0.02291	0.01411	0.61060	0.03510	0.04752	0.01906	0.01931	0.01364	0.00929	0.00760	0.00229	0.00820	0.00700	0.05902	0.01279
62	0.00973	0.00794	0.00865	0.00865	0.01106	0.00685	0.00661	0.01213	0.01850	0.02304	0.19012	0.07229	0.51827	0.01903	0.00926	0.00265	0.00409	0.05695	0.00745	0.00673
63	0.01936	0.01602	0.01721	0.01561	0.01987	0.01832	0.01226	0.03939	0.59942	0.05434	0.03216	0.03277	0.02492	0.01122	0.00808	0.00269	0.00622	0.05028	0.00790	0.01196
64	0.01555	0.04011	0.68733	0.02210	0.03356	0.01801	0.02865	0.02455	0.01637	0.02455	0.01391	0.01637	0.00982	0.00737	0.00737	0.00246	0.01146	0.00573	0.00327	0.01146
65	0.03238	0.01706	0.02039	0.01563	0.02172	0.01713	0.01291	0.31701	0.02866	0.39614	0.02516	0.02286	0.01647	0.00947	0.00778	0.00237	0.00748	0.00743	0.00876	0.01319
66	0.02888	0.02114	0.02263	0.01742	0.02345	0.02338	0.01437	0.62814	0.03566	0.04808	0.01888	0.01902	0.01345	0.00930	0.00766	0.00231	0.00834	0.00699	0.03795	0.01295
67	0.00961	0.00682	0.00895	0.01059	0.01100	0.00641	0.00698	0.01084	0.01453	0.01937	0.04112	0.66331	0.04925	0.08621	0.01250	0.00353	0.00476	0.02109	0.00698	0.00616
68	0.00972	0.00694	0.00930	0.01110	0.01167	0.00653	0.00766	0.01126	0.01511	0.02009	0.04259	0.66654	0.05070	0.02404	0.00997	0.00319	0.00473	0.07530	0.00719	0.00637
69	0.12143	0.04747	0.04541	0.01605	0.06389	0.01459	0.01263	0.05121	0.07404	0.40536	0.05141	0.02446	0.01901	0.00922	0.00734	0.00238	0.00687	0.00736	0.00785	0.01202
70	0.00945	0.00675	0.00900	0.01080	0.01125	0.00630	0.00720	0.01080	0.01484	0.01979	0.04274	0.72245	0.05128	0.02429	0.00990	0.00315	0.00450	0.02204	0.00720	0.00630
71	0.00958	0.00685	0.00912	0.01070	0.01128	0.00639	0.00721	0.01113	0.01547	0.02079	0.09841	0.66394	0.05321	0.02355	0.00983	0.00309	0.00442	0.02134	0.00732	0.00639
72	0.01608	0.01378	0.01608	0.01148	0.01837	0.01034	0.00919	0.01952	0.01608	0.02527	0.01378	0.01608	0.01148	0.00574	0.00574	0.00115	0.00574	0.00459	0.00459	0.77491
73	0.01554	0.01423	0.02357	0.36956	0.03785	0.01714	0.09898	0.01994	0.01528	0.02175	0.01524	0.02135	0.01208	0.00895	0.01101	0.00262	0.14751	0.00722	0.13158	0.00859
74	0.00945	0.00675	0.00900	0.01080	0.01125	0.00630	0.00720	0.01080	0.01484	0.01979	0.04274	0.72245	0.05128	0.02429	0.00990	0.00315	0.00450	0.02204	0.00720	0.00630
75	0.01929	0.01666	0.01753	0.01578	0.02016	0.01929	0.01227	0.04120	0.66513	0.03243	0.03156	0.02893	0.02367	0.01052	0.00789	0.00263	0.00614	0.00877	0.00789	0.01227
76	0.18129	0.01789	0.01936	0.01513	0.02100	0.01903	0.01250	0.34794	0.02765	0.23143	0.02055	0.01968	0.01398	0.00897	0.00718	0.00236	0.00746	0.00666	0.00770	0.01223
77	0.00945	0.00675	0.00900	0.01080	0.01125	0.00630	0.00720	0.01080	0.01484	0.01979	0.04274	0.72245	0.05128	0.02429	0.00990	0.00315	0.00450	0.02204	0.00720	0.00630
78	0.01464	0.01378	0.02326	0.70887	0.05340	0.01723	0.02153	0.01981	0.01550	0.01981	0.01378	0.02067	0.01034	0.00775	0.00775	0.00258	0.01034	0.00689	0.00345	0.00861
79	0.01766	0.01500	0.02505	0.46616	0.22221	0.01704	0.02126	0.02249	0.01668	0.07985	0.01548	0.02077	0.01165	0.00768	0.00774	0.00249	0.00970	0.00698	0.00409	0.01002
80	0.00945	0.00675	0.00900	0.01080	0.01125	0.00630	0.00720	0.01080	0.01484	0.01979	0.04274	0.72245	0.05128	0.02429	0.00990	0.00315	0.00450	0.02204	0.00720	0.00630
81	0.02073	0.73217	0.04063	0.01327	0.01990	0.03068	0.01327	0.02322	0.01575	0.01824	0.01078	0.01244	0.00995	0.00663	0.00498	0.00166	0.00829	0.00415	0.00332	0.00995
82	0.00944	0.00679	0.00895	0.01068	0.01122	0.00631	0.00715	0.01081	0.01495	0.01984	0.04409	0.69787	0.07498	0.02411	0.00987	0.00313	0.00448	0.02183	0.00720	0.00631
83	0.04526	0.01847	0.02566	0.42477	0.04310	0.09595	0.10229	0.10650	0.01933	0.02478	0.01437	0.01939	0.01080	0.00781	0.00775	0.00248	0.01072	0.00689	0.00419	0.00950
84	0.78228	0.01499	0.01140	0.01020	0.01499	0.01739	0.00840	0.02279	0.01320	0.03479	0.01080	0.01260	0.00840	0.00720	0.00480	0.00240	0.00600	0.00420	0.00480	0.00840
85	0.00945	0.00675	0.00900	0.01080	0.01125	0.00630	0.00720	0.01080	0.01484	0.01979	0.04274	0.72245	0.05128	0.02429	0.00990	0.00315	0.00450	0.02204	0.00720	0.00630
86	0.02073	0.73217	0.04063	0.01327	0.01990	0.03068	0.01327	0.02322	0.01575	0.01824	0.01078	0.01244	0.00995	0.00663	0.00498	0.00166	0.00829	0.00415	0.00332	0.00995
87	0.02947	0.02172	0.02327	0.01784	0.02404	0.02404	0.01474	0.65329	0.03646	0.04887	0.01862	0.01862	0.01319	0.00931	0.00776	0.00233	0.00853	0.00698	0.00776	0.01319
88	0.00945	0.00675	0.00900	0.01080	0.01125	0.00630	0.00720	0.01080	0.01484	0.01979	0.04274	0.72245	0.05128	0.02429	0.00990	0.00315	0.00450	0.02204	0.00720	0.00630
89	0.01128	0.00752	0.00846	0.00846	0.00846	0.00752	0.00470	0.01128	0.01128	0.01503	0.02443	0.05074	0.02819	0.72751	0.03946	0.00752	0.00752	0.01128	0.00470	0.00470
90	0.01249	0.00892	0.01249	0.01428	0.01606	0.00892	0.01249	0.01606	0.01785	0.02320	0.04105	0.08746	0.04462	0.02142	0.01071	0.00357	0.00714	0.62695	0.00714	0.00714
91	0.02947	0.02172	0.02327	0.01784	0.02404	0.02404	0.01474	0.65329	0.03646	0.04887	0.01862	0.01862	0.01319	0.00931	0.00776	0.00233	0.00853	0.00698	0.00776	0.01319
92	0.78228	0.01499	0.01140	0.01020	0.01499	0.01739	0.00840	0.02279	0.01320	0.03479	0.01080	0.01260	0.00840	0.00720	0.00480	0.00240	0.00600	0.00420	0.00480	0.00840
93	0.03220	0.01323	0.01756	0.01376	0.01940	0.01188	0.01126	0.03689	0.07879	0.59345	0.06386	0.02824	0.02237	0.01000	0.00787	0.00242	0.00641	0.00820	0.00939	0.01281
94	0.01128	0.00752	0.00846	0.00846	0.00846	0.00752	0.00470	0.01128	0.01128	0.01503	0.02443	0.05074	0.02819	0.72751	0.03946	0.00752	0.00752	0.01128	0.00470	0.00470
95	0.00945	0.00675	0.00900	0.01080	0.01125	0.00630	0.00720	0.01080	0.01484	0.01979	0.04274	0.72245	0.05128	0.02429	0.00990	0.00315	0.00450	0.02204	0.00720	0.00630
96	0.02870	0.02097	0.02244	0.01729	0.02327	0.02318	0.01426	0.62057	0.03542	0.04784	0.01896	0.01915	0.01353	0.00929	0.00764	0.00230	0.00828	0.00699	0.04704	0.01288
97	0.01594	0.01533	0.02612	0.48933	0.18358	0.01803	0.05215	0.02082	0.01585	0.02115	0.01380	0.02012	0.01081	0.00790	0.00899	0.00258	0.05747	0.00700	0.00355	0.00947
98	0.01584	0.03825	0.62828	0.02370	0.06148	0.01810	0.05854	0.02454	0.01652	0.02460	0.01403	0.01671	0.01002	0.00731	0.00747	0.00246	0.01144	0.00595	0.00333	0.01145
99	0.01625	0.13329	0.60026	0.02091	0.03172	0.01971	0.02658	0.02437	0.01629	0.02370	0.01349	0.01584	0.00984	0.00727	0.00704	0.00235	0.01103	0.00552	0.00328	0.01126
100	0.01852	0.01741	0.02407	0.02024	0.02148	0.02295	0.04226	0.10536	0.01576	0.02324	0.01296	0.02056	0.01222	0.01306	0.02170	0.00322	0.55649	0.03518	0.00418	0.00914
101	0.01464	0.01378	0.02326	0.70887	0.05340	0.01723	0.02153	0.01981	0.01550	0.01981	0.01378	0.02067	0.01034	0.00775	0.00775	0.00258	0.01034	0.00689	0.00345	0.00861
102	0.01616	0.01678	0.03221	0.26791	0.04027	0.01815	0.30130	0.02130	0.01654	0.02234	0.03988	0.05566	0.01524	0.00897	0.01057	0.00271	0.09183	0.00888	0.00402	0.00926
103	0.01796	0.02343	0.13270	0.03183	0.06485	0.01934	0.54126	0.02476	0.01801	0.02482	0.01540	0.02023	0.01152	0.00666	0.00885	0.00258	0.01270	0.00859	0.00383	0.01067
104	0.01089	0.00792	0.01025	0.00967	0.01153	0.00728	0.00725	0.01447	0.02175	0.03062	0.64707	0.05870	0.10143	0.01603	0.00915	0.00245	0.00367	0.01413	0.00847	0.00728
105	0.03837	0.01465	0.02512	0.48294	0.07257	0.01696	0.10448	0.04049	0.01642	0.02204	0.01591	0.05686	0.01311	0.01043	0.03523	0.00298	0.01058	0.00795	0.00393	0.00897
106	0.02331	0.01619	0.01869	0.04384	0.05038	0.04381	0.01278	0.22447	0.11127	0.15097	0.10280	0.07961	0.02579	0.01373	0.04356	0.00297	0.00793	0.00933	0.00747	0.01113
107	0.03291	0.01328	0.01775	0.01373	0.01946	0.01177	0.01129	0.06793	0.02291	0.60786	0.07328	0.02811	0.02251	0.01000	0.00789	0.00240	0.00650	0.00817	0.00943	0.01280
108	0.01074	0.00713	0.00941	0.01082	0.01165	0.00657	0.00736	0.01220	0.01534	0.05407	0.04364	0.65892	0.07632	0.02334	0.00976	0.00309	0.00458	0.02107	0.00732	0.00666
109	0.08740	0.01634	0.04842	0.07947	0.09689	0.01654	0.01388	0.21614	0.05221	0.05448	0.04614	0.08768	0.04360	0.01063	0.00750	0.00241	0.00723	0.00876	0.09389	0.01037
110	0.43032	0.01975	0.01743	0.05268	0.07788	0.15019	0.01282	0.02378	0.01524	0.02803	0.01143	0.01443	0.00938	0.00818	0.00830	0.00245	0.09947	0.00506	0.00431	0.00888

[dist]
# distance from previous block
# <min> <max>
0	56

[block]
# block no. 2 follows, 25 sequences, length 13
# corresponding to MSA columns:
# 260-272
name=unknown_C
#
# <colnr> <probs for GDERKNQSTAVLIFYWHMCP>
#	G	D	E	R	K	N	Q	S	T	A	V	L	I	F	Y	W	H	M	C	P
0	0.00945	0.00675	0.00900	0.01080	0.01125	0.00630	0.00720	0.01080	0.01484	0.01979	0.04274	0.72245	0.05128	0.02429	0.00990	0.00315	0.00450	0.02204	0.00720	0.00630
1	0.05307	0.03701	0.59517	0.02326	0.06618	0.01806	0.05221	0.02444	0.01636	0.02510	0.01387	0.01651	0.00996	0.00730	0.00733	0.00245	0.01114	0.00585	0.00340	0.01131
2	0.02219	0.09002	0.41686	0.01868	0.02797	0.01695	0.02179	0.02871	0.01819	0.23672	0.01902	0.01927	0.01285	0.00802	0.00730	0.00237	0.00962	0.00626	0.00532	0.01189
3	0.01262	0.00994	0.01175	0.01240	0.01412	0.01048	0.00883	0.02060	0.22443	0.02387	0.03913	0.49893	0.04238	0.01985	0.00925	0.00298	0.00503	0.01776	0.00742	0.00822
4	0.05635	0.64707	0.03789	0.01363	0.01998	0.07999	0.01317	0.02378	0.01610	0.01906	0.01087	0.01256	0.00988	0.00676	0.00512	0.00172	0.00861	0.00421	0.00344	0.00981
5	0.01074	0.00674	0.00935	0.01057	0.01088	0.00644	0.00705	0.01057	0.01332	0.01775	0.03330	0.49720	0.03909	0.02514	0.01647	0.25172	0.00522	0.01711	0.00596	0.00535
6	0.02947	0.02172	0.02327	0.01784	0.02404	0.02404	0.01474	0.65329	0.03646	0.04887	0.01862	0.01862	0.01319	0.00931	0.00776	0.00233	0.00853	0.00698	0.00776	0.01319
7	0.04806	0.40733	0.02722	0.01201	0.01703	0.08255	0.01085	0.02000	0.01683	0.01984	0.03273	0.03262	0.22456	0.01097	0.00650	0.00203	0.00731	0.00816	0.00469	0.00870
8	0.01004	0.00700	0.00882	0.01004	0.01035	0.00669	0.00639	0.01095	0.01369	0.01826	0.03684	0.50596	0.04384	0.25094	0.01943	0.00456	0.00547	0.01857	0.00639	0.00578
9	0.01611	0.01528	0.02590	0.49574	0.25508	0.01761	0.02226	0.02109	0.01620	0.02159	0.01404	0.02019	0.01096	0.00748	0.00773	0.00249	0.00997	0.00690	0.00357	0.00980
10	0.01185	0.00780	0.01170	0.01170	0.01264	0.00874	0.00874	0.01264	0.01170	0.01654	0.01842	0.02824	0.01748	0.04809	0.48198	0.25803	0.01625	0.00780	0.00390	0.00578
11	0.01761	0.00883	0.01190	0.01176	0.01400	0.00794	0.00855	0.01950	0.01721	0.23403	0.03882	0.49811	0.04094	0.01956	0.00922	0.00291	0.00518	0.01745	0.00797	0.00852
12	0.02619	0.02009	0.02142	0.01718	0.02279	0.02251	0.01394	0.45601	0.23908	0.04357	0.02279	0.02194	0.01656	0.00970	0.00780	0.00242	0.00776	0.00756	0.00780	0.01289

[dist]
# distance from previous block
# <min> <max>
0	1

[block]
# block no. 3 follows, 25 sequences, length 11
# corresponding to MSA columns:
# 274-284
name=unknown_D
#
# <colnr> <probs for GDERKNQSTAVLIFYWHMCP>
#	G	D	E	R	K	N	Q	S	T	A	V	L	I	F	Y	W	H	M	C	P
0	0.02073	0.73217	0.04063	0.01327	0.01990	0.03068	0.01327	0.02322	0.01575	0.01824	0.01078	0.01244	0.00995	0.00663	0.00498	0.00166	0.00829	0.00415	0.00332	0.00995
1	0.00947	0.00707	0.00881	0.01006	0.01109	0.00641	0.00690	0.01109	0.01590	0.02070	0.08693	0.53467	0.19722	0.02273	0.00968	0.00299	0.00432	0.02027	0.00727	0.00641
2	0.02039	0.01754	0.01990	0.01717	0.02083	0.02109	0.01376	0.13445	0.41269	0.03189	0.02452	0.02450	0.01886	0.01103	0.01193	0.00276	0.17032	0.00802	0.00683	0.01154
3	0.01217	0.01503	0.16572	0.01174	0.01441	0.00988	0.01037	0.01433	0.01264	0.01748	0.02292	0.07685	0.02511	0.52504	0.03053	0.00612	0.00828	0.01054	0.00450	0.00635
4	0.02424	0.02799	0.01957	0.01782	0.02139	0.44869	0.01357	0.06963	0.06186	0.02163	0.01572	0.01907	0.01325	0.01986	0.16687	0.00448	0.01469	0.00614	0.00453	0.00900
5	0.01931	0.01365	0.02204	0.54788	0.04562	0.01588	0.01919	0.02397	0.01705	0.17377	0.01767	0.02200	0.01239	0.00818	0.00776	0.00254	0.00947	0.00710	0.00487	0.00967
6	0.01085	0.01453	0.16605	0.01327	0.01637	0.00902	0.01210	0.01400	0.01534	0.02095	0.03788	0.52605	0.07336	0.02014	0.00927	0.00296	0.00608	0.01798	0.00629	0.00751
7	0.01929	0.01666	0.01753	0.01578	0.02016	0.01929	0.01227	0.04120	0.66513	0.03243	0.03156	0.02893	0.02367	0.01052	0.00789	0.00263	0.00614	0.00877	0.00789	0.01227
8	0.57853	0.01504	0.01292	0.01112	0.01595	0.01688	0.00912	0.09710	0.01686	0.07970	0.01667	0.01766	0.04016	0.00824	0.00557	0.00238	0.00615	0.00543	0.03537	0.00916
9	0.01445	0.00723	0.00723	0.00723	0.00903	0.00723	0.00542	0.01807	0.01626	0.02891	0.02529	0.02891	0.01987	0.00903	0.00542	0.00181	0.00361	0.00723	0.77055	0.00723
10	0.01922	0.01424	0.01518	0.01366	0.01756	0.01596	0.01063	0.03561	0.47119	0.07589	0.03004	0.02875	0.02249	0.01011	0.00731	0.00242	0.00558	0.00834	0.18465	0.01117

[dist]
# distance from previous block
# <min> <max>
0	2

[block]
# block no. 4 follows, 25 sequences, length 7
# corresponding to MSA columns:
# 287-293
name=unknown_E
#
# <colnr> <probs for GDERKNQSTAVLIFYWHMCP>
#	G	D	E	R	K	N	Q	S	T	A	V	L	I	F	Y	W	H	M	C	P
0	0.01606	0.01409	0.01798	0.01326	0.01973	0.01129	0.05695	0.02062	0.05152	0.02533	0.01647	0.05561	0.01434	0.00707	0.00634	0.00145	0.00624	0.00611	0.00487	0.63469
1	0.06654	0.01546	0.02542	0.43427	0.15898	0.01824	0.06054	0.02093	0.01556	0.02199	0.01350	0.01953	0.01063	0.00805	0.00936	0.00260	0.07856	0.00685	0.00363	0.00936
2	0.00945	0.00675	0.00900	0.01080	0.01125	0.00630	0.00720	0.01080	0.01484	0.01979	0.04274	0.72245	0.05128	0.02429	0.00990	0.00315	0.00450	0.02204	0.00720	0.00630
3	0.01455	0.01249	0.01989	0.46363	0.09691	0.01471	0.01734	0.01875	0.01520	0.02079	0.01680	0.02577	0.01421	0.10806	0.01186	0.00315	0.00899	0.00755	0.10114	0.00822
4	0.01690	0.01546	0.02324	0.43036	0.09850	0.01881	0.01948	0.06334	0.10707	0.02377	0.01622	0.02113	0.01253	0.00883	0.00981	0.00264	0.09066	0.00715	0.00437	0.00972
5	0.00945	0.00675	0.00900	0.01080	0.01125	0.00630	0.00720	0.01080	0.01484	0.01979	0.04274	0.72245	0.05128	0.02429	0.00990	0.00315	0.00450	0.02204	0.00720	0.00630
6	0.02828	0.01765	0.02041	0.01605	0.02153	0.01879	0.01317	0.40567	0.02944	0.20833	0.02200	0.02227	0.01560	0.01618	0.10371	0.00376	0.00974	0.00738	0.00773	0.01232

[dist]
# distance from previous block
# <min> <max>
5	47

[block]
# block no. 5 follows, 25 sequences, length 15
# corresponding to MSA columns:
# 341-355
name=unknown_F
#
# <colnr> <probs for GDERKNQSTAVLIFYWHMCP>
#	G	D	E	R	K	N	Q	S	T	A	V	L	I	F	Y	W	H	M	C	P
0	0.00923	0.00758	0.00814	0.00859	0.01067	0.00648	0.00622	0.01104	0.01697	0.02066	0.06958	0.23678	0.51962	0.02080	0.00935	0.00275	0.00407	0.01779	0.00720	0.00648
1	0.03448	0.01370	0.01830	0.01403	0.02004	0.01214	0.01159	0.07388	0.02303	0.64723	0.02989	0.02593	0.01884	0.00958	0.00779	0.00239	0.00671	0.00775	0.00949	0.01319
2	0.01716	0.00894	0.01084	0.00979	0.01129	0.00849	0.00637	0.01791	0.01401	0.18261	0.02597	0.04465	0.02594	0.54781	0.03154	0.00624	0.00729	0.01040	0.00592	0.00683
3	0.01402	0.03176	0.51754	0.01927	0.02797	0.01508	0.02328	0.02111	0.01599	0.02336	0.02113	0.19311	0.02020	0.01160	0.00800	0.00263	0.00972	0.00981	0.00426	0.01017
4	0.01583	0.01107	0.01216	0.01081	0.01236	0.01165	0.00721	0.17198	0.01758	0.02350	0.02297	0.04270	0.02443	0.54774	0.03153	0.00622	0.00777	0.01020	0.00546	0.00682
5	0.01957	0.55235	0.03448	0.01282	0.01952	0.02559	0.01225	0.02229	0.01584	0.02000	0.01153	0.01335	0.01033	0.00641	0.00517	0.00153	0.00765	0.00426	0.00364	0.20143
6	0.01943	0.01577	0.01788	0.01308	0.01979	0.01377	0.01058	0.17816	0.02118	0.03117	0.01499	0.01671	0.01191	0.00663	0.00625	0.00144	0.00644	0.00519	0.00539	0.58424
7	0.01568	0.01166	0.01517	0.01381	0.01640	0.01328	0.01095	0.17390	0.01847	0.02573	0.02023	0.02750	0.01783	0.04593	0.52431	0.00992	0.01771	0.00798	0.00506	0.00849
8	0.06440	0.01437	0.02349	0.57237	0.04766	0.01727	0.06099	0.04262	0.01626	0.02213	0.01484	0.04327	0.01176	0.00824	0.00772	0.00258	0.00998	0.00737	0.00384	0.00881
9	0.73990	0.01461	0.01134	0.01017	0.01481	0.01684	0.00834	0.02234	0.01368	0.03458	0.04729	0.01509	0.01196	0.00767	0.00504	0.00240	0.00587	0.00474	0.00500	0.00834
10	0.01558	0.00823	0.00947	0.08020	0.01421	0.00849	0.00741	0.01932	0.01650	0.06354	0.02439	0.02792	0.01885	0.00893	0.00579	0.00192	0.00447	0.00722	0.64987	0.00769
11	0.01706	0.01375	0.01618	0.01161	0.01845	0.01039	0.00930	0.02048	0.01640	0.05974	0.01466	0.01662	0.01189	0.00594	0.00585	0.00121	0.00579	0.00476	0.00486	0.73507
12	0.01451	0.00915	0.01179	0.01065	0.01317	0.00860	0.00815	0.01925	0.06317	0.11362	0.55253	0.05208	0.06318	0.01472	0.00889	0.00245	0.00419	0.01290	0.00863	0.00838
13	0.78228	0.01499	0.01140	0.01020	0.01499	0.01739	0.00840	0.02279	0.01320	0.03479	0.01080	0.01260	0.00840	0.00720	0.00480	0.00240	0.00600	0.00420	0.00480	0.00840
14	0.02198	0.19301	0.02196	0.01282	0.01818	0.01663	0.01093	0.06278	0.06779	0.18218	0.07197	0.02594	0.02074	0.02820	0.00763	0.00214	0.00659	0.02710	0.04785	0.15359

[dist]
# distance from previous block
# <min> <max>
0	2

[block]
# block no. 6 follows, 25 sequences, length 148
# corresponding to MSA columns:
# 358-505
name=unknown_G
#
# <colnr> <probs for GDERKNQSTAVLIFYWHMCP>
#	G	D	E	R	K	N	Q	S	T	A	V	L	I	F	Y	W	H	M	C	P
0	0.15397	0.52987	0.03315	0.01311	0.01891	0.05147	0.01240	0.02296	0.01561	0.02163	0.03413	0.01428	0.01191	0.00736	0.00591	0.00189	0.03352	0.00463	0.00379	0.00950
1	0.02883	0.02110	0.02258	0.01738	0.02340	0.02332	0.01434	0.62602	0.03559	0.04801	0.01890	0.01906	0.01347	0.00930	0.00766	0.00230	0.00832	0.00699	0.04050	0.01293
2	0.02947	0.02172	0.02327	0.01784	0.02404	0.02404	0.01474	0.65329	0.03646	0.04887	0.01862	0.01862	0.01319	0.00931	0.00776	0.00233	0.00853	0.00698	0.00776	0.01319
3	0.03479	0.01320	0.01799	0.01380	0.01979	0.01140	0.01140	0.03779	0.02219	0.68451	0.03059	0.02639	0.01919	0.00960	0.00780	0.00240	0.00660	0.00780	0.00960	0.01320
4	0.00974	0.00701	0.00930	0.01102	0.01170	0.00657	0.00767	0.01134	0.01527	0.02019	0.04414	0.63025	0.07809	0.02380	0.00995	0.00317	0.00474	0.08247	0.00719	0.00639
5	0.00958	0.00685	0.00911	0.01071	0.01128	0.00639	0.00721	0.01113	0.01546	0.02077	0.09727	0.66513	0.05317	0.02356	0.00983	0.00309	0.00443	0.02135	0.00731	0.00639
6	0.02947	0.02172	0.02327	0.01784	0.02404	0.02404	0.01474	0.65329	0.03646	0.04887	0.01862	0.01862	0.01319	0.00931	0.00776	0.00233	0.00853	0.00698	0.00776	0.01319
7	0.00945	0.00675	0.00900	0.01080	0.01125	0.00630	0.00720	0.01080	0.01484	0.01979	0.04274	0.72245	0.05128	0.02429	0.00990	0.00315	0.00450	0.02204	0.00720	0.00630
8	0.01464	0.01378	0.02326	0.70887	0.05340	0.01723	0.02153	0.01981	0.01550	0.01981	0.01378	0.02067	0.01034	0.00775	0.00775	0.00258	0.01034	0.00689	0.00345	0.00861
9	0.02896	0.03695	0.02197	0.01998	0.02397	0.69638	0.01498	0.03096	0.02197	0.01898	0.01199	0.01398	0.00999	0.00799	0.00699	0.00200	0.01398	0.00499	0.00400	0.00899
10	0.00945	0.00675	0.00900	0.01080	0.01125	0.00630	0.00720	0.01080	0.01484	0.01979	0.04274	0.72245	0.05128	0.02429	0.00990	0.00315	0.00450	0.02204	0.00720	0.00630
11	0.01420	0.01295	0.02081	0.35147	0.13878	0.01512	0.01763	0.01793	0.01532	0.02058	0.02129	0.20733	0.02156	0.01259	0.01000	0.00277	0.07568	0.01093	0.00450	0.00857
12	0.01672	0.01607	0.02452	0.51412	0.14873	0.05048	0.02112	0.04524	0.01680	0.02171	0.01385	0.01987	0.01073	0.00795	0.00848	0.00254	0.04118	0.00680	0.00370	0.00938
13	0.00959	0.00681	0.00895	0.01061	0.01102	0.00640	0.00700	0.01083	0.01456	0.01941	0.04127	0.66854	0.04943	0.08073	0.01227	0.00350	0.00474	0.02118	0.00700	0.00617
14	0.00950	0.00679	0.00904	0.01076	0.01126	0.00633	0.00720	0.01092	0.01508	0.02017	0.06364	0.70048	0.05201	0.02401	0.00987	0.00313	0.00447	0.02178	0.00724	0.00633
15	0.08008	0.01666	0.02484	0.05811	0.02680	0.01773	0.19431	0.03140	0.30667	0.06262	0.02518	0.06213	0.02011	0.00994	0.00817	0.00265	0.00830	0.02716	0.00629	0.01083
16	0.01663	0.06563	0.47728	0.02595	0.08998	0.01892	0.14821	0.02448	0.01683	0.02439	0.01417	0.01732	0.01042	0.00713	0.00763	0.00244	0.01144	0.00642	0.00345	0.01127
17	0.01784	0.02102	0.06742	0.03139	0.03906	0.01900	0.60189	0.02425	0.01809	0.02462	0.01674	0.04973	0.01333	0.00730	0.00912	0.00263	0.01266	0.00956	0.00403	0.01032
18	0.02470	0.01598	0.02331	0.10426	0.24128	0.01618	0.01690	0.10970	0.05255	0.24455	0.05505	0.02410	0.01812	0.00883	0.00782	0.00239	0.00796	0.00766	0.00662	0.01203
19	0.10760	0.01858	0.02035	0.01625	0.02128	0.02073	0.01328	0.41150	0.05181	0.09722	0.01944	0.04813	0.01492	0.01070	0.00970	0.02800	0.06434	0.00742	0.00709	0.01166
20	0.01979	0.01691	0.01781	0.01588	0.02035	0.01952	0.01239	0.07135	0.63417	0.03324	0.03092	0.02842	0.02315	0.01046	0.00788	0.00261	0.00625	0.00868	0.00788	0.01232
21	0.01008	0.00721	0.00970	0.01132	0.01210	0.00682	0.00812	0.01198	0.01588	0.02121	0.08913	0.56444	0.05175	0.02318	0.00998	0.00317	0.00489	0.12524	0.00729	0.00652
22	0.01417	0.01251	0.02027	0.31272	0.10161	0.01397	0.04850	0.01864	0.01792	0.02479	0.23524	0.03320	0.03202	0.01059	0.00886	0.00250	0.03481	0.00940	0.03970	0.00859
23	0.12296	0.01727	0.05326	0.01491	0.02099	0.01624	0.01283	0.22349	0.02516	0.35700	0.04210	0.02270	0.01709	0.00928	0.00743	0.00238	0.00729	0.00718	0.00809	0.01235
24	0.00945	0.00675	0.00900	0.01080	0.01125	0.00630	0.00720	0.01080	0.01484	0.01979	0.04274	0.72245	0.05128	0.02429	0.00990	0.00315	0.00450	0.02204	0.00720	0.00630
25	0.02139	0.67638	0.03913	0.01381	0.02023	0.08411	0.01340	0.02384	0.01625	0.01830	0.01088	0.01256	0.00995	0.00674	0.00514	0.00169	0.00875	0.00421	0.00337	0.00987
26	0.00943	0.00682	0.00892	0.01061	0.01120	0.00631	0.00712	0.01082	0.01502	0.01987	0.04499	0.68162	0.09065	0.02400	0.00985	0.00312	0.00446	0.02168	0.00720	0.00631
27	0.08989	0.02118	0.02232	0.01723	0.02332	0.02351	0.01423	0.60269	0.03459	0.04774	0.01799	0.01813	0.01280	0.00914	0.00752	0.00233	0.00833	0.00676	0.00752	0.01280
28	0.01464	0.01378	0.02326	0.70887	0.05340	0.01723	0.02153	0.01981	0.01550	0.01981	0.01378	0.02067	0.01034	0.00775	0.00775	0.00258	0.01034	0.00689	0.00345	0.00861
29	0.01929	0.01666	0.01753	0.01578	0.02016	0.01929	0.01227	0.04120	0.66513	0.03243	0.03156	0.02893	0.02367	0.01052	0.00789	0.00263	0.00614	0.00877	0.00789	0.01227
30	0.16805	0.01975	0.02064	0.01609	0.02202	0.02174	0.01329	0.48485	0.03097	0.10076	0.01821	0.01818	0.01282	0.00895	0.00722	0.00235	0.00790	0.00654	0.00737	0.01231
31	0.00926	0.00786	0.00798	0.00795	0.01053	0.00659	0.00596	0.01131	0.01789	0.02147	0.10945	0.07375	0.64476	0.01944	0.00916	0.00261	0.00391	0.01624	0.00727	0.00659
32	0.01971	0.01686	0.01777	0.01586	0.02032	0.01948	0.01237	0.06649	0.63916	0.03311	0.03102	0.02850	0.02324	0.01047	0.00788	0.00262	0.00624	0.00869	0.00788	0.01231
33	0.01608	0.01378	0.01608	0.01148	0.01837	0.01034	0.00919	0.01952	0.01608	0.02527	0.01378	0.01608	0.01148	0.00574	0.00574	0.00115	0.00574	0.00459	0.00459	0.77491
34	0.01590	0.06195	0.63456	0.02303	0.06401	0.01845	0.02791	0.02447	0.01641	0.02438	0.01384	0.01637	0.00994	0.00732	0.00730	0.00242	0.01125	0.00573	0.00330	0.01145
