[name]
unknown

[dist]
# distance from previous block
# <min> <max>
0	14

[block]
# block no. 0 follows, 22 sequences, length 7
# corresponding to MSA columns:
# 14-20
name=unknown_A
#
# <colnr> <probs for GDERKNQSTAVLIFYWHMCP>
#	G	D	E	R	K	N	Q	S	T	A	V	L	I	F	Y	W	H	M	C	P
0	0.04475	0.01367	0.02055	0.29370	0.08822	0.01538	0.01756	0.06430	0.01844	0.04984	0.02235	0.03830	0.02048	0.01439	0.01206	0.10170	0.00923	0.14081	0.00526	0.00902
1	0.28611	0.01843	0.02606	0.03673	0.42840	0.01935	0.01962	0.02511	0.01722	0.03075	0.01418	0.01805	0.01168	0.00751	0.00713	0.00250	0.00864	0.00637	0.00448	0.01168
2	0.01602	0.01506	0.02474	0.45578	0.18608	0.01725	0.02143	0.02097	0.01743	0.02272	0.02403	0.02935	0.09543	0.00977	0.00849	0.00271	0.00991	0.00871	0.00431	0.00982
3	0.01905	0.01819	0.03098	0.24898	0.47007	0.01934	0.02474	0.02417	0.01820	0.02530	0.01536	0.02105	0.01251	0.00768	0.00825	0.00256	0.01024	0.00740	0.00398	0.01194
4	0.01684	0.01591	0.02656	0.42941	0.24921	0.01802	0.02261	0.02192	0.01754	0.02325	0.02023	0.02595	0.05973	0.00896	0.00839	0.00267	0.01017	0.00815	0.00413	0.01035
5	0.11563	0.07563	0.02194	0.14694	0.09636	0.06545	0.01550	0.03919	0.01645	0.02386	0.01684	0.05279	0.01524	0.02155	0.14728	0.04499	0.06314	0.00765	0.00443	0.00914
6	0.02579	0.02063	0.02167	0.10510	0.02736	0.09457	0.01513	0.24774	0.14094	0.09017	0.02228	0.02336	0.01648	0.01249	0.04352	0.00307	0.00982	0.00764	0.03240	0.03984

[dist]
# distance from previous block
# <min> <max>
0	1

[block]
# block no. 1 follows, 22 sequences, length 11
# corresponding to MSA columns:
# 22-32
name=unknown_B
#
# <colnr> <probs for GDERKNQSTAVLIFYWHMCP>
#	G	D	E	R	K	N	Q	S	T	A	V	L	I	F	Y	W	H	M	C	P
0	0.10990	0.04609	0.02767	0.21512	0.35044	0.01903	0.02129	0.02335	0.01744	0.02610	0.01653	0.06056	0.01448	0.00879	0.00789	0.00259	0.00943	0.00789	0.00432	0.01110
1	0.02589	0.45253	0.09688	0.01529	0.02271	0.02577	0.01525	0.02938	0.01887	0.20006	0.01782	0.01792	0.01342	0.00807	0.00642	0.00208	0.00870	0.00570	0.00543	0.01179
2	0.01235	0.00979	0.01137	0.01167	0.01399	0.00955	0.00884	0.01816	0.11710	0.02605	0.14828	0.21501	0.25186	0.02028	0.00999	0.00304	0.00512	0.09138	0.00804	0.00813
3	0.01814	0.01698	0.02682	0.30020	0.24400	0.05319	0.05372	0.02193	0.01700	0.02234	0.01500	0.02174	0.01235	0.01119	0.01213	0.12180	0.01044	0.00738	0.00388	0.00976
4	0.10826	0.01141	0.01320	0.10582	0.01919	0.01295	0.01029	0.05586	0.01763	0.03023	0.02171	0.02621	0.01723	0.01269	0.04721	0.00295	0.05124	0.00732	0.42006	0.00855
5	0.01553	0.01075	0.01456	0.09439	0.02014	0.01008	0.01076	0.01932	0.02079	0.09014	0.32537	0.10393	0.05031	0.01470	0.00907	0.00255	0.00575	0.04722	0.00771	0.12696
6	0.01656	0.01176	0.01338	0.01225	0.01421	0.01223	0.00857	0.16778	0.02078	0.02796	0.08918	0.17979	0.03590	0.32483	0.02406	0.00516	0.00726	0.01358	0.00681	0.00795
7	0.01516	0.01045	0.01156	0.01065	0.01169	0.01085	0.00673	0.10931	0.01634	0.02182	0.02519	0.04894	0.02767	0.59794	0.03693	0.00718	0.00823	0.01136	0.00555	0.00647
8	0.01660	0.01395	0.01623	0.01191	0.01839	0.01070	0.00926	0.01984	0.01660	0.02573	0.01616	0.02177	0.01449	0.09196	0.01057	0.00206	0.00638	0.00580	0.00494	0.66667
9	0.02315	0.49062	0.07927	0.01585	0.02245	0.13077	0.01515	0.02616	0.01821	0.04733	0.01489	0.05506	0.01368	0.00864	0.00628	0.00202	0.00976	0.00599	0.00419	0.01052
10	0.02178	0.47292	0.05445	0.01440	0.02122	0.06179	0.01367	0.02489	0.01802	0.05007	0.05105	0.01770	0.01536	0.00778	0.00605	0.00182	0.00852	0.00542	0.00443	0.12864

[dist]
# distance from previous block
# <min> <max>
6	14

[block]
# block no. 2 follows, 22 sequences, length 24
# corresponding to MSA columns:
# 47-70
name=unknown_C
#
# <colnr> <probs for GDERKNQSTAVLIFYWHMCP>
#	G	D	E	R	K	N	Q	S	T	A	V	L	I	F	Y	W	H	M	C	P
0	0.05529	0.01287	0.05311	0.14053	0.02387	0.01222	0.01324	0.02016	0.07072	0.04910	0.03596	0.24228	0.07660	0.01692	0.00920	0.00302	0.00705	0.09418	0.05499	0.00870
1	0.02570	0.02466	0.12720	0.01888	0.02606	0.02252	0.01720	0.35756	0.16672	0.04240	0.02181	0.02179	0.01588	0.00964	0.00812	0.00250	0.00887	0.00750	0.00731	0.06768
2	0.02459	0.04490	0.02193	0.01658	0.02214	0.02056	0.01353	0.34957	0.04964	0.04018	0.04401	0.07080	0.01936	0.01091	0.00918	0.00237	0.05206	0.00840	0.02786	0.15145
3	0.02076	0.01529	0.01931	0.10925	0.06210	0.01646	0.01404	0.19150	0.09154	0.07839	0.12674	0.15786	0.03325	0.01390	0.00899	0.00276	0.00738	0.01198	0.00760	0.01090
4	0.02659	0.02005	0.02421	0.02263	0.09872	0.02138	0.01611	0.29077	0.02774	0.07580	0.02308	0.08218	0.02009	0.04712	0.01351	0.00331	0.10272	0.00955	0.00745	0.06697
5	0.02808	0.05673	0.02252	0.01695	0.02279	0.02129	0.01389	0.31234	0.17463	0.15140	0.07084	0.02668	0.02235	0.01068	0.00830	0.00255	0.00779	0.00846	0.00849	0.01326
6	0.03012	0.01750	0.02122	0.01839	0.05995	0.01796	0.01399	0.19465	0.16565	0.29975	0.05153	0.02748	0.02164	0.01050	0.00841	0.00260	0.00756	0.00855	0.00894	0.01362
7	0.01865	0.01646	0.02668	0.20586	0.34773	0.01749	0.02095	0.05767	0.01841	0.02517	0.01850	0.02418	0.04092	0.01132	0.01164	0.10604	0.00952	0.00782	0.00434	0.01063
8	0.02954	0.02597	0.11256	0.01974	0.02716	0.02488	0.01783	0.54608	0.03611	0.04879	0.01926	0.01962	0.01363	0.00969	0.00825	0.00251	0.00957	0.00730	0.00765	0.01387
9	0.01443	0.00722	0.01082	0.01082	0.01082	0.00722	0.00722	0.01082	0.01082	0.01443	0.01443	0.02525	0.01443	0.02886	0.03247	0.75830	0.00722	0.00722	0.00361	0.00361
10	0.01914	0.03605	0.48917	0.02462	0.07396	0.01890	0.05317	0.02895	0.06930	0.08158	0.01812	0.01997	0.01286	0.00830	0.00808	0.00264	0.01128	0.00684	0.00456	0.01252
11	0.01917	0.01784	0.02724	0.23618	0.26365	0.02050	0.02148	0.04893	0.11433	0.02647	0.01769	0.02231	0.01413	0.00935	0.01089	0.00277	0.10321	0.00769	0.00475	0.01143
12	0.01525	0.00838	0.00994	0.07471	0.01456	0.00872	0.00775	0.01826	0.01662	0.02782	0.04262	0.03025	0.02104	0.01239	0.00982	0.10559	0.00503	0.00785	0.55607	0.00732
13	0.76672	0.01607	0.01221	0.01092	0.01607	0.01864	0.00900	0.02442	0.01414	0.03727	0.01157	0.01350	0.00900	0.00771	0.00514	0.00257	0.00643	0.00450	0.00514	0.00900
14	0.02034	0.48668	0.25347	0.01741	0.02627	0.02828	0.01978	0.02536	0.01710	0.02183	0.01268	0.01475	0.01061	0.00737	0.00620	0.00207	0.01003	0.00502	0.00354	0.01121
15	0.18560	0.02176	0.02227	0.01740	0.02373	0.02427	0.01437	0.50195	0.03384	0.04920	0.01819	0.01859	0.01305	0.00950	0.00765	0.00251	0.00857	0.00685	0.00765	0.01305
16	0.01475	0.01014	0.01123	0.01044	0.01135	0.01048	0.00651	0.09648	0.01577	0.02107	0.02532	0.04965	0.02800	0.61247	0.03763	0.00729	0.00820	0.01145	0.00548	0.00628
17	0.05193	0.00833	0.01109	0.06073	0.01564	0.00837	0.00905	0.01311	0.01564	0.02176	0.03959	0.55178	0.04641	0.02383	0.01158	0.05213	0.00561	0.03953	0.00701	0.00688
18	0.08666	0.41320	0.26116	0.01728	0.02604	0.02679	0.01959	0.02534	0.01687	0.02353	0.01274	0.01484	0.01046	0.00744	0.00622	0.00215	0.00987	0.00505	0.00368	0.01109
19	0.02344	0.01785	0.01920	0.01635	0.02148	0.01980	0.01295	0.16041	0.40598	0.07830	0.02960	0.02796	0.02189	0.01060	0.00813	0.00260	0.00692	0.00862	0.06253	0.04538
20	0.02041	0.01446	0.01716	0.01331	0.01943	0.01226	0.01052	0.07090	0.05036	0.11952	0.02293	0.11353	0.02011	0.01001	0.00736	0.00189	0.00635	0.00839	0.00651	0.45458
21	0.09252	0.01124	0.01400	0.01215	0.01564	0.01062	0.03041	0.01980	0.05283	0.05382	0.39288	0.07821	0.05394	0.01411	0.00874	0.00247	0.00513	0.01227	0.00791	0.11133
22	0.01349	0.01143	0.01481	0.04965	0.10356	0.01132	0.01119	0.01936	0.10495	0.02669	0.17106	0.14129	0.25505	0.01707	0.00944	0.00280	0.00567	0.01484	0.00741	0.00894
23	0.01968	0.02685	0.20351	0.03851	0.36283	0.04838	0.07713	0.02578	0.01851	0.02630	0.01520	0.01945	0.01218	0.00778	0.00888	0.00253	0.03674	0.00709	0.00398	0.03869

[dist]
# distance from previous block
# <min> <max>
14	31

[block]
# block no. 3 follows, 22 sequences, length 13
# corresponding to MSA columns:
# 102-114
name=unknown_D
#
# <colnr> <probs for GDERKNQSTAVLIFYWHMCP>
#	G	D	E	R	K	N	Q	S	T	A	V	L	I	F	Y	W	H	M	C	P
0	0.17342	0.06584	0.02148	0.08369	0.02392	0.01912	0.04306	0.07835	0.05610	0.11168	0.02234	0.04688	0.04482	0.01087	0.01050	0.00272	0.11489	0.00799	0.05196	0.01038
1	0.05721	0.15255	0.10351	0.06530	0.02572	0.12885	0.01629	0.06589	0.07107	0.07894	0.04684	0.02242	0.03474	0.00958	0.00858	0.00240	0.05050	0.00697	0.00545	0.04720
2	0.07225	0.09114	0.43073	0.02550	0.07476	0.02065	0.11931	0.02605	0.01765	0.02665	0.01473	0.01785	0.01092	0.00765	0.00780	0.00257	0.01169	0.00653	0.00378	0.01180
3	0.02070	0.43788	0.20387	0.01661	0.02449	0.06487	0.01799	0.02529	0.01749	0.02233	0.01380	0.01600	0.01151	0.00761	0.00617	0.00204	0.00973	0.00522	0.06563	0.01079
4	0.01904	0.07230	0.02045	0.01348	0.02027	0.01321	0.03854	0.02249	0.01748	0.07834	0.01692	0.02076	0.01417	0.05754	0.00906	0.00195	0.00696	0.00591	0.00523	0.54590
5	0.01235	0.01336	0.10340	0.01222	0.01568	0.00942	0.01099	0.01699	0.02244	0.03178	0.53352	0.05665	0.09742	0.01590	0.00953	0.00262	0.00512	0.01389	0.00828	0.00842
6	0.02022	0.18653	0.03233	0.02140	0.02500	0.09709	0.11693	0.02311	0.01628	0.02111	0.01475	0.06641	0.01426	0.01168	0.01574	0.00287	0.29253	0.00797	0.00407	0.00971
7	0.00982	0.00842	0.00842	0.00842	0.01122	0.00701	0.00631	0.01192	0.01894	0.02244	0.08416	0.07995	0.65285	0.02104	0.00982	0.00281	0.00421	0.01753	0.00771	0.00701
8	0.03295	0.01419	0.01858	0.01475	0.02047	0.01296	0.01198	0.08004	0.05139	0.51381	0.06286	0.07775	0.02558	0.01176	0.00859	0.00264	0.00688	0.00975	0.00982	0.01326
9	0.01443	0.00722	0.01082	0.01082	0.01082	0.00722	0.00722	0.01082	0.01082	0.01443	0.01443	0.02525	0.01443	0.02886	0.03247	0.75830	0.00722	0.00722	0.00361	0.00361
10	0.03061	0.02279	0.02439	0.01892	0.02539	0.02531	0.01556	0.57680	0.09236	0.05080	0.02117	0.02092	0.01512	0.01009	0.00832	0.00252	0.00891	0.00765	0.00832	0.01404
11	0.03098	0.06564	0.02596	0.01897	0.02549	0.06834	0.01571	0.55370	0.03672	0.04831	0.01898	0.01923	0.01370	0.00971	0.00808	0.00243	0.00951	0.00716	0.00776	0.01363
12	0.03158	0.02327	0.02493	0.01911	0.02576	0.02576	0.01579	0.62852	0.03906	0.05236	0.01995	0.01995	0.01413	0.00997	0.00831	0.00249	0.00914	0.00748	0.00831	0.01413

[dist]
# distance from previous block
# <min> <max>
0	1

[block]
# block no. 4 follows, 22 sequences, length 7
# corresponding to MSA columns:
# 116-122
name=unknown_E
#
# <colnr> <probs for GDERKNQSTAVLIFYWHMCP>
#	G	D	E	R	K	N	Q	S	T	A	V	L	I	F	Y	W	H	M	C	P
0	0.02080	0.54232	0.20187	0.01663	0.02505	0.02941	0.01841	0.02524	0.01705	0.02127	0.01241	0.01440	0.01063	0.00731	0.00598	0.00199	0.00975	0.00487	0.00354	0.01107
1	0.02422	0.06810	0.23826	0.01976	0.02781	0.05032	0.02000	0.28039	0.09393	0.03768	0.01927	0.02020	0.01409	0.00918	0.00788	0.00250	0.00993	0.00699	0.03674	0.01276
2	0.05899	0.13128	0.47140	0.02118	0.03172	0.02187	0.02556	0.09525	0.01974	0.02896	0.01485	0.01702	0.01088	0.00801	0.00744	0.00249	0.01114	0.00597	0.00415	0.01209
3	0.01765	0.08795	0.17595	0.05625	0.03408	0.01884	0.26807	0.02376	0.01806	0.02506	0.01890	0.09810	0.01673	0.00936	0.00857	0.00256	0.01107	0.00942	0.00445	0.09516
4	0.08312	0.10365	0.09107	0.01809	0.02529	0.02471	0.01635	0.42446	0.03144	0.04363	0.01760	0.01833	0.01289	0.00909	0.00759	0.00237	0.00909	0.00665	0.00688	0.04771
5	0.02297	0.48303	0.14062	0.01661	0.02447	0.02942	0.01715	0.13169	0.02090	0.02643	0.01357	0.01518	0.01125	0.00774	0.00627	0.00204	0.00948	0.00525	0.00439	0.01153
6	0.17329	0.14753	0.05224	0.08623	0.02704	0.16675	0.01575	0.08100	0.11214	0.03034	0.01814	0.02054	0.01456	0.00977	0.00770	0.00271	0.01031	0.00663	0.00580	0.01153

[dist]
# distance from previous block
# <min> <max>
8	44

[block]
# block no. 5 follows, 22 sequences, length 12
# corresponding to MSA columns:
# 168-179
name=unknown_F
#
# <colnr> <probs for GDERKNQSTAVLIFYWHMCP>
#	G	D	E	R	K	N	Q	S	T	A	V	L	I	F	Y	W	H	M	C	P
0	0.10666	0.01346	0.01742	0.17840	0.04773	0.01418	0.01337	0.06853	0.01878	0.07321	0.05226	0.06267	0.02025	0.01173	0.00948	0.05949	0.00749	0.02595	0.09027	0.10864
1	0.01903	0.01644	0.02263	0.17693	0.09374	0.01739	0.03585	0.11378	0.07840	0.02918	0.02064	0.09519	0.01817	0.01047	0.00914	0.00247	0.04519	0.00887	0.00560	0.18089
2	0.19012	0.01553	0.02064	0.25371	0.09825	0.01638	0.01610	0.02374	0.01696	0.07401	0.01545	0.01926	0.01181	0.00770	0.00705	0.00230	0.00840	0.00620	0.00485	0.19153
3	0.10918	0.01602	0.02155	0.24786	0.07356	0.01800	0.01675	0.08207	0.05254	0.11291	0.01866	0.02190	0.01385	0.00914	0.00910	0.00259	0.06025	0.00713	0.04316	0.06378
4	0.08864	0.01552	0.02139	0.06539	0.05736	0.01549	0.05915	0.02242	0.01658	0.07497	0.01672	0.04742	0.01426	0.01019	0.01161	0.04054	0.11579	0.00708	0.00502	0.29444
5	0.03876	0.01860	0.02563	0.09617	0.12369	0.03894	0.08527	0.09819	0.14045	0.03077	0.06108	0.02469	0.01919	0.00956	0.00966	0.00255	0.06053	0.00812	0.00583	0.10231
6	0.03096	0.01851	0.02389	0.01860	0.02480	0.06588	0.09432	0.10606	0.10189	0.36141	0.04646	0.02688	0.02036	0.01001	0.00853	0.00259	0.00867	0.00855	0.00853	0.01309
7	0.01777	0.01678	0.07833	0.06611	0.02300	0.01506	0.01435	0.07352	0.01930	0.06179	0.07029	0.09385	0.07119	0.01297	0.01142	0.00260	0.11816	0.03927	0.00598	0.18825
8	0.01910	0.01618	0.01623	0.01397	0.01755	0.07602	0.01087	0.15861	0.05061	0.03130	0.12191	0.04235	0.17001	0.06379	0.01239	0.00294	0.05875	0.01089	0.05402	0.05251
9	0.02056	0.05727	0.03463	0.10675	0.10796	0.02033	0.25709	0.13495	0.02312	0.03127	0.10095	0.02647	0.02139	0.00908	0.00892	0.00262	0.01066	0.00921	0.00551	0.01126
10	0.09837	0.11204	0.02477	0.01679	0.02301	0.02337	0.01416	0.37974	0.03026	0.12103	0.01981	0.02031	0.01441	0.01271	0.04954	0.00310	0.00942	0.00700	0.00739	0.01277
11	0.01865	0.01283	0.01795	0.01544	0.01878	0.01375	0.05714	0.12783	0.01965	0.08648	0.02303	0.03022	0.01950	0.07424	0.35357	0.00837	0.01557	0.00874	0.06883	0.00943

[dist]
# distance from previous block
# <min> <max>
0	15

[block]
# block no. 6 follows, 22 sequences, length 10
# corresponding to MSA columns:
# 195-204
name=unknown_G
#
# <colnr> <probs for GDERKNQSTAVLIFYWHMCP>
#	G	D	E	R	K	N	Q	S	T	A	V	L	I	F	Y	W	H	M	C	P
0	0.02006	0.09657	0.14460	0.03354	0.31647	0.02128	0.02211	0.03031	0.17646	0.02812	0.01968	0.02190	0.01552	0.00844	0.00792	0.00251	0.00936	0.00737	0.00505	0.01273
1	0.14568	0.52623	0.10387	0.01466	0.02199	0.02907	0.01508	0.02495	0.01649	0.02321	0.01191	0.01380	0.01037	0.00729	0.00557	0.00200	0.00883	0.00463	0.00381	0.01055
2	0.01958	0.39491	0.33859	0.01871	0.02827	0.02642	0.02204	0.02556	0.01719	0.02276	0.01314	0.01533	0.01060	0.00748	0.00655	0.00218	0.01050	0.00525	0.00353	0.01143
3	0.01149	0.00837	0.01068	0.01156	0.01282	0.00767	0.00800	0.01314	0.01570	0.02130	0.03909	0.46780	0.04569	0.13730	0.01549	0.00397	0.00575	0.07134	0.00697	0.08587
4	0.01950	0.01629	0.02345	0.01717	0.02397	0.01413	0.11349	0.02353	0.01780	0.08319	0.01637	0.01916	0.01297	0.00742	0.00887	0.00183	0.06968	0.00626	0.00517	0.49975
5	0.02131	0.01488	0.01599	0.01389	0.01769	0.07226	0.01081	0.06961	0.11831	0.15854	0.33293	0.04342	0.04822	0.01353	0.00899	0.00258	0.00632	0.01144	0.00877	0.01050
6	0.00982	0.00842	0.00842	0.00842	0.01122	0.00701	0.00631	0.01192	0.01894	0.02244	0.08416	0.07995	0.65285	0.02104	0.00982	0.00281	0.00421	0.01753	0.00771	0.00701
7	0.02044	0.49889	0.24215	0.01724	0.02600	0.02853	0.01948	0.02533	0.01709	0.02171	0.01262	0.01467	0.01062	0.00736	0.00615	0.00205	0.00997	0.00498	0.00354	0.01118
8	0.02188	0.01597	0.01793	0.01566	0.01960	0.01779	0.01208	0.14632	0.33693	0.06123	0.02615	0.02730	0.02020	0.01550	0.01460	0.19699	0.00725	0.00842	0.00726	0.01093
9	0.02027	0.51815	0.10976	0.01474	0.02126	0.02703	0.01495	0.02270	0.01595	0.01947	0.01242	0.01580	0.01127	0.01082	0.01015	0.12793	0.00900	0.00510	0.00356	0.00967

[dist]
# distance from previous block
# <min> <max>
14	43

[block]
# block no. 7 follows, 22 sequences, length 16
# corresponding to MSA columns:
# 248-263
name=unknown_H
#
# <colnr> <probs for GDERKNQSTAVLIFYWHMCP>
#	G	D	E	R	K	N	Q	S	T	A	V	L	I	F	Y	W	H	M	C	P
0	0.08566	0.06294	0.04319	0.01226	0.01631	0.01253	0.01031	0.04909	0.02104	0.03104	0.31316	0.07371	0.07254	0.01400	0.00849	0.00245	0.00571	0.04333	0.00728	0.11496
1	0.02155	0.06863	0.06510	0.02189	0.12422	0.06514	0.01609	0.09013	0.07343	0.09899	0.08210	0.07387	0.02894	0.01311	0.00885	0.00276	0.00848	0.11887	0.00682	0.01104
2	0.01819	0.14928	0.29338	0.04665	0.02768	0.01837	0.02011	0.02428	0.01833	0.06130	0.07533	0.02644	0.01996	0.00943	0.00762	0.00235	0.00936	0.04427	0.00489	0.12275
3	0.06803	0.01397	0.01542	0.01349	0.01784	0.04956	0.01030	0.02539	0.07620	0.16985	0.03037	0.24328	0.02893	0.01425	0.00832	0.00251	0.00649	0.01218	0.00735	0.18625
4	0.01843	0.15360	0.38706	0.02421	0.09022	0.04929	0.05939	0.02553	0.01836	0.02547	0.06017	0.02046	0.01580	0.00834	0.00771	0.00245	0.01108	0.00678	0.00405	0.01158
5	0.00982	0.00842	0.00842	0.00842	0.01122	0.00701	0.00631	0.01192	0.01894	0.02244	0.08416	0.07995	0.65285	0.02104	0.00982	0.00281	0.00421	0.01753	0.00771	0.00701
6	0.03080	0.02288	0.02449	0.01896	0.02546	0.02540	0.01560	0.58654	0.08232	0.05109	0.02094	0.02074	0.01493	0.01007	0.00832	0.00252	0.00896	0.00762	0.00832	0.01406
7	0.33401	0.38673	0.02949	0.01309	0.01935	0.02656	0.01211	0.05520	0.01685	0.02862	0.01198	0.01373	0.01014	0.00750	0.00540	0.00214	0.00787	0.00462	0.00446	0.01014
8	0.01254	0.00869	0.01231	0.01231	0.01388	0.00989	0.00953	0.01567	0.01411	0.02146	0.02315	0.03233	0.02087	0.05253	0.55081	0.01123	0.01884	0.00869	0.14369	0.00748
9	0.02283	0.01836	0.07984	0.01585	0.02129	0.01645	0.01386	0.25391	0.02801	0.10587	0.19245	0.06851	0.03503	0.01280	0.00880	0.00257	0.00737	0.03465	0.00804	0.05351
10	0.02874	0.02134	0.02287	0.01796	0.02381	0.02363	0.01453	0.51696	0.09154	0.04733	0.02180	0.02420	0.01667	0.07595	0.01153	0.00305	0.00880	0.00809	0.00801	0.01318
11	0.02256	0.53160	0.03745	0.01488	0.02132	0.02939	0.01405	0.11720	0.01994	0.02459	0.01398	0.01640	0.01227	0.01341	0.07688	0.00312	0.01034	0.00539	0.00438	0.01085
12	0.42328	0.19949	0.05578	0.01327	0.01950	0.02218	0.01217	0.06012	0.01734	0.09187	0.01421	0.01542	0.01089	0.00793	0.00582	0.00236	0.00759	0.00510	0.00531	0.01038
13	0.05788	0.18214	0.33183	0.01914	0.02816	0.02274	0.02158	0.11966	0.05305	0.03007	0.01636	0.01814	0.01233	0.00830	0.00719	0.00240	0.01005	0.00614	0.04098	0.01187
14	0.10263	0.28853	0.06954	0.01610	0.02259	0.14483	0.01455	0.05990	0.06701	0.05216	0.01532	0.01660	0.01235	0.00800	0.00647	0.00208	0.00947	0.00547	0.00488	0.08150
15	0.08739	0.18638	0.05212	0.01229	0.01729	0.01608	0.01097	0.02238	0.01923	0.13528	0.11586	0.06243	0.20455	0.01351	0.00795	0.00247	0.00645	0.01083	0.00686	0.00968

[dist]
# distance from previous block
# <min> <max>
8	23

[block]
# block no. 8 follows, 22 sequences, length 15
# corresponding to MSA columns:
# 287-301
name=unknown_I
#
# <colnr> <probs for GDERKNQSTAVLIFYWHMCP>
#	G	D	E	R	K	N	Q	S	T	A	V	L	I	F	Y	W	H	M	C	P
0	0.02342	0.01870	0.04025	0.01648	0.02245	0.01868	0.01362	0.16880	0.21513	0.09191	0.02320	0.02316	0.01735	0.00958	0.00898	0.00233	0.05203	0.00739	0.00714	0.21941
1	0.38512	0.06044	0.01626	0.01233	0.01748	0.01713	0.01021	0.06198	0.04262	0.16855	0.05148	0.02175	0.01715	0.00914	0.00644	0.00247	0.00652	0.00651	0.07596	0.01047
2	0.01848	0.14233	0.48307	0.02307	0.03393	0.02183	0.08258	0.05448	0.01864	0.02653	0.01481	0.01746	0.01091	0.00779	0.00770	0.00251	0.01177	0.00628	0.00381	0.01202
3	0.38123	0.01822	0.01893	0.01550	0.02080	0.02062	0.03484	0.17959	0.05528	0.09690	0.01699	0.01817	0.01255	0.00927	0.00848	0.00266	0.06613	0.00631	0.00643	0.01109
4	0.14302	0.02009	0.02145	0.13966	0.02876	0.05273	0.01530	0.32299	0.06312	0.04044	0.01856	0.02040	0.01367	0.00930	0.00762	0.00252	0.00887	0.00702	0.05271	0.01176
5	0.13764	0.01900	0.03176	0.14518	0.31005	0.01981	0.14615	0.04410	0.01857	0.02846	0.01523	0.02007	0.01208	0.00760	0.00808	0.00260	0.01035	0.00744	0.00436	0.01148
6	0.04559	0.01660	0.02855	0.46256	0.18702	0.01898	0.07737	0.02278	0.01730	0.02363	0.01502	0.02149	0.01159	0.00797	0.00830	0.00270	0.01090	0.00750	0.00389	0.01027
7	0.02942	0.02182	0.02397	0.05970	0.02668	0.02424	0.01558	0.55367	0.03604	0.04824	0.02000	0.02217	0.01492	0.05228	0.01037	0.00285	0.00919	0.00775	0.00783	0.01327
8	0.01726	0.00973	0.01277	0.01130	0.01428	0.00876	0.00873	0.02094	0.02336	0.17070	0.48926	0.05549	0.09281	0.01570	0.00948	0.00261	0.00462	0.01368	0.00933	0.00918
9	0.03006	0.02246	0.02493	0.08290	0.02876	0.02507	0.01648	0.57061	0.03692	0.04939	0.01945	0.02016	0.01384	0.00981	0.00831	0.00252	0.00933	0.00747	0.00787	0.01366
10	0.02308	0.33938	0.20126	0.01818	0.02578	0.11290	0.01886	0.02751	0.01833	0.08092	0.01453	0.01634	0.01156	0.00825	0.00791	0.00224	0.05198	0.00554	0.00427	0.01118
11	0.01443	0.00722	0.01082	0.01082	0.01082	0.00722	0.00722	0.01082	0.01082	0.01443	0.01443	0.02525	0.01443	0.02886	0.03247	0.75830	0.00722	0.00722	0.00361	0.00361
12	0.01100	0.00818	0.01025	0.01033	0.01210	0.00742	0.00752	0.01399	0.02084	0.02838	0.40028	0.21774	0.18157	0.01990	0.00999	0.00283	0.00419	0.01754	0.00853	0.00742
13	0.01645	0.01554	0.02629	0.58904	0.15034	0.01866	0.02345	0.02189	0.01697	0.02215	0.01490	0.02190	0.01140	0.00817	0.00829	0.00272	0.01089	0.00739	0.00376	0.00984
14	0.02849	0.02096	0.02280	0.01797	0.02383	0.02327	0.01472	0.51725	0.06136	0.04744	0.02107	0.02214	0.01557	0.01517	0.07389	0.00355	0.01010	0.00771	0.03956	0.01315

[dist]
# distance from previous block
# <min> <max>
0	1

[block]
# block no. 9 follows, 22 sequences, length 29
# corresponding to MSA columns:
# 303-313,315-332
name=unknown_J
#
# <colnr> <probs for GDERKNQSTAVLIFYWHMCP>
#	G	D	E	R	K	N	Q	S	T	A	V	L	I	F	Y	W	H	M	C	P
0	0.01959	0.02198	0.04661	0.03531	0.08336	0.02118	0.54995	0.02615	0.01916	0.02626	0.01638	0.02204	0.01254	0.00747	0.01072	0.00283	0.05361	0.00949	0.00416	0.01121
1	0.03527	0.01370	0.01864	0.01444	0.02052	0.01187	0.01187	0.03854	0.02376	0.61269	0.08131	0.03092	0.02510	0.01081	0.00847	0.00257	0.00682	0.00888	0.01019	0.01364
2	0.01299	0.00881	0.01170	0.01304	0.01479	0.00836	0.01037	0.01571	0.01818	0.05629	0.04921	0.30803	0.12669	0.02316	0.01079	0.00347	0.00616	0.28686	0.00782	0.00758
3	0.01012	0.00723	0.00964	0.01157	0.01205	0.00675	0.00771	0.01157	0.01591	0.02121	0.04579	0.70262	0.05495	0.02603	0.01060	0.00337	0.00482	0.02362	0.00771	0.00675
4	0.01881	0.02086	0.04414	0.16736	0.04621	0.02049	0.50385	0.02552	0.01900	0.02552	0.01639	0.02236	0.01229	0.00727	0.00950	0.00279	0.01341	0.00931	0.00410	0.01080
5	0.02066	0.01785	0.01878	0.01691	0.02160	0.02066	0.01315	0.04414	0.64121	0.03475	0.03381	0.03099	0.02536	0.01127	0.00845	0.00282	0.00657	0.00939	0.00845	0.01315
6	0.01723	0.01477	0.01723	0.01230	0.01969	0.01107	0.00984	0.02092	0.01723	0.02707	0.01477	0.01723	0.01230	0.00615	0.00615	0.00123	0.00615	0.00492	0.00492	0.75883
7	0.01924	0.02064	0.04122	0.03220	0.10149	0.01893	0.44374	0.02538	0.01907	0.02676	0.01629	0.02120	0.01260	0.00688	0.00893	0.00246	0.01204	0.00860	0.00433	0.15802
8	0.02018	0.01935	0.03303	0.10094	0.60926	0.01964	0.02531	0.02516	0.01874	0.02668	0.01556	0.02069	0.01300	0.00747	0.00823	0.00249	0.00996	0.00740	0.00408	0.01285
9	0.02000	0.01756	0.02952	0.06802	0.05723	0.01638	0.22652	0.05353	0.05618	0.07870	0.02082	0.07660	0.01732	0.00906	0.00843	0.00237	0.00951	0.00906	0.00557	0.21762
10	0.01662	0.01433	0.04823	0.06698	0.02065	0.01421	0.01219	0.02741	0.25296	0.05542	0.10459	0.12919	0.05444	0.10516	0.01343	0.00357	0.00687	0.03646	0.00739	0.00991
11	0.08174	0.37487	0.17131	0.01683	0.02449	0.09829	0.01733	0.02675	0.04538	0.02354	0.01356	0.01540	0.01123	0.00763	0.00629	0.00209	0.00987	0.00516	0.00403	0.04421
12	0.06254	0.01584	0.02558	0.46134	0.17812	0.01825	0.02190	0.02382	0.01751	0.07365	0.01617	0.02179	0.01214	0.00824	0.00811	0.00268	0.01023	0.00729	0.00438	0.01043
13	0.02152	0.02334	0.08758	0.05801	0.03616	0.05394	0.33277	0.08570	0.07526	0.05438	0.01859	0.02194	0.01381	0.00793	0.00885	0.00259	0.01176	0.00845	0.00519	0.07222
14	0.02186	0.01569	0.01726	0.01424	0.01862	0.01616	0.01106	0.29225	0.02673	0.06488	0.03459	0.10295	0.12930	0.12430	0.01404	0.00343	0.00739	0.01136	0.00747	0.06643
15	0.02014	0.01915	0.03175	0.10399	0.55262	0.01970	0.02429	0.02663	0.06890	0.02724	0.01702	0.02154	0.01396	0.00779	0.00825	0.00252	0.00971	0.00756	0.00443	0.01281
16	0.02066	0.01785	0.01878	0.01691	0.02160	0.02066	0.01315	0.04414	0.64121	0.03475	0.03381	0.03099	0.02536	0.01127	0.00845	0.00282	0.00657	0.00939	0.00845	0.01315
17	0.01723	0.01477	0.01723	0.01230	0.01969	0.01107	0.00984	0.02092	0.01723	0.02707	0.01477	0.01723	0.01230	0.00615	0.00615	0.00123	0.00615	0.00492	0.00492	0.75883
18	0.01704	0.08803	0.62321	0.02304	0.03497	0.02021	0.02959	0.02621	0.01749	0.02585	0.01468	0.01726	0.01053	0.00784	0.00772	0.00257	0.01205	0.00602	0.00351	0.01217
19	0.02221	0.71304	0.04353	0.01421	0.02132	0.03287	0.01421	0.02488	0.01688	0.01955	0.01155	0.01333	0.01066	0.00711	0.00533	0.00178	0.00888	0.00444	0.00355	0.01066
20	0.03158	0.02327	0.02493	0.01911	0.02576	0.02576	0.01579	0.62852	0.03906	0.05236	0.01995	0.01995	0.01413	0.00997	0.00831	0.00249	0.00914	0.00748	0.00831	0.01413
21	0.15435	0.01617	0.01908	0.01498	0.02117	0.01593	0.01234	0.13901	0.05023	0.42980	0.02716	0.02455	0.01777	0.00985	0.00783	0.00257	0.00730	0.00762	0.00903	0.01326
22	0.02017	0.01934	0.03301	0.10237	0.60791	0.01964	0.02530	0.02515	0.01873	0.02666	0.01556	0.02069	0.01299	0.00747	0.00823	0.00249	0.00997	0.00740	0.00408	0.01284
23	0.02056	0.01974	0.03372	0.05099	0.65622	0.01974	0.02550	0.02550	0.01892	0.02714	0.01563	0.02056	0.01316	0.00740	0.00822	0.00247	0.00987	0.00740	0.00411	0.01316
24	0.01877	0.01791	0.03049	0.28505	0.43615	0.01927	0.02460	0.02393	0.01807	0.02497	0.01531	0.02114	0.01239	0.00773	0.00825	0.00258	0.01031	0.00739	0.00396	0.01171
25	0.01699	0.01656	0.02579	0.58629	0.11945	0.05195	0.02297	0.02229	0.01721	0.02181	0.01476	0.02161	0.01128	0.00822	0.00826	0.00270	0.01114	0.00728	0.00377	0.00967
26	0.01973	0.01879	0.03144	0.15812	0.52091	0.01957	0.02444	0.02573	0.05081	0.02652	0.01642	0.02137	0.01344	0.00776	0.00825	0.00254	0.00990	0.00750	0.00427	0.01249
27	0.01208	0.00805	0.00906	0.00906	0.00906	0.00805	0.00503	0.01208	0.01208	0.01611	0.02618	0.05436	0.03020	0.70804	0.04228	0.00805	0.00805	0.01208	0.00503	0.00503
28	0.01739	0.02247	0.14358	0.03094	0.14458	0.01765	0.29183	0.02348	0.01884	0.02610	0.04832	0.10232	0.05228	0.01048	0.00929	0.00277	0.01104	0.01091	0.00484	0.01089

[dist]
# distance from previous block
# <min> <max>
0	17

[block]
# block no. 10 follows, 22 sequences, length 26
# corresponding to MSA columns:
# 350-375
name=unknown_K
#
# <colnr> <probs for GDERKNQSTAVLIFYWHMCP>
#	G	D	E	R	K	N	Q	S	T	A	V	L	I	F	Y	W	H	M	C	P
0	0.02675	0.02030	0.02398	0.18455	0.03269	0.02296	0.01705	0.44427	0.03230	0.04345	0.01905	0.02110	0.01376	0.00954	0.00817	0.00253	0.00933	0.00747	0.04817	0.01256
1	0.68979	0.01593	0.01351	0.08029	0.02028	0.01862	0.01044	0.02409	0.01439	0.03563	0.01189	0.01438	0.00921	0.00777	0.00547	0.00259	0.00690	0.00479	0.00499	0.00902
2	0.76672	0.01607	0.01221	0.01092	0.01607	0.01864	0.00900	0.02442	0.01414	0.03727	0.01157	0.01350	0.00900	0.00771	0.00514	0.00257	0.00643	0.00450	0.00514	0.00900
3	0.01036	0.00737	0.00978	0.01162	0.01215	0.00693	0.00785	0.01184	0.01588	0.02114	0.04482	0.64602	0.05351	0.05660	0.01207	0.00360	0.00509	0.04906	0.00759	0.00671
4	0.03727	0.01414	0.01928	0.01478	0.02121	0.01221	0.01221	0.04049	0.02378	0.66198	0.03277	0.02828	0.02056	0.01028	0.00835	0.00257	0.00707	0.00835	0.01028	0.01414
5	0.01666	0.04297	0.66500	0.02368	0.03596	0.01929	0.03069	0.02631	0.01754	0.02631	0.01491	0.01754	0.01052	0.00789	0.00789	0.00263	0.01228	0.00614	0.00351	0.01228
6	0.01569	0.01477	0.02492	0.68808	0.05722	0.01846	0.02307	0.02123	0.01661	0.02123	0.01477	0.02215	0.01107	0.00831	0.00831	0.00277	0.01107	0.00738	0.00369	0.00923
7	0.01012	0.00723	0.00964	0.01157	0.01205	0.00675	0.00771	0.01157	0.01591	0.02121	0.04579	0.70262	0.05495	0.02603	0.01060	0.00337	0.00482	0.02362	0.00771	0.00675
8	0.02898	0.03306	0.02321	0.02041	0.02450	0.46586	0.01574	0.12885	0.02463	0.02607	0.01449	0.01692	0.01180	0.00949	0.00967	0.00235	0.08635	0.00602	0.04138	0.01022
9	0.01659	0.01613	0.02862	0.55291	0.10794	0.01888	0.09663	0.02225	0.01718	0.02240	0.01509	0.02204	0.01144	0.00807	0.00848	0.00275	0.01133	0.00768	0.00379	0.00981
10	0.01012	0.00723	0.00964	0.01157	0.01205	0.00675	0.00771	0.01157	0.01591	0.02121	0.04579	0.70262	0.05495	0.02603	0.01060	0.00337	0.00482	0.02362	0.00771	0.00675
11	0.01858	0.02165	0.07195	0.03070	0.03738	0.02066	0.45602	0.02448	0.01813	0.02515	0.01777	0.06866	0.01517	0.00959	0.01260	0.00297	0.12345	0.01018	0.00432	0.01060
12	0.01886	0.01135	0.01223	0.04569	0.01552	0.01207	0.00880	0.14673	0.02190	0.03493	0.02496	0.02821	0.01926	0.00967	0.00646	0.00210	0.00535	0.00767	0.55908	0.00915
13	0.01569	0.01477	0.02492	0.68808	0.05722	0.01846	0.02307	0.02123	0.01661	0.02123	0.01477	0.02215	0.01107	0.00831	0.00831	0.00277	0.01107	0.00738	0.00369	0.00923
14	0.01961	0.02241	0.04902	0.03501	0.04342	0.02101	0.62605	0.02661	0.01961	0.02661	0.01681	0.02241	0.01261	0.00700	0.00980	0.00280	0.01401	0.00980	0.00420	0.01120
15	0.01598	0.01506	0.02544	0.65005	0.09297	0.01853	0.02322	0.02148	0.01675	0.02158	0.01482	0.02205	0.01120	0.00825	0.00830	0.00275	0.01100	0.00738	0.00372	0.00946
16	0.03158	0.02327	0.02493	0.01911	0.02576	0.02576	0.01579	0.62852	0.03906	0.05236	0.01995	0.01995	0.01413	0.00997	0.00831	0.00249	0.00914	0.00748	0.00831	0.01413
17	0.03727	0.01414	0.01928	0.01478	0.02121	0.01221	0.01221	0.04049	0.02378	0.66198	0.03277	0.02828	0.02056	0.01028	0.00835	0.00257	0.00707	0.00835	0.01028	0.01414
18	0.01053	0.00844	0.00940	0.00916	0.01166	0.00732	0.00687	0.01330	0.02061	0.02642	0.29195	0.07340	0.44258	0.01955	0.00981	0.00273	0.00410	0.01661	0.00824	0.00732
19	0.03158	0.02327	0.02493	0.01911	0.02576	0.02576	0.01579	0.62852	0.03906	0.05236	0.01995	0.01995	0.01413	0.00997	0.00831	0.00249	0.00914	0.00748	0.00831	0.01413
20	0.01208	0.00805	0.00906	0.00906	0.00906	0.00805	0.00503	0.01208	0.01208	0.01611	0.02618	0.05436	0.03020	0.70804	0.04228	0.00805	0.00805	0.01208	0.00503	0.00503
21	0.01443	0.00722	0.01082	0.01082	0.01082	0.00722	0.00722	0.01082	0.01082	0.01443	0.01443	0.02525	0.01443	0.02886	0.03247	0.75830	0.00722	0.00722	0.00361	0.00361
22	0.01633	0.01542	0.02608	0.60377	0.13649	0.01863	0.02339	0.02179	0.01692	0.02201	0.01488	0.02194	0.01135	0.00819	0.00829	0.00273	0.01091	0.00739	0.00375	0.00975
23	0.01779	0.01761	0.02470	0.02129	0.02138	0.02452	0.01770	0.01968	0.01276	0.01995	0.01160	0.01906	0.01151	0.01746	0.06692	0.00423	0.65179	0.00737	0.00368	0.00899
24	0.01940	0.05302	0.06906	0.07497	0.12950	0.02144	0.40860	0.02557	0.01864	0.02557	0.01579	0.02123	0.01230	0.00770	0.01042	0.00276	0.06000	0.00874	0.00406	0.01124
25	0.02545	0.01760	0.01920	0.01543	0.02036	0.01879	0.01229	0.38205	0.03000	0.06976	0.02372	0.07230	0.01970	0.07329	0.01102	0.00291	0.00770	0.00897	0.12229	0.04716

[dist]
# distance from previous block
# <min> <max>
1	9

[block]
# block no. 11 follows, 22 sequences, length 31
# corresponding to MSA columns:
# 387-417
name=unknown_L
#
# <colnr> <probs for GDERKNQSTAVLIFYWHMCP>
#	G	D	E	R	K	N	Q	S	T	A	V	L	I	F	Y	W	H	M	C	P
0	0.07199	0.01781	0.01984	0.01627	0.02184	0.01911	0.01311	0.20830	0.23726	0.20028	0.06393	0.02788	0.02299	0.01076	0.00827	0.00263	0.00728	0.00861	0.00872	0.01313
1	0.02678	0.01658	0.01979	0.01800	0.05644	0.01750	0.01348	0.04177	0.37930	0.26554	0.03243	0.02942	0.02292	0.01069	0.00840	0.00271	0.00694	0.00890	0.00889	0.01351
2	0.08534	0.01710	0.13663	0.01409	0.01941	0.01206	0.01337	0.02477	0.02163	0.19255	0.31782	0.04079	0.04477	0.01275	0.00866	0.00260	0.00652	0.01073	0.00802	0.01038
3	0.02048	0.43191	0.14799	0.01827	0.06834	0.02660	0.01722	0.02645	0.07189	0.02346	0.01554	0.01744	0.01289	0.00782	0.00630	0.00208	0.00898	0.00563	0.05957	0.01113
4	0.01634	0.01543	0.02610	0.60273	0.13747	0.01863	0.02340	0.02180	0.01692	0.02202	0.01488	0.02194	0.01135	0.00818	0.00829	0.00273	0.01091	0.00739	0.00375	0.00976
5	0.01987	0.01468	0.01750	0.01263	0.01989	0.01122	0.01016	0.02350	0.01809	0.11072	0.01714	0.01868	0.01339	0.00670	0.00644	0.00141	0.00627	0.00537	0.00563	0.66071
6	0.70230	0.01670	0.01332	0.01164	0.01692	0.01926	0.00959	0.07736	0.01632	0.03859	0.01230	0.01406	0.00945	0.00791	0.00542	0.00256	0.00666	0.00476	0.00542	0.00945
7	0.01217	0.00896	0.01205	0.01219	0.03604	0.00837	0.00879	0.01612	0.02311	0.03262	0.59524	0.06229	0.07433	0.01696	0.00983	0.00267	0.00434	0.04701	0.00888	0.00802
8	0.01025	0.00732	0.00979	0.01171	0.01225	0.00686	0.00793	0.01179	0.01603	0.02135	0.04572	0.67894	0.05467	0.02591	0.01064	0.00339	0.00493	0.04605	0.00771	0.00678
9	0.01252	0.00922	0.01186	0.01139	0.01353	0.00887	0.00878	0.01772	0.06386	0.03251	0.54618	0.06338	0.07162	0.01724	0.00989	0.00276	0.00449	0.07707	0.00894	0.00817
10	0.01012	0.00723	0.00964	0.01157	0.01205	0.00675	0.00771	0.01157	0.01591	0.02121	0.04579	0.70262	0.05495	0.02603	0.01060	0.00337	0.00482	0.02362	0.00771	0.00675
11	0.01668	0.03455	0.46387	0.14532	0.03800	0.01995	0.02766	0.02455	0.01674	0.02455	0.01436	0.01847	0.01067	0.00884	0.01050	0.00279	0.10113	0.00652	0.00356	0.01130
12	0.01151	0.00848	0.01077	0.01020	0.01226	0.00773	0.00765	0.01521	0.02294	0.03195	0.58048	0.06430	0.15059	0.01749	0.00980	0.00264	0.00396	0.01534	0.00897	0.00773
13	0.01174	0.00963	0.01545	0.06248	0.01897	0.00933	0.08137	0.01429	0.01689	0.02264	0.08022	0.53197	0.04840	0.02193	0.01029	0.00321	0.00628	0.02027	0.00711	0.00752
14	0.11629	0.05065	0.26654	0.04241	0.05187	0.06806	0.02096	0.17898	0.06911	0.03410	0.01693	0.01858	0.01247	0.00866	0.00761	0.00254	0.01030	0.00649	0.00537	0.01209
15	0.01341	0.00890	0.01139	0.01053	0.01292	0.00806	0.00798	0.01706	0.02299	0.07854	0.53796	0.06170	0.14298	0.01697	0.00969	0.00263	0.00419	0.01483	0.00906	0.00821
16	0.01760	0.01986	0.08070	0.19603	0.03963	0.01980	0.26067	0.02275	0.01692	0.02324	0.01591	0.02392	0.01311	0.01062	0.01382	0.04798	0.13432	0.02927	0.00401	0.00982
17	0.01724	0.08965	0.59100	0.02429	0.06408	0.02028	0.02927	0.02617	0.01756	0.02587	0.01470	0.01738	0.01066	0.00781	0.00773	0.00256	0.01192	0.00608	0.00354	0.01220
18	0.01646	0.09363	0.44146	0.02109	0.03055	0.01846	0.06880	0.02394	0.01795	0.02583	0.09029	0.02538	0.02006	0.05875	0.01049	0.00295	0.01083	0.00773	0.00433	0.01102
19	0.01684	0.00905	0.00919	0.00870	0.01103	0.00926	0.00665	0.07072	0.01925	0.03277	0.02650	0.03004	0.02069	0.00970	0.00602	0.00198	0.00432	0.00772	0.69128	0.00828
20	0.42152	0.01967	0.01729	0.01437	0.01986	0.05866	0.01173	0.24480	0.02391	0.04150	0.01541	0.01674	0.01153	0.00868	0.00646	0.00249	0.00779	0.00578	0.04095	0.01084
21	0.01473	0.01002	0.01354	0.01468	0.01689	0.01000	0.01240	0.01949	0.05649	0.06088	0.08791	0.13738	0.04786	0.02138	0.01092	0.00357	0.00703	0.43861	0.00796	0.00827
22	0.01888	0.02098	0.04452	0.15687	0.04599	0.02053	0.51354	0.02561	0.01905	0.02561	0.01643	0.02236	0.01232	0.00725	0.00952	0.00280	0.01346	0.00935	0.00411	0.01084
23	0.01986	0.00983	0.01326	0.01275	0.01548	0.00885	0.00951	0.02220	0.01934	0.24640	0.08602	0.39618	0.04438	0.01973	0.00979	0.00305	0.00565	0.03954	0.00871	0.00945
24	0.03313	0.01371	0.01827	0.01440	0.02018	0.01225	0.01175	0.03777	0.06454	0.54553	0.10670	0.03249	0.02778	0.01115	0.00853	0.00259	0.00666	0.00922	0.01003	0.01332
25	0.01227	0.01009	0.01442	0.11722	0.02047	0.01138	0.01163	0.01455	0.01600	0.02175	0.07198	0.45835	0.04307	0.02106	0.01267	0.00327	0.10753	0.01819	0.00657	0.00754
26	0.01549	0.00774	0.00774	0.00774	0.00968	0.00774	0.00581	0.01936	0.01742	0.03097	0.02710	0.03097	0.02129	0.00968	0.00581	0.00194	0.00387	0.00774	0.75416	0.00774
27	0.01755	0.07596	0.43734	0.08381	0.03858	0.02040	0.15905	0.02584	0.01787	0.02553	0.01511	0.01876	0.01103	0.00769	0.00819	0.00263	0.01235	0.00695	0.00368	0.01168
28	0.01691	0.01630	0.02579	0.28024	0.03714	0.01924	0.08145	0.02107	0.01571	0.02227	0.01418	0.02069	0.01184	0.01222	0.04513	0.00328	0.21484	0.00727	0.00396	0.13047
29	0.01571	0.01315	0.02036	0.07258	0.02283	0.01452	0.08196	0.01857	0.01603	0.05884	0.02738	0.27996	0.02910	0.01975	0.05639	0.00376	0.16747	0.01376	0.00578	0.06209
30	0.01868	0.02127	0.13102	0.04527	0.02968	0.01707	0.17047	0.02462	0.03853	0.06223	0.01710	0.02106	0.01342	0.01205	0.05762	0.00316	0.08485	0.00733	0.00472	0.21986

[dist]
# distance from previous block
# <min> <max>
1	38

[block]
# block no. 12 follows, 22 sequences, length 55
# corresponding to MSA columns:
# 465-519
name=unknown_M
#
# <colnr> <probs for GDERKNQSTAVLIFYWHMCP>
#	G	D	E	R	K	N	Q	S	T	A	V	L	I	F	Y	W	H	M	C	P
0	0.14950	0.01965	0.02222	0.28189	0.05756	0.09371	0.01752	0.13218	0.06749	0.05619	0.01707	0.02033	0.01272	0.00879	0.00769	0.00260	0.00985	0.00687	0.00545	0.01071
1	0.06243	0.07981	0.12226	0.01787	0.02516	0.01737	0.06942	0.03427	0.11557	0.28624	0.02478	0.02383	0.01712	0.00911	0.00787	0.00248	0.00847	0.00756	0.00726	0.06111
2	0.01788	0.01795	0.07620	0.20049	0.06152	0.01701	0.01711	0.05113	0.08016	0.02690	0.01745	0.02132	0.01374	0.00871	0.00938	0.00233	0.07617	0.00681	0.05777	0.21998
3	0.01338	0.00903	0.01106	0.01144	0.01333	0.00898	0.00879	0.01840	0.07055	0.02897	0.22071	0.18137	0.05005	0.01760	0.00919	0.00284	0.00499	0.12278	0.18855	0.00801
4	0.01088	0.00803	0.01100	0.05584	0.01511	0.00778	0.00875	0.01320	0.01779	0.02413	0.19018	0.50305	0.05772	0.02267	0.01026	0.00315	0.00501	0.02047	0.00779	0.00717
5	0.01900	0.01009	0.01342	0.01168	0.01491	0.00908	0.00908	0.02272	0.02359	0.21168	0.47620	0.05247	0.06198	0.01508	0.00939	0.00260	0.00481	0.01313	0.00947	0.00963
6	0.01019	0.00726	0.00962	0.01147	0.01194	0.00680	0.00761	0.01159	0.01576	0.02102	0.04505	0.67830	0.05402	0.05161	0.01179	0.00355	0.00494	0.02318	0.00761	0.00668
7	0.01195	0.00800	0.00910	0.00922	0.00925	0.00797	0.00521	0.01205	0.01233	0.01644	0.02745	0.09634	0.03180	0.66388	0.04023	0.00775	0.00784	0.01283	0.00521	0.00514
8	0.03025	0.03087	0.02309	0.01958	0.02468	0.36690	0.01528	0.27504	0.02947	0.03408	0.01666	0.01804	0.01278	0.00921	0.00772	0.00227	0.01188	0.00637	0.05448	0.01134
9	0.01785	0.01712	0.02950	0.40014	0.30279	0.01909	0.04823	0.02320	0.01768	0.02387	0.01520	0.02151	0.01199	0.00788	0.00833	0.00265	0.01070	0.00749	0.00388	0.01092
10	0.01860	0.27744	0.44754	0.02037	0.03083	0.02404	0.02493	0.02581	0.01731	0.02394	0.01373	0.01607	0.01057	0.00762	0.00700	0.00233	0.01109	0.00555	0.00352	0.01171
11	0.02066	0.01785	0.01878	0.01691	0.02160	0.02066	0.01315	0.04414	0.64121	0.03475	0.03381	0.03099	0.02536	0.01127	0.00845	0.00282	0.00657	0.00939	0.00845	0.01315
12	0.03326	0.01450	0.01881	0.01494	0.02086	0.01344	0.01217	0.03995	0.12856	0.52614	0.06188	0.03032	0.02408	0.01076	0.00844	0.00261	0.00684	0.00884	0.00992	0.01368
13	0.03261	0.01380	0.01824	0.01445	0.02017	0.01247	0.01177	0.03781	0.08179	0.52651	0.10820	0.03264	0.02805	0.01119	0.00854	0.00260	0.00664	0.00926	0.00997	0.01328
14	0.01859	0.02023	0.04144	0.07562	0.06738	0.02030	0.44870	0.02457	0.01819	0.02502	0.01652	0.02278	0.01307	0.01256	0.06825	0.00377	0.07904	0.00922	0.00413	0.01064
15	0.01024	0.00740	0.00973	0.01155	0.01222	0.00688	0.00787	0.01183	0.01621	0.02143	0.04790	0.64154	0.08868	0.02561	0.01060	0.00336	0.00490	0.04755	0.00771	0.00680
16	0.02276	0.01623	0.02008	0.01693	0.02154	0.06163	0.07610	0.14001	0.02396	0.15860	0.03905	0.10291	0.13375	0.01512	0.00941	0.00287	0.00818	0.11260	0.00772	0.01054
17	0.01894	0.01471	0.01740	0.01252	0.01982	0.01117	0.01005	0.02259	0.01779	0.08142	0.01631	0.01817	0.01301	0.00651	0.00634	0.00135	0.00623	0.00522	0.00538	0.69508
18	0.12612	0.01539	0.01878	0.01610	0.04699	0.01511	0.01243	0.10837	0.06386	0.37627	0.06358	0.05503	0.02299	0.01089	0.00811	0.00261	0.00706	0.00879	0.00883	0.01270
19	0.01821	0.01413	0.01680	0.01231	0.01912	0.01085	0.00983	0.02188	0.01831	0.07497	0.07600	0.02226	0.01913	0.00748	0.00666	0.00146	0.00601	0.00613	0.00572	0.63272
20	0.35809	0.01612	0.01958	0.25314	0.08771	0.01856	0.01590	0.05038	0.01712	0.07183	0.01478	0.01839	0.01106	0.00816	0.00687	0.00263	0.00852	0.00615	0.00501	0.01000
21	0.02221	0.71304	0.04353	0.01421	0.02132	0.03287	0.01421	0.02488	0.01688	0.01955	0.01155	0.01333	0.01066	0.00711	0.00533	0.00178	0.00888	0.00444	0.00355	0.01066
22	0.01271	0.01048	0.01142	0.01093	0.01385	0.01024	0.00826	0.01999	0.15852	0.02774	0.20767	0.09135	0.34953	0.01810	0.00954	0.00279	0.00469	0.01538	0.00822	0.00857
23	0.01031	0.00844	0.00910	0.00894	0.01153	0.00722	0.00670	0.01288	0.02011	0.02522	0.22943	0.07537	0.50585	0.02000	0.00981	0.00276	0.00413	0.01689	0.00808	0.00722
