[name]
unknown

[dist]
# distance from previous block
# <min> <max>
30	97

[block]
# block no. 0 follows, 24 sequences, length 17
# corresponding to MSA columns:
# 113-129
name=unknown_A
#
# <colnr> <probs for GDERKNQSTAVLIFYWHMCP>
#	G	D	E	R	K	N	Q	S	T	A	V	L	I	F	Y	W	H	M	C	P
0	0.10739	0.01679	0.01827	0.01488	0.02009	0.01794	0.01205	0.25994	0.14188	0.16185	0.07754	0.02888	0.06604	0.01082	0.00785	0.00249	0.00691	0.00854	0.00801	0.01185
1	0.05515	0.02097	0.02230	0.02006	0.08376	0.13429	0.05318	0.24381	0.02588	0.12848	0.01971	0.02080	0.01439	0.00880	0.00744	0.00228	0.00897	0.00697	0.11133	0.01146
2	0.01545	0.01440	0.02302	0.52732	0.04536	0.01843	0.02021	0.01993	0.01514	0.02051	0.01397	0.02082	0.01105	0.00921	0.01148	0.00277	0.15155	0.00704	0.04364	0.00871
3	0.01242	0.00935	0.01272	0.12571	0.01926	0.01006	0.01024	0.03651	0.01647	0.02289	0.07348	0.31620	0.07383	0.04168	0.06259	0.00372	0.03170	0.01477	0.09904	0.00736
4	0.01833	0.01521	0.01746	0.01264	0.01959	0.01251	0.01018	0.10628	0.01932	0.02917	0.01478	0.01680	0.01199	0.00638	0.00616	0.00134	0.00627	0.00504	0.00514	0.66541
5	0.01148	0.00888	0.01320	0.01248	0.01372	0.00848	0.07534	0.01315	0.01490	0.02009	0.09279	0.33249	0.04143	0.28019	0.02117	0.00475	0.00661	0.01626	0.00618	0.00639
6	0.29149	0.01898	0.01840	0.01480	0.02036	0.03840	0.01215	0.34383	0.02668	0.08237	0.01714	0.01774	0.01239	0.00873	0.00674	0.00238	0.00761	0.00615	0.04230	0.01137
7	0.01260	0.00837	0.01052	0.00983	0.01176	0.00769	0.00718	0.01554	0.02032	0.06853	0.46750	0.05786	0.12604	0.12515	0.01406	0.00331	0.00457	0.01376	0.00805	0.00736
8	0.01069	0.00977	0.01349	0.01182	0.01503	0.00851	0.09406	0.01328	0.01789	0.02186	0.06802	0.12883	0.52014	0.01868	0.00944	0.00273	0.00536	0.01626	0.00690	0.00722
9	0.03089	0.02101	0.02305	0.01767	0.02399	0.02281	0.01460	0.56167	0.03527	0.13656	0.02073	0.02014	0.01433	0.00956	0.00794	0.00239	0.00845	0.00725	0.00819	0.01349
10	0.02463	0.01730	0.01872	0.01568	0.02095	0.04281	0.01245	0.10443	0.36358	0.18368	0.02829	0.02613	0.02038	0.00989	0.00781	0.00245	0.00692	0.00802	0.00802	0.07786
11	0.02466	0.02951	0.02228	0.11607	0.08853	0.45938	0.01625	0.02759	0.02114	0.02148	0.08382	0.02062	0.01749	0.00890	0.00756	0.00220	0.01218	0.00656	0.00450	0.00927
12	0.02280	0.01545	0.01817	0.08019	0.02318	0.01697	0.01286	0.03778	0.41019	0.18985	0.02997	0.02919	0.02200	0.04348	0.00954	0.00286	0.00686	0.00866	0.00792	0.01207
13	0.01242	0.00882	0.01078	0.01139	0.01242	0.00879	0.00778	0.08011	0.01683	0.02245	0.03662	0.46496	0.04250	0.18508	0.01695	0.00418	0.00586	0.03838	0.00683	0.00685
14	0.01563	0.01289	0.02005	0.28353	0.03172	0.01530	0.06985	0.01988	0.01577	0.02383	0.01784	0.02353	0.01414	0.00927	0.01020	0.00250	0.12369	0.00735	0.27458	0.00845
15	0.01942	0.01359	0.01603	0.08159	0.01985	0.01548	0.01155	0.20394	0.02194	0.03287	0.02072	0.02438	0.01623	0.01270	0.04970	0.00291	0.08314	0.00730	0.33719	0.00946
16	0.04706	0.02378	0.02170	0.01753	0.02305	0.16139	0.01408	0.40380	0.06237	0.05749	0.01862	0.01911	0.01369	0.00913	0.00751	0.00226	0.00930	0.00670	0.04691	0.03452

[dist]
# distance from previous block
# <min> <max>
13	93

[block]
# block no. 1 follows, 24 sequences, length 28
# corresponding to MSA columns:
# 229-256
name=unknown_B
#
# <colnr> <probs for GDERKNQSTAVLIFYWHMCP>
#	G	D	E	R	K	N	Q	S	T	A	V	L	I	F	Y	W	H	M	C	P
0	0.07927	0.35058	0.30075	0.01707	0.02570	0.02393	0.01955	0.02506	0.01651	0.05752	0.01342	0.01514	0.01050	0.00730	0.00623	0.00213	0.00954	0.00511	0.00383	0.01086
1	0.39477	0.01659	0.05014	0.01278	0.01848	0.01615	0.01104	0.09527	0.01892	0.16433	0.05180	0.01942	0.01528	0.00845	0.00633	0.00234	0.00669	0.00601	0.00633	0.07888
2	0.08215	0.01550	0.01770	0.01320	0.01979	0.01377	0.01073	0.13239	0.02097	0.14874	0.01783	0.01852	0.01323	0.00734	0.00654	0.00172	0.00655	0.00568	0.00620	0.44145
3	0.01077	0.00848	0.01270	0.01293	0.01437	0.00779	0.05996	0.01271	0.01554	0.02097	0.03983	0.62109	0.04692	0.02232	0.00983	0.00307	0.00539	0.02049	0.00694	0.04790
4	0.02323	0.51505	0.06216	0.01576	0.02202	0.20628	0.01467	0.02591	0.01783	0.01912	0.01148	0.01330	0.01018	0.00718	0.00574	0.00182	0.01016	0.00454	0.00358	0.00998
5	0.01020	0.00814	0.00918	0.00913	0.01149	0.00712	0.00698	0.01287	0.01945	0.02482	0.26038	0.07197	0.43757	0.01901	0.00948	0.00269	0.00417	0.06057	0.00778	0.00698
6	0.01499	0.00802	0.01133	0.01092	0.01139	0.00820	0.00749	0.05738	0.01233	0.01646	0.01416	0.02373	0.01375	0.02621	0.02928	0.71247	0.00702	0.00691	0.00378	0.00419
7	0.02835	0.01570	0.01862	0.01530	0.02075	0.01613	0.01231	0.08788	0.29614	0.35168	0.03075	0.02748	0.02111	0.01020	0.00801	0.00255	0.00670	0.00833	0.00892	0.01309
8	0.01122	0.00811	0.01060	0.00998	0.01185	0.00748	0.00748	0.01496	0.02245	0.03180	0.66766	0.05923	0.07482	0.01621	0.00935	0.00249	0.00374	0.01434	0.00873	0.00748
9	0.00937	0.00803	0.00803	0.00803	0.01071	0.00669	0.00602	0.01138	0.01807	0.02142	0.08033	0.07632	0.66863	0.02008	0.00937	0.00268	0.00402	0.01674	0.00736	0.00669
10	0.01937	0.01858	0.03172	0.08531	0.63724	0.01877	0.02421	0.02411	0.01793	0.02559	0.01487	0.01971	0.01245	0.00711	0.00785	0.00237	0.00949	0.00706	0.00390	0.01235
11	0.01644	0.01409	0.01644	0.01175	0.01879	0.01057	0.00940	0.01997	0.01644	0.02584	0.01409	0.01644	0.01175	0.00587	0.00587	0.00117	0.00587	0.00470	0.00470	0.76979
12	0.77733	0.01534	0.01166	0.01043	0.01534	0.01779	0.00859	0.02331	0.01350	0.03558	0.01104	0.01288	0.00859	0.00736	0.00491	0.00245	0.00613	0.00429	0.00491	0.00859
13	0.02240	0.02577	0.02354	0.02066	0.02234	0.29828	0.01651	0.02427	0.01640	0.01922	0.01117	0.01609	0.01033	0.01153	0.01825	0.00288	0.42157	0.00618	0.00372	0.00889
14	0.01472	0.01178	0.01362	0.01251	0.01546	0.01252	0.00957	0.02616	0.28403	0.03236	0.40595	0.04702	0.05397	0.01397	0.00882	0.00257	0.00479	0.01213	0.00846	0.00957
15	0.01689	0.01605	0.02725	0.43305	0.30885	0.01812	0.02298	0.02194	0.01676	0.02259	0.01443	0.02052	0.01139	0.00757	0.00790	0.00252	0.01010	0.00705	0.00369	0.01035
16	0.01590	0.04102	0.68023	0.02260	0.03432	0.01842	0.02930	0.02511	0.01674	0.02511	0.01423	0.01674	0.01005	0.00753	0.00753	0.00251	0.01172	0.00586	0.00335	0.01172
17	0.01963	0.01884	0.03219	0.04867	0.67185	0.01884	0.02434	0.02434	0.01806	0.02591	0.01492	0.01963	0.01256	0.00707	0.00785	0.00236	0.00942	0.00707	0.00393	0.01256
18	0.00962	0.00811	0.00838	0.00852	0.01113	0.00687	0.00653	0.01175	0.01809	0.02159	0.07749	0.07729	0.62248	0.02022	0.00949	0.00275	0.00426	0.06131	0.00736	0.00674
19	0.03482	0.01366	0.01838	0.01421	0.02026	0.01204	0.01170	0.03881	0.05312	0.64647	0.03133	0.02711	0.01985	0.00986	0.00798	0.00246	0.00673	0.00802	0.00973	0.01345
20	0.00987	0.00807	0.00879	0.00910	0.01146	0.00698	0.00695	0.01211	0.01812	0.02217	0.10664	0.12711	0.51850	0.02044	0.00960	0.00282	0.00441	0.08265	0.00743	0.00679
21	0.01152	0.00773	0.00888	0.00888	0.00896	0.00781	0.00510	0.01168	0.01160	0.01555	0.02477	0.05071	0.02832	0.68371	0.07727	0.00798	0.00846	0.01136	0.00477	0.00493
22	0.07146	0.01391	0.01766	0.01406	0.01970	0.01304	0.01146	0.03741	0.11871	0.51947	0.05596	0.02794	0.02196	0.01009	0.00788	0.00249	0.00652	0.00819	0.00925	0.01285
23	0.06208	0.01910	0.02182	0.01696	0.02269	0.02066	0.01402	0.40019	0.03022	0.22248	0.02145	0.02087	0.01476	0.00985	0.00924	0.00249	0.06298	0.00724	0.00798	0.01290
24	0.01766	0.16736	0.30945	0.05116	0.03260	0.02097	0.16958	0.02415	0.01688	0.02356	0.01389	0.01724	0.01069	0.00729	0.00799	0.00233	0.03378	0.00638	0.00362	0.06342
25	0.20602	0.04987	0.10868	0.05054	0.11688	0.01817	0.14206	0.02590	0.06724	0.06329	0.01743	0.02148	0.01362	0.00813	0.00730	0.00250	0.00901	0.02580	0.03555	0.01053
26	0.08895	0.01393	0.05594	0.22426	0.02778	0.01400	0.01391	0.02187	0.05047	0.05206	0.01897	0.02314	0.01472	0.01141	0.04618	0.00288	0.03195	0.00684	0.21199	0.06873
27	0.11823	0.01796	0.02487	0.27888	0.03657	0.02054	0.08828	0.23263	0.02298	0.03281	0.01545	0.01925	0.01146	0.00849	0.00844	0.00257	0.03780	0.00698	0.00525	0.01057

[dist]
# distance from previous block
# <min> <max>
0	36

[block]
# block no. 2 follows, 24 sequences, length 11
# corresponding to MSA columns:
# 296-306
name=unknown_C
#
# <colnr> <probs for GDERKNQSTAVLIFYWHMCP>
#	G	D	E	R	K	N	Q	S	T	A	V	L	I	F	Y	W	H	M	C	P
0	0.11287	0.01662	0.02110	0.01656	0.02197	0.01706	0.07939	0.24710	0.02590	0.19391	0.09713	0.06942	0.02380	0.01078	0.00805	0.00250	0.00761	0.00906	0.00768	0.01148
1	0.04372	0.01017	0.01425	0.13688	0.02169	0.01046	0.01190	0.01868	0.01936	0.09088	0.25820	0.10184	0.04622	0.01580	0.00925	0.00286	0.00633	0.16598	0.00729	0.00824
2	0.02070	0.02087	0.03115	0.04565	0.60251	0.09067	0.02337	0.02512	0.01853	0.02521	0.01463	0.01906	0.01231	0.00718	0.00778	0.00232	0.00994	0.00686	0.00394	0.01220
3	0.02756	0.01667	0.01799	0.01490	0.01983	0.08631	0.01210	0.16023	0.02495	0.30688	0.08358	0.03643	0.07500	0.01206	0.00838	0.00253	0.00757	0.06733	0.00828	0.01141
4	0.01963	0.01884	0.03219	0.04867	0.67185	0.01884	0.02434	0.02434	0.01806	0.02591	0.01492	0.01963	0.01256	0.00707	0.00785	0.00236	0.00942	0.00707	0.00393	0.01256
5	0.60828	0.01689	0.01440	0.01220	0.01743	0.01933	0.01005	0.16406	0.01888	0.03884	0.01285	0.01427	0.00970	0.00785	0.00559	0.00244	0.00672	0.00494	0.00559	0.00970
6	0.02357	0.01705	0.01672	0.01379	0.01805	0.06632	0.01104	0.33336	0.02740	0.03904	0.02144	0.02317	0.01615	0.00930	0.00686	0.00213	0.00700	0.00710	0.32994	0.01058
7	0.01377	0.00689	0.01033	0.01033	0.01033	0.00689	0.00689	0.01033	0.01033	0.01377	0.01377	0.02410	0.01377	0.02755	0.03099	0.76928	0.00689	0.00689	0.00344	0.00344
8	0.01774	0.29478	0.36566	0.01897	0.02802	0.02267	0.05357	0.02397	0.01697	0.02313	0.05462	0.01817	0.01431	0.00776	0.00683	0.00221	0.01008	0.00597	0.00374	0.01082
9	0.12740	0.09442	0.34530	0.01664	0.02431	0.01671	0.01903	0.02206	0.01769	0.02778	0.18428	0.02690	0.02678	0.00971	0.00739	0.00242	0.00850	0.00769	0.00499	0.01000
10	0.02181	0.13635	0.23184	0.02306	0.10510	0.22876	0.02023	0.02867	0.08722	0.02334	0.01516	0.01711	0.01194	0.00791	0.00715	0.00225	0.01118	0.00586	0.00416	0.01090

[dist]
# distance from previous block
# <min> <max>
0	4

[block]
# block no. 3 follows, 24 sequences, length 13
# corresponding to MSA columns:
# 311-323
name=unknown_D
#
# <colnr> <probs for GDERKNQSTAVLIFYWHMCP>
#	G	D	E	R	K	N	Q	S	T	A	V	L	I	F	Y	W	H	M	C	P
0	0.03088	0.01259	0.01699	0.01355	0.01893	0.01086	0.01093	0.03373	0.02130	0.54930	0.03213	0.12416	0.02386	0.01174	0.00817	0.00249	0.00640	0.00987	0.00919	0.05295
1	0.02189	0.01808	0.03023	0.04377	0.57944	0.01782	0.02254	0.02637	0.01871	0.11829	0.01724	0.02067	0.01356	0.00746	0.00787	0.00237	0.00904	0.00719	0.00476	0.01269
2	0.01563	0.01477	0.02498	0.60957	0.14215	0.01779	0.02235	0.02084	0.01617	0.02106	0.01421	0.02093	0.01085	0.00781	0.00792	0.00260	0.01041	0.00705	0.00358	0.00934
3	0.01536	0.01485	0.02616	0.63315	0.05325	0.01787	0.08619	0.02079	0.01615	0.02079	0.01430	0.02117	0.01072	0.00780	0.00808	0.00265	0.01086	0.00729	0.00357	0.00900
4	0.01602	0.01506	0.02500	0.52283	0.17777	0.01739	0.02164	0.02107	0.01634	0.02178	0.01426	0.02052	0.01105	0.00761	0.00777	0.00249	0.01002	0.00689	0.00368	0.06078
5	0.01538	0.01402	0.02303	0.52589	0.08362	0.01734	0.02021	0.01942	0.01507	0.01985	0.01373	0.02095	0.01098	0.01039	0.01203	0.07696	0.08208	0.00702	0.00353	0.00850
6	0.02293	0.01668	0.01824	0.01529	0.01964	0.01816	0.01210	0.38810	0.07288	0.03957	0.02666	0.19166	0.02443	0.01333	0.00825	0.00256	0.00706	0.01107	0.08027	0.01111
7	0.53826	0.01724	0.05097	0.01349	0.01889	0.01777	0.04954	0.08842	0.01693	0.05951	0.01505	0.05614	0.01239	0.00868	0.00606	0.00251	0.00708	0.00620	0.00542	0.00946
8	0.02526	0.09842	0.02836	0.02632	0.16042	0.32120	0.06064	0.09858	0.02174	0.02460	0.01362	0.01647	0.01121	0.00819	0.00846	0.00224	0.05326	0.00607	0.00438	0.01056
9	0.03970	0.01780	0.02176	0.05995	0.02457	0.12810	0.13670	0.02155	0.03359	0.02361	0.02998	0.05700	0.12361	0.01181	0.00834	0.00243	0.00897	0.09541	0.00535	0.14978
10	0.09270	0.31539	0.03494	0.01933	0.02524	0.09386	0.16040	0.02496	0.03714	0.02260	0.01302	0.01599	0.01097	0.00773	0.00836	0.00222	0.07541	0.00594	0.00394	0.02985
11	0.01995	0.02105	0.02622	0.12682	0.26148	0.16607	0.06061	0.02400	0.01890	0.02399	0.08151	0.02257	0.01802	0.00851	0.00847	0.00232	0.03471	0.00737	0.00444	0.06298
12	0.01845	0.01566	0.02117	0.01770	0.02165	0.05967	0.11041	0.07365	0.03906	0.07031	0.02486	0.12639	0.02400	0.03678	0.05187	0.00343	0.07487	0.09614	0.00588	0.10805

[dist]
# distance from previous block
# <min> <max>
16	56

[block]
# block no. 4 follows, 24 sequences, length 25
# corresponding to MSA columns:
# 388-412
name=unknown_E
#
# <colnr> <probs for GDERKNQSTAVLIFYWHMCP>
#	G	D	E	R	K	N	Q	S	T	A	V	L	I	F	Y	W	H	M	C	P
0	0.16894	0.06166	0.06055	0.01352	0.01853	0.01623	0.01164	0.06379	0.17135	0.08202	0.16948	0.02945	0.02908	0.01039	0.00735	0.00238	0.00632	0.00829	0.00688	0.06213
1	0.05304	0.22557	0.15287	0.01478	0.02128	0.01920	0.01475	0.05349	0.06018	0.08312	0.14468	0.02557	0.02480	0.00939	0.00703	0.00217	0.00760	0.00734	0.00567	0.06747
2	0.34925	0.01979	0.12860	0.01397	0.02041	0.01669	0.01323	0.07257	0.05880	0.09305	0.03770	0.01840	0.01385	0.00810	0.00635	0.00231	0.00724	0.00581	0.00563	0.10825
3	0.02041	0.06575	0.40610	0.01904	0.02808	0.01771	0.02195	0.05880	0.07713	0.13512	0.01947	0.02028	0.01371	0.00837	0.00743	0.00243	0.00961	0.00657	0.05018	0.01184
4	0.12912	0.10735	0.48852	0.01936	0.02918	0.01925	0.02374	0.02431	0.01642	0.02625	0.03883	0.01740	0.01236	0.00777	0.00696	0.00242	0.01024	0.00579	0.00379	0.01093
5	0.20695	0.14420	0.29713	0.01703	0.02516	0.02058	0.01882	0.05443	0.07539	0.04991	0.01533	0.01673	0.01147	0.00783	0.00656	0.00237	0.00901	0.00561	0.00459	0.01090
6	0.19369	0.10325	0.33765	0.01840	0.02696	0.01947	0.05137	0.02667	0.06842	0.06202	0.01561	0.01724	0.01148	0.00775	0.00683	0.00243	0.00946	0.00587	0.00447	0.01094
7	0.01846	0.01811	0.03071	0.14504	0.25034	0.03734	0.17885	0.05947	0.01877	0.02558	0.01768	0.08035	0.01549	0.00875	0.00830	0.00247	0.01007	0.00878	0.00447	0.06097
8	0.02115	0.01707	0.02505	0.03276	0.36654	0.01754	0.01836	0.03059	0.20252	0.11081	0.02546	0.02643	0.05152	0.00917	0.00801	0.00248	0.00789	0.00824	0.00605	0.01237
9	0.01076	0.00792	0.01019	0.01034	0.01196	0.00719	0.00744	0.01351	0.01920	0.02659	0.36979	0.30400	0.09901	0.01920	0.00948	0.00272	0.00418	0.01712	0.00795	0.04145
10	0.03014	0.02221	0.02380	0.01825	0.02459	0.02459	0.01507	0.64541	0.03728	0.04998	0.01904	0.01904	0.01349	0.00952	0.00793	0.00238	0.00873	0.00714	0.00793	0.01349
11	0.01122	0.00811	0.01060	0.00998	0.01185	0.00748	0.00748	0.01496	0.02245	0.03180	0.66766	0.05923	0.07482	0.01621	0.00935	0.00249	0.00374	0.01434	0.00873	0.00748
12	0.10437	0.00932	0.01123	0.01030	0.01280	0.00898	0.00788	0.01749	0.02139	0.07377	0.54824	0.05162	0.06335	0.01474	0.00873	0.00249	0.00422	0.01273	0.00834	0.00800
13	0.01590	0.04102	0.68023	0.02260	0.03432	0.01842	0.02930	0.02511	0.01674	0.02511	0.01423	0.01674	0.01005	0.00753	0.00753	0.00251	0.01172	0.00586	0.00335	0.01172
14	0.01177	0.00869	0.01145	0.01288	0.01477	0.00837	0.01085	0.01487	0.01794	0.02292	0.05028	0.14381	0.17844	0.02179	0.01054	0.00341	0.00636	0.43646	0.00732	0.00709
15	0.01122	0.00811	0.01060	0.00998	0.01185	0.00748	0.00748	0.01496	0.02245	0.03180	0.66766	0.05923	0.07482	0.01621	0.00935	0.00249	0.00374	0.01434	0.00873	0.00748
16	0.03558	0.01350	0.01840	0.01411	0.02024	0.01166	0.01166	0.03865	0.02270	0.67734	0.03128	0.02699	0.01963	0.00981	0.00797	0.00245	0.00675	0.00797	0.00981	0.01350
17	0.01223	0.00938	0.01010	0.01000	0.01104	0.04140	0.00672	0.01349	0.01362	0.01799	0.03188	0.04769	0.12167	0.38819	0.18133	0.00749	0.01035	0.01107	0.04839	0.00597
18	0.01020	0.00720	0.00933	0.01068	0.01121	0.00683	0.00712	0.01158	0.01512	0.02026	0.08049	0.53434	0.04949	0.14630	0.01541	0.00397	0.00519	0.04203	0.00700	0.00625
19	0.01634	0.09669	0.62832	0.02187	0.03319	0.01947	0.02802	0.02500	0.01669	0.02459	0.01397	0.01642	0.01006	0.00747	0.00734	0.00245	0.01146	0.00573	0.00335	0.01159
20	0.01853	0.02073	0.04398	0.06740	0.07729	0.02002	0.55363	0.02485	0.01829	0.02494	0.01567	0.02113	0.01193	0.00703	0.00981	0.00268	0.03846	0.00902	0.00396	0.01063
21	0.01479	0.01377	0.02368	0.53293	0.04698	0.01630	0.07074	0.01983	0.01637	0.02112	0.01898	0.05651	0.01681	0.01027	0.00852	0.00280	0.01015	0.08657	0.00420	0.00868
22	0.02897	0.01281	0.01670	0.01345	0.01845	0.01177	0.01078	0.03417	0.09472	0.47516	0.12043	0.03324	0.02843	0.05139	0.01003	0.00278	0.00632	0.00919	0.00918	0.01205
23	0.08717	0.02294	0.01903	0.01598	0.02068	0.20687	0.01264	0.29045	0.02694	0.03546	0.02115	0.02219	0.05198	0.00955	0.00719	0.00223	0.00904	0.00694	0.12101	0.01056
24	0.05897	0.23645	0.26144	0.07513	0.03035	0.02220	0.09576	0.02575	0.05470	0.04754	0.01500	0.01740	0.01148	0.00750	0.00697	0.00230	0.01006	0.00608	0.00405	0.01085

[dist]
# distance from previous block
# <min> <max>
4	15

[block]
# block no. 5 follows, 24 sequences, length 12
# corresponding to MSA columns:
# 428-439
name=unknown_F
#
# <colnr> <probs for GDERKNQSTAVLIFYWHMCP>
#	G	D	E	R	K	N	Q	S	T	A	V	L	I	F	Y	W	H	M	C	P
0	0.02077	0.01574	0.01817	0.01609	0.04624	0.01612	0.01201	0.30969	0.02584	0.03530	0.02611	0.24619	0.02588	0.01382	0.00830	0.00245	0.00694	0.01176	0.00705	0.13553
1	0.08181	0.01239	0.02169	0.01829	0.02162	0.01191	0.21497	0.01683	0.01618	0.02331	0.03173	0.42597	0.03530	0.01734	0.00940	0.00297	0.00760	0.01659	0.00605	0.00802
2	0.01536	0.01448	0.02447	0.64872	0.10517	0.01772	0.02221	0.02059	0.01604	0.02072	0.01416	0.02102	0.01073	0.00786	0.00792	0.00262	0.01048	0.00705	0.00356	0.00912
3	0.03088	0.02104	0.02307	0.01769	0.02401	0.02285	0.01461	0.56369	0.03532	0.13447	0.02069	0.02011	0.01431	0.00956	0.00794	0.00239	0.00846	0.00725	0.00819	0.01349
4	0.03024	0.02038	0.02246	0.01740	0.02357	0.02209	0.01432	0.49957	0.08224	0.15187	0.02206	0.02115	0.01531	0.00966	0.00795	0.00242	0.00821	0.00742	0.00825	0.01342
5	0.19307	0.01540	0.01630	0.01408	0.01864	0.01669	0.01115	0.14926	0.18020	0.14297	0.02665	0.13626	0.02249	0.01191	0.00765	0.00262	0.00652	0.00963	0.00751	0.01100
6	0.02371	0.02093	0.02010	0.01664	0.02206	0.10991	0.01318	0.22213	0.27631	0.03527	0.02253	0.02213	0.01698	0.00923	0.00754	0.00226	0.00804	0.00718	0.00694	0.13692
7	0.01268	0.10642	0.01662	0.01571	0.12080	0.01200	0.01016	0.01515	0.01757	0.02169	0.05724	0.11084	0.42159	0.01654	0.00861	0.00254	0.00555	0.01394	0.00626	0.00811
8	0.01926	0.01452	0.01632	0.01407	0.01857	0.01515	0.01108	0.06710	0.32703	0.09020	0.13585	0.03564	0.05867	0.01157	0.00811	0.00244	0.00592	0.02723	0.00782	0.11343
9	0.13652	0.00894	0.01026	0.01100	0.01279	0.00868	0.00775	0.01386	0.01502	0.02327	0.03567	0.53742	0.04157	0.02026	0.00888	0.00291	0.00497	0.01793	0.00672	0.07560
10	0.02889	0.02151	0.02311	0.01778	0.02408	0.02357	0.01463	0.58245	0.06367	0.04783	0.01934	0.01936	0.01386	0.00936	0.00782	0.00232	0.00845	0.00708	0.00775	0.05711
11	0.12215	0.01744	0.02500	0.25566	0.25256	0.01940	0.01965	0.14276	0.02042	0.02997	0.01492	0.01911	0.01154	0.00787	0.00750	0.00247	0.00923	0.00670	0.00470	0.01095

[dist]
# distance from previous block
# <min> <max>
5	28

[block]
# block no. 6 follows, 24 sequences, length 20
# corresponding to MSA columns:
# 468-487
name=unknown_G
#
# <colnr> <probs for GDERKNQSTAVLIFYWHMCP>
#	G	D	E	R	K	N	Q	S	T	A	V	L	I	F	Y	W	H	M	C	P
0	0.18610	0.01711	0.09188	0.01306	0.01946	0.01339	0.01170	0.04496	0.01704	0.10400	0.01741	0.05029	0.01438	0.03692	0.00777	0.00216	0.00682	0.00630	0.00543	0.33383
1	0.01685	0.16336	0.56617	0.02099	0.03183	0.02073	0.02649	0.02487	0.01663	0.02396	0.01366	0.01602	0.01007	0.00740	0.00710	0.00237	0.01114	0.00557	0.00336	0.01144
2	0.07272	0.01906	0.02005	0.01640	0.02146	0.02001	0.01292	0.39137	0.03037	0.06901	0.02815	0.03055	0.07634	0.04289	0.01008	0.00307	0.00817	0.00890	0.10589	0.01257
3	0.01065	0.00808	0.00981	0.00938	0.01150	0.00724	0.00703	0.01386	0.02110	0.02859	0.48624	0.06451	0.25825	0.01741	0.00936	0.00255	0.00383	0.01508	0.00831	0.00724
4	0.01656	0.01540	0.02549	0.54072	0.17873	0.01816	0.02220	0.04739	0.01720	0.02266	0.01447	0.02075	0.01110	0.00782	0.00791	0.00257	0.01026	0.00705	0.00379	0.00977
5	0.01122	0.00811	0.01060	0.00998	0.01185	0.00748	0.00748	0.01496	0.02245	0.03180	0.66766	0.05923	0.07482	0.01621	0.00935	0.00249	0.00374	0.01434	0.00873	0.00748
6	0.02309	0.01740	0.02064	0.01692	0.02154	0.01867	0.05050	0.41081	0.02929	0.03925	0.02653	0.23594	0.02551	0.01411	0.00870	0.00266	0.00772	0.01206	0.00752	0.01113
7	0.02031	0.43638	0.22366	0.01767	0.02569	0.08523	0.04688	0.02491	0.01697	0.02089	0.01228	0.01441	0.01023	0.00712	0.00617	0.00201	0.01015	0.00502	0.00347	0.01056
8	0.01278	0.00913	0.01278	0.01460	0.01643	0.00913	0.01278	0.01643	0.01825	0.02373	0.04199	0.08945	0.04564	0.02191	0.01095	0.00365	0.00730	0.61847	0.00730	0.00730
9	0.01122	0.00811	0.01060	0.00998	0.01185	0.00748	0.00748	0.01496	0.02245	0.03180	0.66766	0.05923	0.07482	0.01621	0.00935	0.00249	0.00374	0.01434	0.00873	0.00748
10	0.03558	0.01350	0.01840	0.01411	0.02024	0.01166	0.01166	0.03865	0.02270	0.67734	0.03128	0.02699	0.01963	0.00981	0.00797	0.00245	0.00675	0.00797	0.00981	0.01350
11	0.01840	0.01758	0.02996	0.22168	0.50846	0.01852	0.02372	0.02326	0.01747	0.02441	0.01470	0.02003	0.01203	0.00729	0.00787	0.00243	0.00973	0.00706	0.00382	0.01157
12	0.00975	0.00697	0.00928	0.01098	0.01152	0.00650	0.00737	0.01126	0.01558	0.02087	0.07767	0.68038	0.05367	0.02437	0.01008	0.00318	0.00455	0.02210	0.00744	0.00650
13	0.01622	0.08207	0.64196	0.02206	0.03348	0.01919	0.02836	0.02503	0.01670	0.02473	0.01404	0.01650	0.01005	0.00749	0.00739	0.00246	0.01153	0.00576	0.00335	0.01163
14	0.03014	0.02221	0.02380	0.01825	0.02459	0.02459	0.01507	0.64541	0.03728	0.04998	0.01904	0.01904	0.01349	0.00952	0.00793	0.00238	0.00873	0.00714	0.00793	0.01349
15	0.01733	0.09511	0.42366	0.02653	0.09023	0.01997	0.16676	0.02499	0.01725	0.02468	0.01442	0.01769	0.01073	0.00723	0.00776	0.00246	0.01161	0.00662	0.00355	0.01142
16	0.01480	0.00798	0.00884	0.06873	0.01324	0.00829	0.00700	0.01863	0.01656	0.02874	0.02483	0.02882	0.01946	0.00912	0.00575	0.00192	0.00430	0.00736	0.69809	0.00752
17	0.00976	0.00698	0.00929	0.01097	0.01152	0.00651	0.00737	0.01130	0.01566	0.02101	0.08493	0.67274	0.05393	0.02427	0.01007	0.00317	0.00454	0.02200	0.00745	0.00651
18	0.06962	0.01782	0.02563	0.32077	0.24423	0.04580	0.02060	0.11289	0.01978	0.02736	0.01480	0.01953	0.01149	0.00785	0.00767	0.00248	0.00979	0.00681	0.00441	0.01069
19	0.01705	0.01740	0.06454	0.42641	0.08607	0.01881	0.05807	0.05641	0.09806	0.02436	0.01666	0.02158	0.01262	0.00847	0.00879	0.00265	0.04027	0.00736	0.00437	0.01005

[dist]
# distance from previous block
# <min> <max>
1	51

[block]
# block no. 7 follows, 24 sequences, length 21
# corresponding to MSA columns:
# 539-559
name=unknown_H
#
# <colnr> <probs for GDERKNQSTAVLIFYWHMCP>
#	G	D	E	R	K	N	Q	S	T	A	V	L	I	F	Y	W	H	M	C	P
0	0.02940	0.02676	0.02233	0.01852	0.02385	0.26733	0.01466	0.31532	0.08915	0.08659	0.01876	0.01892	0.01378	0.00916	0.00766	0.00229	0.01039	0.00663	0.00668	0.01182
1	0.06769	0.03419	0.02427	0.02101	0.02564	0.55370	0.07412	0.06533	0.02249	0.02255	0.01293	0.01516	0.01049	0.00807	0.00729	0.00214	0.01347	0.00558	0.00434	0.00955
2	0.08901	0.02167	0.02284	0.01763	0.02386	0.02406	0.01456	0.59639	0.03541	0.04884	0.01841	0.01855	0.01310	0.00935	0.00769	0.00239	0.00852	0.00692	0.00769	0.01310
3	0.01025	0.01012	0.07244	0.01213	0.01365	0.00757	0.00943	0.01237	0.01533	0.02070	0.04093	0.65022	0.04845	0.02321	0.00988	0.00315	0.00527	0.02097	0.00698	0.00694
4	0.01571	0.01485	0.02512	0.59854	0.15257	0.01781	0.02239	0.02091	0.01621	0.02116	0.01422	0.02090	0.01089	0.00779	0.00792	0.00260	0.01039	0.00705	0.00359	0.00940
5	0.01498	0.01409	0.02378	0.70226	0.05462	0.01762	0.02202	0.02026	0.01586	0.02026	0.01409	0.02114	0.01057	0.00793	0.00793	0.00264	0.01057	0.00705	0.00352	0.00881
6	0.02175	0.01937	0.02031	0.11653	0.06247	0.11432	0.01502	0.06254	0.34313	0.07369	0.02555	0.02727	0.01963	0.01008	0.00800	0.00258	0.00839	0.03120	0.00670	0.01144
7	0.01271	0.00843	0.01108	0.01023	0.01236	0.00774	0.00774	0.01641	0.02246	0.07123	0.62879	0.05726	0.07145	0.01582	0.00927	0.00249	0.00392	0.01395	0.00880	0.00785
8	0.73615	0.01523	0.01203	0.01063	0.01561	0.01745	0.00876	0.02416	0.01401	0.07121	0.01217	0.01367	0.00920	0.00750	0.00508	0.00245	0.00617	0.00450	0.00518	0.00886
9	0.01498	0.01409	0.02378	0.70226	0.05462	0.01762	0.02202	0.02026	0.01586	0.02026	0.01409	0.02114	0.01057	0.00793	0.00793	0.00264	0.01057	0.00705	0.00352	0.00881
10	0.01122	0.00811	0.01060	0.00998	0.01185	0.00748	0.00748	0.01496	0.02245	0.03180	0.66766	0.05923	0.07482	0.01621	0.00935	0.00249	0.00374	0.01434	0.00873	0.00748
11	0.00966	0.00690	0.00920	0.01104	0.01150	0.00644	0.00736	0.01104	0.01518	0.02024	0.04371	0.71614	0.05245	0.02484	0.01012	0.00322	0.00460	0.02254	0.00736	0.00644
12	0.00966	0.00690	0.00920	0.01104	0.01150	0.00644	0.00736	0.01104	0.01518	0.02024	0.04371	0.71614	0.05245	0.02484	0.01012	0.00322	0.00460	0.02254	0.00736	0.00644
13	0.03150	0.01397	0.01799	0.01434	0.01998	0.01306	0.01166	0.03837	0.14664	0.52540	0.05727	0.02880	0.02276	0.01026	0.00805	0.00250	0.00653	0.00843	0.00943	0.01307
14	0.28209	0.02001	0.11411	0.01500	0.02151	0.01760	0.01391	0.15021	0.04892	0.21412	0.01958	0.01927	0.01348	0.00863	0.00687	0.00246	0.00763	0.00630	0.00676	0.01153
15	0.19591	0.01696	0.02065	0.01613	0.02209	0.01744	0.07123	0.16879	0.08511	0.24342	0.02199	0.02136	0.01520	0.00884	0.00733	0.00243	0.00759	0.00706	0.00737	0.04307
16	0.05382	0.16498	0.28316	0.01909	0.02700	0.08311	0.06930	0.02641	0.05710	0.06171	0.06697	0.02064	0.01669	0.00838	0.00725	0.00233	0.00997	0.00666	0.00463	0.01078
17	0.06701	0.05659	0.02683	0.02114	0.07633	0.01680	0.16549	0.04617	0.01836	0.12791	0.02201	0.02402	0.06452	0.00893	0.00935	0.00232	0.07429	0.00773	0.00542	0.15880
18	0.05170	0.01778	0.02002	0.05222	0.02231	0.08872	0.04838	0.20419	0.02272	0.09206	0.01946	0.02330	0.01534	0.03982	0.12257	0.00428	0.05356	0.00739	0.08401	0.01019
19	0.02110	0.01784	0.04884	0.05469	0.02352	0.01715	0.04788	0.27873	0.02460	0.03387	0.02071	0.02516	0.04417	0.08682	0.03892	0.00314	0.00873	0.00758	0.00599	0.19054
20	0.09373	0.01621	0.05129	0.01431	0.01940	0.01524	0.01201	0.20136	0.04957	0.13606	0.04680	0.13112	0.06152	0.01243	0.00798	0.00248	0.00685	0.02793	0.00727	0.08643

[dist]
# distance from previous block
# <min> <max>
35	170

[block]
# block no. 8 follows, 24 sequences, length 29
# corresponding to MSA columns:
# 734-762
name=unknown_I
#
# <colnr> <probs for GDERKNQSTAVLIFYWHMCP>
#	G	D	E	R	K	N	Q	S	T	A	V	L	I	F	Y	W	H	M	C	P
0	0.06380	0.05160	0.07308	0.11749	0.10541	0.01919	0.09046	0.14039	0.07125	0.03005	0.04786	0.05314	0.01736	0.00939	0.00859	0.00249	0.03815	0.00804	0.00535	0.04689
1	0.09039	0.01761	0.07669	0.05533	0.02228	0.01690	0.01367	0.14586	0.19562	0.05939	0.08876	0.08209	0.02604	0.01160	0.00801	0.00258	0.00713	0.03352	0.00698	0.03954
2	0.05935	0.01962	0.13660	0.01738	0.04963	0.01528	0.04333	0.09059	0.09732	0.10239	0.09631	0.05345	0.02293	0.00973	0.00765	0.00229	0.00756	0.00819	0.00630	0.15410
3	0.02216	0.07291	0.10670	0.01888	0.09440	0.01716	0.01510	0.13177	0.10200	0.13376	0.02447	0.05418	0.03819	0.00979	0.00747	0.00233	0.00756	0.00800	0.08662	0.04655
4	0.02175	0.04275	0.11254	0.01629	0.02294	0.04003	0.05060	0.12727	0.07425	0.11200	0.01957	0.02166	0.01491	0.04190	0.00874	0.00232	0.00812	0.00674	0.03712	0.21853
5	0.05517	0.01596	0.04205	0.01561	0.04494	0.01394	0.03763	0.13263	0.02112	0.10450	0.05769	0.08292	0.02009	0.00946	0.00729	0.00200	0.00690	0.00796	0.00623	0.31590
6	0.09084	0.01551	0.01616	0.01360	0.01792	0.04544	0.01067	0.14164	0.10687	0.05614	0.05195	0.08368	0.02157	0.03795	0.00923	0.00246	0.03455	0.00845	0.08191	0.15346
7	0.05523	0.05074	0.08159	0.01930	0.04726	0.04488	0.10999	0.13676	0.05161	0.06761	0.07961	0.08655	0.02232	0.01147	0.00976	0.03746	0.03322	0.00911	0.00593	0.03959
8	0.05597	0.07509	0.11783	0.01524	0.02101	0.01734	0.01404	0.17907	0.05022	0.06119	0.08456	0.08042	0.02255	0.01058	0.00805	0.00231	0.02975	0.00839	0.04086	0.10555
9	0.01845	0.05760	0.24523	0.02017	0.02726	0.08236	0.13593	0.07182	0.01944	0.02710	0.06023	0.02271	0.01696	0.01047	0.03484	0.00276	0.01055	0.00737	0.11851	0.01023
10	0.09448	0.02279	0.22538	0.14041	0.05982	0.01680	0.04712	0.08939	0.01887	0.02816	0.04994	0.02624	0.03934	0.01122	0.03264	0.00291	0.00972	0.03486	0.03978	0.01012
11	0.02084	0.02824	0.32403	0.02407	0.06142	0.01761	0.16301	0.02918	0.07170	0.15211	0.01947	0.02098	0.01364	0.00803	0.00809	0.00254	0.01057	0.00737	0.00517	0.01194
12	0.01590	0.04102	0.68023	0.02260	0.03432	0.01842	0.02930	0.02511	0.01674	0.02511	0.01423	0.01674	0.01005	0.00753	0.00753	0.00251	0.01172	0.00586	0.00335	0.01172
13	0.01644	0.01409	0.01644	0.01175	0.01879	0.01057	0.00940	0.01997	0.01644	0.02584	0.01409	0.01644	0.01175	0.00587	0.00587	0.00117	0.00587	0.00470	0.00470	0.76979
14	0.01110	0.00858	0.01190	0.01199	0.01379	0.00774	0.03556	0.01342	0.01681	0.02298	0.13487	0.46452	0.07167	0.02055	0.00956	0.00288	0.00509	0.04706	0.00715	0.08276
15	0.01644	0.01409	0.01644	0.01175	0.01879	0.01057	0.00940	0.01997	0.01644	0.02584	0.01409	0.01644	0.01175	0.00587	0.00587	0.00117	0.00587	0.00470	0.00470	0.76979
16	0.77733	0.01534	0.01166	0.01043	0.01534	0.01779	0.00859	0.02331	0.01350	0.03558	0.01104	0.01288	0.00859	0.00736	0.00491	0.00245	0.00613	0.00429	0.00491	0.00859
17	0.01208	0.00882	0.01191	0.04529	0.01595	0.00886	0.01036	0.04647	0.01745	0.02302	0.04042	0.42646	0.04604	0.02221	0.01020	0.00330	0.00605	0.23069	0.00719	0.00722
18	0.00966	0.00690	0.00920	0.01104	0.01150	0.00644	0.00736	0.01104	0.01518	0.02024	0.04371	0.71614	0.05245	0.02484	0.01012	0.00322	0.00460	0.02254	0.00736	0.00644
19	0.01153	0.00769	0.00865	0.00865	0.00865	0.00769	0.00480	0.01153	0.01153	0.01538	0.02499	0.05189	0.02883	0.72131	0.04036	0.00769	0.00769	0.01153	0.00480	0.00480
20	0.01077	0.00758	0.00957	0.03655	0.01189	0.00748	0.00678	0.01178	0.01385	0.01851	0.05935	0.36307	0.04108	0.33812	0.02365	0.00518	0.00619	0.01665	0.00612	0.00584
21	0.02791	0.01806	0.02113	0.04996	0.04927	0.01923	0.01401	0.36760	0.05846	0.17892	0.05287	0.02385	0.01840	0.00976	0.00787	0.00240	0.00778	0.00775	0.05223	0.01255
22	0.01741	0.01569	0.02557	0.08227	0.07130	0.01472	0.17436	0.02263	0.04765	0.05488	0.04861	0.07495	0.01869	0.00898	0.00851	0.00220	0.03395	0.00851	0.00510	0.26401
23	0.02111	0.04843	0.02039	0.01455	0.02086	0.01536	0.04401	0.16500	0.04899	0.08773	0.04399	0.02357	0.05383	0.00852	0.00709	0.00186	0.00694	0.00698	0.00622	0.35456
24	0.02041	0.01735	0.04798	0.01437	0.02018	0.03817	0.01184	0.16681	0.08309	0.06060	0.02082	0.08240	0.01795	0.04115	0.00869	0.00222	0.00714	0.00778	0.00616	0.32488
25	0.02153	0.08192	0.04903	0.01628	0.05031	0.05469	0.03794	0.08207	0.04902	0.11748	0.01940	0.04989	0.01554	0.00835	0.00692	0.00192	0.00754	0.00682	0.04539	0.27796
26	0.08906	0.02162	0.12266	0.05348	0.10351	0.04588	0.08123	0.13998	0.05104	0.05217	0.07996	0.02277	0.01850	0.00871	0.00767	0.00235	0.00891	0.00742	0.00558	0.07750
27	0.02362	0.01759	0.02211	0.01989	0.08497	0.05578	0.06538	0.11951	0.12586	0.15656	0.02301	0.05456	0.01779	0.00965	0.00852	0.00236	0.03717	0.00807	0.04095	0.10665
28	0.05446	0.04422	0.05194	0.01615	0.06798	0.03564	0.01214	0.08378	0.07830	0.10388	0.07626	0.13783	0.02650	0.04383	0.00923	0.00261	0.00686	0.01002	0.04117	0.09723

[dist]
# distance from previous block
# <min> <max>
11	301

[block]
# block no. 9 follows, 24 sequences, length 35
# corresponding to MSA columns:
# 1064-1098
name=unknown_J
#
# <colnr> <probs for GDERKNQSTAVLIFYWHMCP>
#	G	D	E	R	K	N	Q	S	T	A	V	L	I	F	Y	W	H	M	C	P
0	0.04993	0.01981	0.07353	0.08941	0.02708	0.04599	0.06596	0.20441	0.04430	0.09474	0.04272	0.02131	0.01562	0.00851	0.00751	0.00223	0.00858	0.00701	0.02793	0.14342
1	0.08007	0.08097	0.21701	0.01583	0.02310	0.04427	0.01623	0.02674	0.04954	0.15848	0.06751	0.02418	0.04470	0.00903	0.00721	0.00225	0.00818	0.00706	0.00578	0.11187
2	0.15519	0.01555	0.01829	0.11344	0.02450	0.01631	0.01283	0.15113	0.06688	0.18738	0.06795	0.02360	0.01876	0.00920	0.00732	0.00236	0.00725	0.00724	0.00696	0.08786
3	0.05316	0.01200	0.01481	0.01227	0.01642	0.01121	0.00971	0.08984	0.02292	0.21780	0.30610	0.06017	0.04291	0.01257	0.00831	0.00236	0.00547	0.01065	0.00836	0.08298
4	0.09033	0.08335	0.02003	0.01356	0.01967	0.01551	0.03103	0.07050	0.05257	0.02785	0.01606	0.04653	0.01379	0.00779	0.00706	0.00175	0.03370	0.00603	0.00507	0.43780
5	0.01239	0.01034	0.01634	0.01438	0.01673	0.00953	0.11709	0.01467	0.01536	0.02102	0.05812	0.34416	0.03692	0.18376	0.01668	0.00395	0.00693	0.01560	0.00598	0.08005
6	0.19189	0.01463	0.01758	0.01386	0.01944	0.01391	0.05935	0.07316	0.01767	0.02950	0.04068	0.02286	0.01602	0.01287	0.07153	0.00296	0.00821	0.03634	0.00520	0.33232
7	0.01631	0.01468	0.08086	0.25655	0.03075	0.01368	0.01568	0.07809	0.01802	0.07457	0.02565	0.24974	0.02544	0.01473	0.00976	0.04080	0.00806	0.01210	0.00568	0.00885
8	0.02104	0.01876	0.08542	0.36836	0.04028	0.01896	0.01953	0.17876	0.05318	0.09175	0.01787	0.02117	0.01278	0.00860	0.00790	0.00255	0.00965	0.00714	0.00543	0.01088
9	0.18033	0.01658	0.08178	0.24016	0.03144	0.01531	0.01577	0.02561	0.01739	0.18431	0.04102	0.02136	0.01470	0.00835	0.00714	0.00241	0.00817	0.00664	0.00561	0.07592
10	0.09398	0.01510	0.01813	0.08035	0.02255	0.01625	0.03017	0.24855	0.02413	0.08468	0.02622	0.18499	0.02466	0.01350	0.00832	0.00269	0.00740	0.05394	0.03418	0.01022
11	0.09148	0.01279	0.06508	0.01209	0.01615	0.01042	0.01039	0.02279	0.02121	0.20149	0.38618	0.04298	0.04889	0.01300	0.00842	0.00248	0.00539	0.01104	0.00823	0.00950
12	0.02833	0.02131	0.02278	0.01788	0.02390	0.02374	0.01463	0.54040	0.14524	0.04705	0.02134	0.02087	0.01535	0.00973	0.00796	0.00243	0.00830	0.00746	0.00796	0.01332
13	0.01667	0.01846	0.08966	0.04744	0.02713	0.01860	0.18875	0.02066	0.01536	0.02241	0.01688	0.02678	0.01516	0.01223	0.01624	0.04454	0.26433	0.06619	0.06351	0.00901
14	0.05822	0.40894	0.22328	0.01744	0.04935	0.02492	0.01815	0.02531	0.01676	0.07313	0.01369	0.01528	0.01089	0.00728	0.00612	0.00205	0.00921	0.00511	0.00398	0.01090
15	0.01153	0.00769	0.00865	0.00865	0.00865	0.00769	0.00480	0.01153	0.01153	0.01538	0.02499	0.05189	0.02883	0.72131	0.04036	0.00769	0.00769	0.01153	0.00480	0.00480
16	0.00966	0.00690	0.00920	0.01104	0.01150	0.00644	0.00736	0.01104	0.01518	0.02024	0.04371	0.71614	0.05245	0.02484	0.01012	0.00322	0.00460	0.02254	0.00736	0.00644
17	0.01441	0.02768	0.39211	0.04711	0.08918	0.01487	0.02197	0.02077	0.01663	0.02396	0.04553	0.20370	0.02385	0.01239	0.00833	0.00269	0.00929	0.01074	0.00466	0.01014
18	0.01537	0.01070	0.01420	0.01530	0.04855	0.01078	0.01176	0.02153	0.11078	0.07863	0.15341	0.12401	0.04482	0.01783	0.00978	0.00310	0.00632	0.28666	0.00771	0.00877
19	0.01498	0.01409	0.02378	0.70226	0.05462	0.01762	0.02202	0.02026	0.01586	0.02026	0.01409	0.02114	0.01057	0.00793	0.00793	0.00264	0.01057	0.00705	0.00352	0.00881
20	0.01579	0.01579	0.03081	0.12515	0.03262	0.01562	0.34037	0.02007	0.01593	0.02134	0.01869	0.03139	0.01734	0.24195	0.01934	0.00432	0.01108	0.00973	0.00420	0.00848
21	0.01671	0.01605	0.02780	0.45100	0.25694	0.01815	0.05646	0.02188	0.01674	0.02240	0.01447	0.02066	0.01130	0.00758	0.00798	0.00255	0.01034	0.00718	0.00368	0.01015
22	0.00995	0.00757	0.00916	0.00979	0.01133	0.00678	0.00695	0.01212	0.01792	0.02346	0.20877	0.34457	0.26063	0.02116	0.00969	0.00286	0.00420	0.01862	0.00770	0.00678
23	0.01836	0.02069	0.04458	0.09757	0.04271	0.01982	0.58348	0.02491	0.01844	0.02491	0.01586	0.02137	0.01189	0.00680	0.00922	0.00267	0.01310	0.00914	0.00396	0.01051
24	0.01742	0.01759	0.03434	0.05913	0.03320	0.01706	0.39849	0.08062	0.01948	0.02623	0.02296	0.19009	0.02193	0.01143	0.00934	0.00278	0.01066	0.01224	0.00517	0.00983
25	0.00966	0.00690	0.00920	0.01104	0.01150	0.00644	0.00736	0.01104	0.01518	0.02024	0.04371	0.71614	0.05245	0.02484	0.01012	0.00322	0.00460	0.02254	0.00736	0.00644
26	0.00966	0.00690	0.00920	0.01104	0.01150	0.00644	0.00736	0.01104	0.01518	0.02024	0.04371	0.71614	0.05245	0.02484	0.01012	0.00322	0.00460	0.02254	0.00736	0.00644
27	0.02021	0.03499	0.53539	0.02074	0.03124	0.01694	0.02544	0.02807	0.01805	0.16785	0.01796	0.01898	0.01214	0.00803	0.00763	0.00250	0.01063	0.00632	0.00476	0.01211
28	0.01644	0.01409	0.01644	0.01175	0.01879	0.01057	0.00940	0.01997	0.01644	0.02584	0.01409	0.01644	0.01175	0.00587	0.00587	0.00117	0.00587	0.00470	0.00470	0.76979
29	0.01836	0.02070	0.04460	0.09703	0.04270	0.01982	0.58399	0.02491	0.01844	0.02491	0.01586	0.02137	0.01189	0.00680	0.00922	0.00267	0.01310	0.00914	0.00396	0.01052
30	0.01951	0.01770	0.02686	0.01940	0.02662	0.01586	0.20106	0.13045	0.02075	0.02991	0.01554	0.01838	0.01213	0.00675	0.00728	0.00184	0.00863	0.00653	0.00505	0.40975
31	0.01293	0.01104	0.01286	0.01284	0.01425	0.07395	0.00959	0.01522	0.01376	0.01833	0.02297	0.09765	0.02308	0.12796	0.48450	0.01023	0.01741	0.00987	0.00460	0.00696
32	0.01060	0.00757	0.01028	0.01211	0.01298	0.00725	0.00899	0.01266	0.01611	0.02129	0.04319	0.52756	0.05040	0.02396	0.01037	0.00335	0.00541	0.20187	0.00734	0.00670
33	0.02918	0.01482	0.01823	0.01479	0.02003	0.01456	0.01189	0.15485	0.10570	0.38784	0.03059	0.11373	0.02320	0.01180	0.00825	0.00257	0.00680	0.00980	0.00891	0.01247
34	0.01236	0.00981	0.04661	0.01117	0.01292	0.00833	0.00853	0.01461	0.01613	0.05412	0.15962	0.22367	0.06722	0.20707	0.08231	0.00507	0.00740	0.03949	0.00657	0.00696

[dist]
# distance from previous block
# <min> <max>
0	6

[block]
# block no. 10 follows, 24 sequences, length 115
# corresponding to MSA columns:
# 1105-1219
name=unknown_K
#
# <colnr> <probs for GDERKNQSTAVLIFYWHMCP>
#	G	D	E	R	K	N	Q	S	T	A	V	L	I	F	Y	W	H	M	C	P
0	0.00966	0.00690	0.00920	0.01104	0.01150	0.00644	0.00736	0.01104	0.01518	0.02024	0.04371	0.71614	0.05245	0.02484	0.01012	0.00322	0.00460	0.02254	0.00736	0.00644
1	0.01644	0.01409	0.01644	0.01175	0.01879	0.01057	0.00940	0.01997	0.01644	0.02584	0.01409	0.01644	0.01175	0.00587	0.00587	0.00117	0.00587	0.00470	0.00470	0.76979
2	0.01735	0.01735	0.02429	0.02082	0.02082	0.02429	0.01735	0.01908	0.01214	0.01908	0.01041	0.01735	0.01041	0.01388	0.02602	0.00347	0.70680	0.00694	0.00347	0.00867
3	0.01735	0.01735	0.02429	0.02082	0.02082	0.02429	0.01735	0.01908	0.01214	0.01908	0.01041	0.01735	0.01041	0.01388	0.02602	0.00347	0.70680	0.00694	0.00347	0.00867
4	0.00964	0.00739	0.00884	0.00985	0.01122	0.00659	0.00686	0.01138	0.01667	0.02132	0.09137	0.43860	0.28665	0.02258	0.00980	0.00298	0.00433	0.01990	0.00744	0.00659
5	0.00994	0.00745	0.00931	0.01067	0.01186	0.00681	0.00764	0.01175	0.01628	0.02095	0.05296	0.47919	0.21064	0.02328	0.01002	0.00313	0.00476	0.08939	0.00735	0.00661
6	0.01099	0.00798	0.01036	0.01002	0.01177	0.00734	0.00742	0.01442	0.02153	0.03021	0.58097	0.12883	0.09388	0.01726	0.00943	0.00258	0.00384	0.01529	0.00854	0.00734
7	0.02082	0.02083	0.03291	0.06376	0.45566	0.07293	0.12192	0.06625	0.01972	0.02672	0.01513	0.01949	0.01228	0.00728	0.00804	0.00239	0.01043	0.00728	0.00420	0.01193
8	0.00952	0.00803	0.00827	0.00842	0.01097	0.00678	0.00635	0.01157	0.01797	0.02147	0.07734	0.10217	0.61915	0.02034	0.00947	0.00274	0.00417	0.04120	0.00736	0.00671
9	0.01118	0.00754	0.00875	0.00909	0.00918	0.00746	0.00528	0.01144	0.01221	0.01628	0.02847	0.17545	0.03322	0.59177	0.03474	0.00686	0.00711	0.01358	0.00528	0.00511
10	0.07496	0.01173	0.01414	0.01293	0.01579	0.01206	0.03725	0.14590	0.02037	0.05861	0.03099	0.32826	0.03178	0.01594	0.00828	0.00267	0.00588	0.01390	0.14983	0.00874
11	0.01021	0.00758	0.01011	0.01155	0.01196	0.00759	0.00787	0.01156	0.01485	0.01998	0.04091	0.64671	0.04892	0.05188	0.01230	0.00341	0.04794	0.02114	0.00702	0.00651
12	0.00966	0.00690	0.00920	0.01104	0.01150	0.00644	0.00736	0.01104	0.01518	0.02024	0.04371	0.71614	0.05245	0.02484	0.01012	0.00322	0.00460	0.02254	0.00736	0.00644
13	0.01676	0.06143	0.01811	0.01187	0.01890	0.01195	0.00967	0.02022	0.01642	0.02536	0.01389	0.01620	0.01164	0.00593	0.00582	0.00121	0.00605	0.00467	0.00461	0.71929
14	0.01972	0.01703	0.01793	0.01614	0.02062	0.01972	0.01255	0.04214	0.65752	0.03317	0.03228	0.02959	0.02421	0.01076	0.00807	0.00269	0.00628	0.00897	0.00807	0.01255
15	0.01748	0.04934	0.18176	0.17468	0.11308	0.01944	0.28071	0.02406	0.01750	0.02405	0.01491	0.01979	0.01127	0.00719	0.00832	0.00256	0.01178	0.00764	0.00373	0.01071
16	0.02956	0.02060	0.02249	0.01752	0.02363	0.02253	0.01438	0.50515	0.10759	0.12064	0.02199	0.02118	0.01544	0.00970	0.00795	0.00242	0.00821	0.00745	0.00817	0.01338
