[name]
unknown

[dist]
# distance from previous block
# <min> <max>
4	33

[block]
# block no. 0 follows, 25 sequences, length 19
# corresponding to MSA columns:
# 33-51
name=unknown_A
#
# <colnr> <probs for GDERKNQSTAVLIFYWHMCP>
#	G	D	E	R	K	N	Q	S	T	A	V	L	I	F	Y	W	H	M	C	P
0	0.10861	0.01048	0.01254	0.01288	0.04551	0.01058	0.00896	0.04550	0.05590	0.09260	0.15859	0.25587	0.03930	0.06796	0.01062	0.00301	0.00541	0.01339	0.03401	0.00829
1	0.01068	0.00784	0.00976	0.01023	0.01159	0.00718	0.00717	0.01251	0.01588	0.02142	0.13614	0.33954	0.11071	0.14560	0.01471	0.00365	0.00513	0.06157	0.00676	0.06192
2	0.09101	0.01108	0.01218	0.01121	0.01406	0.01167	0.00867	0.10254	0.06740	0.03010	0.11817	0.10762	0.02989	0.03345	0.06772	0.00333	0.00658	0.03150	0.20395	0.03788
3	0.01479	0.01030	0.01212	0.01114	0.01341	0.01037	0.00817	0.12337	0.01897	0.02696	0.12124	0.17920	0.03364	0.13508	0.06447	0.02598	0.00679	0.01182	0.10907	0.06311
4	0.06899	0.00947	0.01093	0.01095	0.01270	0.00973	0.00797	0.07434	0.04000	0.02560	0.09543	0.28201	0.03698	0.09311	0.01302	0.04865	0.00545	0.04789	0.09957	0.00722
5	0.07052	0.01024	0.01054	0.01007	0.01217	0.03562	0.00732	0.06158	0.01666	0.05252	0.03272	0.13679	0.12320	0.10459	0.01399	0.08996	0.00568	0.01094	0.18780	0.00707
6	0.06990	0.01595	0.01711	0.01400	0.01866	0.04204	0.01120	0.22959	0.09368	0.18835	0.07381	0.02664	0.02138	0.04000	0.00873	0.00253	0.00687	0.00788	0.10058	0.01111
7	0.02123	0.01417	0.01636	0.01331	0.01791	0.01402	0.01049	0.19751	0.07024	0.12567	0.07074	0.08260	0.02343	0.05778	0.03222	0.00283	0.00690	0.00881	0.04979	0.16397
8	0.05532	0.01101	0.01318	0.01153	0.01483	0.01093	0.00900	0.05270	0.10698	0.15578	0.35794	0.04198	0.04659	0.01274	0.00818	0.00240	0.00488	0.01085	0.06378	0.00940
9	0.17257	0.05574	0.02210	0.27850	0.03289	0.01623	0.09345	0.02153	0.01590	0.08265	0.01896	0.12152	0.01686	0.01000	0.00748	0.00256	0.00849	0.00876	0.00487	0.00895
10	0.16182	0.01439	0.01700	0.01364	0.01920	0.01417	0.01115	0.06158	0.11939	0.44556	0.02680	0.02406	0.01775	0.00931	0.00729	0.00243	0.00650	0.00729	0.00843	0.01222
11	0.01630	0.05517	0.44172	0.02236	0.03142	0.01860	0.12592	0.02496	0.06438	0.02494	0.04696	0.01993	0.01422	0.00821	0.00876	0.00252	0.05180	0.00691	0.00398	0.01093
12	0.01010	0.00810	0.00906	0.00907	0.01127	0.00725	0.00670	0.01326	0.04570	0.02392	0.22701	0.15306	0.41004	0.01888	0.00920	0.00264	0.00403	0.01618	0.00758	0.00695
13	0.01691	0.01734	0.02740	0.27921	0.03716	0.07644	0.18388	0.02139	0.01609	0.02129	0.01479	0.02081	0.01188	0.01204	0.06054	0.00333	0.11434	0.00743	0.04881	0.00891
14	0.02642	0.02020	0.02155	0.01722	0.02288	0.02262	0.01400	0.46992	0.22479	0.04394	0.02249	0.02171	0.01633	0.00967	0.00780	0.00242	0.00781	0.00752	0.00780	0.01291
15	0.03171	0.01287	0.01724	0.01351	0.01903	0.01141	0.01105	0.03575	0.05521	0.58846	0.09233	0.02954	0.02459	0.01024	0.00793	0.00241	0.00629	0.00844	0.00941	0.01259
16	0.01058	0.00779	0.00965	0.00938	0.01107	0.00713	0.00681	0.01343	0.01969	0.02701	0.46494	0.10825	0.17160	0.08402	0.01205	0.00300	0.00413	0.01475	0.00785	0.00686
17	0.00965	0.00736	0.00876	0.00957	0.01085	0.00676	0.00663	0.01119	0.01536	0.01960	0.05269	0.35831	0.28150	0.09853	0.06260	0.00408	0.00578	0.01778	0.00672	0.00627
18	0.02192	0.49552	0.11458	0.01581	0.02245	0.17577	0.01550	0.02508	0.01720	0.01917	0.01142	0.01325	0.00994	0.00702	0.00571	0.00183	0.00993	0.00452	0.00346	0.00992

[dist]
# distance from previous block
# <min> <max>
0	2

[block]
# block no. 1 follows, 25 sequences, length 76
# corresponding to MSA columns:
# 54-129
name=unknown_B
#
# <colnr> <probs for GDERKNQSTAVLIFYWHMCP>
#	G	D	E	R	K	N	Q	S	T	A	V	L	I	F	Y	W	H	M	C	P
0	0.02406	0.01903	0.02022	0.01675	0.02198	0.02152	0.01343	0.32832	0.37023	0.04014	0.02549	0.02409	0.01875	0.00995	0.00783	0.00249	0.00726	0.00793	0.00783	0.01270
1	0.67342	0.01607	0.03698	0.01119	0.01637	0.01730	0.00960	0.05015	0.01488	0.07802	0.01255	0.01390	0.00936	0.00745	0.00521	0.00240	0.00634	0.00461	0.00518	0.00903
2	0.01831	0.01957	0.03945	0.08860	0.24717	0.01905	0.40141	0.02412	0.01788	0.02462	0.01519	0.02034	0.01182	0.00675	0.00857	0.00251	0.01162	0.00826	0.00386	0.01091
3	0.00954	0.00682	0.00908	0.01073	0.01127	0.00636	0.00720	0.01104	0.01529	0.02050	0.08228	0.68089	0.05265	0.02376	0.00985	0.00310	0.00445	0.02154	0.00728	0.00636
4	0.02376	0.08136	0.02289	0.01670	0.02192	0.02101	0.04283	0.39051	0.10621	0.03876	0.04632	0.10942	0.02108	0.01121	0.00791	0.00243	0.00775	0.00920	0.00716	0.01158
5	0.01021	0.00744	0.00960	0.01002	0.01136	0.00684	0.00715	0.01279	0.01871	0.02567	0.36940	0.32910	0.11370	0.01959	0.00945	0.00274	0.00402	0.01747	0.00788	0.00684
6	0.01363	0.01130	0.01737	0.06217	0.14225	0.01082	0.05934	0.01711	0.01870	0.05036	0.22871	0.12282	0.18528	0.01453	0.00882	0.00255	0.00610	0.01306	0.00657	0.00851
7	0.01794	0.14075	0.43534	0.01943	0.02849	0.10971	0.02254	0.02441	0.01695	0.02274	0.01420	0.04040	0.01143	0.00784	0.00695	0.00222	0.01072	0.00590	0.00360	0.05847
8	0.78228	0.01499	0.01140	0.01020	0.01499	0.01739	0.00840	0.02279	0.01320	0.03479	0.01080	0.01260	0.00840	0.00720	0.00480	0.00240	0.00600	0.00420	0.00480	0.00840
9	0.01278	0.00856	0.01135	0.01094	0.01250	0.00881	0.00790	0.01462	0.01333	0.06185	0.02625	0.08103	0.05435	0.25493	0.33605	0.00862	0.01313	0.01023	0.00504	0.04774
10	0.01626	0.01830	0.07257	0.34191	0.04333	0.01896	0.23735	0.02168	0.01603	0.02168	0.01396	0.01999	0.01077	0.00809	0.01057	0.00269	0.10527	0.00758	0.00359	0.00941
11	0.01728	0.08092	0.36001	0.01762	0.02613	0.01663	0.01979	0.02543	0.08981	0.06420	0.01819	0.05586	0.01449	0.00840	0.00710	0.00220	0.00888	0.00674	0.00464	0.15569
12	0.06811	0.63997	0.03768	0.01354	0.01962	0.02939	0.01321	0.02289	0.01534	0.01930	0.01074	0.01275	0.00987	0.00713	0.00632	0.00182	0.05483	0.00432	0.00341	0.00976
13	0.01497	0.01070	0.01149	0.01075	0.01200	0.05028	0.00720	0.05703	0.01446	0.05986	0.02309	0.04161	0.02412	0.48359	0.14006	0.00733	0.01006	0.00992	0.00508	0.00641
14	0.01069	0.00791	0.00997	0.00945	0.01141	0.00719	0.00709	0.01408	0.02127	0.02949	0.58090	0.06055	0.16830	0.01645	0.00915	0.00247	0.00370	0.01439	0.00832	0.00719
15	0.03479	0.01320	0.01799	0.01380	0.01979	0.01140	0.01140	0.03779	0.02219	0.68451	0.03059	0.02639	0.01919	0.00960	0.00780	0.00240	0.00660	0.00780	0.00960	0.01320
16	0.01326	0.00948	0.05543	0.04809	0.01382	0.00817	0.00873	0.01194	0.01148	0.01553	0.04406	0.02811	0.01767	0.11868	0.02788	0.54454	0.00721	0.00761	0.00377	0.00454
17	0.10321	0.01336	0.01739	0.01347	0.01935	0.01195	0.01112	0.03641	0.02137	0.62503	0.02878	0.02513	0.01820	0.00938	0.00752	0.00240	0.00654	0.00747	0.00916	0.01276
18	0.02853	0.03614	0.02239	0.02119	0.05275	0.66660	0.01537	0.03065	0.02178	0.01926	0.01210	0.01421	0.01009	0.00794	0.00702	0.00201	0.01377	0.00508	0.00399	0.00913
19	0.01128	0.00752	0.00846	0.00846	0.00846	0.00752	0.00470	0.01128	0.01128	0.01503	0.02443	0.05074	0.02819	0.72751	0.03946	0.00752	0.00752	0.01128	0.00470	0.00470
20	0.01973	0.01688	0.01778	0.01587	0.02033	0.01949	0.01238	0.06809	0.63751	0.03316	0.03099	0.02848	0.02321	0.01047	0.00788	0.00262	0.00624	0.00869	0.00788	0.01231
21	0.02134	0.68105	0.03926	0.01376	0.02020	0.07963	0.01339	0.02379	0.01621	0.01830	0.01087	0.01255	0.00995	0.00673	0.00512	0.00168	0.00871	0.00421	0.00337	0.00988
22	0.05042	0.44507	0.08706	0.05821	0.02295	0.05268	0.01493	0.04562	0.01665	0.04850	0.01350	0.04034	0.01193	0.00816	0.00717	0.00205	0.05530	0.00556	0.00397	0.00991
23	0.00916	0.00785	0.00785	0.00785	0.01047	0.00655	0.00589	0.01113	0.01767	0.02095	0.07855	0.07462	0.67599	0.01964	0.00916	0.00262	0.00393	0.01636	0.00720	0.00655
24	0.01948	0.02274	0.14318	0.09173	0.29362	0.08462	0.06001	0.02455	0.01810	0.06553	0.04603	0.02049	0.01465	0.00766	0.00761	0.00229	0.00979	0.00690	0.00435	0.05667
25	0.02301	0.02376	0.02096	0.01916	0.04832	0.23830	0.03829	0.07486	0.36774	0.02854	0.02315	0.02276	0.01769	0.00933	0.00763	0.00239	0.00921	0.00738	0.00631	0.01120
26	0.02350	0.01875	0.01991	0.01663	0.02177	0.02125	0.01329	0.29441	0.40506	0.03923	0.02620	0.02466	0.01933	0.01002	0.00783	0.00250	0.00713	0.00803	0.00783	0.01265
27	0.78228	0.01499	0.01140	0.01020	0.01499	0.01739	0.00840	0.02279	0.01320	0.03479	0.01080	0.01260	0.00840	0.00720	0.00480	0.00240	0.00600	0.00420	0.00480	0.00840
28	0.01347	0.00673	0.01010	0.01010	0.01010	0.00673	0.00673	0.01010	0.01010	0.01347	0.01347	0.02357	0.01347	0.02694	0.03030	0.77441	0.00673	0.00673	0.00337	0.00337
29	0.03130	0.01879	0.02146	0.01645	0.02258	0.01970	0.01359	0.44188	0.03156	0.26719	0.02273	0.02129	0.01525	0.00941	0.00777	0.00235	0.00787	0.00726	0.00839	0.01319
30	0.01118	0.00790	0.01042	0.01042	0.01110	0.00858	0.00715	0.01254	0.01186	0.01649	0.02264	0.04080	0.02387	0.39938	0.36169	0.00994	0.01401	0.00982	0.00443	0.00579
31	0.00945	0.00675	0.00900	0.01080	0.01125	0.00630	0.00720	0.01080	0.01484	0.01979	0.04274	0.72245	0.05128	0.02429	0.00990	0.00315	0.00450	0.02204	0.00720	0.00630
32	0.01610	0.11379	0.61848	0.02116	0.03210	0.01936	0.02701	0.02441	0.01630	0.02388	0.01358	0.01595	0.00984	0.00729	0.00711	0.00237	0.01112	0.00556	0.00328	0.01130
33	0.01068	0.00784	0.01001	0.00962	0.01145	0.00717	0.00716	0.01401	0.02103	0.02928	0.57082	0.10366	0.13474	0.01681	0.00920	0.00250	0.00374	0.01480	0.00831	0.00717
34	0.01945	0.01611	0.01729	0.01523	0.01949	0.01827	0.01191	0.11464	0.49922	0.03432	0.11678	0.03154	0.02903	0.01109	0.00804	0.00257	0.00610	0.00925	0.00796	0.01172
35	0.01929	0.01666	0.01753	0.01578	0.02016	0.01929	0.01227	0.04120	0.66513	0.03243	0.03156	0.02893	0.02367	0.01052	0.00789	0.00263	0.00614	0.00877	0.00789	0.01227
36	0.02875	0.02508	0.02296	0.04630	0.02521	0.18610	0.01507	0.47741	0.03211	0.04047	0.01682	0.01758	0.01230	0.00893	0.00757	0.00226	0.00992	0.00650	0.00667	0.01199
37	0.25971	0.01965	0.06024	0.01508	0.02115	0.01990	0.01306	0.32646	0.04518	0.08333	0.01684	0.01732	0.01213	0.00840	0.00672	0.00231	0.00758	0.00603	0.00652	0.05238
38	0.06763	0.01699	0.03043	0.30412	0.16261	0.01827	0.20793	0.02328	0.04794	0.02394	0.01516	0.02033	0.01164	0.00733	0.00796	0.00253	0.01045	0.00748	0.00396	0.01001
39	0.01108	0.00827	0.01229	0.01229	0.01362	0.00960	0.00948	0.01374	0.01241	0.01788	0.02092	0.03131	0.01975	0.08607	0.66936	0.01225	0.02022	0.00843	0.00418	0.00683
40	0.02896	0.03695	0.02197	0.01998	0.02397	0.69638	0.01498	0.03096	0.02197	0.01898	0.01199	0.01398	0.00999	0.00799	0.00699	0.00200	0.01398	0.00499	0.00400	0.00899
41	0.02073	0.73217	0.04063	0.01327	0.01990	0.03068	0.01327	0.02322	0.01575	0.01824	0.01078	0.01244	0.00995	0.00663	0.00498	0.00166	0.00829	0.00415	0.00332	0.00995
42	0.02689	0.02041	0.02215	0.04526	0.02447	0.02284	0.01453	0.50868	0.15795	0.04450	0.02094	0.02071	0.01511	0.00948	0.00778	0.00240	0.00814	0.00732	0.00761	0.01282
43	0.00959	0.00751	0.00865	0.00945	0.01112	0.00667	0.00684	0.01138	0.01642	0.02049	0.06062	0.31463	0.37494	0.04536	0.01057	0.00305	0.00450	0.06464	0.00711	0.00644
44	0.01830	0.02092	0.04575	0.03268	0.04052	0.01961	0.65098	0.02484	0.01830	0.02484	0.01569	0.02092	0.01176	0.00654	0.00915	0.00261	0.01307	0.00915	0.00392	0.01046
45	0.03479	0.01320	0.01799	0.01380	0.01979	0.01140	0.01140	0.03779	0.02219	0.68451	0.03059	0.02639	0.01919	0.00960	0.00780	0.00240	0.00660	0.00780	0.00960	0.01320
46	0.01108	0.00831	0.01246	0.01246	0.01385	0.00969	0.00969	0.01385	0.01246	0.01800	0.02077	0.03046	0.01938	0.05815	0.69678	0.01246	0.02077	0.00831	0.00415	0.00692
47	0.10073	0.01335	0.01741	0.01348	0.01937	0.01193	0.01113	0.03646	0.02140	0.62719	0.02884	0.02517	0.01824	0.00938	0.00753	0.00240	0.00654	0.00748	0.00917	0.01277
48	0.03479	0.01320	0.01799	0.01380	0.01979	0.01140	0.01140	0.03779	0.02219	0.68451	0.03059	0.02639	0.01919	0.00960	0.00780	0.00240	0.00660	0.00780	0.00960	0.01320
49	0.78228	0.01499	0.01140	0.01020	0.01499	0.01739	0.00840	0.02279	0.01320	0.03479	0.01080	0.01260	0.00840	0.00720	0.00480	0.00240	0.00600	0.00420	0.00480	0.00840
50	0.02885	0.01182	0.01603	0.01287	0.01776	0.01033	0.01039	0.03185	0.02166	0.52348	0.14681	0.07812	0.03098	0.01169	0.00818	0.00246	0.00593	0.00986	0.00925	0.01169
51	0.01088	0.00786	0.01028	0.00982	0.01156	0.00726	0.00731	0.01440	0.02152	0.03042	0.63735	0.09754	0.07186	0.01635	0.00919	0.00248	0.00371	0.01450	0.00846	0.00726
52	0.01555	0.04011	0.68733	0.02210	0.03356	0.01801	0.02865	0.02455	0.01637	0.02455	0.01391	0.01637	0.00982	0.00737	0.00737	0.00246	0.01146	0.00573	0.00327	0.01146
53	0.16353	0.01392	0.01711	0.01337	0.01917	0.01304	0.01104	0.06491	0.02133	0.54170	0.02660	0.02363	0.01704	0.00917	0.00728	0.00240	0.00659	0.00714	0.00868	0.01237
54	0.03215	0.03932	0.01938	0.01438	0.02025	0.01428	0.01191	0.13686	0.04773	0.51440	0.04766	0.02570	0.01971	0.00967	0.00774	0.00237	0.00686	0.00776	0.00899	0.01287
55	0.01376	0.00839	0.01110	0.01046	0.01258	0.00766	0.00782	0.01692	0.02069	0.11317	0.47720	0.17459	0.06224	0.01658	0.00911	0.00256	0.00419	0.01468	0.00843	0.00789
56	0.01970	0.01686	0.01776	0.01586	0.02032	0.01948	0.01237	0.06596	0.63971	0.03310	0.03103	0.02851	0.02324	0.01047	0.00788	0.00262	0.00623	0.00869	0.00788	0.01231
57	0.02979	0.02121	0.02295	0.01760	0.02379	0.02329	0.01454	0.61659	0.03560	0.08677	0.01933	0.01908	0.01354	0.00932	0.00776	0.00233	0.00842	0.00703	0.00787	0.01319
58	0.04875	0.02226	0.11820	0.05249	0.03705	0.01880	0.46085	0.04771	0.01848	0.04815	0.01575	0.01996	0.01164	0.00688	0.00850	0.00252	0.01186	0.00818	0.00422	0.03775
59	0.00989	0.00736	0.00988	0.01137	0.01179	0.00734	0.00778	0.01127	0.01467	0.01973	0.04079	0.68038	0.04883	0.02365	0.01082	0.00316	0.04676	0.02113	0.00697	0.00643
60	0.00923	0.00761	0.00811	0.00850	0.01064	0.00649	0.00618	0.01105	0.01705	0.02069	0.07064	0.21762	0.53810	0.02066	0.00933	0.00274	0.00405	0.01762	0.00720	0.00649
61	0.01108	0.00828	0.01230	0.01230	0.01363	0.00961	0.00950	0.01374	0.01241	0.01788	0.02091	0.03126	0.01973	0.08446	0.67095	0.01227	0.02025	0.00842	0.00418	0.00684
62	0.01945	0.04514	0.05665	0.04442	0.60780	0.04290	0.02330	0.02406	0.01769	0.02483	0.01433	0.01866	0.01202	0.00695	0.00754	0.00228	0.00943	0.00670	0.00380	0.01205
63	0.01696	0.01696	0.02375	0.02036	0.02036	0.02375	0.01696	0.01866	0.01187	0.01866	0.01018	0.01696	0.01018	0.01357	0.02545	0.00339	0.71332	0.00679	0.00339	0.00848
64	0.01347	0.00673	0.01010	0.01010	0.01010	0.00673	0.00673	0.01010	0.01010	0.01347	0.01347	0.02357	0.01347	0.02694	0.03030	0.77441	0.00673	0.00673	0.00337	0.00337
65	0.01224	0.00881	0.01215	0.01368	0.01550	0.00871	0.01183	0.01576	0.01816	0.02372	0.09118	0.08468	0.07203	0.02092	0.01053	0.00345	0.00674	0.55555	0.00725	0.00713
66	0.02896	0.03695	0.02197	0.01998	0.02397	0.69638	0.01498	0.03096	0.02197	0.01898	0.01199	0.01398	0.00999	0.00799	0.00699	0.00200	0.01398	0.00499	0.00400	0.00899
67	0.01929	0.01666	0.01753	0.01578	0.02016	0.01929	0.01227	0.04120	0.66513	0.03243	0.03156	0.02893	0.02367	0.01052	0.00789	0.00263	0.00614	0.00877	0.00789	0.01227
68	0.00984	0.00719	0.00933	0.01073	0.01167	0.00667	0.00759	0.01167	0.01603	0.02117	0.09704	0.53201	0.12307	0.02280	0.00984	0.00307	0.00463	0.08183	0.00730	0.00649
69	0.01205	0.01028	0.04780	0.01316	0.01554	0.00886	0.01165	0.01581	0.01870	0.02493	0.18919	0.07583	0.09779	0.01924	0.01005	0.00318	0.00632	0.40500	0.00726	0.00737
70	0.66987	0.04817	0.01384	0.01127	0.01615	0.06111	0.00929	0.04963	0.01483	0.03365	0.01120	0.01293	0.00877	0.00731	0.00507	0.00234	0.00671	0.00436	0.00481	0.00870
71	0.01108	0.00831	0.01246	0.01246	0.01385	0.00969	0.00969	0.01385	0.01246	0.01800	0.02077	0.03046	0.01938	0.05815	0.69678	0.01246	0.02077	0.00831	0.00415	0.00692
72	0.01445	0.00723	0.00723	0.00723	0.00903	0.00723	0.00542	0.01807	0.01626	0.02891	0.02529	0.02891	0.01987	0.00903	0.00542	0.00181	0.00361	0.00723	0.77055	0.00723
73	0.72117	0.04935	0.03525	0.01074	0.01584	0.01804	0.00930	0.02287	0.01342	0.03367	0.01090	0.01271	0.00852	0.00718	0.00489	0.00237	0.00629	0.00425	0.00468	0.00857
74	0.01680	0.01421	0.01646	0.01182	0.01868	0.01107	0.00948	0.05348	0.01717	0.02653	0.01404	0.01621	0.01158	0.00593	0.00585	0.00121	0.00589	0.00472	0.00476	0.73410
75	0.01188	0.00880	0.00915	0.00928	0.00952	0.03957	0.00548	0.01214	0.01221	0.01580	0.02607	0.13050	0.03014	0.60857	0.03436	0.00673	0.00745	0.01229	0.00497	0.00509

[dist]
# distance from previous block
# <min> <max>
4	10

[block]
# block no. 2 follows, 25 sequences, length 52
# corresponding to MSA columns:
# 140-191
name=unknown_C
#
# <colnr> <probs for GDERKNQSTAVLIFYWHMCP>
#	G	D	E	R	K	N	Q	S	T	A	V	L	I	F	Y	W	H	M	C	P
0	0.01457	0.00768	0.00784	0.00752	0.00968	0.00744	0.00568	0.01817	0.01625	0.02865	0.02450	0.02802	0.01929	0.00881	0.00544	0.00176	0.00376	0.00704	0.71742	0.06047
1	0.04509	0.07515	0.34908	0.09828	0.06308	0.03977	0.11742	0.05202	0.01737	0.02478	0.01389	0.01731	0.01040	0.00755	0.00813	0.00245	0.03748	0.00634	0.00370	0.01072
2	0.01518	0.01442	0.02382	0.59293	0.08881	0.01801	0.02118	0.01993	0.01524	0.02003	0.01344	0.02018	0.01044	0.00833	0.00967	0.00265	0.08657	0.00688	0.00346	0.00883
3	0.00945	0.00675	0.00900	0.01080	0.01125	0.00630	0.00720	0.01080	0.01484	0.01979	0.04274	0.72245	0.05128	0.02429	0.00990	0.00315	0.00450	0.02204	0.00720	0.00630
4	0.04482	0.01819	0.03127	0.08659	0.57315	0.01840	0.06663	0.02358	0.01741	0.02527	0.01448	0.01918	0.01199	0.00695	0.00769	0.00235	0.00944	0.00697	0.00385	0.01179
5	0.02450	0.21354	0.12735	0.01694	0.04822	0.06185	0.01540	0.05165	0.08422	0.22510	0.02023	0.02016	0.01466	0.01003	0.03096	0.00255	0.00888	0.00637	0.00593	0.01144
6	0.01116	0.00798	0.01081	0.01081	0.01162	0.00879	0.00763	0.01278	0.01197	0.01677	0.02228	0.03884	0.02302	0.33463	0.42527	0.01042	0.01529	0.00953	0.00438	0.00600
7	0.00916	0.00785	0.00785	0.00785	0.01047	0.00655	0.00589	0.01113	0.01767	0.02095	0.07855	0.07462	0.67599	0.01964	0.00916	0.00262	0.00393	0.01636	0.00720	0.00655
8	0.01973	0.01651	0.01709	0.01590	0.04842	0.06751	0.01196	0.16074	0.22712	0.05122	0.07648	0.03945	0.15140	0.01267	0.00828	0.00254	0.00687	0.04832	0.00729	0.01050
9	0.02174	0.07609	0.01961	0.04612	0.02125	0.01844	0.01241	0.07877	0.39538	0.13452	0.03087	0.02888	0.06095	0.01040	0.00769	0.00249	0.00661	0.00849	0.00752	0.01177
10	0.02896	0.03695	0.02197	0.01998	0.02397	0.69638	0.01498	0.03096	0.02197	0.01898	0.01199	0.01398	0.00999	0.00799	0.00699	0.00200	0.01398	0.00499	0.00400	0.00899
11	0.00983	0.00708	0.00940	0.01112	0.01184	0.00665	0.00783	0.01150	0.01536	0.02029	0.04414	0.61055	0.07870	0.02371	0.00997	0.00318	0.00482	0.10044	0.00719	0.00642
12	0.01640	0.02163	0.14421	0.07971	0.03649	0.01740	0.41569	0.02255	0.01731	0.02374	0.01883	0.11311	0.01657	0.00912	0.00885	0.00266	0.01146	0.01013	0.00421	0.00993
13	0.01347	0.00673	0.01010	0.01010	0.01010	0.00673	0.00673	0.01010	0.01010	0.01347	0.01347	0.02357	0.01347	0.02694	0.03030	0.77441	0.00673	0.00673	0.00337	0.00337
14	0.01101	0.00818	0.01042	0.01057	0.01255	0.00759	0.00841	0.01430	0.01999	0.02694	0.38550	0.06917	0.18758	0.01810	0.00957	0.00278	0.00464	0.17771	0.00789	0.00711
15	0.01847	0.02394	0.18108	0.05146	0.03407	0.04798	0.34015	0.04983	0.01869	0.05126	0.05676	0.02213	0.01545	0.00855	0.00943	0.03658	0.01134	0.00817	0.00441	0.01026
16	0.02039	0.19107	0.21951	0.02230	0.06924	0.02056	0.15354	0.02727	0.06705	0.11079	0.01715	0.01887	0.01271	0.00752	0.00730	0.00230	0.00987	0.00666	0.00464	0.01124
17	0.01863	0.02103	0.07216	0.03078	0.03849	0.01882	0.57429	0.02503	0.01835	0.05137	0.01712	0.02333	0.01316	0.00723	0.00907	0.00263	0.01252	0.03123	0.00424	0.01049
18	0.01002	0.00810	0.00905	0.00940	0.01178	0.00712	0.00745	0.01246	0.01800	0.02214	0.11084	0.07632	0.49545	0.01977	0.00950	0.00282	0.00462	0.15115	0.00728	0.00673
19	0.01655	0.03694	0.59445	0.02417	0.08503	0.01787	0.04559	0.02494	0.01672	0.04622	0.01456	0.01705	0.01038	0.00738	0.00746	0.00245	0.01117	0.00599	0.00354	0.01155
20	0.04916	0.04879	0.05132	0.03474	0.38706	0.04252	0.06812	0.05252	0.11316	0.05088	0.01748	0.02018	0.01379	0.00765	0.00757	0.00235	0.00902	0.00706	0.00480	0.01183
21	0.14978	0.06727	0.07487	0.02145	0.02714	0.14078	0.20996	0.02589	0.01737	0.08438	0.01445	0.01745	0.01111	0.00811	0.00953	0.00247	0.09703	0.00661	0.00445	0.00989
22	0.01836	0.09149	0.01969	0.06078	0.02140	0.01431	0.01107	0.04297	0.07557	0.06661	0.01626	0.01789	0.01287	0.00676	0.00618	0.00155	0.00651	0.00536	0.00509	0.49929
23	0.02386	0.25517	0.05831	0.01695	0.02221	0.20524	0.01474	0.10745	0.09552	0.04916	0.01535	0.01663	0.01232	0.00850	0.00810	0.00215	0.06737	0.00570	0.00483	0.01044
24	0.02560	0.01881	0.02038	0.01577	0.02144	0.02011	0.01291	0.49092	0.03163	0.04349	0.05959	0.02159	0.01726	0.00929	0.00743	0.00216	0.00752	0.00717	0.06745	0.09949
25	0.01606	0.02018	0.17669	0.01417	0.02207	0.01248	0.01395	0.02148	0.03879	0.02535	0.01443	0.01660	0.01151	0.00630	0.00621	0.00151	0.00712	0.00501	0.00439	0.56569
26	0.01108	0.00831	0.01246	0.01246	0.01385	0.00969	0.00969	0.01385	0.01246	0.01800	0.02077	0.03046	0.01938	0.05815	0.69678	0.01246	0.02077	0.00831	0.00415	0.00692
27	0.01347	0.00673	0.01010	0.01010	0.01010	0.00673	0.00673	0.01010	0.01010	0.01347	0.01347	0.02357	0.01347	0.02694	0.03030	0.77441	0.00673	0.00673	0.00337	0.00337
28	0.01433	0.01309	0.01870	0.01683	0.01744	0.01746	0.01371	0.01651	0.01214	0.01836	0.01491	0.02300	0.01429	0.03351	0.32566	0.00745	0.40362	0.00747	0.00373	0.00778
29	0.01830	0.02092	0.04575	0.03268	0.04052	0.01961	0.65098	0.02484	0.01830	0.02484	0.01569	0.02092	0.01176	0.00654	0.00915	0.00261	0.01307	0.00915	0.00392	0.01046
30	0.01186	0.00816	0.01044	0.00973	0.01184	0.00742	0.00735	0.01530	0.02150	0.05958	0.58174	0.05829	0.13553	0.01598	0.00909	0.00246	0.00382	0.01399	0.00844	0.00750
31	0.01592	0.01557	0.02373	0.46932	0.04250	0.04914	0.04544	0.01990	0.01489	0.01948	0.01296	0.01966	0.01046	0.00974	0.01259	0.03183	0.16804	0.00687	0.00347	0.00848
32	0.01013	0.00743	0.00959	0.01114	0.01186	0.00720	0.00755	0.01291	0.05995	0.02067	0.04196	0.67434	0.04937	0.02334	0.00976	0.00311	0.00461	0.02112	0.00725	0.00671
33	0.02834	0.01391	0.01744	0.01387	0.01900	0.01335	0.01126	0.14103	0.06662	0.40731	0.15057	0.03117	0.02865	0.01079	0.00805	0.00241	0.00635	0.00890	0.00896	0.01202
34	0.00945	0.00675	0.00900	0.01080	0.01125	0.00630	0.00720	0.01080	0.01484	0.01979	0.04274	0.72245	0.05128	0.02429	0.00990	0.00315	0.00450	0.02204	0.00720	0.00630
35	0.00964	0.00688	0.00922	0.01101	0.01155	0.00646	0.00753	0.01113	0.01503	0.02001	0.04263	0.68278	0.05087	0.02411	0.00995	0.00318	0.00466	0.05983	0.00719	0.00635
36	0.01830	0.02092	0.04575	0.03268	0.04052	0.01961	0.65098	0.02484	0.01830	0.02484	0.01569	0.02092	0.01176	0.00654	0.00915	0.00261	0.01307	0.00915	0.00392	0.01046
37	0.00945	0.00675	0.00900	0.01080	0.01125	0.00630	0.00720	0.01080	0.01484	0.01979	0.04274	0.72245	0.05128	0.02429	0.00990	0.00315	0.00450	0.02204	0.00720	0.00630
38	0.01831	0.01781	0.03122	0.16320	0.51473	0.01831	0.07626	0.02318	0.01733	0.02431	0.01454	0.01960	0.01189	0.00703	0.00781	0.00238	0.00974	0.00709	0.00378	0.01148
39	0.78228	0.01499	0.01140	0.01020	0.01499	0.01739	0.00840	0.02279	0.01320	0.03479	0.01080	0.01260	0.00840	0.00720	0.00480	0.00240	0.00600	0.00420	0.00480	0.00840
40	0.00964	0.00688	0.00921	0.01101	0.01155	0.00646	0.00753	0.01112	0.01503	0.02001	0.04263	0.68287	0.05087	0.02411	0.00995	0.00318	0.00466	0.05974	0.00719	0.00635
41	0.01555	0.04011	0.68733	0.02210	0.03356	0.01801	0.02865	0.02455	0.01637	0.02455	0.01391	0.01637	0.00982	0.00737	0.00737	0.00246	0.01146	0.00573	0.00327	0.01146
42	0.02073	0.73217	0.04063	0.01327	0.01990	0.03068	0.01327	0.02322	0.01575	0.01824	0.01078	0.01244	0.00995	0.00663	0.00498	0.00166	0.00829	0.00415	0.00332	0.00995
43	0.39641	0.01791	0.01716	0.01387	0.01937	0.02002	0.01144	0.30789	0.02424	0.08162	0.01555	0.01617	0.01123	0.00830	0.00632	0.00237	0.00718	0.00568	0.00643	0.01085
44	0.01108	0.00828	0.01233	0.01233	0.01366	0.00962	0.00952	0.01376	0.01242	0.01790	0.02089	0.03115	0.01968	0.08089	0.67445	0.01229	0.02032	0.00841	0.00417	0.00685
45	0.02690	0.03374	0.02104	0.01915	0.02282	0.61184	0.01444	0.02891	0.02101	0.01902	0.01531	0.01751	0.04103	0.01062	0.03358	0.00247	0.04197	0.00571	0.00412	0.00878
46	0.20629	0.46409	0.09321	0.01362	0.02015	0.05353	0.01359	0.02356	0.01544	0.02290	0.01113	0.01291	0.00956	0.00690	0.00524	0.00193	0.00826	0.00434	0.00370	0.00967
47	0.01754	0.02476	0.18377	0.06023	0.03958	0.01916	0.48836	0.02455	0.01776	0.02455	0.01522	0.01992	0.01128	0.00677	0.00870	0.00258	0.01260	0.00831	0.00376	0.01059
48	0.01017	0.00720	0.00937	0.01054	0.01151	0.00673	0.00745	0.01225	0.01661	0.02267	0.16467	0.49041	0.08114	0.02157	0.00957	0.00296	0.00445	0.06153	0.04262	0.00661
49	0.02725	0.07391	0.02286	0.01680	0.02246	0.06424	0.01383	0.40802	0.11377	0.09882	0.02046	0.02035	0.01488	0.01103	0.03324	0.00268	0.00882	0.00700	0.00724	0.01233
50	0.01269	0.00867	0.00974	0.00939	0.00995	0.00883	0.00570	0.06536	0.01362	0.01818	0.02509	0.09025	0.02838	0.62277	0.03493	0.00681	0.00741	0.01159	0.00511	0.00551
51	0.01608	0.01378	0.01608	0.01148	0.01837	0.01034	0.00919	0.01952	0.01608	0.02527	0.01378	0.01608	0.01148	0.00574	0.00574	0.00115	0.00574	0.00459	0.00459	0.77491

[dist]
# distance from previous block
# <min> <max>
0	1

[block]
# block no. 3 follows, 25 sequences, length 187
# corresponding to MSA columns:
# 193-379
name=unknown_D
#
# <colnr> <probs for GDERKNQSTAVLIFYWHMCP>
#	G	D	E	R	K	N	Q	S	T	A	V	L	I	F	Y	W	H	M	C	P
0	0.66476	0.01703	0.06140	0.01153	0.01692	0.01746	0.01026	0.04940	0.01475	0.06137	0.01216	0.01369	0.00914	0.00740	0.00523	0.00240	0.00652	0.00457	0.00501	0.00901
1	0.04557	0.01705	0.02352	0.12924	0.05135	0.01767	0.09591	0.19081	0.04843	0.03121	0.04304	0.02040	0.01470	0.00818	0.00820	0.00218	0.04046	0.00691	0.00539	0.19977
2	0.01088	0.00769	0.00908	0.00937	0.01013	0.00730	0.00599	0.01180	0.01357	0.01808	0.06032	0.21652	0.09021	0.41122	0.02600	0.00542	0.00623	0.03727	0.00576	0.03715
3	0.02672	0.02118	0.02161	0.01733	0.02278	0.07133	0.01406	0.47792	0.12064	0.04223	0.02008	0.02055	0.01484	0.01285	0.05663	0.00306	0.00947	0.00718	0.00725	0.01231
4	0.01029	0.00739	0.00869	0.00918	0.00999	0.00694	0.00594	0.01142	0.01459	0.01914	0.10280	0.26054	0.16116	0.31190	0.02185	0.00478	0.00555	0.01578	0.00630	0.00578
5	0.02861	0.06800	0.02288	0.01958	0.02379	0.63835	0.01489	0.05625	0.02229	0.02017	0.01220	0.01410	0.01012	0.00798	0.00693	0.00200	0.01350	0.00504	0.00412	0.00921
6	0.01608	0.01378	0.01608	0.01148	0.01837	0.01034	0.00919	0.01952	0.01608	0.02527	0.01378	0.01608	0.01148	0.00574	0.00574	0.00115	0.00574	0.00459	0.00459	0.77491
7	0.01079	0.00735	0.00880	0.00941	0.00963	0.00722	0.00579	0.01135	0.01263	0.01681	0.03060	0.25112	0.03577	0.48731	0.02941	0.00605	0.00661	0.04251	0.00555	0.00528
8	0.78228	0.01499	0.01140	0.01020	0.01499	0.01739	0.00840	0.02279	0.01320	0.03479	0.01080	0.01260	0.00840	0.00720	0.00480	0.00240	0.00600	0.00420	0.00480	0.00840
9	0.01128	0.00752	0.00846	0.00846	0.00846	0.00752	0.00470	0.01128	0.01128	0.01503	0.02443	0.05074	0.02819	0.72751	0.03946	0.00752	0.00752	0.01128	0.00470	0.00470
10	0.00953	0.00705	0.00893	0.01039	0.01131	0.00646	0.00718	0.01109	0.01551	0.02016	0.04941	0.57301	0.16865	0.02329	0.00979	0.00307	0.00450	0.04710	0.00720	0.00638
11	0.00945	0.00675	0.00900	0.01080	0.01125	0.00630	0.00720	0.01080	0.01484	0.01979	0.04274	0.72245	0.05128	0.02429	0.00990	0.00315	0.00450	0.02204	0.00720	0.00630
12	0.01128	0.00752	0.00846	0.00846	0.00846	0.00752	0.00470	0.01128	0.01128	0.01503	0.02443	0.05074	0.02819	0.72751	0.03946	0.00752	0.00752	0.01128	0.00470	0.00470
13	0.01830	0.02092	0.04575	0.03268	0.04052	0.01961	0.65098	0.02484	0.01830	0.02484	0.01569	0.02092	0.01176	0.00654	0.00915	0.00261	0.01307	0.00915	0.00392	0.01046
14	0.01195	0.00854	0.01187	0.01366	0.01521	0.00846	0.01155	0.01513	0.01732	0.02260	0.04135	0.20012	0.04580	0.02193	0.01057	0.00350	0.00667	0.51963	0.00715	0.00699
15	0.75422	0.01493	0.01164	0.01033	0.01517	0.01717	0.00851	0.02335	0.01353	0.05917	0.01154	0.01311	0.00880	0.00729	0.00491	0.00240	0.00602	0.00433	0.00498	0.00858
16	0.78228	0.01499	0.01140	0.01020	0.01499	0.01739	0.00840	0.02279	0.01320	0.03479	0.01080	0.01260	0.00840	0.00720	0.00480	0.00240	0.00600	0.00420	0.00480	0.00840
17	0.02073	0.73217	0.04063	0.01327	0.01990	0.03068	0.01327	0.02322	0.01575	0.01824	0.01078	0.01244	0.00995	0.00663	0.00498	0.00166	0.00829	0.00415	0.00332	0.00995
18	0.00958	0.00685	0.00912	0.01070	0.01128	0.00639	0.00721	0.01114	0.01548	0.02080	0.09897	0.66335	0.05323	0.02354	0.00983	0.00309	0.00442	0.02133	0.00732	0.00639
19	0.01529	0.03826	0.64848	0.02139	0.03230	0.01739	0.02742	0.02399	0.01669	0.02493	0.05186	0.01875	0.01346	0.00785	0.00747	0.00245	0.01101	0.00621	0.00358	0.01122
20	0.02073	0.73217	0.04063	0.01327	0.01990	0.03068	0.01327	0.02322	0.01575	0.01824	0.01078	0.01244	0.00995	0.00663	0.00498	0.00166	0.00829	0.00415	0.00332	0.00995
21	0.00944	0.00678	0.00896	0.01070	0.01122	0.00631	0.00715	0.01081	0.01494	0.01983	0.04391	0.70114	0.07183	0.02414	0.00987	0.00313	0.00448	0.02186	0.00720	0.00631
22	0.01555	0.04011	0.68733	0.02210	0.03356	0.01801	0.02865	0.02455	0.01637	0.02455	0.01391	0.01637	0.00982	0.00737	0.00737	0.00246	0.01146	0.00573	0.00327	0.01146
23	0.10768	0.01727	0.01974	0.01528	0.02125	0.01778	0.01262	0.31758	0.02780	0.32853	0.02312	0.02145	0.01536	0.00922	0.00748	0.00237	0.00742	0.00706	0.00827	0.01271
24	0.03273	0.01274	0.01733	0.01345	0.01908	0.01104	0.01104	0.03579	0.02217	0.62807	0.08625	0.02911	0.02385	0.01014	0.00791	0.00240	0.00634	0.00833	0.00950	0.01269
25	0.00970	0.00690	0.00916	0.01087	0.01137	0.00650	0.00736	0.01110	0.01483	0.01975	0.04177	0.65623	0.04982	0.05791	0.01136	0.00338	0.00478	0.05387	0.00707	0.00627
26	0.02896	0.03695	0.02197	0.01998	0.02397	0.69638	0.01498	0.03096	0.02197	0.01898	0.01199	0.01398	0.00999	0.00799	0.00699	0.00200	0.01398	0.00499	0.00400	0.00899
27	0.01919	0.01842	0.03147	0.04759	0.67914	0.01842	0.02380	0.02380	0.01765	0.02533	0.01458	0.01919	0.01228	0.00691	0.00768	0.00230	0.00921	0.00691	0.00384	0.01228
28	0.02899	0.02147	0.02299	0.01774	0.02386	0.02382	0.01462	0.62389	0.06665	0.04808	0.01924	0.01911	0.01369	0.00937	0.00776	0.00234	0.00842	0.00707	0.00776	0.01314
29	0.02927	0.02102	0.02271	0.01752	0.02363	0.02314	0.01444	0.59097	0.06589	0.08207	0.01988	0.01953	0.01401	0.00938	0.00777	0.00235	0.00831	0.00711	0.00786	0.01314
30	0.01585	0.01677	0.05145	0.05672	0.12735	0.01526	0.29919	0.02069	0.01736	0.02403	0.05596	0.16355	0.02295	0.01069	0.00871	0.00255	0.00956	0.01114	0.00482	0.06539
31	0.02299	0.01820	0.01949	0.01643	0.02136	0.02052	0.01314	0.29368	0.36292	0.03857	0.02684	0.04842	0.02085	0.01080	0.00799	0.00255	0.00711	0.02805	0.00779	0.01230
32	0.01539	0.01519	0.02727	0.55901	0.04969	0.01793	0.13310	0.02065	0.01584	0.02065	0.01396	0.02055	0.01058	0.00779	0.00877	0.00262	0.04125	0.00729	0.00353	0.00894
33	0.01935	0.01493	0.01691	0.01350	0.01920	0.01415	0.01069	0.06197	0.24403	0.08729	0.02264	0.04397	0.01777	0.00853	0.00691	0.00190	0.00606	0.00701	0.00644	0.37675
34	0.00975	0.00708	0.00920	0.01036	0.01126	0.00653	0.00712	0.01163	0.01655	0.02225	0.17815	0.53460	0.10249	0.02217	0.00968	0.00296	0.00428	0.01993	0.00748	0.00653
35	0.78228	0.01499	0.01140	0.01020	0.01499	0.01739	0.00840	0.02279	0.01320	0.03479	0.01080	0.01260	0.00840	0.00720	0.00480	0.00240	0.00600	0.00420	0.00480	0.00840
36	0.02969	0.02137	0.02305	0.01767	0.02387	0.02352	0.01460	0.62792	0.03587	0.07506	0.01911	0.01894	0.01343	0.00932	0.00776	0.00233	0.00845	0.00701	0.00783	0.01319
37	0.78228	0.01499	0.01140	0.01020	0.01499	0.01739	0.00840	0.02279	0.01320	0.03479	0.01080	0.01260	0.00840	0.00720	0.00480	0.00240	0.00600	0.00420	0.00480	0.00840
38	0.02947	0.02172	0.02327	0.01784	0.02404	0.02404	0.01474	0.65329	0.03646	0.04887	0.01862	0.01862	0.01319	0.00931	0.00776	0.00233	0.00853	0.00698	0.00776	0.01319
39	0.01532	0.00806	0.00815	0.00784	0.00990	0.00819	0.00595	0.05453	0.01742	0.03005	0.02491	0.02832	0.01949	0.00905	0.00555	0.00184	0.00390	0.00721	0.72677	0.00757
40	0.02947	0.02172	0.02327	0.01784	0.02404	0.02404	0.01474	0.65329	0.03646	0.04887	0.01862	0.01862	0.01319	0.00931	0.00776	0.00233	0.00853	0.00698	0.00776	0.01319
41	0.03479	0.01320	0.01799	0.01380	0.01979	0.01140	0.01140	0.03779	0.02219	0.68451	0.03059	0.02639	0.01919	0.00960	0.00780	0.00240	0.00660	0.00780	0.00960	0.01320
42	0.00953	0.00678	0.00897	0.01069	0.01113	0.00635	0.00709	0.01082	0.01469	0.01959	0.04194	0.69331	0.05028	0.05479	0.01118	0.00334	0.00463	0.02158	0.00709	0.00623
43	0.00953	0.00787	0.00836	0.00823	0.01070	0.00670	0.00618	0.01183	0.01853	0.02298	0.19789	0.07128	0.55538	0.01888	0.00916	0.00258	0.00387	0.01590	0.00747	0.00670
44	0.01919	0.01842	0.03147	0.04759	0.67914	0.01842	0.02380	0.02380	0.01765	0.02533	0.01458	0.01919	0.01228	0.00691	0.00768	0.00230	0.00921	0.00691	0.00384	0.01228
45	0.00945	0.00675	0.00900	0.01080	0.01125	0.00630	0.00720	0.01080	0.01484	0.01979	0.04274	0.72245	0.05128	0.02429	0.00990	0.00315	0.00450	0.02204	0.00720	0.00630
46	0.00945	0.00675	0.00900	0.01080	0.01125	0.00630	0.00720	0.01080	0.01484	0.01979	0.04274	0.72245	0.05128	0.02429	0.00990	0.00315	0.00450	0.02204	0.00720	0.00630
47	0.01608	0.01378	0.01608	0.01148	0.01837	0.01034	0.00919	0.01952	0.01608	0.02527	0.01378	0.01608	0.01148	0.00574	0.00574	0.00115	0.00574	0.00459	0.00459	0.77491
48	0.40545	0.02598	0.01669	0.01509	0.01948	0.35704	0.01169	0.02688	0.01759	0.02688	0.01139	0.01329	0.00919	0.00759	0.00590	0.00220	0.00999	0.00460	0.00440	0.00869
49	0.02702	0.03356	0.02205	0.01987	0.02335	0.58227	0.01515	0.02969	0.04394	0.01942	0.01245	0.01492	0.01051	0.00882	0.00948	0.00221	0.10681	0.00537	0.00406	0.00904
50	0.01900	0.01958	0.06655	0.04623	0.64462	0.01840	0.02406	0.02384	0.01759	0.02529	0.01455	0.01904	0.01215	0.00693	0.00766	0.00231	0.00933	0.00685	0.00381	0.01224
51	0.01792	0.35703	0.39119	0.01805	0.02730	0.02381	0.02160	0.02394	0.01609	0.02166	0.01248	0.01457	0.00988	0.00703	0.00627	0.00209	0.01001	0.00500	0.00329	0.01077
52	0.00945	0.00675	0.00900	0.01080	0.01125	0.00630	0.00720	0.01080	0.01484	0.01979	0.04274	0.72245	0.05128	0.02429	0.00990	0.00315	0.00450	0.02204	0.00720	0.00630
53	0.00961	0.00682	0.00895	0.01059	0.01100	0.00641	0.00698	0.01084	0.01453	0.01937	0.04111	0.66278	0.04923	0.08676	0.01252	0.00354	0.00477	0.02109	0.00698	0.00616
54	0.01090	0.00792	0.01027	0.00968	0.01154	0.00729	0.00726	0.01449	0.02178	0.03070	0.65174	0.05857	0.09672	0.01600	0.00915	0.00245	0.00367	0.01411	0.00848	0.00729
55	0.02947	0.02172	0.02327	0.01784	0.02404	0.02404	0.01474	0.65329	0.03646	0.04887	0.01862	0.01862	0.01319	0.00931	0.00776	0.00233	0.00853	0.00698	0.00776	0.01319
56	0.01708	0.01731	0.02566	0.02142	0.02210	0.02339	0.07193	0.01920	0.01243	0.01920	0.01066	0.01731	0.01032	0.01296	0.02403	0.00333	0.65261	0.00699	0.00344	0.00865
57	0.02031	0.70119	0.03934	0.01312	0.01954	0.02968	0.01301	0.02285	0.01602	0.01879	0.03920	0.01438	0.01265	0.00703	0.00515	0.00169	0.00809	0.00457	0.00354	0.00984
58	0.01929	0.01666	0.01753	0.01578	0.02016	0.01929	0.01227	0.04120	0.66513	0.03243	0.03156	0.02893	0.02367	0.01052	0.00789	0.00263	0.00614	0.00877	0.00789	0.01227
59	0.01347	0.00673	0.01010	0.01010	0.01010	0.00673	0.00673	0.01010	0.01010	0.01347	0.01347	0.02357	0.01347	0.02694	0.03030	0.77441	0.00673	0.00673	0.00337	0.00337
60	0.05752	0.03386	0.02152	0.01917	0.02347	0.58585	0.01457	0.08357	0.02288	0.04948	0.01327	0.01483	0.01058	0.00814	0.00701	0.00206	0.01292	0.00525	0.00457	0.00949
61	0.02222	0.02383	0.01847	0.01676	0.02080	0.28494	0.01279	0.03448	0.35121	0.02642	0.04987	0.02671	0.05751	0.01024	0.00765	0.00237	0.00901	0.00791	0.00634	0.01047
62	0.01108	0.00831	0.01246	0.01246	0.01385	0.00969	0.00969	0.01385	0.01246	0.01800	0.02077	0.03046	0.01938	0.05815	0.69678	0.01246	0.02077	0.00831	0.00415	0.00692
63	0.01830	0.02092	0.04575	0.03268	0.04052	0.01961	0.65098	0.02484	0.01830	0.02484	0.01569	0.02092	0.01176	0.00654	0.00915	0.00261	0.01307	0.00915	0.00392	0.01046
64	0.03143	0.01859	0.02133	0.01635	0.02248	0.01940	0.01351	0.42729	0.03122	0.28226	0.02301	0.02147	0.01539	0.00941	0.00777	0.00235	0.00782	0.00728	0.00843	0.01319
65	0.01232	0.00880	0.01229	0.01408	0.01579	0.00877	0.01219	0.01576	0.01768	0.02301	0.04115	0.12391	0.04501	0.02158	0.01066	0.00355	0.00699	0.59223	0.00714	0.00709
66	0.00945	0.00675	0.00900	0.01080	0.01125	0.00630	0.00720	0.01080	0.01484	0.01979	0.04274	0.72245	0.05128	0.02429	0.00990	0.00315	0.00450	0.02204	0.00720	0.00630
67	0.01464	0.01378	0.02326	0.70887	0.05340	0.01723	0.02153	0.01981	0.01550	0.01981	0.01378	0.02067	0.01034	0.00775	0.00775	0.00258	0.01034	0.00689	0.00345	0.00861
68	0.00922	0.00786	0.00794	0.00792	0.01051	0.00657	0.00594	0.01125	0.01782	0.02129	0.09862	0.07406	0.65571	0.01951	0.00916	0.00261	0.00392	0.01629	0.00725	0.00657
69	0.01137	0.00844	0.01100	0.01235	0.01421	0.00808	0.01034	0.01432	0.01750	0.02231	0.05041	0.14830	0.20005	0.02127	0.01025	0.00329	0.00609	0.41634	0.00716	0.00691
70	0.01919	0.01842	0.03147	0.04759	0.67914	0.01842	0.02380	0.02380	0.01765	0.02533	0.01458	0.01919	0.01228	0.00691	0.00768	0.00230	0.00921	0.00691	0.00384	0.01228
71	0.01876	0.01799	0.03070	0.10972	0.62035	0.01831	0.02358	0.02342	0.01745	0.02481	0.01451	0.01933	0.01210	0.00699	0.00768	0.00233	0.00932	0.00691	0.00380	0.01194
72	0.01108	0.00831	0.01246	0.01246	0.01385	0.00969	0.00969	0.01385	0.01246	0.01800	0.02077	0.03046	0.01938	0.05815	0.69678	0.01246	0.02077	0.00831	0.00415	0.00692
73	0.01791	0.01542	0.01707	0.04599	0.01998	0.06609	0.04779	0.19298	0.05134	0.02982	0.06887	0.04768	0.25461	0.01424	0.00865	0.00258	0.00720	0.07572	0.00683	0.00922
74	0.01118	0.00748	0.00849	0.00858	0.00860	0.00745	0.00483	0.01125	0.01146	0.01529	0.02540	0.08629	0.02941	0.69029	0.03790	0.00729	0.00736	0.01185	0.00483	0.00478
75	0.03261	0.01541	0.01927	0.01473	0.02082	0.01460	0.01216	0.19515	0.02559	0.49271	0.02679	0.02395	0.01732	0.00936	0.00770	0.00233	0.00706	0.00745	0.00891	0.04609
76	0.01121	0.00778	0.00977	0.00977	0.01022	0.00823	0.00634	0.01212	0.01166	0.01601	0.02323	0.04409	0.02530	0.50789	0.25513	0.00914	0.01186	0.01030	0.00452	0.00543
77	0.01796	0.01724	0.02680	0.31014	0.31856	0.04321	0.02159	0.04926	0.01727	0.02333	0.01397	0.01939	0.01127	0.00796	0.00919	0.00250	0.06934	0.00682	0.00382	0.01040
78	0.01774	0.01282	0.01636	0.01714	0.10044	0.01315	0.01166	0.05914	0.18749	0.10371	0.24337	0.07042	0.06626	0.01300	0.00850	0.00254	0.00576	0.03269	0.00769	0.01012
79	0.02886	0.02224	0.02287	0.01784	0.02382	0.05973	0.01461	0.58487	0.07176	0.04632	0.01900	0.01896	0.01362	0.00931	0.00772	0.00233	0.00869	0.00698	0.00756	0.01291
80	0.01651	0.01416	0.01740	0.01266	0.01930	0.01120	0.03714	0.04827	0.01705	0.02610	0.01527	0.04538	0.01321	0.00670	0.00615	0.00135	0.00614	0.00562	0.00482	0.67559
81	0.01577	0.01463	0.05133	0.04949	0.09816	0.01406	0.07440	0.09136	0.11825	0.02679	0.05449	0.29685	0.03149	0.01489	0.00877	0.00274	0.00713	0.01355	0.00636	0.00948
82	0.09648	0.59376	0.07100	0.01345	0.02013	0.02787	0.01352	0.02387	0.01581	0.04872	0.01179	0.01326	0.01019	0.00685	0.00520	0.00181	0.00816	0.00439	0.00373	0.01002
83	0.06396	0.08715	0.12527	0.02129	0.05451	0.26452	0.09931	0.10949	0.02141	0.02617	0.04543	0.01799	0.01366	0.00806	0.00728	0.00222	0.01117	0.00631	0.00457	0.01021
84	0.01949	0.21430	0.08116	0.01676	0.04756	0.07386	0.03457	0.06872	0.07290	0.05932	0.07042	0.04947	0.02011	0.03789	0.07670	0.00341	0.03078	0.00759	0.00514	0.00985
85	0.01402	0.01112	0.01350	0.04126	0.01651	0.00989	0.00885	0.05712	0.01700	0.02428	0.08142	0.18094	0.05272	0.09839	0.03311	0.00300	0.00629	0.01082	0.00576	0.31402
86	0.00930	0.00730	0.00842	0.00932	0.01086	0.00642	0.00654	0.01096	0.01626	0.02037	0.06071	0.39735	0.36478	0.02196	0.00953	0.00288	0.00421	0.01919	0.00720	0.00642
87	0.01608	0.01378	0.01608	0.01148	0.01837	0.01034	0.00919	0.01952	0.01608	0.02527	0.01378	0.01608	0.01148	0.00574	0.00574	0.00115	0.00574	0.00459	0.00459	0.77491
88	0.78228	0.01499	0.01140	0.01020	0.01499	0.01739	0.00840	0.02279	0.01320	0.03479	0.01080	0.01260	0.00840	0.00720	0.00480	0.00240	0.00600	0.00420	0.00480	0.00840
89	0.52749	0.04688	0.03857	0.03586	0.01900	0.01744	0.03464	0.02489	0.01496	0.12808	0.01408	0.01551	0.01037	0.00779	0.00644	0.00242	0.03579	0.00516	0.00526	0.00936
90	0.01644	0.01412	0.01484	0.01357	0.01741	0.01564	0.01049	0.03267	0.47854	0.02954	0.06967	0.04142	0.18702	0.01299	0.00826	0.00262	0.00549	0.01086	0.00775	0.01065
91	0.01830	0.02092	0.04575	0.03268	0.04052	0.01961	0.65098	0.02484	0.01830	0.02484	0.01569	0.02092	0.01176	0.00654	0.00915	0.00261	0.01307	0.00915	0.00392	0.01046
