[name]
unknown

[dist]
# distance from previous block
# <min> <max>
0	144

[block]
# block no. 0 follows, 20 sequences, length 7
# corresponding to MSA columns:
# 152-158
name=unknown_A
#
# <colnr> <probs for GDERKNQSTAVLIFYWHMCP>
#	G	D	E	R	K	N	Q	S	T	A	V	L	I	F	Y	W	H	M	C	P
0	0.11400	0.11867	0.23828	0.02440	0.08328	0.02061	0.10240	0.02547	0.01858	0.02801	0.02038	0.03217	0.01822	0.01073	0.00851	0.00286	0.01080	0.10652	0.00482	0.01130
1	0.02223	0.02313	0.05942	0.02602	0.16770	0.15706	0.01706	0.11247	0.02231	0.02805	0.02260	0.11670	0.02196	0.09269	0.06798	0.00429	0.01173	0.01026	0.00565	0.01072
2	0.21121	0.02620	0.02484	0.06304	0.05172	0.19465	0.06836	0.17799	0.04410	0.03580	0.01635	0.01860	0.01249	0.00902	0.00780	0.00259	0.01107	0.00673	0.00588	0.01153
3	0.11014	0.33672	0.03063	0.08764	0.02450	0.04572	0.01402	0.02379	0.01790	0.02496	0.06934	0.02180	0.01845	0.01365	0.06371	0.00319	0.01001	0.00649	0.00471	0.07264
4	0.27340	0.13326	0.02185	0.05669	0.06012	0.02066	0.01308	0.02523	0.06194	0.03148	0.08529	0.02427	0.02089	0.01014	0.00860	0.00262	0.06187	0.00725	0.07124	0.01012
5	0.01506	0.01687	0.11621	0.01345	0.01837	0.01193	0.01219	0.06547	0.02040	0.02769	0.11043	0.08151	0.21275	0.11822	0.01450	0.00349	0.00712	0.01284	0.00675	0.11475
6	0.07088	0.02470	0.02107	0.07138	0.02543	0.23795	0.01470	0.04675	0.11136	0.02616	0.01745	0.02074	0.01429	0.01187	0.01221	0.08557	0.05982	0.00675	0.00526	0.11570

[dist]
# distance from previous block
# <min> <max>
4	12

[block]
# block no. 1 follows, 20 sequences, length 7
# corresponding to MSA columns:
# 171-177
name=unknown_B
#
# <colnr> <probs for GDERKNQSTAVLIFYWHMCP>
#	G	D	E	R	K	N	Q	S	T	A	V	L	I	F	Y	W	H	M	C	P
0	0.01558	0.01395	0.01902	0.06851	0.02261	0.03605	0.08019	0.01993	0.04408	0.02533	0.09911	0.06714	0.11622	0.11165	0.07973	0.00448	0.00958	0.01149	0.00610	0.14926
1	0.10716	0.02191	0.03159	0.06625	0.03283	0.10616	0.25541	0.02750	0.04553	0.02887	0.01788	0.02194	0.01387	0.00811	0.00831	0.00251	0.01124	0.00794	0.07953	0.10546
2	0.06134	0.01860	0.03442	0.02895	0.09483	0.01826	0.29409	0.02344	0.01860	0.02698	0.02267	0.15617	0.02188	0.01204	0.01117	0.00295	0.06486	0.01200	0.00522	0.07151
3	0.02150	0.02340	0.02590	0.05264	0.09220	0.20076	0.10944	0.02526	0.02048	0.02491	0.02409	0.11464	0.05511	0.01135	0.00868	0.00245	0.01079	0.00998	0.00528	0.16114
4	0.01820	0.01813	0.03301	0.42675	0.10136	0.02029	0.17213	0.02534	0.04988	0.02496	0.01716	0.02367	0.01299	0.00846	0.00912	0.00289	0.01206	0.00851	0.00431	0.01077
5	0.01992	0.10915	0.02226	0.01486	0.02064	0.01708	0.01219	0.02560	0.08865	0.06684	0.02157	0.08944	0.01934	0.01056	0.00950	0.00215	0.07483	0.00816	0.00594	0.36132
6	0.02966	0.01614	0.02488	0.02249	0.10854	0.01440	0.08355	0.03388	0.02301	0.36256	0.08883	0.03025	0.02480	0.01024	0.00885	0.00257	0.00824	0.00915	0.00846	0.08950

[dist]
# distance from previous block
# <min> <max>
4	12

[block]
# block no. 2 follows, 20 sequences, length 26
# corresponding to MSA columns:
# 190-215
name=unknown_C
#
# <colnr> <probs for GDERKNQSTAVLIFYWHMCP>
#	G	D	E	R	K	N	Q	S	T	A	V	L	I	F	Y	W	H	M	C	P
0	0.02008	0.01560	0.01750	0.04136	0.02116	0.01635	0.01193	0.05782	0.29570	0.07315	0.06332	0.03913	0.09648	0.07571	0.01205	0.00319	0.00692	0.01047	0.00789	0.11420
1	0.01464	0.00976	0.01252	0.01182	0.01454	0.00879	0.00912	0.01826	0.02273	0.08055	0.38722	0.11357	0.12877	0.01847	0.01020	0.00287	0.00501	0.07246	0.00901	0.04968
2	0.02288	0.01511	0.01831	0.01362	0.02071	0.01213	0.01095	0.02751	0.04500	0.17457	0.05525	0.02404	0.01939	0.00834	0.00732	0.00177	0.00657	0.00680	0.00690	0.50282
3	0.02216	0.01770	0.02003	0.01502	0.02209	0.01599	0.01208	0.19831	0.02490	0.03603	0.01918	0.06078	0.01629	0.00897	0.00743	0.00183	0.00732	0.00720	0.00642	0.48028
4	0.01430	0.00875	0.01032	0.03609	0.01292	0.00891	0.00736	0.01725	0.01752	0.02731	0.13496	0.04480	0.03510	0.20269	0.06899	0.00490	0.00710	0.01082	0.32250	0.00741
5	0.01063	0.00759	0.01012	0.01215	0.01265	0.00709	0.00810	0.01215	0.01670	0.02227	0.04808	0.68775	0.05769	0.02733	0.01113	0.00354	0.00506	0.02480	0.00810	0.00709
6	0.64029	0.01654	0.01401	0.01212	0.01773	0.01849	0.00999	0.02835	0.01647	0.13628	0.01572	0.01666	0.01139	0.00853	0.00594	0.00270	0.00686	0.00537	0.00626	0.01031
7	0.02052	0.02019	0.02665	0.09580	0.31361	0.10223	0.02091	0.02619	0.05749	0.02674	0.02670	0.03963	0.05501	0.01215	0.00930	0.00289	0.01021	0.11680	0.00549	0.01149
8	0.01236	0.00838	0.00980	0.01002	0.01028	0.00824	0.00595	0.01296	0.01437	0.01935	0.08685	0.14635	0.04007	0.53709	0.03655	0.00724	0.00758	0.01467	0.00608	0.00581
9	0.01647	0.01550	0.02616	0.67248	0.06008	0.01938	0.02422	0.02229	0.01744	0.02229	0.01550	0.02326	0.01163	0.00872	0.00872	0.00291	0.01163	0.00775	0.00388	0.00969
10	0.01809	0.01550	0.01809	0.01292	0.02067	0.01163	0.01034	0.02196	0.01809	0.02842	0.01550	0.01809	0.01292	0.00646	0.00646	0.00129	0.00646	0.00517	0.00517	0.74677
11	0.01780	0.01474	0.01762	0.01555	0.01917	0.04618	0.05078	0.04859	0.17842	0.05509	0.27010	0.11491	0.08317	0.01583	0.00978	0.00288	0.00658	0.01391	0.00858	0.01032
12	0.01253	0.00902	0.01200	0.01210	0.01401	0.00849	0.00938	0.01638	0.02302	0.03202	0.46204	0.12975	0.07358	0.01997	0.01072	0.00307	0.00499	0.12970	0.00915	0.00808
13	0.75506	0.01687	0.01282	0.01147	0.01687	0.01957	0.00945	0.02564	0.01484	0.03914	0.01215	0.01417	0.00945	0.00810	0.00540	0.00270	0.00675	0.00472	0.00540	0.00945
14	0.02002	0.02364	0.07719	0.06928	0.04321	0.02239	0.47426	0.02676	0.01942	0.02676	0.01667	0.02271	0.01282	0.00845	0.01235	0.00304	0.09569	0.00963	0.00427	0.01144
15	0.01798	0.01023	0.01107	0.05083	0.01498	0.01074	0.00829	0.07983	0.02053	0.03414	0.02689	0.03078	0.02093	0.01010	0.00653	0.00215	0.00509	0.00808	0.62194	0.00890
16	0.01626	0.00813	0.00813	0.00813	0.01016	0.00813	0.00610	0.02033	0.01829	0.03252	0.02846	0.03252	0.02236	0.01016	0.00610	0.00203	0.00407	0.00813	0.74187	0.00813
17	0.02030	0.02131	0.02919	0.02434	0.02563	0.07543	0.08137	0.02281	0.01501	0.02176	0.01227	0.01929	0.01162	0.01394	0.02506	0.00360	0.55556	0.00776	0.00393	0.00982
18	0.02059	0.02353	0.05147	0.03676	0.04559	0.02206	0.60735	0.02794	0.02059	0.02794	0.01765	0.02353	0.01324	0.00735	0.01029	0.00294	0.01471	0.01029	0.00441	0.01176
19	0.01626	0.00813	0.00813	0.00813	0.01016	0.00813	0.00610	0.02033	0.01829	0.03252	0.02846	0.03252	0.02236	0.01016	0.00610	0.00203	0.00407	0.00813	0.74187	0.00813
20	0.02128	0.01826	0.01942	0.01766	0.02243	0.02106	0.01382	0.04481	0.59049	0.03592	0.03608	0.03612	0.02791	0.01250	0.00905	0.00302	0.00696	0.04087	0.00883	0.01349
21	0.01809	0.01550	0.01809	0.01292	0.02067	0.01163	0.01034	0.02196	0.01809	0.02842	0.01550	0.01809	0.01292	0.00646	0.00646	0.00129	0.00646	0.00517	0.00517	0.74677
22	0.02224	0.51812	0.13465	0.02113	0.09994	0.03070	0.01896	0.02642	0.01809	0.02256	0.01318	0.01558	0.01149	0.00762	0.00637	0.00209	0.00999	0.00531	0.00380	0.01177
23	0.03029	0.02233	0.02477	0.07985	0.02881	0.02486	0.01647	0.50934	0.03705	0.05018	0.02102	0.02206	0.01512	0.01028	0.00852	0.00260	0.00936	0.00787	0.06538	0.01383
24	0.01145	0.00843	0.01166	0.05686	0.01637	0.00826	0.00974	0.01365	0.01756	0.02341	0.08183	0.54987	0.05541	0.02519	0.01100	0.00349	0.00572	0.07479	0.00790	0.00742
25	0.22655	0.06337	0.02097	0.16313	0.02877	0.04402	0.01476	0.14171	0.02174	0.03431	0.03727	0.02233	0.01557	0.01449	0.06794	0.00367	0.01023	0.00708	0.05166	0.01046

[dist]
# distance from previous block
# <min> <max>
0	3

[block]
# block no. 3 follows, 20 sequences, length 6
# corresponding to MSA columns:
# 219-224
name=unknown_D
#
# <colnr> <probs for GDERKNQSTAVLIFYWHMCP>
#	G	D	E	R	K	N	Q	S	T	A	V	L	I	F	Y	W	H	M	C	P
0	0.02050	0.01931	0.02643	0.10762	0.30767	0.07866	0.02004	0.04659	0.06730	0.02771	0.06259	0.08002	0.02275	0.01225	0.01066	0.05373	0.00967	0.00966	0.00543	0.01141
1	0.02307	0.02407	0.03568	0.04713	0.48296	0.11332	0.09122	0.02807	0.02065	0.02740	0.01612	0.02096	0.01338	0.00790	0.00871	0.00258	0.01163	0.00775	0.00435	0.01305
2	0.01118	0.00790	0.01021	0.01156	0.01217	0.00745	0.00764	0.01276	0.01699	0.02290	0.11558	0.50606	0.05629	0.13848	0.01664	0.00427	0.00552	0.02166	0.00781	0.00692
3	0.33226	0.01716	0.09291	0.08752	0.02293	0.01548	0.01351	0.02102	0.01620	0.03019	0.02492	0.23983	0.02594	0.01459	0.00804	0.00301	0.00750	0.01196	0.00591	0.00912
4	0.02021	0.02112	0.04234	0.03554	0.14799	0.01984	0.40527	0.02663	0.02007	0.02846	0.01814	0.02348	0.01406	0.00759	0.00934	0.00267	0.01239	0.00925	0.06495	0.07068
5	0.02917	0.03390	0.02491	0.06803	0.06962	0.43989	0.01738	0.07970	0.05908	0.02596	0.01582	0.01819	0.01272	0.00900	0.00801	0.00232	0.01345	0.00630	0.00508	0.06146

[dist]
# distance from previous block
# <min> <max>
0	1

[block]
# block no. 4 follows, 20 sequences, length 64
# corresponding to MSA columns:
# 226-289
name=unknown_E
#
# <colnr> <probs for GDERKNQSTAVLIFYWHMCP>
#	G	D	E	R	K	N	Q	S	T	A	V	L	I	F	Y	W	H	M	C	P
0	0.02404	0.01859	0.02089	0.01599	0.02249	0.01824	0.01288	0.28204	0.02765	0.03893	0.01920	0.02278	0.01551	0.05063	0.06124	0.00328	0.00930	0.00710	0.00672	0.32250
1	0.02169	0.01593	0.01805	0.01534	0.01930	0.01681	0.01178	0.27928	0.02752	0.03737	0.08103	0.15617	0.03174	0.12116	0.05749	0.00436	0.00880	0.01240	0.00768	0.05610
2	0.06267	0.00940	0.01144	0.01256	0.01398	0.00917	0.00873	0.04619	0.01795	0.02540	0.04312	0.58424	0.05065	0.02444	0.01046	0.00336	0.00547	0.02188	0.00786	0.03102
3	0.71577	0.05348	0.01459	0.01166	0.01717	0.02037	0.00974	0.02567	0.01500	0.03814	0.01214	0.01416	0.00954	0.00806	0.00541	0.00265	0.00689	0.00472	0.00531	0.00954
4	0.01267	0.00851	0.00976	0.00976	0.00985	0.00859	0.00559	0.01284	0.01276	0.01710	0.02726	0.05583	0.03117	0.65897	0.07813	0.00876	0.00928	0.01250	0.00525	0.00542
5	0.01835	0.06265	0.03017	0.27681	0.04035	0.04002	0.13111	0.02301	0.01749	0.02366	0.01761	0.06103	0.01527	0.01086	0.01268	0.00298	0.14272	0.00896	0.05435	0.00991
6	0.03128	0.13399	0.02767	0.02141	0.02632	0.57068	0.01658	0.03361	0.02374	0.02123	0.01329	0.01549	0.01123	0.00877	0.00755	0.00219	0.01483	0.00548	0.00439	0.01026
7	0.01059	0.00774	0.00997	0.01174	0.01255	0.00712	0.00792	0.01219	0.01709	0.02242	0.05298	0.61431	0.12797	0.02669	0.01103	0.00347	0.00498	0.02402	0.00810	0.00712
8	0.01128	0.00839	0.01060	0.01219	0.01319	0.00801	0.00832	0.01429	0.05447	0.02326	0.05097	0.59222	0.10845	0.02589	0.01092	0.00345	0.00512	0.02329	0.00815	0.00753
9	0.02858	0.06834	0.02525	0.04320	0.02563	0.10260	0.01581	0.35710	0.03145	0.04166	0.01924	0.02110	0.01459	0.01043	0.00992	0.00258	0.07067	0.00738	0.09191	0.01257
10	0.01178	0.00889	0.01087	0.01038	0.01268	0.00799	0.00778	0.01536	0.02335	0.03179	0.48204	0.07040	0.23668	0.01902	0.01029	0.00280	0.00420	0.01651	0.00918	0.00799
11	0.03116	0.03722	0.02628	0.02642	0.10898	0.51542	0.01816	0.08619	0.02555	0.02537	0.01456	0.01699	0.01191	0.00896	0.00805	0.00233	0.01445	0.00611	0.00486	0.01104
12	0.01750	0.04512	0.64825	0.02486	0.03775	0.02026	0.03223	0.02762	0.01842	0.02762	0.01565	0.01842	0.01105	0.00829	0.00829	0.00276	0.01289	0.00645	0.00368	0.01289
13	0.02117	0.01874	0.02285	0.08733	0.12440	0.02132	0.01689	0.04089	0.46815	0.03383	0.03051	0.02989	0.02313	0.01088	0.00882	0.00290	0.00791	0.00932	0.00766	0.01341
14	0.02123	0.05400	0.03710	0.02963	0.07227	0.08256	0.23594	0.02543	0.01769	0.02406	0.01428	0.02035	0.01223	0.01093	0.01760	0.00318	0.29832	0.00830	0.00413	0.01077
15	0.02170	0.01874	0.01972	0.01775	0.02268	0.02170	0.01381	0.04635	0.62327	0.03649	0.03550	0.03254	0.02663	0.01183	0.00888	0.00296	0.00690	0.00986	0.00888	0.01381
16	0.06238	0.01587	0.02585	0.59766	0.08919	0.01947	0.02345	0.02274	0.01741	0.02367	0.01535	0.02260	0.01161	0.00863	0.00851	0.00288	0.01126	0.00757	0.00399	0.00990
17	0.01267	0.00928	0.01370	0.01370	0.01528	0.01075	0.01064	0.01584	0.01425	0.02092	0.02364	0.03417	0.02184	0.06239	0.62304	0.01336	0.02230	0.00928	0.04515	0.00781
18	0.01675	0.01605	0.02788	0.62930	0.05909	0.01956	0.06384	0.02267	0.01766	0.02267	0.01565	0.02327	0.01174	0.00863	0.00883	0.00291	0.01184	0.00792	0.00391	0.00983
19	0.75506	0.01687	0.01282	0.01147	0.01687	0.01957	0.00945	0.02564	0.01484	0.03914	0.01215	0.01417	0.00945	0.00810	0.00540	0.00270	0.00675	0.00472	0.00540	0.00945
20	0.01523	0.00761	0.01115	0.01115	0.01128	0.00761	0.00748	0.01197	0.01183	0.01632	0.01605	0.02692	0.01564	0.02894	0.03220	0.69594	0.00734	0.00761	0.05364	0.00408
21	0.01063	0.00759	0.01012	0.01215	0.01265	0.00709	0.00810	0.01215	0.01670	0.02227	0.04808	0.68775	0.05769	0.02733	0.01113	0.00354	0.00506	0.02480	0.00810	0.00709
22	0.01538	0.00959	0.01263	0.01149	0.01408	0.00875	0.00875	0.01941	0.02472	0.10413	0.56642	0.06114	0.07542	0.01704	0.01012	0.00274	0.00449	0.01498	0.00974	0.00898
23	0.01682	0.01586	0.02679	0.63067	0.09918	0.01947	0.02440	0.02259	0.01761	0.02271	0.01556	0.02314	0.01178	0.00866	0.00872	0.00289	0.01154	0.00775	0.00391	0.00997
24	0.01647	0.01550	0.02616	0.67248	0.06008	0.01938	0.02422	0.02229	0.01744	0.02229	0.01550	0.02326	0.01163	0.00872	0.00872	0.00291	0.01163	0.00775	0.00388	0.00969
25	0.01206	0.00870	0.01128	0.01161	0.01321	0.00814	0.00858	0.01518	0.02126	0.02921	0.36219	0.21276	0.09927	0.06660	0.01299	0.00347	0.00509	0.08199	0.00870	0.00770
26	0.01626	0.00813	0.00813	0.00813	0.01016	0.00813	0.00610	0.02033	0.01829	0.03252	0.02846	0.03252	0.02236	0.01016	0.00610	0.00203	0.00407	0.00813	0.74187	0.00813
27	0.06989	0.00886	0.00891	0.00882	0.01100	0.00916	0.00664	0.02015	0.01757	0.03168	0.02689	0.03208	0.02168	0.03557	0.05136	0.00310	0.00571	0.00811	0.61472	0.00811
28	0.02168	0.01076	0.01425	0.01282	0.01627	0.00957	0.00979	0.02472	0.02240	0.25659	0.22426	0.21540	0.08943	0.01798	0.00995	0.00295	0.00560	0.01571	0.00955	0.01032
29	0.01271	0.00812	0.01086	0.01239	0.01335	0.00750	0.00844	0.01436	0.01730	0.06779	0.04708	0.63966	0.05505	0.02612	0.01096	0.00348	0.00523	0.02363	0.00829	0.00765
30	0.01240	0.00843	0.01003	0.01029	0.01051	0.00852	0.00619	0.01289	0.01334	0.01793	0.02976	0.13685	0.03413	0.54609	0.09954	0.00836	0.00946	0.01394	0.00559	0.00576
31	0.01221	0.00891	0.01147	0.01083	0.01295	0.00817	0.00812	0.01620	0.02437	0.03423	0.59836	0.06640	0.11884	0.01811	0.01029	0.00276	0.00414	0.01595	0.00950	0.00817
32	0.09305	0.01887	0.02106	0.06670	0.02488	0.02092	0.01446	0.35779	0.03011	0.04251	0.02091	0.02653	0.01670	0.01357	0.01186	0.10298	0.00876	0.04093	0.05577	0.01162
33	0.68924	0.01756	0.01404	0.01225	0.01780	0.02025	0.01010	0.07892	0.01723	0.04058	0.01295	0.01479	0.00994	0.00831	0.00570	0.00269	0.00701	0.00501	0.00570	0.00994
34	0.01595	0.01038	0.01384	0.21386	0.02576	0.01154	0.01184	0.02039	0.01792	0.02868	0.02574	0.07290	0.02137	0.01085	0.00724	0.00240	0.00647	0.00911	0.46520	0.00854
35	0.02019	0.02299	0.11309	0.15518	0.46272	0.02044	0.02704	0.02612	0.01926	0.02733	0.01616	0.02146	0.01309	0.00800	0.00861	0.00267	0.01091	0.00760	0.00416	0.01299
36	0.01417	0.00932	0.01224	0.01128	0.01366	0.00854	0.00854	0.01823	0.02471	0.07642	0.59367	0.06275	0.07818	0.01735	0.01019	0.00274	0.00434	0.01530	0.00968	0.00868
37	0.01429	0.07774	0.01754	0.01399	0.01618	0.01391	0.01102	0.01693	0.01440	0.02035	0.02162	0.03345	0.02094	0.13732	0.43557	0.01071	0.05942	0.00898	0.00464	0.05100
38	0.20606	0.01609	0.01685	0.01367	0.01950	0.01609	0.01100	0.08658	0.09714	0.11141	0.04959	0.02412	0.01908	0.00934	0.00715	0.00229	0.00669	0.00712	0.07411	0.20612
39	0.17815	0.02448	0.02336	0.01856	0.02500	0.08311	0.01517	0.44011	0.03427	0.04873	0.01849	0.01911	0.01342	0.00986	0.00798	0.00260	0.00958	0.00702	0.00767	0.01332
40	0.01899	0.01591	0.01830	0.01369	0.02072	0.01332	0.01091	0.06259	0.07526	0.03139	0.06292	0.02303	0.01937	0.00805	0.00711	0.00164	0.00654	0.00655	0.00606	0.57765
41	0.02128	0.01246	0.01565	0.01330	0.01752	0.01163	0.01042	0.02803	0.10742	0.19653	0.33543	0.04692	0.05212	0.01409	0.00934	0.00263	0.00559	0.01213	0.00941	0.07810
42	0.23503	0.02205	0.02063	0.05534	0.02498	0.08596	0.01433	0.21224	0.17486	0.04063	0.02098	0.02150	0.01568	0.00988	0.00773	0.00271	0.00885	0.00723	0.00711	0.01227
43	0.05071	0.46932	0.03812	0.01704	0.02364	0.19538	0.01533	0.05971	0.02069	0.02321	0.01295	0.01482	0.01134	0.00804	0.00635	0.00203	0.01092	0.00508	0.00425	0.01105
44	0.01602	0.01502	0.02490	0.62398	0.05655	0.01850	0.02294	0.02157	0.01762	0.02238	0.02083	0.02769	0.05722	0.00970	0.00884	0.00291	0.01110	0.00853	0.00418	0.00952
45	0.13628	0.01166	0.01588	0.05484	0.01971	0.01171	0.05976	0.01901	0.01858	0.06969	0.12223	0.32618	0.06360	0.01869	0.00966	0.00312	0.00655	0.01664	0.00748	0.00873
46	0.07229	0.12551	0.35838	0.02373	0.05294	0.02188	0.08279	0.02584	0.01790	0.02679	0.01702	0.06237	0.01437	0.00974	0.00936	0.00276	0.05259	0.00779	0.00421	0.01174
47	0.01707	0.01639	0.02855	0.58992	0.09279	0.01965	0.06699	0.02296	0.01781	0.02306	0.01571	0.02318	0.01187	0.00857	0.00883	0.00289	0.01178	0.00794	0.00394	0.01008
48	0.01160	0.00877	0.01070	0.01046	0.01263	0.00787	0.00775	0.01492	0.02257	0.03051	0.42268	0.12737	0.24042	0.01993	0.01037	0.00287	0.00429	0.01736	0.00903	0.00787
49	0.04197	0.01038	0.01194	0.05866	0.01581	0.01143	0.00903	0.04280	0.01807	0.03041	0.02520	0.03149	0.02067	0.05392	0.05434	0.00344	0.04810	0.00829	0.49559	0.00845
50	0.02304	0.02461	0.07697	0.03430	0.09555	0.02284	0.40484	0.14475	0.02451	0.03341	0.01809	0.02256	0.01349	0.00807	0.00972	0.00283	0.01319	0.00937	0.00523	0.01263
51	0.03237	0.02506	0.02567	0.02006	0.02676	0.06352	0.01641	0.53918	0.07852	0.05179	0.02147	0.02140	0.01540	0.01047	0.00869	0.00262	0.00978	0.00786	0.00849	0.01449
52	0.02760	0.07949	0.11028	0.02354	0.06906	0.35097	0.01900	0.07242	0.11364	0.02711	0.01767	0.01923	0.01392	0.00923	0.00803	0.00245	0.01284	0.00659	0.00526	0.01167
53	0.08494	0.01623	0.02495	0.56814	0.05391	0.01992	0.02236	0.06229	0.01880	0.02603	0.01557	0.02227	0.01165	0.00878	0.00842	0.00287	0.01105	0.00748	0.00434	0.01002
54	0.01235	0.00892	0.01166	0.01097	0.01303	0.00823	0.00823	0.01646	0.02469	0.03498	0.63443	0.06516	0.08230	0.01783	0.01029	0.00274	0.00412	0.01578	0.00960	0.00823
55	0.02015	0.02329	0.10681	0.14008	0.36052	0.02075	0.14745	0.02643	0.01948	0.02735	0.01644	0.02188	0.01305	0.00789	0.00895	0.00273	0.01174	0.00814	0.00420	0.01266
56	0.02016	0.03140	0.31769	0.07941	0.29431	0.02006	0.02849	0.02759	0.01927	0.05592	0.01682	0.02060	0.01275	0.00821	0.00849	0.00270	0.01148	0.00720	0.00429	0.01316
57	0.02853	0.01295	0.01714	0.01402	0.01899	0.01170	0.01124	0.03341	0.05977	0.39127	0.24917	0.04255	0.04361	0.01337	0.00932	0.00273	0.00621	0.01134	0.01026	0.01242
58	0.01074	0.00768	0.01022	0.01207	0.01268	0.00716	0.00811	0.01243	0.01723	0.02311	0.08678	0.64666	0.05932	0.02670	0.01108	0.00349	0.00500	0.02420	0.00820	0.00716
59	0.05191	0.01703	0.02074	0.04865	0.06389	0.01786	0.01424	0.15126	0.15650	0.19952	0.06683	0.07484	0.02650	0.03754	0.01024	0.00302	0.00779	0.01023	0.00857	0.01284
60	0.03481	0.01722	0.02125	0.01649	0.02317	0.01651	0.01352	0.15676	0.08701	0.42426	0.03054	0.02743	0.02015	0.01055	0.00862	0.00262	0.00775	0.00846	0.00981	0.06308
61	0.02348	0.10917	0.27444	0.02119	0.03022	0.05497	0.06031	0.03315	0.11830	0.13023	0.02159	0.02225	0.01557	0.00909	0.00819	0.00261	0.01062	0.00734	0.00586	0.04142
62	0.04866	0.15799	0.07255	0.02005	0.02575	0.02269	0.10154	0.02684	0.05762	0.06686	0.01744	0.02077	0.01408	0.00989	0.01235	0.00263	0.16398	0.00718	0.05049	0.10064
63	0.02206	0.02263	0.07647	0.03158	0.24251	0.06207	0.05981	0.10507	0.04550	0.03210	0.05939	0.02671	0.01980	0.00947	0.00859	0.00248	0.00987	0.03012	0.00568	0.12810

[dist]
# distance from previous block
# <min> <max>
6	18

[block]
# block no. 5 follows, 20 sequences, length 111
# corresponding to MSA columns:
# 313-401,406-411,425-440
name=unknown_F
#
# <colnr> <probs for GDERKNQSTAVLIFYWHMCP>
#	G	D	E	R	K	N	Q	S	T	A	V	L	I	F	Y	W	H	M	C	P
0	0.01699	0.07219	0.02362	0.11217	0.02661	0.01682	0.08598	0.05171	0.01867	0.02587	0.02844	0.20925	0.05041	0.01499	0.01132	0.00290	0.08658	0.01281	0.07531	0.05739
1	0.01458	0.00995	0.01231	0.01305	0.01489	0.00979	0.00925	0.01981	0.10985	0.07451	0.04769	0.49591	0.08771	0.02330	0.01055	0.00335	0.00549	0.02082	0.00843	0.00875
2	0.02833	0.06990	0.02531	0.07363	0.02772	0.02378	0.01580	0.36353	0.09788	0.08150	0.02503	0.02514	0.04391	0.01059	0.00847	0.00258	0.00892	0.00823	0.00789	0.05187
3	0.08315	0.01784	0.02082	0.01744	0.04784	0.01801	0.01342	0.09565	0.09513	0.03241	0.01779	0.02019	0.01438	0.00910	0.01030	0.00220	0.10611	0.00651	0.00584	0.36586
4	0.01204	0.00858	0.00978	0.00987	0.01069	0.00837	0.00620	0.01288	0.01459	0.01893	0.04167	0.08848	0.16736	0.45925	0.08889	0.00749	0.00870	0.01420	0.00599	0.00605
5	0.01271	0.00995	0.01420	0.01417	0.01533	0.01044	0.04195	0.01480	0.01628	0.02260	0.03937	0.41513	0.06607	0.07713	0.06706	0.00463	0.07712	0.01872	0.05476	0.00760
6	0.02403	0.01648	0.01951	0.01431	0.02177	0.01377	0.01159	0.09865	0.02225	0.15107	0.01984	0.02069	0.01484	0.00780	0.00719	0.00173	0.00703	0.00620	0.00670	0.51458
7	0.01141	0.00869	0.01148	0.01271	0.01345	0.00876	0.00889	0.01319	0.01722	0.02317	0.09003	0.54986	0.09339	0.02533	0.01242	0.00347	0.05893	0.02235	0.00786	0.00738
8	0.01381	0.01007	0.01091	0.01029	0.01360	0.00896	0.00785	0.01796	0.06437	0.07853	0.14286	0.07347	0.47581	0.01990	0.01007	0.00290	0.00482	0.01667	0.00856	0.00856
9	0.02753	0.03599	0.13084	0.02655	0.08650	0.35047	0.06298	0.08936	0.02395	0.02688	0.01505	0.01798	0.01196	0.00913	0.00940	0.00254	0.05007	0.00662	0.00473	0.01148
10	0.02243	0.01762	0.01912	0.01702	0.02187	0.01986	0.01328	0.04363	0.52447	0.08800	0.08349	0.03492	0.03067	0.01223	0.00898	0.00292	0.00672	0.01024	0.00910	0.01345
11	0.01877	0.01123	0.01229	0.04643	0.01566	0.01187	0.00880	0.11696	0.02138	0.03401	0.02603	0.03169	0.02099	0.06001	0.01029	0.02539	0.00581	0.00838	0.50501	0.00898
12	0.01138	0.01009	0.01273	0.01141	0.01477	0.00869	0.05774	0.01421	0.02041	0.02504	0.13516	0.07701	0.52922	0.02043	0.01031	0.00293	0.00526	0.01747	0.00793	0.00782
13	0.03132	0.02329	0.02490	0.01934	0.02599	0.02570	0.01589	0.54805	0.07024	0.05230	0.02537	0.02497	0.04920	0.01117	0.00882	0.00265	0.00918	0.00853	0.00870	0.01437
14	0.02059	0.01704	0.01941	0.01428	0.02176	0.01454	0.01148	0.11308	0.05480	0.03292	0.01743	0.01932	0.01396	0.00737	0.00694	0.00159	0.00696	0.00584	0.00591	0.59479
15	0.28025	0.01709	0.01879	0.04305	0.02206	0.01855	0.03875	0.17715	0.02372	0.09323	0.07019	0.07035	0.02275	0.05567	0.01025	0.00313	0.00790	0.00904	0.00715	0.01092
16	0.01238	0.00866	0.01153	0.01273	0.01345	0.00864	0.00877	0.01397	0.01677	0.04503	0.06096	0.56303	0.05252	0.06909	0.01427	0.00383	0.04706	0.02209	0.00779	0.00744
17	0.01114	0.00843	0.01036	0.01176	0.01300	0.00790	0.00809	0.01401	0.04900	0.02328	0.05574	0.52896	0.17531	0.02544	0.01085	0.00339	0.00502	0.02270	0.00814	0.00749
18	0.01647	0.01550	0.02616	0.67248	0.06008	0.01938	0.02422	0.02229	0.01744	0.02229	0.01550	0.02326	0.01163	0.00872	0.00872	0.00291	0.01163	0.00775	0.00388	0.00969
19	0.01223	0.00829	0.00970	0.01014	0.01076	0.00801	0.00635	0.01334	0.01548	0.02113	0.08539	0.21190	0.08214	0.38691	0.02875	0.00601	0.00672	0.01598	0.05449	0.00629
20	0.01780	0.01056	0.01381	0.01280	0.01575	0.00991	0.00998	0.02270	0.05650	0.14449	0.38590	0.10731	0.06293	0.01760	0.01018	0.00294	0.00536	0.07437	0.00950	0.00964
21	0.30664	0.02086	0.01915	0.01571	0.02150	0.06730	0.01280	0.26287	0.02703	0.08130	0.01851	0.01948	0.01356	0.00946	0.00719	0.00258	0.00837	0.00658	0.06722	0.01190
22	0.01515	0.00758	0.01136	0.01136	0.01136	0.00758	0.00758	0.01136	0.01136	0.01515	0.01515	0.02652	0.01515	0.03030	0.03409	0.74621	0.00758	0.00758	0.00379	0.00379
23	0.01621	0.00960	0.01280	0.01238	0.01477	0.00880	0.00938	0.01955	0.02238	0.12561	0.34855	0.21705	0.06421	0.01961	0.01040	0.00304	0.00518	0.06225	0.00929	0.00895
24	0.01231	0.00893	0.01194	0.01357	0.01510	0.00856	0.01072	0.01525	0.01916	0.02516	0.09768	0.31604	0.10498	0.02464	0.01142	0.00365	0.00630	0.27877	0.00819	0.00764
25	0.01085	0.00775	0.01038	0.01240	0.01300	0.00728	0.00849	0.01253	0.01692	0.02252	0.04795	0.64936	0.05720	0.02712	0.01119	0.00357	0.00525	0.06098	0.00809	0.00715
26	0.02115	0.02028	0.03462	0.10605	0.58992	0.02061	0.02655	0.02639	0.01966	0.02797	0.01633	0.02173	0.01363	0.00785	0.00864	0.00262	0.01047	0.00777	0.00428	0.01347
27	0.01246	0.00922	0.01199	0.01335	0.01527	0.00875	0.01084	0.01563	0.01980	0.02561	0.10677	0.20434	0.17839	0.02374	0.01135	0.00359	0.00636	0.30661	0.00820	0.00773
28	0.01248	0.00827	0.00971	0.01004	0.01013	0.00818	0.00587	0.01252	0.01327	0.01769	0.03016	0.15822	0.03504	0.54847	0.03841	0.04814	0.00785	0.01438	0.00566	0.00550
29	0.09418	0.06675	0.02357	0.11298	0.02841	0.01924	0.01508	0.17043	0.02579	0.27177	0.02355	0.02336	0.01610	0.00963	0.00807	0.00255	0.00857	0.00750	0.00791	0.06457
30	0.07657	0.02000	0.02142	0.01740	0.02270	0.02192	0.01386	0.42886	0.03316	0.04572	0.02513	0.12803	0.02255	0.06778	0.01174	0.00324	0.00860	0.01069	0.00813	0.01249
31	0.01327	0.00997	0.01302	0.03870	0.01648	0.00994	0.01025	0.01876	0.07650	0.03056	0.34030	0.19626	0.06425	0.01990	0.01055	0.00314	0.00548	0.10541	0.00875	0.00852
32	0.01268	0.00846	0.00951	0.00951	0.00951	0.00846	0.00529	0.01268	0.01268	0.01691	0.02748	0.05708	0.03171	0.69345	0.04440	0.00846	0.00846	0.01268	0.00529	0.00529
33	0.32396	0.07891	0.05371	0.01159	0.01617	0.01630	0.01026	0.02321	0.01653	0.03302	0.01901	0.02239	0.01520	0.01265	0.04983	0.00315	0.00752	0.00637	0.27098	0.00924
34	0.03113	0.02677	0.02492	0.04566	0.02750	0.15621	0.01639	0.43510	0.03556	0.04501	0.02289	0.02341	0.04802	0.01073	0.00863	0.00257	0.01066	0.00797	0.00763	0.01325
35	0.01115	0.00887	0.01000	0.00972	0.01230	0.00772	0.00729	0.01415	0.02187	0.02828	0.31391	0.07619	0.40701	0.02033	0.01030	0.00286	0.00429	0.01732	0.00872	0.00772
36	0.01987	0.02407	0.08906	0.03437	0.04304	0.02108	0.53158	0.02721	0.02070	0.02836	0.05578	0.02577	0.01737	0.00807	0.01016	0.00292	0.01393	0.01038	0.00468	0.01162
37	0.01204	0.00890	0.01123	0.01065	0.01284	0.00810	0.00799	0.01586	0.02396	0.03324	0.55123	0.06802	0.16659	0.01848	0.01029	0.00277	0.00416	0.01618	0.00937	0.00810
38	0.03190	0.04028	0.02538	0.02440	0.06494	0.61887	0.01747	0.03433	0.02442	0.02179	0.01366	0.01609	0.01140	0.00891	0.00791	0.00227	0.01540	0.00575	0.00448	0.01034
39	0.01208	0.00958	0.01462	0.01684	0.06257	0.00906	0.04670	0.01424	0.01718	0.02310	0.04377	0.59563	0.05158	0.02459	0.01089	0.00343	0.00606	0.02260	0.00758	0.00789
40	0.03125	0.03843	0.02492	0.07748	0.02978	0.56988	0.01746	0.06505	0.02499	0.02326	0.01406	0.01665	0.01146	0.00905	0.00798	0.00232	0.01505	0.00592	0.00467	0.01033
41	0.01944	0.02014	0.03259	0.02619	0.02828	0.02561	0.15862	0.02264	0.01507	0.02264	0.01292	0.02014	0.01187	0.01339	0.02428	0.00361	0.52027	0.00826	0.00396	0.01007
42	0.01183	0.00843	0.01122	0.01251	0.01363	0.00802	0.00915	0.01433	0.01888	0.02549	0.17516	0.39050	0.05989	0.06798	0.01330	0.00378	0.00568	0.13457	0.00823	0.00741
43	0.02768	0.01487	0.01856	0.01463	0.02044	0.01344	0.01176	0.11143	0.02533	0.29402	0.13771	0.06683	0.03172	0.01200	0.00869	0.00245	0.00681	0.01001	0.00900	0.16261
44	0.03590	0.03560	0.02045	0.01522	0.02168	0.01359	0.01249	0.03998	0.04749	0.54781	0.03263	0.02995	0.02151	0.03927	0.01007	0.00286	0.00746	0.00869	0.01002	0.04731
45	0.01061	0.00766	0.01005	0.01196	0.01260	0.00710	0.00802	0.01217	0.01687	0.02234	0.05029	0.65462	0.08940	0.02704	0.01109	0.00351	0.00503	0.02445	0.00810	0.00710
46	0.02013	0.04252	0.03253	0.07226	0.03061	0.02548	0.14406	0.05505	0.01685	0.02441	0.01360	0.02026	0.01202	0.01259	0.02145	0.00344	0.43005	0.00812	0.00421	0.01037
47	0.01793	0.01699	0.02880	0.49594	0.22522	0.01976	0.02495	0.02357	0.01813	0.02406	0.01576	0.02278	0.01225	0.00845	0.00870	0.00282	0.01127	0.00776	0.00400	0.01087
48	0.03442	0.01459	0.01930	0.01512	0.02114	0.01311	0.01236	0.07926	0.02608	0.50502	0.12934	0.03473	0.03081	0.01190	0.00901	0.00270	0.00705	0.00982	0.01046	0.01379
49	0.02937	0.02213	0.02374	0.01911	0.02537	0.02472	0.01549	0.39513	0.24304	0.06804	0.02645	0.02527	0.01916	0.01096	0.00878	0.00274	0.00859	0.00858	0.00885	0.01448
50	0.02144	0.07713	0.08251	0.05663	0.13658	0.02136	0.34219	0.02768	0.02012	0.06851	0.01925	0.05134	0.01546	0.00864	0.00940	0.00280	0.01244	0.00962	0.00487	0.01206
51	0.01679	0.03336	0.40573	0.02443	0.03402	0.01791	0.12634	0.02475	0.01868	0.02681	0.02297	0.11902	0.02107	0.01205	0.00933	0.00300	0.01172	0.05573	0.00477	0.01150
52	0.64089	0.01924	0.01546	0.01544	0.06258	0.07385	0.01132	0.02650	0.01604	0.03686	0.01257	0.01484	0.00991	0.00815	0.00584	0.00265	0.00777	0.00502	0.00524	0.00982
53	0.03066	0.01971	0.02263	0.01776	0.02382	0.02089	0.01458	0.32785	0.05697	0.19704	0.02981	0.02874	0.06938	0.01175	0.01012	0.00271	0.05331	0.00894	0.00872	0.04460
54	0.01674	0.01376	0.01629	0.01303	0.01878	0.01109	0.01001	0.04582	0.01875	0.02795	0.02460	0.20010	0.02517	0.01231	0.00783	0.00196	0.00622	0.01062	0.00612	0.51285
55	0.01072	0.00766	0.01021	0.01208	0.01267	0.00715	0.00810	0.01238	0.01714	0.02296	0.08025	0.65359	0.05904	0.02681	0.01109	0.00350	0.00501	0.02430	0.00818	0.00715
56	0.01225	0.00884	0.01158	0.01104	0.01301	0.00817	0.00822	0.01623	0.02426	0.03429	0.60254	0.09902	0.08097	0.01835	0.01033	0.00279	0.00417	0.01627	0.00952	0.00817
57	0.01249	0.00921	0.01335	0.01335	0.01468	0.01054	0.01007	0.01515	0.01382	0.01976	0.02397	0.03763	0.02327	0.15810	0.56819	0.01320	0.02116	0.00984	0.00476	0.00742
58	0.01222	0.00891	0.01148	0.01084	0.01295	0.00818	0.00813	0.01622	0.02439	0.03427	0.60055	0.06632	0.11662	0.01810	0.01029	0.00276	0.00413	0.01594	0.00951	0.00818
59	0.01513	0.01129	0.01514	0.01426	0.01586	0.01329	0.01103	0.05644	0.01609	0.02371	0.02285	0.03411	0.02136	0.12599	0.38684	0.00993	0.09784	0.00930	0.09132	0.00821
60	0.01317	0.01089	0.01709	0.01475	0.01768	0.01005	0.09649	0.01726	0.02264	0.03131	0.42060	0.14182	0.11583	0.01789	0.01040	0.00289	0.00583	0.01637	0.00851	0.00853
61	0.01743	0.01682	0.02980	0.46181	0.05178	0.01880	0.13878	0.02331	0.01816	0.02435	0.01644	0.02322	0.01248	0.00831	0.00873	0.00274	0.01149	0.00805	0.03318	0.07431
62	0.02059	0.02353	0.05147	0.03676	0.04559	0.02206	0.60735	0.02794	0.02059	0.02794	0.01765	0.02353	0.01324	0.00735	0.01029	0.00294	0.01471	0.01029	0.00441	0.01176
63	0.09098	0.02212	0.02353	0.09819	0.02886	0.05066	0.01608	0.41693	0.03340	0.04641	0.01982	0.02136	0.01444	0.00997	0.00820	0.00260	0.00942	0.00750	0.06653	0.01301
64	0.07571	0.01327	0.01607	0.01339	0.01824	0.01234	0.01071	0.07078	0.02350	0.31151	0.10582	0.04703	0.15751	0.05129	0.01108	0.00311	0.00663	0.03135	0.00920	0.01146
65	0.01291	0.00889	0.01165	0.01206	0.01389	0.00825	0.00908	0.01608	0.02132	0.05146	0.31440	0.25545	0.10805	0.02160	0.01074	0.00318	0.00510	0.09899	0.00887	0.00804
66	0.02332	0.69869	0.04571	0.01493	0.02239	0.03451	0.01493	0.02612	0.01772	0.02052	0.01213	0.01399	0.01119	0.00746	0.00560	0.00187	0.00933	0.00466	0.00373	0.01119
67	0.01869	0.01317	0.01747	0.01495	0.01811	0.01439	0.06088	0.11596	0.02083	0.03208	0.02389	0.02931	0.01944	0.02332	0.16176	0.00515	0.05895	0.00852	0.33359	0.00955
68	0.03330	0.01406	0.01883	0.01509	0.02084	0.01257	0.01240	0.06108	0.02528	0.48974	0.12189	0.03910	0.03206	0.01270	0.00921	0.00279	0.00707	0.04822	0.01035	0.01342
69	0.01063	0.00759	0.01012	0.01215	0.01265	0.00709	0.00810	0.01215	0.01670	0.02227	0.04808	0.68775	0.05769	0.02733	0.01113	0.00354	0.00506	0.02480	0.00810	0.00709
70	0.01035	0.00869	0.00899	0.00923	0.01189	0.00733	0.00680	0.01247	0.01950	0.02341	0.08353	0.15641	0.56615	0.02272	0.01041	0.00302	0.00450	0.01918	0.00810	0.00733
71	0.02229	0.01665	0.01908	0.01413	0.02125	0.01444	0.01140	0.13692	0.02300	0.07536	0.01876	0.02046	0.01455	0.00779	0.00703	0.00170	0.00696	0.00614	0.05935	0.50273
72	0.01145	0.00862	0.01162	0.01317	0.01370	0.00879	0.00923	0.01311	0.01657	0.02233	0.04506	0.60927	0.05366	0.02622	0.01258	0.00358	0.05916	0.04680	0.00775	0.00732
73	0.01795	0.01140	0.01408	0.01260	0.01593	0.01101	0.00971	0.02502	0.11828	0.13234	0.40019	0.05585	0.10822	0.01610	0.00982	0.00279	0.00511	0.01393	0.00956	0.01010
74	0.01063	0.00759	0.01012	0.01215	0.01265	0.00709	0.00810	0.01215	0.01670	0.02227	0.04808	0.68775	0.05769	0.02733	0.01113	0.00354	0.00506	0.02480	0.00810	0.00709
75	0.01242	0.00835	0.00959	0.00985	0.00992	0.00828	0.00565	0.01262	0.01320	0.01760	0.03012	0.13794	0.03504	0.60804	0.04013	0.00783	0.00802	0.01424	0.00565	0.00552
76	0.01626	0.00813	0.00813	0.00813	0.01016	0.00813	0.00610	0.02033	0.01829	0.03252	0.02846	0.03252	0.02236	0.01016	0.00610	0.00203	0.00407	0.00813	0.74187	0.00813
77	0.02003	0.02092	0.02942	0.05007	0.02725	0.06704	0.08703	0.02275	0.01509	0.02187	0.01246	0.01954	0.01165	0.01369	0.02437	0.00358	0.53165	0.00781	0.00393	0.00984
78	0.03273	0.03708	0.02510	0.02184	0.02699	0.49306	0.01678	0.18546	0.02899	0.03016	0.01544	0.01710	0.01218	0.00938	0.00809	0.00234	0.01412	0.00620	0.00560	0.01135
79	0.01063	0.00759	0.01012	0.01215	0.01265	0.00709	0.00810	0.01215	0.01670	0.02227	0.04808	0.68775	0.05769	0.02733	0.01113	0.00354	0.00506	0.02480	0.00810	0.00709
80	0.01778	0.01709	0.02973	0.50513	0.17562	0.01983	0.06398	0.02357	0.01814	0.02392	0.01583	0.02294	0.01218	0.00844	0.00881	0.00285	0.01158	0.00793	0.00400	0.01066
81	0.01255	0.00927	0.01178	0.01122	0.01336	0.00871	0.00838	0.01732	0.04997	0.03376	0.54807	0.09858	0.10741	0.01831	0.01027	0.00281	0.00430	0.01615	0.00941	0.00836
82	0.01809	0.01550	0.01809	0.01292	0.02067	0.01163	0.01034	0.02196	0.01809	0.02842	0.01550	0.01809	0.01292	0.00646	0.00646	0.00129	0.00646	0.00517	0.00517	0.74677
83	0.01247	0.00930	0.01377	0.01377	0.01524	0.01077	0.01060	0.01542	0.01395	0.02007	0.02359	0.03552	0.02235	0.09988	0.62516	0.01371	0.02255	0.00953	0.00471	0.00765
84	0.02330	0.01843	0.01987	0.01743	0.02250	0.02084	0.01367	0.09229	0.50235	0.07762	0.06677	0.03315	0.02833	0.01198	0.00893	0.00290	0.00701	0.00994	0.00903	0.01366
85	0.01132	0.00860	0.01042	0.01055	0.01255	0.00770	0.00769	0.01425	0.02138	0.02852	0.33024	0.20942	0.25307	0.02130	0.01048	0.00299	0.00442	0.01862	0.00879	0.00770
86	0.01554	0.00830	0.00895	0.00895	0.01077	0.00849	0.00662	0.01920	0.01737	0.02990	0.02777	0.03450	0.02297	0.06614	0.08816	0.00395	0.00673	0.00861	0.59921	0.00788
87	0.01832	0.01634	0.02011	0.01526	0.02120	0.01517	0.01239	0.02174	0.01698	0.02668	0.01455	0.01832	0.01257	0.00853	0.01166	0.00188	0.16400	0.00575	0.00485	0.57369
88	0.01573	0.00944	0.01228	0.01238	0.01464	0.00841	0.00890	0.01801	0.01915	0.12183	0.10930	0.43696	0.08952	0.02208	0.01033	0.00315	0.00538	0.01968	0.00850	0.05433
89	0.02031	0.02243	0.04168	0.13019	0.04266	0.05570	0.37994	0.02617	0.01900	0.02546	0.01597	0.02227	0.01256	0.00910	0.01329	0.00306	0.13585	0.00918	0.00423	0.01096
90	0.01261	0.00987	0.01164	0.01066	0.01372	0.00853	0.00805	0.01580	0.02122	0.02882	0.30452	0.06510	0.24945	0.05970	0.01191	0.00300	0.00497	0.03557	0.00813	0.11675
91	0.13083	0.05015	0.02706	0.07425	0.15833	0.16158	0.04340	0.02621	0.01828	0.02568	0.01438	0.01939	0.01234	0.01322	0.05233	0.00350	0.14714	0.00690	0.00439	0.01063
92	0.02931	0.02814	0.02646	0.07371	0.03006	0.22583	0.05926	0.30068	0.03115	0.03775	0.02208	0.02356	0.05182	0.01035	0.00866	0.00257	0.01176	0.00796	0.00664	0.01223
93	0.02590	0.02098	0.02260	0.10779	0.02863	0.07679	0.01587	0.27389	0.11235	0.05642	0.02236	0.02452	0.01693	0.01615	0.07952	0.00385	0.01113	0.00803	0.03821	0.03806
94	0.01566	0.01002	0.01222	0.01159	0.01292	0.00996	0.00782	0.07060	0.01619	0.02233	0.02520	0.12688	0.02689	0.25327	0.02881	0.23282	0.00747	0.01160	0.04559	0.05214
95	0.01099	0.00792	0.01034	0.01214	0.01291	0.00742	0.00838	0.01270	0.01702	0.02244	0.04970	0.56867	0.09477	0.05675	0.01266	0.00376	0.00542	0.07095	0.00797	0.00710
96	0.01647	0.01550	0.02616	0.67248	0.06008	0.01938	0.02422	0.02229	0.01744	0.02229	0.01550	0.02326	0.01163	0.00872	0.00872	0.00291	0.01163	0.00775	0.00388	0.00969
97	0.02645	0.01957	0.02159	0.01779	0.02303	0.02133	0.01434	0.40985	0.06661	0.04594	0.07910	0.12777	0.02937	0.01437	0.00940	0.00286	0.00824	0.04100	0.00868	0.01272
98	0.01117	0.00882	0.01007	0.00987	0.01234	0.00771	0.00736	0.01415	0.02175	0.02827	0.31439	0.10165	0.38036	0.02054	0.01034	0.00289	0.00432	0.01758	0.00873	0.00771
99	0.01076	0.00765	0.01008	0.01197	0.01245	0.00717	0.00791	0.01218	0.01644	0.02192	0.04674	0.64667	0.05600	0.07072	0.01330	0.00386	0.00528	0.02401	0.00791	0.00697
100	0.02087	0.02510	0.07643	0.03575	0.04460	0.04418	0.56180	0.02817	0.02064	0.02770	0.01742	0.02304	0.01307	0.00745	0.01012	0.00291	0.01466	0.00996	0.00438	0.01176
101	0.01973	0.01916	0.03357	0.26644	0.38821	0.02037	0.07514	0.02532	0.01909	0.02630	0.01620	0.02233	0.01301	0.00807	0.00881	0.00273	0.01117	0.00798	0.00417	0.01221
102	0.01130	0.00827	0.01062	0.01131	0.01271	0.00759	0.00799	0.01396	0.02033	0.02763	0.29346	0.36693	0.12989	0.02286	0.01070	0.00315	0.00460	0.02040	0.00872	0.00759
103	0.75506	0.01687	0.01282	0.01147	0.01687	0.01957	0.00945	0.02564	0.01484	0.03914	0.01215	0.01417	0.00945	0.00810	0.00540	0.00270	0.00675	0.00472	0.00540	0.00945
104	0.01246	0.00899	0.01182	0.01131	0.01336	0.00835	0.00861	0.01657	0.02439	0.03440	0.59611	0.06732	0.08021	0.01824	0.01040	0.00283	0.00437	0.05255	0.00950	0.00822
105	0.01149	0.00880	0.01053	0.01026	0.01255	0.00784	0.00763	0.01475	0.02243	0.03000	0.39753	0.11068	0.28392	0.01999	0.01035	0.00287	0.00429	0.01730	0.00896	0.00784
106	0.01153	0.00782	0.00983	0.01125	0.01177	0.00747	0.00733	0.01292	0.01596	0.02193	0.04203	0.49812	0.04921	0.17068	0.01796	0.00449	0.00572	0.02083	0.06639	0.00678
107	0.01173	0.00876	0.01130	0.01226	0.01384	0.00776	0.00843	0.01359	0.01691	0.02318	0.04327	0.58892	0.05108	0.02425	0.01044	0.00321	0.00527	0.02190	0.00766	0.11625
108	0.01770	0.01509	0.01767	0.01288	0.02025	0.01139	0.01022	0.02145	0.01802	0.02810	0.01720	0.05302	0.01526	0.00755	0.00670	0.00141	0.00639	0.00619	0.00532	0.70818
109	0.02089	0.07778	0.06693	0.01535	0.02287	0.04975	0.01336	0.09940	0.02135	0.03052	0.01720	0.04619	0.01468	0.00821	0.00708	0.00176	0.00800	0.00642	0.00549	0.46677
110	0.14977	0.05251	0.02615	0.07197	0.02839	0.05167	0.05568	0.28995	0.02829	0.07861	0.01813	0.02002	0.01338	0.00995	0.00979	0.00273	0.06641	0.00729	0.00680	0.01250

[dist]
# distance from previous block
# <min> <max>
0	2

[block]
# block no. 6 follows, 20 sequences, length 75
# corresponding to MSA columns:
# 443-478,486-524
name=unknown_G
#
# <colnr> <probs for GDERKNQSTAVLIFYWHMCP>
#	G	D	E	R	K	N	Q	S	T	A	V	L	I	F	Y	W	H	M	C	P
0	0.02401	0.01841	0.02010	0.01714	0.02275	0.02002	0.01352	0.08808	0.44380	0.10061	0.03190	0.02964	0.02356	0.01099	0.00857	0.00271	0.00712	0.00904	0.00863	0.09938
1	0.01763	0.04421	0.62300	0.02537	0.03808	0.02033	0.05656	0.02764	0.01851	0.02764	0.01574	0.01863	0.01114	0.00825	0.00837	0.00277	0.01297	0.00661	0.00371	0.01284
2	0.10343	0.02040	0.08731	0.14552	0.03841	0.01851	0.27378	0.02398	0.01879	0.02769	0.04568	0.11421	0.02118	0.01092	0.00937	0.00296	0.01131	0.01104	0.00508	0.01043
3	0.02093	0.43023	0.29321	0.01901	0.02870	0.02866	0.02203	0.02674	0.01801	0.02344	0.01358	0.01581	0.01113	0.00780	0.00670	0.00223	0.01079	0.00540	0.00371	0.01189
4	0.03508	0.01392	0.01883	0.01476	0.02069	0.01213	0.01198	0.03837	0.02435	0.55140	0.09678	0.03470	0.02842	0.04405	0.01063	0.00298	0.00713	0.00969	0.01041	0.01370
5	0.01810	0.11341	0.58529	0.02382	0.03615	0.02175	0.03042	0.02747	0.01834	0.02688	0.01529	0.01795	0.01106	0.00820	0.00801	0.00267	0.01252	0.00626	0.00369	0.01271
6	0.04744	0.08599	0.02229	0.07743	0.08074	0.01728	0.01582	0.02908	0.13006	0.11816	0.03230	0.05083	0.02944	0.01475	0.00947	0.00313	0.00836	0.20895	0.00734	0.01114
7	0.02492	0.46754	0.06119	0.01711	0.02401	0.03168	0.01627	0.15474	0.02252	0.02843	0.01414	0.01613	0.01202	0.00883	0.00838	0.00223	0.06742	0.00569	0.00484	0.01192
8	0.10024	0.01912	0.02169	0.15508	0.03032	0.05072	0.01557	0.16664	0.06924	0.06201	0.01908	0.02160	0.01442	0.00934	0.00869	0.00248	0.03845	0.00708	0.03747	0.15077
9	0.01088	0.00779	0.01035	0.01197	0.01271	0.00726	0.00812	0.01279	0.01789	0.02417	0.13566	0.59476	0.06137	0.02591	0.01101	0.00342	0.00492	0.02345	0.00832	0.00726
10	0.01459	0.01091	0.01510	0.01441	0.01608	0.01293	0.01130	0.04492	0.01569	0.02331	0.02272	0.03253	0.02075	0.07003	0.46751	0.01085	0.08836	0.00905	0.09068	0.00827
11	0.02865	0.02826	0.16446	0.05051	0.03146	0.02454	0.04385	0.41328	0.03363	0.06589	0.01985	0.02088	0.01402	0.00980	0.00869	0.00268	0.01055	0.00767	0.00729	0.01406
12	0.02840	0.01567	0.01938	0.01478	0.02146	0.01364	0.01197	0.09977	0.02398	0.29750	0.05086	0.05368	0.02160	0.01015	0.00808	0.00221	0.00709	0.00830	0.00832	0.28317
