[name]
unknown

[dist]
# distance from previous block
# <min> <max>
4	102

[block]
# block no. 0 follows, 26 sequences, length 59
# corresponding to MSA columns:
# 106-164
name=unknown_A
#
# <colnr> <probs for GDERKNQSTAVLIFYWHMCP>
#	G	D	E	R	K	N	Q	S	T	A	V	L	I	F	Y	W	H	M	C	P
0	0.08236	0.06512	0.02520	0.07435	0.31112	0.03811	0.04268	0.02386	0.07049	0.05319	0.01865	0.05147	0.01648	0.00927	0.00811	0.00244	0.03410	0.05784	0.00472	0.01042
1	0.02040	0.01132	0.01411	0.01186	0.01548	0.01084	0.00933	0.10167	0.04834	0.23497	0.32969	0.04157	0.06379	0.04047	0.00947	0.00256	0.00530	0.01076	0.00836	0.00970
2	0.05020	0.13080	0.41412	0.01961	0.04922	0.01826	0.04674	0.02457	0.01641	0.08456	0.01462	0.01646	0.01068	0.00713	0.00677	0.00219	0.00969	0.00559	0.00397	0.06841
3	0.01641	0.01634	0.02319	0.07602	0.02252	0.02272	0.01696	0.01835	0.01190	0.01835	0.01024	0.01689	0.00997	0.01282	0.02350	0.00326	0.66230	0.00665	0.00332	0.00831
4	0.01900	0.07491	0.33470	0.01648	0.02474	0.01547	0.01843	0.05147	0.01761	0.12623	0.01694	0.01827	0.01225	0.00740	0.00667	0.00204	0.00848	0.00577	0.06690	0.15625
5	0.72436	0.01411	0.01107	0.00994	0.01440	0.01622	0.00813	0.02165	0.01360	0.03374	0.06476	0.01590	0.01333	0.00772	0.00504	0.00235	0.00568	0.00488	0.00499	0.00813
6	0.01203	0.00973	0.01020	0.01006	0.01119	0.06323	0.00685	0.01389	0.01678	0.02230	0.30145	0.15181	0.04797	0.26724	0.01926	0.00419	0.00584	0.01325	0.00648	0.00624
7	0.01423	0.00967	0.06252	0.00824	0.01077	0.00792	0.00714	0.01819	0.01592	0.02793	0.02385	0.02729	0.01865	0.00871	0.00546	0.00182	0.00415	0.00695	0.71321	0.00740
8	0.01573	0.01348	0.01573	0.01123	0.01798	0.01011	0.00899	0.01910	0.01573	0.02472	0.01348	0.01573	0.01123	0.00562	0.00562	0.00112	0.00562	0.00449	0.00449	0.77980
9	0.02732	0.03432	0.02103	0.01887	0.02301	0.64707	0.01420	0.02939	0.02103	0.01906	0.01187	0.01384	0.00989	0.00764	0.00674	0.00189	0.01303	0.00485	0.00396	0.07101
10	0.01797	0.01932	0.08046	0.04024	0.50867	0.01785	0.09037	0.02267	0.01672	0.02393	0.01459	0.02006	0.01240	0.04016	0.00981	0.00257	0.04011	0.00710	0.00374	0.01127
11	0.00924	0.00660	0.00880	0.01056	0.01100	0.00616	0.00704	0.01056	0.01452	0.01936	0.04181	0.72848	0.05017	0.02376	0.00968	0.00308	0.00440	0.02156	0.00704	0.00616
12	0.02835	0.03558	0.02154	0.01946	0.02345	0.67675	0.01465	0.05463	0.02204	0.01969	0.01197	0.01385	0.00989	0.00787	0.00687	0.00197	0.01347	0.00496	0.00405	0.00895
13	0.02679	0.01651	0.01852	0.01494	0.02008	0.04243	0.01201	0.25985	0.09273	0.25915	0.02563	0.10011	0.01988	0.01074	0.00773	0.00235	0.00711	0.00873	0.00787	0.04687
14	0.02701	0.03394	0.02169	0.01958	0.02305	0.62608	0.01487	0.02893	0.02038	0.01853	0.01152	0.01401	0.00979	0.00843	0.00888	0.00211	0.09353	0.00508	0.00384	0.00874
15	0.00924	0.00660	0.00880	0.01056	0.01100	0.00616	0.00704	0.01056	0.01452	0.01936	0.04181	0.72848	0.05017	0.02376	0.00968	0.00308	0.00440	0.02156	0.00704	0.00616
16	0.01318	0.00659	0.00988	0.00988	0.00988	0.00659	0.00659	0.00988	0.00988	0.01318	0.01318	0.02306	0.01318	0.02635	0.02964	0.77931	0.00659	0.00659	0.00329	0.00329
17	0.01074	0.00775	0.01014	0.00954	0.01133	0.00716	0.00716	0.01431	0.02147	0.03042	0.68211	0.05666	0.07157	0.01551	0.00895	0.00239	0.00358	0.01372	0.00835	0.00716
18	0.02028	0.73799	0.03975	0.01298	0.01947	0.03001	0.01298	0.02271	0.01541	0.01785	0.01055	0.01217	0.00973	0.00649	0.00487	0.00162	0.00811	0.00406	0.00324	0.00973
19	0.03403	0.01291	0.01760	0.01350	0.01936	0.01115	0.01115	0.03697	0.02171	0.69137	0.02992	0.02582	0.01878	0.00939	0.00763	0.00235	0.00645	0.00763	0.00939	0.01291
20	0.01790	0.02046	0.04476	0.03197	0.03964	0.01918	0.65857	0.02430	0.01790	0.02430	0.01535	0.02046	0.01151	0.00639	0.00895	0.00256	0.01279	0.00895	0.00384	0.01023
21	0.02883	0.02125	0.02276	0.01745	0.02352	0.02352	0.01442	0.66082	0.03566	0.04780	0.01821	0.01821	0.01290	0.00911	0.00759	0.00228	0.00835	0.00683	0.00759	0.01290
22	0.01887	0.01629	0.01715	0.01544	0.01972	0.01887	0.01201	0.04031	0.67241	0.03173	0.03087	0.02830	0.02315	0.01029	0.00772	0.00257	0.00600	0.00858	0.00772	0.01201
23	0.01414	0.00707	0.00707	0.00707	0.00884	0.00707	0.00530	0.01767	0.01591	0.02828	0.02474	0.02828	0.01944	0.00884	0.00530	0.00177	0.00353	0.00707	0.77554	0.00707
24	0.01521	0.03923	0.69413	0.02162	0.03283	0.01762	0.02802	0.02402	0.01601	0.02402	0.01361	0.01601	0.00961	0.00721	0.00721	0.00240	0.01121	0.00560	0.00320	0.01121
25	0.01451	0.01367	0.02308	0.68767	0.07834	0.01690	0.02116	0.01954	0.01525	0.01960	0.01351	0.02016	0.01019	0.00755	0.00758	0.00252	0.01007	0.00674	0.00339	0.00857
26	0.01521	0.03923	0.69413	0.02162	0.03283	0.01762	0.02802	0.02402	0.01601	0.02402	0.01361	0.01601	0.00961	0.00721	0.00721	0.00240	0.01121	0.00560	0.00320	0.01121
27	0.01414	0.00707	0.00707	0.00707	0.00884	0.00707	0.00530	0.01767	0.01591	0.02828	0.02474	0.02828	0.01944	0.00884	0.00530	0.00177	0.00353	0.00707	0.77554	0.00707
28	0.04570	0.05324	0.14724	0.04637	0.02538	0.30471	0.04437	0.08872	0.01979	0.02328	0.01518	0.07290	0.01337	0.00935	0.00842	0.00230	0.05900	0.00687	0.00434	0.00947
29	0.01463	0.01121	0.01416	0.03769	0.01658	0.01145	0.03416	0.06410	0.15167	0.05456	0.34619	0.07321	0.11180	0.01387	0.00854	0.00247	0.00514	0.01210	0.00767	0.00878
30	0.02028	0.73799	0.03975	0.01298	0.01947	0.03001	0.01298	0.02271	0.01541	0.01785	0.01055	0.01217	0.00973	0.00649	0.00487	0.00162	0.00811	0.00406	0.00324	0.00973
31	0.01637	0.03115	0.41439	0.02608	0.03576	0.01829	0.29966	0.02414	0.01683	0.02414	0.01436	0.01793	0.01043	0.00686	0.00796	0.00247	0.01189	0.00705	0.00348	0.01079
32	0.02028	0.73799	0.03975	0.01298	0.01947	0.03001	0.01298	0.02271	0.01541	0.01785	0.01055	0.01217	0.00973	0.00649	0.00487	0.00162	0.00811	0.00406	0.00324	0.00973
33	0.01414	0.00707	0.00707	0.00707	0.00884	0.00707	0.00530	0.01767	0.01591	0.02828	0.02474	0.02828	0.01944	0.00884	0.00530	0.00177	0.00353	0.00707	0.77554	0.00707
34	0.03368	0.01347	0.01795	0.01376	0.01964	0.01198	0.01137	0.07910	0.02265	0.64790	0.02913	0.02530	0.01838	0.00937	0.00763	0.00234	0.00658	0.00757	0.00927	0.01291
35	0.24956	0.38104	0.05400	0.01251	0.01842	0.02331	0.01185	0.06581	0.01641	0.05408	0.01505	0.01614	0.04057	0.00756	0.00540	0.00199	0.00732	0.00502	0.00441	0.00954
36	0.01261	0.00906	0.01046	0.00983	0.01034	0.00971	0.00629	0.05551	0.01299	0.01746	0.02445	0.04572	0.05084	0.59736	0.03422	0.00649	0.06577	0.01058	0.00479	0.00553
37	0.01521	0.03923	0.69413	0.02162	0.03283	0.01762	0.02802	0.02402	0.01601	0.02402	0.01361	0.01601	0.00961	0.00721	0.00721	0.00240	0.01121	0.00560	0.00320	0.01121
38	0.01877	0.01802	0.03079	0.04656	0.68612	0.01802	0.02328	0.02328	0.01727	0.02478	0.01427	0.01877	0.01201	0.00676	0.00751	0.00225	0.00901	0.00676	0.00375	0.01201
39	0.01414	0.00707	0.00707	0.00707	0.00884	0.00707	0.00530	0.01767	0.01591	0.02828	0.02474	0.02828	0.01944	0.00884	0.00530	0.00177	0.00353	0.00707	0.77554	0.00707
40	0.01414	0.00707	0.00707	0.00707	0.00884	0.00707	0.00530	0.01767	0.01591	0.02828	0.02474	0.02828	0.01944	0.00884	0.00530	0.00177	0.00353	0.00707	0.77554	0.00707
41	0.01887	0.01629	0.01715	0.01544	0.01972	0.01887	0.01201	0.04031	0.67241	0.03173	0.03087	0.02830	0.02315	0.01029	0.00772	0.00257	0.00600	0.00858	0.00772	0.01201
42	0.02833	0.03615	0.02149	0.01954	0.02345	0.70298	0.01466	0.03029	0.02149	0.01856	0.01172	0.01368	0.00977	0.00782	0.00684	0.00195	0.01368	0.00489	0.00391	0.00879
43	0.01074	0.00775	0.01014	0.00954	0.01133	0.00716	0.00716	0.01431	0.02147	0.03042	0.68211	0.05666	0.07157	0.01551	0.00895	0.00239	0.00358	0.01372	0.00835	0.00716
44	0.01414	0.00707	0.00707	0.00707	0.00884	0.00707	0.00530	0.01767	0.01591	0.02828	0.02474	0.02828	0.01944	0.00884	0.00530	0.00177	0.00353	0.00707	0.77554	0.00707
45	0.78701	0.01467	0.01115	0.00997	0.01467	0.01702	0.00821	0.02230	0.01291	0.03403	0.01056	0.01232	0.00821	0.00704	0.00469	0.00235	0.00587	0.00411	0.00469	0.00821
46	0.00936	0.00665	0.00877	0.01041	0.01082	0.00624	0.00688	0.01059	0.01429	0.01905	0.04059	0.68240	0.04863	0.07194	0.01164	0.00337	0.00460	0.02085	0.00688	0.00605
47	0.01931	0.02130	0.01757	0.12589	0.02350	0.30699	0.01307	0.04115	0.01780	0.01947	0.02028	0.18316	0.02087	0.06387	0.04014	0.00318	0.04019	0.00972	0.00469	0.00786
48	0.02883	0.02125	0.02276	0.01745	0.02352	0.02352	0.01442	0.66082	0.03566	0.04780	0.01821	0.01821	0.01290	0.00911	0.00759	0.00228	0.00835	0.00683	0.00759	0.01290
49	0.01414	0.00707	0.00707	0.00707	0.00884	0.00707	0.00530	0.01767	0.01591	0.02828	0.02474	0.02828	0.01944	0.00884	0.00530	0.00177	0.00353	0.00707	0.77554	0.00707
50	0.01074	0.00775	0.01014	0.00954	0.01133	0.00716	0.00716	0.01431	0.02147	0.03042	0.68211	0.05666	0.07157	0.01551	0.00895	0.00239	0.00358	0.01372	0.00835	0.00716
51	0.03360	0.01359	0.01803	0.01382	0.01970	0.01216	0.01142	0.08819	0.02286	0.63852	0.02896	0.02519	0.01829	0.00936	0.00762	0.00234	0.00661	0.00756	0.00924	0.01291
52	0.03286	0.01396	0.01816	0.01401	0.01984	0.01282	0.01154	0.10610	0.04877	0.59432	0.02867	0.02507	0.01830	0.00939	0.00763	0.00235	0.00665	0.00758	0.00912	0.01287
53	0.01432	0.01348	0.02275	0.71520	0.05224	0.01685	0.02107	0.01938	0.01517	0.01938	0.01348	0.02022	0.01011	0.00758	0.00758	0.00253	0.01011	0.00674	0.00337	0.00843
54	0.01101	0.00738	0.00840	0.00836	0.00848	0.00734	0.00477	0.01125	0.01174	0.01577	0.06836	0.05011	0.03055	0.68494	0.03660	0.00702	0.00710	0.01121	0.00485	0.00477
55	0.02765	0.01963	0.02149	0.01638	0.02251	0.02090	0.01349	0.53275	0.03212	0.09643	0.01857	0.01852	0.01317	0.00870	0.00735	0.00214	0.00786	0.00661	0.00735	0.10637
56	0.02028	0.73799	0.03975	0.01298	0.01947	0.03001	0.01298	0.02271	0.01541	0.01785	0.01055	0.01217	0.00973	0.00649	0.00487	0.00162	0.00811	0.00406	0.00324	0.00973
57	0.62991	0.07912	0.01504	0.01112	0.01614	0.01893	0.00937	0.09780	0.01582	0.03423	0.01146	0.01300	0.00890	0.00724	0.00505	0.00227	0.00636	0.00442	0.00491	0.00890
58	0.02197	0.01688	0.01830	0.01515	0.02003	0.01845	0.01203	0.24799	0.31991	0.06304	0.05206	0.02583	0.02072	0.04038	0.00886	0.00254	0.00675	0.00793	0.00738	0.07379

[dist]
# distance from previous block
# <min> <max>
0	6

[block]
# block no. 1 follows, 26 sequences, length 6
# corresponding to MSA columns:
# 171-176
name=unknown_B
#
# <colnr> <probs for GDERKNQSTAVLIFYWHMCP>
#	G	D	E	R	K	N	Q	S	T	A	V	L	I	F	Y	W	H	M	C	P
0	0.06122	0.05348	0.01757	0.01197	0.01851	0.01312	0.00978	0.09316	0.01784	0.02753	0.01370	0.01563	0.01117	0.00615	0.00575	0.00135	0.00608	0.00472	0.00479	0.60649
1	0.14467	0.39062	0.17817	0.01511	0.02168	0.02444	0.01590	0.02248	0.01474	0.02191	0.01117	0.01350	0.00948	0.00743	0.00741	0.00209	0.08139	0.00467	0.00348	0.00966
2	0.59135	0.08666	0.08431	0.01166	0.01726	0.01799	0.01087	0.02335	0.01397	0.06878	0.01197	0.01345	0.00910	0.00714	0.00513	0.00228	0.00666	0.00446	0.00467	0.00893
3	0.06186	0.01860	0.07591	0.06878	0.09989	0.01677	0.38150	0.02174	0.01676	0.02388	0.01864	0.12419	0.01688	0.00916	0.00847	0.00258	0.01050	0.00996	0.00428	0.00965
4	0.45282	0.05885	0.05106	0.01207	0.01712	0.01722	0.01048	0.11255	0.01679	0.07121	0.01329	0.01523	0.01022	0.00916	0.00772	0.07285	0.00673	0.00502	0.00508	0.03455
5	0.45010	0.01698	0.09916	0.07966	0.02100	0.01550	0.01221	0.02296	0.01507	0.09403	0.05584	0.01785	0.01378	0.00780	0.00589	0.00230	0.00685	0.00552	0.00505	0.05245

[dist]
# distance from previous block
# <min> <max>
2	7

[block]
# block no. 2 follows, 26 sequences, length 77
# corresponding to MSA columns:
# 184-260
name=unknown_C
#
# <colnr> <probs for GDERKNQSTAVLIFYWHMCP>
#	G	D	E	R	K	N	Q	S	T	A	V	L	I	F	Y	W	H	M	C	P
0	0.10572	0.01939	0.14033	0.06504	0.02446	0.01510	0.05114	0.09449	0.01790	0.05453	0.01529	0.03965	0.01224	0.00763	0.00717	0.00199	0.03007	0.00607	0.00476	0.28704
1	0.37485	0.01553	0.01406	0.01214	0.01670	0.05967	0.00975	0.06814	0.09819	0.13878	0.05761	0.02365	0.06371	0.00933	0.00640	0.00236	0.00638	0.00682	0.00633	0.00960
2	0.12574	0.01858	0.01950	0.01534	0.02086	0.02029	0.01258	0.46212	0.05137	0.06350	0.04502	0.02191	0.04614	0.00948	0.00727	0.00228	0.00741	0.00716	0.00718	0.03628
3	0.05908	0.05397	0.01618	0.01399	0.04246	0.01470	0.01053	0.02860	0.29604	0.10023	0.15951	0.05951	0.08994	0.01194	0.00779	0.00245	0.00556	0.01002	0.00737	0.01012
4	0.03138	0.01254	0.01694	0.01308	0.01868	0.01079	0.01074	0.03438	0.02141	0.60923	0.07957	0.02773	0.02251	0.00969	0.00764	0.00229	0.00619	0.00795	0.00908	0.04819
5	0.02256	0.01813	0.01923	0.01618	0.02113	0.02059	0.01290	0.27024	0.43646	0.03769	0.02618	0.02456	0.01935	0.00985	0.00767	0.00246	0.00687	0.00793	0.00767	0.01234
6	0.01414	0.00707	0.00707	0.00707	0.00884	0.00707	0.00530	0.01767	0.01591	0.02828	0.02474	0.02828	0.01944	0.00884	0.00530	0.00177	0.00353	0.00707	0.77554	0.00707
7	0.01605	0.13658	0.39866	0.02083	0.02925	0.01919	0.11818	0.02256	0.01611	0.02287	0.04414	0.04389	0.01419	0.00835	0.00846	0.00239	0.05744	0.00689	0.00368	0.01028
8	0.72103	0.05435	0.03459	0.01051	0.01551	0.01773	0.00911	0.02237	0.01314	0.03284	0.01066	0.01243	0.00834	0.00702	0.00478	0.00231	0.00616	0.00415	0.00457	0.00839
9	0.01102	0.00739	0.00845	0.00845	0.00851	0.00745	0.00481	0.01114	0.01108	0.01484	0.02374	0.04875	0.02719	0.70313	0.06838	0.00757	0.00793	0.01090	0.00457	0.00469
10	0.00998	0.01007	0.06155	0.00964	0.01248	0.00749	0.00812	0.01281	0.01790	0.02300	0.20613	0.12513	0.41334	0.01790	0.00894	0.00259	0.00450	0.03444	0.00704	0.00694
11	0.01414	0.00707	0.00707	0.00707	0.00884	0.00707	0.00530	0.01767	0.01591	0.02828	0.02474	0.02828	0.01944	0.00884	0.00530	0.00177	0.00353	0.00707	0.77554	0.00707
12	0.02767	0.02201	0.02265	0.07157	0.02574	0.08509	0.01495	0.55363	0.03278	0.04293	0.01725	0.01795	0.01240	0.00887	0.00752	0.00227	0.00897	0.00664	0.00693	0.01218
13	0.01785	0.02030	0.04388	0.03148	0.03884	0.01935	0.63255	0.02405	0.01765	0.02405	0.01513	0.02030	0.01145	0.00667	0.00960	0.00259	0.04143	0.00886	0.00382	0.01015
14	0.01790	0.02046	0.04476	0.03197	0.03964	0.01918	0.65857	0.02430	0.01790	0.02430	0.01535	0.02046	0.01151	0.00639	0.00895	0.00256	0.01279	0.00895	0.00384	0.01023
15	0.78701	0.01467	0.01115	0.00997	0.01467	0.01702	0.00821	0.02230	0.01291	0.03403	0.01056	0.01232	0.00821	0.00704	0.00469	0.00235	0.00587	0.00411	0.00469	0.00821
16	0.03374	0.01338	0.01789	0.01372	0.01960	0.01185	0.01133	0.07226	0.02250	0.65496	0.02926	0.02539	0.01844	0.00937	0.00763	0.00234	0.00656	0.00758	0.00929	0.01291
17	0.01654	0.01511	0.05160	0.01413	0.01811	0.01539	0.01160	0.05541	0.41092	0.03093	0.18791	0.03759	0.05567	0.01201	0.00812	0.00254	0.00576	0.03262	0.00757	0.01047
18	0.01414	0.00707	0.00707	0.00707	0.00884	0.00707	0.00530	0.01767	0.01591	0.02828	0.02474	0.02828	0.01944	0.00884	0.00530	0.00177	0.00353	0.00707	0.77554	0.00707
19	0.05054	0.51075	0.14612	0.01416	0.02108	0.02510	0.01491	0.02327	0.01609	0.05832	0.04827	0.01599	0.01349	0.00728	0.00563	0.00187	0.00821	0.00504	0.00392	0.00996
20	0.00952	0.00767	0.00851	0.00862	0.01082	0.00666	0.00649	0.01182	0.01793	0.02254	0.19509	0.12102	0.47555	0.01890	0.00910	0.00262	0.00400	0.04926	0.00731	0.00657
21	0.01318	0.00659	0.00988	0.00988	0.00988	0.00659	0.00659	0.00988	0.00988	0.01318	0.01318	0.02306	0.01318	0.02635	0.02964	0.77931	0.00659	0.00659	0.00329	0.00329
22	0.01807	0.32389	0.36104	0.01718	0.02573	0.02191	0.02008	0.02364	0.01601	0.05718	0.01436	0.04363	0.01179	0.00769	0.00637	0.00211	0.00941	0.00572	0.00371	0.01049
23	0.78701	0.01467	0.01115	0.00997	0.01467	0.01702	0.00821	0.02230	0.01291	0.03403	0.01056	0.01232	0.00821	0.00704	0.00469	0.00235	0.00587	0.00411	0.00469	0.00821
24	0.01790	0.02046	0.04476	0.03197	0.03964	0.01918	0.65857	0.02430	0.01790	0.02430	0.01535	0.02046	0.01151	0.00639	0.00895	0.00256	0.01279	0.00895	0.00384	0.01023
25	0.01633	0.01319	0.01555	0.01131	0.01777	0.01001	0.00901	0.01960	0.01596	0.05556	0.01535	0.04385	0.01310	0.00650	0.00587	0.00126	0.00561	0.00530	0.00482	0.71407
26	0.00986	0.00772	0.00892	0.00862	0.01079	0.00678	0.00647	0.01262	0.01940	0.02550	0.38252	0.06475	0.37423	0.01734	0.00896	0.00247	0.00371	0.01485	0.00770	0.00678
27	0.01414	0.00707	0.00707	0.00707	0.00884	0.00707	0.00530	0.01767	0.01591	0.02828	0.02474	0.02828	0.01944	0.00884	0.00530	0.00177	0.00353	0.00707	0.77554	0.00707
28	0.01877	0.01802	0.03079	0.04656	0.68612	0.01802	0.02328	0.02328	0.01727	0.02478	0.01427	0.01877	0.01201	0.00676	0.00751	0.00225	0.00901	0.00676	0.00375	0.01201
29	0.01414	0.00707	0.00707	0.00707	0.00884	0.00707	0.00530	0.01767	0.01591	0.02828	0.02474	0.02828	0.01944	0.00884	0.00530	0.00177	0.00353	0.00707	0.77554	0.00707
30	0.01742	0.01951	0.04177	0.12484	0.04135	0.01886	0.57191	0.02363	0.01753	0.02363	0.01509	0.02043	0.01132	0.00656	0.00877	0.00255	0.01242	0.00865	0.00377	0.00998
31	0.02028	0.73799	0.03975	0.01298	0.01947	0.03001	0.01298	0.02271	0.01541	0.01785	0.01055	0.01217	0.00973	0.00649	0.00487	0.00162	0.00811	0.00406	0.00324	0.00973
32	0.01406	0.01313	0.02170	0.62106	0.04721	0.01639	0.01973	0.01863	0.01491	0.01931	0.01547	0.07476	0.01320	0.00916	0.00873	0.00262	0.05016	0.00788	0.00365	0.00824
33	0.01414	0.00707	0.00707	0.00707	0.00884	0.00707	0.00530	0.01767	0.01591	0.02828	0.02474	0.02828	0.01944	0.00884	0.00530	0.00177	0.00353	0.00707	0.77554	0.00707
34	0.07487	0.03734	0.64134	0.02072	0.03143	0.01757	0.02649	0.02389	0.01577	0.02479	0.01338	0.01573	0.00950	0.00719	0.00701	0.00240	0.01080	0.00549	0.00332	0.01098
35	0.02142	0.01887	0.02868	0.03890	0.51188	0.01947	0.02095	0.19093	0.02211	0.03083	0.01530	0.01863	0.01225	0.00738	0.00753	0.00226	0.00884	0.00678	0.00476	0.01225
36	0.01550	0.07911	0.65678	0.02113	0.03207	0.01832	0.02717	0.02395	0.01598	0.02367	0.01344	0.01579	0.00962	0.00717	0.00707	0.00236	0.01103	0.00552	0.00321	0.01113
37	0.01573	0.01348	0.01573	0.01123	0.01798	0.01011	0.00899	0.01910	0.01573	0.02472	0.01348	0.01573	0.01123	0.00562	0.00562	0.00112	0.00562	0.00449	0.00449	0.77980
38	0.02750	0.02721	0.02154	0.01808	0.02288	0.33144	0.01422	0.33457	0.02778	0.03266	0.01539	0.01686	0.01185	0.01145	0.04994	0.00274	0.01150	0.00603	0.00570	0.01066
39	0.01103	0.00735	0.00827	0.00827	0.00827	0.00735	0.00460	0.01103	0.01103	0.01471	0.02390	0.04964	0.02758	0.73343	0.03861	0.00735	0.00735	0.01103	0.00460	0.00460
40	0.01887	0.01629	0.01715	0.01544	0.01972	0.01887	0.01201	0.04031	0.67241	0.03173	0.03087	0.02830	0.02315	0.01029	0.00772	0.00257	0.00600	0.00858	0.00772	0.01201
41	0.01414	0.00707	0.00707	0.00707	0.00884	0.00707	0.00530	0.01767	0.01591	0.02828	0.02474	0.02828	0.01944	0.00884	0.00530	0.00177	0.00353	0.00707	0.77554	0.00707
42	0.03403	0.01291	0.01760	0.01350	0.01936	0.01115	0.01115	0.03697	0.02171	0.69137	0.02992	0.02582	0.01878	0.00939	0.00763	0.00235	0.00645	0.00763	0.00939	0.01291
43	0.02883	0.02125	0.02276	0.01745	0.02352	0.02352	0.01442	0.66082	0.03566	0.04780	0.01821	0.01821	0.01290	0.00911	0.00759	0.00228	0.00835	0.00683	0.00759	0.01290
44	0.02074	0.69794	0.03871	0.01335	0.01970	0.06842	0.01307	0.02314	0.01576	0.01789	0.01061	0.01225	0.00974	0.00657	0.00498	0.00164	0.00843	0.00410	0.00328	0.00968
45	0.78701	0.01467	0.01115	0.00997	0.01467	0.01702	0.00821	0.02230	0.01291	0.03403	0.01056	0.01232	0.00821	0.00704	0.00469	0.00235	0.00587	0.00411	0.00469	0.00821
46	0.00924	0.00660	0.00880	0.01056	0.01100	0.00616	0.00704	0.01056	0.01452	0.01936	0.04181	0.72848	0.05017	0.02376	0.00968	0.00308	0.00440	0.02156	0.00704	0.00616
47	0.01887	0.01629	0.01715	0.01544	0.01972	0.01887	0.01201	0.04031	0.67241	0.03173	0.03087	0.02830	0.02315	0.01029	0.00772	0.00257	0.00600	0.00858	0.00772	0.01201
48	0.01084	0.00813	0.01219	0.01219	0.01354	0.00948	0.00948	0.01354	0.01219	0.01761	0.02032	0.02980	0.01896	0.05689	0.70337	0.01219	0.02032	0.00813	0.00406	0.00677
49	0.01103	0.00735	0.00827	0.00827	0.00827	0.00735	0.00460	0.01103	0.01103	0.01471	0.02390	0.04964	0.02758	0.73343	0.03861	0.00735	0.00735	0.01103	0.00460	0.00460
50	0.02833	0.03615	0.02149	0.01954	0.02345	0.70298	0.01466	0.03029	0.02149	0.01856	0.01172	0.01368	0.00977	0.00782	0.00684	0.00195	0.01368	0.00489	0.00391	0.00879
51	0.01429	0.01335	0.02242	0.63717	0.08608	0.01631	0.02040	0.01910	0.01525	0.01969	0.01513	0.06021	0.01249	0.00845	0.00770	0.00254	0.00973	0.00758	0.00360	0.00850
52	0.01414	0.00707	0.00707	0.00707	0.00884	0.00707	0.00530	0.01767	0.01591	0.02828	0.02474	0.02828	0.01944	0.00884	0.00530	0.00177	0.00353	0.00707	0.77554	0.00707
53	0.01085	0.00808	0.01197	0.01197	0.01325	0.00936	0.00920	0.01340	0.01212	0.01744	0.02052	0.03092	0.01945	0.09516	0.66576	0.01192	0.01958	0.00829	0.00409	0.00665
54	0.01222	0.00873	0.01222	0.01397	0.01572	0.00873	0.01222	0.01572	0.01746	0.02270	0.04016	0.08556	0.04365	0.02095	0.01048	0.00349	0.00698	0.63506	0.00698	0.00698
55	0.02028	0.73799	0.03975	0.01298	0.01947	0.03001	0.01298	0.02271	0.01541	0.01785	0.01055	0.01217	0.00973	0.00649	0.00487	0.00162	0.00811	0.00406	0.00324	0.00973
56	0.03403	0.01291	0.01760	0.01350	0.01936	0.01115	0.01115	0.03697	0.02171	0.69137	0.02992	0.02582	0.01878	0.00939	0.00763	0.00235	0.00645	0.00763	0.00939	0.01291
57	0.01521	0.03923	0.69413	0.02162	0.03283	0.01762	0.02802	0.02402	0.01601	0.02402	0.01361	0.01601	0.00961	0.00721	0.00721	0.00240	0.01121	0.00560	0.00320	0.01121
58	0.03403	0.01291	0.01760	0.01350	0.01936	0.01115	0.01115	0.03697	0.02171	0.69137	0.02992	0.02582	0.01878	0.00939	0.00763	0.00235	0.00645	0.00763	0.00939	0.01291
59	0.01414	0.00707	0.00707	0.00707	0.00884	0.00707	0.00530	0.01767	0.01591	0.02828	0.02474	0.02828	0.01944	0.00884	0.00530	0.00177	0.00353	0.00707	0.77554	0.00707
60	0.00987	0.00810	0.00876	0.00869	0.01104	0.00723	0.00647	0.01317	0.05523	0.02286	0.18220	0.11812	0.48464	0.01838	0.00895	0.00257	0.00396	0.01559	0.00732	0.00684
61	0.01558	0.01594	0.03050	0.47454	0.04780	0.01767	0.24562	0.02111	0.01613	0.02111	0.01414	0.02031	0.01060	0.00716	0.00807	0.00254	0.01105	0.00752	0.00353	0.00906
62	0.78701	0.01467	0.01115	0.00997	0.01467	0.01702	0.00821	0.02230	0.01291	0.03403	0.01056	0.01232	0.00821	0.00704	0.00469	0.00235	0.00587	0.00411	0.00469	0.00821
63	0.01205	0.00804	0.01056	0.00977	0.01179	0.00738	0.00738	0.01560	0.02148	0.06781	0.64522	0.05491	0.06858	0.01516	0.00887	0.00238	0.00374	0.01337	0.00841	0.00748
64	0.01900	0.01748	0.06919	0.01558	0.02036	0.01771	0.01313	0.07484	0.49547	0.05545	0.03103	0.03163	0.04808	0.01090	0.00787	0.00258	0.00654	0.04425	0.00735	0.01153
65	0.00923	0.00664	0.00876	0.01045	0.01097	0.00617	0.00699	0.01057	0.01463	0.01941	0.04322	0.70211	0.07563	0.02358	0.00965	0.00306	0.00438	0.02134	0.00704	0.00617
66	0.01964	0.01668	0.01758	0.01559	0.02002	0.01923	0.01219	0.08827	0.62320	0.03297	0.02989	0.02752	0.02236	0.01020	0.00771	0.00255	0.00618	0.00844	0.00771	0.01207
67	0.01108	0.01019	0.06301	0.01048	0.01299	0.00797	0.00877	0.01506	0.02105	0.02992	0.63044	0.05352	0.06678	0.01487	0.00881	0.00239	0.00417	0.01309	0.00795	0.00747
68	0.01045	0.00774	0.00974	0.00924	0.01115	0.00703	0.00693	0.01376	0.02079	0.02880	0.58350	0.05932	0.17119	0.01611	0.00895	0.00241	0.00362	0.01409	0.00814	0.00703
69	0.01902	0.01533	0.01680	0.01420	0.01924	0.01606	0.01115	0.03449	0.45721	0.07237	0.02622	0.02482	0.01973	0.00900	0.00716	0.00218	0.00593	0.00744	0.00697	0.21467
70	0.01414	0.00707	0.00707	0.00707	0.00884	0.00707	0.00530	0.01767	0.01591	0.02828	0.02474	0.02828	0.01944	0.00884	0.00530	0.00177	0.00353	0.00707	0.77554	0.00707
71	0.01432	0.01348	0.02275	0.71520	0.05224	0.01685	0.02107	0.01938	0.01517	0.01938	0.01348	0.02022	0.01011	0.00758	0.00758	0.00253	0.01011	0.00674	0.00337	0.00843
72	0.01096	0.00762	0.00964	0.00964	0.01012	0.00810	0.00631	0.01191	0.01144	0.01572	0.02265	0.04270	0.02456	0.49675	0.27117	0.00905	0.01189	0.01001	0.00441	0.00536
73	0.01381	0.01250	0.01789	0.01618	0.01683	0.01658	0.01315	0.01598	0.01189	0.01794	0.01497	0.02298	0.01431	0.03438	0.35314	0.00761	0.38126	0.00736	0.00368	0.00756
74	0.00924	0.00660	0.00880	0.01056	0.01100	0.00616	0.00704	0.01056	0.01452	0.01936	0.04181	0.72848	0.05017	0.02376	0.00968	0.00308	0.00440	0.02156	0.00704	0.00616
75	0.02979	0.01586	0.01914	0.01488	0.02055	0.01585	0.01223	0.26549	0.04777	0.37473	0.02460	0.02299	0.01653	0.01175	0.04497	0.00282	0.00786	0.00729	0.00823	0.03669
76	0.53586	0.01405	0.01285	0.01105	0.01552	0.01555	0.00894	0.07244	0.01562	0.12826	0.01424	0.01589	0.01064	0.00962	0.00803	0.08594	0.00622	0.00510	0.00545	0.00873

[dist]
# distance from previous block
# <min> <max>
0	3

[block]
# block no. 3 follows, 26 sequences, length 15
# corresponding to MSA columns:
# 264-278
name=unknown_D
#
# <colnr> <probs for GDERKNQSTAVLIFYWHMCP>
#	G	D	E	R	K	N	Q	S	T	A	V	L	I	F	Y	W	H	M	C	P
0	0.02883	0.02125	0.02276	0.01745	0.02352	0.02352	0.01442	0.66082	0.03566	0.04780	0.01821	0.01821	0.01290	0.00911	0.00759	0.00228	0.00835	0.00683	0.00759	0.01290
1	0.01573	0.01348	0.01573	0.01123	0.01798	0.01011	0.00899	0.01910	0.01573	0.02472	0.01348	0.01573	0.01123	0.00562	0.00562	0.00112	0.00562	0.00449	0.00449	0.77980
2	0.00985	0.00720	0.00922	0.01056	0.01131	0.00689	0.00715	0.01224	0.04686	0.02042	0.07598	0.60957	0.07142	0.04961	0.01063	0.00316	0.00453	0.01991	0.00705	0.00645
3	0.01624	0.01394	0.01596	0.01192	0.01826	0.01154	0.00948	0.02256	0.12277	0.02586	0.01632	0.01778	0.01318	0.00638	0.00596	0.00136	0.00568	0.00516	0.00502	0.65464
4	0.01622	0.01737	0.06300	0.02368	0.02956	0.01536	0.38133	0.05138	0.01738	0.02388	0.02005	0.15192	0.01877	0.01093	0.00989	0.04882	0.00995	0.01052	0.00461	0.07538
5	0.14526	0.62009	0.03509	0.01249	0.01869	0.02789	0.01220	0.02264	0.01500	0.02048	0.01055	0.01219	0.00949	0.00658	0.00484	0.00174	0.00775	0.00406	0.00348	0.00949
6	0.01811	0.01552	0.01670	0.01487	0.01929	0.01726	0.01167	0.03642	0.55855	0.03039	0.02944	0.03028	0.02302	0.01039	0.00764	0.00246	0.00602	0.04546	0.00731	0.09918
7	0.01887	0.01629	0.01715	0.01544	0.01972	0.01887	0.01201	0.04031	0.67241	0.03173	0.03087	0.02830	0.02315	0.01029	0.00772	0.00257	0.00600	0.00858	0.00772	0.01201
8	0.02599	0.01320	0.01659	0.01302	0.01812	0.01217	0.01056	0.13165	0.02325	0.36546	0.16926	0.03020	0.02854	0.01026	0.00768	0.00220	0.00604	0.00848	0.00831	0.09902
9	0.01964	0.02030	0.02494	0.01982	0.02418	0.14919	0.15566	0.07503	0.05692	0.02374	0.01500	0.01946	0.01259	0.03838	0.04501	0.00298	0.15126	0.00683	0.00443	0.13463
10	0.01871	0.01339	0.01603	0.01160	0.01820	0.01028	0.00934	0.02201	0.01670	0.13339	0.01616	0.01737	0.01246	0.00623	0.00595	0.00132	0.00575	0.00500	0.00529	0.65479
11	0.02059	0.01591	0.01720	0.01521	0.01968	0.01799	0.01191	0.03992	0.59828	0.10688	0.03076	0.02802	0.02266	0.01019	0.00771	0.00255	0.00605	0.00847	0.00791	0.01211
12	0.01632	0.01373	0.01587	0.01174	0.01804	0.01108	0.00934	0.05686	0.04507	0.02611	0.01584	0.05000	0.01368	0.00688	0.00601	0.00134	0.00574	0.00561	0.00493	0.66581
13	0.02069	0.01589	0.01721	0.01520	0.01968	0.01794	0.01190	0.03990	0.59412	0.11109	0.03076	0.02800	0.02263	0.01018	0.00771	0.00255	0.00606	0.00846	0.00792	0.01211
14	0.02836	0.10211	0.02420	0.01656	0.02266	0.02307	0.01394	0.52819	0.03202	0.10621	0.01846	0.01825	0.01310	0.00883	0.00728	0.00221	0.00814	0.00659	0.00727	0.01254

[dist]
# distance from previous block
# <min> <max>
0	3

[block]
# block no. 4 follows, 26 sequences, length 44
# corresponding to MSA columns:
# 282-325
name=unknown_E
#
# <colnr> <probs for GDERKNQSTAVLIFYWHMCP>
#	G	D	E	R	K	N	Q	S	T	A	V	L	I	F	Y	W	H	M	C	P
0	0.01835	0.07027	0.47492	0.01985	0.02924	0.01948	0.02329	0.14445	0.07743	0.02882	0.01583	0.01731	0.01142	0.00780	0.00720	0.00235	0.01005	0.00601	0.00442	0.01152
1	0.02186	0.43645	0.11774	0.01635	0.02324	0.08166	0.07159	0.02546	0.01702	0.10468	0.01391	0.01524	0.01102	0.00705	0.00604	0.00192	0.00917	0.00520	0.00413	0.01029
2	0.01610	0.01406	0.01664	0.01251	0.01833	0.01226	0.01005	0.02088	0.07309	0.02466	0.01464	0.01693	0.01215	0.00683	0.00782	0.00148	0.08046	0.00508	0.00465	0.63138
3	0.01247	0.00893	0.01123	0.01195	0.01342	0.00894	0.00922	0.06994	0.01703	0.02237	0.03741	0.25313	0.07044	0.15383	0.01519	0.00395	0.00630	0.26086	0.00661	0.00680
4	0.01793	0.01308	0.01559	0.01138	0.01765	0.01010	0.00905	0.02107	0.01628	0.11344	0.01623	0.01887	0.01310	0.04445	0.00762	0.00162	0.00582	0.00526	0.00515	0.63630
5	0.01573	0.01348	0.01573	0.01123	0.01798	0.01011	0.00899	0.01910	0.01573	0.02472	0.01348	0.01573	0.01123	0.00562	0.00562	0.00112	0.00562	0.00449	0.00449	0.77980
6	0.01892	0.01610	0.01712	0.01544	0.01967	0.01852	0.01212	0.06442	0.61185	0.03191	0.03084	0.03090	0.02381	0.01080	0.00786	0.00261	0.00615	0.04150	0.00767	0.01178
7	0.00924	0.00660	0.00880	0.01056	0.01100	0.00616	0.00704	0.01056	0.01452	0.01936	0.04181	0.72848	0.05017	0.02376	0.00968	0.00308	0.00440	0.02156	0.00704	0.00616
8	0.01078	0.00798	0.01164	0.01172	0.01290	0.00912	0.00888	0.01316	0.01218	0.01740	0.02166	0.06383	0.02126	0.12308	0.60502	0.01129	0.01829	0.00903	0.00425	0.00653
9	0.02883	0.02125	0.02276	0.01745	0.02352	0.02352	0.01442	0.66082	0.03566	0.04780	0.01821	0.01821	0.01290	0.00911	0.00759	0.00228	0.00835	0.00683	0.00759	0.01290
10	0.02838	0.03484	0.02161	0.01936	0.02346	0.64318	0.01463	0.08578	0.02274	0.02114	0.01230	0.01408	0.01005	0.00793	0.00691	0.00198	0.01321	0.00506	0.00423	0.00915
11	0.01573	0.01348	0.01573	0.01123	0.01798	0.01011	0.00899	0.01910	0.01573	0.02472	0.01348	0.01573	0.01123	0.00562	0.00562	0.00112	0.00562	0.00449	0.00449	0.77980
12	0.01956	0.01871	0.02951	0.02294	0.02668	0.02189	0.21270	0.15104	0.04311	0.02659	0.01406	0.01854	0.01152	0.01021	0.01586	0.00285	0.33231	0.00746	0.00451	0.00996
13	0.01679	0.01717	0.02642	0.02170	0.02284	0.02263	0.11170	0.01915	0.01255	0.01915	0.01076	0.01717	0.01019	0.01226	0.02253	0.00321	0.61485	0.00698	0.00340	0.00858
14	0.01819	0.02017	0.04285	0.06267	0.03956	0.01925	0.60299	0.05013	0.01850	0.02503	0.01538	0.02036	0.01150	0.00656	0.00883	0.00254	0.01248	0.00876	0.00397	0.01026
15	0.02566	0.01795	0.01978	0.01551	0.02077	0.01931	0.01268	0.48473	0.03159	0.09613	0.12020	0.02703	0.05276	0.01054	0.00786	0.00231	0.00728	0.00833	0.00782	0.01175
16	0.01063	0.00847	0.00961	0.00919	0.01156	0.00784	0.00693	0.01500	0.07681	0.02590	0.34259	0.06178	0.35241	0.01677	0.00885	0.00248	0.00391	0.01433	0.00769	0.00723
17	0.01084	0.00813	0.01219	0.01219	0.01354	0.00948	0.00948	0.01354	0.01219	0.01761	0.02032	0.02980	0.01896	0.05689	0.70337	0.01219	0.02032	0.00813	0.00406	0.00677
18	0.01007	0.00735	0.00947	0.00973	0.01113	0.00675	0.00700	0.01274	0.01874	0.02580	0.41209	0.28717	0.11645	0.01864	0.00920	0.00264	0.00388	0.01659	0.00779	0.00675
19	0.78701	0.01467	0.01115	0.00997	0.01467	0.01702	0.00821	0.02230	0.01291	0.03403	0.01056	0.01232	0.00821	0.00704	0.00469	0.00235	0.00587	0.00411	0.00469	0.00821
20	0.78701	0.01467	0.01115	0.00997	0.01467	0.01702	0.00821	0.02230	0.01291	0.03403	0.01056	0.01232	0.00821	0.00704	0.00469	0.00235	0.00587	0.00411	0.00469	0.00821
21	0.01887	0.01629	0.01715	0.01544	0.01972	0.01887	0.01201	0.04031	0.67241	0.03173	0.03087	0.02830	0.02315	0.01029	0.00772	0.00257	0.00600	0.00858	0.00772	0.01201
22	0.01208	0.00806	0.01050	0.00972	0.01178	0.00737	0.00735	0.01556	0.02134	0.06982	0.62213	0.05537	0.08938	0.01527	0.00887	0.00239	0.00376	0.01343	0.00837	0.00748
23	0.02876	0.02338	0.02258	0.01775	0.02351	0.12088	0.01445	0.57048	0.03363	0.04361	0.01728	0.01756	0.01245	0.00892	0.00748	0.00223	0.00911	0.00655	0.00706	0.01231
24	0.01103	0.00735	0.00827	0.00827	0.00827	0.00735	0.00460	0.01103	0.01103	0.01471	0.02390	0.04964	0.02758	0.73343	0.03861	0.00735	0.00735	0.01103	0.00460	0.00460
25	0.01659	0.01659	0.02323	0.01991	0.01991	0.02323	0.01659	0.01825	0.01162	0.01825	0.00996	0.01659	0.00996	0.01328	0.02489	0.00332	0.71955	0.00664	0.00332	0.00830
26	0.01414	0.00707	0.00707	0.00707	0.00884	0.00707	0.00530	0.01767	0.01591	0.02828	0.02474	0.02828	0.01944	0.00884	0.00530	0.00177	0.00353	0.00707	0.77554	0.00707
27	0.02028	0.73799	0.03975	0.01298	0.01947	0.03001	0.01298	0.02271	0.01541	0.01785	0.01055	0.01217	0.00973	0.00649	0.00487	0.00162	0.00811	0.00406	0.00324	0.00973
28	0.01067	0.00775	0.01005	0.00947	0.01129	0.00713	0.00710	0.01418	0.02131	0.03004	0.65934	0.05727	0.09457	0.01565	0.00895	0.00239	0.00359	0.01380	0.00830	0.00713
29	0.01017	0.00822	0.00916	0.00919	0.01153	0.00743	0.00706	0.01358	0.05253	0.02321	0.18812	0.09251	0.44144	0.01835	0.00907	0.00264	0.00424	0.07733	0.00733	0.00690
30	0.78701	0.01467	0.01115	0.00997	0.01467	0.01702	0.00821	0.02230	0.01291	0.03403	0.01056	0.01232	0.00821	0.00704	0.00469	0.00235	0.00587	0.00411	0.00469	0.00821
31	0.01482	0.01205	0.01821	0.01581	0.04181	0.01243	0.09671	0.05146	0.01984	0.06216	0.35088	0.04261	0.10129	0.01333	0.01101	0.00254	0.10650	0.01135	0.00677	0.00844
32	0.01573	0.01348	0.01573	0.01123	0.01798	0.01011	0.00899	0.01910	0.01573	0.02472	0.01348	0.01573	0.01123	0.00562	0.00562	0.00112	0.00562	0.00449	0.00449	0.77980
33	0.01592	0.01511	0.02564	0.47510	0.27986	0.01727	0.02186	0.02078	0.01592	0.02132	0.01376	0.01970	0.01079	0.00729	0.00756	0.00243	0.00972	0.00675	0.00351	0.00971
34	0.01573	0.01348	0.01573	0.01123	0.01798	0.01011	0.00899	0.01910	0.01573	0.02472	0.01348	0.01573	0.01123	0.00562	0.00562	0.00112	0.00562	0.00449	0.00449	0.77980
35	0.01938	0.64147	0.09592	0.01357	0.02025	0.02783	0.01402	0.02242	0.01576	0.01899	0.04303	0.01464	0.01269	0.00698	0.00527	0.00173	0.00817	0.00466	0.00349	0.00974
36	0.01039	0.00774	0.00966	0.00918	0.01112	0.00701	0.00689	0.01365	0.02066	0.02849	0.56471	0.05983	0.19017	0.01622	0.00895	0.00242	0.00363	0.01416	0.00810	0.00701
37	0.01887	0.01629	0.01715	0.01544	0.01972	0.01887	0.01201	0.04031	0.67241	0.03173	0.03087	0.02830	0.02315	0.01029	0.00772	0.00257	0.00600	0.00858	0.00772	0.01201
38	0.01318	0.00659	0.00988	0.00988	0.00988	0.00659	0.00659	0.00988	0.00988	0.01318	0.01318	0.02306	0.01318	0.02635	0.02964	0.77931	0.00659	0.00659	0.00329	0.00329
39	0.01521	0.03923	0.69413	0.02162	0.03283	0.01762	0.02802	0.02402	0.01601	0.02402	0.01361	0.01601	0.00961	0.00721	0.00721	0.00240	0.01121	0.00560	0.00320	0.01121
40	0.01877	0.01802	0.03079	0.04656	0.68612	0.01802	0.02328	0.02328	0.01727	0.02478	0.01427	0.01877	0.01201	0.00676	0.00751	0.00225	0.00901	0.00676	0.00375	0.01201
41	0.01738	0.01963	0.04260	0.03068	0.03792	0.01840	0.61939	0.02347	0.01770	0.02400	0.01694	0.06303	0.01383	0.00744	0.00900	0.00259	0.01228	0.00971	0.00403	0.00999
42	0.05416	0.02051	0.02178	0.01698	0.02282	0.02281	0.01395	0.57444	0.10073	0.04566	0.01925	0.01905	0.01380	0.00916	0.00750	0.00231	0.00802	0.00692	0.00750	0.01264
43	0.07977	0.24463	0.44410	0.01810	0.02738	0.02125	0.02194	0.02349	0.01558	0.02301	0.01245	0.01457	0.00953	0.00698	0.00631	0.00217	0.00985	0.00502	0.00334	0.01053

[dist]
# distance from previous block
# <min> <max>
0	3

[block]
# block no. 5 follows, 26 sequences, length 63
# corresponding to MSA columns:
# 329-391
name=unknown_F
#
# <colnr> <probs for GDERKNQSTAVLIFYWHMCP>
#	G	D	E	R	K	N	Q	S	T	A	V	L	I	F	Y	W	H	M	C	P
0	0.01856	0.01680	0.02604	0.33361	0.05756	0.01974	0.10489	0.16369	0.01961	0.02639	0.01424	0.01917	0.01096	0.00867	0.01059	0.00260	0.12572	0.00704	0.00438	0.00976
1	0.00976	0.00751	0.01045	0.01105	0.01226	0.00690	0.03716	0.01163	0.01578	0.02088	0.11115	0.53516	0.13890	0.02147	0.00947	0.00291	0.00463	0.01940	0.00703	0.00649
2	0.01026	0.00763	0.00955	0.00930	0.01110	0.00692	0.00689	0.01331	0.02001	0.02748	0.50636	0.12616	0.18301	0.01701	0.00902	0.00249	0.00371	0.01492	0.00798	0.00692
3	0.01222	0.00873	0.01222	0.01397	0.01572	0.00873	0.01222	0.01572	0.01746	0.02270	0.04016	0.08556	0.04365	0.02095	0.01048	0.00349	0.00698	0.63506	0.00698	0.00698
4	0.01448	0.01364	0.02302	0.69237	0.07388	0.01689	0.02114	0.01951	0.01524	0.01956	0.01351	0.02017	0.01018	0.00756	0.00758	0.00252	0.01007	0.00674	0.00338	0.00855
5	0.01761	0.01342	0.01592	0.01147	0.01812	0.01022	0.00921	0.02093	0.01634	0.09310	0.01517	0.01676	0.01201	0.00600	0.00582	0.00125	0.00570	0.00482	0.00500	0.70113
6	0.02028	0.73799	0.03975	0.01298	0.01947	0.03001	0.01298	0.02271	0.01541	0.01785	0.01055	0.01217	0.00973	0.00649	0.00487	0.00162	0.00811	0.00406	0.00324	0.00973
7	0.01760	0.01987	0.04289	0.08992	0.04071	0.01898	0.60449	0.02388	0.01767	0.02388	0.01519	0.02044	0.01139	0.00649	0.00884	0.00256	0.01256	0.00876	0.00380	0.01008
8	0.01222	0.00873	0.01222	0.01397	0.01572	0.00873	0.01222	0.01572	0.01746	0.02270	0.04016	0.08556	0.04365	0.02095	0.01048	0.00349	0.00698	0.63506	0.00698	0.00698
9	0.01086	0.00805	0.01179	0.01179	0.01300	0.00926	0.00898	0.01329	0.01207	0.01731	0.02068	0.03183	0.01985	0.12629	0.63518	0.01169	0.01899	0.00842	0.00412	0.00655
10	0.78701	0.01467	0.01115	0.00997	0.01467	0.01702	0.00821	0.02230	0.01291	0.03403	0.01056	0.01232	0.00821	0.00704	0.00469	0.00235	0.00587	0.00411	0.00469	0.00821
11	0.02833	0.03615	0.02149	0.01954	0.02345	0.70298	0.01466	0.03029	0.02149	0.01856	0.01172	0.01368	0.00977	0.00782	0.00684	0.00195	0.01368	0.00489	0.00391	0.00879
12	0.01155	0.00782	0.01028	0.00986	0.01164	0.00719	0.00732	0.01478	0.02051	0.05786	0.56437	0.14884	0.06627	0.01639	0.00899	0.00248	0.00382	0.01454	0.00821	0.00727
13	0.01074	0.00775	0.01014	0.00954	0.01133	0.00716	0.00716	0.01431	0.02147	0.03042	0.68211	0.05666	0.07157	0.01551	0.00895	0.00239	0.00358	0.01372	0.00835	0.00716
14	0.00896	0.00768	0.00768	0.00768	0.01025	0.00640	0.00576	0.01089	0.01729	0.02049	0.07684	0.07300	0.68304	0.01921	0.00896	0.00256	0.00384	0.01601	0.00704	0.00640
15	0.01887	0.01629	0.01715	0.01544	0.01972	0.01887	0.01201	0.04031	0.67241	0.03173	0.03087	0.02830	0.02315	0.01029	0.00772	0.00257	0.00600	0.00858	0.00772	0.01201
16	0.02839	0.03462	0.02163	0.01933	0.02346	0.63328	0.01463	0.09497	0.02295	0.02156	0.01239	0.01414	0.01009	0.00795	0.00692	0.00199	0.01313	0.00508	0.00429	0.00921
17	0.00896	0.00768	0.00768	0.00768	0.01025	0.00640	0.00576	0.01089	0.01729	0.02049	0.07684	0.07300	0.68304	0.01921	0.00896	0.00256	0.00384	0.01601	0.00704	0.00640
18	0.78701	0.01467	0.01115	0.00997	0.01467	0.01702	0.00821	0.02230	0.01291	0.03403	0.01056	0.01232	0.00821	0.00704	0.00469	0.00235	0.00587	0.00411	0.00469	0.00821
19	0.01790	0.02046	0.04476	0.03197	0.03964	0.01918	0.65857	0.02430	0.01790	0.02430	0.01535	0.02046	0.01151	0.00639	0.00895	0.00256	0.01279	0.00895	0.00384	0.01023
20	0.00924	0.00660	0.00880	0.01056	0.01100	0.00616	0.00704	0.01056	0.01452	0.01936	0.04181	0.72848	0.05017	0.02376	0.00968	0.00308	0.00440	0.02156	0.00704	0.00616
21	0.01074	0.00775	0.01014	0.00954	0.01133	0.00716	0.00716	0.01431	0.02147	0.03042	0.68211	0.05666	0.07157	0.01551	0.00895	0.00239	0.00358	0.01372	0.00835	0.00716
22	0.01001	0.00772	0.00914	0.00878	0.01089	0.00685	0.00659	0.01291	0.01976	0.02636	0.43498	0.06333	0.32123	0.01702	0.00895	0.00246	0.00369	0.01465	0.00782	0.00685
23	0.01084	0.00813	0.01219	0.01219	0.01354	0.00948	0.00948	0.01354	0.01219	0.01761	0.02032	0.02980	0.01896	0.05689	0.70337	0.01219	0.02032	0.00813	0.00406	0.00677
24	0.02833	0.03615	0.02149	0.01954	0.02345	0.70298	0.01466	0.03029	0.02149	0.01856	0.01172	0.01368	0.00977	0.00782	0.00684	0.00195	0.01368	0.00489	0.00391	0.00879
25	0.07873	0.01301	0.01722	0.01329	0.01908	0.01150	0.01097	0.03609	0.02119	0.65234	0.02877	0.02502	0.01815	0.00925	0.00745	0.00235	0.00642	0.00742	0.00911	0.01263
26	0.01770	0.02006	0.04348	0.07164	0.04037	0.01905	0.62155	0.02401	0.01774	0.02401	0.01524	0.02045	0.01143	0.00646	0.00887	0.00256	0.01263	0.00882	0.00381	0.01013
27	0.04696	0.00881	0.01111	0.00998	0.01252	0.00808	0.00763	0.01678	0.02078	0.08389	0.56091	0.04983	0.06100	0.01406	0.00846	0.00231	0.00403	0.01227	0.00805	0.05253
28	0.05944	0.00910	0.01290	0.04001	0.01425	0.00948	0.03443	0.06479	0.01292	0.01821	0.01487	0.05461	0.01439	0.02213	0.02373	0.57159	0.00698	0.00726	0.00393	0.00499
29	0.02028	0.73799	0.03975	0.01298	0.01947	0.03001	0.01298	0.02271	0.01541	0.01785	0.01055	0.01217	0.00973	0.00649	0.00487	0.00162	0.00811	0.00406	0.00324	0.00973
30	0.01989	0.01680	0.01773	0.01564	0.02011	0.01934	0.01225	0.10396	0.60710	0.03338	0.02957	0.02726	0.02210	0.01017	0.00770	0.00254	0.00624	0.00840	0.00770	0.01210
31	0.78701	0.01467	0.01115	0.00997	0.01467	0.01702	0.00821	0.02230	0.01291	0.03403	0.01056	0.01232	0.00821	0.00704	0.00469	0.00235	0.00587	0.00411	0.00469	0.00821
32	0.00923	0.00769	0.00805	0.00796	0.01041	0.00652	0.00597	0.01140	0.01792	0.02198	0.16792	0.07054	0.59103	0.01865	0.00896	0.00253	0.00380	0.01566	0.00724	0.00652
33	0.01084	0.00813	0.01219	0.01219	0.01354	0.00948	0.00948	0.01354	0.01219	0.01761	0.02032	0.02980	0.01896	0.05689	0.70337	0.01219	0.02032	0.00813	0.00406	0.00677
34	0.01989	0.01680	0.01773	0.01564	0.02011	0.01934	0.01225	0.10396	0.60710	0.03338	0.02957	0.02726	0.02210	0.01017	0.00770	0.00254	0.00624	0.00840	0.00770	0.01210
