[name]
unknown

[dist]
# distance from previous block
# <min> <max>
1	91

[block]
# block no. 0 follows, 24 sequences, length 9
# corresponding to MSA columns:
# 122-130
name=unknown_A
#
# <colnr> <probs for GDERKNQSTAVLIFYWHMCP>
#	G	D	E	R	K	N	Q	S	T	A	V	L	I	F	Y	W	H	M	C	P
0	0.08329	0.01451	0.02299	0.11438	0.10942	0.01451	0.11327	0.04232	0.01959	0.17275	0.12981	0.08011	0.02690	0.01070	0.00831	0.00256	0.00800	0.00978	0.00646	0.01035
1	0.03997	0.05928	0.01967	0.10934	0.12408	0.01318	0.03189	0.02007	0.01724	0.10736	0.12194	0.13575	0.02896	0.01465	0.01156	0.11272	0.00719	0.01050	0.00584	0.00880
2	0.01571	0.01082	0.01638	0.04326	0.01889	0.01063	0.07284	0.05460	0.01868	0.08102	0.11826	0.19118	0.03828	0.01857	0.01226	0.09556	0.00696	0.16132	0.00682	0.00798
3	0.02062	0.01123	0.01416	0.01269	0.01573	0.01083	0.00955	0.11329	0.02080	0.21362	0.09212	0.27311	0.03575	0.06391	0.01222	0.04331	0.00607	0.01376	0.00790	0.00934
4	0.35643	0.01158	0.01171	0.01145	0.01456	0.01250	0.00925	0.01916	0.01601	0.04994	0.11785	0.08006	0.03014	0.01481	0.00959	0.06912	0.00604	0.14591	0.00619	0.00772
5	0.05917	0.01061	0.01472	0.08072	0.01889	0.01083	0.05436	0.05559	0.01829	0.04599	0.14986	0.26958	0.03945	0.05774	0.01059	0.00301	0.00617	0.01408	0.07240	0.00794
6	0.06790	0.01056	0.01444	0.07131	0.01805	0.01079	0.07088	0.02090	0.01659	0.09070	0.02311	0.02833	0.01839	0.06202	0.04471	0.00308	0.00691	0.00776	0.40525	0.00832
7	0.12811	0.01278	0.01293	0.01205	0.01505	0.07686	0.00929	0.02078	0.01975	0.12528	0.26578	0.13911	0.06619	0.01487	0.00849	0.00262	0.00593	0.04807	0.00755	0.00853
8	0.01135	0.00909	0.01337	0.01354	0.01451	0.00936	0.05077	0.01316	0.01505	0.02034	0.03714	0.51516	0.04351	0.07185	0.01384	0.00355	0.07489	0.05606	0.00657	0.00688

[dist]
# distance from previous block
# <min> <max>
0	1

[block]
# block no. 1 follows, 24 sequences, length 11
# corresponding to MSA columns:
# 132-142
name=unknown_B
#
# <colnr> <probs for GDERKNQSTAVLIFYWHMCP>
#	G	D	E	R	K	N	Q	S	T	A	V	L	I	F	Y	W	H	M	C	P
0	0.07477	0.01471	0.01894	0.01847	0.09199	0.01540	0.01312	0.05243	0.14434	0.26382	0.04175	0.10245	0.02284	0.01173	0.00974	0.00267	0.07234	0.00947	0.00753	0.01150
1	0.05445	0.01210	0.01464	0.07674	0.01935	0.01201	0.01045	0.09714	0.04539	0.09323	0.13806	0.16181	0.11992	0.01427	0.00839	0.00251	0.00595	0.01217	0.00715	0.09427
2	0.01370	0.00983	0.01402	0.01706	0.11834	0.00934	0.01066	0.01638	0.01787	0.06762	0.16614	0.28471	0.08533	0.06130	0.01134	0.00316	0.00575	0.07226	0.00709	0.00810
3	0.10339	0.03771	0.01654	0.08958	0.02012	0.01335	0.06899	0.06106	0.01826	0.02917	0.08435	0.03021	0.06455	0.01007	0.00740	0.00227	0.02516	0.00832	0.30098	0.00850
4	0.01867	0.01951	0.03899	0.12171	0.03966	0.01924	0.45710	0.08190	0.01983	0.02666	0.01790	0.06743	0.01466	0.00833	0.00908	0.00268	0.01197	0.00971	0.00454	0.01042
5	0.01479	0.00883	0.01146	0.01058	0.01305	0.00796	0.00800	0.01800	0.02126	0.13332	0.44041	0.12921	0.11913	0.01651	0.00922	0.00259	0.00435	0.01446	0.00862	0.00826
6	0.19240	0.01000	0.01115	0.01080	0.01269	0.01067	0.00794	0.05664	0.01443	0.02412	0.01970	0.11641	0.01946	0.01916	0.01724	0.33080	0.00620	0.02861	0.08531	0.00625
7	0.02627	0.01910	0.01991	0.04262	0.02244	0.06182	0.01321	0.36281	0.08889	0.10042	0.02386	0.02396	0.03854	0.00985	0.00763	0.00234	0.00790	0.00763	0.10889	0.01189
8	0.11308	0.01930	0.02067	0.01621	0.02195	0.02102	0.01323	0.43851	0.05465	0.12754	0.02057	0.02162	0.01500	0.04918	0.00942	0.00271	0.00803	0.00724	0.00767	0.01242
9	0.06282	0.01702	0.06034	0.04364	0.02252	0.01506	0.01308	0.12710	0.08185	0.25902	0.02320	0.03925	0.01666	0.00902	0.00739	0.00222	0.00721	0.00723	0.00726	0.17812
10	0.01559	0.02343	0.23012	0.02264	0.02896	0.01689	0.20788	0.02130	0.01712	0.02444	0.09141	0.11798	0.02371	0.01149	0.01124	0.00279	0.10822	0.01029	0.00471	0.00979

[dist]
# distance from previous block
# <min> <max>
0	6

[block]
# block no. 2 follows, 24 sequences, length 12
# corresponding to MSA columns:
# 149-160
name=unknown_C
#
# <colnr> <probs for GDERKNQSTAVLIFYWHMCP>
#	G	D	E	R	K	N	Q	S	T	A	V	L	I	F	Y	W	H	M	C	P
0	0.15248	0.22902	0.18849	0.01936	0.05687	0.04506	0.05017	0.02365	0.01563	0.02401	0.01221	0.01530	0.01012	0.00823	0.00934	0.00240	0.11828	0.00550	0.00374	0.01015
1	0.01890	0.01310	0.01879	0.01719	0.05278	0.01287	0.07447	0.06694	0.07307	0.14275	0.03080	0.29532	0.03035	0.01519	0.00955	0.00273	0.03592	0.01352	0.00702	0.06873
2	0.02206	0.17548	0.02658	0.07796	0.08498	0.20691	0.01554	0.07233	0.01925	0.02290	0.01471	0.05626	0.01330	0.00918	0.00887	0.00221	0.08086	0.00658	0.00435	0.07968
3	0.01454	0.01145	0.01494	0.01218	0.01668	0.00943	0.04625	0.01767	0.01790	0.05872	0.13170	0.14438	0.13502	0.01303	0.00797	0.00210	0.00553	0.01142	0.00640	0.32269
4	0.02052	0.20165	0.05133	0.09872	0.02852	0.02066	0.14722	0.02481	0.03557	0.11423	0.01742	0.04677	0.01421	0.00960	0.01023	0.02787	0.08475	0.00747	0.00479	0.03365
5	0.13624	0.01480	0.07049	0.01303	0.01747	0.01319	0.01124	0.05625	0.10694	0.13741	0.28941	0.03722	0.04024	0.01200	0.00804	0.00250	0.00587	0.00995	0.00773	0.00997
6	0.01002	0.00716	0.00957	0.01120	0.01188	0.00672	0.00776	0.01176	0.01602	0.02147	0.09652	0.61581	0.05386	0.02390	0.01012	0.00319	0.00472	0.06426	0.00747	0.00659
7	0.01664	0.01509	0.01892	0.06943	0.02104	0.07954	0.04903	0.04509	0.01568	0.02216	0.01752	0.02463	0.01546	0.04803	0.20770	0.00571	0.19052	0.00759	0.12194	0.00827
8	0.01902	0.01387	0.01794	0.01330	0.01976	0.01097	0.04602	0.02249	0.01745	0.12623	0.01912	0.07168	0.01608	0.00798	0.00672	0.00161	0.00634	0.00683	0.00565	0.55092
9	0.13196	0.00819	0.01054	0.01035	0.01111	0.00857	0.00715	0.01234	0.01082	0.01715	0.01335	0.02237	0.01297	0.02442	0.02695	0.65059	0.00677	0.00649	0.00367	0.00424
10	0.01761	0.01592	0.02557	0.54454	0.04895	0.01889	0.06908	0.11742	0.01939	0.02526	0.01501	0.02084	0.01114	0.00808	0.00804	0.00260	0.01050	0.00724	0.00424	0.00968
11	0.08296	0.02152	0.04496	0.14831	0.08988	0.14120	0.08886	0.07189	0.04000	0.02612	0.01461	0.01817	0.01152	0.00787	0.00822	0.00228	0.04298	0.00640	0.00449	0.12777

[dist]
# distance from previous block
# <min> <max>
0	11

[block]
# block no. 3 follows, 24 sequences, length 11
# corresponding to MSA columns:
# 172-182
name=unknown_D
#
# <colnr> <probs for GDERKNQSTAVLIFYWHMCP>
#	G	D	E	R	K	N	Q	S	T	A	V	L	I	F	Y	W	H	M	C	P
0	0.01498	0.01409	0.02378	0.70226	0.05462	0.01762	0.02202	0.02026	0.01586	0.02026	0.01409	0.02114	0.01057	0.00793	0.00793	0.00264	0.01057	0.00705	0.00352	0.00881
1	0.01354	0.01047	0.01269	0.01204	0.01456	0.01075	0.00934	0.02198	0.18206	0.03125	0.43843	0.05510	0.05884	0.01547	0.00921	0.00267	0.00477	0.07968	0.00841	0.00874
2	0.01920	0.01841	0.03142	0.10813	0.61570	0.01873	0.02413	0.02397	0.01786	0.02539	0.01484	0.01976	0.01238	0.00714	0.00786	0.00238	0.00953	0.00706	0.00389	0.01222
3	0.01498	0.01409	0.02378	0.70226	0.05462	0.01762	0.02202	0.02026	0.01586	0.02026	0.01409	0.02114	0.01057	0.00793	0.00793	0.00264	0.01057	0.00705	0.00352	0.00881
4	0.02464	0.48975	0.03516	0.01479	0.02141	0.02804	0.01379	0.18168	0.02199	0.08101	0.01472	0.01549	0.01179	0.00772	0.00604	0.00193	0.00840	0.00528	0.00507	0.01128
5	0.01408	0.00870	0.01372	0.18474	0.02149	0.00959	0.01070	0.01283	0.01172	0.01541	0.01385	0.02336	0.01297	0.02260	0.02518	0.57604	0.00782	0.00693	0.00346	0.00480
6	0.01117	0.01635	0.17768	0.01187	0.01676	0.00971	0.01201	0.01514	0.01810	0.02321	0.11223	0.05989	0.45353	0.01660	0.00891	0.00262	0.00594	0.01380	0.00646	0.00803
7	0.01598	0.00941	0.01065	0.00956	0.01311	0.00794	0.00744	0.01825	0.01924	0.18676	0.06797	0.06388	0.50504	0.01749	0.00902	0.00262	0.00471	0.01453	0.00798	0.00841
8	0.01644	0.01409	0.01644	0.01175	0.01879	0.01057	0.00940	0.01997	0.01644	0.02584	0.01409	0.01644	0.01175	0.00587	0.00587	0.00117	0.00587	0.00470	0.00470	0.76979
9	0.02154	0.01698	0.02083	0.01529	0.02216	0.01543	0.05552	0.20612	0.02305	0.06315	0.01649	0.01805	0.01265	0.00719	0.00682	0.00170	0.00728	0.00590	0.00584	0.45801
10	0.01235	0.18903	0.01648	0.00943	0.01314	0.01292	0.00793	0.01450	0.01758	0.02072	0.06286	0.06029	0.50266	0.01673	0.00829	0.00243	0.00514	0.01359	0.00636	0.00757

[dist]
# distance from previous block
# <min> <max>
0	11

[block]
# block no. 4 follows, 24 sequences, length 12
# corresponding to MSA columns:
# 194-205
name=unknown_E
#
# <colnr> <probs for GDERKNQSTAVLIFYWHMCP>
#	G	D	E	R	K	N	Q	S	T	A	V	L	I	F	Y	W	H	M	C	P
0	0.01730	0.01786	0.02358	0.59396	0.04984	0.12433	0.02096	0.02207	0.01691	0.02013	0.01380	0.02006	0.01051	0.00797	0.00780	0.00255	0.01116	0.00674	0.00361	0.00887
1	0.01394	0.01208	0.01863	0.01539	0.01890	0.01182	0.13090	0.02113	0.12239	0.03031	0.41414	0.04800	0.08179	0.01368	0.00915	0.00257	0.00601	0.01263	0.00765	0.00887
2	0.02125	0.01597	0.01792	0.01479	0.01947	0.01635	0.01162	0.33137	0.02652	0.03625	0.02564	0.23183	0.02507	0.01351	0.00821	0.00241	0.00692	0.01138	0.00714	0.15637
3	0.01590	0.04102	0.68023	0.02260	0.03432	0.01842	0.02930	0.02511	0.01674	0.02511	0.01423	0.01674	0.01005	0.00753	0.00753	0.00251	0.01172	0.00586	0.00335	0.01172
4	0.02697	0.03842	0.14944	0.02085	0.02641	0.55995	0.01802	0.03040	0.02137	0.02051	0.01264	0.01477	0.01018	0.00805	0.00722	0.00213	0.01380	0.00525	0.00394	0.00968
5	0.02713	0.02312	0.02358	0.15062	0.03037	0.12885	0.01645	0.42726	0.03080	0.03939	0.01701	0.01869	0.01240	0.00900	0.00781	0.00238	0.00997	0.00680	0.00647	0.01190
6	0.01727	0.01609	0.02696	0.10259	0.48661	0.01633	0.02084	0.02139	0.01730	0.02428	0.02040	0.15421	0.02007	0.01058	0.00830	0.00255	0.00860	0.01005	0.00455	0.01103
7	0.01906	0.15610	0.04037	0.02631	0.03304	0.02163	0.40228	0.05290	0.01888	0.02514	0.04650	0.02401	0.01600	0.00831	0.00943	0.00255	0.04884	0.03392	0.00440	0.01032
8	0.01063	0.00810	0.01021	0.01002	0.01195	0.00767	0.00753	0.01358	0.01894	0.02565	0.34275	0.09403	0.23137	0.02612	0.14076	0.00456	0.00724	0.01433	0.00740	0.00713
9	0.01644	0.01409	0.01644	0.01175	0.01879	0.01057	0.00940	0.01997	0.01644	0.02584	0.01409	0.01644	0.01175	0.00587	0.00587	0.00117	0.00587	0.00470	0.00470	0.76979
10	0.01924	0.03387	0.45059	0.02590	0.13370	0.01968	0.02576	0.14472	0.02092	0.03004	0.01527	0.01764	0.01111	0.00784	0.00766	0.00246	0.01078	0.00630	0.00432	0.01219
11	0.02193	0.35597	0.03542	0.02098	0.08115	0.13328	0.11449	0.02596	0.04004	0.04192	0.01427	0.01695	0.01197	0.00998	0.04193	0.00260	0.01081	0.00594	0.00406	0.01034

[dist]
# distance from previous block
# <min> <max>
0	4

[block]
# block no. 5 follows, 24 sequences, length 104
# corresponding to MSA columns:
# 210-313
name=unknown_F
#
# <colnr> <probs for GDERKNQSTAVLIFYWHMCP>
#	G	D	E	R	K	N	Q	S	T	A	V	L	I	F	Y	W	H	M	C	P
0	0.01031	0.00776	0.01066	0.01336	0.05528	0.00728	0.00841	0.01194	0.01555	0.02069	0.04399	0.63155	0.08675	0.02338	0.00993	0.00313	0.00489	0.02117	0.00713	0.00686
1	0.01172	0.00899	0.01300	0.01153	0.01381	0.00832	0.04966	0.01566	0.02220	0.03137	0.62442	0.05672	0.07066	0.01558	0.00935	0.00251	0.00438	0.01401	0.00842	0.00770
2	0.01840	0.02083	0.04527	0.03244	0.04020	0.01953	0.61639	0.02496	0.01887	0.02567	0.04338	0.02298	0.01467	0.00708	0.00936	0.00267	0.01297	0.00957	0.00421	0.01056
3	0.01006	0.00863	0.00869	0.00857	0.01137	0.00756	0.00646	0.01342	0.06051	0.02220	0.07714	0.07321	0.62586	0.01946	0.00929	0.00268	0.00417	0.01622	0.00741	0.00708
4	0.06991	0.01861	0.03082	0.04614	0.62828	0.01877	0.02329	0.02427	0.01775	0.02655	0.01466	0.01918	0.01230	0.00709	0.00766	0.00236	0.00920	0.00688	0.00399	0.01230
5	0.02924	0.02167	0.02331	0.01781	0.02421	0.02366	0.01470	0.60390	0.03590	0.04837	0.01871	0.01887	0.01337	0.00928	0.00780	0.00230	0.00854	0.00698	0.00772	0.06368
6	0.02079	0.67884	0.04037	0.05927	0.02263	0.03046	0.01413	0.02351	0.01610	0.01876	0.01123	0.01328	0.01020	0.00686	0.00528	0.00176	0.00862	0.00443	0.00340	0.01009
7	0.06991	0.01861	0.03082	0.04614	0.62828	0.01877	0.02329	0.02427	0.01775	0.02655	0.01466	0.01918	0.01230	0.00709	0.00766	0.00236	0.00920	0.00688	0.00399	0.01230
8	0.01133	0.00943	0.01125	0.07716	0.01628	0.00878	0.00849	0.01509	0.04577	0.02494	0.22871	0.06029	0.37049	0.01650	0.00894	0.00252	0.00480	0.01400	0.00722	0.05800
9	0.01313	0.01217	0.07646	0.05678	0.01536	0.01039	0.00918	0.04596	0.01372	0.01860	0.02268	0.04349	0.02445	0.52803	0.07228	0.00688	0.00914	0.01027	0.00470	0.00633
10	0.02040	0.01712	0.01881	0.05074	0.02261	0.01879	0.01287	0.12169	0.43273	0.03366	0.02651	0.02552	0.01996	0.00964	0.00768	0.00239	0.00677	0.00791	0.00726	0.13692
11	0.74657	0.01562	0.01215	0.01075	0.01572	0.01807	0.00885	0.04892	0.01447	0.03617	0.01137	0.01314	0.00879	0.00745	0.00503	0.00245	0.00624	0.00441	0.00503	0.00879
12	0.01785	0.07027	0.48706	0.02693	0.15986	0.01884	0.02667	0.02553	0.01726	0.05603	0.01502	0.01760	0.01101	0.00751	0.00749	0.00244	0.01086	0.00612	0.00377	0.01189
13	0.01122	0.00811	0.01060	0.00998	0.01185	0.00748	0.00748	0.01496	0.02245	0.03180	0.66766	0.05923	0.07482	0.01621	0.00935	0.00249	0.00374	0.01434	0.00873	0.00748
14	0.00987	0.00846	0.00850	0.00842	0.01118	0.00732	0.00634	0.01285	0.04855	0.02198	0.07804	0.07409	0.63792	0.01964	0.00931	0.00268	0.00412	0.01637	0.00740	0.00697
15	0.01133	0.00850	0.01274	0.01274	0.01416	0.00991	0.00991	0.01416	0.01274	0.01841	0.02124	0.03115	0.01982	0.05947	0.68989	0.01274	0.02124	0.00850	0.00425	0.00708
16	0.01936	0.01800	0.02985	0.07794	0.55851	0.01830	0.02288	0.05311	0.01888	0.02660	0.01718	0.02511	0.01508	0.00838	0.00810	0.00247	0.00928	0.05462	0.00436	0.01200
17	0.00966	0.00690	0.00920	0.01104	0.01150	0.00644	0.00736	0.01104	0.01518	0.02024	0.04371	0.71614	0.05245	0.02484	0.01012	0.00322	0.00460	0.02254	0.00736	0.00644
18	0.01590	0.04102	0.68023	0.02260	0.03432	0.01842	0.02930	0.02511	0.01674	0.02511	0.01423	0.01674	0.01005	0.00753	0.00753	0.00251	0.01172	0.00586	0.00335	0.01172
19	0.77733	0.01534	0.01166	0.01043	0.01534	0.01779	0.00859	0.02331	0.01350	0.03558	0.01104	0.01288	0.00859	0.00736	0.00491	0.00245	0.00613	0.00429	0.00491	0.00859
20	0.01644	0.01409	0.01644	0.01175	0.01879	0.01057	0.00940	0.01997	0.01644	0.02584	0.01409	0.01644	0.01175	0.00587	0.00587	0.00117	0.00587	0.00470	0.00470	0.76979
21	0.77733	0.01534	0.01166	0.01043	0.01534	0.01779	0.00859	0.02331	0.01350	0.03558	0.01104	0.01288	0.00859	0.00736	0.00491	0.00245	0.00613	0.00429	0.00491	0.00859
22	0.01122	0.00811	0.01060	0.00998	0.01185	0.00748	0.00748	0.01496	0.02245	0.03180	0.66766	0.05923	0.07482	0.01621	0.00935	0.00249	0.00374	0.01434	0.00873	0.00748
23	0.02203	0.65814	0.03967	0.01425	0.02076	0.09634	0.01374	0.02453	0.01674	0.01873	0.01115	0.01288	0.01018	0.00692	0.00529	0.00173	0.00905	0.00433	0.00346	0.01008
24	0.01872	0.02139	0.04679	0.03342	0.04144	0.02005	0.64305	0.02540	0.01872	0.02540	0.01604	0.02139	0.01203	0.00668	0.00936	0.00267	0.01337	0.00936	0.00401	0.01070
25	0.01886	0.33074	0.38550	0.01846	0.02789	0.02367	0.02199	0.02502	0.01669	0.04574	0.01348	0.01540	0.01044	0.00730	0.00651	0.00216	0.01017	0.00525	0.00360	0.01113
26	0.01644	0.01409	0.01644	0.01175	0.01879	0.01057	0.00940	0.01997	0.01644	0.02584	0.01409	0.01644	0.01175	0.00587	0.00587	0.00117	0.00587	0.00470	0.00470	0.76979
27	0.01917	0.01838	0.03136	0.11270	0.61138	0.01872	0.02411	0.02394	0.01784	0.02535	0.01484	0.01977	0.01237	0.00715	0.00786	0.00238	0.00953	0.00706	0.00389	0.01219
28	0.15907	0.19404	0.02501	0.01707	0.02193	0.41827	0.01373	0.02835	0.01941	0.02207	0.01176	0.01368	0.00992	0.00771	0.00628	0.00203	0.01151	0.00476	0.00407	0.00932
29	0.01061	0.00779	0.01035	0.01135	0.01183	0.00804	0.00776	0.01196	0.01406	0.01908	0.03571	0.47212	0.04179	0.15113	0.10734	0.00529	0.04322	0.01793	0.00630	0.00635
30	0.01153	0.00769	0.00865	0.00865	0.00865	0.00769	0.00480	0.01153	0.01153	0.01538	0.02499	0.05189	0.02883	0.72131	0.04036	0.00769	0.00769	0.01153	0.00480	0.00480
31	0.01590	0.04102	0.68023	0.02260	0.03432	0.01842	0.02930	0.02511	0.01674	0.02511	0.01423	0.01674	0.01005	0.00753	0.00753	0.00251	0.01172	0.00586	0.00335	0.01172
32	0.00937	0.00803	0.00803	0.00803	0.01071	0.00669	0.00602	0.01138	0.01807	0.02142	0.08033	0.07632	0.66863	0.02008	0.00937	0.00268	0.00402	0.01674	0.00736	0.00669
33	0.02152	0.59289	0.10100	0.01511	0.02210	0.09460	0.01525	0.02465	0.01680	0.01935	0.01145	0.01326	0.01017	0.00699	0.00553	0.00181	0.00936	0.00448	0.00346	0.01023
34	0.01975	0.53806	0.21684	0.01605	0.02419	0.02782	0.01789	0.02412	0.01629	0.02043	0.01190	0.01382	0.01014	0.00699	0.00576	0.00192	0.00937	0.00468	0.00338	0.01060
35	0.01944	0.01854	0.03099	0.07363	0.60739	0.01884	0.02353	0.02524	0.05631	0.02611	0.01592	0.02029	0.01318	0.00732	0.00787	0.00239	0.00928	0.00718	0.00416	0.01241
36	0.02140	0.01719	0.01891	0.01749	0.04815	0.01944	0.01314	0.07738	0.55133	0.07663	0.03069	0.02836	0.02277	0.01047	0.00805	0.00264	0.00659	0.00871	0.00800	0.01267
37	0.77733	0.01534	0.01166	0.01043	0.01534	0.01779	0.00859	0.02331	0.01350	0.03558	0.01104	0.01288	0.00859	0.00736	0.00491	0.00245	0.00613	0.00429	0.00491	0.00859
38	0.01205	0.00751	0.01024	0.01025	0.01126	0.00713	0.00730	0.01244	0.01624	0.02214	0.27002	0.11131	0.09003	0.02225	0.01847	0.32094	0.00528	0.03326	0.00625	0.00564
39	0.00955	0.00804	0.00828	0.00822	0.01082	0.00677	0.00617	0.01173	0.01850	0.02244	0.13787	0.07464	0.61046	0.01970	0.00937	0.00266	0.00399	0.01650	0.00750	0.00677
40	0.01568	0.01439	0.02299	0.49124	0.11876	0.01704	0.02018	0.02242	0.07942	0.02293	0.05067	0.02699	0.01709	0.00919	0.00815	0.00265	0.00951	0.03675	0.00446	0.00947
41	0.02814	0.02071	0.02237	0.01754	0.02331	0.02281	0.01432	0.58326	0.03512	0.04706	0.02146	0.08733	0.01730	0.01102	0.00815	0.00246	0.00832	0.00865	0.00788	0.01280
42	0.01913	0.01814	0.03079	0.04622	0.62468	0.01814	0.02350	0.02377	0.01807	0.02575	0.01686	0.02465	0.01494	0.00813	0.00807	0.00245	0.00927	0.05107	0.00417	0.01218
43	0.01629	0.01630	0.04961	0.23776	0.11778	0.01668	0.12823	0.02397	0.11263	0.02445	0.02417	0.06086	0.04221	0.01081	0.00868	0.00276	0.00945	0.08234	0.00508	0.00993
44	0.01622	0.01405	0.01790	0.01333	0.01992	0.01100	0.04772	0.01995	0.01676	0.02561	0.01694	0.02389	0.01508	0.00749	0.00658	0.00151	0.00646	0.06510	0.00491	0.64958
45	0.00966	0.00690	0.00920	0.01104	0.01150	0.00644	0.00736	0.01104	0.01518	0.02024	0.04371	0.71614	0.05245	0.02484	0.01012	0.00322	0.00460	0.02254	0.00736	0.00644
46	0.02120	0.72609	0.04155	0.01357	0.02035	0.03138	0.01357	0.02374	0.01611	0.01866	0.01102	0.01272	0.01018	0.00678	0.00509	0.00170	0.00848	0.00424	0.00339	0.01018
47	0.01498	0.01409	0.02378	0.70226	0.05462	0.01762	0.02202	0.02026	0.01586	0.02026	0.01409	0.02114	0.01057	0.00793	0.00793	0.00264	0.01057	0.00705	0.00352	0.00881
48	0.01590	0.04102	0.68023	0.02260	0.03432	0.01842	0.02930	0.02511	0.01674	0.02511	0.01423	0.01674	0.01005	0.00753	0.00753	0.00251	0.01172	0.00586	0.00335	0.01172
49	0.02048	0.01904	0.03106	0.06527	0.54159	0.01944	0.04444	0.08576	0.04420	0.02834	0.01599	0.02006	0.01301	0.00746	0.00792	0.00239	0.00941	0.00722	0.00447	0.01246
50	0.01433	0.01298	0.01917	0.01714	0.01812	0.01683	0.03459	0.01679	0.01267	0.01895	0.01611	0.02451	0.01525	0.03683	0.36315	0.00816	0.33478	0.00781	0.00388	0.00793
51	0.02331	0.02082	0.02533	0.23472	0.16424	0.09724	0.01910	0.25813	0.02514	0.03251	0.01591	0.01926	0.01203	0.00838	0.00783	0.00242	0.01007	0.00686	0.00533	0.01137
52	0.02766	0.02110	0.02462	0.08690	0.09088	0.02336	0.01665	0.52455	0.03334	0.04477	0.01816	0.01930	0.01312	0.00913	0.00792	0.00240	0.00897	0.00712	0.00712	0.01295
53	0.01153	0.00769	0.00865	0.00865	0.00865	0.00769	0.00480	0.01153	0.01153	0.01538	0.02499	0.05189	0.02883	0.72131	0.04036	0.00769	0.00769	0.01153	0.00480	0.00480
54	0.02174	0.01941	0.02113	0.02227	0.13559	0.08374	0.01495	0.06257	0.43263	0.05778	0.02672	0.02583	0.02019	0.00977	0.00793	0.00255	0.00772	0.00815	0.00702	0.01231
55	0.00966	0.00690	0.00920	0.01104	0.01150	0.00644	0.00736	0.01104	0.01518	0.02024	0.04371	0.71614	0.05245	0.02484	0.01012	0.00322	0.00460	0.02254	0.00736	0.00644
56	0.01963	0.01884	0.03219	0.04867	0.67185	0.01884	0.02434	0.02434	0.01806	0.02591	0.01492	0.01963	0.01256	0.00707	0.00785	0.00236	0.00942	0.00707	0.00393	0.01256
57	0.03558	0.01350	0.01840	0.01411	0.02024	0.01166	0.01166	0.03865	0.02270	0.67734	0.03128	0.02699	0.01963	0.00981	0.00797	0.00245	0.00675	0.00797	0.00981	0.01350
58	0.01151	0.00777	0.00905	0.00905	0.00919	0.00791	0.00531	0.01179	0.01165	0.01567	0.02462	0.04986	0.02795	0.65648	0.10399	0.00818	0.00902	0.01123	0.00475	0.00503
59	0.03558	0.01350	0.01840	0.01411	0.02024	0.01166	0.01166	0.03865	0.02270	0.67734	0.03128	0.02699	0.01963	0.00981	0.00797	0.00245	0.00675	0.00797	0.00981	0.01350
60	0.00966	0.00690	0.00920	0.01104	0.01150	0.00644	0.00736	0.01104	0.01518	0.02024	0.04371	0.71614	0.05245	0.02484	0.01012	0.00322	0.00460	0.02254	0.00736	0.00644
61	0.02927	0.09116	0.02554	0.01779	0.02418	0.02526	0.01492	0.58451	0.03521	0.04691	0.01825	0.01842	0.01316	0.00925	0.00765	0.00231	0.00870	0.00686	0.00749	0.01316
62	0.01590	0.01350	0.01579	0.01183	0.01814	0.01049	0.00931	0.01989	0.03929	0.02555	0.01765	0.08546	0.01618	0.00791	0.00637	0.00143	0.00576	0.00660	0.00508	0.66788
63	0.03014	0.02221	0.02380	0.01825	0.02459	0.02459	0.01507	0.64541	0.03728	0.04998	0.01904	0.01904	0.01349	0.00952	0.00793	0.00238	0.00873	0.00714	0.00793	0.01349
64	0.77733	0.01534	0.01166	0.01043	0.01534	0.01779	0.00859	0.02331	0.01350	0.03558	0.01104	0.01288	0.00859	0.00736	0.00491	0.00245	0.00613	0.00429	0.00491	0.00859
65	0.01590	0.04102	0.68023	0.02260	0.03432	0.01842	0.02930	0.02511	0.01674	0.02511	0.01423	0.01674	0.01005	0.00753	0.00753	0.00251	0.01172	0.00586	0.00335	0.01172
66	0.01498	0.01409	0.02378	0.70226	0.05462	0.01762	0.02202	0.02026	0.01586	0.02026	0.01409	0.02114	0.01057	0.00793	0.00793	0.00264	0.01057	0.00705	0.00352	0.00881
67	0.00976	0.00697	0.00929	0.01098	0.01152	0.00650	0.00737	0.01128	0.01562	0.02094	0.08112	0.67675	0.05379	0.02433	0.01008	0.00318	0.00455	0.02205	0.00744	0.00650
68	0.01590	0.04102	0.68023	0.02260	0.03432	0.01842	0.02930	0.02511	0.01674	0.02511	0.01423	0.01674	0.01005	0.00753	0.00753	0.00251	0.01172	0.00586	0.00335	0.01172
69	0.02886	0.10321	0.02451	0.01948	0.02412	0.53935	0.01512	0.10996	0.02376	0.02327	0.01301	0.01476	0.01063	0.00821	0.00705	0.00205	0.01301	0.00528	0.00451	0.00984
70	0.01644	0.01409	0.01644	0.01175	0.01879	0.01057	0.00940	0.01997	0.01644	0.02584	0.01409	0.01644	0.01175	0.00587	0.00587	0.00117	0.00587	0.00470	0.00470	0.76979
71	0.02147	0.01790	0.01892	0.01649	0.02129	0.02054	0.01297	0.14347	0.55334	0.03599	0.03005	0.02781	0.02241	0.01055	0.00805	0.00264	0.00669	0.00866	0.00805	0.01271
72	0.01901	0.01909	0.08249	0.01651	0.02164	0.01917	0.01398	0.03947	0.57395	0.03200	0.03207	0.02985	0.04378	0.01075	0.00806	0.00267	0.00674	0.00891	0.00758	0.01228
73	0.00940	0.00792	0.00815	0.00833	0.01079	0.00667	0.00616	0.01135	0.01779	0.02131	0.07674	0.13899	0.60827	0.02055	0.00945	0.00273	0.00407	0.01730	0.00736	0.00667
74	0.01606	0.04011	0.65368	0.02367	0.06044	0.01843	0.02910	0.02508	0.01680	0.02515	0.01426	0.01686	0.01015	0.00751	0.00755	0.00250	0.01163	0.00591	0.00337	0.01175
75	0.00937	0.00803	0.00803	0.00803	0.01071	0.00669	0.00602	0.01138	0.01807	0.02142	0.08033	0.07632	0.66863	0.02008	0.00937	0.00268	0.00402	0.01674	0.00736	0.00669
76	0.01112	0.00828	0.01092	0.01097	0.01281	0.00808	0.00853	0.01429	0.01881	0.02570	0.32336	0.08440	0.15178	0.02724	0.15560	0.00491	0.00808	0.10063	0.00730	0.00721
77	0.01122	0.00811	0.01060	0.00998	0.01185	0.00748	0.00748	0.01496	0.02245	0.03180	0.66766	0.05923	0.07482	0.01621	0.00935	0.00249	0.00374	0.01434	0.00873	0.00748
78	0.00985	0.00703	0.00942	0.01126	0.01180	0.00660	0.00769	0.01136	0.01537	0.02045	0.04360	0.67856	0.05204	0.02467	0.01017	0.00325	0.00476	0.05827	0.00736	0.00649
79	0.02120	0.72609	0.04155	0.01357	0.02035	0.03138	0.01357	0.02374	0.01611	0.01866	0.01102	0.01272	0.01018	0.00678	0.00509	0.00170	0.00848	0.00424	0.00339	0.01018
80	0.01872	0.02139	0.04679	0.03342	0.04144	0.02005	0.64305	0.02540	0.01872	0.02540	0.01604	0.02139	0.01203	0.00668	0.00936	0.00267	0.01337	0.00936	0.00401	0.01070
81	0.02962	0.03779	0.02247	0.02043	0.02451	0.68948	0.01532	0.03166	0.02247	0.01941	0.01226	0.01430	0.01021	0.00817	0.00715	0.00204	0.01430	0.00511	0.00409	0.00919
82	0.02120	0.72609	0.04155	0.01357	0.02035	0.03138	0.01357	0.02374	0.01611	0.01866	0.01102	0.01272	0.01018	0.00678	0.00509	0.00170	0.00848	0.00424	0.00339	0.01018
83	0.02912	0.03695	0.02255	0.02045	0.02436	0.66211	0.01541	0.03115	0.02205	0.01939	0.01218	0.01443	0.01022	0.00841	0.00793	0.00210	0.04279	0.00518	0.00406	0.00917
84	0.01576	0.01490	0.02521	0.59156	0.15915	0.01783	0.02241	0.02095	0.01623	0.02122	0.01423	0.02089	0.01091	0.00778	0.00791	0.00259	0.01038	0.00705	0.00359	0.00944
85	0.01644	0.01409	0.01644	0.01175	0.01879	0.01057	0.00940	0.01997	0.01644	0.02584	0.01409	0.01644	0.01175	0.00587	0.00587	0.00117	0.00587	0.00470	0.00470	0.76979
86	0.02126	0.01889	0.06832	0.01596	0.04300	0.13566	0.01277	0.07809	0.04707	0.13906	0.26578	0.05771	0.03849	0.01216	0.00838	0.00242	0.00755	0.01010	0.00733	0.01000
87	0.01153	0.00769	0.00865	0.00865	0.00865	0.00769	0.00480	0.01153	0.01153	0.01538	0.02499	0.05189	0.02883	0.72131	0.04036	0.00769	0.00769	0.01153	0.00480	0.00480
88	0.02048	0.01658	0.01772	0.01568	0.02016	0.01875	0.01225	0.10052	0.51362	0.05828	0.03365	0.05877	0.05481	0.01162	0.00820	0.00267	0.00637	0.00967	0.00806	0.01215
89	0.01867	0.02088	0.04392	0.03346	0.08390	0.02032	0.54833	0.02481	0.01813	0.02492	0.01550	0.02093	0.01194	0.00730	0.01062	0.00272	0.07004	0.00900	0.00396	0.01066
90	0.02224	0.01964	0.05004	0.05640	0.25133	0.01913	0.01794	0.23510	0.04562	0.03405	0.01668	0.01909	0.01293	0.00784	0.00749	0.00216	0.00852	0.00664	0.00554	0.16162
91	0.01742	0.02952	0.31754	0.02789	0.03746	0.01896	0.35355	0.02505	0.01778	0.02530	0.01518	0.01919	0.01117	0.00702	0.00843	0.00254	0.01235	0.00767	0.00375	0.04223
92	0.01151	0.00777	0.00905	0.00905	0.00919	0.00791	0.00531	0.01179	0.01165	0.01567	0.02462	0.04986	0.02795	0.65648	0.10399	0.00818	0.00902	0.01123	0.00475	0.00503
93	0.01575	0.03893	0.03501	0.01165	0.01492	0.01160	0.00933	0.07958	0.07458	0.07586	0.28915	0.04965	0.15568	0.08907	0.01206	0.00305	0.00555	0.01221	0.00765	0.00874
94	0.74910	0.01527	0.01191	0.01057	0.01552	0.01756	0.00870	0.02389	0.01385	0.06000	0.01181	0.01342	0.00901	0.00745	0.00502	0.00245	0.00616	0.00443	0.00509	0.00877
95	0.02464	0.01769	0.01964	0.01634	0.02141	0.01960	0.01311	0.26022	0.29187	0.11537	0.02624	0.02556	0.01930	0.01487	0.07347	0.00351	0.00867	0.00813	0.00786	0.01248
96	0.01102	0.00805	0.01035	0.00987	0.01175	0.00738	0.00736	0.01454	0.02183	0.03055	0.59823	0.08556	0.12016	0.01684	0.00938	0.00254	0.00380	0.01484	0.00857	0.00738
97	0.01990	0.01461	0.01732	0.01337	0.01911	0.01310	0.01068	0.12620	0.02019	0.09556	0.01971	0.08705	0.01707	0.01092	0.03164	0.00220	0.03126	0.00740	0.00597	0.43674
98	0.01590	0.04102	0.68023	0.02260	0.03432	0.01842	0.02930	0.02511	0.01674	0.02511	0.01423	0.01674	0.01005	0.00753	0.00753	0.00251	0.01172	0.00586	0.00335	0.01172
99	0.01153	0.00769	0.00865	0.00865	0.00865	0.00769	0.00480	0.01153	0.01153	0.01538	0.02499	0.05189	0.02883	0.72131	0.04036	0.00769	0.00769	0.01153	0.00480	0.00480
100	0.03065	0.02140	0.02330	0.01786	0.02419	0.02339	0.01475	0.58898	0.03593	0.10832	0.02018	0.01978	0.01406	0.00955	0.00794	0.00239	0.00854	0.00722	0.00811	0.01349
101	0.01176	0.00920	0.01088	0.01024	0.01275	0.00858	0.00770	0.01673	0.08280	0.02829	0.38482	0.09789	0.21677	0.01665	0.00910	0.00254	0.00422	0.01442	0.00803	0.04664
102	0.01644	0.01409	0.01644	0.01175	0.01879	0.01057	0.00940	0.01997	0.01644	0.02584	0.01409	0.01644	0.01175	0.00587	0.00587	0.00117	0.00587	0.00470	0.00470	0.76979
103	0.77733	0.01534	0.01166	0.01043	0.01534	0.01779	0.00859	0.02331	0.01350	0.03558	0.01104	0.01288	0.00859	0.00736	0.00491	0.00245	0.00613	0.00429	0.00491	0.00859

[dist]
# distance from previous block
# <min> <max>
0	22

[block]
# block no. 6 follows, 24 sequences, length 54
# corresponding to MSA columns:
# 336-389
name=unknown_G
#
# <colnr> <probs for GDERKNQSTAVLIFYWHMCP>
#	G	D	E	R	K	N	Q	S	T	A	V	L	I	F	Y	W	H	M	C	P
0	0.01972	0.01703	0.01793	0.01614	0.02062	0.01972	0.01255	0.04214	0.65752	0.03317	0.03228	0.02959	0.02421	0.01076	0.00807	0.00269	0.00628	0.00897	0.00807	0.01255
1	0.02749	0.01892	0.02099	0.01660	0.02216	0.02025	0.01346	0.47191	0.03198	0.11319	0.02348	0.11301	0.01930	0.01147	0.00815	0.00246	0.00786	0.00920	0.00794	0.04018
2	0.01122	0.00811	0.01060	0.00998	0.01185	0.00748	0.00748	0.01496	0.02245	0.03180	0.66766	0.05923	0.07482	0.01621	0.00935	0.00249	0.00374	0.01434	0.00873	0.00748
3	0.01265	0.00926	0.01245	0.01399	0.01589	0.00927	0.01193	0.01692	0.04849	0.02376	0.04399	0.13563	0.08303	0.02150	0.01065	0.00351	0.00684	0.50543	0.00735	0.00745
4	0.02459	0.02188	0.02605	0.08709	0.02933	0.09430	0.11464	0.29187	0.16214	0.03631	0.02015	0.02134	0.01489	0.00903	0.00810	0.00248	0.00973	0.00765	0.00649	0.01192
5	0.01122	0.00811	0.01060	0.00998	0.01185	0.00748	0.00748	0.01496	0.02245	0.03180	0.66766	0.05923	0.07482	0.01621	0.00935	0.00249	0.00374	0.01434	0.00873	0.00748
6	0.02418	0.01856	0.01986	0.01627	0.02141	0.02048	0.01307	0.38950	0.19362	0.04105	0.02993	0.07010	0.08248	0.01181	0.00824	0.00254	0.00738	0.00949	0.00788	0.01215
7	0.03558	0.01350	0.01840	0.01411	0.02024	0.01166	0.01166	0.03865	0.02270	0.67734	0.03128	0.02699	0.01963	0.00981	0.00797	0.00245	0.00675	0.00797	0.00981	0.01350
8	0.01765	0.01893	0.10965	0.01588	0.02102	0.01746	0.01396	0.03500	0.46255	0.03102	0.08967	0.03396	0.07571	0.01150	0.00821	0.00265	0.00664	0.00960	0.00741	0.01154
9	0.02120	0.72609	0.04155	0.01357	0.02035	0.03138	0.01357	0.02374	0.01611	0.01866	0.01102	0.01272	0.01018	0.00678	0.00509	0.00170	0.00848	0.00424	0.00339	0.01018
10	0.03160	0.01440	0.02034	0.01956	0.12476	0.01311	0.01349	0.05826	0.02195	0.51530	0.02786	0.02674	0.01872	0.04492	0.00957	0.00270	0.00730	0.00797	0.00854	0.01291
11	0.02120	0.72609	0.04155	0.01357	0.02035	0.03138	0.01357	0.02374	0.01611	0.01866	0.01102	0.01272	0.01018	0.00678	0.00509	0.00170	0.00848	0.00424	0.00339	0.01018
12	0.02120	0.72609	0.04155	0.01357	0.02035	0.03138	0.01357	0.02374	0.01611	0.01866	0.01102	0.01272	0.01018	0.00678	0.00509	0.00170	0.00848	0.00424	0.00339	0.01018
13	0.01651	0.01432	0.01699	0.01238	0.01893	0.01153	0.00995	0.01991	0.01614	0.02537	0.01384	0.01651	0.01165	0.00643	0.00728	0.00134	0.05491	0.00485	0.00461	0.71654
14	0.01670	0.01635	0.10187	0.01608	0.02008	0.04043	0.01487	0.05406	0.10507	0.05779	0.05777	0.06122	0.03492	0.01656	0.00961	0.00314	0.00794	0.34928	0.00696	0.00927
15	0.01972	0.01703	0.01793	0.01614	0.02062	0.01972	0.01255	0.04214	0.65752	0.03317	0.03228	0.02959	0.02421	0.01076	0.00807	0.00269	0.00628	0.00897	0.00807	0.01255
16	0.01844	0.36904	0.37442	0.01828	0.02763	0.02462	0.02177	0.02446	0.01644	0.02202	0.01270	0.01482	0.01011	0.00717	0.00636	0.00212	0.01017	0.00508	0.00337	0.01098
17	0.02962	0.03779	0.02247	0.02043	0.02451	0.68948	0.01532	0.03166	0.02247	0.01941	0.01226	0.01430	0.01021	0.00817	0.00715	0.00204	0.01430	0.00511	0.00409	0.00919
18	0.03558	0.01350	0.01840	0.01411	0.02024	0.01166	0.01166	0.03865	0.02270	0.67734	0.03128	0.02699	0.01963	0.00981	0.00797	0.00245	0.00675	0.00797	0.00981	0.01350
19	0.02126	0.01047	0.01353	0.01192	0.01568	0.00935	0.00954	0.02400	0.01980	0.30151	0.09487	0.07447	0.19623	0.03895	0.05028	0.00344	0.00668	0.08011	0.00825	0.00968
20	0.00966	0.00690	0.00920	0.01104	0.01150	0.00644	0.00736	0.01104	0.01518	0.02024	0.04371	0.71614	0.05245	0.02484	0.01012	0.00322	0.00460	0.02254	0.00736	0.00644
21	0.08161	0.02124	0.02295	0.05928	0.02577	0.02369	0.01504	0.56378	0.03431	0.04716	0.01818	0.01873	0.01297	0.00927	0.00772	0.00240	0.00866	0.00693	0.00745	0.01286
22	0.01136	0.00839	0.01220	0.01220	0.01342	0.00961	0.00923	0.01381	0.01258	0.01800	0.02174	0.03393	0.02103	0.14796	0.60305	0.01207	0.01943	0.00890	0.00432	0.00678
23	0.02969	0.02199	0.02354	0.01815	0.02442	0.02438	0.01496	0.61937	0.06405	0.04925	0.01961	0.01949	0.01395	0.00957	0.00794	0.00239	0.00862	0.00722	0.00794	0.01345
24	0.00937	0.00803	0.00803	0.00803	0.01071	0.00669	0.00602	0.01138	0.01807	0.02142	0.08033	0.07632	0.66863	0.02008	0.00937	0.00268	0.00402	0.01674	0.00736	0.00669
25	0.01051	0.00860	0.00936	0.00939	0.01178	0.00781	0.00695	0.01431	0.06916	0.02373	0.15827	0.16004	0.44288	0.01944	0.00937	0.00273	0.00424	0.01658	0.00762	0.00724
26	0.38432	0.01674	0.01716	0.06467	0.08403	0.04361	0.01272	0.12599	0.01913	0.06013	0.01727	0.05397	0.01478	0.00958	0.00673	0.00254	0.00753	0.04362	0.00565	0.00984
27	0.01872	0.02139	0.04679	0.03342	0.04144	0.02005	0.64305	0.02540	0.01872	0.02540	0.01604	0.02139	0.01203	0.00668	0.00936	0.00267	0.01337	0.00936	0.00401	0.01070
28	0.01628	0.08895	0.63555	0.02197	0.03334	0.01932	0.02820	0.02502	0.01670	0.02466	0.01401	0.01646	0.01005	0.00748	0.00736	0.00245	0.01149	0.00575	0.00335	0.01161
29	0.02778	0.02024	0.02161	0.01691	0.02264	0.02238	0.01386	0.53761	0.07443	0.04665	0.02064	0.02088	0.01492	0.00957	0.00768	0.00234	0.00801	0.00728	0.09184	0.01275
30	0.01047	0.04386	0.01001	0.00856	0.01093	0.00816	0.00631	0.01230	0.01721	0.02107	0.11283	0.06772	0.48249	0.13691	0.01436	0.00346	0.00484	0.01505	0.00684	0.00661
31	0.01644	0.01409	0.01644	0.01175	0.01879	0.01057	0.00940	0.01997	0.01644	0.02584	0.01409	0.01644	0.01175	0.00587	0.00587	0.00117	0.00587	0.00470	0.00470	0.76979
32	0.04747	0.04002	0.01762	0.01228	0.01904	0.01182	0.01001	0.02430	0.01769	0.16798	0.01762	0.01848	0.01330	0.00682	0.00627	0.00152	0.00617	0.00538	0.00577	0.55043
33	0.02264	0.02637	0.01845	0.01704	0.01956	0.41309	0.01254	0.02422	0.01835	0.01853	0.01713	0.06629	0.01719	0.16210	0.04855	0.00394	0.07381	0.00785	0.00439	0.00796
34	0.12136	0.01603	0.02063	0.09319	0.08755	0.01698	0.01457	0.11732	0.06192	0.28718	0.02217	0.02225	0.01536	0.00934	0.00884	0.00254	0.05657	0.00720	0.00712	0.01188
35	0.01301	0.00861	0.01055	0.00977	0.01231	0.00764	0.00743	0.01614	0.02110	0.09144	0.42092	0.06146	0.25621	0.01681	0.00922	0.00255	0.00412	0.01447	0.00841	0.00782
36	0.02494	0.09677	0.02256	0.01809	0.02259	0.36429	0.01407	0.03498	0.26939	0.02470	0.01994	0.02010	0.01566	0.00904	0.00731	0.00226	0.01061	0.00653	0.00557	0.01060
37	0.01963	0.01884	0.03219	0.04867	0.67185	0.01884	0.02434	0.02434	0.01806	0.02591	0.01492	0.01963	0.01256	0.00707	0.00785	0.00236	0.00942	0.00707	0.00393	0.01256
38	0.02001	0.01842	0.01775	0.01604	0.02033	0.08408	0.01240	0.03904	0.55000	0.03134	0.05368	0.03086	0.04885	0.01104	0.00807	0.00262	0.00689	0.00906	0.00768	0.01183
39	0.01263	0.00903	0.01257	0.01415	0.01598	0.00897	0.01226	0.01629	0.01866	0.02452	0.10296	0.08650	0.04848	0.02135	0.01080	0.00354	0.00695	0.55960	0.00744	0.00732
40	0.01153	0.00769	0.00865	0.00865	0.00865	0.00769	0.00480	0.01153	0.01153	0.01538	0.02499	0.05189	0.02883	0.72131	0.04036	0.00769	0.00769	0.01153	0.00480	0.00480
41	0.77733	0.01534	0.01166	0.01043	0.01534	0.01779	0.00859	0.02331	0.01350	0.03558	0.01104	0.01288	0.00859	0.00736	0.00491	0.00245	0.00613	0.00429	0.00491	0.00859
42	0.00937	0.00803	0.00803	0.00803	0.01071	0.00669	0.00602	0.01138	0.01807	0.02142	0.08033	0.07632	0.66863	0.02008	0.00937	0.00268	0.00402	0.01674	0.00736	0.00669
43	0.02761	0.08364	0.02393	0.08639	0.02716	0.57797	0.01585	0.03000	0.02138	0.01944	0.01235	0.01486	0.01025	0.00805	0.00708	0.00208	0.01353	0.00524	0.00398	0.00922
44	0.02832	0.03712	0.08665	0.02050	0.02548	0.58181	0.01667	0.07005	0.02286	0.02191	0.01288	0.01484	0.01041	0.00820	0.00724	0.00211	0.01369	0.00531	0.00426	0.00971
45	0.01886	0.02546	0.26983	0.02401	0.08633	0.01669	0.15039	0.06789	0.01977	0.09091	0.08501	0.06792	0.02114	0.00966	0.00836	0.00256	0.00990	0.00891	0.00529	0.01111
46	0.01972	0.01703	0.01793	0.01614	0.02062	0.01972	0.01255	0.04214	0.65752	0.03317	0.03228	0.02959	0.02421	0.01076	0.00807	0.00269	0.00628	0.00897	0.00807	0.01255
47	0.77733	0.01534	0.01166	0.01043	0.01534	0.01779	0.00859	0.02331	0.01350	0.03558	0.01104	0.01288	0.00859	0.00736	0.00491	0.00245	0.00613	0.00429	0.00491	0.00859
48	0.02361	0.08227	0.01843	0.01357	0.01816	0.01434	0.01111	0.03131	0.16937	0.27871	0.18138	0.03685	0.03414	0.01184	0.00819	0.00250	0.00612	0.03848	0.00840	0.01123
49	0.00948	0.00804	0.00819	0.00815	0.01078	0.00674	0.00611	0.01160	0.01834	0.02205	0.11604	0.07528	0.63253	0.01985	0.00937	0.00267	0.00400	0.01659	0.00745	0.00674
50	0.01134	0.00844	0.01246	0.01246	0.01377	0.00976	0.00955	0.01398	0.01266	0.01820	0.02150	0.03260	0.02045	0.10578	0.64445	0.01239	0.02029	0.00871	0.00429	0.00692
51	0.01757	0.01507	0.01592	0.01462	0.01859	0.01697	0.01126	0.03565	0.52287	0.03063	0.04005	0.08009	0.12054	0.01302	0.00839	0.00272	0.00584	0.01097	0.00792	0.01130
52	0.01475	0.01370	0.02290	0.59334	0.08966	0.01661	0.02074	0.01962	0.01593	0.02062	0.01703	0.08877	0.01478	0.00952	0.00814	0.00268	0.00992	0.00856	0.00392	0.00882
53	0.02035	0.61577	0.14440	0.01502	0.02260	0.02929	0.01610	0.02397	0.01621	0.01970	0.01154	0.01337	0.01016	0.00690	0.00548	0.00183	0.00900	0.00450	0.00339	0.01042

[dist]
# distance from previous block
# <min> <max>
0	1

[block]
# block no. 7 follows, 24 sequences, length 84
# corresponding to MSA columns:
# 391-474
name=unknown_H
#
# <colnr> <probs for GDERKNQSTAVLIFYWHMCP>
#	G	D	E	R	K	N	Q	S	T	A	V	L	I	F	Y	W	H	M	C	P
0	0.77733	0.01534	0.01166	0.01043	0.01534	0.01779	0.00859	0.02331	0.01350	0.03558	0.01104	0.01288	0.00859	0.00736	0.00491	0.00245	0.00613	0.00429	0.00491	0.00859
1	0.00982	0.00708	0.00934	0.01108	0.01173	0.00660	0.00759	0.01135	0.01550	0.02049	0.04549	0.64891	0.08375	0.02444	0.01013	0.00322	0.00472	0.05490	0.00736	0.00650
2	0.02120	0.72609	0.04155	0.01357	0.02035	0.03138	0.01357	0.02374	0.01611	0.01866	0.01102	0.01272	0.01018	0.00678	0.00509	0.00170	0.00848	0.00424	0.00339	0.01018
3	0.01590	0.01393	0.02202	0.55369	0.04644	0.01687	0.01953	0.07572	0.01746	0.02262	0.01671	0.07239	0.01409	0.01033	0.00928	0.04207	0.00977	0.00819	0.00420	0.00878
4	0.01819	0.14718	0.53053	0.02055	0.03108	0.01996	0.02551	0.02590	0.01708	0.07222	0.01498	0.01686	0.01077	0.00758	0.00718	0.00238	0.01084	0.00576	0.00383	0.01161
5	0.01106	0.00810	0.01037	0.00980	0.01174	0.00741	0.00735	0.01464	0.02205	0.03086	0.61444	0.06078	0.12863	0.01656	0.00935	0.00251	0.00377	0.01456	0.00861	0.00741
6	0.01126	0.00819	0.01066	0.01029	0.01220	0.00759	0.00788	0.01490	0.02183	0.03050	0.57878	0.06291	0.10472	0.01694	0.00950	0.00261	0.00408	0.06922	0.00853	0.00742
7	0.01901	0.02131	0.09359	0.04205	0.45817	0.01927	0.15163	0.02441	0.01783	0.02545	0.01490	0.01964	0.01214	0.00731	0.00887	0.00248	0.03869	0.00742	0.00387	0.01194
8	0.31648	0.01929	0.08534	0.01444	0.02023	0.01847	0.01282	0.20581	0.04357	0.10828	0.01770	0.02009	0.01341	0.06108	0.00912	0.00283	0.00766	0.00639	0.00627	0.01074
9	0.01153	0.00769	0.00865	0.00865	0.00865	0.00769	0.00480	0.01153	0.01153	0.01538	0.02499	0.05189	0.02883	0.72131	0.04036	0.00769	0.00769	0.01153	0.00480	0.00480
10	0.01884	0.01947	0.02715	0.33966	0.24911	0.11607	0.04327	0.02338	0.01748	0.02210	0.01401	0.01951	0.01121	0.00788	0.00857	0.00250	0.03904	0.00685	0.00375	0.01015
11	0.00966	0.00690	0.00920	0.01104	0.01150	0.00644	0.00736	0.01104	0.01518	0.02024	0.04371	0.71614	0.05245	0.02484	0.01012	0.00322	0.00460	0.02254	0.00736	0.00644
12	0.01881	0.01722	0.02504	0.05723	0.36456	0.01825	0.01882	0.02975	0.24785	0.02805	0.02491	0.02812	0.04654	0.00950	0.00810	0.00254	0.00802	0.02901	0.00567	0.01199
13	0.00974	0.00696	0.00927	0.01099	0.01152	0.00649	0.00737	0.01124	0.01556	0.02084	0.07578	0.68237	0.05360	0.02440	0.01008	0.00318	0.00456	0.02212	0.00743	0.00649
14	0.01750	0.01918	0.04045	0.08197	0.06366	0.01836	0.50395	0.02343	0.01810	0.02448	0.01883	0.09601	0.01629	0.00875	0.00927	0.00272	0.01206	0.01051	0.00433	0.01017
15	0.01109	0.00810	0.01042	0.00984	0.01177	0.00743	0.00738	0.01471	0.02214	0.03107	0.62634	0.06044	0.11660	0.01648	0.00935	0.00251	0.00376	0.01451	0.00863	0.00743
16	0.03518	0.01414	0.01880	0.01441	0.02056	0.01261	0.01191	0.08342	0.02377	0.63105	0.03038	0.02640	0.01918	0.00979	0.00797	0.00245	0.00689	0.00791	0.00968	0.01349
17	0.02120	0.72609	0.04155	0.01357	0.02035	0.03138	0.01357	0.02374	0.01611	0.01866	0.01102	0.01272	0.01018	0.00678	0.00509	0.00170	0.00848	0.00424	0.00339	0.01018
18	0.01266	0.00904	0.01264	0.01447	0.01624	0.00902	0.01257	0.01622	0.01814	0.02360	0.04205	0.11375	0.04590	0.02202	0.01092	0.00363	0.00720	0.59537	0.00730	0.00727
19	0.32981	0.01893	0.01842	0.01486	0.02042	0.02124	0.01220	0.37372	0.02697	0.04318	0.01666	0.04031	0.01284	0.00917	0.00679	0.00244	0.00754	0.00652	0.00670	0.01128
