[name]
unknown

[dist]
# distance from previous block
# <min> <max>
4	29

[block]
# block no. 0 follows, 25 sequences, length 13
# corresponding to MSA columns:
# 32-44
name=unknown_A
#
# <colnr> <probs for GDERKNQSTAVLIFYWHMCP>
#	G	D	E	R	K	N	Q	S	T	A	V	L	I	F	Y	W	H	M	C	P
0	0.01492	0.01350	0.02048	0.10779	0.04936	0.01511	0.08436	0.04520	0.01579	0.02200	0.05231	0.10547	0.06112	0.09204	0.04778	0.00370	0.16937	0.01007	0.00482	0.06482
1	0.01610	0.01079	0.01368	0.01191	0.01444	0.01097	0.03645	0.04468	0.06931	0.08848	0.13835	0.05970	0.05444	0.17561	0.01604	0.00354	0.04906	0.01023	0.13706	0.03917
2	0.04680	0.01189	0.01342	0.01229	0.01537	0.01235	0.00926	0.06956	0.19545	0.06896	0.14884	0.16854	0.08483	0.06521	0.01061	0.00294	0.00550	0.01244	0.00744	0.03831
3	0.01410	0.00927	0.01163	0.03687	0.01379	0.00982	0.00829	0.09043	0.01597	0.02269	0.02456	0.16294	0.02490	0.13708	0.12856	0.13332	0.00856	0.01076	0.12974	0.00673
4	0.01117	0.00833	0.00952	0.00926	0.01134	0.00767	0.00681	0.04208	0.01918	0.02560	0.26351	0.13332	0.29834	0.05992	0.01075	0.00285	0.00431	0.01492	0.05411	0.00701
5	0.00997	0.00726	0.00903	0.00991	0.01077	0.00688	0.00667	0.01138	0.01483	0.01956	0.07952	0.39716	0.14693	0.16487	0.06437	0.00455	0.00611	0.01755	0.00656	0.00612
6	0.01192	0.00755	0.00965	0.01042	0.01149	0.00698	0.00707	0.01335	0.01544	0.07589	0.07016	0.48006	0.09282	0.13204	0.01424	0.00370	0.00507	0.01837	0.00707	0.00670
7	0.01082	0.00779	0.00951	0.01025	0.01135	0.00762	0.00714	0.01340	0.04527	0.02070	0.06625	0.33575	0.12394	0.15199	0.06360	0.00442	0.00624	0.04539	0.05207	0.00650
8	0.01550	0.00926	0.01186	0.01108	0.01311	0.00898	0.00826	0.01766	0.01752	0.14536	0.19000	0.14287	0.11561	0.15971	0.01619	0.00370	0.04865	0.04974	0.00722	0.00771
9	0.01799	0.01249	0.01404	0.01256	0.01537	0.01329	0.00950	0.24756	0.02249	0.03148	0.02746	0.22520	0.02725	0.09468	0.05081	0.00361	0.00707	0.01186	0.14643	0.00885
10	0.01546	0.01332	0.01455	0.01550	0.07415	0.07537	0.01048	0.07874	0.04470	0.02409	0.06003	0.21618	0.11540	0.06876	0.01193	0.03829	0.00675	0.05643	0.00621	0.05365
11	0.04745	0.08689	0.15485	0.01774	0.07065	0.01578	0.01569	0.03110	0.08520	0.31180	0.06608	0.02445	0.01961	0.00910	0.00744	0.00236	0.00767	0.00737	0.00692	0.01185
12	0.09199	0.22767	0.10979	0.06733	0.02420	0.06044	0.03355	0.06148	0.01696	0.06259	0.01471	0.04217	0.01250	0.01079	0.03480	0.00272	0.10587	0.00630	0.00434	0.00980

[dist]
# distance from previous block
# <min> <max>
0	3

[block]
# block no. 1 follows, 25 sequences, length 51
# corresponding to MSA columns:
# 48-98
name=unknown_B
#
# <colnr> <probs for GDERKNQSTAVLIFYWHMCP>
#	G	D	E	R	K	N	Q	S	T	A	V	L	I	F	Y	W	H	M	C	P
0	0.05738	0.06158	0.01947	0.01683	0.05145	0.25683	0.01254	0.09833	0.06940	0.08187	0.06895	0.02929	0.12277	0.01067	0.00752	0.00226	0.00898	0.00815	0.00598	0.00976
1	0.01161	0.00818	0.01044	0.00988	0.01196	0.00738	0.00737	0.01483	0.02058	0.05008	0.50644	0.12824	0.12303	0.01654	0.00906	0.00248	0.00395	0.01455	0.00816	0.03525
2	0.01252	0.03355	0.01181	0.01008	0.01229	0.00834	0.00773	0.01611	0.02174	0.06379	0.61910	0.05473	0.06821	0.01521	0.00893	0.00241	0.00397	0.01336	0.00841	0.00771
3	0.01128	0.00752	0.00846	0.00846	0.00846	0.00752	0.00470	0.01128	0.01128	0.01503	0.02443	0.05074	0.02819	0.72751	0.03946	0.00752	0.00752	0.01128	0.00470	0.00470
4	0.01784	0.02005	0.04323	0.03200	0.06127	0.01883	0.59357	0.02403	0.01809	0.02458	0.01714	0.05948	0.01396	0.00753	0.00914	0.00263	0.01246	0.00978	0.00410	0.01029
5	0.01608	0.01378	0.01608	0.01148	0.01837	0.01034	0.00919	0.01952	0.01608	0.02527	0.01378	0.01608	0.01148	0.00574	0.00574	0.00115	0.00574	0.00459	0.00459	0.77491
6	0.02948	0.01924	0.02143	0.01670	0.02265	0.02068	0.01371	0.44549	0.10611	0.18833	0.02278	0.02154	0.01574	0.00951	0.00778	0.00238	0.00782	0.00737	0.00818	0.01308
7	0.01343	0.00942	0.01116	0.01047	0.01160	0.00995	0.00706	0.08999	0.01516	0.02062	0.05882	0.04317	0.02708	0.46697	0.16561	0.00760	0.01008	0.01031	0.00517	0.00632
8	0.00997	0.00791	0.01082	0.01114	0.01268	0.00717	0.04231	0.01194	0.01632	0.02122	0.09810	0.46129	0.21740	0.02144	0.00960	0.00292	0.00476	0.01922	0.00712	0.00667
9	0.01527	0.01251	0.01458	0.01296	0.01628	0.01314	0.03263	0.07696	0.24464	0.02961	0.19848	0.07333	0.16519	0.04703	0.01003	0.00280	0.00554	0.01209	0.00758	0.00933
10	0.02573	0.01420	0.01696	0.01401	0.01894	0.01427	0.01123	0.08724	0.22469	0.32607	0.08629	0.03249	0.07034	0.01108	0.00803	0.00248	0.00619	0.00914	0.00865	0.01196
11	0.02374	0.02058	0.02048	0.01708	0.02192	0.09433	0.01363	0.26213	0.28378	0.03566	0.02223	0.02199	0.01673	0.00975	0.00885	0.00242	0.05716	0.00734	0.00693	0.05327
12	0.78228	0.01499	0.01140	0.01020	0.01499	0.01739	0.00840	0.02279	0.01320	0.03479	0.01080	0.01260	0.00840	0.00720	0.00480	0.00240	0.00600	0.00420	0.00480	0.00840
13	0.01675	0.01376	0.01615	0.01157	0.01843	0.01037	0.00927	0.02018	0.01630	0.04893	0.01438	0.01645	0.01176	0.00588	0.00582	0.00119	0.00577	0.00471	0.00477	0.74756
14	0.02015	0.01587	0.02305	0.22556	0.14979	0.01733	0.04189	0.12235	0.11049	0.09440	0.05475	0.05211	0.01887	0.00945	0.00798	0.00250	0.00842	0.00833	0.00585	0.01086
15	0.01476	0.00883	0.01136	0.01050	0.01310	0.00796	0.00814	0.01795	0.02077	0.13869	0.40650	0.08312	0.15325	0.01609	0.00906	0.00257	0.00447	0.05639	0.00836	0.00814
16	0.02475	0.01937	0.02061	0.01688	0.02224	0.02184	0.01359	0.36927	0.32818	0.04124	0.02462	0.02340	0.01805	0.00987	0.00782	0.00247	0.00742	0.00781	0.00782	0.01276
17	0.03250	0.01407	0.01823	0.01416	0.01994	0.01298	0.01163	0.10333	0.05482	0.55810	0.05537	0.02695	0.02094	0.00986	0.00785	0.00240	0.00667	0.00801	0.00927	0.01291
18	0.01077	0.00740	0.00899	0.00941	0.00974	0.00733	0.00585	0.01155	0.01301	0.01755	0.07314	0.22450	0.03667	0.45289	0.07243	0.00636	0.00733	0.01407	0.00557	0.00544
19	0.00945	0.00675	0.00900	0.01080	0.01125	0.00630	0.00720	0.01080	0.01484	0.01979	0.04274	0.72245	0.05128	0.02429	0.00990	0.00315	0.00450	0.02204	0.00720	0.00630
20	0.00994	0.00715	0.00958	0.01065	0.01151	0.00679	0.00740	0.01196	0.01645	0.02248	0.19878	0.50859	0.05451	0.02455	0.05761	0.00362	0.00542	0.01909	0.00732	0.00660
21	0.78228	0.01499	0.01140	0.01020	0.01499	0.01739	0.00840	0.02279	0.01320	0.03479	0.01080	0.01260	0.00840	0.00720	0.00480	0.00240	0.00600	0.00420	0.00480	0.00840
22	0.02775	0.03430	0.02108	0.01909	0.02289	0.62203	0.01425	0.05394	0.02179	0.01987	0.01311	0.01673	0.01138	0.05822	0.00929	0.00240	0.01332	0.00551	0.00419	0.00885
23	0.02033	0.01452	0.01623	0.01401	0.01819	0.01556	0.01102	0.14021	0.28777	0.11342	0.13682	0.06391	0.08936	0.01243	0.00825	0.00254	0.00595	0.01040	0.00809	0.01099
24	0.02792	0.02033	0.02251	0.01847	0.04709	0.02230	0.01470	0.54366	0.06242	0.07081	0.02076	0.02320	0.01559	0.00995	0.00792	0.00241	0.00830	0.04123	0.00766	0.01278
25	0.33662	0.23063	0.05057	0.04717	0.06633	0.08908	0.01309	0.02426	0.01568	0.04891	0.01212	0.01414	0.00980	0.00720	0.00561	0.00214	0.00814	0.00476	0.00425	0.00949
26	0.01050	0.00839	0.00949	0.00935	0.01174	0.00760	0.00718	0.01409	0.05037	0.02492	0.26359	0.06810	0.40195	0.01813	0.00922	0.00264	0.00420	0.06378	0.00765	0.00712
27	0.02654	0.01978	0.02143	0.01689	0.02245	0.02191	0.01383	0.53586	0.07770	0.04423	0.02203	0.02244	0.04033	0.01359	0.06128	0.00315	0.00913	0.00758	0.00746	0.01238
28	0.00982	0.00693	0.00896	0.01035	0.01078	0.00655	0.00677	0.01103	0.01451	0.01942	0.06441	0.58105	0.04818	0.14469	0.01494	0.00387	0.00498	0.01988	0.00682	0.00606
29	0.02308	0.02289	0.01934	0.03350	0.02188	0.24354	0.01351	0.12213	0.21447	0.04533	0.02416	0.02669	0.04897	0.01234	0.03548	0.00283	0.03738	0.03597	0.00612	0.01038
30	0.00973	0.00725	0.00952	0.03766	0.01282	0.00683	0.00761	0.01148	0.01576	0.02079	0.09385	0.56464	0.12858	0.02243	0.00967	0.00301	0.00459	0.02014	0.00715	0.00650
31	0.02110	0.01850	0.02491	0.33206	0.06817	0.05432	0.06250	0.23862	0.04953	0.03083	0.01623	0.01991	0.01202	0.00829	0.00781	0.00246	0.00987	0.00706	0.00518	0.01064
32	0.02335	0.01704	0.01978	0.07919	0.04408	0.01895	0.01386	0.17092	0.35624	0.13045	0.02649	0.02528	0.01919	0.00976	0.00783	0.00252	0.00719	0.00801	0.00759	0.01228
33	0.01156	0.00845	0.01066	0.01009	0.01205	0.00794	0.00755	0.04349	0.02166	0.03015	0.54430	0.11914	0.11040	0.01660	0.00915	0.00251	0.00398	0.01461	0.00828	0.00744
34	0.02394	0.01885	0.02334	0.01928	0.05934	0.01999	0.07663	0.39224	0.07275	0.03904	0.04937	0.02364	0.01749	0.06326	0.01022	0.00269	0.00836	0.00780	0.00675	0.06501
35	0.01825	0.01431	0.01653	0.01260	0.01855	0.01243	0.01002	0.11362	0.05242	0.05476	0.04823	0.06854	0.01824	0.00841	0.00667	0.00164	0.00602	0.00693	0.00578	0.50604
36	0.02849	0.02095	0.02247	0.01733	0.02320	0.02315	0.01419	0.61854	0.03509	0.04703	0.01893	0.02035	0.01400	0.04818	0.00947	0.00261	0.00848	0.00721	0.00759	0.01273
37	0.02806	0.03563	0.02133	0.01942	0.02335	0.66491	0.01457	0.03006	0.02178	0.01907	0.01502	0.01675	0.04037	0.00852	0.00709	0.00203	0.01352	0.00551	0.00414	0.00888
38	0.02048	0.01426	0.01639	0.04515	0.01976	0.01528	0.01143	0.09403	0.30499	0.14339	0.10267	0.06183	0.09223	0.01212	0.00819	0.00256	0.00610	0.01017	0.00794	0.01103
39	0.02023	0.01713	0.01807	0.01597	0.02052	0.01973	0.01250	0.09819	0.60660	0.03396	0.03035	0.02797	0.02269	0.01041	0.00788	0.00260	0.00636	0.00860	0.00788	0.01236
40	0.71725	0.05224	0.03614	0.01076	0.01588	0.01809	0.00934	0.02287	0.01343	0.03360	0.01090	0.01272	0.00852	0.00717	0.00490	0.00236	0.00630	0.00425	0.00467	0.00858
41	0.04579	0.01944	0.02266	0.20235	0.03145	0.04071	0.01623	0.41944	0.02913	0.07061	0.01750	0.01925	0.01249	0.00881	0.00766	0.00239	0.00901	0.00687	0.00651	0.01172
42	0.01002	0.00779	0.00892	0.00953	0.01108	0.00716	0.00665	0.01254	0.04566	0.02090	0.08374	0.32627	0.30868	0.08957	0.01234	0.00330	0.00459	0.01767	0.00705	0.00656
43	0.27953	0.10024	0.01697	0.01128	0.01682	0.01523	0.00936	0.03772	0.01597	0.02854	0.05969	0.04309	0.01603	0.00783	0.00577	0.00183	0.00602	0.00576	0.00497	0.31735
44	0.01849	0.01467	0.01667	0.01318	0.01854	0.01372	0.01045	0.19176	0.04670	0.03078	0.02270	0.10866	0.04839	0.01221	0.03808	0.00235	0.00696	0.00829	0.00601	0.37138
45	0.01925	0.01402	0.01664	0.01207	0.01881	0.01104	0.00972	0.04798	0.01777	0.11872	0.01634	0.01763	0.01264	0.00643	0.00611	0.00137	0.00598	0.00514	0.00542	0.63692
46	0.02892	0.02144	0.02296	0.01773	0.02383	0.02379	0.01460	0.62016	0.07048	0.04798	0.01932	0.01917	0.01375	0.00937	0.00776	0.00234	0.00840	0.00708	0.00776	0.01314
47	0.01445	0.00723	0.00723	0.00723	0.00903	0.00723	0.00542	0.01807	0.01626	0.02891	0.02529	0.02891	0.01987	0.00903	0.00542	0.00181	0.00361	0.00723	0.77055	0.00723
48	0.05741	0.01321	0.05157	0.06369	0.01921	0.01203	0.01128	0.08109	0.05280	0.16229	0.28752	0.06401	0.06649	0.01268	0.00829	0.00247	0.00590	0.01077	0.00769	0.00959
49	0.07617	0.07446	0.10010	0.01765	0.08636	0.01638	0.01428	0.07623	0.09112	0.10965	0.01788	0.01880	0.01348	0.00752	0.00665	0.00196	0.00736	0.00595	0.00552	0.25249
50	0.09821	0.08538	0.36719	0.05343	0.02824	0.05011	0.02097	0.10130	0.01912	0.02815	0.06486	0.01926	0.01502	0.00823	0.00710	0.00236	0.00973	0.00626	0.00444	0.01066

[dist]
# distance from previous block
# <min> <max>
0	1

[block]
# block no. 2 follows, 25 sequences, length 13
# corresponding to MSA columns:
# 100-112
name=unknown_C
#
# <colnr> <probs for GDERKNQSTAVLIFYWHMCP>
#	G	D	E	R	K	N	Q	S	T	A	V	L	I	F	Y	W	H	M	C	P
0	0.02035	0.01749	0.11715	0.01770	0.05722	0.01356	0.06531	0.10143	0.02060	0.16974	0.08966	0.14877	0.02643	0.01169	0.00813	0.00242	0.00746	0.01028	0.00663	0.08797
1	0.16362	0.01647	0.01682	0.01461	0.01942	0.01853	0.01156	0.08779	0.42926	0.06455	0.02569	0.02427	0.01914	0.00952	0.00719	0.00248	0.00631	0.00752	0.00722	0.04802
2	0.01813	0.02024	0.03658	0.12928	0.03782	0.08141	0.41884	0.02342	0.01760	0.02284	0.01631	0.06176	0.01364	0.00837	0.00987	0.00264	0.05853	0.00904	0.00402	0.00967
3	0.01347	0.00673	0.01010	0.01010	0.01010	0.00673	0.00673	0.01010	0.01010	0.01347	0.01347	0.02357	0.01347	0.02694	0.03030	0.77441	0.00673	0.00673	0.00337	0.00337
4	0.01675	0.06040	0.01719	0.01417	0.01738	0.12514	0.04903	0.02167	0.08911	0.05601	0.18884	0.13998	0.10279	0.01450	0.00854	0.00254	0.00703	0.05367	0.00673	0.00853
5	0.00967	0.00709	0.00908	0.01023	0.01120	0.00650	0.00705	0.01149	0.01642	0.02186	0.15449	0.52506	0.13682	0.02225	0.00967	0.00296	0.00428	0.01994	0.00742	0.00650
6	0.02115	0.01683	0.01864	0.05958	0.02249	0.01906	0.01301	0.16737	0.42419	0.05866	0.07127	0.02810	0.02380	0.01042	0.00793	0.00254	0.00676	0.00859	0.00769	0.01193
7	0.02058	0.01828	0.02755	0.08767	0.16448	0.04099	0.15327	0.09433	0.17640	0.06844	0.02046	0.02279	0.01553	0.01067	0.04089	0.00296	0.00988	0.00790	0.00558	0.01135
8	0.01575	0.08339	0.58380	0.02125	0.03173	0.01833	0.04989	0.02394	0.01670	0.02450	0.04957	0.01853	0.01333	0.00775	0.00737	0.00241	0.01089	0.00620	0.00359	0.01110
9	0.01473	0.01377	0.02284	0.06553	0.02494	0.01373	0.19845	0.02195	0.13804	0.02415	0.03078	0.24129	0.05863	0.01402	0.00893	0.00274	0.00788	0.04118	0.00597	0.05046
10	0.01050	0.00784	0.00985	0.01020	0.01195	0.00719	0.00775	0.01331	0.01898	0.02539	0.31988	0.19274	0.20417	0.01918	0.00953	0.00279	0.00441	0.10967	0.00776	0.00692
11	0.60429	0.06402	0.05675	0.01165	0.01702	0.01818	0.01037	0.02472	0.05516	0.05976	0.01312	0.01443	0.01000	0.00748	0.00529	0.00237	0.00653	0.00473	0.00500	0.00914
12	0.01953	0.01921	0.03113	0.04368	0.57478	0.04574	0.06090	0.02518	0.05643	0.02547	0.01556	0.01967	0.01284	0.00714	0.00775	0.00233	0.00945	0.00708	0.00409	0.01204

[dist]
# distance from previous block
# <min> <max>
0	3

[block]
# block no. 3 follows, 25 sequences, length 17
# corresponding to MSA columns:
# 116-132
name=unknown_D
#
# <colnr> <probs for GDERKNQSTAVLIFYWHMCP>
#	G	D	E	R	K	N	Q	S	T	A	V	L	I	F	Y	W	H	M	C	P
0	0.03074	0.01397	0.01784	0.01409	0.01961	0.01314	0.01149	0.08951	0.10109	0.50378	0.07625	0.02831	0.02312	0.01014	0.00790	0.00242	0.00650	0.00829	0.00916	0.01266
1	0.01183	0.00868	0.01083	0.01086	0.01252	0.00845	0.00792	0.04933	0.04860	0.02700	0.32537	0.28661	0.07838	0.04551	0.01047	0.00292	0.00459	0.03500	0.00776	0.00738
2	0.01567	0.01489	0.02600	0.29860	0.11330	0.01631	0.14530	0.04805	0.01698	0.02273	0.01995	0.15668	0.01893	0.01094	0.00920	0.00269	0.03981	0.01029	0.00451	0.00917
3	0.01076	0.00783	0.01013	0.00974	0.01150	0.00720	0.00723	0.01415	0.02116	0.02967	0.59392	0.11211	0.10210	0.01672	0.00921	0.00250	0.00374	0.01479	0.00836	0.00720
4	0.01790	0.02170	0.10948	0.10424	0.04969	0.07294	0.19599	0.02490	0.09843	0.02325	0.01689	0.04820	0.01401	0.00958	0.01179	0.00272	0.15597	0.00806	0.00432	0.00995
5	0.00965	0.00690	0.00918	0.01066	0.01129	0.00643	0.00721	0.01130	0.01579	0.02129	0.12643	0.63449	0.05418	0.02317	0.00980	0.00305	0.00439	0.02098	0.00737	0.00643
6	0.02007	0.01718	0.02462	0.29275	0.14318	0.01927	0.04586	0.21174	0.06257	0.03048	0.01912	0.02248	0.03889	0.00867	0.00787	0.00247	0.00921	0.00751	0.00525	0.01081
7	0.00959	0.00681	0.00895	0.01061	0.01102	0.00640	0.00700	0.01083	0.01456	0.01941	0.04127	0.66853	0.04943	0.08073	0.01227	0.00350	0.00474	0.02118	0.00700	0.00617
8	0.02710	0.12154	0.06716	0.01930	0.02409	0.57181	0.01565	0.02961	0.02086	0.01925	0.01196	0.01395	0.00997	0.00779	0.00677	0.00199	0.01313	0.00494	0.00387	0.00926
9	0.01626	0.01616	0.02924	0.42876	0.15682	0.01819	0.14917	0.02146	0.01628	0.02173	0.01415	0.02031	0.01095	0.00761	0.00878	0.00258	0.04096	0.00735	0.00361	0.00961
10	0.02857	0.02227	0.02269	0.01780	0.02371	0.06701	0.01454	0.56059	0.08950	0.04553	0.01930	0.01920	0.01388	0.00933	0.00772	0.00233	0.00868	0.00701	0.00753	0.01284
11	0.00945	0.00675	0.00900	0.01080	0.01125	0.00630	0.00720	0.01080	0.01484	0.01979	0.04274	0.72245	0.05128	0.02429	0.00990	0.00315	0.00450	0.02204	0.00720	0.00630
12	0.01700	0.01671	0.02924	0.27592	0.03837	0.01880	0.21529	0.07336	0.01760	0.02366	0.01782	0.04557	0.03977	0.00949	0.01121	0.00272	0.12538	0.00848	0.00422	0.00939
13	0.00945	0.00675	0.00900	0.01080	0.01125	0.00630	0.00720	0.01080	0.01484	0.01979	0.04274	0.72245	0.05128	0.02429	0.00990	0.00315	0.00450	0.02204	0.00720	0.00630
14	0.01445	0.00723	0.00723	0.00723	0.00903	0.00723	0.00542	0.01807	0.01626	0.02891	0.02529	0.02891	0.01987	0.00903	0.00542	0.00181	0.00361	0.00723	0.77055	0.00723
15	0.46031	0.04372	0.01530	0.04055	0.01839	0.01693	0.01026	0.05515	0.06873	0.15585	0.03741	0.01851	0.01403	0.00828	0.00601	0.00239	0.00643	0.00578	0.00608	0.00986
16	0.02098	0.06482	0.32135	0.05301	0.05119	0.24718	0.02135	0.06055	0.01954	0.02378	0.03717	0.01731	0.01245	0.00796	0.00725	0.00226	0.01160	0.00587	0.00398	0.01040

[dist]
# distance from previous block
# <min> <max>
1	4

[block]
# block no. 4 follows, 25 sequences, length 53
# corresponding to MSA columns:
# 137-189
name=unknown_E
#
# <colnr> <probs for GDERKNQSTAVLIFYWHMCP>
#	G	D	E	R	K	N	Q	S	T	A	V	L	I	F	Y	W	H	M	C	P
0	0.04640	0.01597	0.01744	0.01477	0.01980	0.01712	0.01169	0.08434	0.41266	0.12117	0.02864	0.02673	0.03541	0.00981	0.00753	0.00238	0.00628	0.00801	0.00759	0.10625
1	0.02074	0.64045	0.09155	0.01432	0.02121	0.06432	0.01459	0.02373	0.01613	0.01879	0.01109	0.01283	0.00994	0.00676	0.00527	0.00174	0.00884	0.00432	0.00335	0.01002
2	0.01445	0.00723	0.00723	0.00723	0.00903	0.00723	0.00542	0.01807	0.01626	0.02891	0.02529	0.02891	0.01987	0.00903	0.00542	0.00181	0.00361	0.00723	0.77055	0.00723
3	0.01445	0.00723	0.00723	0.00723	0.00903	0.00723	0.00542	0.01807	0.01626	0.02891	0.02529	0.02891	0.01987	0.00903	0.00542	0.00181	0.00361	0.00723	0.77055	0.00723
4	0.01777	0.01308	0.01640	0.01266	0.01816	0.01093	0.03212	0.06341	0.01865	0.09772	0.08655	0.10617	0.02345	0.00967	0.00706	0.00179	0.00592	0.00830	0.00604	0.44413
5	0.01820	0.02298	0.17017	0.11044	0.32130	0.01866	0.12891	0.05030	0.03668	0.02566	0.01520	0.01931	0.01183	0.00724	0.00788	0.00243	0.01034	0.00709	0.00397	0.01144
6	0.01761	0.01338	0.01614	0.03675	0.01933	0.01078	0.00984	0.04119	0.01718	0.08597	0.01798	0.07817	0.01564	0.00788	0.00643	0.00153	0.00597	0.00655	0.00534	0.58634
7	0.00985	0.00740	0.01068	0.01180	0.01259	0.00691	0.03671	0.01144	0.01500	0.02002	0.04150	0.69029	0.04947	0.02348	0.00986	0.00312	0.00489	0.02145	0.00705	0.00649
8	0.01445	0.00723	0.00723	0.00723	0.00903	0.00723	0.00542	0.01807	0.01626	0.02891	0.02529	0.02891	0.01987	0.00903	0.00542	0.00181	0.00361	0.00723	0.77055	0.00723
9	0.01080	0.00784	0.01017	0.00976	0.01152	0.00721	0.00726	0.01422	0.02127	0.02989	0.60687	0.10794	0.09290	0.01661	0.00920	0.00250	0.00373	0.01470	0.00839	0.00721
10	0.04325	0.00861	0.01202	0.03860	0.01498	0.00820	0.03703	0.01390	0.01570	0.04744	0.07312	0.54052	0.04449	0.02033	0.00927	0.00292	0.00526	0.01841	0.00687	0.03908
11	0.01555	0.04011	0.68733	0.02210	0.03356	0.01801	0.02865	0.02455	0.01637	0.02455	0.01391	0.01637	0.00982	0.00737	0.00737	0.00246	0.01146	0.00573	0.00327	0.01146
12	0.02121	0.01658	0.01785	0.01570	0.02032	0.01879	0.01231	0.07078	0.57533	0.09318	0.03084	0.02819	0.02275	0.01038	0.00787	0.00259	0.00630	0.00859	0.00804	0.01240
13	0.00963	0.00689	0.00916	0.01067	0.01129	0.00642	0.00721	0.01125	0.01569	0.02113	0.11771	0.64365	0.05388	0.02329	0.00981	0.00306	0.00440	0.02109	0.00736	0.00642
14	0.01653	0.01773	0.03641	0.21578	0.04151	0.01780	0.42291	0.02224	0.01724	0.02302	0.01751	0.08172	0.01480	0.00841	0.00883	0.00265	0.01158	0.00965	0.00408	0.00959
15	0.01075	0.00776	0.01017	0.00991	0.01153	0.00717	0.00730	0.01408	0.02092	0.02946	0.58358	0.15404	0.06999	0.01707	0.00925	0.00254	0.00378	0.01518	0.00834	0.00717
16	0.02674	0.01986	0.02130	0.01686	0.02241	0.02200	0.01373	0.52568	0.10988	0.04478	0.02155	0.05314	0.01648	0.01014	0.00778	0.00238	0.00787	0.00791	0.03699	0.01253
17	0.03479	0.01320	0.01799	0.01380	0.01979	0.01140	0.01140	0.03779	0.02219	0.68451	0.03059	0.02639	0.01919	0.00960	0.00780	0.00240	0.00660	0.00780	0.00960	0.01320
18	0.01445	0.00723	0.00723	0.00723	0.00903	0.00723	0.00542	0.01807	0.01626	0.02891	0.02529	0.02891	0.01987	0.00903	0.00542	0.00181	0.00361	0.00723	0.77055	0.00723
19	0.01333	0.01281	0.08489	0.07052	0.04734	0.01028	0.04190	0.01717	0.01835	0.05948	0.25493	0.23063	0.04581	0.01578	0.00900	0.00270	0.00624	0.04386	0.00678	0.00823
20	0.58880	0.13387	0.03896	0.01166	0.01671	0.01996	0.01034	0.02269	0.01365	0.03082	0.01086	0.01294	0.00880	0.00747	0.00608	0.00234	0.04650	0.00439	0.00443	0.00876
21	0.14739	0.10965	0.10610	0.01689	0.02292	0.19611	0.01510	0.18332	0.05280	0.05830	0.01524	0.01625	0.01153	0.00814	0.00672	0.00221	0.00968	0.00565	0.00531	0.01069
22	0.02073	0.04341	0.01926	0.04881	0.06711	0.01743	0.01298	0.08810	0.34525	0.10964	0.11502	0.02996	0.02700	0.01050	0.00790	0.00249	0.00656	0.00881	0.00750	0.01153
23	0.01828	0.01378	0.01646	0.01237	0.01833	0.01154	0.00990	0.06071	0.01803	0.09162	0.04909	0.04863	0.01696	0.00793	0.00722	0.00158	0.03500	0.00634	0.00554	0.55067
24	0.01765	0.01926	0.03984	0.03237	0.12381	0.01857	0.48466	0.02328	0.01764	0.02421	0.01745	0.07679	0.01493	0.00834	0.00977	0.00265	0.04459	0.00977	0.00415	0.01028
25	0.03236	0.05447	0.01945	0.01411	0.02001	0.01372	0.01172	0.06265	0.08095	0.56131	0.02907	0.02551	0.01883	0.00950	0.00764	0.00238	0.00673	0.00765	0.00901	0.01293
26	0.02761	0.02079	0.02222	0.01746	0.02334	0.02318	0.01429	0.54142	0.15135	0.04586	0.02098	0.02050	0.01510	0.00953	0.00778	0.00238	0.00809	0.00731	0.00778	0.01302
27	0.01084	0.00718	0.00962	0.01112	0.01191	0.00668	0.00768	0.01239	0.01536	0.05241	0.04205	0.65543	0.04937	0.02342	0.00984	0.00313	0.00474	0.05284	0.00731	0.00668
28	0.00953	0.00711	0.00887	0.01003	0.01110	0.00645	0.00691	0.01125	0.01618	0.02116	0.11265	0.51029	0.19540	0.02241	0.00966	0.00296	0.00429	0.01997	0.00733	0.00645
29	0.00970	0.00788	0.00860	0.00842	0.01080	0.00678	0.00632	0.01218	0.01895	0.02398	0.25688	0.06963	0.49577	0.01850	0.00916	0.00256	0.00385	0.01566	0.00760	0.00678
30	0.01830	0.02092	0.04575	0.03268	0.04052	0.01961	0.65098	0.02484	0.01830	0.02484	0.01569	0.02092	0.01176	0.00654	0.00915	0.00261	0.01307	0.00915	0.00392	0.01046
31	0.02920	0.01278	0.01674	0.01340	0.01855	0.01170	0.01086	0.03457	0.09897	0.50423	0.13168	0.03163	0.02818	0.01069	0.00802	0.00243	0.00608	0.00889	0.00923	0.01216
32	0.01915	0.01987	0.09441	0.12052	0.24139	0.01836	0.15009	0.06561	0.04841	0.06051	0.03990	0.02153	0.01470	0.00808	0.00886	0.00250	0.04276	0.00764	0.00464	0.01110
33	0.00927	0.00782	0.00802	0.00805	0.01056	0.00658	0.00601	0.01130	0.01780	0.02144	0.10843	0.09485	0.62427	0.01959	0.00919	0.00263	0.00393	0.01643	0.00727	0.00658
34	0.01478	0.01401	0.01634	0.01525	0.01659	0.09911	0.01203	0.01711	0.01348	0.01821	0.01714	0.02557	0.01615	0.05756	0.42819	0.00879	0.19063	0.00759	0.00396	0.00751
35	0.06503	0.01344	0.01770	0.01374	0.01961	0.01203	0.01131	0.03733	0.05319	0.62575	0.02982	0.02594	0.01896	0.00954	0.00768	0.00241	0.00655	0.00770	0.00931	0.01295
36	0.01416	0.01396	0.02653	0.11333	0.02917	0.01403	0.26966	0.01824	0.01652	0.02231	0.05591	0.27978	0.02886	0.01399	0.01003	0.00284	0.04332	0.01369	0.00525	0.00844
37	0.01003	0.03692	0.01028	0.01037	0.01153	0.00744	0.00727	0.01175	0.01602	0.02106	0.11155	0.53208	0.14132	0.02203	0.00951	0.00294	0.00449	0.01967	0.00718	0.00659
38	0.06026	0.00924	0.01109	0.01050	0.01250	0.00894	0.00758	0.01429	0.01602	0.02349	0.19629	0.20170	0.07221	0.14637	0.03725	0.00373	0.03750	0.01309	0.00631	0.11162
39	0.01709	0.01407	0.01621	0.01195	0.01816	0.01158	0.00948	0.08982	0.01834	0.02758	0.04285	0.02009	0.01522	0.04734	0.00802	0.00169	0.00607	0.00564	0.00512	0.61368
40	0.07388	0.01580	0.01749	0.01431	0.01958	0.04338	0.01147	0.08591	0.20578	0.28009	0.05764	0.02561	0.02078	0.00955	0.00746	0.00232	0.00667	0.00765	0.00788	0.08674
41	0.22276	0.06810	0.04287	0.01834	0.07697	0.27749	0.01355	0.02566	0.04070	0.02461	0.04061	0.01834	0.01377	0.04339	0.00892	0.00250	0.04207	0.00582	0.00446	0.00908
42	0.05562	0.04969	0.01785	0.01297	0.01897	0.05065	0.01065	0.02656	0.01849	0.25208	0.02092	0.02370	0.01594	0.00829	0.00676	0.00186	0.00673	0.04498	0.00639	0.35090
43	0.35454	0.01226	0.01258	0.04473	0.01651	0.01288	0.00918	0.02061	0.01708	0.07704	0.21679	0.03159	0.03098	0.01057	0.00684	0.00237	0.00557	0.03672	0.00630	0.07487
44	0.02783	0.02057	0.02205	0.01715	0.02287	0.02277	0.01398	0.58286	0.06557	0.04593	0.01961	0.02115	0.01465	0.05472	0.00977	0.00267	0.00835	0.00734	0.00757	0.01261
45	0.03929	0.46033	0.21467	0.01541	0.02289	0.02492	0.01694	0.02280	0.01600	0.02099	0.04195	0.01631	0.01311	0.00939	0.03432	0.00238	0.00940	0.00520	0.00361	0.01008
46	0.02896	0.03695	0.02197	0.01998	0.02397	0.69638	0.01498	0.03096	0.02197	0.01898	0.01199	0.01398	0.00999	0.00799	0.00699	0.00200	0.01398	0.00499	0.00400	0.00899
47	0.02047	0.02028	0.03180	0.04203	0.51943	0.06951	0.09076	0.06419	0.01923	0.02629	0.01476	0.01895	0.01211	0.00710	0.00779	0.00232	0.00994	0.00701	0.00411	0.01189
48	0.01964	0.01683	0.01773	0.01585	0.02030	0.01945	0.01236	0.06229	0.64347	0.03300	0.03111	0.02857	0.02331	0.01048	0.00788	0.00262	0.00622	0.00870	0.00788	0.01230
49	0.01249	0.00893	0.01100	0.01022	0.01256	0.00847	0.00775	0.01755	0.07946	0.05748	0.51126	0.05617	0.14573	0.01560	0.00898	0.00248	0.00404	0.01359	0.00835	0.00791
50	0.00937	0.00782	0.00791	0.00791	0.01028	0.00664	0.00577	0.01114	0.01705	0.02037	0.07325	0.07228	0.61257	0.08894	0.01213	0.00310	0.00428	0.01587	0.00696	0.00636
51	0.01622	0.01423	0.01795	0.01282	0.01977	0.01092	0.04972	0.01986	0.01622	0.02524	0.01390	0.01638	0.01150	0.00579	0.00596	0.00124	0.00621	0.00488	0.00455	0.72663
52	0.02896	0.03695	0.02197	0.01998	0.02397	0.69638	0.01498	0.03096	0.02197	0.01898	0.01199	0.01398	0.00999	0.00799	0.00699	0.00200	0.01398	0.00499	0.00400	0.00899

[dist]
# distance from previous block
# <min> <max>
0	1

[block]
# block no. 5 follows, 25 sequences, length 48
# corresponding to MSA columns:
# 191-238
name=unknown_F
#
# <colnr> <probs for GDERKNQSTAVLIFYWHMCP>
#	G	D	E	R	K	N	Q	S	T	A	V	L	I	F	Y	W	H	M	C	P
0	0.01327	0.00838	0.01104	0.01023	0.01239	0.00766	0.00772	0.01671	0.02150	0.09620	0.56803	0.09895	0.06626	0.01578	0.00906	0.00248	0.00401	0.01393	0.00855	0.00784
1	0.01113	0.00810	0.01143	0.01143	0.01246	0.00913	0.00841	0.01319	0.01216	0.01724	0.02171	0.03566	0.02164	0.22974	0.52828	0.01119	0.01737	0.00907	0.00429	0.00635
2	0.01741	0.02296	0.14182	0.11769	0.04110	0.01906	0.47434	0.02415	0.01764	0.02415	0.01517	0.02018	0.01128	0.00682	0.00870	0.00259	0.01247	0.00833	0.00376	0.01038
3	0.01629	0.01397	0.01617	0.01177	0.01849	0.01093	0.00939	0.02097	0.05926	0.02574	0.01496	0.01693	0.01229	0.00606	0.00589	0.00125	0.00577	0.00487	0.00481	0.72417
4	0.00957	0.00680	0.00896	0.01064	0.01106	0.00638	0.00703	0.01083	0.01461	0.01948	0.04152	0.67776	0.04975	0.07108	0.01186	0.00344	0.00470	0.02133	0.00703	0.00619
5	0.78228	0.01499	0.01140	0.01020	0.01499	0.01739	0.00840	0.02279	0.01320	0.03479	0.01080	0.01260	0.00840	0.00720	0.00480	0.00240	0.00600	0.00420	0.00480	0.00840
6	0.02148	0.06175	0.02380	0.07434	0.02519	0.01903	0.07883	0.28791	0.02551	0.03487	0.10683	0.02360	0.02049	0.00925	0.00829	0.00221	0.03527	0.00762	0.00619	0.12752
7	0.01445	0.00723	0.00723	0.00723	0.00903	0.00723	0.00542	0.01807	0.01626	0.02891	0.02529	0.02891	0.01987	0.00903	0.00542	0.00181	0.00361	0.00723	0.77055	0.00723
8	0.01608	0.01378	0.01608	0.01148	0.01837	0.01034	0.00919	0.01952	0.01608	0.02527	0.01378	0.01608	0.01148	0.00574	0.00574	0.00115	0.00574	0.00459	0.00459	0.77491
9	0.01445	0.00723	0.00723	0.00723	0.00903	0.00723	0.00542	0.01807	0.01626	0.02891	0.02529	0.02891	0.01987	0.00903	0.00542	0.00181	0.00361	0.00723	0.77055	0.00723
10	0.02073	0.73217	0.04063	0.01327	0.01990	0.03068	0.01327	0.02322	0.01575	0.01824	0.01078	0.01244	0.00995	0.00663	0.00498	0.00166	0.00829	0.00415	0.00332	0.00995
11	0.00961	0.00687	0.00914	0.01069	0.01128	0.00640	0.00721	0.01120	0.01559	0.02097	0.10867	0.65315	0.05356	0.02341	0.00982	0.00307	0.00441	0.02121	0.00734	0.00640
12	0.02048	0.01708	0.01816	0.01602	0.02056	0.01956	0.01263	0.12771	0.55007	0.03442	0.03008	0.02973	0.02299	0.01077	0.00798	0.00262	0.00652	0.03258	0.00784	0.01220
13	0.01750	0.01144	0.01372	0.01163	0.01455	0.01114	0.00853	0.08123	0.03800	0.10950	0.07799	0.05802	0.02558	0.26407	0.02062	0.04108	0.03708	0.00932	0.00601	0.14298
14	0.34733	0.01755	0.01990	0.25537	0.06285	0.09222	0.05714	0.02285	0.01551	0.02677	0.01246	0.01640	0.00965	0.00742	0.00649	0.00243	0.00900	0.00567	0.00414	0.00886
15	0.02254	0.01862	0.13530	0.01645	0.04574	0.01479	0.01455	0.09301	0.14575	0.22486	0.13411	0.03082	0.04752	0.01061	0.00800	0.00246	0.00709	0.00881	0.00750	0.01149
16	0.01445	0.00723	0.00723	0.00723	0.00903	0.00723	0.00542	0.01807	0.01626	0.02891	0.02529	0.02891	0.01987	0.00903	0.00542	0.00181	0.00361	0.00723	0.77055	0.00723
17	0.02073	0.73217	0.04063	0.01327	0.01990	0.03068	0.01327	0.02322	0.01575	0.01824	0.01078	0.01244	0.00995	0.00663	0.00498	0.00166	0.00829	0.00415	0.00332	0.00995
18	0.01207	0.00820	0.01019	0.00963	0.01185	0.00734	0.00724	0.01513	0.02048	0.07278	0.44548	0.10106	0.21574	0.01687	0.00910	0.00252	0.00398	0.01467	0.00820	0.00747
19	0.01418	0.01281	0.02137	0.61293	0.04754	0.01575	0.01954	0.01853	0.01512	0.01942	0.01594	0.07373	0.01362	0.01019	0.00931	0.05050	0.00967	0.00802	0.00372	0.00811
20	0.01445	0.00723	0.00723	0.00723	0.00903	0.00723	0.00542	0.01807	0.01626	0.02891	0.02529	0.02891	0.01987	0.00903	0.00542	0.00181	0.00361	0.00723	0.77055	0.00723
21	0.01445	0.00723	0.00723	0.00723	0.00903	0.00723	0.00542	0.01807	0.01626	0.02891	0.02529	0.02891	0.01987	0.00903	0.00542	0.00181	0.00361	0.00723	0.77055	0.00723
22	0.01445	0.00723	0.00723	0.00723	0.00903	0.00723	0.00542	0.01807	0.01626	0.02891	0.02529	0.02891	0.01987	0.00903	0.00542	0.00181	0.00361	0.00723	0.77055	0.00723
23	0.02073	0.73217	0.04063	0.01327	0.01990	0.03068	0.01327	0.02322	0.01575	0.01824	0.01078	0.01244	0.00995	0.00663	0.00498	0.00166	0.00829	0.00415	0.00332	0.00995
24	0.01848	0.02022	0.06509	0.03708	0.31066	0.01858	0.30811	0.02459	0.03607	0.02527	0.01550	0.01998	0.01222	0.00680	0.00825	0.00240	0.01081	0.00782	0.00400	0.04808
25	0.02027	0.67058	0.09819	0.01405	0.02112	0.02955	0.01464	0.02334	0.01581	0.01880	0.01106	0.01279	0.00994	0.00670	0.00519	0.00173	0.00857	0.00429	0.00331	0.01008
26	0.01445	0.00723	0.00723	0.00723	0.00903	0.00723	0.00542	0.01807	0.01626	0.02891	0.02529	0.02891	0.01987	0.00903	0.00542	0.00181	0.00361	0.00723	0.77055	0.00723
27	0.02740	0.02015	0.02170	0.01717	0.02295	0.02235	0.01401	0.48351	0.17976	0.07566	0.02216	0.02135	0.01588	0.00960	0.00779	0.00240	0.00789	0.00743	0.00788	0.01298
28	0.02038	0.01805	0.01978	0.05325	0.02280	0.08291	0.04364	0.17631	0.07987	0.03096	0.06234	0.02262	0.03630	0.00848	0.00715	0.00193	0.00769	0.00691	0.00584	0.29279
29	0.04688	0.11872	0.51469	0.01973	0.02979	0.01880	0.02425	0.02572	0.01679	0.09356	0.01518	0.01681	0.01077	0.00751	0.00703	0.00235	0.01037	0.00570	0.00400	0.01135
30	0.01852	0.29618	0.11585	0.01370	0.01918	0.01881	0.01326	0.02289	0.04620	0.10408	0.14185	0.10907	0.02838	0.01110	0.00714	0.00222	0.00711	0.00900	0.00572	0.00973
31	0.01022	0.00779	0.01133	0.04849	0.01459	0.00754	0.03609	0.01192	0.01481	0.01972	0.03888	0.61288	0.04595	0.06626	0.01158	0.00337	0.00537	0.02001	0.00670	0.00650
32	0.09735	0.01719	0.05107	0.10982	0.37275	0.01688	0.08328	0.02174	0.01606	0.02421	0.01405	0.01926	0.01166	0.00941	0.01024	0.09504	0.00917	0.00679	0.00383	0.01019
33	0.00944	0.00679	0.00896	0.01069	0.01122	0.00631	0.00715	0.01081	0.01495	0.01983	0.04404	0.69890	0.07399	0.02412	0.00987	0.00313	0.00448	0.02184	0.00720	0.00631
34	0.01126	0.00753	0.00854	0.00851	0.00859	0.00751	0.00481	0.01142	0.01174	0.01573	0.05246	0.05105	0.03013	0.69685	0.03816	0.00730	0.00735	0.01139	0.00486	0.00481
35	0.02397	0.01462	0.03970	0.06116	0.08285	0.01352	0.05824	0.08059	0.04299	0.29426	0.12846	0.07497	0.02752	0.01092	0.00822	0.00248	0.00721	0.00958	0.00756	0.01117
36	0.14054	0.01823	0.01902	0.01544	0.02047	0.02040	0.01246	0.39171	0.11505	0.04032	0.01970	0.02197	0.01526	0.05996	0.05217	0.00335	0.00851	0.00717	0.00690	0.01138
37	0.01743	0.04606	0.03382	0.12765	0.06515	0.02109	0.28056	0.02181	0.01550	0.02169	0.01322	0.01908	0.01095	0.00921	0.01444	0.00283	0.25862	0.00768	0.00364	0.00956
38	0.01445	0.00723	0.00723	0.00723	0.00903	0.00723	0.00542	0.01807	0.01626	0.02891	0.02529	0.02891	0.01987	0.00903	0.00542	0.00181	0.00361	0.00723	0.77055	0.00723
39	0.00999	0.00735	0.00938	0.01056	0.01110	0.00717	0.00708	0.01120	0.01441	0.01910	0.04156	0.53836	0.09695	0.13287	0.01503	0.00379	0.03196	0.01932	0.00666	0.00615
40	0.01642	0.01360	0.01648	0.01302	0.01844	0.01180	0.02975	0.08218	0.05827	0.02703	0.02129	0.14035	0.02033	0.01011	0.00706	0.00183	0.00611	0.02913	0.00562	0.47117
41	0.78228	0.01499	0.01140	0.01020	0.01499	0.01739	0.00840	0.02279	0.01320	0.03479	0.01080	0.01260	0.00840	0.00720	0.00480	0.00240	0.00600	0.00420	0.00480	0.00840
42	0.01540	0.01319	0.01573	0.04577	0.01937	0.01033	0.00954	0.01886	0.01642	0.02505	0.04892	0.02141	0.04949	0.00706	0.00619	0.00136	0.00577	0.00578	0.00486	0.65953
43	0.01126	0.00756	0.00868	0.00868	0.00875	0.00764	0.00497	0.01142	0.01134	0.01520	0.02423	0.04963	0.02771	0.69088	0.07544	0.00779	0.00824	0.01111	0.00467	0.00482
44	0.78228	0.01499	0.01140	0.01020	0.01499	0.01739	0.00840	0.02279	0.01320	0.03479	0.01080	0.01260	0.00840	0.00720	0.00480	0.00240	0.00600	0.00420	0.00480	0.00840
45	0.78228	0.01499	0.01140	0.01020	0.01499	0.01739	0.00840	0.02279	0.01320	0.03479	0.01080	0.01260	0.00840	0.00720	0.00480	0.00240	0.00600	0.00420	0.00480	0.00840
46	0.02116	0.02320	0.07814	0.02576	0.03254	0.08822	0.34996	0.16289	0.02226	0.02909	0.01865	0.02184	0.04364	0.00825	0.00914	0.00251	0.03889	0.00828	0.00487	0.01071
47	0.01115	0.00811	0.01052	0.03630	0.01278	0.00776	0.00756	0.01419	0.01961	0.02731	0.49563	0.05702	0.08555	0.13424	0.01419	0.00334	0.00469	0.03556	0.00760	0.00689

[dist]
# distance from previous block
# <min> <max>
0	1

[block]
# block no. 6 follows, 25 sequences, length 11
# corresponding to MSA columns:
# 240-250
name=unknown_G
#
# <colnr> <probs for GDERKNQSTAVLIFYWHMCP>
#	G	D	E	R	K	N	Q	S	T	A	V	L	I	F	Y	W	H	M	C	P
0	0.01561	0.01335	0.01601	0.05292	0.01997	0.01081	0.00990	0.01979	0.04376	0.02482	0.01681	0.07220	0.01505	0.00752	0.00628	0.00145	0.00593	0.00627	0.00487	0.63667
1	0.02215	0.05926	0.01634	0.01201	0.01650	0.01128	0.00965	0.02579	0.04038	0.29184	0.21529	0.05364	0.03471	0.04216	0.00915	0.00244	0.00570	0.00951	0.00786	0.11435
2	0.01717	0.01374	0.01600	0.01169	0.01804	0.01090	0.00925	0.05276	0.01704	0.05130	0.01543	0.01902	0.01303	0.05632	0.00827	0.00170	0.00604	0.00531	0.00496	0.65202
3	0.01926	0.52550	0.20121	0.01581	0.02333	0.02719	0.01728	0.02333	0.01572	0.01984	0.01153	0.01363	0.00993	0.00715	0.00654	0.00194	0.04257	0.00467	0.00331	0.01026
4	0.01159	0.00913	0.01448	0.01357	0.01531	0.01022	0.05397	0.01442	0.01278	0.01826	0.02068	0.03129	0.01950	0.10396	0.60040	0.01141	0.01925	0.00859	0.00418	0.00700
5	0.01830	0.09929	0.03824	0.02622	0.03247	0.01947	0.42885	0.02339	0.01766	0.05215	0.05244	0.05981	0.01721	0.00873	0.01001	0.00258	0.06945	0.00929	0.00448	0.00996
6	0.01445	0.00723	0.00723	0.00723	0.00903	0.00723	0.00542	0.01807	0.01626	0.02891	0.02529	0.02891	0.01987	0.00903	0.00542	0.00181	0.00361	0.00723	0.77055	0.00723
7	0.02799	0.01987	0.02202	0.05436	0.02457	0.02174	0.01436	0.53610	0.03319	0.09555	0.02253	0.02236	0.04935	0.00980	0.00784	0.00236	0.00823	0.00755	0.00764	0.01258
8	0.02199	0.01264	0.04030	0.01262	0.01684	0.01111	0.01046	0.09581	0.02347	0.27294	0.33888	0.04031	0.04414	0.01249	0.00843	0.00241	0.00559	0.01062	0.00864	0.01030
9	0.01790	0.02003	0.04226	0.08794	0.04010	0.01972	0.55190	0.02396	0.01759	0.02396	0.01512	0.02060	0.01153	0.00716	0.01024	0.00267	0.06453	0.00879	0.00384	0.01016
10	0.02649	0.01984	0.02212	0.07456	0.02549	0.02185	0.01462	0.53582	0.03257	0.04373	0.01944	0.06036	0.01513	0.00992	0.00780	0.00235	0.00833	0.00776	0.00723	0.04460

[dist]
# distance from previous block
# <min> <max>
0	1

[block]
# block no. 7 follows, 25 sequences, length 35
# corresponding to MSA columns:
# 252-286
name=unknown_H
#
# <colnr> <probs for GDERKNQSTAVLIFYWHMCP>
#	G	D	E	R	K	N	Q	S	T	A	V	L	I	F	Y	W	H	M	C	P
0	0.01698	0.08745	0.48269	0.05820	0.06106	0.04950	0.04636	0.02549	0.05639	0.02411	0.01476	0.01724	0.01089	0.00750	0.00730	0.00239	0.01091	0.00599	0.00365	0.01114
1	0.02832	0.03574	0.02259	0.02178	0.06689	0.65197	0.01556	0.03049	0.02169	0.01939	0.01216	0.01432	0.01014	0.00792	0.00704	0.00202	0.01367	0.00512	0.00398	0.00920
2	0.02793	0.07395	0.05753	0.01694	0.02308	0.06271	0.01453	0.36484	0.09652	0.15218	0.02083	0.02019	0.01472	0.00911	0.00751	0.00231	0.00841	0.00691	0.00730	0.01251
3	0.01696	0.01430	0.01655	0.01190	0.01875	0.01123	0.00955	0.06104	0.01741	0.02681	0.01410	0.01624	0.01160	0.00598	0.00587	0.00123	0.00592	0.00475	0.00480	0.72501
4	0.02121	0.69177	0.03955	0.01366	0.02014	0.06937	0.01337	0.02367	0.01612	0.01828	0.01085	0.01253	0.00995	0.00671	0.00509	0.00168	0.00862	0.00420	0.00336	0.00989
5	0.01347	0.00673	0.01010	0.01010	0.01010	0.00673	0.00673	0.01010	0.01010	0.01347	0.01347	0.02357	0.01347	0.02694	0.03030	0.77441	0.00673	0.00673	0.00337	0.00337
6	0.01128	0.00752	0.00846	0.00846	0.00846	0.00752	0.00470	0.01128	0.01128	0.01503	0.02443	0.05074	0.02819	0.72751	0.03946	0.00752	0.00752	0.01128	0.00470	0.00470
7	0.01606	0.01481	0.04225	0.01190	0.01897	0.01063	0.00995	0.01972	0.01609	0.02524	0.01379	0.01609	0.01142	0.00581	0.00581	0.00120	0.00597	0.00464	0.00454	0.74514
8	0.01128	0.00752	0.00846	0.00846	0.00846	0.00752	0.00470	0.01128	0.01128	0.01503	0.02443	0.05074	0.02819	0.72751	0.03946	0.00752	0.00752	0.01128	0.00470	0.00470
9	0.00951	0.00680	0.00906	0.01075	0.01126	0.00634	0.00720	0.01097	0.01516	0.02029	0.07066	0.69310	0.05225	0.02392	0.00986	0.00312	0.00446	0.02169	0.00726	0.00634
10	0.01445	0.00723	0.00723	0.00723	0.00903	0.00723	0.00542	0.01807	0.01626	0.02891	0.02529	0.02891	0.01987	0.00903	0.00542	0.00181	0.00361	0.00723	0.77055	0.00723
11	0.01097	0.00793	0.01036	0.00975	0.01158	0.00732	0.00732	0.01463	0.02195	0.03109	0.67505	0.05792	0.07316	0.01585	0.00914	0.00244	0.00366	0.01402	0.00854	0.00732
12	0.02248	0.02305	0.01803	0.01613	0.01999	0.27972	0.01241	0.06888	0.20570	0.04976	0.02872	0.02845	0.11006	0.01079	0.00829	0.00235	0.03683	0.00810	0.04037	0.00990
13	0.02947	0.02172	0.02327	0.01784	0.02404	0.02404	0.01474	0.65329	0.03646	0.04887	0.01862	0.01862	0.01319	0.00931	0.00776	0.00233	0.00853	0.00698	0.00776	0.01319
14	0.01631	0.01381	0.01608	0.01168	0.01832	0.01067	0.00931	0.04160	0.01675	0.02590	0.01500	0.04174	0.01299	0.00654	0.00596	0.00126	0.00580	0.00531	0.00480	0.72018
15	0.01759	0.01419	0.01619	0.01225	0.01825	0.01219	0.00974	0.10815	0.04541	0.02875	0.01757	0.05879	0.01505	0.00771	0.00633	0.00153	0.00594	0.00627	0.05224	0.54584
16	0.01692	0.12680	0.54904	0.02023	0.03045	0.01903	0.02519	0.02458	0.01641	0.05311	0.01451	0.01684	0.01061	0.00926	0.03264	0.00272	0.01118	0.00571	0.00360	0.01117
17	0.02896	0.03695	0.02197	0.01998	0.02397	0.69638	0.01498	0.03096	0.02197	0.01898	0.01199	0.01398	0.00999	0.00799	0.00699	0.00200	0.01398	0.00499	0.00400	0.00899
18	0.02909	0.03332	0.02228	0.01947	0.02399	0.53598	0.01492	0.17943	0.02543	0.02611	0.01357	0.01509	0.01075	0.00830	0.00717	0.00208	0.01268	0.00547	0.00489	0.00999
19	0.01608	0.01378	0.01608	0.01148	0.01837	0.01034	0.00919	0.01952	0.01608	0.02527	0.01378	0.01608	0.01148	0.00574	0.00574	0.00115	0.00574	0.00459	0.00459	0.77491
20	0.01221	0.00962	0.01183	0.01155	0.01238	0.03684	0.00824	0.01373	0.01231	0.01684	0.02133	0.03747	0.02214	0.33228	0.35670	0.00946	0.05523	0.00932	0.00433	0.00617
21	0.00945	0.00675	0.00900	0.01080	0.01125	0.00630	0.00720	0.01080	0.01484	0.01979	0.04274	0.72245	0.05128	0.02429	0.00990	0.00315	0.00450	0.02204	0.00720	0.00630
22	0.78228	0.01499	0.01140	0.01020	0.01499	0.01739	0.00840	0.02279	0.01320	0.03479	0.01080	0.01260	0.00840	0.00720	0.00480	0.00240	0.00600	0.00420	0.00480	0.00840
23	0.00995	0.00727	0.00971	0.01108	0.01154	0.00723	0.00753	0.01131	0.01433	0.01929	0.03882	0.60366	0.04607	0.07683	0.05758	0.00408	0.03093	0.01982	0.00668	0.00630
24	0.01128	0.00752	0.00846	0.00846	0.00846	0.00752	0.00470	0.01128	0.01128	0.01503	0.02443	0.05074	0.02819	0.72751	0.03946	0.00752	0.00752	0.01128	0.00470	0.00470
25	0.01109	0.00826	0.01222	0.01222	0.01352	0.00956	0.00939	0.01369	0.01239	0.01782	0.02099	0.03170	0.01992	0.09915	0.65652	0.01216	0.01996	0.00849	0.00419	0.00679
26	0.01847	0.04586	0.08094	0.02784	0.05602	0.07111	0.37818	0.02355	0.01704	0.02286	0.01506	0.04443	0.01260	0.00865	0.01169	0.00268	0.14081	0.00839	0.00388	0.00995
