[name]
unknown

[dist]
# distance from previous block
# <min> <max>
19	70

[block]
# block no. 0 follows, 21 sequences, length 41
# corresponding to MSA columns:
# 71-111
name=unknown_A
#
# <colnr> <probs for GDERKNQSTAVLIFYWHMCP>
#	G	D	E	R	K	N	Q	S	T	A	V	L	I	F	Y	W	H	M	C	P
0	0.02164	0.01290	0.03876	0.01361	0.01789	0.01107	0.01117	0.02687	0.06726	0.23268	0.25709	0.10104	0.04681	0.01488	0.00933	0.00273	0.00600	0.04484	0.00902	0.05440
1	0.31842	0.13266	0.02248	0.01476	0.02064	0.02304	0.01250	0.22652	0.02384	0.06580	0.01586	0.01737	0.01211	0.00991	0.00811	0.04455	0.00802	0.00596	0.00624	0.01120
2	0.01858	0.01572	0.01941	0.04306	0.02279	0.01319	0.03341	0.07854	0.01977	0.02953	0.01790	0.06499	0.01575	0.00821	0.00706	0.00166	0.00702	0.00691	0.00549	0.57102
3	0.01959	0.01041	0.01390	0.01226	0.01557	0.00941	0.00964	0.02339	0.02390	0.21021	0.43445	0.05561	0.06158	0.01580	0.00972	0.00274	0.00516	0.04719	0.00961	0.00986
4	0.62969	0.01842	0.05328	0.01386	0.01985	0.01896	0.05253	0.02612	0.01557	0.06800	0.01352	0.01546	0.01016	0.00799	0.00593	0.00265	0.00750	0.00528	0.00537	0.00984
5	0.03269	0.01864	0.08009	0.01805	0.05226	0.01529	0.01514	0.11972	0.02544	0.42958	0.05114	0.02714	0.02065	0.01019	0.00845	0.00256	0.00801	0.00827	0.00902	0.04769
6	0.01626	0.01529	0.02716	0.06910	0.02841	0.01559	0.21960	0.06034	0.01903	0.02573	0.02989	0.31828	0.03186	0.01664	0.01156	0.00317	0.06092	0.01573	0.00609	0.00937
7	0.01862	0.01862	0.02607	0.02234	0.02234	0.02607	0.01862	0.02048	0.01303	0.02048	0.01117	0.01862	0.01117	0.01489	0.02793	0.00372	0.68535	0.00745	0.00372	0.00931
8	0.01765	0.01513	0.01765	0.01260	0.02017	0.01134	0.01008	0.02143	0.01765	0.02773	0.01513	0.01765	0.01260	0.00630	0.00630	0.00126	0.00630	0.00504	0.00504	0.75295
9	0.01204	0.00870	0.01138	0.01071	0.01271	0.00803	0.00803	0.01606	0.02409	0.03413	0.64335	0.06357	0.08030	0.01740	0.01004	0.00268	0.00401	0.01539	0.00937	0.00803
10	0.02021	0.02324	0.07284	0.07332	0.04321	0.02171	0.50152	0.05392	0.02042	0.02783	0.01689	0.02242	0.01272	0.00777	0.01058	0.00288	0.04316	0.00951	0.00441	0.01145
11	0.33546	0.01454	0.01563	0.01291	0.01834	0.01466	0.01055	0.03127	0.02021	0.31587	0.10502	0.02723	0.02395	0.01034	0.00738	0.00264	0.00654	0.00782	0.00819	0.01144
12	0.01228	0.01039	0.01736	0.05331	0.02020	0.00998	0.10857	0.01493	0.01696	0.02263	0.04026	0.54745	0.04666	0.02245	0.01060	0.00333	0.00684	0.02094	0.00708	0.00780
13	0.01096	0.00835	0.01233	0.01331	0.01430	0.00780	0.04503	0.01279	0.01652	0.02206	0.04509	0.65438	0.05364	0.02547	0.01081	0.00342	0.00551	0.02333	0.00768	0.00719
14	0.01707	0.04402	0.65683	0.02426	0.03683	0.01976	0.03144	0.02695	0.01797	0.02695	0.01527	0.01797	0.01078	0.00809	0.00809	0.00270	0.01258	0.00629	0.00359	0.01258
15	0.01884	0.01780	0.02621	0.42008	0.11786	0.05717	0.04994	0.05021	0.06683	0.02565	0.01767	0.02320	0.01351	0.00874	0.00839	0.00271	0.01072	0.00775	0.04625	0.01048
16	0.01380	0.00945	0.01072	0.01021	0.01095	0.00955	0.00631	0.05732	0.01580	0.02133	0.10020	0.05405	0.03564	0.56841	0.03678	0.00717	0.00782	0.01239	0.00591	0.00618
17	0.11403	0.06894	0.39772	0.02486	0.03527	0.02080	0.16769	0.02670	0.01799	0.02812	0.01512	0.01841	0.01110	0.00780	0.00806	0.00268	0.01205	0.00688	0.00398	0.01180
18	0.03119	0.01349	0.01787	0.01433	0.01977	0.01216	0.01159	0.03616	0.06888	0.47227	0.16764	0.03677	0.03444	0.01212	0.00889	0.00266	0.00650	0.01014	0.01014	0.01299
19	0.70613	0.01589	0.01242	0.01116	0.01618	0.01828	0.00913	0.02436	0.01519	0.03788	0.05815	0.01747	0.01443	0.00860	0.00562	0.00264	0.00639	0.00540	0.00557	0.00913
20	0.01734	0.01514	0.01937	0.17274	0.02924	0.01401	0.01359	0.02364	0.08314	0.02689	0.01855	0.04898	0.01558	0.00825	0.00727	0.00190	0.00750	0.00694	0.00525	0.46467
21	0.76103	0.01646	0.01251	0.01119	0.01646	0.01909	0.00922	0.02502	0.01448	0.03818	0.01185	0.01382	0.00922	0.00790	0.00527	0.00263	0.00658	0.00461	0.00527	0.00922
22	0.01586	0.00793	0.00793	0.00793	0.00991	0.00793	0.00595	0.01983	0.01785	0.03173	0.02776	0.03173	0.02181	0.00991	0.00595	0.00198	0.00397	0.00793	0.74817	0.00793
23	0.03778	0.01513	0.02015	0.01545	0.02205	0.01346	0.01276	0.08126	0.02544	0.61242	0.03267	0.02838	0.02061	0.01051	0.00855	0.00263	0.00739	0.00850	0.01039	0.01448
24	0.03789	0.01496	0.02004	0.01537	0.02196	0.01321	0.01269	0.07080	0.02515	0.62328	0.03291	0.02853	0.02073	0.01052	0.00856	0.00263	0.00735	0.00851	0.01043	0.01448
25	0.01673	0.01505	0.02465	0.60953	0.05425	0.01855	0.02230	0.04835	0.01770	0.02277	0.01535	0.02278	0.01170	0.00987	0.01002	0.04852	0.01101	0.00756	0.00399	0.00933
26	0.05498	0.04087	0.57358	0.02456	0.03644	0.01988	0.07919	0.02688	0.01797	0.02754	0.01526	0.01817	0.01088	0.00800	0.00811	0.00271	0.01242	0.00652	0.00374	0.01232
27	0.15763	0.02126	0.02905	0.12638	0.03359	0.05511	0.15995	0.18875	0.02360	0.03466	0.01601	0.01976	0.01216	0.00918	0.01011	0.00278	0.07569	0.00753	0.00550	0.01128
28	0.72599	0.01681	0.01313	0.01159	0.01694	0.01944	0.00955	0.05361	0.01571	0.03892	0.01226	0.01414	0.00947	0.00801	0.00542	0.00263	0.00672	0.00476	0.00542	0.00947
29	0.03007	0.06129	0.07805	0.02136	0.07093	0.26040	0.01684	0.08560	0.02395	0.19116	0.01962	0.02009	0.01420	0.00897	0.00787	0.00233	0.01115	0.00663	0.00629	0.06319
30	0.02180	0.02162	0.03382	0.05015	0.60505	0.06473	0.02545	0.02666	0.01970	0.02732	0.01581	0.02067	0.01331	0.00766	0.00837	0.00250	0.01047	0.00744	0.00422	0.01323
31	0.01707	0.04402	0.65683	0.02426	0.03683	0.01976	0.03144	0.02695	0.01797	0.02695	0.01527	0.01797	0.01078	0.00809	0.00809	0.00270	0.01258	0.00629	0.00359	0.01258
32	0.02162	0.01851	0.01950	0.01741	0.02230	0.02138	0.01358	0.06850	0.60844	0.03633	0.03406	0.03129	0.02551	0.01149	0.00865	0.00287	0.00684	0.00954	0.00865	0.01351
33	0.01862	0.01862	0.02607	0.02234	0.02234	0.02607	0.01862	0.02048	0.01303	0.02048	0.01117	0.01862	0.01117	0.01489	0.02793	0.00372	0.68535	0.00745	0.00372	0.00931
34	0.01358	0.00904	0.01187	0.01097	0.01324	0.00829	0.00829	0.01755	0.02410	0.07058	0.60748	0.06153	0.07681	0.01699	0.00995	0.00267	0.00420	0.01499	0.00944	0.00841
35	0.01051	0.00864	0.00925	0.00910	0.01177	0.00738	0.00682	0.01309	0.02047	0.02553	0.21343	0.07771	0.51557	0.02060	0.01005	0.00283	0.00424	0.01737	0.00824	0.00738
36	0.06496	0.01640	0.02061	0.01586	0.02244	0.01550	0.01310	0.15482	0.02706	0.51161	0.03014	0.02670	0.01931	0.01037	0.00842	0.00262	0.00763	0.00823	0.00993	0.01428
37	0.01264	0.00912	0.01167	0.01164	0.01338	0.00871	0.00846	0.04996	0.02223	0.03083	0.39328	0.28721	0.06784	0.02029	0.01024	0.00295	0.00466	0.01809	0.00879	0.00801
38	0.52621	0.02066	0.10235	0.03884	0.02383	0.01915	0.07786	0.02612	0.01606	0.06185	0.01394	0.01632	0.01041	0.00798	0.00641	0.00267	0.00840	0.00569	0.00512	0.01014
39	0.15169	0.01643	0.02369	0.46571	0.08122	0.01968	0.02051	0.07614	0.01875	0.02790	0.01506	0.02080	0.01136	0.00850	0.00792	0.00276	0.01024	0.00704	0.00450	0.01009
40	0.14858	0.01381	0.01702	0.01362	0.01922	0.01272	0.01109	0.03348	0.02243	0.41854	0.13671	0.03214	0.02923	0.01114	0.00819	0.00258	0.00653	0.00897	0.00924	0.04476

[dist]
# distance from previous block
# <min> <max>
0	9

[block]
# block no. 1 follows, 21 sequences, length 9
# corresponding to MSA columns:
# 121-129
name=unknown_B
#
# <colnr> <probs for GDERKNQSTAVLIFYWHMCP>
#	G	D	E	R	K	N	Q	S	T	A	V	L	I	F	Y	W	H	M	C	P
0	0.02216	0.01765	0.01953	0.04492	0.02357	0.02004	0.01402	0.07832	0.48703	0.07346	0.03362	0.03518	0.02602	0.01215	0.00886	0.00292	0.00721	0.05182	0.00850	0.01302
1	0.01190	0.00869	0.01117	0.01055	0.01262	0.00797	0.00792	0.01578	0.02375	0.03331	0.60250	0.06491	0.12166	0.01770	0.01004	0.00269	0.00404	0.01558	0.00926	0.00797
2	0.01093	0.00784	0.00997	0.01106	0.01192	0.00732	0.00744	0.01271	0.01736	0.02330	0.15404	0.44868	0.09799	0.11988	0.01524	0.00395	0.00520	0.02051	0.00778	0.00688
3	0.01061	0.00758	0.01016	0.01213	0.01273	0.00712	0.00833	0.01227	0.01653	0.02200	0.04677	0.65142	0.05575	0.02643	0.01093	0.00349	0.00515	0.06572	0.00790	0.00698
4	0.01980	0.01869	0.03100	0.25774	0.34238	0.02018	0.06032	0.05023	0.06430	0.02736	0.01733	0.02248	0.01368	0.00826	0.00857	0.00268	0.01051	0.00788	0.00457	0.01205
5	0.01713	0.01445	0.01683	0.01228	0.01910	0.01104	0.00960	0.02054	0.01713	0.02663	0.01627	0.02138	0.01440	0.07450	0.00994	0.00195	0.00649	0.00576	0.00505	0.67953
6	0.01424	0.01030	0.01263	0.01321	0.01482	0.01034	0.00936	0.11888	0.02047	0.02735	0.04224	0.57647	0.04892	0.02376	0.01045	0.00330	0.00572	0.02128	0.00801	0.00824
7	0.02920	0.02366	0.02395	0.01918	0.02463	0.08710	0.01547	0.44095	0.06803	0.04425	0.02025	0.02289	0.01567	0.05863	0.01238	0.00303	0.06243	0.00787	0.00751	0.01292
8	0.01444	0.01202	0.01445	0.06150	0.01894	0.03377	0.01036	0.03604	0.01748	0.02396	0.03280	0.28538	0.06679	0.04498	0.09096	0.00414	0.00855	0.01416	0.00624	0.20304

[dist]
# distance from previous block
# <min> <max>
1	5

[block]
# block no. 2 follows, 21 sequences, length 44
# corresponding to MSA columns:
# 135-178
name=unknown_C
#
# <colnr> <probs for GDERKNQSTAVLIFYWHMCP>
#	G	D	E	R	K	N	Q	S	T	A	V	L	I	F	Y	W	H	M	C	P
0	0.01875	0.01368	0.01634	0.01253	0.01850	0.01115	0.00994	0.04709	0.02076	0.09436	0.15523	0.03242	0.06444	0.01015	0.00764	0.00185	0.00593	0.00847	0.00684	0.44393
1	0.01755	0.01401	0.01663	0.04954	0.05499	0.05406	0.01213	0.09982	0.02061	0.05345	0.06964	0.34047	0.03857	0.05890	0.01295	0.00339	0.05109	0.01600	0.00711	0.00908
2	0.01627	0.01551	0.02675	0.64859	0.05791	0.01904	0.05298	0.02202	0.01717	0.02202	0.01523	0.02270	0.01142	0.00844	0.00858	0.00284	0.01149	0.00769	0.00381	0.00955
3	0.02147	0.01559	0.01998	0.01711	0.05315	0.01454	0.04051	0.08500	0.10709	0.11817	0.10925	0.07079	0.02791	0.01091	0.00824	0.00228	0.00697	0.00941	0.00734	0.25431
4	0.01112	0.00838	0.01029	0.01040	0.01230	0.00754	0.00758	0.01405	0.02103	0.02827	0.35583	0.21352	0.22730	0.02065	0.01023	0.00291	0.00431	0.01811	0.00863	0.00754
5	0.01476	0.01352	0.01749	0.01598	0.01743	0.01653	0.01286	0.01821	0.05288	0.02242	0.04127	0.08661	0.22014	0.02205	0.07319	0.00423	0.29925	0.03677	0.00587	0.00852
6	0.01037	0.00741	0.00987	0.01185	0.01234	0.00691	0.00790	0.01185	0.01629	0.02172	0.04690	0.69537	0.05629	0.02666	0.01086	0.00346	0.00494	0.02419	0.00790	0.00691
7	0.01168	0.00842	0.01105	0.01096	0.01263	0.00779	0.00800	0.01514	0.02239	0.03142	0.51335	0.20127	0.07506	0.01942	0.01022	0.00285	0.00422	0.01731	0.00905	0.00779
8	0.01037	0.00741	0.00987	0.01185	0.01234	0.00691	0.00790	0.01185	0.01629	0.02172	0.04690	0.69537	0.05629	0.02666	0.01086	0.00346	0.00494	0.02419	0.00790	0.00691
9	0.03015	0.02311	0.02349	0.01844	0.02460	0.06440	0.01506	0.51432	0.03658	0.04865	0.02377	0.02393	0.04659	0.01068	0.00838	0.00251	0.00914	0.00806	0.05474	0.01340
10	0.03235	0.02384	0.02554	0.01958	0.02639	0.02639	0.01618	0.61946	0.04001	0.05363	0.02043	0.02043	0.01447	0.01022	0.00851	0.00255	0.00936	0.00766	0.00851	0.01447
11	0.02044	0.02057	0.03810	0.04144	0.34736	0.02005	0.24475	0.05352	0.02062	0.02847	0.02174	0.02613	0.05889	0.00856	0.00915	0.00268	0.01124	0.00925	0.00472	0.01232
12	0.01639	0.01575	0.02541	0.06382	0.05595	0.01861	0.11619	0.01947	0.01601	0.02281	0.05317	0.16979	0.02583	0.05087	0.01895	0.00359	0.28101	0.01216	0.00511	0.00909
13	0.02446	0.01664	0.04935	0.01513	0.02266	0.01262	0.04221	0.02853	0.01998	0.23254	0.02127	0.02163	0.01531	0.00781	0.00731	0.00186	0.00730	0.00650	0.00674	0.44015
14	0.01191	0.00882	0.01119	0.01097	0.01313	0.00811	0.00848	0.01559	0.02269	0.03107	0.46952	0.07091	0.17513	0.01890	0.01026	0.00287	0.00455	0.08912	0.00892	0.00786
15	0.02450	0.02182	0.02439	0.17367	0.03254	0.09077	0.01784	0.22977	0.13062	0.03466	0.01947	0.02209	0.01485	0.01060	0.01139	0.00282	0.11234	0.00771	0.00628	0.01187
16	0.01478	0.00739	0.01109	0.01109	0.01109	0.00739	0.00739	0.01109	0.01109	0.01478	0.01478	0.02587	0.01478	0.02956	0.03326	0.75240	0.00739	0.00739	0.00370	0.00370
17	0.01582	0.01025	0.01342	0.04624	0.01582	0.01053	0.00935	0.08744	0.01948	0.02685	0.21308	0.07195	0.03803	0.05619	0.02028	0.28989	0.00660	0.01103	0.03072	0.00702
18	0.01037	0.00741	0.00987	0.01185	0.01234	0.00691	0.00790	0.01185	0.01629	0.02172	0.04690	0.69537	0.05629	0.02666	0.01086	0.00346	0.00494	0.02419	0.00790	0.00691
19	0.01762	0.04056	0.56356	0.02764	0.09810	0.01990	0.06110	0.02688	0.01822	0.02705	0.01545	0.01853	0.01116	0.00799	0.00822	0.00269	0.01242	0.00661	0.00369	0.01261
20	0.15142	0.02130	0.02040	0.01665	0.02257	0.12938	0.01341	0.14732	0.06381	0.29306	0.02413	0.02274	0.01647	0.00981	0.00787	0.00256	0.00890	0.00729	0.00813	0.01277
21	0.01797	0.14926	0.55950	0.02271	0.03445	0.02197	0.02876	0.02672	0.01786	0.02585	0.01472	0.01728	0.01080	0.00796	0.00767	0.00256	0.01202	0.00601	0.00360	0.01231
22	0.25672	0.01649	0.02448	0.28151	0.07415	0.01857	0.10819	0.02318	0.01675	0.02824	0.01673	0.06837	0.01427	0.00937	0.00786	0.00280	0.00973	0.00819	0.00466	0.00974
23	0.01037	0.00741	0.00987	0.01185	0.01234	0.00691	0.00790	0.01185	0.01629	0.02172	0.04690	0.69537	0.05629	0.02666	0.01086	0.00346	0.00494	0.02419	0.00790	0.00691
24	0.01942	0.01618	0.01860	0.01345	0.02092	0.01316	0.01082	0.09355	0.02034	0.03085	0.01577	0.01798	0.01283	0.00677	0.00657	0.00142	0.00667	0.00536	0.00546	0.66389
25	0.06629	0.02153	0.11574	0.01658	0.02404	0.01726	0.01528	0.14979	0.02254	0.09149	0.01754	0.01917	0.01322	0.00842	0.00854	0.00211	0.05070	0.00623	0.00599	0.32752
26	0.10924	0.12401	0.02552	0.01922	0.02405	0.36401	0.01538	0.10509	0.02333	0.02697	0.01490	0.01898	0.01273	0.00960	0.00857	0.00239	0.05184	0.02877	0.00500	0.01041
27	0.01050	0.00763	0.00967	0.01124	0.01198	0.00706	0.00749	0.01194	0.01633	0.02142	0.04991	0.56606	0.12502	0.08436	0.01357	0.00380	0.00515	0.02242	0.00766	0.00679
28	0.05190	0.01915	0.01983	0.04614	0.02294	0.09425	0.01292	0.07461	0.05618	0.02934	0.05374	0.02137	0.01707	0.00897	0.00933	0.00205	0.07856	0.00656	0.00554	0.36954
29	0.01182	0.00869	0.01106	0.01047	0.01257	0.00793	0.00785	0.01562	0.02355	0.03284	0.57910	0.06568	0.14535	0.01788	0.01004	0.00270	0.00405	0.01569	0.00920	0.00793
30	0.01272	0.01087	0.04286	0.01364	0.01568	0.00937	0.02994	0.03796	0.01786	0.02356	0.04481	0.37942	0.11205	0.05727	0.01345	0.04223	0.00649	0.11502	0.00724	0.00756
31	0.01195	0.00869	0.01124	0.01060	0.01265	0.00799	0.00795	0.01587	0.02385	0.03357	0.61549	0.06449	0.10851	0.01761	0.01004	0.00269	0.00403	0.01552	0.00929	0.00799
32	0.02014	0.02281	0.04941	0.03671	0.07548	0.02145	0.58657	0.02720	0.02005	0.02729	0.01715	0.02286	0.01294	0.00719	0.00996	0.00285	0.01413	0.00992	0.00430	0.01158
33	0.01369	0.00905	0.01195	0.01135	0.01355	0.00835	0.00864	0.01750	0.02339	0.07173	0.53470	0.09981	0.07331	0.01787	0.01010	0.00279	0.00450	0.05008	0.00926	0.00836
34	0.03015	0.02230	0.02401	0.01848	0.02492	0.02428	0.01509	0.54270	0.03683	0.04963	0.02049	0.02246	0.01538	0.05326	0.01055	0.00283	0.00910	0.00779	0.00808	0.06168
35	0.06227	0.01659	0.01963	0.03720	0.02256	0.01626	0.01274	0.18771	0.04999	0.22821	0.06110	0.06769	0.02269	0.01093	0.00821	0.00243	0.00739	0.00887	0.00820	0.14933
36	0.02810	0.03452	0.02503	0.02204	0.02580	0.49990	0.05135	0.03040	0.02163	0.02090	0.01394	0.01868	0.01231	0.05118	0.01278	0.00281	0.10827	0.00644	0.00433	0.00960
37	0.03265	0.02336	0.02525	0.01936	0.02615	0.02569	0.01599	0.59021	0.03922	0.08400	0.02110	0.02086	0.01481	0.01023	0.00852	0.00256	0.00926	0.00771	0.00862	0.01447
38	0.02677	0.06241	0.02387	0.01827	0.02421	0.02449	0.01487	0.32687	0.30364	0.04354	0.02627	0.02509	0.01940	0.01063	0.00839	0.00266	0.00817	0.00835	0.00829	0.01381
39	0.01509	0.00931	0.01229	0.01132	0.01378	0.00850	0.00856	0.01885	0.02362	0.10805	0.53120	0.10029	0.07160	0.01717	0.00991	0.00272	0.00446	0.01514	0.00941	0.00874
40	0.01927	0.02866	0.21449	0.03272	0.04241	0.02104	0.45837	0.02718	0.01951	0.02718	0.01669	0.02160	0.01234	0.00742	0.00951	0.00282	0.01387	0.00903	0.00411	0.01178
41	0.02851	0.02151	0.02396	0.02033	0.06458	0.02338	0.01541	0.46503	0.07086	0.04642	0.02128	0.02403	0.01642	0.06898	0.01138	0.00300	0.00901	0.00805	0.00778	0.05007
42	0.13288	0.02030	0.04809	0.14232	0.03150	0.05826	0.09667	0.16247	0.02218	0.03209	0.01781	0.04437	0.01489	0.04810	0.04392	0.00360	0.05635	0.00817	0.00545	0.01060
43	0.10396	0.04827	0.02301	0.08955	0.02735	0.08059	0.01528	0.24453	0.12000	0.13022	0.02207	0.02225	0.01585	0.00979	0.00801	0.00259	0.00912	0.00745	0.00742	0.01268

[dist]
# distance from previous block
# <min> <max>
0	1

[block]
# block no. 3 follows, 21 sequences, length 63
# corresponding to MSA columns:
# 180-242
name=unknown_D
#
# <colnr> <probs for GDERKNQSTAVLIFYWHMCP>
#	G	D	E	R	K	N	Q	S	T	A	V	L	I	F	Y	W	H	M	C	P
0	0.02334	0.01978	0.06444	0.20683	0.03368	0.04678	0.01760	0.14786	0.05986	0.11582	0.02412	0.02607	0.05434	0.01022	0.00929	0.00261	0.04195	0.00808	0.00634	0.08096
1	0.01580	0.00919	0.01208	0.01180	0.01406	0.00832	0.00866	0.01860	0.02083	0.13590	0.27367	0.30428	0.09335	0.02005	0.01010	0.00298	0.00495	0.01778	0.00891	0.00866
2	0.01767	0.01735	0.02993	0.24029	0.03876	0.02017	0.17545	0.02334	0.04649	0.02412	0.01814	0.06031	0.01553	0.01098	0.01371	0.00305	0.17811	0.00923	0.04745	0.00991
3	0.01319	0.00890	0.01169	0.01099	0.01312	0.00818	0.00824	0.01702	0.02364	0.06303	0.57854	0.09966	0.07603	0.01762	0.01002	0.00272	0.00422	0.01559	0.00934	0.00827
4	0.01876	0.02163	0.08802	0.15949	0.07449	0.02196	0.22402	0.02524	0.05040	0.02482	0.01590	0.02169	0.01270	0.00982	0.01413	0.00306	0.19045	0.00838	0.00422	0.01082
5	0.02246	0.01909	0.02608	0.02039	0.02668	0.01964	0.13740	0.13350	0.25813	0.05800	0.05469	0.02723	0.02166	0.00984	0.00861	0.00255	0.00857	0.00889	0.00727	0.12933
6	0.01178	0.00874	0.01105	0.01095	0.01303	0.00801	0.00838	0.01530	0.02228	0.03041	0.44001	0.10592	0.17869	0.01937	0.01028	0.00290	0.00455	0.08171	0.00884	0.00779
7	0.01877	0.01738	0.02428	0.08361	0.05654	0.01869	0.05041	0.04767	0.01723	0.02582	0.01419	0.01905	0.01214	0.00969	0.01421	0.00245	0.23603	0.00662	0.00455	0.32067
8	0.02701	0.02032	0.02338	0.01872	0.02426	0.02219	0.04318	0.42811	0.08987	0.04456	0.02457	0.10558	0.02067	0.01331	0.01027	0.04462	0.00870	0.00999	0.00798	0.01270
9	0.01037	0.00741	0.00987	0.01185	0.01234	0.00691	0.00790	0.01185	0.01629	0.02172	0.04690	0.69537	0.05629	0.02666	0.01086	0.00346	0.00494	0.02419	0.00790	0.00691
10	0.01765	0.01513	0.01765	0.01260	0.02017	0.01134	0.01008	0.02143	0.01765	0.02773	0.01513	0.01765	0.01260	0.00630	0.00630	0.00126	0.00630	0.00504	0.00504	0.75295
11	0.01564	0.01056	0.01285	0.04720	0.01488	0.01083	0.00816	0.08066	0.01572	0.02118	0.02210	0.04111	0.02337	0.39625	0.03317	0.17351	0.00824	0.01005	0.00512	0.04937
12	0.05247	0.01595	0.02612	0.54456	0.05188	0.01984	0.05041	0.02202	0.01660	0.02266	0.01463	0.02182	0.01130	0.00913	0.01058	0.00293	0.08620	0.00752	0.00387	0.00952
13	0.01848	0.01391	0.01668	0.01273	0.01914	0.01079	0.00998	0.02187	0.01807	0.08534	0.02160	0.12002	0.01993	0.00974	0.00719	0.00172	0.00619	0.00823	0.00598	0.57240
14	0.01653	0.01529	0.02476	0.48397	0.08402	0.01905	0.02147	0.02091	0.01608	0.02136	0.01508	0.02357	0.01246	0.04046	0.01408	0.03839	0.11171	0.00775	0.00385	0.00922
15	0.03184	0.01412	0.01885	0.04622	0.02224	0.01307	0.01252	0.06159	0.05358	0.46910	0.10097	0.06360	0.02883	0.01200	0.00883	0.00270	0.00703	0.01002	0.00978	0.01312
16	0.01037	0.00741	0.00987	0.01185	0.01234	0.00691	0.00790	0.01185	0.01629	0.02172	0.04690	0.69537	0.05629	0.02666	0.01086	0.00346	0.00494	0.02419	0.00790	0.00691
17	0.01473	0.01326	0.01846	0.01735	0.01770	0.01699	0.01361	0.01657	0.01437	0.02089	0.02632	0.28415	0.02982	0.02456	0.08761	0.00465	0.35117	0.01415	0.00544	0.00820
18	0.01672	0.01623	0.02789	0.54938	0.05339	0.01992	0.07854	0.02212	0.01687	0.02212	0.01490	0.02228	0.01147	0.00907	0.01074	0.00293	0.08417	0.00778	0.00382	0.00963
19	0.01478	0.00739	0.01109	0.01109	0.01109	0.00739	0.00739	0.01109	0.01109	0.01478	0.01478	0.02587	0.01478	0.02956	0.03326	0.75240	0.00739	0.00739	0.00370	0.00370
20	0.06586	0.01415	0.01785	0.01441	0.02003	0.01318	0.01168	0.03692	0.10242	0.44550	0.09724	0.03517	0.06319	0.01187	0.00865	0.00268	0.00665	0.00974	0.00977	0.01303
21	0.01125	0.00855	0.01263	0.01363	0.01474	0.00804	0.04481	0.01329	0.01682	0.02239	0.04496	0.60135	0.05304	0.02521	0.01089	0.00346	0.00576	0.07423	0.00768	0.00727
22	0.01954	0.01960	0.03583	0.19619	0.33622	0.02047	0.16786	0.02512	0.01872	0.02593	0.01589	0.02180	0.01274	0.00801	0.00965	0.00273	0.03956	0.00817	0.00411	0.01187
23	0.01839	0.01849	0.02580	0.24015	0.03453	0.05379	0.02018	0.02153	0.01487	0.02091	0.01257	0.01981	0.01122	0.01249	0.02055	0.00336	0.43079	0.00739	0.00377	0.00938
24	0.01837	0.01825	0.02559	0.02201	0.02207	0.02547	0.01831	0.02028	0.01306	0.02045	0.01162	0.01919	0.01156	0.01679	0.05271	0.00411	0.65967	0.00751	0.00376	0.00924
25	0.48238	0.01871	0.01658	0.01386	0.01957	0.05052	0.01136	0.13944	0.02120	0.13134	0.01674	0.01738	0.01204	0.00877	0.00648	0.00260	0.00762	0.00581	0.00661	0.01101
26	0.02933	0.03191	0.02322	0.02035	0.02532	0.38562	0.01567	0.15123	0.17410	0.03081	0.01976	0.02030	0.01527	0.00972	0.00808	0.00243	0.01210	0.00691	0.00622	0.01164
27	0.01035	0.00791	0.00950	0.01062	0.01206	0.00707	0.00739	0.01221	0.01783	0.02285	0.09324	0.43990	0.26983	0.02432	0.01053	0.00320	0.00466	0.02147	0.00798	0.00707
28	0.02942	0.02238	0.02389	0.01899	0.02528	0.02502	0.01547	0.46920	0.19504	0.04891	0.02415	0.02339	0.01748	0.01056	0.00855	0.00264	0.00868	0.00817	0.00855	0.01421
29	0.03235	0.02384	0.02554	0.01958	0.02639	0.02639	0.01618	0.61946	0.04001	0.05363	0.02043	0.02043	0.01447	0.01022	0.00851	0.00255	0.00936	0.00766	0.00851	0.01447
30	0.01065	0.00757	0.01002	0.01188	0.01242	0.00713	0.00802	0.01216	0.01622	0.02159	0.04561	0.62824	0.05442	0.06680	0.01284	0.00376	0.00528	0.05080	0.00773	0.00685
31	0.02013	0.01823	0.01804	0.01681	0.02094	0.07905	0.01322	0.03721	0.42777	0.03208	0.06573	0.04350	0.05746	0.01379	0.00916	0.00296	0.00747	0.09656	0.00814	0.01175
32	0.01862	0.01862	0.02607	0.02234	0.02234	0.02607	0.01862	0.02048	0.01303	0.02048	0.01117	0.01862	0.01117	0.01489	0.02793	0.00372	0.68535	0.00745	0.00372	0.00931
33	0.02594	0.01922	0.02093	0.01749	0.02297	0.02134	0.01397	0.23243	0.34599	0.09969	0.06388	0.02954	0.02476	0.01134	0.00868	0.00274	0.00750	0.00920	0.00883	0.01359
34	0.02342	0.01684	0.05008	0.11683	0.05719	0.01641	0.01558	0.05501	0.18833	0.18675	0.09262	0.03358	0.02689	0.01132	0.00873	0.00272	0.00783	0.03433	0.00781	0.04772
35	0.01932	0.01814	0.02710	0.18048	0.03275	0.02312	0.07052	0.07881	0.01742	0.02509	0.01432	0.02077	0.01219	0.01201	0.01881	0.00324	0.36831	0.00774	0.03991	0.00996
36	0.35025	0.01706	0.01768	0.01425	0.02030	0.01791	0.01176	0.14049	0.02295	0.27687	0.02175	0.02084	0.01472	0.00933	0.00712	0.00262	0.00735	0.00668	0.00788	0.01220
37	0.03122	0.08272	0.02541	0.02146	0.02603	0.62665	0.01632	0.03344	0.02368	0.02078	0.01307	0.01524	0.01096	0.00868	0.00753	0.00217	0.01495	0.00542	0.00434	0.00993
38	0.01624	0.01536	0.02556	0.63677	0.05620	0.01938	0.02330	0.02166	0.01675	0.02166	0.01486	0.02242	0.01133	0.00893	0.00980	0.00290	0.05609	0.00756	0.00378	0.00944
39	0.01185	0.00869	0.01110	0.01050	0.01259	0.00795	0.00787	0.01568	0.02362	0.03302	0.58790	0.06539	0.13644	0.01781	0.01004	0.00270	0.00404	0.01565	0.00922	0.00795
40	0.01216	0.00912	0.01368	0.01368	0.01520	0.01064	0.01064	0.01520	0.01368	0.01976	0.02279	0.03343	0.02127	0.06382	0.66720	0.01368	0.02279	0.00912	0.00456	0.00760
41	0.01058	0.00815	0.00967	0.01033	0.01208	0.00724	0.00735	0.01284	0.01909	0.02471	0.18170	0.32400	0.29616	0.02277	0.01038	0.00307	0.00450	0.01994	0.00819	0.00724
42	0.06461	0.01714	0.02883	0.41564	0.11782	0.02016	0.09553	0.02300	0.01707	0.02402	0.01485	0.02153	0.01163	0.00889	0.01058	0.00289	0.08401	0.00767	0.00398	0.01013
43	0.01062	0.00760	0.01010	0.01168	0.01240	0.00708	0.00792	0.01248	0.01746	0.02358	0.13595	0.60104	0.05987	0.02528	0.01074	0.00334	0.00480	0.02288	0.00812	0.00708
44	0.76103	0.01646	0.01251	0.01119	0.01646	0.01909	0.00922	0.02502	0.01448	0.03818	0.01185	0.01382	0.00922	0.00790	0.00527	0.00263	0.00658	0.00461	0.00527	0.00922
45	0.01727	0.04262	0.61656	0.02503	0.03734	0.01988	0.07031	0.02697	0.01811	0.02697	0.01540	0.01830	0.01092	0.00802	0.00822	0.00271	0.01269	0.00654	0.00364	0.01250
46	0.05811	0.67302	0.04306	0.01440	0.02158	0.03297	0.01431	0.02546	0.01716	0.02089	0.01183	0.01366	0.01084	0.00731	0.00545	0.00186	0.00898	0.00455	0.00372	0.01084
47	0.01827	0.01618	0.04967	0.01496	0.02180	0.01236	0.05142	0.02310	0.04367	0.06466	0.02105	0.10164	0.01891	0.00939	0.00742	0.00185	0.00705	0.00816	0.00575	0.50267
48	0.02764	0.02403	0.02272	0.01899	0.02461	0.11984	0.01510	0.29429	0.28293	0.04127	0.02523	0.02436	0.01871	0.01055	0.00845	0.00264	0.00917	0.00815	0.00796	0.01337
49	0.01673	0.01354	0.02093	0.05154	0.02425	0.01291	0.11053	0.01952	0.02003	0.02677	0.04103	0.26412	0.04450	0.02226	0.01203	0.00400	0.00905	0.26868	0.00790	0.00970
50	0.02059	0.01718	0.01951	0.01479	0.02211	0.01359	0.01146	0.02473	0.06005	0.03048	0.01919	0.02248	0.01614	0.00862	0.00770	0.00194	0.00729	0.00630	0.00622	0.66965
51	0.03187	0.01990	0.02344	0.07790	0.02799	0.02015	0.01561	0.23966	0.09680	0.23397	0.05196	0.02980	0.02251	0.01215	0.00961	0.00308	0.00902	0.00913	0.00934	0.05610
52	0.01913	0.01936	0.15775	0.01619	0.02127	0.01290	0.01499	0.02337	0.02404	0.10547	0.40665	0.05117	0.05748	0.01598	0.01049	0.00318	0.00735	0.01304	0.00895	0.01125
53	0.01866	0.01012	0.01016	0.01003	0.01222	0.00969	0.00729	0.02163	0.01942	0.03376	0.02993	0.03495	0.02402	0.01171	0.00720	0.00252	0.00503	0.00875	0.71352	0.00941
54	0.02136	0.02073	0.03662	0.18599	0.10805	0.02181	0.25489	0.02577	0.01950	0.02745	0.01891	0.02614	0.01548	0.01085	0.01319	0.00341	0.12041	0.00937	0.04810	0.01197
55	0.01037	0.00741	0.00987	0.01185	0.01234	0.00691	0.00790	0.01185	0.01629	0.02172	0.04690	0.69537	0.05629	0.02666	0.01086	0.00346	0.00494	0.02419	0.00790	0.00691
56	0.01969	0.02193	0.04658	0.10883	0.07978	0.02116	0.51759	0.02658	0.01970	0.02667	0.01692	0.02282	0.01277	0.00735	0.00978	0.00285	0.01377	0.00963	0.00424	0.01136
57	0.02987	0.02237	0.02421	0.01841	0.02534	0.02386	0.01515	0.51871	0.03624	0.04927	0.01954	0.01996	0.01416	0.00956	0.00814	0.00234	0.00885	0.00722	0.00793	0.13888
58	0.01454	0.01048	0.01338	0.01428	0.01616	0.01058	0.01113	0.09541	0.02068	0.02737	0.04268	0.38580	0.04801	0.02330	0.01087	0.00350	0.00659	0.22901	0.00796	0.00826
59	0.01271	0.00869	0.00981	0.00949	0.00997	0.00845	0.00547	0.01295	0.01271	0.01721	0.02607	0.05328	0.02978	0.65692	0.04097	0.00781	0.00813	0.01191	0.00515	0.05253
60	0.01159	0.00838	0.01074	0.01197	0.01303	0.00798	0.00826	0.04144	0.01840	0.02466	0.11259	0.57079	0.07885	0.02467	0.01063	0.00331	0.00502	0.02220	0.00809	0.00741
61	0.02880	0.02072	0.02218	0.01740	0.02308	0.02277	0.01409	0.50045	0.03517	0.04800	0.02180	0.02473	0.01671	0.06968	0.01123	0.00298	0.00867	0.00810	0.09052	0.01294
62	0.02016	0.02002	0.02796	0.04683	0.02717	0.05797	0.10967	0.06047	0.01753	0.02515	0.01375	0.01918	0.01193	0.01110	0.01773	0.00290	0.33970	0.00728	0.00442	0.15906

[dist]
# distance from previous block
# <min> <max>
0	1

[block]
# block no. 4 follows, 21 sequences, length 18
# corresponding to MSA columns:
# 244-261
name=unknown_E
#
# <colnr> <probs for GDERKNQSTAVLIFYWHMCP>
#	G	D	E	R	K	N	Q	S	T	A	V	L	I	F	Y	W	H	M	C	P
0	0.03100	0.03524	0.02399	0.02105	0.02597	0.48096	0.01613	0.15447	0.07925	0.02878	0.01647	0.01778	0.01296	0.00930	0.00793	0.00233	0.01339	0.00628	0.00559	0.01111
1	0.01295	0.00980	0.01363	0.01346	0.01508	0.01125	0.01022	0.01742	0.06630	0.02072	0.02428	0.03595	0.02283	0.13546	0.53651	0.01211	0.01969	0.00955	0.00498	0.00781
2	0.01367	0.01110	0.01792	0.01824	0.04518	0.01071	0.08991	0.01730	0.01893	0.02524	0.08370	0.26892	0.04738	0.02129	0.01099	0.00349	0.00759	0.27280	0.00736	0.00826
3	0.02184	0.01477	0.01642	0.01444	0.01910	0.01540	0.01132	0.03527	0.32913	0.16822	0.04866	0.04500	0.19581	0.01409	0.00902	0.00283	0.00618	0.01169	0.00886	0.01196
4	0.03305	0.02272	0.02485	0.01905	0.02583	0.02473	0.01574	0.55043	0.03814	0.12531	0.02200	0.02145	0.01526	0.01025	0.00852	0.00256	0.00911	0.00777	0.00875	0.01447
5	0.02127	0.53107	0.14030	0.01800	0.05811	0.02955	0.01759	0.02532	0.01782	0.02220	0.04131	0.01701	0.01419	0.00789	0.00625	0.00204	0.00948	0.00549	0.00392	0.01119
6	0.01037	0.00741	0.00987	0.01185	0.01234	0.00691	0.00790	0.01185	0.01629	0.02172	0.04690	0.69537	0.05629	0.02666	0.01086	0.00346	0.00494	0.02419	0.00790	0.00691
7	0.02009	0.02296	0.05022	0.03587	0.04448	0.02152	0.61693	0.02726	0.02009	0.02726	0.01722	0.02296	0.01291	0.00717	0.01004	0.00287	0.01435	0.01004	0.00430	0.01148
8	0.05924	0.04682	0.04564	0.01524	0.02207	0.01435	0.05654	0.02446	0.07024	0.05270	0.02005	0.07673	0.01747	0.00891	0.00723	0.00192	0.00725	0.00757	0.00565	0.43993
9	0.02009	0.02296	0.05022	0.03587	0.04448	0.02152	0.61693	0.02726	0.02009	0.02726	0.01722	0.02296	0.01291	0.00717	0.01004	0.00287	0.01435	0.01004	0.00430	0.01148
10	0.01791	0.03676	0.47856	0.02724	0.12830	0.01918	0.02800	0.02718	0.04596	0.02754	0.01625	0.01904	0.01204	0.00801	0.00801	0.00256	0.01140	0.00653	0.00404	0.07548
11	0.01611	0.00963	0.01250	0.01125	0.01407	0.00868	0.00862	0.01985	0.02374	0.13346	0.49746	0.05952	0.11850	0.01664	0.00980	0.00269	0.00456	0.01450	0.00943	0.00900
12	0.02063	0.02225	0.03461	0.19647	0.16074	0.10590	0.20132	0.02571	0.01885	0.02431	0.01518	0.02099	0.01216	0.00874	0.01122	0.00281	0.09509	0.00803	0.00410	0.01089
13	0.70765	0.01585	0.01218	0.01096	0.01599	0.01829	0.00898	0.02464	0.01472	0.03772	0.01299	0.01511	0.01012	0.00804	0.00532	0.00259	0.00640	0.00485	0.05849	0.00912
14	0.01573	0.00787	0.00831	0.00831	0.01005	0.00787	0.00612	0.01879	0.01704	0.02970	0.02621	0.03103	0.02097	0.01226	0.00921	0.09161	0.00437	0.00787	0.65925	0.00743
15	0.05051	0.01665	0.01899	0.01576	0.02073	0.01752	0.01257	0.22822	0.12940	0.16163	0.14201	0.08888	0.03316	0.01314	0.00892	0.00273	0.00706	0.01088	0.00893	0.01230
16	0.04317	0.06494	0.02183	0.15107	0.02771	0.01761	0.01440	0.05437	0.03759	0.02583	0.01638	0.02250	0.01419	0.06179	0.04235	0.00319	0.09918	0.00684	0.00481	0.27023
17	0.05636	0.03895	0.02244	0.01703	0.02323	0.01782	0.06358	0.14934	0.13117	0.08092	0.04180	0.05221	0.02067	0.01019	0.00804	0.00234	0.00778	0.02666	0.00703	0.22246

[dist]
# distance from previous block
# <min> <max>
9	30

[block]
# block no. 5 follows, 21 sequences, length 11
# corresponding to MSA columns:
# 292-302
name=unknown_F
#
# <colnr> <probs for GDERKNQSTAVLIFYWHMCP>
#	G	D	E	R	K	N	Q	S	T	A	V	L	I	F	Y	W	H	M	C	P
0	0.01744	0.08676	0.61731	0.02363	0.03586	0.02066	0.03035	0.02686	0.01792	0.02650	0.01505	0.01769	0.01079	0.00803	0.00792	0.00264	0.01235	0.00618	0.00360	0.01247
1	0.01424	0.00919	0.01208	0.01108	0.01347	0.00841	0.00841	0.01820	0.02411	0.08624	0.59206	0.06066	0.07532	0.01682	0.00991	0.00267	0.00429	0.01482	0.00947	0.00857
2	0.01989	0.01814	0.06403	0.01540	0.02094	0.01685	0.01314	0.16997	0.17516	0.03506	0.07061	0.04129	0.16419	0.01326	0.00877	0.00260	0.00709	0.02936	0.00763	0.10661
3	0.01158	0.00859	0.01079	0.01044	0.01248	0.00780	0.00775	0.01508	0.02270	0.03129	0.50318	0.11462	0.17459	0.01881	0.01010	0.00277	0.00414	0.01650	0.00901	0.00780
4	0.03146	0.02339	0.02504	0.01940	0.02605	0.02597	0.01596	0.57368	0.08724	0.05220	0.02156	0.02133	0.01539	0.01032	0.00852	0.00258	0.00915	0.00782	0.00852	0.01439
5	0.01071	0.00767	0.01018	0.01161	0.01242	0.00714	0.00793	0.01272	0.01790	0.02428	0.16985	0.56514	0.06123	0.02475	0.01069	0.00330	0.00475	0.02238	0.00820	0.00714
6	0.01228	0.00839	0.01089	0.01123	0.01284	0.00768	0.00805	0.01506	0.02045	0.05397	0.32409	0.33161	0.10874	0.02135	0.01033	0.00302	0.00456	0.01903	0.00869	0.00776
7	0.02051	0.01575	0.01844	0.01336	0.02078	0.01261	0.01076	0.06967	0.01995	0.08223	0.01709	0.01881	0.01346	0.00696	0.00666	0.00148	0.00662	0.00554	0.00577	0.63353
8	0.02174	0.01642	0.01898	0.01412	0.02114	0.01416	0.01136	0.13928	0.02246	0.07999	0.01904	0.05067	0.01565	0.00834	0.00712	0.00172	0.00691	0.00671	0.00627	0.51792
9	0.01436	0.01061	0.01309	0.01190	0.01449	0.01045	0.00908	0.06861	0.06636	0.03586	0.55016	0.05781	0.07112	0.01640	0.00982	0.00268	0.00465	0.01435	0.00925	0.00894
10	0.07383	0.01596	0.04649	0.01712	0.06665	0.01319	0.01326	0.03262	0.02171	0.36641	0.07386	0.02736	0.02222	0.00971	0.00798	0.00235	0.00719	0.00796	0.00823	0.16589

[dist]
# distance from previous block
# <min> <max>
0	1

[block]
# block no. 6 follows, 21 sequences, length 41
# corresponding to MSA columns:
# 304-344
name=unknown_G
#
# <colnr> <probs for GDERKNQSTAVLIFYWHMCP>
#	G	D	E	R	K	N	Q	S	T	A	V	L	I	F	Y	W	H	M	C	P
0	0.02983	0.01956	0.02124	0.01672	0.02256	0.05610	0.01348	0.30817	0.03058	0.19941	0.08099	0.02806	0.02282	0.04867	0.01038	0.00279	0.00840	0.00856	0.00845	0.06320
1	0.28501	0.02128	0.12393	0.08553	0.20131	0.01854	0.01897	0.02574	0.01712	0.07003	0.01538	0.01885	0.01187	0.00907	0.00842	0.03765	0.00905	0.00636	0.00483	0.01106
2	0.01965	0.01488	0.04821	0.04505	0.01953	0.05560	0.01172	0.04662	0.01822	0.10503	0.07673	0.06997	0.02358	0.02003	0.05516	0.22601	0.00874	0.00892	0.00587	0.12048
3	0.01849	0.01680	0.02575	0.02153	0.02324	0.02122	0.09202	0.02131	0.01493	0.05418	0.01694	0.05530	0.01579	0.02017	0.10261	0.00472	0.42300	0.00888	0.03365	0.00946
4	0.02221	0.02571	0.07848	0.15288	0.27804	0.17897	0.02249	0.02816	0.05668	0.02530	0.01728	0.02314	0.01433	0.00891	0.00837	0.00259	0.01154	0.02883	0.00453	0.01158
5	0.01131	0.00835	0.01057	0.01069	0.01244	0.00761	0.00776	0.01440	0.02137	0.02925	0.40578	0.22936	0.15879	0.02041	0.01025	0.00291	0.00430	0.01805	0.00877	0.00761
6	0.01204	0.00870	0.01138	0.01071	0.01271	0.00803	0.00803	0.01606	0.02409	0.03413	0.64335	0.06357	0.08030	0.01740	0.01004	0.00268	0.00401	0.01539	0.00937	0.00803
7	0.01057	0.00755	0.01010	0.01208	0.01266	0.00708	0.00825	0.01220	0.01649	0.02195	0.04679	0.65951	0.05585	0.02647	0.01092	0.00348	0.00511	0.05808	0.00790	0.00697
8	0.01048	0.00864	0.00921	0.00907	0.01175	0.00736	0.00680	0.01303	0.02040	0.02536	0.20505	0.07799	0.52407	0.02067	0.01005	0.00283	0.00425	0.01741	0.00822	0.00736
9	0.01048	0.00745	0.00984	0.01170	0.01217	0.00699	0.00774	0.01188	0.01607	0.02142	0.04574	0.65844	0.05482	0.06559	0.01274	0.00373	0.00513	0.02351	0.00774	0.00681
10	0.08137	0.02313	0.02442	0.01893	0.02556	0.02570	0.01560	0.55752	0.06058	0.05191	0.02038	0.02041	0.01455	0.01011	0.00830	0.00257	0.00908	0.00753	0.00830	0.01408
11	0.03235	0.02384	0.02554	0.01958	0.02639	0.02639	0.01618	0.61946	0.04001	0.05363	0.02043	0.02043	0.01447	0.01022	0.00851	0.00255	0.00936	0.00766	0.00851	0.01447
12	0.02975	0.01693	0.02010	0.01622	0.02165	0.01717	0.01304	0.27751	0.02961	0.26472	0.06589	0.13413	0.02741	0.01338	0.00899	0.00273	0.00757	0.01109	0.00920	0.01289
13	0.02006	0.01127	0.01447	0.01260	0.01614	0.01062	0.00981	0.02599	0.08831	0.20153	0.41457	0.05087	0.05858	0.01493	0.00949	0.00269	0.00517	0.01294	0.00961	0.01035
14	0.01895	0.01508	0.01778	0.01277	0.02027	0.01142	0.01024	0.02270	0.01807	0.06755	0.01630	0.01837	0.01314	0.00657	0.00645	0.00135	0.00636	0.00527	0.00539	0.70598
15	0.01204	0.00870	0.01138	0.01071	0.01271	0.00803	0.00803	0.01606	0.02409	0.03413	0.64335	0.06357	0.08030	0.01740	0.01004	0.00268	0.00401	0.01539	0.00937	0.00803
16	0.03029	0.03639	0.02614	0.02266	0.02732	0.52074	0.05728	0.09240	0.02482	0.02459	0.01406	0.01657	0.01146	0.00916	0.00909	0.00236	0.05335	0.00613	0.00476	0.01041
17	0.01453	0.00748	0.01090	0.01090	0.01090	0.00748	0.00716	0.01122	0.01122	0.01496	0.01602	0.02894	0.01645	0.09874	0.03430	0.67573	0.00748	0.00790	0.00385	0.00385
18	0.03020	0.01319	0.01738	0.01400	0.01932	0.01181	0.01131	0.03482	0.06043	0.45338	0.16562	0.03915	0.06551	0.01261	0.00895	0.00267	0.00638	0.01055	0.01004	0.01268
19	0.01076	0.00832	0.00990	0.01076	0.01259	0.00745	0.00793	0.01305	0.01875	0.02389	0.12204	0.30383	0.31113	0.02321	0.01053	0.00318	0.00489	0.08250	0.00804	0.00724
20	0.01729	0.01300	0.01653	0.04974	0.06146	0.01353	0.01194	0.04848	0.17267	0.06927	0.32792	0.08199	0.05170	0.01469	0.00941	0.00276	0.00591	0.01285	0.00852	0.01036
21	0.03352	0.01505	0.01933	0.01534	0.02134	0.01409	0.01249	0.06849	0.11161	0.48989	0.07878	0.03154	0.02588	0.01118	0.00868	0.00267	0.00703	0.00918	0.01008	0.01385
22	0.01815	0.01637	0.02133	0.13200	0.02747	0.01778	0.01508	0.04555	0.06501	0.02614	0.01876	0.02268	0.03955	0.01019	0.01292	0.00244	0.18967	0.00712	0.00500	0.30677
23	0.59676	0.05066	0.05562	0.04798	0.02187	0.01996	0.05019	0.02513	0.01531	0.03513	0.01256	0.01510	0.00973	0.00787	0.00591	0.00262	0.00780	0.00520	0.00495	0.00965
24	0.01144	0.00831	0.01078	0.01093	0.01254	0.00765	0.00790	0.01460	0.02151	0.02983	0.43534	0.25240	0.10424	0.02038	0.01028	0.00292	0.00431	0.01815	0.00885	0.00765
25	0.01716	0.01803	0.06249	0.43822	0.08931	0.01887	0.14163	0.02275	0.01747	0.02308	0.01559	0.02259	0.01197	0.00942	0.01027	0.04765	0.01169	0.00798	0.00390	0.00993
26	0.76103	0.01646	0.01251	0.01119	0.01646	0.01909	0.00922	0.02502	0.01448	0.03818	0.01185	0.01382	0.00922	0.00790	0.00527	0.00263	0.00658	0.00461	0.00527	0.00922
27	0.01842	0.01834	0.02602	0.07412	0.02520	0.02550	0.01901	0.02058	0.01335	0.02058	0.01148	0.01894	0.01118	0.01439	0.02640	0.00365	0.63232	0.00746	0.00373	0.00932
28	0.01079	0.00857	0.00969	0.00959	0.01199	0.00747	0.00712	0.01357	0.02087	0.02689	0.28300	0.11696	0.40254	0.02041	0.01010	0.00284	0.00425	0.01746	0.00843	0.00747
29	0.02409	0.05645	0.02207	0.05672	0.02422	0.02142	0.01430	0.29055	0.17272	0.03879	0.02642	0.06256	0.02253	0.07753	0.01200	0.00328	0.00844	0.04624	0.00761	0.01208
30	0.01184	0.00869	0.01109	0.01049	0.01259	0.00794	0.00787	0.01567	0.02361	0.03299	0.58662	0.06543	0.13773	0.01782	0.01004	0.00270	0.00404	0.01565	0.00922	0.00794
31	0.01569	0.01437	0.02043	0.01845	0.01906	0.01911	0.01497	0.01798	0.01347	0.02028	0.01766	0.06383	0.01763	0.03408	0.26861	0.00747	0.39504	0.00906	0.00428	0.00852
32	0.03295	0.02287	0.02494	0.01912	0.02591	0.02496	0.01580	0.55977	0.03840	0.11561	0.02179	0.02131	0.01515	0.01025	0.00852	0.00256	0.00915	0.00775	0.00872	0.01447
33	0.03116	0.02290	0.02457	0.01896	0.02537	0.02531	0.01552	0.58315	0.03836	0.05141	0.02081	0.02254	0.01546	0.05153	0.01059	0.00289	0.00930	0.00794	0.00831	0.01392
34	0.02839	0.03189	0.02488	0.02164	0.02527	0.38786	0.01698	0.12977	0.02387	0.02630	0.01386	0.01708	0.01161	0.01064	0.01320	0.00266	0.19233	0.00637	0.00491	0.01050
35	0.07206	0.05621	0.02491	0.09722	0.02885	0.02476	0.01622	0.40846	0.11114	0.04488	0.02069	0.02142	0.01509	0.00990	0.00818	0.00260	0.00908	0.00756	0.00753	0.01325
36	0.01195	0.00870	0.01124	0.01060	0.01265	0.00799	0.00795	0.01587	0.02386	0.03358	0.61598	0.06447	0.10800	0.01760	0.01004	0.00269	0.00403	0.01552	0.00930	0.00799
37	0.03076	0.02305	0.02464	0.01926	0.02578	0.02565	0.01579	0.53777	0.12429	0.05107	0.02245	0.02204	0.01611	0.01040	0.00853	0.00260	0.00899	0.00794	0.00853	0.01433
38	0.01651	0.01392	0.01643	0.01249	0.01894	0.01065	0.00974	0.01993	0.01743	0.02679	0.02010	0.12381	0.01945	0.00949	0.00702	0.00160	0.00609	0.00804	0.00549	0.63609
39	0.01609	0.01333	0.01556	0.01237	0.01803	0.01071	0.00956	0.04461	0.01851	0.02719	0.02857	0.16044	0.08203	0.01204	0.00768	0.00191	0.00597	0.01025	0.00604	0.49910
40	0.01395	0.01047	0.01419	0.01358	0.01502	0.01205	0.01022	0.05585	0.01513	0.02135	0.02288	0.03677	0.02243	0.20262	0.44335	0.01111	0.05682	0.00967	0.00492	0.00761

[dist]
# distance from previous block
# <min> <max>
0	1

[block]
# block no. 7 follows, 21 sequences, length 55
# corresponding to MSA columns:
# 346-400
name=unknown_H
#
# <colnr> <probs for GDERKNQSTAVLIFYWHMCP>
#	G	D	E	R	K	N	Q	S	T	A	V	L	I	F	Y	W	H	M	C	P
0	0.01925	0.01651	0.02063	0.01487	0.02243	0.01351	0.05187	0.08050	0.02001	0.03024	0.01579	0.01828	0.01281	0.00675	0.00677	0.00150	0.00715	0.00564	0.00533	0.63017
1	0.02032	0.01645	0.02012	0.01457	0.02205	0.01358	0.03842	0.09103	0.02061	0.05747	0.01662	0.01869	0.01319	0.00697	0.00682	0.00154	0.00706	0.00572	0.00564	0.60313
2	0.01972	0.03769	0.50450	0.02740	0.12355	0.01912	0.02882	0.02826	0.01880	0.08857	0.01717	0.01949	0.01218	0.00825	0.00818	0.00266	0.01170	0.00670	0.00436	0.01289
3	0.01842	0.01559	0.01806	0.01297	0.02050	0.01214	0.01041	0.05297	0.01883	0.02910	0.01541	0.01779	0.01270	0.00651	0.00642	0.00133	0.00646	0.00518	0.00522	0.71400
4	0.19076	0.33351	0.08935	0.01631	0.02306	0.14754	0.01535	0.05406	0.01903	0.02643	0.01279	0.01472	0.01069	0.00791	0.00621	0.00219	0.01004	0.00504	0.00436	0.01065
5	0.01048	0.00749	0.00998	0.01177	0.01237	0.00699	0.00791	0.01214	0.01682	0.02257	0.08739	0.65248	0.05792	0.02603	0.01081	0.00340	0.00487	0.02360	0.00800	0.00699
