[name]
unknown

[dist]
# distance from previous block
# <min> <max>
5	8

[block]
# block no. 0 follows, 24 sequences, length 28
# corresponding to MSA columns:
# 9-36
name=unknown_A
#
# <colnr> <probs for GDERKNQSTAVLIFYWHMCP>
#	G	D	E	R	K	N	Q	S	T	A	V	L	I	F	Y	W	H	M	C	P
0	0.08392	0.02595	0.10398	0.06474	0.28878	0.21379	0.01997	0.02599	0.01863	0.02461	0.01424	0.01774	0.01153	0.00762	0.00726	0.00228	0.01063	0.00614	0.04151	0.01071
1	0.06053	0.02416	0.02776	0.03397	0.33730	0.21029	0.04868	0.05101	0.04310	0.02532	0.01455	0.01806	0.01201	0.00802	0.00867	0.00237	0.05225	0.00654	0.00431	0.01112
2	0.01923	0.06196	0.06758	0.02863	0.03589	0.05340	0.46449	0.04952	0.04302	0.02565	0.01786	0.06198	0.01467	0.00814	0.00887	0.00260	0.01210	0.00939	0.00446	0.01056
3	0.01441	0.09193	0.07446	0.01240	0.01562	0.05151	0.01045	0.01713	0.01759	0.05929	0.12747	0.28106	0.13266	0.04552	0.01003	0.00287	0.00629	0.01470	0.00660	0.00801
4	0.01067	0.00756	0.00867	0.00912	0.00973	0.00720	0.00566	0.01138	0.01365	0.01770	0.03992	0.21961	0.15416	0.41925	0.02714	0.00565	0.00624	0.01521	0.00591	0.00556
5	0.02375	0.05484	0.02023	0.01655	0.02096	0.13114	0.01307	0.07051	0.33610	0.11536	0.02500	0.02436	0.01875	0.01088	0.00975	0.03834	0.04438	0.00765	0.00694	0.01142
6	0.05831	0.02916	0.02246	0.06415	0.06235	0.38408	0.01565	0.15113	0.08770	0.02785	0.01580	0.01743	0.01234	0.00858	0.00739	0.00225	0.01156	0.00609	0.00522	0.01051
7	0.00966	0.00690	0.00920	0.01104	0.01150	0.00644	0.00736	0.01104	0.01518	0.02024	0.04371	0.71614	0.05245	0.02484	0.01012	0.00322	0.00460	0.02254	0.00736	0.00644
8	0.02576	0.02003	0.02133	0.01736	0.02292	0.02254	0.01401	0.39159	0.29824	0.04291	0.02461	0.02348	0.01800	0.01004	0.00799	0.00251	0.00770	0.00791	0.00799	0.01309
9	0.01963	0.01884	0.03219	0.04867	0.67185	0.01884	0.02434	0.02434	0.01806	0.02591	0.01492	0.01963	0.01256	0.00707	0.00785	0.00236	0.00942	0.00707	0.00393	0.01256
10	0.01963	0.01884	0.03219	0.04867	0.67185	0.01884	0.02434	0.02434	0.01806	0.02591	0.01492	0.01963	0.01256	0.00707	0.00785	0.00236	0.00942	0.00707	0.00393	0.01256
11	0.01872	0.02139	0.04679	0.03342	0.04144	0.02005	0.64305	0.02540	0.01872	0.02540	0.01604	0.02139	0.01203	0.00668	0.00936	0.00267	0.01337	0.00936	0.00401	0.01070
12	0.01933	0.01854	0.03165	0.09027	0.63257	0.01876	0.02419	0.02408	0.01792	0.02555	0.01486	0.01972	0.01243	0.00712	0.00786	0.00237	0.00949	0.00706	0.00390	0.01232
13	0.01963	0.01884	0.03219	0.04867	0.67185	0.01884	0.02434	0.02434	0.01806	0.02591	0.01492	0.01963	0.01256	0.00707	0.00785	0.00236	0.00942	0.00707	0.00393	0.01256
14	0.01735	0.01735	0.02429	0.02082	0.02082	0.02429	0.01735	0.01908	0.01214	0.01908	0.01041	0.01735	0.01041	0.01388	0.02602	0.00347	0.70680	0.00694	0.00347	0.00867
15	0.00966	0.00690	0.00920	0.01104	0.01150	0.00644	0.00736	0.01104	0.01518	0.02024	0.04371	0.71614	0.05245	0.02484	0.01012	0.00322	0.00460	0.02254	0.00736	0.00644
16	0.01963	0.01884	0.03219	0.04867	0.67185	0.01884	0.02434	0.02434	0.01806	0.02591	0.01492	0.01963	0.01256	0.00707	0.00785	0.00236	0.00942	0.00707	0.00393	0.01256
17	0.01590	0.04102	0.68023	0.02260	0.03432	0.01842	0.02930	0.02511	0.01674	0.02511	0.01423	0.01674	0.01005	0.00753	0.00753	0.00251	0.01172	0.00586	0.00335	0.01172
18	0.01153	0.00769	0.00865	0.00865	0.00865	0.00769	0.00480	0.01153	0.01153	0.01538	0.02499	0.05189	0.02883	0.72131	0.04036	0.00769	0.00769	0.01153	0.00480	0.00480
19	0.77733	0.01534	0.01166	0.01043	0.01534	0.01779	0.00859	0.02331	0.01350	0.03558	0.01104	0.01288	0.00859	0.00736	0.00491	0.00245	0.00613	0.00429	0.00491	0.00859
20	0.01590	0.04102	0.68023	0.02260	0.03432	0.01842	0.02930	0.02511	0.01674	0.02511	0.01423	0.01674	0.01005	0.00753	0.00753	0.00251	0.01172	0.00586	0.00335	0.01172
21	0.01697	0.06423	0.46288	0.02547	0.03587	0.01946	0.21293	0.02514	0.01731	0.02493	0.01464	0.01797	0.01065	0.00725	0.00798	0.00253	0.01208	0.00684	0.00355	0.01135
22	0.01735	0.01735	0.02429	0.02082	0.02082	0.02429	0.01735	0.01908	0.01214	0.01908	0.01041	0.01735	0.01041	0.01388	0.02602	0.00347	0.70680	0.00694	0.00347	0.00867
23	0.01644	0.01409	0.01644	0.01175	0.01879	0.01057	0.00940	0.01997	0.01644	0.02584	0.01409	0.01644	0.01175	0.00587	0.00587	0.00117	0.00587	0.00470	0.00470	0.76979
24	0.01153	0.00769	0.00865	0.00865	0.00865	0.00769	0.00480	0.01153	0.01153	0.01538	0.02499	0.05189	0.02883	0.72131	0.04036	0.00769	0.00769	0.01153	0.00480	0.00480
25	0.01778	0.09645	0.02622	0.02001	0.02077	0.02508	0.01693	0.01960	0.01259	0.01904	0.01048	0.01683	0.01038	0.01309	0.02369	0.00327	0.62886	0.00664	0.00346	0.00884
26	0.02120	0.72609	0.04155	0.01357	0.02035	0.03138	0.01357	0.02374	0.01611	0.01866	0.01102	0.01272	0.01018	0.00678	0.00509	0.00170	0.00848	0.00424	0.00339	0.01018
27	0.01840	0.09454	0.01846	0.01576	0.07117	0.13621	0.01129	0.02233	0.05351	0.07763	0.21273	0.04206	0.16893	0.01296	0.00818	0.00236	0.00710	0.01065	0.00666	0.00910

[dist]
# distance from previous block
# <min> <max>
0	2

[block]
# block no. 1 follows, 24 sequences, length 12
# corresponding to MSA columns:
# 39-50
name=unknown_B
#
# <colnr> <probs for GDERKNQSTAVLIFYWHMCP>
#	G	D	E	R	K	N	Q	S	T	A	V	L	I	F	Y	W	H	M	C	P
0	0.01716	0.20381	0.52846	0.02046	0.03100	0.02150	0.02556	0.02479	0.01659	0.02358	0.01347	0.01579	0.01008	0.00736	0.00695	0.00232	0.01095	0.00547	0.00336	0.01135
1	0.06218	0.01594	0.02620	0.41687	0.28282	0.01809	0.02209	0.02197	0.01654	0.02328	0.01422	0.02008	0.01120	0.00757	0.00772	0.00252	0.00988	0.00689	0.00376	0.01020
2	0.02027	0.01736	0.07559	0.03628	0.02280	0.01385	0.04791	0.11172	0.02050	0.10167	0.04418	0.02075	0.01566	0.00765	0.00693	0.00181	0.00726	0.00635	0.03787	0.38359
3	0.01533	0.03607	0.57248	0.07748	0.03416	0.01739	0.02694	0.02359	0.01654	0.02432	0.01658	0.07322	0.01349	0.00896	0.00777	0.00258	0.01105	0.00730	0.00368	0.01106
4	0.01708	0.01838	0.08136	0.36085	0.32267	0.01822	0.02363	0.02244	0.01689	0.02313	0.01446	0.02012	0.01140	0.00752	0.00786	0.00251	0.01016	0.00696	0.00368	0.01069
5	0.01890	0.01632	0.01714	0.01549	0.01983	0.01869	0.01203	0.03969	0.60666	0.03224	0.03610	0.03330	0.07546	0.01150	0.00817	0.00269	0.00610	0.00958	0.00801	0.01209
6	0.01821	0.02520	0.17514	0.03239	0.08893	0.01962	0.46955	0.02526	0.01826	0.02538	0.01558	0.02030	0.01167	0.00689	0.00887	0.00262	0.01273	0.00847	0.00387	0.01105
7	0.00985	0.00805	0.00869	0.00853	0.01100	0.00690	0.00640	0.01230	0.01920	0.02409	0.23114	0.07193	0.51616	0.01909	0.00937	0.00263	0.00395	0.01612	0.00771	0.00690
8	0.01088	0.00783	0.01033	0.01053	0.01201	0.00728	0.00774	0.01395	0.02019	0.02813	0.45903	0.24375	0.06696	0.01893	0.00966	0.00276	0.00418	0.05040	0.00827	0.00718
9	0.01816	0.13823	0.28312	0.16796	0.07350	0.05359	0.05779	0.04651	0.01748	0.02351	0.01376	0.01747	0.01059	0.00779	0.00811	0.00242	0.03947	0.00618	0.00367	0.01067
10	0.00966	0.00690	0.00920	0.01104	0.01150	0.00644	0.00736	0.01104	0.01518	0.02024	0.04371	0.71614	0.05245	0.02484	0.01012	0.00322	0.00460	0.02254	0.00736	0.00644
11	0.01854	0.01464	0.01851	0.04183	0.02156	0.01236	0.04135	0.04902	0.05389	0.07909	0.01790	0.04461	0.01463	0.00745	0.00666	0.00162	0.00660	0.00629	0.00545	0.53801

[dist]
# distance from previous block
# <min> <max>
0	1

[block]
# block no. 2 follows, 24 sequences, length 11
# corresponding to MSA columns:
# 52-62
name=unknown_C
#
# <colnr> <probs for GDERKNQSTAVLIFYWHMCP>
#	G	D	E	R	K	N	Q	S	T	A	V	L	I	F	Y	W	H	M	C	P
0	0.02442	0.28313	0.11508	0.01651	0.02356	0.07961	0.01574	0.19449	0.02301	0.07933	0.01550	0.01646	0.01190	0.00791	0.00663	0.00204	0.00914	0.00563	0.00526	0.06467
1	0.02876	0.02147	0.02380	0.08071	0.02733	0.02395	0.01571	0.58832	0.03533	0.04726	0.01859	0.01923	0.01322	0.00937	0.00793	0.00240	0.00889	0.00713	0.00753	0.01306
2	0.01644	0.01409	0.01644	0.01175	0.01879	0.01057	0.00940	0.01997	0.01644	0.02584	0.01409	0.01644	0.01175	0.00587	0.00587	0.00117	0.00587	0.00470	0.00470	0.76979
3	0.01658	0.09624	0.42268	0.02396	0.07195	0.01892	0.12404	0.02394	0.01735	0.02466	0.04024	0.02179	0.04616	0.00824	0.00778	0.00246	0.01088	0.00719	0.00388	0.01107
4	0.01756	0.01854	0.03120	0.18693	0.03580	0.05527	0.23758	0.02201	0.01647	0.02232	0.05068	0.02189	0.01466	0.00977	0.01392	0.00286	0.22101	0.00814	0.00400	0.00938
5	0.02442	0.01879	0.02158	0.04702	0.06377	0.01956	0.01393	0.39332	0.02863	0.03929	0.01786	0.02088	0.01398	0.05833	0.00973	0.00249	0.00813	0.00688	0.00654	0.18486
6	0.08481	0.28021	0.14073	0.07887	0.02618	0.06522	0.01672	0.09361	0.06109	0.06158	0.01530	0.01686	0.01185	0.00787	0.00654	0.00219	0.00918	0.00566	0.00472	0.01082
7	0.02707	0.01523	0.01882	0.01458	0.02013	0.01466	0.01192	0.16230	0.02388	0.30723	0.08451	0.02561	0.02139	0.00984	0.00886	0.00225	0.05264	0.00768	0.00787	0.16354
8	0.01801	0.15976	0.48764	0.02042	0.03019	0.02074	0.02476	0.02521	0.01665	0.05908	0.01434	0.01662	0.01061	0.00794	0.00834	0.00243	0.05645	0.00576	0.00372	0.01134
9	0.02428	0.08097	0.02270	0.01594	0.02186	0.02056	0.01322	0.33393	0.05922	0.05599	0.01836	0.03874	0.01444	0.00914	0.00827	0.00213	0.04733	0.00683	0.00652	0.19957
10	0.02001	0.45385	0.12586	0.01752	0.06467	0.07974	0.01616	0.02365	0.01682	0.02052	0.03432	0.01670	0.01314	0.01102	0.05389	0.00268	0.01020	0.00536	0.00371	0.01016

[dist]
# distance from previous block
# <min> <max>
2	8

[block]
# block no. 3 follows, 24 sequences, length 29
# corresponding to MSA columns:
# 71-99
name=unknown_D
#
# <colnr> <probs for GDERKNQSTAVLIFYWHMCP>
#	G	D	E	R	K	N	Q	S	T	A	V	L	I	F	Y	W	H	M	C	P
0	0.02032	0.05498	0.38942	0.02131	0.03020	0.04918	0.06106	0.11288	0.05348	0.06859	0.01661	0.01845	0.01201	0.00842	0.00867	0.00251	0.04897	0.00652	0.00471	0.01173
1	0.01676	0.14581	0.54047	0.02054	0.03120	0.01995	0.02564	0.02459	0.01663	0.02415	0.01372	0.01610	0.01017	0.00732	0.00705	0.00230	0.01086	0.00554	0.00344	0.05777
2	0.01677	0.02093	0.19826	0.01479	0.02260	0.01248	0.01483	0.02167	0.01675	0.05818	0.01716	0.06808	0.01465	0.00791	0.00674	0.00176	0.00743	0.00648	0.00478	0.46774
3	0.01612	0.03954	0.63262	0.02341	0.03486	0.01854	0.07543	0.02513	0.01689	0.02513	0.01437	0.01709	0.01019	0.00747	0.00767	0.00252	0.01184	0.00612	0.00340	0.01164
4	0.01840	0.02059	0.05901	0.07059	0.14128	0.01937	0.43114	0.02438	0.01799	0.02494	0.01535	0.02052	0.01189	0.00711	0.00953	0.00257	0.04253	0.00841	0.00396	0.05042
5	0.01779	0.01920	0.08545	0.03236	0.32132	0.01605	0.10016	0.02265	0.01744	0.02546	0.01629	0.05540	0.01415	0.00767	0.00760	0.00213	0.00891	0.00743	0.00428	0.21827
6	0.02442	0.01937	0.02058	0.01709	0.02241	0.02192	0.01369	0.31423	0.37777	0.04075	0.02631	0.02483	0.01937	0.01020	0.00801	0.00255	0.00738	0.00814	0.00801	0.01297
7	0.03558	0.01350	0.01840	0.01411	0.02024	0.01166	0.01166	0.03865	0.02270	0.67734	0.03128	0.02699	0.01963	0.00981	0.00797	0.00245	0.00675	0.00797	0.00981	0.01350
8	0.01133	0.00850	0.01274	0.01274	0.01416	0.00991	0.00991	0.01416	0.01274	0.01841	0.02124	0.03115	0.01982	0.05947	0.68989	0.01274	0.02124	0.00850	0.00425	0.00708
9	0.01824	0.02474	0.15476	0.03158	0.04023	0.01977	0.53844	0.02535	0.01838	0.02535	0.01573	0.02060	0.01169	0.00683	0.00905	0.00265	0.01309	0.00876	0.00390	0.01087
10	0.01938	0.02017	0.06842	0.04655	0.60830	0.01887	0.05264	0.02443	0.01801	0.02584	0.01493	0.01955	0.01240	0.00707	0.00790	0.00238	0.00973	0.00710	0.00390	0.01243
11	0.00966	0.00690	0.00920	0.01104	0.01150	0.00644	0.00736	0.01104	0.01518	0.02024	0.04371	0.71614	0.05245	0.02484	0.01012	0.00322	0.00460	0.02254	0.00736	0.00644
12	0.00966	0.00690	0.00920	0.01104	0.01150	0.00644	0.00736	0.01104	0.01518	0.02024	0.04371	0.71614	0.05245	0.02484	0.01012	0.00322	0.00460	0.02254	0.00736	0.00644
13	0.07522	0.02152	0.02275	0.01766	0.02382	0.02392	0.01454	0.57567	0.06848	0.04821	0.01925	0.01922	0.01375	0.00945	0.00776	0.00240	0.00844	0.00706	0.00776	0.01314
14	0.02092	0.01677	0.01797	0.01599	0.02059	0.01912	0.01248	0.04187	0.60981	0.08159	0.03220	0.02939	0.02386	0.01069	0.00806	0.00267	0.00631	0.00889	0.00820	0.01262
15	0.01036	0.00741	0.00948	0.01096	0.01200	0.00693	0.00788	0.01229	0.01611	0.02142	0.04751	0.49853	0.13417	0.02292	0.00990	0.00314	0.00487	0.10944	0.04802	0.00665
16	0.13133	0.04973	0.02127	0.09220	0.06428	0.11445	0.01441	0.24974	0.04977	0.03402	0.02267	0.02382	0.07986	0.00973	0.00742	0.00238	0.00879	0.00738	0.00600	0.01074
17	0.01964	0.01962	0.07864	0.17532	0.07700	0.01946	0.17800	0.08487	0.04163	0.06639	0.01630	0.02048	0.01239	0.00870	0.01086	0.00265	0.11378	0.00757	0.00468	0.04202
18	0.10048	0.01637	0.01897	0.05141	0.05112	0.04272	0.01247	0.08702	0.01932	0.14561	0.01706	0.01861	0.01283	0.00796	0.00812	0.00200	0.05978	0.00591	0.00575	0.31650
19	0.06671	0.11185	0.11300	0.03420	0.02421	0.04028	0.04099	0.08242	0.11210	0.26087	0.02272	0.02192	0.01581	0.00886	0.00742	0.00239	0.00833	0.00702	0.00685	0.01205
20	0.22295	0.26170	0.11852	0.01472	0.02135	0.02245	0.01446	0.07796	0.01806	0.11686	0.01491	0.01597	0.01132	0.00792	0.00670	0.00223	0.03089	0.00533	0.00505	0.01066
21	0.10834	0.27331	0.15374	0.03909	0.04227	0.07526	0.01642	0.06504	0.01774	0.02450	0.01648	0.05455	0.03404	0.00905	0.00739	0.00226	0.03965	0.00650	0.00429	0.01008
22	0.07229	0.16421	0.14492	0.01690	0.02376	0.10236	0.01612	0.12633	0.06969	0.16158	0.01875	0.01883	0.01356	0.00847	0.00703	0.00227	0.00915	0.00622	0.00593	0.01161
23	0.01991	0.07028	0.24734	0.02240	0.03043	0.01996	0.17646	0.17844	0.02252	0.03105	0.05036	0.05885	0.01702	0.00916	0.00817	0.00251	0.01039	0.00830	0.00515	0.01130
24	0.02192	0.11367	0.35623	0.01999	0.02900	0.05001	0.02207	0.23572	0.02388	0.03257	0.01541	0.01695	0.01123	0.00815	0.00737	0.00235	0.01044	0.00608	0.00494	0.01204
25	0.01982	0.20405	0.36255	0.02003	0.02907	0.02292	0.04821	0.13130	0.02005	0.02762	0.01422	0.01637	0.01076	0.00787	0.00769	0.00233	0.03360	0.00586	0.00418	0.01150
26	0.01801	0.11551	0.51236	0.02173	0.03219	0.02055	0.05817	0.08428	0.01874	0.02678	0.01442	0.01675	0.01049	0.00759	0.00739	0.00242	0.01115	0.00598	0.00383	0.01166
27	0.07703	0.15104	0.37165	0.01916	0.02830	0.02198	0.02183	0.16665	0.02109	0.03049	0.01455	0.01630	0.01075	0.00785	0.00701	0.00234	0.01007	0.00576	0.00452	0.01163
28	0.02052	0.15324	0.32151	0.02015	0.02891	0.02193	0.06803	0.18498	0.02235	0.03073	0.04369	0.01884	0.01395	0.00823	0.00743	0.00235	0.01015	0.00654	0.00483	0.01164

[dist]
# distance from previous block
# <min> <max>
34	85

[block]
# block no. 4 follows, 24 sequences, length 26
# corresponding to MSA columns:
# 185-210
name=unknown_E
#
# <colnr> <probs for GDERKNQSTAVLIFYWHMCP>
#	G	D	E	R	K	N	Q	S	T	A	V	L	I	F	Y	W	H	M	C	P
0	0.16795	0.09123	0.14649	0.02097	0.12278	0.08209	0.01693	0.02646	0.06895	0.07503	0.03953	0.02492	0.01704	0.00930	0.00721	0.00245	0.00878	0.05616	0.00517	0.01055
1	0.06012	0.09707	0.26770	0.01781	0.02552	0.01719	0.05590	0.06496	0.01940	0.10371	0.09730	0.02587	0.02093	0.00933	0.00758	0.00237	0.00887	0.03183	0.00544	0.06111
2	0.14174	0.10109	0.19574	0.04745	0.06430	0.06968	0.06764	0.02579	0.01778	0.10583	0.03558	0.02328	0.01542	0.00883	0.00732	0.00245	0.00951	0.04511	0.00495	0.01053
3	0.10564	0.07939	0.31670	0.02299	0.12132	0.06090	0.02151	0.02591	0.03703	0.06620	0.01703	0.02205	0.01362	0.00861	0.00735	0.00247	0.00991	0.04584	0.00446	0.01106
4	0.13539	0.07334	0.26010	0.04681	0.12995	0.09571	0.10105	0.02526	0.01728	0.02567	0.01365	0.01680	0.01051	0.00736	0.00723	0.00240	0.01077	0.00610	0.00385	0.01076
5	0.04908	0.02493	0.26479	0.05983	0.17881	0.01666	0.02113	0.04571	0.04439	0.07342	0.08139	0.02302	0.01852	0.00856	0.00767	0.00239	0.00907	0.00723	0.00498	0.05845
6	0.07159	0.02554	0.24505	0.02045	0.06820	0.05079	0.04420	0.06397	0.06066	0.23990	0.02101	0.02103	0.01441	0.00854	0.00764	0.00247	0.00930	0.00690	0.00620	0.01214
7	0.22279	0.01578	0.05070	0.04105	0.02110	0.01519	0.05273	0.02675	0.14263	0.10016	0.02330	0.10229	0.02003	0.01065	0.00734	0.00251	0.00699	0.03159	0.00622	0.10018
8	0.27662	0.22902	0.19190	0.01467	0.02179	0.02101	0.01548	0.02443	0.01612	0.06756	0.04649	0.01705	0.01348	0.00784	0.00605	0.00225	0.00817	0.00542	0.00456	0.01010
9	0.12758	0.17094	0.36318	0.04649	0.06735	0.02048	0.02167	0.02393	0.01642	0.02547	0.03953	0.01744	0.01265	0.00770	0.00677	0.00233	0.00975	0.00577	0.00384	0.01072
10	0.01614	0.03961	0.63914	0.02425	0.07474	0.01844	0.02898	0.02506	0.01683	0.02516	0.01427	0.01692	0.01020	0.00750	0.00755	0.00250	0.01157	0.00594	0.00338	0.01177
11	0.01153	0.00769	0.00865	0.00865	0.00865	0.00769	0.00480	0.01153	0.01153	0.01538	0.02499	0.05189	0.02883	0.72131	0.04036	0.00769	0.00769	0.01153	0.00480	0.00480
12	0.01330	0.01651	0.14514	0.01327	0.01784	0.01198	0.01246	0.02145	0.15603	0.02673	0.17403	0.09056	0.23934	0.01508	0.00877	0.00264	0.00602	0.01276	0.00699	0.00910
13	0.02120	0.72609	0.04155	0.01357	0.02035	0.03138	0.01357	0.02374	0.01611	0.01866	0.01102	0.01272	0.01018	0.00678	0.00509	0.00170	0.00848	0.00424	0.00339	0.01018
14	0.01916	0.02144	0.10494	0.04496	0.56731	0.01886	0.05799	0.02448	0.01795	0.02579	0.01490	0.01940	0.01225	0.00710	0.00790	0.00239	0.00989	0.00705	0.00387	0.01237
15	0.01872	0.03297	0.44666	0.02516	0.10723	0.01858	0.06386	0.06032	0.06024	0.06637	0.01689	0.01895	0.01215	0.00788	0.00777	0.00250	0.01074	0.00662	0.00440	0.01201
16	0.02014	0.02220	0.02468	0.06556	0.02493	0.19147	0.05452	0.02253	0.01542	0.01960	0.01190	0.01763	0.01085	0.01348	0.04624	0.00339	0.41622	0.00669	0.00369	0.00887
17	0.01590	0.04102	0.68023	0.02260	0.03432	0.01842	0.02930	0.02511	0.01674	0.02511	0.01423	0.01674	0.01005	0.00753	0.00753	0.00251	0.01172	0.00586	0.00335	0.01172
18	0.02929	0.02312	0.09787	0.01815	0.02508	0.02205	0.01621	0.48854	0.03287	0.13622	0.02023	0.01991	0.01397	0.00933	0.00789	0.00241	0.00879	0.00711	0.00768	0.01329
19	0.01993	0.06088	0.16672	0.02461	0.03158	0.01901	0.27959	0.02546	0.01765	0.11352	0.01823	0.05738	0.01452	0.00923	0.01083	0.00269	0.10408	0.00856	0.00475	0.01076
20	0.01153	0.00769	0.00865	0.00865	0.00865	0.00769	0.00480	0.01153	0.01153	0.01538	0.02499	0.05189	0.02883	0.72131	0.04036	0.00769	0.00769	0.01153	0.00480	0.00480
21	0.01824	0.01073	0.01109	0.00984	0.01270	0.01127	0.00769	0.15972	0.02128	0.03416	0.02433	0.02719	0.01878	0.00930	0.00608	0.00197	0.00483	0.00733	0.59470	0.00876
22	0.00966	0.00690	0.00920	0.01104	0.01150	0.00644	0.00736	0.01104	0.01518	0.02024	0.04371	0.71614	0.05245	0.02484	0.01012	0.00322	0.00460	0.02254	0.00736	0.00644
23	0.01591	0.06535	0.61380	0.02175	0.03266	0.01833	0.02766	0.02452	0.01681	0.02478	0.01585	0.02115	0.01228	0.00841	0.00765	0.00255	0.01132	0.04424	0.00360	0.01138
24	0.02246	0.02020	0.01966	0.01868	0.06194	0.12435	0.01364	0.10598	0.37898	0.05799	0.02723	0.06999	0.02171	0.01086	0.00803	0.00256	0.00792	0.00888	0.00719	0.01177
25	0.02909	0.08098	0.02367	0.02000	0.02425	0.64818	0.01521	0.03117	0.02207	0.01936	0.01218	0.01420	0.01021	0.00808	0.00702	0.00202	0.01394	0.00505	0.00404	0.00925

[dist]
# distance from previous block
# <min> <max>
10	18

[block]
# block no. 5 follows, 24 sequences, length 61
# corresponding to MSA columns:
# 229-289
name=unknown_F
#
# <colnr> <probs for GDERKNQSTAVLIFYWHMCP>
#	G	D	E	R	K	N	Q	S	T	A	V	L	I	F	Y	W	H	M	C	P
0	0.06652	0.29100	0.10471	0.03915	0.04178	0.07686	0.06394	0.09317	0.05014	0.02557	0.01522	0.01924	0.01280	0.00843	0.00748	0.00225	0.03575	0.03097	0.00449	0.01054
1	0.05871	0.18034	0.06391	0.11846	0.07320	0.07012	0.04884	0.19006	0.02239	0.02948	0.01751	0.01997	0.03858	0.00971	0.02399	0.00253	0.00978	0.00666	0.00500	0.01078
2	0.04954	0.06962	0.26822	0.02569	0.16967	0.04256	0.02168	0.12014	0.07161	0.06161	0.01701	0.01879	0.01268	0.00807	0.00747	0.00240	0.00977	0.00649	0.00495	0.01203
3	0.02061	0.65000	0.11248	0.01457	0.02190	0.02994	0.01532	0.02390	0.01618	0.01937	0.01138	0.01317	0.01016	0.00687	0.00536	0.00179	0.00884	0.00442	0.00339	0.01035
4	0.01509	0.01251	0.04803	0.01316	0.01700	0.01056	0.01113	0.04383	0.05719	0.05807	0.12196	0.13927	0.07202	0.01560	0.00887	0.00264	0.00617	0.17363	0.00696	0.16632
5	0.01165	0.00936	0.04341	0.00951	0.01015	0.00817	0.00622	0.01221	0.01202	0.01617	0.02554	0.08950	0.02926	0.64307	0.03687	0.00716	0.00771	0.01189	0.00488	0.00526
6	0.01560	0.04770	0.01554	0.01509	0.06744	0.01165	0.01058	0.08361	0.02026	0.06289	0.20213	0.20872	0.04444	0.07191	0.01159	0.00315	0.00608	0.08587	0.00723	0.00852
7	0.01765	0.05543	0.07589	0.03126	0.16050	0.01825	0.34315	0.02329	0.01830	0.02503	0.04416	0.05549	0.01906	0.00931	0.00891	0.00266	0.01096	0.06566	0.00454	0.01049
8	0.01735	0.01735	0.02429	0.02082	0.02082	0.02429	0.01735	0.01908	0.01214	0.01908	0.01041	0.01735	0.01041	0.01388	0.02602	0.00347	0.70680	0.00694	0.00347	0.00867
9	0.01214	0.01050	0.01766	0.01610	0.01810	0.01030	0.13473	0.01466	0.01573	0.02118	0.03545	0.47136	0.04065	0.05479	0.01233	0.00337	0.04297	0.05423	0.00636	0.00737
10	0.09528	0.39850	0.19651	0.01638	0.02388	0.10880	0.01724	0.02503	0.01681	0.02203	0.01198	0.01394	0.00999	0.00720	0.00594	0.00202	0.00979	0.00476	0.00362	0.01028
11	0.02114	0.01771	0.01798	0.01602	0.02053	0.05729	0.01253	0.06419	0.51871	0.07137	0.03247	0.03126	0.04611	0.01111	0.00812	0.00265	0.00681	0.02398	0.00790	0.01212
12	0.01590	0.04102	0.68023	0.02260	0.03432	0.01842	0.02930	0.02511	0.01674	0.02511	0.01423	0.01674	0.01005	0.00753	0.00753	0.00251	0.01172	0.00586	0.00335	0.01172
13	0.00964	0.00699	0.00911	0.01080	0.01144	0.00646	0.00725	0.01107	0.01541	0.02034	0.04665	0.66464	0.10204	0.02446	0.01006	0.00318	0.00455	0.02208	0.00736	0.00646
14	0.11856	0.03796	0.02135	0.01666	0.02240	0.02276	0.01363	0.40806	0.18364	0.04337	0.02106	0.02067	0.01539	0.00949	0.00752	0.00245	0.00781	0.00716	0.00748	0.01258
15	0.01644	0.10967	0.61623	0.02170	0.03292	0.01971	0.02772	0.02498	0.01668	0.02447	0.01391	0.01634	0.01006	0.00746	0.00729	0.00243	0.01139	0.00570	0.00335	0.01156
16	0.01731	0.06726	0.61419	0.02172	0.03290	0.01854	0.02759	0.02588	0.01708	0.06429	0.01513	0.01720	0.01063	0.00764	0.00746	0.00247	0.01129	0.00592	0.00374	0.01176
17	0.01898	0.39719	0.27789	0.01904	0.02778	0.02537	0.08726	0.02443	0.01663	0.02177	0.01275	0.01514	0.01033	0.00705	0.00645	0.00210	0.01020	0.00539	0.00344	0.01080
18	0.01108	0.00810	0.01040	0.00983	0.01176	0.00742	0.00737	0.01469	0.02211	0.03099	0.62203	0.06056	0.12096	0.01651	0.00935	0.00251	0.00376	0.01453	0.00862	0.00742
19	0.08848	0.02238	0.05790	0.07137	0.23400	0.12196	0.20947	0.02498	0.01824	0.02505	0.01554	0.04565	0.01301	0.00790	0.00802	0.00247	0.01105	0.00776	0.00415	0.01063
20	0.01775	0.01775	0.02516	0.17243	0.28816	0.08779	0.05295	0.02251	0.04267	0.02331	0.02369	0.10049	0.07036	0.01049	0.00826	0.00253	0.00931	0.00953	0.00468	0.01017
21	0.00960	0.00799	0.00843	0.00872	0.01113	0.00682	0.00656	0.01165	0.01780	0.02144	0.07443	0.14004	0.57073	0.02066	0.00954	0.00279	0.00427	0.05331	0.00736	0.00671
22	0.02547	0.01653	0.01872	0.01572	0.02079	0.01776	0.01251	0.15638	0.33105	0.20937	0.03007	0.06443	0.02244	0.01104	0.00813	0.00260	0.00679	0.00909	0.00847	0.01265
23	0.02816	0.06475	0.05774	0.01905	0.02559	0.06259	0.07182	0.38064	0.05539	0.12509	0.01979	0.01995	0.01403	0.00901	0.00784	0.00237	0.00925	0.00716	0.00711	0.01265
24	0.71522	0.04439	0.01339	0.01098	0.01577	0.01861	0.00915	0.02315	0.01355	0.03421	0.01101	0.01306	0.00873	0.00761	0.00578	0.00246	0.03507	0.00440	0.00479	0.00866
25	0.02602	0.01927	0.02119	0.05784	0.02432	0.02149	0.01417	0.40825	0.17588	0.06415	0.02263	0.02254	0.01642	0.00970	0.00781	0.00243	0.00788	0.00760	0.05783	0.01259
26	0.01908	0.01829	0.03120	0.12511	0.59966	0.01870	0.02407	0.02386	0.01780	0.02525	0.01482	0.01980	0.01233	0.00717	0.00786	0.00239	0.00956	0.00706	0.00388	0.01212
27	0.02303	0.01508	0.01694	0.01407	0.01882	0.01561	0.01126	0.19652	0.16915	0.17126	0.08687	0.03848	0.16298	0.01264	0.00839	0.00254	0.00636	0.01034	0.00830	0.01136
28	0.01838	0.01757	0.02994	0.22354	0.50671	0.01851	0.02372	0.02325	0.01747	0.02440	0.01470	0.02003	0.01203	0.00730	0.00787	0.00243	0.00973	0.00706	0.00382	0.01156
29	0.02196	0.01695	0.01830	0.01604	0.02080	0.01914	0.01260	0.07480	0.55705	0.10159	0.03145	0.02874	0.02314	0.01059	0.00805	0.00265	0.00646	0.00876	0.00824	0.01270
30	0.01896	0.02098	0.04445	0.07324	0.04155	0.02009	0.57964	0.05061	0.01931	0.02610	0.01605	0.02128	0.01200	0.00688	0.00921	0.00266	0.01301	0.00913	0.00414	0.01070
31	0.01314	0.00871	0.01048	0.00987	0.01254	0.00769	0.00763	0.01607	0.02038	0.09594	0.31520	0.06477	0.31724	0.01750	0.00931	0.00264	0.00439	0.05052	0.00819	0.00778
32	0.01916	0.01740	0.02610	0.03517	0.40942	0.01777	0.01944	0.04593	0.15449	0.02800	0.02083	0.02706	0.01765	0.00902	0.00799	0.00244	0.00828	0.05624	0.00526	0.07233
33	0.01377	0.00689	0.01033	0.01033	0.01033	0.00689	0.00689	0.01033	0.01033	0.01377	0.01377	0.02410	0.01377	0.02755	0.03099	0.76928	0.00689	0.00689	0.00344	0.00344
34	0.02006	0.01535	0.01777	0.01297	0.01983	0.01290	0.01048	0.12185	0.02026	0.07807	0.01616	0.01764	0.01261	0.00675	0.00636	0.00146	0.00640	0.00533	0.00560	0.59214
35	0.01764	0.01681	0.02859	0.32828	0.40779	0.01832	0.02335	0.02259	0.01712	0.02349	0.01456	0.02027	0.01171	0.00743	0.00788	0.00248	0.00991	0.00706	0.00375	0.01096
36	0.00986	0.00702	0.00932	0.01108	0.01158	0.00660	0.00747	0.01127	0.01515	0.02018	0.04288	0.66470	0.05122	0.05310	0.01139	0.00342	0.00483	0.04528	0.00725	0.00641
37	0.77733	0.01534	0.01166	0.01043	0.01534	0.01779	0.00859	0.02331	0.01350	0.03558	0.01104	0.01288	0.00859	0.00736	0.00491	0.00245	0.00613	0.00429	0.00491	0.00859
38	0.02198	0.02118	0.01813	0.01617	0.02021	0.20055	0.01245	0.07334	0.29721	0.05194	0.15057	0.03044	0.02945	0.01101	0.00806	0.00245	0.00815	0.00881	0.00716	0.01073
39	0.00984	0.00703	0.00941	0.01125	0.01179	0.00660	0.00767	0.01135	0.01536	0.02044	0.04361	0.68004	0.05206	0.02467	0.01017	0.00325	0.00476	0.05687	0.00736	0.00649
40	0.01251	0.01094	0.01785	0.01614	0.01831	0.01093	0.12935	0.01625	0.05303	0.02247	0.06650	0.46964	0.04168	0.01949	0.01078	0.00307	0.04879	0.01790	0.00660	0.00779
41	0.01577	0.00851	0.00873	0.00830	0.01048	0.00866	0.00633	0.06460	0.01839	0.03116	0.05153	0.03000	0.02204	0.00954	0.00587	0.00191	0.00407	0.00766	0.67860	0.00784
42	0.02222	0.01775	0.01872	0.01625	0.02058	0.05823	0.01300	0.17783	0.29287	0.07373	0.08664	0.03369	0.02663	0.01189	0.00908	0.00266	0.03531	0.06368	0.00771	0.01153
43	0.02462	0.02120	0.02261	0.09756	0.09659	0.11374	0.01591	0.30799	0.07920	0.03575	0.01866	0.02071	0.01416	0.01140	0.04077	0.00286	0.00992	0.00707	0.04776	0.01154
44	0.05655	0.01504	0.01697	0.01295	0.01921	0.01343	0.01037	0.08254	0.10671	0.06736	0.04479	0.02068	0.01651	0.00761	0.00658	0.00169	0.00617	0.00608	0.00593	0.48283
45	0.01077	0.00778	0.00996	0.01132	0.01219	0.00744	0.00773	0.04578	0.01650	0.02192	0.04377	0.65322	0.07415	0.02382	0.00997	0.00315	0.00480	0.02148	0.00739	0.00684
46	0.01794	0.19894	0.50477	0.02016	0.03050	0.02115	0.02492	0.02535	0.01684	0.05040	0.01419	0.01623	0.01047	0.00745	0.00698	0.00232	0.01076	0.00557	0.00362	0.01143
47	0.01710	0.01816	0.06352	0.41448	0.16793	0.06567	0.02137	0.02201	0.01665	0.02198	0.01450	0.02030	0.01137	0.00814	0.00871	0.00254	0.04846	0.00685	0.04057	0.00967
48	0.01140	0.00771	0.00905	0.00916	0.00932	0.00781	0.00542	0.01174	0.01186	0.01594	0.02577	0.08977	0.02943	0.61979	0.09729	0.00788	0.00873	0.01192	0.00491	0.00511
49	0.49651	0.01536	0.01386	0.01130	0.01696	0.01595	0.00922	0.05919	0.01582	0.03341	0.01246	0.01435	0.00986	0.00703	0.00539	0.00205	0.00621	0.00459	0.00502	0.24545
50	0.02598	0.01646	0.01920	0.01461	0.02087	0.01568	0.01191	0.23033	0.05013	0.20899	0.04724	0.02235	0.01744	0.00873	0.00734	0.00202	0.00697	0.00693	0.00742	0.25942
51	0.01131	0.00863	0.00962	0.00900	0.01187	0.00733	0.00683	0.01390	0.01930	0.05025	0.22773	0.06633	0.44876	0.01782	0.00910	0.00253	0.00416	0.01505	0.00766	0.05283
52	0.60792	0.01583	0.01358	0.01164	0.01669	0.01790	0.00956	0.10364	0.01744	0.07609	0.03798	0.01627	0.01237	0.00812	0.00565	0.00245	0.00641	0.00526	0.00574	0.00947
53	0.01838	0.01742	0.02920	0.02161	0.02818	0.01606	0.27349	0.09446	0.04537	0.02814	0.01937	0.09411	0.01692	0.00886	0.00810	0.00222	0.00920	0.00900	0.00521	0.25472
54	0.02138	0.02311	0.15995	0.02337	0.03108	0.01820	0.24546	0.09009	0.05849	0.11659	0.01861	0.02082	0.01346	0.00799	0.00885	0.00246	0.03654	0.00766	0.00536	0.09055
55	0.06064	0.01961	0.02689	0.06049	0.33707	0.02091	0.01935	0.25397	0.06277	0.03545	0.01724	0.01973	0.01332	0.00824	0.00775	0.00240	0.00886	0.00707	0.00568	0.01255
56	0.02482	0.39835	0.05881	0.01592	0.02271	0.02797	0.01482	0.28971	0.02519	0.03230	0.01458	0.01558	0.01159	0.00798	0.00640	0.00202	0.00871	0.00554	0.00533	0.01165
57	0.01820	0.01378	0.01582	0.01509	0.04314	0.01487	0.01105	0.03165	0.36594	0.08859	0.14246	0.07118	0.07209	0.04770	0.01004	0.00289	0.00587	0.01096	0.00794	0.01075
58	0.05825	0.08351	0.06674	0.08795	0.11116	0.17583	0.01588	0.04985	0.01872	0.02459	0.01357	0.01645	0.01104	0.00719	0.00672	0.00193	0.00953	0.00546	0.00428	0.23136
59	0.01220	0.00997	0.01324	0.01274	0.01494	0.00955	0.03313	0.01545	0.05364	0.02215	0.03715	0.45018	0.07669	0.01916	0.01017	0.00281	0.04768	0.01693	0.00659	0.13563
60	0.01579	0.01351	0.01646	0.01259	0.01859	0.01088	0.02849	0.02033	0.05772	0.02553	0.01942	0.11406	0.01818	0.00883	0.00671	0.00160	0.00595	0.00758	0.00526	0.59253

[dist]
# distance from previous block
# <min> <max>
0	2

[block]
# block no. 6 follows, 24 sequences, length 17
# corresponding to MSA columns:
# 292-308
name=unknown_G
#
# <colnr> <probs for GDERKNQSTAVLIFYWHMCP>
#	G	D	E	R	K	N	Q	S	T	A	V	L	I	F	Y	W	H	M	C	P
0	0.01946	0.03295	0.01703	0.01385	0.01719	0.01378	0.01110	0.05463	0.05147	0.16396	0.20038	0.08827	0.05362	0.01335	0.01156	0.00258	0.13318	0.01051	0.00723	0.08389
1	0.01098	0.00748	0.00882	0.00928	0.00965	0.00724	0.00567	0.01133	0.01300	0.01708	0.03434	0.21891	0.09492	0.44301	0.02934	0.04695	0.00652	0.01453	0.00562	0.00532
2	0.01735	0.01735	0.02429	0.02082	0.02082	0.02429	0.01735	0.01908	0.01214	0.01908	0.01041	0.01735	0.01041	0.01388	0.02602	0.00347	0.70680	0.00694	0.00347	0.00867
3	0.07712	0.01834	0.03020	0.07840	0.59100	0.01870	0.02302	0.02405	0.01760	0.02636	0.01458	0.01919	0.01216	0.00713	0.00763	0.00238	0.00923	0.00685	0.00398	0.01207
4	0.01693	0.01097	0.01337	0.01275	0.01540	0.01105	0.00949	0.06936	0.13109	0.12071	0.13420	0.34330	0.04330	0.01774	0.00917	0.00284	0.00538	0.01565	0.00809	0.00921
5	0.00972	0.00700	0.00921	0.01088	0.01149	0.00649	0.00731	0.01122	0.01560	0.02077	0.07116	0.66385	0.07736	0.02430	0.01006	0.00317	0.00454	0.02198	0.00742	0.00649
6	0.01629	0.07126	0.61817	0.02275	0.03405	0.01909	0.06047	0.02507	0.01682	0.02483	0.01418	0.01680	0.01015	0.00746	0.00752	0.00248	0.01166	0.00597	0.00338	0.01160
7	0.02821	0.01855	0.05379	0.01625	0.02237	0.01802	0.01377	0.23027	0.18167	0.26186	0.02608	0.02416	0.01799	0.00968	0.00788	0.00244	0.00748	0.00771	0.00826	0.04354
8	0.07845	0.02744	0.02141	0.08446	0.04887	0.35902	0.01516	0.13475	0.02273	0.02688	0.01453	0.01712	0.01153	0.00862	0.00797	0.00225	0.04306	0.00591	0.06001	0.00983
9	0.01389	0.00695	0.00998	0.00998	0.01020	0.00695	0.00673	0.01130	0.01108	0.01566	0.01522	0.02476	0.01456	0.02536	0.02795	0.67768	0.00651	0.00695	0.09439	0.00391
10	0.01943	0.01642	0.02543	0.10143	0.34992	0.01737	0.01913	0.02521	0.07444	0.07538	0.04527	0.02304	0.01670	0.00879	0.00951	0.00246	0.07590	0.00751	0.04273	0.04393
11	0.02309	0.22076	0.07627	0.01647	0.02211	0.11844	0.01457	0.21597	0.05788	0.02991	0.01958	0.11337	0.01779	0.01059	0.00730	0.00228	0.00898	0.00817	0.00569	0.01078
12	0.01039	0.00761	0.01040	0.04543	0.01404	0.00735	0.00849	0.01251	0.01660	0.02235	0.14282	0.53192	0.05351	0.02241	0.00995	0.00310	0.00495	0.06200	0.00739	0.00679
13	0.02962	0.03779	0.02247	0.02043	0.02451	0.68948	0.01532	0.03166	0.02247	0.01941	0.01226	0.01430	0.01021	0.00817	0.00715	0.00204	0.01430	0.00511	0.00409	0.00919
14	0.01751	0.01871	0.03796	0.09097	0.11352	0.01835	0.41832	0.02321	0.01824	0.02499	0.06223	0.05535	0.01813	0.00860	0.00970	0.00267	0.03712	0.00974	0.00442	0.01026
15	0.02223	0.01687	0.01829	0.01512	0.02033	0.03579	0.01204	0.16198	0.24505	0.09408	0.02509	0.02819	0.01983	0.04520	0.00930	0.00256	0.00711	0.04029	0.00717	0.17350
16	0.10203	0.01370	0.01459	0.01266	0.01566	0.01481	0.00946	0.21561	0.05329	0.03105	0.06894	0.03854	0.02568	0.29553	0.02085	0.00460	0.00747	0.04049	0.00638	0.00868

[dist]
# distance from previous block
# <min> <max>
5	12

[block]
# block no. 7 follows, 24 sequences, length 55
# corresponding to MSA columns:
# 321-375
name=unknown_H
#
# <colnr> <probs for GDERKNQSTAVLIFYWHMCP>
#	G	D	E	R	K	N	Q	S	T	A	V	L	I	F	Y	W	H	M	C	P
0	0.01187	0.00879	0.01034	0.01025	0.01246	0.00821	0.00756	0.01611	0.07519	0.04910	0.24943	0.20844	0.26517	0.01875	0.00937	0.00273	0.00436	0.01629	0.00794	0.00764
1	0.05219	0.02050	0.02171	0.01738	0.02315	0.02297	0.01413	0.45201	0.21389	0.04469	0.02256	0.02185	0.01639	0.00980	0.00787	0.00247	0.00794	0.00757	0.00787	0.01305
2	0.01890	0.11936	0.11203	0.01408	0.02164	0.01566	0.01324	0.06721	0.01823	0.05609	0.01482	0.01662	0.01177	0.00667	0.00623	0.00158	0.00729	0.00512	0.00479	0.46865
3	0.00972	0.00695	0.00926	0.01100	0.01152	0.00648	0.00737	0.01120	0.01548	0.02071	0.06890	0.68962	0.05335	0.02450	0.01009	0.00319	0.00457	0.02221	0.00742	0.00648
4	0.01872	0.02139	0.04679	0.03342	0.04144	0.02005	0.64305	0.02540	0.01872	0.02540	0.01604	0.02139	0.01203	0.00668	0.00936	0.00267	0.01337	0.00936	0.00401	0.01070
5	0.01431	0.05706	0.02376	0.07805	0.11610	0.01371	0.14584	0.01790	0.01704	0.02275	0.05946	0.28483	0.06407	0.01523	0.00910	0.00279	0.00790	0.03570	0.00566	0.00873
6	0.01590	0.04102	0.68023	0.02260	0.03432	0.01842	0.02930	0.02511	0.01674	0.02511	0.01423	0.01674	0.01005	0.00753	0.00753	0.00251	0.01172	0.00586	0.00335	0.01172
7	0.00983	0.00702	0.00939	0.01123	0.01177	0.00659	0.00765	0.01133	0.01535	0.02043	0.04361	0.68227	0.05208	0.02468	0.01017	0.00324	0.00475	0.05475	0.00736	0.00649
8	0.00966	0.00690	0.00920	0.01104	0.01150	0.00644	0.00736	0.01104	0.01518	0.02024	0.04371	0.71614	0.05245	0.02484	0.01012	0.00322	0.00460	0.02254	0.00736	0.00644
9	0.17146	0.01555	0.01873	0.10290	0.02451	0.01612	0.01303	0.13779	0.04715	0.33871	0.02318	0.02231	0.01550	0.00909	0.00739	0.00247	0.00745	0.00705	0.00769	0.01193
10	0.01077	0.00722	0.00963	0.01112	0.01187	0.00670	0.00754	0.01232	0.01581	0.04706	0.07159	0.65869	0.05215	0.02385	0.01000	0.00316	0.00465	0.02159	0.00752	0.00677
11	0.01278	0.00913	0.01278	0.01460	0.01643	0.00913	0.01278	0.01643	0.01825	0.02373	0.04199	0.08945	0.04564	0.02191	0.01095	0.00365	0.00730	0.61847	0.00730	0.00730
12	0.70363	0.01557	0.01258	0.01099	0.01603	0.01780	0.00906	0.05390	0.01511	0.06906	0.01246	0.01390	0.00939	0.00759	0.00521	0.00245	0.00629	0.00462	0.00530	0.00907
13	0.02725	0.02077	0.02217	0.01766	0.02349	0.02324	0.01437	0.47778	0.20963	0.04531	0.02272	0.02197	0.01646	0.00986	0.00797	0.00247	0.00805	0.00765	0.00797	0.01323
14	0.01133	0.00850	0.01274	0.01274	0.01416	0.00991	0.00991	0.01416	0.01274	0.01841	0.02124	0.03115	0.01982	0.05947	0.68989	0.01274	0.02124	0.00850	0.00425	0.00708
15	0.01706	0.01591	0.02678	0.37521	0.32986	0.01768	0.02227	0.02201	0.01688	0.02324	0.01503	0.02086	0.01193	0.00760	0.00778	0.00248	0.00972	0.00707	0.04021	0.01043
16	0.02120	0.72609	0.04155	0.01357	0.02035	0.03138	0.01357	0.02374	0.01611	0.01866	0.01102	0.01272	0.01018	0.00678	0.00509	0.00170	0.00848	0.00424	0.00339	0.01018
17	0.01045	0.00756	0.00992	0.01077	0.01195	0.00703	0.00774	0.01289	0.01821	0.02478	0.27301	0.39755	0.09123	0.02124	0.00987	0.00296	0.00446	0.06363	0.00786	0.00690
18	0.01185	0.00880	0.01253	0.01234	0.01351	0.01024	0.00939	0.01428	0.01274	0.01860	0.02141	0.03316	0.02058	0.14436	0.53226	0.01102	0.05456	0.00877	0.04274	0.00687
19	0.01166	0.00872	0.01192	0.01181	0.01264	0.00984	0.00857	0.01348	0.01298	0.01830	0.05206	0.09797	0.02716	0.24960	0.35890	0.00929	0.06301	0.01079	0.00483	0.00647
20	0.01941	0.01554	0.01893	0.01390	0.02073	0.01325	0.03999	0.09799	0.05312	0.06433	0.01667	0.01825	0.01305	0.00682	0.00651	0.00154	0.00664	0.00561	0.00551	0.56221
21	0.01755	0.06400	0.58835	0.02206	0.03280	0.09041	0.02727	0.02577	0.01733	0.02428	0.01391	0.01634	0.01007	0.00758	0.00741	0.00243	0.01188	0.00572	0.00343	0.01140
22	0.01922	0.01333	0.01526	0.01375	0.01725	0.01416	0.01112	0.19218	0.10691	0.05725	0.11092	0.07988	0.03284	0.01389	0.00846	0.00265	0.00632	0.13578	0.13894	0.00989
23	0.02246	0.01480	0.01560	0.01282	0.01692	0.01599	0.01031	0.33196	0.02696	0.03977	0.02245	0.02430	0.01691	0.00938	0.00674	0.00211	0.00621	0.00727	0.38661	0.01044
24	0.01620	0.01401	0.01676	0.01242	0.01854	0.01157	0.00997	0.01958	0.01644	0.02562	0.05432	0.01918	0.01554	0.00721	0.00784	0.00146	0.06651	0.00549	0.00484	0.65651
25	0.01124	0.00925	0.03424	0.01168	0.01330	0.00806	0.00886	0.04051	0.01768	0.02364	0.12557	0.46273	0.10649	0.02175	0.00984	0.00305	0.00511	0.07240	0.00742	0.00717
26	0.02196	0.06464	0.02493	0.06291	0.23551	0.14368	0.01710	0.08399	0.10251	0.05262	0.09227	0.02433	0.02085	0.00915	0.00777	0.00234	0.00911	0.00764	0.00557	0.01112
27	0.06463	0.09249	0.28205	0.02529	0.06253	0.02003	0.22894	0.02427	0.01718	0.02524	0.03776	0.01938	0.01310	0.00778	0.00876	0.00253	0.04618	0.00719	0.00390	0.01078
28	0.44340	0.01437	0.01448	0.01215	0.01704	0.01542	0.00999	0.02771	0.01706	0.24925	0.05851	0.02070	0.01648	0.00906	0.00727	0.00251	0.04142	0.00628	0.00671	0.01017
29	0.01787	0.01488	0.02041	0.04504	0.11927	0.01298	0.03651	0.02155	0.01687	0.06545	0.01653	0.04981	0.01411	0.00765	0.00767	0.00175	0.04045	0.00644	0.00489	0.47985
30	0.06460	0.02530	0.25208	0.02359	0.03096	0.01801	0.22646	0.02376	0.01669	0.05788	0.01699	0.05232	0.01380	0.01242	0.05750	0.00340	0.08149	0.00810	0.00426	0.01040
31	0.01175	0.00866	0.01105	0.01036	0.01239	0.00824	0.00780	0.01665	0.06184	0.03188	0.62825	0.05740	0.07168	0.01587	0.00927	0.00251	0.00390	0.01401	0.00869	0.00780
32	0.01471	0.01373	0.02305	0.66750	0.05245	0.01706	0.02129	0.01980	0.01582	0.02026	0.01558	0.05609	0.01268	0.00878	0.00804	0.00267	0.01027	0.00783	0.00372	0.00869
33	0.02700	0.02272	0.02331	0.13306	0.02941	0.11417	0.01614	0.42582	0.06335	0.03995	0.01796	0.01928	0.01310	0.00913	0.00783	0.00239	0.00967	0.00694	0.00667	0.01207
34	0.03303	0.01289	0.01754	0.01374	0.01937	0.01118	0.01123	0.03604	0.02230	0.61131	0.06392	0.06382	0.02408	0.01090	0.00815	0.00249	0.00649	0.00904	0.00963	0.01283
35	0.01133	0.00850	0.01274	0.01274	0.01416	0.00991	0.00991	0.01416	0.01274	0.01841	0.02124	0.03115	0.01982	0.05947	0.68989	0.01274	0.02124	0.00850	0.00425	0.00708
36	0.01478	0.00739	0.00739	0.00739	0.00924	0.00739	0.00554	0.01848	0.01663	0.02956	0.02587	0.02956	0.02033	0.00924	0.00554	0.00185	0.00370	0.00739	0.76534	0.00739
37	0.00980	0.00706	0.00930	0.01083	0.01151	0.00655	0.00733	0.01143	0.01599	0.02141	0.10566	0.63018	0.07588	0.02384	0.01002	0.00313	0.00450	0.02155	0.00749	0.00655
38	0.01735	0.01735	0.02429	0.02082	0.02082	0.02429	0.01735	0.01908	0.01214	0.01908	0.01041	0.01735	0.01041	0.01388	0.02602	0.00347	0.70680	0.00694	0.00347	0.00867
39	0.01981	0.01002	0.01327	0.01137	0.01479	0.00893	0.00891	0.02324	0.02236	0.26086	0.41795	0.04846	0.07896	0.01409	0.00886	0.00249	0.00482	0.01217	0.00906	0.00959
40	0.00966	0.00690	0.00920	0.01104	0.01150	0.00644	0.00736	0.01104	0.01518	0.02024	0.04371	0.71614	0.05245	0.02484	0.01012	0.00322	0.00460	0.02254	0.00736	0.00644
41	0.02962	0.03779	0.02247	0.02043	0.02451	0.68948	0.01532	0.03166	0.02247	0.01941	0.01226	0.01430	0.01021	0.00817	0.00715	0.00204	0.01430	0.00511	0.00409	0.00919
42	0.01735	0.01735	0.02429	0.02082	0.02082	0.02429	0.01735	0.01908	0.01214	0.01908	0.01041	0.01735	0.01041	0.01388	0.02602	0.00347	0.70680	0.00694	0.00347	0.00867
43	0.01106	0.00810	0.01038	0.00981	0.01175	0.00741	0.00736	0.01465	0.02207	0.03090	0.61650	0.06072	0.12655	0.01655	0.00935	0.00251	0.00377	0.01455	0.00861	0.00741
44	0.00966	0.00690	0.00920	0.01104	0.01150	0.00644	0.00736	0.01104	0.01518	0.02024	0.04371	0.71614	0.05245	0.02484	0.01012	0.00322	0.00460	0.02254	0.00736	0.00644
45	0.01963	0.01884	0.03219	0.04867	0.67185	0.01884	0.02434	0.02434	0.01806	0.02591	0.01492	0.01963	0.01256	0.00707	0.00785	0.00236	0.00942	0.00707	0.00393	0.01256
46	0.03487	0.01464	0.01911	0.01465	0.02081	0.01335	0.01210	0.11808	0.02461	0.59521	0.02968	0.02595	0.01883	0.00978	0.00797	0.00244	0.00701	0.00787	0.00957	0.01349
47	0.02962	0.03779	0.02247	0.02043	0.02451	0.68948	0.01532	0.03166	0.02247	0.01941	0.01226	0.01430	0.01021	0.00817	0.00715	0.00204	0.01430	0.00511	0.00409	0.00919
48	0.03006	0.02119	0.02303	0.01778	0.02401	0.02322	0.01465	0.56145	0.06864	0.10311	0.02079	0.02028	0.01458	0.00961	0.00794	0.00240	0.00843	0.00731	0.00810	0.01344
