[name]
unknown

[dist]
# distance from previous block
# <min> <max>
0	41

[block]
# block no. 0 follows, 24 sequences, length 104
# corresponding to MSA columns:
# 41-144
name=unknown_A
#
# <colnr> <probs for GDERKNQSTAVLIFYWHMCP>
#	G	D	E	R	K	N	Q	S	T	A	V	L	I	F	Y	W	H	M	C	P
0	0.01278	0.00913	0.01278	0.01460	0.01643	0.00913	0.01278	0.01643	0.01825	0.02373	0.04199	0.08945	0.04564	0.02191	0.01095	0.00365	0.00730	0.61847	0.00730	0.00730
1	0.03006	0.02470	0.02359	0.01859	0.02458	0.13079	0.01511	0.54738	0.03492	0.04509	0.01796	0.01828	0.01296	0.00930	0.00781	0.00233	0.00962	0.00681	0.00732	0.01280
2	0.01644	0.01409	0.01644	0.01175	0.01879	0.01057	0.00940	0.01997	0.01644	0.02584	0.01409	0.01644	0.01175	0.00587	0.00587	0.00117	0.00587	0.00470	0.00470	0.76979
3	0.01478	0.00739	0.00739	0.00739	0.00924	0.00739	0.00554	0.01848	0.01663	0.02956	0.02587	0.02956	0.02033	0.00924	0.00554	0.00185	0.00370	0.00739	0.76534	0.00739
4	0.01606	0.03996	0.64608	0.02319	0.03471	0.01850	0.06238	0.02513	0.01685	0.02513	0.01433	0.01699	0.01015	0.00749	0.00763	0.00252	0.01181	0.00605	0.00338	0.01166
5	0.01963	0.01884	0.03219	0.04867	0.67185	0.01884	0.02434	0.02434	0.01806	0.02591	0.01492	0.01963	0.01256	0.00707	0.00785	0.00236	0.00942	0.00707	0.00393	0.01256
6	0.01133	0.00850	0.01274	0.01274	0.01416	0.00991	0.00991	0.01416	0.01274	0.01841	0.02124	0.03115	0.01982	0.05947	0.68989	0.01274	0.02124	0.00850	0.00425	0.00708
7	0.01498	0.01409	0.02378	0.70226	0.05462	0.01762	0.02202	0.02026	0.01586	0.02026	0.01409	0.02114	0.01057	0.00793	0.00793	0.00264	0.01057	0.00705	0.00352	0.00881
8	0.03032	0.01367	0.01767	0.01434	0.01974	0.01283	0.01171	0.03703	0.13994	0.49370	0.05909	0.03238	0.02429	0.01095	0.00822	0.00257	0.00656	0.04300	0.00930	0.01271
9	0.01498	0.01409	0.02378	0.70226	0.05462	0.01762	0.02202	0.02026	0.01586	0.02026	0.01409	0.02114	0.01057	0.00793	0.00793	0.00264	0.01057	0.00705	0.00352	0.00881
10	0.05084	0.01454	0.02391	0.61622	0.10363	0.01773	0.02159	0.02074	0.01593	0.02144	0.01402	0.02063	0.01064	0.00783	0.00778	0.00261	0.01027	0.00692	0.00362	0.00911
11	0.01783	0.01883	0.03405	0.02755	0.06638	0.02155	0.28955	0.02193	0.01536	0.02219	0.01355	0.01980	0.01162	0.01222	0.04471	0.00344	0.33790	0.00806	0.00376	0.00971
12	0.01013	0.00814	0.00969	0.01102	0.04122	0.00725	0.00734	0.01207	0.01710	0.02158	0.09626	0.28281	0.37573	0.04932	0.01081	0.00304	0.00459	0.01786	0.00718	0.00685
13	0.01644	0.01409	0.01644	0.01175	0.01879	0.01057	0.00940	0.01997	0.01644	0.02584	0.01409	0.01644	0.01175	0.00587	0.00587	0.00117	0.00587	0.00470	0.00470	0.76979
14	0.01377	0.00689	0.01033	0.01033	0.01033	0.00689	0.00689	0.01033	0.01033	0.01377	0.01377	0.02410	0.01377	0.02755	0.03099	0.76928	0.00689	0.00689	0.00344	0.00344
15	0.01963	0.01884	0.03219	0.04867	0.67185	0.01884	0.02434	0.02434	0.01806	0.02591	0.01492	0.01963	0.01256	0.00707	0.00785	0.00236	0.00942	0.00707	0.00393	0.01256
16	0.01067	0.00762	0.01035	0.01219	0.01309	0.00731	0.00911	0.01278	0.01617	0.02137	0.04315	0.51418	0.05025	0.02390	0.01039	0.00336	0.00547	0.21459	0.00734	0.00672
17	0.58140	0.01492	0.01287	0.01128	0.01615	0.01677	0.00919	0.02672	0.07679	0.11122	0.01617	0.01693	0.01194	0.00807	0.00561	0.00245	0.00611	0.00532	0.04061	0.00950
18	0.01122	0.00811	0.01060	0.00998	0.01185	0.00748	0.00748	0.01496	0.02245	0.03180	0.66766	0.05923	0.07482	0.01621	0.00935	0.00249	0.00374	0.01434	0.00873	0.00748
19	0.01872	0.02139	0.04679	0.03342	0.04144	0.02005	0.64305	0.02540	0.01872	0.02540	0.01604	0.02139	0.01203	0.00668	0.00936	0.00267	0.01337	0.00936	0.00401	0.01070
20	0.00952	0.00804	0.00824	0.00819	0.01080	0.00676	0.00614	0.01168	0.01843	0.02228	0.12871	0.07491	0.61972	0.01976	0.00937	0.00266	0.00399	0.01654	0.00748	0.00676
21	0.00975	0.00694	0.00918	0.01093	0.01137	0.00650	0.00724	0.01106	0.01501	0.02002	0.04285	0.68563	0.05136	0.05683	0.01151	0.00343	0.00474	0.02204	0.00724	0.00637
22	0.01963	0.01884	0.03219	0.04867	0.67185	0.01884	0.02434	0.02434	0.01806	0.02591	0.01492	0.01963	0.01256	0.00707	0.00785	0.00236	0.00942	0.00707	0.00393	0.01256
23	0.00937	0.00803	0.00803	0.00803	0.01071	0.00669	0.00602	0.01138	0.01807	0.02142	0.08033	0.07632	0.66863	0.02008	0.00937	0.00268	0.00402	0.01674	0.00736	0.00669
24	0.01168	0.00833	0.00964	0.00917	0.01149	0.00735	0.00679	0.01425	0.01947	0.06029	0.30054	0.06499	0.34993	0.07690	0.01189	0.00302	0.00437	0.01490	0.00781	0.00721
25	0.01278	0.00913	0.01278	0.01460	0.01643	0.00913	0.01278	0.01643	0.01825	0.02373	0.04199	0.08945	0.04564	0.02191	0.01095	0.00365	0.00730	0.61847	0.00730	0.00730
26	0.00969	0.00805	0.00847	0.00837	0.01091	0.00683	0.00627	0.01199	0.01882	0.02319	0.18067	0.07340	0.56718	0.01942	0.00937	0.00265	0.00397	0.01633	0.00760	0.00683
27	0.01972	0.01703	0.01793	0.01614	0.02062	0.01972	0.01255	0.04214	0.65752	0.03317	0.03228	0.02959	0.02421	0.01076	0.00807	0.00269	0.00628	0.00897	0.00807	0.01255
28	0.01997	0.01624	0.01745	0.01571	0.02000	0.01846	0.01218	0.06332	0.55204	0.06010	0.03267	0.08669	0.02596	0.01185	0.00823	0.00271	0.00625	0.00999	0.00808	0.01212
29	0.01872	0.02139	0.04679	0.03342	0.04144	0.02005	0.64305	0.02540	0.01872	0.02540	0.01604	0.02139	0.01203	0.00668	0.00936	0.00267	0.01337	0.00936	0.00401	0.01070
30	0.00966	0.00690	0.00920	0.01104	0.01150	0.00644	0.00736	0.01104	0.01518	0.02024	0.04371	0.71614	0.05245	0.02484	0.01012	0.00322	0.00460	0.02254	0.00736	0.00644
31	0.01028	0.00807	0.00929	0.00899	0.01127	0.00708	0.00674	0.01314	0.02022	0.02652	0.36887	0.06792	0.37691	0.01818	0.00936	0.00259	0.00388	0.01556	0.00803	0.00708
32	0.00965	0.00696	0.00914	0.01088	0.01146	0.00645	0.00729	0.01106	0.01533	0.02030	0.04562	0.68279	0.08457	0.02460	0.01008	0.00319	0.00457	0.02224	0.00736	0.00645
33	0.01153	0.00769	0.00865	0.00865	0.00865	0.00769	0.00480	0.01153	0.01153	0.01538	0.02499	0.05189	0.02883	0.72131	0.04036	0.00769	0.00769	0.01153	0.00480	0.00480
34	0.77733	0.01534	0.01166	0.01043	0.01534	0.01779	0.00859	0.02331	0.01350	0.03558	0.01104	0.01288	0.00859	0.00736	0.00491	0.00245	0.00613	0.00429	0.00491	0.00859
35	0.00966	0.00690	0.00920	0.01104	0.01150	0.00644	0.00736	0.01104	0.01518	0.02024	0.04371	0.71614	0.05245	0.02484	0.01012	0.00322	0.00460	0.02254	0.00736	0.00644
36	0.02972	0.03473	0.02273	0.02000	0.02453	0.55861	0.01527	0.15246	0.02539	0.02542	0.01359	0.01523	0.01086	0.00844	0.00730	0.00211	0.01320	0.00551	0.00484	0.01004
37	0.02962	0.03779	0.02247	0.02043	0.02451	0.68948	0.01532	0.03166	0.02247	0.01941	0.01226	0.01430	0.01021	0.00817	0.00715	0.00204	0.01430	0.00511	0.00409	0.00919
38	0.01872	0.02139	0.04679	0.03342	0.04144	0.02005	0.64305	0.02540	0.01872	0.02540	0.01604	0.02139	0.01203	0.00668	0.00936	0.00267	0.01337	0.00936	0.00401	0.01070
39	0.00965	0.00696	0.00914	0.01088	0.01146	0.00645	0.00729	0.01106	0.01533	0.02030	0.04562	0.68279	0.08457	0.02460	0.01008	0.00319	0.00457	0.02224	0.00736	0.00645
40	0.01122	0.00811	0.01060	0.00998	0.01185	0.00748	0.00748	0.01496	0.02245	0.03180	0.66766	0.05923	0.07482	0.01621	0.00935	0.00249	0.00374	0.01434	0.00873	0.00748
41	0.01208	0.00831	0.01076	0.01003	0.01211	0.00760	0.00756	0.01569	0.02221	0.05661	0.60937	0.05893	0.10627	0.01618	0.00930	0.00250	0.00387	0.01423	0.00869	0.00767
42	0.03044	0.01882	0.02131	0.01655	0.02248	0.01989	0.01354	0.41099	0.06545	0.23068	0.02356	0.02322	0.01646	0.03767	0.00923	0.00263	0.00798	0.00765	0.00837	0.01310
43	0.01133	0.00850	0.01274	0.01274	0.01416	0.00991	0.00991	0.01416	0.01274	0.01841	0.02124	0.03115	0.01982	0.05947	0.68989	0.01274	0.02124	0.00850	0.00425	0.00708
44	0.01963	0.01884	0.03219	0.04867	0.67185	0.01884	0.02434	0.02434	0.01806	0.02591	0.01492	0.01963	0.01256	0.00707	0.00785	0.00236	0.00942	0.00707	0.00393	0.01256
45	0.01590	0.04102	0.68023	0.02260	0.03432	0.01842	0.02930	0.02511	0.01674	0.02511	0.01423	0.01674	0.01005	0.00753	0.00753	0.00251	0.01172	0.00586	0.00335	0.01172
46	0.01590	0.04102	0.68023	0.02260	0.03432	0.01842	0.02930	0.02511	0.01674	0.02511	0.01423	0.01674	0.01005	0.00753	0.00753	0.00251	0.01172	0.00586	0.00335	0.01172
47	0.02903	0.03518	0.02229	0.01998	0.02427	0.59195	0.01512	0.08289	0.06424	0.02280	0.01409	0.01567	0.01138	0.00845	0.00727	0.00211	0.01333	0.00552	0.00466	0.00976
48	0.02073	0.01432	0.01631	0.01468	0.01857	0.01542	0.01130	0.09311	0.32453	0.13713	0.03379	0.20717	0.02976	0.01415	0.00858	0.00276	0.00616	0.01216	0.00816	0.01121
49	0.01232	0.00895	0.01213	0.01364	0.01556	0.00877	0.01176	0.01578	0.01843	0.02384	0.07550	0.08654	0.11828	0.02143	0.01070	0.00349	0.00676	0.52150	0.00738	0.00724
50	0.03383	0.01419	0.01858	0.01447	0.02046	0.01296	0.01188	0.06363	0.08443	0.58982	0.03088	0.02692	0.01982	0.00989	0.00798	0.00247	0.00678	0.00804	0.00957	0.01340
51	0.01059	0.00729	0.00893	0.00985	0.01008	0.00706	0.00609	0.01129	0.01336	0.01782	0.03438	0.38532	0.04068	0.37172	0.02518	0.00545	0.00614	0.01706	0.00609	0.00563
52	0.01963	0.01884	0.03219	0.04867	0.67185	0.01884	0.02434	0.02434	0.01806	0.02591	0.01492	0.01963	0.01256	0.00707	0.00785	0.00236	0.00942	0.00707	0.00393	0.01256
53	0.02646	0.03160	0.02488	0.05802	0.05675	0.47248	0.06771	0.05880	0.05609	0.02239	0.01410	0.01666	0.01141	0.00844	0.00832	0.00225	0.04339	0.00603	0.00441	0.00981
54	0.00966	0.00690	0.00920	0.01104	0.01150	0.00644	0.00736	0.01104	0.01518	0.02024	0.04371	0.71614	0.05245	0.02484	0.01012	0.00322	0.00460	0.02254	0.00736	0.00644
55	0.01153	0.00769	0.00865	0.00865	0.00865	0.00769	0.00480	0.01153	0.01153	0.01538	0.02499	0.05189	0.02883	0.72131	0.04036	0.00769	0.00769	0.01153	0.00480	0.00480
56	0.00963	0.00703	0.00907	0.01070	0.01141	0.00647	0.00721	0.01108	0.01551	0.02038	0.04790	0.64283	0.12305	0.02430	0.01004	0.00316	0.00453	0.02188	0.00736	0.00647
57	0.01963	0.01884	0.03219	0.04867	0.67185	0.01884	0.02434	0.02434	0.01806	0.02591	0.01492	0.01963	0.01256	0.00707	0.00785	0.00236	0.00942	0.00707	0.00393	0.01256
58	0.38808	0.23403	0.02322	0.01323	0.01883	0.07813	0.01151	0.10566	0.01815	0.03099	0.01218	0.01376	0.00985	0.00754	0.00554	0.00218	0.00786	0.00472	0.00478	0.00976
59	0.01134	0.00846	0.01257	0.01257	0.01392	0.00981	0.00969	0.01405	0.01269	0.01828	0.02140	0.03206	0.02022	0.08841	0.66150	0.01252	0.02065	0.00863	0.00427	0.00698
60	0.12883	0.02046	0.02171	0.01811	0.04828	0.02280	0.01423	0.45672	0.11618	0.04485	0.01957	0.01964	0.01422	0.00930	0.00754	0.00243	0.00808	0.00700	0.00739	0.01267
61	0.77733	0.01534	0.01166	0.01043	0.01534	0.01779	0.00859	0.02331	0.01350	0.03558	0.01104	0.01288	0.00859	0.00736	0.00491	0.00245	0.00613	0.00429	0.00491	0.00859
62	0.01248	0.01173	0.06651	0.01165	0.01460	0.00964	0.00980	0.01858	0.08702	0.03139	0.54877	0.05270	0.06430	0.01494	0.00907	0.00252	0.00466	0.01309	0.00822	0.00835
63	0.02092	0.68916	0.07598	0.01406	0.02111	0.03068	0.01442	0.02382	0.01615	0.01900	0.01120	0.01294	0.01017	0.00682	0.00522	0.00174	0.00865	0.00433	0.00339	0.01026
64	0.01616	0.03831	0.60109	0.02305	0.03428	0.01823	0.07904	0.02493	0.01689	0.02517	0.01437	0.01711	0.01028	0.00740	0.00762	0.00247	0.01162	0.00610	0.00346	0.04243
65	0.02099	0.69890	0.06690	0.01393	0.02091	0.03086	0.01419	0.02380	0.01614	0.01891	0.01115	0.01288	0.01017	0.00681	0.00519	0.00173	0.00861	0.00430	0.00339	0.01024
66	0.02073	0.66468	0.09881	0.01438	0.02160	0.03022	0.01498	0.02387	0.01617	0.01924	0.01131	0.01308	0.01016	0.00685	0.00531	0.00177	0.00877	0.00439	0.00339	0.01031
67	0.01134	0.00847	0.01259	0.01259	0.01395	0.00983	0.00972	0.01406	0.01270	0.01830	0.02138	0.03193	0.02016	0.08416	0.66566	0.01256	0.02073	0.00861	0.00427	0.00700
68	0.02909	0.02119	0.02267	0.01750	0.02354	0.02341	0.01442	0.60238	0.03587	0.04858	0.01951	0.01976	0.01396	0.00950	0.00777	0.00234	0.00838	0.00716	0.05992	0.01307
69	0.01298	0.00887	0.01134	0.04903	0.01467	0.00820	0.00828	0.01631	0.02099	0.08170	0.43016	0.05873	0.21636	0.01619	0.00916	0.00255	0.00444	0.01401	0.00818	0.00785
70	0.03422	0.01567	0.01975	0.01514	0.02133	0.01488	0.01251	0.18997	0.02633	0.52087	0.02823	0.02501	0.01810	0.00974	0.00796	0.00244	0.00724	0.00777	0.00935	0.01349
71	0.01245	0.00823	0.01077	0.01022	0.01214	0.00755	0.00760	0.01550	0.02100	0.06419	0.51850	0.11309	0.09401	0.01738	0.01047	0.04253	0.00415	0.01443	0.00833	0.00747
72	0.01135	0.00843	0.01241	0.01241	0.01371	0.00973	0.00949	0.01394	0.01264	0.01816	0.02155	0.03286	0.02057	0.11399	0.63639	0.01233	0.02012	0.00875	0.00429	0.00689
73	0.02240	0.01836	0.01944	0.01668	0.02164	0.02097	0.01320	0.19693	0.49838	0.03748	0.02888	0.02688	0.02146	0.01044	0.00803	0.00261	0.00690	0.00850	0.00803	0.01279
74	0.01894	0.02076	0.04319	0.03719	0.19707	0.01975	0.49031	0.02514	0.01855	0.02553	0.01576	0.02095	0.01216	0.00678	0.00899	0.00260	0.01239	0.00879	0.00399	0.01116
75	0.01825	0.02171	0.09804	0.07582	0.03722	0.02014	0.40932	0.05087	0.01805	0.02499	0.01530	0.02065	0.01187	0.00983	0.03559	0.00311	0.10641	0.00842	0.00402	0.01038
76	0.13681	0.28228	0.02767	0.04608	0.02209	0.02341	0.01332	0.15969	0.02135	0.14944	0.01661	0.01727	0.01242	0.00831	0.00704	0.00220	0.03131	0.00578	0.00578	0.01115
77	0.01125	0.00807	0.01044	0.00987	0.01158	0.00750	0.00726	0.01468	0.02155	0.03045	0.61473	0.05863	0.07103	0.07429	0.01191	0.00292	0.00407	0.01411	0.00841	0.00726
78	0.01278	0.00982	0.01372	0.01387	0.03747	0.01119	0.01008	0.04364	0.01403	0.01979	0.02301	0.03442	0.04277	0.15986	0.46924	0.01023	0.05316	0.00908	0.00457	0.00727
79	0.02188	0.60074	0.08081	0.01477	0.02175	0.05198	0.01477	0.07530	0.01811	0.02168	0.01193	0.01355	0.01044	0.00710	0.00555	0.00182	0.00890	0.00461	0.00379	0.01052
80	0.06749	0.02195	0.02216	0.01753	0.02303	0.07455	0.01434	0.49636	0.03238	0.04405	0.01802	0.01886	0.01320	0.00952	0.00855	0.00239	0.04637	0.00684	0.05012	0.01229
81	0.00992	0.00721	0.00936	0.01062	0.01150	0.00665	0.00728	0.01178	0.01672	0.02243	0.15963	0.54771	0.10404	0.02291	0.00992	0.00305	0.00440	0.02061	0.00761	0.00665
82	0.01352	0.00979	0.01166	0.01090	0.01161	0.01068	0.00728	0.06473	0.01415	0.01933	0.04249	0.04451	0.02655	0.51805	0.09813	0.00723	0.06765	0.01058	0.00502	0.00615
83	0.01211	0.00958	0.01399	0.01354	0.01470	0.01162	0.01057	0.01464	0.01260	0.01832	0.02007	0.03057	0.01913	0.09113	0.56843	0.01127	0.10793	0.00847	0.00418	0.00715
84	0.01350	0.00887	0.01119	0.01048	0.01273	0.00826	0.00783	0.01752	0.05007	0.08702	0.44727	0.11055	0.11989	0.04640	0.01055	0.00280	0.00439	0.01431	0.00839	0.00798
85	0.01009	0.00754	0.00924	0.01041	0.01161	0.00692	0.00740	0.01179	0.01603	0.02057	0.05214	0.41139	0.22112	0.08104	0.01252	0.00349	0.00500	0.08808	0.00714	0.00647
86	0.02052	0.63777	0.12389	0.01473	0.02215	0.02971	0.01560	0.02392	0.01619	0.01949	0.01144	0.01324	0.01016	0.00688	0.00540	0.00180	0.00890	0.00445	0.00339	0.01038
87	0.01872	0.02139	0.04679	0.03342	0.04144	0.02005	0.64305	0.02540	0.01872	0.02540	0.01604	0.02139	0.01203	0.00668	0.00936	0.00267	0.01337	0.00936	0.00401	0.01070
88	0.01135	0.00842	0.01238	0.01238	0.01367	0.00971	0.00946	0.01393	0.01264	0.01814	0.02158	0.03301	0.02063	0.11871	0.63175	0.01229	0.02003	0.00877	0.00430	0.00688
89	0.06953	0.02049	0.02206	0.04427	0.02445	0.04954	0.01435	0.44398	0.03172	0.16902	0.02053	0.02015	0.01417	0.00934	0.00775	0.00239	0.00851	0.00706	0.00780	0.01287
90	0.01837	0.02044	0.03997	0.11221	0.06931	0.05383	0.47168	0.02425	0.01834	0.02420	0.01713	0.06025	0.01408	0.00796	0.00905	0.00265	0.01241	0.00950	0.00414	0.01024
91	0.00974	0.00693	0.00918	0.01094	0.01138	0.00649	0.00725	0.01106	0.01503	0.02004	0.04292	0.68807	0.05145	0.05428	0.01140	0.00341	0.00473	0.02208	0.00725	0.00637
92	0.34877	0.18894	0.07878	0.05358	0.08947	0.02159	0.04323	0.04990	0.01623	0.02900	0.01243	0.01494	0.00997	0.00730	0.00596	0.00228	0.00817	0.00519	0.00433	0.00995
93	0.01988	0.09022	0.10900	0.17894	0.03839	0.14936	0.25335	0.02526	0.01833	0.02243	0.01420	0.01863	0.01095	0.00736	0.00801	0.00244	0.01228	0.00714	0.00378	0.01005
94	0.00966	0.00690	0.00920	0.01104	0.01150	0.00644	0.00736	0.01104	0.01518	0.02024	0.04371	0.71614	0.05245	0.02484	0.01012	0.00322	0.00460	0.02254	0.00736	0.00644
95	0.02938	0.02147	0.02310	0.01793	0.02410	0.02375	0.01474	0.57223	0.09234	0.06830	0.02061	0.02023	0.01464	0.00964	0.00795	0.00241	0.00844	0.00733	0.00800	0.01340
96	0.01189	0.00880	0.01117	0.01046	0.01253	0.00844	0.00788	0.01708	0.07198	0.03191	0.61810	0.05692	0.07087	0.01579	0.00925	0.00251	0.00394	0.01392	0.00868	0.00788
97	0.77733	0.01534	0.01166	0.01043	0.01534	0.01779	0.00859	0.02331	0.01350	0.03558	0.01104	0.01288	0.00859	0.00736	0.00491	0.00245	0.00613	0.00429	0.00491	0.00859
98	0.01936	0.01446	0.01706	0.01237	0.01927	0.01145	0.00996	0.05581	0.01828	0.10141	0.01632	0.01779	0.01274	0.00652	0.00622	0.00139	0.00613	0.00520	0.00546	0.64280
99	0.01106	0.00827	0.00938	0.00899	0.01150	0.00718	0.00678	0.01375	0.01987	0.05021	0.29666	0.06809	0.42336	0.01825	0.00931	0.00260	0.00402	0.01551	0.00796	0.00725
100	0.06256	0.02207	0.02275	0.01775	0.02384	0.05453	0.01456	0.54028	0.06119	0.07189	0.01941	0.01931	0.01381	0.00943	0.00777	0.00238	0.00869	0.00703	0.00770	0.01303
101	0.01133	0.00850	0.01274	0.01274	0.01416	0.00991	0.00991	0.01416	0.01274	0.01841	0.02124	0.03115	0.01982	0.05947	0.68989	0.01274	0.02124	0.00850	0.00425	0.00708
102	0.03513	0.01421	0.01885	0.01445	0.02060	0.01272	0.01194	0.08862	0.02390	0.62567	0.03028	0.02634	0.01912	0.00979	0.00797	0.00245	0.00691	0.00791	0.00966	0.01349
103	0.01634	0.03797	0.58186	0.02428	0.03543	0.01867	0.12461	0.02516	0.01705	0.02516	0.01451	0.01746	0.01035	0.00740	0.00782	0.00254	0.01198	0.00640	0.00345	0.01156

[dist]
# distance from previous block
# <min> <max>
0	1

[block]
# block no. 1 follows, 24 sequences, length 19
# corresponding to MSA columns:
# 146-164
name=unknown_B
#
# <colnr> <probs for GDERKNQSTAVLIFYWHMCP>
#	G	D	E	R	K	N	Q	S	T	A	V	L	I	F	Y	W	H	M	C	P
0	0.05668	0.09177	0.46285	0.02491	0.12914	0.01958	0.02539	0.02558	0.04639	0.02562	0.01474	0.01725	0.01102	0.00754	0.00727	0.00243	0.01056	0.00597	0.00374	0.01160
1	0.02330	0.55482	0.03681	0.01528	0.02139	0.19513	0.01400	0.02572	0.01769	0.01884	0.01133	0.01311	0.01019	0.00713	0.00560	0.00178	0.00993	0.00446	0.00356	0.00993
2	0.56157	0.08222	0.01678	0.04469	0.01902	0.02004	0.01064	0.11432	0.01733	0.03539	0.01236	0.01416	0.00955	0.00765	0.00551	0.00238	0.00694	0.00484	0.00514	0.00946
3	0.07457	0.02163	0.13768	0.12923	0.24175	0.03802	0.04927	0.02657	0.12470	0.02646	0.01831	0.04534	0.01483	0.00857	0.00776	0.00252	0.00936	0.00757	0.00467	0.01116
4	0.01221	0.00874	0.01089	0.01121	0.01257	0.00848	0.00775	0.03712	0.05638	0.02240	0.09488	0.39779	0.04248	0.10596	0.01518	0.07457	0.00544	0.01648	0.00672	0.05274
5	0.01367	0.01038	0.01477	0.01660	0.08588	0.01027	0.03323	0.07939	0.01780	0.02406	0.06144	0.44908	0.03994	0.02051	0.01152	0.07406	0.00605	0.01695	0.00662	0.00777
6	0.01602	0.01364	0.01599	0.01170	0.01833	0.01031	0.00927	0.01940	0.01636	0.02549	0.01596	0.06057	0.01431	0.00707	0.00614	0.00130	0.00579	0.00582	0.00487	0.72165
7	0.00990	0.00740	0.00924	0.01043	0.01161	0.00674	0.00735	0.01176	0.01668	0.02173	0.10710	0.47137	0.20113	0.02279	0.00992	0.00305	0.00453	0.05315	0.00748	0.00664
8	0.01698	0.01282	0.01563	0.01582	0.07675	0.01319	0.01102	0.05776	0.20733	0.07833	0.25886	0.04488	0.13077	0.01350	0.00867	0.00256	0.00552	0.01160	0.00794	0.01007
9	0.00960	0.00802	0.00839	0.00852	0.01101	0.00681	0.00641	0.01171	0.01813	0.02193	0.10422	0.10910	0.58640	0.02022	0.00947	0.00273	0.00415	0.03901	0.00742	0.00674
10	0.01478	0.00739	0.00739	0.00739	0.00924	0.00739	0.00554	0.01848	0.01663	0.02956	0.02587	0.02956	0.02033	0.00924	0.00554	0.00185	0.00370	0.00739	0.76534	0.00739
11	0.01963	0.01884	0.03219	0.04867	0.67185	0.01884	0.02434	0.02434	0.01806	0.02591	0.01492	0.01963	0.01256	0.00707	0.00785	0.00236	0.00942	0.00707	0.00393	0.01256
12	0.01713	0.03566	0.49945	0.06706	0.10992	0.05321	0.05798	0.02508	0.01724	0.02463	0.01429	0.01745	0.01048	0.00749	0.00767	0.00248	0.01160	0.00621	0.00350	0.01146
13	0.01647	0.01216	0.01592	0.01452	0.01669	0.01407	0.01145	0.12861	0.01797	0.05355	0.02323	0.12858	0.02220	0.03514	0.32086	0.00736	0.11293	0.01006	0.02958	0.00865
14	0.01133	0.00850	0.01274	0.01274	0.01416	0.00991	0.00991	0.01416	0.01274	0.01841	0.02124	0.03115	0.01982	0.05947	0.68989	0.01274	0.02124	0.00850	0.00425	0.00708
15	0.01881	0.01977	0.08904	0.23996	0.37009	0.01894	0.02328	0.07802	0.01897	0.02626	0.01497	0.01976	0.01181	0.00758	0.00785	0.00246	0.00992	0.00695	0.00410	0.01144
16	0.01703	0.01636	0.02587	0.42297	0.24676	0.03904	0.02162	0.02190	0.01681	0.02243	0.01430	0.02010	0.01128	0.00751	0.00773	0.00243	0.00998	0.00682	0.00375	0.06531
17	0.62685	0.08152	0.01572	0.05280	0.01860	0.01935	0.01016	0.05177	0.01497	0.03375	0.01159	0.01365	0.00908	0.00744	0.00525	0.00239	0.00674	0.00459	0.00482	0.00897
18	0.02691	0.06059	0.02364	0.07505	0.02602	0.08034	0.01504	0.45320	0.05254	0.04110	0.02123	0.02179	0.04720	0.00971	0.00779	0.00236	0.00902	0.00736	0.00696	0.01216

[dist]
# distance from previous block
# <min> <max>
0	4

[block]
# block no. 2 follows, 24 sequences, length 22
# corresponding to MSA columns:
# 169-190
name=unknown_C
#
# <colnr> <probs for GDERKNQSTAVLIFYWHMCP>
#	G	D	E	R	K	N	Q	S	T	A	V	L	I	F	Y	W	H	M	C	P
0	0.05971	0.32466	0.25705	0.01982	0.08707	0.02322	0.01946	0.02347	0.01610	0.02249	0.01333	0.01628	0.01106	0.01137	0.06173	0.00298	0.01060	0.00542	0.00358	0.01060
1	0.01659	0.07794	0.53901	0.02352	0.07183	0.01978	0.02691	0.02440	0.01634	0.02420	0.01372	0.01674	0.01024	0.00807	0.00919	0.00255	0.07825	0.00594	0.00340	0.01139
2	0.02252	0.01389	0.01682	0.01394	0.01857	0.01378	0.01109	0.13195	0.10960	0.19931	0.09822	0.07375	0.02654	0.01717	0.09182	0.00362	0.00820	0.00926	0.00761	0.11233
3	0.01286	0.01070	0.01265	0.01248	0.01381	0.06455	0.00924	0.01501	0.01327	0.01783	0.02132	0.03428	0.02100	0.19878	0.49372	0.01078	0.01774	0.00888	0.00436	0.00676
4	0.02272	0.51497	0.03808	0.01691	0.02325	0.16733	0.07449	0.02555	0.01769	0.01946	0.01176	0.01388	0.01036	0.00706	0.00593	0.00186	0.01016	0.00491	0.00360	0.01002
5	0.00937	0.00803	0.00803	0.00803	0.01071	0.00669	0.00602	0.01138	0.01807	0.02142	0.08033	0.07632	0.66863	0.02008	0.00937	0.00268	0.00402	0.01674	0.00736	0.00669
6	0.02039	0.58887	0.12580	0.01706	0.06476	0.02884	0.01636	0.02397	0.01632	0.01999	0.01170	0.01371	0.01031	0.00690	0.00559	0.00185	0.00897	0.00464	0.00342	0.01054
7	0.03044	0.01392	0.01789	0.01401	0.01976	0.01267	0.01142	0.06564	0.08396	0.48407	0.07624	0.02837	0.02319	0.01004	0.00791	0.00237	0.00651	0.00823	0.00906	0.07430
8	0.01798	0.02519	0.18040	0.02983	0.03784	0.02013	0.44827	0.02470	0.01763	0.02470	0.01509	0.01999	0.01144	0.00759	0.01065	0.00272	0.08297	0.00836	0.00381	0.01071
9	0.01424	0.01203	0.01603	0.01507	0.01774	0.01264	0.07043	0.02388	0.25220	0.02550	0.03683	0.39633	0.03815	0.01791	0.00929	0.00297	0.00606	0.01627	0.00730	0.00910
10	0.01590	0.04102	0.68023	0.02260	0.03432	0.01842	0.02930	0.02511	0.01674	0.02511	0.01423	0.01674	0.01005	0.00753	0.00753	0.00251	0.01172	0.00586	0.00335	0.01172
11	0.01909	0.01795	0.04964	0.05888	0.14894	0.01880	0.01579	0.05893	0.40872	0.03069	0.02947	0.02899	0.05835	0.01025	0.00807	0.00260	0.00732	0.00875	0.00677	0.01201
12	0.08718	0.07603	0.01396	0.01070	0.01359	0.03285	0.00843	0.01760	0.02038	0.05488	0.42339	0.06876	0.11388	0.01460	0.00843	0.00244	0.00492	0.01236	0.00759	0.00803
13	0.01478	0.00739	0.00739	0.00739	0.00924	0.00739	0.00554	0.01848	0.01663	0.02956	0.02587	0.02956	0.02033	0.00924	0.00554	0.00185	0.00370	0.00739	0.76534	0.00739
14	0.01071	0.00775	0.01034	0.01204	0.01314	0.00738	0.00912	0.01292	0.01645	0.02153	0.04581	0.45388	0.09548	0.02348	0.01035	0.00333	0.00549	0.22670	0.00734	0.00676
15	0.02488	0.02177	0.08476	0.01841	0.02467	0.02155	0.04288	0.32221	0.25116	0.06747	0.02361	0.02296	0.01711	0.00965	0.00801	0.00252	0.00827	0.00779	0.00745	0.01287
16	0.01457	0.01320	0.01566	0.01489	0.01557	0.06552	0.01136	0.01606	0.01462	0.01974	0.06279	0.20958	0.03065	0.13167	0.02088	0.02793	0.24580	0.05700	0.00532	0.00718
17	0.04795	0.52251	0.05549	0.01467	0.02085	0.12014	0.01387	0.02483	0.01696	0.04089	0.01251	0.01454	0.01096	0.01000	0.04293	0.00242	0.00995	0.00477	0.00379	0.00997
18	0.01587	0.01360	0.01576	0.01144	0.01814	0.01026	0.00912	0.01927	0.01658	0.02548	0.01947	0.02130	0.06502	0.00703	0.00616	0.00130	0.00572	0.00567	0.00491	0.70790
19	0.01810	0.01794	0.04925	0.18001	0.30032	0.05677	0.01978	0.02323	0.04521	0.04310	0.06298	0.02681	0.06485	0.00950	0.00903	0.00252	0.04715	0.00819	0.00471	0.01056
20	0.02438	0.02096	0.02083	0.01756	0.02246	0.08692	0.01398	0.26040	0.33727	0.03728	0.02441	0.02364	0.01825	0.01021	0.00881	0.00255	0.04249	0.00782	0.00740	0.01237
21	0.02050	0.01105	0.01389	0.01205	0.01588	0.00999	0.00949	0.06382	0.02122	0.24620	0.15648	0.13909	0.14614	0.01520	0.00879	0.00259	0.00554	0.04253	0.00833	0.05124

[dist]
# distance from previous block
# <min> <max>
0	5

[block]
# block no. 3 follows, 24 sequences, length 311
# corresponding to MSA columns:
# 196-506
name=unknown_D
#
# <colnr> <probs for GDERKNQSTAVLIFYWHMCP>
#	G	D	E	R	K	N	Q	S	T	A	V	L	I	F	Y	W	H	M	C	P
0	0.01740	0.01640	0.02725	0.29763	0.37319	0.01787	0.02213	0.02304	0.04804	0.02383	0.01670	0.05125	0.01411	0.00836	0.00799	0.00252	0.00950	0.00783	0.00412	0.01084
1	0.01870	0.01455	0.01829	0.08717	0.07576	0.01605	0.01421	0.03164	0.33122	0.08182	0.03141	0.06994	0.02708	0.01297	0.00870	0.00286	0.00714	0.13234	0.00723	0.01092
2	0.02046	0.12569	0.08350	0.05683	0.03136	0.10859	0.25709	0.02515	0.01813	0.05599	0.04485	0.02039	0.01440	0.00848	0.01016	0.00251	0.09440	0.00755	0.00431	0.01016
3	0.02968	0.03615	0.02261	0.02020	0.02452	0.61914	0.01530	0.09660	0.02404	0.02264	0.01297	0.01480	0.01056	0.00831	0.00723	0.00208	0.01371	0.00532	0.00449	0.00965
4	0.07195	0.01740	0.02010	0.01566	0.02158	0.01789	0.01287	0.30868	0.05127	0.31107	0.05178	0.02412	0.01878	0.00985	0.00785	0.00243	0.00746	0.00771	0.00860	0.01293
5	0.02923	0.02176	0.02329	0.01806	0.02424	0.02417	0.01485	0.59265	0.09152	0.04851	0.02020	0.01996	0.01442	0.00963	0.00794	0.00241	0.00851	0.00730	0.00794	0.01340
6	0.01153	0.00769	0.00865	0.00865	0.00865	0.00769	0.00480	0.01153	0.01153	0.01538	0.02499	0.05189	0.02883	0.72131	0.04036	0.00769	0.00769	0.01153	0.00480	0.00480
7	0.01141	0.00764	0.00868	0.00880	0.00883	0.00761	0.00497	0.01150	0.01176	0.01568	0.02617	0.09383	0.03032	0.67734	0.03845	0.00741	0.00749	0.01223	0.00497	0.00491
8	0.02138	0.32856	0.22874	0.01727	0.02489	0.11590	0.01823	0.04630	0.01854	0.05824	0.04388	0.01729	0.01375	0.00789	0.00656	0.00209	0.00996	0.00562	0.00422	0.01067
9	0.00973	0.00702	0.00922	0.01084	0.01148	0.00651	0.00730	0.01127	0.01572	0.02093	0.07947	0.64938	0.08350	0.02414	0.01004	0.00315	0.00453	0.02182	0.00744	0.00651
10	0.02053	0.63962	0.12216	0.01471	0.02212	0.02974	0.01555	0.02392	0.01619	0.01947	0.01143	0.01323	0.01016	0.00688	0.00540	0.00180	0.00889	0.00444	0.00339	0.01037
11	0.01153	0.00769	0.00865	0.00865	0.00865	0.00769	0.00480	0.01153	0.01153	0.01538	0.02499	0.05189	0.02883	0.72131	0.04036	0.00769	0.00769	0.01153	0.00480	0.00480
12	0.01177	0.00885	0.01302	0.01286	0.01423	0.01046	0.01004	0.01460	0.01290	0.01898	0.02096	0.03044	0.01941	0.05493	0.62603	0.01179	0.05212	0.00837	0.04106	0.00717
13	0.01498	0.01409	0.02378	0.70226	0.05462	0.01762	0.02202	0.02026	0.01586	0.02026	0.01409	0.02114	0.01057	0.00793	0.00793	0.00264	0.01057	0.00705	0.00352	0.00881
14	0.00976	0.00694	0.00917	0.01091	0.01135	0.00651	0.00722	0.01107	0.01498	0.01998	0.04269	0.67995	0.05116	0.06278	0.01177	0.00346	0.00477	0.02194	0.00722	0.00635
15	0.01072	0.00809	0.00990	0.00944	0.01154	0.00727	0.00708	0.01398	0.02125	0.02896	0.50682	0.06391	0.23744	0.01727	0.00936	0.00254	0.00382	0.01500	0.00836	0.00727
16	0.05731	0.37329	0.07265	0.01655	0.02250	0.26239	0.01491	0.02751	0.04934	0.02078	0.01269	0.01436	0.01079	0.00754	0.00611	0.00195	0.01053	0.00488	0.00393	0.00997
17	0.01011	0.00809	0.00913	0.00942	0.01168	0.00710	0.00722	0.01254	0.01852	0.02319	0.16162	0.12953	0.44665	0.02013	0.00963	0.00282	0.00444	0.09373	0.00756	0.00687
18	0.01905	0.02481	0.20647	0.07287	0.42726	0.01903	0.02498	0.06355	0.01880	0.02693	0.01495	0.01889	0.01184	0.00739	0.00777	0.00241	0.01006	0.00674	0.00400	0.01220
19	0.00969	0.00808	0.00847	0.00847	0.01104	0.00686	0.00643	0.01193	0.01852	0.02254	0.13746	0.07511	0.58591	0.01977	0.00943	0.00270	0.00411	0.03920	0.00750	0.00680
20	0.02299	0.01966	0.01971	0.01694	0.02187	0.06325	0.01337	0.19451	0.46009	0.03657	0.02765	0.02595	0.02060	0.01028	0.00798	0.00257	0.00740	0.00826	0.00778	0.01258
21	0.01153	0.00769	0.00865	0.00865	0.00865	0.00769	0.00480	0.01153	0.01153	0.01538	0.02499	0.05189	0.02883	0.72131	0.04036	0.00769	0.00769	0.01153	0.00480	0.00480
22	0.02030	0.02212	0.08913	0.12710	0.06798	0.06703	0.34600	0.02692	0.04598	0.08209	0.01732	0.02122	0.01274	0.00751	0.00859	0.00258	0.01182	0.00818	0.00457	0.01081
23	0.00966	0.00690	0.00920	0.01104	0.01150	0.00644	0.00736	0.01104	0.01518	0.02024	0.04371	0.71614	0.05245	0.02484	0.01012	0.00322	0.00460	0.02254	0.00736	0.00644
24	0.02022	0.02310	0.10088	0.04307	0.53913	0.08530	0.02398	0.02515	0.01835	0.02518	0.01458	0.01879	0.01206	0.00723	0.00775	0.00234	0.01015	0.00674	0.00388	0.01214
25	0.74304	0.01525	0.01197	0.01060	0.01556	0.01751	0.00873	0.02402	0.01392	0.06524	0.01198	0.01353	0.00910	0.00747	0.00505	0.00245	0.00616	0.00446	0.00513	0.00881
26	0.00968	0.00805	0.00845	0.00835	0.01090	0.00682	0.00626	0.01197	0.01879	0.02312	0.17656	0.07352	0.57134	0.01945	0.00937	0.00265	0.00397	0.01634	0.00759	0.00682
27	0.02962	0.03779	0.02247	0.02043	0.02451	0.68948	0.01532	0.03166	0.02247	0.01941	0.01226	0.01430	0.01021	0.00817	0.00715	0.00204	0.01430	0.00511	0.00409	0.00919
28	0.00966	0.00690	0.00920	0.01104	0.01150	0.00644	0.00736	0.01104	0.01518	0.02024	0.04371	0.71614	0.05245	0.02484	0.01012	0.00322	0.00460	0.02254	0.00736	0.00644
29	0.01868	0.02106	0.04492	0.03341	0.06800	0.02023	0.58180	0.02501	0.01833	0.02508	0.01569	0.02109	0.01197	0.00709	0.01020	0.00270	0.05097	0.00913	0.00398	0.01067
30	0.01972	0.01703	0.01793	0.01614	0.02062	0.01972	0.01255	0.04214	0.65752	0.03317	0.03228	0.02959	0.02421	0.01076	0.00807	0.00269	0.00628	0.00897	0.00807	0.01255
31	0.01086	0.00809	0.01010	0.00960	0.01163	0.00733	0.00720	0.01427	0.02160	0.02979	0.55367	0.06255	0.19008	0.01696	0.00936	0.00253	0.00379	0.01481	0.00846	0.00733
32	0.01539	0.01423	0.02349	0.54959	0.04730	0.01724	0.04885	0.04624	0.01669	0.02172	0.01705	0.08673	0.01472	0.00978	0.00892	0.00272	0.03776	0.00862	0.00410	0.00887
33	0.02697	0.01957	0.02175	0.01726	0.02252	0.02172	0.01409	0.47529	0.05996	0.07866	0.05125	0.06570	0.01938	0.01115	0.00934	0.00253	0.05416	0.00856	0.00775	0.01240
34	0.01604	0.01549	0.02430	0.42252	0.06592	0.02016	0.02037	0.01998	0.01456	0.02004	0.01275	0.01967	0.01059	0.01012	0.01468	0.00294	0.27046	0.00701	0.00352	0.00890
35	0.01604	0.04011	0.65091	0.02310	0.03465	0.01849	0.05771	0.02513	0.01683	0.02513	0.01431	0.01696	0.01014	0.00749	0.00762	0.00252	0.01180	0.00602	0.00338	0.01167
36	0.00995	0.00721	0.00951	0.01107	0.01181	0.00662	0.00745	0.01142	0.01524	0.02048	0.04244	0.68629	0.05071	0.02403	0.00994	0.00313	0.00465	0.02178	0.00725	0.03900
37	0.01644	0.01409	0.01644	0.01175	0.01879	0.01057	0.00940	0.01997	0.01644	0.02584	0.01409	0.01644	0.01175	0.00587	0.00587	0.00117	0.00587	0.00470	0.00470	0.76979
38	0.02120	0.72609	0.04155	0.01357	0.02035	0.03138	0.01357	0.02374	0.01611	0.01866	0.01102	0.01272	0.01018	0.00678	0.00509	0.00170	0.00848	0.00424	0.00339	0.01018
39	0.01478	0.00739	0.00739	0.00739	0.00924	0.00739	0.00554	0.01848	0.01663	0.02956	0.02587	0.02956	0.02033	0.00924	0.00554	0.00185	0.00370	0.00739	0.76534	0.00739
40	0.01171	0.00878	0.01295	0.01281	0.01419	0.01035	0.01000	0.01454	0.01289	0.01893	0.02103	0.03056	0.01949	0.05551	0.63433	0.01191	0.04650	0.00839	0.03797	0.00715
41	0.02316	0.05220	0.05430	0.01665	0.02203	0.02089	0.01405	0.29930	0.24706	0.03827	0.05177	0.02822	0.02142	0.03739	0.00924	0.00272	0.00771	0.03412	0.00743	0.01207
42	0.01153	0.00769	0.00865	0.00865	0.00865	0.00769	0.00480	0.01153	0.01153	0.01538	0.02499	0.05189	0.02883	0.72131	0.04036	0.00769	0.00769	0.01153	0.00480	0.00480
43	0.01846	0.01356	0.01474	0.01332	0.01542	0.07966	0.00986	0.06934	0.01672	0.11068	0.02300	0.06544	0.02212	0.25949	0.17342	0.00658	0.06510	0.00952	0.00556	0.00802
44	0.04519	0.00842	0.01016	0.00963	0.01179	0.00779	0.00725	0.01466	0.02121	0.02999	0.52644	0.06041	0.18490	0.01655	0.00916	0.00253	0.00390	0.01435	0.00830	0.00738
45	0.01859	0.01601	0.01825	0.01843	0.07710	0.01806	0.01312	0.03689	0.51782	0.03149	0.06012	0.06550	0.02761	0.01177	0.00831	0.00271	0.00640	0.03231	0.00767	0.01183
46	0.00946	0.00804	0.00816	0.00813	0.01077	0.00673	0.00610	0.01155	0.01829	0.02192	0.10877	0.07549	0.63988	0.01990	0.00937	0.00267	0.00400	0.01662	0.00743	0.00673
47	0.01952	0.04798	0.01786	0.01518	0.01921	0.06005	0.01179	0.03517	0.44518	0.05886	0.03123	0.06215	0.04516	0.04519	0.04657	0.00339	0.00763	0.00944	0.00728	0.01116
48	0.01143	0.00765	0.00868	0.00878	0.00880	0.00762	0.00494	0.01151	0.01173	0.01564	0.02601	0.08808	0.03012	0.68337	0.03871	0.00744	0.00752	0.01213	0.00494	0.00489
49	0.02120	0.72609	0.04155	0.01357	0.02035	0.03138	0.01357	0.02374	0.01611	0.01866	0.01102	0.01272	0.01018	0.00678	0.00509	0.00170	0.00848	0.00424	0.00339	0.01018
50	0.02913	0.03698	0.02254	0.02044	0.02437	0.66301	0.01540	0.03116	0.02206	0.01939	0.01218	0.01442	0.01022	0.00840	0.00790	0.00210	0.04186	0.00518	0.00406	0.00917
51	0.02014	0.02158	0.06367	0.06321	0.06655	0.02070	0.43882	0.11867	0.02098	0.02859	0.01602	0.02059	0.01206	0.00755	0.00971	0.00264	0.04434	0.00857	0.00453	0.01105
52	0.12904	0.00912	0.00863	0.00824	0.01071	0.00957	0.00635	0.04213	0.01692	0.03121	0.02341	0.02669	0.01832	0.00897	0.00554	0.00196	0.00424	0.00692	0.62425	0.00779
53	0.01735	0.01735	0.02429	0.02082	0.02082	0.02429	0.01735	0.01908	0.01214	0.01908	0.01041	0.01735	0.01041	0.01388	0.02602	0.00347	0.70680	0.00694	0.00347	0.00867
54	0.03014	0.02221	0.02380	0.01825	0.02459	0.02459	0.01507	0.64541	0.03728	0.04998	0.01904	0.01904	0.01349	0.00952	0.00793	0.00238	0.00873	0.00714	0.00793	0.01349
55	0.77733	0.01534	0.01166	0.01043	0.01534	0.01779	0.00859	0.02331	0.01350	0.03558	0.01104	0.01288	0.00859	0.00736	0.00491	0.00245	0.00613	0.00429	0.00491	0.00859
56	0.01772	0.01669	0.02829	0.04027	0.50564	0.01652	0.04974	0.02203	0.01784	0.02501	0.02244	0.09105	0.04738	0.01032	0.00842	0.00256	0.00877	0.05341	0.00464	0.01127
57	0.01101	0.00812	0.01035	0.01021	0.01210	0.00746	0.00777	0.01434	0.02096	0.02882	0.48467	0.10603	0.15567	0.01785	0.00956	0.00268	0.00417	0.07265	0.00831	0.00729
58	0.01963	0.01884	0.03219	0.04867	0.67185	0.01884	0.02434	0.02434	0.01806	0.02591	0.01492	0.01963	0.01256	0.00707	0.00785	0.00236	0.00942	0.00707	0.00393	0.01256
59	0.00979	0.00780	0.00878	0.00907	0.01110	0.00679	0.00660	0.01199	0.01826	0.02313	0.18389	0.21541	0.41861	0.02041	0.00954	0.00276	0.00409	0.01757	0.00762	0.00679
60	0.01379	0.01021	0.01196	0.01139	0.01281	0.01114	0.00785	0.04580	0.13005	0.02084	0.02517	0.04156	0.02521	0.40686	0.18429	0.00772	0.01063	0.01017	0.00541	0.00712
61	0.00993	0.00707	0.00907	0.01055	0.01103	0.00664	0.00692	0.01113	0.01476	0.01956	0.04248	0.58745	0.07593	0.13011	0.01467	0.00387	0.00504	0.02062	0.00697	0.00620
62	0.09043	0.57753	0.07175	0.01372	0.02026	0.02806	0.01373	0.02317	0.01569	0.02056	0.01185	0.01412	0.01063	0.01021	0.04844	0.00251	0.00924	0.00460	0.00358	0.00992
63	0.01093	0.00862	0.00943	0.00949	0.01171	0.00782	0.00700	0.04396	0.01826	0.02276	0.09126	0.16369	0.42931	0.08205	0.01223	0.00323	0.00483	0.04930	0.00722	0.00690
64	0.02208	0.54749	0.11135	0.01531	0.02236	0.09530	0.01545	0.02535	0.01711	0.04837	0.01240	0.01396	0.01058	0.00714	0.00570	0.00186	0.00936	0.00468	0.00374	0.01040
65	0.03044	0.01333	0.01715	0.01364	0.01895	0.01223	0.01098	0.05517	0.08189	0.50486	0.03360	0.03196	0.06153	0.06396	0.01050	0.00288	0.00667	0.00886	0.00906	0.01232
66	0.01554	0.01964	0.16160	0.02035	0.05010	0.01453	0.16223	0.06010	0.04177	0.02831	0.20459	0.09550	0.06663	0.01215	0.00885	0.00261	0.00839	0.01132	0.00604	0.00974
67	0.03014	0.02221	0.02380	0.01825	0.02459	0.02459	0.01507	0.64541	0.03728	0.04998	0.01904	0.01904	0.01349	0.00952	0.00793	0.00238	0.00873	0.00714	0.00793	0.01349
68	0.02665	0.02153	0.02119	0.01705	0.02228	0.09555	0.01368	0.45276	0.06080	0.04095	0.02247	0.02445	0.04808	0.05684	0.03640	0.00311	0.00941	0.00782	0.00714	0.01183
69	0.02882	0.01277	0.01663	0.01348	0.01856	0.01166	0.01086	0.03402	0.09382	0.47603	0.10234	0.06357	0.05751	0.01175	0.00829	0.00253	0.00615	0.00982	0.00928	0.01212
70	0.01478	0.00739	0.00739	0.00739	0.00924	0.00739	0.00554	0.01848	0.01663	0.02956	0.02587	0.02956	0.02033	0.00924	0.00554	0.00185	0.00370	0.00739	0.76534	0.00739
71	0.01840	0.01766	0.03011	0.21534	0.46788	0.01860	0.04670	0.02391	0.03837	0.02467	0.01531	0.02041	0.01241	0.00739	0.00793	0.00245	0.00976	0.00721	0.00396	0.01152
72	0.05331	0.31230	0.07159	0.01853	0.05294	0.30395	0.01554	0.02764	0.01902	0.04182	0.01258	0.01443	0.01054	0.00755	0.00632	0.00198	0.01102	0.00496	0.00397	0.01002
73	0.01383	0.00691	0.01018	0.01018	0.01028	0.00691	0.00682	0.01074	0.01065	0.01458	0.01439	0.02438	0.01411	0.02662	0.02970	0.73034	0.00673	0.00691	0.04211	0.00364
74	0.01921	0.01842	0.03144	0.10693	0.61683	0.01873	0.02413	0.02397	0.01786	0.02540	0.01484	0.01976	0.01238	0.00714	0.00786	0.00238	0.00952	0.00706	0.00389	0.01223
75	0.01040	0.00954	0.00877	0.00866	0.01141	0.04134	0.00650	0.01241	0.01830	0.02132	0.07688	0.07317	0.63522	0.01948	0.00926	0.00265	0.00454	0.01615	0.00720	0.00682
76	0.02790	0.02063	0.02230	0.01738	0.02323	0.02276	0.01429	0.57337	0.03476	0.04653	0.02229	0.02271	0.04713	0.01321	0.05107	0.00305	0.00928	0.00771	0.00767	0.01274
77	0.77733	0.01534	0.01166	0.01043	0.01534	0.01779	0.00859	0.02331	0.01350	0.03558	0.01104	0.01288	0.00859	0.00736	0.00491	0.00245	0.00613	0.00429	0.00491	0.00859
78	0.01998	0.01701	0.01792	0.01596	0.02049	0.01953	0.01246	0.07904	0.59358	0.03378	0.03330	0.03073	0.04850	0.01104	0.00811	0.00267	0.00634	0.00915	0.00803	0.01238
79	0.03327	0.01299	0.01766	0.01372	0.01945	0.01126	0.01126	0.03640	0.02267	0.61626	0.09150	0.03004	0.02485	0.01042	0.00810	0.00246	0.00646	0.00858	0.00971	0.01293
80	0.01838	0.02320	0.10942	0.03185	0.03993	0.02005	0.55728	0.02513	0.01826	0.02513	0.01564	0.02077	0.01177	0.00705	0.00982	0.00269	0.04008	0.00891	0.00392	0.01072
81	0.01937	0.01858	0.03173	0.08428	0.63822	0.01877	0.02421	0.02411	0.01794	0.02560	0.01487	0.01971	0.01245	0.00711	0.00785	0.00237	0.00948	0.00706	0.00390	0.01236
82	0.02964	0.03711	0.02253	0.02033	0.02452	0.66028	0.01531	0.05861	0.02312	0.02075	0.01256	0.01451	0.01036	0.00823	0.00718	0.00206	0.01406	0.00520	0.00425	0.00938
83	0.01882	0.01614	0.01803	0.01742	0.05313	0.01811	0.01303	0.03743	0.52644	0.03145	0.03160	0.03493	0.02535	0.01155	0.00827	0.00271	0.00653	0.07446	0.00762	0.04698
84	0.01689	0.01672	0.02359	0.05497	0.02212	0.02316	0.01714	0.01879	0.01247	0.01920	0.01207	0.04853	0.01228	0.01406	0.02440	0.00342	0.64033	0.00764	0.00365	0.00858
85	0.01122	0.00840	0.01252	0.01264	0.01399	0.00969	0.00975	0.01396	0.01290	0.01852	0.02266	0.07440	0.02188	0.05729	0.64697	0.01214	0.02019	0.00938	0.00444	0.00704
86	0.01014	0.00739	0.00978	0.01118	0.01167	0.00721	0.00756	0.01157	0.01524	0.02052	0.07533	0.61358	0.05068	0.06796	0.01255	0.00347	0.02970	0.02085	0.00714	0.00647
87	0.00966	0.00690	0.00920	0.01104	0.01150	0.00644	0.00736	0.01104	0.01518	0.02024	0.04371	0.71614	0.05245	0.02484	0.01012	0.00322	0.00460	0.02254	0.00736	0.00644
88	0.01086	0.00818	0.01010	0.00988	0.01197	0.00742	0.00758	0.01411	0.02083	0.02815	0.44466	0.06687	0.23691	0.01783	0.00951	0.00266	0.00416	0.07286	0.00821	0.00725
89	0.01153	0.00769	0.00865	0.00865	0.00865	0.00769	0.00480	0.01153	0.01153	0.01538	0.02499	0.05189	0.02883	0.72131	0.04036	0.00769	0.00769	0.01153	0.00480	0.00480
90	0.02120	0.72609	0.04155	0.01357	0.02035	0.03138	0.01357	0.02374	0.01611	0.01866	0.01102	0.01272	0.01018	0.00678	0.00509	0.00170	0.00848	0.00424	0.00339	0.01018
91	0.49543	0.01462	0.01344	0.01165	0.01630	0.01609	0.00943	0.08626	0.01791	0.11257	0.07579	0.06379	0.01917	0.00978	0.00631	0.00250	0.00616	0.00708	0.00630	0.00943
92	0.01251	0.00795	0.00912	0.00900	0.00944	0.00778	0.00531	0.01281	0.01254	0.04793	0.02872	0.08256	0.05905	0.62222	0.03596	0.00700	0.00733	0.01211	0.00528	0.00539
93	0.01106	0.00810	0.01037	0.00980	0.01175	0.00741	0.00735	0.01465	0.02206	0.03088	0.61547	0.06075	0.12760	0.01656	0.00935	0.00251	0.00377	0.01455	0.00861	0.00741
