[name]
unknown

[dist]
# distance from previous block
# <min> <max>
0	0

[block]
# block no. 0 follows, 25 sequences, length 6
# corresponding to MSA columns:
# 0-5
name=unknown_A
#
# <colnr> <probs for GDERKNQSTAVLIFYWHMCP>
#	G	D	E	R	K	N	Q	S	T	A	V	L	I	F	Y	W	H	M	C	P
0	0.01249	0.00892	0.01249	0.01428	0.01606	0.00892	0.01249	0.01606	0.01785	0.02320	0.04105	0.08746	0.04462	0.02142	0.01071	0.00357	0.00714	0.62695	0.00714	0.00714
1	0.03479	0.01320	0.01799	0.01380	0.01979	0.01140	0.01140	0.03779	0.02219	0.68451	0.03059	0.02639	0.01919	0.00960	0.00780	0.00240	0.00660	0.00780	0.00960	0.01320
2	0.03039	0.01418	0.01786	0.01436	0.01990	0.01363	0.01164	0.03875	0.20438	0.49973	0.03086	0.02711	0.02046	0.00986	0.00782	0.00246	0.00647	0.00807	0.00911	0.01293
3	0.01413	0.01267	0.01467	0.01394	0.01519	0.08406	0.01074	0.01634	0.01357	0.01861	0.01966	0.06432	0.01925	0.10333	0.36886	0.00821	0.14201	0.00862	0.04460	0.00720
4	0.62174	0.01551	0.01336	0.01139	0.01647	0.01744	0.00939	0.09085	0.01662	0.10687	0.01377	0.01473	0.01007	0.00768	0.00544	0.00239	0.00633	0.00488	0.00563	0.00942
5	0.35887	0.01150	0.01145	0.01045	0.01389	0.01214	0.00819	0.02020	0.01736	0.09621	0.25208	0.09920	0.03667	0.01218	0.00714	0.00249	0.00508	0.00979	0.00683	0.00828

[dist]
# distance from previous block
# <min> <max>
0	1

[block]
# block no. 1 follows, 25 sequences, length 62
# corresponding to MSA columns:
# 7-68
name=unknown_B
#
# <colnr> <probs for GDERKNQSTAVLIFYWHMCP>
#	G	D	E	R	K	N	Q	S	T	A	V	L	I	F	Y	W	H	M	C	P
0	0.01128	0.00752	0.00846	0.00846	0.00846	0.00752	0.00470	0.01128	0.01128	0.01503	0.02443	0.05074	0.02819	0.72751	0.03946	0.00752	0.00752	0.01128	0.00470	0.00470
1	0.01555	0.04011	0.68733	0.02210	0.03356	0.01801	0.02865	0.02455	0.01637	0.02455	0.01391	0.01637	0.00982	0.00737	0.00737	0.00246	0.01146	0.00573	0.00327	0.01146
2	0.02886	0.02113	0.02262	0.01741	0.02344	0.02336	0.01436	0.62748	0.03563	0.04805	0.01889	0.01903	0.01346	0.00930	0.00766	0.00231	0.00833	0.00699	0.03875	0.01294
3	0.02827	0.01852	0.05332	0.01769	0.05732	0.01800	0.01421	0.32208	0.05191	0.24999	0.06903	0.02421	0.01955	0.00969	0.00785	0.00237	0.00765	0.00774	0.00798	0.01261
4	0.12261	0.05600	0.06427	0.05109	0.02453	0.18051	0.01501	0.29532	0.06068	0.03486	0.01588	0.01700	0.01189	0.00848	0.00706	0.00227	0.00963	0.00605	0.00581	0.01107
5	0.02796	0.02505	0.02197	0.01789	0.02325	0.20738	0.01430	0.42584	0.06096	0.03867	0.02004	0.02029	0.04201	0.00946	0.00761	0.00226	0.00971	0.00693	0.00671	0.01170
6	0.00930	0.00779	0.00809	0.00817	0.01059	0.00658	0.00607	0.01133	0.01776	0.02152	0.11426	0.11591	0.59669	0.01970	0.00921	0.00264	0.00395	0.01659	0.00729	0.00658
7	0.01903	0.13624	0.40540	0.02265	0.07712	0.06425	0.06355	0.04844	0.01787	0.05500	0.01444	0.01668	0.01071	0.00739	0.00716	0.00230	0.01077	0.00590	0.00387	0.01122
8	0.01980	0.13748	0.34998	0.02320	0.09699	0.05042	0.06268	0.09805	0.01933	0.05051	0.01470	0.01688	0.01096	0.00749	0.00720	0.00229	0.01044	0.00602	0.00416	0.01141
9	0.01639	0.01485	0.02501	0.53024	0.19908	0.01731	0.02172	0.02135	0.01623	0.04356	0.01454	0.02052	0.01109	0.00762	0.00774	0.00251	0.00995	0.00693	0.00375	0.00963
10	0.01824	0.01746	0.02976	0.18516	0.54896	0.01817	0.02333	0.02297	0.01721	0.02418	0.01442	0.01950	0.01188	0.00708	0.00769	0.00236	0.00945	0.00690	0.00376	0.01152
11	0.01825	0.09456	0.52539	0.02067	0.03087	0.02004	0.02510	0.12695	0.01959	0.02799	0.01442	0.01641	0.01038	0.00762	0.00723	0.00237	0.01072	0.00580	0.00401	0.01162
12	0.04615	0.01823	0.08741	0.04460	0.14695	0.06939	0.01526	0.12421	0.01984	0.05094	0.02511	0.19435	0.04651	0.01593	0.05668	0.00325	0.00900	0.01075	0.00564	0.00979
13	0.01892	0.01814	0.03098	0.08755	0.64133	0.01835	0.02366	0.02355	0.01752	0.02500	0.01454	0.01928	0.01216	0.00696	0.00768	0.00232	0.00928	0.00691	0.00381	0.01206
14	0.01464	0.01378	0.02326	0.70887	0.05340	0.01723	0.02153	0.01981	0.01550	0.01981	0.01378	0.02067	0.01034	0.00775	0.00775	0.00258	0.01034	0.00689	0.00345	0.00861
15	0.01847	0.02101	0.08479	0.03844	0.33686	0.01908	0.29213	0.02412	0.01764	0.02484	0.01486	0.01965	0.01181	0.00701	0.00889	0.00248	0.03501	0.00778	0.00382	0.01131
16	0.03036	0.01673	0.09706	0.01582	0.02233	0.01287	0.04779	0.05142	0.02123	0.52229	0.02704	0.02492	0.01755	0.01154	0.04148	0.00291	0.00826	0.00763	0.00824	0.01254
17	0.01493	0.01408	0.02378	0.66668	0.09332	0.01730	0.02168	0.02006	0.01564	0.02016	0.01383	0.02058	0.01046	0.00770	0.00775	0.00257	0.01026	0.00689	0.00347	0.00885
18	0.01690	0.03103	0.39056	0.02841	0.09860	0.01863	0.25445	0.02458	0.01720	0.02473	0.01462	0.01830	0.01077	0.00702	0.00805	0.00250	0.01183	0.00709	0.00356	0.01117
19	0.05381	0.08179	0.52767	0.04491	0.03113	0.05481	0.02488	0.02405	0.01639	0.02400	0.01451	0.04188	0.01131	0.00798	0.00717	0.00241	0.01083	0.00615	0.00354	0.01079
20	0.02157	0.01029	0.01363	0.01145	0.01520	0.00910	0.00906	0.02482	0.02178	0.32435	0.34616	0.04483	0.08830	0.01329	0.00854	0.00243	0.00500	0.01138	0.00893	0.00991
21	0.00945	0.00716	0.00872	0.00982	0.01103	0.00644	0.00680	0.01113	0.01615	0.02083	0.09208	0.48083	0.24688	0.02233	0.00962	0.00294	0.00427	0.01979	0.00728	0.00644
22	0.01686	0.05661	0.30641	0.10051	0.07886	0.01928	0.22488	0.02371	0.01671	0.02361	0.01418	0.01834	0.01068	0.00742	0.00887	0.00253	0.04930	0.00702	0.00354	0.01067
23	0.01877	0.01878	0.03436	0.07500	0.50382	0.01864	0.16722	0.02385	0.01770	0.02496	0.01480	0.01965	0.01207	0.00686	0.00802	0.00239	0.01015	0.00742	0.00384	0.01169
24	0.03479	0.01320	0.01799	0.01380	0.01979	0.01140	0.01140	0.03779	0.02219	0.68451	0.03059	0.02639	0.01919	0.00960	0.00780	0.00240	0.00660	0.00780	0.00960	0.01320
25	0.01919	0.01842	0.03147	0.04759	0.67914	0.01842	0.02380	0.02380	0.01765	0.02533	0.01458	0.01919	0.01228	0.00691	0.00768	0.00230	0.00921	0.00691	0.00384	0.01228
26	0.01766	0.06959	0.18140	0.06813	0.10277	0.01995	0.33798	0.02392	0.01712	0.02376	0.01445	0.01896	0.01111	0.00724	0.00921	0.00253	0.05233	0.00759	0.00368	0.01061
27	0.01849	0.01967	0.03939	0.06585	0.28488	0.01906	0.38594	0.02424	0.01794	0.02482	0.01519	0.02025	0.01190	0.00673	0.00853	0.00249	0.01149	0.00820	0.00387	0.01108
28	0.01167	0.00900	0.01286	0.01254	0.01356	0.01067	0.00954	0.01387	0.01220	0.01756	0.02037	0.03259	0.01999	0.16694	0.52155	0.01076	0.08477	0.00866	0.00417	0.00670
29	0.01647	0.13255	0.56009	0.02244	0.07072	0.01975	0.02627	0.02433	0.01636	0.02375	0.01353	0.01601	0.00999	0.00724	0.00706	0.00234	0.01089	0.00559	0.00331	0.01130
30	0.01809	0.09223	0.06951	0.17811	0.36576	0.01956	0.10043	0.02308	0.01702	0.02335	0.01413	0.01886	0.01144	0.00704	0.00758	0.00234	0.00996	0.00683	0.00368	0.01101
31	0.01584	0.07919	0.65082	0.02160	0.03279	0.01872	0.02778	0.02448	0.01634	0.02420	0.01374	0.01615	0.00983	0.00733	0.00723	0.00241	0.01128	0.00564	0.00328	0.01137
32	0.01564	0.03946	0.66573	0.02246	0.03379	0.01806	0.04960	0.02456	0.01643	0.02456	0.01397	0.01652	0.00989	0.00734	0.00743	0.00246	0.01151	0.00584	0.00330	0.01143
33	0.01530	0.01464	0.02533	0.60562	0.11425	0.01748	0.05730	0.02049	0.01587	0.02064	0.01397	0.02054	0.01061	0.00760	0.00782	0.00256	0.01038	0.00702	0.00351	0.00908
34	0.01528	0.01443	0.02441	0.61580	0.14147	0.01739	0.02185	0.02037	0.01581	0.02059	0.01389	0.02046	0.01061	0.00763	0.00774	0.00254	0.01018	0.00689	0.00350	0.00913
35	0.01925	0.02119	0.12689	0.06616	0.52939	0.01797	0.02382	0.02445	0.01761	0.05722	0.01524	0.01918	0.01219	0.00714	0.00764	0.00234	0.00945	0.00678	0.00402	0.01207
36	0.01931	0.06448	0.50318	0.02090	0.03097	0.01750	0.06256	0.02683	0.01748	0.13978	0.01680	0.01823	0.01158	0.00767	0.00745	0.00242	0.01057	0.00623	0.00442	0.01164
37	0.01101	0.01339	0.12977	0.01401	0.01680	0.00910	0.04730	0.01400	0.01531	0.02091	0.03616	0.55928	0.04180	0.02033	0.00941	0.00300	0.00620	0.01846	0.00633	0.00744
38	0.01784	0.01704	0.02903	0.24388	0.49340	0.01807	0.02312	0.02261	0.01702	0.02369	0.01435	0.01963	0.01170	0.00716	0.00770	0.00239	0.00955	0.00690	0.00372	0.01119
39	0.01608	0.01552	0.02666	0.46768	0.19528	0.01808	0.06292	0.02099	0.01595	0.02134	0.01386	0.02011	0.01087	0.00785	0.00895	0.00257	0.05511	0.00704	0.00356	0.00957
40	0.02394	0.01491	0.02675	0.02033	0.02600	0.01354	0.25054	0.02797	0.01938	0.31486	0.02723	0.15230	0.02231	0.01115	0.00869	0.00262	0.00864	0.01092	0.00703	0.01090
41	0.01484	0.01399	0.02362	0.67973	0.08098	0.01728	0.02163	0.01999	0.01560	0.02005	0.01382	0.02061	0.01042	0.00771	0.00775	0.00257	0.01029	0.00689	0.00346	0.00877
42	0.78228	0.01499	0.01140	0.01020	0.01499	0.01739	0.00840	0.02279	0.01320	0.03479	0.01080	0.01260	0.00840	0.00720	0.00480	0.00240	0.00600	0.00420	0.00480	0.00840
43	0.01555	0.04011	0.68733	0.02210	0.03356	0.01801	0.02865	0.02455	0.01637	0.02455	0.01391	0.01637	0.00982	0.00737	0.00737	0.00246	0.01146	0.00573	0.00327	0.01146
44	0.05380	0.66239	0.03845	0.01351	0.01971	0.02973	0.01325	0.02295	0.01543	0.01899	0.01075	0.01269	0.00989	0.00703	0.00607	0.00178	0.04609	0.00429	0.00339	0.00980
45	0.01929	0.01666	0.01753	0.01578	0.02016	0.01929	0.01227	0.04120	0.66513	0.03243	0.03156	0.02893	0.02367	0.01052	0.00789	0.00263	0.00614	0.00877	0.00789	0.01227
46	0.01347	0.00673	0.01010	0.01010	0.01010	0.00673	0.00673	0.01010	0.01010	0.01347	0.01347	0.02357	0.01347	0.02694	0.03030	0.77441	0.00673	0.00673	0.00337	0.00337
47	0.01192	0.00874	0.01169	0.01317	0.01510	0.00851	0.01136	0.01521	0.01782	0.02281	0.04752	0.08525	0.15347	0.02111	0.01044	0.00341	0.00659	0.52169	0.00715	0.00704
48	0.00945	0.00675	0.00900	0.01080	0.01125	0.00630	0.00720	0.01080	0.01484	0.01979	0.04274	0.72245	0.05128	0.02429	0.00990	0.00315	0.00450	0.02204	0.00720	0.00630
49	0.01608	0.01378	0.01608	0.01148	0.01837	0.01034	0.00919	0.01952	0.01608	0.02527	0.01378	0.01608	0.01148	0.00574	0.00574	0.00115	0.00574	0.00459	0.00459	0.77491
50	0.01691	0.19637	0.49924	0.02076	0.03089	0.02099	0.06485	0.02427	0.01635	0.02314	0.01331	0.01577	0.00998	0.00715	0.00694	0.00228	0.01084	0.00559	0.00333	0.01105
51	0.01056	0.00791	0.00979	0.00932	0.01133	0.00714	0.00699	0.01383	0.02097	0.02878	0.53898	0.06173	0.21068	0.01671	0.00915	0.00248	0.00372	0.01456	0.00823	0.00714
52	0.02320	0.38066	0.09275	0.01658	0.02267	0.24878	0.01526	0.04820	0.04884	0.02077	0.01270	0.01429	0.01070	0.00742	0.00609	0.00191	0.01037	0.00488	0.00390	0.00999
53	0.01532	0.05039	0.07204	0.02363	0.02912	0.01550	0.35636	0.02013	0.01704	0.02296	0.02478	0.22626	0.02507	0.01267	0.00916	0.00278	0.00990	0.05280	0.00501	0.00908
54	0.01513	0.01427	0.02413	0.63857	0.11992	0.01735	0.02177	0.02023	0.01573	0.02040	0.01387	0.02051	0.01054	0.00766	0.00774	0.00255	0.01022	0.00689	0.00349	0.00900
55	0.00943	0.00682	0.00892	0.01060	0.01120	0.00631	0.00711	0.01082	0.01503	0.01987	0.04508	0.68009	0.09212	0.02399	0.00985	0.00311	0.00446	0.02167	0.00720	0.00631
56	0.01821	0.02194	0.08768	0.03363	0.11157	0.01937	0.53852	0.02470	0.01810	0.02487	0.01544	0.02041	0.01169	0.00663	0.00886	0.00257	0.01253	0.00867	0.00387	0.01073
57	0.01821	0.02547	0.20650	0.02932	0.03801	0.01891	0.47079	0.02524	0.01796	0.04878	0.01578	0.01997	0.01155	0.00686	0.00865	0.00257	0.01243	0.00824	0.00396	0.01081
58	0.01039	0.00852	0.01145	0.01146	0.01359	0.00770	0.04955	0.01271	0.01683	0.02119	0.05688	0.28167	0.32993	0.02057	0.00965	0.00294	0.00523	0.11596	0.00698	0.00682
59	0.17700	0.08848	0.39779	0.01937	0.02806	0.05747	0.05966	0.02428	0.01595	0.02571	0.01290	0.01542	0.00967	0.00745	0.00727	0.00239	0.03154	0.00548	0.00368	0.01041
60	0.01743	0.15426	0.34693	0.02431	0.03364	0.02079	0.24651	0.02442	0.01695	0.02355	0.01399	0.01729	0.01053	0.00694	0.00758	0.00237	0.01148	0.00667	0.00351	0.01084
61	0.03920	0.13689	0.48961	0.01909	0.02860	0.01877	0.02325	0.02426	0.01622	0.06320	0.01505	0.01848	0.01154	0.05333	0.00902	0.00266	0.01029	0.00593	0.00380	0.01082

[dist]
# distance from previous block
# <min> <max>
19	33

[block]
# block no. 2 follows, 25 sequences, length 15
# corresponding to MSA columns:
# 102-116
name=unknown_C
#
# <colnr> <probs for GDERKNQSTAVLIFYWHMCP>
#	G	D	E	R	K	N	Q	S	T	A	V	L	I	F	Y	W	H	M	C	P
0	0.05458	0.01634	0.02446	0.07354	0.36772	0.01664	0.01814	0.02660	0.11841	0.08370	0.05611	0.02311	0.01778	0.00820	0.00754	0.00231	0.00787	0.00740	0.00530	0.06425
1	0.02521	0.01697	0.02249	0.05751	0.17753	0.06241	0.04038	0.03271	0.15404	0.27178	0.04170	0.02472	0.01859	0.00900	0.00782	0.00242	0.00799	0.00777	0.00695	0.01201
2	0.08223	0.07213	0.29720	0.08640	0.06313	0.01873	0.08083	0.08665	0.01883	0.09898	0.01593	0.01810	0.01142	0.00767	0.00731	0.00240	0.00993	0.00634	0.00463	0.01115
3	0.09423	0.02051	0.16618	0.01862	0.02568	0.01508	0.14126	0.02804	0.05634	0.21441	0.07243	0.02379	0.01871	0.00857	0.00766	0.00238	0.00855	0.00761	0.00613	0.06381
4	0.28915	0.08367	0.24194	0.05324	0.02594	0.01872	0.05692	0.05334	0.01660	0.07474	0.01404	0.01602	0.01029	0.00746	0.00644	0.00238	0.00883	0.00553	0.00451	0.01024
5	0.17578	0.42785	0.05627	0.01583	0.05769	0.11485	0.01369	0.02424	0.01619	0.02234	0.01128	0.01321	0.00977	0.00697	0.00545	0.00192	0.00875	0.00449	0.00373	0.00970
6	0.47513	0.09225	0.01675	0.03491	0.01802	0.01809	0.01023	0.07693	0.01711	0.11917	0.04693	0.01741	0.01365	0.00807	0.00577	0.00232	0.00656	0.00547	0.00566	0.00955
7	0.02799	0.08853	0.02454	0.01728	0.02340	0.02437	0.01444	0.55443	0.07488	0.04492	0.01871	0.01869	0.01355	0.00913	0.00750	0.00228	0.00836	0.00683	0.00735	0.01282
8	0.13175	0.02000	0.02017	0.01603	0.02157	0.04313	0.01310	0.46367	0.07483	0.04356	0.01864	0.01900	0.01357	0.00904	0.00718	0.00231	0.00788	0.00667	0.05593	0.01195
9	0.10199	0.56472	0.05869	0.01369	0.02025	0.02820	0.01343	0.08276	0.01746	0.02311	0.01163	0.01318	0.01009	0.00697	0.00530	0.00183	0.00818	0.00448	0.00389	0.01014
10	0.18152	0.02050	0.01965	0.01572	0.02116	0.07240	0.01282	0.43417	0.02924	0.04236	0.01698	0.01775	0.01243	0.00876	0.00694	0.00228	0.00809	0.00628	0.05946	0.01148
11	0.02947	0.02172	0.02327	0.01784	0.02404	0.02404	0.01474	0.65329	0.03646	0.04887	0.01862	0.01862	0.01319	0.00931	0.00776	0.00233	0.00853	0.00698	0.00776	0.01319
12	0.01793	0.03244	0.45006	0.02230	0.03173	0.04815	0.12968	0.02536	0.01779	0.07958	0.05797	0.02052	0.01500	0.00799	0.00780	0.00246	0.01094	0.00697	0.00428	0.01106
13	0.19082	0.47321	0.06925	0.01313	0.01958	0.02539	0.01291	0.02442	0.01576	0.07788	0.01262	0.01386	0.01037	0.00705	0.00531	0.00193	0.00782	0.00455	0.00417	0.00996
14	0.02699	0.02005	0.02149	0.01686	0.02238	0.02222	0.01367	0.54187	0.09376	0.04449	0.02032	0.02227	0.01543	0.06936	0.01042	0.00279	0.00822	0.00751	0.00751	0.01239

[dist]
# distance from previous block
# <min> <max>
0	1

[block]
# block no. 3 follows, 25 sequences, length 8
# corresponding to MSA columns:
# 118-125
name=unknown_D
#
# <colnr> <probs for GDERKNQSTAVLIFYWHMCP>
#	G	D	E	R	K	N	Q	S	T	A	V	L	I	F	Y	W	H	M	C	P
0	0.06612	0.54817	0.16992	0.01487	0.02237	0.02730	0.01609	0.02346	0.01572	0.02053	0.01142	0.01324	0.00983	0.00682	0.00545	0.00187	0.00879	0.00447	0.00340	0.01016
1	0.01600	0.09955	0.63179	0.02134	0.03239	0.01910	0.02733	0.02444	0.01632	0.02401	0.01365	0.01603	0.00983	0.00730	0.00716	0.00239	0.01119	0.00559	0.00328	0.01133
2	0.01347	0.00673	0.01010	0.01010	0.01010	0.00673	0.00673	0.01010	0.01010	0.01347	0.01347	0.02357	0.01347	0.02694	0.03030	0.77441	0.00673	0.00673	0.00337	0.00337
3	0.01097	0.00793	0.01036	0.00975	0.01158	0.00732	0.00732	0.01463	0.02195	0.03109	0.67505	0.05792	0.07316	0.01585	0.00914	0.00244	0.00366	0.01402	0.00854	0.00732
4	0.01605	0.10729	0.62455	0.02124	0.03223	0.01924	0.02715	0.02443	0.01631	0.02394	0.01361	0.01599	0.00983	0.00730	0.00713	0.00238	0.01115	0.00558	0.00328	0.01131
5	0.03221	0.01303	0.01741	0.01374	0.01929	0.01160	0.01120	0.03635	0.06408	0.60061	0.03140	0.06945	0.02147	0.01056	0.00793	0.00246	0.00644	0.00874	0.00934	0.01271
6	0.01847	0.01883	0.05864	0.02445	0.05436	0.01659	0.33534	0.04743	0.05745	0.05053	0.04071	0.02141	0.01491	0.00718	0.00800	0.00221	0.00988	0.00782	0.00481	0.20096
7	0.01948	0.01469	0.01854	0.01365	0.02027	0.01228	0.04851	0.05252	0.06297	0.11253	0.01753	0.01872	0.01343	0.00678	0.00645	0.00156	0.00645	0.00568	0.00558	0.54238

[dist]
# distance from previous block
# <min> <max>
0	6

[block]
# block no. 4 follows, 25 sequences, length 12
# corresponding to MSA columns:
# 132-143
name=unknown_E
#
# <colnr> <probs for GDERKNQSTAVLIFYWHMCP>
#	G	D	E	R	K	N	Q	S	T	A	V	L	I	F	Y	W	H	M	C	P
0	0.06010	0.01445	0.01907	0.05216	0.10081	0.01431	0.03542	0.09025	0.09632	0.13490	0.09383	0.08972	0.02461	0.01045	0.00770	0.00230	0.00680	0.00902	0.00662	0.13116
1	0.12259	0.19045	0.07884	0.03854	0.02147	0.01834	0.01324	0.05943	0.04216	0.25508	0.03788	0.02027	0.01546	0.00832	0.00663	0.00217	0.00743	0.00625	0.00628	0.04916
2	0.01919	0.01842	0.03147	0.04759	0.67914	0.01842	0.02380	0.02380	0.01765	0.02533	0.01458	0.01919	0.01228	0.00691	0.00768	0.00230	0.00921	0.00691	0.00384	0.01228
3	0.03035	0.01488	0.01862	0.01412	0.02032	0.01354	0.01161	0.14836	0.02371	0.44527	0.02527	0.02305	0.01666	0.00883	0.00741	0.00216	0.00680	0.00706	0.00833	0.15366
4	0.01298	0.00674	0.00997	0.01019	0.01024	0.00668	0.00679	0.01019	0.01068	0.01424	0.01703	0.10868	0.01807	0.02661	0.02782	0.68049	0.00646	0.00860	0.00383	0.00372
5	0.01883	0.02259	0.11562	0.03857	0.36733	0.04493	0.22822	0.02450	0.01788	0.02483	0.01476	0.01921	0.01173	0.00688	0.00809	0.00241	0.01093	0.00742	0.00380	0.01146
6	0.01517	0.00927	0.01158	0.01063	0.01343	0.00851	0.00824	0.01918	0.05259	0.14189	0.34763	0.07895	0.18803	0.01590	0.00896	0.00256	0.00457	0.04627	0.00828	0.00838
7	0.06166	0.02080	0.13478	0.01545	0.02258	0.01659	0.01439	0.19362	0.08068	0.05938	0.01724	0.01821	0.01291	0.00765	0.00679	0.00194	0.00757	0.00592	0.00573	0.29610
8	0.15220	0.14329	0.15137	0.01735	0.06375	0.01941	0.01572	0.09649	0.01848	0.10209	0.01509	0.01661	0.01142	0.00778	0.00738	0.00217	0.04492	0.00556	0.00497	0.10394
9	0.01698	0.14617	0.34267	0.02333	0.08633	0.01937	0.12453	0.02342	0.01661	0.02351	0.01479	0.04263	0.01202	0.00757	0.00726	0.00226	0.01031	0.00664	0.00368	0.06992
10	0.06091	0.01776	0.02131	0.01878	0.09106	0.01801	0.01384	0.31268	0.02709	0.22296	0.02069	0.02033	0.01439	0.00864	0.00740	0.00221	0.00763	0.00681	0.00737	0.10014
11	0.01797	0.01827	0.06807	0.08451	0.29910	0.01758	0.04509	0.02782	0.20565	0.02665	0.02061	0.05163	0.01686	0.00870	0.00776	0.00241	0.00829	0.00796	0.00514	0.05992

[dist]
# distance from previous block
# <min> <max>
1	9

[block]
# block no. 5 follows, 25 sequences, length 6
# corresponding to MSA columns:
# 153-158
name=unknown_F
#
# <colnr> <probs for GDERKNQSTAVLIFYWHMCP>
#	G	D	E	R	K	N	Q	S	T	A	V	L	I	F	Y	W	H	M	C	P
0	0.01925	0.01816	0.07697	0.01617	0.02228	0.01589	0.06389	0.18330	0.10407	0.03145	0.02082	0.10127	0.01800	0.00963	0.00743	0.00210	0.00743	0.00823	0.00596	0.26768
1	0.02823	0.03641	0.01909	0.01461	0.01997	0.03555	0.04085	0.03350	0.09499	0.43960	0.06981	0.05955	0.02342	0.01036	0.00786	0.00239	0.00683	0.00871	0.00839	0.03988
2	0.02082	0.07097	0.18750	0.02167	0.02928	0.07675	0.18142	0.12098	0.02046	0.05662	0.01533	0.01786	0.01150	0.00754	0.00807	0.00225	0.03189	0.00662	0.00464	0.10783
3	0.02658	0.02649	0.02060	0.01852	0.04672	0.35823	0.01378	0.14892	0.02355	0.09242	0.01800	0.07699	0.01526	0.00958	0.00739	0.00214	0.01054	0.00716	0.00560	0.07154
4	0.02132	0.07403	0.01990	0.01746	0.07500	0.20220	0.01259	0.11418	0.04248	0.06104	0.19116	0.03234	0.08204	0.01112	0.00781	0.00225	0.00827	0.00889	0.00631	0.00963
5	0.01801	0.01999	0.04232	0.10183	0.09408	0.01927	0.53641	0.02425	0.01797	0.02437	0.01540	0.02075	0.01166	0.00669	0.00889	0.00259	0.01248	0.00874	0.00387	0.01042

[dist]
# distance from previous block
# <min> <max>
0	1

[block]
# block no. 6 follows, 25 sequences, length 64
# corresponding to MSA columns:
# 160-223
name=unknown_G
#
# <colnr> <probs for GDERKNQSTAVLIFYWHMCP>
#	G	D	E	R	K	N	Q	S	T	A	V	L	I	F	Y	W	H	M	C	P
0	0.01464	0.01378	0.02326	0.70887	0.05340	0.01723	0.02153	0.01981	0.01550	0.01981	0.01378	0.02067	0.01034	0.00775	0.00775	0.00258	0.01034	0.00689	0.00345	0.00861
1	0.02073	0.73217	0.04063	0.01327	0.01990	0.03068	0.01327	0.02322	0.01575	0.01824	0.01078	0.01244	0.00995	0.00663	0.00498	0.00166	0.00829	0.00415	0.00332	0.00995
2	0.01651	0.03877	0.65406	0.02169	0.03287	0.01768	0.02779	0.02521	0.01666	0.05736	0.01474	0.01687	0.01029	0.00748	0.00739	0.00245	0.01122	0.00583	0.00359	0.01155
3	0.01347	0.00673	0.01010	0.01010	0.01010	0.00673	0.00673	0.01010	0.01010	0.01347	0.01347	0.02357	0.01347	0.02694	0.03030	0.77441	0.00673	0.00673	0.00337	0.00337
4	0.01249	0.00892	0.01249	0.01428	0.01606	0.00892	0.01249	0.01606	0.01785	0.02320	0.04105	0.08746	0.04462	0.02142	0.01071	0.00357	0.00714	0.62695	0.00714	0.00714
5	0.01966	0.01684	0.01774	0.01585	0.02030	0.01946	0.01236	0.06364	0.64209	0.03304	0.03108	0.02855	0.02328	0.01047	0.00788	0.00262	0.00622	0.00870	0.00788	0.01231
6	0.01128	0.00752	0.00846	0.00846	0.00846	0.00752	0.00470	0.01128	0.01128	0.01503	0.02443	0.05074	0.02819	0.72751	0.03946	0.00752	0.00752	0.01128	0.00470	0.00470
7	0.02073	0.73217	0.04063	0.01327	0.01990	0.03068	0.01327	0.02322	0.01575	0.01824	0.01078	0.01244	0.00995	0.00663	0.00498	0.00166	0.00829	0.00415	0.00332	0.00995
8	0.01128	0.00752	0.00846	0.00846	0.00846	0.00752	0.00470	0.01128	0.01128	0.01503	0.02443	0.05074	0.02819	0.72751	0.03946	0.00752	0.00752	0.01128	0.00470	0.00470
9	0.00945	0.00675	0.00900	0.01080	0.01125	0.00630	0.00720	0.01080	0.01484	0.01979	0.04274	0.72245	0.05128	0.02429	0.00990	0.00315	0.00450	0.02204	0.00720	0.00630
10	0.03158	0.01476	0.01853	0.01460	0.02035	0.01418	0.01193	0.10968	0.13140	0.50177	0.02936	0.02591	0.01925	0.00972	0.00781	0.00243	0.00674	0.00786	0.00910	0.01304
11	0.01232	0.00880	0.01229	0.01408	0.01578	0.00877	0.01219	0.01576	0.01768	0.02301	0.04115	0.12427	0.04501	0.02159	0.01066	0.00355	0.00699	0.59188	0.00714	0.00709
12	0.01902	0.01802	0.03032	0.11862	0.59017	0.01847	0.02326	0.04341	0.01802	0.02548	0.01463	0.01933	0.01210	0.00708	0.00769	0.00233	0.00931	0.00691	0.00392	0.01191
13	0.01988	0.01695	0.01786	0.01590	0.02039	0.01956	0.01242	0.07669	0.62869	0.03339	0.03081	0.02833	0.02306	0.01045	0.00788	0.00261	0.00628	0.00866	0.00788	0.01233
14	0.01886	0.01712	0.04833	0.01543	0.02003	0.01815	0.01258	0.08703	0.50671	0.03274	0.07623	0.03179	0.05844	0.01110	0.00800	0.00258	0.00630	0.00922	0.00767	0.01168
15	0.02947	0.02172	0.02327	0.01784	0.02404	0.02404	0.01474	0.65329	0.03646	0.04887	0.01862	0.01862	0.01319	0.00931	0.00776	0.00233	0.00853	0.00698	0.00776	0.01319
16	0.01634	0.01358	0.01499	0.01374	0.01717	0.01509	0.01055	0.03183	0.44195	0.03148	0.22718	0.06772	0.03987	0.01273	0.00836	0.00259	0.00531	0.01093	0.00806	0.01051
17	0.02864	0.01397	0.01839	0.01630	0.06456	0.01328	0.01227	0.08313	0.09301	0.43457	0.08840	0.03057	0.02458	0.01048	0.00802	0.00246	0.00663	0.02977	0.00869	0.01228
18	0.01631	0.14143	0.59265	0.02081	0.03156	0.01986	0.02640	0.02436	0.01628	0.02363	0.01346	0.01579	0.00984	0.00726	0.00702	0.00234	0.01100	0.00550	0.00328	0.01124
19	0.01505	0.01408	0.02366	0.54948	0.15598	0.01668	0.02093	0.01986	0.01582	0.02074	0.01590	0.06861	0.01348	0.00875	0.00789	0.00258	0.00975	0.00793	0.00377	0.00907
20	0.01500	0.01414	0.02389	0.65759	0.10193	0.01732	0.02171	0.02012	0.01567	0.02024	0.01384	0.02056	0.01049	0.00769	0.00775	0.00256	0.01025	0.00689	0.00348	0.00890
21	0.03382	0.06256	0.01955	0.01376	0.01980	0.01272	0.01152	0.03679	0.02175	0.63876	0.02923	0.02543	0.01856	0.00939	0.00760	0.00235	0.00671	0.00755	0.00917	0.01297
22	0.01617	0.08454	0.54797	0.04894	0.03414	0.01902	0.09477	0.02431	0.01650	0.02397	0.01389	0.01676	0.01006	0.00724	0.00741	0.00242	0.01137	0.00604	0.00335	0.01114
23	0.01877	0.01800	0.03072	0.10822	0.62177	0.01831	0.02359	0.02343	0.01746	0.02482	0.01451	0.01933	0.01210	0.00699	0.00768	0.00233	0.00931	0.00691	0.00380	0.01195
24	0.01671	0.19536	0.54225	0.02012	0.03049	0.02085	0.02520	0.02425	0.01623	0.02314	0.01321	0.01549	0.00985	0.00720	0.00683	0.00228	0.01075	0.00537	0.00328	0.01112
25	0.01938	0.01440	0.02382	0.47244	0.11395	0.01624	0.04063	0.02409	0.01720	0.15661	0.01737	0.02169	0.01241	0.00800	0.00780	0.00252	0.00954	0.00715	0.00476	0.01001
26	0.01682	0.02296	0.19975	0.02539	0.03278	0.01654	0.35438	0.02292	0.01739	0.05354	0.02058	0.14109	0.01843	0.00995	0.00877	0.00266	0.01089	0.01045	0.00458	0.01011
27	0.01919	0.01842	0.03147	0.04759	0.67914	0.01842	0.02380	0.02380	0.01765	0.02533	0.01458	0.01919	0.01228	0.00691	0.00768	0.00230	0.00921	0.00691	0.00384	0.01228
28	0.05438	0.06243	0.63122	0.02120	0.03216	0.01841	0.02710	0.02442	0.01619	0.02486	0.01365	0.01605	0.00975	0.00733	0.00716	0.00243	0.01108	0.00560	0.00335	0.01125
29	0.02356	0.02523	0.32055	0.01797	0.02618	0.01438	0.04430	0.02946	0.01939	0.30848	0.07373	0.02416	0.01896	0.00897	0.00776	0.00244	0.00882	0.00741	0.00643	0.01184
30	0.01555	0.04011	0.68733	0.02210	0.03356	0.01801	0.02865	0.02455	0.01637	0.02455	0.01391	0.01637	0.00982	0.00737	0.00737	0.00246	0.01146	0.00573	0.00327	0.01146
31	0.01571	0.01429	0.02356	0.56950	0.12288	0.01712	0.02079	0.04518	0.01633	0.02130	0.01405	0.02056	0.01083	0.00867	0.00886	0.04091	0.00995	0.00689	0.00366	0.00896
32	0.02537	0.02371	0.25439	0.02074	0.06511	0.01501	0.08932	0.03094	0.01947	0.34358	0.02221	0.02188	0.01471	0.00833	0.00779	0.00244	0.00916	0.00718	0.00643	0.01223
33	0.01826	0.01747	0.02979	0.18287	0.55113	0.01818	0.02333	0.02298	0.01721	0.02420	0.01442	0.01949	0.01188	0.00708	0.00769	0.00236	0.00944	0.00690	0.00376	0.01153
34	0.03227	0.01676	0.09695	0.01496	0.02161	0.01277	0.01358	0.06529	0.02218	0.57689	0.02806	0.02485	0.01781	0.00932	0.00774	0.00240	0.00726	0.00752	0.00877	0.01299
35	0.01687	0.02028	0.09230	0.19084	0.04187	0.01840	0.42575	0.02309	0.01735	0.02343	0.01613	0.04742	0.01278	0.00757	0.00870	0.00261	0.01196	0.00883	0.00388	0.00994
36	0.02847	0.01505	0.04654	0.01423	0.01974	0.01344	0.01206	0.13933	0.04659	0.41323	0.13711	0.03005	0.02706	0.01054	0.00800	0.00240	0.00663	0.00866	0.00877	0.01209
37	0.00944	0.00775	0.00831	0.00842	0.01070	0.00662	0.00622	0.01156	0.01795	0.02218	0.15450	0.14053	0.52972	0.01962	0.00924	0.00265	0.00395	0.01665	0.00738	0.00662
38	0.01555	0.04011	0.68733	0.02210	0.03356	0.01801	0.02865	0.02455	0.01637	0.02455	0.01391	0.01637	0.00982	0.00737	0.00737	0.00246	0.01146	0.00573	0.00327	0.01146
39	0.01830	0.02092	0.04575	0.03268	0.04052	0.01961	0.65098	0.02484	0.01830	0.02484	0.01569	0.02092	0.01176	0.00654	0.00915	0.00261	0.01307	0.00915	0.00392	0.01046
40	0.03409	0.04894	0.01912	0.01377	0.01980	0.01235	0.01149	0.03706	0.02187	0.65139	0.02960	0.02570	0.01873	0.00945	0.00766	0.00236	0.00668	0.00762	0.00928	0.01303
41	0.74433	0.01533	0.01199	0.01058	0.01545	0.01773	0.00872	0.05457	0.01437	0.03550	0.01119	0.01290	0.00864	0.00730	0.00495	0.00240	0.00613	0.00434	0.00495	0.00864
42	0.00945	0.00675	0.00900	0.01080	0.01125	0.00630	0.00720	0.01080	0.01484	0.01979	0.04274	0.72245	0.05128	0.02429	0.00990	0.00315	0.00450	0.02204	0.00720	0.00630
43	0.01678	0.01740	0.05580	0.01944	0.02035	0.02185	0.01654	0.04789	0.01353	0.02047	0.01379	0.08260	0.01412	0.01406	0.02226	0.00327	0.57910	0.00816	0.00394	0.00865
44	0.01801	0.01896	0.07482	0.18117	0.50676	0.01815	0.02367	0.02303	0.01713	0.02415	0.01437	0.01930	0.01171	0.00711	0.00767	0.00237	0.00960	0.00682	0.00372	0.01147
45	0.01000	0.00750	0.01052	0.08553	0.01576	0.00747	0.00873	0.01176	0.01492	0.01979	0.03964	0.64731	0.04690	0.02252	0.00967	0.00309	0.00512	0.02042	0.00680	0.00655
46	0.01555	0.04011	0.68733	0.02210	0.03356	0.01801	0.02865	0.02455	0.01637	0.02455	0.01391	0.01637	0.00982	0.00737	0.00737	0.00246	0.01146	0.00573	0.00327	0.01146
47	0.00945	0.00675	0.00900	0.01080	0.01125	0.00630	0.00720	0.01080	0.01484	0.01979	0.04274	0.72245	0.05128	0.02429	0.00990	0.00315	0.00450	0.02204	0.00720	0.00630
48	0.02896	0.03695	0.02197	0.01998	0.02397	0.69638	0.01498	0.03096	0.02197	0.01898	0.01199	0.01398	0.00999	0.00799	0.00699	0.00200	0.01398	0.00499	0.00400	0.00899
49	0.01608	0.01378	0.01608	0.01148	0.01837	0.01034	0.00919	0.01952	0.01608	0.02527	0.01378	0.01608	0.01148	0.00574	0.00574	0.00115	0.00574	0.00459	0.00459	0.77491
50	0.01111	0.00816	0.01170	0.01170	0.01282	0.00928	0.00874	0.01335	0.01223	0.01743	0.02147	0.03433	0.02107	0.18600	0.57123	0.01152	0.01824	0.00887	0.00426	0.00650
51	0.01347	0.00673	0.01010	0.01010	0.01010	0.00673	0.00673	0.01010	0.01010	0.01347	0.01347	0.02357	0.01347	0.02694	0.03030	0.77441	0.00673	0.00673	0.00337	0.00337
52	0.01919	0.01842	0.03147	0.04759	0.67914	0.01842	0.02380	0.02380	0.01765	0.02533	0.01458	0.01919	0.01228	0.00691	0.00768	0.00230	0.00921	0.00691	0.00384	0.01228
53	0.02156	0.66180	0.03874	0.01395	0.02031	0.09806	0.01344	0.02400	0.01638	0.01832	0.01090	0.01259	0.00995	0.00677	0.00518	0.00169	0.00887	0.00423	0.00339	0.00985
54	0.78228	0.01499	0.01140	0.01020	0.01499	0.01739	0.00840	0.02279	0.01320	0.03479	0.01080	0.01260	0.00840	0.00720	0.00480	0.00240	0.00600	0.00420	0.00480	0.00840
55	0.78228	0.01499	0.01140	0.01020	0.01499	0.01739	0.00840	0.02279	0.01320	0.03479	0.01080	0.01260	0.00840	0.00720	0.00480	0.00240	0.00600	0.00420	0.00480	0.00840
56	0.02438	0.01885	0.02004	0.01645	0.02166	0.02120	0.01324	0.35961	0.30633	0.04084	0.02451	0.02354	0.01802	0.00982	0.00770	0.00243	0.00727	0.00776	0.04383	0.01251
57	0.78228	0.01499	0.01140	0.01020	0.01499	0.01739	0.00840	0.02279	0.01320	0.03479	0.01080	0.01260	0.00840	0.00720	0.00480	0.00240	0.00600	0.00420	0.00480	0.00840
58	0.00945	0.00675	0.00900	0.01080	0.01125	0.00630	0.00720	0.01080	0.01484	0.01979	0.04274	0.72245	0.05128	0.02429	0.00990	0.00315	0.00450	0.02204	0.00720	0.00630
59	0.01608	0.01378	0.01608	0.01148	0.01837	0.01034	0.00919	0.01952	0.01608	0.02527	0.01378	0.01608	0.01148	0.00574	0.00574	0.00115	0.00574	0.00459	0.00459	0.77491
60	0.01661	0.01424	0.01737	0.01294	0.01930	0.01173	0.03730	0.04922	0.06158	0.02648	0.01698	0.05823	0.01472	0.00734	0.00637	0.00148	0.00614	0.00620	0.00508	0.61068
61	0.01582	0.03841	0.63350	0.02357	0.05954	0.01809	0.05537	0.02454	0.01650	0.02460	0.01402	0.01668	0.01000	0.00731	0.00746	0.00246	0.01144	0.00592	0.00332	0.01145
62	0.01857	0.12557	0.47911	0.02147	0.05612	0.09801	0.02433	0.02555	0.01719	0.04577	0.01389	0.01605	0.01028	0.00740	0.00705	0.00229	0.01109	0.00556	0.00360	0.01107
63	0.02005	0.05814	0.01984	0.04357	0.09213	0.07341	0.01333	0.14021	0.14474	0.06063	0.10293	0.06050	0.07526	0.01185	0.00809	0.00247	0.00741	0.04836	0.00670	0.01038

[dist]
# distance from previous block
# <min> <max>
4	9

[block]
# block no. 7 follows, 25 sequences, length 62
# corresponding to MSA columns:
# 233-294
name=unknown_H
#
# <colnr> <probs for GDERKNQSTAVLIFYWHMCP>
#	G	D	E	R	K	N	Q	S	T	A	V	L	I	F	Y	W	H	M	C	P
0	0.31743	0.01353	0.01530	0.01388	0.05525	0.01359	0.01046	0.02834	0.01845	0.31557	0.10253	0.02462	0.02139	0.00930	0.00681	0.00240	0.00615	0.00714	0.00729	0.01057
1	0.10643	0.01520	0.01735	0.01342	0.01933	0.01446	0.01091	0.14767	0.06267	0.22000	0.04794	0.02170	0.01703	0.00841	0.00689	0.00201	0.00649	0.00658	0.00702	0.24846
2	0.04425	0.00870	0.01083	0.01042	0.01252	0.00832	0.00789	0.01643	0.04753	0.05325	0.46948	0.12785	0.09069	0.01640	0.00902	0.00258	0.00424	0.04385	0.00812	0.00763
3	0.01179	0.00811	0.01063	0.00989	0.01187	0.00746	0.00746	0.01543	0.02196	0.05360	0.65285	0.05683	0.07130	0.01564	0.00910	0.00244	0.00376	0.01381	0.00857	0.00752
4	0.02622	0.23363	0.05936	0.01791	0.02310	0.44575	0.01501	0.02874	0.01994	0.04684	0.01251	0.01418	0.01035	0.00764	0.00647	0.00194	0.01193	0.00491	0.00400	0.00956
5	0.02073	0.73217	0.04063	0.01327	0.01990	0.03068	0.01327	0.02322	0.01575	0.01824	0.01078	0.01244	0.00995	0.00663	0.00498	0.00166	0.00829	0.00415	0.00332	0.00995
6	0.75101	0.01492	0.01167	0.01035	0.01520	0.01714	0.00852	0.02342	0.01357	0.06196	0.01162	0.01317	0.00885	0.00730	0.00492	0.00240	0.00602	0.00435	0.00500	0.00860
7	0.78228	0.01499	0.01140	0.01020	0.01499	0.01739	0.00840	0.02279	0.01320	0.03479	0.01080	0.01260	0.00840	0.00720	0.00480	0.00240	0.00600	0.00420	0.00480	0.00840
8	0.00976	0.00712	0.00968	0.03976	0.01302	0.00682	0.00780	0.01142	0.01534	0.02054	0.08327	0.64939	0.05102	0.02305	0.00976	0.00308	0.00469	0.02088	0.00713	0.00646
9	0.13343	0.02079	0.02163	0.01678	0.02280	0.02313	0.01386	0.56622	0.03324	0.04692	0.01754	0.01778	0.01252	0.00902	0.00735	0.00234	0.00818	0.00660	0.00735	0.01252
10	0.01347	0.00673	0.01010	0.01010	0.01010	0.00673	0.00673	0.01010	0.01010	0.01347	0.01347	0.02357	0.01347	0.02694	0.03030	0.77441	0.00673	0.00673	0.00337	0.00337
11	0.00945	0.00675	0.00900	0.01080	0.01125	0.00630	0.00720	0.01080	0.01484	0.01979	0.04274	0.72245	0.05128	0.02429	0.00990	0.00315	0.00450	0.02204	0.00720	0.00630
12	0.01516	0.01442	0.02491	0.58226	0.10308	0.01713	0.06111	0.02030	0.01596	0.02073	0.01510	0.02334	0.01201	0.00817	0.00796	0.00260	0.01028	0.03283	0.00366	0.00897
13	0.01938	0.01897	0.03067	0.07911	0.62075	0.04679	0.02331	0.02390	0.01773	0.02479	0.01444	0.01905	0.01209	0.00700	0.00765	0.00230	0.00947	0.00683	0.00383	0.01196
14	0.02944	0.02282	0.02318	0.01799	0.02404	0.07261	0.01475	0.60834	0.03541	0.04671	0.01814	0.01828	0.01295	0.00921	0.00770	0.00230	0.00893	0.00684	0.00748	0.01288
15	0.01109	0.00824	0.01213	0.01213	0.01340	0.00951	0.00928	0.01363	0.01236	0.01775	0.02107	0.03215	0.02012	0.11399	0.64195	0.01205	0.01966	0.00855	0.00420	0.00674
16	0.01815	0.02062	0.04481	0.06103	0.04106	0.01951	0.62459	0.02463	0.01818	0.02463	0.01561	0.02090	0.01170	0.00659	0.00909	0.00261	0.01296	0.00906	0.00390	0.01038
17	0.01464	0.01378	0.02326	0.70887	0.05340	0.01723	0.02153	0.01981	0.01550	0.01981	0.01378	0.02067	0.01034	0.00775	0.00775	0.00258	0.01034	0.00689	0.00345	0.00861
18	0.01249	0.00892	0.01249	0.01428	0.01606	0.00892	0.01249	0.01606	0.01785	0.02320	0.04105	0.08746	0.04462	0.02142	0.01071	0.00357	0.00714	0.62695	0.00714	0.00714
19	0.01853	0.01764	0.02946	0.14266	0.54914	0.01830	0.02279	0.02422	0.05497	0.02493	0.01545	0.01997	0.01266	0.00724	0.00770	0.00236	0.00920	0.00701	0.00402	0.01174
20	0.01555	0.04011	0.68733	0.02210	0.03356	0.01801	0.02865	0.02455	0.01637	0.02455	0.01391	0.01637	0.00982	0.00737	0.00737	0.00246	0.01146	0.00573	0.00327	0.01146
21	0.01830	0.02092	0.04575	0.03268	0.04052	0.01961	0.65098	0.02484	0.01830	0.02484	0.01569	0.02092	0.01176	0.00654	0.00915	0.00261	0.01307	0.00915	0.00392	0.01046
22	0.03479	0.01320	0.01799	0.01380	0.01979	0.01140	0.01140	0.03779	0.02219	0.68451	0.03059	0.02639	0.01919	0.00960	0.00780	0.00240	0.00660	0.00780	0.00960	0.01320
23	0.01607	0.08458	0.60411	0.02218	0.03310	0.01894	0.06695	0.02448	0.01645	0.02416	0.01382	0.01640	0.00995	0.00727	0.00732	0.00241	0.01135	0.00584	0.00332	0.01130
24	0.01486	0.01401	0.02365	0.67682	0.08373	0.01728	0.02164	0.02000	0.01561	0.02008	0.01382	0.02060	0.01043	0.00771	0.00775	0.00257	0.01028	0.00689	0.00346	0.00879
25	0.01555	0.04011	0.68733	0.02210	0.03356	0.01801	0.02865	0.02455	0.01637	0.02455	0.01391	0.01637	0.00982	0.00737	0.00737	0.00246	0.01146	0.00573	0.00327	0.01146
26	0.01971	0.02152	0.04169	0.05579	0.03868	0.05336	0.53801	0.08243	0.02004	0.02656	0.01570	0.02035	0.01175	0.00691	0.00886	0.00256	0.01260	0.00866	0.00426	0.01057
27	0.01464	0.01378	0.02326	0.70887	0.05340	0.01723	0.02153	0.01981	0.01550	0.01981	0.01378	0.02067	0.01034	0.00775	0.00775	0.00258	0.01034	0.00689	0.00345	0.00861
28	0.02805	0.02348	0.02306	0.08055	0.02668	0.13271	0.01539	0.49496	0.03221	0.04139	0.01710	0.01805	0.01241	0.00895	0.00763	0.00230	0.00958	0.00665	0.00676	0.01209
29	0.00951	0.00678	0.00898	0.01071	0.01114	0.00634	0.00710	0.01081	0.01471	0.01962	0.04206	0.69752	0.05043	0.05039	0.01099	0.00331	0.00461	0.02164	0.00710	0.00624
30	0.02208	0.20777	0.24820	0.01929	0.05321	0.09064	0.01914	0.14422	0.04316	0.06042	0.01528	0.01661	0.01155	0.00781	0.00685	0.00218	0.00984	0.00575	0.00470	0.01130
31	0.02012	0.42829	0.15649	0.01633	0.02356	0.02555	0.04749	0.09203	0.04872	0.02425	0.04141	0.01694	0.01367	0.00762	0.00624	0.00200	0.00885	0.00562	0.00425	0.01060
32	0.01043	0.00777	0.00969	0.00950	0.01132	0.00704	0.00702	0.01346	0.02023	0.02769	0.47861	0.14188	0.19152	0.01763	0.00924	0.00256	0.00381	0.01547	0.00810	0.00704
33	0.01097	0.00793	0.01036	0.00975	0.01158	0.00732	0.00732	0.01463	0.02195	0.03109	0.67505	0.05792	0.07316	0.01585	0.00914	0.00244	0.00366	0.01402	0.00854	0.00732
34	0.03259	0.01454	0.01861	0.01436	0.02018	0.01358	0.01182	0.15286	0.02487	0.53165	0.06070	0.02651	0.02077	0.00986	0.00786	0.00239	0.00682	0.00796	0.00920	0.01290
35	0.01662	0.06856	0.59475	0.02209	0.03292	0.01844	0.06694	0.02497	0.01667	0.04716	0.01447	0.01683	0.01028	0.00736	0.00739	0.00243	0.01125	0.00595	0.00354	0.01139
36	0.01464	0.01378	0.02326	0.70887	0.05340	0.01723	0.02153	0.01981	0.01550	0.01981	0.01378	0.02067	0.01034	0.00775	0.00775	0.00258	0.01034	0.00689	0.00345	0.00861
37	0.01108	0.00831	0.01246	0.01246	0.01385	0.00969	0.00969	0.01385	0.01246	0.01800	0.02077	0.03046	0.01938	0.05815	0.69678	0.01246	0.02077	0.00831	0.00415	0.00692
38	0.78228	0.01499	0.01140	0.01020	0.01499	0.01739	0.00840	0.02279	0.01320	0.03479	0.01080	0.01260	0.00840	0.00720	0.00480	0.00240	0.00600	0.00420	0.00480	0.00840
39	0.02947	0.02172	0.02327	0.01784	0.02404	0.02404	0.01474	0.65329	0.03646	0.04887	0.01862	0.01862	0.01319	0.00931	0.00776	0.00233	0.00853	0.00698	0.00776	0.01319
40	0.01236	0.00884	0.01231	0.01389	0.01567	0.00878	0.01204	0.01594	0.01821	0.02389	0.09621	0.08489	0.04711	0.02093	0.01057	0.00347	0.00684	0.57363	0.00726	0.00716
41	0.01601	0.06212	0.59927	0.02288	0.03380	0.01861	0.09181	0.02454	0.01655	0.02437	0.01399	0.01670	0.01003	0.00726	0.00747	0.00244	0.01151	0.00602	0.00334	0.01130
42	0.01666	0.02845	0.37764	0.02622	0.15722	0.01647	0.08026	0.02346	0.01728	0.05229	0.04685	0.05836	0.01737	0.00917	0.00797	0.00252	0.01007	0.03646	0.00432	0.01096
43	0.01128	0.00752	0.00846	0.00846	0.00846	0.00752	0.00470	0.01128	0.01128	0.01503	0.02443	0.05074	0.02819	0.72751	0.03946	0.00752	0.00752	0.01128	0.00470	0.00470
44	0.01760	0.02098	0.07565	0.03077	0.03832	0.01869	0.57905	0.02394	0.01799	0.02450	0.01731	0.06501	0.01416	0.00770	0.00911	0.00264	0.01245	0.00979	0.00410	0.01025
45	0.01822	0.01901	0.05221	0.07118	0.39840	0.01817	0.21518	0.02350	0.01773	0.02478	0.01640	0.02368	0.01385	0.00769	0.00830	0.00249	0.01039	0.04360	0.00402	0.01123
46	0.01491	0.01405	0.02373	0.67044	0.08977	0.01730	0.02166	0.02004	0.01563	0.02013	0.01383	0.02059	0.01045	0.00770	0.00775	0.00257	0.01027	0.00689	0.00347	0.00883
47	0.00972	0.00694	0.00931	0.01111	0.01167	0.00653	0.00767	0.01126	0.01511	0.02010	0.04259	0.66613	0.05069	0.02404	0.00997	0.00319	0.00473	0.07569	0.00719	0.00637
48	0.02508	0.08042	0.15820	0.08237	0.07755	0.01660	0.07471	0.05270	0.01971	0.30369	0.02107	0.02137	0.01433	0.00824	0.00758	0.00237	0.00890	0.00702	0.00623	0.01185
49	0.04279	0.17293	0.53928	0.01999	0.03028	0.02043	0.02498	0.02424	0.01614	0.02369	0.01320	0.01548	0.00980	0.00722	0.00682	0.00230	0.01066	0.00537	0.00333	0.01106
50	0.03479	0.01320	0.01799	0.01380	0.01979	0.01140	0.01140	0.03779	0.02219	0.68451	0.03059	0.02639	0.01919	0.00960	0.00780	0.00240	0.00660	0.00780	0.00960	0.01320
51	0.01555	0.04011	0.68733	0.02210	0.03356	0.01801	0.02865	0.02455	0.01637	0.02455	0.01391	0.01637	0.00982	0.00737	0.00737	0.00246	0.01146	0.00573	0.00327	0.01146
52	0.01766	0.05183	0.29419	0.03115	0.29547	0.06056	0.02356	0.02364	0.01735	0.02409	0.01795	0.02301	0.04054	0.00836	0.00762	0.00240	0.01007	0.03548	0.00390	0.01118
53	0.03145	0.01271	0.01707	0.01351	0.01891	0.01125	0.01099	0.03523	0.05019	0.58475	0.06318	0.06851	0.02392	0.01080	0.00799	0.00245	0.00631	0.00898	0.00933	0.01246
54	0.02161	0.01074	0.01409	0.01208	0.01575	0.00990	0.00959	0.02602	0.06205	0.30469	0.30069	0.04448	0.04399	0.03766	0.00964	0.00268	0.00541	0.05022	0.00872	0.01000
55	0.01227	0.01113	0.04711	0.05711	0.01713	0.01182	0.01134	0.01496	0.01304	0.01867	0.05101	0.03213	0.02126	0.15369	0.39741	0.00895	0.10095	0.00866	0.00427	0.00710
56	0.51936	0.01613	0.04092	0.01177	0.01707	0.01673	0.00997	0.02537	0.11873	0.03264	0.01469	0.01587	0.01135	0.00753	0.00554	0.00226	0.00621	0.00505	0.00520	0.11760
57	0.06088	0.04630	0.17211	0.12474	0.07428	0.01813	0.19510	0.02215	0.01597	0.02338	0.01447	0.01937	0.01146	0.01202	0.07011	0.00338	0.06341	0.00704	0.00375	0.04197
58	0.09342	0.01646	0.02376	0.36606	0.17005	0.01888	0.01932	0.15028	0.01999	0.02832	0.01464	0.01917	0.01112	0.00785	0.00745	0.00246	0.00932	0.00665	0.00454	0.01027
59	0.06523	0.01420	0.02223	0.51931	0.08913	0.01685	0.01936	0.04894	0.01660	0.06079	0.01483	0.02042	0.01112	0.00863	0.00849	0.03436	0.00954	0.00677	0.00410	0.00910
