[name]
unknown

[dist]
# distance from previous block
# <min> <max>
5	541

[block]
# block no. 0 follows, 24 sequences, length 10
# corresponding to MSA columns:
# 545-554
name=unknown_A
#
# <colnr> <probs for GDERKNQSTAVLIFYWHMCP>
#	G	D	E	R	K	N	Q	S	T	A	V	L	I	F	Y	W	H	M	C	P
0	0.01925	0.01892	0.03367	0.08227	0.55444	0.01894	0.10642	0.02426	0.01802	0.02553	0.01502	0.01994	0.01238	0.00706	0.00806	0.00241	0.01001	0.00737	0.00391	0.01211
1	0.01872	0.02037	0.09444	0.12099	0.49975	0.01871	0.02389	0.02494	0.05364	0.02557	0.01573	0.02008	0.01273	0.00742	0.00784	0.00242	0.00961	0.00705	0.00405	0.01204
2	0.02011	0.01522	0.01838	0.01438	0.02006	0.01444	0.04612	0.11617	0.14038	0.07934	0.02303	0.03950	0.03218	0.00877	0.00709	0.00196	0.00656	0.00733	0.08143	0.30755
3	0.01156	0.00753	0.00887	0.00905	0.00909	0.00749	0.00526	0.01137	0.01178	0.01570	0.02576	0.11486	0.02972	0.58584	0.03647	0.08042	0.00731	0.01217	0.00493	0.00484
4	0.02889	0.02135	0.02401	0.02144	0.10002	0.04506	0.01576	0.47193	0.06121	0.09978	0.01998	0.02011	0.01428	0.00927	0.00791	0.00239	0.00871	0.00722	0.00750	0.01319
5	0.02049	0.01489	0.01780	0.04328	0.02109	0.01278	0.01093	0.10532	0.02019	0.11290	0.03903	0.01980	0.01507	0.00730	0.00663	0.00161	0.00650	0.00587	0.00587	0.51264
6	0.01795	0.01706	0.02939	0.13502	0.45718	0.01745	0.07050	0.02234	0.01703	0.02383	0.01607	0.02377	0.01415	0.09101	0.01180	0.00305	0.00969	0.00777	0.00398	0.01097
7	0.23738	0.27276	0.02581	0.01615	0.08118	0.03649	0.01250	0.03825	0.03272	0.06819	0.01513	0.04623	0.01297	0.00809	0.00596	0.00210	0.00749	0.00581	0.00480	0.07000
8	0.51077	0.08547	0.01750	0.01512	0.08441	0.01817	0.01104	0.02498	0.01561	0.10811	0.03622	0.01680	0.01271	0.00786	0.00574	0.00237	0.00670	0.00535	0.00536	0.00970
9	0.10909	0.01678	0.02631	0.12587	0.41880	0.01733	0.02016	0.02460	0.01788	0.08916	0.04694	0.02163	0.01547	0.00791	0.00760	0.00242	0.00866	0.00717	0.00478	0.01144

[dist]
# distance from previous block
# <min> <max>
12	75

[block]
# block no. 1 follows, 24 sequences, length 9
# corresponding to MSA columns:
# 630-638
name=unknown_B
#
# <colnr> <probs for GDERKNQSTAVLIFYWHMCP>
#	G	D	E	R	K	N	Q	S	T	A	V	L	I	F	Y	W	H	M	C	P
0	0.01895	0.14974	0.09664	0.12329	0.41099	0.02094	0.02256	0.02378	0.01729	0.02378	0.01403	0.01827	0.01162	0.00717	0.00732	0.00229	0.00962	0.00643	0.00372	0.01156
1	0.15746	0.01544	0.01658	0.01240	0.01896	0.01383	0.01003	0.10703	0.01879	0.03096	0.01422	0.01615	0.01141	0.00665	0.00598	0.00158	0.00631	0.00496	0.00518	0.52607
2	0.33806	0.01484	0.01617	0.01260	0.01864	0.01421	0.03841	0.02489	0.01641	0.14414	0.01592	0.01703	0.01182	0.00722	0.00600	0.00200	0.00648	0.00532	0.00565	0.28419
3	0.56607	0.01816	0.07948	0.06465	0.02098	0.01805	0.01219	0.06516	0.01593	0.05941	0.01291	0.01485	0.00964	0.00766	0.00572	0.00247	0.00722	0.00499	0.00504	0.00943
4	0.01963	0.01884	0.03219	0.04867	0.67185	0.01884	0.02434	0.02434	0.01806	0.02591	0.01492	0.01963	0.01256	0.00707	0.00785	0.00236	0.00942	0.00707	0.00393	0.01256
5	0.01744	0.01550	0.02584	0.16955	0.38430	0.01660	0.02011	0.02052	0.01579	0.02205	0.01428	0.02066	0.01228	0.01158	0.01337	0.15074	0.04881	0.00702	0.00373	0.00983
6	0.01591	0.01375	0.01796	0.01343	0.01917	0.01135	0.06880	0.01993	0.04431	0.02421	0.01708	0.02398	0.01545	0.13698	0.01261	0.00258	0.00693	0.00658	0.00480	0.52419
7	0.01391	0.14010	0.01720	0.01388	0.07658	0.01309	0.00877	0.01508	0.01341	0.01759	0.02307	0.10375	0.02570	0.42834	0.05329	0.00584	0.00824	0.01068	0.00468	0.00680
8	0.15817	0.01820	0.02843	0.04168	0.55181	0.01865	0.02146	0.02415	0.01722	0.02768	0.01421	0.01839	0.01183	0.00712	0.00731	0.00237	0.00882	0.00656	0.00410	0.01183

[dist]
# distance from previous block
# <min> <max>
14	26

[block]
# block no. 2 follows, 24 sequences, length 6
# corresponding to MSA columns:
# 666-671
name=unknown_C
#
# <colnr> <probs for GDERKNQSTAVLIFYWHMCP>
#	G	D	E	R	K	N	Q	S	T	A	V	L	I	F	Y	W	H	M	C	P
0	0.24316	0.01856	0.01812	0.01469	0.01981	0.04772	0.01184	0.32330	0.02614	0.08189	0.04404	0.02192	0.01609	0.06766	0.00976	0.00283	0.00780	0.00694	0.00680	0.01094
1	0.02014	0.02075	0.06192	0.09767	0.52308	0.05654	0.02343	0.05451	0.01899	0.02621	0.01487	0.01928	0.01219	0.00734	0.00781	0.00237	0.00987	0.00690	0.00407	0.01207
2	0.47191	0.05089	0.01589	0.01284	0.01787	0.09405	0.01044	0.02846	0.08615	0.12155	0.01630	0.01681	0.01208	0.00814	0.00594	0.00240	0.00727	0.00540	0.00577	0.00984
3	0.49727	0.13129	0.05612	0.05283	0.02001	0.01943	0.01166	0.02474	0.01510	0.09136	0.01329	0.01488	0.01008	0.00754	0.00555	0.00235	0.00715	0.00488	0.00495	0.00950
4	0.14120	0.01641	0.02476	0.02647	0.22995	0.01560	0.10361	0.02375	0.01767	0.07676	0.05807	0.02117	0.01625	0.00758	0.00723	0.00215	0.00804	0.00692	0.00504	0.19139
5	0.19250	0.01882	0.07944	0.19928	0.08976	0.01799	0.18567	0.02457	0.01690	0.07960	0.01540	0.01932	0.01137	0.00751	0.00759	0.00256	0.00999	0.00702	0.00450	0.01019

[dist]
# distance from previous block
# <min> <max>
4	32

[block]
# block no. 3 follows, 24 sequences, length 13
# corresponding to MSA columns:
# 705-717
name=unknown_D
#
# <colnr> <probs for GDERKNQSTAVLIFYWHMCP>
#	G	D	E	R	K	N	Q	S	T	A	V	L	I	F	Y	W	H	M	C	P
0	0.16308	0.05558	0.33631	0.04988	0.05339	0.01943	0.11974	0.06589	0.01779	0.02840	0.01412	0.01702	0.01042	0.00747	0.00728	0.00249	0.01046	0.00622	0.00408	0.01093
1	0.26384	0.17889	0.21894	0.01531	0.02259	0.02045	0.01628	0.05968	0.01733	0.05218	0.05649	0.01791	0.01442	0.00808	0.00631	0.00230	0.00833	0.00571	0.00471	0.01026
2	0.20874	0.07795	0.39234	0.05333	0.02886	0.04142	0.02180	0.02434	0.01587	0.02669	0.01301	0.01566	0.00973	0.00769	0.00733	0.00247	0.03305	0.00543	0.00378	0.01050
3	0.68448	0.01692	0.05615	0.01144	0.01687	0.01748	0.01013	0.02431	0.01424	0.07176	0.01241	0.01395	0.00932	0.00751	0.00526	0.00246	0.00654	0.00461	0.00509	0.00908
4	0.02155	0.05717	0.02046	0.01415	0.02093	0.01670	0.01164	0.24125	0.02379	0.03397	0.01567	0.01715	0.01227	0.00721	0.00656	0.00163	0.00703	0.00554	0.00577	0.45957
5	0.05176	0.05039	0.38753	0.01880	0.02763	0.01642	0.04490	0.02519	0.04694	0.07634	0.08839	0.02266	0.01876	0.00859	0.00751	0.00236	0.00936	0.00700	0.00488	0.08459
6	0.02898	0.01546	0.06230	0.05318	0.02256	0.01265	0.01303	0.06258	0.02193	0.44822	0.07380	0.02684	0.02141	0.00959	0.00782	0.00233	0.00708	0.00786	0.00831	0.09409
7	0.01963	0.01884	0.03219	0.04867	0.67185	0.01884	0.02434	0.02434	0.01806	0.02591	0.01492	0.01963	0.01256	0.00707	0.00785	0.00236	0.00942	0.00707	0.00393	0.01256
8	0.01820	0.01738	0.02960	0.24958	0.48211	0.01847	0.02363	0.02308	0.01738	0.02417	0.01466	0.02009	0.01195	0.00733	0.00787	0.00244	0.00977	0.00706	0.00380	0.01141
9	0.08846	0.01392	0.04552	0.06357	0.02028	0.01207	0.01133	0.02055	0.06717	0.02622	0.06355	0.08598	0.02404	0.03796	0.00863	0.00236	0.00653	0.07568	0.00560	0.32057
10	0.01888	0.01808	0.03084	0.15377	0.57259	0.01864	0.02396	0.02368	0.01770	0.02500	0.01478	0.01987	0.01224	0.00720	0.00786	0.00240	0.00961	0.00706	0.00386	0.01196
11	0.05614	0.03628	0.01988	0.02416	0.23632	0.04460	0.01373	0.04825	0.01526	0.02129	0.01495	0.02301	0.01392	0.06847	0.01948	0.31711	0.00825	0.00701	0.00403	0.00786
12	0.37802	0.19212	0.05284	0.01610	0.06752	0.08907	0.01302	0.06588	0.01710	0.02961	0.01212	0.01407	0.00982	0.00743	0.00572	0.00222	0.00819	0.00483	0.00451	0.00980

[dist]
# distance from previous block
# <min> <max>
1	21

[block]
# block no. 4 follows, 24 sequences, length 67
# corresponding to MSA columns:
# 739-805
name=unknown_E
#
# <colnr> <probs for GDERKNQSTAVLIFYWHMCP>
#	G	D	E	R	K	N	Q	S	T	A	V	L	I	F	Y	W	H	M	C	P
0	0.01356	0.01159	0.01798	0.43528	0.03705	0.01374	0.01551	0.01688	0.01436	0.01861	0.01917	0.06443	0.01872	0.24966	0.01899	0.00437	0.00931	0.00930	0.00414	0.00734
1	0.01738	0.01771	0.03415	0.03512	0.27861	0.01705	0.28619	0.02231	0.01780	0.02463	0.02077	0.15034	0.01978	0.01022	0.00892	0.00265	0.01021	0.01094	0.00460	0.01062
2	0.01872	0.02139	0.04679	0.03342	0.04144	0.02005	0.64305	0.02540	0.01872	0.02540	0.01604	0.02139	0.01203	0.00668	0.00936	0.00267	0.01337	0.00936	0.00401	0.01070
3	0.01950	0.01737	0.03067	0.23330	0.34683	0.01805	0.11131	0.02452	0.01791	0.07959	0.01623	0.02095	0.01251	0.00750	0.00810	0.00249	0.01009	0.00747	0.00432	0.01128
4	0.01937	0.01858	0.03173	0.08402	0.63847	0.01878	0.02421	0.02412	0.01794	0.02560	0.01487	0.01971	0.01245	0.00711	0.00785	0.00237	0.00948	0.00706	0.00390	0.01236
5	0.01864	0.01783	0.03040	0.18781	0.54045	0.01858	0.02384	0.02347	0.01759	0.02470	0.01474	0.01995	0.01214	0.00725	0.00787	0.00242	0.00967	0.00706	0.00384	0.01176
6	0.01810	0.32520	0.41529	0.01885	0.02853	0.02379	0.02277	0.02455	0.01648	0.02243	0.01290	0.01507	0.01010	0.00722	0.00652	0.00217	0.01038	0.00519	0.00337	0.01108
7	0.00973	0.00696	0.00927	0.01099	0.01152	0.00649	0.00737	0.01122	0.01552	0.02078	0.07255	0.68578	0.05348	0.02444	0.01009	0.00319	0.00456	0.02216	0.00742	0.00649
8	0.01963	0.01884	0.03219	0.04867	0.67185	0.01884	0.02434	0.02434	0.01806	0.02591	0.01492	0.01963	0.01256	0.00707	0.00785	0.00236	0.00942	0.00707	0.00393	0.01256
9	0.01919	0.08006	0.03398	0.10064	0.23223	0.07547	0.21865	0.02459	0.04086	0.02390	0.01714	0.06526	0.01482	0.00839	0.00820	0.00247	0.01070	0.00847	0.00425	0.01070
10	0.02866	0.02786	0.02242	0.01870	0.02383	0.30070	0.01473	0.33706	0.05553	0.03575	0.04575	0.01929	0.01530	0.00931	0.00768	0.00226	0.01073	0.00669	0.00637	0.01139
11	0.01498	0.01409	0.02378	0.70226	0.05462	0.01762	0.02202	0.02026	0.01586	0.02026	0.01409	0.02114	0.01057	0.00793	0.00793	0.00264	0.01057	0.00705	0.00352	0.00881
12	0.01872	0.02139	0.04679	0.03342	0.04144	0.02005	0.64305	0.02540	0.01872	0.02540	0.01604	0.02139	0.01203	0.00668	0.00936	0.00267	0.01337	0.00936	0.00401	0.01070
13	0.01847	0.02196	0.07440	0.03185	0.03936	0.02034	0.56123	0.02485	0.01807	0.02485	0.01548	0.02083	0.01180	0.00734	0.01069	0.00273	0.07226	0.00899	0.00393	0.01057
14	0.02923	0.01838	0.01811	0.01530	0.02015	0.15876	0.01211	0.05352	0.06298	0.37247	0.02986	0.08674	0.04270	0.01154	0.00813	0.00249	0.00817	0.02986	0.00802	0.01146
15	0.01859	0.17690	0.48964	0.02024	0.03036	0.04779	0.02462	0.02584	0.01717	0.05886	0.01443	0.01639	0.01060	0.00753	0.00705	0.00233	0.01090	0.00562	0.00374	0.01140
16	0.01584	0.01498	0.02535	0.58072	0.16939	0.01785	0.02245	0.02102	0.01627	0.02131	0.01425	0.02086	0.01094	0.00777	0.00791	0.00259	0.01036	0.00705	0.00360	0.00951
17	0.01963	0.01884	0.03219	0.04867	0.67185	0.01884	0.02434	0.02434	0.01806	0.02591	0.01492	0.01963	0.01256	0.00707	0.00785	0.00236	0.00942	0.00707	0.00393	0.01256
18	0.05609	0.49559	0.19411	0.01592	0.02369	0.05702	0.01722	0.02441	0.01643	0.02106	0.01186	0.01377	0.01007	0.00706	0.00576	0.00195	0.00941	0.00467	0.00348	0.01043
19	0.01813	0.01421	0.01622	0.01584	0.01907	0.04420	0.01336	0.15528	0.10296	0.03036	0.03451	0.06345	0.03446	0.01723	0.00977	0.00319	0.00779	0.38320	0.00739	0.00937
20	0.01146	0.00797	0.01009	0.01009	0.01059	0.00847	0.00660	0.01246	0.01196	0.01644	0.02367	0.04460	0.02566	0.48854	0.26881	0.00947	0.01245	0.01046	0.00461	0.00561
21	0.01823	0.18853	0.20613	0.02301	0.03041	0.02246	0.20920	0.02370	0.01646	0.02280	0.01344	0.01730	0.01082	0.00802	0.01034	0.00246	0.11994	0.00666	0.00364	0.04646
22	0.01007	0.00844	0.00881	0.00865	0.01130	0.00737	0.00651	0.01321	0.04691	0.02331	0.15578	0.07199	0.56172	0.01916	0.00931	0.00265	0.00408	0.01608	0.00758	0.00706
23	0.00980	0.00805	0.00862	0.00848	0.01097	0.00687	0.00636	0.01220	0.01908	0.02380	0.21489	0.07240	0.53258	0.01920	0.00937	0.00264	0.00395	0.01619	0.00768	0.00687
24	0.02089	0.01713	0.01630	0.07219	0.02055	0.11555	0.01171	0.19228	0.05194	0.03203	0.02660	0.03046	0.07204	0.01062	0.00733	0.00228	0.00755	0.03674	0.24620	0.00961
25	0.01703	0.01807	0.03397	0.33261	0.04547	0.04224	0.31424	0.02270	0.01741	0.02266	0.01622	0.05087	0.01305	0.00808	0.00867	0.00266	0.01177	0.00873	0.00394	0.00961
26	0.02963	0.01468	0.01761	0.01386	0.01915	0.01443	0.01133	0.20699	0.02556	0.36178	0.02665	0.02527	0.01803	0.00961	0.00745	0.00230	0.00666	0.00761	0.16917	0.01220
27	0.01963	0.01884	0.03219	0.04867	0.67185	0.01884	0.02434	0.02434	0.01806	0.02591	0.01492	0.01963	0.01256	0.00707	0.00785	0.00236	0.00942	0.00707	0.00393	0.01256
28	0.01875	0.01938	0.03906	0.14638	0.11921	0.01939	0.41078	0.02459	0.01799	0.04796	0.01587	0.02115	0.01205	0.00739	0.00966	0.00266	0.04450	0.00853	0.00410	0.01061
29	0.01108	0.00809	0.01047	0.01034	0.01216	0.00748	0.00785	0.01446	0.02105	0.02915	0.50425	0.11946	0.12130	0.01782	0.00957	0.00268	0.00418	0.07293	0.00836	0.00731
30	0.01377	0.00689	0.01033	0.01033	0.01033	0.00689	0.00689	0.01033	0.01033	0.01377	0.01377	0.02410	0.01377	0.02755	0.03099	0.76928	0.00689	0.00689	0.00344	0.00344
31	0.44295	0.02661	0.30526	0.01577	0.02367	0.01806	0.01768	0.02410	0.01492	0.03098	0.01244	0.01458	0.00923	0.00744	0.00606	0.00248	0.00859	0.00498	0.00422	0.00996
32	0.01875	0.23734	0.09132	0.01607	0.02135	0.07304	0.04334	0.02442	0.08943	0.04746	0.02776	0.03536	0.09690	0.01171	0.00852	0.00248	0.04152	0.09818	0.00530	0.00975
33	0.01018	0.00736	0.00963	0.01055	0.01158	0.00681	0.00734	0.01239	0.01779	0.02423	0.25802	0.46394	0.08731	0.02169	0.00983	0.00295	0.00428	0.01949	0.00783	0.00681
34	0.01498	0.01409	0.02378	0.70226	0.05462	0.01762	0.02202	0.02026	0.01586	0.02026	0.01409	0.02114	0.01057	0.00793	0.00793	0.00264	0.01057	0.00705	0.00352	0.00881
35	0.01520	0.01433	0.02420	0.67031	0.08478	0.01768	0.02214	0.02046	0.01596	0.02054	0.01413	0.02107	0.01067	0.00789	0.00792	0.00263	0.01051	0.00705	0.00354	0.00899
36	0.01942	0.01863	0.03181	0.07830	0.64387	0.01879	0.02423	0.02415	0.01796	0.02565	0.01488	0.01970	0.01247	0.00710	0.00785	0.00237	0.00947	0.00706	0.00391	0.01239
37	0.02274	0.38227	0.03469	0.02432	0.19129	0.18042	0.01678	0.02573	0.01809	0.02072	0.01233	0.01489	0.01081	0.00718	0.00629	0.00195	0.01007	0.00518	0.00369	0.01057
38	0.01454	0.00737	0.00748	0.00756	0.00935	0.00735	0.00563	0.01813	0.01656	0.02912	0.02671	0.06206	0.02185	0.00998	0.00576	0.00191	0.00374	0.00811	0.72946	0.00735
39	0.02103	0.61185	0.09292	0.01609	0.04966	0.05607	0.01540	0.02420	0.01650	0.01953	0.01150	0.01341	0.01027	0.00691	0.00549	0.00181	0.00902	0.00453	0.00344	0.01037
40	0.05724	0.05506	0.10460	0.03243	0.33275	0.09358	0.02036	0.05797	0.06456	0.08123	0.01698	0.01936	0.01317	0.00785	0.00750	0.00235	0.00956	0.00666	0.00488	0.01192
41	0.05282	0.22816	0.36699	0.02021	0.02931	0.07967	0.07095	0.02524	0.01707	0.02332	0.01317	0.01561	0.01019	0.00731	0.00685	0.00226	0.01092	0.00555	0.00355	0.01085
42	0.01576	0.01505	0.05253	0.02762	0.26929	0.01402	0.03890	0.04175	0.06372	0.02545	0.05528	0.25933	0.03090	0.01448	0.00888	0.00276	0.00746	0.04101	0.00585	0.00997
43	0.01782	0.01700	0.02893	0.30240	0.43223	0.01837	0.02344	0.02275	0.01720	0.02371	0.01460	0.02021	0.01179	0.00740	0.00788	0.00247	0.00987	0.00706	0.00377	0.01110
44	0.02292	0.01961	0.05173	0.05858	0.20125	0.07808	0.01688	0.08302	0.17033	0.13208	0.02587	0.02623	0.05866	0.00958	0.00795	0.00246	0.00845	0.00806	0.00636	0.01188
45	0.01963	0.01884	0.03219	0.04867	0.67185	0.01884	0.02434	0.02434	0.01806	0.02591	0.01492	0.01963	0.01256	0.00707	0.00785	0.00236	0.00942	0.00707	0.00393	0.01256
46	0.00966	0.00690	0.00920	0.01104	0.01150	0.00644	0.00736	0.01104	0.01518	0.02024	0.04371	0.71614	0.05245	0.02484	0.01012	0.00322	0.00460	0.02254	0.00736	0.00644
47	0.01235	0.00882	0.01228	0.01411	0.01575	0.00876	0.01203	0.01569	0.01783	0.02325	0.04222	0.17602	0.04658	0.02231	0.01084	0.00359	0.00693	0.53615	0.00731	0.00718
48	0.08523	0.01911	0.02802	0.07006	0.46382	0.04455	0.02106	0.09731	0.02001	0.02898	0.01586	0.02125	0.01328	0.00797	0.00769	0.00241	0.00923	0.02773	0.00458	0.01185
49	0.01720	0.12427	0.54358	0.02200	0.03263	0.04426	0.06005	0.02520	0.01698	0.02413	0.01386	0.01641	0.01017	0.00742	0.00732	0.00240	0.01150	0.00582	0.00342	0.01138
50	0.00966	0.00690	0.00920	0.01104	0.01150	0.00644	0.00736	0.01104	0.01518	0.02024	0.04371	0.71614	0.05245	0.02484	0.01012	0.00322	0.00460	0.02254	0.00736	0.00644
51	0.01761	0.01847	0.03212	0.08711	0.03111	0.02220	0.23688	0.02140	0.01478	0.02140	0.01272	0.01911	0.01099	0.01082	0.01854	0.00312	0.40075	0.00780	0.00366	0.00939
52	0.10392	0.36561	0.21255	0.01654	0.02422	0.05293	0.04223	0.02390	0.01646	0.02276	0.01545	0.01727	0.04121	0.00774	0.00621	0.00211	0.00935	0.00553	0.00379	0.01024
53	0.00966	0.00690	0.00920	0.01104	0.01150	0.00644	0.00736	0.01104	0.01518	0.02024	0.04371	0.71614	0.05245	0.02484	0.01012	0.00322	0.00460	0.02254	0.00736	0.00644
54	0.01045	0.00811	0.00953	0.00927	0.01150	0.00719	0.00702	0.01341	0.02033	0.02685	0.38169	0.06798	0.34013	0.01815	0.00942	0.00262	0.00399	0.03716	0.00807	0.00712
55	0.01608	0.01517	0.02524	0.46917	0.13820	0.01826	0.04471	0.02083	0.01587	0.02154	0.01435	0.02083	0.01132	0.00853	0.01006	0.00267	0.09436	0.00714	0.03632	0.00935
56	0.77733	0.01534	0.01166	0.01043	0.01534	0.01779	0.00859	0.02331	0.01350	0.03558	0.01104	0.01288	0.00859	0.00736	0.00491	0.00245	0.00613	0.00429	0.00491	0.00859
57	0.02017	0.01987	0.03166	0.04715	0.63684	0.05511	0.02385	0.02473	0.01830	0.02556	0.01477	0.01934	0.01243	0.00713	0.00781	0.00234	0.00968	0.00696	0.00393	0.01238
58	0.01259	0.00947	0.01052	0.00984	0.01273	0.00877	0.00754	0.04448	0.05436	0.05631	0.18490	0.06325	0.42459	0.01977	0.04242	0.00311	0.00527	0.01458	0.00766	0.00782
59	0.01942	0.01863	0.03181	0.07830	0.64387	0.01879	0.02423	0.02415	0.01796	0.02565	0.01488	0.01970	0.01247	0.00710	0.00785	0.00237	0.00947	0.00706	0.00391	0.01239
60	0.02106	0.02071	0.06612	0.02623	0.03334	0.01951	0.37131	0.07455	0.16664	0.08412	0.02118	0.02335	0.01547	0.00813	0.00876	0.00263	0.01077	0.00883	0.00568	0.01161
61	0.07648	0.00923	0.01086	0.01172	0.01413	0.00893	0.00982	0.01507	0.01778	0.02385	0.05412	0.07788	0.28238	0.01997	0.00983	0.00317	0.00594	0.33453	0.00712	0.00718
62	0.03335	0.01303	0.01752	0.01359	0.01943	0.01123	0.01118	0.03633	0.02230	0.62156	0.03546	0.03119	0.07482	0.01069	0.00809	0.00247	0.00652	0.00872	0.00961	0.01292
63	0.01150	0.00776	0.00901	0.00896	0.00919	0.00778	0.00528	0.01195	0.01252	0.01692	0.07946	0.05150	0.03230	0.62901	0.06947	0.00749	0.00801	0.01162	0.00511	0.00514
64	0.03383	0.01355	0.01886	0.07263	0.02317	0.01216	0.01254	0.03708	0.02211	0.62146	0.02982	0.02649	0.01886	0.00965	0.00797	0.00247	0.00707	0.00790	0.00928	0.01310
65	0.01667	0.01656	0.02291	0.01973	0.01996	0.02279	0.01639	0.01843	0.01265	0.01928	0.01636	0.02236	0.06639	0.01441	0.02461	0.00340	0.64704	0.00777	0.00380	0.00851
66	0.02080	0.66554	0.03942	0.01341	0.02022	0.02961	0.01321	0.02342	0.01614	0.01927	0.01129	0.01304	0.01031	0.00671	0.00515	0.00165	0.00826	0.00428	0.00350	0.07477

[dist]
# distance from previous block
# <min> <max>
4	47

[block]
# block no. 5 follows, 24 sequences, length 18
# corresponding to MSA columns:
# 853-870
name=unknown_F
#
# <colnr> <probs for GDERKNQSTAVLIFYWHMCP>
#	G	D	E	R	K	N	Q	S	T	A	V	L	I	F	Y	W	H	M	C	P
0	0.01007	0.00729	0.01006	0.01146	0.01215	0.00728	0.00798	0.01180	0.01459	0.01980	0.03825	0.54968	0.04452	0.03326	0.17531	0.00553	0.00864	0.01913	0.00660	0.00660
1	0.01692	0.01826	0.03852	0.02840	0.03481	0.01759	0.48919	0.02267	0.01727	0.02370	0.01731	0.02376	0.01393	0.01951	0.17474	0.00512	0.01528	0.00915	0.00407	0.00982
2	0.20009	0.00932	0.00843	0.00813	0.01072	0.00992	0.00628	0.01965	0.01587	0.03103	0.02227	0.02551	0.01747	0.00878	0.00539	0.00199	0.00429	0.00664	0.58054	0.00768
3	0.01737	0.00911	0.01132	0.01037	0.01205	0.00875	0.00701	0.01853	0.01468	0.17717	0.02717	0.07575	0.02677	0.44050	0.07986	0.00640	0.00822	0.01083	0.03088	0.00726
4	0.00959	0.00796	0.00826	0.00832	0.01071	0.00677	0.00611	0.01156	0.01785	0.02163	0.10740	0.10638	0.57467	0.05414	0.01091	0.00294	0.00421	0.01665	0.00731	0.00663
5	0.02149	0.02159	0.04120	0.02973	0.03735	0.02116	0.49044	0.17607	0.02323	0.03137	0.01677	0.02082	0.01239	0.00737	0.00901	0.00260	0.01224	0.00882	0.00496	0.01137
6	0.01113	0.00773	0.00859	0.00859	0.00924	0.00740	0.00521	0.01143	0.01306	0.01676	0.03783	0.05633	0.18350	0.51359	0.03233	0.04744	0.00675	0.01255	0.00535	0.00519
7	0.68800	0.01548	0.01269	0.01105	0.01611	0.01760	0.00910	0.05085	0.01522	0.08610	0.01295	0.01424	0.00965	0.00764	0.00527	0.00245	0.00629	0.00470	0.00542	0.00918
8	0.02613	0.07840	0.02296	0.01788	0.02303	0.21567	0.01426	0.23660	0.22108	0.03364	0.02052	0.02042	0.01557	0.00930	0.00753	0.00233	0.00957	0.00689	0.00652	0.01171
9	0.01841	0.24456	0.04879	0.01719	0.02196	0.02277	0.05665	0.02139	0.01504	0.02119	0.01199	0.01590	0.01076	0.00899	0.01275	0.00226	0.24560	0.00566	0.00378	0.19434
10	0.01760	0.02436	0.21918	0.02974	0.24752	0.01700	0.07727	0.02342	0.01713	0.02538	0.01446	0.01809	0.01150	0.00711	0.00804	0.00218	0.03371	0.00634	0.00394	0.19603
11	0.01872	0.02139	0.04679	0.03342	0.04144	0.02005	0.64305	0.02540	0.01872	0.02540	0.01604	0.02139	0.01203	0.00668	0.00936	0.00267	0.01337	0.00936	0.00401	0.01070
12	0.01866	0.01607	0.02379	0.53603	0.04732	0.01931	0.02033	0.17218	0.02106	0.02748	0.01530	0.02063	0.01128	0.00831	0.00793	0.00258	0.01012	0.00707	0.00460	0.00995
13	0.01610	0.01712	0.06326	0.08593	0.07210	0.01597	0.29288	0.02025	0.01577	0.02153	0.01780	0.02921	0.01638	0.20127	0.01896	0.03455	0.03886	0.00922	0.00410	0.00873
14	0.01742	0.03366	0.46845	0.02434	0.03452	0.01807	0.17676	0.02550	0.01773	0.05853	0.03920	0.01993	0.01336	0.00776	0.00807	0.00255	0.01158	0.00712	0.00403	0.01141
15	0.01092	0.00804	0.01021	0.00979	0.01169	0.00733	0.00730	0.01432	0.02154	0.02993	0.56344	0.09438	0.14735	0.01713	0.00939	0.00255	0.00382	0.01505	0.00849	0.00733
16	0.01101	0.00747	0.00880	0.00931	0.00944	0.00734	0.00551	0.01140	0.01255	0.01673	0.03018	0.23635	0.03539	0.52791	0.03196	0.00645	0.00683	0.01459	0.00551	0.00526
17	0.01694	0.26236	0.24989	0.01564	0.02211	0.04670	0.01665	0.02108	0.01543	0.02016	0.01680	0.05038	0.01627	0.18142	0.01477	0.00350	0.00948	0.00730	0.00390	0.00922

[dist]
# distance from previous block
# <min> <max>
0	34

[block]
# block no. 6 follows, 24 sequences, length 21
# corresponding to MSA columns:
# 908-928
name=unknown_G
#
# <colnr> <probs for GDERKNQSTAVLIFYWHMCP>
#	G	D	E	R	K	N	Q	S	T	A	V	L	I	F	Y	W	H	M	C	P
0	0.01640	0.10551	0.62011	0.02175	0.03301	0.01964	0.02782	0.02498	0.01668	0.02451	0.01393	0.01636	0.01006	0.00746	0.00730	0.00243	0.01141	0.00571	0.00335	0.01157
1	0.01207	0.01075	0.01919	0.01699	0.01946	0.01006	0.17636	0.01486	0.01612	0.02161	0.03635	0.53144	0.04170	0.02002	0.00992	0.00308	0.00693	0.01904	0.00647	0.00757
2	0.01859	0.02485	0.20514	0.04104	0.47326	0.01878	0.05422	0.02459	0.01774	0.02567	0.01479	0.01894	0.01187	0.00717	0.00784	0.00241	0.01021	0.00685	0.00378	0.01225
3	0.02324	0.51696	0.06085	0.01574	0.02199	0.20584	0.01463	0.02590	0.01783	0.01910	0.01147	0.01329	0.01018	0.00718	0.00573	0.00182	0.01015	0.00453	0.00357	0.00997
4	0.02101	0.47058	0.03444	0.01524	0.02032	0.02798	0.01400	0.09517	0.01760	0.02224	0.01259	0.01642	0.01160	0.04629	0.01127	0.00243	0.14135	0.00548	0.00401	0.00999
5	0.01321	0.01110	0.01596	0.02077	0.18791	0.01060	0.01266	0.01644	0.01832	0.02423	0.12644	0.09452	0.22158	0.03938	0.01037	0.00298	0.00632	0.15227	0.00653	0.00842
6	0.01123	0.00805	0.01004	0.01031	0.01212	0.00716	0.00739	0.01353	0.01799	0.04505	0.21531	0.35689	0.17391	0.02010	0.00947	0.00279	0.00440	0.01779	0.00766	0.04881
7	0.12085	0.08925	0.20397	0.02107	0.02904	0.01917	0.18404	0.07439	0.01908	0.08652	0.03437	0.01938	0.01343	0.00775	0.00749	0.00239	0.00994	0.00691	0.00489	0.04606
8	0.01533	0.01113	0.01333	0.01321	0.01533	0.01145	0.00979	0.18006	0.02127	0.02839	0.03703	0.48687	0.04161	0.02056	0.00960	0.00303	0.00589	0.06024	0.00751	0.00837
9	0.02240	0.01647	0.01983	0.19746	0.02886	0.01858	0.01462	0.32766	0.02659	0.03714	0.01938	0.02214	0.01436	0.00903	0.00735	0.00232	0.00800	0.00718	0.18985	0.01077
10	0.01756	0.01601	0.02658	0.07422	0.46493	0.01619	0.02114	0.02202	0.01799	0.02503	0.02207	0.03827	0.02125	0.01106	0.00868	0.00271	0.00892	0.16961	0.00480	0.01096
11	0.02636	0.02721	0.19831	0.01940	0.02718	0.02295	0.01885	0.48050	0.03182	0.04337	0.01776	0.01843	0.01257	0.00899	0.00783	0.00241	0.00952	0.00680	0.00671	0.01302
12	0.01926	0.02065	0.03758	0.03394	0.20583	0.05515	0.36031	0.02475	0.01845	0.02527	0.01528	0.01988	0.01204	0.00676	0.00838	0.00236	0.01138	0.00790	0.00408	0.11077
13	0.01089	0.00807	0.01180	0.01229	0.01345	0.00899	0.00923	0.01333	0.01339	0.01890	0.02721	0.21325	0.02850	0.05027	0.50917	0.01021	0.01682	0.01223	0.00508	0.00691
14	0.57931	0.01484	0.01346	0.01141	0.01665	0.01615	0.00941	0.02740	0.01595	0.20690	0.01645	0.01665	0.01154	0.00802	0.00573	0.00245	0.00630	0.00528	0.00622	0.00990
15	0.01761	0.01742	0.03154	0.33895	0.18328	0.01882	0.18710	0.04286	0.03825	0.02420	0.01553	0.02108	0.01192	0.00755	0.00830	0.00258	0.01087	0.00773	0.00402	0.01039
16	0.02107	0.02354	0.02374	0.02070	0.02194	0.22582	0.01673	0.02290	0.01527	0.01918	0.01097	0.01643	0.01035	0.01215	0.02031	0.00304	0.49700	0.00638	0.00366	0.00883
17	0.01726	0.00956	0.01207	0.01072	0.01394	0.00844	0.00839	0.02036	0.02120	0.20035	0.31916	0.05631	0.21762	0.01575	0.00905	0.00257	0.00474	0.03504	0.00860	0.00886
18	0.01770	0.00954	0.01267	0.01107	0.01408	0.00859	0.00859	0.02126	0.02251	0.20341	0.49848	0.05066	0.06015	0.01451	0.00899	0.00248	0.00454	0.01265	0.00902	0.00908
19	0.01834	0.01580	0.02560	0.03770	0.49569	0.01580	0.01934	0.02278	0.01768	0.02688	0.01783	0.02227	0.01462	0.00764	0.00724	0.00222	0.00790	0.00715	0.20634	0.01119
20	0.01965	0.01836	0.02840	0.04002	0.49872	0.01908	0.02120	0.02907	0.18806	0.02784	0.01953	0.02227	0.01566	0.00805	0.00791	0.00244	0.00858	0.00757	0.00503	0.01256

[dist]
# distance from previous block
# <min> <max>
0	6

[block]
# block no. 7 follows, 24 sequences, length 11
# corresponding to MSA columns:
# 935-945
name=unknown_H
#
# <colnr> <probs for GDERKNQSTAVLIFYWHMCP>
#	G	D	E	R	K	N	Q	S	T	A	V	L	I	F	Y	W	H	M	C	P
0	0.01044	0.00730	0.00932	0.01063	0.01106	0.00701	0.00704	0.01160	0.01437	0.01911	0.03818	0.47626	0.04512	0.22521	0.01890	0.00454	0.00570	0.06555	0.00662	0.00604
1	0.01174	0.01711	0.20687	0.01472	0.01860	0.01017	0.01423	0.01560	0.01588	0.02195	0.03490	0.46183	0.03945	0.01952	0.00942	0.00305	0.00690	0.06382	0.00618	0.00806
2	0.01482	0.01145	0.01429	0.01506	0.01766	0.01224	0.01271	0.02399	0.20631	0.02651	0.03913	0.07184	0.03933	0.01863	0.01010	0.00337	0.00700	0.43917	0.00753	0.00885
3	0.01084	0.00803	0.01170	0.01224	0.01338	0.00889	0.00916	0.01324	0.01346	0.01895	0.02785	0.23266	0.02942	0.04929	0.48992	0.00994	0.01635	0.01263	0.00516	0.00689
4	0.55334	0.02289	0.20833	0.01401	0.02092	0.01797	0.01468	0.02384	0.01445	0.03250	0.01198	0.01402	0.00902	0.00741	0.00568	0.00247	0.00778	0.00475	0.00445	0.00951
5	0.02684	0.27004	0.02921	0.01772	0.02311	0.35149	0.01468	0.13363	0.02283	0.02436	0.01299	0.01457	0.01076	0.00793	0.00658	0.00198	0.01136	0.00516	0.00451	0.01026
6	0.01936	0.01959	0.03648	0.04419	0.48640	0.01920	0.20634	0.02465	0.01825	0.02576	0.01525	0.02015	0.01241	0.00695	0.00829	0.00245	0.01058	0.00774	0.00395	0.01201
7	0.01670	0.03577	0.51638	0.02663	0.08776	0.01874	0.13625	0.02510	0.01719	0.02523	0.01460	0.01779	0.01060	0.00735	0.00788	0.00253	0.01182	0.00657	0.00351	0.01161
8	0.01287	0.01163	0.02060	0.01791	0.02080	0.01107	0.19099	0.01678	0.04288	0.02247	0.03516	0.45025	0.03923	0.01886	0.00987	0.00307	0.00736	0.05381	0.00642	0.00797
9	0.01359	0.01118	0.01685	0.02143	0.20598	0.01075	0.01243	0.01745	0.02066	0.02927	0.43284	0.09265	0.05497	0.01411	0.00896	0.00250	0.00547	0.01276	0.00722	0.00890
10	0.14215	0.02187	0.21207	0.01605	0.02364	0.01457	0.01638	0.03234	0.01955	0.38826	0.02320	0.02184	0.01514	0.00877	0.00738	0.00247	0.00812	0.00679	0.00717	0.01223

[dist]
# distance from previous block
# <min> <max>
3	37

[block]
# block no. 8 follows, 24 sequences, length 298
# corresponding to MSA columns:
# 983-1280
name=unknown_I
#
# <colnr> <probs for GDERKNQSTAVLIFYWHMCP>
#	G	D	E	R	K	N	Q	S	T	A	V	L	I	F	Y	W	H	M	C	P
0	0.01675	0.01682	0.03012	0.07915	0.06217	0.04137	0.30063	0.05431	0.01927	0.02573	0.09439	0.17123	0.02746	0.01189	0.00917	0.00271	0.00982	0.01211	0.00541	0.00947
1	0.15838	0.01495	0.01671	0.04024	0.02010	0.01590	0.01153	0.10974	0.17413	0.21831	0.02670	0.08910	0.02077	0.01090	0.00756	0.00256	0.00661	0.00877	0.03572	0.01133
2	0.01250	0.00931	0.00939	0.00928	0.00950	0.04433	0.00537	0.01261	0.01212	0.01559	0.02430	0.04987	0.02783	0.68299	0.03858	0.00738	0.00804	0.01119	0.00477	0.00504
3	0.10187	0.01846	0.02996	0.04452	0.60059	0.01873	0.02263	0.02423	0.01756	0.02696	0.01450	0.01889	0.01213	0.00710	0.00753	0.00237	0.00906	0.00676	0.00403	0.01213
4	0.73717	0.01571	0.01231	0.01085	0.01583	0.01815	0.00894	0.05674	0.01477	0.03635	0.01147	0.01321	0.00885	0.00748	0.00507	0.00245	0.00627	0.00445	0.00507	0.00885
5	0.02035	0.02131	0.02919	0.02793	0.14717	0.11242	0.12090	0.05647	0.01708	0.02311	0.01289	0.01812	0.01122	0.01041	0.01636	0.00288	0.33105	0.00712	0.00397	0.01006
6	0.01211	0.00970	0.01110	0.01043	0.01247	0.04409	0.00782	0.01567	0.02221	0.03056	0.60025	0.05776	0.10389	0.01599	0.00924	0.00248	0.00432	0.01398	0.00840	0.00753
7	0.01566	0.05272	0.02538	0.61541	0.09983	0.01845	0.02174	0.02076	0.01604	0.02061	0.01399	0.02057	0.01070	0.00780	0.00777	0.00257	0.01037	0.00690	0.00355	0.00917
8	0.02022	0.05703	0.03576	0.02781	0.09759	0.01882	0.34614	0.02792	0.10235	0.07960	0.01883	0.02177	0.01418	0.00744	0.00833	0.00242	0.01045	0.00820	0.00505	0.09009
9	0.01273	0.00922	0.01269	0.01416	0.01616	0.00899	0.01216	0.01619	0.01791	0.02356	0.04063	0.13577	0.04436	0.02128	0.01061	0.00348	0.00701	0.53771	0.00717	0.04821
10	0.01015	0.00768	0.01122	0.01224	0.01311	0.00717	0.04153	0.01181	0.01537	0.02052	0.04222	0.67880	0.05028	0.02387	0.01008	0.00319	0.00507	0.02183	0.00718	0.00667
11	0.01579	0.01453	0.02379	0.66549	0.05300	0.01799	0.02165	0.05386	0.01701	0.02186	0.01436	0.02103	0.01073	0.00801	0.00793	0.00263	0.01047	0.00705	0.00376	0.00906
12	0.01702	0.01685	0.02355	0.02024	0.02034	0.02339	0.01682	0.01886	0.01270	0.01977	0.04573	0.01960	0.01387	0.01400	0.02513	0.00342	0.66902	0.00734	0.00375	0.00861
13	0.07314	0.01728	0.02032	0.01566	0.02182	0.01746	0.01294	0.29447	0.02837	0.37749	0.02502	0.02287	0.01644	0.00956	0.00779	0.00242	0.00755	0.00742	0.00875	0.01323
14	0.02530	0.02473	0.29036	0.01749	0.02561	0.01466	0.01874	0.03199	0.05502	0.33889	0.05852	0.02465	0.01890	0.00927	0.00787	0.00249	0.00861	0.00750	0.00700	0.01239
15	0.03765	0.01565	0.02034	0.01613	0.02227	0.01342	0.01286	0.03965	0.02421	0.64493	0.03353	0.03086	0.02223	0.01183	0.00927	0.00303	0.00779	0.00889	0.01061	0.01485
16	0.03014	0.02221	0.02380	0.01825	0.02459	0.02459	0.01507	0.64541	0.03728	0.04998	0.01904	0.01904	0.01349	0.00952	0.00793	0.00238	0.00873	0.00714	0.00793	0.01349
17	0.02993	0.02048	0.02247	0.01746	0.02360	0.02229	0.01435	0.50173	0.09420	0.13760	0.02204	0.02117	0.01538	0.00968	0.00795	0.00242	0.00821	0.00743	0.00821	0.01340
18	0.01029	0.00807	0.00931	0.00900	0.01128	0.00709	0.00675	0.01317	0.02025	0.02659	0.37285	0.06781	0.37289	0.01815	0.00936	0.00259	0.00388	0.01554	0.00804	0.00709
19	0.01024	0.00807	0.00923	0.00894	0.01124	0.00706	0.00670	0.01305	0.02011	0.02626	0.35426	0.06835	0.39168	0.01828	0.00936	0.00259	0.00389	0.01562	0.00800	0.00706
20	0.01590	0.04102	0.68023	0.02260	0.03432	0.01842	0.02930	0.02511	0.01674	0.02511	0.01423	0.01674	0.01005	0.00753	0.00753	0.00251	0.01172	0.00586	0.00335	0.01172
21	0.01134	0.00843	0.01241	0.01241	0.01371	0.00973	0.00949	0.01394	0.01264	0.01816	0.02155	0.03285	0.02056	0.11375	0.63662	0.01233	0.02013	0.00875	0.00429	0.00689
22	0.03558	0.01350	0.01840	0.01411	0.02024	0.01166	0.01166	0.03865	0.02270	0.67734	0.03128	0.02699	0.01963	0.00981	0.00797	0.00245	0.00675	0.00797	0.00981	0.01350
23	0.01133	0.00850	0.01274	0.01274	0.01416	0.00991	0.00991	0.01416	0.01274	0.01841	0.02124	0.03115	0.01982	0.05947	0.68989	0.01274	0.02124	0.00850	0.00425	0.00708
24	0.02962	0.03779	0.02247	0.02043	0.02451	0.68948	0.01532	0.03166	0.02247	0.01941	0.01226	0.01430	0.01021	0.00817	0.00715	0.00204	0.01430	0.00511	0.00409	0.00919
25	0.02120	0.72609	0.04155	0.01357	0.02035	0.03138	0.01357	0.02374	0.01611	0.01866	0.01102	0.01272	0.01018	0.00678	0.00509	0.00170	0.00848	0.00424	0.00339	0.01018
26	0.01963	0.01884	0.03219	0.04867	0.67185	0.01884	0.02434	0.02434	0.01806	0.02591	0.01492	0.01963	0.01256	0.00707	0.00785	0.00236	0.00942	0.00707	0.00393	0.01256
27	0.03558	0.01350	0.01840	0.01411	0.02024	0.01166	0.01166	0.03865	0.02270	0.67734	0.03128	0.02699	0.01963	0.00981	0.00797	0.00245	0.00675	0.00797	0.00981	0.01350
28	0.01069	0.00812	0.00990	0.00986	0.01192	0.00733	0.00753	0.01372	0.02019	0.02694	0.37688	0.10204	0.26765	0.01852	0.00956	0.00271	0.00424	0.07698	0.00806	0.00715
29	0.00966	0.00690	0.00920	0.01104	0.01150	0.00644	0.00736	0.01104	0.01518	0.02024	0.04371	0.71614	0.05245	0.02484	0.01012	0.00322	0.00460	0.02254	0.00736	0.00644
30	0.06106	0.01703	0.02131	0.01623	0.02253	0.01677	0.04348	0.24839	0.02690	0.36644	0.02455	0.02282	0.01626	0.00925	0.00780	0.00237	0.00769	0.00743	0.00841	0.05328
31	0.01872	0.02139	0.04679	0.03342	0.04144	0.02005	0.64305	0.02540	0.01872	0.02540	0.01604	0.02139	0.01203	0.00668	0.00936	0.00267	0.01337	0.00936	0.00401	0.01070
32	0.01498	0.01409	0.02378	0.70226	0.05462	0.01762	0.02202	0.02026	0.01586	0.02026	0.01409	0.02114	0.01057	0.00793	0.00793	0.00264	0.01057	0.00705	0.00352	0.00881
33	0.00998	0.00741	0.01052	0.01183	0.01255	0.00692	0.02972	0.01155	0.01531	0.02042	0.04273	0.69171	0.05103	0.02420	0.01009	0.00320	0.00491	0.02208	0.00724	0.00659
34	0.01329	0.00897	0.01247	0.01403	0.01583	0.00882	0.01189	0.01656	0.01797	0.05161	0.04179	0.18380	0.04556	0.02184	0.01069	0.00353	0.00686	0.49962	0.00742	0.00744
35	0.00963	0.00702	0.00908	0.01074	0.01142	0.00647	0.00723	0.01108	0.01548	0.02036	0.04743	0.65109	0.11510	0.02436	0.01005	0.00317	0.00454	0.02195	0.00736	0.00647
36	0.02187	0.01734	0.01847	0.01603	0.02077	0.01968	0.01263	0.14148	0.50112	0.06138	0.02975	0.02772	0.02207	0.01045	0.00793	0.00259	0.00659	0.00855	0.04105	0.01252
37	0.05898	0.21411	0.48091	0.01963	0.02972	0.02168	0.02416	0.02467	0.01640	0.02404	0.01324	0.01551	0.01000	0.00733	0.00677	0.00230	0.01059	0.00536	0.00344	0.01115
38	0.01590	0.04102	0.68023	0.02260	0.03432	0.01842	0.02930	0.02511	0.01674	0.02511	0.01423	0.01674	0.01005	0.00753	0.00753	0.00251	0.01172	0.00586	0.00335	0.01172
39	0.00966	0.00690	0.00920	0.01104	0.01150	0.00644	0.00736	0.01104	0.01518	0.02024	0.04371	0.71614	0.05245	0.02484	0.01012	0.00322	0.00460	0.02254	0.00736	0.00644
40	0.01133	0.00850	0.01274	0.01274	0.01416	0.00991	0.00991	0.01416	0.01274	0.01841	0.02124	0.03115	0.01982	0.05947	0.68989	0.01274	0.02124	0.00850	0.00425	0.00708
41	0.77733	0.01534	0.01166	0.01043	0.01534	0.01779	0.00859	0.02331	0.01350	0.03558	0.01104	0.01288	0.00859	0.00736	0.00491	0.00245	0.00613	0.00429	0.00491	0.00859
42	0.02840	0.03523	0.02191	0.01990	0.02403	0.60692	0.01498	0.03296	0.10075	0.02110	0.01473	0.01618	0.01194	0.00849	0.00726	0.00212	0.01331	0.00558	0.00458	0.00961
43	0.02000	0.01658	0.01760	0.01577	0.02026	0.01894	0.01229	0.04091	0.60944	0.05873	0.03393	0.03112	0.04668	0.01105	0.00811	0.00268	0.00622	0.00920	0.00811	0.01238
44	0.01146	0.00795	0.00999	0.00999	0.01046	0.00842	0.00648	0.01240	0.01193	0.01637	0.02375	0.04508	0.02587	0.50378	0.25385	0.00935	0.01214	0.01053	0.00462	0.00555
45	0.02259	0.01748	0.02837	0.02177	0.02788	0.01748	0.24639	0.03390	0.24883	0.17808	0.02791	0.02778	0.04402	0.00939	0.00858	0.00263	0.00893	0.00919	0.00693	0.01185
46	0.01054	0.00802	0.00969	0.00940	0.01146	0.00717	0.00700	0.01359	0.02065	0.02782	0.44418	0.09886	0.26689	0.01792	0.00940	0.00259	0.00388	0.01555	0.00821	0.00717
47	0.01406	0.00737	0.00766	0.00783	0.00940	0.00733	0.00566	0.01726	0.01611	0.02761	0.02746	0.09514	0.02396	0.06509	0.00863	0.00242	0.00408	0.00912	0.63672	0.00711
48	0.01880	0.01799	0.03069	0.16539	0.56162	0.01862	0.02392	0.02361	0.01766	0.02490	0.01477	0.01990	0.01221	0.00722	0.00786	0.00241	0.00963	0.00706	0.00385	0.01189
49	0.03014	0.02221	0.02380	0.01825	0.02459	0.02459	0.01507	0.64541	0.03728	0.04998	0.01904	0.01904	0.01349	0.00952	0.00793	0.00238	0.00873	0.00714	0.00793	0.01349
50	0.06613	0.01727	0.01920	0.01582	0.02090	0.01880	0.01274	0.28445	0.17811	0.14469	0.02530	0.06167	0.01942	0.01446	0.06087	0.00332	0.00842	0.00851	0.00780	0.01212
51	0.01328	0.01728	0.19491	0.01364	0.01830	0.01058	0.01362	0.01838	0.02053	0.05172	0.43550	0.07855	0.05401	0.01403	0.00884	0.00253	0.00608	0.01219	0.00722	0.00880
52	0.01432	0.00848	0.00997	0.07127	0.01413	0.00911	0.00779	0.01770	0.01600	0.02676	0.02565	0.09390	0.02229	0.03806	0.00858	0.00236	0.04102	0.00893	0.55629	0.00740
53	0.02477	0.02838	0.02030	0.01713	0.02240	0.41063	0.01312	0.05293	0.02086	0.02306	0.01322	0.01529	0.01092	0.00738	0.00671	0.00174	0.01095	0.00504	0.00447	0.29072
54	0.01972	0.01703	0.01793	0.01614	0.02062	0.01972	0.01255	0.04214	0.65752	0.03317	0.03228	0.02959	0.02421	0.01076	0.00807	0.00269	0.00628	0.00897	0.00807	0.01255
55	0.00972	0.00757	0.00887	0.00976	0.01136	0.00672	0.00698	0.01159	0.01694	0.02140	0.08516	0.36689	0.33821	0.02217	0.00978	0.00296	0.00441	0.04545	0.00741	0.00664
56	0.01743	0.23776	0.49681	0.02001	0.03031	0.02214	0.02478	0.02472	0.01656	0.02326	0.01331	0.01559	0.01008	0.00732	0.00683	0.00228	0.01079	0.00539	0.00336	0.01128
57	0.01963	0.01884	0.03219	0.04867	0.67185	0.01884	0.02434	0.02434	0.01806	0.02591	0.01492	0.01963	0.01256	0.00707	0.00785	0.00236	0.00942	0.00707	0.00393	0.01256
58	0.01122	0.00811	0.01060	0.00998	0.01185	0.00748	0.00748	0.01496	0.02245	0.03180	0.66766	0.05923	0.07482	0.01621	0.00935	0.00249	0.00374	0.01434	0.00873	0.00748
59	0.01524	0.00851	0.01142	0.01160	0.01349	0.00776	0.00844	0.01745	0.01806	0.15398	0.14927	0.44115	0.04950	0.02023	0.00959	0.00296	0.00498	0.04021	0.00809	0.00807
60	0.01799	0.06718	0.44486	0.05278	0.14732	0.01880	0.05309	0.02548	0.01732	0.06051	0.01520	0.01799	0.01113	0.00752	0.00759	0.00245	0.01091	0.00631	0.00384	0.01174
61	0.09658	0.01656	0.04415	0.01504	0.02074	0.03832	0.01278	0.10744	0.07488	0.38849	0.02767	0.02944	0.01978	0.01052	0.00791	0.00255	0.00740	0.05916	0.00834	0.01224
62	0.02964	0.03719	0.02252	0.02034	0.02452	0.66386	0.01531	0.05531	0.02304	0.02059	0.01252	0.01448	0.01034	0.00822	0.00718	0.00206	0.01409	0.00519	0.00423	0.00936
63	0.01616	0.01379	0.01614	0.01172	0.01849	0.01040	0.00931	0.01959	0.01639	0.02561	0.01533	0.04561	0.01344	0.00666	0.00605	0.00126	0.00582	0.00544	0.00481	0.73797
64	0.08977	0.42212	0.23103	0.01632	0.02413	0.02589	0.01802	0.02392	0.01589	0.02220	0.01197	0.01415	0.01000	0.00737	0.00672	0.00209	0.03961	0.00485	0.00352	0.01043
65	0.01943	0.01864	0.03184	0.07589	0.64614	0.01879	0.02424	0.02417	0.01796	0.02567	0.01488	0.01969	0.01248	0.00710	0.00785	0.00237	0.00947	0.00706	0.00391	0.01240
66	0.01189	0.00865	0.01138	0.03886	0.01438	0.00869	0.00872	0.01504	0.04839	0.04598	0.17010	0.43333	0.08379	0.02048	0.01033	0.00298	0.03406	0.01812	0.00745	0.00740
67	0.05254	0.16460	0.22508	0.02036	0.05777	0.24056	0.01920	0.05263	0.01959	0.05853	0.01400	0.01582	0.01085	0.00777	0.00690	0.00219	0.01124	0.00547	0.00422	0.01069
68	0.12362	0.02453	0.02228	0.01831	0.02344	0.19880	0.04142	0.30408	0.05349	0.03593	0.01637	0.01789	0.01247	0.01072	0.03171	0.00273	0.03854	0.00645	0.00605	0.01115
69	0.00960	0.00808	0.00835	0.00840	0.01101	0.00683	0.00638	0.01175	0.01826	0.02195	0.10315	0.07617	0.61678	0.02000	0.00944	0.00271	0.00415	0.04280	0.00742	0.00675
70	0.01173	0.00836	0.01057	0.01162	0.01350	0.00776	0.00923	0.01426	0.01756	0.04577	0.05394	0.24715	0.23962	0.02167	0.01014	0.00319	0.00556	0.25384	0.00743	0.00711
71	0.01897	0.41618	0.30287	0.01738	0.02610	0.02558	0.01999	0.02505	0.04223	0.02189	0.01320	0.01505	0.01069	0.00725	0.00621	0.00207	0.00972	0.00510	0.00356	0.01091
72	0.01612	0.06864	0.65448	0.02224	0.03376	0.01894	0.02866	0.02506	0.01672	0.02485	0.01410	0.01658	0.01005	0.00750	0.00744	0.00248	0.01159	0.00579	0.00335	0.01166
73	0.01348	0.00993	0.01330	0.01476	0.01686	0.01020	0.01276	0.01904	0.08325	0.02469	0.04100	0.08336	0.04346	0.02077	0.01066	0.00355	0.00720	0.55650	0.00738	0.00784
74	0.01959	0.01895	0.03280	0.04804	0.64557	0.01889	0.05013	0.02438	0.01808	0.02589	0.01496	0.01970	0.01254	0.00705	0.00791	0.00237	0.00959	0.00716	0.00393	0.01248
75	0.01858	0.02095	0.04514	0.06537	0.06690	0.01989	0.58957	0.02512	0.01856	0.02518	0.01591	0.02131	0.01198	0.00676	0.00923	0.00266	0.01308	0.00916	0.00398	0.01068
