[name]
unknown

[dist]
# distance from previous block
# <min> <max>
0	34

[block]
# block no. 0 follows, 25 sequences, length 101
# corresponding to MSA columns:
# 34-134
name=unknown_A
#
# <colnr> <probs for GDERKNQSTAVLIFYWHMCP>
#	G	D	E	R	K	N	Q	S	T	A	V	L	I	F	Y	W	H	M	C	P
0	0.01432	0.00991	0.01334	0.01446	0.01669	0.01003	0.01253	0.04305	0.04461	0.05081	0.03937	0.07999	0.04154	0.02004	0.01036	0.00344	0.00713	0.55327	0.00729	0.00782
1	0.03061	0.14001	0.02244	0.01426	0.02026	0.01663	0.01212	0.09685	0.07172	0.45473	0.02601	0.02337	0.01732	0.00912	0.00731	0.00228	0.00705	0.00715	0.00818	0.01256
2	0.04708	0.02139	0.14716	0.02358	0.02929	0.01849	0.26085	0.02160	0.01572	0.02324	0.01607	0.08007	0.01435	0.00995	0.01253	0.00272	0.18419	0.00860	0.00404	0.05906
3	0.01110	0.00744	0.00851	0.00868	0.00872	0.00740	0.00494	0.01123	0.01162	0.01549	0.02619	0.11523	0.03041	0.65999	0.03663	0.00710	0.00723	0.01231	0.00494	0.00485
4	0.01653	0.03282	0.45971	0.02666	0.10731	0.01807	0.15055	0.02433	0.01689	0.02473	0.01434	0.01758	0.01055	0.00709	0.00769	0.00242	0.01130	0.00650	0.00352	0.04145
5	0.01733	0.10310	0.50791	0.02354	0.08514	0.01906	0.05869	0.02495	0.01677	0.05279	0.01449	0.01690	0.01055	0.00731	0.00727	0.00237	0.01084	0.00594	0.00363	0.01140
6	0.01237	0.00854	0.01101	0.01019	0.01231	0.00802	0.00771	0.01680	0.05000	0.05957	0.61896	0.05528	0.06865	0.01535	0.00903	0.00245	0.00389	0.01352	0.00855	0.00779
7	0.02377	0.01725	0.01860	0.01537	0.01992	0.04057	0.01222	0.36268	0.07483	0.08802	0.02665	0.10962	0.05418	0.04274	0.05380	0.00331	0.00841	0.00966	0.00734	0.01107
8	0.01889	0.02115	0.08250	0.06661	0.42275	0.04390	0.18120	0.02423	0.01780	0.02470	0.01468	0.01928	0.01181	0.00692	0.00800	0.00239	0.01057	0.00731	0.00381	0.01150
9	0.01807	0.02051	0.07737	0.03524	0.28291	0.04409	0.28516	0.02336	0.01775	0.02432	0.01749	0.08418	0.01540	0.00842	0.00845	0.00251	0.01073	0.00909	0.00415	0.01079
10	0.02947	0.02172	0.02327	0.01784	0.02404	0.02404	0.01474	0.65329	0.03646	0.04887	0.01862	0.01862	0.01319	0.00931	0.00776	0.00233	0.00853	0.00698	0.00776	0.01319
11	0.13535	0.04051	0.05528	0.01899	0.10680	0.01716	0.01423	0.17161	0.05611	0.20972	0.05160	0.02494	0.01839	0.00947	0.00742	0.00241	0.00747	0.03402	0.00695	0.01160
12	0.01088	0.00855	0.01216	0.03808	0.01444	0.00885	0.03009	0.01276	0.01535	0.02090	0.11196	0.48992	0.04602	0.06656	0.01294	0.00333	0.06577	0.01809	0.00662	0.00673
13	0.01696	0.01696	0.02375	0.02036	0.02036	0.02375	0.01696	0.01866	0.01187	0.01866	0.01018	0.01696	0.01018	0.01357	0.02545	0.00339	0.71332	0.00679	0.00339	0.00848
14	0.01608	0.01378	0.01608	0.01148	0.01837	0.01034	0.00919	0.01952	0.01608	0.02527	0.01378	0.01608	0.01148	0.00574	0.00574	0.00115	0.00574	0.00459	0.00459	0.77491
15	0.01919	0.01842	0.03147	0.04759	0.67914	0.01842	0.02380	0.02380	0.01765	0.02533	0.01458	0.01919	0.01228	0.00691	0.00768	0.00230	0.00921	0.00691	0.00384	0.01228
16	0.01565	0.01333	0.01562	0.01144	0.01791	0.01008	0.00906	0.01896	0.01600	0.02491	0.01565	0.06169	0.01405	0.00694	0.00601	0.00128	0.00566	0.00572	0.00476	0.72528
17	0.02437	0.04962	0.10653	0.01651	0.07014	0.01295	0.01379	0.02841	0.01987	0.32998	0.11519	0.02687	0.02355	0.00930	0.00750	0.00219	0.00697	0.00771	0.00717	0.12135
18	0.78228	0.01499	0.01140	0.01020	0.01499	0.01739	0.00840	0.02279	0.01320	0.03479	0.01080	0.01260	0.00840	0.00720	0.00480	0.00240	0.00600	0.00420	0.00480	0.00840
19	0.00945	0.00675	0.00900	0.01080	0.01125	0.00630	0.00720	0.01080	0.01484	0.01979	0.04274	0.72245	0.05128	0.02429	0.00990	0.00315	0.00450	0.02204	0.00720	0.00630
20	0.01214	0.00858	0.01091	0.01051	0.01252	0.00814	0.00792	0.01661	0.06201	0.05178	0.48493	0.13206	0.09220	0.01666	0.00917	0.00259	0.00418	0.04114	0.00826	0.00768
21	0.00945	0.00675	0.00900	0.01080	0.01125	0.00630	0.00720	0.01080	0.01484	0.01979	0.04274	0.72245	0.05128	0.02429	0.00990	0.00315	0.00450	0.02204	0.00720	0.00630
22	0.01867	0.02123	0.04269	0.03070	0.03829	0.05173	0.57879	0.02479	0.01833	0.02458	0.01538	0.02027	0.01166	0.00656	0.00883	0.00249	0.01264	0.00866	0.00397	0.05975
23	0.01108	0.00831	0.01246	0.01246	0.01385	0.00969	0.00969	0.01385	0.01246	0.01800	0.02077	0.03046	0.01938	0.05815	0.69678	0.01246	0.02077	0.00831	0.00415	0.00692
24	0.78228	0.01499	0.01140	0.01020	0.01499	0.01739	0.00840	0.02279	0.01320	0.03479	0.01080	0.01260	0.00840	0.00720	0.00480	0.00240	0.00600	0.00420	0.00480	0.00840
25	0.01929	0.01666	0.01753	0.01578	0.02016	0.01929	0.01227	0.04120	0.66513	0.03243	0.03156	0.02893	0.02367	0.01052	0.00789	0.00263	0.00614	0.00877	0.00789	0.01227
26	0.03431	0.01396	0.01847	0.01416	0.02017	0.01253	0.01169	0.09279	0.02347	0.62771	0.02952	0.02570	0.01866	0.00957	0.00779	0.00239	0.00677	0.00772	0.00943	0.01319
27	0.78228	0.01499	0.01140	0.01020	0.01499	0.01739	0.00840	0.02279	0.01320	0.03479	0.01080	0.01260	0.00840	0.00720	0.00480	0.00240	0.00600	0.00420	0.00480	0.00840
28	0.01128	0.00752	0.00846	0.00846	0.00846	0.00752	0.00470	0.01128	0.01128	0.01503	0.02443	0.05074	0.02819	0.72751	0.03946	0.00752	0.00752	0.01128	0.00470	0.00470
29	0.01464	0.01378	0.02326	0.70887	0.05340	0.01723	0.02153	0.01981	0.01550	0.01981	0.01378	0.02067	0.01034	0.00775	0.00775	0.00258	0.01034	0.00689	0.00345	0.00861
30	0.01994	0.01698	0.01790	0.01591	0.02041	0.01959	0.01243	0.08072	0.62454	0.03350	0.03072	0.02826	0.02299	0.01044	0.00788	0.00261	0.00629	0.00865	0.00788	0.01233
31	0.02623	0.05353	0.02124	0.04979	0.02362	0.43733	0.01414	0.09190	0.07139	0.05291	0.04749	0.01900	0.01515	0.00874	0.00719	0.00213	0.01131	0.00617	0.03104	0.00971
32	0.03441	0.01381	0.01837	0.01409	0.02010	0.01231	0.01164	0.08212	0.02322	0.63872	0.02973	0.02583	0.01876	0.00958	0.00779	0.00239	0.00674	0.00774	0.00946	0.01319
33	0.02093	0.02244	0.06083	0.07081	0.47818	0.12883	0.02202	0.05787	0.01918	0.02524	0.01430	0.01825	0.01175	0.00727	0.00756	0.00227	0.01011	0.00654	0.00402	0.01159
34	0.01650	0.05059	0.05560	0.06051	0.07124	0.01936	0.21593	0.02046	0.01553	0.02192	0.04220	0.09419	0.01761	0.01127	0.01429	0.00285	0.24721	0.00927	0.00419	0.00927
35	0.00945	0.00675	0.00900	0.01080	0.01125	0.00630	0.00720	0.01080	0.01484	0.01979	0.04274	0.72245	0.05128	0.02429	0.00990	0.00315	0.00450	0.02204	0.00720	0.00630
36	0.02083	0.67184	0.03872	0.01359	0.01991	0.06441	0.01324	0.02330	0.01597	0.01827	0.01118	0.01312	0.01027	0.00844	0.02837	0.00204	0.00901	0.00433	0.00338	0.00980
37	0.01696	0.01696	0.02375	0.02036	0.02036	0.02375	0.01696	0.01866	0.01187	0.01866	0.01018	0.01696	0.01018	0.01357	0.02545	0.00339	0.71332	0.00679	0.00339	0.00848
38	0.01000	0.00789	0.00902	0.00873	0.01099	0.00690	0.00655	0.01275	0.01965	0.02565	0.35484	0.06688	0.39676	0.01788	0.00916	0.00254	0.00380	0.01528	0.00782	0.00690
39	0.01249	0.00892	0.01249	0.01428	0.01606	0.00892	0.01249	0.01606	0.01785	0.02320	0.04105	0.08746	0.04462	0.02142	0.01071	0.00357	0.00714	0.62695	0.00714	0.00714
40	0.01128	0.00752	0.00846	0.00846	0.00846	0.00752	0.00470	0.01128	0.01128	0.01503	0.02443	0.05074	0.02819	0.72751	0.03946	0.00752	0.00752	0.01128	0.00470	0.00470
41	0.01464	0.01378	0.02326	0.70887	0.05340	0.01723	0.02153	0.01981	0.01550	0.01981	0.01378	0.02067	0.01034	0.00775	0.00775	0.00258	0.01034	0.00689	0.00345	0.00861
42	0.01249	0.00892	0.01249	0.01428	0.01606	0.00892	0.01249	0.01606	0.01785	0.02320	0.04105	0.08746	0.04462	0.02142	0.01071	0.00357	0.00714	0.62695	0.00714	0.00714
43	0.78228	0.01499	0.01140	0.01020	0.01499	0.01739	0.00840	0.02279	0.01320	0.03479	0.01080	0.01260	0.00840	0.00720	0.00480	0.00240	0.00600	0.00420	0.00480	0.00840
44	0.00950	0.00679	0.00905	0.01076	0.01126	0.00633	0.00720	0.01094	0.01510	0.02021	0.06581	0.69819	0.05208	0.02398	0.00987	0.00312	0.00447	0.02175	0.00725	0.00633
45	0.00960	0.00686	0.00918	0.01098	0.01150	0.00643	0.00747	0.01107	0.01500	0.01997	0.04265	0.68960	0.05094	0.02414	0.00994	0.00317	0.00464	0.05334	0.00719	0.00634
46	0.03479	0.01320	0.01799	0.01380	0.01979	0.01140	0.01140	0.03779	0.02219	0.68451	0.03059	0.02639	0.01919	0.00960	0.00780	0.00240	0.00660	0.00780	0.00960	0.01320
47	0.01989	0.01448	0.01622	0.01434	0.01846	0.01586	0.01119	0.03560	0.44989	0.12492	0.15528	0.03415	0.03256	0.01141	0.00812	0.00256	0.00572	0.00964	0.00826	0.01145
48	0.00945	0.00675	0.00900	0.01080	0.01125	0.00630	0.00720	0.01080	0.01484	0.01979	0.04274	0.72245	0.05128	0.02429	0.00990	0.00315	0.00450	0.02204	0.00720	0.00630
49	0.01464	0.01378	0.02326	0.70887	0.05340	0.01723	0.02153	0.01981	0.01550	0.01981	0.01378	0.02067	0.01034	0.00775	0.00775	0.00258	0.01034	0.00689	0.00345	0.00861
50	0.02975	0.02127	0.02299	0.01763	0.02382	0.02338	0.01456	0.62096	0.03571	0.08225	0.01924	0.01902	0.01350	0.00932	0.00776	0.00233	0.00843	0.00702	0.00785	0.01319
51	0.01856	0.01799	0.03135	0.13063	0.55841	0.01835	0.06401	0.02336	0.01742	0.02460	0.01455	0.01949	0.01200	0.00699	0.00778	0.00236	0.00960	0.00705	0.00379	0.01170
52	0.01937	0.01927	0.03038	0.10323	0.52403	0.06218	0.05555	0.02457	0.04051	0.02465	0.01500	0.01942	0.01233	0.00716	0.00772	0.00234	0.00972	0.00697	0.00396	0.01164
53	0.01929	0.01666	0.01753	0.01578	0.02016	0.01929	0.01227	0.04120	0.66513	0.03243	0.03156	0.02893	0.02367	0.01052	0.00789	0.00263	0.00614	0.00877	0.00789	0.01227
54	0.01881	0.01917	0.05662	0.07468	0.59444	0.01842	0.05633	0.02370	0.01755	0.02504	0.01458	0.01924	0.01208	0.00694	0.00774	0.00234	0.00954	0.00698	0.00380	0.01200
55	0.03379	0.01480	0.01899	0.01456	0.02059	0.01378	0.01203	0.15378	0.02488	0.56472	0.02833	0.02493	0.01806	0.00954	0.00779	0.00239	0.00696	0.00764	0.00925	0.01319
56	0.02010	0.01647	0.01756	0.01567	0.02014	0.01887	0.01223	0.04102	0.63137	0.06668	0.03151	0.02880	0.02343	0.01047	0.00788	0.00262	0.00616	0.00872	0.00798	0.01232
57	0.00916	0.00785	0.00785	0.00785	0.01047	0.00655	0.00589	0.01113	0.01767	0.02095	0.07855	0.07462	0.67599	0.01964	0.00916	0.00262	0.00393	0.01636	0.00720	0.00655
58	0.75404	0.01493	0.01165	0.01033	0.01518	0.01717	0.00851	0.02336	0.01354	0.05933	0.01154	0.01312	0.00880	0.00729	0.00491	0.00240	0.00602	0.00433	0.00498	0.00858
59	0.01090	0.00792	0.01026	0.00968	0.01154	0.00728	0.00726	0.01449	0.02177	0.03068	0.65074	0.05860	0.09773	0.01601	0.00915	0.00245	0.00367	0.01412	0.00848	0.00728
60	0.01249	0.00892	0.01249	0.01428	0.01606	0.00892	0.01249	0.01606	0.01785	0.02320	0.04105	0.08746	0.04462	0.02142	0.01071	0.00357	0.00714	0.62695	0.00714	0.00714
61	0.01091	0.00792	0.01027	0.00968	0.01154	0.00729	0.00726	0.01450	0.02179	0.03071	0.65283	0.05854	0.09562	0.01599	0.00915	0.00245	0.00367	0.01411	0.00849	0.00729
62	0.01929	0.01666	0.01753	0.01578	0.02016	0.01929	0.01227	0.04120	0.66513	0.03243	0.03156	0.02893	0.02367	0.01052	0.00789	0.00263	0.00614	0.00877	0.00789	0.01227
63	0.03479	0.01320	0.01799	0.01380	0.01979	0.01140	0.01140	0.03779	0.02219	0.68451	0.03059	0.02639	0.01919	0.00960	0.00780	0.00240	0.00660	0.00780	0.00960	0.01320
64	0.02947	0.02172	0.02327	0.01784	0.02404	0.02404	0.01474	0.65329	0.03646	0.04887	0.01862	0.01862	0.01319	0.00931	0.00776	0.00233	0.00853	0.00698	0.00776	0.01319
65	0.01696	0.01696	0.02375	0.02036	0.02036	0.02375	0.01696	0.01866	0.01187	0.01866	0.01018	0.01696	0.01018	0.01357	0.02545	0.00339	0.71332	0.00679	0.00339	0.00848
66	0.02896	0.03695	0.02197	0.01998	0.02397	0.69638	0.01498	0.03096	0.02197	0.01898	0.01199	0.01398	0.00999	0.00799	0.00699	0.00200	0.01398	0.00499	0.00400	0.00899
67	0.01608	0.01378	0.01608	0.01148	0.01837	0.01034	0.00919	0.01952	0.01608	0.02527	0.01378	0.01608	0.01148	0.00574	0.00574	0.00115	0.00574	0.00459	0.00459	0.77491
68	0.01555	0.04011	0.68733	0.02210	0.03356	0.01801	0.02865	0.02455	0.01637	0.02455	0.01391	0.01637	0.00982	0.00737	0.00737	0.00246	0.01146	0.00573	0.00327	0.01146
69	0.01555	0.04011	0.68733	0.02210	0.03356	0.01801	0.02865	0.02455	0.01637	0.02455	0.01391	0.01637	0.00982	0.00737	0.00737	0.00246	0.01146	0.00573	0.00327	0.01146
70	0.02073	0.73217	0.04063	0.01327	0.01990	0.03068	0.01327	0.02322	0.01575	0.01824	0.01078	0.01244	0.00995	0.00663	0.00498	0.00166	0.00829	0.00415	0.00332	0.00995
71	0.02896	0.03695	0.02197	0.01998	0.02397	0.69638	0.01498	0.03096	0.02197	0.01898	0.01199	0.01398	0.00999	0.00799	0.00699	0.00200	0.01398	0.00499	0.00400	0.00899
72	0.78228	0.01499	0.01140	0.01020	0.01499	0.01739	0.00840	0.02279	0.01320	0.03479	0.01080	0.01260	0.00840	0.00720	0.00480	0.00240	0.00600	0.00420	0.00480	0.00840
73	0.01082	0.00787	0.01018	0.00971	0.01152	0.00723	0.00724	0.01430	0.02143	0.03011	0.61870	0.08763	0.10136	0.01640	0.00918	0.00248	0.00371	0.01448	0.00841	0.00723
74	0.01919	0.01842	0.03147	0.04759	0.67914	0.01842	0.02380	0.02380	0.01765	0.02533	0.01458	0.01919	0.01228	0.00691	0.00768	0.00230	0.00921	0.00691	0.00384	0.01228
75	0.00951	0.00688	0.00899	0.01055	0.01121	0.00637	0.00712	0.01102	0.01539	0.02045	0.07776	0.64624	0.09275	0.02355	0.00981	0.00308	0.00442	0.02126	0.00727	0.00637
76	0.00978	0.00788	0.00871	0.00850	0.01085	0.00681	0.00638	0.01232	0.01913	0.02440	0.28176	0.06893	0.47063	0.01835	0.00916	0.00256	0.00384	0.01557	0.00765	0.00681
77	0.02073	0.73217	0.04063	0.01327	0.01990	0.03068	0.01327	0.02322	0.01575	0.01824	0.01078	0.01244	0.00995	0.00663	0.00498	0.00166	0.00829	0.00415	0.00332	0.00995
78	0.01608	0.01378	0.01608	0.01148	0.01837	0.01034	0.00919	0.01952	0.01608	0.02527	0.01378	0.01608	0.01148	0.00574	0.00574	0.00115	0.00574	0.00459	0.00459	0.77491
79	0.01235	0.00882	0.01233	0.01412	0.01584	0.00880	0.01225	0.01582	0.01771	0.02305	0.04113	0.11675	0.04493	0.02155	0.01067	0.00355	0.00702	0.59905	0.00714	0.00710
80	0.78228	0.01499	0.01140	0.01020	0.01499	0.01739	0.00840	0.02279	0.01320	0.03479	0.01080	0.01260	0.00840	0.00720	0.00480	0.00240	0.00600	0.00420	0.00480	0.00840
81	0.01555	0.04011	0.68733	0.02210	0.03356	0.01801	0.02865	0.02455	0.01637	0.02455	0.01391	0.01637	0.00982	0.00737	0.00737	0.00246	0.01146	0.00573	0.00327	0.01146
82	0.01249	0.00892	0.01249	0.01428	0.01606	0.00892	0.01249	0.01606	0.01785	0.02320	0.04105	0.08746	0.04462	0.02142	0.01071	0.00357	0.00714	0.62695	0.00714	0.00714
83	0.01072	0.00772	0.01019	0.01029	0.01180	0.00719	0.00762	0.01384	0.02005	0.02799	0.48886	0.21248	0.06629	0.01815	0.00942	0.00267	0.00408	0.05544	0.00814	0.00707
84	0.02185	0.01780	0.04735	0.01604	0.02109	0.01883	0.01314	0.10111	0.50317	0.10575	0.02939	0.02707	0.02153	0.01016	0.00784	0.00257	0.00666	0.00835	0.00786	0.01243
85	0.02079	0.01440	0.02004	0.01531	0.02112	0.01276	0.09341	0.06635	0.06112	0.17341	0.05067	0.08559	0.02041	0.00936	0.00744	0.00203	0.00689	0.00831	0.00645	0.30415
86	0.02697	0.04573	0.01980	0.01528	0.02068	0.01776	0.01244	0.18911	0.23712	0.26325	0.04952	0.02583	0.02068	0.00992	0.00775	0.00243	0.00689	0.00798	0.00829	0.01255
87	0.01347	0.00673	0.01010	0.01010	0.01010	0.00673	0.00673	0.01010	0.01010	0.01347	0.01347	0.02357	0.01347	0.02694	0.03030	0.77441	0.00673	0.00673	0.00337	0.00337
88	0.01555	0.04011	0.68733	0.02210	0.03356	0.01801	0.02865	0.02455	0.01637	0.02455	0.01391	0.01637	0.00982	0.00737	0.00737	0.00246	0.01146	0.00573	0.00327	0.01146
89	0.47188	0.10355	0.12330	0.01261	0.01849	0.01846	0.01228	0.04829	0.01542	0.03133	0.03568	0.01586	0.01187	0.00764	0.00554	0.00229	0.00704	0.00505	0.04425	0.00917
90	0.01133	0.00860	0.01261	0.01247	0.01368	0.01010	0.00959	0.01384	0.01234	0.01779	0.02063	0.03152	0.01971	0.10961	0.61693	0.01170	0.04811	0.00848	0.00417	0.00681
91	0.03479	0.01320	0.01799	0.01380	0.01979	0.01140	0.01140	0.03779	0.02219	0.68451	0.03059	0.02639	0.01919	0.00960	0.00780	0.00240	0.00660	0.00780	0.00960	0.01320
92	0.01907	0.01617	0.01730	0.01572	0.01995	0.01856	0.01238	0.06135	0.58577	0.03223	0.03191	0.03365	0.02511	0.01143	0.00813	0.00270	0.00631	0.06258	0.00782	0.01186
93	0.01759	0.02033	0.06378	0.10206	0.04063	0.01887	0.53826	0.02395	0.01793	0.02424	0.01646	0.02345	0.01289	0.00730	0.00901	0.00264	0.01249	0.03398	0.00398	0.01016
94	0.00952	0.00680	0.00906	0.01075	0.01126	0.00635	0.00720	0.01098	0.01519	0.02034	0.07331	0.69031	0.05234	0.02388	0.00986	0.00311	0.00446	0.02165	0.00726	0.00635
95	0.03417	0.01333	0.01798	0.01387	0.01981	0.01171	0.01143	0.03792	0.04769	0.65865	0.03063	0.02649	0.01937	0.00963	0.00780	0.00241	0.00658	0.00784	0.00953	0.01316
96	0.02896	0.03695	0.02197	0.01998	0.02397	0.69638	0.01498	0.03096	0.02197	0.01898	0.01199	0.01398	0.00999	0.00799	0.00699	0.00200	0.01398	0.00499	0.00400	0.00899
97	0.03200	0.01382	0.01791	0.01415	0.01986	0.01282	0.01155	0.03840	0.13798	0.56708	0.03076	0.02685	0.02000	0.00976	0.00781	0.00244	0.00651	0.00797	0.00929	0.01303
98	0.01576	0.06848	0.66082	0.02174	0.03300	0.01853	0.02802	0.02450	0.01634	0.02430	0.01379	0.01621	0.00983	0.00734	0.00727	0.00242	0.01133	0.00566	0.00328	0.01140
99	0.01858	0.02254	0.07801	0.03163	0.03951	0.04620	0.59371	0.02506	0.01835	0.02459	0.01545	0.02041	0.01159	0.00664	0.00897	0.00258	0.01302	0.00881	0.00389	0.01045
100	0.01814	0.24814	0.37590	0.02128	0.05537	0.05331	0.07901	0.02444	0.01667	0.02243	0.01306	0.01558	0.01014	0.00708	0.00679	0.00220	0.01067	0.00557	0.00340	0.01083

[dist]
# distance from previous block
# <min> <max>
0	1

[block]
# block no. 1 follows, 25 sequences, length 101
# corresponding to MSA columns:
# 136-236
name=unknown_B
#
# <colnr> <probs for GDERKNQSTAVLIFYWHMCP>
#	G	D	E	R	K	N	Q	S	T	A	V	L	I	F	Y	W	H	M	C	P
0	0.12812	0.25370	0.18429	0.01519	0.02192	0.02079	0.01572	0.05124	0.01759	0.10534	0.07306	0.01957	0.01657	0.00847	0.00721	0.00221	0.03766	0.00608	0.00493	0.01033
1	0.00945	0.00675	0.00900	0.01080	0.01125	0.00630	0.00720	0.01080	0.01484	0.01979	0.04274	0.72245	0.05128	0.02429	0.00990	0.00315	0.00450	0.02204	0.00720	0.00630
2	0.01006	0.00702	0.00884	0.01005	0.01099	0.00651	0.00691	0.01192	0.01597	0.02192	0.10707	0.52438	0.11239	0.02150	0.00931	0.00289	0.00427	0.01923	0.08225	0.00651
3	0.02291	0.06311	0.02042	0.01688	0.04877	0.03871	0.01295	0.11054	0.38406	0.12409	0.02649	0.02488	0.01950	0.00956	0.00755	0.00240	0.00697	0.00775	0.00739	0.04505
4	0.02654	0.01364	0.04485	0.01352	0.01860	0.01184	0.01134	0.03250	0.10903	0.42174	0.17417	0.03336	0.03147	0.01103	0.00809	0.00244	0.00609	0.00923	0.00886	0.01168
5	0.00962	0.00688	0.00918	0.01088	0.01143	0.00643	0.00739	0.01115	0.01525	0.02039	0.06922	0.67180	0.05196	0.02383	0.00989	0.00313	0.00456	0.04338	0.00725	0.00637
6	0.07103	0.01938	0.05450	0.07983	0.53258	0.04222	0.02219	0.02425	0.03457	0.02559	0.01462	0.01879	0.01203	0.00713	0.00745	0.00233	0.00923	0.00666	0.00397	0.01166
7	0.02048	0.64125	0.10425	0.01436	0.02139	0.05068	0.01485	0.02360	0.01601	0.01889	0.01113	0.01288	0.00994	0.00675	0.00528	0.00175	0.00879	0.00433	0.00333	0.01007
8	0.00933	0.00775	0.00816	0.00829	0.01063	0.00658	0.00613	0.01136	0.01772	0.02160	0.12044	0.13803	0.56767	0.01981	0.00924	0.00266	0.00396	0.01675	0.00730	0.00658
9	0.00998	0.00838	0.00876	0.00886	0.01143	0.00742	0.00675	0.01316	0.05438	0.02171	0.07193	0.09814	0.57163	0.01942	0.00923	0.00270	0.00429	0.05767	0.00724	0.00690
10	0.01753	0.05925	0.50202	0.02520	0.11688	0.04649	0.05246	0.02514	0.01703	0.04670	0.01446	0.01704	0.01056	0.00735	0.00740	0.00239	0.01106	0.00601	0.00362	0.01143
11	0.01829	0.01750	0.02984	0.17898	0.55482	0.01818	0.02335	0.02300	0.01723	0.02423	0.01442	0.01948	0.01190	0.00708	0.00769	0.00236	0.00943	0.00690	0.00376	0.01155
12	0.01555	0.04011	0.68733	0.02210	0.03356	0.01801	0.02865	0.02455	0.01637	0.02455	0.01391	0.01637	0.00982	0.00737	0.00737	0.00246	0.01146	0.00573	0.00327	0.01146
13	0.03030	0.10522	0.06734	0.01472	0.02096	0.04359	0.01304	0.03504	0.06968	0.47903	0.02628	0.02364	0.01735	0.00908	0.00739	0.00231	0.00742	0.00716	0.00802	0.01243
14	0.00944	0.00787	0.00824	0.00814	0.01064	0.00666	0.00611	0.01166	0.01832	0.02248	0.16902	0.07209	0.58456	0.01906	0.00916	0.00259	0.00389	0.01601	0.00740	0.00666
15	0.02507	0.36875	0.03108	0.01651	0.02203	0.29872	0.01413	0.09968	0.02067	0.02210	0.01218	0.01378	0.01034	0.00749	0.00611	0.00187	0.01062	0.00482	0.00411	0.00994
16	0.01252	0.00938	0.01329	0.01594	0.06446	0.00924	0.01237	0.01592	0.01777	0.02326	0.06358	0.12114	0.08656	0.02021	0.01027	0.00335	0.00679	0.47956	0.00695	0.00743
17	0.02816	0.12281	0.02560	0.01827	0.05032	0.06954	0.01467	0.44998	0.03070	0.08844	0.01777	0.01802	0.01292	0.00876	0.00731	0.00221	0.00875	0.00650	0.00684	0.01240
18	0.01625	0.02191	0.15640	0.04754	0.03488	0.01708	0.41375	0.02235	0.01730	0.02382	0.01970	0.13397	0.01778	0.00961	0.00890	0.00267	0.01130	0.01055	0.00432	0.00991
19	0.10086	0.06035	0.38158	0.02042	0.07217	0.01797	0.02148	0.06179	0.04691	0.08999	0.01613	0.01762	0.01162	0.00768	0.00703	0.00234	0.00947	0.00593	0.00460	0.04407
20	0.03479	0.01320	0.01799	0.01380	0.01979	0.01140	0.01140	0.03779	0.02219	0.68451	0.03059	0.02639	0.01919	0.00960	0.00780	0.00240	0.00660	0.00780	0.00960	0.01320
21	0.02586	0.02472	0.04949	0.02048	0.08298	0.22482	0.01528	0.24524	0.04628	0.07574	0.01816	0.04674	0.01475	0.03914	0.00951	0.00253	0.03423	0.00719	0.00590	0.01095
22	0.01082	0.00792	0.01015	0.00959	0.01149	0.00725	0.00719	0.01433	0.02158	0.03022	0.62350	0.05936	0.12525	0.01618	0.00915	0.00245	0.00368	0.01422	0.00842	0.00725
23	0.01123	0.00762	0.00898	0.00892	0.00921	0.00768	0.00537	0.01181	0.01239	0.01681	0.08571	0.04970	0.03170	0.60346	0.09225	0.00745	0.00827	0.01128	0.00502	0.00513
24	0.01028	0.00774	0.00951	0.00940	0.01124	0.00697	0.00692	0.01317	0.01983	0.02684	0.42935	0.15526	0.22903	0.01803	0.00926	0.00259	0.00385	0.01576	0.00800	0.00697
25	0.78228	0.01499	0.01140	0.01020	0.01499	0.01739	0.00840	0.02279	0.01320	0.03479	0.01080	0.01260	0.00840	0.00720	0.00480	0.00240	0.00600	0.00420	0.00480	0.00840
26	0.01764	0.01684	0.02868	0.27268	0.46615	0.01802	0.02303	0.02244	0.01692	0.02345	0.01431	0.01969	0.01162	0.00720	0.00770	0.00240	0.00959	0.00690	0.00370	0.01103
27	0.02073	0.73217	0.04063	0.01327	0.01990	0.03068	0.01327	0.02322	0.01575	0.01824	0.01078	0.01244	0.00995	0.00663	0.00498	0.00166	0.00829	0.00415	0.00332	0.00995
28	0.01929	0.01666	0.01753	0.01578	0.02016	0.01929	0.01227	0.04120	0.66513	0.03243	0.03156	0.02893	0.02367	0.01052	0.00789	0.00263	0.00614	0.00877	0.00789	0.01227
29	0.01464	0.01378	0.02326	0.70887	0.05340	0.01723	0.02153	0.01981	0.01550	0.01981	0.01378	0.02067	0.01034	0.00775	0.00775	0.00258	0.01034	0.00689	0.00345	0.00861
30	0.06541	0.01714	0.01938	0.01616	0.06241	0.01678	0.01220	0.28130	0.02443	0.03570	0.01615	0.01768	0.01242	0.00751	0.00663	0.00181	0.00704	0.00582	0.03879	0.33525
31	0.02947	0.02172	0.02327	0.01784	0.02404	0.02404	0.01474	0.65329	0.03646	0.04887	0.01862	0.01862	0.01319	0.00931	0.00776	0.00233	0.00853	0.00698	0.00776	0.01319
32	0.10985	0.02100	0.02200	0.01702	0.02308	0.02333	0.01406	0.58597	0.03397	0.04736	0.01778	0.01797	0.01267	0.00908	0.00744	0.00233	0.00826	0.00668	0.00744	0.01267
33	0.02566	0.04344	0.21317	0.01868	0.06165	0.01440	0.04559	0.03066	0.01987	0.36479	0.06484	0.02443	0.01893	0.00897	0.00773	0.00240	0.00830	0.00750	0.00693	0.01204
34	0.02555	0.01965	0.02310	0.09877	0.12385	0.05619	0.01608	0.36732	0.02827	0.09225	0.02153	0.02252	0.05074	0.00932	0.00779	0.00236	0.00870	0.00746	0.00661	0.01194
35	0.00945	0.00675	0.00900	0.01080	0.01125	0.00630	0.00720	0.01080	0.01484	0.01979	0.04274	0.72245	0.05128	0.02429	0.00990	0.00315	0.00450	0.02204	0.00720	0.00630
36	0.02965	0.02144	0.02310	0.01771	0.02391	0.02363	0.01463	0.63323	0.03599	0.06958	0.01901	0.01887	0.01338	0.00932	0.00776	0.00233	0.00847	0.00701	0.00782	0.01319
37	0.01784	0.02127	0.08356	0.09807	0.09052	0.01919	0.50239	0.02426	0.01786	0.02437	0.01531	0.02047	0.01154	0.00673	0.00879	0.00258	0.01241	0.00854	0.00383	0.01049
38	0.03425	0.01331	0.01798	0.01386	0.01981	0.01167	0.01143	0.03790	0.04433	0.66206	0.03062	0.02648	0.01935	0.00963	0.00780	0.00241	0.00658	0.00783	0.00954	0.01316
39	0.01097	0.00793	0.01036	0.00975	0.01158	0.00732	0.00732	0.01463	0.02195	0.03109	0.67505	0.05792	0.07316	0.01585	0.00914	0.00244	0.00366	0.01402	0.00854	0.00732
40	0.01177	0.00899	0.01238	0.01260	0.01416	0.00869	0.04458	0.06650	0.01719	0.02277	0.04137	0.55393	0.08549	0.02159	0.00966	0.00303	0.00541	0.04567	0.00706	0.00717
41	0.02148	0.63330	0.06082	0.01405	0.02080	0.02955	0.01395	0.09004	0.01797	0.02170	0.01172	0.01323	0.01029	0.00694	0.00535	0.00176	0.00843	0.00450	0.00379	0.01034
42	0.78228	0.01499	0.01140	0.01020	0.01499	0.01739	0.00840	0.02279	0.01320	0.03479	0.01080	0.01260	0.00840	0.00720	0.00480	0.00240	0.00600	0.00420	0.00480	0.00840
43	0.01085	0.00792	0.01019	0.00963	0.01151	0.00726	0.00722	0.01439	0.02166	0.03040	0.63449	0.05905	0.11415	0.01611	0.00915	0.00245	0.00368	0.01418	0.00844	0.00726
44	0.02416	0.01810	0.02128	0.01879	0.06453	0.02032	0.01438	0.37659	0.05457	0.06494	0.02116	0.07050	0.01766	0.01132	0.01031	0.00257	0.10247	0.03515	0.03972	0.01147
45	0.03099	0.01551	0.01873	0.01453	0.02018	0.01529	0.01195	0.24505	0.02646	0.40412	0.02600	0.02400	0.01722	0.00944	0.00755	0.00232	0.00696	0.00746	0.08366	0.01261
46	0.00945	0.00675	0.00900	0.01080	0.01125	0.00630	0.00720	0.01080	0.01484	0.01979	0.04274	0.72245	0.05128	0.02429	0.00990	0.00315	0.00450	0.02204	0.00720	0.00630
47	0.69062	0.01621	0.04784	0.01107	0.01631	0.01702	0.00968	0.02391	0.01398	0.07843	0.01231	0.01373	0.00921	0.00737	0.00514	0.00240	0.00633	0.00452	0.00504	0.00889
48	0.78228	0.01499	0.01140	0.01020	0.01499	0.01739	0.00840	0.02279	0.01320	0.03479	0.01080	0.01260	0.00840	0.00720	0.00480	0.00240	0.00600	0.00420	0.00480	0.00840
49	0.01670	0.01659	0.02548	0.05096	0.10576	0.02114	0.07204	0.01929	0.01353	0.02017	0.01383	0.07137	0.01371	0.01271	0.01993	0.00314	0.48274	0.00817	0.00379	0.00897
50	0.02481	0.01733	0.01877	0.01508	0.02010	0.01881	0.01223	0.39191	0.11092	0.08530	0.05331	0.02606	0.04820	0.01019	0.00759	0.00232	0.00702	0.00802	0.11033	0.01172
51	0.01819	0.01936	0.06608	0.03621	0.40187	0.03947	0.04946	0.02219	0.01622	0.02319	0.01497	0.05587	0.01363	0.00946	0.01205	0.00262	0.17680	0.00766	0.00389	0.01083
52	0.02083	0.72377	0.04040	0.01335	0.01995	0.03872	0.01329	0.02331	0.01583	0.01825	0.01079	0.01246	0.00995	0.00665	0.00500	0.00166	0.00836	0.00416	0.00332	0.00994
53	0.01188	0.00940	0.01217	0.01209	0.01334	0.03884	0.00905	0.01413	0.01266	0.01753	0.02103	0.03328	0.02051	0.17253	0.55269	0.01115	0.01817	0.00868	0.00424	0.00662
54	0.78228	0.01499	0.01140	0.01020	0.01499	0.01739	0.00840	0.02279	0.01320	0.03479	0.01080	0.01260	0.00840	0.00720	0.00480	0.00240	0.00600	0.00420	0.00480	0.00840
55	0.00962	0.00688	0.00915	0.01068	0.01128	0.00641	0.00721	0.01122	0.01564	0.02105	0.11333	0.64825	0.05372	0.02335	0.00981	0.00307	0.00440	0.02115	0.00735	0.00641
56	0.01087	0.00785	0.01027	0.00983	0.01156	0.00725	0.00731	0.01437	0.02146	0.03032	0.63205	0.10311	0.07167	0.01643	0.00920	0.00249	0.00372	0.01457	0.00844	0.00725
57	0.01971	0.01687	0.01777	0.01587	0.02032	0.01948	0.01238	0.06685	0.63879	0.03312	0.03102	0.02850	0.02323	0.01047	0.00788	0.00262	0.00624	0.00869	0.00788	0.01231
58	0.01929	0.01666	0.01753	0.01578	0.02016	0.01929	0.01227	0.04120	0.66513	0.03243	0.03156	0.02893	0.02367	0.01052	0.00789	0.00263	0.00614	0.00877	0.00789	0.01227
59	0.01608	0.01378	0.01608	0.01148	0.01837	0.01034	0.00919	0.01952	0.01608	0.02527	0.01378	0.01608	0.01148	0.00574	0.00574	0.00115	0.00574	0.00459	0.00459	0.77491
60	0.01830	0.02092	0.04575	0.03268	0.04052	0.01961	0.65098	0.02484	0.01830	0.02484	0.01569	0.02092	0.01176	0.00654	0.00915	0.00261	0.01307	0.00915	0.00392	0.01046
61	0.00945	0.00675	0.00900	0.01080	0.01125	0.00630	0.00720	0.01080	0.01484	0.01979	0.04274	0.72245	0.05128	0.02429	0.00990	0.00315	0.00450	0.02204	0.00720	0.00630
62	0.01696	0.01696	0.02375	0.02036	0.02036	0.02375	0.01696	0.01866	0.01187	0.01866	0.01018	0.01696	0.01018	0.01357	0.02545	0.00339	0.71332	0.00679	0.00339	0.00848
63	0.01111	0.00819	0.01185	0.01185	0.01302	0.00936	0.00893	0.01345	0.01228	0.01755	0.02133	0.03356	0.02073	0.16061	0.59617	0.01170	0.01874	0.00876	0.00424	0.00658
64	0.01362	0.00898	0.01250	0.01390	0.01582	0.00882	0.01190	0.01693	0.01783	0.06519	0.04055	0.14695	0.04366	0.02095	0.01044	0.00345	0.00684	0.52693	0.00730	0.00744
65	0.01097	0.00793	0.01036	0.00975	0.01158	0.00732	0.00732	0.01463	0.02195	0.03109	0.67505	0.05792	0.07316	0.01585	0.00914	0.00244	0.00366	0.01402	0.00854	0.00732
66	0.01423	0.00886	0.01138	0.18503	0.02038	0.00971	0.00959	0.01812	0.01599	0.02612	0.02331	0.06375	0.01913	0.00952	0.00625	0.00207	0.00536	0.00793	0.53572	0.00753
67	0.01445	0.00723	0.00723	0.00723	0.00903	0.00723	0.00542	0.01807	0.01626	0.02891	0.02529	0.02891	0.01987	0.00903	0.00542	0.00181	0.00361	0.00723	0.77055	0.00723
68	0.01726	0.01982	0.08162	0.12422	0.06093	0.01824	0.41931	0.02327	0.01733	0.02424	0.01586	0.02103	0.01208	0.00726	0.00910	0.00255	0.03893	0.00827	0.06870	0.00998
69	0.02896	0.03695	0.02197	0.01998	0.02397	0.69638	0.01498	0.03096	0.02197	0.01898	0.01199	0.01398	0.00999	0.00799	0.00699	0.00200	0.01398	0.00499	0.00400	0.00899
70	0.01971	0.01687	0.01777	0.01586	0.02032	0.01948	0.01237	0.06660	0.63904	0.03312	0.03102	0.02850	0.02323	0.01047	0.00788	0.00262	0.00624	0.00869	0.00788	0.01231
71	0.01867	0.01976	0.03783	0.03055	0.10251	0.02070	0.40057	0.05673	0.01768	0.02471	0.01442	0.01967	0.01152	0.00839	0.01278	0.00275	0.17820	0.00824	0.00399	0.01033
72	0.73108	0.01545	0.01220	0.01072	0.01561	0.01785	0.00883	0.06567	0.01478	0.03575	0.01133	0.01300	0.00872	0.00734	0.00500	0.00239	0.00617	0.00439	0.00500	0.00872
73	0.01711	0.01554	0.02676	0.19742	0.32708	0.01621	0.09631	0.02191	0.01696	0.02460	0.01650	0.02155	0.01315	0.00746	0.00746	0.00232	0.00892	0.00724	0.14526	0.01024
74	0.01108	0.00831	0.01246	0.01246	0.01385	0.00969	0.00969	0.01385	0.01246	0.01800	0.02077	0.03046	0.01938	0.05815	0.69678	0.01246	0.02077	0.00831	0.00415	0.00692
75	0.78228	0.01499	0.01140	0.01020	0.01499	0.01739	0.00840	0.02279	0.01320	0.03479	0.01080	0.01260	0.00840	0.00720	0.00480	0.00240	0.00600	0.00420	0.00480	0.00840
76	0.01984	0.15969	0.32316	0.01978	0.04931	0.06742	0.02068	0.10772	0.10980	0.02727	0.01630	0.01763	0.01230	0.00795	0.00704	0.00228	0.00986	0.00602	0.00457	0.01138
77	0.02761	0.04568	0.01815	0.01300	0.01907	0.01223	0.01073	0.05635	0.02064	0.41887	0.02755	0.02550	0.05386	0.00902	0.00721	0.00205	0.00638	0.00725	0.00780	0.21102
78	0.02052	0.01727	0.01823	0.01603	0.02063	0.01986	0.01257	0.11517	0.58915	0.03442	0.02999	0.02768	0.02240	0.01037	0.00787	0.00259	0.00643	0.00855	0.00787	0.01238
79	0.01192	0.00913	0.01112	0.01099	0.01301	0.00905	0.00820	0.01791	0.12453	0.02771	0.35818	0.19657	0.11046	0.01734	0.00917	0.00268	0.00441	0.04182	0.00797	0.00783
80	0.01624	0.05677	0.55711	0.02476	0.08151	0.01856	0.08892	0.02449	0.01664	0.02446	0.01405	0.01691	0.01020	0.00723	0.00749	0.00244	0.01136	0.00611	0.00338	0.01138
81	0.75477	0.01495	0.01182	0.03523	0.01637	0.01739	0.00887	0.02269	0.01328	0.03425	0.01090	0.01288	0.00847	0.00722	0.00490	0.00241	0.00615	0.00429	0.00475	0.00840
82	0.01108	0.00831	0.01246	0.01246	0.01385	0.00969	0.00969	0.01385	0.01246	0.01800	0.02077	0.03046	0.01938	0.05815	0.69678	0.01246	0.02077	0.00831	0.00415	0.00692
83	0.01236	0.01010	0.01285	0.01272	0.01429	0.05354	0.00985	0.01512	0.01323	0.01851	0.02039	0.02934	0.01880	0.05290	0.62394	0.01135	0.01962	0.00805	0.03595	0.00707
84	0.04915	0.01990	0.06513	0.19792	0.17819	0.04125	0.17187	0.11097	0.04046	0.02746	0.01548	0.01962	0.01181	0.00754	0.00792	0.00246	0.01037	0.00728	0.00445	0.01076
85	0.01919	0.01842	0.03147	0.04759	0.67914	0.01842	0.02380	0.02380	0.01765	0.02533	0.01458	0.01919	0.01228	0.00691	0.00768	0.00230	0.00921	0.00691	0.00384	0.01228
86	0.00999	0.00743	0.00992	0.01133	0.01174	0.00745	0.00774	0.01131	0.01454	0.01957	0.04007	0.65584	0.04791	0.04607	0.01184	0.00330	0.04996	0.02072	0.00687	0.00639
87	0.02469	0.01654	0.01771	0.01414	0.01887	0.01792	0.01150	0.41633	0.02914	0.06855	0.02133	0.02236	0.01566	0.00923	0.00698	0.00216	0.00681	0.00710	0.26176	0.01120
88	0.01945	0.02015	0.04240	0.03311	0.10950	0.01895	0.54099	0.02555	0.01848	0.06711	0.01652	0.02108	0.01230	0.00677	0.00890	0.00257	0.01223	0.00882	0.00428	0.01083
89	0.03479	0.01320	0.01799	0.01380	0.01979	0.01140	0.01140	0.03779	0.02219	0.68451	0.03059	0.02639	0.01919	0.00960	0.00780	0.00240	0.00660	0.00780	0.00960	0.01320
90	0.01128	0.00752	0.00846	0.00846	0.00846	0.00752	0.00470	0.01128	0.01128	0.01503	0.02443	0.05074	0.02819	0.72751	0.03946	0.00752	0.00752	0.01128	0.00470	0.00470
91	0.01111	0.00892	0.00967	0.00945	0.01195	0.00820	0.00706	0.05486	0.04180	0.02415	0.13406	0.16644	0.44653	0.01892	0.00914	0.00266	0.00437	0.01608	0.00741	0.00723
92	0.01840	0.02242	0.12956	0.03143	0.11358	0.01843	0.44148	0.02471	0.01800	0.05205	0.01690	0.04545	0.01328	0.00746	0.00870	0.00257	0.01182	0.00882	0.00418	0.01078
93	0.00945	0.00675	0.00900	0.01080	0.01125	0.00630	0.00720	0.01080	0.01484	0.01979	0.04274	0.72245	0.05128	0.02429	0.00990	0.00315	0.00450	0.02204	0.00720	0.00630
94	0.01903	0.01495	0.01612	0.01427	0.01846	0.01649	0.01115	0.07747	0.44446	0.07485	0.08095	0.03643	0.11757	0.01202	0.00814	0.00258	0.00585	0.01000	0.00794	0.01126
95	0.04641	0.02077	0.06773	0.04128	0.52215	0.06203	0.04950	0.02409	0.01749	0.02491	0.01411	0.01844	0.01175	0.00728	0.00832	0.00235	0.03920	0.00671	0.00383	0.01165
96	0.02646	0.03231	0.02238	0.01999	0.02321	0.53561	0.01539	0.04650	0.02027	0.01978	0.01180	0.01474	0.01012	0.00920	0.01089	0.00230	0.16062	0.00543	0.00398	0.00900
97	0.03093	0.01283	0.01708	0.01347	0.01887	0.01148	0.01099	0.03535	0.06776	0.56264	0.10525	0.03022	0.02576	0.01039	0.00796	0.00242	0.00622	0.00859	0.00935	0.01245
98	0.02175	0.01699	0.01915	0.04555	0.02188	0.01681	0.01201	0.30114	0.04364	0.03506	0.01713	0.02000	0.01361	0.05375	0.00895	0.00219	0.00731	0.00631	0.00605	0.33071
99	0.02744	0.03368	0.02187	0.02077	0.05815	0.59288	0.01500	0.05578	0.02235	0.02126	0.05010	0.01695	0.01384	0.00843	0.00718	0.00205	0.01291	0.00569	0.00440	0.00925
100	0.01437	0.01200	0.01891	0.47727	0.03938	0.01458	0.01687	0.01851	0.01522	0.02120	0.01741	0.06207	0.01458	0.01000	0.00918	0.03491	0.04016	0.00780	0.14761	0.00800

[dist]
# distance from previous block
# <min> <max>
0	4

[block]
# block no. 2 follows, 25 sequences, length 35
# corresponding to MSA columns:
# 241-275
name=unknown_C
#
# <colnr> <probs for GDERKNQSTAVLIFYWHMCP>
#	G	D	E	R	K	N	Q	S	T	A	V	L	I	F	Y	W	H	M	C	P
0	0.01911	0.01865	0.03279	0.04621	0.62004	0.01853	0.08184	0.02389	0.01771	0.02529	0.01469	0.01935	0.01223	0.00687	0.00781	0.00233	0.00957	0.00712	0.00385	0.01211
1	0.01727	0.01612	0.02346	0.14168	0.02686	0.02056	0.04371	0.02071	0.03662	0.04472	0.01289	0.01848	0.01120	0.01126	0.01852	0.00295	0.44243	0.00681	0.00392	0.07983
2	0.00945	0.00675	0.00900	0.01080	0.01125	0.00630	0.00720	0.01080	0.01484	0.01979	0.04274	0.72245	0.05128	0.02429	0.00990	0.00315	0.00450	0.02204	0.00720	0.00630
3	0.01628	0.01181	0.01446	0.07768	0.03835	0.01259	0.01060	0.16669	0.04441	0.02815	0.02954	0.27050	0.04585	0.04718	0.01059	0.03572	0.00629	0.01278	0.11206	0.00849
4	0.01079	0.00778	0.01020	0.00988	0.01154	0.00719	0.00730	0.01416	0.02108	0.02971	0.59750	0.13942	0.07048	0.01689	0.00924	0.00253	0.00376	0.01501	0.00837	0.00719
5	0.02073	0.73217	0.04063	0.01327	0.01990	0.03068	0.01327	0.02322	0.01575	0.01824	0.01078	0.01244	0.00995	0.00663	0.00498	0.00166	0.00829	0.00415	0.00332	0.00995
6	0.78228	0.01499	0.01140	0.01020	0.01499	0.01739	0.00840	0.02279	0.01320	0.03479	0.01080	0.01260	0.00840	0.00720	0.00480	0.00240	0.00600	0.00420	0.00480	0.00840
7	0.03479	0.01320	0.01799	0.01380	0.01979	0.01140	0.01140	0.03779	0.02219	0.68451	0.03059	0.02639	0.01919	0.00960	0.00780	0.00240	0.00660	0.00780	0.00960	0.01320
8	0.02896	0.03695	0.02197	0.01998	0.02397	0.69638	0.01498	0.03096	0.02197	0.01898	0.01199	0.01398	0.00999	0.00799	0.00699	0.00200	0.01398	0.00499	0.00400	0.00899
9	0.78228	0.01499	0.01140	0.01020	0.01499	0.01739	0.00840	0.02279	0.01320	0.03479	0.01080	0.01260	0.00840	0.00720	0.00480	0.00240	0.00600	0.00420	0.00480	0.00840
10	0.00935	0.00786	0.00811	0.00805	0.01059	0.00662	0.00604	0.01148	0.01811	0.02197	0.13895	0.07293	0.61495	0.01925	0.00916	0.00260	0.00390	0.01613	0.00734	0.00662
11	0.78228	0.01499	0.01140	0.01020	0.01499	0.01739	0.00840	0.02279	0.01320	0.03479	0.01080	0.01260	0.00840	0.00720	0.00480	0.00240	0.00600	0.00420	0.00480	0.00840
12	0.03479	0.01320	0.01799	0.01380	0.01979	0.01140	0.01140	0.03779	0.02219	0.68451	0.03059	0.02639	0.01919	0.00960	0.00780	0.00240	0.00660	0.00780	0.00960	0.01320
13	0.00972	0.00714	0.00923	0.01061	0.01150	0.00649	0.00719	0.01121	0.01511	0.02012	0.04408	0.64356	0.09543	0.02313	0.00966	0.00302	0.00451	0.02085	0.00708	0.04035
14	0.01883	0.01837	0.03229	0.08701	0.58143	0.01846	0.08170	0.02365	0.01758	0.02494	0.01464	0.01944	0.01211	0.00693	0.00782	0.00235	0.00964	0.00711	0.00382	0.01189
15	0.01045	0.00750	0.01000	0.01087	0.01203	0.00705	0.00796	0.01300	0.01800	0.02463	0.28716	0.37905	0.05884	0.02064	0.00972	0.00293	0.00453	0.10113	0.00771	0.00681
16	0.01582	0.01445	0.02372	0.52116	0.16091	0.01700	0.02070	0.04256	0.01664	0.02215	0.01534	0.04055	0.01230	0.00817	0.00771	0.00251	0.00966	0.00734	0.03200	0.00931
17	0.01765	0.08031	0.58549	0.02079	0.03144	0.01818	0.02610	0.02570	0.01687	0.08524	0.01526	0.01705	0.01070	0.00753	0.00726	0.00240	0.01081	0.00582	0.00386	0.01153
18	0.01168	0.00841	0.01150	0.01310	0.01467	0.00824	0.01093	0.01476	0.01745	0.02279	0.07134	0.20545	0.07911	0.02162	0.01041	0.00339	0.00632	0.45463	0.00722	0.00696
19	0.01540	0.03860	0.65466	0.02172	0.03271	0.01757	0.02787	0.02414	0.01644	0.02449	0.01523	0.01981	0.01151	0.00805	0.00753	0.00251	0.01125	0.03581	0.00346	0.01125
20	0.02236	0.01665	0.01948	0.10344	0.02476	0.01722	0.01312	0.25473	0.10208	0.07900	0.01941	0.02049	0.01438	0.00831	0.00712	0.00206	0.00735	0.00661	0.04512	0.21632
21	0.01430	0.01251	0.01710	0.03567	0.01661	0.01622	0.01214	0.01590	0.01210	0.01804	0.01647	0.02883	0.01692	0.21158	0.13837	0.00590	0.36033	0.00826	0.03559	0.00716
22	0.00943	0.00681	0.00893	0.01063	0.01120	0.00631	0.00713	0.01081	0.01500	0.01986	0.04470	0.68682	0.08564	0.02404	0.00986	0.00312	0.00447	0.02173	0.00720	0.00631
23	0.01983	0.01976	0.03106	0.10454	0.36213	0.08047	0.13022	0.02426	0.01757	0.04715	0.01463	0.01921	0.01184	0.00774	0.00953	0.00246	0.07549	0.00714	0.00399	0.01098
24	0.09300	0.02109	0.02604	0.07787	0.34913	0.11507	0.01911	0.15388	0.02157	0.02978	0.01464	0.01782	0.01166	0.00764	0.00733	0.00229	0.00952	0.00640	0.00473	0.01140
25	0.05434	0.05366	0.38625	0.02413	0.08693	0.01967	0.09043	0.05543	0.01693	0.02539	0.01365	0.01698	0.01040	0.00813	0.00981	0.00255	0.10442	0.00627	0.00371	0.01092
26	0.01085	0.00716	0.00959	0.01109	0.01187	0.00666	0.00763	0.01238	0.01534	0.05358	0.04205	0.66138	0.04939	0.02343	0.00982	0.00313	0.00471	0.04593	0.00732	0.00668
27	0.01975	0.01965	0.04007	0.03068	0.07818	0.01918	0.48798	0.02535	0.01798	0.08531	0.01645	0.02092	0.01233	0.00754	0.01055	0.00265	0.08178	0.00864	0.00439	0.01063
28	0.00985	0.00773	0.00894	0.00915	0.01114	0.00682	0.00678	0.01225	0.01838	0.02365	0.23603	0.18091	0.37655	0.01946	0.00935	0.00270	0.00408	0.04193	0.00757	0.00674
29	0.02300	0.01805	0.04319	0.01545	0.02046	0.01873	0.01287	0.39366	0.09374	0.04135	0.17320	0.02917	0.02838	0.01087	0.00798	0.00237	0.00705	0.00877	0.04030	0.01141
30	0.00958	0.00705	0.00898	0.01022	0.01116	0.00645	0.00701	0.01128	0.01609	0.02126	0.12020	0.54642	0.15064	0.02261	0.00970	0.00299	0.00431	0.02025	0.00735	0.00645
31	0.01582	0.01042	0.01139	0.01039	0.01174	0.03148	0.00682	0.07830	0.01517	0.08059	0.02390	0.04340	0.02497	0.54276	0.05593	0.00653	0.00821	0.01022	0.00541	0.00654
32	0.02896	0.03695	0.02197	0.01998	0.02397	0.69638	0.01498	0.03096	0.02197	0.01898	0.01199	0.01398	0.00999	0.00799	0.00699	0.00200	0.01398	0.00499	0.00400	0.00899
33	0.02047	0.67800	0.06451	0.01496	0.04649	0.02972	0.01426	0.02329	0.01585	0.01876	0.01105	0.01285	0.01004	0.00667	0.00517	0.00171	0.00845	0.00431	0.00334	0.01010
34	0.70143	0.01481	0.01167	0.01035	0.01503	0.01706	0.00850	0.05053	0.01442	0.03505	0.01204	0.01387	0.00932	0.00740	0.00497	0.00236	0.00596	0.00451	0.05217	0.00854

[dist]
# distance from previous block
# <min> <max>
0	1

[block]
# block no. 3 follows, 25 sequences, length 153
# corresponding to MSA columns:
# 277-429
name=unknown_D
#
# <colnr> <probs for GDERKNQSTAVLIFYWHMCP>
#	G	D	E	R	K	N	Q	S	T	A	V	L	I	F	Y	W	H	M	C	P
0	0.05684	0.02393	0.15587	0.09938	0.19005	0.07393	0.02004	0.14023	0.08234	0.02922	0.01615	0.01879	0.01238	0.00825	0.00822	0.00242	0.03929	0.00658	0.00482	0.01128
1	0.72836	0.01491	0.01223	0.05927	0.01769	0.01738	0.00932	0.02258	0.01336	0.03374	0.01101	0.01316	0.00853	0.00724	0.00501	0.00241	0.00630	0.00439	0.00470	0.00841
