[name]
unknown

[dist]
# distance from previous block
# <min> <max>
0	60

[block]
# block no. 0 follows, 24 sequences, length 21
# corresponding to MSA columns:
# 64-84
name=unknown_A
#
# <colnr> <probs for GDERKNQSTAVLIFYWHMCP>
#	G	D	E	R	K	N	Q	S	T	A	V	L	I	F	Y	W	H	M	C	P
0	0.01278	0.00913	0.01278	0.01460	0.01643	0.00913	0.01278	0.01643	0.01825	0.02373	0.04199	0.08945	0.04564	0.02191	0.01095	0.00365	0.00730	0.61847	0.00730	0.00730
1	0.01244	0.01134	0.02073	0.01790	0.02068	0.01061	0.20227	0.01544	0.01627	0.02182	0.03522	0.50312	0.04006	0.01928	0.00989	0.00305	0.00729	0.01850	0.00633	0.00775
2	0.01208	0.01008	0.01483	0.08360	0.01850	0.01119	0.04006	0.01411	0.01484	0.02024	0.05448	0.41495	0.03816	0.08753	0.01527	0.00358	0.11684	0.01653	0.00600	0.00711
3	0.00979	0.00698	0.00925	0.01092	0.01143	0.00653	0.00729	0.01124	0.01541	0.02063	0.07250	0.66423	0.05276	0.04643	0.01104	0.00333	0.00466	0.02181	0.00734	0.00644
4	0.01566	0.01500	0.02597	0.59714	0.11657	0.01788	0.05820	0.02097	0.01625	0.02113	0.01429	0.02100	0.01086	0.00777	0.00800	0.00262	0.01062	0.00718	0.00359	0.00930
5	0.01635	0.01542	0.02323	0.30524	0.03519	0.01902	0.04422	0.02116	0.04968	0.02170	0.01436	0.02016	0.01182	0.00992	0.01392	0.00275	0.24909	0.00699	0.03348	0.08631
6	0.01618	0.00893	0.00921	0.00862	0.01092	0.00914	0.00660	0.08201	0.01900	0.03174	0.05539	0.02989	0.02220	0.00960	0.00597	0.00193	0.00421	0.00769	0.65275	0.00801
7	0.04991	0.01727	0.02820	0.09546	0.07955	0.01958	0.17520	0.05722	0.01671	0.02458	0.01567	0.05860	0.01387	0.01043	0.01395	0.00280	0.23522	0.00825	0.02880	0.04873
8	0.21521	0.01708	0.01932	0.16876	0.02769	0.01930	0.01416	0.26668	0.02434	0.07232	0.04588	0.02051	0.01489	0.00892	0.00716	0.00245	0.00800	0.00677	0.02982	0.01074
9	0.00986	0.00701	0.00921	0.01082	0.01129	0.00658	0.00717	0.01122	0.01516	0.02028	0.06463	0.64055	0.05140	0.07908	0.01246	0.00354	0.00481	0.02139	0.00721	0.00635
10	0.02294	0.01632	0.01875	0.01713	0.05273	0.01778	0.01284	0.09979	0.39961	0.14936	0.07965	0.02988	0.02568	0.01071	0.00813	0.00258	0.00657	0.00893	0.00821	0.01242
11	0.05872	0.01534	0.02514	0.47046	0.04479	0.01841	0.08312	0.02078	0.01555	0.02177	0.01363	0.01996	0.01064	0.00846	0.01020	0.00267	0.10275	0.00700	0.00370	0.04690
12	0.01372	0.00858	0.01073	0.01069	0.01229	0.00822	0.00753	0.01693	0.05223	0.08631	0.20723	0.27769	0.04786	0.14345	0.01472	0.00364	0.00516	0.01537	0.05015	0.00749
13	0.42871	0.01361	0.01252	0.01135	0.01533	0.01501	0.00896	0.09172	0.01733	0.06984	0.02084	0.15204	0.01939	0.01131	0.00649	0.00254	0.00593	0.00865	0.07954	0.00889
14	0.01470	0.01108	0.01375	0.05420	0.01747	0.00996	0.00929	0.05250	0.01680	0.04729	0.02752	0.28785	0.02950	0.09453	0.01172	0.00290	0.00608	0.01268	0.00603	0.27415
15	0.01231	0.00959	0.01132	0.01078	0.01347	0.00848	0.00783	0.04897	0.01763	0.02387	0.08325	0.32805	0.17534	0.04557	0.01009	0.00276	0.00503	0.01582	0.00684	0.16298
16	0.10647	0.02250	0.02256	0.14229	0.07183	0.19836	0.04974	0.14050	0.03620	0.02827	0.01982	0.02230	0.06285	0.00932	0.00820	0.00243	0.03408	0.00717	0.00510	0.01003
17	0.02265	0.01623	0.01773	0.01500	0.01977	0.01762	0.01186	0.16027	0.33831	0.11567	0.03058	0.02973	0.05306	0.03497	0.00898	0.00267	0.00661	0.00870	0.05068	0.03890
18	0.01780	0.01890	0.03274	0.04685	0.03095	0.05207	0.31380	0.02229	0.01657	0.02297	0.01559	0.04537	0.01341	0.01205	0.05197	0.00324	0.16968	0.00839	0.00409	0.10126
19	0.01791	0.01566	0.02379	0.56992	0.04881	0.01897	0.02068	0.14121	0.02000	0.02601	0.01505	0.02073	0.01113	0.00824	0.00793	0.00259	0.01021	0.00707	0.00438	0.00971
20	0.01962	0.01575	0.02044	0.05609	0.02205	0.06230	0.06224	0.08454	0.01847	0.10683	0.04219	0.14117	0.02257	0.04607	0.05730	0.00364	0.16637	0.01025	0.00579	0.03632

[dist]
# distance from previous block
# <min> <max>
25	39

[block]
# block no. 1 follows, 24 sequences, length 25
# corresponding to MSA columns:
# 127-151
name=unknown_B
#
# <colnr> <probs for GDERKNQSTAVLIFYWHMCP>
#	G	D	E	R	K	N	Q	S	T	A	V	L	I	F	Y	W	H	M	C	P
0	0.30144	0.01615	0.01633	0.03939	0.01969	0.01760	0.01115	0.19745	0.05809	0.07943	0.06712	0.02138	0.01749	0.00900	0.00668	0.00234	0.00675	0.00664	0.04373	0.06214
1	0.02010	0.01352	0.01750	0.05444	0.02058	0.01252	0.03883	0.08550	0.04368	0.14844	0.05357	0.08043	0.02229	0.10704	0.01204	0.00286	0.00700	0.00884	0.00642	0.24439
2	0.07543	0.02264	0.02209	0.16397	0.08961	0.19613	0.01626	0.20132	0.02380	0.03080	0.01583	0.01871	0.01214	0.00843	0.00732	0.00231	0.01007	0.00640	0.06629	0.01046
3	0.01313	0.00702	0.00998	0.01010	0.01013	0.00699	0.00657	0.01058	0.01085	0.01446	0.01759	0.07382	0.01880	0.14295	0.03119	0.59250	0.00687	0.00868	0.00393	0.00387
4	0.01666	0.01562	0.02527	0.41489	0.23819	0.01783	0.02130	0.02330	0.07768	0.02325	0.01824	0.02329	0.03401	0.00833	0.00797	0.00256	0.00960	0.00755	0.00420	0.01024
5	0.01591	0.01544	0.02196	0.06208	0.02205	0.03956	0.05232	0.01825	0.01335	0.01934	0.01563	0.06707	0.01562	0.05284	0.13167	0.00502	0.41118	0.00851	0.00396	0.00824
6	0.17254	0.01123	0.01283	0.01132	0.01521	0.01069	0.00887	0.02361	0.01877	0.25418	0.10488	0.14703	0.14912	0.01431	0.00811	0.00262	0.00546	0.01186	0.00787	0.00949
7	0.01002	0.00719	0.00934	0.01059	0.01134	0.00670	0.00716	0.01171	0.01621	0.02180	0.14278	0.54251	0.07984	0.06865	0.01194	0.00337	0.00464	0.02029	0.00741	0.00651
8	0.03270	0.01372	0.01804	0.01419	0.01996	0.01247	0.01160	0.03815	0.09994	0.57373	0.05627	0.02857	0.02234	0.01018	0.00804	0.00248	0.00657	0.00834	0.00956	0.01315
9	0.77733	0.01534	0.01166	0.01043	0.01534	0.01779	0.00859	0.02331	0.01350	0.03558	0.01104	0.01288	0.00859	0.00736	0.00491	0.00245	0.00613	0.00429	0.00491	0.00859
10	0.00974	0.00705	0.00921	0.01077	0.01147	0.00652	0.00728	0.01131	0.01584	0.02105	0.08560	0.63113	0.09578	0.02397	0.01002	0.00314	0.00451	0.02163	0.00745	0.00652
11	0.01017	0.00728	0.00971	0.01106	0.01189	0.00682	0.00774	0.01216	0.01681	0.02274	0.16623	0.54620	0.05640	0.02296	0.01002	0.00311	0.00461	0.05975	0.00763	0.00670
12	0.03341	0.01398	0.01834	0.01439	0.02029	0.01276	0.01178	0.03912	0.10964	0.58912	0.03142	0.02735	0.02026	0.00994	0.00799	0.00249	0.00668	0.00811	0.00958	0.01337
13	0.77733	0.01534	0.01166	0.01043	0.01534	0.01779	0.00859	0.02331	0.01350	0.03558	0.01104	0.01288	0.00859	0.00736	0.00491	0.00245	0.00613	0.00429	0.00491	0.00859
14	0.07360	0.01682	0.01789	0.01564	0.02044	0.01897	0.01232	0.07442	0.50849	0.10563	0.02998	0.02757	0.02203	0.01035	0.00784	0.00263	0.00646	0.00844	0.00804	0.01244
15	0.77733	0.01534	0.01166	0.01043	0.01534	0.01779	0.00859	0.02331	0.01350	0.03558	0.01104	0.01288	0.00859	0.00736	0.00491	0.00245	0.00613	0.00429	0.00491	0.00859
16	0.03455	0.01327	0.01807	0.01393	0.01989	0.01148	0.01148	0.03765	0.02269	0.65016	0.05808	0.02835	0.02195	0.01008	0.00803	0.00246	0.00662	0.00824	0.00977	0.01324
17	0.01122	0.00811	0.01060	0.00998	0.01185	0.00748	0.00748	0.01496	0.02245	0.03180	0.66766	0.05923	0.07482	0.01621	0.00935	0.00249	0.00374	0.01434	0.00873	0.00748
18	0.00964	0.00699	0.00911	0.01080	0.01144	0.00646	0.00725	0.01107	0.01541	0.02034	0.04665	0.66471	0.10197	0.02446	0.01006	0.00318	0.00455	0.02208	0.00736	0.00646
19	0.03106	0.01375	0.01781	0.01409	0.01961	0.01273	0.01148	0.07057	0.08629	0.50834	0.09967	0.03029	0.02572	0.01058	0.00813	0.00248	0.00649	0.00872	0.00942	0.01275
20	0.01134	0.00843	0.01242	0.01242	0.01372	0.00973	0.00950	0.01395	0.01265	0.01816	0.02154	0.03282	0.02055	0.11267	0.63768	0.01234	0.02015	0.00874	0.00429	0.00690
21	0.58263	0.01646	0.01487	0.01358	0.04654	0.01853	0.01049	0.12137	0.01796	0.07551	0.01367	0.01498	0.01019	0.00783	0.00569	0.00244	0.00672	0.00508	0.00563	0.00982
22	0.01020	0.00765	0.01102	0.01202	0.01283	0.00717	0.03838	0.01177	0.01518	0.02026	0.04144	0.64974	0.04932	0.05789	0.01156	0.00341	0.00518	0.02136	0.00707	0.00657
23	0.01684	0.01702	0.02336	0.02007	0.02110	0.06031	0.06579	0.01901	0.01372	0.01972	0.01595	0.10993	0.01657	0.01697	0.05884	0.00381	0.47924	0.00916	0.00410	0.00849
24	0.01759	0.01967	0.07332	0.13739	0.03207	0.04468	0.16563	0.03876	0.01573	0.02201	0.01360	0.01970	0.01147	0.01331	0.05855	0.00358	0.29222	0.00749	0.00379	0.00943

[dist]
# distance from previous block
# <min> <max>
5	23

[block]
# block no. 2 follows, 24 sequences, length 91
# corresponding to MSA columns:
# 175-265
name=unknown_C
#
# <colnr> <probs for GDERKNQSTAVLIFYWHMCP>
#	G	D	E	R	K	N	Q	S	T	A	V	L	I	F	Y	W	H	M	C	P
0	0.05594	0.01750	0.02782	0.11292	0.29043	0.01816	0.09600	0.06952	0.04852	0.02781	0.05423	0.02210	0.01619	0.00823	0.00863	0.00241	0.03915	0.00754	0.00475	0.07216
1	0.04643	0.01749	0.02075	0.09565	0.02572	0.01927	0.04280	0.21653	0.24917	0.05925	0.02739	0.02722	0.06401	0.01019	0.00796	0.00251	0.00767	0.00840	0.00708	0.04452
2	0.02832	0.02208	0.02275	0.01764	0.02385	0.06111	0.01442	0.52276	0.06119	0.04513	0.01874	0.01897	0.01359	0.00914	0.00769	0.00226	0.00866	0.00686	0.00740	0.08746
3	0.02628	0.01876	0.02210	0.04383	0.02434	0.01944	0.03791	0.37553	0.05176	0.11367	0.02052	0.04254	0.01535	0.00928	0.00771	0.00224	0.00803	0.00745	0.00724	0.14602
4	0.01060	0.00775	0.00999	0.01105	0.01216	0.00706	0.00757	0.01216	0.01512	0.02050	0.03919	0.56482	0.04624	0.08367	0.01239	0.00343	0.00511	0.04564	0.00688	0.07867
5	0.01644	0.01409	0.01644	0.01175	0.01879	0.01057	0.00940	0.01997	0.01644	0.02584	0.01409	0.01644	0.01175	0.00587	0.00587	0.00117	0.00587	0.00470	0.00470	0.76979
6	0.01073	0.00848	0.00971	0.00933	0.01171	0.00767	0.00702	0.01451	0.04976	0.02691	0.35776	0.06602	0.35605	0.01781	0.00930	0.00259	0.00399	0.01524	0.00805	0.00734
7	0.01126	0.00803	0.01016	0.01016	0.01095	0.00845	0.00687	0.01252	0.01259	0.01708	0.02857	0.04617	0.08337	0.40444	0.28615	0.00917	0.01254	0.01084	0.00482	0.00585
8	0.02648	0.02039	0.02173	0.01750	0.02319	0.02288	0.01419	0.43325	0.25540	0.04407	0.02369	0.02275	0.01726	0.00996	0.00798	0.00249	0.00786	0.00778	0.00798	0.01316
9	0.01850	0.02086	0.04184	0.03060	0.03739	0.04593	0.53163	0.02430	0.01814	0.02436	0.01709	0.06189	0.01422	0.00838	0.01062	0.00274	0.06731	0.00978	0.00417	0.01023
10	0.01739	0.25765	0.44792	0.01918	0.02890	0.02207	0.02335	0.02424	0.01679	0.02335	0.04153	0.01730	0.01289	0.00767	0.00683	0.00225	0.01034	0.00571	0.00360	0.01104
11	0.01633	0.09584	0.62912	0.02188	0.03320	0.01945	0.02804	0.02500	0.01669	0.02460	0.01397	0.01642	0.01006	0.00747	0.00734	0.00245	0.01146	0.00573	0.00335	0.01160
12	0.01114	0.00810	0.01048	0.00989	0.01180	0.00745	0.00742	0.01480	0.02225	0.03133	0.64136	0.06000	0.10142	0.01638	0.00935	0.00250	0.00375	0.01445	0.00867	0.00745
13	0.02271	0.01774	0.01851	0.01596	0.02079	0.04281	0.01259	0.13632	0.43656	0.09795	0.03210	0.02977	0.05847	0.01091	0.00808	0.00259	0.00687	0.00888	0.00804	0.01234
14	0.04749	0.01834	0.02982	0.10184	0.54413	0.01894	0.02274	0.04678	0.04458	0.02693	0.01556	0.01990	0.01275	0.00739	0.00776	0.00240	0.00925	0.00704	0.00424	0.01212
15	0.01735	0.01735	0.02429	0.02082	0.02082	0.02429	0.01735	0.01908	0.01214	0.01908	0.01041	0.01735	0.01041	0.01388	0.02602	0.00347	0.70680	0.00694	0.00347	0.00867
16	0.01657	0.01445	0.02246	0.50673	0.07414	0.01751	0.01956	0.07313	0.01767	0.02397	0.01562	0.02160	0.01194	0.00846	0.00856	0.00256	0.04395	0.00709	0.08482	0.00922
17	0.02936	0.02182	0.02336	0.01809	0.02429	0.02422	0.01488	0.59986	0.08411	0.04871	0.02004	0.01983	0.01430	0.00961	0.00794	0.00240	0.00854	0.00728	0.00794	0.01342
18	0.01081	0.00782	0.01000	0.01117	0.01215	0.00744	0.00769	0.04269	0.01708	0.02285	0.10303	0.59206	0.07927	0.02307	0.00991	0.00309	0.00470	0.02076	0.00752	0.00690
19	0.02051	0.16446	0.34035	0.02281	0.08627	0.05162	0.06360	0.04899	0.01847	0.08865	0.01556	0.01752	0.01150	0.00762	0.00726	0.00232	0.01053	0.00611	0.00429	0.01155
20	0.02037	0.38120	0.17701	0.02104	0.09413	0.08511	0.04559	0.02469	0.01697	0.02121	0.01244	0.01503	0.01050	0.00739	0.00714	0.00209	0.03863	0.00530	0.00353	0.01064
21	0.77733	0.01534	0.01166	0.01043	0.01534	0.01779	0.00859	0.02331	0.01350	0.03558	0.01104	0.01288	0.00859	0.00736	0.00491	0.00245	0.00613	0.00429	0.00491	0.00859
22	0.01102	0.00810	0.01031	0.00976	0.01172	0.00739	0.00732	0.01456	0.02195	0.03063	0.60159	0.06116	0.14162	0.01665	0.00935	0.00251	0.00377	0.01461	0.00858	0.00739
23	0.01377	0.00689	0.01033	0.01033	0.01033	0.00689	0.00689	0.01033	0.01033	0.01377	0.01377	0.02410	0.01377	0.02755	0.03099	0.76928	0.00689	0.00689	0.00344	0.00344
24	0.01122	0.00811	0.01060	0.00998	0.01185	0.00748	0.00748	0.01496	0.02245	0.03180	0.66766	0.05923	0.07482	0.01621	0.00935	0.00249	0.00374	0.01434	0.00873	0.00748
25	0.01972	0.01703	0.01793	0.01614	0.02062	0.01972	0.01255	0.04214	0.65752	0.03317	0.03228	0.02959	0.02421	0.01076	0.00807	0.00269	0.00628	0.00897	0.00807	0.01255
26	0.01134	0.00843	0.01242	0.01242	0.01373	0.00974	0.00951	0.01395	0.01265	0.01817	0.02153	0.03278	0.02053	0.11143	0.63890	0.01235	0.02018	0.00873	0.00429	0.00690
27	0.01924	0.01845	0.03149	0.10270	0.62082	0.01874	0.02415	0.02400	0.01787	0.02544	0.01485	0.01975	0.01240	0.00714	0.00786	0.00238	0.00952	0.00706	0.00389	0.01225
28	0.77733	0.01534	0.01166	0.01043	0.01534	0.01779	0.00859	0.02331	0.01350	0.03558	0.01104	0.01288	0.00859	0.00736	0.00491	0.00245	0.00613	0.00429	0.00491	0.00859
29	0.60928	0.05851	0.01543	0.01190	0.01716	0.01972	0.00995	0.12601	0.01758	0.03695	0.01236	0.01389	0.00949	0.00768	0.00542	0.00240	0.00670	0.00476	0.00532	0.00949
30	0.01122	0.00811	0.01060	0.00998	0.01185	0.00748	0.00748	0.01496	0.02245	0.03180	0.66766	0.05923	0.07482	0.01621	0.00935	0.00249	0.00374	0.01434	0.00873	0.00748
31	0.01133	0.00850	0.01274	0.01274	0.01416	0.00991	0.00991	0.01416	0.01274	0.01841	0.02124	0.03115	0.01982	0.05947	0.68989	0.01274	0.02124	0.00850	0.00425	0.00708
32	0.02120	0.72609	0.04155	0.01357	0.02035	0.03138	0.01357	0.02374	0.01611	0.01866	0.01102	0.01272	0.01018	0.00678	0.00509	0.00170	0.00848	0.00424	0.00339	0.01018
33	0.00944	0.00804	0.00813	0.00811	0.01076	0.00673	0.00608	0.01152	0.01825	0.02183	0.10345	0.07564	0.64526	0.01993	0.00937	0.00267	0.00401	0.01664	0.00742	0.00673
34	0.01972	0.01703	0.01793	0.01614	0.02062	0.01972	0.01255	0.04214	0.65752	0.03317	0.03228	0.02959	0.02421	0.01076	0.00807	0.00269	0.00628	0.00897	0.00807	0.01255
35	0.01677	0.10780	0.55853	0.02248	0.05876	0.01980	0.02674	0.02573	0.04637	0.02487	0.01477	0.01705	0.01082	0.00759	0.00733	0.00243	0.01105	0.00589	0.00360	0.01164
36	0.01153	0.00769	0.00865	0.00865	0.00865	0.00769	0.00480	0.01153	0.01153	0.01538	0.02499	0.05189	0.02883	0.72131	0.04036	0.00769	0.00769	0.01153	0.00480	0.00480
37	0.01114	0.00810	0.01048	0.00989	0.01179	0.00745	0.00741	0.01480	0.02224	0.03132	0.64050	0.06002	0.10229	0.01639	0.00935	0.00250	0.00375	0.01445	0.00867	0.00745
38	0.03227	0.01693	0.01986	0.01529	0.02147	0.04439	0.01254	0.19886	0.02606	0.42686	0.02575	0.02344	0.01692	0.00934	0.00775	0.00231	0.00753	0.00735	0.00864	0.07644
39	0.01375	0.00985	0.01405	0.01680	0.07243	0.00966	0.01282	0.01715	0.01810	0.04873	0.04160	0.14177	0.07814	0.02034	0.01040	0.00339	0.00701	0.44899	0.00712	0.00788
40	0.01735	0.01735	0.02429	0.02082	0.02082	0.02429	0.01735	0.01908	0.01214	0.01908	0.01041	0.01735	0.01041	0.01388	0.02602	0.00347	0.70680	0.00694	0.00347	0.00867
41	0.01644	0.01409	0.01644	0.01175	0.01879	0.01057	0.00940	0.01997	0.01644	0.02584	0.01409	0.01644	0.01175	0.00587	0.00587	0.00117	0.00587	0.00470	0.00470	0.76979
42	0.77733	0.01534	0.01166	0.01043	0.01534	0.01779	0.00859	0.02331	0.01350	0.03558	0.01104	0.01288	0.00859	0.00736	0.00491	0.00245	0.00613	0.00429	0.00491	0.00859
43	0.77733	0.01534	0.01166	0.01043	0.01534	0.01779	0.00859	0.02331	0.01350	0.03558	0.01104	0.01288	0.00859	0.00736	0.00491	0.00245	0.00613	0.00429	0.00491	0.00859
44	0.02188	0.48010	0.14689	0.01640	0.02352	0.15266	0.01658	0.02546	0.01741	0.01990	0.01180	0.01370	0.01016	0.00717	0.00589	0.00190	0.01012	0.00468	0.00351	0.01025
45	0.01963	0.01884	0.03219	0.04867	0.67185	0.01884	0.02434	0.02434	0.01806	0.02591	0.01492	0.01963	0.01256	0.00707	0.00785	0.00236	0.00942	0.00707	0.00393	0.01256
46	0.00937	0.00803	0.00803	0.00803	0.01071	0.00669	0.00602	0.01138	0.01807	0.02142	0.08033	0.07632	0.66863	0.02008	0.00937	0.00268	0.00402	0.01674	0.00736	0.00669
47	0.01021	0.00729	0.00983	0.01167	0.01237	0.00692	0.00832	0.01199	0.01573	0.02086	0.04340	0.60532	0.05124	0.02432	0.01027	0.00330	0.00508	0.12792	0.00735	0.00659
48	0.00982	0.00701	0.00938	0.01122	0.01175	0.00657	0.00763	0.01131	0.01533	0.02042	0.04362	0.68502	0.05211	0.02470	0.01016	0.00324	0.00473	0.05214	0.00736	0.00648
49	0.03558	0.01350	0.01840	0.01411	0.02024	0.01166	0.01166	0.03865	0.02270	0.67734	0.03128	0.02699	0.01963	0.00981	0.00797	0.00245	0.00675	0.00797	0.00981	0.01350
50	0.03558	0.01350	0.01840	0.01411	0.02024	0.01166	0.01166	0.03865	0.02270	0.67734	0.03128	0.02699	0.01963	0.00981	0.00797	0.00245	0.00675	0.00797	0.00981	0.01350
51	0.77733	0.01534	0.01166	0.01043	0.01534	0.01779	0.00859	0.02331	0.01350	0.03558	0.01104	0.01288	0.00859	0.00736	0.00491	0.00245	0.00613	0.00429	0.00491	0.00859
52	0.70224	0.01548	0.01334	0.04135	0.05459	0.01784	0.01005	0.02324	0.01385	0.03439	0.01139	0.01361	0.00890	0.00737	0.00520	0.00246	0.00651	0.00457	0.00479	0.00882
53	0.03558	0.01350	0.01840	0.01411	0.02024	0.01166	0.01166	0.03865	0.02270	0.67734	0.03128	0.02699	0.01963	0.00981	0.00797	0.00245	0.00675	0.00797	0.00981	0.01350
54	0.00969	0.00705	0.00915	0.01072	0.01144	0.00650	0.00724	0.01122	0.01572	0.02079	0.07053	0.63198	0.11059	0.02408	0.01002	0.00314	0.00451	0.02170	0.00741	0.00650
55	0.01590	0.04102	0.68023	0.02260	0.03432	0.01842	0.02930	0.02511	0.01674	0.02511	0.01423	0.01674	0.01005	0.00753	0.00753	0.00251	0.01172	0.00586	0.00335	0.01172
56	0.01644	0.01409	0.01644	0.01175	0.01879	0.01057	0.00940	0.01997	0.01644	0.02584	0.01409	0.01644	0.01175	0.00587	0.00587	0.00117	0.00587	0.00470	0.00470	0.76979
57	0.01152	0.00774	0.00889	0.00889	0.00897	0.00782	0.00511	0.01169	0.01160	0.01556	0.02476	0.05067	0.02830	0.68217	0.07878	0.00799	0.00849	0.01135	0.00477	0.00494
58	0.01377	0.00689	0.01033	0.01033	0.01033	0.00689	0.00689	0.01033	0.01033	0.01377	0.01377	0.02410	0.01377	0.02755	0.03099	0.76928	0.00689	0.00689	0.00344	0.00344
59	0.03486	0.01465	0.01912	0.01466	0.02082	0.01337	0.01211	0.11918	0.02463	0.59407	0.02966	0.02594	0.01881	0.00978	0.00797	0.00244	0.00701	0.00786	0.00956	0.01349
60	0.00980	0.00700	0.00936	0.01120	0.01172	0.00656	0.00760	0.01128	0.01532	0.02039	0.04363	0.68898	0.05215	0.02472	0.01016	0.00324	0.00472	0.04837	0.00736	0.00648
61	0.01133	0.00850	0.01274	0.01274	0.01416	0.00991	0.00991	0.01416	0.01274	0.01841	0.02124	0.03115	0.01982	0.05947	0.68989	0.01274	0.02124	0.00850	0.00425	0.00708
62	0.03558	0.01350	0.01840	0.01411	0.02024	0.01166	0.01166	0.03865	0.02270	0.67734	0.03128	0.02699	0.01963	0.00981	0.00797	0.00245	0.00675	0.00797	0.00981	0.01350
63	0.01114	0.00810	0.01049	0.00989	0.01180	0.00745	0.00742	0.01481	0.02226	0.03135	0.64233	0.05997	0.10043	0.01638	0.00935	0.00250	0.00375	0.01444	0.00867	0.00745
64	0.01735	0.01735	0.02429	0.02082	0.02082	0.02429	0.01735	0.01908	0.01214	0.01908	0.01041	0.01735	0.01041	0.01388	0.02602	0.00347	0.70680	0.00694	0.00347	0.00867
65	0.16854	0.13452	0.02398	0.01901	0.06046	0.37114	0.01430	0.07781	0.02076	0.02518	0.01255	0.01449	0.01030	0.00785	0.00652	0.00211	0.01115	0.00510	0.00444	0.00977
66	0.01842	0.02346	0.11359	0.03228	0.04069	0.01988	0.57833	0.02537	0.01851	0.02537	0.01585	0.02090	0.01182	0.00677	0.00917	0.00266	0.01320	0.00899	0.00394	0.01080
67	0.05398	0.12544	0.53670	0.02207	0.06114	0.02005	0.02607	0.02482	0.01656	0.02484	0.01370	0.01618	0.01011	0.00741	0.00711	0.00240	0.01093	0.00563	0.00346	0.01141
68	0.01708	0.01695	0.02377	0.02046	0.02052	0.02364	0.01702	0.01886	0.01217	0.01905	0.01089	0.01797	0.01083	0.01592	0.05576	0.00389	0.67609	0.00701	0.00350	0.00860
69	0.01112	0.00810	0.01045	0.00986	0.01178	0.00744	0.00740	0.01476	0.02220	0.03120	0.63400	0.06021	0.10885	0.01643	0.00935	0.00250	0.00376	0.01448	0.00865	0.00744
70	0.00966	0.00690	0.00920	0.01104	0.01150	0.00644	0.00736	0.01104	0.01518	0.02024	0.04371	0.71614	0.05245	0.02484	0.01012	0.00322	0.00460	0.02254	0.00736	0.00644
71	0.01662	0.13326	0.59423	0.02139	0.03244	0.02016	0.02718	0.02493	0.01666	0.02424	0.01380	0.01620	0.01006	0.00743	0.00720	0.00240	0.01128	0.00564	0.00335	0.01151
72	0.00981	0.00817	0.00865	0.00888	0.01145	0.00701	0.00690	0.01203	0.01810	0.02172	0.07539	0.07801	0.58829	0.02032	0.00958	0.00280	0.00444	0.09433	0.00736	0.00677
73	0.00966	0.00690	0.00920	0.01104	0.01150	0.00644	0.00736	0.01104	0.01518	0.02024	0.04371	0.71614	0.05245	0.02484	0.01012	0.00322	0.00460	0.02254	0.00736	0.00644
74	0.03014	0.02221	0.02380	0.01825	0.02459	0.02459	0.01507	0.64541	0.03728	0.04998	0.01904	0.01904	0.01349	0.00952	0.00793	0.00238	0.00873	0.00714	0.00793	0.01349
75	0.05419	0.03646	0.54116	0.02381	0.03457	0.01866	0.13085	0.02507	0.01691	0.02568	0.01438	0.01733	0.01030	0.00738	0.00771	0.00254	0.01172	0.00637	0.00354	0.01139
76	0.01133	0.00850	0.01274	0.01274	0.01416	0.00991	0.00991	0.01416	0.01274	0.01841	0.02124	0.03115	0.01982	0.05947	0.68989	0.01274	0.02124	0.00850	0.00425	0.00708
77	0.01963	0.01884	0.03219	0.04867	0.67185	0.01884	0.02434	0.02434	0.01806	0.02591	0.01492	0.01963	0.01256	0.00707	0.00785	0.00236	0.00942	0.00707	0.00393	0.01256
78	0.01095	0.00809	0.01021	0.00968	0.01168	0.00736	0.00726	0.01443	0.02179	0.03024	0.57948	0.06180	0.16398	0.01679	0.00936	0.00252	0.00378	0.01470	0.00852	0.00736
79	0.77733	0.01534	0.01166	0.01043	0.01534	0.01779	0.00859	0.02331	0.01350	0.03558	0.01104	0.01288	0.00859	0.00736	0.00491	0.00245	0.00613	0.00429	0.00491	0.00859
80	0.01486	0.03439	0.54540	0.01995	0.02974	0.01617	0.02483	0.02287	0.01764	0.02586	0.11199	0.02627	0.05711	0.00950	0.00790	0.00252	0.01013	0.00770	0.00435	0.01082
81	0.00966	0.00690	0.00920	0.01104	0.01150	0.00644	0.00736	0.01104	0.01518	0.02024	0.04371	0.71614	0.05245	0.02484	0.01012	0.00322	0.00460	0.02254	0.00736	0.00644
82	0.02390	0.05455	0.02347	0.23000	0.03265	0.06091	0.01652	0.34089	0.02728	0.03598	0.01717	0.01982	0.01269	0.00879	0.00758	0.00237	0.00927	0.00686	0.05811	0.01120
83	0.02436	0.01533	0.09227	0.01380	0.01956	0.01112	0.01229	0.02803	0.01999	0.34811	0.08352	0.10988	0.04945	0.01164	0.00803	0.00237	0.00658	0.00981	0.00783	0.12604
84	0.01615	0.07274	0.65066	0.02218	0.03367	0.01902	0.02857	0.02505	0.01671	0.02481	0.01408	0.01656	0.01005	0.00750	0.00742	0.00247	0.01157	0.00578	0.00335	0.01165
85	0.02147	0.65095	0.07173	0.01429	0.02129	0.03034	0.01443	0.06058	0.01740	0.02083	0.01166	0.01329	0.01037	0.00698	0.00538	0.00178	0.00865	0.00449	0.00366	0.01045
86	0.01431	0.01335	0.02059	0.16616	0.02746	0.05093	0.13882	0.01805	0.01726	0.02290	0.07399	0.24281	0.06805	0.01434	0.00883	0.00272	0.00805	0.01331	0.06993	0.00814
87	0.01908	0.01945	0.06250	0.09834	0.55896	0.01877	0.02381	0.02492	0.04933	0.02577	0.01567	0.02010	0.01285	0.00734	0.00785	0.00240	0.00947	0.00710	0.00407	0.01222
88	0.01856	0.01774	0.03055	0.08347	0.54760	0.01786	0.05319	0.02320	0.01782	0.02519	0.01735	0.05673	0.01561	0.00853	0.00816	0.00248	0.00937	0.03067	0.00420	0.01175
89	0.01950	0.05686	0.08145	0.03088	0.03896	0.02011	0.54597	0.02595	0.01867	0.05693	0.01644	0.02097	0.01220	0.00689	0.00898	0.00261	0.01271	0.00884	0.00423	0.01087
90	0.01833	0.12975	0.17952	0.07568	0.03460	0.02112	0.27738	0.05442	0.01800	0.02453	0.01490	0.01924	0.01160	0.01006	0.04268	0.00301	0.04329	0.00739	0.00392	0.01057

[dist]
# distance from previous block
# <min> <max>
0	3

[block]
# block no. 3 follows, 24 sequences, length 66
# corresponding to MSA columns:
# 269-334
name=unknown_D
#
# <colnr> <probs for GDERKNQSTAVLIFYWHMCP>
#	G	D	E	R	K	N	Q	S	T	A	V	L	I	F	Y	W	H	M	C	P
0	0.02237	0.09664	0.13907	0.03091	0.28783	0.11824	0.02087	0.08890	0.04301	0.05529	0.01576	0.01828	0.01237	0.00777	0.00744	0.00229	0.01013	0.00641	0.00460	0.01182
1	0.02526	0.01853	0.02181	0.01678	0.02292	0.01906	0.04654	0.33448	0.10244	0.09831	0.04901	0.02237	0.01756	0.00911	0.00768	0.00220	0.00772	0.00738	0.00730	0.16355
2	0.02649	0.01886	0.02069	0.01673	0.02207	0.02063	0.01348	0.41709	0.14365	0.09649	0.02515	0.09876	0.02022	0.01146	0.00820	0.00253	0.00767	0.00924	0.00805	0.01254
3	0.02120	0.72609	0.04155	0.01357	0.02035	0.03138	0.01357	0.02374	0.01611	0.01866	0.01102	0.01272	0.01018	0.00678	0.00509	0.00170	0.00848	0.00424	0.00339	0.01018
4	0.01644	0.01409	0.01644	0.01175	0.01879	0.01057	0.00940	0.01997	0.01644	0.02584	0.01409	0.01644	0.01175	0.00587	0.00587	0.00117	0.00587	0.00470	0.00470	0.76979
5	0.01137	0.00834	0.01197	0.01197	0.01312	0.00949	0.00895	0.01366	0.01252	0.01784	0.02195	0.03507	0.02152	0.18444	0.56725	0.01179	0.01868	0.00907	0.00435	0.00665
6	0.03094	0.02093	0.02301	0.01764	0.02395	0.02269	0.01457	0.55644	0.03514	0.14197	0.02083	0.02020	0.01439	0.00956	0.00794	0.00239	0.00844	0.00726	0.00821	0.01349
7	0.07087	0.05505	0.02187	0.01804	0.05388	0.02188	0.01391	0.32812	0.22541	0.03971	0.02320	0.05409	0.01811	0.01023	0.00774	0.00248	0.00764	0.00810	0.00733	0.01235
8	0.02065	0.65442	0.10837	0.01451	0.02181	0.03002	0.01521	0.02389	0.01618	0.01933	0.01136	0.01314	0.01016	0.00686	0.00534	0.00178	0.00882	0.00441	0.00339	0.01034
9	0.01644	0.01409	0.01644	0.01175	0.01879	0.01057	0.00940	0.01997	0.01644	0.02584	0.01409	0.01644	0.01175	0.00587	0.00587	0.00117	0.00587	0.00470	0.00470	0.76979
10	0.01732	0.02921	0.38775	0.01983	0.05756	0.01592	0.02144	0.06165	0.01882	0.05228	0.08247	0.02173	0.01774	0.00829	0.00746	0.00223	0.00929	0.00672	0.00472	0.15757
11	0.01498	0.01409	0.02378	0.70226	0.05462	0.01762	0.02202	0.02026	0.01586	0.02026	0.01409	0.02114	0.01057	0.00793	0.00793	0.00264	0.01057	0.00705	0.00352	0.00881
12	0.01735	0.01735	0.02429	0.02082	0.02082	0.02429	0.01735	0.01908	0.01214	0.01908	0.01041	0.01735	0.01041	0.01388	0.02602	0.00347	0.70680	0.00694	0.00347	0.00867
13	0.01644	0.01409	0.01644	0.01175	0.01879	0.01057	0.00940	0.01997	0.01644	0.02584	0.01409	0.01644	0.01175	0.00587	0.00587	0.00117	0.00587	0.00470	0.00470	0.76979
14	0.02249	0.01063	0.01429	0.01209	0.01592	0.00948	0.00965	0.02592	0.02237	0.32822	0.34596	0.04582	0.04809	0.01354	0.00879	0.00253	0.00529	0.03953	0.00916	0.01024
15	0.00966	0.00690	0.00920	0.01104	0.01150	0.00644	0.00736	0.01104	0.01518	0.02024	0.04371	0.71614	0.05245	0.02484	0.01012	0.00322	0.00460	0.02254	0.00736	0.00644
16	0.01610	0.01620	0.02544	0.30469	0.03691	0.04477	0.11350	0.02019	0.01608	0.02134	0.04911	0.02634	0.06927	0.01071	0.01303	0.00284	0.19202	0.00845	0.00417	0.00884
17	0.01185	0.00872	0.01014	0.00958	0.01211	0.00788	0.00725	0.01566	0.05007	0.05517	0.34933	0.06406	0.33419	0.01740	0.00924	0.00258	0.00411	0.01488	0.00814	0.00763
18	0.02962	0.03779	0.02247	0.02043	0.02451	0.68948	0.01532	0.03166	0.02247	0.01941	0.01226	0.01430	0.01021	0.00817	0.00715	0.00204	0.01430	0.00511	0.00409	0.00919
19	0.02842	0.02404	0.02229	0.01799	0.02354	0.14926	0.01447	0.44649	0.09035	0.04176	0.01927	0.01957	0.01415	0.00937	0.00769	0.00232	0.00934	0.00693	0.04045	0.01232
20	0.01288	0.01078	0.01682	0.05082	0.07319	0.01086	0.07384	0.04361	0.01672	0.02257	0.03475	0.49712	0.03971	0.01961	0.01021	0.00303	0.03123	0.01790	0.00644	0.00790
21	0.01963	0.01884	0.03219	0.04867	0.67185	0.01884	0.02434	0.02434	0.01806	0.02591	0.01492	0.01963	0.01256	0.00707	0.00785	0.00236	0.00942	0.00707	0.00393	0.01256
22	0.01644	0.01409	0.01644	0.01175	0.01879	0.01057	0.00940	0.01997	0.01644	0.02584	0.01409	0.01644	0.01175	0.00587	0.00587	0.00117	0.00587	0.00470	0.00470	0.76979
23	0.01153	0.00769	0.00865	0.00865	0.00865	0.00769	0.00480	0.01153	0.01153	0.01538	0.02499	0.05189	0.02883	0.72131	0.04036	0.00769	0.00769	0.01153	0.00480	0.00480
24	0.02919	0.03690	0.02228	0.02024	0.02435	0.66051	0.01520	0.03212	0.04994	0.02000	0.01312	0.01496	0.01082	0.00828	0.00719	0.00207	0.01395	0.00527	0.00426	0.00934
25	0.14042	0.01376	0.01745	0.01359	0.01955	0.01252	0.01122	0.03648	0.02140	0.58664	0.02842	0.02500	0.01807	0.00947	0.00754	0.00245	0.00666	0.00745	0.00912	0.01280
26	0.01590	0.04102	0.68023	0.02260	0.03432	0.01842	0.02930	0.02511	0.01674	0.02511	0.01423	0.01674	0.01005	0.00753	0.00753	0.00251	0.01172	0.00586	0.00335	0.01172
27	0.01644	0.01409	0.01644	0.01175	0.01879	0.01057	0.00940	0.01997	0.01644	0.02584	0.01409	0.01644	0.01175	0.00587	0.00587	0.00117	0.00587	0.00470	0.00470	0.76979
28	0.01644	0.01409	0.01644	0.01175	0.01879	0.01057	0.00940	0.01997	0.01644	0.02584	0.01409	0.01644	0.01175	0.00587	0.00587	0.00117	0.00587	0.00470	0.00470	0.76979
29	0.01975	0.01457	0.01714	0.01259	0.01936	0.01187	0.01013	0.05522	0.04991	0.11093	0.01745	0.01858	0.01346	0.00680	0.00635	0.00147	0.00615	0.00545	0.00568	0.59711
30	0.02012	0.03519	0.52745	0.02089	0.03133	0.01765	0.02543	0.06550	0.01902	0.13747	0.01742	0.01862	0.01189	0.00804	0.00763	0.00249	0.01069	0.00630	0.00473	0.01213
31	0.00956	0.00776	0.00848	0.00890	0.01098	0.00668	0.00645	0.01152	0.01762	0.02176	0.10726	0.23499	0.47834	0.02103	0.00956	0.00280	0.00415	0.01804	0.00745	0.00668
32	0.00966	0.00690	0.00920	0.01104	0.01150	0.00644	0.00736	0.01104	0.01518	0.02024	0.04371	0.71614	0.05245	0.02484	0.01012	0.00322	0.00460	0.02254	0.00736	0.00644
33	0.02579	0.01934	0.02082	0.01704	0.02254	0.02161	0.01373	0.33649	0.31569	0.08094	0.02575	0.02428	0.01869	0.01010	0.00800	0.00252	0.00750	0.00801	0.00811	0.01307
34	0.02047	0.63176	0.12949	0.01481	0.02228	0.02959	0.01573	0.02393	0.01620	0.01955	0.01147	0.01327	0.01016	0.00689	0.00542	0.00181	0.00893	0.00446	0.00339	0.01039
35	0.02943	0.02740	0.02304	0.01890	0.02436	0.25694	0.01503	0.40007	0.06360	0.03843	0.01734	0.01792	0.01289	0.00911	0.00767	0.00228	0.01055	0.00652	0.00659	0.01194
36	0.01135	0.00842	0.01237	0.01237	0.01365	0.00971	0.00944	0.01392	0.01263	0.01813	0.02159	0.03307	0.02066	0.12070	0.62980	0.01228	0.01999	0.00878	0.00430	0.00687
37	0.00955	0.00804	0.00828	0.00822	0.01082	0.00677	0.00617	0.01173	0.01850	0.02243	0.13742	0.07466	0.61091	0.01971	0.00937	0.00266	0.00399	0.01650	0.00750	0.00677
38	0.01972	0.01703	0.01793	0.01614	0.02062	0.01972	0.01255	0.04214	0.65752	0.03317	0.03228	0.02959	0.02421	0.01076	0.00807	0.00269	0.00628	0.00897	0.00807	0.01255
39	0.01644	0.01409	0.01644	0.01175	0.01879	0.01057	0.00940	0.01997	0.01644	0.02584	0.01409	0.01644	0.01175	0.00587	0.00587	0.00117	0.00587	0.00470	0.00470	0.76979
40	0.02883	0.02260	0.02320	0.01837	0.02388	0.08539	0.01501	0.48003	0.05991	0.07439	0.01885	0.01930	0.01369	0.00983	0.00939	0.00246	0.06788	0.00705	0.00730	0.01264
41	0.03214	0.01269	0.01725	0.01360	0.01907	0.01102	0.01107	0.03518	0.02227	0.58784	0.08558	0.06651	0.02603	0.01116	0.00821	0.00250	0.00638	0.00929	0.00959	0.01261
42	0.01044	0.00769	0.00860	0.00889	0.00998	0.00712	0.00577	0.01152	0.01485	0.01892	0.07042	0.17522	0.25943	0.32982	0.02316	0.00497	0.00573	0.01536	0.00628	0.00585
43	0.01153	0.00769	0.00865	0.00865	0.00865	0.00769	0.00480	0.01153	0.01153	0.01538	0.02499	0.05189	0.02883	0.72131	0.04036	0.00769	0.00769	0.01153	0.00480	0.00480
44	0.01153	0.00769	0.00865	0.00865	0.00865	0.00769	0.00480	0.01153	0.01153	0.01538	0.02499	0.05189	0.02883	0.72131	0.04036	0.00769	0.00769	0.01153	0.00480	0.00480
45	0.01963	0.01884	0.03219	0.04867	0.67185	0.01884	0.02434	0.02434	0.01806	0.02591	0.01492	0.01963	0.01256	0.00707	0.00785	0.00236	0.00942	0.00707	0.00393	0.01256
46	0.01498	0.01409	0.02378	0.70226	0.05462	0.01762	0.02202	0.02026	0.01586	0.02026	0.01409	0.02114	0.01057	0.00793	0.00793	0.00264	0.01057	0.00705	0.00352	0.00881
47	0.02962	0.03779	0.02247	0.02043	0.02451	0.68948	0.01532	0.03166	0.02247	0.01941	0.01226	0.01430	0.01021	0.00817	0.00715	0.00204	0.01430	0.00511	0.00409	0.00919
48	0.01735	0.01735	0.02429	0.02082	0.02082	0.02429	0.01735	0.01908	0.01214	0.01908	0.01041	0.01735	0.01041	0.01388	0.02602	0.00347	0.70680	0.00694	0.00347	0.00867
49	0.00975	0.00694	0.00918	0.01093	0.01137	0.00650	0.00724	0.01106	0.01501	0.02002	0.04284	0.68528	0.05135	0.05719	0.01153	0.00343	0.00474	0.02203	0.00724	0.00636
50	0.01644	0.01409	0.01644	0.01175	0.01879	0.01057	0.00940	0.01997	0.01644	0.02584	0.01409	0.01644	0.01175	0.00587	0.00587	0.00117	0.00587	0.00470	0.00470	0.76979
51	0.01122	0.00811	0.01060	0.00998	0.01185	0.00748	0.00748	0.01496	0.02245	0.03180	0.66766	0.05923	0.07482	0.01621	0.00935	0.00249	0.00374	0.01434	0.00873	0.00748
52	0.01644	0.01409	0.01644	0.01175	0.01879	0.01057	0.00940	0.01997	0.01644	0.02584	0.01409	0.01644	0.01175	0.00587	0.00587	0.00117	0.00587	0.00470	0.00470	0.76979
53	0.01781	0.01921	0.03931	0.21257	0.10390	0.01929	0.42017	0.02394	0.01789	0.02408	0.01542	0.02116	0.01169	0.00705	0.00884	0.00264	0.01226	0.00853	0.00387	0.01037
54	0.01098	0.00805	0.01030	0.00984	0.01172	0.00736	0.00734	0.01446	0.02172	0.03032	0.58523	0.08897	0.13021	0.01695	0.00939	0.00254	0.00380	0.01492	0.00854	0.00736
55	0.02120	0.72609	0.04155	0.01357	0.02035	0.03138	0.01357	0.02374	0.01611	0.01866	0.01102	0.01272	0.01018	0.00678	0.00509	0.00170	0.00848	0.00424	0.00339	0.01018
56	0.01737	0.01438	0.01783	0.01278	0.01982	0.01102	0.03662	0.02101	0.01681	0.05397	0.01492	0.01711	0.01210	0.00608	0.00611	0.00129	0.00623	0.00504	0.00489	0.70462
57	0.09184	0.10376	0.06421	0.02130	0.14946	0.01749	0.01537	0.08900	0.02121	0.28702	0.04734	0.02250	0.01719	0.00878	0.00736	0.00234	0.00781	0.00707	0.00683	0.01213
58	0.02600	0.01992	0.02249	0.02024	0.08309	0.02203	0.01500	0.37166	0.23527	0.06448	0.02336	0.02278	0.01708	0.00970	0.00797	0.00248	0.00793	0.00775	0.00767	0.01310
59	0.01133	0.00850	0.01274	0.01274	0.01416	0.00991	0.00991	0.01416	0.01274	0.01841	0.02124	0.03115	0.01982	0.05947	0.68989	0.01274	0.02124	0.00850	0.00425	0.00708
60	0.01659	0.01793	0.06032	0.40846	0.10696	0.01851	0.21143	0.02241	0.01697	0.02256	0.01477	0.02088	0.01118	0.00745	0.00834	0.00262	0.01137	0.00770	0.00370	0.00986
61	0.00966	0.00690	0.00920	0.01104	0.01150	0.00644	0.00736	0.01104	0.01518	0.02024	0.04371	0.71614	0.05245	0.02484	0.01012	0.00322	0.00460	0.02254	0.00736	0.00644
62	0.01739	0.02185	0.13240	0.05088	0.11671	0.01953	0.26265	0.02281	0.01679	0.02395	0.04486	0.02169	0.01460	0.01076	0.03646	0.00312	0.16108	0.00814	0.00400	0.01032
63	0.01037	0.00807	0.00941	0.00908	0.01132	0.00712	0.00681	0.01330	0.02042	0.02699	0.39551	0.06715	0.34997	0.01801	0.00936	0.00258	0.00387	0.01545	0.00810	0.00712
64	0.01642	0.06906	0.58885	0.02329	0.03442	0.01915	0.09004	0.02508	0.01691	0.02486	0.01427	0.01703	0.01025	0.00742	0.00761	0.00249	0.01174	0.00614	0.00342	0.01155
65	0.69898	0.01459	0.01141	0.01028	0.01492	0.01669	0.00840	0.02227	0.01418	0.03464	0.04674	0.01853	0.04706	0.00847	0.00536	0.00247	0.00590	0.00545	0.00522	0.00843

[dist]
# distance from previous block
# <min> <max>
5	10

[block]
# block no. 4 follows, 24 sequences, length 70
# corresponding to MSA columns:
# 346-415
name=unknown_E
#
# <colnr> <probs for GDERKNQSTAVLIFYWHMCP>
#	G	D	E	R	K	N	Q	S	T	A	V	L	I	F	Y	W	H	M	C	P
0	0.01017	0.00736	0.00961	0.01053	0.01158	0.00680	0.00733	0.01237	0.01777	0.02417	0.25453	0.46243	0.09248	0.02170	0.00982	0.00295	0.00428	0.01949	0.00782	0.00680
1	0.02390	0.01885	0.02125	0.01935	0.07322	0.02093	0.01445	0.31992	0.26175	0.03995	0.05211	0.02786	0.02141	0.01063	0.00817	0.00255	0.00761	0.03589	0.00767	0.01253
2	0.00985	0.00701	0.00924	0.01085	0.01135	0.00657	0.00722	0.01127	0.01533	0.02054	0.07382	0.64479	0.05220	0.06478	0.01184	0.00344	0.00474	0.02149	0.00728	0.00640
3	0.02819	0.02124	0.02270	0.01785	0.02385	0.02368	0.01460	0.53222	0.15365	0.04682	0.02152	0.02102	0.01550	0.00975	0.00796	0.00244	0.00827	0.00748	0.00796	0.01331
4	0.00966	0.00690	0.00920	0.01104	0.01150	0.00644	0.00736	0.01104	0.01518	0.02024	0.04371	0.71614	0.05245	0.02484	0.01012	0.00322	0.00460	0.02254	0.00736	0.00644
5	0.01890	0.10516	0.47588	0.02308	0.08241	0.04386	0.02526	0.05683	0.01831	0.05742	0.01497	0.01710	0.01091	0.00766	0.00734	0.00239	0.01091	0.00593	0.00397	0.01172
6	0.01938	0.49082	0.26089	0.01667	0.02515	0.02693	0.01897	0.02421	0.01633	0.02087	0.01213	0.01410	0.01013	0.00704	0.00593	0.00198	0.00959	0.00480	0.00338	0.01071
7	0.00966	0.00690	0.00920	0.01104	0.01150	0.00644	0.00736	0.01104	0.01518	0.02024	0.04371	0.71614	0.05245	0.02484	0.01012	0.00322	0.00460	0.02254	0.00736	0.00644
8	0.01963	0.01884	0.03219	0.04867	0.67185	0.01884	0.02434	0.02434	0.01806	0.02591	0.01492	0.01963	0.01256	0.00707	0.00785	0.00236	0.00942	0.00707	0.00393	0.01256
9	0.02330	0.02027	0.01985	0.01707	0.02199	0.08260	0.01345	0.19552	0.44040	0.03620	0.02705	0.02548	0.02018	0.01020	0.00795	0.00255	0.00764	0.00814	0.00767	0.01248
10	0.01724	0.01663	0.02574	0.40740	0.24093	0.05075	0.02157	0.02196	0.01671	0.02226	0.01452	0.02047	0.01153	0.00801	0.00866	0.00254	0.04414	0.00697	0.03207	0.00993
11	0.01153	0.00769	0.00865	0.00865	0.00865	0.00769	0.00480	0.01153	0.01153	0.01538	0.02499	0.05189	0.02883	0.72131	0.04036	0.00769	0.00769	0.01153	0.00480	0.00480
12	0.01706	0.01459	0.01741	0.01365	0.04866	0.01143	0.01027	0.04153	0.01723	0.02667	0.01430	0.01668	0.01184	0.00605	0.00603	0.00127	0.00613	0.00489	0.00477	0.70955
13	0.01963	0.01884	0.03219	0.04867	0.67185	0.01884	0.02434	0.02434	0.01806	0.02591	0.01492	0.01963	0.01256	0.00707	0.00785	0.00236	0.00942	0.00707	0.00393	0.01256
14	0.01677	0.01649	0.02317	0.02004	0.02018	0.02290	0.01663	0.01861	0.01220	0.01902	0.01145	0.01868	0.01132	0.01828	0.09009	0.00436	0.64064	0.00709	0.00354	0.00852
15	0.01924	0.05764	0.01875	0.01554	0.02006	0.01968	0.01225	0.03937	0.58493	0.03168	0.03371	0.03120	0.05908	0.01104	0.00797	0.00263	0.00628	0.00912	0.00776	0.01209
16	0.01057	0.00808	0.00969	0.00929	0.01144	0.00720	0.00697	0.01369	0.02090	0.02812	0.45933	0.06529	0.28545	0.01758	0.00936	0.00256	0.00384	0.01519	0.00824	0.00720
17	0.01938	0.01665	0.01768	0.01606	0.02042	0.01921	0.01256	0.04088	0.62631	0.03271	0.03275	0.03251	0.02525	0.01130	0.00821	0.00274	0.00633	0.03873	0.00803	0.01230
18	0.03439	0.01323	0.01802	0.01391	0.01983	0.01145	0.01145	0.03749	0.02268	0.64581	0.06237	0.02857	0.02233	0.01013	0.00804	0.00246	0.00660	0.00829	0.00976	0.01320
19	0.01972	0.01703	0.01793	0.01614	0.02062	0.01972	0.01255	0.04214	0.65752	0.03317	0.03228	0.02959	0.02421	0.01076	0.00807	0.00269	0.00628	0.00897	0.00807	0.01255
20	0.00987	0.00712	0.00937	0.01098	0.01169	0.00663	0.00753	0.01151	0.01588	0.02112	0.08167	0.61895	0.08482	0.02398	0.01007	0.00317	0.00464	0.04702	0.00744	0.00655
21	0.01872	0.02139	0.04679	0.03342	0.04144	0.02005	0.64305	0.02540	0.01872	0.02540	0.01604	0.02139	0.01203	0.00668	0.00936	0.00267	0.01337	0.00936	0.00401	0.01070
22	0.01478	0.00739	0.00739	0.00739	0.00924	0.00739	0.00554	0.01848	0.01663	0.02956	0.02587	0.02956	0.02033	0.00924	0.00554	0.00185	0.00370	0.00739	0.76534	0.00739
23	0.03558	0.01350	0.01840	0.01411	0.02024	0.01166	0.01166	0.03865	0.02270	0.67734	0.03128	0.02699	0.01963	0.00981	0.00797	0.00245	0.00675	0.00797	0.00981	0.01350
24	0.77733	0.01534	0.01166	0.01043	0.01534	0.01779	0.00859	0.02331	0.01350	0.03558	0.01104	0.01288	0.00859	0.00736	0.00491	0.00245	0.00613	0.00429	0.00491	0.00859
25	0.02962	0.03779	0.02247	0.02043	0.02451	0.68948	0.01532	0.03166	0.02247	0.01941	0.01226	0.01430	0.01021	0.00817	0.00715	0.00204	0.01430	0.00511	0.00409	0.00919
26	0.01498	0.01409	0.02378	0.70226	0.05462	0.01762	0.02202	0.02026	0.01586	0.02026	0.01409	0.02114	0.01057	0.00793	0.00793	0.00264	0.01057	0.00705	0.00352	0.00881
27	0.01498	0.01409	0.02378	0.70226	0.05462	0.01762	0.02202	0.02026	0.01586	0.02026	0.01409	0.02114	0.01057	0.00793	0.00793	0.00264	0.01057	0.00705	0.00352	0.00881
28	0.06564	0.02113	0.02249	0.01751	0.02350	0.02337	0.01438	0.58404	0.03504	0.04782	0.01985	0.05278	0.01515	0.01016	0.00789	0.00242	0.00840	0.00775	0.00776	0.01290
29	0.01749	0.24634	0.48881	0.01989	0.03013	0.02230	0.02458	0.02470	0.01655	0.02318	0.01327	0.01554	0.01008	0.00731	0.00680	0.00227	0.01075	0.00537	0.00336	0.01126
30	0.01278	0.00913	0.01278	0.01460	0.01643	0.00913	0.01278	0.01643	0.01825	0.02373	0.04199	0.08945	0.04564	0.02191	0.01095	0.00365	0.00730	0.61847	0.00730	0.00730
31	0.02786	0.07557	0.02377	0.02007	0.02389	0.58235	0.01543	0.02990	0.02103	0.01933	0.01199	0.01452	0.01023	0.00868	0.00899	0.00217	0.08577	0.00525	0.00398	0.00920
32	0.02049	0.01842	0.03216	0.08231	0.52014	0.01834	0.08770	0.02531	0.01836	0.07575	0.01625	0.02047	0.01294	0.00729	0.00802	0.00241	0.00969	0.00737	0.00436	0.01222
33	0.01341	0.00859	0.01130	0.01035	0.01260	0.00786	0.00786	0.01709	0.02247	0.08987	0.61041	0.05633	0.06986	0.01564	0.00923	0.00249	0.00401	0.01377	0.00883	0.00802
