[name]
unknown

[dist]
# distance from previous block
# <min> <max>
19	52

[block]
# block no. 0 follows, 24 sequences, length 138
# corresponding to MSA columns:
# 53-190
name=unknown_A
#
# <colnr> <probs for GDERKNQSTAVLIFYWHMCP>
#	G	D	E	R	K	N	Q	S	T	A	V	L	I	F	Y	W	H	M	C	P
0	0.01670	0.01396	0.01862	0.19341	0.02792	0.01342	0.01330	0.02041	0.01635	0.05781	0.01887	0.02210	0.05333	0.00821	0.00850	0.00192	0.06797	0.00644	0.00472	0.41603
1	0.02574	0.01924	0.02141	0.06028	0.02477	0.02107	0.01423	0.36794	0.19254	0.07704	0.02242	0.02212	0.01626	0.00947	0.00781	0.00239	0.00788	0.00746	0.00754	0.07240
2	0.01100	0.00817	0.01037	0.01129	0.01247	0.00797	0.00789	0.01497	0.07940	0.02417	0.18644	0.49785	0.05486	0.02148	0.00974	0.00300	0.00457	0.01933	0.00775	0.00728
3	0.01644	0.01409	0.01644	0.01175	0.01879	0.01057	0.00940	0.01997	0.01644	0.02584	0.01409	0.01644	0.01175	0.00587	0.00587	0.00117	0.00587	0.00470	0.00470	0.76979
4	0.02088	0.54919	0.15607	0.01573	0.02321	0.07922	0.01656	0.02460	0.01671	0.01989	0.01170	0.01357	0.01016	0.00703	0.00569	0.00187	0.00951	0.00460	0.00344	0.01038
5	0.01153	0.00769	0.00865	0.00865	0.00865	0.00769	0.00480	0.01153	0.01153	0.01538	0.02499	0.05189	0.02883	0.72131	0.04036	0.00769	0.00769	0.01153	0.00480	0.00480
6	0.77733	0.01534	0.01166	0.01043	0.01534	0.01779	0.00859	0.02331	0.01350	0.03558	0.01104	0.01288	0.00859	0.00736	0.00491	0.00245	0.00613	0.00429	0.00491	0.00859
7	0.02273	0.09770	0.02946	0.06694	0.21534	0.21668	0.08472	0.04952	0.09409	0.02455	0.01597	0.01876	0.01284	0.00788	0.00755	0.00229	0.01085	0.00667	0.00452	0.01095
8	0.02120	0.01489	0.01704	0.01514	0.01924	0.01604	0.01207	0.14926	0.26466	0.11531	0.07235	0.11150	0.03063	0.01373	0.00871	0.00277	0.00660	0.08955	0.00813	0.01118
9	0.01133	0.00850	0.01274	0.01274	0.01416	0.00991	0.00991	0.01416	0.01274	0.01841	0.02124	0.03115	0.01982	0.05947	0.68989	0.01274	0.02124	0.00850	0.00425	0.00708
10	0.01735	0.01735	0.02429	0.02082	0.02082	0.02429	0.01735	0.01908	0.01214	0.01908	0.01041	0.01735	0.01041	0.01388	0.02602	0.00347	0.70680	0.00694	0.00347	0.00867
11	0.01252	0.00840	0.01094	0.01013	0.01227	0.00769	0.00766	0.01615	0.02229	0.06757	0.60925	0.05809	0.09474	0.01600	0.00928	0.00250	0.00392	0.01408	0.00874	0.00779
12	0.01963	0.01884	0.03219	0.04867	0.67185	0.01884	0.02434	0.02434	0.01806	0.02591	0.01492	0.01963	0.01256	0.00707	0.00785	0.00236	0.00942	0.00707	0.00393	0.01256
13	0.77733	0.01534	0.01166	0.01043	0.01534	0.01779	0.00859	0.02331	0.01350	0.03558	0.01104	0.01288	0.00859	0.00736	0.00491	0.00245	0.00613	0.00429	0.00491	0.00859
14	0.01091	0.00793	0.01031	0.01023	0.01189	0.00732	0.00758	0.01415	0.02080	0.02896	0.50645	0.17684	0.09905	0.01813	0.00955	0.00267	0.00403	0.03757	0.00837	0.00725
15	0.00940	0.00792	0.00815	0.00833	0.01079	0.00667	0.00616	0.01135	0.01779	0.02130	0.07670	0.13979	0.60750	0.02056	0.00945	0.00273	0.00407	0.01731	0.00736	0.00667
16	0.02939	0.02166	0.02336	0.01803	0.02417	0.02401	0.01487	0.62019	0.03630	0.04872	0.01913	0.01952	0.01374	0.01151	0.03517	0.00279	0.00923	0.00719	0.00779	0.01323
17	0.00966	0.00690	0.00920	0.01104	0.01150	0.00644	0.00736	0.01104	0.01518	0.02024	0.04371	0.71614	0.05245	0.02484	0.01012	0.00322	0.00460	0.02254	0.00736	0.00644
18	0.01644	0.01409	0.01644	0.01175	0.01879	0.01057	0.00940	0.01997	0.01644	0.02584	0.01409	0.01644	0.01175	0.00587	0.00587	0.00117	0.00587	0.00470	0.00470	0.76979
19	0.01133	0.00850	0.01274	0.01274	0.01416	0.00991	0.00991	0.01416	0.01274	0.01841	0.02124	0.03115	0.01982	0.05947	0.68989	0.01274	0.02124	0.00850	0.00425	0.00708
20	0.03558	0.01350	0.01840	0.01411	0.02024	0.01166	0.01166	0.03865	0.02270	0.67734	0.03128	0.02699	0.01963	0.00981	0.00797	0.00245	0.00675	0.00797	0.00981	0.01350
21	0.01590	0.04102	0.68023	0.02260	0.03432	0.01842	0.02930	0.02511	0.01674	0.02511	0.01423	0.01674	0.01005	0.00753	0.00753	0.00251	0.01172	0.00586	0.00335	0.01172
22	0.00937	0.00803	0.00803	0.00803	0.01071	0.00669	0.00602	0.01138	0.01807	0.02142	0.08033	0.07632	0.66863	0.02008	0.00937	0.00268	0.00402	0.01674	0.00736	0.00669
23	0.01797	0.01945	0.10068	0.05848	0.34251	0.01711	0.06518	0.05623	0.05527	0.02792	0.11289	0.04889	0.02333	0.00939	0.00824	0.00248	0.00880	0.00879	0.00511	0.01129
24	0.01590	0.04102	0.68023	0.02260	0.03432	0.01842	0.02930	0.02511	0.01674	0.02511	0.01423	0.01674	0.01005	0.00753	0.00753	0.00251	0.01172	0.00586	0.00335	0.01172
25	0.01644	0.01409	0.01644	0.01175	0.01879	0.01057	0.00940	0.01997	0.01644	0.02584	0.01409	0.01644	0.01175	0.00587	0.00587	0.00117	0.00587	0.00470	0.00470	0.76979
26	0.01143	0.00765	0.00868	0.00877	0.00880	0.00762	0.00494	0.01151	0.01172	0.01563	0.02597	0.08686	0.03007	0.68465	0.03877	0.00745	0.00753	0.01211	0.00494	0.00489
27	0.01619	0.03921	0.62475	0.02420	0.06217	0.01851	0.05571	0.02509	0.01688	0.02516	0.01434	0.01707	0.01024	0.00748	0.00763	0.00251	0.01169	0.00606	0.00340	0.01171
28	0.27141	0.01408	0.01626	0.01294	0.01868	0.01361	0.01068	0.03377	0.01977	0.47330	0.02485	0.02250	0.01612	0.00903	0.00700	0.00245	0.00655	0.00680	0.00825	0.01194
29	0.01377	0.00689	0.01033	0.01033	0.01033	0.00689	0.00689	0.01033	0.01033	0.01377	0.01377	0.02410	0.01377	0.02755	0.03099	0.76928	0.00689	0.00689	0.00344	0.00344
30	0.01103	0.00783	0.01037	0.01079	0.01145	0.00827	0.00738	0.01245	0.01283	0.01766	0.02777	0.19447	0.03067	0.30473	0.28729	0.00865	0.01228	0.01284	0.00517	0.00607
31	0.02173	0.68250	0.04035	0.01400	0.02062	0.07305	0.01368	0.02425	0.01652	0.01870	0.01110	0.01282	0.01018	0.00687	0.00522	0.00172	0.00885	0.00430	0.00344	0.01011
32	0.00965	0.00696	0.00914	0.01089	0.01146	0.00645	0.00729	0.01106	0.01533	0.02030	0.04553	0.68430	0.08311	0.02461	0.01008	0.00319	0.00457	0.02225	0.00736	0.00645
33	0.02336	0.01735	0.02649	0.02956	0.27487	0.01688	0.07647	0.06851	0.09564	0.17160	0.02084	0.02218	0.01540	0.00809	0.00782	0.00231	0.00838	0.00744	0.00606	0.10075
34	0.39171	0.01476	0.01539	0.01252	0.01807	0.01516	0.01033	0.05760	0.01891	0.34180	0.02103	0.01987	0.01406	0.00862	0.00650	0.00245	0.00654	0.00617	0.00738	0.01114
35	0.02156	0.02019	0.02811	0.09723	0.39833	0.10542	0.04180	0.05997	0.01968	0.06684	0.01732	0.05623	0.01466	0.00852	0.00795	0.00240	0.00983	0.00776	0.00469	0.01151
36	0.02304	0.01820	0.02243	0.24148	0.03326	0.02079	0.01664	0.34669	0.08497	0.03759	0.05968	0.02322	0.01738	0.00953	0.00803	0.00250	0.00879	0.00773	0.00655	0.01149
37	0.03014	0.02221	0.02380	0.01825	0.02459	0.02459	0.01507	0.64541	0.03728	0.04998	0.01904	0.01904	0.01349	0.00952	0.00793	0.00238	0.00873	0.00714	0.00793	0.01349
38	0.01498	0.01409	0.02378	0.70226	0.05462	0.01762	0.02202	0.02026	0.01586	0.02026	0.01409	0.02114	0.01057	0.00793	0.00793	0.00264	0.01057	0.00705	0.00352	0.00881
39	0.00938	0.00799	0.00807	0.00814	0.01074	0.00669	0.00607	0.01137	0.01797	0.02138	0.07904	0.09883	0.64695	0.02025	0.00940	0.00270	0.00404	0.01694	0.00736	0.00669
40	0.02120	0.72609	0.04155	0.01357	0.02035	0.03138	0.01357	0.02374	0.01611	0.01866	0.01102	0.01272	0.01018	0.00678	0.00509	0.00170	0.00848	0.00424	0.00339	0.01018
41	0.01133	0.00850	0.01274	0.01274	0.01416	0.00991	0.00991	0.01416	0.01274	0.01841	0.02124	0.03115	0.01982	0.05947	0.68989	0.01274	0.02124	0.00850	0.00425	0.00708
42	0.01133	0.00850	0.01274	0.01274	0.01416	0.00991	0.00991	0.01416	0.01274	0.01841	0.02124	0.03115	0.01982	0.05947	0.68989	0.01274	0.02124	0.00850	0.00425	0.00708
43	0.01952	0.02097	0.02397	0.02075	0.02147	0.14196	0.01699	0.02131	0.01397	0.01914	0.01074	0.01681	0.01037	0.01287	0.02268	0.00322	0.58430	0.00662	0.00358	0.00877
44	0.77733	0.01534	0.01166	0.01043	0.01534	0.01779	0.00859	0.02331	0.01350	0.03558	0.01104	0.01288	0.00859	0.00736	0.00491	0.00245	0.00613	0.00429	0.00491	0.00859
45	0.01877	0.02116	0.04524	0.03249	0.04033	0.02004	0.60919	0.02630	0.05302	0.02582	0.01691	0.02183	0.01269	0.00690	0.00929	0.00267	0.01299	0.00934	0.00423	0.01079
46	0.01122	0.00811	0.01060	0.00998	0.01185	0.00748	0.00748	0.01496	0.02245	0.03180	0.66766	0.05923	0.07482	0.01621	0.00935	0.00249	0.00374	0.01434	0.00873	0.00748
47	0.02659	0.01923	0.02073	0.01646	0.02177	0.02109	0.01336	0.52043	0.03305	0.04501	0.02216	0.08907	0.01802	0.01101	0.00791	0.00241	0.00782	0.00869	0.08301	0.01218
48	0.01972	0.01703	0.01793	0.01614	0.02062	0.01972	0.01255	0.04214	0.65752	0.03317	0.03228	0.02959	0.02421	0.01076	0.00807	0.00269	0.00628	0.00897	0.00807	0.01255
49	0.01139	0.00827	0.01159	0.01159	0.01261	0.00928	0.00847	0.01342	0.01240	0.01755	0.02230	0.03700	0.02236	0.24615	0.50669	0.01132	0.01742	0.00935	0.00441	0.00644
50	0.01800	0.02003	0.04301	0.03096	0.03819	0.01883	0.57973	0.02403	0.01800	0.02441	0.01693	0.02442	0.01370	0.07758	0.01243	0.00317	0.01281	0.00957	0.00409	0.01011
51	0.00986	0.00720	0.00945	0.01099	0.01179	0.00679	0.00761	0.01149	0.01544	0.02038	0.04585	0.58426	0.11124	0.02645	0.05313	0.00379	0.00570	0.04488	0.00716	0.00654
52	0.68410	0.01510	0.01250	0.01089	0.01595	0.01702	0.00897	0.02524	0.01465	0.11624	0.01359	0.01466	0.00998	0.00767	0.00529	0.00245	0.00621	0.00476	0.00552	0.00920
53	0.08616	0.01753	0.01831	0.01510	0.02006	0.08238	0.01208	0.18708	0.05182	0.27282	0.02545	0.06309	0.01983	0.05576	0.00993	0.00282	0.00790	0.03261	0.00777	0.01148
54	0.01960	0.12132	0.29098	0.02220	0.03077	0.01935	0.17452	0.02688	0.04953	0.10232	0.01756	0.01999	0.01293	0.01045	0.04438	0.00299	0.01134	0.00706	0.00457	0.01127
55	0.04620	0.01791	0.05160	0.02775	0.15372	0.05092	0.24992	0.02143	0.01784	0.02458	0.04717	0.18024	0.02471	0.01198	0.00895	0.00272	0.00972	0.03783	0.00508	0.00971
56	0.01900	0.15336	0.05451	0.02057	0.02804	0.01835	0.24519	0.02368	0.01750	0.05254	0.01498	0.01803	0.01184	0.00657	0.00716	0.00193	0.00937	0.00651	0.00437	0.28649
57	0.01472	0.00957	0.01537	0.01350	0.01516	0.00960	0.08344	0.01503	0.01291	0.05855	0.01921	0.03150	0.01851	0.18023	0.17420	0.29848	0.01099	0.00861	0.00439	0.00604
58	0.77733	0.01534	0.01166	0.01043	0.01534	0.01779	0.00859	0.02331	0.01350	0.03558	0.01104	0.01288	0.00859	0.00736	0.00491	0.00245	0.00613	0.00429	0.00491	0.00859
59	0.02089	0.01309	0.01569	0.01321	0.01714	0.01323	0.01045	0.14814	0.10438	0.16439	0.33302	0.04114	0.04535	0.01293	0.00864	0.00249	0.00565	0.01097	0.00871	0.01050
60	0.02999	0.01872	0.02044	0.01604	0.02178	0.05571	0.01309	0.34195	0.02979	0.25924	0.05563	0.02638	0.05336	0.01042	0.00804	0.00241	0.00789	0.00815	0.00836	0.01261
61	0.01199	0.00956	0.01310	0.01302	0.01454	0.03464	0.01011	0.01480	0.01310	0.01844	0.02091	0.03054	0.01947	0.05761	0.66504	0.01235	0.02099	0.00837	0.00424	0.00716
62	0.01963	0.01884	0.03219	0.04867	0.67185	0.01884	0.02434	0.02434	0.01806	0.02591	0.01492	0.01963	0.01256	0.00707	0.00785	0.00236	0.00942	0.00707	0.00393	0.01256
63	0.00937	0.00803	0.00803	0.00803	0.01071	0.00669	0.00602	0.01138	0.01807	0.02142	0.08033	0.07632	0.66863	0.02008	0.00937	0.00268	0.00402	0.01674	0.00736	0.00669
64	0.02245	0.01839	0.01947	0.01669	0.02166	0.02100	0.01321	0.20005	0.49517	0.03757	0.02881	0.02682	0.02140	0.01043	0.00803	0.00261	0.00692	0.00849	0.00803	0.01280
65	0.01644	0.01409	0.01644	0.01175	0.01879	0.01057	0.00940	0.01997	0.01644	0.02584	0.01409	0.01644	0.01175	0.00587	0.00587	0.00117	0.00587	0.00470	0.00470	0.76979
66	0.01598	0.03228	0.49668	0.01936	0.02862	0.01565	0.02354	0.02365	0.01832	0.06312	0.15811	0.02661	0.02475	0.00956	0.00796	0.00250	0.00970	0.00783	0.00489	0.01089
67	0.01972	0.01703	0.01793	0.01614	0.02062	0.01972	0.01255	0.04214	0.65752	0.03317	0.03228	0.02959	0.02421	0.01076	0.00807	0.00269	0.00628	0.00897	0.00807	0.01255
68	0.02012	0.01786	0.01811	0.01631	0.02078	0.04643	0.01266	0.04172	0.63220	0.03262	0.03148	0.02898	0.02365	0.01066	0.00803	0.00266	0.00660	0.00881	0.00791	0.01242
69	0.01590	0.04102	0.68023	0.02260	0.03432	0.01842	0.02930	0.02511	0.01674	0.02511	0.01423	0.01674	0.01005	0.00753	0.00753	0.00251	0.01172	0.00586	0.00335	0.01172
70	0.01712	0.04420	0.12015	0.01511	0.02007	0.01596	0.01364	0.03041	0.31939	0.05229	0.22191	0.03589	0.03672	0.01173	0.00826	0.00256	0.00645	0.00991	0.00742	0.01082
71	0.01590	0.04102	0.68023	0.02260	0.03432	0.01842	0.02930	0.02511	0.01674	0.02511	0.01423	0.01674	0.01005	0.00753	0.00753	0.00251	0.01172	0.00586	0.00335	0.01172
72	0.01249	0.01043	0.01659	0.01650	0.06726	0.00992	0.10028	0.01507	0.01649	0.02231	0.13008	0.25921	0.07599	0.17148	0.01632	0.00392	0.00685	0.03517	0.00625	0.00738
73	0.02962	0.03779	0.02247	0.02043	0.02451	0.68948	0.01532	0.03166	0.02247	0.01941	0.01226	0.01430	0.01021	0.00817	0.00715	0.00204	0.01430	0.00511	0.00409	0.00919
74	0.01672	0.01030	0.01291	0.01149	0.01452	0.00988	0.00887	0.02283	0.10918	0.14851	0.44202	0.05002	0.08162	0.01446	0.00893	0.00252	0.00464	0.01255	0.00878	0.00923
75	0.01248	0.00897	0.01241	0.01416	0.01595	0.00889	0.01223	0.01595	0.01808	0.02346	0.04353	0.12261	0.06951	0.02199	0.01085	0.00359	0.00703	0.56377	0.00731	0.00723
76	0.01963	0.01884	0.03219	0.04867	0.67185	0.01884	0.02434	0.02434	0.01806	0.02591	0.01492	0.01963	0.01256	0.00707	0.00785	0.00236	0.00942	0.00707	0.00393	0.01256
77	0.01478	0.00739	0.00739	0.00739	0.00924	0.00739	0.00554	0.01848	0.01663	0.02956	0.02587	0.02956	0.02033	0.00924	0.00554	0.00185	0.00370	0.00739	0.76534	0.00739
78	0.01153	0.00769	0.00865	0.00865	0.00865	0.00769	0.00480	0.01153	0.01153	0.01538	0.02499	0.05189	0.02883	0.72131	0.04036	0.00769	0.00769	0.01153	0.00480	0.00480
79	0.01858	0.02237	0.07832	0.03288	0.04109	0.01997	0.61250	0.02539	0.01862	0.02539	0.01595	0.02116	0.01193	0.00673	0.00927	0.00267	0.01329	0.00918	0.00398	0.01075
80	0.01153	0.00804	0.01027	0.01011	0.01193	0.00732	0.00743	0.01455	0.02042	0.05086	0.44451	0.19672	0.14007	0.01825	0.00947	0.00267	0.00406	0.01611	0.00832	0.00738
81	0.02962	0.03779	0.02247	0.02043	0.02451	0.68948	0.01532	0.03166	0.02247	0.01941	0.01226	0.01430	0.01021	0.00817	0.00715	0.00204	0.01430	0.00511	0.00409	0.00919
82	0.77733	0.01534	0.01166	0.01043	0.01534	0.01779	0.00859	0.02331	0.01350	0.03558	0.01104	0.01288	0.00859	0.00736	0.00491	0.00245	0.00613	0.00429	0.00491	0.00859
83	0.01972	0.01703	0.01793	0.01614	0.02062	0.01972	0.01255	0.04214	0.65752	0.03317	0.03228	0.02959	0.02421	0.01076	0.00807	0.00269	0.00628	0.00897	0.00807	0.01255
84	0.01941	0.01881	0.03265	0.07131	0.61652	0.01886	0.05683	0.02425	0.01801	0.02568	0.01495	0.01977	0.01246	0.00708	0.00793	0.00238	0.00967	0.00719	0.00392	0.01233
85	0.01978	0.32608	0.30876	0.01996	0.06100	0.09547	0.02097	0.02520	0.01716	0.02185	0.01271	0.01495	0.01025	0.00726	0.00649	0.00211	0.01052	0.00517	0.00348	0.01085
86	0.08594	0.22417	0.44709	0.01906	0.02883	0.02187	0.02317	0.02458	0.01628	0.02431	0.01308	0.01531	0.00995	0.00732	0.00664	0.00229	0.01034	0.00528	0.00350	0.01102
87	0.02177	0.01394	0.01711	0.01329	0.01889	0.01242	0.01067	0.04829	0.06443	0.20283	0.06734	0.04804	0.02065	0.00926	0.00819	0.00196	0.04532	0.00741	0.00674	0.36146
88	0.01078	0.00809	0.00998	0.00951	0.01157	0.00729	0.00713	0.01410	0.02139	0.02930	0.52619	0.06335	0.21785	0.01714	0.00936	0.00254	0.00381	0.01492	0.00840	0.00729
89	0.01709	0.01417	0.01929	0.04224	0.09883	0.01496	0.06075	0.05012	0.24461	0.05328	0.03333	0.22998	0.05842	0.01437	0.00879	0.00278	0.00686	0.01292	0.00693	0.01031
90	0.01656	0.01420	0.01650	0.01191	0.01886	0.01091	0.00951	0.02079	0.04017	0.02611	0.01477	0.01693	0.01221	0.00605	0.00595	0.00123	0.00589	0.00486	0.00482	0.74176
91	0.01872	0.02139	0.04679	0.03342	0.04144	0.02005	0.64305	0.02540	0.01872	0.02540	0.01604	0.02139	0.01203	0.00668	0.00936	0.00267	0.01337	0.00936	0.00401	0.01070
92	0.25865	0.01414	0.01577	0.01281	0.01830	0.01398	0.01047	0.03243	0.07593	0.37316	0.02687	0.02482	0.04594	0.00949	0.00704	0.00244	0.00637	0.00723	0.00788	0.03628
93	0.02965	0.01685	0.01984	0.01553	0.02119	0.01721	0.01271	0.30288	0.05662	0.29794	0.10041	0.02738	0.02358	0.01047	0.00812	0.00244	0.00725	0.00840	0.00878	0.01275
94	0.00992	0.00716	0.00938	0.01071	0.01152	0.00663	0.00732	0.01173	0.01658	0.02229	0.15285	0.57131	0.08696	0.02312	0.00995	0.00307	0.00442	0.02084	0.00760	0.00663
95	0.01644	0.01409	0.01644	0.01175	0.01879	0.01057	0.00940	0.01997	0.01644	0.02584	0.01409	0.01644	0.01175	0.00587	0.00587	0.00117	0.00587	0.00470	0.00470	0.76979
96	0.02296	0.49578	0.03700	0.01790	0.06340	0.10676	0.03972	0.09234	0.01939	0.02288	0.01249	0.01438	0.01077	0.00726	0.00598	0.00189	0.00945	0.00504	0.00403	0.01059
97	0.01051	0.00760	0.00993	0.01035	0.01166	0.00702	0.00738	0.01321	0.01929	0.02665	0.38878	0.33167	0.08648	0.01992	0.00967	0.00280	0.00411	0.01782	0.00811	0.00702
98	0.01893	0.06376	0.11906	0.03057	0.03881	0.04528	0.51336	0.02551	0.01848	0.02477	0.01541	0.02010	0.01163	0.00684	0.00883	0.00258	0.01294	0.00851	0.00390	0.01073
99	0.74013	0.05030	0.01313	0.01058	0.01558	0.01846	0.00883	0.02333	0.01362	0.03475	0.01104	0.01287	0.00867	0.00733	0.00492	0.00242	0.00625	0.00429	0.00483	0.00867
100	0.01153	0.00769	0.00865	0.00865	0.00865	0.00769	0.00480	0.01153	0.01153	0.01538	0.02499	0.05189	0.02883	0.72131	0.04036	0.00769	0.00769	0.01153	0.00480	0.00480
101	0.01795	0.02211	0.10586	0.03141	0.06951	0.01885	0.49518	0.02452	0.01845	0.02525	0.01813	0.02695	0.01488	0.00815	0.00925	0.00273	0.01247	0.06354	0.00424	0.01058
102	0.01139	0.00772	0.00912	0.00923	0.00941	0.00784	0.00551	0.01178	0.01189	0.01600	0.02577	0.09176	0.02937	0.60719	0.10716	0.00794	0.00893	0.01191	0.00491	0.00515
103	0.01111	0.01450	0.15600	0.01334	0.01647	0.00914	0.01210	0.01439	0.01614	0.02210	0.07870	0.48788	0.07703	0.02026	0.00947	0.00299	0.00607	0.01807	0.00657	0.00767
104	0.01656	0.01617	0.02837	0.44328	0.18416	0.01855	0.09649	0.02169	0.01646	0.02203	0.01430	0.02063	0.01117	0.00793	0.00910	0.00263	0.04967	0.00732	0.00367	0.00984
105	0.01343	0.01042	0.01450	0.01733	0.08687	0.01041	0.01280	0.01818	0.05896	0.02497	0.09735	0.09737	0.09423	0.01904	0.01013	0.00325	0.00678	0.38872	0.00712	0.00814
106	0.01633	0.09647	0.62853	0.02187	0.03319	0.01947	0.02803	0.02500	0.01669	0.02459	0.01397	0.01642	0.01006	0.00747	0.00734	0.00245	0.01146	0.00573	0.00335	0.01159
107	0.01163	0.00894	0.01332	0.01315	0.01449	0.01063	0.01028	0.01441	0.01271	0.01844	0.02070	0.03047	0.01936	0.05720	0.65685	0.01228	0.05536	0.00842	0.00421	0.00716
108	0.01190	0.00907	0.01275	0.01245	0.01340	0.01062	0.00931	0.01395	0.01240	0.01773	0.02121	0.03501	0.02120	0.21661	0.47433	0.01071	0.07730	0.00910	0.00432	0.00666
109	0.35891	0.01807	0.05014	0.04962	0.06231	0.05442	0.01296	0.07553	0.01882	0.20334	0.01762	0.01818	0.01239	0.00824	0.00654	0.00243	0.00766	0.00592	0.00618	0.01071
110	0.77733	0.01534	0.01166	0.01043	0.01534	0.01779	0.00859	0.02331	0.01350	0.03558	0.01104	0.01288	0.00859	0.00736	0.00491	0.00245	0.00613	0.00429	0.00491	0.00859
111	0.02297	0.01827	0.02022	0.05386	0.05878	0.05467	0.01380	0.34517	0.06043	0.03853	0.12917	0.09729	0.02781	0.01196	0.00835	0.00249	0.00779	0.00988	0.00735	0.01119
112	0.00966	0.00690	0.00920	0.01104	0.01150	0.00644	0.00736	0.01104	0.01518	0.02024	0.04371	0.71614	0.05245	0.02484	0.01012	0.00322	0.00460	0.02254	0.00736	0.00644
113	0.01478	0.00739	0.00739	0.00739	0.00924	0.00739	0.00554	0.01848	0.01663	0.02956	0.02587	0.02956	0.02033	0.00924	0.00554	0.00185	0.00370	0.00739	0.76534	0.00739
114	0.01604	0.04005	0.64906	0.02313	0.03467	0.01850	0.05949	0.02513	0.01684	0.02513	0.01432	0.01697	0.01014	0.00749	0.00762	0.00252	0.01180	0.00603	0.00338	0.01167
115	0.01122	0.00811	0.01060	0.00998	0.01185	0.00748	0.00748	0.01496	0.02245	0.03180	0.66766	0.05923	0.07482	0.01621	0.00935	0.00249	0.00374	0.01434	0.00873	0.00748
116	0.01377	0.00689	0.01033	0.01033	0.01033	0.00689	0.00689	0.01033	0.01033	0.01377	0.01377	0.02410	0.01377	0.02755	0.03099	0.76928	0.00689	0.00689	0.00344	0.00344
117	0.01892	0.02083	0.04360	0.03676	0.17933	0.01979	0.50772	0.02517	0.01857	0.02551	0.01580	0.02100	0.01215	0.00677	0.00903	0.00260	0.01251	0.00886	0.00399	0.01110
118	0.02962	0.03779	0.02247	0.02043	0.02451	0.68948	0.01532	0.03166	0.02247	0.01941	0.01226	0.01430	0.01021	0.00817	0.00715	0.00204	0.01430	0.00511	0.00409	0.00919
119	0.01107	0.00810	0.01039	0.00982	0.01176	0.00742	0.00736	0.01467	0.02209	0.03096	0.62022	0.06061	0.12279	0.01652	0.00935	0.00251	0.00376	0.01453	0.00862	0.00742
120	0.01972	0.01703	0.01793	0.01614	0.02062	0.01972	0.01255	0.04214	0.65752	0.03317	0.03228	0.02959	0.02421	0.01076	0.00807	0.00269	0.00628	0.00897	0.00807	0.01255
121	0.01800	0.01594	0.01794	0.01613	0.02015	0.04349	0.04579	0.03390	0.43505	0.03044	0.09268	0.04045	0.05819	0.01268	0.00862	0.00276	0.00677	0.08242	0.00763	0.01097
122	0.01216	0.04983	0.09195	0.01152	0.01489	0.00998	0.01029	0.01635	0.02108	0.02947	0.50766	0.05309	0.11165	0.01499	0.00891	0.00247	0.00497	0.01299	0.00770	0.00807
123	0.77733	0.01534	0.01166	0.01043	0.01534	0.01779	0.00859	0.02331	0.01350	0.03558	0.01104	0.01288	0.00859	0.00736	0.00491	0.00245	0.00613	0.00429	0.00491	0.00859
124	0.01780	0.01854	0.02104	0.01860	0.02013	0.14625	0.03734	0.02013	0.01454	0.01916	0.01445	0.02136	0.01346	0.02721	0.23554	0.00615	0.32891	0.00718	0.00386	0.00833
125	0.01963	0.01884	0.03219	0.04867	0.67185	0.01884	0.02434	0.02434	0.01806	0.02591	0.01492	0.01963	0.01256	0.00707	0.00785	0.00236	0.00942	0.00707	0.00393	0.01256
126	0.01963	0.01884	0.03219	0.04867	0.67185	0.01884	0.02434	0.02434	0.01806	0.02591	0.01492	0.01963	0.01256	0.00707	0.00785	0.00236	0.00942	0.00707	0.00393	0.01256
127	0.02962	0.03779	0.02247	0.02043	0.02451	0.68948	0.01532	0.03166	0.02247	0.01941	0.01226	0.01430	0.01021	0.00817	0.00715	0.00204	0.01430	0.00511	0.00409	0.00919
128	0.01972	0.01703	0.01793	0.01614	0.02062	0.01972	0.01255	0.04214	0.65752	0.03317	0.03228	0.02959	0.02421	0.01076	0.00807	0.00269	0.00628	0.00897	0.00807	0.01255
129	0.01133	0.00850	0.01274	0.01274	0.01416	0.00991	0.00991	0.01416	0.01274	0.01841	0.02124	0.03115	0.01982	0.05947	0.68989	0.01274	0.02124	0.00850	0.00425	0.00708
130	0.01869	0.01639	0.01921	0.16621	0.02806	0.01926	0.01462	0.03735	0.51717	0.03035	0.02830	0.02774	0.02122	0.01014	0.00804	0.00268	0.00722	0.00855	0.00707	0.01173
131	0.00966	0.00690	0.00920	0.01104	0.01150	0.00644	0.00736	0.01104	0.01518	0.02024	0.04371	0.71614	0.05245	0.02484	0.01012	0.00322	0.00460	0.02254	0.00736	0.00644
132	0.01377	0.00689	0.01033	0.01033	0.01033	0.00689	0.00689	0.01033	0.01033	0.01377	0.01377	0.02410	0.01377	0.02755	0.03099	0.76928	0.00689	0.00689	0.00344	0.00344
133	0.01130	0.00816	0.01071	0.01020	0.01207	0.00756	0.00774	0.01504	0.02224	0.03140	0.63688	0.06072	0.07339	0.01649	0.00943	0.00255	0.00392	0.04406	0.00866	0.00747
134	0.02126	0.01614	0.01758	0.01541	0.01997	0.01799	0.01209	0.07730	0.48986	0.10402	0.06870	0.03202	0.04957	0.01123	0.00817	0.00263	0.00626	0.00933	0.00826	0.01221
135	0.01824	0.01911	0.02406	0.38260	0.06756	0.13180	0.01979	0.02204	0.01609	0.02006	0.01286	0.01895	0.01056	0.00948	0.01250	0.00275	0.19224	0.00670	0.00362	0.00900
136	0.02313	0.01665	0.01926	0.03977	0.02202	0.01591	0.01209	0.25267	0.02472	0.10339	0.01930	0.05553	0.01532	0.00871	0.00716	0.00192	0.00713	0.00697	0.00653	0.34181
137	0.01705	0.03789	0.57706	0.02169	0.03221	0.04302	0.02680	0.06402	0.01803	0.02610	0.01486	0.01761	0.01082	0.01059	0.04578	0.00306	0.01216	0.00606	0.00372	0.01148

[dist]
# distance from previous block
# <min> <max>
3	9

[block]
# block no. 1 follows, 24 sequences, length 144
# corresponding to MSA columns:
# 200-343
name=unknown_B
#
# <colnr> <probs for GDERKNQSTAVLIFYWHMCP>
#	G	D	E	R	K	N	Q	S	T	A	V	L	I	F	Y	W	H	M	C	P
0	0.02991	0.01385	0.01783	0.01379	0.01965	0.01232	0.01125	0.07418	0.04711	0.46622	0.07987	0.02769	0.02277	0.00979	0.00779	0.00228	0.00649	0.00801	0.00881	0.12038
1	0.01569	0.01224	0.01482	0.04365	0.04979	0.01288	0.01099	0.02563	0.24424	0.06066	0.18184	0.10405	0.12964	0.01477	0.00885	0.00271	0.00565	0.04453	0.00771	0.00966
2	0.01644	0.01409	0.01644	0.01175	0.01879	0.01057	0.00940	0.01997	0.01644	0.02584	0.01409	0.01644	0.01175	0.00587	0.00587	0.00117	0.00587	0.00470	0.00470	0.76979
3	0.01245	0.01036	0.01579	0.01450	0.01604	0.01101	0.07535	0.01427	0.01539	0.02097	0.09104	0.29668	0.10498	0.02193	0.04819	0.08642	0.11663	0.01496	0.00595	0.00706
4	0.01735	0.01735	0.02429	0.02082	0.02082	0.02429	0.01735	0.01908	0.01214	0.01908	0.01041	0.01735	0.01041	0.01388	0.02602	0.00347	0.70680	0.00694	0.00347	0.00867
5	0.01133	0.00850	0.01274	0.01274	0.01416	0.00991	0.00991	0.01416	0.01274	0.01841	0.02124	0.03115	0.01982	0.05947	0.68989	0.01274	0.02124	0.00850	0.00425	0.00708
6	0.01590	0.04102	0.68023	0.02260	0.03432	0.01842	0.02930	0.02511	0.01674	0.02511	0.01423	0.01674	0.01005	0.00753	0.00753	0.00251	0.01172	0.00586	0.00335	0.01172
7	0.01278	0.00913	0.01278	0.01460	0.01643	0.00913	0.01278	0.01643	0.01825	0.02373	0.04199	0.08945	0.04564	0.02191	0.01095	0.00365	0.00730	0.61847	0.00730	0.00730
8	0.01270	0.00907	0.01266	0.01436	0.01619	0.00904	0.01250	0.01635	0.01848	0.02416	0.07518	0.08785	0.04719	0.02160	0.01087	0.00359	0.00711	0.58642	0.00738	0.00731
9	0.77733	0.01534	0.01166	0.01043	0.01534	0.01779	0.00859	0.02331	0.01350	0.03558	0.01104	0.01288	0.00859	0.00736	0.00491	0.00245	0.00613	0.00429	0.00491	0.00859
10	0.01135	0.00841	0.01231	0.01231	0.01358	0.00968	0.00937	0.01388	0.01262	0.01809	0.02164	0.03335	0.02078	0.12967	0.62100	0.01221	0.01980	0.00882	0.00431	0.00684
11	0.02962	0.03779	0.02247	0.02043	0.02451	0.68948	0.01532	0.03166	0.02247	0.01941	0.01226	0.01430	0.01021	0.00817	0.00715	0.00204	0.01430	0.00511	0.00409	0.00919
12	0.01972	0.01703	0.01793	0.01614	0.02062	0.01972	0.01255	0.04214	0.65752	0.03317	0.03228	0.02959	0.02421	0.01076	0.00807	0.00269	0.00628	0.00897	0.00807	0.01255
13	0.00966	0.00690	0.00920	0.01104	0.01150	0.00644	0.00736	0.01104	0.01518	0.02024	0.04371	0.71614	0.05245	0.02484	0.01012	0.00322	0.00460	0.02254	0.00736	0.00644
14	0.00966	0.00690	0.00920	0.01104	0.01150	0.00644	0.00736	0.01104	0.01518	0.02024	0.04371	0.71614	0.05245	0.02484	0.01012	0.00322	0.00460	0.02254	0.00736	0.00644
15	0.74990	0.01511	0.01170	0.01058	0.01537	0.01748	0.00874	0.02306	0.01367	0.03515	0.01215	0.01563	0.00992	0.00788	0.00512	0.00250	0.00618	0.02632	0.00499	0.00854
16	0.03014	0.02221	0.02380	0.01825	0.02459	0.02459	0.01507	0.64541	0.03728	0.04998	0.01904	0.01904	0.01349	0.00952	0.00793	0.00238	0.00873	0.00714	0.00793	0.01349
17	0.01735	0.01735	0.02429	0.02082	0.02082	0.02429	0.01735	0.01908	0.01214	0.01908	0.01041	0.01735	0.01041	0.01388	0.02602	0.00347	0.70680	0.00694	0.00347	0.00867
18	0.01134	0.00846	0.01259	0.01259	0.01395	0.00983	0.00971	0.01406	0.01270	0.01829	0.02139	0.03195	0.02017	0.08506	0.66478	0.01255	0.02072	0.00861	0.00427	0.00699
19	0.02120	0.72609	0.04155	0.01357	0.02035	0.03138	0.01357	0.02374	0.01611	0.01866	0.01102	0.01272	0.01018	0.00678	0.00509	0.00170	0.00848	0.00424	0.00339	0.01018
20	0.01963	0.01884	0.03219	0.04867	0.67185	0.01884	0.02434	0.02434	0.01806	0.02591	0.01492	0.01963	0.01256	0.00707	0.00785	0.00236	0.00942	0.00707	0.00393	0.01256
21	0.01133	0.00850	0.01274	0.01274	0.01416	0.00991	0.00991	0.01416	0.01274	0.01841	0.02124	0.03115	0.01982	0.05947	0.68989	0.01274	0.02124	0.00850	0.00425	0.00708
22	0.01001	0.00907	0.04952	0.01143	0.01280	0.00719	0.00855	0.01192	0.01557	0.02066	0.04569	0.60831	0.11315	0.02331	0.00989	0.00312	0.00497	0.02094	0.00712	0.00679
23	0.01086	0.00809	0.01009	0.00959	0.01162	0.00733	0.00719	0.01426	0.02158	0.02975	0.55161	0.06261	0.19215	0.01698	0.00936	0.00253	0.00380	0.01481	0.00846	0.00733
24	0.02098	0.69790	0.06783	0.01394	0.02093	0.03084	0.01422	0.02380	0.01614	0.01892	0.01116	0.01289	0.01017	0.00682	0.00519	0.00173	0.00861	0.00431	0.00339	0.01024
25	0.01133	0.00850	0.01274	0.01274	0.01416	0.00991	0.00991	0.01416	0.01274	0.01841	0.02124	0.03115	0.01982	0.05947	0.68989	0.01274	0.02124	0.00850	0.00425	0.00708
26	0.02173	0.01901	0.02820	0.03495	0.37817	0.01976	0.05064	0.18116	0.08361	0.03294	0.05585	0.02283	0.01751	0.00855	0.00805	0.00242	0.00881	0.00780	0.00561	0.01240
27	0.01755	0.26752	0.36445	0.02016	0.06616	0.02187	0.02192	0.02373	0.01696	0.02326	0.04682	0.02075	0.01497	0.00829	0.00696	0.00227	0.00991	0.03176	0.00383	0.01085
28	0.01142	0.00768	0.00884	0.00893	0.00901	0.00771	0.00514	0.01161	0.01177	0.01575	0.02583	0.08633	0.02973	0.65870	0.06394	0.00765	0.00805	0.01200	0.00492	0.00498
29	0.02883	0.05880	0.06419	0.01835	0.02496	0.04581	0.01586	0.55754	0.03452	0.04595	0.01813	0.01843	0.01301	0.00922	0.00774	0.00234	0.00907	0.00685	0.00731	0.01308
30	0.02209	0.01734	0.02073	0.05783	0.02392	0.01856	0.03589	0.16820	0.24717	0.08086	0.02271	0.02294	0.01696	0.00931	0.00869	0.00235	0.04828	0.00742	0.00681	0.16193
31	0.01833	0.04664	0.08257	0.16330	0.08961	0.02061	0.11064	0.07948	0.01753	0.02484	0.01447	0.01958	0.01172	0.00951	0.01299	0.00274	0.20833	0.00718	0.04991	0.01003
32	0.01214	0.00913	0.01100	0.01075	0.01253	0.00907	0.00772	0.01754	0.11119	0.02710	0.34586	0.16487	0.08852	0.12046	0.01384	0.00342	0.00484	0.01465	0.00776	0.00761
33	0.02238	0.62963	0.03888	0.01453	0.02094	0.12361	0.01381	0.02485	0.01700	0.01876	0.01120	0.01294	0.01018	0.00698	0.00538	0.00174	0.00930	0.00436	0.00349	0.01004
34	0.01797	0.01500	0.01726	0.01247	0.01944	0.01214	0.01003	0.08975	0.01877	0.02853	0.01465	0.01673	0.01194	0.00628	0.00610	0.00131	0.00619	0.00497	0.00506	0.68540
35	0.01994	0.05729	0.03164	0.04012	0.46938	0.05575	0.05936	0.02488	0.04231	0.02469	0.01482	0.01922	0.01250	0.00797	0.00973	0.00246	0.08519	0.00701	0.00402	0.01172
36	0.01569	0.11321	0.01607	0.01098	0.01439	0.01219	0.00891	0.05569	0.02156	0.08879	0.35552	0.05056	0.17708	0.01464	0.00853	0.00241	0.00506	0.01234	0.00773	0.00863
37	0.01153	0.00769	0.00865	0.00865	0.00865	0.00769	0.00480	0.01153	0.01153	0.01538	0.02499	0.05189	0.02883	0.72131	0.04036	0.00769	0.00769	0.01153	0.00480	0.00480
38	0.02740	0.05469	0.02333	0.02010	0.09122	0.05460	0.01479	0.35036	0.05880	0.13689	0.02216	0.07134	0.01735	0.01028	0.00792	0.00241	0.00835	0.00823	0.00734	0.01245
39	0.00966	0.00690	0.00920	0.01104	0.01150	0.00644	0.00736	0.01104	0.01518	0.02024	0.04371	0.71614	0.05245	0.02484	0.01012	0.00322	0.00460	0.02254	0.00736	0.00644
40	0.01644	0.01409	0.01644	0.01175	0.01879	0.01057	0.00940	0.01997	0.01644	0.02584	0.01409	0.01644	0.01175	0.00587	0.00587	0.00117	0.00587	0.00470	0.00470	0.76979
41	0.09732	0.14803	0.47734	0.01931	0.02909	0.01999	0.02363	0.02427	0.01654	0.02546	0.04106	0.01748	0.01266	0.00776	0.00694	0.00237	0.01026	0.00579	0.00375	0.01096
42	0.77733	0.01534	0.01166	0.01043	0.01534	0.01779	0.00859	0.02331	0.01350	0.03558	0.01104	0.01288	0.00859	0.00736	0.00491	0.00245	0.00613	0.00429	0.00491	0.00859
43	0.01244	0.00888	0.01239	0.01421	0.01589	0.00883	0.01219	0.01584	0.01792	0.02335	0.04217	0.15800	0.04638	0.02223	0.01086	0.00360	0.00701	0.55329	0.00731	0.00721
44	0.05810	0.05548	0.02237	0.01867	0.06142	0.02239	0.01428	0.31298	0.27643	0.03973	0.02320	0.02260	0.01724	0.00962	0.00770	0.00247	0.00768	0.00758	0.00738	0.01268
45	0.01478	0.00739	0.00739	0.00739	0.00924	0.00739	0.00554	0.01848	0.01663	0.02956	0.02587	0.02956	0.02033	0.00924	0.00554	0.00185	0.00370	0.00739	0.76534	0.00739
46	0.69560	0.01809	0.08341	0.01173	0.01737	0.01786	0.01081	0.02350	0.01384	0.03446	0.01138	0.01330	0.00874	0.00738	0.00519	0.00246	0.00673	0.00446	0.00474	0.00892
47	0.41725	0.07692	0.01770	0.01267	0.01839	0.01906	0.01061	0.15230	0.01950	0.06745	0.01411	0.01533	0.01072	0.00767	0.00583	0.00220	0.00686	0.00512	0.00562	0.11468
48	0.01153	0.00769	0.00865	0.00865	0.00865	0.00769	0.00480	0.01153	0.01153	0.01538	0.02499	0.05189	0.02883	0.72131	0.04036	0.00769	0.00769	0.01153	0.00480	0.00480
49	0.01644	0.01409	0.01644	0.01175	0.01879	0.01057	0.00940	0.01997	0.01644	0.02584	0.01409	0.01644	0.01175	0.00587	0.00587	0.00117	0.00587	0.00470	0.00470	0.76979
50	0.77733	0.01534	0.01166	0.01043	0.01534	0.01779	0.00859	0.02331	0.01350	0.03558	0.01104	0.01288	0.00859	0.00736	0.00491	0.00245	0.00613	0.00429	0.00491	0.00859
51	0.01618	0.01382	0.01617	0.01172	0.01851	0.01041	0.00932	0.01962	0.01640	0.02563	0.01523	0.04329	0.01331	0.00660	0.00604	0.00125	0.00582	0.00538	0.00480	0.74050
52	0.77733	0.01534	0.01166	0.01043	0.01534	0.01779	0.00859	0.02331	0.01350	0.03558	0.01104	0.01288	0.00859	0.00736	0.00491	0.00245	0.00613	0.00429	0.00491	0.00859
53	0.01646	0.00922	0.01223	0.01094	0.01366	0.00834	0.00839	0.01993	0.02212	0.17221	0.49554	0.08704	0.06158	0.01527	0.00909	0.00252	0.00444	0.01339	0.00889	0.00874
54	0.01688	0.03966	0.64757	0.02218	0.03363	0.01808	0.02843	0.02578	0.01704	0.05730	0.01507	0.01725	0.01052	0.00765	0.00756	0.00251	0.01147	0.00596	0.00367	0.01181
55	0.01735	0.01735	0.02429	0.02082	0.02082	0.02429	0.01735	0.01908	0.01214	0.01908	0.01041	0.01735	0.01041	0.01388	0.02602	0.00347	0.70680	0.00694	0.00347	0.00867
56	0.01686	0.01668	0.02419	0.16037	0.02774	0.02292	0.01831	0.01932	0.01290	0.01932	0.01116	0.01813	0.01044	0.01266	0.02232	0.00330	0.56422	0.00696	0.00348	0.00870
57	0.01061	0.00783	0.01014	0.01164	0.01295	0.00735	0.00886	0.01284	0.01670	0.02158	0.04984	0.39708	0.16279	0.02303	0.01025	0.00326	0.00537	0.21376	0.00734	0.00677
58	0.00965	0.00695	0.00915	0.01091	0.01147	0.00645	0.00730	0.01106	0.01531	0.02030	0.04533	0.68778	0.07976	0.02463	0.01009	0.00320	0.00457	0.02229	0.00736	0.00645
59	0.03480	0.01332	0.01815	0.01398	0.01997	0.01152	0.01152	0.03788	0.02269	0.65659	0.05174	0.02803	0.02140	0.01002	0.00802	0.00245	0.00665	0.00818	0.00978	0.01330
60	0.02962	0.03779	0.02247	0.02043	0.02451	0.68948	0.01532	0.03166	0.02247	0.01941	0.01226	0.01430	0.01021	0.00817	0.00715	0.00204	0.01430	0.00511	0.00409	0.00919
61	0.01644	0.01409	0.01644	0.01175	0.01879	0.01057	0.00940	0.01997	0.01644	0.02584	0.01409	0.01644	0.01175	0.00587	0.00587	0.00117	0.00587	0.00470	0.00470	0.76979
62	0.01156	0.00873	0.01108	0.01225	0.01438	0.00825	0.01036	0.01462	0.01819	0.02290	0.05574	0.08474	0.26915	0.02125	0.01039	0.00330	0.00612	0.40259	0.00732	0.00708
63	0.01905	0.01971	0.03795	0.06997	0.38154	0.01930	0.28350	0.02461	0.01824	0.02546	0.01535	0.02043	0.01225	0.00694	0.00849	0.00250	0.01112	0.00803	0.00394	0.01162
64	0.02044	0.62748	0.13348	0.01487	0.02236	0.02951	0.01583	0.02394	0.01620	0.01959	0.01149	0.01330	0.01016	0.00689	0.00544	0.00181	0.00895	0.00447	0.00339	0.01040
65	0.00975	0.00699	0.00913	0.01080	0.01132	0.00652	0.00717	0.01108	0.01510	0.02003	0.04415	0.65580	0.07540	0.06157	0.01169	0.00344	0.00474	0.02173	0.00723	0.00636
66	0.00968	0.00798	0.00850	0.00851	0.01093	0.00680	0.00633	0.01192	0.01859	0.02297	0.16965	0.11110	0.54010	0.01976	0.00941	0.00268	0.00401	0.01670	0.00758	0.00680
67	0.01746	0.05380	0.05991	0.02055	0.02151	0.02433	0.01779	0.01963	0.01259	0.01938	0.01064	0.01709	0.01038	0.01319	0.02400	0.00333	0.63528	0.00675	0.00346	0.00891
68	0.01961	0.01693	0.01788	0.01599	0.02056	0.01941	0.01244	0.04138	0.63552	0.03292	0.03165	0.02913	0.02378	0.01059	0.00799	0.00264	0.00626	0.00882	0.00795	0.03854
69	0.02789	0.02077	0.02290	0.01923	0.06128	0.02289	0.01487	0.53022	0.07713	0.04619	0.02011	0.02043	0.01457	0.00944	0.00779	0.00237	0.00830	0.00727	0.05335	0.01300
70	0.02691	0.01479	0.01823	0.01361	0.02015	0.01275	0.01112	0.10327	0.02182	0.32943	0.02262	0.02162	0.01559	0.00813	0.00709	0.00191	0.00662	0.00650	0.00745	0.33041
71	0.02100	0.01457	0.01766	0.08865	0.02220	0.01560	0.01238	0.22227	0.08835	0.10086	0.18540	0.08768	0.03339	0.01311	0.00937	0.03219	0.00683	0.01043	0.00764	0.01043
72	0.73772	0.01570	0.01230	0.01084	0.01583	0.01815	0.00893	0.05628	0.01476	0.03634	0.01147	0.01321	0.00885	0.00748	0.00507	0.00245	0.00627	0.00444	0.00507	0.00885
73	0.01732	0.01740	0.02520	0.04494	0.02284	0.02388	0.04325	0.01938	0.01254	0.01938	0.01077	0.01765	0.01048	0.01338	0.02471	0.00341	0.65416	0.00704	0.00349	0.00876
74	0.03212	0.01711	0.02046	0.01574	0.02193	0.01706	0.01297	0.27895	0.05288	0.37998	0.02585	0.02356	0.01709	0.00959	0.00789	0.00239	0.00748	0.00756	0.00882	0.04058
75	0.01823	0.01994	0.03872	0.02890	0.03404	0.02157	0.41856	0.02313	0.01636	0.02313	0.01402	0.01994	0.01145	0.00927	0.01534	0.00296	0.26215	0.00849	0.00382	0.00997
76	0.04046	0.01538	0.02492	0.47753	0.15585	0.01871	0.02138	0.02091	0.01567	0.02157	0.01366	0.02012	0.01083	0.00854	0.01019	0.00270	0.10156	0.00695	0.00363	0.00943
77	0.01113	0.00811	0.01078	0.01238	0.01378	0.00777	0.00980	0.01368	0.01702	0.02207	0.04744	0.33455	0.12589	0.02284	0.01043	0.00336	0.00583	0.30893	0.00733	0.00689
78	0.01153	0.00769	0.00865	0.00865	0.00865	0.00769	0.00480	0.01153	0.01153	0.01538	0.02499	0.05189	0.02883	0.72131	0.04036	0.00769	0.00769	0.01153	0.00480	0.00480
79	0.47364	0.09028	0.01726	0.01349	0.03811	0.06801	0.01064	0.08595	0.01755	0.03305	0.05162	0.04088	0.01489	0.00869	0.00593	0.00236	0.00715	0.00594	0.00527	0.00928
80	0.01714	0.01705	0.02389	0.02054	0.02059	0.02380	0.01709	0.01892	0.01216	0.01906	0.01078	0.01782	0.01073	0.01544	0.04877	0.00379	0.68331	0.00699	0.00350	0.00862
81	0.01152	0.00773	0.00887	0.00887	0.00894	0.00781	0.00508	0.01167	0.01160	0.01554	0.02479	0.05079	0.02835	0.68623	0.07479	0.00796	0.00841	0.01137	0.00478	0.00493
82	0.01939	0.01854	0.03130	0.08086	0.61949	0.01881	0.02384	0.02470	0.03853	0.02585	0.01543	0.02002	0.01283	0.00723	0.00786	0.00238	0.00938	0.00713	0.00404	0.01237
83	0.06151	0.17455	0.51521	0.02011	0.03046	0.02093	0.02499	0.02474	0.01643	0.02445	0.01341	0.01572	0.00999	0.00738	0.00690	0.00235	0.01075	0.00545	0.00345	0.01123
84	0.01950	0.01920	0.03425	0.04652	0.58296	0.01901	0.11157	0.02449	0.01815	0.02584	0.01507	0.01988	0.01249	0.00701	0.00806	0.00240	0.00998	0.00739	0.00394	0.01230
85	0.01178	0.00833	0.01023	0.01006	0.01034	0.00895	0.00644	0.01243	0.01180	0.01616	0.02352	0.04608	0.02614	0.55541	0.16799	0.00848	0.04508	0.01070	0.00463	0.00545
86	0.08041	0.05489	0.10656	0.02966	0.06883	0.05563	0.43633	0.02541	0.01814	0.02560	0.01497	0.01938	0.01140	0.00693	0.00843	0.00255	0.01225	0.00802	0.00399	0.01062
87	0.01524	0.01446	0.02384	0.62622	0.05084	0.01836	0.02150	0.02013	0.01544	0.02013	0.01368	0.02072	0.01055	0.00859	0.00995	0.00273	0.08825	0.00704	0.00352	0.00879
88	0.01872	0.05526	0.03459	0.16620	0.03720	0.05309	0.31360	0.05090	0.01812	0.02431	0.01528	0.02047	0.01192	0.00813	0.01036	0.00262	0.09154	0.00792	0.04987	0.00990
89	0.01133	0.00850	0.01274	0.01274	0.01416	0.00991	0.00991	0.01416	0.01274	0.01841	0.02124	0.03115	0.01982	0.05947	0.68989	0.01274	0.02124	0.00850	0.00425	0.00708
90	0.20801	0.12040	0.18359	0.01672	0.02399	0.04924	0.01666	0.21192	0.02249	0.05639	0.01497	0.01620	0.01108	0.00809	0.00668	0.00233	0.00895	0.00569	0.00537	0.01124
91	0.05268	0.47405	0.03386	0.01516	0.02113	0.15314	0.01366	0.05107	0.07908	0.02206	0.01359	0.01487	0.01158	0.00755	0.00586	0.00191	0.00928	0.00497	0.00420	0.01028
92	0.01693	0.15892	0.54511	0.02146	0.03218	0.02072	0.05030	0.02489	0.01671	0.02401	0.01375	0.01623	0.01014	0.00737	0.00718	0.00238	0.01122	0.00571	0.00338	0.01141
93	0.01551	0.01677	0.09572	0.32953	0.17580	0.01578	0.02046	0.02033	0.01685	0.02287	0.06939	0.02956	0.01938	0.01074	0.00960	0.04751	0.00940	0.06109	0.00434	0.00939
94	0.01590	0.04102	0.68023	0.02260	0.03432	0.01842	0.02930	0.02511	0.01674	0.02511	0.01423	0.01674	0.01005	0.00753	0.00753	0.00251	0.01172	0.00586	0.00335	0.01172
95	0.01735	0.01735	0.02429	0.02082	0.02082	0.02429	0.01735	0.01908	0.01214	0.01908	0.01041	0.01735	0.01041	0.01388	0.02602	0.00347	0.70680	0.00694	0.00347	0.00867
96	0.01615	0.07327	0.65016	0.02218	0.03366	0.01903	0.02856	0.02505	0.01671	0.02481	0.01408	0.01655	0.01005	0.00750	0.00742	0.00247	0.01157	0.00578	0.00335	0.01165
97	0.01719	0.02549	0.26121	0.07396	0.34339	0.01755	0.02452	0.02336	0.01747	0.02497	0.01908	0.02490	0.04411	0.00865	0.00797	0.00251	0.00995	0.03818	0.00403	0.01150
98	0.01498	0.01409	0.02378	0.70226	0.05462	0.01762	0.02202	0.02026	0.01586	0.02026	0.01409	0.02114	0.01057	0.00793	0.00793	0.00264	0.01057	0.00705	0.00352	0.00881
99	0.01604	0.04009	0.65041	0.02311	0.03466	0.01849	0.05819	0.02513	0.01683	0.02513	0.01432	0.01696	0.01014	0.00749	0.00762	0.00252	0.01180	0.00602	0.00338	0.01167
100	0.01804	0.01766	0.02529	0.05592	0.02373	0.02377	0.04691	0.05610	0.01411	0.02125	0.01137	0.01783	0.01067	0.01298	0.02326	0.00333	0.59790	0.00707	0.00376	0.00906
101	0.03072	0.01983	0.01887	0.01558	0.02069	0.18239	0.01229	0.07033	0.06103	0.38155	0.02723	0.02643	0.03992	0.04513	0.00943	0.00263	0.00868	0.00774	0.00783	0.01169
102	0.01153	0.00769	0.00865	0.00865	0.00865	0.00769	0.00480	0.01153	0.01153	0.01538	0.02499	0.05189	0.02883	0.72131	0.04036	0.00769	0.00769	0.01153	0.00480	0.00480
103	0.01082	0.00783	0.01012	0.01006	0.01161	0.00723	0.00730	0.01385	0.02033	0.02830	0.48575	0.19897	0.09646	0.04242	0.01058	0.00283	0.00407	0.01610	0.00824	0.00713
