[name]
unknown

[dist]
# distance from previous block
# <min> <max>
3	31

[block]
# block no. 0 follows, 22 sequences, length 18
# corresponding to MSA columns:
# 45-62
name=unknown_A
#
# <colnr> <probs for GDERKNQSTAVLIFYWHMCP>
#	G	D	E	R	K	N	Q	S	T	A	V	L	I	F	Y	W	H	M	C	P
0	0.07018	0.02186	0.05428	0.01849	0.02531	0.02206	0.04095	0.40059	0.06710	0.11863	0.02110	0.02103	0.01490	0.00950	0.00806	0.00247	0.00877	0.00740	0.00776	0.05958
1	0.12815	0.05833	0.02377	0.15994	0.09914	0.07459	0.01673	0.19726	0.06204	0.03368	0.01850	0.05849	0.01522	0.00975	0.00776	0.00256	0.00930	0.00773	0.00582	0.01124
2	0.01824	0.01753	0.03047	0.26389	0.37124	0.01865	0.06754	0.02333	0.01801	0.02475	0.01714	0.06022	0.01480	0.00874	0.00850	0.00265	0.01029	0.00850	0.00418	0.01132
3	0.04693	0.01009	0.01268	0.01223	0.01442	0.00997	0.00911	0.04382	0.02007	0.10178	0.22526	0.30319	0.08586	0.01915	0.01054	0.00296	0.03871	0.01659	0.00816	0.00848
4	0.06120	0.06569	0.02405	0.04873	0.02618	0.42225	0.01573	0.14647	0.06364	0.02808	0.01546	0.01709	0.01220	0.00888	0.00754	0.00228	0.01251	0.00601	0.00529	0.01071
5	0.02294	0.06843	0.02667	0.28211	0.07604	0.07832	0.01933	0.21367	0.02411	0.03109	0.01575	0.01982	0.01209	0.00921	0.00954	0.00261	0.06489	0.00703	0.00521	0.01113
6	0.01443	0.00722	0.01082	0.01082	0.01082	0.00722	0.00722	0.01082	0.01082	0.01443	0.01443	0.02525	0.01443	0.02886	0.03247	0.75830	0.00722	0.00722	0.00361	0.00361
7	0.01176	0.00849	0.01110	0.01045	0.01241	0.00784	0.00784	0.01568	0.02352	0.03331	0.65184	0.06206	0.07839	0.01698	0.00980	0.00261	0.00392	0.01502	0.00914	0.00784
8	0.02170	0.32211	0.20437	0.02002	0.02787	0.07060	0.08393	0.02661	0.01792	0.06155	0.01434	0.01679	0.01146	0.00814	0.00842	0.00232	0.06061	0.00597	0.00408	0.01117
9	0.01839	0.01591	0.02008	0.01443	0.02184	0.01282	0.05528	0.06336	0.01891	0.02879	0.01527	0.01779	0.01245	0.00648	0.00657	0.00143	0.00693	0.00546	0.00510	0.65270
10	0.03213	0.02238	0.02438	0.01869	0.02532	0.02444	0.01544	0.57130	0.03757	0.11167	0.02119	0.02076	0.01475	0.01000	0.00831	0.00250	0.00894	0.00756	0.00850	0.01413
11	0.01208	0.00805	0.00906	0.00906	0.00906	0.00805	0.00503	0.01208	0.01208	0.01611	0.02618	0.05436	0.03020	0.70804	0.04228	0.00805	0.00805	0.01208	0.00503	0.00503
12	0.30027	0.01713	0.01661	0.01395	0.01914	0.01899	0.01130	0.19801	0.11467	0.07531	0.02517	0.02512	0.06558	0.01021	0.00712	0.00256	0.00692	0.00752	0.05329	0.01112
13	0.05164	0.46334	0.22221	0.01702	0.02553	0.02807	0.01885	0.04818	0.01780	0.02349	0.01285	0.01481	0.01068	0.00747	0.00618	0.00209	0.00978	0.00505	0.00379	0.01119
14	0.01160	0.00890	0.01130	0.01216	0.01336	0.00876	0.00848	0.01439	0.05039	0.02209	0.04236	0.53597	0.07338	0.05201	0.01232	0.00340	0.03847	0.02014	0.00727	0.05325
15	0.01803	0.01324	0.01569	0.04511	0.01899	0.01274	0.01040	0.09220	0.08398	0.06391	0.06948	0.14301	0.02850	0.09492	0.01213	0.00298	0.00658	0.01080	0.03907	0.21824
16	0.35606	0.06199	0.09560	0.01446	0.02049	0.01878	0.01326	0.06403	0.06322	0.09461	0.01801	0.05118	0.01442	0.00938	0.00729	0.00254	0.03024	0.00666	0.00585	0.05191
17	0.22977	0.11888	0.18058	0.05881	0.10102	0.05329	0.04869	0.07039	0.01860	0.02995	0.01396	0.01674	0.01083	0.00785	0.00694	0.00246	0.00982	0.00591	0.00448	0.01103

[dist]
# distance from previous block
# <min> <max>
2	31

[block]
# block no. 1 follows, 22 sequences, length 7
# corresponding to MSA columns:
# 94-100
name=unknown_B
#
# <colnr> <probs for GDERKNQSTAVLIFYWHMCP>
#	G	D	E	R	K	N	Q	S	T	A	V	L	I	F	Y	W	H	M	C	P
0	0.02523	0.11471	0.02369	0.01617	0.02195	0.10630	0.03891	0.10944	0.07171	0.14898	0.08171	0.02491	0.02137	0.00949	0.00760	0.00220	0.00837	0.00753	0.03114	0.12859
1	0.07972	0.02976	0.29344	0.02140	0.05787	0.02078	0.02154	0.21194	0.07068	0.08528	0.01902	0.01994	0.01351	0.00893	0.00791	0.00259	0.00994	0.00690	0.00602	0.01284
2	0.12282	0.11947	0.16513	0.01683	0.02367	0.06836	0.01645	0.13313	0.02154	0.03116	0.04661	0.06397	0.01866	0.01023	0.00746	0.00241	0.00901	0.03465	0.00550	0.08295
3	0.02045	0.11457	0.03446	0.08960	0.52802	0.02145	0.02378	0.02512	0.01848	0.02569	0.01501	0.01968	0.01267	0.00742	0.00783	0.00239	0.00982	0.00699	0.00401	0.01255
4	0.01959	0.01534	0.02524	0.30215	0.18440	0.01640	0.05882	0.02437	0.01857	0.11173	0.02375	0.02768	0.06242	0.00935	0.00832	0.00261	0.00938	0.00848	0.06074	0.01067
5	0.15867	0.01714	0.02062	0.06774	0.05347	0.01698	0.04148	0.15544	0.02180	0.05974	0.01735	0.04407	0.01399	0.00845	0.00713	0.00213	0.00776	0.00677	0.00586	0.27341
6	0.01612	0.03864	0.02214	0.42173	0.06836	0.01680	0.01838	0.06530	0.01847	0.02368	0.02661	0.07392	0.10247	0.01207	0.00952	0.03279	0.00930	0.00973	0.00487	0.00913

[dist]
# distance from previous block
# <min> <max>
3	16

[block]
# block no. 2 follows, 22 sequences, length 46
# corresponding to MSA columns:
# 117-162
name=unknown_C
#
# <colnr> <probs for GDERKNQSTAVLIFYWHMCP>
#	G	D	E	R	K	N	Q	S	T	A	V	L	I	F	Y	W	H	M	C	P
0	0.06892	0.01475	0.01520	0.07650	0.02004	0.09068	0.01133	0.08621	0.04550	0.02733	0.10480	0.29329	0.03736	0.01771	0.01036	0.04307	0.00729	0.01433	0.00680	0.00852
1	0.01871	0.01331	0.01719	0.08482	0.05629	0.01351	0.01266	0.14187	0.02178	0.07760	0.03103	0.28413	0.03164	0.01610	0.00905	0.00279	0.00702	0.04497	0.03540	0.08013
2	0.02024	0.05672	0.02368	0.10252	0.16644	0.08287	0.01674	0.07714	0.13667	0.02813	0.02512	0.07939	0.04406	0.01121	0.00832	0.00257	0.00881	0.04040	0.00586	0.06308
3	0.01860	0.03224	0.37583	0.10381	0.16281	0.01987	0.07267	0.06744	0.01936	0.02774	0.01553	0.01919	0.01152	0.00792	0.00818	0.00262	0.01157	0.00690	0.00404	0.01216
4	0.11603	0.01788	0.02244	0.02131	0.11432	0.01831	0.04559	0.17938	0.08889	0.11253	0.05117	0.04599	0.01940	0.00974	0.00789	0.00244	0.00789	0.00811	0.00696	0.10374
5	0.02848	0.12080	0.02443	0.01674	0.02233	0.08037	0.01391	0.20410	0.08539	0.19794	0.07059	0.02488	0.02081	0.01038	0.00881	0.00247	0.03971	0.00782	0.00763	0.01241
6	0.06480	0.02218	0.09641	0.02787	0.06269	0.04285	0.35687	0.02485	0.01949	0.02790	0.09480	0.02556	0.02028	0.00838	0.00889	0.00259	0.01136	0.00912	0.00486	0.06823
7	0.12688	0.06802	0.07112	0.20876	0.03216	0.01725	0.06221	0.02386	0.04886	0.06965	0.01956	0.08873	0.01684	0.01069	0.00871	0.03204	0.00885	0.00842	0.00512	0.07224
8	0.09452	0.42919	0.03228	0.06066	0.02227	0.09886	0.01343	0.02478	0.01741	0.02297	0.01395	0.01645	0.01192	0.00775	0.00582	0.00198	0.00882	0.00518	0.10186	0.00990
9	0.06478	0.05053	0.07156	0.07417	0.03763	0.01949	0.40176	0.02476	0.01844	0.02637	0.01719	0.05280	0.01406	0.00800	0.00881	0.00261	0.01185	0.00908	0.00440	0.08172
10	0.06861	0.63931	0.04069	0.01434	0.02120	0.06123	0.01398	0.02523	0.01701	0.02068	0.01161	0.01341	0.01056	0.00721	0.00542	0.00184	0.00901	0.00449	0.00368	0.01051
11	0.01670	0.06574	0.56900	0.02353	0.05963	0.01905	0.02825	0.02548	0.01799	0.02657	0.05906	0.02059	0.01535	0.00847	0.00794	0.00259	0.01146	0.00674	0.00393	0.01194
12	0.02050	0.01593	0.01845	0.01342	0.02064	0.01323	0.01083	0.10833	0.02073	0.06988	0.01661	0.01829	0.01307	0.00695	0.00659	0.00149	0.00663	0.00550	0.00573	0.60717
13	0.01443	0.00722	0.01082	0.01082	0.01082	0.00722	0.00722	0.01082	0.01082	0.01443	0.01443	0.02525	0.01443	0.02886	0.03247	0.75830	0.00722	0.00722	0.00361	0.00361
14	0.01176	0.00849	0.01110	0.01045	0.01241	0.00784	0.00784	0.01568	0.02352	0.03331	0.65184	0.06206	0.07839	0.01698	0.00980	0.00261	0.00392	0.01502	0.00914	0.00784
15	0.02196	0.68252	0.07184	0.01465	0.02199	0.03225	0.01497	0.02494	0.01691	0.01985	0.01170	0.01352	0.01065	0.00714	0.00545	0.00182	0.00904	0.00452	0.00355	0.01073
16	0.01792	0.01511	0.02328	0.21547	0.23480	0.01623	0.01867	0.02453	0.08276	0.05392	0.09313	0.03316	0.04749	0.01059	0.00853	0.00265	0.00845	0.03599	0.04659	0.01072
17	0.01439	0.01261	0.01819	0.01674	0.01763	0.01641	0.01350	0.01690	0.01310	0.01957	0.01771	0.02685	0.01682	0.04318	0.41575	0.00946	0.29072	0.00825	0.00412	0.00809
18	0.02845	0.01765	0.02097	0.04292	0.04885	0.01846	0.01393	0.32092	0.02973	0.19751	0.05196	0.07028	0.02158	0.01123	0.00834	0.00254	0.00782	0.00911	0.06508	0.01266
19	0.01723	0.01477	0.01723	0.01230	0.01969	0.01107	0.00984	0.02092	0.01723	0.02707	0.01477	0.01723	0.01230	0.00615	0.00615	0.00123	0.00615	0.00492	0.00492	0.75883
20	0.01840	0.01619	0.02608	0.23775	0.03536	0.01861	0.13510	0.08147	0.01891	0.02718	0.01761	0.02316	0.01380	0.00957	0.01132	0.00272	0.12684	0.00792	0.16226	0.00976
21	0.02818	0.02119	0.02260	0.01801	0.02396	0.02364	0.01466	0.45952	0.17989	0.04711	0.02358	0.02312	0.01714	0.01026	0.00822	0.00254	0.00827	0.00794	0.04660	0.01357
22	0.01961	0.02241	0.04902	0.03501	0.04342	0.02101	0.62605	0.02661	0.01961	0.02661	0.01681	0.02241	0.01261	0.00700	0.00980	0.00280	0.01401	0.00980	0.00420	0.01120
23	0.12415	0.07680	0.02057	0.01433	0.02051	0.01541	0.01203	0.06837	0.02281	0.47134	0.05076	0.02594	0.02008	0.00992	0.00774	0.00250	0.00715	0.00774	0.00890	0.01296
24	0.01781	0.18179	0.53625	0.02172	0.03292	0.02211	0.02728	0.02601	0.01740	0.02491	0.01421	0.01667	0.01055	0.00773	0.00736	0.00245	0.01157	0.00579	0.00352	0.01194
25	0.01012	0.00723	0.00964	0.01157	0.01205	0.00675	0.00771	0.01157	0.01591	0.02121	0.04579	0.70262	0.05495	0.02603	0.01060	0.00337	0.00482	0.02362	0.00771	0.00675
26	0.03727	0.01414	0.01928	0.01478	0.02121	0.01221	0.01221	0.04049	0.02378	0.66198	0.03277	0.02828	0.02056	0.01028	0.00835	0.00257	0.00707	0.00835	0.01028	0.01414
27	0.01176	0.00849	0.01110	0.01045	0.01241	0.00784	0.00784	0.01568	0.02352	0.03331	0.65184	0.06206	0.07839	0.01698	0.00980	0.00261	0.00392	0.01502	0.00914	0.00784
28	0.01818	0.01818	0.02545	0.02181	0.02181	0.02545	0.01818	0.01999	0.01272	0.01999	0.01091	0.01818	0.01091	0.01454	0.02726	0.00364	0.69284	0.00727	0.00364	0.00909
29	0.02001	0.01905	0.03192	0.08741	0.57089	0.01900	0.02416	0.02488	0.01865	0.02677	0.01551	0.02041	0.01297	0.00736	0.00807	0.00239	0.00966	0.00721	0.00415	0.06953
30	0.02034	0.01952	0.03333	0.07927	0.62964	0.01968	0.02539	0.02531	0.01881	0.02688	0.01559	0.02063	0.01307	0.00744	0.00823	0.00248	0.00992	0.00740	0.00409	0.01298
31	0.02056	0.01974	0.03372	0.05099	0.65622	0.01974	0.02550	0.02550	0.01892	0.02714	0.01563	0.02056	0.01316	0.00740	0.00822	0.00247	0.00987	0.00740	0.00411	0.01316
32	0.01116	0.00902	0.01003	0.00991	0.01253	0.00814	0.00760	0.01500	0.05323	0.02607	0.22386	0.07381	0.42636	0.01963	0.00987	0.00283	0.00452	0.06070	0.00812	0.00760
33	0.01696	0.04121	0.61707	0.02575	0.08305	0.01933	0.03030	0.02625	0.01764	0.02637	0.01496	0.01777	0.01072	0.00786	0.00792	0.00262	0.01209	0.00623	0.00355	0.01234
34	0.01666	0.04297	0.66500	0.02368	0.03596	0.01929	0.03069	0.02631	0.01754	0.02631	0.01491	0.01754	0.01052	0.00789	0.00789	0.00263	0.01228	0.00614	0.00351	0.01228
35	0.01176	0.00849	0.01110	0.01045	0.01241	0.00784	0.00784	0.01568	0.02352	0.03331	0.65184	0.06206	0.07839	0.01698	0.00980	0.00261	0.00392	0.01502	0.00914	0.00784
36	0.01666	0.04297	0.66500	0.02368	0.03596	0.01929	0.03069	0.02631	0.01754	0.02631	0.01491	0.01754	0.01052	0.00789	0.00789	0.00263	0.01228	0.00614	0.00351	0.01228
37	0.02686	0.05438	0.02652	0.02628	0.16062	0.20465	0.01769	0.21602	0.09694	0.03330	0.01789	0.01961	0.01397	0.00925	0.00877	0.00245	0.03976	0.00696	0.00591	0.01220
38	0.01443	0.00722	0.01082	0.01082	0.01082	0.00722	0.00722	0.01082	0.01082	0.01443	0.01443	0.02525	0.01443	0.02886	0.03247	0.75830	0.00722	0.00722	0.00361	0.00361
39	0.01085	0.00812	0.01024	0.01165	0.01310	0.00751	0.00874	0.01305	0.01750	0.02244	0.05555	0.38691	0.21223	0.02394	0.01061	0.00333	0.00535	0.16414	0.00770	0.00704
40	0.01848	0.01794	0.02776	0.38495	0.27469	0.05001	0.02309	0.02462	0.05196	0.02410	0.01603	0.02171	0.01261	0.00815	0.00825	0.00263	0.01057	0.00740	0.00413	0.01091
41	0.01712	0.01373	0.04987	0.01344	0.01716	0.01262	0.01101	0.06997	0.14717	0.08303	0.32518	0.09295	0.08245	0.01512	0.00925	0.00271	0.00563	0.01304	0.00855	0.01000
42	0.01882	0.01933	0.02636	0.02235	0.02291	0.05494	0.04398	0.02088	0.01351	0.02029	0.01125	0.01821	0.01097	0.01395	0.02562	0.00353	0.63293	0.00729	0.00369	0.00920
43	0.01721	0.01342	0.01504	0.01422	0.01749	0.01449	0.01072	0.05741	0.31146	0.05412	0.09195	0.22941	0.08521	0.01663	0.00928	0.00293	0.00581	0.01443	0.00830	0.01049
44	0.02473	0.29583	0.02996	0.01811	0.05545	0.21284	0.01446	0.08746	0.05319	0.02554	0.01593	0.01781	0.01314	0.00834	0.00662	0.00206	0.01002	0.00580	0.09207	0.01063
45	0.02258	0.01818	0.01982	0.01874	0.07350	0.06298	0.01345	0.19463	0.14768	0.06811	0.05515	0.12811	0.05333	0.01279	0.00857	0.00258	0.00766	0.01070	0.00745	0.07401

[dist]
# distance from previous block
# <min> <max>
0	5

[block]
# block no. 3 follows, 22 sequences, length 38
# corresponding to MSA columns:
# 168-205
name=unknown_D
#
# <colnr> <probs for GDERKNQSTAVLIFYWHMCP>
#	G	D	E	R	K	N	Q	S	T	A	V	L	I	F	Y	W	H	M	C	P
0	0.28869	0.01786	0.02542	0.06717	0.29285	0.01871	0.06331	0.02627	0.01756	0.08596	0.01572	0.01893	0.01216	0.00778	0.00726	0.00255	0.00877	0.00663	0.00500	0.01139
1	0.68439	0.01637	0.01333	0.01160	0.01690	0.01868	0.00956	0.05964	0.01609	0.07286	0.01322	0.01468	0.00993	0.00798	0.00550	0.00257	0.00662	0.00488	0.00561	0.00957
2	0.44110	0.01538	0.01534	0.01274	0.01837	0.01616	0.01047	0.03174	0.04673	0.28674	0.02106	0.02020	0.01437	0.00890	0.00658	0.00258	0.00669	0.00626	0.00735	0.01124
3	0.01055	0.00837	0.00948	0.00935	0.01171	0.00730	0.00696	0.01329	0.02044	0.02638	0.29112	0.11058	0.40535	0.01984	0.00986	0.00277	0.00414	0.01697	0.00824	0.00730
4	0.01012	0.00723	0.00964	0.01157	0.01205	0.00675	0.00771	0.01157	0.01591	0.02121	0.04579	0.70262	0.05495	0.02603	0.01060	0.00337	0.00482	0.02362	0.00771	0.00675
5	0.01007	0.00742	0.00944	0.01105	0.01191	0.00679	0.00748	0.01163	0.01640	0.02141	0.05205	0.60096	0.15257	0.02521	0.01048	0.00328	0.00472	0.02262	0.00771	0.00679
6	0.01021	0.00730	0.00972	0.01151	0.01207	0.00681	0.00772	0.01179	0.01632	0.02187	0.07897	0.66754	0.05623	0.02553	0.01056	0.00333	0.00477	0.02315	0.00779	0.00681
7	0.02066	0.01785	0.01878	0.01691	0.02160	0.02066	0.01315	0.04414	0.64121	0.03475	0.03381	0.03099	0.02536	0.01127	0.00845	0.00282	0.00657	0.00939	0.00845	0.01315
8	0.76672	0.01607	0.01221	0.01092	0.01607	0.01864	0.00900	0.02442	0.01414	0.03727	0.01157	0.01350	0.00900	0.00771	0.00514	0.00257	0.00643	0.00450	0.00514	0.00900
9	0.01723	0.01477	0.01723	0.01230	0.01969	0.01107	0.00984	0.02092	0.01723	0.02707	0.01477	0.01723	0.01230	0.00615	0.00615	0.00123	0.00615	0.00492	0.00492	0.75883
10	0.03189	0.02277	0.02462	0.01887	0.02551	0.02501	0.01559	0.59607	0.03822	0.08600	0.02065	0.02040	0.01448	0.00999	0.00831	0.00250	0.00903	0.00753	0.00842	0.01413
11	0.76672	0.01607	0.01221	0.01092	0.01607	0.01864	0.00900	0.02442	0.01414	0.03727	0.01157	0.01350	0.00900	0.00771	0.00514	0.00257	0.00643	0.00450	0.00514	0.00900
12	0.01794	0.01011	0.01036	0.00948	0.01213	0.01049	0.00733	0.11217	0.02072	0.03423	0.02601	0.02929	0.02020	0.00972	0.00619	0.00202	0.00467	0.00770	0.64052	0.00872
13	0.76672	0.01607	0.01221	0.01092	0.01607	0.01864	0.00900	0.02442	0.01414	0.03727	0.01157	0.01350	0.00900	0.00771	0.00514	0.00257	0.00643	0.00450	0.00514	0.00900
14	0.02056	0.01974	0.03372	0.05099	0.65622	0.01974	0.02550	0.02550	0.01892	0.02714	0.01563	0.02056	0.01316	0.00740	0.00822	0.00247	0.00987	0.00740	0.00411	0.01316
15	0.02166	0.01834	0.01935	0.01711	0.02198	0.02113	0.01339	0.09777	0.58595	0.03637	0.03254	0.02998	0.02433	0.01115	0.00844	0.00279	0.00681	0.00922	0.00844	0.01324
16	0.03609	0.01440	0.01924	0.01493	0.02124	0.01281	0.01228	0.04075	0.06790	0.61715	0.03285	0.02847	0.02091	0.01035	0.00836	0.00259	0.00703	0.00843	0.01015	0.01407
17	0.02066	0.01785	0.01878	0.01691	0.02160	0.02066	0.01315	0.04414	0.64121	0.03475	0.03381	0.03099	0.02536	0.01127	0.00845	0.00282	0.00657	0.00939	0.00845	0.01315
18	0.01158	0.00842	0.01090	0.01041	0.01234	0.00774	0.00776	0.01529	0.02291	0.03218	0.59398	0.09618	0.10384	0.01764	0.00984	0.00266	0.00398	0.01559	0.00900	0.00774
19	0.01833	0.01931	0.03718	0.22716	0.09926	0.02078	0.30777	0.02398	0.01768	0.02413	0.01526	0.02156	0.01196	0.00850	0.01171	0.00288	0.10959	0.00851	0.00396	0.01049
20	0.01176	0.00849	0.01110	0.01045	0.01241	0.00784	0.00784	0.01568	0.02352	0.03331	0.65184	0.06206	0.07839	0.01698	0.00980	0.00261	0.00392	0.01502	0.00914	0.00784
21	0.01012	0.00723	0.00964	0.01157	0.01205	0.00675	0.00771	0.01157	0.01591	0.02121	0.04579	0.70262	0.05495	0.02603	0.01060	0.00337	0.00482	0.02362	0.00771	0.00675
22	0.03211	0.01812	0.02103	0.01639	0.02250	0.01866	0.01345	0.31430	0.06254	0.29677	0.02640	0.02472	0.01786	0.01014	0.00815	0.00250	0.00777	0.00795	0.06502	0.01360
23	0.01706	0.01733	0.05370	0.17518	0.19453	0.01698	0.15207	0.02277	0.05032	0.02455	0.02190	0.14235	0.02055	0.01188	0.00997	0.03289	0.00996	0.01083	0.00486	0.01033
24	0.01794	0.15981	0.48681	0.02333	0.06514	0.02207	0.02681	0.02567	0.01724	0.02481	0.01413	0.01698	0.01071	0.00808	0.00849	0.00252	0.04808	0.00596	0.00355	0.01186
25	0.01218	0.00796	0.01070	0.01213	0.01319	0.00744	0.00862	0.01411	0.01708	0.06047	0.07189	0.56523	0.05313	0.02434	0.01053	0.00334	0.00523	0.08715	0.00792	0.00734
26	0.51531	0.16022	0.01933	0.01200	0.01746	0.02144	0.01037	0.06738	0.01668	0.03431	0.01309	0.01497	0.01044	0.00787	0.00545	0.00236	0.00698	0.00489	0.04982	0.00963
27	0.01302	0.00842	0.01056	0.01068	0.01220	0.00824	0.00759	0.01518	0.01650	0.05747	0.10530	0.19713	0.11661	0.15717	0.14173	0.00580	0.00858	0.01443	0.08617	0.00721
28	0.01762	0.01739	0.03154	0.38307	0.04713	0.01950	0.20435	0.05494	0.01846	0.02445	0.01687	0.05347	0.01373	0.00920	0.01000	0.00284	0.05233	0.00887	0.00428	0.00997
29	0.01072	0.00845	0.00966	0.00936	0.01177	0.00740	0.00702	0.01367	0.02106	0.02749	0.34783	0.07164	0.38603	0.01916	0.00981	0.00272	0.00407	0.01637	0.00838	0.00740
30	0.01951	0.02211	0.04733	0.03407	0.04187	0.02133	0.58261	0.02614	0.01912	0.02614	0.01638	0.02211	0.01248	0.00754	0.01105	0.00286	0.06252	0.00962	0.00416	0.01105
31	0.01666	0.04297	0.66500	0.02368	0.03596	0.01929	0.03069	0.02631	0.01754	0.02631	0.01491	0.01754	0.01052	0.00789	0.00789	0.00263	0.01228	0.00614	0.00351	0.01228
32	0.01443	0.00722	0.01082	0.01082	0.01082	0.00722	0.00722	0.01082	0.01082	0.01443	0.01443	0.02525	0.01443	0.02886	0.03247	0.75830	0.00722	0.00722	0.00361	0.00361
33	0.02388	0.01822	0.01961	0.01647	0.02164	0.02013	0.01313	0.23889	0.31873	0.07318	0.05789	0.03302	0.08398	0.01194	0.00858	0.00268	0.00714	0.00969	0.00846	0.01274
34	0.03106	0.03867	0.02362	0.02127	0.02569	0.63782	0.01604	0.06700	0.02442	0.02215	0.01324	0.01526	0.01090	0.00864	0.00754	0.00216	0.01465	0.00547	0.00451	0.00989
35	0.01844	0.01554	0.01786	0.01305	0.02023	0.01266	0.01045	0.06563	0.05348	0.02930	0.01619	0.01819	0.01316	0.00671	0.00643	0.00141	0.00639	0.00535	0.00536	0.66415
36	0.02628	0.01998	0.02087	0.01717	0.02256	0.04619	0.01377	0.31378	0.23759	0.07507	0.05997	0.02678	0.02199	0.01074	0.00828	0.00257	0.00784	0.00851	0.04712	0.01295
37	0.02718	0.02773	0.02181	0.01892	0.02385	0.29067	0.01470	0.18507	0.20692	0.03267	0.02400	0.02387	0.04526	0.01028	0.00808	0.00246	0.01057	0.00762	0.00666	0.01167

[dist]
# distance from previous block
# <min> <max>
5	20

[block]
# block no. 4 follows, 22 sequences, length 11
# corresponding to MSA columns:
# 226-236
name=unknown_E
#
# <colnr> <probs for GDERKNQSTAVLIFYWHMCP>
#	G	D	E	R	K	N	Q	S	T	A	V	L	I	F	Y	W	H	M	C	P
0	0.02019	0.20680	0.03885	0.02434	0.03056	0.06097	0.28753	0.04651	0.01889	0.02419	0.01828	0.09936	0.01690	0.01001	0.00975	0.00260	0.05982	0.00947	0.00456	0.01040
1	0.01949	0.01807	0.07558	0.01734	0.02311	0.01587	0.07275	0.05983	0.01835	0.07253	0.01730	0.02074	0.01379	0.01114	0.04004	0.00268	0.12734	0.00672	0.06975	0.29757
2	0.02100	0.25737	0.37390	0.01972	0.02939	0.05741	0.02298	0.02744	0.01818	0.07909	0.01527	0.01697	0.01145	0.00788	0.00708	0.00232	0.01087	0.00574	0.00415	0.01178
3	0.01947	0.01253	0.01519	0.01345	0.01567	0.01330	0.00988	0.21273	0.02059	0.02754	0.01989	0.08434	0.01910	0.07740	0.02348	0.38558	0.00771	0.00911	0.00561	0.00743
4	0.01746	0.01624	0.02709	0.54806	0.10429	0.01924	0.05876	0.06520	0.01858	0.02426	0.01533	0.02187	0.01156	0.00827	0.00839	0.00273	0.01101	0.00754	0.00409	0.01002
5	0.01620	0.01208	0.01397	0.01339	0.01570	0.01284	0.01008	0.09243	0.14118	0.02769	0.08591	0.09350	0.03676	0.24256	0.02038	0.00472	0.00726	0.13761	0.00716	0.00860
6	0.02857	0.03312	0.02514	0.02318	0.06205	0.46409	0.05359	0.11054	0.02479	0.02569	0.01639	0.02197	0.01403	0.00960	0.00806	0.00237	0.01334	0.04803	0.00504	0.01039
7	0.38270	0.06877	0.01905	0.03672	0.02098	0.07751	0.01213	0.18786	0.02225	0.03724	0.01827	0.01951	0.04811	0.00915	0.00659	0.00248	0.00810	0.00623	0.00591	0.01045
8	0.01148	0.00792	0.00983	0.01068	0.01108	0.00782	0.00694	0.01246	0.01410	0.01882	0.03451	0.28890	0.04010	0.37602	0.05806	0.00627	0.00753	0.06530	0.00618	0.00598
9	0.02433	0.01919	0.02305	0.01853	0.02288	0.02187	0.04618	0.34142	0.07128	0.03786	0.02029	0.02602	0.01690	0.11132	0.04841	0.00402	0.11982	0.00842	0.00671	0.01149
10	0.26539	0.01453	0.01440	0.01253	0.01654	0.01623	0.01001	0.17191	0.02090	0.03599	0.01944	0.02369	0.01575	0.04563	0.10957	0.00427	0.00899	0.00697	0.17766	0.00959

[dist]
# distance from previous block
# <min> <max>
0	2

[block]
# block no. 5 follows, 22 sequences, length 29
# corresponding to MSA columns:
# 239-267
name=unknown_F
#
# <colnr> <probs for GDERKNQSTAVLIFYWHMCP>
#	G	D	E	R	K	N	Q	S	T	A	V	L	I	F	Y	W	H	M	C	P
0	0.12326	0.02133	0.02283	0.06468	0.02640	0.02395	0.01523	0.46360	0.08120	0.04689	0.01960	0.02014	0.01414	0.00967	0.00792	0.00255	0.00873	0.00724	0.00759	0.01306
1	0.03058	0.02267	0.02439	0.01864	0.02534	0.02474	0.01537	0.58603	0.03753	0.05059	0.01958	0.01976	0.01400	0.00971	0.00816	0.00240	0.00893	0.00730	0.00807	0.06621
2	0.01961	0.02241	0.04902	0.03501	0.04342	0.02101	0.62605	0.02661	0.01961	0.02661	0.01681	0.02241	0.01261	0.00700	0.00980	0.00280	0.01401	0.00980	0.00420	0.01120
3	0.01657	0.01365	0.01703	0.01555	0.01885	0.01447	0.05354	0.08450	0.23489	0.02984	0.06167	0.29347	0.07634	0.01738	0.00950	0.00299	0.00642	0.01546	0.00783	0.01005
4	0.21035	0.01646	0.01939	0.01563	0.02131	0.01707	0.04840	0.10766	0.12300	0.25072	0.06705	0.02598	0.02113	0.01003	0.00776	0.00262	0.00729	0.00800	0.00804	0.01211
5	0.01967	0.01726	0.03439	0.02582	0.03192	0.01602	0.37411	0.02481	0.01969	0.11572	0.06503	0.16457	0.02652	0.01198	0.00976	0.00287	0.01051	0.01275	0.00609	0.01050
6	0.01208	0.00805	0.00906	0.00906	0.00906	0.00805	0.00503	0.01208	0.01208	0.01611	0.02618	0.05436	0.03020	0.70804	0.04228	0.00805	0.00805	0.01208	0.00503	0.00503
7	0.01895	0.02264	0.08139	0.11544	0.04470	0.02059	0.51702	0.02592	0.01912	0.02592	0.01644	0.02210	0.01230	0.00722	0.00951	0.00279	0.01354	0.00929	0.00410	0.01102
8	0.01814	0.22145	0.49946	0.02116	0.03206	0.02291	0.02630	0.02593	0.01736	0.02451	0.01401	0.01642	0.01056	0.00768	0.00721	0.00240	0.01137	0.00569	0.00352	0.01185
9	0.01208	0.00805	0.00906	0.00906	0.00906	0.00805	0.00503	0.01208	0.01208	0.01611	0.02618	0.05436	0.03020	0.70804	0.04228	0.00805	0.00805	0.01208	0.00503	0.00503
10	0.01012	0.00723	0.00964	0.01157	0.01205	0.00675	0.00771	0.01157	0.01591	0.02121	0.04579	0.70262	0.05495	0.02603	0.01060	0.00337	0.00482	0.02362	0.00771	0.00675
11	0.01024	0.00728	0.00960	0.01142	0.01187	0.00683	0.00755	0.01160	0.01568	0.02090	0.04462	0.66389	0.05347	0.06678	0.01250	0.00365	0.00501	0.02293	0.00755	0.00665
12	0.01569	0.01477	0.02492	0.68808	0.05722	0.01846	0.02307	0.02123	0.01661	0.02123	0.01477	0.02215	0.01107	0.00831	0.00831	0.00277	0.01107	0.00738	0.00369	0.00923
13	0.03459	0.01354	0.01842	0.01432	0.02028	0.01175	0.01175	0.03787	0.02375	0.59578	0.09796	0.03183	0.02665	0.01099	0.00851	0.00257	0.00674	0.00906	0.01016	0.01347
14	0.03022	0.03824	0.02366	0.02143	0.02544	0.63374	0.01619	0.03234	0.02286	0.02031	0.01272	0.01518	0.01071	0.00894	0.00874	0.00223	0.05774	0.00547	0.00424	0.00960
15	0.02028	0.01945	0.03321	0.08815	0.62128	0.01966	0.02535	0.02525	0.01878	0.02680	0.01558	0.02065	0.01304	0.00745	0.00823	0.00248	0.00994	0.00740	0.00409	0.01293
16	0.01187	0.00890	0.01335	0.01335	0.01483	0.01038	0.01038	0.01483	0.01335	0.01928	0.02225	0.03264	0.02077	0.06231	0.67512	0.01335	0.02225	0.00890	0.00445	0.00742
17	0.02838	0.02996	0.02669	0.02555	0.11572	0.32488	0.05552	0.19556	0.06293	0.03131	0.01666	0.01853	0.01296	0.00884	0.00802	0.00236	0.01211	0.00674	0.00560	0.01167
18	0.01559	0.00988	0.01272	0.17254	0.02191	0.01052	0.01034	0.01939	0.01681	0.02734	0.02251	0.02756	0.01780	0.01028	0.00807	0.04840	0.00597	0.00743	0.47630	0.05864
19	0.01012	0.00723	0.00964	0.01157	0.01205	0.00675	0.00771	0.01157	0.01591	0.02121	0.04579	0.70262	0.05495	0.02603	0.01060	0.00337	0.00482	0.02362	0.00771	0.00675
20	0.01981	0.02086	0.03863	0.13606	0.28362	0.04338	0.28232	0.02562	0.01904	0.02581	0.01591	0.02139	0.01253	0.00740	0.00889	0.00264	0.01200	0.00836	0.00410	0.01162
21	0.01317	0.00949	0.01308	0.01488	0.01684	0.00941	0.01295	0.01689	0.01911	0.02471	0.04644	0.09287	0.08485	0.02283	0.01137	0.00376	0.00744	0.56463	0.00765	0.00761
22	0.02259	0.01587	0.01991	0.06588	0.08918	0.01668	0.01407	0.18656	0.10560	0.12161	0.09472	0.11975	0.06477	0.01325	0.00886	0.00271	0.00735	0.01130	0.00781	0.01154
23	0.67768	0.06033	0.01491	0.01160	0.01695	0.01994	0.00972	0.05913	0.01574	0.03702	0.01205	0.01385	0.00940	0.00780	0.00533	0.00252	0.00674	0.00467	0.00522	0.00940
24	0.07050	0.41690	0.27236	0.01751	0.02640	0.02686	0.01999	0.02538	0.01694	0.02326	0.01280	0.01490	0.01050	0.00744	0.00627	0.00215	0.00998	0.00508	0.00364	0.01115
25	0.21326	0.16110	0.06198	0.08879	0.08464	0.02204	0.01539	0.10485	0.06968	0.03170	0.01642	0.01872	0.01286	0.00835	0.00669	0.00239	0.00828	0.00617	0.05581	0.01087
26	0.38301	0.01852	0.08098	0.04459	0.02369	0.01778	0.09902	0.02413	0.01610	0.06867	0.03931	0.04396	0.01503	0.01008	0.00923	0.03253	0.05146	0.00712	0.00519	0.00960
27	0.02887	0.01513	0.01848	0.01519	0.02059	0.01507	0.01220	0.06327	0.22678	0.36416	0.09864	0.03243	0.02804	0.01131	0.00854	0.00265	0.00666	0.00937	0.00948	0.01314
28	0.07464	0.02115	0.07272	0.01929	0.02559	0.02102	0.07915	0.17999	0.29186	0.08717	0.02565	0.02500	0.01869	0.00993	0.00829	0.00269	0.00844	0.00831	0.00751	0.01291

[dist]
# distance from previous block
# <min> <max>
0	2

[block]
# block no. 6 follows, 22 sequences, length 55
# corresponding to MSA columns:
# 270-324
name=unknown_G
#
# <colnr> <probs for GDERKNQSTAVLIFYWHMCP>
#	G	D	E	R	K	N	Q	S	T	A	V	L	I	F	Y	W	H	M	C	P
0	0.02277	0.32694	0.08945	0.01678	0.02261	0.14219	0.01556	0.05300	0.01923	0.05427	0.01969	0.05208	0.05411	0.01014	0.00864	0.00229	0.06807	0.00707	0.00470	0.01041
1	0.01840	0.01709	0.02827	0.36879	0.30651	0.01906	0.02346	0.05084	0.01869	0.02526	0.01626	0.02356	0.01321	0.00845	0.00837	0.00266	0.01037	0.02549	0.00420	0.01106
2	0.02003	0.01920	0.03276	0.12048	0.59089	0.01960	0.02523	0.02503	0.01866	0.02650	0.01553	0.02073	0.01293	0.00750	0.00823	0.00250	0.01000	0.00740	0.00407	0.01273
3	0.01105	0.00783	0.00969	0.01075	0.01205	0.00708	0.00743	0.01278	0.01714	0.04229	0.08271	0.47553	0.20228	0.04627	0.01134	0.00333	0.00480	0.02084	0.00777	0.00704
4	0.00982	0.00842	0.00842	0.00842	0.01122	0.00701	0.00631	0.01192	0.01894	0.02244	0.08416	0.07995	0.65285	0.02104	0.00982	0.00281	0.00421	0.01753	0.00771	0.00701
5	0.01012	0.00723	0.00964	0.01157	0.01205	0.00675	0.00771	0.01157	0.01591	0.02121	0.04579	0.70262	0.05495	0.02603	0.01060	0.00337	0.00482	0.02362	0.00771	0.00675
6	0.01140	0.00848	0.01060	0.01007	0.01219	0.00768	0.00755	0.01498	0.02266	0.03129	0.54598	0.06539	0.18551	0.01774	0.00980	0.00265	0.00397	0.01549	0.00888	0.00768
7	0.01666	0.04297	0.66500	0.02368	0.03596	0.01929	0.03069	0.02631	0.01754	0.02631	0.01491	0.01754	0.01052	0.00789	0.00789	0.00263	0.01228	0.00614	0.00351	0.01228
8	0.02123	0.59419	0.15376	0.01589	0.02392	0.03046	0.01714	0.02513	0.01700	0.02074	0.01215	0.01407	0.01064	0.00725	0.00578	0.00193	0.00949	0.00474	0.00355	0.01095
9	0.01200	0.00807	0.00932	0.00956	0.00969	0.00803	0.00565	0.01229	0.01272	0.01693	0.02855	0.10588	0.03296	0.62208	0.03834	0.00749	0.00779	0.04199	0.00537	0.00529
10	0.01723	0.01477	0.01723	0.01230	0.01969	0.01107	0.00984	0.02092	0.01723	0.02707	0.01477	0.01723	0.01230	0.00615	0.00615	0.00123	0.00615	0.00492	0.00492	0.75883
11	0.03103	0.03959	0.02354	0.02140	0.02568	0.67469	0.01605	0.03317	0.02354	0.02033	0.01284	0.01498	0.01070	0.00856	0.00749	0.00214	0.01498	0.00535	0.00428	0.00963
12	0.01965	0.02224	0.04788	0.03433	0.04260	0.02100	0.60299	0.02727	0.04300	0.02692	0.01745	0.02273	0.01308	0.00716	0.00975	0.00280	0.01373	0.00979	0.00436	0.01128
13	0.01208	0.00805	0.00906	0.00906	0.00906	0.00805	0.00503	0.01208	0.01208	0.01611	0.02618	0.05436	0.03020	0.70804	0.04228	0.00805	0.00805	0.01208	0.00503	0.00503
14	0.01175	0.00879	0.01310	0.01323	0.01464	0.01013	0.01020	0.01461	0.01353	0.01942	0.02387	0.07876	0.02312	0.05981	0.62937	0.01266	0.02105	0.00991	0.00467	0.00737
15	0.01569	0.01477	0.02492	0.68808	0.05722	0.01846	0.02307	0.02123	0.01661	0.02123	0.01477	0.02215	0.01107	0.00831	0.00831	0.00277	0.01107	0.00738	0.00369	0.00923
16	0.01930	0.02151	0.04492	0.06696	0.06372	0.02128	0.51396	0.02564	0.01875	0.02570	0.01607	0.02191	0.01238	0.00783	0.01141	0.00287	0.08135	0.00934	0.00412	0.01096
17	0.01800	0.01542	0.01817	0.01330	0.02013	0.01279	0.01071	0.05084	0.01799	0.02783	0.01476	0.01743	0.01230	0.00692	0.00771	0.00146	0.05358	0.00521	0.00500	0.67046
18	0.37591	0.04013	0.04724	0.01324	0.01868	0.01825	0.01140	0.10810	0.07277	0.09941	0.01883	0.01973	0.01392	0.00881	0.00639	0.00248	0.00691	0.00619	0.10100	0.01061
19	0.02627	0.01747	0.01872	0.01498	0.01998	0.01890	0.01217	0.39057	0.03086	0.07300	0.02301	0.02415	0.01690	0.00989	0.00745	0.00230	0.00722	0.00761	0.26662	0.01192
20	0.01025	0.00728	0.00960	0.01141	0.01186	0.00683	0.00754	0.01160	0.01566	0.02088	0.04455	0.66168	0.05338	0.06910	0.01260	0.00367	0.00502	0.02289	0.00754	0.00664
21	0.01818	0.01818	0.02545	0.02181	0.02181	0.02545	0.01818	0.01999	0.01272	0.01999	0.01091	0.01818	0.01091	0.01454	0.02726	0.00364	0.69284	0.00727	0.00364	0.00909
22	0.05927	0.55251	0.09262	0.01492	0.02230	0.02897	0.01517	0.02653	0.01749	0.08499	0.01395	0.01518	0.01156	0.00752	0.00584	0.00197	0.00887	0.00498	0.00430	0.01106
23	0.01381	0.01318	0.01173	0.01118	0.01425	0.08815	0.00843	0.01852	0.08865	0.02504	0.14804	0.06436	0.42841	0.01792	0.00939	0.00270	0.00571	0.01484	0.00758	0.00811
24	0.01012	0.00723	0.00964	0.01157	0.01205	0.00675	0.00771	0.01157	0.01591	0.02121	0.04579	0.70262	0.05495	0.02603	0.01060	0.00337	0.00482	0.02362	0.00771	0.00675
25	0.01569	0.01477	0.02492	0.68808	0.05722	0.01846	0.02307	0.02123	0.01661	0.02123	0.01477	0.02215	0.01107	0.00831	0.00831	0.00277	0.01107	0.00738	0.00369	0.00923
26	0.05088	0.01524	0.02548	0.40290	0.04353	0.01731	0.11379	0.05020	0.01817	0.02475	0.05768	0.05983	0.01899	0.05392	0.01076	0.00311	0.01027	0.00922	0.00469	0.00929
27	0.01208	0.00805	0.00906	0.00906	0.00906	0.00805	0.00503	0.01208	0.01208	0.01611	0.02618	0.05436	0.03020	0.70804	0.04228	0.00805	0.00805	0.01208	0.00503	0.00503
28	0.01167	0.00854	0.01098	0.01051	0.01254	0.00785	0.00798	0.01542	0.02290	0.03194	0.57188	0.06519	0.12743	0.01763	0.00988	0.00269	0.00413	0.04413	0.00895	0.00776
29	0.01979	0.01987	0.02943	0.28515	0.37046	0.08452	0.02365	0.02467	0.01852	0.02426	0.01503	0.02060	0.01214	0.00785	0.00818	0.00255	0.01083	0.00719	0.00397	0.01134
30	0.02358	0.02104	0.01991	0.01742	0.02227	0.10368	0.01362	0.14007	0.43282	0.03572	0.02851	0.02711	0.02142	0.01064	0.00819	0.00264	0.00795	0.00848	0.04231	0.01262
31	0.32169	0.01942	0.01879	0.01514	0.02089	0.02179	0.01246	0.35031	0.02781	0.04501	0.01708	0.01810	0.01255	0.00906	0.00690	0.00249	0.00773	0.00632	0.05476	0.01169
32	0.01662	0.01609	0.02774	0.42732	0.12473	0.01885	0.08774	0.02162	0.01680	0.02243	0.01668	0.06470	0.01427	0.00979	0.01049	0.00286	0.07877	0.00867	0.00405	0.00977
33	0.01693	0.00977	0.01071	0.05252	0.01445	0.01023	0.00800	0.08000	0.01981	0.03259	0.05495	0.03077	0.02261	0.00996	0.00640	0.00208	0.00486	0.00804	0.59685	0.00848
34	0.01866	0.01561	0.01799	0.01298	0.02029	0.01254	0.01044	0.08146	0.01940	0.02959	0.01528	0.01750	0.01249	0.00653	0.00637	0.00136	0.00645	0.00518	0.00526	0.68463
35	0.01040	0.00744	0.00994	0.01175	0.01239	0.00698	0.00808	0.01211	0.01646	0.02199	0.07337	0.63476	0.05556	0.02542	0.01062	0.00337	0.00496	0.05977	0.00777	0.00685
36	0.01154	0.00839	0.01086	0.01045	0.01233	0.00771	0.00776	0.01517	0.02269	0.03183	0.57645	0.11514	0.10273	0.01791	0.00986	0.00268	0.00401	0.01584	0.00896	0.00771
37	0.01172	0.00790	0.00917	0.00953	0.00962	0.00781	0.00553	0.01199	0.01279	0.01706	0.02983	0.17525	0.03482	0.58087	0.03638	0.00718	0.00745	0.01423	0.00553	0.00535
38	0.01001	0.00842	0.00868	0.00862	0.01134	0.00710	0.00646	0.01230	0.01939	0.02353	0.14072	0.07817	0.59561	0.02064	0.00982	0.00279	0.00418	0.01728	0.00786	0.00710
39	0.01187	0.00857	0.01126	0.01079	0.01274	0.00796	0.00822	0.01578	0.02321	0.03273	0.60999	0.06423	0.07628	0.01739	0.00991	0.00270	0.00418	0.05532	0.00904	0.00783
40	0.03158	0.02327	0.02493	0.01911	0.02576	0.02576	0.01579	0.62852	0.03906	0.05236	0.01995	0.01995	0.01413	0.00997	0.00831	0.00249	0.00914	0.00748	0.00831	0.01413
41	0.11586	0.55809	0.10149	0.01474	0.02211	0.02972	0.01520	0.02496	0.01660	0.02246	0.01189	0.01377	0.01044	0.00726	0.00556	0.00196	0.00891	0.00462	0.00375	0.01061
42	0.02993	0.02168	0.02317	0.01795	0.02411	0.02391	0.01477	0.56598	0.03684	0.05016	0.02068	0.02108	0.01486	0.00994	0.00805	0.00244	0.00860	0.00751	0.08489	0.01347
43	0.01303	0.01011	0.01604	0.09950	0.02129	0.00999	0.07146	0.01590	0.01755	0.04833	0.10866	0.44806	0.04654	0.02022	0.01005	0.00312	0.00651	0.01859	0.00712	0.00792
44	0.03154	0.02439	0.02484	0.01927	0.02576	0.07044	0.01581	0.58753	0.03799	0.05015	0.01946	0.01960	0.01389	0.00988	0.00825	0.00247	0.00954	0.00733	0.00803	0.01382
45	0.68075	0.01589	0.01342	0.05773	0.01914	0.01832	0.01012	0.02495	0.01476	0.06552	0.01278	0.01479	0.00968	0.00787	0.00551	0.00258	0.00678	0.00488	0.00528	0.00925
46	0.09569	0.55882	0.11904	0.01508	0.02265	0.02974	0.01578	0.02501	0.01669	0.02217	0.01198	0.01388	0.01048	0.00727	0.00564	0.00196	0.00907	0.00466	0.00371	0.01070
47	0.19351	0.02004	0.02219	0.07662	0.08130	0.02247	0.01545	0.32607	0.09358	0.04224	0.01871	0.01991	0.01382	0.00923	0.00760	0.00257	0.00849	0.00700	0.00685	0.01237
48	0.09161	0.02407	0.02367	0.08540	0.02807	0.11404	0.01598	0.43512	0.03259	0.04357	0.01775	0.01894	0.01292	0.00942	0.00793	0.00248	0.00991	0.00693	0.00703	0.01259
49	0.02886	0.02124	0.02300	0.01816	0.02403	0.02336	0.01477	0.55046	0.03613	0.04841	0.02321	0.10632	0.01929	0.01200	0.00860	0.00260	0.00859	0.00952	0.00823	0.01319
50	0.01600	0.01505	0.02643	0.58024	0.05291	0.01800	0.08215	0.02111	0.01654	0.02133	0.01495	0.02237	0.01144	0.00947	0.00998	0.05049	0.01112	0.00761	0.00374	0.00907
51	0.01840	0.01278	0.01667	0.01495	0.01751	0.01338	0.04011	0.13646	0.02059	0.09056	0.03242	0.32075	0.03440	0.11811	0.01580	0.00379	0.06172	0.01530	0.00720	0.00908
52	0.01012	0.00723	0.00964	0.01157	0.01205	0.00675	0.00771	0.01157	0.01591	0.02121	0.04579	0.70262	0.05495	0.02603	0.01060	0.00337	0.00482	0.02362	0.00771	0.00675
53	0.01197	0.00807	0.00903	0.00903	0.00917	0.00800	0.00510	0.01207	0.01242	0.01643	0.02908	0.05565	0.06138	0.67365	0.04066	0.00779	0.00786	0.01235	0.00517	0.00513
54	0.01752	0.01520	0.01868	0.01571	0.07571	0.01184	0.01122	0.02132	0.01738	0.02708	0.01484	0.01752	0.01238	0.00626	0.00633	0.00134	0.00648	0.00514	0.00485	0.69320

[dist]
# distance from previous block
# <min> <max>
0	1

[block]
# block no. 7 follows, 22 sequences, length 35
# corresponding to MSA columns:
# 326-360
name=unknown_H
#
# <colnr> <probs for GDERKNQSTAVLIFYWHMCP>
#	G	D	E	R	K	N	Q	S	T	A	V	L	I	F	Y	W	H	M	C	P
0	0.05064	0.18269	0.43374	0.02089	0.03064	0.05996	0.02475	0.02597	0.01734	0.02465	0.01372	0.01636	0.01052	0.00812	0.00826	0.00247	0.04844	0.00572	0.00364	0.01147
1	0.01098	0.00889	0.01052	0.01041	0.01240	0.00843	0.00777	0.01348	0.01934	0.02520	0.23597	0.17309	0.34691	0.02026	0.01110	0.00290	0.05002	0.01713	0.00785	0.00734
2	0.01825	0.02024	0.04339	0.03166	0.03893	0.01897	0.53763	0.02446	0.01908	0.02584	0.02095	0.11968	0.01866	0.00972	0.00992	0.00288	0.01269	0.01178	0.00470	0.01057
3	0.01707	0.03931	0.56127	0.02481	0.03596	0.01983	0.09489	0.02598	0.01749	0.02598	0.01489	0.01811	0.01077	0.00818	0.00921	0.00271	0.05138	0.00660	0.00359	0.01198
4	0.01666	0.04297	0.66500	0.02368	0.03596	0.01929	0.03069	0.02631	0.01754	0.02631	0.01491	0.01754	0.01052	0.00789	0.00789	0.00263	0.01228	0.00614	0.00351	0.01228
5	0.01012	0.00723	0.00964	0.01157	0.01205	0.00675	0.00771	0.01157	0.01591	0.02121	0.04579	0.70262	0.05495	0.02603	0.01060	0.00337	0.00482	0.02362	0.00771	0.00675
6	0.31810	0.14412	0.06040	0.01789	0.05963	0.04749	0.01480	0.04970	0.01621	0.02898	0.01226	0.01551	0.01035	0.00926	0.01071	0.00265	0.16193	0.00554	0.00447	0.01000
7	0.01027	0.00851	0.00904	0.00913	0.01180	0.00729	0.00700	0.01267	0.01936	0.02360	0.13137	0.07944	0.55455	0.02083	0.00995	0.00287	0.00445	0.06291	0.00784	0.00714
8	0.02440	0.01769	0.02053	0.01686	0.02071	0.02055	0.01379	0.26998	0.06864	0.07667	0.02107	0.02321	0.01609	0.01113	0.01240	0.00268	0.17435	0.00767	0.17015	0.01144
9	0.02510	0.02425	0.02072	0.01788	0.02134	0.23954	0.01412	0.17004	0.02372	0.03032	0.01735	0.02039	0.01393	0.01035	0.01128	0.00248	0.14728	0.00678	0.17296	0.01018
10	0.01005	0.00842	0.00874	0.00866	0.01136	0.00711	0.00649	0.01237	0.01948	0.02373	0.15159	0.07782	0.58462	0.02056	0.00982	0.00278	0.00417	0.01723	0.00788	0.00711
11	0.03158	0.02327	0.02493	0.01911	0.02576	0.02576	0.01579	0.62852	0.03906	0.05236	0.01995	0.01995	0.01413	0.00997	0.00831	0.00249	0.00914	0.00748	0.00831	0.01413
12	0.01208	0.00805	0.00906	0.00906	0.00906	0.00805	0.00503	0.01208	0.01208	0.01611	0.02618	0.05436	0.03020	0.70804	0.04228	0.00805	0.00805	0.01208	0.00503	0.00503
13	0.03103	0.03959	0.02354	0.02140	0.02568	0.67469	0.01605	0.03317	0.02354	0.02033	0.01284	0.01498	0.01070	0.00856	0.00749	0.00214	0.01498	0.00535	0.00428	0.00963
14	0.01723	0.01477	0.01723	0.01230	0.01969	0.01107	0.00984	0.02092	0.01723	0.02707	0.01477	0.01723	0.01230	0.00615	0.00615	0.00123	0.00615	0.00492	0.00492	0.75883
15	0.01164	0.00849	0.01094	0.01033	0.01234	0.00779	0.00774	0.01545	0.02323	0.03264	0.61687	0.06316	0.11377	0.01723	0.00980	0.00262	0.00394	0.01518	0.00906	0.00779
16	0.03570	0.01419	0.01912	0.01459	0.02109	0.01212	0.01202	0.03895	0.02326	0.61229	0.03137	0.02741	0.01992	0.00996	0.00818	0.00247	0.00700	0.00809	0.00986	0.07241
17	0.01880	0.01472	0.01739	0.01250	0.01981	0.01116	0.01003	0.02245	0.01774	0.07675	0.01617	0.01809	0.01295	0.00648	0.00632	0.00134	0.00622	0.00519	0.00534	0.70055
18	0.02066	0.01785	0.01878	0.01691	0.02160	0.02066	0.01315	0.04414	0.64121	0.03475	0.03381	0.03099	0.02536	0.01127	0.00845	0.00282	0.00657	0.00939	0.00845	0.01315
19	0.02935	0.02059	0.02163	0.01760	0.02342	0.06427	0.01417	0.27206	0.22582	0.18077	0.02674	0.02498	0.01890	0.01036	0.00831	0.00259	0.00825	0.00814	0.00853	0.01352
20	0.01360	0.01000	0.01339	0.01494	0.01708	0.01008	0.01290	0.01852	0.05743	0.02531	0.04603	0.08893	0.08666	0.02210	0.01118	0.00369	0.00735	0.52516	0.00770	0.00795
21	0.01352	0.00999	0.01431	0.01708	0.05798	0.00992	0.01346	0.01725	0.01909	0.02516	0.07313	0.13318	0.04765	0.02187	0.01111	0.00364	0.00739	0.48880	0.00750	0.00795
22	0.02056	0.01974	0.03372	0.05099	0.65622	0.01974	0.02550	0.02550	0.01892	0.02714	0.01563	0.02056	0.01316	0.00740	0.00822	0.00247	0.00987	0.00740	0.00411	0.01316
23	0.01166	0.00849	0.01097	0.01035	0.01235	0.00780	0.00776	0.01549	0.02328	0.03276	0.62303	0.06296	0.10754	0.01719	0.00980	0.00262	0.00393	0.01515	0.00907	0.00780
24	0.01012	0.00723	0.00964	0.01157	0.01205	0.00675	0.00771	0.01157	0.01591	0.02121	0.04579	0.70262	0.05495	0.02603	0.01060	0.00337	0.00482	0.02362	0.00771	0.00675
25	0.02818	0.02414	0.02443	0.02296	0.10483	0.13055	0.01643	0.32007	0.14996	0.06182	0.02136	0.02164	0.01584	0.00968	0.00819	0.00250	0.00963	0.00752	0.00721	0.01307
26	0.01781	0.01683	0.02358	0.51009	0.04742	0.06983	0.02058	0.05152	0.01805	0.02331	0.01552	0.02187	0.01193	0.00891	0.00929	0.00270	0.05493	0.00725	0.05918	0.00938
27	0.00994	0.00842	0.00858	0.00854	0.01130	0.00706	0.00641	0.01216	0.01922	0.02312	0.11963	0.07883	0.61695	0.02079	0.00982	0.00279	0.00419	0.01738	0.00780	0.00706
28	0.02141	0.01415	0.01670	0.01410	0.01804	0.01447	0.01110	0.23199	0.02811	0.11053	0.29162	0.11619	0.04668	0.01480	0.00920	0.00265	0.00620	0.01260	0.00882	0.01063
