[name]
unknown

[dist]
# distance from previous block
# <min> <max>
0	40

[block]
# block no. 0 follows, 25 sequences, length 70
# corresponding to MSA columns:
# 46-115
name=unknown_A
#
# <colnr> <probs for GDERKNQSTAVLIFYWHMCP>
#	G	D	E	R	K	N	Q	S	T	A	V	L	I	F	Y	W	H	M	C	P
0	0.01405	0.01123	0.01681	0.01802	0.06129	0.01139	0.06301	0.01971	0.08130	0.02437	0.03643	0.07212	0.03791	0.01825	0.01012	0.00332	0.00764	0.47805	0.00675	0.00823
1	0.01710	0.01814	0.03287	0.05543	0.03173	0.04628	0.36148	0.02189	0.01706	0.02322	0.01837	0.08501	0.01667	0.00968	0.01049	0.00260	0.08604	0.04234	0.00439	0.09925
2	0.01962	0.01622	0.01724	0.01302	0.01930	0.06539	0.01036	0.09655	0.01931	0.07003	0.01644	0.04466	0.01363	0.00732	0.00638	0.00151	0.00672	0.00580	0.00535	0.54514
3	0.06354	0.00977	0.01145	0.01083	0.01347	0.00957	0.00825	0.01939	0.09754	0.08534	0.30138	0.13661	0.15260	0.01595	0.00874	0.00261	0.00462	0.03222	0.00788	0.00824
4	0.01860	0.01697	0.01784	0.07793	0.08209	0.12314	0.01277	0.13152	0.05725	0.02560	0.05275	0.03133	0.06637	0.12970	0.11784	0.00470	0.01064	0.00862	0.00539	0.00895
5	0.05475	0.01529	0.02357	0.52071	0.11610	0.01817	0.02033	0.09535	0.01810	0.02459	0.01429	0.01987	0.01079	0.00782	0.00760	0.00251	0.00979	0.00677	0.00406	0.00954
6	0.01487	0.01392	0.02298	0.67565	0.05181	0.01733	0.02109	0.02084	0.04664	0.02042	0.01463	0.02107	0.01097	0.00788	0.00776	0.00259	0.01013	0.00698	0.00366	0.00879
7	0.02093	0.62306	0.09204	0.01450	0.02132	0.08000	0.01465	0.02391	0.01628	0.01881	0.01113	0.01288	0.00994	0.00680	0.00532	0.00175	0.00898	0.00434	0.00336	0.01000
8	0.03426	0.01403	0.01851	0.01419	0.02021	0.01264	0.01172	0.09836	0.02360	0.62196	0.02941	0.02563	0.01860	0.00957	0.00779	0.00239	0.00679	0.00772	0.00942	0.01319
9	0.63291	0.04943	0.01423	0.04530	0.01775	0.01787	0.00970	0.04594	0.01484	0.07580	0.01250	0.01409	0.00944	0.00743	0.00525	0.00237	0.00645	0.00466	0.00508	0.00896
10	0.01086	0.00784	0.01026	0.00983	0.01156	0.00724	0.00731	0.01435	0.02142	0.03025	0.62814	0.10722	0.07154	0.01648	0.00920	0.00249	0.00372	0.01462	0.00844	0.00724
11	0.01347	0.00673	0.01010	0.01010	0.01010	0.00673	0.00673	0.01010	0.01010	0.01347	0.01347	0.02357	0.01347	0.02694	0.03030	0.77441	0.00673	0.00673	0.00337	0.00337
12	0.01821	0.01739	0.02655	0.02095	0.02441	0.03827	0.16437	0.05119	0.01602	0.04859	0.01665	0.02132	0.04116	0.01274	0.04621	0.00319	0.32388	0.00758	0.00433	0.09700
13	0.01830	0.02092	0.04575	0.03268	0.04052	0.01961	0.65098	0.02484	0.01830	0.02484	0.01569	0.02092	0.01176	0.00654	0.00915	0.00261	0.01307	0.00915	0.00392	0.01046
14	0.01929	0.01666	0.01753	0.01578	0.02016	0.01929	0.01227	0.04120	0.66513	0.03243	0.03156	0.02893	0.02367	0.01052	0.00789	0.00263	0.00614	0.00877	0.00789	0.01227
15	0.01598	0.01514	0.02567	0.51497	0.23689	0.01758	0.02220	0.02098	0.01613	0.02143	0.01402	0.02024	0.01091	0.00750	0.00773	0.00250	0.01001	0.00690	0.00356	0.00969
16	0.07111	0.02135	0.02261	0.01742	0.02354	0.02368	0.01439	0.61841	0.03517	0.04809	0.01818	0.01828	0.01292	0.00919	0.00759	0.00233	0.00839	0.00683	0.00759	0.01292
17	0.00945	0.00675	0.00900	0.01080	0.01125	0.00630	0.00720	0.01080	0.01484	0.01979	0.04274	0.72245	0.05128	0.02429	0.00990	0.00315	0.00450	0.02204	0.00720	0.00630
18	0.00945	0.00675	0.00900	0.01080	0.01125	0.00630	0.00720	0.01080	0.01484	0.01979	0.04274	0.72245	0.05128	0.02429	0.00990	0.00315	0.00450	0.02204	0.00720	0.00630
19	0.01165	0.00915	0.01356	0.01323	0.01448	0.01106	0.01040	0.01431	0.01240	0.01806	0.01974	0.02915	0.01849	0.05382	0.63149	0.01158	0.08812	0.00816	0.00408	0.00707
20	0.01919	0.01842	0.03147	0.04759	0.67914	0.01842	0.02380	0.02380	0.01765	0.02533	0.01458	0.01919	0.01228	0.00691	0.00768	0.00230	0.00921	0.00691	0.00384	0.01228
21	0.02896	0.03695	0.02197	0.01998	0.02397	0.69638	0.01498	0.03096	0.02197	0.01898	0.01199	0.01398	0.00999	0.00799	0.00699	0.00200	0.01398	0.00499	0.00400	0.00899
22	0.01017	0.00743	0.00962	0.01095	0.01178	0.00713	0.00749	0.01292	0.05162	0.02178	0.11423	0.60831	0.05225	0.02257	0.00970	0.00304	0.00449	0.02039	0.00739	0.00674
23	0.00945	0.00675	0.00900	0.01080	0.01125	0.00630	0.00720	0.01080	0.01484	0.01979	0.04274	0.72245	0.05128	0.02429	0.00990	0.00315	0.00450	0.02204	0.00720	0.00630
24	0.00916	0.00785	0.00785	0.00785	0.01047	0.00655	0.00589	0.01113	0.01767	0.02095	0.07855	0.07462	0.67599	0.01964	0.00916	0.00262	0.00393	0.01636	0.00720	0.00655
25	0.01919	0.01842	0.03147	0.04759	0.67914	0.01842	0.02380	0.02380	0.01765	0.02533	0.01458	0.01919	0.01228	0.00691	0.00768	0.00230	0.00921	0.00691	0.00384	0.01228
26	0.01347	0.00673	0.01010	0.01010	0.01010	0.00673	0.00673	0.01010	0.01010	0.01347	0.01347	0.02357	0.01347	0.02694	0.03030	0.77441	0.00673	0.00673	0.00337	0.00337
27	0.01464	0.01378	0.02326	0.70887	0.05340	0.01723	0.02153	0.01981	0.01550	0.01981	0.01378	0.02067	0.01034	0.00775	0.00775	0.00258	0.01034	0.00689	0.00345	0.00861
28	0.01883	0.01614	0.01720	0.01568	0.01989	0.01860	0.01229	0.03953	0.62214	0.03182	0.03219	0.03282	0.02506	0.01124	0.00808	0.00269	0.00620	0.04983	0.00784	0.01193
29	0.01913	0.01859	0.03242	0.04660	0.63672	0.01850	0.06546	0.02386	0.01770	0.02530	0.01466	0.01930	0.01225	0.00688	0.00777	0.00232	0.00947	0.00706	0.00384	0.01216
30	0.01830	0.02092	0.04575	0.03268	0.04052	0.01961	0.65098	0.02484	0.01830	0.02484	0.01569	0.02092	0.01176	0.00654	0.00915	0.00261	0.01307	0.00915	0.00392	0.01046
31	0.01830	0.02092	0.04575	0.03268	0.04052	0.01961	0.65098	0.02484	0.01830	0.02484	0.01569	0.02092	0.01176	0.00654	0.00915	0.00261	0.01307	0.00915	0.00392	0.01046
32	0.02880	0.02138	0.02289	0.01770	0.02379	0.02373	0.01457	0.61263	0.07822	0.04777	0.01948	0.01930	0.01388	0.00939	0.00777	0.00235	0.00837	0.00710	0.00777	0.01313
33	0.01087	0.00802	0.01071	0.05754	0.01473	0.00798	0.00855	0.04584	0.01605	0.02135	0.03952	0.63810	0.04652	0.02239	0.00964	0.00307	0.00510	0.02023	0.00698	0.00682
34	0.01824	0.02074	0.04480	0.03215	0.03965	0.01979	0.62365	0.02457	0.01802	0.02457	0.01545	0.02074	0.01170	0.00684	0.00985	0.00265	0.04325	0.00905	0.00390	0.01037
35	0.01555	0.04011	0.68733	0.02210	0.03356	0.01801	0.02865	0.02455	0.01637	0.02455	0.01391	0.01637	0.00982	0.00737	0.00737	0.00246	0.01146	0.00573	0.00327	0.01146
36	0.00963	0.00689	0.00916	0.01067	0.01129	0.00642	0.00721	0.01125	0.01569	0.02113	0.11756	0.64381	0.05387	0.02329	0.00981	0.00306	0.00440	0.02109	0.00736	0.00642
37	0.00936	0.00784	0.00800	0.00797	0.01042	0.00663	0.00589	0.01129	0.01752	0.02109	0.10265	0.07258	0.61397	0.05741	0.01079	0.00287	0.00411	0.01599	0.00713	0.00648
38	0.00945	0.00675	0.00900	0.01080	0.01125	0.00630	0.00720	0.01080	0.01484	0.01979	0.04274	0.72245	0.05128	0.02429	0.00990	0.00315	0.00450	0.02204	0.00720	0.00630
39	0.01608	0.01378	0.01608	0.01148	0.01837	0.01034	0.00919	0.01952	0.01608	0.02527	0.01378	0.01608	0.01148	0.00574	0.00574	0.00115	0.00574	0.00459	0.00459	0.77491
40	0.00945	0.00675	0.00900	0.01080	0.01125	0.00630	0.00720	0.01080	0.01484	0.01979	0.04274	0.72245	0.05128	0.02429	0.00990	0.00315	0.00450	0.02204	0.00720	0.00630
41	0.00958	0.00684	0.00914	0.01094	0.01145	0.00641	0.00742	0.01102	0.01497	0.01994	0.04266	0.69555	0.05100	0.02417	0.00993	0.00317	0.00461	0.04766	0.00720	0.00633
42	0.00945	0.00675	0.00900	0.01080	0.01125	0.00630	0.00720	0.01080	0.01484	0.01979	0.04274	0.72245	0.05128	0.02429	0.00990	0.00315	0.00450	0.02204	0.00720	0.00630
43	0.00945	0.00675	0.00900	0.01080	0.01125	0.00630	0.00720	0.01080	0.01484	0.01979	0.04274	0.72245	0.05128	0.02429	0.00990	0.00315	0.00450	0.02204	0.00720	0.00630
44	0.48703	0.01493	0.01367	0.01154	0.01642	0.01645	0.00946	0.11527	0.01818	0.13253	0.01629	0.01712	0.01182	0.00804	0.00573	0.00233	0.00622	0.00543	0.08186	0.00968
45	0.00945	0.00675	0.00900	0.01080	0.01125	0.00630	0.00720	0.01080	0.01484	0.01979	0.04274	0.72245	0.05128	0.02429	0.00990	0.00315	0.00450	0.02204	0.00720	0.00630
46	0.00945	0.00675	0.00900	0.01080	0.01125	0.00630	0.00720	0.01080	0.01484	0.01979	0.04274	0.72245	0.05128	0.02429	0.00990	0.00315	0.00450	0.02204	0.00720	0.00630
47	0.00916	0.00785	0.00785	0.00785	0.01047	0.00655	0.00589	0.01113	0.01767	0.02095	0.07855	0.07462	0.67599	0.01964	0.00916	0.00262	0.00393	0.01636	0.00720	0.00655
48	0.01180	0.00744	0.00973	0.01066	0.01158	0.00693	0.00721	0.01325	0.01542	0.07277	0.08028	0.53558	0.04710	0.11522	0.01358	0.00362	0.00501	0.01897	0.00715	0.00670
49	0.00916	0.00785	0.00785	0.00785	0.01047	0.00655	0.00589	0.01113	0.01767	0.02095	0.07855	0.07462	0.67599	0.01964	0.00916	0.00262	0.00393	0.01636	0.00720	0.00655
50	0.02945	0.02239	0.02321	0.01793	0.02404	0.05374	0.01475	0.62580	0.03582	0.04755	0.01832	0.01841	0.01304	0.00925	0.00772	0.00231	0.00877	0.00689	0.00759	0.01300
51	0.01826	0.01827	0.04735	0.01695	0.05482	0.09042	0.01298	0.03248	0.39768	0.02799	0.03532	0.03633	0.12037	0.01188	0.00810	0.00259	0.00712	0.04346	0.00689	0.01073
52	0.01022	0.00781	0.01161	0.01244	0.01346	0.00733	0.04922	0.01205	0.01527	0.02035	0.04087	0.63486	0.04828	0.02295	0.00990	0.00314	0.00523	0.06139	0.00698	0.00662
53	0.02767	0.03433	0.02109	0.01907	0.02308	0.62012	0.01437	0.05782	0.02234	0.02046	0.01671	0.01822	0.05437	0.00882	0.00717	0.00205	0.01307	0.00584	0.00438	0.00902
54	0.01608	0.01378	0.01608	0.01148	0.01837	0.01034	0.00919	0.01952	0.01608	0.02527	0.01378	0.01608	0.01148	0.00574	0.00574	0.00115	0.00574	0.00459	0.00459	0.77491
55	0.01696	0.01696	0.02375	0.02036	0.02036	0.02375	0.01696	0.01866	0.01187	0.01866	0.01018	0.01696	0.01018	0.01357	0.02545	0.00339	0.71332	0.00679	0.00339	0.00848
56	0.01114	0.00851	0.01004	0.00943	0.01174	0.00778	0.00713	0.04158	0.02106	0.02824	0.43242	0.06216	0.28641	0.01692	0.00909	0.00250	0.00397	0.01455	0.00802	0.00730
57	0.01559	0.01195	0.01554	0.01416	0.01661	0.01388	0.01125	0.14718	0.04956	0.02511	0.02029	0.02722	0.01782	0.04335	0.48488	0.00940	0.05465	0.00798	0.00504	0.00856
58	0.01108	0.00831	0.01246	0.01246	0.01385	0.00969	0.00969	0.01385	0.01246	0.01800	0.02077	0.03046	0.01938	0.05815	0.69678	0.01246	0.02077	0.00831	0.00415	0.00692
59	0.59119	0.01955	0.13763	0.01264	0.01876	0.01712	0.01236	0.02409	0.01437	0.07493	0.01266	0.01419	0.00936	0.00738	0.00547	0.00241	0.00705	0.00472	0.00483	0.00928
60	0.45459	0.07923	0.01787	0.01297	0.01841	0.02039	0.01090	0.21924	0.02098	0.06187	0.01396	0.01496	0.01042	0.00789	0.00584	0.00231	0.00701	0.00519	0.00577	0.01020
61	0.00944	0.00787	0.00823	0.00814	0.01064	0.00666	0.00611	0.01165	0.01832	0.02247	0.16813	0.07211	0.58546	0.01907	0.00916	0.00259	0.00389	0.01601	0.00740	0.00666
62	0.09790	0.02131	0.02187	0.01816	0.05183	0.07335	0.01418	0.45977	0.03080	0.08463	0.01783	0.01816	0.01280	0.00881	0.00736	0.00227	0.00853	0.00655	0.00704	0.03683
63	0.01929	0.01666	0.01753	0.01578	0.02016	0.01929	0.01227	0.04120	0.66513	0.03243	0.03156	0.02893	0.02367	0.01052	0.00789	0.00263	0.00614	0.00877	0.00789	0.01227
64	0.01594	0.01260	0.01701	0.01972	0.14063	0.01306	0.01316	0.02445	0.18647	0.05264	0.19970	0.04947	0.03968	0.01397	0.00889	0.00275	0.00633	0.16664	0.00717	0.00970
65	0.01629	0.03993	0.65053	0.02198	0.03303	0.05553	0.02789	0.02491	0.01668	0.02425	0.01381	0.01624	0.00983	0.00740	0.00735	0.00243	0.01160	0.00569	0.00331	0.01132
66	0.00958	0.00684	0.00915	0.01095	0.01146	0.00641	0.00743	0.01103	0.01498	0.01994	0.04266	0.69426	0.05099	0.02416	0.00993	0.00317	0.00462	0.04889	0.00719	0.00634
67	0.05921	0.09059	0.51023	0.02151	0.06228	0.05121	0.02471	0.02444	0.01647	0.02442	0.01343	0.01587	0.00994	0.00725	0.00697	0.00231	0.01071	0.00550	0.00347	0.03947
68	0.01912	0.07836	0.07776	0.23825	0.03244	0.04434	0.04420	0.16841	0.02021	0.02664	0.01573	0.02175	0.01296	0.07799	0.03149	0.00317	0.04467	0.00700	0.00464	0.03086
69	0.01929	0.34487	0.27683	0.01747	0.02518	0.10109	0.01912	0.02415	0.01674	0.02110	0.03338	0.01571	0.01194	0.00763	0.00702	0.00209	0.03733	0.00525	0.00355	0.01026

[dist]
# distance from previous block
# <min> <max>
0	4

[block]
# block no. 1 follows, 25 sequences, length 29
# corresponding to MSA columns:
# 120-148
name=unknown_B
#
# <colnr> <probs for GDERKNQSTAVLIFYWHMCP>
#	G	D	E	R	K	N	Q	S	T	A	V	L	I	F	Y	W	H	M	C	P
0	0.01527	0.15924	0.07763	0.01305	0.01645	0.03423	0.01130	0.06488	0.01542	0.02041	0.01989	0.07001	0.01985	0.19307	0.22950	0.00662	0.01223	0.00855	0.00448	0.00791
1	0.01653	0.06894	0.02441	0.04896	0.08556	0.01571	0.11719	0.01991	0.01589	0.04496	0.01953	0.15301	0.01914	0.01099	0.01031	0.00236	0.11289	0.00940	0.00476	0.19954
2	0.02024	0.10845	0.02230	0.01605	0.02005	0.12865	0.06347	0.14838	0.04970	0.02655	0.06862	0.07355	0.02189	0.12212	0.01333	0.00310	0.04105	0.00869	0.00550	0.03832
3	0.01087	0.01002	0.06394	0.01029	0.01179	0.00791	0.00772	0.01253	0.01438	0.01931	0.09748	0.24013	0.10270	0.33056	0.02253	0.00489	0.00625	0.01463	0.00591	0.00614
4	0.01930	0.06037	0.03001	0.09500	0.51640	0.01932	0.02179	0.04745	0.06712	0.02586	0.01573	0.01963	0.01288	0.00732	0.00754	0.00231	0.00899	0.00689	0.00422	0.01188
5	0.51963	0.01473	0.01291	0.01140	0.01593	0.01672	0.00921	0.05445	0.11768	0.05910	0.05521	0.01938	0.01578	0.00850	0.00582	0.00241	0.00591	0.00590	0.04004	0.00929
6	0.00955	0.00693	0.00902	0.01049	0.01121	0.00640	0.00711	0.01113	0.01564	0.02080	0.09687	0.61931	0.10041	0.02325	0.00978	0.00305	0.00439	0.02096	0.00731	0.00640
7	0.72542	0.01486	0.01190	0.01047	0.01536	0.01694	0.00863	0.02393	0.01388	0.08421	0.01230	0.01364	0.00922	0.00738	0.00503	0.00240	0.00604	0.00447	0.00516	0.00876
8	0.01109	0.00825	0.01216	0.01216	0.01344	0.00953	0.00931	0.01365	0.01237	0.01777	0.02105	0.03200	0.02005	0.10907	0.64678	0.01208	0.01976	0.00853	0.00420	0.00675
9	0.01929	0.01666	0.01753	0.01578	0.02016	0.01929	0.01227	0.04120	0.66513	0.03243	0.03156	0.02893	0.02367	0.01052	0.00789	0.00263	0.00614	0.00877	0.00789	0.01227
10	0.01608	0.01378	0.01608	0.01148	0.01837	0.01034	0.00919	0.01952	0.01608	0.02527	0.01378	0.01608	0.01148	0.00574	0.00574	0.00115	0.00574	0.00459	0.00459	0.77491
11	0.00983	0.00822	0.00869	0.00834	0.01110	0.00688	0.00629	0.01212	0.01818	0.02263	0.15845	0.06880	0.55195	0.01828	0.00896	0.00251	0.00400	0.01534	0.00723	0.05223
12	0.02186	0.02071	0.01880	0.01670	0.02116	0.14078	0.01296	0.09004	0.49806	0.03139	0.02699	0.02540	0.02035	0.00997	0.00772	0.00249	0.00774	0.00794	0.00718	0.01176
13	0.02896	0.03695	0.02197	0.01998	0.02397	0.69638	0.01498	0.03096	0.02197	0.01898	0.01199	0.01398	0.00999	0.00799	0.00699	0.00200	0.01398	0.00499	0.00400	0.00899
14	0.01173	0.00827	0.00976	0.00927	0.01167	0.00742	0.00699	0.01431	0.01870	0.06902	0.26174	0.06142	0.35792	0.04775	0.06613	0.00353	0.00553	0.01417	0.00745	0.00721
15	0.01929	0.01666	0.01753	0.01578	0.02016	0.01929	0.01227	0.04120	0.66513	0.03243	0.03156	0.02893	0.02367	0.01052	0.00789	0.00263	0.00614	0.00877	0.00789	0.01227
16	0.02673	0.02317	0.02119	0.01726	0.02255	0.15795	0.01383	0.41575	0.09325	0.03896	0.02341	0.02324	0.06746	0.01000	0.00773	0.00231	0.00903	0.00752	0.00696	0.01171
17	0.01818	0.01828	0.03026	0.07603	0.02919	0.02204	0.20704	0.07108	0.01603	0.02300	0.01277	0.01856	0.01090	0.01068	0.01782	0.00301	0.39423	0.00752	0.00390	0.00946
18	0.00916	0.00785	0.00785	0.00785	0.01047	0.00655	0.00589	0.01113	0.01767	0.02095	0.07855	0.07462	0.67599	0.01964	0.00916	0.00262	0.00393	0.01636	0.00720	0.00655
19	0.01249	0.00892	0.01249	0.01428	0.01606	0.00892	0.01249	0.01606	0.01785	0.02320	0.04105	0.08746	0.04462	0.02142	0.01071	0.00357	0.00714	0.62695	0.00714	0.00714
20	0.01652	0.16937	0.56654	0.02045	0.03101	0.02037	0.02577	0.02431	0.01626	0.02338	0.01333	0.01564	0.00985	0.00723	0.00692	0.00231	0.01087	0.00543	0.00328	0.01118
21	0.01668	0.17527	0.53345	0.02081	0.03117	0.02056	0.05165	0.02430	0.01633	0.02333	0.01337	0.01579	0.00993	0.00719	0.00697	0.00231	0.01090	0.00556	0.00331	0.01112
22	0.01097	0.00793	0.01036	0.00975	0.01158	0.00732	0.00732	0.01463	0.02195	0.03109	0.67505	0.05792	0.07316	0.01585	0.00914	0.00244	0.00366	0.01402	0.00854	0.00732
23	0.03300	0.01575	0.07265	0.01464	0.02109	0.01248	0.01294	0.06306	0.02233	0.60363	0.02872	0.02524	0.01817	0.00940	0.00776	0.00240	0.00708	0.00759	0.00900	0.01305
24	0.01769	0.01791	0.03334	0.21968	0.03909	0.01925	0.31642	0.07332	0.01838	0.02491	0.04415	0.02183	0.01403	0.00837	0.01061	0.00267	0.09606	0.00827	0.00424	0.00978
25	0.01890	0.11945	0.41929	0.01919	0.02783	0.09975	0.02196	0.05278	0.01772	0.05173	0.01503	0.01875	0.01181	0.06231	0.00951	0.00268	0.01074	0.00602	0.00394	0.01062
26	0.01026	0.00759	0.00976	0.01120	0.01246	0.00709	0.00844	0.01236	0.01626	0.02099	0.04940	0.41279	0.17404	0.02255	0.00998	0.00316	0.00513	0.19275	0.00718	0.00659
27	0.02068	0.02122	0.02436	0.11905	0.02818	0.17120	0.09468	0.11145	0.01946	0.02451	0.01548	0.06581	0.01370	0.01014	0.01167	0.00253	0.16625	0.00760	0.00457	0.06746
28	0.01159	0.00844	0.01129	0.01241	0.01419	0.00814	0.01033	0.01482	0.01840	0.02424	0.16988	0.13048	0.12011	0.02036	0.01017	0.00321	0.00589	0.39159	0.00743	0.00704

[dist]
# distance from previous block
# <min> <max>
0	2

[block]
# block no. 2 follows, 25 sequences, length 30
# corresponding to MSA columns:
# 151-180
name=unknown_C
#
# <colnr> <probs for GDERKNQSTAVLIFYWHMCP>
#	G	D	E	R	K	N	Q	S	T	A	V	L	I	F	Y	W	H	M	C	P
0	0.08404	0.01467	0.02184	0.46520	0.04147	0.01794	0.01859	0.05652	0.01658	0.07908	0.01477	0.01988	0.01106	0.00867	0.00970	0.00264	0.09708	0.00673	0.00432	0.00922
1	0.00971	0.00694	0.00930	0.01110	0.01166	0.00653	0.00766	0.01125	0.01511	0.02009	0.04259	0.66738	0.05070	0.02404	0.00997	0.00319	0.00473	0.07450	0.00719	0.00637
2	0.01591	0.07118	0.60587	0.02155	0.03190	0.01905	0.02702	0.02404	0.01600	0.02380	0.01348	0.01623	0.00986	0.00781	0.00864	0.00249	0.06501	0.00574	0.00329	0.01116
3	0.01207	0.00861	0.01182	0.01314	0.01479	0.00849	0.01108	0.01539	0.01809	0.02396	0.14278	0.10780	0.04877	0.05257	0.01172	0.00355	0.00648	0.47461	0.00726	0.00702
4	0.01128	0.00752	0.00846	0.00846	0.00846	0.00752	0.00470	0.01128	0.01128	0.01503	0.02443	0.05074	0.02819	0.72751	0.03946	0.00752	0.00752	0.01128	0.00470	0.00470
5	0.02865	0.13424	0.02371	0.01540	0.02149	0.02014	0.01303	0.28152	0.07249	0.25336	0.02209	0.02085	0.01535	0.00894	0.00726	0.00223	0.00759	0.00684	0.00755	0.03729
6	0.02518	0.02022	0.02081	0.01706	0.02241	0.04937	0.01371	0.37147	0.29935	0.04076	0.02377	0.02275	0.01745	0.00976	0.00778	0.00244	0.00775	0.00765	0.00766	0.01263
7	0.01555	0.04011	0.68733	0.02210	0.03356	0.01801	0.02865	0.02455	0.01637	0.02455	0.01391	0.01637	0.00982	0.00737	0.00737	0.00246	0.01146	0.00573	0.00327	0.01146
8	0.01828	0.03559	0.57017	0.02205	0.05864	0.01714	0.02613	0.02630	0.01720	0.11314	0.01618	0.01783	0.01118	0.00765	0.00744	0.00244	0.01071	0.00606	0.00415	0.01173
9	0.02188	0.51700	0.14303	0.01478	0.02212	0.02587	0.01551	0.02551	0.01677	0.11394	0.01411	0.01506	0.01124	0.00717	0.00577	0.00189	0.00857	0.00492	0.00420	0.01066
10	0.00971	0.00693	0.00929	0.01109	0.01166	0.00652	0.00765	0.01124	0.01510	0.02008	0.04259	0.66847	0.05072	0.02405	0.00997	0.00318	0.00472	0.07346	0.00719	0.00637
11	0.01555	0.04011	0.68733	0.02210	0.03356	0.01801	0.02865	0.02455	0.01637	0.02455	0.01391	0.01637	0.00982	0.00737	0.00737	0.00246	0.01146	0.00573	0.00327	0.01146
12	0.02896	0.03695	0.02197	0.01998	0.02397	0.69638	0.01498	0.03096	0.02197	0.01898	0.01199	0.01398	0.00999	0.00799	0.00699	0.00200	0.01398	0.00499	0.00400	0.00899
13	0.03371	0.06821	0.01973	0.01375	0.01980	0.01287	0.01154	0.03667	0.02170	0.63353	0.02907	0.02532	0.01849	0.00937	0.00758	0.00234	0.00673	0.00752	0.00912	0.01295
14	0.02947	0.02172	0.02327	0.01784	0.02404	0.02404	0.01474	0.65329	0.03646	0.04887	0.01862	0.01862	0.01319	0.00931	0.00776	0.00233	0.00853	0.00698	0.00776	0.01319
15	0.00998	0.00742	0.01031	0.07128	0.01492	0.00730	0.00845	0.01179	0.01530	0.02042	0.07523	0.62480	0.04894	0.02239	0.00967	0.00306	0.00496	0.02028	0.00695	0.00655
16	0.01231	0.01012	0.01482	0.01411	0.01521	0.01263	0.01121	0.01485	0.01234	0.01814	0.01856	0.02764	0.01746	0.04884	0.55655	0.01057	0.16543	0.00799	0.00399	0.00725
17	0.01690	0.22743	0.45959	0.07223	0.03134	0.02141	0.02390	0.02383	0.01614	0.02246	0.01305	0.01562	0.00990	0.00720	0.00674	0.00225	0.01051	0.00539	0.00330	0.01083
18	0.01641	0.01379	0.01610	0.01216	0.01847	0.01114	0.00982	0.04316	0.04770	0.02628	0.01712	0.02285	0.01494	0.00743	0.00634	0.00147	0.00598	0.05778	0.00508	0.64600
19	0.02308	0.04842	0.05208	0.01592	0.02128	0.01929	0.01344	0.40342	0.02799	0.03793	0.02101	0.11155	0.01829	0.01501	0.06749	0.00319	0.00895	0.00869	0.00670	0.07627
20	0.28260	0.02193	0.01907	0.01562	0.02099	0.13081	0.01264	0.34032	0.02628	0.03928	0.01491	0.01584	0.01106	0.00838	0.00664	0.00230	0.00856	0.00572	0.00615	0.01089
21	0.01097	0.00792	0.01093	0.01112	0.01200	0.00871	0.00797	0.01278	0.01236	0.01731	0.02410	0.10748	0.02524	0.25084	0.43359	0.01006	0.01521	0.01059	0.00463	0.00621
22	0.01253	0.00836	0.01037	0.00961	0.01200	0.00746	0.00730	0.01570	0.02087	0.08403	0.46684	0.05953	0.22363	0.01629	0.00904	0.00248	0.00398	0.01410	0.00828	0.00762
23	0.78228	0.01499	0.01140	0.01020	0.01499	0.01739	0.00840	0.02279	0.01320	0.03479	0.01080	0.01260	0.00840	0.00720	0.00480	0.00240	0.00600	0.00420	0.00480	0.00840
24	0.01097	0.00793	0.01036	0.00975	0.01158	0.00732	0.00732	0.01463	0.02195	0.03109	0.67505	0.05792	0.07316	0.01585	0.00914	0.00244	0.00366	0.01402	0.00854	0.00732
25	0.01097	0.00793	0.01036	0.00975	0.01158	0.00732	0.00732	0.01463	0.02195	0.03109	0.67505	0.05792	0.07316	0.01585	0.00914	0.00244	0.00366	0.01402	0.00854	0.00732
26	0.01128	0.00752	0.00846	0.00846	0.00846	0.00752	0.00470	0.01128	0.01128	0.01503	0.02443	0.05074	0.02819	0.72751	0.03946	0.00752	0.00752	0.01128	0.00470	0.00470
27	0.01220	0.00834	0.01122	0.04000	0.01476	0.00811	0.00928	0.01520	0.03601	0.05920	0.12283	0.39108	0.06835	0.02054	0.00969	0.00305	0.00535	0.15016	0.00736	0.00727
28	0.06712	0.65740	0.03802	0.01338	0.01979	0.05998	0.01305	0.02354	0.01588	0.01928	0.01083	0.01252	0.00986	0.00673	0.00506	0.00172	0.00841	0.00419	0.00344	0.00981
29	0.13837	0.02540	0.07909	0.01921	0.06372	0.17764	0.01545	0.30298	0.02613	0.03557	0.01512	0.01641	0.01134	0.00826	0.00704	0.00223	0.00963	0.00592	0.00572	0.03475

[dist]
# distance from previous block
# <min> <max>
0	2

[block]
# block no. 3 follows, 25 sequences, length 67
# corresponding to MSA columns:
# 183-249
name=unknown_D
#
# <colnr> <probs for GDERKNQSTAVLIFYWHMCP>
#	G	D	E	R	K	N	Q	S	T	A	V	L	I	F	Y	W	H	M	C	P
0	0.01533	0.01220	0.01456	0.01481	0.01768	0.01332	0.01222	0.02678	0.29807	0.02709	0.03700	0.08313	0.03577	0.01679	0.00946	0.00315	0.00662	0.33921	0.00747	0.00933
1	0.02947	0.02172	0.02327	0.01784	0.02404	0.02404	0.01474	0.65329	0.03646	0.04887	0.01862	0.01862	0.01319	0.00931	0.00776	0.00233	0.00853	0.00698	0.00776	0.01319
2	0.01108	0.00831	0.01246	0.01246	0.01385	0.00969	0.00969	0.01385	0.01246	0.01800	0.02077	0.03046	0.01938	0.05815	0.69678	0.01246	0.02077	0.00831	0.00415	0.00692
3	0.01772	0.01647	0.02712	0.38523	0.20573	0.01847	0.07822	0.08150	0.04722	0.02494	0.01540	0.02050	0.01182	0.00770	0.00787	0.00249	0.00994	0.00719	0.00419	0.01030
4	0.00945	0.00675	0.00900	0.01080	0.01125	0.00630	0.00720	0.01080	0.01484	0.01979	0.04274	0.72245	0.05128	0.02429	0.00990	0.00315	0.00450	0.02204	0.00720	0.00630
5	0.01464	0.01378	0.02326	0.70887	0.05340	0.01723	0.02153	0.01981	0.01550	0.01981	0.01378	0.02067	0.01034	0.00775	0.00775	0.00258	0.01034	0.00689	0.00345	0.00861
6	0.01128	0.00752	0.00846	0.00846	0.00846	0.00752	0.00470	0.01128	0.01128	0.01503	0.02443	0.05074	0.02819	0.72751	0.03946	0.00752	0.00752	0.01128	0.00470	0.00470
7	0.01612	0.01394	0.01645	0.01192	0.01847	0.01099	0.00957	0.01948	0.01587	0.02494	0.01361	0.01612	0.01142	0.00612	0.00670	0.00126	0.04013	0.00470	0.00454	0.73766
8	0.01267	0.01065	0.01552	0.01460	0.01561	0.01350	0.01166	0.01515	0.01230	0.01818	0.01790	0.02680	0.01689	0.04606	0.51472	0.01000	0.20858	0.00789	0.00395	0.00735
9	0.02743	0.05586	0.02305	0.01940	0.02344	0.47482	0.01510	0.14347	0.02328	0.02440	0.01296	0.01511	0.01059	0.00881	0.00913	0.00220	0.09109	0.00553	0.00459	0.00973
10	0.01861	0.02214	0.08554	0.06333	0.14719	0.06419	0.34590	0.02403	0.01735	0.02351	0.01434	0.01932	0.01133	0.00770	0.01061	0.00260	0.10029	0.00783	0.00378	0.01042
11	0.00963	0.00689	0.00916	0.01067	0.01129	0.00642	0.00721	0.01124	0.01568	0.02111	0.11666	0.64475	0.05384	0.02330	0.00981	0.00307	0.00440	0.02110	0.00735	0.00642
12	0.01608	0.01378	0.01608	0.01148	0.01837	0.01034	0.00919	0.01952	0.01608	0.02527	0.01378	0.01608	0.01148	0.00574	0.00574	0.00115	0.00574	0.00459	0.00459	0.77491
13	0.01225	0.01072	0.01830	0.01620	0.01895	0.00990	0.15612	0.01514	0.01600	0.02166	0.03425	0.45179	0.03868	0.01859	0.00950	0.00292	0.00680	0.07274	0.00625	0.06326
14	0.01692	0.01435	0.01651	0.01208	0.01876	0.01160	0.00966	0.05004	0.06307	0.02685	0.01526	0.01711	0.01243	0.00624	0.00599	0.00131	0.00590	0.00500	0.00497	0.68595
15	0.02839	0.02115	0.02304	0.04936	0.02523	0.02354	0.01495	0.60004	0.06043	0.04689	0.01891	0.01912	0.01347	0.00928	0.00776	0.00235	0.00852	0.00705	0.00756	0.01294
16	0.02004	0.68078	0.03848	0.01302	0.01931	0.02902	0.01284	0.02261	0.01619	0.01915	0.05792	0.01567	0.01444	0.00729	0.00527	0.00171	0.00796	0.00485	0.00369	0.00976
17	0.01112	0.00814	0.01164	0.01164	0.01274	0.00924	0.00866	0.01332	0.01222	0.01739	0.02152	0.03464	0.02120	0.19606	0.56136	0.01144	0.01804	0.00892	0.00427	0.00646
18	0.01882	0.01625	0.01709	0.01541	0.01971	0.01870	0.01198	0.03981	0.63521	0.03190	0.03373	0.03104	0.05382	0.01094	0.00795	0.00263	0.00603	0.00912	0.00786	0.01201
19	0.01572	0.10084	0.58409	0.02049	0.03087	0.01845	0.02585	0.02378	0.01668	0.02441	0.05710	0.01874	0.01400	0.00786	0.00727	0.00238	0.01066	0.00613	0.00362	0.01105
20	0.02914	0.02155	0.02308	0.01777	0.02392	0.02389	0.01466	0.63304	0.05725	0.04832	0.01904	0.01896	0.01353	0.00935	0.00776	0.00234	0.00845	0.00704	0.00776	0.01316
21	0.01043	0.00845	0.00903	0.00880	0.01112	0.00769	0.00645	0.01387	0.06361	0.02279	0.16902	0.06586	0.45500	0.09887	0.01252	0.00315	0.00445	0.01485	0.00719	0.00687
22	0.12238	0.01363	0.01718	0.01350	0.01925	0.01261	0.01110	0.03623	0.06219	0.56587	0.02831	0.02492	0.01820	0.00937	0.00745	0.00241	0.00650	0.00743	0.00892	0.01257
23	0.06273	0.09299	0.02372	0.01770	0.02308	0.24905	0.01430	0.33599	0.05025	0.03478	0.01575	0.01656	0.01195	0.00856	0.00711	0.00217	0.01013	0.00598	0.00595	0.01123
24	0.01445	0.00723	0.00723	0.00723	0.00903	0.00723	0.00542	0.01807	0.01626	0.02891	0.02529	0.02891	0.01987	0.00903	0.00542	0.00181	0.00361	0.00723	0.77055	0.00723
25	0.01083	0.00771	0.01030	0.01078	0.01149	0.00814	0.00752	0.01236	0.01281	0.01760	0.02783	0.19722	0.03067	0.27856	0.28775	0.00829	0.01198	0.03699	0.00515	0.00603
26	0.02561	0.01904	0.02328	0.01953	0.06671	0.02008	0.05924	0.34729	0.13547	0.10314	0.02104	0.02107	0.01521	0.00886	0.00769	0.00230	0.00806	0.00729	0.00714	0.08195
27	0.04703	0.07636	0.05340	0.01774	0.02317	0.22379	0.01476	0.30535	0.06928	0.03369	0.01661	0.01778	0.01271	0.01103	0.04072	0.00270	0.01064	0.00623	0.00587	0.01113
28	0.02120	0.01592	0.01801	0.01519	0.01949	0.01719	0.01213	0.34045	0.07980	0.03588	0.02482	0.14554	0.02272	0.01848	0.09519	0.00375	0.00894	0.03738	0.00698	0.06094
29	0.01454	0.01156	0.04332	0.01227	0.01504	0.01062	0.00985	0.06410	0.10039	0.06070	0.30199	0.16470	0.04931	0.04977	0.01043	0.00290	0.00539	0.05690	0.00770	0.00851
30	0.02595	0.07975	0.02541	0.02465	0.15175	0.39828	0.01665	0.10753	0.02204	0.02395	0.01316	0.01563	0.01085	0.00812	0.00798	0.00214	0.04593	0.00565	0.00437	0.01021
31	0.01445	0.00723	0.00723	0.00723	0.00903	0.00723	0.00542	0.01807	0.01626	0.02891	0.02529	0.02891	0.01987	0.00903	0.00542	0.00181	0.00361	0.00723	0.77055	0.00723
32	0.01503	0.01514	0.04779	0.61752	0.05004	0.01759	0.03869	0.02094	0.04127	0.02059	0.01444	0.02074	0.01088	0.00799	0.00830	0.00261	0.03094	0.00698	0.00363	0.00891
33	0.03479	0.01320	0.01799	0.01380	0.01979	0.01140	0.01140	0.03779	0.02219	0.68451	0.03059	0.02639	0.01919	0.00960	0.00780	0.00240	0.00660	0.00780	0.00960	0.01320
34	0.03377	0.01342	0.01796	0.01393	0.01982	0.01191	0.01145	0.03801	0.06447	0.64164	0.03065	0.02656	0.01949	0.00966	0.00780	0.00241	0.00657	0.00786	0.00948	0.01313
35	0.02842	0.08267	0.02320	0.01953	0.02370	0.65261	0.01487	0.03045	0.02156	0.01893	0.01191	0.01388	0.00999	0.00790	0.00686	0.00198	0.01361	0.00494	0.00395	0.00905
36	0.01108	0.00831	0.01246	0.01246	0.01385	0.00969	0.00969	0.01385	0.01246	0.01800	0.02077	0.03046	0.01938	0.05815	0.69678	0.01246	0.02077	0.00831	0.00415	0.00692
37	0.01331	0.00679	0.00998	0.00998	0.00998	0.00679	0.00659	0.01018	0.01018	0.01358	0.01425	0.02550	0.01451	0.07665	0.03095	0.71999	0.00679	0.00706	0.00346	0.00346
38	0.01123	0.00855	0.01252	0.01251	0.01368	0.00998	0.00959	0.01370	0.01257	0.01803	0.02224	0.08758	0.02199	0.08578	0.57651	0.01102	0.05177	0.00951	0.00439	0.00684
39	0.02862	0.02186	0.02232	0.01758	0.02343	0.07065	0.01434	0.51539	0.10092	0.07528	0.02008	0.01974	0.01435	0.00936	0.00772	0.00234	0.00857	0.00707	0.00759	0.01279
40	0.78228	0.01499	0.01140	0.01020	0.01499	0.01739	0.00840	0.02279	0.01320	0.03479	0.01080	0.01260	0.00840	0.00720	0.00480	0.00240	0.00600	0.00420	0.00480	0.00840
41	0.01128	0.00752	0.00846	0.00846	0.00846	0.00752	0.00470	0.01128	0.01128	0.01503	0.02443	0.05074	0.02819	0.72751	0.03946	0.00752	0.00752	0.01128	0.00470	0.00470
42	0.01234	0.00999	0.01095	0.01022	0.01306	0.00972	0.00780	0.04661	0.12841	0.02725	0.25038	0.05929	0.35190	0.01648	0.00888	0.00255	0.00443	0.01394	0.00775	0.00805
43	0.01514	0.07894	0.02422	0.56028	0.04586	0.01845	0.01977	0.01962	0.01522	0.01958	0.01456	0.05188	0.01217	0.00886	0.00897	0.00259	0.06435	0.00733	0.00360	0.00862
44	0.00945	0.00675	0.00900	0.01080	0.01125	0.00630	0.00720	0.01080	0.01484	0.01979	0.04274	0.72245	0.05128	0.02429	0.00990	0.00315	0.00450	0.02204	0.00720	0.00630
45	0.01830	0.02092	0.04575	0.03268	0.04052	0.01961	0.65098	0.02484	0.01830	0.02484	0.01569	0.02092	0.01176	0.00654	0.00915	0.00261	0.01307	0.00915	0.00392	0.01046
46	0.02768	0.01990	0.02157	0.01705	0.02284	0.02195	0.01392	0.46794	0.17307	0.09813	0.02245	0.02152	0.01598	0.00960	0.00779	0.00240	0.00785	0.00744	0.00794	0.01299
47	0.01098	0.00868	0.01346	0.01327	0.01472	0.00820	0.07937	0.01314	0.01566	0.02099	0.08029	0.48089	0.04563	0.08534	0.01252	0.00348	0.00591	0.07401	0.00669	0.00676
48	0.00918	0.00780	0.00791	0.00799	0.01051	0.00653	0.00595	0.01111	0.01754	0.02089	0.07684	0.10547	0.64625	0.01986	0.00920	0.00264	0.00395	0.01663	0.00720	0.00653
49	0.02148	0.66904	0.03894	0.01388	0.02027	0.09113	0.01342	0.02392	0.01632	0.01831	0.01089	0.01258	0.00995	0.00676	0.00516	0.00169	0.00881	0.00422	0.00338	0.00986
50	0.03338	0.01351	0.01795	0.01398	0.01983	0.01211	0.01148	0.03810	0.08058	0.62529	0.03068	0.02662	0.01960	0.00968	0.00781	0.00242	0.00656	0.00789	0.00944	0.01311
51	0.03409	0.01369	0.01822	0.01404	0.02000	0.01221	0.01158	0.06633	0.04174	0.63598	0.03006	0.02611	0.01905	0.00961	0.00780	0.00240	0.00667	0.00779	0.00946	0.01317
52	0.00916	0.00785	0.00785	0.00785	0.01047	0.00655	0.00589	0.01113	0.01767	0.02095	0.07855	0.07462	0.67599	0.01964	0.00916	0.00262	0.00393	0.01636	0.00720	0.00655
53	0.00916	0.00785	0.00785	0.00785	0.01047	0.00655	0.00589	0.01113	0.01767	0.02095	0.07855	0.07462	0.67599	0.01964	0.00916	0.00262	0.00393	0.01636	0.00720	0.00655
54	0.01772	0.02200	0.10179	0.09313	0.04106	0.01925	0.53748	0.02435	0.01787	0.02435	0.01535	0.02048	0.01146	0.00672	0.00886	0.00260	0.01268	0.00864	0.00382	0.01038
55	0.01466	0.00963	0.01370	0.05991	0.01886	0.00969	0.01299	0.01828	0.01809	0.08303	0.03831	0.07752	0.04006	0.01945	0.01025	0.00340	0.00730	0.52996	0.00712	0.00779
56	0.01847	0.02044	0.04305	0.03550	0.16130	0.01938	0.53237	0.02464	0.01818	0.02493	0.01548	0.02059	0.01186	0.00661	0.00887	0.00256	0.01234	0.00873	0.00391	0.01080
57	0.01974	0.01688	0.01779	0.01587	0.02034	0.01950	0.01238	0.06849	0.63711	0.03317	0.03098	0.02847	0.02320	0.01047	0.00788	0.00262	0.00624	0.00869	0.00788	0.01231
58	0.01874	0.01827	0.03209	0.10065	0.56966	0.01843	0.08057	0.02356	0.01754	0.02483	0.01462	0.01947	0.01207	0.00694	0.00782	0.00235	0.00965	0.00711	0.00381	0.01181
59	0.01485	0.01407	0.02330	0.64635	0.05040	0.01782	0.02112	0.01971	0.01517	0.01971	0.01345	0.02034	0.01032	0.00828	0.00936	0.00266	0.07417	0.00688	0.00344	0.00860
60	0.02785	0.01972	0.02162	0.01664	0.02278	0.02106	0.01366	0.48656	0.07424	0.10487	0.02007	0.01975	0.01425	0.00903	0.00755	0.00223	0.00789	0.00692	0.00759	0.09573
61	0.01266	0.00830	0.01091	0.01004	0.01217	0.00761	0.00761	0.01628	0.02197	0.07746	0.62932	0.05568	0.06933	0.01541	0.00905	0.00244	0.00387	0.01358	0.00861	0.00773
62	0.01408	0.00984	0.01670	0.19249	0.02407	0.01060	0.06907	0.01397	0.01239	0.01634	0.01468	0.04477	0.01371	0.02005	0.02191	0.48067	0.00817	0.00748	0.00356	0.00546
63	0.02354	0.02389	0.08408	0.19128	0.09128	0.14272	0.01853	0.27114	0.02516	0.03199	0.01544	0.01813	0.01152	0.00829	0.00757	0.00234	0.01029	0.00648	0.00526	0.01106
64	0.01555	0.04011	0.68733	0.02210	0.03356	0.01801	0.02865	0.02455	0.01637	0.02455	0.01391	0.01637	0.00982	0.00737	0.00737	0.00246	0.01146	0.00573	0.00327	0.01146
65	0.01077	0.00770	0.01052	0.01231	0.01335	0.00744	0.00951	0.01309	0.01615	0.02128	0.04200	0.44573	0.04838	0.02304	0.01025	0.00333	0.00565	0.28565	0.00717	0.00666
66	0.02257	0.32331	0.05284	0.04548	0.14190	0.10050	0.01638	0.14136	0.04213	0.02600	0.01394	0.01593	0.01144	0.00752	0.00647	0.00203	0.00924	0.00556	0.00446	0.01094

[dist]
# distance from previous block
# <min> <max>
0	1

[block]
# block no. 4 follows, 25 sequences, length 82
# corresponding to MSA columns:
# 251-332
name=unknown_E
#
# <colnr> <probs for GDERKNQSTAVLIFYWHMCP>
#	G	D	E	R	K	N	Q	S	T	A	V	L	I	F	Y	W	H	M	C	P
0	0.01006	0.00724	0.00924	0.01005	0.01097	0.00674	0.00686	0.01194	0.01661	0.02247	0.21886	0.41848	0.09650	0.10112	0.01298	0.00341	0.00457	0.01822	0.00729	0.00642
1	0.01832	0.05745	0.04829	0.33318	0.18849	0.10798	0.02022	0.02388	0.05870	0.02183	0.01458	0.01925	0.01156	0.00792	0.00817	0.00242	0.03738	0.00658	0.00388	0.00991
2	0.01644	0.00914	0.01212	0.01068	0.01347	0.00825	0.00825	0.01995	0.02200	0.18115	0.52705	0.05068	0.06077	0.01441	0.00884	0.00243	0.00433	0.01259	0.00878	0.00867
3	0.01089	0.00790	0.01015	0.00960	0.01139	0.00728	0.00713	0.01430	0.02126	0.02987	0.61554	0.05849	0.10304	0.04672	0.01045	0.00267	0.00384	0.01403	0.00830	0.00716
4	0.01249	0.00892	0.01249	0.01428	0.01606	0.00892	0.01249	0.01606	0.01785	0.02320	0.04105	0.08746	0.04462	0.02142	0.01071	0.00357	0.00714	0.62695	0.00714	0.00714
5	0.01249	0.00892	0.01249	0.01428	0.01606	0.00892	0.01249	0.01606	0.01785	0.02320	0.04105	0.08746	0.04462	0.02142	0.01071	0.00357	0.00714	0.62695	0.00714	0.00714
6	0.78228	0.01499	0.01140	0.01020	0.01499	0.01739	0.00840	0.02279	0.01320	0.03479	0.01080	0.01260	0.00840	0.00720	0.00480	0.00240	0.00600	0.00420	0.00480	0.00840
7	0.01777	0.01978	0.04091	0.02992	0.03624	0.01980	0.52626	0.02334	0.01715	0.02367	0.01577	0.04531	0.01292	0.00830	0.01179	0.00276	0.12515	0.00923	0.00395	0.00999
8	0.01679	0.01420	0.01646	0.01182	0.01868	0.01107	0.00948	0.05335	0.01717	0.02653	0.01404	0.01621	0.01158	0.00593	0.00585	0.00121	0.00589	0.00472	0.00476	0.73425
9	0.60107	0.01616	0.01398	0.01182	0.01695	0.01832	0.00975	0.14194	0.01804	0.07211	0.01332	0.01446	0.00987	0.00772	0.00551	0.00239	0.00651	0.00491	0.00561	0.00955
10	0.02717	0.01860	0.02051	0.01607	0.02125	0.02018	0.01295	0.49357	0.03102	0.10143	0.01994	0.02274	0.01520	0.07975	0.01227	0.05268	0.00814	0.00745	0.00735	0.01173
11	0.01097	0.00793	0.01036	0.00975	0.01158	0.00732	0.00732	0.01463	0.02195	0.03109	0.67505	0.05792	0.07316	0.01585	0.00914	0.00244	0.00366	0.01402	0.00854	0.00732
12	0.01589	0.08479	0.64558	0.02153	0.03268	0.01883	0.02765	0.02447	0.01633	0.02415	0.01371	0.01612	0.00983	0.00732	0.00721	0.00240	0.01125	0.00563	0.00328	0.01136
13	0.01097	0.00793	0.01036	0.00975	0.01158	0.00732	0.00732	0.01463	0.02195	0.03109	0.67505	0.05792	0.07316	0.01585	0.00914	0.00244	0.00366	0.01402	0.00854	0.00732
14	0.01795	0.01988	0.03997	0.02944	0.03522	0.02070	0.48427	0.02321	0.01661	0.02321	0.01424	0.01988	0.01135	0.00839	0.01343	0.00282	0.19719	0.00853	0.00378	0.00994
15	0.01904	0.01922	0.05869	0.04411	0.60206	0.01847	0.02314	0.02513	0.06600	0.02583	0.01582	0.01980	0.01303	0.00720	0.00768	0.00233	0.00908	0.00700	0.00412	0.01225
16	0.01120	0.00749	0.00848	0.00855	0.00857	0.00747	0.00480	0.01126	0.01142	0.01523	0.02519	0.07856	0.02915	0.69838	0.03824	0.00734	0.00739	0.01172	0.00480	0.00476
17	0.01796	0.01490	0.01709	0.01238	0.01917	0.01226	0.00997	0.10848	0.01894	0.02858	0.01446	0.01643	0.01172	0.00624	0.00602	0.00131	0.00613	0.00493	0.00504	0.66799
18	0.01681	0.01676	0.02372	0.06481	0.02249	0.02333	0.01726	0.01873	0.01211	0.01873	0.01041	0.01720	0.01019	0.01320	0.02430	0.00334	0.66793	0.00679	0.00340	0.00849
19	0.03479	0.01320	0.01799	0.01380	0.01979	0.01140	0.01140	0.03779	0.02219	0.68451	0.03059	0.02639	0.01919	0.00960	0.00780	0.00240	0.00660	0.00780	0.00960	0.01320
20	0.00945	0.00675	0.00900	0.01080	0.01125	0.00630	0.00720	0.01080	0.01484	0.01979	0.04274	0.72245	0.05128	0.02429	0.00990	0.00315	0.00450	0.02204	0.00720	0.00630
21	0.00916	0.00785	0.00785	0.00785	0.01047	0.00655	0.00589	0.01113	0.01767	0.02095	0.07855	0.07462	0.67599	0.01964	0.00916	0.00262	0.00393	0.01636	0.00720	0.00655
22	0.02947	0.02172	0.02327	0.01784	0.02404	0.02404	0.01474	0.65329	0.03646	0.04887	0.01862	0.01862	0.01319	0.00931	0.00776	0.00233	0.00853	0.00698	0.00776	0.01319
23	0.00916	0.00785	0.00785	0.00785	0.01047	0.00655	0.00589	0.01113	0.01767	0.02095	0.07855	0.07462	0.67599	0.01964	0.00916	0.00262	0.00393	0.01636	0.00720	0.00655
24	0.01108	0.00831	0.01246	0.01246	0.01385	0.00969	0.00969	0.01385	0.01246	0.01800	0.02077	0.03046	0.01938	0.05815	0.69678	0.01246	0.02077	0.00831	0.00415	0.00692
25	0.00961	0.00686	0.00918	0.01098	0.01150	0.00644	0.00748	0.01108	0.01501	0.01998	0.04265	0.68856	0.05093	0.02414	0.00994	0.00317	0.00464	0.05433	0.00719	0.00634
26	0.01097	0.00793	0.01036	0.00975	0.01158	0.00732	0.00732	0.01463	0.02195	0.03109	0.67505	0.05792	0.07316	0.01585	0.00914	0.00244	0.00366	0.01402	0.00854	0.00732
27	0.00945	0.00675	0.00900	0.01080	0.01125	0.00630	0.00720	0.01080	0.01484	0.01979	0.04274	0.72245	0.05128	0.02429	0.00990	0.00315	0.00450	0.02204	0.00720	0.00630
28	0.03479	0.01320	0.01799	0.01380	0.01979	0.01140	0.01140	0.03779	0.02219	0.68451	0.03059	0.02639	0.01919	0.00960	0.00780	0.00240	0.00660	0.00780	0.00960	0.01320
29	0.01128	0.00752	0.00846	0.00846	0.00846	0.00752	0.00470	0.01128	0.01128	0.01503	0.02443	0.05074	0.02819	0.72751	0.03946	0.00752	0.00752	0.01128	0.00470	0.00470
30	0.01929	0.01666	0.01753	0.01578	0.02016	0.01929	0.01227	0.04120	0.66513	0.03243	0.03156	0.02893	0.02367	0.01052	0.00789	0.00263	0.00614	0.00877	0.00789	0.01227
31	0.01608	0.01378	0.01608	0.01148	0.01837	0.01034	0.00919	0.01952	0.01608	0.02527	0.01378	0.01608	0.01148	0.00574	0.00574	0.00115	0.00574	0.00459	0.00459	0.77491
32	0.01128	0.00752	0.00846	0.00846	0.00846	0.00752	0.00470	0.01128	0.01128	0.01503	0.02443	0.05074	0.02819	0.72751	0.03946	0.00752	0.00752	0.01128	0.00470	0.00470
33	0.01091	0.00792	0.01028	0.00969	0.01154	0.00729	0.00727	0.01451	0.02180	0.03074	0.65415	0.05850	0.09428	0.01598	0.00915	0.00244	0.00367	0.01410	0.00849	0.00729
34	0.02241	0.01821	0.01929	0.01641	0.02135	0.02075	0.01303	0.22916	0.47207	0.03748	0.02758	0.02576	0.02045	0.01015	0.00785	0.00254	0.00687	0.00822	0.00785	0.01255
35	0.01128	0.00752	0.00846	0.00846	0.00846	0.00752	0.00470	0.01128	0.01128	0.01503	0.02443	0.05074	0.02819	0.72751	0.03946	0.00752	0.00752	0.01128	0.00470	0.00470
36	0.00945	0.00675	0.00900	0.01080	0.01125	0.00630	0.00720	0.01080	0.01484	0.01979	0.04274	0.72245	0.05128	0.02429	0.00990	0.00315	0.00450	0.02204	0.00720	0.00630
37	0.00916	0.00785	0.00785	0.00785	0.01047	0.00655	0.00589	0.01113	0.01767	0.02095	0.07855	0.07462	0.67599	0.01964	0.00916	0.00262	0.00393	0.01636	0.00720	0.00655
38	0.01097	0.00793	0.01036	0.00975	0.01158	0.00732	0.00732	0.01463	0.02195	0.03109	0.67505	0.05792	0.07316	0.01585	0.00914	0.00244	0.00366	0.01402	0.00854	0.00732
39	0.02896	0.03695	0.02197	0.01998	0.02397	0.69638	0.01498	0.03096	0.02197	0.01898	0.01199	0.01398	0.00999	0.00799	0.00699	0.00200	0.01398	0.00499	0.00400	0.00899
40	0.01104	0.00797	0.01045	0.00994	0.01177	0.00738	0.00753	0.01469	0.02178	0.03076	0.64864	0.05915	0.07197	0.01608	0.00921	0.00249	0.00380	0.03956	0.00848	0.00731
