[name]
unknown

[dist]
# distance from previous block
# <min> <max>
0	38

[block]
# block no. 0 follows, 23 sequences, length 37
# corresponding to MSA columns:
# 38-74
name=unknown_A
#
# <colnr> <probs for GDERKNQSTAVLIFYWHMCP>
#	G	D	E	R	K	N	Q	S	T	A	V	L	I	F	Y	W	H	M	C	P
0	0.02223	0.01705	0.01810	0.01653	0.02069	0.07100	0.01354	0.14334	0.20673	0.09710	0.03210	0.04752	0.02853	0.01433	0.00915	0.00295	0.00797	0.21234	0.00781	0.01101
1	0.05027	0.21654	0.48090	0.02019	0.03058	0.02226	0.02489	0.02525	0.01682	0.02445	0.01357	0.01589	0.01025	0.00750	0.00694	0.00235	0.01089	0.00550	0.00351	0.01144
2	0.14128	0.02009	0.01965	0.01627	0.02169	0.06806	0.01308	0.26806	0.19707	0.08781	0.02488	0.02408	0.04237	0.01011	0.00769	0.00253	0.00790	0.00768	0.00752	0.01218
3	0.01060	0.00715	0.00962	0.01105	0.01151	0.00675	0.00737	0.01142	0.01509	0.02022	0.07012	0.56067	0.04858	0.05259	0.01438	0.10457	0.00510	0.02008	0.00696	0.00617
4	0.01957	0.01876	0.03201	0.11903	0.59898	0.01915	0.02465	0.02446	0.01823	0.02589	0.01517	0.02025	0.01263	0.00732	0.00804	0.00244	0.00977	0.00723	0.00397	0.01244
5	0.02074	0.01832	0.04961	0.06682	0.12593	0.06129	0.03886	0.05644	0.21085	0.09256	0.07432	0.07617	0.02574	0.01145	0.00852	0.00267	0.00817	0.03340	0.00678	0.01136
6	0.06634	0.01511	0.02562	0.54315	0.04984	0.01791	0.08987	0.02135	0.01651	0.02254	0.01578	0.02440	0.01254	0.00861	0.00822	0.00274	0.01068	0.03573	0.00394	0.00914
7	0.01117	0.00769	0.00905	0.00952	0.00986	0.00747	0.00578	0.01180	0.01357	0.01804	0.05905	0.22866	0.06883	0.46976	0.03026	0.00619	0.00668	0.01516	0.00590	0.00557
8	0.01943	0.41871	0.29205	0.01850	0.02750	0.02631	0.04957	0.02493	0.01687	0.02203	0.01282	0.01506	0.01045	0.00724	0.00640	0.00211	0.01022	0.00524	0.00348	0.01106
9	0.01180	0.00787	0.00885	0.00885	0.00885	0.00787	0.00492	0.01180	0.01180	0.01573	0.02557	0.05310	0.02950	0.71483	0.04130	0.00787	0.00787	0.01180	0.00492	0.00492
10	0.02180	0.01721	0.02221	0.01624	0.02332	0.01543	0.08011	0.17152	0.02267	0.07594	0.01706	0.01876	0.01303	0.00728	0.00706	0.00176	0.00762	0.00616	0.00589	0.44894
11	0.03077	0.02510	0.02415	0.01900	0.02515	0.12310	0.01546	0.54703	0.03589	0.04648	0.01845	0.01876	0.01330	0.00954	0.00800	0.00238	0.00978	0.00700	0.00753	0.01314
12	0.01947	0.01589	0.01821	0.01340	0.02025	0.01369	0.01081	0.14496	0.02100	0.03115	0.01572	0.01793	0.01269	0.00882	0.03174	0.00189	0.00719	0.00546	0.00546	0.58428
13	0.01052	0.00772	0.00974	0.01033	0.01164	0.00708	0.00725	0.01285	0.01853	0.02501	0.27621	0.34620	0.15014	0.05430	0.01143	0.00316	0.00445	0.01856	0.00792	0.00694
14	0.00999	0.00824	0.00877	0.00864	0.01120	0.00702	0.00648	0.01241	0.01943	0.02414	0.20295	0.07444	0.53879	0.01972	0.00959	0.00270	0.00405	0.01661	0.00783	0.00702
15	0.01915	0.02189	0.04788	0.03420	0.04241	0.02052	0.63475	0.02599	0.01915	0.02599	0.01642	0.02189	0.01231	0.00684	0.00958	0.00274	0.01368	0.00958	0.00410	0.01094
16	0.03128	0.01343	0.01772	0.01408	0.01947	0.01214	0.01142	0.08300	0.02388	0.50241	0.10438	0.07695	0.02838	0.01182	0.00847	0.00256	0.00656	0.00985	0.00959	0.01261
17	0.01884	0.02407	0.11573	0.03300	0.04162	0.02034	0.56909	0.02596	0.01893	0.02596	0.01621	0.02137	0.01209	0.00693	0.00937	0.00272	0.01350	0.00919	0.00403	0.01106
18	0.08249	0.01629	0.01835	0.01519	0.02068	0.04383	0.01219	0.03941	0.24654	0.36989	0.03008	0.02699	0.02055	0.01014	0.00794	0.00258	0.00702	0.00813	0.00880	0.01292
19	0.01148	0.00829	0.01085	0.01021	0.01212	0.00766	0.00766	0.01531	0.02297	0.03254	0.65994	0.06061	0.07656	0.01659	0.00957	0.00255	0.00383	0.01467	0.00893	0.00766
20	0.01596	0.01507	0.02549	0.60903	0.13721	0.01820	0.02285	0.02129	0.01653	0.02150	0.01453	0.02143	0.01109	0.00799	0.00810	0.00266	0.01066	0.00721	0.00366	0.00953
21	0.02715	0.02403	0.02313	0.02081	0.07242	0.15657	0.01548	0.34367	0.11615	0.03835	0.01977	0.02087	0.01500	0.01291	0.05365	0.00313	0.01066	0.00723	0.00677	0.01226
22	0.00989	0.00706	0.00942	0.01130	0.01177	0.00659	0.00753	0.01130	0.01554	0.02071	0.04472	0.70954	0.05367	0.02542	0.01036	0.00330	0.00471	0.02307	0.00753	0.00659
23	0.01107	0.00820	0.01033	0.00996	0.01191	0.00746	0.00741	0.01446	0.02176	0.03005	0.52632	0.10687	0.16850	0.01781	0.00963	0.00263	0.00393	0.01563	0.00861	0.00746
24	0.03151	0.01443	0.01837	0.01475	0.02044	0.01369	0.01196	0.03935	0.17115	0.49232	0.05918	0.02966	0.02361	0.01055	0.00824	0.00257	0.00666	0.00868	0.00957	0.01332
25	0.08569	0.01394	0.01837	0.01418	0.02038	0.01235	0.01172	0.03849	0.02259	0.62741	0.03062	0.02665	0.01933	0.00987	0.00795	0.00251	0.00686	0.00791	0.00971	0.01347
26	0.01148	0.00829	0.01085	0.01021	0.01212	0.00766	0.00766	0.01531	0.02297	0.03254	0.65994	0.06061	0.07656	0.01659	0.00957	0.00255	0.00383	0.01467	0.00893	0.00766
27	0.00989	0.00706	0.00942	0.01130	0.01177	0.00659	0.00753	0.01130	0.01554	0.02071	0.04472	0.70954	0.05367	0.02542	0.01036	0.00330	0.00471	0.02307	0.00753	0.00659
28	0.01941	0.01859	0.03172	0.14144	0.57786	0.01910	0.02457	0.02431	0.01816	0.02569	0.01514	0.02030	0.01256	0.00736	0.00804	0.00245	0.00981	0.00723	0.00396	0.01231
29	0.01627	0.04197	0.67279	0.02313	0.03512	0.01884	0.02998	0.02570	0.01713	0.02570	0.01456	0.01713	0.01028	0.00771	0.00771	0.00257	0.01199	0.00600	0.00343	0.01199
30	0.02008	0.01928	0.03294	0.04981	0.66422	0.01928	0.02490	0.02490	0.01848	0.02651	0.01526	0.02008	0.01285	0.00723	0.00803	0.00241	0.00964	0.00723	0.00402	0.01285
31	0.71583	0.01623	0.01287	0.01128	0.01641	0.01873	0.00929	0.07045	0.01566	0.03753	0.01192	0.01366	0.00917	0.00770	0.00526	0.00251	0.00648	0.00462	0.00526	0.00917
32	0.02013	0.01995	0.03535	0.05927	0.03405	0.02032	0.33164	0.11320	0.02044	0.02851	0.01562	0.02017	0.01217	0.00830	0.01132	0.00259	0.11410	0.00807	0.00468	0.12013
33	0.02909	0.03505	0.02321	0.02180	0.05525	0.55586	0.01589	0.07381	0.07141	0.02336	0.01470	0.01641	0.01188	0.00860	0.00748	0.00218	0.01338	0.00576	0.00475	0.01013
34	0.34691	0.09068	0.29947	0.04543	0.02622	0.01973	0.01895	0.02455	0.01558	0.02957	0.01283	0.01522	0.00966	0.00758	0.00633	0.00247	0.00915	0.00520	0.00413	0.01032
35	0.01844	0.01890	0.03591	0.11014	0.22622	0.01862	0.29254	0.02482	0.04369	0.02632	0.05888	0.02400	0.01702	0.00787	0.00876	0.00256	0.01091	0.00874	0.00453	0.04112
36	0.00961	0.00814	0.00830	0.00842	0.01101	0.00683	0.00626	0.01162	0.01830	0.02184	0.07973	0.11975	0.62086	0.02087	0.00964	0.00278	0.00415	0.01752	0.00753	0.00683

[dist]
# distance from previous block
# <min> <max>
0	1

[block]
# block no. 1 follows, 23 sequences, length 77
# corresponding to MSA columns:
# 76-152
name=unknown_B
#
# <colnr> <probs for GDERKNQSTAVLIFYWHMCP>
#	G	D	E	R	K	N	Q	S	T	A	V	L	I	F	Y	W	H	M	C	P
0	0.01778	0.02122	0.10656	0.02649	0.03359	0.01790	0.37175	0.02444	0.05484	0.02528	0.01828	0.06122	0.01523	0.00961	0.01080	0.04441	0.03661	0.00921	0.00449	0.09028
1	0.02720	0.01976	0.02149	0.01718	0.02262	0.02167	0.01384	0.47990	0.08143	0.06528	0.02384	0.09457	0.01970	0.04088	0.00975	0.00278	0.00818	0.00932	0.00800	0.01260
2	0.02786	0.02124	0.02214	0.01771	0.02343	0.04672	0.01447	0.47933	0.11397	0.04554	0.02233	0.02428	0.01684	0.01037	0.00810	0.00249	0.00847	0.03258	0.04924	0.01291
3	0.02193	0.01679	0.01745	0.01541	0.01984	0.06107	0.01196	0.05928	0.36207	0.12665	0.05747	0.09370	0.04821	0.01233	0.00838	0.00264	0.00679	0.01029	0.00805	0.03969
4	0.01908	0.02140	0.04581	0.06106	0.09097	0.02033	0.56387	0.02570	0.01899	0.02583	0.01625	0.02174	0.01230	0.00692	0.00940	0.00271	0.01326	0.00930	0.00408	0.01102
5	0.57057	0.01761	0.01530	0.01285	0.01827	0.02010	0.01059	0.19063	0.02043	0.04041	0.01352	0.01489	0.01015	0.00813	0.00586	0.00249	0.00700	0.00519	0.00586	0.01015
6	0.01850	0.01529	0.01854	0.01349	0.02056	0.01243	0.03334	0.05798	0.04473	0.04891	0.01613	0.01808	0.01292	0.00659	0.00643	0.00144	0.00651	0.00542	0.00529	0.63743
7	0.03356	0.01359	0.01817	0.01436	0.02014	0.01211	0.01169	0.03788	0.06398	0.58434	0.03293	0.07359	0.02265	0.01114	0.00831	0.00258	0.00673	0.00923	0.00976	0.01326
8	0.01162	0.00749	0.01017	0.01160	0.01234	0.00705	0.00805	0.01271	0.01550	0.04541	0.04066	0.56174	0.04741	0.02492	0.01273	0.08883	0.00525	0.06274	0.00717	0.00659
9	0.04797	0.06361	0.56112	0.02245	0.03337	0.01900	0.06327	0.02521	0.01730	0.02616	0.03781	0.01867	0.01274	0.00794	0.00768	0.00255	0.01143	0.00639	0.00373	0.01158
10	0.03041	0.01590	0.01917	0.01522	0.02087	0.01586	0.01239	0.18615	0.10951	0.36502	0.07019	0.02822	0.02289	0.01050	0.00816	0.00250	0.00702	0.00849	0.03851	0.01303
11	0.00989	0.00706	0.00942	0.01130	0.01177	0.00659	0.00753	0.01130	0.01554	0.02071	0.04472	0.70954	0.05367	0.02542	0.01036	0.00330	0.00471	0.02307	0.00753	0.00659
12	0.01409	0.00705	0.01057	0.01057	0.01057	0.00705	0.00705	0.01057	0.01057	0.01409	0.01409	0.02467	0.01409	0.02819	0.03171	0.76392	0.00705	0.00705	0.00352	0.00352
13	0.01740	0.03409	0.42744	0.02747	0.03798	0.01950	0.26742	0.02581	0.01792	0.02581	0.01529	0.01900	0.01108	0.00737	0.00844	0.00263	0.01265	0.00740	0.00369	0.01158
14	0.01884	0.02118	0.04497	0.07170	0.04177	0.02067	0.55779	0.02525	0.01853	0.02525	0.01591	0.02160	0.01211	0.00741	0.01064	0.00279	0.05960	0.00927	0.00404	0.01069
15	0.01513	0.00756	0.00756	0.00756	0.00945	0.00756	0.00567	0.01891	0.01702	0.03025	0.02647	0.03025	0.02080	0.00945	0.00567	0.00189	0.00378	0.00756	0.75988	0.00756
16	0.06963	0.01256	0.01278	0.01103	0.01448	0.01344	0.00874	0.20093	0.02302	0.03680	0.02342	0.02596	0.01795	0.00941	0.00635	0.00209	0.00546	0.00728	0.48921	0.00948
17	0.20163	0.02111	0.02149	0.01683	0.02298	0.02356	0.01389	0.49587	0.03254	0.04774	0.01760	0.01803	0.01264	0.00923	0.00740	0.00245	0.00832	0.00663	0.00740	0.01264
18	0.01985	0.48939	0.25671	0.01703	0.02568	0.02760	0.01935	0.02477	0.01671	0.02134	0.01240	0.01441	0.01037	0.00720	0.00606	0.00202	0.00980	0.00490	0.00346	0.01095
19	0.02370	0.01832	0.05964	0.01424	0.01900	0.06655	0.01212	0.25428	0.02584	0.07997	0.02237	0.02397	0.01664	0.00940	0.00702	0.00220	0.00729	0.00723	0.31946	0.01076
20	0.13628	0.04189	0.01829	0.01379	0.01963	0.01399	0.01134	0.03489	0.06938	0.44536	0.02781	0.04931	0.01923	0.00997	0.00756	0.00245	0.00672	0.00791	0.00855	0.05566
21	0.06352	0.00963	0.01233	0.03472	0.01501	0.00956	0.00903	0.01691	0.01908	0.07478	0.30031	0.25947	0.05324	0.01762	0.01003	0.00279	0.03634	0.01530	0.00775	0.03259
22	0.01130	0.00823	0.01063	0.01014	0.01204	0.00756	0.00756	0.01491	0.02237	0.03138	0.59808	0.09104	0.10990	0.01722	0.00961	0.00260	0.00388	0.01520	0.00879	0.00756
23	0.01545	0.01401	0.02288	0.59458	0.04973	0.01750	0.02076	0.02050	0.01607	0.02151	0.01527	0.02217	0.01169	0.00859	0.00898	0.00268	0.05073	0.00724	0.07079	0.00888
24	0.03002	0.02216	0.02372	0.01826	0.02461	0.02445	0.01506	0.61276	0.03738	0.05000	0.02193	0.02177	0.03905	0.01016	0.00817	0.00245	0.00874	0.00769	0.00809	0.01353
25	0.03172	0.01392	0.01808	0.01441	0.02005	0.01288	0.01171	0.03806	0.12284	0.51476	0.08530	0.03083	0.02561	0.01075	0.00829	0.00255	0.00657	0.00887	0.00966	0.01313
26	0.01513	0.00756	0.00756	0.00756	0.00945	0.00756	0.00567	0.01891	0.01702	0.03025	0.02647	0.03025	0.02080	0.00945	0.00567	0.00189	0.00378	0.00756	0.75988	0.00756
27	0.01513	0.00756	0.00756	0.00756	0.00945	0.00756	0.00567	0.01891	0.01702	0.03025	0.02647	0.03025	0.02080	0.00945	0.00567	0.00189	0.00378	0.00756	0.75988	0.00756
28	0.02163	0.64057	0.08988	0.01487	0.02209	0.05723	0.01519	0.02473	0.01680	0.01963	0.01158	0.01340	0.01040	0.00706	0.00548	0.00181	0.00917	0.00450	0.00350	0.01049
29	0.03552	0.01401	0.01880	0.01455	0.02073	0.01238	0.01198	0.03974	0.05761	0.63492	0.03207	0.02776	0.02034	0.01010	0.00817	0.00252	0.00688	0.00822	0.00994	0.01376
30	0.01067	0.00766	0.01012	0.01077	0.01194	0.00711	0.00759	0.01326	0.01917	0.02650	0.34568	0.39209	0.06487	0.02110	0.00997	0.00293	0.00428	0.01896	0.00822	0.00711
31	0.01148	0.00829	0.01085	0.01021	0.01212	0.00766	0.00766	0.01531	0.02297	0.03254	0.65994	0.06061	0.07656	0.01659	0.00957	0.00255	0.00383	0.01467	0.00893	0.00766
32	0.00989	0.00706	0.00942	0.01130	0.01177	0.00659	0.00753	0.01130	0.01554	0.02071	0.04472	0.70954	0.05367	0.02542	0.01036	0.00330	0.00471	0.02307	0.00753	0.00659
33	0.01000	0.00711	0.00938	0.01116	0.01160	0.00666	0.00738	0.01133	0.01532	0.02043	0.04362	0.67191	0.05228	0.06494	0.01213	0.00356	0.00489	0.02242	0.00738	0.00649
34	0.01232	0.00848	0.01111	0.01035	0.01241	0.00780	0.00780	0.01612	0.02298	0.05388	0.63891	0.05951	0.07467	0.01637	0.00952	0.00255	0.00393	0.01446	0.00897	0.00786
35	0.01944	0.28839	0.40362	0.01923	0.02904	0.02329	0.02303	0.02600	0.01725	0.06117	0.01439	0.01624	0.01090	0.00757	0.00682	0.00226	0.01048	0.00552	0.00383	0.01152
36	0.01915	0.02189	0.04788	0.03420	0.04241	0.02052	0.63475	0.02599	0.01915	0.02599	0.01642	0.02189	0.01231	0.00684	0.00958	0.00274	0.01368	0.00958	0.00410	0.01094
37	0.71734	0.04295	0.01335	0.01093	0.01607	0.01852	0.00909	0.02442	0.01424	0.05785	0.01202	0.01368	0.00925	0.00760	0.00514	0.00248	0.00639	0.00452	0.00514	0.00903
38	0.01775	0.01775	0.02485	0.02130	0.02130	0.02485	0.01775	0.01953	0.01243	0.01953	0.01065	0.01775	0.01065	0.01420	0.02663	0.00355	0.69998	0.00710	0.00355	0.00888
39	0.03641	0.01381	0.01883	0.01444	0.02071	0.01193	0.01193	0.03954	0.02322	0.66984	0.03201	0.02762	0.02009	0.01004	0.00816	0.00251	0.00690	0.00816	0.01004	0.01381
40	0.02169	0.71972	0.04252	0.01388	0.02083	0.03211	0.01388	0.02430	0.01649	0.01909	0.01128	0.01302	0.01041	0.00694	0.00521	0.00174	0.00868	0.00434	0.00347	0.01041
41	0.01075	0.00798	0.01034	0.01139	0.01270	0.00712	0.00779	0.01244	0.01570	0.02143	0.04093	0.62282	0.04845	0.02299	0.00981	0.00303	0.00487	0.02078	0.00719	0.10146
42	0.01851	0.02150	0.07472	0.02904	0.03557	0.02063	0.41749	0.02412	0.01738	0.02459	0.01489	0.02033	0.01181	0.00844	0.01295	0.00279	0.16400	0.00847	0.00400	0.06877
43	0.01385	0.01230	0.01813	0.01614	0.01818	0.04270	0.08767	0.01664	0.01421	0.01958	0.02166	0.07667	0.02134	0.12494	0.38570	0.00912	0.07917	0.00985	0.00452	0.00762
44	0.01130	0.00879	0.01033	0.00985	0.01222	0.00808	0.00742	0.01559	0.05728	0.02880	0.41612	0.06516	0.28386	0.01769	0.00950	0.00263	0.00408	0.01524	0.00839	0.00766
45	0.01018	0.00745	0.00998	0.01167	0.01212	0.00726	0.00791	0.01160	0.01542	0.02067	0.04347	0.68409	0.05209	0.02501	0.01096	0.00330	0.03028	0.02248	0.00739	0.00667
46	0.03075	0.03616	0.02279	0.02035	0.02480	0.60251	0.01541	0.06485	0.02381	0.06516	0.01422	0.01576	0.01128	0.00855	0.00742	0.00214	0.01381	0.00553	0.00478	0.00993
47	0.24110	0.02192	0.02000	0.01640	0.02201	0.09601	0.01328	0.32941	0.09667	0.04155	0.01786	0.01833	0.01320	0.00910	0.00716	0.00245	0.00853	0.00645	0.00681	0.01177
48	0.01372	0.00945	0.01170	0.01098	0.01354	0.00890	0.00847	0.01867	0.07037	0.07581	0.42927	0.06088	0.16443	0.01674	0.00948	0.00267	0.00454	0.05340	0.00863	0.00835
49	0.00989	0.00706	0.00942	0.01130	0.01177	0.00659	0.00753	0.01130	0.01554	0.02071	0.04472	0.70954	0.05367	0.02542	0.01036	0.00330	0.00471	0.02307	0.00753	0.00659
50	0.02864	0.03585	0.02195	0.01998	0.02411	0.60861	0.01501	0.03192	0.05867	0.02078	0.01740	0.01888	0.04565	0.00916	0.00749	0.00216	0.01361	0.00608	0.00459	0.00947
51	0.00989	0.00706	0.00942	0.01130	0.01177	0.00659	0.00753	0.01130	0.01554	0.02071	0.04472	0.70954	0.05367	0.02542	0.01036	0.00330	0.00471	0.02307	0.00753	0.00659
52	0.01010	0.00723	0.00961	0.01115	0.01182	0.00673	0.00755	0.01183	0.01652	0.02229	0.12658	0.62320	0.05671	0.02425	0.01025	0.00320	0.00459	0.02195	0.00772	0.00673
53	0.01683	0.01442	0.01683	0.01202	0.01923	0.01082	0.00961	0.02043	0.01683	0.02644	0.01442	0.01683	0.01202	0.00601	0.00601	0.00120	0.00601	0.00481	0.00481	0.76444
54	0.03085	0.02273	0.02435	0.01867	0.02516	0.02516	0.01542	0.63716	0.03815	0.05114	0.01948	0.01948	0.01380	0.00974	0.00812	0.00244	0.00893	0.00731	0.00812	0.01380
55	0.03641	0.01381	0.01883	0.01444	0.02071	0.01193	0.01193	0.03954	0.02322	0.66984	0.03201	0.02762	0.02009	0.01004	0.00816	0.00251	0.00690	0.00816	0.01004	0.01381
56	0.01655	0.01508	0.02434	0.64171	0.05345	0.01859	0.02197	0.06958	0.01796	0.02314	0.01482	0.02146	0.01105	0.00824	0.00811	0.00268	0.01067	0.00722	0.00396	0.00939
57	0.02970	0.03529	0.02329	0.02061	0.02489	0.55430	0.01576	0.11624	0.02453	0.02421	0.01341	0.01548	0.01093	0.00888	0.00849	0.00222	0.05146	0.00562	0.00470	0.00999
58	0.01417	0.00963	0.01217	0.01125	0.01370	0.00927	0.00852	0.01989	0.09017	0.07865	0.51870	0.08433	0.06582	0.01591	0.00936	0.00260	0.00437	0.01399	0.00888	0.00862
59	0.01907	0.02165	0.04654	0.03345	0.04118	0.02077	0.59895	0.02562	0.01876	0.02562	0.01608	0.02165	0.01222	0.00727	0.01057	0.00278	0.05350	0.00943	0.00407	0.01082
60	0.77215	0.01569	0.01193	0.01067	0.01569	0.01820	0.00879	0.02385	0.01381	0.03641	0.01130	0.01318	0.00879	0.00753	0.00502	0.00251	0.00628	0.00439	0.00502	0.00879
61	0.00989	0.00706	0.00942	0.01130	0.01177	0.00659	0.00753	0.01130	0.01554	0.02071	0.04472	0.70954	0.05367	0.02542	0.01036	0.00330	0.00471	0.02307	0.00753	0.00659
62	0.01002	0.00815	0.00882	0.00910	0.01138	0.00705	0.00676	0.01213	0.01818	0.02230	0.10704	0.14711	0.49873	0.04806	0.01101	0.00305	0.00450	0.05229	0.00751	0.00683
63	0.01978	0.01907	0.03251	0.08111	0.55912	0.01934	0.05947	0.02579	0.05457	0.02660	0.01630	0.02085	0.01340	0.00747	0.00814	0.00246	0.00975	0.00748	0.00424	0.01254
64	0.01106	0.00828	0.01025	0.00976	0.01186	0.00747	0.00732	0.01448	0.02195	0.03013	0.52900	0.06457	0.20900	0.01749	0.00957	0.00259	0.00389	0.01523	0.00862	0.00747
65	0.01158	0.00928	0.01053	0.01059	0.01296	0.00882	0.00794	0.01667	0.10043	0.02555	0.18495	0.17939	0.32109	0.01946	0.00963	0.00285	0.00463	0.04795	0.00791	0.00778
66	0.59563	0.01639	0.01455	0.04947	0.01937	0.01870	0.01055	0.10094	0.01752	0.07413	0.01369	0.01527	0.01018	0.00798	0.00576	0.00251	0.00689	0.00513	0.00562	0.00972
67	0.01698	0.01665	0.02985	0.44877	0.19214	0.01869	0.11550	0.02247	0.01718	0.02284	0.01491	0.02132	0.01151	0.00772	0.00832	0.00264	0.01098	0.00757	0.00377	0.01018
68	0.01004	0.00722	0.00956	0.01138	0.01201	0.00675	0.00777	0.01160	0.01581	0.02095	0.04602	0.65345	0.07582	0.02508	0.01037	0.00330	0.00483	0.05385	0.00753	0.00665
69	0.01031	0.00736	0.00990	0.01178	0.01244	0.00696	0.00827	0.01203	0.01595	0.02119	0.04449	0.62731	0.05274	0.02502	0.01047	0.00335	0.00508	0.10111	0.00752	0.00671
70	0.01879	0.02236	0.07985	0.07798	0.07576	0.02020	0.52897	0.02557	0.01881	0.02566	0.01612	0.02151	0.01213	0.00699	0.00930	0.00271	0.01318	0.00910	0.00403	0.01098
71	0.01163	0.00878	0.01110	0.01223	0.01433	0.00826	0.01017	0.01465	0.01858	0.02355	0.07824	0.12121	0.26149	0.02174	0.01054	0.00332	0.00602	0.34941	0.00755	0.00721
72	0.01898	0.02307	0.08464	0.03355	0.04198	0.02042	0.59917	0.02597	0.01903	0.02597	0.01631	0.02161	0.01219	0.00689	0.00947	0.00273	0.01358	0.00937	0.00406	0.01101
73	0.03203	0.01364	0.01796	0.01427	0.01983	0.01237	0.01159	0.06141	0.06023	0.52664	0.07445	0.06874	0.02582	0.01141	0.00838	0.00257	0.00663	0.00948	0.00964	0.01292
74	0.05301	0.45867	0.12143	0.01596	0.02341	0.02836	0.01614	0.14983	0.02090	0.02722	0.01340	0.01489	0.01102	0.00764	0.00613	0.00202	0.00907	0.00517	0.00448	0.01125
75	0.01868	0.02096	0.04496	0.11613	0.04408	0.02021	0.55888	0.02534	0.01879	0.02534	0.01617	0.02186	0.01213	0.00700	0.00939	0.00273	0.01333	0.00928	0.00404	0.01070
76	0.06029	0.06427	0.06067	0.49407	0.04755	0.01958	0.06151	0.05560	0.01755	0.02380	0.01445	0.02023	0.01091	0.00798	0.00782	0.00261	0.01056	0.00695	0.00395	0.00964

[dist]
# distance from previous block
# <min> <max>
1	5

[block]
# block no. 2 follows, 23 sequences, length 24
# corresponding to MSA columns:
# 158-181
name=unknown_C
#
# <colnr> <probs for GDERKNQSTAVLIFYWHMCP>
#	G	D	E	R	K	N	Q	S	T	A	V	L	I	F	Y	W	H	M	C	P
0	0.08102	0.15868	0.02338	0.05249	0.04479	0.01981	0.01316	0.06324	0.20230	0.14557	0.07217	0.02550	0.02162	0.00966	0.00738	0.00239	0.00723	0.00766	0.00689	0.03507
1	0.06030	0.01872	0.01994	0.05109	0.02292	0.10888	0.01328	0.10152	0.02170	0.24032	0.02115	0.04552	0.01584	0.00980	0.00940	0.00235	0.07622	0.00726	0.00677	0.14703
2	0.01180	0.00787	0.00885	0.00885	0.00885	0.00787	0.00492	0.01180	0.01180	0.01573	0.02557	0.05310	0.02950	0.71483	0.04130	0.00787	0.00787	0.01180	0.00492	0.00492
3	0.02085	0.01738	0.01831	0.01624	0.02085	0.01996	0.01270	0.09354	0.56359	0.03525	0.03151	0.02933	0.02361	0.01082	0.00811	0.00268	0.00650	0.00893	0.04720	0.01265
4	0.01513	0.00756	0.00756	0.00756	0.00945	0.00756	0.00567	0.01891	0.01702	0.03025	0.02647	0.03025	0.02080	0.00945	0.00567	0.00189	0.00378	0.00756	0.75988	0.00756
5	0.01683	0.01442	0.01683	0.01202	0.01923	0.01082	0.00961	0.02043	0.01683	0.02644	0.01442	0.01683	0.01202	0.00601	0.00601	0.00120	0.00601	0.00481	0.00481	0.76444
6	0.01159	0.00869	0.01304	0.01304	0.01449	0.01014	0.01014	0.01449	0.01304	0.01884	0.02173	0.03188	0.02029	0.06086	0.68268	0.01304	0.02173	0.00869	0.00435	0.00724
7	0.06421	0.02193	0.02350	0.01808	0.02450	0.02414	0.01494	0.57752	0.03626	0.08390	0.01979	0.01964	0.01392	0.00966	0.00798	0.00244	0.00870	0.00722	0.00808	0.01358
8	0.00970	0.00822	0.00837	0.00833	0.01103	0.00690	0.00625	0.01185	0.01875	0.02253	0.11521	0.07709	0.62753	0.02032	0.00959	0.00273	0.00409	0.01699	0.00761	0.00690
9	0.01532	0.01442	0.02434	0.69533	0.05589	0.01803	0.02253	0.02073	0.01622	0.02073	0.01442	0.02163	0.01082	0.00811	0.00811	0.00270	0.01082	0.00721	0.00361	0.00901
10	0.02478	0.02116	0.02161	0.02048	0.08619	0.11454	0.01465	0.32561	0.06702	0.03696	0.02403	0.15968	0.02200	0.01256	0.00846	0.00258	0.00880	0.01032	0.00703	0.01155
11	0.02358	0.02080	0.01870	0.01524	0.02021	0.15675	0.01186	0.22500	0.02466	0.03254	0.01825	0.02253	0.01510	0.08073	0.01055	0.00256	0.00872	0.00676	0.09472	0.19073
12	0.01574	0.01318	0.01561	0.01165	0.01779	0.01017	0.00922	0.01939	0.01807	0.02768	0.14555	0.02572	0.02513	0.00816	0.00673	0.00148	0.00557	0.00681	0.00565	0.61071
13	0.01745	0.02267	0.15647	0.02167	0.02411	0.02363	0.02024	0.02078	0.01338	0.02078	0.01145	0.01763	0.01058	0.01288	0.02279	0.00335	0.56023	0.00688	0.00353	0.00951
14	0.01701	0.01510	0.01846	0.01390	0.01965	0.01367	0.01127	0.02025	0.01593	0.02504	0.01366	0.01701	0.01174	0.00767	0.01020	0.00168	0.14698	0.00527	0.00455	0.61096
15	0.01317	0.01120	0.01926	0.01648	0.01900	0.01178	0.13594	0.01627	0.01403	0.01965	0.02144	0.03421	0.02056	0.18443	0.41399	0.00988	0.01725	0.00951	0.00441	0.00752
16	0.01007	0.00832	0.00931	0.00928	0.01172	0.00755	0.00703	0.01237	0.01757	0.02173	0.09375	0.06798	0.50668	0.02857	0.14631	0.00482	0.00768	0.01531	0.00695	0.00696
17	0.02065	0.01865	0.02543	0.02194	0.06224	0.02024	0.13989	0.09530	0.40513	0.03318	0.02895	0.02852	0.04154	0.01014	0.00854	0.00270	0.00825	0.00923	0.00713	0.01235
18	0.02150	0.01155	0.01651	0.15100	0.02421	0.01131	0.01227	0.02529	0.02137	0.26764	0.26774	0.06840	0.04113	0.01280	0.00878	0.00260	0.00643	0.01109	0.00820	0.01018
19	0.01027	0.00723	0.00930	0.01080	0.01118	0.00685	0.00700	0.01140	0.01478	0.01970	0.04083	0.57619	0.04876	0.16546	0.01664	0.00422	0.00535	0.02078	0.00700	0.00625
20	0.01686	0.03789	0.54585	0.02538	0.03660	0.01918	0.15283	0.02576	0.01754	0.02576	0.01494	0.01810	0.01069	0.00753	0.00809	0.00260	0.01233	0.00672	0.00356	0.01178
21	0.02653	0.03181	0.02104	0.01920	0.02294	0.51396	0.01454	0.05800	0.02171	0.02116	0.01475	0.01837	0.01261	0.01909	0.14454	0.00433	0.01580	0.00603	0.00440	0.00918
22	0.01532	0.01442	0.02434	0.69533	0.05589	0.01803	0.02253	0.02073	0.01622	0.02073	0.01442	0.02163	0.01082	0.00811	0.00811	0.00270	0.01082	0.00721	0.00361	0.00901
23	0.02139	0.01506	0.04284	0.02050	0.14994	0.01253	0.01382	0.02537	0.01985	0.18912	0.12608	0.02992	0.02593	0.00962	0.00778	0.00213	0.00688	0.02815	0.00668	0.24641

[dist]
# distance from previous block
# <min> <max>
0	1

[block]
# block no. 3 follows, 23 sequences, length 63
# corresponding to MSA columns:
# 183-245
name=unknown_D
#
# <colnr> <probs for GDERKNQSTAVLIFYWHMCP>
#	G	D	E	R	K	N	Q	S	T	A	V	L	I	F	Y	W	H	M	C	P
0	0.02081	0.55888	0.10719	0.01750	0.02512	0.02923	0.09742	0.02466	0.01690	0.02067	0.01229	0.01460	0.01065	0.00701	0.00604	0.00195	0.00967	0.00520	0.00355	0.01064
1	0.01793	0.00839	0.00905	0.00847	0.01094	0.00814	0.00650	0.02163	0.01784	0.11463	0.02720	0.02990	0.02070	0.00953	0.00600	0.00197	0.00419	0.00764	0.66096	0.00839
2	0.11410	0.00819	0.01075	0.01058	0.01125	0.00852	0.00728	0.01232	0.01100	0.01704	0.01373	0.02315	0.01339	0.02546	0.02819	0.66347	0.00695	0.00670	0.00372	0.00422
3	0.01767	0.01381	0.01629	0.01229	0.01854	0.01121	0.00976	0.02279	0.06759	0.07024	0.10219	0.02437	0.02206	0.00806	0.00680	0.00159	0.00581	0.00667	0.00597	0.55629
4	0.02714	0.01207	0.01594	0.01328	0.01776	0.01093	0.01046	0.03124	0.06073	0.42183	0.12379	0.12370	0.03338	0.04647	0.01023	0.00289	0.00619	0.01130	0.00920	0.01149
5	0.00986	0.00715	0.00932	0.01106	0.01171	0.00661	0.00743	0.01133	0.01577	0.02081	0.04766	0.66010	0.10121	0.02504	0.01030	0.00325	0.00466	0.02260	0.00753	0.00661
6	0.01134	0.00821	0.01170	0.01247	0.01342	0.00791	0.03563	0.01336	0.04498	0.02070	0.03887	0.55651	0.04524	0.02428	0.01304	0.10359	0.00550	0.01970	0.00689	0.00668
7	0.01486	0.01178	0.02049	0.01726	0.02024	0.01103	0.17683	0.01770	0.01669	0.07246	0.05274	0.33256	0.03632	0.14146	0.01545	0.00387	0.00784	0.01598	0.00638	0.00807
8	0.01726	0.03527	0.53401	0.02056	0.03053	0.01685	0.02526	0.02495	0.01691	0.07481	0.01738	0.02270	0.01358	0.10118	0.01218	0.00326	0.01105	0.00693	0.00414	0.01120
9	0.01313	0.00896	0.00962	0.00904	0.01225	0.00752	0.00693	0.01533	0.01912	0.10739	0.07558	0.07143	0.57639	0.01916	0.00940	0.00271	0.00448	0.01594	0.00787	0.00777
10	0.04349	0.49881	0.03636	0.01536	0.02175	0.02781	0.04298	0.02790	0.10046	0.07282	0.01600	0.01700	0.01312	0.00794	0.00666	0.00205	0.02825	0.00560	0.00469	0.01093
11	0.14355	0.51958	0.11673	0.01452	0.02178	0.02817	0.01507	0.02440	0.01613	0.02275	0.01170	0.01356	0.01013	0.00713	0.00549	0.00197	0.00870	0.00456	0.00372	0.01035
12	0.01169	0.00792	0.00933	0.00941	0.00959	0.00805	0.00559	0.01207	0.01210	0.01629	0.02601	0.08003	0.02959	0.61387	0.10886	0.00822	0.00922	0.01197	0.00497	0.00524
13	0.01129	0.00931	0.01029	0.00970	0.01274	0.00803	0.00727	0.01462	0.04553	0.02436	0.14686	0.13703	0.39852	0.01823	0.00914	0.00257	0.00449	0.01549	0.00740	0.10713
14	0.01786	0.01820	0.03759	0.07859	0.03622	0.01773	0.44250	0.02286	0.01745	0.02416	0.01653	0.02273	0.01301	0.01015	0.01258	0.10311	0.03107	0.00885	0.05930	0.00951
15	0.01623	0.01590	0.03110	0.10606	0.06155	0.01590	0.30406	0.02018	0.01666	0.02253	0.02100	0.15376	0.02025	0.01370	0.01313	0.10327	0.03989	0.01133	0.00460	0.00890
16	0.03315	0.01404	0.01855	0.01420	0.02053	0.01212	0.01166	0.03717	0.04831	0.55864	0.02973	0.02630	0.01922	0.00955	0.00788	0.00235	0.00677	0.00776	0.00928	0.11279
17	0.02118	0.01169	0.01495	0.01251	0.01678	0.01054	0.00992	0.02627	0.07215	0.24240	0.29641	0.04253	0.04423	0.01278	0.00858	0.00242	0.00546	0.03061	0.00865	0.10993
18	0.02090	0.47797	0.07174	0.01409	0.02021	0.05537	0.01363	0.06167	0.01819	0.02307	0.01563	0.04901	0.01404	0.00843	0.00594	0.00194	0.00832	0.00597	0.10377	0.01012
19	0.01770	0.01606	0.02572	0.52161	0.15021	0.01897	0.02218	0.08539	0.01886	0.02481	0.01508	0.02116	0.01145	0.00814	0.00810	0.00263	0.01043	0.00722	0.00414	0.01013
20	0.07990	0.26051	0.02919	0.13943	0.05552	0.22541	0.01596	0.02704	0.01872	0.06033	0.01365	0.01625	0.01106	0.00783	0.00666	0.00215	0.01064	0.00548	0.00425	0.01004
21	0.01817	0.06395	0.35546	0.03348	0.26840	0.01977	0.07592	0.02536	0.01776	0.02571	0.01482	0.01841	0.01140	0.00743	0.00786	0.00248	0.01110	0.00666	0.00370	0.01215
22	0.02214	0.01513	0.01793	0.01328	0.01997	0.01280	0.01074	0.10644	0.02118	0.15112	0.04900	0.02129	0.01683	0.00777	0.00687	0.00168	0.00647	0.00624	0.00643	0.48672
23	0.02868	0.05932	0.05041	0.01471	0.02034	0.01453	0.01257	0.12084	0.02396	0.38144	0.09308	0.09279	0.02701	0.01181	0.00830	0.00253	0.00703	0.00976	0.00869	0.01220
24	0.01218	0.00949	0.01387	0.01354	0.01476	0.01137	0.01051	0.01478	0.01290	0.01870	0.02095	0.03195	0.01999	0.09952	0.57917	0.01181	0.08422	0.00875	0.00431	0.00724
25	0.01053	0.00830	0.00953	0.00935	0.01171	0.00730	0.00710	0.01339	0.02034	0.02639	0.31757	0.07155	0.39197	0.01901	0.00966	0.00271	0.00415	0.04410	0.00811	0.00721
26	0.02565	0.05226	0.06371	0.01670	0.02261	0.01956	0.01424	0.14156	0.32567	0.18597	0.02823	0.02613	0.02016	0.01015	0.00803	0.00258	0.00744	0.00818	0.00811	0.01306
27	0.01240	0.00893	0.01222	0.01374	0.01550	0.00875	0.01158	0.01582	0.01880	0.02468	0.11116	0.15367	0.07880	0.02203	0.01087	0.00352	0.00663	0.45589	0.00764	0.00737
28	0.00989	0.00706	0.00942	0.01130	0.01177	0.00659	0.00753	0.01130	0.01554	0.02071	0.04472	0.70954	0.05367	0.02542	0.01036	0.00330	0.00471	0.02307	0.00753	0.00659
29	0.02373	0.01238	0.04198	0.01268	0.01720	0.01015	0.01057	0.02734	0.02257	0.34267	0.29066	0.04380	0.08273	0.01327	0.00881	0.00254	0.00569	0.01129	0.00916	0.01079
30	0.01683	0.01442	0.01683	0.01202	0.01923	0.01082	0.00961	0.02043	0.01683	0.02644	0.01442	0.01683	0.01202	0.00601	0.00601	0.00120	0.00601	0.00481	0.00481	0.76444
31	0.01180	0.00787	0.00885	0.00885	0.00885	0.00787	0.00492	0.01180	0.01180	0.01573	0.02557	0.05310	0.02950	0.71483	0.04130	0.00787	0.00787	0.01180	0.00492	0.00492
32	0.00989	0.00706	0.00942	0.01130	0.01177	0.00659	0.00753	0.01130	0.01554	0.02071	0.04472	0.70954	0.05367	0.02542	0.01036	0.00330	0.00471	0.02307	0.00753	0.00659
33	0.01580	0.01535	0.02727	0.61305	0.05421	0.01834	0.09873	0.02139	0.01659	0.02139	0.01467	0.02166	0.01100	0.00795	0.00829	0.00271	0.01117	0.00751	0.00367	0.00925
34	0.01162	0.00858	0.01249	0.01249	0.01375	0.00984	0.00945	0.01413	0.01288	0.01843	0.02224	0.03468	0.02150	0.14713	0.59807	0.01236	0.01990	0.00910	0.00442	0.00694
35	0.00989	0.00706	0.00942	0.01130	0.01177	0.00659	0.00753	0.01130	0.01554	0.02071	0.04472	0.70954	0.05367	0.02542	0.01036	0.00330	0.00471	0.02307	0.00753	0.00659
36	0.01159	0.00869	0.01304	0.01304	0.01449	0.01014	0.01014	0.01449	0.01304	0.01884	0.02173	0.03188	0.02029	0.06086	0.68268	0.01304	0.02173	0.00869	0.00435	0.00724
37	0.01513	0.00756	0.00756	0.00756	0.00945	0.00756	0.00567	0.01891	0.01702	0.03025	0.02647	0.03025	0.02080	0.00945	0.00567	0.00189	0.00378	0.00756	0.75988	0.00756
38	0.11635	0.03601	0.50804	0.02286	0.03346	0.01897	0.10225	0.02549	0.01694	0.02715	0.01436	0.01720	0.01033	0.00758	0.00759	0.00258	0.01145	0.00623	0.00372	0.01144
39	0.01727	0.01482	0.01703	0.01261	0.01948	0.01205	0.01004	0.02342	0.10030	0.02743	0.01688	0.01860	0.01370	0.00667	0.00631	0.00141	0.00606	0.00538	0.00526	0.66529
40	0.01706	0.02039	0.08827	0.02829	0.03492	0.01788	0.43723	0.02282	0.01798	0.02465	0.02151	0.15496	0.02011	0.01086	0.01036	0.00287	0.04326	0.01180	0.00469	0.01009
41	0.01575	0.01517	0.02608	0.60516	0.05275	0.01864	0.06678	0.02104	0.01620	0.02104	0.01433	0.02141	0.01092	0.00840	0.00937	0.00276	0.05404	0.00738	0.00364	0.00915
42	0.01692	0.01343	0.02444	0.07266	0.02641	0.01279	0.21363	0.02079	0.01823	0.10878	0.06842	0.30271	0.03379	0.01545	0.00959	0.00292	0.00835	0.01496	0.00652	0.00921
43	0.02220	0.01711	0.01920	0.01473	0.02105	0.01636	0.01185	0.23861	0.07337	0.05532	0.02000	0.06076	0.01638	0.00900	0.00725	0.00192	0.00702	0.00722	0.00656	0.37410
44	0.06281	0.03263	0.39145	0.02666	0.03677	0.01945	0.26254	0.02570	0.01771	0.02645	0.01508	0.01873	0.01098	0.00736	0.00827	0.00263	0.01230	0.00728	0.00378	0.01139
45	0.01906	0.02006	0.02319	0.02029	0.02112	0.12854	0.01654	0.02101	0.01419	0.01950	0.01223	0.01888	0.01173	0.01864	0.09916	0.00441	0.51193	0.00698	0.00374	0.00877
46	0.09366	0.01451	0.01863	0.01441	0.02060	0.01324	0.01190	0.07562	0.02342	0.58163	0.02961	0.02598	0.01881	0.00983	0.00791	0.00251	0.00698	0.00781	0.00953	0.01342
47	0.01200	0.00787	0.01029	0.01133	0.01243	0.00721	0.00769	0.01351	0.01578	0.06110	0.04108	0.58476	0.04783	0.07757	0.01245	0.00351	0.00515	0.02044	0.00736	0.04063
48	0.00995	0.00709	0.00940	0.01121	0.01166	0.00664	0.00744	0.01132	0.01540	0.02054	0.04404	0.68601	0.05280	0.05013	0.01147	0.00346	0.00482	0.02266	0.00744	0.00653
49	0.01561	0.01471	0.02485	0.65654	0.09244	0.01810	0.02268	0.02098	0.01636	0.02108	0.01447	0.02154	0.01094	0.00806	0.00811	0.00269	0.01075	0.00721	0.00363	0.00924
50	0.01716	0.01790	0.03256	0.06596	0.03108	0.02019	0.27857	0.02126	0.01592	0.02250	0.01782	0.11100	0.01704	0.01219	0.01613	0.00312	0.27555	0.01026	0.00431	0.00946
51	0.23074	0.02235	0.02087	0.01672	0.02260	0.08573	0.01366	0.41427	0.03015	0.04419	0.01661	0.01732	0.01213	0.00901	0.00721	0.00242	0.00876	0.00632	0.00691	0.01203
52	0.00989	0.00706	0.00942	0.01130	0.01177	0.00659	0.00753	0.01130	0.01554	0.02071	0.04472	0.70954	0.05367	0.02542	0.01036	0.00330	0.00471	0.02307	0.00753	0.00659
53	0.00989	0.00706	0.00942	0.01130	0.01177	0.00659	0.00753	0.01130	0.01554	0.02071	0.04472	0.70954	0.05367	0.02542	0.01036	0.00330	0.00471	0.02307	0.00753	0.00659
54	0.01648	0.01500	0.02420	0.54382	0.10849	0.01802	0.02130	0.04061	0.05491	0.02270	0.01576	0.02207	0.01208	0.00911	0.00912	0.03521	0.01022	0.00733	0.00406	0.00952
55	0.01545	0.00974	0.01249	0.01126	0.01396	0.00920	0.00863	0.02069	0.07206	0.11672	0.52802	0.05388	0.06506	0.01529	0.00928	0.00256	0.00444	0.01338	0.00903	0.00887
56	0.01003	0.00717	0.00958	0.01147	0.01200	0.00672	0.00779	0.01155	0.01568	0.02088	0.04464	0.68121	0.05335	0.02528	0.01040	0.00332	0.00483	0.04995	0.00753	0.00663
57	0.00989	0.00706	0.00942	0.01130	0.01177	0.00659	0.00753	0.01130	0.01554	0.02071	0.04472	0.70954	0.05367	0.02542	0.01036	0.00330	0.00471	0.02307	0.00753	0.00659
58	0.01734	0.01575	0.02187	0.01577	0.02303	0.01277	0.10996	0.02229	0.04424	0.02669	0.01554	0.01821	0.01261	0.00636	0.00668	0.00151	0.00726	0.00576	0.00484	0.61153
59	0.02146	0.10924	0.04935	0.03790	0.03858	0.01698	0.01298	0.05766	0.15182	0.12980	0.04220	0.02527	0.04731	0.00913	0.00727	0.00211	0.00709	0.00735	0.00646	0.22004
60	0.01907	0.01849	0.02630	0.21963	0.07107	0.07026	0.11866	0.07105	0.08675	0.02645	0.04380	0.02312	0.01603	0.01068	0.03334	0.00290	0.04798	0.00779	0.00495	0.08169
61	0.15814	0.11245	0.13383	0.01414	0.02167	0.01647	0.01376	0.02399	0.01678	0.07755	0.01483	0.01655	0.01154	0.00703	0.00619	0.00185	0.00752	0.00514	0.00484	0.33572
62	0.31524	0.01405	0.01595	0.18871	0.02641	0.01546	0.01254	0.02348	0.03641	0.09820	0.04476	0.02652	0.08627	0.00972	0.00699	0.00251	0.00719	0.00747	0.00569	0.05643

[dist]
# distance from previous block
# <min> <max>
2	37

[block]
# block no. 4 follows, 23 sequences, length 24
# corresponding to MSA columns:
# 283-306
name=unknown_E
#
# <colnr> <probs for GDERKNQSTAVLIFYWHMCP>
#	G	D	E	R	K	N	Q	S	T	A	V	L	I	F	Y	W	H	M	C	P
0	0.06265	0.05377	0.01870	0.01452	0.01961	0.07042	0.01182	0.16163	0.09212	0.07212	0.02249	0.02769	0.01833	0.00994	0.00729	0.00222	0.00743	0.06147	0.11328	0.15250
1	0.02588	0.01690	0.01908	0.01554	0.02099	0.01764	0.01258	0.22287	0.18956	0.17089	0.02671	0.02768	0.01977	0.01030	0.00790	0.00243	0.00710	0.03339	0.06915	0.08365
2	0.02205	0.01718	0.04991	0.11484	0.02800	0.01611	0.07448	0.14211	0.05383	0.13253	0.10062	0.02640	0.02217	0.00939	0.00803	0.00231	0.00814	0.00813	0.00665	0.15709
3	0.01421	0.00927	0.01204	0.01127	0.01359	0.00871	0.00862	0.04226	0.02268	0.08269	0.49104	0.11720	0.06564	0.01694	0.00957	0.00268	0.00458	0.04996	0.00877	0.00829
4	0.02274	0.01723	0.01939	0.05333	0.02249	0.01929	0.01322	0.24352	0.23641	0.06339	0.08846	0.02971	0.02478	0.04751	0.01056	0.00287	0.03031	0.00893	0.03408	0.01176
5	0.08861	0.32475	0.02944	0.08296	0.02312	0.07631	0.01433	0.02307	0.01600	0.02211	0.01312	0.01668	0.01141	0.00887	0.00980	0.00229	0.14127	0.00556	0.08082	0.00946
6	0.12771	0.02301	0.11335	0.03467	0.05355	0.04711	0.05225	0.27657	0.02622	0.09616	0.01848	0.01969	0.01328	0.00880	0.00755	0.00245	0.00909	0.00686	0.05120	0.01200
7	0.01015	0.00745	0.00954	0.01082	0.01184	0.00685	0.00751	0.01204	0.01704	0.02256	0.13215	0.51604	0.14251	0.02347	0.01017	0.00313	0.00458	0.03764	0.00772	0.00679
8	0.01023	0.00758	0.00959	0.01078	0.01196	0.00694	0.00762	0.01222	0.01727	0.02272	0.13332	0.46629	0.17219	0.02314	0.01016	0.00312	0.00464	0.05567	0.00771	0.00683
9	0.01619	0.01398	0.02027	0.20337	0.02893	0.01649	0.04158	0.10130	0.01834	0.02485	0.02497	0.25943	0.02613	0.01550	0.01264	0.00304	0.14571	0.01281	0.00559	0.00888
10	0.01671	0.00963	0.01060	0.06442	0.01479	0.01017	0.00801	0.08078	0.01906	0.03157	0.02480	0.02848	0.01929	0.00937	0.00611	0.00201	0.00487	0.00751	0.62352	0.00830
11	0.00989	0.00706	0.00942	0.01130	0.01177	0.00659	0.00753	0.01130	0.01554	0.02071	0.04472	0.70954	0.05367	0.02542	0.01036	0.00330	0.00471	0.02307	0.00753	0.00659
12	0.01297	0.00768	0.00889	0.00920	0.01048	0.00766	0.00648	0.01562	0.01605	0.02528	0.08228	0.16763	0.03312	0.12920	0.07346	0.00416	0.00623	0.01192	0.36477	0.00694
13	0.01904	0.09783	0.22151	0.06259	0.03788	0.05955	0.33385	0.02584	0.01839	0.02459	0.01505	0.01922	0.01136	0.00725	0.00840	0.00255	0.01261	0.00766	0.00383	0.01100
14	0.01014	0.00725	0.00971	0.01159	0.01218	0.00681	0.00798	0.01175	0.01579	0.02100	0.04458	0.65945	0.05310	0.02518	0.01043	0.00333	0.00493	0.07061	0.00753	0.00666
15	0.01127	0.00811	0.01028	0.01002	0.01156	0.00754	0.00717	0.01421	0.02040	0.02840	0.47693	0.12530	0.09974	0.11655	0.01414	0.00339	0.00450	0.01524	0.00815	0.00712
16	0.01793	0.01508	0.01742	0.01254	0.01970	0.01195	0.01007	0.06903	0.01851	0.02839	0.01482	0.01704	0.01216	0.00630	0.00618	0.00130	0.00624	0.00500	0.00507	0.70528
17	0.01603	0.01522	0.02155	0.01899	0.01940	0.02074	0.01562	0.01812	0.01260	0.01933	0.01375	0.02170	0.01335	0.02725	0.21016	0.00621	0.51024	0.00755	0.00377	0.00842
18	0.01240	0.00900	0.01218	0.01366	0.01554	0.00879	0.01160	0.01583	0.01882	0.02449	0.09666	0.12475	0.11209	0.02194	0.01086	0.00351	0.00667	0.46625	0.00760	0.00737
19	0.01671	0.01768	0.03561	0.02675	0.03255	0.01691	0.41421	0.02177	0.01776	0.02436	0.02280	0.18740	0.02218	0.01172	0.01059	0.00284	0.05189	0.01244	0.00494	0.04889
20	0.01443	0.00976	0.01238	0.01159	0.01392	0.00938	0.00881	0.07265	0.02298	0.06700	0.44095	0.16164	0.06275	0.01729	0.00956	0.00271	0.00476	0.04045	0.00863	0.00837
21	0.02059	0.62892	0.06364	0.01378	0.02028	0.02939	0.01369	0.02321	0.01609	0.01904	0.01271	0.01682	0.01215	0.07140	0.00859	0.00233	0.00873	0.00508	0.00360	0.00997
22	0.02775	0.02178	0.02221	0.03983	0.02438	0.07547	0.01437	0.46210	0.03256	0.04368	0.01885	0.01978	0.01383	0.00921	0.00766	0.00226	0.00878	0.00693	0.06747	0.08110
23	0.01203	0.00896	0.01148	0.01077	0.01321	0.00808	0.00833	0.01573	0.02169	0.03047	0.50087	0.06099	0.10144	0.01649	0.00942	0.00257	0.00444	0.07826	0.00832	0.07647

[dist]
# distance from previous block
# <min> <max>
2	66

[block]
# block no. 5 follows, 23 sequences, length 36
# corresponding to MSA columns:
# 374-409
name=unknown_F
#
# <colnr> <probs for GDERKNQSTAVLIFYWHMCP>
#	G	D	E	R	K	N	Q	S	T	A	V	L	I	F	Y	W	H	M	C	P
0	0.09444	0.18162	0.31955	0.01718	0.02536	0.01945	0.01954	0.02426	0.01797	0.06315	0.12172	0.02364	0.02173	0.00913	0.00722	0.00237	0.00904	0.00703	0.00489	0.01070
1	0.01086	0.00736	0.00955	0.01060	0.01107	0.00701	0.00694	0.01174	0.01501	0.02020	0.09968	0.43810	0.04699	0.17093	0.01892	0.07848	0.00552	0.01827	0.00673	0.00604
2	0.01609	0.01365	0.01604	0.01194	0.01844	0.01037	0.00940	0.01947	0.01669	0.02584	0.01762	0.08992	0.01641	0.00806	0.00647	0.00142	0.00587	0.00673	0.00509	0.68447
3	0.01497	0.01058	0.01281	0.01197	0.01460	0.01029	0.00900	0.08038	0.05716	0.05979	0.25853	0.20650	0.09187	0.04976	0.01083	0.00296	0.00531	0.03809	0.00799	0.04664
4	0.01946	0.44065	0.30204	0.01769	0.02671	0.02665	0.02051	0.02487	0.01675	0.02181	0.01263	0.01471	0.01036	0.00726	0.00624	0.00208	0.01004	0.00502	0.00345	0.01106
5	0.01764	0.06390	0.39974	0.02707	0.03735	0.02009	0.26669	0.02575	0.01790	0.02552	0.01515	0.01882	0.01108	0.00733	0.00833	0.00260	0.01251	0.00733	0.00369	0.01151
6	0.01090	0.00782	0.01045	0.01151	0.01267	0.00736	0.00843	0.01346	0.01844	0.02511	0.24453	0.40270	0.06003	0.02208	0.01023	0.00312	0.00485	0.11126	0.00798	0.00707
7	0.01094	0.00833	0.01028	0.01131	0.01318	0.00767	0.00889	0.01351	0.01811	0.02302	0.09202	0.22903	0.28009	0.02210	0.01031	0.00319	0.00537	0.21800	0.00759	0.00704
8	0.01262	0.00901	0.01231	0.01347	0.01526	0.00885	0.01133	0.01619	0.01939	0.02588	0.19369	0.08199	0.05317	0.05598	0.01233	0.00365	0.00660	0.43320	0.00770	0.00739
9	0.73720	0.01602	0.01251	0.01105	0.01614	0.01853	0.00910	0.05277	0.01496	0.03710	0.01168	0.01348	0.00902	0.00764	0.00517	0.00251	0.00640	0.00453	0.00517	0.00902
10	0.01159	0.00877	0.01048	0.01017	0.01234	0.00808	0.00756	0.04294	0.02125	0.02849	0.36581	0.15881	0.24623	0.01875	0.00962	0.00271	0.00428	0.01629	0.00827	0.00755
