[name]
unknown

[dist]
# distance from previous block
# <min> <max>
4	16

[block]
# block no. 0 follows, 23 sequences, length 10
# corresponding to MSA columns:
# 16-25
name=unknown_A
#
# <colnr> <probs for GDERKNQSTAVLIFYWHMCP>
#	G	D	E	R	K	N	Q	S	T	A	V	L	I	F	Y	W	H	M	C	P
0	0.11101	0.01581	0.01723	0.01334	0.01961	0.01477	0.01070	0.10005	0.10731	0.03147	0.01754	0.01916	0.01394	0.00944	0.03223	0.00218	0.00706	0.00582	0.00571	0.44562
1	0.01997	0.27939	0.05568	0.02018	0.02435	0.06020	0.09192	0.02294	0.01544	0.02038	0.01181	0.01633	0.01074	0.01011	0.01502	0.00267	0.30316	0.00625	0.00362	0.00983
2	0.01099	0.00856	0.01034	0.01066	0.01284	0.00746	0.00780	0.01321	0.01733	0.02287	0.09546	0.34503	0.23081	0.02075	0.00961	0.00285	0.00483	0.06200	0.00729	0.09929
3	0.01315	0.00944	0.01214	0.01449	0.10040	0.00944	0.00775	0.01404	0.01303	0.01807	0.02418	0.04717	0.02667	0.57540	0.03460	0.00676	0.00788	0.01092	0.04827	0.00618
4	0.01604	0.01485	0.02241	0.41891	0.13150	0.04096	0.01931	0.02150	0.04891	0.02260	0.02016	0.11802	0.01821	0.01062	0.00829	0.00269	0.00941	0.00947	0.03677	0.00937
5	0.01326	0.00713	0.01026	0.01049	0.01075	0.00698	0.00704	0.01074	0.01175	0.01547	0.02273	0.11209	0.06546	0.02730	0.02751	0.61633	0.00655	0.00973	0.00430	0.00414
6	0.01746	0.01635	0.02748	0.20732	0.41960	0.01719	0.02188	0.02195	0.01750	0.02424	0.01916	0.11675	0.01804	0.00999	0.00838	0.00261	0.00925	0.00944	0.00440	0.01101
7	0.11026	0.01627	0.02259	0.29414	0.14040	0.01797	0.01797	0.06748	0.08154	0.02786	0.01640	0.02039	0.01268	0.00801	0.00744	0.00241	0.00882	0.00674	0.00480	0.11583
8	0.01271	0.00972	0.01156	0.01169	0.01344	0.00967	0.00833	0.05915	0.05712	0.02414	0.07309	0.37751	0.14418	0.08827	0.01326	0.00346	0.02616	0.01755	0.00722	0.03178
9	0.16805	0.05661	0.01771	0.01628	0.05817	0.06359	0.01178	0.05984	0.18717	0.04771	0.02723	0.20125	0.02587	0.01334	0.00790	0.00270	0.00700	0.01106	0.00664	0.01010

[dist]
# distance from previous block
# <min> <max>
2	23

[block]
# block no. 1 follows, 23 sequences, length 23
# corresponding to MSA columns:
# 49-69,71,72
name=unknown_B
#
# <colnr> <probs for GDERKNQSTAVLIFYWHMCP>
#	G	D	E	R	K	N	Q	S	T	A	V	L	I	F	Y	W	H	M	C	P
0	0.01438	0.01385	0.05243	0.30830	0.07658	0.01391	0.01759	0.01906	0.01783	0.02360	0.08437	0.04627	0.07974	0.01322	0.00901	0.00286	0.00862	0.15497	0.00541	0.03800
1	0.02008	0.01928	0.03294	0.04981	0.66422	0.01928	0.02490	0.02490	0.01848	0.02651	0.01526	0.02008	0.01285	0.00723	0.00803	0.00241	0.00964	0.00723	0.00402	0.01285
2	0.01727	0.01504	0.02572	0.57788	0.08185	0.01780	0.05733	0.02257	0.01700	0.06724	0.01582	0.02200	0.01166	0.00813	0.00820	0.00268	0.01065	0.00742	0.00411	0.00965
3	0.01148	0.00829	0.01085	0.01021	0.01212	0.00766	0.00766	0.01531	0.02297	0.03254	0.65994	0.06061	0.07656	0.01659	0.00957	0.00255	0.00383	0.01467	0.00893	0.00766
4	0.01617	0.03930	0.60800	0.02326	0.03453	0.01841	0.06401	0.02509	0.01718	0.02550	0.01597	0.04729	0.01227	0.00842	0.00793	0.00261	0.01178	0.00694	0.00364	0.01170
5	0.01779	0.01419	0.02218	0.08845	0.19155	0.01456	0.05214	0.02387	0.07701	0.07198	0.02987	0.05219	0.02864	0.01430	0.00951	0.00306	0.00856	0.26371	0.00628	0.01017
6	0.03641	0.01381	0.01883	0.01444	0.02071	0.01193	0.01193	0.03954	0.02322	0.66984	0.03201	0.02762	0.02009	0.01004	0.00816	0.00251	0.00690	0.00816	0.01004	0.01381
7	0.03085	0.02273	0.02435	0.01867	0.02516	0.02516	0.01542	0.63716	0.03815	0.05114	0.01948	0.01948	0.01380	0.00974	0.00812	0.00244	0.00893	0.00731	0.00812	0.01380
8	0.01711	0.12153	0.56507	0.02339	0.06552	0.02045	0.02780	0.02549	0.01712	0.02495	0.01421	0.01679	0.01043	0.00759	0.00743	0.00246	0.01148	0.00586	0.00346	0.01185
9	0.01165	0.00780	0.00890	0.00905	0.00908	0.00776	0.00513	0.01176	0.01210	0.01613	0.02710	0.10548	0.03143	0.65983	0.03883	0.00750	0.00761	0.01270	0.00513	0.00505
10	0.03641	0.01381	0.01883	0.01444	0.02071	0.01193	0.01193	0.03954	0.02322	0.66984	0.03201	0.02762	0.02009	0.01004	0.00816	0.00251	0.00690	0.00816	0.01004	0.01381
11	0.01127	0.00813	0.01065	0.01036	0.01207	0.00751	0.00764	0.01477	0.02197	0.03094	0.57700	0.14809	0.07348	0.01778	0.00968	0.00265	0.00395	0.01581	0.00874	0.00751
12	0.03039	0.02187	0.02363	0.01829	0.02464	0.02410	0.01505	0.56302	0.08061	0.08317	0.02111	0.02068	0.01491	0.00985	0.00813	0.00246	0.00864	0.00748	0.00823	0.01373
13	0.01666	0.03947	0.59823	0.02519	0.06604	0.01898	0.07195	0.02568	0.01734	0.02576	0.01472	0.01761	0.01055	0.00763	0.00786	0.00257	0.01200	0.00631	0.00350	0.01196
14	0.01148	0.00829	0.01085	0.01021	0.01212	0.00766	0.00766	0.01531	0.02297	0.03254	0.65994	0.06061	0.07656	0.01659	0.00957	0.00255	0.00383	0.01467	0.00893	0.00766
15	0.01161	0.00779	0.00891	0.00910	0.00914	0.00774	0.00518	0.01175	0.01218	0.01623	0.02749	0.11909	0.03193	0.64553	0.03819	0.00741	0.00755	0.01293	0.00518	0.00508
16	0.02666	0.01924	0.02117	0.01653	0.02213	0.02061	0.01334	0.45372	0.03135	0.06817	0.02025	0.02371	0.01586	0.08476	0.04952	0.00348	0.00918	0.00764	0.00733	0.08537
17	0.01604	0.01447	0.01996	0.08868	0.02319	0.01611	0.03909	0.04787	0.01634	0.02350	0.02287	0.15088	0.05422	0.01345	0.01401	0.00270	0.22608	0.01018	0.00507	0.19529
18	0.01914	0.01880	0.03315	0.14417	0.46426	0.01950	0.10107	0.02416	0.01794	0.02525	0.01507	0.02044	0.01238	0.00764	0.00910	0.00255	0.04209	0.00752	0.00394	0.01185
19	0.01978	0.01888	0.03167	0.08954	0.59392	0.01924	0.02416	0.02552	0.04907	0.02650	0.01607	0.02068	0.01330	0.00747	0.00805	0.00245	0.00956	0.00732	0.00420	0.01261
20	0.01934	0.01527	0.01830	0.04345	0.02144	0.01363	0.01140	0.07990	0.04646	0.06985	0.03860	0.02010	0.01532	0.00775	0.00782	0.00171	0.04579	0.00601	0.00562	0.51224
21	0.01703	0.01603	0.02422	0.08555	0.02512	0.02036	0.07941	0.04342	0.01528	0.02263	0.04395	0.02288	0.01564	0.01788	0.09557	0.00429	0.38906	0.00793	0.04477	0.00898
22	0.10086	0.01993	0.02037	0.01639	0.02214	0.04412	0.01327	0.34522	0.14837	0.06392	0.02428	0.02383	0.04839	0.01001	0.00773	0.00242	0.00786	0.00765	0.00750	0.06572

[dist]
# distance from previous block
# <min> <max>
2	6

[block]
# block no. 2 follows, 23 sequences, length 40
# corresponding to MSA columns:
# 79-118
name=unknown_C
#
# <colnr> <probs for GDERKNQSTAVLIFYWHMCP>
#	G	D	E	R	K	N	Q	S	T	A	V	L	I	F	Y	W	H	M	C	P
0	0.01439	0.01358	0.02052	0.12194	0.04831	0.04805	0.10493	0.01758	0.01691	0.02239	0.07356	0.32972	0.03481	0.01678	0.01114	0.00300	0.07324	0.01503	0.00584	0.00827
1	0.02849	0.01579	0.01782	0.01442	0.01967	0.06483	0.01158	0.09430	0.06462	0.36401	0.11002	0.03350	0.07471	0.01141	0.00830	0.00246	0.00705	0.00928	0.00876	0.03897
2	0.01345	0.01040	0.04126	0.01282	0.01531	0.00895	0.01089	0.01736	0.02081	0.05971	0.34330	0.09488	0.05869	0.01843	0.01007	0.00303	0.00575	0.23873	0.00814	0.00804
3	0.02524	0.01455	0.01796	0.01327	0.02008	0.01189	0.01079	0.05528	0.02031	0.28360	0.02165	0.02124	0.01531	0.00778	0.00696	0.00178	0.00649	0.00625	0.00704	0.43253
4	0.00989	0.00706	0.00942	0.01130	0.01177	0.00659	0.00753	0.01130	0.01554	0.02071	0.04472	0.70954	0.05367	0.02542	0.01036	0.00330	0.00471	0.02307	0.00753	0.00659
5	0.01833	0.02248	0.10008	0.09716	0.04046	0.02066	0.44215	0.02464	0.01784	0.02464	0.01533	0.02091	0.01177	0.00796	0.01137	0.00282	0.09816	0.00871	0.00392	0.01059
6	0.02884	0.02247	0.02379	0.01876	0.02449	0.04972	0.01538	0.51198	0.09142	0.04593	0.01977	0.02015	0.01443	0.01015	0.00953	0.00254	0.06250	0.00738	0.00763	0.01316
7	0.02237	0.01560	0.01781	0.01538	0.01956	0.01679	0.01235	0.24311	0.15080	0.08367	0.08397	0.06960	0.02848	0.01435	0.01040	0.05738	0.00713	0.08740	0.03289	0.01095
8	0.02011	0.23358	0.41762	0.01949	0.02938	0.02187	0.02331	0.02686	0.01764	0.09670	0.01559	0.01714	0.01143	0.00775	0.00704	0.00232	0.01046	0.00576	0.00419	0.01174
9	0.01915	0.02189	0.04788	0.03420	0.04241	0.02052	0.63475	0.02599	0.01915	0.02599	0.01642	0.02189	0.01231	0.00684	0.00958	0.00274	0.01368	0.00958	0.00410	0.01094
10	0.00998	0.00710	0.00939	0.01118	0.01163	0.00665	0.00740	0.01132	0.01535	0.02047	0.04379	0.67754	0.05249	0.05903	0.01187	0.00352	0.00486	0.02252	0.00740	0.00651
11	0.01740	0.01698	0.03066	0.31220	0.08471	0.01831	0.21223	0.05139	0.04927	0.02499	0.01923	0.05963	0.01622	0.00947	0.00884	0.00277	0.01086	0.04016	0.00462	0.01008
12	0.02209	0.68843	0.04162	0.01421	0.02102	0.06197	0.01397	0.02467	0.01679	0.01913	0.01134	0.01309	0.01041	0.00701	0.00530	0.00175	0.00895	0.00438	0.00350	0.01037
13	0.01775	0.01775	0.02485	0.02130	0.02130	0.02485	0.01775	0.01953	0.01243	0.01953	0.01065	0.01775	0.01065	0.01420	0.02663	0.00355	0.69998	0.00710	0.00355	0.00888
14	0.02254	0.65276	0.04060	0.01457	0.02124	0.09602	0.01406	0.02509	0.01713	0.01917	0.01140	0.01318	0.01042	0.00708	0.00541	0.00177	0.00926	0.00443	0.00354	0.01031
15	0.01953	0.42981	0.28025	0.01837	0.02728	0.02654	0.05069	0.02491	0.01686	0.02192	0.01277	0.01501	0.01046	0.00723	0.00637	0.00210	0.01017	0.00522	0.00349	0.01103
16	0.03556	0.01400	0.01881	0.01454	0.02073	0.01236	0.01197	0.03973	0.05579	0.63677	0.03206	0.02776	0.02033	0.01009	0.00816	0.00252	0.00688	0.00821	0.00995	0.01376
17	0.01160	0.00865	0.01281	0.01281	0.01418	0.01002	0.00986	0.01434	0.01297	0.01867	0.02194	0.03303	0.02078	0.09625	0.64796	0.01276	0.02098	0.00886	0.00438	0.00712
18	0.09139	0.02181	0.02281	0.01983	0.07297	0.07124	0.01498	0.42599	0.03155	0.08926	0.01914	0.01966	0.01379	0.00927	0.00770	0.00240	0.00883	0.00697	0.03767	0.01273
19	0.01627	0.04197	0.67279	0.02313	0.03512	0.01884	0.02998	0.02570	0.01713	0.02570	0.01456	0.01713	0.01028	0.00771	0.00771	0.00257	0.01199	0.00600	0.00343	0.01199
20	0.03641	0.01381	0.01883	0.01444	0.02071	0.01193	0.01193	0.03954	0.02322	0.66984	0.03201	0.02762	0.02009	0.01004	0.00816	0.00251	0.00690	0.00816	0.01004	0.01381
21	0.01915	0.02189	0.04788	0.03420	0.04241	0.02052	0.63475	0.02599	0.01915	0.02599	0.01642	0.02189	0.01231	0.00684	0.00958	0.00274	0.01368	0.00958	0.00410	0.01094
22	0.03103	0.01745	0.06776	0.01589	0.02226	0.01534	0.01377	0.09221	0.15497	0.43434	0.02982	0.02667	0.01978	0.01004	0.00814	0.00256	0.00736	0.00814	0.00901	0.01347
23	0.00982	0.00731	0.00915	0.01063	0.01159	0.00665	0.00723	0.01137	0.01618	0.02098	0.05291	0.57156	0.18636	0.02436	0.01019	0.00317	0.00458	0.02177	0.00753	0.00665
24	0.01001	0.00716	0.00953	0.01121	0.01180	0.00667	0.00754	0.01161	0.01611	0.02163	0.09242	0.65922	0.05544	0.02474	0.01030	0.00324	0.00464	0.02242	0.00764	0.00667
25	0.30134	0.10100	0.02145	0.01491	0.02083	0.02265	0.01256	0.29171	0.04933	0.06867	0.01659	0.01719	0.01226	0.00867	0.00665	0.00240	0.00774	0.00600	0.00653	0.01153
26	0.02138	0.54963	0.15224	0.01604	0.02366	0.07802	0.01686	0.02515	0.01708	0.02031	0.01195	0.01386	0.01039	0.00718	0.00580	0.00191	0.00970	0.00470	0.00352	0.01062
27	0.01409	0.00705	0.01057	0.01057	0.01057	0.00705	0.00705	0.01057	0.01057	0.01409	0.01409	0.02467	0.01409	0.02819	0.03171	0.76392	0.00705	0.00705	0.00352	0.00352
28	0.01096	0.00783	0.01062	0.01236	0.01334	0.00750	0.00925	0.01322	0.01691	0.02245	0.07748	0.48388	0.05276	0.02402	0.01058	0.00339	0.00551	0.20344	0.00759	0.00692
29	0.10413	0.07872	0.02384	0.01858	0.02371	0.30712	0.01484	0.24760	0.02663	0.03269	0.01474	0.01623	0.01149	0.00890	0.00797	0.00229	0.03802	0.00590	0.00560	0.01097
30	0.05524	0.04901	0.02673	0.02191	0.06731	0.08840	0.09071	0.30641	0.14427	0.03842	0.02002	0.02084	0.01493	0.00913	0.00801	0.00247	0.00954	0.00749	0.00670	0.01246
31	0.02088	0.02065	0.03112	0.04517	0.56848	0.07075	0.02332	0.02679	0.06414	0.02653	0.01633	0.02039	0.01352	0.00759	0.00799	0.00241	0.00980	0.00721	0.00433	0.01259
32	0.01042	0.00723	0.00977	0.01152	0.01206	0.00683	0.00791	0.01166	0.01541	0.02050	0.04239	0.61449	0.05031	0.02540	0.01195	0.05794	0.00508	0.06545	0.00724	0.00644
33	0.01596	0.01535	0.02678	0.59772	0.09852	0.01831	0.07017	0.02144	0.01661	0.02155	0.01464	0.02154	0.01108	0.00795	0.00822	0.00269	0.01095	0.00740	0.00367	0.00944
34	0.01112	0.00841	0.01114	0.01277	0.03726	0.00769	0.00867	0.01323	0.01678	0.02262	0.09169	0.48880	0.09544	0.02206	0.00991	0.00305	0.00509	0.06555	0.00731	0.06141
35	0.01678	0.09156	0.60366	0.02284	0.03432	0.01989	0.05042	0.02560	0.01716	0.02522	0.01438	0.01700	0.01036	0.00762	0.00759	0.00251	0.01181	0.00600	0.00345	0.01184
36	0.01210	0.00770	0.01033	0.01172	0.01271	0.00714	0.00815	0.01376	0.01629	0.07122	0.04365	0.62607	0.05072	0.02408	0.01023	0.00326	0.00501	0.05095	0.00772	0.00719
37	0.05635	0.13734	0.54847	0.02116	0.03207	0.02070	0.02658	0.02540	0.01687	0.02531	0.01392	0.01634	0.01022	0.00759	0.00721	0.00245	0.01122	0.00568	0.00352	0.01160
38	0.01288	0.00967	0.01306	0.01492	0.04149	0.00959	0.01169	0.01727	0.05285	0.02514	0.11196	0.16430	0.09394	0.02082	0.01051	0.00337	0.00648	0.36468	0.00755	0.00783
39	0.05794	0.30043	0.39654	0.01893	0.02862	0.02390	0.02270	0.02506	0.01671	0.02373	0.01313	0.01535	0.01025	0.00741	0.00661	0.00225	0.01042	0.00528	0.00353	0.01122

[dist]
# distance from previous block
# <min> <max>
1	32

[block]
# block no. 3 follows, 23 sequences, length 11
# corresponding to MSA columns:
# 151-161
name=unknown_D
#
# <colnr> <probs for GDERKNQSTAVLIFYWHMCP>
#	G	D	E	R	K	N	Q	S	T	A	V	L	I	F	Y	W	H	M	C	P
0	0.01228	0.01154	0.08031	0.01039	0.01168	0.00905	0.00761	0.01330	0.01237	0.01681	0.02438	0.04923	0.02743	0.63873	0.03768	0.00730	0.00831	0.01118	0.00476	0.00568
1	0.02122	0.55960	0.08768	0.01511	0.02181	0.08202	0.01500	0.02434	0.01681	0.01965	0.01241	0.01486	0.01113	0.01109	0.05556	0.00266	0.01038	0.00486	0.00359	0.01022
2	0.02116	0.65242	0.10510	0.01480	0.02225	0.03079	0.01548	0.02444	0.01655	0.01975	0.01161	0.01342	0.01040	0.00702	0.00546	0.00182	0.00901	0.00450	0.00347	0.01057
3	0.01113	0.00784	0.01029	0.01179	0.01254	0.00759	0.00850	0.01289	0.01563	0.02067	0.04039	0.41085	0.04692	0.16337	0.01681	0.00433	0.00609	0.17888	0.00699	0.00649
4	0.01159	0.00869	0.01304	0.01304	0.01449	0.01014	0.01014	0.01449	0.01304	0.01884	0.02173	0.03188	0.02029	0.06086	0.68268	0.01304	0.02173	0.00869	0.00435	0.00724
5	0.02644	0.05321	0.02309	0.01979	0.06028	0.19229	0.01481	0.24406	0.10981	0.05624	0.01944	0.02223	0.01549	0.06361	0.01116	0.00283	0.04021	0.00726	0.00631	0.01144
6	0.01901	0.06685	0.02303	0.14538	0.07818	0.01750	0.06260	0.02222	0.01762	0.02691	0.02056	0.02642	0.01697	0.01084	0.01103	0.00284	0.12218	0.00796	0.29178	0.01012
7	0.00989	0.00706	0.00942	0.01130	0.01177	0.00659	0.00753	0.01130	0.01554	0.02071	0.04472	0.70954	0.05367	0.02542	0.01036	0.00330	0.00471	0.02307	0.00753	0.00659
8	0.02729	0.01748	0.11304	0.01497	0.02125	0.01309	0.01379	0.06775	0.04616	0.38546	0.09311	0.03423	0.09273	0.01146	0.00838	0.00255	0.00716	0.00941	0.00852	0.01218
9	0.01962	0.10181	0.32281	0.02724	0.10209	0.02014	0.18438	0.02666	0.01823	0.07726	0.01619	0.01912	0.01189	0.00754	0.00801	0.00251	0.01143	0.00707	0.00421	0.01179
10	0.01627	0.04197	0.67279	0.02313	0.03512	0.01884	0.02998	0.02570	0.01713	0.02570	0.01456	0.01713	0.01028	0.00771	0.00771	0.00257	0.01199	0.00600	0.00343	0.01199

[dist]
# distance from previous block
# <min> <max>
0	1

[block]
# block no. 4 follows, 23 sequences, length 32
# corresponding to MSA columns:
# 163-194
name=unknown_E
#
# <colnr> <probs for GDERKNQSTAVLIFYWHMCP>
#	G	D	E	R	K	N	Q	S	T	A	V	L	I	F	Y	W	H	M	C	P
0	0.01884	0.22979	0.46251	0.02009	0.03037	0.02219	0.02454	0.02603	0.01727	0.05759	0.01456	0.01653	0.01083	0.00762	0.00703	0.00233	0.01080	0.00565	0.00379	0.01165
1	0.01650	0.09052	0.59001	0.02199	0.03306	0.01931	0.02786	0.02511	0.01717	0.02513	0.01587	0.02088	0.01228	0.00845	0.00771	0.00257	0.01150	0.03879	0.00365	0.01163
2	0.02406	0.02338	0.05333	0.02495	0.05287	0.07922	0.18709	0.25011	0.02502	0.03343	0.01595	0.01933	0.01232	0.00956	0.01216	0.00272	0.14983	0.00766	0.00545	0.01155
3	0.02399	0.01731	0.01865	0.01512	0.01958	0.01877	0.01188	0.41159	0.02957	0.04001	0.02582	0.06497	0.05451	0.13901	0.01415	0.00344	0.00787	0.00948	0.06330	0.01098
4	0.02592	0.01712	0.11320	0.01500	0.02093	0.01293	0.01372	0.03243	0.09494	0.35693	0.17178	0.03386	0.03198	0.01129	0.00842	0.00256	0.00690	0.00943	0.00861	0.01204
5	0.01137	0.00829	0.01068	0.01009	0.01205	0.00761	0.00756	0.01509	0.02269	0.03189	0.62442	0.06169	0.11249	0.01683	0.00957	0.00256	0.00385	0.01483	0.00885	0.00761
6	0.02454	0.08159	0.07986	0.06606	0.02660	0.33444	0.01715	0.07602	0.04469	0.02328	0.01423	0.01738	0.01173	0.01154	0.04015	0.00289	0.10738	0.00609	0.00441	0.00998
7	0.05734	0.02936	0.02330	0.01970	0.02433	0.33207	0.01555	0.26197	0.02726	0.03242	0.01494	0.01678	0.01169	0.00951	0.00970	0.00240	0.08882	0.00620	0.00565	0.01100
8	0.01188	0.00789	0.00885	0.00881	0.00917	0.00779	0.00517	0.01242	0.01306	0.01785	0.06305	0.05335	0.06311	0.59866	0.03579	0.00695	0.00721	0.01196	0.05168	0.00533
9	0.00989	0.00706	0.00942	0.01130	0.01177	0.00659	0.00753	0.01130	0.01554	0.02071	0.04472	0.70954	0.05367	0.02542	0.01036	0.00330	0.00471	0.02307	0.00753	0.00659
10	0.01915	0.02189	0.04788	0.03420	0.04241	0.02052	0.63475	0.02599	0.01915	0.02599	0.01642	0.02189	0.01231	0.00684	0.00958	0.00274	0.01368	0.00958	0.00410	0.01094
11	0.04973	0.55937	0.10033	0.01537	0.02230	0.07089	0.01550	0.02475	0.01671	0.02044	0.01165	0.01369	0.01035	0.00739	0.00636	0.00193	0.03460	0.00466	0.00357	0.01038
12	0.00989	0.00706	0.00942	0.01130	0.01177	0.00659	0.00753	0.01130	0.01554	0.02071	0.04472	0.70954	0.05367	0.02542	0.01036	0.00330	0.00471	0.02307	0.00753	0.00659
13	0.01439	0.01108	0.01587	0.01937	0.09753	0.01126	0.01453	0.01947	0.05830	0.02517	0.03890	0.07880	0.04111	0.01981	0.01063	0.00351	0.00768	0.49702	0.00709	0.00848
14	0.01675	0.03912	0.59246	0.02648	0.11410	0.01890	0.02934	0.02560	0.01730	0.02580	0.01465	0.01750	0.01060	0.00765	0.00775	0.00255	0.01170	0.00615	0.00350	0.01210
15	0.01789	0.01837	0.03451	0.12702	0.06987	0.01869	0.33968	0.02586	0.10001	0.02595	0.02295	0.02691	0.05841	0.00890	0.00954	0.00271	0.03507	0.00939	0.03777	0.01050
16	0.01763	0.17387	0.50105	0.02329	0.07902	0.02149	0.02643	0.02536	0.01710	0.02446	0.01397	0.01654	0.01050	0.00752	0.00724	0.00239	0.01116	0.00576	0.00348	0.01174
17	0.01180	0.00806	0.01063	0.01074	0.01230	0.00743	0.00776	0.01476	0.02038	0.05090	0.42255	0.28646	0.06656	0.01945	0.00980	0.00281	0.00424	0.01738	0.00848	0.00750
18	0.01023	0.00732	0.00978	0.01146	0.01214	0.00686	0.00792	0.01200	0.01635	0.02191	0.09425	0.61489	0.05504	0.02450	0.01035	0.00327	0.00483	0.06251	0.00764	0.00674
19	0.05380	0.60697	0.11745	0.01486	0.02233	0.02990	0.01561	0.02445	0.01645	0.02065	0.01168	0.01352	0.01033	0.00706	0.00550	0.00187	0.00897	0.00454	0.00353	0.01053
20	0.08044	0.01834	0.02006	0.06237	0.02346	0.02022	0.01350	0.38003	0.06310	0.04069	0.02099	0.02634	0.01695	0.07585	0.01093	0.00297	0.00820	0.03250	0.04571	0.03734
21	0.47822	0.01658	0.05662	0.11372	0.06672	0.01712	0.01310	0.02263	0.01571	0.03234	0.08455	0.02042	0.01701	0.00862	0.00635	0.00254	0.00725	0.00624	0.00508	0.00917
22	0.01448	0.01151	0.03555	0.01387	0.01681	0.01073	0.01193	0.02079	0.10750	0.05475	0.09632	0.07274	0.15103	0.01897	0.01012	0.00323	0.00657	0.32685	0.00769	0.00857
23	0.01358	0.00950	0.01315	0.01453	0.04720	0.00911	0.01113	0.01719	0.02024	0.05526	0.26374	0.10528	0.07796	0.01911	0.01022	0.00313	0.00598	0.28772	0.00794	0.00802
24	0.01757	0.14659	0.48995	0.02410	0.07288	0.02109	0.06847	0.02545	0.01725	0.02472	0.01421	0.01699	0.01060	0.00750	0.00746	0.00244	0.01143	0.00606	0.00352	0.01172
25	0.13006	0.19583	0.27877	0.02299	0.10703	0.05093	0.05894	0.02530	0.01704	0.02556	0.01341	0.01612	0.01054	0.00742	0.00685	0.00233	0.01029	0.00570	0.00382	0.01107
26	0.00989	0.00706	0.00942	0.01130	0.01177	0.00659	0.00753	0.01130	0.01554	0.02071	0.04472	0.70954	0.05367	0.02542	0.01036	0.00330	0.00471	0.02307	0.00753	0.00659
27	0.02450	0.01523	0.02071	0.15336	0.08163	0.01581	0.01504	0.16110	0.02466	0.21939	0.15255	0.03073	0.02777	0.01069	0.00842	0.00253	0.00773	0.00903	0.00760	0.01151
28	0.01243	0.01043	0.04062	0.04782	0.01663	0.00945	0.01050	0.05968	0.01799	0.02409	0.06529	0.49562	0.04678	0.02189	0.01002	0.00319	0.00593	0.08677	0.00725	0.00763
29	0.02224	0.67692	0.04129	0.01433	0.02109	0.07296	0.01400	0.02481	0.01690	0.01914	0.01136	0.01312	0.01042	0.00703	0.00534	0.00176	0.00905	0.00439	0.00352	0.01035
30	0.10477	0.15395	0.02086	0.01328	0.01801	0.01802	0.01113	0.12108	0.07706	0.10988	0.20691	0.03180	0.03285	0.01108	0.00755	0.00236	0.00645	0.00882	0.03367	0.01048
31	0.31828	0.12572	0.15433	0.07424	0.02571	0.04833	0.03934	0.02526	0.04741	0.02850	0.01353	0.01610	0.01057	0.00797	0.00711	0.00247	0.03521	0.00552	0.00439	0.01001

[dist]
# distance from previous block
# <min> <max>
1	4

[block]
# block no. 5 follows, 23 sequences, length 16
# corresponding to MSA columns:
# 199-214
name=unknown_F
#
# <colnr> <probs for GDERKNQSTAVLIFYWHMCP>
#	G	D	E	R	K	N	Q	S	T	A	V	L	I	F	Y	W	H	M	C	P
0	0.01864	0.01781	0.03033	0.24539	0.47990	0.01890	0.02419	0.02364	0.01779	0.02476	0.01501	0.02055	0.01224	0.00750	0.00806	0.00250	0.01000	0.00722	0.00389	0.01169
1	0.01848	0.01740	0.02880	0.22290	0.42936	0.01855	0.02299	0.02453	0.05679	0.02529	0.01736	0.02430	0.01453	0.00838	0.00821	0.00257	0.00967	0.03403	0.00432	0.01156
2	0.06172	0.00979	0.01203	0.12662	0.01823	0.01059	0.00889	0.01618	0.04025	0.02086	0.02609	0.06227	0.05748	0.32599	0.02413	0.05554	0.00734	0.01024	0.09916	0.00659
3	0.01620	0.01474	0.02286	0.55203	0.04824	0.01759	0.02015	0.04982	0.05641	0.02334	0.01846	0.02398	0.03739	0.00872	0.00805	0.00260	0.00989	0.00757	0.00433	0.05765
4	0.02531	0.43583	0.03450	0.01666	0.02260	0.25981	0.01461	0.06661	0.02017	0.02142	0.01225	0.01400	0.01064	0.00762	0.00613	0.00191	0.01078	0.00484	0.00402	0.01028
5	0.01783	0.01502	0.01737	0.01250	0.01966	0.01185	0.01003	0.06482	0.01836	0.02822	0.01479	0.01702	0.01215	0.00628	0.00616	0.00129	0.00622	0.00499	0.00505	0.71041
6	0.08872	0.01490	0.01537	0.04419	0.01884	0.05642	0.01080	0.13725	0.06321	0.09508	0.10266	0.10890	0.18239	0.01441	0.00853	0.00263	0.00665	0.01185	0.00746	0.00973
7	0.01049	0.00793	0.00969	0.00993	0.01169	0.00713	0.00719	0.01314	0.01962	0.02619	0.32213	0.24494	0.24003	0.02018	0.00979	0.00281	0.00415	0.01770	0.00814	0.00713
8	0.02102	0.01785	0.01882	0.01668	0.02142	0.02057	0.01305	0.08973	0.60159	0.03529	0.03196	0.02943	0.02391	0.01091	0.00825	0.00273	0.00662	0.00903	0.00825	0.01292
9	0.01308	0.00934	0.01308	0.01494	0.01681	0.00934	0.01308	0.01681	0.01868	0.02428	0.04296	0.09153	0.04670	0.02242	0.01121	0.00374	0.00747	0.60960	0.00747	0.00747
10	0.01655	0.04003	0.61250	0.02420	0.03582	0.01901	0.08833	0.02573	0.01733	0.02573	0.01474	0.01759	0.01047	0.00763	0.00789	0.00259	0.01215	0.00634	0.00349	0.01189
11	0.02529	0.01362	0.06257	0.01347	0.01841	0.01065	0.01151	0.02876	0.02157	0.38206	0.16092	0.11296	0.07537	0.01358	0.00875	0.00263	0.00623	0.01155	0.00890	0.01120
12	0.01532	0.01442	0.02434	0.69533	0.05589	0.01803	0.02253	0.02073	0.01622	0.02073	0.01442	0.02163	0.01082	0.00811	0.00811	0.00270	0.01082	0.00721	0.00361	0.00901
13	0.01795	0.01834	0.02814	0.02315	0.02432	0.02423	0.10590	0.02045	0.01339	0.02045	0.01148	0.01834	0.01089	0.01315	0.02419	0.00343	0.60193	0.00745	0.00363	0.00917
14	0.01721	0.01756	0.03379	0.22710	0.16880	0.01802	0.26446	0.02263	0.01777	0.02399	0.01871	0.09692	0.01653	0.00933	0.00892	0.00272	0.01104	0.00989	0.00432	0.01029
15	0.01847	0.02073	0.04468	0.06467	0.04140	0.01965	0.57160	0.02495	0.01882	0.02546	0.01785	0.05892	0.01447	0.00790	0.00955	0.00276	0.01306	0.01019	0.00426	0.01062

[dist]
# distance from previous block
# <min> <max>
0	1

[block]
# block no. 6 follows, 23 sequences, length 13
# corresponding to MSA columns:
# 216-228
name=unknown_G
#
# <colnr> <probs for GDERKNQSTAVLIFYWHMCP>
#	G	D	E	R	K	N	Q	S	T	A	V	L	I	F	Y	W	H	M	C	P
0	0.01148	0.00829	0.01085	0.01021	0.01212	0.00766	0.00766	0.01531	0.02297	0.03254	0.65994	0.06061	0.07656	0.01659	0.00957	0.00255	0.00383	0.01467	0.00893	0.00766
1	0.01712	0.01633	0.02726	0.42181	0.25651	0.01903	0.02292	0.02202	0.01665	0.02256	0.01438	0.02078	0.01148	0.00834	0.00967	0.00268	0.06921	0.00721	0.00374	0.01029
2	0.01645	0.04072	0.63380	0.02382	0.03557	0.01895	0.06772	0.02572	0.01726	0.02572	0.01468	0.01743	0.01041	0.00765	0.00783	0.00258	0.01210	0.00622	0.00347	0.01193
3	0.02837	0.03444	0.02326	0.10981	0.02916	0.55202	0.01657	0.07001	0.02308	0.02200	0.01324	0.01587	0.01072	0.00842	0.00747	0.00219	0.01376	0.00562	0.00436	0.00964
4	0.01573	0.01484	0.02507	0.64027	0.10777	0.01813	0.02274	0.02109	0.01642	0.02122	0.01449	0.02150	0.01099	0.00804	0.00811	0.00268	0.01072	0.00721	0.00364	0.00934
5	0.02634	0.01148	0.01559	0.01339	0.01766	0.01018	0.01070	0.02928	0.02132	0.41342	0.10882	0.16684	0.03548	0.01485	0.00902	0.00278	0.00618	0.06634	0.00920	0.01114
6	0.01598	0.01580	0.02917	0.43437	0.07694	0.01761	0.17372	0.02133	0.01699	0.02231	0.01788	0.08784	0.01541	0.00942	0.00869	0.00276	0.01089	0.00933	0.00413	0.00944
7	0.01695	0.01712	0.02534	0.59856	0.05227	0.08208	0.05137	0.02211	0.01702	0.02090	0.01434	0.02097	0.01085	0.00808	0.00811	0.00265	0.01132	0.00713	0.00368	0.00914
8	0.01877	0.35422	0.38242	0.01887	0.02853	0.02495	0.02256	0.02505	0.01683	0.02265	0.01305	0.01524	0.01034	0.00736	0.00656	0.00219	0.01046	0.00523	0.00345	0.01126
9	0.03221	0.01788	0.10548	0.01578	0.02266	0.01362	0.01441	0.03804	0.08121	0.52475	0.02979	0.02648	0.01923	0.00982	0.00811	0.00254	0.00753	0.00797	0.00900	0.01348
10	0.01627	0.04197	0.67279	0.02313	0.03512	0.01884	0.02998	0.02570	0.01713	0.02570	0.01456	0.01713	0.01028	0.00771	0.00771	0.00257	0.01199	0.00600	0.00343	0.01199
11	0.01785	0.01477	0.02515	0.50543	0.09025	0.01708	0.06045	0.02260	0.01693	0.08357	0.01628	0.02229	0.01212	0.00927	0.00951	0.04483	0.01034	0.00745	0.00428	0.00956
12	0.01740	0.06478	0.23374	0.02816	0.11353	0.01892	0.23354	0.02385	0.01814	0.02555	0.06384	0.06073	0.01859	0.00916	0.00917	0.00263	0.03405	0.00892	0.00437	0.01093

[dist]
# distance from previous block
# <min> <max>
0	16

[block]
# block no. 7 follows, 23 sequences, length 12
# corresponding to MSA columns:
# 245-256
name=unknown_H
#
# <colnr> <probs for GDERKNQSTAVLIFYWHMCP>
#	G	D	E	R	K	N	Q	S	T	A	V	L	I	F	Y	W	H	M	C	P
0	0.01815	0.01724	0.03133	0.13693	0.33537	0.01749	0.15171	0.02251	0.01741	0.02404	0.01665	0.02482	0.01428	0.01038	0.01117	0.08738	0.01028	0.03818	0.00409	0.01056
1	0.01696	0.01615	0.02790	0.52368	0.11381	0.01877	0.09256	0.05028	0.01780	0.02332	0.01497	0.02141	0.01133	0.00795	0.00827	0.00267	0.01094	0.00749	0.00391	0.00984
2	0.01447	0.01299	0.02126	0.44400	0.10322	0.01515	0.01894	0.01884	0.01643	0.02149	0.02276	0.17660	0.02244	0.01263	0.00877	0.00286	0.00917	0.04446	0.00473	0.00877
3	0.01553	0.03731	0.58239	0.02143	0.03196	0.01726	0.02693	0.02405	0.01751	0.02596	0.06783	0.05977	0.01803	0.00942	0.00801	0.00261	0.01093	0.00765	0.00410	0.01134
4	0.01676	0.01669	0.03214	0.29541	0.07968	0.01755	0.26628	0.02209	0.01733	0.02340	0.01764	0.06347	0.01469	0.00934	0.00953	0.02882	0.01107	0.00912	0.03938	0.00961
5	0.10793	0.09330	0.47691	0.02351	0.09423	0.01992	0.02558	0.02528	0.01681	0.02651	0.01396	0.01661	0.01037	0.00758	0.00721	0.00248	0.01079	0.00579	0.00368	0.01156
6	0.05208	0.03055	0.38342	0.02590	0.13638	0.01780	0.05533	0.02626	0.04846	0.06104	0.04736	0.02364	0.01638	0.00882	0.00800	0.00260	0.01034	0.02933	0.00462	0.01171
7	0.01666	0.03581	0.50118	0.02488	0.03552	0.01863	0.16143	0.02522	0.01788	0.02612	0.04868	0.02045	0.01419	0.00798	0.00822	0.00261	0.01194	0.00723	0.00386	0.01154
8	0.01727	0.01565	0.05462	0.32464	0.10393	0.01627	0.01911	0.07076	0.03869	0.04937	0.04090	0.07062	0.02211	0.01182	0.00876	0.00284	0.00924	0.10819	0.00538	0.00982
9	0.01611	0.01526	0.02622	0.53640	0.14319	0.01793	0.05197	0.02142	0.01681	0.02200	0.01598	0.02468	0.01287	0.00859	0.00832	0.00271	0.01062	0.03546	0.00387	0.00960
10	0.01821	0.01684	0.02824	0.24641	0.42345	0.01796	0.02263	0.02313	0.01766	0.02502	0.01590	0.02138	0.01286	0.00768	0.00787	0.00246	0.00954	0.00725	0.06428	0.01124
11	0.01842	0.01812	0.02822	0.35732	0.33440	0.05850	0.02321	0.02335	0.01767	0.02334	0.01470	0.02050	0.01173	0.00772	0.00803	0.00253	0.01050	0.00710	0.00383	0.01081

[dist]
# distance from previous block
# <min> <max>
0	5

[block]
# block no. 8 follows, 23 sequences, length 32
# corresponding to MSA columns:
# 262-293
name=unknown_I
#
# <colnr> <probs for GDERKNQSTAVLIFYWHMCP>
#	G	D	E	R	K	N	Q	S	T	A	V	L	I	F	Y	W	H	M	C	P
0	0.01647	0.01597	0.02817	0.52453	0.14965	0.01849	0.08754	0.02194	0.01689	0.02219	0.01476	0.02142	0.01129	0.00784	0.00825	0.00266	0.01093	0.00746	0.00372	0.00982
1	0.01862	0.02582	0.17394	0.03285	0.07679	0.02011	0.47674	0.02587	0.01870	0.02596	0.01597	0.02082	0.01193	0.00704	0.00911	0.00268	0.01310	0.00871	0.00396	0.01127
2	0.01652	0.04025	0.61919	0.02408	0.03574	0.01899	0.08185	0.02572	0.01730	0.02572	0.01472	0.01754	0.01045	0.00763	0.00787	0.00258	0.01214	0.00630	0.00348	0.01190
3	0.01676	0.07377	0.60500	0.02422	0.07079	0.01952	0.02890	0.02558	0.01718	0.02542	0.01444	0.01710	0.01043	0.00764	0.00761	0.00252	0.01169	0.00599	0.00346	0.01196
4	0.01198	0.00902	0.01293	0.07254	0.03876	0.00909	0.01150	0.01487	0.01730	0.02292	0.07484	0.35735	0.04730	0.02171	0.01037	0.00334	0.00639	0.24325	0.00714	0.00740
5	0.01085	0.00803	0.01019	0.01062	0.01227	0.00737	0.00788	0.01367	0.01966	0.02653	0.32477	0.25029	0.17030	0.02035	0.00995	0.00291	0.00448	0.07453	0.00815	0.00719
6	0.01915	0.02189	0.04788	0.03420	0.04241	0.02052	0.63475	0.02599	0.01915	0.02599	0.01642	0.02189	0.01231	0.00684	0.00958	0.00274	0.01368	0.00958	0.00410	0.01094
7	0.01885	0.02096	0.04401	0.08262	0.07816	0.02051	0.52037	0.02518	0.01852	0.02528	0.01588	0.02153	0.01214	0.00737	0.01033	0.00276	0.05155	0.00913	0.00403	0.01080
8	0.01673	0.07876	0.60478	0.02319	0.03470	0.01967	0.06084	0.02563	0.01720	0.02534	0.01448	0.01715	0.01039	0.00762	0.00767	0.00253	0.01190	0.00609	0.00346	0.01185
9	0.01235	0.00895	0.01210	0.01339	0.01527	0.00870	0.01130	0.01584	0.01921	0.02527	0.14891	0.11711	0.10470	0.02144	0.01075	0.00343	0.00644	0.42971	0.00772	0.00740
10	0.01134	0.00835	0.01068	0.01052	0.01247	0.00769	0.00805	0.01482	0.02158	0.02971	0.48861	0.09488	0.14931	0.01814	0.00979	0.00274	0.00431	0.08101	0.00853	0.00748
11	0.01595	0.01526	0.02640	0.60210	0.10820	0.01828	0.05692	0.02139	0.01658	0.02153	0.01461	0.02151	0.01108	0.00796	0.00819	0.00268	0.01087	0.00734	0.00367	0.00946
12	0.01016	0.00726	0.00973	0.01161	0.01220	0.00683	0.00801	0.01177	0.01580	0.02102	0.04457	0.65653	0.05307	0.02516	0.01043	0.00333	0.00494	0.07337	0.00753	0.00667
13	0.01549	0.01475	0.02537	0.66624	0.05529	0.01814	0.04947	0.02096	0.01635	0.02096	0.01451	0.02164	0.01088	0.00806	0.00818	0.00271	0.01094	0.00732	0.00363	0.00910
14	0.01578	0.01492	0.02499	0.61908	0.09878	0.01841	0.02250	0.02098	0.01622	0.02110	0.01432	0.02135	0.01096	0.00831	0.00891	0.00272	0.04053	0.00721	0.00363	0.00929
15	0.01747	0.07839	0.26224	0.02626	0.03464	0.01981	0.29387	0.02420	0.01761	0.02462	0.01751	0.07772	0.01489	0.00909	0.00951	0.00269	0.04564	0.00896	0.00408	0.01080
16	0.01359	0.01040	0.01495	0.12532	0.02309	0.01108	0.01433	0.01832	0.04541	0.02395	0.03798	0.10786	0.04027	0.01975	0.01054	0.00350	0.00783	0.45704	0.00688	0.00791
17	0.01813	0.07480	0.56980	0.02240	0.03358	0.01910	0.04928	0.02664	0.01761	0.07236	0.01573	0.01785	0.01107	0.00781	0.00768	0.00253	0.01151	0.00619	0.00394	0.01200
18	0.01785	0.07257	0.57192	0.02274	0.03396	0.01918	0.05934	0.02644	0.01756	0.06254	0.01550	0.01778	0.01096	0.00776	0.00771	0.00253	0.01162	0.00622	0.00385	0.01197
19	0.01812	0.01739	0.03034	0.37625	0.22012	0.01917	0.11696	0.05825	0.01856	0.02489	0.01525	0.02112	0.01178	0.00777	0.00832	0.00261	0.01082	0.00759	0.00406	0.01065
20	0.01659	0.01571	0.02663	0.52353	0.21779	0.01836	0.02316	0.02184	0.01682	0.02227	0.01465	0.02122	0.01136	0.00788	0.00809	0.00263	0.01050	0.00722	0.00371	0.01004
21	0.20015	0.02003	0.01840	0.06102	0.02251	0.13450	0.01269	0.14797	0.05494	0.15111	0.01965	0.02139	0.01461	0.04024	0.00863	0.00265	0.00865	0.00672	0.04335	0.01080
22	0.01147	0.00895	0.01318	0.06172	0.01723	0.00872	0.04167	0.01425	0.01772	0.02372	0.15650	0.38909	0.08141	0.02094	0.01009	0.00312	0.00580	0.09979	0.00732	0.00732
23	0.05151	0.03704	0.54477	0.02334	0.05371	0.01841	0.05711	0.02661	0.01757	0.07321	0.01580	0.01805	0.01111	0.00781	0.00772	0.00257	0.01137	0.00630	0.00403	0.01196
24	0.07379	0.02054	0.04130	0.07029	0.06634	0.02052	0.47495	0.02494	0.01799	0.02592	0.01539	0.02081	0.01185	0.00761	0.01054	0.00277	0.07103	0.00875	0.00409	0.01058
25	0.01225	0.00878	0.01216	0.10956	0.01847	0.00898	0.00977	0.01481	0.03425	0.04757	0.03766	0.49955	0.04295	0.08796	0.01285	0.00360	0.00603	0.01868	0.00684	0.00726
26	0.02715	0.01166	0.01576	0.01302	0.01754	0.01025	0.01036	0.03026	0.02228	0.43641	0.19042	0.11373	0.03804	0.01344	0.00876	0.00261	0.00588	0.01149	0.00948	0.01145
27	0.01532	0.01442	0.02434	0.69533	0.05589	0.01803	0.02253	0.02073	0.01622	0.02073	0.01442	0.02163	0.01082	0.00811	0.00811	0.00270	0.01082	0.00721	0.00361	0.00901
28	0.01895	0.02070	0.03911	0.07136	0.12414	0.05548	0.40127	0.02461	0.01828	0.02453	0.01613	0.02190	0.01281	0.01201	0.06764	0.00357	0.04412	0.00870	0.00406	0.01060
29	0.01554	0.01353	0.02122	0.37711	0.10178	0.01547	0.01898	0.04630	0.01820	0.02367	0.02620	0.04373	0.05524	0.01272	0.00904	0.00295	0.00934	0.17479	0.00512	0.00906
30	0.01725	0.09693	0.52678	0.02550	0.09739	0.02010	0.05489	0.02551	0.01730	0.02523	0.01443	0.01729	0.01064	0.00756	0.00761	0.00249	0.01155	0.00614	0.00352	0.01190
31	0.01600	0.01511	0.02556	0.60333	0.14259	0.01821	0.02287	0.02133	0.01655	0.02156	0.01454	0.02141	0.01111	0.00799	0.00810	0.00266	0.01065	0.00721	0.00366	0.00956

[dist]
# distance from previous block
# <min> <max>
18	44

[block]
# block no. 9 follows, 23 sequences, length 21
# corresponding to MSA columns:
# 338-358
name=unknown_J
#
# <colnr> <probs for GDERKNQSTAVLIFYWHMCP>
#	G	D	E	R	K	N	Q	S	T	A	V	L	I	F	Y	W	H	M	C	P
0	0.05343	0.01984	0.08750	0.02559	0.08804	0.01843	0.21736	0.07924	0.06438	0.02803	0.02225	0.10419	0.02041	0.01158	0.01055	0.00287	0.07081	0.05960	0.00535	0.01055
1	0.02041	0.29242	0.16907	0.05447	0.06684	0.11050	0.05619	0.02492	0.01778	0.02216	0.04126	0.01788	0.01359	0.00823	0.00812	0.00226	0.05344	0.00607	0.00388	0.01051
2	0.01999	0.05372	0.06415	0.09774	0.11784	0.05238	0.06743	0.02938	0.18773	0.08360	0.05322	0.02958	0.05969	0.03666	0.00947	0.00276	0.00870	0.00881	0.00606	0.01110
3	0.02067	0.05278	0.26102	0.02706	0.10234	0.04483	0.18168	0.09521	0.02092	0.06220	0.04146	0.02095	0.01458	0.00813	0.00827	0.00253	0.01123	0.00757	0.00479	0.01179
4	0.01607	0.01739	0.06212	0.26266	0.07210	0.01743	0.21469	0.02121	0.01696	0.02287	0.01995	0.13637	0.01853	0.01092	0.01007	0.00284	0.05328	0.01055	0.00443	0.00956
5	0.01535	0.01416	0.02504	0.05390	0.02585	0.01393	0.22414	0.05665	0.01820	0.02490	0.02898	0.32354	0.03069	0.01556	0.01010	0.00290	0.03302	0.01490	0.03035	0.03784
6	0.01476	0.01354	0.02190	0.08835	0.02408	0.01599	0.10695	0.01788	0.01461	0.02093	0.02093	0.13180	0.02094	0.05178	0.16747	0.00555	0.20974	0.01054	0.03401	0.00827
7	0.01748	0.01710	0.03028	0.21770	0.20495	0.01796	0.17274	0.02448	0.07971	0.02544	0.05101	0.06657	0.01901	0.00934	0.00868	0.00267	0.01006	0.00935	0.00480	0.01066
8	0.01563	0.03089	0.42190	0.02385	0.08084	0.01651	0.07806	0.02284	0.01726	0.02492	0.02129	0.13124	0.01975	0.01129	0.00853	0.00276	0.01053	0.04666	0.00443	0.01084
9	0.01832	0.02316	0.12914	0.06776	0.14616	0.01929	0.38387	0.02495	0.01880	0.02611	0.04872	0.02288	0.01533	0.00759	0.00898	0.00265	0.01211	0.00882	0.00422	0.01115
10	0.01971	0.02433	0.13055	0.03594	0.29250	0.08153	0.18452	0.02510	0.01855	0.02501	0.01620	0.02248	0.01342	0.00877	0.00945	0.03507	0.01134	0.03014	0.00408	0.01129
11	0.01551	0.00969	0.01138	0.01058	0.01374	0.00867	0.00817	0.01914	0.05204	0.14316	0.16039	0.10693	0.35070	0.01790	0.00937	0.00274	0.00487	0.03820	0.00826	0.00857
12	0.01700	0.02775	0.28183	0.02718	0.03589	0.01821	0.32281	0.02423	0.01806	0.02536	0.01929	0.08031	0.01656	0.00944	0.00900	0.00277	0.01200	0.03721	0.00429	0.01082
13	0.02794	0.01451	0.01805	0.04019	0.02123	0.01437	0.01213	0.06286	0.18959	0.37172	0.07697	0.03265	0.05807	0.01121	0.00835	0.00259	0.00665	0.00927	0.00903	0.01258
14	0.01572	0.01416	0.02321	0.18364	0.26801	0.01482	0.03715	0.01974	0.01723	0.02329	0.02628	0.13337	0.05176	0.04949	0.01063	0.00308	0.00872	0.08498	0.00506	0.00966
15	0.04332	0.00948	0.01121	0.01050	0.01323	0.00882	0.00796	0.01814	0.05267	0.09330	0.32408	0.11264	0.22971	0.01715	0.00925	0.00267	0.00452	0.01473	0.00835	0.00827
16	0.01876	0.05439	0.02791	0.02208	0.02410	0.08183	0.10587	0.02143	0.01459	0.02041	0.01260	0.01901	0.01166	0.01613	0.07576	0.00400	0.44928	0.00729	0.00375	0.00916
17	0.01208	0.00912	0.01159	0.01281	0.01485	0.00882	0.01059	0.01592	0.04520	0.02365	0.05305	0.15961	0.20782	0.02180	0.01055	0.00338	0.00621	0.35800	0.00753	0.00743
18	0.02085	0.02015	0.01924	0.07141	0.02268	0.17786	0.01378	0.14972	0.02218	0.02746	0.06281	0.20591	0.02692	0.01452	0.01115	0.00276	0.10374	0.01145	0.00607	0.00936
19	0.02854	0.06709	0.02465	0.05668	0.06595	0.54448	0.01650	0.06106	0.02282	0.02184	0.01309	0.01549	0.01078	0.00828	0.00734	0.00214	0.01357	0.00551	0.00430	0.00986
20	0.01004	0.00713	0.00937	0.01110	0.01153	0.00670	0.00732	0.01134	0.01523	0.02030	0.04313	0.65513	0.05166	0.08257	0.01292	0.00367	0.00497	0.02213	0.00732	0.00645

[dist]
# distance from previous block
# <min> <max>
0	25

[block]
# block no. 10 follows, 23 sequences, length 48
# corresponding to MSA columns:
# 384-431
name=unknown_K
#
# <colnr> <probs for GDERKNQSTAVLIFYWHMCP>
#	G	D	E	R	K	N	Q	S	T	A	V	L	I	F	Y	W	H	M	C	P
0	0.01952	0.01996	0.03777	0.07599	0.41584	0.01965	0.23911	0.02508	0.01860	0.02604	0.01563	0.02079	0.01256	0.00714	0.00858	0.00254	0.01112	0.00805	0.00403	0.01199
1	0.01515	0.00840	0.00960	0.09127	0.01510	0.00884	0.00772	0.01913	0.01692	0.02909	0.02500	0.02920	0.01958	0.00929	0.00597	0.00199	0.00464	0.00752	0.66783	0.00774
2	0.01036	0.00744	0.00993	0.01175	0.01250	0.00701	0.00832	0.01214	0.01611	0.02129	0.04572	0.59486	0.07310	0.02480	0.01046	0.00334	0.00511	0.11148	0.00752	0.00673
3	0.01868	0.02050	0.04013	0.02986	0.03531	0.02198	0.42722	0.02382	0.01689	0.02382	0.01448	0.02050	0.01175	0.00932	0.01531	0.00301	0.24451	0.00874	0.00392	0.01025
4	0.01683	0.01596	0.02706	0.49089	0.24854	0.01842	0.02328	0.02205	0.01694	0.02256	0.01469	0.02114	0.01146	0.00783	0.00809	0.00261	0.01044	0.00722	0.00374	0.01023
5	0.01749	0.01737	0.02436	0.02096	0.02102	0.02424	0.01743	0.01932	0.01245	0.01950	0.01112	0.01834	0.01106	0.01616	0.05415	0.00395	0.67153	0.00717	0.00358	0.00881
6	0.01164	0.00780	0.00890	0.00906	0.00910	0.00776	0.00514	0.01176	0.01212	0.01616	0.02721	0.10951	0.03158	0.65559	0.03864	0.00747	0.00760	0.01277	0.00514	0.00506
7	0.02946	0.02204	0.02357	0.01839	0.02464	0.02452	0.01509	0.55992	0.11765	0.04890	0.02124	0.02088	0.01523	0.00991	0.00814	0.00248	0.00860	0.00755	0.00814	0.01367
8	0.45144	0.01487	0.01491	0.04899	0.01948	0.01602	0.01061	0.02892	0.04376	0.22619	0.04131	0.02036	0.01534	0.00878	0.00643	0.00253	0.00663	0.00624	0.00673	0.01044
9	0.01409	0.00705	0.01057	0.01057	0.01057	0.00705	0.00705	0.01057	0.01057	0.01409	0.01409	0.02467	0.01409	0.02819	0.03171	0.76392	0.00705	0.00705	0.00352	0.00352
10	0.01277	0.01027	0.01490	0.05745	0.01733	0.01248	0.01130	0.01524	0.01298	0.01861	0.02019	0.03221	0.01959	0.14504	0.45044	0.01024	0.11861	0.00881	0.00426	0.00726
11	0.02908	0.02165	0.02330	0.01831	0.02442	0.02401	0.01508	0.55499	0.09415	0.04837	0.02176	0.02361	0.01625	0.01041	0.00826	0.00252	0.00863	0.03363	0.00810	0.01344
12	0.01445	0.00895	0.01187	0.01109	0.01344	0.00822	0.00853	0.01806	0.02230	0.10664	0.50963	0.09416	0.06658	0.01670	0.00956	0.00267	0.00449	0.05546	0.00889	0.00831
13	0.01121	0.00819	0.01054	0.01015	0.01201	0.00751	0.00754	0.01471	0.02203	0.03079	0.56699	0.11476	0.11803	0.01760	0.00964	0.00263	0.00392	0.01554	0.00871	0.00751
14	0.01047	0.00728	0.00985	0.01161	0.01218	0.00689	0.00804	0.01179	0.01552	0.02064	0.04258	0.60538	0.05045	0.02531	0.01181	0.05217	0.00513	0.07917	0.00727	0.00648
15	0.02060	0.26585	0.31155	0.04615	0.05960	0.08260	0.02177	0.02636	0.01780	0.05785	0.01425	0.01641	0.01102	0.00763	0.00689	0.00224	0.01068	0.00559	0.00390	0.01126
16	0.01701	0.01696	0.03118	0.43383	0.15717	0.01881	0.16254	0.02265	0.01728	0.02292	0.01502	0.02143	0.01151	0.00767	0.00843	0.00266	0.01127	0.00775	0.00379	0.01011
17	0.05235	0.01544	0.02610	0.55623	0.11323	0.01832	0.06141	0.02163	0.01652	0.02239	0.01448	0.02109	0.01102	0.00792	0.00805	0.00267	0.01067	0.00723	0.00375	0.00951
