[name]
unknown

[dist]
# distance from previous block
# <min> <max>
0	0

[block]
# block no. 0 follows, 21 sequences, length 21
# corresponding to MSA columns:
# 0-20
name=unknown_A
#
# <colnr> <probs for GDERKNQSTAVLIFYWHMCP>
#	G	D	E	R	K	N	Q	S	T	A	V	L	I	F	Y	W	H	M	C	P
0	0.01371	0.00980	0.01371	0.01567	0.01763	0.00980	0.01371	0.01763	0.01959	0.02547	0.04506	0.09599	0.04898	0.02351	0.01175	0.00392	0.00784	0.59056	0.00784	0.00784
1	0.76103	0.01646	0.01251	0.01119	0.01646	0.01909	0.00922	0.02502	0.01448	0.03818	0.01185	0.01382	0.00922	0.00790	0.00527	0.00263	0.00658	0.00461	0.00527	0.00922
2	0.01862	0.01862	0.02607	0.02234	0.02234	0.02607	0.01862	0.02048	0.01303	0.02048	0.01117	0.01862	0.01117	0.01489	0.02793	0.00372	0.68535	0.00745	0.00372	0.00931
3	0.01037	0.00741	0.00987	0.01185	0.01234	0.00691	0.00790	0.01185	0.01629	0.02172	0.04690	0.69537	0.05629	0.02666	0.01086	0.00346	0.00494	0.02419	0.00790	0.00691
4	0.01055	0.00748	0.00982	0.01161	0.01206	0.00704	0.00764	0.01190	0.01593	0.02124	0.04504	0.63589	0.05393	0.08935	0.01388	0.00390	0.00525	0.02309	0.00764	0.00675
5	0.03235	0.02384	0.02554	0.01958	0.02639	0.02639	0.01618	0.61946	0.04001	0.05363	0.02043	0.02043	0.01447	0.01022	0.00851	0.00255	0.00936	0.00766	0.00851	0.01447
6	0.02107	0.02005	0.03322	0.04923	0.59392	0.02030	0.02503	0.02776	0.07221	0.02847	0.01761	0.02198	0.01456	0.00792	0.00845	0.00256	0.00982	0.00776	0.00460	0.01348
7	0.03179	0.04056	0.02412	0.02192	0.02631	0.66676	0.01644	0.03398	0.02412	0.02083	0.01315	0.01535	0.01096	0.00877	0.00767	0.00219	0.01535	0.00548	0.00438	0.00987
8	0.70993	0.01632	0.01302	0.01147	0.01683	0.01863	0.00945	0.02618	0.01518	0.08170	0.01339	0.01489	0.01005	0.00809	0.00550	0.00263	0.00663	0.00489	0.00564	0.00959
9	0.01563	0.01495	0.01481	0.01485	0.01647	0.13538	0.01098	0.01783	0.01641	0.02047	0.02824	0.23924	0.03035	0.06753	0.27914	0.00759	0.04352	0.01325	0.00557	0.00778
10	0.01644	0.01497	0.02394	0.51615	0.04845	0.01896	0.02119	0.02137	0.01649	0.02250	0.01572	0.02293	0.01231	0.00962	0.01123	0.00289	0.11347	0.00758	0.07452	0.00929
11	0.01037	0.00741	0.00987	0.01185	0.01234	0.00691	0.00790	0.01185	0.01629	0.02172	0.04690	0.69537	0.05629	0.02666	0.01086	0.00346	0.00494	0.02419	0.00790	0.00691
12	0.02164	0.02131	0.03398	0.05060	0.61441	0.05499	0.02560	0.02654	0.01963	0.02743	0.01585	0.02076	0.01334	0.00765	0.00838	0.00251	0.01039	0.00747	0.00422	0.01329
13	0.02106	0.02022	0.03454	0.05223	0.64784	0.02022	0.02612	0.02612	0.01938	0.02780	0.01601	0.02106	0.01348	0.00758	0.00842	0.00253	0.01011	0.00758	0.00421	0.01348
14	0.01743	0.01651	0.02797	0.50989	0.21860	0.01926	0.02431	0.02293	0.01766	0.02339	0.01537	0.02225	0.01192	0.00826	0.00849	0.00275	0.01101	0.00757	0.00390	0.01055
15	0.02071	0.01819	0.02141	0.02213	0.11857	0.01980	0.01500	0.03931	0.46129	0.03342	0.02933	0.02835	0.02238	0.01028	0.00833	0.00263	0.00720	0.00874	0.00752	0.10541
16	0.01746	0.01717	0.02993	0.44423	0.11227	0.02030	0.10545	0.02280	0.01718	0.02297	0.01501	0.02205	0.01176	0.00903	0.01115	0.00292	0.09641	0.00789	0.00389	0.01013
17	0.02056	0.01953	0.03230	0.11339	0.53374	0.02017	0.02477	0.02732	0.07197	0.02786	0.01752	0.02215	0.01434	0.00802	0.00845	0.00259	0.00995	0.00776	0.00455	0.01307
18	0.01306	0.01060	0.01536	0.01738	0.07982	0.01005	0.03842	0.01661	0.04946	0.02424	0.06288	0.48789	0.04617	0.02122	0.01011	0.00312	0.00606	0.01938	0.00725	0.06093
19	0.02150	0.01993	0.02632	0.17599	0.03231	0.09080	0.04955	0.02470	0.01666	0.08583	0.01490	0.02050	0.01229	0.01191	0.01835	0.00320	0.35318	0.00751	0.00453	0.01004
20	0.01934	0.01944	0.03051	0.03071	0.17071	0.02424	0.08148	0.02249	0.01524	0.02288	0.01292	0.01963	0.01189	0.01240	0.02155	0.00336	0.45909	0.00774	0.00390	0.01050

[dist]
# distance from previous block
# <min> <max>
1	3

[block]
# block no. 1 follows, 21 sequences, length 22
# corresponding to MSA columns:
# 24-45
name=unknown_B
#
# <colnr> <probs for GDERKNQSTAVLIFYWHMCP>
#	G	D	E	R	K	N	Q	S	T	A	V	L	I	F	Y	W	H	M	C	P
0	0.02077	0.01992	0.03402	0.08883	0.61351	0.02014	0.02597	0.02586	0.01924	0.02745	0.01596	0.02116	0.01336	0.00764	0.00843	0.00255	0.01018	0.00758	0.00419	0.01325
1	0.01899	0.01766	0.02995	0.25505	0.41054	0.01890	0.02400	0.02364	0.01803	0.02491	0.01563	0.02193	0.01287	0.00942	0.01018	0.05490	0.01032	0.00756	0.00404	0.01148
2	0.01607	0.01513	0.02552	0.68047	0.05861	0.01891	0.02363	0.02174	0.01702	0.02174	0.01513	0.02269	0.01134	0.00851	0.00851	0.00284	0.01134	0.00756	0.00378	0.00945
3	0.03120	0.08563	0.02566	0.02123	0.02600	0.57202	0.01629	0.07966	0.02490	0.02336	0.01364	0.01563	0.01124	0.00878	0.00759	0.00220	0.01444	0.00559	0.00466	0.01030
4	0.01586	0.00793	0.00793	0.00793	0.00991	0.00793	0.00595	0.01983	0.01785	0.03173	0.02776	0.03173	0.02181	0.00991	0.00595	0.00198	0.00397	0.00793	0.74817	0.00793
5	0.01224	0.00819	0.00932	0.00945	0.00948	0.00816	0.00534	0.01234	0.01264	0.01685	0.02814	0.09806	0.03262	0.65626	0.04117	0.00793	0.00803	0.01316	0.00534	0.00527
6	0.01037	0.00741	0.00987	0.01185	0.01234	0.00691	0.00790	0.01185	0.01629	0.02172	0.04690	0.69537	0.05629	0.02666	0.01086	0.00346	0.00494	0.02419	0.00790	0.00691
7	0.01907	0.02089	0.04319	0.18738	0.04672	0.02113	0.44729	0.02562	0.01901	0.02562	0.01642	0.02268	0.01246	0.00787	0.01056	0.00290	0.04680	0.00933	0.00415	0.01089
8	0.69005	0.01560	0.01226	0.01125	0.01607	0.01794	0.00909	0.02377	0.01465	0.03663	0.01516	0.07827	0.01367	0.00967	0.00580	0.00271	0.00643	0.00646	0.00552	0.00900
9	0.01765	0.01513	0.01765	0.01260	0.02017	0.01134	0.01008	0.02143	0.01765	0.02773	0.01513	0.01765	0.01260	0.00630	0.00630	0.00126	0.00630	0.00504	0.00504	0.75295
10	0.01586	0.00793	0.00793	0.00793	0.00991	0.00793	0.00595	0.01983	0.01785	0.03173	0.02776	0.03173	0.02181	0.00991	0.00595	0.00198	0.00397	0.00793	0.74817	0.00793
11	0.01371	0.00980	0.01371	0.01567	0.01763	0.00980	0.01371	0.01763	0.01959	0.02547	0.04506	0.09599	0.04898	0.02351	0.01175	0.00392	0.00784	0.59056	0.00784	0.00784
12	0.01037	0.00741	0.00987	0.01185	0.01234	0.00691	0.00790	0.01185	0.01629	0.02172	0.04690	0.69537	0.05629	0.02666	0.01086	0.00346	0.00494	0.02419	0.00790	0.00691
13	0.01586	0.00793	0.00793	0.00793	0.00991	0.00793	0.00595	0.01983	0.01785	0.03173	0.02776	0.03173	0.02181	0.00991	0.00595	0.00198	0.00397	0.00793	0.74817	0.00793
14	0.01238	0.00825	0.00928	0.00928	0.00928	0.00825	0.00516	0.01238	0.01238	0.01650	0.02681	0.05569	0.03094	0.70092	0.04331	0.00825	0.00825	0.01238	0.00516	0.00516
15	0.01026	0.00853	0.00873	0.00883	0.01136	0.00726	0.00643	0.01221	0.01869	0.02241	0.07958	0.10998	0.56700	0.07549	0.01273	0.00333	0.00465	0.01783	0.00769	0.00701
16	0.01150	0.00868	0.01062	0.01013	0.01238	0.00780	0.00760	0.01500	0.02280	0.03107	0.49045	0.06860	0.23510	0.01854	0.01004	0.00273	0.00410	0.01610	0.00897	0.00780
17	0.01816	0.01799	0.02597	0.14077	0.02887	0.02478	0.01952	0.02071	0.01375	0.02071	0.01188	0.01935	0.01120	0.01375	0.02443	0.00356	0.56406	0.00747	0.00373	0.00934
18	0.28213	0.02213	0.02100	0.01682	0.02298	0.05541	0.01380	0.38685	0.03048	0.04672	0.01713	0.01792	0.01250	0.00935	0.00736	0.00256	0.00871	0.00651	0.00720	0.01244
19	0.03087	0.03382	0.02401	0.02083	0.02591	0.42949	0.01607	0.19248	0.08978	0.03114	0.01728	0.01837	0.01342	0.00944	0.00800	0.00236	0.01287	0.00648	0.00593	0.01147
20	0.03158	0.02558	0.02540	0.02000	0.02617	0.10336	0.01633	0.51850	0.03672	0.04800	0.01908	0.01973	0.01388	0.01028	0.00940	0.00257	0.04459	0.00739	0.00777	0.01366
21	0.18330	0.07147	0.11895	0.05344	0.02655	0.02305	0.01684	0.23228	0.12703	0.03919	0.01928	0.02017	0.01428	0.00932	0.00756	0.00261	0.00891	0.00690	0.00650	0.01237

[dist]
# distance from previous block
# <min> <max>
4	45

[block]
# block no. 2 follows, 21 sequences, length 30
# corresponding to MSA columns:
# 94-103,105-124
name=unknown_C
#
# <colnr> <probs for GDERKNQSTAVLIFYWHMCP>
#	G	D	E	R	K	N	Q	S	T	A	V	L	I	F	Y	W	H	M	C	P
0	0.03636	0.01607	0.02057	0.01591	0.02243	0.01503	0.01310	0.12617	0.06144	0.53065	0.03171	0.02788	0.02038	0.01054	0.00856	0.00264	0.00752	0.00849	0.01013	0.01442
1	0.03389	0.01794	0.10137	0.01605	0.02313	0.01317	0.01468	0.03807	0.02352	0.53571	0.06785	0.02963	0.02330	0.01063	0.00859	0.00264	0.00774	0.00868	0.00957	0.01385
2	0.02916	0.02050	0.02211	0.01752	0.02344	0.02249	0.01429	0.43331	0.11182	0.08543	0.02400	0.02386	0.01729	0.01037	0.00820	0.00253	0.00820	0.00800	0.10400	0.01350
3	0.01988	0.01901	0.03240	0.20165	0.50770	0.01991	0.02553	0.02508	0.01882	0.02636	0.01580	0.02145	0.01297	0.00780	0.00844	0.00260	0.01040	0.00758	0.00411	0.01252
4	0.01332	0.00957	0.01186	0.01269	0.01397	0.00950	0.00880	0.09021	0.01912	0.02552	0.04229	0.57000	0.04938	0.06498	0.01251	0.00363	0.00571	0.02135	0.00781	0.00778
5	0.03619	0.10363	0.02295	0.01507	0.02174	0.01524	0.01277	0.03941	0.02345	0.57204	0.03077	0.02699	0.01976	0.01011	0.00816	0.00253	0.00748	0.00804	0.00964	0.01402
6	0.08931	0.03881	0.51460	0.02242	0.03356	0.02055	0.02738	0.10315	0.02048	0.03145	0.01561	0.01789	0.01111	0.00834	0.00787	0.00267	0.01160	0.00631	0.00439	0.01250
7	0.11226	0.01552	0.02388	0.55225	0.05087	0.01939	0.02146	0.02208	0.01644	0.02378	0.01445	0.02129	0.01106	0.00884	0.00933	0.00287	0.05368	0.00717	0.00397	0.00941
8	0.01193	0.00890	0.01319	0.01344	0.01483	0.01016	0.01028	0.01476	0.01401	0.02001	0.02590	0.11876	0.02579	0.05903	0.58259	0.01236	0.02049	0.01106	0.00499	0.00751
9	0.03310	0.01466	0.01904	0.01540	0.02100	0.01304	0.01229	0.03727	0.06242	0.48177	0.15126	0.03762	0.03394	0.01289	0.00948	0.00294	0.00710	0.01037	0.01057	0.01384
10	0.02906	0.01842	0.02268	0.02157	0.10353	0.01927	0.01534	0.15989	0.23102	0.24191	0.02896	0.02712	0.02038	0.01043	0.00857	0.00269	0.00788	0.00860	0.00867	0.01401
11	0.01033	0.00755	0.00972	0.01146	0.01224	0.00695	0.00772	0.01189	0.01667	0.02188	0.05170	0.62052	0.12804	0.02604	0.01076	0.00339	0.00486	0.02343	0.00790	0.00695
12	0.07728	0.01843	0.02132	0.01677	0.02313	0.01896	0.01374	0.24742	0.10684	0.32370	0.02771	0.02536	0.01863	0.01039	0.00836	0.00264	0.00790	0.00814	0.00926	0.01403
13	0.03173	0.02353	0.02519	0.01945	0.02615	0.02610	0.01602	0.58751	0.07298	0.05263	0.02122	0.02106	0.01511	0.01029	0.00852	0.00257	0.00922	0.00777	0.00852	0.01442
14	0.01853	0.01565	0.01812	0.01302	0.02054	0.01225	0.01045	0.05730	0.01899	0.02928	0.01544	0.01781	0.01272	0.00654	0.00643	0.00134	0.00649	0.00520	0.00525	0.70866
15	0.01707	0.04402	0.65683	0.02426	0.03683	0.01976	0.03144	0.02695	0.01797	0.02695	0.01527	0.01797	0.01078	0.00809	0.00809	0.00270	0.01258	0.00629	0.00359	0.01258
16	0.02235	0.65970	0.08745	0.01524	0.02289	0.03270	0.01574	0.02559	0.01734	0.02051	0.01207	0.01395	0.01091	0.00734	0.00564	0.00188	0.00934	0.00467	0.00364	0.01104
17	0.01587	0.00825	0.00871	0.03777	0.01208	0.00842	0.00673	0.01991	0.01781	0.03128	0.02720	0.03133	0.02135	0.00985	0.00606	0.00202	0.00429	0.00792	0.71514	0.00800
18	0.03498	0.01961	0.02292	0.01758	0.02428	0.02012	0.01452	0.35841	0.03294	0.32467	0.02637	0.02429	0.01745	0.01036	0.00853	0.00259	0.00841	0.00807	0.00943	0.01448
19	0.02016	0.01930	0.03291	0.16588	0.54125	0.01998	0.02567	0.02533	0.01895	0.02671	0.01585	0.02136	0.01309	0.00775	0.00844	0.00258	0.01033	0.00758	0.00413	0.01275
20	0.01236	0.00831	0.00959	0.00959	0.00970	0.00842	0.00554	0.01257	0.01247	0.01673	0.02653	0.05413	0.03026	0.65632	0.08699	0.00863	0.00927	0.01215	0.00511	0.00533
21	0.01081	0.00787	0.01034	0.01189	0.01281	0.00718	0.00803	0.01242	0.01637	0.02208	0.04500	0.65465	0.05366	0.02544	0.01059	0.00332	0.00502	0.02304	0.00773	0.05173
22	0.01037	0.00741	0.00987	0.01185	0.01234	0.00691	0.00790	0.01185	0.01629	0.02172	0.04690	0.69537	0.05629	0.02666	0.01086	0.00346	0.00494	0.02419	0.00790	0.00691
23	0.03235	0.02384	0.02554	0.01958	0.02639	0.02639	0.01618	0.61946	0.04001	0.05363	0.02043	0.02043	0.01447	0.01022	0.00851	0.00255	0.00936	0.00766	0.00851	0.01447
24	0.01879	0.01678	0.02306	0.01654	0.02422	0.01369	0.10353	0.05342	0.01918	0.02901	0.01572	0.01861	0.01275	0.00664	0.00699	0.00157	0.00770	0.00595	0.00511	0.60076
25	0.10818	0.01557	0.02367	0.42253	0.04460	0.01753	0.04735	0.02491	0.01786	0.10599	0.01721	0.02199	0.01253	0.00843	0.00800	0.00264	0.00992	0.00722	0.00497	0.07889
26	0.01707	0.07964	0.58067	0.02284	0.03444	0.01981	0.02898	0.02617	0.01832	0.02701	0.05510	0.02063	0.01522	0.00863	0.00806	0.00264	0.01183	0.00677	0.00396	0.01219
27	0.01037	0.00741	0.00987	0.01185	0.01234	0.00691	0.00790	0.01185	0.01629	0.02172	0.04690	0.69537	0.05629	0.02666	0.01086	0.00346	0.00494	0.02419	0.00790	0.00691
28	0.13435	0.01554	0.01927	0.01499	0.02142	0.01457	0.01238	0.08838	0.02437	0.52043	0.02955	0.02622	0.01892	0.01015	0.00811	0.00263	0.00733	0.00795	0.00966	0.01378
29	0.01243	0.00896	0.01027	0.00983	0.01255	0.00778	0.00741	0.01527	0.02118	0.06462	0.27113	0.09381	0.39468	0.01966	0.00999	0.00281	0.00441	0.01674	0.00856	0.00790

[dist]
# distance from previous block
# <min> <max>
0	1

[block]
# block no. 3 follows, 21 sequences, length 6
# corresponding to MSA columns:
# 126-131
name=unknown_D
#
# <colnr> <probs for GDERKNQSTAVLIFYWHMCP>
#	G	D	E	R	K	N	Q	S	T	A	V	L	I	F	Y	W	H	M	C	P
0	0.01408	0.00739	0.01089	0.01121	0.01129	0.00732	0.00747	0.01121	0.01191	0.01588	0.01987	0.13185	0.02135	0.02910	0.02971	0.63384	0.00700	0.01005	0.00436	0.00420
1	0.01707	0.04402	0.65683	0.02426	0.03683	0.01976	0.03144	0.02695	0.01797	0.02695	0.01527	0.01797	0.01078	0.00809	0.00809	0.00270	0.01258	0.00629	0.00359	0.01258
2	0.58519	0.12495	0.01723	0.01147	0.01679	0.02052	0.00980	0.02468	0.01519	0.03480	0.01311	0.01521	0.01048	0.00796	0.00535	0.00245	0.00677	0.00486	0.06380	0.00938
3	0.01989	0.02167	0.04397	0.03169	0.03988	0.02031	0.49853	0.02800	0.06826	0.02797	0.01835	0.02303	0.01391	0.00742	0.00950	0.00268	0.01281	0.00943	0.00473	0.09795
4	0.68285	0.01665	0.01322	0.01184	0.01706	0.01931	0.00967	0.02715	0.07978	0.03791	0.01426	0.01572	0.01099	0.00828	0.00562	0.00266	0.00660	0.00514	0.00562	0.00967
5	0.01697	0.01604	0.02715	0.56726	0.16479	0.01914	0.02408	0.02253	0.01744	0.02284	0.01528	0.02240	0.01173	0.00834	0.00849	0.00278	0.01112	0.00757	0.00386	0.01018

[dist]
# distance from previous block
# <min> <max>
0	1

[block]
# block no. 4 follows, 21 sequences, length 18
# corresponding to MSA columns:
# 133-150
name=unknown_E
#
# <colnr> <probs for GDERKNQSTAVLIFYWHMCP>
#	G	D	E	R	K	N	Q	S	T	A	V	L	I	F	Y	W	H	M	C	P
0	0.13711	0.02278	0.02367	0.01837	0.02496	0.02534	0.01517	0.53400	0.03634	0.05141	0.01920	0.01948	0.01372	0.00988	0.00805	0.00257	0.00896	0.00722	0.00805	0.01372
1	0.01035	0.00750	0.00978	0.01161	0.01228	0.00693	0.00779	0.01188	0.01652	0.02182	0.04980	0.65023	0.09956	0.02629	0.01080	0.00341	0.00489	0.02373	0.00790	0.00693
2	0.01037	0.00741	0.00987	0.01185	0.01234	0.00691	0.00790	0.01185	0.01629	0.02172	0.04690	0.69537	0.05629	0.02666	0.01086	0.00346	0.00494	0.02419	0.00790	0.00691
3	0.03235	0.02384	0.02554	0.01958	0.02639	0.02639	0.01618	0.61946	0.04001	0.05363	0.02043	0.02043	0.01447	0.01022	0.00851	0.00255	0.00936	0.00766	0.00851	0.01447
4	0.03488	0.01574	0.02008	0.01569	0.02196	0.01480	0.01286	0.11528	0.07576	0.49840	0.05916	0.02963	0.02325	0.01088	0.00863	0.00265	0.00733	0.00883	0.01007	0.01411
5	0.01204	0.00870	0.01138	0.01071	0.01271	0.00803	0.00803	0.01606	0.02409	0.03413	0.64335	0.06357	0.08030	0.01740	0.01004	0.00268	0.00401	0.01539	0.00937	0.00803
6	0.01765	0.01513	0.01765	0.01260	0.02017	0.01134	0.01008	0.02143	0.01765	0.02773	0.01513	0.01765	0.01260	0.00630	0.00630	0.00126	0.00630	0.00504	0.00504	0.75295
7	0.03706	0.01473	0.01972	0.01528	0.02175	0.01308	0.01257	0.04172	0.06445	0.61297	0.03364	0.02915	0.02139	0.01060	0.00856	0.00265	0.00721	0.00863	0.01041	0.01442
8	0.02035	0.01949	0.03325	0.14198	0.56367	0.02003	0.02576	0.02549	0.01904	0.02694	0.01588	0.02129	0.01317	0.00771	0.00844	0.00257	0.01029	0.00758	0.00415	0.01290
9	0.01051	0.00747	0.00983	0.01167	0.01213	0.00701	0.00771	0.01189	0.01602	0.02136	0.04549	0.65047	0.05451	0.07398	0.01314	0.00379	0.00517	0.02336	0.00771	0.00679
10	0.01006	0.00862	0.00862	0.00862	0.01149	0.00718	0.00647	0.01221	0.01940	0.02299	0.08621	0.08190	0.64438	0.02155	0.01006	0.00287	0.00431	0.01796	0.00790	0.00718
11	0.21291	0.01544	0.01643	0.01238	0.01929	0.01343	0.01000	0.02351	0.01720	0.06621	0.01532	0.01730	0.01220	0.00696	0.00616	0.00170	0.00643	0.00513	0.00541	0.51659
12	0.02291	0.01600	0.02245	0.01628	0.02375	0.01297	0.09069	0.02702	0.01958	0.17819	0.01984	0.02107	0.01468	0.00743	0.00734	0.00180	0.00759	0.00655	0.00626	0.47760
13	0.01781	0.01565	0.01985	0.01418	0.02181	0.01203	0.05105	0.02182	0.01781	0.02770	0.01527	0.01801	0.01263	0.00636	0.00655	0.00137	0.00685	0.00538	0.00499	0.70289
14	0.02563	0.01244	0.01629	0.01330	0.01797	0.01113	0.01062	0.05487	0.02459	0.32886	0.29461	0.04292	0.04585	0.01326	0.00908	0.00258	0.00590	0.01128	0.00966	0.04917
15	0.01048	0.00749	0.00997	0.01177	0.01237	0.00699	0.00791	0.01213	0.01681	0.02254	0.08623	0.65371	0.05787	0.02605	0.01081	0.00340	0.00488	0.02361	0.00800	0.00699
16	0.01238	0.00825	0.00928	0.00928	0.00928	0.00825	0.00516	0.01238	0.01238	0.01650	0.02681	0.05569	0.03094	0.70092	0.04331	0.00825	0.00825	0.01238	0.00516	0.00516
17	0.01625	0.01456	0.02348	0.54716	0.04988	0.01819	0.02113	0.02141	0.01679	0.02283	0.01630	0.02343	0.01257	0.00919	0.00978	0.00281	0.06521	0.00760	0.09216	0.00926

[dist]
# distance from previous block
# <min> <max>
0	22

[block]
# block no. 5 follows, 21 sequences, length 19
# corresponding to MSA columns:
# 173-191
name=unknown_F
#
# <colnr> <probs for GDERKNQSTAVLIFYWHMCP>
#	G	D	E	R	K	N	Q	S	T	A	V	L	I	F	Y	W	H	M	C	P
0	0.10358	0.02169	0.02167	0.01756	0.02342	0.07642	0.01419	0.31888	0.12224	0.12056	0.05644	0.02444	0.01976	0.01049	0.00823	0.00260	0.00864	0.00799	0.00816	0.01306
1	0.05386	0.53464	0.11482	0.01628	0.02384	0.09134	0.01654	0.02644	0.01790	0.02169	0.01237	0.01434	0.01084	0.00754	0.00598	0.00199	0.01000	0.00485	0.00377	0.01095
2	0.01337	0.01069	0.01392	0.01381	0.01550	0.04458	0.01070	0.01641	0.01443	0.02043	0.02255	0.03240	0.02077	0.05819	0.59890	0.01248	0.02144	0.00887	0.04283	0.00773
3	0.02703	0.02015	0.02177	0.01802	0.02377	0.02249	0.01445	0.27116	0.34712	0.09547	0.02895	0.02705	0.02103	0.01094	0.00859	0.00273	0.00781	0.00876	0.00876	0.01395
4	0.01780	0.12962	0.57767	0.02300	0.03489	0.02156	0.02926	0.02676	0.01788	0.02605	0.01483	0.01741	0.01080	0.00798	0.00775	0.00258	0.01213	0.00606	0.00360	0.01236
5	0.01371	0.00980	0.01371	0.01567	0.01763	0.00980	0.01371	0.01763	0.01959	0.02547	0.04506	0.09599	0.04898	0.02351	0.01175	0.00392	0.00784	0.59056	0.00784	0.00784
6	0.01204	0.00870	0.01138	0.01071	0.01271	0.00803	0.00803	0.01606	0.02409	0.03413	0.64335	0.06357	0.08030	0.01740	0.01004	0.00268	0.00401	0.01539	0.00937	0.00803
7	0.01586	0.00793	0.00793	0.00793	0.00991	0.00793	0.00595	0.01983	0.01785	0.03173	0.02776	0.03173	0.02181	0.00991	0.00595	0.00198	0.00397	0.00793	0.74817	0.00793
8	0.02106	0.02022	0.03454	0.05223	0.64784	0.02022	0.02612	0.02612	0.01938	0.02780	0.01601	0.02106	0.01348	0.00758	0.00842	0.00253	0.01011	0.00758	0.00421	0.01348
9	0.01607	0.01513	0.02552	0.68047	0.05861	0.01891	0.02363	0.02174	0.01702	0.02174	0.01513	0.02269	0.01134	0.00851	0.00851	0.00284	0.01134	0.00756	0.00378	0.00945
10	0.02106	0.02022	0.03454	0.05223	0.64784	0.02022	0.02612	0.02612	0.01938	0.02780	0.01601	0.02106	0.01348	0.00758	0.00842	0.00253	0.01011	0.00758	0.00421	0.01348
11	0.01917	0.01112	0.01146	0.01027	0.01322	0.01163	0.00800	0.14003	0.02229	0.03612	0.02629	0.02946	0.02034	0.00998	0.00646	0.00210	0.00505	0.00788	0.59990	0.00924
12	0.28177	0.02003	0.02009	0.01612	0.02225	0.02219	0.01325	0.32133	0.06930	0.10545	0.01972	0.01975	0.01408	0.00954	0.00742	0.00261	0.00803	0.00683	0.00761	0.01261
13	0.06674	0.04218	0.61381	0.02338	0.03547	0.01972	0.02996	0.02682	0.01773	0.02770	0.01504	0.01769	0.01068	0.00807	0.00790	0.00269	0.01218	0.00618	0.00371	0.01235
14	0.01333	0.01025	0.01286	0.01136	0.01466	0.00877	0.00856	0.01695	0.02136	0.03081	0.39799	0.13296	0.05906	0.01562	0.00914	0.00240	0.00475	0.01376	0.00802	0.20737
15	0.01902	0.02079	0.04283	0.19382	0.04676	0.02112	0.43850	0.02553	0.01895	0.02553	0.01637	0.02266	0.01243	0.00792	0.01063	0.00291	0.04992	0.00929	0.00414	0.01086
16	0.01622	0.01513	0.02477	0.61611	0.05491	0.01818	0.02233	0.02171	0.01708	0.02232	0.01513	0.02220	0.01147	0.00830	0.00830	0.00268	0.01086	0.00732	0.00390	0.08110
17	0.01768	0.01014	0.01062	0.00996	0.01249	0.01046	0.00759	0.10426	0.02085	0.03388	0.02856	0.09408	0.02409	0.01157	0.00679	0.00221	0.00483	0.00946	0.57174	0.00876
18	0.07391	0.01751	0.01888	0.01653	0.02168	0.01955	0.01302	0.04322	0.48680	0.14154	0.03292	0.03007	0.02401	0.01113	0.00841	0.00283	0.00681	0.00910	0.00875	0.01336

[dist]
# distance from previous block
# <min> <max>
2	3

[block]
# block no. 6 follows, 21 sequences, length 16
# corresponding to MSA columns:
# 195-210
name=unknown_G
#
# <colnr> <probs for GDERKNQSTAVLIFYWHMCP>
#	G	D	E	R	K	N	Q	S	T	A	V	L	I	F	Y	W	H	M	C	P
0	0.02106	0.02022	0.03454	0.05223	0.64784	0.02022	0.02612	0.02612	0.01938	0.02780	0.01601	0.02106	0.01348	0.00758	0.00842	0.00253	0.01011	0.00758	0.00421	0.01348
1	0.02009	0.02296	0.05022	0.03587	0.04448	0.02152	0.61693	0.02726	0.02009	0.02726	0.01722	0.02296	0.01291	0.00717	0.01004	0.00287	0.01435	0.01004	0.00430	0.01148
2	0.01788	0.01587	0.02074	0.01481	0.02248	0.01231	0.06770	0.02198	0.01788	0.02769	0.01532	0.01815	0.01263	0.00639	0.00666	0.00141	0.00707	0.00552	0.00497	0.68255
3	0.01622	0.01533	0.02556	0.64160	0.05647	0.01933	0.02334	0.02167	0.01678	0.02167	0.01489	0.02245	0.01133	0.00889	0.00966	0.00289	0.05115	0.00756	0.00378	0.00945
4	0.01784	0.00983	0.01004	0.00933	0.01189	0.01014	0.00717	0.09156	0.02050	0.03435	0.02688	0.03038	0.02093	0.00995	0.00626	0.00205	0.00461	0.00790	0.65968	0.00871
5	0.03671	0.01481	0.01971	0.01533	0.02176	0.01326	0.01259	0.04180	0.07695	0.60027	0.03367	0.02921	0.02149	0.01062	0.00857	0.00266	0.00720	0.00865	0.01037	0.01440
6	0.01477	0.01011	0.01123	0.01051	0.01133	0.01042	0.00647	0.08500	0.01568	0.02094	0.02605	0.05147	0.02897	0.61830	0.03915	0.00757	0.00838	0.01181	0.00556	0.00627
7	0.02763	0.01818	0.02822	0.02136	0.02749	0.01815	0.15691	0.08606	0.04433	0.26626	0.02321	0.02410	0.01632	0.00995	0.01158	0.00271	0.11081	0.00833	0.00720	0.09122
8	0.06513	0.02526	0.26501	0.01787	0.02609	0.01507	0.01907	0.03157	0.02132	0.29528	0.10679	0.02852	0.02436	0.01036	0.00840	0.00266	0.00884	0.00838	0.00741	0.01260
9	0.02569	0.01583	0.01901	0.01443	0.02130	0.01383	0.01166	0.06782	0.09477	0.23483	0.02382	0.02320	0.01708	0.00855	0.00746	0.00198	0.00685	0.00690	0.00748	0.37749
10	0.06327	0.30880	0.13076	0.01623	0.02349	0.04726	0.01606	0.02909	0.09217	0.08547	0.05381	0.02115	0.01767	0.00884	0.00694	0.00224	0.00882	0.00651	0.00542	0.05602
11	0.40927	0.08942	0.16888	0.01687	0.02418	0.02033	0.07254	0.02528	0.01658	0.03258	0.04475	0.01813	0.01365	0.00829	0.00663	0.00259	0.00883	0.00605	0.00484	0.01032
12	0.27998	0.08742	0.09345	0.01588	0.02243	0.05809	0.01451	0.15680	0.02294	0.10829	0.05187	0.02033	0.01613	0.00925	0.00710	0.00252	0.00855	0.00657	0.00641	0.01149
13	0.13969	0.01822	0.15030	0.01489	0.01947	0.01352	0.01380	0.02157	0.09187	0.02791	0.06054	0.30286	0.05857	0.01707	0.00899	0.00303	0.00701	0.01465	0.00669	0.00937
14	0.13323	0.11447	0.45173	0.02062	0.03113	0.02086	0.02503	0.02729	0.01771	0.06280	0.01537	0.01745	0.01113	0.00810	0.00738	0.00258	0.01096	0.00596	0.00424	0.01198
15	0.06753	0.17258	0.06162	0.01823	0.02329	0.22637	0.01568	0.02937	0.02019	0.11927	0.05352	0.02049	0.01657	0.01005	0.01034	0.00249	0.10968	0.00663	0.00537	0.01072

[dist]
# distance from previous block
# <min> <max>
2	23

[block]
# block no. 7 follows, 21 sequences, length 7
# corresponding to MSA columns:
# 234-240
name=unknown_H
#
# <colnr> <probs for GDERKNQSTAVLIFYWHMCP>
#	G	D	E	R	K	N	Q	S	T	A	V	L	I	F	Y	W	H	M	C	P
0	0.02780	0.13489	0.02686	0.01816	0.02449	0.09235	0.01507	0.32148	0.13828	0.03988	0.02045	0.02063	0.01545	0.00957	0.00781	0.00237	0.00928	0.00711	0.00709	0.06097
1	0.05719	0.02822	0.29773	0.02205	0.05596	0.01693	0.06739	0.03278	0.02065	0.28297	0.02277	0.02279	0.01518	0.00898	0.00832	0.00267	0.01018	0.00748	0.00657	0.01317
2	0.08845	0.08811	0.02228	0.01621	0.02218	0.02176	0.01323	0.15941	0.29029	0.03680	0.02414	0.02365	0.01837	0.00966	0.00762	0.00242	0.00745	0.00751	0.00724	0.13322
3	0.35705	0.01915	0.02606	0.02018	0.02658	0.02025	0.18890	0.12265	0.02096	0.06438	0.01739	0.02221	0.01360	0.00893	0.00765	0.00275	0.00940	0.03512	0.00587	0.01090
4	0.02076	0.01960	0.02403	0.14491	0.02968	0.06424	0.01768	0.08805	0.11832	0.02721	0.01713	0.02142	0.01405	0.01160	0.01614	0.00301	0.28195	0.00753	0.00518	0.06751
5	0.01545	0.00894	0.00979	0.00993	0.01183	0.00898	0.00727	0.06122	0.01901	0.03039	0.03284	0.22549	0.03138	0.01485	0.00758	0.00246	0.00464	0.01268	0.47716	0.00811
6	0.01644	0.01604	0.02524	0.02146	0.02301	0.01971	0.11270	0.01905	0.01514	0.02195	0.02263	0.21776	0.02468	0.01709	0.02002	0.00351	0.37680	0.01278	0.00504	0.00896

[dist]
# distance from previous block
# <min> <max>
0	2

[block]
# block no. 8 follows, 21 sequences, length 10
# corresponding to MSA columns:
# 244-253
name=unknown_I
#
# <colnr> <probs for GDERKNQSTAVLIFYWHMCP>
#	G	D	E	R	K	N	Q	S	T	A	V	L	I	F	Y	W	H	M	C	P
0	0.01161	0.00920	0.01201	0.05947	0.01606	0.00932	0.00933	0.01393	0.01794	0.02378	0.14988	0.33966	0.17856	0.05006	0.01285	0.00337	0.04948	0.01861	0.00747	0.00742
1	0.01586	0.00793	0.00793	0.00793	0.00991	0.00793	0.00595	0.01983	0.01785	0.03173	0.02776	0.03173	0.02181	0.00991	0.00595	0.00198	0.00397	0.00793	0.74817	0.00793
2	0.01785	0.01580	0.02009	0.01456	0.02175	0.01281	0.04695	0.02172	0.01753	0.02728	0.01502	0.01802	0.01254	0.00685	0.00778	0.00150	0.04616	0.00548	0.00492	0.66539
3	0.01252	0.12485	0.01561	0.01173	0.01383	0.01152	0.00881	0.01449	0.01750	0.02252	0.08981	0.44164	0.14061	0.02196	0.00977	0.00304	0.00547	0.01931	0.00729	0.00771
4	0.01765	0.01513	0.01765	0.01260	0.02017	0.01134	0.01008	0.02143	0.01765	0.02773	0.01513	0.01765	0.01260	0.00630	0.00630	0.00126	0.00630	0.00504	0.00504	0.75295
5	0.03235	0.02384	0.02554	0.01958	0.02639	0.02639	0.01618	0.61946	0.04001	0.05363	0.02043	0.02043	0.01447	0.01022	0.00851	0.00255	0.00936	0.00766	0.00851	0.01447
6	0.03268	0.02195	0.02420	0.01870	0.02536	0.02376	0.01540	0.48923	0.07174	0.15323	0.02346	0.02252	0.01625	0.01035	0.00853	0.00259	0.00886	0.00793	0.00886	0.01442
7	0.03333	0.02227	0.02457	0.01884	0.02561	0.02406	0.01556	0.52253	0.03739	0.15427	0.02264	0.02186	0.01558	0.01027	0.00852	0.00257	0.00901	0.00781	0.00885	0.01447
8	0.02935	0.02111	0.02305	0.01761	0.02429	0.02225	0.01446	0.46027	0.03437	0.07821	0.02057	0.02096	0.01486	0.00956	0.00802	0.00231	0.00847	0.00728	0.04503	0.13799
9	0.03122	0.02149	0.02368	0.01832	0.02497	0.02304	0.01504	0.45065	0.08826	0.13308	0.02314	0.02242	0.01627	0.01012	0.00839	0.00251	0.00864	0.00779	0.00858	0.06240

[dist]
# distance from previous block
# <min> <max>
10	28

[block]
# block no. 9 follows, 21 sequences, length 25
# corresponding to MSA columns:
# 282-306
name=unknown_J
#
# <colnr> <probs for GDERKNQSTAVLIFYWHMCP>
#	G	D	E	R	K	N	Q	S	T	A	V	L	I	F	Y	W	H	M	C	P
0	0.01806	0.06357	0.06224	0.01469	0.01828	0.01398	0.01202	0.09742	0.07316	0.08604	0.03646	0.39292	0.03856	0.01905	0.00957	0.00304	0.00672	0.01669	0.00768	0.00984
1	0.21941	0.01954	0.06100	0.01813	0.02443	0.01895	0.10364	0.16245	0.04782	0.12529	0.02130	0.04341	0.01601	0.00963	0.00773	0.00264	0.00856	0.00790	0.07049	0.01168
2	0.07725	0.01644	0.01588	0.01508	0.01757	0.12322	0.01127	0.01925	0.01721	0.02359	0.02878	0.33298	0.03221	0.01754	0.01161	0.00290	0.10237	0.01434	0.00610	0.11440
3	0.10751	0.07626	0.02655	0.08931	0.02775	0.02246	0.06633	0.15038	0.02145	0.08478	0.01675	0.02030	0.01312	0.01248	0.04001	0.00325	0.16833	0.00723	0.00563	0.04010
4	0.08546	0.08565	0.02239	0.01839	0.07314	0.01791	0.01398	0.11297	0.04770	0.19245	0.08588	0.03430	0.02583	0.01183	0.00914	0.00267	0.03491	0.07241	0.00758	0.04543
5	0.02598	0.31372	0.08358	0.01712	0.02395	0.08013	0.01588	0.17906	0.02428	0.08379	0.01871	0.06405	0.01581	0.00984	0.00728	0.00229	0.00953	0.00726	0.00583	0.01191
6	0.01994	0.01270	0.01542	0.01400	0.01731	0.01255	0.01058	0.15767	0.02396	0.12110	0.11200	0.33682	0.04275	0.01855	0.00970	0.00294	0.00623	0.01624	0.00848	0.04106
7	0.02628	0.07471	0.02205	0.01484	0.02197	0.01658	0.01232	0.14893	0.02388	0.19089	0.02060	0.02075	0.01499	0.00825	0.00725	0.00192	0.00740	0.00643	0.00702	0.35293
8	0.02194	0.05359	0.02863	0.02236	0.02648	0.12542	0.12799	0.07567	0.10743	0.02685	0.02305	0.02601	0.06697	0.01183	0.01451	0.00295	0.21353	0.00870	0.00538	0.01071
9	0.02959	0.02074	0.02273	0.01742	0.02399	0.02185	0.01430	0.44590	0.03402	0.09723	0.02125	0.02150	0.01525	0.00966	0.00803	0.00234	0.00838	0.00738	0.05902	0.11941
10	0.03017	0.02672	0.11563	0.02025	0.02788	0.02545	0.01835	0.53491	0.03687	0.04983	0.01970	0.02008	0.01395	0.00991	0.00845	0.00257	0.00982	0.00747	0.00781	0.01420
11	0.08984	0.29770	0.08317	0.01695	0.02417	0.05192	0.01588	0.21017	0.02498	0.08691	0.01668	0.01749	0.01273	0.00864	0.00695	0.00227	0.00934	0.00604	0.00590	0.01227
12	0.03085	0.02187	0.02389	0.01853	0.02498	0.02367	0.01519	0.51952	0.03662	0.09194	0.02270	0.06105	0.01734	0.01106	0.00857	0.00256	0.00883	0.00860	0.00848	0.04376
13	0.03139	0.02221	0.02425	0.01863	0.02539	0.02396	0.01533	0.50575	0.06086	0.10264	0.02176	0.02143	0.01537	0.01003	0.00837	0.00249	0.00887	0.00764	0.00845	0.06519
14	0.02059	0.01633	0.01843	0.01388	0.02018	0.01468	0.01091	0.17028	0.02251	0.03263	0.01813	0.02377	0.01569	0.10641	0.01214	0.00258	0.00735	0.00675	0.00593	0.46083
15	0.08375	0.01497	0.01567	0.01297	0.01743	0.01584	0.01042	0.23610	0.02588	0.07693	0.02372	0.02554	0.01777	0.00976	0.00698	0.00225	0.00639	0.00749	0.35158	0.03854
16	0.05058	0.00926	0.00919	0.00877	0.01119	0.00953	0.00670	0.05573	0.01901	0.03332	0.02660	0.03024	0.02081	0.00984	0.00607	0.00205	0.00441	0.00777	0.67054	0.00838
17	0.01650	0.01425	0.01448	0.01328	0.01677	0.08806	0.00965	0.01881	0.01774	0.04684	0.03065	0.32651	0.03358	0.05807	0.01086	0.00284	0.00693	0.01433	0.00647	0.25338
18	0.01768	0.01725	0.02227	0.01973	0.02100	0.06846	0.05059	0.04333	0.01640	0.02263	0.02322	0.23015	0.02549	0.01746	0.01921	0.00343	0.35477	0.01269	0.00531	0.00894
19	0.02280	0.02172	0.07606	0.02068	0.02452	0.04680	0.03112	0.11108	0.07112	0.08203	0.01720	0.02072	0.01383	0.01203	0.01762	0.00306	0.33231	0.00748	0.00552	0.06228
20	0.01767	0.01692	0.01783	0.01631	0.01832	0.12753	0.01277	0.02029	0.01589	0.02148	0.01865	0.02681	0.01715	0.06183	0.28677	0.00747	0.16670	0.00790	0.06823	0.05349
21	0.02509	0.35683	0.07077	0.01683	0.02367	0.06687	0.01564	0.21091	0.02540	0.03213	0.06616	0.02019	0.01767	0.00916	0.00708	0.00219	0.00935	0.00656	0.00567	0.01183
22	0.02353	0.59652	0.07335	0.01568	0.02311	0.05027	0.01560	0.07564	0.01943	0.02321	0.01276	0.01449	0.01121	0.00761	0.00591	0.00194	0.00948	0.00493	0.00407	0.01127
23	0.12726	0.05677	0.01564	0.01249	0.01652	0.06042	0.00996	0.05616	0.12210	0.08505	0.02480	0.02618	0.01889	0.00973	0.00673	0.00231	0.00643	0.00740	0.32493	0.01021
24	0.02269	0.02015	0.03613	0.02622	0.03383	0.01893	0.34200	0.11154	0.02274	0.08394	0.01934	0.02274	0.01431	0.00791	0.00883	0.00248	0.01107	0.00861	0.05065	0.13589

[dist]
# distance from previous block
# <min> <max>
0	2

[block]
# block no. 10 follows, 21 sequences, length 146
# corresponding to MSA columns:
# 309-454
name=unknown_K
#
# <colnr> <probs for GDERKNQSTAVLIFYWHMCP>
#	G	D	E	R	K	N	Q	S	T	A	V	L	I	F	Y	W	H	M	C	P
0	0.26917	0.01625	0.01854	0.01502	0.02073	0.01672	0.04403	0.06154	0.10358	0.23584	0.02373	0.02457	0.01721	0.04863	0.00943	0.00293	0.00746	0.00748	0.00753	0.04961
1	0.05873	0.01797	0.02708	0.44359	0.20746	0.05607	0.02309	0.02375	0.01790	0.02416	0.01506	0.02137	0.01176	0.00825	0.00826	0.00271	0.01099	0.00729	0.00401	0.01051
2	0.14266	0.06291	0.02399	0.05355	0.02585	0.05789	0.01504	0.36728	0.03097	0.11052	0.01935	0.01979	0.01381	0.00955	0.00780	0.00253	0.00912	0.00699	0.00747	0.01294
3	0.02729	0.01868	0.02071	0.01666	0.02208	0.01985	0.01334	0.36994	0.06226	0.10645	0.02600	0.10261	0.02164	0.04204	0.01006	0.00283	0.00799	0.00987	0.04923	0.05046
4	0.02146	0.42064	0.27244	0.01822	0.02745	0.02732	0.02077	0.02690	0.01793	0.05704	0.01430	0.01610	0.01142	0.00776	0.00661	0.00219	0.01030	0.00542	0.00400	0.01173
5	0.02626	0.05061	0.01805	0.01348	0.01870	0.01265	0.01093	0.06053	0.02317	0.32561	0.13579	0.07520	0.10206	0.01323	0.00873	0.00255	0.00639	0.01103	0.00894	0.07609
6	0.03122	0.01514	0.01902	0.01533	0.02126	0.01425	0.01252	0.06971	0.12604	0.41863	0.03503	0.03445	0.05105	0.01167	0.00869	0.00268	0.00712	0.04110	0.00953	0.05558
7	0.02201	0.61909	0.12501	0.01583	0.02381	0.03185	0.01678	0.02568	0.01738	0.02093	0.01228	0.01422	0.01090	0.00739	0.00581	0.00194	0.00956	0.00478	0.00363	0.01114
8	0.02038	0.02001	0.02265	0.01976	0.02222	0.08470	0.01592	0.02971	0.21754	0.02581	0.01978	0.02323	0.01653	0.01496	0.04722	0.00362	0.33350	0.00792	0.00551	0.04902
9	0.01711	0.01271	0.01498	0.01401	0.01702	0.01265	0.01037	0.17593	0.02281	0.03098	0.03610	0.43531	0.03998	0.01988	0.00970	0.00296	0.00628	0.01753	0.00773	0.09594
10	0.02906	0.02210	0.02522	0.13000	0.03156	0.02487	0.01728	0.49019	0.06640	0.04738	0.02027	0.02139	0.01454	0.01000	0.00852	0.00262	0.00956	0.00775	0.00773	0.01358
11	0.01006	0.00862	0.00862	0.00862	0.01149	0.00718	0.00647	0.01221	0.01940	0.02299	0.08621	0.08190	0.64438	0.02155	0.01006	0.00287	0.00431	0.01796	0.00790	0.00718
12	0.03179	0.04056	0.02412	0.02192	0.02631	0.66676	0.01644	0.03398	0.02412	0.02083	0.01315	0.01535	0.01096	0.00877	0.00767	0.00219	0.01535	0.00548	0.00438	0.00987
13	0.01852	0.01873	0.02862	0.09024	0.02839	0.02485	0.08366	0.02134	0.01420	0.02134	0.01222	0.01950	0.01138	0.01342	0.02404	0.00354	0.54492	0.00774	0.00379	0.00956
14	0.01037	0.00741	0.00987	0.01185	0.01234	0.00691	0.00790	0.01185	0.01629	0.02172	0.04690	0.69537	0.05629	0.02666	0.01086	0.00346	0.00494	0.02419	0.00790	0.00691
15	0.01765	0.01513	0.01765	0.01260	0.02017	0.01134	0.01008	0.02143	0.01765	0.02773	0.01513	0.01765	0.01260	0.00630	0.00630	0.00126	0.00630	0.00504	0.00504	0.75295
16	0.03235	0.02384	0.02554	0.01958	0.02639	0.02639	0.01618	0.61946	0.04001	0.05363	0.02043	0.02043	0.01447	0.01022	0.00851	0.00255	0.00936	0.00766	0.00851	0.01447
17	0.03235	0.02384	0.02554	0.01958	0.02639	0.02639	0.01618	0.61946	0.04001	0.05363	0.02043	0.02043	0.01447	0.01022	0.00851	0.00255	0.00936	0.00766	0.00851	0.01447
18	0.01006	0.00862	0.00862	0.00862	0.01149	0.00718	0.00647	0.01221	0.01940	0.02299	0.08621	0.08190	0.64438	0.02155	0.01006	0.00287	0.00431	0.01796	0.00790	0.00718
19	0.01037	0.00741	0.00987	0.01185	0.01234	0.00691	0.00790	0.01185	0.01629	0.02172	0.04690	0.69537	0.05629	0.02666	0.01086	0.00346	0.00494	0.02419	0.00790	0.00691
20	0.01037	0.00741	0.00987	0.01185	0.01234	0.00691	0.00790	0.01185	0.01629	0.02172	0.04690	0.69537	0.05629	0.02666	0.01086	0.00346	0.00494	0.02419	0.00790	0.00691
21	0.02106	0.02022	0.03454	0.05223	0.64784	0.02022	0.02612	0.02612	0.01938	0.02780	0.01601	0.02106	0.01348	0.00758	0.00842	0.00253	0.01011	0.00758	0.00421	0.01348
22	0.01184	0.00869	0.01109	0.01049	0.01259	0.00794	0.00787	0.01566	0.02360	0.03297	0.58530	0.06548	0.13906	0.01783	0.01004	0.00270	0.00405	0.01566	0.00922	0.00794
23	0.01114	0.00773	0.00965	0.01086	0.01117	0.00743	0.00684	0.01205	0.01479	0.01971	0.03917	0.44921	0.04653	0.28613	0.02335	0.00530	0.00621	0.01965	0.00684	0.00624
24	0.03235	0.02384	0.02554	0.01958	0.02639	0.02639	0.01618	0.61946	0.04001	0.05363	0.02043	0.02043	0.01447	0.01022	0.00851	0.00255	0.00936	0.00766	0.00851	0.01447
25	0.01862	0.01862	0.02607	0.02234	0.02234	0.02607	0.01862	0.02048	0.01303	0.02048	0.01117	0.01862	0.01117	0.01489	0.02793	0.00372	0.68535	0.00745	0.00372	0.00931
26	0.01037	0.00741	0.00987	0.01185	0.01234	0.00691	0.00790	0.01185	0.01629	0.02172	0.04690	0.69537	0.05629	0.02666	0.01086	0.00346	0.00494	0.02419	0.00790	0.00691
27	0.02547	0.02042	0.02167	0.01819	0.02377	0.02318	0.01451	0.26620	0.40447	0.04254	0.02917	0.02739	0.02155	0.01103	0.00860	0.00276	0.00775	0.00887	0.00860	0.01386
28	0.01204	0.00870	0.01138	0.01071	0.01271	0.00803	0.00803	0.01606	0.02409	0.03413	0.64335	0.06357	0.08030	0.01740	0.01004	0.00268	0.00401	0.01539	0.00937	0.00803
29	0.02084	0.01999	0.03413	0.08080	0.62105	0.02016	0.02600	0.02592	0.01927	0.02753	0.01597	0.02114	0.01338	0.00762	0.00843	0.00254	0.01017	0.00758	0.00419	0.01330
30	0.01707	0.04402	0.65683	0.02426	0.03683	0.01976	0.03144	0.02695	0.01797	0.02695	0.01527	0.01797	0.01078	0.00809	0.00809	0.00270	0.01258	0.00629	0.00359	0.01258
31	0.01607	0.01513	0.02552	0.68047	0.05861	0.01891	0.02363	0.02174	0.01702	0.02174	0.01513	0.02269	0.01134	0.00851	0.00851	0.00284	0.01134	0.00756	0.00378	0.00945
32	0.01586	0.00793	0.00793	0.00793	0.00991	0.00793	0.00595	0.01983	0.01785	0.03173	0.02776	0.03173	0.02181	0.00991	0.00595	0.00198	0.00397	0.00793	0.74817	0.00793
33	0.01037	0.00741	0.00987	0.01185	0.01234	0.00691	0.00790	0.01185	0.01629	0.02172	0.04690	0.69537	0.05629	0.02666	0.01086	0.00346	0.00494	0.02419	0.00790	0.00691
34	0.06339	0.01058	0.01079	0.00981	0.01276	0.01093	0.00763	0.08957	0.02049	0.06518	0.02626	0.02923	0.02019	0.00986	0.00633	0.00212	0.00490	0.00773	0.58316	0.00908
35	0.03517	0.01382	0.01879	0.01463	0.02069	0.01199	0.01199	0.03855	0.02433	0.58242	0.10375	0.03295	0.02788	0.01132	0.00873	0.00264	0.00687	0.00934	0.01040	0.01374
36	0.03235	0.02384	0.02554	0.01958	0.02639	0.02639	0.01618	0.61946	0.04001	0.05363	0.02043	0.02043	0.01447	0.01022	0.00851	0.00255	0.00936	0.00766	0.00851	0.01447
37	0.01037	0.00741	0.00987	0.01185	0.01234	0.00691	0.00790	0.01185	0.01629	0.02172	0.04690	0.69537	0.05629	0.02666	0.01086	0.00346	0.00494	0.02419	0.00790	0.00691
38	0.01204	0.00870	0.01138	0.01071	0.01271	0.00803	0.00803	0.01606	0.02409	0.03413	0.64335	0.06357	0.08030	0.01740	0.01004	0.00268	0.00401	0.01539	0.00937	0.00803
39	0.01586	0.00793	0.00793	0.00793	0.00991	0.00793	0.00595	0.01983	0.01785	0.03173	0.02776	0.03173	0.02181	0.00991	0.00595	0.00198	0.00397	0.00793	0.74817	0.00793
40	0.02076	0.01992	0.03400	0.08980	0.61261	0.02014	0.02597	0.02586	0.01924	0.02744	0.01595	0.02116	0.01335	0.00764	0.00843	0.00255	0.01018	0.00758	0.00419	0.01324
41	0.01216	0.00912	0.01368	0.01368	0.01520	0.01064	0.01064	0.01520	0.01368	0.01976	0.02279	0.03343	0.02127	0.06382	0.66720	0.01368	0.02279	0.00912	0.00456	0.00760
42	0.01478	0.00739	0.01109	0.01109	0.01109	0.00739	0.00739	0.01109	0.01109	0.01478	0.01478	0.02587	0.01478	0.02956	0.03326	0.75240	0.00739	0.00739	0.00370	0.00370
43	0.01607	0.01513	0.02552	0.68047	0.05861	0.01891	0.02363	0.02174	0.01702	0.02174	0.01513	0.02269	0.01134	0.00851	0.00851	0.00284	0.01134	0.00756	0.00378	0.00945
44	0.02275	0.70604	0.04459	0.01456	0.02184	0.03367	0.01456	0.02548	0.01729	0.02002	0.01183	0.01365	0.01092	0.00728	0.00546	0.00182	0.00910	0.00455	0.00364	0.01092
45	0.01037	0.00741	0.00987	0.01185	0.01234	0.00691	0.00790	0.01185	0.01629	0.02172	0.04690	0.69537	0.05629	0.02666	0.01086	0.00346	0.00494	0.02419	0.00790	0.00691
46	0.01586	0.00793	0.00793	0.00793	0.00991	0.00793	0.00595	0.01983	0.01785	0.03173	0.02776	0.03173	0.02181	0.00991	0.00595	0.00198	0.00397	0.00793	0.74817	0.00793
47	0.01037	0.00741	0.00987	0.01185	0.01234	0.00691	0.00790	0.01185	0.01629	0.02172	0.04690	0.69537	0.05629	0.02666	0.01086	0.00346	0.00494	0.02419	0.00790	0.00691
48	0.02275	0.70604	0.04459	0.01456	0.02184	0.03367	0.01456	0.02548	0.01729	0.02002	0.01183	0.01365	0.01092	0.00728	0.00546	0.00182	0.00910	0.00455	0.00364	0.01092
49	0.01238	0.00825	0.00928	0.00928	0.00928	0.00825	0.00516	0.01238	0.01238	0.01650	0.02681	0.05569	0.03094	0.70092	0.04331	0.00825	0.00825	0.01238	0.00516	0.00516
50	0.02009	0.02296	0.05022	0.03587	0.04448	0.02152	0.61693	0.02726	0.02009	0.02726	0.01722	0.02296	0.01291	0.00717	0.01004	0.00287	0.01435	0.01004	0.00430	0.01148
51	0.01238	0.00825	0.00928	0.00928	0.00928	0.00825	0.00516	0.01238	0.01238	0.01650	0.02681	0.05569	0.03094	0.70092	0.04331	0.00825	0.00825	0.01238	0.00516	0.00516
52	0.01478	0.00739	0.01109	0.01109	0.01109	0.00739	0.00739	0.01109	0.01109	0.01478	0.01478	0.02587	0.01478	0.02956	0.03326	0.75240	0.00739	0.00739	0.00370	0.00370
53	0.02106	0.02022	0.03454	0.05223	0.64784	0.02022	0.02612	0.02612	0.01938	0.02780	0.01601	0.02106	0.01348	0.00758	0.00842	0.00253	0.01011	0.00758	0.00421	0.01348
