[name]
unknown

[dist]
# distance from previous block
# <min> <max>
6	79

[block]
# block no. 0 follows, 25 sequences, length 29
# corresponding to MSA columns:
# 80-108
name=unknown_A
#
# <colnr> <probs for GDERKNQSTAVLIFYWHMCP>
#	G	D	E	R	K	N	Q	S	T	A	V	L	I	F	Y	W	H	M	C	P
0	0.01076	0.00759	0.00931	0.00972	0.01049	0.00715	0.00626	0.01192	0.01424	0.01940	0.10738	0.32281	0.04193	0.31919	0.02207	0.00480	0.00574	0.01561	0.00616	0.04747
1	0.01829	0.00996	0.01261	0.01159	0.01429	0.00943	0.00868	0.06393	0.03501	0.19392	0.13455	0.25318	0.06686	0.04348	0.01093	0.04145	0.00538	0.01365	0.04413	0.00869
2	0.01041	0.00704	0.00872	0.00981	0.01049	0.00668	0.00651	0.01192	0.01484	0.02060	0.07070	0.46603	0.06818	0.14687	0.01457	0.00372	0.00487	0.01782	0.09405	0.00618
3	0.02280	0.01474	0.01687	0.01398	0.01830	0.01533	0.01131	0.30151	0.02710	0.12988	0.13421	0.07164	0.05826	0.01247	0.00817	0.00245	0.00653	0.05113	0.07268	0.01065
4	0.01167	0.00743	0.00935	0.01023	0.01128	0.00689	0.00693	0.01311	0.01520	0.06577	0.04199	0.48639	0.10450	0.11888	0.01354	0.00358	0.00496	0.01832	0.04336	0.00662
5	0.01532	0.01100	0.01232	0.05922	0.01546	0.03971	0.00904	0.05694	0.04331	0.02503	0.02298	0.06236	0.02044	0.11042	0.09123	0.00408	0.05476	0.00849	0.33025	0.00764
6	0.01359	0.00902	0.01034	0.00994	0.01122	0.00907	0.00660	0.04711	0.05837	0.05058	0.07492	0.13155	0.06315	0.40191	0.02528	0.00526	0.00641	0.01231	0.04675	0.00661
7	0.42696	0.05090	0.01584	0.08372	0.01999	0.01755	0.01080	0.12331	0.01720	0.03198	0.03066	0.01697	0.01183	0.01023	0.00884	0.09709	0.00700	0.00550	0.00499	0.00863
8	0.01622	0.01197	0.01450	0.01416	0.04336	0.01248	0.01034	0.05874	0.21529	0.07271	0.26913	0.13204	0.04500	0.01443	0.00870	0.00262	0.00533	0.03546	0.00794	0.00958
9	0.08050	0.01646	0.01809	0.01451	0.01966	0.01731	0.01174	0.31460	0.06818	0.14799	0.02291	0.06980	0.01772	0.01006	0.00734	0.00229	0.00691	0.00794	0.08349	0.06249
10	0.01886	0.09291	0.14149	0.04429	0.14444	0.03820	0.06002	0.04227	0.01727	0.06989	0.01750	0.02306	0.01439	0.00996	0.02169	0.00261	0.09481	0.03787	0.09827	0.01022
11	0.06820	0.01433	0.01511	0.01242	0.01658	0.01534	0.01001	0.29246	0.02516	0.08328	0.02193	0.02334	0.01627	0.00908	0.00655	0.00211	0.00607	0.00698	0.34451	0.01027
12	0.01262	0.00980	0.01334	0.03373	0.01508	0.01107	0.00988	0.05219	0.01611	0.02263	0.15049	0.15872	0.03451	0.08104	0.26038	0.00662	0.08697	0.01180	0.00570	0.00733
13	0.01092	0.00780	0.01009	0.01020	0.01101	0.00819	0.00700	0.01237	0.01290	0.01765	0.05864	0.09651	0.06745	0.34065	0.28578	0.00854	0.01196	0.01140	0.00501	0.00591
14	0.02525	0.01749	0.02137	0.05743	0.10305	0.01874	0.01469	0.27657	0.14841	0.15447	0.02392	0.06423	0.01827	0.01011	0.00791	0.00246	0.00767	0.00835	0.00737	0.01224
15	0.00966	0.00785	0.00843	0.00829	0.01061	0.00676	0.00614	0.01189	0.01827	0.02283	0.20428	0.06983	0.51377	0.05424	0.01068	0.00282	0.00405	0.01561	0.00736	0.00662
16	0.01597	0.01378	0.01660	0.06204	0.02091	0.01084	0.01008	0.01954	0.01604	0.02487	0.01378	0.01641	0.01140	0.00589	0.00589	0.00125	0.00608	0.00476	0.00451	0.71936
17	0.00958	0.00693	0.00910	0.01078	0.01144	0.00645	0.00738	0.01108	0.01518	0.02004	0.04504	0.64726	0.09259	0.02384	0.00989	0.00313	0.00459	0.05215	0.00719	0.00636
18	0.01890	0.01848	0.02981	0.14813	0.55558	0.04653	0.02308	0.02348	0.01750	0.02422	0.01435	0.01920	0.01189	0.00708	0.00766	0.00233	0.00958	0.00683	0.00378	0.01158
19	0.01134	0.00891	0.01003	0.01005	0.01249	0.00822	0.00780	0.05872	0.01916	0.02415	0.12139	0.14204	0.40710	0.01931	0.00937	0.00278	0.00478	0.10786	0.00736	0.00716
20	0.01220	0.00943	0.01093	0.01073	0.01137	0.03964	0.00726	0.01327	0.01217	0.01633	0.02215	0.04112	0.02380	0.44597	0.25811	0.00879	0.03668	0.00984	0.00444	0.00577
21	0.02504	0.01657	0.01898	0.01468	0.02074	0.01628	0.01191	0.22315	0.12954	0.18527	0.02204	0.02133	0.01577	0.00851	0.00719	0.00204	0.00687	0.00675	0.00726	0.24010
22	0.68547	0.01433	0.01147	0.01031	0.01490	0.01621	0.00835	0.02175	0.01347	0.03319	0.01327	0.06424	0.01167	0.00836	0.00522	0.00239	0.00588	0.00551	0.00496	0.04904
23	0.11547	0.01923	0.02915	0.03799	0.45266	0.05929	0.07797	0.02384	0.01701	0.02563	0.01375	0.01805	0.01146	0.00744	0.00864	0.00240	0.05826	0.00665	0.00394	0.01117
24	0.06789	0.00898	0.01044	0.01014	0.01134	0.00950	0.00692	0.04694	0.01383	0.01996	0.04567	0.07936	0.05556	0.39161	0.18238	0.00739	0.01006	0.01075	0.00511	0.00618
25	0.06427	0.06942	0.02079	0.01760	0.02135	0.51880	0.01326	0.04675	0.02029	0.02015	0.01363	0.01859	0.01229	0.09837	0.01088	0.00270	0.01229	0.00576	0.00420	0.00860
26	0.02000	0.01356	0.01560	0.01311	0.01656	0.01414	0.01014	0.26870	0.02508	0.07874	0.19098	0.07847	0.05289	0.10007	0.01362	0.05452	0.00652	0.01055	0.00737	0.00938
27	0.02905	0.02151	0.02303	0.01775	0.02388	0.02385	0.01463	0.62763	0.06280	0.04818	0.01916	0.01905	0.01363	0.00936	0.00776	0.00234	0.00843	0.00706	0.00776	0.01315
28	0.02406	0.01550	0.01819	0.03514	0.02033	0.01590	0.01191	0.30042	0.02732	0.16356	0.15546	0.07526	0.02889	0.01142	0.00806	0.00235	0.00677	0.00942	0.00789	0.06218

[dist]
# distance from previous block
# <min> <max>
0	4

[block]
# block no. 1 follows, 25 sequences, length 6
# corresponding to MSA columns:
# 113-118
name=unknown_B
#
# <colnr> <probs for GDERKNQSTAVLIFYWHMCP>
#	G	D	E	R	K	N	Q	S	T	A	V	L	I	F	Y	W	H	M	C	P
0	0.05520	0.21174	0.02981	0.08086	0.02684	0.19225	0.10879	0.08324	0.01919	0.02322	0.01405	0.04417	0.01217	0.00852	0.00821	0.00224	0.05909	0.00651	0.00423	0.00965
1	0.01038	0.00767	0.01059	0.06120	0.01479	0.00751	0.00875	0.01262	0.01643	0.02211	0.15225	0.49504	0.05158	0.02134	0.00969	0.00302	0.00502	0.07615	0.00716	0.00672
2	0.08049	0.01754	0.02099	0.04805	0.02351	0.01898	0.05962	0.25602	0.18903	0.09814	0.06602	0.02434	0.01980	0.00954	0.00771	0.00242	0.00755	0.00786	0.00722	0.03517
3	0.02444	0.01575	0.02046	0.01540	0.02149	0.01469	0.06504	0.18902	0.02376	0.21368	0.07911	0.02374	0.01960	0.00870	0.00742	0.00204	0.00713	0.00732	0.00709	0.23409
4	0.01422	0.00984	0.01211	0.01192	0.01415	0.00954	0.00866	0.06444	0.07609	0.07061	0.10299	0.43841	0.04311	0.01868	0.00903	0.00277	0.00510	0.01663	0.00742	0.06430
5	0.01650	0.01581	0.02703	0.38989	0.15055	0.01810	0.10425	0.04793	0.01680	0.02256	0.01535	0.05097	0.01276	0.00873	0.00951	0.00262	0.06930	0.00786	0.00392	0.00956

[dist]
# distance from previous block
# <min> <max>
2	6

[block]
# block no. 2 follows, 25 sequences, length 109
# corresponding to MSA columns:
# 125-196,199-235
name=unknown_C
#
# <colnr> <probs for GDERKNQSTAVLIFYWHMCP>
#	G	D	E	R	K	N	Q	S	T	A	V	L	I	F	Y	W	H	M	C	P
0	0.02363	0.33234	0.02908	0.01495	0.02094	0.05111	0.01315	0.16564	0.13752	0.08105	0.01798	0.01808	0.01392	0.00817	0.00644	0.00203	0.00794	0.00594	0.00569	0.04440
1	0.52608	0.01823	0.08963	0.04396	0.04414	0.01762	0.01246	0.06057	0.03799	0.06772	0.01362	0.01525	0.01015	0.00759	0.00575	0.00241	0.00710	0.00509	0.00506	0.00955
2	0.06965	0.14160	0.05004	0.02050	0.08669	0.27521	0.01562	0.19910	0.02382	0.02879	0.01387	0.01552	0.01098	0.00796	0.00683	0.00210	0.01056	0.00557	0.00492	0.01067
3	0.72433	0.03902	0.01266	0.01046	0.01537	0.01758	0.00869	0.02346	0.01367	0.06235	0.01165	0.01319	0.00892	0.00728	0.00493	0.00237	0.00610	0.00435	0.00496	0.00866
4	0.00945	0.00675	0.00900	0.01080	0.01125	0.00630	0.00720	0.01080	0.01484	0.01979	0.04274	0.72245	0.05128	0.02429	0.00990	0.00315	0.00450	0.02204	0.00720	0.00630
5	0.02947	0.02172	0.02327	0.01784	0.02404	0.02404	0.01474	0.65329	0.03646	0.04887	0.01862	0.01862	0.01319	0.00931	0.00776	0.00233	0.00853	0.00698	0.00776	0.01319
6	0.00953	0.00678	0.00897	0.01068	0.01111	0.00636	0.00708	0.01082	0.01467	0.01956	0.04186	0.69025	0.05017	0.05800	0.01131	0.00336	0.00464	0.02153	0.00708	0.00622
7	0.03479	0.01320	0.01799	0.01380	0.01979	0.01140	0.01140	0.03779	0.02219	0.68451	0.03059	0.02639	0.01919	0.00960	0.00780	0.00240	0.00660	0.00780	0.00960	0.01320
8	0.02895	0.02146	0.02297	0.01773	0.02384	0.02380	0.01461	0.62164	0.06896	0.04802	0.01928	0.01915	0.01373	0.00937	0.00776	0.00234	0.00841	0.00707	0.00776	0.01314
9	0.02133	0.68317	0.03943	0.01358	0.02019	0.03022	0.01337	0.06668	0.01718	0.02035	0.01132	0.01286	0.01017	0.00682	0.00517	0.00170	0.00831	0.00434	0.00362	0.01017
10	0.01621	0.01380	0.01703	0.01267	0.01891	0.01105	0.03705	0.05238	0.01713	0.02594	0.01704	0.08767	0.01560	0.00784	0.00642	0.00148	0.00608	0.00668	0.00499	0.62402
11	0.02724	0.01671	0.01912	0.01560	0.02100	0.01772	0.01258	0.19257	0.28396	0.26420	0.02799	0.02547	0.01949	0.00990	0.00782	0.00247	0.00689	0.00798	0.00845	0.01282
12	0.78228	0.01499	0.01140	0.01020	0.01499	0.01739	0.00840	0.02279	0.01320	0.03479	0.01080	0.01260	0.00840	0.00720	0.00480	0.00240	0.00600	0.00420	0.00480	0.00840
13	0.01837	0.01594	0.02063	0.01827	0.05596	0.04885	0.11009	0.02970	0.28879	0.07749	0.08009	0.03654	0.14198	0.01154	0.00834	0.00255	0.00722	0.01021	0.00692	0.01052
14	0.01097	0.00793	0.01036	0.00975	0.01158	0.00732	0.00732	0.01463	0.02195	0.03109	0.67505	0.05792	0.07316	0.01585	0.00914	0.00244	0.00366	0.01402	0.00854	0.00732
15	0.02817	0.03452	0.02218	0.01985	0.02373	0.60362	0.01510	0.07303	0.02227	0.02102	0.01232	0.01451	0.01022	0.00847	0.00832	0.00212	0.06185	0.00525	0.00421	0.00924
16	0.01128	0.00752	0.00846	0.00846	0.00846	0.00752	0.00470	0.01128	0.01128	0.01503	0.02443	0.05074	0.02819	0.72751	0.03946	0.00752	0.00752	0.01128	0.00470	0.00470
17	0.00958	0.00685	0.00916	0.01095	0.01146	0.00642	0.00744	0.01103	0.01498	0.01995	0.04266	0.69372	0.05098	0.02416	0.00993	0.00317	0.00462	0.04941	0.00719	0.00634
18	0.02174	0.58966	0.07128	0.01464	0.02123	0.09845	0.01431	0.05507	0.01745	0.02015	0.01145	0.01310	0.01011	0.00694	0.00544	0.00177	0.00906	0.00445	0.00360	0.01009
19	0.01234	0.00881	0.01231	0.01410	0.01582	0.00879	0.01222	0.01579	0.01769	0.02303	0.04114	0.12029	0.04497	0.02157	0.01067	0.00355	0.00700	0.59568	0.00714	0.00710
20	0.01165	0.00912	0.03424	0.01024	0.01250	0.00763	0.00803	0.01495	0.02030	0.05395	0.46757	0.14143	0.14533	0.01687	0.00913	0.00255	0.00419	0.01480	0.00805	0.00747
21	0.14101	0.12906	0.02376	0.01790	0.02258	0.45784	0.03375	0.04938	0.02016	0.02245	0.01198	0.01393	0.00991	0.00768	0.00647	0.00204	0.01178	0.00495	0.00415	0.00922
22	0.02896	0.03695	0.02197	0.01998	0.02397	0.69638	0.01498	0.03096	0.02197	0.01898	0.01199	0.01398	0.00999	0.00799	0.00699	0.00200	0.01398	0.00499	0.00400	0.00899
23	0.00945	0.00675	0.00900	0.01080	0.01125	0.00630	0.00720	0.01080	0.01484	0.01979	0.04274	0.72245	0.05128	0.02429	0.00990	0.00315	0.00450	0.02204	0.00720	0.00630
24	0.01821	0.02382	0.14448	0.05387	0.14195	0.05759	0.36491	0.02437	0.01777	0.02410	0.01514	0.01986	0.01169	0.00890	0.03566	0.00289	0.01245	0.00788	0.00380	0.01063
25	0.78228	0.01499	0.01140	0.01020	0.01499	0.01739	0.00840	0.02279	0.01320	0.03479	0.01080	0.01260	0.00840	0.00720	0.00480	0.00240	0.00600	0.00420	0.00480	0.00840
26	0.02073	0.73217	0.04063	0.01327	0.01990	0.03068	0.01327	0.02322	0.01575	0.01824	0.01078	0.01244	0.00995	0.00663	0.00498	0.00166	0.00829	0.00415	0.00332	0.00995
27	0.03001	0.02086	0.02274	0.01743	0.02362	0.02277	0.01440	0.59120	0.03502	0.11298	0.01982	0.01940	0.01379	0.00934	0.00776	0.00233	0.00834	0.00706	0.00794	0.01319
28	0.78228	0.01499	0.01140	0.01020	0.01499	0.01739	0.00840	0.02279	0.01320	0.03479	0.01080	0.01260	0.00840	0.00720	0.00480	0.00240	0.00600	0.00420	0.00480	0.00840
29	0.01488	0.01403	0.02369	0.67391	0.08649	0.01729	0.02165	0.02002	0.01562	0.02010	0.01382	0.02059	0.01044	0.00771	0.00775	0.00257	0.01028	0.00689	0.00347	0.00881
30	0.78228	0.01499	0.01140	0.01020	0.01499	0.01739	0.00840	0.02279	0.01320	0.03479	0.01080	0.01260	0.00840	0.00720	0.00480	0.00240	0.00600	0.00420	0.00480	0.00840
31	0.01108	0.00831	0.01246	0.01246	0.01385	0.00969	0.00969	0.01385	0.01246	0.01800	0.02077	0.03046	0.01938	0.05815	0.69678	0.01246	0.02077	0.00831	0.00415	0.00692
32	0.01108	0.00831	0.01246	0.01246	0.01385	0.00969	0.00969	0.01385	0.01246	0.01800	0.02077	0.03046	0.01938	0.05815	0.69678	0.01246	0.02077	0.00831	0.00415	0.00692
33	0.01027	0.00815	0.00943	0.01011	0.01235	0.00731	0.00812	0.01273	0.01759	0.02163	0.06447	0.11069	0.43792	0.02045	0.00971	0.00296	0.00501	0.21717	0.00718	0.00673
34	0.01591	0.03763	0.60453	0.02346	0.03446	0.01821	0.10896	0.02459	0.01662	0.02459	0.01414	0.01696	0.01007	0.00726	0.00760	0.00248	0.01167	0.00617	0.00336	0.01133
35	0.01237	0.00884	0.01235	0.01414	0.01587	0.00882	0.01228	0.01585	0.01773	0.02307	0.04112	0.11282	0.04489	0.02153	0.01068	0.00355	0.00703	0.60280	0.00714	0.00711
36	0.01986	0.01353	0.01564	0.01357	0.01711	0.01407	0.01059	0.25108	0.04698	0.09149	0.13897	0.17890	0.05866	0.05248	0.01030	0.00287	0.00634	0.04004	0.00773	0.00978
37	0.00938	0.00772	0.00826	0.00843	0.01069	0.00659	0.00621	0.01143	0.01773	0.02181	0.13326	0.15830	0.53363	0.01987	0.00926	0.00267	0.00398	0.01688	0.00733	0.00659
38	0.78228	0.01499	0.01140	0.01020	0.01499	0.01739	0.00840	0.02279	0.01320	0.03479	0.01080	0.01260	0.00840	0.00720	0.00480	0.00240	0.00600	0.00420	0.00480	0.00840
39	0.01965	0.01684	0.01774	0.01585	0.02030	0.01945	0.01236	0.06297	0.64277	0.03302	0.03110	0.02856	0.02330	0.01048	0.00788	0.00262	0.00622	0.00870	0.00788	0.01231
40	0.01608	0.01378	0.01608	0.01148	0.01837	0.01034	0.00919	0.01952	0.01608	0.02527	0.01378	0.01608	0.01148	0.00574	0.00574	0.00115	0.00574	0.00459	0.00459	0.77491
41	0.57201	0.01524	0.01331	0.01123	0.01643	0.01668	0.00919	0.06473	0.03686	0.06877	0.01341	0.01469	0.01017	0.00739	0.00537	0.00224	0.00617	0.00477	0.00532	0.10603
42	0.01830	0.02092	0.04575	0.03268	0.04052	0.01961	0.65098	0.02484	0.01830	0.02484	0.01569	0.02092	0.01176	0.00654	0.00915	0.00261	0.01307	0.00915	0.00392	0.01046
43	0.01974	0.01779	0.02497	0.02980	0.29744	0.01880	0.04601	0.07427	0.28759	0.02988	0.02191	0.02311	0.01700	0.00850	0.00774	0.00239	0.00788	0.00767	0.00583	0.05169
44	0.00965	0.00690	0.00921	0.01088	0.01146	0.00646	0.00742	0.01120	0.01533	0.02051	0.07536	0.66274	0.05215	0.02374	0.00989	0.00313	0.00456	0.04578	0.00726	0.00638
45	0.02896	0.03695	0.02197	0.01998	0.02397	0.69638	0.01498	0.03096	0.02197	0.01898	0.01199	0.01398	0.00999	0.00799	0.00699	0.00200	0.01398	0.00499	0.00400	0.00899
46	0.00916	0.00785	0.00785	0.00785	0.01047	0.00655	0.00589	0.01113	0.01767	0.02095	0.07855	0.07462	0.67599	0.01964	0.00916	0.00262	0.00393	0.01636	0.00720	0.00655
47	0.00945	0.00675	0.00900	0.01080	0.01125	0.00630	0.00720	0.01080	0.01484	0.01979	0.04274	0.72245	0.05128	0.02429	0.00990	0.00315	0.00450	0.02204	0.00720	0.00630
48	0.01090	0.00787	0.01030	0.00980	0.01157	0.00727	0.00731	0.01445	0.02161	0.03055	0.64474	0.08978	0.07211	0.01626	0.00918	0.00247	0.00370	0.01441	0.00847	0.00727
49	0.02073	0.73217	0.04063	0.01327	0.01990	0.03068	0.01327	0.02322	0.01575	0.01824	0.01078	0.01244	0.00995	0.00663	0.00498	0.00166	0.00829	0.00415	0.00332	0.00995
50	0.01929	0.01666	0.01753	0.01578	0.02016	0.01929	0.01227	0.04120	0.66513	0.03243	0.03156	0.02893	0.02367	0.01052	0.00789	0.00263	0.00614	0.00877	0.00789	0.01227
51	0.78228	0.01499	0.01140	0.01020	0.01499	0.01739	0.00840	0.02279	0.01320	0.03479	0.01080	0.01260	0.00840	0.00720	0.00480	0.00240	0.00600	0.00420	0.00480	0.00840
52	0.02947	0.02172	0.02327	0.01784	0.02404	0.02404	0.01474	0.65329	0.03646	0.04887	0.01862	0.01862	0.01319	0.00931	0.00776	0.00233	0.00853	0.00698	0.00776	0.01319
53	0.02947	0.02172	0.02327	0.01784	0.02404	0.02404	0.01474	0.65329	0.03646	0.04887	0.01862	0.01862	0.01319	0.00931	0.00776	0.00233	0.00853	0.00698	0.00776	0.01319
54	0.02896	0.03695	0.02197	0.01998	0.02397	0.69638	0.01498	0.03096	0.02197	0.01898	0.01199	0.01398	0.00999	0.00799	0.00699	0.00200	0.01398	0.00499	0.00400	0.00899
55	0.01128	0.00752	0.00846	0.00846	0.00846	0.00752	0.00470	0.01128	0.01128	0.01503	0.02443	0.05074	0.02819	0.72751	0.03946	0.00752	0.00752	0.01128	0.00470	0.00470
56	0.03479	0.01320	0.01799	0.01380	0.01979	0.01140	0.01140	0.03779	0.02219	0.68451	0.03059	0.02639	0.01919	0.00960	0.00780	0.00240	0.00660	0.00780	0.00960	0.01320
57	0.01089	0.00792	0.01024	0.00966	0.01153	0.00728	0.00725	0.01446	0.02174	0.03061	0.64645	0.05872	0.10206	0.01603	0.00915	0.00245	0.00367	0.01413	0.00847	0.00728
58	0.03479	0.01320	0.01799	0.01380	0.01979	0.01140	0.01140	0.03779	0.02219	0.68451	0.03059	0.02639	0.01919	0.00960	0.00780	0.00240	0.00660	0.00780	0.00960	0.01320
59	0.07776	0.01330	0.01761	0.01359	0.01952	0.01174	0.01122	0.03692	0.02167	0.64716	0.02945	0.02560	0.01857	0.00946	0.00762	0.00240	0.00656	0.00759	0.00932	0.01292
60	0.03461	0.01348	0.01817	0.01393	0.01994	0.01182	0.01151	0.05841	0.02267	0.66322	0.03019	0.02613	0.01899	0.00959	0.00780	0.00240	0.00666	0.00777	0.00953	0.01320
61	0.02324	0.01465	0.01795	0.05320	0.02154	0.01304	0.01134	0.09789	0.05209	0.22409	0.02020	0.02033	0.01450	0.00764	0.00680	0.00181	0.00660	0.00615	0.00654	0.38041
62	0.01744	0.10742	0.02588	0.01946	0.02030	0.02463	0.01650	0.01924	0.01237	0.01861	0.01025	0.01639	0.01015	0.01269	0.02286	0.00317	0.62415	0.00645	0.00338	0.00867
63	0.01707	0.01455	0.01749	0.01258	0.01945	0.01157	0.02936	0.06340	0.01755	0.02688	0.01417	0.01640	0.01161	0.00601	0.00599	0.00127	0.00616	0.00490	0.00479	0.69879
64	0.01172	0.05769	0.01200	0.01026	0.01120	0.00971	0.00709	0.01288	0.01225	0.01659	0.02380	0.09604	0.02598	0.40652	0.24511	0.00834	0.01157	0.01071	0.00463	0.00590
65	0.00941	0.00786	0.00819	0.00811	0.01062	0.00665	0.00608	0.01160	0.01825	0.02231	0.15883	0.07237	0.59486	0.01913	0.00916	0.00259	0.00389	0.01605	0.00738	0.00665
66	0.02061	0.01667	0.01775	0.01557	0.02014	0.01890	0.01222	0.10504	0.54237	0.06191	0.03216	0.02969	0.05045	0.01074	0.00793	0.00259	0.00632	0.00886	0.00792	0.01216
67	0.01670	0.01617	0.02285	0.18347	0.02819	0.02164	0.01746	0.02175	0.09440	0.02066	0.01371	0.01934	0.01190	0.01181	0.01904	0.00311	0.45780	0.00706	0.00397	0.00899
68	0.01152	0.00875	0.01244	0.01221	0.01322	0.01023	0.00920	0.01367	0.01218	0.01745	0.02077	0.03356	0.02050	0.18826	0.51969	0.01085	0.06590	0.00879	0.00421	0.00659
69	0.01127	0.00755	0.00863	0.00863	0.00869	0.00761	0.00491	0.01139	0.01133	0.01516	0.02427	0.04987	0.02781	0.69868	0.06778	0.00773	0.00809	0.01115	0.00467	0.00479
70	0.02674	0.10765	0.02295	0.01844	0.02261	0.57918	0.01417	0.02878	0.02103	0.01904	0.01645	0.01800	0.05592	0.00865	0.00693	0.00200	0.01269	0.00569	0.00415	0.00892
71	0.01923	0.01646	0.01992	0.21735	0.03031	0.01929	0.01527	0.11240	0.39694	0.03085	0.02476	0.02523	0.01847	0.00956	0.00783	0.00258	0.00766	0.00800	0.00658	0.01133
72	0.02892	0.06916	0.02009	0.01603	0.06091	0.01403	0.01241	0.06860	0.05101	0.44528	0.06220	0.03041	0.02251	0.01037	0.00785	0.00242	0.00687	0.05049	0.00834	0.01212
73	0.01126	0.00843	0.01162	0.01220	0.01341	0.00813	0.03558	0.05585	0.01672	0.02239	0.06058	0.62181	0.04766	0.02221	0.00969	0.00305	0.00512	0.02018	0.00714	0.00699
74	0.02947	0.02172	0.02327	0.01784	0.02404	0.02404	0.01474	0.65329	0.03646	0.04887	0.01862	0.01862	0.01319	0.00931	0.00776	0.00233	0.00853	0.00698	0.00776	0.01319
75	0.02807	0.02102	0.02248	0.01756	0.02351	0.02339	0.01440	0.56879	0.12324	0.04660	0.02040	0.02004	0.01463	0.00948	0.00777	0.00237	0.00820	0.00723	0.00777	0.01306
76	0.02098	0.01750	0.01848	0.01612	0.02081	0.02007	0.01268	0.14269	0.56089	0.03516	0.02941	0.02722	0.02193	0.01032	0.00787	0.00258	0.00653	0.00847	0.00787	0.01242
77	0.01110	0.00820	0.01194	0.01194	0.01315	0.00941	0.00904	0.01351	0.01231	0.01761	0.02124	0.03309	0.02053	0.14507	0.61142	0.01182	0.01905	0.00869	0.00422	0.00663
78	0.01723	0.01983	0.09800	0.14179	0.11918	0.01767	0.31757	0.04185	0.01785	0.02446	0.04911	0.02221	0.01472	0.00860	0.00973	0.04691	0.01098	0.00821	0.00409	0.01000
79	0.02632	0.01926	0.02113	0.01637	0.02233	0.02055	0.01340	0.46169	0.07959	0.07350	0.01957	0.01988	0.01427	0.01086	0.03499	0.00259	0.00835	0.00687	0.00726	0.12121
80	0.02163	0.04860	0.01904	0.01531	0.01969	0.01855	0.01222	0.21709	0.26963	0.07656	0.06916	0.10755	0.02567	0.01197	0.00855	0.00255	0.02746	0.00980	0.00758	0.01137
81	0.67728	0.08822	0.03923	0.01094	0.01617	0.01876	0.00963	0.02290	0.01357	0.03274	0.01091	0.01272	0.00861	0.00715	0.00491	0.00233	0.00643	0.00425	0.00459	0.00867
82	0.01632	0.01540	0.02584	0.50916	0.12332	0.01795	0.07466	0.04691	0.05117	0.02271	0.01517	0.02087	0.01151	0.00776	0.00787	0.00255	0.01014	0.00719	0.00394	0.00958
83	0.11467	0.01692	0.01877	0.05179	0.02227	0.01837	0.01272	0.20849	0.22363	0.17032	0.02374	0.02272	0.01689	0.00929	0.00739	0.00242	0.00710	0.00729	0.00749	0.03770
84	0.01097	0.00793	0.01036	0.00975	0.01158	0.00732	0.00732	0.01463	0.02195	0.03109	0.67505	0.05792	0.07316	0.01585	0.00914	0.00244	0.00366	0.01402	0.00854	0.00732
85	0.09614	0.04332	0.01909	0.01421	0.02005	0.01511	0.01178	0.12845	0.06766	0.46243	0.02639	0.02367	0.01731	0.00930	0.00743	0.00237	0.00687	0.00729	0.00855	0.01259
86	0.01192	0.00813	0.01067	0.00991	0.01191	0.00748	0.00748	0.01555	0.02196	0.05695	0.64955	0.05667	0.07102	0.01560	0.00909	0.00244	0.00377	0.01378	0.00858	0.00755
87	0.01590	0.01506	0.02552	0.52645	0.22602	0.01756	0.02216	0.02091	0.01610	0.02133	0.01400	0.02026	0.01087	0.00752	0.00773	0.00251	0.01003	0.00690	0.00355	0.00963
88	0.01108	0.00831	0.01246	0.01246	0.01385	0.00969	0.00969	0.01385	0.01246	0.01800	0.02077	0.03046	0.01938	0.05815	0.69678	0.01246	0.02077	0.00831	0.00415	0.00692
89	0.01942	0.01604	0.01704	0.01527	0.01963	0.01827	0.01190	0.03946	0.60321	0.05991	0.03400	0.03123	0.05796	0.01096	0.00795	0.00262	0.00604	0.00913	0.00793	0.01201
90	0.01830	0.02092	0.04575	0.03268	0.04052	0.01961	0.65098	0.02484	0.01830	0.02484	0.01569	0.02092	0.01176	0.00654	0.00915	0.00261	0.01307	0.00915	0.00392	0.01046
91	0.78228	0.01499	0.01140	0.01020	0.01499	0.01739	0.00840	0.02279	0.01320	0.03479	0.01080	0.01260	0.00840	0.00720	0.00480	0.00240	0.00600	0.00420	0.00480	0.00840
92	0.02602	0.11651	0.07694	0.01877	0.02373	0.46885	0.01557	0.08267	0.02155	0.02188	0.01304	0.01526	0.01074	0.01055	0.04332	0.00258	0.01299	0.00530	0.00419	0.00955
93	0.01347	0.00673	0.01010	0.01010	0.01010	0.00673	0.00673	0.01010	0.01010	0.01347	0.01347	0.02357	0.01347	0.02694	0.03030	0.77441	0.00673	0.00673	0.00337	0.00337
94	0.01582	0.03578	0.55977	0.02147	0.03146	0.04415	0.05674	0.02387	0.01708	0.02466	0.05316	0.02210	0.01514	0.00847	0.00769	0.00249	0.01100	0.03445	0.00381	0.01088
95	0.78228	0.01499	0.01140	0.01020	0.01499	0.01739	0.00840	0.02279	0.01320	0.03479	0.01080	0.01260	0.00840	0.00720	0.00480	0.00240	0.00600	0.00420	0.00480	0.00840
96	0.01546	0.03836	0.64361	0.02196	0.03296	0.01766	0.04620	0.02420	0.01663	0.02480	0.03821	0.01803	0.01220	0.00765	0.00748	0.00246	0.01122	0.00613	0.00349	0.01128
97	0.00945	0.00675	0.00900	0.01080	0.01125	0.00630	0.00720	0.01080	0.01484	0.01979	0.04274	0.72245	0.05128	0.02429	0.00990	0.00315	0.00450	0.02204	0.00720	0.00630
98	0.78228	0.01499	0.01140	0.01020	0.01499	0.01739	0.00840	0.02279	0.01320	0.03479	0.01080	0.01260	0.00840	0.00720	0.00480	0.00240	0.00600	0.00420	0.00480	0.00840
99	0.01659	0.01345	0.01448	0.01310	0.01679	0.01437	0.01031	0.12650	0.26508	0.03036	0.07420	0.07156	0.22846	0.01465	0.00859	0.00265	0.00574	0.05567	0.00761	0.00985
100	0.02037	0.68444	0.08524	0.01388	0.02084	0.02981	0.01433	0.02331	0.01580	0.01868	0.01100	0.01271	0.00994	0.00668	0.00514	0.00171	0.00851	0.00426	0.00331	0.01005
101	0.01382	0.01335	0.03732	0.09632	0.04329	0.04569	0.05651	0.01621	0.01494	0.02009	0.04726	0.29716	0.02960	0.05170	0.01453	0.03640	0.13976	0.01328	0.00520	0.00757
102	0.01036	0.00790	0.00951	0.00911	0.01121	0.00705	0.00683	0.01344	0.02049	0.02764	0.47205	0.06360	0.27832	0.01714	0.00915	0.00250	0.00375	0.01482	0.00808	0.00705
103	0.02590	0.01948	0.02093	0.01673	0.02214	0.02155	0.01356	0.49550	0.13026	0.04348	0.02414	0.07041	0.03826	0.01085	0.00797	0.00244	0.00774	0.00859	0.00772	0.01236
104	0.00917	0.00781	0.00790	0.00796	0.01050	0.00654	0.00594	0.01112	0.01757	0.02090	0.07723	0.09838	0.65308	0.01981	0.00919	0.00264	0.00395	0.01657	0.00720	0.00654
105	0.01626	0.01395	0.01616	0.01173	0.01848	0.01085	0.00936	0.02077	0.05339	0.02568	0.01480	0.01682	0.01218	0.00602	0.00587	0.00123	0.00576	0.00483	0.00478	0.73106
106	0.01971	0.02126	0.08201	0.05969	0.42735	0.04979	0.10105	0.06730	0.01881	0.02608	0.01462	0.01886	0.01184	0.00743	0.00858	0.00240	0.04054	0.00701	0.00405	0.01163
107	0.72905	0.01450	0.01115	0.01004	0.01468	0.01665	0.00822	0.02199	0.01350	0.03383	0.01546	0.01687	0.05436	0.00805	0.00510	0.00241	0.00586	0.00504	0.00496	0.00827
108	0.01691	0.01393	0.01623	0.01181	0.01853	0.01089	0.00944	0.02140	0.05360	0.04845	0.01538	0.01717	0.01245	0.00615	0.00594	0.00128	0.00579	0.00494	0.00496	0.70475

[dist]
# distance from previous block
# <min> <max>
0	1

[block]
# block no. 3 follows, 25 sequences, length 39
# corresponding to MSA columns:
# 237-275
name=unknown_D
#
# <colnr> <probs for GDERKNQSTAVLIFYWHMCP>
#	G	D	E	R	K	N	Q	S	T	A	V	L	I	F	Y	W	H	M	C	P
0	0.71160	0.01525	0.01228	0.01074	0.01566	0.01746	0.00885	0.05475	0.01475	0.06445	0.01207	0.01351	0.00912	0.00741	0.00508	0.00240	0.00615	0.00450	0.00516	0.00885
1	0.02297	0.01785	0.01910	0.01688	0.02157	0.01972	0.01304	0.07974	0.55222	0.08965	0.03198	0.03029	0.02404	0.01153	0.00864	0.00293	0.00696	0.00909	0.00856	0.01325
2	0.00965	0.00778	0.00847	0.00846	0.01065	0.00673	0.00621	0.01183	0.01806	0.02266	0.19569	0.11242	0.48074	0.05308	0.01066	0.00285	0.00408	0.01601	0.00735	0.00660
3	0.01964	0.01462	0.01595	0.01380	0.01824	0.01555	0.01086	0.09490	0.34923	0.10497	0.06033	0.03692	0.15107	0.01203	0.00806	0.00249	0.00589	0.00994	0.00780	0.04771
4	0.01023	0.00845	0.00905	0.00880	0.01136	0.00756	0.00663	0.01389	0.06153	0.02395	0.20709	0.06791	0.49971	0.01820	0.00908	0.00258	0.00401	0.01534	0.00754	0.00710
5	0.02896	0.03695	0.02197	0.01998	0.02397	0.69638	0.01498	0.03096	0.02197	0.01898	0.01199	0.01398	0.00999	0.00799	0.00699	0.00200	0.01398	0.00499	0.00400	0.00899
6	0.00916	0.00785	0.00785	0.00785	0.01047	0.00655	0.00589	0.01113	0.01767	0.02095	0.07855	0.07462	0.67599	0.01964	0.00916	0.00262	0.00393	0.01636	0.00720	0.00655
7	0.03321	0.01285	0.01749	0.01353	0.01925	0.01113	0.01113	0.03625	0.02218	0.64121	0.07330	0.02848	0.02277	0.01001	0.00789	0.00240	0.00640	0.00821	0.00953	0.01281
8	0.07965	0.01374	0.01752	0.01382	0.01954	0.01275	0.01132	0.03727	0.10121	0.56313	0.02947	0.02584	0.01907	0.00956	0.00762	0.00243	0.00650	0.00769	0.00909	0.01278
9	0.00916	0.00785	0.00785	0.00785	0.01047	0.00655	0.00589	0.01113	0.01767	0.02095	0.07855	0.07462	0.67599	0.01964	0.00916	0.00262	0.00393	0.01636	0.00720	0.00655
10	0.00988	0.00750	0.01080	0.01178	0.01268	0.00697	0.03943	0.01151	0.01513	0.02009	0.04274	0.66273	0.07297	0.02322	0.00983	0.00310	0.00491	0.02118	0.00703	0.00652
11	0.02557	0.01918	0.02062	0.01652	0.02172	0.02127	0.01328	0.47656	0.13843	0.04243	0.02237	0.05776	0.01784	0.05786	0.00999	0.00276	0.00786	0.00832	0.00755	0.01213
12	0.02947	0.02172	0.02327	0.01784	0.02404	0.02404	0.01474	0.65329	0.03646	0.04887	0.01862	0.01862	0.01319	0.00931	0.00776	0.00233	0.00853	0.00698	0.00776	0.01319
13	0.01990	0.47815	0.22468	0.01634	0.02414	0.08016	0.01782	0.02422	0.01643	0.02011	0.01178	0.01369	0.00992	0.00695	0.00582	0.00191	0.00965	0.00467	0.00336	0.01031
14	0.70702	0.04244	0.01288	0.01065	0.01549	0.01802	0.00882	0.02392	0.05279	0.03401	0.01205	0.01358	0.00938	0.00738	0.00499	0.00238	0.00609	0.00447	0.00493	0.00869
15	0.01128	0.00752	0.00846	0.00846	0.00846	0.00752	0.00470	0.01128	0.01128	0.01503	0.02443	0.05074	0.02819	0.72751	0.03946	0.00752	0.00752	0.01128	0.00470	0.00470
16	0.01128	0.00752	0.00846	0.00846	0.00846	0.00752	0.00470	0.01128	0.01128	0.01503	0.02443	0.05074	0.02819	0.72751	0.03946	0.00752	0.00752	0.01128	0.00470	0.00470
17	0.00954	0.00685	0.00891	0.01052	0.01104	0.00638	0.00699	0.01084	0.01476	0.01956	0.04329	0.65158	0.07898	0.06668	0.01165	0.00339	0.00465	0.02113	0.00705	0.00621
18	0.01663	0.01401	0.01654	0.04017	0.01987	0.01135	0.00997	0.06117	0.01735	0.02638	0.01533	0.04650	0.01324	0.00685	0.00613	0.00137	0.00606	0.00559	0.00487	0.66062
19	0.69780	0.05093	0.05510	0.01109	0.01639	0.01807	0.00990	0.02292	0.01352	0.03335	0.01099	0.01282	0.00856	0.00718	0.00497	0.00237	0.00645	0.00429	0.00463	0.00866
20	0.01037	0.00841	0.00926	0.00896	0.01142	0.00757	0.00675	0.01410	0.05830	0.02497	0.27140	0.06637	0.43870	0.01784	0.00908	0.00256	0.00397	0.01514	0.00768	0.00715
21	0.02787	0.03487	0.02304	0.02307	0.09749	0.62030	0.01597	0.03016	0.02149	0.01969	0.01228	0.01457	0.01024	0.00787	0.00707	0.00203	0.01345	0.00521	0.00398	0.00936
22	0.01347	0.00673	0.01010	0.01010	0.01010	0.00673	0.00673	0.01010	0.01010	0.01347	0.01347	0.02357	0.01347	0.02694	0.03030	0.77441	0.00673	0.00673	0.00337	0.00337
23	0.01830	0.02092	0.04575	0.03268	0.04052	0.01961	0.65098	0.02484	0.01830	0.02484	0.01569	0.02092	0.01176	0.00654	0.00915	0.00261	0.01307	0.00915	0.00392	0.01046
24	0.78228	0.01499	0.01140	0.01020	0.01499	0.01739	0.00840	0.02279	0.01320	0.03479	0.01080	0.01260	0.00840	0.00720	0.00480	0.00240	0.00600	0.00420	0.00480	0.00840
25	0.00916	0.00785	0.00785	0.00785	0.01047	0.00655	0.00589	0.01113	0.01767	0.02095	0.07855	0.07462	0.67599	0.01964	0.00916	0.00262	0.00393	0.01636	0.00720	0.00655
26	0.00945	0.00675	0.00900	0.01080	0.01125	0.00630	0.00720	0.01080	0.01484	0.01979	0.04274	0.72245	0.05128	0.02429	0.00990	0.00315	0.00450	0.02204	0.00720	0.00630
27	0.78228	0.01499	0.01140	0.01020	0.01499	0.01739	0.00840	0.02279	0.01320	0.03479	0.01080	0.01260	0.00840	0.00720	0.00480	0.00240	0.00600	0.00420	0.00480	0.00840
28	0.00971	0.00694	0.00930	0.01110	0.01167	0.00653	0.00766	0.01126	0.01511	0.02009	0.04259	0.66712	0.05070	0.02404	0.00997	0.00319	0.00473	0.07475	0.00719	0.00637
29	0.03479	0.01320	0.01799	0.01380	0.01979	0.01140	0.01140	0.03779	0.02219	0.68451	0.03059	0.02639	0.01919	0.00960	0.00780	0.00240	0.00660	0.00780	0.00960	0.01320
30	0.01108	0.00831	0.01246	0.01246	0.01385	0.00969	0.00969	0.01385	0.01246	0.01800	0.02077	0.03046	0.01938	0.05815	0.69678	0.01246	0.02077	0.00831	0.00415	0.00692
31	0.01608	0.01378	0.01608	0.01148	0.01837	0.01034	0.00919	0.01952	0.01608	0.02527	0.01378	0.01608	0.01148	0.00574	0.00574	0.00115	0.00574	0.00459	0.00459	0.77491
32	0.01406	0.00907	0.01165	0.01175	0.01387	0.00867	0.00906	0.03711	0.04320	0.09449	0.19010	0.26919	0.09708	0.01886	0.00946	0.00290	0.00520	0.13859	0.00779	0.00789
33	0.00945	0.00675	0.00900	0.01080	0.01125	0.00630	0.00720	0.01080	0.01484	0.01979	0.04274	0.72245	0.05128	0.02429	0.00990	0.00315	0.00450	0.02204	0.00720	0.00630
34	0.03432	0.01394	0.01846	0.01415	0.02017	0.01251	0.01169	0.09177	0.02344	0.62876	0.02954	0.02571	0.01867	0.00957	0.00779	0.00239	0.00677	0.00773	0.00944	0.01319
35	0.01528	0.01502	0.02716	0.59160	0.05117	0.01764	0.13070	0.02068	0.01599	0.02068	0.01411	0.02071	0.01058	0.00754	0.00799	0.00259	0.01081	0.00728	0.00353	0.00893
36	0.01608	0.01378	0.01608	0.01148	0.01837	0.01034	0.00919	0.01952	0.01608	0.02527	0.01378	0.01608	0.01148	0.00574	0.00574	0.00115	0.00574	0.00459	0.00459	0.77491
37	0.02073	0.73217	0.04063	0.01327	0.01990	0.03068	0.01327	0.02322	0.01575	0.01824	0.01078	0.01244	0.00995	0.00663	0.00498	0.00166	0.00829	0.00415	0.00332	0.00995
38	0.02566	0.01946	0.02122	0.01603	0.02243	0.02014	0.01316	0.47274	0.03065	0.04214	0.01724	0.01789	0.01270	0.00829	0.00718	0.00199	0.00774	0.00630	0.00686	0.23018

[dist]
# distance from previous block
# <min> <max>
0	9

[block]
# block no. 4 follows, 25 sequences, length 109
# corresponding to MSA columns:
# 285-393
name=unknown_E
#
# <colnr> <probs for GDERKNQSTAVLIFYWHMCP>
#	G	D	E	R	K	N	Q	S	T	A	V	L	I	F	Y	W	H	M	C	P
0	0.01097	0.00793	0.01036	0.00975	0.01158	0.00732	0.00732	0.01463	0.02195	0.03109	0.67505	0.05792	0.07316	0.01585	0.00914	0.00244	0.00366	0.01402	0.00854	0.00732
1	0.01690	0.01660	0.02965	0.29152	0.25761	0.01775	0.14679	0.02276	0.04652	0.02324	0.01644	0.04954	0.01357	0.00804	0.00810	0.00252	0.01007	0.00806	0.00403	0.01028
2	0.01833	0.02083	0.04529	0.03316	0.06130	0.01957	0.63058	0.02480	0.01828	0.02485	0.01565	0.02086	0.01178	0.00655	0.00910	0.00260	0.01295	0.00908	0.00392	0.01052
3	0.01402	0.01136	0.01297	0.01311	0.01539	0.01234	0.00956	0.02494	0.31744	0.02568	0.03753	0.39974	0.03843	0.01788	0.00896	0.00291	0.00526	0.01586	0.00752	0.00908
4	0.68681	0.01532	0.01240	0.01085	0.01566	0.01759	0.00891	0.07786	0.01557	0.03588	0.03676	0.01485	0.01128	0.00771	0.00522	0.00239	0.00613	0.00482	0.00520	0.00878
5	0.00917	0.00781	0.00790	0.00797	0.01050	0.00654	0.00594	0.01111	0.01756	0.02090	0.07713	0.10020	0.65133	0.01982	0.00919	0.00264	0.00395	0.01659	0.00720	0.00654
6	0.01694	0.01375	0.01617	0.01159	0.01844	0.01038	0.00929	0.02036	0.01636	0.05547	0.01455	0.01655	0.01184	0.00592	0.00584	0.00121	0.00578	0.00474	0.00482	0.74001
7	0.02111	0.70032	0.03978	0.01357	0.02009	0.06118	0.01335	0.02357	0.01604	0.01828	0.01083	0.01251	0.00995	0.00670	0.00507	0.00167	0.00855	0.00418	0.00335	0.00991
8	0.01116	0.00868	0.01025	0.00982	0.01211	0.00814	0.00746	0.01583	0.07524	0.02771	0.40909	0.06176	0.25978	0.01679	0.00910	0.00255	0.00407	0.03498	0.00801	0.00749
9	0.01128	0.00752	0.00846	0.00846	0.00846	0.00752	0.00470	0.01128	0.01128	0.01503	0.02443	0.05074	0.02819	0.72751	0.03946	0.00752	0.00752	0.01128	0.00470	0.00470
10	0.02947	0.02172	0.02327	0.01784	0.02404	0.02404	0.01474	0.65329	0.03646	0.04887	0.01862	0.01862	0.01319	0.00931	0.00776	0.00233	0.00853	0.00698	0.00776	0.01319
11	0.00945	0.00675	0.00900	0.01080	0.01125	0.00630	0.00720	0.01080	0.01484	0.01979	0.04274	0.72245	0.05128	0.02429	0.00990	0.00315	0.00450	0.02204	0.00720	0.00630
12	0.01830	0.02092	0.04575	0.03268	0.04052	0.01961	0.65098	0.02484	0.01830	0.02484	0.01569	0.02092	0.01176	0.00654	0.00915	0.00261	0.01307	0.00915	0.00392	0.01046
13	0.01249	0.00892	0.01249	0.01428	0.01606	0.00892	0.01249	0.01606	0.01785	0.02320	0.04105	0.08746	0.04462	0.02142	0.01071	0.00357	0.00714	0.62695	0.00714	0.00714
14	0.01445	0.00723	0.00723	0.00723	0.00903	0.00723	0.00542	0.01807	0.01626	0.02891	0.02529	0.02891	0.01987	0.00903	0.00542	0.00181	0.00361	0.00723	0.77055	0.00723
15	0.78228	0.01499	0.01140	0.01020	0.01499	0.01739	0.00840	0.02279	0.01320	0.03479	0.01080	0.01260	0.00840	0.00720	0.00480	0.00240	0.00600	0.00420	0.00480	0.00840
16	0.06030	0.01369	0.01769	0.01391	0.01966	0.01259	0.01139	0.03766	0.10146	0.57994	0.02998	0.02620	0.01935	0.00962	0.00770	0.00243	0.00652	0.00779	0.00921	0.01291
17	0.78228	0.01499	0.01140	0.01020	0.01499	0.01739	0.00840	0.02279	0.01320	0.03479	0.01080	0.01260	0.00840	0.00720	0.00480	0.00240	0.00600	0.00420	0.00480	0.00840
18	0.01009	0.00756	0.00950	0.01026	0.01168	0.00681	0.00729	0.01214	0.01678	0.02238	0.15940	0.43232	0.16426	0.02101	0.00948	0.00285	0.00441	0.04270	0.00731	0.04177
19	0.02824	0.02032	0.02208	0.01707	0.02303	0.02209	0.01401	0.56977	0.03398	0.07525	0.02006	0.05101	0.01513	0.00986	0.00777	0.00232	0.00814	0.00761	0.00768	0.04457
20	0.09545	0.01292	0.01672	0.01309	0.01868	0.01154	0.01075	0.03451	0.02124	0.57662	0.05660	0.02848	0.04753	0.01006	0.00766	0.00241	0.00632	0.00810	0.00905	0.01228
21	0.10296	0.02106	0.02211	0.01709	0.02316	0.02340	0.01412	0.59174	0.03418	0.04749	0.01785	0.01803	0.01272	0.00910	0.00747	0.00233	0.00828	0.00671	0.00747	0.01272
22	0.05135	0.02010	0.05267	0.01681	0.02263	0.02103	0.01415	0.35843	0.23418	0.09151	0.02319	0.02220	0.01668	0.00955	0.00768	0.00244	0.00767	0.00746	0.00763	0.01265
23	0.05320	0.05340	0.01883	0.01490	0.01986	0.01787	0.01198	0.09078	0.37285	0.18832	0.05372	0.02708	0.02234	0.01007	0.00763	0.00248	0.00646	0.00817	0.00795	0.01210
24	0.05661	0.01304	0.01582	0.01292	0.01758	0.01259	0.01040	0.10970	0.07315	0.32542	0.16923	0.03610	0.08984	0.01178	0.00808	0.00244	0.00592	0.00972	0.00858	0.01107
25	0.02049	0.61753	0.11713	0.01463	0.02172	0.05967	0.01519	0.02373	0.01611	0.01903	0.01121	0.01298	0.00994	0.00678	0.00535	0.00177	0.00893	0.00437	0.00334	0.01009
26	0.01752	0.01361	0.01729	0.04410	0.02051	0.01111	0.03463	0.02156	0.03732	0.08718	0.01798	0.06593	0.01527	0.00764	0.00651	0.00157	0.00624	0.00650	0.00527	0.56225
27	0.02613	0.01356	0.01731	0.03997	0.02041	0.01203	0.01110	0.03143	0.09044	0.37695	0.05032	0.02477	0.01927	0.00878	0.00728	0.00208	0.00634	0.00721	0.00773	0.22691
28	0.51418	0.04733	0.01506	0.04792	0.01847	0.01645	0.01008	0.02653	0.01576	0.20094	0.01606	0.01657	0.01136	0.00782	0.00574	0.00237	0.00649	0.00527	0.00590	0.00972
29	0.78228	0.01499	0.01140	0.01020	0.01499	0.01739	0.00840	0.02279	0.01320	0.03479	0.01080	0.01260	0.00840	0.00720	0.00480	0.00240	0.00600	0.00420	0.00480	0.00840
30	0.02947	0.02172	0.02327	0.01784	0.02404	0.02404	0.01474	0.65329	0.03646	0.04887	0.01862	0.01862	0.01319	0.00931	0.00776	0.00233	0.00853	0.00698	0.00776	0.01319
31	0.00952	0.00678	0.00898	0.01070	0.01114	0.00635	0.00710	0.01082	0.01470	0.01960	0.04201	0.69573	0.05036	0.05226	0.01107	0.00332	0.00462	0.02161	0.00710	0.00623
32	0.00951	0.00787	0.00833	0.00821	0.01068	0.00669	0.00616	0.01179	0.01848	0.02286	0.19111	0.07147	0.56223	0.01892	0.00916	0.00258	0.00388	0.01592	0.00745	0.00669
33	0.01233	0.00887	0.01227	0.01397	0.01579	0.00881	0.01218	0.01583	0.01784	0.02309	0.04286	0.08684	0.07508	0.02133	0.01063	0.00352	0.00698	0.59749	0.00714	0.00711
34	0.78228	0.01499	0.01140	0.01020	0.01499	0.01739	0.00840	0.02279	0.01320	0.03479	0.01080	0.01260	0.00840	0.00720	0.00480	0.00240	0.00600	0.00420	0.00480	0.00840
35	0.78228	0.01499	0.01140	0.01020	0.01499	0.01739	0.00840	0.02279	0.01320	0.03479	0.01080	0.01260	0.00840	0.00720	0.00480	0.00240	0.00600	0.00420	0.00480	0.00840
36	0.01984	0.01024	0.01277	0.01103	0.01474	0.00910	0.00865	0.02339	0.04748	0.27811	0.19148	0.08011	0.23170	0.01476	0.00862	0.00252	0.00501	0.01249	0.00845	0.00950
37	0.01555	0.04011	0.68733	0.02210	0.03356	0.01801	0.02865	0.02455	0.01637	0.02455	0.01391	0.01637	0.00982	0.00737	0.00737	0.00246	0.01146	0.00573	0.00327	0.01146
38	0.01664	0.01412	0.01638	0.01175	0.01861	0.01091	0.00942	0.04619	0.01694	0.02626	0.01398	0.01618	0.01156	0.00589	0.00583	0.00120	0.00586	0.00469	0.00473	0.74286
39	0.01970	0.01555	0.01680	0.01509	0.01934	0.01752	0.01172	0.03831	0.55622	0.08510	0.03365	0.06665	0.04675	0.01147	0.00803	0.00264	0.00601	0.00964	0.00797	0.01184
40	0.00945	0.00675	0.00900	0.01080	0.01125	0.00630	0.00720	0.01080	0.01484	0.01979	0.04274	0.72245	0.05128	0.02429	0.00990	0.00315	0.00450	0.02204	0.00720	0.00630
41	0.01133	0.00864	0.01279	0.01265	0.01393	0.01020	0.00982	0.01396	0.01240	0.01792	0.02045	0.03060	0.01931	0.07951	0.64605	0.01191	0.04913	0.00835	0.00414	0.00691
42	0.01703	0.01615	0.02765	0.39302	0.13286	0.01802	0.13320	0.06584	0.04494	0.02385	0.01571	0.02182	0.01228	0.03405	0.00916	0.00272	0.01026	0.00754	0.00412	0.00978
43	0.78228	0.01499	0.01140	0.01020	0.01499	0.01739	0.00840	0.02279	0.01320	0.03479	0.01080	0.01260	0.00840	0.00720	0.00480	0.00240	0.00600	0.00420	0.00480	0.00840
44	0.02827	0.02010	0.02200	0.01676	0.02303	0.02142	0.01381	0.52942	0.03290	0.09515	0.01896	0.01891	0.01345	0.00890	0.00752	0.00219	0.00805	0.00676	0.00752	0.10488
45	0.01064	0.00798	0.00995	0.01003	0.01197	0.00730	0.00774	0.01369	0.01974	0.02651	0.38138	0.11157	0.22228	0.01825	0.00944	0.00271	0.00432	0.10959	0.00789	0.00702
46	0.01347	0.00673	0.01010	0.01010	0.01010	0.00673	0.00673	0.01010	0.01010	0.01347	0.01347	0.02357	0.01347	0.02694	0.03030	0.77441	0.00673	0.00673	0.00337	0.00337
47	0.01108	0.00828	0.01231	0.01231	0.01364	0.00961	0.00950	0.01375	0.01242	0.01789	0.02091	0.03123	0.01972	0.08363	0.67176	0.01227	0.02026	0.00842	0.00417	0.00684
48	0.01929	0.01666	0.01753	0.01578	0.02016	0.01929	0.01227	0.04120	0.66513	0.03243	0.03156	0.02893	0.02367	0.01052	0.00789	0.00263	0.00614	0.00877	0.00789	0.01227
49	0.01608	0.01378	0.01608	0.01148	0.01837	0.01034	0.00919	0.01952	0.01608	0.02527	0.01378	0.01608	0.01148	0.00574	0.00574	0.00115	0.00574	0.00459	0.00459	0.77491
50	0.00957	0.00787	0.00841	0.00828	0.01072	0.00672	0.00621	0.01191	0.01862	0.02320	0.21124	0.07090	0.54189	0.01879	0.00916	0.00258	0.00387	0.01584	0.00750	0.00672
51	0.01217	0.01013	0.01494	0.01722	0.12639	0.00951	0.03909	0.01541	0.01892	0.02575	0.29159	0.16386	0.16862	0.01623	0.00908	0.00262	0.00535	0.03813	0.00700	0.00798
52	0.01613	0.03605	0.55161	0.02434	0.03503	0.01835	0.16029	0.02461	0.01678	0.02461	0.01429	0.01733	0.01023	0.00719	0.00774	0.00249	0.01180	0.00645	0.00341	0.01125
53	0.01632	0.03904	0.66071	0.02177	0.03301	0.01774	0.02796	0.02508	0.01660	0.05080	0.01458	0.01677	0.01019	0.00746	0.00738	0.00245	0.01127	0.00581	0.00353	0.01153
