[name]
unknown

[dist]
# distance from previous block
# <min> <max>
9	25

[block]
# block no. 0 follows, 23 sequences, length 57
# corresponding to MSA columns:
# 25-81
name=unknown_A
#
# <colnr> <probs for GDERKNQSTAVLIFYWHMCP>
#	G	D	E	R	K	N	Q	S	T	A	V	L	I	F	Y	W	H	M	C	P
0	0.01876	0.01917	0.01640	0.01563	0.01843	0.21477	0.01190	0.05068	0.05559	0.02296	0.02873	0.18655	0.05731	0.02233	0.11236	0.00427	0.03285	0.06105	0.00584	0.04446
1	0.01144	0.00817	0.01040	0.01135	0.01232	0.00788	0.00777	0.04671	0.01754	0.02367	0.12909	0.52440	0.05269	0.08065	0.01269	0.00352	0.00508	0.02006	0.00755	0.00700
2	0.01234	0.00894	0.01067	0.01093	0.01283	0.00853	0.00784	0.01657	0.08315	0.05056	0.16367	0.31407	0.19461	0.05302	0.01118	0.00316	0.00482	0.01757	0.00784	0.00771
3	0.01125	0.00826	0.00997	0.01022	0.01152	0.00788	0.00702	0.01415	0.04665	0.02392	0.23173	0.24272	0.13540	0.18228	0.01714	0.00404	0.00518	0.01644	0.00738	0.00685
4	0.05479	0.01111	0.01199	0.01071	0.01354	0.01173	0.00824	0.12992	0.02001	0.06126	0.02417	0.02986	0.01976	0.08638	0.07801	0.00378	0.00719	0.00794	0.40088	0.00873
5	0.01204	0.00737	0.00964	0.01050	0.01113	0.00714	0.00718	0.01264	0.01465	0.02062	0.06205	0.32585	0.03791	0.08989	0.01798	0.19117	0.00555	0.04315	0.10765	0.00590
6	0.01410	0.00833	0.01000	0.00986	0.01076	0.00803	0.00626	0.01504	0.01441	0.08466	0.06031	0.16672	0.03471	0.45340	0.02921	0.00597	0.00682	0.01338	0.04164	0.00638
7	0.01359	0.00965	0.01149	0.01083	0.01227	0.01018	0.00769	0.06345	0.01646	0.02300	0.09219	0.04624	0.09523	0.30141	0.14445	0.00655	0.03704	0.01111	0.08023	0.00694
8	0.01936	0.01590	0.01953	0.01945	0.10347	0.05097	0.04857	0.07999	0.16224	0.08242	0.14302	0.04096	0.15401	0.01276	0.00872	0.00259	0.00707	0.01097	0.00735	0.01066
9	0.49308	0.01640	0.01328	0.01194	0.01613	0.07190	0.00960	0.04735	0.01605	0.03265	0.01783	0.02009	0.04874	0.01133	0.03723	0.00294	0.03674	0.00595	0.08202	0.00874
10	0.01369	0.00886	0.01112	0.01022	0.01277	0.00793	0.00778	0.01707	0.02203	0.09718	0.46930	0.06092	0.19675	0.01676	0.00943	0.00259	0.00421	0.01452	0.00875	0.00813
11	0.09553	0.02332	0.02252	0.04512	0.02515	0.11487	0.01487	0.41784	0.06110	0.07258	0.01882	0.01923	0.01358	0.00936	0.00774	0.00242	0.00935	0.00688	0.00721	0.01251
12	0.01835	0.01067	0.01100	0.00984	0.01267	0.01117	0.00767	0.14564	0.02135	0.03453	0.02504	0.02804	0.01936	0.00951	0.00617	0.00200	0.00484	0.00751	0.60578	0.00884
13	0.02998	0.03328	0.02315	0.02008	0.02492	0.46997	0.01547	0.19960	0.05667	0.02914	0.01542	0.01671	0.01205	0.00887	0.00758	0.00222	0.01267	0.00599	0.00546	0.01078
14	0.03085	0.02273	0.02435	0.01867	0.02516	0.02516	0.01542	0.63716	0.03815	0.05114	0.01948	0.01948	0.01380	0.00974	0.00812	0.00244	0.00893	0.00731	0.00812	0.01380
15	0.01157	0.00835	0.01097	0.01047	0.01238	0.00775	0.00796	0.01540	0.02273	0.03208	0.62563	0.06233	0.07490	0.01691	0.00966	0.00262	0.00403	0.04776	0.00885	0.00765
16	0.06122	0.03609	0.51724	0.02282	0.03356	0.01840	0.08880	0.02677	0.01765	0.07992	0.01602	0.01826	0.01122	0.00780	0.00778	0.00258	0.01142	0.00645	0.00414	0.01185
17	0.02118	0.09138	0.03881	0.03604	0.25919	0.10710	0.27680	0.02627	0.01915	0.02470	0.01500	0.01944	0.01208	0.00719	0.00831	0.00244	0.01188	0.00766	0.00402	0.01137
18	0.02008	0.01928	0.03294	0.04981	0.66422	0.01928	0.02490	0.02490	0.01848	0.02651	0.01526	0.02008	0.01285	0.00723	0.00803	0.00241	0.00964	0.00723	0.00402	0.01285
19	0.00959	0.00822	0.00822	0.00822	0.01096	0.00685	0.00617	0.01165	0.01850	0.02192	0.08220	0.07809	0.66092	0.02055	0.00959	0.00274	0.00411	0.01713	0.00754	0.00685
20	0.01159	0.00869	0.01304	0.01304	0.01449	0.01014	0.01014	0.01449	0.01304	0.01884	0.02173	0.03188	0.02029	0.06086	0.68268	0.01304	0.02173	0.00869	0.00435	0.00724
21	0.01115	0.00828	0.01038	0.00986	0.01192	0.00751	0.00739	0.01466	0.02218	0.03066	0.55763	0.06371	0.18004	0.01729	0.00957	0.00259	0.00388	0.01511	0.00868	0.00751
22	0.01929	0.10087	0.23121	0.02367	0.08173	0.10433	0.07790	0.02451	0.01748	0.02358	0.04077	0.01901	0.01369	0.00905	0.01102	0.00253	0.13615	0.00666	0.00397	0.05257
23	0.01013	0.00721	0.00951	0.01106	0.01163	0.00676	0.00739	0.01168	0.01597	0.02146	0.09708	0.61584	0.05428	0.06385	0.01205	0.00349	0.00481	0.02170	0.00751	0.00659
24	0.02918	0.03652	0.02410	0.02411	0.09603	0.60866	0.01670	0.03157	0.02249	0.02060	0.01284	0.01524	0.01072	0.00824	0.00740	0.00213	0.01408	0.00545	0.00416	0.00979
25	0.02049	0.06229	0.04594	0.02154	0.10815	0.22870	0.01539	0.04778	0.01829	0.02180	0.01652	0.02207	0.01455	0.02781	0.25786	0.00625	0.04398	0.00692	0.00428	0.00938
26	0.02155	0.01903	0.01906	0.01692	0.02163	0.05819	0.01320	0.08686	0.56828	0.03443	0.03085	0.02858	0.02314	0.01076	0.00819	0.00269	0.00708	0.00881	0.00801	0.01272
27	0.01358	0.00951	0.01145	0.01073	0.01303	0.00908	0.00804	0.04200	0.04750	0.05811	0.35027	0.05999	0.16778	0.11368	0.01389	0.00339	0.00510	0.04697	0.00803	0.00787
28	0.01683	0.01442	0.01683	0.01202	0.01923	0.01082	0.00961	0.02043	0.01683	0.02644	0.01442	0.01683	0.01202	0.00601	0.00601	0.00120	0.00601	0.00481	0.00481	0.76444
29	0.01513	0.00756	0.00756	0.00756	0.00945	0.00756	0.00567	0.01891	0.01702	0.03025	0.02647	0.03025	0.02080	0.00945	0.00567	0.00189	0.00378	0.00756	0.75988	0.00756
30	0.01148	0.00829	0.01085	0.01021	0.01212	0.00766	0.00766	0.01531	0.02297	0.03254	0.65994	0.06061	0.07656	0.01659	0.00957	0.00255	0.00383	0.01467	0.00893	0.00766
31	0.01532	0.01442	0.02434	0.69533	0.05589	0.01803	0.02253	0.02073	0.01622	0.02073	0.01442	0.02163	0.01082	0.00811	0.00811	0.00270	0.01082	0.00721	0.00361	0.00901
32	0.00989	0.00706	0.00942	0.01130	0.01177	0.00659	0.00753	0.01130	0.01554	0.02071	0.04472	0.70954	0.05367	0.02542	0.01036	0.00330	0.00471	0.02307	0.00753	0.00659
33	0.00989	0.00706	0.00942	0.01130	0.01177	0.00659	0.00753	0.01130	0.01554	0.02071	0.04472	0.70954	0.05367	0.02542	0.01036	0.00330	0.00471	0.02307	0.00753	0.00659
34	0.03031	0.03867	0.02299	0.02090	0.02508	0.68226	0.01568	0.03240	0.02299	0.01986	0.01254	0.01463	0.01045	0.00836	0.00732	0.00209	0.01463	0.00523	0.00418	0.00941
35	0.03587	0.01467	0.01936	0.01484	0.02114	0.01320	0.01226	0.09696	0.02466	0.61040	0.03081	0.02684	0.01948	0.01001	0.00816	0.00250	0.00710	0.00808	0.00986	0.01381
36	0.02018	0.01743	0.01835	0.01651	0.02110	0.02018	0.01284	0.04312	0.64956	0.03394	0.03303	0.03027	0.02477	0.01101	0.00826	0.00275	0.00642	0.00917	0.00826	0.01284
37	0.01775	0.01775	0.02485	0.02130	0.02130	0.02485	0.01775	0.01953	0.01243	0.01953	0.01065	0.01775	0.01065	0.01420	0.02663	0.00355	0.69998	0.00710	0.00355	0.00888
38	0.01915	0.02189	0.04788	0.03420	0.04241	0.02052	0.63475	0.02599	0.01915	0.02599	0.01642	0.02189	0.01231	0.00684	0.00958	0.00274	0.01368	0.00958	0.00410	0.01094
39	0.00979	0.00828	0.00850	0.00861	0.01130	0.00699	0.00657	0.01194	0.01851	0.02206	0.07993	0.07887	0.62533	0.02066	0.00968	0.00280	0.00430	0.05146	0.00753	0.00689
40	0.77215	0.01569	0.01193	0.01067	0.01569	0.01820	0.00879	0.02385	0.01381	0.03641	0.01130	0.01318	0.00879	0.00753	0.00502	0.00251	0.00628	0.00439	0.00502	0.00879
41	0.01513	0.00756	0.00756	0.00756	0.00945	0.00756	0.00567	0.01891	0.01702	0.03025	0.02647	0.03025	0.02080	0.00945	0.00567	0.00189	0.00378	0.00756	0.75988	0.00756
42	0.01915	0.02189	0.04788	0.03420	0.04241	0.02052	0.63475	0.02599	0.01915	0.02599	0.01642	0.02189	0.01231	0.00684	0.00958	0.00274	0.01368	0.00958	0.00410	0.01094
43	0.03085	0.02273	0.02435	0.01867	0.02516	0.02516	0.01542	0.63716	0.03815	0.05114	0.01948	0.01948	0.01380	0.00974	0.00812	0.00244	0.00893	0.00731	0.00812	0.01380
44	0.03106	0.02238	0.02413	0.01850	0.02499	0.02464	0.01529	0.61370	0.03756	0.07542	0.01997	0.01980	0.01405	0.00975	0.00812	0.00244	0.00885	0.00734	0.00819	0.01380
45	0.01075	0.00893	0.00964	0.01053	0.01207	0.03638	0.00739	0.01254	0.01731	0.02168	0.08642	0.41505	0.27706	0.02245	0.00990	0.00300	0.00488	0.01969	0.00745	0.00686
46	0.03106	0.02309	0.02405	0.01859	0.02496	0.05553	0.01528	0.58246	0.03678	0.07681	0.01970	0.01961	0.01392	0.00969	0.00808	0.00242	0.00911	0.00725	0.00802	0.01359
47	0.77215	0.01569	0.01193	0.01067	0.01569	0.01820	0.00879	0.02385	0.01381	0.03641	0.01130	0.01318	0.00879	0.00753	0.00502	0.00251	0.00628	0.00439	0.00502	0.00879
48	0.02352	0.57548	0.03838	0.01537	0.02173	0.16980	0.01426	0.02601	0.01787	0.01925	0.01155	0.01336	0.01042	0.00724	0.00565	0.00181	0.00994	0.00453	0.00362	0.01020
49	0.01511	0.01210	0.01397	0.01284	0.01586	0.01288	0.00982	0.02690	0.28412	0.03312	0.39865	0.04797	0.05498	0.01426	0.00902	0.00264	0.00491	0.01238	0.00865	0.00982
50	0.77215	0.01569	0.01193	0.01067	0.01569	0.01820	0.00879	0.02385	0.01381	0.03641	0.01130	0.01318	0.00879	0.00753	0.00502	0.00251	0.00628	0.00439	0.00502	0.00879
51	0.01138	0.00829	0.01070	0.01010	0.01206	0.00761	0.00758	0.01511	0.02273	0.03196	0.62865	0.06156	0.10821	0.01680	0.00957	0.00256	0.00384	0.01481	0.00886	0.00761
52	0.00994	0.00721	0.00938	0.01099	0.01172	0.00666	0.00742	0.01151	0.01613	0.02136	0.07630	0.62698	0.10525	0.02461	0.01026	0.00321	0.00462	0.02218	0.00760	0.00666
53	0.01775	0.01775	0.02485	0.02130	0.02130	0.02485	0.01775	0.01953	0.01243	0.01953	0.01065	0.01775	0.01065	0.01420	0.02663	0.00355	0.69998	0.00710	0.00355	0.00888
54	0.01127	0.00812	0.01070	0.01069	0.01233	0.00755	0.00795	0.01464	0.02130	0.02981	0.50705	0.18595	0.07047	0.01861	0.00981	0.00276	0.00421	0.05075	0.00858	0.00744
55	0.00997	0.00710	0.00939	0.01119	0.01164	0.00665	0.00741	0.01132	0.01537	0.02049	0.04386	0.67985	0.05257	0.05660	0.01176	0.00350	0.00485	0.02256	0.00741	0.00651
56	0.01689	0.07224	0.56590	0.02404	0.03532	0.01969	0.10320	0.02567	0.01735	0.02541	0.01463	0.01751	0.01053	0.00757	0.00782	0.00255	0.01204	0.00635	0.00351	0.01179

[dist]
# distance from previous block
# <min> <max>
0	21

[block]
# block no. 1 follows, 23 sequences, length 36
# corresponding to MSA columns:
# 103-138
name=unknown_B
#
# <colnr> <probs for GDERKNQSTAVLIFYWHMCP>
#	G	D	E	R	K	N	Q	S	T	A	V	L	I	F	Y	W	H	M	C	P
0	0.02709	0.02086	0.02223	0.01791	0.02373	0.02341	0.01451	0.42767	0.25376	0.04507	0.02426	0.02329	0.01767	0.01019	0.00817	0.00255	0.00804	0.00796	0.00817	0.01346
1	0.01632	0.03974	0.61962	0.02223	0.03383	0.01819	0.02833	0.02527	0.01711	0.02576	0.01455	0.01711	0.01042	0.00757	0.00757	0.00246	0.01151	0.00590	0.00354	0.07299
2	0.04992	0.11283	0.24737	0.01840	0.02653	0.04922	0.01912	0.14069	0.05901	0.17028	0.01972	0.01986	0.01387	0.00871	0.00750	0.00242	0.00953	0.00660	0.00609	0.01235
3	0.02567	0.40572	0.03352	0.01712	0.02279	0.33186	0.01471	0.02803	0.01949	0.01944	0.01186	0.01376	0.01043	0.00760	0.00618	0.00190	0.01142	0.00475	0.00380	0.00995
4	0.00989	0.00706	0.00942	0.01130	0.01177	0.00659	0.00753	0.01130	0.01554	0.02071	0.04472	0.70954	0.05367	0.02542	0.01036	0.00330	0.00471	0.02307	0.00753	0.00659
5	0.02129	0.54559	0.15869	0.01610	0.02379	0.07521	0.01701	0.02513	0.01706	0.02038	0.01198	0.01390	0.01039	0.00718	0.00582	0.00192	0.00971	0.00471	0.00351	0.01064
6	0.01364	0.00718	0.01029	0.01029	0.01046	0.00710	0.00683	0.01073	0.01115	0.01470	0.01916	0.03014	0.05501	0.08057	0.03109	0.65898	0.00693	0.00803	0.00388	0.00384
7	0.01151	0.00890	0.01073	0.00984	0.01253	0.00776	0.00744	0.01482	0.02111	0.02899	0.43485	0.06097	0.23114	0.01660	0.00921	0.00247	0.00413	0.01435	0.00813	0.08453
8	0.01072	0.00790	0.01014	0.01172	0.01253	0.00769	0.00796	0.01388	0.06693	0.02179	0.04377	0.65447	0.05132	0.02425	0.01019	0.00325	0.00485	0.02194	0.00759	0.00710
9	0.02361	0.02381	0.07761	0.20157	0.03489	0.11819	0.05776	0.23511	0.08853	0.03301	0.01787	0.02039	0.01323	0.00888	0.00807	0.00252	0.01057	0.00720	0.00571	0.01145
10	0.02576	0.02154	0.02244	0.02102	0.08843	0.09201	0.01522	0.24607	0.27506	0.06937	0.02428	0.02369	0.01799	0.00985	0.00808	0.00252	0.00852	0.00786	0.00743	0.01286
11	0.77215	0.01569	0.01193	0.01067	0.01569	0.01820	0.00879	0.02385	0.01381	0.03641	0.01130	0.01318	0.00879	0.00753	0.00502	0.00251	0.00628	0.00439	0.00502	0.00879
12	0.01623	0.01403	0.01727	0.07023	0.02188	0.01173	0.01091	0.01975	0.01649	0.02524	0.01646	0.06774	0.01489	0.00796	0.00741	0.00158	0.03671	0.00644	0.00485	0.61218
13	0.02563	0.05685	0.02445	0.02068	0.02361	0.39931	0.01632	0.05409	0.01972	0.02108	0.01214	0.01587	0.01067	0.01040	0.01400	0.00260	0.25308	0.00594	0.00411	0.00945
14	0.01841	0.01437	0.01699	0.01221	0.01935	0.01091	0.00980	0.02198	0.01734	0.07860	0.01585	0.01770	0.01267	0.00634	0.00618	0.00131	0.00608	0.00508	0.00523	0.70359
15	0.01683	0.01442	0.01683	0.01202	0.01923	0.01082	0.00961	0.02043	0.01683	0.02644	0.01442	0.01683	0.01202	0.00601	0.00601	0.00120	0.00601	0.00481	0.00481	0.76444
16	0.01159	0.00869	0.01304	0.01304	0.01449	0.01014	0.01014	0.01449	0.01304	0.01884	0.02173	0.03188	0.02029	0.06086	0.68268	0.01304	0.02173	0.00869	0.00435	0.00724
17	0.01243	0.00892	0.01228	0.01395	0.01565	0.00878	0.01177	0.01579	0.01848	0.02419	0.08022	0.17585	0.06868	0.02244	0.01094	0.00357	0.00677	0.47439	0.00757	0.00734
18	0.01138	0.00829	0.01070	0.01009	0.01206	0.00761	0.00757	0.01510	0.02271	0.03193	0.62695	0.06161	0.10992	0.01681	0.00957	0.00256	0.00384	0.01481	0.00885	0.00761
19	0.00999	0.00784	0.00907	0.00979	0.01158	0.00692	0.00706	0.01202	0.01777	0.02245	0.11493	0.31232	0.36241	0.02211	0.00994	0.00297	0.00444	0.04190	0.00765	0.00684
20	0.01135	0.00816	0.01105	0.01285	0.01406	0.00787	0.01003	0.01386	0.01711	0.02241	0.04548	0.39772	0.07596	0.02383	0.01072	0.00348	0.00596	0.29358	0.00750	0.00701
21	0.01734	0.20752	0.47864	0.02009	0.03025	0.02147	0.02471	0.02475	0.01731	0.02446	0.05117	0.01864	0.01416	0.00803	0.00720	0.00236	0.01070	0.00609	0.00376	0.01135
22	0.02835	0.01750	0.02055	0.01646	0.02193	0.01857	0.01341	0.25270	0.13551	0.23957	0.02538	0.02462	0.01794	0.01371	0.05610	0.00327	0.04045	0.00790	0.00817	0.03789
23	0.02247	0.01851	0.08745	0.04832	0.02485	0.01601	0.05789	0.09784	0.08792	0.16418	0.04982	0.05197	0.01949	0.00987	0.00897	0.00238	0.04741	0.00814	0.00662	0.16989
24	0.01298	0.00850	0.01122	0.01178	0.01267	0.00858	0.00815	0.01439	0.01508	0.07216	0.03638	0.43883	0.04141	0.16024	0.06427	0.00482	0.04701	0.01773	0.00677	0.00703
25	0.01180	0.00787	0.00885	0.00885	0.00885	0.00787	0.00492	0.01180	0.01180	0.01573	0.02557	0.05310	0.02950	0.71483	0.04130	0.00787	0.00787	0.01180	0.00492	0.00492
26	0.02294	0.02322	0.01961	0.01771	0.02219	0.20066	0.01362	0.04020	0.47876	0.03010	0.02744	0.02601	0.02087	0.01029	0.00800	0.00257	0.00866	0.00810	0.00715	0.01191
27	0.01649	0.01515	0.02472	0.62486	0.08124	0.01852	0.02220	0.05878	0.01767	0.02286	0.01477	0.02143	0.01109	0.00817	0.00811	0.00267	0.01065	0.00722	0.00390	0.00948
28	0.02994	0.02269	0.02345	0.01811	0.02451	0.06384	0.01484	0.52681	0.03493	0.07281	0.01917	0.01931	0.01371	0.00937	0.00790	0.00232	0.00897	0.00702	0.00769	0.07262
29	0.01396	0.01150	0.01267	0.01181	0.01493	0.01183	0.00902	0.02399	0.24335	0.02967	0.25503	0.05541	0.24332	0.01587	0.00911	0.00268	0.00484	0.01350	0.00825	0.00924
30	0.01387	0.00943	0.01317	0.01479	0.01678	0.00934	0.01283	0.01750	0.01874	0.04927	0.04260	0.11091	0.04591	0.02204	0.01106	0.00367	0.00735	0.56545	0.00757	0.00769
31	0.01272	0.00914	0.01261	0.01431	0.01614	0.00904	0.01231	0.01628	0.01869	0.02434	0.06931	0.12059	0.07214	0.02226	0.01104	0.00363	0.00706	0.53345	0.00754	0.00741
32	0.01936	0.01832	0.03093	0.21279	0.45055	0.01930	0.04944	0.05442	0.01891	0.02624	0.01531	0.02053	0.01236	0.00756	0.00812	0.00250	0.01008	0.00733	0.00412	0.01184
33	0.01061	0.00768	0.00997	0.01152	0.01246	0.00724	0.00829	0.01244	0.01619	0.02118	0.04686	0.47887	0.11248	0.07266	0.01261	0.00364	0.00541	0.13587	0.00734	0.00667
34	0.02022	0.01983	0.03188	0.09372	0.59216	0.04970	0.02431	0.02496	0.01853	0.02580	0.01508	0.01994	0.01260	0.00734	0.00801	0.00242	0.00995	0.00714	0.00400	0.01243
35	0.07186	0.08197	0.02425	0.02114	0.06061	0.48488	0.01557	0.08098	0.04327	0.02417	0.01377	0.01565	0.01123	0.00835	0.00717	0.00216	0.01271	0.00553	0.00463	0.01011

[dist]
# distance from previous block
# <min> <max>
0	1

[block]
# block no. 2 follows, 23 sequences, length 9
# corresponding to MSA columns:
# 140-148
name=unknown_C
#
# <colnr> <probs for GDERKNQSTAVLIFYWHMCP>
#	G	D	E	R	K	N	Q	S	T	A	V	L	I	F	Y	W	H	M	C	P
0	0.03085	0.02273	0.02435	0.01867	0.02516	0.02516	0.01542	0.63716	0.03815	0.05114	0.01948	0.01948	0.01380	0.00974	0.00812	0.00244	0.00893	0.00731	0.00812	0.01380
1	0.07464	0.02228	0.02171	0.04912	0.02476	0.11783	0.01481	0.35650	0.07792	0.06929	0.02132	0.02575	0.01676	0.01050	0.00808	0.00254	0.00927	0.05772	0.00719	0.01202
2	0.01532	0.01442	0.02434	0.69533	0.05589	0.01803	0.02253	0.02073	0.01622	0.02073	0.01442	0.02163	0.01082	0.00811	0.00811	0.00270	0.01082	0.00721	0.00361	0.00901
3	0.01127	0.00829	0.01056	0.00999	0.01199	0.00757	0.00749	0.01491	0.02247	0.03136	0.59606	0.06254	0.14117	0.01703	0.00957	0.00257	0.00386	0.01495	0.00878	0.00757
4	0.03641	0.01381	0.01883	0.01444	0.02071	0.01193	0.01193	0.03954	0.02322	0.66984	0.03201	0.02762	0.02009	0.01004	0.00816	0.00251	0.00690	0.00816	0.01004	0.01381
5	0.77215	0.01569	0.01193	0.01067	0.01569	0.01820	0.00879	0.02385	0.01381	0.03641	0.01130	0.01318	0.00879	0.00753	0.00502	0.00251	0.00628	0.00439	0.00502	0.00879
6	0.01148	0.00829	0.01085	0.01021	0.01212	0.00766	0.00766	0.01531	0.02297	0.03254	0.65994	0.06061	0.07656	0.01659	0.00957	0.00255	0.00383	0.01467	0.00893	0.00766
7	0.02606	0.01225	0.01597	0.01332	0.01782	0.01131	0.01057	0.03144	0.09183	0.38288	0.19907	0.08723	0.03803	0.01302	0.00871	0.00261	0.00587	0.01110	0.00937	0.01154
8	0.01477	0.00895	0.01182	0.01088	0.01327	0.00815	0.00823	0.01830	0.02238	0.11893	0.52202	0.11074	0.06689	0.01643	0.00944	0.00261	0.00432	0.01449	0.00897	0.00841

[dist]
# distance from previous block
# <min> <max>
0	1

[block]
# block no. 3 follows, 23 sequences, length 7
# corresponding to MSA columns:
# 150-156
name=unknown_D
#
# <colnr> <probs for GDERKNQSTAVLIFYWHMCP>
#	G	D	E	R	K	N	Q	S	T	A	V	L	I	F	Y	W	H	M	C	P
0	0.02296	0.01625	0.07188	0.01773	0.06041	0.01437	0.04127	0.06940	0.02124	0.24546	0.10719	0.03687	0.13383	0.01256	0.01071	0.00268	0.08666	0.01011	0.00743	0.01100
1	0.02061	0.01668	0.01858	0.01413	0.02062	0.01555	0.01137	0.18841	0.09529	0.03371	0.02139	0.02222	0.04718	0.00833	0.00702	0.00179	0.00674	0.00661	0.00623	0.43754
2	0.02688	0.06176	0.02538	0.02422	0.13279	0.26167	0.01669	0.20074	0.11388	0.03164	0.01774	0.01902	0.01380	0.00885	0.00769	0.00232	0.01075	0.00665	0.00579	0.01175
3	0.02476	0.01707	0.01890	0.01597	0.02113	0.01857	0.01271	0.14572	0.37499	0.16652	0.03338	0.03070	0.06014	0.01116	0.00829	0.00265	0.00683	0.00911	0.00855	0.01285
4	0.17608	0.02800	0.01993	0.01718	0.02225	0.36126	0.01333	0.08959	0.02198	0.07309	0.01458	0.01600	0.01132	0.00818	0.00685	0.00214	0.01088	0.00543	0.00522	0.09672
5	0.01583	0.01336	0.01576	0.01191	0.01816	0.01021	0.00932	0.01912	0.01664	0.02562	0.01878	0.11641	0.01801	0.00880	0.00663	0.00150	0.00582	0.00743	0.00520	0.65549
6	0.02393	0.09773	0.04508	0.01455	0.02121	0.01685	0.01250	0.13879	0.06144	0.16229	0.04487	0.02163	0.01705	0.00841	0.00708	0.00195	0.00719	0.00659	0.00665	0.28421

[dist]
# distance from previous block
# <min> <max>
0	1

[block]
# block no. 4 follows, 23 sequences, length 17
# corresponding to MSA columns:
# 158-174
name=unknown_E
#
# <colnr> <probs for GDERKNQSTAVLIFYWHMCP>
#	G	D	E	R	K	N	Q	S	T	A	V	L	I	F	Y	W	H	M	C	P
0	0.58863	0.05056	0.06628	0.01288	0.01841	0.01972	0.01158	0.06988	0.01595	0.03511	0.01214	0.01416	0.00944	0.00799	0.00647	0.00252	0.03893	0.00486	0.00499	0.00949
1	0.01180	0.00787	0.00885	0.00885	0.00885	0.00787	0.00492	0.01180	0.01180	0.01573	0.02557	0.05310	0.02950	0.71483	0.04130	0.00787	0.00787	0.01180	0.00492	0.00492
2	0.03085	0.02273	0.02435	0.01867	0.02516	0.02516	0.01542	0.63716	0.03815	0.05114	0.01948	0.01948	0.01380	0.00974	0.00812	0.00244	0.00893	0.00731	0.00812	0.01380
3	0.01683	0.01442	0.01683	0.01202	0.01923	0.01082	0.00961	0.02043	0.01683	0.02644	0.01442	0.01683	0.01202	0.00601	0.00601	0.00120	0.00601	0.00481	0.00481	0.76444
4	0.01775	0.01775	0.02485	0.02130	0.02130	0.02485	0.01775	0.01953	0.01243	0.01953	0.01065	0.01775	0.01065	0.01420	0.02663	0.00355	0.69998	0.00710	0.00355	0.00888
5	0.02353	0.02281	0.01992	0.01780	0.02213	0.19301	0.01379	0.03891	0.42066	0.06210	0.02646	0.02540	0.02006	0.01043	0.00896	0.00261	0.04459	0.00798	0.00704	0.01179
6	0.02321	0.01919	0.02336	0.08333	0.07914	0.02124	0.04217	0.24217	0.27556	0.03737	0.02370	0.02401	0.01766	0.00961	0.00814	0.00255	0.00825	0.00803	0.00711	0.04421
7	0.01513	0.00756	0.00756	0.00756	0.00945	0.00756	0.00567	0.01891	0.01702	0.03025	0.02647	0.03025	0.02080	0.00945	0.00567	0.00189	0.00378	0.00756	0.75988	0.00756
8	0.01683	0.01442	0.01683	0.01202	0.01923	0.01082	0.00961	0.02043	0.01683	0.02644	0.01442	0.01683	0.01202	0.00601	0.00601	0.00120	0.00601	0.00481	0.00481	0.76444
9	0.03031	0.03867	0.02299	0.02090	0.02508	0.68226	0.01568	0.03240	0.02299	0.01986	0.01254	0.01463	0.01045	0.00836	0.00732	0.00209	0.01463	0.00523	0.00418	0.00941
10	0.01744	0.03383	0.41949	0.02762	0.03807	0.01952	0.27511	0.02582	0.01795	0.02582	0.01531	0.01906	0.01110	0.00736	0.00847	0.00264	0.01268	0.00745	0.00370	0.01157
11	0.07820	0.03719	0.02228	0.02024	0.02448	0.63939	0.01523	0.03185	0.02240	0.02093	0.01246	0.01454	0.01034	0.00831	0.00717	0.00212	0.01409	0.00517	0.00424	0.00937
12	0.02309	0.01888	0.01999	0.01710	0.02221	0.02154	0.01355	0.20533	0.48261	0.03864	0.02933	0.02733	0.02177	0.01066	0.00822	0.00267	0.00711	0.00866	0.00822	0.01310
13	0.77215	0.01569	0.01193	0.01067	0.01569	0.01820	0.00879	0.02385	0.01381	0.03641	0.01130	0.01318	0.00879	0.00753	0.00502	0.00251	0.00628	0.00439	0.00502	0.00879
14	0.01136	0.00820	0.01074	0.01029	0.01210	0.00758	0.00765	0.01501	0.02241	0.03165	0.61373	0.10935	0.07484	0.01725	0.00963	0.00261	0.00389	0.01530	0.00883	0.00758
15	0.01159	0.00869	0.01304	0.01304	0.01449	0.01014	0.01014	0.01449	0.01304	0.01884	0.02173	0.03188	0.02029	0.06086	0.68268	0.01304	0.02173	0.00869	0.00435	0.00724
16	0.06773	0.01999	0.02114	0.01715	0.02275	0.02239	0.01388	0.38678	0.22878	0.04403	0.05328	0.02446	0.01992	0.01034	0.00806	0.00254	0.00775	0.00808	0.00803	0.01293

[dist]
# distance from previous block
# <min> <max>
0	2

[block]
# block no. 5 follows, 23 sequences, length 55
# corresponding to MSA columns:
# 177-231
name=unknown_F
#
# <colnr> <probs for GDERKNQSTAVLIFYWHMCP>
#	G	D	E	R	K	N	Q	S	T	A	V	L	I	F	Y	W	H	M	C	P
0	0.01313	0.00901	0.01340	0.01313	0.01488	0.01025	0.01025	0.01604	0.01367	0.05917	0.02237	0.03161	0.02027	0.05771	0.64089	0.01239	0.02082	0.00866	0.00470	0.00765
1	0.41860	0.31866	0.02560	0.01239	0.01829	0.02447	0.01126	0.04961	0.01598	0.02958	0.01163	0.01337	0.00970	0.00737	0.00523	0.00217	0.00742	0.00449	0.00448	0.00970
2	0.01774	0.01510	0.01768	0.01288	0.01970	0.01238	0.01037	0.05859	0.01793	0.02764	0.01455	0.01704	0.01206	0.00664	0.00714	0.00139	0.03976	0.00507	0.00495	0.68138
3	0.05168	0.02402	0.21513	0.05402	0.02711	0.01805	0.01872	0.11815	0.06244	0.20639	0.04342	0.02288	0.01675	0.00979	0.00967	0.00264	0.07313	0.00740	0.00651	0.01209
4	0.01049	0.00747	0.00995	0.01142	0.01203	0.00727	0.00785	0.01203	0.01505	0.02017	0.04006	0.52480	0.04704	0.10935	0.08151	0.00484	0.00696	0.05827	0.00690	0.00652
5	0.03641	0.01381	0.01883	0.01444	0.02071	0.01193	0.01193	0.03954	0.02322	0.66984	0.03201	0.02762	0.02009	0.01004	0.00816	0.00251	0.00690	0.00816	0.01004	0.01381
6	0.06767	0.09508	0.02547	0.01979	0.02175	0.17238	0.01633	0.02317	0.01530	0.02060	0.01118	0.01628	0.01047	0.01173	0.01875	0.00297	0.43193	0.00623	0.00377	0.00915
7	0.01513	0.00756	0.00756	0.00756	0.00945	0.00756	0.00567	0.01891	0.01702	0.03025	0.02647	0.03025	0.02080	0.00945	0.00567	0.00189	0.00378	0.00756	0.75988	0.00756
8	0.02994	0.03671	0.02349	0.02189	0.05065	0.60684	0.01603	0.07710	0.02394	0.02245	0.01317	0.01521	0.01080	0.00842	0.00740	0.00213	0.01401	0.00546	0.00447	0.00987
9	0.13148	0.01706	0.04215	0.01546	0.04001	0.07467	0.01206	0.02892	0.22401	0.05824	0.20666	0.03618	0.03554	0.01195	0.00813	0.00261	0.00678	0.03049	0.00731	0.01026
10	0.02018	0.01743	0.01835	0.01651	0.02110	0.02018	0.01284	0.04312	0.64956	0.03394	0.03303	0.03027	0.02477	0.01101	0.00826	0.00275	0.00642	0.00917	0.00826	0.01284
11	0.01213	0.00912	0.01258	0.01362	0.06223	0.00858	0.00932	0.01587	0.02183	0.03072	0.52794	0.10433	0.06816	0.01686	0.00961	0.00267	0.00457	0.05352	0.00836	0.00797
12	0.01409	0.00705	0.01057	0.01057	0.01057	0.00705	0.00705	0.01057	0.01057	0.01409	0.01409	0.02467	0.01409	0.02819	0.03171	0.76392	0.00705	0.00705	0.00352	0.00352
13	0.03031	0.03867	0.02299	0.02090	0.02508	0.68226	0.01568	0.03240	0.02299	0.01986	0.01254	0.01463	0.01045	0.00836	0.00732	0.00209	0.01463	0.00523	0.00418	0.00941
14	0.01683	0.01442	0.01683	0.01202	0.01923	0.01082	0.00961	0.02043	0.01683	0.02644	0.01442	0.01683	0.01202	0.00601	0.00601	0.00120	0.00601	0.00481	0.00481	0.76444
15	0.01015	0.00742	0.01014	0.04439	0.01390	0.00714	0.00826	0.01175	0.01557	0.02071	0.04326	0.67626	0.05159	0.02458	0.01025	0.00327	0.00500	0.02230	0.00734	0.00671
16	0.77215	0.01569	0.01193	0.01067	0.01569	0.01820	0.00879	0.02385	0.01381	0.03641	0.01130	0.01318	0.00879	0.00753	0.00502	0.00251	0.00628	0.00439	0.00502	0.00879
17	0.02921	0.07199	0.02369	0.02026	0.02461	0.60591	0.01540	0.03269	0.06356	0.02074	0.01382	0.01557	0.01138	0.00846	0.00727	0.00212	0.01379	0.00544	0.00441	0.00968
18	0.62881	0.01861	0.01420	0.01243	0.01752	0.08359	0.01010	0.08346	0.01704	0.03621	0.01220	0.01393	0.00943	0.00782	0.00554	0.00246	0.00735	0.00475	0.00524	0.00933
19	0.00987	0.00714	0.00934	0.01110	0.01172	0.00661	0.00744	0.01132	0.01573	0.02079	0.04717	0.66832	0.09331	0.02510	0.01031	0.00326	0.00467	0.02268	0.00753	0.00661
20	0.03085	0.02273	0.02435	0.01867	0.02516	0.02516	0.01542	0.63716	0.03815	0.05114	0.01948	0.01948	0.01380	0.00974	0.00812	0.00244	0.00893	0.00731	0.00812	0.01380
21	0.01160	0.00865	0.01282	0.01282	0.01419	0.01002	0.00987	0.01435	0.01298	0.01867	0.02194	0.03300	0.02077	0.09533	0.64887	0.01277	0.02100	0.00886	0.00438	0.00712
22	0.01627	0.04197	0.67279	0.02313	0.03512	0.01884	0.02998	0.02570	0.01713	0.02570	0.01456	0.01713	0.01028	0.00771	0.00771	0.00257	0.01199	0.00600	0.00343	0.01199
23	0.01834	0.27891	0.41711	0.02049	0.03050	0.02359	0.05754	0.02522	0.01702	0.02339	0.01351	0.01595	0.01044	0.00739	0.00693	0.00229	0.01092	0.00561	0.00348	0.01138
24	0.01177	0.00799	0.00947	0.00947	0.00969	0.00820	0.00569	0.01220	0.01198	0.01619	0.02500	0.04995	0.02813	0.61775	0.13651	0.00863	0.00993	0.01134	0.00483	0.00526
25	0.05188	0.40930	0.03316	0.05873	0.05712	0.09558	0.01461	0.02735	0.05699	0.07967	0.01513	0.01660	0.01232	0.00770	0.00623	0.00201	0.00901	0.00542	0.00457	0.03660
26	0.01180	0.00787	0.00885	0.00885	0.00885	0.00787	0.00492	0.01180	0.01180	0.01573	0.02557	0.05310	0.02950	0.71483	0.04130	0.00787	0.00787	0.01180	0.00492	0.00492
27	0.01683	0.01442	0.01683	0.01202	0.01923	0.01082	0.00961	0.02043	0.01683	0.02644	0.01442	0.01683	0.01202	0.00601	0.00601	0.00120	0.00601	0.00481	0.00481	0.76444
28	0.01002	0.00828	0.00882	0.00880	0.01137	0.00707	0.00667	0.01242	0.01920	0.02366	0.17008	0.07592	0.54595	0.02001	0.00965	0.00275	0.00420	0.04038	0.00775	0.00700
29	0.01180	0.00787	0.00885	0.00885	0.00885	0.00787	0.00492	0.01180	0.01180	0.01573	0.02557	0.05310	0.02950	0.71483	0.04130	0.00787	0.00787	0.01180	0.00492	0.00492
30	0.03013	0.02135	0.02315	0.01786	0.02398	0.02338	0.01462	0.56527	0.03576	0.08749	0.02060	0.02186	0.01506	0.04908	0.00997	0.00274	0.00874	0.00761	0.00806	0.01330
31	0.01027	0.00735	0.00984	0.01155	0.01224	0.00691	0.00803	0.01205	0.01630	0.02180	0.08473	0.61204	0.05454	0.02458	0.01038	0.00329	0.00490	0.07485	0.00762	0.00674
32	0.02041	0.02189	0.06693	0.04285	0.50672	0.07159	0.02366	0.02493	0.01807	0.02516	0.01449	0.01923	0.01227	0.00813	0.01006	0.00252	0.08807	0.00699	0.00394	0.01209
33	0.02106	0.54230	0.17110	0.01618	0.02400	0.06563	0.01730	0.02504	0.01698	0.02049	0.01203	0.01395	0.01039	0.00718	0.00584	0.00193	0.00969	0.00473	0.00350	0.01068
34	0.06782	0.63415	0.07967	0.01426	0.02139	0.03042	0.01457	0.02436	0.01636	0.02057	0.01149	0.01328	0.01030	0.00703	0.00535	0.00184	0.00873	0.00444	0.00356	0.01041
35	0.02868	0.06189	0.06435	0.02208	0.05399	0.58890	0.01691	0.03137	0.02220	0.02049	0.01274	0.01497	0.01055	0.00822	0.00730	0.00212	0.01404	0.00533	0.00410	0.00976
36	0.01992	0.38297	0.16920	0.02222	0.05485	0.02607	0.17185	0.02502	0.01736	0.02242	0.01337	0.01633	0.01096	0.00708	0.00691	0.00218	0.01062	0.00609	0.00364	0.01096
37	0.02191	0.01705	0.01840	0.01629	0.02106	0.01930	0.01275	0.04274	0.58292	0.10160	0.03292	0.02999	0.02427	0.01091	0.00825	0.00273	0.00647	0.00907	0.00845	0.01295
38	0.01909	0.10371	0.17521	0.10376	0.03910	0.02085	0.34281	0.02568	0.01826	0.05031	0.01584	0.02008	0.01181	0.00731	0.00847	0.00258	0.01216	0.00791	0.00407	0.01100
39	0.01555	0.00908	0.01185	0.01092	0.01339	0.00824	0.00820	0.01872	0.02143	0.14106	0.42026	0.13481	0.09180	0.04474	0.01069	0.00286	0.00465	0.01457	0.00872	0.00845
40	0.00987	0.00831	0.00861	0.00876	0.01143	0.00705	0.00672	0.01206	0.01851	0.02211	0.07906	0.07916	0.61182	0.02070	0.00972	0.00282	0.00438	0.06449	0.00753	0.00690
41	0.01628	0.01540	0.02607	0.56501	0.17870	0.01828	0.02301	0.02157	0.01668	0.02190	0.01459	0.02132	0.01123	0.00793	0.00810	0.00264	0.01058	0.00721	0.00369	0.00979
42	0.01923	0.02048	0.04109	0.08284	0.26168	0.01992	0.38059	0.02527	0.01872	0.02583	0.01588	0.02124	0.01240	0.00706	0.00894	0.00262	0.01207	0.00860	0.00404	0.01149
43	0.01513	0.00756	0.00756	0.00756	0.00945	0.00756	0.00567	0.01891	0.01702	0.03025	0.02647	0.03025	0.02080	0.00945	0.00567	0.00189	0.00378	0.00756	0.75988	0.00756
44	0.01150	0.00862	0.01253	0.01253	0.01395	0.00983	0.00961	0.01417	0.01325	0.01881	0.02516	0.03563	0.05463	0.09922	0.60749	0.01218	0.01995	0.00933	0.00455	0.00708
45	0.01267	0.01504	0.13543	0.01492	0.01835	0.01059	0.04445	0.01615	0.01612	0.02196	0.05303	0.21827	0.06912	0.11057	0.07128	0.03004	0.00886	0.11951	0.00589	0.00776
46	0.02181	0.63808	0.08259	0.01487	0.02199	0.06694	0.01503	0.02483	0.01689	0.01956	0.01156	0.01337	0.01041	0.00707	0.00549	0.00181	0.00922	0.00450	0.00351	0.01046
47	0.01775	0.01775	0.02485	0.02130	0.02130	0.02485	0.01775	0.01953	0.01243	0.01953	0.01065	0.01775	0.01065	0.01420	0.02663	0.00355	0.69998	0.00710	0.00355	0.00888
48	0.03031	0.03867	0.02299	0.02090	0.02508	0.68226	0.01568	0.03240	0.02299	0.01986	0.01254	0.01463	0.01045	0.00836	0.00732	0.00209	0.01463	0.00523	0.00418	0.00941
49	0.01415	0.01263	0.02017	0.35694	0.03649	0.01478	0.04051	0.01836	0.01705	0.02256	0.09245	0.11630	0.05003	0.01364	0.01049	0.00295	0.06389	0.08296	0.00525	0.00839
50	0.17249	0.01350	0.01683	0.13912	0.02468	0.01345	0.01234	0.02545	0.01871	0.19988	0.10534	0.02868	0.02326	0.00984	0.00746	0.00237	0.00696	0.03164	0.00668	0.14131
51	0.01164	0.00840	0.01107	0.01069	0.01260	0.00783	0.00820	0.01546	0.02254	0.03171	0.59766	0.06373	0.07355	0.01718	0.00974	0.00267	0.00420	0.07473	0.00878	0.00764
52	0.03031	0.03867	0.02299	0.02090	0.02508	0.68226	0.01568	0.03240	0.02299	0.01986	0.01254	0.01463	0.01045	0.00836	0.00732	0.00209	0.01463	0.00523	0.00418	0.00941
53	0.69361	0.01813	0.01310	0.01175	0.01669	0.08851	0.00952	0.02476	0.01478	0.03465	0.01143	0.01334	0.00896	0.00762	0.00526	0.00247	0.00716	0.00448	0.00493	0.00885
54	0.03022	0.02331	0.02394	0.01867	0.02493	0.06097	0.01529	0.57083	0.07141	0.04846	0.01986	0.01982	0.01423	0.00974	0.00808	0.00243	0.00910	0.00730	0.00791	0.01350

[dist]
# distance from previous block
# <min> <max>
0	1

[block]
# block no. 6 follows, 23 sequences, length 28
# corresponding to MSA columns:
# 233-260
name=unknown_G
#
# <colnr> <probs for GDERKNQSTAVLIFYWHMCP>
#	G	D	E	R	K	N	Q	S	T	A	V	L	I	F	Y	W	H	M	C	P
0	0.01664	0.01419	0.01650	0.01226	0.01892	0.01117	0.00970	0.02135	0.05699	0.02659	0.01734	0.05732	0.01521	0.00744	0.00640	0.00142	0.00596	0.00613	0.00518	0.67327
1	0.01947	0.02323	0.12380	0.08032	0.04004	0.01964	0.43973	0.02731	0.05705	0.06012	0.01786	0.02206	0.01310	0.00747	0.00907	0.00270	0.01245	0.00883	0.00454	0.01120
2	0.01159	0.00869	0.01304	0.01304	0.01449	0.01014	0.01014	0.01449	0.01304	0.01884	0.02173	0.03188	0.02029	0.06086	0.68268	0.01304	0.02173	0.00869	0.00435	0.00724
3	0.01683	0.01442	0.01683	0.01202	0.01923	0.01082	0.00961	0.02043	0.01683	0.02644	0.01442	0.01683	0.01202	0.00601	0.00601	0.00120	0.00601	0.00481	0.00481	0.76444
4	0.00989	0.00706	0.00942	0.01130	0.01177	0.00659	0.00753	0.01130	0.01554	0.02071	0.04472	0.70954	0.05367	0.02542	0.01036	0.00330	0.00471	0.02307	0.00753	0.00659
5	0.01513	0.00756	0.00756	0.00756	0.00945	0.00756	0.00567	0.01891	0.01702	0.03025	0.02647	0.03025	0.02080	0.00945	0.00567	0.00189	0.00378	0.00756	0.75988	0.00756
6	0.03609	0.01431	0.01914	0.01468	0.02097	0.01267	0.01212	0.07331	0.02407	0.63488	0.03130	0.02716	0.01973	0.01003	0.00816	0.00251	0.00702	0.00811	0.00993	0.01381
7	0.01286	0.00927	0.01278	0.01454	0.01646	0.00919	0.01266	0.01650	0.01867	0.02414	0.04534	0.09072	0.08389	0.02230	0.01111	0.00368	0.00727	0.57373	0.00748	0.00743
8	0.01897	0.02317	0.08762	0.03350	0.04194	0.02041	0.59628	0.02597	0.01902	0.02597	0.01630	0.02159	0.01218	0.00690	0.00946	0.00273	0.01357	0.00935	0.00406	0.01101
9	0.01009	0.00721	0.00965	0.01153	0.01209	0.00677	0.00788	0.01165	0.01573	0.02094	0.04461	0.67035	0.05323	0.02523	0.01041	0.00332	0.00488	0.06026	0.00753	0.00665
10	0.01389	0.00908	0.01129	0.01098	0.01206	0.00940	0.00750	0.04322	0.01444	0.05339	0.02663	0.08464	0.02832	0.42388	0.18183	0.00807	0.01084	0.03851	0.00547	0.00655
11	0.03085	0.02273	0.02435	0.01867	0.02516	0.02516	0.01542	0.63716	0.03815	0.05114	0.01948	0.01948	0.01380	0.00974	0.00812	0.00244	0.00893	0.00731	0.00812	0.01380
12	0.01775	0.01775	0.02485	0.02130	0.02130	0.02485	0.01775	0.01953	0.01243	0.01953	0.01065	0.01775	0.01065	0.01420	0.02663	0.00355	0.69998	0.00710	0.00355	0.00888
13	0.01308	0.00934	0.01308	0.01494	0.01681	0.00934	0.01308	0.01681	0.01868	0.02428	0.04296	0.09153	0.04670	0.02242	0.01121	0.00374	0.00747	0.60960	0.00747	0.00747
14	0.02391	0.01814	0.02167	0.01776	0.02157	0.02123	0.01451	0.33084	0.02598	0.06478	0.01856	0.02285	0.01505	0.04609	0.13100	0.00475	0.17610	0.00770	0.00634	0.01115
15	0.03641	0.01381	0.01883	0.01444	0.02071	0.01193	0.01193	0.03954	0.02322	0.66984	0.03201	0.02762	0.02009	0.01004	0.00816	0.00251	0.00690	0.00816	0.01004	0.01381
16	0.01148	0.00829	0.01085	0.01021	0.01212	0.00766	0.00766	0.01531	0.02297	0.03254	0.65994	0.06061	0.07656	0.01659	0.00957	0.00255	0.00383	0.01467	0.00893	0.00766
17	0.02017	0.01760	0.01972	0.01965	0.08174	0.02010	0.01398	0.04140	0.59005	0.03324	0.03135	0.02931	0.02365	0.01065	0.00824	0.00272	0.00673	0.00899	0.00786	0.01284
18	0.02335	0.59197	0.03905	0.01494	0.02162	0.08204	0.01419	0.09059	0.01932	0.02258	0.01226	0.01383	0.01078	0.00735	0.00568	0.00184	0.00917	0.00473	0.00402	0.01070
19	0.02018	0.01743	0.01835	0.01651	0.02110	0.02018	0.01284	0.04312	0.64956	0.03394	0.03303	0.03027	0.02477	0.01101	0.00826	0.00275	0.00642	0.00917	0.00826	0.01284
20	0.02813	0.01314	0.01709	0.01346	0.01882	0.01165	0.01090	0.06973	0.02343	0.41286	0.17682	0.03371	0.03210	0.01113	0.00826	0.00238	0.00622	0.00928	0.00911	0.09178
21	0.02018	0.01743	0.01835	0.01651	0.02110	0.02018	0.01284	0.04312	0.64956	0.03394	0.03303	0.03027	0.02477	0.01101	0.00826	0.00275	0.00642	0.00917	0.00826	0.01284
22	0.01513	0.00756	0.00756	0.00756	0.00945	0.00756	0.00567	0.01891	0.01702	0.03025	0.02647	0.03025	0.02080	0.00945	0.00567	0.00189	0.00378	0.00756	0.75988	0.00756
23	0.01287	0.00927	0.01279	0.01455	0.01646	0.00919	0.01267	0.01651	0.01867	0.02414	0.04529	0.09073	0.08307	0.02230	0.01111	0.00368	0.00727	0.57452	0.00748	0.00743
24	0.01532	0.01442	0.02434	0.69533	0.05589	0.01803	0.02253	0.02073	0.01622	0.02073	0.01442	0.02163	0.01082	0.00811	0.00811	0.00270	0.01082	0.00721	0.00361	0.00901
25	0.01532	0.01442	0.02434	0.69533	0.05589	0.01803	0.02253	0.02073	0.01622	0.02073	0.01442	0.02163	0.01082	0.00811	0.00811	0.00270	0.01082	0.00721	0.00361	0.00901
26	0.06960	0.03119	0.02170	0.05800	0.02561	0.44698	0.01516	0.07151	0.13479	0.02534	0.01667	0.01805	0.01314	0.00886	0.00745	0.00229	0.01212	0.00613	0.00517	0.01024
27	0.05500	0.40754	0.03358	0.01699	0.05956	0.02673	0.01438	0.14651	0.04789	0.09808	0.01629	0.01702	0.01281	0.00804	0.00638	0.00207	0.00840	0.00571	0.00539	0.01163

[dist]
# distance from previous block
# <min> <max>
6	9

[block]
# block no. 7 follows, 23 sequences, length 76
# corresponding to MSA columns:
# 272-347
name=unknown_H
#
# <colnr> <probs for GDERKNQSTAVLIFYWHMCP>
#	G	D	E	R	K	N	Q	S	T	A	V	L	I	F	Y	W	H	M	C	P
0	0.01683	0.01442	0.01683	0.01202	0.01923	0.01082	0.00961	0.02043	0.01683	0.02644	0.01442	0.01683	0.01202	0.00601	0.00601	0.00120	0.00601	0.00481	0.00481	0.76444
1	0.01678	0.14069	0.53759	0.02094	0.03155	0.02012	0.02619	0.02484	0.01740	0.02514	0.05448	0.01924	0.01445	0.00815	0.00745	0.00244	0.01099	0.00629	0.00378	0.01149
2	0.06043	0.01383	0.04393	0.01874	0.09278	0.01320	0.04059	0.05301	0.07080	0.02667	0.05387	0.05588	0.10219	0.07873	0.03340	0.00378	0.00810	0.21464	0.00644	0.00899
3	0.01111	0.00805	0.01035	0.01023	0.01184	0.00743	0.00742	0.01422	0.02084	0.02901	0.48678	0.17831	0.10123	0.05287	0.01128	0.00296	0.00420	0.01618	0.00841	0.00729
4	0.01513	0.00756	0.00756	0.00756	0.00945	0.00756	0.00567	0.01891	0.01702	0.03025	0.02647	0.03025	0.02080	0.00945	0.00567	0.00189	0.00378	0.00756	0.75988	0.00756
5	0.02194	0.64098	0.07487	0.01482	0.02185	0.07210	0.01485	0.02488	0.01693	0.01949	0.01153	0.01334	0.01041	0.00707	0.00547	0.00180	0.00923	0.00448	0.00351	0.01043
6	0.01888	0.01436	0.01704	0.01227	0.01939	0.01093	0.00986	0.02244	0.01750	0.09394	0.01627	0.01796	0.01286	0.00643	0.00623	0.00134	0.00610	0.00516	0.00536	0.68569
7	0.00989	0.00706	0.00942	0.01130	0.01177	0.00659	0.00753	0.01130	0.01554	0.02071	0.04472	0.70954	0.05367	0.02542	0.01036	0.00330	0.00471	0.02307	0.00753	0.00659
8	0.52071	0.01733	0.01497	0.01296	0.01807	0.04286	0.01062	0.11913	0.05398	0.06850	0.01621	0.01930	0.01273	0.00887	0.00618	0.00255	0.00708	0.03195	0.00600	0.00999
9	0.06046	0.68335	0.04094	0.01372	0.02056	0.03139	0.01362	0.02427	0.01635	0.01998	0.01128	0.01302	0.01033	0.00697	0.00520	0.00178	0.00855	0.00434	0.00355	0.01033
10	0.01371	0.00974	0.01405	0.01302	0.01449	0.01041	0.04124	0.01572	0.01413	0.05771	0.04967	0.09850	0.02753	0.26300	0.27536	0.00839	0.04979	0.01115	0.00528	0.00711
11	0.03031	0.03867	0.02299	0.02090	0.02508	0.68226	0.01568	0.03240	0.02299	0.01986	0.01254	0.01463	0.01045	0.00836	0.00732	0.00209	0.01463	0.00523	0.00418	0.00941
12	0.01085	0.00827	0.00997	0.00954	0.01173	0.00739	0.00716	0.01409	0.02148	0.02900	0.46715	0.06644	0.27156	0.01791	0.00958	0.00261	0.00392	0.01549	0.00847	0.00739
13	0.01402	0.00708	0.01034	0.01041	0.01054	0.00706	0.00698	0.01112	0.01114	0.01533	0.01589	0.04778	0.01583	0.02692	0.02937	0.69093	0.00677	0.00761	0.05101	0.00388
14	0.07291	0.01523	0.01886	0.01491	0.02089	0.01465	0.01220	0.09069	0.11905	0.48613	0.02998	0.02655	0.01965	0.01003	0.00800	0.00254	0.00697	0.00804	0.00934	0.01339
15	0.02560	0.01900	0.02076	0.01635	0.02209	0.02013	0.01315	0.38997	0.10305	0.06147	0.02204	0.04961	0.01754	0.05407	0.00997	0.00266	0.00789	0.00806	0.00746	0.12912
16	0.01759	0.01361	0.01465	0.01323	0.01708	0.01431	0.01023	0.10039	0.25749	0.06435	0.04982	0.11260	0.25029	0.01559	0.00891	0.00275	0.00577	0.01307	0.00801	0.01028
17	0.01755	0.01711	0.02700	0.43097	0.24310	0.04600	0.02275	0.02245	0.01701	0.02244	0.01441	0.02066	0.01143	0.00816	0.00901	0.00263	0.04620	0.00713	0.00375	0.01022
18	0.01683	0.01442	0.01683	0.01202	0.01923	0.01082	0.00961	0.02043	0.01683	0.02644	0.01442	0.01683	0.01202	0.00601	0.00601	0.00120	0.00601	0.00481	0.00481	0.76444
19	0.01009	0.00749	0.00960	0.01087	0.01185	0.00709	0.00751	0.01175	0.01567	0.02057	0.04830	0.49623	0.15957	0.04929	0.08928	0.00446	0.00667	0.01998	0.00708	0.00666
20	0.03031	0.03867	0.02299	0.02090	0.02508	0.68226	0.01568	0.03240	0.02299	0.01986	0.01254	0.01463	0.01045	0.00836	0.00732	0.00209	0.01463	0.00523	0.00418	0.00941
21	0.02593	0.02684	0.02072	0.05435	0.02407	0.33979	0.01426	0.12631	0.09027	0.05561	0.06344	0.02372	0.01887	0.04613	0.03191	0.00295	0.01146	0.00732	0.00584	0.01022
22	0.02337	0.01901	0.02014	0.01716	0.02231	0.02167	0.01361	0.22064	0.46685	0.03908	0.02898	0.02705	0.02149	0.01063	0.00821	0.00266	0.00717	0.00862	0.00821	0.01313
23	0.06040	0.07761	0.12695	0.01819	0.02499	0.01657	0.11330	0.04837	0.05799	0.22720	0.07220	0.02935	0.07053	0.01013	0.00813	0.00252	0.00850	0.00875	0.00682	0.01150
