[name]
unknown

[dist]
# distance from previous block
# <min> <max>
0	3

[block]
# block no. 0 follows, 21 sequences, length 29
# corresponding to MSA columns:
# 3-31
name=unknown_A
#
# <colnr> <probs for GDERKNQSTAVLIFYWHMCP>
#	G	D	E	R	K	N	Q	S	T	A	V	L	I	F	Y	W	H	M	C	P
0	0.01393	0.01009	0.01393	0.01550	0.01777	0.00988	0.01351	0.01784	0.01948	0.02559	0.04339	0.09163	0.04695	0.02255	0.01145	0.00377	0.00775	0.55798	0.00768	0.04929
1	0.02187	0.05936	0.02063	0.01429	0.02107	0.01515	0.01171	0.05888	0.05680	0.11466	0.01871	0.02001	0.01449	0.00796	0.00803	0.00179	0.04458	0.00605	0.00605	0.47791
2	0.04923	0.01650	0.02167	0.08293	0.02441	0.01941	0.01533	0.05793	0.01663	0.02538	0.01611	0.06706	0.01521	0.01388	0.03793	0.00318	0.30192	0.00797	0.00476	0.20255
3	0.35656	0.04761	0.05566	0.01558	0.02161	0.06764	0.01353	0.18575	0.02322	0.07777	0.01758	0.02128	0.01378	0.00957	0.00703	0.00262	0.00851	0.03713	0.00638	0.01119
4	0.02256	0.05560	0.02045	0.01730	0.05442	0.01749	0.01287	0.21752	0.07593	0.08060	0.09846	0.14932	0.03081	0.01484	0.01035	0.04812	0.00733	0.01146	0.00768	0.04689
5	0.04951	0.39523	0.22729	0.01942	0.06500	0.02655	0.01977	0.02522	0.01763	0.02351	0.01725	0.01921	0.04599	0.00836	0.00669	0.00222	0.00986	0.00601	0.00396	0.01131
6	0.02275	0.70604	0.04459	0.01456	0.02184	0.03367	0.01456	0.02548	0.01729	0.02002	0.01183	0.01365	0.01092	0.00728	0.00546	0.00182	0.00910	0.00455	0.00364	0.01092
7	0.02329	0.01430	0.01741	0.01377	0.01935	0.01288	0.01100	0.08244	0.06672	0.19999	0.18652	0.03396	0.03372	0.01108	0.00826	0.00223	0.00627	0.00926	0.00822	0.23935
8	0.01607	0.01513	0.02552	0.68047	0.05861	0.01891	0.02363	0.02174	0.01702	0.02174	0.01513	0.02269	0.01134	0.00851	0.00851	0.00284	0.01134	0.00756	0.00378	0.00945
9	0.02106	0.02022	0.03454	0.05223	0.64784	0.02022	0.02612	0.02612	0.01938	0.02780	0.01601	0.02106	0.01348	0.00758	0.00842	0.00253	0.01011	0.00758	0.00421	0.01348
10	0.01863	0.06572	0.02853	0.08580	0.31638	0.01863	0.05251	0.02544	0.09813	0.02655	0.02425	0.15577	0.02320	0.01191	0.00882	0.00275	0.00891	0.01106	0.00545	0.01157
11	0.01238	0.00825	0.00928	0.00928	0.00928	0.00825	0.00516	0.01238	0.01238	0.01650	0.02681	0.05569	0.03094	0.70092	0.04331	0.00825	0.00825	0.01238	0.00516	0.00516
12	0.01024	0.00829	0.00910	0.00960	0.01179	0.00715	0.00693	0.01230	0.01877	0.02318	0.10227	0.24878	0.45641	0.02275	0.01028	0.00302	0.00447	0.01954	0.00797	0.00715
13	0.01037	0.00741	0.00987	0.01185	0.01234	0.00691	0.00790	0.01185	0.01629	0.02172	0.04690	0.69537	0.05629	0.02666	0.01086	0.00346	0.00494	0.02419	0.00790	0.00691
14	0.02497	0.06313	0.02163	0.01764	0.02274	0.12507	0.01390	0.04177	0.42595	0.10452	0.02966	0.02768	0.02207	0.01072	0.00829	0.00268	0.00833	0.00852	0.00788	0.01285
15	0.02117	0.01828	0.01924	0.01732	0.02213	0.02117	0.01347	0.04522	0.63246	0.03560	0.03464	0.03175	0.02598	0.01155	0.00866	0.00289	0.00673	0.00962	0.00866	0.01347
16	0.06813	0.01570	0.01834	0.01538	0.02065	0.01618	0.01228	0.06296	0.25568	0.28158	0.10896	0.03319	0.02946	0.01162	0.00860	0.00273	0.00670	0.00957	0.00930	0.01299
17	0.47110	0.02124	0.12512	0.01455	0.02138	0.01846	0.01396	0.05910	0.01811	0.14283	0.01662	0.01748	0.01179	0.00850	0.00649	0.00264	0.00787	0.00573	0.00605	0.01097
18	0.03179	0.04056	0.02412	0.02192	0.02631	0.66676	0.01644	0.03398	0.02412	0.02083	0.01315	0.01535	0.01096	0.00877	0.00767	0.00219	0.01535	0.00548	0.00438	0.00987
19	0.01216	0.00856	0.01116	0.01128	0.01195	0.00917	0.00762	0.01353	0.01316	0.01818	0.02634	0.08513	0.02842	0.39253	0.30331	0.01024	0.01416	0.01172	0.00507	0.00629
20	0.01231	0.00853	0.01069	0.01069	0.01117	0.00901	0.00691	0.01328	0.01279	0.01754	0.02553	0.04858	0.02785	0.49742	0.24260	0.00998	0.01290	0.01133	0.00497	0.00594
21	0.50575	0.01688	0.01567	0.04134	0.02010	0.01894	0.01117	0.11836	0.01963	0.09962	0.01729	0.05218	0.01374	0.00952	0.00652	0.00267	0.00720	0.00662	0.00636	0.01044
22	0.01176	0.00867	0.01063	0.01149	0.01290	0.00818	0.00812	0.03965	0.01854	0.02432	0.10491	0.41318	0.16813	0.07167	0.01287	0.00360	0.00532	0.05088	0.00786	0.00733
23	0.07359	0.07619	0.06556	0.11533	0.38892	0.02056	0.02254	0.02599	0.04821	0.02781	0.04400	0.02236	0.01613	0.00835	0.00803	0.00255	0.00962	0.00749	0.00460	0.01219
24	0.01881	0.01578	0.01803	0.01371	0.02048	0.01353	0.01087	0.06746	0.10235	0.03036	0.01980	0.05502	0.01682	0.00835	0.00702	0.00169	0.00651	0.00685	0.00593	0.56063
25	0.03009	0.01976	0.02237	0.01714	0.02380	0.02015	0.01403	0.37218	0.03194	0.17011	0.02315	0.04685	0.01704	0.01019	0.00822	0.00237	0.00822	0.00799	0.00828	0.14610
26	0.02672	0.06661	0.02238	0.01618	0.02203	0.01936	0.01324	0.29257	0.02788	0.12636	0.02163	0.04872	0.01697	0.01485	0.05126	0.05735	0.00908	0.00788	0.00727	0.13166
27	0.03070	0.02123	0.02339	0.01819	0.02477	0.02276	0.01490	0.42539	0.11083	0.13206	0.02365	0.02283	0.01669	0.01015	0.00838	0.00252	0.00852	0.00785	0.00856	0.06661
28	0.01122	0.00809	0.01100	0.05997	0.01558	0.00792	0.00894	0.01332	0.01699	0.02318	0.08571	0.56375	0.05275	0.02373	0.01035	0.00327	0.00528	0.02143	0.05029	0.00723

[dist]
# distance from previous block
# <min> <max>
0	5

[block]
# block no. 1 follows, 21 sequences, length 35
# corresponding to MSA columns:
# 37-71
name=unknown_B
#
# <colnr> <probs for GDERKNQSTAVLIFYWHMCP>
#	G	D	E	R	K	N	Q	S	T	A	V	L	I	F	Y	W	H	M	C	P
0	0.06487	0.04737	0.07012	0.01705	0.02334	0.01977	0.01477	0.17551	0.20166	0.19393	0.06197	0.02748	0.02248	0.01069	0.00833	0.00266	0.00787	0.00850	0.00837	0.01327
1	0.07618	0.33774	0.06399	0.04316	0.02460	0.12070	0.01555	0.05870	0.13439	0.02637	0.01701	0.01820	0.01380	0.00857	0.00677	0.00225	0.00967	0.00600	0.00504	0.01132
2	0.02565	0.01889	0.04371	0.07482	0.02427	0.04195	0.01403	0.29735	0.02863	0.08455	0.02268	0.02443	0.01665	0.00986	0.00768	0.00240	0.00807	0.00767	0.23492	0.01178
3	0.02140	0.04549	0.02626	0.15859	0.06771	0.01924	0.08060	0.10975	0.12899	0.05491	0.02012	0.02259	0.01528	0.00859	0.00805	0.00237	0.00908	0.00753	0.00592	0.18753
4	0.01920	0.03755	0.49828	0.02286	0.03413	0.01899	0.05296	0.06002	0.01958	0.06095	0.01658	0.01886	0.01179	0.00811	0.00804	0.00255	0.01157	0.00652	0.00440	0.08707
5	0.01070	0.00778	0.01017	0.01195	0.01284	0.00725	0.00839	0.01251	0.01695	0.02225	0.05048	0.57139	0.11203	0.02583	0.01088	0.00345	0.00519	0.08502	0.00789	0.00704
6	0.02975	0.19104	0.02875	0.02026	0.02530	0.52360	0.01602	0.03206	0.02257	0.02065	0.01286	0.01496	0.01095	0.00843	0.00717	0.00211	0.01393	0.00527	0.00422	0.01010
7	0.03132	0.03616	0.02361	0.02103	0.02575	0.53252	0.01598	0.08029	0.07353	0.05727	0.01647	0.01774	0.01294	0.00919	0.00786	0.00230	0.01379	0.00614	0.00536	0.01074
8	0.01238	0.00825	0.00928	0.00928	0.00928	0.00825	0.00516	0.01238	0.01238	0.01650	0.02681	0.05569	0.03094	0.70092	0.04331	0.00825	0.00825	0.01238	0.00516	0.00516
9	0.01037	0.00741	0.00987	0.01185	0.01234	0.00691	0.00790	0.01185	0.01629	0.02172	0.04690	0.69537	0.05629	0.02666	0.01086	0.00346	0.00494	0.02419	0.00790	0.00691
10	0.02325	0.66974	0.04348	0.01496	0.02209	0.06821	0.01466	0.02595	0.01766	0.02007	0.01190	0.01374	0.01092	0.00736	0.00558	0.00184	0.00944	0.00460	0.00368	0.01086
11	0.02327	0.66810	0.04343	0.01498	0.02210	0.06977	0.01467	0.02597	0.01768	0.02007	0.01191	0.01375	0.01092	0.00737	0.00559	0.00184	0.00946	0.00460	0.00368	0.01086
12	0.51936	0.01704	0.03888	0.01277	0.01839	0.01764	0.01091	0.06014	0.01835	0.14023	0.06097	0.02039	0.01658	0.00915	0.00644	0.00263	0.00689	0.00626	0.00655	0.01042
13	0.03183	0.03937	0.02422	0.02176	0.02631	0.62121	0.01642	0.07562	0.02525	0.02316	0.01367	0.01571	0.01121	0.00887	0.00773	0.00222	0.01492	0.00564	0.00468	0.01019
14	0.01748	0.04116	0.57439	0.02583	0.03787	0.02000	0.11101	0.02699	0.01826	0.02699	0.01554	0.01865	0.01107	0.00796	0.00835	0.00272	0.01282	0.00680	0.00369	0.01243
15	0.01238	0.00825	0.00928	0.00928	0.00928	0.00825	0.00516	0.01238	0.01238	0.01650	0.02681	0.05569	0.03094	0.70092	0.04331	0.00825	0.00825	0.01238	0.00516	0.00516
16	0.01131	0.00844	0.01051	0.01049	0.01239	0.00764	0.00768	0.01446	0.02163	0.02944	0.41361	0.18720	0.19385	0.02002	0.01020	0.00287	0.00425	0.01760	0.00878	0.00764
17	0.01037	0.00741	0.00987	0.01185	0.01234	0.00691	0.00790	0.01185	0.01629	0.02172	0.04690	0.69537	0.05629	0.02666	0.01086	0.00346	0.00494	0.02419	0.00790	0.00691
18	0.02919	0.01944	0.02165	0.01717	0.02294	0.02083	0.01396	0.39819	0.06715	0.13679	0.07400	0.05547	0.02347	0.01160	0.00862	0.00260	0.00802	0.00924	0.04639	0.01325
19	0.01395	0.00970	0.01187	0.01105	0.01339	0.00923	0.00818	0.01882	0.07037	0.06347	0.42562	0.06046	0.13345	0.09681	0.01374	0.00336	0.00493	0.01452	0.00871	0.00837
20	0.02491	0.02165	0.02337	0.07847	0.02756	0.09307	0.04579	0.26132	0.16599	0.03744	0.02597	0.02711	0.05121	0.01479	0.05927	0.00350	0.01062	0.00865	0.00711	0.01221
21	0.06133	0.01742	0.02671	0.31136	0.18769	0.01949	0.05166	0.07209	0.07269	0.02820	0.02139	0.02577	0.04922	0.00932	0.00848	0.00274	0.00998	0.00830	0.00503	0.01112
22	0.02405	0.11544	0.02979	0.05919	0.02768	0.19039	0.07194	0.09875	0.02064	0.02525	0.01399	0.01837	0.01193	0.01198	0.03174	0.00307	0.22389	0.00688	0.00455	0.01046
23	0.38325	0.22453	0.07303	0.01420	0.02075	0.04686	0.01329	0.05496	0.01770	0.06617	0.01377	0.01530	0.01081	0.00802	0.00597	0.00238	0.00828	0.00512	0.00507	0.01055
24	0.09251	0.18694	0.09181	0.01840	0.02471	0.24452	0.01629	0.06562	0.08735	0.07128	0.01713	0.01811	0.01331	0.00879	0.00721	0.00232	0.01100	0.00606	0.00534	0.01131
25	0.02017	0.32105	0.24781	0.02006	0.02840	0.05349	0.06791	0.02567	0.01818	0.02379	0.04925	0.01903	0.01498	0.00862	0.00835	0.00237	0.04923	0.00639	0.00404	0.01122
26	0.01043	0.00754	0.00975	0.01149	0.01215	0.00699	0.00767	0.01190	0.01636	0.02160	0.04906	0.62055	0.10042	0.05541	0.01220	0.00362	0.00503	0.02320	0.00778	0.00686
27	0.01752	0.01733	0.02997	0.12790	0.03291	0.01984	0.19923	0.02286	0.04896	0.02409	0.01988	0.09515	0.01822	0.01456	0.04353	0.00361	0.21007	0.01026	0.03430	0.00982
28	0.01153	0.00813	0.01023	0.01129	0.01205	0.00779	0.00773	0.01308	0.01621	0.02152	0.08481	0.34240	0.07898	0.23594	0.02101	0.00493	0.00625	0.09242	0.00714	0.00658
29	0.03077	0.02260	0.02425	0.01876	0.02504	0.02495	0.01530	0.57138	0.03782	0.05069	0.02094	0.02322	0.01578	0.06492	0.01127	0.00301	0.00928	0.00804	0.00825	0.01373
30	0.03006	0.10570	0.02697	0.02352	0.07366	0.55358	0.01700	0.03253	0.02307	0.02128	0.01324	0.01562	0.01115	0.00853	0.00751	0.00218	0.01432	0.00555	0.00430	0.01025
31	0.02080	0.01979	0.03287	0.08382	0.56757	0.02022	0.02501	0.02735	0.06640	0.02807	0.01739	0.02197	0.01432	0.00794	0.00845	0.00257	0.00992	0.00774	0.00453	0.01326
32	0.01075	0.00866	0.00966	0.01007	0.01250	0.00757	0.00771	0.01323	0.01952	0.02417	0.12580	0.14549	0.45550	0.02197	0.01036	0.00305	0.00481	0.09385	0.00802	0.00732
33	0.02052	0.30441	0.37814	0.01990	0.03004	0.02486	0.02368	0.02720	0.01806	0.05994	0.01495	0.01689	0.01142	0.00791	0.00707	0.00235	0.01090	0.00573	0.00401	0.01203
34	0.09022	0.02117	0.02193	0.01737	0.02366	0.08638	0.01415	0.26920	0.05032	0.28176	0.02461	0.02310	0.01666	0.01006	0.00820	0.00256	0.00885	0.00762	0.00863	0.01356

[dist]
# distance from previous block
# <min> <max>
1	4

[block]
# block no. 2 follows, 21 sequences, length 84
# corresponding to MSA columns:
# 76-159
name=unknown_C
#
# <colnr> <probs for GDERKNQSTAVLIFYWHMCP>
#	G	D	E	R	K	N	Q	S	T	A	V	L	I	F	Y	W	H	M	C	P
0	0.04929	0.13962	0.18401	0.08206	0.23416	0.04865	0.02320	0.09116	0.02077	0.02878	0.01529	0.01865	0.01209	0.00807	0.00772	0.00247	0.01063	0.00658	0.00445	0.01233
1	0.11001	0.13799	0.41436	0.02361	0.07337	0.02190	0.05372	0.02645	0.01763	0.02736	0.01447	0.01725	0.01089	0.00786	0.00746	0.00255	0.01123	0.00608	0.00388	0.01192
2	0.02061	0.02049	0.03143	0.21070	0.44901	0.06982	0.02473	0.02561	0.01914	0.02571	0.01556	0.02104	0.01274	0.00791	0.00839	0.00258	0.01083	0.00742	0.00412	0.01217
3	0.01204	0.00870	0.01138	0.01071	0.01271	0.00803	0.00803	0.01606	0.02409	0.03413	0.64335	0.06357	0.08030	0.01740	0.01004	0.00268	0.00401	0.01539	0.00937	0.00803
4	0.01037	0.00741	0.00987	0.01185	0.01234	0.00691	0.00790	0.01185	0.01629	0.02172	0.04690	0.69537	0.05629	0.02666	0.01086	0.00346	0.00494	0.02419	0.00790	0.00691
5	0.01194	0.00862	0.01128	0.01078	0.01269	0.00796	0.00802	0.01579	0.02360	0.03335	0.60583	0.10331	0.07879	0.01798	0.01009	0.00273	0.00407	0.01594	0.00928	0.00796
6	0.01238	0.00825	0.00928	0.00928	0.00928	0.00825	0.00516	0.01238	0.01238	0.01650	0.02681	0.05569	0.03094	0.70092	0.04331	0.00825	0.00825	0.01238	0.00516	0.00516
7	0.01238	0.00825	0.00928	0.00928	0.00928	0.00825	0.00516	0.01238	0.01238	0.01650	0.02681	0.05569	0.03094	0.70092	0.04331	0.00825	0.00825	0.01238	0.00516	0.00516
8	0.02106	0.02022	0.03454	0.05223	0.64784	0.02022	0.02612	0.02612	0.01938	0.02780	0.01601	0.02106	0.01348	0.00758	0.00842	0.00253	0.01011	0.00758	0.00421	0.01348
9	0.01149	0.00852	0.01109	0.01220	0.01366	0.00765	0.00856	0.01342	0.01668	0.02272	0.04286	0.57164	0.05041	0.02394	0.01036	0.00322	0.00530	0.05983	0.00754	0.09890
10	0.01744	0.01669	0.02548	0.23297	0.03402	0.02186	0.04769	0.02094	0.01495	0.02182	0.01417	0.02152	0.01235	0.01431	0.04723	0.00373	0.36977	0.00771	0.04606	0.00931
11	0.01765	0.01513	0.01765	0.01260	0.02017	0.01134	0.01008	0.02143	0.01765	0.02773	0.01513	0.01765	0.01260	0.00630	0.00630	0.00126	0.00630	0.00504	0.00504	0.75295
12	0.01990	0.05467	0.01779	0.01476	0.01899	0.01849	0.01161	0.03760	0.44023	0.03372	0.03158	0.03072	0.02406	0.01089	0.00778	0.00259	0.00616	0.00890	0.19766	0.01191
13	0.01204	0.00870	0.01138	0.01071	0.01271	0.00803	0.00803	0.01606	0.02409	0.03413	0.64335	0.06357	0.08030	0.01740	0.01004	0.00268	0.00401	0.01539	0.00937	0.00803
14	0.01030	0.00863	0.00896	0.00888	0.01164	0.00729	0.00666	0.01269	0.01998	0.02436	0.15486	0.07964	0.57487	0.02104	0.01006	0.00285	0.00427	0.01764	0.00808	0.00729
15	0.02255	0.01897	0.02002	0.01760	0.02265	0.02181	0.01380	0.11598	0.55946	0.03782	0.03289	0.03036	0.02456	0.01138	0.00864	0.00285	0.00706	0.00938	0.00864	0.01359
16	0.01771	0.04387	0.62948	0.02415	0.03638	0.04773	0.03079	0.02725	0.01823	0.02669	0.01518	0.01785	0.01079	0.00811	0.00807	0.00267	0.01270	0.00625	0.00363	0.01246
17	0.01955	0.33299	0.38959	0.02002	0.03029	0.02584	0.02407	0.02631	0.01767	0.02393	0.01377	0.01608	0.01084	0.00773	0.00694	0.00231	0.01106	0.00553	0.00361	0.01185
18	0.03179	0.04056	0.02412	0.02192	0.02631	0.66676	0.01644	0.03398	0.02412	0.02083	0.01315	0.01535	0.01096	0.00877	0.00767	0.00219	0.01535	0.00548	0.00438	0.00987
19	0.01068	0.00765	0.01015	0.01164	0.01241	0.00712	0.00792	0.01263	0.01774	0.02402	0.15753	0.57818	0.06074	0.02494	0.01071	0.00331	0.00477	0.02256	0.00817	0.00712
20	0.02061	0.01980	0.02873	0.02350	0.02538	0.02560	0.08594	0.10075	0.01741	0.02565	0.01308	0.01935	0.01181	0.01340	0.02333	0.00347	0.51975	0.00777	0.00443	0.01024
21	0.02010	0.02008	0.03733	0.26533	0.04646	0.02136	0.30566	0.09831	0.02117	0.02827	0.01663	0.02238	0.01247	0.00833	0.01000	0.00285	0.03886	0.00875	0.00461	0.01104
22	0.03037	0.02498	0.02299	0.01884	0.02449	0.16337	0.01521	0.37687	0.03280	0.08268	0.02180	0.02563	0.01689	0.01079	0.00839	0.00254	0.01011	0.04632	0.05231	0.01263
23	0.01075	0.00810	0.00994	0.01063	0.01221	0.00730	0.00754	0.01312	0.01932	0.02552	0.22366	0.34892	0.22670	0.02266	0.01041	0.00308	0.00451	0.02001	0.00831	0.00730
24	0.01037	0.00741	0.00987	0.01185	0.01234	0.00691	0.00790	0.01185	0.01629	0.02172	0.04690	0.69537	0.05629	0.02666	0.01086	0.00346	0.00494	0.02419	0.00790	0.00691
25	0.01204	0.00870	0.01138	0.01071	0.01271	0.00803	0.00803	0.01606	0.02409	0.03413	0.64335	0.06357	0.08030	0.01740	0.01004	0.00268	0.00401	0.01539	0.00937	0.00803
26	0.03235	0.02384	0.02554	0.01958	0.02639	0.02639	0.01618	0.61946	0.04001	0.05363	0.02043	0.02043	0.01447	0.01022	0.00851	0.00255	0.00936	0.00766	0.00851	0.01447
27	0.03162	0.02347	0.02513	0.01943	0.02611	0.02605	0.01600	0.58172	0.07895	0.05245	0.02137	0.02118	0.01523	0.01030	0.00852	0.00258	0.00919	0.00779	0.00852	0.01441
28	0.01371	0.00980	0.01371	0.01567	0.01763	0.00980	0.01371	0.01763	0.01959	0.02547	0.04506	0.09599	0.04898	0.02351	0.01175	0.00392	0.00784	0.59056	0.00784	0.00784
29	0.01034	0.00753	0.00975	0.01153	0.01226	0.00694	0.00776	0.01189	0.01660	0.02185	0.05084	0.63396	0.11515	0.02615	0.01078	0.00340	0.00487	0.02357	0.00790	0.00694
30	0.01804	0.15758	0.55181	0.02259	0.03426	0.02215	0.02855	0.02670	0.01785	0.02576	0.01468	0.01723	0.01080	0.00795	0.00763	0.00254	0.01198	0.00599	0.00360	0.01229
31	0.03235	0.02384	0.02554	0.01958	0.02639	0.02639	0.01618	0.61946	0.04001	0.05363	0.02043	0.02043	0.01447	0.01022	0.00851	0.00255	0.00936	0.00766	0.00851	0.01447
32	0.01765	0.01513	0.01765	0.01260	0.02017	0.01134	0.01008	0.02143	0.01765	0.02773	0.01513	0.01765	0.01260	0.00630	0.00630	0.00126	0.00630	0.00504	0.00504	0.75295
33	0.01019	0.00863	0.00880	0.00876	0.01157	0.00724	0.00657	0.01247	0.01971	0.02372	0.12282	0.08069	0.60731	0.02128	0.01006	0.00286	0.00429	0.01779	0.00800	0.00724
34	0.02962	0.03108	0.02432	0.02083	0.02554	0.34336	0.01632	0.21439	0.08295	0.03226	0.01714	0.01875	0.01343	0.01011	0.01015	0.00253	0.08298	0.00674	0.00598	0.01156
35	0.02192	0.01865	0.01967	0.01747	0.02242	0.02152	0.01365	0.08375	0.59271	0.03681	0.03368	0.03099	0.02521	0.01146	0.00865	0.00286	0.00691	0.00949	0.00865	0.01354
36	0.01037	0.00741	0.00987	0.01185	0.01234	0.00691	0.00790	0.01185	0.01629	0.02172	0.04690	0.69537	0.05629	0.02666	0.01086	0.00346	0.00494	0.02419	0.00790	0.00691
37	0.01216	0.00912	0.01368	0.01368	0.01520	0.01064	0.01064	0.01520	0.01368	0.01976	0.02279	0.03343	0.02127	0.06382	0.66720	0.01368	0.02279	0.00912	0.00456	0.00760
38	0.02009	0.02296	0.05022	0.03587	0.04448	0.02152	0.61693	0.02726	0.02009	0.02726	0.01722	0.02296	0.01291	0.00717	0.01004	0.00287	0.01435	0.01004	0.00430	0.01148
39	0.03667	0.01536	0.02010	0.01558	0.02206	0.01401	0.01282	0.08045	0.06537	0.57289	0.03276	0.02858	0.02095	0.01058	0.00856	0.00264	0.00735	0.00857	0.01027	0.01442
40	0.01149	0.00842	0.01081	0.01096	0.01269	0.00774	0.00806	0.01468	0.02150	0.02954	0.41279	0.21964	0.13554	0.02035	0.01031	0.00294	0.00443	0.04167	0.00879	0.00766
41	0.01749	0.01658	0.02809	0.50163	0.22635	0.01928	0.02434	0.02299	0.01769	0.02347	0.01538	0.02223	0.01195	0.00824	0.00848	0.00275	0.01099	0.00757	0.00390	0.01060
42	0.02004	0.02229	0.04619	0.03353	0.04119	0.02186	0.52821	0.02792	0.06056	0.02727	0.01790	0.02319	0.01365	0.00809	0.01139	0.00294	0.06798	0.00981	0.00455	0.01144
43	0.01204	0.00870	0.01138	0.01071	0.01271	0.00803	0.00803	0.01606	0.02409	0.03413	0.64335	0.06357	0.08030	0.01740	0.01004	0.00268	0.00401	0.01539	0.00937	0.00803
44	0.01235	0.00836	0.00982	0.00982	0.01001	0.00854	0.00583	0.01272	0.01254	0.01690	0.02632	0.05295	0.02975	0.62242	0.12019	0.00892	0.01004	0.01197	0.00508	0.00546
45	0.08085	0.01869	0.02001	0.01600	0.02199	0.10091	0.01295	0.09559	0.02525	0.43863	0.06035	0.02718	0.02145	0.01046	0.00831	0.00257	0.00832	0.00817	0.00912	0.01320
46	0.01765	0.01513	0.01765	0.01260	0.02017	0.01134	0.01008	0.02143	0.01765	0.02773	0.01513	0.01765	0.01260	0.00630	0.00630	0.00126	0.00630	0.00504	0.00504	0.75295
47	0.01539	0.00942	0.01238	0.01150	0.01405	0.00859	0.00880	0.01907	0.02323	0.11473	0.47517	0.10346	0.09157	0.01753	0.00997	0.00278	0.00468	0.03961	0.00930	0.00877
48	0.01037	0.00741	0.00987	0.01185	0.01234	0.00691	0.00790	0.01185	0.01629	0.02172	0.04690	0.69537	0.05629	0.02666	0.01086	0.00346	0.00494	0.02419	0.00790	0.00691
49	0.01092	0.00816	0.01096	0.01255	0.01301	0.00820	0.00862	0.01243	0.01607	0.02164	0.04451	0.65002	0.05326	0.02587	0.01201	0.00347	0.05054	0.02307	0.00762	0.00707
50	0.02070	0.02124	0.04041	0.04611	0.42207	0.02071	0.24718	0.02654	0.01964	0.02760	0.01646	0.02177	0.01327	0.00743	0.00903	0.00266	0.01170	0.00850	0.00425	0.01273
51	0.02247	0.65992	0.04335	0.01508	0.02188	0.03316	0.01483	0.02515	0.01701	0.02005	0.01179	0.01398	0.01094	0.00779	0.00697	0.00195	0.05447	0.00474	0.00365	0.01081
52	0.01802	0.15440	0.55475	0.02264	0.03433	0.02208	0.02863	0.02671	0.01785	0.02580	0.01470	0.01725	0.01080	0.00795	0.00765	0.00255	0.01200	0.00600	0.00360	0.01230
53	0.01882	0.01812	0.02966	0.26516	0.31449	0.02096	0.02372	0.02344	0.01726	0.02419	0.01471	0.02113	0.01226	0.00940	0.01244	0.00288	0.14862	0.00755	0.00396	0.01122
54	0.01478	0.00739	0.01109	0.01109	0.01109	0.00739	0.00739	0.01109	0.01109	0.01478	0.01478	0.02587	0.01478	0.02956	0.03326	0.75240	0.00739	0.00739	0.00370	0.00370
55	0.02482	0.01907	0.02339	0.20370	0.03312	0.02198	0.01716	0.33730	0.02900	0.03975	0.01923	0.02234	0.01428	0.01001	0.00950	0.00264	0.05460	0.00765	0.09854	0.01191
56	0.02718	0.02234	0.03257	0.02794	0.11370	0.02368	0.16510	0.32667	0.02979	0.07008	0.01905	0.02142	0.01405	0.00944	0.01018	0.00271	0.05589	0.00826	0.00668	0.01326
57	0.03083	0.01945	0.06285	0.01683	0.02304	0.05316	0.01435	0.13255	0.10982	0.33978	0.05876	0.05288	0.02354	0.01128	0.00864	0.00267	0.00810	0.00914	0.00898	0.01336
58	0.01238	0.00825	0.00928	0.00928	0.00928	0.00825	0.00516	0.01238	0.01238	0.01650	0.02681	0.05569	0.03094	0.70092	0.04331	0.00825	0.00825	0.01238	0.00516	0.00516
59	0.02275	0.70604	0.04459	0.01456	0.02184	0.03367	0.01456	0.02548	0.01729	0.02002	0.01183	0.01365	0.01092	0.00728	0.00546	0.00182	0.00910	0.00455	0.00364	0.01092
60	0.01946	0.01620	0.01862	0.01346	0.02093	0.01320	0.01083	0.09512	0.02040	0.03092	0.01578	0.01799	0.01283	0.00678	0.00657	0.00142	0.00668	0.00536	0.00547	0.66195
61	0.02097	0.02062	0.03280	0.13402	0.53684	0.05415	0.02528	0.02595	0.01931	0.02663	0.01574	0.02098	0.01306	0.00777	0.00840	0.00255	0.01055	0.00747	0.00416	0.01275
62	0.01059	0.00757	0.01013	0.01211	0.01270	0.00711	0.00829	0.01224	0.01651	0.02198	0.04678	0.65515	0.05579	0.02645	0.01092	0.00349	0.00513	0.06219	0.00790	0.00697
63	0.03010	0.01827	0.03336	0.02440	0.03189	0.01654	0.28259	0.03512	0.02245	0.37379	0.02626	0.02628	0.01742	0.00903	0.00922	0.00274	0.01042	0.00922	0.00775	0.01314
64	0.20597	0.08175	0.02390	0.01738	0.02362	0.08929	0.01440	0.36807	0.03038	0.04379	0.01692	0.01776	0.01256	0.00927	0.00739	0.00247	0.00927	0.00645	0.00691	0.01245
65	0.01037	0.00741	0.00987	0.01185	0.01234	0.00691	0.00790	0.01185	0.01629	0.02172	0.04690	0.69537	0.05629	0.02666	0.01086	0.00346	0.00494	0.02419	0.00790	0.00691
66	0.01037	0.00741	0.00987	0.01185	0.01234	0.00691	0.00790	0.01185	0.01629	0.02172	0.04690	0.69537	0.05629	0.02666	0.01086	0.00346	0.00494	0.02419	0.00790	0.00691
67	0.03004	0.02493	0.02409	0.01944	0.02553	0.10990	0.01567	0.42726	0.15645	0.04569	0.02231	0.02202	0.01631	0.01029	0.00843	0.00257	0.00963	0.00777	0.00800	0.01366
68	0.01853	0.21448	0.49919	0.02176	0.03297	0.02335	0.02710	0.02657	0.01779	0.02517	0.01439	0.01686	0.01082	0.00788	0.00741	0.00247	0.01168	0.00584	0.00361	0.01215
69	0.01037	0.00741	0.00987	0.01185	0.01234	0.00691	0.00790	0.01185	0.01629	0.02172	0.04690	0.69537	0.05629	0.02666	0.01086	0.00346	0.00494	0.02419	0.00790	0.00691
70	0.01707	0.04402	0.65683	0.02426	0.03683	0.01976	0.03144	0.02695	0.01797	0.02695	0.01527	0.01797	0.01078	0.00809	0.00809	0.00270	0.01258	0.00629	0.00359	0.01258
71	0.01709	0.03873	0.05927	0.01515	0.01886	0.01139	0.06548	0.02056	0.01970	0.12444	0.15037	0.24431	0.08055	0.04756	0.01130	0.00322	0.00691	0.04818	0.00770	0.00924
72	0.76103	0.01646	0.01251	0.01119	0.01646	0.01909	0.00922	0.02502	0.01448	0.03818	0.01185	0.01382	0.00922	0.00790	0.00527	0.00263	0.00658	0.00461	0.00527	0.00922
73	0.01037	0.00741	0.00987	0.01185	0.01234	0.00691	0.00790	0.01185	0.01629	0.02172	0.04690	0.69537	0.05629	0.02666	0.01086	0.00346	0.00494	0.02419	0.00790	0.00691
74	0.72971	0.01637	0.01282	0.01136	0.01669	0.01881	0.00936	0.02573	0.01491	0.06486	0.01279	0.01448	0.00973	0.00801	0.00541	0.00263	0.00661	0.00478	0.00549	0.00944
75	0.03217	0.02310	0.02496	0.01925	0.02596	0.02543	0.01586	0.56399	0.06496	0.08450	0.02174	0.02137	0.01532	0.01029	0.00852	0.00257	0.00914	0.00779	0.00863	0.01443
76	0.01342	0.00894	0.01175	0.01103	0.01320	0.00821	0.00828	0.01722	0.02358	0.06846	0.56872	0.10399	0.07532	0.01763	0.01001	0.00273	0.00426	0.01559	0.00934	0.00832
77	0.01155	0.00832	0.01093	0.01104	0.01260	0.00770	0.00799	0.01482	0.02179	0.03047	0.46738	0.24996	0.07321	0.02013	0.01028	0.00291	0.00429	0.01799	0.00893	0.00770
78	0.01607	0.01513	0.02552	0.68047	0.05861	0.01891	0.02363	0.02174	0.01702	0.02174	0.01513	0.02269	0.01134	0.00851	0.00851	0.00284	0.01134	0.00756	0.00378	0.00945
79	0.01912	0.01953	0.03416	0.11591	0.03519	0.02278	0.23486	0.04584	0.01743	0.02457	0.01568	0.02409	0.01355	0.01143	0.01742	0.00326	0.29744	0.03318	0.00430	0.01025
80	0.02820	0.02090	0.02289	0.01840	0.02399	0.02334	0.01488	0.41062	0.14835	0.07147	0.02453	0.05109	0.01906	0.03716	0.01086	0.00292	0.04079	0.00890	0.00825	0.01339
81	0.37339	0.16386	0.04704	0.03916	0.02084	0.04813	0.01317	0.02397	0.01562	0.02922	0.01437	0.05975	0.01313	0.00998	0.00895	0.00265	0.09595	0.00646	0.00474	0.00960
82	0.02373	0.04063	0.01868	0.01385	0.01997	0.01348	0.01118	0.03023	0.10773	0.21676	0.10781	0.02906	0.02608	0.00984	0.00778	0.00211	0.00644	0.00812	0.00773	0.29878
83	0.02019	0.05120	0.09260	0.03720	0.31260	0.02040	0.13934	0.04981	0.01941	0.02755	0.01628	0.02116	0.01332	0.01110	0.04677	0.00319	0.04376	0.00773	0.00438	0.06202

[dist]
# distance from previous block
# <min> <max>
0	1

[block]
# block no. 3 follows, 21 sequences, length 198
# corresponding to MSA columns:
# 161-358
name=unknown_D
#
# <colnr> <probs for GDERKNQSTAVLIFYWHMCP>
#	G	D	E	R	K	N	Q	S	T	A	V	L	I	F	Y	W	H	M	C	P
0	0.02930	0.02103	0.02291	0.01806	0.02405	0.02302	0.01468	0.45968	0.09794	0.08404	0.07008	0.02659	0.02160	0.03501	0.00986	0.00280	0.00853	0.00867	0.00859	0.01356
1	0.40604	0.01622	0.01637	0.05640	0.02123	0.01773	0.01171	0.10147	0.01999	0.16400	0.01976	0.02390	0.01520	0.04104	0.00858	0.00295	0.00750	0.03243	0.00677	0.01072
2	0.02046	0.02091	0.06603	0.04721	0.55511	0.01976	0.02499	0.02675	0.05498	0.02799	0.01820	0.04646	0.01565	0.00855	0.00851	0.00259	0.00985	0.00825	0.00458	0.01319
3	0.01998	0.02362	0.11641	0.19305	0.32591	0.06172	0.05624	0.02659	0.04567	0.02611	0.01639	0.02122	0.01296	0.00810	0.00845	0.00264	0.01115	0.00748	0.00424	0.01206
4	0.30821	0.05080	0.01981	0.08427	0.02405	0.05535	0.01356	0.14805	0.06121	0.03597	0.01649	0.01887	0.01275	0.00936	0.00839	0.00263	0.05950	0.00634	0.05375	0.01064
5	0.01657	0.01453	0.01931	0.16082	0.02690	0.04498	0.04278	0.05846	0.05079	0.02528	0.06246	0.20060	0.03014	0.07711	0.01464	0.00350	0.09103	0.01286	0.03832	0.00890
6	0.02188	0.01835	0.02428	0.10800	0.17987	0.02012	0.01821	0.16289	0.18515	0.03498	0.05322	0.03320	0.02324	0.01134	0.00892	0.00281	0.00871	0.06554	0.00689	0.01240
7	0.01738	0.08041	0.62317	0.02372	0.03601	0.02053	0.03051	0.02687	0.01793	0.02657	0.01508	0.01773	0.01079	0.00804	0.00794	0.00265	0.01239	0.00619	0.00360	0.01249
8	0.05320	0.29199	0.33075	0.01920	0.02853	0.02465	0.02223	0.02685	0.05051	0.02522	0.01620	0.02044	0.01332	0.00866	0.00716	0.00243	0.01045	0.03244	0.00415	0.01162
9	0.02271	0.54883	0.06720	0.01575	0.02251	0.10260	0.01523	0.02573	0.01782	0.02040	0.01296	0.01553	0.01170	0.01177	0.05597	0.00280	0.01100	0.00508	0.00379	0.01062
10	0.01207	0.00866	0.01122	0.01060	0.01245	0.00805	0.00781	0.01578	0.02320	0.03279	0.59663	0.06297	0.07656	0.06919	0.01256	0.00310	0.00434	0.01516	0.00905	0.00781
11	0.01173	0.00823	0.01075	0.01209	0.01293	0.00790	0.00826	0.03984	0.01754	0.02353	0.07986	0.58725	0.05340	0.02552	0.01201	0.04709	0.00523	0.02192	0.00777	0.00714
12	0.68870	0.01795	0.01374	0.01213	0.01744	0.04909	0.00992	0.05723	0.01629	0.03822	0.01237	0.01425	0.00958	0.00806	0.00555	0.00261	0.00713	0.00481	0.00540	0.00953
13	0.01023	0.00855	0.00891	0.00899	0.01164	0.00723	0.00668	0.01248	0.01955	0.02375	0.12585	0.12068	0.56313	0.02157	0.01011	0.00290	0.00433	0.01817	0.00801	0.00723
14	0.01110	0.00794	0.01066	0.01230	0.01321	0.00750	0.00881	0.01327	0.01778	0.02386	0.12172	0.52340	0.05818	0.02501	0.01090	0.00343	0.00527	0.11042	0.00807	0.00720
15	0.02227	0.01804	0.01928	0.01718	0.02210	0.02061	0.01341	0.04498	0.59318	0.07553	0.03457	0.03157	0.02566	0.01148	0.00865	0.00287	0.00677	0.00955	0.00878	0.01354
16	0.01765	0.01513	0.01765	0.01260	0.02017	0.01134	0.01008	0.02143	0.01765	0.02773	0.01513	0.01765	0.01260	0.00630	0.00630	0.00126	0.00630	0.00504	0.00504	0.75295
17	0.06244	0.01854	0.01698	0.01497	0.01910	0.11946	0.01174	0.16926	0.05199	0.08080	0.03198	0.09904	0.08320	0.01327	0.00830	0.00261	0.00793	0.03799	0.13997	0.01046
18	0.02275	0.70604	0.04459	0.01456	0.02184	0.03367	0.01456	0.02548	0.01729	0.02002	0.01183	0.01365	0.01092	0.00728	0.00546	0.00182	0.00910	0.00455	0.00364	0.01092
19	0.01707	0.04402	0.65683	0.02426	0.03683	0.01976	0.03144	0.02695	0.01797	0.02695	0.01527	0.01797	0.01078	0.00809	0.00809	0.00270	0.01258	0.00629	0.00359	0.01258
20	0.01224	0.00832	0.00990	0.01001	0.01024	0.00850	0.00604	0.01273	0.01276	0.01721	0.02733	0.08644	0.03098	0.57989	0.12530	0.00873	0.01003	0.01256	0.00522	0.00558
21	0.06040	0.02376	0.06931	0.03094	0.03846	0.05679	0.44324	0.05366	0.02029	0.02810	0.01740	0.04383	0.01393	0.00858	0.01057	0.00287	0.05254	0.00955	0.00461	0.01117
22	0.01221	0.00889	0.01253	0.01253	0.01365	0.01001	0.00921	0.01446	0.01334	0.01891	0.02384	0.03925	0.02380	0.23022	0.50426	0.01226	0.01900	0.00997	0.00471	0.00696
23	0.01478	0.00739	0.01109	0.01109	0.01109	0.00739	0.00739	0.01109	0.01109	0.01478	0.01478	0.02587	0.01478	0.02956	0.03326	0.75240	0.00739	0.00739	0.00370	0.00370
24	0.06626	0.01646	0.05673	0.01692	0.04919	0.01373	0.01383	0.03805	0.05229	0.50356	0.03326	0.02989	0.04873	0.01070	0.00845	0.00266	0.00749	0.00869	0.00941	0.01371
25	0.02206	0.56168	0.15458	0.01659	0.02472	0.05457	0.01768	0.02606	0.01767	0.02130	0.01250	0.01449	0.01090	0.00748	0.00602	0.00199	0.00996	0.00490	0.00366	0.01118
26	0.01095	0.00786	0.01040	0.01145	0.01247	0.00730	0.00795	0.01332	0.01902	0.02606	0.25542	0.47449	0.06468	0.02342	0.01057	0.00318	0.00461	0.02112	0.00841	0.00730
27	0.07696	0.02246	0.02418	0.01863	0.02533	0.02457	0.01539	0.52627	0.03692	0.11217	0.02122	0.02088	0.01481	0.01011	0.00832	0.00257	0.00899	0.00757	0.00852	0.01416
28	0.02010	0.02982	0.31559	0.12848	0.10072	0.01949	0.09302	0.02728	0.01859	0.09520	0.01730	0.02083	0.01255	0.00871	0.00976	0.00278	0.05580	0.00737	0.00454	0.01206
29	0.02760	0.02194	0.02307	0.04872	0.02599	0.05336	0.01538	0.38648	0.18523	0.04502	0.05977	0.02564	0.02088	0.01082	0.00860	0.00264	0.00876	0.00850	0.00819	0.01340
30	0.19781	0.01457	0.01763	0.01399	0.02001	0.01371	0.01150	0.03627	0.02214	0.47902	0.06557	0.02768	0.02200	0.01036	0.00791	0.00264	0.00690	0.00809	0.00929	0.01292
31	0.01745	0.03745	0.48819	0.02606	0.03718	0.01950	0.15868	0.02642	0.01877	0.02741	0.05023	0.02157	0.01507	0.00840	0.00862	0.00273	0.01249	0.00761	0.00407	0.01209
32	0.02089	0.02055	0.03259	0.11894	0.51910	0.05143	0.02498	0.02571	0.01900	0.02640	0.01551	0.02084	0.01300	0.00813	0.00944	0.00261	0.04663	0.00747	0.00415	0.01264
33	0.02976	0.02650	0.02310	0.01893	0.02474	0.20705	0.01505	0.31458	0.07726	0.07158	0.02285	0.02297	0.04377	0.01022	0.00823	0.00242	0.01035	0.00756	0.00722	0.05585
34	0.03023	0.02383	0.02434	0.07773	0.02847	0.10075	0.01633	0.39864	0.09080	0.09066	0.02143	0.02174	0.01536	0.01004	0.00843	0.00257	0.00985	0.00765	0.00777	0.01338
35	0.01830	0.01410	0.07871	0.01629	0.05598	0.01100	0.01321	0.02263	0.02198	0.15097	0.28707	0.10011	0.05118	0.01618	0.00979	0.00291	0.00653	0.10472	0.00836	0.00995
36	0.01763	0.01611	0.02611	0.58981	0.09423	0.01956	0.02323	0.06732	0.01891	0.02455	0.01558	0.02241	0.01172	0.00858	0.00850	0.00279	0.01111	0.00757	0.00417	0.01009
37	0.01901	0.26984	0.44800	0.02095	0.03172	0.02451	0.02568	0.02645	0.01774	0.02459	0.01410	0.01649	0.01083	0.00781	0.00719	0.00240	0.01139	0.00570	0.00361	0.01201
38	0.01625	0.01530	0.02584	0.65855	0.07917	0.01895	0.02372	0.02190	0.01710	0.02195	0.01516	0.02263	0.01142	0.00848	0.00851	0.00283	0.01130	0.00756	0.00380	0.00959
39	0.03818	0.01448	0.01975	0.01514	0.02172	0.01251	0.01251	0.04147	0.02436	0.65373	0.03357	0.02897	0.02107	0.01053	0.00856	0.00263	0.00724	0.00856	0.01053	0.01448
40	0.03042	0.01539	0.02072	0.01821	0.06249	0.01460	0.03396	0.05869	0.12009	0.40106	0.03560	0.06220	0.06325	0.01183	0.00882	0.00272	0.00738	0.01001	0.00924	0.01333
41	0.01841	0.01857	0.02224	0.01972	0.02058	0.09747	0.01592	0.02050	0.01446	0.02017	0.01478	0.02331	0.01436	0.05662	0.17243	0.00603	0.42376	0.00782	0.00406	0.00879
42	0.01238	0.00825	0.00928	0.00928	0.00928	0.00825	0.00516	0.01238	0.01238	0.01650	0.02681	0.05569	0.03094	0.70092	0.04331	0.00825	0.00825	0.01238	0.00516	0.00516
43	0.02636	0.02232	0.05064	0.01807	0.02371	0.07924	0.01490	0.25845	0.22807	0.07590	0.02668	0.06017	0.02067	0.01129	0.00847	0.00266	0.00859	0.00898	0.04187	0.01295
44	0.01787	0.09963	0.54124	0.02460	0.03631	0.02116	0.08997	0.02685	0.01813	0.02638	0.01517	0.01810	0.01101	0.00792	0.00806	0.00264	0.01245	0.00652	0.00367	0.01232
45	0.01398	0.01312	0.02424	0.02043	0.02369	0.01257	0.21672	0.01742	0.01748	0.02358	0.03551	0.44184	0.03988	0.01958	0.01117	0.00326	0.03167	0.01877	0.00652	0.00856
46	0.01222	0.00819	0.00933	0.00948	0.00951	0.00815	0.00536	0.01234	0.01267	0.01690	0.02834	0.10416	0.03286	0.64983	0.04086	0.00789	0.00800	0.01327	0.00536	0.00529
47	0.02089	0.02054	0.03599	0.04567	0.47164	0.02056	0.13660	0.02823	0.08035	0.02847	0.01808	0.02248	0.01461	0.00790	0.00875	0.00263	0.01058	0.00825	0.00467	0.01310
48	0.01958	0.01602	0.01831	0.01384	0.02082	0.01378	0.01103	0.04872	0.13387	0.05238	0.01963	0.02079	0.01548	0.00758	0.00691	0.00166	0.00653	0.00612	0.00604	0.56092
49	0.01014	0.00828	0.00897	0.00952	0.01173	0.00711	0.00686	0.01211	0.01853	0.02264	0.07527	0.25260	0.48075	0.02297	0.01028	0.00304	0.00448	0.01969	0.00790	0.00711
50	0.01997	0.02815	0.24469	0.02928	0.06654	0.01953	0.29258	0.02728	0.01968	0.07484	0.05539	0.02398	0.01687	0.00862	0.00979	0.00279	0.03449	0.00881	0.00482	0.01189
51	0.02106	0.02022	0.03454	0.05223	0.64784	0.02022	0.02612	0.02612	0.01938	0.02780	0.01601	0.02106	0.01348	0.00758	0.00842	0.00253	0.01011	0.00758	0.00421	0.01348
52	0.01987	0.27893	0.40556	0.02069	0.03095	0.05932	0.02464	0.02681	0.01806	0.02416	0.01394	0.01629	0.01084	0.00784	0.00713	0.00236	0.01149	0.00563	0.00365	0.01184
53	0.01220	0.00894	0.01278	0.01278	0.01399	0.01015	0.00952	0.01462	0.01341	0.01909	0.02361	0.03796	0.02324	0.19343	0.54028	0.01257	0.01984	0.00978	0.00468	0.00710
54	0.10353	0.04484	0.07746	0.01689	0.02350	0.02046	0.01496	0.30485	0.02940	0.16051	0.04776	0.02585	0.04767	0.01055	0.00810	0.00257	0.00833	0.00808	0.03185	0.01285
55	0.37092	0.02400	0.05853	0.01566	0.02121	0.15720	0.01322	0.10783	0.06083	0.03532	0.01587	0.01746	0.01218	0.00876	0.00665	0.00251	0.00907	0.00582	0.04647	0.01048
56	0.01037	0.00741	0.00987	0.01185	0.01234	0.00691	0.00790	0.01185	0.01629	0.02172	0.04690	0.69537	0.05629	0.02666	0.01086	0.00346	0.00494	0.02419	0.00790	0.00691
57	0.02197	0.50355	0.19078	0.01737	0.02574	0.07122	0.01875	0.02639	0.01790	0.02174	0.01275	0.01480	0.01089	0.00757	0.00624	0.00205	0.01034	0.00503	0.00368	0.01125
58	0.28929	0.02272	0.02053	0.01669	0.02267	0.09579	0.01359	0.31792	0.02852	0.07118	0.01717	0.01791	0.01252	0.00925	0.00728	0.00254	0.00897	0.00638	0.00699	0.01210
59	0.01309	0.00848	0.01115	0.01173	0.01310	0.00792	0.00834	0.01544	0.01891	0.06643	0.21682	0.36639	0.05795	0.08962	0.01375	0.00368	0.00534	0.05603	0.00822	0.00762
60	0.03265	0.02132	0.02361	0.01819	0.02473	0.02291	0.01500	0.48265	0.03602	0.16474	0.02324	0.02257	0.01606	0.01026	0.00840	0.00254	0.00871	0.00784	0.04440	0.01416
61	0.01168	0.00841	0.01134	0.01323	0.01441	0.00807	0.01014	0.01416	0.01774	0.02327	0.04788	0.43075	0.07900	0.02519	0.01118	0.00361	0.00606	0.24872	0.00787	0.00729
62	0.06895	0.05860	0.02225	0.01702	0.02254	0.07051	0.01377	0.31539	0.09813	0.04115	0.08363	0.06547	0.02395	0.01146	0.00829	0.00253	0.00839	0.00899	0.00762	0.05136
63	0.02182	0.59700	0.14544	0.01616	0.02431	0.03138	0.01734	0.02572	0.01740	0.02116	0.01240	0.01436	0.01090	0.00741	0.00589	0.00196	0.00967	0.00484	0.00363	0.01119
64	0.02376	0.01129	0.01513	0.01269	0.01675	0.01004	0.01004	0.02745	0.02421	0.31176	0.37012	0.04806	0.05376	0.01432	0.00937	0.00266	0.00546	0.01233	0.00989	0.01092
65	0.01299	0.00865	0.01151	0.01184	0.01354	0.00804	0.00878	0.01604	0.02086	0.06149	0.33757	0.29196	0.06544	0.02097	0.01043	0.00308	0.00490	0.07522	0.00875	0.00795
66	0.02123	0.42967	0.26445	0.01834	0.02750	0.02825	0.02074	0.05866	0.01878	0.02437	0.01355	0.01558	0.01107	0.00773	0.00658	0.00218	0.01037	0.00535	0.00389	0.01171
67	0.01037	0.00741	0.00987	0.01185	0.01234	0.00691	0.00790	0.01185	0.01629	0.02172	0.04690	0.69537	0.05629	0.02666	0.01086	0.00346	0.00494	0.02419	0.00790	0.00691
68	0.01322	0.00898	0.01136	0.01068	0.01304	0.00811	0.00804	0.01677	0.02297	0.06915	0.48709	0.09378	0.16852	0.01810	0.00999	0.00274	0.00430	0.01581	0.00913	0.00823
69	0.01844	0.10943	0.56138	0.02317	0.03477	0.05671	0.02894	0.02719	0.01824	0.02593	0.01481	0.01740	0.01080	0.00804	0.00780	0.00258	0.01238	0.00607	0.00364	0.01226
70	0.02148	0.02067	0.03144	0.02436	0.02969	0.08739	0.25171	0.09118	0.02210	0.06299	0.07102	0.09528	0.05188	0.01211	0.01157	0.00289	0.08448	0.01113	0.00598	0.01065
71	0.02622	0.02029	0.02155	0.01780	0.02340	0.02283	0.01429	0.32063	0.30692	0.04405	0.02734	0.02629	0.02016	0.01080	0.00841	0.00267	0.00782	0.00857	0.05636	0.01360
72	0.01705	0.01612	0.02729	0.55729	0.17415	0.01916	0.02412	0.02260	0.01748	0.02293	0.01530	0.02237	0.01176	0.00833	0.00849	0.00278	0.01110	0.00757	0.00387	0.01024
73	0.02068	0.45108	0.23812	0.01815	0.02664	0.02876	0.02019	0.02563	0.01723	0.02226	0.01288	0.01534	0.01089	0.00803	0.00775	0.00222	0.05389	0.00529	0.00363	0.01134
74	0.02201	0.01526	0.01744	0.01526	0.01969	0.01636	0.01195	0.05573	0.34700	0.14147	0.19607	0.03937	0.03922	0.01289	0.00900	0.00278	0.00618	0.01091	0.00916	0.01223
75	0.01094	0.00785	0.01039	0.01146	0.01247	0.00729	0.00794	0.01329	0.01895	0.02595	0.25035	0.47986	0.06448	0.02350	0.01058	0.00319	0.00462	0.02119	0.00840	0.00729
76	0.02275	0.70604	0.04459	0.01456	0.02184	0.03367	0.01456	0.02548	0.01729	0.02002	0.01183	0.01365	0.01092	0.00728	0.00546	0.00182	0.00910	0.00455	0.00364	0.01092
77	0.02242	0.66739	0.08034	0.01513	0.02272	0.03286	0.01555	0.02557	0.01733	0.02043	0.01203	0.01390	0.01091	0.00733	0.00561	0.00187	0.00930	0.00465	0.00364	0.01102
78	0.01188	0.00869	0.01115	0.01053	0.01261	0.00796	0.00790	0.01574	0.02370	0.03321	0.59735	0.06508	0.12687	0.01774	0.01004	0.00269	0.00404	0.01560	0.00925	0.00796
79	0.01478	0.00739	0.01109	0.01109	0.01109	0.00739	0.00739	0.01109	0.01109	0.01478	0.01478	0.02587	0.01478	0.02956	0.03326	0.75240	0.00739	0.00739	0.00370	0.00370
80	0.01716	0.01623	0.02749	0.54385	0.18674	0.01919	0.02417	0.02269	0.01753	0.02306	0.01532	0.02233	0.01181	0.00831	0.00849	0.00277	0.01108	0.00757	0.00388	0.01033
81	0.02009	0.02296	0.05022	0.03587	0.04448	0.02152	0.61693	0.02726	0.02009	0.02726	0.01722	0.02296	0.01291	0.00717	0.01004	0.00287	0.01435	0.01004	0.00430	0.01148
82	0.06371	0.02557	0.02050	0.01852	0.02322	0.23509	0.01423	0.04043	0.39818	0.03084	0.02631	0.02537	0.02012	0.01043	0.00815	0.00264	0.00958	0.00798	0.00706	0.01205
83	0.02058	0.45249	0.27908	0.01827	0.02758	0.02835	0.02103	0.02604	0.01755	0.02268	0.01315	0.01530	0.01087	0.00759	0.00647	0.00216	0.01043	0.00522	0.00362	0.01156
84	0.01558	0.01365	0.01822	0.01630	0.01640	0.01759	0.01246	0.01674	0.01280	0.01877	0.01849	0.03511	0.02011	0.30502	0.07709	0.00628	0.35794	0.00962	0.00438	0.00746
85	0.02260	0.16974	0.29266	0.02115	0.03038	0.02170	0.08230	0.03111	0.08437	0.13412	0.01996	0.02094	0.01441	0.00862	0.00789	0.00254	0.01051	0.00706	0.00540	0.01255
86	0.01752	0.01528	0.01919	0.01409	0.02124	0.01205	0.04552	0.02210	0.03953	0.02766	0.01764	0.05472	0.01543	0.00763	0.00685	0.00153	0.00671	0.00652	0.00528	0.64350
87	0.01216	0.00912	0.01368	0.01368	0.01520	0.01064	0.01064	0.01520	0.01368	0.01976	0.02279	0.03343	0.02127	0.06382	0.66720	0.01368	0.02279	0.00912	0.00456	0.00760
88	0.01959	0.01628	0.01894	0.01414	0.02088	0.01419	0.01136	0.11096	0.02071	0.03098	0.01710	0.04764	0.01471	0.00823	0.00797	0.00168	0.04252	0.00640	0.00562	0.57010
89	0.01743	0.04150	0.58430	0.02564	0.03775	0.01997	0.10145	0.02699	0.01822	0.02699	0.01550	0.01856	0.01104	0.00798	0.00832	0.00272	0.01279	0.00674	0.00368	0.01245
90	0.02387	0.01627	0.01830	0.01587	0.02094	0.01734	0.01246	0.04002	0.40341	0.17700	0.03706	0.05803	0.06271	0.01223	0.00869	0.00277	0.00662	0.01021	0.00885	0.04736
