[name]
unknown

[dist]
# distance from previous block
# <min> <max>
0	18

[block]
# block no. 0 follows, 25 sequences, length 8
# corresponding to MSA columns:
# 18-25
name=unknown_A
#
# <colnr> <probs for GDERKNQSTAVLIFYWHMCP>
#	G	D	E	R	K	N	Q	S	T	A	V	L	I	F	Y	W	H	M	C	P
0	0.01249	0.00892	0.01249	0.01428	0.01606	0.00892	0.01249	0.01606	0.01785	0.02320	0.04105	0.08746	0.04462	0.02142	0.01071	0.00357	0.00714	0.62695	0.00714	0.00714
1	0.01634	0.01402	0.01620	0.01184	0.01852	0.01107	0.00944	0.02130	0.06923	0.02585	0.01524	0.01713	0.01248	0.00613	0.00592	0.00127	0.00577	0.00494	0.00486	0.71245
2	0.00942	0.00759	0.00839	0.00878	0.01078	0.00656	0.00636	0.01140	0.01739	0.02167	0.12923	0.23486	0.45960	0.02042	0.00935	0.00273	0.00404	0.01755	0.00733	0.00656
3	0.03173	0.01455	0.01847	0.01431	0.02001	0.01371	0.01176	0.16453	0.02515	0.49817	0.08085	0.02735	0.02236	0.01005	0.00790	0.00239	0.00676	0.00814	0.00913	0.01271
4	0.01860	0.26844	0.40716	0.01897	0.02809	0.09001	0.02220	0.02475	0.01673	0.02191	0.01269	0.01483	0.00988	0.00719	0.00654	0.00215	0.01066	0.00513	0.00336	0.01071
5	0.01130	0.00971	0.01668	0.01537	0.01736	0.00908	0.14174	0.01373	0.01557	0.02085	0.03708	0.57583	0.04302	0.02058	0.00974	0.00304	0.00629	0.01935	0.00651	0.00717
6	0.00984	0.00705	0.00935	0.01053	0.01133	0.00656	0.00723	0.01179	0.01669	0.02273	0.20684	0.54999	0.05696	0.02210	0.00970	0.00296	0.00428	0.01996	0.00754	0.00656
7	0.57861	0.01947	0.01401	0.01246	0.01717	0.15893	0.00996	0.02543	0.01559	0.07167	0.01227	0.01374	0.00940	0.00751	0.00544	0.00232	0.00770	0.00459	0.00493	0.00882

[dist]
# distance from previous block
# <min> <max>
0	2

[block]
# block no. 1 follows, 25 sequences, length 35
# corresponding to MSA columns:
# 28-62
name=unknown_B
#
# <colnr> <probs for GDERKNQSTAVLIFYWHMCP>
#	G	D	E	R	K	N	Q	S	T	A	V	L	I	F	Y	W	H	M	C	P
0	0.01224	0.00837	0.00954	0.00943	0.00992	0.00846	0.00574	0.05474	0.01350	0.01802	0.02669	0.14604	0.03052	0.57676	0.03302	0.00653	0.00715	0.01255	0.00527	0.00551
1	0.02073	0.73217	0.04063	0.01327	0.01990	0.03068	0.01327	0.02322	0.01575	0.01824	0.01078	0.01244	0.00995	0.00663	0.00498	0.00166	0.00829	0.00415	0.00332	0.00995
2	0.01249	0.00892	0.01249	0.01428	0.01606	0.00892	0.01249	0.01606	0.01785	0.02320	0.04105	0.08746	0.04462	0.02142	0.01071	0.00357	0.00714	0.62695	0.00714	0.00714
3	0.01802	0.02026	0.04284	0.06131	0.03933	0.01987	0.56792	0.02408	0.01762	0.02408	0.01512	0.02056	0.01156	0.00720	0.01051	0.00268	0.07415	0.00884	0.00385	0.01020
4	0.01004	0.00750	0.01079	0.01197	0.01283	0.00705	0.03449	0.01177	0.01521	0.02026	0.04148	0.64617	0.04914	0.02334	0.00993	0.00316	0.00505	0.06624	0.00706	0.00653
5	0.00962	0.00688	0.00915	0.01068	0.01128	0.00641	0.00721	0.01123	0.01565	0.02108	0.11469	0.64683	0.05377	0.02333	0.00981	0.00307	0.00440	0.02113	0.00735	0.00641
6	0.26462	0.00983	0.01044	0.01059	0.01276	0.01030	0.00774	0.01617	0.01449	0.05647	0.06692	0.32629	0.03221	0.01780	0.01068	0.10118	0.00532	0.01306	0.00612	0.00701
7	0.01858	0.01780	0.03038	0.13580	0.59568	0.01826	0.02349	0.02326	0.01737	0.02459	0.01448	0.01939	0.01202	0.00702	0.00769	0.00234	0.00936	0.00691	0.00379	0.01179
8	0.00943	0.00682	0.00892	0.01060	0.01119	0.00631	0.00711	0.01082	0.01504	0.01987	0.04516	0.67852	0.09364	0.02398	0.00985	0.00311	0.00446	0.02166	0.00720	0.00631
9	0.05457	0.01973	0.02085	0.01684	0.02237	0.02216	0.01365	0.41932	0.25129	0.04269	0.02276	0.02193	0.01660	0.00964	0.00769	0.00243	0.00761	0.00749	0.00769	0.01269
10	0.01054	0.00736	0.00910	0.00959	0.01078	0.00686	0.00668	0.01274	0.01716	0.02381	0.24485	0.30948	0.11948	0.09454	0.01233	0.00321	0.00441	0.01644	0.07407	0.00656
11	0.02947	0.02172	0.02327	0.01784	0.02404	0.02404	0.01474	0.65329	0.03646	0.04887	0.01862	0.01862	0.01319	0.00931	0.00776	0.00233	0.00853	0.00698	0.00776	0.01319
12	0.01646	0.00914	0.01212	0.01069	0.01348	0.00826	0.00826	0.01997	0.02200	0.18167	0.52653	0.05065	0.06072	0.01441	0.00883	0.00243	0.00434	0.01259	0.00878	0.00867
13	0.03238	0.01262	0.01718	0.01345	0.01897	0.01095	0.01099	0.03533	0.02182	0.61981	0.06278	0.06214	0.02342	0.01063	0.00797	0.00244	0.00635	0.00880	0.00943	0.01257
14	0.05496	0.01349	0.01709	0.01373	0.01906	0.01276	0.01114	0.03611	0.14294	0.48858	0.08084	0.02889	0.02392	0.01018	0.00782	0.00245	0.00626	0.00835	0.00903	0.01240
15	0.01303	0.00846	0.01101	0.01033	0.01257	0.00774	0.00798	0.01649	0.02131	0.08637	0.52247	0.05885	0.11194	0.01605	0.00916	0.00254	0.00422	0.06333	0.00841	0.00775
16	0.00958	0.00685	0.00912	0.01071	0.01128	0.00639	0.00721	0.01113	0.01546	0.02077	0.09759	0.66480	0.05318	0.02356	0.00983	0.00309	0.00443	0.02135	0.00731	0.00639
17	0.00990	0.00694	0.00886	0.01022	0.01056	0.00660	0.00658	0.01091	0.01396	0.01861	0.03820	0.55612	0.04556	0.19842	0.01722	0.00423	0.00525	0.01938	0.00658	0.00590
18	0.01227	0.00822	0.01023	0.00970	0.01193	0.00736	0.00728	0.01527	0.02031	0.07907	0.42370	0.11740	0.21408	0.01702	0.00911	0.00254	0.00403	0.01480	0.00818	0.00750
19	0.02818	0.02108	0.02254	0.01758	0.02355	0.02344	0.01443	0.57576	0.11609	0.04678	0.02025	0.01992	0.01451	0.00946	0.00777	0.00237	0.00823	0.00721	0.00777	0.01307
20	0.01287	0.00674	0.00994	0.01020	0.01027	0.00667	0.00680	0.01020	0.01081	0.01441	0.01782	0.12759	0.01910	0.02654	0.02727	0.65961	0.00640	0.00901	0.00394	0.00380
21	0.02783	0.01168	0.01561	0.01249	0.01736	0.01017	0.01012	0.03089	0.02179	0.49684	0.16794	0.03672	0.08208	0.01168	0.00818	0.00242	0.00578	0.00976	0.00919	0.01145
22	0.01111	0.00818	0.01181	0.01181	0.01297	0.00934	0.00888	0.01343	0.01227	0.01752	0.02136	0.03375	0.02081	0.16684	0.59005	0.01166	0.01862	0.00879	0.00424	0.00656
23	0.01613	0.01530	0.02594	0.49313	0.25755	0.01762	0.02227	0.02111	0.01621	0.02161	0.01404	0.02019	0.01097	0.00748	0.00773	0.00249	0.00997	0.00690	0.00357	0.00981
24	0.01128	0.00752	0.00846	0.00846	0.00846	0.00752	0.00470	0.01128	0.01128	0.01503	0.02443	0.05074	0.02819	0.72751	0.03946	0.00752	0.00752	0.01128	0.00470	0.00470
25	0.01108	0.00831	0.01246	0.01246	0.01385	0.00969	0.00969	0.01385	0.01246	0.01800	0.02077	0.03046	0.01938	0.05815	0.69678	0.01246	0.02077	0.00831	0.00415	0.00692
26	0.05892	0.02637	0.02154	0.07110	0.02524	0.29531	0.01469	0.29778	0.02711	0.03304	0.01552	0.01709	0.01176	0.00855	0.00722	0.00219	0.01056	0.00606	0.03928	0.01067
27	0.02881	0.02047	0.02232	0.01704	0.02329	0.02204	0.01406	0.55831	0.03381	0.09357	0.01911	0.01899	0.01349	0.00905	0.00760	0.00224	0.00817	0.00685	0.00764	0.07315
28	0.07528	0.01408	0.02269	0.62431	0.07835	0.01729	0.02060	0.02022	0.01542	0.02124	0.01358	0.01997	0.01027	0.00767	0.00752	0.00256	0.00994	0.00668	0.00357	0.00876
29	0.17859	0.22759	0.05440	0.01490	0.02052	0.14119	0.01317	0.06976	0.01880	0.14520	0.01525	0.01604	0.01155	0.00800	0.00688	0.00215	0.03520	0.00533	0.00518	0.01029
30	0.04833	0.01674	0.10194	0.15796	0.05808	0.01463	0.04933	0.02620	0.09905	0.15952	0.09313	0.03151	0.02353	0.03359	0.00907	0.00273	0.00809	0.05014	0.00617	0.01024
31	0.13476	0.01892	0.06797	0.21874	0.14196	0.07207	0.05252	0.02614	0.06042	0.10898	0.01676	0.01967	0.01240	0.00787	0.00730	0.00243	0.00926	0.00662	0.00485	0.01035
32	0.04482	0.02212	0.15744	0.10884	0.20817	0.06285	0.08350	0.02404	0.01777	0.07595	0.03987	0.02262	0.04423	0.00818	0.00766	0.00235	0.00960	0.00730	0.00453	0.04818
33	0.01802	0.01538	0.02098	0.10784	0.10948	0.01653	0.06123	0.06967	0.22499	0.05691	0.03227	0.03268	0.13496	0.01089	0.00867	0.00253	0.03043	0.00934	0.00622	0.03098
34	0.01781	0.01755	0.03049	0.11747	0.08297	0.01710	0.26159	0.05392	0.04371	0.02552	0.01537	0.01949	0.01201	0.00712	0.00853	0.00222	0.04071	0.00723	0.00435	0.21483

[dist]
# distance from previous block
# <min> <max>
0	15

[block]
# block no. 2 follows, 25 sequences, length 18
# corresponding to MSA columns:
# 78-95
name=unknown_C
#
# <colnr> <probs for GDERKNQSTAVLIFYWHMCP>
#	G	D	E	R	K	N	Q	S	T	A	V	L	I	F	Y	W	H	M	C	P
0	0.01966	0.01637	0.05235	0.19196	0.20246	0.01652	0.01767	0.07186	0.11098	0.10063	0.05480	0.02428	0.01791	0.00874	0.00766	0.00241	0.00814	0.00762	0.05709	0.01091
1	0.09687	0.05790	0.22085	0.08828	0.07182	0.01885	0.13018	0.06836	0.07693	0.07171	0.01683	0.01915	0.01234	0.00774	0.00746	0.00245	0.00978	0.00678	0.00474	0.01099
2	0.02056	0.01493	0.01961	0.01803	0.09741	0.01400	0.04403	0.07236	0.12694	0.14231	0.05619	0.02703	0.06635	0.00913	0.00741	0.00207	0.00670	0.00782	0.00649	0.24063
3	0.11326	0.02111	0.07714	0.02154	0.06964	0.06790	0.15085	0.15166	0.09537	0.05392	0.01852	0.04778	0.01461	0.00860	0.00759	0.00238	0.00920	0.00757	0.00556	0.05579
4	0.04927	0.02484	0.02576	0.04295	0.08135	0.27613	0.13012	0.05577	0.01970	0.04080	0.01392	0.01686	0.01112	0.00754	0.00797	0.00210	0.03953	0.00611	0.00438	0.14379
5	0.29618	0.01764	0.07364	0.01517	0.02090	0.01681	0.05506	0.06096	0.11139	0.20562	0.02000	0.01993	0.01411	0.00860	0.00737	0.00248	0.03034	0.00650	0.00643	0.01086
6	0.05394	0.01596	0.01795	0.01567	0.03476	0.01717	0.01211	0.19987	0.24480	0.15146	0.02935	0.10758	0.04132	0.01169	0.00798	0.00255	0.00667	0.00967	0.00784	0.01166
7	0.01668	0.01086	0.01075	0.04114	0.01373	0.05172	0.00790	0.08265	0.01841	0.02931	0.02304	0.02667	0.01814	0.01156	0.04274	0.00247	0.00596	0.00711	0.57118	0.00798
8	0.06545	0.01831	0.03207	0.11093	0.03358	0.01919	0.31887	0.11796	0.01970	0.02753	0.02019	0.02403	0.06585	0.00893	0.01014	0.00263	0.08134	0.00859	0.00471	0.00999
9	0.09965	0.06051	0.02222	0.06548	0.07193	0.29010	0.01469	0.13144	0.02228	0.10239	0.01541	0.01686	0.01166	0.00808	0.00696	0.00215	0.01031	0.00578	0.00527	0.03686
10	0.01361	0.00824	0.01037	0.08759	0.01526	0.00898	0.00833	0.01719	0.01520	0.02510	0.02284	0.02838	0.01867	0.02143	0.18222	0.00461	0.00875	0.00746	0.48846	0.00731
11	0.01993	0.07300	0.04293	0.06339	0.40975	0.12828	0.05191	0.02395	0.01795	0.02315	0.01579	0.06529	0.01421	0.00826	0.00759	0.00229	0.00988	0.00750	0.00403	0.01092
12	0.05878	0.01515	0.01880	0.15626	0.04796	0.01695	0.01440	0.07532	0.28171	0.12139	0.02627	0.03085	0.02056	0.01054	0.00796	0.00264	0.00741	0.06916	0.00686	0.01102
13	0.01700	0.02163	0.20697	0.01664	0.02251	0.01648	0.01629	0.07112	0.28493	0.03008	0.11461	0.05254	0.02810	0.01145	0.00817	0.00262	0.00750	0.05390	0.00658	0.01088
14	0.01144	0.00992	0.01695	0.01532	0.01754	0.00924	0.14573	0.01409	0.01618	0.02169	0.08094	0.50041	0.06961	0.01971	0.00966	0.00296	0.00626	0.01850	0.00658	0.00727
15	0.01833	0.07251	0.09166	0.18104	0.07727	0.03832	0.27205	0.06539	0.01847	0.02482	0.01506	0.01956	0.01149	0.00721	0.00792	0.00241	0.01096	0.00741	0.03050	0.02763
16	0.01813	0.05117	0.02173	0.03156	0.02123	0.01577	0.08282	0.05733	0.01690	0.06873	0.01756	0.07011	0.01536	0.00972	0.01093	0.00221	0.16023	0.00745	0.07063	0.25043
17	0.01758	0.01941	0.08282	0.09122	0.09618	0.01744	0.33873	0.06465	0.01859	0.02580	0.01819	0.07969	0.01537	0.00853	0.00843	0.00251	0.01062	0.00919	0.04338	0.03166

[dist]
# distance from previous block
# <min> <max>
34	389

[block]
# block no. 3 follows, 25 sequences, length 16
# corresponding to MSA columns:
# 488-503
name=unknown_D
#
# <colnr> <probs for GDERKNQSTAVLIFYWHMCP>
#	G	D	E	R	K	N	Q	S	T	A	V	L	I	F	Y	W	H	M	C	P
0	0.01793	0.18177	0.33814	0.01728	0.02513	0.04807	0.01944	0.02508	0.06616	0.05389	0.04682	0.04048	0.01615	0.00858	0.00691	0.00225	0.00913	0.00664	0.05962	0.01052
1	0.02396	0.04277	0.02524	0.08759	0.11283	0.13902	0.06459	0.26542	0.05723	0.03262	0.01691	0.01928	0.01296	0.01016	0.03274	0.00266	0.01028	0.00684	0.02571	0.01117
2	0.59119	0.01524	0.01523	0.01389	0.04986	0.01685	0.05560	0.02305	0.03604	0.03291	0.04507	0.01647	0.01269	0.00761	0.00562	0.00236	0.00654	0.00535	0.00497	0.04348
3	0.01902	0.01440	0.01936	0.06903	0.02307	0.04673	0.08260	0.07264	0.04909	0.11782	0.05017	0.07175	0.04896	0.01290	0.00860	0.00262	0.00785	0.17238	0.00651	0.10451
4	0.12626	0.01520	0.01674	0.01362	0.01870	0.04770	0.01098	0.09788	0.08908	0.31320	0.11134	0.02715	0.02401	0.00993	0.00746	0.00234	0.00661	0.00789	0.00795	0.04596
5	0.04848	0.01879	0.02008	0.04701	0.02265	0.04196	0.01315	0.41189	0.04743	0.08355	0.01949	0.02013	0.01412	0.00890	0.00725	0.00220	0.00778	0.00679	0.09143	0.06693
6	0.01874	0.01513	0.01782	0.01427	0.01976	0.01466	0.03811	0.08706	0.23320	0.06191	0.02630	0.04991	0.06113	0.00945	0.00726	0.00204	0.00633	0.00794	0.00646	0.30252
7	0.02395	0.01999	0.06900	0.01925	0.07246	0.02012	0.01521	0.27260	0.26467	0.08721	0.02417	0.02444	0.01791	0.00973	0.00784	0.00248	0.00773	0.02141	0.00731	0.01252
8	0.63716	0.01502	0.01368	0.08795	0.01965	0.01788	0.01052	0.02214	0.01335	0.03186	0.01108	0.01383	0.00875	0.00776	0.00676	0.00250	0.06246	0.00470	0.00454	0.00843
9	0.07341	0.01387	0.02156	0.57872	0.04661	0.01648	0.01917	0.02001	0.01539	0.02155	0.01355	0.01955	0.01031	0.00749	0.00731	0.00241	0.00950	0.00643	0.00368	0.09300
10	0.01447	0.01355	0.02222	0.59099	0.04709	0.01701	0.02001	0.01902	0.01511	0.01970	0.01564	0.07366	0.01343	0.00956	0.00958	0.00270	0.07608	0.00803	0.00373	0.00842
11	0.02741	0.02057	0.02214	0.01708	0.02320	0.02238	0.01402	0.54518	0.08430	0.04534	0.01918	0.01919	0.01386	0.00907	0.00758	0.00224	0.00808	0.00690	0.00747	0.08483
12	0.01741	0.01478	0.01736	0.01278	0.01907	0.01269	0.01033	0.07912	0.01766	0.02696	0.01395	0.01639	0.01154	0.00670	0.00749	0.00144	0.06201	0.00499	0.00480	0.64253
13	0.01387	0.00723	0.00755	0.00765	0.00935	0.00716	0.00567	0.01731	0.01649	0.02834	0.06487	0.08357	0.02541	0.01060	0.00598	0.00195	0.00368	0.00876	0.66741	0.00716
14	0.01087	0.00815	0.01124	0.03638	0.01325	0.00810	0.03605	0.01225	0.01359	0.01810	0.03336	0.30858	0.07021	0.29393	0.08569	0.00562	0.00775	0.01520	0.00567	0.00603
15	0.00969	0.00692	0.00926	0.01096	0.01154	0.00649	0.00751	0.01126	0.01530	0.02043	0.06725	0.65920	0.05174	0.02379	0.00992	0.00315	0.00462	0.05734	0.00725	0.00639

[dist]
# distance from previous block
# <min> <max>
0	1

[block]
# block no. 4 follows, 25 sequences, length 6
# corresponding to MSA columns:
# 505-510
name=unknown_E
#
# <colnr> <probs for GDERKNQSTAVLIFYWHMCP>
#	G	D	E	R	K	N	Q	S	T	A	V	L	I	F	Y	W	H	M	C	P
0	0.02076	0.02014	0.02890	0.10622	0.48676	0.08597	0.02178	0.08813	0.01978	0.02656	0.01466	0.01876	0.01196	0.00734	0.00762	0.00230	0.00972	0.00672	0.00421	0.01169
1	0.00963	0.00689	0.00917	0.01067	0.01129	0.00642	0.00721	0.01127	0.01572	0.02118	0.12062	0.64059	0.05398	0.02325	0.00980	0.00306	0.00439	0.02105	0.00736	0.00642
2	0.01789	0.23892	0.33573	0.02272	0.09341	0.02200	0.08280	0.02496	0.04963	0.02320	0.01413	0.01657	0.01100	0.00719	0.00689	0.00223	0.01019	0.00586	0.00364	0.01104
3	0.54723	0.01541	0.01416	0.01299	0.05248	0.01658	0.00981	0.06459	0.01554	0.03344	0.01208	0.01401	0.00951	0.00705	0.00533	0.00216	0.00630	0.00461	0.00491	0.15183
4	0.35968	0.01483	0.01377	0.01170	0.01617	0.01635	0.00949	0.19582	0.02096	0.03617	0.05461	0.02598	0.09902	0.00997	0.00645	0.00235	0.00609	0.00730	0.08397	0.00932
5	0.01345	0.01044	0.01226	0.01148	0.01409	0.01060	0.00883	0.05317	0.15347	0.03013	0.37274	0.08238	0.13159	0.01555	0.00894	0.00259	0.00468	0.04706	0.00806	0.00849

[dist]
# distance from previous block
# <min> <max>
0	2

[block]
# block no. 5 follows, 25 sequences, length 11
# corresponding to MSA columns:
# 513-523
name=unknown_F
#
# <colnr> <probs for GDERKNQSTAVLIFYWHMCP>
#	G	D	E	R	K	N	Q	S	T	A	V	L	I	F	Y	W	H	M	C	P
0	0.54253	0.01966	0.13279	0.01590	0.07963	0.01732	0.01352	0.02388	0.01458	0.06187	0.01260	0.01450	0.00950	0.00731	0.00565	0.00240	0.00728	0.00488	0.00466	0.00951
1	0.01097	0.00793	0.01036	0.00975	0.01158	0.00732	0.00732	0.01463	0.02195	0.03109	0.67505	0.05792	0.07316	0.01585	0.00914	0.00244	0.00366	0.01402	0.00854	0.00732
2	0.63331	0.01554	0.01372	0.07881	0.01962	0.01804	0.01030	0.08483	0.01572	0.03472	0.01186	0.01397	0.00906	0.00746	0.00538	0.00241	0.00667	0.00473	0.00496	0.00889
3	0.01464	0.01378	0.02326	0.70887	0.05340	0.01723	0.02153	0.01981	0.01550	0.01981	0.01378	0.02067	0.01034	0.00775	0.00775	0.00258	0.01034	0.00689	0.00345	0.00861
4	0.01640	0.03607	0.57977	0.02200	0.03252	0.01737	0.07416	0.02472	0.01702	0.05374	0.04371	0.01897	0.01315	0.00777	0.00760	0.00246	0.01103	0.00644	0.00383	0.01128
5	0.00945	0.00675	0.00900	0.01080	0.01125	0.00630	0.00720	0.01080	0.01484	0.01979	0.04274	0.72245	0.05128	0.02429	0.00990	0.00315	0.00450	0.02204	0.00720	0.00630
6	0.01431	0.01320	0.02168	0.56106	0.08310	0.01581	0.01974	0.01908	0.01598	0.02049	0.02096	0.03012	0.06373	0.00972	0.00810	0.00265	0.00952	0.05814	0.00405	0.00855
7	0.01799	0.02019	0.04258	0.06606	0.03932	0.01987	0.56048	0.02401	0.01757	0.02401	0.01508	0.02054	0.01155	0.00725	0.01058	0.00268	0.07740	0.00882	0.00385	0.01018
8	0.02137	0.56831	0.10084	0.01506	0.02179	0.12200	0.01500	0.02442	0.01668	0.01896	0.01125	0.01303	0.00994	0.00689	0.00549	0.00178	0.00939	0.00442	0.00341	0.00996
9	0.01414	0.00910	0.01164	0.01193	0.01371	0.00882	0.00876	0.07652	0.01863	0.08531	0.10761	0.46630	0.04645	0.02034	0.00948	0.00296	0.00521	0.06770	0.00761	0.00778
10	0.35815	0.02889	0.38530	0.01678	0.02526	0.01773	0.01960	0.02377	0.01495	0.02913	0.01252	0.01468	0.00919	0.00729	0.00622	0.00243	0.00902	0.00505	0.00396	0.01009

[dist]
# distance from previous block
# <min> <max>
0	4

[block]
# block no. 6 follows, 25 sequences, length 25
# corresponding to MSA columns:
# 528-552
name=unknown_G
#
# <colnr> <probs for GDERKNQSTAVLIFYWHMCP>
#	G	D	E	R	K	N	Q	S	T	A	V	L	I	F	Y	W	H	M	C	P
0	0.01201	0.00861	0.01152	0.01126	0.01220	0.00983	0.00828	0.01401	0.01256	0.01858	0.02157	0.03502	0.02125	0.23944	0.37085	0.00901	0.06771	0.00890	0.10093	0.00645
1	0.02694	0.01983	0.02123	0.01664	0.02212	0.02193	0.01352	0.54191	0.07787	0.04468	0.02018	0.02186	0.01518	0.05599	0.00972	0.00266	0.00809	0.00739	0.03994	0.01232
2	0.02818	0.02104	0.02301	0.05666	0.02552	0.02344	0.01501	0.58981	0.06383	0.04648	0.01893	0.01920	0.01350	0.00928	0.00776	0.00236	0.00852	0.00706	0.00752	0.01289
3	0.01128	0.00752	0.00846	0.00846	0.00846	0.00752	0.00470	0.01128	0.01128	0.01503	0.02443	0.05074	0.02819	0.72751	0.03946	0.00752	0.00752	0.01128	0.00470	0.00470
4	0.01293	0.01214	0.02265	0.01995	0.05057	0.01142	0.22985	0.01621	0.01616	0.02177	0.03218	0.44984	0.03595	0.01741	0.00954	0.00293	0.00766	0.01694	0.00592	0.00799
5	0.02947	0.02172	0.02327	0.01784	0.02404	0.02404	0.01474	0.65329	0.03646	0.04887	0.01862	0.01862	0.01319	0.00931	0.00776	0.00233	0.00853	0.00698	0.00776	0.01319
6	0.01919	0.01842	0.03147	0.04759	0.67914	0.01842	0.02380	0.02380	0.01765	0.02533	0.01458	0.01919	0.01228	0.00691	0.00768	0.00230	0.00921	0.00691	0.00384	0.01228
7	0.03371	0.01344	0.01796	0.01393	0.01982	0.01195	0.01146	0.03803	0.06709	0.63897	0.03066	0.02657	0.01951	0.00966	0.00780	0.00242	0.00657	0.00786	0.00948	0.01313
8	0.01790	0.03682	0.60553	0.02108	0.03188	0.01720	0.02654	0.02617	0.01708	0.10521	0.01595	0.01759	0.01097	0.00764	0.00742	0.00245	0.01086	0.00598	0.00405	0.01167
9	0.00944	0.00787	0.00824	0.00815	0.01064	0.00666	0.00611	0.01166	0.01833	0.02250	0.16995	0.07206	0.58363	0.01906	0.00916	0.00259	0.00389	0.01601	0.00740	0.00666
10	0.01795	0.01673	0.02647	0.05988	0.48199	0.01711	0.01996	0.02485	0.11126	0.02629	0.06324	0.02634	0.05615	0.00877	0.00789	0.00239	0.00814	0.00818	0.00491	0.01151
11	0.01105	0.00797	0.01047	0.00997	0.01180	0.00739	0.00756	0.01470	0.02175	0.03072	0.64475	0.05933	0.07180	0.01612	0.00922	0.00249	0.00382	0.04332	0.00847	0.00731
12	0.13945	0.06446	0.50844	0.02144	0.07155	0.01848	0.02441	0.02416	0.01592	0.02598	0.01332	0.01577	0.00976	0.00728	0.00687	0.00240	0.01030	0.00549	0.00356	0.01095
13	0.02239	0.59218	0.03687	0.01462	0.02072	0.16473	0.01361	0.02478	0.01701	0.01839	0.01102	0.01275	0.00996	0.00691	0.00538	0.00173	0.00944	0.00432	0.00345	0.00976
14	0.17378	0.01373	0.01673	0.01323	0.01892	0.01296	0.01088	0.03517	0.05671	0.52622	0.02694	0.02395	0.01743	0.00920	0.00724	0.00241	0.00646	0.00718	0.00860	0.01225
15	0.02453	0.30324	0.03050	0.02130	0.12146	0.30676	0.01550	0.02715	0.01891	0.04717	0.01268	0.01468	0.01070	0.00737	0.00635	0.00193	0.01074	0.00507	0.00394	0.01003
16	0.00995	0.00725	0.00937	0.01018	0.01129	0.00667	0.00712	0.01214	0.01754	0.02378	0.26343	0.43722	0.11336	0.02098	0.00957	0.00286	0.00416	0.01879	0.00766	0.00667
17	0.01048	0.00763	0.00991	0.01024	0.01171	0.00706	0.00753	0.01330	0.01919	0.02635	0.39389	0.26239	0.11053	0.01908	0.00948	0.00275	0.00418	0.05943	0.00793	0.00694
18	0.01098	0.00754	0.01024	0.04165	0.01380	0.00721	0.00837	0.01276	0.01551	0.04831	0.04202	0.59089	0.06855	0.02256	0.00975	0.00311	0.00503	0.06783	0.00713	0.00677
19	0.06707	0.25203	0.41595	0.01964	0.05481	0.02191	0.02237	0.02399	0.01603	0.02330	0.01277	0.01502	0.00987	0.00711	0.00647	0.00220	0.01003	0.00519	0.00341	0.01083
20	0.52667	0.01728	0.08333	0.10193	0.02193	0.01713	0.01230	0.04946	0.01500	0.03206	0.01268	0.01523	0.00967	0.00748	0.00561	0.00239	0.00710	0.00500	0.04887	0.00888
21	0.02028	0.01633	0.01860	0.01544	0.04677	0.01585	0.01178	0.15466	0.19235	0.04962	0.01995	0.02040	0.01530	0.00788	0.00685	0.00186	0.00658	0.00636	0.00621	0.36694
22	0.66454	0.01583	0.03465	0.06899	0.04558	0.01744	0.01073	0.02265	0.01366	0.03286	0.01129	0.01364	0.00876	0.00724	0.00524	0.00241	0.00665	0.00458	0.00460	0.00867
23	0.07027	0.52423	0.10157	0.01609	0.05125	0.08503	0.01512	0.02401	0.01627	0.02033	0.01137	0.01328	0.00995	0.00687	0.00550	0.00184	0.00899	0.00451	0.00349	0.01002
24	0.04653	0.01959	0.07746	0.13387	0.05346	0.03453	0.38371	0.02276	0.01709	0.02381	0.01616	0.04425	0.01297	0.00837	0.00930	0.03378	0.01129	0.00849	0.03298	0.00962

[dist]
# distance from previous block
# <min> <max>
0	2

[block]
# block no. 7 follows, 25 sequences, length 23
# corresponding to MSA columns:
# 555-577
name=unknown_H
#
# <colnr> <probs for GDERKNQSTAVLIFYWHMCP>
#	G	D	E	R	K	N	Q	S	T	A	V	L	I	F	Y	W	H	M	C	P
0	0.10986	0.01422	0.10542	0.01141	0.01570	0.01086	0.01044	0.01877	0.06528	0.06091	0.17192	0.04948	0.29806	0.01441	0.00819	0.00252	0.00549	0.01187	0.00678	0.00839
1	0.01096	0.00790	0.01040	0.01012	0.01184	0.00734	0.00764	0.01444	0.02117	0.02977	0.58870	0.10832	0.06975	0.01682	0.00930	0.00256	0.00394	0.05345	0.00835	0.00723
2	0.01702	0.01713	0.02566	0.37848	0.03992	0.06256	0.08517	0.03887	0.01577	0.02079	0.01298	0.01916	0.01050	0.00935	0.01290	0.00277	0.21144	0.00698	0.00364	0.00892
3	0.68631	0.01526	0.01289	0.06162	0.01828	0.01773	0.00969	0.05600	0.01460	0.03444	0.01143	0.01350	0.00879	0.00735	0.00517	0.00241	0.00645	0.00454	0.00486	0.00867
4	0.01883	0.01806	0.03082	0.09970	0.62983	0.01833	0.02362	0.02348	0.01749	0.02490	0.01452	0.01931	0.01213	0.00697	0.00768	0.00232	0.00930	0.00691	0.00381	0.01199
5	0.00928	0.00786	0.00801	0.00798	0.01054	0.00659	0.00598	0.01135	0.01794	0.02159	0.11634	0.07356	0.63780	0.01940	0.00916	0.00261	0.00391	0.01622	0.00728	0.00659
6	0.01108	0.00831	0.01246	0.01246	0.01385	0.00969	0.00969	0.01385	0.01246	0.01800	0.02077	0.03046	0.01938	0.05815	0.69678	0.01246	0.02077	0.00831	0.00415	0.00692
7	0.01946	0.56243	0.19924	0.01543	0.02325	0.02757	0.01704	0.02355	0.01591	0.01979	0.01155	0.01340	0.00992	0.00681	0.00556	0.00185	0.00907	0.00453	0.00331	0.01032
8	0.01107	0.00828	0.01232	0.01228	0.01370	0.00954	0.00954	0.01390	0.01308	0.01886	0.06355	0.03226	0.02290	0.05539	0.65182	0.01181	0.01965	0.00868	0.00444	0.00695
9	0.01111	0.00818	0.01180	0.01180	0.01296	0.00933	0.00887	0.01342	0.01227	0.01751	0.02137	0.03379	0.02083	0.16807	0.58884	0.01165	0.01859	0.00879	0.00424	0.00656
10	0.01097	0.00793	0.01036	0.00975	0.01158	0.00732	0.00732	0.01463	0.02195	0.03109	0.67505	0.05792	0.07316	0.01585	0.00914	0.00244	0.00366	0.01402	0.00854	0.00732
11	0.01555	0.04011	0.68733	0.02210	0.03356	0.01801	0.02865	0.02455	0.01637	0.02455	0.01391	0.01637	0.00982	0.00737	0.00737	0.00246	0.01146	0.00573	0.00327	0.01146
12	0.02785	0.02091	0.02235	0.01751	0.02342	0.02328	0.01434	0.55553	0.13686	0.04624	0.02068	0.02026	0.01486	0.00950	0.00778	0.00238	0.00815	0.00727	0.00778	0.01304
13	0.02741	0.02032	0.02363	0.01826	0.02420	0.02211	0.05854	0.52093	0.06662	0.07106	0.02075	0.05356	0.01572	0.00991	0.00797	0.00241	0.00845	0.00799	0.00754	0.01262
14	0.02947	0.02172	0.02327	0.01784	0.02404	0.02404	0.01474	0.65329	0.03646	0.04887	0.01862	0.01862	0.01319	0.00931	0.00776	0.00233	0.00853	0.00698	0.00776	0.01319
15	0.01637	0.01877	0.09101	0.04508	0.02465	0.02092	0.09311	0.01961	0.01371	0.02037	0.01442	0.04267	0.01392	0.01277	0.01963	0.00318	0.46640	0.05072	0.00382	0.00886
16	0.02558	0.01866	0.01993	0.01583	0.02097	0.02061	0.01280	0.47750	0.09808	0.04280	0.02108	0.02282	0.01596	0.05303	0.00943	0.00261	0.00766	0.00746	0.09529	0.01189
17	0.01135	0.05910	0.01149	0.00931	0.01191	0.00947	0.00708	0.01504	0.06719	0.02324	0.19434	0.06076	0.38351	0.08855	0.01182	0.00301	0.00470	0.01391	0.00702	0.00720
18	0.02227	0.01709	0.01840	0.01559	0.02034	0.01898	0.01237	0.24295	0.34627	0.06796	0.03083	0.06510	0.06405	0.01139	0.00803	0.00254	0.00673	0.00932	0.00785	0.01193
19	0.11900	0.44766	0.10236	0.01392	0.02035	0.05716	0.01387	0.02375	0.01652	0.05281	0.05849	0.01678	0.01458	0.00763	0.00573	0.00195	0.00821	0.00522	0.00419	0.00983
20	0.01931	0.04432	0.01797	0.05072	0.02019	0.01598	0.01156	0.25315	0.06626	0.03297	0.07199	0.16610	0.05962	0.01268	0.00795	0.00235	0.00666	0.01064	0.00680	0.12278
21	0.14308	0.07504	0.05416	0.02271	0.15519	0.15751	0.01591	0.16316	0.03787	0.02992	0.01635	0.01829	0.03275	0.00847	0.00766	0.00228	0.03778	0.00620	0.00501	0.01065
22	0.01917	0.01753	0.04079	0.04764	0.03828	0.09591	0.01270	0.02626	0.15229	0.07464	0.02267	0.04589	0.04397	0.00976	0.00912	0.00222	0.08513	0.00745	0.06146	0.18711

[dist]
# distance from previous block
# <min> <max>
44	72

[block]
# block no. 8 follows, 25 sequences, length 29
# corresponding to MSA columns:
# 652-680
name=unknown_I
#
# <colnr> <probs for GDERKNQSTAVLIFYWHMCP>
#	G	D	E	R	K	N	Q	S	T	A	V	L	I	F	Y	W	H	M	C	P
0	0.08925	0.01668	0.02106	0.11879	0.06616	0.03457	0.01507	0.09559	0.01707	0.02594	0.01295	0.01715	0.01084	0.00918	0.01254	0.00241	0.22973	0.00602	0.00438	0.19462
1	0.01692	0.01368	0.01684	0.10212	0.02226	0.01304	0.01137	0.13088	0.01898	0.02709	0.01888	0.09673	0.01743	0.04880	0.06448	0.00299	0.00800	0.00784	0.00526	0.35640
2	0.02358	0.01855	0.08221	0.01641	0.02217	0.07125	0.07197	0.11103	0.02170	0.22502	0.06551	0.08837	0.04332	0.01057	0.00790	0.00232	0.00798	0.00900	0.00685	0.09428
3	0.08694	0.01496	0.02336	0.47516	0.16676	0.01760	0.02017	0.02218	0.05620	0.02304	0.01477	0.02016	0.01136	0.00771	0.00747	0.00252	0.00946	0.00676	0.00392	0.00952
4	0.01812	0.01614	0.02146	0.01626	0.02171	0.01581	0.07628	0.09266	0.04160	0.02686	0.01446	0.01750	0.01189	0.00795	0.01029	0.00193	0.14685	0.00591	0.00477	0.43155
5	0.27630	0.01331	0.01458	0.04647	0.01833	0.01370	0.01014	0.05690	0.04274	0.23078	0.12276	0.02825	0.05669	0.01010	0.00702	0.00240	0.00606	0.00786	0.00714	0.02848
6	0.01037	0.00771	0.01032	0.04950	0.01392	0.00730	0.00800	0.01218	0.01535	0.02081	0.08961	0.55110	0.04711	0.05754	0.01097	0.00316	0.00499	0.01891	0.00681	0.05435
7	0.01228	0.01015	0.01438	0.01321	0.01571	0.00960	0.08443	0.07211	0.01808	0.02342	0.04763	0.38605	0.22371	0.01944	0.00940	0.00286	0.00573	0.01746	0.00686	0.00750
8	0.01464	0.01378	0.02326	0.70887	0.05340	0.01723	0.02153	0.01981	0.01550	0.01981	0.01378	0.02067	0.01034	0.00775	0.00775	0.00258	0.01034	0.00689	0.00345	0.00861
9	0.01963	0.01981	0.03282	0.04404	0.55728	0.05730	0.10623	0.02434	0.01799	0.02490	0.01458	0.01912	0.01208	0.00692	0.00783	0.00233	0.00999	0.00710	0.00386	0.01185
10	0.01751	0.30411	0.33550	0.01794	0.02659	0.02199	0.04186	0.02326	0.01626	0.02209	0.01426	0.01894	0.01198	0.00774	0.00659	0.00213	0.00969	0.03975	0.00361	0.05820
11	0.07138	0.02134	0.02261	0.01741	0.02354	0.02367	0.01438	0.61819	0.03516	0.04808	0.01818	0.01828	0.01292	0.00919	0.00759	0.00233	0.00839	0.00683	0.00759	0.01292
12	0.01091	0.00823	0.01186	0.01186	0.01329	0.00930	0.00912	0.01348	0.01289	0.01814	0.02628	0.03545	0.08062	0.08418	0.60399	0.01133	0.01862	0.00919	0.00446	0.00679
13	0.01246	0.00971	0.01418	0.01389	0.01572	0.00948	0.06983	0.07222	0.01749	0.02332	0.03775	0.52497	0.04330	0.02091	0.00971	0.00307	0.00596	0.08168	0.00693	0.00742
14	0.02495	0.01792	0.02335	0.01820	0.02351	0.01916	0.10368	0.28350	0.12183	0.13617	0.02211	0.02339	0.01626	0.03682	0.01001	0.00265	0.04617	0.00785	0.05072	0.01174
15	0.02976	0.01215	0.01600	0.01263	0.01796	0.01044	0.01032	0.03255	0.02131	0.55426	0.04000	0.03586	0.14811	0.01157	0.00807	0.00244	0.00607	0.00948	0.00913	0.01189
16	0.02977	0.01359	0.01739	0.01390	0.01924	0.01279	0.01128	0.05751	0.13165	0.49143	0.09006	0.02947	0.02475	0.01032	0.00794	0.00244	0.00631	0.00851	0.00915	0.01249
17	0.01585	0.03393	0.52372	0.02118	0.03099	0.01725	0.07194	0.04860	0.03568	0.02601	0.05901	0.02219	0.04222	0.00851	0.00772	0.00247	0.01051	0.00708	0.00412	0.01101
18	0.02060	0.13071	0.16290	0.04589	0.02990	0.21427	0.18189	0.02530	0.01814	0.02155	0.01451	0.04768	0.01225	0.00819	0.00810	0.00232	0.03514	0.00697	0.00384	0.00985
19	0.02740	0.05844	0.02249	0.01646	0.02222	0.02261	0.01366	0.55147	0.03318	0.04508	0.01891	0.01938	0.01373	0.00913	0.00736	0.00224	0.00799	0.00685	0.08903	0.01237
20	0.10434	0.17211	0.45908	0.01871	0.02826	0.02018	0.02270	0.02458	0.01610	0.04869	0.01356	0.01554	0.01003	0.00729	0.00662	0.00229	0.01004	0.00532	0.00369	0.01088
21	0.01083	0.00787	0.01010	0.01110	0.01221	0.00742	0.00766	0.04297	0.01645	0.02224	0.08398	0.61075	0.04917	0.02215	0.00956	0.00297	0.00469	0.01998	0.00720	0.04069
22	0.02119	0.01801	0.02830	0.02088	0.02745	0.01726	0.23844	0.19532	0.02263	0.06878	0.01807	0.04655	0.01426	0.00959	0.02969	0.00250	0.00958	0.00783	0.00559	0.19809
23	0.01211	0.00906	0.00964	0.00916	0.01205	0.00807	0.00704	0.05291	0.01886	0.05952	0.06815	0.06819	0.54100	0.04560	0.01024	0.00282	0.00466	0.04638	0.00727	0.00729
24	0.01574	0.01354	0.01605	0.01188	0.01807	0.01076	0.00946	0.01898	0.01580	0.02463	0.01526	0.05646	0.01369	0.00719	0.00695	0.00137	0.04039	0.00570	0.00468	0.69341
25	0.01322	0.00934	0.01068	0.00991	0.01152	0.00908	0.00665	0.07167	0.01594	0.02206	0.08829	0.12517	0.05509	0.38361	0.02431	0.00500	0.00640	0.01179	0.04382	0.07644
26	0.05211	0.01236	0.01959	0.04999	0.02169	0.01142	0.14346	0.01742	0.01611	0.02330	0.05096	0.21762	0.02779	0.01412	0.00955	0.04406	0.00727	0.06855	0.00544	0.18719
27	0.01908	0.01904	0.07874	0.01490	0.02001	0.07771	0.01261	0.09332	0.24593	0.04480	0.05614	0.02972	0.07645	0.05005	0.00934	0.00255	0.00732	0.00832	0.00642	0.12754
28	0.02420	0.01798	0.02140	0.01628	0.02223	0.01837	0.03934	0.31208	0.04633	0.09688	0.01793	0.01887	0.01328	0.00849	0.00852	0.00208	0.05974	0.00647	0.00649	0.24305

[dist]
# distance from previous block
# <min> <max>
0	2

[block]
# block no. 9 follows, 25 sequences, length 7
# corresponding to MSA columns:
# 683-689
name=unknown_J
#
# <colnr> <probs for GDERKNQSTAVLIFYWHMCP>
#	G	D	E	R	K	N	Q	S	T	A	V	L	I	F	Y	W	H	M	C	P
0	0.02253	0.01749	0.01994	0.10793	0.02521	0.01954	0.01394	0.35750	0.14626	0.03757	0.02625	0.08990	0.05857	0.01135	0.00807	0.00251	0.00767	0.00927	0.00712	0.01136
1	0.02283	0.01734	0.01993	0.01896	0.08377	0.01916	0.01371	0.14785	0.41947	0.10786	0.02753	0.02588	0.02022	0.00986	0.00784	0.00252	0.00691	0.00816	0.00767	0.01254
2	0.01945	0.01633	0.01845	0.11994	0.02486	0.06325	0.01239	0.07408	0.08047	0.07171	0.01689	0.01877	0.01303	0.00722	0.00665	0.00175	0.00736	0.00578	0.00528	0.41636
3	0.04060	0.01316	0.01599	0.08774	0.02078	0.01390	0.01164	0.16585	0.07417	0.10959	0.15967	0.09310	0.06094	0.01302	0.00831	0.00255	0.00641	0.05257	0.04021	0.00978
4	0.09540	0.01794	0.01804	0.07069	0.02239	0.08937	0.01223	0.16517	0.10160	0.08319	0.02365	0.02405	0.07237	0.00921	0.00713	0.00215	0.00760	0.00713	0.00619	0.16451
5	0.05379	0.01522	0.02175	0.01721	0.02102	0.01647	0.10634	0.08157	0.01793	0.08017	0.07916	0.02435	0.01900	0.04342	0.01380	0.00271	0.19945	0.00771	0.05181	0.12714
6	0.02363	0.01960	0.05062	0.01700	0.02213	0.02070	0.01427	0.38221	0.10847	0.03841	0.02074	0.07684	0.01701	0.01079	0.00967	0.00247	0.08314	0.00818	0.00683	0.06727

[dist]
# distance from previous block
# <min> <max>
8	27

[block]
# block no. 10 follows, 25 sequences, length 8
# corresponding to MSA columns:
# 718-725
name=unknown_K
#
# <colnr> <probs for GDERKNQSTAVLIFYWHMCP>
#	G	D	E	R	K	N	Q	S	T	A	V	L	I	F	Y	W	H	M	C	P
0	0.01724	0.04201	0.16830	0.04672	0.10982	0.01410	0.01641	0.05049	0.04575	0.09489	0.20149	0.05602	0.03320	0.01166	0.00825	0.00251	0.00748	0.05733	0.00626	0.01007
1	0.01861	0.01987	0.12985	0.11518	0.16953	0.01713	0.01801	0.14559	0.07252	0.02833	0.02069	0.02422	0.05389	0.03621	0.01009	0.04571	0.00863	0.00748	0.00504	0.05342
2	0.01718	0.07244	0.32457	0.11062	0.09088	0.01788	0.06517	0.02465	0.05404	0.04559	0.01542	0.01825	0.01153	0.00735	0.00728	0.00228	0.00993	0.00623	0.00401	0.09468
3	0.21585	0.05488	0.23092	0.11139	0.06623	0.01738	0.04268	0.02540	0.01645	0.12741	0.01562	0.01767	0.01118	0.00763	0.00680	0.00241	0.00895	0.00594	0.00472	0.01050
4	0.02129	0.01712	0.04399	0.01475	0.01975	0.06262	0.01218	0.06482	0.17351	0.14632	0.05188	0.02667	0.06225	0.01000	0.00893	0.00225	0.06672	0.00773	0.00660	0.18064
5	0.02123	0.28383	0.07556	0.01937	0.02559	0.06524	0.14014	0.13853	0.02038	0.02596	0.01554	0.02110	0.01334	0.00867	0.00817	0.00227	0.05052	0.04962	0.00456	0.01040
6	0.01451	0.01380	0.06438	0.04053	0.02029	0.01195	0.09294	0.09554	0.01975	0.02726	0.16881	0.27342	0.03893	0.01517	0.00881	0.00261	0.00671	0.01380	0.00654	0.06424
7	0.01612	0.08749	0.59514	0.02225	0.03310	0.01902	0.07278	0.02448	0.01647	0.02413	0.01382	0.01642	0.00997	0.00725	0.00733	0.00241	0.01135	0.00587	0.00332	0.01128

[dist]
# distance from previous block
# <min> <max>
4	17

[block]
# block no. 11 follows, 25 sequences, length 19
# corresponding to MSA columns:
# 743-761
name=unknown_L
#
# <colnr> <probs for GDERKNQSTAVLIFYWHMCP>
#	G	D	E	R	K	N	Q	S	T	A	V	L	I	F	Y	W	H	M	C	P
0	0.16515	0.06444	0.01946	0.10717	0.05277	0.08863	0.01311	0.15553	0.05493	0.06595	0.02168	0.02303	0.06539	0.00917	0.00689	0.00230	0.00793	0.00695	0.05950	0.01000
1	0.02515	0.01695	0.01994	0.01798	0.07422	0.01791	0.01322	0.21931	0.22166	0.17818	0.02496	0.02509	0.01834	0.04711	0.00938	0.00265	0.00726	0.00782	0.00758	0.04528
2	0.01788	0.38391	0.32613	0.01699	0.02550	0.02373	0.01976	0.02333	0.01638	0.02177	0.04969	0.01675	0.01346	0.00748	0.00627	0.00206	0.00944	0.00541	0.00359	0.01047
3	0.00964	0.00681	0.00898	0.01059	0.01108	0.00637	0.00705	0.01080	0.01465	0.01944	0.04227	0.65186	0.07032	0.04978	0.01165	0.03001	0.00467	0.02093	0.00697	0.00615
4	0.07363	0.03820	0.63613	0.02120	0.03215	0.01796	0.02711	0.02442	0.01613	0.02533	0.01368	0.01608	0.00971	0.00735	0.00717	0.00245	0.01105	0.00561	0.00339	0.01123
5	0.06253	0.01781	0.01905	0.01673	0.05689	0.04045	0.01272	0.35957	0.04730	0.03743	0.05045	0.03222	0.16440	0.01173	0.00857	0.00244	0.03269	0.00914	0.00700	0.01088
6	0.00976	0.00695	0.00894	0.01031	0.01084	0.00653	0.00680	0.01106	0.01478	0.01970	0.07116	0.57310	0.07240	0.12213	0.01397	0.00371	0.00486	0.01995	0.00691	0.00613
7	0.01986	0.02054	0.07913	0.06302	0.45831	0.05168	0.04912	0.02633	0.07848	0.05324	0.01669	0.02006	0.01325	0.00746	0.00771	0.00236	0.00943	0.00703	0.00441	0.01188
8	0.25109	0.01894	0.01822	0.01480	0.01994	0.07062	0.01208	0.29062	0.02484	0.11541	0.01726	0.01789	0.01248	0.00876	0.00736	0.00234	0.03355	0.00611	0.04671	0.01097
9	0.01904	0.01887	0.03099	0.04333	0.57006	0.04655	0.07005	0.02355	0.01789	0.02481	0.01772	0.02184	0.04494	0.00755	0.00783	0.00233	0.00944	0.00746	0.00402	0.01172
10	0.00956	0.00697	0.00879	0.01019	0.01091	0.00643	0.00681	0.01088	0.01494	0.01956	0.04622	0.57567	0.13684	0.08232	0.01226	0.00344	0.00467	0.02035	0.00699	0.00620
11	0.02162	0.61086	0.03748	0.01445	0.02044	0.11580	0.01365	0.02401	0.01638	0.01836	0.01091	0.01284	0.00997	0.00712	0.00615	0.00178	0.04066	0.00437	0.00341	0.00976
12	0.00945	0.00675	0.00900	0.01080	0.01125	0.00630	0.00720	0.01080	0.01484	0.01979	0.04274	0.72245	0.05128	0.02429	0.00990	0.00315	0.00450	0.02204	0.00720	0.00630
13	0.71872	0.07484	0.01384	0.01045	0.01540	0.01850	0.00880	0.02283	0.01341	0.03341	0.01079	0.01258	0.00853	0.00715	0.00481	0.00234	0.00619	0.00419	0.00467	0.00853
14	0.02896	0.03695	0.02197	0.01998	0.02397	0.69638	0.01498	0.03096	0.02197	0.01898	0.01199	0.01398	0.00999	0.00799	0.00699	0.00200	0.01398	0.00499	0.00400	0.00899
15	0.01445	0.00723	0.00723	0.00723	0.00903	0.00723	0.00542	0.01807	0.01626	0.02891	0.02529	0.02891	0.01987	0.00903	0.00542	0.00181	0.00361	0.00723	0.77055	0.00723
16	0.00992	0.00708	0.00954	0.01133	0.01199	0.00670	0.00802	0.01161	0.01531	0.02032	0.04248	0.62432	0.05025	0.02385	0.01002	0.00321	0.00491	0.11553	0.00719	0.00643
17	0.01600	0.03695	0.58193	0.02384	0.03470	0.01827	0.13089	0.02460	0.01669	0.02460	0.01421	0.01712	0.01014	0.00723	0.00766	0.00248	0.01172	0.00629	0.00338	0.01129
18	0.02291	0.01221	0.01495	0.01261	0.01695	0.01173	0.01001	0.03025	0.16987	0.31203	0.16162	0.04004	0.12604	0.01247	0.00828	0.00249	0.00554	0.01046	0.00865	0.01089

[dist]
# distance from previous block
# <min> <max>
0	1

[block]
# block no. 12 follows, 25 sequences, length 70
# corresponding to MSA columns:
# 763-832
name=unknown_M
#
# <colnr> <probs for GDERKNQSTAVLIFYWHMCP>
#	G	D	E	R	K	N	Q	S	T	A	V	L	I	F	Y	W	H	M	C	P
0	0.01673	0.06050	0.08499	0.01615	0.02010	0.01617	0.06774	0.10313	0.06253	0.02566	0.02261	0.03121	0.04168	0.07399	0.12427	0.00456	0.08748	0.05361	0.07779	0.00908
1	0.00954	0.00682	0.00908	0.01073	0.01127	0.00636	0.00720	0.01103	0.01528	0.02049	0.08192	0.68127	0.05264	0.02377	0.00985	0.00310	0.00445	0.02155	0.00728	0.00636
2	0.03427	0.01403	0.01851	0.01419	0.02021	0.01263	0.01172	0.09788	0.02358	0.62245	0.02942	0.02563	0.01861	0.00957	0.00779	0.00239	0.00679	0.00772	0.00942	0.01319
3	0.01859	0.01781	0.03039	0.13449	0.59691	0.01827	0.02350	0.02327	0.01737	0.02461	0.01448	0.01938	0.01203	0.00702	0.00769	0.00234	0.00936	0.00691	0.00379	0.01180
4	0.01896	0.01818	0.03105	0.08166	0.64690	0.01836	0.02368	0.02359	0.01754	0.02505	0.01454	0.01927	0.01218	0.00695	0.00768	0.00232	0.00927	0.00691	0.00382	0.01209
5	0.05586	0.01613	0.02062	0.04804	0.06514	0.06952	0.01519	0.01897	0.01339	0.01985	0.01348	0.02024	0.01256	0.02344	0.19135	0.00543	0.37175	0.00692	0.00374	0.00839
6	0.53343	0.07220	0.05117	0.07833	0.04843	0.01889	0.01208	0.06175	0.01540	0.03206	0.01188	0.01418	0.00923	0.00733	0.00552	0.00235	0.00715	0.00481	0.00462	0.00916
7	0.01762	0.01962	0.05262	0.10776	0.03324	0.04437	0.28255	0.02198	0.01548	0.02156	0.01308	0.01894	0.01084	0.00956	0.01535	0.00289	0.29179	0.00769	0.00364	0.00943
8	0.08119	0.03955	0.04585	0.02066	0.13629	0.01745	0.01453	0.08064	0.24482	0.14802	0.04709	0.02690	0.02041	0.00972	0.00762	0.00248	0.00716	0.03096	0.00690	0.01174
9	0.02479	0.04770	0.02045	0.01556	0.02103	0.01921	0.01266	0.32387	0.15298	0.11066	0.04367	0.05849	0.01945	0.01009	0.00763	0.00230	0.00721	0.00807	0.00749	0.08670
10	0.01001	0.00723	0.00946	0.01030	0.01134	0.00669	0.00719	0.01224	0.01760	0.02404	0.27958	0.45098	0.08252	0.02098	0.00959	0.00286	0.00416	0.01885	0.00770	0.00669
11	0.01730	0.02106	0.09761	0.07250	0.06536	0.01832	0.48090	0.02367	0.01821	0.02500	0.06635	0.02329	0.01627	0.00742	0.00884	0.00257	0.01187	0.00899	0.00419	0.01027
12	0.01790	0.02200	0.10277	0.07679	0.10506	0.01919	0.48909	0.02438	0.01787	0.02454	0.01529	0.02030	0.01154	0.00673	0.00875	0.00257	0.01236	0.00846	0.00382	0.01062
13	0.03430	0.01397	0.01847	0.01416	0.02018	0.01255	0.01170	0.09390	0.02349	0.62656	0.02950	0.02568	0.01865	0.00957	0.00779	0.00239	0.00677	0.00772	0.00943	0.01319
14	0.03452	0.01363	0.01826	0.01400	0.02001	0.01204	0.01157	0.06932	0.02292	0.65194	0.02998	0.02599	0.01889	0.00958	0.00780	0.00240	0.00670	0.00776	0.00950	0.01319
15	0.00950	0.00687	0.00889	0.01047	0.01107	0.00637	0.00699	0.01084	0.01491	0.01968	0.04473	0.64408	0.09862	0.05353	0.01108	0.00329	0.00458	0.02115	0.00709	0.00625
16	0.26145	0.01774	0.09300	0.21081	0.13945	0.01693	0.04322	0.02273	0.01562	0.05139	0.01427	0.01802	0.01087	0.00748	0.00669	0.00242	0.00851	0.00605	0.04370	0.00964
17	0.01097	0.00793	0.01036	0.00975	0.01158	0.00732	0.00732	0.01463	0.02195	0.03109	0.67505	0.05792	0.07316	0.01585	0.00914	0.00244	0.00366	0.01402	0.00854	0.00732
18	0.01249	0.00892	0.01249	0.01428	0.01606	0.00892	0.01249	0.01606	0.01785	0.02320	0.04105	0.08746	0.04462	0.02142	0.01071	0.00357	0.00714	0.62695	0.00714	0.00714
19	0.02910	0.02153	0.02306	0.01776	0.02390	0.02387	0.01465	0.63056	0.05980	0.04826	0.01910	0.01900	0.01358	0.00935	0.00776	0.00234	0.00844	0.00705	0.00776	0.01315
