[name]
unknown

[dist]
# distance from previous block
# <min> <max>
6	78

[block]
# block no. 0 follows, 26 sequences, length 38
# corresponding to MSA columns:
# 90-127
name=unknown_A
#
# <colnr> <probs for GDERKNQSTAVLIFYWHMCP>
#	G	D	E	R	K	N	Q	S	T	A	V	L	I	F	Y	W	H	M	C	P
0	0.01818	0.01762	0.02771	0.07309	0.55476	0.05178	0.02101	0.02220	0.01696	0.02347	0.01608	0.06027	0.01465	0.03911	0.00894	0.00252	0.00897	0.00769	0.00397	0.01103
1	0.01609	0.01458	0.02507	0.53874	0.15191	0.01693	0.05724	0.02104	0.01594	0.04946	0.01442	0.02024	0.01087	0.00746	0.00765	0.00248	0.00993	0.00691	0.00372	0.00930
2	0.01087	0.00799	0.01149	0.01149	0.01261	0.00910	0.00861	0.01310	0.01198	0.01709	0.02096	0.03333	0.02050	0.17742	0.58494	0.01133	0.01801	0.00864	0.00416	0.00638
3	0.01432	0.01348	0.02275	0.71520	0.05224	0.01685	0.02107	0.01938	0.01517	0.01938	0.01348	0.02022	0.01011	0.00758	0.00758	0.00253	0.01011	0.00674	0.00337	0.00843
4	0.01156	0.00896	0.01264	0.01225	0.01315	0.01064	0.00926	0.01355	0.01187	0.01705	0.01988	0.03256	0.01978	0.19911	0.47861	0.01009	0.09990	0.00858	0.00409	0.00648
5	0.03295	0.01474	0.01809	0.01411	0.01983	0.04935	0.01155	0.07218	0.04287	0.59789	0.02831	0.02481	0.01809	0.00932	0.00759	0.00233	0.00694	0.00746	0.00894	0.01266
6	0.01797	0.01642	0.02507	0.11836	0.39465	0.01752	0.01912	0.02669	0.19279	0.02539	0.01858	0.02173	0.01484	0.00881	0.00870	0.04202	0.00821	0.00724	0.00475	0.01113
7	0.00936	0.00669	0.00891	0.01048	0.01103	0.00624	0.00705	0.01087	0.01509	0.02026	0.09392	0.67380	0.05191	0.02309	0.00962	0.00302	0.00433	0.02092	0.00715	0.00624
8	0.01469	0.06879	0.28495	0.01779	0.02455	0.01520	0.09859	0.03852	0.05502	0.02519	0.13655	0.08002	0.08601	0.01098	0.00795	0.00244	0.00838	0.00961	0.00517	0.00959
9	0.01763	0.01994	0.04310	0.08327	0.04059	0.01901	0.61070	0.02393	0.01770	0.02393	0.01521	0.02044	0.01140	0.00648	0.00885	0.00256	0.01259	0.00879	0.00380	0.01009
10	0.01573	0.01348	0.01573	0.01123	0.01798	0.01011	0.00899	0.01910	0.01573	0.02472	0.01348	0.01573	0.01123	0.00562	0.00562	0.00112	0.00562	0.00449	0.00449	0.77980
11	0.02883	0.02125	0.02276	0.01745	0.02352	0.02352	0.01442	0.66082	0.03566	0.04780	0.01821	0.01821	0.01290	0.00911	0.00759	0.00228	0.00835	0.00683	0.00759	0.01290
12	0.01725	0.02133	0.09821	0.02971	0.03709	0.01864	0.55249	0.02346	0.01736	0.02384	0.01614	0.05042	0.01295	0.00747	0.00942	0.00259	0.03853	0.00912	0.00390	0.01007
13	0.01103	0.00735	0.00827	0.00827	0.00827	0.00735	0.00460	0.01103	0.01103	0.01471	0.02390	0.04964	0.02758	0.73343	0.03861	0.00735	0.00735	0.01103	0.00460	0.00460
14	0.78701	0.01467	0.01115	0.00997	0.01467	0.01702	0.00821	0.02230	0.01291	0.03403	0.01056	0.01232	0.00821	0.00704	0.00469	0.00235	0.00587	0.00411	0.00469	0.00821
15	0.78701	0.01467	0.01115	0.00997	0.01467	0.01702	0.00821	0.02230	0.01291	0.03403	0.01056	0.01232	0.00821	0.00704	0.00469	0.00235	0.00587	0.00411	0.00469	0.00821
16	0.01528	0.06824	0.54301	0.02118	0.03098	0.01743	0.08482	0.02303	0.01641	0.02395	0.05053	0.04113	0.01442	0.00807	0.00743	0.00240	0.01058	0.00679	0.00366	0.01067
17	0.01699	0.01314	0.01666	0.01237	0.01851	0.01029	0.03973	0.02028	0.01629	0.08736	0.01765	0.08035	0.01543	0.00763	0.00633	0.00148	0.00593	0.00652	0.00515	0.60193
18	0.01414	0.00707	0.00707	0.00707	0.00884	0.00707	0.00530	0.01767	0.01591	0.02828	0.02474	0.02828	0.01944	0.00884	0.00530	0.00177	0.00353	0.00707	0.77554	0.00707
19	0.02110	0.04767	0.02352	0.01999	0.04250	0.20864	0.03973	0.09875	0.01780	0.02225	0.01256	0.01703	0.01104	0.01381	0.06640	0.00336	0.31436	0.00629	0.00408	0.00911
20	0.01462	0.04859	0.09488	0.01202	0.01481	0.03741	0.00997	0.06631	0.01606	0.04605	0.08497	0.13014	0.02921	0.31223	0.04642	0.00483	0.00787	0.01091	0.00541	0.00729
21	0.01613	0.01653	0.02391	0.07498	0.02435	0.07033	0.12316	0.01896	0.01444	0.01992	0.03953	0.10644	0.01777	0.01478	0.05083	0.00340	0.34306	0.00905	0.00413	0.00829
22	0.61083	0.12580	0.01619	0.01083	0.01589	0.01893	0.00927	0.04234	0.01440	0.06304	0.01171	0.01311	0.00909	0.00713	0.00495	0.00223	0.00631	0.00435	0.00478	0.00881
23	0.01560	0.01408	0.02334	0.58289	0.10807	0.01716	0.02063	0.02031	0.01537	0.04420	0.01393	0.02006	0.01059	0.00794	0.00869	0.00255	0.05528	0.00677	0.00362	0.00892
24	0.01563	0.03467	0.54742	0.05880	0.03500	0.01785	0.13686	0.02383	0.01630	0.02383	0.01391	0.01700	0.00996	0.00708	0.00753	0.00244	0.01143	0.00624	0.00332	0.01090
25	0.01469	0.07692	0.49255	0.01939	0.04931	0.01629	0.02265	0.02183	0.01695	0.02455	0.12405	0.02468	0.04623	0.00896	0.00742	0.00235	0.00941	0.00727	0.00421	0.01030
26	0.01563	0.07154	0.62119	0.02187	0.03262	0.01831	0.06766	0.02398	0.01611	0.02374	0.01358	0.01611	0.00974	0.00712	0.00721	0.00237	0.01116	0.00574	0.00325	0.01108
27	0.02907	0.01545	0.01893	0.03997	0.02155	0.01516	0.01225	0.19794	0.08036	0.38435	0.02492	0.02296	0.01665	0.00900	0.00745	0.00225	0.00697	0.00720	0.00813	0.07947
28	0.01414	0.00707	0.00707	0.00707	0.00884	0.00707	0.00530	0.01767	0.01591	0.02828	0.02474	0.02828	0.01944	0.00884	0.00530	0.00177	0.00353	0.00707	0.77554	0.00707
29	0.02098	0.13358	0.13755	0.01622	0.02212	0.11733	0.01501	0.08890	0.21826	0.06845	0.02410	0.02373	0.06296	0.00929	0.00714	0.00227	0.00841	0.00715	0.00575	0.01080
30	0.01517	0.05704	0.01473	0.01072	0.01498	0.01005	0.00854	0.01854	0.01899	0.08373	0.33761	0.03613	0.04092	0.01077	0.00735	0.00187	0.00486	0.00919	0.00669	0.29214
31	0.01951	0.01398	0.01646	0.01231	0.01844	0.01176	0.00987	0.10524	0.01908	0.11742	0.01814	0.06304	0.01496	0.00775	0.00641	0.00157	0.00601	0.00632	0.00572	0.52602
32	0.02774	0.08664	0.05984	0.01508	0.02148	0.01766	0.01322	0.25773	0.02515	0.28289	0.02109	0.02009	0.01443	0.00847	0.00710	0.00212	0.00747	0.00653	0.00726	0.09800
33	0.01450	0.01381	0.02380	0.68259	0.05164	0.01696	0.05149	0.01961	0.01530	0.01961	0.01357	0.02023	0.01018	0.00753	0.00765	0.00253	0.01024	0.00685	0.00339	0.00851
34	0.01079	0.00794	0.01143	0.01152	0.01262	0.00900	0.00862	0.01302	0.01213	0.01725	0.02189	0.06616	0.02176	0.15786	0.56950	0.01102	0.01759	0.00921	0.00429	0.00641
35	0.02393	0.08554	0.02240	0.01855	0.08346	0.04265	0.01381	0.25426	0.22135	0.09715	0.02370	0.02305	0.03740	0.00930	0.00739	0.00231	0.00753	0.00739	0.00689	0.01191
36	0.01414	0.00707	0.00707	0.00707	0.00884	0.00707	0.00530	0.01767	0.01591	0.02828	0.02474	0.02828	0.01944	0.00884	0.00530	0.00177	0.00353	0.00707	0.77554	0.00707
37	0.02001	0.30642	0.03322	0.12461	0.06439	0.08095	0.12622	0.06534	0.06798	0.02260	0.01416	0.01691	0.01145	0.00722	0.00668	0.00210	0.00959	0.00604	0.00407	0.01004

[dist]
# distance from previous block
# <min> <max>
1	3

[block]
# block no. 1 follows, 26 sequences, length 142
# corresponding to MSA columns:
# 131-272
name=unknown_B
#
# <colnr> <probs for GDERKNQSTAVLIFYWHMCP>
#	G	D	E	R	K	N	Q	S	T	A	V	L	I	F	Y	W	H	M	C	P
0	0.01696	0.01187	0.01367	0.01185	0.01514	0.01210	0.00920	0.14238	0.11121	0.08557	0.29533	0.04488	0.13239	0.05120	0.00997	0.00267	0.00529	0.01139	0.00782	0.00914
1	0.01640	0.01313	0.01551	0.01126	0.01767	0.01000	0.00900	0.01976	0.01637	0.05995	0.05213	0.01857	0.01504	0.00637	0.00591	0.00126	0.00555	0.00518	0.00497	0.69597
2	0.01161	0.00910	0.01235	0.01183	0.01396	0.00838	0.04436	0.04811	0.01714	0.02329	0.12479	0.43491	0.09855	0.01872	0.00897	0.00268	0.00505	0.01686	0.00682	0.08250
3	0.01414	0.00707	0.00707	0.00707	0.00884	0.00707	0.00530	0.01767	0.01591	0.02828	0.02474	0.02828	0.01944	0.00884	0.00530	0.00177	0.00353	0.00707	0.77554	0.00707
4	0.01648	0.10814	0.44811	0.02352	0.03327	0.01935	0.19801	0.02396	0.01646	0.02344	0.01376	0.01682	0.01014	0.00691	0.00743	0.00236	0.01131	0.00635	0.00338	0.01079
5	0.78701	0.01467	0.01115	0.00997	0.01467	0.01702	0.00821	0.02230	0.01291	0.03403	0.01056	0.01232	0.00821	0.00704	0.00469	0.00235	0.00587	0.00411	0.00469	0.00821
6	0.01103	0.00735	0.00827	0.00827	0.00827	0.00735	0.00460	0.01103	0.01103	0.01471	0.02390	0.04964	0.02758	0.73343	0.03861	0.00735	0.00735	0.01103	0.00460	0.00460
7	0.01059	0.00828	0.01229	0.08223	0.01661	0.00814	0.03940	0.01317	0.01672	0.02274	0.21977	0.43254	0.05039	0.01896	0.00923	0.00280	0.00514	0.01724	0.00689	0.00687
8	0.01414	0.00707	0.00707	0.00707	0.00884	0.00707	0.00530	0.01767	0.01591	0.02828	0.02474	0.02828	0.01944	0.00884	0.00530	0.00177	0.00353	0.00707	0.77554	0.00707
9	0.02215	0.01689	0.01824	0.01635	0.04235	0.04340	0.01245	0.12512	0.41640	0.11864	0.06315	0.02723	0.02290	0.01008	0.00771	0.00246	0.00665	0.00829	0.00767	0.01187
10	0.01859	0.01758	0.02673	0.04035	0.02643	0.04263	0.22415	0.12767	0.12527	0.02853	0.08760	0.02702	0.04933	0.01164	0.03624	0.00292	0.08280	0.00886	0.00561	0.01004
11	0.01887	0.01629	0.01715	0.01544	0.01972	0.01887	0.01201	0.04031	0.67241	0.03173	0.03087	0.02830	0.02315	0.01029	0.00772	0.00257	0.00600	0.00858	0.00772	0.01201
12	0.78701	0.01467	0.01115	0.00997	0.01467	0.01702	0.00821	0.02230	0.01291	0.03403	0.01056	0.01232	0.00821	0.00704	0.00469	0.00235	0.00587	0.00411	0.00469	0.00821
13	0.01432	0.01348	0.02275	0.71520	0.05224	0.01685	0.02107	0.01938	0.01517	0.01938	0.01348	0.02022	0.01011	0.00758	0.00758	0.00253	0.01011	0.00674	0.00337	0.00843
14	0.01414	0.00707	0.00707	0.00707	0.00884	0.00707	0.00530	0.01767	0.01591	0.02828	0.02474	0.02828	0.01944	0.00884	0.00530	0.00177	0.00353	0.00707	0.77554	0.00707
15	0.00996	0.00772	0.00906	0.00873	0.01085	0.00683	0.00654	0.01281	0.01963	0.02606	0.41632	0.06383	0.34008	0.01713	0.00895	0.00246	0.00369	0.01472	0.00778	0.00683
16	0.01518	0.01327	0.01681	0.01404	0.01727	0.01389	0.01114	0.04863	0.01519	0.02268	0.01900	0.17624	0.01967	0.01220	0.01251	0.00229	0.22318	0.00910	0.00486	0.33285
17	0.01444	0.02046	0.20568	0.43641	0.04323	0.01646	0.05792	0.02042	0.01585	0.02135	0.03948	0.02236	0.03758	0.00813	0.00766	0.00249	0.01010	0.00715	0.00366	0.00916
18	0.17807	0.04359	0.01791	0.12656	0.02406	0.05404	0.01281	0.03188	0.34050	0.06088	0.02207	0.02221	0.01656	0.00887	0.00691	0.00244	0.00714	0.00695	0.00611	0.01044
19	0.00924	0.00660	0.00880	0.01056	0.01100	0.00616	0.00704	0.01056	0.01452	0.01936	0.04181	0.72848	0.05017	0.02376	0.00968	0.00308	0.00440	0.02156	0.00704	0.00616
20	0.01564	0.01615	0.03170	0.29944	0.06285	0.01684	0.31386	0.02101	0.01682	0.02245	0.05370	0.06091	0.01647	0.00834	0.00840	0.00255	0.01063	0.00896	0.00408	0.00918
21	0.01414	0.00707	0.00707	0.00707	0.00884	0.00707	0.00530	0.01767	0.01591	0.02828	0.02474	0.02828	0.01944	0.00884	0.00530	0.00177	0.00353	0.00707	0.77554	0.00707
22	0.02842	0.03368	0.02170	0.01920	0.02346	0.59052	0.01462	0.13465	0.02384	0.02340	0.01280	0.01443	0.01029	0.00803	0.00696	0.00201	0.01280	0.00521	0.00452	0.00947
23	0.75064	0.01458	0.01146	0.01014	0.01490	0.01673	0.00836	0.02301	0.01333	0.06579	0.01150	0.01297	0.00872	0.00715	0.00484	0.00235	0.00590	0.00428	0.00492	0.00844
24	0.01777	0.39232	0.36347	0.01725	0.02608	0.02388	0.02042	0.02336	0.01571	0.02090	0.01206	0.01407	0.00967	0.00684	0.00602	0.00201	0.00964	0.00482	0.00322	0.01046
25	0.02028	0.73799	0.03975	0.01298	0.01947	0.03001	0.01298	0.02271	0.01541	0.01785	0.01055	0.01217	0.00973	0.00649	0.00487	0.00162	0.00811	0.00406	0.00324	0.00973
26	0.02028	0.73799	0.03975	0.01298	0.01947	0.03001	0.01298	0.02271	0.01541	0.01785	0.01055	0.01217	0.00973	0.00649	0.00487	0.00162	0.00811	0.00406	0.00324	0.00973
27	0.01414	0.00707	0.00707	0.00707	0.00884	0.00707	0.00530	0.01767	0.01591	0.02828	0.02474	0.02828	0.01944	0.00884	0.00530	0.00177	0.00353	0.00707	0.77554	0.00707
28	0.78701	0.01467	0.01115	0.00997	0.01467	0.01702	0.00821	0.02230	0.01291	0.03403	0.01056	0.01232	0.00821	0.00704	0.00469	0.00235	0.00587	0.00411	0.00469	0.00821
29	0.02028	0.73799	0.03975	0.01298	0.01947	0.03001	0.01298	0.02271	0.01541	0.01785	0.01055	0.01217	0.00973	0.00649	0.00487	0.00162	0.00811	0.00406	0.00324	0.00973
30	0.23098	0.01234	0.01343	0.05257	0.01795	0.03798	0.01136	0.05078	0.01692	0.05802	0.02680	0.07280	0.02699	0.01499	0.00898	0.03218	0.00703	0.29398	0.00603	0.00788
31	0.02883	0.02125	0.02276	0.01745	0.02352	0.02352	0.01442	0.66082	0.03566	0.04780	0.01821	0.01821	0.01290	0.00911	0.00759	0.00228	0.00835	0.00683	0.00759	0.01290
32	0.02028	0.73799	0.03975	0.01298	0.01947	0.03001	0.01298	0.02271	0.01541	0.01785	0.01055	0.01217	0.00973	0.00649	0.00487	0.00162	0.00811	0.00406	0.00324	0.00973
33	0.01521	0.03923	0.69413	0.02162	0.03283	0.01762	0.02802	0.02402	0.01601	0.02402	0.01361	0.01601	0.00961	0.00721	0.00721	0.00240	0.01121	0.00560	0.00320	0.01121
34	0.01901	0.03243	0.01934	0.09169	0.13640	0.01218	0.04667	0.02239	0.01844	0.20080	0.13748	0.15347	0.05244	0.01238	0.00822	0.00248	0.00673	0.01110	0.00666	0.00969
35	0.66800	0.05394	0.01379	0.01101	0.01584	0.05062	0.00912	0.05878	0.01473	0.03323	0.01105	0.01271	0.00863	0.00717	0.00497	0.00229	0.00650	0.00430	0.00474	0.00859
36	0.01414	0.00707	0.00707	0.00707	0.00884	0.00707	0.00530	0.01767	0.01591	0.02828	0.02474	0.02828	0.01944	0.00884	0.00530	0.00177	0.00353	0.00707	0.77554	0.00707
37	0.04447	0.01904	0.02743	0.16246	0.31908	0.09625	0.08778	0.02535	0.06836	0.05328	0.01580	0.01948	0.01239	0.00740	0.00753	0.00233	0.00971	0.00687	0.00430	0.01070
38	0.04250	0.04210	0.05283	0.10931	0.46101	0.01862	0.02100	0.05898	0.07226	0.02607	0.01552	0.01917	0.01251	0.00728	0.00735	0.00230	0.00880	0.00670	0.00424	0.01146
39	0.01347	0.03593	0.01236	0.01037	0.01282	0.00915	0.00802	0.03783	0.04138	0.07447	0.57267	0.05086	0.06240	0.01440	0.00863	0.00236	0.00417	0.01258	0.00819	0.00797
40	0.01821	0.01497	0.01659	0.01466	0.04064	0.07311	0.03128	0.16490	0.01987	0.04757	0.02457	0.05199	0.07854	0.14143	0.12219	0.00459	0.00973	0.00866	0.00553	0.11099
41	0.01779	0.01677	0.02835	0.13718	0.53938	0.01749	0.02190	0.02189	0.01640	0.02321	0.01394	0.01911	0.01173	0.00808	0.00926	0.04072	0.03545	0.00674	0.00366	0.01094
42	0.02304	0.01302	0.01628	0.01210	0.01829	0.01042	0.00980	0.02624	0.01840	0.29831	0.04611	0.02145	0.01666	0.00755	0.00657	0.00167	0.00588	0.00614	0.00665	0.43541
43	0.01414	0.00707	0.00707	0.00707	0.00884	0.00707	0.00530	0.01767	0.01591	0.02828	0.02474	0.02828	0.01944	0.00884	0.00530	0.00177	0.00353	0.00707	0.77554	0.00707
44	0.01788	0.01799	0.02439	0.43832	0.19042	0.11303	0.02040	0.04815	0.01737	0.02166	0.01361	0.01890	0.01061	0.00749	0.00746	0.00238	0.01029	0.00649	0.00371	0.00947
45	0.01639	0.02565	0.28239	0.02373	0.03170	0.01721	0.27533	0.04664	0.05499	0.02585	0.08250	0.02307	0.01775	0.00956	0.03063	0.00278	0.01097	0.00804	0.00441	0.01038
46	0.01588	0.02902	0.40848	0.02458	0.16520	0.01604	0.02291	0.02259	0.01608	0.02407	0.01397	0.01705	0.01075	0.00867	0.03286	0.00250	0.01008	0.00574	0.00358	0.14994
47	0.02555	0.01257	0.01589	0.01309	0.01771	0.01205	0.01048	0.03284	0.16999	0.39848	0.17078	0.03303	0.03116	0.01091	0.00793	0.00241	0.00573	0.00916	0.00878	0.01146
48	0.01598	0.11626	0.57344	0.02140	0.03183	0.01912	0.07225	0.02389	0.01608	0.02335	0.01339	0.01591	0.00976	0.00707	0.00707	0.00233	0.01098	0.00567	0.00325	0.01097
49	0.01521	0.03923	0.69413	0.02162	0.03283	0.01762	0.02802	0.02402	0.01601	0.02402	0.01361	0.01601	0.00961	0.00721	0.00721	0.00240	0.01121	0.00560	0.00320	0.01121
50	0.01085	0.00807	0.01190	0.01190	0.01316	0.00933	0.00913	0.01336	0.01211	0.01740	0.02058	0.03124	0.01959	0.10621	0.65491	0.01184	0.01937	0.00834	0.00410	0.00661
51	0.01269	0.00737	0.01099	0.01087	0.01122	0.00798	0.00773	0.01116	0.01055	0.01453	0.01493	0.02459	0.01458	0.03389	0.20669	0.54826	0.03708	0.00699	0.00350	0.00440
52	0.78701	0.01467	0.01115	0.00997	0.01467	0.01702	0.00821	0.02230	0.01291	0.03403	0.01056	0.01232	0.00821	0.00704	0.00469	0.00235	0.00587	0.00411	0.00469	0.00821
53	0.00896	0.00768	0.00768	0.00768	0.01025	0.00640	0.00576	0.01089	0.01729	0.02049	0.07684	0.07300	0.68304	0.01921	0.00896	0.00256	0.00384	0.01601	0.00704	0.00640
54	0.01521	0.03923	0.69413	0.02162	0.03283	0.01762	0.02802	0.02402	0.01601	0.02402	0.01361	0.01601	0.00961	0.00721	0.00721	0.00240	0.01121	0.00560	0.00320	0.01121
55	0.02836	0.03541	0.02156	0.01944	0.02345	0.66941	0.01464	0.06144	0.02219	0.02001	0.01204	0.01390	0.00992	0.00788	0.00688	0.00197	0.01342	0.00498	0.00409	0.00900
56	0.00924	0.00660	0.00880	0.01056	0.01100	0.00616	0.00704	0.01056	0.01452	0.01936	0.04181	0.72848	0.05017	0.02376	0.00968	0.00308	0.00440	0.02156	0.00704	0.00616
57	0.07634	0.01340	0.01748	0.01348	0.01929	0.01207	0.01114	0.06574	0.02187	0.62368	0.02827	0.02469	0.01790	0.00924	0.00746	0.00234	0.00651	0.00739	0.00904	0.01264
58	0.01932	0.01820	0.03035	0.04497	0.65003	0.01832	0.02280	0.05800	0.01827	0.02603	0.01448	0.01874	0.01206	0.00689	0.00751	0.00225	0.00897	0.00676	0.00396	0.01206
59	0.78701	0.01467	0.01115	0.00997	0.01467	0.01702	0.00821	0.02230	0.01291	0.03403	0.01056	0.01232	0.00821	0.00704	0.00469	0.00235	0.00587	0.00411	0.00469	0.00821
60	0.00932	0.00770	0.00794	0.00802	0.01029	0.00660	0.00593	0.01111	0.01667	0.02001	0.06989	0.07120	0.58881	0.09119	0.01202	0.00308	0.00433	0.04285	0.00679	0.00625
61	0.02833	0.03615	0.02149	0.01954	0.02345	0.70298	0.01466	0.03029	0.02149	0.01856	0.01172	0.01368	0.00977	0.00782	0.00684	0.00195	0.01368	0.00489	0.00391	0.00879
62	0.01015	0.00814	0.00912	0.00880	0.01114	0.00732	0.00662	0.01369	0.05130	0.02495	0.31238	0.06437	0.41019	0.01731	0.00890	0.00249	0.00385	0.01474	0.00759	0.00698
63	0.00924	0.00660	0.00880	0.01056	0.01100	0.00616	0.00704	0.01056	0.01452	0.01936	0.04181	0.72848	0.05017	0.02376	0.00968	0.00308	0.00440	0.02156	0.00704	0.00616
64	0.02715	0.05863	0.02180	0.01879	0.02295	0.57494	0.01432	0.06533	0.08565	0.02142	0.01391	0.01530	0.01125	0.00808	0.00689	0.00202	0.01244	0.00532	0.00446	0.00936
65	0.14728	0.02022	0.02095	0.01628	0.02214	0.02251	0.01345	0.56107	0.03211	0.04565	0.01702	0.01729	0.01217	0.00878	0.00714	0.00229	0.00796	0.00640	0.00714	0.01217
66	0.02513	0.08018	0.02494	0.05397	0.11623	0.48788	0.03791	0.02775	0.01979	0.01959	0.01214	0.01488	0.01016	0.00768	0.00744	0.00206	0.03378	0.00536	0.00380	0.00932
67	0.00945	0.00675	0.00903	0.01071	0.01126	0.00633	0.00732	0.01096	0.01491	0.01991	0.06344	0.67202	0.05055	0.02334	0.00970	0.00308	0.00451	0.05343	0.00708	0.00624
68	0.01521	0.03923	0.69413	0.02162	0.03283	0.01762	0.02802	0.02402	0.01601	0.02402	0.01361	0.01601	0.00961	0.00721	0.00721	0.00240	0.01121	0.00560	0.00320	0.01121
69	0.71120	0.01449	0.01180	0.01033	0.01514	0.01643	0.00851	0.02377	0.01379	0.10021	0.01251	0.01368	0.00928	0.00728	0.00499	0.00235	0.00593	0.00446	0.00517	0.00869
70	0.01220	0.00923	0.03259	0.01034	0.01266	0.00798	0.00813	0.01623	0.04206	0.06481	0.51900	0.11082	0.09348	0.01562	0.00884	0.00246	0.00414	0.01374	0.00804	0.00764
71	0.01074	0.00775	0.01014	0.00954	0.01133	0.00716	0.00716	0.01431	0.02147	0.03042	0.68211	0.05666	0.07157	0.01551	0.00895	0.00239	0.00358	0.01372	0.00835	0.00716
72	0.00921	0.00674	0.00866	0.01019	0.01090	0.00619	0.00688	0.01060	0.01488	0.01951	0.04634	0.64371	0.13201	0.02317	0.00959	0.00301	0.00433	0.02084	0.00704	0.00619
73	0.02028	0.73799	0.03975	0.01298	0.01947	0.03001	0.01298	0.02271	0.01541	0.01785	0.01055	0.01217	0.00973	0.00649	0.00487	0.00162	0.00811	0.00406	0.00324	0.00973
74	0.02833	0.03615	0.02149	0.01954	0.02345	0.70298	0.01466	0.03029	0.02149	0.01856	0.01172	0.01368	0.00977	0.00782	0.00684	0.00195	0.01368	0.00489	0.00391	0.00879
75	0.01432	0.01348	0.02275	0.71520	0.05224	0.01685	0.02107	0.01938	0.01517	0.01938	0.01348	0.02022	0.01011	0.00758	0.00758	0.00253	0.01011	0.00674	0.00337	0.00843
76	0.01084	0.00810	0.01206	0.01206	0.01336	0.00941	0.00931	0.01346	0.01215	0.01751	0.02044	0.03048	0.01926	0.08003	0.68063	0.01202	0.01987	0.00823	0.00408	0.00670
77	0.01084	0.00813	0.01219	0.01219	0.01354	0.00948	0.00948	0.01354	0.01219	0.01761	0.02032	0.02980	0.01896	0.05689	0.70337	0.01219	0.02032	0.00813	0.00406	0.00677
78	0.20366	0.01331	0.01615	0.01270	0.01831	0.01247	0.01049	0.03366	0.01973	0.54329	0.02556	0.02278	0.01640	0.00886	0.00697	0.00235	0.00632	0.00683	0.00833	0.01185
79	0.78701	0.01467	0.01115	0.00997	0.01467	0.01702	0.00821	0.02230	0.01291	0.03403	0.01056	0.01232	0.00821	0.00704	0.00469	0.00235	0.00587	0.00411	0.00469	0.00821
80	0.28376	0.01903	0.01886	0.01494	0.02055	0.02133	0.01233	0.44612	0.02801	0.04317	0.01564	0.01623	0.01132	0.00841	0.00661	0.00230	0.00751	0.00591	0.00661	0.01132
81	0.01414	0.00707	0.00707	0.00707	0.00884	0.00707	0.00530	0.01767	0.01591	0.02828	0.02474	0.02828	0.01944	0.00884	0.00530	0.00177	0.00353	0.00707	0.77554	0.00707
82	0.00924	0.00660	0.00880	0.01056	0.01100	0.00616	0.00704	0.01056	0.01452	0.01936	0.04181	0.72848	0.05017	0.02376	0.00968	0.00308	0.00440	0.02156	0.00704	0.00616
83	0.01573	0.01348	0.01573	0.01123	0.01798	0.01011	0.00899	0.01910	0.01573	0.02472	0.01348	0.01573	0.01123	0.00562	0.00562	0.00112	0.00562	0.00449	0.00449	0.77980
84	0.01704	0.04177	0.02673	0.02127	0.02294	0.04405	0.12112	0.01956	0.01312	0.01921	0.01141	0.01761	0.01062	0.01381	0.05322	0.00351	0.52399	0.00694	0.00346	0.00861
85	0.01119	0.00844	0.01206	0.01188	0.01291	0.00983	0.00896	0.01333	0.01194	0.01710	0.02042	0.03279	0.02008	0.18092	0.54222	0.01080	0.05597	0.00859	0.00412	0.00645
86	0.00896	0.00768	0.00768	0.00768	0.01025	0.00640	0.00576	0.01089	0.01729	0.02049	0.07684	0.07300	0.68304	0.01921	0.00896	0.00256	0.00384	0.01601	0.00704	0.00640
87	0.01733	0.01942	0.04183	0.06461	0.03879	0.01852	0.59039	0.02345	0.01744	0.02368	0.01553	0.02098	0.01186	0.00931	0.04813	0.00310	0.01308	0.00880	0.00383	0.00995
88	0.02083	0.63284	0.03713	0.01397	0.01987	0.09280	0.01333	0.02318	0.01578	0.01794	0.01062	0.01255	0.00975	0.00698	0.00614	0.00175	0.04737	0.00427	0.00331	0.00957
89	0.01349	0.01039	0.01192	0.01107	0.01351	0.03506	0.00846	0.01978	0.12557	0.05273	0.48373	0.05106	0.08386	0.01450	0.00868	0.00244	0.00457	0.03301	0.00802	0.00816
90	0.01602	0.01366	0.02212	0.54996	0.04493	0.01562	0.03843	0.02074	0.01579	0.06801	0.01471	0.02003	0.01092	0.00741	0.00737	0.00233	0.00933	0.00657	0.00396	0.11209
91	0.01102	0.00739	0.00846	0.00846	0.00853	0.00746	0.00483	0.01115	0.01109	0.01485	0.02373	0.04868	0.02716	0.70075	0.07072	0.00759	0.00798	0.01089	0.00457	0.00470
92	0.01432	0.01348	0.02275	0.71520	0.05224	0.01685	0.02107	0.01938	0.01517	0.01938	0.01348	0.02022	0.01011	0.00758	0.00758	0.00253	0.01011	0.00674	0.00337	0.00843
93	0.01877	0.01802	0.03079	0.04656	0.68612	0.01802	0.02328	0.02328	0.01727	0.02478	0.01427	0.01877	0.01201	0.00676	0.00751	0.00225	0.00901	0.00676	0.00375	0.01201
94	0.01573	0.01348	0.01573	0.01123	0.01798	0.01011	0.00899	0.01910	0.01573	0.02472	0.01348	0.01573	0.01123	0.00562	0.00562	0.00112	0.00562	0.00449	0.00449	0.77980
95	0.01110	0.00818	0.01134	0.01122	0.01209	0.00930	0.00818	0.01291	0.01180	0.01671	0.02109	0.03566	0.02139	0.27134	0.46671	0.01033	0.04132	0.00900	0.00421	0.00613
96	0.02833	0.03615	0.02149	0.01954	0.02345	0.70298	0.01466	0.03029	0.02149	0.01856	0.01172	0.01368	0.00977	0.00782	0.00684	0.00195	0.01368	0.00489	0.00391	0.00879
97	0.00930	0.00671	0.00881	0.01037	0.01098	0.00622	0.00698	0.01076	0.01499	0.01994	0.07388	0.66494	0.08175	0.02315	0.00961	0.00302	0.00433	0.02092	0.00710	0.00622
98	0.01784	0.02028	0.04374	0.03140	0.03871	0.01937	0.62810	0.02401	0.01760	0.02401	0.01509	0.02028	0.01144	0.00672	0.00971	0.00259	0.04633	0.00884	0.00381	0.01014
99	0.01764	0.01967	0.04035	0.02950	0.03561	0.02001	0.52726	0.02306	0.01662	0.02306	0.01424	0.01967	0.01119	0.00780	0.01221	0.00271	0.15735	0.00848	0.00373	0.00983
100	0.01084	0.00813	0.01219	0.01219	0.01354	0.00948	0.00948	0.01354	0.01219	0.01761	0.02032	0.02980	0.01896	0.05689	0.70337	0.01219	0.02032	0.00813	0.00406	0.00677
101	0.01897	0.01579	0.01675	0.01502	0.01929	0.01804	0.01170	0.03889	0.62033	0.05470	0.03287	0.03019	0.05214	0.01065	0.00777	0.00256	0.00592	0.00887	0.00775	0.01179
102	0.01022	0.00780	0.01063	0.01112	0.01208	0.00756	0.03139	0.01181	0.01481	0.01967	0.07554	0.45781	0.10883	0.12252	0.01419	0.00360	0.02922	0.03842	0.00652	0.00627
103	0.01660	0.02957	0.35974	0.02695	0.03634	0.01842	0.35272	0.02416	0.01699	0.02416	0.01450	0.01830	0.01059	0.00679	0.00810	0.00248	0.01202	0.00733	0.00353	0.01071
104	0.01887	0.01629	0.01715	0.01544	0.01972	0.01887	0.01201	0.04031	0.67241	0.03173	0.03087	0.02830	0.02315	0.01029	0.00772	0.00257	0.00600	0.00858	0.00772	0.01201
105	0.04381	0.01686	0.02827	0.19942	0.51725	0.01772	0.02226	0.02235	0.01664	0.02385	0.01396	0.01889	0.01145	0.00696	0.00743	0.00232	0.00916	0.00666	0.00370	0.01106
106	0.78701	0.01467	0.01115	0.00997	0.01467	0.01702	0.00821	0.02230	0.01291	0.03403	0.01056	0.01232	0.00821	0.00704	0.00469	0.00235	0.00587	0.00411	0.00469	0.00821
107	0.02796	0.06093	0.02341	0.01725	0.02315	0.06210	0.01426	0.56705	0.05777	0.04391	0.01790	0.01801	0.01294	0.00893	0.00740	0.00223	0.00855	0.00663	0.00715	0.01246
108	0.01092	0.00829	0.01249	0.04102	0.01504	0.00966	0.00986	0.01367	0.01240	0.01775	0.02087	0.05645	0.01981	0.05358	0.64792	0.01144	0.01928	0.00859	0.00415	0.00682
109	0.01999	0.69850	0.07673	0.01347	0.02022	0.02931	0.01383	0.02279	0.01545	0.01819	0.01072	0.01238	0.00973	0.00653	0.00500	0.00167	0.00829	0.00414	0.00324	0.00982
110	0.01103	0.00735	0.00827	0.00827	0.00827	0.00735	0.00460	0.01103	0.01103	0.01471	0.02390	0.04964	0.02758	0.73343	0.03861	0.00735	0.00735	0.01103	0.00460	0.00460
111	0.02090	0.01980	0.02111	0.05315	0.15516	0.12229	0.01512	0.10681	0.31487	0.02930	0.02404	0.02424	0.04084	0.00927	0.00757	0.00238	0.00815	0.00763	0.00612	0.01127
112	0.00965	0.00685	0.00907	0.01070	0.01123	0.00648	0.00733	0.01107	0.01453	0.01932	0.04032	0.61914	0.04788	0.07659	0.01192	0.00344	0.00486	0.07666	0.00685	0.00612
113	0.01826	0.10728	0.25099	0.02671	0.08947	0.07788	0.27365	0.02445	0.01727	0.02305	0.01385	0.01738	0.01059	0.00682	0.00763	0.00233	0.01151	0.00679	0.00356	0.01052
114	0.02714	0.01858	0.05535	0.01608	0.02174	0.01856	0.01371	0.34307	0.08881	0.21554	0.05814	0.02311	0.01835	0.00970	0.00831	0.00237	0.03394	0.00751	0.00774	0.01225
115	0.01185	0.00852	0.01078	0.01044	0.01112	0.00936	0.00713	0.03557	0.01234	0.01704	0.02186	0.04032	0.02335	0.44629	0.26219	0.00863	0.04324	0.00970	0.00447	0.00580
116	0.01948	0.21310	0.38014	0.01859	0.02739	0.04743	0.02122	0.14046	0.01966	0.02660	0.01361	0.01535	0.01025	0.00739	0.00667	0.00216	0.00999	0.00541	0.00404	0.01105
117	0.02778	0.02072	0.02217	0.01724	0.02312	0.02303	0.01416	0.59515	0.10306	0.04610	0.01955	0.01928	0.01398	0.00923	0.00760	0.00231	0.00810	0.00701	0.00760	0.01280
118	0.01084	0.00813	0.01219	0.01219	0.01354	0.00948	0.00948	0.01354	0.01219	0.01761	0.02032	0.02980	0.01896	0.05689	0.70337	0.01219	0.02032	0.00813	0.00406	0.00677
119	0.02789	0.02111	0.02229	0.05045	0.02458	0.05541	0.01453	0.55308	0.05970	0.06640	0.01859	0.01876	0.01324	0.00903	0.00756	0.00229	0.00853	0.00683	0.00728	0.01245
120	0.01888	0.27955	0.27974	0.05589	0.02750	0.02251	0.04574	0.11336	0.01867	0.02493	0.01423	0.01797	0.01149	0.00772	0.00665	0.00216	0.00956	0.02883	0.00402	0.01058
121	0.01089	0.00793	0.01118	0.01118	0.01218	0.00893	0.00822	0.01289	0.01189	0.01686	0.02124	0.03493	0.02119	0.23180	0.53150	0.01094	0.01697	0.00888	0.00420	0.00621
122	0.01403	0.01473	0.12195	0.01441	0.01800	0.01146	0.01354	0.07280	0.04291	0.02514	0.08390	0.06013	0.05780	0.08857	0.01226	0.00345	0.00740	0.32307	0.00633	0.00811
123	0.01790	0.25182	0.22677	0.02456	0.15928	0.02236	0.07225	0.02284	0.01574	0.02161	0.01251	0.01578	0.01033	0.00749	0.00863	0.00224	0.08826	0.00573	0.00339	0.01050
124	0.01745	0.08332	0.04743	0.01557	0.01822	0.08040	0.01299	0.10749	0.01651	0.02205	0.01585	0.02327	0.01469	0.09766	0.21279	0.00579	0.18868	0.00710	0.00430	0.00842
125	0.01965	0.01902	0.08623	0.05071	0.02298	0.01902	0.01427	0.14307	0.44242	0.03272	0.02766	0.02645	0.04177	0.00995	0.00768	0.00250	0.00706	0.00814	0.00700	0.01171
126	0.01339	0.01008	0.01252	0.03624	0.01588	0.01041	0.01036	0.07303	0.07858	0.02435	0.05601	0.17560	0.10435	0.08041	0.01198	0.00341	0.00630	0.26267	0.00683	0.00762
127	0.01760	0.01785	0.06305	0.22289	0.37128	0.01820	0.02145	0.04505	0.06497	0.02422	0.01514	0.01958	0.01210	0.00769	0.00844	0.00242	0.04640	0.00682	0.00402	0.01083
128	0.02208	0.02736	0.37920	0.01854	0.02709	0.01530	0.04229	0.06114	0.01896	0.24927	0.02064	0.05104	0.01472	0.00874	0.00754	0.00241	0.00922	0.00717	0.00570	0.01161
129	0.01679	0.01521	0.02178	0.40073	0.03793	0.01893	0.01800	0.07630	0.14060	0.02387	0.01653	0.02094	0.01278	0.00924	0.01070	0.00266	0.13593	0.00708	0.00453	0.00945
130	0.01742	0.01329	0.01535	0.01444	0.01761	0.01446	0.01156	0.17109	0.20354	0.03014	0.03194	0.16809	0.03104	0.01591	0.00949	0.02684	0.00655	0.18452	0.00723	0.00949
131	0.02593	0.01953	0.02092	0.01654	0.02206	0.02165	0.01349	0.51548	0.13985	0.04368	0.04460	0.02294	0.03817	0.00984	0.00770	0.00234	0.00765	0.00765	0.00762	0.01235
132	0.01824	0.01871	0.03556	0.07290	0.41734	0.01839	0.25774	0.02347	0.01740	0.02435	0.01463	0.01946	0.01174	0.00666	0.00805	0.00238	0.01046	0.00757	0.00377	0.01119
133	0.01832	0.01583	0.01746	0.01681	0.05683	0.01805	0.01232	0.03763	0.59244	0.03125	0.07290	0.02963	0.02572	0.01044	0.00779	0.00254	0.00601	0.00881	0.00754	0.01169
134	0.02504	0.01875	0.02016	0.01621	0.02154	0.02078	0.01314	0.42507	0.21437	0.06357	0.04270	0.02417	0.03932	0.00996	0.00771	0.00237	0.00734	0.00784	0.00769	0.01228
135	0.01063	0.00768	0.00961	0.00917	0.01072	0.00712	0.00660	0.01346	0.01935	0.02691	0.51840	0.05692	0.11810	0.13620	0.01392	0.00323	0.00423	0.01347	0.00761	0.00666
136	0.02883	0.02125	0.02276	0.01745	0.02352	0.02352	0.01442	0.66082	0.03566	0.04780	0.01821	0.01821	0.01290	0.00911	0.00759	0.00228	0.00835	0.00683	0.00759	0.01290
137	0.01073	0.00779	0.00853	0.00854	0.00947	0.00750	0.00544	0.01210	0.03444	0.01720	0.03990	0.05692	0.21626	0.47989	0.02811	0.00569	0.00629	0.03429	0.00548	0.00544
138	0.73203	0.01623	0.01190	0.01067	0.01531	0.06672	0.00868	0.02288	0.01353	0.03291	0.01065	0.01242	0.00833	0.00710	0.00485	0.00232	0.00643	0.00416	0.00464	0.00826
139	0.01017	0.00749	0.00803	0.00803	0.00910	0.00696	0.00508	0.01097	0.01365	0.01713	0.04607	0.05942	0.30207	0.43433	0.02619	0.00535	0.00588	0.01312	0.00562	0.00535
140	0.15848	0.01723	0.01949	0.01777	0.08918	0.04715	0.01301	0.20909	0.04378	0.27832	0.02092	0.02018	0.01435	0.00859	0.00707	0.00231	0.00746	0.00662	0.00720	0.01180
141	0.00976	0.00752	0.00875	0.00887	0.01057	0.00682	0.00636	0.01182	0.01691	0.02191	0.20817	0.16387	0.33157	0.10098	0.04876	0.00364	0.00512	0.01533	0.00693	0.00636

[dist]
# distance from previous block
# <min> <max>
0	1

[block]
# block no. 2 follows, 26 sequences, length 217
# corresponding to MSA columns:
# 274-490
name=unknown_C
#
# <colnr> <probs for GDERKNQSTAVLIFYWHMCP>
#	G	D	E	R	K	N	Q	S	T	A	V	L	I	F	Y	W	H	M	C	P
0	0.70429	0.01701	0.01228	0.01102	0.01563	0.09181	0.00892	0.02317	0.01384	0.03235	0.01069	0.01247	0.00838	0.00713	0.00493	0.00230	0.00672	0.00419	0.00461	0.00828
1	0.01287	0.00830	0.01040	0.00955	0.01196	0.00742	0.00728	0.01601	0.02055	0.10023	0.47407	0.05699	0.20415	0.01568	0.00881	0.00242	0.00395	0.01357	0.00817	0.00761
2	0.01331	0.00794	0.00950	0.00909	0.00994	0.00766	0.00572	0.01411	0.01356	0.08786	0.10265	0.08455	0.03303	0.53499	0.03032	0.00602	0.00666	0.01156	0.00567	0.00585
3	0.01986	0.11168	0.39900	0.01970	0.02815	0.12989	0.02195	0.11583	0.01951	0.02570	0.01352	0.01555	0.01013	0.00768	0.00747	0.00225	0.03182	0.00553	0.00395	0.01082
4	0.01067	0.00729	0.00840	0.00861	0.00889	0.00713	0.00511	0.01111	0.01232	0.01638	0.06003	0.14205	0.06770	0.56659	0.03176	0.00629	0.00659	0.01283	0.00523	0.00502
5	0.63153	0.01602	0.01353	0.01151	0.01648	0.01835	0.00949	0.15324	0.01757	0.03686	0.01213	0.01353	0.00918	0.00746	0.00529	0.00233	0.00638	0.00467	0.00529	0.00918
6	0.01102	0.00740	0.00853	0.00853	0.00862	0.00749	0.00492	0.01120	0.01111	0.01490	0.02366	0.04833	0.02701	0.68897	0.08229	0.00767	0.00821	0.01084	0.00456	0.00474
7	0.02780	0.06832	0.02262	0.02020	0.05599	0.59486	0.01479	0.02996	0.02100	0.05871	0.01287	0.01458	0.01041	0.00779	0.00682	0.00198	0.01274	0.00510	0.00419	0.00924
8	0.01125	0.00854	0.01222	0.01200	0.01303	0.01000	0.00908	0.01341	0.01195	0.01714	0.02027	0.03244	0.01990	0.17348	0.54172	0.01076	0.06367	0.00854	0.00411	0.00649
9	0.02589	0.08669	0.02527	0.05833	0.06930	0.34029	0.07010	0.06889	0.02070	0.12008	0.01523	0.01698	0.01161	0.00797	0.00763	0.00215	0.03205	0.00597	0.00483	0.01004
10	0.02072	0.48619	0.14331	0.01642	0.04614	0.06651	0.01604	0.08650	0.01794	0.02211	0.01201	0.01372	0.01011	0.00695	0.00573	0.00186	0.00900	0.00473	0.00372	0.01031
11	0.02325	0.07174	0.16389	0.01748	0.02357	0.04147	0.01671	0.27259	0.02422	0.10692	0.04164	0.02215	0.01566	0.00971	0.00936	0.00243	0.08620	0.03376	0.00599	0.01124
12	0.01864	0.01808	0.03115	0.04469	0.62561	0.01830	0.05418	0.02311	0.01706	0.02447	0.01413	0.01876	0.01190	0.00702	0.00833	0.00231	0.03988	0.00686	0.00374	0.01177
13	0.01112	0.00855	0.01321	0.01272	0.01424	0.00973	0.03388	0.01381	0.01234	0.01770	0.02033	0.03056	0.01916	0.09299	0.63961	0.01155	0.01930	0.00832	0.00408	0.00678
14	0.02183	0.01868	0.02627	0.05586	0.37154	0.01983	0.01899	0.22776	0.10451	0.03278	0.01756	0.01983	0.01362	0.00797	0.00756	0.00231	0.00846	0.00701	0.00545	0.01217
15	0.01902	0.01873	0.02981	0.08473	0.61283	0.05488	0.02268	0.02343	0.01737	0.02413	0.01408	0.01858	0.01178	0.00686	0.00748	0.00225	0.00933	0.00666	0.00374	0.01163
16	0.02626	0.02041	0.02107	0.01676	0.02207	0.05993	0.01358	0.50910	0.09174	0.04183	0.01934	0.02067	0.01454	0.03831	0.04620	0.00301	0.00904	0.00711	0.00709	0.01195
17	0.01106	0.01106	0.08193	0.01066	0.01351	0.00820	0.00924	0.01506	0.02056	0.02894	0.56287	0.05370	0.11443	0.01493	0.00876	0.00240	0.00440	0.01305	0.00770	0.00752
18	0.01931	0.01874	0.03355	0.13636	0.25203	0.01911	0.25695	0.11946	0.01997	0.02728	0.01515	0.01953	0.01168	0.00710	0.00807	0.00241	0.01047	0.00758	0.00431	0.01095
19	0.01802	0.01727	0.02909	0.07349	0.57707	0.01741	0.04062	0.02309	0.04125	0.02454	0.01825	0.02216	0.04849	0.00759	0.00764	0.00230	0.00878	0.00739	0.00406	0.01149
20	0.01055	0.00837	0.00951	0.00999	0.01198	0.00790	0.00752	0.01422	0.07512	0.02124	0.05635	0.20487	0.35118	0.06557	0.01114	0.00312	0.00487	0.11273	0.00694	0.00683
21	0.01432	0.01348	0.02275	0.71520	0.05224	0.01685	0.02107	0.01938	0.01517	0.01938	0.01348	0.02022	0.01011	0.00758	0.00758	0.00253	0.01011	0.00674	0.00337	0.00843
22	0.01848	0.01730	0.02229	0.48444	0.04251	0.08922	0.01875	0.12947	0.05822	0.02480	0.01512	0.01968	0.01132	0.00802	0.00751	0.00243	0.00994	0.00667	0.00439	0.00943
23	0.02023	0.01001	0.01319	0.01161	0.01442	0.00960	0.00871	0.04122	0.01679	0.27864	0.04652	0.10502	0.02564	0.20539	0.15254	0.00563	0.00917	0.01017	0.00679	0.00872
24	0.02930	0.02050	0.02230	0.01710	0.02315	0.02242	0.01413	0.60514	0.03442	0.10524	0.01926	0.01889	0.01342	0.00913	0.00759	0.00228	0.00818	0.00690	0.00775	0.01290
25	0.68720	0.01565	0.03668	0.03274	0.01692	0.01703	0.00961	0.04166	0.01406	0.05584	0.01164	0.01333	0.00882	0.00720	0.00506	0.00235	0.00629	0.00444	0.00484	0.00863
26	0.01842	0.01714	0.02410	0.05205	0.36836	0.03823	0.01791	0.02873	0.24707	0.02725	0.06518	0.02456	0.01982	0.00864	0.00766	0.00237	0.00776	0.00781	0.00545	0.01148
27	0.01966	0.08557	0.07055	0.02455	0.19194	0.02007	0.04665	0.09372	0.30646	0.02939	0.02161	0.02218	0.01659	0.00853	0.00741	0.00236	0.00787	0.00734	0.00579	0.01175
28	0.02463	0.02656	0.02187	0.05001	0.05654	0.35585	0.01520	0.16374	0.02217	0.02515	0.01370	0.01669	0.01124	0.01214	0.05768	0.00295	0.10369	0.00593	0.00461	0.00963
29	0.02626	0.02139	0.02560	0.04338	0.09812	0.05895	0.07504	0.47901	0.03063	0.04068	0.01702	0.01830	0.01242	0.00848	0.00766	0.00229	0.00917	0.00691	0.00650	0.01220
30	0.01103	0.00735	0.00827	0.00827	0.00827	0.00735	0.00460	0.01103	0.01103	0.01471	0.02390	0.04964	0.02758	0.73343	0.03861	0.00735	0.00735	0.01103	0.00460	0.00460
31	0.00968	0.00746	0.00884	0.00903	0.01082	0.00662	0.00657	0.01207	0.01819	0.02388	0.29154	0.21769	0.31250	0.01889	0.00912	0.00262	0.00387	0.01644	0.00752	0.00662
32	0.01540	0.01430	0.02337	0.44953	0.06304	0.01734	0.06221	0.04822	0.01562	0.02081	0.01485	0.05785	0.01265	0.00992	0.01110	0.03064	0.11313	0.00767	0.00380	0.00855
33	0.03346	0.01304	0.01759	0.01357	0.01938	0.01144	0.01118	0.03709	0.04645	0.66629	0.02996	0.02591	0.01894	0.00942	0.00763	0.00236	0.00644	0.00766	0.00932	0.01287
34	0.01778	0.01737	0.02733	0.03437	0.38127	0.02041	0.02022	0.02098	0.01468	0.02179	0.01229	0.01778	0.01107	0.00974	0.01546	0.00274	0.33414	0.00670	0.00356	0.01031
35	0.03061	0.01678	0.01983	0.01527	0.02109	0.01703	0.01259	0.34024	0.02850	0.35250	0.04901	0.02328	0.01792	0.00948	0.00766	0.00231	0.00727	0.00747	0.00847	0.01269
36	0.01559	0.03073	0.43937	0.09969	0.03577	0.01751	0.17710	0.02321	0.01658	0.02382	0.03943	0.01908	0.01247	0.00737	0.00773	0.00245	0.01118	0.00684	0.00357	0.01052
37	0.00928	0.00675	0.00876	0.01025	0.01095	0.00623	0.00693	0.01076	0.01510	0.01997	0.07435	0.63725	0.10954	0.02297	0.00958	0.00300	0.00431	0.02069	0.00710	0.00623
38	0.01557	0.03676	0.60864	0.02298	0.03373	0.01782	0.11104	0.02406	0.01626	0.02406	0.01384	0.01660	0.00986	0.00710	0.00744	0.00242	0.01142	0.00605	0.00329	0.01108
39	0.00964	0.00691	0.00916	0.01029	0.01109	0.00643	0.00707	0.01156	0.01637	0.02230	0.21218	0.54972	0.05586	0.02157	0.00949	0.00290	0.00418	0.01948	0.00739	0.00643
40	0.03375	0.01335	0.01788	0.01371	0.01959	0.01181	0.01132	0.07032	0.02246	0.65696	0.02930	0.02541	0.01846	0.00937	0.00763	0.00234	0.00656	0.00759	0.00929	0.01291
41	0.01599	0.01672	0.03297	0.39786	0.04639	0.01793	0.31716	0.02166	0.01644	0.02166	0.01435	0.02033	0.01076	0.00703	0.00822	0.00254	0.01135	0.00777	0.00359	0.00926
42	0.01084	0.00813	0.01219	0.01219	0.01354	0.00948	0.00948	0.01354	0.01219	0.01761	0.02032	0.02980	0.01896	0.05689	0.70337	0.01219	0.02032	0.00813	0.00406	0.00677
43	0.02044	0.01062	0.01417	0.01382	0.05328	0.00956	0.01055	0.02336	0.01926	0.29091	0.06726	0.05352	0.19910	0.01486	0.00872	0.00268	0.00595	0.16460	0.00783	0.00950
44	0.00923	0.00663	0.00877	0.01048	0.01098	0.00617	0.00700	0.01057	0.01460	0.01940	0.04284	0.70918	0.06880	0.02363	0.00966	0.00307	0.00438	0.02140	0.00704	0.00617
45	0.01877	0.01802	0.03079	0.04656	0.68612	0.01802	0.02328	0.02328	0.01727	0.02478	0.01427	0.01877	0.01201	0.00676	0.00751	0.00225	0.00901	0.00676	0.00375	0.01201
46	0.02344	0.01725	0.01906	0.01503	0.02061	0.01798	0.01216	0.31489	0.16729	0.08711	0.05636	0.02251	0.01835	0.00902	0.00729	0.00212	0.00689	0.00716	0.00716	0.16831
47	0.06072	0.34098	0.19367	0.01835	0.02602	0.02331	0.12565	0.05570	0.01715	0.05439	0.01338	0.01544	0.01051	0.00694	0.00637	0.00207	0.00946	0.00556	0.00392	0.01040
48	0.20199	0.41099	0.05176	0.01370	0.01955	0.11978	0.01267	0.05547	0.01670	0.02345	0.01120	0.01284	0.00953	0.00696	0.00531	0.00190	0.00847	0.00437	0.00389	0.00945
49	0.00924	0.00660	0.00880	0.01056	0.01100	0.00616	0.00704	0.01056	0.01452	0.01936	0.04181	0.72848	0.05017	0.02376	0.00968	0.00308	0.00440	0.02156	0.00704	0.00616
50	0.01175	0.00842	0.01156	0.01256	0.01432	0.00823	0.01061	0.01527	0.01874	0.02515	0.24434	0.07637	0.05253	0.01922	0.00999	0.00314	0.00590	0.43744	0.00742	0.00704
51	0.00924	0.00660	0.00880	0.01056	0.01100	0.00616	0.00704	0.01056	0.01452	0.01936	0.04181	0.72848	0.05017	0.02376	0.00968	0.00308	0.00440	0.02156	0.00704	0.00616
52	0.01703	0.01676	0.02322	0.01983	0.02004	0.02324	0.01652	0.04125	0.01248	0.01931	0.01025	0.01665	0.01006	0.01313	0.02427	0.00328	0.69409	0.00664	0.00347	0.00846
53	0.01559	0.01337	0.01580	0.01169	0.01785	0.01077	0.00935	0.01952	0.03891	0.02438	0.01438	0.01699	0.01206	0.00889	0.04547	0.00186	0.02743	0.00491	0.00455	0.68621
54	0.09329	0.06874	0.59530	0.02005	0.03039	0.01812	0.02534	0.02379	0.01567	0.02475	0.01316	0.01547	0.00947	0.00716	0.00685	0.00236	0.01053	0.00538	0.00336	0.01084
55	0.01103	0.00735	0.00827	0.00827	0.00827	0.00735	0.00460	0.01103	0.01103	0.01471	0.02390	0.04964	0.02758	0.73343	0.03861	0.00735	0.00735	0.01103	0.00460	0.00460
56	0.01077	0.00713	0.00941	0.01060	0.01140	0.00668	0.00728	0.01229	0.01510	0.05054	0.07756	0.56517	0.04770	0.08451	0.01211	0.00340	0.00483	0.05007	0.00701	0.00643
57	0.05524	0.02030	0.06501	0.06749	0.03337	0.01969	0.35696	0.18545	0.02165	0.03009	0.01633	0.04127	0.01270	0.00797	0.00873	0.00251	0.03161	0.00822	0.00486	0.01057
58	0.01439	0.01357	0.02276	0.69470	0.05129	0.01704	0.02093	0.01935	0.01506	0.01935	0.01338	0.02012	0.01011	0.00775	0.00809	0.00255	0.03103	0.00674	0.00337	0.00842
59	0.00937	0.00670	0.00894	0.01061	0.01114	0.00626	0.00718	0.01083	0.01485	0.01985	0.06483	0.68736	0.05077	0.02339	0.00968	0.00307	0.00444	0.03743	0.00709	0.00622
