[name]
unknown

[dist]
# distance from previous block
# <min> <max>
0	37

[block]
# block no. 0 follows, 25 sequences, length 9
# corresponding to MSA columns:
# 42-50
name=unknown_A
#
# <colnr> <probs for GDERKNQSTAVLIFYWHMCP>
#	G	D	E	R	K	N	Q	S	T	A	V	L	I	F	Y	W	H	M	C	P
0	0.03867	0.01181	0.01369	0.05521	0.04250	0.04037	0.01057	0.05198	0.08258	0.02551	0.08410	0.19288	0.09241	0.01719	0.03594	0.00305	0.00671	0.08972	0.06484	0.04027
1	0.01282	0.01086	0.03839	0.01419	0.06724	0.01007	0.00960	0.04645	0.06297	0.02332	0.12667	0.25651	0.06571	0.17628	0.04002	0.00415	0.00656	0.01422	0.00638	0.00757
2	0.01371	0.01131	0.01533	0.09816	0.09809	0.03336	0.01181	0.01690	0.03901	0.02305	0.14912	0.20565	0.03576	0.01611	0.01089	0.08309	0.00648	0.05211	0.00589	0.07417
3	0.01222	0.00927	0.01265	0.01493	0.09179	0.00902	0.00922	0.04314	0.01760	0.02419	0.20702	0.32944	0.04747	0.11958	0.01355	0.00344	0.00545	0.01582	0.00683	0.00738
4	0.05173	0.01265	0.01517	0.01320	0.01648	0.01338	0.01026	0.07054	0.14675	0.17371	0.17728	0.08621	0.03419	0.07542	0.01228	0.00303	0.05979	0.01051	0.00760	0.00983
5	0.01392	0.01185	0.01175	0.01181	0.01325	0.09098	0.00823	0.06293	0.01773	0.02270	0.13041	0.34788	0.04216	0.16010	0.01516	0.00371	0.00642	0.01547	0.00656	0.00698
6	0.01244	0.00872	0.01043	0.01051	0.01231	0.00842	0.00751	0.01633	0.09432	0.05444	0.13057	0.26568	0.18701	0.07162	0.01302	0.06201	0.00495	0.01542	0.00710	0.00720
7	0.01404	0.01078	0.01427	0.01253	0.01488	0.01082	0.06333	0.09167	0.04407	0.02517	0.13770	0.12678	0.09872	0.21848	0.04622	0.00438	0.00709	0.01244	0.03909	0.00753
8	0.01076	0.00879	0.01331	0.01268	0.01443	0.00813	0.08415	0.01290	0.01597	0.02111	0.09691	0.42332	0.14101	0.08382	0.01228	0.00334	0.00564	0.01799	0.00669	0.00678

[dist]
# distance from previous block
# <min> <max>
10	20

[block]
# block no. 1 follows, 25 sequences, length 13
# corresponding to MSA columns:
# 72-84
name=unknown_B
#
# <colnr> <probs for GDERKNQSTAVLIFYWHMCP>
#	G	D	E	R	K	N	Q	S	T	A	V	L	I	F	Y	W	H	M	C	P
0	0.02145	0.10564	0.02384	0.01713	0.02204	0.05416	0.08326	0.17938	0.21261	0.05215	0.02374	0.08780	0.02009	0.05006	0.00952	0.00271	0.00809	0.00895	0.00647	0.01090
1	0.01508	0.01415	0.02355	0.62045	0.10196	0.01697	0.02109	0.02012	0.01571	0.02053	0.01385	0.02032	0.01055	0.00758	0.00764	0.00249	0.01001	0.00678	0.00353	0.04762
2	0.01691	0.01528	0.01646	0.01203	0.01874	0.05459	0.00956	0.02026	0.01646	0.02486	0.01367	0.01594	0.01139	0.00589	0.00582	0.00120	0.00627	0.00462	0.00456	0.72550
3	0.02896	0.03695	0.02197	0.01998	0.02397	0.69638	0.01498	0.03096	0.02197	0.01898	0.01199	0.01398	0.00999	0.00799	0.00699	0.00200	0.01398	0.00499	0.00400	0.00899
4	0.00954	0.00780	0.00822	0.00844	0.01063	0.00673	0.00621	0.01137	0.01692	0.02046	0.06936	0.11886	0.54291	0.08228	0.01196	0.00313	0.00445	0.04734	0.00698	0.00640
5	0.01084	0.00782	0.01024	0.00985	0.01155	0.00723	0.00731	0.01429	0.02132	0.03010	0.61947	0.11633	0.07124	0.01659	0.00921	0.00250	0.00373	0.01473	0.00842	0.00723
6	0.01183	0.00852	0.01165	0.01304	0.01473	0.00834	0.01098	0.01511	0.01807	0.02379	0.12666	0.14946	0.07580	0.02091	0.01035	0.00334	0.00627	0.45676	0.00733	0.00705
7	0.01077	0.00784	0.01014	0.00973	0.01150	0.00720	0.00723	0.01418	0.02122	0.02977	0.59934	0.10565	0.10307	0.01664	0.00920	0.00250	0.00373	0.01471	0.00837	0.00720
8	0.01249	0.00892	0.01249	0.01428	0.01606	0.00892	0.01249	0.01606	0.01785	0.02320	0.04105	0.08746	0.04462	0.02142	0.01071	0.00357	0.00714	0.62695	0.00714	0.00714
9	0.02885	0.02141	0.02292	0.01771	0.02381	0.02375	0.01459	0.61577	0.07499	0.04786	0.01941	0.01925	0.01383	0.00938	0.00776	0.00235	0.00839	0.00709	0.00776	0.01313
10	0.02073	0.73217	0.04063	0.01327	0.01990	0.03068	0.01327	0.02322	0.01575	0.01824	0.01078	0.01244	0.00995	0.00663	0.00498	0.00166	0.00829	0.00415	0.00332	0.00995
11	0.03479	0.01320	0.01799	0.01380	0.01979	0.01140	0.01140	0.03779	0.02219	0.68451	0.03059	0.02639	0.01919	0.00960	0.00780	0.00240	0.00660	0.00780	0.00960	0.01320
12	0.01115	0.00746	0.00849	0.00862	0.00865	0.00743	0.00487	0.01124	0.01153	0.01537	0.02571	0.09773	0.02980	0.67832	0.03740	0.00721	0.00731	0.01203	0.00487	0.00481

[dist]
# distance from previous block
# <min> <max>
0	11

[block]
# block no. 2 follows, 25 sequences, length 8
# corresponding to MSA columns:
# 96-103
name=unknown_C
#
# <colnr> <probs for GDERKNQSTAVLIFYWHMCP>
#	G	D	E	R	K	N	Q	S	T	A	V	L	I	F	Y	W	H	M	C	P
0	0.08485	0.67179	0.03817	0.01301	0.01949	0.02956	0.01286	0.02318	0.01554	0.01964	0.01078	0.01245	0.00982	0.00668	0.00496	0.00172	0.00810	0.00415	0.00344	0.00982
1	0.78228	0.01499	0.01140	0.01020	0.01499	0.01739	0.00840	0.02279	0.01320	0.03479	0.01080	0.01260	0.00840	0.00720	0.00480	0.00240	0.00600	0.00420	0.00480	0.00840
2	0.01464	0.01378	0.02326	0.70887	0.05340	0.01723	0.02153	0.01981	0.01550	0.01981	0.01378	0.02067	0.01034	0.00775	0.00775	0.00258	0.01034	0.00689	0.00345	0.00861
3	0.00970	0.00693	0.00929	0.01109	0.01165	0.00652	0.00764	0.01124	0.01510	0.02008	0.04259	0.66899	0.05072	0.02405	0.00996	0.00318	0.00472	0.07297	0.00719	0.00637
4	0.02246	0.01824	0.01932	0.01642	0.02137	0.02077	0.01304	0.23220	0.46896	0.03756	0.02752	0.02571	0.02040	0.01014	0.00785	0.00254	0.00688	0.00821	0.00785	0.01256
5	0.01125	0.00755	0.00863	0.00857	0.00874	0.00750	0.00493	0.01158	0.01223	0.01647	0.08276	0.05138	0.03222	0.66371	0.03675	0.00706	0.00717	0.01152	0.00504	0.00493
6	0.02111	0.42542	0.09424	0.04511	0.07521	0.02530	0.04062	0.04867	0.01716	0.07747	0.01362	0.01567	0.01113	0.00754	0.00729	0.00205	0.05236	0.00539	0.00409	0.01055
7	0.01731	0.01580	0.01664	0.01245	0.01894	0.06487	0.00986	0.02193	0.06172	0.02527	0.01488	0.01681	0.01221	0.00625	0.00599	0.00132	0.00642	0.00492	0.00478	0.66164

[dist]
# distance from previous block
# <min> <max>
0	2

[block]
# block no. 3 follows, 25 sequences, length 139
# corresponding to MSA columns:
# 106-244
name=unknown_D
#
# <colnr> <probs for GDERKNQSTAVLIFYWHMCP>
#	G	D	E	R	K	N	Q	S	T	A	V	L	I	F	Y	W	H	M	C	P
0	0.01865	0.08377	0.03387	0.11819	0.43417	0.01962	0.13282	0.02347	0.01735	0.02396	0.01434	0.01905	0.01175	0.00692	0.00770	0.00233	0.00994	0.00705	0.00376	0.01132
1	0.01086	0.00784	0.01027	0.00983	0.01156	0.00724	0.00731	0.01436	0.02144	0.03028	0.62941	0.10588	0.07158	0.01646	0.00920	0.00249	0.00372	0.01460	0.00844	0.00724
2	0.01091	0.00788	0.01031	0.00980	0.01157	0.00727	0.00731	0.01447	0.02165	0.03062	0.64879	0.08552	0.07225	0.01620	0.00918	0.00247	0.00369	0.01436	0.00848	0.00727
3	0.01804	0.02063	0.06398	0.05888	0.11768	0.01973	0.46319	0.02388	0.01740	0.02407	0.01486	0.02013	0.01154	0.00737	0.01049	0.00265	0.08279	0.00843	0.00382	0.01045
4	0.00945	0.00675	0.00900	0.01080	0.01125	0.00630	0.00720	0.01080	0.01484	0.01979	0.04274	0.72245	0.05128	0.02429	0.00990	0.00315	0.00450	0.02204	0.00720	0.00630
5	0.01608	0.01378	0.01608	0.01148	0.01837	0.01034	0.00919	0.01952	0.01608	0.02527	0.01378	0.01608	0.01148	0.00574	0.00574	0.00115	0.00574	0.00459	0.00459	0.77491
6	0.01205	0.00969	0.01236	0.01225	0.01357	0.04542	0.00922	0.01436	0.01278	0.01760	0.02086	0.03265	0.02022	0.15634	0.56155	0.01117	0.01842	0.00858	0.00423	0.00670
7	0.01041	0.00870	0.00919	0.00915	0.01176	0.00791	0.00695	0.01442	0.07937	0.02272	0.10736	0.09555	0.52230	0.01881	0.00914	0.00267	0.00430	0.04479	0.00734	0.00716
8	0.05735	0.03559	0.06006	0.02073	0.04832	0.60588	0.01583	0.03001	0.02115	0.02015	0.01214	0.01426	0.01000	0.00788	0.00695	0.00205	0.01335	0.00508	0.00398	0.00923
9	0.01108	0.00831	0.01246	0.01246	0.01385	0.00969	0.00969	0.01385	0.01246	0.01800	0.02077	0.03046	0.01938	0.05815	0.69678	0.01246	0.02077	0.00831	0.00415	0.00692
10	0.00993	0.00730	0.00943	0.01095	0.01197	0.00679	0.00792	0.01176	0.01580	0.02056	0.04795	0.51236	0.14617	0.02308	0.00993	0.00314	0.00487	0.12642	0.00719	0.00648
11	0.01515	0.01405	0.02326	0.68522	0.05240	0.01746	0.02130	0.04150	0.01622	0.02081	0.01395	0.02060	0.01043	0.00781	0.00775	0.00258	0.01027	0.00689	0.00359	0.00877
12	0.01641	0.03432	0.49788	0.02607	0.07222	0.01841	0.17567	0.02458	0.01690	0.02467	0.01437	0.01761	0.01042	0.00714	0.00781	0.00248	0.01171	0.00661	0.00346	0.01127
13	0.01066	0.00819	0.01224	0.03998	0.01537	0.00792	0.04554	0.01282	0.01556	0.02064	0.03977	0.55036	0.04632	0.02215	0.00990	0.00317	0.00565	0.12013	0.00685	0.00677
14	0.78228	0.01499	0.01140	0.01020	0.01499	0.01739	0.00840	0.02279	0.01320	0.03479	0.01080	0.01260	0.00840	0.00720	0.00480	0.00240	0.00600	0.00420	0.00480	0.00840
15	0.02738	0.01727	0.01964	0.01568	0.02112	0.01831	0.01274	0.30698	0.16421	0.21834	0.07425	0.02590	0.02158	0.01014	0.00790	0.00242	0.00713	0.00811	0.00835	0.01255
16	0.01554	0.01290	0.01420	0.01300	0.01637	0.01407	0.01000	0.02945	0.38866	0.03084	0.24802	0.04304	0.10526	0.01319	0.00843	0.00257	0.00510	0.01126	0.00803	0.01007
17	0.01128	0.00752	0.00846	0.00846	0.00846	0.00752	0.00470	0.01128	0.01128	0.01503	0.02443	0.05074	0.02819	0.72751	0.03946	0.00752	0.00752	0.01128	0.00470	0.00470
18	0.00955	0.00694	0.00910	0.01060	0.01131	0.00650	0.00720	0.01109	0.01523	0.02023	0.06803	0.61872	0.09947	0.02502	0.03823	0.00347	0.00510	0.02073	0.00712	0.00638
19	0.02898	0.03644	0.02202	0.01990	0.02397	0.67372	0.01497	0.05194	0.02246	0.01998	0.01221	0.01414	0.01010	0.00803	0.00702	0.00201	0.01380	0.00506	0.00412	0.00913
20	0.03210	0.01493	0.01878	0.01463	0.02041	0.01424	0.01200	0.17001	0.04970	0.49724	0.02849	0.05074	0.01926	0.01012	0.00787	0.00242	0.00692	0.00819	0.00904	0.01290
21	0.01108	0.00831	0.01246	0.01246	0.01385	0.00969	0.00969	0.01385	0.01246	0.01800	0.02077	0.03046	0.01938	0.05815	0.69678	0.01246	0.02077	0.00831	0.00415	0.00692
22	0.02001	0.01701	0.01794	0.01593	0.02044	0.01962	0.01245	0.08457	0.62059	0.03360	0.03064	0.02820	0.02293	0.01043	0.00788	0.00261	0.00631	0.00864	0.00788	0.01234
23	0.02896	0.03695	0.02197	0.01998	0.02397	0.69638	0.01498	0.03096	0.02197	0.01898	0.01199	0.01398	0.00999	0.00799	0.00699	0.00200	0.01398	0.00499	0.00400	0.00899
24	0.02947	0.02172	0.02327	0.01784	0.02404	0.02404	0.01474	0.65329	0.03646	0.04887	0.01862	0.01862	0.01319	0.00931	0.00776	0.00233	0.00853	0.00698	0.00776	0.01319
25	0.01608	0.01378	0.01608	0.01148	0.01837	0.01034	0.00919	0.01952	0.01608	0.02527	0.01378	0.01608	0.01148	0.00574	0.00574	0.00115	0.00574	0.00459	0.00459	0.77491
26	0.00916	0.00785	0.00785	0.00785	0.01047	0.00655	0.00589	0.01113	0.01767	0.02095	0.07855	0.07462	0.67599	0.01964	0.00916	0.00262	0.00393	0.01636	0.00720	0.00655
27	0.01445	0.00723	0.00723	0.00723	0.00903	0.00723	0.00542	0.01807	0.01626	0.02891	0.02529	0.02891	0.01987	0.00903	0.00542	0.00181	0.00361	0.00723	0.77055	0.00723
28	0.01445	0.00723	0.00723	0.00723	0.00903	0.00723	0.00542	0.01807	0.01626	0.02891	0.02529	0.02891	0.01987	0.00903	0.00542	0.00181	0.00361	0.00723	0.77055	0.00723
29	0.01608	0.01378	0.01608	0.01148	0.01837	0.01034	0.00919	0.01952	0.01608	0.02527	0.01378	0.01608	0.01148	0.00574	0.00574	0.00115	0.00574	0.00459	0.00459	0.77491
30	0.02947	0.02172	0.02327	0.01784	0.02404	0.02404	0.01474	0.65329	0.03646	0.04887	0.01862	0.01862	0.01319	0.00931	0.00776	0.00233	0.00853	0.00698	0.00776	0.01319
31	0.01464	0.01378	0.02326	0.70887	0.05340	0.01723	0.02153	0.01981	0.01550	0.01981	0.01378	0.02067	0.01034	0.00775	0.00775	0.00258	0.01034	0.00689	0.00345	0.00861
32	0.03479	0.01320	0.01799	0.01380	0.01979	0.01140	0.01140	0.03779	0.02219	0.68451	0.03059	0.02639	0.01919	0.00960	0.00780	0.00240	0.00660	0.00780	0.00960	0.01320
33	0.03310	0.01282	0.01745	0.01351	0.01921	0.01111	0.01111	0.03615	0.02217	0.63822	0.07625	0.02862	0.02302	0.01004	0.00789	0.00240	0.00639	0.00824	0.00952	0.01278
34	0.01249	0.00892	0.01249	0.01428	0.01606	0.00892	0.01249	0.01606	0.01785	0.02320	0.04105	0.08746	0.04462	0.02142	0.01071	0.00357	0.00714	0.62695	0.00714	0.00714
35	0.01347	0.00673	0.01010	0.01010	0.01010	0.00673	0.00673	0.01010	0.01010	0.01347	0.01347	0.02357	0.01347	0.02694	0.03030	0.77441	0.00673	0.00673	0.00337	0.00337
36	0.02947	0.02172	0.02327	0.01784	0.02404	0.02404	0.01474	0.65329	0.03646	0.04887	0.01862	0.01862	0.01319	0.00931	0.00776	0.00233	0.00853	0.00698	0.00776	0.01319
37	0.78228	0.01499	0.01140	0.01020	0.01499	0.01739	0.00840	0.02279	0.01320	0.03479	0.01080	0.01260	0.00840	0.00720	0.00480	0.00240	0.00600	0.00420	0.00480	0.00840
38	0.01740	0.01890	0.03873	0.19842	0.07331	0.01913	0.44289	0.02332	0.01734	0.02339	0.01496	0.02062	0.01138	0.00712	0.00936	0.00262	0.03892	0.00840	0.00378	0.01002
39	0.01125	0.00763	0.00905	0.00905	0.00926	0.00784	0.00544	0.01166	0.01145	0.01548	0.02389	0.04772	0.02688	0.62791	0.13727	0.00825	0.00949	0.01083	0.00462	0.00503
40	0.01169	0.00813	0.01035	0.00967	0.01177	0.00738	0.00730	0.01511	0.02142	0.05572	0.57410	0.05878	0.14721	0.01608	0.00909	0.00246	0.00381	0.01407	0.00841	0.00745
41	0.01696	0.01696	0.02375	0.02036	0.02036	0.02375	0.01696	0.01866	0.01187	0.01866	0.01018	0.01696	0.01018	0.01357	0.02545	0.00339	0.71332	0.00679	0.00339	0.00848
42	0.01011	0.00765	0.01082	0.10028	0.01665	0.00770	0.00904	0.01195	0.01493	0.01980	0.03902	0.63249	0.04603	0.02217	0.00962	0.00308	0.00525	0.02010	0.00672	0.00659
43	0.01968	0.01685	0.01775	0.01586	0.02031	0.01947	0.01237	0.06472	0.64098	0.03307	0.03106	0.02853	0.02327	0.01047	0.00788	0.00262	0.00623	0.00870	0.00788	0.01231
44	0.01756	0.02575	0.21398	0.02994	0.05995	0.01930	0.44154	0.02450	0.01753	0.02455	0.01498	0.01951	0.01121	0.00703	0.00923	0.00259	0.03833	0.00808	0.00373	0.01071
45	0.03057	0.01996	0.02218	0.01701	0.02317	0.02144	0.01405	0.52656	0.03352	0.17974	0.02108	0.02022	0.01442	0.00937	0.00776	0.00234	0.00813	0.00715	0.00814	0.01319
46	0.01347	0.00673	0.01010	0.01010	0.01010	0.00673	0.00673	0.01010	0.01010	0.01347	0.01347	0.02357	0.01347	0.02694	0.03030	0.77441	0.00673	0.00673	0.00337	0.00337
47	0.02896	0.03695	0.02197	0.01998	0.02397	0.69638	0.01498	0.03096	0.02197	0.01898	0.01199	0.01398	0.00999	0.00799	0.00699	0.00200	0.01398	0.00499	0.00400	0.00899
48	0.02896	0.03695	0.02197	0.01998	0.02397	0.69638	0.01498	0.03096	0.02197	0.01898	0.01199	0.01398	0.00999	0.00799	0.00699	0.00200	0.01398	0.00499	0.00400	0.00899
49	0.01244	0.01023	0.01220	0.01205	0.01330	0.05975	0.00888	0.01449	0.01288	0.01736	0.02100	0.03411	0.02080	0.21500	0.48832	0.01050	0.01709	0.00878	0.00427	0.00654
50	0.01919	0.01842	0.03147	0.04759	0.67914	0.01842	0.02380	0.02380	0.01765	0.02533	0.01458	0.01919	0.01228	0.00691	0.00768	0.00230	0.00921	0.00691	0.00384	0.01228
51	0.04345	0.00752	0.00738	0.00734	0.00926	0.00761	0.00553	0.01825	0.01614	0.02913	0.02475	0.02829	0.01944	0.00896	0.00540	0.00183	0.00370	0.00711	0.74164	0.00727
52	0.00945	0.00675	0.00900	0.01080	0.01125	0.00630	0.00720	0.01080	0.01484	0.01979	0.04274	0.72245	0.05128	0.02429	0.00990	0.00315	0.00450	0.02204	0.00720	0.00630
53	0.02119	0.51894	0.10553	0.01464	0.02142	0.04741	0.01476	0.02442	0.01640	0.07225	0.01285	0.01435	0.01075	0.00720	0.00630	0.00185	0.03438	0.00475	0.00390	0.04670
54	0.08361	0.01588	0.02061	0.01675	0.04707	0.05255	0.06745	0.03007	0.01927	0.35237	0.02180	0.02141	0.01498	0.00842	0.00817	0.00220	0.04458	0.00678	0.00691	0.15911
55	0.02827	0.03564	0.02265	0.02193	0.07039	0.64835	0.01561	0.03045	0.02167	0.01943	0.01217	0.01435	0.01015	0.00791	0.00704	0.00202	0.01364	0.00513	0.00398	0.00922
56	0.03121	0.01406	0.01820	0.01431	0.01984	0.01331	0.01174	0.12392	0.04497	0.50699	0.02796	0.02575	0.01850	0.01427	0.07429	0.00337	0.00823	0.00776	0.00875	0.01256
57	0.02006	0.01704	0.01797	0.01594	0.02046	0.01965	0.01246	0.08778	0.61730	0.03369	0.03057	0.02814	0.02287	0.01043	0.00788	0.00261	0.00632	0.00863	0.00788	0.01234
58	0.01929	0.01666	0.01753	0.01578	0.02016	0.01929	0.01227	0.04120	0.66513	0.03243	0.03156	0.02893	0.02367	0.01052	0.00789	0.00263	0.00614	0.00877	0.00789	0.01227
59	0.01347	0.00673	0.01010	0.01010	0.01010	0.00673	0.00673	0.01010	0.01010	0.01347	0.01347	0.02357	0.01347	0.02694	0.03030	0.77441	0.00673	0.00673	0.00337	0.00337
60	0.01249	0.00892	0.01249	0.01428	0.01606	0.00892	0.01249	0.01606	0.01785	0.02320	0.04105	0.08746	0.04462	0.02142	0.01071	0.00357	0.00714	0.62695	0.00714	0.00714
61	0.02043	0.69249	0.07771	0.01377	0.02068	0.02995	0.01415	0.02329	0.01579	0.01860	0.01096	0.01266	0.00994	0.00668	0.00511	0.00170	0.00847	0.00424	0.00331	0.01004
62	0.01189	0.07001	0.01532	0.01304	0.01460	0.01126	0.04265	0.01375	0.01503	0.01988	0.03759	0.43309	0.10018	0.04376	0.01222	0.00314	0.08817	0.04115	0.00617	0.00708
63	0.00945	0.00675	0.00900	0.01080	0.01125	0.00630	0.00720	0.01080	0.01484	0.01979	0.04274	0.72245	0.05128	0.02429	0.00990	0.00315	0.00450	0.02204	0.00720	0.00630
64	0.01716	0.02827	0.33758	0.12884	0.08617	0.01812	0.19822	0.02436	0.01709	0.04857	0.01505	0.01885	0.01097	0.00724	0.00796	0.00250	0.01139	0.00701	0.00376	0.01089
65	0.01964	0.02180	0.17290	0.10716	0.29592	0.01695	0.08011	0.02520	0.01797	0.11476	0.04068	0.02129	0.01464	0.00776	0.00782	0.00241	0.00962	0.00724	0.00464	0.01148
66	0.02984	0.02988	0.02181	0.01862	0.02346	0.43034	0.01446	0.19749	0.02586	0.11152	0.01611	0.01679	0.01201	0.00854	0.00730	0.00214	0.01159	0.00588	0.00571	0.01064
67	0.78228	0.01499	0.01140	0.01020	0.01499	0.01739	0.00840	0.02279	0.01320	0.03479	0.01080	0.01260	0.00840	0.00720	0.00480	0.00240	0.00600	0.00420	0.00480	0.00840
68	0.01108	0.00831	0.01246	0.01246	0.01385	0.00969	0.00969	0.01385	0.01246	0.01800	0.02077	0.03046	0.01938	0.05815	0.69678	0.01246	0.02077	0.00831	0.00415	0.00692
69	0.01445	0.01338	0.01784	0.15577	0.02391	0.04246	0.01396	0.01831	0.06048	0.02054	0.04234	0.22380	0.02542	0.01767	0.05341	0.00354	0.22806	0.01158	0.00504	0.00804
70	0.01929	0.01666	0.01753	0.01578	0.02016	0.01929	0.01227	0.04120	0.66513	0.03243	0.03156	0.02893	0.02367	0.01052	0.00789	0.00263	0.00614	0.00877	0.00789	0.01227
71	0.01758	0.01675	0.02751	0.09051	0.46168	0.01809	0.02097	0.02145	0.01628	0.02330	0.01640	0.08375	0.01538	0.00967	0.01080	0.00258	0.12415	0.00828	0.00404	0.01083
72	0.01901	0.01436	0.01823	0.08981	0.05035	0.01554	0.01471	0.24242	0.02418	0.03202	0.02915	0.05324	0.02855	0.01509	0.00923	0.00297	0.00805	0.31659	0.00683	0.00965
73	0.01117	0.00813	0.01063	0.01192	0.01339	0.00781	0.00952	0.01373	0.01680	0.02178	0.07075	0.22377	0.13834	0.07715	0.01250	0.00360	0.00597	0.32933	0.00702	0.00668
74	0.78228	0.01499	0.01140	0.01020	0.01499	0.01739	0.00840	0.02279	0.01320	0.03479	0.01080	0.01260	0.00840	0.00720	0.00480	0.00240	0.00600	0.00420	0.00480	0.00840
75	0.01919	0.01842	0.03147	0.04759	0.67914	0.01842	0.02380	0.02380	0.01765	0.02533	0.01458	0.01919	0.01228	0.00691	0.00768	0.00230	0.00921	0.00691	0.00384	0.01228
76	0.00984	0.00739	0.01031	0.01147	0.01238	0.00687	0.02949	0.01150	0.01528	0.02017	0.04428	0.62886	0.09393	0.02324	0.00985	0.00311	0.00485	0.04359	0.00708	0.00649
77	0.02073	0.73217	0.04063	0.01327	0.01990	0.03068	0.01327	0.02322	0.01575	0.01824	0.01078	0.01244	0.00995	0.00663	0.00498	0.00166	0.00829	0.00415	0.00332	0.00995
78	0.01112	0.00815	0.01169	0.01169	0.01280	0.00927	0.00872	0.01335	0.01223	0.01743	0.02148	0.03439	0.02109	0.18778	0.56948	0.01150	0.01820	0.00888	0.00426	0.00649
79	0.01781	0.01547	0.01685	0.01630	0.05335	0.01738	0.01195	0.03591	0.53685	0.03039	0.03751	0.03507	0.11807	0.01166	0.00806	0.00261	0.00598	0.00978	0.00758	0.01144
80	0.02947	0.02172	0.02327	0.01784	0.02404	0.02404	0.01474	0.65329	0.03646	0.04887	0.01862	0.01862	0.01319	0.00931	0.00776	0.00233	0.00853	0.00698	0.00776	0.01319
81	0.78228	0.01499	0.01140	0.01020	0.01499	0.01739	0.00840	0.02279	0.01320	0.03479	0.01080	0.01260	0.00840	0.00720	0.00480	0.00240	0.00600	0.00420	0.00480	0.00840
82	0.23807	0.01918	0.01980	0.01575	0.02110	0.02170	0.01301	0.40787	0.02763	0.06669	0.01627	0.01711	0.01186	0.00905	0.00824	0.00243	0.05983	0.00622	0.00668	0.01151
83	0.01696	0.01696	0.02375	0.02036	0.02036	0.02375	0.01696	0.01866	0.01187	0.01866	0.01018	0.01696	0.01018	0.01357	0.02545	0.00339	0.71332	0.00679	0.00339	0.00848
84	0.02909	0.02153	0.02305	0.01776	0.02390	0.02387	0.01464	0.63017	0.06019	0.04825	0.01910	0.01900	0.01358	0.00935	0.00776	0.00234	0.00844	0.00705	0.00776	0.01315
85	0.01059	0.00771	0.00997	0.00984	0.01146	0.00708	0.00721	0.01373	0.02040	0.02844	0.52473	0.18091	0.10370	0.01762	0.00928	0.00258	0.00383	0.01563	0.00821	0.00708
86	0.02947	0.02172	0.02327	0.01784	0.02404	0.02404	0.01474	0.65329	0.03646	0.04887	0.01862	0.01862	0.01319	0.00931	0.00776	0.00233	0.00853	0.00698	0.00776	0.01319
87	0.02896	0.03695	0.02197	0.01998	0.02397	0.69638	0.01498	0.03096	0.02197	0.01898	0.01199	0.01398	0.00999	0.00799	0.00699	0.00200	0.01398	0.00499	0.00400	0.00899
88	0.01464	0.01378	0.02326	0.70887	0.05340	0.01723	0.02153	0.01981	0.01550	0.01981	0.01378	0.02067	0.01034	0.00775	0.00775	0.00258	0.01034	0.00689	0.00345	0.00861
89	0.01091	0.00792	0.01027	0.00968	0.01154	0.00729	0.00726	0.01450	0.02179	0.03071	0.65255	0.05855	0.09590	0.01599	0.00915	0.00245	0.00367	0.01411	0.00848	0.00729
90	0.01555	0.04011	0.68733	0.02210	0.03356	0.01801	0.02865	0.02455	0.01637	0.02455	0.01391	0.01637	0.00982	0.00737	0.00737	0.00246	0.01146	0.00573	0.00327	0.01146
91	0.03479	0.01320	0.01799	0.01380	0.01979	0.01140	0.01140	0.03779	0.02219	0.68451	0.03059	0.02639	0.01919	0.00960	0.00780	0.00240	0.00660	0.00780	0.00960	0.01320
92	0.01347	0.00673	0.01010	0.01010	0.01010	0.00673	0.00673	0.01010	0.01010	0.01347	0.01347	0.02357	0.01347	0.02694	0.03030	0.77441	0.00673	0.00673	0.00337	0.00337
93	0.01993	0.01651	0.01755	0.01570	0.02015	0.01896	0.01224	0.04106	0.63854	0.05941	0.03152	0.02882	0.02348	0.01048	0.00789	0.00262	0.00616	0.00873	0.00796	0.01231
94	0.01464	0.01378	0.02326	0.70887	0.05340	0.01723	0.02153	0.01981	0.01550	0.01981	0.01378	0.02067	0.01034	0.00775	0.00775	0.00258	0.01034	0.00689	0.00345	0.00861
95	0.02009	0.64722	0.12001	0.01435	0.02158	0.02912	0.01515	0.02338	0.01583	0.01902	0.01116	0.01292	0.00993	0.00672	0.00527	0.00176	0.00868	0.00434	0.00331	0.01014
96	0.01266	0.00830	0.01090	0.01004	0.01217	0.00761	0.00761	0.01627	0.02197	0.07739	0.62939	0.05568	0.06934	0.01541	0.00905	0.00244	0.00387	0.01358	0.00861	0.00773
97	0.01800	0.01900	0.07496	0.02100	0.02752	0.03916	0.24030	0.02263	0.01694	0.05540	0.01597	0.04526	0.01318	0.00785	0.00922	0.00214	0.07558	0.00734	0.00446	0.28409
98	0.01115	0.00746	0.00849	0.00862	0.00865	0.00743	0.00488	0.01124	0.01153	0.01537	0.02573	0.09833	0.02983	0.67768	0.03737	0.00721	0.00730	0.01204	0.00488	0.00481
99	0.00972	0.00712	0.00975	0.04745	0.01346	0.00687	0.00795	0.01127	0.01488	0.01979	0.04121	0.68560	0.04913	0.02342	0.00978	0.00312	0.00480	0.02125	0.00700	0.00642
100	0.00945	0.00675	0.00900	0.01080	0.01125	0.00630	0.00720	0.01080	0.01484	0.01979	0.04274	0.72245	0.05128	0.02429	0.00990	0.00315	0.00450	0.02204	0.00720	0.00630
101	0.01642	0.01432	0.02307	0.63492	0.05011	0.01750	0.02069	0.06534	0.01723	0.04577	0.01473	0.02073	0.01086	0.00793	0.00775	0.00256	0.01007	0.00693	0.00397	0.00910
102	0.01830	0.02092	0.04575	0.03268	0.04052	0.01961	0.65098	0.02484	0.01830	0.02484	0.01569	0.02092	0.01176	0.00654	0.00915	0.00261	0.01307	0.00915	0.00392	0.01046
103	0.01555	0.04011	0.68733	0.02210	0.03356	0.01801	0.02865	0.02455	0.01637	0.02455	0.01391	0.01637	0.00982	0.00737	0.00737	0.00246	0.01146	0.00573	0.00327	0.01146
104	0.78228	0.01499	0.01140	0.01020	0.01499	0.01739	0.00840	0.02279	0.01320	0.03479	0.01080	0.01260	0.00840	0.00720	0.00480	0.00240	0.00600	0.00420	0.00480	0.00840
105	0.01464	0.01378	0.02326	0.70887	0.05340	0.01723	0.02153	0.01981	0.01550	0.01981	0.01378	0.02067	0.01034	0.00775	0.00775	0.00258	0.01034	0.00689	0.00345	0.00861
106	0.01608	0.01378	0.01608	0.01148	0.01837	0.01034	0.00919	0.01952	0.01608	0.02527	0.01378	0.01608	0.01148	0.00574	0.00574	0.00115	0.00574	0.00459	0.00459	0.77491
107	0.01106	0.00798	0.01049	0.01001	0.01184	0.00741	0.00761	0.01471	0.02171	0.03064	0.63870	0.05961	0.07152	0.01617	0.00923	0.00250	0.00386	0.04916	0.00846	0.00731
108	0.02110	0.01587	0.01720	0.01472	0.01928	0.01738	0.01165	0.16857	0.35655	0.09055	0.06847	0.03385	0.10722	0.01163	0.00808	0.00253	0.00628	0.00955	0.00795	0.01156
109	0.01899	0.34569	0.14566	0.02272	0.05225	0.02432	0.24105	0.02402	0.01682	0.02183	0.01314	0.01629	0.01065	0.00673	0.00692	0.00215	0.01052	0.00626	0.00354	0.01045
110	0.00952	0.00680	0.00906	0.01075	0.01126	0.00635	0.00720	0.01098	0.01518	0.02033	0.07284	0.69081	0.05232	0.02389	0.00986	0.00312	0.00446	0.02166	0.00726	0.00635
111	0.01143	0.00858	0.01067	0.01003	0.01213	0.00815	0.00756	0.01632	0.07046	0.03022	0.56899	0.05731	0.12712	0.01581	0.00905	0.00247	0.00387	0.01385	0.00836	0.00762
112	0.74209	0.01510	0.01204	0.01073	0.01528	0.01773	0.00885	0.02258	0.01313	0.03394	0.01076	0.01282	0.00849	0.00753	0.00588	0.00245	0.04314	0.00433	0.00472	0.00840
113	0.02644	0.24983	0.02769	0.01792	0.02272	0.49254	0.01446	0.02859	0.02007	0.01875	0.01162	0.01351	0.00998	0.00757	0.00637	0.00189	0.01224	0.00473	0.00379	0.00928
114	0.01975	0.01382	0.04397	0.05146	0.09098	0.01314	0.01463	0.05817	0.09033	0.16459	0.03144	0.05134	0.02888	0.01435	0.00904	0.00293	0.00753	0.27647	0.00709	0.01008
115	0.02947	0.02172	0.02327	0.01784	0.02404	0.02404	0.01474	0.65329	0.03646	0.04887	0.01862	0.01862	0.01319	0.00931	0.00776	0.00233	0.00853	0.00698	0.00776	0.01319
116	0.01990	0.01652	0.01755	0.01570	0.02015	0.01897	0.01224	0.04107	0.63972	0.05821	0.03152	0.02883	0.02349	0.01048	0.00789	0.00262	0.00615	0.00873	0.00796	0.01231
117	0.01199	0.00926	0.01265	0.03980	0.06298	0.00899	0.00943	0.01635	0.04631	0.02920	0.50575	0.07955	0.08296	0.01534	0.00902	0.00252	0.00460	0.03762	0.00782	0.00786
118	0.01530	0.01625	0.07138	0.57358	0.13397	0.01744	0.02233	0.02067	0.01585	0.02087	0.01390	0.02017	0.01055	0.00761	0.00771	0.00254	0.01027	0.00681	0.00348	0.00930
119	0.01008	0.00789	0.00913	0.00882	0.01104	0.00694	0.00661	0.01291	0.01984	0.02610	0.38141	0.06614	0.36991	0.01771	0.00915	0.00253	0.00379	0.01517	0.00788	0.00694
120	0.01359	0.01094	0.01524	0.01582	0.01813	0.03824	0.05783	0.01730	0.01805	0.02314	0.03805	0.07969	0.04086	0.01981	0.01044	0.00344	0.00784	0.55735	0.00678	0.00745
121	0.04743	0.01873	0.09176	0.15885	0.07680	0.01824	0.01662	0.10357	0.25813	0.06748	0.02420	0.02491	0.04050	0.00937	0.00770	0.00252	0.00801	0.00777	0.00614	0.01125
122	0.01874	0.02009	0.07508	0.03864	0.47986	0.05322	0.04318	0.02468	0.06387	0.02552	0.04526	0.02297	0.03803	0.00805	0.00780	0.00235	0.00912	0.00755	0.00441	0.01158
123	0.02073	0.73217	0.04063	0.01327	0.01990	0.03068	0.01327	0.02322	0.01575	0.01824	0.01078	0.01244	0.00995	0.00663	0.00498	0.00166	0.00829	0.00415	0.00332	0.00995
124	0.01347	0.00673	0.01010	0.01010	0.01010	0.00673	0.00673	0.01010	0.01010	0.01347	0.01347	0.02357	0.01347	0.02694	0.03030	0.77441	0.00673	0.00673	0.00337	0.00337
125	0.02035	0.02723	0.16352	0.08177	0.19930	0.18327	0.11229	0.02682	0.06606	0.02366	0.01516	0.01843	0.01184	0.00754	0.00768	0.00235	0.01125	0.00666	0.00404	0.01077
126	0.02398	0.02826	0.02028	0.01811	0.02214	0.43740	0.03970	0.03036	0.15476	0.02265	0.04715	0.02470	0.07783	0.00984	0.00755	0.00223	0.01099	0.00735	0.00527	0.00944
127	0.01892	0.01634	0.01718	0.01549	0.01981	0.01882	0.01204	0.04011	0.64156	0.03202	0.03327	0.03059	0.04742	0.01085	0.00794	0.00263	0.00606	0.00904	0.00786	0.01206
128	0.02000	0.64160	0.07648	0.06306	0.02306	0.02900	0.01473	0.02305	0.01577	0.01872	0.01117	0.01325	0.00997	0.00675	0.00531	0.00177	0.00862	0.00443	0.00332	0.00994
129	0.02004	0.01751	0.04987	0.08552	0.32404	0.01711	0.04139	0.11442	0.04615	0.07699	0.04768	0.05376	0.05199	0.00941	0.00798	0.00242	0.00842	0.00850	0.00544	0.01134
130	0.03391	0.01300	0.01771	0.01365	0.01949	0.01125	0.01125	0.03693	0.02218	0.66042	0.05435	0.02755	0.02118	0.00983	0.00785	0.00240	0.00649	0.00803	0.00956	0.01298
131	0.02131	0.01448	0.01743	0.01640	0.06510	0.01525	0.01196	0.08717	0.28393	0.16300	0.18070	0.03365	0.03271	0.01123	0.00814	0.00249	0.00607	0.00952	0.00808	0.01137
132	0.01741	0.02140	0.10191	0.09687	0.07046	0.01869	0.47870	0.02377	0.01769	0.02417	0.01626	0.04561	0.01289	0.00739	0.00880	0.00260	0.01216	0.00897	0.00393	0.01031
133	0.01347	0.00673	0.01010	0.01010	0.01010	0.00673	0.00673	0.01010	0.01010	0.01347	0.01347	0.02357	0.01347	0.02694	0.03030	0.77441	0.00673	0.00673	0.00337	0.00337
134	0.00916	0.00785	0.00785	0.00785	0.01047	0.00655	0.00589	0.01113	0.01767	0.02095	0.07855	0.07462	0.67599	0.01964	0.00916	0.00262	0.00393	0.01636	0.00720	0.00655
135	0.01514	0.01465	0.02314	0.41220	0.03922	0.01866	0.04187	0.01901	0.01459	0.01970	0.01728	0.02331	0.05750	0.01043	0.01362	0.00285	0.23704	0.00761	0.00371	0.00849
136	0.01823	0.02080	0.05963	0.14046	0.08622	0.07038	0.31973	0.02331	0.01688	0.02254	0.01399	0.01937	0.01109	0.00812	0.01141	0.00267	0.13378	0.00776	0.00373	0.00988
137	0.02014	0.01705	0.02119	0.13831	0.11127	0.01932	0.01581	0.15021	0.32644	0.03211	0.02427	0.02663	0.01877	0.00978	0.00792	0.00256	0.00774	0.03230	0.00656	0.01162
138	0.08410	0.01423	0.01788	0.01401	0.01980	0.01341	0.01151	0.08068	0.07990	0.53696	0.02848	0.02512	0.01843	0.00949	0.00760	0.00241	0.00665	0.00758	0.00899	0.01278

[dist]
# distance from previous block
# <min> <max>
1	3

[block]
# block no. 4 follows, 25 sequences, length 195
# corresponding to MSA columns:
# 248-442
name=unknown_E
#
# <colnr> <probs for GDERKNQSTAVLIFYWHMCP>
#	G	D	E	R	K	N	Q	S	T	A	V	L	I	F	Y	W	H	M	C	P
0	0.02102	0.01581	0.01862	0.01573	0.01976	0.01693	0.03946	0.36060	0.04874	0.03620	0.02811	0.28702	0.02798	0.01493	0.00864	0.00266	0.00711	0.01287	0.00738	0.01041
1	0.06043	0.01949	0.02304	0.05048	0.04877	0.06850	0.04109	0.21550	0.07342	0.05774	0.01611	0.01876	0.01263	0.01010	0.01284	0.00264	0.21947	0.00682	0.00552	0.03664
2	0.01742	0.02339	0.15813	0.06153	0.09097	0.01868	0.43834	0.02402	0.01766	0.02444	0.01608	0.04288	0.01268	0.00735	0.00867	0.00258	0.01206	0.00867	0.00388	0.01057
3	0.01608	0.01378	0.01608	0.01148	0.01837	0.01034	0.00919	0.01952	0.01608	0.02527	0.01378	0.01608	0.01148	0.00574	0.00574	0.00115	0.00574	0.00459	0.00459	0.77491
4	0.01128	0.00752	0.00846	0.00846	0.00846	0.00752	0.00470	0.01128	0.01128	0.01503	0.02443	0.05074	0.02819	0.72751	0.03946	0.00752	0.00752	0.01128	0.00470	0.00470
5	0.03383	0.01298	0.01769	0.01363	0.01946	0.01123	0.01123	0.03686	0.02218	0.65835	0.05639	0.02765	0.02135	0.00985	0.00785	0.00240	0.00648	0.00805	0.00955	0.01296
6	0.00953	0.00678	0.00897	0.01069	0.01112	0.00635	0.00709	0.01082	0.01469	0.01958	0.04192	0.69239	0.05025	0.05576	0.01122	0.00334	0.00463	0.02156	0.00709	0.00623
7	0.01108	0.00831	0.01246	0.01246	0.01385	0.00969	0.00969	0.01385	0.01246	0.01800	0.02077	0.03046	0.01938	0.05815	0.69678	0.01246	0.02077	0.00831	0.00415	0.00692
8	0.00951	0.00680	0.00905	0.01075	0.01126	0.00634	0.00720	0.01095	0.01514	0.02025	0.06857	0.69529	0.05218	0.02395	0.00987	0.00312	0.00446	0.02171	0.00725	0.00634
9	0.78228	0.01499	0.01140	0.01020	0.01499	0.01739	0.00840	0.02279	0.01320	0.03479	0.01080	0.01260	0.00840	0.00720	0.00480	0.00240	0.00600	0.00420	0.00480	0.00840
10	0.00945	0.00675	0.00900	0.01080	0.01125	0.00630	0.00720	0.01080	0.01484	0.01979	0.04274	0.72245	0.05128	0.02429	0.00990	0.00315	0.00450	0.02204	0.00720	0.00630
11	0.02896	0.03695	0.02197	0.01998	0.02397	0.69638	0.01498	0.03096	0.02197	0.01898	0.01199	0.01398	0.00999	0.00799	0.00699	0.00200	0.01398	0.00499	0.00400	0.00899
12	0.00943	0.00680	0.00894	0.01065	0.01121	0.00631	0.00713	0.01081	0.01499	0.01985	0.04453	0.68999	0.08258	0.02406	0.00986	0.00312	0.00447	0.02176	0.00720	0.00631
13	0.01608	0.01378	0.01608	0.01148	0.01837	0.01034	0.00919	0.01952	0.01608	0.02527	0.01378	0.01608	0.01148	0.00574	0.00574	0.00115	0.00574	0.00459	0.00459	0.77491
14	0.01696	0.01696	0.02375	0.02036	0.02036	0.02375	0.01696	0.01866	0.01187	0.01866	0.01018	0.01696	0.01018	0.01357	0.02545	0.00339	0.71332	0.00679	0.00339	0.00848
15	0.01622	0.01391	0.01614	0.01168	0.01845	0.01074	0.00933	0.02049	0.04512	0.02559	0.01458	0.01665	0.01203	0.00596	0.00584	0.00121	0.00576	0.00478	0.00474	0.74078
16	0.01108	0.00831	0.01246	0.01246	0.01385	0.00969	0.00969	0.01385	0.01246	0.01800	0.02077	0.03046	0.01938	0.05815	0.69678	0.01246	0.02077	0.00831	0.00415	0.00692
17	0.01675	0.01586	0.02673	0.25380	0.32080	0.01651	0.06262	0.02148	0.01717	0.02394	0.06353	0.02237	0.01608	0.00771	0.00772	0.00231	0.00909	0.00736	0.00414	0.08402
18	0.01929	0.01666	0.01753	0.01578	0.02016	0.01929	0.01227	0.04120	0.66513	0.03243	0.03156	0.02893	0.02367	0.01052	0.00789	0.00263	0.00614	0.00877	0.00789	0.01227
19	0.01735	0.26633	0.42968	0.04378	0.05117	0.02217	0.02318	0.02393	0.01618	0.02234	0.01290	0.01532	0.00996	0.00712	0.00660	0.00219	0.01030	0.00529	0.00331	0.01089
20	0.02927	0.02186	0.05371	0.01770	0.02413	0.02270	0.01510	0.57241	0.03432	0.10107	0.01940	0.01916	0.01353	0.00924	0.00774	0.00234	0.00851	0.00699	0.00770	0.01311
21	0.00945	0.00675	0.00900	0.01080	0.01125	0.00630	0.00720	0.01080	0.01484	0.01979	0.04274	0.72245	0.05128	0.02429	0.00990	0.00315	0.00450	0.02204	0.00720	0.00630
22	0.78228	0.01499	0.01140	0.01020	0.01499	0.01739	0.00840	0.02279	0.01320	0.03479	0.01080	0.01260	0.00840	0.00720	0.00480	0.00240	0.00600	0.00420	0.00480	0.00840
23	0.01608	0.01378	0.01608	0.01148	0.01837	0.01034	0.00919	0.01952	0.01608	0.02527	0.01378	0.01608	0.01148	0.00574	0.00574	0.00115	0.00574	0.00459	0.00459	0.77491
24	0.02170	0.05214	0.01965	0.01661	0.02107	0.15931	0.01296	0.05980	0.48243	0.02962	0.02617	0.02477	0.01989	0.00979	0.00757	0.00245	0.00793	0.00773	0.00688	0.01153
25	0.07224	0.01329	0.01766	0.01361	0.01955	0.01170	0.01125	0.03704	0.02174	0.65195	0.02960	0.02570	0.01865	0.00948	0.00765	0.00240	0.00657	0.00762	0.00936	0.01295
26	0.78228	0.01499	0.01140	0.01020	0.01499	0.01739	0.00840	0.02279	0.01320	0.03479	0.01080	0.01260	0.00840	0.00720	0.00480	0.00240	0.00600	0.00420	0.00480	0.00840
27	0.78228	0.01499	0.01140	0.01020	0.01499	0.01739	0.00840	0.02279	0.01320	0.03479	0.01080	0.01260	0.00840	0.00720	0.00480	0.00240	0.00600	0.00420	0.00480	0.00840
28	0.02947	0.02172	0.02327	0.01784	0.02404	0.02404	0.01474	0.65329	0.03646	0.04887	0.01862	0.01862	0.01319	0.00931	0.00776	0.00233	0.00853	0.00698	0.00776	0.01319
29	0.01929	0.01666	0.01753	0.01578	0.02016	0.01929	0.01227	0.04120	0.66513	0.03243	0.03156	0.02893	0.02367	0.01052	0.00789	0.00263	0.00614	0.00877	0.00789	0.01227
30	0.01128	0.00752	0.00846	0.00846	0.00846	0.00752	0.00470	0.01128	0.01128	0.01503	0.02443	0.05074	0.02819	0.72751	0.03946	0.00752	0.00752	0.01128	0.00470	0.00470
31	0.01379	0.01257	0.02076	0.54841	0.06776	0.01513	0.01881	0.01819	0.01545	0.02001	0.01948	0.15792	0.01842	0.01096	0.00817	0.00268	0.00915	0.00986	0.00419	0.00829
32	0.02247	0.01824	0.01932	0.01642	0.02137	0.02077	0.01304	0.23227	0.46888	0.03756	0.02752	0.02571	0.02040	0.01014	0.00785	0.00254	0.00688	0.00821	0.00785	0.01256
33	0.02947	0.02172	0.02327	0.01784	0.02404	0.02404	0.01474	0.65329	0.03646	0.04887	0.01862	0.01862	0.01319	0.00931	0.00776	0.00233	0.00853	0.00698	0.00776	0.01319
34	0.01608	0.01378	0.01608	0.01148	0.01837	0.01034	0.00919	0.01952	0.01608	0.02527	0.01378	0.01608	0.01148	0.00574	0.00574	0.00115	0.00574	0.00459	0.00459	0.77491
35	0.01158	0.00900	0.01322	0.01293	0.01413	0.01077	0.01006	0.01413	0.01235	0.01791	0.02005	0.03032	0.01904	0.08754	0.60748	0.01145	0.07864	0.00833	0.00412	0.00694
36	0.01347	0.00673	0.01010	0.01010	0.01010	0.00673	0.00673	0.01010	0.01010	0.01347	0.01347	0.02357	0.01347	0.02694	0.03030	0.77441	0.00673	0.00673	0.00337	0.00337
37	0.00945	0.00675	0.00900	0.01080	0.01125	0.00630	0.00720	0.01080	0.01484	0.01979	0.04274	0.72245	0.05128	0.02429	0.00990	0.00315	0.00450	0.02204	0.00720	0.00630
38	0.02055	0.02204	0.10110	0.09241	0.26516	0.07385	0.01974	0.11265	0.15903	0.02892	0.01841	0.02059	0.01420	0.00822	0.00765	0.00239	0.00921	0.00703	0.00515	0.01170
39	0.01899	0.01822	0.03111	0.07660	0.65169	0.01837	0.02370	0.02362	0.01756	0.02509	0.01455	0.01926	0.01220	0.00695	0.00768	0.00232	0.00926	0.00691	0.00382	0.01212
40	0.01097	0.00793	0.01036	0.00975	0.01158	0.00732	0.00732	0.01463	0.02195	0.03109	0.67505	0.05792	0.07316	0.01585	0.00914	0.00244	0.00366	0.01402	0.00854	0.00732
41	0.02843	0.02154	0.02210	0.01754	0.02323	0.07516	0.01442	0.52638	0.03322	0.07609	0.02036	0.02377	0.01557	0.01012	0.00792	0.00240	0.00876	0.05306	0.00751	0.01241
42	0.02103	0.01624	0.01915	0.08123	0.02296	0.01775	0.01308	0.31270	0.05508	0.03452	0.04817	0.05157	0.01862	0.04395	0.09505	0.00377	0.03412	0.00802	0.00629	0.09670
43	0.01837	0.23619	0.41124	0.01992	0.02915	0.08265	0.05400	0.02476	0.01679	0.02227	0.01294	0.01526	0.00997	0.00717	0.00674	0.00219	0.01086	0.00538	0.00338	0.01076
44	0.01239	0.01130	0.01981	0.01730	0.01964	0.01123	0.17575	0.01512	0.01550	0.02101	0.03295	0.48030	0.03753	0.01876	0.01101	0.00303	0.06638	0.01740	0.00602	0.00757
45	0.00994	0.00789	0.00893	0.00867	0.01095	0.00688	0.00650	0.01264	0.01951	0.02531	0.33520	0.06743	0.41661	0.01801	0.00916	0.00254	0.00381	0.01536	0.00777	0.00688
46	0.02772	0.02094	0.02187	0.01734	0.02310	0.04856	0.01412	0.48252	0.15719	0.07341	0.02141	0.02079	0.01537	0.00950	0.00775	0.00238	0.00819	0.00729	0.00772	0.01285
47	0.01105	0.00824	0.01032	0.00995	0.01186	0.00774	0.00740	0.01522	0.05304	0.02899	0.51840	0.12221	0.13278	0.01680	0.00916	0.00254	0.00389	0.01478	0.00823	0.00738
48	0.01608	0.01378	0.01608	0.01148	0.01837	0.01034	0.00919	0.01952	0.01608	0.02527	0.01378	0.01608	0.01148	0.00574	0.00574	0.00115	0.00574	0.00459	0.00459	0.77491
49	0.01915	0.01847	0.03156	0.04542	0.61765	0.01852	0.05471	0.02463	0.04666	0.02562	0.01540	0.01971	0.01277	0.00705	0.00776	0.00233	0.00927	0.00710	0.00402	0.01219
50	0.01347	0.00673	0.01010	0.01010	0.01010	0.00673	0.00673	0.01010	0.01010	0.01347	0.01347	0.02357	0.01347	0.02694	0.03030	0.77441	0.00673	0.00673	0.00337	0.00337
51	0.01072	0.00707	0.00945	0.01095	0.01167	0.00655	0.00741	0.01215	0.01521	0.05310	0.04213	0.68757	0.04967	0.02356	0.00979	0.00311	0.00460	0.02133	0.00732	0.00664
52	0.01596	0.01378	0.01666	0.06769	0.02120	0.01089	0.01018	0.01955	0.01603	0.02483	0.01378	0.01645	0.01139	0.00590	0.00590	0.00126	0.00611	0.00478	0.00450	0.71315
53	0.04364	0.00849	0.01082	0.01141	0.01280	0.00843	0.00868	0.01488	0.01593	0.04879	0.11250	0.16750	0.04131	0.20245	0.04929	0.00469	0.00695	0.21818	0.00656	0.00669
54	0.02883	0.04542	0.08226	0.01788	0.04917	0.04954	0.01507	0.28429	0.05579	0.25895	0.02211	0.02112	0.01510	0.00904	0.00761	0.00234	0.00830	0.00703	0.00750	0.01265
55	0.02610	0.13963	0.14313	0.01740	0.02436	0.06841	0.07383	0.05437	0.02026	0.30029	0.04251	0.02161	0.01619	0.00851	0.00736	0.00227	0.00887	0.00692	0.00639	0.01159
56	0.01249	0.00892	0.01249	0.01428	0.01606	0.00892	0.01249	0.01606	0.01785	0.02320	0.04105	0.08746	0.04462	0.02142	0.01071	0.00357	0.00714	0.62695	0.00714	0.00714
57	0.01696	0.01696	0.02375	0.02036	0.02036	0.02375	0.01696	0.01866	0.01187	0.01866	0.01018	0.01696	0.01018	0.01357	0.02545	0.00339	0.71332	0.00679	0.00339	0.00848
58	0.01608	0.01378	0.01608	0.01148	0.01837	0.01034	0.00919	0.01952	0.01608	0.02527	0.01378	0.01608	0.01148	0.00574	0.00574	0.00115	0.00574	0.00459	0.00459	0.77491
59	0.01090	0.00792	0.01027	0.00968	0.01154	0.00729	0.00726	0.01450	0.02178	0.03070	0.65197	0.05856	0.09649	0.01600	0.00915	0.00245	0.00367	0.01411	0.00848	0.00729
60	0.02073	0.73217	0.04063	0.01327	0.01990	0.03068	0.01327	0.02322	0.01575	0.01824	0.01078	0.01244	0.00995	0.00663	0.00498	0.00166	0.00829	0.00415	0.00332	0.00995
61	0.01104	0.00817	0.01190	0.01196	0.01316	0.00934	0.00906	0.01346	0.01241	0.01774	0.02193	0.05670	0.02146	0.13050	0.60074	0.01159	0.01875	0.00911	0.00432	0.00666
62	0.01108	0.00831	0.01246	0.01246	0.01385	0.00969	0.00969	0.01385	0.01246	0.01800	0.02077	0.03046	0.01938	0.05815	0.69678	0.01246	0.02077	0.00831	0.00415	0.00692
63	0.02947	0.02172	0.02327	0.01784	0.02404	0.02404	0.01474	0.65329	0.03646	0.04887	0.01862	0.01862	0.01319	0.00931	0.00776	0.00233	0.00853	0.00698	0.00776	0.01319
64	0.01929	0.01666	0.01753	0.01578	0.02016	0.01929	0.01227	0.04120	0.66513	0.03243	0.03156	0.02893	0.02367	0.01052	0.00789	0.00263	0.00614	0.00877	0.00789	0.01227
65	0.01113	0.00760	0.00902	0.00898	0.00942	0.00751	0.00553	0.01204	0.01364	0.01862	0.15719	0.08063	0.03798	0.52629	0.05768	0.00649	0.00712	0.01219	0.00556	0.00539
66	0.01929	0.01666	0.01753	0.01578	0.02016	0.01929	0.01227	0.04120	0.66513	0.03243	0.03156	0.02893	0.02367	0.01052	0.00789	0.00263	0.00614	0.00877	0.00789	0.01227
67	0.01919	0.01842	0.03147	0.04759	0.67914	0.01842	0.02380	0.02380	0.01765	0.02533	0.01458	0.01919	0.01228	0.00691	0.00768	0.00230	0.00921	0.00691	0.00384	0.01228
