[name]
unknown

[dist]
# distance from previous block
# <min> <max>
34	86

[block]
# block no. 0 follows, 24 sequences, length 14
# corresponding to MSA columns:
# 112-125
name=unknown_A
#
# <colnr> <probs for GDERKNQSTAVLIFYWHMCP>
#	G	D	E	R	K	N	Q	S	T	A	V	L	I	F	Y	W	H	M	C	P
0	0.10624	0.01229	0.03371	0.01175	0.01575	0.01107	0.00945	0.02187	0.08407	0.10452	0.22239	0.10697	0.08930	0.01322	0.00804	0.00240	0.00531	0.01117	0.00732	0.12317
1	0.02308	0.04775	0.01924	0.01442	0.01948	0.04614	0.01154	0.26952	0.02593	0.09163	0.11612	0.02812	0.02414	0.08164	0.01090	0.00268	0.00743	0.00809	0.00696	0.14518
2	0.14629	0.01665	0.01798	0.01415	0.01992	0.01693	0.01150	0.22727	0.07539	0.11593	0.06724	0.02223	0.01844	0.00894	0.00708	0.00215	0.00682	0.00688	0.00698	0.19122
3	0.04917	0.01068	0.01339	0.04445	0.01684	0.01045	0.00969	0.08035	0.01828	0.10215	0.03315	0.40487	0.03548	0.01969	0.03870	0.00321	0.00647	0.01544	0.00704	0.08050
4	0.11252	0.01574	0.01729	0.01421	0.01909	0.01648	0.01144	0.22127	0.10376	0.11795	0.11928	0.03057	0.02596	0.03844	0.00902	0.00261	0.00677	0.03308	0.00752	0.07701
5	0.01432	0.01106	0.01294	0.01182	0.01503	0.01066	0.00933	0.09121	0.06481	0.02964	0.24435	0.08273	0.18006	0.01597	0.00900	0.00259	0.00530	0.09622	0.00764	0.08533
6	0.69854	0.01518	0.01267	0.05067	0.01784	0.01749	0.00951	0.02385	0.01406	0.06465	0.01216	0.01402	0.00922	0.00751	0.00523	0.00246	0.00642	0.00463	0.00506	0.00883
7	0.03014	0.02221	0.02380	0.01825	0.02459	0.02459	0.01507	0.64541	0.03728	0.04998	0.01904	0.01904	0.01349	0.00952	0.00793	0.00238	0.00873	0.00714	0.00793	0.01349
8	0.01653	0.12211	0.60463	0.02153	0.03267	0.01995	0.02744	0.02495	0.01667	0.02435	0.01385	0.01627	0.01006	0.00745	0.00724	0.00241	0.01134	0.00567	0.00335	0.01154
9	0.03238	0.01377	0.01814	0.01395	0.02009	0.01200	0.01144	0.03664	0.05941	0.56222	0.02931	0.02590	0.01897	0.00940	0.00773	0.00232	0.00662	0.00765	0.00911	0.10296
10	0.09201	0.01422	0.02256	0.63235	0.05065	0.01764	0.02067	0.02057	0.01562	0.02181	0.01379	0.02031	0.01037	0.00787	0.00762	0.00262	0.01012	0.00677	0.00366	0.00879
11	0.01852	0.02163	0.07149	0.06570	0.10692	0.01974	0.52372	0.02504	0.01843	0.02520	0.01576	0.02100	0.01193	0.00682	0.00906	0.00263	0.01276	0.00886	0.00395	0.01084
12	0.02955	0.01641	0.02049	0.01619	0.02189	0.01652	0.03852	0.20819	0.11807	0.34220	0.02806	0.06481	0.02015	0.01061	0.00816	0.00252	0.00739	0.00878	0.00865	0.01283
13	0.03235	0.01411	0.01832	0.01424	0.01996	0.01296	0.01168	0.11747	0.02462	0.52695	0.09507	0.02924	0.02448	0.01043	0.00811	0.00245	0.00670	0.00852	0.00945	0.01288

[dist]
# distance from previous block
# <min> <max>
0	2

[block]
# block no. 1 follows, 24 sequences, length 10
# corresponding to MSA columns:
# 128-137
name=unknown_B
#
# <colnr> <probs for GDERKNQSTAVLIFYWHMCP>
#	G	D	E	R	K	N	Q	S	T	A	V	L	I	F	Y	W	H	M	C	P
0	0.02861	0.03291	0.02214	0.01953	0.02390	0.51605	0.01494	0.15243	0.02482	0.02541	0.01415	0.01627	0.01145	0.01157	0.04895	0.00276	0.01362	0.00572	0.00486	0.00992
1	0.01815	0.01989	0.04142	0.03100	0.06913	0.01847	0.52208	0.02430	0.01870	0.02582	0.05221	0.02299	0.01554	0.00717	0.00898	0.00252	0.01199	0.00912	0.00433	0.07620
2	0.01622	0.01400	0.01764	0.04231	0.01971	0.07270	0.08651	0.06359	0.06578	0.04316	0.12388	0.21228	0.09042	0.01652	0.01094	0.06895	0.00727	0.01324	0.00653	0.00835
3	0.02515	0.03275	0.08162	0.02351	0.07984	0.46108	0.07783	0.02851	0.02071	0.02105	0.01561	0.01835	0.03252	0.01033	0.03494	0.00262	0.01352	0.00627	0.00412	0.00967
4	0.01646	0.01424	0.01721	0.07764	0.02229	0.01169	0.01075	0.02108	0.04769	0.02567	0.01498	0.01753	0.01224	0.00631	0.00618	0.00139	0.00634	0.00513	0.00475	0.66043
5	0.05282	0.01172	0.07456	0.01165	0.01462	0.00923	0.01013	0.01652	0.02102	0.03058	0.50949	0.05565	0.06228	0.01547	0.00910	0.00261	0.00497	0.07178	0.00787	0.00793
6	0.01953	0.01901	0.02971	0.08100	0.54238	0.04981	0.02232	0.02403	0.01798	0.02527	0.01466	0.01915	0.01226	0.00705	0.00763	0.00224	0.00937	0.00674	0.00399	0.08586
7	0.01529	0.01396	0.01359	0.01295	0.01480	0.12174	0.00937	0.01879	0.06978	0.01911	0.02170	0.03444	0.02126	0.25765	0.28872	0.00813	0.01397	0.00884	0.00474	0.03116
8	0.08924	0.10321	0.42555	0.02139	0.06622	0.01899	0.04769	0.02427	0.01649	0.02558	0.01370	0.01629	0.01031	0.00722	0.00696	0.00229	0.01023	0.00564	0.00369	0.08503
9	0.02719	0.01998	0.02205	0.05123	0.05909	0.05591	0.01476	0.32848	0.15071	0.13116	0.02236	0.02200	0.01600	0.00941	0.00786	0.00241	0.00831	0.00742	0.00750	0.03618

[dist]
# distance from previous block
# <min> <max>
6	14

[block]
# block no. 2 follows, 24 sequences, length 19
# corresponding to MSA columns:
# 152-170
name=unknown_C
#
# <colnr> <probs for GDERKNQSTAVLIFYWHMCP>
#	G	D	E	R	K	N	Q	S	T	A	V	L	I	F	Y	W	H	M	C	P
0	0.01666	0.13115	0.25680	0.17094	0.06492	0.01924	0.02079	0.02477	0.09367	0.02476	0.08396	0.02321	0.01875	0.00877	0.00752	0.00243	0.00938	0.00719	0.00455	0.01054
1	0.01810	0.09797	0.27736	0.01600	0.02309	0.01505	0.01738	0.02374	0.01938	0.12855	0.22075	0.03119	0.03186	0.01047	0.00786	0.00237	0.00791	0.00863	0.00609	0.03628
2	0.05859	0.09490	0.02269	0.01627	0.02203	0.05696	0.01336	0.28885	0.20329	0.03731	0.02065	0.02051	0.01554	0.00904	0.00728	0.00226	0.00791	0.00686	0.00683	0.08886
3	0.04788	0.31850	0.28956	0.01755	0.02613	0.02403	0.01966	0.09079	0.01885	0.05953	0.01420	0.01573	0.01091	0.00755	0.00650	0.00216	0.00961	0.00538	0.00424	0.01125
4	0.31828	0.13251	0.13916	0.01414	0.02057	0.01997	0.01390	0.12272	0.01882	0.03183	0.02023	0.02126	0.07970	0.00899	0.00637	0.00236	0.00771	0.00634	0.00513	0.01000
5	0.12948	0.01946	0.02053	0.01639	0.02217	0.02149	0.01339	0.38915	0.14829	0.10683	0.02164	0.02096	0.01543	0.00949	0.00755	0.00245	0.00772	0.00718	0.00774	0.01265
6	0.69715	0.01607	0.01296	0.01127	0.01633	0.01852	0.00928	0.09006	0.01605	0.03712	0.01190	0.01354	0.00911	0.00759	0.00523	0.00245	0.00641	0.00460	0.00523	0.00911
7	0.01377	0.00689	0.01033	0.01033	0.01033	0.00689	0.00689	0.01033	0.01033	0.01377	0.01377	0.02410	0.01377	0.02755	0.03099	0.76928	0.00689	0.00689	0.00344	0.00344
8	0.03450	0.01790	0.01914	0.01525	0.02102	0.13455	0.01232	0.03738	0.02266	0.55805	0.02783	0.02469	0.01792	0.00952	0.00783	0.00238	0.00812	0.00745	0.00878	0.01272
9	0.00975	0.00697	0.00928	0.01098	0.01152	0.00650	0.00737	0.01126	0.01559	0.02089	0.07879	0.67920	0.05371	0.02436	0.01008	0.00318	0.00455	0.02208	0.00744	0.00650
10	0.03014	0.02221	0.02380	0.01825	0.02459	0.02459	0.01507	0.64541	0.03728	0.04998	0.01904	0.01904	0.01349	0.00952	0.00793	0.00238	0.00873	0.00714	0.00793	0.01349
11	0.02470	0.45061	0.03460	0.01540	0.02201	0.02872	0.01416	0.26704	0.02440	0.03091	0.01416	0.01519	0.01147	0.00785	0.00620	0.00196	0.00858	0.00537	0.00517	0.01147
12	0.03014	0.02221	0.02380	0.01825	0.02459	0.02459	0.01507	0.64541	0.03728	0.04998	0.01904	0.01904	0.01349	0.00952	0.00793	0.00238	0.00873	0.00714	0.00793	0.01349
13	0.02147	0.66162	0.06584	0.01417	0.02113	0.03050	0.01427	0.05684	0.01726	0.02058	0.01158	0.01322	0.01035	0.00696	0.00534	0.00176	0.00862	0.00446	0.00363	0.01041
14	0.05055	0.49446	0.22918	0.01611	0.02428	0.02699	0.01802	0.02413	0.01619	0.02126	0.01197	0.01392	0.01007	0.00703	0.00580	0.00197	0.00934	0.00472	0.00344	0.01057
15	0.07080	0.51662	0.19027	0.01549	0.02331	0.02740	0.01695	0.02404	0.01609	0.02132	0.01178	0.01368	0.01004	0.00700	0.00565	0.00194	0.00909	0.00463	0.00348	0.01043
16	0.02167	0.50333	0.03444	0.01430	0.02013	0.02740	0.01334	0.06725	0.07578	0.04907	0.01501	0.01640	0.01258	0.00804	0.00705	0.00199	0.05352	0.00535	0.04286	0.01051
17	0.21472	0.21857	0.05675	0.01452	0.03910	0.05021	0.01252	0.05958	0.01803	0.10119	0.04314	0.04130	0.01539	0.00846	0.00625	0.00213	0.00759	0.00613	0.00528	0.07914
18	0.02724	0.20498	0.05140	0.01611	0.02164	0.15662	0.01399	0.07131	0.02100	0.23357	0.04803	0.02061	0.01637	0.00913	0.00826	0.00224	0.05375	0.00650	0.00615	0.01111

[dist]
# distance from previous block
# <min> <max>
14	26

[block]
# block no. 3 follows, 24 sequences, length 10
# corresponding to MSA columns:
# 199-208
name=unknown_D
#
# <colnr> <probs for GDERKNQSTAVLIFYWHMCP>
#	G	D	E	R	K	N	Q	S	T	A	V	L	I	F	Y	W	H	M	C	P
0	0.02203	0.01862	0.02843	0.06417	0.44915	0.01915	0.02090	0.15618	0.02247	0.06157	0.04708	0.02176	0.01593	0.00818	0.00795	0.00238	0.00893	0.00746	0.00526	0.01242
1	0.01942	0.01465	0.01878	0.01920	0.12772	0.01462	0.01281	0.15448	0.07449	0.07289	0.25338	0.03463	0.03645	0.01120	0.00820	0.00230	0.00639	0.00963	0.00728	0.10148
2	0.01590	0.02825	0.40559	0.01928	0.05313	0.01465	0.02128	0.02285	0.01893	0.06941	0.21518	0.03052	0.03058	0.01032	0.00813	0.00250	0.00886	0.00864	0.00544	0.01057
3	0.02086	0.12961	0.13102	0.09953	0.04530	0.10143	0.01685	0.13458	0.02085	0.02736	0.01515	0.03600	0.01236	0.00801	0.00697	0.00206	0.00938	0.00614	0.00470	0.17186
4	0.01842	0.03460	0.50444	0.04614	0.08354	0.01823	0.02610	0.05373	0.04119	0.07575	0.01643	0.01845	0.01165	0.00789	0.00764	0.00250	0.01080	0.00632	0.00426	0.01193
5	0.01596	0.01462	0.02379	0.65788	0.05267	0.01807	0.02157	0.06082	0.01725	0.02219	0.01442	0.02101	0.01076	0.00803	0.00793	0.00263	0.01045	0.00705	0.00381	0.00911
6	0.01534	0.01282	0.01520	0.01137	0.01732	0.00992	0.00899	0.01891	0.01772	0.02710	0.15276	0.02552	0.02513	0.00807	0.00661	0.00145	0.00542	0.00674	0.00555	0.60805
7	0.01806	0.01420	0.01667	0.01214	0.01899	0.01111	0.00972	0.02249	0.04891	0.07550	0.01630	0.01790	0.01296	0.00641	0.00614	0.00135	0.00596	0.00516	0.00525	0.67477
8	0.02580	0.01896	0.02070	0.01672	0.02181	0.02074	0.01344	0.51081	0.03259	0.04367	0.02427	0.16694	0.02175	0.01277	0.00840	0.00256	0.00785	0.01041	0.00781	0.01199
9	0.02050	0.01397	0.01686	0.01225	0.01910	0.01080	0.00988	0.02393	0.01777	0.16407	0.01774	0.01868	0.01342	0.00671	0.00632	0.00145	0.00606	0.00539	0.00578	0.60933

[dist]
# distance from previous block
# <min> <max>
0	1

[block]
# block no. 4 follows, 24 sequences, length 14
# corresponding to MSA columns:
# 210-223
name=unknown_E
#
# <colnr> <probs for GDERKNQSTAVLIFYWHMCP>
#	G	D	E	R	K	N	Q	S	T	A	V	L	I	F	Y	W	H	M	C	P
0	0.52100	0.01648	0.01578	0.11348	0.02289	0.01908	0.01181	0.14312	0.01844	0.03611	0.01304	0.01528	0.00983	0.00786	0.00594	0.00247	0.00729	0.00525	0.00529	0.00957
1	0.01793	0.04981	0.11995	0.45140	0.04411	0.01784	0.02096	0.02459	0.05986	0.09280	0.01706	0.02132	0.01237	0.00821	0.00776	0.00256	0.00994	0.00698	0.00448	0.01006
2	0.01775	0.02041	0.14592	0.01667	0.02200	0.04334	0.03409	0.12061	0.07618	0.02868	0.06629	0.16322	0.02516	0.01244	0.00940	0.00251	0.05749	0.01028	0.00593	0.12163
3	0.01377	0.11490	0.01769	0.01267	0.01596	0.01319	0.01035	0.01669	0.01395	0.01988	0.01836	0.02560	0.01685	0.04138	0.45715	0.00889	0.01640	0.00714	0.00421	0.15497
4	0.01221	0.01478	0.14177	0.01465	0.01806	0.01156	0.01366	0.01628	0.01352	0.01970	0.01989	0.02837	0.01793	0.04943	0.55799	0.01077	0.01940	0.00799	0.00407	0.00798
5	0.01388	0.01226	0.01781	0.02371	0.25362	0.01173	0.01331	0.01790	0.03956	0.02569	0.18288	0.07091	0.25683	0.01431	0.00879	0.00254	0.00603	0.01260	0.00643	0.00920
6	0.01926	0.47500	0.27564	0.01688	0.02547	0.02663	0.01933	0.02425	0.01634	0.02102	0.01220	0.01419	0.01013	0.00706	0.00598	0.00199	0.00967	0.00483	0.00338	0.01074
7	0.01590	0.04102	0.68023	0.02260	0.03432	0.01842	0.02930	0.02511	0.01674	0.02511	0.01423	0.01674	0.01005	0.00753	0.00753	0.00251	0.01172	0.00586	0.00335	0.01172
8	0.01815	0.01533	0.01759	0.03770	0.02090	0.01374	0.01092	0.07552	0.14205	0.02904	0.01801	0.01936	0.01425	0.00719	0.00654	0.00162	0.00635	0.00581	0.00557	0.53436
9	0.01956	0.14416	0.24826	0.01711	0.02428	0.01762	0.03489	0.07689	0.01893	0.11268	0.02212	0.15294	0.01998	0.01113	0.00768	0.00243	0.00864	0.00924	0.00547	0.04597
10	0.02042	0.62553	0.13529	0.01489	0.02240	0.02947	0.01588	0.02395	0.01620	0.01960	0.01150	0.01331	0.01016	0.00689	0.00545	0.00182	0.00896	0.00448	0.00339	0.01040
11	0.01309	0.00956	0.01076	0.01038	0.01143	0.01010	0.00672	0.01780	0.13719	0.02005	0.06918	0.04711	0.03059	0.50612	0.06218	0.00661	0.00778	0.01108	0.00567	0.00659
12	0.01194	0.00765	0.00958	0.00958	0.00978	0.00786	0.00596	0.01169	0.01148	0.01551	0.02227	0.04348	0.02460	0.49006	0.13388	0.15565	0.00952	0.01019	0.00446	0.00488
13	0.01728	0.21924	0.51408	0.02025	0.03069	0.02179	0.02521	0.02476	0.01658	0.02343	0.01340	0.01570	0.01008	0.00734	0.00690	0.00230	0.01088	0.00544	0.00336	0.01132

[dist]
# distance from previous block
# <min> <max>
0	2

[block]
# block no. 5 follows, 24 sequences, length 80
# corresponding to MSA columns:
# 226-305
name=unknown_F
#
# <colnr> <probs for GDERKNQSTAVLIFYWHMCP>
#	G	D	E	R	K	N	Q	S	T	A	V	L	I	F	Y	W	H	M	C	P
0	0.01100	0.00829	0.00991	0.01027	0.01175	0.00792	0.00719	0.01450	0.06572	0.02367	0.20169	0.29123	0.17235	0.11133	0.01356	0.00348	0.00480	0.01693	0.00742	0.00700
1	0.01675	0.01502	0.01574	0.01280	0.01805	0.07332	0.00993	0.04421	0.01767	0.02504	0.02104	0.15412	0.02099	0.01059	0.00711	0.00181	0.00659	0.03527	0.00540	0.48855
2	0.01718	0.01445	0.05363	0.09500	0.02328	0.01261	0.06948	0.04749	0.04252	0.05332	0.02038	0.04851	0.01641	0.00846	0.00684	0.00199	0.00693	0.00731	0.22411	0.23013
3	0.11044	0.01177	0.04805	0.01271	0.01541	0.01072	0.01023	0.04886	0.04575	0.06452	0.08009	0.36146	0.04028	0.01846	0.00904	0.00297	0.00585	0.08807	0.00713	0.00821
4	0.02681	0.19447	0.02713	0.01943	0.04684	0.41481	0.01507	0.08655	0.05660	0.02303	0.01378	0.01539	0.01135	0.00807	0.00682	0.00204	0.01182	0.00537	0.00449	0.01012
5	0.06479	0.54994	0.16490	0.01515	0.02279	0.02804	0.01636	0.02399	0.01608	0.02092	0.01165	0.01352	0.01006	0.00697	0.00556	0.00190	0.00898	0.00456	0.00347	0.01038
6	0.01748	0.01376	0.01536	0.01389	0.01810	0.01431	0.01106	0.03009	0.33448	0.06687	0.03920	0.04456	0.13077	0.01331	0.00844	0.00263	0.00604	0.10332	0.00750	0.10884
7	0.01138	0.00830	0.01176	0.01176	0.01284	0.00938	0.00869	0.01353	0.01245	0.01768	0.02214	0.03613	0.02199	0.21832	0.53400	0.01153	0.01799	0.00922	0.00438	0.00653
8	0.04950	0.01353	0.02173	0.60703	0.04866	0.01669	0.01990	0.02023	0.01582	0.02181	0.01504	0.02154	0.01138	0.00802	0.00757	0.00256	0.00974	0.00695	0.07362	0.00867
9	0.01153	0.00769	0.00865	0.00865	0.00865	0.00769	0.00480	0.01153	0.01153	0.01538	0.02499	0.05189	0.02883	0.72131	0.04036	0.00769	0.00769	0.01153	0.00480	0.00480
10	0.01156	0.00884	0.01319	0.01306	0.01442	0.01047	0.01020	0.01435	0.01272	0.01843	0.02082	0.03062	0.01946	0.05772	0.66432	0.01239	0.04764	0.00844	0.00422	0.00714
11	0.00966	0.00690	0.00920	0.01104	0.01150	0.00644	0.00736	0.01104	0.01518	0.02024	0.04371	0.71614	0.05245	0.02484	0.01012	0.00322	0.00460	0.02254	0.00736	0.00644
12	0.02833	0.03509	0.02188	0.01987	0.02401	0.60212	0.01496	0.03303	0.10531	0.02120	0.01487	0.01629	0.01204	0.00851	0.00727	0.00213	0.01325	0.00561	0.00461	0.00963
13	0.01935	0.01856	0.03169	0.08725	0.63542	0.01877	0.02420	0.02410	0.01793	0.02557	0.01487	0.01972	0.01244	0.00712	0.00786	0.00237	0.00949	0.00706	0.00390	0.01234
14	0.01122	0.00811	0.01060	0.00998	0.01185	0.00748	0.00748	0.01496	0.02245	0.03180	0.66766	0.05923	0.07482	0.01621	0.00935	0.00249	0.00374	0.01434	0.00873	0.00748
15	0.02020	0.01702	0.01806	0.01599	0.02050	0.01950	0.01250	0.09484	0.56742	0.03461	0.06551	0.03025	0.02599	0.01094	0.00813	0.00265	0.00636	0.00909	0.00809	0.01236
16	0.77733	0.01534	0.01166	0.01043	0.01534	0.01779	0.00859	0.02331	0.01350	0.03558	0.01104	0.01288	0.00859	0.00736	0.00491	0.00245	0.00613	0.00429	0.00491	0.00859
17	0.00965	0.00732	0.00890	0.01004	0.01127	0.00657	0.00695	0.01134	0.01645	0.02119	0.08630	0.48189	0.24766	0.02291	0.00985	0.00301	0.00437	0.02031	0.00743	0.00657
18	0.01925	0.40069	0.26213	0.01682	0.02526	0.04896	0.01878	0.02419	0.01659	0.02156	0.01245	0.01450	0.01027	0.00702	0.00609	0.00195	0.00960	0.00488	0.00351	0.07551
19	0.01732	0.01766	0.05768	0.34853	0.35866	0.01826	0.02350	0.02249	0.01698	0.02327	0.01451	0.02019	0.01153	0.00748	0.00787	0.00249	0.01005	0.00700	0.00371	0.01079
20	0.01927	0.01966	0.06150	0.07419	0.61745	0.01877	0.02447	0.02421	0.01791	0.02564	0.01485	0.01956	0.01236	0.00712	0.00784	0.00237	0.00957	0.00701	0.00388	0.01237
21	0.01136	0.00835	0.01202	0.01202	0.01319	0.00952	0.00901	0.01370	0.01253	0.01788	0.02190	0.03480	0.02141	0.17574	0.57578	0.01186	0.01886	0.00903	0.00435	0.00668
22	0.02962	0.03779	0.02247	0.02043	0.02451	0.68948	0.01532	0.03166	0.02247	0.01941	0.01226	0.01430	0.01021	0.00817	0.00715	0.00204	0.01430	0.00511	0.00409	0.00919
23	0.02277	0.01883	0.01937	0.01645	0.02128	0.05053	0.01303	0.23497	0.36905	0.03788	0.08548	0.02820	0.02475	0.01074	0.00810	0.00254	0.00720	0.00869	0.00790	0.01224
24	0.77733	0.01534	0.01166	0.01043	0.01534	0.01779	0.00859	0.02331	0.01350	0.03558	0.01104	0.01288	0.00859	0.00736	0.00491	0.00245	0.00613	0.00429	0.00491	0.00859
25	0.03558	0.01350	0.01840	0.01411	0.02024	0.01166	0.01166	0.03865	0.02270	0.67734	0.03128	0.02699	0.01963	0.00981	0.00797	0.00245	0.00675	0.00797	0.00981	0.01350
26	0.00975	0.00697	0.00928	0.01098	0.01152	0.00650	0.00737	0.01125	0.01558	0.02087	0.07751	0.68055	0.05366	0.02438	0.01008	0.00318	0.00455	0.02210	0.00744	0.00650
27	0.01848	0.01923	0.02412	0.02078	0.02116	0.08544	0.01716	0.02024	0.01309	0.01911	0.01058	0.01707	0.01039	0.01335	0.02429	0.00334	0.64314	0.00677	0.00353	0.00872
28	0.00937	0.00803	0.00803	0.00803	0.01071	0.00669	0.00602	0.01138	0.01807	0.02142	0.08033	0.07632	0.66863	0.02008	0.00937	0.00268	0.00402	0.01674	0.00736	0.00669
29	0.01677	0.01593	0.02703	0.44948	0.29334	0.01809	0.02292	0.02184	0.01671	0.02244	0.01441	0.02056	0.01134	0.00759	0.00790	0.00253	0.01013	0.00705	0.00368	0.01026
30	0.01935	0.48699	0.26446	0.01672	0.02523	0.02685	0.01906	0.02422	0.01633	0.02091	0.01214	0.01412	0.01013	0.00705	0.00594	0.00198	0.00961	0.00481	0.00338	0.01071
31	0.00946	0.00798	0.00819	0.00825	0.01079	0.00671	0.00614	0.01151	0.01811	0.02178	0.10172	0.10492	0.61711	0.02015	0.00941	0.00270	0.00403	0.01691	0.00742	0.00671
32	0.00966	0.00690	0.00920	0.01104	0.01150	0.00644	0.00736	0.01104	0.01518	0.02024	0.04371	0.71614	0.05245	0.02484	0.01012	0.00322	0.00460	0.02254	0.00736	0.00644
33	0.03014	0.02221	0.02380	0.01825	0.02459	0.02459	0.01507	0.64541	0.03728	0.04998	0.01904	0.01904	0.01349	0.00952	0.00793	0.00238	0.00873	0.00714	0.00793	0.01349
34	0.01644	0.01409	0.01644	0.01175	0.01879	0.01057	0.00940	0.01997	0.01644	0.02584	0.01409	0.01644	0.01175	0.00587	0.00587	0.00117	0.00587	0.00470	0.00470	0.76979
35	0.01053	0.00752	0.01019	0.01203	0.01287	0.00719	0.00886	0.01254	0.01603	0.02121	0.04323	0.54239	0.05056	0.02403	0.01035	0.00334	0.00535	0.18777	0.00734	0.00668
36	0.01142	0.00764	0.00868	0.00879	0.00882	0.00761	0.00496	0.01150	0.01175	0.01566	0.02609	0.09110	0.03022	0.68021	0.03858	0.00742	0.00751	0.01218	0.00496	0.00490
37	0.77733	0.01534	0.01166	0.01043	0.01534	0.01779	0.00859	0.02331	0.01350	0.03558	0.01104	0.01288	0.00859	0.00736	0.00491	0.00245	0.00613	0.00429	0.00491	0.00859
38	0.01972	0.01703	0.01793	0.01614	0.02062	0.01972	0.01255	0.04214	0.65752	0.03317	0.03228	0.02959	0.02421	0.01076	0.00807	0.00269	0.00628	0.00897	0.00807	0.01255
39	0.00966	0.00690	0.00920	0.01104	0.01150	0.00644	0.00736	0.01104	0.01518	0.02024	0.04371	0.71614	0.05245	0.02484	0.01012	0.00322	0.00460	0.02254	0.00736	0.00644
40	0.01963	0.01884	0.03219	0.04867	0.67185	0.01884	0.02434	0.02434	0.01806	0.02591	0.01492	0.01963	0.01256	0.00707	0.00785	0.00236	0.00942	0.00707	0.00393	0.01256
41	0.01667	0.03995	0.65460	0.02227	0.03378	0.01815	0.02862	0.02564	0.01697	0.05037	0.01489	0.01714	0.01042	0.00762	0.00755	0.00251	0.01153	0.00594	0.00360	0.01179
42	0.03014	0.02221	0.02380	0.01825	0.02459	0.02459	0.01507	0.64541	0.03728	0.04998	0.01904	0.01904	0.01349	0.00952	0.00793	0.00238	0.00873	0.00714	0.00793	0.01349
43	0.01297	0.00849	0.01116	0.01027	0.01245	0.00778	0.00778	0.01667	0.02246	0.07819	0.62194	0.05692	0.07086	0.01575	0.00925	0.00249	0.00396	0.01388	0.00881	0.00791
44	0.01872	0.02139	0.04679	0.03342	0.04144	0.02005	0.64305	0.02540	0.01872	0.02540	0.01604	0.02139	0.01203	0.00668	0.00936	0.00267	0.01337	0.00936	0.00401	0.01070
45	0.01153	0.00769	0.00865	0.00865	0.00865	0.00769	0.00480	0.01153	0.01153	0.01538	0.02499	0.05189	0.02883	0.72131	0.04036	0.00769	0.00769	0.01153	0.00480	0.00480
46	0.02962	0.03779	0.02247	0.02043	0.02451	0.68948	0.01532	0.03166	0.02247	0.01941	0.01226	0.01430	0.01021	0.00817	0.00715	0.00204	0.01430	0.00511	0.00409	0.00919
47	0.01133	0.00850	0.01274	0.01274	0.01416	0.00991	0.00991	0.01416	0.01274	0.01841	0.02124	0.03115	0.01982	0.05947	0.68989	0.01274	0.02124	0.00850	0.00425	0.00708
48	0.01478	0.00739	0.00739	0.00739	0.00924	0.00739	0.00554	0.01848	0.01663	0.02956	0.02587	0.02956	0.02033	0.00924	0.00554	0.00185	0.00370	0.00739	0.76534	0.00739
49	0.01150	0.00773	0.00883	0.00877	0.00894	0.00767	0.00505	0.01185	0.01254	0.01689	0.08407	0.05257	0.03306	0.65649	0.03751	0.00721	0.00733	0.01179	0.00517	0.00505
50	0.02120	0.72609	0.04155	0.01357	0.02035	0.03138	0.01357	0.02374	0.01611	0.01866	0.01102	0.01272	0.01018	0.00678	0.00509	0.00170	0.00848	0.00424	0.00339	0.01018
51	0.00964	0.00800	0.00843	0.00842	0.01090	0.00679	0.00628	0.01186	0.01856	0.02280	0.15950	0.09910	0.56293	0.01974	0.00940	0.00267	0.00400	0.01664	0.00755	0.00679
52	0.06375	0.01467	0.01823	0.01395	0.01980	0.01350	0.01143	0.06530	0.01992	0.31772	0.02156	0.02121	0.01508	0.00866	0.00874	0.00209	0.07088	0.00649	0.00707	0.27996
53	0.01377	0.00689	0.01033	0.01033	0.01033	0.00689	0.00689	0.01033	0.01033	0.01377	0.01377	0.02410	0.01377	0.02755	0.03099	0.76928	0.00689	0.00689	0.00344	0.00344
54	0.01249	0.00892	0.01245	0.01428	0.01598	0.00888	0.01228	0.01593	0.01797	0.02341	0.04214	0.14706	0.04626	0.02218	0.01088	0.00361	0.00705	0.56369	0.00731	0.00722
55	0.01116	0.00806	0.01054	0.01002	0.01183	0.00744	0.00748	0.01480	0.02215	0.03133	0.64217	0.08608	0.07391	0.01656	0.00938	0.00252	0.00378	0.01468	0.00867	0.00744
56	0.01876	0.04992	0.14688	0.03802	0.33604	0.01963	0.22454	0.02479	0.01797	0.02534	0.01502	0.01945	0.01188	0.00701	0.00818	0.00246	0.01105	0.00750	0.00384	0.01173
57	0.01872	0.02139	0.04679	0.03342	0.04144	0.02005	0.64305	0.02540	0.01872	0.02540	0.01604	0.02139	0.01203	0.00668	0.00936	0.00267	0.01337	0.00936	0.00401	0.01070
58	0.01136	0.00838	0.01213	0.01213	0.01334	0.00958	0.00915	0.01377	0.01256	0.01796	0.02180	0.03424	0.02116	0.15799	0.59320	0.01199	0.01922	0.00895	0.00433	0.00674
59	0.01644	0.01409	0.01644	0.01175	0.01879	0.01057	0.00940	0.01997	0.01644	0.02584	0.01409	0.01644	0.01175	0.00587	0.00587	0.00117	0.00587	0.00470	0.00470	0.76979
60	0.01939	0.01702	0.04437	0.01518	0.05018	0.01414	0.01201	0.14927	0.02082	0.03079	0.01516	0.01713	0.01208	0.00674	0.00645	0.00153	0.00685	0.00535	0.00528	0.55025
61	0.01609	0.06554	0.65736	0.02228	0.03382	0.01888	0.02874	0.02506	0.01672	0.02488	0.01412	0.01660	0.01005	0.00751	0.00745	0.00248	0.01160	0.00580	0.00335	0.01166
62	0.01153	0.00769	0.00865	0.00865	0.00865	0.00769	0.00480	0.01153	0.01153	0.01538	0.02499	0.05189	0.02883	0.72131	0.04036	0.00769	0.00769	0.01153	0.00480	0.00480
63	0.01580	0.01453	0.02379	0.66519	0.05299	0.01800	0.02165	0.05413	0.01702	0.02187	0.01436	0.02103	0.01073	0.00801	0.00793	0.00263	0.01047	0.00705	0.00376	0.00906
64	0.02064	0.55440	0.03612	0.03860	0.02135	0.08309	0.01380	0.02324	0.01619	0.01877	0.01215	0.01500	0.01109	0.01202	0.06901	0.00283	0.03356	0.00489	0.00354	0.00971
65	0.01772	0.01634	0.02437	0.27347	0.26619	0.04332	0.01968	0.02393	0.07585	0.02447	0.01720	0.02193	0.01363	0.00825	0.00827	0.00246	0.03440	0.00719	0.09098	0.01035
66	0.01644	0.01409	0.01644	0.01175	0.01879	0.01057	0.00940	0.01997	0.01644	0.02584	0.01409	0.01644	0.01175	0.00587	0.00587	0.00117	0.00587	0.00470	0.00470	0.76979
67	0.01115	0.00805	0.01053	0.01003	0.01183	0.00743	0.00748	0.01477	0.02209	0.03122	0.63660	0.09193	0.07371	0.01664	0.00939	0.00253	0.00378	0.01475	0.00866	0.00743
68	0.01136	0.00861	0.01070	0.01180	0.01318	0.00853	0.00853	0.01589	0.09997	0.02292	0.07246	0.47732	0.09914	0.02192	0.00985	0.00312	0.00503	0.08477	0.00751	0.00740
69	0.00940	0.00794	0.00813	0.00829	0.01078	0.00667	0.00614	0.01135	0.01783	0.02132	0.07721	0.13092	0.61604	0.02049	0.00944	0.00272	0.00407	0.01723	0.00736	0.00667
70	0.01114	0.00810	0.01048	0.00989	0.01179	0.00745	0.00742	0.01480	0.02225	0.03132	0.64079	0.06002	0.10200	0.01639	0.00935	0.00250	0.00375	0.01445	0.00867	0.00745
71	0.01735	0.01735	0.02429	0.02082	0.02082	0.02429	0.01735	0.01908	0.01214	0.01908	0.01041	0.01735	0.01041	0.01388	0.02602	0.00347	0.70680	0.00694	0.00347	0.00867
72	0.77733	0.01534	0.01166	0.01043	0.01534	0.01779	0.00859	0.02331	0.01350	0.03558	0.01104	0.01288	0.00859	0.00736	0.00491	0.00245	0.00613	0.00429	0.00491	0.00859
73	0.01898	0.43907	0.30913	0.01735	0.02620	0.02595	0.02016	0.02432	0.01638	0.02136	0.01237	0.01441	0.01012	0.00710	0.00611	0.00204	0.00984	0.00492	0.00337	0.01082
74	0.01963	0.01884	0.03219	0.04867	0.67185	0.01884	0.02434	0.02434	0.01806	0.02591	0.01492	0.01963	0.01256	0.00707	0.00785	0.00236	0.00942	0.00707	0.00393	0.01256
75	0.01498	0.01409	0.02378	0.70226	0.05462	0.01762	0.02202	0.02026	0.01586	0.02026	0.01409	0.02114	0.01057	0.00793	0.00793	0.00264	0.01057	0.00705	0.00352	0.00881
76	0.08590	0.03866	0.61876	0.02148	0.03258	0.01836	0.02739	0.02495	0.01644	0.02608	0.01394	0.01639	0.00991	0.00752	0.00729	0.00251	0.01121	0.00572	0.00349	0.01143
77	0.03308	0.01736	0.02066	0.01641	0.02205	0.01679	0.01300	0.23530	0.02752	0.38809	0.02831	0.02945	0.02033	0.07657	0.01187	0.00333	0.00823	0.00868	0.00931	0.01367
78	0.02173	0.02018	0.03304	0.04879	0.64821	0.01983	0.02471	0.02561	0.01932	0.02777	0.01715	0.02268	0.01470	0.00862	0.00879	0.00277	0.01007	0.00775	0.00472	0.01357
79	0.03652	0.01728	0.02016	0.01614	0.02209	0.07524	0.01285	0.03873	0.02376	0.59363	0.03114	0.02859	0.02063	0.01111	0.00883	0.00283	0.00819	0.00836	0.00986	0.01407

[dist]
# distance from previous block
# <min> <max>
0	1

[block]
# block no. 6 follows, 24 sequences, length 74
# corresponding to MSA columns:
# 307-380
name=unknown_G
#
# <colnr> <probs for GDERKNQSTAVLIFYWHMCP>
#	G	D	E	R	K	N	Q	S	T	A	V	L	I	F	Y	W	H	M	C	P
0	0.01679	0.01499	0.02393	0.64846	0.05251	0.01795	0.02159	0.02132	0.01697	0.02237	0.01648	0.02395	0.01281	0.00921	0.00856	0.00293	0.01072	0.00761	0.04119	0.00966
1	0.01165	0.00834	0.01059	0.01229	0.01293	0.00761	0.00818	0.01247	0.01628	0.02190	0.04461	0.69714	0.05293	0.02554	0.01080	0.00353	0.00527	0.02262	0.00789	0.00744
2	0.01275	0.01034	0.01408	0.01321	0.01559	0.00921	0.06812	0.01478	0.01910	0.02524	0.18661	0.28248	0.25516	0.02042	0.01032	0.00314	0.00573	0.01772	0.00787	0.00814
3	0.01836	0.02192	0.07622	0.07217	0.04187	0.01983	0.57676	0.02509	0.01845	0.02509	0.01584	0.02115	0.01185	0.00680	0.00919	0.00266	0.01312	0.00905	0.00395	0.01063
4	0.01860	0.06463	0.10662	0.03123	0.03953	0.02056	0.54782	0.02528	0.01838	0.02498	0.01558	0.02044	0.01173	0.00677	0.00893	0.00260	0.01293	0.00873	0.00391	0.01076
5	0.08765	0.01362	0.01793	0.01385	0.01990	0.01209	0.01144	0.03757	0.02205	0.63229	0.02986	0.02600	0.01885	0.00964	0.00776	0.00245	0.00670	0.00772	0.00947	0.01315
6	0.01874	0.08744	0.04309	0.03266	0.11806	0.02048	0.48212	0.02459	0.01826	0.02464	0.01642	0.04542	0.01338	0.00740	0.00879	0.00256	0.01209	0.00906	0.00406	0.01073
7	0.05064	0.01409	0.01643	0.01191	0.01878	0.01098	0.00958	0.02188	0.01691	0.08810	0.01560	0.01729	0.01236	0.00631	0.00603	0.00135	0.00597	0.00499	0.00519	0.66560
8	0.01141	0.00817	0.01112	0.01112	0.01197	0.00903	0.00788	0.01311	0.01226	0.01720	0.02273	0.03940	0.02341	0.32270	0.43156	0.01073	0.01585	0.00970	0.00447	0.00618
9	0.05561	0.08344	0.02021	0.01342	0.02006	0.01607	0.01110	0.14586	0.04666	0.05881	0.01612	0.01743	0.01264	0.00712	0.00634	0.00164	0.00675	0.00543	0.00558	0.44970
10	0.01741	0.01753	0.02530	0.02138	0.02174	0.02410	0.04543	0.01937	0.01244	0.01937	0.01066	0.01753	0.01048	0.01356	0.02528	0.00343	0.67568	0.00705	0.00349	0.00877
11	0.01054	0.00808	0.00965	0.00926	0.01143	0.00719	0.00694	0.01364	0.02083	0.02796	0.45057	0.06555	0.29431	0.01764	0.00936	0.00256	0.00384	0.01523	0.00822	0.00719
12	0.01706	0.01584	0.02533	0.48087	0.08297	0.01933	0.04733	0.07509	0.01746	0.02324	0.01414	0.02035	0.01098	0.00879	0.01050	0.00272	0.10740	0.00714	0.00395	0.00950
13	0.01124	0.00757	0.00873	0.00902	0.00909	0.00750	0.00520	0.01146	0.01209	0.01612	0.02786	0.15395	0.03246	0.61430	0.03572	0.00700	0.00721	0.01322	0.00520	0.00506
14	0.01478	0.00739	0.00739	0.00739	0.00924	0.00739	0.00554	0.01848	0.01663	0.02956	0.02587	0.02956	0.02033	0.00924	0.00554	0.00185	0.00370	0.00739	0.76534	0.00739
15	0.01872	0.02139	0.04679	0.03342	0.04144	0.02005	0.64305	0.02540	0.01872	0.02540	0.01604	0.02139	0.01203	0.00668	0.00936	0.00267	0.01337	0.00936	0.00401	0.01070
16	0.03558	0.01350	0.01840	0.01411	0.02024	0.01166	0.01166	0.03865	0.02270	0.67734	0.03128	0.02699	0.01963	0.00981	0.00797	0.00245	0.00675	0.00797	0.00981	0.01350
17	0.01963	0.01884	0.03219	0.04867	0.67185	0.01884	0.02434	0.02434	0.01806	0.02591	0.01492	0.01963	0.01256	0.00707	0.00785	0.00236	0.00942	0.00707	0.00393	0.01256
18	0.00966	0.00690	0.00920	0.01104	0.01150	0.00644	0.00736	0.01104	0.01518	0.02024	0.04371	0.71614	0.05245	0.02484	0.01012	0.00322	0.00460	0.02254	0.00736	0.00644
19	0.02120	0.72609	0.04155	0.01357	0.02035	0.03138	0.01357	0.02374	0.01611	0.01866	0.01102	0.01272	0.01018	0.00678	0.00509	0.00170	0.00848	0.00424	0.00339	0.01018
20	0.00937	0.00803	0.00803	0.00803	0.01071	0.00669	0.00602	0.01138	0.01807	0.02142	0.08033	0.07632	0.66863	0.02008	0.00937	0.00268	0.00402	0.01674	0.00736	0.00669
21	0.03558	0.01350	0.01840	0.01411	0.02024	0.01166	0.01166	0.03865	0.02270	0.67734	0.03128	0.02699	0.01963	0.00981	0.00797	0.00245	0.00675	0.00797	0.00981	0.01350
22	0.01153	0.00769	0.00865	0.00865	0.00865	0.00769	0.00480	0.01153	0.01153	0.01538	0.02499	0.05189	0.02883	0.72131	0.04036	0.00769	0.00769	0.01153	0.00480	0.00480
23	0.77733	0.01534	0.01166	0.01043	0.01534	0.01779	0.00859	0.02331	0.01350	0.03558	0.01104	0.01288	0.00859	0.00736	0.00491	0.00245	0.00613	0.00429	0.00491	0.00859
24	0.01972	0.01703	0.01793	0.01614	0.02062	0.01972	0.01255	0.04214	0.65752	0.03317	0.03228	0.02959	0.02421	0.01076	0.00807	0.00269	0.00628	0.00897	0.00807	0.01255
25	0.01735	0.01735	0.02429	0.02082	0.02082	0.02429	0.01735	0.01908	0.01214	0.01908	0.01041	0.01735	0.01041	0.01388	0.02602	0.00347	0.70680	0.00694	0.00347	0.00867
26	0.01735	0.01735	0.02429	0.02082	0.02082	0.02429	0.01735	0.01908	0.01214	0.01908	0.01041	0.01735	0.01041	0.01388	0.02602	0.00347	0.70680	0.00694	0.00347	0.00867
27	0.01972	0.01703	0.01793	0.01614	0.02062	0.01972	0.01255	0.04214	0.65752	0.03317	0.03228	0.02959	0.02421	0.01076	0.00807	0.00269	0.00628	0.00897	0.00807	0.01255
28	0.01963	0.01884	0.03219	0.04867	0.67185	0.01884	0.02434	0.02434	0.01806	0.02591	0.01492	0.01963	0.01256	0.00707	0.00785	0.00236	0.00942	0.00707	0.00393	0.01256
29	0.01248	0.00892	0.01244	0.01427	0.01596	0.00887	0.01226	0.01592	0.01796	0.02340	0.04215	0.14894	0.04628	0.02218	0.01087	0.00361	0.00705	0.56190	0.00731	0.00722
30	0.01278	0.00913	0.01278	0.01460	0.01643	0.00913	0.01278	0.01643	0.01825	0.02373	0.04199	0.08945	0.04564	0.02191	0.01095	0.00365	0.00730	0.61847	0.00730	0.00730
31	0.00966	0.00690	0.00920	0.01104	0.01150	0.00644	0.00736	0.01104	0.01518	0.02024	0.04371	0.71614	0.05245	0.02484	0.01012	0.00322	0.00460	0.02254	0.00736	0.00644
32	0.00966	0.00690	0.00920	0.01104	0.01150	0.00644	0.00736	0.01104	0.01518	0.02024	0.04371	0.71614	0.05245	0.02484	0.01012	0.00322	0.00460	0.02254	0.00736	0.00644
33	0.01338	0.00689	0.01022	0.01040	0.01044	0.00684	0.00693	0.01040	0.01079	0.01439	0.01662	0.08980	0.01745	0.02729	0.02901	0.69656	0.00667	0.00837	0.00382	0.00373
34	0.01133	0.00850	0.01274	0.01274	0.01416	0.00991	0.00991	0.01416	0.01274	0.01841	0.02124	0.03115	0.01982	0.05947	0.68989	0.01274	0.02124	0.00850	0.00425	0.00708
35	0.01590	0.06498	0.62765	0.02172	0.03283	0.01842	0.02777	0.02462	0.01697	0.02516	0.04233	0.01843	0.01285	0.00788	0.00752	0.00248	0.01125	0.00617	0.00358	0.01148
36	0.01590	0.04102	0.68023	0.02260	0.03432	0.01842	0.02930	0.02511	0.01674	0.02511	0.01423	0.01674	0.01005	0.00753	0.00753	0.00251	0.01172	0.00586	0.00335	0.01172
37	0.77733	0.01534	0.01166	0.01043	0.01534	0.01779	0.00859	0.02331	0.01350	0.03558	0.01104	0.01288	0.00859	0.00736	0.00491	0.00245	0.00613	0.00429	0.00491	0.00859
38	0.01153	0.00769	0.00865	0.00865	0.00865	0.00769	0.00480	0.01153	0.01153	0.01538	0.02499	0.05189	0.02883	0.72131	0.04036	0.00769	0.00769	0.01153	0.00480	0.00480
39	0.01498	0.01409	0.02378	0.70226	0.05462	0.01762	0.02202	0.02026	0.01586	0.02026	0.01409	0.02114	0.01057	0.00793	0.00793	0.00264	0.01057	0.00705	0.00352	0.00881
40	0.01094	0.00809	0.01021	0.00968	0.01167	0.00736	0.00726	0.01441	0.02177	0.03020	0.57742	0.06186	0.16606	0.01681	0.00936	0.00252	0.00378	0.01471	0.00852	0.00736
41	0.01010	0.00806	0.00904	0.00880	0.01116	0.00700	0.00660	0.01279	0.01979	0.02550	0.31099	0.06961	0.43543	0.01856	0.00936	0.00261	0.00391	0.01580	0.00790	0.00700
42	0.00952	0.00804	0.00824	0.00819	0.01080	0.00676	0.00614	0.01167	0.01843	0.02226	0.12761	0.07494	0.62083	0.01977	0.00937	0.00266	0.00399	0.01654	0.00747	0.00676
43	0.01095	0.00842	0.01115	0.01232	0.01297	0.00882	0.00873	0.01337	0.04346	0.02083	0.03998	0.59704	0.04696	0.02307	0.01157	0.00324	0.07143	0.04171	0.00702	0.00695
44	0.01972	0.01703	0.01793	0.01614	0.02062	0.01972	0.01255	0.04214	0.65752	0.03317	0.03228	0.02959	0.02421	0.01076	0.00807	0.00269	0.00628	0.00897	0.00807	0.01255
45	0.03066	0.02138	0.02329	0.01785	0.02418	0.02336	0.01475	0.58781	0.03590	0.10953	0.02020	0.01979	0.01407	0.00955	0.00794	0.00239	0.00854	0.00722	0.00811	0.01349
46	0.02962	0.03779	0.02247	0.02043	0.02451	0.68948	0.01532	0.03166	0.02247	0.01941	0.01226	0.01430	0.01021	0.00817	0.00715	0.00204	0.01430	0.00511	0.00409	0.00919
47	0.01062	0.00759	0.01030	0.01214	0.01302	0.00727	0.00903	0.01270	0.01613	0.02132	0.04318	0.52328	0.05035	0.02394	0.01038	0.00335	0.00543	0.20594	0.00734	0.00671
48	0.00958	0.00800	0.00809	0.00809	0.01052	0.00679	0.00591	0.01139	0.01745	0.02085	0.07508	0.07400	0.60789	0.08665	0.01231	0.00315	0.00437	0.01624	0.00712	0.00651
49	0.01735	0.01461	0.02443	0.52488	0.04722	0.01663	0.06846	0.02238	0.01678	0.08352	0.01588	0.02131	0.01165	0.00783	0.00787	0.00250	0.01002	0.00711	0.00426	0.07531
50	0.03474	0.01367	0.01867	0.01442	0.02027	0.01224	0.01192	0.03774	0.02221	0.64702	0.03032	0.02655	0.01920	0.01000	0.00881	0.00250	0.03899	0.00793	0.00952	0.01327
51	0.02120	0.72609	0.04155	0.01357	0.02035	0.03138	0.01357	0.02374	0.01611	0.01866	0.01102	0.01272	0.01018	0.00678	0.00509	0.00170	0.00848	0.00424	0.00339	0.01018
52	0.01377	0.00689	0.01033	0.01033	0.01033	0.00689	0.00689	0.01033	0.01033	0.01377	0.01377	0.02410	0.01377	0.02755	0.03099	0.76928	0.00689	0.00689	0.00344	0.00344
53	0.01133	0.00850	0.01274	0.01274	0.01416	0.00991	0.00991	0.01416	0.01274	0.01841	0.02124	0.03115	0.01982	0.05947	0.68989	0.01274	0.02124	0.00850	0.00425	0.00708
54	0.01872	0.02139	0.04679	0.03342	0.04144	0.02005	0.64305	0.02540	0.01872	0.02540	0.01604	0.02139	0.01203	0.00668	0.00936	0.00267	0.01337	0.00936	0.00401	0.01070
55	0.01963	0.01884	0.03219	0.04867	0.67185	0.01884	0.02434	0.02434	0.01806	0.02591	0.01492	0.01963	0.01256	0.00707	0.00785	0.00236	0.00942	0.00707	0.00393	0.01256
56	0.02019	0.01726	0.01819	0.01623	0.02080	0.01994	0.01266	0.06886	0.63004	0.03392	0.03169	0.02912	0.02373	0.01070	0.00806	0.00268	0.00638	0.00888	0.00806	0.01259
57	0.01872	0.02139	0.04679	0.03342	0.04144	0.02005	0.64305	0.02540	0.01872	0.02540	0.01604	0.02139	0.01203	0.00668	0.00936	0.00267	0.01337	0.00936	0.00401	0.01070
58	0.77733	0.01534	0.01166	0.01043	0.01534	0.01779	0.00859	0.02331	0.01350	0.03558	0.01104	0.01288	0.00859	0.00736	0.00491	0.00245	0.00613	0.00429	0.00491	0.00859
59	0.01168	0.00847	0.01144	0.01310	0.01466	0.00823	0.01079	0.01461	0.01747	0.02265	0.04605	0.24378	0.10647	0.02246	0.01060	0.00345	0.00632	0.41341	0.00732	0.00703
60	0.01377	0.00689	0.01033	0.01033	0.01033	0.00689	0.00689	0.01033	0.01033	0.01377	0.01377	0.02410	0.01377	0.02755	0.03099	0.76928	0.00689	0.00689	0.00344	0.00344
61	0.01240	0.00886	0.01235	0.01417	0.01583	0.00880	0.01212	0.01578	0.01788	0.02331	0.04219	0.16508	0.04646	0.02226	0.01085	0.00360	0.00698	0.54655	0.00731	0.00720
62	0.03014	0.02221	0.02380	0.01825	0.02459	0.02459	0.01507	0.64541	0.03728	0.04998	0.01904	0.01904	0.01349	0.00952	0.00793	0.00238	0.00873	0.00714	0.00793	0.01349
63	0.01644	0.01409	0.01644	0.01175	0.01879	0.01057	0.00940	0.01997	0.01644	0.02584	0.01409	0.01644	0.01175	0.00587	0.00587	0.00117	0.00587	0.00470	0.00470	0.76979
64	0.00966	0.00690	0.00920	0.01104	0.01150	0.00644	0.00736	0.01104	0.01518	0.02024	0.04371	0.71614	0.05245	0.02484	0.01012	0.00322	0.00460	0.02254	0.00736	0.00644
65	0.01144	0.00806	0.01056	0.01056	0.01122	0.00873	0.00719	0.01276	0.01210	0.01679	0.02324	0.04222	0.02463	0.41255	0.34338	0.01005	0.01401	0.01012	0.00455	0.00587
66	0.01669	0.01410	0.01641	0.01197	0.01870	0.01095	0.00953	0.04469	0.01722	0.02656	0.01562	0.04795	0.01364	0.00687	0.00615	0.00131	0.00593	0.00560	0.00495	0.70515
67	0.01543	0.01443	0.02401	0.55718	0.13500	0.01703	0.02122	0.02040	0.01615	0.02124	0.01548	0.05077	0.01269	0.00846	0.00793	0.00257	0.00998	0.00763	0.00379	0.03862
68	0.00966	0.00690	0.00920	0.01104	0.01150	0.00644	0.00736	0.01104	0.01518	0.02024	0.04371	0.71614	0.05245	0.02484	0.01012	0.00322	0.00460	0.02254	0.00736	0.00644
69	0.01644	0.01409	0.01644	0.01175	0.01879	0.01057	0.00940	0.01997	0.01644	0.02584	0.01409	0.01644	0.01175	0.00587	0.00587	0.00117	0.00587	0.00470	0.00470	0.76979
70	0.01812	0.03104	0.39103	0.03222	0.26415	0.01840	0.05668	0.02535	0.01753	0.04967	0.01520	0.01839	0.01141	0.00741	0.00775	0.00246	0.01079	0.00654	0.00383	0.01204
71	0.67689	0.08444	0.03904	0.01118	0.01651	0.01912	0.00983	0.02342	0.01387	0.03357	0.01116	0.01301	0.00879	0.00731	0.00502	0.00238	0.00656	0.00435	0.00470	0.00886
72	0.03011	0.02313	0.02372	0.01837	0.02459	0.06363	0.01509	0.60937	0.03641	0.04818	0.01864	0.01876	0.01329	0.00944	0.00789	0.00236	0.00905	0.00702	0.00771	0.01323
73	0.02318	0.01812	0.02035	0.03995	0.02296	0.01777	0.01266	0.32977	0.02674	0.03759	0.01654	0.01790	0.01256	0.00775	0.00697	0.00182	0.00746	0.00599	0.00626	0.36764

[dist]
# distance from previous block
# <min> <max>
0	1

[block]
# block no. 7 follows, 24 sequences, length 115
# corresponding to MSA columns:
# 382-496
name=unknown_H
#
# <colnr> <probs for GDERKNQSTAVLIFYWHMCP>
#	G	D	E	R	K	N	Q	S	T	A	V	L	I	F	Y	W	H	M	C	P
0	0.04877	0.04892	0.02046	0.01647	0.02148	0.04695	0.01317	0.24534	0.33973	0.03722	0.02593	0.05853	0.02029	0.01066	0.00786	0.00254	0.00743	0.00852	0.00753	0.01220
1	0.03315	0.01573	0.04668	0.01483	0.02107	0.01371	0.01268	0.12798	0.02440	0.53164	0.02853	0.02547	0.01833	0.00965	0.00786	0.00242	0.00714	0.00774	0.03780	0.01319
2	0.77733	0.01534	0.01166	0.01043	0.01534	0.01779	0.00859	0.02331	0.01350	0.03558	0.01104	0.01288	0.00859	0.00736	0.00491	0.00245	0.00613	0.00429	0.00491	0.00859
3	0.01590	0.04102	0.68023	0.02260	0.03432	0.01842	0.02930	0.02511	0.01674	0.02511	0.01423	0.01674	0.01005	0.00753	0.00753	0.00251	0.01172	0.00586	0.00335	0.01172
4	0.03014	0.02221	0.02380	0.01825	0.02459	0.02459	0.01507	0.64541	0.03728	0.04998	0.01904	0.01904	0.01349	0.00952	0.00793	0.00238	0.00873	0.00714	0.00793	0.01349
5	0.01552	0.01325	0.01626	0.07399	0.02117	0.01072	0.01030	0.01895	0.01624	0.02468	0.01757	0.09890	0.01641	0.00828	0.00656	0.00155	0.00615	0.00700	0.00490	0.61161
6	0.01972	0.01703	0.01793	0.01614	0.02062	0.01972	0.01255	0.04214	0.65752	0.03317	0.03228	0.02959	0.02421	0.01076	0.00807	0.00269	0.00628	0.00897	0.00807	0.01255
7	0.08969	0.01340	0.01535	0.01365	0.01534	0.07617	0.06535	0.01662	0.01381	0.01950	0.02157	0.08983	0.02335	0.37212	0.05379	0.00565	0.07305	0.01033	0.00473	0.00670
8	0.01153	0.00769	0.00865	0.00865	0.00865	0.00769	0.00480	0.01153	0.01153	0.01538	0.02499	0.05189	0.02883	0.72131	0.04036	0.00769	0.00769	0.01153	0.00480	0.00480
9	0.01963	0.01884	0.03219	0.04867	0.67185	0.01884	0.02434	0.02434	0.01806	0.02591	0.01492	0.01963	0.01256	0.00707	0.00785	0.00236	0.00942	0.00707	0.00393	0.01256
10	0.01681	0.01551	0.02494	0.54355	0.04808	0.01900	0.05077	0.07987	0.01770	0.02323	0.01433	0.02061	0.01090	0.00856	0.00963	0.00269	0.07337	0.00716	0.00396	0.00933
11	0.02120	0.72609	0.04155	0.01357	0.02035	0.03138	0.01357	0.02374	0.01611	0.01866	0.01102	0.01272	0.01018	0.00678	0.00509	0.00170	0.00848	0.00424	0.00339	0.01018
