[name]
unknown

[dist]
# distance from previous block
# <min> <max>
0	32

[block]
# block no. 0 follows, 23 sequences, length 89
# corresponding to MSA columns:
# 38-126
name=unknown_A
#
# <colnr> <probs for GDERKNQSTAVLIFYWHMCP>
#	G	D	E	R	K	N	Q	S	T	A	V	L	I	F	Y	W	H	M	C	P
0	0.07583	0.05649	0.33322	0.02076	0.02979	0.01809	0.09449	0.06216	0.01924	0.12051	0.01840	0.02201	0.01366	0.00855	0.00779	0.00252	0.01025	0.03203	0.00509	0.04912
1	0.04405	0.01110	0.04732	0.01303	0.01571	0.00952	0.04341	0.01628	0.01980	0.02802	0.33351	0.14013	0.07830	0.04504	0.01092	0.00308	0.00581	0.11959	0.00758	0.00780
2	0.01730	0.01488	0.01847	0.01345	0.02039	0.01180	0.04227	0.04867	0.01787	0.02731	0.01604	0.04643	0.01387	0.00704	0.00647	0.00143	0.00649	0.00594	0.00504	0.65884
3	0.05234	0.05267	0.19778	0.01711	0.02378	0.01817	0.01686	0.14021	0.14686	0.08581	0.10593	0.06024	0.02530	0.01091	0.00808	0.00257	0.00811	0.00887	0.00677	0.01161
4	0.02159	0.62640	0.09952	0.01505	0.02233	0.06054	0.01544	0.02480	0.01684	0.01973	0.01164	0.01347	0.01040	0.00708	0.00553	0.00183	0.00925	0.00453	0.00350	0.01051
5	0.03240	0.01353	0.01806	0.01395	0.02004	0.01149	0.01138	0.03550	0.02197	0.55008	0.03038	0.06291	0.02083	0.01034	0.00799	0.00238	0.00667	0.00852	0.00922	0.11236
6	0.01151	0.01004	0.04883	0.01139	0.01359	0.00816	0.00917	0.01517	0.02094	0.02939	0.47067	0.19001	0.06676	0.01812	0.00970	0.00276	0.00464	0.04319	0.00827	0.00768
7	0.72850	0.01562	0.01264	0.05015	0.01801	0.01819	0.00958	0.02367	0.01395	0.03550	0.01148	0.01367	0.00890	0.00757	0.00520	0.00252	0.00654	0.00456	0.00494	0.00880
8	0.01617	0.01528	0.02586	0.58095	0.16368	0.01825	0.02295	0.02147	0.01662	0.02176	0.01457	0.02136	0.01118	0.00796	0.00810	0.00265	0.01061	0.00721	0.00368	0.00969
9	0.01549	0.01474	0.02534	0.66727	0.05531	0.01813	0.04852	0.02096	0.01635	0.02096	0.01451	0.02164	0.01088	0.00806	0.00817	0.00271	0.01094	0.00731	0.00363	0.00910
10	0.01121	0.00828	0.01046	0.00992	0.01195	0.00754	0.00744	0.01478	0.02232	0.03100	0.57596	0.06315	0.16150	0.01716	0.00957	0.00258	0.00387	0.01503	0.00873	0.00754
11	0.02551	0.01702	0.01903	0.01553	0.02031	0.01818	0.01233	0.33371	0.08967	0.12657	0.05770	0.08759	0.02398	0.07002	0.01105	0.00298	0.00748	0.00974	0.03983	0.01177
12	0.01483	0.00760	0.00760	0.00760	0.00953	0.00752	0.00570	0.01852	0.01710	0.02980	0.02947	0.03283	0.05527	0.01005	0.00588	0.00194	0.00380	0.00808	0.71937	0.00752
13	0.35510	0.40694	0.02893	0.01246	0.01855	0.02593	0.01162	0.02410	0.01530	0.02678	0.01129	0.01309	0.00969	0.00720	0.00512	0.00208	0.00761	0.00436	0.00416	0.00969
14	0.59878	0.01937	0.10344	0.01446	0.05031	0.01806	0.01261	0.02487	0.01492	0.06324	0.01288	0.01471	0.00970	0.00766	0.00568	0.00251	0.00725	0.00492	0.00498	0.00965
15	0.01660	0.07151	0.61049	0.02261	0.03375	0.01976	0.02861	0.02531	0.01686	0.02508	0.01421	0.01698	0.01030	0.00801	0.00858	0.00258	0.04758	0.00598	0.00343	0.01176
16	0.01532	0.01442	0.02434	0.69533	0.05589	0.01803	0.02253	0.02073	0.01622	0.02073	0.01442	0.02163	0.01082	0.00811	0.00811	0.00270	0.01082	0.00721	0.00361	0.00901
17	0.28665	0.01445	0.01648	0.01316	0.01901	0.01406	0.01086	0.03421	0.02002	0.45439	0.02497	0.02271	0.01624	0.00919	0.00709	0.00251	0.00669	0.00688	0.00834	0.01210
18	0.02018	0.01743	0.01835	0.01651	0.02110	0.02018	0.01284	0.04312	0.64956	0.03394	0.03303	0.03027	0.02477	0.01101	0.00826	0.00275	0.00642	0.00917	0.00826	0.01284
19	0.01148	0.00829	0.01085	0.01021	0.01212	0.00766	0.00766	0.01531	0.02297	0.03254	0.65994	0.06061	0.07656	0.01659	0.00957	0.00255	0.00383	0.01467	0.00893	0.00766
20	0.01532	0.01442	0.02434	0.69533	0.05589	0.01803	0.02253	0.02073	0.01622	0.02073	0.01442	0.02163	0.01082	0.00811	0.00811	0.00270	0.01082	0.00721	0.00361	0.00901
21	0.01163	0.00854	0.01228	0.01228	0.01346	0.00973	0.00919	0.01400	0.01282	0.01827	0.02243	0.03574	0.02196	0.17977	0.56605	0.01210	0.01921	0.00926	0.00445	0.00682
22	0.01285	0.00856	0.01112	0.01033	0.01234	0.00790	0.00768	0.01635	0.02213	0.06558	0.57784	0.05826	0.06994	0.06939	0.01191	0.00295	0.00430	0.01410	0.00869	0.00778
23	0.77215	0.01569	0.01193	0.01067	0.01569	0.01820	0.00879	0.02385	0.01381	0.03641	0.01130	0.01318	0.00879	0.00753	0.00502	0.00251	0.00628	0.00439	0.00502	0.00879
24	0.05818	0.01550	0.01914	0.01637	0.04725	0.01519	0.04041	0.04948	0.17310	0.06644	0.05366	0.06054	0.02094	0.00974	0.00838	0.00219	0.04057	0.00805	0.00631	0.28855
25	0.01148	0.00829	0.01085	0.01021	0.01212	0.00766	0.00766	0.01531	0.02297	0.03254	0.65994	0.06061	0.07656	0.01659	0.00957	0.00255	0.00383	0.01467	0.00893	0.00766
26	0.01736	0.01464	0.01693	0.01254	0.01927	0.01180	0.00997	0.05133	0.04959	0.02776	0.01700	0.04946	0.01466	0.00733	0.00643	0.00144	0.00611	0.00599	0.00527	0.65513
27	0.01781	0.01439	0.01693	0.01214	0.01930	0.01087	0.00973	0.02139	0.01715	0.05876	0.01531	0.01737	0.01242	0.00621	0.00612	0.00127	0.00605	0.00498	0.00507	0.72673
28	0.01937	0.01660	0.01784	0.01618	0.02047	0.01923	0.01259	0.04039	0.58901	0.03251	0.03195	0.03043	0.02434	0.01575	0.07241	0.00373	0.00788	0.00913	0.00788	0.01231
29	0.02716	0.01855	0.08180	0.01803	0.05475	0.01672	0.01480	0.06490	0.26494	0.30373	0.02936	0.02691	0.02032	0.01004	0.00815	0.00260	0.00743	0.00826	0.00834	0.01321
30	0.77215	0.01569	0.01193	0.01067	0.01569	0.01820	0.00879	0.02385	0.01381	0.03641	0.01130	0.01318	0.00879	0.00753	0.00502	0.00251	0.00628	0.00439	0.00502	0.00879
31	0.01052	0.00756	0.00986	0.01096	0.01192	0.00706	0.00764	0.01257	0.01738	0.02348	0.19110	0.46276	0.08289	0.06009	0.01185	0.00336	0.00478	0.04968	0.00772	0.00681
32	0.01409	0.00705	0.01057	0.01057	0.01057	0.00705	0.00705	0.01057	0.01057	0.01409	0.01409	0.02467	0.01409	0.02819	0.03171	0.76392	0.00705	0.00705	0.00352	0.00352
33	0.00989	0.00706	0.00942	0.01130	0.01177	0.00659	0.00753	0.01130	0.01554	0.02071	0.04472	0.70954	0.05367	0.02542	0.01036	0.00330	0.00471	0.02307	0.00753	0.00659
34	0.77215	0.01569	0.01193	0.01067	0.01569	0.01820	0.00879	0.02385	0.01381	0.03641	0.01130	0.01318	0.00879	0.00753	0.00502	0.00251	0.00628	0.00439	0.00502	0.00879
35	0.01141	0.00824	0.01078	0.01026	0.01211	0.00761	0.00765	0.01513	0.02263	0.03200	0.63188	0.09021	0.07552	0.01699	0.00961	0.00259	0.00387	0.01506	0.00887	0.00761
36	0.01627	0.04197	0.67279	0.02313	0.03512	0.01884	0.02998	0.02570	0.01713	0.02570	0.01456	0.01713	0.01028	0.00771	0.00771	0.00257	0.01199	0.00600	0.00343	0.01199
37	0.01409	0.00705	0.01057	0.01057	0.01057	0.00705	0.00705	0.01057	0.01057	0.01409	0.01409	0.02467	0.01409	0.02819	0.03171	0.76392	0.00705	0.00705	0.00352	0.00352
38	0.02169	0.71972	0.04252	0.01388	0.02083	0.03211	0.01388	0.02430	0.01649	0.01909	0.01128	0.01302	0.01041	0.00694	0.00521	0.00174	0.00868	0.00434	0.00347	0.01041
39	0.02682	0.16508	0.09006	0.01974	0.02511	0.44406	0.01681	0.05186	0.02131	0.02142	0.01268	0.01488	0.01056	0.00833	0.00780	0.00214	0.04196	0.00529	0.00409	0.00999
40	0.01683	0.01442	0.01683	0.01202	0.01923	0.01082	0.00961	0.02043	0.01683	0.02644	0.01442	0.01683	0.01202	0.00601	0.00601	0.00120	0.00601	0.00481	0.00481	0.76444
41	0.04738	0.17096	0.42316	0.02314	0.09594	0.02112	0.02454	0.02599	0.01733	0.05835	0.01477	0.01702	0.01102	0.00762	0.00717	0.00238	0.01061	0.00585	0.00390	0.01174
42	0.01532	0.01442	0.02434	0.69533	0.05589	0.01803	0.02253	0.02073	0.01622	0.02073	0.01442	0.02163	0.01082	0.00811	0.00811	0.00270	0.01082	0.00721	0.00361	0.00901
43	0.77215	0.01569	0.01193	0.01067	0.01569	0.01820	0.00879	0.02385	0.01381	0.03641	0.01130	0.01318	0.00879	0.00753	0.00502	0.00251	0.00628	0.00439	0.00502	0.00879
44	0.02008	0.01928	0.03294	0.04981	0.66422	0.01928	0.02490	0.02490	0.01848	0.02651	0.01526	0.02008	0.01285	0.00723	0.00803	0.00241	0.00964	0.00723	0.00402	0.01285
45	0.01775	0.01775	0.02485	0.02130	0.02130	0.02485	0.01775	0.01953	0.01243	0.01953	0.01065	0.01775	0.01065	0.01420	0.02663	0.00355	0.69998	0.00710	0.00355	0.00888
46	0.02208	0.63849	0.07004	0.01482	0.02180	0.07931	0.01476	0.02496	0.01700	0.01945	0.01152	0.01332	0.01041	0.00708	0.00548	0.00180	0.00927	0.00448	0.00352	0.01041
47	0.77215	0.01569	0.01193	0.01067	0.01569	0.01820	0.00879	0.02385	0.01381	0.03641	0.01130	0.01318	0.00879	0.00753	0.00502	0.00251	0.00628	0.00439	0.00502	0.00879
48	0.02811	0.02095	0.02290	0.05691	0.02573	0.02336	0.01508	0.51261	0.09433	0.04665	0.02085	0.02120	0.01504	0.00975	0.00800	0.00245	0.00853	0.00749	0.04692	0.01311
49	0.01775	0.01775	0.02485	0.02130	0.02130	0.02485	0.01775	0.01953	0.01243	0.01953	0.01065	0.01775	0.01065	0.01420	0.02663	0.00355	0.69998	0.00710	0.00355	0.00888
50	0.04577	0.09842	0.50993	0.02214	0.03272	0.04461	0.05701	0.05240	0.01818	0.02642	0.01439	0.01688	0.01050	0.00770	0.00749	0.00248	0.01154	0.00600	0.00375	0.01167
51	0.74007	0.01681	0.03998	0.01120	0.01652	0.01823	0.00969	0.02393	0.01395	0.03595	0.01144	0.01335	0.00885	0.00754	0.00514	0.00251	0.00652	0.00446	0.00495	0.00892
52	0.01148	0.00829	0.01085	0.01021	0.01212	0.00766	0.00766	0.01531	0.02297	0.03254	0.65994	0.06061	0.07656	0.01659	0.00957	0.00255	0.00383	0.01467	0.00893	0.00766
53	0.05544	0.01728	0.03164	0.30262	0.04274	0.01870	0.25900	0.04388	0.01792	0.02530	0.01600	0.02175	0.01216	0.00797	0.00902	0.00267	0.03631	0.00802	0.06179	0.00980
54	0.01159	0.00869	0.01304	0.01304	0.01449	0.01014	0.01014	0.01449	0.01304	0.01884	0.02173	0.03188	0.02029	0.06086	0.68268	0.01304	0.02173	0.00869	0.00435	0.00724
55	0.01180	0.00787	0.00885	0.00885	0.00885	0.00787	0.00492	0.01180	0.01180	0.01573	0.02557	0.05310	0.02950	0.71483	0.04130	0.00787	0.00787	0.01180	0.00492	0.00492
56	0.02066	0.01775	0.01923	0.01801	0.04824	0.02037	0.01347	0.06934	0.59533	0.03441	0.03167	0.02936	0.02377	0.01079	0.00824	0.00272	0.00667	0.00901	0.00807	0.01289
57	0.01513	0.00756	0.00756	0.00756	0.00945	0.00756	0.00567	0.01891	0.01702	0.03025	0.02647	0.03025	0.02080	0.00945	0.00567	0.00189	0.00378	0.00756	0.75988	0.00756
58	0.05549	0.01586	0.02372	0.54918	0.04880	0.01922	0.02067	0.12305	0.01974	0.02655	0.01511	0.02086	0.01121	0.00835	0.00796	0.00265	0.01028	0.00709	0.00442	0.00980
59	0.01871	0.01941	0.02479	0.02116	0.02188	0.08638	0.04126	0.02062	0.01367	0.01963	0.01180	0.01937	0.01163	0.04816	0.02485	0.00359	0.57333	0.00725	0.00370	0.00881
60	0.01623	0.01385	0.01616	0.01184	0.01857	0.01047	0.00939	0.01968	0.01683	0.02601	0.01838	0.05097	0.03848	0.00745	0.00634	0.00136	0.00588	0.00611	0.00504	0.70096
61	0.02014	0.01826	0.02493	0.03153	0.31122	0.01978	0.01828	0.03490	0.36487	0.03059	0.02501	0.02568	0.01939	0.00930	0.00816	0.00260	0.00787	0.00830	0.00634	0.01285
62	0.77215	0.01569	0.01193	0.01067	0.01569	0.01820	0.00879	0.02385	0.01381	0.03641	0.01130	0.01318	0.00879	0.00753	0.00502	0.00251	0.00628	0.00439	0.00502	0.00879
63	0.73859	0.01561	0.01224	0.01084	0.01592	0.01792	0.00893	0.02457	0.01424	0.06530	0.01224	0.01384	0.00930	0.00765	0.00516	0.00251	0.00631	0.00457	0.00525	0.00902
64	0.03085	0.02273	0.02435	0.01867	0.02516	0.02516	0.01542	0.63716	0.03815	0.05114	0.01948	0.01948	0.01380	0.00974	0.00812	0.00244	0.00893	0.00731	0.00812	0.01380
65	0.01180	0.00787	0.00885	0.00885	0.00885	0.00787	0.00492	0.01180	0.01180	0.01573	0.02557	0.05310	0.02950	0.71483	0.04130	0.00787	0.00787	0.01180	0.00492	0.00492
66	0.01138	0.00829	0.01069	0.01009	0.01206	0.00761	0.00757	0.01510	0.02271	0.03193	0.62662	0.06162	0.11026	0.01682	0.00957	0.00256	0.00384	0.01482	0.00885	0.00761
67	0.01532	0.01442	0.02434	0.69533	0.05589	0.01803	0.02253	0.02073	0.01622	0.02073	0.01442	0.02163	0.01082	0.00811	0.00811	0.00270	0.01082	0.00721	0.00361	0.00901
68	0.01683	0.01442	0.01683	0.01202	0.01923	0.01082	0.00961	0.02043	0.01683	0.02644	0.01442	0.01683	0.01202	0.00601	0.00601	0.00120	0.00601	0.00481	0.00481	0.76444
69	0.02493	0.01872	0.06326	0.08401	0.22160	0.01693	0.11042	0.06100	0.02077	0.23088	0.02081	0.02252	0.01477	0.00823	0.00820	0.00247	0.00939	0.00770	0.00612	0.04728
70	0.02008	0.01928	0.03294	0.04981	0.66422	0.01928	0.02490	0.02490	0.01848	0.02651	0.01526	0.02008	0.01285	0.00723	0.00803	0.00241	0.00964	0.00723	0.00402	0.01285
71	0.02880	0.01213	0.01639	0.01315	0.01809	0.01062	0.01062	0.03215	0.02315	0.47533	0.22366	0.03769	0.03732	0.01204	0.00859	0.00252	0.00597	0.01015	0.00970	0.01193
72	0.03034	0.02381	0.02398	0.01876	0.02498	0.07919	0.01533	0.56137	0.06353	0.04781	0.01950	0.01955	0.01400	0.00968	0.00806	0.00242	0.00929	0.00722	0.00780	0.01340
73	0.01180	0.00787	0.00885	0.00885	0.00885	0.00787	0.00492	0.01180	0.01180	0.01573	0.02557	0.05310	0.02950	0.71483	0.04130	0.00787	0.00787	0.01180	0.00492	0.00492
74	0.77215	0.01569	0.01193	0.01067	0.01569	0.01820	0.00879	0.02385	0.01381	0.03641	0.01130	0.01318	0.00879	0.00753	0.00502	0.00251	0.00628	0.00439	0.00502	0.00879
75	0.01162	0.00838	0.01104	0.01062	0.01253	0.00780	0.00813	0.01544	0.02260	0.03182	0.60640	0.06329	0.07397	0.01709	0.00971	0.00265	0.00414	0.06630	0.00881	0.00764
76	0.02240	0.61785	0.03946	0.01455	0.02122	0.05661	0.01397	0.05614	0.05433	0.02157	0.01299	0.01440	0.01141	0.00737	0.00561	0.00184	0.00879	0.00480	0.00401	0.01068
77	0.01159	0.00833	0.01139	0.01147	0.01236	0.00918	0.00817	0.01339	0.01271	0.01781	0.02410	0.06894	0.02502	0.29206	0.42513	0.01077	0.01606	0.01043	0.00469	0.00639
78	0.01018	0.00729	0.00968	0.01110	0.01183	0.00679	0.00755	0.01203	0.01690	0.02288	0.15745	0.59063	0.05786	0.02380	0.01021	0.00316	0.00455	0.02153	0.00779	0.00679
79	0.02211	0.01709	0.01852	0.01617	0.02093	0.01921	0.01271	0.09728	0.50090	0.09113	0.06781	0.03077	0.02631	0.01113	0.00831	0.00269	0.00655	0.00923	0.00844	0.01272
80	0.03641	0.01381	0.01883	0.01444	0.02071	0.01193	0.01193	0.03954	0.02322	0.66984	0.03201	0.02762	0.02009	0.01004	0.00816	0.00251	0.00690	0.00816	0.01004	0.01381
81	0.01092	0.00790	0.01035	0.01081	0.01222	0.00733	0.00787	0.01379	0.01983	0.02734	0.37766	0.30096	0.08782	0.02031	0.00995	0.00290	0.00437	0.05215	0.00828	0.00723
82	0.01694	0.01744	0.05261	0.36395	0.19971	0.01861	0.09960	0.02224	0.01685	0.02285	0.01507	0.02144	0.01194	0.01058	0.04213	0.00318	0.04330	0.00754	0.00380	0.01022
83	0.01722	0.01827	0.03691	0.15043	0.03963	0.01812	0.40787	0.02379	0.04724	0.02467	0.02074	0.11743	0.01834	0.00984	0.00936	0.00281	0.01158	0.01100	0.00468	0.01008
84	0.01707	0.01797	0.11882	0.34449	0.03924	0.01619	0.04190	0.02411	0.07212	0.07773	0.10216	0.05082	0.02273	0.01010	0.00839	0.00267	0.00928	0.00887	0.00535	0.00999
85	0.01159	0.00869	0.01304	0.01304	0.01449	0.01014	0.01014	0.01449	0.01304	0.01884	0.02173	0.03188	0.02029	0.06086	0.68268	0.01304	0.02173	0.00869	0.00435	0.00724
86	0.01773	0.09438	0.45298	0.02282	0.05496	0.01886	0.07813	0.02528	0.01776	0.05867	0.04029	0.04958	0.01538	0.00877	0.00787	0.00253	0.01088	0.00738	0.00423	0.01150
87	0.05205	0.01143	0.01368	0.01400	0.04742	0.01172	0.01019	0.07804	0.07401	0.02830	0.15542	0.10363	0.16350	0.05796	0.06670	0.00394	0.00722	0.08502	0.00720	0.00857
88	0.04884	0.22187	0.30842	0.01907	0.02731	0.16855	0.02073	0.02647	0.01813	0.02320	0.01358	0.01584	0.01071	0.00771	0.00677	0.00221	0.01115	0.00538	0.03338	0.01070

[dist]
# distance from previous block
# <min> <max>
5	15

[block]
# block no. 1 follows, 23 sequences, length 6
# corresponding to MSA columns:
# 142-147
name=unknown_B
#
# <colnr> <probs for GDERKNQSTAVLIFYWHMCP>
#	G	D	E	R	K	N	Q	S	T	A	V	L	I	F	Y	W	H	M	C	P
0	0.01073	0.00771	0.01017	0.01072	0.01196	0.00715	0.00760	0.01341	0.01945	0.02695	0.36902	0.36747	0.06574	0.02077	0.00994	0.00290	0.00424	0.01864	0.00827	0.00715
1	0.01881	0.08560	0.24913	0.02965	0.21952	0.05605	0.06473	0.02627	0.06540	0.02592	0.04260	0.02351	0.01636	0.00866	0.00796	0.00250	0.01035	0.03094	0.00443	0.01162
2	0.01352	0.00766	0.01116	0.01179	0.01232	0.00762	0.00869	0.01228	0.01308	0.01728	0.02395	0.09117	0.02558	0.02646	0.02474	0.50756	0.00699	0.16851	0.00486	0.00479
3	0.09033	0.01543	0.09448	0.01502	0.05261	0.01284	0.01211	0.05674	0.06629	0.06607	0.21496	0.03876	0.05816	0.09624	0.01404	0.06337	0.00679	0.01013	0.00662	0.00901
4	0.43694	0.05676	0.01552	0.05125	0.01881	0.05559	0.01026	0.02420	0.01622	0.07528	0.04660	0.01871	0.01442	0.00824	0.00591	0.00231	0.00687	0.00565	0.06499	0.06548
5	0.01165	0.00865	0.01094	0.06652	0.01450	0.00848	0.00777	0.01408	0.01803	0.02444	0.31331	0.05722	0.13510	0.25187	0.02015	0.00438	0.00581	0.01342	0.00694	0.00674

[dist]
# distance from previous block
# <min> <max>
2	8

[block]
# block no. 2 follows, 23 sequences, length 125
# corresponding to MSA columns:
# 156-205,216-236,303-314,316-324,326-358
name=unknown_C
#
# <colnr> <probs for GDERKNQSTAVLIFYWHMCP>
#	G	D	E	R	K	N	Q	S	T	A	V	L	I	F	Y	W	H	M	C	P
0	0.04963	0.01868	0.02646	0.28916	0.12820	0.02101	0.05494	0.25120	0.02479	0.03374	0.01642	0.02032	0.01223	0.00850	0.00807	0.00256	0.00995	0.00728	0.00542	0.01144
1	0.01138	0.00830	0.01064	0.01107	0.01200	0.00829	0.00783	0.01331	0.01656	0.02253	0.18616	0.25867	0.07751	0.19486	0.04244	0.00462	0.03536	0.06490	0.00693	0.00663
2	0.01899	0.09721	0.46908	0.02372	0.05851	0.05797	0.07629	0.02667	0.01795	0.05822	0.01524	0.01768	0.01108	0.00771	0.00766	0.00247	0.01163	0.00626	0.00390	0.01175
3	0.02843	0.05714	0.02471	0.02249	0.08620	0.36501	0.01631	0.21459	0.02673	0.03017	0.01615	0.01981	0.01323	0.00921	0.00771	0.00228	0.01188	0.03146	0.00547	0.01103
4	0.00997	0.00713	0.00949	0.01124	0.01179	0.00665	0.00754	0.01151	0.01592	0.02133	0.07661	0.67591	0.05485	0.02496	0.01032	0.00326	0.00466	0.02263	0.00760	0.00665
5	0.01938	0.01817	0.05882	0.01875	0.06120	0.01662	0.06500	0.03187	0.28690	0.05476	0.02326	0.02361	0.01774	0.00854	0.00756	0.00219	0.00742	0.00741	0.00630	0.26451
6	0.02529	0.05684	0.21660	0.01880	0.02661	0.02102	0.01880	0.30737	0.05220	0.10819	0.05330	0.02198	0.01702	0.00946	0.00796	0.00247	0.00924	0.00734	0.00678	0.01275
7	0.01344	0.00879	0.01113	0.01026	0.01271	0.00791	0.00779	0.01691	0.02223	0.08899	0.50462	0.06056	0.17044	0.01666	0.00944	0.00258	0.00416	0.01449	0.00880	0.00808
8	0.07995	0.01259	0.01525	0.01352	0.01739	0.01236	0.01070	0.11909	0.02227	0.22897	0.08238	0.20816	0.05629	0.01573	0.00891	0.00282	0.00633	0.06868	0.00831	0.01029
9	0.00989	0.00706	0.00942	0.01130	0.01177	0.00659	0.00753	0.01130	0.01554	0.02071	0.04472	0.70954	0.05367	0.02542	0.01036	0.00330	0.00471	0.02307	0.00753	0.00659
10	0.02089	0.02136	0.02478	0.23826	0.06852	0.17929	0.08639	0.09184	0.02125	0.02586	0.04663	0.02642	0.04133	0.00959	0.00821	0.00251	0.01082	0.02957	0.03669	0.00980
11	0.12970	0.01998	0.01888	0.16880	0.02728	0.18741	0.01468	0.04689	0.01808	0.02483	0.01743	0.05250	0.01542	0.01303	0.04479	0.00313	0.07725	0.03342	0.07766	0.00885
12	0.01972	0.01212	0.01435	0.01317	0.04398	0.01249	0.03464	0.14958	0.02186	0.06201	0.02433	0.02709	0.01860	0.00933	0.00656	0.00209	0.00566	0.00760	0.50530	0.00951
13	0.07726	0.11854	0.51201	0.02165	0.03229	0.02045	0.05929	0.02540	0.01690	0.02579	0.01402	0.01659	0.01029	0.00756	0.00730	0.00248	0.01124	0.00587	0.00360	0.01149
14	0.01137	0.00829	0.01069	0.01009	0.01205	0.00761	0.00757	0.01509	0.02270	0.03191	0.62565	0.06165	0.11124	0.01682	0.00957	0.00256	0.00384	0.01482	0.00885	0.00761
15	0.02911	0.02799	0.02171	0.01842	0.02319	0.33099	0.01434	0.24955	0.02744	0.06876	0.01699	0.01854	0.01297	0.01019	0.00902	0.04744	0.01111	0.00638	0.04507	0.01080
16	0.67782	0.01623	0.01329	0.01152	0.01672	0.01856	0.00949	0.07798	0.01631	0.06324	0.01285	0.01431	0.00968	0.00783	0.00542	0.00250	0.00653	0.00480	0.00549	0.00943
17	0.01978	0.01493	0.01744	0.01296	0.01964	0.01247	0.01040	0.07188	0.05694	0.09102	0.04561	0.02077	0.01649	0.00745	0.00667	0.00158	0.00625	0.00601	0.00596	0.55575
18	0.72849	0.01558	0.01234	0.01089	0.01599	0.01783	0.00897	0.02478	0.01437	0.07400	0.01253	0.01404	0.00946	0.00768	0.00521	0.00251	0.00631	0.00462	0.00532	0.00909
19	0.02360	0.04310	0.08928	0.01460	0.02199	0.01420	0.01316	0.08957	0.02074	0.20012	0.01953	0.01987	0.01411	0.00768	0.00695	0.00184	0.00728	0.00607	0.00635	0.37995
20	0.09857	0.21068	0.24079	0.01655	0.02486	0.02010	0.01788	0.02746	0.01784	0.15681	0.01691	0.01775	0.01234	0.00780	0.00670	0.00220	0.00891	0.00572	0.00509	0.08505
21	0.40319	0.02584	0.01715	0.01549	0.02012	0.30864	0.01204	0.02873	0.05555	0.02903	0.01313	0.01483	0.01046	0.00810	0.00622	0.00234	0.00994	0.00504	0.00485	0.00930
22	0.01695	0.09221	0.56756	0.02342	0.03468	0.02002	0.08372	0.02562	0.01727	0.02522	0.01448	0.01725	0.01047	0.00757	0.00769	0.00252	0.01189	0.00619	0.00349	0.01178
23	0.00976	0.00823	0.00845	0.00840	0.01106	0.00692	0.00630	0.01197	0.01889	0.02287	0.13384	0.07653	0.60869	0.02020	0.00959	0.00272	0.00408	0.01691	0.00766	0.00692
24	0.01581	0.01502	0.02589	0.54424	0.12418	0.01770	0.05722	0.02101	0.01662	0.02171	0.01628	0.05888	0.01347	0.00888	0.00831	0.00270	0.01051	0.00821	0.00390	0.00944
25	0.02130	0.02374	0.06493	0.07572	0.40038	0.13373	0.08616	0.02679	0.04218	0.02522	0.01548	0.01963	0.01257	0.00760	0.00806	0.00243	0.01099	0.00713	0.00416	0.01181
26	0.02128	0.02047	0.01928	0.01854	0.04847	0.13550	0.01387	0.03796	0.45279	0.03023	0.02962	0.03293	0.02384	0.01147	0.00836	0.00272	0.00810	0.06555	0.00729	0.01173
27	0.02010	0.01650	0.01763	0.01589	0.02032	0.01876	0.01233	0.04049	0.57212	0.06151	0.03536	0.05838	0.05060	0.01190	0.00839	0.00276	0.00629	0.00998	0.00828	0.01241
28	0.01683	0.01442	0.01683	0.01202	0.01923	0.01082	0.00961	0.02043	0.01683	0.02644	0.01442	0.01683	0.01202	0.00601	0.00601	0.00120	0.00601	0.00481	0.00481	0.76444
29	0.02684	0.07355	0.02434	0.02007	0.02400	0.48005	0.04099	0.05376	0.02129	0.02101	0.01374	0.01825	0.01214	0.06271	0.01160	0.00268	0.07326	0.00611	0.00430	0.00932
30	0.01302	0.00871	0.01087	0.01009	0.01253	0.00781	0.00765	0.01638	0.02197	0.08035	0.47828	0.06201	0.20578	0.01698	0.00946	0.00259	0.00414	0.01472	0.00870	0.00796
31	0.04446	0.02017	0.17350	0.10785	0.03056	0.01492	0.16483	0.02056	0.01785	0.02536	0.10270	0.16330	0.02909	0.01274	0.00900	0.00281	0.00938	0.03614	0.00534	0.00944
32	0.01950	0.01278	0.01545	0.01374	0.01620	0.01360	0.01042	0.23051	0.02129	0.02843	0.02092	0.07083	0.01999	0.05724	0.02090	0.34614	0.00765	0.06089	0.00579	0.00772
33	0.00989	0.00706	0.00942	0.01130	0.01177	0.00659	0.00753	0.01130	0.01554	0.02071	0.04472	0.70954	0.05367	0.02542	0.01036	0.00330	0.00471	0.02307	0.00753	0.00659
34	0.02208	0.59427	0.09474	0.01537	0.02247	0.09514	0.01544	0.02522	0.01718	0.01973	0.01169	0.01353	0.01041	0.00715	0.00563	0.00184	0.00955	0.00457	0.00354	0.01045
35	0.01014	0.00724	0.00970	0.01158	0.01216	0.00681	0.00797	0.01173	0.01578	0.02099	0.04458	0.66114	0.05312	0.02519	0.01042	0.00333	0.00492	0.06900	0.00753	0.00666
36	0.06163	0.05719	0.02260	0.01663	0.02250	0.02296	0.01379	0.49806	0.03321	0.04611	0.01958	0.02024	0.01429	0.00946	0.00751	0.00233	0.00814	0.00705	0.10413	0.01260
37	0.52474	0.01785	0.05485	0.07116	0.04965	0.01845	0.04940	0.05210	0.01622	0.06182	0.01349	0.01582	0.01014	0.00775	0.00610	0.00254	0.00771	0.00544	0.00508	0.00973
38	0.02816	0.02851	0.02238	0.01916	0.02420	0.31249	0.01494	0.23524	0.17191	0.03346	0.01955	0.01983	0.01485	0.00943	0.00780	0.00236	0.01086	0.00682	0.00642	0.01165
39	0.00989	0.00706	0.00942	0.01130	0.01177	0.00659	0.00753	0.01130	0.01554	0.02071	0.04472	0.70954	0.05367	0.02542	0.01036	0.00330	0.00471	0.02307	0.00753	0.00659
40	0.01029	0.00735	0.00988	0.01176	0.01241	0.00694	0.00823	0.01200	0.01593	0.02117	0.04450	0.63137	0.05279	0.02504	0.01046	0.00335	0.00506	0.09725	0.00752	0.00670
41	0.02710	0.01828	0.02036	0.05287	0.02326	0.01990	0.01351	0.39670	0.06373	0.10809	0.02250	0.02299	0.01615	0.00970	0.00768	0.00237	0.00774	0.00753	0.14720	0.01234
42	0.02394	0.01682	0.01830	0.05162	0.02130	0.01854	0.01237	0.35162	0.07791	0.04120	0.02259	0.02402	0.01682	0.00966	0.00732	0.00229	0.00712	0.00753	0.25764	0.01139
43	0.01409	0.00705	0.01057	0.01057	0.01057	0.00705	0.00705	0.01057	0.01057	0.01409	0.01409	0.02467	0.01409	0.02819	0.03171	0.76392	0.00705	0.00705	0.00352	0.00352
44	0.01737	0.13824	0.52985	0.02395	0.08389	0.02080	0.02724	0.02543	0.01715	0.02481	0.01414	0.01677	0.01051	0.00756	0.00737	0.00244	0.01132	0.00586	0.00348	0.01183
45	0.02095	0.50985	0.03410	0.01351	0.01931	0.05434	0.01263	0.02381	0.01843	0.06036	0.13879	0.02321	0.02386	0.00906	0.00632	0.00196	0.00789	0.00662	0.00495	0.01003
46	0.01112	0.00808	0.01048	0.01031	0.01201	0.00744	0.00757	0.01446	0.02148	0.03002	0.52790	0.17454	0.09759	0.01830	0.00971	0.00269	0.00399	0.01624	0.00863	0.00744
47	0.03491	0.01439	0.01906	0.01483	0.02093	0.01297	0.01228	0.09055	0.02433	0.58792	0.03140	0.02969	0.02070	0.01055	0.00829	0.00256	0.00711	0.03425	0.00976	0.01353
48	0.07226	0.01656	0.04762	0.01531	0.02174	0.01478	0.01309	0.12531	0.04752	0.49574	0.02839	0.02533	0.01833	0.00980	0.00798	0.00251	0.00737	0.00778	0.00915	0.01343
49	0.00974	0.00823	0.00843	0.00838	0.01105	0.00691	0.00628	0.01193	0.01885	0.02276	0.12784	0.07671	0.61476	0.02024	0.00959	0.00273	0.00409	0.01693	0.00765	0.00691
50	0.02186	0.01686	0.01814	0.01601	0.02071	0.01905	0.01254	0.06343	0.54148	0.09362	0.03215	0.02963	0.02376	0.01081	0.00813	0.00268	0.00644	0.00894	0.04101	0.01274
51	0.05821	0.03146	0.38350	0.10071	0.09982	0.01908	0.14294	0.02503	0.01737	0.02587	0.01479	0.01861	0.01090	0.00753	0.00800	0.00260	0.01164	0.00685	0.00372	0.01138
52	0.01915	0.02189	0.04788	0.03420	0.04241	0.02052	0.63475	0.02599	0.01915	0.02599	0.01642	0.02189	0.01231	0.00684	0.00958	0.00274	0.01368	0.00958	0.00410	0.01094
53	0.01016	0.00726	0.00973	0.01162	0.01221	0.00683	0.00802	0.01178	0.01581	0.02103	0.04457	0.65564	0.05306	0.02516	0.01043	0.00333	0.00495	0.07422	0.00753	0.00667
54	0.01827	0.22896	0.29488	0.02059	0.06518	0.04962	0.05247	0.02406	0.01767	0.02370	0.04210	0.02141	0.05063	0.00843	0.00718	0.00224	0.01001	0.00665	0.00406	0.05189
55	0.05387	0.02219	0.11889	0.17544	0.19904	0.04827	0.10634	0.07071	0.01915	0.02675	0.01623	0.02277	0.01319	0.00864	0.00892	0.00264	0.03742	0.03421	0.00436	0.01098
56	0.00989	0.00706	0.00942	0.01130	0.01177	0.00659	0.00753	0.01130	0.01554	0.02071	0.04472	0.70954	0.05367	0.02542	0.01036	0.00330	0.00471	0.02307	0.00753	0.00659
57	0.01760	0.02737	0.26930	0.13170	0.11804	0.01958	0.18187	0.02537	0.04583	0.02516	0.01573	0.02003	0.01188	0.00798	0.00931	0.00267	0.04795	0.00746	0.00393	0.01125
58	0.21914	0.02472	0.26067	0.07451	0.02756	0.01706	0.04612	0.02551	0.05456	0.06439	0.06500	0.02186	0.01686	0.00872	0.00722	0.00255	0.00887	0.00686	0.03735	0.01047
59	0.00987	0.00711	0.00937	0.01118	0.01174	0.00660	0.00748	0.01131	0.01565	0.02076	0.04617	0.68509	0.07718	0.02523	0.01033	0.00327	0.00468	0.02284	0.00753	0.00660
60	0.01766	0.01867	0.03496	0.08708	0.03478	0.04533	0.36829	0.02290	0.01788	0.02436	0.04551	0.05403	0.01751	0.01312	0.06158	0.00354	0.07666	0.00961	0.03675	0.00976
61	0.00989	0.00706	0.00942	0.01130	0.01177	0.00659	0.00753	0.01130	0.01554	0.02071	0.04472	0.70954	0.05367	0.02542	0.01036	0.00330	0.00471	0.02307	0.00753	0.00659
62	0.11273	0.02237	0.02294	0.01797	0.02396	0.04982	0.01479	0.52160	0.03386	0.04706	0.01796	0.01853	0.01299	0.00961	0.00846	0.00247	0.03566	0.00689	0.00744	0.01288
63	0.01776	0.05161	0.08773	0.04312	0.02139	0.09895	0.01486	0.06921	0.01712	0.02270	0.04102	0.02634	0.01781	0.09337	0.20150	0.00607	0.14821	0.00783	0.00454	0.00885
64	0.03031	0.03867	0.02299	0.02090	0.02508	0.68226	0.01568	0.03240	0.02299	0.01986	0.01254	0.01463	0.01045	0.00836	0.00732	0.00209	0.01463	0.00523	0.00418	0.00941
65	0.01591	0.01474	0.02434	0.66960	0.05472	0.01830	0.02226	0.04417	0.01706	0.02189	0.01461	0.02155	0.01093	0.00817	0.00811	0.00269	0.01074	0.00721	0.00378	0.00920
66	0.00986	0.00715	0.00932	0.01106	0.01171	0.00661	0.00742	0.01133	0.01577	0.02081	0.04766	0.65999	0.10131	0.02504	0.01030	0.00325	0.00466	0.02260	0.00753	0.00661
67	0.02218	0.01703	0.02206	0.27200	0.03453	0.01976	0.01696	0.22653	0.08582	0.06808	0.01967	0.02261	0.01451	0.00950	0.00899	0.00259	0.04861	0.00751	0.06999	0.01109
68	0.01069	0.00801	0.00989	0.01081	0.01217	0.00750	0.00768	0.01344	0.04010	0.02319	0.14131	0.40025	0.17892	0.04866	0.01123	0.00325	0.00480	0.05344	0.00766	0.00701
69	0.01955	0.01563	0.01774	0.01373	0.02002	0.01417	0.01092	0.09478	0.14606	0.05568	0.02068	0.04941	0.01684	0.00841	0.00696	0.00179	0.00640	0.00686	0.00619	0.46818
70	0.03041	0.01992	0.02219	0.01709	0.02323	0.02117	0.01398	0.46611	0.03310	0.16803	0.02204	0.02273	0.01578	0.04681	0.00980	0.00269	0.00837	0.00762	0.00820	0.04074
71	0.05613	0.43083	0.10974	0.01620	0.02321	0.11784	0.01584	0.07642	0.01939	0.04959	0.01335	0.01485	0.01100	0.00761	0.00614	0.00200	0.00973	0.00505	0.00428	0.01080
72	0.01766	0.01492	0.01727	0.01241	0.01958	0.01167	0.00996	0.05703	0.01809	0.02791	0.01472	0.01698	0.01212	0.00623	0.00613	0.00128	0.00618	0.00496	0.00500	0.71989
73	0.02383	0.01884	0.05654	0.01753	0.02244	0.01903	0.04252	0.32797	0.05452	0.07370	0.02367	0.13537	0.02086	0.01392	0.01145	0.06538	0.04405	0.01006	0.00708	0.01123
74	0.02778	0.01812	0.01906	0.03995	0.02181	0.09650	0.01273	0.16677	0.08527	0.25299	0.10492	0.02857	0.02477	0.01058	0.00809	0.00244	0.00782	0.00846	0.05150	0.01188
75	0.01415	0.01278	0.01806	0.07576	0.02025	0.01622	0.01381	0.01616	0.01426	0.02029	0.02611	0.30410	0.02959	0.01856	0.01779	0.00338	0.32999	0.03550	0.00533	0.00790
76	0.02222	0.01530	0.01863	0.15538	0.02648	0.01668	0.01361	0.20532	0.08568	0.09678	0.02337	0.05415	0.01804	0.01002	0.00761	0.00240	0.00746	0.00819	0.16897	0.04372
77	0.04952	0.01742	0.02843	0.11768	0.03111	0.01910	0.18681	0.04630	0.01682	0.02470	0.01559	0.05561	0.01368	0.01006	0.01331	0.00271	0.20215	0.00815	0.00438	0.13648
78	0.03416	0.05103	0.01967	0.01420	0.02027	0.01332	0.01182	0.06368	0.02316	0.57171	0.03005	0.02664	0.01934	0.00983	0.00786	0.00243	0.00691	0.00789	0.05275	0.01327
79	0.01180	0.00787	0.00885	0.00885	0.00885	0.00787	0.00492	0.01180	0.01180	0.01573	0.02557	0.05310	0.02950	0.71483	0.04130	0.00787	0.00787	0.01180	0.00492	0.00492
80	0.02477	0.01667	0.01889	0.05175	0.02199	0.01739	0.01250	0.31992	0.02786	0.10861	0.02513	0.05370	0.04673	0.01041	0.00767	0.00229	0.00728	0.00829	0.12887	0.08927
81	0.02611	0.02586	0.02255	0.10263	0.05396	0.28259	0.01599	0.17317	0.02427	0.05233	0.01632	0.01895	0.01267	0.00922	0.00900	0.00237	0.06386	0.00650	0.07112	0.01051
82	0.01000	0.00720	0.00949	0.01110	0.01177	0.00669	0.00749	0.01164	0.01624	0.02171	0.09583	0.63462	0.07707	0.02453	0.01027	0.00322	0.00462	0.02218	0.00765	0.00669
83	0.01767	0.01682	0.02857	0.37729	0.35560	0.01864	0.02370	0.02279	0.01733	0.02358	0.01484	0.02087	0.01182	0.00768	0.00807	0.00256	0.01024	0.00722	0.00381	0.01091
84	0.01230	0.01044	0.03848	0.01133	0.01384	0.00919	0.00899	0.01790	0.08136	0.03101	0.50120	0.10621	0.09343	0.01655	0.00943	0.00264	0.00449	0.01455	0.00847	0.00821
85	0.00989	0.00706	0.00942	0.01130	0.01177	0.00659	0.00753	0.01130	0.01554	0.02071	0.04472	0.70954	0.05367	0.02542	0.01036	0.00330	0.00471	0.02307	0.00753	0.00659
86	0.02577	0.05208	0.01952	0.01497	0.02010	0.01683	0.01223	0.18207	0.13967	0.22572	0.11399	0.03466	0.06106	0.01185	0.00839	0.00256	0.00688	0.03108	0.00853	0.01205
87	0.00987	0.00711	0.00937	0.01117	0.01174	0.00660	0.00748	0.01131	0.01565	0.02076	0.04623	0.68407	0.07816	0.02522	0.01033	0.00327	0.00468	0.02283	0.00753	0.00660
88	0.02681	0.03057	0.02182	0.02158	0.08243	0.45716	0.01513	0.03103	0.07680	0.06048	0.02255	0.02348	0.07608	0.00978	0.00774	0.00227	0.01197	0.00709	0.00520	0.01004
89	0.23448	0.05219	0.02229	0.05297	0.02463	0.15879	0.03797	0.26090	0.02549	0.03670	0.01506	0.01668	0.01137	0.00853	0.00703	0.00238	0.00965	0.00603	0.00586	0.01100
90	0.01706	0.00995	0.01019	0.00949	0.01207	0.01045	0.00729	0.07697	0.08442	0.03251	0.02652	0.02929	0.02058	0.00964	0.00616	0.00203	0.00452	0.00771	0.61449	0.00867
91	0.06839	0.16030	0.09453	0.04351	0.04808	0.01817	0.03769	0.05502	0.02013	0.25584	0.04705	0.02594	0.01865	0.01132	0.03151	0.00280	0.00879	0.03416	0.00657	0.01155
92	0.00995	0.00748	0.00912	0.01027	0.01144	0.00676	0.00705	0.01160	0.01659	0.02142	0.08307	0.47389	0.22808	0.04943	0.01126	0.00327	0.00461	0.02055	0.00750	0.00665
93	0.02114	0.01773	0.01870	0.01642	0.02119	0.02025	0.01289	0.12240	0.53743	0.03573	0.03345	0.03101	0.05256	0.01128	0.00830	0.00271	0.00666	0.00929	0.00820	0.01270
94	0.01409	0.00705	0.01057	0.01057	0.01057	0.00705	0.00705	0.01057	0.01057	0.01409	0.01409	0.02467	0.01409	0.02819	0.03171	0.76392	0.00705	0.00705	0.00352	0.00352
95	0.02002	0.01656	0.02015	0.01692	0.05506	0.01569	0.03758	0.15985	0.10434	0.03237	0.02081	0.08139	0.01785	0.00932	0.00741	0.00199	0.00710	0.00789	0.00617	0.36152
96	0.01853	0.02620	0.18207	0.03182	0.04084	0.02016	0.50489	0.02593	0.01872	0.02593	0.01602	0.02087	0.01188	0.00703	0.00918	0.00270	0.01332	0.00881	0.00396	0.01117
97	0.01068	0.00820	0.00981	0.00972	0.01183	0.00732	0.00728	0.01362	0.02046	0.02716	0.36358	0.12501	0.29556	0.01908	0.00971	0.00273	0.00415	0.03862	0.00822	0.00725
98	0.00989	0.00706	0.00942	0.01130	0.01177	0.00659	0.00753	0.01130	0.01554	0.02071	0.04472	0.70954	0.05367	0.02542	0.01036	0.00330	0.00471	0.02307	0.00753	0.00659
99	0.01668	0.05927	0.35195	0.09031	0.03379	0.01916	0.11411	0.02363	0.01712	0.02484	0.05184	0.02119	0.01491	0.00889	0.01006	0.00265	0.08813	0.00726	0.03351	0.01070
100	0.01513	0.00756	0.00756	0.00756	0.00945	0.00756	0.00567	0.01891	0.01702	0.03025	0.02647	0.03025	0.02080	0.00945	0.00567	0.00189	0.00378	0.00756	0.75988	0.00756
101	0.03641	0.01381	0.01883	0.01444	0.02071	0.01193	0.01193	0.03954	0.02322	0.66984	0.03201	0.02762	0.02009	0.01004	0.00816	0.00251	0.00690	0.00816	0.01004	0.01381
102	0.01637	0.01374	0.01604	0.01205	0.01816	0.01123	0.00960	0.02062	0.04179	0.02680	0.04734	0.02253	0.04106	0.00776	0.00716	0.00151	0.03211	0.00615	0.05000	0.59798
103	0.01308	0.00934	0.01308	0.01494	0.01681	0.00934	0.01308	0.01681	0.01868	0.02428	0.04296	0.09153	0.04670	0.02242	0.01121	0.00374	0.00747	0.60960	0.00747	0.00747
104	0.01409	0.00705	0.01057	0.01057	0.01057	0.00705	0.00705	0.01057	0.01057	0.01409	0.01409	0.02467	0.01409	0.02819	0.03171	0.76392	0.00705	0.00705	0.00352	0.00352
105	0.01700	0.01499	0.01920	0.01371	0.02100	0.01156	0.05733	0.02086	0.01700	0.02641	0.01457	0.01721	0.01204	0.00607	0.00628	0.00132	0.00659	0.00517	0.00475	0.70692
106	0.01737	0.01848	0.03502	0.06657	0.03402	0.04563	0.38905	0.02254	0.01837	0.02444	0.05738	0.09060	0.02224	0.04703	0.01186	0.00310	0.03842	0.04341	0.00487	0.00960
107	0.01013	0.00742	0.00953	0.01074	0.01174	0.00681	0.00739	0.01205	0.01720	0.02294	0.15774	0.52033	0.12952	0.02329	0.01013	0.00310	0.00448	0.02088	0.00778	0.00681
108	0.01627	0.04197	0.67279	0.02313	0.03512	0.01884	0.02998	0.02570	0.01713	0.02570	0.01456	0.01713	0.01028	0.00771	0.00771	0.00257	0.01199	0.00600	0.00343	0.01199
109	0.01792	0.12859	0.45157	0.02265	0.06712	0.05923	0.02511	0.02509	0.01746	0.02448	0.04101	0.01847	0.01327	0.00833	0.00844	0.00247	0.04747	0.00622	0.00375	0.01133
110	0.01005	0.00718	0.00960	0.01149	0.01203	0.00673	0.00782	0.01158	0.01570	0.02090	0.04463	0.67751	0.05331	0.02527	0.01040	0.00332	0.00485	0.05346	0.00753	0.00664
111	0.01630	0.01120	0.01333	0.01222	0.01467	0.01228	0.00936	0.12474	0.05322	0.02824	0.04676	0.03284	0.02269	0.11376	0.25718	0.00684	0.01185	0.00879	0.19524	0.00850
112	0.01278	0.00816	0.01083	0.01107	0.01266	0.00750	0.00795	0.01541	0.01947	0.07947	0.31679	0.36524	0.06106	0.02023	0.00983	0.00290	0.00450	0.01811	0.00836	0.00766
113	0.02328	0.02972	0.29774	0.02058	0.05078	0.07306	0.02079	0.18339	0.02367	0.10543	0.01946	0.04783	0.01467	0.00934	0.00786	0.00248	0.01008	0.00733	0.04045	0.01206
114	0.01963	0.24028	0.30258	0.02022	0.05582	0.07439	0.02117	0.05997	0.01852	0.02433	0.01535	0.01999	0.01277	0.01107	0.04268	0.00287	0.01124	0.03209	0.00402	0.01101
115	0.03031	0.03867	0.02299	0.02090	0.02508	0.68226	0.01568	0.03240	0.02299	0.01986	0.01254	0.01463	0.01045	0.00836	0.00732	0.00209	0.01463	0.00523	0.00418	0.00941
116	0.02497	0.23446	0.05841	0.01788	0.02330	0.26801	0.04730	0.05389	0.02029	0.05995	0.01516	0.01723	0.01224	0.00830	0.00745	0.00211	0.03563	0.00578	0.07751	0.01015
117	0.00959	0.00822	0.00822	0.00822	0.01096	0.00685	0.00617	0.01165	0.01850	0.02192	0.08220	0.07809	0.66092	0.02055	0.00959	0.00274	0.00411	0.01713	0.00754	0.00685
118	0.02064	0.01846	0.05419	0.04218	0.02314	0.01959	0.01409	0.04114	0.55844	0.06650	0.03127	0.02910	0.02321	0.01067	0.00822	0.00273	0.00691	0.00887	0.00791	0.01270
119	0.01595	0.03854	0.59944	0.05895	0.03493	0.01816	0.02829	0.02483	0.01742	0.02582	0.05169	0.01988	0.01412	0.00824	0.00784	0.00258	0.01146	0.00656	0.00375	0.01158
120	0.00989	0.00706	0.00942	0.01130	0.01177	0.00659	0.00753	0.01130	0.01554	0.02071	0.04472	0.70954	0.05367	0.02542	0.01036	0.00330	0.00471	0.02307	0.00753	0.00659
121	0.01821	0.02007	0.04206	0.06839	0.06238	0.01948	0.50306	0.02425	0.01838	0.02502	0.01816	0.07411	0.01533	0.00868	0.01028	0.00280	0.04428	0.01028	0.00431	0.01048
122	0.01710	0.01583	0.02603	0.53163	0.17380	0.01866	0.02261	0.05508	0.01786	0.02352	0.01486	0.02121	0.01138	0.00803	0.00810	0.00263	0.01048	0.00722	0.00393	0.01003
123	0.01683	0.01442	0.01683	0.01202	0.01923	0.01082	0.00961	0.02043	0.01683	0.02644	0.01442	0.01683	0.01202	0.00601	0.00601	0.00120	0.00601	0.00481	0.00481	0.76444
124	0.01705	0.05659	0.34390	0.02156	0.08467	0.07459	0.02146	0.02437	0.04625	0.02703	0.17268	0.02820	0.02734	0.01000	0.00809	0.00248	0.00965	0.00823	0.00510	0.01076

[dist]
# distance from previous block
# <min> <max>
0	1

[block]
# block no. 3 follows, 23 sequences, length 20
# corresponding to MSA columns:
# 360-379
name=unknown_D
#
# <colnr> <probs for GDERKNQSTAVLIFYWHMCP>
#	G	D	E	R	K	N	Q	S	T	A	V	L	I	F	Y	W	H	M	C	P
0	0.33758	0.16374	0.04693	0.01427	0.01934	0.07559	0.01251	0.06163	0.05187	0.02999	0.01388	0.01597	0.01124	0.00851	0.00771	0.00239	0.07097	0.00535	0.04077	0.00977
1	0.01245	0.00849	0.01104	0.01035	0.01244	0.00777	0.00778	0.01609	0.02252	0.05992	0.58524	0.08332	0.09815	0.01679	0.00954	0.00259	0.00401	0.01479	0.00887	0.00786
2	0.00989	0.00706	0.00942	0.01130	0.01177	0.00659	0.00753	0.01130	0.01554	0.02071	0.04472	0.70954	0.05367	0.02542	0.01036	0.00330	0.00471	0.02307	0.00753	0.00659
3	0.01873	0.02097	0.04440	0.09267	0.04236	0.02055	0.54319	0.02514	0.01849	0.02514	0.01589	0.02162	0.01208	0.00739	0.01046	0.00278	0.05425	0.00922	0.00403	0.01065
4	0.08881	0.02352	0.07914	0.01777	0.02378	0.09270	0.01523	0.25289	0.22227	0.06755	0.02240	0.02196	0.01641	0.00963	0.00778	0.00252	0.00872	0.00734	0.00714	0.01244
5	0.00987	0.00713	0.00934	0.01111	0.01172	0.00661	0.00745	0.01132	0.01572	0.02079	0.04707	0.66991	0.09178	0.02512	0.01031	0.00326	0.00467	0.02269	0.00753	0.00661
6	0.01996	0.01888	0.02762	0.13627	0.32642	0.05025	0.04958	0.05973	0.13745	0.02827	0.05005	0.02400	0.01779	0.00869	0.00821	0.00253	0.00932	0.00797	0.00521	0.01181
7	0.01755	0.01283	0.01513	0.01323	0.01598	0.01409	0.01042	0.15501	0.05298	0.03409	0.25464	0.07307	0.04023	0.01359	0.01050	0.00256	0.08812	0.01093	0.15572	0.00933
8	0.00989	0.00706	0.00942	0.01130	0.01177	0.00659	0.00753	0.01130	0.01554	0.02071	0.04472	0.70954	0.05367	0.02542	0.01036	0.00330	0.00471	0.02307	0.00753	0.00659
9	0.02603	0.38259	0.03322	0.01688	0.02293	0.21836	0.01471	0.15023	0.02273	0.02578	0.01330	0.01479	0.01111	0.00792	0.00640	0.00198	0.01045	0.00519	0.00461	0.01081
10	0.01003	0.00717	0.00954	0.01120	0.01180	0.00669	0.00754	0.01166	0.01620	0.02177	0.09985	0.65139	0.05572	0.02463	0.01029	0.00323	0.00463	0.02232	0.00766	0.00669
11	0.02884	0.02125	0.02305	0.01793	0.02392	0.02346	0.01474	0.57239	0.03609	0.04853	0.05501	0.02236	0.01759	0.01261	0.04111	0.00296	0.00927	0.00778	0.00798	0.01314
12	0.09606	0.02210	0.02169	0.06274	0.14314	0.17166	0.01547	0.17255	0.04618	0.03231	0.01755	0.02002	0.01365	0.00865	0.00725	0.00230	0.00937	0.00663	0.11981	0.01086
13	0.03031	0.03867	0.02299	0.02090	0.02508	0.68226	0.01568	0.03240	0.02299	0.01986	0.01254	0.01463	0.01045	0.00836	0.00732	0.00209	0.01463	0.00523	0.00418	0.00941
14	0.02019	0.01689	0.02068	0.07606	0.02479	0.03761	0.04124	0.10824	0.02016	0.05908	0.01581	0.01834	0.01243	0.00742	0.00779	0.00178	0.04061	0.00587	0.00530	0.45972
15	0.00983	0.00729	0.00918	0.01069	0.01161	0.00664	0.00726	0.01137	0.01612	0.02095	0.05215	0.58433	0.17408	0.02446	0.01020	0.00319	0.00459	0.02189	0.00753	0.00664
16	0.01982	0.07499	0.01864	0.01385	0.01785	0.01274	0.04927	0.02495	0.07122	0.19012	0.30068	0.07333	0.04605	0.01367	0.00883	0.00258	0.00605	0.03710	0.00824	0.01001
17	0.09333	0.12041	0.07712	0.02774	0.03560	0.02204	0.42530	0.05293	0.01900	0.02715	0.01523	0.01942	0.01166	0.00710	0.00835	0.00255	0.01195	0.00804	0.00425	0.01085
