[name]
unknown

[dist]
# distance from previous block
# <min> <max>
0	11

[block]
# block no. 0 follows, 22 sequences, length 12
# corresponding to MSA columns:
# 11-22
name=unknown_A
#
# <colnr> <probs for GDERKNQSTAVLIFYWHMCP>
#	G	D	E	R	K	N	Q	S	T	A	V	L	I	F	Y	W	H	M	C	P
0	0.01339	0.00956	0.01339	0.01530	0.01721	0.00956	0.01339	0.01721	0.01912	0.02486	0.04399	0.09371	0.04781	0.02295	0.01147	0.00382	0.00765	0.60031	0.00765	0.00765
1	0.01012	0.00723	0.00964	0.01157	0.01205	0.00675	0.00771	0.01157	0.01591	0.02121	0.04579	0.70262	0.05495	0.02603	0.01060	0.00337	0.00482	0.02362	0.00771	0.00675
2	0.03081	0.02288	0.02450	0.01896	0.02547	0.02540	0.01560	0.58708	0.08177	0.05111	0.02093	0.02073	0.01492	0.01006	0.00832	0.00252	0.00896	0.00762	0.00832	0.01406
3	0.70741	0.01665	0.01324	0.01159	0.01685	0.01921	0.00954	0.07316	0.01615	0.03849	0.01224	0.01402	0.00941	0.00789	0.00540	0.00256	0.00665	0.00474	0.00540	0.00941
4	0.02848	0.02173	0.02319	0.01849	0.02458	0.02432	0.01504	0.46284	0.20979	0.04736	0.02388	0.02308	0.01731	0.01034	0.00835	0.00259	0.00841	0.00802	0.00835	0.01385
5	0.01443	0.00722	0.01082	0.01082	0.01082	0.00722	0.00722	0.01082	0.01082	0.01443	0.01443	0.02525	0.01443	0.02886	0.03247	0.75830	0.00722	0.00722	0.00361	0.00361
6	0.01534	0.01423	0.02387	0.62687	0.05337	0.01772	0.02192	0.02065	0.01632	0.02105	0.01544	0.02310	0.01195	0.01320	0.06880	0.00373	0.01209	0.00752	0.00376	0.00906
7	0.01619	0.01528	0.02582	0.62277	0.11862	0.01859	0.02332	0.02166	0.01685	0.02183	0.01485	0.02199	0.01129	0.00821	0.00830	0.00274	0.01095	0.00738	0.00373	0.00963
8	0.15295	0.02241	0.02210	0.01765	0.02372	0.05967	0.01440	0.43526	0.09578	0.04628	0.01958	0.01973	0.01424	0.00965	0.00775	0.00252	0.00875	0.00706	0.00758	0.01293
9	0.06047	0.01275	0.01605	0.01405	0.01781	0.01280	0.03796	0.02653	0.15828	0.11802	0.24069	0.04635	0.04294	0.05853	0.01113	0.00306	0.00624	0.06448	0.00811	0.04376
10	0.32255	0.01407	0.01416	0.01221	0.01687	0.01457	0.00974	0.07858	0.01965	0.14150	0.08242	0.09759	0.07915	0.01214	0.00742	0.00259	0.00619	0.00949	0.00714	0.05200
11	0.12247	0.01720	0.02277	0.01786	0.02305	0.01809	0.09543	0.09945	0.05487	0.08754	0.02323	0.02509	0.06842	0.01037	0.01115	0.00255	0.12892	0.00790	0.00597	0.15767

[dist]
# distance from previous block
# <min> <max>
2	42

[block]
# block no. 1 follows, 22 sequences, length 69
# corresponding to MSA columns:
# 65-133
name=unknown_B
#
# <colnr> <probs for GDERKNQSTAVLIFYWHMCP>
#	G	D	E	R	K	N	Q	S	T	A	V	L	I	F	Y	W	H	M	C	P
0	0.01535	0.01077	0.01482	0.12989	0.02164	0.01098	0.01127	0.05356	0.02271	0.07748	0.41759	0.09353	0.05708	0.01518	0.00940	0.00268	0.00576	0.01335	0.00813	0.00883
1	0.06140	0.01519	0.01761	0.06277	0.02220	0.01406	0.01148	0.08432	0.08390	0.02995	0.02051	0.09464	0.01827	0.00951	0.00720	0.00195	0.00673	0.00786	0.00586	0.42457
2	0.20153	0.02024	0.02086	0.01640	0.02265	0.02208	0.01348	0.38779	0.05446	0.08394	0.01898	0.01921	0.01365	0.00926	0.00744	0.00244	0.00808	0.00674	0.00747	0.06330
3	0.65239	0.01680	0.01418	0.04184	0.01896	0.01941	0.01037	0.09088	0.01700	0.03822	0.01263	0.01459	0.00965	0.00799	0.00563	0.00257	0.00693	0.00495	0.00543	0.00957
4	0.06381	0.01742	0.01824	0.01636	0.02094	0.01998	0.01273	0.08356	0.51863	0.03527	0.03232	0.07464	0.02560	0.01197	0.00840	0.00282	0.00664	0.00993	0.00820	0.01255
5	0.01176	0.00849	0.01110	0.01045	0.01241	0.00784	0.00784	0.01568	0.02352	0.03331	0.65184	0.06206	0.07839	0.01698	0.00980	0.00261	0.00392	0.01502	0.00914	0.00784
6	0.01154	0.00841	0.01085	0.01039	0.01232	0.00772	0.00774	0.01521	0.02279	0.03195	0.58194	0.10013	0.11237	0.01775	0.00985	0.00267	0.00399	0.01567	0.00897	0.00772
7	0.01023	0.00731	0.00973	0.01150	0.01207	0.00682	0.00772	0.01183	0.01640	0.02199	0.08500	0.66118	0.05646	0.02544	0.01055	0.00332	0.00476	0.02306	0.00780	0.00682
8	0.01666	0.04297	0.66500	0.02368	0.03596	0.01929	0.03069	0.02631	0.01754	0.02631	0.01491	0.01754	0.01052	0.00789	0.00789	0.00263	0.01228	0.00614	0.00351	0.01228
9	0.03727	0.01414	0.01928	0.01478	0.02121	0.01221	0.01221	0.04049	0.02378	0.66198	0.03277	0.02828	0.02056	0.01028	0.00835	0.00257	0.00707	0.00835	0.01028	0.01414
10	0.01961	0.02241	0.04902	0.03501	0.04342	0.02101	0.62605	0.02661	0.01961	0.02661	0.01681	0.02241	0.01261	0.00700	0.00980	0.00280	0.01401	0.00980	0.00420	0.01120
11	0.01187	0.00890	0.01335	0.01335	0.01483	0.01038	0.01038	0.01483	0.01335	0.01928	0.02225	0.03264	0.02077	0.06231	0.67512	0.01335	0.02225	0.00890	0.00445	0.00742
12	0.02221	0.71304	0.04353	0.01421	0.02132	0.03287	0.01421	0.02488	0.01688	0.01955	0.01155	0.01333	0.01066	0.00711	0.00533	0.00178	0.00888	0.00444	0.00355	0.01066
13	0.01187	0.00890	0.01335	0.01335	0.01483	0.01038	0.01038	0.01483	0.01335	0.01928	0.02225	0.03264	0.02077	0.06231	0.67512	0.01335	0.02225	0.00890	0.00445	0.00742
14	0.03004	0.02739	0.02633	0.02097	0.02705	0.19981	0.06638	0.39681	0.05551	0.04095	0.01829	0.01922	0.01349	0.00939	0.00822	0.00244	0.01102	0.00717	0.00689	0.01264
15	0.01187	0.00890	0.01335	0.01335	0.01483	0.01038	0.01038	0.01483	0.01335	0.01928	0.02225	0.03264	0.02077	0.06231	0.67512	0.01335	0.02225	0.00890	0.00445	0.00742
16	0.01569	0.01477	0.02492	0.68808	0.05722	0.01846	0.02307	0.02123	0.01661	0.02123	0.01477	0.02215	0.01107	0.00831	0.00831	0.00277	0.01107	0.00738	0.00369	0.00923
17	0.61905	0.01568	0.01364	0.01171	0.01711	0.01734	0.00965	0.02767	0.01609	0.16374	0.01586	0.01649	0.01134	0.00823	0.00579	0.00257	0.00656	0.00528	0.00618	0.01004
18	0.03165	0.01561	0.01878	0.01513	0.02075	0.04294	0.01222	0.05941	0.12034	0.45103	0.09362	0.03119	0.02643	0.01102	0.00847	0.00259	0.00710	0.00902	0.00955	0.01315
19	0.02221	0.71304	0.04353	0.01421	0.02132	0.03287	0.01421	0.02488	0.01688	0.01955	0.01155	0.01333	0.01066	0.00711	0.00533	0.00178	0.00888	0.00444	0.00355	0.01066
20	0.76672	0.01607	0.01221	0.01092	0.01607	0.01864	0.00900	0.02442	0.01414	0.03727	0.01157	0.01350	0.00900	0.00771	0.00514	0.00257	0.00643	0.00450	0.00514	0.00900
21	0.01638	0.01514	0.02492	0.65890	0.05584	0.01878	0.02275	0.04771	0.01759	0.02258	0.01499	0.02205	0.01121	0.00838	0.00831	0.00276	0.01099	0.00739	0.00389	0.00944
22	0.01845	0.02024	0.03774	0.02825	0.03436	0.06260	0.41863	0.02390	0.01947	0.02589	0.08398	0.10069	0.02374	0.01066	0.01074	0.00285	0.05121	0.01141	0.00506	0.01014
23	0.01163	0.00849	0.01092	0.01031	0.01233	0.00778	0.00774	0.01542	0.02321	0.03258	0.61341	0.06327	0.11727	0.01726	0.00980	0.00263	0.00394	0.01519	0.00905	0.00778
24	0.02372	0.01568	0.01653	0.01356	0.01790	0.01696	0.01091	0.33090	0.02849	0.04191	0.02344	0.02533	0.01763	0.00983	0.00709	0.00222	0.00657	0.00761	0.37271	0.01101
25	0.01031	0.00857	0.00910	0.00936	0.01205	0.00736	0.00729	0.01265	0.01896	0.02278	0.07862	0.08185	0.56943	0.02130	0.01005	0.00295	0.00468	0.09788	0.00771	0.00710
26	0.01660	0.01613	0.02631	0.46398	0.04638	0.02059	0.05270	0.02115	0.01565	0.02115	0.01377	0.02103	0.01110	0.01002	0.01380	0.00302	0.20615	0.00748	0.00370	0.00929
27	0.01704	0.08833	0.62294	0.02304	0.03496	0.02021	0.02958	0.02621	0.01749	0.02585	0.01468	0.01725	0.01053	0.00784	0.00772	0.00257	0.01205	0.00602	0.00351	0.01217
28	0.76672	0.01607	0.01221	0.01092	0.01607	0.01864	0.00900	0.02442	0.01414	0.03727	0.01157	0.01350	0.00900	0.00771	0.00514	0.00257	0.00643	0.00450	0.00514	0.00900
29	0.01666	0.04297	0.66500	0.02368	0.03596	0.01929	0.03069	0.02631	0.01754	0.02631	0.01491	0.01754	0.01052	0.00789	0.00789	0.00263	0.01228	0.00614	0.00351	0.01228
30	0.01569	0.01477	0.02492	0.68808	0.05722	0.01846	0.02307	0.02123	0.01661	0.02123	0.01477	0.02215	0.01107	0.00831	0.00831	0.00277	0.01107	0.00738	0.00369	0.00923
31	0.01208	0.00805	0.00906	0.00906	0.00906	0.00805	0.00503	0.01208	0.01208	0.01611	0.02618	0.05436	0.03020	0.70804	0.04228	0.00805	0.00805	0.01208	0.00503	0.00503
32	0.01049	0.00804	0.00962	0.01007	0.01185	0.00717	0.00723	0.01290	0.01925	0.02521	0.23738	0.28478	0.28299	0.02153	0.01008	0.00294	0.00433	0.01885	0.00813	0.00717
33	0.01012	0.00723	0.00964	0.01157	0.01205	0.00675	0.00771	0.01157	0.01591	0.02121	0.04579	0.70262	0.05495	0.02603	0.01060	0.00337	0.00482	0.02362	0.00771	0.00675
34	0.01012	0.00723	0.00964	0.01157	0.01205	0.00675	0.00771	0.01157	0.01591	0.02121	0.04579	0.70262	0.05495	0.02603	0.01060	0.00337	0.00482	0.02362	0.00771	0.00675
35	0.01899	0.01813	0.03088	0.25647	0.46303	0.01933	0.02471	0.02412	0.01817	0.02523	0.01535	0.02107	0.01249	0.00769	0.00825	0.00256	0.01026	0.00740	0.00398	0.01189
36	0.02056	0.01974	0.03372	0.05099	0.65622	0.01974	0.02550	0.02550	0.01892	0.02714	0.01563	0.02056	0.01316	0.00740	0.00822	0.00247	0.00987	0.00740	0.00411	0.01316
37	0.02371	0.01796	0.01947	0.01688	0.02198	0.02019	0.01331	0.10294	0.50808	0.10979	0.03229	0.02956	0.02366	0.01102	0.00843	0.00276	0.00689	0.00908	0.00865	0.01336
38	0.03103	0.03959	0.02354	0.02140	0.02568	0.67469	0.01605	0.03317	0.02354	0.02033	0.01284	0.01498	0.01070	0.00856	0.00749	0.00214	0.01498	0.00535	0.00428	0.00963
39	0.03350	0.06848	0.02237	0.01607	0.02238	0.04319	0.01333	0.16315	0.07207	0.41511	0.02781	0.02511	0.01845	0.00999	0.00810	0.00250	0.00791	0.00784	0.00900	0.01363
40	0.02221	0.71304	0.04353	0.01421	0.02132	0.03287	0.01421	0.02488	0.01688	0.01955	0.01155	0.01333	0.01066	0.00711	0.00533	0.00178	0.00888	0.00444	0.00355	0.01066
41	0.01443	0.00722	0.01082	0.01082	0.01082	0.00722	0.00722	0.01082	0.01082	0.01443	0.01443	0.02525	0.01443	0.02886	0.03247	0.75830	0.00722	0.00722	0.00361	0.00361
42	0.01443	0.00722	0.01082	0.01082	0.01082	0.00722	0.00722	0.01082	0.01082	0.01443	0.01443	0.02525	0.01443	0.02886	0.03247	0.75830	0.00722	0.00722	0.00361	0.00361
43	0.01961	0.02241	0.04902	0.03501	0.04342	0.02101	0.62605	0.02661	0.01961	0.02661	0.01681	0.02241	0.01261	0.00700	0.00980	0.00280	0.01401	0.00980	0.00420	0.01120
44	0.01733	0.00972	0.01289	0.01140	0.01433	0.00879	0.00879	0.02109	0.02357	0.17050	0.51675	0.05468	0.06577	0.01552	0.00948	0.00260	0.00461	0.01357	0.00939	0.00921
45	0.01569	0.01477	0.02492	0.68808	0.05722	0.01846	0.02307	0.02123	0.01661	0.02123	0.01477	0.02215	0.01107	0.00831	0.00831	0.00277	0.01107	0.00738	0.00369	0.00923
46	0.01569	0.01477	0.02492	0.68808	0.05722	0.01846	0.02307	0.02123	0.01661	0.02123	0.01477	0.02215	0.01107	0.00831	0.00831	0.00277	0.01107	0.00738	0.00369	0.00923
47	0.01015	0.00822	0.00907	0.00966	0.01185	0.00714	0.00716	0.01223	0.01824	0.02233	0.07224	0.22672	0.46861	0.02235	0.01012	0.00301	0.00460	0.06160	0.00771	0.00700
48	0.76672	0.01607	0.01221	0.01092	0.01607	0.01864	0.00900	0.02442	0.01414	0.03727	0.01157	0.01350	0.00900	0.00771	0.00514	0.00257	0.00643	0.00450	0.00514	0.00900
49	0.03148	0.01290	0.01753	0.01408	0.01947	0.01131	0.01154	0.03485	0.02345	0.51630	0.13833	0.03802	0.03203	0.01220	0.00879	0.00265	0.00657	0.04589	0.00993	0.01267
50	0.20676	0.01616	0.01840	0.01441	0.02064	0.01590	0.01188	0.13312	0.02357	0.36686	0.02432	0.02260	0.01616	0.00932	0.00743	0.00246	0.00720	0.00705	0.00835	0.06742
51	0.02714	0.01902	0.02203	0.01913	0.06553	0.01991	0.01455	0.38036	0.03104	0.11129	0.02664	0.06692	0.05083	0.01170	0.00852	0.00254	0.00817	0.03932	0.00790	0.06744
52	0.02056	0.01974	0.03372	0.05099	0.65622	0.01974	0.02550	0.02550	0.01892	0.02714	0.01563	0.02056	0.01316	0.00740	0.00822	0.00247	0.00987	0.00740	0.00411	0.01316
53	0.07203	0.01656	0.01921	0.01566	0.02128	0.01711	0.01265	0.14192	0.20332	0.30038	0.06768	0.02882	0.02371	0.01078	0.00828	0.00263	0.00706	0.00869	0.00904	0.01317
54	0.02025	0.01942	0.03315	0.09221	0.61747	0.01966	0.02534	0.02522	0.01877	0.02676	0.01557	0.02066	0.01302	0.00746	0.00823	0.00249	0.00995	0.00740	0.00408	0.01290
55	0.01786	0.01514	0.01757	0.01261	0.01996	0.01172	0.01011	0.04776	0.01819	0.02819	0.01499	0.01735	0.01239	0.00632	0.00625	0.00129	0.00628	0.00503	0.00507	0.72593
56	0.01013	0.00759	0.00941	0.01073	0.01186	0.00687	0.00737	0.01186	0.01704	0.02212	0.08577	0.51593	0.20448	0.02433	0.01037	0.00319	0.00462	0.02168	0.00778	0.00687
57	0.01187	0.00890	0.01335	0.01335	0.01483	0.01038	0.01038	0.01483	0.01335	0.01928	0.02225	0.03264	0.02077	0.06231	0.67512	0.01335	0.02225	0.00890	0.00445	0.00742
58	0.01176	0.00849	0.01110	0.01045	0.01241	0.00784	0.00784	0.01568	0.02352	0.03331	0.65184	0.06206	0.07839	0.01698	0.00980	0.00261	0.00392	0.01502	0.00914	0.00784
59	0.01723	0.01477	0.01723	0.01230	0.01969	0.01107	0.00984	0.02092	0.01723	0.02707	0.01477	0.01723	0.01230	0.00615	0.00615	0.00123	0.00615	0.00492	0.00492	0.75883
60	0.03727	0.01414	0.01928	0.01478	0.02121	0.01221	0.01221	0.04049	0.02378	0.66198	0.03277	0.02828	0.02056	0.01028	0.00835	0.00257	0.00707	0.00835	0.01028	0.01414
61	0.02066	0.01785	0.01878	0.01691	0.02160	0.02066	0.01315	0.04414	0.64121	0.03475	0.03381	0.03099	0.02536	0.01127	0.00845	0.00282	0.00657	0.00939	0.00845	0.01315
62	0.01187	0.00890	0.01335	0.01335	0.01483	0.01038	0.01038	0.01483	0.01335	0.01928	0.02225	0.03264	0.02077	0.06231	0.67512	0.01335	0.02225	0.00890	0.00445	0.00742
63	0.01176	0.00849	0.01110	0.01045	0.01241	0.00784	0.00784	0.01568	0.02352	0.03331	0.65184	0.06206	0.07839	0.01698	0.00980	0.00261	0.00392	0.01502	0.00914	0.00784
64	0.01569	0.01328	0.01415	0.01309	0.01674	0.01416	0.01006	0.02907	0.34009	0.03039	0.14204	0.05210	0.24488	0.01541	0.00911	0.00278	0.00538	0.01297	0.00831	0.01030
65	0.01666	0.04297	0.66500	0.02368	0.03596	0.01929	0.03069	0.02631	0.01754	0.02631	0.01491	0.01754	0.01052	0.00789	0.00789	0.00263	0.01228	0.00614	0.00351	0.01228
66	0.01149	0.00829	0.01087	0.01063	0.01235	0.00766	0.00782	0.01501	0.02228	0.03136	0.55384	0.16564	0.07459	0.01845	0.00993	0.00274	0.00406	0.01641	0.00891	0.00766
67	0.01897	0.01625	0.02039	0.01471	0.02209	0.01340	0.05559	0.08757	0.01978	0.02979	0.01548	0.01790	0.01253	0.00663	0.00665	0.00148	0.00705	0.00556	0.00524	0.62294
68	0.06112	0.00934	0.00990	0.00938	0.01246	0.00828	0.00717	0.01544	0.01974	0.07200	0.16985	0.06890	0.46966	0.01872	0.00941	0.00274	0.00451	0.01560	0.00797	0.00780

[dist]
# distance from previous block
# <min> <max>
0	19

[block]
# block no. 2 follows, 22 sequences, length 11
# corresponding to MSA columns:
# 153-163
name=unknown_C
#
# <colnr> <probs for GDERKNQSTAVLIFYWHMCP>
#	G	D	E	R	K	N	Q	S	T	A	V	L	I	F	Y	W	H	M	C	P
0	0.12445	0.02813	0.02213	0.07465	0.02611	0.33275	0.01554	0.09100	0.02147	0.02643	0.01345	0.01648	0.01100	0.00921	0.00989	0.00242	0.10318	0.00586	0.00473	0.06111
1	0.01653	0.01211	0.01655	0.06060	0.02007	0.01233	0.05090	0.09903	0.02039	0.05566	0.07544	0.11990	0.07977	0.15774	0.01654	0.00411	0.00778	0.15911	0.00694	0.00850
2	0.01679	0.01534	0.02519	0.37720	0.09519	0.01802	0.07002	0.02162	0.01667	0.02352	0.01615	0.02253	0.01277	0.00906	0.01052	0.00270	0.10025	0.00754	0.10441	0.03452
3	0.01209	0.00868	0.01045	0.01142	0.01309	0.00840	0.00849	0.01600	0.06215	0.02461	0.06660	0.33828	0.15692	0.02116	0.00979	0.00309	0.00513	0.10959	0.10652	0.00756
4	0.01325	0.00986	0.01426	0.01296	0.01555	0.00894	0.07021	0.01605	0.01916	0.06618	0.19289	0.24850	0.20560	0.05347	0.01156	0.00317	0.00569	0.01709	0.00773	0.00792
5	0.02386	0.01507	0.01759	0.01358	0.01968	0.01368	0.01094	0.10564	0.07934	0.18036	0.02305	0.02326	0.01687	0.00855	0.00711	0.00195	0.00649	0.00684	0.10603	0.32011
6	0.01617	0.01470	0.02297	0.47194	0.04474	0.01825	0.01998	0.05368	0.01725	0.02280	0.01864	0.11149	0.01702	0.01158	0.01115	0.00295	0.10154	0.00952	0.00447	0.00915
7	0.16447	0.01469	0.01721	0.10394	0.02322	0.01578	0.01254	0.15337	0.02402	0.11106	0.21176	0.03542	0.03421	0.01195	0.00827	0.00264	0.00700	0.03057	0.00755	0.01035
8	0.03053	0.02192	0.02373	0.01852	0.02490	0.02416	0.01519	0.51082	0.11765	0.09192	0.02266	0.02198	0.01606	0.01017	0.00833	0.00254	0.00866	0.00779	0.00846	0.01400
9	0.01191	0.00928	0.01232	0.01280	0.01357	0.00987	0.00908	0.01345	0.01491	0.02059	0.03560	0.45293	0.04161	0.10825	0.06185	0.00455	0.09870	0.01810	0.00648	0.04415
10	0.02611	0.02239	0.02160	0.01832	0.02356	0.10960	0.01469	0.29007	0.24945	0.03952	0.02592	0.02934	0.02046	0.01132	0.00851	0.00267	0.00889	0.05717	0.00777	0.01264

[dist]
# distance from previous block
# <min> <max>
4	12

[block]
# block no. 3 follows, 22 sequences, length 15
# corresponding to MSA columns:
# 176-190
name=unknown_D
#
# <colnr> <probs for GDERKNQSTAVLIFYWHMCP>
#	G	D	E	R	K	N	Q	S	T	A	V	L	I	F	Y	W	H	M	C	P
0	0.05794	0.01698	0.02864	0.05550	0.02924	0.01698	0.24445	0.06041	0.10561	0.07815	0.18162	0.03348	0.03147	0.01063	0.00911	0.00271	0.00911	0.01044	0.00674	0.01078
1	0.01598	0.01106	0.01394	0.01176	0.01584	0.00938	0.00925	0.01975	0.02128	0.08989	0.35364	0.04695	0.05022	0.01336	0.00863	0.00226	0.00516	0.05020	0.00783	0.24364
2	0.02749	0.09161	0.02345	0.01751	0.02278	0.26565	0.01402	0.09189	0.02270	0.13132	0.01984	0.02075	0.03913	0.00940	0.00872	0.00220	0.05584	0.00654	0.00582	0.12334
3	0.02020	0.01937	0.03307	0.09814	0.61189	0.01964	0.02532	0.02518	0.01875	0.02670	0.01556	0.02068	0.01300	0.00747	0.00823	0.00249	0.00996	0.00740	0.00408	0.01287
4	0.01984	0.01682	0.04759	0.01626	0.02253	0.01471	0.07045	0.02904	0.18322	0.09268	0.02373	0.05565	0.01924	0.03704	0.00906	0.00237	0.00738	0.00812	0.00641	0.31789
5	0.01122	0.00818	0.00909	0.00933	0.01041	0.00767	0.00607	0.01223	0.01504	0.01907	0.04821	0.11617	0.24398	0.38907	0.02733	0.00571	0.00648	0.04250	0.00628	0.00596
6	0.01349	0.00838	0.01083	0.01083	0.01252	0.00920	0.00833	0.01687	0.01518	0.02454	0.02443	0.03189	0.02100	0.03865	0.37428	0.00822	0.01399	0.00838	0.34143	0.00756
7	0.01619	0.01545	0.02502	0.55501	0.05015	0.01985	0.02209	0.02098	0.01583	0.02098	0.01399	0.02135	0.01104	0.00955	0.01209	0.00294	0.14724	0.00736	0.00368	0.00920
8	0.03158	0.02327	0.02493	0.01911	0.02576	0.02576	0.01579	0.62852	0.03906	0.05236	0.01995	0.01995	0.01413	0.00997	0.00831	0.00249	0.00914	0.00748	0.00831	0.01413
9	0.01339	0.00956	0.01339	0.01530	0.01721	0.00956	0.01339	0.01721	0.01912	0.02486	0.04399	0.09371	0.04781	0.02295	0.01147	0.00382	0.00765	0.60031	0.00765	0.00765
10	0.01731	0.12124	0.59241	0.02257	0.03425	0.02088	0.02877	0.02614	0.01746	0.02552	0.01452	0.01705	0.01054	0.00780	0.00759	0.00253	0.01188	0.00594	0.00351	0.01209
11	0.02743	0.31478	0.03171	0.01847	0.02390	0.41243	0.01530	0.02978	0.02082	0.02001	0.01231	0.01430	0.01068	0.00797	0.00661	0.00199	0.01249	0.00498	0.00398	0.01005
12	0.01009	0.00736	0.00951	0.01122	0.01196	0.00678	0.00756	0.01161	0.01623	0.02134	0.04996	0.63491	0.11996	0.02548	0.01052	0.00331	0.00475	0.02296	0.00771	0.00678
13	0.03109	0.03784	0.02369	0.02116	0.02569	0.60510	0.01602	0.09702	0.02521	0.02377	0.01360	0.01551	0.01107	0.00871	0.00758	0.00218	0.01435	0.00558	0.00471	0.01011
14	0.02677	0.01951	0.02127	0.05027	0.02396	0.02162	0.01404	0.43715	0.08152	0.04481	0.02210	0.02392	0.01656	0.03725	0.00928	0.00267	0.00821	0.00785	0.11876	0.01250

[dist]
# distance from previous block
# <min> <max>
3	15

[block]
# block no. 4 follows, 22 sequences, length 12
# corresponding to MSA columns:
# 207-218
name=unknown_E
#
# <colnr> <probs for GDERKNQSTAVLIFYWHMCP>
#	G	D	E	R	K	N	Q	S	T	A	V	L	I	F	Y	W	H	M	C	P
0	0.20718	0.01620	0.01849	0.09102	0.07567	0.01780	0.01360	0.05247	0.21449	0.06520	0.02349	0.07300	0.01920	0.01033	0.00756	0.00261	0.00726	0.00836	0.00650	0.06957
1	0.19653	0.06361	0.02141	0.08839	0.02534	0.16146	0.01414	0.17103	0.02397	0.08349	0.06083	0.02085	0.01670	0.00932	0.00734	0.00244	0.00944	0.00675	0.00615	0.01081
2	0.09902	0.01420	0.01658	0.01441	0.01873	0.01447	0.01144	0.14466	0.06957	0.20799	0.08223	0.17300	0.03212	0.01467	0.00881	0.00282	0.00668	0.04907	0.00845	0.01108
3	0.42714	0.04376	0.01847	0.01412	0.01981	0.01700	0.06089	0.02875	0.01795	0.21399	0.05162	0.02099	0.01630	0.00885	0.00670	0.00256	0.00720	0.00659	0.00668	0.01065
4	0.48887	0.07171	0.04442	0.11259	0.02396	0.01989	0.01283	0.06654	0.01694	0.03399	0.03424	0.01702	0.01219	0.00823	0.00612	0.00254	0.00766	0.00555	0.00509	0.00962
5	0.28792	0.01977	0.06748	0.07010	0.02323	0.08320	0.01355	0.05962	0.05685	0.13360	0.08879	0.02384	0.02030	0.00964	0.00725	0.00256	0.00810	0.00719	0.00644	0.01055
6	0.01628	0.01503	0.02281	0.34118	0.03731	0.01953	0.01891	0.02003	0.01517	0.02155	0.01616	0.06195	0.01446	0.01183	0.01539	0.00306	0.26731	0.00834	0.06480	0.00891
7	0.01180	0.00810	0.00957	0.00968	0.01008	0.00808	0.00592	0.01252	0.01358	0.01827	0.07588	0.10672	0.05666	0.52714	0.08563	0.00750	0.00846	0.01318	0.00560	0.00564
8	0.01957	0.01683	0.02092	0.01565	0.02260	0.01506	0.06103	0.09287	0.12001	0.03109	0.01857	0.02016	0.01463	0.00747	0.00706	0.00175	0.00719	0.00632	0.00581	0.49542
9	0.02009	0.01719	0.01836	0.01678	0.02126	0.01979	0.01317	0.04202	0.59209	0.03397	0.03462	0.03595	0.02713	0.01219	0.00869	0.00290	0.00666	0.05605	0.00839	0.01271
10	0.01235	0.00882	0.01111	0.01219	0.01323	0.00867	0.00850	0.06286	0.01762	0.02347	0.04134	0.52890	0.04829	0.10054	0.01401	0.00386	0.00575	0.06380	0.00746	0.00723
11	0.01946	0.01470	0.01746	0.01258	0.01986	0.01120	0.01011	0.02310	0.01796	0.09788	0.01677	0.01846	0.01323	0.00661	0.00640	0.00138	0.00625	0.00530	0.00552	0.67577

[dist]
# distance from previous block
# <min> <max>
4	13

[block]
# block no. 5 follows, 22 sequences, length 9
# corresponding to MSA columns:
# 232-240
name=unknown_F
#
# <colnr> <probs for GDERKNQSTAVLIFYWHMCP>
#	G	D	E	R	K	N	Q	S	T	A	V	L	I	F	Y	W	H	M	C	P
0	0.02250	0.01750	0.02283	0.01697	0.02390	0.01602	0.08503	0.16801	0.04351	0.08703	0.01940	0.04218	0.01529	0.00833	0.00751	0.00195	0.00785	0.00716	0.00630	0.38075
1	0.02669	0.02038	0.02197	0.01768	0.02347	0.02239	0.01426	0.41391	0.17660	0.04460	0.02473	0.07106	0.01956	0.01120	0.00839	0.00256	0.00807	0.00893	0.00811	0.05545
2	0.49599	0.01539	0.01460	0.03774	0.01886	0.01681	0.01037	0.05257	0.01768	0.18177	0.01784	0.01851	0.01267	0.00854	0.00617	0.00254	0.00672	0.00581	0.04909	0.01034
3	0.02024	0.02185	0.02813	0.02341	0.02510	0.12026	0.09435	0.02276	0.01518	0.02088	0.01193	0.01824	0.01109	0.01271	0.02216	0.00331	0.50785	0.00731	0.00380	0.00943
4	0.01199	0.00965	0.01416	0.01370	0.01588	0.00862	0.06148	0.01424	0.01642	0.02254	0.03873	0.54314	0.04502	0.02146	0.00988	0.00301	0.00581	0.01968	0.00700	0.11761
5	0.01739	0.01356	0.01680	0.01785	0.06394	0.01451	0.01327	0.04621	0.24699	0.04890	0.07172	0.12550	0.03779	0.01679	0.00976	0.00316	0.00693	0.21069	0.00788	0.01036
6	0.01152	0.00831	0.01089	0.01062	0.01236	0.00768	0.00782	0.01507	0.02239	0.03152	0.56227	0.15673	0.07492	0.01832	0.00992	0.00273	0.00405	0.01629	0.00893	0.00768
7	0.01730	0.01503	0.01849	0.11197	0.02537	0.01299	0.01207	0.02297	0.07108	0.02688	0.01641	0.01914	0.01325	0.00691	0.00667	0.00159	0.00691	0.00567	0.00505	0.58425
8	0.43913	0.02006	0.12548	0.04547	0.04186	0.01723	0.01407	0.02506	0.01640	0.07804	0.05060	0.01886	0.01447	0.00837	0.00641	0.00250	0.00763	0.00590	0.00535	0.05711

[dist]
# distance from previous block
# <min> <max>
1	18

[block]
# block no. 6 follows, 22 sequences, length 12
# corresponding to MSA columns:
# 259-270
name=unknown_G
#
# <colnr> <probs for GDERKNQSTAVLIFYWHMCP>
#	G	D	E	R	K	N	Q	S	T	A	V	L	I	F	Y	W	H	M	C	P
0	0.01684	0.01266	0.01537	0.01395	0.01822	0.01175	0.01117	0.02371	0.12924	0.06442	0.03207	0.15212	0.03153	0.01502	0.00884	0.00263	0.00647	0.16794	0.00705	0.25899
1	0.01064	0.00868	0.00955	0.00999	0.01259	0.00760	0.00793	0.01313	0.01898	0.02300	0.07495	0.08310	0.51420	0.02148	0.01020	0.00304	0.00500	0.15108	0.00770	0.00716
2	0.02257	0.01602	0.01831	0.01482	0.02083	0.01556	0.01177	0.03498	0.29642	0.15112	0.02667	0.02546	0.01969	0.00922	0.00760	0.00219	0.00651	0.00757	0.00751	0.28518
3	0.01591	0.01506	0.02496	0.62968	0.05411	0.01907	0.02264	0.02112	0.01627	0.02112	0.01443	0.02180	0.01106	0.00885	0.00997	0.00284	0.07083	0.00737	0.00369	0.00922
4	0.03158	0.02327	0.02493	0.01911	0.02576	0.02576	0.01579	0.62852	0.03906	0.05236	0.01995	0.01995	0.01413	0.00997	0.00831	0.00249	0.00914	0.00748	0.00831	0.01413
5	0.01945	0.02093	0.04260	0.10655	0.20222	0.02042	0.40956	0.02577	0.01912	0.02619	0.01629	0.02191	0.01259	0.00724	0.00924	0.00271	0.01264	0.00894	0.00413	0.01150
6	0.03158	0.02327	0.02493	0.01911	0.02576	0.02576	0.01579	0.62852	0.03906	0.05236	0.01995	0.01995	0.01413	0.00997	0.00831	0.00249	0.00914	0.00748	0.00831	0.01413
7	0.03056	0.02320	0.02699	0.02047	0.02727	0.02536	0.06791	0.57712	0.03740	0.05016	0.01968	0.02016	0.01400	0.00972	0.00844	0.00252	0.00956	0.00768	0.00796	0.01388
8	0.02774	0.02141	0.02134	0.01718	0.02266	0.07281	0.01388	0.42088	0.09645	0.04450	0.02201	0.02253	0.01621	0.00995	0.00785	0.00241	0.00846	0.00755	0.13157	0.01262
9	0.02888	0.06404	0.02397	0.02047	0.02474	0.50252	0.01587	0.09256	0.02401	0.02389	0.01550	0.02084	0.01354	0.00991	0.00875	0.00235	0.04795	0.04537	0.00486	0.00998
10	0.01012	0.00723	0.00964	0.01157	0.01205	0.00675	0.00771	0.01157	0.01591	0.02121	0.04579	0.70262	0.05495	0.02603	0.01060	0.00337	0.00482	0.02362	0.00771	0.00675
11	0.01743	0.01488	0.01708	0.01306	0.01960	0.01250	0.01030	0.02442	0.12514	0.02808	0.01977	0.05725	0.01691	0.00813	0.00679	0.00162	0.00615	0.00672	0.00569	0.58849

[dist]
# distance from previous block
# <min> <max>
1	6

[block]
# block no. 7 follows, 22 sequences, length 7
# corresponding to MSA columns:
# 277-283
name=unknown_H
#
# <colnr> <probs for GDERKNQSTAVLIFYWHMCP>
#	G	D	E	R	K	N	Q	S	T	A	V	L	I	F	Y	W	H	M	C	P
0	0.01753	0.01503	0.01736	0.01271	0.01985	0.01191	0.01013	0.02294	0.07163	0.02774	0.01643	0.01843	0.01344	0.00660	0.00635	0.00137	0.00619	0.00531	0.00523	0.69382
1	0.01187	0.00890	0.01335	0.01335	0.01483	0.01038	0.01038	0.01483	0.01335	0.01928	0.02225	0.03264	0.02077	0.06231	0.67512	0.01335	0.02225	0.00890	0.00445	0.00742
2	0.11215	0.23900	0.16526	0.02530	0.10760	0.02388	0.16611	0.02560	0.01759	0.02575	0.01400	0.01729	0.01121	0.00735	0.00726	0.00238	0.01063	0.00645	0.00397	0.01122
3	0.01877	0.04002	0.51098	0.02481	0.03563	0.09892	0.10266	0.02718	0.01852	0.02562	0.01489	0.01783	0.01080	0.00786	0.00808	0.00259	0.01282	0.00650	0.00369	0.01182
4	0.11059	0.01342	0.01791	0.01479	0.01913	0.01310	0.08407	0.06275	0.05422	0.09670	0.21080	0.08823	0.11350	0.01371	0.00877	0.00263	0.00649	0.01197	0.00757	0.04967
5	0.28994	0.10478	0.11841	0.01539	0.02143	0.02033	0.01464	0.06375	0.01683	0.03016	0.01356	0.01662	0.01107	0.01152	0.04649	0.00305	0.08896	0.00557	0.00467	0.10283
6	0.32432	0.04957	0.01730	0.09583	0.02259	0.01689	0.01169	0.06817	0.01860	0.09947	0.05194	0.02413	0.06016	0.00940	0.00680	0.00241	0.00708	0.00697	0.00601	0.10069

[dist]
# distance from previous block
# <min> <max>
0	14

[block]
# block no. 8 follows, 22 sequences, length 10
# corresponding to MSA columns:
# 298-307
name=unknown_I
#
# <colnr> <probs for GDERKNQSTAVLIFYWHMCP>
#	G	D	E	R	K	N	Q	S	T	A	V	L	I	F	Y	W	H	M	C	P
0	0.05709	0.05350	0.02227	0.01729	0.02322	0.19470	0.01378	0.20796	0.09384	0.03376	0.01762	0.01863	0.01365	0.00860	0.00733	0.00210	0.00957	0.00625	0.00610	0.19275
1	0.10911	0.01420	0.01826	0.01512	0.01880	0.01534	0.04005	0.02201	0.01666	0.09595	0.04863	0.02750	0.06454	0.01527	0.06523	0.00341	0.17808	0.00799	0.07535	0.14849
2	0.10885	0.01669	0.02165	0.22781	0.09909	0.01876	0.01676	0.15473	0.07017	0.07435	0.01960	0.02255	0.01455	0.00901	0.00767	0.00255	0.00859	0.00733	0.08816	0.01113
3	0.14784	0.01536	0.01662	0.06119	0.02099	0.01626	0.01183	0.21209	0.02444	0.03553	0.07375	0.06316	0.15297	0.01341	0.00833	0.00264	0.00701	0.05053	0.00708	0.05897
4	0.01919	0.01489	0.01788	0.01354	0.01980	0.01275	0.01096	0.05875	0.01918	0.07582	0.05286	0.02394	0.01809	0.00854	0.00825	0.00175	0.05119	0.03070	0.00579	0.53611
5	0.02372	0.02177	0.10788	0.02666	0.19318	0.01932	0.01880	0.12322	0.18467	0.11559	0.02311	0.02360	0.01706	0.00916	0.00814	0.00252	0.00862	0.00774	0.00665	0.05857
6	0.02003	0.01919	0.03275	0.12100	0.59040	0.01960	0.02523	0.02503	0.01866	0.02649	0.01553	0.02074	0.01293	0.00750	0.00823	0.00250	0.01000	0.00740	0.00407	0.01273
7	0.02762	0.02027	0.02201	0.01728	0.02284	0.02218	0.01399	0.50514	0.03513	0.04732	0.10274	0.02786	0.02364	0.06016	0.01090	0.00290	0.00838	0.00879	0.00819	0.01267
8	0.01417	0.00986	0.01238	0.01162	0.01396	0.01007	0.00874	0.04460	0.01599	0.02418	0.02445	0.08224	0.02312	0.11341	0.28628	0.00739	0.01254	0.00953	0.17007	0.10540
9	0.03016	0.02256	0.02413	0.01883	0.02522	0.02510	0.01545	0.55236	0.11753	0.05006	0.02175	0.02139	0.01559	0.01014	0.00833	0.00254	0.00881	0.00773	0.00833	0.01400

[dist]
# distance from previous block
# <min> <max>
0	66

[block]
# block no. 9 follows, 22 sequences, length 9
# corresponding to MSA columns:
# 374-382
name=unknown_J
#
# <colnr> <probs for GDERKNQSTAVLIFYWHMCP>
#	G	D	E	R	K	N	Q	S	T	A	V	L	I	F	Y	W	H	M	C	P
0	0.02126	0.02212	0.04309	0.03134	0.03865	0.02216	0.47490	0.11593	0.02184	0.02981	0.01669	0.02162	0.01267	0.00819	0.01130	0.00284	0.08021	0.00921	0.00476	0.01143
1	0.09633	0.00818	0.01097	0.01083	0.01139	0.00846	0.00741	0.01230	0.01118	0.01692	0.01412	0.02397	0.01384	0.02656	0.02949	0.67602	0.00713	0.00692	0.00377	0.00419
2	0.02164	0.57048	0.07817	0.02026	0.11707	0.03012	0.01686	0.02505	0.01722	0.02107	0.01235	0.01465	0.01103	0.00720	0.00591	0.00193	0.00923	0.00498	0.00363	0.01113
3	0.01325	0.01000	0.01297	0.01315	0.01599	0.00917	0.01100	0.01689	0.01968	0.02659	0.16342	0.07456	0.11438	0.01906	0.01017	0.00309	0.00632	0.33287	0.00754	0.11990
4	0.06722	0.01428	0.01558	0.01327	0.01765	0.06990	0.01046	0.02553	0.02148	0.21073	0.22191	0.07331	0.03896	0.01289	0.00848	0.00245	0.00653	0.03931	0.00802	0.12206
5	0.23790	0.02207	0.15128	0.11689	0.02868	0.01878	0.01731	0.11445	0.05370	0.11235	0.01887	0.02202	0.01398	0.00919	0.00743	0.00266	0.00884	0.02640	0.00595	0.01127
6	0.06184	0.01694	0.02043	0.14540	0.02832	0.04892	0.01470	0.09681	0.12636	0.28439	0.05139	0.02672	0.02020	0.01010	0.00823	0.00262	0.00821	0.00820	0.00792	0.01231
7	0.07445	0.01757	0.02019	0.01579	0.02210	0.01764	0.01288	0.21248	0.11151	0.26909	0.02533	0.02375	0.01747	0.00960	0.00786	0.00240	0.00745	0.00753	0.00839	0.11652
8	0.14840	0.01607	0.02153	0.41203	0.04138	0.03921	0.01830	0.04983	0.01726	0.02609	0.01468	0.02019	0.01134	0.00861	0.00865	0.00264	0.05091	0.00670	0.03679	0.04942

[dist]
# distance from previous block
# <min> <max>
2	39

[block]
# block no. 10 follows, 22 sequences, length 49
# corresponding to MSA columns:
# 427-475
name=unknown_K
#
# <colnr> <probs for GDERKNQSTAVLIFYWHMCP>
#	G	D	E	R	K	N	Q	S	T	A	V	L	I	F	Y	W	H	M	C	P
0	0.01950	0.01546	0.01794	0.01314	0.02012	0.01275	0.01056	0.09572	0.02047	0.05574	0.04836	0.02027	0.01620	0.00733	0.00669	0.00151	0.00644	0.00588	0.00576	0.60013
1	0.01732	0.01710	0.06304	0.01431	0.02208	0.01217	0.04466	0.02159	0.01738	0.02699	0.01489	0.01753	0.01220	0.00632	0.00647	0.00141	0.00699	0.00527	0.00479	0.66749
2	0.02446	0.01991	0.02204	0.04476	0.05545	0.07727	0.04694	0.30042	0.02833	0.03845	0.04529	0.02564	0.04676	0.00996	0.00790	0.00233	0.00858	0.00802	0.12505	0.06245
3	0.01723	0.01477	0.01723	0.01230	0.01969	0.01107	0.00984	0.02092	0.01723	0.02707	0.01477	0.01723	0.01230	0.00615	0.00615	0.00123	0.00615	0.00492	0.00492	0.75883
4	0.02700	0.06583	0.01900	0.01405	0.01901	0.01384	0.01129	0.09812	0.02270	0.33118	0.06225	0.15515	0.02841	0.04085	0.00985	0.00280	0.00685	0.01113	0.00851	0.05216
5	0.01701	0.01425	0.01668	0.01243	0.01902	0.01118	0.00982	0.04374	0.01828	0.02792	0.04705	0.07020	0.01862	0.00828	0.00674	0.00150	0.00607	0.00688	0.00546	0.63888
6	0.60121	0.06840	0.01601	0.01224	0.01762	0.02041	0.01022	0.07475	0.05905	0.03701	0.01376	0.01520	0.01065	0.00809	0.00564	0.00252	0.00684	0.00507	0.00551	0.00982
7	0.01947	0.02340	0.07869	0.03447	0.04306	0.02093	0.59737	0.02660	0.01951	0.02660	0.01672	0.02217	0.01250	0.00705	0.00971	0.00279	0.01392	0.00963	0.00417	0.01126
8	0.01883	0.01953	0.03771	0.18835	0.20709	0.01955	0.29529	0.02477	0.01861	0.02554	0.01591	0.02158	0.01238	0.00736	0.00884	0.00262	0.01181	0.00835	0.00410	0.05178
9	0.01723	0.01477	0.01723	0.01230	0.01969	0.01107	0.00984	0.02092	0.01723	0.02707	0.01477	0.01723	0.01230	0.00615	0.00615	0.00123	0.00615	0.00492	0.00492	0.75883
10	0.01032	0.00740	0.00990	0.01155	0.01219	0.00698	0.00783	0.01202	0.01641	0.02209	0.09300	0.62530	0.05546	0.02674	0.03676	0.00371	0.00544	0.02235	0.00770	0.00686
11	0.01950	0.02210	0.04727	0.03404	0.04182	0.02134	0.58102	0.02612	0.01910	0.02612	0.01637	0.02210	0.01248	0.00756	0.01110	0.00286	0.06429	0.00962	0.00416	0.01105
12	0.01349	0.01083	0.01236	0.01172	0.01458	0.01085	0.00900	0.02171	0.17395	0.03022	0.31120	0.06099	0.22355	0.01701	0.00956	0.00278	0.00484	0.04396	0.00850	0.00891
13	0.01127	0.00825	0.01142	0.01383	0.03823	0.00788	0.00959	0.01345	0.01700	0.02270	0.06920	0.52331	0.05280	0.02429	0.01066	0.00340	0.00557	0.14230	0.00762	0.00723
14	0.05736	0.43140	0.09399	0.02010	0.02773	0.05467	0.16142	0.02573	0.01773	0.02268	0.01314	0.01592	0.01104	0.00724	0.00669	0.00215	0.01052	0.00590	0.00381	0.01080
15	0.01123	0.00852	0.01222	0.01310	0.01441	0.00791	0.03740	0.01329	0.01648	0.02211	0.04289	0.57503	0.05034	0.02394	0.01047	0.00330	0.00561	0.08465	0.00742	0.03968
16	0.01443	0.00722	0.01082	0.01082	0.01082	0.00722	0.00722	0.01082	0.01082	0.01443	0.01443	0.02525	0.01443	0.02886	0.03247	0.75830	0.00722	0.00722	0.00361	0.00361
17	0.01697	0.08023	0.63044	0.02315	0.03514	0.02005	0.02978	0.02623	0.01750	0.02593	0.01472	0.01730	0.01053	0.00785	0.00775	0.00258	0.01209	0.00604	0.00351	0.01219
18	0.01961	0.02241	0.04902	0.03501	0.04342	0.02101	0.62605	0.02661	0.01961	0.02661	0.01681	0.02241	0.01261	0.00700	0.00980	0.00280	0.01401	0.00980	0.00420	0.01120
19	0.01230	0.00953	0.01417	0.01393	0.01531	0.01141	0.01091	0.01519	0.01331	0.01933	0.02148	0.03165	0.02010	0.05905	0.63102	0.01269	0.06790	0.00879	0.00439	0.00753
20	0.02091	0.01650	0.02176	0.05282	0.05848	0.01783	0.06618	0.23884	0.04954	0.03509	0.05529	0.17472	0.02673	0.01365	0.00983	0.00276	0.04499	0.01168	0.07161	0.01078
21	0.02221	0.71304	0.04353	0.01421	0.02132	0.03287	0.01421	0.02488	0.01688	0.01955	0.01155	0.01333	0.01066	0.00711	0.00533	0.00178	0.00888	0.00444	0.00355	0.01066
22	0.01810	0.01479	0.01812	0.01333	0.02030	0.01165	0.03055	0.02256	0.04225	0.05769	0.01780	0.04821	0.01508	0.00744	0.00666	0.00150	0.00642	0.00624	0.00542	0.63590
23	0.10207	0.01753	0.05169	0.01562	0.02173	0.01642	0.01331	0.14380	0.10300	0.33677	0.06975	0.02743	0.02230	0.01044	0.00812	0.00259	0.00737	0.00829	0.00878	0.01299
24	0.02416	0.01958	0.02076	0.01761	0.02294	0.02230	0.01400	0.23152	0.44813	0.04040	0.02937	0.02745	0.02176	0.01085	0.00841	0.00271	0.00740	0.00878	0.00841	0.01346
25	0.73114	0.01565	0.01209	0.01095	0.01588	0.01808	0.00894	0.02382	0.01422	0.03652	0.01318	0.04591	0.01116	0.00857	0.00540	0.00261	0.00635	0.00540	0.00526	0.00889
26	0.01569	0.01477	0.02492	0.68808	0.05722	0.01846	0.02307	0.02123	0.01661	0.02123	0.01477	0.02215	0.01107	0.00831	0.00831	0.00277	0.01107	0.00738	0.00369	0.00923
27	0.01802	0.01012	0.01135	0.01037	0.01277	0.01044	0.00782	0.09555	0.01913	0.06420	0.02495	0.03116	0.02051	0.07801	0.06311	0.06948	0.00678	0.00817	0.42980	0.00827
28	0.01195	0.00856	0.01162	0.01162	0.01250	0.00944	0.00822	0.01372	0.01284	0.01800	0.02384	0.04142	0.02458	0.32350	0.41915	0.01121	0.01651	0.01019	0.00469	0.00645
29	0.01187	0.00890	0.01335	0.01335	0.01483	0.01038	0.01038	0.01483	0.01335	0.01928	0.02225	0.03264	0.02077	0.06231	0.67512	0.01335	0.02225	0.00890	0.00445	0.00742
30	0.01248	0.00870	0.01107	0.01036	0.01259	0.00790	0.00781	0.01614	0.02294	0.05575	0.55593	0.06306	0.14951	0.01725	0.00975	0.00264	0.00408	0.01509	0.00901	0.00797
31	0.03032	0.03840	0.02365	0.02142	0.02547	0.63859	0.01617	0.03244	0.02294	0.02031	0.01273	0.01516	0.01071	0.00889	0.00859	0.00222	0.05267	0.00546	0.00424	0.00960
32	0.02737	0.02118	0.02256	0.01826	0.02416	0.02380	0.01477	0.40328	0.27115	0.04557	0.02529	0.02420	0.01846	0.01047	0.00837	0.00262	0.00815	0.00822	0.00837	0.01375
33	0.01153	0.04148	0.01163	0.00987	0.01239	0.00871	0.00757	0.01472	0.02151	0.02864	0.41126	0.06641	0.28830	0.01803	0.00960	0.00265	0.00426	0.01546	0.00835	0.00766
34	0.02147	0.01825	0.01924	0.01707	0.02191	0.02104	0.01334	0.08743	0.59661	0.03606	0.03279	0.03018	0.02453	0.01117	0.00844	0.00279	0.00676	0.00925	0.00844	0.01322
35	0.07494	0.01992	0.06254	0.13792	0.49187	0.01945	0.02419	0.02484	0.01816	0.02700	0.01517	0.02011	0.01242	0.00758	0.00799	0.00253	0.00991	0.00712	0.00410	0.01224
36	0.01666	0.04297	0.66500	0.02368	0.03596	0.01929	0.03069	0.02631	0.01754	0.02631	0.01491	0.01754	0.01052	0.00789	0.00789	0.00263	0.01228	0.00614	0.00351	0.01228
37	0.01569	0.01477	0.02492	0.68808	0.05722	0.01846	0.02307	0.02123	0.01661	0.02123	0.01477	0.02215	0.01107	0.00831	0.00831	0.00277	0.01107	0.00738	0.00369	0.00923
38	0.03158	0.02327	0.02493	0.01911	0.02576	0.02576	0.01579	0.62852	0.03906	0.05236	0.01995	0.01995	0.01413	0.00997	0.00831	0.00249	0.00914	0.00748	0.00831	0.01413
39	0.01443	0.00722	0.01082	0.01082	0.01082	0.00722	0.00722	0.01082	0.01082	0.01443	0.01443	0.02525	0.01443	0.02886	0.03247	0.75830	0.00722	0.00722	0.00361	0.00361
40	0.02056	0.01974	0.03372	0.05099	0.65622	0.01974	0.02550	0.02550	0.01892	0.02714	0.01563	0.02056	0.01316	0.00740	0.00822	0.00247	0.00987	0.00740	0.00411	0.01316
41	0.01723	0.01477	0.01723	0.01230	0.01969	0.01107	0.00984	0.02092	0.01723	0.02707	0.01477	0.01723	0.01230	0.00615	0.00615	0.00123	0.00615	0.00492	0.00492	0.75883
42	0.01723	0.01477	0.01723	0.01230	0.01969	0.01107	0.00984	0.02092	0.01723	0.02707	0.01477	0.01723	0.01230	0.00615	0.00615	0.00123	0.00615	0.00492	0.00492	0.75883
43	0.01569	0.01477	0.02492	0.68808	0.05722	0.01846	0.02307	0.02123	0.01661	0.02123	0.01477	0.02215	0.01107	0.00831	0.00831	0.00277	0.01107	0.00738	0.00369	0.00923
44	0.01569	0.01477	0.02492	0.68808	0.05722	0.01846	0.02307	0.02123	0.01661	0.02123	0.01477	0.02215	0.01107	0.00831	0.00831	0.00277	0.01107	0.00738	0.00369	0.00923
45	0.09104	0.01471	0.01902	0.01470	0.02104	0.01332	0.01214	0.06679	0.02378	0.58720	0.03060	0.02679	0.01941	0.01008	0.00811	0.00257	0.00712	0.00803	0.00981	0.01376
46	0.01679	0.01635	0.02545	0.61126	0.09641	0.05147	0.02288	0.02212	0.01712	0.02158	0.01473	0.02168	0.01120	0.00826	0.00826	0.00272	0.01119	0.00728	0.00375	0.00952
47	0.20795	0.02239	0.12859	0.05446	0.02956	0.01925	0.15518	0.12316	0.02151	0.10558	0.04254	0.02125	0.01505	0.00863	0.00786	0.00263	0.00973	0.00745	0.00584	0.01140
48	0.05596	0.02055	0.03260	0.18488	0.03845	0.05427	0.23442	0.11082	0.04990	0.02875	0.01641	0.02110	0.01258	0.00895	0.01092	0.00281	0.09292	0.00810	0.00484	0.01080

[dist]
# distance from previous block
# <min> <max>
23	165

[block]
# block no. 11 follows, 22 sequences, length 15
# corresponding to MSA columns:
# 643-657
name=unknown_L
#
# <colnr> <probs for GDERKNQSTAVLIFYWHMCP>
#	G	D	E	R	K	N	Q	S	T	A	V	L	I	F	Y	W	H	M	C	P
0	0.01599	0.01460	0.02360	0.50527	0.04646	0.01854	0.02064	0.01997	0.01536	0.02033	0.01407	0.02177	0.01138	0.01144	0.01400	0.07854	0.12839	0.00735	0.00367	0.00864
1	0.07993	0.01425	0.01887	0.01456	0.02091	0.01259	0.01202	0.03955	0.02321	0.62544	0.03153	0.02741	0.01989	0.01013	0.00817	0.00257	0.00703	0.00813	0.00998	0.01384
2	0.02661	0.01377	0.04043	0.01387	0.01894	0.01189	0.01154	0.03226	0.08510	0.37401	0.21112	0.03957	0.05872	0.01258	0.00881	0.00262	0.00621	0.01060	0.00944	0.01193
3	0.02960	0.02179	0.02352	0.01842	0.02450	0.02401	0.01504	0.57155	0.03692	0.04948	0.02233	0.08298	0.01790	0.01145	0.00852	0.00257	0.00874	0.00897	0.00826	0.01345
4	0.03158	0.02327	0.02493	0.01911	0.02576	0.02576	0.01579	0.62852	0.03906	0.05236	0.01995	0.01995	0.01413	0.00997	0.00831	0.00249	0.00914	0.00748	0.00831	0.01413
5	0.02101	0.56819	0.17787	0.01626	0.02449	0.02994	0.01778	0.02519	0.01702	0.02101	0.01228	0.01424	0.01063	0.00728	0.00588	0.00196	0.00962	0.00481	0.00354	0.01101
6	0.02776	0.01870	0.01988	0.01676	0.02217	0.06325	0.01331	0.10072	0.34199	0.23532	0.03066	0.02793	0.02170	0.01064	0.00834	0.00266	0.00756	0.00859	0.00874	0.01332
7	0.01021	0.00748	0.00960	0.01108	0.01197	0.00687	0.00755	0.01194	0.01690	0.02233	0.09929	0.57270	0.13219	0.02467	0.01044	0.00324	0.00467	0.02216	0.00783	0.00687
8	0.03144	0.02756	0.02457	0.01972	0.02574	0.19627	0.01586	0.47209	0.03498	0.04394	0.01808	0.01864	0.01323	0.00960	0.00810	0.00240	0.01068	0.00692	0.00725	0.01295
9	0.02458	0.08955	0.02581	0.01886	0.02474	0.02345	0.06347	0.25848	0.28307	0.03883	0.02537	0.02647	0.01940	0.01041	0.00830	0.00262	0.00840	0.02770	0.00754	0.01293
10	0.02281	0.01463	0.01826	0.01718	0.04738	0.01479	0.01356	0.12095	0.11922	0.16497	0.05671	0.04984	0.03093	0.01455	0.00933	0.00294	0.00745	0.20875	0.00817	0.05758
11	0.03041	0.06068	0.02228	0.01640	0.02255	0.01882	0.01367	0.24927	0.07783	0.27981	0.02687	0.02855	0.01951	0.01073	0.00827	0.00254	0.00789	0.04824	0.00859	0.04709
