[name]
unknown

[dist]
# distance from previous block
# <min> <max>
0	0

[block]
# block no. 0 follows, 25 sequences, length 305
# corresponding to MSA columns:
# 0-304
name=unknown_A
#
# <colnr> <probs for GDERKNQSTAVLIFYWHMCP>
#	G	D	E	R	K	N	Q	S	T	A	V	L	I	F	Y	W	H	M	C	P
0	0.01249	0.00892	0.01249	0.01428	0.01606	0.00892	0.01249	0.01606	0.01785	0.02320	0.04105	0.08746	0.04462	0.02142	0.01071	0.00357	0.00714	0.62695	0.00714	0.00714
1	0.01729	0.15128	0.55108	0.02028	0.03070	0.01976	0.02534	0.02495	0.01654	0.05429	0.01418	0.01620	0.01028	0.00735	0.00700	0.00232	0.01072	0.00557	0.00358	0.01129
2	0.01672	0.19668	0.54102	0.02010	0.03047	0.02087	0.02517	0.02425	0.01623	0.02313	0.01321	0.01548	0.00985	0.00720	0.00683	0.00228	0.01074	0.00537	0.00328	0.01112
3	0.01325	0.00856	0.01114	0.01045	0.01259	0.00798	0.00784	0.01720	0.04311	0.08953	0.51849	0.13354	0.06392	0.01611	0.00907	0.00253	0.00411	0.01423	0.00845	0.00790
4	0.01789	0.01568	0.01618	0.01503	0.01882	0.04385	0.01167	0.03505	0.50837	0.02965	0.03484	0.08760	0.06173	0.01274	0.00828	0.00271	0.00628	0.05504	0.00759	0.01101
5	0.01472	0.01365	0.02267	0.65798	0.05056	0.01708	0.02076	0.01970	0.01540	0.02011	0.01409	0.02085	0.01069	0.00801	0.00829	0.00258	0.03497	0.00690	0.03243	0.00856
6	0.00945	0.00675	0.00900	0.01080	0.01125	0.00630	0.00720	0.01080	0.01484	0.01979	0.04274	0.72245	0.05128	0.02429	0.00990	0.00315	0.00450	0.02204	0.00720	0.00630
7	0.01109	0.00800	0.01052	0.01009	0.01192	0.00744	0.00770	0.01474	0.02164	0.03051	0.62782	0.06012	0.07103	0.01627	0.00926	0.00252	0.00392	0.05969	0.00843	0.00730
8	0.02947	0.02172	0.02327	0.01784	0.02404	0.02404	0.01474	0.65329	0.03646	0.04887	0.01862	0.01862	0.01319	0.00931	0.00776	0.00233	0.00853	0.00698	0.00776	0.01319
9	0.02398	0.01899	0.02018	0.01673	0.02195	0.02148	0.01341	0.32320	0.37549	0.04000	0.02560	0.02418	0.01884	0.00996	0.00783	0.00249	0.00724	0.00794	0.00783	0.01269
10	0.78228	0.01499	0.01140	0.01020	0.01499	0.01739	0.00840	0.02279	0.01320	0.03479	0.01080	0.01260	0.00840	0.00720	0.00480	0.00240	0.00600	0.00420	0.00480	0.00840
11	0.02073	0.73217	0.04063	0.01327	0.01990	0.03068	0.01327	0.02322	0.01575	0.01824	0.01078	0.01244	0.00995	0.00663	0.00498	0.00166	0.00829	0.00415	0.00332	0.00995
12	0.01679	0.11637	0.01401	0.00959	0.01253	0.03957	0.00776	0.04097	0.06539	0.02783	0.02288	0.02557	0.01809	0.00876	0.00567	0.00187	0.00506	0.00679	0.54625	0.00826
13	0.01058	0.00772	0.00994	0.00979	0.01144	0.00709	0.00719	0.01372	0.02043	0.02843	0.52368	0.17076	0.11517	0.01756	0.00927	0.00257	0.00382	0.01555	0.00821	0.00709
14	0.01919	0.01842	0.03147	0.04759	0.67914	0.01842	0.02380	0.02380	0.01765	0.02533	0.01458	0.01919	0.01228	0.00691	0.00768	0.00230	0.00921	0.00691	0.00384	0.01228
15	0.00960	0.00786	0.00849	0.00854	0.01091	0.00675	0.00644	0.01187	0.01824	0.02261	0.17095	0.10020	0.52763	0.01930	0.00925	0.00265	0.00404	0.04057	0.00741	0.00668
16	0.01347	0.00673	0.01010	0.01010	0.01010	0.00673	0.00673	0.01010	0.01010	0.01347	0.01347	0.02357	0.01347	0.02694	0.03030	0.77441	0.00673	0.00673	0.00337	0.00337
17	0.02194	0.62975	0.03788	0.01426	0.02050	0.12875	0.01352	0.02436	0.01667	0.01835	0.01096	0.01267	0.00996	0.00683	0.00527	0.00171	0.00913	0.00427	0.00342	0.00981
18	0.03171	0.01653	0.01990	0.01532	0.02125	0.01648	0.01263	0.29181	0.02809	0.39713	0.04946	0.02434	0.01870	0.00971	0.00783	0.00237	0.00729	0.00769	0.00880	0.01297
19	0.02068	0.06706	0.01670	0.01271	0.01653	0.06445	0.01010	0.07870	0.06545	0.18086	0.27911	0.03887	0.06233	0.04070	0.00936	0.00255	0.00622	0.01017	0.00774	0.00971
20	0.02848	0.02096	0.02243	0.01736	0.02332	0.02322	0.01429	0.60347	0.06262	0.04742	0.01942	0.01944	0.01388	0.00935	0.00768	0.00232	0.00825	0.00707	0.03612	0.01293
21	0.01225	0.00875	0.01221	0.01400	0.01567	0.00871	0.01207	0.01564	0.01761	0.02293	0.04119	0.13884	0.04516	0.02165	0.01064	0.00354	0.00693	0.57801	0.00714	0.00707
22	0.02683	0.01535	0.01900	0.01734	0.07006	0.01572	0.01282	0.05911	0.29586	0.33553	0.02938	0.02666	0.02037	0.00978	0.00783	0.00249	0.00667	0.00811	0.00837	0.01273
23	0.01340	0.01072	0.01296	0.01100	0.01483	0.00926	0.00840	0.01805	0.06662	0.02754	0.29215	0.12021	0.04274	0.01253	0.00781	0.00204	0.00476	0.01093	0.00679	0.30724
24	0.00973	0.00697	0.00925	0.01060	0.01131	0.00649	0.00722	0.01152	0.01618	0.02192	0.16183	0.59729	0.05540	0.02270	0.00975	0.00302	0.00434	0.02053	0.00745	0.00649
25	0.01594	0.09255	0.63833	0.02143	0.03252	0.01897	0.02748	0.02445	0.01632	0.02408	0.01368	0.01607	0.00983	0.00731	0.00719	0.00240	0.01122	0.00561	0.00328	0.01134
26	0.01830	0.02092	0.04575	0.03268	0.04052	0.01961	0.65098	0.02484	0.01830	0.02484	0.01569	0.02092	0.01176	0.00654	0.00915	0.00261	0.01307	0.00915	0.00392	0.01046
27	0.01128	0.00752	0.00846	0.00846	0.00846	0.00752	0.00470	0.01128	0.01128	0.01503	0.02443	0.05074	0.02819	0.72751	0.03946	0.00752	0.00752	0.01128	0.00470	0.00470
28	0.02900	0.03580	0.02207	0.01981	0.02398	0.64543	0.01496	0.07812	0.02307	0.02124	0.01249	0.01433	0.01023	0.00809	0.00705	0.00202	0.01357	0.00514	0.00428	0.00931
29	0.01608	0.01378	0.01608	0.01148	0.01837	0.01034	0.00919	0.01952	0.01608	0.02527	0.01378	0.01608	0.01148	0.00574	0.00574	0.00115	0.00574	0.00459	0.00459	0.77491
30	0.01696	0.01696	0.02375	0.02036	0.02036	0.02375	0.01696	0.01866	0.01187	0.01866	0.01018	0.01696	0.01018	0.01357	0.02545	0.00339	0.71332	0.00679	0.00339	0.00848
31	0.02879	0.02265	0.02267	0.01772	0.02361	0.08362	0.01448	0.57751	0.03457	0.04532	0.01990	0.01996	0.03367	0.00951	0.00773	0.00231	0.00888	0.00710	0.00740	0.01260
32	0.10932	0.01483	0.01665	0.01340	0.01856	0.01491	0.01089	0.19316	0.06281	0.25276	0.05325	0.03156	0.12629	0.01103	0.00766	0.00239	0.00645	0.00874	0.00788	0.03745
33	0.02469	0.01929	0.02136	0.08189	0.02550	0.02182	0.01455	0.39010	0.24386	0.04067	0.02247	0.02224	0.01641	0.00957	0.00780	0.00245	0.00790	0.00757	0.00740	0.01245
34	0.01750	0.01717	0.02373	0.02025	0.02051	0.02376	0.01687	0.04583	0.01293	0.01995	0.01054	0.01703	0.01031	0.01339	0.02469	0.00335	0.68314	0.00679	0.00358	0.00868
35	0.01608	0.01378	0.01608	0.01148	0.01837	0.01034	0.00919	0.01952	0.01608	0.02527	0.01378	0.01608	0.01148	0.00574	0.00574	0.00115	0.00574	0.00459	0.00459	0.77491
36	0.01075	0.00780	0.01013	0.00979	0.01151	0.00718	0.00725	0.01411	0.02106	0.02955	0.58775	0.12617	0.09414	0.01686	0.00922	0.00252	0.00375	0.01493	0.00835	0.00718
37	0.03360	0.01510	0.01917	0.01470	0.02074	0.01422	0.01214	0.17510	0.02537	0.54270	0.02792	0.02466	0.01785	0.00953	0.00779	0.00238	0.00703	0.00762	0.00919	0.01319
38	0.01776	0.01986	0.04244	0.13230	0.04242	0.01926	0.55825	0.02410	0.01789	0.02410	0.01541	0.02088	0.01155	0.00672	0.00894	0.00261	0.01267	0.00882	0.00385	0.01019
39	0.02382	0.01077	0.01448	0.01193	0.01601	0.00952	0.00952	0.02712	0.02208	0.38347	0.32750	0.04092	0.04406	0.01248	0.00842	0.00242	0.00524	0.01067	0.00911	0.01049
40	0.01445	0.00723	0.00723	0.00723	0.00903	0.00723	0.00542	0.01807	0.01626	0.02891	0.02529	0.02891	0.01987	0.00903	0.00542	0.00181	0.00361	0.00723	0.77055	0.00723
41	0.01347	0.00673	0.01010	0.01010	0.01010	0.00673	0.00673	0.01010	0.01010	0.01347	0.01347	0.02357	0.01347	0.02694	0.03030	0.77441	0.00673	0.00673	0.00337	0.00337
42	0.02817	0.02192	0.02237	0.01774	0.02344	0.07386	0.01459	0.55866	0.03397	0.04469	0.01978	0.02339	0.01529	0.01011	0.00792	0.00239	0.00884	0.05302	0.00743	0.01242
43	0.02987	0.02108	0.02288	0.01754	0.02373	0.02310	0.01449	0.60743	0.03539	0.09622	0.01951	0.01919	0.01363	0.00933	0.00776	0.00233	0.00839	0.00704	0.00789	0.01319
44	0.02905	0.03440	0.02219	0.01962	0.02398	0.58349	0.01494	0.13546	0.02440	0.02399	0.01310	0.01476	0.01052	0.00821	0.00712	0.00205	0.01307	0.00533	0.00463	0.00969
45	0.02860	0.03626	0.02233	0.02100	0.04832	0.67118	0.01531	0.03069	0.02181	0.01921	0.01208	0.01418	0.01007	0.00795	0.00702	0.00201	0.01381	0.00506	0.00399	0.00911
46	0.01797	0.02011	0.04206	0.06303	0.03871	0.01999	0.54537	0.02386	0.01740	0.02386	0.01494	0.02043	0.01151	0.00744	0.01104	0.00271	0.09686	0.00876	0.00384	0.01013
47	0.01153	0.00891	0.01309	0.01283	0.01404	0.01062	0.00997	0.01407	0.01235	0.01789	0.02018	0.03054	0.01917	0.09074	0.61151	0.01152	0.07165	0.00835	0.00413	0.00692
48	0.00970	0.00708	0.00913	0.01031	0.01123	0.00651	0.00709	0.01153	0.01643	0.02198	0.16224	0.53477	0.11885	0.02227	0.00968	0.00296	0.00429	0.01999	0.00744	0.00651
49	0.01097	0.00793	0.01036	0.00975	0.01158	0.00732	0.00732	0.01463	0.02195	0.03109	0.67505	0.05792	0.07316	0.01585	0.00914	0.00244	0.00366	0.01402	0.00854	0.00732
50	0.02899	0.02148	0.02300	0.01774	0.02386	0.02382	0.01462	0.62448	0.06605	0.04809	0.01922	0.01910	0.01368	0.00936	0.00776	0.00234	0.00842	0.00706	0.00776	0.01314
51	0.03479	0.01320	0.01799	0.01380	0.01979	0.01140	0.01140	0.03779	0.02219	0.68451	0.03059	0.02639	0.01919	0.00960	0.00780	0.00240	0.00660	0.00780	0.00960	0.01320
52	0.02947	0.02172	0.02327	0.01784	0.02404	0.02404	0.01474	0.65329	0.03646	0.04887	0.01862	0.01862	0.01319	0.00931	0.00776	0.00233	0.00853	0.00698	0.00776	0.01319
53	0.02912	0.02060	0.02237	0.01733	0.02338	0.02260	0.01426	0.55286	0.08467	0.10159	0.02065	0.02009	0.01452	0.00943	0.00777	0.00236	0.00818	0.00719	0.00792	0.01311
54	0.02246	0.01684	0.01804	0.01447	0.01935	0.01795	0.01173	0.42758	0.03017	0.03981	0.08490	0.03706	0.20075	0.01266	0.00825	0.00242	0.00689	0.01011	0.00766	0.01091
55	0.78228	0.01499	0.01140	0.01020	0.01499	0.01739	0.00840	0.02279	0.01320	0.03479	0.01080	0.01260	0.00840	0.00720	0.00480	0.00240	0.00600	0.00420	0.00480	0.00840
56	0.02073	0.73217	0.04063	0.01327	0.01990	0.03068	0.01327	0.02322	0.01575	0.01824	0.01078	0.01244	0.00995	0.00663	0.00498	0.00166	0.00829	0.00415	0.00332	0.00995
57	0.01919	0.01842	0.03147	0.04759	0.67914	0.01842	0.02380	0.02380	0.01765	0.02533	0.01458	0.01919	0.01228	0.00691	0.00768	0.00230	0.00921	0.00691	0.00384	0.01228
58	0.00959	0.00696	0.00906	0.01046	0.01122	0.00642	0.00711	0.01123	0.01581	0.02108	0.11237	0.60303	0.10093	0.02305	0.00976	0.00303	0.00437	0.02076	0.00734	0.00642
59	0.01097	0.00793	0.01036	0.00975	0.01158	0.00732	0.00732	0.01463	0.02195	0.03109	0.67505	0.05792	0.07316	0.01585	0.00914	0.00244	0.00366	0.01402	0.00854	0.00732
60	0.01097	0.00793	0.01036	0.00975	0.01158	0.00732	0.00732	0.01463	0.02195	0.03109	0.67505	0.05792	0.07316	0.01585	0.00914	0.00244	0.00366	0.01402	0.00854	0.00732
61	0.02844	0.02120	0.02269	0.01763	0.02365	0.02356	0.01449	0.59102	0.10041	0.04719	0.01993	0.01966	0.01425	0.00943	0.00777	0.00236	0.00829	0.00716	0.00777	0.01309
62	0.05792	0.02146	0.02282	0.01755	0.02370	0.02379	0.01450	0.62946	0.03558	0.04833	0.01832	0.01839	0.01301	0.00923	0.00764	0.00233	0.00844	0.00688	0.00764	0.01301
63	0.00972	0.00677	0.00890	0.01060	0.01113	0.00635	0.00710	0.01119	0.01492	0.02028	0.04180	0.68524	0.04960	0.02347	0.00966	0.00308	0.00445	0.02125	0.04815	0.00635
64	0.01919	0.01842	0.03147	0.04759	0.67914	0.01842	0.02380	0.02380	0.01765	0.02533	0.01458	0.01919	0.01228	0.00691	0.00768	0.00230	0.00921	0.00691	0.00384	0.01228
65	0.02879	0.02080	0.02249	0.01741	0.02336	0.02288	0.01431	0.60607	0.03507	0.06797	0.02003	0.04900	0.01501	0.00996	0.00785	0.00236	0.00830	0.00765	0.00779	0.01289
66	0.02707	0.01968	0.02138	0.01674	0.02266	0.02135	0.01367	0.45855	0.14302	0.08697	0.02130	0.02074	0.01528	0.00927	0.00763	0.00230	0.00778	0.00717	0.00767	0.06978
67	0.01642	0.06730	0.01791	0.01162	0.01849	0.01185	0.00949	0.01980	0.01605	0.02474	0.01356	0.01581	0.01137	0.00581	0.00569	0.00119	0.00593	0.00456	0.00450	0.71792
68	0.01133	0.00806	0.00996	0.00940	0.01148	0.00727	0.00703	0.01444	0.02059	0.04910	0.49326	0.06055	0.21020	0.04094	0.01015	0.00265	0.00395	0.01427	0.00813	0.00724
69	0.01620	0.01389	0.01613	0.01164	0.01844	0.01067	0.00930	0.02033	0.04020	0.02553	0.01444	0.01656	0.01194	0.00592	0.00582	0.00120	0.00576	0.00475	0.00472	0.74656
70	0.01072	0.00772	0.01017	0.01013	0.01168	0.00717	0.00748	0.01391	0.02036	0.02851	0.52365	0.19349	0.06768	0.01777	0.00935	0.00262	0.00396	0.03830	0.00821	0.00710
71	0.01204	0.00818	0.01080	0.01107	0.01281	0.00769	0.00857	0.01505	0.01920	0.05423	0.33729	0.17415	0.08676	0.04403	0.01068	0.00302	0.00492	0.16445	0.00782	0.00723
72	0.01573	0.06342	0.66555	0.02180	0.03310	0.01843	0.02813	0.02451	0.01635	0.02434	0.01381	0.01624	0.00983	0.00734	0.00729	0.00243	0.01135	0.00568	0.00328	0.01141
73	0.00957	0.00683	0.00914	0.01094	0.01144	0.00640	0.00741	0.01101	0.01496	0.01993	0.04267	0.69714	0.05102	0.02418	0.00993	0.00317	0.00460	0.04615	0.00720	0.00633
74	0.11943	0.01340	0.01725	0.01339	0.01925	0.01208	0.01106	0.03609	0.02117	0.61093	0.02835	0.02483	0.01797	0.00932	0.00746	0.00240	0.00653	0.00739	0.00905	0.01265
75	0.01700	0.20543	0.48371	0.02076	0.03079	0.02118	0.07131	0.02425	0.01637	0.02305	0.01329	0.01576	0.01000	0.00713	0.00692	0.00228	0.01082	0.00560	0.00333	0.01102
76	0.74115	0.01634	0.04765	0.01083	0.01599	0.01743	0.00948	0.02289	0.01337	0.03424	0.01096	0.01280	0.00847	0.00721	0.00494	0.00240	0.00629	0.00428	0.00472	0.00856
77	0.05454	0.01804	0.03015	0.07697	0.61873	0.01832	0.02297	0.02356	0.01735	0.02551	0.01437	0.01895	0.01201	0.00696	0.00755	0.00232	0.00911	0.00678	0.00386	0.01193
78	0.07593	0.01849	0.02941	0.10509	0.52371	0.04240	0.04582	0.02364	0.01730	0.02527	0.01418	0.01872	0.01171	0.00703	0.00750	0.00234	0.00939	0.00672	0.00388	0.01146
79	0.01830	0.02092	0.04575	0.03268	0.04052	0.01961	0.65098	0.02484	0.01830	0.02484	0.01569	0.02092	0.01176	0.00654	0.00915	0.00261	0.01307	0.00915	0.00392	0.01046
80	0.01929	0.01666	0.01753	0.01578	0.02016	0.01929	0.01227	0.04120	0.66513	0.03243	0.03156	0.02893	0.02367	0.01052	0.00789	0.00263	0.00614	0.00877	0.00789	0.01227
81	0.01464	0.01378	0.02326	0.70887	0.05340	0.01723	0.02153	0.01981	0.01550	0.01981	0.01378	0.02067	0.01034	0.00775	0.00775	0.00258	0.01034	0.00689	0.00345	0.00861
82	0.01165	0.00811	0.01040	0.00972	0.01177	0.00739	0.00733	0.01513	0.02156	0.05339	0.59624	0.05836	0.12771	0.01598	0.00910	0.00245	0.00379	0.01402	0.00845	0.00745
83	0.02190	0.01302	0.01406	0.01169	0.01550	0.01367	0.00936	0.24729	0.02409	0.10275	0.02344	0.02497	0.01741	0.00919	0.00650	0.00205	0.00568	0.00720	0.42028	0.00997
84	0.00943	0.00683	0.00891	0.01057	0.01119	0.00632	0.00710	0.01082	0.01506	0.01988	0.04545	0.67336	0.09862	0.02394	0.00984	0.00311	0.00446	0.02161	0.00720	0.00632
85	0.02922	0.02930	0.02262	0.01890	0.02401	0.35865	0.01486	0.34357	0.02925	0.03399	0.01532	0.01631	0.01159	0.00865	0.00738	0.00216	0.01124	0.00599	0.00588	0.01110
86	0.02947	0.02172	0.02327	0.01784	0.02404	0.02404	0.01474	0.65329	0.03646	0.04887	0.01862	0.01862	0.01319	0.00931	0.00776	0.00233	0.00853	0.00698	0.00776	0.01319
87	0.02440	0.01920	0.02041	0.01681	0.02211	0.02168	0.01351	0.34866	0.34934	0.04069	0.02506	0.02375	0.01840	0.00991	0.00782	0.00248	0.00734	0.00787	0.00782	0.01273
88	0.02792	0.02073	0.02220	0.01728	0.02308	0.02298	0.01412	0.57942	0.08301	0.04617	0.01985	0.02077	0.01462	0.04015	0.00912	0.00257	0.00831	0.00730	0.00764	0.01275
89	0.01830	0.02092	0.04575	0.03268	0.04052	0.01961	0.65098	0.02484	0.01830	0.02484	0.01569	0.02092	0.01176	0.00654	0.00915	0.00261	0.01307	0.00915	0.00392	0.01046
90	0.01125	0.00763	0.00904	0.00904	0.00924	0.00783	0.00542	0.01165	0.01145	0.01547	0.02390	0.04779	0.02691	0.63013	0.13509	0.00824	0.00944	0.01084	0.00462	0.00502
91	0.00984	0.00704	0.00939	0.01083	0.01156	0.00659	0.00750	0.01165	0.01607	0.02167	0.13760	0.58859	0.05421	0.02287	0.00983	0.00306	0.00451	0.05329	0.00740	0.00650
92	0.01350	0.00850	0.01110	0.01013	0.01244	0.00773	0.00771	0.01703	0.02182	0.10182	0.58354	0.05509	0.08891	0.01531	0.00900	0.00244	0.00399	0.01343	0.00860	0.00793
93	0.02947	0.02172	0.02327	0.01784	0.02404	0.02404	0.01474	0.65329	0.03646	0.04887	0.01862	0.01862	0.01319	0.00931	0.00776	0.00233	0.00853	0.00698	0.00776	0.01319
94	0.72523	0.01550	0.01230	0.01078	0.01568	0.01790	0.00888	0.07057	0.01496	0.03585	0.01139	0.01305	0.00876	0.00736	0.00502	0.00239	0.00619	0.00441	0.00502	0.00876
95	0.78228	0.01499	0.01140	0.01020	0.01499	0.01739	0.00840	0.02279	0.01320	0.03479	0.01080	0.01260	0.00840	0.00720	0.00480	0.00240	0.00600	0.00420	0.00480	0.00840
96	0.00945	0.00675	0.00900	0.01080	0.01125	0.00630	0.00720	0.01080	0.01484	0.01979	0.04274	0.72245	0.05128	0.02429	0.00990	0.00315	0.00450	0.02204	0.00720	0.00630
97	0.02073	0.73217	0.04063	0.01327	0.01990	0.03068	0.01327	0.02322	0.01575	0.01824	0.01078	0.01244	0.00995	0.00663	0.00498	0.00166	0.00829	0.00415	0.00332	0.00995
98	0.07787	0.02019	0.02003	0.06885	0.02187	0.18033	0.01447	0.05148	0.01640	0.02288	0.01342	0.01794	0.01150	0.01050	0.01457	0.00266	0.30952	0.00624	0.11065	0.00865
99	0.01765	0.01203	0.01250	0.01120	0.01443	0.01299	0.00872	0.12113	0.19376	0.03231	0.02999	0.03080	0.06959	0.01028	0.00673	0.00217	0.00507	0.00829	0.39092	0.00944
100	0.01090	0.00792	0.01027	0.00968	0.01154	0.00729	0.00726	0.01450	0.02178	0.03070	0.65208	0.05856	0.09637	0.01600	0.00915	0.00245	0.00367	0.01411	0.00848	0.00729
101	0.02249	0.02617	0.02293	0.02018	0.02202	0.33364	0.01605	0.02433	0.01653	0.01881	0.01101	0.01559	0.01009	0.01100	0.01694	0.00275	0.39112	0.00596	0.00367	0.00872
102	0.00929	0.00786	0.00806	0.00819	0.01070	0.00662	0.00617	0.01129	0.01758	0.02099	0.07598	0.09723	0.63199	0.01986	0.00924	0.00267	0.00406	0.03846	0.00720	0.00656
103	0.01347	0.00673	0.01010	0.01010	0.01010	0.00673	0.00673	0.01010	0.01010	0.01347	0.01347	0.02357	0.01347	0.02694	0.03030	0.77441	0.00673	0.00673	0.00337	0.00337
104	0.02073	0.73217	0.04063	0.01327	0.01990	0.03068	0.01327	0.02322	0.01575	0.01824	0.01078	0.01244	0.00995	0.00663	0.00498	0.00166	0.00829	0.00415	0.00332	0.00995
105	0.00945	0.00675	0.00900	0.01080	0.01125	0.00630	0.00720	0.01080	0.01484	0.01979	0.04274	0.72245	0.05128	0.02429	0.00990	0.00315	0.00450	0.02204	0.00720	0.00630
106	0.01919	0.01842	0.03147	0.04759	0.67914	0.01842	0.02380	0.02380	0.01765	0.02533	0.01458	0.01919	0.01228	0.00691	0.00768	0.00230	0.00921	0.00691	0.00384	0.01228
107	0.04835	0.01764	0.01866	0.01599	0.02086	0.02003	0.01267	0.18105	0.47559	0.05938	0.02784	0.02591	0.02058	0.01009	0.00775	0.00254	0.00670	0.00817	0.00781	0.01238
108	0.02018	0.01859	0.03013	0.07492	0.57312	0.01903	0.02263	0.09746	0.01976	0.02783	0.01502	0.01919	0.01230	0.00723	0.00769	0.00232	0.00918	0.00692	0.00428	0.01222
109	0.01600	0.01516	0.02570	0.51208	0.23962	0.01758	0.02221	0.02100	0.01614	0.02145	0.01402	0.02023	0.01091	0.00750	0.00773	0.00250	0.01000	0.00690	0.00356	0.00970
110	0.00945	0.00675	0.00900	0.01080	0.01125	0.00630	0.00720	0.01080	0.01484	0.01979	0.04274	0.72245	0.05128	0.02429	0.00990	0.00315	0.00450	0.02204	0.00720	0.00630
111	0.01596	0.01555	0.02179	0.01905	0.01918	0.02138	0.01568	0.01771	0.01214	0.01869	0.01341	0.07055	0.01394	0.01775	0.07516	0.00406	0.60803	0.00804	0.00373	0.00820
112	0.01464	0.01378	0.02326	0.70887	0.05340	0.01723	0.02153	0.01981	0.01550	0.01981	0.01378	0.02067	0.01034	0.00775	0.00775	0.00258	0.01034	0.00689	0.00345	0.00861
113	0.02717	0.02175	0.02190	0.01754	0.02318	0.07393	0.01421	0.47026	0.17491	0.04295	0.02099	0.02055	0.01527	0.00948	0.00773	0.00237	0.00841	0.00723	0.00750	0.01267
114	0.00943	0.00683	0.00891	0.01057	0.01119	0.00632	0.00710	0.01082	0.01506	0.01988	0.04545	0.67336	0.09862	0.02394	0.00984	0.00311	0.00446	0.02161	0.00720	0.00632
115	0.01879	0.01932	0.05775	0.07020	0.57082	0.01847	0.08265	0.02377	0.01758	0.02505	0.01463	0.01930	0.01207	0.00692	0.00781	0.00235	0.00970	0.00707	0.00381	0.01194
116	0.02073	0.73217	0.04063	0.01327	0.01990	0.03068	0.01327	0.02322	0.01575	0.01824	0.01078	0.01244	0.00995	0.00663	0.00498	0.00166	0.00829	0.00415	0.00332	0.00995
117	0.01696	0.01696	0.02375	0.02036	0.02036	0.02375	0.01696	0.01866	0.01187	0.01866	0.01018	0.01696	0.01018	0.01357	0.02545	0.00339	0.71332	0.00679	0.00339	0.00848
118	0.07587	0.01800	0.02967	0.06925	0.60653	0.01830	0.02256	0.02357	0.01724	0.02583	0.01427	0.01875	0.01192	0.00696	0.00746	0.00232	0.00901	0.00671	0.00390	0.01186
119	0.01615	0.09021	0.59054	0.02224	0.03307	0.01907	0.07466	0.02448	0.01647	0.02411	0.01382	0.01642	0.00998	0.00725	0.00732	0.00241	0.01135	0.00587	0.00333	0.01127
120	0.01638	0.03895	0.65867	0.02174	0.03297	0.01772	0.02791	0.02512	0.01662	0.05281	0.01463	0.01680	0.01022	0.00746	0.00738	0.00245	0.01125	0.00582	0.00354	0.01153
121	0.01097	0.00793	0.01036	0.00975	0.01158	0.00732	0.00732	0.01463	0.02195	0.03109	0.67505	0.05792	0.07316	0.01585	0.00914	0.00244	0.00366	0.01402	0.00854	0.00732
122	0.01929	0.01666	0.01753	0.01578	0.02016	0.01929	0.01227	0.04120	0.66513	0.03243	0.03156	0.02893	0.02367	0.01052	0.00789	0.00263	0.00614	0.00877	0.00789	0.01227
123	0.01445	0.00723	0.00723	0.00723	0.00903	0.00723	0.00542	0.01807	0.01626	0.02891	0.02529	0.02891	0.01987	0.00903	0.00542	0.00181	0.00361	0.00723	0.77055	0.00723
124	0.01097	0.00793	0.01036	0.00975	0.01158	0.00732	0.00732	0.01463	0.02195	0.03109	0.67505	0.05792	0.07316	0.01585	0.00914	0.00244	0.00366	0.01402	0.00854	0.00732
125	0.02920	0.02072	0.02239	0.01723	0.02326	0.02274	0.01421	0.59666	0.03494	0.08222	0.01951	0.01942	0.01376	0.00931	0.00767	0.00231	0.00825	0.00703	0.03621	0.01296
126	0.01126	0.00758	0.00876	0.00876	0.00887	0.00768	0.00508	0.01147	0.01137	0.01526	0.02415	0.04920	0.02752	0.67679	0.08927	0.00789	0.00852	0.01105	0.00466	0.00487
127	0.02896	0.03695	0.02197	0.01998	0.02397	0.69638	0.01498	0.03096	0.02197	0.01898	0.01199	0.01398	0.00999	0.00799	0.00699	0.00200	0.01398	0.00499	0.00400	0.00899
128	0.31996	0.01391	0.01504	0.01232	0.01748	0.01412	0.01008	0.05143	0.04310	0.33892	0.07143	0.02330	0.01909	0.00917	0.00675	0.00241	0.00619	0.00689	0.00754	0.01087
129	0.15554	0.03073	0.02041	0.01798	0.02248	0.47065	0.01384	0.13300	0.02291	0.02660	0.01289	0.01452	0.01025	0.00808	0.00675	0.00212	0.01174	0.00519	0.00475	0.00959
130	0.02073	0.73217	0.04063	0.01327	0.01990	0.03068	0.01327	0.02322	0.01575	0.01824	0.01078	0.01244	0.00995	0.00663	0.00498	0.00166	0.00829	0.00415	0.00332	0.00995
131	0.02970	0.02204	0.02296	0.01775	0.02384	0.05510	0.01459	0.59531	0.03511	0.07708	0.01886	0.01876	0.01332	0.00926	0.00772	0.00231	0.00870	0.00693	0.00767	0.01299
132	0.01278	0.00906	0.01242	0.04157	0.01498	0.01035	0.00959	0.04044	0.01451	0.02178	0.02257	0.08027	0.02088	0.03940	0.41630	0.00833	0.04165	0.00893	0.16686	0.00732
133	0.00964	0.00779	0.00858	0.00856	0.01081	0.00672	0.00635	0.01199	0.01855	0.02344	0.22731	0.11864	0.47641	0.01902	0.00921	0.00261	0.00390	0.01619	0.00754	0.00672
134	0.03023	0.01220	0.01645	0.01295	0.01820	0.01060	0.01057	0.03328	0.02196	0.56114	0.12630	0.03304	0.05516	0.01094	0.00805	0.00241	0.00606	0.00907	0.00934	0.01206
135	0.02947	0.02172	0.02327	0.01784	0.02404	0.02404	0.01474	0.65329	0.03646	0.04887	0.01862	0.01862	0.01319	0.00931	0.00776	0.00233	0.00853	0.00698	0.00776	0.01319
136	0.78228	0.01499	0.01140	0.01020	0.01499	0.01739	0.00840	0.02279	0.01320	0.03479	0.01080	0.01260	0.00840	0.00720	0.00480	0.00240	0.00600	0.00420	0.00480	0.00840
137	0.02987	0.02108	0.02288	0.01754	0.02373	0.02310	0.01449	0.60743	0.03539	0.09622	0.01951	0.01919	0.01363	0.00933	0.00776	0.00233	0.00839	0.00704	0.00789	0.01319
138	0.01967	0.01573	0.01683	0.01503	0.01940	0.01773	0.01172	0.03867	0.56817	0.08015	0.03505	0.03220	0.07276	0.01114	0.00798	0.00261	0.00600	0.00927	0.00796	0.01191
139	0.02882	0.07465	0.02456	0.01750	0.02374	0.02454	0.01463	0.60635	0.03491	0.04658	0.01803	0.01816	0.01294	0.00911	0.00755	0.00228	0.00851	0.00677	0.00743	0.01294
140	0.78228	0.01499	0.01140	0.01020	0.01499	0.01739	0.00840	0.02279	0.01320	0.03479	0.01080	0.01260	0.00840	0.00720	0.00480	0.00240	0.00600	0.00420	0.00480	0.00840
141	0.01961	0.56634	0.14454	0.01523	0.02216	0.02810	0.01604	0.02310	0.01557	0.01930	0.01124	0.01341	0.00995	0.00727	0.00689	0.00192	0.06133	0.00460	0.00332	0.01009
142	0.00934	0.00717	0.00856	0.00966	0.01095	0.00639	0.00669	0.01092	0.01593	0.02024	0.05652	0.47307	0.29176	0.02250	0.00961	0.00294	0.00428	0.01986	0.00720	0.00639
143	0.01024	0.00790	0.00935	0.00898	0.01113	0.00700	0.00674	0.01321	0.02021	0.02698	0.43315	0.06469	0.31763	0.01739	0.00915	0.00251	0.00377	0.01497	0.00799	0.00700
144	0.00950	0.00679	0.00905	0.01076	0.01126	0.00634	0.00720	0.01094	0.01511	0.02021	0.06611	0.69788	0.05209	0.02398	0.00987	0.00312	0.00447	0.02175	0.00725	0.00634
145	0.01631	0.01600	0.02249	0.01948	0.01963	0.02218	0.01615	0.01812	0.01194	0.01859	0.01136	0.01847	0.01120	0.01854	0.10028	0.00440	0.63612	0.00696	0.00348	0.00831
146	0.02944	0.02287	0.02317	0.01800	0.02404	0.07499	0.01476	0.60613	0.03536	0.04660	0.01811	0.01826	0.01294	0.00921	0.00770	0.00230	0.00895	0.00683	0.00747	0.01287
147	0.00965	0.00734	0.00890	0.00980	0.01120	0.00660	0.00696	0.01157	0.01678	0.02169	0.13218	0.39934	0.26508	0.02158	0.00959	0.00290	0.00430	0.04067	0.00736	0.00654
148	0.01935	0.01634	0.01736	0.01556	0.01989	0.01867	0.01222	0.08525	0.56240	0.03281	0.03283	0.03263	0.04897	0.01129	0.00806	0.00265	0.00628	0.03774	0.00782	0.01188
149	0.01928	0.01679	0.01859	0.01819	0.07010	0.01922	0.01315	0.03988	0.61607	0.03190	0.03027	0.02819	0.02281	0.01025	0.00787	0.00261	0.00637	0.00863	0.00758	0.01227
150	0.02834	0.03482	0.02160	0.01941	0.02352	0.62220	0.01466	0.07745	0.02293	0.02131	0.01473	0.01638	0.03266	0.00848	0.00712	0.00204	0.01323	0.00553	0.00439	0.00922
151	0.01041	0.00766	0.00986	0.01121	0.01211	0.00744	0.00777	0.01355	0.06396	0.02174	0.09139	0.59611	0.05070	0.02250	0.00972	0.00307	0.00465	0.04195	0.00735	0.00685
152	0.02947	0.02172	0.02327	0.01784	0.02404	0.02404	0.01474	0.65329	0.03646	0.04887	0.01862	0.01862	0.01319	0.00931	0.00776	0.00233	0.00853	0.00698	0.00776	0.01319
153	0.02947	0.02172	0.02327	0.01784	0.02404	0.02404	0.01474	0.65329	0.03646	0.04887	0.01862	0.01862	0.01319	0.00931	0.00776	0.00233	0.00853	0.00698	0.00776	0.01319
154	0.01872	0.01839	0.03033	0.15967	0.52101	0.04227	0.04995	0.02341	0.01747	0.02414	0.01440	0.01933	0.01184	0.00708	0.00773	0.00235	0.00974	0.00693	0.00378	0.01146
155	0.02471	0.01351	0.01696	0.01255	0.01903	0.01082	0.01021	0.02795	0.01890	0.32926	0.02153	0.02083	0.01504	0.00752	0.00669	0.00173	0.00614	0.00607	0.00690	0.42366
156	0.01121	0.00749	0.00848	0.00854	0.00856	0.00747	0.00479	0.01126	0.01140	0.01520	0.02508	0.07464	0.02901	0.70248	0.03841	0.00736	0.00741	0.01166	0.00479	0.00476
157	0.78228	0.01499	0.01140	0.01020	0.01499	0.01739	0.00840	0.02279	0.01320	0.03479	0.01080	0.01260	0.00840	0.00720	0.00480	0.00240	0.00600	0.00420	0.00480	0.00840
158	0.01630	0.01606	0.02320	0.01986	0.02032	0.02189	0.03965	0.01831	0.01218	0.01881	0.01167	0.01875	0.01135	0.01871	0.10614	0.00446	0.60341	0.00706	0.00350	0.00837
159	0.78228	0.01499	0.01140	0.01020	0.01499	0.01739	0.00840	0.02279	0.01320	0.03479	0.01080	0.01260	0.00840	0.00720	0.00480	0.00240	0.00600	0.00420	0.00480	0.00840
160	0.02524	0.01736	0.01993	0.04489	0.02272	0.01757	0.01277	0.29566	0.09138	0.14755	0.02049	0.02041	0.01470	0.00849	0.00725	0.00208	0.00732	0.00668	0.00708	0.21044
161	0.02694	0.06244	0.02402	0.01982	0.02440	0.50905	0.06184	0.09953	0.02287	0.02285	0.01609	0.01781	0.04183	0.00852	0.00725	0.00210	0.01258	0.00603	0.00454	0.00950
162	0.01748	0.02184	0.10774	0.02956	0.03704	0.01881	0.51793	0.02387	0.01807	0.02496	0.05890	0.02273	0.01556	0.00754	0.00967	0.00262	0.04227	0.00902	0.00414	0.01027
163	0.01608	0.01378	0.01608	0.01148	0.01837	0.01034	0.00919	0.01952	0.01608	0.02527	0.01378	0.01608	0.01148	0.00574	0.00574	0.00115	0.00574	0.00459	0.00459	0.77491
164	0.00954	0.00787	0.00838	0.00825	0.01070	0.00671	0.00619	0.01186	0.01856	0.02306	0.20277	0.07114	0.55045	0.01885	0.00916	0.00258	0.00387	0.01588	0.00748	0.00671
165	0.01661	0.01649	0.02367	0.12382	0.02532	0.02277	0.01765	0.01883	0.01242	0.01883	0.01072	0.01752	0.01020	0.01270	0.02279	0.00327	0.60767	0.00680	0.00340	0.00850
166	0.02073	0.73217	0.04063	0.01327	0.01990	0.03068	0.01327	0.02322	0.01575	0.01824	0.01078	0.01244	0.00995	0.00663	0.00498	0.00166	0.00829	0.00415	0.00332	0.00995
167	0.00956	0.00684	0.00910	0.01072	0.01127	0.00637	0.00721	0.01109	0.01538	0.02065	0.09065	0.67209	0.05294	0.02365	0.00984	0.00310	0.00443	0.02143	0.00730	0.00637
168	0.07313	0.01519	0.02471	0.46888	0.22837	0.01758	0.02120	0.02117	0.01594	0.02250	0.01379	0.01965	0.01074	0.00747	0.00751	0.00249	0.00969	0.00670	0.00366	0.00964
169	0.01043	0.00763	0.01086	0.01182	0.01280	0.00806	0.00874	0.01260	0.01397	0.01922	0.03249	0.35604	0.03609	0.03968	0.32641	0.00747	0.01219	0.06106	0.00579	0.00665
170	0.02947	0.02172	0.02327	0.01784	0.02404	0.02404	0.01474	0.65329	0.03646	0.04887	0.01862	0.01862	0.01319	0.00931	0.00776	0.00233	0.00853	0.00698	0.00776	0.01319
171	0.01427	0.01050	0.01261	0.01227	0.01479	0.01082	0.00932	0.02159	0.17717	0.04606	0.07686	0.20630	0.03450	0.05342	0.07896	0.00388	0.00700	0.07800	0.06378	0.06789
172	0.01036	0.00755	0.00961	0.00980	0.01120	0.00695	0.00700	0.01297	0.01886	0.02589	0.39407	0.25407	0.12566	0.05689	0.01099	0.00294	0.00414	0.01646	0.00780	0.00680
173	0.01902	0.01824	0.03116	0.07305	0.65505	0.01838	0.02371	0.02364	0.01757	0.02512	0.01455	0.01925	0.01221	0.00694	0.00768	0.00231	0.00925	0.00691	0.00382	0.01214
174	0.01510	0.01425	0.02408	0.64258	0.11613	0.01735	0.02176	0.02021	0.01572	0.02036	0.01386	0.02052	0.01053	0.00767	0.00774	0.00256	0.01022	0.00689	0.00348	0.00898
175	0.02947	0.02172	0.02327	0.01784	0.02404	0.02404	0.01474	0.65329	0.03646	0.04887	0.01862	0.01862	0.01319	0.00931	0.00776	0.00233	0.00853	0.00698	0.00776	0.01319
176	0.00982	0.00701	0.00942	0.01122	0.01184	0.00662	0.00785	0.01144	0.01521	0.02021	0.04253	0.64474	0.05047	0.02394	0.01000	0.00320	0.00482	0.09607	0.00719	0.00640
177	0.00955	0.00682	0.00912	0.01092	0.01141	0.00639	0.00738	0.01098	0.01495	0.01991	0.04268	0.70074	0.05105	0.02419	0.00992	0.00316	0.00459	0.04272	0.00720	0.00633
178	0.78228	0.01499	0.01140	0.01020	0.01499	0.01739	0.00840	0.02279	0.01320	0.03479	0.01080	0.01260	0.00840	0.00720	0.00480	0.00240	0.00600	0.00420	0.00480	0.00840
179	0.02715	0.02056	0.02196	0.01737	0.02316	0.02296	0.01417	0.51335	0.18018	0.04511	0.02157	0.02097	0.01558	0.00958	0.00779	0.00240	0.00798	0.00739	0.00779	0.01298
180	0.01076	0.00792	0.01007	0.00953	0.01146	0.00723	0.00715	0.01423	0.02145	0.02992	0.60608	0.05985	0.14287	0.01629	0.00915	0.00246	0.00369	0.01429	0.00838	0.00723
181	0.02947	0.02172	0.02327	0.01784	0.02404	0.02404	0.01474	0.65329	0.03646	0.04887	0.01862	0.01862	0.01319	0.00931	0.00776	0.00233	0.00853	0.00698	0.00776	0.01319
182	0.02073	0.73217	0.04063	0.01327	0.01990	0.03068	0.01327	0.02322	0.01575	0.01824	0.01078	0.01244	0.00995	0.00663	0.00498	0.00166	0.00829	0.00415	0.00332	0.00995
183	0.08416	0.02017	0.02141	0.01666	0.02243	0.02228	0.01370	0.55792	0.03362	0.04647	0.06777	0.02115	0.01737	0.00965	0.00764	0.00234	0.00797	0.00731	0.00760	0.01238
184	0.78228	0.01499	0.01140	0.01020	0.01499	0.01739	0.00840	0.02279	0.01320	0.03479	0.01080	0.01260	0.00840	0.00720	0.00480	0.00240	0.00600	0.00420	0.00480	0.00840
185	0.02287	0.01727	0.01880	0.01577	0.02045	0.01926	0.01251	0.26638	0.32622	0.06221	0.05562	0.02594	0.02115	0.01150	0.00957	0.06000	0.00698	0.00816	0.00760	0.01175
186	0.01098	0.00791	0.01042	0.01017	0.01190	0.00736	0.00770	0.01445	0.02111	0.02965	0.57993	0.10966	0.06937	0.01690	0.00932	0.00258	0.00398	0.06103	0.00833	0.00723
187	0.01497	0.00932	0.01198	0.01078	0.01339	0.00879	0.00826	0.01990	0.06990	0.12394	0.53563	0.05128	0.06181	0.01457	0.00886	0.00245	0.00426	0.01275	0.00864	0.00852
188	0.00945	0.00675	0.00900	0.01080	0.01125	0.00630	0.00720	0.01080	0.01484	0.01979	0.04274	0.72245	0.05128	0.02429	0.00990	0.00315	0.00450	0.02204	0.00720	0.00630
189	0.01347	0.00673	0.01010	0.01010	0.01010	0.00673	0.00673	0.01010	0.01010	0.01347	0.01347	0.02357	0.01347	0.02694	0.03030	0.77441	0.00673	0.00673	0.00337	0.00337
190	0.02073	0.73217	0.04063	0.01327	0.01990	0.03068	0.01327	0.02322	0.01575	0.01824	0.01078	0.01244	0.00995	0.00663	0.00498	0.00166	0.00829	0.00415	0.00332	0.00995
191	0.03175	0.01583	0.01939	0.01501	0.02087	0.01553	0.01234	0.23227	0.04857	0.43819	0.04910	0.02510	0.01931	0.00975	0.00783	0.00239	0.00709	0.00779	0.00892	0.01296
192	0.02799	0.03520	0.02153	0.01933	0.02355	0.64439	0.01454	0.03009	0.02153	0.01945	0.01212	0.01414	0.01010	0.00782	0.00690	0.00193	0.01336	0.00496	0.00404	0.06703
193	0.01963	0.01683	0.01773	0.01585	0.02029	0.01945	0.01236	0.06213	0.64364	0.03300	0.03112	0.02858	0.02331	0.01048	0.00788	0.00262	0.00622	0.00871	0.00788	0.01230
194	0.01830	0.02092	0.04575	0.03268	0.04052	0.01961	0.65098	0.02484	0.01830	0.02484	0.01569	0.02092	0.01176	0.00654	0.00915	0.00261	0.01307	0.00915	0.00392	0.01046
195	0.01871	0.01793	0.03061	0.11711	0.61336	0.01830	0.02356	0.02338	0.01743	0.02475	0.01450	0.01935	0.01208	0.00700	0.00768	0.00233	0.00933	0.00691	0.00380	0.01190
196	0.01583	0.07723	0.65264	0.02163	0.03283	0.01869	0.02782	0.02448	0.01634	0.02422	0.01375	0.01616	0.00983	0.00733	0.00724	0.00241	0.01129	0.00564	0.00328	0.01138
197	0.01021	0.00782	0.01119	0.01179	0.01302	0.00726	0.04189	0.01224	0.01617	0.02154	0.11290	0.53206	0.10019	0.02192	0.00976	0.00302	0.00495	0.04823	0.00717	0.00669
198	0.01706	0.01724	0.02528	0.02121	0.02176	0.02346	0.06106	0.01909	0.01232	0.01909	0.01056	0.01724	0.01029	0.01308	0.02431	0.00334	0.66462	0.00695	0.00343	0.00862
199	0.01672	0.01150	0.01381	0.01261	0.01570	0.01183	0.00983	0.05424	0.19485	0.10288	0.31036	0.09101	0.04748	0.01440	0.00876	0.00261	0.00520	0.05848	0.00825	0.00949
200	0.01128	0.00752	0.00846	0.00846	0.00846	0.00752	0.00470	0.01128	0.01128	0.01503	0.02443	0.05074	0.02819	0.72751	0.03946	0.00752	0.00752	0.01128	0.00470	0.00470
201	0.01877	0.40691	0.23581	0.06796	0.02666	0.04944	0.01847	0.02349	0.01617	0.02065	0.01215	0.01449	0.01001	0.00695	0.00603	0.00196	0.00951	0.00489	0.00340	0.04628
202	0.41665	0.01813	0.04741	0.01345	0.01909	0.01893	0.01151	0.20376	0.06877	0.03742	0.01495	0.01597	0.01120	0.00794	0.00606	0.00230	0.00697	0.00543	0.00578	0.06828
203	0.03223	0.01363	0.01846	0.01542	0.05062	0.01228	0.01194	0.05942	0.04386	0.57736	0.05945	0.02731	0.02130	0.00978	0.00786	0.00240	0.00664	0.00805	0.00915	0.01285
204	0.01696	0.01696	0.02375	0.02036	0.02036	0.02375	0.01696	0.01866	0.01187	0.01866	0.01018	0.01696	0.01018	0.01357	0.02545	0.00339	0.71332	0.00679	0.00339	0.00848
205	0.01919	0.01842	0.03147	0.04759	0.67914	0.01842	0.02380	0.02380	0.01765	0.02533	0.01458	0.01919	0.01228	0.00691	0.00768	0.00230	0.00921	0.00691	0.00384	0.01228
206	0.09143	0.01333	0.01749	0.01352	0.01943	0.01185	0.01117	0.03665	0.02151	0.63528	0.02909	0.02535	0.01838	0.00941	0.00757	0.00240	0.00655	0.00752	0.00923	0.01283
207	0.01608	0.01378	0.01608	0.01148	0.01837	0.01034	0.00919	0.01952	0.01608	0.02527	0.01378	0.01608	0.01148	0.00574	0.00574	0.00115	0.00574	0.00459	0.00459	0.77491
208	0.40337	0.01396	0.01397	0.01172	0.01673	0.01470	0.00958	0.02930	0.06605	0.26915	0.02049	0.01990	0.01422	0.00844	0.00616	0.00238	0.00607	0.00605	0.05744	0.01035
209	0.02888	0.02114	0.02263	0.01742	0.02345	0.02337	0.01437	0.62797	0.03565	0.04807	0.01888	0.01903	0.01345	0.00930	0.00766	0.00231	0.00834	0.00699	0.03816	0.01295
210	0.66995	0.01472	0.01239	0.01074	0.01572	0.01649	0.00885	0.02505	0.01455	0.13243	0.01377	0.01467	0.01002	0.00756	0.00525	0.00240	0.00609	0.00474	0.00552	0.00912
211	0.00963	0.00689	0.00916	0.01067	0.01129	0.00642	0.00721	0.01125	0.01568	0.02112	0.11692	0.64448	0.05385	0.02330	0.00981	0.00307	0.00440	0.02110	0.00735	0.00642
212	0.03128	0.01332	0.01739	0.01362	0.01910	0.01213	0.01114	0.07954	0.04676	0.54145	0.07962	0.02846	0.02314	0.01008	0.00782	0.00239	0.00639	0.00824	0.03562	0.01250
213	0.01128	0.00752	0.00846	0.00846	0.00846	0.00752	0.00470	0.01128	0.01128	0.01503	0.02443	0.05074	0.02819	0.72751	0.03946	0.00752	0.00752	0.01128	0.00470	0.00470
214	0.02947	0.02172	0.02327	0.01784	0.02404	0.02404	0.01474	0.65329	0.03646	0.04887	0.01862	0.01862	0.01319	0.00931	0.00776	0.00233	0.00853	0.00698	0.00776	0.01319
215	0.01608	0.01378	0.01608	0.01148	0.01837	0.01034	0.00919	0.01952	0.01608	0.02527	0.01378	0.01608	0.01148	0.00574	0.00574	0.00115	0.00574	0.00459	0.00459	0.77491
216	0.03024	0.01421	0.01786	0.01438	0.01990	0.01371	0.01165	0.03879	0.21067	0.49335	0.03087	0.02713	0.02051	0.00987	0.00782	0.00247	0.00646	0.00808	0.00910	0.01292
217	0.02926	0.02802	0.02273	0.01872	0.02401	0.30215	0.01484	0.39587	0.03046	0.03650	0.01587	0.01670	0.01186	0.00876	0.00744	0.00219	0.01079	0.00616	0.00620	0.01145
218	0.01874	0.46598	0.28937	0.01666	0.02515	0.02581	0.01918	0.02373	0.01599	0.02067	0.01199	0.01395	0.00990	0.00692	0.00589	0.00196	0.00951	0.00476	0.00330	0.01053
219	0.00945	0.00675	0.00900	0.01080	0.01125	0.00630	0.00720	0.01080	0.01484	0.01979	0.04274	0.72245	0.05128	0.02429	0.00990	0.00315	0.00450	0.02204	0.00720	0.00630
220	0.00945	0.00675	0.00900	0.01080	0.01125	0.00630	0.00720	0.01080	0.01484	0.01979	0.04274	0.72245	0.05128	0.02429	0.00990	0.00315	0.00450	0.02204	0.00720	0.00630
221	0.01112	0.00772	0.00942	0.00911	0.01003	0.00742	0.00602	0.01297	0.01665	0.02312	0.35215	0.05436	0.05084	0.36904	0.02419	0.00496	0.00557	0.01266	0.00663	0.00602
222	0.01073	0.00792	0.01003	0.00950	0.01143	0.00721	0.00712	0.01416	0.02137	0.02972	0.59455	0.06017	0.15451	0.01636	0.00915	0.00246	0.00369	0.01434	0.00836	0.00721
223	0.02555	0.01977	0.02106	0.01705	0.02255	0.02221	0.01379	0.41767	0.27846	0.04254	0.02360	0.02259	0.01722	0.00977	0.00781	0.00244	0.00761	0.00767	0.00781	0.01283
224	0.01097	0.00793	0.01036	0.00975	0.01158	0.00732	0.00732	0.01463	0.02195	0.03109	0.67505	0.05792	0.07316	0.01585	0.00914	0.00244	0.00366	0.01402	0.00854	0.00732
225	0.78228	0.01499	0.01140	0.01020	0.01499	0.01739	0.00840	0.02279	0.01320	0.03479	0.01080	0.01260	0.00840	0.00720	0.00480	0.00240	0.00600	0.00420	0.00480	0.00840
226	0.00945	0.00675	0.00900	0.01080	0.01125	0.00630	0.00720	0.01080	0.01484	0.01979	0.04274	0.72245	0.05128	0.02429	0.00990	0.00315	0.00450	0.02204	0.00720	0.00630
227	0.02073	0.73217	0.04063	0.01327	0.01990	0.03068	0.01327	0.02322	0.01575	0.01824	0.01078	0.01244	0.00995	0.00663	0.00498	0.00166	0.00829	0.00415	0.00332	0.00995
228	0.01919	0.01842	0.03147	0.04759	0.67914	0.01842	0.02380	0.02380	0.01765	0.02533	0.01458	0.01919	0.01228	0.00691	0.00768	0.00230	0.00921	0.00691	0.00384	0.01228
229	0.01919	0.01842	0.03147	0.04759	0.67914	0.01842	0.02380	0.02380	0.01765	0.02533	0.01458	0.01919	0.01228	0.00691	0.00768	0.00230	0.00921	0.00691	0.00384	0.01228
230	0.00928	0.00789	0.00802	0.00808	0.01067	0.00663	0.00612	0.01130	0.01768	0.02102	0.07725	0.07506	0.65417	0.01970	0.00922	0.00265	0.00404	0.03747	0.00720	0.00657
231	0.01066	0.00821	0.00978	0.00933	0.01152	0.00748	0.00701	0.01440	0.04340	0.02773	0.45164	0.06250	0.27404	0.01693	0.00911	0.00251	0.00384	0.01462	0.00806	0.00723
232	0.01433	0.00724	0.00727	0.00727	0.00901	0.00724	0.00539	0.01781	0.01607	0.02838	0.02526	0.02973	0.02019	0.03618	0.00671	0.00202	0.00376	0.00738	0.74161	0.00713
233	0.01108	0.00831	0.01246	0.01246	0.01385	0.00969	0.00969	0.01385	0.01246	0.01800	0.02077	0.03046	0.01938	0.05815	0.69678	0.01246	0.02077	0.00831	0.00415	0.00692
234	0.02073	0.73217	0.04063	0.01327	0.01990	0.03068	0.01327	0.02322	0.01575	0.01824	0.01078	0.01244	0.00995	0.00663	0.00498	0.00166	0.00829	0.00415	0.00332	0.00995
235	0.01929	0.01666	0.01753	0.01578	0.02016	0.01929	0.01227	0.04120	0.66513	0.03243	0.03156	0.02893	0.02367	0.01052	0.00789	0.00263	0.00614	0.00877	0.00789	0.01227
236	0.03157	0.01663	0.01995	0.01536	0.02128	0.01664	0.01266	0.30002	0.02828	0.38670	0.05116	0.02432	0.01878	0.00972	0.00783	0.00237	0.00731	0.00770	0.00877	0.01296
237	0.02947	0.02172	0.02327	0.01784	0.02404	0.02404	0.01474	0.65329	0.03646	0.04887	0.01862	0.01862	0.01319	0.00931	0.00776	0.00233	0.00853	0.00698	0.00776	0.01319
238	0.01882	0.01805	0.03081	0.10089	0.62870	0.01833	0.02361	0.02347	0.01748	0.02489	0.01452	0.01931	0.01212	0.00698	0.00768	0.00233	0.00930	0.00691	0.00381	0.01199
239	0.00980	0.00828	0.00911	0.00989	0.03474	0.00715	0.00711	0.01196	0.01759	0.02124	0.07198	0.09691	0.57929	0.01949	0.00926	0.00270	0.00439	0.06525	0.00708	0.00679
240	0.01029	0.00785	0.00934	0.00905	0.01105	0.00702	0.00670	0.01312	0.01977	0.02646	0.41524	0.08445	0.28702	0.04584	0.01038	0.00273	0.00393	0.01500	0.00786	0.00690
241	0.01004	0.00710	0.00916	0.01021	0.01084	0.00669	0.00680	0.01160	0.01559	0.02113	0.15903	0.48421	0.05153	0.14077	0.01472	0.00375	0.00485	0.01872	0.00703	0.00622
