[name]
unknown

[dist]
# distance from previous block
# <min> <max>
8	25

[block]
# block no. 0 follows, 23 sequences, length 7
# corresponding to MSA columns:
# 28-34
name=unknown_A
#
# <colnr> <probs for GDERKNQSTAVLIFYWHMCP>
#	G	D	E	R	K	N	Q	S	T	A	V	L	I	F	Y	W	H	M	C	P
0	0.02652	0.01244	0.01627	0.01314	0.01807	0.01112	0.01055	0.03121	0.06425	0.39239	0.21844	0.03690	0.03671	0.01178	0.00844	0.00245	0.00589	0.00994	0.00923	0.06426
1	0.03031	0.03867	0.02299	0.02090	0.02508	0.68226	0.01568	0.03240	0.02299	0.01986	0.01254	0.01463	0.01045	0.00836	0.00732	0.00209	0.01463	0.00523	0.00418	0.00941
2	0.01411	0.00899	0.01100	0.01009	0.01285	0.00794	0.00771	0.01725	0.02148	0.11252	0.38141	0.06222	0.26758	0.01708	0.00939	0.00261	0.00433	0.01465	0.00860	0.00819
3	0.03085	0.02273	0.02435	0.01867	0.02516	0.02516	0.01542	0.63716	0.03815	0.05114	0.01948	0.01948	0.01380	0.00974	0.00812	0.00244	0.00893	0.00731	0.00812	0.01380
4	0.03085	0.02273	0.02435	0.01867	0.02516	0.02516	0.01542	0.63716	0.03815	0.05114	0.01948	0.01948	0.01380	0.00974	0.00812	0.00244	0.00893	0.00731	0.00812	0.01380
5	0.03085	0.02273	0.02435	0.01867	0.02516	0.02516	0.01542	0.63716	0.03815	0.05114	0.01948	0.01948	0.01380	0.00974	0.00812	0.00244	0.00893	0.00731	0.00812	0.01380
6	0.01028	0.00746	0.00980	0.01153	0.01237	0.00698	0.00815	0.01206	0.01619	0.02128	0.04756	0.57619	0.10243	0.02463	0.01041	0.00331	0.00502	0.10010	0.00752	0.00673

[dist]
# distance from previous block
# <min> <max>
0	2

[block]
# block no. 1 follows, 23 sequences, length 23
# corresponding to MSA columns:
# 37-59
name=unknown_B
#
# <colnr> <probs for GDERKNQSTAVLIFYWHMCP>
#	G	D	E	R	K	N	Q	S	T	A	V	L	I	F	Y	W	H	M	C	P
0	0.06052	0.04043	0.63410	0.02240	0.03398	0.01881	0.02874	0.02559	0.01694	0.02632	0.01437	0.01690	0.01019	0.00770	0.00755	0.00257	0.01166	0.00590	0.00352	0.01180
1	0.03085	0.02273	0.02435	0.01867	0.02516	0.02516	0.01542	0.63716	0.03815	0.05114	0.01948	0.01948	0.01380	0.00974	0.00812	0.00244	0.00893	0.00731	0.00812	0.01380
2	0.01627	0.04197	0.67279	0.02313	0.03512	0.01884	0.02998	0.02570	0.01713	0.02570	0.01456	0.01713	0.01028	0.00771	0.00771	0.00257	0.01199	0.00600	0.00343	0.01199
3	0.02106	0.64088	0.11583	0.01496	0.02249	0.03056	0.01576	0.02446	0.01656	0.01986	0.01166	0.01349	0.01040	0.00703	0.00550	0.00183	0.00906	0.00453	0.00347	0.01060
4	0.01023	0.00806	0.00897	0.00906	0.01109	0.00709	0.00651	0.01238	0.01842	0.02337	0.19175	0.14656	0.40688	0.08795	0.01277	0.00327	0.00449	0.01680	0.00757	0.00680
5	0.03085	0.02273	0.02435	0.01867	0.02516	0.02516	0.01542	0.63716	0.03815	0.05114	0.01948	0.01948	0.01380	0.00974	0.00812	0.00244	0.00893	0.00731	0.00812	0.01380
6	0.00989	0.00706	0.00942	0.01130	0.01177	0.00659	0.00753	0.01130	0.01554	0.02071	0.04472	0.70954	0.05367	0.02542	0.01036	0.00330	0.00471	0.02307	0.00753	0.00659
7	0.01627	0.04197	0.67279	0.02313	0.03512	0.01884	0.02998	0.02570	0.01713	0.02570	0.01456	0.01713	0.01028	0.00771	0.00771	0.00257	0.01199	0.00600	0.00343	0.01199
8	0.02018	0.01743	0.01835	0.01651	0.02110	0.02018	0.01284	0.04312	0.64956	0.03394	0.03303	0.03027	0.02477	0.01101	0.00826	0.00275	0.00642	0.00917	0.00826	0.01284
9	0.02018	0.01743	0.01835	0.01651	0.02110	0.02018	0.01284	0.04312	0.64956	0.03394	0.03303	0.03027	0.02477	0.01101	0.00826	0.00275	0.00642	0.00917	0.00826	0.01284
10	0.01318	0.00870	0.01147	0.01071	0.01290	0.00801	0.00819	0.01696	0.02278	0.07365	0.59005	0.05992	0.07148	0.01644	0.00956	0.00261	0.00420	0.04221	0.00894	0.00805
11	0.01690	0.01487	0.01905	0.04473	0.02231	0.01173	0.04797	0.02078	0.01694	0.02615	0.01454	0.01735	0.01198	0.00616	0.00632	0.00136	0.00669	0.00521	0.00471	0.68424
12	0.02018	0.01743	0.01835	0.01651	0.02110	0.02018	0.01284	0.04312	0.64956	0.03394	0.03303	0.03027	0.02477	0.01101	0.00826	0.00275	0.00642	0.00917	0.00826	0.01284
13	0.02133	0.07081	0.23807	0.01825	0.02570	0.01932	0.01849	0.03557	0.30687	0.12233	0.02531	0.02439	0.01833	0.00950	0.00786	0.00259	0.00849	0.00765	0.00659	0.01254
14	0.01874	0.35052	0.38586	0.01892	0.02861	0.02488	0.02265	0.02506	0.01684	0.02269	0.01307	0.01526	0.01034	0.00736	0.00657	0.00219	0.01048	0.00524	0.00345	0.01127
15	0.01651	0.36711	0.09346	0.01277	0.01847	0.02077	0.01260	0.01976	0.01780	0.02195	0.09720	0.03762	0.21154	0.01205	0.00721	0.00220	0.00717	0.00936	0.00522	0.00923
16	0.01913	0.01399	0.01616	0.01363	0.01730	0.01458	0.01074	0.26285	0.02868	0.03942	0.37731	0.07324	0.05054	0.01426	0.00903	0.00254	0.00590	0.01211	0.00855	0.01006
17	0.03085	0.02273	0.02435	0.01867	0.02516	0.02516	0.01542	0.63716	0.03815	0.05114	0.01948	0.01948	0.01380	0.00974	0.00812	0.00244	0.00893	0.00731	0.00812	0.01380
18	0.03085	0.02273	0.02435	0.01867	0.02516	0.02516	0.01542	0.63716	0.03815	0.05114	0.01948	0.01948	0.01380	0.00974	0.00812	0.00244	0.00893	0.00731	0.00812	0.01380
19	0.02617	0.17211	0.15087	0.01851	0.02614	0.02542	0.01786	0.39329	0.02964	0.03962	0.01684	0.01768	0.01242	0.00877	0.00743	0.00231	0.00946	0.00644	0.00626	0.01275
20	0.01954	0.44974	0.29359	0.01757	0.02652	0.02682	0.02030	0.02485	0.01674	0.02172	0.01259	0.01466	0.01036	0.00725	0.00620	0.00207	0.01000	0.00500	0.00345	0.01104
21	0.01689	0.03201	0.41628	0.15592	0.17059	0.01878	0.02751	0.02459	0.01724	0.02493	0.01468	0.01860	0.01092	0.00769	0.00785	0.00256	0.01128	0.00648	0.00358	0.01161
22	0.01978	0.16186	0.10147	0.02516	0.03231	0.05243	0.31386	0.05878	0.01942	0.02552	0.04254	0.05057	0.01610	0.00865	0.00899	0.00252	0.03637	0.00856	0.00447	0.01063

[dist]
# distance from previous block
# <min> <max>
0	2

[block]
# block no. 2 follows, 23 sequences, length 77
# corresponding to MSA columns:
# 62-138
name=unknown_C
#
# <colnr> <probs for GDERKNQSTAVLIFYWHMCP>
#	G	D	E	R	K	N	Q	S	T	A	V	L	I	F	Y	W	H	M	C	P
0	0.69206	0.01602	0.01300	0.01133	0.01650	0.01831	0.00934	0.06129	0.01572	0.06808	0.01279	0.01426	0.00964	0.00779	0.00536	0.00251	0.00647	0.00475	0.00545	0.00933
1	0.03049	0.02112	0.02309	0.01794	0.02422	0.02305	0.01474	0.50595	0.09575	0.12552	0.02234	0.02153	0.01564	0.00990	0.00814	0.00248	0.00844	0.00759	0.00837	0.01371
2	0.05052	0.02222	0.09393	0.08532	0.03945	0.02032	0.43873	0.02591	0.04974	0.02599	0.01637	0.02127	0.01239	0.00770	0.01006	0.00276	0.05366	0.00869	0.00422	0.01075
3	0.01986	0.01905	0.03253	0.08015	0.63562	0.01922	0.02479	0.02471	0.01837	0.02624	0.01522	0.02016	0.01276	0.00727	0.00804	0.00242	0.00970	0.00723	0.00400	0.01267
4	0.01139	0.00822	0.01076	0.01027	0.01210	0.00759	0.00765	0.01507	0.02252	0.03183	0.62318	0.09939	0.07519	0.01712	0.00962	0.00260	0.00388	0.01518	0.00885	0.00759
5	0.01955	0.01688	0.01774	0.01602	0.02049	0.01939	0.01244	0.04124	0.61185	0.03322	0.03596	0.03313	0.06278	0.01158	0.00834	0.00275	0.00628	0.00965	0.00821	0.01249
6	0.01620	0.01532	0.02593	0.57592	0.16841	0.01826	0.02297	0.02150	0.01664	0.02180	0.01458	0.02135	0.01119	0.00795	0.00810	0.00265	0.01060	0.00721	0.00368	0.00972
7	0.01915	0.02189	0.04788	0.03420	0.04241	0.02052	0.63475	0.02599	0.01915	0.02599	0.01642	0.02189	0.01231	0.00684	0.00958	0.00274	0.01368	0.00958	0.00410	0.01094
8	0.01009	0.00718	0.00947	0.01110	0.01163	0.00672	0.00740	0.01157	0.01578	0.02115	0.08047	0.63526	0.05373	0.06216	0.01198	0.00350	0.00483	0.02196	0.00747	0.00656
9	0.00968	0.00789	0.00856	0.00910	0.01119	0.00678	0.00656	0.01155	0.01765	0.02157	0.07144	0.25937	0.48659	0.02195	0.00981	0.00290	0.00428	0.01883	0.00753	0.00678
10	0.01627	0.04197	0.67279	0.02313	0.03512	0.01884	0.02998	0.02570	0.01713	0.02570	0.01456	0.01713	0.01028	0.00771	0.00771	0.00257	0.01199	0.00600	0.00343	0.01199
11	0.01532	0.01442	0.02434	0.69533	0.05589	0.01803	0.02253	0.02073	0.01622	0.02073	0.01442	0.02163	0.01082	0.00811	0.00811	0.00270	0.01082	0.00721	0.00361	0.00901
12	0.02008	0.01928	0.03294	0.04981	0.66422	0.01928	0.02490	0.02490	0.01848	0.02651	0.01526	0.02008	0.01285	0.00723	0.00803	0.00241	0.00964	0.00723	0.00402	0.01285
13	0.01627	0.04197	0.67279	0.02313	0.03512	0.01884	0.02998	0.02570	0.01713	0.02570	0.01456	0.01713	0.01028	0.00771	0.00771	0.00257	0.01199	0.00600	0.00343	0.01199
14	0.00989	0.00706	0.00942	0.01130	0.01177	0.00659	0.00753	0.01130	0.01554	0.02071	0.04472	0.70954	0.05367	0.02542	0.01036	0.00330	0.00471	0.02307	0.00753	0.00659
15	0.00989	0.00706	0.00942	0.01130	0.01177	0.00659	0.00753	0.01130	0.01554	0.02071	0.04472	0.70954	0.05367	0.02542	0.01036	0.00330	0.00471	0.02307	0.00753	0.00659
16	0.01811	0.01852	0.02549	0.02160	0.02237	0.05574	0.05410	0.02026	0.01338	0.01989	0.01170	0.01863	0.01127	0.01605	0.06082	0.00395	0.58829	0.00725	0.00366	0.00894
17	0.02866	0.03067	0.02253	0.01953	0.02440	0.39017	0.01511	0.19528	0.13791	0.03068	0.01801	0.01869	0.01388	0.00920	0.00770	0.00230	0.01166	0.00648	0.00595	0.01118
18	0.01059	0.00783	0.00989	0.01028	0.01180	0.00714	0.00737	0.01325	0.01953	0.02649	0.34132	0.29960	0.16408	0.02045	0.00986	0.00285	0.00419	0.01813	0.00819	0.00714
19	0.01920	0.02174	0.04706	0.03506	0.07667	0.02045	0.60115	0.02593	0.01911	0.02602	0.01635	0.02179	0.01234	0.00686	0.00949	0.00272	0.01346	0.00945	0.00410	0.01105
20	0.01066	0.00783	0.01081	0.01333	0.04001	0.00743	0.00887	0.01247	0.01600	0.02135	0.04328	0.61329	0.05118	0.02432	0.01035	0.00331	0.00522	0.08598	0.00738	0.00695
21	0.00989	0.00706	0.00942	0.01130	0.01177	0.00659	0.00753	0.01130	0.01554	0.02071	0.04472	0.70954	0.05367	0.02542	0.01036	0.00330	0.00471	0.02307	0.00753	0.00659
22	0.02008	0.01928	0.03294	0.04981	0.66422	0.01928	0.02490	0.02490	0.01848	0.02651	0.01526	0.02008	0.01285	0.00723	0.00803	0.00241	0.00964	0.00723	0.00402	0.01285
23	0.00959	0.00822	0.00822	0.00822	0.01096	0.00685	0.00617	0.01165	0.01850	0.02192	0.08220	0.07809	0.66092	0.02055	0.00959	0.00274	0.00411	0.01713	0.00754	0.00685
24	0.01657	0.07860	0.63872	0.02263	0.03435	0.01956	0.02911	0.02562	0.01710	0.02534	0.01438	0.01691	0.01029	0.00767	0.00757	0.00252	0.01181	0.00591	0.00343	0.01191
25	0.01015	0.00725	0.00972	0.01160	0.01219	0.00682	0.00800	0.01176	0.01580	0.02101	0.04457	0.65758	0.05308	0.02517	0.01043	0.00333	0.00494	0.07238	0.00753	0.00666
26	0.03115	0.02224	0.02405	0.01844	0.02492	0.02443	0.01523	0.60423	0.03733	0.08523	0.02017	0.01993	0.01415	0.00976	0.00812	0.00244	0.00882	0.00735	0.00822	0.01380
27	0.01915	0.02189	0.04788	0.03420	0.04241	0.02052	0.63475	0.02599	0.01915	0.02599	0.01642	0.02189	0.01231	0.00684	0.00958	0.00274	0.01368	0.00958	0.00410	0.01094
28	0.02008	0.01928	0.03294	0.04981	0.66422	0.01928	0.02490	0.02490	0.01848	0.02651	0.01526	0.02008	0.01285	0.00723	0.00803	0.00241	0.00964	0.00723	0.00402	0.01285
29	0.03024	0.03664	0.02261	0.02042	0.02472	0.62415	0.01539	0.03316	0.04617	0.05299	0.01428	0.01586	0.01146	0.00854	0.00739	0.00214	0.01394	0.00552	0.00463	0.00975
30	0.00989	0.00706	0.00942	0.01130	0.01177	0.00659	0.00753	0.01130	0.01554	0.02071	0.04472	0.70954	0.05367	0.02542	0.01036	0.00330	0.00471	0.02307	0.00753	0.00659
31	0.01238	0.00914	0.01026	0.01013	0.01271	0.00836	0.00752	0.01640	0.07370	0.06263	0.13207	0.19027	0.38545	0.01959	0.00953	0.00281	0.00456	0.01677	0.00790	0.00783
32	0.00975	0.00811	0.00852	0.00866	0.01112	0.00688	0.00640	0.01185	0.01849	0.02250	0.11678	0.14074	0.56075	0.02078	0.00967	0.00278	0.00415	0.01756	0.00763	0.00688
33	0.02169	0.71972	0.04252	0.01388	0.02083	0.03211	0.01388	0.02430	0.01649	0.01909	0.01128	0.01302	0.01041	0.00694	0.00521	0.00174	0.00868	0.00434	0.00347	0.01041
34	0.03031	0.03867	0.02299	0.02090	0.02508	0.68226	0.01568	0.03240	0.02299	0.01986	0.01254	0.01463	0.01045	0.00836	0.00732	0.00209	0.01463	0.00523	0.00418	0.00941
35	0.01190	0.00850	0.01172	0.01360	0.01495	0.00832	0.01103	0.01477	0.01752	0.02296	0.04361	0.31988	0.04927	0.02353	0.01089	0.00357	0.00645	0.39288	0.00749	0.00715
36	0.02008	0.01928	0.03294	0.04981	0.66422	0.01928	0.02490	0.02490	0.01848	0.02651	0.01526	0.02008	0.01285	0.00723	0.00803	0.00241	0.00964	0.00723	0.00402	0.01285
37	0.02782	0.01195	0.01618	0.01325	0.01800	0.01054	0.01076	0.03119	0.02288	0.44725	0.21395	0.04096	0.03798	0.01267	0.00875	0.00260	0.00605	0.04600	0.00957	0.01165
38	0.02065	0.58910	0.16398	0.01567	0.02358	0.02955	0.01699	0.02457	0.01661	0.02036	0.01191	0.01381	0.01039	0.00709	0.00569	0.00190	0.00932	0.00466	0.00346	0.01072
39	0.01652	0.01605	0.02361	0.02026	0.02102	0.02149	0.05013	0.01881	0.01293	0.01974	0.01333	0.02098	0.01279	0.02371	0.16516	0.00552	0.51798	0.00758	0.00375	0.00864
40	0.01196	0.00855	0.01180	0.01367	0.01505	0.00838	0.01114	0.01489	0.01758	0.02304	0.04358	0.30690	0.04913	0.02346	0.01091	0.00358	0.00651	0.40520	0.00749	0.00716
41	0.02625	0.02044	0.02176	0.01774	0.02341	0.02302	0.01431	0.38114	0.30166	0.04373	0.02532	0.02413	0.01853	0.01029	0.00818	0.00257	0.00785	0.00811	0.00818	0.01339
42	0.02008	0.01928	0.03294	0.04981	0.66422	0.01928	0.02490	0.02490	0.01848	0.02651	0.01526	0.02008	0.01285	0.00723	0.00803	0.00241	0.00964	0.00723	0.00402	0.01285
43	0.01136	0.00915	0.01026	0.01001	0.01260	0.00847	0.00766	0.01598	0.07738	0.02651	0.25805	0.06901	0.38151	0.01854	0.00956	0.00274	0.00443	0.05105	0.00804	0.00769
44	0.01682	0.11014	0.60940	0.02220	0.03368	0.02018	0.02836	0.02556	0.01707	0.02503	0.01423	0.01672	0.01029	0.00763	0.00746	0.00249	0.01166	0.00583	0.00343	0.01183
45	0.01653	0.07383	0.64316	0.02269	0.03445	0.01947	0.02922	0.02563	0.01710	0.02539	0.01441	0.01694	0.01029	0.00767	0.00759	0.00253	0.01184	0.00592	0.00343	0.01192
46	0.00989	0.00706	0.00942	0.01130	0.01177	0.00659	0.00753	0.01130	0.01554	0.02071	0.04472	0.70954	0.05367	0.02542	0.01036	0.00330	0.00471	0.02307	0.00753	0.00659
47	0.01679	0.08113	0.59364	0.02331	0.03475	0.01975	0.06918	0.02563	0.01723	0.02532	0.01449	0.01720	0.01042	0.00761	0.00768	0.00253	0.01191	0.00613	0.00347	0.01183
48	0.01627	0.04197	0.67279	0.02313	0.03512	0.01884	0.02998	0.02570	0.01713	0.02570	0.01456	0.01713	0.01028	0.00771	0.00771	0.00257	0.01199	0.00600	0.00343	0.01199
49	0.01709	0.01687	0.03052	0.43018	0.19138	0.01876	0.13309	0.02262	0.01726	0.02299	0.01497	0.02133	0.01155	0.00768	0.00836	0.00264	0.01106	0.00764	0.00379	0.01023
50	0.00989	0.00706	0.00942	0.01130	0.01177	0.00659	0.00753	0.01130	0.01554	0.02071	0.04472	0.70954	0.05367	0.02542	0.01036	0.00330	0.00471	0.02307	0.00753	0.00659
51	0.07957	0.03715	0.02226	0.02022	0.02446	0.63816	0.01522	0.03183	0.02238	0.02096	0.01246	0.01454	0.01034	0.00831	0.00716	0.00212	0.01408	0.00517	0.00424	0.00937
52	0.02145	0.68900	0.07109	0.01430	0.02147	0.03151	0.01461	0.02436	0.01652	0.01939	0.01143	0.01320	0.01041	0.00698	0.00532	0.00177	0.00883	0.00441	0.00347	0.01048
53	0.03462	0.01421	0.01878	0.01466	0.02076	0.01283	0.01203	0.03994	0.09198	0.60003	0.03212	0.02791	0.02060	0.01015	0.00817	0.00254	0.00685	0.00827	0.00985	0.01370
54	0.01010	0.00732	0.00958	0.01119	0.01196	0.00679	0.00770	0.01180	0.01630	0.02161	0.08118	0.60105	0.09747	0.02445	0.01030	0.00324	0.00474	0.04892	0.00761	0.00671
55	0.01775	0.01775	0.02485	0.02130	0.02130	0.02485	0.01775	0.01953	0.01243	0.01953	0.01065	0.01775	0.01065	0.01420	0.02663	0.00355	0.69998	0.00710	0.00355	0.00888
56	0.01865	0.02109	0.04580	0.03296	0.04075	0.01977	0.60085	0.02520	0.01896	0.02571	0.01795	0.05906	0.01455	0.00784	0.00962	0.00277	0.01319	0.01031	0.00429	0.01071
57	0.02008	0.01928	0.03294	0.04981	0.66422	0.01928	0.02490	0.02490	0.01848	0.02651	0.01526	0.02008	0.01285	0.00723	0.00803	0.00241	0.00964	0.00723	0.00402	0.01285
58	0.01906	0.02161	0.04635	0.03334	0.04101	0.02081	0.59378	0.02556	0.01871	0.02556	0.01603	0.02161	0.01220	0.00733	0.01071	0.00279	0.05925	0.00941	0.00407	0.01081
59	0.01114	0.00818	0.01047	0.01033	0.01216	0.00751	0.00772	0.01446	0.02133	0.02947	0.48868	0.14500	0.13948	0.01841	0.00975	0.00272	0.00414	0.04312	0.00853	0.00742
60	0.01004	0.00712	0.00937	0.01111	0.01154	0.00669	0.00733	0.01134	0.01524	0.02032	0.04321	0.65780	0.05176	0.07975	0.01280	0.00366	0.00496	0.02218	0.00733	0.00646
61	0.03062	0.01742	0.06271	0.01584	0.02209	0.01559	0.01364	0.12798	0.12932	0.40491	0.05226	0.02736	0.02135	0.01024	0.00819	0.00255	0.00735	0.00830	0.00898	0.01330
62	0.01021	0.00729	0.00979	0.01167	0.01228	0.00687	0.00810	0.01186	0.01586	0.02108	0.04454	0.64657	0.05296	0.02512	0.01044	0.00334	0.00499	0.08283	0.00753	0.00668
63	0.01584	0.01509	0.02596	0.61976	0.10053	0.01822	0.04826	0.02126	0.01651	0.02138	0.01457	0.02153	0.01103	0.00799	0.00817	0.00268	0.01085	0.00731	0.00366	0.00938
64	0.00989	0.00706	0.00942	0.01130	0.01177	0.00659	0.00753	0.01130	0.01554	0.02071	0.04472	0.70954	0.05367	0.02542	0.01036	0.00330	0.00471	0.02307	0.00753	0.00659
65	0.02169	0.71972	0.04252	0.01388	0.02083	0.03211	0.01388	0.02430	0.01649	0.01909	0.01128	0.01302	0.01041	0.00694	0.00521	0.00174	0.00868	0.00434	0.00347	0.01041
66	0.03079	0.02437	0.02421	0.01890	0.02516	0.09299	0.01545	0.57473	0.03659	0.04791	0.01877	0.01898	0.01345	0.00960	0.00803	0.00240	0.00952	0.00709	0.00771	0.01335
67	0.01898	0.02309	0.08522	0.03354	0.04197	0.02042	0.59861	0.02597	0.01903	0.02597	0.01631	0.02160	0.01219	0.00689	0.00946	0.00273	0.01358	0.00936	0.00406	0.01101
68	0.00987	0.00712	0.00936	0.01114	0.01173	0.00660	0.00746	0.01132	0.01568	0.02077	0.04660	0.67785	0.08414	0.02518	0.01032	0.00327	0.00468	0.02277	0.00753	0.00660
69	0.02008	0.01928	0.03294	0.04981	0.66422	0.01928	0.02490	0.02490	0.01848	0.02651	0.01526	0.02008	0.01285	0.00723	0.00803	0.00241	0.00964	0.00723	0.00402	0.01285
70	0.01011	0.00730	0.00958	0.01099	0.01179	0.00676	0.00749	0.01192	0.01679	0.02256	0.13944	0.58264	0.08481	0.02386	0.01020	0.00316	0.00455	0.02153	0.00774	0.00676
71	0.02848	0.01796	0.02795	0.02115	0.02769	0.04632	0.20515	0.03553	0.11087	0.35050	0.02644	0.02563	0.01790	0.00911	0.00857	0.00260	0.00929	0.00861	0.00768	0.01258
72	0.01901	0.02286	0.07826	0.03366	0.04205	0.02044	0.60535	0.02598	0.01905	0.02598	0.01633	0.02166	0.01221	0.00688	0.00949	0.00273	0.01360	0.00940	0.00407	0.01099
73	0.01749	0.19360	0.53178	0.02106	0.03192	0.02181	0.02638	0.02538	0.01699	0.02422	0.01383	0.01621	0.01031	0.00754	0.00715	0.00238	0.01125	0.00563	0.00344	0.01164
74	0.01727	0.16630	0.55717	0.02143	0.03250	0.02128	0.02703	0.02544	0.01701	0.02449	0.01396	0.01638	0.01030	0.00757	0.00725	0.00242	0.01138	0.00569	0.00343	0.01170
75	0.02965	0.03470	0.02250	0.02010	0.02455	0.55180	0.01526	0.07382	0.08160	0.04841	0.01564	0.01690	0.01236	0.00876	0.00749	0.00219	0.01320	0.00584	0.00504	0.01018
76	0.01604	0.01515	0.02563	0.59801	0.14760	0.01822	0.02289	0.02136	0.01656	0.02160	0.01455	0.02140	0.01112	0.00798	0.00810	0.00266	0.01064	0.00721	0.00367	0.00959

[dist]
# distance from previous block
# <min> <max>
0	5

[block]
# block no. 3 follows, 23 sequences, length 109
# corresponding to MSA columns:
# 144-252
name=unknown_D
#
# <colnr> <probs for GDERKNQSTAVLIFYWHMCP>
#	G	D	E	R	K	N	Q	S	T	A	V	L	I	F	Y	W	H	M	C	P
0	0.02008	0.01928	0.03294	0.04981	0.66422	0.01928	0.02490	0.02490	0.01848	0.02651	0.01526	0.02008	0.01285	0.00723	0.00803	0.00241	0.00964	0.00723	0.00402	0.01285
1	0.01844	0.02155	0.06950	0.03112	0.03814	0.02033	0.50596	0.02452	0.01809	0.02496	0.01694	0.05283	0.01393	0.00862	0.01160	0.00285	0.09618	0.00975	0.00417	0.01054
2	0.01915	0.02189	0.04788	0.03420	0.04241	0.02052	0.63475	0.02599	0.01915	0.02599	0.01642	0.02189	0.01231	0.00684	0.00958	0.00274	0.01368	0.00958	0.00410	0.01094
3	0.03296	0.01651	0.05312	0.01543	0.02180	0.01439	0.01325	0.12482	0.05130	0.49671	0.05240	0.02722	0.02094	0.01016	0.00819	0.00251	0.00733	0.00821	0.00931	0.01345
4	0.01003	0.00712	0.00937	0.01111	0.01155	0.00669	0.00733	0.01134	0.01525	0.02033	0.04325	0.65916	0.05181	0.07833	0.01273	0.00365	0.00495	0.02220	0.00733	0.00646
5	0.01539	0.01443	0.02388	0.61868	0.05177	0.01812	0.02179	0.02048	0.01607	0.02080	0.01541	0.02443	0.01238	0.00916	0.00953	0.00281	0.05848	0.03367	0.00377	0.00894
6	0.01988	0.01907	0.03256	0.07790	0.63774	0.01922	0.02480	0.02472	0.01838	0.02626	0.01523	0.02015	0.01276	0.00727	0.00804	0.00242	0.00969	0.00723	0.00400	0.01269
7	0.01894	0.02123	0.04544	0.08091	0.07686	0.02028	0.55941	0.02557	0.01891	0.02565	0.01622	0.02177	0.01224	0.00695	0.00939	0.00272	0.01326	0.00929	0.00406	0.01091
8	0.01627	0.04197	0.67279	0.02313	0.03512	0.01884	0.02998	0.02570	0.01713	0.02570	0.01456	0.01713	0.01028	0.00771	0.00771	0.00257	0.01199	0.00600	0.00343	0.01199
9	0.01330	0.00966	0.01318	0.01486	0.01681	0.00978	0.01282	0.01793	0.05115	0.02462	0.04253	0.11594	0.04588	0.02196	0.01102	0.00367	0.00729	0.55240	0.00752	0.00771
10	0.01905	0.38931	0.34978	0.01839	0.02779	0.02564	0.02173	0.02498	0.01680	0.02231	0.01288	0.01502	0.01035	0.00732	0.00643	0.00214	0.01029	0.00515	0.00345	0.01118
11	0.06163	0.01714	0.05377	0.01570	0.02157	0.01626	0.01324	0.06047	0.26713	0.33728	0.03010	0.02716	0.02066	0.01017	0.00803	0.00261	0.00703	0.00824	0.00870	0.01311
12	0.00972	0.00823	0.00840	0.00836	0.01104	0.00691	0.00627	0.01190	0.01881	0.02266	0.12228	0.07688	0.62038	0.02028	0.00959	0.00273	0.00409	0.01696	0.00763	0.00691
13	0.01076	0.00799	0.01144	0.01275	0.01373	0.00756	0.03149	0.01276	0.01619	0.02150	0.04339	0.58132	0.05099	0.02424	0.01047	0.00335	0.00550	0.12029	0.00740	0.00690
14	0.01378	0.00927	0.01225	0.01377	0.04204	0.00894	0.00920	0.06188	0.01793	0.06834	0.04061	0.57902	0.04649	0.02235	0.00993	0.00314	0.00540	0.02013	0.00760	0.00792
15	0.01532	0.01442	0.02434	0.69533	0.05589	0.01803	0.02253	0.02073	0.01622	0.02073	0.01442	0.02163	0.01082	0.00811	0.00811	0.00270	0.01082	0.00721	0.00361	0.00901
16	0.01915	0.02189	0.04788	0.03420	0.04241	0.02052	0.63475	0.02599	0.01915	0.02599	0.01642	0.02189	0.01231	0.00684	0.00958	0.00274	0.01368	0.00958	0.00410	0.01094
17	0.01932	0.02058	0.04129	0.07037	0.27230	0.01995	0.38172	0.02535	0.01877	0.02594	0.01590	0.02121	0.01244	0.00704	0.00894	0.00261	0.01206	0.00860	0.00405	0.01156
18	0.01915	0.02189	0.04788	0.03420	0.04241	0.02052	0.63475	0.02599	0.01915	0.02599	0.01642	0.02189	0.01231	0.00684	0.00958	0.00274	0.01368	0.00958	0.00410	0.01094
19	0.00989	0.00706	0.00942	0.01130	0.01177	0.00659	0.00753	0.01130	0.01554	0.02071	0.04472	0.70954	0.05367	0.02542	0.01036	0.00330	0.00471	0.02307	0.00753	0.00659
20	0.01627	0.04197	0.67279	0.02313	0.03512	0.01884	0.02998	0.02570	0.01713	0.02570	0.01456	0.01713	0.01028	0.00771	0.00771	0.00257	0.01199	0.00600	0.00343	0.01199
21	0.01651	0.07174	0.64510	0.02272	0.03449	0.01943	0.02927	0.02564	0.01710	0.02541	0.01442	0.01695	0.01028	0.00768	0.00760	0.00253	0.01185	0.00592	0.00343	0.01192
22	0.02022	0.01628	0.01775	0.01622	0.02057	0.01845	0.01282	0.03981	0.54108	0.06707	0.03415	0.03739	0.02711	0.01231	0.00860	0.00286	0.00657	0.08023	0.00826	0.01226
23	0.03031	0.03867	0.02299	0.02090	0.02508	0.68226	0.01568	0.03240	0.02299	0.01986	0.01254	0.01463	0.01045	0.00836	0.00732	0.00209	0.01463	0.00523	0.00418	0.00941
24	0.01508	0.01420	0.02353	0.49572	0.04541	0.01746	0.04817	0.01960	0.01582	0.02083	0.01803	0.11105	0.01646	0.01104	0.01067	0.00288	0.09178	0.00938	0.00413	0.00877
25	0.01835	0.02032	0.04294	0.17279	0.04523	0.02000	0.50641	0.02489	0.01854	0.02489	0.01600	0.02183	0.01200	0.00711	0.00927	0.00273	0.01308	0.00908	0.00400	0.01054
26	0.01006	0.00718	0.00961	0.01149	0.01204	0.00674	0.00783	0.01160	0.01570	0.02091	0.04463	0.67623	0.05329	0.02526	0.01040	0.00332	0.00486	0.05468	0.00753	0.00664
27	0.01653	0.00979	0.01122	0.09838	0.01690	0.01047	0.00873	0.07330	0.01876	0.03084	0.02428	0.02818	0.01888	0.00930	0.00621	0.00204	0.00515	0.00749	0.59523	0.00830
28	0.01779	0.20463	0.47688	0.02166	0.03217	0.02217	0.06804	0.02538	0.01712	0.02412	0.01390	0.01647	0.01045	0.00746	0.00723	0.00238	0.01131	0.00584	0.00348	0.01154
29	0.05305	0.01846	0.02925	0.15070	0.45783	0.01948	0.02252	0.06759	0.05188	0.02808	0.01616	0.02052	0.01302	0.00776	0.00793	0.00248	0.00947	0.00721	0.00450	0.01211
30	0.03623	0.01410	0.01901	0.01457	0.02086	0.01235	0.01204	0.05881	0.02371	0.64990	0.03161	0.02736	0.01988	0.01003	0.00816	0.00251	0.00697	0.00813	0.00998	0.01381
31	0.73303	0.01563	0.01257	0.04606	0.01777	0.01819	0.00950	0.02369	0.01393	0.03560	0.01146	0.01362	0.00889	0.00756	0.00518	0.00252	0.00651	0.00454	0.00495	0.00880
32	0.01830	0.29540	0.43712	0.01967	0.02977	0.02380	0.02396	0.02517	0.01689	0.02323	0.01333	0.01559	0.01033	0.00742	0.00677	0.00226	0.01075	0.00538	0.00344	0.01140
33	0.01004	0.00757	0.00929	0.01027	0.01160	0.00682	0.00717	0.01199	0.01747	0.02281	0.14687	0.43591	0.22726	0.02274	0.01002	0.00303	0.00441	0.02015	0.00774	0.00682
34	0.01532	0.01442	0.02434	0.69533	0.05589	0.01803	0.02253	0.02073	0.01622	0.02073	0.01442	0.02163	0.01082	0.00811	0.00811	0.00270	0.01082	0.00721	0.00361	0.00901
35	0.01586	0.01483	0.02428	0.62120	0.07896	0.01823	0.02196	0.02246	0.06026	0.02189	0.01575	0.02217	0.01187	0.00828	0.00812	0.00270	0.01046	0.00735	0.00395	0.00944
36	0.02995	0.02206	0.02372	0.01836	0.02459	0.02437	0.01509	0.61053	0.03719	0.04984	0.02056	0.04885	0.01550	0.01041	0.00821	0.00247	0.00875	0.00798	0.00809	0.01349
37	0.01011	0.00720	0.00931	0.01089	0.01139	0.00675	0.00717	0.01137	0.01519	0.02015	0.04371	0.60799	0.07198	0.10871	0.01408	0.00383	0.00507	0.02150	0.00722	0.00640
38	0.01532	0.01442	0.02434	0.69533	0.05589	0.01803	0.02253	0.02073	0.01622	0.02073	0.01442	0.02163	0.01082	0.00811	0.00811	0.00270	0.01082	0.00721	0.00361	0.00901
39	0.02182	0.66375	0.06794	0.01455	0.02159	0.05808	0.01463	0.02469	0.01678	0.01940	0.01147	0.01325	0.01041	0.00703	0.00540	0.00178	0.00906	0.00444	0.00350	0.01044
40	0.00999	0.00719	0.00951	0.01132	0.01193	0.00670	0.00769	0.01151	0.01576	0.02089	0.04597	0.66458	0.07473	0.02514	0.01036	0.00329	0.00479	0.04449	0.00753	0.00663
41	0.01925	0.41420	0.32664	0.01805	0.02727	0.02613	0.02114	0.02493	0.01678	0.02207	0.01276	0.01487	0.01035	0.00729	0.00633	0.00211	0.01017	0.00509	0.00345	0.01112
42	0.00993	0.00769	0.00909	0.01015	0.01169	0.00685	0.00723	0.01175	0.01700	0.02143	0.06101	0.40022	0.31873	0.02313	0.01007	0.00308	0.00460	0.05208	0.00753	0.00675
43	0.02719	0.02149	0.02228	0.01765	0.02372	0.05155	0.01431	0.42474	0.16311	0.04370	0.02150	0.02126	0.01577	0.00957	0.00790	0.00236	0.00836	0.00735	0.00764	0.08853
44	0.01738	0.02797	0.27654	0.05100	0.03675	0.01904	0.30068	0.02449	0.01768	0.02514	0.01644	0.04847	0.01313	0.00835	0.00963	0.00267	0.04923	0.00838	0.00398	0.04304
45	0.01952	0.42952	0.28081	0.01837	0.02728	0.02653	0.05042	0.02491	0.01686	0.02192	0.01277	0.01501	0.01046	0.00723	0.00637	0.00210	0.01017	0.00522	0.00349	0.01104
46	0.01723	0.01664	0.02905	0.42611	0.26075	0.01864	0.07032	0.02255	0.01721	0.02309	0.01486	0.02113	0.01162	0.00772	0.00820	0.00261	0.01064	0.00740	0.00378	0.01046
47	0.01159	0.00869	0.01304	0.01304	0.01449	0.01014	0.01014	0.01449	0.01304	0.01884	0.02173	0.03188	0.02029	0.06086	0.68268	0.01304	0.02173	0.00869	0.00435	0.00724
48	0.02134	0.02252	0.11508	0.05559	0.06106	0.04610	0.26494	0.09502	0.04444	0.08945	0.02103	0.06164	0.01706	0.00957	0.00888	0.00269	0.01100	0.03582	0.00550	0.01129
49	0.01650	0.04043	0.62483	0.02398	0.03568	0.01897	0.07639	0.02572	0.01729	0.02572	0.01470	0.01750	0.01043	0.00764	0.00785	0.00258	0.01212	0.00627	0.00348	0.01191
50	0.00989	0.00706	0.00942	0.01130	0.01177	0.00659	0.00753	0.01130	0.01554	0.02071	0.04472	0.70954	0.05367	0.02542	0.01036	0.00330	0.00471	0.02307	0.00753	0.00659
51	0.01653	0.01566	0.02652	0.53124	0.21052	0.01835	0.02314	0.02179	0.01680	0.02220	0.01464	0.02124	0.01133	0.00789	0.00809	0.00263	0.01052	0.00722	0.00371	0.00999
52	0.16790	0.31104	0.21426	0.01659	0.02439	0.07041	0.01767	0.05184	0.01754	0.02581	0.01266	0.01462	0.01021	0.00750	0.00616	0.00218	0.00958	0.00501	0.00401	0.01062
53	0.01014	0.00730	0.00949	0.01090	0.01163	0.00678	0.00736	0.01179	0.01635	0.02188	0.11497	0.57372	0.08652	0.05589	0.01165	0.00339	0.00472	0.02130	0.00757	0.00665
54	0.01745	0.01479	0.01716	0.01232	0.01949	0.01146	0.00987	0.04795	0.01778	0.02754	0.01465	0.01694	0.01210	0.00618	0.00610	0.00126	0.00614	0.00492	0.00496	0.73095
55	0.01766	0.21540	0.51151	0.02076	0.03146	0.02224	0.02586	0.02534	0.01697	0.02401	0.01372	0.01608	0.01031	0.00751	0.00707	0.00236	0.01114	0.00557	0.00344	0.01159
56	0.02045	0.56384	0.18747	0.01601	0.02411	0.02906	0.01759	0.02462	0.01664	0.02061	0.01204	0.01396	0.01038	0.00712	0.00578	0.00193	0.00944	0.00472	0.00346	0.01078
57	0.02027	0.02135	0.06156	0.04369	0.49926	0.04904	0.09682	0.02638	0.05271	0.02652	0.01621	0.02047	0.01321	0.00746	0.00818	0.00246	0.01027	0.00747	0.00424	0.01243
58	0.01029	0.00770	0.00961	0.01067	0.01202	0.00702	0.00765	0.01239	0.01757	0.02296	0.14072	0.41284	0.20672	0.02273	0.01012	0.00309	0.00465	0.06666	0.00773	0.00687
59	0.02989	0.02225	0.02381	0.01848	0.02480	0.02472	0.01519	0.58378	0.09309	0.04959	0.02070	0.02045	0.01479	0.00985	0.00813	0.00246	0.00870	0.00747	0.00813	0.01371
60	0.00972	0.00823	0.00840	0.00836	0.01104	0.00691	0.00627	0.01190	0.01881	0.02266	0.12228	0.07688	0.62038	0.02028	0.00959	0.00273	0.00409	0.01696	0.00763	0.00691
61	0.01938	0.01975	0.03686	0.02643	0.03421	0.01802	0.40145	0.07230	0.01996	0.02810	0.01607	0.02020	0.01234	0.00682	0.00841	0.00226	0.01104	0.00799	0.00463	0.23380
62	0.01627	0.04197	0.67279	0.02313	0.03512	0.01884	0.02998	0.02570	0.01713	0.02570	0.01456	0.01713	0.01028	0.00771	0.00771	0.00257	0.01199	0.00600	0.00343	0.01199
63	0.01161	0.00861	0.01261	0.01261	0.01391	0.00991	0.00960	0.01421	0.01291	0.01852	0.02213	0.03406	0.02123	0.12819	0.61664	0.01251	0.02031	0.00901	0.00441	0.00701
64	0.01139	0.00829	0.01071	0.01011	0.01206	0.00761	0.00758	0.01512	0.02274	0.03199	0.63008	0.06152	0.10676	0.01679	0.00957	0.00256	0.00384	0.01480	0.00886	0.00761
65	0.03507	0.01595	0.02016	0.01545	0.02178	0.01510	0.01277	0.18303	0.02681	0.52129	0.02900	0.02566	0.01858	0.00997	0.00815	0.00249	0.00739	0.00795	0.00958	0.01381
66	0.01205	0.00905	0.01212	0.01326	0.04208	0.00856	0.00997	0.01555	0.02045	0.02764	0.32626	0.10017	0.14163	0.01900	0.01007	0.00299	0.00534	0.20815	0.00799	0.00767
67	0.01510	0.01412	0.02373	0.66743	0.05409	0.01756	0.02192	0.02035	0.01620	0.02073	0.01566	0.04970	0.01256	0.00882	0.00820	0.00273	0.01057	0.00786	0.00377	0.00892
68	0.01172	0.00783	0.00887	0.00896	0.00898	0.00781	0.00503	0.01178	0.01196	0.01595	0.02641	0.08194	0.03056	0.68455	0.03994	0.00767	0.00773	0.01229	0.00503	0.00499
69	0.01213	0.00949	0.01408	0.01377	0.01509	0.01144	0.01081	0.01493	0.01299	0.01890	0.02076	0.03064	0.01944	0.05676	0.62501	0.01221	0.08135	0.00855	0.00428	0.00739
70	0.01627	0.04197	0.67279	0.02313	0.03512	0.01884	0.02998	0.02570	0.01713	0.02570	0.01456	0.01713	0.01028	0.00771	0.00771	0.00257	0.01199	0.00600	0.00343	0.01199
71	0.02229	0.01124	0.01467	0.01241	0.01631	0.01035	0.00979	0.02730	0.07116	0.29186	0.35643	0.04486	0.04962	0.01350	0.00890	0.00255	0.00528	0.01160	0.00933	0.01056
72	0.01155	0.00834	0.01094	0.01041	0.01233	0.00773	0.00789	0.01538	0.02278	0.03218	0.63308	0.06196	0.07526	0.01684	0.00964	0.00260	0.00399	0.04057	0.00887	0.00765
73	0.02135	0.02029	0.01947	0.01747	0.02165	0.10885	0.01360	0.03988	0.51709	0.03096	0.02858	0.02723	0.02178	0.01090	0.00954	0.00273	0.06074	0.00849	0.00735	0.01208
74	0.01784	0.01439	0.01693	0.01214	0.01931	0.01087	0.00973	0.02142	0.01716	0.05969	0.01533	0.01738	0.01244	0.00622	0.00612	0.00127	0.00606	0.00498	0.00508	0.72564
75	0.00989	0.00706	0.00942	0.01130	0.01177	0.00659	0.00753	0.01130	0.01554	0.02071	0.04472	0.70954	0.05367	0.02542	0.01036	0.00330	0.00471	0.02307	0.00753	0.00659
76	0.01552	0.01463	0.02470	0.66829	0.08137	0.01808	0.02263	0.02091	0.01632	0.02097	0.01446	0.02157	0.01090	0.00808	0.00811	0.00269	0.01077	0.00721	0.00362	0.00917
77	0.02834	0.03987	0.01955	0.01535	0.02075	0.04074	0.01241	0.09859	0.20822	0.32298	0.08056	0.02928	0.02472	0.01066	0.00817	0.00254	0.00706	0.00866	0.00880	0.01275
78	0.01777	0.02363	0.14543	0.02979	0.03759	0.01911	0.45507	0.02434	0.01824	0.02522	0.01853	0.08491	0.01576	0.00898	0.00997	0.00279	0.03778	0.01016	0.00429	0.01063
79	0.01195	0.00804	0.01052	0.01079	0.01235	0.00738	0.00775	0.01465	0.01966	0.05837	0.34537	0.33368	0.08843	0.02016	0.00983	0.00287	0.00436	0.01800	0.00834	0.00747
80	0.02718	0.01803	0.02028	0.01892	0.07758	0.06791	0.01377	0.08403	0.25540	0.25923	0.03014	0.02801	0.04140	0.01035	0.00816	0.00256	0.00762	0.00846	0.00817	0.01280
81	0.01736	0.05815	0.45451	0.02632	0.03695	0.01981	0.22042	0.02574	0.01775	0.02557	0.01504	0.01850	0.01093	0.00741	0.00822	0.00259	0.01241	0.00707	0.00364	0.01161
82	0.01002	0.00719	0.00969	0.01143	0.01198	0.00686	0.00773	0.01154	0.01534	0.02057	0.04296	0.65753	0.05111	0.02814	0.06195	0.00404	0.00601	0.02196	0.00729	0.00664
83	0.07544	0.02074	0.02845	0.02376	0.07638	0.02264	0.14626	0.29504	0.10218	0.03815	0.01882	0.02075	0.01412	0.00932	0.00982	0.00264	0.06908	0.00779	0.00637	0.01224
84	0.04630	0.01619	0.14735	0.01353	0.01780	0.01131	0.01283	0.01940	0.06826	0.02915	0.32183	0.10369	0.10107	0.01528	0.00903	0.00270	0.00609	0.04210	0.00727	0.00883
85	0.01887	0.01855	0.03324	0.13049	0.45508	0.01878	0.12329	0.02395	0.01817	0.02542	0.01659	0.04992	0.01423	0.00806	0.00839	0.00254	0.01024	0.00828	0.00413	0.01177
86	0.02141	0.02256	0.02777	0.18088	0.34048	0.17171	0.02143	0.02699	0.06281	0.02424	0.01569	0.01987	0.01269	0.00794	0.00790	0.00242	0.01082	0.00690	0.00426	0.01123
87	0.25495	0.10882	0.02222	0.06790	0.02387	0.15590	0.01367	0.17508	0.05328	0.03318	0.01484	0.01647	0.01148	0.00838	0.00665	0.00234	0.00926	0.00571	0.00546	0.01054
88	0.05509	0.05476	0.02056	0.04506	0.02222	0.12552	0.01331	0.25305	0.07943	0.03402	0.01968	0.02284	0.01569	0.04092	0.09468	0.00389	0.01074	0.00722	0.07057	0.01075
89	0.01094	0.00741	0.00991	0.01150	0.01226	0.00690	0.00789	0.01257	0.01615	0.04281	0.06482	0.64246	0.05306	0.02450	0.01029	0.00326	0.00485	0.04384	0.00766	0.00690
90	0.05099	0.01900	0.01931	0.01654	0.02157	0.04816	0.01310	0.18770	0.39700	0.05763	0.03039	0.02857	0.05192	0.01089	0.00813	0.00263	0.00728	0.00873	0.00795	0.01252
91	0.01754	0.17862	0.51672	0.02242	0.05982	0.02156	0.02649	0.02538	0.01706	0.02439	0.01393	0.01643	0.01042	0.00753	0.00722	0.00239	0.01122	0.00571	0.00346	0.01171
92	0.01877	0.35377	0.38283	0.01887	0.02854	0.02495	0.02257	0.02505	0.01684	0.02266	0.01305	0.01524	0.01034	0.00736	0.00656	0.00219	0.01047	0.00523	0.00345	0.01127
93	0.00989	0.00706	0.00942	0.01130	0.01177	0.00659	0.00753	0.01130	0.01554	0.02071	0.04472	0.70954	0.05367	0.02542	0.01036	0.00330	0.00471	0.02307	0.00753	0.00659
94	0.02161	0.57378	0.12813	0.01570	0.02313	0.08017	0.01625	0.02511	0.01708	0.02006	0.01183	0.01371	0.01040	0.00716	0.00571	0.00188	0.00959	0.00464	0.00352	0.01055
95	0.01999	0.01732	0.04564	0.01549	0.01955	0.06657	0.01266	0.15496	0.16438	0.05595	0.15170	0.12460	0.03623	0.01429	0.00891	0.00273	0.00721	0.06360	0.00774	0.01050
96	0.01823	0.01873	0.02506	0.02134	0.02218	0.06910	0.05028	0.02038	0.01357	0.01985	0.01194	0.01884	0.01147	0.01698	0.07472	0.00413	0.56340	0.00723	0.00369	0.00890
97	0.01532	0.01442	0.02434	0.69533	0.05589	0.01803	0.02253	0.02073	0.01622	0.02073	0.01442	0.02163	0.01082	0.00811	0.00811	0.00270	0.01082	0.00721	0.00361	0.00901
98	0.05229	0.01989	0.02123	0.01980	0.08176	0.07015	0.01442	0.20638	0.25090	0.11266	0.02682	0.02584	0.04068	0.01019	0.00805	0.00254	0.00802	0.00815	0.00759	0.01261
99	0.01984	0.02200	0.04339	0.03722	0.18453	0.04840	0.46829	0.02601	0.01916	0.02585	0.01599	0.02116	0.01236	0.00699	0.00913	0.00263	0.01279	0.00885	0.00409	0.01132
100	0.01191	0.00896	0.01142	0.01269	0.01465	0.00862	0.01041	0.01548	0.03909	0.02343	0.05294	0.18508	0.20408	0.02204	0.01056	0.00338	0.00613	0.34424	0.00752	0.00735
101	0.01876	0.01820	0.03182	0.21858	0.45632	0.01905	0.07108	0.02389	0.01794	0.02495	0.01513	0.02063	0.01228	0.00743	0.00817	0.00251	0.01026	0.00740	0.00392	0.01170
102	0.08069	0.01660	0.01909	0.01542	0.02088	0.01716	0.01247	0.22963	0.10686	0.27239	0.05483	0.07202	0.02260	0.01122	0.00815	0.00257	0.00717	0.00905	0.00862	0.01258
103	0.01001	0.00716	0.00953	0.01121	0.01180	0.00667	0.00754	0.01161	0.01611	0.02162	0.09193	0.65974	0.05542	0.02474	0.01030	0.00324	0.00464	0.02242	0.00764	0.00667
104	0.01337	0.00983	0.01316	0.01468	0.01673	0.00998	0.01258	0.01845	0.06784	0.02480	0.04358	0.11341	0.06584	0.02159	0.01089	0.00361	0.00716	0.51712	0.00754	0.00783
105	0.01665	0.08899	0.62906	0.02249	0.03413	0.01976	0.02886	0.02560	0.01709	0.02524	0.01433	0.01685	0.01029	0.00766	0.00754	0.00251	0.01176	0.00588	0.00343	0.01188
106	0.03011	0.02218	0.02383	0.01841	0.02469	0.02451	0.01515	0.61527	0.03736	0.05007	0.02036	0.04361	0.01519	0.01029	0.00820	0.00247	0.00878	0.00786	0.00810	0.01355
107	0.01378	0.01027	0.01449	0.01439	0.01601	0.01135	0.01098	0.01599	0.01436	0.02077	0.02353	0.03422	0.02195	0.06038	0.65993	0.01305	0.02189	0.00926	0.00506	0.00835
108	0.01874	0.09677	0.60058	0.02338	0.03477	0.02081	0.02883	0.02669	0.01826	0.02686	0.01634	0.01966	0.01231	0.00903	0.00836	0.00288	0.01222	0.00653	0.00417	0.01280

[dist]
# distance from previous block
# <min> <max>
0	1

[block]
# block no. 4 follows, 23 sequences, length 478
# corresponding to MSA columns:
# 254-731
name=unknown_E
#
# <colnr> <probs for GDERKNQSTAVLIFYWHMCP>
#	G	D	E	R	K	N	Q	S	T	A	V	L	I	F	Y	W	H	M	C	P
0	0.01853	0.04243	0.64868	0.02424	0.03601	0.01985	0.03014	0.02693	0.01844	0.02759	0.01684	0.02032	0.01253	0.00926	0.00866	0.00298	0.01255	0.00673	0.00425	0.01304
1	0.01762	0.01595	0.02551	0.67024	0.05597	0.01906	0.02298	0.02216	0.01757	0.02282	0.01671	0.02465	0.01305	0.00964	0.00905	0.00311	0.01142	0.00790	0.00443	0.01017
2	0.01762	0.01595	0.02551	0.67024	0.05597	0.01906	0.02298	0.02216	0.01757	0.02282	0.01671	0.02465	0.01305	0.00964	0.00905	0.00311	0.01142	0.00790	0.00443	0.01017
3	0.01537	0.00925	0.01254	0.06749	0.01720	0.00877	0.00971	0.01788	0.01827	0.13777	0.11059	0.35678	0.11384	0.01961	0.00966	0.00299	0.00559	0.05062	0.00781	0.00827
4	0.01532	0.01442	0.02434	0.69533	0.05589	0.01803	0.02253	0.02073	0.01622	0.02073	0.01442	0.02163	0.01082	0.00811	0.00811	0.00270	0.01082	0.00721	0.00361	0.00901
5	0.02924	0.01988	0.02193	0.01740	0.02340	0.02163	0.01418	0.38819	0.18345	0.15594	0.02497	0.02353	0.01756	0.01010	0.00816	0.00253	0.00797	0.00791	0.00849	0.01357
6	0.01729	0.16833	0.55529	0.02140	0.03245	0.02132	0.02698	0.02544	0.01701	0.02447	0.01395	0.01636	0.01030	0.00757	0.00724	0.00241	0.01137	0.00569	0.00343	0.01170
7	0.00996	0.00712	0.00948	0.01125	0.01179	0.00664	0.00754	0.01149	0.01590	0.02129	0.07456	0.67807	0.05478	0.02499	0.01032	0.00326	0.00466	0.02266	0.00760	0.00664
8	0.01627	0.04197	0.67279	0.02313	0.03512	0.01884	0.02998	0.02570	0.01713	0.02570	0.01456	0.01713	0.01028	0.00771	0.00771	0.00257	0.01199	0.00600	0.00343	0.01199
9	0.01034	0.00807	0.00947	0.01044	0.01205	0.00740	0.00743	0.01306	0.04534	0.02191	0.05899	0.40677	0.29283	0.02274	0.00999	0.00307	0.00465	0.04088	0.00756	0.00701
10	0.01532	0.01442	0.02434	0.69533	0.05589	0.01803	0.02253	0.02073	0.01622	0.02073	0.01442	0.02163	0.01082	0.00811	0.00811	0.00270	0.01082	0.00721	0.00361	0.00901
11	0.02309	0.01546	0.01630	0.01342	0.01770	0.01678	0.01079	0.32477	0.05466	0.04071	0.02331	0.02494	0.01752	0.00966	0.00699	0.00220	0.00643	0.00751	0.35689	0.01086
12	0.01915	0.02189	0.04788	0.03420	0.04241	0.02052	0.63475	0.02599	0.01915	0.02599	0.01642	0.02189	0.01231	0.00684	0.00958	0.00274	0.01368	0.00958	0.00410	0.01094
13	0.01554	0.01464	0.02473	0.66606	0.08347	0.01808	0.02264	0.02092	0.01633	0.02099	0.01446	0.02156	0.01091	0.00807	0.00811	0.00269	0.01076	0.00721	0.00362	0.00919
14	0.01002	0.00716	0.00953	0.01121	0.01180	0.00668	0.00754	0.01163	0.01616	0.02170	0.09607	0.65538	0.05558	0.02468	0.01029	0.00323	0.00463	0.02237	0.00765	0.00668
15	0.02183	0.01706	0.01840	0.01630	0.02106	0.01935	0.01275	0.04276	0.58607	0.09840	0.03292	0.03000	0.02429	0.01091	0.00825	0.00273	0.00647	0.00907	0.00844	0.01294
16	0.00989	0.00706	0.00942	0.01130	0.01177	0.00659	0.00753	0.01130	0.01554	0.02071	0.04472	0.70954	0.05367	0.02542	0.01036	0.00330	0.00471	0.02307	0.00753	0.00659
17	0.01652	0.07271	0.64421	0.02271	0.03447	0.01945	0.02925	0.02563	0.01710	0.02540	0.01441	0.01694	0.01028	0.00767	0.00760	0.00253	0.01184	0.00592	0.00343	0.01192
18	0.00989	0.00706	0.00942	0.01130	0.01177	0.00659	0.00753	0.01130	0.01554	0.02071	0.04472	0.70954	0.05367	0.02542	0.01036	0.00330	0.00471	0.02307	0.00753	0.00659
19	0.03641	0.01381	0.01883	0.01444	0.02071	0.01193	0.01193	0.03954	0.02322	0.66984	0.03201	0.02762	0.02009	0.01004	0.00816	0.00251	0.00690	0.00816	0.01004	0.01381
20	0.02169	0.71972	0.04252	0.01388	0.02083	0.03211	0.01388	0.02430	0.01649	0.01909	0.01128	0.01302	0.01041	0.00694	0.00521	0.00174	0.00868	0.00434	0.00347	0.01041
