[name]
unknown

[dist]
# distance from previous block
# <min> <max>
4	35

[block]
# block no. 0 follows, 22 sequences, length 12
# corresponding to MSA columns:
# 36-47
name=unknown_A
#
# <colnr> <probs for GDERKNQSTAVLIFYWHMCP>
#	G	D	E	R	K	N	Q	S	T	A	V	L	I	F	Y	W	H	M	C	P
0	0.02200	0.27213	0.11065	0.01580	0.02187	0.04030	0.01505	0.13504	0.02136	0.05986	0.07278	0.02240	0.01869	0.01348	0.03562	0.09097	0.00932	0.00689	0.00533	0.01046
1	0.03700	0.01588	0.02489	0.15928	0.17382	0.01684	0.08822	0.07042	0.07301	0.02725	0.02665	0.15145	0.05410	0.01376	0.02761	0.00309	0.00929	0.01134	0.00563	0.01045
2	0.01399	0.00737	0.01050	0.01050	0.01050	0.00737	0.00681	0.01106	0.01106	0.01474	0.01661	0.03064	0.01735	0.15466	0.03429	0.61933	0.00737	0.00812	0.00387	0.00387
3	0.02066	0.01544	0.01708	0.01461	0.01896	0.01649	0.01153	0.18284	0.21602	0.07017	0.19084	0.04236	0.12024	0.01363	0.00893	0.00267	0.00628	0.01135	0.00858	0.01130
4	0.02090	0.02369	0.19090	0.05998	0.07430	0.01707	0.22133	0.02700	0.01923	0.14335	0.02249	0.10161	0.01846	0.01015	0.00897	0.00276	0.01080	0.00995	0.00553	0.01152
5	0.01792	0.03193	0.40830	0.02105	0.03025	0.01797	0.05413	0.02903	0.13415	0.05761	0.09373	0.02597	0.02176	0.00964	0.00834	0.00267	0.01010	0.00807	0.00543	0.01195
6	0.03120	0.03466	0.02396	0.02071	0.02571	0.47868	0.01597	0.21300	0.02823	0.03000	0.01499	0.01648	0.01174	0.00899	0.00774	0.00225	0.01322	0.00599	0.00550	0.01099
7	0.02666	0.08058	0.10450	0.02372	0.02988	0.43533	0.13063	0.03062	0.02168	0.02214	0.01373	0.01655	0.01103	0.00810	0.00783	0.00230	0.01409	0.00621	0.00413	0.01030
8	0.04150	0.07801	0.13061	0.09686	0.05142	0.12933	0.04090	0.05140	0.01889	0.06303	0.02221	0.02916	0.05695	0.13872	0.01423	0.00350	0.01037	0.00821	0.00496	0.00976
9	0.01266	0.13835	0.01570	0.01111	0.01324	0.01186	0.00832	0.01438	0.01650	0.02107	0.07533	0.34591	0.14915	0.11230	0.01368	0.00356	0.00585	0.01701	0.00666	0.00735
10	0.15584	0.01086	0.01252	0.01114	0.01451	0.01053	0.00869	0.02128	0.02149	0.14118	0.38609	0.04855	0.09699	0.01441	0.00869	0.00261	0.00495	0.01211	0.00850	0.00907
11	0.02347	0.02547	0.02485	0.04590	0.17722	0.26316	0.04044	0.05274	0.09331	0.02505	0.01943	0.07055	0.01742	0.04570	0.01069	0.00280	0.03766	0.00836	0.00513	0.01066

[dist]
# distance from previous block
# <min> <max>
14	46

[block]
# block no. 1 follows, 22 sequences, length 60
# corresponding to MSA columns:
# 94-153
name=unknown_B
#
# <colnr> <probs for GDERKNQSTAVLIFYWHMCP>
#	G	D	E	R	K	N	Q	S	T	A	V	L	I	F	Y	W	H	M	C	P
0	0.01469	0.00905	0.01141	0.04498	0.01453	0.00938	0.02491	0.03623	0.01695	0.02698	0.02770	0.13111	0.02540	0.04707	0.09106	0.02907	0.00735	0.01044	0.41402	0.00768
1	0.02158	0.01623	0.01933	0.01645	0.02027	0.01848	0.01321	0.28659	0.06694	0.03467	0.02105	0.02584	0.01734	0.03176	0.27258	0.04248	0.05005	0.00814	0.00633	0.01066
2	0.07250	0.02073	0.05663	0.01864	0.05560	0.05794	0.01465	0.29457	0.06949	0.07739	0.04837	0.10157	0.02235	0.03971	0.00973	0.00284	0.00848	0.00960	0.00735	0.01186
3	0.05826	0.14017	0.48181	0.02144	0.03211	0.02096	0.04451	0.02680	0.01767	0.06145	0.01529	0.01744	0.01109	0.00787	0.00745	0.00250	0.01122	0.00603	0.00400	0.01193
4	0.01642	0.01147	0.01279	0.01183	0.01361	0.01206	0.00823	0.13106	0.05136	0.02580	0.02775	0.08561	0.02888	0.40883	0.02781	0.00577	0.00768	0.04888	0.05652	0.00763
5	0.01551	0.10341	0.04118	0.01599	0.01804	0.01722	0.03461	0.01803	0.01531	0.02210	0.02521	0.24633	0.02708	0.01779	0.03513	0.00334	0.22595	0.01248	0.09682	0.00848
6	0.02167	0.02114	0.03267	0.06500	0.50607	0.06182	0.05747	0.06190	0.04015	0.02822	0.01632	0.02065	0.01335	0.00776	0.00828	0.00249	0.01032	0.00747	0.00450	0.01276
7	0.01012	0.00723	0.00964	0.01157	0.01205	0.00675	0.00771	0.01157	0.01591	0.02121	0.04579	0.70262	0.05495	0.02603	0.01060	0.00337	0.00482	0.02362	0.00771	0.00675
8	0.01103	0.00825	0.01236	0.01310	0.01408	0.00774	0.04925	0.01253	0.01584	0.02115	0.04190	0.61510	0.04960	0.02492	0.01190	0.04992	0.00559	0.02168	0.00722	0.00685
9	0.01821	0.01854	0.03498	0.34587	0.04792	0.02027	0.27345	0.05176	0.01868	0.02485	0.01563	0.02192	0.01184	0.00821	0.01004	0.00282	0.05222	0.00839	0.00412	0.01027
10	0.01917	0.01832	0.03132	0.08621	0.51322	0.01841	0.05419	0.02402	0.01882	0.02633	0.02124	0.02834	0.05248	0.00911	0.00859	0.00260	0.00970	0.04130	0.00450	0.01214
11	0.01068	0.00882	0.00942	0.00928	0.01194	0.00778	0.00695	0.01407	0.04851	0.02490	0.18125	0.09677	0.50036	0.02004	0.00978	0.00279	0.00429	0.01693	0.00800	0.00743
12	0.01961	0.02241	0.04902	0.03501	0.04342	0.02101	0.62605	0.02661	0.01961	0.02661	0.01681	0.02241	0.01261	0.00700	0.00980	0.00280	0.01401	0.00980	0.00420	0.01120
13	0.76672	0.01607	0.01221	0.01092	0.01607	0.01864	0.00900	0.02442	0.01414	0.03727	0.01157	0.01350	0.00900	0.00771	0.00514	0.00257	0.00643	0.00450	0.00514	0.00900
14	0.01416	0.00899	0.01112	0.01057	0.01312	0.00798	0.00792	0.01707	0.02102	0.10772	0.31262	0.16156	0.23724	0.01873	0.00975	0.00278	0.00454	0.01624	0.00865	0.00822
15	0.01608	0.01355	0.01600	0.01219	0.01845	0.01037	0.00950	0.01940	0.01701	0.02612	0.01979	0.12813	0.01920	0.00937	0.00687	0.00158	0.00594	0.00795	0.00537	0.63713
16	0.02371	0.01323	0.01653	0.01287	0.01876	0.01079	0.01023	0.02697	0.01951	0.26191	0.02585	0.10354	0.02096	0.01025	0.00748	0.00202	0.00620	0.00858	0.05121	0.34942
17	0.01799	0.11035	0.04424	0.01562	0.01925	0.04200	0.05308	0.02246	0.05732	0.08501	0.15908	0.18163	0.03719	0.01486	0.01059	0.00275	0.07469	0.01247	0.02996	0.00948
18	0.02212	0.01554	0.04679	0.04911	0.02152	0.01490	0.01283	0.05184	0.17886	0.19772	0.05734	0.06003	0.14125	0.01313	0.00972	0.00272	0.04510	0.01067	0.00792	0.04091
19	0.17059	0.31200	0.16257	0.01599	0.02333	0.02425	0.01656	0.02680	0.01713	0.10523	0.01489	0.01636	0.01156	0.00817	0.00733	0.00231	0.04378	0.00544	0.00471	0.01102
20	0.01849	0.04924	0.02523	0.14205	0.02861	0.02141	0.05450	0.09432	0.01820	0.02550	0.05888	0.05885	0.01877	0.01498	0.04690	0.00356	0.29720	0.00880	0.00487	0.00965
21	0.01821	0.01174	0.01414	0.01322	0.01637	0.01183	0.00998	0.02665	0.19290	0.14166	0.16951	0.22845	0.07703	0.01696	0.00939	0.00289	0.00549	0.01482	0.00868	0.01009
22	0.01881	0.02508	0.15749	0.07526	0.11086	0.02073	0.36245	0.02557	0.01842	0.02576	0.01573	0.02096	0.01205	0.00788	0.01053	0.00279	0.06577	0.00850	0.00399	0.01133
23	0.01012	0.00723	0.00964	0.01157	0.01205	0.00675	0.00771	0.01157	0.01591	0.02121	0.04579	0.70262	0.05495	0.02603	0.01060	0.00337	0.00482	0.02362	0.00771	0.00675
24	0.01666	0.04297	0.66500	0.02368	0.03596	0.01929	0.03069	0.02631	0.01754	0.02631	0.01491	0.01754	0.01052	0.00789	0.00789	0.00263	0.01228	0.00614	0.00351	0.01228
25	0.01029	0.00753	0.00971	0.01130	0.01220	0.00695	0.00780	0.01201	0.01669	0.02192	0.06992	0.57326	0.13244	0.02495	0.01052	0.00330	0.00485	0.04975	0.00775	0.00686
26	0.02764	0.01808	0.02020	0.01662	0.02218	0.01952	0.01336	0.21329	0.28693	0.19154	0.02919	0.02710	0.02072	0.01058	0.00827	0.00262	0.00732	0.00851	0.04290	0.01343
27	0.01333	0.00884	0.01161	0.01072	0.01295	0.00811	0.00811	0.01721	0.02353	0.07211	0.61364	0.05997	0.07482	0.01657	0.00971	0.00261	0.00411	0.01461	0.00922	0.00823
28	0.01851	0.01192	0.01457	0.01302	0.01620	0.01186	0.00999	0.11525	0.06604	0.11750	0.31485	0.17069	0.05272	0.01634	0.00944	0.00275	0.00550	0.01422	0.00885	0.00980
29	0.01199	0.00879	0.01279	0.01279	0.01416	0.01009	0.00976	0.01472	0.01336	0.01934	0.02275	0.03457	0.02164	0.11960	0.59760	0.01253	0.02041	0.00916	0.02673	0.00721
30	0.03103	0.03959	0.02354	0.02140	0.02568	0.67469	0.01605	0.03317	0.02354	0.02033	0.01284	0.01498	0.01070	0.00856	0.00749	0.00214	0.01498	0.00535	0.00428	0.00963
31	0.02490	0.01528	0.01761	0.01513	0.01988	0.01615	0.01186	0.03890	0.35512	0.23467	0.06101	0.03285	0.02635	0.05014	0.01027	0.00299	0.00659	0.00940	0.03833	0.01256
32	0.04735	0.01105	0.01185	0.01111	0.01367	0.01153	0.00834	0.13817	0.02097	0.03242	0.02951	0.19059	0.02789	0.04652	0.00915	0.00271	0.00544	0.01158	0.36149	0.00869
33	0.01098	0.00802	0.01036	0.01099	0.01241	0.00740	0.00795	0.01369	0.01967	0.02676	0.31098	0.33138	0.12296	0.02147	0.01023	0.00302	0.00453	0.05159	0.00833	0.00729
34	0.01322	0.00820	0.00948	0.04354	0.01205	0.00834	0.00651	0.01499	0.01455	0.02201	0.02802	0.11431	0.02883	0.35982	0.02465	0.00519	0.00643	0.01159	0.26193	0.00636
35	0.02617	0.01806	0.01992	0.01607	0.02080	0.01944	0.01261	0.40325	0.03034	0.08940	0.02446	0.08689	0.02146	0.15433	0.01547	0.00371	0.00838	0.00989	0.00774	0.01163
36	0.01461	0.01115	0.01267	0.01266	0.01513	0.01151	0.00921	0.02317	0.21528	0.05115	0.04760	0.30839	0.15560	0.05793	0.01145	0.00332	0.00553	0.01669	0.00790	0.00903
37	0.06662	0.01995	0.02114	0.01670	0.02273	0.08356	0.01360	0.25999	0.02907	0.30996	0.05369	0.02469	0.01930	0.01019	0.00817	0.00250	0.00847	0.00786	0.00865	0.01316
38	0.01530	0.01448	0.02779	0.02207	0.02635	0.01382	0.28822	0.01954	0.01739	0.02397	0.02798	0.20586	0.02858	0.08213	0.05395	0.00410	0.01049	0.05336	0.05584	0.00878
39	0.07996	0.02227	0.02349	0.01835	0.02471	0.02480	0.01508	0.53213	0.09486	0.04966	0.02071	0.02057	0.01486	0.00994	0.00811	0.00253	0.00871	0.00746	0.00811	0.01369
40	0.02114	0.06768	0.07892	0.06144	0.13804	0.08244	0.24751	0.05909	0.06190	0.02719	0.01710	0.02105	0.01333	0.00814	0.00917	0.00259	0.03603	0.00798	0.02783	0.01143
41	0.01447	0.01043	0.01318	0.05446	0.01616	0.01020	0.00892	0.01626	0.01520	0.05085	0.05179	0.14087	0.03081	0.31214	0.02402	0.00493	0.04215	0.03879	0.00579	0.13858
42	0.02464	0.04761	0.12049	0.01920	0.02605	0.06516	0.05415	0.24675	0.14120	0.05444	0.02128	0.02195	0.01572	0.00930	0.00795	0.00244	0.00929	0.00743	0.05057	0.05437
43	0.01797	0.14830	0.49068	0.02458	0.07599	0.02160	0.05807	0.02604	0.01763	0.02529	0.01451	0.01731	0.01083	0.00769	0.00760	0.00249	0.01166	0.00614	0.00359	0.01202
44	0.02703	0.01383	0.01726	0.01437	0.01933	0.01335	0.01159	0.06198	0.14289	0.34522	0.14146	0.03967	0.06218	0.01270	0.00883	0.00269	0.00642	0.03755	0.00940	0.01223
45	0.06099	0.03407	0.44252	0.06772	0.07759	0.01889	0.09562	0.02536	0.01789	0.02705	0.04472	0.02043	0.01405	0.00820	0.00809	0.00264	0.01150	0.00704	0.00400	0.01162
46	0.01441	0.06243	0.07856	0.05845	0.02114	0.05230	0.04526	0.01740	0.01680	0.02181	0.03553	0.34016	0.09650	0.01823	0.01123	0.00302	0.07683	0.01559	0.00598	0.00835
47	0.01418	0.01037	0.01264	0.01280	0.01434	0.01081	0.00924	0.10287	0.01918	0.02620	0.03961	0.46033	0.07094	0.04899	0.01221	0.00333	0.04794	0.01843	0.05762	0.00798
48	0.01018	0.00747	0.00957	0.01107	0.01196	0.00685	0.00753	0.01188	0.01680	0.02214	0.08953	0.57783	0.13713	0.02478	0.01045	0.00325	0.00468	0.02225	0.00780	0.00685
49	0.02235	0.01753	0.02136	0.02233	0.13268	0.01909	0.01501	0.09786	0.35858	0.08888	0.08760	0.03073	0.02667	0.01091	0.00852	0.00268	0.00721	0.00929	0.00790	0.01283
50	0.02139	0.02705	0.09501	0.05853	0.03547	0.17997	0.30336	0.02668	0.01925	0.02378	0.01529	0.02027	0.01214	0.01116	0.04571	0.00326	0.07918	0.00797	0.00409	0.01043
51	0.11941	0.01699	0.01895	0.01523	0.02086	0.01766	0.01240	0.22976	0.08803	0.23668	0.07143	0.02974	0.06391	0.01114	0.00815	0.00259	0.00722	0.00876	0.00857	0.01250
52	0.01528	0.01043	0.01319	0.04738	0.01734	0.01049	0.01033	0.02098	0.11754	0.09112	0.04476	0.35499	0.10658	0.02023	0.00992	0.00316	0.00591	0.08366	0.00789	0.00880
53	0.01598	0.10195	0.22635	0.01905	0.02571	0.01735	0.10175	0.02250	0.05739	0.02486	0.06748	0.09933	0.10220	0.04464	0.01082	0.00295	0.03363	0.01071	0.00530	0.01006
54	0.01602	0.01510	0.02551	0.64492	0.09779	0.01854	0.02324	0.02151	0.01677	0.02163	0.01482	0.02204	0.01122	0.00824	0.00830	0.00275	0.01099	0.00738	0.00372	0.00949
55	0.02308	0.01123	0.01487	0.01260	0.01654	0.01016	0.00992	0.02731	0.04549	0.30542	0.34122	0.06764	0.05065	0.01418	0.00915	0.00263	0.00541	0.01222	0.00957	0.01072
56	0.01025	0.00729	0.00960	0.01140	0.01185	0.00684	0.00753	0.01160	0.01565	0.02086	0.04446	0.65871	0.05327	0.07222	0.01275	0.00369	0.00504	0.02284	0.00753	0.00663
57	0.08971	0.03053	0.31133	0.02889	0.07908	0.01995	0.26854	0.02620	0.01814	0.02753	0.01540	0.01932	0.01140	0.00748	0.00842	0.00268	0.01225	0.00755	0.00398	0.01159
58	0.02486	0.01194	0.01568	0.01393	0.01826	0.01090	0.01149	0.02899	0.05047	0.33919	0.06221	0.07750	0.11442	0.01583	0.00949	0.00297	0.00664	0.16519	0.00904	0.01099
59	0.05578	0.01579	0.05277	0.01567	0.04152	0.01518	0.01225	0.07038	0.20922	0.12508	0.16568	0.03762	0.03417	0.09703	0.01267	0.00332	0.00685	0.01020	0.00786	0.01095

[dist]
# distance from previous block
# <min> <max>
4	6

[block]
# block no. 2 follows, 22 sequences, length 19
# corresponding to MSA columns:
# 164-182
name=unknown_C
#
# <colnr> <probs for GDERKNQSTAVLIFYWHMCP>
#	G	D	E	R	K	N	Q	S	T	A	V	L	I	F	Y	W	H	M	C	P
0	0.15926	0.07046	0.01858	0.01367	0.01895	0.03585	0.01130	0.16055	0.02253	0.03471	0.07458	0.02801	0.02137	0.01006	0.00714	0.00223	0.00707	0.05338	0.07503	0.17527
1	0.06037	0.01811	0.02342	0.02014	0.07150	0.01844	0.07004	0.17826	0.13829	0.18287	0.02429	0.02407	0.01735	0.00936	0.00804	0.00246	0.00809	0.00789	0.03702	0.08000
2	0.02572	0.01937	0.02127	0.01738	0.02277	0.02118	0.01408	0.40766	0.11616	0.04318	0.02534	0.08846	0.02138	0.01419	0.03473	0.00306	0.00869	0.04063	0.00793	0.04682
3	0.02321	0.53413	0.09980	0.01615	0.02346	0.08864	0.01608	0.07323	0.01929	0.02284	0.01265	0.01440	0.01092	0.00754	0.00600	0.00195	0.00978	0.00493	0.00399	0.01100
4	0.01762	0.01310	0.01611	0.01329	0.01807	0.01164	0.01033	0.03683	0.03917	0.08409	0.02483	0.18363	0.02416	0.01519	0.04635	0.00277	0.04593	0.01029	0.00619	0.38042
5	0.07114	0.01171	0.01352	0.01190	0.01583	0.01044	0.00897	0.05295	0.01883	0.02806	0.11763	0.24883	0.06922	0.01524	0.00835	0.00238	0.00550	0.01318	0.00678	0.26952
6	0.05778	0.06663	0.01736	0.01480	0.05511	0.01277	0.03431	0.02053	0.06753	0.05082	0.32284	0.08379	0.10549	0.01450	0.00884	0.00256	0.00568	0.01259	0.00758	0.03847
7	0.01106	0.00795	0.01043	0.04036	0.01344	0.00772	0.00783	0.01280	0.01642	0.02218	0.14359	0.42519	0.05174	0.16944	0.01713	0.00422	0.00563	0.01898	0.00721	0.00668
8	0.01411	0.00722	0.01073	0.01088	0.01092	0.00718	0.00725	0.01088	0.01121	0.01494	0.01680	0.07634	0.01749	0.02865	0.03082	0.70136	0.00703	0.00845	0.00392	0.00384
9	0.01652	0.01883	0.11429	0.30716	0.09592	0.01755	0.06685	0.02208	0.01718	0.02408	0.01862	0.02852	0.01567	0.01004	0.00989	0.00281	0.06395	0.06189	0.07831	0.00985
10	0.02335	0.06042	0.07315	0.01901	0.07813	0.01729	0.01496	0.06709	0.20686	0.17822	0.11293	0.03374	0.02867	0.01141	0.00849	0.00265	0.00742	0.03613	0.00784	0.01224
11	0.01899	0.01048	0.01346	0.01178	0.01504	0.00966	0.00908	0.02347	0.05559	0.20082	0.39165	0.05200	0.09046	0.04699	0.01084	0.00287	0.00511	0.01294	0.00914	0.00964
12	0.01027	0.00735	0.00977	0.01146	0.01208	0.00685	0.00772	0.01194	0.01660	0.02232	0.10146	0.64377	0.05710	0.02520	0.01053	0.00330	0.00474	0.02283	0.00784	0.00685
13	0.02008	0.02378	0.12523	0.08069	0.39945	0.04835	0.07559	0.02725	0.06778	0.02691	0.01688	0.02095	0.01345	0.00785	0.00830	0.00255	0.01061	0.00749	0.00435	0.01247
14	0.02836	0.02133	0.02425	0.02170	0.08918	0.02343	0.01605	0.41440	0.16590	0.07362	0.02307	0.02276	0.01674	0.01000	0.00833	0.00256	0.00857	0.00792	0.00800	0.01382
15	0.01519	0.00902	0.01154	0.01113	0.01287	0.00848	0.00796	0.01744	0.01858	0.10992	0.24240	0.14415	0.04991	0.23506	0.02006	0.00452	0.00606	0.06040	0.00769	0.00764
16	0.36043	0.01947	0.08406	0.05900	0.08253	0.01843	0.07047	0.05772	0.03959	0.07002	0.01949	0.02143	0.04770	0.00882	0.00705	0.00262	0.00835	0.00687	0.00544	0.01053
17	0.15542	0.05436	0.02322	0.02227	0.12570	0.18699	0.01532	0.18325	0.02424	0.03362	0.01582	0.01793	0.01241	0.00849	0.00716	0.00229	0.00981	0.00618	0.05137	0.04415
18	0.02091	0.01694	0.01940	0.06930	0.02386	0.01910	0.01388	0.12112	0.33793	0.05542	0.03174	0.05202	0.05850	0.01225	0.00964	0.00279	0.04574	0.03546	0.00759	0.04641

[dist]
# distance from previous block
# <min> <max>
0	1

[block]
# block no. 3 follows, 22 sequences, length 31
# corresponding to MSA columns:
# 184-214
name=unknown_D
#
# <colnr> <probs for GDERKNQSTAVLIFYWHMCP>
#	G	D	E	R	K	N	Q	S	T	A	V	L	I	F	Y	W	H	M	C	P
0	0.02645	0.07609	0.05657	0.04959	0.02287	0.01669	0.01374	0.14040	0.05726	0.26188	0.15762	0.03185	0.02997	0.01119	0.00837	0.00252	0.00741	0.00915	0.00830	0.01210
1	0.01192	0.00884	0.01160	0.01213	0.01273	0.00951	0.00853	0.01355	0.01504	0.02106	0.06463	0.36983	0.04131	0.15390	0.08691	0.00519	0.08187	0.01687	0.04772	0.00686
2	0.01758	0.02139	0.11125	0.08615	0.04852	0.11326	0.04755	0.02141	0.01742	0.02312	0.05472	0.16739	0.02447	0.01383	0.01270	0.00291	0.15557	0.01090	0.04062	0.00925
3	0.02361	0.01856	0.02111	0.10283	0.02629	0.05234	0.01433	0.22740	0.02485	0.06905	0.01814	0.02052	0.01378	0.00905	0.00902	0.00223	0.06330	0.00674	0.07001	0.20684
4	0.08338	0.04742	0.01615	0.01299	0.01596	0.01532	0.01031	0.12290	0.01936	0.06474	0.02114	0.02732	0.01779	0.08172	0.08454	0.04552	0.07892	0.00774	0.21773	0.00905
5	0.01279	0.00904	0.01103	0.01065	0.01297	0.00834	0.00793	0.01685	0.05193	0.06108	0.36367	0.15462	0.21056	0.01865	0.00978	0.00278	0.00441	0.01625	0.00861	0.00806
6	0.01405	0.01268	0.01875	0.07426	0.02107	0.01539	0.04326	0.01626	0.01496	0.02102	0.02876	0.35690	0.03276	0.01931	0.01656	0.00339	0.26140	0.01548	0.00568	0.00805
7	0.02178	0.02091	0.02929	0.02840	0.16019	0.11667	0.16141	0.08064	0.02037	0.05860	0.01822	0.02399	0.01512	0.04699	0.13075	0.00474	0.03804	0.00818	0.00494	0.01079
8	0.01012	0.00723	0.00964	0.01157	0.01205	0.00675	0.00771	0.01157	0.01591	0.02121	0.04579	0.70262	0.05495	0.02603	0.01060	0.00337	0.00482	0.02362	0.00771	0.00675
9	0.01058	0.00761	0.00990	0.01138	0.01211	0.00704	0.00757	0.01200	0.01563	0.02101	0.04283	0.61895	0.05107	0.08341	0.01312	0.00368	0.00515	0.02186	0.00737	0.03770
10	0.01512	0.00837	0.00896	0.00909	0.01094	0.00839	0.00668	0.04667	0.01813	0.02992	0.03071	0.17243	0.02807	0.01315	0.00694	0.00227	0.00432	0.01109	0.56090	0.00784
11	0.01161	0.00857	0.01062	0.01117	0.01272	0.00806	0.00794	0.04468	0.01954	0.02613	0.20610	0.40440	0.15329	0.02208	0.01015	0.00304	0.00472	0.01961	0.00811	0.00745
12	0.01954	0.02220	0.04785	0.03436	0.04235	0.02123	0.59593	0.02628	0.01927	0.02628	0.01651	0.02220	0.01252	0.00738	0.01067	0.00284	0.04765	0.00968	0.00417	0.01110
13	0.01443	0.00722	0.01082	0.01082	0.01082	0.00722	0.00722	0.01082	0.01082	0.01443	0.01443	0.02525	0.01443	0.02886	0.03247	0.75830	0.00722	0.00722	0.00361	0.00361
14	0.09577	0.01371	0.01723	0.01414	0.01957	0.01277	0.01152	0.03512	0.07316	0.45409	0.03499	0.06842	0.05663	0.01220	0.00844	0.00271	0.00673	0.04101	0.00927	0.01250
15	0.01033	0.00800	0.00928	0.00985	0.01159	0.00710	0.00697	0.01238	0.01825	0.02336	0.15415	0.29256	0.32818	0.05483	0.01163	0.00322	0.00456	0.01901	0.00780	0.00695
16	0.01443	0.00722	0.01082	0.01082	0.01082	0.00722	0.00722	0.01082	0.01082	0.01443	0.01443	0.02525	0.01443	0.02886	0.03247	0.75830	0.00722	0.00722	0.00361	0.00361
17	0.01012	0.00723	0.00964	0.01157	0.01205	0.00675	0.00771	0.01157	0.01591	0.02121	0.04579	0.70262	0.05495	0.02603	0.01060	0.00337	0.00482	0.02362	0.00771	0.00675
18	0.03158	0.01634	0.02003	0.01615	0.02198	0.01623	0.01334	0.18729	0.09060	0.37540	0.03082	0.03340	0.02232	0.01165	0.00869	0.00271	0.00760	0.07119	0.00931	0.01334
19	0.02131	0.02279	0.09187	0.02367	0.10127	0.07368	0.08167	0.06756	0.32255	0.03168	0.02506	0.02551	0.01899	0.00963	0.00830	0.00264	0.00906	0.00834	0.04207	0.01236
20	0.09891	0.01205	0.01553	0.01293	0.01652	0.01232	0.09172	0.07417	0.01955	0.03305	0.05309	0.02842	0.02086	0.00947	0.00669	0.00220	0.00600	0.00799	0.46961	0.00892
21	0.01912	0.01952	0.03789	0.12939	0.12509	0.01975	0.34787	0.05407	0.01938	0.02671	0.01700	0.02275	0.01326	0.01077	0.04617	0.00331	0.03512	0.00879	0.03313	0.01092
22	0.01064	0.00763	0.01033	0.01189	0.01257	0.00747	0.00826	0.01235	0.01553	0.02088	0.04141	0.54337	0.04853	0.06523	0.10537	0.00503	0.00758	0.05202	0.00712	0.00680
23	0.09300	0.13528	0.18516	0.02879	0.20212	0.07960	0.05426	0.02575	0.01771	0.02550	0.01384	0.01742	0.01129	0.00819	0.00904	0.00250	0.06892	0.00629	0.00396	0.01139
24	0.10207	0.01633	0.01934	0.05309	0.05561	0.03732	0.01371	0.09091	0.07137	0.17608	0.02848	0.03257	0.07234	0.01174	0.01001	0.00269	0.07412	0.05435	0.00702	0.07086
25	0.01030	0.00848	0.00909	0.00908	0.01170	0.00727	0.00690	0.01278	0.01967	0.02428	0.17199	0.07780	0.53212	0.02049	0.00990	0.00283	0.00433	0.04588	0.00794	0.00718
26	0.04048	0.01937	0.10060	0.06037	0.07447	0.03911	0.22884	0.02186	0.01798	0.02541	0.02447	0.19804	0.02385	0.01244	0.00903	0.00280	0.00991	0.01216	0.06903	0.00978
27	0.05511	0.12647	0.34450	0.02212	0.06085	0.02228	0.02323	0.02687	0.08291	0.02585	0.01569	0.01844	0.01224	0.00917	0.01056	0.00268	0.11893	0.00641	0.00417	0.01152
28	0.01183	0.00851	0.01029	0.01105	0.01179	0.00847	0.00720	0.01476	0.06829	0.02117	0.07107	0.37320	0.04468	0.27334	0.02194	0.00499	0.00610	0.01772	0.00688	0.00673
29	0.01578	0.01931	0.11728	0.02645	0.09617	0.01534	0.25053	0.02086	0.01787	0.02462	0.02719	0.27424	0.02811	0.01423	0.00967	0.00295	0.00991	0.01418	0.00540	0.00990
30	0.08873	0.04860	0.23367	0.05720	0.08103	0.01666	0.04998	0.02336	0.05056	0.02653	0.02285	0.13006	0.02164	0.01194	0.00834	0.00275	0.00922	0.06000	0.00511	0.05178

[dist]
# distance from previous block
# <min> <max>
11	27

[block]
# block no. 4 follows, 22 sequences, length 39
# corresponding to MSA columns:
# 245-283
name=unknown_E
#
# <colnr> <probs for GDERKNQSTAVLIFYWHMCP>
#	G	D	E	R	K	N	Q	S	T	A	V	L	I	F	Y	W	H	M	C	P
0	0.04724	0.01854	0.04682	0.12784	0.18586	0.01883	0.01797	0.20699	0.02445	0.03417	0.07644	0.05005	0.02051	0.01060	0.00908	0.02805	0.00876	0.00845	0.00598	0.05337
1	0.14864	0.02355	0.22799	0.05978	0.02589	0.01638	0.01785	0.05642	0.01822	0.05117	0.02537	0.05813	0.08521	0.01118	0.00870	0.00264	0.04004	0.03636	0.00530	0.08118
2	0.01830	0.02619	0.22726	0.07636	0.27495	0.04283	0.05183	0.02525	0.04255	0.02670	0.06135	0.02547	0.04624	0.00905	0.00836	0.00258	0.01030	0.00809	0.00457	0.01177
3	0.01890	0.06676	0.19715	0.06154	0.02537	0.01780	0.01714	0.17848	0.02225	0.03009	0.02658	0.11778	0.06685	0.10153	0.01277	0.00336	0.00905	0.01036	0.00584	0.01041
4	0.02573	0.16140	0.02532	0.04421	0.02351	0.15426	0.01378	0.15252	0.02347	0.10034	0.01871	0.05153	0.01555	0.03410	0.00854	0.00235	0.00944	0.00707	0.00591	0.12224
5	0.02186	0.09434	0.06453	0.01735	0.04042	0.14105	0.01424	0.13757	0.09014	0.03047	0.09950	0.03008	0.07800	0.01335	0.03933	0.00286	0.00952	0.00856	0.00628	0.06057
6	0.02190	0.01838	0.01918	0.07161	0.02344	0.07132	0.01319	0.23746	0.10612	0.03625	0.12442	0.03551	0.11197	0.01220	0.00855	0.00251	0.00779	0.00988	0.00743	0.06089
7	0.01438	0.01151	0.01392	0.01220	0.01630	0.00956	0.00905	0.03813	0.01738	0.02520	0.02959	0.34073	0.03249	0.01567	0.00833	0.00229	0.00563	0.01383	0.00636	0.37746
8	0.01444	0.01020	0.01445	0.04101	0.09430	0.00993	0.01124	0.01765	0.04323	0.07617	0.04075	0.46023	0.06628	0.02085	0.00996	0.00315	0.00603	0.04421	0.00737	0.00856
9	0.01189	0.05293	0.01276	0.01143	0.01326	0.00904	0.00831	0.01435	0.01850	0.02537	0.23596	0.40791	0.05682	0.02061	0.00972	0.00289	0.00488	0.01840	0.00772	0.05725
10	0.01865	0.00993	0.01306	0.01167	0.01478	0.00889	0.00896	0.02195	0.02237	0.20900	0.36645	0.13027	0.09748	0.01644	0.00949	0.00270	0.00494	0.01433	0.00920	0.00944
11	0.01229	0.00908	0.01185	0.01306	0.01490	0.00881	0.01058	0.01607	0.04002	0.02520	0.12664	0.20930	0.13329	0.02217	0.01076	0.00341	0.00610	0.31099	0.00789	0.00759
12	0.02426	0.21464	0.15268	0.01737	0.02453	0.02232	0.01713	0.08692	0.07124	0.15500	0.01926	0.01990	0.01429	0.00907	0.00886	0.00238	0.06590	0.00652	0.00585	0.06190
13	0.02184	0.01482	0.01778	0.01314	0.02014	0.01193	0.01057	0.02669	0.05827	0.16688	0.01993	0.02053	0.01495	0.00738	0.00678	0.00163	0.00638	0.00596	0.00632	0.54809
14	0.01805	0.01681	0.02765	0.38575	0.28438	0.01883	0.02301	0.05003	0.01861	0.02496	0.01808	0.02373	0.03745	0.00854	0.00833	0.00264	0.01025	0.00780	0.00422	0.01087
15	0.01997	0.19524	0.18523	0.24151	0.05914	0.05205	0.04262	0.02552	0.01788	0.06505	0.01522	0.01889	0.01158	0.00798	0.00749	0.00244	0.01080	0.00641	0.00411	0.01087
16	0.01028	0.00730	0.00959	0.01136	0.01180	0.00685	0.00749	0.01161	0.01559	0.02079	0.04418	0.64962	0.05292	0.08179	0.01319	0.00376	0.00508	0.02267	0.00749	0.00661
17	0.01893	0.01524	0.02329	0.03093	0.32853	0.01494	0.01712	0.04421	0.03971	0.08186	0.19588	0.03829	0.09219	0.01172	0.00882	0.00256	0.00737	0.01056	0.00659	0.01126
18	0.01844	0.24078	0.45238	0.02139	0.03196	0.02340	0.05314	0.02590	0.01744	0.02432	0.01400	0.01651	0.01066	0.00762	0.00722	0.00239	0.01135	0.00580	0.00355	0.01175
19	0.01010	0.00731	0.00956	0.01136	0.01199	0.00677	0.00762	0.01159	0.01611	0.02129	0.04833	0.66130	0.09462	0.02570	0.01055	0.00334	0.00478	0.02321	0.00771	0.00677
20	0.01252	0.00828	0.01079	0.01208	0.01319	0.00789	0.00832	0.01532	0.05144	0.06463	0.04425	0.62011	0.05100	0.02415	0.01033	0.00329	0.00507	0.02180	0.00792	0.00760
21	0.01830	0.02003	0.06170	0.02709	0.07526	0.02128	0.21611	0.02253	0.01615	0.02359	0.01525	0.05065	0.01372	0.01109	0.01681	0.00302	0.30322	0.00860	0.00414	0.07142
22	0.01007	0.00843	0.00876	0.00868	0.01138	0.00712	0.00651	0.01241	0.01953	0.02385	0.15786	0.07763	0.57827	0.02051	0.00982	0.00278	0.00417	0.01721	0.00790	0.00712
23	0.01544	0.00772	0.00789	0.00789	0.00973	0.00772	0.00587	0.01896	0.01711	0.03019	0.02650	0.03070	0.02097	0.01058	0.00706	0.03747	0.00403	0.00772	0.71890	0.00755
24	0.02112	0.01807	0.01904	0.01700	0.02178	0.02088	0.01326	0.06845	0.61616	0.03548	0.03324	0.03053	0.02489	0.01122	0.00845	0.00280	0.00668	0.00931	0.00845	0.01319
25	0.01599	0.01133	0.01323	0.01210	0.01471	0.01135	0.00897	0.12268	0.04596	0.05324	0.23764	0.16113	0.11978	0.11700	0.01426	0.00353	0.00582	0.01458	0.00801	0.00867
26	0.01032	0.00839	0.00918	0.00933	0.01176	0.00724	0.00701	0.01275	0.01943	0.02419	0.16981	0.12866	0.48333	0.02089	0.00996	0.00287	0.00438	0.04541	0.00794	0.00715
27	0.02558	0.01395	0.01709	0.01441	0.01900	0.01395	0.01143	0.09769	0.14001	0.27891	0.11822	0.08805	0.03168	0.01511	0.04043	0.00317	0.00716	0.01063	0.04166	0.01187
28	0.01992	0.02448	0.09510	0.03420	0.10343	0.06183	0.45990	0.02647	0.01951	0.02609	0.01709	0.04047	0.01356	0.00775	0.00936	0.00273	0.01325	0.00936	0.00424	0.01127
29	0.76672	0.01607	0.01221	0.01092	0.01607	0.01864	0.00900	0.02442	0.01414	0.03727	0.01157	0.01350	0.00900	0.00771	0.00514	0.00257	0.00643	0.00450	0.00514	0.00900
30	0.02586	0.01150	0.01550	0.01302	0.01730	0.01015	0.01027	0.02906	0.02269	0.38427	0.22716	0.12509	0.04296	0.01438	0.00909	0.00269	0.00580	0.01238	0.00960	0.01123
31	0.06655	0.03960	0.58569	0.06003	0.03582	0.01920	0.02882	0.02590	0.01726	0.02675	0.01468	0.01753	0.01045	0.00790	0.00773	0.00263	0.01182	0.00610	0.00363	0.01189
32	0.01920	0.01940	0.03084	0.24385	0.21431	0.07227	0.14292	0.04540	0.01917	0.02500	0.01803	0.07786	0.01570	0.00935	0.00871	0.00268	0.01106	0.00907	0.00446	0.01073
33	0.01109	0.00806	0.01045	0.01200	0.01313	0.00762	0.00887	0.01316	0.01690	0.02200	0.04890	0.41708	0.12773	0.06982	0.01284	0.00373	0.00571	0.17647	0.00752	0.00691
34	0.02298	0.02137	0.02287	0.13586	0.12794	0.16035	0.01723	0.09080	0.09574	0.05792	0.02087	0.02658	0.01697	0.01013	0.00888	0.00258	0.03700	0.04490	0.06810	0.01091
35	0.01800	0.07873	0.39413	0.02792	0.13049	0.02006	0.09718	0.02647	0.04534	0.02633	0.01723	0.02252	0.01361	0.00853	0.00819	0.00263	0.01141	0.03512	0.00410	0.01200
36	0.55452	0.02368	0.19689	0.01453	0.02169	0.01882	0.01514	0.02495	0.01510	0.03417	0.01251	0.01464	0.00943	0.00776	0.00592	0.00259	0.00808	0.00496	0.00468	0.00992
37	0.01927	0.02128	0.06530	0.20572	0.17574	0.10219	0.13076	0.02378	0.01802	0.02314	0.01616	0.04772	0.01371	0.01031	0.01096	0.05791	0.03564	0.00812	0.00409	0.01017
38	0.08121	0.06413	0.05456	0.01498	0.01926	0.07119	0.01269	0.17061	0.02156	0.03090	0.01931	0.02384	0.01593	0.02500	0.19890	0.03424	0.01248	0.00722	0.11221	0.00978

[dist]
# distance from previous block
# <min> <max>
0	2

[block]
# block no. 5 follows, 22 sequences, length 87
# corresponding to MSA columns:
# 286-372
name=unknown_F
#
# <colnr> <probs for GDERKNQSTAVLIFYWHMCP>
#	G	D	E	R	K	N	Q	S	T	A	V	L	I	F	Y	W	H	M	C	P
0	0.03474	0.01385	0.01865	0.01453	0.02056	0.01219	0.01192	0.03875	0.04633	0.59170	0.07943	0.03092	0.02509	0.01082	0.00847	0.00258	0.00681	0.00889	0.01013	0.01363
1	0.01029	0.00736	0.00979	0.01145	0.01209	0.00686	0.00772	0.01198	0.01668	0.02243	0.10724	0.63767	0.05732	0.02511	0.01052	0.00330	0.00473	0.02275	0.00786	0.00686
2	0.02368	0.02033	0.06274	0.01969	0.02592	0.01976	0.10792	0.24969	0.13763	0.07120	0.08322	0.05480	0.02373	0.01077	0.00866	0.00259	0.00867	0.00939	0.00740	0.05219
3	0.09596	0.15297	0.02081	0.04863	0.01979	0.01661	0.01135	0.04205	0.04982	0.20042	0.09391	0.03466	0.11763	0.01157	0.00766	0.00244	0.00670	0.00917	0.04725	0.01059
4	0.01058	0.00756	0.00936	0.01060	0.01121	0.00710	0.00689	0.01173	0.01528	0.02007	0.04509	0.47286	0.11410	0.19564	0.01842	0.00448	0.00556	0.02007	0.00704	0.00635
5	0.01896	0.02308	0.08886	0.03313	0.04142	0.02022	0.55641	0.02588	0.01929	0.02633	0.01805	0.05434	0.01447	0.00797	0.00971	0.00282	0.01345	0.01021	0.00432	0.01107
6	0.02469	0.12805	0.15596	0.08549	0.09672	0.01909	0.04776	0.04691	0.03841	0.22260	0.02280	0.02350	0.03340	0.00900	0.00789	0.00249	0.00936	0.00746	0.00613	0.01228
7	0.03558	0.04947	0.05060	0.01517	0.02190	0.01355	0.01317	0.03907	0.02315	0.60107	0.03091	0.02705	0.01961	0.01002	0.00819	0.00253	0.00740	0.00806	0.00964	0.01388
8	0.02925	0.02008	0.02376	0.02110	0.09441	0.02095	0.01549	0.35969	0.07280	0.15387	0.02218	0.02198	0.01575	0.00946	0.00811	0.00241	0.00840	0.00751	0.00788	0.08492
9	0.10702	0.01708	0.01922	0.01771	0.05448	0.01852	0.01342	0.21396	0.16088	0.09910	0.02776	0.08548	0.02374	0.03291	0.00949	0.00295	0.00758	0.06918	0.00775	0.01178
10	0.01228	0.00940	0.01290	0.01300	0.01476	0.00872	0.03773	0.03581	0.01691	0.02294	0.03912	0.51354	0.04544	0.06871	0.01224	0.00344	0.00587	0.04125	0.00712	0.07882
11	0.01738	0.01461	0.01693	0.01283	0.01934	0.01192	0.01011	0.04684	0.06026	0.02808	0.01923	0.08359	0.01733	0.00855	0.00682	0.00159	0.00618	0.00711	0.00557	0.60573
12	0.03474	0.01708	0.02096	0.01619	0.02260	0.01672	0.01334	0.21835	0.05842	0.44727	0.02895	0.02589	0.01885	0.01024	0.00835	0.00256	0.00767	0.00814	0.00960	0.01409
13	0.01735	0.01488	0.01728	0.01248	0.01976	0.01143	0.00997	0.02178	0.04042	0.02736	0.01547	0.01774	0.01279	0.00634	0.00624	0.00129	0.00617	0.00509	0.00505	0.73111
14	0.01645	0.01534	0.02476	0.58606	0.08554	0.01875	0.02219	0.02378	0.08007	0.02291	0.01674	0.02296	0.01263	0.00856	0.00832	0.00276	0.01055	0.00759	0.00420	0.00984
15	0.07820	0.05206	0.05123	0.01762	0.05461	0.01833	0.01415	0.16106	0.12964	0.24606	0.02957	0.02790	0.06146	0.01054	0.00807	0.00257	0.00766	0.00837	0.00807	0.01282
16	0.01023	0.00732	0.00974	0.01149	0.01207	0.00682	0.00772	0.01185	0.01642	0.02203	0.08683	0.65925	0.05653	0.02541	0.01055	0.00332	0.00476	0.02303	0.00781	0.00682
17	0.01068	0.00781	0.01005	0.01084	0.01210	0.00717	0.00762	0.01309	0.01897	0.02572	0.26951	0.40727	0.12393	0.02224	0.01023	0.00304	0.00443	0.01988	0.00823	0.00717
18	0.03727	0.01414	0.01928	0.01478	0.02121	0.01221	0.01221	0.04049	0.02378	0.66198	0.03277	0.02828	0.02056	0.01028	0.00835	0.00257	0.00707	0.00835	0.01028	0.01414
19	0.01545	0.01701	0.08980	0.02071	0.02486	0.01593	0.16926	0.02002	0.01555	0.02275	0.01885	0.02635	0.01630	0.03245	0.30180	0.00744	0.11286	0.00854	0.05494	0.00913
20	0.01478	0.01254	0.01327	0.01237	0.01589	0.01306	0.00948	0.02643	0.29072	0.02915	0.13214	0.05641	0.30859	0.01628	0.00922	0.00279	0.00520	0.01368	0.00821	0.00979
21	0.01818	0.01818	0.02545	0.02181	0.02181	0.02545	0.01818	0.01999	0.01272	0.01999	0.01091	0.01818	0.01091	0.01454	0.02726	0.00364	0.69284	0.00727	0.00364	0.00909
22	0.01465	0.01172	0.01398	0.01431	0.01644	0.01278	0.01078	0.02407	0.23333	0.02626	0.03940	0.33246	0.04113	0.03992	0.01157	0.00340	0.03325	0.10368	0.00772	0.00915
23	0.01069	0.00799	0.01119	0.08016	0.01663	0.00793	0.00927	0.01255	0.01598	0.02121	0.04264	0.63362	0.05050	0.02423	0.01037	0.00331	0.00545	0.02197	0.00730	0.00700
24	0.02463	0.01915	0.02048	0.01717	0.02234	0.02149	0.01367	0.30258	0.30453	0.04157	0.02815	0.07153	0.02217	0.01163	0.00843	0.00268	0.00750	0.00943	0.03793	0.01294
25	0.76672	0.01607	0.01221	0.01092	0.01607	0.01864	0.00900	0.02442	0.01414	0.03727	0.01157	0.01350	0.00900	0.00771	0.00514	0.00257	0.00643	0.00450	0.00514	0.00900
26	0.02085	0.01553	0.01999	0.01646	0.02064	0.01602	0.07953	0.24421	0.02519	0.05832	0.03259	0.12940	0.08897	0.11739	0.01406	0.00356	0.00806	0.04223	0.03687	0.01013
27	0.01774	0.00949	0.00989	0.00923	0.01180	0.00970	0.00709	0.05771	0.05166	0.06236	0.02730	0.03019	0.02105	0.00981	0.00621	0.00204	0.00448	0.00784	0.63570	0.00871
28	0.01081	0.00756	0.00964	0.01088	0.01126	0.00732	0.00701	0.01188	0.01461	0.01955	0.03863	0.47106	0.04570	0.23775	0.05206	0.00529	0.00665	0.01936	0.00673	0.00625
29	0.03069	0.01582	0.01979	0.01585	0.02127	0.01596	0.01292	0.12178	0.11698	0.38861	0.07833	0.02946	0.02425	0.01120	0.00976	0.00267	0.05348	0.00883	0.00919	0.01315
30	0.01933	0.01884	0.03035	0.13050	0.21971	0.02224	0.08626	0.05212	0.01717	0.02460	0.01397	0.02002	0.01194	0.01045	0.01595	0.00301	0.28104	0.00761	0.00407	0.01080
31	0.01247	0.00907	0.01217	0.01389	0.01538	0.00903	0.01110	0.01639	0.05112	0.02392	0.04416	0.33460	0.04947	0.02356	0.01096	0.00359	0.00646	0.33737	0.00772	0.00758
32	0.32465	0.09383	0.05225	0.03526	0.06524	0.19773	0.01442	0.06198	0.01921	0.04844	0.01353	0.01557	0.01066	0.00809	0.00649	0.00237	0.00979	0.00536	0.00490	0.01022
33	0.01659	0.01538	0.02716	0.41138	0.04500	0.01760	0.14467	0.02198	0.01717	0.02384	0.01698	0.02343	0.01302	0.00856	0.00914	0.00268	0.04367	0.00794	0.12440	0.00939
34	0.01723	0.01477	0.01723	0.01230	0.01969	0.01107	0.00984	0.02092	0.01723	0.02707	0.01477	0.01723	0.01230	0.00615	0.00615	0.00123	0.00615	0.00492	0.00492	0.75883
35	0.01888	0.02082	0.04251	0.03127	0.03769	0.02121	0.47615	0.02468	0.01795	0.02494	0.01603	0.02222	0.01277	0.01168	0.05244	0.00358	0.14120	0.00928	0.00411	0.01059
36	0.02062	0.01463	0.01720	0.01592	0.01966	0.01559	0.01347	0.25274	0.02661	0.03613	0.03285	0.05832	0.03189	0.01647	0.00962	0.00310	0.00780	0.30605	0.09116	0.01015
37	0.03640	0.01553	0.02014	0.01544	0.02190	0.01428	0.01276	0.13040	0.02611	0.56876	0.03081	0.02700	0.01958	0.01023	0.00835	0.00256	0.00739	0.00822	0.00998	0.01414
38	0.01027	0.00734	0.00981	0.01174	0.01229	0.00688	0.00798	0.01183	0.01606	0.02138	0.04570	0.67420	0.05461	0.02588	0.01064	0.00339	0.00495	0.05053	0.00771	0.00679
39	0.01952	0.02163	0.04434	0.03232	0.03953	0.02148	0.51675	0.02706	0.06093	0.02642	0.01730	0.02252	0.01328	0.00813	0.01166	0.00290	0.08921	0.00949	0.00443	0.01110
40	0.01586	0.00856	0.00893	0.00865	0.01067	0.00875	0.00647	0.04758	0.01792	0.03049	0.02645	0.03192	0.02145	0.05378	0.04312	0.00292	0.00533	0.00805	0.63521	0.00787
41	0.01192	0.00870	0.01234	0.01234	0.01347	0.00984	0.00912	0.01419	0.01305	0.01854	0.02318	0.03776	0.02299	0.21447	0.52599	0.01210	0.01891	0.00965	0.00459	0.00686
42	0.01632	0.01541	0.02606	0.60515	0.13519	0.01862	0.02339	0.02178	0.01691	0.02200	0.01488	0.02194	0.01135	0.00819	0.00830	0.00273	0.01092	0.00739	0.00375	0.00974
43	0.02010	0.01974	0.03139	0.18049	0.50054	0.05322	0.02451	0.02501	0.01868	0.02557	0.01531	0.02060	0.01260	0.00765	0.00820	0.00251	0.01038	0.00729	0.00403	0.01217
44	0.03694	0.01468	0.01961	0.01504	0.02148	0.01301	0.01242	0.07529	0.02468	0.62590	0.03202	0.02778	0.02018	0.01026	0.00835	0.00257	0.00719	0.00830	0.01017	0.01414
45	0.01068	0.00764	0.01022	0.01178	0.01261	0.00718	0.00829	0.01271	0.01730	0.02328	0.13106	0.55206	0.05754	0.02445	0.01058	0.00331	0.00497	0.07947	0.00791	0.00699
46	0.01666	0.04297	0.66500	0.02368	0.03596	0.01929	0.03069	0.02631	0.01754	0.02631	0.01491	0.01754	0.01052	0.00789	0.00789	0.00263	0.01228	0.00614	0.00351	0.01228
47	0.01728	0.01356	0.01540	0.01428	0.01783	0.01466	0.01118	0.03102	0.33729	0.05543	0.22273	0.04918	0.07693	0.01465	0.00923	0.00285	0.00578	0.07140	0.00861	0.01071
48	0.09770	0.64237	0.04036	0.01388	0.02079	0.03143	0.01369	0.02483	0.01660	0.02134	0.01155	0.01334	0.01049	0.00717	0.00531	0.00186	0.00863	0.00445	0.00371	0.01049
49	0.07127	0.01293	0.01471	0.01242	0.01590	0.01300	0.00930	0.13429	0.02091	0.12769	0.08373	0.03690	0.02665	0.23799	0.04538	0.00463	0.00778	0.00951	0.05116	0.06385
50	0.11830	0.01849	0.02311	0.21163	0.03307	0.05080	0.04879	0.16693	0.02256	0.09425	0.01745	0.02052	0.01286	0.00910	0.00905	0.00258	0.05568	0.00704	0.02677	0.05102
51	0.01798	0.01015	0.01041	0.00950	0.01217	0.01053	0.00735	0.11372	0.02077	0.03428	0.02599	0.02926	0.02018	0.00972	0.00619	0.00202	0.00469	0.00770	0.63862	0.00873
52	0.01452	0.01166	0.01723	0.11706	0.02230	0.01283	0.03760	0.01834	0.02024	0.05148	0.37478	0.07983	0.05161	0.01509	0.01225	0.00284	0.11190	0.01265	0.00722	0.00856
53	0.06005	0.01461	0.01615	0.07331	0.02062	0.01619	0.01154	0.20707	0.08678	0.03669	0.02344	0.02601	0.01795	0.01251	0.04270	0.00291	0.00750	0.00769	0.30587	0.01041
54	0.03469	0.01357	0.01845	0.01434	0.02031	0.01177	0.01177	0.03797	0.02375	0.59823	0.09555	0.03170	0.02643	0.01096	0.00850	0.00257	0.00675	0.00903	0.01017	0.01350
55	0.01012	0.00723	0.00964	0.01157	0.01205	0.00675	0.00771	0.01157	0.01591	0.02121	0.04579	0.70262	0.05495	0.02603	0.01060	0.00337	0.00482	0.02362	0.00771	0.00675
56	0.01305	0.01075	0.01664	0.01549	0.01712	0.01283	0.04132	0.01607	0.01357	0.01973	0.02053	0.03028	0.01911	0.05349	0.55966	0.01159	0.10788	0.00874	0.00433	0.00782
57	0.01946	0.02212	0.04812	0.05929	0.04393	0.02091	0.60364	0.02641	0.01950	0.02641	0.01673	0.02240	0.01255	0.00705	0.00975	0.00280	0.01390	0.00971	0.00418	0.01113
58	0.02995	0.02169	0.02319	0.01796	0.02413	0.02394	0.01478	0.56675	0.03687	0.05019	0.02067	0.02106	0.01485	0.00994	0.00806	0.00244	0.00861	0.00751	0.08394	0.01348
59	0.02334	0.01419	0.01700	0.01490	0.01915	0.01443	0.01218	0.17301	0.07216	0.17550	0.08963	0.08226	0.06176	0.01493	0.00921	0.00287	0.00697	0.13842	0.04706	0.01104
60	0.01050	0.00770	0.01053	0.04757	0.01448	0.00743	0.00854	0.01229	0.01633	0.02183	0.07535	0.63335	0.05381	0.02462	0.01044	0.00330	0.00511	0.02231	0.00757	0.00694
61	0.01081	0.00829	0.00990	0.00985	0.01192	0.00738	0.00725	0.01372	0.02077	0.02761	0.35762	0.15706	0.28828	0.01974	0.00992	0.00279	0.00415	0.01714	0.00842	0.00738
62	0.01254	0.00970	0.01387	0.01350	0.01459	0.01153	0.01029	0.01490	0.01308	0.01883	0.02175	0.03476	0.02133	0.16403	0.50499	0.01149	0.08791	0.00926	0.00446	0.00719
63	0.01693	0.01581	0.02650	0.59392	0.07820	0.01903	0.05384	0.05404	0.01805	0.02339	0.01518	0.02198	0.01140	0.00829	0.00838	0.00274	0.01108	0.00751	0.00398	0.00974
64	0.01890	0.02242	0.07845	0.12670	0.04497	0.02056	0.50910	0.02583	0.01907	0.02583	0.01642	0.02211	0.01228	0.00723	0.00949	0.00279	0.01350	0.00927	0.00409	0.01098
65	0.01152	0.00871	0.01238	0.01314	0.01430	0.00830	0.04113	0.03800	0.01707	0.02279	0.04316	0.63787	0.05098	0.02434	0.01047	0.00331	0.00549	0.02221	0.00755	0.00729
66	0.57782	0.02019	0.10456	0.01728	0.09226	0.01885	0.01388	0.02480	0.01515	0.03460	0.01249	0.01486	0.00968	0.00770	0.00587	0.00257	0.00763	0.00506	0.00480	0.00993
67	0.03056	0.07563	0.02461	0.02102	0.02545	0.64035	0.01595	0.03273	0.02319	0.02029	0.01277	0.01489	0.01070	0.00848	0.00738	0.00212	0.01466	0.00530	0.00424	0.00969
68	0.02111	0.01627	0.01859	0.01747	0.06290	0.01735	0.01272	0.09897	0.32249	0.06780	0.05124	0.05292	0.02420	0.01083	0.00802	0.00249	0.00662	0.00905	0.08346	0.09550
69	0.02002	0.02216	0.04287	0.03384	0.10851	0.05104	0.46749	0.02622	0.01948	0.02642	0.01628	0.02132	0.01255	0.00704	0.00915	0.00257	0.01279	0.00883	0.00427	0.08716
70	0.03727	0.01414	0.01928	0.01478	0.02121	0.01221	0.01221	0.04049	0.02378	0.66198	0.03277	0.02828	0.02056	0.01028	0.00835	0.00257	0.00707	0.00835	0.01028	0.01414
71	0.01666	0.04297	0.66500	0.02368	0.03596	0.01929	0.03069	0.02631	0.01754	0.02631	0.01491	0.01754	0.01052	0.00789	0.00789	0.00263	0.01228	0.00614	0.00351	0.01228
72	0.01040	0.00860	0.00923	0.00954	0.01220	0.00743	0.00747	0.01278	0.01897	0.02284	0.07761	0.08219	0.55420	0.02135	0.01009	0.00297	0.00477	0.11255	0.00770	0.00712
73	0.01843	0.03066	0.29610	0.03047	0.04042	0.02032	0.38724	0.02649	0.01878	0.02649	0.01605	0.02046	0.01177	0.00736	0.00904	0.00273	0.01331	0.00833	0.00392	0.01163
74	0.03292	0.01357	0.01835	0.01494	0.02060	0.01213	0.01243	0.03702	0.04714	0.53881	0.03455	0.03852	0.02497	0.01228	0.00884	0.00277	0.00714	0.10009	0.00980	0.01309
