[name]
unknown

[dist]
# distance from previous block
# <min> <max>
0	65

[block]
# block no. 0 follows, 22 sequences, length 6
# corresponding to MSA columns:
# 65-70
name=unknown_A
#
# <colnr> <probs for GDERKNQSTAVLIFYWHMCP>
#	G	D	E	R	K	N	Q	S	T	A	V	L	I	F	Y	W	H	M	C	P
0	0.01857	0.01432	0.01618	0.01476	0.01848	0.01524	0.01183	0.17576	0.15821	0.03423	0.11039	0.10583	0.12614	0.01646	0.00953	0.00295	0.00664	0.12598	0.00817	0.01032
1	0.04991	0.01363	0.01721	0.06831	0.04592	0.01462	0.01210	0.08133	0.08102	0.12696	0.02492	0.06998	0.02184	0.14228	0.08531	0.00474	0.04794	0.00949	0.04115	0.04134
2	0.06569	0.01327	0.01493	0.01289	0.01659	0.01361	0.00989	0.11438	0.11189	0.12650	0.17211	0.04407	0.10514	0.12570	0.01414	0.00352	0.00640	0.01126	0.00802	0.01001
3	0.01583	0.01314	0.02094	0.13546	0.02595	0.01499	0.10169	0.01919	0.01576	0.02329	0.02079	0.05611	0.01891	0.05803	0.05313	0.05333	0.13504	0.03577	0.17442	0.00826
4	0.01945	0.01389	0.01908	0.02015	0.12019	0.01391	0.03718	0.06372	0.11563	0.11280	0.12463	0.07355	0.09775	0.04287	0.01160	0.03876	0.00707	0.04996	0.00739	0.01041
5	0.01620	0.00799	0.01052	0.01017	0.01115	0.00784	0.00700	0.01540	0.01361	0.06965	0.02041	0.03045	0.01852	0.10588	0.02526	0.42227	0.00649	0.00803	0.18756	0.00562

[dist]
# distance from previous block
# <min> <max>
13	31

[block]
# block no. 1 follows, 22 sequences, length 18
# corresponding to MSA columns:
# 102-119
name=unknown_B
#
# <colnr> <probs for GDERKNQSTAVLIFYWHMCP>
#	G	D	E	R	K	N	Q	S	T	A	V	L	I	F	Y	W	H	M	C	P
0	0.02411	0.01874	0.02600	0.13052	0.15108	0.02024	0.05850	0.16004	0.17952	0.10967	0.02311	0.02435	0.01695	0.00938	0.00843	0.00264	0.00902	0.00819	0.00678	0.01273
1	0.28197	0.12432	0.20336	0.02026	0.09522	0.06968	0.01818	0.02546	0.01709	0.02911	0.03773	0.01739	0.01293	0.00806	0.00664	0.00243	0.00935	0.00575	0.00443	0.01063
2	0.01979	0.02016	0.05078	0.34307	0.13458	0.09799	0.05991	0.02547	0.04031	0.05122	0.01625	0.02110	0.01242	0.00813	0.00812	0.00252	0.01091	0.00718	0.00439	0.06569
3	0.01502	0.01288	0.01872	0.18102	0.11086	0.01396	0.01439	0.01863	0.03777	0.02181	0.02352	0.15185	0.02433	0.17386	0.01779	0.00397	0.05948	0.01122	0.00507	0.08382
4	0.03107	0.03840	0.02364	0.02123	0.02569	0.62713	0.01603	0.07681	0.02468	0.02268	0.01336	0.01535	0.01095	0.00866	0.00755	0.00217	0.01455	0.00551	0.00458	0.00996
5	0.01144	0.00848	0.01066	0.01012	0.01221	0.00770	0.00759	0.01506	0.02276	0.03152	0.55821	0.06501	0.17313	0.01765	0.00980	0.00264	0.00397	0.01544	0.00891	0.00770
6	0.01024	0.00732	0.00975	0.01148	0.01208	0.00683	0.00772	0.01188	0.01648	0.02211	0.09117	0.65465	0.05670	0.02535	0.01054	0.00332	0.00475	0.02297	0.00782	0.00683
7	0.01168	0.00812	0.01023	0.01054	0.01105	0.00835	0.00684	0.01278	0.01355	0.01850	0.05695	0.16271	0.03454	0.41109	0.17929	0.00820	0.01053	0.01350	0.00555	0.00600
8	0.01006	0.00831	0.00882	0.00894	0.01143	0.00708	0.00661	0.01229	0.01914	0.02350	0.14169	0.13731	0.53400	0.02108	0.00989	0.00284	0.00424	0.01784	0.00787	0.00708
9	0.01154	0.00876	0.01081	0.01108	0.01331	0.00803	0.00883	0.01482	0.02076	0.02731	0.29325	0.07676	0.26558	0.01999	0.01026	0.00301	0.00503	0.17512	0.00825	0.00751
10	0.03628	0.01573	0.02026	0.01554	0.02200	0.01457	0.01283	0.14293	0.02644	0.55577	0.03054	0.02682	0.01944	0.01023	0.00835	0.00256	0.00743	0.00820	0.00994	0.01414
11	0.02221	0.71304	0.04353	0.01421	0.02132	0.03287	0.01421	0.02488	0.01688	0.01955	0.01155	0.01333	0.01066	0.00711	0.00533	0.00178	0.00888	0.00444	0.00355	0.01066
12	0.02221	0.71304	0.04353	0.01421	0.02132	0.03287	0.01421	0.02488	0.01688	0.01955	0.01155	0.01333	0.01066	0.00711	0.00533	0.00178	0.00888	0.00444	0.00355	0.01066
13	0.01012	0.00723	0.00964	0.01157	0.01205	0.00675	0.00771	0.01157	0.01591	0.02121	0.04579	0.70262	0.05495	0.02603	0.01060	0.00337	0.00482	0.02362	0.00771	0.00675
14	0.01569	0.01477	0.02492	0.68808	0.05722	0.01846	0.02307	0.02123	0.01661	0.02123	0.01477	0.02215	0.01107	0.00831	0.00831	0.00277	0.01107	0.00738	0.00369	0.00923
15	0.01941	0.01640	0.01831	0.01432	0.02076	0.01531	0.01137	0.07333	0.22385	0.03146	0.02141	0.02195	0.01673	0.00812	0.00707	0.00185	0.00651	0.00658	0.00633	0.45895
16	0.02808	0.01941	0.02146	0.01726	0.02301	0.02111	0.01398	0.34265	0.19469	0.13612	0.07181	0.02718	0.02275	0.01087	0.00846	0.00260	0.00778	0.00867	0.00870	0.01341
17	0.01045	0.00746	0.01002	0.01194	0.01257	0.00703	0.00828	0.01213	0.01623	0.02157	0.04561	0.64141	0.05423	0.02572	0.01069	0.00342	0.00510	0.08159	0.00771	0.00684

[dist]
# distance from previous block
# <min> <max>
0	6

[block]
# block no. 2 follows, 22 sequences, length 48
# corresponding to MSA columns:
# 126-173
name=unknown_C
#
# <colnr> <probs for GDERKNQSTAVLIFYWHMCP>
#	G	D	E	R	K	N	Q	S	T	A	V	L	I	F	Y	W	H	M	C	P
0	0.07060	0.01190	0.04713	0.01228	0.01505	0.01061	0.00980	0.05781	0.04442	0.03055	0.30085	0.24287	0.07854	0.01794	0.00943	0.00284	0.00529	0.01567	0.00797	0.00843
1	0.01388	0.00898	0.01168	0.01073	0.01312	0.00818	0.00814	0.01765	0.02331	0.08742	0.56966	0.06001	0.10206	0.01660	0.00967	0.00262	0.00421	0.01457	0.00917	0.00834
2	0.02061	0.01915	0.03170	0.04655	0.57358	0.01929	0.02405	0.05738	0.02002	0.02833	0.01802	0.02610	0.01585	0.00872	0.00848	0.00257	0.00966	0.05254	0.00461	0.01279
3	0.03075	0.02286	0.02446	0.01895	0.02545	0.02537	0.01559	0.58403	0.08490	0.05102	0.02100	0.02079	0.01498	0.01007	0.00832	0.00252	0.00895	0.00763	0.00832	0.01405
4	0.01723	0.01477	0.01723	0.01230	0.01969	0.01107	0.00984	0.02092	0.01723	0.02707	0.01477	0.01723	0.01230	0.00615	0.00615	0.00123	0.00615	0.00492	0.00492	0.75883
5	0.03103	0.03959	0.02354	0.02140	0.02568	0.67469	0.01605	0.03317	0.02354	0.02033	0.01284	0.01498	0.01070	0.00856	0.00749	0.00214	0.01498	0.00535	0.00428	0.00963
6	0.00986	0.00826	0.00857	0.00883	0.01133	0.00698	0.00649	0.01188	0.01854	0.02228	0.07917	0.16093	0.57509	0.02169	0.00992	0.00288	0.00429	0.01832	0.00771	0.00698
7	0.02221	0.71304	0.04353	0.01421	0.02132	0.03287	0.01421	0.02488	0.01688	0.01955	0.01155	0.01333	0.01066	0.00711	0.00533	0.00178	0.00888	0.00444	0.00355	0.01066
8	0.02038	0.02356	0.04731	0.03410	0.04223	0.06493	0.58506	0.02705	0.01987	0.02619	0.01654	0.02191	0.01248	0.00711	0.00965	0.00276	0.01407	0.00950	0.00421	0.01110
9	0.01012	0.00723	0.00964	0.01157	0.01205	0.00675	0.00771	0.01157	0.01591	0.02121	0.04579	0.70262	0.05495	0.02603	0.01060	0.00337	0.00482	0.02362	0.00771	0.00675
10	0.03727	0.01414	0.01928	0.01478	0.02121	0.01221	0.01221	0.04049	0.02378	0.66198	0.03277	0.02828	0.02056	0.01028	0.00835	0.00257	0.00707	0.00835	0.01028	0.01414
11	0.03158	0.02327	0.02493	0.01911	0.02576	0.02576	0.01579	0.62852	0.03906	0.05236	0.01995	0.01995	0.01413	0.00997	0.00831	0.00249	0.00914	0.00748	0.00831	0.01413
12	0.01874	0.01977	0.07851	0.13523	0.46869	0.01844	0.02401	0.02392	0.01855	0.02625	0.04414	0.05219	0.01730	0.00879	0.00838	0.00257	0.00975	0.00834	0.00438	0.01203
13	0.06848	0.02291	0.02429	0.01870	0.02528	0.02540	0.01545	0.59820	0.03781	0.05160	0.01952	0.01962	0.01387	0.00986	0.00815	0.00250	0.00901	0.00733	0.00815	0.01387
14	0.02164	0.02214	0.02871	0.02293	0.02789	0.15843	0.20995	0.02891	0.11843	0.06079	0.09660	0.06088	0.02450	0.01096	0.01052	0.00273	0.06770	0.00981	0.00594	0.01053
15	0.01176	0.00849	0.01110	0.01045	0.01241	0.00784	0.00784	0.01568	0.02352	0.03331	0.65184	0.06206	0.07839	0.01698	0.00980	0.00261	0.00392	0.01502	0.00914	0.00784
16	0.01208	0.00805	0.00906	0.00906	0.00906	0.00805	0.00503	0.01208	0.01208	0.01611	0.02618	0.05436	0.03020	0.70804	0.04228	0.00805	0.00805	0.01208	0.00503	0.00503
17	0.01217	0.00971	0.01415	0.06474	0.01749	0.01054	0.03402	0.01416	0.01487	0.02025	0.03290	0.36963	0.03747	0.13426	0.11012	0.00546	0.06832	0.01656	0.00604	0.00714
18	0.02968	0.08503	0.05887	0.02104	0.02593	0.59684	0.01670	0.03225	0.02278	0.02060	0.01286	0.01501	0.01069	0.00843	0.00737	0.00214	0.01443	0.00533	0.00419	0.00984
19	0.03556	0.01376	0.01873	0.01449	0.02062	0.01192	0.01192	0.03882	0.02376	0.61973	0.07437	0.03055	0.02445	0.01073	0.00845	0.00257	0.00686	0.00880	0.01021	0.01371
20	0.01238	0.00904	0.01244	0.01225	0.01309	0.01026	0.00886	0.01401	0.01278	0.01805	0.02265	0.03890	0.02317	0.27642	0.40050	0.04192	0.05236	0.00982	0.00457	0.00654
21	0.03564	0.01430	0.01913	0.01477	0.02097	0.01266	0.01216	0.06855	0.02453	0.59821	0.06493	0.02965	0.02331	0.01062	0.00843	0.00257	0.00701	0.00866	0.01012	0.01380
22	0.01961	0.02241	0.04902	0.03501	0.04342	0.02101	0.62605	0.02661	0.01961	0.02661	0.01681	0.02241	0.01261	0.00700	0.00980	0.00280	0.01401	0.00980	0.00420	0.01120
23	0.01961	0.02241	0.04902	0.03501	0.04342	0.02101	0.62605	0.02661	0.01961	0.02661	0.01681	0.02241	0.01261	0.00700	0.00980	0.00280	0.01401	0.00980	0.00420	0.01120
24	0.03701	0.01456	0.01954	0.01498	0.02142	0.01283	0.01237	0.06745	0.02448	0.63403	0.03219	0.02789	0.02027	0.01027	0.00835	0.00257	0.00716	0.00831	0.01019	0.01414
25	0.01165	0.00841	0.01100	0.01053	0.01239	0.00776	0.00783	0.01540	0.02299	0.03248	0.61028	0.10598	0.07678	0.01760	0.00985	0.00267	0.00398	0.01561	0.00905	0.00776
26	0.01549	0.00774	0.00774	0.00774	0.00968	0.00774	0.00581	0.01936	0.01742	0.03097	0.02710	0.03097	0.02129	0.00968	0.00581	0.00194	0.00387	0.00774	0.75416	0.00774
27	0.36355	0.01500	0.01612	0.01306	0.01891	0.01508	0.01077	0.03330	0.01947	0.38255	0.02329	0.02166	0.01539	0.00913	0.00692	0.00257	0.00678	0.00663	0.00798	0.01184
28	0.01723	0.01477	0.01723	0.01230	0.01969	0.01107	0.00984	0.02092	0.01723	0.02707	0.01477	0.01723	0.01230	0.00615	0.00615	0.00123	0.00615	0.00492	0.00492	0.75883
29	0.03158	0.02327	0.02493	0.01911	0.02576	0.02576	0.01579	0.62852	0.03906	0.05236	0.01995	0.01995	0.01413	0.00997	0.00831	0.00249	0.00914	0.00748	0.00831	0.01413
30	0.01569	0.01477	0.02492	0.68808	0.05722	0.01846	0.02307	0.02123	0.01661	0.02123	0.01477	0.02215	0.01107	0.00831	0.00831	0.00277	0.01107	0.00738	0.00369	0.00923
31	0.01813	0.01542	0.01648	0.01499	0.01909	0.01725	0.01159	0.03634	0.48122	0.03306	0.12457	0.04118	0.10863	0.01324	0.00880	0.00279	0.00592	0.01115	0.00846	0.01168
32	0.03158	0.02327	0.02493	0.01911	0.02576	0.02576	0.01579	0.62852	0.03906	0.05236	0.01995	0.01995	0.01413	0.00997	0.00831	0.00249	0.00914	0.00748	0.00831	0.01413
33	0.01220	0.00865	0.01080	0.01173	0.01287	0.00845	0.00880	0.01412	0.01604	0.02081	0.04162	0.12407	0.11058	0.29615	0.02350	0.00536	0.00720	0.25397	0.00662	0.00646
34	0.01012	0.00723	0.00964	0.01157	0.01205	0.00675	0.00771	0.01157	0.01591	0.02121	0.04579	0.70262	0.05495	0.02603	0.01060	0.00337	0.00482	0.02362	0.00771	0.00675
35	0.02066	0.01785	0.01878	0.01691	0.02160	0.02066	0.01315	0.04414	0.64121	0.03475	0.03381	0.03099	0.02536	0.01127	0.00845	0.00282	0.00657	0.00939	0.00845	0.01315
36	0.03158	0.02327	0.02493	0.01911	0.02576	0.02576	0.01579	0.62852	0.03906	0.05236	0.01995	0.01995	0.01413	0.00997	0.00831	0.00249	0.00914	0.00748	0.00831	0.01413
37	0.01569	0.01477	0.02492	0.68808	0.05722	0.01846	0.02307	0.02123	0.01661	0.02123	0.01477	0.02215	0.01107	0.00831	0.00831	0.00277	0.01107	0.00738	0.00369	0.00923
38	0.01569	0.01477	0.02492	0.68808	0.05722	0.01846	0.02307	0.02123	0.01661	0.02123	0.01477	0.02215	0.01107	0.00831	0.00831	0.00277	0.01107	0.00738	0.00369	0.00923
39	0.01723	0.01477	0.01723	0.01230	0.01969	0.01107	0.00984	0.02092	0.01723	0.02707	0.01477	0.01723	0.01230	0.00615	0.00615	0.00123	0.00615	0.00492	0.00492	0.75883
40	0.02221	0.71304	0.04353	0.01421	0.02132	0.03287	0.01421	0.02488	0.01688	0.01955	0.01155	0.01333	0.01066	0.00711	0.00533	0.00178	0.00888	0.00444	0.00355	0.01066
41	0.02193	0.01756	0.01882	0.01674	0.02157	0.02002	0.01308	0.04387	0.59421	0.08250	0.03373	0.03079	0.02499	0.01120	0.00845	0.00280	0.00661	0.00931	0.00859	0.01322
42	0.02066	0.01785	0.01878	0.01691	0.02160	0.02066	0.01315	0.04414	0.64121	0.03475	0.03381	0.03099	0.02536	0.01127	0.00845	0.00282	0.00657	0.00939	0.00845	0.01315
43	0.01683	0.01593	0.02698	0.53864	0.19772	0.01876	0.02364	0.02223	0.01715	0.02261	0.01497	0.02178	0.01156	0.00809	0.00829	0.00270	0.01079	0.00739	0.00379	0.01015
44	0.01020	0.00729	0.00971	0.01152	0.01207	0.00680	0.00772	0.01176	0.01625	0.02176	0.07351	0.67332	0.05602	0.02561	0.01057	0.00334	0.00478	0.02322	0.00778	0.00680
45	0.01188	0.00884	0.01306	0.01306	0.01444	0.01022	0.01002	0.01465	0.01326	0.01907	0.02252	0.03413	0.02142	0.10659	0.63173	0.01299	0.02128	0.00912	0.00449	0.00725
46	0.02221	0.71304	0.04353	0.01421	0.02132	0.03287	0.01421	0.02488	0.01688	0.01955	0.01155	0.01333	0.01066	0.00711	0.00533	0.00178	0.00888	0.00444	0.00355	0.01066
47	0.01338	0.01022	0.01005	0.00991	0.01020	0.05377	0.00579	0.01353	0.01287	0.01640	0.02526	0.05166	0.02887	0.66008	0.03990	0.00765	0.00853	0.01162	0.00498	0.00535

[dist]
# distance from previous block
# <min> <max>
0	1

[block]
# block no. 3 follows, 22 sequences, length 43
# corresponding to MSA columns:
# 175-199,202-219
name=unknown_D
#
# <colnr> <probs for GDERKNQSTAVLIFYWHMCP>
#	G	D	E	R	K	N	Q	S	T	A	V	L	I	F	Y	W	H	M	C	P
0	0.02580	0.02979	0.02817	0.03465	0.30740	0.35388	0.02037	0.02917	0.02101	0.02336	0.01400	0.01761	0.01181	0.00830	0.00867	0.00235	0.04195	0.00635	0.00418	0.01118
1	0.03002	0.02223	0.02382	0.01851	0.02473	0.02463	0.01513	0.56544	0.07272	0.04962	0.02104	0.02222	0.01554	0.04309	0.00993	0.00278	0.00894	0.00781	0.00816	0.01364
2	0.01187	0.00890	0.01335	0.01335	0.01483	0.01038	0.01038	0.01483	0.01335	0.01928	0.02225	0.03264	0.02077	0.06231	0.67512	0.01335	0.02225	0.00890	0.00445	0.00742
3	0.01443	0.00722	0.01082	0.01082	0.01082	0.00722	0.00722	0.01082	0.01082	0.01443	0.01443	0.02525	0.01443	0.02886	0.03247	0.75830	0.00722	0.00722	0.00361	0.00361
4	0.01569	0.01477	0.02492	0.68808	0.05722	0.01846	0.02307	0.02123	0.01661	0.02123	0.01477	0.02215	0.01107	0.00831	0.00831	0.00277	0.01107	0.00738	0.00369	0.00923
5	0.01274	0.00980	0.01348	0.01209	0.01455	0.00934	0.03856	0.01811	0.06446	0.03308	0.57948	0.05804	0.07162	0.01611	0.00971	0.00264	0.00459	0.01439	0.00886	0.00836
6	0.02047	0.01926	0.02673	0.02213	0.02372	0.02524	0.05305	0.12065	0.01746	0.02571	0.01274	0.01871	0.01153	0.01335	0.02313	0.00340	0.54080	0.00745	0.00444	0.01004
7	0.03392	0.01951	0.02260	0.01733	0.02389	0.02018	0.01432	0.38633	0.03277	0.30343	0.02523	0.02338	0.01678	0.01010	0.00833	0.00253	0.00829	0.00784	0.00912	0.01413
8	0.76672	0.01607	0.01221	0.01092	0.01607	0.01864	0.00900	0.02442	0.01414	0.03727	0.01157	0.01350	0.00900	0.00771	0.00514	0.00257	0.00643	0.00450	0.00514	0.00900
9	0.03103	0.03959	0.02354	0.02140	0.02568	0.67469	0.01605	0.03317	0.02354	0.02033	0.01284	0.01498	0.01070	0.00856	0.00749	0.00214	0.01498	0.00535	0.00428	0.00963
10	0.01188	0.00884	0.01307	0.01307	0.01445	0.01023	0.01003	0.01465	0.01327	0.01907	0.02251	0.03408	0.02140	0.10531	0.63297	0.01300	0.02131	0.00911	0.00449	0.00726
11	0.02139	0.01821	0.01919	0.01705	0.02188	0.02100	0.01333	0.08307	0.60111	0.03592	0.03289	0.03026	0.02461	0.01118	0.00844	0.00280	0.00675	0.00926	0.00844	0.01321
12	0.02066	0.01785	0.01878	0.01691	0.02160	0.02066	0.01315	0.04414	0.64121	0.03475	0.03381	0.03099	0.02536	0.01127	0.00845	0.00282	0.00657	0.00939	0.00845	0.01315
13	0.01062	0.00759	0.01022	0.01214	0.01284	0.00718	0.00859	0.01244	0.01640	0.02177	0.04551	0.60887	0.05385	0.02555	0.01074	0.00344	0.00526	0.11241	0.00770	0.00689
14	0.01723	0.01477	0.01723	0.01230	0.01969	0.01107	0.00984	0.02092	0.01723	0.02707	0.01477	0.01723	0.01230	0.00615	0.00615	0.00123	0.00615	0.00492	0.00492	0.75883
15	0.01944	0.02360	0.08476	0.03436	0.04298	0.02091	0.59151	0.02659	0.01949	0.02659	0.01670	0.02213	0.01248	0.00705	0.00969	0.00279	0.01391	0.00959	0.00416	0.01127
16	0.01242	0.00972	0.01441	0.01409	0.01545	0.01171	0.01107	0.01529	0.01330	0.01935	0.02125	0.03137	0.01990	0.05811	0.61820	0.01250	0.08117	0.00876	0.00438	0.00756
17	0.01208	0.00805	0.00906	0.00906	0.00906	0.00805	0.00503	0.01208	0.01208	0.01611	0.02618	0.05436	0.03020	0.70804	0.04228	0.00805	0.00805	0.01208	0.00503	0.00503
18	0.02056	0.01974	0.03372	0.05099	0.65622	0.01974	0.02550	0.02550	0.01892	0.02714	0.01563	0.02056	0.01316	0.00740	0.00822	0.00247	0.00987	0.00740	0.00411	0.01316
19	0.02996	0.04955	0.05083	0.01877	0.02549	0.02484	0.01598	0.51124	0.08535	0.07222	0.02104	0.02081	0.01501	0.00990	0.00819	0.00250	0.00897	0.00750	0.00802	0.01384
20	0.02348	0.02654	0.02995	0.11197	0.23242	0.25873	0.08785	0.02743	0.01987	0.02328	0.01423	0.01872	0.01176	0.00850	0.00978	0.00252	0.07113	0.00691	0.00409	0.01084
21	0.76672	0.01607	0.01221	0.01092	0.01607	0.01864	0.00900	0.02442	0.01414	0.03727	0.01157	0.01350	0.00900	0.00771	0.00514	0.00257	0.00643	0.00450	0.00514	0.00900
22	0.01187	0.00890	0.01335	0.01335	0.01483	0.01038	0.01038	0.01483	0.01335	0.01928	0.02225	0.03264	0.02077	0.06231	0.67512	0.01335	0.02225	0.00890	0.00445	0.00742
23	0.01592	0.01283	0.01450	0.01366	0.01604	0.01435	0.00995	0.02708	0.29448	0.02662	0.07931	0.11010	0.03313	0.21182	0.05180	0.00488	0.03515	0.01197	0.00708	0.00934
24	0.02116	0.01809	0.01906	0.01701	0.02179	0.02089	0.01327	0.07066	0.61389	0.03555	0.03318	0.03049	0.02485	0.01121	0.00845	0.00280	0.00669	0.00931	0.00845	0.01319
25	0.01424	0.00949	0.01279	0.01410	0.01597	0.00934	0.01140	0.01819	0.04878	0.06656	0.04334	0.28975	0.04728	0.02256	0.01083	0.00354	0.00661	0.33929	0.00788	0.00805
26	0.03158	0.02327	0.02493	0.01911	0.02576	0.02576	0.01579	0.62852	0.03906	0.05236	0.01995	0.01995	0.01413	0.00997	0.00831	0.00249	0.00914	0.00748	0.00831	0.01413
27	0.01176	0.00849	0.01110	0.01045	0.01241	0.00784	0.00784	0.01568	0.02352	0.03331	0.65184	0.06206	0.07839	0.01698	0.00980	0.00261	0.00392	0.01502	0.00914	0.00784
28	0.76672	0.01607	0.01221	0.01092	0.01607	0.01864	0.00900	0.02442	0.01414	0.03727	0.01157	0.01350	0.00900	0.00771	0.00514	0.00257	0.00643	0.00450	0.00514	0.00900
29	0.02056	0.01974	0.03372	0.05099	0.65622	0.01974	0.02550	0.02550	0.01892	0.02714	0.01563	0.02056	0.01316	0.00740	0.00822	0.00247	0.00987	0.00740	0.00411	0.01316
30	0.01157	0.00848	0.01085	0.01026	0.01230	0.00776	0.00769	0.01532	0.02307	0.03227	0.59721	0.06378	0.13367	0.01737	0.00980	0.00263	0.00395	0.01527	0.00901	0.00776
31	0.01208	0.00805	0.00906	0.00906	0.00906	0.00805	0.00503	0.01208	0.01208	0.01611	0.02618	0.05436	0.03020	0.70804	0.04228	0.00805	0.00805	0.01208	0.00503	0.00503
32	0.01818	0.01818	0.02545	0.02181	0.02181	0.02545	0.01818	0.01999	0.01272	0.01999	0.01091	0.01818	0.01091	0.01454	0.02726	0.00364	0.69284	0.00727	0.00364	0.00909
33	0.01723	0.01477	0.01723	0.01230	0.01969	0.01107	0.00984	0.02092	0.01723	0.02707	0.01477	0.01723	0.01230	0.00615	0.00615	0.00123	0.00615	0.00492	0.00492	0.75883
34	0.69008	0.01586	0.01295	0.01133	0.01661	0.01796	0.00933	0.02611	0.01515	0.10291	0.01380	0.01505	0.01021	0.00798	0.00548	0.00257	0.00649	0.00490	0.00568	0.00954
35	0.00985	0.00829	0.00854	0.00875	0.01131	0.00699	0.00646	0.01189	0.01862	0.02231	0.08013	0.14537	0.59003	0.02156	0.00990	0.00286	0.00427	0.01817	0.00771	0.00699
36	0.09123	0.01418	0.01921	0.01774	0.08642	0.01298	0.01281	0.03454	0.02246	0.46704	0.10589	0.03045	0.02601	0.01060	0.00826	0.00256	0.00692	0.00877	0.00908	0.01284
37	0.03097	0.02390	0.07600	0.01903	0.02611	0.02382	0.01662	0.51813	0.03572	0.11431	0.02089	0.02063	0.01451	0.00984	0.00828	0.00251	0.00918	0.00746	0.00813	0.01398
38	0.02888	0.03488	0.02219	0.02018	0.02426	0.55213	0.01515	0.07895	0.02399	0.02301	0.01688	0.08763	0.01563	0.01051	0.00788	0.00230	0.01344	0.00744	0.00497	0.00969
39	0.01624	0.01546	0.02040	0.01825	0.01881	0.04304	0.01469	0.01829	0.01438	0.02098	0.06839	0.09668	0.02294	0.04637	0.10837	0.00489	0.42882	0.00993	0.00469	0.00840
40	0.02499	0.02082	0.02085	0.01749	0.02265	0.07417	0.01390	0.27724	0.28228	0.04058	0.09143	0.02849	0.02519	0.01113	0.00846	0.00261	0.00802	0.00888	0.00813	0.01270
41	0.01996	0.58191	0.03724	0.01372	0.01960	0.02802	0.01301	0.02240	0.01670	0.01985	0.01791	0.14139	0.01889	0.01062	0.00631	0.00207	0.00813	0.00800	0.00433	0.00993
42	0.02094	0.58360	0.04127	0.01593	0.02283	0.02954	0.07786	0.02401	0.01733	0.02052	0.01796	0.01966	0.06270	0.00822	0.00616	0.00197	0.00904	0.00606	0.00396	0.01042

[dist]
# distance from previous block
# <min> <max>
0	5

[block]
# block no. 4 follows, 22 sequences, length 6
# corresponding to MSA columns:
# 225-230
name=unknown_E
#
# <colnr> <probs for GDERKNQSTAVLIFYWHMCP>
#	G	D	E	R	K	N	Q	S	T	A	V	L	I	F	Y	W	H	M	C	P
0	0.02560	0.01919	0.02039	0.01617	0.02177	0.02061	0.01319	0.45908	0.03353	0.04414	0.03759	0.03643	0.18965	0.01301	0.00872	0.00258	0.00779	0.01024	0.00815	0.01217
1	0.16146	0.00894	0.01109	0.01084	0.01185	0.00945	0.00756	0.01348	0.01147	0.01889	0.01387	0.02295	0.01337	0.02473	0.02713	0.61060	0.00706	0.00668	0.00391	0.00466
2	0.02622	0.01909	0.02057	0.01635	0.02117	0.02090	0.01283	0.45912	0.03165	0.04239	0.02166	0.02940	0.01855	0.20180	0.01765	0.00402	0.00884	0.00874	0.00741	0.01163
3	0.01502	0.01202	0.01714	0.02184	0.18983	0.01151	0.01276	0.01919	0.04878	0.05634	0.16571	0.17703	0.18687	0.01649	0.00940	0.00277	0.00607	0.01462	0.00716	0.00944
4	0.01497	0.01269	0.01664	0.14417	0.02492	0.01133	0.01184	0.01841	0.01674	0.02432	0.02329	0.20654	0.02378	0.01203	0.00780	0.00212	0.00675	0.01054	0.00545	0.40566
5	0.37442	0.01547	0.01545	0.01257	0.01847	0.01563	0.01023	0.02874	0.06546	0.17456	0.01876	0.01901	0.01361	0.00821	0.00635	0.00228	0.00652	0.00584	0.00650	0.18193

[dist]
# distance from previous block
# <min> <max>
0	10

[block]
# block no. 5 follows, 22 sequences, length 49
# corresponding to MSA columns:
# 241-289
name=unknown_F
#
# <colnr> <probs for GDERKNQSTAVLIFYWHMCP>
#	G	D	E	R	K	N	Q	S	T	A	V	L	I	F	Y	W	H	M	C	P
0	0.01376	0.00975	0.01443	0.01328	0.01492	0.01032	0.04916	0.01592	0.01383	0.05164	0.02388	0.03974	0.02369	0.29375	0.36389	0.01015	0.01570	0.01010	0.00495	0.00714
1	0.01641	0.03956	0.58902	0.02277	0.03375	0.01907	0.02861	0.02515	0.01729	0.02569	0.01820	0.02079	0.04357	0.00901	0.00927	0.00271	0.05680	0.00680	0.00373	0.01180
2	0.02462	0.02651	0.02921	0.07121	0.36852	0.24400	0.02150	0.06772	0.02171	0.02618	0.01492	0.01869	0.01228	0.00801	0.00798	0.00237	0.01163	0.00670	0.00443	0.01182
3	0.01885	0.01842	0.05906	0.24039	0.21864	0.01829	0.11824	0.05462	0.01925	0.04772	0.01948	0.06949	0.01678	0.00975	0.00879	0.00274	0.01046	0.03323	0.00478	0.01100
4	0.02125	0.02105	0.03305	0.04904	0.61459	0.06298	0.02487	0.02600	0.01922	0.02669	0.01544	0.02019	0.01300	0.00748	0.00818	0.00245	0.01021	0.00727	0.00412	0.01293
5	0.01234	0.00888	0.01193	0.01220	0.01414	0.00846	0.00984	0.01623	0.02193	0.03027	0.43283	0.07346	0.06737	0.01913	0.01040	0.00305	0.00526	0.22590	0.00861	0.00777
6	0.01549	0.00774	0.00774	0.00774	0.00968	0.00774	0.00581	0.01936	0.01742	0.03097	0.02710	0.03097	0.02129	0.00968	0.00581	0.00194	0.00387	0.00774	0.75416	0.00774
7	0.01986	0.01880	0.03114	0.07733	0.55319	0.01915	0.02369	0.02598	0.06280	0.02713	0.01825	0.05242	0.01583	0.00857	0.00835	0.00255	0.00946	0.00828	0.00456	0.01268
8	0.58638	0.12164	0.01793	0.01241	0.01776	0.08313	0.01044	0.02532	0.01544	0.03303	0.01169	0.01361	0.00941	0.00770	0.00539	0.00241	0.00760	0.00457	0.00482	0.00930
9	0.02008	0.08852	0.24367	0.06767	0.28249	0.02126	0.05158	0.07781	0.01994	0.02806	0.01541	0.01903	0.01202	0.00779	0.00794	0.00249	0.01076	0.00683	0.00421	0.01245
10	0.02196	0.68283	0.07155	0.01464	0.02198	0.03226	0.01496	0.02494	0.01691	0.01985	0.01170	0.01352	0.01065	0.00714	0.00545	0.00182	0.00904	0.00452	0.00355	0.01073
11	0.76672	0.01607	0.01221	0.01092	0.01607	0.01864	0.00900	0.02442	0.01414	0.03727	0.01157	0.01350	0.00900	0.00771	0.00514	0.00257	0.00643	0.00450	0.00514	0.00900
12	0.02013	0.04432	0.03079	0.09845	0.37753	0.02042	0.06721	0.02970	0.17012	0.02813	0.01991	0.02312	0.01580	0.00839	0.00830	0.00258	0.00945	0.00796	0.00512	0.01256
13	0.01012	0.00723	0.00964	0.01157	0.01205	0.00675	0.00771	0.01157	0.01591	0.02121	0.04579	0.70262	0.05495	0.02603	0.01060	0.00337	0.00482	0.02362	0.00771	0.00675
14	0.01818	0.01818	0.02545	0.02181	0.02181	0.02545	0.01818	0.01999	0.01272	0.01999	0.01091	0.01818	0.01091	0.01454	0.02726	0.00364	0.69284	0.00727	0.00364	0.00909
15	0.03290	0.01741	0.05283	0.01590	0.02238	0.01552	0.01365	0.18091	0.02699	0.43479	0.05304	0.02884	0.04404	0.01073	0.00843	0.00257	0.00762	0.00861	0.00932	0.01355
16	0.03103	0.03959	0.02354	0.02140	0.02568	0.67469	0.01605	0.03317	0.02354	0.02033	0.01284	0.01498	0.01070	0.00856	0.00749	0.00214	0.01498	0.00535	0.00428	0.00963
17	0.01012	0.00723	0.00964	0.01157	0.01205	0.00675	0.00771	0.01157	0.01591	0.02121	0.04579	0.70262	0.05495	0.02603	0.01060	0.00337	0.00482	0.02362	0.00771	0.00675
18	0.01012	0.00723	0.00964	0.01157	0.01205	0.00675	0.00771	0.01157	0.01591	0.02121	0.04579	0.70262	0.05495	0.02603	0.01060	0.00337	0.00482	0.02362	0.00771	0.00675
19	0.01549	0.00774	0.00774	0.00774	0.00968	0.00774	0.00581	0.01936	0.01742	0.03097	0.02710	0.03097	0.02129	0.00968	0.00581	0.00194	0.00387	0.00774	0.75416	0.00774
20	0.03210	0.01554	0.01961	0.01484	0.02150	0.01383	0.01219	0.11736	0.02445	0.43886	0.02706	0.02471	0.01787	0.00934	0.00787	0.00227	0.00715	0.00748	0.00884	0.17715
21	0.01176	0.00849	0.01110	0.01045	0.01241	0.00784	0.00784	0.01568	0.02352	0.03331	0.65184	0.06206	0.07839	0.01698	0.00980	0.00261	0.00392	0.01502	0.00914	0.00784
22	0.02945	0.10218	0.02616	0.02282	0.06998	0.56726	0.01655	0.03184	0.02258	0.02074	0.01292	0.01522	0.01087	0.00834	0.00734	0.00213	0.01404	0.00541	0.00420	0.00998
23	0.01176	0.00849	0.01110	0.01045	0.01241	0.00784	0.00784	0.01568	0.02352	0.03331	0.65184	0.06206	0.07839	0.01698	0.00980	0.00261	0.00392	0.01502	0.00914	0.00784
24	0.02778	0.02077	0.02234	0.01807	0.02397	0.02316	0.01462	0.37955	0.26393	0.07685	0.02580	0.02451	0.01866	0.01047	0.00837	0.00262	0.00807	0.00824	0.00846	0.01376
25	0.01702	0.07610	0.60021	0.02310	0.03448	0.02031	0.02920	0.02591	0.01726	0.02564	0.01453	0.01736	0.01055	0.00819	0.00876	0.00264	0.04709	0.00611	0.00352	0.01203
26	0.01686	0.01614	0.03012	0.02444	0.02955	0.01575	0.29298	0.02384	0.07326	0.02652	0.03070	0.05573	0.02980	0.01466	0.01045	0.00327	0.01046	0.27960	0.00615	0.00975
27	0.01723	0.01477	0.01723	0.01230	0.01969	0.01107	0.00984	0.02092	0.01723	0.02707	0.01477	0.01723	0.01230	0.00615	0.00615	0.00123	0.00615	0.00492	0.00492	0.75883
28	0.35589	0.01380	0.05729	0.01213	0.01558	0.01306	0.00993	0.01848	0.01521	0.02890	0.02798	0.33954	0.03083	0.01638	0.00792	0.00295	0.00608	0.01365	0.00624	0.00817
29	0.65953	0.01612	0.01445	0.07724	0.05067	0.01867	0.01113	0.02417	0.01460	0.03526	0.01207	0.01466	0.00939	0.00775	0.00559	0.00258	0.00703	0.00491	0.00495	0.00922
30	0.02066	0.01785	0.01878	0.01691	0.02160	0.02066	0.01315	0.04414	0.64121	0.03475	0.03381	0.03099	0.02536	0.01127	0.00845	0.00282	0.00657	0.00939	0.00845	0.01315
31	0.01012	0.00723	0.00964	0.01157	0.01205	0.00675	0.00771	0.01157	0.01591	0.02121	0.04579	0.70262	0.05495	0.02603	0.01060	0.00337	0.00482	0.02362	0.00771	0.00675
32	0.01723	0.01477	0.01723	0.01230	0.01969	0.01107	0.00984	0.02092	0.01723	0.02707	0.01477	0.01723	0.01230	0.00615	0.00615	0.00123	0.00615	0.00492	0.00492	0.75883
33	0.02221	0.71304	0.04353	0.01421	0.02132	0.03287	0.01421	0.02488	0.01688	0.01955	0.01155	0.01333	0.01066	0.00711	0.00533	0.00178	0.00888	0.00444	0.00355	0.01066
34	0.01110	0.00816	0.01061	0.01222	0.01353	0.00768	0.00926	0.01340	0.01742	0.02256	0.05159	0.40812	0.15187	0.02423	0.01075	0.00342	0.00561	0.20372	0.00769	0.00707
35	0.01687	0.04151	0.62132	0.02448	0.03648	0.01941	0.07291	0.02633	0.01769	0.02633	0.01504	0.01788	0.01067	0.00783	0.00803	0.00264	0.01240	0.00640	0.00356	0.01220
36	0.03091	0.02900	0.02416	0.01985	0.02555	0.26252	0.01577	0.38578	0.05950	0.03990	0.01795	0.01861	0.01336	0.00951	0.00802	0.00238	0.01116	0.00678	0.00684	0.01244
37	0.05766	0.01716	0.01856	0.01629	0.02128	0.01920	0.01281	0.04265	0.51267	0.13615	0.03262	0.02975	0.02383	0.01095	0.00828	0.00277	0.00665	0.00900	0.00860	0.01312
38	0.02543	0.28593	0.22174	0.01723	0.02567	0.02211	0.01850	0.03036	0.01931	0.22977	0.01943	0.01943	0.01383	0.00837	0.00708	0.00229	0.00931	0.00622	0.00572	0.01227
39	0.01832	0.03974	0.58702	0.02444	0.06654	0.01881	0.02912	0.02727	0.01805	0.07143	0.01621	0.01845	0.01137	0.00804	0.00794	0.00262	0.01179	0.00636	0.00402	0.01245
40	0.03727	0.01414	0.01928	0.01478	0.02121	0.01221	0.01221	0.04049	0.02378	0.66198	0.03277	0.02828	0.02056	0.01028	0.00835	0.00257	0.00707	0.00835	0.01028	0.01414
41	0.01100	0.00892	0.01133	0.01070	0.01317	0.00790	0.03420	0.01391	0.02030	0.02648	0.28570	0.14336	0.34371	0.01951	0.00990	0.00280	0.00460	0.01698	0.00809	0.00747
42	0.04866	0.01589	0.02681	0.53859	0.13678	0.01877	0.05355	0.02222	0.01697	0.02300	0.01485	0.02157	0.01135	0.00809	0.00824	0.00272	0.01086	0.00739	0.00384	0.00986
43	0.01012	0.00723	0.00964	0.01157	0.01205	0.00675	0.00771	0.01157	0.01591	0.02121	0.04579	0.70262	0.05495	0.02603	0.01060	0.00337	0.00482	0.02362	0.00771	0.00675
44	0.01012	0.00723	0.00964	0.01157	0.01205	0.00675	0.00771	0.01157	0.01591	0.02121	0.04579	0.70262	0.05495	0.02603	0.01060	0.00337	0.00482	0.02362	0.00771	0.00675
45	0.01994	0.02048	0.06152	0.10129	0.55039	0.01967	0.05432	0.02523	0.01870	0.02659	0.01558	0.02065	0.01285	0.00748	0.00829	0.00252	0.01027	0.00746	0.00406	0.01270
46	0.06068	0.02186	0.02376	0.01875	0.02481	0.05126	0.04137	0.43646	0.08859	0.07733	0.02236	0.05574	0.01711	0.01063	0.00834	0.00257	0.00893	0.00840	0.00790	0.01312
47	0.01485	0.01258	0.01935	0.26265	0.03280	0.01403	0.04433	0.02106	0.07242	0.02511	0.08906	0.08211	0.03398	0.01539	0.00978	0.00317	0.00863	0.22361	0.00625	0.00885
48	0.02456	0.01649	0.02382	0.16024	0.21302	0.04885	0.01792	0.02877	0.02088	0.23679	0.10048	0.02834	0.02322	0.00979	0.00844	0.00256	0.00870	0.00856	0.00671	0.01185

[dist]
# distance from previous block
# <min> <max>
0	2

[block]
# block no. 6 follows, 22 sequences, length 20
# corresponding to MSA columns:
# 292-302,306-314
name=unknown_G
#
# <colnr> <probs for GDERKNQSTAVLIFYWHMCP>
#	G	D	E	R	K	N	Q	S	T	A	V	L	I	F	Y	W	H	M	C	P
0	0.19577	0.19207	0.13491	0.02172	0.05482	0.02321	0.15415	0.02601	0.04376	0.02740	0.01438	0.01740	0.01144	0.00790	0.00803	0.00250	0.04302	0.00641	0.00431	0.01079
1	0.02533	0.07620	0.06029	0.02587	0.12891	0.11577	0.10260	0.14067	0.05039	0.10146	0.04408	0.02208	0.01648	0.00921	0.00913	0.00252	0.04342	0.00766	0.00592	0.01202
2	0.01788	0.01609	0.01797	0.04860	0.02200	0.04679	0.01088	0.02159	0.01753	0.02640	0.01466	0.01737	0.01215	0.00639	0.00634	0.00136	0.00688	0.00508	0.00482	0.67922
3	0.01208	0.00805	0.00906	0.00906	0.00906	0.00805	0.00503	0.01208	0.01208	0.01611	0.02618	0.05436	0.03020	0.70804	0.04228	0.00805	0.00805	0.01208	0.00503	0.00503
4	0.01208	0.00805	0.00906	0.00906	0.00906	0.00805	0.00503	0.01208	0.01208	0.01611	0.02618	0.05436	0.03020	0.70804	0.04228	0.00805	0.00805	0.01208	0.00503	0.00503
5	0.01012	0.00723	0.00964	0.01157	0.01205	0.00675	0.00771	0.01157	0.01591	0.02121	0.04579	0.70262	0.05495	0.02603	0.01060	0.00337	0.00482	0.02362	0.00771	0.00675
6	0.07605	0.01475	0.01921	0.01481	0.02118	0.01331	0.01224	0.07226	0.02411	0.59467	0.03093	0.02702	0.01959	0.01013	0.00818	0.00257	0.00715	0.00810	0.00990	0.01386
7	0.01176	0.00849	0.01110	0.01045	0.01241	0.00784	0.00784	0.01568	0.02352	0.03331	0.65184	0.06206	0.07839	0.01698	0.00980	0.00261	0.00392	0.01502	0.00914	0.00784
8	0.76672	0.01607	0.01221	0.01092	0.01607	0.01864	0.00900	0.02442	0.01414	0.03727	0.01157	0.01350	0.00900	0.00771	0.00514	0.00257	0.00643	0.00450	0.00514	0.00900
9	0.01204	0.00821	0.00986	0.00986	0.01014	0.00849	0.00603	0.01259	0.01232	0.01670	0.02544	0.05031	0.02844	0.58768	0.16025	0.00904	0.01070	0.01149	0.00492	0.00548
10	0.01606	0.01507	0.02140	0.01898	0.01948	0.02040	0.01557	0.01827	0.01293	0.01976	0.01470	0.02302	0.01421	0.03053	0.24410	0.00689	0.46840	0.00782	0.00391	0.00853
11	0.02056	0.01974	0.03372	0.05099	0.65622	0.01974	0.02550	0.02550	0.01892	0.02714	0.01563	0.02056	0.01316	0.00740	0.00822	0.00247	0.00987	0.00740	0.00411	0.01316
12	0.01723	0.01477	0.01723	0.01230	0.01969	0.01107	0.00984	0.02092	0.01723	0.02707	0.01477	0.01723	0.01230	0.00615	0.00615	0.00123	0.00615	0.00492	0.00492	0.75883
13	0.01818	0.01818	0.02545	0.02181	0.02181	0.02545	0.01818	0.01999	0.01272	0.01999	0.01091	0.01818	0.01091	0.01454	0.02726	0.00364	0.69284	0.00727	0.00364	0.00909
14	0.00995	0.00842	0.00860	0.00855	0.01130	0.00707	0.00642	0.01218	0.01925	0.02318	0.12285	0.07873	0.61369	0.02076	0.00982	0.00279	0.00419	0.01736	0.00781	0.00707
15	0.01723	0.01477	0.01723	0.01230	0.01969	0.01107	0.00984	0.02092	0.01723	0.02707	0.01477	0.01723	0.01230	0.00615	0.00615	0.00123	0.00615	0.00492	0.00492	0.75883
16	0.01208	0.00805	0.00906	0.00906	0.00906	0.00805	0.00503	0.01208	0.01208	0.01611	0.02618	0.05436	0.03020	0.70804	0.04228	0.00805	0.00805	0.01208	0.00503	0.00503
17	0.01569	0.01477	0.02492	0.68808	0.05722	0.01846	0.02307	0.02123	0.01661	0.02123	0.01477	0.02215	0.01107	0.00831	0.00831	0.00277	0.01107	0.00738	0.00369	0.00923
18	0.00996	0.00845	0.00876	0.00876	0.01147	0.00725	0.00660	0.01213	0.01854	0.02222	0.07982	0.07663	0.60852	0.02393	0.05648	0.00354	0.00547	0.01693	0.00749	0.00704
19	0.01723	0.01477	0.01723	0.01230	0.01969	0.01107	0.00984	0.02092	0.01723	0.02707	0.01477	0.01723	0.01230	0.00615	0.00615	0.00123	0.00615	0.00492	0.00492	0.75883

[dist]
# distance from previous block
# <min> <max>
0	4

[block]
# block no. 7 follows, 22 sequences, length 134
# corresponding to MSA columns:
# 363-377,399-442,445-452,459-525
name=unknown_H
#
# <colnr> <probs for GDERKNQSTAVLIFYWHMCP>
#	G	D	E	R	K	N	Q	S	T	A	V	L	I	F	Y	W	H	M	C	P
0	0.01900	0.02247	0.07421	0.06185	0.04249	0.02032	0.54942	0.02594	0.01954	0.02662	0.04102	0.02370	0.01497	0.00748	0.00965	0.00278	0.01341	0.00973	0.00434	0.01104
1	0.01685	0.04166	0.62568	0.02440	0.03643	0.01940	0.06869	0.02633	0.01767	0.02633	0.01503	0.01785	0.01066	0.00784	0.00801	0.00264	0.01239	0.00637	0.00355	0.01221
2	0.01192	0.00869	0.01231	0.01231	0.01343	0.00982	0.00908	0.01416	0.01304	0.01851	0.02321	0.03792	0.02306	0.21939	0.52118	0.01206	0.01880	0.00967	0.00459	0.00684
3	0.01022	0.00731	0.00973	0.01150	0.01207	0.00681	0.00772	0.01182	0.01637	0.02195	0.08293	0.66337	0.05638	0.02547	0.01055	0.00333	0.00476	0.02309	0.00780	0.00681
4	0.02405	0.02213	0.06861	0.03234	0.28497	0.02218	0.02049	0.23745	0.10809	0.03655	0.01928	0.02143	0.01485	0.00916	0.00911	0.00259	0.03977	0.00761	0.00609	0.01326
5	0.01012	0.00723	0.00964	0.01157	0.01205	0.00675	0.00771	0.01157	0.01591	0.02121	0.04579	0.70262	0.05495	0.02603	0.01060	0.00337	0.00482	0.02362	0.00771	0.00675
6	0.01187	0.00890	0.01335	0.01335	0.01483	0.01038	0.01038	0.01483	0.01335	0.01928	0.02225	0.03264	0.02077	0.06231	0.67512	0.01335	0.02225	0.00890	0.00445	0.00742
7	0.01723	0.01477	0.01723	0.01230	0.01969	0.01107	0.00984	0.02092	0.01723	0.02707	0.01477	0.01723	0.01230	0.00615	0.00615	0.00123	0.00615	0.00492	0.00492	0.75883
8	0.01011	0.00779	0.00908	0.01006	0.01151	0.00694	0.00695	0.01175	0.01697	0.02143	0.06109	0.39510	0.31057	0.06567	0.01221	0.00342	0.00475	0.02029	0.00755	0.00676
9	0.01929	0.25466	0.44060	0.02030	0.03069	0.02331	0.02469	0.02645	0.01759	0.05069	0.01459	0.01665	0.01099	0.00774	0.00710	0.00236	0.01098	0.00569	0.00381	0.01184
10	0.02382	0.05884	0.10710	0.03166	0.21001	0.23415	0.10493	0.05410	0.02086	0.02520	0.01460	0.01820	0.01180	0.00820	0.00889	0.00245	0.04276	0.00679	0.00424	0.01139
11	0.01309	0.00947	0.01297	0.01473	0.01671	0.00935	0.01280	0.01677	0.01911	0.02466	0.04732	0.09256	0.09811	0.02279	0.01134	0.00374	0.00736	0.55186	0.00766	0.00760
12	0.02145	0.01803	0.01944	0.04709	0.02332	0.02066	0.01366	0.12110	0.50414	0.03600	0.03326	0.03123	0.05053	0.01139	0.00849	0.00277	0.00702	0.00940	0.00819	0.01284
13	0.01039	0.00743	0.00994	0.01176	0.01239	0.00697	0.00808	0.01209	0.01641	0.02192	0.06965	0.63841	0.05542	0.02547	0.01063	0.00337	0.00496	0.06009	0.00776	0.00685
14	0.03604	0.01418	0.01915	0.01463	0.02111	0.01214	0.01207	0.03929	0.02338	0.62307	0.03167	0.02760	0.02006	0.01003	0.00822	0.00249	0.00701	0.00814	0.00995	0.05977
15	0.01888	0.01484	0.01742	0.01277	0.01977	0.01170	0.01020	0.05223	0.01867	0.06700	0.01742	0.04664	0.01468	0.00743	0.00658	0.00147	0.00630	0.00604	0.00554	0.64443
16	0.02221	0.71304	0.04353	0.01421	0.02132	0.03287	0.01421	0.02488	0.01688	0.01955	0.01155	0.01333	0.01066	0.00711	0.00533	0.00178	0.00888	0.00444	0.00355	0.01066
17	0.01723	0.01477	0.01723	0.01230	0.01969	0.01107	0.00984	0.02092	0.01723	0.02707	0.01477	0.01723	0.01230	0.00615	0.00615	0.00123	0.00615	0.00492	0.00492	0.75883
18	0.02081	0.54201	0.09383	0.01501	0.02187	0.05749	0.01510	0.02405	0.01712	0.02031	0.01638	0.01849	0.04486	0.01149	0.04864	0.00266	0.01006	0.00560	0.00386	0.01036
19	0.01154	0.00848	0.01080	0.01022	0.01228	0.00774	0.00766	0.01525	0.02299	0.03207	0.58711	0.06410	0.14389	0.01745	0.00980	0.00263	0.00395	0.01531	0.00898	0.00774
20	0.01723	0.01477	0.01723	0.01230	0.01969	0.01107	0.00984	0.02092	0.01723	0.02707	0.01477	0.01723	0.01230	0.00615	0.00615	0.00123	0.00615	0.00492	0.00492	0.75883
21	0.02072	0.02321	0.12142	0.04514	0.52926	0.02006	0.02560	0.06410	0.02001	0.02863	0.01580	0.02010	0.01285	0.00763	0.00818	0.00249	0.01016	0.00723	0.00430	0.01310
22	0.24736	0.01522	0.01975	0.08733	0.15249	0.01640	0.03865	0.07236	0.01817	0.03022	0.02269	0.19899	0.02279	0.01271	0.00799	0.00278	0.00770	0.01090	0.00570	0.00980
23	0.01033	0.00738	0.00988	0.01181	0.01238	0.00693	0.00807	0.01193	0.01611	0.02144	0.04567	0.66376	0.05449	0.02583	0.01066	0.00340	0.00500	0.06043	0.00771	0.00681
24	0.01723	0.01477	0.01723	0.01230	0.01969	0.01107	0.00984	0.02092	0.01723	0.02707	0.01477	0.01723	0.01230	0.00615	0.00615	0.00123	0.00615	0.00492	0.00492	0.75883
25	0.02263	0.10533	0.04748	0.01520	0.02227	0.04658	0.01303	0.15704	0.05386	0.06028	0.01719	0.01844	0.01339	0.00772	0.00686	0.00181	0.00782	0.00587	0.00583	0.37138
26	0.01176	0.00849	0.01110	0.01045	0.01241	0.00784	0.00784	0.01568	0.02352	0.03331	0.65184	0.06206	0.07839	0.01698	0.00980	0.00261	0.00392	0.01502	0.00914	0.00784
27	0.03727	0.01414	0.01928	0.01478	0.02121	0.01221	0.01221	0.04049	0.02378	0.66198	0.03277	0.02828	0.02056	0.01028	0.00835	0.00257	0.00707	0.00835	0.01028	0.01414
28	0.01187	0.00890	0.01335	0.01335	0.01483	0.01038	0.01038	0.01483	0.01335	0.01928	0.02225	0.03264	0.02077	0.06231	0.67512	0.01335	0.02225	0.00890	0.00445	0.00742
29	0.03103	0.03959	0.02354	0.02140	0.02568	0.67469	0.01605	0.03317	0.02354	0.02033	0.01284	0.01498	0.01070	0.00856	0.00749	0.00214	0.01498	0.00535	0.00428	0.00963
30	0.01723	0.01477	0.01723	0.01230	0.01969	0.01107	0.00984	0.02092	0.01723	0.02707	0.01477	0.01723	0.01230	0.00615	0.00615	0.00123	0.00615	0.00492	0.00492	0.75883
31	0.01443	0.00722	0.01082	0.01082	0.01082	0.00722	0.00722	0.01082	0.01082	0.01443	0.01443	0.02525	0.01443	0.02886	0.03247	0.75830	0.00722	0.00722	0.00361	0.00361
32	0.01885	0.01585	0.01735	0.01611	0.02017	0.01797	0.01272	0.03783	0.49896	0.03323	0.08946	0.04260	0.03319	0.01343	0.00900	0.00294	0.00649	0.09355	0.00840	0.01190
33	0.02221	0.71304	0.04353	0.01421	0.02132	0.03287	0.01421	0.02488	0.01688	0.01955	0.01155	0.01333	0.01066	0.00711	0.00533	0.00178	0.00888	0.00444	0.00355	0.01066
34	0.01068	0.00845	0.00961	0.00932	0.01175	0.00738	0.00699	0.01359	0.02096	0.02726	0.33556	0.07202	0.39844	0.01924	0.00981	0.00272	0.00408	0.01642	0.00835	0.00738
35	0.01569	0.01477	0.02492	0.68808	0.05722	0.01846	0.02307	0.02123	0.01661	0.02123	0.01477	0.02215	0.01107	0.00831	0.00831	0.00277	0.01107	0.00738	0.00369	0.00923
36	0.01895	0.02179	0.12278	0.09605	0.45948	0.01865	0.02496	0.02452	0.01855	0.02633	0.01801	0.02685	0.01573	0.00895	0.00848	0.00264	0.01012	0.06066	0.00431	0.01221
37	0.01569	0.01477	0.02492	0.68808	0.05722	0.01846	0.02307	0.02123	0.01661	0.02123	0.01477	0.02215	0.01107	0.00831	0.00831	0.00277	0.01107	0.00738	0.00369	0.00923
38	0.01839	0.25110	0.47197	0.02074	0.03141	0.02351	0.02558	0.02586	0.01733	0.02421	0.01387	0.01623	0.01057	0.00765	0.00710	0.00237	0.01122	0.00561	0.00352	0.01178
39	0.02221	0.71304	0.04353	0.01421	0.02132	0.03287	0.01421	0.02488	0.01688	0.01955	0.01155	0.01333	0.01066	0.00711	0.00533	0.00178	0.00888	0.00444	0.00355	0.01066
40	0.01184	0.00854	0.01122	0.01069	0.01264	0.00792	0.00811	0.01575	0.02330	0.03290	0.62238	0.06359	0.07690	0.01727	0.00988	0.00267	0.00410	0.04339	0.00907	0.00783
41	0.01976	0.02199	0.04664	0.03750	0.13881	0.02081	0.53257	0.02644	0.01950	0.02669	0.01662	0.02212	0.01269	0.00706	0.00956	0.00275	0.01336	0.00943	0.00419	0.01151
