[name]
unknown

[dist]
# distance from previous block
# <min> <max>
10	68

[block]
# block no. 0 follows, 21 sequences, length 11
# corresponding to MSA columns:
# 89-99
name=unknown_A
#
# <colnr> <probs for GDERKNQSTAVLIFYWHMCP>
#	G	D	E	R	K	N	Q	S	T	A	V	L	I	F	Y	W	H	M	C	P
0	0.36502	0.08909	0.07124	0.07117	0.09221	0.01924	0.01469	0.02519	0.01703	0.07376	0.04743	0.04803	0.01652	0.00931	0.00682	0.00260	0.00794	0.00694	0.00540	0.01035
1	0.02362	0.10882	0.19097	0.05324	0.05107	0.11785	0.01985	0.15121	0.10472	0.03189	0.01885	0.02047	0.01429	0.00909	0.00780	0.00248	0.01055	0.00689	0.04421	0.01213
2	0.04747	0.01386	0.06078	0.07752	0.02296	0.01215	0.07213	0.01971	0.01842	0.05298	0.11067	0.15879	0.03557	0.04789	0.04369	0.00365	0.00840	0.07852	0.06606	0.04879
3	0.10008	0.02359	0.18847	0.06296	0.03090	0.01738	0.13892	0.02565	0.07168	0.02838	0.02206	0.05638	0.01934	0.01074	0.00863	0.00278	0.01007	0.08397	0.00526	0.09276
4	0.07197	0.48851	0.10662	0.01662	0.02409	0.02903	0.04720	0.05395	0.01838	0.02409	0.01443	0.04455	0.01304	0.00839	0.00635	0.00213	0.00941	0.00603	0.00420	0.01101
5	0.01631	0.08002	0.01870	0.01462	0.01696	0.01617	0.01175	0.07747	0.01699	0.02388	0.02354	0.03232	0.04928	0.09882	0.31360	0.00821	0.11319	0.00894	0.05058	0.00864
6	0.13762	0.01065	0.01190	0.01111	0.01388	0.01063	0.00847	0.04694	0.02228	0.03382	0.41106	0.09940	0.11810	0.01651	0.00923	0.00274	0.00480	0.01408	0.00840	0.00839
7	0.01719	0.00948	0.01213	0.01153	0.01416	0.00855	0.00860	0.02009	0.02083	0.16059	0.22710	0.24196	0.11821	0.01853	0.00964	0.00286	0.00500	0.01622	0.06835	0.00897
8	0.13588	0.28379	0.14810	0.01889	0.02670	0.07066	0.07987	0.06309	0.01951	0.06094	0.01480	0.01679	0.01161	0.00797	0.00689	0.00233	0.01026	0.00592	0.00466	0.01135
9	0.05670	0.00848	0.00986	0.01044	0.01109	0.00840	0.00662	0.01324	0.01485	0.02110	0.08267	0.28426	0.04273	0.36138	0.02666	0.00574	0.00662	0.01641	0.00649	0.00626
10	0.01113	0.00814	0.01050	0.01138	0.01274	0.00752	0.00819	0.01369	0.01945	0.02624	0.24889	0.37592	0.12865	0.02280	0.01056	0.00317	0.00477	0.06048	0.00838	0.00738

[dist]
# distance from previous block
# <min> <max>
0	2

[block]
# block no. 1 follows, 21 sequences, length 185
# corresponding to MSA columns:
# 102-286
name=unknown_B
#
# <colnr> <probs for GDERKNQSTAVLIFYWHMCP>
#	G	D	E	R	K	N	Q	S	T	A	V	L	I	F	Y	W	H	M	C	P
0	0.06080	0.02657	0.12969	0.12314	0.29978	0.12489	0.06228	0.02696	0.01940	0.02625	0.01517	0.01960	0.01210	0.00797	0.00820	0.00257	0.01160	0.00704	0.00415	0.01186
1	0.01794	0.07800	0.51008	0.02640	0.08420	0.02101	0.05848	0.02649	0.01790	0.02631	0.01502	0.01824	0.01113	0.00830	0.00906	0.00269	0.04619	0.00654	0.00369	0.01233
2	0.01545	0.01272	0.04652	0.05129	0.01879	0.01100	0.04256	0.04820	0.02083	0.07684	0.19404	0.05679	0.24002	0.11069	0.01426	0.00352	0.00662	0.01370	0.00747	0.00869
3	0.64267	0.05702	0.01571	0.01226	0.01780	0.02069	0.01025	0.08685	0.01730	0.03874	0.01274	0.01450	0.00986	0.00810	0.00562	0.00258	0.00702	0.00492	0.00551	0.00986
4	0.23273	0.11055	0.02158	0.01489	0.02047	0.04250	0.01245	0.23927	0.06045	0.03973	0.01848	0.01973	0.01409	0.00916	0.00682	0.00241	0.00784	0.00647	0.10895	0.01142
5	0.02116	0.47182	0.19197	0.01688	0.02520	0.02847	0.01835	0.05508	0.01872	0.02358	0.01709	0.01871	0.04499	0.00839	0.00650	0.00213	0.00971	0.00585	0.00410	0.01131
6	0.01035	0.00747	0.00981	0.01169	0.01230	0.00693	0.00783	0.01187	0.01645	0.02179	0.04886	0.66489	0.08550	0.02641	0.01082	0.00343	0.00491	0.02388	0.00790	0.00693
7	0.01949	0.01803	0.02969	0.09066	0.46956	0.01845	0.02326	0.02535	0.04969	0.02736	0.02166	0.03406	0.01979	0.01047	0.00899	0.00280	0.00966	0.10377	0.00500	0.01225
8	0.03087	0.02140	0.02325	0.01804	0.02422	0.02332	0.01474	0.50853	0.03611	0.09847	0.02222	0.02352	0.01624	0.04454	0.01010	0.00281	0.00883	0.00798	0.05119	0.01363
9	0.01675	0.01156	0.01456	0.01432	0.01629	0.01210	0.01064	0.11317	0.02058	0.07339	0.03873	0.46139	0.04308	0.02177	0.01170	0.00329	0.06003	0.03987	0.00786	0.00892
10	0.05338	0.02220	0.11683	0.17321	0.38302	0.01988	0.02494	0.02624	0.04893	0.02731	0.01646	0.02117	0.01310	0.00805	0.00826	0.00264	0.01037	0.00736	0.00431	0.01234
11	0.02639	0.06200	0.02808	0.03170	0.25468	0.26923	0.01928	0.03261	0.10187	0.06614	0.01828	0.02040	0.01451	0.00873	0.00803	0.00242	0.01145	0.00695	0.00524	0.01202
12	0.01294	0.00892	0.01149	0.01072	0.01298	0.00814	0.00809	0.01677	0.02373	0.05811	0.57458	0.06364	0.12277	0.01745	0.00998	0.00269	0.00417	0.01532	0.00930	0.00822
13	0.38904	0.01838	0.01897	0.06634	0.07888	0.02069	0.01363	0.19652	0.02267	0.04016	0.01580	0.01800	0.01195	0.00869	0.00676	0.00258	0.00791	0.00615	0.04579	0.01107
14	0.26525	0.14347	0.18870	0.01767	0.02471	0.09059	0.01783	0.05547	0.01801	0.02958	0.01324	0.01578	0.01052	0.00866	0.00842	0.00256	0.06881	0.00553	0.00449	0.01072
15	0.01057	0.00767	0.01001	0.01172	0.01253	0.00711	0.00806	0.01232	0.01702	0.02252	0.07535	0.59223	0.10373	0.02572	0.01080	0.00340	0.00498	0.04926	0.00796	0.00702
16	0.01056	0.00754	0.01010	0.01207	0.01265	0.00708	0.00824	0.01218	0.01648	0.02194	0.04680	0.66078	0.05586	0.02648	0.01091	0.00348	0.00510	0.05687	0.00790	0.00697
17	0.01788	0.09005	0.53769	0.02546	0.05554	0.02096	0.08278	0.02684	0.01815	0.02650	0.01522	0.01820	0.01107	0.00793	0.00808	0.00264	0.01240	0.00654	0.00368	0.01238
18	0.02229	0.02017	0.03148	0.11630	0.43802	0.02147	0.02369	0.12722	0.02229	0.03113	0.01639	0.02100	0.01327	0.00856	0.00957	0.00264	0.04909	0.00759	0.00487	0.01295
19	0.01065	0.00776	0.00993	0.01156	0.01242	0.00720	0.00795	0.01230	0.01670	0.02186	0.05077	0.54648	0.12927	0.05981	0.01245	0.00365	0.00521	0.05935	0.00776	0.00692
20	0.01976	0.01792	0.02590	0.25620	0.20980	0.02030	0.02061	0.05135	0.22829	0.02925	0.02221	0.02525	0.01704	0.00934	0.00854	0.00276	0.00936	0.00827	0.00573	0.01212
21	0.02228	0.06002	0.37463	0.02005	0.02936	0.01753	0.02280	0.03040	0.05904	0.18360	0.02367	0.07960	0.01825	0.01048	0.00837	0.00272	0.01006	0.00854	0.00603	0.01255
22	0.01752	0.07546	0.59163	0.02445	0.03653	0.02055	0.06439	0.02690	0.01806	0.02663	0.01521	0.01804	0.01091	0.00799	0.00807	0.00266	0.01251	0.00642	0.00364	0.01243
23	0.03000	0.03681	0.02330	0.02115	0.02560	0.55798	0.01594	0.03588	0.12662	0.02332	0.01677	0.01811	0.01349	0.00924	0.00784	0.00231	0.01390	0.00618	0.00511	0.01047
24	0.02518	0.02517	0.09005	0.02576	0.15634	0.13052	0.01848	0.17711	0.07150	0.07344	0.02652	0.02885	0.07455	0.01077	0.00856	0.00260	0.01003	0.02577	0.00645	0.01232
25	0.02137	0.01667	0.09170	0.05214	0.02404	0.01354	0.06560	0.02792	0.08652	0.19983	0.15004	0.14846	0.03677	0.01407	0.00932	0.00285	0.00760	0.01250	0.00797	0.01108
26	0.01048	0.00749	0.00997	0.01178	0.01237	0.00698	0.00791	0.01212	0.01680	0.02252	0.08539	0.65460	0.05783	0.02606	0.01081	0.00341	0.00488	0.02362	0.00799	0.00698
27	0.01851	0.04104	0.57073	0.02550	0.07126	0.02032	0.02992	0.07401	0.01980	0.02912	0.01572	0.01834	0.01123	0.00823	0.00814	0.00267	0.01218	0.00647	0.00402	0.01278
28	0.04339	0.04061	0.57037	0.02668	0.09898	0.01979	0.03012	0.02680	0.01799	0.02743	0.01523	0.01814	0.01100	0.00803	0.00802	0.00268	0.01211	0.00636	0.00372	0.01255
29	0.02009	0.02296	0.05022	0.03587	0.04448	0.02152	0.61693	0.02726	0.02009	0.02726	0.01722	0.02296	0.01291	0.00717	0.01004	0.00287	0.01435	0.01004	0.00430	0.01148
30	0.01204	0.00870	0.01138	0.01071	0.01271	0.00803	0.00803	0.01606	0.02409	0.03413	0.64335	0.06357	0.08030	0.01740	0.01004	0.00268	0.00401	0.01539	0.00937	0.00803
31	0.01133	0.00846	0.01206	0.01278	0.01393	0.00794	0.03519	0.01352	0.01770	0.02392	0.14224	0.50288	0.05670	0.05739	0.01233	0.00356	0.00550	0.04747	0.00784	0.00725
32	0.02426	0.01975	0.02020	0.01763	0.02277	0.05560	0.01384	0.10442	0.48953	0.08584	0.03192	0.02947	0.02358	0.01118	0.00858	0.00279	0.00751	0.00911	0.00856	0.01346
33	0.01364	0.04158	0.01317	0.01098	0.01349	0.00939	0.00846	0.01746	0.02353	0.06125	0.55625	0.06062	0.10434	0.01683	0.00976	0.00265	0.00442	0.01471	0.00908	0.00842
34	0.02863	0.01955	0.02101	0.01655	0.02218	0.02127	0.01353	0.44730	0.03391	0.07641	0.02282	0.02356	0.01656	0.01016	0.00789	0.00242	0.00796	0.00777	0.18762	0.01289
35	0.03090	0.07812	0.02629	0.01881	0.02536	0.05211	0.01565	0.52451	0.03667	0.04876	0.01975	0.02014	0.01434	0.00991	0.00813	0.00246	0.00937	0.00734	0.03764	0.01374
36	0.03108	0.02289	0.02464	0.01913	0.02558	0.02527	0.01570	0.58440	0.03864	0.05179	0.02196	0.05938	0.01689	0.01116	0.00865	0.00261	0.00911	0.00862	0.00848	0.01404
37	0.08676	0.00969	0.01184	0.01102	0.01351	0.00929	0.00836	0.01802	0.02284	0.06459	0.52720	0.08251	0.06943	0.01650	0.00953	0.00270	0.00446	0.01435	0.00896	0.00842
38	0.01765	0.01513	0.01765	0.01260	0.02017	0.01134	0.01008	0.02143	0.01765	0.02773	0.01513	0.01765	0.01260	0.00630	0.00630	0.00126	0.00630	0.00504	0.00504	0.75295
39	0.01467	0.01197	0.01447	0.01230	0.01697	0.00953	0.00919	0.01751	0.01709	0.02528	0.02811	0.29453	0.03045	0.01462	0.00817	0.00216	0.00574	0.01287	0.00621	0.44816
40	0.01937	0.01868	0.03235	0.25814	0.42420	0.01985	0.05444	0.02473	0.01864	0.02578	0.01578	0.02169	0.01275	0.00787	0.00853	0.00265	0.01073	0.00770	0.00408	0.01206
41	0.01192	0.00869	0.01120	0.01057	0.01264	0.00798	0.00793	0.01581	0.02379	0.03341	0.60740	0.06475	0.11669	0.01767	0.01004	0.00269	0.00403	0.01556	0.00927	0.00798
42	0.03266	0.02334	0.02523	0.01934	0.02614	0.02565	0.01598	0.58851	0.03917	0.08577	0.02114	0.02089	0.01483	0.01023	0.00852	0.00256	0.00925	0.00771	0.00862	0.01447
43	0.03465	0.01725	0.07132	0.01597	0.02281	0.01388	0.01407	0.08144	0.02498	0.52591	0.06355	0.02929	0.02290	0.01068	0.00860	0.00263	0.00766	0.00867	0.00976	0.01398
44	0.03738	0.01577	0.02055	0.01575	0.02237	0.01442	0.01301	0.12126	0.02652	0.57089	0.03176	0.02779	0.02016	0.01049	0.00855	0.00262	0.00753	0.00843	0.01025	0.01448
45	0.01035	0.00746	0.00982	0.01170	0.01230	0.00692	0.00783	0.01187	0.01644	0.02178	0.04870	0.66728	0.08321	0.02643	0.01083	0.00343	0.00491	0.02391	0.00790	0.00692
46	0.02888	0.02274	0.05219	0.04806	0.02638	0.04865	0.01615	0.44337	0.03399	0.06860	0.02196	0.02518	0.01656	0.01063	0.00842	0.00258	0.00926	0.03652	0.06676	0.01313
47	0.03670	0.01481	0.01971	0.01533	0.02176	0.01326	0.01259	0.04180	0.07733	0.59988	0.03367	0.02921	0.02149	0.01062	0.00857	0.00266	0.00720	0.00865	0.01037	0.01439
48	0.03667	0.01415	0.01927	0.01489	0.02120	0.01225	0.01225	0.04001	0.02434	0.61798	0.06876	0.03096	0.02448	0.01093	0.00864	0.00264	0.00706	0.00895	0.01047	0.01411
49	0.05431	0.04074	0.58977	0.02287	0.03451	0.01910	0.02907	0.02627	0.01812	0.02790	0.04874	0.02020	0.01442	0.00857	0.00805	0.00269	0.01182	0.00669	0.00399	0.01216
50	0.01958	0.16069	0.40873	0.05738	0.08836	0.07374	0.02632	0.02691	0.01841	0.02502	0.01454	0.01748	0.01109	0.00797	0.00763	0.00249	0.01189	0.00609	0.00373	0.01198
51	0.03143	0.01617	0.01988	0.01562	0.02139	0.01580	0.01275	0.20946	0.02899	0.35555	0.14648	0.03304	0.03044	0.01175	0.00883	0.00262	0.00726	0.00960	0.00971	0.01324
52	0.01914	0.01656	0.02847	0.50778	0.05222	0.01911	0.10420	0.05204	0.01910	0.07425	0.01713	0.02312	0.01248	0.00857	0.00872	0.00281	0.01134	0.00799	0.00461	0.01037
53	0.01832	0.01217	0.01502	0.01408	0.04366	0.01265	0.04160	0.10068	0.06109	0.03402	0.07755	0.03206	0.02515	0.01333	0.04255	0.00287	0.00670	0.00879	0.42815	0.00958
54	0.03035	0.05350	0.02755	0.02505	0.14223	0.02424	0.01761	0.42567	0.03360	0.10473	0.02047	0.02106	0.01476	0.00962	0.00836	0.00252	0.00929	0.00759	0.00768	0.01412
55	0.01058	0.00757	0.01007	0.01170	0.01239	0.00705	0.00792	0.01239	0.01729	0.02330	0.12285	0.61492	0.05934	0.02548	0.01076	0.00336	0.00482	0.02307	0.00809	0.00705
56	0.05142	0.13955	0.46750	0.02354	0.03455	0.02202	0.09444	0.02668	0.01795	0.02645	0.01483	0.01770	0.01097	0.00785	0.00779	0.00258	0.01199	0.00638	0.00376	0.01205
57	0.09419	0.23554	0.19800	0.01904	0.05078	0.02387	0.01881	0.10599	0.04376	0.08799	0.03583	0.01959	0.01486	0.00871	0.00721	0.00240	0.00945	0.00643	0.00544	0.01211
58	0.01046	0.00755	0.00990	0.01160	0.01232	0.00700	0.00783	0.01214	0.01696	0.02259	0.08748	0.62198	0.08911	0.02579	0.01077	0.00337	0.00484	0.02329	0.00799	0.00700
59	0.01074	0.00792	0.01112	0.01251	0.01324	0.00742	0.02687	0.01235	0.01628	0.02172	0.04528	0.65204	0.05404	0.04954	0.01197	0.00360	0.00535	0.02334	0.00769	0.00699
60	0.01968	0.02411	0.09866	0.03384	0.06543	0.02189	0.46780	0.02634	0.01899	0.02641	0.01624	0.02191	0.01253	0.00824	0.01205	0.00295	0.09810	0.00930	0.00417	0.01138
61	0.01764	0.01715	0.02703	0.54168	0.15981	0.04801	0.02375	0.02305	0.01774	0.02276	0.01519	0.02208	0.01170	0.00836	0.00846	0.00275	0.01131	0.00747	0.00388	0.01017
62	0.01757	0.07536	0.58182	0.02463	0.03665	0.02058	0.07365	0.02690	0.01809	0.02663	0.01524	0.01812	0.01094	0.00798	0.00810	0.00266	0.01253	0.00648	0.00365	0.01241
63	0.01904	0.02045	0.08421	0.32017	0.12316	0.01965	0.20795	0.02533	0.01868	0.05418	0.01676	0.02249	0.01250	0.00804	0.00894	0.00279	0.01203	0.00828	0.00430	0.01106
64	0.01462	0.01032	0.01387	0.09734	0.01992	0.01048	0.01096	0.05508	0.01982	0.05952	0.13879	0.32123	0.07314	0.05445	0.01183	0.00340	0.00638	0.06291	0.00765	0.00831
65	0.01161	0.00894	0.01074	0.01117	0.01317	0.00835	0.00828	0.01547	0.05516	0.02653	0.21793	0.25093	0.24182	0.02148	0.01034	0.00307	0.00483	0.06410	0.00833	0.00775
66	0.03067	0.02142	0.02333	0.01812	0.02418	0.02334	0.01470	0.50832	0.03580	0.09736	0.02216	0.02490	0.01676	0.08441	0.01225	0.00317	0.00908	0.00824	0.00831	0.01347
67	0.03080	0.03743	0.02446	0.02296	0.05518	0.56335	0.01673	0.07195	0.05493	0.02400	0.01482	0.01675	0.01205	0.00894	0.00781	0.00227	0.01429	0.00592	0.00485	0.01051
68	0.01873	0.01671	0.02249	0.08913	0.11597	0.01834	0.05448	0.03306	0.32791	0.03023	0.03301	0.08770	0.05632	0.01278	0.00912	0.00293	0.00798	0.04424	0.00710	0.01178
69	0.01037	0.00741	0.00987	0.01185	0.01234	0.00691	0.00790	0.01185	0.01629	0.02172	0.04690	0.69537	0.05629	0.02666	0.01086	0.00346	0.00494	0.02419	0.00790	0.00691
70	0.01926	0.02315	0.09175	0.03120	0.03801	0.02185	0.41729	0.02538	0.01839	0.02572	0.01696	0.02475	0.01391	0.00959	0.01377	0.00308	0.15679	0.03392	0.00427	0.01095
71	0.01992	0.02435	0.09391	0.03596	0.07873	0.02132	0.53979	0.02717	0.01989	0.02727	0.01700	0.02248	0.01279	0.00726	0.00981	0.00284	0.01397	0.00963	0.00425	0.01167
72	0.01862	0.01862	0.02607	0.02234	0.02234	0.02607	0.01862	0.02048	0.01303	0.02048	0.01117	0.01862	0.01117	0.01489	0.02793	0.00372	0.68535	0.00745	0.00372	0.00931
73	0.01085	0.00818	0.01188	0.01304	0.01394	0.00764	0.03815	0.01262	0.01648	0.02200	0.04543	0.66197	0.05413	0.02569	0.01082	0.00343	0.00540	0.02349	0.00772	0.00714
74	0.01969	0.02233	0.04858	0.03490	0.04318	0.02093	0.59232	0.02664	0.01993	0.02704	0.01842	0.05013	0.01467	0.00796	0.01008	0.00289	0.01397	0.01061	0.00445	0.01129
75	0.56058	0.08924	0.03961	0.01313	0.01889	0.01991	0.03517	0.02548	0.01602	0.06148	0.04448	0.01743	0.01363	0.00840	0.00595	0.00256	0.00726	0.00558	0.00543	0.00977
76	0.03170	0.01540	0.01925	0.01553	0.02134	0.01493	0.01257	0.06887	0.17228	0.42526	0.08167	0.03197	0.02664	0.01131	0.00870	0.00269	0.00697	0.00931	0.00989	0.01372
77	0.01971	0.02371	0.09159	0.07831	0.10756	0.02109	0.47417	0.02676	0.01966	0.02694	0.01681	0.02237	0.01271	0.00737	0.00963	0.00282	0.01358	0.00935	0.00421	0.01164
78	0.01999	0.01713	0.02359	0.01786	0.02432	0.01579	0.11332	0.13464	0.05540	0.03303	0.07380	0.07359	0.02274	0.00991	0.00813	0.00214	0.00796	0.00892	0.00634	0.33139
79	0.01594	0.00872	0.01203	0.01168	0.01234	0.00889	0.00806	0.05986	0.01400	0.01900	0.01783	0.06887	0.01772	0.02704	0.02874	0.61413	0.00725	0.00852	0.03444	0.00493
80	0.02214	0.01296	0.01774	0.01862	0.06944	0.01274	0.01433	0.02835	0.09330	0.20557	0.03825	0.06338	0.03550	0.01714	0.01021	0.00332	0.00772	0.31004	0.00841	0.01084
81	0.05926	0.58714	0.12078	0.01562	0.02348	0.03117	0.01644	0.02565	0.01724	0.02182	0.01227	0.01421	0.01082	0.00741	0.00578	0.00197	0.00942	0.00477	0.00372	0.01105
82	0.08140	0.13977	0.02824	0.02200	0.08928	0.12554	0.01653	0.24685	0.05676	0.03552	0.01672	0.01849	0.01314	0.00949	0.00917	0.00249	0.06374	0.00665	0.00599	0.01221
83	0.01034	0.00751	0.00977	0.01157	0.01227	0.00694	0.00778	0.01188	0.01656	0.02183	0.05028	0.64268	0.10679	0.02622	0.01079	0.00341	0.00488	0.02366	0.00790	0.00694
84	0.47091	0.05562	0.12820	0.01519	0.02197	0.05297	0.01455	0.09927	0.01885	0.03643	0.01357	0.01543	0.01030	0.00823	0.00629	0.00257	0.00852	0.00532	0.00526	0.01056
85	0.01976	0.07217	0.04662	0.11735	0.04463	0.02208	0.49620	0.02642	0.01949	0.02602	0.01655	0.02224	0.01256	0.00735	0.00951	0.00279	0.01357	0.00932	0.00419	0.01118
86	0.01983	0.01670	0.01880	0.01816	0.05160	0.01875	0.01353	0.05952	0.45486	0.03489	0.11090	0.03993	0.03363	0.01299	0.00906	0.00291	0.00674	0.05637	0.00846	0.01237
87	0.01181	0.00763	0.00938	0.01067	0.01141	0.00731	0.00711	0.01361	0.01608	0.02312	0.04008	0.46680	0.04550	0.11620	0.01430	0.00381	0.00519	0.01912	0.16398	0.00689
88	0.26955	0.08909	0.02194	0.01729	0.02218	0.28759	0.01377	0.05934	0.06532	0.02915	0.01445	0.01630	0.01167	0.00891	0.00774	0.00244	0.04232	0.00561	0.00509	0.01021
89	0.01963	0.02267	0.06763	0.06889	0.07056	0.02179	0.46556	0.02610	0.01898	0.02618	0.01626	0.02216	0.01257	0.00821	0.01193	0.00295	0.09315	0.00935	0.00418	0.01125
90	0.01134	0.00827	0.01066	0.01092	0.01249	0.00759	0.00786	0.01437	0.02115	0.02916	0.40280	0.27291	0.11725	0.02078	0.01031	0.00295	0.00434	0.01849	0.00877	0.00759
91	0.02268	0.58794	0.07428	0.01708	0.02459	0.06164	0.06338	0.02609	0.01787	0.02098	0.01249	0.01468	0.01107	0.00738	0.00606	0.00196	0.00998	0.00512	0.00373	0.01100
92	0.01910	0.01614	0.01644	0.01499	0.01853	0.04442	0.01125	0.07038	0.35051	0.03025	0.03559	0.04233	0.07763	0.17473	0.01698	0.00413	0.00747	0.03089	0.00755	0.01071
93	0.01119	0.00897	0.01015	0.01067	0.01301	0.00813	0.00811	0.01449	0.04519	0.02418	0.09845	0.19581	0.39777	0.02215	0.01038	0.00312	0.00500	0.09769	0.00800	0.00753
94	0.01707	0.04402	0.65683	0.02426	0.03683	0.01976	0.03144	0.02695	0.01797	0.02695	0.01527	0.01797	0.01078	0.00809	0.00809	0.00270	0.01258	0.00629	0.00359	0.01258
95	0.01721	0.01629	0.02758	0.53698	0.19319	0.01921	0.02420	0.02274	0.01756	0.02313	0.01533	0.02232	0.01183	0.00830	0.00849	0.00277	0.01106	0.00757	0.00388	0.01037
96	0.02073	0.01871	0.02464	0.02082	0.02211	0.02479	0.01728	0.12136	0.01793	0.02689	0.01395	0.01989	0.01251	0.01374	0.02304	0.00340	0.52135	0.00752	0.05926	0.01008
97	0.01332	0.00998	0.01453	0.01552	0.01765	0.00975	0.03997	0.01699	0.01940	0.02536	0.07408	0.16636	0.07974	0.02278	0.01140	0.00370	0.00741	0.43644	0.00776	0.00786
98	0.02106	0.02022	0.03454	0.05223	0.64784	0.02022	0.02612	0.02612	0.01938	0.02780	0.01601	0.02106	0.01348	0.00758	0.00842	0.00253	0.01011	0.00758	0.00421	0.01348
99	0.01216	0.00912	0.01368	0.01368	0.01520	0.01064	0.01064	0.01520	0.01368	0.01976	0.02279	0.03343	0.02127	0.06382	0.66720	0.01368	0.02279	0.00912	0.00456	0.00760
100	0.01037	0.00741	0.00987	0.01185	0.01234	0.00691	0.00790	0.01185	0.01629	0.02172	0.04690	0.69537	0.05629	0.02666	0.01086	0.00346	0.00494	0.02419	0.00790	0.00691
101	0.01989	0.01963	0.03583	0.26378	0.19401	0.02068	0.21886	0.07214	0.02043	0.02756	0.01645	0.02220	0.01263	0.00798	0.00899	0.00275	0.01188	0.00839	0.00443	0.01149
102	0.01571	0.00795	0.00799	0.00799	0.00989	0.00795	0.00592	0.01951	0.01761	0.03108	0.02772	0.03275	0.02220	0.03935	0.00754	0.00225	0.00415	0.00812	0.71651	0.00781
103	0.01037	0.00741	0.00987	0.01185	0.01234	0.00691	0.00790	0.01185	0.01629	0.02172	0.04690	0.69537	0.05629	0.02666	0.01086	0.00346	0.00494	0.02419	0.00790	0.00691
104	0.02510	0.01979	0.03390	0.02563	0.03116	0.02109	0.24957	0.08202	0.02091	0.17749	0.01971	0.02294	0.01451	0.01043	0.01460	0.00303	0.20153	0.00874	0.00601	0.01185
105	0.04785	0.01513	0.02173	0.14868	0.02706	0.01989	0.01682	0.01923	0.01426	0.02144	0.01704	0.07586	0.01664	0.02363	0.14403	0.00538	0.34321	0.00900	0.00429	0.00882
106	0.01035	0.00863	0.00903	0.00893	0.01167	0.00731	0.00670	0.01278	0.02009	0.02463	0.16853	0.07919	0.56104	0.02094	0.01005	0.00284	0.00427	0.01758	0.00812	0.00731
107	0.11977	0.04021	0.56788	0.02245	0.03402	0.01967	0.02837	0.02668	0.01749	0.02850	0.01480	0.01740	0.01056	0.00806	0.00770	0.00269	0.01175	0.00606	0.00382	0.01211
108	0.01719	0.04315	0.63176	0.02474	0.03715	0.01984	0.05564	0.02696	0.01805	0.02696	0.01535	0.01817	0.01087	0.00805	0.00817	0.00270	0.01265	0.00644	0.00362	0.01253
109	0.01081	0.00745	0.00972	0.01154	0.01215	0.00699	0.00774	0.01248	0.01642	0.02252	0.04538	0.64260	0.05354	0.02533	0.01047	0.00334	0.00486	0.02290	0.06676	0.00699
110	0.03235	0.02384	0.02554	0.01958	0.02639	0.02639	0.01618	0.61946	0.04001	0.05363	0.02043	0.02043	0.01447	0.01022	0.00851	0.00255	0.00936	0.00766	0.00851	0.01447
111	0.03212	0.26635	0.02923	0.01528	0.02214	0.02130	0.01355	0.08162	0.02304	0.37590	0.02463	0.02273	0.01686	0.00933	0.00743	0.00233	0.00809	0.00703	0.00787	0.01319
112	0.03016	0.01917	0.02170	0.01737	0.02339	0.02041	0.01410	0.28996	0.18210	0.21134	0.05826	0.02769	0.02237	0.01099	0.00864	0.00266	0.00787	0.00877	0.00914	0.01391
113	0.01117	0.00866	0.01016	0.00978	0.01217	0.00766	0.00734	0.01436	0.02201	0.02920	0.39673	0.07168	0.32999	0.01924	0.01005	0.00276	0.00415	0.01653	0.00872	0.00766
114	0.02009	0.02296	0.05022	0.03587	0.04448	0.02152	0.61693	0.02726	0.02009	0.02726	0.01722	0.02296	0.01291	0.00717	0.01004	0.00287	0.01435	0.01004	0.00430	0.01148
115	0.02009	0.02296	0.05022	0.03587	0.04448	0.02152	0.61693	0.02726	0.02009	0.02726	0.01722	0.02296	0.01291	0.00717	0.01004	0.00287	0.01435	0.01004	0.00430	0.01148
116	0.01548	0.00902	0.00995	0.00963	0.01138	0.00936	0.00696	0.04968	0.01727	0.02793	0.02648	0.03661	0.02335	0.16880	0.10441	0.00498	0.00776	0.00905	0.44427	0.00763
117	0.01037	0.00741	0.00987	0.01185	0.01234	0.00691	0.00790	0.01185	0.01629	0.02172	0.04690	0.69537	0.05629	0.02666	0.01086	0.00346	0.00494	0.02419	0.00790	0.00691
118	0.01371	0.00980	0.01371	0.01567	0.01763	0.00980	0.01371	0.01763	0.01959	0.02547	0.04506	0.09599	0.04898	0.02351	0.01175	0.00392	0.00784	0.59056	0.00784	0.00784
119	0.01934	0.01657	0.01756	0.01593	0.02033	0.01875	0.01234	0.03964	0.52399	0.03418	0.08475	0.03930	0.09427	0.01302	0.00891	0.00287	0.00628	0.01091	0.00863	0.01242
120	0.09002	0.03114	0.02383	0.02002	0.02556	0.32812	0.01575	0.29580	0.03048	0.03692	0.01631	0.01751	0.01240	0.00935	0.00786	0.00239	0.01197	0.00639	0.00631	0.01188
121	0.07937	0.02336	0.02470	0.01904	0.02575	0.02592	0.01573	0.58111	0.03836	0.05264	0.01988	0.02001	0.01413	0.01007	0.00830	0.00256	0.00919	0.00746	0.00830	0.01413
122	0.01395	0.00956	0.01219	0.01153	0.01401	0.00898	0.00892	0.01867	0.05114	0.06819	0.47722	0.06467	0.12077	0.01765	0.01005	0.00281	0.00470	0.06729	0.00914	0.00856
123	0.01650	0.00791	0.01172	0.01138	0.01187	0.00777	0.00777	0.01332	0.01206	0.06176	0.01616	0.02610	0.01524	0.02816	0.03144	0.69728	0.00738	0.00748	0.00420	0.00449
124	0.01815	0.16971	0.54059	0.02241	0.03399	0.02240	0.02824	0.02667	0.01784	0.02564	0.01462	0.01715	0.01081	0.00793	0.00759	0.00253	0.01192	0.00596	0.00360	0.01226
125	0.03818	0.01448	0.01975	0.01514	0.02172	0.01251	0.01251	0.04147	0.02436	0.65373	0.03357	0.02897	0.02107	0.01053	0.00856	0.00263	0.00724	0.00856	0.01053	0.01448
126	0.01066	0.00864	0.00945	0.00925	0.01186	0.00744	0.00694	0.01337	0.02081	0.02634	0.25390	0.07638	0.47461	0.02030	0.01005	0.00281	0.00422	0.01719	0.00834	0.00744
127	0.16509	0.01785	0.04728	0.30749	0.21949	0.01902	0.02121	0.02489	0.01763	0.06053	0.01573	0.02064	0.01205	0.00821	0.00783	0.00269	0.00987	0.00700	0.00455	0.01096
128	0.11083	0.01665	0.06553	0.01524	0.02196	0.01356	0.01339	0.03776	0.02285	0.52086	0.05240	0.02786	0.02126	0.01033	0.00824	0.00264	0.00745	0.00823	0.00943	0.01356
129	0.01162	0.00868	0.01079	0.01027	0.01246	0.00785	0.00770	0.01525	0.02310	0.03177	0.52569	0.06744	0.19943	0.01828	0.01004	0.00272	0.00408	0.01593	0.00906	0.00785
130	0.20090	0.34374	0.16942	0.01862	0.06982	0.02611	0.01779	0.02574	0.01691	0.02652	0.01289	0.01518	0.01066	0.00763	0.00620	0.00226	0.00932	0.00517	0.00407	0.01106
131	0.02915	0.02527	0.02561	0.04778	0.02799	0.12930	0.04804	0.37617	0.13004	0.04269	0.02112	0.02164	0.01553	0.00996	0.00848	0.00258	0.01027	0.00774	0.00744	0.01320
132	0.01347	0.00962	0.01343	0.01539	0.01724	0.00958	0.01329	0.01721	0.01935	0.02519	0.04519	0.14006	0.04951	0.02374	0.01169	0.00388	0.00762	0.54892	0.00784	0.00777
133	0.09566	0.01464	0.01917	0.01483	0.02131	0.01303	0.01225	0.04016	0.02357	0.60479	0.03185	0.02776	0.02012	0.01032	0.00830	0.00263	0.00719	0.00824	0.01011	0.01406
134	0.05868	0.01888	0.06715	0.04644	0.05725	0.04558	0.01512	0.08525	0.08599	0.31809	0.08805	0.02921	0.02435	0.01068	0.00849	0.00264	0.00812	0.00870	0.00843	0.01291
135	0.01067	0.00763	0.01018	0.01195	0.01263	0.00714	0.00820	0.01247	0.01708	0.02289	0.09424	0.61557	0.05783	0.02577	0.01084	0.00342	0.00501	0.05143	0.00801	0.00705
136	0.02242	0.65138	0.04312	0.01518	0.02188	0.03307	0.01488	0.02508	0.01695	0.02006	0.01178	0.01405	0.01094	0.00789	0.00725	0.00197	0.06287	0.00478	0.00365	0.01079
137	0.02278	0.01146	0.01462	0.01329	0.01689	0.01100	0.01073	0.06385	0.02157	0.23040	0.06023	0.10929	0.03206	0.01777	0.04686	0.00344	0.00728	0.11933	0.17681	0.01033
138	0.65602	0.04792	0.01523	0.01217	0.01768	0.02046	0.01014	0.08387	0.01713	0.03890	0.01270	0.01447	0.00981	0.00810	0.00560	0.00259	0.00697	0.00491	0.00552	0.00981
139	0.01037	0.00741	0.00987	0.01185	0.01234	0.00691	0.00790	0.01185	0.01629	0.02172	0.04690	0.69537	0.05629	0.02666	0.01086	0.00346	0.00494	0.02419	0.00790	0.00691
140	0.02517	0.05113	0.03313	0.08601	0.12716	0.24393	0.16567	0.08766	0.02271	0.02677	0.01535	0.01929	0.01221	0.00852	0.00927	0.00255	0.04023	0.00736	0.00465	0.01124
141	0.01814	0.03011	0.29782	0.02731	0.03638	0.01984	0.25875	0.02719	0.06737	0.02716	0.01976	0.07086	0.01619	0.00960	0.00978	0.00287	0.03519	0.00939	0.00460	0.01169
142	0.03235	0.02384	0.02554	0.01958	0.02639	0.02639	0.01618	0.61946	0.04001	0.05363	0.02043	0.02043	0.01447	0.01022	0.00851	0.00255	0.00936	0.00766	0.00851	0.01447
143	0.57429	0.01942	0.07489	0.05434	0.05339	0.01933	0.04545	0.02518	0.01549	0.03512	0.01284	0.01556	0.00989	0.00790	0.00612	0.00266	0.00799	0.00537	0.00493	0.00987
144	0.01586	0.00793	0.00793	0.00793	0.00991	0.00793	0.00595	0.01983	0.01785	0.03173	0.02776	0.03173	0.02181	0.00991	0.00595	0.00198	0.00397	0.00793	0.74817	0.00793
145	0.02877	0.02067	0.02255	0.01784	0.02398	0.02232	0.01450	0.42371	0.10978	0.09155	0.02672	0.05488	0.04344	0.01140	0.00859	0.00259	0.00833	0.00899	0.00845	0.05095
146	0.02007	0.01968	0.02544	0.02176	0.02256	0.05545	0.01800	0.06853	0.01572	0.02310	0.01247	0.01920	0.01183	0.01620	0.05109	0.00396	0.57367	0.00744	0.00417	0.00968
147	0.01037	0.00741	0.00987	0.01185	0.01234	0.00691	0.00790	0.01185	0.01629	0.02172	0.04690	0.69537	0.05629	0.02666	0.01086	0.00346	0.00494	0.02419	0.00790	0.00691
148	0.01894	0.01930	0.03839	0.09184	0.14454	0.01878	0.35877	0.02507	0.01971	0.02777	0.05832	0.02614	0.01814	0.00831	0.00920	0.00270	0.01160	0.00952	0.08191	0.01105
149	0.06380	0.28373	0.07075	0.01622	0.02320	0.08630	0.01494	0.06366	0.02159	0.24838	0.02037	0.01991	0.01463	0.00882	0.00710	0.00228	0.00917	0.00635	0.00649	0.01230
150	0.01236	0.00830	0.00952	0.00952	0.00960	0.00838	0.00545	0.01253	0.01244	0.01667	0.02660	0.05451	0.03043	0.66704	0.07649	0.00854	0.00902	0.01220	0.00512	0.00529
151	0.01054	0.00762	0.00998	0.01155	0.01234	0.00705	0.00784	0.01235	0.01734	0.02320	0.11678	0.59094	0.09029	0.02534	0.01073	0.00334	0.00480	0.02286	0.00807	0.00705
152	0.01701	0.01696	0.03129	0.52984	0.05531	0.01952	0.16227	0.02303	0.01773	0.02303	0.01561	0.02275	0.01171	0.00820	0.00887	0.00284	0.01205	0.00814	0.00390	0.00993
153	0.01820	0.03730	0.48125	0.03215	0.20923	0.01989	0.02994	0.02672	0.01836	0.02719	0.01548	0.01884	0.01154	0.00794	0.00818	0.00265	0.01188	0.00665	0.00377	0.01283
154	0.02117	0.01828	0.01924	0.01732	0.02213	0.02117	0.01347	0.04522	0.63246	0.03560	0.03464	0.03175	0.02598	0.01155	0.00866	0.00289	0.00673	0.00962	0.00866	0.01347
155	0.01037	0.00741	0.00987	0.01185	0.01234	0.00691	0.00790	0.01185	0.01629	0.02172	0.04690	0.69537	0.05629	0.02666	0.01086	0.00346	0.00494	0.02419	0.00790	0.00691
156	0.01913	0.01591	0.02214	0.13603	0.02713	0.01944	0.04750	0.10275	0.01912	0.02839	0.01892	0.05015	0.01613	0.01197	0.01485	0.00293	0.24461	0.00842	0.18476	0.00973
157	0.01238	0.00825	0.00928	0.00928	0.00928	0.00825	0.00516	0.01238	0.01238	0.01650	0.02681	0.05569	0.03094	0.70092	0.04331	0.00825	0.00825	0.01238	0.00516	0.00516
158	0.01478	0.00739	0.01109	0.01109	0.01109	0.00739	0.00739	0.01109	0.01109	0.01478	0.01478	0.02587	0.01478	0.02956	0.03326	0.75240	0.00739	0.00739	0.00370	0.00370
159	0.01862	0.01862	0.02607	0.02234	0.02234	0.02607	0.01862	0.02048	0.01303	0.02048	0.01117	0.01862	0.01117	0.01489	0.02793	0.00372	0.68535	0.00745	0.00372	0.00931
160	0.02273	0.02361	0.03106	0.09462	0.45035	0.14404	0.02343	0.02824	0.05101	0.02638	0.01633	0.02064	0.01346	0.00808	0.00830	0.00251	0.01104	0.00728	0.00444	0.01247
161	0.01006	0.00862	0.00862	0.00862	0.01149	0.00718	0.00647	0.01221	0.01940	0.02299	0.08621	0.08190	0.64438	0.02155	0.01006	0.00287	0.00431	0.01796	0.00790	0.00718
162	0.01037	0.00829	0.00933	0.01009	0.01213	0.00725	0.00736	0.01241	0.01839	0.02272	0.07090	0.28456	0.41652	0.02335	0.01042	0.00313	0.00472	0.05305	0.00790	0.00713
163	0.02106	0.02022	0.03454	0.05223	0.64784	0.02022	0.02612	0.02612	0.01938	0.02780	0.01601	0.02106	0.01348	0.00758	0.00842	0.00253	0.01011	0.00758	0.00421	0.01348
164	0.02223	0.56294	0.12705	0.01589	0.02368	0.03011	0.01667	0.02598	0.01755	0.04658	0.01356	0.01554	0.01166	0.00945	0.02851	0.00238	0.00997	0.00511	0.00394	0.01118
165	0.01756	0.01716	0.03062	0.47371	0.16712	0.01951	0.10600	0.02332	0.01788	0.02364	0.01558	0.02242	0.01196	0.00815	0.00870	0.00278	0.01153	0.00791	0.00393	0.01049
166	0.01037	0.00741	0.00987	0.01185	0.01234	0.00691	0.00790	0.01185	0.01629	0.02172	0.04690	0.69537	0.05629	0.02666	0.01086	0.00346	0.00494	0.02419	0.00790	0.00691
167	0.02954	0.01906	0.02299	0.02122	0.09232	0.02010	0.01540	0.21586	0.20699	0.22163	0.02797	0.02633	0.01967	0.01041	0.00856	0.00267	0.00805	0.00849	0.00867	0.01407
168	0.26507	0.02121	0.02107	0.01679	0.02301	0.02381	0.01382	0.40232	0.05956	0.04784	0.01835	0.01885	0.01333	0.00954	0.00748	0.00259	0.00835	0.00678	0.00748	0.01274
169	0.02275	0.70604	0.04459	0.01456	0.02184	0.03367	0.01456	0.02548	0.01729	0.02002	0.01183	0.01365	0.01092	0.00728	0.00546	0.00182	0.00910	0.00455	0.00364	0.01092
170	0.01217	0.00816	0.00934	0.00954	0.00960	0.00811	0.00544	0.01232	0.01278	0.01704	0.02887	0.12126	0.03354	0.63181	0.03999	0.00776	0.00791	0.01359	0.00544	0.00534
171	0.01707	0.04402	0.65683	0.02426	0.03683	0.01976	0.03144	0.02695	0.01797	0.02695	0.01527	0.01797	0.01078	0.00809	0.00809	0.00270	0.01258	0.00629	0.00359	0.01258
172	0.02156	0.02975	0.25875	0.03739	0.33982	0.06120	0.02643	0.02806	0.01954	0.07306	0.01685	0.02015	0.01289	0.00806	0.00826	0.00257	0.01113	0.00705	0.00446	0.01299
173	0.01309	0.00883	0.01117	0.01082	0.01302	0.00798	0.00802	0.01629	0.02193	0.06999	0.40228	0.17438	0.17156	0.01930	0.01009	0.00284	0.00444	0.01693	0.00893	0.00810
174	0.01037	0.00741	0.00987	0.01185	0.01234	0.00691	0.00790	0.01185	0.01629	0.02172	0.04690	0.69537	0.05629	0.02666	0.01086	0.00346	0.00494	0.02419	0.00790	0.00691
175	0.02190	0.01636	0.01789	0.01585	0.02057	0.01800	0.01239	0.04006	0.46173	0.11655	0.06975	0.03784	0.08814	0.01267	0.00885	0.00284	0.00643	0.01058	0.00887	0.01272
176	0.02009	0.02296	0.05022	0.03587	0.04448	0.02152	0.61693	0.02726	0.02009	0.02726	0.01722	0.02296	0.01291	0.00717	0.01004	0.00287	0.01435	0.01004	0.00430	0.01148
177	0.01045	0.00744	0.00985	0.01174	0.01222	0.00697	0.00779	0.01187	0.01613	0.02151	0.04607	0.66894	0.05524	0.05452	0.01220	0.00365	0.00507	0.02370	0.00779	0.00684
178	0.01885	0.01930	0.02986	0.02447	0.02582	0.02535	0.11265	0.02155	0.01414	0.02155	0.01212	0.01930	0.01144	0.01368	0.02512	0.00359	0.57990	0.00786	0.00381	0.00965
179	0.01478	0.00739	0.01109	0.01109	0.01109	0.00739	0.00739	0.01109	0.01109	0.01478	0.01478	0.02587	0.01478	0.02956	0.03326	0.75240	0.00739	0.00739	0.00370	0.00370
180	0.01765	0.01513	0.01765	0.01260	0.02017	0.01134	0.01008	0.02143	0.01765	0.02773	0.01513	0.01765	0.01260	0.00630	0.00630	0.00126	0.00630	0.00504	0.00504	0.75295
181	0.01242	0.01106	0.01003	0.00986	0.01207	0.05992	0.00690	0.01399	0.01785	0.02104	0.06411	0.06942	0.42579	0.20684	0.01899	0.00429	0.00627	0.01544	0.00687	0.00684
182	0.01055	0.00858	0.00935	0.00929	0.01183	0.00737	0.00692	0.01312	0.02036	0.02559	0.21762	0.11013	0.47794	0.02083	0.01010	0.00286	0.00427	0.01768	0.00825	0.00737
183	0.03146	0.02282	0.02461	0.01914	0.02573	0.02520	0.01572	0.53271	0.10088	0.07983	0.02252	0.02201	0.01598	0.01037	0.00853	0.00259	0.00899	0.00791	0.00862	0.01437
184	0.01905	0.01553	0.01796	0.01337	0.02051	0.01275	0.01066	0.02561	0.10282	0.05671	0.01864	0.02010	0.01483	0.00721	0.00673	0.00155	0.00640	0.00583	0.00579	0.61795

[dist]
# distance from previous block
# <min> <max>
0	1

[block]
# block no. 2 follows, 21 sequences, length 39
# corresponding to MSA columns:
# 288-326
name=unknown_C
#
# <colnr> <probs for GDERKNQSTAVLIFYWHMCP>
#	G	D	E	R	K	N	Q	S	T	A	V	L	I	F	Y	W	H	M	C	P
0	0.02514	0.01986	0.01980	0.01708	0.02212	0.08479	0.01342	0.12042	0.34642	0.11992	0.06731	0.03198	0.05016	0.01168	0.00866	0.00272	0.00779	0.00945	0.00847	0.01282
1	0.02164	0.02158	0.04349	0.03145	0.03939	0.02041	0.48405	0.07675	0.02175	0.06515	0.01967	0.05269	0.01542	0.00845	0.00974	0.00280	0.01283	0.01021	0.00520	0.03733
2	0.02843	0.02219	0.02601	0.01998	0.02674	0.02385	0.06551	0.43599	0.11592	0.04655	0.02157	0.02190	0.01571	0.00977	0.00845	0.00250	0.00914	0.00788	0.00785	0.08405
3	0.01446	0.01047	0.01282	0.01311	0.01489	0.01050	0.00939	0.12070	0.02131	0.02867	0.10259	0.51095	0.05126	0.02279	0.01036	0.00322	0.00563	0.02035	0.00816	0.00837
4	0.02757	0.01938	0.02130	0.01766	0.02340	0.02133	0.01415	0.22466	0.34319	0.14645	0.03000	0.02773	0.02153	0.01096	0.00860	0.00274	0.00765	0.00883	0.00893	0.01396
5	0.01815	0.01558	0.01788	0.01328	0.02045	0.01275	0.01057	0.02484	0.10589	0.02886	0.01793	0.01967	0.01452	0.00705	0.00664	0.00149	0.00636	0.00570	0.00556	0.64682
6	0.01845	0.01438	0.01669	0.01360	0.01905	0.01315	0.01063	0.02739	0.17876	0.06859	0.13667	0.06229	0.03092	0.01089	0.00794	0.00213	0.00599	0.00922	0.00723	0.34602
7	0.09594	0.01554	0.01905	0.01486	0.02131	0.01439	0.01215	0.06486	0.08092	0.42593	0.02859	0.02593	0.01901	0.00979	0.00796	0.00246	0.00711	0.00778	0.00904	0.11737
8	0.07282	0.03571	0.02281	0.02048	0.02512	0.53765	0.01553	0.03476	0.05925	0.07564	0.01605	0.01736	0.01259	0.00903	0.00767	0.00229	0.01367	0.00593	0.00520	0.01043
9	0.22275	0.01548	0.01706	0.01448	0.01878	0.01728	0.01178	0.08477	0.07113	0.17159	0.02225	0.02367	0.01653	0.01354	0.04919	0.00335	0.09444	0.00730	0.11366	0.01097
10	0.01995	0.02251	0.04835	0.03453	0.04308	0.02094	0.58214	0.02693	0.01995	0.02729	0.01710	0.02265	0.01289	0.00712	0.00983	0.00278	0.01389	0.00976	0.00435	0.05399
11	0.01817	0.17214	0.53835	0.02238	0.03393	0.02246	0.02818	0.02667	0.01784	0.02561	0.01461	0.01713	0.01081	0.00793	0.00758	0.00253	0.01190	0.00595	0.00360	0.01226
12	0.01144	0.00862	0.01069	0.01162	0.01313	0.00816	0.00833	0.01495	0.05452	0.02518	0.15933	0.40352	0.16041	0.02306	0.01050	0.00321	0.00493	0.05262	0.00820	0.00760
13	0.02981	0.02866	0.06171	0.02129	0.02727	0.19630	0.04381	0.33406	0.03084	0.05842	0.01768	0.01916	0.01319	0.00998	0.00999	0.00258	0.06897	0.00712	0.00660	0.01256
14	0.06942	0.02271	0.02306	0.08107	0.02744	0.09030	0.01565	0.38229	0.06808	0.04357	0.07339	0.02414	0.01988	0.01047	0.00838	0.00258	0.00940	0.00804	0.00753	0.01260
15	0.02113	0.02268	0.04586	0.03319	0.04091	0.02236	0.50994	0.08280	0.02138	0.02919	0.01702	0.02235	0.01291	0.00811	0.01139	0.00291	0.07003	0.00960	0.00465	0.01158
16	0.01051	0.00751	0.01000	0.01175	0.01237	0.00701	0.00791	0.01220	0.01695	0.02276	0.09682	0.64249	0.05829	0.02589	0.01079	0.00339	0.00486	0.02346	0.00802	0.00701
17	0.01740	0.08282	0.62095	0.02369	0.03595	0.02058	0.03045	0.02686	0.01793	0.02654	0.01507	0.01771	0.01079	0.00804	0.00793	0.00264	0.01237	0.00619	0.00360	0.01248
18	0.08759	0.01486	0.12558	0.01400	0.01713	0.01044	0.01223	0.01588	0.01641	0.02432	0.03771	0.50547	0.04340	0.02145	0.00980	0.00324	0.00647	0.01901	0.00686	0.00816
19	0.01061	0.00759	0.01009	0.01168	0.01240	0.00707	0.00792	0.01246	0.01742	0.02351	0.13278	0.60440	0.05974	0.02533	0.01074	0.00334	0.00480	0.02293	0.00811	0.00707
20	0.01194	0.00862	0.01129	0.01077	0.01269	0.00796	0.00802	0.01581	0.02362	0.03338	0.60766	0.10137	0.07886	0.01795	0.01009	0.00272	0.00407	0.01592	0.00928	0.00796
21	0.06674	0.01882	0.02017	0.01709	0.02230	0.02095	0.01357	0.24364	0.28998	0.07695	0.02951	0.09378	0.02374	0.01234	0.00863	0.00280	0.00750	0.01006	0.00845	0.01298
22	0.02009	0.02296	0.05022	0.03587	0.04448	0.02152	0.61693	0.02726	0.02009	0.02726	0.01722	0.02296	0.01291	0.00717	0.01004	0.00287	0.01435	0.01004	0.00430	0.01148
23	0.01037	0.00741	0.00987	0.01185	0.01234	0.00691	0.00790	0.01185	0.01629	0.02172	0.04690	0.69537	0.05629	0.02666	0.01086	0.00346	0.00494	0.02419	0.00790	0.00691
24	0.01052	0.00763	0.01018	0.01187	0.01257	0.00728	0.00809	0.01218	0.01619	0.02160	0.04647	0.60371	0.08071	0.02994	0.07301	0.00440	0.00660	0.02247	0.00758	0.00699
25	0.03655	0.01709	0.02136	0.01638	0.02303	0.01638	0.01353	0.20274	0.02873	0.48629	0.02991	0.02658	0.01923	0.01044	0.00855	0.00261	0.00783	0.00831	0.00997	0.01448
26	0.01037	0.00741	0.00987	0.01185	0.01234	0.00691	0.00790	0.01185	0.01629	0.02172	0.04690	0.69537	0.05629	0.02666	0.01086	0.00346	0.00494	0.02419	0.00790	0.00691
27	0.02009	0.02296	0.05022	0.03587	0.04448	0.02152	0.61693	0.02726	0.02009	0.02726	0.01722	0.02296	0.01291	0.00717	0.01004	0.00287	0.01435	0.01004	0.00430	0.01148
28	0.02133	0.01887	0.01924	0.01744	0.02214	0.04671	0.01360	0.04378	0.58601	0.03464	0.03415	0.03340	0.02620	0.01186	0.00873	0.00290	0.00712	0.03031	0.00846	0.01312
29	0.03138	0.02336	0.02499	0.01938	0.02602	0.02594	0.01594	0.56979	0.09125	0.05207	0.02166	0.02141	0.01547	0.01033	0.00853	0.00258	0.00914	0.00783	0.00853	0.01439
30	0.02275	0.70604	0.04459	0.01456	0.02184	0.03367	0.01456	0.02548	0.01729	0.02002	0.01183	0.01365	0.01092	0.00728	0.00546	0.00182	0.00910	0.00455	0.00364	0.01092
31	0.02439	0.58543	0.04088	0.01590	0.02265	0.14841	0.01490	0.02702	0.01853	0.02017	0.01207	0.01396	0.01093	0.00755	0.00586	0.00189	0.01023	0.00472	0.00378	0.01073
32	0.01037	0.00741	0.00987	0.01185	0.01234	0.00691	0.00790	0.01185	0.01629	0.02172	0.04690	0.69537	0.05629	0.02666	0.01086	0.00346	0.00494	0.02419	0.00790	0.00691
33	0.01012	0.00839	0.00886	0.00924	0.01166	0.00713	0.00674	0.01214	0.01880	0.02275	0.07866	0.19976	0.53140	0.02253	0.01021	0.00299	0.00443	0.01916	0.00790	0.00713
34	0.02981	0.02171	0.02327	0.01812	0.02410	0.02391	0.01472	0.53743	0.03653	0.04934	0.02134	0.02404	0.01626	0.06994	0.01140	0.00302	0.00900	0.00808	0.04464	0.01334
35	0.01901	0.02919	0.23835	0.03106	0.04016	0.02136	0.38158	0.02658	0.01881	0.02658	0.01608	0.02102	0.01209	0.00813	0.01098	0.00289	0.07183	0.00864	0.00403	0.01163
36	0.01956	0.01833	0.02825	0.40711	0.23612	0.04236	0.02350	0.07521	0.01998	0.02634	0.01579	0.02174	0.01226	0.00838	0.00845	0.00269	0.01093	0.00751	0.00434	0.01114
37	0.09623	0.01818	0.04332	0.05909	0.11550	0.03688	0.01558	0.06250	0.12868	0.22398	0.06183	0.02685	0.02131	0.00998	0.00818	0.00260	0.00805	0.00821	0.00755	0.04549
38	0.02259	0.02392	0.16438	0.01818	0.02500	0.01910	0.01719	0.29098	0.02787	0.03845	0.05118	0.14460	0.02400	0.01268	0.00870	0.00263	0.00876	0.01046	0.00700	0.08235

[dist]
# distance from previous block
# <min> <max>
5	17

[block]
# block no. 3 follows, 21 sequences, length 276
# corresponding to MSA columns:
# 344-619
name=unknown_D
#
# <colnr> <probs for GDERKNQSTAVLIFYWHMCP>
#	G	D	E	R	K	N	Q	S	T	A	V	L	I	F	Y	W	H	M	C	P
0	0.01818	0.01299	0.01897	0.01618	0.02001	0.01208	0.09072	0.07797	0.02006	0.10127	0.03356	0.33897	0.03517	0.05088	0.01123	0.00313	0.00724	0.01570	0.00728	0.10839
1	0.02430	0.01796	0.02018	0.01586	0.02186	0.01793	0.01273	0.29009	0.05593	0.06963	0.06646	0.08712	0.02332	0.01119	0.00820	0.00229	0.00745	0.00912	0.00760	0.23079
2	0.02159	0.02057	0.03798	0.03106	0.11965	0.01910	0.33600	0.06837	0.02113	0.06411	0.01776	0.02177	0.01349	0.00745	0.00887	0.00246	0.01138	0.00843	0.00508	0.16376
