[name]
unknown

[dist]
# distance from previous block
# <min> <max>
0	61

[block]
# block no. 0 follows, 24 sequences, length 25
# corresponding to MSA columns:
# 63-87
name=unknown_A
#
# <colnr> <probs for GDERKNQSTAVLIFYWHMCP>
#	G	D	E	R	K	N	Q	S	T	A	V	L	I	F	Y	W	H	M	C	P
0	0.00989	0.00706	0.00946	0.01130	0.01186	0.00664	0.00775	0.01143	0.01540	0.02050	0.04358	0.67076	0.05195	0.02463	0.01018	0.00325	0.00480	0.06569	0.00736	0.00650
1	0.01543	0.03768	0.61163	0.02159	0.03225	0.01754	0.02731	0.02399	0.01633	0.02442	0.01495	0.01822	0.01105	0.01287	0.07766	0.00356	0.01270	0.00613	0.00344	0.01124
2	0.01110	0.00801	0.01049	0.01006	0.01182	0.00740	0.00747	0.01467	0.02189	0.03092	0.62022	0.10919	0.07312	0.01687	0.00941	0.00255	0.00381	0.01496	0.00863	0.00740
3	0.01729	0.01645	0.02796	0.37760	0.36121	0.01823	0.02317	0.02229	0.01695	0.02307	0.01450	0.02039	0.01156	0.00750	0.00789	0.00250	0.01000	0.00706	0.00372	0.01067
4	0.01153	0.00769	0.00865	0.00865	0.00865	0.00769	0.00480	0.01153	0.01153	0.01538	0.02499	0.05189	0.02883	0.72131	0.04036	0.00769	0.00769	0.01153	0.00480	0.00480
5	0.01054	0.00808	0.00965	0.00926	0.01143	0.00719	0.00694	0.01364	0.02083	0.02796	0.45065	0.06555	0.29423	0.01764	0.00936	0.00256	0.00384	0.01523	0.00822	0.00719
6	0.67070	0.01511	0.01248	0.01079	0.01594	0.01685	0.00887	0.02426	0.01439	0.08374	0.01278	0.01419	0.00964	0.00745	0.00520	0.00237	0.00616	0.00460	0.00527	0.05920
7	0.02120	0.72609	0.04155	0.01357	0.02035	0.03138	0.01357	0.02374	0.01611	0.01866	0.01102	0.01272	0.01018	0.00678	0.00509	0.00170	0.00848	0.00424	0.00339	0.01018
8	0.37996	0.04790	0.17945	0.05053	0.05418	0.01745	0.01550	0.02505	0.01580	0.09684	0.01484	0.01668	0.01090	0.00772	0.00620	0.00242	0.00795	0.00545	0.03509	0.01008
9	0.09891	0.65304	0.03848	0.01325	0.01984	0.02998	0.01306	0.02370	0.01584	0.02040	0.01103	0.01274	0.01001	0.00684	0.00507	0.00177	0.00824	0.00425	0.00355	0.01001
10	0.01539	0.00903	0.01194	0.01068	0.01328	0.00820	0.00820	0.01902	0.02249	0.14229	0.55874	0.05372	0.06538	0.01512	0.00912	0.00249	0.00426	0.01325	0.00892	0.00851
11	0.01027	0.00772	0.01087	0.09008	0.01643	0.00772	0.00904	0.01210	0.01526	0.02024	0.04032	0.63666	0.04766	0.02291	0.00987	0.00315	0.00528	0.02077	0.00692	0.00671
12	0.01818	0.25250	0.45231	0.01971	0.02955	0.05365	0.02379	0.02500	0.01681	0.02285	0.01315	0.01539	0.01009	0.00733	0.00676	0.00224	0.01084	0.00532	0.00340	0.01113
13	0.01735	0.01735	0.02429	0.02082	0.02082	0.02429	0.01735	0.01908	0.01214	0.01908	0.01041	0.01735	0.01041	0.01388	0.02602	0.00347	0.70680	0.00694	0.00347	0.00867
14	0.00937	0.00803	0.00803	0.00803	0.01071	0.00669	0.00602	0.01138	0.01807	0.02142	0.08033	0.07632	0.66863	0.02008	0.00937	0.00268	0.00402	0.01674	0.00736	0.00669
15	0.01114	0.00805	0.01053	0.01003	0.01183	0.00743	0.00748	0.01477	0.02208	0.03122	0.63621	0.09235	0.07369	0.01665	0.00939	0.00253	0.00378	0.01475	0.00866	0.00743
16	0.01869	0.40185	0.34384	0.01784	0.02696	0.02524	0.02101	0.02439	0.01641	0.02171	0.01254	0.01462	0.01011	0.00714	0.00625	0.00208	0.01001	0.00501	0.00337	0.01091
17	0.01915	0.01835	0.03132	0.11584	0.60842	0.01872	0.02410	0.02392	0.01783	0.02533	0.01483	0.01978	0.01236	0.00715	0.00786	0.00238	0.00954	0.00706	0.00388	0.01218
18	0.01791	0.01955	0.03905	0.12572	0.03920	0.02055	0.43040	0.02341	0.01700	0.02341	0.01464	0.02055	0.01150	0.00829	0.01247	0.00283	0.15107	0.00855	0.00383	0.01003
19	0.01669	0.08784	0.54401	0.02348	0.03432	0.01959	0.11534	0.02505	0.01698	0.02469	0.01426	0.01711	0.01034	0.00736	0.00762	0.00248	0.01172	0.00624	0.00345	0.01146
20	0.53515	0.16878	0.04079	0.01149	0.01682	0.02002	0.01029	0.02288	0.01479	0.03131	0.05692	0.01621	0.01360	0.00786	0.00535	0.00230	0.00666	0.00504	0.00479	0.00896
21	0.01833	0.01296	0.01555	0.01335	0.01680	0.04420	0.03900	0.08984	0.06469	0.12292	0.29556	0.08873	0.09306	0.03682	0.00986	0.00270	0.00605	0.01224	0.00799	0.00935
22	0.01818	0.01878	0.03634	0.06558	0.28503	0.01816	0.30713	0.02354	0.01800	0.02502	0.01746	0.07083	0.01509	0.00817	0.00864	0.00254	0.01081	0.00916	0.00422	0.03732
23	0.05458	0.01820	0.01958	0.01553	0.02110	0.06562	0.01259	0.26252	0.05038	0.25075	0.08921	0.02549	0.02171	0.01000	0.00784	0.00235	0.00765	0.00786	0.00810	0.04893
24	0.19314	0.01761	0.01717	0.01408	0.01907	0.07449	0.01129	0.17989	0.02227	0.08283	0.06269	0.05205	0.04391	0.01000	0.00778	0.00226	0.03450	0.00747	0.00634	0.14115

[dist]
# distance from previous block
# <min> <max>
1	4

[block]
# block no. 1 follows, 24 sequences, length 14
# corresponding to MSA columns:
# 92-105
name=unknown_B
#
# <colnr> <probs for GDERKNQSTAVLIFYWHMCP>
#	G	D	E	R	K	N	Q	S	T	A	V	L	I	F	Y	W	H	M	C	P
0	0.03088	0.01994	0.02226	0.01718	0.02339	0.02136	0.01416	0.47483	0.06511	0.19413	0.02253	0.02141	0.01544	0.00965	0.00795	0.00241	0.00815	0.00742	0.00837	0.01344
1	0.07791	0.00964	0.01183	0.01071	0.01340	0.00927	0.00823	0.01932	0.04578	0.10393	0.51829	0.05068	0.06127	0.01456	0.00878	0.00249	0.00437	0.01259	0.00851	0.00843
2	0.01796	0.02019	0.04367	0.03156	0.03896	0.01892	0.59023	0.02421	0.01842	0.02497	0.01834	0.07912	0.01539	0.00819	0.00942	0.00272	0.01264	0.01045	0.00429	0.01034
3	0.01842	0.01710	0.02612	0.21271	0.33282	0.01876	0.02054	0.02806	0.19012	0.02638	0.01939	0.02272	0.01518	0.00829	0.00793	0.00252	0.00888	0.00757	0.00494	0.01157
4	0.01101	0.00792	0.01072	0.01247	0.01362	0.00763	0.00967	0.01341	0.01665	0.02182	0.04453	0.41457	0.07598	0.02335	0.01045	0.00339	0.00576	0.28289	0.00734	0.00683
5	0.01109	0.00800	0.01048	0.01007	0.01182	0.00739	0.00747	0.01462	0.02182	0.03080	0.61346	0.11630	0.07288	0.01696	0.00942	0.00256	0.00382	0.01505	0.00861	0.00739
6	0.02361	0.01783	0.02281	0.05413	0.18074	0.01923	0.01617	0.14936	0.27159	0.12192	0.02466	0.02447	0.01815	0.00938	0.00797	0.00252	0.00775	0.00794	0.00708	0.01269
7	0.01058	0.00733	0.00905	0.00993	0.01028	0.00706	0.00625	0.01152	0.01408	0.01890	0.07750	0.38195	0.04364	0.32834	0.02327	0.00512	0.00589	0.01718	0.00634	0.00580
8	0.01910	0.01830	0.03124	0.12267	0.60197	0.01870	0.02407	0.02388	0.01781	0.02527	0.01482	0.01980	0.01234	0.00716	0.00786	0.00239	0.00955	0.00706	0.00388	0.01214
9	0.05909	0.02209	0.07968	0.07191	0.02694	0.02213	0.01624	0.44776	0.05998	0.08629	0.01932	0.01976	0.01365	0.00921	0.00778	0.00243	0.00878	0.00704	0.00719	0.01271
10	0.01853	0.08048	0.09726	0.01615	0.02327	0.01613	0.07229	0.09870	0.05096	0.02815	0.01695	0.05107	0.01422	0.00781	0.00688	0.00183	0.00777	0.00659	0.00506	0.37988
11	0.02553	0.01647	0.04685	0.10042	0.07076	0.01486	0.16674	0.03007	0.01997	0.32134	0.02384	0.02686	0.01697	0.00903	0.00834	0.00253	0.00910	0.03864	0.00676	0.04491
12	0.47007	0.01858	0.08370	0.02195	0.19435	0.01777	0.01486	0.02347	0.01536	0.03179	0.03548	0.01672	0.01213	0.00761	0.00612	0.00243	0.00749	0.00555	0.00462	0.00993
13	0.01754	0.01588	0.02517	0.34265	0.13773	0.01723	0.07075	0.09111	0.01887	0.02556	0.01684	0.06484	0.01416	0.00871	0.00793	0.00243	0.00948	0.00797	0.00451	0.10063

[dist]
# distance from previous block
# <min> <max>
1	11

[block]
# block no. 2 follows, 24 sequences, length 7
# corresponding to MSA columns:
# 120-126
name=unknown_C
#
# <colnr> <probs for GDERKNQSTAVLIFYWHMCP>
#	G	D	E	R	K	N	Q	S	T	A	V	L	I	F	Y	W	H	M	C	P
0	0.01907	0.28125	0.37836	0.01855	0.02779	0.02273	0.02177	0.02637	0.05504	0.05849	0.01509	0.01663	0.01145	0.00758	0.00672	0.00223	0.00998	0.00558	0.00399	0.01132
1	0.09694	0.17832	0.40399	0.01780	0.02671	0.01989	0.02128	0.02393	0.01626	0.02534	0.01447	0.01687	0.01102	0.00754	0.00653	0.00226	0.00959	0.00552	0.08514	0.01060
2	0.09434	0.15536	0.19715	0.05053	0.02689	0.26992	0.01834	0.05844	0.01945	0.02389	0.01287	0.01509	0.01019	0.00774	0.00675	0.00219	0.01138	0.00527	0.00402	0.01017
3	0.45492	0.11072	0.09382	0.01291	0.01889	0.01890	0.01215	0.05162	0.01650	0.09309	0.04257	0.01694	0.01313	0.00802	0.00585	0.00236	0.00715	0.00538	0.00529	0.00978
4	0.08615	0.04361	0.01386	0.01152	0.01390	0.01223	0.00879	0.08310	0.02020	0.02953	0.33005	0.09230	0.04712	0.12077	0.01418	0.00333	0.04242	0.01194	0.00707	0.00794
5	0.01104	0.00788	0.01003	0.01065	0.01119	0.00801	0.00716	0.01242	0.01468	0.02025	0.10175	0.36103	0.04324	0.23120	0.04497	0.00479	0.04236	0.01650	0.03462	0.00624
6	0.14574	0.29864	0.02839	0.01579	0.02145	0.21012	0.01352	0.13502	0.02117	0.02706	0.01278	0.01429	0.01051	0.00774	0.00613	0.00203	0.00976	0.00500	0.00462	0.01023

[dist]
# distance from previous block
# <min> <max>
0	1

[block]
# block no. 3 follows, 24 sequences, length 11
# corresponding to MSA columns:
# 128-138
name=unknown_D
#
# <colnr> <probs for GDERKNQSTAVLIFYWHMCP>
#	G	D	E	R	K	N	Q	S	T	A	V	L	I	F	Y	W	H	M	C	P
0	0.01756	0.02170	0.09982	0.03021	0.03781	0.01854	0.52439	0.02394	0.01819	0.02486	0.01865	0.09052	0.01590	0.00858	0.00927	0.00271	0.01234	0.01036	0.00429	0.01036
1	0.10384	0.18032	0.02714	0.01857	0.02319	0.32560	0.05011	0.05943	0.01950	0.02284	0.01222	0.01482	0.01033	0.00845	0.00886	0.00223	0.09341	0.00540	0.00415	0.00959
2	0.01133	0.00850	0.01274	0.01274	0.01416	0.00991	0.00991	0.01416	0.01274	0.01841	0.02124	0.03115	0.01982	0.05947	0.68989	0.01274	0.02124	0.00850	0.00425	0.00708
3	0.01041	0.00800	0.00951	0.00929	0.01138	0.00711	0.00691	0.01333	0.02030	0.02705	0.40057	0.10648	0.30449	0.01825	0.00941	0.00261	0.00390	0.01578	0.00811	0.00711
4	0.01799	0.15632	0.22249	0.09654	0.03691	0.02143	0.28844	0.02448	0.01738	0.02354	0.01440	0.01845	0.01098	0.00707	0.00790	0.00244	0.01171	0.00718	0.00366	0.01069
5	0.03339	0.01439	0.01869	0.01444	0.02035	0.01320	0.01188	0.12138	0.02470	0.55225	0.06715	0.02779	0.02204	0.01015	0.00805	0.00245	0.00684	0.00823	0.00949	0.01314
6	0.00966	0.00690	0.00920	0.01104	0.01150	0.00644	0.00736	0.01104	0.01518	0.02024	0.04371	0.71614	0.05245	0.02484	0.01012	0.00322	0.00460	0.02254	0.00736	0.00644
7	0.54994	0.01349	0.01136	0.01012	0.01449	0.01505	0.00822	0.02367	0.01498	0.09184	0.01598	0.01767	0.01205	0.00798	0.00532	0.00233	0.00567	0.00528	0.16579	0.00878
8	0.02287	0.01497	0.01724	0.01497	0.01953	0.01615	0.01180	0.03769	0.40636	0.20414	0.07612	0.03107	0.02630	0.01369	0.04728	0.00319	0.00708	0.00905	0.00836	0.01213
9	0.27019	0.21904	0.19916	0.01501	0.02242	0.02094	0.01588	0.02586	0.01626	0.10973	0.01446	0.01566	0.01082	0.00756	0.00605	0.00226	0.00835	0.00516	0.00470	0.01049
10	0.02671	0.12288	0.12737	0.01815	0.02431	0.22805	0.01647	0.09840	0.04677	0.15953	0.01777	0.01833	0.01304	0.00872	0.00803	0.00228	0.04025	0.00615	0.00561	0.01119

[dist]
# distance from previous block
# <min> <max>
3	13

[block]
# block no. 4 follows, 24 sequences, length 29
# corresponding to MSA columns:
# 152-180
name=unknown_E
#
# <colnr> <probs for GDERKNQSTAVLIFYWHMCP>
#	G	D	E	R	K	N	Q	S	T	A	V	L	I	F	Y	W	H	M	C	P
0	0.14469	0.01188	0.01357	0.01281	0.01610	0.01214	0.01027	0.10074	0.01974	0.10272	0.05621	0.19542	0.03239	0.01564	0.00847	0.00281	0.00621	0.15087	0.05143	0.03589
1	0.02878	0.02182	0.06116	0.01804	0.02428	0.02250	0.01549	0.47964	0.06634	0.11690	0.02044	0.02028	0.01441	0.00971	0.00876	0.00246	0.04096	0.00725	0.00768	0.01311
2	0.22860	0.01444	0.01857	0.32779	0.03410	0.01679	0.01540	0.05931	0.04427	0.07605	0.07572	0.02302	0.01734	0.00888	0.00723	0.00255	0.00815	0.00711	0.00529	0.00940
3	0.05769	0.01190	0.01385	0.01264	0.01601	0.01220	0.00995	0.02513	0.20426	0.06876	0.30011	0.04671	0.04603	0.01371	0.00860	0.00258	0.00531	0.07679	0.00797	0.05979
4	0.27471	0.01436	0.01618	0.01307	0.01868	0.01426	0.01073	0.03394	0.06840	0.41998	0.02480	0.02262	0.01640	0.00909	0.00699	0.00247	0.00651	0.00686	0.00809	0.01183
5	0.77733	0.01534	0.01166	0.01043	0.01534	0.01779	0.00859	0.02331	0.01350	0.03558	0.01104	0.01288	0.00859	0.00736	0.00491	0.00245	0.00613	0.00429	0.00491	0.00859
6	0.03216	0.01898	0.02180	0.01671	0.02298	0.01980	0.01381	0.42058	0.03188	0.28244	0.02358	0.02199	0.01576	0.00963	0.00795	0.00241	0.00799	0.00745	0.00863	0.01349
7	0.02990	0.06738	0.02450	0.01780	0.02403	0.06257	0.01476	0.53019	0.03411	0.08773	0.01895	0.01889	0.01349	0.00929	0.00771	0.00232	0.00890	0.00689	0.00755	0.01303
8	0.01201	0.00848	0.00997	0.00955	0.01210	0.00746	0.00733	0.01485	0.02008	0.06897	0.30216	0.06717	0.36177	0.01801	0.00936	0.00265	0.00427	0.04828	0.00805	0.00748
9	0.01153	0.00769	0.00865	0.00865	0.00865	0.00769	0.00480	0.01153	0.01153	0.01538	0.02499	0.05189	0.02883	0.72131	0.04036	0.00769	0.00769	0.01153	0.00480	0.00480
10	0.02197	0.01815	0.01920	0.01659	0.02148	0.02077	0.01310	0.17231	0.52368	0.03680	0.02942	0.02731	0.02189	0.01049	0.00804	0.00262	0.00680	0.00857	0.00804	0.01275
11	0.01153	0.00769	0.00865	0.00865	0.00865	0.00769	0.00480	0.01153	0.01153	0.01538	0.02499	0.05189	0.02883	0.72131	0.04036	0.00769	0.00769	0.01153	0.00480	0.00480
12	0.01872	0.02139	0.04679	0.03342	0.04144	0.02005	0.64305	0.02540	0.01872	0.02540	0.01604	0.02139	0.01203	0.00668	0.00936	0.00267	0.01337	0.00936	0.00401	0.01070
13	0.02068	0.01777	0.02555	0.03332	0.36719	0.01874	0.01877	0.03244	0.27674	0.07034	0.02297	0.02412	0.01772	0.00873	0.00795	0.00250	0.00798	0.00789	0.00597	0.01262
14	0.01342	0.01074	0.01144	0.01047	0.01332	0.03660	0.00795	0.06697	0.02106	0.02820	0.27498	0.09289	0.25238	0.01597	0.00872	0.00244	0.00486	0.01354	0.05588	0.05818
15	0.01905	0.01826	0.03115	0.12915	0.59585	0.01869	0.02405	0.02383	0.01779	0.02521	0.01481	0.01981	0.01232	0.00717	0.00786	0.00239	0.00956	0.00706	0.00388	0.01210
16	0.01498	0.01409	0.02378	0.70226	0.05462	0.01762	0.02202	0.02026	0.01586	0.02026	0.01409	0.02114	0.01057	0.00793	0.00793	0.00264	0.01057	0.00705	0.00352	0.00881
17	0.29787	0.01859	0.01962	0.05683	0.06016	0.02069	0.01349	0.31587	0.02556	0.07613	0.01631	0.01742	0.01184	0.00852	0.00684	0.00242	0.00783	0.00615	0.00646	0.01140
18	0.02395	0.02835	0.02331	0.02061	0.02281	0.38225	0.01626	0.02585	0.01770	0.01926	0.01140	0.01571	0.01030	0.01081	0.01587	0.00270	0.33414	0.00595	0.00380	0.00895
19	0.02349	0.01984	0.02841	0.11940	0.27288	0.02124	0.05946	0.29132	0.02609	0.03551	0.01666	0.01968	0.01267	0.00821	0.00799	0.00242	0.00952	0.00724	0.00560	0.01235
20	0.01256	0.00897	0.01253	0.01435	0.01608	0.00894	0.01240	0.01605	0.01804	0.02349	0.04211	0.13342	0.04611	0.02211	0.01089	0.00362	0.00711	0.57666	0.00731	0.00724
21	0.03558	0.01350	0.01840	0.01411	0.02024	0.01166	0.01166	0.03865	0.02270	0.67734	0.03128	0.02699	0.01963	0.00981	0.00797	0.00245	0.00675	0.00797	0.00981	0.01350
22	0.01869	0.02128	0.04184	0.03058	0.03767	0.06548	0.54432	0.02459	0.01867	0.02454	0.01817	0.08104	0.01540	0.00836	0.00927	0.00268	0.01267	0.01020	0.00431	0.01022
23	0.01590	0.01298	0.01481	0.01454	0.01765	0.01428	0.01152	0.02920	0.35828	0.02858	0.06456	0.13195	0.06042	0.01602	0.00919	0.00300	0.00615	0.17323	0.00778	0.00998
24	0.09621	0.01365	0.01785	0.01381	0.01984	0.01216	0.01140	0.03739	0.02194	0.62488	0.02963	0.02584	0.01873	0.00961	0.00772	0.00245	0.00670	0.00767	0.00941	0.01309
25	0.02896	0.02438	0.07740	0.01869	0.02538	0.05121	0.01625	0.56967	0.03500	0.04670	0.01837	0.01866	0.01307	0.00930	0.00787	0.00238	0.00920	0.00695	0.00740	0.01317
26	0.01707	0.03948	0.62657	0.02225	0.03353	0.01892	0.02814	0.07582	0.01842	0.02715	0.01462	0.01693	0.01033	0.00770	0.00757	0.00250	0.01147	0.00596	0.00372	0.01186
27	0.01055	0.00705	0.00963	0.01116	0.01163	0.00669	0.00764	0.01128	0.01458	0.01939	0.03860	0.55915	0.04554	0.02510	0.01366	0.13112	0.00516	0.05937	0.00670	0.00600
28	0.03380	0.01427	0.01917	0.01488	0.02052	0.01338	0.01230	0.06939	0.02261	0.59009	0.02893	0.02578	0.01855	0.01013	0.00945	0.00253	0.06408	0.00785	0.00920	0.01310

[dist]
# distance from previous block
# <min> <max>
16	33

[block]
# block no. 5 follows, 24 sequences, length 9
# corresponding to MSA columns:
# 215-223
name=unknown_F
#
# <colnr> <probs for GDERKNQSTAVLIFYWHMCP>
#	G	D	E	R	K	N	Q	S	T	A	V	L	I	F	Y	W	H	M	C	P
0	0.20366	0.01978	0.01880	0.15949	0.02709	0.14343	0.01403	0.11682	0.08121	0.05837	0.06836	0.02167	0.01726	0.00908	0.00719	0.00243	0.00882	0.00684	0.00572	0.00996
1	0.06617	0.02762	0.33400	0.02032	0.02774	0.05598	0.11113	0.02187	0.01676	0.02428	0.02162	0.19392	0.02097	0.01181	0.00826	0.00268	0.00994	0.01044	0.00461	0.00987
2	0.05883	0.02941	0.02273	0.02241	0.10414	0.40349	0.01560	0.13502	0.02409	0.05399	0.04570	0.01838	0.01447	0.00868	0.00742	0.00220	0.01158	0.00622	0.00522	0.01042
3	0.01948	0.01747	0.02768	0.35984	0.17622	0.01956	0.07855	0.15296	0.02108	0.02816	0.01549	0.02041	0.01174	0.00797	0.00805	0.00253	0.01020	0.00728	0.00458	0.01075
4	0.01800	0.01507	0.01598	0.01456	0.01810	0.01719	0.01092	0.03571	0.52177	0.02943	0.03074	0.03427	0.02518	0.16008	0.01486	0.00374	0.00657	0.00950	0.00738	0.01092
5	0.01629	0.01333	0.01560	0.01220	0.01780	0.01100	0.00949	0.07600	0.01811	0.02690	0.02078	0.16372	0.02046	0.01020	0.00696	0.00172	0.00587	0.00867	0.00556	0.53935
6	0.01872	0.01947	0.03700	0.02826	0.07249	0.01847	0.40259	0.05188	0.01860	0.02622	0.01533	0.01987	0.01196	0.00714	0.00958	0.00238	0.05744	0.00798	0.00429	0.17032
7	0.01739	0.01729	0.03156	0.33274	0.26807	0.01856	0.15334	0.02277	0.01723	0.02332	0.01479	0.02066	0.01158	0.00736	0.00820	0.00255	0.01076	0.00754	0.00377	0.01052
8	0.39891	0.01888	0.01944	0.11120	0.04718	0.07897	0.05485	0.13230	0.01927	0.03353	0.01343	0.01602	0.01022	0.00783	0.00645	0.00244	0.00852	0.00567	0.00508	0.00980

[dist]
# distance from previous block
# <min> <max>
0	1

[block]
# block no. 6 follows, 24 sequences, length 23
# corresponding to MSA columns:
# 225-247
name=unknown_G
#
# <colnr> <probs for GDERKNQSTAVLIFYWHMCP>
#	G	D	E	R	K	N	Q	S	T	A	V	L	I	F	Y	W	H	M	C	P
0	0.01909	0.01829	0.03122	0.12391	0.60079	0.01870	0.02407	0.02387	0.01780	0.02526	0.01482	0.01980	0.01233	0.00716	0.00786	0.00239	0.00955	0.00706	0.00388	0.01213
1	0.02050	0.01980	0.03079	0.07839	0.57090	0.05485	0.02323	0.05847	0.01923	0.02659	0.01496	0.01939	0.01239	0.00730	0.00782	0.00235	0.00970	0.00696	0.00413	0.01224
2	0.01161	0.00872	0.01196	0.08119	0.01625	0.00852	0.00898	0.01551	0.02177	0.03061	0.60043	0.05532	0.06821	0.01536	0.00921	0.00251	0.00444	0.01359	0.00819	0.00762
3	0.01793	0.01986	0.04196	0.17396	0.04421	0.01954	0.51255	0.02432	0.01812	0.02432	0.01563	0.02134	0.01173	0.00695	0.00906	0.00267	0.01278	0.00887	0.00391	0.01030
4	0.01153	0.00769	0.00865	0.00865	0.00865	0.00769	0.00480	0.01153	0.01153	0.01538	0.02499	0.05189	0.02883	0.72131	0.04036	0.00769	0.00769	0.01153	0.00480	0.00480
5	0.01098	0.00810	0.01027	0.00972	0.01170	0.00738	0.00729	0.01450	0.02188	0.03045	0.59112	0.06146	0.15221	0.01672	0.00936	0.00252	0.00378	0.01465	0.00855	0.00738
6	0.03014	0.02221	0.02380	0.01825	0.02459	0.02459	0.01507	0.64541	0.03728	0.04998	0.01904	0.01904	0.01349	0.00952	0.00793	0.00238	0.00873	0.00714	0.00793	0.01349
7	0.02043	0.01738	0.01833	0.01628	0.02089	0.02005	0.01272	0.08297	0.61554	0.03431	0.03138	0.02887	0.02348	0.01067	0.00806	0.00267	0.00644	0.00884	0.00806	0.01261
8	0.01972	0.01703	0.01793	0.01614	0.02062	0.01972	0.01255	0.04214	0.65752	0.03317	0.03228	0.02959	0.02421	0.01076	0.00807	0.00269	0.00628	0.00897	0.00807	0.01255
9	0.01644	0.01409	0.01644	0.01175	0.01879	0.01057	0.00940	0.01997	0.01644	0.02584	0.01409	0.01644	0.01175	0.00587	0.00587	0.00117	0.00587	0.00470	0.00470	0.76979
10	0.01735	0.01735	0.02429	0.02082	0.02082	0.02429	0.01735	0.01908	0.01214	0.01908	0.01041	0.01735	0.01041	0.01388	0.02602	0.00347	0.70680	0.00694	0.00347	0.00867
11	0.01498	0.01409	0.02378	0.70226	0.05462	0.01762	0.02202	0.02026	0.01586	0.02026	0.01409	0.02114	0.01057	0.00793	0.00793	0.00264	0.01057	0.00705	0.00352	0.00881
12	0.00966	0.00690	0.00920	0.01104	0.01150	0.00644	0.00736	0.01104	0.01518	0.02024	0.04371	0.71614	0.05245	0.02484	0.01012	0.00322	0.00460	0.02254	0.00736	0.00644
13	0.01589	0.01458	0.02379	0.66104	0.05281	0.01804	0.02160	0.05793	0.01715	0.02205	0.01439	0.02101	0.01075	0.00802	0.00793	0.00263	0.01046	0.00705	0.00379	0.00909
14	0.01938	0.01859	0.03174	0.08310	0.63933	0.01878	0.02421	0.02412	0.01794	0.02561	0.01487	0.01971	0.01246	0.00711	0.00785	0.00237	0.00948	0.00706	0.00390	0.01236
15	0.01498	0.01409	0.02378	0.70226	0.05462	0.01762	0.02202	0.02026	0.01586	0.02026	0.01409	0.02114	0.01057	0.00793	0.00793	0.00264	0.01057	0.00705	0.00352	0.00881
16	0.01004	0.00757	0.00938	0.01066	0.01199	0.00691	0.00776	0.01194	0.01651	0.02111	0.05448	0.43077	0.23700	0.02298	0.01002	0.00312	0.00482	0.10894	0.00735	0.00664
17	0.02752	0.01867	0.02066	0.01669	0.02233	0.02034	0.01351	0.31304	0.25406	0.16681	0.02612	0.02433	0.01848	0.01002	0.00799	0.00250	0.00747	0.00795	0.00835	0.01316
18	0.02832	0.04948	0.01915	0.01484	0.02022	0.04919	0.01201	0.03770	0.23311	0.37376	0.03158	0.02843	0.04518	0.01030	0.00788	0.00248	0.00695	0.00832	0.00855	0.01255
19	0.01644	0.01409	0.01644	0.01175	0.01879	0.01057	0.00940	0.01997	0.01644	0.02584	0.01409	0.01644	0.01175	0.00587	0.00587	0.00117	0.00587	0.00470	0.00470	0.76979
20	0.02983	0.02578	0.02269	0.01845	0.02403	0.21550	0.01475	0.38957	0.06582	0.08726	0.01872	0.01884	0.01359	0.00922	0.00772	0.00230	0.01005	0.00671	0.00697	0.01219
21	0.00975	0.00697	0.00928	0.01098	0.01152	0.00650	0.00737	0.01127	0.01560	0.02091	0.07984	0.67810	0.05374	0.02434	0.01008	0.00318	0.00455	0.02207	0.00744	0.00650
22	0.01619	0.01566	0.02751	0.51837	0.16740	0.01807	0.08108	0.02150	0.01653	0.02179	0.01443	0.02089	0.01108	0.00765	0.00805	0.00259	0.01062	0.00727	0.00364	0.00968

[dist]
# distance from previous block
# <min> <max>
0	1

[block]
# block no. 7 follows, 24 sequences, length 15
# corresponding to MSA columns:
# 249-263
name=unknown_H
#
# <colnr> <probs for GDERKNQSTAVLIFYWHMCP>
#	G	D	E	R	K	N	Q	S	T	A	V	L	I	F	Y	W	H	M	C	P
0	0.02031	0.61067	0.14915	0.01509	0.02271	0.02919	0.01622	0.02398	0.01622	0.01974	0.01156	0.01340	0.01015	0.00691	0.00550	0.00183	0.00903	0.00451	0.00338	0.01044
1	0.03014	0.02221	0.02380	0.01825	0.02459	0.02459	0.01507	0.64541	0.03728	0.04998	0.01904	0.01904	0.01349	0.00952	0.00793	0.00238	0.00873	0.00714	0.00793	0.01349
2	0.02039	0.62122	0.13932	0.01495	0.02249	0.02939	0.01598	0.02395	0.01621	0.01964	0.01152	0.01334	0.01016	0.00690	0.00546	0.00182	0.00898	0.00449	0.00339	0.01041
3	0.03014	0.02221	0.02380	0.01825	0.02459	0.02459	0.01507	0.64541	0.03728	0.04998	0.01904	0.01904	0.01349	0.00952	0.00793	0.00238	0.00873	0.00714	0.00793	0.01349
4	0.01814	0.33069	0.41017	0.01878	0.02841	0.02390	0.02265	0.02453	0.01648	0.02238	0.01287	0.01504	0.01010	0.00722	0.00650	0.00217	0.01035	0.00517	0.00337	0.01107
5	0.01037	0.00732	0.00956	0.01067	0.01115	0.00724	0.00707	0.01160	0.01391	0.01875	0.03581	0.45151	0.04188	0.20692	0.11267	0.00569	0.00771	0.01778	0.00628	0.00611
6	0.03014	0.02221	0.02380	0.01825	0.02459	0.02459	0.01507	0.64541	0.03728	0.04998	0.01904	0.01904	0.01349	0.00952	0.00793	0.00238	0.00873	0.00714	0.00793	0.01349
7	0.01828	0.01404	0.01663	0.01197	0.01893	0.01067	0.00961	0.02176	0.01704	0.08838	0.01574	0.01746	0.01250	0.00625	0.00607	0.00130	0.00596	0.00501	0.00519	0.69719
8	0.03014	0.02221	0.02380	0.01825	0.02459	0.02459	0.01507	0.64541	0.03728	0.04998	0.01904	0.01904	0.01349	0.00952	0.00793	0.00238	0.00873	0.00714	0.00793	0.01349
9	0.02396	0.42642	0.03342	0.01657	0.02189	0.26827	0.01447	0.02626	0.01812	0.01896	0.01142	0.01363	0.01021	0.00780	0.00735	0.00195	0.06119	0.00475	0.00365	0.00971
10	0.03014	0.02221	0.02380	0.01825	0.02459	0.02459	0.01507	0.64541	0.03728	0.04998	0.01904	0.01904	0.01349	0.00952	0.00793	0.00238	0.00873	0.00714	0.00793	0.01349
11	0.29633	0.03156	0.43400	0.01812	0.02733	0.01819	0.02167	0.02445	0.01555	0.02897	0.01306	0.01532	0.00951	0.00747	0.00657	0.00249	0.00966	0.00528	0.00392	0.01057
12	0.05696	0.22515	0.47254	0.01952	0.02955	0.02189	0.02396	0.02465	0.01640	0.02391	0.01320	0.01545	0.01000	0.00732	0.00674	0.00229	0.01055	0.00534	0.00344	0.01114
13	0.01815	0.33136	0.40955	0.01877	0.02840	0.02391	0.02263	0.02453	0.01648	0.02238	0.01287	0.01504	0.01010	0.00722	0.00650	0.00217	0.01035	0.00517	0.00337	0.01107
14	0.04941	0.19108	0.41770	0.01969	0.02916	0.02064	0.05436	0.02495	0.01708	0.05472	0.04124	0.01814	0.01324	0.00778	0.00706	0.00233	0.01028	0.00606	0.00398	0.01110

[dist]
# distance from previous block
# <min> <max>
6	25

[block]
# block no. 8 follows, 24 sequences, length 7
# corresponding to MSA columns:
# 293-299
name=unknown_I
#
# <colnr> <probs for GDERKNQSTAVLIFYWHMCP>
#	G	D	E	R	K	N	Q	S	T	A	V	L	I	F	Y	W	H	M	C	P
0	0.01817	0.01607	0.04987	0.01445	0.02062	0.01336	0.03933	0.09126	0.03899	0.05057	0.01881	0.08963	0.01667	0.00894	0.00768	0.00183	0.03328	0.00740	0.00548	0.45758
1	0.01672	0.01525	0.02475	0.31644	0.16973	0.01683	0.06878	0.05750	0.05549	0.02626	0.12850	0.02778	0.02313	0.00933	0.00828	0.00255	0.00903	0.00861	0.00505	0.00998
2	0.01890	0.01653	0.01894	0.13452	0.02649	0.01936	0.01419	0.03836	0.54681	0.03094	0.02914	0.02813	0.02185	0.01027	0.00804	0.00268	0.00702	0.00863	0.00728	0.01191
3	0.14855	0.01480	0.01606	0.01191	0.01855	0.01266	0.00960	0.05822	0.01719	0.02897	0.01387	0.01599	0.01131	0.00635	0.00583	0.00147	0.00609	0.00478	0.00493	0.59290
4	0.15677	0.02173	0.02280	0.07917	0.05580	0.09094	0.03832	0.36849	0.02820	0.03972	0.01623	0.01779	0.01195	0.00865	0.00738	0.00239	0.00922	0.00651	0.00630	0.01164
5	0.01919	0.01839	0.03139	0.11044	0.61351	0.01873	0.02412	0.02395	0.01785	0.02537	0.01484	0.01977	0.01237	0.00715	0.00786	0.00238	0.00953	0.00706	0.00389	0.01221
6	0.41385	0.01616	0.01597	0.04505	0.05531	0.03633	0.01143	0.06797	0.06381	0.07769	0.05252	0.01925	0.01518	0.00856	0.00683	0.00242	0.02676	0.00605	0.00571	0.05315

[dist]
# distance from previous block
# <min> <max>
0	6

[block]
# block no. 9 follows, 24 sequences, length 14
# corresponding to MSA columns:
# 306-319
name=unknown_J
#
# <colnr> <probs for GDERKNQSTAVLIFYWHMCP>
#	G	D	E	R	K	N	Q	S	T	A	V	L	I	F	Y	W	H	M	C	P
0	0.02109	0.04070	0.01677	0.01390	0.01770	0.01402	0.01078	0.18638	0.05488	0.14913	0.03170	0.31143	0.03119	0.01575	0.00865	0.00268	0.00638	0.01358	0.00772	0.04557
1	0.03265	0.01819	0.02131	0.01634	0.02259	0.01863	0.01350	0.36578	0.03056	0.33910	0.02468	0.02270	0.01632	0.00966	0.00795	0.00241	0.00781	0.00752	0.00880	0.01349
2	0.03253	0.01424	0.01840	0.01442	0.02022	0.01321	0.01181	0.08301	0.08532	0.53884	0.05946	0.02812	0.02213	0.01018	0.00804	0.00247	0.00671	0.00830	0.00946	0.01313
3	0.03558	0.01350	0.01840	0.01411	0.02024	0.01166	0.01166	0.03865	0.02270	0.67734	0.03128	0.02699	0.01963	0.00981	0.00797	0.00245	0.00675	0.00797	0.00981	0.01350
4	0.00966	0.00690	0.00920	0.01104	0.01150	0.00644	0.00736	0.01104	0.01518	0.02024	0.04371	0.71614	0.05245	0.02484	0.01012	0.00322	0.00460	0.02254	0.00736	0.00644
5	0.01404	0.01121	0.01424	0.01357	0.01544	0.04310	0.01064	0.06236	0.01521	0.02146	0.02043	0.02876	0.01851	0.04848	0.53886	0.01044	0.04993	0.00811	0.04746	0.00774
6	0.01927	0.01848	0.03154	0.09909	0.62424	0.01875	0.02416	0.02402	0.01789	0.02547	0.01485	0.01974	0.01241	0.00713	0.00786	0.00238	0.00951	0.00706	0.00389	0.01227
7	0.01972	0.01703	0.01793	0.01614	0.02062	0.01972	0.01255	0.04214	0.65752	0.03317	0.03228	0.02959	0.02421	0.01076	0.00807	0.00269	0.00628	0.00897	0.00807	0.01255
8	0.01780	0.01490	0.01717	0.01239	0.01937	0.01196	0.00996	0.08212	0.01851	0.02824	0.01459	0.01670	0.01192	0.00624	0.00608	0.00129	0.00616	0.00494	0.00502	0.69464
9	0.06741	0.01516	0.01858	0.01446	0.02045	0.04417	0.01187	0.06911	0.02304	0.58614	0.02888	0.02537	0.01839	0.00962	0.00780	0.00243	0.00718	0.00764	0.00924	0.01308
10	0.01963	0.01884	0.03219	0.04867	0.67185	0.01884	0.02434	0.02434	0.01806	0.02591	0.01492	0.01963	0.01256	0.00707	0.00785	0.00236	0.00942	0.00707	0.00393	0.01256
11	0.01908	0.01828	0.03120	0.12529	0.59949	0.01870	0.02407	0.02386	0.01780	0.02524	0.01482	0.01980	0.01233	0.00717	0.00786	0.00239	0.00956	0.00706	0.00388	0.01212
12	0.09220	0.02256	0.02156	0.01718	0.02303	0.10696	0.01391	0.41805	0.08100	0.04167	0.01816	0.01855	0.01337	0.00898	0.00743	0.00227	0.00880	0.00659	0.00695	0.07078
13	0.01963	0.01884	0.03219	0.04867	0.67185	0.01884	0.02434	0.02434	0.01806	0.02591	0.01492	0.01963	0.01256	0.00707	0.00785	0.00236	0.00942	0.00707	0.00393	0.01256

[dist]
# distance from previous block
# <min> <max>
3	7

[block]
# block no. 10 follows, 24 sequences, length 147
# corresponding to MSA columns:
# 328-474
name=unknown_K
#
# <colnr> <probs for GDERKNQSTAVLIFYWHMCP>
#	G	D	E	R	K	N	Q	S	T	A	V	L	I	F	Y	W	H	M	C	P
0	0.01754	0.02979	0.32068	0.02938	0.06504	0.01929	0.35088	0.02523	0.01783	0.02530	0.01521	0.01930	0.01119	0.00707	0.00850	0.00259	0.01249	0.00775	0.00372	0.01122
1	0.02048	0.01532	0.01780	0.01301	0.01985	0.01290	0.01052	0.12086	0.02035	0.09314	0.01655	0.01788	0.01279	0.00683	0.00640	0.00149	0.00641	0.00540	0.00571	0.57630
2	0.05195	0.10776	0.02395	0.01725	0.02283	0.14156	0.01410	0.30172	0.15136	0.06035	0.01964	0.01958	0.01466	0.00913	0.00738	0.00230	0.00905	0.00672	0.00670	0.01198
3	0.01111	0.00799	0.01083	0.01259	0.01378	0.00771	0.00985	0.01358	0.01674	0.02192	0.04434	0.39711	0.07352	0.02328	0.01048	0.00340	0.00584	0.30173	0.00733	0.00685
4	0.01241	0.00948	0.01156	0.01080	0.01312	0.00932	0.00817	0.01892	0.12018	0.03131	0.52988	0.05581	0.10715	0.01563	0.00916	0.00254	0.00415	0.01367	0.00854	0.00821
5	0.01590	0.04102	0.68023	0.02260	0.03432	0.01842	0.02930	0.02511	0.01674	0.02511	0.01423	0.01674	0.01005	0.00753	0.00753	0.00251	0.01172	0.00586	0.00335	0.01172
6	0.01632	0.09475	0.63014	0.02189	0.03323	0.01943	0.02806	0.02501	0.01669	0.02461	0.01398	0.01643	0.01006	0.00748	0.00734	0.00245	0.01147	0.00573	0.00335	0.01160
7	0.01133	0.00850	0.01274	0.01274	0.01416	0.00991	0.00991	0.01416	0.01274	0.01841	0.02124	0.03115	0.01982	0.05947	0.68989	0.01274	0.02124	0.00850	0.00425	0.00708
8	0.01153	0.00769	0.00865	0.00865	0.00865	0.00769	0.00480	0.01153	0.01153	0.01538	0.02499	0.05189	0.02883	0.72131	0.04036	0.00769	0.00769	0.01153	0.00480	0.00480
9	0.01630	0.03842	0.60297	0.02287	0.03394	0.01859	0.06527	0.02614	0.05470	0.02561	0.01541	0.01778	0.01100	0.00767	0.00768	0.00253	0.01150	0.00625	0.00367	0.01171
10	0.03558	0.01350	0.01840	0.01411	0.02024	0.01166	0.01166	0.03865	0.02270	0.67734	0.03128	0.02699	0.01963	0.00981	0.00797	0.00245	0.00675	0.00797	0.00981	0.01350
11	0.01735	0.01735	0.02429	0.02082	0.02082	0.02429	0.01735	0.01908	0.01214	0.01908	0.01041	0.01735	0.01041	0.01388	0.02602	0.00347	0.70680	0.00694	0.00347	0.00867
12	0.44447	0.01713	0.01591	0.01311	0.01842	0.01918	0.01079	0.23254	0.02217	0.07800	0.01567	0.01662	0.01148	0.00832	0.00613	0.00240	0.00692	0.00562	0.04466	0.01046
13	0.03011	0.02335	0.02370	0.01841	0.02459	0.07326	0.01509	0.60049	0.03620	0.04774	0.01854	0.01869	0.01325	0.00942	0.00788	0.00236	0.00913	0.00699	0.00765	0.01317
14	0.03014	0.02221	0.02380	0.01825	0.02459	0.02459	0.01507	0.64541	0.03728	0.04998	0.01904	0.01904	0.01349	0.00952	0.00793	0.00238	0.00873	0.00714	0.00793	0.01349
15	0.01963	0.01884	0.03219	0.04867	0.67185	0.01884	0.02434	0.02434	0.01806	0.02591	0.01492	0.01963	0.01256	0.00707	0.00785	0.00236	0.00942	0.00707	0.00393	0.01256
16	0.01117	0.00808	0.01042	0.00985	0.01166	0.00747	0.00731	0.01468	0.02179	0.03068	0.61759	0.05947	0.09284	0.04939	0.01081	0.00274	0.00394	0.01429	0.00850	0.00733
17	0.01026	0.00750	0.00972	0.01134	0.01204	0.00723	0.00767	0.01288	0.05311	0.02101	0.04303	0.67560	0.05078	0.02401	0.01000	0.00319	0.00470	0.02174	0.00740	0.00680
18	0.01972	0.01703	0.01793	0.01614	0.02062	0.01972	0.01255	0.04214	0.65752	0.03317	0.03228	0.02959	0.02421	0.01076	0.00807	0.00269	0.00628	0.00897	0.00807	0.01255
19	0.03014	0.02221	0.02380	0.01825	0.02459	0.02459	0.01507	0.64541	0.03728	0.04998	0.01904	0.01904	0.01349	0.00952	0.00793	0.00238	0.00873	0.00714	0.00793	0.01349
20	0.02120	0.72609	0.04155	0.01357	0.02035	0.03138	0.01357	0.02374	0.01611	0.01866	0.01102	0.01272	0.01018	0.00678	0.00509	0.00170	0.00848	0.00424	0.00339	0.01018
21	0.01498	0.01409	0.02378	0.70226	0.05462	0.01762	0.02202	0.02026	0.01586	0.02026	0.01409	0.02114	0.01057	0.00793	0.00793	0.00264	0.01057	0.00705	0.00352	0.00881
22	0.01972	0.01703	0.01793	0.01614	0.02062	0.01972	0.01255	0.04214	0.65752	0.03317	0.03228	0.02959	0.02421	0.01076	0.00807	0.00269	0.00628	0.00897	0.00807	0.01255
23	0.00966	0.00690	0.00920	0.01104	0.01150	0.00644	0.00736	0.01104	0.01518	0.02024	0.04371	0.71614	0.05245	0.02484	0.01012	0.00322	0.00460	0.02254	0.00736	0.00644
24	0.01728	0.03143	0.37080	0.02789	0.03780	0.01922	0.32911	0.02525	0.01771	0.02525	0.01512	0.01901	0.01102	0.00712	0.00843	0.00259	0.01253	0.00757	0.00367	0.01122
25	0.01652	0.01567	0.02658	0.48483	0.25995	0.01802	0.02279	0.02162	0.01659	0.02214	0.01437	0.02064	0.01123	0.00764	0.00790	0.00255	0.01019	0.00705	0.00366	0.01006
26	0.00966	0.00690	0.00920	0.01104	0.01150	0.00644	0.00736	0.01104	0.01518	0.02024	0.04371	0.71614	0.05245	0.02484	0.01012	0.00322	0.00460	0.02254	0.00736	0.00644
27	0.01883	0.01983	0.03267	0.02545	0.02887	0.04769	0.25271	0.04660	0.01600	0.02269	0.01294	0.01882	0.01113	0.01078	0.01833	0.00307	0.39228	0.00779	0.00387	0.00964
28	0.01897	0.01626	0.01730	0.01578	0.02004	0.01866	0.01235	0.03958	0.59820	0.03222	0.03445	0.03470	0.04687	0.01173	0.00828	0.00275	0.00626	0.04555	0.00800	0.01204
29	0.01644	0.01409	0.01644	0.01175	0.01879	0.01057	0.00940	0.01997	0.01644	0.02584	0.01409	0.01644	0.01175	0.00587	0.00587	0.00117	0.00587	0.00470	0.00470	0.76979
30	0.01957	0.01899	0.03307	0.04775	0.63388	0.01891	0.06160	0.02440	0.01810	0.02588	0.01498	0.01973	0.01253	0.00704	0.00794	0.00237	0.00966	0.00720	0.00393	0.01245
31	0.00973	0.00693	0.00918	0.01095	0.01139	0.00649	0.00727	0.01106	0.01505	0.02006	0.04300	0.69119	0.05156	0.05100	0.01126	0.00339	0.00472	0.02213	0.00727	0.00638
32	0.02120	0.72609	0.04155	0.01357	0.02035	0.03138	0.01357	0.02374	0.01611	0.01866	0.01102	0.01272	0.01018	0.00678	0.00509	0.00170	0.00848	0.00424	0.00339	0.01018
33	0.01563	0.01538	0.02784	0.58443	0.05230	0.01805	0.13143	0.02117	0.01636	0.02117	0.01444	0.02119	0.01083	0.00771	0.00818	0.00265	0.01106	0.00745	0.00361	0.00914
34	0.01639	0.10361	0.62187	0.02178	0.03304	0.01960	0.02786	0.02499	0.01668	0.02452	0.01394	0.01637	0.01006	0.00747	0.00731	0.00244	0.01142	0.00571	0.00335	0.01158
35	0.01919	0.01643	0.01754	0.01602	0.02030	0.01891	0.01257	0.04016	0.60844	0.03245	0.03302	0.03418	0.02585	0.01161	0.00829	0.00276	0.00635	0.05576	0.00801	0.01215
36	0.00966	0.00690	0.00920	0.01104	0.01150	0.00644	0.00736	0.01104	0.01518	0.02024	0.04371	0.71614	0.05245	0.02484	0.01012	0.00322	0.00460	0.02254	0.00736	0.00644
37	0.04531	0.03633	0.01255	0.01109	0.01350	0.00997	0.00824	0.01951	0.06623	0.11350	0.18728	0.22978	0.06807	0.08508	0.01175	0.00315	0.00524	0.01400	0.05117	0.00824
38	0.06274	0.01630	0.02761	0.44551	0.06708	0.01882	0.13561	0.05874	0.01744	0.02404	0.01444	0.02035	0.01095	0.00798	0.00877	0.00265	0.04014	0.00731	0.00397	0.00954
39	0.00966	0.00690	0.00920	0.01104	0.01150	0.00644	0.00736	0.01104	0.01518	0.02024	0.04371	0.71614	0.05245	0.02484	0.01012	0.00322	0.00460	0.02254	0.00736	0.00644
40	0.00966	0.00690	0.00920	0.01104	0.01150	0.00644	0.00736	0.01104	0.01518	0.02024	0.04371	0.71614	0.05245	0.02484	0.01012	0.00322	0.00460	0.02254	0.00736	0.00644
41	0.21473	0.20789	0.34505	0.01716	0.02586	0.02154	0.01994	0.02430	0.01574	0.02619	0.01259	0.01472	0.00970	0.00730	0.00623	0.00229	0.00945	0.00504	0.00376	0.01052
42	0.56152	0.07131	0.07638	0.01634	0.09609	0.01899	0.01271	0.02363	0.01453	0.03221	0.01179	0.01402	0.00931	0.00730	0.00551	0.00239	0.00721	0.00476	0.00454	0.00946
43	0.02082	0.02111	0.03102	0.04529	0.59428	0.09921	0.02326	0.02521	0.01859	0.02513	0.01460	0.01899	0.01228	0.00720	0.00777	0.00232	0.01001	0.00683	0.00394	0.01216
44	0.01716	0.01525	0.01962	0.01452	0.02127	0.01288	0.07144	0.02386	0.11392	0.02691	0.01704	0.01892	0.01366	0.00669	0.00654	0.00155	0.00666	0.00580	0.00514	0.58116
45	0.02769	0.02000	0.02179	0.01672	0.02278	0.02133	0.01364	0.50557	0.03262	0.07450	0.01936	0.02099	0.01445	0.05003	0.00955	0.00254	0.00823	0.00714	0.00745	0.10362
46	0.01657	0.01107	0.01182	0.11853	0.01819	0.04925	0.00927	0.05654	0.01806	0.02872	0.02282	0.02673	0.01780	0.00899	0.00615	0.00202	0.00569	0.00719	0.55651	0.00808
47	0.01150	0.00831	0.01181	0.01181	0.01299	0.00942	0.00884	0.01386	0.01268	0.01831	0.02209	0.03477	0.02144	0.17487	0.54786	0.01142	0.01815	0.00899	0.03420	0.00669
48	0.02826	0.01787	0.01969	0.01569	0.02103	0.04508	0.01266	0.32320	0.05302	0.22618	0.05249	0.05318	0.04535	0.03745	0.00933	0.00265	0.00771	0.00878	0.00820	0.01218
49	0.02207	0.18614	0.10883	0.02909	0.28097	0.02119	0.01949	0.05880	0.06681	0.10667	0.01746	0.01930	0.01350	0.00780	0.00720	0.00226	0.00887	0.00652	0.00497	0.01206
50	0.01613	0.07001	0.65320	0.02222	0.03373	0.01896	0.02863	0.02506	0.01672	0.02484	0.01409	0.01657	0.01005	0.00750	0.00743	0.00248	0.01158	0.00579	0.00335	0.01165
51	0.00950	0.00807	0.00821	0.00828	0.01092	0.00679	0.00628	0.01157	0.01808	0.02151	0.07890	0.07681	0.64535	0.02015	0.00943	0.00271	0.00414	0.03922	0.00736	0.00672
52	0.02123	0.02735	0.12622	0.02876	0.07291	0.16410	0.33672	0.05227	0.04439	0.02539	0.01565	0.01933	0.01192	0.00741	0.00843	0.00249	0.01265	0.00772	0.00424	0.01081
53	0.01847	0.02348	0.11624	0.03121	0.06803	0.04468	0.48736	0.02503	0.01879	0.02549	0.04858	0.02242	0.01493	0.00734	0.00899	0.00261	0.01254	0.00894	0.00417	0.01068
54	0.00966	0.00690	0.00920	0.01104	0.01150	0.00644	0.00736	0.01104	0.01518	0.02024	0.04371	0.71614	0.05245	0.02484	0.01012	0.00322	0.00460	0.02254	0.00736	0.00644
55	0.02200	0.02521	0.02396	0.02082	0.02279	0.28586	0.03964	0.02409	0.01649	0.01942	0.01177	0.01684	0.01076	0.01315	0.04400	0.00324	0.38094	0.00637	0.00376	0.00889
56	0.02506	0.10345	0.02721	0.05232	0.16018	0.18777	0.04247	0.16975	0.02360	0.06748	0.01731	0.02197	0.01414	0.00891	0.00763	0.00231	0.01030	0.04158	0.00536	0.01119
57	0.02116	0.02209	0.10606	0.04043	0.48889	0.03874	0.02323	0.08574	0.02010	0.05455	0.01583	0.01938	0.01258	0.00750	0.00781	0.00237	0.00966	0.00691	0.00449	0.01249
58	0.01704	0.01690	0.02371	0.02041	0.02048	0.02356	0.01697	0.01884	0.01217	0.01905	0.01096	0.01805	0.01089	0.01618	0.05959	0.00394	0.67214	0.00702	0.00351	0.00859
59	0.01683	0.05315	0.23445	0.19905	0.13505	0.01911	0.08531	0.02289	0.01644	0.02336	0.01444	0.01917	0.01121	0.00813	0.00949	0.00257	0.07852	0.00680	0.03357	0.01048
60	0.01857	0.02032	0.09388	0.04003	0.46937	0.01815	0.07026	0.02493	0.06121	0.02604	0.01953	0.02476	0.03888	0.00835	0.00812	0.00248	0.00946	0.02933	0.00440	0.01193
61	0.01991	0.02162	0.02293	0.02001	0.02098	0.18092	0.01613	0.02162	0.01456	0.01894	0.01171	0.01867	0.01145	0.05430	0.02240	0.00338	0.50143	0.00678	0.00369	0.00857
62	0.01153	0.00769	0.00865	0.00865	0.00865	0.00769	0.00480	0.01153	0.01153	0.01538	0.02499	0.05189	0.02883	0.72131	0.04036	0.00769	0.00769	0.01153	0.00480	0.00480
63	0.02819	0.02470	0.02331	0.05994	0.02608	0.16820	0.01555	0.42572	0.05474	0.03962	0.01740	0.01846	0.01287	0.00936	0.00853	0.00238	0.03950	0.00675	0.00665	0.01203
64	0.01952	0.01915	0.03394	0.04685	0.59631	0.01899	0.09848	0.02446	0.01814	0.02585	0.01505	0.01984	0.01250	0.00702	0.00803	0.00239	0.00989	0.00734	0.00394	0.01234
65	0.01377	0.00689	0.01033	0.01033	0.01033	0.00689	0.00689	0.01033	0.01033	0.01377	0.01377	0.02410	0.01377	0.02755	0.03099	0.76928	0.00689	0.00689	0.00344	0.00344
66	0.01258	0.00906	0.01251	0.01423	0.01610	0.00899	0.01239	0.01614	0.01824	0.02360	0.04419	0.08869	0.08147	0.02180	0.01086	0.00359	0.00711	0.58387	0.00731	0.00727
67	0.00979	0.00696	0.00916	0.01087	0.01130	0.00653	0.00718	0.01108	0.01492	0.01990	0.04238	0.66891	0.05077	0.07436	0.01227	0.00354	0.00482	0.02176	0.00718	0.00632
68	0.01872	0.02139	0.04679	0.03342	0.04144	0.02005	0.64305	0.02540	0.01872	0.02540	0.01604	0.02139	0.01203	0.00668	0.00936	0.00267	0.01337	0.00936	0.00401	0.01070
69	0.00966	0.00690	0.00920	0.01104	0.01150	0.00644	0.00736	0.01104	0.01518	0.02024	0.04371	0.71614	0.05245	0.02484	0.01012	0.00322	0.00460	0.02254	0.00736	0.00644
70	0.01817	0.02019	0.04203	0.10628	0.04088	0.02020	0.51282	0.02421	0.01775	0.02421	0.01527	0.02097	0.01171	0.00753	0.01084	0.00275	0.08114	0.00886	0.00390	0.01029
71	0.01040	0.00743	0.01005	0.01189	0.01267	0.00708	0.00864	0.01232	0.01591	0.02107	0.04330	0.56765	0.05083	0.02415	0.01032	0.00332	0.00524	0.16375	0.00735	0.00664
72	0.77733	0.01534	0.01166	0.01043	0.01534	0.01779	0.00859	0.02331	0.01350	0.03558	0.01104	0.01288	0.00859	0.00736	0.00491	0.00245	0.00613	0.00429	0.00491	0.00859
73	0.01151	0.00777	0.00905	0.00905	0.00919	0.00790	0.00530	0.01179	0.01165	0.01567	0.02462	0.04987	0.02795	0.65683	0.10365	0.00818	0.00901	0.01124	0.00475	0.00503
