[name]
unknown

[dist]
# distance from previous block
# <min> <max>
0	22

[block]
# block no. 0 follows, 25 sequences, length 24
# corresponding to MSA columns:
# 22-45
name=unknown_A
#
# <colnr> <probs for GDERKNQSTAVLIFYWHMCP>
#	G	D	E	R	K	N	Q	S	T	A	V	L	I	F	Y	W	H	M	C	P
0	0.01404	0.00922	0.01288	0.01425	0.01632	0.00910	0.01242	0.01757	0.01815	0.06905	0.04033	0.08323	0.04286	0.02060	0.01051	0.00349	0.00710	0.58403	0.00731	0.00756
1	0.01983	0.61180	0.15311	0.01480	0.02228	0.02848	0.01594	0.02345	0.01586	0.01934	0.01132	0.01312	0.00993	0.00676	0.00539	0.00180	0.00884	0.00442	0.00331	0.01021
2	0.01993	0.01176	0.01444	0.01171	0.01624	0.01025	0.00910	0.02419	0.06798	0.21761	0.12509	0.05891	0.06270	0.08106	0.01067	0.00260	0.00574	0.00920	0.00714	0.23370
3	0.00957	0.00693	0.00908	0.01075	0.01142	0.00644	0.00735	0.01107	0.01518	0.02003	0.04514	0.64786	0.09430	0.02383	0.00988	0.00313	0.00458	0.04989	0.00719	0.00635
4	0.01752	0.01851	0.03682	0.21494	0.17689	0.01873	0.35364	0.02329	0.01743	0.02361	0.01495	0.02049	0.01149	0.00694	0.00847	0.00254	0.01154	0.00808	0.00378	0.01035
5	0.06863	0.01491	0.02505	0.53779	0.11595	0.01755	0.06988	0.02083	0.01579	0.02182	0.01381	0.01997	0.01052	0.00753	0.00765	0.00254	0.01013	0.00688	0.00362	0.00913
6	0.04120	0.01421	0.02015	0.29072	0.09858	0.01512	0.01587	0.02347	0.10439	0.05140	0.06715	0.02343	0.01766	0.00827	0.00733	0.00222	0.00784	0.00713	0.00502	0.17885
7	0.11027	0.01391	0.01452	0.01262	0.01661	0.05938	0.01006	0.06957	0.06525	0.08279	0.23005	0.03830	0.03577	0.01186	0.00779	0.00232	0.00613	0.07400	0.00697	0.13183
8	0.01160	0.00844	0.01000	0.00959	0.01190	0.00769	0.00719	0.01528	0.04987	0.05441	0.34995	0.11309	0.28751	0.01738	0.00909	0.00257	0.00406	0.01499	0.00796	0.00744
9	0.01791	0.01811	0.07676	0.04397	0.02775	0.01485	0.21580	0.06613	0.01856	0.05165	0.03585	0.05026	0.01534	0.00768	0.00752	0.00202	0.00878	0.00753	0.00488	0.30865
10	0.01642	0.15590	0.57913	0.02062	0.03127	0.02013	0.02607	0.02433	0.01627	0.02350	0.01339	0.01571	0.00984	0.00724	0.00697	0.00232	0.01093	0.00546	0.00328	0.01121
11	0.02073	0.73217	0.04063	0.01327	0.01990	0.03068	0.01327	0.02322	0.01575	0.01824	0.01078	0.01244	0.00995	0.00663	0.00498	0.00166	0.00829	0.00415	0.00332	0.00995
12	0.01892	0.01062	0.01399	0.01331	0.01648	0.01026	0.01099	0.02415	0.08589	0.20752	0.15900	0.08129	0.04120	0.01608	0.00929	0.00292	0.00613	0.25447	0.00816	0.00934
13	0.01097	0.00793	0.01036	0.00975	0.01158	0.00732	0.00732	0.01463	0.02195	0.03109	0.67505	0.05792	0.07316	0.01585	0.00914	0.00244	0.00366	0.01402	0.00854	0.00732
14	0.01814	0.02043	0.04307	0.03118	0.03806	0.02011	0.57358	0.02408	0.01752	0.02408	0.01501	0.02043	0.01157	0.00739	0.01114	0.00271	0.09856	0.00886	0.00386	0.01022
15	0.01108	0.00831	0.01246	0.01246	0.01385	0.00969	0.00969	0.01385	0.01246	0.01800	0.02077	0.03046	0.01938	0.05815	0.69678	0.01246	0.02077	0.00831	0.00415	0.00692
16	0.01853	0.04367	0.02962	0.14161	0.38337	0.01879	0.07727	0.06600	0.01802	0.02503	0.01495	0.01998	0.01232	0.01098	0.05623	0.00310	0.03836	0.00710	0.00404	0.01101
17	0.00942	0.00683	0.00891	0.01057	0.01119	0.00632	0.00710	0.01082	0.01507	0.01988	0.04552	0.67200	0.09993	0.02393	0.00984	0.00311	0.00445	0.02160	0.00720	0.00632
18	0.01126	0.00757	0.00873	0.00873	0.00883	0.00767	0.00504	0.01145	0.01136	0.01524	0.02418	0.04933	0.02758	0.68108	0.08506	0.00786	0.00844	0.01107	0.00466	0.00485
19	0.00977	0.00706	0.00932	0.01076	0.01152	0.00650	0.00728	0.01131	0.01527	0.02060	0.07562	0.66151	0.05103	0.02317	0.00971	0.00304	0.00450	0.02099	0.00718	0.03387
20	0.01229	0.00880	0.01091	0.01046	0.01258	0.00842	0.00780	0.01721	0.08363	0.05351	0.43478	0.15337	0.12304	0.01671	0.00908	0.00258	0.00416	0.01468	0.00818	0.00780
21	0.01864	0.01820	0.03425	0.06106	0.14001	0.01807	0.33017	0.02449	0.04544	0.05967	0.01652	0.02095	0.01285	0.00954	0.03702	0.00289	0.06771	0.00801	0.00438	0.07013
22	0.01820	0.01442	0.01640	0.01280	0.01863	0.01297	0.01015	0.07232	0.15262	0.06351	0.02265	0.04999	0.04445	0.00854	0.00676	0.00175	0.00595	0.00701	0.00600	0.45489
23	0.02388	0.36414	0.03226	0.01671	0.02270	0.14291	0.05974	0.11576	0.07087	0.06093	0.01516	0.01624	0.01212	0.00771	0.00640	0.00200	0.00940	0.00562	0.00481	0.01064

[dist]
# distance from previous block
# <min> <max>
4	8

[block]
# block no. 1 follows, 25 sequences, length 288
# corresponding to MSA columns:
# 54-341
name=unknown_B
#
# <colnr> <probs for GDERKNQSTAVLIFYWHMCP>
#	G	D	E	R	K	N	Q	S	T	A	V	L	I	F	Y	W	H	M	C	P
0	0.04229	0.03512	0.54061	0.02198	0.03233	0.01786	0.08781	0.02505	0.04583	0.02532	0.01478	0.01725	0.01067	0.00735	0.00741	0.00242	0.01094	0.00610	0.00366	0.04525
1	0.01583	0.02844	0.36967	0.11868	0.09675	0.01734	0.11494	0.02338	0.03711	0.02392	0.01693	0.07103	0.01394	0.00862	0.00791	0.00254	0.01064	0.00781	0.00388	0.01064
2	0.01545	0.01382	0.02084	0.16447	0.06026	0.01614	0.06949	0.04884	0.07119	0.02275	0.02171	0.15751	0.02115	0.04385	0.04436	0.00346	0.15386	0.01040	0.03173	0.00873
3	0.00945	0.00675	0.00900	0.01080	0.01125	0.00630	0.00720	0.01080	0.01484	0.01979	0.04274	0.72245	0.05128	0.02429	0.00990	0.00315	0.00450	0.02204	0.00720	0.00630
4	0.01979	0.01698	0.02769	0.02502	0.12678	0.01693	0.20868	0.09255	0.13172	0.08147	0.02349	0.12026	0.02018	0.01028	0.00841	0.00254	0.00877	0.01002	0.00594	0.04251
5	0.01811	0.02014	0.05120	0.08405	0.06001	0.08308	0.25854	0.02238	0.01623	0.02202	0.01470	0.04282	0.01260	0.00959	0.01343	0.00275	0.21946	0.00803	0.03143	0.00943
6	0.01018	0.04646	0.01058	0.01050	0.01144	0.00774	0.00722	0.01154	0.01486	0.01944	0.04269	0.57583	0.10143	0.07707	0.01184	0.00336	0.00489	0.01974	0.00679	0.00640
7	0.01445	0.00989	0.01385	0.01381	0.04865	0.00939	0.03733	0.01872	0.06416	0.10045	0.27903	0.24490	0.08103	0.01657	0.00905	0.00267	0.00513	0.01484	0.00770	0.00838
8	0.05106	0.03536	0.53950	0.02421	0.06543	0.01821	0.10964	0.02447	0.01654	0.02510	0.01404	0.01694	0.01013	0.00723	0.00750	0.00247	0.01131	0.00617	0.00346	0.01123
9	0.01775	0.18822	0.36786	0.06069	0.08978	0.04849	0.07640	0.02422	0.01669	0.02277	0.01334	0.01627	0.01027	0.00714	0.00702	0.00227	0.01073	0.00581	0.00343	0.01086
10	0.00938	0.00780	0.00822	0.00841	0.01078	0.00664	0.00629	0.01142	0.01763	0.02137	0.10060	0.12969	0.57463	0.01993	0.00928	0.00269	0.00407	0.03734	0.00726	0.00658
11	0.00955	0.00682	0.00912	0.01092	0.01141	0.00639	0.00738	0.01098	0.01495	0.01991	0.04268	0.70069	0.05105	0.02419	0.00992	0.00316	0.00459	0.04277	0.00720	0.00633
12	0.06852	0.01296	0.01691	0.01333	0.01879	0.01171	0.01090	0.03500	0.05487	0.55617	0.09152	0.02887	0.02407	0.01013	0.00778	0.00241	0.00626	0.00827	0.00917	0.01235
13	0.01810	0.02523	0.23152	0.03598	0.39056	0.04006	0.05825	0.02403	0.01737	0.02504	0.01491	0.01875	0.01182	0.00717	0.00752	0.00233	0.00998	0.00662	0.04320	0.01156
14	0.01074	0.00767	0.00923	0.00911	0.01025	0.00721	0.00615	0.01264	0.01688	0.02295	0.30813	0.10873	0.13165	0.28165	0.02048	0.00441	0.00519	0.01392	0.00683	0.00617
15	0.03407	0.01335	0.01797	0.01389	0.01981	0.01176	0.01144	0.03794	0.05184	0.65444	0.03063	0.02651	0.01940	0.00964	0.00780	0.00241	0.00658	0.00784	0.00952	0.01315
16	0.01802	0.01572	0.01874	0.01394	0.02048	0.04722	0.05616	0.02323	0.07456	0.05470	0.01615	0.01792	0.01285	0.00651	0.00633	0.00149	0.00677	0.00546	0.00503	0.57873
17	0.00945	0.00675	0.00900	0.01080	0.01125	0.00630	0.00720	0.01080	0.01484	0.01979	0.04274	0.72245	0.05128	0.02429	0.00990	0.00315	0.00450	0.02204	0.00720	0.00630
18	0.01026	0.00736	0.00958	0.01108	0.01177	0.00702	0.00751	0.03704	0.01573	0.02098	0.04175	0.69369	0.04973	0.02368	0.00981	0.00312	0.00466	0.02143	0.00722	0.00658
19	0.01196	0.00828	0.01048	0.01007	0.01225	0.00754	0.00779	0.01524	0.02068	0.06044	0.45823	0.06282	0.18556	0.01688	0.00925	0.00259	0.00423	0.08010	0.00818	0.00744
20	0.05195	0.05231	0.04093	0.06374	0.06441	0.01942	0.50700	0.02414	0.01769	0.02477	0.01502	0.01985	0.01147	0.00661	0.00848	0.00248	0.01191	0.00829	0.00394	0.04558
21	0.01109	0.00825	0.01219	0.01219	0.01348	0.00955	0.00936	0.01367	0.01238	0.01780	0.02101	0.03182	0.01997	0.10308	0.65266	0.01213	0.01988	0.00851	0.00419	0.00677
22	0.00916	0.00785	0.00785	0.00785	0.01047	0.00655	0.00589	0.01113	0.01767	0.02095	0.07855	0.07462	0.67599	0.01964	0.00916	0.00262	0.00393	0.01636	0.00720	0.00655
23	0.01347	0.00673	0.01010	0.01010	0.01010	0.00673	0.00673	0.01010	0.01010	0.01347	0.01347	0.02357	0.01347	0.02694	0.03030	0.77441	0.00673	0.00673	0.00337	0.00337
24	0.01819	0.02059	0.04395	0.03167	0.03887	0.01995	0.59898	0.02433	0.01777	0.02433	0.01523	0.02059	0.01163	0.00711	0.01049	0.00268	0.07051	0.00896	0.00388	0.01030
25	0.02025	0.07364	0.02885	0.02435	0.08743	0.16790	0.11849	0.02312	0.01591	0.02033	0.01191	0.01684	0.01058	0.01010	0.01568	0.00274	0.33226	0.00660	0.00364	0.00938
26	0.01754	0.02272	0.12735	0.03001	0.03776	0.01899	0.52277	0.02403	0.01770	0.02439	0.01637	0.04868	0.01306	0.00760	0.00948	0.00264	0.03546	0.00915	0.00395	0.01035
27	0.01702	0.01434	0.01658	0.01193	0.01877	0.01130	0.00958	0.06417	0.01751	0.02693	0.01412	0.01626	0.01160	0.00599	0.00588	0.00123	0.00594	0.00476	0.00482	0.72125
28	0.01128	0.00752	0.00846	0.00846	0.00846	0.00752	0.00470	0.01128	0.01128	0.01503	0.02443	0.05074	0.02819	0.72751	0.03946	0.00752	0.00752	0.01128	0.00470	0.00470
29	0.02901	0.03562	0.02209	0.01979	0.02398	0.63750	0.01496	0.08546	0.02324	0.02159	0.01257	0.01439	0.01027	0.00811	0.00706	0.00203	0.01351	0.00517	0.00432	0.00936
30	0.00939	0.00695	0.00879	0.01025	0.01110	0.00634	0.00696	0.01086	0.01537	0.02001	0.04937	0.60249	0.16696	0.02343	0.00976	0.00305	0.00439	0.02099	0.00720	0.00634
31	0.02026	0.01896	0.02819	0.13681	0.38512	0.04982	0.04948	0.10675	0.07670	0.02788	0.01641	0.02003	0.01298	0.00769	0.00775	0.00238	0.00941	0.00709	0.00465	0.01162
32	0.01126	0.00871	0.01353	0.01309	0.01464	0.00975	0.03885	0.01397	0.01291	0.01838	0.02272	0.09544	0.02233	0.07671	0.57719	0.01096	0.01842	0.00974	0.00445	0.00695
33	0.01510	0.01416	0.02075	0.07980	0.02173	0.01826	0.04722	0.01758	0.01361	0.02012	0.05272	0.05168	0.03996	0.04085	0.08409	0.00412	0.40622	0.00853	0.03544	0.00806
34	0.01767	0.01476	0.01692	0.01234	0.01906	0.01216	0.00991	0.09021	0.04104	0.02812	0.01494	0.01681	0.01210	0.00630	0.00604	0.00133	0.00606	0.00500	0.00506	0.66417
35	0.05204	0.03556	0.56912	0.02052	0.03073	0.01747	0.02544	0.05306	0.01730	0.05213	0.01593	0.04811	0.01213	0.00829	0.00740	0.00248	0.01057	0.00652	0.00397	0.01124
36	0.01907	0.01906	0.05288	0.04509	0.62339	0.01845	0.02337	0.02472	0.05099	0.02567	0.01544	0.01960	0.01279	0.00711	0.00768	0.00232	0.00913	0.00696	0.00403	0.01225
37	0.71098	0.01482	0.01203	0.01054	0.01545	0.01682	0.00868	0.02422	0.01405	0.09676	0.01268	0.01391	0.00943	0.00743	0.00508	0.00240	0.00606	0.00454	0.00526	0.00885
38	0.44128	0.22175	0.02165	0.04313	0.01917	0.04619	0.01113	0.07462	0.01625	0.02996	0.01161	0.01345	0.00938	0.00726	0.00530	0.00217	0.00734	0.00456	0.00453	0.00926
39	0.01107	0.03667	0.01116	0.00959	0.01174	0.00812	0.00732	0.01441	0.02102	0.02895	0.55289	0.05879	0.16745	0.01609	0.00898	0.00244	0.00389	0.01401	0.00811	0.00730
40	0.01608	0.01378	0.01608	0.01148	0.01837	0.01034	0.00919	0.01952	0.01608	0.02527	0.01378	0.01608	0.01148	0.00574	0.00574	0.00115	0.00574	0.00459	0.00459	0.77491
41	0.06760	0.01366	0.01794	0.01382	0.01977	0.01224	0.01142	0.06520	0.02244	0.62678	0.02917	0.02543	0.01844	0.00948	0.00766	0.00240	0.00666	0.00760	0.00930	0.01298
42	0.01670	0.01657	0.02324	0.02000	0.02006	0.02311	0.01663	0.01844	0.01190	0.01863	0.01066	0.01757	0.01060	0.01559	0.05586	0.00380	0.68194	0.00685	0.00343	0.00841
43	0.00943	0.00755	0.00846	0.00906	0.01094	0.00658	0.00658	0.01133	0.01696	0.02105	0.08905	0.27607	0.43707	0.02100	0.00944	0.00281	0.00420	0.03864	0.00725	0.00652
44	0.75144	0.01492	0.01167	0.01034	0.01519	0.01715	0.00852	0.02341	0.01357	0.06159	0.01161	0.01316	0.00884	0.00730	0.00492	0.00240	0.00602	0.00435	0.00500	0.00859
45	0.78228	0.01499	0.01140	0.01020	0.01499	0.01739	0.00840	0.02279	0.01320	0.03479	0.01080	0.01260	0.00840	0.00720	0.00480	0.00240	0.00600	0.00420	0.00480	0.00840
46	0.02541	0.01858	0.02009	0.01581	0.02106	0.02025	0.01291	0.50977	0.03271	0.04430	0.10544	0.02671	0.05141	0.01060	0.00788	0.00233	0.00745	0.00832	0.04716	0.01183
47	0.01892	0.01613	0.01707	0.01530	0.01957	0.01847	0.01191	0.06098	0.59062	0.03255	0.06125	0.03149	0.04908	0.01104	0.00799	0.00261	0.00603	0.00921	0.00789	0.01188
48	0.01694	0.02453	0.21210	0.02862	0.09235	0.01841	0.33372	0.02330	0.01725	0.02438	0.03887	0.04841	0.01489	0.00833	0.00975	0.00262	0.06252	0.00854	0.00399	0.01047
49	0.01126	0.00758	0.00877	0.00877	0.00888	0.00769	0.00509	0.01148	0.01137	0.01527	0.02414	0.04914	0.02749	0.67461	0.09142	0.00791	0.00856	0.01104	0.00466	0.00487
50	0.72020	0.01502	0.01191	0.01059	0.01541	0.01729	0.00869	0.02419	0.04560	0.05596	0.01247	0.01385	0.00950	0.00744	0.00505	0.00241	0.00602	0.00454	0.00511	0.00875
51	0.02052	0.70348	0.06744	0.01363	0.02047	0.03015	0.01390	0.02327	0.01578	0.01850	0.01091	0.01260	0.00994	0.00666	0.00507	0.00169	0.00842	0.00421	0.00331	0.01001
52	0.02898	0.03642	0.02202	0.01990	0.02397	0.67285	0.01497	0.05274	0.02248	0.02002	0.01222	0.01414	0.01010	0.00804	0.00702	0.00201	0.01379	0.00506	0.00413	0.00914
53	0.01077	0.00792	0.01008	0.00954	0.01146	0.00723	0.00716	0.01424	0.02147	0.02996	0.60833	0.05979	0.14059	0.01627	0.00915	0.00246	0.00369	0.01428	0.00839	0.00723
54	0.01747	0.04055	0.66659	0.02307	0.03436	0.01888	0.02882	0.02563	0.01750	0.02618	0.01585	0.01908	0.01173	0.00868	0.00818	0.00281	0.01194	0.00636	0.00397	0.01235
55	0.02073	0.73217	0.04063	0.01327	0.01990	0.03068	0.01327	0.02322	0.01575	0.01824	0.01078	0.01244	0.00995	0.00663	0.00498	0.00166	0.00829	0.00415	0.00332	0.00995
56	0.01555	0.04011	0.68733	0.02210	0.03356	0.01801	0.02865	0.02455	0.01637	0.02455	0.01391	0.01637	0.00982	0.00737	0.00737	0.00246	0.01146	0.00573	0.00327	0.01146
57	0.01347	0.00673	0.01010	0.01010	0.01010	0.00673	0.00673	0.01010	0.01010	0.01347	0.01347	0.02357	0.01347	0.02694	0.03030	0.77441	0.00673	0.00673	0.00337	0.00337
58	0.01128	0.00752	0.00846	0.00846	0.00846	0.00752	0.00470	0.01128	0.01128	0.01503	0.02443	0.05074	0.02819	0.72751	0.03946	0.00752	0.00752	0.01128	0.00470	0.00470
59	0.00930	0.00786	0.00805	0.00800	0.01056	0.00660	0.00600	0.01140	0.01800	0.02173	0.12447	0.07333	0.62958	0.01935	0.00916	0.00260	0.00391	0.01618	0.00730	0.00660
60	0.01097	0.00793	0.01036	0.00975	0.01158	0.00732	0.00732	0.01463	0.02195	0.03109	0.67505	0.05792	0.07316	0.01585	0.00914	0.00244	0.00366	0.01402	0.00854	0.00732
61	0.01108	0.00831	0.01246	0.01246	0.01385	0.00969	0.00969	0.01385	0.01246	0.01800	0.02077	0.03046	0.01938	0.05815	0.69678	0.01246	0.02077	0.00831	0.00415	0.00692
62	0.00945	0.00675	0.00900	0.01080	0.01125	0.00630	0.00720	0.01080	0.01484	0.01979	0.04274	0.72245	0.05128	0.02429	0.00990	0.00315	0.00450	0.02204	0.00720	0.00630
63	0.00943	0.00681	0.00893	0.01064	0.01120	0.00631	0.00713	0.01081	0.01500	0.01986	0.04469	0.68712	0.08535	0.02404	0.00986	0.00312	0.00447	0.02173	0.00720	0.00631
64	0.01697	0.01764	0.03496	0.03312	0.22257	0.01687	0.35141	0.02201	0.01749	0.02408	0.02022	0.14640	0.01901	0.00983	0.00885	0.00262	0.01040	0.01081	0.00449	0.01025
65	0.01782	0.02097	0.07523	0.02902	0.03510	0.02056	0.45844	0.02328	0.01659	0.02328	0.01421	0.01968	0.01126	0.00834	0.01313	0.00280	0.18816	0.00837	0.00375	0.01002
66	0.01018	0.00793	0.00838	0.00843	0.01092	0.00670	0.00626	0.01211	0.01751	0.04630	0.07244	0.15000	0.57629	0.01981	0.00920	0.00267	0.00410	0.01671	0.00729	0.00677
67	0.01929	0.01666	0.01753	0.01578	0.02016	0.01929	0.01227	0.04120	0.66513	0.03243	0.03156	0.02893	0.02367	0.01052	0.00789	0.00263	0.00614	0.00877	0.00789	0.01227
68	0.01550	0.02666	0.33501	0.17894	0.09878	0.01736	0.07072	0.02207	0.01599	0.02281	0.01552	0.05059	0.01264	0.01065	0.03905	0.00300	0.04357	0.00726	0.00364	0.01025
69	0.02628	0.01540	0.01817	0.01613	0.04881	0.03729	0.01222	0.06010	0.25912	0.32290	0.05279	0.05092	0.02303	0.01047	0.00792	0.00249	0.00668	0.00870	0.00834	0.01223
70	0.01128	0.00752	0.00846	0.00846	0.00846	0.00752	0.00470	0.01128	0.01128	0.01503	0.02443	0.05074	0.02819	0.72751	0.03946	0.00752	0.00752	0.01128	0.00470	0.00470
71	0.01851	0.01527	0.01737	0.01276	0.01942	0.01308	0.01027	0.12846	0.04948	0.02962	0.01542	0.01710	0.01234	0.00657	0.00618	0.00142	0.00624	0.00519	0.00528	0.61001
72	0.01782	0.16324	0.39915	0.02175	0.03087	0.02067	0.12578	0.02457	0.01656	0.05007	0.01410	0.01682	0.01056	0.00752	0.00822	0.00238	0.04921	0.00613	0.00365	0.01092
73	0.00942	0.00684	0.00890	0.01054	0.01118	0.00632	0.00708	0.01082	0.01509	0.01989	0.04584	0.66627	0.10546	0.02389	0.00983	0.00310	0.00445	0.02155	0.00720	0.00632
74	0.03241	0.01324	0.01761	0.01378	0.01945	0.01187	0.01128	0.03701	0.07571	0.60042	0.06006	0.02804	0.02203	0.00996	0.00787	0.00242	0.00643	0.00816	0.00941	0.01285
75	0.06817	0.01304	0.01734	0.01344	0.01920	0.01149	0.01107	0.03604	0.02177	0.62474	0.05907	0.02719	0.02116	0.00977	0.00772	0.00240	0.00644	0.00792	0.00933	0.01271
76	0.01652	0.01458	0.02231	0.50179	0.07710	0.01733	0.01920	0.09542	0.04738	0.02507	0.07253	0.02395	0.01681	0.00872	0.00788	0.00253	0.00930	0.00760	0.00461	0.00939
77	0.01069	0.00788	0.00999	0.00955	0.01143	0.00718	0.00713	0.01405	0.02115	0.02939	0.57624	0.08332	0.14989	0.01663	0.00917	0.00249	0.00372	0.01460	0.00832	0.00718
78	0.05518	0.03150	0.45126	0.02192	0.03070	0.01796	0.10836	0.02307	0.01574	0.02405	0.01427	0.01806	0.01087	0.01218	0.06880	0.00342	0.07219	0.00642	0.00353	0.01052
79	0.02073	0.73217	0.04063	0.01327	0.01990	0.03068	0.01327	0.02322	0.01575	0.01824	0.01078	0.01244	0.00995	0.00663	0.00498	0.00166	0.00829	0.00415	0.00332	0.00995
80	0.02859	0.03554	0.02184	0.01972	0.02382	0.64289	0.01486	0.05528	0.04880	0.02067	0.01304	0.01477	0.01067	0.00814	0.00706	0.00204	0.01345	0.00522	0.00430	0.00928
81	0.02073	0.73217	0.04063	0.01327	0.01990	0.03068	0.01327	0.02322	0.01575	0.01824	0.01078	0.01244	0.00995	0.00663	0.00498	0.00166	0.00829	0.00415	0.00332	0.00995
82	0.78228	0.01499	0.01140	0.01020	0.01499	0.01739	0.00840	0.02279	0.01320	0.03479	0.01080	0.01260	0.00840	0.00720	0.00480	0.00240	0.00600	0.00420	0.00480	0.00840
83	0.01673	0.11416	0.47540	0.02339	0.03352	0.01979	0.16160	0.02446	0.01672	0.02390	0.01394	0.01691	0.01026	0.00710	0.00748	0.00240	0.01145	0.00629	0.00342	0.01107
84	0.01128	0.00752	0.00846	0.00846	0.00846	0.00752	0.00470	0.01128	0.01128	0.01503	0.02443	0.05074	0.02819	0.72751	0.03946	0.00752	0.00752	0.01128	0.00470	0.00470
85	0.00941	0.00687	0.00887	0.01046	0.01116	0.00633	0.00705	0.01083	0.01517	0.01992	0.04679	0.64903	0.12208	0.02376	0.00981	0.00309	0.00443	0.02140	0.00720	0.00633
86	0.00945	0.00675	0.00900	0.01080	0.01125	0.00630	0.00720	0.01080	0.01484	0.01979	0.04274	0.72245	0.05128	0.02429	0.00990	0.00315	0.00450	0.02204	0.00720	0.00630
87	0.00916	0.00785	0.00785	0.00785	0.01047	0.00655	0.00589	0.01113	0.01767	0.02095	0.07855	0.07462	0.67599	0.01964	0.00916	0.00262	0.00393	0.01636	0.00720	0.00655
88	0.01555	0.04011	0.68733	0.02210	0.03356	0.01801	0.02865	0.02455	0.01637	0.02455	0.01391	0.01637	0.00982	0.00737	0.00737	0.00246	0.01146	0.00573	0.00327	0.01146
89	0.03298	0.01298	0.01757	0.01352	0.01936	0.01117	0.01113	0.03603	0.02195	0.62939	0.05934	0.02743	0.02136	0.00973	0.00778	0.00235	0.00643	0.00796	0.00936	0.04218
90	0.03479	0.01320	0.01799	0.01380	0.01979	0.01140	0.01140	0.03779	0.02219	0.68451	0.03059	0.02639	0.01919	0.00960	0.00780	0.00240	0.00660	0.00780	0.00960	0.01320
91	0.01986	0.45475	0.23986	0.01661	0.02451	0.08651	0.01820	0.02433	0.01650	0.02027	0.01186	0.01380	0.00991	0.00698	0.00590	0.00194	0.00979	0.00471	0.00336	0.01033
92	0.01281	0.01086	0.01579	0.01479	0.01577	0.01384	0.01184	0.01527	0.01229	0.01819	0.01764	0.02648	0.01667	0.04500	0.49869	0.00979	0.22512	0.00786	0.00393	0.00738
93	0.00945	0.00675	0.00900	0.01080	0.01125	0.00630	0.00720	0.01080	0.01484	0.01979	0.04274	0.72245	0.05128	0.02429	0.00990	0.00315	0.00450	0.02204	0.00720	0.00630
94	0.01608	0.01378	0.01608	0.01148	0.01837	0.01034	0.00919	0.01952	0.01608	0.02527	0.01378	0.01608	0.01148	0.00574	0.00574	0.00115	0.00574	0.00459	0.00459	0.77491
95	0.01894	0.01817	0.03102	0.08365	0.64502	0.01836	0.02367	0.02358	0.01754	0.02503	0.01454	0.01927	0.01218	0.00695	0.00768	0.00232	0.00927	0.00691	0.00382	0.01208
96	0.01347	0.00673	0.01010	0.01010	0.01010	0.00673	0.00673	0.01010	0.01010	0.01347	0.01347	0.02357	0.01347	0.02694	0.03030	0.77441	0.00673	0.00673	0.00337	0.00337
97	0.00945	0.00675	0.00900	0.01080	0.01125	0.00630	0.00720	0.01080	0.01484	0.01979	0.04274	0.72245	0.05128	0.02429	0.00990	0.00315	0.00450	0.02204	0.00720	0.00630
98	0.02687	0.21512	0.02683	0.01815	0.02293	0.49444	0.01453	0.05735	0.02103	0.02015	0.01198	0.01380	0.01012	0.00770	0.00651	0.00193	0.01227	0.00487	0.00399	0.00943
99	0.01608	0.01378	0.01608	0.01148	0.01837	0.01034	0.00919	0.01952	0.01608	0.02527	0.01378	0.01608	0.01148	0.00574	0.00574	0.00115	0.00574	0.00459	0.00459	0.77491
100	0.01983	0.61138	0.15351	0.01481	0.02228	0.02847	0.01595	0.02345	0.01586	0.01934	0.01133	0.01312	0.00993	0.00676	0.00539	0.00180	0.00884	0.00442	0.00331	0.01021
101	0.02462	0.02079	0.02044	0.01707	0.02221	0.08637	0.01360	0.30490	0.33151	0.03825	0.02408	0.02303	0.01782	0.00975	0.00775	0.00244	0.00793	0.00763	0.00746	0.01235
102	0.02947	0.02172	0.02327	0.01784	0.02404	0.02404	0.01474	0.65329	0.03646	0.04887	0.01862	0.01862	0.01319	0.00931	0.00776	0.00233	0.00853	0.00698	0.00776	0.01319
103	0.01567	0.03931	0.66074	0.02254	0.03385	0.01807	0.05445	0.02457	0.01645	0.02457	0.01399	0.01656	0.00990	0.00733	0.00744	0.00246	0.01153	0.00587	0.00330	0.01142
104	0.02837	0.03604	0.02158	0.01970	0.02359	0.67555	0.01475	0.03035	0.02176	0.01900	0.01291	0.03537	0.01123	0.00848	0.00708	0.00203	0.01370	0.00551	0.00409	0.00891
105	0.01464	0.01378	0.02326	0.70887	0.05340	0.01723	0.02153	0.01981	0.01550	0.01981	0.01378	0.02067	0.01034	0.00775	0.00775	0.00258	0.01034	0.00689	0.00345	0.00861
106	0.01097	0.00793	0.01036	0.00975	0.01158	0.00732	0.00732	0.01463	0.02195	0.03109	0.67505	0.05792	0.07316	0.01585	0.00914	0.00244	0.00366	0.01402	0.00854	0.00732
107	0.01128	0.00752	0.00846	0.00846	0.00846	0.00752	0.00470	0.01128	0.01128	0.01503	0.02443	0.05074	0.02819	0.72751	0.03946	0.00752	0.00752	0.01128	0.00470	0.00470
108	0.00971	0.00710	0.00868	0.00982	0.01061	0.00656	0.00651	0.01094	0.01477	0.01919	0.04649	0.47979	0.16843	0.14589	0.01491	0.00381	0.00491	0.01907	0.00676	0.00607
109	0.01218	0.00953	0.01363	0.01310	0.01419	0.01157	0.01021	0.01461	0.01247	0.01843	0.01965	0.02986	0.01867	0.10048	0.50655	0.01013	0.12591	0.00825	0.04359	0.00701
110	0.01646	0.01585	0.02721	0.46640	0.08809	0.01860	0.11511	0.05338	0.01682	0.02232	0.01404	0.02017	0.01081	0.00812	0.00955	0.00263	0.07409	0.00723	0.00376	0.00935
111	0.78228	0.01499	0.01140	0.01020	0.01499	0.01739	0.00840	0.02279	0.01320	0.03479	0.01080	0.01260	0.00840	0.00720	0.00480	0.00240	0.00600	0.00420	0.00480	0.00840
112	0.07838	0.07009	0.54071	0.02091	0.03119	0.01839	0.05764	0.02490	0.01642	0.05204	0.01428	0.01652	0.01020	0.00737	0.00715	0.00242	0.01075	0.00579	0.00369	0.01116
113	0.00951	0.00680	0.00905	0.01075	0.01126	0.00634	0.00720	0.01096	0.01514	0.02026	0.06895	0.69490	0.05219	0.02394	0.00987	0.00312	0.00446	0.02171	0.00725	0.00634
114	0.01597	0.01551	0.02185	0.01903	0.01926	0.02138	0.01574	0.01785	0.01197	0.01855	0.01196	0.01923	0.01173	0.02107	0.13836	0.00492	0.59683	0.00704	0.00352	0.00822
115	0.00942	0.00787	0.00824	0.00838	0.01083	0.00669	0.00633	0.01151	0.01776	0.02146	0.10162	0.10098	0.59271	0.01975	0.00927	0.00268	0.00410	0.04657	0.00726	0.00660
116	0.00938	0.00702	0.00871	0.01007	0.01106	0.00636	0.00687	0.01088	0.01554	0.02008	0.05158	0.56239	0.20563	0.02314	0.00972	0.00302	0.00436	0.02064	0.00720	0.00636
117	0.01608	0.01378	0.01608	0.01148	0.01837	0.01034	0.00919	0.01952	0.01608	0.02527	0.01378	0.01608	0.01148	0.00574	0.00574	0.00115	0.00574	0.00459	0.00459	0.77491
118	0.01891	0.01508	0.01307	0.06531	0.01719	0.15691	0.00973	0.04462	0.01862	0.06192	0.02473	0.02933	0.04760	0.00980	0.00657	0.00208	0.00688	0.03574	0.40772	0.00822
119	0.01649	0.01404	0.01736	0.10249	0.02290	0.01240	0.01127	0.04869	0.01674	0.02547	0.01429	0.01736	0.01169	0.00669	0.00705	0.00153	0.04123	0.00522	0.03563	0.57147
120	0.05994	0.02005	0.02259	0.01773	0.02347	0.02210	0.04850	0.48247	0.11591	0.04349	0.02087	0.05095	0.01596	0.00988	0.00781	0.00242	0.00818	0.00788	0.00741	0.01240
121	0.01786	0.05551	0.02689	0.26217	0.28756	0.01906	0.02031	0.05137	0.03928	0.02381	0.01444	0.01928	0.01170	0.00795	0.00907	0.00242	0.07245	0.00669	0.00399	0.04818
122	0.02646	0.01863	0.02059	0.01588	0.02170	0.01952	0.01291	0.45300	0.03029	0.09977	0.02007	0.04561	0.01546	0.03911	0.00885	0.00240	0.00775	0.00741	0.00730	0.12728
123	0.36536	0.01946	0.01715	0.01420	0.01938	0.08096	0.01154	0.27620	0.04275	0.03873	0.01512	0.01615	0.01129	0.00827	0.00629	0.00232	0.00766	0.00562	0.03109	0.01044
124	0.01936	0.14213	0.23802	0.01673	0.02470	0.01942	0.01741	0.13726	0.07865	0.02876	0.01581	0.01719	0.01211	0.00748	0.00670	0.00200	0.00854	0.00569	0.00482	0.19721
125	0.01252	0.01021	0.04775	0.01103	0.01353	0.00854	0.00895	0.01682	0.04669	0.05756	0.46416	0.10613	0.08111	0.04031	0.01011	0.00273	0.00468	0.04145	0.00793	0.00780
126	0.78228	0.01499	0.01140	0.01020	0.01499	0.01739	0.00840	0.02279	0.01320	0.03479	0.01080	0.01260	0.00840	0.00720	0.00480	0.00240	0.00600	0.00420	0.00480	0.00840
127	0.01237	0.00744	0.00945	0.00941	0.01017	0.00710	0.00622	0.01189	0.01320	0.03879	0.07610	0.09434	0.12661	0.23636	0.02609	0.28673	0.00615	0.01128	0.00521	0.00508
128	0.02283	0.01704	0.01919	0.01427	0.02082	0.01610	0.01163	0.28406	0.02493	0.07664	0.01685	0.01778	0.01268	0.00747	0.00671	0.00172	0.00696	0.00579	0.00622	0.41032
129	0.01658	0.01581	0.02497	0.35140	0.28313	0.03811	0.02051	0.02116	0.01676	0.02256	0.03882	0.04467	0.01476	0.00818	0.00771	0.00240	0.00934	0.00748	0.00398	0.05167
130	0.02111	0.70046	0.03978	0.01357	0.02009	0.06104	0.01335	0.02357	0.01604	0.01828	0.01083	0.01251	0.00995	0.00670	0.00507	0.00167	0.00855	0.00418	0.00335	0.00991
131	0.01729	0.01322	0.04820	0.01523	0.07393	0.01200	0.01130	0.12678	0.02336	0.09129	0.36140	0.04228	0.07113	0.01281	0.00840	0.00238	0.00563	0.01101	0.04291	0.00945
132	0.01248	0.00863	0.01109	0.01026	0.01241	0.00815	0.00777	0.01710	0.05703	0.06006	0.61146	0.05494	0.06807	0.01528	0.00902	0.00245	0.00392	0.01346	0.00855	0.00785
133	0.01608	0.01378	0.01608	0.01148	0.01837	0.01034	0.00919	0.01952	0.01608	0.02527	0.01378	0.01608	0.01148	0.00574	0.00574	0.00115	0.00574	0.00459	0.00459	0.77491
134	0.02550	0.01931	0.02071	0.01667	0.02195	0.02149	0.01343	0.45823	0.17842	0.04242	0.02289	0.05343	0.01789	0.03987	0.00919	0.00265	0.00776	0.00823	0.00764	0.01232
135	0.01083	0.01045	0.07060	0.01108	0.01340	0.00793	0.00912	0.01418	0.01908	0.02656	0.39343	0.25631	0.09193	0.01784	0.00921	0.00266	0.00463	0.01583	0.00759	0.00734
136	0.02572	0.01874	0.10972	0.08113	0.05585	0.01549	0.06790	0.08925	0.06933	0.31056	0.02299	0.02269	0.01560	0.00860	0.00773	0.00238	0.00832	0.00734	0.00692	0.05376
137	0.01753	0.05669	0.20260	0.05623	0.03770	0.01975	0.42103	0.02428	0.01737	0.02405	0.01476	0.01927	0.01109	0.00704	0.00904	0.00256	0.03686	0.00791	0.00370	0.01054
138	0.03458	0.01353	0.01820	0.01396	0.01996	0.01190	0.01153	0.06223	0.02276	0.65927	0.03011	0.02608	0.01895	0.00959	0.00780	0.00240	0.00667	0.00776	0.00952	0.01320
139	0.00979	0.00715	0.00926	0.01087	0.01154	0.00678	0.00733	0.01191	0.03847	0.02029	0.04362	0.67403	0.07278	0.02363	0.00980	0.00311	0.00454	0.02136	0.00722	0.00652
140	0.02741	0.08108	0.15193	0.01597	0.02291	0.01638	0.01533	0.08491	0.10285	0.36324	0.02476	0.02291	0.01663	0.00900	0.00748	0.00237	0.00780	0.00713	0.00745	0.01246
141	0.01062	0.00908	0.03896	0.01192	0.01339	0.00773	0.03442	0.01288	0.01608	0.02187	0.14760	0.46169	0.04935	0.08442	0.01232	0.00339	0.00538	0.04524	0.00690	0.00675
142	0.00945	0.00675	0.00900	0.01080	0.01125	0.00630	0.00720	0.01080	0.01484	0.01979	0.04274	0.72245	0.05128	0.02429	0.00990	0.00315	0.00450	0.02204	0.00720	0.00630
143	0.02395	0.01786	0.02095	0.04871	0.02259	0.02050	0.01413	0.36685	0.05031	0.07100	0.04819	0.02215	0.01661	0.01336	0.05385	0.00315	0.12880	0.00746	0.03835	0.01124
144	0.02489	0.05026	0.02118	0.01851	0.07715	0.04092	0.01378	0.22646	0.18780	0.15282	0.02524	0.05776	0.01975	0.01053	0.00787	0.00247	0.00755	0.03565	0.00741	0.01201
145	0.01792	0.05533	0.02735	0.02155	0.02310	0.05671	0.09799	0.02029	0.01340	0.01945	0.01100	0.01709	0.01036	0.01204	0.02139	0.00313	0.55272	0.00686	0.00349	0.00884
146	0.05285	0.01503	0.01861	0.07703	0.08129	0.01414	0.01249	0.05404	0.12227	0.08380	0.01825	0.01968	0.01402	0.00735	0.00666	0.00183	0.00673	0.00604	0.00554	0.38234
147	0.01713	0.19660	0.44025	0.02165	0.05250	0.02130	0.07094	0.02400	0.01623	0.02290	0.01319	0.01592	0.01010	0.00738	0.00771	0.00232	0.03987	0.00570	0.00336	0.01094
148	0.02700	0.01382	0.01848	0.10765	0.02382	0.01392	0.01289	0.07956	0.07903	0.39086	0.09582	0.02825	0.02336	0.01024	0.00867	0.00248	0.03605	0.00833	0.00811	0.01167
149	0.01445	0.00723	0.00723	0.00723	0.00903	0.00723	0.00542	0.01807	0.01626	0.02891	0.02529	0.02891	0.01987	0.00903	0.00542	0.00181	0.00361	0.00723	0.77055	0.00723
150	0.01338	0.01269	0.02309	0.13387	0.02743	0.01298	0.20151	0.01703	0.01615	0.02174	0.05624	0.33294	0.03166	0.01536	0.01005	0.00288	0.04290	0.01458	0.00547	0.00807
151	0.03387	0.01322	0.01790	0.01368	0.01972	0.01134	0.01129	0.03689	0.02189	0.65204	0.02976	0.02588	0.01881	0.00941	0.00770	0.00234	0.00656	0.00764	0.00935	0.05071
152	0.02695	0.08511	0.05458	0.02016	0.08052	0.04521	0.01593	0.43486	0.02983	0.07547	0.01745	0.01822	0.01277	0.00893	0.00819	0.00231	0.03785	0.00664	0.00662	0.01241
153	0.01895	0.01683	0.02410	0.04930	0.05427	0.01570	0.12883	0.13208	0.01992	0.02880	0.01485	0.01779	0.01176	0.00700	0.00777	0.00184	0.03940	0.00615	0.00489	0.39976
154	0.01773	0.01787	0.05748	0.18667	0.41910	0.01741	0.02160	0.02335	0.04683	0.02441	0.01508	0.01954	0.01219	0.00717	0.00750	0.00228	0.00909	0.00672	0.00398	0.08399
155	0.00972	0.00833	0.00838	0.00829	0.01100	0.00724	0.00624	0.01277	0.05298	0.02157	0.07598	0.07213	0.64042	0.01914	0.00909	0.00262	0.00405	0.01595	0.00724	0.00686
156	0.01736	0.01360	0.01912	0.31559	0.03284	0.01559	0.04307	0.11798	0.06694	0.02808	0.01930	0.02340	0.01462	0.00852	0.00714	0.00232	0.00789	0.00724	0.23014	0.00926
157	0.02810	0.01885	0.02093	0.01645	0.02211	0.02031	0.01344	0.45127	0.08914	0.15136	0.04913	0.04333	0.01869	0.01017	0.00790	0.00239	0.00768	0.00801	0.00809	0.01266
158	0.03315	0.01283	0.01747	0.01352	0.01923	0.01112	0.01112	0.03620	0.02218	0.63969	0.07480	0.02855	0.02290	0.01003	0.00789	0.00240	0.00640	0.00822	0.00952	0.01279
159	0.00977	0.00711	0.00921	0.01031	0.01126	0.00655	0.00711	0.01169	0.01669	0.02245	0.18897	0.51660	0.10963	0.02198	0.00966	0.00294	0.00426	0.01974	0.00750	0.00655
160	0.11124	0.10909	0.05578	0.20333	0.17601	0.07459	0.05069	0.02457	0.01709	0.08626	0.01478	0.01816	0.01135	0.00747	0.00703	0.00231	0.00945	0.00622	0.00432	0.01026
161	0.01844	0.01785	0.03068	0.13479	0.53625	0.01855	0.05211	0.02308	0.01714	0.02427	0.01433	0.01937	0.01190	0.00730	0.00854	0.00240	0.04068	0.00700	0.00377	0.01154
162	0.01508	0.01423	0.02405	0.64482	0.11401	0.01734	0.02175	0.02020	0.01571	0.02035	0.01386	0.02053	0.01052	0.00767	0.00774	0.00256	0.01023	0.00689	0.00348	0.00897
163	0.00948	0.00700	0.00888	0.01023	0.01113	0.00640	0.00698	0.01106	0.01572	0.02061	0.08337	0.57484	0.15987	0.02303	0.00973	0.00302	0.00435	0.02063	0.00727	0.00640
164	0.01728	0.12499	0.37908	0.02666	0.14894	0.02021	0.09575	0.02400	0.01653	0.02362	0.01365	0.01690	0.01052	0.00738	0.00814	0.00238	0.04318	0.00617	0.00346	0.01116
165	0.78228	0.01499	0.01140	0.01020	0.01499	0.01739	0.00840	0.02279	0.01320	0.03479	0.01080	0.01260	0.00840	0.00720	0.00480	0.00240	0.00600	0.00420	0.00480	0.00840
166	0.01110	0.00823	0.01207	0.01207	0.01332	0.00948	0.00921	0.01360	0.01235	0.01771	0.02112	0.03243	0.02024	0.12319	0.63291	0.01198	0.01948	0.00860	0.00421	0.00671
167	0.01608	0.01378	0.01608	0.01148	0.01837	0.01034	0.00919	0.01952	0.01608	0.02527	0.01378	0.01608	0.01148	0.00574	0.00574	0.00115	0.00574	0.00459	0.00459	0.77491
168	0.15009	0.18952	0.39839	0.01773	0.02673	0.02047	0.02100	0.02449	0.01592	0.05187	0.01335	0.01525	0.00999	0.00726	0.00640	0.00227	0.00961	0.00519	0.00381	0.01066
169	0.01872	0.01794	0.03062	0.11622	0.61420	0.01830	0.02356	0.02338	0.01743	0.02476	0.01450	0.01934	0.01208	0.00700	0.00768	0.00233	0.00933	0.00691	0.00380	0.01190
170	0.00916	0.00785	0.00785	0.00785	0.01047	0.00655	0.00589	0.01113	0.01767	0.02095	0.07855	0.07462	0.67599	0.01964	0.00916	0.00262	0.00393	0.01636	0.00720	0.00655
171	0.07450	0.02079	0.08114	0.06475	0.20153	0.01893	0.37394	0.02417	0.01750	0.02545	0.01484	0.01955	0.01145	0.00679	0.00827	0.00251	0.01134	0.00788	0.00390	0.01075
172	0.05289	0.01791	0.02134	0.03806	0.02357	0.04880	0.06818	0.15406	0.25699	0.19593	0.02530	0.02412	0.01795	0.00940	0.00779	0.00247	0.00779	0.00783	0.00752	0.01212
173	0.20328	0.02629	0.05277	0.01714	0.02222	0.26220	0.01413	0.22516	0.02379	0.03238	0.01382	0.01538	0.01063	0.00844	0.00756	0.00228	0.04138	0.00555	0.00531	0.01028
174	0.01005	0.00745	0.01051	0.01143	0.01220	0.00700	0.03327	0.01159	0.01498	0.02008	0.06910	0.60124	0.04855	0.08799	0.01256	0.00350	0.00509	0.02015	0.00689	0.00637
175	0.01696	0.01696	0.02375	0.02036	0.02036	0.02375	0.01696	0.01866	0.01187	0.01866	0.01018	0.01696	0.01018	0.01357	0.02545	0.00339	0.71332	0.00679	0.00339	0.00848
176	0.01529	0.01476	0.02429	0.53352	0.04580	0.01872	0.04665	0.01977	0.01484	0.01977	0.01309	0.01989	0.01036	0.00895	0.01160	0.00276	0.16086	0.00696	0.00345	0.00866
177	0.03462	0.01347	0.01816	0.01392	0.01993	0.01180	0.01150	0.05730	0.02264	0.66436	0.03021	0.02614	0.01900	0.00959	0.00780	0.00240	0.00666	0.00777	0.00954	0.01320
178	0.01743	0.01705	0.02371	0.04669	0.02179	0.02351	0.01704	0.04693	0.01311	0.02005	0.01069	0.01718	0.01032	0.01316	0.02398	0.00331	0.65496	0.00680	0.00359	0.00870
179	0.01445	0.00723	0.00723	0.00723	0.00903	0.00723	0.00542	0.01807	0.01626	0.02891	0.02529	0.02891	0.01987	0.00903	0.00542	0.00181	0.00361	0.00723	0.77055	0.00723
180	0.01120	0.00773	0.00950	0.00945	0.00992	0.00797	0.00603	0.01215	0.01254	0.01719	0.08495	0.04703	0.03052	0.51558	0.17887	0.00811	0.01002	0.01089	0.00494	0.00543
181	0.00992	0.00770	0.00903	0.00909	0.01104	0.00681	0.00667	0.01245	0.01888	0.02474	0.30709	0.17658	0.33431	0.01893	0.00928	0.00264	0.00392	0.01639	0.00772	0.00681
182	0.01608	0.01378	0.01608	0.01148	0.01837	0.01034	0.00919	0.01952	0.01608	0.02527	0.01378	0.01608	0.01148	0.00574	0.00574	0.00115	0.00574	0.00459	0.00459	0.77491
183	0.03365	0.01329	0.01788	0.01378	0.01962	0.01169	0.01135	0.05913	0.02270	0.63557	0.05575	0.02736	0.02112	0.00983	0.00785	0.00240	0.00655	0.00801	0.00949	0.01296
184	0.71068	0.01482	0.01203	0.01054	0.01545	0.01682	0.00868	0.02423	0.01406	0.09702	0.01269	0.01392	0.00943	0.00743	0.00509	0.00240	0.00606	0.00454	0.00526	0.00886
185	0.00964	0.00787	0.00852	0.00836	0.01077	0.00675	0.00627	0.01206	0.01881	0.02364	0.23707	0.07018	0.51579	0.01863	0.00916	0.00257	0.00386	0.01574	0.00755	0.00675
186	0.03479	0.01320	0.01799	0.01380	0.01979	0.01140	0.01140	0.03779	0.02219	0.68451	0.03059	0.02639	0.01919	0.00960	0.00780	0.00240	0.00660	0.00780	0.00960	0.01320
187	0.02187	0.01458	0.01849	0.01731	0.06204	0.01517	0.03346	0.10939	0.21660	0.17464	0.05990	0.09677	0.02748	0.01257	0.00845	0.00267	0.00682	0.08290	0.00773	0.01116
188	0.01077	0.00783	0.01014	0.00974	0.01150	0.00720	0.00724	0.01417	0.02121	0.02975	0.59861	0.10819	0.10122	0.01667	0.00920	0.00250	0.00373	0.01473	0.00837	0.00720
189	0.00945	0.00675	0.00900	0.01080	0.01125	0.00630	0.00720	0.01080	0.01484	0.01979	0.04274	0.72245	0.05128	0.02429	0.00990	0.00315	0.00450	0.02204	0.00720	0.00630
190	0.03221	0.01565	0.01931	0.01499	0.02091	0.01525	0.01232	0.19571	0.07630	0.47053	0.02760	0.02460	0.01801	0.00960	0.00779	0.00240	0.00706	0.00766	0.00899	0.01312
191	0.01716	0.01901	0.06709	0.24214	0.04160	0.01873	0.34467	0.05046	0.01773	0.02387	0.01577	0.04338	0.01251	0.00799	0.00933	0.00264	0.04359	0.00849	0.00399	0.00982
192	0.01464	0.01378	0.02326	0.70887	0.05340	0.01723	0.02153	0.01981	0.01550	0.01981	0.01378	0.02067	0.01034	0.00775	0.00775	0.00258	0.01034	0.00689	0.00345	0.00861
193	0.01608	0.01378	0.01608	0.01148	0.01837	0.01034	0.00919	0.01952	0.01608	0.02527	0.01378	0.01608	0.01148	0.00574	0.00574	0.00115	0.00574	0.00459	0.00459	0.77491
194	0.02121	0.67303	0.03991	0.01409	0.02075	0.02943	0.03963	0.02389	0.01613	0.04600	0.01180	0.01336	0.01041	0.00675	0.00526	0.00173	0.00842	0.00450	0.00360	0.01011
195	0.00945	0.00675	0.00900	0.01080	0.01125	0.00630	0.00720	0.01080	0.01484	0.01979	0.04274	0.72245	0.05128	0.02429	0.00990	0.00315	0.00450	0.02204	0.00720	0.00630
196	0.01018	0.00779	0.00934	0.00917	0.01115	0.00694	0.00679	0.01301	0.01974	0.02638	0.40090	0.12772	0.28674	0.01802	0.00922	0.00257	0.00384	0.01563	0.00793	0.00694
197	0.03479	0.01320	0.01799	0.01380	0.01979	0.01140	0.01140	0.03779	0.02219	0.68451	0.03059	0.02639	0.01919	0.00960	0.00780	0.00240	0.00660	0.00780	0.00960	0.01320
198	0.01665	0.01423	0.01668	0.01210	0.01868	0.01144	0.00973	0.04465	0.01671	0.02593	0.01382	0.01622	0.01150	0.00621	0.00664	0.00129	0.03519	0.00478	0.00467	0.71289
199	0.03479	0.01320	0.01799	0.01380	0.01979	0.01140	0.01140	0.03779	0.02219	0.68451	0.03059	0.02639	0.01919	0.00960	0.00780	0.00240	0.00660	0.00780	0.00960	0.01320
200	0.01097	0.00793	0.01036	0.00975	0.01158	0.00732	0.00732	0.01463	0.02195	0.03109	0.67505	0.05792	0.07316	0.01585	0.00914	0.00244	0.00366	0.01402	0.00854	0.00732
201	0.02729	0.02022	0.02179	0.01715	0.02279	0.02234	0.01399	0.56756	0.06898	0.04560	0.02129	0.07652	0.01686	0.01059	0.00794	0.00241	0.00807	0.00831	0.00772	0.01257
202	0.03479	0.01320	0.01799	0.01380	0.01979	0.01140	0.01140	0.03779	0.02219	0.68451	0.03059	0.02639	0.01919	0.00960	0.00780	0.00240	0.00660	0.00780	0.00960	0.01320
203	0.01128	0.00752	0.00846	0.00846	0.00846	0.00752	0.00470	0.01128	0.01128	0.01503	0.02443	0.05074	0.02819	0.72751	0.03946	0.00752	0.00752	0.01128	0.00470	0.00470
204	0.01108	0.00831	0.01246	0.01246	0.01385	0.00969	0.00969	0.01385	0.01246	0.01800	0.02077	0.03046	0.01938	0.05815	0.69678	0.01246	0.02077	0.00831	0.00415	0.00692
205	0.00953	0.00678	0.00897	0.01069	0.01112	0.00635	0.00708	0.01082	0.01468	0.01958	0.04190	0.69181	0.05023	0.05637	0.01125	0.00335	0.00464	0.02155	0.00708	0.00622
206	0.01464	0.01378	0.02326	0.70887	0.05340	0.01723	0.02153	0.01981	0.01550	0.01981	0.01378	0.02067	0.01034	0.00775	0.00775	0.00258	0.01034	0.00689	0.00345	0.00861
207	0.02073	0.73217	0.04063	0.01327	0.01990	0.03068	0.01327	0.02322	0.01575	0.01824	0.01078	0.01244	0.00995	0.00663	0.00498	0.00166	0.00829	0.00415	0.00332	0.00995
208	0.01608	0.01378	0.01608	0.01148	0.01837	0.01034	0.00919	0.01952	0.01608	0.02527	0.01378	0.01608	0.01148	0.00574	0.00574	0.00115	0.00574	0.00459	0.00459	0.77491
209	0.01040	0.00774	0.00968	0.00953	0.01132	0.00702	0.00702	0.01339	0.02009	0.02748	0.46710	0.15709	0.18793	0.01781	0.00926	0.00258	0.00383	0.01564	0.00808	0.00702
210	0.02073	0.73217	0.04063	0.01327	0.01990	0.03068	0.01327	0.02322	0.01575	0.01824	0.01078	0.01244	0.00995	0.00663	0.00498	0.00166	0.00829	0.00415	0.00332	0.00995
211	0.00945	0.00675	0.00900	0.01080	0.01125	0.00630	0.00720	0.01080	0.01484	0.01979	0.04274	0.72245	0.05128	0.02429	0.00990	0.00315	0.00450	0.02204	0.00720	0.00630
212	0.01787	0.01969	0.04179	0.06145	0.03861	0.01898	0.56291	0.02400	0.01782	0.02459	0.01591	0.02119	0.01208	0.00700	0.00951	0.00260	0.03933	0.00885	0.04569	0.01012
213	0.03292	0.01278	0.01739	0.01348	0.01915	0.01108	0.01108	0.03597	0.02217	0.63322	0.08118	0.02887	0.02343	0.01009	0.00790	0.00240	0.00637	0.00829	0.00951	0.01273
214	0.01445	0.00723	0.00723	0.00723	0.00903	0.00723	0.00542	0.01807	0.01626	0.02891	0.02529	0.02891	0.01987	0.00903	0.00542	0.00181	0.00361	0.00723	0.77055	0.00723
215	0.01464	0.01378	0.02326	0.70887	0.05340	0.01723	0.02153	0.01981	0.01550	0.01981	0.01378	0.02067	0.01034	0.00775	0.00775	0.00258	0.01034	0.00689	0.00345	0.00861
216	0.05411	0.01933	0.02040	0.01668	0.02207	0.02179	0.01346	0.37209	0.29951	0.04143	0.02375	0.02271	0.01740	0.00974	0.00770	0.00246	0.00743	0.00762	0.00770	0.01262
