[name]
unknown

[dist]
# distance from previous block
# <min> <max>
0	23

[block]
# block no. 0 follows, 20 sequences, length 57
# corresponding to MSA columns:
# 31-87
name=unknown_A
#
# <colnr> <probs for GDERKNQSTAVLIFYWHMCP>
#	G	D	E	R	K	N	Q	S	T	A	V	L	I	F	Y	W	H	M	C	P
0	0.01406	0.01004	0.01406	0.01606	0.01807	0.01004	0.01406	0.01807	0.02008	0.02610	0.04618	0.09839	0.05020	0.02410	0.01205	0.00402	0.00803	0.58032	0.00803	0.00803
1	0.02243	0.59833	0.13824	0.01645	0.02475	0.03233	0.01758	0.02635	0.01783	0.02161	0.01267	0.01467	0.01117	0.00759	0.00601	0.00200	0.00988	0.00494	0.00372	0.01145
2	0.10845	0.01942	0.02055	0.01718	0.02299	0.02144	0.01375	0.18482	0.31883	0.10189	0.02813	0.02657	0.02055	0.01071	0.00832	0.00274	0.00760	0.00844	0.00846	0.04917
3	0.01072	0.00766	0.01020	0.01208	0.01267	0.00715	0.00810	0.01238	0.01713	0.02295	0.07969	0.65418	0.05902	0.02682	0.01109	0.00350	0.00501	0.02431	0.00818	0.00715
4	0.03084	0.02274	0.02481	0.01939	0.02576	0.02524	0.01594	0.54326	0.03798	0.05108	0.02121	0.02244	0.01562	0.01664	0.08168	0.00390	0.01114	0.00802	0.00827	0.01404
5	0.06850	0.02340	0.02477	0.01937	0.02604	0.02606	0.01590	0.51621	0.10589	0.05207	0.02215	0.02192	0.01590	0.01051	0.00857	0.00266	0.00915	0.00792	0.00857	0.01444
6	0.01908	0.01908	0.02672	0.02290	0.02290	0.02672	0.01908	0.02099	0.01336	0.02099	0.01145	0.01908	0.01145	0.01527	0.02863	0.00382	0.67748	0.00763	0.00382	0.00954
7	0.03316	0.02443	0.02618	0.02007	0.02705	0.02705	0.01658	0.60995	0.04101	0.05497	0.02094	0.02094	0.01483	0.01047	0.00873	0.00262	0.00960	0.00785	0.00873	0.01483
8	0.03443	0.02240	0.02492	0.01910	0.02604	0.02403	0.01578	0.48952	0.03761	0.18021	0.02380	0.02280	0.01627	0.01054	0.00874	0.00264	0.00914	0.00805	0.00917	0.01484
9	0.01246	0.00935	0.01402	0.01402	0.01558	0.01090	0.01090	0.01558	0.01402	0.02025	0.02336	0.03427	0.02181	0.06542	0.65888	0.01402	0.02336	0.00935	0.00467	0.00779
10	0.01063	0.00759	0.01012	0.01215	0.01265	0.00709	0.00810	0.01215	0.01670	0.02227	0.04808	0.68775	0.05769	0.02733	0.01113	0.00354	0.00506	0.02480	0.00810	0.00709
11	0.01063	0.00759	0.01012	0.01215	0.01265	0.00709	0.00810	0.01215	0.01670	0.02227	0.04808	0.68775	0.05769	0.02733	0.01113	0.00354	0.00506	0.02480	0.00810	0.00709
12	0.02059	0.02353	0.05147	0.03676	0.04559	0.02206	0.60735	0.02794	0.02059	0.02794	0.01765	0.02353	0.01324	0.00735	0.01029	0.00294	0.01471	0.01029	0.00441	0.01176
13	0.02024	0.02595	0.11843	0.03543	0.04471	0.02186	0.54282	0.02791	0.02034	0.02791	0.01742	0.02296	0.01299	0.00746	0.01007	0.00292	0.01450	0.00986	0.00433	0.01189
14	0.01063	0.00759	0.01012	0.01215	0.01265	0.00709	0.00810	0.01215	0.01670	0.02227	0.04808	0.68775	0.05769	0.02733	0.01113	0.00354	0.00506	0.02480	0.00810	0.00709
15	0.02059	0.02353	0.05147	0.03676	0.04559	0.02206	0.60735	0.02794	0.02059	0.02794	0.01765	0.02353	0.01324	0.00735	0.01029	0.00294	0.01471	0.01029	0.00441	0.01176
16	0.01750	0.04512	0.64825	0.02486	0.03775	0.02026	0.03223	0.02762	0.01842	0.02762	0.01565	0.01842	0.01105	0.00829	0.00829	0.00276	0.01289	0.00645	0.00368	0.01289
17	0.02059	0.02353	0.05147	0.03676	0.04559	0.02206	0.60735	0.02794	0.02059	0.02794	0.01765	0.02353	0.01324	0.00735	0.01029	0.00294	0.01471	0.01029	0.00441	0.01176
18	0.01647	0.01550	0.02616	0.67248	0.06008	0.01938	0.02422	0.02229	0.01744	0.02229	0.01550	0.02326	0.01163	0.00872	0.00872	0.00291	0.01163	0.00775	0.00388	0.00969
19	0.01031	0.00884	0.00884	0.00884	0.01178	0.00736	0.00663	0.01252	0.01988	0.02356	0.08837	0.08395	0.63549	0.02209	0.01031	0.00295	0.00442	0.01841	0.00810	0.00736
20	0.02059	0.02353	0.05147	0.03676	0.04559	0.02206	0.60735	0.02794	0.02059	0.02794	0.01765	0.02353	0.01324	0.00735	0.01029	0.00294	0.01471	0.01029	0.00441	0.01176
21	0.75506	0.01687	0.01282	0.01147	0.01687	0.01957	0.00945	0.02564	0.01484	0.03914	0.01215	0.01417	0.00945	0.00810	0.00540	0.00270	0.00675	0.00472	0.00540	0.00945
22	0.01091	0.00776	0.01029	0.01220	0.01276	0.00731	0.00825	0.01248	0.01666	0.02218	0.04688	0.62406	0.05592	0.06283	0.01296	0.00383	0.00539	0.05236	0.00794	0.00704
23	0.01063	0.00759	0.01012	0.01215	0.01265	0.00709	0.00810	0.01215	0.01670	0.02227	0.04808	0.68775	0.05769	0.02733	0.01113	0.00354	0.00506	0.02480	0.00810	0.00709
24	0.01626	0.00813	0.00813	0.00813	0.01016	0.00813	0.00610	0.02033	0.01829	0.03252	0.02846	0.03252	0.02236	0.01016	0.00610	0.00203	0.00407	0.00813	0.74187	0.00813
25	0.02332	0.69869	0.04571	0.01493	0.02239	0.03451	0.01493	0.02612	0.01772	0.02052	0.01213	0.01399	0.01119	0.00746	0.00560	0.00187	0.00933	0.00466	0.00373	0.01119
26	0.01626	0.00813	0.00813	0.00813	0.01016	0.00813	0.00610	0.02033	0.01829	0.03252	0.02846	0.03252	0.02236	0.01016	0.00610	0.00203	0.00407	0.00813	0.74187	0.00813
27	0.01406	0.01004	0.01406	0.01606	0.01807	0.01004	0.01406	0.01807	0.02008	0.02610	0.04618	0.09839	0.05020	0.02410	0.01205	0.00402	0.00803	0.58032	0.00803	0.00803
28	0.01063	0.00759	0.01012	0.01215	0.01265	0.00709	0.00810	0.01215	0.01670	0.02227	0.04808	0.68775	0.05769	0.02733	0.01113	0.00354	0.00506	0.02480	0.00810	0.00709
29	0.01235	0.00892	0.01166	0.01097	0.01303	0.00823	0.00823	0.01646	0.02469	0.03498	0.63443	0.06516	0.08230	0.01783	0.01029	0.00274	0.00412	0.01578	0.00960	0.00823
30	0.01235	0.00892	0.01166	0.01097	0.01303	0.00823	0.00823	0.01646	0.02469	0.03498	0.63443	0.06516	0.08230	0.01783	0.01029	0.00274	0.00412	0.01578	0.00960	0.00823
31	0.02159	0.02073	0.03541	0.05354	0.63903	0.02073	0.02677	0.02677	0.01986	0.02850	0.01641	0.02159	0.01382	0.00777	0.00864	0.00259	0.01036	0.00777	0.00432	0.01382
32	0.75506	0.01687	0.01282	0.01147	0.01687	0.01957	0.00945	0.02564	0.01484	0.03914	0.01215	0.01417	0.00945	0.00810	0.00540	0.00270	0.00675	0.00472	0.00540	0.00945
33	0.01235	0.00892	0.01166	0.01097	0.01303	0.00823	0.00823	0.01646	0.02469	0.03498	0.63443	0.06516	0.08230	0.01783	0.01029	0.00274	0.00412	0.01578	0.00960	0.00823
34	0.01626	0.00813	0.00813	0.00813	0.01016	0.00813	0.00610	0.02033	0.01829	0.03252	0.02846	0.03252	0.02236	0.01016	0.00610	0.00203	0.00407	0.00813	0.74187	0.00813
35	0.01268	0.00846	0.00951	0.00951	0.00951	0.00846	0.00529	0.01268	0.01268	0.01691	0.02748	0.05708	0.03171	0.69345	0.04440	0.00846	0.00846	0.01268	0.00529	0.00529
36	0.02159	0.02073	0.03541	0.05354	0.63903	0.02073	0.02677	0.02677	0.01986	0.02850	0.01641	0.02159	0.01382	0.00777	0.00864	0.00259	0.01036	0.00777	0.00432	0.01382
37	0.03914	0.01484	0.02024	0.01552	0.02227	0.01282	0.01282	0.04251	0.02497	0.64507	0.03441	0.02969	0.02159	0.01080	0.00877	0.00270	0.00742	0.00877	0.01080	0.01484
38	0.01908	0.01908	0.02672	0.02290	0.02290	0.02672	0.01908	0.02099	0.01336	0.02099	0.01145	0.01908	0.01145	0.01527	0.02863	0.00382	0.67748	0.00763	0.00382	0.00954
39	0.02159	0.02073	0.03541	0.05354	0.63903	0.02073	0.02677	0.02677	0.01986	0.02850	0.01641	0.02159	0.01382	0.00777	0.00864	0.00259	0.01036	0.00777	0.00432	0.01382
40	0.03258	0.04157	0.02472	0.02247	0.02697	0.65843	0.01685	0.03483	0.02472	0.02135	0.01348	0.01573	0.01124	0.00899	0.00787	0.00225	0.01573	0.00562	0.00449	0.01011
41	0.01235	0.00892	0.01166	0.01097	0.01303	0.00823	0.00823	0.01646	0.02469	0.03498	0.63443	0.06516	0.08230	0.01783	0.01029	0.00274	0.00412	0.01578	0.00960	0.00823
42	0.01063	0.00759	0.01012	0.01215	0.01265	0.00709	0.00810	0.01215	0.01670	0.02227	0.04808	0.68775	0.05769	0.02733	0.01113	0.00354	0.00506	0.02480	0.00810	0.00709
43	0.03914	0.01484	0.02024	0.01552	0.02227	0.01282	0.01282	0.04251	0.02497	0.64507	0.03441	0.02969	0.02159	0.01080	0.00877	0.00270	0.00742	0.00877	0.01080	0.01484
44	0.03914	0.01484	0.02024	0.01552	0.02227	0.01282	0.01282	0.04251	0.02497	0.64507	0.03441	0.02969	0.02159	0.01080	0.00877	0.00270	0.00742	0.00877	0.01080	0.01484
45	0.01268	0.00846	0.00951	0.00951	0.00951	0.00846	0.00529	0.01268	0.01268	0.01691	0.02748	0.05708	0.03171	0.69345	0.04440	0.00846	0.00846	0.01268	0.00529	0.00529
46	0.03316	0.02443	0.02618	0.02007	0.02705	0.02705	0.01658	0.60995	0.04101	0.05497	0.02094	0.02094	0.01483	0.01047	0.00873	0.00262	0.00960	0.00785	0.00873	0.01483
47	0.03316	0.02443	0.02618	0.02007	0.02705	0.02705	0.01658	0.60995	0.04101	0.05497	0.02094	0.02094	0.01483	0.01047	0.00873	0.00262	0.00960	0.00785	0.00873	0.01483
48	0.01289	0.00997	0.01484	0.01459	0.01605	0.01192	0.01143	0.01593	0.01398	0.02030	0.02260	0.03329	0.02114	0.06219	0.61825	0.01336	0.06553	0.00924	0.00462	0.00790
49	0.01268	0.00846	0.00951	0.00951	0.00951	0.00846	0.00529	0.01268	0.01268	0.01691	0.02748	0.05708	0.03171	0.69345	0.04440	0.00846	0.00846	0.01268	0.00529	0.00529
50	0.01647	0.01550	0.02616	0.67248	0.06008	0.01938	0.02422	0.02229	0.01744	0.02229	0.01550	0.02326	0.01163	0.00872	0.00872	0.00291	0.01163	0.00775	0.00388	0.00969
51	0.03316	0.02443	0.02618	0.02007	0.02705	0.02705	0.01658	0.60995	0.04101	0.05497	0.02094	0.02094	0.01483	0.01047	0.00873	0.00262	0.00960	0.00785	0.00873	0.01483
52	0.01100	0.00961	0.04453	0.01283	0.01401	0.00780	0.00940	0.01298	0.01679	0.02256	0.04633	0.65166	0.05518	0.02630	0.01098	0.00350	0.00548	0.02381	0.00786	0.00740
53	0.01268	0.00846	0.00951	0.00951	0.00951	0.00846	0.00529	0.01268	0.01268	0.01691	0.02748	0.05708	0.03171	0.69345	0.04440	0.00846	0.00846	0.01268	0.00529	0.00529
54	0.02059	0.02353	0.05147	0.03676	0.04559	0.02206	0.60735	0.02794	0.02059	0.02794	0.01765	0.02353	0.01324	0.00735	0.01029	0.00294	0.01471	0.01029	0.00441	0.01176
55	0.03258	0.04157	0.02472	0.02247	0.02697	0.65843	0.01685	0.03483	0.02472	0.02135	0.01348	0.01573	0.01124	0.00899	0.00787	0.00225	0.01573	0.00562	0.00449	0.01011
56	0.03182	0.02346	0.02539	0.01968	0.02631	0.02601	0.01621	0.57164	0.03927	0.05274	0.02110	0.02180	0.01528	0.01401	0.05063	0.00335	0.01049	0.00795	0.00846	0.01438

[dist]
# distance from previous block
# <min> <max>
0	2

[block]
# block no. 1 follows, 20 sequences, length 66
# corresponding to MSA columns:
# 90-155
name=unknown_B
#
# <colnr> <probs for GDERKNQSTAVLIFYWHMCP>
#	G	D	E	R	K	N	Q	S	T	A	V	L	I	F	Y	W	H	M	C	P
0	0.01893	0.02077	0.04363	0.03214	0.03919	0.01993	0.48175	0.02507	0.01960	0.02668	0.02215	0.12866	0.02019	0.01093	0.01138	0.00308	0.04759	0.01246	0.00497	0.01091
1	0.02159	0.02073	0.03541	0.05354	0.63903	0.02073	0.02677	0.02677	0.01986	0.02850	0.01641	0.02159	0.01382	0.00777	0.00864	0.00259	0.01036	0.00777	0.00432	0.01382
2	0.03147	0.03748	0.02432	0.02174	0.02651	0.52964	0.01650	0.09115	0.09050	0.02619	0.01656	0.01803	0.01323	0.00944	0.00806	0.00236	0.01420	0.00629	0.00537	0.01096
3	0.02158	0.50389	0.22530	0.01789	0.02697	0.03027	0.02008	0.02657	0.01793	0.02264	0.01318	0.01531	0.01115	0.00771	0.00640	0.00213	0.01039	0.00520	0.00372	0.01170
4	0.01235	0.00892	0.01166	0.01097	0.01303	0.00823	0.00823	0.01646	0.02469	0.03498	0.63443	0.06516	0.08230	0.01783	0.01029	0.00274	0.00412	0.01578	0.00960	0.00823
5	0.01265	0.00860	0.01023	0.01023	0.01048	0.00884	0.00618	0.01314	0.01290	0.01744	0.02683	0.05346	0.03014	0.59382	0.14187	0.00934	0.01082	0.01216	0.00519	0.00568
6	0.02706	0.03246	0.02665	0.02327	0.02630	0.39679	0.04404	0.02941	0.02034	0.02151	0.01292	0.01732	0.01140	0.01123	0.01564	0.00286	0.26000	0.00657	0.00424	0.00998
7	0.01063	0.00759	0.01012	0.01215	0.01265	0.00709	0.00810	0.01215	0.01670	0.02227	0.04808	0.68775	0.05769	0.02733	0.01113	0.00354	0.00506	0.02480	0.00810	0.00709
8	0.01859	0.08491	0.01756	0.01270	0.01632	0.01312	0.01019	0.06763	0.02527	0.11305	0.44253	0.05164	0.06159	0.01524	0.00947	0.00263	0.00553	0.01306	0.00906	0.00992
9	0.01087	0.00932	0.00937	0.00928	0.01232	0.00807	0.00698	0.01418	0.04957	0.02420	0.08576	0.08142	0.60553	0.02159	0.01024	0.00295	0.00454	0.01799	0.00814	0.00768
10	0.02070	0.02323	0.04975	0.03856	0.10926	0.02192	0.54506	0.02782	0.02051	0.02800	0.01751	0.02332	0.01330	0.00740	0.01012	0.00290	0.01424	0.01002	0.00440	0.01198
11	0.02332	0.69869	0.04571	0.01493	0.02239	0.03451	0.01493	0.02612	0.01772	0.02052	0.01213	0.01399	0.01119	0.00746	0.00560	0.00187	0.00933	0.00466	0.00373	0.01119
12	0.01235	0.00892	0.01166	0.01097	0.01303	0.00823	0.00823	0.01646	0.02469	0.03498	0.63443	0.06516	0.08230	0.01783	0.01029	0.00274	0.00412	0.01578	0.00960	0.00823
13	0.47317	0.01982	0.01804	0.01483	0.02084	0.02249	0.01223	0.25380	0.02506	0.04532	0.01558	0.01681	0.01155	0.00902	0.00670	0.00267	0.00786	0.00595	0.00670	0.01155
14	0.75506	0.01687	0.01282	0.01147	0.01687	0.01957	0.00945	0.02564	0.01484	0.03914	0.01215	0.01417	0.00945	0.00810	0.00540	0.00270	0.00675	0.00472	0.00540	0.00945
15	0.01050	0.00890	0.00910	0.00920	0.01210	0.00750	0.00700	0.01280	0.01989	0.02369	0.08623	0.08468	0.60589	0.02219	0.01040	0.00300	0.00460	0.04683	0.00810	0.00740
16	0.75506	0.01687	0.01282	0.01147	0.01687	0.01957	0.00945	0.02564	0.01484	0.03914	0.01215	0.01417	0.00945	0.00810	0.00540	0.00270	0.00675	0.00472	0.00540	0.00945
17	0.02059	0.02353	0.05147	0.03676	0.04559	0.02206	0.60735	0.02794	0.02059	0.02794	0.01765	0.02353	0.01324	0.00735	0.01029	0.00294	0.01471	0.01029	0.00441	0.01176
18	0.01065	0.00890	0.00932	0.00936	0.01219	0.00756	0.00712	0.01310	0.02027	0.02459	0.12917	0.08318	0.56326	0.02186	0.01039	0.00298	0.00457	0.04585	0.00821	0.00746
19	0.01063	0.00759	0.01012	0.01215	0.01265	0.00709	0.00810	0.01215	0.01670	0.02227	0.04808	0.68775	0.05769	0.02733	0.01113	0.00354	0.00506	0.02480	0.00810	0.00709
20	0.02332	0.69869	0.04571	0.01493	0.02239	0.03451	0.01493	0.02612	0.01772	0.02052	0.01213	0.01399	0.01119	0.00746	0.00560	0.00187	0.00933	0.00466	0.00373	0.01119
21	0.01249	0.00925	0.01354	0.01354	0.01493	0.01064	0.01030	0.01527	0.01388	0.01989	0.02381	0.03672	0.02287	0.13280	0.59295	0.01342	0.02176	0.00970	0.00474	0.00752
22	0.01406	0.01004	0.01406	0.01606	0.01807	0.01004	0.01406	0.01807	0.02008	0.02610	0.04618	0.09839	0.05020	0.02410	0.01205	0.00402	0.00803	0.58032	0.00803	0.00803
23	0.01246	0.00935	0.01402	0.01402	0.01558	0.01090	0.01090	0.01558	0.01402	0.02025	0.02336	0.03427	0.02181	0.06542	0.65888	0.01402	0.02336	0.00935	0.00467	0.00779
24	0.02170	0.01874	0.01972	0.01775	0.02268	0.02170	0.01381	0.04635	0.62327	0.03649	0.03550	0.03254	0.02663	0.01183	0.00888	0.00296	0.00690	0.00986	0.00888	0.01381
25	0.03316	0.02443	0.02618	0.02007	0.02705	0.02705	0.01658	0.60995	0.04101	0.05497	0.02094	0.02094	0.01483	0.01047	0.00873	0.00262	0.00960	0.00785	0.00873	0.01483
26	0.01897	0.01892	0.02669	0.05225	0.02458	0.02639	0.01932	0.02105	0.01354	0.02105	0.01163	0.01927	0.01146	0.01497	0.02773	0.00378	0.64740	0.00764	0.00382	0.00955
27	0.01057	0.00781	0.00990	0.01157	0.01250	0.00713	0.00784	0.01221	0.01725	0.02249	0.05504	0.58334	0.15761	0.02642	0.01099	0.00344	0.00495	0.02369	0.00810	0.00713
28	0.02210	0.56146	0.17223	0.01701	0.02561	0.03152	0.01856	0.02644	0.01787	0.02201	0.01287	0.01492	0.01116	0.00764	0.00616	0.00205	0.01008	0.00504	0.00372	0.01155
29	0.01102	0.00853	0.01004	0.01037	0.01240	0.00755	0.00751	0.01362	0.02051	0.02671	0.24462	0.23877	0.31270	0.02218	0.01052	0.00304	0.00450	0.01930	0.00856	0.00755
30	0.03258	0.04157	0.02472	0.02247	0.02697	0.65843	0.01685	0.03483	0.02472	0.02135	0.01348	0.01573	0.01124	0.00899	0.00787	0.00225	0.01573	0.00562	0.00449	0.01011
31	0.02059	0.02353	0.05147	0.03676	0.04559	0.02206	0.60735	0.02794	0.02059	0.02794	0.01765	0.02353	0.01324	0.00735	0.01029	0.00294	0.01471	0.01029	0.00441	0.01176
32	0.02278	0.63767	0.10197	0.01585	0.02382	0.03318	0.01654	0.02626	0.01779	0.02119	0.01246	0.01441	0.01118	0.00754	0.00585	0.00195	0.00966	0.00483	0.00373	0.01135
33	0.03258	0.04157	0.02472	0.02247	0.02697	0.65843	0.01685	0.03483	0.02472	0.02135	0.01348	0.01573	0.01124	0.00899	0.00787	0.00225	0.01573	0.00562	0.00449	0.01011
34	0.01660	0.00986	0.01302	0.01169	0.01450	0.00896	0.00896	0.02059	0.02473	0.13176	0.53925	0.05953	0.07267	0.01672	0.01005	0.00274	0.00464	0.01466	0.00979	0.00928
35	0.02035	0.02282	0.04754	0.03457	0.04199	0.02280	0.51404	0.02684	0.01944	0.02684	0.01666	0.02282	0.01295	0.00861	0.01320	0.00308	0.11984	0.00987	0.00432	0.01141
36	0.11318	0.01568	0.01936	0.01544	0.02175	0.01495	0.01261	0.04131	0.11879	0.48352	0.03220	0.02848	0.02109	0.01067	0.00843	0.00274	0.00727	0.00851	0.00991	0.01410
37	0.01100	0.00785	0.01054	0.01257	0.01323	0.00740	0.00874	0.01278	0.01706	0.02268	0.04787	0.62452	0.05689	0.02698	0.01123	0.00359	0.00538	0.08440	0.00809	0.00719
38	0.01081	0.00772	0.01033	0.01235	0.01293	0.00724	0.00841	0.01245	0.01688	0.02247	0.04798	0.65715	0.05730	0.02716	0.01118	0.00357	0.00522	0.05364	0.00809	0.00713
39	0.02202	0.52077	0.10734	0.01726	0.02412	0.03175	0.01744	0.02547	0.01711	0.02136	0.01240	0.01527	0.01122	0.00879	0.00954	0.00227	0.11570	0.00533	0.00374	0.01111
40	0.01071	0.00897	0.00940	0.00961	0.01246	0.00765	0.00742	0.01311	0.01990	0.02384	0.08384	0.08550	0.57270	0.02231	0.01050	0.00306	0.00481	0.07870	0.00809	0.00744
41	0.03914	0.01484	0.02024	0.01552	0.02227	0.01282	0.01282	0.04251	0.02497	0.64507	0.03441	0.02969	0.02159	0.01080	0.00877	0.00270	0.00742	0.00877	0.01080	0.01484
42	0.02059	0.02353	0.05147	0.03676	0.04559	0.02206	0.60735	0.02794	0.02059	0.02794	0.01765	0.02353	0.01324	0.00735	0.01029	0.00294	0.01471	0.01029	0.00441	0.01176
43	0.02144	0.01394	0.01362	0.01192	0.01536	0.04284	0.00934	0.17565	0.02455	0.03790	0.02580	0.02872	0.01988	0.01019	0.00687	0.00220	0.00605	0.00794	0.51583	0.00998
44	0.01063	0.00759	0.01012	0.01215	0.01265	0.00709	0.00810	0.01215	0.01670	0.02227	0.04808	0.68775	0.05769	0.02733	0.01113	0.00354	0.00506	0.02480	0.00810	0.00709
45	0.02059	0.02353	0.05147	0.03676	0.04559	0.02206	0.60735	0.02794	0.02059	0.02794	0.01765	0.02353	0.01324	0.00735	0.01029	0.00294	0.01471	0.01029	0.00441	0.01176
46	0.01213	0.00891	0.01136	0.01074	0.01290	0.00814	0.00806	0.01604	0.02418	0.03375	0.57584	0.06717	0.14166	0.01829	0.01029	0.00277	0.00415	0.01606	0.00944	0.00814
47	0.02010	0.01652	0.01897	0.01401	0.02128	0.01384	0.01121	0.11474	0.02165	0.03232	0.01801	0.05241	0.01549	0.00815	0.00706	0.00162	0.00689	0.00659	0.00588	0.59325
48	0.03258	0.04157	0.02472	0.02247	0.02697	0.65843	0.01685	0.03483	0.02472	0.02135	0.01348	0.01573	0.01124	0.00899	0.00787	0.00225	0.01573	0.00562	0.00449	0.01011
49	0.01176	0.00883	0.01088	0.01050	0.01270	0.00796	0.00783	0.01527	0.02311	0.03153	0.47062	0.09980	0.21847	0.01935	0.01033	0.00283	0.00424	0.01686	0.00916	0.00796
50	0.01743	0.01847	0.03835	0.02895	0.03514	0.01731	0.41723	0.02293	0.01935	0.02614	0.02730	0.23427	0.02734	0.01369	0.01056	0.00313	0.01165	0.01490	0.00558	0.01028
51	0.10612	0.02742	0.02288	0.01903	0.02476	0.21923	0.01511	0.28770	0.05917	0.06890	0.02248	0.02279	0.04545	0.01044	0.00821	0.00255	0.01070	0.00751	0.00715	0.01239
52	0.01359	0.00970	0.01352	0.01553	0.01733	0.00963	0.01324	0.01726	0.01962	0.02558	0.04644	0.17921	0.05123	0.02454	0.01192	0.00395	0.00762	0.50414	0.00804	0.00790
53	0.01626	0.00813	0.00813	0.00813	0.01016	0.00813	0.00610	0.02033	0.01829	0.03252	0.02846	0.03252	0.02236	0.01016	0.00610	0.00203	0.00407	0.00813	0.74187	0.00813
54	0.03258	0.04157	0.02472	0.02247	0.02697	0.65843	0.01685	0.03483	0.02472	0.02135	0.01348	0.01573	0.01124	0.00899	0.00787	0.00225	0.01573	0.00562	0.00449	0.01011
55	0.07182	0.01889	0.02048	0.01664	0.02276	0.08459	0.01340	0.06357	0.13301	0.41428	0.03070	0.02757	0.02050	0.01064	0.00852	0.00269	0.00827	0.00839	0.00942	0.01387
56	0.01265	0.00860	0.01023	0.01023	0.01048	0.00884	0.00618	0.01314	0.01290	0.01744	0.02683	0.05346	0.03014	0.59382	0.14187	0.00934	0.01082	0.01216	0.00519	0.00568
57	0.01063	0.00759	0.01012	0.01215	0.01265	0.00709	0.00810	0.01215	0.01670	0.02227	0.04808	0.68775	0.05769	0.02733	0.01113	0.00354	0.00506	0.02480	0.00810	0.00709
58	0.02159	0.02073	0.03541	0.05354	0.63903	0.02073	0.02677	0.02677	0.01986	0.02850	0.01641	0.02159	0.01382	0.00777	0.00864	0.00259	0.01036	0.00777	0.00432	0.01382
59	0.01809	0.01550	0.01809	0.01292	0.02067	0.01163	0.01034	0.02196	0.01809	0.02842	0.01550	0.01809	0.01292	0.00646	0.00646	0.00129	0.00646	0.00517	0.00517	0.74677
60	0.01796	0.01029	0.01101	0.01025	0.01284	0.01078	0.00792	0.09318	0.02066	0.03400	0.02697	0.03127	0.02136	0.01613	0.07646	0.00339	0.00682	0.00823	0.57155	0.00893
61	0.02308	0.01610	0.01895	0.01436	0.02128	0.01396	0.01153	0.07428	0.08638	0.14047	0.05320	0.02433	0.01963	0.00870	0.00750	0.00190	0.00680	0.00706	0.00707	0.44341
62	0.02143	0.01540	0.01843	0.01333	0.02092	0.01182	0.01073	0.02522	0.01918	0.12624	0.01850	0.01993	0.01430	0.00715	0.00683	0.00152	0.00661	0.00574	0.00606	0.63067
63	0.02301	0.01544	0.01855	0.01383	0.02076	0.01277	0.01113	0.07251	0.02196	0.15654	0.07988	0.02524	0.02157	0.00877	0.00748	0.00182	0.00668	0.00714	0.00703	0.46786
64	0.01777	0.01245	0.01481	0.01287	0.01628	0.01231	0.01003	0.14190	0.02762	0.06701	0.41845	0.05620	0.12460	0.01641	0.00989	0.00274	0.00546	0.01406	0.00931	0.00984
65	0.01842	0.14879	0.55267	0.02329	0.03532	0.02252	0.02948	0.02739	0.01831	0.02650	0.01509	0.01771	0.01107	0.00816	0.00786	0.00262	0.01233	0.00616	0.00369	0.01262

[dist]
# distance from previous block
# <min> <max>
6	16

[block]
# block no. 2 follows, 20 sequences, length 30
# corresponding to MSA columns:
# 172-201
name=unknown_C
#
# <colnr> <probs for GDERKNQSTAVLIFYWHMCP>
#	G	D	E	R	K	N	Q	S	T	A	V	L	I	F	Y	W	H	M	C	P
0	0.01063	0.00759	0.01012	0.01215	0.01265	0.00709	0.00810	0.01215	0.01670	0.02227	0.04808	0.68775	0.05769	0.02733	0.01113	0.00354	0.00506	0.02480	0.00810	0.00709
1	0.14818	0.01972	0.02153	0.01708	0.02350	0.02101	0.01400	0.28205	0.10150	0.22492	0.02527	0.02384	0.01738	0.01035	0.00823	0.00270	0.00818	0.00787	0.00883	0.01386
2	0.02899	0.02258	0.02496	0.01998	0.02562	0.02593	0.01636	0.41867	0.15394	0.04675	0.02259	0.02302	0.01675	0.01138	0.01141	0.00285	0.09798	0.00823	0.00810	0.01392
3	0.01913	0.22822	0.47944	0.02208	0.03345	0.02425	0.02738	0.02720	0.01822	0.02563	0.01467	0.01718	0.01109	0.00806	0.00753	0.00251	0.01189	0.00595	0.00370	0.01242
4	0.01945	0.01915	0.02804	0.02280	0.02559	0.02347	0.09561	0.02495	0.08477	0.02470	0.01558	0.02108	0.01362	0.01262	0.02091	0.00326	0.42126	0.00791	0.00466	0.11055
5	0.02158	0.50344	0.22571	0.01789	0.02698	0.03026	0.02009	0.02657	0.01793	0.02264	0.01318	0.01531	0.01115	0.00771	0.00640	0.00213	0.01039	0.00520	0.00372	0.01170
6	0.01599	0.00822	0.00855	0.00855	0.01055	0.00833	0.00644	0.01999	0.01799	0.03165	0.02809	0.03264	0.02232	0.01409	0.05247	0.00288	0.00544	0.00822	0.68950	0.00811
7	0.01105	0.00809	0.01039	0.01145	0.01265	0.00743	0.00796	0.01335	0.01921	0.02584	0.21047	0.45111	0.13045	0.02417	0.01081	0.00326	0.00473	0.02164	0.00850	0.00743
8	0.01063	0.00759	0.01012	0.01215	0.01265	0.00709	0.00810	0.01215	0.01670	0.02227	0.04808	0.68775	0.05769	0.02733	0.01113	0.00354	0.00506	0.02480	0.00810	0.00709
9	0.65536	0.01712	0.01376	0.01232	0.01766	0.01986	0.01004	0.02846	0.09756	0.03878	0.01532	0.01667	0.01178	0.00861	0.00587	0.00273	0.00677	0.00542	0.00587	0.01004
10	0.06736	0.02347	0.02400	0.01903	0.02550	0.06731	0.01550	0.41197	0.10471	0.11731	0.02325	0.02262	0.01648	0.01045	0.00853	0.00265	0.00931	0.00789	0.00853	0.01413
11	0.29525	0.02146	0.01993	0.01602	0.02233	0.06853	0.01305	0.25863	0.02671	0.06068	0.01685	0.01796	0.01254	0.00897	0.00715	0.00245	0.00853	0.00621	0.00678	0.10997
12	0.01109	0.00792	0.01066	0.01268	0.01339	0.00749	0.00891	0.01295	0.01716	0.02279	0.04782	0.60763	0.05667	0.02689	0.01126	0.00361	0.00546	0.10032	0.00809	0.00721
13	0.02247	0.01663	0.01936	0.01431	0.02170	0.01409	0.01153	0.09302	0.05525	0.10383	0.01945	0.02057	0.01491	0.00772	0.00712	0.00170	0.00696	0.00616	0.00644	0.53678
14	0.02012	0.01954	0.02758	0.02131	0.02630	0.04277	0.11692	0.05141	0.01816	0.02669	0.01460	0.01944	0.01248	0.01007	0.01526	0.00258	0.25003	0.00708	0.00470	0.29296
15	0.02227	0.58126	0.15398	0.01671	0.02515	0.03195	0.01803	0.02639	0.01785	0.02180	0.01276	0.01479	0.01117	0.00761	0.00608	0.00203	0.00997	0.00498	0.00372	0.01150
16	0.11557	0.01129	0.01336	0.01210	0.01559	0.01065	0.00956	0.01989	0.02196	0.06315	0.37109	0.05405	0.05655	0.01537	0.00924	0.00269	0.00539	0.07714	0.00832	0.10702
17	0.02289	0.55567	0.14263	0.01696	0.02514	0.06697	0.01785	0.02685	0.01823	0.02172	0.01278	0.01481	0.01117	0.00768	0.00616	0.00203	0.01027	0.00501	0.00377	0.01141
18	0.01164	0.00867	0.01120	0.01225	0.01374	0.00770	0.00840	0.01348	0.01689	0.02310	0.04365	0.59671	0.05161	0.02449	0.01050	0.00324	0.00525	0.02213	0.00770	0.10765
19	0.01893	0.01853	0.02538	0.02135	0.02256	0.02438	0.01773	0.02114	0.01409	0.02214	0.01208	0.01893	0.01168	0.01390	0.02519	0.00343	0.57348	0.00725	0.00403	0.12381
20	0.20126	0.01032	0.00930	0.00897	0.01184	0.01099	0.00694	0.02166	0.01743	0.03418	0.02437	0.02793	0.01912	0.00965	0.00592	0.00220	0.00474	0.00728	0.55745	0.00846
21	0.02047	0.01682	0.01921	0.01426	0.02151	0.01440	0.01142	0.12150	0.04237	0.03294	0.01832	0.04415	0.01538	0.00810	0.00710	0.00166	0.00695	0.00651	0.00600	0.57092
22	0.02908	0.02174	0.02345	0.01879	0.02513	0.02396	0.01523	0.37434	0.22839	0.07624	0.02609	0.02501	0.01891	0.01076	0.00868	0.00268	0.00848	0.00843	0.00872	0.04590
23	0.02294	0.08487	0.36320	0.02179	0.03206	0.02288	0.02449	0.21219	0.02552	0.03585	0.01706	0.01887	0.01239	0.00880	0.00810	0.00255	0.01114	0.00667	0.00539	0.06322
24	0.02460	0.11207	0.13683	0.01684	0.02426	0.01850	0.01615	0.08810	0.07425	0.17200	0.09540	0.02737	0.02396	0.01013	0.00809	0.00240	0.00830	0.00809	0.00719	0.12548
25	0.10537	0.01936	0.03409	0.02506	0.03226	0.01828	0.31502	0.05747	0.02116	0.03180	0.10065	0.02697	0.02222	0.00888	0.00894	0.00257	0.01056	0.00932	0.00561	0.14443
26	0.01709	0.01644	0.02807	0.35124	0.11325	0.01915	0.08964	0.02191	0.01744	0.02348	0.01975	0.11288	0.01830	0.01185	0.01187	0.00308	0.09960	0.01035	0.00456	0.01003
27	0.02079	0.01818	0.02403	0.06946	0.13518	0.01815	0.01636	0.09968	0.03839	0.03067	0.01640	0.02001	0.01344	0.00873	0.01039	0.00220	0.09917	0.00664	0.00531	0.34682
28	0.24568	0.02140	0.02271	0.02213	0.10611	0.07884	0.01577	0.16150	0.02335	0.10665	0.01731	0.01930	0.01309	0.00994	0.01030	0.00277	0.09807	0.00678	0.00634	0.01196
29	0.01858	0.01141	0.01332	0.01233	0.01456	0.01163	0.00870	0.08221	0.05829	0.09826	0.03143	0.14800	0.03118	0.28314	0.05069	0.00551	0.00794	0.01285	0.09126	0.00869

[dist]
# distance from previous block
# <min> <max>
5	13

[block]
# block no. 3 follows, 20 sequences, length 6
# corresponding to MSA columns:
# 215-220
name=unknown_D
#
# <colnr> <probs for GDERKNQSTAVLIFYWHMCP>
#	G	D	E	R	K	N	Q	S	T	A	V	L	I	F	Y	W	H	M	C	P
0	0.01972	0.01678	0.02222	0.14045	0.02999	0.01576	0.04825	0.11258	0.02155	0.03089	0.01881	0.06801	0.01621	0.00906	0.00780	0.00206	0.00830	0.00778	0.00564	0.39813
1	0.08068	0.01196	0.01657	0.01466	0.01809	0.01126	0.06926	0.01931	0.01941	0.06030	0.16079	0.14693	0.07590	0.08805	0.01336	0.00352	0.00698	0.09366	0.00735	0.08195
2	0.02743	0.02260	0.02909	0.02256	0.02929	0.02454	0.12783	0.33497	0.20717	0.04445	0.02457	0.02482	0.01797	0.01028	0.00907	0.00278	0.00978	0.00890	0.00795	0.01395
3	0.08340	0.01463	0.01795	0.01532	0.01868	0.01584	0.01220	0.06457	0.02010	0.06180	0.16445	0.11062	0.03449	0.01443	0.01346	0.00281	0.16804	0.01096	0.00681	0.14944
4	0.07789	0.01798	0.02032	0.01588	0.02226	0.01765	0.01283	0.24244	0.02750	0.15533	0.02413	0.08822	0.01952	0.01097	0.00813	0.00237	0.00768	0.00878	0.00786	0.21226
5	0.12788	0.02490	0.02404	0.01953	0.02521	0.19406	0.07338	0.07528	0.06634	0.03002	0.01626	0.01883	0.01305	0.00897	0.00940	0.00237	0.06944	0.00653	0.00538	0.18912

[dist]
# distance from previous block
# <min> <max>
0	1

[block]
# block no. 4 follows, 20 sequences, length 10
# corresponding to MSA columns:
# 222-231
name=unknown_E
#
# <colnr> <probs for GDERKNQSTAVLIFYWHMCP>
#	G	D	E	R	K	N	Q	S	T	A	V	L	I	F	Y	W	H	M	C	P
0	0.08920	0.02344	0.02311	0.01826	0.02482	0.07961	0.01480	0.36883	0.08724	0.04491	0.02005	0.02055	0.01486	0.00965	0.00804	0.00242	0.00918	0.00717	0.00754	0.12630
1	0.09254	0.01999	0.02232	0.01774	0.02365	0.02164	0.01450	0.30131	0.08024	0.13748	0.02312	0.04422	0.01737	0.01101	0.00997	0.00267	0.06336	0.00819	0.00802	0.08066
2	0.09000	0.02492	0.02134	0.01859	0.02362	0.20614	0.01455	0.06944	0.24131	0.13208	0.02508	0.02441	0.01856	0.01060	0.00915	0.00271	0.03992	0.00781	0.00738	0.01239
3	0.05517	0.01319	0.01380	0.01185	0.01532	0.01372	0.00903	0.16759	0.02285	0.03549	0.02476	0.03205	0.02085	0.12878	0.01341	0.00328	0.00651	0.00849	0.34518	0.05868
4	0.02115	0.41419	0.25447	0.02164	0.07969	0.02839	0.02194	0.02670	0.01814	0.02367	0.01371	0.01617	0.01136	0.00778	0.00679	0.00224	0.01066	0.00555	0.00376	0.01201
5	0.02163	0.01566	0.01789	0.01550	0.02059	0.01589	0.01234	0.06404	0.26265	0.11201	0.05904	0.06009	0.07228	0.01337	0.00898	0.00273	0.00681	0.06873	0.00833	0.14144
6	0.09566	0.01692	0.02069	0.01642	0.02261	0.01638	0.05332	0.09424	0.12758	0.13251	0.02546	0.08416	0.02071	0.01068	0.00810	0.00242	0.00751	0.00898	0.00735	0.22830
7	0.11984	0.02717	0.02341	0.01914	0.02520	0.20387	0.01532	0.30362	0.03119	0.11955	0.01951	0.01978	0.01404	0.00981	0.00809	0.00253	0.01072	0.00696	0.00739	0.01285
8	0.28873	0.02184	0.01975	0.01621	0.02205	0.07747	0.01317	0.29844	0.02838	0.04361	0.02314	0.02366	0.06768	0.01053	0.00760	0.00264	0.00865	0.00748	0.00712	0.01184
9	0.06225	0.02134	0.02131	0.01811	0.02362	0.09013	0.01457	0.19620	0.22224	0.13553	0.02876	0.03193	0.02215	0.01188	0.00882	0.00283	0.00878	0.05798	0.00843	0.01315

[dist]
# distance from previous block
# <min> <max>
0	1

[block]
# block no. 5 follows, 20 sequences, length 28
# corresponding to MSA columns:
# 233-260
name=unknown_F
#
# <colnr> <probs for GDERKNQSTAVLIFYWHMCP>
#	G	D	E	R	K	N	Q	S	T	A	V	L	I	F	Y	W	H	M	C	P
0	0.03166	0.01639	0.02242	0.01721	0.02374	0.01516	0.05996	0.10045	0.06143	0.38313	0.08081	0.03030	0.02480	0.01073	0.00880	0.00259	0.00784	0.00911	0.00930	0.08416
1	0.01956	0.01356	0.01637	0.01279	0.01883	0.01074	0.01004	0.02295	0.01948	0.12459	0.05934	0.10793	0.07598	0.01153	0.00790	0.00200	0.00615	0.00973	0.00687	0.44365
2	0.02074	0.01300	0.01602	0.01262	0.01820	0.01061	0.01001	0.02439	0.02156	0.17298	0.18647	0.03939	0.09410	0.01194	0.00836	0.00216	0.00588	0.01004	0.00791	0.31363
3	0.01799	0.10065	0.59706	0.02402	0.03645	0.02147	0.03076	0.02750	0.01836	0.02702	0.01535	0.01804	0.01106	0.00822	0.00806	0.00269	0.01259	0.00629	0.00369	0.01275
4	0.02098	0.02010	0.03430	0.12756	0.56980	0.02056	0.02647	0.02623	0.01957	0.02775	0.01630	0.02179	0.01356	0.00789	0.00865	0.00263	0.01051	0.00777	0.00426	0.01332
5	0.02039	0.02289	0.04882	0.03487	0.04361	0.02123	0.55986	0.02747	0.02039	0.02798	0.01748	0.02310	0.01321	0.00728	0.00999	0.00281	0.01405	0.00989	0.00447	0.07023
6	0.01152	0.00854	0.01107	0.01224	0.01361	0.00763	0.00836	0.01332	0.01687	0.02300	0.04418	0.60767	0.05234	0.02483	0.01057	0.00327	0.00523	0.02245	0.00775	0.09554
7	0.01966	0.01556	0.01655	0.01452	0.01784	0.08410	0.01126	0.07173	0.02414	0.09170	0.31147	0.08397	0.07375	0.01540	0.01102	0.00273	0.05996	0.01266	0.00820	0.05380
8	0.01908	0.01908	0.02672	0.02290	0.02290	0.02672	0.01908	0.02099	0.01336	0.02099	0.01145	0.01908	0.01145	0.01527	0.02863	0.00382	0.67748	0.00763	0.00382	0.00954
9	0.67299	0.01672	0.01430	0.08492	0.02167	0.01955	0.01109	0.02527	0.01513	0.03726	0.01252	0.01518	0.00969	0.00817	0.00577	0.00272	0.00729	0.00506	0.00523	0.00947
10	0.01246	0.00935	0.01402	0.01402	0.01558	0.01090	0.01090	0.01558	0.01402	0.02025	0.02336	0.03427	0.02181	0.06542	0.65888	0.01402	0.02336	0.00935	0.00467	0.00779
11	0.02159	0.02073	0.03541	0.05354	0.63903	0.02073	0.02677	0.02677	0.01986	0.02850	0.01641	0.02159	0.01382	0.00777	0.00864	0.00259	0.01036	0.00777	0.00432	0.01382
12	0.01063	0.00759	0.01012	0.01215	0.01265	0.00709	0.00810	0.01215	0.01670	0.02227	0.04808	0.68775	0.05769	0.02733	0.01113	0.00354	0.00506	0.02480	0.00810	0.00709
13	0.01647	0.01550	0.02616	0.67248	0.06008	0.01938	0.02422	0.02229	0.01744	0.02229	0.01550	0.02326	0.01163	0.00872	0.00872	0.00291	0.01163	0.00775	0.00388	0.00969
14	0.03258	0.04157	0.02472	0.02247	0.02697	0.65843	0.01685	0.03483	0.02472	0.02135	0.01348	0.01573	0.01124	0.00899	0.00787	0.00225	0.01573	0.00562	0.00449	0.01011
15	0.01266	0.00856	0.01001	0.01001	0.01019	0.00873	0.00591	0.01301	0.01283	0.01728	0.02703	0.05455	0.03061	0.62366	0.11268	0.00907	0.01011	0.01231	0.00522	0.00556
16	0.01246	0.00935	0.01402	0.01402	0.01558	0.01090	0.01090	0.01558	0.01402	0.02025	0.02336	0.03427	0.02181	0.06542	0.65888	0.01402	0.02336	0.00935	0.00467	0.00779
17	0.03316	0.02443	0.02618	0.02007	0.02705	0.02705	0.01658	0.60995	0.04101	0.05497	0.02094	0.02094	0.01483	0.01047	0.00873	0.00262	0.00960	0.00785	0.00873	0.01483
18	0.02159	0.02073	0.03541	0.05354	0.63903	0.02073	0.02677	0.02677	0.01986	0.02850	0.01641	0.02159	0.01382	0.00777	0.00864	0.00259	0.01036	0.00777	0.00432	0.01382
19	0.02059	0.02353	0.05147	0.03676	0.04559	0.02206	0.60735	0.02794	0.02059	0.02794	0.01765	0.02353	0.01324	0.00735	0.01029	0.00294	0.01471	0.01029	0.00441	0.01176
20	0.01246	0.00935	0.01402	0.01402	0.01558	0.01090	0.01090	0.01558	0.01402	0.02025	0.02336	0.03427	0.02181	0.06542	0.65888	0.01402	0.02336	0.00935	0.00467	0.00779
21	0.01268	0.00846	0.00951	0.00951	0.00951	0.00846	0.00529	0.01268	0.01268	0.01691	0.02748	0.05708	0.03171	0.69345	0.04440	0.00846	0.00846	0.01268	0.00529	0.00529
22	0.02159	0.02073	0.03541	0.05354	0.63903	0.02073	0.02677	0.02677	0.01986	0.02850	0.01641	0.02159	0.01382	0.00777	0.00864	0.00259	0.01036	0.00777	0.00432	0.01382
23	0.01980	0.02226	0.04818	0.03481	0.04297	0.02087	0.55969	0.02668	0.02028	0.02749	0.02007	0.07636	0.01677	0.00894	0.01036	0.00299	0.01394	0.01145	0.00470	0.01139
24	0.03243	0.02555	0.02567	0.02014	0.02678	0.08037	0.01644	0.52745	0.07438	0.05101	0.02118	0.02119	0.01523	0.01043	0.00866	0.00261	0.00996	0.00778	0.00838	0.01437
25	0.03720	0.01528	0.02019	0.01577	0.02231	0.01381	0.01293	0.04294	0.09145	0.57745	0.03453	0.03001	0.02215	0.01091	0.00878	0.00273	0.00736	0.00889	0.01058	0.01473
26	0.02155	0.01223	0.01434	0.01248	0.01673	0.01116	0.00977	0.08787	0.02338	0.21362	0.05990	0.13209	0.31373	0.01803	0.00977	0.00291	0.00597	0.01510	0.00898	0.01041
27	0.01998	0.02260	0.12408	0.02823	0.03580	0.01798	0.35217	0.02620	0.01994	0.08596	0.02494	0.15364	0.02245	0.01173	0.01003	0.00301	0.01186	0.01245	0.00564	0.01130

[dist]
# distance from previous block
# <min> <max>
29	95

[block]
# block no. 6 follows, 20 sequences, length 12
# corresponding to MSA columns:
# 361-372
name=unknown_G
#
# <colnr> <probs for GDERKNQSTAVLIFYWHMCP>
#	G	D	E	R	K	N	Q	S	T	A	V	L	I	F	Y	W	H	M	C	P
0	0.01465	0.01099	0.01329	0.01245	0.01503	0.01092	0.00937	0.06824	0.08347	0.03435	0.41029	0.14860	0.09786	0.01822	0.01014	0.00288	0.00500	0.01597	0.00916	0.00912
1	0.11329	0.10683	0.01912	0.01336	0.01790	0.05648	0.01096	0.14499	0.05931	0.03560	0.02447	0.02631	0.03999	0.01008	0.00691	0.00232	0.00711	0.00753	0.28694	0.01051
2	0.02935	0.01911	0.02185	0.01699	0.02345	0.01922	0.01379	0.32197	0.03095	0.16939	0.02532	0.08651	0.02001	0.01140	0.00853	0.00247	0.00811	0.00916	0.00842	0.15400
3	0.59580	0.01658	0.01392	0.01221	0.01734	0.01886	0.00996	0.07878	0.01850	0.04009	0.09022	0.02113	0.01899	0.00953	0.00631	0.00270	0.00669	0.00639	0.00623	0.00980
4	0.03138	0.03675	0.05353	0.02141	0.02658	0.49859	0.01688	0.03643	0.08642	0.08450	0.01792	0.01897	0.01384	0.00943	0.00808	0.00239	0.01386	0.00641	0.00553	0.01109
5	0.02118	0.08322	0.02084	0.01548	0.02091	0.01838	0.01239	0.03496	0.31455	0.08083	0.08055	0.06244	0.02821	0.01151	0.00829	0.00251	0.00677	0.00956	0.00780	0.15962
6	0.02332	0.01350	0.01930	0.01577	0.02060	0.01235	0.06918	0.02882	0.07299	0.24451	0.18547	0.10761	0.07582	0.01438	0.00950	0.00277	0.00680	0.01274	0.00894	0.05563
7	0.02392	0.02060	0.03701	0.02767	0.03415	0.02086	0.31740	0.11252	0.02293	0.11431	0.02218	0.07903	0.01810	0.01093	0.01221	0.00302	0.09445	0.01062	0.00614	0.01196
8	0.02432	0.01841	0.02032	0.01539	0.02210	0.01780	0.01249	0.27371	0.02794	0.04031	0.01944	0.02110	0.01491	0.00864	0.00739	0.00195	0.00751	0.00669	0.09815	0.34144
9	0.02726	0.05642	0.02204	0.01774	0.02241	0.22684	0.01403	0.07022	0.05425	0.14575	0.10015	0.02979	0.05725	0.01171	0.01014	0.00256	0.06581	0.00865	0.00698	0.05003
10	0.02050	0.01728	0.02127	0.01608	0.02306	0.01547	0.05169	0.11482	0.08425	0.03294	0.02051	0.06069	0.01735	0.00895	0.00760	0.00191	0.00746	0.00759	0.00622	0.46436
11	0.02632	0.02064	0.09818	0.01683	0.02405	0.01690	0.01513	0.15945	0.07360	0.18832	0.08050	0.02716	0.02280	0.01013	0.00831	0.00238	0.00801	0.00817	0.00787	0.18524

[dist]
# distance from previous block
# <min> <max>
10	32

[block]
# block no. 7 follows, 20 sequences, length 12
# corresponding to MSA columns:
# 408-419
name=unknown_H
#
# <colnr> <probs for GDERKNQSTAVLIFYWHMCP>
#	G	D	E	R	K	N	Q	S	T	A	V	L	I	F	Y	W	H	M	C	P
0	0.01612	0.01251	0.01495	0.01343	0.01729	0.01123	0.00997	0.09248	0.02031	0.02861	0.03327	0.36934	0.03663	0.01791	0.00920	0.00264	0.00613	0.01580	0.00716	0.26501
1	0.02139	0.01579	0.01764	0.01508	0.02036	0.01605	0.01193	0.03520	0.30878	0.09181	0.03019	0.03237	0.02355	0.01089	0.00811	0.00247	0.00656	0.04023	0.09741	0.19422
2	0.02440	0.10451	0.02431	0.01877	0.09663	0.01600	0.01355	0.02817	0.01996	0.17996	0.01985	0.02085	0.01495	0.00782	0.00719	0.00187	0.00755	0.00631	0.00627	0.38107
3	0.02245	0.02480	0.17143	0.01848	0.02580	0.01941	0.01774	0.23100	0.08505	0.03884	0.10076	0.06272	0.02580	0.01141	0.00867	0.00258	0.00878	0.00929	0.00715	0.10785
4	0.11719	0.26838	0.21330	0.01839	0.02669	0.06012	0.01935	0.05681	0.09281	0.02863	0.01650	0.01800	0.01298	0.00854	0.00703	0.00243	0.01010	0.00603	0.00484	0.01190
5	0.02481	0.02593	0.02141	0.01935	0.02283	0.26286	0.01483	0.11345	0.10147	0.02836	0.02459	0.16335	0.02375	0.01432	0.01149	0.00287	0.09655	0.01087	0.00636	0.01056
6	0.02141	0.01710	0.01805	0.01629	0.01947	0.09694	0.01244	0.09183	0.02133	0.10234	0.03087	0.29105	0.03194	0.01739	0.01196	0.00298	0.09453	0.01426	0.00720	0.08061
7	0.02874	0.02580	0.02227	0.09831	0.02814	0.26002	0.01568	0.10761	0.06182	0.14493	0.08148	0.02749	0.03789	0.01085	0.00861	0.00257	0.01094	0.00833	0.00700	0.01153
8	0.02336	0.01830	0.02347	0.01845	0.02489	0.01823	0.08513	0.10837	0.23022	0.09936	0.02940	0.02899	0.05358	0.01026	0.00851	0.00248	0.00801	0.00887	0.00757	0.19255
9	0.02112	0.01647	0.02262	0.01649	0.02399	0.01344	0.08757	0.04303	0.01989	0.10219	0.01930	0.04291	0.01556	0.00792	0.00746	0.00179	0.00768	0.00700	0.00595	0.51763
10	0.03099	0.02787	0.02364	0.01989	0.02556	0.23401	0.01567	0.23473	0.16529	0.09913	0.02311	0.02271	0.01698	0.01032	0.00848	0.00258	0.01081	0.00766	0.00756	0.01304
11	0.12124	0.01787	0.01922	0.01514	0.02110	0.01826	0.01221	0.24325	0.04249	0.11123	0.02178	0.02400	0.01655	0.04752	0.00958	0.00265	0.00766	0.00737	0.08154	0.15935

[dist]
# distance from previous block
# <min> <max>
0	3

[block]
# block no. 8 follows, 20 sequences, length 37
# corresponding to MSA columns:
# 423-459
name=unknown_I
#
# <colnr> <probs for GDERKNQSTAVLIFYWHMCP>
#	G	D	E	R	K	N	Q	S	T	A	V	L	I	F	Y	W	H	M	C	P
0	0.12859	0.39097	0.03350	0.01511	0.02163	0.02817	0.01381	0.14710	0.02288	0.03184	0.07676	0.02063	0.01888	0.00923	0.00670	0.00223	0.00849	0.00646	0.00561	0.01141
1	0.02968	0.02167	0.02382	0.01803	0.02519	0.02241	0.01481	0.43153	0.03438	0.07971	0.02029	0.02069	0.01471	0.00948	0.00816	0.00229	0.00869	0.00723	0.00794	0.19931
2	0.01868	0.01423	0.01705	0.01487	0.01985	0.01312	0.01203	0.07792	0.07950	0.05403	0.03067	0.12452	0.02998	0.01468	0.00902	0.00262	0.00707	0.15703	0.00718	0.29594
3	0.01925	0.01068	0.01354	0.01266	0.01581	0.00972	0.00962	0.04485	0.02189	0.18701	0.15133	0.25146	0.15755	0.01967	0.01016	0.00306	0.00568	0.03730	0.00908	0.00968
4	0.02833	0.06552	0.02366	0.01972	0.02454	0.41384	0.01511	0.10177	0.02485	0.02626	0.01841	0.09184	0.01705	0.01091	0.00809	0.00233	0.01256	0.00795	0.00545	0.08181
5	0.01876	0.01773	0.03000	0.32341	0.35117	0.01941	0.02466	0.02402	0.01863	0.02544	0.01770	0.05781	0.01519	0.00923	0.00881	0.00278	0.01064	0.00867	0.00432	0.01164
6	0.02056	0.01618	0.02277	0.01712	0.02424	0.01352	0.09624	0.02577	0.04493	0.09759	0.02175	0.02856	0.01813	0.00901	0.00791	0.00202	0.00791	0.06225	0.00612	0.45743
7	0.01201	0.00869	0.01143	0.01189	0.01354	0.00811	0.00890	0.01530	0.02164	0.02975	0.36857	0.24440	0.09494	0.02151	0.01076	0.00315	0.00492	0.09374	0.00891	0.00785
8	0.01647	0.01550	0.02616	0.67248	0.06008	0.01938	0.02422	0.02229	0.01744	0.02229	0.01550	0.02326	0.01163	0.00872	0.00872	0.00291	0.01163	0.00775	0.00388	0.00969
9	0.01809	0.01550	0.01809	0.01292	0.02067	0.01163	0.01034	0.02196	0.01809	0.02842	0.01550	0.01809	0.01292	0.00646	0.00646	0.00129	0.00646	0.00517	0.00517	0.74677
