[name]
unknown

[dist]
# distance from previous block
# <min> <max>
2	45

[block]
# block no. 0 follows, 24 sequences, length 17
# corresponding to MSA columns:
# 46-62
name=unknown_A
#
# <colnr> <probs for GDERKNQSTAVLIFYWHMCP>
#	G	D	E	R	K	N	Q	S	T	A	V	L	I	F	Y	W	H	M	C	P
0	0.06216	0.01565	0.02188	0.33793	0.09008	0.01781	0.01797	0.12864	0.06178	0.02821	0.01874	0.02712	0.01550	0.00952	0.00793	0.00258	0.00902	0.06657	0.00513	0.05579
1	0.04897	0.01707	0.01830	0.06563	0.02198	0.04560	0.01250	0.27955	0.09748	0.05244	0.06402	0.02822	0.07212	0.01147	0.00895	0.04175	0.00744	0.00832	0.06246	0.03574
2	0.01792	0.01468	0.02111	0.08661	0.18030	0.04116	0.05235	0.05041	0.04877	0.08265	0.20064	0.08484	0.06071	0.01202	0.00858	0.00253	0.00743	0.01081	0.00647	0.01000
3	0.02969	0.03575	0.02265	0.02014	0.02452	0.60227	0.01529	0.11217	0.02441	0.02342	0.01315	0.01492	0.01064	0.00835	0.00725	0.00209	0.01357	0.00537	0.00459	0.00976
4	0.02862	0.01505	0.01820	0.01463	0.01995	0.01501	0.01185	0.14933	0.14232	0.35818	0.08960	0.02915	0.02461	0.01052	0.00803	0.00247	0.00664	0.00859	0.03470	0.01254
5	0.02294	0.01277	0.01511	0.01266	0.01667	0.01299	0.01011	0.08808	0.10846	0.22009	0.07332	0.02880	0.02311	0.01025	0.00817	0.00229	0.04161	0.00813	0.24213	0.04231
6	0.01854	0.18742	0.20300	0.01589	0.02209	0.01875	0.01626	0.02501	0.08272	0.09031	0.13429	0.02758	0.02506	0.04649	0.01018	0.00265	0.05004	0.00788	0.00553	0.01032
7	0.01135	0.00856	0.01152	0.01188	0.01279	0.00915	0.00869	0.01334	0.01581	0.02212	0.14604	0.35504	0.07023	0.02588	0.10126	0.02955	0.08553	0.01613	0.03821	0.00691
8	0.01001	0.00715	0.00960	0.01144	0.01206	0.00674	0.00797	0.01165	0.01553	0.02063	0.04351	0.64573	0.05168	0.02451	0.01021	0.00327	0.00490	0.08949	0.00735	0.00654
9	0.13387	0.11901	0.02293	0.01610	0.02161	0.14484	0.01326	0.25698	0.06549	0.07687	0.01958	0.01984	0.03832	0.00910	0.00704	0.00227	0.00888	0.00651	0.00628	0.01123
10	0.01602	0.01256	0.01800	0.24347	0.02895	0.01395	0.04204	0.11595	0.01879	0.02556	0.02402	0.17164	0.02346	0.07143	0.01191	0.03510	0.00798	0.02794	0.08284	0.00840
11	0.01498	0.01409	0.02378	0.70226	0.05462	0.01762	0.02202	0.02026	0.01586	0.02026	0.01409	0.02114	0.01057	0.00793	0.00793	0.00264	0.01057	0.00705	0.00352	0.00881
12	0.05843	0.02016	0.02197	0.04585	0.02437	0.02256	0.01450	0.49086	0.09676	0.04437	0.01999	0.02073	0.01466	0.01275	0.05240	0.00310	0.00926	0.00729	0.00740	0.01257
13	0.01861	0.01593	0.02173	0.40130	0.07820	0.06053	0.01814	0.06096	0.06110	0.07918	0.02385	0.02725	0.08069	0.00960	0.00804	0.00256	0.00935	0.00814	0.00508	0.00977
14	0.72164	0.01721	0.06055	0.01132	0.01672	0.01784	0.01010	0.02344	0.01373	0.03481	0.01127	0.01316	0.00869	0.00737	0.00510	0.00246	0.00654	0.00441	0.00479	0.00882
15	0.01548	0.01013	0.01202	0.01142	0.01431	0.00952	0.00888	0.08327	0.02048	0.10757	0.10236	0.19471	0.27131	0.01855	0.00938	0.00283	0.00534	0.08625	0.00783	0.00835
16	0.09652	0.01257	0.01544	0.12898	0.06642	0.01376	0.01145	0.02319	0.14072	0.05017	0.02242	0.03156	0.01981	0.21181	0.01656	0.00391	0.00733	0.00841	0.08653	0.03244

[dist]
# distance from previous block
# <min> <max>
0	2

[block]
# block no. 1 follows, 24 sequences, length 129
# corresponding to MSA columns:
# 65-100,103-154,156-196
name=unknown_B
#
# <colnr> <probs for GDERKNQSTAVLIFYWHMCP>
#	G	D	E	R	K	N	Q	S	T	A	V	L	I	F	Y	W	H	M	C	P
0	0.02130	0.66345	0.07166	0.01430	0.02121	0.05892	0.01441	0.02415	0.01642	0.01900	0.01123	0.01298	0.01017	0.00688	0.00529	0.00175	0.00889	0.00436	0.00342	0.01021
1	0.06760	0.01264	0.01596	0.01297	0.01766	0.01181	0.01024	0.03234	0.07833	0.43799	0.07565	0.03260	0.02487	0.11781	0.01282	0.00327	0.00660	0.00887	0.00856	0.01140
2	0.77733	0.01534	0.01166	0.01043	0.01534	0.01779	0.00859	0.02331	0.01350	0.03558	0.01104	0.01288	0.00859	0.00736	0.00491	0.00245	0.00613	0.00429	0.00491	0.00859
3	0.02011	0.01710	0.01837	0.06463	0.04466	0.05483	0.01337	0.12628	0.33577	0.03223	0.03016	0.03334	0.05576	0.01137	0.00811	0.00261	0.00729	0.05623	0.05658	0.01119
4	0.06055	0.00822	0.00996	0.01105	0.01226	0.00800	0.00768	0.03820	0.01657	0.02318	0.07722	0.56492	0.08831	0.02230	0.00960	0.00306	0.00479	0.01990	0.00730	0.00694
5	0.01558	0.01257	0.01440	0.01350	0.01564	0.03740	0.01018	0.12590	0.05226	0.02535	0.03280	0.23116	0.09134	0.09044	0.13178	0.00504	0.06697	0.01317	0.00628	0.00826
6	0.10245	0.01438	0.02237	0.54906	0.07243	0.01726	0.01986	0.02208	0.01617	0.06917	0.01501	0.02057	0.01107	0.00796	0.00759	0.00260	0.00975	0.00680	0.00415	0.00927
7	0.07840	0.01786	0.04607	0.09269	0.10976	0.05567	0.05376	0.04423	0.01606	0.04470	0.01678	0.08436	0.01583	0.04576	0.01539	0.00311	0.23721	0.00847	0.00451	0.00939
8	0.02698	0.03167	0.01982	0.01799	0.02177	0.53888	0.01355	0.05514	0.02205	0.02252	0.01499	0.01724	0.01217	0.00842	0.00689	0.00202	0.01216	0.00560	0.14108	0.00905
9	0.01132	0.00822	0.01084	0.01241	0.01352	0.00810	0.00935	0.01451	0.04973	0.02189	0.04174	0.44072	0.04767	0.05244	0.01157	0.00353	0.00573	0.22246	0.00727	0.00698
10	0.06909	0.01957	0.02848	0.15674	0.46149	0.08144	0.02207	0.02425	0.01779	0.02495	0.01427	0.01895	0.01174	0.00734	0.00761	0.00238	0.00986	0.00670	0.00393	0.01134
11	0.01041	0.00799	0.00956	0.00960	0.01161	0.00714	0.00719	0.01319	0.01967	0.02600	0.33403	0.14596	0.29902	0.01903	0.00954	0.00271	0.00414	0.04819	0.00796	0.00705
12	0.01004	0.00709	0.00919	0.01061	0.01107	0.00669	0.00697	0.01132	0.01499	0.02009	0.07359	0.57740	0.04992	0.13364	0.01482	0.00388	0.00504	0.02038	0.00703	0.00624
13	0.01535	0.01447	0.02445	0.65015	0.10382	0.01772	0.02221	0.02059	0.01603	0.02071	0.01416	0.02102	0.01073	0.00786	0.00792	0.00262	0.01048	0.00705	0.00356	0.00911
14	0.30417	0.04638	0.06372	0.01708	0.02246	0.19134	0.06259	0.07380	0.01887	0.07404	0.01393	0.01584	0.01065	0.00819	0.00757	0.00239	0.04653	0.00561	0.00497	0.00988
15	0.00951	0.00780	0.00838	0.00873	0.01092	0.00667	0.00636	0.01146	0.01766	0.02161	0.09699	0.20702	0.51763	0.02090	0.00953	0.00278	0.00413	0.01783	0.00742	0.00667
16	0.01016	0.00794	0.00928	0.01001	0.01166	0.00727	0.00709	0.01300	0.04793	0.02228	0.10885	0.37630	0.29635	0.02157	0.00966	0.00292	0.00438	0.01892	0.00751	0.00692
17	0.00979	0.00698	0.00923	0.01091	0.01141	0.00653	0.00727	0.01121	0.01532	0.02050	0.06656	0.66723	0.05243	0.04983	0.01119	0.00336	0.00468	0.02183	0.00732	0.00642
18	0.02010	0.02194	0.05820	0.05614	0.08548	0.06318	0.45324	0.02592	0.01864	0.05872	0.01612	0.02076	0.01216	0.00739	0.00973	0.00263	0.04611	0.00854	0.00425	0.01075
19	0.01901	0.48001	0.22537	0.01596	0.02386	0.02605	0.01775	0.02357	0.01671	0.02139	0.05471	0.01692	0.01435	0.00762	0.00608	0.00199	0.00911	0.00537	0.00373	0.01045
20	0.13557	0.05010	0.02018	0.01670	0.02123	0.23321	0.01321	0.15200	0.13847	0.03045	0.02135	0.02195	0.05605	0.00981	0.00820	0.00239	0.04595	0.00691	0.00585	0.01041
21	0.01724	0.01426	0.02161	0.42153	0.08647	0.01654	0.01835	0.02487	0.12089	0.07455	0.06330	0.02726	0.04080	0.00943	0.00809	0.00261	0.00882	0.00824	0.00525	0.00989
22	0.02039	0.13209	0.17879	0.01932	0.05950	0.08363	0.01763	0.12732	0.08220	0.02896	0.10268	0.02335	0.02077	0.00969	0.00882	0.00240	0.05886	0.00732	0.00538	0.01088
23	0.01153	0.00769	0.00865	0.00865	0.00865	0.00769	0.00480	0.01153	0.01153	0.01538	0.02499	0.05189	0.02883	0.72131	0.04036	0.00769	0.00769	0.01153	0.00480	0.00480
24	0.01564	0.01316	0.01678	0.04707	0.13482	0.01376	0.01251	0.04387	0.19964	0.02805	0.11301	0.07995	0.16614	0.01356	0.00851	0.00260	0.00612	0.02826	0.04669	0.00984
25	0.01991	0.02129	0.07387	0.04548	0.59611	0.05428	0.02418	0.02477	0.01820	0.02551	0.01473	0.01916	0.01227	0.00715	0.00779	0.00235	0.00983	0.00688	0.00390	0.01233
26	0.01240	0.00837	0.01098	0.01018	0.01225	0.00768	0.00768	0.01611	0.02246	0.06305	0.63686	0.05767	0.07215	0.01590	0.00929	0.00249	0.00389	0.01403	0.00878	0.00777
27	0.01377	0.00689	0.01033	0.01033	0.01033	0.00689	0.00689	0.01033	0.01033	0.01377	0.01377	0.02410	0.01377	0.02755	0.03099	0.76928	0.00689	0.00689	0.00344	0.00344
28	0.02507	0.01926	0.02096	0.05313	0.02403	0.02167	0.01409	0.37920	0.23925	0.04175	0.02351	0.02320	0.01724	0.00983	0.00785	0.00247	0.00774	0.00775	0.04942	0.01260
29	0.01892	0.01812	0.03092	0.14731	0.57870	0.01866	0.02399	0.02372	0.01772	0.02505	0.01479	0.01986	0.01226	0.00720	0.00786	0.00240	0.00959	0.00706	0.00386	0.01199
30	0.02268	0.01781	0.02008	0.01713	0.02146	0.02056	0.01385	0.20459	0.32589	0.06925	0.02632	0.02882	0.02058	0.01150	0.01057	0.00276	0.09886	0.04782	0.00747	0.01201
31	0.03014	0.02221	0.02380	0.01825	0.02459	0.02459	0.01507	0.64541	0.03728	0.04998	0.01904	0.01904	0.01349	0.00952	0.00793	0.00238	0.00873	0.00714	0.00793	0.01349
32	0.01963	0.01884	0.03219	0.04867	0.67185	0.01884	0.02434	0.02434	0.01806	0.02591	0.01492	0.01963	0.01256	0.00707	0.00785	0.00236	0.00942	0.00707	0.00393	0.01256
33	0.06916	0.02160	0.02287	0.01773	0.02391	0.02400	0.01461	0.58339	0.06597	0.04840	0.01925	0.01922	0.01374	0.00946	0.00778	0.00240	0.00847	0.00708	0.00778	0.01318
34	0.01840	0.01439	0.01753	0.01489	0.01957	0.01442	0.04393	0.02995	0.29838	0.08402	0.02911	0.15215	0.02540	0.01189	0.00798	0.00241	0.00629	0.01038	0.00707	0.19184
35	0.00953	0.00804	0.00825	0.00820	0.01081	0.00676	0.00615	0.01168	0.01845	0.02230	0.13021	0.07486	0.61821	0.01975	0.00937	0.00266	0.00399	0.01653	0.00748	0.00676
36	0.02029	0.05236	0.01895	0.01689	0.05071	0.01652	0.01317	0.22207	0.08532	0.05671	0.02982	0.11557	0.02882	0.04316	0.01022	0.00305	0.00754	0.19137	0.00721	0.01024
37	0.01152	0.00844	0.01245	0.01245	0.01389	0.00977	0.00967	0.01440	0.01296	0.01902	0.02150	0.03107	0.01985	0.05671	0.65223	0.01214	0.02028	0.00844	0.04613	0.00710
38	0.01630	0.07314	0.61873	0.02269	0.03399	0.01912	0.05825	0.02506	0.01681	0.02482	0.01416	0.01677	0.01015	0.00746	0.00750	0.00248	0.01164	0.00595	0.00338	0.01160
39	0.02809	0.09611	0.02429	0.01782	0.02307	0.20080	0.01453	0.32695	0.02822	0.07072	0.01692	0.01792	0.01274	0.00912	0.00830	0.00226	0.04679	0.00635	0.03750	0.01150
40	0.71693	0.01471	0.01132	0.01019	0.01485	0.01697	0.00835	0.02293	0.01374	0.03510	0.01222	0.01420	0.00952	0.00751	0.00496	0.00241	0.00594	0.00454	0.06514	0.00849
41	0.01805	0.01775	0.02918	0.31471	0.35971	0.04370	0.05709	0.02300	0.01736	0.02332	0.01454	0.02014	0.01163	0.00744	0.00794	0.00248	0.01029	0.00711	0.00377	0.01079
42	0.00962	0.00787	0.00852	0.00899	0.01118	0.00678	0.00666	0.01159	0.01752	0.02132	0.07101	0.20303	0.51302	0.02112	0.00961	0.00284	0.00431	0.05099	0.00736	0.00668
43	0.01133	0.00850	0.01274	0.01274	0.01416	0.00991	0.00991	0.01416	0.01274	0.01841	0.02124	0.03115	0.01982	0.05947	0.68989	0.01274	0.02124	0.00850	0.00425	0.00708
44	0.01134	0.00761	0.00870	0.00889	0.00894	0.00756	0.00506	0.01148	0.01190	0.01587	0.02687	0.11887	0.03121	0.65109	0.03731	0.00724	0.00738	0.01264	0.00506	0.00497
45	0.01711	0.17805	0.52093	0.02131	0.03185	0.02111	0.05584	0.02485	0.01671	0.02383	0.01367	0.01616	0.01017	0.00734	0.00713	0.00235	0.01115	0.00570	0.00339	0.01136
46	0.02962	0.03779	0.02247	0.02043	0.02451	0.68948	0.01532	0.03166	0.02247	0.01941	0.01226	0.01430	0.01021	0.00817	0.00715	0.00204	0.01430	0.00511	0.00409	0.00919
47	0.01134	0.00846	0.01255	0.01255	0.01389	0.00980	0.00966	0.01403	0.01269	0.01826	0.02142	0.03216	0.02026	0.09151	0.65844	0.01250	0.02058	0.00864	0.00428	0.00697
48	0.01616	0.01680	0.03334	0.28491	0.04270	0.01742	0.32738	0.02165	0.01719	0.02280	0.01876	0.10824	0.01653	0.00943	0.00891	0.00273	0.01121	0.01013	0.00424	0.00945
49	0.02337	0.02353	0.01858	0.01842	0.07682	0.30476	0.01296	0.09236	0.02131	0.02662	0.01763	0.02045	0.01412	0.00882	0.00757	0.00210	0.03942	0.00633	0.25550	0.00934
50	0.01547	0.00805	0.00813	0.00788	0.00993	0.00816	0.00597	0.04655	0.01755	0.03048	0.02556	0.02909	0.02002	0.00925	0.00565	0.00187	0.00392	0.00738	0.73142	0.00766
51	0.01135	0.00840	0.01226	0.01226	0.01351	0.00965	0.00931	0.01385	0.01260	0.01805	0.02168	0.03360	0.02089	0.13769	0.61313	0.01215	0.01964	0.00885	0.00431	0.00681
52	0.02900	0.02164	0.02315	0.01801	0.02416	0.02406	0.01480	0.57912	0.10544	0.04813	0.02049	0.02020	0.01466	0.00966	0.00795	0.00241	0.00846	0.00734	0.00795	0.01338
53	0.02173	0.01409	0.01481	0.01230	0.01618	0.01517	0.00985	0.30187	0.02597	0.03879	0.02278	0.02481	0.01723	0.00937	0.00662	0.00209	0.00597	0.00728	0.42296	0.01015
54	0.01082	0.00858	0.01196	0.01141	0.01342	0.00780	0.04850	0.01364	0.01898	0.02551	0.30201	0.26476	0.19445	0.01913	0.00960	0.00277	0.00470	0.01709	0.00770	0.00719
55	0.01666	0.01564	0.02154	0.01786	0.02068	0.01827	0.05458	0.02154	0.08752	0.02277	0.01700	0.06828	0.01580	0.01411	0.04910	0.00321	0.33170	0.00796	0.00463	0.19115
56	0.02703	0.05065	0.02039	0.01476	0.02091	0.01648	0.01214	0.23939	0.02546	0.23927	0.02270	0.05899	0.01700	0.00945	0.00744	0.00213	0.00718	0.00753	0.00750	0.19360
57	0.01802	0.02963	0.35499	0.05449	0.14177	0.04259	0.09873	0.02498	0.01814	0.05970	0.06664	0.02175	0.01633	0.00819	0.00797	0.00249	0.01069	0.00728	0.00432	0.01129
58	0.01644	0.01409	0.01644	0.01175	0.01879	0.01057	0.00940	0.01997	0.01644	0.02584	0.01409	0.01644	0.01175	0.00587	0.00587	0.00117	0.00587	0.00470	0.00470	0.76979
59	0.01864	0.02156	0.08397	0.07296	0.03693	0.02084	0.40533	0.05795	0.01816	0.02519	0.01488	0.02015	0.01157	0.00836	0.01225	0.00280	0.14564	0.00838	0.00404	0.01041
60	0.01493	0.01121	0.01308	0.01233	0.01455	0.04258	0.02939	0.06556	0.01882	0.05922	0.10157	0.28299	0.13195	0.04390	0.01078	0.00292	0.03423	0.01497	0.08710	0.00791
61	0.00986	0.00705	0.00943	0.01127	0.01182	0.00662	0.00771	0.01139	0.01538	0.02047	0.04359	0.67534	0.05200	0.02465	0.01018	0.00325	0.00478	0.06134	0.00736	0.00650
62	0.01133	0.00850	0.01274	0.01274	0.01416	0.00991	0.00991	0.01416	0.01274	0.01841	0.02124	0.03115	0.01982	0.05947	0.68989	0.01274	0.02124	0.00850	0.00425	0.00708
63	0.01825	0.06435	0.27450	0.03592	0.35009	0.01944	0.07555	0.02468	0.01752	0.02519	0.01455	0.01834	0.01146	0.00719	0.00771	0.00240	0.01054	0.00665	0.00369	0.01197
64	0.01002	0.00713	0.00949	0.01124	0.01179	0.00673	0.00771	0.01153	0.01527	0.02031	0.04265	0.62963	0.05072	0.05821	0.01165	0.00347	0.00498	0.07379	0.00723	0.00644
65	0.01746	0.01472	0.01725	0.03423	0.02038	0.01188	0.01024	0.06849	0.01804	0.02753	0.01448	0.01679	0.01184	0.00622	0.00610	0.00131	0.00624	0.00496	0.00491	0.68690
66	0.01933	0.01923	0.03101	0.14994	0.45403	0.05426	0.07801	0.02492	0.04537	0.02492	0.01549	0.02017	0.01257	0.00739	0.00797	0.00243	0.01008	0.00724	0.00405	0.01161
67	0.01676	0.01411	0.02240	0.44585	0.09011	0.01637	0.04044	0.04720	0.04131	0.04566	0.04154	0.02388	0.01525	0.00852	0.00775	0.00251	0.00916	0.00755	0.09421	0.00942
68	0.02800	0.02094	0.02265	0.01723	0.02368	0.02239	0.01418	0.54738	0.03402	0.04619	0.01826	0.01863	0.01321	0.00895	0.00761	0.00219	0.00828	0.00676	0.00743	0.13202
69	0.02001	0.01948	0.03122	0.04624	0.62017	0.04401	0.02350	0.02536	0.04515	0.02597	0.01555	0.01985	0.01296	0.00726	0.00783	0.00236	0.00947	0.00707	0.00411	0.01243
70	0.02213	0.01661	0.06005	0.01998	0.02567	0.01468	0.20346	0.06014	0.06513	0.21509	0.07801	0.13222	0.02624	0.01160	0.00881	0.00266	0.00852	0.01104	0.00703	0.01093
71	0.01647	0.07494	0.58268	0.02322	0.03431	0.01926	0.09056	0.02507	0.01691	0.02480	0.01425	0.01700	0.01025	0.00741	0.00759	0.00249	0.01172	0.00613	0.00342	0.01153
72	0.01963	0.01884	0.03219	0.04867	0.67185	0.01884	0.02434	0.02434	0.01806	0.02591	0.01492	0.01963	0.01256	0.00707	0.00785	0.00236	0.00942	0.00707	0.00393	0.01256
73	0.01001	0.00793	0.00822	0.00822	0.01010	0.00699	0.00566	0.01143	0.01613	0.01962	0.06387	0.06905	0.47837	0.22861	0.01859	0.00417	0.00511	0.01519	0.00660	0.00613
74	0.01606	0.04010	0.65355	0.02368	0.06057	0.01843	0.02909	0.02508	0.01680	0.02515	0.01426	0.01686	0.01015	0.00751	0.00755	0.00250	0.01162	0.00591	0.00337	0.01175
75	0.02120	0.72609	0.04155	0.01357	0.02035	0.03138	0.01357	0.02374	0.01611	0.01866	0.01102	0.01272	0.01018	0.00678	0.00509	0.00170	0.00848	0.00424	0.00339	0.01018
76	0.03246	0.01461	0.01866	0.01461	0.02043	0.01373	0.01196	0.10729	0.08480	0.51810	0.05589	0.02764	0.02161	0.01013	0.00803	0.00247	0.00681	0.00823	0.00939	0.01316
77	0.00966	0.00690	0.00920	0.01104	0.01150	0.00644	0.00736	0.01104	0.01518	0.02024	0.04371	0.71614	0.05245	0.02484	0.01012	0.00322	0.00460	0.02254	0.00736	0.00644
78	0.00990	0.00711	0.00926	0.01088	0.01149	0.00665	0.00736	0.01132	0.01523	0.02014	0.04435	0.61223	0.08320	0.06981	0.01209	0.00350	0.00489	0.04703	0.00719	0.00638
79	0.01445	0.00736	0.00751	0.00763	0.00939	0.00733	0.00566	0.01799	0.01654	0.02896	0.02703	0.07427	0.02242	0.01025	0.00584	0.00194	0.00375	0.00838	0.71599	0.00733
80	0.01806	0.02128	0.07052	0.03125	0.03869	0.01945	0.55699	0.02436	0.01817	0.02485	0.01718	0.05756	0.01400	0.00798	0.01004	0.00273	0.04253	0.00980	0.00414	0.01043
81	0.06268	0.01573	0.01638	0.01349	0.01788	0.01723	0.01086	0.32213	0.07936	0.03999	0.02233	0.02363	0.01674	0.00940	0.00687	0.00221	0.00646	0.00724	0.29858	0.01081
82	0.01711	0.01449	0.01680	0.01206	0.01907	0.01125	0.00967	0.05025	0.01745	0.02701	0.01433	0.01657	0.01183	0.00605	0.00597	0.00123	0.00601	0.00482	0.00485	0.73318
83	0.00972	0.00700	0.00921	0.01086	0.01148	0.00650	0.00731	0.01122	0.01562	0.02079	0.07206	0.65937	0.08100	0.02426	0.01005	0.00317	0.00454	0.02193	0.00742	0.00650
84	0.13578	0.36412	0.24864	0.01634	0.02424	0.02473	0.01816	0.02397	0.01578	0.02342	0.01207	0.01424	0.00990	0.00737	0.00660	0.00215	0.03360	0.00488	0.00361	0.01039
85	0.01942	0.04566	0.06407	0.16898	0.37796	0.04424	0.04840	0.05488	0.05213	0.02578	0.01564	0.01989	0.01250	0.00759	0.00780	0.00242	0.00988	0.00702	0.00422	0.01154
86	0.05066	0.01468	0.01660	0.03623	0.01971	0.01603	0.01158	0.06016	0.36027	0.12171	0.16758	0.03425	0.03301	0.01153	0.00820	0.00259	0.00603	0.00967	0.00817	0.01135
87	0.00966	0.00690	0.00920	0.01104	0.01150	0.00644	0.00736	0.01104	0.01518	0.02024	0.04371	0.71614	0.05245	0.02484	0.01012	0.00322	0.00460	0.02254	0.00736	0.00644
88	0.02179	0.01679	0.05448	0.01378	0.02082	0.01345	0.01178	0.12457	0.02086	0.13710	0.01774	0.01862	0.01323	0.00720	0.00664	0.00165	0.00680	0.00570	0.00599	0.48099
89	0.02571	0.02175	0.02373	0.04679	0.02558	0.09297	0.05983	0.35793	0.13622	0.03821	0.01960	0.02074	0.01463	0.01028	0.00964	0.03681	0.03363	0.00737	0.00673	0.01186
90	0.02356	0.01558	0.01828	0.01379	0.02021	0.01400	0.01116	0.15536	0.04826	0.17774	0.02054	0.03885	0.01549	0.00823	0.00698	0.00183	0.00665	0.00660	0.00673	0.39013
91	0.02816	0.02015	0.02203	0.01743	0.02318	0.02206	0.01433	0.52773	0.05787	0.07956	0.02255	0.05494	0.01773	0.01095	0.00820	0.00250	0.00827	0.04158	0.00798	0.01280
92	0.02024	0.58877	0.14713	0.01574	0.02338	0.02885	0.03784	0.02403	0.01631	0.01995	0.01173	0.01368	0.01022	0.00690	0.00564	0.00186	0.00918	0.00468	0.00341	0.01045
93	0.01829	0.02003	0.05582	0.06281	0.03297	0.02175	0.31506	0.04514	0.01652	0.02346	0.01372	0.01951	0.01129	0.00979	0.01590	0.00298	0.29311	0.00807	0.00389	0.00991
94	0.02091	0.02029	0.03046	0.06499	0.46896	0.08253	0.06241	0.02607	0.04473	0.05161	0.01592	0.01991	0.01292	0.00770	0.00858	0.00242	0.03624	0.00714	0.00432	0.01187
95	0.01881	0.01633	0.01766	0.01300	0.01980	0.04799	0.01040	0.09706	0.01931	0.02845	0.01460	0.01665	0.01188	0.00644	0.00619	0.00137	0.00666	0.00502	0.00506	0.63731
96	0.02573	0.01896	0.01921	0.01539	0.02030	0.05641	0.01241	0.43718	0.03055	0.04213	0.02053	0.02247	0.01550	0.03389	0.00842	0.00241	0.00777	0.00724	0.19199	0.01147
97	0.01023	0.00770	0.01114	0.01209	0.01292	0.00722	0.04055	0.01182	0.01518	0.02026	0.04127	0.64479	0.04909	0.06052	0.01167	0.00343	0.00522	0.02127	0.00705	0.00658
98	0.00966	0.00690	0.00920	0.01104	0.01150	0.00644	0.00736	0.01104	0.01518	0.02024	0.04371	0.71614	0.05245	0.02484	0.01012	0.00322	0.00460	0.02254	0.00736	0.00644
99	0.06869	0.01252	0.01622	0.01302	0.01799	0.01137	0.01047	0.03261	0.04509	0.47764	0.13580	0.03301	0.02888	0.04808	0.00974	0.00274	0.00625	0.00906	0.00905	0.01175
100	0.00966	0.00690	0.00920	0.01104	0.01150	0.00644	0.00736	0.01104	0.01518	0.02024	0.04371	0.71614	0.05245	0.02484	0.01012	0.00322	0.00460	0.02254	0.00736	0.00644
101	0.02093	0.01847	0.01855	0.01650	0.02108	0.05546	0.01286	0.08086	0.58356	0.03354	0.03035	0.02809	0.02277	0.01054	0.00801	0.00264	0.00686	0.00864	0.00785	0.01243
102	0.03536	0.01384	0.01862	0.01427	0.02042	0.01217	0.01179	0.06291	0.02328	0.65225	0.03079	0.02667	0.01938	0.00980	0.00797	0.00245	0.00683	0.00794	0.00974	0.01349
103	0.02793	0.10201	0.02452	0.01968	0.02384	0.54177	0.01529	0.06243	0.02188	0.02093	0.01236	0.01462	0.01040	0.00853	0.00838	0.00213	0.06437	0.00527	0.00418	0.00948
104	0.05685	0.03538	0.02222	0.01984	0.02419	0.59671	0.01505	0.09447	0.02367	0.02314	0.01291	0.01474	0.01049	0.00828	0.00715	0.00209	0.01343	0.00529	0.00451	0.00961
105	0.01381	0.00691	0.01021	0.01021	0.01029	0.00691	0.00683	0.01066	0.01058	0.01441	0.01426	0.02432	0.01404	0.02682	0.02997	0.73859	0.00676	0.00691	0.03392	0.00360
106	0.00966	0.00690	0.00920	0.01104	0.01150	0.00644	0.00736	0.01104	0.01518	0.02024	0.04371	0.71614	0.05245	0.02484	0.01012	0.00322	0.00460	0.02254	0.00736	0.00644
107	0.01187	0.00844	0.01194	0.03761	0.01463	0.00951	0.00939	0.01484	0.01382	0.02049	0.02520	0.06129	0.04871	0.04626	0.49570	0.00977	0.01656	0.00921	0.12762	0.00715
108	0.01487	0.01339	0.02184	0.58547	0.04754	0.01661	0.01983	0.01971	0.01573	0.02102	0.01605	0.04744	0.01297	0.00894	0.00861	0.00263	0.04093	0.00765	0.07019	0.00859
109	0.01002	0.00733	0.00927	0.01040	0.01123	0.00696	0.00703	0.01144	0.01491	0.01959	0.04477	0.46425	0.14149	0.12276	0.07558	0.00461	0.00644	0.01887	0.00673	0.00631
110	0.03014	0.02221	0.02380	0.01825	0.02459	0.02459	0.01507	0.64541	0.03728	0.04998	0.01904	0.01904	0.01349	0.00952	0.00793	0.00238	0.00873	0.00714	0.00793	0.01349
111	0.03065	0.01588	0.05315	0.01480	0.02113	0.01356	0.01266	0.07001	0.09618	0.47391	0.02825	0.02534	0.01859	0.00942	0.00777	0.00236	0.00698	0.00763	0.00870	0.08302
112	0.01812	0.20392	0.31210	0.02176	0.07817	0.02141	0.05578	0.05613	0.01799	0.02483	0.04128	0.02191	0.01505	0.00874	0.00809	0.00240	0.03873	0.03859	0.00411	0.01091
113	0.01972	0.01703	0.01793	0.01614	0.02062	0.01972	0.01255	0.04214	0.65752	0.03317	0.03228	0.02959	0.02421	0.01076	0.00807	0.00269	0.00628	0.00897	0.00807	0.01255
114	0.77733	0.01534	0.01166	0.01043	0.01534	0.01779	0.00859	0.02331	0.01350	0.03558	0.01104	0.01288	0.00859	0.00736	0.00491	0.00245	0.00613	0.00429	0.00491	0.00859
115	0.01768	0.07660	0.36495	0.03055	0.19854	0.01965	0.13074	0.02487	0.01737	0.02495	0.01450	0.01801	0.01104	0.00722	0.00776	0.00245	0.01120	0.00666	0.00361	0.01166
116	0.01678	0.03110	0.40639	0.02244	0.03155	0.01823	0.12979	0.02763	0.13537	0.02708	0.06040	0.02267	0.01721	0.00855	0.00806	0.00257	0.01048	0.00758	0.00468	0.01142
117	0.00983	0.00702	0.00939	0.01123	0.01176	0.00658	0.00765	0.01132	0.01534	0.02043	0.04362	0.68318	0.05209	0.02469	0.01017	0.00324	0.00474	0.05389	0.00736	0.00649
118	0.01800	0.02579	0.19348	0.03034	0.03886	0.01986	0.47193	0.02505	0.01796	0.02505	0.01537	0.02013	0.01150	0.00720	0.00968	0.00267	0.04404	0.00843	0.00383	0.01084
119	0.01731	0.01589	0.02582	0.48959	0.20149	0.01847	0.02203	0.07114	0.01810	0.02400	0.01469	0.02061	0.01128	0.00785	0.00791	0.00255	0.01015	0.00706	0.00397	0.01009
120	0.01103	0.00810	0.01033	0.00978	0.01173	0.00740	0.00733	0.01459	0.02200	0.03073	0.60699	0.06100	0.13616	0.01661	0.00935	0.00251	0.00377	0.01459	0.00859	0.00740
121	0.01148	0.00841	0.01231	0.01231	0.01367	0.00969	0.00947	0.01420	0.01284	0.01870	0.02163	0.03218	0.02032	0.09212	0.62799	0.01204	0.01982	0.00861	0.03526	0.00697
122	0.00966	0.00690	0.00920	0.01104	0.01150	0.00644	0.00736	0.01104	0.01518	0.02024	0.04371	0.71614	0.05245	0.02484	0.01012	0.00322	0.00460	0.02254	0.00736	0.00644
123	0.03014	0.02221	0.02380	0.01825	0.02459	0.02459	0.01507	0.64541	0.03728	0.04998	0.01904	0.01904	0.01349	0.00952	0.00793	0.00238	0.00873	0.00714	0.00793	0.01349
124	0.02239	0.01762	0.01964	0.01457	0.02131	0.01666	0.01186	0.29161	0.02549	0.03632	0.01624	0.01757	0.01250	0.00746	0.00677	0.00170	0.00711	0.00576	0.00610	0.44132
125	0.02090	0.05935	0.02852	0.14170	0.16212	0.16437	0.08012	0.04970	0.01807	0.02261	0.01328	0.01802	0.01111	0.00901	0.01176	0.00258	0.16606	0.00669	0.00394	0.01008
126	0.01333	0.01132	0.01553	0.01439	0.01501	0.01416	0.01111	0.01506	0.01255	0.01814	0.02129	0.05760	0.04335	0.18998	0.26345	0.00767	0.25519	0.00945	0.00433	0.00708
127	0.01981	0.01940	0.03138	0.06811	0.56578	0.04419	0.04877	0.02545	0.05169	0.02582	0.01574	0.02007	0.01299	0.00732	0.00790	0.00238	0.00964	0.00718	0.00414	0.01223
128	0.01152	0.00773	0.00885	0.00885	0.00891	0.00780	0.00505	0.01166	0.01159	0.01552	0.02480	0.05089	0.02839	0.68937	0.07172	0.00793	0.00834	0.01139	0.00478	0.00491

[dist]
# distance from previous block
# <min> <max>
0	1

[block]
# block no. 2 follows, 24 sequences, length 31
# corresponding to MSA columns:
# 198-228
name=unknown_C
#
# <colnr> <probs for GDERKNQSTAVLIFYWHMCP>
#	G	D	E	R	K	N	Q	S	T	A	V	L	I	F	Y	W	H	M	C	P
0	0.01558	0.01472	0.02488	0.61671	0.13540	0.01778	0.02233	0.02079	0.01614	0.02100	0.01420	0.02094	0.01083	0.00782	0.00792	0.00261	0.01042	0.00705	0.00358	0.00930
1	0.01541	0.01147	0.01514	0.01394	0.01642	0.01310	0.01103	0.15109	0.01807	0.02526	0.02076	0.02852	0.01845	0.04864	0.54196	0.01050	0.01853	0.00820	0.00505	0.00847
2	0.00966	0.00690	0.00920	0.01104	0.01150	0.00644	0.00736	0.01104	0.01518	0.02024	0.04371	0.71614	0.05245	0.02484	0.01012	0.00322	0.00460	0.02254	0.00736	0.00644
3	0.52554	0.08753	0.01606	0.01159	0.01667	0.01896	0.00975	0.09811	0.01719	0.05875	0.01388	0.01540	0.01064	0.00780	0.00545	0.00232	0.00652	0.00500	0.06342	0.00943
4	0.01377	0.00689	0.01033	0.01033	0.01033	0.00689	0.00689	0.01033	0.01033	0.01377	0.01377	0.02410	0.01377	0.02755	0.03099	0.76928	0.00689	0.00689	0.00344	0.00344
5	0.02148	0.60492	0.09607	0.01497	0.02195	0.08844	0.01511	0.02457	0.01673	0.01929	0.01142	0.01321	0.01017	0.00697	0.00549	0.00180	0.00928	0.00446	0.00345	0.01023
6	0.01477	0.05230	0.01380	0.01095	0.01395	0.01080	0.00862	0.08319	0.02293	0.06455	0.42812	0.05342	0.16158	0.01526	0.00888	0.00246	0.00475	0.01305	0.00816	0.00846
7	0.02698	0.01971	0.02163	0.01647	0.02290	0.02053	0.01351	0.44916	0.05321	0.07869	0.01905	0.01926	0.01380	0.00875	0.00747	0.00212	0.00788	0.00670	0.00731	0.18486
8	0.01872	0.02139	0.04679	0.03342	0.04144	0.02005	0.64305	0.02540	0.01872	0.02540	0.01604	0.02139	0.01203	0.00668	0.00936	0.00267	0.01337	0.00936	0.00401	0.01070
9	0.01620	0.07898	0.64483	0.02210	0.03355	0.01913	0.02843	0.02504	0.01671	0.02476	0.01405	0.01652	0.01005	0.00749	0.00740	0.00247	0.01154	0.00577	0.00335	0.01163
10	0.01755	0.01504	0.01668	0.06088	0.02124	0.01707	0.01231	0.03477	0.48228	0.03049	0.06548	0.03872	0.09203	0.01243	0.00842	0.00273	0.00628	0.04675	0.00768	0.01116
11	0.01111	0.00760	0.00876	0.00902	0.00931	0.00743	0.00536	0.01156	0.01283	0.01701	0.05160	0.15628	0.07176	0.54974	0.03287	0.00654	0.00687	0.01363	0.00548	0.00525
12	0.01159	0.00841	0.01234	0.01234	0.01378	0.00972	0.00958	0.01449	0.01304	0.01926	0.02159	0.03103	0.01986	0.05563	0.63758	0.01191	0.01990	0.00841	0.06242	0.00710
13	0.01213	0.00840	0.01033	0.00967	0.01202	0.00750	0.00731	0.01534	0.02121	0.06699	0.46261	0.06220	0.24086	0.01694	0.00928	0.00254	0.00400	0.01465	0.00840	0.00761
14	0.01963	0.01884	0.03219	0.04867	0.67185	0.01884	0.02434	0.02434	0.01806	0.02591	0.01492	0.01963	0.01256	0.00707	0.00785	0.00236	0.00942	0.00707	0.00393	0.01256
15	0.02916	0.02172	0.02324	0.01805	0.02422	0.02413	0.01483	0.58845	0.09585	0.04839	0.02029	0.02003	0.01450	0.00964	0.00795	0.00241	0.00849	0.00731	0.00795	0.01340
16	0.01081	0.00809	0.01003	0.00955	0.01160	0.00731	0.00716	0.01417	0.02148	0.02950	0.53759	0.06302	0.20633	0.01707	0.00936	0.00253	0.00380	0.01487	0.00843	0.00731
17	0.01864	0.02115	0.04546	0.03268	0.04022	0.02030	0.60607	0.02503	0.01833	0.02503	0.01571	0.02115	0.01194	0.00711	0.01034	0.00272	0.05435	0.00922	0.00398	0.01058
18	0.02569	0.03011	0.02372	0.06453	0.12431	0.44181	0.01692	0.05178	0.02089	0.02194	0.01334	0.01649	0.01109	0.00856	0.00888	0.00225	0.07165	0.00583	0.03046	0.00974
19	0.01963	0.01884	0.03219	0.04867	0.67185	0.01884	0.02434	0.02434	0.01806	0.02591	0.01492	0.01963	0.01256	0.00707	0.00785	0.00236	0.00942	0.00707	0.00393	0.01256
20	0.04193	0.07452	0.29258	0.02328	0.03203	0.01826	0.22473	0.02383	0.01749	0.02540	0.04096	0.02228	0.01471	0.00793	0.00792	0.00242	0.01081	0.03060	0.00411	0.08421
21	0.02192	0.01812	0.01917	0.01658	0.02146	0.02075	0.01308	0.16909	0.52700	0.03671	0.02949	0.02737	0.02195	0.01050	0.00804	0.00262	0.00679	0.00858	0.00804	0.01275
22	0.02300	0.01621	0.01966	0.01487	0.02109	0.01517	0.03808	0.19919	0.04833	0.13292	0.07333	0.02306	0.01918	0.00858	0.00729	0.00194	0.00696	0.00705	0.00682	0.31727
23	0.01134	0.00850	0.01035	0.01131	0.01261	0.00829	0.00794	0.03821	0.06255	0.02240	0.04597	0.49906	0.13108	0.05425	0.01120	0.00330	0.00504	0.04214	0.00732	0.00715
24	0.06681	0.01986	0.15496	0.01671	0.02373	0.01438	0.05003	0.07297	0.02173	0.38641	0.07083	0.02564	0.02023	0.00949	0.00790	0.00248	0.00802	0.00783	0.00771	0.01229
25	0.01599	0.01464	0.02379	0.65646	0.05261	0.01808	0.02156	0.06212	0.01729	0.02225	0.01443	0.02100	0.01077	0.00803	0.00793	0.00263	0.01045	0.00705	0.00382	0.00912
26	0.01872	0.02139	0.04679	0.03342	0.04144	0.02005	0.64305	0.02540	0.01872	0.02540	0.01604	0.02139	0.01203	0.00668	0.00936	0.00267	0.01337	0.00936	0.00401	0.01070
27	0.03437	0.01377	0.01837	0.01426	0.02027	0.01227	0.01172	0.03891	0.07122	0.62810	0.03136	0.02719	0.01998	0.00989	0.00798	0.00247	0.00671	0.00805	0.00968	0.01342
28	0.72670	0.06292	0.01366	0.01064	0.01567	0.01870	0.00892	0.02334	0.01367	0.03445	0.01104	0.01287	0.00869	0.00732	0.00492	0.00240	0.00629	0.00429	0.00481	0.00869
29	0.01108	0.00887	0.00995	0.00961	0.01208	0.00796	0.00703	0.01451	0.05569	0.02382	0.17583	0.14714	0.33695	0.07254	0.01152	0.00299	0.00460	0.01525	0.00726	0.06534
30	0.07988	0.23594	0.05400	0.01577	0.02148	0.07541	0.01378	0.10300	0.26517	0.02946	0.02034	0.02023	0.01582	0.00881	0.00681	0.00228	0.00807	0.00653	0.00588	0.01134

[dist]
# distance from previous block
# <min> <max>
0	1

[block]
# block no. 3 follows, 24 sequences, length 76
# corresponding to MSA columns:
# 230-305
name=unknown_D
#
# <colnr> <probs for GDERKNQSTAVLIFYWHMCP>
#	G	D	E	R	K	N	Q	S	T	A	V	L	I	F	Y	W	H	M	C	P
0	0.02916	0.07958	0.02391	0.01964	0.02426	0.54095	0.01517	0.12918	0.02443	0.02424	0.01326	0.01496	0.01073	0.00830	0.00714	0.00207	0.01304	0.00538	0.00466	0.00994
1	0.01858	0.01407	0.01562	0.01398	0.01792	0.01531	0.01086	0.03355	0.41082	0.09270	0.17261	0.03939	0.08531	0.01258	0.00844	0.00262	0.00560	0.01064	0.00832	0.01109
2	0.01062	0.00764	0.00977	0.01031	0.01147	0.00714	0.00726	0.01289	0.01786	0.02434	0.28452	0.31091	0.09671	0.10681	0.01354	0.00348	0.00474	0.04571	0.00757	0.00670
3	0.01227	0.00891	0.01210	0.01373	0.01559	0.00874	0.01180	0.01564	0.01810	0.02333	0.04628	0.11474	0.11454	0.02183	0.01074	0.00353	0.00682	0.52677	0.00731	0.00720
4	0.01535	0.01403	0.02000	0.07130	0.02091	0.01874	0.01492	0.01779	0.01289	0.01967	0.01466	0.02221	0.01364	0.02560	0.20503	0.00584	0.41917	0.00740	0.05270	0.00817
5	0.00998	0.00721	0.00948	0.01102	0.01181	0.00672	0.00766	0.01173	0.01613	0.02146	0.09480	0.58431	0.09024	0.02368	0.01007	0.00316	0.00468	0.06179	0.00746	0.00660
6	0.06927	0.01330	0.01756	0.01363	0.01953	0.01169	0.01122	0.03654	0.02203	0.61375	0.03282	0.02883	0.05205	0.01022	0.00790	0.00247	0.00658	0.00825	0.00946	0.01292
7	0.01122	0.00828	0.00959	0.00915	0.01159	0.00724	0.00690	0.01405	0.02023	0.05138	0.34439	0.06668	0.37476	0.01793	0.00931	0.00259	0.00400	0.01531	0.00808	0.00731
8	0.01141	0.00764	0.00868	0.00880	0.00883	0.00761	0.00497	0.01150	0.01176	0.01568	0.02617	0.09378	0.03032	0.67740	0.03845	0.00741	0.00749	0.01223	0.00497	0.00491
9	0.01864	0.01843	0.02820	0.18895	0.08557	0.04569	0.12885	0.06260	0.06526	0.02405	0.01491	0.02008	0.01213	0.00991	0.01407	0.00286	0.23804	0.00750	0.00427	0.00999
10	0.01224	0.00836	0.01072	0.00998	0.01215	0.00761	0.00754	0.01577	0.02201	0.06263	0.57586	0.05940	0.13312	0.01629	0.00929	0.00251	0.00392	0.01427	0.00864	0.00770
11	0.01141	0.00764	0.00868	0.00880	0.00883	0.00761	0.00497	0.01150	0.01177	0.01569	0.02619	0.09462	0.03035	0.67651	0.03842	0.00740	0.00749	0.01224	0.00497	0.00491
12	0.01644	0.01409	0.01644	0.01175	0.01879	0.01057	0.00940	0.01997	0.01644	0.02584	0.01409	0.01644	0.01175	0.00587	0.00587	0.00117	0.00587	0.00470	0.00470	0.76979
13	0.00966	0.00690	0.00920	0.01104	0.01150	0.00644	0.00736	0.01104	0.01518	0.02024	0.04371	0.71614	0.05245	0.02484	0.01012	0.00322	0.00460	0.02254	0.00736	0.00644
14	0.01854	0.11664	0.18031	0.03031	0.11076	0.02103	0.35757	0.02500	0.01788	0.02452	0.01487	0.01906	0.01143	0.00692	0.00824	0.00248	0.01192	0.00768	0.00378	0.01107
15	0.00995	0.00775	0.00904	0.00937	0.01123	0.00684	0.00678	0.01225	0.01846	0.02388	0.22784	0.24460	0.34301	0.02033	0.00957	0.00278	0.00410	0.01766	0.00773	0.00684
16	0.01072	0.00790	0.01002	0.00988	0.01163	0.00721	0.00726	0.01384	0.02068	0.02852	0.48671	0.16656	0.15340	0.01813	0.00948	0.00264	0.00392	0.01598	0.00832	0.00721
17	0.69563	0.01513	0.01240	0.01083	0.01588	0.01711	0.00893	0.02500	0.01451	0.10626	0.01327	0.01444	0.00980	0.00763	0.00525	0.00245	0.00620	0.00470	0.00545	0.00913
18	0.01098	0.00843	0.01025	0.01082	0.01284	0.00783	0.00848	0.01425	0.03673	0.02427	0.18131	0.16826	0.27725	0.02022	0.00986	0.00298	0.00498	0.17550	0.00764	0.00714
19	0.01008	0.00732	0.00959	0.01110	0.01200	0.00683	0.00785	0.01192	0.01625	0.02149	0.08780	0.54870	0.10635	0.02354	0.01010	0.00317	0.00479	0.08704	0.00744	0.00663
20	0.01590	0.04102	0.68023	0.02260	0.03432	0.01842	0.02930	0.02511	0.01674	0.02511	0.01423	0.01674	0.01005	0.00753	0.00753	0.00251	0.01172	0.00586	0.00335	0.01172
21	0.00947	0.00804	0.00816	0.00813	0.01077	0.00673	0.00610	0.01156	0.01830	0.02195	0.11014	0.07545	0.63849	0.01989	0.00937	0.00267	0.00400	0.01661	0.00743	0.00673
22	0.02980	0.03253	0.02292	0.01969	0.02454	0.46490	0.01524	0.23897	0.02747	0.02973	0.01455	0.01590	0.01132	0.00863	0.00741	0.00216	0.01242	0.00579	0.00539	0.01064
23	0.01911	0.01832	0.03126	0.12054	0.60398	0.01871	0.02408	0.02389	0.01781	0.02529	0.01483	0.01979	0.01234	0.00716	0.00786	0.00239	0.00955	0.00706	0.00388	0.01215
24	0.01967	0.01858	0.03123	0.14281	0.44378	0.01926	0.08381	0.07379	0.03985	0.02715	0.01579	0.02030	0.01265	0.00747	0.00802	0.00244	0.00983	0.00736	0.00432	0.01188
25	0.10430	0.00991	0.01268	0.01121	0.01406	0.00949	0.03677	0.01766	0.02090	0.07188	0.47543	0.05123	0.10515	0.01461	0.00874	0.00251	0.00468	0.01269	0.00802	0.00808
26	0.01153	0.00769	0.00865	0.00865	0.00865	0.00769	0.00480	0.01153	0.01153	0.01538	0.02499	0.05189	0.02883	0.72131	0.04036	0.00769	0.00769	0.01153	0.00480	0.00480
27	0.77733	0.01534	0.01166	0.01043	0.01534	0.01779	0.00859	0.02331	0.01350	0.03558	0.01104	0.01288	0.00859	0.00736	0.00491	0.00245	0.00613	0.00429	0.00491	0.00859
28	0.02840	0.02739	0.02442	0.02431	0.13994	0.29282	0.01661	0.24687	0.02691	0.07282	0.01632	0.01772	0.01238	0.00855	0.00760	0.00224	0.01099	0.00635	0.00577	0.01158
29	0.37812	0.01835	0.01615	0.01404	0.01898	0.06263	0.01124	0.12281	0.22113	0.03593	0.01903	0.01917	0.01436	0.00881	0.00650	0.00249	0.00709	0.00625	0.00631	0.01061
30	0.01289	0.00852	0.01087	0.01004	0.01235	0.00770	0.00761	0.01634	0.02188	0.08113	0.53845	0.05900	0.15056	0.01623	0.00925	0.00252	0.00401	0.01416	0.00863	0.00785
31	0.01480	0.01195	0.01334	0.01229	0.01541	0.01254	0.00940	0.05504	0.25076	0.03068	0.26607	0.08073	0.16504	0.01506	0.00886	0.00263	0.00499	0.01289	0.00813	0.00941
32	0.06630	0.65816	0.03907	0.01364	0.02021	0.05527	0.01334	0.02402	0.01620	0.01969	0.01107	0.01279	0.01008	0.00687	0.00515	0.00175	0.00856	0.00428	0.00351	0.01005
33	0.01267	0.00842	0.01106	0.01022	0.01234	0.00773	0.00773	0.01637	0.02246	0.07003	0.62997	0.05732	0.07155	0.01583	0.00927	0.00249	0.00392	0.01396	0.00879	0.00784
34	0.01387	0.11071	0.01540	0.01154	0.01396	0.01147	0.00901	0.01747	0.04874	0.05642	0.27269	0.24120	0.05078	0.03981	0.00994	0.00284	0.00528	0.05349	0.00738	0.00799
35	0.00999	0.00714	0.00956	0.01130	0.01193	0.00671	0.00782	0.01165	0.01573	0.02100	0.06866	0.63701	0.05277	0.02425	0.01016	0.00323	0.00479	0.07233	0.00741	0.00656
36	0.02842	0.02115	0.02304	0.01788	0.02366	0.02356	0.01473	0.57850	0.03522	0.04744	0.05705	0.02134	0.01697	0.01012	0.00887	0.00244	0.04139	0.00756	0.00777	0.01290
37	0.01836	0.02073	0.04451	0.03210	0.03950	0.01981	0.59291	0.02464	0.01829	0.02494	0.01667	0.04371	0.01326	0.00761	0.01017	0.00273	0.04583	0.00967	0.00409	0.01046
38	0.77733	0.01534	0.01166	0.01043	0.01534	0.01779	0.00859	0.02331	0.01350	0.03558	0.01104	0.01288	0.00859	0.00736	0.00491	0.00245	0.00613	0.00429	0.00491	0.00859
39	0.01192	0.00824	0.01056	0.01001	0.01205	0.00750	0.00749	0.01530	0.02155	0.05598	0.54290	0.10110	0.13167	0.01689	0.00935	0.00256	0.00394	0.01485	0.00855	0.00758
40	0.00965	0.00695	0.00915	0.01092	0.01147	0.00645	0.00731	0.01106	0.01530	0.02029	0.04518	0.69040	0.07723	0.02465	0.01009	0.00320	0.00458	0.02231	0.00736	0.00645
41	0.02918	0.01208	0.01635	0.01302	0.01804	0.01056	0.01056	0.03243	0.02263	0.50782	0.19840	0.03546	0.03412	0.01149	0.00834	0.00246	0.00596	0.00965	0.00953	0.01192
42	0.01090	0.00803	0.01019	0.00979	0.01168	0.00732	0.00729	0.01428	0.02146	0.02979	0.55589	0.10032	0.14914	0.01722	0.00940	0.00256	0.00383	0.01513	0.00847	0.00732
43	0.02903	0.02140	0.02314	0.01792	0.02397	0.02372	0.01477	0.60802	0.03583	0.04811	0.01917	0.01976	0.01386	0.01248	0.04832	0.00299	0.00947	0.00722	0.00771	0.01311
44	0.01485	0.01367	0.01949	0.01746	0.01805	0.01831	0.01426	0.01704	0.01239	0.01880	0.01491	0.02309	0.01432	0.03283	0.30190	0.00732	0.42191	0.00759	0.00379	0.00801
45	0.02909	0.02222	0.02296	0.01784	0.02390	0.05404	0.01464	0.58607	0.03566	0.04717	0.02176	0.02165	0.04571	0.00998	0.00797	0.00238	0.00875	0.00752	0.00773	0.01295
46	0.02643	0.02851	0.02161	0.05355	0.02506	0.36601	0.01491	0.14213	0.18782	0.02838	0.01869	0.01941	0.01440	0.00906	0.00756	0.00230	0.01107	0.00656	0.00576	0.01079
47	0.06837	0.01862	0.03087	0.04621	0.62962	0.01877	0.02332	0.02427	0.01776	0.02653	0.01467	0.01919	0.01231	0.00708	0.00766	0.00236	0.00921	0.00689	0.00399	0.01231
48	0.02233	0.01612	0.01898	0.01779	0.07405	0.01751	0.01312	0.26357	0.10638	0.06943	0.06498	0.05623	0.02340	0.01143	0.00869	0.00251	0.03504	0.04781	0.11948	0.01115
49	0.01152	0.00966	0.04126	0.01079	0.01310	0.00806	0.00875	0.01550	0.02197	0.03108	0.60610	0.05883	0.07039	0.01610	0.00935	0.00255	0.00429	0.04462	0.00841	0.00767
50	0.01870	0.01789	0.03051	0.17944	0.54836	0.01860	0.02387	0.02352	0.01762	0.02478	0.01475	0.01993	0.01216	0.00724	0.00787	0.00241	0.00965	0.00706	0.00384	0.01181
51	0.01014	0.00724	0.00975	0.01158	0.01225	0.00685	0.00818	0.01186	0.01565	0.02077	0.04344	0.62084	0.05141	0.02440	0.01025	0.00329	0.00501	0.11316	0.00735	0.00657
52	0.01135	0.00840	0.01223	0.01223	0.01347	0.00963	0.00927	0.01383	0.01259	0.01803	0.02171	0.03375	0.02095	0.14231	0.60859	0.01211	0.01954	0.00888	0.00432	0.00680
53	0.03012	0.02282	0.02375	0.01833	0.02459	0.05052	0.01508	0.62147	0.03671	0.04878	0.01877	0.01885	0.01336	0.00947	0.00790	0.00237	0.00894	0.00706	0.00778	0.01332
54	0.01221	0.00836	0.00941	0.00927	0.00975	0.00838	0.00556	0.04281	0.01339	0.01774	0.02872	0.10146	0.06006	0.60056	0.03502	0.00685	0.00733	0.01239	0.00527	0.00545
55	0.01590	0.04102	0.68023	0.02260	0.03432	0.01842	0.02930	0.02511	0.01674	0.02511	0.01423	0.01674	0.01005	0.00753	0.00753	0.00251	0.01172	0.00586	0.00335	0.01172
56	0.01833	0.07514	0.02273	0.05089	0.02155	0.13736	0.01525	0.02060	0.01457	0.01901	0.01339	0.01973	0.01248	0.02226	0.16911	0.00512	0.34344	0.00676	0.00375	0.00853
57	0.00944	0.00804	0.00812	0.00810	0.01075	0.00672	0.00608	0.01151	0.01823	0.02179	0.10096	0.07572	0.64777	0.01995	0.00937	0.00267	0.00401	0.01665	0.00741	0.00672
58	0.01078	0.00789	0.00999	0.00984	0.01150	0.00724	0.00716	0.01378	0.02029	0.02801	0.47181	0.16065	0.13925	0.05282	0.01100	0.00288	0.00410	0.01573	0.00817	0.00710
59	0.02083	0.10373	0.10746	0.02856	0.11680	0.15225	0.25400	0.02579	0.01836	0.02304	0.01397	0.01800	0.01120	0.00768	0.00932	0.00244	0.06509	0.00709	0.00383	0.01055
60	0.01771	0.01689	0.02902	0.26475	0.40983	0.01802	0.04714	0.02264	0.01736	0.02390	0.01598	0.02353	0.01345	0.00805	0.00808	0.00253	0.00986	0.03633	0.00396	0.01098
