[name]
unknown

[dist]
# distance from previous block
# <min> <max>
0	7

[block]
# block no. 0 follows, 24 sequences, length 151
# corresponding to MSA columns:
# 7-157
name=unknown_A
#
# <colnr> <probs for GDERKNQSTAVLIFYWHMCP>
#	G	D	E	R	K	N	Q	S	T	A	V	L	I	F	Y	W	H	M	C	P
0	0.01278	0.00913	0.01278	0.01460	0.01643	0.00913	0.01278	0.01643	0.01825	0.02373	0.04199	0.08945	0.04564	0.02191	0.01095	0.00365	0.00730	0.61847	0.00730	0.00730
1	0.01938	0.01859	0.03174	0.08345	0.63900	0.01878	0.02421	0.02412	0.01794	0.02561	0.01487	0.01971	0.01245	0.00711	0.00785	0.00237	0.00948	0.00706	0.00390	0.01236
2	0.02696	0.02063	0.02201	0.01760	0.02338	0.02310	0.01430	0.46116	0.22671	0.04484	0.02308	0.02226	0.01676	0.00990	0.00797	0.00247	0.00798	0.00770	0.00797	0.01320
3	0.00966	0.00690	0.00920	0.01104	0.01150	0.00644	0.00736	0.01104	0.01518	0.02024	0.04371	0.71614	0.05245	0.02484	0.01012	0.00322	0.00460	0.02254	0.00736	0.00644
4	0.01666	0.01581	0.02682	0.46594	0.27779	0.01806	0.02286	0.02173	0.01665	0.02230	0.01439	0.02059	0.01129	0.00762	0.00790	0.00254	0.01015	0.00705	0.00367	0.01017
5	0.01153	0.00769	0.00865	0.00865	0.00865	0.00769	0.00480	0.01153	0.01153	0.01538	0.02499	0.05189	0.02883	0.72131	0.04036	0.00769	0.00769	0.01153	0.00480	0.00480
6	0.00964	0.00698	0.00911	0.01082	0.01144	0.00646	0.00726	0.01107	0.01540	0.02033	0.04642	0.66874	0.09809	0.02449	0.01007	0.00318	0.00456	0.02211	0.00736	0.00646
7	0.03461	0.01505	0.01937	0.01485	0.02102	0.01397	0.01227	0.14714	0.02530	0.56516	0.02909	0.02557	0.01853	0.00976	0.00797	0.00244	0.00710	0.00783	0.00948	0.01349
8	0.03527	0.01399	0.01871	0.01435	0.02049	0.01240	0.01185	0.07339	0.02353	0.64141	0.03058	0.02654	0.01928	0.00980	0.00797	0.00245	0.00686	0.00793	0.00971	0.01349
9	0.01554	0.03844	0.62775	0.02161	0.03256	0.01756	0.02759	0.02432	0.01719	0.02564	0.06544	0.02007	0.01512	0.00821	0.00768	0.00251	0.01109	0.00652	0.00377	0.01139
10	0.50503	0.01620	0.01480	0.01236	0.01760	0.01800	0.01017	0.15006	0.01956	0.12037	0.01577	0.01652	0.01140	0.00818	0.00593	0.00242	0.00665	0.00545	0.03338	0.01016
11	0.01153	0.00769	0.00865	0.00865	0.00865	0.00769	0.00480	0.01153	0.01153	0.01538	0.02499	0.05189	0.02883	0.72131	0.04036	0.00769	0.00769	0.01153	0.00480	0.00480
12	0.01437	0.00913	0.01114	0.01016	0.01296	0.00821	0.00778	0.01807	0.04088	0.12023	0.37688	0.05899	0.24816	0.01633	0.00912	0.00255	0.00433	0.01401	0.00844	0.00825
13	0.05824	0.01926	0.03595	0.15715	0.03875	0.04325	0.38288	0.02333	0.01727	0.02394	0.01595	0.05043	0.01311	0.00847	0.01034	0.00273	0.07625	0.00884	0.00406	0.00980
14	0.07755	0.02002	0.01971	0.01640	0.02157	0.07313	0.01312	0.28561	0.25269	0.06169	0.02344	0.02282	0.01727	0.00970	0.00758	0.00244	0.00778	0.00747	0.04784	0.01215
15	0.71877	0.01587	0.01261	0.01104	0.01606	0.01832	0.00910	0.07206	0.01536	0.03671	0.01167	0.01336	0.00897	0.00753	0.00514	0.00245	0.00634	0.00452	0.00514	0.00897
16	0.02002	0.01673	0.02245	0.01643	0.02336	0.01490	0.10626	0.13272	0.04752	0.05334	0.01663	0.01857	0.01290	0.00698	0.00693	0.00172	0.00756	0.00613	0.00549	0.46337
17	0.05894	0.02140	0.02118	0.06783	0.02444	0.12801	0.01441	0.31016	0.05147	0.08019	0.04737	0.02126	0.01619	0.00975	0.00889	0.00242	0.05734	0.00713	0.04028	0.01133
18	0.03381	0.01403	0.01849	0.01432	0.02026	0.01267	0.01177	0.07997	0.04481	0.58966	0.05294	0.02766	0.02130	0.01005	0.00802	0.00246	0.00676	0.00817	0.00959	0.01325
19	0.08139	0.01353	0.05586	0.12373	0.02449	0.01288	0.08414	0.01884	0.01629	0.06846	0.02959	0.26362	0.05629	0.01505	0.00960	0.00286	0.04463	0.03471	0.03556	0.00847
20	0.07499	0.02872	0.34250	0.14923	0.11810	0.01850	0.10901	0.02404	0.01677	0.02518	0.01429	0.01824	0.01062	0.00742	0.00769	0.00253	0.01102	0.00658	0.00366	0.01092
21	0.02966	0.03671	0.02256	0.02028	0.02452	0.64341	0.01530	0.07419	0.02350	0.02153	0.01273	0.01463	0.01044	0.00826	0.00720	0.00207	0.01391	0.00525	0.00435	0.00949
22	0.00963	0.00704	0.00906	0.01067	0.01140	0.00647	0.00720	0.01108	0.01554	0.02039	0.04819	0.63776	0.12793	0.02426	0.01003	0.00315	0.00453	0.02183	0.00736	0.00647
23	0.10420	0.02410	0.02333	0.01914	0.02394	0.19883	0.06359	0.21433	0.06960	0.06935	0.01675	0.01833	0.01273	0.00936	0.00978	0.00248	0.09670	0.00663	0.00586	0.01096
24	0.01589	0.00933	0.01031	0.00964	0.01176	0.00981	0.00729	0.09258	0.01797	0.02886	0.02385	0.02983	0.01975	0.06623	0.10267	0.03593	0.00711	0.00778	0.48568	0.00774
25	0.01061	0.00773	0.01001	0.01036	0.01182	0.00713	0.00753	0.01342	0.01950	0.02678	0.38742	0.28274	0.11270	0.01964	0.00968	0.00280	0.00419	0.04076	0.00811	0.00706
26	0.03014	0.02221	0.02380	0.01825	0.02459	0.02459	0.01507	0.64541	0.03728	0.04998	0.01904	0.01904	0.01349	0.00952	0.00793	0.00238	0.00873	0.00714	0.00793	0.01349
27	0.01266	0.00980	0.01267	0.01197	0.01227	0.01150	0.00842	0.01361	0.01191	0.01677	0.02126	0.04052	0.02320	0.43764	0.17643	0.00792	0.15101	0.00996	0.00442	0.00607
28	0.02844	0.13405	0.02514	0.01947	0.02393	0.59745	0.01508	0.03056	0.02158	0.01930	0.01208	0.01408	0.01021	0.00798	0.00686	0.00199	0.01349	0.00499	0.00399	0.00933
29	0.01115	0.00728	0.00973	0.01122	0.01200	0.00674	0.00761	0.01262	0.01561	0.05788	0.04299	0.67667	0.05057	0.02398	0.01000	0.00318	0.00472	0.02171	0.00750	0.00684
30	0.01134	0.00846	0.01256	0.01256	0.01392	0.00981	0.00969	0.01405	0.01269	0.01828	0.02140	0.03206	0.02022	0.08850	0.66141	0.01252	0.02065	0.00863	0.00427	0.00698
31	0.07607	0.01419	0.01607	0.01164	0.01852	0.01114	0.00933	0.02023	0.01621	0.02660	0.01386	0.01616	0.01150	0.00599	0.00580	0.00127	0.00589	0.00467	0.00471	0.71014
32	0.01009	0.00782	0.00983	0.01082	0.01185	0.00756	0.00761	0.01173	0.01599	0.02090	0.07442	0.49426	0.20206	0.02272	0.01082	0.00307	0.04464	0.01991	0.00719	0.00667
33	0.00965	0.00696	0.00914	0.01088	0.01146	0.00645	0.00729	0.01106	0.01534	0.02031	0.04566	0.68209	0.08524	0.02459	0.01008	0.00319	0.00457	0.02223	0.00736	0.00645
34	0.01153	0.00769	0.00865	0.00865	0.00865	0.00769	0.00480	0.01153	0.01153	0.01538	0.02499	0.05189	0.02883	0.72131	0.04036	0.00769	0.00769	0.01153	0.00480	0.00480
35	0.01963	0.01884	0.03219	0.04867	0.67185	0.01884	0.02434	0.02434	0.01806	0.02591	0.01492	0.01963	0.01256	0.00707	0.00785	0.00236	0.00942	0.00707	0.00393	0.01256
36	0.03558	0.01350	0.01840	0.01411	0.02024	0.01166	0.01166	0.03865	0.02270	0.67734	0.03128	0.02699	0.01963	0.00981	0.00797	0.00245	0.00675	0.00797	0.00981	0.01350
37	0.02182	0.01247	0.01354	0.01139	0.01507	0.01294	0.00908	0.20419	0.02341	0.11488	0.02454	0.02617	0.01824	0.00939	0.00654	0.00208	0.00554	0.00739	0.45141	0.00992
38	0.01134	0.00846	0.01256	0.01256	0.01391	0.00981	0.00968	0.01404	0.01269	0.01827	0.02141	0.03208	0.02023	0.08916	0.66075	0.01252	0.02063	0.00863	0.00427	0.00698
39	0.00978	0.00699	0.00934	0.01118	0.01169	0.00654	0.00757	0.01125	0.01530	0.02038	0.04364	0.69190	0.05218	0.02473	0.01015	0.00324	0.00471	0.04559	0.00736	0.00647
40	0.01650	0.01839	0.07635	0.08418	0.02602	0.02136	0.07250	0.01955	0.01367	0.02031	0.01431	0.07612	0.01403	0.01312	0.02013	0.00323	0.46910	0.00837	0.00384	0.00892
41	0.01590	0.04102	0.68023	0.02260	0.03432	0.01842	0.02930	0.02511	0.01674	0.02511	0.01423	0.01674	0.01005	0.00753	0.00753	0.00251	0.01172	0.00586	0.00335	0.01172
42	0.01938	0.02370	0.17226	0.11499	0.12414	0.04078	0.24855	0.02557	0.01830	0.08139	0.01746	0.02301	0.01340	0.00799	0.00845	0.00259	0.01134	0.03130	0.00443	0.01099
43	0.03225	0.01410	0.01837	0.01408	0.02027	0.01242	0.01156	0.06304	0.04912	0.54041	0.02861	0.02542	0.01855	0.00934	0.00771	0.00230	0.00670	0.00756	0.00901	0.10917
44	0.02001	0.28993	0.23185	0.01815	0.02582	0.05056	0.06156	0.05204	0.04306	0.05822	0.01704	0.06737	0.01453	0.00881	0.00698	0.00225	0.00961	0.00697	0.00446	0.01079
45	0.01047	0.00745	0.00977	0.01083	0.01170	0.00703	0.00757	0.01247	0.01685	0.02288	0.19481	0.44212	0.05513	0.08963	0.01291	0.00351	0.00490	0.06595	0.00745	0.00661
46	0.00964	0.00699	0.00911	0.01081	0.01144	0.00646	0.00726	0.01107	0.01541	0.02034	0.04658	0.66600	0.10074	0.02447	0.01006	0.00318	0.00455	0.02209	0.00736	0.00646
47	0.01740	0.01763	0.02516	0.13343	0.02742	0.04368	0.04612	0.01995	0.01337	0.01957	0.01133	0.01806	0.01050	0.01240	0.02171	0.00325	0.53967	0.00701	0.00352	0.00880
48	0.02878	0.31087	0.02819	0.01424	0.02049	0.05018	0.01264	0.03227	0.04232	0.35172	0.02206	0.02059	0.01544	0.00852	0.00674	0.00213	0.00779	0.00633	0.00683	0.01189
49	0.00966	0.00690	0.00920	0.01104	0.01150	0.00644	0.00736	0.01104	0.01518	0.02024	0.04371	0.71614	0.05245	0.02484	0.01012	0.00322	0.00460	0.02254	0.00736	0.00644
50	0.01115	0.00810	0.01050	0.00990	0.01180	0.00745	0.00743	0.01483	0.02228	0.03141	0.64541	0.05988	0.09732	0.01636	0.00935	0.00250	0.00375	0.01443	0.00868	0.00745
51	0.01898	0.02105	0.07034	0.10109	0.06949	0.01931	0.49787	0.02539	0.01848	0.05320	0.01638	0.02133	0.01215	0.00700	0.00901	0.00264	0.01255	0.00881	0.00418	0.01075
52	0.02359	0.01778	0.01840	0.01614	0.02082	0.07028	0.01281	0.08348	0.39679	0.14884	0.03031	0.03185	0.02317	0.01117	0.00820	0.00265	0.00725	0.05634	0.00800	0.01211
53	0.01377	0.00689	0.01033	0.01033	0.01033	0.00689	0.00689	0.01033	0.01033	0.01377	0.01377	0.02410	0.01377	0.02755	0.03099	0.76928	0.00689	0.00689	0.00344	0.00344
54	0.01644	0.01409	0.01644	0.01175	0.01879	0.01057	0.00940	0.01997	0.01644	0.02584	0.01409	0.01644	0.01175	0.00587	0.00587	0.00117	0.00587	0.00470	0.00470	0.76979
55	0.00966	0.00690	0.00920	0.01104	0.01150	0.00644	0.00736	0.01104	0.01518	0.02024	0.04371	0.71614	0.05245	0.02484	0.01012	0.00322	0.00460	0.02254	0.00736	0.00644
56	0.01936	0.01554	0.01787	0.01428	0.01984	0.01523	0.01139	0.04615	0.24123	0.07372	0.02151	0.02191	0.01660	0.00854	0.00831	0.00199	0.05703	0.00665	0.00623	0.37664
57	0.01631	0.06806	0.54797	0.02303	0.03369	0.01877	0.10293	0.02469	0.01718	0.02512	0.03969	0.01878	0.01281	0.00773	0.00772	0.00249	0.01147	0.00655	0.00364	0.01136
58	0.00971	0.00699	0.00921	0.01088	0.01148	0.00649	0.00731	0.01120	0.01557	0.02073	0.06878	0.66621	0.07742	0.02433	0.01006	0.00317	0.00455	0.02201	0.00741	0.00649
59	0.02686	0.13228	0.02481	0.01868	0.02310	0.45459	0.01474	0.09519	0.02237	0.02267	0.01576	0.01754	0.04011	0.00898	0.00812	0.00214	0.05206	0.00583	0.00451	0.00966
60	0.01010	0.00722	0.00971	0.01154	0.01220	0.00682	0.00813	0.01180	0.01562	0.02073	0.04346	0.62774	0.05149	0.02443	0.01024	0.00328	0.00498	0.10660	0.00735	0.00656
61	0.12156	0.01993	0.03420	0.17262	0.06111	0.06570	0.33920	0.02422	0.01743	0.02509	0.01447	0.01950	0.01109	0.00738	0.00877	0.00261	0.03350	0.00773	0.00401	0.00990
62	0.01754	0.01665	0.02568	0.48308	0.19467	0.04643	0.02188	0.05748	0.01787	0.02324	0.01449	0.02038	0.01118	0.00783	0.00788	0.00254	0.01035	0.00698	0.00389	0.00996
63	0.00965	0.00694	0.00916	0.01094	0.01147	0.00645	0.00731	0.01105	0.01528	0.02028	0.04500	0.69360	0.07416	0.02468	0.01010	0.00320	0.00458	0.02234	0.00736	0.00645
64	0.00966	0.00690	0.00920	0.01104	0.01150	0.00644	0.00736	0.01104	0.01518	0.02024	0.04371	0.71614	0.05245	0.02484	0.01012	0.00322	0.00460	0.02254	0.00736	0.00644
65	0.77733	0.01534	0.01166	0.01043	0.01534	0.01779	0.00859	0.02331	0.01350	0.03558	0.01104	0.01288	0.00859	0.00736	0.00491	0.00245	0.00613	0.00429	0.00491	0.00859
66	0.01829	0.01773	0.05553	0.29871	0.38142	0.01807	0.02316	0.02335	0.01733	0.04900	0.01521	0.02038	0.01196	0.00753	0.00787	0.00248	0.00986	0.00704	0.00397	0.01111
67	0.02084	0.01759	0.01856	0.01636	0.02105	0.02025	0.01282	0.10677	0.59107	0.03497	0.03086	0.02846	0.02306	0.01063	0.00805	0.00266	0.00654	0.00877	0.00805	0.01265
68	0.02147	0.01403	0.01634	0.01362	0.01810	0.01400	0.01086	0.17965	0.09259	0.14980	0.15598	0.07668	0.09220	0.01294	0.00841	0.00246	0.00617	0.02966	0.00805	0.07700
69	0.02120	0.72609	0.04155	0.01357	0.02035	0.03138	0.01357	0.02374	0.01611	0.01866	0.01102	0.01272	0.01018	0.00678	0.00509	0.00170	0.00848	0.00424	0.00339	0.01018
70	0.01478	0.00739	0.00739	0.00739	0.00924	0.00739	0.00554	0.01848	0.01663	0.02956	0.02587	0.02956	0.02033	0.00924	0.00554	0.00185	0.00370	0.00739	0.76534	0.00739
71	0.07004	0.04486	0.16020	0.02458	0.03226	0.01819	0.31799	0.02350	0.01714	0.02541	0.01589	0.04924	0.01301	0.00788	0.00881	0.00244	0.03999	0.00800	0.00415	0.11642
72	0.01732	0.09021	0.22787	0.01697	0.02278	0.01582	0.01687	0.02356	0.09103	0.05461	0.07091	0.18155	0.05895	0.01507	0.00914	0.00302	0.00830	0.05891	0.00650	0.01060
73	0.02120	0.72609	0.04155	0.01357	0.02035	0.03138	0.01357	0.02374	0.01611	0.01866	0.01102	0.01272	0.01018	0.00678	0.00509	0.00170	0.00848	0.00424	0.00339	0.01018
74	0.00966	0.00690	0.00920	0.01104	0.01150	0.00644	0.00736	0.01104	0.01518	0.02024	0.04371	0.71614	0.05245	0.02484	0.01012	0.00322	0.00460	0.02254	0.00736	0.00644
75	0.01972	0.01703	0.01793	0.01614	0.02062	0.01972	0.01255	0.04214	0.65752	0.03317	0.03228	0.02959	0.02421	0.01076	0.00807	0.00269	0.00628	0.00897	0.00807	0.01255
76	0.08650	0.02181	0.06703	0.01708	0.02333	0.02227	0.01480	0.50416	0.03236	0.04551	0.01862	0.01923	0.01340	0.00919	0.00748	0.00235	0.00833	0.00685	0.06720	0.01250
77	0.01719	0.01347	0.01921	0.35119	0.03462	0.01602	0.01593	0.10924	0.01843	0.02598	0.01708	0.02264	0.01335	0.01039	0.01047	0.06257	0.05676	0.00712	0.16960	0.00875
78	0.01972	0.01703	0.01793	0.01614	0.02062	0.01972	0.01255	0.04214	0.65752	0.03317	0.03228	0.02959	0.02421	0.01076	0.00807	0.00269	0.00628	0.00897	0.00807	0.01255
79	0.01478	0.00739	0.00739	0.00739	0.00924	0.00739	0.00554	0.01848	0.01663	0.02956	0.02587	0.02956	0.02033	0.00924	0.00554	0.00185	0.00370	0.00739	0.76534	0.00739
80	0.01623	0.01518	0.02423	0.53466	0.07469	0.01905	0.02107	0.04795	0.01631	0.02163	0.01376	0.02038	0.01076	0.00891	0.01082	0.00275	0.12170	0.00703	0.00373	0.00916
81	0.07301	0.00992	0.01148	0.01174	0.01383	0.00991	0.00847	0.05950	0.06589	0.04568	0.04044	0.46202	0.09516	0.01987	0.00914	0.00293	0.00519	0.01751	0.00726	0.03105
82	0.01478	0.00739	0.00739	0.00739	0.00924	0.00739	0.00554	0.01848	0.01663	0.02956	0.02587	0.02956	0.02033	0.00924	0.00554	0.00185	0.00370	0.00739	0.76534	0.00739
83	0.00966	0.00690	0.00920	0.01104	0.01150	0.00644	0.00736	0.01104	0.01518	0.02024	0.04371	0.71614	0.05245	0.02484	0.01012	0.00322	0.00460	0.02254	0.00736	0.00644
84	0.01793	0.06862	0.36565	0.02368	0.08003	0.05781	0.07901	0.02699	0.10004	0.02551	0.03664	0.02004	0.01429	0.00839	0.00853	0.00251	0.04189	0.00685	0.00428	0.01131
85	0.03558	0.01350	0.01840	0.01411	0.02024	0.01166	0.01166	0.03865	0.02270	0.67734	0.03128	0.02699	0.01963	0.00981	0.00797	0.00245	0.00675	0.00797	0.00981	0.01350
86	0.01067	0.00776	0.00928	0.00961	0.01129	0.00708	0.00700	0.01316	0.01830	0.02474	0.23975	0.22224	0.23452	0.04958	0.01066	0.00295	0.00435	0.04313	0.06706	0.00687
87	0.01034	0.00724	0.00933	0.01064	0.01144	0.00680	0.00732	0.01215	0.01608	0.02192	0.10802	0.52043	0.07532	0.05980	0.01140	0.00330	0.00472	0.04642	0.05077	0.00656
88	0.01868	0.01699	0.01736	0.01668	0.04408	0.06987	0.01246	0.03482	0.45354	0.02933	0.03400	0.03494	0.08074	0.01512	0.05547	0.00336	0.00790	0.03626	0.00724	0.01116
89	0.77733	0.01534	0.01166	0.01043	0.01534	0.01779	0.00859	0.02331	0.01350	0.03558	0.01104	0.01288	0.00859	0.00736	0.00491	0.00245	0.00613	0.00429	0.00491	0.00859
90	0.00966	0.00690	0.00920	0.01104	0.01150	0.00644	0.00736	0.01104	0.01518	0.02024	0.04371	0.71614	0.05245	0.02484	0.01012	0.00322	0.00460	0.02254	0.00736	0.00644
91	0.01847	0.01766	0.03010	0.21092	0.51862	0.01854	0.02376	0.02332	0.01751	0.02451	0.01471	0.02000	0.01207	0.00728	0.00787	0.00243	0.00971	0.00706	0.00383	0.01163
92	0.02192	0.59229	0.09274	0.01468	0.02182	0.02910	0.01492	0.06952	0.01794	0.04506	0.01260	0.01403	0.01074	0.00715	0.00560	0.00184	0.00871	0.00472	0.00395	0.01066
93	0.01175	0.00911	0.01354	0.01330	0.01462	0.01091	0.01043	0.01450	0.01270	0.01846	0.02049	0.03020	0.01917	0.05631	0.64389	0.01210	0.06874	0.00839	0.00419	0.00719
94	0.01184	0.00827	0.01062	0.00994	0.01201	0.00755	0.00749	0.01540	0.02207	0.05144	0.59562	0.05971	0.12542	0.01635	0.00931	0.00251	0.00386	0.01435	0.00864	0.00760
95	0.00966	0.00690	0.00920	0.01104	0.01150	0.00644	0.00736	0.01104	0.01518	0.02024	0.04371	0.71614	0.05245	0.02484	0.01012	0.00322	0.00460	0.02254	0.00736	0.00644
96	0.02573	0.02024	0.02544	0.04605	0.02637	0.02250	0.08796	0.44407	0.03028	0.04114	0.01809	0.02016	0.01346	0.01171	0.03981	0.00296	0.07064	0.00745	0.03388	0.01206
97	0.02184	0.01756	0.07641	0.01409	0.02128	0.01353	0.01239	0.11611	0.02067	0.14593	0.01791	0.01874	0.01326	0.00726	0.00670	0.00170	0.00697	0.00575	0.00597	0.45594
98	0.07167	0.01514	0.01709	0.01255	0.01932	0.01282	0.01013	0.09703	0.01905	0.05802	0.01524	0.01697	0.01208	0.00659	0.00615	0.00147	0.00628	0.00511	0.00533	0.59197
99	0.08874	0.01680	0.04707	0.25494	0.11872	0.01797	0.01756	0.07868	0.14646	0.07291	0.01916	0.02206	0.01437	0.00940	0.00862	0.03465	0.00862	0.00720	0.00541	0.01064
100	0.01942	0.01669	0.01771	0.01607	0.02044	0.01926	0.01256	0.04102	0.62976	0.03276	0.03270	0.03219	0.02514	0.01124	0.00819	0.00273	0.00632	0.03544	0.00804	0.01232
101	0.01133	0.00850	0.01274	0.01274	0.01416	0.00991	0.00991	0.01416	0.01274	0.01841	0.02124	0.03115	0.01982	0.05947	0.68989	0.01274	0.02124	0.00850	0.00425	0.00708
102	0.03429	0.01411	0.01861	0.01442	0.02046	0.01275	0.01186	0.06523	0.06564	0.60716	0.03082	0.02682	0.01967	0.00986	0.00798	0.00247	0.00680	0.00800	0.00962	0.01343
103	0.01963	0.01884	0.03219	0.04867	0.67185	0.01884	0.02434	0.02434	0.01806	0.02591	0.01492	0.01963	0.01256	0.00707	0.00785	0.00236	0.00942	0.00707	0.00393	0.01256
104	0.02035	0.01729	0.01681	0.04509	0.01981	0.10453	0.01171	0.21384	0.07153	0.03325	0.13840	0.03846	0.12718	0.01258	0.00823	0.00244	0.00735	0.03364	0.06766	0.00985
105	0.00966	0.00690	0.00920	0.01104	0.01150	0.00644	0.00736	0.01104	0.01518	0.02024	0.04371	0.71614	0.05245	0.02484	0.01012	0.00322	0.00460	0.02254	0.00736	0.00644
106	0.01602	0.01569	0.02566	0.43270	0.04274	0.01995	0.06684	0.02026	0.01487	0.02026	0.01305	0.01994	0.01063	0.00975	0.01387	0.00291	0.23521	0.00718	0.00354	0.00891
107	0.01519	0.01084	0.01347	0.03641	0.01584	0.01089	0.00944	0.10979	0.04645	0.05540	0.47126	0.08475	0.05861	0.01498	0.00904	0.00253	0.00496	0.01305	0.00837	0.00874
108	0.01122	0.00811	0.01060	0.00998	0.01185	0.00748	0.00748	0.01496	0.02245	0.03180	0.66766	0.05923	0.07482	0.01621	0.00935	0.00249	0.00374	0.01434	0.00873	0.00748
109	0.02120	0.72609	0.04155	0.01357	0.02035	0.03138	0.01357	0.02374	0.01611	0.01866	0.01102	0.01272	0.01018	0.00678	0.00509	0.00170	0.00848	0.00424	0.00339	0.01018
110	0.00994	0.00710	0.00952	0.01136	0.01194	0.00668	0.00784	0.01152	0.01546	0.02055	0.04355	0.66025	0.05184	0.02458	0.01020	0.00326	0.00484	0.07568	0.00736	0.00652
111	0.01887	0.01629	0.01712	0.01547	0.01980	0.01865	0.01201	0.03961	0.60489	0.03220	0.03623	0.03343	0.07725	0.01153	0.00818	0.00269	0.00609	0.00961	0.00801	0.01207
112	0.42472	0.01544	0.01535	0.01265	0.01809	0.01645	0.01040	0.08846	0.04582	0.25297	0.01951	0.01892	0.01343	0.00853	0.00636	0.00246	0.00659	0.00600	0.00698	0.01087
113	0.00963	0.00704	0.00906	0.01068	0.01141	0.00647	0.00720	0.01108	0.01553	0.02039	0.04816	0.63838	0.12734	0.02426	0.01003	0.00315	0.00453	0.02184	0.00736	0.00647
114	0.01814	0.01810	0.03314	0.22552	0.36042	0.01878	0.16226	0.02345	0.01760	0.02424	0.01494	0.02044	0.01189	0.00722	0.00821	0.00251	0.01062	0.00757	0.00383	0.01111
115	0.02120	0.72609	0.04155	0.01357	0.02035	0.03138	0.01357	0.02374	0.01611	0.01866	0.01102	0.01272	0.01018	0.00678	0.00509	0.00170	0.00848	0.00424	0.00339	0.01018
116	0.01145	0.00951	0.01192	0.01081	0.01360	0.00878	0.04103	0.01605	0.07216	0.02668	0.30415	0.06285	0.34723	0.01708	0.00926	0.00261	0.00459	0.01476	0.00778	0.00770
117	0.01600	0.04037	0.65917	0.02296	0.03456	0.01847	0.04971	0.02512	0.01681	0.02512	0.01429	0.01690	0.01011	0.00751	0.00759	0.00252	0.01177	0.00598	0.00337	0.01169
118	0.01674	0.01655	0.02446	0.14341	0.02728	0.02241	0.03736	0.01931	0.01304	0.01947	0.01166	0.01868	0.01085	0.01431	0.04740	0.00365	0.53411	0.00709	0.00353	0.00870
119	0.01856	0.02094	0.04428	0.03202	0.03915	0.02053	0.57332	0.02470	0.01798	0.02470	0.01542	0.02094	0.01185	0.00749	0.01122	0.00276	0.09064	0.00909	0.00395	0.01047
120	0.02344	0.04034	0.01731	0.01352	0.01788	0.01396	0.01084	0.07097	0.10457	0.26483	0.08410	0.03521	0.09771	0.06732	0.01182	0.00289	0.05486	0.00945	0.00774	0.05121
121	0.01478	0.00739	0.00739	0.00739	0.00924	0.00739	0.00554	0.01848	0.01663	0.02956	0.02587	0.02956	0.02033	0.00924	0.00554	0.00185	0.00370	0.00739	0.76534	0.00739
122	0.01888	0.01600	0.01945	0.01621	0.07136	0.04783	0.03840	0.02252	0.01744	0.07278	0.01539	0.01756	0.01231	0.00641	0.00640	0.00147	0.00699	0.00534	0.00495	0.58231
123	0.01478	0.00739	0.00739	0.00739	0.00924	0.00739	0.00554	0.01848	0.01663	0.02956	0.02587	0.02956	0.02033	0.00924	0.00554	0.00185	0.00370	0.00739	0.76534	0.00739
124	0.20202	0.01791	0.06033	0.24002	0.23168	0.01829	0.07371	0.02295	0.01625	0.02641	0.01378	0.01846	0.01080	0.00740	0.00727	0.00250	0.00944	0.00652	0.00402	0.01022
125	0.02510	0.01908	0.02405	0.15363	0.06478	0.02113	0.04361	0.33738	0.11433	0.08508	0.02041	0.02159	0.01470	0.00914	0.00801	0.00249	0.00885	0.00752	0.00684	0.01228
126	0.02132	0.01783	0.01883	0.01646	0.02123	0.02047	0.01294	0.13451	0.56255	0.03575	0.03025	0.02797	0.02256	0.01057	0.00805	0.00264	0.00665	0.00869	0.00805	0.01269
127	0.01000	0.00714	0.00959	0.01143	0.01203	0.00673	0.00795	0.01162	0.01551	0.02062	0.04352	0.64838	0.05171	0.02453	0.01021	0.00327	0.00489	0.08697	0.00735	0.00653
128	0.77733	0.01534	0.01166	0.01043	0.01534	0.01779	0.00859	0.02331	0.01350	0.03558	0.01104	0.01288	0.00859	0.00736	0.00491	0.00245	0.00613	0.00429	0.00491	0.00859
129	0.01534	0.01447	0.02444	0.65104	0.10299	0.01771	0.02220	0.02058	0.01603	0.02070	0.01416	0.02102	0.01073	0.00786	0.00792	0.00262	0.01048	0.00705	0.00356	0.00910
130	0.01377	0.00689	0.01033	0.01033	0.01033	0.00689	0.00689	0.01033	0.01033	0.01377	0.01377	0.02410	0.01377	0.02755	0.03099	0.76928	0.00689	0.00689	0.00344	0.00344
131	0.17937	0.01385	0.01709	0.01340	0.01929	0.01284	0.01106	0.03567	0.02091	0.55293	0.02736	0.02426	0.01749	0.00934	0.00738	0.00245	0.00663	0.00726	0.00886	0.01254
132	0.01498	0.01409	0.02378	0.70226	0.05462	0.01762	0.02202	0.02026	0.01586	0.02026	0.01409	0.02114	0.01057	0.00793	0.00793	0.00264	0.01057	0.00705	0.00352	0.00881
133	0.01972	0.01703	0.01793	0.01614	0.02062	0.01972	0.01255	0.04214	0.65752	0.03317	0.03228	0.02959	0.02421	0.01076	0.00807	0.00269	0.00628	0.00897	0.00807	0.01255
134	0.06110	0.08638	0.20371	0.02690	0.08042	0.01967	0.28754	0.02388	0.01720	0.02483	0.01634	0.06269	0.01371	0.00836	0.00872	0.00257	0.03304	0.00831	0.00403	0.01060
135	0.01040	0.00759	0.01039	0.04816	0.01428	0.00741	0.00869	0.01221	0.01544	0.02046	0.04114	0.57518	0.04840	0.05274	0.01137	0.00343	0.00538	0.09368	0.00704	0.00660
136	0.01158	0.00745	0.00995	0.01117	0.01213	0.00688	0.00767	0.01326	0.01627	0.06668	0.09174	0.61691	0.05193	0.02313	0.00991	0.00311	0.00468	0.02089	0.00764	0.00701
137	0.02266	0.01681	0.01834	0.01596	0.02079	0.01881	0.01256	0.07617	0.52827	0.12925	0.03137	0.02860	0.02292	0.01055	0.00805	0.00264	0.00649	0.00871	0.00832	0.01274
138	0.01679	0.01749	0.03425	0.38349	0.07058	0.01874	0.29666	0.02268	0.01720	0.02273	0.01498	0.02120	0.01129	0.00735	0.00856	0.00265	0.01177	0.00807	0.00375	0.00978
139	0.01210	0.00875	0.01190	0.01338	0.01515	0.00855	0.01131	0.01541	0.01830	0.02389	0.09647	0.14396	0.09748	0.02157	0.01062	0.00344	0.00650	0.46660	0.00743	0.00719
140	0.01478	0.00739	0.00739	0.00739	0.00924	0.00739	0.00554	0.01848	0.01663	0.02956	0.02587	0.02956	0.02033	0.00924	0.00554	0.00185	0.00370	0.00739	0.76534	0.00739
141	0.01123	0.00832	0.01216	0.01228	0.01351	0.00949	0.00931	0.01372	0.01281	0.01828	0.02311	0.08035	0.02284	0.11247	0.58842	0.01166	0.01895	0.00972	0.00451	0.00685
142	0.01632	0.09470	0.63018	0.02189	0.03323	0.01943	0.02807	0.02501	0.01669	0.02461	0.01398	0.01643	0.01006	0.00748	0.00734	0.00245	0.01147	0.00573	0.00335	0.01160
143	0.01851	0.01448	0.01592	0.01447	0.01834	0.01601	0.01116	0.03469	0.45526	0.07610	0.11514	0.08899	0.06073	0.01289	0.00844	0.00269	0.00576	0.01098	0.00819	0.01124
144	0.01163	0.00837	0.01138	0.01289	0.01438	0.00813	0.01048	0.01460	0.01783	0.02348	0.10620	0.25554	0.07832	0.02205	0.01050	0.00338	0.00607	0.37024	0.00746	0.00706
145	0.01294	0.01032	0.04138	0.01107	0.01371	0.00885	0.00893	0.01797	0.05857	0.05860	0.57532	0.05428	0.06671	0.01524	0.00914	0.00250	0.00437	0.01339	0.00850	0.00821
146	0.03273	0.01475	0.01878	0.01476	0.02066	0.01394	0.01207	0.08912	0.12011	0.52807	0.03043	0.02673	0.01982	0.00993	0.00799	0.00248	0.00684	0.00806	0.00940	0.01335
147	0.01331	0.00972	0.01266	0.01375	0.01589	0.00968	0.01166	0.05895	0.01931	0.02499	0.04536	0.13203	0.12232	0.02105	0.01048	0.00341	0.00678	0.45372	0.00736	0.00759
148	0.01840	0.02314	0.10682	0.03197	0.04007	0.02004	0.56336	0.02516	0.01831	0.02516	0.01568	0.02081	0.01179	0.00701	0.00974	0.00268	0.03627	0.00894	0.00393	0.01073
149	0.07550	0.06534	0.02104	0.01658	0.06546	0.01492	0.01276	0.08327	0.02252	0.49944	0.02659	0.02403	0.01735	0.00925	0.00758	0.00239	0.00718	0.00737	0.00852	0.01291
150	0.33775	0.07972	0.07192	0.01611	0.04401	0.04683	0.01371	0.24204	0.02281	0.03745	0.01428	0.01562	0.01075	0.00810	0.00638	0.00235	0.00810	0.00554	0.00565	0.01085

[dist]
# distance from previous block
# <min> <max>
7	11

[block]
# block no. 1 follows, 24 sequences, length 105
# corresponding to MSA columns:
# 169-273
name=unknown_B
#
# <colnr> <probs for GDERKNQSTAVLIFYWHMCP>
#	G	D	E	R	K	N	Q	S	T	A	V	L	I	F	Y	W	H	M	C	P
0	0.01041	0.00801	0.00951	0.00926	0.01138	0.00711	0.00690	0.01333	0.02033	0.02707	0.40144	0.10103	0.30917	0.01821	0.00940	0.00261	0.00390	0.01573	0.00811	0.00711
1	0.05087	0.64479	0.07000	0.01408	0.02094	0.05032	0.01417	0.02403	0.01623	0.01965	0.01121	0.01297	0.01011	0.00688	0.00526	0.00177	0.00872	0.00435	0.00347	0.01016
2	0.01072	0.00809	0.00990	0.00945	0.01154	0.00727	0.00709	0.01399	0.02126	0.02899	0.50857	0.06386	0.23567	0.01726	0.00936	0.00254	0.00382	0.01499	0.00836	0.00727
3	0.01670	0.01438	0.02438	0.51468	0.04639	0.01702	0.07098	0.02149	0.01639	0.07210	0.01723	0.06416	0.01397	0.00933	0.00915	0.00271	0.04725	0.00826	0.00429	0.00918
4	0.01007	0.00720	0.00938	0.01097	0.01158	0.00678	0.00749	0.01152	0.01519	0.02010	0.04328	0.57730	0.07487	0.09106	0.01305	0.00366	0.00508	0.06794	0.00711	0.00636
5	0.02564	0.15118	0.06443	0.01967	0.04363	0.46449	0.01571	0.02834	0.02016	0.01974	0.01295	0.01566	0.01102	0.01188	0.06034	0.00286	0.01356	0.00533	0.00393	0.00945
6	0.46344	0.01413	0.01368	0.01150	0.01665	0.01482	0.00944	0.02762	0.01700	0.25399	0.02339	0.02268	0.06407	0.00920	0.00631	0.00247	0.00618	0.00653	0.00678	0.01012
7	0.01153	0.00769	0.00865	0.00865	0.00865	0.00769	0.00480	0.01153	0.01153	0.01538	0.02499	0.05189	0.02883	0.72131	0.04036	0.00769	0.00769	0.01153	0.00480	0.00480
8	0.01109	0.00810	0.01041	0.00983	0.01176	0.00742	0.00737	0.01470	0.02212	0.03103	0.62406	0.06050	0.11890	0.01650	0.00935	0.00251	0.00376	0.01452	0.00863	0.00742
9	0.01972	0.01703	0.01793	0.01614	0.02062	0.01972	0.01255	0.04214	0.65752	0.03317	0.03228	0.02959	0.02421	0.01076	0.00807	0.00269	0.00628	0.00897	0.00807	0.01255
10	0.66579	0.01574	0.01309	0.01130	0.01641	0.01788	0.00932	0.07314	0.01602	0.08256	0.01311	0.01437	0.00976	0.00771	0.00536	0.00245	0.00638	0.00478	0.00550	0.00932
11	0.01498	0.01409	0.02378	0.70226	0.05462	0.01762	0.02202	0.02026	0.01586	0.02026	0.01409	0.02114	0.01057	0.00793	0.00793	0.00264	0.01057	0.00705	0.00352	0.00881
12	0.02980	0.03240	0.02293	0.01967	0.02454	0.45938	0.01524	0.24407	0.02760	0.02999	0.01460	0.01594	0.01135	0.00864	0.00742	0.00216	0.01237	0.00581	0.00542	0.01068
13	0.01133	0.00850	0.01274	0.01274	0.01416	0.00991	0.00991	0.01416	0.01274	0.01841	0.02124	0.03115	0.01982	0.05947	0.68989	0.01274	0.02124	0.00850	0.00425	0.00708
14	0.01633	0.09567	0.62928	0.02188	0.03321	0.01945	0.02804	0.02500	0.01669	0.02460	0.01397	0.01642	0.01006	0.00747	0.00734	0.00245	0.01146	0.00573	0.00335	0.01160
15	0.01139	0.01055	0.05726	0.01162	0.01417	0.00819	0.00941	0.01445	0.01805	0.02493	0.22995	0.30857	0.10031	0.01872	0.00933	0.00276	0.00511	0.06155	0.00725	0.07644
16	0.01122	0.00811	0.01060	0.00998	0.01185	0.00748	0.00748	0.01496	0.02245	0.03180	0.66766	0.05923	0.07482	0.01621	0.00935	0.00249	0.00374	0.01434	0.00873	0.00748
17	0.02800	0.01409	0.01753	0.01416	0.01928	0.01368	0.01143	0.10515	0.12528	0.38478	0.14585	0.03235	0.02969	0.01109	0.00824	0.00249	0.00635	0.00919	0.00912	0.01225
18	0.01862	0.02111	0.04522	0.03254	0.04001	0.02035	0.59941	0.02496	0.01826	0.02496	0.01565	0.02111	0.01192	0.00719	0.01052	0.00273	0.06173	0.00919	0.00397	0.01055
19	0.03455	0.01327	0.01807	0.01393	0.01989	0.01148	0.01148	0.03764	0.02269	0.64998	0.05825	0.02836	0.02197	0.01009	0.00803	0.00246	0.00662	0.00824	0.00977	0.01324
20	0.01050	0.00726	0.00895	0.00996	0.01022	0.00700	0.00621	0.01126	0.01354	0.01805	0.03528	0.41700	0.04181	0.33849	0.02374	0.00523	0.00599	0.01758	0.00621	0.00570
21	0.01166	0.00757	0.01000	0.01116	0.01226	0.00697	0.00778	0.01342	0.01643	0.06702	0.08661	0.57396	0.08002	0.02290	0.00991	0.00311	0.00475	0.03982	0.00762	0.00704
22	0.00974	0.00696	0.00927	0.01099	0.01152	0.00649	0.00737	0.01123	0.01553	0.02079	0.07322	0.68507	0.05351	0.02444	0.01009	0.00319	0.00456	0.02216	0.00743	0.00649
23	0.01279	0.00970	0.01460	0.23738	0.02623	0.01049	0.01259	0.01571	0.01616	0.05130	0.05703	0.40540	0.03779	0.01816	0.00931	0.00299	0.00673	0.04174	0.00627	0.00762
24	0.01645	0.01333	0.02133	0.54999	0.04580	0.01580	0.01899	0.02134	0.01644	0.06733	0.01656	0.02226	0.01231	0.00811	0.00759	0.00248	0.00936	0.00705	0.08624	0.04123
25	0.01489	0.01300	0.01815	0.01633	0.01706	0.01714	0.01329	0.01725	0.01289	0.02009	0.01612	0.02374	0.01496	0.02963	0.26098	0.00659	0.37800	0.00755	0.09439	0.00795
26	0.01682	0.00871	0.00905	0.00846	0.01082	0.00879	0.00649	0.06314	0.01835	0.06102	0.02564	0.02871	0.01982	0.00929	0.00582	0.00191	0.00419	0.00740	0.67748	0.00810
27	0.01644	0.01409	0.01644	0.01175	0.01879	0.01057	0.00940	0.01997	0.01644	0.02584	0.01409	0.01644	0.01175	0.00587	0.00587	0.00117	0.00587	0.00470	0.00470	0.76979
28	0.00966	0.00690	0.00920	0.01104	0.01150	0.00644	0.00736	0.01104	0.01518	0.02024	0.04371	0.71614	0.05245	0.02484	0.01012	0.00322	0.00460	0.02254	0.00736	0.00644
29	0.01930	0.01851	0.03160	0.09426	0.62880	0.01876	0.02418	0.02405	0.01790	0.02551	0.01486	0.01973	0.01242	0.00713	0.00786	0.00238	0.00950	0.00706	0.00390	0.01230
30	0.01027	0.00760	0.00973	0.01086	0.01209	0.00695	0.00773	0.01224	0.01661	0.02204	0.10969	0.48500	0.13777	0.02247	0.00988	0.00305	0.00471	0.07293	0.00741	0.03097
31	0.01608	0.01542	0.02371	0.50462	0.04514	0.04728	0.04857	0.02072	0.01585	0.02096	0.01445	0.02095	0.01128	0.00875	0.01014	0.00267	0.10084	0.00708	0.05670	0.00880
32	0.01261	0.00759	0.00823	0.00823	0.00884	0.00759	0.00505	0.01383	0.01322	0.02007	0.02528	0.04451	0.02602	0.48590	0.02885	0.00576	0.00637	0.01016	0.25624	0.00566
33	0.01205	0.04690	0.01240	0.01032	0.01270	0.00940	0.00794	0.01665	0.05947	0.03001	0.52858	0.05691	0.13530	0.01582	0.00905	0.00248	0.00418	0.01375	0.00825	0.00784
34	0.42232	0.01721	0.01641	0.03296	0.01984	0.01940	0.01135	0.19401	0.08886	0.08353	0.01695	0.01753	0.01239	0.00849	0.00636	0.00246	0.00702	0.00589	0.00636	0.01068
35	0.01089	0.00742	0.00884	0.00947	0.00962	0.00726	0.00568	0.01136	0.01278	0.01704	0.03139	0.27911	0.03691	0.48308	0.03002	0.00616	0.00663	0.01530	0.00568	0.00536
36	0.01498	0.01409	0.02378	0.70226	0.05462	0.01762	0.02202	0.02026	0.01586	0.02026	0.01409	0.02114	0.01057	0.00793	0.00793	0.00264	0.01057	0.00705	0.00352	0.00881
37	0.05087	0.01277	0.01678	0.01383	0.01891	0.01171	0.01139	0.03359	0.06614	0.47560	0.08923	0.03734	0.02778	0.01187	0.00838	0.00262	0.00650	0.08355	0.00915	0.01199
38	0.02120	0.72609	0.04155	0.01357	0.02035	0.03138	0.01357	0.02374	0.01611	0.01866	0.01102	0.01272	0.01018	0.00678	0.00509	0.00170	0.00848	0.00424	0.00339	0.01018
39	0.02965	0.02197	0.02352	0.01815	0.02440	0.02436	0.01495	0.61688	0.06662	0.04918	0.01966	0.01954	0.01399	0.00958	0.00794	0.00239	0.00861	0.00723	0.00794	0.01344
40	0.00964	0.00697	0.00913	0.01086	0.01145	0.00646	0.00728	0.01106	0.01535	0.02031	0.04589	0.67800	0.08917	0.02456	0.01008	0.00319	0.00457	0.02220	0.00736	0.00646
41	0.02970	0.01657	0.01963	0.01544	0.02126	0.01670	0.01260	0.22897	0.11998	0.32977	0.05285	0.02571	0.02027	0.00995	0.00794	0.00241	0.00714	0.00797	0.00869	0.04644
42	0.00975	0.00697	0.00928	0.01098	0.01152	0.00650	0.00737	0.01128	0.01562	0.02093	0.08090	0.67699	0.05378	0.02433	0.01008	0.00318	0.00455	0.02205	0.00744	0.00650
43	0.01904	0.01809	0.02999	0.12998	0.54164	0.01875	0.02312	0.02521	0.06787	0.02575	0.01617	0.02060	0.01322	0.00747	0.00788	0.00242	0.00932	0.00721	0.00420	0.01208
44	0.02185	0.05668	0.03883	0.03023	0.08532	0.20162	0.39696	0.02694	0.01957	0.02352	0.01471	0.01895	0.01150	0.00712	0.00845	0.00244	0.01310	0.00780	0.00400	0.01041
45	0.00966	0.00690	0.00920	0.01104	0.01150	0.00644	0.00736	0.01104	0.01518	0.02024	0.04371	0.71614	0.05245	0.02484	0.01012	0.00322	0.00460	0.02254	0.00736	0.00644
46	0.01319	0.00812	0.00945	0.00911	0.00965	0.00795	0.00544	0.01363	0.01296	0.06252	0.06373	0.05059	0.03093	0.62966	0.03625	0.00701	0.00739	0.01145	0.00539	0.00557
47	0.01133	0.00850	0.01274	0.01274	0.01416	0.00991	0.00991	0.01416	0.01274	0.01841	0.02124	0.03115	0.01982	0.05947	0.68989	0.01274	0.02124	0.00850	0.00425	0.00708
48	0.01082	0.00786	0.01007	0.01015	0.01167	0.00727	0.00739	0.01370	0.01975	0.02724	0.42654	0.20103	0.11272	0.06060	0.01143	0.00302	0.00432	0.03936	0.00804	0.00703
49	0.00994	0.00721	0.00943	0.01100	0.01180	0.00670	0.00764	0.01165	0.01601	0.02119	0.07972	0.58729	0.10144	0.02381	0.01008	0.00317	0.00470	0.06322	0.00743	0.00658
50	0.01576	0.01489	0.02520	0.59236	0.15840	0.01782	0.02241	0.02095	0.01623	0.02121	0.01423	0.02089	0.01091	0.00778	0.00792	0.00259	0.01038	0.00705	0.00359	0.00944
51	0.00978	0.00699	0.00930	0.01096	0.01153	0.00652	0.00737	0.01133	0.01572	0.02109	0.08953	0.66789	0.05409	0.02421	0.01007	0.00317	0.00454	0.02194	0.00746	0.00652
52	0.03041	0.01235	0.01675	0.01323	0.01846	0.01077	0.01077	0.03362	0.02264	0.54035	0.16633	0.03383	0.03134	0.01117	0.00827	0.00246	0.00611	0.00933	0.00958	0.01222
53	0.04055	0.08439	0.48189	0.02332	0.05925	0.04928	0.07127	0.02496	0.01684	0.02451	0.01381	0.01673	0.01029	0.00772	0.00827	0.00248	0.04368	0.00602	0.00351	0.01122
54	0.01782	0.01495	0.01717	0.01252	0.01939	0.01223	0.01005	0.07711	0.04657	0.02833	0.01534	0.01726	0.01245	0.00642	0.00615	0.00135	0.00615	0.00511	0.00514	0.66850
55	0.01613	0.06499	0.44116	0.02241	0.07984	0.01810	0.02398	0.02298	0.01626	0.02400	0.01609	0.07161	0.01372	0.00927	0.00919	0.00251	0.07284	0.00720	0.00382	0.06390
56	0.23382	0.01859	0.01852	0.01492	0.02053	0.05455	0.01219	0.26399	0.05050	0.18534	0.02153	0.02095	0.03231	0.00927	0.00712	0.00242	0.00764	0.00679	0.00732	0.01170
57	0.01050	0.00811	0.00982	0.01067	0.01254	0.00727	0.00806	0.01268	0.01695	0.02165	0.05576	0.31576	0.28084	0.02158	0.00981	0.00301	0.00499	0.14089	0.00723	0.04186
58	0.01738	0.01762	0.05709	0.14452	0.03192	0.01758	0.18581	0.05372	0.20700	0.02764	0.05247	0.03226	0.07359	0.01038	0.00864	0.00269	0.00910	0.03430	0.00585	0.01047
59	0.01896	0.01816	0.03098	0.14226	0.58346	0.01867	0.02401	0.02375	0.01774	0.02510	0.01480	0.01984	0.01228	0.00719	0.00786	0.00240	0.00959	0.00706	0.00387	0.01202
60	0.00966	0.00690	0.00920	0.01104	0.01150	0.00644	0.00736	0.01104	0.01518	0.02024	0.04371	0.71614	0.05245	0.02484	0.01012	0.00322	0.00460	0.02254	0.00736	0.00644
61	0.01590	0.04102	0.68023	0.02260	0.03432	0.01842	0.02930	0.02511	0.01674	0.02511	0.01423	0.01674	0.01005	0.00753	0.00753	0.00251	0.01172	0.00586	0.00335	0.01172
62	0.01108	0.00810	0.01040	0.00982	0.01176	0.00742	0.00737	0.01468	0.02210	0.03099	0.62165	0.06057	0.12134	0.01651	0.00935	0.00251	0.00376	0.01453	0.00862	0.00742
63	0.01122	0.00811	0.01060	0.00998	0.01185	0.00748	0.00748	0.01496	0.02245	0.03180	0.66766	0.05923	0.07482	0.01621	0.00935	0.00249	0.00374	0.01434	0.00873	0.00748
64	0.01735	0.01735	0.02429	0.02082	0.02082	0.02429	0.01735	0.01908	0.01214	0.01908	0.01041	0.01735	0.01041	0.01388	0.02602	0.00347	0.70680	0.00694	0.00347	0.00867
65	0.02962	0.03779	0.02247	0.02043	0.02451	0.68948	0.01532	0.03166	0.02247	0.01941	0.01226	0.01430	0.01021	0.00817	0.00715	0.00204	0.01430	0.00511	0.00409	0.00919
66	0.01111	0.00810	0.01045	0.00986	0.01178	0.00743	0.00739	0.01475	0.02218	0.03118	0.63235	0.06026	0.11053	0.01644	0.00935	0.00251	0.00376	0.01448	0.00865	0.00743
67	0.01663	0.01519	0.01966	0.06924	0.02230	0.01574	0.01307	0.01969	0.01495	0.02313	0.01285	0.01712	0.01120	0.00873	0.01282	0.00206	0.24222	0.00564	0.00419	0.45355
68	0.00966	0.00690	0.00920	0.01104	0.01150	0.00644	0.00736	0.01104	0.01518	0.02024	0.04371	0.71614	0.05245	0.02484	0.01012	0.00322	0.00460	0.02254	0.00736	0.00644
69	0.01604	0.04009	0.65027	0.02311	0.03466	0.01849	0.05833	0.02513	0.01684	0.02513	0.01432	0.01696	0.01014	0.00749	0.00762	0.00252	0.01180	0.00603	0.00338	0.01167
70	0.03306	0.01332	0.01794	0.01424	0.01996	0.01183	0.01178	0.03707	0.05178	0.59627	0.03217	0.03200	0.02188	0.01081	0.00821	0.00256	0.00677	0.05585	0.00954	0.01297
71	0.02090	0.01395	0.01642	0.01294	0.01838	0.01268	0.01027	0.08040	0.10863	0.15991	0.09558	0.02900	0.04857	0.03611	0.00859	0.00219	0.00611	0.00795	0.00703	0.30437
72	0.01735	0.01735	0.02429	0.02082	0.02082	0.02429	0.01735	0.01908	0.01214	0.01908	0.01041	0.01735	0.01041	0.01388	0.02602	0.00347	0.70680	0.00694	0.00347	0.00867
73	0.00976	0.00710	0.00921	0.01069	0.01146	0.00655	0.00725	0.01138	0.01601	0.02125	0.09588	0.60722	0.10953	0.02374	0.00999	0.00311	0.00448	0.02138	0.00747	0.00655
74	0.01590	0.04102	0.68023	0.02260	0.03432	0.01842	0.02930	0.02511	0.01674	0.02511	0.01423	0.01674	0.01005	0.00753	0.00753	0.00251	0.01172	0.00586	0.00335	0.01172
75	0.01175	0.00903	0.01316	0.01183	0.01408	0.00839	0.05201	0.01561	0.02177	0.03064	0.57632	0.08072	0.06854	0.01607	0.00944	0.00258	0.00458	0.03754	0.00830	0.00766
76	0.01029	0.00743	0.00987	0.01160	0.01248	0.00701	0.00841	0.01218	0.01599	0.02104	0.04553	0.54800	0.08776	0.02395	0.01025	0.00328	0.00513	0.14582	0.00735	0.00663
77	0.00990	0.00700	0.00913	0.01074	0.01114	0.00660	0.00704	0.01110	0.01473	0.01963	0.04136	0.63297	0.04949	0.11204	0.01391	0.00378	0.00499	0.02116	0.00704	0.00624
78	0.03014	0.02221	0.02380	0.01825	0.02459	0.02459	0.01507	0.64541	0.03728	0.04998	0.01904	0.01904	0.01349	0.00952	0.00793	0.00238	0.00873	0.00714	0.00793	0.01349
79	0.01684	0.01681	0.03032	0.38199	0.16684	0.01889	0.15420	0.02204	0.01659	0.02234	0.01438	0.02061	0.01125	0.00797	0.00964	0.00266	0.06549	0.00753	0.00370	0.00991
80	0.01079	0.00777	0.01024	0.01047	0.01190	0.00722	0.00763	0.01380	0.02004	0.02793	0.45186	0.26446	0.06685	0.01909	0.00965	0.00276	0.00413	0.03801	0.00825	0.00715
81	0.01877	0.15965	0.30705	0.02374	0.10656	0.02120	0.07114	0.07276	0.01832	0.02576	0.01406	0.01689	0.01093	0.00759	0.00799	0.00229	0.04096	0.00605	0.00394	0.06433
82	0.01133	0.00760	0.00871	0.00890	0.00895	0.00755	0.00508	0.01148	0.01192	0.01590	0.02699	0.12290	0.03135	0.64686	0.03713	0.00721	0.00736	0.01271	0.00508	0.00498
83	0.01807	0.01474	0.01722	0.05355	0.02105	0.01282	0.01069	0.09917	0.03946	0.02903	0.01612	0.01838	0.01289	0.00684	0.00630	0.00151	0.00637	0.00547	0.05819	0.55212
84	0.01977	0.02293	0.11606	0.14882	0.27075	0.08008	0.14796	0.02524	0.01825	0.05176	0.01537	0.01969	0.01188	0.00741	0.00807	0.00246	0.01104	0.00723	0.00406	0.01117
85	0.00965	0.00696	0.00914	0.01088	0.01146	0.00645	0.00729	0.01106	0.01534	0.02031	0.04566	0.68203	0.08529	0.02459	0.01008	0.00319	0.00457	0.02223	0.00736	0.00645
86	0.01683	0.01711	0.03339	0.32606	0.06856	0.01805	0.30257	0.02262	0.01729	0.02345	0.01583	0.02179	0.01199	0.00742	0.00841	0.00259	0.01132	0.00812	0.05689	0.00971
87	0.02974	0.02201	0.02357	0.01816	0.02444	0.02440	0.01497	0.62174	0.06162	0.04932	0.01956	0.01945	0.01391	0.00957	0.00794	0.00239	0.00863	0.00721	0.00794	0.01345
88	0.00966	0.00690	0.00920	0.01104	0.01150	0.00644	0.00736	0.01104	0.01518	0.02024	0.04371	0.71614	0.05245	0.02484	0.01012	0.00322	0.00460	0.02254	0.00736	0.00644
89	0.02012	0.01672	0.01773	0.01582	0.02034	0.01911	0.01234	0.05867	0.59442	0.05315	0.03374	0.03103	0.04903	0.01106	0.00811	0.00267	0.00627	0.00919	0.00809	0.01238
