[name]
unknown

[dist]
# distance from previous block
# <min> <max>
0	82

[block]
# block no. 0 follows, 24 sequences, length 15
# corresponding to MSA columns:
# 87-101
name=unknown_A
#
# <colnr> <probs for GDERKNQSTAVLIFYWHMCP>
#	G	D	E	R	K	N	Q	S	T	A	V	L	I	F	Y	W	H	M	C	P
0	0.01918	0.01821	0.03092	0.04645	0.62901	0.01821	0.02358	0.02382	0.01807	0.02576	0.01669	0.02419	0.01472	0.00804	0.00805	0.00244	0.00928	0.04703	0.00415	0.01222
1	0.02880	0.01705	0.01999	0.01574	0.02164	0.01720	0.01297	0.28348	0.07057	0.26735	0.02539	0.02723	0.01846	0.01021	0.00796	0.00240	0.00748	0.05000	0.00825	0.08782
2	0.02120	0.72609	0.04155	0.01357	0.02035	0.03138	0.01357	0.02374	0.01611	0.01866	0.01102	0.01272	0.01018	0.00678	0.00509	0.00170	0.00848	0.00424	0.00339	0.01018
3	0.01122	0.00811	0.01060	0.00998	0.01185	0.00748	0.00748	0.01496	0.02245	0.03180	0.66766	0.05923	0.07482	0.01621	0.00935	0.00249	0.00374	0.01434	0.00873	0.00748
4	0.01900	0.01820	0.03105	0.13710	0.58834	0.01868	0.02402	0.02379	0.01776	0.02514	0.01480	0.01983	0.01229	0.00718	0.00786	0.00239	0.00958	0.00706	0.00387	0.01205
5	0.03522	0.01406	0.01876	0.01438	0.02053	0.01250	0.01188	0.07830	0.02365	0.63634	0.03048	0.02647	0.01923	0.00980	0.00797	0.00245	0.00688	0.00792	0.00969	0.01349
6	0.01069	0.00846	0.00987	0.01058	0.01292	0.00764	0.00864	0.01333	0.01814	0.02232	0.06550	0.08140	0.42758	0.02079	0.00998	0.00305	0.00529	0.24956	0.00734	0.00693
7	0.01355	0.01046	0.01559	0.10801	0.06725	0.01093	0.01481	0.01749	0.01792	0.02342	0.03640	0.07553	0.03869	0.01902	0.01034	0.00343	0.00788	0.49485	0.00657	0.00787
8	0.03558	0.01350	0.01840	0.01411	0.02024	0.01166	0.01166	0.03865	0.02270	0.67734	0.03128	0.02699	0.01963	0.00981	0.00797	0.00245	0.00675	0.00797	0.00981	0.01350
9	0.01531	0.01443	0.02438	0.65565	0.09863	0.01771	0.02219	0.02055	0.01601	0.02066	0.01415	0.02103	0.01071	0.00787	0.00792	0.00262	0.01049	0.00705	0.00355	0.00908
10	0.01153	0.00769	0.00865	0.00865	0.00865	0.00769	0.00480	0.01153	0.01153	0.01538	0.02499	0.05189	0.02883	0.72131	0.04036	0.00769	0.00769	0.01153	0.00480	0.00480
11	0.02118	0.02401	0.04146	0.03038	0.03768	0.12519	0.50320	0.06740	0.02053	0.02609	0.01565	0.02012	0.01184	0.00710	0.00892	0.00256	0.01321	0.00855	0.00428	0.01064
12	0.11664	0.01549	0.01805	0.01462	0.02021	0.01573	0.01187	0.09901	0.18511	0.37552	0.02796	0.02522	0.01890	0.00974	0.00764	0.00251	0.00676	0.00772	0.00861	0.01269
13	0.39142	0.06729	0.01817	0.01396	0.01927	0.13729	0.01139	0.12894	0.01985	0.06765	0.01382	0.01509	0.01055	0.00788	0.00603	0.00225	0.00818	0.00512	0.00542	0.05043
14	0.47356	0.02155	0.10161	0.01397	0.01986	0.10114	0.01272	0.04997	0.01697	0.10424	0.01417	0.01537	0.01040	0.00784	0.00599	0.00241	0.00805	0.00512	0.00526	0.00981

[dist]
# distance from previous block
# <min> <max>
4	7

[block]
# block no. 1 follows, 24 sequences, length 7
# corresponding to MSA columns:
# 109-115
name=unknown_B
#
# <colnr> <probs for GDERKNQSTAVLIFYWHMCP>
#	G	D	E	R	K	N	Q	S	T	A	V	L	I	F	Y	W	H	M	C	P
0	0.19526	0.01708	0.01790	0.01430	0.01950	0.01827	0.01153	0.30690	0.02587	0.11444	0.05420	0.02371	0.01778	0.07611	0.01027	0.00284	0.00739	0.00727	0.00705	0.05233
1	0.10517	0.01552	0.01701	0.01418	0.01926	0.01624	0.01132	0.11233	0.24705	0.16178	0.07257	0.02878	0.05146	0.01037	0.00763	0.00242	0.00636	0.00834	0.00774	0.08449
2	0.06603	0.01564	0.01761	0.01362	0.01970	0.01460	0.01093	0.15002	0.08241	0.10248	0.02010	0.05644	0.01613	0.00860	0.00690	0.00189	0.00653	0.00688	0.00638	0.37711
3	0.21740	0.01627	0.01647	0.01342	0.01878	0.05752	0.01079	0.09939	0.05139	0.20083	0.05706	0.04413	0.01858	0.00928	0.00693	0.00224	0.00689	0.00709	0.00690	0.13862
4	0.52435	0.01486	0.01343	0.01140	0.01640	0.01616	0.00931	0.06705	0.01713	0.10126	0.07487	0.01931	0.01643	0.00848	0.00591	0.00236	0.00614	0.00583	0.00596	0.06335
5	0.01641	0.01641	0.02530	0.52336	0.04728	0.05796	0.06203	0.02110	0.01592	0.02039	0.01360	0.02023	0.01062	0.00869	0.01050	0.00272	0.10789	0.00707	0.00358	0.00894
6	0.03982	0.01396	0.01620	0.01269	0.01806	0.01258	0.01012	0.07426	0.03706	0.06180	0.02522	0.06895	0.09170	0.01001	0.00831	0.00190	0.05564	0.00789	0.00575	0.42808

[dist]
# distance from previous block
# <min> <max>
0	2

[block]
# block no. 2 follows, 24 sequences, length 7
# corresponding to MSA columns:
# 118-124
name=unknown_C
#
# <colnr> <probs for GDERKNQSTAVLIFYWHMCP>
#	G	D	E	R	K	N	Q	S	T	A	V	L	I	F	Y	W	H	M	C	P
0	0.02085	0.01517	0.01751	0.01357	0.01965	0.01380	0.01083	0.10614	0.12491	0.11324	0.02144	0.05642	0.01712	0.00863	0.00699	0.00185	0.00635	0.00705	0.00646	0.41201
1	0.01026	0.00736	0.00974	0.01063	0.01163	0.00684	0.00741	0.01255	0.01797	0.02468	0.28320	0.46400	0.06104	0.02153	0.00983	0.00294	0.00427	0.01939	0.00789	0.00684
2	0.01945	0.02122	0.03194	0.02717	0.08325	0.10234	0.21784	0.02306	0.01599	0.02172	0.01282	0.01847	0.01109	0.01031	0.01688	0.00295	0.34252	0.00750	0.00376	0.00971
3	0.01893	0.01496	0.01776	0.01336	0.01931	0.01337	0.01079	0.09925	0.01944	0.06407	0.05921	0.02029	0.01651	0.00793	0.00823	0.00168	0.06687	0.00602	0.00555	0.51645
4	0.01972	0.01703	0.01793	0.01614	0.02062	0.01972	0.01255	0.04214	0.65752	0.03317	0.03228	0.02959	0.02421	0.01076	0.00807	0.00269	0.00628	0.00897	0.00807	0.01255
5	0.01178	0.00933	0.01260	0.01410	0.05418	0.00926	0.00926	0.01349	0.01491	0.02064	0.03449	0.48555	0.04026	0.08125	0.01353	0.00337	0.06504	0.01751	0.00633	0.08314
6	0.03014	0.02221	0.02380	0.01825	0.02459	0.02459	0.01507	0.64541	0.03728	0.04998	0.01904	0.01904	0.01349	0.00952	0.00793	0.00238	0.00873	0.00714	0.00793	0.01349

[dist]
# distance from previous block
# <min> <max>
4	6

[block]
# block no. 3 follows, 24 sequences, length 8
# corresponding to MSA columns:
# 131-138
name=unknown_D
#
# <colnr> <probs for GDERKNQSTAVLIFYWHMCP>
#	G	D	E	R	K	N	Q	S	T	A	V	L	I	F	Y	W	H	M	C	P
0	0.02115	0.01578	0.02232	0.01780	0.02297	0.01571	0.11502	0.10758	0.11614	0.12927	0.02528	0.09404	0.02162	0.01134	0.00925	0.00252	0.04502	0.05755	0.00670	0.14294
1	0.01879	0.01830	0.03215	0.15277	0.51552	0.01875	0.07964	0.02377	0.01776	0.02495	0.01488	0.02003	0.01219	0.00717	0.00800	0.00243	0.00996	0.00727	0.00387	0.01179
2	0.01885	0.01804	0.03078	0.15846	0.56816	0.01864	0.02395	0.02365	0.01769	0.02496	0.01478	0.01988	0.01223	0.00721	0.00786	0.00240	0.00961	0.00706	0.00386	0.01193
3	0.02020	0.01518	0.01756	0.01314	0.01973	0.01312	0.01056	0.08737	0.09127	0.09735	0.01844	0.01929	0.01415	0.00720	0.00655	0.00160	0.00630	0.00577	0.00594	0.52929
4	0.01808	0.00976	0.01292	0.01159	0.01435	0.00908	0.00885	0.02099	0.02045	0.21265	0.31918	0.15390	0.07308	0.04079	0.01077	0.00282	0.02978	0.01356	0.00845	0.00895
5	0.01350	0.00992	0.01226	0.01258	0.01397	0.01028	0.00905	0.11257	0.01844	0.02472	0.03700	0.50440	0.04255	0.07047	0.01259	0.00343	0.03524	0.04235	0.00711	0.00758
6	0.07694	0.09345	0.57622	0.02091	0.03170	0.01940	0.02640	0.02486	0.01643	0.02543	0.01372	0.01611	0.00994	0.00746	0.00713	0.00244	0.01102	0.00561	0.00348	0.01135
7	0.10555	0.02129	0.02070	0.01686	0.02230	0.08204	0.01360	0.38038	0.15426	0.04166	0.04747	0.02172	0.01736	0.00970	0.00763	0.00242	0.00827	0.00732	0.00733	0.01215

[dist]
# distance from previous block
# <min> <max>
15	30

[block]
# block no. 4 follows, 24 sequences, length 11
# corresponding to MSA columns:
# 176-186
name=unknown_E
#
# <colnr> <probs for GDERKNQSTAVLIFYWHMCP>
#	G	D	E	R	K	N	Q	S	T	A	V	L	I	F	Y	W	H	M	C	P
0	0.02603	0.37946	0.03086	0.01492	0.02082	0.09860	0.01332	0.02967	0.05193	0.20802	0.01804	0.01805	0.01363	0.00830	0.00715	0.00208	0.03675	0.00576	0.00555	0.01108
1	0.02078	0.09651	0.02120	0.01477	0.02073	0.01887	0.01208	0.14811	0.25002	0.03228	0.02121	0.02123	0.01637	0.00842	0.00697	0.00201	0.00686	0.00664	0.00638	0.26858
2	0.01858	0.24420	0.36094	0.02195	0.10011	0.02171	0.02241	0.02480	0.01716	0.05081	0.03842	0.01786	0.01318	0.00767	0.00691	0.00224	0.00997	0.00591	0.00390	0.01126
3	0.02329	0.09257	0.01868	0.01330	0.01808	0.01407	0.01103	0.05569	0.09311	0.26401	0.15160	0.03802	0.06107	0.01198	0.00810	0.00243	0.00627	0.05644	0.00802	0.05225
4	0.01776	0.01731	0.02319	0.10011	0.02640	0.06662	0.09035	0.02181	0.04548	0.02260	0.01408	0.01871	0.01188	0.00984	0.01325	0.04406	0.18682	0.00646	0.00420	0.25906
5	0.06585	0.06486	0.48571	0.01975	0.02942	0.01757	0.02387	0.02564	0.01688	0.09809	0.01632	0.01853	0.01176	0.01160	0.05789	0.00322	0.01137	0.00612	0.00424	0.01131
6	0.01921	0.01310	0.01540	0.01230	0.01698	0.01169	0.00937	0.10969	0.01915	0.11284	0.02258	0.10408	0.02102	0.15114	0.01377	0.00304	0.00662	0.00885	0.00616	0.32301
7	0.02371	0.02551	0.01998	0.01672	0.02179	0.31819	0.01293	0.09821	0.02139	0.02528	0.01505	0.04740	0.01305	0.00848	0.00762	0.00188	0.03555	0.00606	0.00488	0.27631
8	0.01823	0.01713	0.02828	0.15355	0.47832	0.01785	0.02196	0.02408	0.05819	0.02585	0.06426	0.02344	0.01757	0.00812	0.00799	0.00243	0.00900	0.00772	0.00447	0.01155
9	0.02038	0.01429	0.01636	0.01367	0.01854	0.01398	0.01072	0.10773	0.18331	0.12692	0.03143	0.12752	0.07396	0.01204	0.00790	0.00232	0.00615	0.01012	0.00734	0.19533
10	0.01963	0.01884	0.03219	0.04867	0.67185	0.01884	0.02434	0.02434	0.01806	0.02591	0.01492	0.01963	0.01256	0.00707	0.00785	0.00236	0.00942	0.00707	0.00393	0.01256

[dist]
# distance from previous block
# <min> <max>
0	1

[block]
# block no. 5 follows, 24 sequences, length 10
# corresponding to MSA columns:
# 188-197
name=unknown_F
#
# <colnr> <probs for GDERKNQSTAVLIFYWHMCP>
#	G	D	E	R	K	N	Q	S	T	A	V	L	I	F	Y	W	H	M	C	P
0	0.01275	0.01042	0.01470	0.01344	0.01603	0.00976	0.07063	0.01666	0.06383	0.02276	0.07215	0.28930	0.07272	0.11691	0.01361	0.00346	0.00632	0.06443	0.00646	0.10366
1	0.09674	0.01210	0.01489	0.01213	0.01701	0.01074	0.00970	0.02723	0.02000	0.34096	0.11208	0.07920	0.09053	0.01187	0.00786	0.00236	0.00579	0.00982	0.00813	0.11086
2	0.12585	0.02328	0.02116	0.01716	0.02277	0.15301	0.01383	0.35561	0.05920	0.10416	0.01853	0.01861	0.01334	0.00907	0.00740	0.00235	0.00918	0.00654	0.00698	0.01197
3	0.01712	0.01628	0.02765	0.40140	0.33874	0.01818	0.02309	0.02214	0.01687	0.02286	0.01447	0.02044	0.01149	0.00753	0.00789	0.00251	0.01004	0.00706	0.00371	0.01054
4	0.01184	0.00825	0.00948	0.00919	0.00995	0.00785	0.00552	0.01233	0.01238	0.01690	0.02574	0.11377	0.02944	0.58106	0.03393	0.00660	0.00720	0.01193	0.00505	0.08159
5	0.18479	0.02416	0.20035	0.01666	0.02390	0.05652	0.01656	0.10647	0.05525	0.21117	0.01974	0.01960	0.01359	0.00859	0.00716	0.00245	0.00865	0.00640	0.00633	0.01167
6	0.20861	0.02846	0.02124	0.01958	0.05856	0.38316	0.03940	0.07639	0.02082	0.02656	0.01287	0.01500	0.01034	0.00786	0.00675	0.00218	0.01124	0.00533	0.00460	0.04106
7	0.17497	0.01766	0.01755	0.01469	0.01985	0.06389	0.01187	0.16504	0.13953	0.14903	0.02541	0.02690	0.04891	0.01019	0.00741	0.00245	0.00734	0.03687	0.00719	0.05324
8	0.01933	0.01930	0.03072	0.02380	0.02897	0.07120	0.29579	0.11535	0.04958	0.02742	0.02237	0.16672	0.02105	0.01171	0.01019	0.00275	0.05695	0.01129	0.00545	0.01005
9	0.06386	0.24667	0.27313	0.01720	0.02501	0.06468	0.01872	0.02629	0.06866	0.05356	0.05881	0.01944	0.01590	0.00827	0.00678	0.00224	0.00936	0.00613	0.00453	0.01076

[dist]
# distance from previous block
# <min> <max>
27	41

[block]
# block no. 6 follows, 24 sequences, length 6
# corresponding to MSA columns:
# 243-248
name=unknown_G
#
# <colnr> <probs for GDERKNQSTAVLIFYWHMCP>
#	G	D	E	R	K	N	Q	S	T	A	V	L	I	F	Y	W	H	M	C	P
0	0.01673	0.01330	0.01545	0.01170	0.01777	0.01071	0.00929	0.02144	0.06365	0.06322	0.05773	0.02672	0.08760	0.00853	0.00671	0.00159	0.00564	0.00700	0.00573	0.54950
1	0.01511	0.00992	0.01198	0.01181	0.01348	0.00990	0.00826	0.11101	0.01827	0.07053	0.03464	0.40414	0.03857	0.18426	0.01670	0.00408	0.00611	0.01655	0.00703	0.00765
2	0.02185	0.02197	0.02571	0.02052	0.02531	0.17530	0.16580	0.15288	0.02201	0.02745	0.01911	0.09655	0.01760	0.06992	0.01178	0.00287	0.04425	0.00905	0.00530	0.06476
3	0.01963	0.01884	0.03219	0.04867	0.67185	0.01884	0.02434	0.02434	0.01806	0.02591	0.01492	0.01963	0.01256	0.00707	0.00785	0.00236	0.00942	0.00707	0.00393	0.01256
4	0.01933	0.01425	0.01683	0.01242	0.01914	0.01146	0.00996	0.02432	0.06901	0.11581	0.01792	0.01895	0.01383	0.00681	0.00634	0.00147	0.00603	0.00549	0.00567	0.60496
5	0.08452	0.01528	0.01801	0.01433	0.01969	0.01494	0.03634	0.15657	0.08706	0.09681	0.09154	0.07566	0.02375	0.01022	0.00749	0.00217	0.00661	0.00849	0.00686	0.22367

[dist]
# distance from previous block
# <min> <max>
4	11

[block]
# block no. 7 follows, 24 sequences, length 7
# corresponding to MSA columns:
# 260-266
name=unknown_H
#
# <colnr> <probs for GDERKNQSTAVLIFYWHMCP>
#	G	D	E	R	K	N	Q	S	T	A	V	L	I	F	Y	W	H	M	C	P
0	0.01723	0.06081	0.01778	0.01295	0.01860	0.05202	0.01062	0.05006	0.01853	0.02634	0.07147	0.03015	0.02165	0.00938	0.00701	0.00178	0.00670	0.09349	0.00544	0.46800
1	0.02117	0.01373	0.01611	0.01352	0.01793	0.01375	0.01067	0.11636	0.16669	0.16536	0.19467	0.06225	0.06087	0.01227	0.00829	0.00243	0.00588	0.01034	0.00822	0.07951
2	0.04835	0.01274	0.01303	0.01181	0.01418	0.03653	0.00840	0.11754	0.10984	0.02589	0.05830	0.06684	0.09138	0.32556	0.02239	0.00482	0.00717	0.01097	0.00627	0.00797
3	0.01594	0.01373	0.01641	0.01234	0.01833	0.01121	0.00980	0.01916	0.01603	0.02489	0.01629	0.07470	0.01503	0.00803	0.00768	0.00151	0.05622	0.00634	0.00483	0.65153
4	0.01963	0.01884	0.03219	0.04867	0.67185	0.01884	0.02434	0.02434	0.01806	0.02591	0.01492	0.01963	0.01256	0.00707	0.00785	0.00236	0.00942	0.00707	0.00393	0.01256
5	0.01657	0.01456	0.01757	0.01304	0.01908	0.01254	0.01054	0.01984	0.01583	0.02487	0.01357	0.01657	0.01155	0.00702	0.00876	0.00150	0.10624	0.00502	0.00452	0.66081
6	0.01864	0.01399	0.01645	0.01288	0.01855	0.01222	0.01030	0.10261	0.04398	0.07529	0.07438	0.07077	0.02267	0.00975	0.00721	0.00185	0.00614	0.03983	0.00625	0.43624

[dist]
# distance from previous block
# <min> <max>
0	4

[block]
# block no. 8 follows, 24 sequences, length 11
# corresponding to MSA columns:
# 271-281
name=unknown_I
#
# <colnr> <probs for GDERKNQSTAVLIFYWHMCP>
#	G	D	E	R	K	N	Q	S	T	A	V	L	I	F	Y	W	H	M	C	P
0	0.02647	0.02169	0.02061	0.01708	0.02221	0.13340	0.01359	0.28838	0.18694	0.09481	0.07271	0.02470	0.02092	0.01015	0.00795	0.00242	0.00850	0.00788	0.00754	0.01206
1	0.01926	0.01846	0.03152	0.10082	0.62260	0.01874	0.02415	0.02401	0.01788	0.02546	0.01485	0.01975	0.01240	0.00713	0.00786	0.00238	0.00951	0.00706	0.00389	0.01226
2	0.01644	0.01409	0.01644	0.01175	0.01879	0.01057	0.00940	0.01997	0.01644	0.02584	0.01409	0.01644	0.01175	0.00587	0.00587	0.00117	0.00587	0.00470	0.00470	0.76979
3	0.02457	0.02096	0.02008	0.01589	0.02137	0.12098	0.01256	0.32429	0.02694	0.03542	0.01740	0.02125	0.01422	0.08613	0.01083	0.00260	0.00875	0.00669	0.00619	0.20287
4	0.01448	0.00857	0.01343	0.05100	0.08491	0.00876	0.00959	0.01238	0.01147	0.01544	0.01392	0.02346	0.01347	0.02428	0.02725	0.64510	0.00736	0.00691	0.00350	0.00472
5	0.01582	0.01152	0.01484	0.01566	0.07981	0.01140	0.01089	0.08702	0.05798	0.06764	0.26221	0.11280	0.12345	0.01578	0.00914	0.00269	0.00567	0.07887	0.00775	0.00907
6	0.01869	0.08720	0.02838	0.03508	0.42447	0.01804	0.01915	0.02378	0.05300	0.02526	0.01699	0.05843	0.01510	0.00805	0.00739	0.00216	0.00829	0.00737	0.00443	0.13874
7	0.01964	0.22749	0.28991	0.02546	0.17226	0.02278	0.02234	0.08588	0.01889	0.02593	0.01395	0.01648	0.01099	0.00741	0.00695	0.00223	0.00999	0.00580	0.00394	0.01165
8	0.08363	0.24664	0.05966	0.01427	0.02048	0.05300	0.01288	0.05126	0.09143	0.15279	0.02112	0.02099	0.04091	0.00853	0.00657	0.00209	0.00770	0.00631	0.00581	0.09394
9	0.02515	0.02568	0.17006	0.02130	0.08957	0.08737	0.01820	0.23019	0.04556	0.12136	0.01855	0.01930	0.01333	0.00848	0.00760	0.00229	0.00946	0.00661	0.00611	0.07383
10	0.22678	0.02280	0.02005	0.02098	0.13324	0.22200	0.01401	0.05713	0.04530	0.05147	0.03307	0.01764	0.01324	0.00799	0.00671	0.00219	0.00926	0.00581	0.00503	0.08527

[dist]
# distance from previous block
# <min> <max>
2	19

[block]
# block no. 9 follows, 24 sequences, length 6
# corresponding to MSA columns:
# 302-307
name=unknown_J
#
# <colnr> <probs for GDERKNQSTAVLIFYWHMCP>
#	G	D	E	R	K	N	Q	S	T	A	V	L	I	F	Y	W	H	M	C	P
0	0.01516	0.01077	0.01319	0.01184	0.01496	0.00994	0.00891	0.08969	0.02067	0.06212	0.23021	0.26144	0.04555	0.01600	0.00871	0.00247	0.00516	0.01406	0.00748	0.15168
1	0.02640	0.01899	0.02889	0.02304	0.06098	0.01978	0.17794	0.21841	0.02457	0.19825	0.02007	0.02149	0.01424	0.00928	0.01060	0.00261	0.09784	0.00790	0.00662	0.01211
2	0.01785	0.01803	0.02900	0.06777	0.17507	0.04996	0.19993	0.02247	0.01788	0.02471	0.02012	0.02363	0.06498	0.00777	0.00782	0.00214	0.00944	0.00774	0.00444	0.22927
3	0.01891	0.01777	0.02862	0.04031	0.52400	0.01697	0.02095	0.02335	0.01769	0.02589	0.01473	0.01891	0.01238	0.00680	0.00740	0.00209	0.00862	0.00653	0.00410	0.18399
4	0.01716	0.01517	0.02001	0.02011	0.16664	0.01244	0.01278	0.02096	0.01681	0.02585	0.01428	0.01716	0.01193	0.00614	0.00632	0.00144	0.00668	0.00523	0.00452	0.59836
5	0.01970	0.01726	0.01981	0.02049	0.14740	0.07642	0.01338	0.09562	0.07270	0.05277	0.07642	0.02824	0.08582	0.00958	0.00752	0.00206	0.00738	0.00797	0.00593	0.23356

[dist]
# distance from previous block
# <min> <max>
0	1

[block]
# block no. 10 follows, 24 sequences, length 11
# corresponding to MSA columns:
# 309-319
name=unknown_K
#
# <colnr> <probs for GDERKNQSTAVLIFYWHMCP>
#	G	D	E	R	K	N	Q	S	T	A	V	L	I	F	Y	W	H	M	C	P
0	0.10674	0.02201	0.02097	0.01706	0.02263	0.10753	0.01376	0.35554	0.14057	0.08332	0.02046	0.02016	0.01484	0.00936	0.00754	0.00240	0.00861	0.00696	0.00727	0.01226
1	0.01030	0.00792	0.00907	0.00936	0.01112	0.00712	0.00677	0.01232	0.01738	0.02218	0.15867	0.16066	0.34093	0.12784	0.01435	0.00357	0.00487	0.06186	0.00719	0.00654
2	0.13242	0.01505	0.01707	0.06476	0.06691	0.04915	0.01211	0.08560	0.08202	0.15414	0.10731	0.07123	0.04019	0.05584	0.00985	0.00284	0.00714	0.00929	0.00692	0.01017
3	0.01878	0.01577	0.02500	0.08178	0.38888	0.01596	0.01897	0.06360	0.01971	0.06358	0.09508	0.08742	0.02486	0.01064	0.00836	0.00253	0.00815	0.03439	0.00548	0.01108
4	0.01061	0.00758	0.01029	0.01212	0.01300	0.00726	0.00901	0.01268	0.01611	0.02130	0.04318	0.52596	0.05038	0.02395	0.01037	0.00335	0.00542	0.20339	0.00734	0.00670
5	0.01463	0.01231	0.02084	0.35894	0.08215	0.01393	0.05593	0.01748	0.01492	0.01960	0.01821	0.09839	0.01709	0.01454	0.01366	0.17950	0.00908	0.02704	0.00409	0.00766
6	0.02038	0.01980	0.03960	0.02882	0.03596	0.01887	0.48677	0.08699	0.02058	0.07429	0.01954	0.07445	0.01580	0.00857	0.00918	0.00267	0.01176	0.01004	0.00507	0.01085
7	0.01868	0.02089	0.04395	0.03362	0.08785	0.02029	0.54792	0.02484	0.01816	0.02495	0.01552	0.02095	0.01195	0.00727	0.01052	0.00271	0.06630	0.00900	0.00396	0.01068
8	0.02659	0.02177	0.01930	0.01606	0.02106	0.21353	0.01265	0.12081	0.06570	0.18695	0.05176	0.02527	0.05831	0.00992	0.00810	0.00223	0.02697	0.00749	0.00678	0.09875
9	0.05662	0.22540	0.44169	0.02003	0.02988	0.02199	0.05318	0.02466	0.01650	0.02391	0.01328	0.01567	0.01010	0.00728	0.00682	0.00229	0.01063	0.00550	0.00347	0.01109
10	0.04979	0.14257	0.44582	0.01947	0.02922	0.02003	0.02323	0.05082	0.03696	0.06684	0.01541	0.01707	0.01122	0.00768	0.00706	0.00234	0.01022	0.00579	0.00419	0.03428

[dist]
# distance from previous block
# <min> <max>
4	24

[block]
# block no. 11 follows, 24 sequences, length 12
# corresponding to MSA columns:
# 344-355
name=unknown_L
#
# <colnr> <probs for GDERKNQSTAVLIFYWHMCP>
#	G	D	E	R	K	N	Q	S	T	A	V	L	I	F	Y	W	H	M	C	P
0	0.05322	0.01793	0.01778	0.01474	0.01905	0.11284	0.01153	0.14454	0.03760	0.12117	0.06122	0.02799	0.02039	0.11046	0.01325	0.00302	0.05111	0.02326	0.00632	0.13259
1	0.01889	0.01473	0.02213	0.02853	0.30660	0.01442	0.01610	0.07752	0.02026	0.08793	0.11681	0.14917	0.02937	0.01196	0.00839	0.00248	0.00725	0.01083	0.00618	0.05047
2	0.04966	0.01636	0.02359	0.02893	0.32356	0.01473	0.01634	0.02215	0.01707	0.02628	0.01435	0.01778	0.01199	0.00649	0.00676	0.00178	0.00754	0.00579	0.00435	0.38449
3	0.01930	0.01653	0.01850	0.01412	0.02044	0.05672	0.03457	0.05851	0.10368	0.05849	0.03685	0.02014	0.01564	0.00739	0.00669	0.00165	0.00689	0.00604	0.00562	0.49223
4	0.02810	0.02103	0.02247	0.01758	0.02356	0.02329	0.01441	0.55089	0.10612	0.04688	0.02311	0.02264	0.04235	0.01010	0.00801	0.00243	0.00825	0.00775	0.00792	0.01309
5	0.11417	0.03009	0.02136	0.01842	0.02327	0.41232	0.01430	0.18329	0.02515	0.06448	0.01483	0.01600	0.01135	0.00850	0.00714	0.00219	0.01159	0.00568	0.00544	0.01042
6	0.01192	0.00833	0.00936	0.00919	0.00976	0.00839	0.00556	0.01373	0.05385	0.01807	0.07691	0.05230	0.06544	0.58613	0.03434	0.00672	0.00711	0.01185	0.00544	0.00560
7	0.01539	0.01441	0.02384	0.49255	0.14638	0.01724	0.02077	0.02000	0.01590	0.02108	0.01665	0.08311	0.01464	0.00970	0.00928	0.00270	0.05482	0.00844	0.00393	0.00918
8	0.02687	0.01808	0.03900	0.01575	0.02107	0.06975	0.01290	0.09912	0.24716	0.27486	0.06753	0.02775	0.02297	0.01031	0.00801	0.00250	0.00735	0.00834	0.00829	0.01239
9	0.03131	0.01382	0.01924	0.01754	0.08833	0.01248	0.01272	0.03551	0.05203	0.52960	0.07769	0.02877	0.02327	0.01005	0.00807	0.00246	0.00678	0.00841	0.00903	0.01290
10	0.01981	0.02247	0.04056	0.03210	0.09415	0.09097	0.45579	0.02530	0.01837	0.02415	0.01495	0.02006	0.01172	0.00763	0.01073	0.00266	0.08567	0.00845	0.00395	0.01049
11	0.02731	0.02980	0.08121	0.01894	0.02455	0.31297	0.01588	0.28151	0.02775	0.03259	0.01955	0.02041	0.05348	0.00943	0.00765	0.00226	0.01113	0.00675	0.00581	0.01102

[dist]
# distance from previous block
# <min> <max>
0	1

[block]
# block no. 12 follows, 24 sequences, length 8
# corresponding to MSA columns:
# 357-364
name=unknown_M
#
# <colnr> <probs for GDERKNQSTAVLIFYWHMCP>
#	G	D	E	R	K	N	Q	S	T	A	V	L	I	F	Y	W	H	M	C	P
0	0.01149	0.00774	0.00888	0.00881	0.00903	0.00766	0.00513	0.01194	0.01284	0.01735	0.10211	0.05277	0.03435	0.63670	0.03664	0.00706	0.00721	0.01187	0.00528	0.00513
1	0.02532	0.02779	0.02085	0.01979	0.06290	0.37985	0.01429	0.13922	0.06175	0.02639	0.02331	0.06589	0.07746	0.01067	0.00779	0.00230	0.01092	0.00802	0.00552	0.00997
2	0.01963	0.01884	0.03219	0.04867	0.67185	0.01884	0.02434	0.02434	0.01806	0.02591	0.01492	0.01963	0.01256	0.00707	0.00785	0.00236	0.00942	0.00707	0.00393	0.01256
3	0.01692	0.11671	0.35078	0.02020	0.02889	0.01840	0.09961	0.04991	0.01804	0.02562	0.05713	0.06116	0.01721	0.00885	0.00760	0.00235	0.00994	0.00758	0.00433	0.07878
4	0.02053	0.10956	0.20601	0.02505	0.16849	0.12734	0.02004	0.05642	0.05743	0.02540	0.01500	0.01737	0.01187	0.00754	0.00711	0.00215	0.01008	0.00593	0.00427	0.10243
5	0.02294	0.17635	0.19631	0.05881	0.05189	0.06574	0.01831	0.06791	0.09560	0.14314	0.01895	0.01960	0.01384	0.00834	0.00719	0.00231	0.00931	0.00641	0.00545	0.01161
6	0.15410	0.02333	0.17930	0.01971	0.09245	0.08784	0.01687	0.02617	0.05740	0.09593	0.01983	0.06256	0.01670	0.00970	0.00737	0.00244	0.00876	0.04396	0.00532	0.07026
7	0.05772	0.04485	0.12796	0.01750	0.02365	0.03580	0.08978	0.11399	0.05221	0.12024	0.12347	0.06810	0.02565	0.01049	0.00802	0.00243	0.00820	0.00903	0.00648	0.05443

[dist]
# distance from previous block
# <min> <max>
17	49

[block]
# block no. 13 follows, 24 sequences, length 12
# corresponding to MSA columns:
# 419-430
name=unknown_N
#
# <colnr> <probs for GDERKNQSTAVLIFYWHMCP>
#	G	D	E	R	K	N	Q	S	T	A	V	L	I	F	Y	W	H	M	C	P
0	0.02820	0.01332	0.01688	0.01344	0.01894	0.01204	0.01088	0.03392	0.10959	0.44109	0.05887	0.03228	0.08303	0.01080	0.00798	0.00239	0.00623	0.00888	0.00883	0.08243
1	0.05881	0.01956	0.02114	0.01660	0.02246	0.09022	0.04091	0.20653	0.07484	0.17809	0.02043	0.02044	0.01466	0.00876	0.00795	0.00221	0.02876	0.00676	0.00691	0.15397
2	0.01921	0.01887	0.02788	0.03861	0.47803	0.06297	0.02057	0.02327	0.01783	0.02479	0.01828	0.02216	0.05132	0.00819	0.00875	0.00229	0.05012	0.00724	0.00420	0.09542
3	0.01963	0.01884	0.03219	0.04867	0.67185	0.01884	0.02434	0.02434	0.01806	0.02591	0.01492	0.01963	0.01256	0.00707	0.00785	0.00236	0.00942	0.00707	0.00393	0.01256
4	0.01644	0.01409	0.01644	0.01175	0.01879	0.01057	0.00940	0.01997	0.01644	0.02584	0.01409	0.01644	0.01175	0.00587	0.00587	0.00117	0.00587	0.00470	0.00470	0.76979
5	0.08705	0.06404	0.02266	0.01692	0.02266	0.10257	0.01389	0.44355	0.03109	0.04141	0.02128	0.02150	0.05691	0.00974	0.00753	0.00233	0.00885	0.00715	0.00693	0.01193
6	0.01043	0.00759	0.00938	0.01006	0.01092	0.00740	0.00676	0.01173	0.01423	0.01872	0.04116	0.29754	0.15018	0.23725	0.12448	0.00593	0.00800	0.01604	0.00612	0.00610
7	0.06270	0.01571	0.02362	0.13931	0.32355	0.01610	0.01804	0.02308	0.06068	0.02628	0.04466	0.02430	0.04424	0.00837	0.00748	0.00228	0.00803	0.00747	0.04333	0.10078
8	0.07759	0.01688	0.02507	0.24845	0.31291	0.04458	0.02027	0.02321	0.04574	0.02467	0.01858	0.02521	0.03591	0.00876	0.00783	0.00253	0.00930	0.03770	0.00435	0.01045
9	0.01949	0.01715	0.02443	0.06158	0.29847	0.01623	0.01708	0.10237	0.01978	0.02871	0.01508	0.01836	0.01226	0.00695	0.00708	0.00190	0.00797	0.00613	0.00473	0.31427
10	0.02049	0.01429	0.01728	0.01468	0.04379	0.01300	0.01111	0.11332	0.06159	0.12690	0.04386	0.11184	0.02220	0.01057	0.00751	0.00206	0.00639	0.02704	0.00666	0.32543
11	0.05298	0.02076	0.02491	0.05191	0.15112	0.09536	0.05638	0.21938	0.05153	0.06439	0.04558	0.02100	0.01572	0.00902	0.00886	0.00240	0.05086	0.00724	0.00590	0.04473

[dist]
# distance from previous block
# <min> <max>
4	15

[block]
# block no. 14 follows, 24 sequences, length 41
# corresponding to MSA columns:
# 447-487
name=unknown_O
#
# <colnr> <probs for GDERKNQSTAVLIFYWHMCP>
#	G	D	E	R	K	N	Q	S	T	A	V	L	I	F	Y	W	H	M	C	P
0	0.02274	0.35947	0.02901	0.01410	0.01967	0.05928	0.01250	0.09762	0.05874	0.10913	0.06997	0.05040	0.04711	0.00980	0.00678	0.00211	0.00777	0.00741	0.00579	0.01058
1	0.06076	0.01673	0.04368	0.01383	0.02031	0.01478	0.01152	0.09685	0.14969	0.05618	0.01888	0.01965	0.01456	0.00759	0.00665	0.00179	0.00656	0.00600	0.00591	0.42808
2	0.05663	0.05818	0.02172	0.01609	0.02175	0.05751	0.01312	0.38386	0.02903	0.10354	0.02004	0.04925	0.01577	0.04487	0.00915	0.00253	0.00827	0.00750	0.00710	0.07409
3	0.34998	0.01700	0.08549	0.01327	0.01931	0.01484	0.01205	0.02972	0.01812	0.30822	0.04566	0.02112	0.01604	0.00877	0.00667	0.00246	0.00690	0.00642	0.00699	0.01097
4	0.01736	0.01346	0.01600	0.01187	0.01831	0.01032	0.00940	0.02067	0.01682	0.07553	0.01784	0.07456	0.01569	0.00773	0.00638	0.00144	0.00584	0.00641	0.00531	0.64906
5	0.01935	0.01856	0.03168	0.08786	0.63484	0.01877	0.02420	0.02409	0.01792	0.02557	0.01487	0.01972	0.01244	0.00712	0.00786	0.00237	0.00949	0.00706	0.00390	0.01234
6	0.01620	0.01532	0.02569	0.44982	0.25499	0.01743	0.02191	0.02112	0.01670	0.02218	0.01796	0.02364	0.04700	0.00831	0.00798	0.00255	0.00984	0.00758	0.00386	0.00993
7	0.02734	0.03347	0.02469	0.02688	0.17228	0.53639	0.01738	0.02999	0.02146	0.02089	0.01286	0.01552	0.01075	0.00792	0.00731	0.00211	0.01319	0.00555	0.00405	0.00996
8	0.01670	0.01433	0.01656	0.01210	0.01894	0.01130	0.00965	0.02173	0.06749	0.02642	0.01554	0.01749	0.01274	0.00626	0.00605	0.00130	0.00590	0.00504	0.00497	0.70949
9	0.00966	0.00690	0.00920	0.01104	0.01150	0.00644	0.00736	0.01104	0.01518	0.02024	0.04371	0.71614	0.05245	0.02484	0.01012	0.00322	0.00460	0.02254	0.00736	0.00644
10	0.01627	0.01386	0.01615	0.01182	0.01845	0.01076	0.00941	0.02058	0.04333	0.02650	0.05403	0.01955	0.01604	0.00669	0.00617	0.00132	0.00576	0.00545	0.00508	0.69275
11	0.02962	0.03779	0.02247	0.02043	0.02451	0.68948	0.01532	0.03166	0.02247	0.01941	0.01226	0.01430	0.01021	0.00817	0.00715	0.00204	0.01430	0.00511	0.00409	0.00919
12	0.02147	0.01542	0.01681	0.01396	0.01852	0.01613	0.01115	0.28710	0.09530	0.08591	0.07899	0.06856	0.20938	0.01376	0.00854	0.00255	0.00648	0.01124	0.00795	0.01078
13	0.01019	0.00719	0.00936	0.01066	0.01110	0.00698	0.00701	0.01139	0.01421	0.01906	0.03796	0.52087	0.04486	0.17629	0.06957	0.00492	0.00656	0.01910	0.00657	0.00614
14	0.03315	0.01350	0.01798	0.01406	0.01986	0.01207	0.01152	0.03774	0.07155	0.59575	0.06292	0.02879	0.02272	0.01020	0.00805	0.00247	0.00656	0.00837	0.00963	0.01312
15	0.00965	0.00695	0.00915	0.01091	0.01147	0.00645	0.00730	0.01106	0.01531	0.02029	0.04531	0.68808	0.07947	0.02463	0.01009	0.00320	0.00458	0.02229	0.00736	0.00645
16	0.77733	0.01534	0.01166	0.01043	0.01534	0.01779	0.00859	0.02331	0.01350	0.03558	0.01104	0.01288	0.00859	0.00736	0.00491	0.00245	0.00613	0.00429	0.00491	0.00859
17	0.02251	0.01662	0.01904	0.01453	0.02068	0.01591	0.01177	0.21880	0.05890	0.09404	0.01910	0.04209	0.01501	0.00855	0.00766	0.00190	0.03077	0.00667	0.00642	0.36901
18	0.02785	0.01374	0.01761	0.01315	0.01966	0.01122	0.01074	0.03110	0.02017	0.41406	0.02434	0.02273	0.01644	0.00822	0.00713	0.00194	0.00639	0.00665	0.00775	0.31912
19	0.01644	0.01409	0.01644	0.01175	0.01879	0.01057	0.00940	0.01997	0.01644	0.02584	0.01409	0.01644	0.01175	0.00587	0.00587	0.00117	0.00587	0.00470	0.00470	0.76979
20	0.03351	0.01460	0.01887	0.01456	0.02051	0.01349	0.01199	0.13319	0.02499	0.54636	0.06091	0.02733	0.02140	0.01009	0.00804	0.00244	0.00691	0.00816	0.00946	0.01320
21	0.01963	0.01884	0.03219	0.04867	0.67185	0.01884	0.02434	0.02434	0.01806	0.02591	0.01492	0.01963	0.01256	0.00707	0.00785	0.00236	0.00942	0.00707	0.00393	0.01256
22	0.01644	0.01409	0.01644	0.01175	0.01879	0.01057	0.00940	0.01997	0.01644	0.02584	0.01409	0.01644	0.01175	0.00587	0.00587	0.00117	0.00587	0.00470	0.00470	0.76979
23	0.02885	0.03633	0.02322	0.02260	0.07434	0.63786	0.01602	0.03110	0.02213	0.01991	0.01246	0.01471	0.01040	0.00809	0.00720	0.00207	0.01392	0.00526	0.00407	0.00945
24	0.01498	0.01409	0.02378	0.70226	0.05462	0.01762	0.02202	0.02026	0.01586	0.02026	0.01409	0.02114	0.01057	0.00793	0.00793	0.00264	0.01057	0.00705	0.00352	0.00881
25	0.01644	0.01409	0.01644	0.01175	0.01879	0.01057	0.00940	0.01997	0.01644	0.02584	0.01409	0.01644	0.01175	0.00587	0.00587	0.00117	0.00587	0.00470	0.00470	0.76979
26	0.01644	0.01409	0.01644	0.01175	0.01879	0.01057	0.00940	0.01997	0.01644	0.02584	0.01409	0.01644	0.01175	0.00587	0.00587	0.00117	0.00587	0.00470	0.00470	0.76979
27	0.01912	0.01883	0.02861	0.16144	0.42482	0.06591	0.04288	0.02468	0.05605	0.02439	0.01608	0.02155	0.01340	0.03778	0.00926	0.00264	0.00985	0.00730	0.00415	0.01125
28	0.01112	0.00810	0.01046	0.00987	0.01178	0.00744	0.00740	0.01477	0.02220	0.03122	0.63512	0.06018	0.10773	0.01643	0.00935	0.00250	0.00376	0.01447	0.00865	0.00744
29	0.02717	0.19567	0.05298	0.01881	0.02395	0.47442	0.01546	0.06359	0.02160	0.02115	0.01243	0.01430	0.01038	0.00790	0.00673	0.00200	0.01255	0.00505	0.00411	0.00976
30	0.00966	0.00690	0.00920	0.01104	0.01150	0.00644	0.00736	0.01104	0.01518	0.02024	0.04371	0.71614	0.05245	0.02484	0.01012	0.00322	0.00460	0.02254	0.00736	0.00644
31	0.01747	0.12729	0.54756	0.02153	0.03225	0.01988	0.05034	0.02548	0.01697	0.04992	0.01456	0.01681	0.01052	0.00749	0.00731	0.00241	0.01117	0.00587	0.00363	0.01155
32	0.05489	0.07655	0.02720	0.02904	0.26505	0.15791	0.03781	0.07028	0.01981	0.05345	0.01466	0.01758	0.01189	0.00770	0.00792	0.00217	0.03738	0.00617	0.00457	0.09796
33	0.01138	0.00771	0.00860	0.00860	0.00880	0.00762	0.00489	0.01152	0.01200	0.01581	0.02897	0.05365	0.07488	0.67084	0.03813	0.00733	0.00742	0.01191	0.00499	0.00494
34	0.01874	0.01793	0.03058	0.17369	0.55378	0.01861	0.02389	0.02356	0.01764	0.02483	0.01476	0.01992	0.01218	0.00723	0.00787	0.00241	0.00964	0.00706	0.00385	0.01184
35	0.04928	0.01630	0.02668	0.31217	0.27090	0.01815	0.05478	0.02284	0.04846	0.02387	0.01769	0.02266	0.03743	0.00837	0.00863	0.00257	0.03721	0.00753	0.00413	0.01036
36	0.44323	0.03880	0.01584	0.01233	0.01786	0.01677	0.01024	0.08134	0.01843	0.22352	0.01776	0.01766	0.01241	0.00819	0.00611	0.00238	0.00660	0.00563	0.00655	0.03836
37	0.07407	0.01437	0.01821	0.01406	0.02016	0.01309	0.01156	0.07724	0.04742	0.51869	0.02791	0.02487	0.01811	0.00936	0.00763	0.00235	0.00675	0.00747	0.00891	0.07777
38	0.07472	0.03583	0.54446	0.02378	0.09381	0.01806	0.02652	0.02457	0.01680	0.02621	0.03515	0.01810	0.01227	0.00776	0.00742	0.00249	0.01081	0.00613	0.00370	0.01142
39	0.02686	0.01501	0.01923	0.01493	0.02073	0.01412	0.04267	0.12975	0.07743	0.32306	0.05747	0.02941	0.06991	0.01022	0.00793	0.00232	0.00689	0.00850	0.00815	0.11542
40	0.02229	0.01753	0.01993	0.04458	0.02225	0.04315	0.03646	0.26931	0.04694	0.05471	0.01970	0.04714	0.01666	0.10244	0.01178	0.00283	0.00806	0.00773	0.00627	0.20024

[dist]
# distance from previous block
# <min> <max>
13	41

[block]
# block no. 15 follows, 24 sequences, length 10
# corresponding to MSA columns:
# 534-543
name=unknown_P
#
# <colnr> <probs for GDERKNQSTAVLIFYWHMCP>
#	G	D	E	R	K	N	Q	S	T	A	V	L	I	F	Y	W	H	M	C	P
0	0.01723	0.01173	0.01430	0.03296	0.01726	0.01127	0.00982	0.02427	0.15182	0.11759	0.15311	0.17885	0.03653	0.01365	0.00825	0.00242	0.00547	0.01186	0.03029	0.15132
1	0.01820	0.10223	0.02016	0.01253	0.01948	0.01433	0.01039	0.07399	0.01819	0.02702	0.01414	0.01621	0.01170	0.00630	0.00595	0.00134	0.00644	0.00485	0.00481	0.61173
2	0.02644	0.02037	0.02030	0.05541	0.02330	0.11701	0.01357	0.33009	0.02899	0.11694	0.08793	0.02669	0.05283	0.01046	0.00796	0.00236	0.00851	0.00815	0.03125	0.01145
3	0.00963	0.00704	0.00906	0.01067	0.01140	0.00647	0.00720	0.01108	0.01554	0.02039	0.04820	0.63756	0.12812	0.02426	0.01003	0.00315	0.00453	0.02183	0.00736	0.00647
4	0.01675	0.01509	0.02057	0.01469	0.02187	0.01186	0.09555	0.02071	0.01675	0.02578	0.01436	0.01712	0.01178	0.00598	0.00635	0.00138	0.00689	0.00533	0.00460	0.66658
5	0.01965	0.01452	0.01702	0.01281	0.01910	0.01223	0.01022	0.10612	0.01980	0.09431	0.01904	0.07778	0.01626	0.00839	0.00673	0.00164	0.00624	0.00689	0.00588	0.52536
6	0.08778	0.01421	0.02263	0.63619	0.05086	0.01763	0.02074	0.02055	0.01563	0.02172	0.01380	0.02035	0.01038	0.00787	0.00764	0.00262	0.01015	0.00678	0.00366	0.00879
7	0.01879	0.04239	0.02259	0.01780	0.02060	0.02086	0.01478	0.10443	0.01673	0.02482	0.01287	0.01772	0.01148	0.01286	0.04282	0.00307	0.39811	0.00641	0.00439	0.18652
8	0.05636	0.01310	0.01475	0.01136	0.01706	0.01090	0.00900	0.03980	0.04014	0.02741	0.08961	0.02925	0.10774	0.00922	0.00679	0.00167	0.00553	0.00751	0.00570	0.49710
9	0.38029	0.02328	0.18662	0.01517	0.02184	0.05380	0.01508	0.02796	0.10313	0.08082	0.01637	0.01731	0.01202	0.00810	0.00637	0.00248	0.00808	0.00566	0.00527	0.01035

[dist]
# distance from previous block
# <min> <max>
22	43

[block]
# block no. 16 follows, 24 sequences, length 11
# corresponding to MSA columns:
# 592-602
name=unknown_Q
#
# <colnr> <probs for GDERKNQSTAVLIFYWHMCP>
#	G	D	E	R	K	N	Q	S	T	A	V	L	I	F	Y	W	H	M	C	P
0	0.17103	0.30495	0.26858	0.01643	0.02463	0.02364	0.01839	0.04899	0.01666	0.02566	0.01252	0.01448	0.00994	0.00728	0.00606	0.00217	0.00921	0.00496	0.00386	0.01056
1	0.02314	0.20305	0.14456	0.02435	0.16411	0.02400	0.01916	0.24651	0.02421	0.03254	0.01529	0.01716	0.01185	0.00795	0.00713	0.00222	0.00933	0.00617	0.00512	0.01214
2	0.08156	0.42691	0.08316	0.01578	0.02220	0.17013	0.01486	0.06428	0.01864	0.02257	0.01204	0.01378	0.01026	0.00735	0.00588	0.00193	0.00981	0.00474	0.00394	0.01017
3	0.33996	0.25893	0.18395	0.01443	0.02162	0.02248	0.01528	0.02389	0.01516	0.02739	0.01181	0.01377	0.00947	0.00721	0.00561	0.00221	0.00827	0.00466	0.00402	0.00988
4	0.01751	0.20366	0.38311	0.02001	0.02800	0.02285	0.02288	0.02348	0.01560	0.02224	0.01263	0.01589	0.01016	0.00871	0.01090	0.00252	0.16009	0.00569	0.00339	0.01069
5	0.01453	0.01743	0.15659	0.01586	0.02041	0.01299	0.01545	0.02308	0.14788	0.02644	0.08609	0.05851	0.07379	0.01600	0.00941	0.00306	0.00756	0.27890	0.00673	0.00929
6	0.01345	0.16249	0.01893	0.01292	0.01549	0.01452	0.01070	0.01622	0.01347	0.01846	0.01905	0.02720	0.01775	0.04817	0.54294	0.01037	0.01850	0.00758	0.00406	0.00774
7	0.01651	0.03681	0.54430	0.02492	0.03585	0.01877	0.16100	0.02517	0.01717	0.02517	0.01462	0.01774	0.01047	0.00735	0.00793	0.00255	0.01207	0.00661	0.00349	0.01150
8	0.07907	0.59578	0.06659	0.01362	0.02050	0.02844	0.01364	0.02354	0.01596	0.02070	0.01136	0.01315	0.01015	0.00681	0.00523	0.00176	0.00828	0.00435	0.00359	0.05749
9	0.01150	0.00881	0.01114	0.01113	0.01337	0.00757	0.00789	0.01361	0.01608	0.02258	0.08578	0.48713	0.04394	0.01936	0.00899	0.00265	0.00485	0.01738	0.00680	0.19945
10	0.02025	0.60372	0.15563	0.01518	0.02285	0.02906	0.01638	0.02399	0.01623	0.01981	0.01160	0.01344	0.01015	0.00692	0.00553	0.00184	0.00906	0.00453	0.00338	0.01045

[dist]
# distance from previous block
# <min> <max>
20	37

[block]
# block no. 17 follows, 24 sequences, length 84
# corresponding to MSA columns:
# 640-723
name=unknown_R
#
# <colnr> <probs for GDERKNQSTAVLIFYWHMCP>
#	G	D	E	R	K	N	Q	S	T	A	V	L	I	F	Y	W	H	M	C	P
0	0.01865	0.01784	0.03042	0.18597	0.54218	0.01858	0.02385	0.02348	0.01759	0.02472	0.01474	0.01994	0.01214	0.00725	0.00787	0.00242	0.00966	0.00706	0.00384	0.01177
1	0.01963	0.01884	0.03219	0.04867	0.67185	0.01884	0.02434	0.02434	0.01806	0.02591	0.01492	0.01963	0.01256	0.00707	0.00785	0.00236	0.00942	0.00707	0.00393	0.01256
2	0.01613	0.07035	0.65289	0.02221	0.03372	0.01897	0.02863	0.02505	0.01672	0.02484	0.01409	0.01657	0.01005	0.00750	0.00743	0.00248	0.01158	0.00579	0.00335	0.01165
3	0.01861	0.02075	0.04410	0.07041	0.10559	0.01980	0.54786	0.02502	0.01850	0.02518	0.01583	0.02120	0.01201	0.00679	0.00913	0.00264	0.01282	0.00901	0.00398	0.01078
4	0.01855	0.38337	0.36106	0.01809	0.02734	0.02489	0.02144	0.02443	0.01643	0.02189	0.01263	0.01473	0.01011	0.00716	0.00631	0.00210	0.01010	0.00505	0.00337	0.01095
5	0.03153	0.01289	0.01724	0.01381	0.01927	0.01140	0.01131	0.03527	0.04714	0.56167	0.03457	0.06252	0.05124	0.01156	0.00828	0.00257	0.00654	0.03925	0.00941	0.01254
6	0.01501	0.01410	0.02329	0.54778	0.13009	0.01668	0.02071	0.01989	0.01636	0.02111	0.02087	0.02650	0.07706	0.00904	0.00806	0.00261	0.00976	0.00802	0.00396	0.00908
7	0.01963	0.01884	0.03219	0.04867	0.67185	0.01884	0.02434	0.02434	0.01806	0.02591	0.01492	0.01963	0.01256	0.00707	0.00785	0.00236	0.00942	0.00707	0.00393	0.01256
8	0.01903	0.01823	0.03111	0.13257	0.59261	0.01868	0.02404	0.02381	0.01777	0.02518	0.01481	0.01982	0.01231	0.00718	0.00786	0.00239	0.00957	0.00706	0.00387	0.01208
9	0.01152	0.00773	0.00885	0.00885	0.00892	0.00780	0.00505	0.01166	0.01159	0.01552	0.02480	0.05089	0.02839	0.68928	0.07180	0.00793	0.00834	0.01138	0.00478	0.00492
10	0.01963	0.01884	0.03219	0.04867	0.67185	0.01884	0.02434	0.02434	0.01806	0.02591	0.01492	0.01963	0.01256	0.00707	0.00785	0.00236	0.00942	0.00707	0.00393	0.01256
11	0.00966	0.00714	0.00896	0.01039	0.01126	0.00653	0.00703	0.01112	0.01564	0.02033	0.05028	0.57240	0.17152	0.04424	0.01086	0.00325	0.00458	0.02109	0.00729	0.00644
12	0.01817	0.01438	0.01604	0.01404	0.01781	0.01569	0.01097	0.13872	0.29262	0.03562	0.28445	0.03958	0.04257	0.01272	0.00856	0.00256	0.00570	0.01079	0.00831	0.01069
13	0.66295	0.01494	0.01199	0.01060	0.01546	0.01695	0.00866	0.02370	0.04200	0.03462	0.01288	0.01465	0.01004	0.00752	0.00513	0.00236	0.00600	0.00468	0.04287	0.05201
14	0.01831	0.01476	0.01714	0.01238	0.01934	0.01180	0.00996	0.07365	0.01844	0.05208	0.01515	0.01706	0.01219	0.00633	0.00613	0.00132	0.00615	0.00503	0.00516	0.67763
15	0.00991	0.00730	0.00913	0.01023	0.01124	0.00669	0.00699	0.01162	0.01641	0.02163	0.12749	0.48062	0.16500	0.06253	0.01161	0.00329	0.00456	0.01984	0.00739	0.00652
16	0.01708	0.06586	0.39665	0.02645	0.06670	0.01923	0.22042	0.02477	0.01758	0.02515	0.03573	0.01952	0.01289	0.00749	0.00806	0.00251	0.01171	0.00721	0.00376	0.01123
17	0.01339	0.00896	0.01154	0.01059	0.01290	0.00843	0.00805	0.01807	0.05613	0.07739	0.58911	0.05539	0.06825	0.01547	0.00919	0.00250	0.00409	0.01361	0.00877	0.00817
18	0.00970	0.00796	0.00858	0.00888	0.01119	0.00684	0.00665	0.01182	0.01796	0.02196	0.10476	0.15513	0.52566	0.02057	0.00955	0.00279	0.00426	0.05156	0.00743	0.00674
19	0.01776	0.01856	0.03102	0.02459	0.02699	0.02302	0.20464	0.02097	0.01411	0.02097	0.01210	0.01856	0.01090	0.01173	0.02104	0.00323	0.49924	0.00766	0.00363	0.00928
20	0.01923	0.02085	0.07452	0.09602	0.31656	0.01946	0.25015	0.05734	0.01905	0.02647	0.01544	0.02020	0.01210	0.00716	0.00839	0.00251	0.01106	0.00784	0.00410	0.01156
21	0.46343	0.01306	0.01187	0.01065	0.01453	0.01440	0.00851	0.05096	0.01791	0.03492	0.24891	0.02995	0.03278	0.01067	0.00666	0.00246	0.00540	0.00807	0.00644	0.00843
22	0.02021	0.01996	0.03162	0.04701	0.63373	0.05833	0.02381	0.02477	0.01832	0.02552	0.01476	0.01931	0.01242	0.00713	0.00781	0.00234	0.00971	0.00695	0.00393	0.01236
23	0.03437	0.01323	0.01801	0.01390	0.01983	0.01145	0.01145	0.03747	0.02268	0.64522	0.06295	0.02859	0.02238	0.01013	0.00804	0.00246	0.00660	0.00829	0.00976	0.01320
