[name]
unknown

[dist]
# distance from previous block
# <min> <max>
2	280

[block]
# block no. 0 follows, 23 sequences, length 13
# corresponding to MSA columns:
# 281-293
name=unknown_A
#
# <colnr> <probs for GDERKNQSTAVLIFYWHMCP>
#	G	D	E	R	K	N	Q	S	T	A	V	L	I	F	Y	W	H	M	C	P
0	0.05466	0.12164	0.52909	0.02200	0.03283	0.02051	0.06038	0.02545	0.01700	0.02545	0.01410	0.01670	0.01033	0.00756	0.00738	0.00247	0.01140	0.00591	0.00355	0.01158
1	0.01332	0.00934	0.01031	0.00987	0.01066	0.00959	0.00608	0.05006	0.05331	0.01921	0.02833	0.05090	0.05792	0.59754	0.03583	0.00699	0.00766	0.01163	0.00543	0.00602
2	0.01743	0.01902	0.04038	0.02970	0.03642	0.01802	0.50699	0.02330	0.01817	0.02473	0.01995	0.09619	0.01750	0.01409	0.07526	0.00380	0.01351	0.01093	0.00449	0.01012
3	0.01651	0.06108	0.22214	0.01665	0.02258	0.01417	0.03520	0.02293	0.05584	0.08200	0.17257	0.10125	0.03616	0.01366	0.00883	0.00275	0.00794	0.09127	0.00648	0.00998
4	0.01108	0.00828	0.01029	0.00978	0.01187	0.00748	0.00734	0.01453	0.02202	0.03028	0.53680	0.06434	0.20111	0.01743	0.00957	0.00259	0.00389	0.01520	0.00863	0.00748
5	0.00998	0.00714	0.00950	0.01123	0.01179	0.00665	0.00754	0.01154	0.01598	0.02143	0.08177	0.67047	0.05505	0.02489	0.01031	0.00325	0.00465	0.02256	0.00762	0.00665
6	0.10772	0.08650	0.02361	0.04412	0.02471	0.31515	0.01483	0.19680	0.05998	0.03095	0.01541	0.01680	0.01199	0.00867	0.00720	0.00226	0.01108	0.00593	0.00549	0.01080
7	0.01627	0.04197	0.67279	0.02313	0.03512	0.01884	0.02998	0.02570	0.01713	0.02570	0.01456	0.01713	0.01028	0.00771	0.00771	0.00257	0.01199	0.00600	0.00343	0.01199
8	0.01212	0.00873	0.01101	0.01208	0.01320	0.00857	0.00837	0.07804	0.01795	0.02396	0.04203	0.63595	0.04942	0.02375	0.01012	0.00320	0.00516	0.02139	0.00759	0.00736
9	0.07045	0.01199	0.01510	0.01302	0.01707	0.01135	0.01028	0.05749	0.04530	0.30157	0.18194	0.14181	0.03880	0.01427	0.00875	0.00269	0.00590	0.03273	0.00883	0.01066
10	0.55318	0.01894	0.08373	0.05541	0.02126	0.01865	0.01258	0.07877	0.01681	0.05843	0.01331	0.01520	0.00992	0.00787	0.00588	0.00252	0.00742	0.00513	0.00522	0.00976
11	0.02112	0.64805	0.10917	0.01486	0.02234	0.03070	0.01559	0.02445	0.01656	0.01979	0.01163	0.01345	0.01040	0.00702	0.00547	0.00182	0.00903	0.00451	0.00347	0.01058
12	0.02127	0.02489	0.14670	0.03619	0.30230	0.05748	0.16552	0.06204	0.02005	0.06095	0.01637	0.02003	0.01257	0.00758	0.00830	0.00250	0.01109	0.00750	0.00450	0.01217

[dist]
# distance from previous block
# <min> <max>
3	6

[block]
# block no. 1 follows, 23 sequences, length 38
# corresponding to MSA columns:
# 301-338
name=unknown_B
#
# <colnr> <probs for GDERKNQSTAVLIFYWHMCP>
#	G	D	E	R	K	N	Q	S	T	A	V	L	I	F	Y	W	H	M	C	P
0	0.01914	0.01840	0.03144	0.17136	0.49818	0.01913	0.05086	0.02479	0.04004	0.02564	0.01577	0.02081	0.01285	0.00751	0.00812	0.00249	0.00993	0.00740	0.00409	0.01203
1	0.01068	0.00808	0.00871	0.00865	0.01018	0.00734	0.00577	0.01203	0.01609	0.02026	0.10845	0.06616	0.34718	0.30973	0.02281	0.00486	0.00565	0.01469	0.00656	0.00611
2	0.01543	0.01457	0.02436	0.66486	0.05432	0.01834	0.02232	0.02068	0.01605	0.02068	0.01425	0.02146	0.01081	0.00839	0.00895	0.00274	0.04197	0.00721	0.00360	0.00901
3	0.01531	0.01239	0.06984	0.01281	0.01610	0.00993	0.01090	0.02034	0.06151	0.10569	0.31362	0.15553	0.07331	0.01673	0.00943	0.00280	0.00557	0.07115	0.00814	0.00890
4	0.01627	0.04197	0.67279	0.02313	0.03512	0.01884	0.02998	0.02570	0.01713	0.02570	0.01456	0.01713	0.01028	0.00771	0.00771	0.00257	0.01199	0.00600	0.00343	0.01199
5	0.01216	0.00932	0.01327	0.01296	0.01401	0.01098	0.00981	0.01442	0.01275	0.01831	0.02150	0.03466	0.02119	0.17986	0.50576	0.01125	0.07732	0.00914	0.00439	0.00695
6	0.01716	0.04176	0.63183	0.02299	0.03449	0.06067	0.02908	0.02612	0.01750	0.02533	0.01443	0.01697	0.01029	0.00775	0.00768	0.00254	0.01216	0.00595	0.00347	0.01183
7	0.01985	0.01904	0.03252	0.08129	0.63455	0.01922	0.02479	0.02470	0.01837	0.02623	0.01522	0.02016	0.01275	0.00727	0.00804	0.00242	0.00970	0.00723	0.00400	0.01267
8	0.00993	0.00717	0.00941	0.01111	0.01174	0.00664	0.00747	0.01147	0.01597	0.02123	0.07040	0.65346	0.08430	0.02484	0.01029	0.00324	0.00464	0.02245	0.00759	0.00664
9	0.01650	0.01205	0.01318	0.01234	0.01544	0.03285	0.00939	0.02315	0.15464	0.11030	0.07693	0.17267	0.25984	0.01723	0.00977	0.00281	0.02939	0.01449	0.00783	0.00920
10	0.02113	0.02118	0.02620	0.02823	0.19585	0.11936	0.04526	0.07717	0.07297	0.02574	0.01725	0.06293	0.01548	0.01118	0.01382	0.00281	0.21970	0.00817	0.00484	0.01073
11	0.03522	0.01404	0.01881	0.01449	0.02061	0.01241	0.01194	0.06780	0.02394	0.61618	0.05454	0.02844	0.02186	0.01027	0.00821	0.00251	0.00689	0.00836	0.00991	0.01358
12	0.00989	0.00706	0.00942	0.01130	0.01177	0.00659	0.00753	0.01130	0.01554	0.02071	0.04472	0.70954	0.05367	0.02542	0.01036	0.00330	0.00471	0.02307	0.00753	0.00659
13	0.01935	0.01836	0.03033	0.14711	0.51378	0.01916	0.02348	0.02584	0.07308	0.02626	0.01668	0.02121	0.01357	0.00770	0.00806	0.00249	0.00954	0.00740	0.00432	0.01226
14	0.02096	0.02094	0.03208	0.04733	0.60938	0.07616	0.02411	0.02555	0.01886	0.02594	0.01503	0.01962	0.01265	0.00733	0.00797	0.00238	0.01007	0.00706	0.00403	0.01256
15	0.03085	0.02273	0.02435	0.01867	0.02516	0.02516	0.01542	0.63716	0.03815	0.05114	0.01948	0.01948	0.01380	0.00974	0.00812	0.00244	0.00893	0.00731	0.00812	0.01380
16	0.01641	0.01590	0.02513	0.29381	0.06291	0.02037	0.05079	0.02013	0.01461	0.02058	0.01362	0.02085	0.01173	0.01514	0.07465	0.00395	0.29925	0.00742	0.00369	0.00906
17	0.01904	0.23473	0.43668	0.02030	0.03017	0.08039	0.02415	0.02588	0.01746	0.02331	0.01345	0.01574	0.01033	0.00755	0.00696	0.00229	0.01128	0.00546	0.00350	0.01132
18	0.03045	0.03448	0.02335	0.02032	0.02511	0.50955	0.01561	0.19135	0.02698	0.02808	0.01437	0.01591	0.01133	0.00872	0.00753	0.00218	0.01313	0.00577	0.00522	0.01056
19	0.01627	0.04197	0.67279	0.02313	0.03512	0.01884	0.02998	0.02570	0.01713	0.02570	0.01456	0.01713	0.01028	0.00771	0.00771	0.00257	0.01199	0.00600	0.00343	0.01199
20	0.02052	0.02067	0.03213	0.10020	0.52708	0.07612	0.05502	0.02525	0.01871	0.02543	0.01502	0.01984	0.01245	0.00738	0.00806	0.00242	0.01037	0.00718	0.00400	0.01214
21	0.01501	0.01408	0.02345	0.65757	0.05342	0.01741	0.02164	0.02023	0.01635	0.02080	0.01815	0.02474	0.04655	0.00880	0.00819	0.00271	0.01045	0.00776	0.00382	0.00889
22	0.00989	0.00706	0.00942	0.01130	0.01177	0.00659	0.00753	0.01130	0.01554	0.02071	0.04472	0.70954	0.05367	0.02542	0.01036	0.00330	0.00471	0.02307	0.00753	0.00659
23	0.01308	0.00934	0.01308	0.01494	0.01681	0.00934	0.01308	0.01681	0.01868	0.02428	0.04296	0.09153	0.04670	0.02242	0.01121	0.00374	0.00747	0.60960	0.00747	0.00747
24	0.02676	0.01903	0.02086	0.01704	0.02253	0.02090	0.01371	0.33199	0.24100	0.11694	0.02691	0.06200	0.02043	0.01107	0.00829	0.00260	0.00761	0.00890	0.00836	0.01308
25	0.02008	0.01928	0.03294	0.04981	0.66422	0.01928	0.02490	0.02490	0.01848	0.02651	0.01526	0.02008	0.01285	0.00723	0.00803	0.00241	0.00964	0.00723	0.00402	0.01285
26	0.01513	0.00756	0.00756	0.00756	0.00945	0.00756	0.00567	0.01891	0.01702	0.03025	0.02647	0.03025	0.02080	0.00945	0.00567	0.00189	0.00378	0.00756	0.75988	0.00756
27	0.01574	0.01485	0.02509	0.63912	0.10886	0.01814	0.02274	0.02110	0.01642	0.02124	0.01450	0.02150	0.01099	0.00804	0.00811	0.00268	0.01071	0.00721	0.00364	0.00935
28	0.01662	0.08470	0.63306	0.02254	0.03422	0.01968	0.02897	0.02561	0.01709	0.02528	0.01435	0.01687	0.01029	0.00766	0.00755	0.00252	0.01178	0.00589	0.00343	0.01189
29	0.00989	0.00706	0.00942	0.01130	0.01177	0.00659	0.00753	0.01130	0.01554	0.02071	0.04472	0.70954	0.05367	0.02542	0.01036	0.00330	0.00471	0.02307	0.00753	0.00659
30	0.02906	0.03483	0.02437	0.02437	0.10603	0.54108	0.01682	0.08412	0.02374	0.02342	0.01349	0.01575	0.01105	0.00834	0.00748	0.00216	0.01350	0.00566	0.00450	0.01023
31	0.03641	0.01381	0.01883	0.01444	0.02071	0.01193	0.01193	0.03954	0.02322	0.66984	0.03201	0.02762	0.02009	0.01004	0.00816	0.00251	0.00690	0.00816	0.01004	0.01381
32	0.01627	0.04197	0.67279	0.02313	0.03512	0.01884	0.02998	0.02570	0.01713	0.02570	0.01456	0.01713	0.01028	0.00771	0.00771	0.00257	0.01199	0.00600	0.00343	0.01199
33	0.00999	0.00832	0.00878	0.00891	0.01153	0.00711	0.00684	0.01228	0.01874	0.02267	0.10825	0.07837	0.57763	0.02051	0.00973	0.00282	0.00439	0.06859	0.00760	0.00695
34	0.01578	0.00978	0.01347	0.07017	0.01771	0.00938	0.01019	0.01963	0.02195	0.12754	0.43993	0.05571	0.05899	0.01552	0.00941	0.00269	0.00530	0.07969	0.00848	0.00869
35	0.03132	0.02196	0.02388	0.01831	0.02478	0.02403	0.01512	0.58588	0.03687	0.10422	0.02056	0.02018	0.01434	0.00977	0.00812	0.00244	0.00876	0.00738	0.00828	0.01380
36	0.02817	0.02650	0.02118	0.01835	0.02326	0.29578	0.01425	0.11971	0.21536	0.12076	0.02248	0.02189	0.01663	0.00959	0.00783	0.00240	0.01026	0.00713	0.00679	0.01168
37	0.03105	0.02130	0.02333	0.01801	0.02438	0.02319	0.01484	0.52978	0.06614	0.13135	0.02179	0.02108	0.01516	0.00984	0.00813	0.00246	0.00854	0.00751	0.00838	0.01375

[dist]
# distance from previous block
# <min> <max>
0	1

[block]
# block no. 2 follows, 23 sequences, length 67
# corresponding to MSA columns:
# 340-406
name=unknown_C
#
# <colnr> <probs for GDERKNQSTAVLIFYWHMCP>
#	G	D	E	R	K	N	Q	S	T	A	V	L	I	F	Y	W	H	M	C	P
0	0.02008	0.01928	0.03294	0.04981	0.66422	0.01928	0.02490	0.02490	0.01848	0.02651	0.01526	0.02008	0.01285	0.00723	0.00803	0.00241	0.00964	0.00723	0.00402	0.01285
1	0.01339	0.00868	0.01125	0.01067	0.01275	0.00799	0.00801	0.01666	0.02135	0.08080	0.46961	0.10122	0.09446	0.06287	0.01167	0.00301	0.00459	0.04462	0.00853	0.00785
2	0.03006	0.02094	0.09733	0.01706	0.02371	0.04968	0.01518	0.17621	0.11834	0.32543	0.02626	0.02426	0.01770	0.00976	0.00807	0.00252	0.00828	0.00771	0.00827	0.01324
3	0.02966	0.01532	0.01863	0.01530	0.02087	0.01536	0.01231	0.04103	0.28378	0.40531	0.03243	0.02872	0.02203	0.01044	0.00820	0.00261	0.00670	0.00858	0.00930	0.01341
4	0.03641	0.01381	0.01883	0.01444	0.02071	0.01193	0.01193	0.03954	0.02322	0.66984	0.03201	0.02762	0.02009	0.01004	0.00816	0.00251	0.00690	0.00816	0.01004	0.01381
5	0.01093	0.00804	0.01116	0.05674	0.01561	0.00791	0.00955	0.01317	0.01660	0.02208	0.07895	0.51159	0.05093	0.02321	0.01032	0.00329	0.00557	0.13004	0.00735	0.00698
6	0.02003	0.01942	0.03372	0.04899	0.63154	0.01934	0.05695	0.02496	0.01851	0.02648	0.01532	0.02018	0.01282	0.00721	0.00811	0.00243	0.00985	0.00735	0.00402	0.01275
7	0.01010	0.00721	0.00966	0.01154	0.01210	0.00677	0.00790	0.01166	0.01574	0.02095	0.04461	0.66904	0.05321	0.02522	0.01041	0.00332	0.00489	0.06151	0.00753	0.00665
8	0.02987	0.02140	0.02324	0.01793	0.02413	0.02344	0.01477	0.56991	0.03649	0.07858	0.06085	0.02248	0.01809	0.01019	0.00821	0.00245	0.00851	0.00781	0.00826	0.01341
9	0.01936	0.09840	0.04608	0.03129	0.03893	0.02202	0.53418	0.02547	0.01851	0.02489	0.01555	0.02070	0.01202	0.00724	0.00999	0.00267	0.04905	0.00887	0.00401	0.01078
10	0.01691	0.12201	0.59836	0.02204	0.03343	0.02041	0.02808	0.02553	0.01706	0.02492	0.01417	0.01665	0.01029	0.00762	0.00741	0.00247	0.01160	0.00580	0.00343	0.01181
11	0.02169	0.71972	0.04252	0.01388	0.02083	0.03211	0.01388	0.02430	0.01649	0.01909	0.01128	0.01302	0.01041	0.00694	0.00521	0.00174	0.00868	0.00434	0.00347	0.01041
12	0.01862	0.02965	0.30269	0.03042	0.09582	0.01943	0.30924	0.02622	0.01839	0.04723	0.01606	0.01995	0.01178	0.00734	0.00862	0.00263	0.01239	0.00784	0.00401	0.01165
13	0.02397	0.01691	0.01813	0.01576	0.02065	0.04319	0.01239	0.04025	0.44160	0.18693	0.03447	0.03144	0.05516	0.01115	0.00826	0.00267	0.00674	0.00918	0.00850	0.01264
14	0.02216	0.01748	0.01877	0.01648	0.02133	0.01984	0.01293	0.08067	0.56044	0.08598	0.03208	0.02937	0.02370	0.01085	0.00824	0.00271	0.00662	0.00897	0.00839	0.01298
15	0.01001	0.00825	0.00887	0.00923	0.01169	0.00711	0.00706	0.01220	0.01828	0.02209	0.07475	0.13020	0.54262	0.02115	0.00983	0.00290	0.00454	0.08480	0.00753	0.00690
16	0.02279	0.01908	0.01987	0.01942	0.07281	0.09290	0.01419	0.06748	0.37300	0.09559	0.02949	0.03289	0.02333	0.01136	0.00841	0.00271	0.00788	0.06718	0.00755	0.01208
17	0.02831	0.02129	0.02297	0.01765	0.02412	0.02295	0.01449	0.51764	0.07427	0.04677	0.01967	0.01982	0.01426	0.00933	0.00785	0.00229	0.00838	0.00709	0.00769	0.11316
18	0.01002	0.00716	0.00957	0.01145	0.01198	0.00670	0.00776	0.01153	0.01567	0.02086	0.04465	0.68392	0.05338	0.02530	0.01039	0.00331	0.00482	0.04738	0.00753	0.00663
19	0.02008	0.01928	0.03294	0.04981	0.66422	0.01928	0.02490	0.02490	0.01848	0.02651	0.01526	0.02008	0.01285	0.00723	0.00803	0.00241	0.00964	0.00723	0.00402	0.01285
20	0.01691	0.01580	0.02677	0.27967	0.20547	0.01717	0.08959	0.02316	0.05911	0.02437	0.02139	0.03480	0.01910	0.01058	0.00884	0.00282	0.00992	0.11951	0.00479	0.01021
21	0.01627	0.04197	0.67279	0.02313	0.03512	0.01884	0.02998	0.02570	0.01713	0.02570	0.01456	0.01713	0.01028	0.00771	0.00771	0.00257	0.01199	0.00600	0.00343	0.01199
22	0.00986	0.00755	0.00904	0.01010	0.01149	0.00674	0.00703	0.01163	0.01701	0.02176	0.08971	0.44171	0.28091	0.02316	0.01003	0.00305	0.00444	0.02043	0.00760	0.00674
23	0.02051	0.46727	0.23850	0.01719	0.02555	0.06657	0.01903	0.02522	0.01708	0.02120	0.01238	0.01440	0.01037	0.00727	0.00611	0.00202	0.01007	0.00491	0.00350	0.01085
24	0.01978	0.02110	0.08419	0.04767	0.61382	0.01924	0.02531	0.02497	0.01837	0.02644	0.01521	0.01985	0.01265	0.00727	0.00801	0.00242	0.00983	0.00713	0.00397	0.01278
25	0.03641	0.01381	0.01883	0.01444	0.02071	0.01193	0.01193	0.03954	0.02322	0.66984	0.03201	0.02762	0.02009	0.01004	0.00816	0.00251	0.00690	0.00816	0.01004	0.01381
26	0.01409	0.00705	0.01057	0.01057	0.01057	0.00705	0.00705	0.01057	0.01057	0.01409	0.01409	0.02467	0.01409	0.02819	0.03171	0.76392	0.00705	0.00705	0.00352	0.00352
27	0.01945	0.02287	0.13077	0.04484	0.53197	0.01929	0.06189	0.02509	0.01831	0.02636	0.01523	0.01974	0.01243	0.00728	0.00808	0.00245	0.01024	0.00718	0.00393	0.01261
28	0.01293	0.00924	0.01291	0.01478	0.01658	0.00921	0.01282	0.01656	0.01854	0.02412	0.04304	0.11970	0.04702	0.02255	0.01117	0.00372	0.00735	0.58286	0.00747	0.00743
29	0.01121	0.00823	0.01050	0.01005	0.01198	0.00752	0.00749	0.01473	0.02214	0.03085	0.56930	0.09407	0.13680	0.01743	0.00961	0.00261	0.00390	0.01534	0.00872	0.00752
30	0.02228	0.58865	0.10992	0.01494	0.02239	0.02903	0.01550	0.02567	0.01710	0.07194	0.01330	0.01464	0.01117	0.00727	0.00572	0.00189	0.00890	0.00483	0.00399	0.01086
31	0.03233	0.01496	0.01889	0.01507	0.02095	0.01433	0.01226	0.05946	0.17439	0.49711	0.03186	0.02800	0.02101	0.01027	0.00818	0.00257	0.00685	0.00838	0.00955	0.01358
32	0.03579	0.01479	0.01944	0.01490	0.02120	0.01338	0.01231	0.10526	0.02487	0.60181	0.03063	0.02672	0.01939	0.01001	0.00816	0.00250	0.00713	0.00807	0.00983	0.01381
33	0.01864	0.01931	0.02389	0.02072	0.02125	0.09160	0.01704	0.02052	0.01356	0.01952	0.01157	0.01836	0.01126	0.01666	0.06763	0.00402	0.58495	0.00701	0.00367	0.00882
34	0.02099	0.34536	0.19833	0.01931	0.05669	0.06788	0.04239	0.02684	0.05538	0.05285	0.03419	0.01798	0.01385	0.00791	0.00674	0.00216	0.00979	0.00594	0.00431	0.01111
35	0.01970	0.01999	0.05904	0.07961	0.60901	0.01920	0.02500	0.02474	0.01831	0.02620	0.01519	0.02003	0.01265	0.00729	0.00802	0.00243	0.00979	0.00718	0.00397	0.01263
36	0.01651	0.04036	0.62273	0.02401	0.03570	0.01898	0.07842	0.02572	0.01729	0.02572	0.01471	0.01751	0.01044	0.00764	0.00786	0.00258	0.01213	0.00628	0.00348	0.01191
37	0.01602	0.01727	0.07839	0.12677	0.24676	0.01559	0.11014	0.02061	0.01730	0.02387	0.02374	0.21895	0.02403	0.01258	0.00892	0.00277	0.00917	0.01204	0.00494	0.01015
38	0.01889	0.01719	0.02801	0.20804	0.28898	0.03934	0.08795	0.02357	0.01843	0.06635	0.02373	0.02890	0.07912	0.00942	0.00846	0.00259	0.00976	0.02566	0.00477	0.01083
39	0.02824	0.33497	0.03018	0.01502	0.02109	0.06575	0.01340	0.03099	0.01952	0.29427	0.02009	0.01958	0.01452	0.00878	0.00787	0.00219	0.04938	0.00618	0.00630	0.01169
40	0.02102	0.07459	0.02991	0.08383	0.35381	0.05929	0.04847	0.10251	0.02116	0.02832	0.04183	0.02556	0.01713	0.00900	0.00812	0.00247	0.00968	0.04676	0.00490	0.01166
41	0.01688	0.11811	0.60199	0.02209	0.03351	0.02033	0.02817	0.02554	0.01706	0.02495	0.01419	0.01667	0.01029	0.00762	0.00743	0.00248	0.01162	0.00581	0.00343	0.01181
42	0.02053	0.01662	0.01818	0.03886	0.02173	0.01891	0.01283	0.05806	0.53262	0.06697	0.05662	0.05207	0.02664	0.01149	0.00836	0.00274	0.00652	0.00965	0.00819	0.01240
43	0.00961	0.00813	0.00832	0.00847	0.01102	0.00683	0.00627	0.01162	0.01826	0.02182	0.07920	0.12867	0.61228	0.02094	0.00965	0.00278	0.00416	0.01760	0.00753	0.00683
44	0.01951	0.02071	0.06777	0.11756	0.33337	0.01992	0.19726	0.05391	0.01908	0.02660	0.01551	0.02053	0.01231	0.00759	0.00906	0.00258	0.03302	0.00783	0.00414	0.01173
45	0.06244	0.02621	0.02181	0.02246	0.11396	0.30349	0.01527	0.08609	0.13704	0.02781	0.05476	0.05446	0.01937	0.01004	0.00782	0.00239	0.01040	0.00776	0.00573	0.01066
46	0.01039	0.00774	0.01040	0.01194	0.01238	0.00775	0.00818	0.01182	0.01534	0.02064	0.04255	0.66548	0.05093	0.02471	0.01139	0.00331	0.04899	0.02205	0.00728	0.00674
47	0.01987	0.01990	0.03411	0.10243	0.49614	0.04163	0.11646	0.02496	0.01853	0.02571	0.01527	0.02031	0.01251	0.00729	0.00825	0.00247	0.01052	0.00752	0.00400	0.01212
48	0.01707	0.09583	0.40786	0.02181	0.03087	0.04647	0.09593	0.02426	0.01776	0.02501	0.07223	0.02183	0.01695	0.01111	0.04121	0.00303	0.02862	0.00717	0.00408	0.01092
49	0.01797	0.25413	0.47549	0.02023	0.03064	0.02300	0.02494	0.02526	0.01693	0.02363	0.01353	0.01584	0.01032	0.00747	0.00693	0.00231	0.01095	0.00548	0.00344	0.01150
50	0.01031	0.00825	0.00922	0.00898	0.01140	0.00716	0.00673	0.01304	0.02020	0.02597	0.30253	0.07142	0.43807	0.01904	0.00958	0.00267	0.00400	0.01619	0.00807	0.00716
51	0.05210	0.01891	0.02042	0.01637	0.02202	0.05344	0.01320	0.26657	0.13161	0.24542	0.02546	0.02500	0.01804	0.04206	0.00953	0.00274	0.00803	0.00790	0.00832	0.01286
52	0.02594	0.05741	0.02464	0.06036	0.14337	0.42545	0.01702	0.03017	0.06234	0.02250	0.01508	0.01769	0.01233	0.00831	0.00739	0.00220	0.01224	0.00603	0.03932	0.01020
53	0.00987	0.00711	0.00937	0.01118	0.01174	0.00660	0.00748	0.01131	0.01565	0.02076	0.04616	0.68535	0.07693	0.02523	0.01033	0.00327	0.00468	0.02284	0.00753	0.00660
54	0.02181	0.01897	0.01850	0.01665	0.02111	0.09160	0.01308	0.07397	0.44412	0.06272	0.03221	0.03420	0.04334	0.01181	0.00842	0.00273	0.00751	0.05751	0.00780	0.01195
55	0.01967	0.02109	0.06545	0.07104	0.43748	0.06120	0.08238	0.02458	0.01860	0.02571	0.04865	0.02184	0.01565	0.00815	0.00909	0.00251	0.04328	0.00765	0.00422	0.01177
56	0.01450	0.01065	0.01505	0.01621	0.07160	0.01019	0.04291	0.01867	0.06829	0.07778	0.06314	0.34552	0.13975	0.01920	0.00967	0.00299	0.00597	0.05195	0.00736	0.00859
57	0.02138	0.01313	0.01565	0.01326	0.01736	0.01311	0.01048	0.11562	0.12333	0.18479	0.27102	0.04357	0.09567	0.01351	0.00882	0.00257	0.00573	0.01141	0.00885	0.01075
58	0.01669	0.09085	0.50552	0.02319	0.06530	0.01912	0.05590	0.02445	0.01682	0.02443	0.01531	0.02007	0.01206	0.06422	0.01031	0.00293	0.01136	0.00657	0.00361	0.01129
59	0.01898	0.02102	0.04417	0.03584	0.14110	0.01987	0.51613	0.02534	0.01902	0.02594	0.01841	0.02346	0.03387	0.00736	0.00933	0.00268	0.01272	0.00945	0.00420	0.01111
60	0.23006	0.01997	0.06477	0.08654	0.06198	0.01923	0.27515	0.05777	0.01850	0.06798	0.01575	0.01932	0.01165	0.00756	0.00784	0.00262	0.01043	0.00742	0.00484	0.01063
61	0.02685	0.01887	0.08975	0.01611	0.02251	0.01635	0.01424	0.13351	0.16359	0.27315	0.05977	0.02661	0.02135	0.00998	0.00803	0.00246	0.00744	0.00808	0.00814	0.07320
62	0.44506	0.05099	0.06923	0.01395	0.01939	0.01756	0.04848	0.05413	0.01727	0.04996	0.08293	0.02481	0.01933	0.00958	0.00664	0.00257	0.00726	0.04581	0.00562	0.00943
63	0.01825	0.01174	0.01640	0.01435	0.01744	0.01147	0.06186	0.07028	0.05010	0.13939	0.13369	0.18728	0.03836	0.11677	0.04001	0.00394	0.00738	0.04470	0.00750	0.00911
64	0.02840	0.02185	0.02487	0.01926	0.02540	0.05429	0.06663	0.45965	0.06634	0.07567	0.05825	0.02286	0.01812	0.00992	0.00830	0.00247	0.00907	0.00797	0.00774	0.01293
65	0.09581	0.06162	0.15791	0.09084	0.06003	0.01639	0.04517	0.02529	0.06995	0.10112	0.05923	0.07634	0.04263	0.01130	0.00811	0.00267	0.00848	0.05083	0.00583	0.01044
66	0.27581	0.25248	0.05146	0.01532	0.02126	0.12158	0.04962	0.02601	0.01731	0.06022	0.03478	0.01636	0.01271	0.00786	0.00612	0.00221	0.00893	0.00541	0.00466	0.00989

[dist]
# distance from previous block
# <min> <max>
0	4

[block]
# block no. 3 follows, 23 sequences, length 54
# corresponding to MSA columns:
# 411-464
name=unknown_D
#
# <colnr> <probs for GDERKNQSTAVLIFYWHMCP>
#	G	D	E	R	K	N	Q	S	T	A	V	L	I	F	Y	W	H	M	C	P
0	0.01528	0.01451	0.02517	0.09023	0.02703	0.01576	0.17985	0.01963	0.01840	0.02575	0.21671	0.03893	0.03478	0.01516	0.04436	0.00339	0.14344	0.05701	0.00571	0.00888
1	0.19507	0.02036	0.01906	0.01601	0.02075	0.09999	0.01297	0.27010	0.04534	0.03762	0.05649	0.02658	0.05203	0.01096	0.00878	0.00258	0.05142	0.03648	0.00664	0.01078
2	0.02027	0.46343	0.22149	0.01690	0.02495	0.06344	0.01848	0.02482	0.01692	0.02102	0.01265	0.01492	0.01071	0.00906	0.02892	0.00238	0.01040	0.00501	0.00353	0.01070
3	0.00989	0.00706	0.00942	0.01130	0.01177	0.00659	0.00753	0.01130	0.01554	0.02071	0.04472	0.70954	0.05367	0.02542	0.01036	0.00330	0.00471	0.02307	0.00753	0.00659
4	0.01131	0.00909	0.01282	0.01292	0.01464	0.00862	0.05635	0.01449	0.05131	0.02204	0.04735	0.46907	0.14747	0.04437	0.01108	0.00330	0.00561	0.04365	0.00722	0.00730
5	0.02080	0.02119	0.03006	0.04334	0.53780	0.10739	0.02250	0.02508	0.01908	0.02533	0.01907	0.02297	0.05294	0.00821	0.00803	0.00239	0.00996	0.00758	0.00426	0.01202
6	0.01203	0.00958	0.01210	0.01353	0.04932	0.00878	0.01027	0.01510	0.01873	0.02392	0.09011	0.07667	0.31133	0.01970	0.01000	0.00305	0.00587	0.25972	0.00726	0.04293
7	0.01859	0.01772	0.02114	0.02702	0.26699	0.12162	0.01549	0.02208	0.02021	0.05529	0.14195	0.03997	0.17409	0.01224	0.00855	0.00246	0.00804	0.01052	0.00598	0.01005
8	0.01791	0.08495	0.53804	0.02367	0.05516	0.01954	0.06556	0.02625	0.01755	0.05591	0.01531	0.01774	0.01097	0.00770	0.00769	0.00251	0.01155	0.00625	0.00381	0.01193
9	0.01912	0.24089	0.39095	0.02108	0.03092	0.02265	0.08544	0.02596	0.01743	0.05390	0.01459	0.01687	0.01098	0.00750	0.00717	0.00233	0.01094	0.00596	0.00382	0.01150
10	0.01006	0.00718	0.00961	0.01149	0.01204	0.00674	0.00783	0.01159	0.01570	0.02090	0.04463	0.67652	0.05329	0.02526	0.01040	0.00332	0.00486	0.05440	0.00753	0.00664
11	0.02186	0.01892	0.01925	0.01695	0.02175	0.04757	0.01327	0.11355	0.55126	0.03542	0.03058	0.02835	0.02288	0.01075	0.00820	0.00269	0.00705	0.00879	0.00807	0.01282
12	0.02224	0.02270	0.08848	0.08188	0.42986	0.09381	0.02286	0.02704	0.01920	0.09031	0.01653	0.02005	0.01294	0.00774	0.00794	0.00242	0.01022	0.00698	0.00456	0.01223
13	0.01650	0.04039	0.62360	0.02400	0.03569	0.01898	0.07759	0.02572	0.01729	0.02572	0.01471	0.01751	0.01044	0.00764	0.00786	0.00258	0.01212	0.00628	0.00348	0.01191
14	0.01532	0.01442	0.02434	0.69533	0.05589	0.01803	0.02253	0.02073	0.01622	0.02073	0.01442	0.02163	0.01082	0.00811	0.00811	0.00270	0.01082	0.00721	0.00361	0.00901
15	0.02190	0.65818	0.04053	0.01426	0.02098	0.05319	0.01389	0.02561	0.05165	0.01994	0.01252	0.01402	0.01121	0.00721	0.00545	0.00180	0.00875	0.00464	0.00376	0.01051
16	0.01855	0.05929	0.20236	0.06433	0.16757	0.02027	0.29806	0.02537	0.01824	0.02545	0.01537	0.01987	0.01175	0.00720	0.00851	0.00258	0.01205	0.00783	0.00386	0.01149
17	0.00989	0.00706	0.00942	0.01130	0.01177	0.00659	0.00753	0.01130	0.01554	0.02071	0.04472	0.70954	0.05367	0.02542	0.01036	0.00330	0.00471	0.02307	0.00753	0.00659
18	0.01149	0.01212	0.08953	0.01418	0.01653	0.00902	0.03696	0.01442	0.01634	0.02205	0.03974	0.50808	0.04582	0.02212	0.01014	0.00325	0.00635	0.10743	0.00690	0.00754
19	0.02558	0.05196	0.02203	0.01907	0.07236	0.02019	0.01422	0.16675	0.32101	0.15618	0.02750	0.02584	0.01992	0.01006	0.00804	0.00256	0.00741	0.00820	0.00800	0.01311
20	0.01822	0.02662	0.27306	0.02240	0.09230	0.01890	0.02074	0.03286	0.30041	0.02938	0.02467	0.02796	0.01930	0.01005	0.00821	0.00271	0.00898	0.04518	0.00590	0.01218
21	0.05756	0.00972	0.01245	0.01137	0.01419	0.00906	0.00882	0.02021	0.02176	0.15338	0.42793	0.09944	0.05885	0.01578	0.00920	0.00266	0.00481	0.04525	0.00875	0.00881
22	0.01546	0.02761	0.38483	0.01790	0.02571	0.01425	0.02068	0.02241	0.01951	0.05914	0.23990	0.03576	0.03520	0.01150	0.00852	0.00261	0.00873	0.03409	0.00582	0.01039
23	0.16605	0.20294	0.09610	0.01567	0.02170	0.08581	0.01438	0.06079	0.17261	0.02914	0.04833	0.02047	0.01691	0.00887	0.00675	0.00233	0.00838	0.00644	0.00550	0.01081
24	0.00989	0.00706	0.00942	0.01130	0.01177	0.00659	0.00753	0.01130	0.01554	0.02071	0.04472	0.70954	0.05367	0.02542	0.01036	0.00330	0.00471	0.02307	0.00753	0.00659
25	0.01562	0.01473	0.02487	0.65508	0.09382	0.01811	0.02268	0.02099	0.01637	0.02109	0.01447	0.02154	0.01094	0.00806	0.00811	0.00269	0.01074	0.00721	0.00363	0.00925
26	0.01776	0.11986	0.52173	0.05843	0.03392	0.06303	0.02676	0.02569	0.01738	0.02428	0.01404	0.01673	0.01033	0.00768	0.00741	0.00245	0.01171	0.00582	0.00349	0.01148
27	0.02293	0.02448	0.02887	0.07224	0.35104	0.20971	0.05212	0.06277	0.02086	0.02554	0.01745	0.02100	0.03831	0.00827	0.00798	0.00237	0.01108	0.00718	0.00443	0.01137
28	0.01002	0.00712	0.00938	0.01112	0.01156	0.00668	0.00735	0.01133	0.01527	0.02036	0.04336	0.66294	0.05195	0.07436	0.01255	0.00362	0.00493	0.02227	0.00735	0.00647
29	0.02249	0.06078	0.07039	0.06737	0.14599	0.14653	0.01752	0.08047	0.17034	0.04744	0.01985	0.02265	0.01581	0.04259	0.00999	0.00273	0.03287	0.00731	0.00551	0.01135
30	0.01962	0.02351	0.13845	0.03908	0.40403	0.03892	0.09574	0.05381	0.01941	0.02705	0.01884	0.02259	0.04562	0.00810	0.00822	0.00248	0.01034	0.00775	0.00431	0.01212
31	0.06893	0.01364	0.01788	0.01415	0.01992	0.01227	0.01154	0.03715	0.05160	0.56836	0.03189	0.07077	0.02192	0.01095	0.00816	0.00257	0.00671	0.00898	0.00956	0.01306
32	0.02042	0.01651	0.01775	0.01573	0.01974	0.03982	0.01241	0.12112	0.32149	0.06252	0.07318	0.07344	0.07774	0.01330	0.00964	0.00278	0.04439	0.03889	0.00784	0.01130
33	0.05331	0.04360	0.01970	0.01513	0.02034	0.01479	0.05123	0.07846	0.11739	0.28391	0.09380	0.03640	0.09392	0.01187	0.00840	0.00259	0.00690	0.02829	0.00833	0.01162
34	0.06085	0.01922	0.02144	0.02137	0.11568	0.06390	0.01483	0.12480	0.29146	0.14041	0.02587	0.02490	0.01892	0.00977	0.00797	0.00256	0.00788	0.00796	0.00749	0.01272
35	0.01907	0.02136	0.04490	0.03376	0.07232	0.02087	0.54412	0.02531	0.01847	0.02540	0.01580	0.02140	0.01218	0.00757	0.01114	0.00280	0.07944	0.00922	0.00405	0.01084
36	0.01845	0.02153	0.06688	0.03166	0.03901	0.02002	0.53548	0.02474	0.01841	0.02524	0.01745	0.05816	0.01433	0.00839	0.01076	0.00282	0.06186	0.00999	0.00422	0.01060
37	0.01827	0.12520	0.52390	0.02285	0.06482	0.02017	0.02668	0.02624	0.01746	0.06046	0.01514	0.01734	0.01097	0.00772	0.00743	0.00245	0.01117	0.00597	0.00383	0.01194
38	0.01606	0.01119	0.01291	0.01248	0.01556	0.01117	0.00959	0.02378	0.18489	0.10433	0.05112	0.19915	0.22288	0.01799	0.00939	0.00293	0.00551	0.07174	0.00803	0.00928
39	0.01706	0.09212	0.54477	0.02381	0.03493	0.02009	0.10520	0.02563	0.01734	0.02522	0.01454	0.01741	0.01055	0.00754	0.00775	0.00253	0.01195	0.00632	0.00352	0.01174
40	0.05523	0.01834	0.10540	0.01566	0.02199	0.01489	0.01420	0.09519	0.09586	0.35424	0.09756	0.02885	0.02455	0.01045	0.00815	0.00254	0.00737	0.00849	0.00845	0.01259
41	0.01999	0.02315	0.14903	0.02809	0.05542	0.01820	0.36628	0.04810	0.01954	0.09144	0.02036	0.08512	0.01664	0.00915	0.00908	0.00271	0.01157	0.00990	0.00505	0.01118
42	0.01860	0.01840	0.02824	0.34752	0.33635	0.06576	0.02315	0.02350	0.01775	0.02335	0.01468	0.02042	0.01174	0.00772	0.00802	0.00252	0.01054	0.00708	0.00384	0.01083
43	0.01797	0.11196	0.43052	0.04311	0.03272	0.07199	0.07820	0.02531	0.01778	0.02428	0.01621	0.02231	0.01309	0.00866	0.00782	0.00254	0.01162	0.04895	0.00384	0.01111
44	0.02299	0.05569	0.02940	0.08603	0.31502	0.05588	0.05926	0.08847	0.08623	0.09294	0.01885	0.02141	0.01445	0.00824	0.00800	0.00245	0.00954	0.00742	0.00542	0.01230
45	0.03366	0.04646	0.01933	0.01409	0.02015	0.01288	0.01171	0.05385	0.02300	0.57602	0.03426	0.03029	0.06495	0.01064	0.00812	0.00249	0.00685	0.00859	0.00950	0.01316
46	0.01465	0.01144	0.01779	0.01579	0.01860	0.01105	0.11253	0.05056	0.01890	0.04665	0.11827	0.18681	0.06604	0.11958	0.01461	0.00378	0.00744	0.15059	0.00687	0.00805
47	0.01807	0.09063	0.44899	0.02478	0.03512	0.05434	0.16425	0.02600	0.01784	0.02494	0.01462	0.01775	0.01076	0.00749	0.00791	0.00252	0.01225	0.00663	0.00362	0.01150
48	0.02409	0.02597	0.02077	0.01987	0.05366	0.29253	0.01460	0.03684	0.33734	0.02742	0.02410	0.02562	0.01911	0.01016	0.00797	0.00250	0.01000	0.02986	0.00634	0.01123
49	0.00987	0.00817	0.00865	0.00866	0.01116	0.00695	0.00645	0.01213	0.01895	0.02332	0.16008	0.10999	0.54709	0.02027	0.00963	0.00274	0.00410	0.01711	0.00773	0.00695
50	0.02848	0.01811	0.02059	0.01651	0.02196	0.01915	0.01333	0.38018	0.05978	0.18649	0.02673	0.12491	0.02169	0.01221	0.00847	0.00260	0.00772	0.00994	0.00847	0.01268
51	0.01925	0.02162	0.04636	0.03579	0.10568	0.02039	0.57269	0.02588	0.01908	0.02604	0.01630	0.02170	0.01237	0.00688	0.00942	0.00270	0.01327	0.00934	0.00410	0.01114
52	0.00999	0.00714	0.00951	0.01123	0.01179	0.00666	0.00754	0.01156	0.01601	0.02147	0.08416	0.66794	0.05513	0.02486	0.01031	0.00325	0.00465	0.02253	0.00762	0.00666
53	0.01901	0.02315	0.09129	0.03441	0.08175	0.02032	0.55272	0.02590	0.01897	0.02600	0.01621	0.02143	0.01220	0.00693	0.00934	0.00270	0.01330	0.00917	0.00405	0.01114

[dist]
# distance from previous block
# <min> <max>
0	1

[block]
# block no. 4 follows, 23 sequences, length 254
# corresponding to MSA columns:
# 466-719
name=unknown_E
#
# <colnr> <probs for GDERKNQSTAVLIFYWHMCP>
#	G	D	E	R	K	N	Q	S	T	A	V	L	I	F	Y	W	H	M	C	P
0	0.01901	0.02148	0.04560	0.03292	0.04032	0.02095	0.57369	0.02535	0.01849	0.02535	0.01585	0.02148	0.01215	0.00757	0.01126	0.00282	0.08159	0.00933	0.00405	0.01074
1	0.09408	0.22972	0.36765	0.01968	0.02911	0.02289	0.05542	0.05015	0.01759	0.02595	0.01361	0.01592	0.01042	0.00751	0.00685	0.00233	0.01045	0.00561	0.00383	0.01124
2	0.00993	0.00764	0.00887	0.00972	0.01131	0.00674	0.00682	0.01144	0.01679	0.02101	0.06212	0.36074	0.35676	0.02310	0.01096	0.03825	0.00452	0.01934	0.00735	0.00658
3	0.01967	0.02267	0.04673	0.03358	0.04161	0.05117	0.60607	0.02629	0.01933	0.02571	0.01624	0.02155	0.01223	0.00691	0.00947	0.00271	0.01372	0.00937	0.00411	0.01087
4	0.01204	0.01053	0.04689	0.01147	0.01397	0.00887	0.00930	0.01686	0.05509	0.03021	0.47613	0.12304	0.09366	0.01713	0.00955	0.00270	0.00467	0.04153	0.00833	0.00802
5	0.01775	0.01832	0.03582	0.21987	0.04193	0.01904	0.35767	0.02448	0.04706	0.02488	0.01709	0.02263	0.01301	0.00791	0.00957	0.00270	0.04228	0.00862	0.05923	0.01014
6	0.01904	0.02238	0.07142	0.03255	0.04051	0.02056	0.56332	0.02659	0.04807	0.02616	0.01694	0.02196	0.01276	0.00728	0.00993	0.00275	0.03316	0.00934	0.00425	0.01101
7	0.03031	0.03867	0.02299	0.02090	0.02508	0.68226	0.01568	0.03240	0.02299	0.01986	0.01254	0.01463	0.01045	0.00836	0.00732	0.00209	0.01463	0.00523	0.00418	0.00941
8	0.01675	0.07740	0.60848	0.02232	0.03370	0.01962	0.02832	0.02643	0.04639	0.02572	0.01524	0.01752	0.01096	0.00782	0.00760	0.00253	0.01156	0.00605	0.00365	0.01195
9	0.01127	0.00800	0.00833	0.00836	0.01069	0.00710	0.00622	0.01391	0.01836	0.02505	0.11656	0.09175	0.40942	0.01742	0.00856	0.00252	0.00402	0.01459	0.21076	0.00710
10	0.02968	0.02229	0.02440	0.01890	0.02482	0.02514	0.01563	0.58230	0.03587	0.04833	0.01870	0.01933	0.01352	0.01014	0.00976	0.00253	0.07031	0.00729	0.00771	0.01336
11	0.01532	0.01442	0.02434	0.69533	0.05589	0.01803	0.02253	0.02073	0.01622	0.02073	0.01442	0.02163	0.01082	0.00811	0.00811	0.00270	0.01082	0.00721	0.00361	0.00901
12	0.01627	0.04197	0.67279	0.02313	0.03512	0.01884	0.02998	0.02570	0.01713	0.02570	0.01456	0.01713	0.01028	0.00771	0.00771	0.00257	0.01199	0.00600	0.00343	0.01199
13	0.01783	0.01558	0.02149	0.01856	0.02295	0.01663	0.11706	0.05341	0.31023	0.03039	0.06764	0.04680	0.05171	0.01369	0.00932	0.00297	0.00778	0.15782	0.00737	0.01075
14	0.01616	0.01487	0.02434	0.65907	0.05424	0.01841	0.02215	0.05376	0.01740	0.02236	0.01469	0.02152	0.01098	0.00820	0.00811	0.00269	0.01072	0.00722	0.00385	0.00927
15	0.01314	0.01129	0.01763	0.22340	0.05643	0.01224	0.04675	0.01756	0.05573	0.02209	0.03192	0.38964	0.03475	0.01743	0.00940	0.00301	0.00738	0.01593	0.00604	0.00823
16	0.02054	0.02014	0.03249	0.04852	0.63575	0.04880	0.02449	0.02524	0.01868	0.02621	0.01514	0.01984	0.01275	0.00728	0.00800	0.00240	0.00986	0.00714	0.00402	0.01270
17	0.01627	0.04197	0.67279	0.02313	0.03512	0.01884	0.02998	0.02570	0.01713	0.02570	0.01456	0.01713	0.01028	0.00771	0.00771	0.00257	0.01199	0.00600	0.00343	0.01199
18	0.02009	0.01918	0.03216	0.04803	0.62983	0.01933	0.02426	0.02588	0.05222	0.02691	0.01621	0.02063	0.01349	0.00743	0.00805	0.00243	0.00947	0.00733	0.00424	0.01285
19	0.00989	0.00706	0.00942	0.01130	0.01177	0.00659	0.00753	0.01130	0.01554	0.02071	0.04472	0.70954	0.05367	0.02542	0.01036	0.00330	0.00471	0.02307	0.00753	0.00659
20	0.01785	0.27428	0.41338	0.01912	0.02874	0.02273	0.02302	0.02456	0.01727	0.02384	0.05380	0.01843	0.01447	0.00800	0.00696	0.00228	0.01033	0.00597	0.00379	0.01117
21	0.02008	0.01928	0.03294	0.04981	0.66422	0.01928	0.02490	0.02490	0.01848	0.02651	0.01526	0.02008	0.01285	0.00723	0.00803	0.00241	0.00964	0.00723	0.00402	0.01285
22	0.01627	0.04197	0.67279	0.02313	0.03512	0.01884	0.02998	0.02570	0.01713	0.02570	0.01456	0.01713	0.01028	0.00771	0.00771	0.00257	0.01199	0.00600	0.00343	0.01199
23	0.01111	0.00811	0.01043	0.01020	0.01198	0.00744	0.00752	0.01445	0.02156	0.03002	0.52694	0.15332	0.12030	0.01815	0.00968	0.00267	0.00397	0.01605	0.00862	0.00744
24	0.02139	0.02115	0.03308	0.06994	0.46850	0.08473	0.10532	0.02617	0.01910	0.04960	0.01574	0.02013	0.01273	0.00743	0.00818	0.00244	0.01062	0.00738	0.00425	0.01213
25	0.01892	0.02373	0.10891	0.03395	0.07532	0.02029	0.54191	0.02590	0.01892	0.02599	0.01617	0.02132	0.01214	0.00695	0.00931	0.00270	0.01329	0.00909	0.00403	0.01115
26	0.01029	0.00732	0.00975	0.01155	0.01214	0.00692	0.00797	0.01187	0.01568	0.02085	0.04371	0.61950	0.05191	0.05545	0.01180	0.00354	0.00512	0.08061	0.00741	0.00660
27	0.01940	0.01759	0.02908	0.07882	0.02877	0.02118	0.16456	0.02288	0.01545	0.08549	0.01505	0.02080	0.01252	0.01405	0.05459	0.00370	0.37404	0.00789	0.00437	0.00978
28	0.02423	0.01696	0.05330	0.01567	0.02093	0.01646	0.01312	0.10596	0.27378	0.20918	0.05165	0.05603	0.06105	0.01201	0.00847	0.00269	0.00692	0.03090	0.00840	0.01228
29	0.02169	0.71972	0.04252	0.01388	0.02083	0.03211	0.01388	0.02430	0.01649	0.01909	0.01128	0.01302	0.01041	0.00694	0.00521	0.00174	0.00868	0.00434	0.00347	0.01041
30	0.01145	0.00819	0.01119	0.01293	0.01413	0.00792	0.01011	0.01407	0.01739	0.02300	0.07680	0.38779	0.05165	0.02355	0.01071	0.00346	0.00594	0.29505	0.00758	0.00706
31	0.01734	0.17492	0.54916	0.02131	0.03232	0.02145	0.02682	0.02542	0.01701	0.02440	0.01392	0.01632	0.01031	0.00756	0.00722	0.00241	0.01134	0.00567	0.00344	0.01168
32	0.03293	0.01741	0.02000	0.01586	0.02182	0.05727	0.01290	0.14478	0.10741	0.43743	0.02872	0.02572	0.01899	0.01001	0.00811	0.00250	0.00768	0.00796	0.00910	0.01341
33	0.01900	0.01837	0.03187	0.18876	0.49923	0.01907	0.05700	0.02406	0.01802	0.02523	0.01514	0.02052	0.01238	0.00740	0.00813	0.00249	0.01011	0.00735	0.00393	0.01192
34	0.01785	0.01536	0.02672	0.02156	0.02644	0.01503	0.23757	0.05676	0.07207	0.06321	0.11698	0.04965	0.03342	0.01368	0.00982	0.00299	0.00917	0.19515	0.00669	0.00988
35	0.21753	0.01720	0.01891	0.08224	0.02394	0.01883	0.01317	0.23042	0.06976	0.15859	0.02159	0.05730	0.01634	0.01000	0.00747	0.00256	0.00765	0.00769	0.00722	0.01160
36	0.01821	0.28411	0.44761	0.01982	0.03001	0.02358	0.02423	0.02520	0.01690	0.02334	0.01339	0.01566	0.01033	0.00744	0.00681	0.00227	0.01081	0.00540	0.00344	0.01143
37	0.01109	0.01013	0.00946	0.00952	0.01219	0.04922	0.00719	0.01320	0.01865	0.02186	0.07401	0.10409	0.55926	0.02011	0.00957	0.00278	0.00498	0.04833	0.00732	0.00703
38	0.01941	0.01926	0.03236	0.17534	0.45927	0.04270	0.08445	0.02445	0.01826	0.02508	0.01511	0.02038	0.01231	0.00741	0.00818	0.00249	0.01045	0.00739	0.00395	0.01178
39	0.02563	0.01444	0.01747	0.01463	0.01938	0.01455	0.01171	0.11513	0.16832	0.27853	0.14059	0.06507	0.03252	0.01247	0.00862	0.00264	0.00646	0.03088	0.00898	0.01198
40	0.01052	0.00804	0.01155	0.01225	0.01340	0.00746	0.04108	0.01250	0.01662	0.02223	0.10609	0.57471	0.08619	0.02329	0.01020	0.00316	0.00507	0.02120	0.00749	0.00694
41	0.07189	0.02641	0.02215	0.02281	0.12037	0.29295	0.01550	0.09259	0.15989	0.02823	0.02177	0.02267	0.04896	0.00951	0.00769	0.00238	0.01042	0.00719	0.00567	0.01095
42	0.01564	0.01318	0.02222	0.04011	0.08582	0.01285	0.14986	0.02088	0.06824	0.05975	0.10614	0.27980	0.03762	0.01588	0.00954	0.00291	0.00761	0.03599	0.00667	0.00928
43	0.01928	0.09057	0.04528	0.03103	0.03838	0.02206	0.51791	0.02524	0.01828	0.02473	0.01539	0.02064	0.01197	0.00751	0.01067	0.00271	0.07480	0.00884	0.00399	0.01071
44	0.13844	0.01644	0.01734	0.01442	0.01893	0.01784	0.01140	0.28532	0.07373	0.06688	0.09299	0.06696	0.04879	0.08127	0.01127	0.00308	0.00718	0.00949	0.00745	0.01077
45	0.01905	0.02158	0.04614	0.03323	0.04081	0.02085	0.58814	0.02550	0.01864	0.02550	0.01598	0.02158	0.01219	0.00740	0.01086	0.00280	0.06552	0.00939	0.00406	0.01079
46	0.01758	0.01635	0.02631	0.33821	0.26449	0.01865	0.02159	0.02399	0.07928	0.02378	0.01635	0.02184	0.01303	0.00915	0.00996	0.03063	0.04667	0.00740	0.00421	0.01054
47	0.09494	0.01555	0.01819	0.01471	0.01994	0.01571	0.01189	0.20654	0.04692	0.29341	0.08872	0.08784	0.02589	0.01177	0.00820	0.00257	0.00692	0.00957	0.00865	0.01209
48	0.02051	0.02074	0.03180	0.10140	0.46195	0.07964	0.07737	0.02630	0.05288	0.02575	0.01600	0.02044	0.01305	0.00758	0.00812	0.00245	0.01038	0.00736	0.00423	0.01203
49	0.01819	0.28201	0.44957	0.01985	0.03006	0.02354	0.02428	0.02520	0.01690	0.02336	0.01340	0.01567	0.01033	0.00744	0.00682	0.00227	0.01082	0.00541	0.00344	0.01143
50	0.01724	0.16248	0.56072	0.02148	0.03258	0.02120	0.02712	0.02545	0.01702	0.02452	0.01398	0.01640	0.01030	0.00757	0.00726	0.00242	0.01140	0.00570	0.00343	0.01171
51	0.01915	0.02156	0.04600	0.03465	0.08044	0.02062	0.57135	0.02566	0.01883	0.02576	0.01611	0.02161	0.01228	0.00717	0.01018	0.00275	0.04151	0.00933	0.00408	0.01098
52	0.01816	0.01991	0.04122	0.03161	0.07074	0.01946	0.48490	0.02390	0.01816	0.02492	0.01864	0.08947	0.01628	0.00936	0.01110	0.00285	0.07395	0.01056	0.00439	0.01043
53	0.01708	0.01621	0.02750	0.45765	0.27988	0.01849	0.02341	0.02227	0.01705	0.02286	0.01473	0.02106	0.01157	0.00779	0.00808	0.00260	0.01038	0.00722	0.00376	0.01043
54	0.01074	0.00811	0.01187	0.01283	0.01390	0.00763	0.04167	0.01274	0.01627	0.02173	0.06358	0.59269	0.05156	0.02385	0.01037	0.00328	0.00542	0.07743	0.00739	0.00694
55	0.01827	0.03918	0.60808	0.02227	0.03369	0.01816	0.02819	0.02707	0.01773	0.08944	0.01629	0.01817	0.01125	0.00794	0.00775	0.00256	0.01149	0.00621	0.00408	0.01217
56	0.01868	0.02097	0.04486	0.03233	0.03983	0.02002	0.57344	0.02513	0.01906	0.02606	0.05088	0.02379	0.01570	0.00769	0.01034	0.00276	0.04371	0.00974	0.00434	0.01067
57	0.01879	0.02110	0.04539	0.03403	0.07438	0.01984	0.57448	0.02529	0.01896	0.02579	0.01760	0.05204	0.01416	0.00768	0.00953	0.00274	0.01307	0.01004	0.00425	0.01085
58	0.00997	0.00713	0.00949	0.01124	0.01179	0.00665	0.00754	0.01151	0.01593	0.02135	0.07769	0.67476	0.05489	0.02495	0.01031	0.00326	0.00466	0.02262	0.00761	0.00665
59	0.01810	0.01735	0.02966	0.24153	0.34821	0.01858	0.07681	0.02431	0.05704	0.02475	0.01657	0.02198	0.01333	0.01057	0.04428	0.00312	0.01080	0.00763	0.00418	0.01121
60	0.04505	0.06931	0.55687	0.02183	0.03280	0.02004	0.02706	0.08608	0.01906	0.02830	0.01479	0.01704	0.01058	0.00787	0.00754	0.00252	0.01134	0.00599	0.00395	0.01199
61	0.01400	0.01347	0.02495	0.02062	0.02390	0.01334	0.23945	0.01744	0.01659	0.02255	0.03127	0.39482	0.03461	0.01758	0.01151	0.00311	0.06977	0.01668	0.00592	0.00840
62	0.01941	0.01859	0.03172	0.14094	0.57833	0.01910	0.02457	0.02431	0.01816	0.02569	0.01514	0.02030	0.01257	0.00735	0.00804	0.00245	0.00981	0.00723	0.00396	0.01231
63	0.01035	0.00827	0.00936	0.00974	0.01203	0.00728	0.00748	0.01280	0.01877	0.02344	0.14345	0.14130	0.43985	0.02082	0.00990	0.00292	0.00462	0.10290	0.00770	0.00701
64	0.08563	0.00836	0.00986	0.01114	0.01240	0.00822	0.00771	0.01363	0.03680	0.02282	0.04435	0.56186	0.10220	0.02274	0.00969	0.00315	0.00487	0.02023	0.00731	0.00704
