[name]
unknown

[dist]
# distance from previous block
# <min> <max>
26	134

[block]
# block no. 0 follows, 25 sequences, length 10
# corresponding to MSA columns:
# 146-155
name=unknown_A
#
# <colnr> <probs for GDERKNQSTAVLIFYWHMCP>
#	G	D	E	R	K	N	Q	S	T	A	V	L	I	F	Y	W	H	M	C	P
0	0.07076	0.05558	0.01837	0.08825	0.02174	0.09847	0.01206	0.15609	0.04298	0.05724	0.07371	0.07158	0.02181	0.08346	0.04683	0.00333	0.00875	0.00842	0.00584	0.05472
1	0.07501	0.01704	0.04160	0.14099	0.20176	0.03732	0.01666	0.07370	0.08803	0.07159	0.06718	0.02280	0.01780	0.00843	0.00740	0.00229	0.00805	0.00718	0.00538	0.08980
2	0.01884	0.05093	0.06039	0.11830	0.02577	0.09097	0.01395	0.07553	0.11228	0.02610	0.01667	0.01895	0.01316	0.00923	0.03068	0.00226	0.00860	0.00596	0.00494	0.29650
3	0.17388	0.12381	0.02341	0.02047	0.13874	0.07041	0.04808	0.08630	0.01836	0.06367	0.01643	0.02183	0.01383	0.00987	0.00853	0.06074	0.00822	0.04370	0.03997	0.00973
4	0.05400	0.01392	0.01819	0.03793	0.09127	0.03367	0.03685	0.02203	0.04683	0.11776	0.02847	0.07811	0.08497	0.05896	0.13217	0.03879	0.03989	0.00978	0.00610	0.05031
5	0.13951	0.05528	0.05082	0.01532	0.02059	0.08236	0.06080	0.07046	0.01784	0.10022	0.01633	0.02026	0.01330	0.06745	0.03688	0.00292	0.04580	0.00629	0.00512	0.17245
6	0.06688	0.01561	0.06582	0.05814	0.07026	0.01418	0.01289	0.10706	0.07509	0.12461	0.11870	0.03206	0.06969	0.06549	0.01014	0.00274	0.00696	0.00879	0.00656	0.06834
7	0.05281	0.01803	0.02661	0.15717	0.35295	0.06877	0.06152	0.02426	0.05671	0.02495	0.01600	0.02022	0.01282	0.00751	0.00745	0.00234	0.00927	0.00693	0.06300	0.01069
8	0.01865	0.01438	0.01743	0.01488	0.06899	0.01245	0.01083	0.10499	0.01971	0.06483	0.06608	0.02106	0.01730	0.00746	0.00651	0.00159	0.00616	0.00612	0.04582	0.47477
9	0.04225	0.07435	0.08918	0.06661	0.40814	0.01862	0.03814	0.02431	0.06018	0.02540	0.03632	0.02007	0.01432	0.00744	0.00737	0.00227	0.00887	0.00681	0.00421	0.04514

[dist]
# distance from previous block
# <min> <max>
0	1

[block]
# block no. 1 follows, 25 sequences, length 37
# corresponding to MSA columns:
# 157-193
name=unknown_B
#
# <colnr> <probs for GDERKNQSTAVLIFYWHMCP>
#	G	D	E	R	K	N	Q	S	T	A	V	L	I	F	Y	W	H	M	C	P
0	0.01490	0.05067	0.01419	0.01184	0.01465	0.04208	0.00922	0.07727	0.09485	0.02966	0.33427	0.10298	0.09084	0.01465	0.00851	0.00247	0.00530	0.03335	0.03979	0.00849
1	0.08610	0.07405	0.01708	0.01287	0.01710	0.01604	0.01035	0.22365	0.05656	0.03205	0.06142	0.13950	0.15998	0.01353	0.00786	0.00243	0.00625	0.01105	0.00681	0.04533
2	0.01661	0.01368	0.01679	0.01252	0.01861	0.01114	0.03016	0.04040	0.01694	0.04965	0.01936	0.05649	0.04814	0.00795	0.00700	0.00153	0.02781	0.00652	0.00509	0.59363
3	0.01975	0.02043	0.09664	0.10296	0.24417	0.07314	0.12013	0.02469	0.01850	0.09258	0.05775	0.02570	0.01773	0.00869	0.00810	0.00246	0.00986	0.04114	0.00483	0.01075
4	0.05695	0.02444	0.29127	0.01919	0.05562	0.01593	0.05712	0.02444	0.12407	0.02712	0.13064	0.02952	0.06821	0.01024	0.00841	0.00252	0.03016	0.00854	0.00533	0.01029
5	0.00970	0.00718	0.00947	0.01098	0.01153	0.00694	0.00748	0.01110	0.01489	0.01981	0.04350	0.66173	0.08368	0.02365	0.01042	0.00313	0.03016	0.02118	0.00706	0.00639
6	0.00958	0.00787	0.00847	0.00857	0.01094	0.00676	0.00648	0.01182	0.01810	0.02232	0.15181	0.10332	0.53664	0.01946	0.00928	0.00267	0.00408	0.04782	0.00737	0.00666
7	0.01919	0.29793	0.33377	0.01985	0.05789	0.02242	0.05079	0.02498	0.01671	0.06961	0.01404	0.01595	0.01075	0.00719	0.00659	0.00215	0.00988	0.00550	0.00380	0.01100
8	0.01580	0.01485	0.02449	0.53912	0.17202	0.01758	0.02140	0.02188	0.05553	0.02164	0.01502	0.02089	0.01152	0.00776	0.00775	0.00253	0.00986	0.00701	0.00379	0.00954
9	0.01108	0.00831	0.01246	0.01246	0.01385	0.00969	0.00969	0.01385	0.01246	0.01800	0.02077	0.03046	0.01938	0.05815	0.69678	0.01246	0.02077	0.00831	0.00415	0.00692
10	0.01749	0.01721	0.02487	0.30945	0.27867	0.08410	0.02062	0.02194	0.01723	0.02220	0.01724	0.02763	0.01522	0.00913	0.00801	0.00254	0.00989	0.08262	0.00410	0.00983
11	0.02046	0.04906	0.04924	0.25406	0.05323	0.16412	0.09748	0.09872	0.01965	0.02430	0.01439	0.01864	0.01119	0.00816	0.00863	0.00240	0.05376	0.00664	0.03622	0.00966
12	0.71867	0.07490	0.01384	0.01045	0.01540	0.01850	0.00880	0.02283	0.01341	0.03341	0.01079	0.01258	0.00853	0.00715	0.00481	0.00234	0.00619	0.00419	0.00467	0.00853
13	0.06313	0.07989	0.49529	0.02311	0.05457	0.01902	0.11032	0.02437	0.01644	0.02484	0.01378	0.01660	0.01009	0.00718	0.00731	0.00242	0.01106	0.00604	0.00348	0.01107
14	0.01830	0.01539	0.01658	0.01520	0.01924	0.01743	0.01203	0.06510	0.51462	0.03135	0.03501	0.03858	0.06558	0.01239	0.00832	0.00273	0.00624	0.08685	0.00775	0.01132
15	0.02135	0.05773	0.02392	0.01989	0.02160	0.25996	0.01609	0.02319	0.01560	0.01875	0.01084	0.01570	0.01010	0.01129	0.01801	0.00282	0.43480	0.00603	0.00360	0.00873
16	0.03100	0.01374	0.01791	0.01357	0.01975	0.01185	0.01115	0.06610	0.02178	0.52805	0.02682	0.02406	0.01744	0.00886	0.00741	0.00216	0.00654	0.00715	0.00856	0.15609
17	0.01080	0.00787	0.01019	0.00993	0.01169	0.00726	0.00746	0.01415	0.02089	0.02913	0.55431	0.11587	0.10879	0.01706	0.00928	0.00256	0.00391	0.04341	0.00827	0.00717
18	0.02896	0.02053	0.02229	0.01731	0.02332	0.02254	0.01423	0.54422	0.09448	0.10041	0.02083	0.02024	0.01468	0.00945	0.00777	0.00236	0.00814	0.00722	0.00792	0.01310
19	0.01841	0.00905	0.01208	0.01165	0.01400	0.00817	0.00846	0.02023	0.01711	0.25077	0.03703	0.42590	0.03825	0.07600	0.01156	0.00324	0.00547	0.01621	0.00783	0.00857
20	0.00940	0.00693	0.00880	0.01030	0.01112	0.00634	0.00698	0.01085	0.01532	0.01999	0.04877	0.61327	0.15656	0.02351	0.00977	0.00306	0.00440	0.02109	0.00720	0.00634
21	0.01475	0.01372	0.01951	0.01739	0.01791	0.01847	0.01424	0.01685	0.01209	0.01841	0.01415	0.02203	0.01363	0.03030	0.27733	0.00680	0.45347	0.00736	0.00368	0.00790
22	0.01919	0.02225	0.04377	0.03162	0.03914	0.07613	0.59786	0.02535	0.01861	0.02435	0.01538	0.02034	0.01162	0.00666	0.00897	0.00256	0.01315	0.00880	0.00393	0.01033
23	0.00945	0.00675	0.00900	0.01080	0.01125	0.00630	0.00720	0.01080	0.01484	0.01979	0.04274	0.72245	0.05128	0.02429	0.00990	0.00315	0.00450	0.02204	0.00720	0.00630
24	0.03060	0.01555	0.01865	0.01449	0.02009	0.01543	0.01191	0.25465	0.02660	0.38417	0.02573	0.02391	0.01713	0.00943	0.00751	0.00231	0.00695	0.00744	0.09493	0.01252
25	0.01810	0.04621	0.07157	0.06347	0.04012	0.01981	0.57277	0.02453	0.01800	0.02436	0.01535	0.02042	0.01155	0.00663	0.00886	0.00257	0.01271	0.00872	0.00385	0.01039
26	0.01283	0.00906	0.01098	0.01027	0.01271	0.00857	0.00777	0.01784	0.08588	0.06847	0.41935	0.08788	0.18646	0.01610	0.00898	0.00253	0.00418	0.01397	0.00820	0.00797
27	0.01040	0.00778	0.01110	0.01155	0.01247	0.00743	0.04042	0.01207	0.01494	0.02016	0.09019	0.49092	0.04588	0.13648	0.04660	0.00419	0.00612	0.01834	0.00660	0.00637
28	0.05762	0.02137	0.07317	0.03183	0.07352	0.01935	0.55475	0.02466	0.01791	0.02536	0.01529	0.02018	0.01153	0.00663	0.00876	0.00258	0.01242	0.00861	0.00393	0.01050
29	0.01123	0.00753	0.00861	0.00876	0.00883	0.00750	0.00507	0.01141	0.01166	0.01552	0.02583	0.08369	0.02981	0.67144	0.03714	0.00718	0.00736	0.03168	0.00490	0.00485
30	0.01814	0.01951	0.03768	0.05351	0.03450	0.02089	0.41945	0.04359	0.01690	0.02362	0.01409	0.01966	0.01129	0.00875	0.01387	0.00283	0.21966	0.00830	0.00387	0.00990
31	0.00967	0.00697	0.00916	0.01051	0.01127	0.00646	0.00716	0.01140	0.01605	0.02158	0.14139	0.59325	0.08077	0.02280	0.00975	0.00302	0.00435	0.02057	0.00740	0.00646
32	0.01621	0.11653	0.50304	0.02160	0.03157	0.01908	0.09603	0.02389	0.01682	0.02421	0.04962	0.01868	0.01349	0.00765	0.00739	0.00238	0.01085	0.00638	0.00364	0.01095
33	0.01075	0.00781	0.01013	0.01141	0.01266	0.00744	0.00873	0.01298	0.01633	0.02129	0.07479	0.31289	0.13206	0.08489	0.01269	0.00359	0.00561	0.24037	0.00702	0.00654
34	0.01859	0.01781	0.03039	0.13498	0.59645	0.01826	0.02350	0.02327	0.01737	0.02460	0.01448	0.01939	0.01202	0.00702	0.00769	0.00234	0.00936	0.00691	0.00379	0.01180
35	0.01555	0.04011	0.68733	0.02210	0.03356	0.01801	0.02865	0.02455	0.01637	0.02455	0.01391	0.01637	0.00982	0.00737	0.00737	0.00246	0.01146	0.00573	0.00327	0.01146
36	0.01929	0.01666	0.01753	0.01578	0.02016	0.01929	0.01227	0.04120	0.66513	0.03243	0.03156	0.02893	0.02367	0.01052	0.00789	0.00263	0.00614	0.00877	0.00789	0.01227

[dist]
# distance from previous block
# <min> <max>
0	2

[block]
# block no. 2 follows, 25 sequences, length 51
# corresponding to MSA columns:
# 196-246
name=unknown_C
#
# <colnr> <probs for GDERKNQSTAVLIFYWHMCP>
#	G	D	E	R	K	N	Q	S	T	A	V	L	I	F	Y	W	H	M	C	P
0	0.01874	0.01797	0.06725	0.01536	0.02093	0.01735	0.01289	0.06307	0.43883	0.03095	0.02557	0.02457	0.01936	0.00913	0.00735	0.00226	0.00655	0.00750	0.00678	0.18759
1	0.50475	0.04928	0.01697	0.01290	0.01831	0.01671	0.05713	0.02666	0.01592	0.19348	0.01604	0.01661	0.01138	0.00771	0.00587	0.00238	0.00678	0.00545	0.00585	0.00981
2	0.14985	0.09221	0.02189	0.01766	0.02165	0.43614	0.01384	0.02817	0.04400	0.02199	0.01227	0.01448	0.01027	0.00837	0.00825	0.00219	0.07846	0.00511	0.00416	0.00906
3	0.01034	0.00802	0.00945	0.00950	0.01145	0.00732	0.00697	0.01365	0.04523	0.02513	0.30114	0.19575	0.29035	0.01872	0.00925	0.00266	0.00403	0.01628	0.00775	0.00703
4	0.01861	0.01766	0.02467	0.04420	0.02584	0.04693	0.16669	0.07619	0.14993	0.02753	0.02080	0.02273	0.04294	0.00834	0.00838	0.00216	0.04183	0.00745	0.00534	0.24179
5	0.59043	0.01489	0.01285	0.01147	0.01599	0.01711	0.00941	0.07931	0.04232	0.03418	0.01449	0.01857	0.01194	0.01196	0.05690	0.00320	0.00738	0.03352	0.00525	0.00882
6	0.01169	0.00821	0.00967	0.01004	0.01066	0.00825	0.00638	0.03969	0.04063	0.01899	0.03139	0.30217	0.03609	0.40178	0.02565	0.00544	0.00636	0.01506	0.00590	0.00598
7	0.01226	0.00912	0.01266	0.01234	0.01381	0.01039	0.00948	0.04454	0.01460	0.02099	0.07091	0.08698	0.02559	0.07558	0.46530	0.00935	0.04908	0.00977	0.04006	0.00719
8	0.01128	0.00752	0.00846	0.00846	0.00846	0.00752	0.00470	0.01128	0.01128	0.01503	0.02443	0.05074	0.02819	0.72751	0.03946	0.00752	0.00752	0.01128	0.00470	0.00470
9	0.03364	0.01345	0.01796	0.01394	0.01982	0.01198	0.01146	0.03804	0.06998	0.63604	0.03066	0.02658	0.01953	0.00967	0.00780	0.00242	0.00656	0.00787	0.00947	0.01313
10	0.01127	0.00755	0.00862	0.00862	0.00868	0.00761	0.00490	0.01138	0.01132	0.01516	0.02428	0.04990	0.02783	0.69991	0.06656	0.00772	0.00806	0.01115	0.00468	0.00479
11	0.01618	0.00773	0.00814	0.00779	0.00995	0.00758	0.00593	0.01974	0.01676	0.08463	0.02574	0.02869	0.01982	0.00908	0.00562	0.00186	0.00387	0.00728	0.70587	0.00773
12	0.02201	0.01037	0.01390	0.01163	0.01539	0.00921	0.00921	0.02536	0.02206	0.33384	0.37645	0.04331	0.04816	0.01295	0.00852	0.00242	0.00502	0.01114	0.00903	0.01004
13	0.01099	0.00919	0.03999	0.01066	0.01268	0.00769	0.00845	0.01450	0.02036	0.02861	0.51493	0.16698	0.06556	0.01711	0.00926	0.00260	0.00429	0.04082	0.00802	0.00732
14	0.00932	0.00786	0.00807	0.00802	0.01057	0.00661	0.00601	0.01143	0.01804	0.02182	0.12972	0.07319	0.62427	0.01931	0.00916	0.00260	0.00390	0.01616	0.00731	0.00661
15	0.02139	0.67677	0.03914	0.01380	0.02022	0.08373	0.01340	0.02383	0.01625	0.01830	0.01088	0.01256	0.00995	0.00674	0.00514	0.00169	0.00875	0.00421	0.00337	0.00987
16	0.78228	0.01499	0.01140	0.01020	0.01499	0.01739	0.00840	0.02279	0.01320	0.03479	0.01080	0.01260	0.00840	0.00720	0.00480	0.00240	0.00600	0.00420	0.00480	0.00840
17	0.01091	0.00790	0.01022	0.00986	0.01159	0.00732	0.00737	0.01425	0.02085	0.02918	0.56884	0.08793	0.09411	0.04592	0.01049	0.00274	0.00402	0.04117	0.00820	0.00713
18	0.01697	0.02929	0.34298	0.05803	0.11424	0.01862	0.25850	0.02437	0.01720	0.02455	0.01465	0.01857	0.01086	0.00702	0.00808	0.00250	0.01174	0.00719	0.00359	0.01107
19	0.01158	0.00904	0.01342	0.01313	0.01440	0.01089	0.01031	0.01425	0.01241	0.01806	0.01987	0.02931	0.01860	0.05436	0.63972	0.01169	0.07964	0.00818	0.00409	0.00706
20	0.01886	0.01799	0.03016	0.09510	0.59969	0.01838	0.02305	0.02437	0.04991	0.02528	0.01537	0.01979	0.01271	0.00715	0.00769	0.00234	0.00914	0.00700	0.00401	0.01201
21	0.01905	0.01644	0.01742	0.01546	0.02003	0.01862	0.01204	0.03959	0.61689	0.03190	0.03024	0.02797	0.02276	0.01016	0.00773	0.00252	0.00611	0.00846	0.00764	0.06896
22	0.78228	0.01499	0.01140	0.01020	0.01499	0.01739	0.00840	0.02279	0.01320	0.03479	0.01080	0.01260	0.00840	0.00720	0.00480	0.00240	0.00600	0.00420	0.00480	0.00840
23	0.01262	0.00954	0.01213	0.01287	0.01498	0.00964	0.01057	0.01838	0.10651	0.02531	0.14982	0.12559	0.10285	0.01908	0.00986	0.00313	0.00592	0.33598	0.00749	0.00775
24	0.78228	0.01499	0.01140	0.01020	0.01499	0.01739	0.00840	0.02279	0.01320	0.03479	0.01080	0.01260	0.00840	0.00720	0.00480	0.00240	0.00600	0.00420	0.00480	0.00840
25	0.01483	0.01170	0.01488	0.01620	0.10333	0.01175	0.01086	0.06550	0.07552	0.05448	0.16719	0.07955	0.25257	0.01525	0.00951	0.00261	0.03645	0.04195	0.00704	0.00883
26	0.02251	0.02173	0.01938	0.03810	0.02249	0.17213	0.01345	0.10981	0.42711	0.03094	0.02510	0.02411	0.01896	0.00972	0.00767	0.00245	0.00831	0.00765	0.00686	0.01153
27	0.01919	0.01842	0.03147	0.04759	0.67914	0.01842	0.02380	0.02380	0.01765	0.02533	0.01458	0.01919	0.01228	0.00691	0.00768	0.00230	0.00921	0.00691	0.00384	0.01228
28	0.01919	0.01842	0.03147	0.04759	0.67914	0.01842	0.02380	0.02380	0.01765	0.02533	0.01458	0.01919	0.01228	0.00691	0.00768	0.00230	0.00921	0.00691	0.00384	0.01228
29	0.01766	0.11227	0.50377	0.02028	0.03017	0.01843	0.04869	0.02510	0.01712	0.08011	0.04464	0.01882	0.01354	0.00782	0.00729	0.00237	0.01041	0.00623	0.00408	0.01121
30	0.03479	0.01320	0.01799	0.01380	0.01979	0.01140	0.01140	0.03779	0.02219	0.68451	0.03059	0.02639	0.01919	0.00960	0.00780	0.00240	0.00660	0.00780	0.00960	0.01320
31	0.01547	0.01462	0.02475	0.58901	0.16682	0.01744	0.02194	0.02053	0.01589	0.02081	0.01393	0.02040	0.01069	0.00760	0.00774	0.00253	0.01013	0.00689	0.00352	0.00928
32	0.01863	0.01035	0.01374	0.06394	0.01769	0.01005	0.00994	0.07082	0.01884	0.20735	0.06206	0.36344	0.03625	0.04636	0.01017	0.00298	0.00593	0.01495	0.00759	0.00892
33	0.02173	0.02495	0.05388	0.08607	0.25164	0.24180	0.10371	0.04269	0.01946	0.02323	0.01522	0.02111	0.01285	0.00809	0.00779	0.00234	0.01136	0.03757	0.00412	0.01039
34	0.03479	0.01320	0.01799	0.01380	0.01979	0.01140	0.01140	0.03779	0.02219	0.68451	0.03059	0.02639	0.01919	0.00960	0.00780	0.00240	0.00660	0.00780	0.00960	0.01320
35	0.03430	0.01398	0.01848	0.01417	0.02018	0.01255	0.01170	0.09411	0.02350	0.62635	0.02949	0.02568	0.01864	0.00957	0.00779	0.00239	0.00677	0.00772	0.00943	0.01319
36	0.01717	0.02570	0.24433	0.06186	0.12118	0.01864	0.27308	0.02455	0.04397	0.02482	0.03263	0.02038	0.01319	0.00757	0.00886	0.00255	0.03704	0.00768	0.00395	0.01085
37	0.01114	0.00784	0.01138	0.01203	0.01313	0.00739	0.03965	0.01284	0.01512	0.04904	0.03925	0.60365	0.04568	0.04558	0.04322	0.00366	0.00588	0.01979	0.00692	0.00679
38	0.03479	0.01320	0.01799	0.01380	0.01979	0.01140	0.01140	0.03779	0.02219	0.68451	0.03059	0.02639	0.01919	0.00960	0.00780	0.00240	0.00660	0.00780	0.00960	0.01320
39	0.00959	0.00683	0.00903	0.01066	0.01115	0.00639	0.00710	0.01098	0.01501	0.02009	0.06953	0.66605	0.05129	0.05266	0.01107	0.00330	0.00459	0.02125	0.00715	0.00628
40	0.04993	0.03339	0.47280	0.02524	0.06121	0.01839	0.18060	0.02452	0.01676	0.02510	0.01424	0.01744	0.01034	0.00714	0.00771	0.00249	0.01152	0.00655	0.00352	0.01111
41	0.07633	0.41431	0.25091	0.01598	0.02404	0.02454	0.01789	0.02436	0.01609	0.05491	0.01281	0.01445	0.01026	0.00707	0.00589	0.00201	0.00908	0.00486	0.00373	0.01050
42	0.00981	0.00690	0.00889	0.01033	0.01069	0.00654	0.00670	0.01089	0.01413	0.01884	0.03908	0.58829	0.04667	0.16475	0.01580	0.00402	0.00510	0.01989	0.00670	0.00598
43	0.00940	0.00695	0.00879	0.01027	0.01111	0.00634	0.00696	0.01086	0.01536	0.02000	0.04920	0.60547	0.16408	0.02345	0.00976	0.00305	0.00440	0.02102	0.00720	0.00634
44	0.01797	0.01409	0.01653	0.01192	0.01872	0.01101	0.00958	0.04841	0.01739	0.07231	0.01517	0.01691	0.01210	0.00617	0.00597	0.00129	0.00592	0.00492	0.00508	0.68855
45	0.02277	0.01947	0.01959	0.04832	0.04642	0.10500	0.01354	0.18783	0.28486	0.06451	0.06766	0.02670	0.03826	0.01018	0.00784	0.00244	0.00783	0.00819	0.00712	0.01149
46	0.00960	0.00687	0.00889	0.01045	0.01096	0.00642	0.00691	0.01085	0.01466	0.01942	0.04280	0.63195	0.07884	0.08665	0.01249	0.00351	0.00474	0.02081	0.00698	0.00617
47	0.13888	0.19181	0.43414	0.01822	0.02753	0.02076	0.02196	0.02397	0.01573	0.02477	0.01271	0.01488	0.00962	0.00717	0.00642	0.00227	0.00988	0.00513	0.00353	0.01063
48	0.10559	0.02265	0.02000	0.01780	0.05030	0.23456	0.04203	0.13592	0.04889	0.02889	0.01600	0.01816	0.01261	0.00835	0.00762	0.00214	0.04266	0.00605	0.10845	0.07134
49	0.04778	0.15163	0.05679	0.01820	0.02306	0.01662	0.19364	0.01984	0.03534	0.02205	0.02220	0.19104	0.02244	0.04794	0.06059	0.00344	0.00950	0.01079	0.00481	0.04229
50	0.11232	0.01963	0.07778	0.02753	0.27112	0.04853	0.01746	0.08635	0.08684	0.08172	0.01859	0.05010	0.01501	0.00856	0.00732	0.00234	0.00826	0.00722	0.00536	0.04796

[dist]
# distance from previous block
# <min> <max>
29	49

[block]
# block no. 3 follows, 25 sequences, length 56
# corresponding to MSA columns:
# 299-354
name=unknown_D
#
# <colnr> <probs for GDERKNQSTAVLIFYWHMCP>
#	G	D	E	R	K	N	Q	S	T	A	V	L	I	F	Y	W	H	M	C	P
0	0.02627	0.05538	0.02281	0.04330	0.07728	0.37083	0.01515	0.15088	0.05342	0.04919	0.05035	0.01892	0.01511	0.00869	0.00733	0.00216	0.01103	0.00632	0.00528	0.01030
1	0.02126	0.01674	0.01869	0.01392	0.02030	0.01571	0.01125	0.27211	0.02405	0.03433	0.01607	0.01827	0.01273	0.03168	0.00769	0.00183	0.00692	0.00577	0.00586	0.44483
2	0.01271	0.00984	0.03311	0.01073	0.01324	0.00860	0.00841	0.03421	0.04971	0.06198	0.36564	0.16559	0.16276	0.01686	0.00905	0.00259	0.00450	0.01471	0.00792	0.00785
3	0.02497	0.06914	0.05216	0.02354	0.11663	0.46522	0.03902	0.02787	0.02001	0.02021	0.01311	0.01612	0.01101	0.01115	0.05467	0.00279	0.01333	0.00563	0.00391	0.00952
4	0.01374	0.14529	0.21090	0.01510	0.02009	0.01457	0.03166	0.01774	0.01571	0.02127	0.04490	0.28738	0.03005	0.05217	0.00984	0.00290	0.00767	0.04528	0.00520	0.00853
5	0.01714	0.02000	0.07323	0.06535	0.03694	0.01823	0.48454	0.02304	0.01736	0.02385	0.01685	0.05948	0.01392	0.00935	0.02920	0.00290	0.04007	0.00930	0.00405	0.03519
6	0.00961	0.00787	0.00847	0.00832	0.01074	0.00673	0.00624	0.01198	0.01872	0.02342	0.22397	0.07055	0.52903	0.01871	0.00916	0.00257	0.00386	0.01579	0.00753	0.00673
7	0.01536	0.01299	0.01518	0.01168	0.01749	0.01038	0.00912	0.01979	0.06069	0.02499	0.01909	0.11663	0.01794	0.00869	0.00648	0.00153	0.00559	0.00734	0.00519	0.61384
8	0.04428	0.02345	0.10249	0.02385	0.02914	0.10419	0.23592	0.09180	0.01864	0.02531	0.01469	0.04059	0.01225	0.00945	0.01249	0.00269	0.18682	0.00769	0.00428	0.00999
9	0.03087	0.01261	0.01692	0.01332	0.01867	0.01115	0.01087	0.03472	0.04795	0.56798	0.11977	0.03085	0.02684	0.01050	0.00799	0.00241	0.00617	0.00870	0.00938	0.01235
10	0.01076	0.00792	0.01007	0.00953	0.01145	0.00723	0.00715	0.01422	0.02144	0.02990	0.60481	0.05988	0.14414	0.01630	0.00915	0.00246	0.00369	0.01430	0.00838	0.00723
11	0.01710	0.01587	0.02626	0.38011	0.30904	0.01772	0.02184	0.04927	0.01740	0.02349	0.01532	0.02240	0.01251	0.00797	0.00783	0.00249	0.00968	0.02949	0.00393	0.01028
12	0.01919	0.23507	0.29061	0.02036	0.07142	0.07062	0.05366	0.02443	0.01677	0.05691	0.01458	0.01827	0.01185	0.05442	0.00889	0.00252	0.01014	0.00595	0.00384	0.01049
13	0.01761	0.01843	0.07665	0.06229	0.06739	0.01696	0.29834	0.04918	0.04132	0.05052	0.02181	0.07791	0.01961	0.01074	0.00984	0.00278	0.04707	0.09657	0.00502	0.00996
14	0.01016	0.00710	0.00900	0.01009	0.01044	0.00690	0.00648	0.01113	0.01350	0.01807	0.03527	0.45501	0.04164	0.26602	0.05803	0.00515	0.00643	0.01761	0.00618	0.00579
15	0.02355	0.02221	0.05498	0.01688	0.02191	0.14785	0.01383	0.15766	0.32519	0.06675	0.02405	0.02326	0.01788	0.00952	0.00756	0.00240	0.00831	0.00742	0.03717	0.01163
16	0.01835	0.01932	0.07567	0.13083	0.55417	0.01824	0.02384	0.02334	0.01729	0.02457	0.01444	0.01919	0.01186	0.00705	0.00766	0.00235	0.00951	0.00682	0.00375	0.01175
17	0.00955	0.00682	0.00909	0.01073	0.01127	0.00636	0.00721	0.01105	0.01531	0.02053	0.08416	0.67891	0.05272	0.02374	0.00985	0.00310	0.00444	0.02152	0.00729	0.00636
18	0.01219	0.00880	0.01185	0.01337	0.01492	0.00884	0.01107	0.01596	0.04547	0.02249	0.03983	0.19108	0.04376	0.06769	0.01233	0.00371	0.00667	0.45588	0.00702	0.00706
19	0.06750	0.19352	0.10748	0.01729	0.02355	0.20717	0.01568	0.20007	0.02335	0.05498	0.01444	0.01561	0.01112	0.00798	0.00669	0.00210	0.01010	0.00550	0.00505	0.01081
20	0.06740	0.05257	0.02172	0.01894	0.06702	0.24729	0.01404	0.23844	0.02473	0.03078	0.01629	0.02093	0.01365	0.04701	0.00890	0.00244	0.00997	0.03189	0.00549	0.06052
21	0.01541	0.01438	0.01983	0.01743	0.01876	0.04362	0.04269	0.03998	0.01369	0.01975	0.01534	0.02288	0.01430	0.03200	0.31134	0.00716	0.33195	0.00748	0.00392	0.00809
22	0.01588	0.01330	0.01557	0.01159	0.01775	0.01043	0.00917	0.04324	0.01709	0.02611	0.05049	0.06661	0.01749	0.00768	0.00628	0.00140	0.00566	0.00637	0.00510	0.65278
23	0.01632	0.08259	0.55233	0.02370	0.06184	0.01901	0.08921	0.02446	0.01658	0.02420	0.01391	0.01669	0.01013	0.00722	0.00740	0.00241	0.01131	0.00602	0.00337	0.01130
24	0.01106	0.00751	0.00844	0.00851	0.00870	0.00740	0.00488	0.01125	0.01184	0.01562	0.02874	0.08023	0.07159	0.65190	0.03625	0.00701	0.00716	0.01206	0.00497	0.00489
25	0.02773	0.02093	0.02140	0.01683	0.02222	0.06818	0.01356	0.51775	0.03222	0.06872	0.01925	0.02201	0.01479	0.08519	0.01106	0.00286	0.00872	0.00733	0.00725	0.01200
26	0.27893	0.01632	0.01589	0.01330	0.01812	0.03946	0.01075	0.17890	0.10223	0.12192	0.06243	0.02203	0.01796	0.00916	0.00669	0.00236	0.00665	0.00679	0.05958	0.01053
27	0.01593	0.00865	0.00880	0.00827	0.01051	0.00888	0.00634	0.08055	0.01825	0.03087	0.02464	0.02789	0.01922	0.00906	0.00565	0.00186	0.00410	0.00720	0.69552	0.00781
28	0.32030	0.01435	0.01611	0.10796	0.02258	0.01539	0.01172	0.02988	0.08828	0.26979	0.02071	0.02053	0.01428	0.00851	0.00664	0.00245	0.00683	0.00638	0.00670	0.01060
29	0.34022	0.08009	0.03893	0.01635	0.06521	0.04734	0.01286	0.22381	0.02194	0.06599	0.01458	0.01574	0.01091	0.00794	0.00625	0.00229	0.00772	0.00550	0.00569	0.01065
30	0.01983	0.01693	0.01784	0.01589	0.02037	0.01954	0.01240	0.07397	0.63148	0.03331	0.03087	0.02838	0.02311	0.01045	0.00788	0.00261	0.00626	0.00867	0.00788	0.01232
31	0.01390	0.01122	0.01279	0.01212	0.01484	0.01186	0.00914	0.02433	0.27626	0.02909	0.27464	0.14218	0.10587	0.01528	0.00875	0.00263	0.00479	0.01329	0.00797	0.00907
32	0.03479	0.01320	0.01799	0.01380	0.01979	0.01140	0.01140	0.03779	0.02219	0.68451	0.03059	0.02639	0.01919	0.00960	0.00780	0.00240	0.00660	0.00780	0.00960	0.01320
33	0.03479	0.01320	0.01799	0.01380	0.01979	0.01140	0.01140	0.03779	0.02219	0.68451	0.03059	0.02639	0.01919	0.00960	0.00780	0.00240	0.00660	0.00780	0.00960	0.01320
34	0.01128	0.00752	0.00846	0.00846	0.00846	0.00752	0.00470	0.01128	0.01128	0.01503	0.02443	0.05074	0.02819	0.72751	0.03946	0.00752	0.00752	0.01128	0.00470	0.00470
35	0.01031	0.00790	0.00944	0.00906	0.01118	0.00703	0.00679	0.01335	0.02038	0.02737	0.45647	0.06404	0.29406	0.01724	0.00915	0.00250	0.00376	0.01488	0.00805	0.00703
36	0.01195	0.00933	0.01033	0.01014	0.01280	0.00884	0.00775	0.01719	0.11508	0.04501	0.13065	0.12111	0.39262	0.01805	0.00910	0.00270	0.00459	0.05750	0.00752	0.00772
37	0.01774	0.01978	0.04234	0.03206	0.07710	0.01861	0.56844	0.02380	0.01802	0.02452	0.01749	0.06944	0.01454	0.00779	0.00911	0.00263	0.01224	0.00991	0.00414	0.01028
38	0.02457	0.01868	0.02006	0.01657	0.02184	0.02095	0.01330	0.30860	0.35605	0.07435	0.02585	0.02428	0.01885	0.00994	0.00783	0.00249	0.00721	0.00793	0.00792	0.01272
39	0.06459	0.01710	0.01861	0.01429	0.02012	0.01735	0.01167	0.34024	0.02658	0.07727	0.01831	0.01918	0.01355	0.00821	0.00679	0.00196	0.00698	0.00625	0.08993	0.22101
40	0.02557	0.01924	0.02079	0.04485	0.05727	0.06484	0.01405	0.28638	0.19505	0.12417	0.02516	0.02439	0.04294	0.00980	0.00780	0.00241	0.00793	0.00779	0.00739	0.01218
41	0.61672	0.01755	0.07354	0.05159	0.02062	0.01760	0.05811	0.02293	0.01398	0.03233	0.01159	0.01398	0.00888	0.00719	0.00551	0.00243	0.00723	0.00485	0.00453	0.00883
42	0.01329	0.00745	0.00825	0.00825	0.00961	0.00765	0.00588	0.01600	0.01464	0.02436	0.02445	0.03380	0.02158	0.16992	0.11263	0.00457	0.00693	0.00825	0.49585	0.00664
43	0.01621	0.07603	0.57454	0.02366	0.06765	0.01884	0.06831	0.02446	0.01653	0.02427	0.01389	0.01660	0.01009	0.00725	0.00737	0.00241	0.01127	0.00593	0.00335	0.01135
44	0.01097	0.00793	0.01036	0.00975	0.01158	0.00732	0.00732	0.01463	0.02195	0.03109	0.67505	0.05792	0.07316	0.01585	0.00914	0.00244	0.00366	0.01402	0.00854	0.00732
45	0.01097	0.00793	0.01036	0.00975	0.01158	0.00732	0.00732	0.01463	0.02195	0.03109	0.67505	0.05792	0.07316	0.01585	0.00914	0.00244	0.00366	0.01402	0.00854	0.00732
46	0.03479	0.01320	0.01799	0.01380	0.01979	0.01140	0.01140	0.03779	0.02219	0.68451	0.03059	0.02639	0.01919	0.00960	0.00780	0.00240	0.00660	0.00780	0.00960	0.01320
47	0.00960	0.00717	0.00859	0.00963	0.01065	0.00653	0.00649	0.01096	0.01521	0.01951	0.05086	0.44425	0.23181	0.11490	0.01355	0.00356	0.00473	0.01897	0.00687	0.00616
48	0.78228	0.01499	0.01140	0.01020	0.01499	0.01739	0.00840	0.02279	0.01320	0.03479	0.01080	0.01260	0.00840	0.00720	0.00480	0.00240	0.00600	0.00420	0.00480	0.00840
49	0.01929	0.01666	0.01753	0.01578	0.02016	0.01929	0.01227	0.04120	0.66513	0.03243	0.03156	0.02893	0.02367	0.01052	0.00789	0.00263	0.00614	0.00877	0.00789	0.01227
50	0.78228	0.01499	0.01140	0.01020	0.01499	0.01739	0.00840	0.02279	0.01320	0.03479	0.01080	0.01260	0.00840	0.00720	0.00480	0.00240	0.00600	0.00420	0.00480	0.00840
51	0.06689	0.22479	0.02667	0.01738	0.02238	0.40306	0.01413	0.09741	0.02141	0.02293	0.01233	0.01400	0.01025	0.00772	0.00641	0.00196	0.01139	0.00494	0.00427	0.00969
52	0.01344	0.00978	0.01178	0.01112	0.01235	0.01070	0.00783	0.05928	0.05949	0.02130	0.06646	0.06767	0.02765	0.35285	0.15063	0.00670	0.04846	0.01041	0.04532	0.00680
53	0.02905	0.03446	0.02218	0.01963	0.02398	0.58645	0.01494	0.13271	0.02434	0.02386	0.01307	0.01474	0.01051	0.00821	0.00712	0.00205	0.01309	0.00532	0.00461	0.00968
54	0.01984	0.01565	0.01698	0.01517	0.01940	0.01764	0.01180	0.05780	0.53501	0.07944	0.06109	0.06597	0.02671	0.01138	0.00804	0.00262	0.00605	0.00957	0.00800	0.01183
55	0.01910	0.01876	0.02867	0.20060	0.39736	0.06522	0.05456	0.04663	0.04776	0.02471	0.01519	0.01970	0.01218	0.00742	0.00774	0.00238	0.00985	0.00698	0.00408	0.01111

[dist]
# distance from previous block
# <min> <max>
0	2

[block]
# block no. 4 follows, 25 sequences, length 49
# corresponding to MSA columns:
# 357-405
name=unknown_E
#
# <colnr> <probs for GDERKNQSTAVLIFYWHMCP>
#	G	D	E	R	K	N	Q	S	T	A	V	L	I	F	Y	W	H	M	C	P
0	0.01955	0.01169	0.01425	0.01273	0.01621	0.01038	0.00972	0.05000	0.02145	0.18212	0.22151	0.13630	0.13653	0.01633	0.00947	0.00287	0.00583	0.04590	0.00855	0.06864
1	0.03034	0.01996	0.02210	0.01771	0.02354	0.02102	0.01419	0.38244	0.14829	0.19023	0.02553	0.02499	0.01832	0.01089	0.00862	0.00277	0.00826	0.00810	0.00877	0.01389
2	0.02615	0.01945	0.04559	0.01640	0.02269	0.01831	0.01350	0.30944	0.05682	0.11828	0.02430	0.02503	0.05099	0.01026	0.00814	0.00244	0.00794	0.00762	0.00756	0.20911
3	0.06209	0.11995	0.02399	0.01857	0.02317	0.39066	0.01440	0.08873	0.09709	0.02620	0.01727	0.01938	0.01416	0.00958	0.00761	0.00245	0.01149	0.00624	0.03618	0.01080
4	0.78228	0.01499	0.01140	0.01020	0.01499	0.01739	0.00840	0.02279	0.01320	0.03479	0.01080	0.01260	0.00840	0.00720	0.00480	0.00240	0.00600	0.00420	0.00480	0.00840
5	0.01464	0.01378	0.02326	0.70887	0.05340	0.01723	0.02153	0.01981	0.01550	0.01981	0.01378	0.02067	0.01034	0.00775	0.00775	0.00258	0.01034	0.00689	0.00345	0.00861
6	0.00989	0.00766	0.00904	0.00935	0.01120	0.00681	0.00687	0.01228	0.01829	0.02376	0.24433	0.21863	0.33021	0.01966	0.00939	0.00273	0.00411	0.04145	0.00759	0.00674
7	0.01021	0.00734	0.00968	0.01027	0.01142	0.00681	0.00726	0.01272	0.01841	0.02547	0.36043	0.38857	0.06227	0.02005	0.00952	0.00279	0.00408	0.01801	0.00787	0.00681
8	0.01729	0.01755	0.02366	0.05583	0.02219	0.04856	0.01712	0.01918	0.01244	0.01873	0.01043	0.01704	0.01018	0.01306	0.02384	0.00330	0.65093	0.00672	0.00342	0.00851
9	0.02073	0.73217	0.04063	0.01327	0.01990	0.03068	0.01327	0.02322	0.01575	0.01824	0.01078	0.01244	0.00995	0.00663	0.00498	0.00166	0.00829	0.00415	0.00332	0.00995
10	0.03015	0.02063	0.02260	0.01733	0.02350	0.02244	0.01431	0.57505	0.03464	0.12966	0.02014	0.01960	0.01395	0.00934	0.00776	0.00234	0.00829	0.00708	0.00799	0.01319
11	0.01696	0.01696	0.02375	0.02036	0.02036	0.02375	0.01696	0.01866	0.01187	0.01866	0.01018	0.01696	0.01018	0.01357	0.02545	0.00339	0.71332	0.00679	0.00339	0.00848
12	0.07332	0.01329	0.01765	0.01361	0.01955	0.01171	0.01124	0.03701	0.02173	0.65102	0.02957	0.02568	0.01864	0.00947	0.00764	0.00240	0.00657	0.00761	0.00935	0.01295
13	0.01088	0.00786	0.01028	0.00982	0.01156	0.00726	0.00731	0.01441	0.02153	0.03042	0.63765	0.09723	0.07187	0.01635	0.00919	0.00248	0.00371	0.01450	0.00846	0.00726
14	0.01087	0.00792	0.01022	0.00964	0.01152	0.00727	0.00723	0.01442	0.02170	0.03049	0.63977	0.05891	0.10882	0.01608	0.00915	0.00245	0.00367	0.01416	0.00846	0.00727
15	0.02025	0.01596	0.01725	0.01533	0.01974	0.01806	0.01197	0.03970	0.58036	0.08867	0.06075	0.03003	0.02553	0.01068	0.00794	0.00260	0.00606	0.00892	0.00807	0.01213
16	0.03382	0.01298	0.01768	0.01363	0.01946	0.01123	0.01123	0.03684	0.02218	0.65785	0.05688	0.02768	0.02139	0.00985	0.00785	0.00240	0.00648	0.00805	0.00955	0.01296
17	0.01464	0.01378	0.02326	0.70887	0.05340	0.01723	0.02153	0.01981	0.01550	0.01981	0.01378	0.02067	0.01034	0.00775	0.00775	0.00258	0.01034	0.00689	0.00345	0.00861
18	0.01464	0.01378	0.02326	0.70887	0.05340	0.01723	0.02153	0.01981	0.01550	0.01981	0.01378	0.02067	0.01034	0.00775	0.00775	0.00258	0.01034	0.00689	0.00345	0.00861
19	0.02947	0.02172	0.02327	0.01784	0.02404	0.02404	0.01474	0.65329	0.03646	0.04887	0.01862	0.01862	0.01319	0.00931	0.00776	0.00233	0.00853	0.00698	0.00776	0.01319
20	0.00952	0.00678	0.00898	0.01070	0.01114	0.00635	0.00710	0.01082	0.01470	0.01960	0.04201	0.69583	0.05037	0.05216	0.01107	0.00332	0.00462	0.02162	0.00710	0.00623
21	0.01202	0.00859	0.01195	0.01374	0.01532	0.00852	0.01167	0.01525	0.01738	0.02267	0.04131	0.18594	0.04566	0.02186	0.01058	0.00350	0.00673	0.53313	0.00715	0.00701
22	0.01464	0.01378	0.02326	0.70887	0.05340	0.01723	0.02153	0.01981	0.01550	0.01981	0.01378	0.02067	0.01034	0.00775	0.00775	0.00258	0.01034	0.00689	0.00345	0.00861
23	0.01116	0.00797	0.01075	0.01075	0.01154	0.00876	0.00755	0.01274	0.01195	0.01673	0.02234	0.03915	0.02316	0.34487	0.41522	0.01034	0.01509	0.00958	0.00439	0.00597
24	0.00954	0.00679	0.00897	0.01067	0.01110	0.00636	0.00706	0.01082	0.01465	0.01954	0.04176	0.68669	0.05005	0.06173	0.01147	0.00338	0.00466	0.02147	0.00706	0.00621
25	0.01108	0.00831	0.01246	0.01246	0.01385	0.00969	0.00969	0.01385	0.01246	0.01800	0.02077	0.03046	0.01938	0.05815	0.69678	0.01246	0.02077	0.00831	0.00415	0.00692
26	0.01484	0.01416	0.02445	0.67288	0.05272	0.01735	0.05504	0.02008	0.01565	0.02008	0.01388	0.02068	0.01041	0.00769	0.00783	0.00259	0.01048	0.00701	0.00347	0.00871
27	0.01860	0.01980	0.02502	0.02114	0.02219	0.10997	0.05980	0.02066	0.01361	0.01912	0.01078	0.01685	0.01026	0.01238	0.02196	0.00316	0.57579	0.00672	0.00351	0.00868
28	0.00945	0.00675	0.00900	0.01080	0.01125	0.00630	0.00720	0.01080	0.01484	0.01979	0.04274	0.72245	0.05128	0.02429	0.00990	0.00315	0.00450	0.02204	0.00720	0.00630
29	0.00969	0.00708	0.00968	0.04405	0.01325	0.00682	0.00788	0.01123	0.01488	0.01979	0.04136	0.68902	0.04933	0.02350	0.00979	0.00312	0.00478	0.02132	0.00702	0.00641
30	0.01089	0.00782	0.01062	0.01236	0.01351	0.00756	0.00968	0.01332	0.01637	0.02146	0.04316	0.39782	0.06945	0.02276	0.01026	0.00333	0.00574	0.31002	0.00717	0.00671
31	0.01126	0.00759	0.00880	0.00880	0.00892	0.00771	0.00513	0.01150	0.01138	0.01529	0.02411	0.04898	0.02743	0.66944	0.09649	0.00795	0.00867	0.01102	0.00465	0.00489
32	0.01124	0.00766	0.00918	0.00918	0.00944	0.00791	0.00561	0.01174	0.01149	0.01557	0.02377	0.04706	0.02659	0.60593	0.15885	0.00841	0.00992	0.01074	0.00460	0.00510
33	0.02845	0.02073	0.02218	0.01712	0.02302	0.02290	0.01410	0.61012	0.03508	0.04751	0.01907	0.01931	0.01364	0.00929	0.00760	0.00229	0.00820	0.00700	0.05960	0.01278
34	0.01933	0.01901	0.03137	0.07113	0.60715	0.04275	0.04767	0.02394	0.01775	0.02487	0.01450	0.01913	0.01211	0.00696	0.00771	0.00231	0.00957	0.00693	0.00383	0.01195
35	0.02575	0.03032	0.02126	0.02031	0.05852	0.47196	0.01471	0.03341	0.19991	0.02305	0.01755	0.01841	0.01390	0.00863	0.00728	0.00219	0.01155	0.00614	0.00507	0.01008
36	0.07803	0.01573	0.01888	0.11655	0.02499	0.03748	0.01309	0.11288	0.08915	0.29586	0.02283	0.02231	0.01568	0.00874	0.00734	0.00229	0.00746	0.00697	0.00721	0.09656
37	0.02424	0.05080	0.04657	0.01685	0.02152	0.17803	0.01391	0.20982	0.09293	0.08115	0.06104	0.02488	0.06209	0.01042	0.00917	0.00238	0.06953	0.00764	0.00631	0.01071
38	0.00976	0.00697	0.00935	0.01115	0.01174	0.00657	0.00774	0.01133	0.01515	0.02014	0.04256	0.65769	0.05060	0.02400	0.00998	0.00319	0.00477	0.08373	0.00719	0.00638
39	0.01733	0.01958	0.12130	0.10080	0.09999	0.04127	0.06169	0.05910	0.18550	0.02823	0.13012	0.03051	0.02597	0.01021	0.00814	0.00253	0.00829	0.03306	0.00588	0.01050
40	0.01856	0.03358	0.50360	0.02335	0.06745	0.01730	0.08335	0.02630	0.01739	0.11243	0.01633	0.01827	0.01138	0.00756	0.00760	0.00245	0.01084	0.00638	0.00421	0.01164
41	0.02065	0.02122	0.07793	0.07461	0.52061	0.01941	0.08683	0.02499	0.01874	0.02676	0.01674	0.02214	0.01400	0.00841	0.00870	0.00275	0.01042	0.00771	0.00455	0.01284
42	0.02910	0.02153	0.02306	0.01776	0.02390	0.02387	0.01465	0.63100	0.05934	0.04827	0.01909	0.01899	0.01357	0.00935	0.00776	0.00234	0.00844	0.00705	0.00776	0.01315
43	0.00989	0.00787	0.00890	0.00881	0.01105	0.00687	0.00663	0.01246	0.01902	0.02442	0.27917	0.09529	0.42657	0.01859	0.00923	0.00261	0.00396	0.03420	0.00765	0.00682
44	0.01127	0.00756	0.00866	0.00866	0.00874	0.00763	0.00496	0.01141	0.01134	0.01519	0.02424	0.04969	0.02773	0.69276	0.07359	0.00777	0.00821	0.01112	0.00467	0.00481
45	0.01818	0.02224	0.10465	0.03120	0.08148	0.01934	0.49250	0.02616	0.07418	0.02550	0.01682	0.02105	0.01264	0.00699	0.00877	0.00258	0.01205	0.00863	0.00420	0.01084
46	0.01693	0.01815	0.03538	0.02676	0.03163	0.01911	0.40128	0.02160	0.01626	0.02267	0.01759	0.08691	0.01611	0.01055	0.01360	0.00290	0.19813	0.03082	0.00419	0.00944
47	0.02494	0.33774	0.03088	0.01807	0.05622	0.24418	0.01464	0.14322	0.02172	0.02456	0.01283	0.01444	0.01069	0.00759	0.00629	0.00193	0.01023	0.00509	0.00439	0.01036
48	0.09556	0.02370	0.17393	0.02008	0.06186	0.05087	0.07641	0.23392	0.02357	0.03347	0.05322	0.05979	0.04011	0.00972	0.00771	0.00243	0.00904	0.00804	0.00568	0.01091

[dist]
# distance from previous block
# <min> <max>
0	1

[block]
# block no. 5 follows, 25 sequences, length 25
# corresponding to MSA columns:
# 407-431
name=unknown_F
#
# <colnr> <probs for GDERKNQSTAVLIFYWHMCP>
#	G	D	E	R	K	N	Q	S	T	A	V	L	I	F	Y	W	H	M	C	P
0	0.07500	0.05070	0.02243	0.02010	0.08047	0.23124	0.01471	0.23158	0.14012	0.03255	0.01772	0.01845	0.01355	0.00867	0.00724	0.00226	0.00968	0.00639	0.00591	0.01121
1	0.07399	0.01995	0.02008	0.01660	0.02186	0.05455	0.01333	0.33062	0.29247	0.03974	0.02310	0.02224	0.01703	0.00960	0.00758	0.00244	0.00765	0.00744	0.00744	0.01230
2	0.10133	0.06868	0.02685	0.02973	0.28478	0.18362	0.05258	0.07141	0.01966	0.04497	0.01502	0.01935	0.01249	0.00790	0.00723	0.00226	0.01000	0.02687	0.00451	0.01075
3	0.00961	0.00681	0.00895	0.01059	0.01100	0.00640	0.00698	0.01084	0.01454	0.01938	0.04115	0.66416	0.04928	0.08532	0.01246	0.00353	0.00476	0.02111	0.00698	0.00616
4	0.00956	0.00683	0.00910	0.01072	0.01127	0.00637	0.00721	0.01108	0.01536	0.02061	0.08872	0.67412	0.05287	0.02368	0.00984	0.00310	0.00444	0.02146	0.00729	0.00637
5	0.02681	0.02001	0.02044	0.01631	0.02162	0.06954	0.01322	0.43565	0.08273	0.08402	0.05513	0.02249	0.01787	0.00965	0.00761	0.00230	0.00797	0.00742	0.06716	0.01203
6	0.00956	0.00680	0.00896	0.01065	0.01107	0.00637	0.00704	0.01083	0.01462	0.01949	0.04158	0.68001	0.04982	0.06872	0.01176	0.00342	0.00469	0.02136	0.00704	0.00620
7	0.01899	0.01822	0.03112	0.07616	0.65210	0.01837	0.02370	0.02362	0.01756	0.02509	0.01455	0.01925	0.01220	0.00694	0.00768	0.00231	0.00926	0.00691	0.00382	0.01212
8	0.06701	0.07509	0.02329	0.05548	0.02462	0.14854	0.01456	0.38355	0.07089	0.03766	0.01698	0.01777	0.01263	0.00875	0.00726	0.00225	0.00934	0.00637	0.00635	0.01161
9	0.34888	0.11889	0.02091	0.01637	0.05333	0.12670	0.01281	0.02326	0.01486	0.02595	0.01104	0.01411	0.00946	0.00864	0.00989	0.00245	0.16436	0.00503	0.00410	0.00893
10	0.01091	0.00892	0.00966	0.00938	0.01186	0.00834	0.00699	0.01563	0.09946	0.02421	0.19328	0.08799	0.41835	0.04788	0.01031	0.00281	0.00432	0.01491	0.00746	0.00734
11	0.02290	0.01656	0.01866	0.01664	0.04373	0.01820	0.01270	0.13614	0.41084	0.13593	0.06023	0.02797	0.02332	0.01032	0.00791	0.00252	0.00658	0.00852	0.00802	0.01232
12	0.00982	0.00708	0.00889	0.01003	0.01074	0.00659	0.00667	0.01119	0.01510	0.01998	0.08968	0.49746	0.11665	0.13490	0.01446	0.00373	0.00486	0.01914	0.00690	0.00614
13	0.01696	0.01696	0.02375	0.02036	0.02036	0.02375	0.01696	0.01866	0.01187	0.01866	0.01018	0.01696	0.01018	0.01357	0.02545	0.00339	0.71332	0.00679	0.00339	0.00848
14	0.00945	0.00675	0.00900	0.01080	0.01125	0.00630	0.00720	0.01080	0.01484	0.01979	0.04274	0.72245	0.05128	0.02429	0.00990	0.00315	0.00450	0.02204	0.00720	0.00630
15	0.01108	0.00831	0.01246	0.01246	0.01385	0.00969	0.00969	0.01385	0.01246	0.01800	0.02077	0.03046	0.01938	0.05815	0.69678	0.01246	0.02077	0.00831	0.00415	0.00692
16	0.01150	0.00843	0.01104	0.01172	0.01330	0.00825	0.00906	0.01566	0.06040	0.02573	0.27415	0.25444	0.05567	0.01949	0.00972	0.00297	0.00504	0.18842	0.00772	0.00730
17	0.02902	0.03535	0.02211	0.01975	0.02398	0.62540	0.01496	0.09666	0.02350	0.02213	0.01268	0.01447	0.01033	0.00813	0.00707	0.00203	0.01341	0.00520	0.00439	0.00943
18	0.01803	0.02018	0.04343	0.03229	0.06410	0.01900	0.59274	0.02433	0.01825	0.02477	0.01699	0.02437	0.01352	0.00734	0.00918	0.00265	0.01261	0.04178	0.00409	0.01035
19	0.00990	0.00707	0.00949	0.01113	0.01182	0.00667	0.00781	0.01165	0.01565	0.02092	0.08380	0.60631	0.05195	0.02341	0.00994	0.00315	0.00475	0.09085	0.00728	0.00646
20	0.01608	0.01378	0.01608	0.01148	0.01837	0.01034	0.00919	0.01952	0.01608	0.02527	0.01378	0.01608	0.01148	0.00574	0.00574	0.00115	0.00574	0.00459	0.00459	0.77491
21	0.01986	0.01864	0.03094	0.04565	0.63640	0.01879	0.02320	0.06486	0.01888	0.02687	0.01485	0.01915	0.01234	0.00706	0.00768	0.00230	0.00917	0.00691	0.00409	0.01234
22	0.78228	0.01499	0.01140	0.01020	0.01499	0.01739	0.00840	0.02279	0.01320	0.03479	0.01080	0.01260	0.00840	0.00720	0.00480	0.00240	0.00600	0.00420	0.00480	0.00840
23	0.03361	0.01347	0.01800	0.01387	0.01972	0.01194	0.01143	0.07087	0.02297	0.62513	0.05392	0.02714	0.02087	0.00981	0.00785	0.00240	0.00659	0.00798	0.00946	0.01298
24	0.03419	0.01415	0.01859	0.01425	0.02027	0.01281	0.01177	0.10679	0.02379	0.61325	0.02925	0.02552	0.01852	0.00956	0.00779	0.00239	0.00681	0.00771	0.00939	0.01319

[dist]
# distance from previous block
# <min> <max>
0	1

[block]
# block no. 6 follows, 25 sequences, length 130
# corresponding to MSA columns:
# 433-562
name=unknown_G
#
# <colnr> <probs for GDERKNQSTAVLIFYWHMCP>
#	G	D	E	R	K	N	Q	S	T	A	V	L	I	F	Y	W	H	M	C	P
0	0.00993	0.00800	0.00896	0.00931	0.01160	0.00703	0.00725	0.01231	0.01797	0.02225	0.12663	0.10602	0.47821	0.01981	0.00947	0.00279	0.00449	0.12393	0.00732	0.00671
1	0.01695	0.01443	0.01690	0.01231	0.01882	0.01185	0.00991	0.05883	0.01714	0.02641	0.01390	0.01628	0.01153	0.00635	0.00683	0.00133	0.04062	0.00485	0.00473	0.69002
2	0.06228	0.02005	0.02139	0.01654	0.02245	0.02182	0.01353	0.52776	0.05224	0.04446	0.01846	0.01963	0.01370	0.03547	0.00862	0.00243	0.00807	0.00686	0.00724	0.07699
3	0.02012	0.02169	0.02929	0.10766	0.27613	0.15432	0.10706	0.02402	0.01735	0.02222	0.01335	0.01816	0.01117	0.00834	0.01088	0.00251	0.13485	0.00681	0.00376	0.01030
4	0.01015	0.00739	0.00966	0.01128	0.01201	0.00713	0.00780	0.01269	0.04820	0.02066	0.04206	0.64584	0.04944	0.02340	0.00985	0.00315	0.00475	0.06065	0.00723	0.00666
5	0.01586	0.01429	0.02246	0.46037	0.04134	0.01767	0.03858	0.06051	0.01630	0.02215	0.01472	0.02104	0.01162	0.01147	0.04750	0.00317	0.11371	0.00705	0.05140	0.00877
