[name]
unknown

[dist]
# distance from previous block
# <min> <max>
0	7

[block]
# block no. 0 follows, 23 sequences, length 80
# corresponding to MSA columns:
# 7-86
name=unknown_A
#
# <colnr> <probs for GDERKNQSTAVLIFYWHMCP>
#	G	D	E	R	K	N	Q	S	T	A	V	L	I	F	Y	W	H	M	C	P
0	0.01225	0.00880	0.01192	0.01248	0.01437	0.00846	0.01026	0.01603	0.02091	0.02858	0.36406	0.07544	0.06224	0.01938	0.01036	0.00312	0.00558	0.29997	0.00823	0.00757
1	0.01527	0.01569	0.03111	0.02413	0.02895	0.01497	0.35289	0.01972	0.01755	0.02363	0.02971	0.27303	0.05958	0.01452	0.01052	0.00297	0.03644	0.01473	0.00549	0.00909
2	0.14013	0.47294	0.13869	0.01504	0.02248	0.02751	0.01573	0.04714	0.01697	0.02409	0.01212	0.01395	0.01026	0.00726	0.00569	0.00202	0.00884	0.00472	0.00388	0.01054
3	0.05273	0.02138	0.02144	0.04211	0.02406	0.09831	0.01415	0.33927	0.08122	0.06605	0.01950	0.02063	0.01458	0.01280	0.05552	0.00306	0.00989	0.00699	0.00687	0.08943
4	0.02997	0.01265	0.01694	0.01352	0.01871	0.01123	0.01096	0.03400	0.04612	0.49722	0.17917	0.03545	0.03349	0.01161	0.00849	0.00253	0.00617	0.00972	0.00972	0.01233
5	0.01901	0.02144	0.04577	0.03285	0.04066	0.02037	0.58554	0.02551	0.01877	0.02572	0.01609	0.02153	0.01223	0.00714	0.01021	0.00272	0.04379	0.00930	0.00410	0.03725
6	0.01209	0.00994	0.01025	0.00972	0.01279	0.00916	0.00740	0.07273	0.04725	0.02517	0.07230	0.10079	0.54269	0.01934	0.00943	0.00274	0.00470	0.01613	0.00762	0.00776
7	0.01610	0.01547	0.02692	0.57954	0.11989	0.01834	0.06618	0.02155	0.01667	0.02172	0.01465	0.02149	0.01114	0.00793	0.00821	0.00268	0.01089	0.00738	0.00368	0.00956
8	0.04952	0.01579	0.02754	0.53527	0.05069	0.01868	0.11894	0.02166	0.01644	0.02222	0.01446	0.02116	0.01096	0.00811	0.00889	0.00273	0.03643	0.00746	0.00375	0.00931
9	0.01650	0.01672	0.03159	0.49170	0.05173	0.01880	0.21110	0.02235	0.01713	0.02235	0.01504	0.02171	0.01128	0.00772	0.00856	0.00271	0.01170	0.00794	0.00376	0.00961
10	0.63172	0.01499	0.01294	0.04381	0.01774	0.01703	0.00959	0.02423	0.01522	0.08028	0.05718	0.01785	0.01431	0.00836	0.00570	0.00252	0.00637	0.00550	0.00558	0.00908
11	0.06686	0.01396	0.01831	0.01401	0.02033	0.01208	0.01154	0.03679	0.02212	0.57238	0.02920	0.02581	0.01872	0.00950	0.00779	0.00237	0.00678	0.00763	0.00926	0.09458
12	0.01684	0.01743	0.03198	0.02490	0.02875	0.01924	0.28898	0.02097	0.01634	0.02316	0.05023	0.10636	0.02031	0.01438	0.04379	0.00351	0.24829	0.01058	0.00458	0.00939
13	0.02141	0.66996	0.04127	0.01441	0.02086	0.03159	0.01416	0.02396	0.01620	0.01912	0.01124	0.01335	0.01043	0.00746	0.00672	0.00186	0.05768	0.00453	0.00348	0.01030
14	0.01180	0.00787	0.00885	0.00885	0.00885	0.00787	0.00492	0.01180	0.01180	0.01573	0.02557	0.05310	0.02950	0.71483	0.04130	0.00787	0.00787	0.01180	0.00492	0.00492
15	0.01633	0.01938	0.19411	0.02051	0.09772	0.01284	0.01791	0.02133	0.01831	0.08295	0.05289	0.15107	0.03254	0.01577	0.00942	0.00304	0.00835	0.20947	0.00626	0.00978
16	0.10764	0.06468	0.05840	0.01493	0.02119	0.01585	0.01304	0.11448	0.02304	0.40693	0.02642	0.05811	0.01856	0.01018	0.00772	0.00249	0.00742	0.00803	0.00831	0.01259
17	0.01275	0.00907	0.01259	0.01234	0.01371	0.01057	0.00955	0.01562	0.01374	0.02105	0.02207	0.03149	0.02011	0.07614	0.47148	0.00989	0.06558	0.00849	0.15644	0.00732
18	0.01159	0.00869	0.01304	0.01304	0.01449	0.01014	0.01014	0.01449	0.01304	0.01884	0.02173	0.03188	0.02029	0.06086	0.68268	0.01304	0.02173	0.00869	0.00435	0.00724
19	0.01987	0.46169	0.24271	0.01700	0.02541	0.02716	0.01897	0.02585	0.05387	0.02208	0.01361	0.01535	0.01121	0.00743	0.00619	0.00206	0.00961	0.00515	0.00374	0.01106
20	0.01914	0.01617	0.01670	0.01471	0.01705	0.09041	0.01103	0.16903	0.01984	0.02588	0.02033	0.03279	0.01979	0.26425	0.15115	0.00643	0.08259	0.00887	0.00537	0.00846
21	0.03031	0.01303	0.01726	0.01392	0.01906	0.01174	0.01120	0.07371	0.02326	0.48565	0.09563	0.11326	0.02940	0.01255	0.00857	0.00261	0.00646	0.01057	0.00950	0.01231
22	0.01513	0.00756	0.00756	0.00756	0.00945	0.00756	0.00567	0.01891	0.01702	0.03025	0.02647	0.03025	0.02080	0.00945	0.00567	0.00189	0.00378	0.00756	0.75988	0.00756
23	0.03464	0.01420	0.01878	0.01466	0.02076	0.01282	0.01203	0.03993	0.09128	0.60075	0.03212	0.02791	0.02059	0.01015	0.00817	0.00254	0.00685	0.00827	0.00985	0.01370
24	0.01966	0.01397	0.02147	0.24931	0.14983	0.01494	0.01741	0.02502	0.06130	0.14819	0.02572	0.12656	0.02276	0.01207	0.00867	0.00278	0.00842	0.05537	0.00609	0.01045
25	0.01872	0.02256	0.08297	0.07867	0.04290	0.02025	0.55745	0.02562	0.01883	0.02562	0.01617	0.02159	0.01209	0.00698	0.00937	0.00272	0.01339	0.00920	0.00403	0.01087
26	0.21618	0.32515	0.19268	0.01655	0.02433	0.02447	0.05304	0.02463	0.01611	0.02567	0.01241	0.01461	0.01007	0.00728	0.00604	0.00221	0.00917	0.00508	0.00390	0.01042
27	0.02736	0.02055	0.02212	0.01770	0.02338	0.02279	0.01434	0.48920	0.13378	0.04581	0.02379	0.07984	0.01894	0.01128	0.00833	0.00256	0.00817	0.00894	0.00809	0.01303
28	0.01644	0.00937	0.01197	0.01079	0.01359	0.00840	0.00819	0.01953	0.02139	0.16526	0.37325	0.08835	0.15188	0.05176	0.01093	0.00288	0.00478	0.01394	0.00868	0.00865
29	0.01683	0.01442	0.01683	0.01202	0.01923	0.01082	0.00961	0.02043	0.01683	0.02644	0.01442	0.01683	0.01202	0.00601	0.00601	0.00120	0.00601	0.00481	0.00481	0.76444
30	0.01039	0.00745	0.00986	0.01096	0.01188	0.00693	0.00757	0.01256	0.01787	0.02443	0.23786	0.50582	0.06085	0.02265	0.01011	0.00306	0.00443	0.02043	0.00797	0.00693
31	0.02059	0.01539	0.01899	0.10869	0.02525	0.01400	0.01249	0.08855	0.05688	0.10473	0.01812	0.01984	0.01374	0.00746	0.00691	0.00179	0.00712	0.00606	0.00581	0.44758
32	0.03426	0.01371	0.01841	0.01426	0.02021	0.01208	0.01172	0.05956	0.02375	0.59743	0.08056	0.02989	0.02426	0.01054	0.00827	0.00251	0.00674	0.00864	0.00989	0.01333
33	0.01124	0.00820	0.01056	0.01014	0.01202	0.00753	0.00754	0.01478	0.02214	0.03098	0.57700	0.10614	0.11642	0.01747	0.00963	0.00262	0.00391	0.01542	0.00874	0.00753
34	0.01952	0.01863	0.03136	0.12481	0.56751	0.01917	0.02416	0.02511	0.04256	0.02611	0.01585	0.02066	0.01307	0.00748	0.00805	0.00246	0.00965	0.00730	0.00413	0.01240
35	0.06038	0.01208	0.01539	0.01427	0.01807	0.01172	0.01191	0.07987	0.02155	0.23447	0.05500	0.10132	0.05733	0.01651	0.00947	0.00306	0.00694	0.25233	0.00828	0.01007
36	0.07810	0.02864	0.02168	0.01890	0.02294	0.35754	0.01475	0.14515	0.05488	0.02816	0.01530	0.01748	0.01227	0.00952	0.00977	0.00240	0.10081	0.00613	0.04539	0.01021
37	0.00997	0.00712	0.00949	0.01124	0.01179	0.00664	0.00754	0.01150	0.01591	0.02130	0.07547	0.67711	0.05481	0.02498	0.01032	0.00326	0.00466	0.02265	0.00760	0.00664
38	0.12590	0.31066	0.02915	0.01548	0.02116	0.12165	0.01353	0.16012	0.02173	0.02918	0.01401	0.01573	0.01147	0.00824	0.00694	0.00212	0.03437	0.00539	0.04258	0.01060
39	0.01893	0.01941	0.03696	0.15438	0.33182	0.01952	0.24855	0.02459	0.01834	0.02533	0.01554	0.02101	0.01231	0.00724	0.00861	0.00258	0.01133	0.00809	0.00398	0.01150
40	0.69086	0.01778	0.06009	0.01242	0.01805	0.01833	0.03333	0.02406	0.01424	0.03526	0.01172	0.01378	0.00902	0.00752	0.00538	0.00252	0.00695	0.00470	0.00487	0.00909
41	0.01201	0.00881	0.01158	0.01229	0.01430	0.00838	0.01015	0.01553	0.02017	0.02687	0.26740	0.07862	0.14633	0.02008	0.01039	0.00317	0.00569	0.31278	0.00800	0.00745
42	0.00989	0.00706	0.00942	0.01130	0.01177	0.00659	0.00753	0.01130	0.01554	0.02071	0.04472	0.70954	0.05367	0.02542	0.01036	0.00330	0.00471	0.02307	0.00753	0.00659
43	0.02219	0.58589	0.10522	0.01521	0.02250	0.06296	0.01555	0.02549	0.01717	0.04713	0.01255	0.01413	0.01081	0.00722	0.00569	0.00187	0.00925	0.00471	0.00378	0.01067
44	0.01169	0.00788	0.00882	0.00882	0.00896	0.00782	0.00498	0.01179	0.01213	0.01604	0.02839	0.05435	0.06103	0.68017	0.03972	0.00761	0.00768	0.01207	0.00505	0.00501
45	0.02969	0.03654	0.02240	0.02022	0.02442	0.62053	0.01524	0.06205	0.02350	0.02187	0.01349	0.01554	0.01106	0.00848	0.00729	0.00210	0.01388	0.00543	0.03673	0.00955
46	0.69463	0.01556	0.01243	0.01081	0.01606	0.01744	0.00887	0.02350	0.01412	0.03538	0.01162	0.01356	0.00912	0.00738	0.00512	0.00238	0.00625	0.00444	0.00500	0.08634
47	0.02169	0.71972	0.04252	0.01388	0.02083	0.03211	0.01388	0.02430	0.01649	0.01909	0.01128	0.01302	0.01041	0.00694	0.00521	0.00174	0.00868	0.00434	0.00347	0.01041
48	0.01622	0.01523	0.02505	0.43940	0.12183	0.01786	0.05322	0.02250	0.06030	0.02363	0.07400	0.02537	0.01803	0.00920	0.00924	0.00270	0.04389	0.00814	0.00448	0.00972
49	0.01018	0.00770	0.00940	0.01013	0.01161	0.00692	0.00716	0.01236	0.01819	0.02390	0.20277	0.36739	0.23912	0.02187	0.00994	0.00295	0.00432	0.01930	0.00787	0.00692
50	0.02269	0.01983	0.02928	0.06788	0.42481	0.02082	0.02147	0.18591	0.06824	0.03321	0.01759	0.02072	0.01385	0.00819	0.00807	0.00245	0.00928	0.00739	0.00537	0.01293
51	0.01037	0.00749	0.00975	0.01117	0.01195	0.00689	0.00746	0.01180	0.01535	0.02067	0.04187	0.62951	0.04990	0.07148	0.01225	0.00350	0.00499	0.02137	0.00722	0.04501
52	0.02181	0.01600	0.01959	0.01609	0.02133	0.01642	0.05579	0.09420	0.28127	0.13026	0.05563	0.05189	0.07391	0.01125	0.00828	0.00251	0.00688	0.00960	0.00777	0.09951
53	0.02169	0.71972	0.04252	0.01388	0.02083	0.03211	0.01388	0.02430	0.01649	0.01909	0.01128	0.01302	0.01041	0.00694	0.00521	0.00174	0.00868	0.00434	0.00347	0.01041
54	0.01409	0.00705	0.01057	0.01057	0.01057	0.00705	0.00705	0.01057	0.01057	0.01409	0.01409	0.02467	0.01409	0.02819	0.03171	0.76392	0.00705	0.00705	0.00352	0.00352
55	0.02024	0.01546	0.01761	0.01394	0.02008	0.01439	0.01106	0.03091	0.25069	0.10066	0.02323	0.02298	0.01761	0.00830	0.00708	0.00192	0.00626	0.00679	0.00666	0.40412
56	0.01683	0.01442	0.01683	0.01202	0.01923	0.01082	0.00961	0.02043	0.01683	0.02644	0.01442	0.01683	0.01202	0.00601	0.00601	0.00120	0.00601	0.00481	0.00481	0.76444
57	0.00999	0.00815	0.00883	0.00884	0.01125	0.00699	0.00656	0.01236	0.01919	0.02398	0.19616	0.11932	0.49993	0.02010	0.00964	0.00274	0.00410	0.01705	0.00782	0.00699
58	0.00989	0.00706	0.00942	0.01130	0.01177	0.00659	0.00753	0.01130	0.01554	0.02071	0.04472	0.70954	0.05367	0.02542	0.01036	0.00330	0.00471	0.02307	0.00753	0.00659
59	0.02572	0.09264	0.02737	0.02022	0.02510	0.17615	0.07332	0.25587	0.02573	0.03213	0.01665	0.05086	0.01399	0.01032	0.01073	0.00253	0.11646	0.00748	0.00565	0.01109
60	0.03170	0.01967	0.02215	0.01705	0.02329	0.02083	0.01406	0.44883	0.03321	0.21837	0.02318	0.02214	0.01580	0.00981	0.00803	0.00243	0.00816	0.00755	0.04020	0.01354
61	0.00973	0.00766	0.00879	0.00970	0.01135	0.00673	0.00682	0.01148	0.01708	0.02134	0.06423	0.38090	0.36971	0.02289	0.00996	0.00301	0.00440	0.01997	0.00753	0.00673
62	0.02963	0.01642	0.01919	0.01518	0.02072	0.01674	0.01238	0.25656	0.07539	0.29326	0.05335	0.02652	0.02059	0.01021	0.00792	0.00243	0.00712	0.00813	0.09548	0.01275
63	0.00959	0.00822	0.00822	0.00822	0.01096	0.00685	0.00617	0.01165	0.01850	0.02192	0.08220	0.07809	0.66092	0.02055	0.00959	0.00274	0.00411	0.01713	0.00754	0.00685
64	0.03031	0.03867	0.02299	0.02090	0.02508	0.68226	0.01568	0.03240	0.02299	0.01986	0.01254	0.01463	0.01045	0.00836	0.00732	0.00209	0.01463	0.00523	0.00418	0.00941
65	0.02032	0.01998	0.03193	0.08624	0.59600	0.05292	0.02429	0.02504	0.01857	0.02583	0.01508	0.01990	0.01261	0.00734	0.00800	0.00241	0.00996	0.00713	0.00400	0.01245
66	0.01801	0.01851	0.02906	0.02366	0.02515	0.02406	0.13035	0.02071	0.01365	0.02071	0.01170	0.01851	0.01095	0.01286	0.02352	0.00340	0.57473	0.00755	0.00365	0.00925
67	0.00989	0.00706	0.00942	0.01130	0.01177	0.00659	0.00753	0.01130	0.01554	0.02071	0.04472	0.70954	0.05367	0.02542	0.01036	0.00330	0.00471	0.02307	0.00753	0.00659
68	0.01808	0.05397	0.02935	0.04776	0.02587	0.02429	0.11461	0.02083	0.01383	0.02056	0.01173	0.01830	0.01091	0.01245	0.02218	0.00330	0.53171	0.00735	0.00364	0.00928
69	0.01853	0.01896	0.02572	0.02177	0.02260	0.05602	0.05033	0.02149	0.04020	0.02050	0.01199	0.01835	0.01133	0.01339	0.02402	0.00340	0.60118	0.00723	0.00381	0.00918
70	0.01050	0.00826	0.00948	0.00917	0.01152	0.00724	0.00688	0.01340	0.02064	0.02701	0.35926	0.06971	0.38069	0.01865	0.00958	0.00265	0.00397	0.01595	0.00821	0.00724
71	0.08423	0.01488	0.01859	0.01467	0.02066	0.01412	0.01202	0.07079	0.10410	0.51168	0.03006	0.02654	0.01958	0.00998	0.00796	0.00254	0.00691	0.00799	0.00937	0.01334
72	0.01005	0.00824	0.00886	0.00870	0.01124	0.00705	0.00653	0.01254	0.01958	0.02450	0.22269	0.07384	0.51882	0.01959	0.00959	0.00269	0.00404	0.01653	0.00787	0.00705
73	0.02366	0.01902	0.02442	0.28278	0.06838	0.02181	0.01850	0.33276	0.06457	0.03711	0.01810	0.02098	0.01324	0.00906	0.00812	0.00256	0.00955	0.00737	0.00617	0.01184
74	0.03085	0.02273	0.02435	0.01867	0.02516	0.02516	0.01542	0.63716	0.03815	0.05114	0.01948	0.01948	0.01380	0.00974	0.00812	0.00244	0.00893	0.00731	0.00812	0.01380
75	0.01988	0.01503	0.01615	0.04316	0.01961	0.01694	0.01143	0.11455	0.34902	0.03457	0.02843	0.02845	0.02150	0.01024	0.00745	0.00245	0.00615	0.00835	0.23544	0.01121
76	0.01241	0.00978	0.01410	0.01364	0.01474	0.01179	0.01054	0.01484	0.01282	0.01858	0.02073	0.03243	0.02007	0.12822	0.52560	0.01123	0.10813	0.00884	0.00431	0.00719
77	0.01638	0.01724	0.03467	0.07027	0.03379	0.01703	0.38742	0.02135	0.01754	0.02381	0.02327	0.20117	0.02290	0.01230	0.01089	0.00294	0.05979	0.01277	0.00493	0.00954
78	0.11192	0.01598	0.01754	0.01432	0.01977	0.04048	0.01143	0.10242	0.10599	0.24161	0.02576	0.08855	0.02015	0.01057	0.00762	0.00237	0.00694	0.00851	0.00764	0.14044
79	0.19753	0.01963	0.01894	0.01583	0.02095	0.07274	0.01272	0.27115	0.10934	0.07044	0.02062	0.04700	0.01616	0.01354	0.05526	0.00326	0.00908	0.00747	0.00692	0.01143

[dist]
# distance from previous block
# <min> <max>
7	21

[block]
# block no. 1 follows, 23 sequences, length 209
# corresponding to MSA columns:
# 109-317
name=unknown_B
#
# <colnr> <probs for GDERKNQSTAVLIFYWHMCP>
#	G	D	E	R	K	N	Q	S	T	A	V	L	I	F	Y	W	H	M	C	P
0	0.02553	0.01785	0.02060	0.04631	0.02343	0.01811	0.01326	0.32586	0.02787	0.11724	0.02084	0.05348	0.01618	0.01166	0.03586	0.00263	0.00837	0.00760	0.00714	0.20017
1	0.11439	0.01930	0.01958	0.01632	0.02123	0.05498	0.01312	0.25948	0.19750	0.06118	0.06215	0.02455	0.02024	0.01040	0.00867	0.00256	0.04188	0.00785	0.03276	0.01187
2	0.01605	0.01304	0.01362	0.01263	0.01427	0.06930	0.00903	0.09511	0.01787	0.02338	0.08896	0.06610	0.03038	0.33906	0.09547	0.00615	0.04062	0.03589	0.00575	0.00731
3	0.01696	0.01610	0.02730	0.47291	0.26549	0.01846	0.02335	0.02217	0.01700	0.02272	0.01471	0.02110	0.01152	0.00781	0.00809	0.00260	0.01041	0.00722	0.00375	0.01034
4	0.01880	0.01797	0.03062	0.22336	0.50066	0.01894	0.02427	0.02378	0.01787	0.02496	0.01504	0.02050	0.01231	0.00747	0.00805	0.00249	0.00996	0.00722	0.00391	0.01182
5	0.01820	0.01706	0.02871	0.19043	0.46429	0.01780	0.02259	0.02263	0.01761	0.02441	0.01850	0.02365	0.04615	0.00907	0.00921	0.03712	0.00950	0.00773	0.00409	0.01126
6	0.01205	0.01046	0.01134	0.01188	0.04676	0.00991	0.00835	0.01804	0.13284	0.02434	0.06981	0.06641	0.51196	0.01813	0.00927	0.00273	0.00482	0.01517	0.00748	0.00825
7	0.01755	0.01485	0.01722	0.01236	0.01954	0.01156	0.00992	0.05250	0.01793	0.02772	0.01469	0.01696	0.01211	0.00620	0.00612	0.00127	0.00616	0.00494	0.00498	0.72541
8	0.03151	0.01527	0.04851	0.01456	0.02084	0.01264	0.01244	0.07279	0.02333	0.49719	0.07936	0.02838	0.02311	0.01011	0.00807	0.00240	0.00695	0.00825	0.00910	0.07517
9	0.01008	0.00816	0.00844	0.00841	0.01060	0.00707	0.00598	0.01181	0.01738	0.02113	0.09296	0.07266	0.51830	0.15321	0.01566	0.00371	0.00482	0.01601	0.00709	0.00651
10	0.01589	0.01519	0.02446	0.53919	0.04787	0.01961	0.02143	0.02045	0.01535	0.02045	0.01355	0.02073	0.01078	0.00952	0.01240	0.00290	0.17047	0.00719	0.00359	0.00898
11	0.03085	0.02273	0.02435	0.01867	0.02516	0.02516	0.01542	0.63716	0.03815	0.05114	0.01948	0.01948	0.01380	0.00974	0.00812	0.00244	0.00893	0.00731	0.00812	0.01380
12	0.01991	0.01910	0.03262	0.07316	0.64221	0.01923	0.02482	0.02475	0.01839	0.02630	0.01523	0.02014	0.01278	0.00726	0.00804	0.00242	0.00968	0.00723	0.00400	0.01271
13	0.02211	0.41460	0.17196	0.01695	0.02467	0.05697	0.01755	0.10998	0.05123	0.02566	0.01424	0.01571	0.01156	0.00775	0.00638	0.00208	0.00957	0.00538	0.00437	0.01129
14	0.01287	0.00925	0.01279	0.01447	0.01637	0.00917	0.01256	0.01655	0.01889	0.02461	0.07490	0.08952	0.06986	0.02206	0.01107	0.00364	0.00717	0.55923	0.00755	0.00746
15	0.02071	0.01769	0.01865	0.01662	0.02130	0.02043	0.01297	0.07253	0.61928	0.03479	0.03236	0.02974	0.02423	0.01095	0.00825	0.00274	0.00655	0.00908	0.00825	0.01289
16	0.01132	0.00766	0.00899	0.00947	0.00959	0.00754	0.00558	0.01167	0.01274	0.01699	0.03041	0.21915	0.03561	0.54044	0.03347	0.00671	0.00707	0.01465	0.00558	0.00534
17	0.01894	0.01910	0.03551	0.16560	0.37716	0.01939	0.19494	0.02443	0.01825	0.02529	0.01543	0.02088	0.01232	0.00729	0.00848	0.00256	0.01099	0.00788	0.00396	0.01160
18	0.00995	0.00711	0.00947	0.01126	0.01178	0.00663	0.00754	0.01145	0.01581	0.02116	0.06771	0.68529	0.05452	0.02509	0.01033	0.00327	0.00467	0.02275	0.00758	0.00663
19	0.01579	0.00820	0.00827	0.00803	0.01011	0.00830	0.00608	0.04487	0.01790	0.03113	0.02618	0.02980	0.02050	0.00947	0.00577	0.00191	0.00400	0.00755	0.72831	0.00782
20	0.01988	0.01908	0.03257	0.07691	0.63867	0.01923	0.02480	0.02473	0.01838	0.02627	0.01523	0.02015	0.01277	0.00727	0.00804	0.00242	0.00969	0.00723	0.00400	0.01269
21	0.03512	0.01494	0.01942	0.01499	0.02122	0.01372	0.01235	0.10530	0.05101	0.57538	0.03068	0.02684	0.01959	0.01005	0.00816	0.00251	0.00711	0.00811	0.00976	0.01377
22	0.01034	0.00748	0.00978	0.01083	0.01183	0.00692	0.00750	0.01250	0.01788	0.02427	0.22860	0.48725	0.08952	0.02257	0.01009	0.00305	0.00442	0.02030	0.00795	0.00692
23	0.01667	0.01676	0.03130	0.47461	0.09029	0.01879	0.18965	0.02243	0.01716	0.02253	0.01502	0.02161	0.01135	0.00771	0.00851	0.00269	0.01152	0.00786	0.00377	0.00978
24	0.01801	0.17000	0.40001	0.05724	0.15000	0.02150	0.02552	0.02504	0.01721	0.02432	0.01404	0.01708	0.01081	0.00749	0.00729	0.00238	0.01085	0.00595	0.00355	0.01170
25	0.01489	0.00759	0.00759	0.00759	0.00952	0.00753	0.00569	0.01860	0.01708	0.02990	0.02881	0.03226	0.04768	0.00992	0.00584	0.00193	0.00380	0.00796	0.72829	0.00753
26	0.00989	0.00706	0.00942	0.01130	0.01177	0.00659	0.00753	0.01130	0.01554	0.02071	0.04472	0.70954	0.05367	0.02542	0.01036	0.00330	0.00471	0.02307	0.00753	0.00659
27	0.05868	0.01614	0.01674	0.01466	0.01905	0.01817	0.01154	0.14041	0.37242	0.03595	0.03021	0.02931	0.04510	0.01069	0.00765	0.00253	0.00629	0.00861	0.14423	0.01163
28	0.01407	0.01222	0.07399	0.01191	0.01524	0.00943	0.01018	0.01883	0.04726	0.08298	0.42496	0.09489	0.12042	0.01593	0.00927	0.00262	0.00504	0.01386	0.00825	0.00864
29	0.03085	0.02273	0.02435	0.01867	0.02516	0.02516	0.01542	0.63716	0.03815	0.05114	0.01948	0.01948	0.01380	0.00974	0.00812	0.00244	0.00893	0.00731	0.00812	0.01380
30	0.01942	0.01628	0.01908	0.01426	0.02052	0.01497	0.01158	0.12964	0.02010	0.03002	0.01489	0.01740	0.01218	0.00761	0.00875	0.00169	0.08617	0.00551	0.00525	0.54468
31	0.02845	0.02763	0.02260	0.02028	0.05675	0.31143	0.01517	0.22727	0.02685	0.07266	0.01915	0.02035	0.03568	0.00958	0.00849	0.00232	0.03998	0.00679	0.03747	0.01111
32	0.00987	0.00711	0.00937	0.01118	0.01174	0.00660	0.00748	0.01131	0.01565	0.02076	0.04613	0.68582	0.07648	0.02524	0.01033	0.00327	0.00469	0.02284	0.00753	0.00660
33	0.01940	0.01859	0.03171	0.14203	0.57730	0.01910	0.02456	0.02431	0.01815	0.02568	0.01514	0.02030	0.01256	0.00736	0.00804	0.00245	0.00981	0.00723	0.00396	0.01230
34	0.02092	0.01764	0.01860	0.01641	0.02113	0.02019	0.01286	0.10705	0.55679	0.03534	0.03354	0.03103	0.04942	0.01126	0.00830	0.00272	0.00660	0.00929	0.00821	0.01270
35	0.00989	0.00706	0.00942	0.01130	0.01177	0.00659	0.00753	0.01130	0.01554	0.02071	0.04472	0.70954	0.05367	0.02542	0.01036	0.00330	0.00471	0.02307	0.00753	0.00659
36	0.01854	0.02276	0.10679	0.03065	0.07506	0.02140	0.37188	0.02421	0.01714	0.02431	0.01464	0.02019	0.01170	0.00888	0.01373	0.00291	0.19230	0.00841	0.00388	0.01063
37	0.00989	0.00706	0.00942	0.01130	0.01177	0.00659	0.00753	0.01130	0.01554	0.02071	0.04472	0.70954	0.05367	0.02542	0.01036	0.00330	0.00471	0.02307	0.00753	0.00659
38	0.02359	0.02728	0.02526	0.02151	0.02477	0.32837	0.08360	0.04800	0.01928	0.02160	0.01593	0.01996	0.03783	0.01301	0.04583	0.00316	0.22039	0.00699	0.00427	0.00937
39	0.73572	0.01560	0.01227	0.01086	0.01594	0.01789	0.00894	0.02463	0.01428	0.06777	0.01232	0.01390	0.00935	0.00766	0.00518	0.00251	0.00631	0.00458	0.00527	0.00904
40	0.00989	0.00706	0.00942	0.01130	0.01177	0.00659	0.00753	0.01130	0.01554	0.02071	0.04472	0.70954	0.05367	0.02542	0.01036	0.00330	0.00471	0.02307	0.00753	0.00659
41	0.01683	0.01442	0.01683	0.01202	0.01923	0.01082	0.00961	0.02043	0.01683	0.02644	0.01442	0.01683	0.01202	0.00601	0.00601	0.00120	0.00601	0.00481	0.00481	0.76444
42	0.00996	0.00709	0.00939	0.01121	0.01166	0.00664	0.00744	0.01132	0.01540	0.02053	0.04402	0.68538	0.05278	0.05079	0.01150	0.00346	0.00482	0.02265	0.00744	0.00653
43	0.01532	0.01442	0.02434	0.69533	0.05589	0.01803	0.02253	0.02073	0.01622	0.02073	0.01442	0.02163	0.01082	0.00811	0.00811	0.00270	0.01082	0.00721	0.00361	0.00901
44	0.01633	0.03940	0.61155	0.02209	0.03364	0.01810	0.02808	0.02521	0.01710	0.02577	0.01455	0.01710	0.01044	0.00755	0.00755	0.00244	0.01143	0.00589	0.00356	0.08224
45	0.01554	0.01465	0.02473	0.66557	0.08393	0.01809	0.02264	0.02092	0.01633	0.02100	0.01446	0.02156	0.01091	0.00807	0.00811	0.00269	0.01076	0.00721	0.00362	0.00919
46	0.02169	0.71972	0.04252	0.01388	0.02083	0.03211	0.01388	0.02430	0.01649	0.01909	0.01128	0.01302	0.01041	0.00694	0.00521	0.00174	0.00868	0.00434	0.00347	0.01041
47	0.00989	0.00706	0.00942	0.01130	0.01177	0.00659	0.00753	0.01130	0.01554	0.02071	0.04472	0.70954	0.05367	0.02542	0.01036	0.00330	0.00471	0.02307	0.00753	0.00659
48	0.01324	0.04764	0.01252	0.01064	0.01379	0.06807	0.00820	0.01752	0.07896	0.02408	0.14125	0.06257	0.43743	0.01740	0.00904	0.00261	0.00544	0.01439	0.00728	0.00792
49	0.02052	0.01391	0.01577	0.01376	0.01793	0.01444	0.01077	0.09283	0.24446	0.14428	0.13525	0.07239	0.14137	0.01385	0.00875	0.00267	0.00590	0.01163	0.00850	0.01101
50	0.00989	0.00706	0.00942	0.01130	0.01177	0.00659	0.00753	0.01130	0.01554	0.02071	0.04472	0.70954	0.05367	0.02542	0.01036	0.00330	0.00471	0.02307	0.00753	0.00659
51	0.02074	0.01771	0.01866	0.01663	0.02131	0.02044	0.01298	0.07400	0.61777	0.03484	0.03232	0.02971	0.02420	0.01094	0.00825	0.00274	0.00655	0.00908	0.00825	0.01289
52	0.02008	0.01928	0.03294	0.04981	0.66422	0.01928	0.02490	0.02490	0.01848	0.02651	0.01526	0.02008	0.01285	0.00723	0.00803	0.00241	0.00964	0.00723	0.00402	0.01285
53	0.77215	0.01569	0.01193	0.01067	0.01569	0.01820	0.00879	0.02385	0.01381	0.03641	0.01130	0.01318	0.00879	0.00753	0.00502	0.00251	0.00628	0.00439	0.00502	0.00879
54	0.01004	0.00722	0.00943	0.01101	0.01166	0.00671	0.00739	0.01158	0.01601	0.02134	0.08429	0.61813	0.08190	0.04783	0.01131	0.00338	0.00473	0.02189	0.00753	0.00661
55	0.03521	0.01573	0.02002	0.01535	0.02167	0.01478	0.01268	0.16823	0.02644	0.53661	0.02931	0.02587	0.01873	0.00998	0.00815	0.00249	0.00734	0.00798	0.00963	0.01381
56	0.01962	0.01894	0.03255	0.04746	0.61163	0.01882	0.04959	0.02441	0.01851	0.02630	0.01804	0.02252	0.03925	0.00776	0.00816	0.00244	0.00958	0.00773	0.00416	0.01253
57	0.02972	0.02344	0.02363	0.01863	0.02474	0.07620	0.01518	0.52921	0.09924	0.04693	0.02032	0.02020	0.01465	0.00976	0.00807	0.00244	0.00912	0.00733	0.00782	0.01336
58	0.01750	0.01365	0.04605	0.01333	0.01710	0.01284	0.01092	0.07212	0.16983	0.09232	0.37647	0.04529	0.05135	0.01374	0.00893	0.00259	0.00550	0.01182	0.00855	0.01011
59	0.03045	0.02093	0.02298	0.01777	0.02401	0.02274	0.01463	0.51966	0.05875	0.12597	0.04383	0.02232	0.01717	0.01006	0.00818	0.00246	0.00841	0.00774	0.00839	0.01355
60	0.00995	0.00711	0.00948	0.01125	0.01178	0.00664	0.00754	0.01147	0.01585	0.02121	0.07040	0.68245	0.05462	0.02505	0.01032	0.00326	0.00467	0.02272	0.00759	0.00664
61	0.01645	0.04095	0.64386	0.02433	0.06356	0.01886	0.02975	0.02566	0.01719	0.02573	0.01459	0.01726	0.01040	0.00769	0.00772	0.00256	0.01189	0.00605	0.00345	0.01203
62	0.02688	0.05498	0.02393	0.02037	0.02361	0.43389	0.01596	0.02897	0.01983	0.06042	0.01319	0.01626	0.01111	0.01005	0.01269	0.00251	0.20553	0.00590	0.00435	0.00957
63	0.00994	0.00710	0.00947	0.01126	0.01178	0.00663	0.00754	0.01144	0.01580	0.02113	0.06644	0.68663	0.05448	0.02511	0.01033	0.00327	0.00468	0.02277	0.00758	0.00663
64	0.03085	0.02273	0.02435	0.01867	0.02516	0.02516	0.01542	0.63716	0.03815	0.05114	0.01948	0.01948	0.01380	0.00974	0.00812	0.00244	0.00893	0.00731	0.00812	0.01380
65	0.00996	0.00709	0.00939	0.01120	0.01165	0.00664	0.00742	0.01132	0.01538	0.02051	0.04394	0.68258	0.05267	0.05374	0.01163	0.00348	0.00484	0.02260	0.00742	0.00652
66	0.03557	0.01362	0.01856	0.01429	0.02042	0.01178	0.01178	0.03873	0.02322	0.64840	0.05314	0.02873	0.02199	0.01026	0.00821	0.00251	0.00680	0.00838	0.01001	0.01360
67	0.02379	0.06337	0.02351	0.05075	0.02410	0.33937	0.01581	0.05354	0.01913	0.02108	0.01341	0.01785	0.01177	0.01577	0.08813	0.00373	0.19523	0.00625	0.00415	0.00926
68	0.01513	0.00756	0.00756	0.00756	0.00945	0.00756	0.00567	0.01891	0.01702	0.03025	0.02647	0.03025	0.02080	0.00945	0.00567	0.00189	0.00378	0.00756	0.75988	0.00756
69	0.01683	0.01442	0.01683	0.01202	0.01923	0.01082	0.00961	0.02043	0.01683	0.02644	0.01442	0.01683	0.01202	0.00601	0.00601	0.00120	0.00601	0.00481	0.00481	0.76444
70	0.00973	0.00820	0.00826	0.00826	0.01083	0.00691	0.00609	0.01165	0.01808	0.02153	0.07866	0.07653	0.62140	0.06401	0.01157	0.00306	0.00435	0.01679	0.00737	0.00673
71	0.14895	0.01791	0.01990	0.01568	0.02172	0.01877	0.01289	0.27439	0.07373	0.27783	0.02385	0.02231	0.01616	0.00960	0.00766	0.00250	0.00757	0.00730	0.00836	0.01294
72	0.02169	0.71972	0.04252	0.01388	0.02083	0.03211	0.01388	0.02430	0.01649	0.01909	0.01128	0.01302	0.01041	0.00694	0.00521	0.00174	0.00868	0.00434	0.00347	0.01041
73	0.01763	0.17548	0.48784	0.02233	0.03295	0.02165	0.08389	0.02545	0.01719	0.02440	0.01408	0.01676	0.01050	0.00747	0.00739	0.00242	0.01149	0.00600	0.00350	0.01158
74	0.77215	0.01569	0.01193	0.01067	0.01569	0.01820	0.00879	0.02385	0.01381	0.03641	0.01130	0.01318	0.00879	0.00753	0.00502	0.00251	0.00628	0.00439	0.00502	0.00879
75	0.00996	0.00712	0.00948	0.01125	0.01179	0.00664	0.00754	0.01148	0.01587	0.02125	0.07254	0.68020	0.05470	0.02502	0.01032	0.00326	0.00467	0.02269	0.00760	0.00664
76	0.01627	0.04197	0.67279	0.02313	0.03512	0.01884	0.02998	0.02570	0.01713	0.02570	0.01456	0.01713	0.01028	0.00771	0.00771	0.00257	0.01199	0.00600	0.00343	0.01199
77	0.01527	0.00987	0.01237	0.01120	0.01398	0.00935	0.00858	0.02075	0.08428	0.11047	0.47660	0.05490	0.10924	0.01554	0.00927	0.00258	0.00448	0.01352	0.00890	0.00886
78	0.00959	0.00822	0.00822	0.00822	0.01096	0.00685	0.00617	0.01165	0.01850	0.02192	0.08220	0.07809	0.66092	0.02055	0.00959	0.00274	0.00411	0.01713	0.00754	0.00685
79	0.01513	0.00756	0.00756	0.00756	0.00945	0.00756	0.00567	0.01891	0.01702	0.03025	0.02647	0.03025	0.02080	0.00945	0.00567	0.00189	0.00378	0.00756	0.75988	0.00756
80	0.01915	0.02189	0.04788	0.03420	0.04241	0.02052	0.63475	0.02599	0.01915	0.02599	0.01642	0.02189	0.01231	0.00684	0.00958	0.00274	0.01368	0.00958	0.00410	0.01094
81	0.03085	0.02273	0.02435	0.01867	0.02516	0.02516	0.01542	0.63716	0.03815	0.05114	0.01948	0.01948	0.01380	0.00974	0.00812	0.00244	0.00893	0.00731	0.00812	0.01380
82	0.01148	0.00829	0.01085	0.01021	0.01212	0.00766	0.00766	0.01531	0.02297	0.03254	0.65994	0.06061	0.07656	0.01659	0.00957	0.00255	0.00383	0.01467	0.00893	0.00766
83	0.02008	0.01928	0.03294	0.04981	0.66422	0.01928	0.02490	0.02490	0.01848	0.02651	0.01526	0.02008	0.01285	0.00723	0.00803	0.00241	0.00964	0.00723	0.00402	0.01285
84	0.01280	0.01062	0.01368	0.01355	0.01517	0.05336	0.01050	0.01564	0.01368	0.01890	0.02114	0.03077	0.01965	0.05748	0.63925	0.01234	0.02128	0.00847	0.00434	0.00738
85	0.03085	0.02273	0.02435	0.01867	0.02516	0.02516	0.01542	0.63716	0.03815	0.05114	0.01948	0.01948	0.01380	0.00974	0.00812	0.00244	0.00893	0.00731	0.00812	0.01380
86	0.02464	0.01901	0.02043	0.01700	0.02245	0.02118	0.01359	0.25173	0.37892	0.07182	0.02751	0.02584	0.02019	0.01033	0.00812	0.00257	0.00732	0.00830	0.00817	0.04089
87	0.02573	0.02192	0.02190	0.06044	0.02552	0.09458	0.01491	0.30490	0.26939	0.03923	0.02360	0.02322	0.01745	0.00997	0.00808	0.00254	0.00871	0.00779	0.00746	0.01265
88	0.00959	0.00822	0.00822	0.00822	0.01096	0.00685	0.00617	0.01165	0.01850	0.02192	0.08220	0.07809	0.66092	0.02055	0.00959	0.00274	0.00411	0.01713	0.00754	0.00685
89	0.01726	0.01630	0.02754	0.37836	0.32342	0.01811	0.02291	0.02233	0.01753	0.02383	0.04398	0.02271	0.01469	0.00810	0.00814	0.00257	0.00998	0.00756	0.00403	0.01065
90	0.05799	0.01929	0.05946	0.01680	0.02202	0.02038	0.01391	0.08684	0.53139	0.03487	0.02975	0.02777	0.02223	0.01053	0.00805	0.00270	0.00696	0.00859	0.00778	0.01266
91	0.01109	0.00814	0.01039	0.01011	0.01195	0.00744	0.00747	0.01444	0.02161	0.02998	0.52418	0.13695	0.13995	0.01805	0.00966	0.00266	0.00396	0.01591	0.00861	0.00744
92	0.02225	0.67592	0.04126	0.01434	0.02110	0.07391	0.01400	0.02482	0.01691	0.01914	0.01136	0.01312	0.01042	0.00703	0.00534	0.00176	0.00906	0.00440	0.00352	0.01035
93	0.01180	0.00787	0.00885	0.00885	0.00885	0.00787	0.00492	0.01180	0.01180	0.01573	0.02557	0.05310	0.02950	0.71483	0.04130	0.00787	0.00787	0.01180	0.00492	0.00492
94	0.02154	0.01766	0.01879	0.01659	0.02137	0.02022	0.01299	0.08446	0.58334	0.05903	0.03204	0.02942	0.02383	0.01088	0.00824	0.00272	0.00661	0.00901	0.00831	0.01295
95	0.60070	0.01687	0.01453	0.01231	0.01766	0.01915	0.01015	0.13577	0.01869	0.07104	0.01383	0.01505	0.01027	0.00806	0.00574	0.00250	0.00679	0.00511	0.00584	0.00995
96	0.01513	0.00756	0.00756	0.00756	0.00945	0.00756	0.00567	0.01891	0.01702	0.03025	0.02647	0.03025	0.02080	0.00945	0.00567	0.00189	0.00378	0.00756	0.75988	0.00756
97	0.03003	0.03377	0.02341	0.02033	0.02498	0.48714	0.01568	0.19120	0.02663	0.02808	0.01431	0.01601	0.01134	0.00892	0.00818	0.00223	0.03618	0.00584	0.00520	0.01055
98	0.00988	0.00747	0.00914	0.01034	0.01155	0.00672	0.00714	0.01161	0.01679	0.02168	0.08774	0.48999	0.23355	0.02353	0.01009	0.00309	0.00449	0.02088	0.00761	0.00672
99	0.02018	0.01743	0.01835	0.01651	0.02110	0.02018	0.01284	0.04312	0.64956	0.03394	0.03303	0.03027	0.02477	0.01101	0.00826	0.00275	0.00642	0.00917	0.00826	0.01284
100	0.01409	0.00705	0.01057	0.01057	0.01057	0.00705	0.00705	0.01057	0.01057	0.01409	0.01409	0.02467	0.01409	0.02819	0.03171	0.76392	0.00705	0.00705	0.00352	0.00352
101	0.01578	0.01552	0.02793	0.54685	0.05157	0.01801	0.13278	0.02131	0.01685	0.02173	0.01761	0.02404	0.03822	0.00840	0.00844	0.00271	0.01106	0.00805	0.00386	0.00927
102	0.77215	0.01569	0.01193	0.01067	0.01569	0.01820	0.00879	0.02385	0.01381	0.03641	0.01130	0.01318	0.00879	0.00753	0.00502	0.00251	0.00628	0.00439	0.00502	0.00879
103	0.03641	0.01381	0.01883	0.01444	0.02071	0.01193	0.01193	0.03954	0.02322	0.66984	0.03201	0.02762	0.02009	0.01004	0.00816	0.00251	0.00690	0.00816	0.01004	0.01381
104	0.01745	0.07132	0.61415	0.02231	0.03381	0.01913	0.02842	0.02627	0.01738	0.05509	0.01522	0.01743	0.01074	0.00778	0.00762	0.00253	0.01161	0.00602	0.00373	0.01200
105	0.01775	0.01775	0.02485	0.02130	0.02130	0.02485	0.01775	0.01953	0.01243	0.01953	0.01065	0.01775	0.01065	0.01420	0.02663	0.00355	0.69998	0.00710	0.00355	0.00888
106	0.01256	0.00903	0.01244	0.01423	0.01598	0.00892	0.01214	0.01595	0.01832	0.02377	0.04494	0.16079	0.07526	0.02267	0.01104	0.00364	0.00701	0.51650	0.00748	0.00734
107	0.03515	0.01353	0.01843	0.01422	0.02028	0.01171	0.01171	0.03832	0.02321	0.63768	0.06370	0.02928	0.02294	0.01037	0.00823	0.00251	0.00675	0.00849	0.00999	0.01350
108	0.03013	0.03686	0.02382	0.02115	0.02559	0.62480	0.04075	0.03246	0.02285	0.04967	0.01359	0.01552	0.01097	0.00838	0.00745	0.00214	0.01424	0.00554	0.00444	0.00967
109	0.00959	0.00822	0.00822	0.00822	0.01096	0.00685	0.00617	0.01165	0.01850	0.02192	0.08220	0.07809	0.66092	0.02055	0.00959	0.00274	0.00411	0.01713	0.00754	0.00685
110	0.00969	0.00822	0.00836	0.00832	0.01102	0.00689	0.00624	0.01184	0.01873	0.02247	0.11224	0.07718	0.63054	0.02034	0.00959	0.00273	0.00410	0.01700	0.00761	0.00689
111	0.02002	0.01944	0.03387	0.04883	0.62529	0.01936	0.06308	0.02497	0.01852	0.02648	0.01534	0.02020	0.01282	0.00721	0.00813	0.00243	0.00989	0.00738	0.00402	0.01273
112	0.01779	0.01793	0.02361	0.02048	0.02083	0.05660	0.01691	0.01969	0.01302	0.01948	0.01182	0.01897	0.01158	0.01844	0.08943	0.00440	0.59947	0.00716	0.00366	0.00874
113	0.01909	0.02170	0.04684	0.03362	0.04146	0.02071	0.60702	0.02570	0.01885	0.02570	0.01616	0.02170	0.01224	0.00717	0.01034	0.00277	0.04453	0.00946	0.00408	0.01085
114	0.37174	0.01467	0.01568	0.01272	0.01843	0.01479	0.01050	0.03239	0.01893	0.38113	0.02257	0.02104	0.01494	0.00890	0.00673	0.00251	0.00662	0.00644	0.00775	0.01152
115	0.01303	0.00960	0.01271	0.01378	0.01588	0.00958	0.01166	0.01791	0.06000	0.02623	0.15477	0.08124	0.08906	0.02053	0.01062	0.00340	0.00654	0.42785	0.00779	0.00781
116	0.01752	0.01871	0.03785	0.31592	0.04815	0.01946	0.37387	0.02375	0.01790	0.02375	0.01557	0.02178	0.01167	0.00738	0.00895	0.00272	0.01246	0.00857	0.00389	0.01012
117	0.01532	0.01442	0.02434	0.69533	0.05589	0.01803	0.02253	0.02073	0.01622	0.02073	0.01442	0.02163	0.01082	0.00811	0.00811	0.00270	0.01082	0.00721	0.00361	0.00901
118	0.01775	0.01775	0.02485	0.02130	0.02130	0.02485	0.01775	0.01953	0.01243	0.01953	0.01065	0.01775	0.01065	0.01420	0.02663	0.00355	0.69998	0.00710	0.00355	0.00888
119	0.46307	0.01863	0.01711	0.01401	0.01964	0.02111	0.01155	0.27957	0.02396	0.04255	0.01471	0.01581	0.01088	0.00845	0.00631	0.00248	0.00738	0.00561	0.00631	0.01088
120	0.02070	0.01783	0.05983	0.01606	0.02102	0.01808	0.01334	0.07516	0.43720	0.08424	0.11519	0.03262	0.02975	0.01139	0.00838	0.00267	0.00663	0.00951	0.00817	0.01223
121	0.03641	0.01381	0.01883	0.01444	0.02071	0.01193	0.01193	0.03954	0.02322	0.66984	0.03201	0.02762	0.02009	0.01004	0.00816	0.00251	0.00690	0.00816	0.01004	0.01381
122	0.01409	0.00705	0.01057	0.01057	0.01057	0.00705	0.00705	0.01057	0.01057	0.01409	0.01409	0.02467	0.01409	0.02819	0.03171	0.76392	0.00705	0.00705	0.00352	0.00352
123	0.03143	0.01334	0.01769	0.01392	0.01940	0.01196	0.01135	0.07246	0.02411	0.51285	0.14775	0.03323	0.03017	0.01124	0.00842	0.00251	0.00646	0.00932	0.00972	0.01267
124	0.01645	0.04071	0.63367	0.02382	0.03558	0.01895	0.06784	0.02572	0.01726	0.02572	0.01468	0.01743	0.01041	0.00765	0.00783	0.00258	0.01210	0.00622	0.00347	0.01193
125	0.02930	0.02196	0.02348	0.01836	0.02457	0.02444	0.01505	0.55107	0.12676	0.04865	0.02144	0.02105	0.01539	0.00992	0.00814	0.00248	0.00857	0.00758	0.00814	0.01366
126	0.00989	0.00706	0.00942	0.01130	0.01177	0.00659	0.00753	0.01130	0.01554	0.02071	0.04472	0.70954	0.05367	0.02542	0.01036	0.00330	0.00471	0.02307	0.00753	0.00659
127	0.01532	0.01442	0.02434	0.69533	0.05589	0.01803	0.02253	0.02073	0.01622	0.02073	0.01442	0.02163	0.01082	0.00811	0.00811	0.00270	0.01082	0.00721	0.00361	0.00901
128	0.01159	0.00869	0.01304	0.01304	0.01449	0.01014	0.01014	0.01449	0.01304	0.01884	0.02173	0.03188	0.02029	0.06086	0.68268	0.01304	0.02173	0.00869	0.00435	0.00724
129	0.01556	0.01489	0.02581	0.65395	0.05504	0.01818	0.06086	0.02106	0.01641	0.02106	0.01455	0.02165	0.01091	0.00803	0.00820	0.00271	0.01100	0.00736	0.00364	0.00913
130	0.01693	0.01674	0.03031	0.19759	0.20831	0.01778	0.17316	0.02164	0.01716	0.02351	0.01948	0.12596	0.01827	0.01068	0.01026	0.00279	0.06462	0.01022	0.00444	0.01016
131	0.02136	0.01428	0.01729	0.01258	0.01957	0.01107	0.01015	0.02486	0.01831	0.17549	0.01850	0.01933	0.01389	0.00694	0.00651	0.00151	0.00622	0.00558	0.00602	0.59055
132	0.01824	0.07338	0.26654	0.02887	0.07561	0.02095	0.29090	0.02518	0.01766	0.02494	0.01488	0.01917	0.01136	0.00779	0.00995	0.00266	0.06931	0.00762	0.00377	0.01123
133	0.01129	0.00765	0.00900	0.00950	0.00962	0.00753	0.00561	0.01167	0.01279	0.01706	0.03065	0.22736	0.03592	0.53182	0.03309	0.00665	0.00703	0.01479	0.00561	0.00536
134	0.01751	0.17111	0.51833	0.02274	0.06508	0.02142	0.02662	0.02539	0.01708	0.02447	0.01397	0.01649	0.01044	0.00754	0.00724	0.00240	0.01123	0.00574	0.00347	0.01173
135	0.42315	0.01466	0.01482	0.06837	0.02009	0.01594	0.01072	0.05592	0.01794	0.18200	0.04480	0.02060	0.01541	0.00877	0.00638	0.00248	0.00666	0.00627	0.05492	0.01008
136	0.01308	0.00934	0.01308	0.01494	0.01681	0.00934	0.01308	0.01681	0.01868	0.02428	0.04296	0.09153	0.04670	0.02242	0.01121	0.00374	0.00747	0.60960	0.00747	0.00747
137	0.40183	0.01889	0.01745	0.03889	0.02107	0.05289	0.01203	0.21405	0.04912	0.08016	0.01623	0.01714	0.01188	0.00858	0.00653	0.00248	0.00771	0.00587	0.00634	0.01086
138	0.77215	0.01569	0.01193	0.01067	0.01569	0.01820	0.00879	0.02385	0.01381	0.03641	0.01130	0.01318	0.00879	0.00753	0.00502	0.00251	0.00628	0.00439	0.00502	0.00879
139	0.00989	0.00706	0.00942	0.01130	0.01177	0.00659	0.00753	0.01130	0.01554	0.02071	0.04472	0.70954	0.05367	0.02542	0.01036	0.00330	0.00471	0.02307	0.00753	0.00659
140	0.01532	0.01442	0.02434	0.69533	0.05589	0.01803	0.02253	0.02073	0.01622	0.02073	0.01442	0.02163	0.01082	0.00811	0.00811	0.00270	0.01082	0.00721	0.00361	0.00901
141	0.01532	0.01442	0.02434	0.69533	0.05589	0.01803	0.02253	0.02073	0.01622	0.02073	0.01442	0.02163	0.01082	0.00811	0.00811	0.00270	0.01082	0.00721	0.00361	0.00901
142	0.01048	0.00818	0.00950	0.00932	0.01154	0.00720	0.00693	0.01331	0.02036	0.02672	0.34491	0.10960	0.35482	0.01904	0.00963	0.00269	0.00402	0.01637	0.00818	0.00720
143	0.02087	0.01777	0.01873	0.01665	0.02136	0.02050	0.01301	0.08131	0.61024	0.03505	0.03216	0.02958	0.02406	0.01093	0.00825	0.00273	0.00658	0.00905	0.00825	0.01290
144	0.01009	0.00721	0.00965	0.01153	0.01209	0.00677	0.00789	0.01165	0.01574	0.02094	0.04461	0.66980	0.05322	0.02523	0.01041	0.00332	0.00489	0.06078	0.00753	0.00665
145	0.02941	0.03453	0.02218	0.01975	0.02409	0.55054	0.01500	0.11283	0.02465	0.02473	0.01437	0.01629	0.01157	0.00862	0.00732	0.00212	0.01317	0.00566	0.05330	0.00988
146	0.08163	0.14177	0.05111	0.01201	0.01624	0.01687	0.01063	0.11772	0.01981	0.03139	0.02017	0.02289	0.01591	0.00897	0.00680	0.00210	0.03211	0.00658	0.37586	0.00943
147	0.03031	0.03867	0.02299	0.02090	0.02508	0.68226	0.01568	0.03240	0.02299	0.01986	0.01254	0.01463	0.01045	0.00836	0.00732	0.00209	0.01463	0.00523	0.00418	0.00941
148	0.01732	0.01446	0.01539	0.01412	0.01802	0.01578	0.01099	0.07889	0.36887	0.03094	0.04621	0.08048	0.19684	0.01476	0.00885	0.00280	0.00596	0.04063	0.00798	0.01073
149	0.00989	0.00706	0.00942	0.01130	0.01177	0.00659	0.00753	0.01130	0.01554	0.02071	0.04472	0.70954	0.05367	0.02542	0.01036	0.00330	0.00471	0.02307	0.00753	0.00659
150	0.00980	0.00823	0.00852	0.00844	0.01109	0.00694	0.00633	0.01206	0.01900	0.02312	0.14731	0.07612	0.59507	0.02010	0.00959	0.00272	0.00408	0.01685	0.00769	0.00694
151	0.77215	0.01569	0.01193	0.01067	0.01569	0.01820	0.00879	0.02385	0.01381	0.03641	0.01130	0.01318	0.00879	0.00753	0.00502	0.00251	0.00628	0.00439	0.00502	0.00879
152	0.02169	0.71972	0.04252	0.01388	0.02083	0.03211	0.01388	0.02430	0.01649	0.01909	0.01128	0.01302	0.01041	0.00694	0.00521	0.00174	0.00868	0.00434	0.00347	0.01041
153	0.01522	0.01421	0.02384	0.61994	0.08382	0.01738	0.02172	0.02035	0.01630	0.02102	0.01636	0.06461	0.01360	0.00915	0.00825	0.00273	0.01037	0.00820	0.00387	0.00906
154	0.77215	0.01569	0.01193	0.01067	0.01569	0.01820	0.00879	0.02385	0.01381	0.03641	0.01130	0.01318	0.00879	0.00753	0.00502	0.00251	0.00628	0.00439	0.00502	0.00879
155	0.03028	0.01311	0.01734	0.01373	0.01901	0.01179	0.01116	0.07236	0.02412	0.48242	0.17667	0.03474	0.03277	0.01154	0.00848	0.00252	0.00632	0.00961	0.00966	0.01238
156	0.03360	0.01438	0.01880	0.01486	0.02079	0.01322	0.01223	0.06844	0.08082	0.55226	0.03198	0.03033	0.02140	0.01067	0.00830	0.00258	0.00699	0.03524	0.00967	0.01344
157	0.03161	0.01359	0.01843	0.05673	0.02204	0.01243	0.01222	0.06542	0.02351	0.51630	0.11077	0.03106	0.02643	0.01075	0.00834	0.00252	0.00686	0.00889	0.00940	0.01272
158	0.01000	0.00717	0.00932	0.01100	0.01154	0.00668	0.00730	0.01135	0.01543	0.02045	0.04522	0.63822	0.08011	0.06953	0.01231	0.00356	0.00488	0.02207	0.00736	0.00650
159	0.03550	0.01436	0.01906	0.01471	0.02093	0.01286	0.01212	0.06655	0.04935	0.61618	0.03149	0.02736	0.01999	0.01007	0.00816	0.00252	0.00698	0.00816	0.00988	0.01377
160	0.01861	0.06605	0.08646	0.18590	0.06126	0.04977	0.13128	0.04336	0.01678	0.02285	0.01354	0.01909	0.01113	0.00970	0.01390	0.00285	0.22637	0.00723	0.00385	0.01000
