[name]
unknown

[dist]
# distance from previous block
# <min> <max>
0	0

[block]
# block no. 0 follows, 23 sequences, length 23
# corresponding to MSA columns:
# 0-22
name=unknown_A
#
# <colnr> <probs for GDERKNQSTAVLIFYWHMCP>
#	G	D	E	R	K	N	Q	S	T	A	V	L	I	F	Y	W	H	M	C	P
0	0.01308	0.00934	0.01308	0.01494	0.01681	0.00934	0.01308	0.01681	0.01868	0.02428	0.04296	0.09153	0.04670	0.02242	0.01121	0.00374	0.00747	0.60960	0.00747	0.00747
1	0.03149	0.05974	0.09102	0.01593	0.02274	0.01585	0.01440	0.09645	0.07533	0.44859	0.02776	0.02504	0.01823	0.00966	0.00794	0.00248	0.00772	0.00770	0.00861	0.01333
2	0.02100	0.03948	0.05021	0.01644	0.02097	0.03705	0.07205	0.10048	0.04163	0.15800	0.03086	0.25362	0.02983	0.01506	0.00895	0.00277	0.00763	0.04553	0.00725	0.04120
3	0.01313	0.00975	0.01222	0.01096	0.01364	0.00899	0.00832	0.05282	0.02288	0.03245	0.52456	0.08374	0.06490	0.01547	0.00914	0.00244	0.00441	0.01358	0.00838	0.08822
4	0.02449	0.02254	0.02058	0.01781	0.02277	0.14252	0.01396	0.17801	0.39401	0.03533	0.02616	0.02492	0.01962	0.01023	0.00805	0.00256	0.00850	0.00802	0.00748	0.01243
5	0.09158	0.01437	0.01738	0.01413	0.01939	0.01409	0.01142	0.07831	0.12300	0.37594	0.12306	0.03115	0.02784	0.01094	0.00812	0.00255	0.00646	0.00891	0.00903	0.01232
6	0.01764	0.11581	0.45687	0.02147	0.03111	0.02002	0.06145	0.02495	0.01716	0.04984	0.01819	0.02053	0.04430	0.00877	0.00894	0.00256	0.05836	0.00675	0.00395	0.01134
7	0.02476	0.16613	0.07285	0.06822	0.08954	0.02463	0.05117	0.30810	0.05634	0.03622	0.01718	0.01884	0.01300	0.00858	0.00757	0.00235	0.00942	0.00681	0.00593	0.01236
8	0.00978	0.00748	0.00898	0.01019	0.01148	0.00668	0.00704	0.01142	0.01660	0.02115	0.05822	0.48207	0.27242	0.02367	0.01008	0.00310	0.00449	0.02093	0.00753	0.00668
9	0.01919	0.02042	0.07679	0.12440	0.50946	0.01918	0.06283	0.02452	0.01816	0.02573	0.01519	0.02018	0.01240	0.00734	0.00812	0.00248	0.01019	0.00729	0.00393	0.01221
10	0.02544	0.04736	0.14102	0.02053	0.06379	0.02000	0.04195	0.29518	0.02730	0.12578	0.02231	0.07289	0.01783	0.01063	0.00827	0.00256	0.00906	0.02874	0.00691	0.01245
11	0.07880	0.03877	0.58611	0.02267	0.03389	0.01888	0.05934	0.02556	0.01696	0.02660	0.01439	0.01705	0.01026	0.00765	0.00758	0.00257	0.01161	0.00605	0.00359	0.01167
12	0.01020	0.00725	0.00959	0.01135	0.01187	0.00684	0.00769	0.01166	0.01547	0.02059	0.04335	0.62939	0.05165	0.07105	0.01246	0.00363	0.00508	0.05699	0.00735	0.00653
13	0.01948	0.19790	0.42626	0.02206	0.07377	0.02143	0.02435	0.02646	0.01757	0.07735	0.01528	0.01723	0.01130	0.00769	0.00718	0.00236	0.01063	0.00587	0.00402	0.01183
14	0.01351	0.01065	0.01262	0.01269	0.01516	0.01095	0.00985	0.02162	0.18317	0.02770	0.18526	0.17330	0.13720	0.01839	0.00969	0.00299	0.00542	0.13313	0.00802	0.00867
15	0.01180	0.00787	0.00885	0.00885	0.00885	0.00787	0.00492	0.01180	0.01180	0.01573	0.02557	0.05310	0.02950	0.71483	0.04130	0.00787	0.00787	0.01180	0.00492	0.00492
16	0.20706	0.33735	0.07176	0.01396	0.02014	0.05805	0.01322	0.08144	0.01827	0.02783	0.01369	0.01555	0.01124	0.00770	0.00575	0.00208	0.00820	0.00507	0.07151	0.01013
17	0.01091	0.06692	0.01135	0.00892	0.01176	0.00907	0.00687	0.01306	0.01837	0.02237	0.13001	0.06950	0.51182	0.06052	0.01112	0.00294	0.00468	0.01551	0.00718	0.00711
18	0.06306	0.01464	0.01709	0.01408	0.01912	0.01444	0.01118	0.06526	0.16257	0.17108	0.06931	0.08240	0.02442	0.01099	0.00851	0.00235	0.03470	0.00893	0.00740	0.19848
19	0.01392	0.00784	0.00871	0.00871	0.01047	0.00802	0.00651	0.01723	0.01610	0.02680	0.02923	0.03490	0.06368	0.05580	0.13553	0.00436	0.00740	0.00863	0.52885	0.00732
20	0.07153	0.15373	0.24202	0.02433	0.08921	0.05532	0.13352	0.06580	0.01893	0.02660	0.01536	0.03996	0.01248	0.00810	0.00754	0.00242	0.01079	0.00697	0.00421	0.01119
21	0.02234	0.58895	0.08624	0.01532	0.02238	0.08665	0.01526	0.04525	0.01780	0.02069	0.01190	0.01367	0.01052	0.00721	0.00567	0.00185	0.00944	0.00463	0.00368	0.01055
22	0.02018	0.53012	0.21884	0.01647	0.02482	0.02840	0.01839	0.02469	0.01667	0.02094	0.01220	0.01417	0.01038	0.00716	0.00591	0.00197	0.00960	0.00480	0.00346	0.01085

[dist]
# distance from previous block
# <min> <max>
0	1

[block]
# block no. 1 follows, 23 sequences, length 29
# corresponding to MSA columns:
# 24-52
name=unknown_B
#
# <colnr> <probs for GDERKNQSTAVLIFYWHMCP>
#	G	D	E	R	K	N	Q	S	T	A	V	L	I	F	Y	W	H	M	C	P
0	0.01492	0.00949	0.01193	0.01083	0.01356	0.00877	0.00829	0.01944	0.05593	0.11370	0.46724	0.05707	0.14521	0.01598	0.00932	0.00258	0.00440	0.01387	0.00885	0.00862
1	0.00992	0.00723	0.00925	0.01084	0.01157	0.00667	0.00727	0.01136	0.01575	0.02067	0.04848	0.61032	0.12509	0.05008	0.01140	0.00340	0.00475	0.02195	0.00744	0.00656
2	0.02052	0.59523	0.13105	0.01517	0.02261	0.02935	0.01603	0.02411	0.01644	0.02002	0.01216	0.01435	0.01078	0.00918	0.03228	0.00230	0.00966	0.00475	0.00350	0.01051
3	0.01895	0.01812	0.03088	0.20385	0.51905	0.01898	0.02434	0.02391	0.01794	0.02513	0.01506	0.02045	0.01237	0.00744	0.00805	0.00248	0.00992	0.00723	0.00392	0.01194
4	0.01308	0.00934	0.01308	0.01494	0.01681	0.00934	0.01308	0.01681	0.01868	0.02428	0.04296	0.09153	0.04670	0.02242	0.01121	0.00374	0.00747	0.60960	0.00747	0.00747
5	0.01165	0.00898	0.01335	0.01286	0.01473	0.00841	0.05547	0.01484	0.01964	0.02707	0.33433	0.29028	0.06074	0.01954	0.01001	0.00294	0.00523	0.07448	0.00793	0.00751
6	0.01627	0.04197	0.67279	0.02313	0.03512	0.01884	0.02998	0.02570	0.01713	0.02570	0.01456	0.01713	0.01028	0.00771	0.00771	0.00257	0.01199	0.00600	0.00343	0.01199
7	0.01805	0.02012	0.04329	0.03147	0.03876	0.01886	0.55997	0.02424	0.01872	0.02536	0.01979	0.10387	0.01724	0.00906	0.00967	0.00280	0.01261	0.01118	0.00451	0.01042
8	0.01513	0.00756	0.00756	0.00756	0.00945	0.00756	0.00567	0.01891	0.01702	0.03025	0.02647	0.03025	0.02080	0.00945	0.00567	0.00189	0.00378	0.00756	0.75988	0.00756
9	0.01041	0.00853	0.00997	0.06098	0.01466	0.00784	0.00790	0.01264	0.01766	0.02181	0.08881	0.17610	0.43028	0.05749	0.01137	0.00314	0.00504	0.04130	0.00715	0.00692
10	0.01513	0.00756	0.00756	0.00756	0.00945	0.00756	0.00567	0.01891	0.01702	0.03025	0.02647	0.03025	0.02080	0.00945	0.00567	0.00189	0.00378	0.00756	0.75988	0.00756
11	0.02193	0.02383	0.02246	0.06400	0.02417	0.25051	0.01611	0.06347	0.01810	0.02168	0.01370	0.01904	0.01217	0.01811	0.11068	0.00426	0.27573	0.00670	0.00418	0.00916
12	0.12254	0.01554	0.02554	0.51573	0.04852	0.01837	0.09749	0.02183	0.01625	0.02360	0.01423	0.02047	0.01072	0.00787	0.00786	0.00268	0.01054	0.00711	0.00387	0.00922
13	0.01097	0.00836	0.01027	0.01145	0.01300	0.00793	0.00848	0.01420	0.05327	0.02242	0.05344	0.39640	0.20796	0.02279	0.01019	0.00320	0.00515	0.12576	0.00756	0.00717
14	0.04431	0.10302	0.05944	0.03068	0.11666	0.02138	0.37246	0.02612	0.05198	0.02583	0.01609	0.02035	0.01259	0.00737	0.00898	0.00254	0.03206	0.00813	0.00426	0.03576
15	0.19623	0.01574	0.05912	0.01343	0.01892	0.01432	0.01160	0.03146	0.11724	0.27855	0.03136	0.02960	0.08643	0.01056	0.00745	0.00254	0.00655	0.00824	0.04934	0.01130
16	0.04611	0.35384	0.17121	0.01795	0.02539	0.12137	0.04290	0.04932	0.05987	0.02359	0.01410	0.01586	0.01148	0.00769	0.00652	0.00212	0.01024	0.00546	0.00412	0.01086
17	0.01878	0.29951	0.35084	0.02198	0.07071	0.02407	0.06084	0.02513	0.01710	0.02323	0.01346	0.01604	0.01062	0.00733	0.00688	0.00225	0.01067	0.00566	0.00352	0.01138
18	0.01138	0.00858	0.01060	0.01144	0.01352	0.00794	0.00927	0.01402	0.01844	0.02334	0.10471	0.11519	0.30165	0.02160	0.01117	0.03286	0.00564	0.26418	0.00746	0.00703
19	0.01463	0.00886	0.01159	0.01088	0.01321	0.00803	0.00816	0.01785	0.02151	0.11984	0.43581	0.16624	0.09703	0.01737	0.00950	0.00268	0.00443	0.01531	0.00878	0.00830
20	0.01740	0.06519	0.06639	0.01519	0.01788	0.17148	0.01230	0.01980	0.01714	0.02120	0.04580	0.24474	0.02898	0.08149	0.01342	0.00319	0.08224	0.01225	0.05581	0.00810
21	0.01648	0.04056	0.62883	0.02391	0.03563	0.01896	0.07252	0.02572	0.01727	0.02572	0.01469	0.01747	0.01042	0.00765	0.00784	0.00258	0.01211	0.00625	0.00347	0.01192
22	0.01409	0.00705	0.01057	0.01057	0.01057	0.00705	0.00705	0.01057	0.01057	0.01409	0.01409	0.02467	0.01409	0.02819	0.03171	0.76392	0.00705	0.00705	0.00352	0.00352
23	0.01127	0.00818	0.01039	0.01001	0.01174	0.00755	0.00730	0.01449	0.02123	0.02959	0.52477	0.10140	0.11529	0.07636	0.01230	0.00306	0.00424	0.01514	0.00840	0.00730
24	0.03603	0.01441	0.01920	0.01472	0.02101	0.01281	0.01216	0.07948	0.02422	0.62849	0.03117	0.02707	0.01967	0.01002	0.00816	0.00251	0.00704	0.00810	0.00991	0.01381
25	0.01166	0.00841	0.01160	0.01160	0.01255	0.00936	0.00835	0.01356	0.01261	0.01777	0.02305	0.03918	0.02345	0.28574	0.46212	0.01126	0.01697	0.00976	0.00454	0.00644
26	0.08177	0.02140	0.02255	0.01751	0.02368	0.02362	0.01442	0.55810	0.03531	0.04842	0.02251	0.02240	0.05061	0.01021	0.00798	0.00246	0.00847	0.00766	0.00787	0.01305
27	0.02576	0.02017	0.02061	0.01729	0.02262	0.06439	0.01376	0.23102	0.35531	0.09810	0.02728	0.02557	0.01990	0.01034	0.00814	0.00259	0.00780	0.00823	0.00811	0.01301
28	0.02051	0.01769	0.02015	0.06435	0.06891	0.02028	0.01450	0.07705	0.52506	0.03360	0.02970	0.02831	0.02232	0.01047	0.00822	0.00271	0.00710	0.00879	0.00764	0.01265

[dist]
# distance from previous block
# <min> <max>
0	1

[block]
# block no. 2 follows, 23 sequences, length 21
# corresponding to MSA columns:
# 54-74
name=unknown_C
#
# <colnr> <probs for GDERKNQSTAVLIFYWHMCP>
#	G	D	E	R	K	N	Q	S	T	A	V	L	I	F	Y	W	H	M	C	P
0	0.33545	0.09731	0.02220	0.01953	0.09576	0.21650	0.03225	0.02732	0.04082	0.02812	0.01308	0.01529	0.01062	0.00779	0.00633	0.00231	0.00962	0.00530	0.00458	0.00983
1	0.52170	0.01520	0.01628	0.05653	0.02064	0.01672	0.07465	0.02221	0.01500	0.03206	0.01813	0.06938	0.04499	0.00940	0.00635	0.00256	0.00710	0.00714	0.00514	0.03883
2	0.01224	0.00930	0.01241	0.04459	0.04093	0.00901	0.00956	0.04451	0.01835	0.02488	0.14643	0.43151	0.07232	0.02052	0.00974	0.00297	0.00537	0.03913	0.00737	0.03885
3	0.02028	0.02165	0.06286	0.03957	0.46403	0.09270	0.02180	0.02477	0.01862	0.02547	0.01602	0.04685	0.01401	0.00799	0.00781	0.00229	0.00974	0.00732	0.00423	0.09198
4	0.00989	0.00706	0.00942	0.01130	0.01177	0.00659	0.00753	0.01130	0.01554	0.02071	0.04472	0.70954	0.05367	0.02542	0.01036	0.00330	0.00471	0.02307	0.00753	0.00659
5	0.02179	0.01889	0.02124	0.01799	0.02301	0.04369	0.06146	0.12586	0.46493	0.03515	0.02880	0.02752	0.02156	0.01035	0.00820	0.00265	0.00753	0.00873	0.03816	0.01250
6	0.01130	0.00824	0.01085	0.01214	0.01345	0.00793	0.00917	0.01439	0.03650	0.02394	0.13862	0.38873	0.08493	0.02258	0.01037	0.00326	0.00536	0.18329	0.00775	0.00719
7	0.02281	0.40643	0.09932	0.01716	0.02332	0.18288	0.01619	0.02677	0.04440	0.02060	0.01278	0.01491	0.01103	0.00809	0.00775	0.00209	0.06417	0.00513	0.00384	0.01032
8	0.02401	0.02196	0.01987	0.01737	0.02190	0.16302	0.01358	0.10908	0.33832	0.07200	0.02846	0.02737	0.05291	0.01087	0.00895	0.00259	0.04038	0.00835	0.00722	0.01178
9	0.00997	0.00713	0.00949	0.01124	0.01179	0.00665	0.00754	0.01151	0.01593	0.02134	0.07711	0.67538	0.05487	0.02496	0.01032	0.00326	0.00466	0.02263	0.00761	0.00665
10	0.01700	0.11398	0.57341	0.02269	0.03395	0.02036	0.05871	0.02556	0.01716	0.02500	0.01430	0.01693	0.01040	0.00758	0.00753	0.00249	0.01172	0.00600	0.00347	0.01177
11	0.01944	0.02106	0.04262	0.05913	0.03963	0.02079	0.50752	0.04975	0.06592	0.02697	0.01737	0.02219	0.01314	0.00770	0.01026	0.00277	0.04900	0.00923	0.00451	0.01100
12	0.01180	0.00787	0.00885	0.00885	0.00885	0.00787	0.00492	0.01180	0.01180	0.01573	0.02557	0.05310	0.02950	0.71483	0.04130	0.00787	0.00787	0.01180	0.00492	0.00492
13	0.01663	0.03948	0.59531	0.02450	0.03602	0.01905	0.10496	0.02573	0.01738	0.02573	0.01479	0.01772	0.01053	0.00760	0.00794	0.00259	0.01220	0.00644	0.00351	0.01186
14	0.01785	0.01803	0.02638	0.02216	0.02270	0.02457	0.05873	0.01996	0.01287	0.01996	0.01103	0.01803	0.01076	0.01371	0.02550	0.00350	0.65440	0.00727	0.00359	0.00901
15	0.01670	0.09476	0.62370	0.02241	0.03401	0.01988	0.02873	0.02559	0.01708	0.02518	0.01431	0.01681	0.01029	0.00765	0.00751	0.00250	0.01173	0.00587	0.00343	0.01187
16	0.01318	0.00897	0.01177	0.01093	0.01299	0.00856	0.00829	0.01669	0.02200	0.07143	0.54058	0.09153	0.08937	0.01668	0.01023	0.00264	0.03304	0.01447	0.00866	0.00801
17	0.00989	0.00706	0.00942	0.01130	0.01177	0.00659	0.00753	0.01130	0.01554	0.02071	0.04472	0.70954	0.05367	0.02542	0.01036	0.00330	0.00471	0.02307	0.00753	0.00659
18	0.02739	0.03375	0.02334	0.06593	0.08643	0.54440	0.01658	0.02991	0.02177	0.02058	0.01451	0.04997	0.01284	0.00908	0.00758	0.00222	0.01343	0.00642	0.00429	0.00957
19	0.01983	0.01902	0.03248	0.08380	0.63218	0.01921	0.02478	0.02468	0.01836	0.02620	0.01522	0.02016	0.01275	0.00728	0.00804	0.00243	0.00970	0.00723	0.00399	0.01265
20	0.01860	0.01777	0.03026	0.25058	0.47501	0.01889	0.02417	0.02361	0.01778	0.02471	0.01500	0.02056	0.01222	0.00750	0.00806	0.00250	0.01001	0.00722	0.00389	0.01166

[dist]
# distance from previous block
# <min> <max>
8	11

[block]
# block no. 3 follows, 23 sequences, length 34
# corresponding to MSA columns:
# 86-119
name=unknown_D
#
# <colnr> <probs for GDERKNQSTAVLIFYWHMCP>
#	G	D	E	R	K	N	Q	S	T	A	V	L	I	F	Y	W	H	M	C	P
0	0.02056	0.28031	0.31962	0.02048	0.05954	0.02455	0.02181	0.11595	0.02009	0.02715	0.01415	0.01615	0.01098	0.00771	0.00689	0.00224	0.01024	0.00566	0.00417	0.01174
1	0.06489	0.01840	0.05512	0.01987	0.08143	0.01789	0.04945	0.17121	0.14624	0.10008	0.02419	0.05573	0.01974	0.04510	0.00974	0.00280	0.00806	0.03525	0.00687	0.06797
2	0.01586	0.01373	0.01981	0.05199	0.02105	0.01603	0.06588	0.08910	0.01717	0.02377	0.02576	0.08893	0.07908	0.06557	0.19641	0.00600	0.17982	0.01033	0.00514	0.00859
3	0.06348	0.03657	0.02259	0.02030	0.02467	0.60821	0.01535	0.07288	0.02361	0.02271	0.01296	0.01490	0.01060	0.00842	0.00727	0.00213	0.01387	0.00533	0.00448	0.00968
4	0.01715	0.01700	0.02405	0.50701	0.10853	0.07882	0.02094	0.02292	0.04839	0.02192	0.01822	0.02374	0.04014	0.00874	0.00810	0.00262	0.01054	0.00756	0.00410	0.00952
5	0.01819	0.01546	0.01698	0.01497	0.01977	0.01631	0.01185	0.03376	0.41056	0.03067	0.03208	0.03605	0.05216	0.01155	0.00813	0.00251	0.00634	0.07425	0.00736	0.18104
6	0.01651	0.01439	0.02271	0.54470	0.04780	0.01687	0.02038	0.02041	0.01717	0.02235	0.02061	0.08451	0.01862	0.01256	0.01026	0.03573	0.01041	0.04980	0.00483	0.00940
7	0.02169	0.71972	0.04252	0.01388	0.02083	0.03211	0.01388	0.02430	0.01649	0.01909	0.01128	0.01302	0.01041	0.00694	0.00521	0.00174	0.00868	0.00434	0.00347	0.01041
8	0.00994	0.00823	0.00870	0.00858	0.01117	0.00700	0.00644	0.01232	0.01931	0.02386	0.18798	0.07489	0.55393	0.01982	0.00959	0.00271	0.00406	0.01668	0.00779	0.00700
9	0.02355	0.02645	0.02432	0.02100	0.02372	0.30074	0.04713	0.06663	0.01900	0.02208	0.01315	0.01780	0.01157	0.01450	0.06467	0.00352	0.27997	0.00657	0.00421	0.00942
10	0.02739	0.02097	0.02300	0.06390	0.02632	0.02356	0.01532	0.46142	0.17469	0.04520	0.02220	0.02206	0.01607	0.00992	0.00815	0.00252	0.00849	0.00772	0.00784	0.01326
11	0.01020	0.00783	0.00942	0.01043	0.01202	0.00705	0.00761	0.01224	0.01742	0.02218	0.09018	0.36002	0.29326	0.02273	0.01011	0.00309	0.00473	0.08503	0.00760	0.00684
12	0.01900	0.06914	0.06714	0.03043	0.03743	0.02191	0.47542	0.02487	0.01786	0.02452	0.01511	0.02048	0.01185	0.00801	0.01184	0.00279	0.11890	0.00871	0.00395	0.01063
13	0.01971	0.42975	0.25742	0.01728	0.02577	0.02658	0.01934	0.02630	0.06789	0.02256	0.01417	0.01583	0.01153	0.00753	0.00631	0.00210	0.00964	0.00530	0.00384	0.01115
14	0.00985	0.00719	0.00929	0.01097	0.01168	0.00662	0.00738	0.01134	0.01585	0.02084	0.04877	0.64142	0.11917	0.02490	0.01027	0.00324	0.00464	0.02243	0.00753	0.00662
15	0.00959	0.00822	0.00822	0.00822	0.01096	0.00685	0.00617	0.01165	0.01850	0.02192	0.08220	0.07809	0.66092	0.02055	0.00959	0.00274	0.00411	0.01713	0.00754	0.00685
16	0.02059	0.02072	0.03247	0.08312	0.54377	0.07288	0.05773	0.02533	0.01875	0.02562	0.01506	0.01983	0.01251	0.00735	0.00806	0.00242	0.01033	0.00720	0.00401	0.01225
17	0.03241	0.01556	0.07094	0.01474	0.02106	0.01208	0.01298	0.03613	0.02271	0.55730	0.09017	0.02990	0.02465	0.01048	0.00826	0.00252	0.00702	0.00860	0.00940	0.01308
18	0.01627	0.04197	0.67279	0.02313	0.03512	0.01884	0.02998	0.02570	0.01713	0.02570	0.01456	0.01713	0.01028	0.00771	0.00771	0.00257	0.01199	0.00600	0.00343	0.01199
19	0.01573	0.03924	0.61906	0.02192	0.03317	0.01787	0.02805	0.02456	0.01724	0.02539	0.02003	0.02206	0.06288	0.00875	0.00786	0.00258	0.01135	0.00690	0.00376	0.01158
20	0.01627	0.04197	0.67279	0.02313	0.03512	0.01884	0.02998	0.02570	0.01713	0.02570	0.01456	0.01713	0.01028	0.00771	0.00771	0.00257	0.01199	0.00600	0.00343	0.01199
21	0.01627	0.04197	0.67279	0.02313	0.03512	0.01884	0.02998	0.02570	0.01713	0.02570	0.01456	0.01713	0.01028	0.00771	0.00771	0.00257	0.01199	0.00600	0.00343	0.01199
22	0.01718	0.15490	0.56777	0.02159	0.03274	0.02105	0.02730	0.02546	0.01702	0.02460	0.01401	0.01645	0.01030	0.00758	0.00729	0.00243	0.01144	0.00572	0.00343	0.01173
23	0.02757	0.12456	0.02491	0.01862	0.02361	0.38124	0.01476	0.15216	0.07561	0.02723	0.01833	0.01931	0.03951	0.00917	0.00736	0.00219	0.01158	0.00634	0.00534	0.01059
24	0.01007	0.00719	0.00962	0.01150	0.01205	0.00675	0.00785	0.01161	0.01571	0.02092	0.04462	0.67458	0.05327	0.02525	0.01040	0.00332	0.00486	0.05624	0.00753	0.00664
25	0.00989	0.00706	0.00942	0.01130	0.01177	0.00659	0.00753	0.01130	0.01554	0.02071	0.04472	0.70954	0.05367	0.02542	0.01036	0.00330	0.00471	0.02307	0.00753	0.00659
26	0.02169	0.71972	0.04252	0.01388	0.02083	0.03211	0.01388	0.02430	0.01649	0.01909	0.01128	0.01302	0.01041	0.00694	0.00521	0.00174	0.00868	0.00434	0.00347	0.01041
27	0.02945	0.02071	0.02245	0.01754	0.02360	0.02270	0.01438	0.49910	0.09504	0.09866	0.02217	0.02174	0.01573	0.00987	0.00801	0.00244	0.00826	0.00757	0.04718	0.01338
28	0.01159	0.00869	0.01304	0.01304	0.01449	0.01014	0.01014	0.01449	0.01304	0.01884	0.02173	0.03188	0.02029	0.06086	0.68268	0.01304	0.02173	0.00869	0.00435	0.00724
29	0.02976	0.02192	0.02359	0.01819	0.02443	0.02418	0.01499	0.60225	0.03730	0.05009	0.05544	0.02179	0.01732	0.01013	0.00820	0.00244	0.00864	0.00772	0.00816	0.01345
30	0.02018	0.01743	0.01835	0.01651	0.02110	0.02018	0.01284	0.04312	0.64956	0.03394	0.03303	0.03027	0.02477	0.01101	0.00826	0.00275	0.00642	0.00917	0.00826	0.01284
31	0.01683	0.01442	0.01683	0.01202	0.01923	0.01082	0.00961	0.02043	0.01683	0.02644	0.01442	0.01683	0.01202	0.00601	0.00601	0.00120	0.00601	0.00481	0.00481	0.76444
32	0.12958	0.01454	0.01826	0.01419	0.02032	0.01346	0.01172	0.07059	0.02285	0.55516	0.02869	0.02533	0.01830	0.00971	0.00776	0.00251	0.00694	0.00763	0.00930	0.01317
33	0.02008	0.01928	0.03294	0.04981	0.66422	0.01928	0.02490	0.02490	0.01848	0.02651	0.01526	0.02008	0.01285	0.00723	0.00803	0.00241	0.00964	0.00723	0.00402	0.01285

[dist]
# distance from previous block
# <min> <max>
0	1

[block]
# block no. 4 follows, 23 sequences, length 19
# corresponding to MSA columns:
# 121-139
name=unknown_E
#
# <colnr> <probs for GDERKNQSTAVLIFYWHMCP>
#	G	D	E	R	K	N	Q	S	T	A	V	L	I	F	Y	W	H	M	C	P
0	0.71830	0.01620	0.01283	0.01125	0.01638	0.01871	0.00927	0.06841	0.01558	0.03748	0.01189	0.01364	0.00915	0.00769	0.00525	0.00251	0.00647	0.00461	0.00525	0.00915
1	0.03009	0.02267	0.02587	0.01967	0.02628	0.02486	0.05548	0.59763	0.03692	0.04951	0.01928	0.01964	0.01370	0.00955	0.00821	0.00245	0.00924	0.00745	0.00786	0.01361
2	0.01915	0.02189	0.04788	0.03420	0.04241	0.02052	0.63475	0.02599	0.01915	0.02599	0.01642	0.02189	0.01231	0.00684	0.00958	0.00274	0.01368	0.00958	0.00410	0.01094
3	0.02008	0.01928	0.03294	0.04981	0.66422	0.01928	0.02490	0.02490	0.01848	0.02651	0.01526	0.02008	0.01285	0.00723	0.00803	0.00241	0.00964	0.00723	0.00402	0.01285
4	0.01532	0.01442	0.02434	0.69533	0.05589	0.01803	0.02253	0.02073	0.01622	0.02073	0.01442	0.02163	0.01082	0.00811	0.00811	0.00270	0.01082	0.00721	0.00361	0.00901
5	0.02813	0.01329	0.01753	0.04254	0.02069	0.01199	0.01150	0.03299	0.06838	0.42139	0.12990	0.03164	0.02818	0.01063	0.00815	0.00240	0.00644	0.00886	0.00887	0.09650
6	0.00989	0.00706	0.00942	0.01130	0.01177	0.00659	0.00753	0.01130	0.01554	0.02071	0.04472	0.70954	0.05367	0.02542	0.01036	0.00330	0.00471	0.02307	0.00753	0.00659
7	0.02222	0.01845	0.01950	0.01693	0.02188	0.02114	0.01334	0.15689	0.53246	0.03724	0.03043	0.02821	0.02267	0.01077	0.00823	0.00269	0.00690	0.00882	0.00823	0.01303
8	0.02018	0.01743	0.01835	0.01651	0.02110	0.02018	0.01284	0.04312	0.64956	0.03394	0.03303	0.03027	0.02477	0.01101	0.00826	0.00275	0.00642	0.00917	0.00826	0.01284
9	0.01683	0.01442	0.01683	0.01202	0.01923	0.01082	0.00961	0.02043	0.01683	0.02644	0.01442	0.01683	0.01202	0.00601	0.00601	0.00120	0.00601	0.00481	0.00481	0.76444
10	0.01627	0.04197	0.67279	0.02313	0.03512	0.01884	0.02998	0.02570	0.01713	0.02570	0.01456	0.01713	0.01028	0.00771	0.00771	0.00257	0.01199	0.00600	0.00343	0.01199
11	0.01884	0.01977	0.02734	0.02274	0.02399	0.07286	0.08792	0.02121	0.01397	0.02029	0.01145	0.01799	0.01083	0.01293	0.02326	0.00335	0.57120	0.00724	0.00366	0.00915
12	0.01683	0.01442	0.01683	0.01202	0.01923	0.01082	0.00961	0.02043	0.01683	0.02644	0.01442	0.01683	0.01202	0.00601	0.00601	0.00120	0.00601	0.00481	0.00481	0.76444
13	0.01838	0.01999	0.04040	0.14836	0.07419	0.02052	0.42687	0.02429	0.01784	0.02437	0.01535	0.02128	0.01189	0.00792	0.01119	0.00281	0.09118	0.00876	0.00395	0.01047
14	0.02988	0.02216	0.02383	0.01821	0.02475	0.02417	0.01502	0.59467	0.03668	0.04944	0.01913	0.01930	0.01368	0.00948	0.00797	0.00235	0.00873	0.00713	0.00789	0.06551
15	0.02008	0.01928	0.03294	0.04981	0.66422	0.01928	0.02490	0.02490	0.01848	0.02651	0.01526	0.02008	0.01285	0.00723	0.00803	0.00241	0.00964	0.00723	0.00402	0.01285
16	0.01532	0.01442	0.02434	0.69533	0.05589	0.01803	0.02253	0.02073	0.01622	0.02073	0.01442	0.02163	0.01082	0.00811	0.00811	0.00270	0.01082	0.00721	0.00361	0.00901
17	0.06102	0.01922	0.02044	0.01655	0.02205	0.02132	0.01340	0.36658	0.19799	0.07453	0.02396	0.02342	0.01742	0.00997	0.00780	0.00248	0.00759	0.00774	0.07377	0.01277
18	0.03004	0.01389	0.01780	0.01433	0.01965	0.01304	0.01157	0.07982	0.09216	0.44922	0.10400	0.06518	0.02830	0.01165	0.00844	0.00258	0.00654	0.00970	0.00945	0.01264

[dist]
# distance from previous block
# <min> <max>
0	1

[block]
# block no. 5 follows, 23 sequences, length 48
# corresponding to MSA columns:
# 141-188
name=unknown_F
#
# <colnr> <probs for GDERKNQSTAVLIFYWHMCP>
#	G	D	E	R	K	N	Q	S	T	A	V	L	I	F	Y	W	H	M	C	P
0	0.01309	0.01056	0.01521	0.22300	0.02649	0.01140	0.01272	0.05168	0.01714	0.02276	0.03264	0.42801	0.03638	0.01836	0.00935	0.00298	0.00690	0.01649	0.00624	0.03860
1	0.01075	0.00783	0.01032	0.01199	0.01310	0.00739	0.00895	0.01289	0.01675	0.02185	0.04832	0.46610	0.11811	0.02404	0.01051	0.00336	0.00542	0.18791	0.00752	0.00687
2	0.02774	0.01571	0.01869	0.01527	0.02077	0.01577	0.01223	0.11356	0.21845	0.31111	0.03027	0.06709	0.02217	0.01094	0.00817	0.00253	0.00682	0.00902	0.00873	0.06496
3	0.03085	0.02273	0.02435	0.01867	0.02516	0.02516	0.01542	0.63716	0.03815	0.05114	0.01948	0.01948	0.01380	0.00974	0.00812	0.00244	0.00893	0.00731	0.00812	0.01380
4	0.01683	0.01442	0.01683	0.01202	0.01923	0.01082	0.00961	0.02043	0.01683	0.02644	0.01442	0.01683	0.01202	0.00601	0.00601	0.00120	0.00601	0.00481	0.00481	0.76444
5	0.46843	0.01708	0.01598	0.08950	0.02211	0.04249	0.01174	0.12707	0.01933	0.05727	0.05021	0.01839	0.01410	0.00859	0.00633	0.00251	0.00742	0.00593	0.00574	0.00978
6	0.01011	0.00728	0.00962	0.01132	0.01202	0.00679	0.00778	0.01176	0.01612	0.02142	0.07048	0.62530	0.07891	0.02471	0.01034	0.00327	0.00480	0.05370	0.00758	0.00669
7	0.00999	0.00727	0.00946	0.01116	0.01191	0.00673	0.00764	0.01157	0.01595	0.02098	0.04823	0.62271	0.11147	0.02483	0.01032	0.00326	0.00477	0.04756	0.00753	0.00665
8	0.00999	0.00711	0.00938	0.01117	0.01161	0.00666	0.00739	0.01133	0.01533	0.02044	0.04368	0.67385	0.05235	0.06290	0.01204	0.00354	0.00488	0.02245	0.00739	0.00650
9	0.03001	0.02192	0.02346	0.01808	0.02433	0.02423	0.01490	0.60429	0.03703	0.05003	0.01985	0.02005	0.01417	0.00973	0.00799	0.00241	0.00866	0.00732	0.04809	0.01347
10	0.01757	0.01486	0.01723	0.01237	0.01955	0.01158	0.00992	0.05322	0.01796	0.02775	0.01469	0.01697	0.01211	0.00621	0.00612	0.00127	0.00616	0.00494	0.00498	0.72452
11	0.03420	0.01486	0.01918	0.01498	0.02108	0.01381	0.01228	0.08348	0.09387	0.55415	0.03121	0.02732	0.02015	0.01013	0.00817	0.00253	0.00700	0.00821	0.00970	0.01370
12	0.03078	0.02467	0.02419	0.01894	0.02515	0.10539	0.01545	0.56332	0.03630	0.04732	0.01863	0.01889	0.01339	0.00957	0.00802	0.00239	0.00963	0.00705	0.00764	0.01326
13	0.01180	0.00787	0.00885	0.00885	0.00885	0.00787	0.00492	0.01180	0.01180	0.01573	0.02557	0.05310	0.02950	0.71483	0.04130	0.00787	0.00787	0.01180	0.00492	0.00492
14	0.03085	0.02273	0.02435	0.01867	0.02516	0.02516	0.01542	0.63716	0.03815	0.05114	0.01948	0.01948	0.01380	0.00974	0.00812	0.00244	0.00893	0.00731	0.00812	0.01380
15	0.01799	0.01439	0.01694	0.01216	0.01932	0.01088	0.00975	0.02156	0.01721	0.06458	0.01546	0.01747	0.01250	0.00625	0.00614	0.00128	0.00606	0.00501	0.00512	0.71994
16	0.13906	0.02109	0.01945	0.01586	0.02105	0.10388	0.01280	0.36353	0.02899	0.04142	0.01858	0.01977	0.01382	0.00919	0.00714	0.00231	0.00837	0.00665	0.13562	0.01143
17	0.02737	0.01268	0.01659	0.01340	0.01839	0.01128	0.01072	0.06440	0.02278	0.40347	0.14828	0.09780	0.03285	0.01240	0.00846	0.00249	0.00616	0.01049	0.00908	0.07091
18	0.02018	0.01743	0.01835	0.01651	0.02110	0.02018	0.01284	0.04312	0.64956	0.03394	0.03303	0.03027	0.02477	0.01101	0.00826	0.00275	0.00642	0.00917	0.00826	0.01284
19	0.01683	0.01442	0.01683	0.01202	0.01923	0.01082	0.00961	0.02043	0.01683	0.02644	0.01442	0.01683	0.01202	0.00601	0.00601	0.00120	0.00601	0.00481	0.00481	0.76444
20	0.03085	0.02273	0.02435	0.01867	0.02516	0.02516	0.01542	0.63716	0.03815	0.05114	0.01948	0.01948	0.01380	0.00974	0.00812	0.00244	0.00893	0.00731	0.00812	0.01380
21	0.01879	0.02131	0.04637	0.03330	0.04121	0.01997	0.61021	0.02542	0.01901	0.02579	0.01752	0.04879	0.01393	0.00757	0.00961	0.00276	0.01333	0.01010	0.00424	0.01077
22	0.02008	0.01928	0.03294	0.04981	0.66422	0.01928	0.02490	0.02490	0.01848	0.02651	0.01526	0.02008	0.01285	0.00723	0.00803	0.00241	0.00964	0.00723	0.00402	0.01285
23	0.01159	0.00869	0.01304	0.01304	0.01449	0.01014	0.01014	0.01449	0.01304	0.01884	0.02173	0.03188	0.02029	0.06086	0.68268	0.01304	0.02173	0.00869	0.00435	0.00724
24	0.09276	0.02283	0.02325	0.01810	0.02437	0.05307	0.01488	0.55970	0.03546	0.04855	0.01850	0.01874	0.01324	0.00950	0.00782	0.00243	0.00895	0.00697	0.00769	0.01319
25	0.01907	0.01896	0.03598	0.02692	0.03339	0.01847	0.39796	0.09356	0.05587	0.02968	0.08237	0.03399	0.02336	0.01016	0.00953	0.00280	0.01108	0.08054	0.00564	0.01064
26	0.01532	0.01442	0.02434	0.69533	0.05589	0.01803	0.02253	0.02073	0.01622	0.02073	0.01442	0.02163	0.01082	0.00811	0.00811	0.00270	0.01082	0.00721	0.00361	0.00901
27	0.62177	0.01665	0.01416	0.01207	0.01738	0.01891	0.00995	0.11672	0.01796	0.07232	0.01363	0.01489	0.01014	0.00800	0.00565	0.00250	0.00671	0.00503	0.00575	0.00981
28	0.41219	0.01550	0.01547	0.01288	0.01836	0.01649	0.01055	0.05688	0.07895	0.25799	0.02095	0.02012	0.01447	0.00883	0.00656	0.00253	0.00662	0.00629	0.00721	0.01114
29	0.01755	0.01670	0.02836	0.39306	0.34074	0.01861	0.02364	0.02268	0.01728	0.02344	0.01482	0.02091	0.01177	0.00770	0.00808	0.00257	0.01027	0.00722	0.00380	0.01081
30	0.77215	0.01569	0.01193	0.01067	0.01569	0.01820	0.00879	0.02385	0.01381	0.03641	0.01130	0.01318	0.00879	0.00753	0.00502	0.00251	0.00628	0.00439	0.00502	0.00879
31	0.01658	0.08006	0.63737	0.02261	0.03432	0.01959	0.02908	0.02562	0.01710	0.02533	0.01438	0.01690	0.01029	0.00767	0.00757	0.00252	0.01181	0.00590	0.00343	0.01190
32	0.01148	0.00829	0.01085	0.01021	0.01212	0.00766	0.00766	0.01531	0.02297	0.03254	0.65994	0.06061	0.07656	0.01659	0.00957	0.00255	0.00383	0.01467	0.00893	0.00766
33	0.01148	0.00829	0.01085	0.01021	0.01212	0.00766	0.00766	0.01531	0.02297	0.03254	0.65994	0.06061	0.07656	0.01659	0.00957	0.00255	0.00383	0.01467	0.00893	0.00766
34	0.02377	0.01496	0.01761	0.01436	0.01890	0.01532	0.01152	0.24529	0.05407	0.16606	0.27871	0.03799	0.04060	0.01259	0.00871	0.00251	0.00638	0.01050	0.00883	0.01130
35	0.02075	0.01729	0.01855	0.01662	0.02117	0.01975	0.01316	0.10924	0.52034	0.03503	0.03239	0.03472	0.02554	0.01192	0.00851	0.00281	0.00681	0.06478	0.00817	0.01245
36	0.01180	0.00787	0.00885	0.00885	0.00885	0.00787	0.00492	0.01180	0.01180	0.01573	0.02557	0.05310	0.02950	0.71483	0.04130	0.00787	0.00787	0.01180	0.00492	0.00492
37	0.77215	0.01569	0.01193	0.01067	0.01569	0.01820	0.00879	0.02385	0.01381	0.03641	0.01130	0.01318	0.00879	0.00753	0.00502	0.00251	0.00628	0.00439	0.00502	0.00879
38	0.03122	0.01618	0.08061	0.01505	0.02133	0.01266	0.01332	0.03611	0.05948	0.51289	0.06427	0.05344	0.02366	0.01079	0.00828	0.00256	0.00712	0.00890	0.00915	0.01299
39	0.01410	0.00909	0.01187	0.01069	0.01325	0.00820	0.00815	0.01785	0.02273	0.09325	0.57187	0.05556	0.06836	0.01550	0.00928	0.00249	0.00422	0.01362	0.00886	0.04105
40	0.01915	0.02189	0.04788	0.03420	0.04241	0.02052	0.63475	0.02599	0.01915	0.02599	0.01642	0.02189	0.01231	0.00684	0.00958	0.00274	0.01368	0.00958	0.00410	0.01094
41	0.70034	0.08306	0.01485	0.01098	0.01618	0.01953	0.00928	0.02389	0.01407	0.03475	0.01130	0.01317	0.00894	0.00748	0.00504	0.00244	0.00651	0.00439	0.00487	0.00894
42	0.02010	0.01683	0.01944	0.01866	0.08223	0.01779	0.01328	0.03643	0.43049	0.05666	0.02735	0.02635	0.02074	0.00955	0.00776	0.00238	0.00666	0.00802	0.00719	0.17210
43	0.01489	0.01372	0.02249	0.59148	0.04960	0.01653	0.02037	0.01981	0.01619	0.02105	0.01732	0.08719	0.01498	0.00965	0.00821	0.00268	0.00996	0.00859	0.00405	0.05123
44	0.01409	0.00705	0.01057	0.01057	0.01057	0.00705	0.00705	0.01057	0.01057	0.01409	0.01409	0.02467	0.01409	0.02819	0.03171	0.76392	0.00705	0.00705	0.00352	0.00352
45	0.02078	0.01398	0.01651	0.01441	0.01838	0.01456	0.01160	0.15718	0.14399	0.11970	0.23799	0.04591	0.04185	0.01399	0.00905	0.00272	0.00631	0.09178	0.00858	0.01074
46	0.70175	0.01551	0.01259	0.01103	0.01617	0.01760	0.00909	0.02535	0.01471	0.09702	0.01328	0.01456	0.00987	0.00777	0.00532	0.00251	0.00634	0.00475	0.00550	0.00927
47	0.01735	0.01702	0.03047	0.39956	0.23985	0.01878	0.11441	0.02279	0.01735	0.02328	0.01498	0.02120	0.01166	0.00765	0.00831	0.00262	0.01088	0.00757	0.00381	0.01047

[dist]
# distance from previous block
# <min> <max>
1	4

[block]
# block no. 6 follows, 23 sequences, length 143
# corresponding to MSA columns:
# 193-335
name=unknown_G
#
# <colnr> <probs for GDERKNQSTAVLIFYWHMCP>
#	G	D	E	R	K	N	Q	S	T	A	V	L	I	F	Y	W	H	M	C	P
0	0.02695	0.02048	0.09911	0.05478	0.02546	0.07299	0.03978	0.05554	0.15107	0.29439	0.05516	0.02646	0.02059	0.00987	0.00817	0.00255	0.00849	0.00813	0.00767	0.01235
1	0.38718	0.03864	0.01655	0.04316	0.01983	0.01685	0.01091	0.08292	0.01893	0.17565	0.04115	0.01942	0.01470	0.00850	0.00640	0.00237	0.00683	0.00604	0.00643	0.07754
2	0.01224	0.00840	0.01091	0.01037	0.01237	0.00769	0.00774	0.01573	0.02210	0.05619	0.55180	0.11784	0.10122	0.01731	0.00959	0.00263	0.00404	0.01528	0.00878	0.00777
3	0.01971	0.02051	0.04013	0.12274	0.04080	0.02047	0.43832	0.08911	0.02040	0.02768	0.01617	0.02126	0.01219	0.00757	0.00974	0.00267	0.03880	0.00874	0.00446	0.03852
4	0.01116	0.00811	0.01060	0.01060	0.01224	0.00743	0.00768	0.01424	0.02048	0.02870	0.44965	0.25906	0.06743	0.01897	0.00970	0.00274	0.00417	0.01694	0.00837	0.03173
5	0.01783	0.16992	0.48334	0.02079	0.03087	0.05375	0.02525	0.02527	0.01738	0.02406	0.01540	0.02033	0.01232	0.00841	0.00740	0.00245	0.01124	0.03896	0.00370	0.01131
6	0.01042	0.00762	0.00997	0.01142	0.01241	0.00697	0.00788	0.01209	0.01586	0.02125	0.04419	0.61970	0.07093	0.02404	0.01013	0.00318	0.00490	0.05119	0.00738	0.04848
7	0.00996	0.00713	0.00957	0.01137	0.01188	0.00674	0.00764	0.01143	0.01543	0.02063	0.04376	0.68111	0.05227	0.02691	0.03856	0.00370	0.00542	0.02246	0.00740	0.00662
8	0.09090	0.07133	0.53934	0.02078	0.03120	0.01877	0.02584	0.02465	0.01668	0.02615	0.01574	0.05476	0.01253	0.00863	0.00746	0.00256	0.01086	0.00670	0.00381	0.01130
9	0.62336	0.01664	0.01519	0.01270	0.01814	0.01865	0.04052	0.08522	0.01666	0.03687	0.01253	0.01442	0.00962	0.00764	0.00561	0.00245	0.00690	0.00496	0.00528	0.04662
10	0.09799	0.01768	0.04986	0.09730	0.02775	0.01575	0.09907	0.09132	0.01917	0.02950	0.01495	0.01803	0.01170	0.00703	0.00696	0.00193	0.00825	0.00604	0.00490	0.37483
11	0.01672	0.09737	0.62128	0.02237	0.03395	0.01993	0.02866	0.02558	0.01708	0.02516	0.01429	0.01680	0.01029	0.00765	0.00750	0.00250	0.01172	0.00586	0.00343	0.01186
12	0.02286	0.43291	0.12359	0.01780	0.02483	0.18289	0.04722	0.02648	0.01824	0.02051	0.01228	0.01439	0.01050	0.00738	0.00626	0.00198	0.01078	0.00503	0.00366	0.01042
13	0.03043	0.02129	0.02326	0.01788	0.02432	0.02304	0.01473	0.52918	0.05816	0.11193	0.02103	0.02059	0.01476	0.00966	0.00804	0.00240	0.00851	0.00736	0.00818	0.04525
14	0.00989	0.00706	0.00942	0.01130	0.01177	0.00659	0.00753	0.01130	0.01554	0.02071	0.04472	0.70954	0.05367	0.02542	0.01036	0.00330	0.00471	0.02307	0.00753	0.00659
15	0.05384	0.01488	0.01952	0.28142	0.03293	0.03819	0.03797	0.02500	0.15578	0.02564	0.02797	0.03072	0.09676	0.01064	0.00873	0.00264	0.03721	0.00880	0.08185	0.00950
16	0.02516	0.01923	0.01818	0.01497	0.01953	0.09836	0.01197	0.34280	0.02876	0.03988	0.02114	0.02275	0.01590	0.00947	0.00715	0.00220	0.00778	0.00715	0.27660	0.01104
17	0.06755	0.02359	0.02363	0.01844	0.02469	0.07478	0.01511	0.56078	0.03579	0.04803	0.01855	0.01880	0.01330	0.00953	0.00790	0.00241	0.00923	0.00700	0.00766	0.01322
18	0.01159	0.00869	0.01304	0.01304	0.01449	0.01014	0.01014	0.01449	0.01304	0.01884	0.02173	0.03188	0.02029	0.06086	0.68268	0.01304	0.02173	0.00869	0.00435	0.00724
19	0.02004	0.01940	0.03361	0.04911	0.63632	0.01934	0.05226	0.02495	0.01851	0.02649	0.01531	0.02016	0.01283	0.00721	0.00810	0.00242	0.00982	0.00734	0.00402	0.01277
20	0.01167	0.00839	0.01150	0.01150	0.01241	0.00930	0.00822	0.01350	0.01258	0.01769	0.02315	0.03970	0.02368	0.30178	0.44640	0.01113	0.01663	0.00984	0.00456	0.00639
21	0.01308	0.00934	0.01308	0.01494	0.01681	0.00934	0.01308	0.01681	0.01868	0.02428	0.04296	0.09153	0.04670	0.02242	0.01121	0.00374	0.00747	0.60960	0.00747	0.00747
22	0.01180	0.00787	0.00885	0.00885	0.00885	0.00787	0.00492	0.01180	0.01180	0.01573	0.02557	0.05310	0.02950	0.71483	0.04130	0.00787	0.00787	0.01180	0.00492	0.00492
23	0.01915	0.02189	0.04788	0.03420	0.04241	0.02052	0.63475	0.02599	0.01915	0.02599	0.01642	0.02189	0.01231	0.00684	0.00958	0.00274	0.01368	0.00958	0.00410	0.01094
24	0.01666	0.01658	0.02422	0.63539	0.05315	0.07706	0.02193	0.02177	0.01683	0.02065	0.01426	0.02101	0.01078	0.00813	0.00804	0.00265	0.01116	0.00703	0.00366	0.00905
25	0.00989	0.00706	0.00942	0.01130	0.01177	0.00659	0.00753	0.01130	0.01554	0.02071	0.04472	0.70954	0.05367	0.02542	0.01036	0.00330	0.00471	0.02307	0.00753	0.00659
26	0.01532	0.01442	0.02434	0.69533	0.05589	0.01803	0.02253	0.02073	0.01622	0.02073	0.01442	0.02163	0.01082	0.00811	0.00811	0.00270	0.01082	0.00721	0.00361	0.00901
27	0.02169	0.71972	0.04252	0.01388	0.02083	0.03211	0.01388	0.02430	0.01649	0.01909	0.01128	0.01302	0.01041	0.00694	0.00521	0.00174	0.00868	0.00434	0.00347	0.01041
28	0.01095	0.00827	0.01011	0.00965	0.01180	0.00743	0.00724	0.01429	0.02172	0.02957	0.49842	0.06550	0.23993	0.01770	0.00958	0.00260	0.00391	0.01536	0.00854	0.00743
29	0.01545	0.01459	0.02436	0.66046	0.05410	0.01838	0.02229	0.02067	0.01603	0.02067	0.01423	0.02143	0.01081	0.00843	0.00907	0.00275	0.04648	0.00721	0.00360	0.00901
30	0.02719	0.21235	0.02761	0.01870	0.02363	0.45582	0.01496	0.03126	0.07700	0.02091	0.01404	0.01561	0.01171	0.00823	0.00686	0.00206	0.01237	0.00535	0.00436	0.00997
31	0.01148	0.00829	0.01085	0.01021	0.01212	0.00766	0.00766	0.01531	0.02297	0.03254	0.65994	0.06061	0.07656	0.01659	0.00957	0.00255	0.00383	0.01467	0.00893	0.00766
32	0.00989	0.00706	0.00942	0.01130	0.01177	0.00659	0.00753	0.01130	0.01554	0.02071	0.04472	0.70954	0.05367	0.02542	0.01036	0.00330	0.00471	0.02307	0.00753	0.00659
33	0.02286	0.01796	0.01920	0.01647	0.02148	0.02020	0.01304	0.17303	0.45041	0.07006	0.03241	0.03011	0.05358	0.01115	0.00829	0.00267	0.00689	0.00910	0.00828	0.01281
34	0.05480	0.13190	0.55490	0.02126	0.03222	0.02060	0.02675	0.02542	0.01688	0.02534	0.01396	0.01638	0.01022	0.00760	0.00724	0.00245	0.01126	0.00569	0.00351	0.01162
35	0.02008	0.01928	0.03294	0.04981	0.66422	0.01928	0.02490	0.02490	0.01848	0.02651	0.01526	0.02008	0.01285	0.00723	0.00803	0.00241	0.00964	0.00723	0.00402	0.01285
36	0.00976	0.00823	0.00845	0.00840	0.01106	0.00692	0.00630	0.01197	0.01889	0.02286	0.13355	0.07654	0.60899	0.02020	0.00959	0.00272	0.00408	0.01691	0.00766	0.00692
37	0.01652	0.07244	0.64446	0.02271	0.03448	0.01944	0.02926	0.02563	0.01710	0.02540	0.01441	0.01695	0.01028	0.00767	0.00760	0.00253	0.01184	0.00592	0.00343	0.01192
38	0.08614	0.15565	0.39048	0.01830	0.02698	0.01925	0.02148	0.02324	0.01703	0.02562	0.06693	0.07798	0.01904	0.00975	0.00738	0.00247	0.00961	0.00768	0.00436	0.01062
39	0.01004	0.00717	0.00960	0.01148	0.01202	0.00673	0.00781	0.01157	0.01569	0.02089	0.04464	0.67890	0.05332	0.02527	0.01040	0.00332	0.00484	0.05214	0.00753	0.00663
40	0.77215	0.01569	0.01193	0.01067	0.01569	0.01820	0.00879	0.02385	0.01381	0.03641	0.01130	0.01318	0.00879	0.00753	0.00502	0.00251	0.00628	0.00439	0.00502	0.00879
41	0.01686	0.07021	0.58063	0.02464	0.06739	0.01954	0.05879	0.02561	0.01727	0.02546	0.01454	0.01733	0.01052	0.00761	0.00771	0.00253	0.01180	0.00616	0.00349	0.01191
42	0.12683	0.02989	0.33256	0.05012	0.08231	0.04044	0.02198	0.10683	0.04402	0.03042	0.01878	0.02074	0.04339	0.00871	0.00752	0.00254	0.01000	0.00674	0.00475	0.01142
43	0.00986	0.00716	0.00932	0.01104	0.01170	0.00661	0.00742	0.01133	0.01578	0.02081	0.04784	0.65696	0.10423	0.02502	0.01029	0.00325	0.00466	0.02257	0.00753	0.00661
44	0.01723	0.01609	0.02653	0.40956	0.26674	0.01813	0.02228	0.04259	0.01788	0.02386	0.01840	0.02394	0.04527	0.00850	0.00816	0.00259	0.00999	0.00773	0.00411	0.01042
45	0.02686	0.02046	0.02194	0.01769	0.02335	0.02282	0.01430	0.44529	0.19883	0.04491	0.02446	0.06043	0.01891	0.01094	0.00828	0.00257	0.00803	0.00867	0.00812	0.01315
46	0.01948	0.02070	0.02564	0.02183	0.02275	0.11156	0.04515	0.02152	0.01413	0.01986	0.01116	0.01753	0.01070	0.01310	0.02331	0.00332	0.57860	0.00696	0.00366	0.00904
47	0.01180	0.00787	0.00885	0.00885	0.00885	0.00787	0.00492	0.01180	0.01180	0.01573	0.02557	0.05310	0.02950	0.71483	0.04130	0.00787	0.00787	0.01180	0.00492	0.00492
48	0.02682	0.02766	0.02419	0.05313	0.09053	0.29276	0.01678	0.19702	0.07935	0.03034	0.01641	0.01844	0.01288	0.00933	0.00935	0.00242	0.06930	0.00659	0.00552	0.01119
49	0.00959	0.00822	0.00822	0.00822	0.01096	0.00685	0.00617	0.01165	0.01850	0.02192	0.08220	0.07809	0.66092	0.02055	0.00959	0.00274	0.00411	0.01713	0.00754	0.00685
50	0.01627	0.04197	0.67279	0.02313	0.03512	0.01884	0.02998	0.02570	0.01713	0.02570	0.01456	0.01713	0.01028	0.00771	0.00771	0.00257	0.01199	0.00600	0.00343	0.01199
51	0.01649	0.06925	0.64742	0.02276	0.03454	0.01938	0.02933	0.02564	0.01711	0.02543	0.01443	0.01697	0.01028	0.00768	0.00761	0.00254	0.01186	0.00593	0.00343	0.01193
52	0.01148	0.00780	0.00887	0.00906	0.00926	0.00768	0.00525	0.01174	0.01255	0.01658	0.03063	0.12099	0.06680	0.60666	0.03641	0.00712	0.00734	0.01324	0.00533	0.00519
53	0.03112	0.02228	0.02408	0.01846	0.02494	0.02450	0.01525	0.60728	0.03740	0.08207	0.02011	0.01989	0.01411	0.00976	0.00812	0.00244	0.00883	0.00735	0.00821	0.01380
54	0.02085	0.01548	0.01784	0.01316	0.01989	0.01327	0.01063	0.13077	0.02113	0.08466	0.01741	0.01889	0.01346	0.00718	0.00654	0.00156	0.00648	0.00567	0.04490	0.53021
55	0.01568	0.00921	0.01206	0.01089	0.01355	0.00832	0.00832	0.01921	0.02250	0.14294	0.49718	0.08140	0.09475	0.01599	0.00936	0.00258	0.00441	0.01399	0.00900	0.00865
56	0.03032	0.02247	0.02405	0.01856	0.02496	0.02492	0.01530	0.60776	0.06841	0.05029	0.02015	0.02002	0.01434	0.00980	0.00812	0.00245	0.00880	0.00740	0.00812	0.01375
57	0.01003	0.00717	0.00954	0.01120	0.01180	0.00669	0.00754	0.01166	0.01620	0.02176	0.09940	0.65186	0.05570	0.02464	0.01029	0.00323	0.00463	0.02232	0.00766	0.00669
58	0.01683	0.01442	0.01683	0.01202	0.01923	0.01082	0.00961	0.02043	0.01683	0.02644	0.01442	0.01683	0.01202	0.00601	0.00601	0.00120	0.00601	0.00481	0.00481	0.76444
59	0.03279	0.01365	0.01809	0.01425	0.02000	0.01229	0.01164	0.03775	0.07887	0.55778	0.08683	0.03073	0.02542	0.01070	0.00829	0.00254	0.00659	0.00882	0.00979	0.01319
