[name]
unknown

[dist]
# distance from previous block
# <min> <max>
34	532

[block]
# block no. 0 follows, 23 sequences, length 6
# corresponding to MSA columns:
# 661-666
name=unknown_A
#
# <colnr> <probs for GDERKNQSTAVLIFYWHMCP>
#	G	D	E	R	K	N	Q	S	T	A	V	L	I	F	Y	W	H	M	C	P
0	0.06221	0.01637	0.02714	0.14655	0.31205	0.01665	0.08929	0.02181	0.01756	0.02519	0.02289	0.08405	0.06769	0.00993	0.00827	0.00255	0.00906	0.00937	0.00464	0.04673
1	0.02040	0.01901	0.02105	0.01893	0.06816	0.10631	0.06257	0.12509	0.13022	0.03114	0.11379	0.03259	0.09439	0.01098	0.00822	0.00235	0.00810	0.00927	0.00659	0.11086
2	0.02271	0.02026	0.06270	0.09357	0.12021	0.13052	0.01593	0.06266	0.02116	0.13817	0.09521	0.05387	0.02275	0.01002	0.00796	0.00235	0.00889	0.00832	0.03145	0.07128
3	0.06566	0.01649	0.02074	0.08798	0.14822	0.04170	0.01516	0.12537	0.04276	0.02972	0.04444	0.02688	0.06518	0.01412	0.06316	0.00329	0.05751	0.00801	0.05583	0.06779
4	0.04705	0.01804	0.10413	0.24768	0.18539	0.01628	0.01985	0.02199	0.04678	0.02432	0.02031	0.13197	0.01882	0.01065	0.00817	0.00262	0.00903	0.00947	0.00466	0.05278
5	0.01752	0.01502	0.02552	0.44939	0.12878	0.01705	0.06699	0.02233	0.01689	0.07017	0.01697	0.02461	0.01351	0.06895	0.01108	0.00310	0.01033	0.00786	0.00429	0.00968

[dist]
# distance from previous block
# <min> <max>
56	106

[block]
# block no. 1 follows, 23 sequences, length 6
# corresponding to MSA columns:
# 785-790
name=unknown_B
#
# <colnr> <probs for GDERKNQSTAVLIFYWHMCP>
#	G	D	E	R	K	N	Q	S	T	A	V	L	I	F	Y	W	H	M	C	P
0	0.02500	0.01868	0.01957	0.01516	0.02153	0.07746	0.01217	0.16405	0.08041	0.14694	0.02019	0.02035	0.01486	0.00823	0.00719	0.00193	0.00766	0.00639	0.00673	0.32550
1	0.18564	0.06096	0.01731	0.04434	0.01931	0.01497	0.01088	0.08168	0.02039	0.22167	0.07457	0.06734	0.02236	0.01042	0.00720	0.00239	0.00653	0.00821	0.07725	0.04659
2	0.01509	0.01281	0.01633	0.04288	0.01848	0.06194	0.06068	0.05833	0.01744	0.02335	0.07487	0.12526	0.02933	0.13145	0.20959	0.00648	0.01214	0.03571	0.04000	0.00785
3	0.07191	0.01890	0.03009	0.02407	0.06534	0.01918	0.23643	0.14188	0.07179	0.06174	0.07036	0.02423	0.01883	0.00900	0.00926	0.00254	0.04170	0.00851	0.00594	0.06828
4	0.01103	0.00814	0.01068	0.01073	0.01229	0.00796	0.00787	0.01382	0.01833	0.02527	0.30876	0.16549	0.12665	0.06612	0.16391	0.00536	0.00828	0.01487	0.00728	0.00714
5	0.01428	0.01195	0.01675	0.01611	0.07490	0.01090	0.05705	0.05086	0.02067	0.02862	0.25838	0.10812	0.15076	0.01445	0.00886	0.00243	0.00585	0.01284	0.00705	0.12918

[dist]
# distance from previous block
# <min> <max>
11	25

[block]
# block no. 2 follows, 23 sequences, length 7
# corresponding to MSA columns:
# 819-825
name=unknown_C
#
# <colnr> <probs for GDERKNQSTAVLIFYWHMCP>
#	G	D	E	R	K	N	Q	S	T	A	V	L	I	F	Y	W	H	M	C	P
0	0.01323	0.01000	0.01316	0.01192	0.01474	0.00988	0.00912	0.01608	0.01419	0.02135	0.02062	0.03008	0.01915	0.11074	0.38971	0.00860	0.01486	0.00793	0.06271	0.20194
1	0.01226	0.01038	0.01410	0.01761	0.14546	0.00958	0.01055	0.01527	0.01930	0.02544	0.21191	0.13311	0.30983	0.01735	0.00935	0.00269	0.00524	0.01514	0.00717	0.00826
2	0.01125	0.00882	0.01226	0.15102	0.02030	0.00916	0.01007	0.01335	0.01546	0.02012	0.03994	0.39982	0.11033	0.12289	0.01437	0.00378	0.00636	0.01748	0.00634	0.00687
3	0.01325	0.01055	0.01538	0.01834	0.14599	0.01004	0.01120	0.01728	0.02205	0.03130	0.52759	0.05229	0.06348	0.01467	0.00925	0.00252	0.00502	0.01315	0.00792	0.00872
4	0.01913	0.01632	0.02072	0.15465	0.02807	0.01662	0.01432	0.13007	0.01994	0.02879	0.01485	0.01840	0.01192	0.00814	0.00941	0.00203	0.09487	0.00603	0.00499	0.38074
5	0.02368	0.01585	0.01921	0.01473	0.02082	0.04258	0.04155	0.08113	0.04850	0.20607	0.09457	0.02577	0.02229	0.00902	0.00752	0.00201	0.00704	0.00752	0.00709	0.30306
6	0.02508	0.05063	0.02299	0.01703	0.02279	0.01673	0.08478	0.14778	0.10150	0.21130	0.07552	0.06810	0.02378	0.01063	0.00822	0.00244	0.00765	0.00919	0.00768	0.08618

[dist]
# distance from previous block
# <min> <max>
3	7

[block]
# block no. 3 follows, 23 sequences, length 20
# corresponding to MSA columns:
# 833-852
name=unknown_D
#
# <colnr> <probs for GDERKNQSTAVLIFYWHMCP>
#	G	D	E	R	K	N	Q	S	T	A	V	L	I	F	Y	W	H	M	C	P
0	0.08005	0.01828	0.02742	0.09268	0.26065	0.03713	0.09819	0.09340	0.05936	0.03024	0.08022	0.02676	0.02043	0.00927	0.00826	0.00256	0.00922	0.02923	0.00539	0.01124
1	0.01835	0.01476	0.01983	0.22682	0.03049	0.01654	0.01520	0.06202	0.11113	0.06553	0.02128	0.08044	0.01793	0.01067	0.01005	0.00255	0.08995	0.00851	0.04402	0.13391
2	0.02018	0.02283	0.03802	0.09160	0.05709	0.11462	0.37244	0.02534	0.01832	0.02361	0.01472	0.02012	0.01166	0.00837	0.01182	0.00276	0.12396	0.00827	0.00398	0.01027
3	0.01428	0.00972	0.01184	0.01117	0.01404	0.00879	0.00843	0.01825	0.05813	0.09013	0.20800	0.20188	0.18586	0.01770	0.00926	0.00269	0.00490	0.03819	0.00793	0.07881
4	0.01895	0.01620	0.01815	0.01493	0.02004	0.07414	0.04384	0.10166	0.02100	0.05071	0.04628	0.08889	0.07398	0.01205	0.00808	0.00223	0.00749	0.08622	0.00623	0.28893
5	0.01704	0.01511	0.01969	0.01406	0.02136	0.01171	0.06718	0.02094	0.01704	0.02640	0.01461	0.01729	0.01205	0.00609	0.00634	0.00134	0.00672	0.00525	0.00474	0.69505
6	0.01516	0.01307	0.02095	0.02008	0.07930	0.01290	0.12950	0.07810	0.01851	0.02514	0.03144	0.37627	0.03461	0.05389	0.01168	0.00321	0.02488	0.01599	0.00630	0.02900
7	0.02860	0.02120	0.02380	0.02065	0.08275	0.02321	0.01552	0.53129	0.03465	0.04720	0.01965	0.02040	0.01427	0.00949	0.00791	0.00239	0.00858	0.00732	0.06792	0.01321
8	0.01683	0.01442	0.01683	0.01202	0.01923	0.01082	0.00961	0.02043	0.01683	0.02644	0.01442	0.01683	0.01202	0.00601	0.00601	0.00120	0.00601	0.00481	0.00481	0.76444
9	0.11936	0.01310	0.04863	0.01262	0.01710	0.01121	0.01062	0.02619	0.02129	0.27913	0.27555	0.06453	0.04160	0.01276	0.00837	0.00256	0.00580	0.01070	0.00852	0.01037
10	0.06116	0.33357	0.02818	0.01422	0.01977	0.11145	0.01238	0.02602	0.09952	0.02413	0.07736	0.02304	0.04657	0.00907	0.00654	0.00202	0.00815	0.00664	0.00508	0.08512
11	0.67405	0.01662	0.01357	0.01173	0.01695	0.01912	0.00967	0.10501	0.01703	0.03836	0.01238	0.01402	0.00945	0.00782	0.00543	0.00250	0.00663	0.00478	0.00543	0.00945
12	0.03251	0.01544	0.01928	0.01529	0.02124	0.01495	0.01246	0.09974	0.15383	0.47718	0.03097	0.02736	0.02043	0.01021	0.00818	0.00255	0.00701	0.00828	0.00948	0.01361
13	0.01344	0.00904	0.01167	0.01054	0.01310	0.00811	0.00802	0.01714	0.02246	0.07496	0.55819	0.05628	0.08852	0.01563	0.00926	0.00247	0.00418	0.01371	0.00871	0.05459
14	0.02864	0.01209	0.01634	0.01312	0.01804	0.01060	0.01060	0.03199	0.02314	0.47120	0.22773	0.03790	0.03769	0.01208	0.00860	0.00252	0.00595	0.01019	0.00970	0.01189
15	0.09198	0.01455	0.01634	0.01188	0.01888	0.01155	0.00953	0.02077	0.01653	0.02743	0.01411	0.01646	0.01170	0.00616	0.00591	0.00133	0.00604	0.00477	0.00483	0.68925
16	0.01906	0.06891	0.01696	0.01236	0.01680	0.01292	0.00990	0.09990	0.02223	0.12208	0.21426	0.07641	0.09762	0.02984	0.00900	0.00241	0.00588	0.01083	0.00750	0.14513
17	0.01802	0.11619	0.24798	0.02227	0.02964	0.02023	0.15987	0.07196	0.01856	0.02571	0.01887	0.11559	0.01719	0.01064	0.00986	0.00268	0.07032	0.00920	0.00455	0.01066
18	0.01437	0.01050	0.01318	0.01353	0.01570	0.01049	0.01073	0.07760	0.03777	0.02543	0.03675	0.21926	0.04007	0.10975	0.01417	0.00385	0.00689	0.27861	0.00708	0.05428
19	0.02396	0.01747	0.01916	0.01564	0.02048	0.01890	0.01274	0.39692	0.05427	0.04277	0.12774	0.03476	0.05507	0.01219	0.00843	0.00252	0.00730	0.04978	0.06836	0.01155

[dist]
# distance from previous block
# <min> <max>
0	2

[block]
# block no. 4 follows, 23 sequences, length 13
# corresponding to MSA columns:
# 855-867
name=unknown_E
#
# <colnr> <probs for GDERKNQSTAVLIFYWHMCP>
#	G	D	E	R	K	N	Q	S	T	A	V	L	I	F	Y	W	H	M	C	P
0	0.02438	0.01930	0.02426	0.01880	0.02454	0.02053	0.10027	0.38505	0.07204	0.04176	0.10083	0.03046	0.07794	0.01116	0.00863	0.00254	0.00841	0.00947	0.00761	0.01201
1	0.02016	0.01628	0.01952	0.01627	0.02054	0.01751	0.05243	0.20129	0.18552	0.03304	0.02876	0.11016	0.05378	0.09380	0.01300	0.00324	0.03452	0.01060	0.00702	0.06257
2	0.01847	0.01567	0.01935	0.01415	0.02104	0.01320	0.05115	0.10659	0.02007	0.02957	0.01970	0.02154	0.05479	0.00754	0.00677	0.00158	0.00680	0.00628	0.00540	0.56033
3	0.07908	0.01299	0.01495	0.01270	0.01698	0.01239	0.01016	0.11891	0.02226	0.03286	0.23381	0.06663	0.03902	0.01287	0.00821	0.00233	0.00590	0.07773	0.00714	0.21311
4	0.46495	0.01655	0.01477	0.01249	0.01759	0.01849	0.01021	0.18795	0.02105	0.03836	0.02344	0.02397	0.10147	0.00995	0.00650	0.00252	0.00669	0.00696	0.00621	0.00987
5	0.03011	0.02236	0.02394	0.01852	0.02488	0.02482	0.01525	0.59632	0.08018	0.04996	0.02041	0.02022	0.01455	0.00983	0.00813	0.00246	0.00876	0.00743	0.00813	0.01373
6	0.01702	0.01228	0.01474	0.04982	0.01828	0.01296	0.01096	0.19636	0.02259	0.03072	0.03405	0.36212	0.03639	0.01833	0.00927	0.00293	0.00643	0.06608	0.06967	0.00899
7	0.02989	0.02018	0.02234	0.01747	0.02343	0.02177	0.01428	0.50174	0.03419	0.13527	0.02332	0.07766	0.01797	0.01108	0.00831	0.00252	0.00830	0.00873	0.00834	0.01320
8	0.07872	0.60962	0.09242	0.01440	0.02162	0.02994	0.01483	0.02438	0.01634	0.02096	0.01155	0.01337	0.01028	0.00705	0.00540	0.00186	0.00877	0.00448	0.00359	0.01042
9	0.02364	0.01762	0.01916	0.01628	0.02110	0.01953	0.01297	0.25776	0.28902	0.07059	0.02885	0.08023	0.02322	0.01190	0.00832	0.00265	0.00714	0.02956	0.04817	0.01231
10	0.02897	0.01385	0.01724	0.01404	0.01944	0.01309	0.01133	0.03645	0.16458	0.43491	0.03927	0.03529	0.11090	0.01173	0.00838	0.00260	0.00640	0.00965	0.00929	0.01262
11	0.02666	0.02009	0.02079	0.01642	0.02172	0.05023	0.01315	0.45785	0.03167	0.04272	0.02018	0.02393	0.01595	0.09263	0.01170	0.00296	0.00851	0.00764	0.06555	0.04964
12	0.01790	0.01692	0.02836	0.11512	0.28343	0.01745	0.11717	0.02547	0.10727	0.02740	0.10094	0.03092	0.02405	0.00980	0.00868	0.00263	0.00913	0.04084	0.00538	0.01113

[dist]
# distance from previous block
# <min> <max>
13	38

[block]
# block no. 5 follows, 23 sequences, length 21
# corresponding to MSA columns:
# 964-984
name=unknown_F
#
# <colnr> <probs for GDERKNQSTAVLIFYWHMCP>
#	G	D	E	R	K	N	Q	S	T	A	V	L	I	F	Y	W	H	M	C	P
0	0.01780	0.01570	0.01693	0.01277	0.01933	0.04585	0.01011	0.02342	0.08521	0.02707	0.01682	0.01871	0.01367	0.00681	0.00630	0.00144	0.00640	0.00541	0.03580	0.61445
1	0.01894	0.07281	0.19650	0.03565	0.26018	0.02044	0.22694	0.02542	0.01823	0.02564	0.01520	0.01948	0.01187	0.00720	0.00827	0.00251	0.01149	0.00751	0.00386	0.01185
2	0.12765	0.01432	0.01444	0.07925	0.01947	0.06989	0.01070	0.05660	0.08017	0.06758	0.09361	0.02841	0.02343	0.01306	0.04781	0.00297	0.00755	0.00792	0.22593	0.00924
3	0.01382	0.00881	0.01160	0.01060	0.01293	0.00806	0.00806	0.01758	0.02299	0.09230	0.60106	0.05752	0.07127	0.01597	0.00944	0.00255	0.00412	0.01406	0.00904	0.00823
4	0.01987	0.02509	0.19729	0.11249	0.30135	0.03942	0.09066	0.02596	0.01840	0.06860	0.01615	0.02003	0.01231	0.00764	0.00811	0.00252	0.01079	0.00716	0.00424	0.01194
5	0.02139	0.59367	0.05868	0.01448	0.02107	0.06437	0.01412	0.02518	0.04632	0.02071	0.04545	0.01645	0.01444	0.00772	0.00576	0.00187	0.00875	0.00519	0.00401	0.01038
6	0.01161	0.00862	0.01269	0.01269	0.01401	0.00995	0.00970	0.01426	0.01294	0.01857	0.02206	0.03368	0.02107	0.11628	0.62832	0.01260	0.02056	0.00896	0.00440	0.00705
7	0.01070	0.00909	0.00933	0.00912	0.01198	0.00815	0.00688	0.01482	0.07794	0.02369	0.11248	0.07255	0.56598	0.01942	0.00946	0.00273	0.00431	0.01623	0.00769	0.00746
8	0.01794	0.02006	0.08967	0.12274	0.03731	0.01835	0.34149	0.02356	0.01776	0.05364	0.01955	0.10255	0.01703	0.01006	0.01068	0.00284	0.06972	0.01025	0.00461	0.01020
9	0.01866	0.02338	0.20031	0.04793	0.06378	0.01752	0.15101	0.08175	0.04863	0.05412	0.02324	0.06592	0.05030	0.01015	0.00921	0.00264	0.04243	0.00904	0.06913	0.01086
10	0.02275	0.01208	0.01529	0.01331	0.01721	0.01165	0.01039	0.06296	0.09273	0.27379	0.13427	0.15778	0.06550	0.01758	0.05078	0.00335	0.00688	0.01239	0.00863	0.01070
11	0.01985	0.01904	0.03251	0.08147	0.63438	0.01922	0.02479	0.02470	0.01837	0.02623	0.01522	0.02016	0.01275	0.00727	0.00804	0.00242	0.00970	0.00723	0.00400	0.01266
12	0.03027	0.04817	0.02027	0.01521	0.02088	0.01628	0.01246	0.19991	0.05693	0.36231	0.03040	0.08430	0.04212	0.01151	0.00825	0.00254	0.00724	0.00936	0.00883	0.01276
13	0.01597	0.01504	0.02160	0.01886	0.01985	0.01949	0.04740	0.01936	0.05162	0.02057	0.01797	0.08749	0.01804	0.05436	0.12908	0.00516	0.41582	0.00933	0.00443	0.00857
14	0.01206	0.00879	0.01180	0.01343	0.01516	0.00853	0.01120	0.01516	0.01809	0.02334	0.04828	0.20083	0.12632	0.02272	0.01085	0.00353	0.00655	0.42865	0.00749	0.00723
15	0.05703	0.01920	0.02574	0.16293	0.13229	0.06721	0.07004	0.16637	0.02225	0.06993	0.01715	0.02107	0.01323	0.01324	0.06739	0.00347	0.04775	0.00735	0.00533	0.01105
16	0.01881	0.13831	0.19412	0.05466	0.08831	0.02189	0.25003	0.02629	0.06020	0.02497	0.01589	0.01957	0.01228	0.00766	0.00867	0.00253	0.03301	0.00746	0.00407	0.01126
17	0.01926	0.01494	0.01607	0.04131	0.01958	0.04545	0.01141	0.06119	0.28633	0.09555	0.09198	0.11119	0.12339	0.01403	0.00872	0.00272	0.00641	0.01184	0.00793	0.01069
18	0.01712	0.00895	0.01026	0.00962	0.01203	0.00913	0.00744	0.04466	0.01773	0.08903	0.02587	0.02986	0.02036	0.01865	0.12625	0.00395	0.00747	0.00781	0.52546	0.00834
19	0.01952	0.02247	0.13012	0.08863	0.03544	0.01913	0.29487	0.13371	0.02159	0.02975	0.01927	0.07680	0.01588	0.00924	0.00878	0.00266	0.01111	0.00941	0.04071	0.01092
20	0.01964	0.13688	0.12706	0.01856	0.08109	0.01711	0.01574	0.05310	0.04280	0.11109	0.08966	0.08103	0.02645	0.01351	0.03075	0.00290	0.02577	0.05978	0.03656	0.01052

[dist]
# distance from previous block
# <min> <max>
0	4

[block]
# block no. 6 follows, 23 sequences, length 21
# corresponding to MSA columns:
# 989-1009
name=unknown_G
#
# <colnr> <probs for GDERKNQSTAVLIFYWHMCP>
#	G	D	E	R	K	N	Q	S	T	A	V	L	I	F	Y	W	H	M	C	P
0	0.01301	0.01002	0.01253	0.01322	0.01586	0.00966	0.01113	0.01780	0.06680	0.02459	0.04995	0.07860	0.19351	0.02000	0.01024	0.00325	0.00647	0.37823	0.00737	0.05775
1	0.09740	0.03546	0.50406	0.07795	0.03527	0.01883	0.07016	0.02511	0.01684	0.02646	0.01433	0.01742	0.01031	0.00766	0.00759	0.00259	0.01140	0.00618	0.00366	0.01133
2	0.18578	0.07478	0.18108	0.01917	0.07289	0.09608	0.01719	0.02894	0.05161	0.13697	0.01738	0.01838	0.01270	0.00814	0.00695	0.00236	0.00919	0.00601	0.00536	0.04904
3	0.55716	0.02018	0.09105	0.04735	0.02066	0.06877	0.01255	0.02418	0.01499	0.03237	0.01237	0.01495	0.00967	0.00985	0.03372	0.00293	0.00846	0.00496	0.00467	0.00916
4	0.01228	0.00955	0.01302	0.04470	0.04223	0.00987	0.01070	0.01622	0.06506	0.02318	0.07131	0.42739	0.04623	0.02140	0.01071	0.00324	0.03095	0.12704	0.00719	0.00773
5	0.08895	0.02101	0.02272	0.05303	0.07436	0.05531	0.01540	0.35768	0.12526	0.07412	0.02060	0.02093	0.01500	0.00943	0.00784	0.00249	0.00866	0.00728	0.00725	0.01271
6	0.01084	0.00783	0.01043	0.01204	0.01311	0.00742	0.00896	0.01308	0.01704	0.02253	0.08701	0.46376	0.08750	0.02375	0.01049	0.00333	0.00536	0.18098	0.00761	0.00691
7	0.02247	0.11701	0.19469	0.01951	0.02677	0.08015	0.04565	0.18169	0.13232	0.03206	0.02007	0.02364	0.01584	0.00954	0.00783	0.00249	0.00989	0.04075	0.00577	0.01186
8	0.02885	0.08405	0.02444	0.01727	0.02343	0.02388	0.01441	0.49001	0.06144	0.07491	0.02035	0.02041	0.01470	0.00954	0.00771	0.00236	0.00839	0.00718	0.05359	0.01307
9	0.01773	0.01814	0.02427	0.02085	0.02175	0.06888	0.05707	0.01982	0.01402	0.02013	0.01552	0.10628	0.01625	0.01474	0.02205	0.00336	0.51708	0.00917	0.00414	0.00876
10	0.01181	0.00862	0.01271	0.01271	0.01418	0.00999	0.00987	0.01476	0.01328	0.01953	0.02202	0.03178	0.02032	0.05772	0.64143	0.01236	0.02064	0.00862	0.05038	0.00726
11	0.01074	0.00827	0.00982	0.00943	0.01167	0.00734	0.00707	0.01388	0.02122	0.02838	0.43362	0.06746	0.30547	0.01814	0.00958	0.00263	0.00394	0.01563	0.00838	0.00734
12	0.02249	0.60289	0.07090	0.01520	0.02205	0.11139	0.01489	0.02536	0.01732	0.01951	0.01160	0.01342	0.01041	0.00715	0.00559	0.00182	0.00957	0.00453	0.00356	0.01037
13	0.01494	0.01015	0.01268	0.01158	0.01431	0.00971	0.00886	0.02055	0.09164	0.08312	0.41647	0.05352	0.05719	0.06475	0.01146	0.00295	0.00502	0.05159	0.00834	0.05117
14	0.01918	0.01829	0.02971	0.08262	0.10461	0.01840	0.18611	0.08111	0.01903	0.02723	0.01503	0.01939	0.01207	0.00805	0.01047	0.00234	0.10549	0.00716	0.00456	0.22915
15	0.01068	0.00767	0.01013	0.01076	0.01194	0.00712	0.00759	0.01329	0.01922	0.02658	0.35008	0.38745	0.06503	0.02104	0.00997	0.00293	0.00427	0.01890	0.00823	0.00712
16	0.01865	0.01399	0.01573	0.01330	0.01714	0.01453	0.01051	0.23988	0.06305	0.03770	0.30687	0.04676	0.13958	0.01441	0.00898	0.00255	0.00585	0.01209	0.00839	0.01003
17	0.01859	0.02079	0.04441	0.13151	0.04439	0.02015	0.54463	0.02522	0.01872	0.02522	0.01612	0.02185	0.01209	0.00703	0.00936	0.00273	0.01326	0.00923	0.00403	0.01066
18	0.01532	0.01442	0.02434	0.69533	0.05589	0.01803	0.02253	0.02073	0.01622	0.02073	0.01442	0.02163	0.01082	0.00811	0.00811	0.00270	0.01082	0.00721	0.00361	0.00901
19	0.01798	0.08055	0.35301	0.02931	0.15640	0.02060	0.12487	0.02502	0.01731	0.02496	0.01447	0.01823	0.01115	0.00792	0.00935	0.00258	0.06423	0.00678	0.00366	0.01164
20	0.01288	0.00919	0.01039	0.01025	0.01291	0.00825	0.00777	0.04535	0.01938	0.06958	0.08268	0.19450	0.41060	0.02021	0.00966	0.00287	0.00486	0.05317	0.00778	0.00770

[dist]
# distance from previous block
# <min> <max>
0	1

[block]
# block no. 7 follows, 23 sequences, length 8
# corresponding to MSA columns:
# 1011-1018
name=unknown_H
#
# <colnr> <probs for GDERKNQSTAVLIFYWHMCP>
#	G	D	E	R	K	N	Q	S	T	A	V	L	I	F	Y	W	H	M	C	P
0	0.01222	0.00931	0.01087	0.01084	0.01289	0.00918	0.00795	0.01584	0.07034	0.04525	0.05433	0.20129	0.30697	0.08625	0.08001	0.00437	0.03188	0.01574	0.00699	0.00750
1	0.07157	0.01493	0.02399	0.37416	0.17864	0.01692	0.04822	0.02185	0.01679	0.02476	0.01621	0.02194	0.01263	0.00801	0.00759	0.00251	0.00935	0.00717	0.11305	0.00972
2	0.02375	0.01832	0.01973	0.01633	0.02149	0.02011	0.01302	0.30916	0.24539	0.04005	0.02622	0.07921	0.02104	0.01118	0.00808	0.00251	0.00727	0.00907	0.04582	0.06227
3	0.77215	0.01569	0.01193	0.01067	0.01569	0.01820	0.00879	0.02385	0.01381	0.03641	0.01130	0.01318	0.00879	0.00753	0.00502	0.00251	0.00628	0.00439	0.00502	0.00879
4	0.02009	0.01908	0.03133	0.04614	0.59335	0.01938	0.02357	0.02691	0.08802	0.02733	0.01722	0.02121	0.01417	0.00765	0.00806	0.00245	0.00929	0.00744	0.00448	0.01285
5	0.11012	0.03132	0.02293	0.02221	0.08085	0.43991	0.01590	0.07940	0.02193	0.02482	0.01306	0.01562	0.01078	0.00878	0.00884	0.00232	0.07109	0.00564	0.00453	0.00996
6	0.02510	0.01711	0.01947	0.01860	0.07795	0.06033	0.01338	0.03731	0.30542	0.22812	0.08310	0.03009	0.02572	0.01067	0.00826	0.00259	0.00718	0.00889	0.00822	0.01247
7	0.03038	0.03660	0.02317	0.02061	0.02510	0.59700	0.01564	0.11087	0.02496	0.02392	0.01344	0.01526	0.01089	0.00854	0.00742	0.00214	0.01389	0.00550	0.00469	0.00998

[dist]
# distance from previous block
# <min> <max>
0	4

[block]
# block no. 8 follows, 23 sequences, length 17
# corresponding to MSA columns:
# 1023-1039
name=unknown_I
#
# <colnr> <probs for GDERKNQSTAVLIFYWHMCP>
#	G	D	E	R	K	N	Q	S	T	A	V	L	I	F	Y	W	H	M	C	P
0	0.01971	0.01875	0.03188	0.04796	0.62994	0.01875	0.02428	0.02447	0.01849	0.02639	0.01673	0.02387	0.01464	0.00803	0.00820	0.00248	0.00952	0.03912	0.00420	0.01257
1	0.01682	0.10976	0.60975	0.02220	0.03369	0.02017	0.02837	0.02556	0.01707	0.02504	0.01423	0.01672	0.01029	0.00763	0.00746	0.00249	0.01166	0.00583	0.00343	0.01183
2	0.01030	0.00731	0.00966	0.01139	0.01194	0.00692	0.00777	0.01178	0.01549	0.02060	0.04303	0.60659	0.05115	0.08094	0.01293	0.00370	0.00519	0.06948	0.00732	0.00653
3	0.01352	0.01105	0.01225	0.03368	0.01499	0.04427	0.00886	0.06531	0.02194	0.02902	0.34111	0.15294	0.18528	0.01746	0.00941	0.00267	0.00522	0.01509	0.00794	0.00796
4	0.01305	0.00944	0.01080	0.01069	0.01278	0.02938	0.00793	0.01558	0.01932	0.06619	0.24454	0.16977	0.21949	0.07651	0.01228	0.00323	0.00519	0.05855	0.00781	0.00747
5	0.01367	0.01132	0.01289	0.01399	0.03714	0.03611	0.01010	0.01965	0.13377	0.02382	0.04440	0.25357	0.13955	0.07752	0.01240	0.00350	0.00630	0.13499	0.00719	0.00815
6	0.52094	0.07552	0.01705	0.01268	0.01801	0.02042	0.01059	0.15548	0.01934	0.03754	0.01433	0.04108	0.01171	0.00864	0.00591	0.00246	0.00699	0.00573	0.00565	0.00992
7	0.02125	0.48305	0.06903	0.07045	0.02460	0.10963	0.01558	0.02447	0.01750	0.02010	0.01450	0.02067	0.01347	0.00854	0.00634	0.00207	0.00967	0.05519	0.00390	0.01001
8	0.02550	0.01799	0.01930	0.01686	0.02169	0.04295	0.01323	0.12253	0.27892	0.15836	0.03745	0.03998	0.09106	0.01375	0.00942	0.00309	0.00774	0.05839	0.00888	0.01291
9	0.01985	0.38655	0.24354	0.01807	0.02570	0.05574	0.01963	0.02454	0.01650	0.02131	0.01232	0.01498	0.01040	0.00812	0.00866	0.00224	0.09240	0.00524	0.00350	0.01070
10	0.01675	0.01562	0.02624	0.59332	0.05259	0.01874	0.07142	0.06549	0.01804	0.02334	0.01495	0.02150	0.01115	0.00813	0.00823	0.00269	0.01091	0.00741	0.00397	0.00951
11	0.01776	0.01821	0.03507	0.19185	0.21683	0.01846	0.26996	0.02326	0.01798	0.02448	0.01792	0.07694	0.01546	0.00875	0.00886	0.00268	0.01115	0.00946	0.00424	0.01067
12	0.01947	0.01839	0.03132	0.09449	0.59140	0.01865	0.02394	0.02397	0.01796	0.02554	0.01515	0.02040	0.01276	0.00823	0.00909	0.03629	0.00961	0.00722	0.00397	0.01216
13	0.08870	0.01984	0.01935	0.05930	0.02293	0.12286	0.01306	0.19812	0.06697	0.17125	0.02187	0.02418	0.01643	0.06811	0.01039	0.00287	0.00878	0.00743	0.04631	0.01126
14	0.01897	0.01697	0.07256	0.06090	0.05403	0.01604	0.01458	0.21054	0.06734	0.03355	0.10637	0.17262	0.03315	0.01471	0.00903	0.00280	0.00753	0.07077	0.00716	0.01038
15	0.01065	0.00783	0.01007	0.01109	0.01242	0.00725	0.00812	0.01303	0.01811	0.02410	0.19164	0.38258	0.14750	0.02226	0.01018	0.00310	0.00479	0.10043	0.00785	0.00699
16	0.20676	0.12594	0.07226	0.04444	0.11916	0.02120	0.09828	0.05130	0.01711	0.04968	0.01444	0.01863	0.01186	0.03494	0.01021	0.00272	0.07963	0.00651	0.00452	0.01041

[dist]
# distance from previous block
# <min> <max>
0	2

[block]
# block no. 9 follows, 23 sequences, length 8
# corresponding to MSA columns:
# 1042-1049
name=unknown_J
#
# <colnr> <probs for GDERKNQSTAVLIFYWHMCP>
#	G	D	E	R	K	N	Q	S	T	A	V	L	I	F	Y	W	H	M	C	P
0	0.01867	0.02070	0.04240	0.07334	0.03958	0.02112	0.48906	0.02454	0.01780	0.02454	0.01529	0.02115	0.01193	0.00820	0.01245	0.00288	0.13293	0.00900	0.00398	0.01046
1	0.01022	0.00802	0.00929	0.00977	0.01174	0.00709	0.00721	0.01253	0.01855	0.02362	0.17089	0.23261	0.36875	0.02119	0.00988	0.00291	0.00443	0.05656	0.00777	0.00697
2	0.01180	0.00787	0.00885	0.00885	0.00885	0.00787	0.00492	0.01180	0.01180	0.01573	0.02557	0.05310	0.02950	0.71483	0.04130	0.00787	0.00787	0.01180	0.00492	0.00492
3	0.04508	0.10873	0.26538	0.06289	0.03451	0.02162	0.20750	0.05300	0.01806	0.02576	0.01451	0.01837	0.01108	0.00803	0.00957	0.00261	0.07128	0.00705	0.00393	0.01103
4	0.17529	0.13649	0.06520	0.01939	0.05494	0.19523	0.04379	0.16547	0.02282	0.03109	0.01410	0.01594	0.01106	0.00812	0.00687	0.00227	0.01029	0.00574	0.00507	0.01083
5	0.02050	0.01424	0.01616	0.01414	0.01800	0.01500	0.01113	0.22436	0.08615	0.07282	0.03203	0.16588	0.06272	0.01713	0.04915	0.00326	0.00747	0.04058	0.09320	0.03607
6	0.27604	0.08337	0.02051	0.01689	0.04142	0.21379	0.01306	0.02749	0.04823	0.06836	0.01531	0.04088	0.01285	0.00937	0.00859	0.00246	0.08051	0.00615	0.00503	0.00970
7	0.39858	0.01917	0.06867	0.05125	0.02397	0.01868	0.08062	0.11378	0.01869	0.03467	0.01382	0.01621	0.01049	0.00765	0.00645	0.00239	0.00811	0.00570	0.00516	0.09593

[dist]
# distance from previous block
# <min> <max>
2	6

[block]
# block no. 10 follows, 23 sequences, length 44
# corresponding to MSA columns:
# 1056-1099
name=unknown_K
#
# <colnr> <probs for GDERKNQSTAVLIFYWHMCP>
#	G	D	E	R	K	N	Q	S	T	A	V	L	I	F	Y	W	H	M	C	P
0	0.01449	0.01074	0.01344	0.01281	0.01490	0.01151	0.00966	0.10719	0.01809	0.02511	0.03154	0.22047	0.07050	0.07478	0.22732	0.00640	0.03787	0.01295	0.04742	0.03281
1	0.01184	0.01099	0.01049	0.01008	0.01252	0.05682	0.00755	0.01382	0.01818	0.02168	0.09620	0.06715	0.50048	0.06907	0.01276	0.00310	0.04816	0.01515	0.00692	0.00706
2	0.01991	0.01077	0.01379	0.01297	0.01598	0.01030	0.00970	0.02511	0.10909	0.23018	0.07977	0.35221	0.04036	0.01788	0.00930	0.00292	0.00559	0.01578	0.00853	0.00985
3	0.01025	0.00730	0.00958	0.01097	0.01161	0.00683	0.00736	0.01191	0.01633	0.02205	0.13127	0.56954	0.05520	0.07378	0.01247	0.00352	0.00481	0.02106	0.00754	0.00662
4	0.01061	0.00751	0.00985	0.01133	0.01199	0.00715	0.00783	0.01225	0.01586	0.02119	0.07999	0.50953	0.05103	0.11704	0.01456	0.00391	0.00540	0.08917	0.00726	0.00653
5	0.77215	0.01569	0.01193	0.01067	0.01569	0.01820	0.00879	0.02385	0.01381	0.03641	0.01130	0.01318	0.00879	0.00753	0.00502	0.00251	0.00628	0.00439	0.00502	0.00879
6	0.02340	0.06079	0.02972	0.03757	0.40478	0.22970	0.02096	0.02794	0.04404	0.02432	0.01488	0.01839	0.01243	0.00772	0.00767	0.00229	0.01105	0.00652	0.00420	0.01164
7	0.03475	0.01473	0.01919	0.01490	0.02106	0.01352	0.01225	0.08284	0.07259	0.57627	0.03119	0.02724	0.01999	0.01010	0.00816	0.00252	0.00701	0.00818	0.00977	0.01373
8	0.77215	0.01569	0.01193	0.01067	0.01569	0.01820	0.00879	0.02385	0.01381	0.03641	0.01130	0.01318	0.00879	0.00753	0.00502	0.00251	0.00628	0.00439	0.00502	0.00879
9	0.06127	0.01060	0.01333	0.01394	0.01652	0.01074	0.01175	0.04276	0.05086	0.05757	0.08603	0.10504	0.08123	0.01947	0.01016	0.00334	0.00677	0.38272	0.00762	0.00830
10	0.77215	0.01569	0.01193	0.01067	0.01569	0.01820	0.00879	0.02385	0.01381	0.03641	0.01130	0.01318	0.00879	0.00753	0.00502	0.00251	0.00628	0.00439	0.00502	0.00879
11	0.02008	0.01928	0.03294	0.04981	0.66422	0.01928	0.02490	0.02490	0.01848	0.02651	0.01526	0.02008	0.01285	0.00723	0.00803	0.00241	0.00964	0.00723	0.00402	0.01285
12	0.02301	0.01884	0.01994	0.01709	0.02218	0.02151	0.01353	0.20090	0.48717	0.03851	0.02943	0.02741	0.02186	0.01067	0.00822	0.00267	0.00709	0.00868	0.00822	0.01310
13	0.02006	0.01611	0.01741	0.01577	0.02017	0.01814	0.01239	0.03923	0.53078	0.07154	0.03666	0.03708	0.06526	0.01229	0.00853	0.00280	0.00638	0.04897	0.00827	0.01218
14	0.01096	0.00743	0.00915	0.01014	0.01058	0.00715	0.00647	0.01210	0.01454	0.01992	0.05882	0.40595	0.04369	0.27427	0.02127	0.00484	0.00576	0.01772	0.05316	0.00608
15	0.00983	0.00823	0.00855	0.00847	0.01111	0.00695	0.00635	0.01211	0.01906	0.02327	0.15549	0.07587	0.58679	0.02005	0.00959	0.00272	0.00407	0.01681	0.00771	0.00695
16	0.01896	0.01960	0.03724	0.12334	0.29899	0.01998	0.26559	0.02445	0.01806	0.02512	0.01531	0.02084	0.01224	0.00764	0.00987	0.00265	0.05665	0.00815	0.00397	0.01135
17	0.01852	0.01769	0.03011	0.26161	0.46462	0.01887	0.02413	0.02353	0.01774	0.02461	0.01499	0.02059	0.01218	0.00752	0.00806	0.00251	0.01003	0.00722	0.00388	0.01159
18	0.00989	0.00706	0.00942	0.01130	0.01177	0.00659	0.00753	0.01130	0.01554	0.02071	0.04472	0.70954	0.05367	0.02542	0.01036	0.00330	0.00471	0.02307	0.00753	0.00659
19	0.01803	0.00847	0.00922	0.00860	0.01104	0.00820	0.00654	0.02157	0.01770	0.12108	0.02723	0.03079	0.02104	0.03768	0.00745	0.00222	0.00439	0.00782	0.62260	0.00835
20	0.01063	0.00802	0.01086	0.05374	0.01467	0.00809	0.00866	0.01224	0.01533	0.02041	0.04155	0.58119	0.06680	0.06511	0.01268	0.00353	0.03219	0.02061	0.00698	0.00674
21	0.02213	0.68525	0.04153	0.01424	0.02104	0.06500	0.01397	0.02471	0.01682	0.01913	0.01134	0.01310	0.01042	0.00701	0.00531	0.00175	0.00898	0.00438	0.00351	0.01036
22	0.01409	0.00705	0.01057	0.01057	0.01057	0.00705	0.00705	0.01057	0.01057	0.01409	0.01409	0.02467	0.01409	0.02819	0.03171	0.76392	0.00705	0.00705	0.00352	0.00352
23	0.03173	0.02131	0.02348	0.01800	0.02446	0.02306	0.01487	0.54234	0.03578	0.14930	0.02147	0.02077	0.01480	0.00979	0.00812	0.00245	0.00861	0.00744	0.00842	0.01380
24	0.01899	0.08199	0.02536	0.18343	0.20861	0.06656	0.01804	0.05431	0.10324	0.02604	0.05530	0.02810	0.07654	0.00981	0.00800	0.00248	0.00892	0.00836	0.00521	0.01072
25	0.35850	0.35420	0.02751	0.01279	0.01884	0.02538	0.01171	0.06821	0.01685	0.02915	0.01188	0.01356	0.00993	0.00741	0.00533	0.00213	0.00762	0.00458	0.00450	0.00993
26	0.17386	0.11256	0.01894	0.05963	0.01951	0.05886	0.01134	0.11932	0.01956	0.03100	0.01767	0.02120	0.01424	0.03016	0.00827	0.00241	0.04228	0.00637	0.22343	0.00939
27	0.01043	0.00782	0.00931	0.01030	0.01142	0.00729	0.00695	0.01250	0.03640	0.02071	0.05121	0.42405	0.20712	0.12768	0.01476	0.00382	0.00508	0.01937	0.00716	0.00661
28	0.01852	0.01558	0.02118	0.04753	0.02397	0.01289	0.08331	0.04571	0.01820	0.05853	0.01571	0.01827	0.01246	0.00655	0.00671	0.00156	0.00729	0.00574	0.00505	0.57523
29	0.01880	0.02110	0.04468	0.07662	0.04177	0.02067	0.55013	0.02518	0.01848	0.02518	0.01587	0.02157	0.01209	0.00745	0.01071	0.00279	0.06297	0.00924	0.00403	0.01067
30	0.01180	0.00787	0.00885	0.00885	0.00885	0.00787	0.00492	0.01180	0.01180	0.01573	0.02557	0.05310	0.02950	0.71483	0.04130	0.00787	0.00787	0.01180	0.00492	0.00492
31	0.02030	0.44611	0.12800	0.02045	0.02840	0.02730	0.17903	0.02493	0.01727	0.02178	0.01307	0.01589	0.01089	0.00702	0.00669	0.00211	0.01043	0.00593	0.00363	0.01076
32	0.01164	0.00791	0.00942	0.00956	0.00978	0.00806	0.00577	0.01211	0.01223	0.01649	0.02646	0.09773	0.03007	0.58217	0.12044	0.00819	0.00940	0.01222	0.00503	0.00533
33	0.01128	0.00829	0.01057	0.01000	0.01200	0.00757	0.00750	0.01493	0.02250	0.03142	0.59894	0.06246	0.13826	0.01701	0.00957	0.00257	0.00386	0.01493	0.00878	0.00757
34	0.01180	0.00787	0.00885	0.00885	0.00885	0.00787	0.00492	0.01180	0.01180	0.01573	0.02557	0.05310	0.02950	0.71483	0.04130	0.00787	0.00787	0.01180	0.00492	0.00492
35	0.01029	0.00732	0.00961	0.01094	0.01162	0.00686	0.00736	0.01200	0.01650	0.02232	0.14583	0.55411	0.05574	0.07365	0.01246	0.00350	0.00479	0.02086	0.00758	0.00665
36	0.01033	0.00734	0.00971	0.01133	0.01194	0.00693	0.00775	0.01193	0.01586	0.02120	0.07381	0.58546	0.05256	0.07446	0.01261	0.00362	0.00509	0.06406	0.00741	0.00659
37	0.02346	0.44613	0.08220	0.01875	0.06516	0.20100	0.01624	0.02657	0.01837	0.02025	0.01211	0.01420	0.01057	0.00739	0.00613	0.00193	0.01054	0.00488	0.00369	0.01042
38	0.36979	0.01396	0.01296	0.01239	0.04080	0.01555	0.00933	0.08138	0.06317	0.03520	0.01877	0.02088	0.01451	0.00861	0.00588	0.00231	0.00585	0.00617	0.25318	0.00931
39	0.01962	0.01880	0.03209	0.11304	0.60463	0.01916	0.02467	0.02449	0.01826	0.02594	0.01518	0.02023	0.01265	0.00732	0.00804	0.00244	0.00976	0.00723	0.00398	0.01248
40	0.04054	0.04015	0.02024	0.01891	0.10255	0.01267	0.07811	0.02282	0.01961	0.16934	0.13604	0.06804	0.13483	0.05668	0.01083	0.00296	0.00710	0.04164	0.00710	0.00985
41	0.00989	0.00706	0.00942	0.01130	0.01177	0.00659	0.00753	0.01130	0.01554	0.02071	0.04472	0.70954	0.05367	0.02542	0.01036	0.00330	0.00471	0.02307	0.00753	0.00659
42	0.02481	0.14133	0.02347	0.01670	0.02159	0.21478	0.01337	0.07532	0.21265	0.08242	0.02394	0.02457	0.04182	0.03782	0.00882	0.00255	0.00939	0.00740	0.00624	0.01103
43	0.01182	0.00847	0.01070	0.01152	0.01261	0.00822	0.00795	0.05875	0.01801	0.02431	0.12873	0.51858	0.05219	0.07262	0.01230	0.00345	0.00513	0.01989	0.00759	0.00716

[dist]
# distance from previous block
# <min> <max>
0	1

[block]
# block no. 11 follows, 23 sequences, length 17
# corresponding to MSA columns:
# 1101-1117
name=unknown_L
#
# <colnr> <probs for GDERKNQSTAVLIFYWHMCP>
#	G	D	E	R	K	N	Q	S	T	A	V	L	I	F	Y	W	H	M	C	P
0	0.05042	0.01631	0.01968	0.08545	0.06501	0.01755	0.01395	0.03312	0.31437	0.08389	0.02440	0.02464	0.01843	0.00944	0.00854	0.00243	0.04053	0.00763	0.00665	0.15755
1	0.01918	0.09354	0.27246	0.04904	0.18897	0.02121	0.10052	0.06849	0.01883	0.02660	0.01476	0.01840	0.01147	0.00798	0.00902	0.00253	0.05442	0.00679	0.00401	0.01177
2	0.04951	0.01736	0.02196	0.04910	0.02469	0.01651	0.07040	0.17467	0.06235	0.06679	0.01783	0.01946	0.01353	0.00769	0.00718	0.00193	0.00776	0.00642	0.00599	0.35888
3	0.02145	0.01954	0.01766	0.01680	0.04929	0.16284	0.01229	0.06302	0.23733	0.05579	0.11230	0.03134	0.04782	0.01101	0.00792	0.00243	0.00777	0.00887	0.10394	0.01059
4	0.01268	0.00954	0.01340	0.01299	0.01415	0.01133	0.01000	0.01522	0.01323	0.01972	0.02135	0.03242	0.02024	0.12240	0.46851	0.01026	0.09678	0.00874	0.07985	0.00721
5	0.10450	0.05638	0.02400	0.01763	0.02400	0.02481	0.01468	0.54564	0.03465	0.04809	0.01826	0.01853	0.01313	0.00938	0.00766	0.00241	0.00865	0.00687	0.00758	0.01313
6	0.01002	0.00712	0.00937	0.01112	0.01156	0.00668	0.00735	0.01133	0.01527	0.02036	0.04336	0.66271	0.05194	0.07460	0.01256	0.00362	0.00493	0.02226	0.00735	0.00647
7	0.01913	0.02137	0.07002	0.08128	0.27915	0.01981	0.33611	0.02523	0.01862	0.02584	0.01577	0.02096	0.01233	0.00711	0.00881	0.00260	0.01189	0.00837	0.00401	0.01160
8	0.05322	0.02000	0.02004	0.01900	0.06219	0.08244	0.01396	0.10005	0.46334	0.03399	0.02773	0.02638	0.02091	0.01025	0.00801	0.00263	0.00764	0.00830	0.00746	0.01245
9	0.00997	0.00713	0.00949	0.01124	0.01179	0.00665	0.00754	0.01151	0.01594	0.02135	0.07789	0.67455	0.05490	0.02495	0.01031	0.00326	0.00466	0.02262	0.00761	0.00665
10	0.00989	0.00706	0.00942	0.01130	0.01177	0.00659	0.00753	0.01130	0.01554	0.02071	0.04472	0.70954	0.05367	0.02542	0.01036	0.00330	0.00471	0.02307	0.00753	0.00659
11	0.01073	0.00742	0.00916	0.01021	0.01048	0.00716	0.00637	0.01152	0.01388	0.01851	0.03624	0.41877	0.04296	0.33079	0.02406	0.00532	0.00611	0.01808	0.00637	0.00585
12	0.11463	0.33980	0.03074	0.04891	0.02335	0.18897	0.01444	0.07881	0.01944	0.02424	0.01242	0.01463	0.01055	0.00800	0.00710	0.00211	0.04240	0.00509	0.00424	0.01012
13	0.01306	0.01046	0.01428	0.01373	0.01531	0.01087	0.04514	0.06392	0.01750	0.02348	0.05744	0.42224	0.09952	0.06831	0.01377	0.00346	0.07521	0.01785	0.00685	0.00760
14	0.02962	0.02045	0.02235	0.01733	0.02319	0.02222	0.01409	0.51895	0.03420	0.10968	0.02130	0.02344	0.01590	0.07569	0.01122	0.00295	0.00863	0.00781	0.00801	0.01297
15	0.02527	0.01941	0.02113	0.01717	0.02284	0.02113	0.01403	0.37678	0.18312	0.04213	0.02451	0.02861	0.01939	0.01089	0.00824	0.00252	0.00791	0.06399	0.00778	0.08315
16	0.02046	0.01311	0.01509	0.01288	0.01601	0.01359	0.00957	0.17109	0.06672	0.12105	0.09045	0.04026	0.04671	0.27569	0.04771	0.00494	0.00793	0.01031	0.00712	0.00934

[dist]
# distance from previous block
# <min> <max>
5	8

[block]
# block no. 12 follows, 23 sequences, length 24
# corresponding to MSA columns:
# 1130-1153
name=unknown_M
#
# <colnr> <probs for GDERKNQSTAVLIFYWHMCP>
#	G	D	E	R	K	N	Q	S	T	A	V	L	I	F	Y	W	H	M	C	P
0	0.02135	0.01680	0.01885	0.01479	0.02074	0.01635	0.01193	0.23773	0.08530	0.03576	0.05090	0.05294	0.02017	0.00983	0.00754	0.00205	0.00698	0.03439	0.00672	0.32887
1	0.05465	0.30192	0.27915	0.01832	0.02635	0.06055	0.02012	0.02601	0.05311	0.02336	0.01382	0.01600	0.01113	0.00807	0.00790	0.00229	0.05700	0.00549	0.00385	0.01092
2	0.08462	0.01942	0.12658	0.01666	0.02387	0.01467	0.04047	0.07218	0.02230	0.45516	0.02628	0.02414	0.01697	0.00933	0.00792	0.00253	0.00809	0.00754	0.00824	0.01304
3	0.01392	0.00891	0.01151	0.01071	0.01316	0.00811	0.00826	0.01748	0.02224	0.09611	0.49412	0.06106	0.13346	0.01671	0.00953	0.00264	0.00440	0.05069	0.00880	0.00819
4	0.01172	0.00819	0.01048	0.01048	0.01104	0.00875	0.00695	0.01285	0.01228	0.01694	0.02408	0.04485	0.02592	0.46049	0.29074	0.00988	0.01326	0.01059	0.00470	0.00582
5	0.02831	0.01634	0.02417	0.08857	0.22849	0.01602	0.01729	0.07390	0.04515	0.34059	0.02427	0.02422	0.01668	0.00899	0.00812	0.00250	0.00825	0.00776	0.00734	0.01303
6	0.01746	0.01842	0.03521	0.07268	0.03373	0.02007	0.33960	0.02228	0.01629	0.02289	0.01547	0.02215	0.01288	0.01646	0.10821	0.00439	0.19948	0.00863	0.00395	0.00974
7	0.01046	0.00825	0.00943	0.00914	0.01150	0.00722	0.00685	0.01334	0.02056	0.02682	0.34878	0.07003	0.39128	0.01872	0.00958	0.00265	0.00398	0.01599	0.00818	0.00722
8	0.01006	0.00719	0.00962	0.01150	0.01205	0.00674	0.00784	0.01160	0.01571	0.02091	0.04463	0.67535	0.05328	0.02526	0.01040	0.00332	0.00486	0.05552	0.00753	0.00664
9	0.03431	0.01717	0.02091	0.01603	0.02239	0.01691	0.01324	0.26443	0.02884	0.43701	0.02730	0.02456	0.01772	0.00993	0.00814	0.00248	0.00767	0.00784	0.00932	0.01381
10	0.02881	0.01637	0.01712	0.01410	0.01873	0.10470	0.01108	0.08113	0.02257	0.35458	0.06314	0.02984	0.02249	0.07890	0.01107	0.00290	0.00770	0.00834	0.09517	0.01125
11	0.01852	0.01571	0.01912	0.01380	0.02098	0.01289	0.03936	0.09039	0.01934	0.02921	0.01509	0.01736	0.01223	0.00647	0.00641	0.00141	0.00670	0.00531	0.00515	0.64455
12	0.02023	0.13470	0.11351	0.03715	0.36237	0.05327	0.11443	0.02542	0.01832	0.02484	0.01459	0.01861	0.01196	0.00724	0.00774	0.00236	0.01061	0.00688	0.00388	0.01191
13	0.01716	0.01984	0.10090	0.45545	0.17110	0.05348	0.02350	0.02274	0.01713	0.02239	0.01450	0.02044	0.01113	0.00791	0.00801	0.00260	0.01092	0.00697	0.00370	0.01013
14	0.01148	0.00829	0.01085	0.01021	0.01212	0.00766	0.00766	0.01531	0.02297	0.03254	0.65994	0.06061	0.07656	0.01659	0.00957	0.00255	0.00383	0.01467	0.00893	0.00766
15	0.00989	0.00706	0.00942	0.01130	0.01177	0.00659	0.00753	0.01130	0.01554	0.02071	0.04472	0.70954	0.05367	0.02542	0.01036	0.00330	0.00471	0.02307	0.00753	0.00659
16	0.00983	0.00810	0.00864	0.00877	0.01118	0.00691	0.00648	0.01201	0.01866	0.02295	0.14109	0.14541	0.53062	0.02065	0.00967	0.00278	0.00414	0.01751	0.00769	0.00691
17	0.01023	0.00829	0.00911	0.00903	0.01151	0.00717	0.00685	0.01281	0.01965	0.02475	0.22910	0.07418	0.48376	0.01961	0.00966	0.00274	0.00418	0.04240	0.00789	0.00708
18	0.01180	0.00787	0.00885	0.00885	0.00885	0.00787	0.00492	0.01180	0.01180	0.01573	0.02557	0.05310	0.02950	0.71483	0.04130	0.00787	0.00787	0.01180	0.00492	0.00492
19	0.02169	0.71972	0.04252	0.01388	0.02083	0.03211	0.01388	0.02430	0.01649	0.01909	0.01128	0.01302	0.01041	0.00694	0.00521	0.00174	0.00868	0.00434	0.00347	0.01041
20	0.53689	0.01793	0.01587	0.01321	0.01870	0.02041	0.01089	0.21850	0.02153	0.04108	0.01390	0.01518	0.01038	0.00823	0.00600	0.00249	0.00712	0.00532	0.00600	0.01038
21	0.01180	0.00787	0.00885	0.00885	0.00885	0.00787	0.00492	0.01180	0.01180	0.01573	0.02557	0.05310	0.02950	0.71483	0.04130	0.00787	0.00787	0.01180	0.00492	0.00492
22	0.02140	0.52902	0.15979	0.01636	0.02426	0.02810	0.03845	0.02546	0.01707	0.05657	0.01322	0.01491	0.01099	0.00725	0.00599	0.00197	0.00938	0.00504	0.00385	0.01092
23	0.04347	0.26372	0.27567	0.01901	0.02698	0.02382	0.04008	0.04887	0.01755	0.06783	0.01434	0.01665	0.01119	0.00840	0.00908	0.00240	0.08981	0.00583	0.00416	0.01116

[dist]
# distance from previous block
# <min> <max>
0	1

[block]
# block no. 13 follows, 23 sequences, length 8
# corresponding to MSA columns:
# 1155-1162
name=unknown_N
#
# <colnr> <probs for GDERKNQSTAVLIFYWHMCP>
#	G	D	E	R	K	N	Q	S	T	A	V	L	I	F	Y	W	H	M	C	P
0	0.08112	0.01585	0.02632	0.48481	0.15154	0.01842	0.06416	0.02205	0.01659	0.02339	0.01443	0.02067	0.01108	0.00783	0.00794	0.00264	0.01043	0.00714	0.00383	0.00976
1	0.02045	0.54653	0.14756	0.01607	0.02328	0.02926	0.01693	0.02414	0.01626	0.02024	0.01178	0.01411	0.01041	0.00768	0.00742	0.00203	0.06700	0.00485	0.00347	0.01055
2	0.01344	0.01030	0.01368	0.01305	0.01475	0.01132	0.00981	0.05742	0.01530	0.02157	0.02518	0.16128	0.02622	0.13476	0.32313	0.00821	0.06485	0.01139	0.00527	0.05905
3	0.01686	0.11457	0.60527	0.02214	0.03359	0.02027	0.02826	0.02555	0.01706	0.02499	0.01421	0.01669	0.01029	0.00763	0.00744	0.00248	0.01164	0.00582	0.00343	0.01182
4	0.34389	0.01356	0.01259	0.01174	0.01570	0.01483	0.00935	0.05787	0.10409	0.03163	0.03528	0.09129	0.16140	0.01347	0.00751	0.00274	0.00593	0.05161	0.00657	0.00894
5	0.00989	0.00706	0.00942	0.01130	0.01177	0.00659	0.00753	0.01130	0.01554	0.02071	0.04472	0.70954	0.05367	0.02542	0.01036	0.00330	0.00471	0.02307	0.00753	0.00659
6	0.01069	0.00779	0.00983	0.01105	0.01188	0.00746	0.00745	0.01318	0.04567	0.02180	0.09304	0.52549	0.08037	0.09766	0.01347	0.00367	0.00503	0.02026	0.00740	0.00680
7	0.01895	0.02130	0.04460	0.03236	0.03940	0.02114	0.54690	0.02507	0.01819	0.02507	0.01560	0.02130	0.01208	0.00789	0.01200	0.00285	0.11139	0.00922	0.00403	0.01065

[dist]
# distance from previous block
# <min> <max>
2	10

[block]
# block no. 14 follows, 23 sequences, length 38
# corresponding to MSA columns:
# 1173-1210
name=unknown_O
#
# <colnr> <probs for GDERKNQSTAVLIFYWHMCP>
#	G	D	E	R	K	N	Q	S	T	A	V	L	I	F	Y	W	H	M	C	P
0	0.02673	0.01842	0.06285	0.02338	0.03053	0.01580	0.28547	0.03172	0.02081	0.32856	0.02488	0.05400	0.01765	0.00919	0.00885	0.00265	0.01002	0.00932	0.00701	0.01215
1	0.01900	0.01740	0.02576	0.10990	0.34291	0.01866	0.01957	0.02970	0.22335	0.02866	0.06372	0.02626	0.02072	0.00918	0.00822	0.00256	0.00834	0.00835	0.00567	0.01207
