[name]
unknown

[dist]
# distance from previous block
# <min> <max>
0	0

[block]
# block no. 0 follows, 26 sequences, length 105
# corresponding to MSA columns:
# 0-104
name=unknown_A
#
# <colnr> <probs for GDERKNQSTAVLIFYWHMCP>
#	G	D	E	R	K	N	Q	S	T	A	V	L	I	F	Y	W	H	M	C	P
0	0.01222	0.00873	0.01222	0.01397	0.01572	0.00873	0.01222	0.01572	0.01746	0.02270	0.04016	0.08556	0.04365	0.02095	0.01048	0.00349	0.00698	0.63506	0.00698	0.00698
1	0.03386	0.01319	0.01778	0.01363	0.01950	0.01156	0.01126	0.05784	0.02218	0.66983	0.02953	0.02556	0.01858	0.00938	0.00763	0.00234	0.00652	0.00760	0.00933	0.01291
2	0.02835	0.03555	0.02155	0.01946	0.02345	0.67559	0.01465	0.05570	0.02207	0.01974	0.01199	0.01386	0.00990	0.00787	0.00687	0.00197	0.01346	0.00496	0.00406	0.00896
3	0.01074	0.00775	0.01014	0.00954	0.01133	0.00716	0.00716	0.01431	0.02147	0.03042	0.68211	0.05666	0.07157	0.01551	0.00895	0.00239	0.00358	0.01372	0.00835	0.00716
4	0.01171	0.00791	0.01039	0.00980	0.01168	0.00727	0.00733	0.01510	0.02100	0.06022	0.60731	0.10207	0.06764	0.01580	0.00894	0.00243	0.00377	0.01398	0.00831	0.00735
5	0.00924	0.00660	0.00880	0.01056	0.01100	0.00616	0.00704	0.01056	0.01452	0.01936	0.04181	0.72848	0.05017	0.02376	0.00968	0.00308	0.00440	0.02156	0.00704	0.00616
6	0.01521	0.03923	0.69413	0.02162	0.03283	0.01762	0.02802	0.02402	0.01601	0.02402	0.01361	0.01601	0.00961	0.00721	0.00721	0.00240	0.01121	0.00560	0.00320	0.01121
7	0.01102	0.00738	0.00841	0.00841	0.00846	0.00743	0.00477	0.01112	0.01107	0.01481	0.02377	0.04893	0.02727	0.70926	0.06236	0.00753	0.00782	0.01093	0.00458	0.00467
8	0.01877	0.01802	0.03079	0.04656	0.68612	0.01802	0.02328	0.02328	0.01727	0.02478	0.01427	0.01877	0.01201	0.00676	0.00751	0.00225	0.00901	0.00676	0.00375	0.01201
9	0.03053	0.01299	0.01713	0.01328	0.01878	0.01157	0.01088	0.07818	0.02243	0.55084	0.09553	0.02804	0.02349	0.00985	0.00768	0.00230	0.00626	0.00807	0.00896	0.04323
10	0.02801	0.05259	0.02246	0.01651	0.02230	0.02211	0.01364	0.55323	0.03251	0.09439	0.01903	0.02000	0.01390	0.04306	0.00893	0.00249	0.00814	0.00696	0.00739	0.01237
11	0.03265	0.01260	0.01716	0.01326	0.01889	0.01091	0.01091	0.03562	0.02170	0.65209	0.06868	0.02765	0.02191	0.00975	0.00771	0.00235	0.00628	0.00799	0.00933	0.01257
12	0.72355	0.04861	0.01273	0.01024	0.01507	0.01741	0.00855	0.02285	0.01335	0.05720	0.01127	0.01281	0.00867	0.00710	0.00481	0.00231	0.00599	0.00423	0.00480	0.00846
13	0.02028	0.73799	0.03975	0.01298	0.01947	0.03001	0.01298	0.02271	0.01541	0.01785	0.01055	0.01217	0.00973	0.00649	0.00487	0.00162	0.00811	0.00406	0.00324	0.00973
14	0.02767	0.02038	0.02193	0.01704	0.02278	0.02249	0.01398	0.62218	0.03441	0.04611	0.01961	0.06042	0.01511	0.00998	0.00771	0.00232	0.00811	0.00770	0.00756	0.01250
15	0.01582	0.12309	0.61560	0.02058	0.03123	0.01910	0.02622	0.02386	0.01594	0.02328	0.01324	0.01555	0.00962	0.00712	0.00693	0.00231	0.01084	0.00542	0.00321	0.01103
16	0.01520	0.01290	0.01515	0.01112	0.01735	0.00979	0.00881	0.01849	0.01594	0.02474	0.04620	0.04984	0.01583	0.00690	0.00596	0.00127	0.00547	0.00570	0.00479	0.70854
17	0.01748	0.01932	0.04032	0.03057	0.07514	0.01841	0.53853	0.02323	0.01736	0.02389	0.01592	0.04574	0.01286	0.00732	0.00946	0.00253	0.04385	0.00897	0.00395	0.04514
18	0.07199	0.02603	0.02042	0.01727	0.02207	0.30385	0.01357	0.28284	0.07802	0.03235	0.01872	0.01925	0.04240	0.00900	0.00718	0.00218	0.01002	0.00641	0.00588	0.01055
19	0.01431	0.01310	0.02182	0.67312	0.04966	0.01627	0.02013	0.01928	0.01521	0.01991	0.01415	0.02070	0.01067	0.00766	0.00745	0.00248	0.00972	0.00676	0.04925	0.00835
20	0.01634	0.01385	0.01606	0.01153	0.01824	0.01074	0.00924	0.04927	0.01667	0.02580	0.01370	0.01585	0.01131	0.00578	0.00571	0.00118	0.00575	0.00460	0.00464	0.74374
21	0.01057	0.00775	0.00990	0.00936	0.01123	0.00708	0.00702	0.01399	0.02107	0.02947	0.62420	0.05822	0.13008	0.01586	0.00895	0.00240	0.00360	0.01394	0.00822	0.00708
22	0.00922	0.00668	0.00872	0.01035	0.01095	0.00618	0.00695	0.01059	0.01473	0.01945	0.04438	0.68040	0.09659	0.02343	0.00963	0.00304	0.00436	0.02116	0.00704	0.00618
23	0.00948	0.00767	0.00823	0.00811	0.01032	0.00663	0.00596	0.01159	0.01768	0.02209	0.19629	0.06795	0.51036	0.07085	0.01114	0.00288	0.00405	0.01518	0.00713	0.00642
24	0.01002	0.00781	0.00915	0.00930	0.01124	0.00708	0.00689	0.01304	0.03878	0.02391	0.26252	0.18893	0.32362	0.01865	0.00911	0.00264	0.00405	0.03899	0.00748	0.00680
25	0.78701	0.01467	0.01115	0.00997	0.01467	0.01702	0.00821	0.02230	0.01291	0.03403	0.01056	0.01232	0.00821	0.00704	0.00469	0.00235	0.00587	0.00411	0.00469	0.00821
26	0.01780	0.02002	0.04280	0.05858	0.03936	0.01908	0.60781	0.02473	0.04343	0.02439	0.01588	0.02076	0.01191	0.00659	0.00885	0.00256	0.01242	0.00885	0.00397	0.01023
27	0.01324	0.01281	0.02366	0.01949	0.02256	0.01283	0.24898	0.01647	0.01546	0.02107	0.02857	0.38946	0.03151	0.01620	0.01106	0.00291	0.08509	0.01528	0.00545	0.00790
28	0.10895	0.01939	0.01849	0.01517	0.02029	0.14136	0.01216	0.17870	0.08721	0.25882	0.04821	0.02189	0.01720	0.00912	0.00723	0.00228	0.00799	0.00691	0.00727	0.01134
29	0.02731	0.03395	0.02099	0.01903	0.02286	0.63749	0.01434	0.05182	0.02145	0.01955	0.01247	0.01480	0.01043	0.01078	0.04826	0.00257	0.01388	0.00515	0.00405	0.00882
30	0.00924	0.00660	0.00880	0.01056	0.01100	0.00616	0.00704	0.01056	0.01452	0.01936	0.04181	0.72848	0.05017	0.02376	0.00968	0.00308	0.00440	0.02156	0.00704	0.00616
31	0.01850	0.02018	0.04375	0.03129	0.03889	0.01888	0.63465	0.02476	0.01804	0.04894	0.01588	0.02066	0.01178	0.00650	0.00890	0.00255	0.01255	0.00890	0.00404	0.01033
32	0.01794	0.01997	0.04199	0.03315	0.11726	0.01924	0.54961	0.02387	0.01752	0.02406	0.01495	0.02006	0.01149	0.00678	0.00956	0.00256	0.04726	0.00857	0.00380	0.01035
33	0.01168	0.00840	0.01040	0.01012	0.01209	0.00797	0.00749	0.01607	0.07332	0.04920	0.40899	0.18302	0.13853	0.01691	0.00894	0.00255	0.00406	0.01487	0.00792	0.00746
34	0.05835	0.06288	0.02234	0.01778	0.02278	0.32731	0.01411	0.29676	0.05281	0.03205	0.01513	0.01605	0.01156	0.00836	0.00701	0.00211	0.01053	0.00578	0.00562	0.01068
35	0.01318	0.00659	0.00988	0.00988	0.00988	0.00659	0.00659	0.00988	0.00988	0.01318	0.01318	0.02306	0.01318	0.02635	0.02964	0.77931	0.00659	0.00659	0.00329	0.00329
36	0.08390	0.01898	0.01963	0.01594	0.02129	0.04768	0.01289	0.33798	0.21493	0.11384	0.02234	0.02135	0.01603	0.00927	0.00738	0.00236	0.00749	0.00714	0.00746	0.01212
37	0.01775	0.02107	0.06991	0.03114	0.03868	0.01926	0.61104	0.02408	0.01761	0.02408	0.01509	0.02015	0.01138	0.00667	0.00944	0.00258	0.03736	0.00874	0.00379	0.01020
38	0.00986	0.00770	0.00896	0.00885	0.01096	0.00680	0.00667	0.01252	0.01894	0.02474	0.33081	0.09737	0.36855	0.01792	0.00905	0.00255	0.00388	0.03955	0.00760	0.00673
39	0.01877	0.01802	0.03079	0.04656	0.68612	0.01802	0.02328	0.02328	0.01727	0.02478	0.01427	0.01877	0.01201	0.00676	0.00751	0.00225	0.00901	0.00676	0.00375	0.01201
40	0.75273	0.01459	0.01144	0.01014	0.01488	0.01675	0.00835	0.02296	0.01331	0.06396	0.01144	0.01294	0.00870	0.00715	0.00483	0.00235	0.00589	0.00427	0.00491	0.00843
41	0.01877	0.01802	0.03079	0.04656	0.68612	0.01802	0.02328	0.02328	0.01727	0.02478	0.01427	0.01877	0.01201	0.00676	0.00751	0.00225	0.00901	0.00676	0.00375	0.01201
42	0.00924	0.00660	0.00880	0.01056	0.01100	0.00616	0.00704	0.01056	0.01452	0.01936	0.04181	0.72848	0.05017	0.02376	0.00968	0.00308	0.00440	0.02156	0.00704	0.00616
43	0.01739	0.01964	0.04262	0.03070	0.03794	0.01841	0.61985	0.02348	0.01770	0.02400	0.01692	0.06253	0.01381	0.00743	0.00899	0.00259	0.01229	0.00970	0.00403	0.00999
44	0.01619	0.01376	0.01598	0.01146	0.01817	0.01059	0.00918	0.04184	0.01644	0.02553	0.01365	0.01582	0.01129	0.00574	0.00569	0.00116	0.00571	0.00458	0.00460	0.75262
45	0.04868	0.00974	0.01245	0.01093	0.01399	0.00907	0.00848	0.02172	0.04683	0.21173	0.41974	0.07685	0.05157	0.01366	0.00840	0.00241	0.00460	0.01182	0.00840	0.00893
46	0.01074	0.00775	0.01014	0.00954	0.01133	0.00716	0.00716	0.01431	0.02147	0.03042	0.68211	0.05666	0.07157	0.01551	0.00895	0.00239	0.00358	0.01372	0.00835	0.00716
47	0.02701	0.02253	0.02160	0.01740	0.02285	0.12075	0.01403	0.46100	0.14530	0.04076	0.01950	0.01933	0.01425	0.00913	0.00750	0.00228	0.00870	0.00685	0.00708	0.01215
48	0.01895	0.02038	0.07839	0.04353	0.60890	0.04893	0.02323	0.02365	0.01737	0.02444	0.01411	0.01834	0.01174	0.00684	0.00746	0.00225	0.00938	0.00659	0.00372	0.01181
49	0.01547	0.03770	0.64611	0.02342	0.08012	0.01764	0.02768	0.02397	0.01611	0.02408	0.01366	0.01621	0.00978	0.00717	0.00723	0.00239	0.01105	0.00569	0.00324	0.01127
50	0.01258	0.01050	0.01131	0.01069	0.01360	0.01065	0.00813	0.02122	0.23386	0.02606	0.17638	0.07698	0.32749	0.01571	0.00857	0.00255	0.00452	0.01331	0.00752	0.00839
51	0.01318	0.00659	0.00988	0.00988	0.00988	0.00659	0.00659	0.00988	0.00988	0.01318	0.01318	0.02306	0.01318	0.02635	0.02964	0.77931	0.00659	0.00659	0.00329	0.00329
52	0.01790	0.02046	0.04476	0.03197	0.03964	0.01918	0.65857	0.02430	0.01790	0.02430	0.01535	0.02046	0.01151	0.00639	0.00895	0.00256	0.01279	0.00895	0.00384	0.01023
53	0.03168	0.01475	0.01854	0.01437	0.02006	0.01406	0.01180	0.19327	0.02493	0.50084	0.02747	0.05333	0.01861	0.00992	0.00770	0.00236	0.00685	0.00801	0.00884	0.01262
54	0.03403	0.01291	0.01760	0.01350	0.01936	0.01115	0.01115	0.03697	0.02171	0.69137	0.02992	0.02582	0.01878	0.00939	0.00763	0.00235	0.00645	0.00763	0.00939	0.01291
55	0.00924	0.00660	0.00880	0.01056	0.01100	0.00616	0.00704	0.01056	0.01452	0.01936	0.04181	0.72848	0.05017	0.02376	0.00968	0.00308	0.00440	0.02156	0.00704	0.00616
56	0.18015	0.02003	0.01884	0.01525	0.02051	0.10117	0.01237	0.34186	0.05062	0.10563	0.01786	0.01810	0.01286	0.00860	0.00682	0.00225	0.00799	0.00621	0.04172	0.01117
57	0.06399	0.01463	0.01767	0.01417	0.01950	0.01450	0.01150	0.13736	0.13266	0.41432	0.02784	0.05688	0.01952	0.01005	0.00760	0.00241	0.00657	0.00814	0.00849	0.01223
58	0.00924	0.00660	0.00880	0.01056	0.01100	0.00616	0.00704	0.01056	0.01452	0.01936	0.04181	0.72848	0.05017	0.02376	0.00968	0.00308	0.00440	0.02156	0.00704	0.00616
59	0.02748	0.03367	0.02179	0.02050	0.05394	0.60637	0.01492	0.06159	0.05182	0.02090	0.01304	0.01481	0.01064	0.00794	0.00695	0.00201	0.01285	0.00524	0.00426	0.00929
60	0.01573	0.01348	0.01573	0.01123	0.01798	0.01011	0.00899	0.01910	0.01573	0.02472	0.01348	0.01573	0.01123	0.00562	0.00562	0.00112	0.00562	0.00449	0.00449	0.77980
61	0.02786	0.03525	0.02195	0.02088	0.05620	0.66912	0.01508	0.02994	0.02129	0.01887	0.01185	0.01393	0.00988	0.00776	0.00687	0.00197	0.01345	0.00498	0.00390	0.00895
62	0.01573	0.01348	0.01573	0.01123	0.01798	0.01011	0.00899	0.01910	0.01573	0.02472	0.01348	0.01573	0.01123	0.00562	0.00562	0.00112	0.00562	0.00449	0.00449	0.77980
63	0.01887	0.01629	0.01715	0.01544	0.01972	0.01887	0.01201	0.04031	0.67241	0.03173	0.03087	0.02830	0.02315	0.01029	0.00772	0.00257	0.00600	0.00858	0.00772	0.01201
64	0.02028	0.73799	0.03975	0.01298	0.01947	0.03001	0.01298	0.02271	0.01541	0.01785	0.01055	0.01217	0.00973	0.00649	0.00487	0.00162	0.00811	0.00406	0.00324	0.00973
65	0.02883	0.02125	0.02276	0.01745	0.02352	0.02352	0.01442	0.66082	0.03566	0.04780	0.01821	0.01821	0.01290	0.00911	0.00759	0.00228	0.00835	0.00683	0.00759	0.01290
66	0.01414	0.00707	0.00707	0.00707	0.00884	0.00707	0.00530	0.01767	0.01591	0.02828	0.02474	0.02828	0.01944	0.00884	0.00530	0.00177	0.00353	0.00707	0.77554	0.00707
67	0.01632	0.01383	0.01605	0.01152	0.01823	0.01072	0.00923	0.04808	0.01663	0.02576	0.01370	0.01584	0.01131	0.00577	0.00571	0.00118	0.00574	0.00460	0.00463	0.74516
68	0.00924	0.00660	0.00880	0.01056	0.01100	0.00616	0.00704	0.01056	0.01452	0.01936	0.04181	0.72848	0.05017	0.02376	0.00968	0.00308	0.00440	0.02156	0.00704	0.00616
69	0.01111	0.00852	0.01271	0.01255	0.01384	0.01013	0.00982	0.01377	0.01216	0.01764	0.01983	0.02918	0.01854	0.05484	0.67147	0.01177	0.05319	0.00806	0.00403	0.00684
70	0.00924	0.00660	0.00880	0.01056	0.01100	0.00616	0.00704	0.01056	0.01452	0.01936	0.04181	0.72848	0.05017	0.02376	0.00968	0.00308	0.00440	0.02156	0.00704	0.00616
71	0.06359	0.03023	0.02144	0.01841	0.02307	0.44661	0.01428	0.23838	0.02578	0.02895	0.01382	0.01511	0.01073	0.00821	0.00699	0.00208	0.01155	0.00549	0.00516	0.01012
72	0.01481	0.01424	0.02312	0.01930	0.02120	0.01738	0.13430	0.01767	0.01317	0.01925	0.01563	0.02501	0.01479	0.05102	0.21657	0.00588	0.33253	0.03228	0.00382	0.00804
73	0.03265	0.01260	0.01716	0.01326	0.01889	0.01091	0.01091	0.03562	0.02170	0.65209	0.06868	0.02765	0.02191	0.00975	0.00771	0.00235	0.00628	0.00799	0.00933	0.01257
74	0.02593	0.01304	0.01633	0.01326	0.01798	0.01258	0.01068	0.09419	0.11802	0.37885	0.17920	0.03253	0.03100	0.01090	0.00794	0.00238	0.00591	0.00909	0.00873	0.01145
75	0.01074	0.00775	0.01014	0.00954	0.01133	0.00716	0.00716	0.01431	0.02147	0.03042	0.68211	0.05666	0.07157	0.01551	0.00895	0.00239	0.00358	0.01372	0.00835	0.00716
76	0.03403	0.01291	0.01760	0.01350	0.01936	0.01115	0.01115	0.03697	0.02171	0.69137	0.02992	0.02582	0.01878	0.00939	0.00763	0.00235	0.00645	0.00763	0.00939	0.01291
77	0.03259	0.01366	0.01791	0.01380	0.01954	0.01240	0.01137	0.10662	0.02328	0.59453	0.05242	0.02608	0.02004	0.00958	0.00767	0.00234	0.00656	0.00776	0.00915	0.01270
78	0.00922	0.00669	0.00871	0.01033	0.01094	0.00618	0.00694	0.01059	0.01475	0.01945	0.04464	0.67542	0.10140	0.02339	0.00962	0.00304	0.00436	0.02111	0.00704	0.00618
79	0.01573	0.01348	0.01573	0.01123	0.01798	0.01011	0.00899	0.01910	0.01573	0.02472	0.01348	0.01573	0.01123	0.00562	0.00562	0.00112	0.00562	0.00449	0.00449	0.77980
80	0.02868	0.02018	0.02200	0.01683	0.02291	0.02185	0.01389	0.57812	0.03356	0.10173	0.01899	0.01875	0.01333	0.00897	0.00750	0.00223	0.00806	0.00679	0.00760	0.04804
81	0.01432	0.01348	0.02275	0.71520	0.05224	0.01685	0.02107	0.01938	0.01517	0.01938	0.01348	0.02022	0.01011	0.00758	0.00758	0.00253	0.01011	0.00674	0.00337	0.00843
82	0.01060	0.00775	0.00995	0.00940	0.01125	0.00710	0.00705	0.01405	0.02114	0.02964	0.63466	0.05794	0.11951	0.01580	0.00895	0.00240	0.00360	0.01390	0.00825	0.00710
83	0.02883	0.02125	0.02276	0.01745	0.02352	0.02352	0.01442	0.66082	0.03566	0.04780	0.01821	0.01821	0.01290	0.00911	0.00759	0.00228	0.00835	0.00683	0.00759	0.01290
84	0.01432	0.01348	0.02275	0.71520	0.05224	0.01685	0.02107	0.01938	0.01517	0.01938	0.01348	0.02022	0.01011	0.00758	0.00758	0.00253	0.01011	0.00674	0.00337	0.00843
85	0.01659	0.01659	0.02323	0.01991	0.01991	0.02323	0.01659	0.01825	0.01162	0.01825	0.00996	0.01659	0.00996	0.01328	0.02489	0.00332	0.71955	0.00664	0.00332	0.00830
86	0.02833	0.03615	0.02149	0.01954	0.02345	0.70298	0.01466	0.03029	0.02149	0.01856	0.01172	0.01368	0.00977	0.00782	0.00684	0.00195	0.01368	0.00489	0.00391	0.00879
87	0.02816	0.02060	0.02205	0.01698	0.02285	0.02277	0.01400	0.63154	0.03476	0.04691	0.01851	0.01867	0.01320	0.00909	0.00748	0.00225	0.00813	0.00684	0.04255	0.01263
88	0.01583	0.01380	0.01706	0.01218	0.01897	0.01053	0.03875	0.01934	0.01583	0.02470	0.01357	0.01595	0.01125	0.00565	0.00577	0.00119	0.00595	0.00470	0.00446	0.74454
89	0.02944	0.02027	0.02216	0.01699	0.02304	0.02208	0.01403	0.58790	0.03403	0.12303	0.01958	0.01910	0.01359	0.00914	0.00759	0.00228	0.00813	0.00692	0.00780	0.01290
90	0.02970	0.01985	0.02190	0.01679	0.02283	0.02145	0.01387	0.55651	0.03333	0.15541	0.02017	0.01948	0.01388	0.00915	0.00759	0.00229	0.00803	0.00696	0.00789	0.01290
91	0.03218	0.01285	0.01726	0.01336	0.01894	0.01132	0.01098	0.05845	0.02221	0.62037	0.07603	0.02774	0.02233	0.00981	0.00772	0.00235	0.00632	0.00803	0.00925	0.01250
92	0.01718	0.01762	0.02387	0.02030	0.02074	0.05424	0.03799	0.01901	0.01228	0.01847	0.01022	0.01659	0.01000	0.01280	0.02353	0.00323	0.66355	0.00664	0.00336	0.00838
93	0.01103	0.00735	0.00827	0.00827	0.00827	0.00735	0.00460	0.01103	0.01103	0.01471	0.02390	0.04964	0.02758	0.73343	0.03861	0.00735	0.00735	0.01103	0.00460	0.00460
94	0.00980	0.00710	0.00926	0.01003	0.01109	0.00655	0.00702	0.01202	0.01732	0.02365	0.28891	0.43863	0.08965	0.02037	0.00936	0.00279	0.00406	0.01828	0.00754	0.00655
95	0.02481	0.01863	0.02002	0.01624	0.02143	0.02077	0.01306	0.39020	0.26213	0.06603	0.02341	0.02328	0.01734	0.03636	0.00878	0.00257	0.00740	0.00764	0.00759	0.01227
96	0.01432	0.01348	0.02275	0.71520	0.05224	0.01685	0.02107	0.01938	0.01517	0.01938	0.01348	0.02022	0.01011	0.00758	0.00758	0.00253	0.01011	0.00674	0.00337	0.00843
97	0.00923	0.00665	0.00875	0.01043	0.01097	0.00617	0.00698	0.01058	0.01465	0.01941	0.04339	0.69888	0.07875	0.02356	0.00965	0.00306	0.00438	0.02131	0.00704	0.00617
98	0.01036	0.00769	0.00965	0.00926	0.01113	0.00698	0.00691	0.01355	0.02045	0.02821	0.54899	0.08767	0.17806	0.01650	0.00898	0.00245	0.00366	0.01445	0.00807	0.00698
99	0.01432	0.01348	0.02275	0.71520	0.05224	0.01685	0.02107	0.01938	0.01517	0.01938	0.01348	0.02022	0.01011	0.00758	0.00758	0.00253	0.01011	0.00674	0.00337	0.00843
100	0.02488	0.01928	0.02054	0.01665	0.02202	0.02168	0.01346	0.41484	0.28808	0.04143	0.02323	0.02221	0.01696	0.00958	0.00764	0.00239	0.00742	0.00752	0.00764	0.01255
101	0.01481	0.00772	0.00779	0.00755	0.00951	0.00782	0.00572	0.04714	0.01681	0.02917	0.02444	0.02782	0.01914	0.00885	0.00541	0.00179	0.00376	0.00706	0.74035	0.00734
102	0.00924	0.00660	0.00880	0.01056	0.01100	0.00616	0.00704	0.01056	0.01452	0.01936	0.04181	0.72848	0.05017	0.02376	0.00968	0.00308	0.00440	0.02156	0.00704	0.00616
103	0.01617	0.01374	0.01597	0.01145	0.01816	0.01057	0.00917	0.04086	0.01640	0.02550	0.01364	0.01581	0.01129	0.00574	0.00568	0.00116	0.00571	0.00457	0.00460	0.75379
104	0.56442	0.01436	0.01285	0.01090	0.01594	0.01557	0.00892	0.02518	0.04506	0.13755	0.01483	0.01550	0.01085	0.00744	0.00538	0.00225	0.00595	0.00491	0.00556	0.07658

[dist]
# distance from previous block
# <min> <max>
0	1

[block]
# block no. 1 follows, 26 sequences, length 36
# corresponding to MSA columns:
# 106-141
name=unknown_B
#
# <colnr> <probs for GDERKNQSTAVLIFYWHMCP>
#	G	D	E	R	K	N	Q	S	T	A	V	L	I	F	Y	W	H	M	C	P
0	0.78701	0.01467	0.01115	0.00997	0.01467	0.01702	0.00821	0.02230	0.01291	0.03403	0.01056	0.01232	0.00821	0.00704	0.00469	0.00235	0.00587	0.00411	0.00469	0.00821
1	0.02827	0.02994	0.02077	0.01821	0.02263	0.48446	0.01397	0.10010	0.07971	0.10608	0.01634	0.01694	0.01239	0.00837	0.00709	0.00209	0.01154	0.00576	0.00532	0.01003
2	0.02794	0.03338	0.02144	0.01909	0.02328	0.58724	0.01450	0.10764	0.05453	0.02276	0.01344	0.01493	0.01080	0.00809	0.00697	0.00202	0.01266	0.00530	0.00454	0.00945
3	0.01432	0.01348	0.02275	0.71520	0.05224	0.01685	0.02107	0.01938	0.01517	0.01938	0.01348	0.02022	0.01011	0.00758	0.00758	0.00253	0.01011	0.00674	0.00337	0.00843
4	0.01484	0.00775	0.00782	0.00757	0.00954	0.00786	0.00574	0.04853	0.01685	0.02922	0.02443	0.02780	0.01913	0.00885	0.00541	0.00179	0.00377	0.00706	0.73869	0.00735
5	0.00904	0.00769	0.00779	0.00776	0.01029	0.00643	0.00582	0.01103	0.01746	0.02090	0.10183	0.07232	0.65779	0.01906	0.00896	0.00255	0.00383	0.01591	0.00710	0.00643
6	0.01029	0.00741	0.00974	0.00984	0.01123	0.00686	0.00712	0.01320	0.01941	0.02714	0.49236	0.25576	0.06523	0.01795	0.00916	0.00259	0.00382	0.01604	0.00796	0.00686
7	0.01178	0.00849	0.01160	0.01282	0.01462	0.00832	0.01094	0.01521	0.01820	0.02403	0.16228	0.07951	0.08148	0.01984	0.01011	0.00324	0.00619	0.48711	0.00724	0.00699
8	0.01066	0.00769	0.01007	0.00960	0.01131	0.00710	0.00715	0.01412	0.02111	0.02984	0.64867	0.09175	0.07045	0.01594	0.00898	0.00242	0.00362	0.01413	0.00828	0.00710
9	0.01414	0.00707	0.00707	0.00707	0.00884	0.00707	0.00530	0.01767	0.01591	0.02828	0.02474	0.02828	0.01944	0.00884	0.00530	0.00177	0.00353	0.00707	0.77554	0.00707
10	0.01521	0.03923	0.69413	0.02162	0.03283	0.01762	0.02802	0.02402	0.01601	0.02402	0.01361	0.01601	0.00961	0.00721	0.00721	0.00240	0.01121	0.00560	0.00320	0.01121
11	0.01487	0.01448	0.02553	0.60127	0.04935	0.01740	0.10085	0.01995	0.01537	0.01995	0.01357	0.02010	0.01028	0.00767	0.00846	0.00256	0.03925	0.00701	0.00343	0.00865
12	0.02701	0.02027	0.02175	0.01690	0.02280	0.02230	0.01386	0.55581	0.10925	0.04476	0.01946	0.01927	0.01402	0.00907	0.00750	0.00225	0.00793	0.00692	0.00745	0.05142
13	0.01948	0.62792	0.14283	0.01434	0.02157	0.02806	0.01535	0.02292	0.01551	0.01882	0.01103	0.01277	0.00971	0.00660	0.00524	0.00175	0.00860	0.00430	0.00324	0.00997
14	0.01074	0.00775	0.01014	0.00954	0.01133	0.00716	0.00716	0.01431	0.02147	0.03042	0.68211	0.05666	0.07157	0.01551	0.00895	0.00239	0.00358	0.01372	0.00835	0.00716
15	0.01103	0.00735	0.00827	0.00827	0.00827	0.00735	0.00460	0.01103	0.01103	0.01471	0.02390	0.04964	0.02758	0.73343	0.03861	0.00735	0.00735	0.01103	0.00460	0.00460
16	0.03403	0.01291	0.01760	0.01350	0.01936	0.01115	0.01115	0.03697	0.02171	0.69137	0.02992	0.02582	0.01878	0.00939	0.00763	0.00235	0.00645	0.00763	0.00939	0.01291
17	0.02883	0.02125	0.02276	0.01745	0.02352	0.02352	0.01442	0.66082	0.03566	0.04780	0.01821	0.01821	0.01290	0.00911	0.00759	0.00228	0.00835	0.00683	0.00759	0.01290
18	0.03190	0.01634	0.01972	0.01512	0.02107	0.01623	0.01249	0.29339	0.02744	0.42685	0.02511	0.02269	0.01636	0.00927	0.00761	0.00232	0.00723	0.00730	0.00865	0.01290
19	0.01414	0.00707	0.00707	0.00707	0.00884	0.00707	0.00530	0.01767	0.01591	0.02828	0.02474	0.02828	0.01944	0.00884	0.00530	0.00177	0.00353	0.00707	0.77554	0.00707
20	0.03403	0.01291	0.01760	0.01350	0.01936	0.01115	0.01115	0.03697	0.02171	0.69137	0.02992	0.02582	0.01878	0.00939	0.00763	0.00235	0.00645	0.00763	0.00939	0.01291
21	0.00946	0.00774	0.00837	0.00831	0.01068	0.00665	0.00629	0.01178	0.01817	0.02266	0.20280	0.07002	0.53089	0.01850	0.00902	0.00256	0.00390	0.03831	0.00732	0.00658
22	0.03324	0.01418	0.01839	0.01410	0.02000	0.01303	0.01165	0.13191	0.02383	0.59343	0.02814	0.02466	0.01788	0.00935	0.00762	0.00234	0.00674	0.00751	0.00911	0.01291
23	0.01432	0.01348	0.02275	0.71520	0.05224	0.01685	0.02107	0.01938	0.01517	0.01938	0.01348	0.02022	0.01011	0.00758	0.00758	0.00253	0.01011	0.00674	0.00337	0.00843
24	0.03403	0.01291	0.01760	0.01350	0.01936	0.01115	0.01115	0.03697	0.02171	0.69137	0.02992	0.02582	0.01878	0.00939	0.00763	0.00235	0.00645	0.00763	0.00939	0.01291
25	0.01103	0.00735	0.00827	0.00827	0.00827	0.00735	0.00460	0.01103	0.01103	0.01471	0.02390	0.04964	0.02758	0.73343	0.03861	0.00735	0.00735	0.01103	0.00460	0.00460
26	0.01639	0.01387	0.01608	0.01155	0.01825	0.01079	0.00926	0.05142	0.01673	0.02588	0.01372	0.01585	0.01132	0.00579	0.00572	0.00118	0.00575	0.00461	0.00465	0.74117
27	0.00994	0.00820	0.00891	0.00961	0.01116	0.03127	0.00680	0.01172	0.01649	0.02073	0.10891	0.37712	0.31059	0.02063	0.00922	0.00277	0.00443	0.01802	0.00704	0.00644
28	0.01103	0.00735	0.00827	0.00827	0.00827	0.00735	0.00460	0.01103	0.01103	0.01471	0.02390	0.04964	0.02758	0.73343	0.03861	0.00735	0.00735	0.01103	0.00460	0.00460
29	0.02532	0.01950	0.02079	0.01674	0.02218	0.02188	0.01357	0.44213	0.26008	0.04214	0.02267	0.02177	0.01651	0.00952	0.00763	0.00238	0.00752	0.00744	0.00763	0.01258
30	0.01432	0.01348	0.02275	0.71520	0.05224	0.01685	0.02107	0.01938	0.01517	0.01938	0.01348	0.02022	0.01011	0.00758	0.00758	0.00253	0.01011	0.00674	0.00337	0.00843
31	0.01432	0.01321	0.02210	0.68569	0.05043	0.01644	0.02041	0.01931	0.01520	0.01975	0.01395	0.02056	0.01050	0.00764	0.00749	0.00250	0.00984	0.00675	0.03555	0.00837
32	0.02810	0.02088	0.02235	0.01730	0.02324	0.02318	0.01424	0.61529	0.08239	0.04662	0.01914	0.01895	0.01365	0.00919	0.00760	0.00230	0.00817	0.00696	0.00760	0.01283
33	0.06260	0.01544	0.01802	0.01460	0.01995	0.01591	0.01183	0.14028	0.23025	0.34583	0.02741	0.02474	0.01872	0.00952	0.00752	0.00241	0.00660	0.00764	0.00835	0.01241
34	0.02931	0.01942	0.02150	0.01660	0.02254	0.02094	0.01368	0.51118	0.06549	0.16872	0.02107	0.02016	0.01453	0.00922	0.00760	0.00230	0.00787	0.00707	0.00793	0.01286
35	0.02637	0.01930	0.02069	0.01618	0.02165	0.02119	0.01325	0.57154	0.03295	0.04440	0.02225	0.04813	0.04680	0.01013	0.00761	0.00229	0.00773	0.00784	0.04766	0.01203

[dist]
# distance from previous block
# <min> <max>
0	1

[block]
# block no. 2 follows, 26 sequences, length 18
# corresponding to MSA columns:
# 143-160
name=unknown_C
#
# <colnr> <probs for GDERKNQSTAVLIFYWHMCP>
#	G	D	E	R	K	N	Q	S	T	A	V	L	I	F	Y	W	H	M	C	P
0	0.01463	0.01367	0.02238	0.66851	0.05007	0.01699	0.02046	0.02078	0.05902	0.02020	0.01464	0.02076	0.01098	0.00776	0.00759	0.00253	0.00984	0.00686	0.00366	0.00866
1	0.02422	0.01471	0.01707	0.01453	0.01922	0.01551	0.01150	0.07180	0.35944	0.26850	0.03055	0.07356	0.02281	0.01080	0.00781	0.00251	0.00619	0.00900	0.00826	0.01199
2	0.01601	0.14874	0.59158	0.02026	0.03073	0.01956	0.02567	0.02382	0.01592	0.02305	0.01313	0.01541	0.00963	0.00709	0.00684	0.00228	0.01072	0.00536	0.00321	0.01098
3	0.01972	0.01919	0.02935	0.04253	0.59325	0.06114	0.02195	0.04652	0.04613	0.02548	0.01495	0.01884	0.01238	0.00706	0.00748	0.00225	0.00915	0.00672	0.00407	0.01184
4	0.01821	0.01745	0.02978	0.13047	0.60657	0.01788	0.02300	0.02279	0.01701	0.02410	0.01417	0.01895	0.01178	0.00686	0.00752	0.00229	0.00915	0.00676	0.00371	0.01156
5	0.01580	0.01641	0.03969	0.10401	0.02460	0.04765	0.07078	0.01856	0.01401	0.01994	0.05620	0.08915	0.01787	0.01278	0.01774	0.00300	0.41081	0.00865	0.00407	0.00829
6	0.01066	0.00775	0.01003	0.00946	0.01128	0.00712	0.00710	0.01416	0.02129	0.02998	0.65543	0.05738	0.09853	0.01567	0.00895	0.00239	0.00359	0.01382	0.00829	0.00712
7	0.01774	0.01523	0.01613	0.01459	0.01861	0.01736	0.01132	0.03686	0.59107	0.03095	0.07466	0.03284	0.06690	0.01117	0.00787	0.00256	0.00572	0.00936	0.00772	0.01136
8	0.01058	0.00771	0.00995	0.00947	0.01126	0.00708	0.00707	0.01399	0.02099	0.02947	0.62548	0.08150	0.10498	0.01601	0.00897	0.00242	0.00362	0.01412	0.00823	0.00708
9	0.01538	0.03808	0.65408	0.02226	0.03325	0.01771	0.06691	0.02404	0.01613	0.02404	0.01372	0.01629	0.00973	0.00716	0.00731	0.00241	0.01131	0.00581	0.00324	0.01115
10	0.01090	0.00737	0.00823	0.00823	0.00840	0.00729	0.00467	0.01102	0.01143	0.01508	0.02731	0.05114	0.06977	0.68745	0.03670	0.00705	0.00713	0.01135	0.00475	0.00471
11	0.01035	0.00775	0.00967	0.00978	0.01162	0.00708	0.00748	0.01327	0.01919	0.02578	0.37957	0.13158	0.21878	0.01800	0.00923	0.00265	0.00419	0.09947	0.00771	0.00685
12	0.01245	0.01053	0.01112	0.01056	0.01355	0.01063	0.00803	0.02103	0.23661	0.02513	0.11658	0.08224	0.38052	0.01606	0.00857	0.00257	0.00456	0.01353	0.00739	0.00834
13	0.01035	0.00774	0.00960	0.00914	0.01109	0.00699	0.00685	0.01356	0.02056	0.02825	0.54975	0.06023	0.20528	0.01632	0.00895	0.00242	0.00364	0.01422	0.00806	0.00699
14	0.69306	0.05253	0.04143	0.01084	0.01594	0.01790	0.00947	0.04169	0.01385	0.03321	0.01092	0.01265	0.00849	0.00708	0.00490	0.00231	0.00628	0.00425	0.00465	0.00856
15	0.04943	0.02332	0.12112	0.02674	0.03410	0.06947	0.41969	0.05694	0.01852	0.04447	0.01504	0.01889	0.01124	0.00701	0.00864	0.00245	0.03062	0.00771	0.00415	0.03046
16	0.01990	0.60761	0.13284	0.01450	0.02156	0.05713	0.01521	0.02323	0.01576	0.01876	0.01104	0.01278	0.00972	0.00665	0.00529	0.00175	0.00880	0.00431	0.00327	0.00991
17	0.06520	0.02635	0.02012	0.01717	0.02183	0.33347	0.01341	0.24018	0.06896	0.04686	0.01976	0.02022	0.05520	0.00915	0.00720	0.00217	0.01018	0.00653	0.00577	0.01030

[dist]
# distance from previous block
# <min> <max>
0	1

[block]
# block no. 3 follows, 26 sequences, length 345
# corresponding to MSA columns:
# 162-506
name=unknown_D
#
# <colnr> <probs for GDERKNQSTAVLIFYWHMCP>
#	G	D	E	R	K	N	Q	S	T	A	V	L	I	F	Y	W	H	M	C	P
0	0.01823	0.01467	0.01752	0.04227	0.02021	0.01362	0.01103	0.11100	0.04320	0.05472	0.01623	0.04352	0.01351	0.00784	0.00791	0.00171	0.06616	0.00601	0.00520	0.48544
1	0.00937	0.00669	0.00894	0.01070	0.01120	0.00627	0.00726	0.01078	0.01464	0.01950	0.04174	0.70181	0.04990	0.02365	0.00971	0.00310	0.00451	0.04701	0.00704	0.00620
2	0.01889	0.49495	0.18886	0.01535	0.02241	0.05013	0.01644	0.02279	0.01585	0.01980	0.03698	0.01499	0.01208	0.00731	0.00642	0.00191	0.03657	0.00491	0.00346	0.00989
3	0.01865	0.06956	0.06665	0.01257	0.01685	0.01146	0.01068	0.04610	0.01831	0.19459	0.10236	0.24504	0.03198	0.01369	0.00791	0.00237	0.00594	0.01181	0.00690	0.10658
4	0.09225	0.01731	0.01849	0.01477	0.02028	0.07044	0.01199	0.18432	0.09956	0.32802	0.02357	0.02183	0.01601	0.00897	0.00725	0.00228	0.00735	0.00692	0.00776	0.04065
5	0.01654	0.02811	0.37137	0.01905	0.02702	0.01775	0.04674	0.03002	0.27782	0.02697	0.02297	0.02327	0.04074	0.00886	0.00755	0.00248	0.00892	0.00732	0.00518	0.01130
6	0.00930	0.00665	0.00885	0.01052	0.01101	0.00620	0.00705	0.01071	0.01479	0.01979	0.06632	0.70276	0.05099	0.02345	0.00965	0.00305	0.00437	0.02126	0.00709	0.00620
7	0.04403	0.02973	0.41016	0.02644	0.15461	0.01720	0.09934	0.02413	0.01669	0.05569	0.01565	0.02014	0.01201	0.00767	0.00753	0.00243	0.01040	0.03122	0.00387	0.01105
8	0.01483	0.00773	0.00780	0.00756	0.00952	0.00784	0.00573	0.04774	0.01683	0.02919	0.02444	0.02781	0.01914	0.00885	0.00541	0.00179	0.00376	0.00706	0.73964	0.00734
9	0.00924	0.00660	0.00880	0.01056	0.01100	0.00616	0.00704	0.01056	0.01452	0.01936	0.04181	0.72848	0.05017	0.02376	0.00968	0.00308	0.00440	0.02156	0.00704	0.00616
10	0.02911	0.02033	0.02113	0.01653	0.02221	0.07863	0.01350	0.45729	0.03112	0.17240	0.04631	0.02086	0.01612	0.00930	0.00759	0.00227	0.00824	0.00709	0.00766	0.01232
11	0.02804	0.06384	0.02235	0.01910	0.02329	0.62077	0.01457	0.08056	0.02238	0.02088	0.01220	0.01398	0.01002	0.00787	0.00682	0.00197	0.01302	0.00501	0.00418	0.00916
12	0.03096	0.01337	0.01739	0.01368	0.01918	0.01232	0.01118	0.05867	0.09924	0.55930	0.06011	0.02728	0.02155	0.00977	0.00770	0.00237	0.00633	0.00800	0.00908	0.01253
13	0.03294	0.01267	0.01725	0.01331	0.01899	0.01096	0.01096	0.03591	0.02170	0.66047	0.06041	0.02726	0.02124	0.00967	0.00769	0.00235	0.00632	0.00791	0.00934	0.01264
14	0.01980	0.65584	0.06484	0.01385	0.02004	0.02901	0.01385	0.02243	0.01515	0.01812	0.01062	0.01265	0.00975	0.00703	0.00646	0.00178	0.06153	0.00431	0.00325	0.00969
15	0.78701	0.01467	0.01115	0.00997	0.01467	0.01702	0.00821	0.02230	0.01291	0.03403	0.01056	0.01232	0.00821	0.00704	0.00469	0.00235	0.00587	0.00411	0.00469	0.00821
16	0.01068	0.00771	0.01009	0.00958	0.01132	0.00712	0.00715	0.01416	0.02119	0.02997	0.65635	0.08369	0.07071	0.01584	0.00898	0.00241	0.00361	0.01403	0.00830	0.00712
17	0.01432	0.01348	0.02275	0.71520	0.05224	0.01685	0.02107	0.01938	0.01517	0.01938	0.01348	0.02022	0.01011	0.00758	0.00758	0.00253	0.01011	0.00674	0.00337	0.00843
18	0.00936	0.00669	0.00894	0.01070	0.01120	0.00627	0.00725	0.01077	0.01464	0.01950	0.04174	0.70202	0.04990	0.02365	0.00971	0.00310	0.00451	0.04681	0.00704	0.00619
19	0.03383	0.01323	0.01780	0.01365	0.01953	0.01163	0.01128	0.06131	0.02225	0.66626	0.02947	0.02552	0.01855	0.00938	0.00763	0.00234	0.00653	0.00760	0.00932	0.01291
20	0.03403	0.01291	0.01760	0.01350	0.01936	0.01115	0.01115	0.03697	0.02171	0.69137	0.02992	0.02582	0.01878	0.00939	0.00763	0.00235	0.00645	0.00763	0.00939	0.01291
21	0.01432	0.01348	0.02275	0.71520	0.05224	0.01685	0.02107	0.01938	0.01517	0.01938	0.01348	0.02022	0.01011	0.00758	0.00758	0.00253	0.01011	0.00674	0.00337	0.00843
22	0.00896	0.00768	0.00768	0.00768	0.01025	0.00640	0.00576	0.01089	0.01729	0.02049	0.07684	0.07300	0.68304	0.01921	0.00896	0.00256	0.00384	0.01601	0.00704	0.00640
23	0.01074	0.00775	0.01014	0.00954	0.01133	0.00716	0.00716	0.01431	0.02147	0.03042	0.68211	0.05666	0.07157	0.01551	0.00895	0.00239	0.00358	0.01372	0.00835	0.00716
24	0.02028	0.73799	0.03975	0.01298	0.01947	0.03001	0.01298	0.02271	0.01541	0.01785	0.01055	0.01217	0.00973	0.00649	0.00487	0.00162	0.00811	0.00406	0.00324	0.00973
25	0.02016	0.01654	0.01759	0.01552	0.02000	0.01894	0.01216	0.08683	0.60122	0.05659	0.02989	0.02745	0.02223	0.01017	0.00771	0.00254	0.00620	0.00841	0.00777	0.01211
26	0.01573	0.01348	0.01573	0.01123	0.01798	0.01011	0.00899	0.01910	0.01573	0.02472	0.01348	0.01573	0.01123	0.00562	0.00562	0.00112	0.00562	0.00449	0.00449	0.77980
27	0.01414	0.00707	0.00707	0.00707	0.00884	0.00707	0.00530	0.01767	0.01591	0.02828	0.02474	0.02828	0.01944	0.00884	0.00530	0.00177	0.00353	0.00707	0.77554	0.00707
28	0.02851	0.03088	0.02194	0.01880	0.02347	0.46260	0.01457	0.25336	0.02651	0.02891	0.01402	0.01528	0.01088	0.00827	0.00710	0.00207	0.01179	0.00557	0.00521	0.01025
29	0.01521	0.03923	0.69413	0.02162	0.03283	0.01762	0.02802	0.02402	0.01601	0.02402	0.01361	0.01601	0.00961	0.00721	0.00721	0.00240	0.01121	0.00560	0.00320	0.01121
30	0.01222	0.00873	0.01222	0.01397	0.01572	0.00873	0.01222	0.01572	0.01746	0.02270	0.04016	0.08556	0.04365	0.02095	0.01048	0.00349	0.00698	0.63506	0.00698	0.00698
31	0.02833	0.03615	0.02149	0.01954	0.02345	0.70298	0.01466	0.03029	0.02149	0.01856	0.01172	0.01368	0.00977	0.00782	0.00684	0.00195	0.01368	0.00489	0.00391	0.00879
32	0.01887	0.01629	0.01715	0.01544	0.01972	0.01887	0.01201	0.04031	0.67241	0.03173	0.03087	0.02830	0.02315	0.01029	0.00772	0.00257	0.00600	0.00858	0.00772	0.01201
33	0.02058	0.71211	0.03907	0.01322	0.01961	0.05484	0.01304	0.02299	0.01564	0.01787	0.01059	0.01222	0.00974	0.00654	0.00494	0.00163	0.00832	0.00409	0.00327	0.00970
34	0.01642	0.07211	0.02439	0.01921	0.02007	0.02238	0.04234	0.01831	0.01238	0.01855	0.01248	0.06676	0.01285	0.01320	0.02160	0.00314	0.58428	0.00759	0.00360	0.00834
35	0.01103	0.00735	0.00827	0.00827	0.00827	0.00735	0.00460	0.01103	0.01103	0.01471	0.02390	0.04964	0.02758	0.73343	0.03861	0.00735	0.00735	0.01103	0.00460	0.00460
36	0.00924	0.00660	0.00880	0.01056	0.01100	0.00616	0.00704	0.01056	0.01452	0.01936	0.04181	0.72848	0.05017	0.02376	0.00968	0.00308	0.00440	0.02156	0.00704	0.00616
37	0.01820	0.43199	0.29997	0.01771	0.05050	0.02461	0.01937	0.02326	0.01572	0.02057	0.01191	0.01395	0.00977	0.00679	0.00590	0.00196	0.00938	0.00478	0.00325	0.01041
38	0.01521	0.03923	0.69413	0.02162	0.03283	0.01762	0.02802	0.02402	0.01601	0.02402	0.01361	0.01601	0.00961	0.00721	0.00721	0.00240	0.01121	0.00560	0.00320	0.01121
39	0.00896	0.00768	0.00768	0.00768	0.01025	0.00640	0.00576	0.01089	0.01729	0.02049	0.07684	0.07300	0.68304	0.01921	0.00896	0.00256	0.00384	0.01601	0.00704	0.00640
40	0.01791	0.01714	0.02923	0.17611	0.56330	0.01780	0.02285	0.02252	0.01686	0.02373	0.01412	0.01905	0.01165	0.00692	0.00752	0.00231	0.00922	0.00675	0.00368	0.01132
41	0.03127	0.01342	0.01747	0.01372	0.01927	0.01234	0.01122	0.05976	0.09619	0.56842	0.05327	0.02694	0.02097	0.00970	0.00768	0.00237	0.00637	0.00793	0.00909	0.01260
42	0.01074	0.00775	0.01014	0.00954	0.01133	0.00716	0.00716	0.01431	0.02147	0.03042	0.68211	0.05666	0.07157	0.01551	0.00895	0.00239	0.00358	0.01372	0.00835	0.00716
43	0.76215	0.01603	0.01266	0.01143	0.01618	0.01798	0.00912	0.02352	0.01423	0.03543	0.01274	0.01534	0.01030	0.00845	0.00565	0.00273	0.00658	0.00483	0.00539	0.00928
44	0.02576	0.05057	0.02146	0.01722	0.02220	0.21138	0.03828	0.15291	0.21784	0.13177	0.02155	0.02097	0.01580	0.00893	0.00737	0.00227	0.00902	0.00690	0.00655	0.01125
45	0.01635	0.09394	0.61545	0.02061	0.03124	0.01835	0.02616	0.02442	0.01619	0.04965	0.01401	0.01609	0.00998	0.00723	0.00704	0.00234	0.01078	0.00556	0.00345	0.01116
46	0.00930	0.00665	0.00885	0.01052	0.01101	0.00620	0.00705	0.01071	0.01479	0.01979	0.06675	0.70231	0.05100	0.02344	0.00965	0.00305	0.00437	0.02126	0.00709	0.00620
47	0.72501	0.01433	0.01147	0.03924	0.01601	0.01663	0.00864	0.02200	0.01312	0.03320	0.01123	0.01327	0.00873	0.00713	0.00484	0.00233	0.00595	0.00433	0.03437	0.00818
48	0.00896	0.00768	0.00768	0.00768	0.01025	0.00640	0.00576	0.01089	0.01729	0.02049	0.07684	0.07300	0.68304	0.01921	0.00896	0.00256	0.00384	0.01601	0.00704	0.00640
49	0.01873	0.01602	0.01729	0.04252	0.02079	0.01848	0.01225	0.06205	0.59543	0.03181	0.05684	0.02878	0.02427	0.01036	0.00776	0.00255	0.00615	0.00865	0.00757	0.01170
50	0.01573	0.01348	0.01573	0.01123	0.01798	0.01011	0.00899	0.01910	0.01573	0.02472	0.01348	0.01573	0.01123	0.00562	0.00562	0.00112	0.00562	0.00449	0.00449	0.77980
51	0.01332	0.01046	0.01236	0.01141	0.01399	0.01087	0.00870	0.02256	0.22804	0.03083	0.47545	0.04766	0.05620	0.01385	0.00856	0.00244	0.00435	0.01209	0.00815	0.00870
52	0.00896	0.00768	0.00768	0.00768	0.01025	0.00640	0.00576	0.01089	0.01729	0.02049	0.07684	0.07300	0.68304	0.01921	0.00896	0.00256	0.00384	0.01601	0.00704	0.00640
53	0.00896	0.00768	0.00768	0.00768	0.01025	0.00640	0.00576	0.01089	0.01729	0.02049	0.07684	0.07300	0.68304	0.01921	0.00896	0.00256	0.00384	0.01601	0.00704	0.00640
54	0.01446	0.01354	0.02309	0.66302	0.05022	0.01660	0.04616	0.01952	0.01530	0.01989	0.01395	0.02051	0.01049	0.00758	0.00756	0.00250	0.00999	0.00684	0.03032	0.00845
55	0.78701	0.01467	0.01115	0.00997	0.01467	0.01702	0.00821	0.02230	0.01291	0.03403	0.01056	0.01232	0.00821	0.00704	0.00469	0.00235	0.00587	0.00411	0.00469	0.00821
56	0.01558	0.06595	0.63717	0.02244	0.06284	0.01813	0.02721	0.02393	0.01605	0.02381	0.01352	0.01599	0.00973	0.00716	0.00713	0.00236	0.01098	0.00560	0.00323	0.01119
57	0.01542	0.06735	0.66780	0.02127	0.03229	0.01811	0.02742	0.02397	0.01599	0.02377	0.01349	0.01586	0.00961	0.00718	0.00711	0.00237	0.01109	0.00554	0.00320	0.01115
58	0.00924	0.00660	0.00880	0.01056	0.01100	0.00616	0.00704	0.01056	0.01452	0.01936	0.04181	0.72848	0.05017	0.02376	0.00968	0.00308	0.00440	0.02156	0.00704	0.00616
59	0.01859	0.01783	0.03045	0.07441	0.65971	0.01797	0.02319	0.02312	0.01718	0.02456	0.01423	0.01883	0.01194	0.00679	0.00751	0.00226	0.00906	0.00676	0.00374	0.01187
60	0.01758	0.02172	0.09705	0.03016	0.03752	0.01937	0.55547	0.02380	0.01725	0.02380	0.01478	0.01979	0.01123	0.00700	0.01006	0.00260	0.06844	0.00849	0.00374	0.01016
61	0.01710	0.01631	0.02777	0.29799	0.44775	0.01758	0.02245	0.02181	0.01648	0.02275	0.01397	0.01932	0.01130	0.00707	0.00754	0.00236	0.00942	0.00675	0.00361	0.01067
62	0.78701	0.01467	0.01115	0.00997	0.01467	0.01702	0.00821	0.02230	0.01291	0.03403	0.01056	0.01232	0.00821	0.00704	0.00469	0.00235	0.00587	0.00411	0.00469	0.00821
63	0.01103	0.00735	0.00827	0.00827	0.00827	0.00735	0.00460	0.01103	0.01103	0.01471	0.02390	0.04964	0.02758	0.73343	0.03861	0.00735	0.00735	0.01103	0.00460	0.00460
64	0.78701	0.01467	0.01115	0.00997	0.01467	0.01702	0.00821	0.02230	0.01291	0.03403	0.01056	0.01232	0.00821	0.00704	0.00469	0.00235	0.00587	0.00411	0.00469	0.00821
65	0.78701	0.01467	0.01115	0.00997	0.01467	0.01702	0.00821	0.02230	0.01291	0.03403	0.01056	0.01232	0.00821	0.00704	0.00469	0.00235	0.00587	0.00411	0.00469	0.00821
66	0.00896	0.00768	0.00768	0.00768	0.01025	0.00640	0.00576	0.01089	0.01729	0.02049	0.07684	0.07300	0.68304	0.01921	0.00896	0.00256	0.00384	0.01601	0.00704	0.00640
67	0.01104	0.00842	0.01258	0.01246	0.01377	0.00996	0.00973	0.01371	0.01217	0.01763	0.01995	0.02934	0.01865	0.05536	0.67958	0.01188	0.04484	0.00807	0.00404	0.00683
68	0.78701	0.01467	0.01115	0.00997	0.01467	0.01702	0.00821	0.02230	0.01291	0.03403	0.01056	0.01232	0.00821	0.00704	0.00469	0.00235	0.00587	0.00411	0.00469	0.00821
69	0.01074	0.00775	0.01014	0.00954	0.01133	0.00716	0.00716	0.01431	0.02147	0.03042	0.68211	0.05666	0.07157	0.01551	0.00895	0.00239	0.00358	0.01372	0.00835	0.00716
70	0.78701	0.01467	0.01115	0.00997	0.01467	0.01702	0.00821	0.02230	0.01291	0.03403	0.01056	0.01232	0.00821	0.00704	0.00469	0.00235	0.00587	0.00411	0.00469	0.00821
71	0.01877	0.01802	0.03079	0.04656	0.68612	0.01802	0.02328	0.02328	0.01727	0.02478	0.01427	0.01877	0.01201	0.00676	0.00751	0.00225	0.00901	0.00676	0.00375	0.01201
72	0.03403	0.01291	0.01760	0.01350	0.01936	0.01115	0.01115	0.03697	0.02171	0.69137	0.02992	0.02582	0.01878	0.00939	0.00763	0.00235	0.00645	0.00763	0.00939	0.01291
73	0.03403	0.01291	0.01760	0.01350	0.01936	0.01115	0.01115	0.03697	0.02171	0.69137	0.02992	0.02582	0.01878	0.00939	0.00763	0.00235	0.00645	0.00763	0.00939	0.01291
74	0.01474	0.03479	0.58908	0.02065	0.03057	0.01641	0.04990	0.02275	0.01645	0.02435	0.06676	0.04724	0.01609	0.00847	0.00751	0.00243	0.01041	0.00699	0.00378	0.01066
75	0.01839	0.01967	0.02201	0.01922	0.02008	0.15274	0.01565	0.02019	0.01356	0.01826	0.01113	0.01709	0.01064	0.01573	0.07586	0.00377	0.52782	0.00642	0.00349	0.00827
76	0.01555	0.01325	0.01545	0.01112	0.01761	0.01001	0.00882	0.01880	0.01555	0.02434	0.01387	0.01699	0.01184	0.03273	0.00685	0.00136	0.00568	0.00474	0.00450	0.75093
77	0.01573	0.01348	0.01573	0.01123	0.01798	0.01011	0.00899	0.01910	0.01573	0.02472	0.01348	0.01573	0.01123	0.00562	0.00562	0.00112	0.00562	0.00449	0.00449	0.77980
78	0.03403	0.01291	0.01760	0.01350	0.01936	0.01115	0.01115	0.03697	0.02171	0.69137	0.02992	0.02582	0.01878	0.00939	0.00763	0.00235	0.00645	0.00763	0.00939	0.01291
79	0.00924	0.00660	0.00880	0.01056	0.01100	0.00616	0.00704	0.01056	0.01452	0.01936	0.04181	0.72848	0.05017	0.02376	0.00968	0.00308	0.00440	0.02156	0.00704	0.00616
