[name]
unknown

[dist]
# distance from previous block
# <min> <max>
0	1

[block]
# block no. 0 follows, 25 sequences, length 48
# corresponding to MSA columns:
# 1-48
name=unknown_A
#
# <colnr> <probs for GDERKNQSTAVLIFYWHMCP>
#	G	D	E	R	K	N	Q	S	T	A	V	L	I	F	Y	W	H	M	C	P
0	0.01249	0.00892	0.01249	0.01428	0.01606	0.00892	0.01249	0.01606	0.01785	0.02320	0.04105	0.08746	0.04462	0.02142	0.01071	0.00357	0.00714	0.62695	0.00714	0.00714
1	0.02073	0.73217	0.04063	0.01327	0.01990	0.03068	0.01327	0.02322	0.01575	0.01824	0.01078	0.01244	0.00995	0.00663	0.00498	0.00166	0.00829	0.00415	0.00332	0.00995
2	0.02174	0.01634	0.01781	0.01548	0.02012	0.01828	0.01219	0.09361	0.50658	0.11298	0.05550	0.02885	0.02414	0.01051	0.00792	0.00257	0.00631	0.00870	0.00811	0.01227
3	0.01723	0.01750	0.02304	0.01993	0.02015	0.05583	0.01645	0.01893	0.01249	0.01872	0.01165	0.04681	0.01192	0.01375	0.02388	0.00331	0.64906	0.00735	0.00358	0.00841
4	0.01082	0.00792	0.01014	0.00959	0.01149	0.00725	0.00719	0.01433	0.02157	0.03021	0.62291	0.05938	0.12585	0.01618	0.00915	0.00245	0.00368	0.01423	0.00842	0.00725
5	0.01919	0.01842	0.03147	0.04759	0.67914	0.01842	0.02380	0.02380	0.01765	0.02533	0.01458	0.01919	0.01228	0.00691	0.00768	0.00230	0.00921	0.00691	0.00384	0.01228
6	0.01555	0.04011	0.68733	0.02210	0.03356	0.01801	0.02865	0.02455	0.01637	0.02455	0.01391	0.01637	0.00982	0.00737	0.00737	0.00246	0.01146	0.00573	0.00327	0.01146
7	0.78228	0.01499	0.01140	0.01020	0.01499	0.01739	0.00840	0.02279	0.01320	0.03479	0.01080	0.01260	0.00840	0.00720	0.00480	0.00240	0.00600	0.00420	0.00480	0.00840
8	0.01743	0.01952	0.04213	0.03052	0.03764	0.01830	0.58748	0.02345	0.01796	0.02434	0.01835	0.09011	0.01566	0.00829	0.00922	0.00267	0.01223	0.01042	0.00424	0.01005
9	0.00945	0.00675	0.00900	0.01080	0.01125	0.00630	0.00720	0.01080	0.01484	0.01979	0.04274	0.72245	0.05128	0.02429	0.00990	0.00315	0.00450	0.02204	0.00720	0.00630
10	0.01108	0.00831	0.01246	0.01246	0.01385	0.00969	0.00969	0.01385	0.01246	0.01800	0.02077	0.03046	0.01938	0.05815	0.69678	0.01246	0.02077	0.00831	0.00415	0.00692
11	0.01097	0.00793	0.01036	0.00975	0.01158	0.00732	0.00732	0.01463	0.02195	0.03109	0.67505	0.05792	0.07316	0.01585	0.00914	0.00244	0.00366	0.01402	0.00854	0.00732
12	0.01830	0.02092	0.04575	0.03268	0.04052	0.01961	0.65098	0.02484	0.01830	0.02484	0.01569	0.02092	0.01176	0.00654	0.00915	0.00261	0.01307	0.00915	0.00392	0.01046
13	0.01696	0.01696	0.02375	0.02036	0.02036	0.02375	0.01696	0.01866	0.01187	0.01866	0.01018	0.01696	0.01018	0.01357	0.02545	0.00339	0.71332	0.00679	0.00339	0.00848
14	0.01790	0.02028	0.04410	0.03170	0.03921	0.01901	0.62211	0.02421	0.01815	0.02461	0.01690	0.05237	0.01354	0.00733	0.00918	0.00264	0.01269	0.00973	0.00407	0.01027
15	0.01919	0.01842	0.03147	0.04759	0.67914	0.01842	0.02380	0.02380	0.01765	0.02533	0.01458	0.01919	0.01228	0.00691	0.00768	0.00230	0.00921	0.00691	0.00384	0.01228
16	0.01128	0.00752	0.00846	0.00846	0.00846	0.00752	0.00470	0.01128	0.01128	0.01503	0.02443	0.05074	0.02819	0.72751	0.03946	0.00752	0.00752	0.01128	0.00470	0.00470
17	0.78228	0.01499	0.01140	0.01020	0.01499	0.01739	0.00840	0.02279	0.01320	0.03479	0.01080	0.01260	0.00840	0.00720	0.00480	0.00240	0.00600	0.00420	0.00480	0.00840
18	0.01919	0.01842	0.03147	0.04759	0.67914	0.01842	0.02380	0.02380	0.01765	0.02533	0.01458	0.01919	0.01228	0.00691	0.00768	0.00230	0.00921	0.00691	0.00384	0.01228
19	0.01919	0.01842	0.03147	0.04759	0.67914	0.01842	0.02380	0.02380	0.01765	0.02533	0.01458	0.01919	0.01228	0.00691	0.00768	0.00230	0.00921	0.00691	0.00384	0.01228
20	0.01347	0.00673	0.01010	0.01010	0.01010	0.00673	0.00673	0.01010	0.01010	0.01347	0.01347	0.02357	0.01347	0.02694	0.03030	0.77441	0.00673	0.00673	0.00337	0.00337
21	0.01919	0.01842	0.03147	0.04759	0.67914	0.01842	0.02380	0.02380	0.01765	0.02533	0.01458	0.01919	0.01228	0.00691	0.00768	0.00230	0.00921	0.00691	0.00384	0.01228
22	0.01919	0.01842	0.03147	0.04759	0.67914	0.01842	0.02380	0.02380	0.01765	0.02533	0.01458	0.01919	0.01228	0.00691	0.00768	0.00230	0.00921	0.00691	0.00384	0.01228
23	0.02903	0.03489	0.02215	0.01969	0.02398	0.60528	0.01495	0.11528	0.02393	0.02303	0.01288	0.01461	0.01042	0.00817	0.00709	0.00204	0.01324	0.00526	0.00450	0.00956
24	0.01347	0.00673	0.01010	0.01010	0.01010	0.00673	0.00673	0.01010	0.01010	0.01347	0.01347	0.02357	0.01347	0.02694	0.03030	0.77441	0.00673	0.00673	0.00337	0.00337
25	0.01128	0.00752	0.00846	0.00846	0.00846	0.00752	0.00470	0.01128	0.01128	0.01503	0.02443	0.05074	0.02819	0.72751	0.03946	0.00752	0.00752	0.01128	0.00470	0.00470
26	0.01097	0.00793	0.01036	0.00975	0.01158	0.00732	0.00732	0.01463	0.02195	0.03109	0.67505	0.05792	0.07316	0.01585	0.00914	0.00244	0.00366	0.01402	0.00854	0.00732
27	0.00945	0.00675	0.00900	0.01080	0.01125	0.00630	0.00720	0.01080	0.01484	0.01979	0.04274	0.72245	0.05128	0.02429	0.00990	0.00315	0.00450	0.02204	0.00720	0.00630
28	0.01109	0.00827	0.01228	0.01228	0.01360	0.00959	0.00947	0.01373	0.01241	0.01787	0.02093	0.03137	0.01978	0.08805	0.66742	0.01224	0.02018	0.00844	0.00418	0.00682
29	0.01608	0.01378	0.01608	0.01148	0.01837	0.01034	0.00919	0.01952	0.01608	0.02527	0.01378	0.01608	0.01148	0.00574	0.00574	0.00115	0.00574	0.00459	0.00459	0.77491
30	0.03479	0.01320	0.01799	0.01380	0.01979	0.01140	0.01140	0.03779	0.02219	0.68451	0.03059	0.02639	0.01919	0.00960	0.00780	0.00240	0.00660	0.00780	0.00960	0.01320
31	0.02947	0.02172	0.02327	0.01784	0.02404	0.02404	0.01474	0.65329	0.03646	0.04887	0.01862	0.01862	0.01319	0.00931	0.00776	0.00233	0.00853	0.00698	0.00776	0.01319
32	0.01830	0.02092	0.04575	0.03268	0.04052	0.01961	0.65098	0.02484	0.01830	0.02484	0.01569	0.02092	0.01176	0.00654	0.00915	0.00261	0.01307	0.00915	0.00392	0.01046
33	0.02896	0.03695	0.02197	0.01998	0.02397	0.69638	0.01498	0.03096	0.02197	0.01898	0.01199	0.01398	0.00999	0.00799	0.00699	0.00200	0.01398	0.00499	0.00400	0.00899
34	0.78228	0.01499	0.01140	0.01020	0.01499	0.01739	0.00840	0.02279	0.01320	0.03479	0.01080	0.01260	0.00840	0.00720	0.00480	0.00240	0.00600	0.00420	0.00480	0.00840
35	0.00916	0.00785	0.00785	0.00785	0.01047	0.00655	0.00589	0.01113	0.01767	0.02095	0.07855	0.07462	0.67599	0.01964	0.00916	0.00262	0.00393	0.01636	0.00720	0.00655
36	0.03479	0.01320	0.01799	0.01380	0.01979	0.01140	0.01140	0.03779	0.02219	0.68451	0.03059	0.02639	0.01919	0.00960	0.00780	0.00240	0.00660	0.00780	0.00960	0.01320
37	0.01464	0.01378	0.02326	0.70887	0.05340	0.01723	0.02153	0.01981	0.01550	0.01981	0.01378	0.02067	0.01034	0.00775	0.00775	0.00258	0.01034	0.00689	0.00345	0.00861
38	0.00945	0.00675	0.00900	0.01080	0.01125	0.00630	0.00720	0.01080	0.01484	0.01979	0.04274	0.72245	0.05128	0.02429	0.00990	0.00315	0.00450	0.02204	0.00720	0.00630
39	0.01555	0.04011	0.68733	0.02210	0.03356	0.01801	0.02865	0.02455	0.01637	0.02455	0.01391	0.01637	0.00982	0.00737	0.00737	0.00246	0.01146	0.00573	0.00327	0.01146
40	0.01128	0.00752	0.00846	0.00846	0.00846	0.00752	0.00470	0.01128	0.01128	0.01503	0.02443	0.05074	0.02819	0.72751	0.03946	0.00752	0.00752	0.01128	0.00470	0.00470
41	0.01119	0.00786	0.01017	0.01017	0.01077	0.00845	0.00684	0.01238	0.01178	0.01630	0.02286	0.04205	0.02442	0.44071	0.32110	0.00964	0.01319	0.01000	0.00446	0.00565
42	0.02050	0.70122	0.06955	0.01366	0.02051	0.03011	0.01395	0.02328	0.01578	0.01852	0.01092	0.01261	0.00994	0.00667	0.00508	0.00169	0.00843	0.00422	0.00331	0.01002
43	0.02282	0.01468	0.01607	0.01314	0.01734	0.01571	0.01060	0.32364	0.02641	0.08535	0.04739	0.02499	0.01866	0.01184	0.04027	0.00264	0.00702	0.00747	0.28348	0.01050
44	0.17349	0.01789	0.01824	0.01425	0.01999	0.05108	0.01160	0.22803	0.02250	0.06205	0.01521	0.01659	0.01162	0.00785	0.00732	0.00198	0.04168	0.00556	0.00579	0.26726
45	0.39287	0.02010	0.01716	0.01427	0.01950	0.10719	0.01158	0.24403	0.02279	0.06364	0.01446	0.01542	0.01070	0.00813	0.00623	0.00232	0.00794	0.00541	0.00592	0.01033
46	0.47630	0.01606	0.01508	0.01255	0.01769	0.01786	0.01033	0.17245	0.01979	0.12133	0.01561	0.01655	0.01138	0.01016	0.03511	0.00281	0.00729	0.00549	0.00609	0.01008
47	0.50244	0.01748	0.01536	0.01282	0.01803	0.04707	0.01051	0.18401	0.02015	0.08773	0.01435	0.01524	0.01051	0.00795	0.00587	0.00236	0.00702	0.00521	0.00588	0.01000

[dist]
# distance from previous block
# <min> <max>
2	13

[block]
# block no. 1 follows, 25 sequences, length 71
# corresponding to MSA columns:
# 62-132
name=unknown_B
#
# <colnr> <probs for GDERKNQSTAVLIFYWHMCP>
#	G	D	E	R	K	N	Q	S	T	A	V	L	I	F	Y	W	H	M	C	P
0	0.01615	0.05358	0.33847	0.01682	0.02557	0.01506	0.01876	0.04322	0.01684	0.02521	0.01523	0.04865	0.01252	0.00753	0.00675	0.00193	0.00861	0.00600	0.00414	0.31895
1	0.02401	0.02431	0.02714	0.03382	0.36266	0.21070	0.01949	0.15242	0.02265	0.02827	0.01466	0.01761	0.01182	0.00770	0.00750	0.00222	0.01042	0.00638	0.00467	0.01154
2	0.02009	0.01706	0.01799	0.01594	0.02047	0.01966	0.01247	0.08981	0.61520	0.03374	0.03053	0.02811	0.02284	0.01042	0.00788	0.00261	0.00633	0.00862	0.00788	0.01235
3	0.01684	0.01602	0.02722	0.38943	0.35568	0.01780	0.02263	0.02174	0.01654	0.02248	0.01417	0.01996	0.01128	0.00734	0.00772	0.00245	0.00979	0.00690	0.00364	0.01039
4	0.01919	0.01842	0.03147	0.04759	0.67914	0.01842	0.02380	0.02380	0.01765	0.02533	0.01458	0.01919	0.01228	0.00691	0.00768	0.00230	0.00921	0.00691	0.00384	0.01228
5	0.00974	0.00696	0.00934	0.01113	0.01171	0.00655	0.00771	0.01131	0.01514	0.02012	0.04257	0.66083	0.05064	0.02401	0.00998	0.00319	0.00475	0.08074	0.00719	0.00638
6	0.02073	0.73217	0.04063	0.01327	0.01990	0.03068	0.01327	0.02322	0.01575	0.01824	0.01078	0.01244	0.00995	0.00663	0.00498	0.00166	0.00829	0.00415	0.00332	0.00995
7	0.01919	0.01842	0.03147	0.04759	0.67914	0.01842	0.02380	0.02380	0.01765	0.02533	0.01458	0.01919	0.01228	0.00691	0.00768	0.00230	0.00921	0.00691	0.00384	0.01228
8	0.01919	0.01842	0.03147	0.04759	0.67914	0.01842	0.02380	0.02380	0.01765	0.02533	0.01458	0.01919	0.01228	0.00691	0.00768	0.00230	0.00921	0.00691	0.00384	0.01228
9	0.00927	0.00786	0.00801	0.00797	0.01054	0.00659	0.00598	0.01134	0.01793	0.02156	0.11436	0.07362	0.63980	0.01941	0.00916	0.00261	0.00391	0.01622	0.00728	0.00659
10	0.00916	0.00785	0.00785	0.00785	0.01047	0.00655	0.00589	0.01113	0.01767	0.02095	0.07855	0.07462	0.67599	0.01964	0.00916	0.00262	0.00393	0.01636	0.00720	0.00655
11	0.01464	0.01378	0.02326	0.70887	0.05340	0.01723	0.02153	0.01981	0.01550	0.01981	0.01378	0.02067	0.01034	0.00775	0.00775	0.00258	0.01034	0.00689	0.00345	0.00861
12	0.00945	0.00675	0.00900	0.01080	0.01125	0.00630	0.00720	0.01080	0.01484	0.01979	0.04274	0.72245	0.05128	0.02429	0.00990	0.00315	0.00450	0.02204	0.00720	0.00630
13	0.02999	0.02089	0.02276	0.01745	0.02363	0.02281	0.01441	0.59342	0.03507	0.11069	0.01978	0.01937	0.01377	0.00934	0.00776	0.00233	0.00834	0.00706	0.00794	0.01319
14	0.01586	0.08166	0.64850	0.02157	0.03274	0.01877	0.02772	0.02447	0.01633	0.02418	0.01373	0.01613	0.00983	0.00732	0.00722	0.00241	0.01127	0.00563	0.00328	0.01137
15	0.01445	0.00723	0.00723	0.00723	0.00903	0.00723	0.00542	0.01807	0.01626	0.02891	0.02529	0.02891	0.01987	0.00903	0.00542	0.00181	0.00361	0.00723	0.77055	0.00723
16	0.00916	0.00785	0.00785	0.00785	0.01047	0.00655	0.00589	0.01113	0.01767	0.02095	0.07855	0.07462	0.67599	0.01964	0.00916	0.00262	0.00393	0.01636	0.00720	0.00655
17	0.02947	0.02172	0.02327	0.01784	0.02404	0.02404	0.01474	0.65329	0.03646	0.04887	0.01862	0.01862	0.01319	0.00931	0.00776	0.00233	0.00853	0.00698	0.00776	0.01319
18	0.00916	0.00785	0.00785	0.00785	0.01047	0.00655	0.00589	0.01113	0.01767	0.02095	0.07855	0.07462	0.67599	0.01964	0.00916	0.00262	0.00393	0.01636	0.00720	0.00655
19	0.00965	0.00675	0.00905	0.01076	0.01119	0.00632	0.00717	0.01076	0.01461	0.01948	0.04127	0.68753	0.04939	0.02442	0.01092	0.04168	0.00461	0.02128	0.00701	0.00615
20	0.01608	0.01378	0.01608	0.01148	0.01837	0.01034	0.00919	0.01952	0.01608	0.02527	0.01378	0.01608	0.01148	0.00574	0.00574	0.00115	0.00574	0.00459	0.00459	0.77491
21	0.03455	0.01358	0.01823	0.01398	0.01998	0.01196	0.01155	0.06526	0.02283	0.65613	0.03005	0.02604	0.01893	0.00958	0.00780	0.00240	0.00668	0.00776	0.00951	0.01319
22	0.01011	0.00723	0.00954	0.01056	0.01146	0.00676	0.00738	0.01220	0.01699	0.02317	0.23196	0.47073	0.05674	0.04648	0.01075	0.00311	0.00447	0.04626	0.00751	0.00658
23	0.01929	0.01666	0.01753	0.01578	0.02016	0.01929	0.01227	0.04120	0.66513	0.03243	0.03156	0.02893	0.02367	0.01052	0.00789	0.00263	0.00614	0.00877	0.00789	0.01227
24	0.01555	0.04011	0.68733	0.02210	0.03356	0.01801	0.02865	0.02455	0.01637	0.02455	0.01391	0.01637	0.00982	0.00737	0.00737	0.00246	0.01146	0.00573	0.00327	0.01146
25	0.02754	0.02183	0.02036	0.01692	0.02211	0.16120	0.01345	0.23143	0.20695	0.16164	0.02318	0.02205	0.01662	0.00943	0.00764	0.00236	0.00863	0.00722	0.00736	0.01205
26	0.01445	0.00723	0.00723	0.00723	0.00903	0.00723	0.00542	0.01807	0.01626	0.02891	0.02529	0.02891	0.01987	0.00903	0.00542	0.00181	0.00361	0.00723	0.77055	0.00723
27	0.01608	0.01378	0.01608	0.01148	0.01837	0.01034	0.00919	0.01952	0.01608	0.02527	0.01378	0.01608	0.01148	0.00574	0.00574	0.00115	0.00574	0.00459	0.00459	0.77491
28	0.01919	0.01842	0.03147	0.04759	0.67914	0.01842	0.02380	0.02380	0.01765	0.02533	0.01458	0.01919	0.01228	0.00691	0.00768	0.00230	0.00921	0.00691	0.00384	0.01228
29	0.01808	0.37763	0.37193	0.01779	0.02690	0.02419	0.02115	0.02390	0.01607	0.02148	0.01239	0.01445	0.00988	0.00701	0.00620	0.00207	0.00991	0.00496	0.00329	0.01072
30	0.02842	0.03581	0.02172	0.01974	0.02376	0.65819	0.01483	0.03154	0.05824	0.01974	0.01309	0.01483	0.01076	0.00813	0.00704	0.00203	0.01354	0.00521	0.00421	0.00917
31	0.01249	0.00892	0.01249	0.01428	0.01606	0.00892	0.01249	0.01606	0.01785	0.02320	0.04105	0.08746	0.04462	0.02142	0.01071	0.00357	0.00714	0.62695	0.00714	0.00714
32	0.03217	0.01555	0.01932	0.01503	0.02089	0.01507	0.01245	0.22096	0.02626	0.46390	0.02749	0.02687	0.01857	0.01005	0.00792	0.00243	0.00720	0.03603	0.00893	0.01291
33	0.03479	0.01320	0.01799	0.01380	0.01979	0.01140	0.01140	0.03779	0.02219	0.68451	0.03059	0.02639	0.01919	0.00960	0.00780	0.00240	0.00660	0.00780	0.00960	0.01320
34	0.01117	0.00753	0.00843	0.00843	0.00856	0.00747	0.00476	0.01127	0.01159	0.01533	0.02713	0.05193	0.06054	0.69216	0.03795	0.00727	0.00734	0.01153	0.00482	0.00479
35	0.01445	0.00723	0.00723	0.00723	0.00903	0.00723	0.00542	0.01807	0.01626	0.02891	0.02529	0.02891	0.01987	0.00903	0.00542	0.00181	0.00361	0.00723	0.77055	0.00723
36	0.01097	0.00793	0.01036	0.00975	0.01158	0.00732	0.00732	0.01463	0.02195	0.03109	0.67505	0.05792	0.07316	0.01585	0.00914	0.00244	0.00366	0.01402	0.00854	0.00732
37	0.01555	0.04011	0.68733	0.02210	0.03356	0.01801	0.02865	0.02455	0.01637	0.02455	0.01391	0.01637	0.00982	0.00737	0.00737	0.00246	0.01146	0.00573	0.00327	0.01146
38	0.01929	0.01666	0.01753	0.01578	0.02016	0.01929	0.01227	0.04120	0.66513	0.03243	0.03156	0.02893	0.02367	0.01052	0.00789	0.00263	0.00614	0.00877	0.00789	0.01227
39	0.02798	0.03550	0.02127	0.01937	0.02330	0.66193	0.01453	0.02997	0.02176	0.01907	0.01531	0.01701	0.04324	0.00857	0.00710	0.00203	0.01348	0.00556	0.00416	0.00887
40	0.02018	0.65859	0.10939	0.01421	0.02135	0.02933	0.01490	0.02336	0.01582	0.01891	0.01111	0.01286	0.00994	0.00671	0.00523	0.00174	0.00863	0.00431	0.00331	0.01011
41	0.01919	0.01842	0.03147	0.04759	0.67914	0.01842	0.02380	0.02380	0.01765	0.02533	0.01458	0.01919	0.01228	0.00691	0.00768	0.00230	0.00921	0.00691	0.00384	0.01228
42	0.01776	0.01497	0.01636	0.01534	0.01913	0.01703	0.01213	0.03578	0.53028	0.03039	0.03360	0.06424	0.02827	0.01289	0.00845	0.00281	0.00625	0.11542	0.00774	0.01117
43	0.01618	0.01575	0.02200	0.01906	0.01917	0.02173	0.01570	0.01787	0.01189	0.01840	0.01181	0.01993	0.01192	0.05734	0.07898	0.00434	0.61911	0.00716	0.00353	0.00815
44	0.01105	0.00803	0.01048	0.01015	0.01201	0.00745	0.00781	0.01462	0.02130	0.02976	0.57846	0.06189	0.09860	0.01663	0.00931	0.00257	0.00405	0.08023	0.00832	0.00726
45	0.01117	0.00747	0.00849	0.00860	0.00862	0.00744	0.00485	0.01125	0.01149	0.01532	0.02553	0.09107	0.02958	0.68529	0.03769	0.00725	0.00734	0.01192	0.00485	0.00479
46	0.03435	0.01390	0.01843	0.01413	0.02015	0.01244	0.01167	0.08879	0.02337	0.63184	0.02960	0.02575	0.01870	0.00957	0.00779	0.00239	0.00676	0.00773	0.00944	0.01319
47	0.03479	0.01320	0.01799	0.01380	0.01979	0.01140	0.01140	0.03779	0.02219	0.68451	0.03059	0.02639	0.01919	0.00960	0.00780	0.00240	0.00660	0.00780	0.00960	0.01320
48	0.01555	0.04011	0.68733	0.02210	0.03356	0.01801	0.02865	0.02455	0.01637	0.02455	0.01391	0.01637	0.00982	0.00737	0.00737	0.00246	0.01146	0.00573	0.00327	0.01146
49	0.01868	0.01805	0.03123	0.11558	0.58704	0.01835	0.05023	0.02343	0.01746	0.02474	0.01455	0.01942	0.01206	0.00698	0.00775	0.00235	0.00949	0.00700	0.00380	0.01182
50	0.02458	0.02685	0.02591	0.02130	0.02588	0.31428	0.12644	0.13786	0.07107	0.02619	0.01538	0.01801	0.01223	0.01044	0.03276	0.00271	0.08647	0.00666	0.00488	0.01011
51	0.01700	0.01223	0.01360	0.01231	0.01566	0.03372	0.00957	0.02578	0.21592	0.11602	0.25480	0.04727	0.14414	0.01396	0.00858	0.00255	0.00530	0.03401	0.00807	0.00952
52	0.02672	0.01556	0.01814	0.01480	0.02002	0.01606	0.01193	0.16024	0.22870	0.29495	0.05270	0.02911	0.05403	0.01054	0.00793	0.00247	0.00661	0.00858	0.00853	0.01237
53	0.02200	0.01986	0.02536	0.03257	0.36127	0.10566	0.01849	0.03055	0.18470	0.09045	0.02016	0.02171	0.01558	0.00824	0.00765	0.00236	0.00879	0.00722	0.00546	0.01194
54	0.01778	0.33772	0.40923	0.01830	0.02768	0.02346	0.02203	0.02398	0.01611	0.02184	0.01257	0.01468	0.00988	0.00705	0.00634	0.00211	0.01010	0.00505	0.00329	0.01081
55	0.01347	0.00673	0.01010	0.01010	0.01010	0.00673	0.00673	0.01010	0.01010	0.01347	0.01347	0.02357	0.01347	0.02694	0.03030	0.77441	0.00673	0.00673	0.00337	0.00337
56	0.01176	0.00844	0.01147	0.01209	0.01390	0.00815	0.00999	0.01537	0.01983	0.02701	0.34732	0.07319	0.05841	0.01873	0.00995	0.00302	0.00546	0.33087	0.00781	0.00722
57	0.01883	0.35114	0.34947	0.01798	0.02674	0.07163	0.02076	0.02441	0.01649	0.02132	0.01237	0.01443	0.00989	0.00708	0.00626	0.00206	0.01021	0.00497	0.00334	0.01061
58	0.01889	0.01720	0.02393	0.03087	0.33816	0.01843	0.01762	0.03175	0.32991	0.02860	0.02499	0.02581	0.04079	0.00909	0.00783	0.00247	0.00755	0.00813	0.00591	0.01208
59	0.01249	0.00892	0.01249	0.01428	0.01606	0.00892	0.01249	0.01606	0.01785	0.02320	0.04105	0.08746	0.04462	0.02142	0.01071	0.00357	0.00714	0.62695	0.00714	0.00714
60	0.01445	0.00723	0.00723	0.00723	0.00903	0.00723	0.00542	0.01807	0.01626	0.02891	0.02529	0.02891	0.01987	0.00903	0.00542	0.00181	0.00361	0.00723	0.77055	0.00723
61	0.01804	0.37316	0.37611	0.01785	0.02699	0.02411	0.02125	0.02391	0.01607	0.02152	0.01241	0.01448	0.00988	0.00701	0.00622	0.00207	0.00993	0.00497	0.00329	0.01073
62	0.00918	0.00780	0.00791	0.00800	0.01051	0.00653	0.00596	0.01111	0.01753	0.02089	0.07676	0.10698	0.64479	0.01987	0.00920	0.00264	0.00396	0.01665	0.00720	0.00653
63	0.03391	0.01339	0.01797	0.01391	0.01981	0.01184	0.01145	0.03798	0.05845	0.64774	0.03064	0.02653	0.01945	0.00965	0.00780	0.00241	0.00657	0.00785	0.00950	0.01314
64	0.01128	0.00752	0.00846	0.00846	0.00846	0.00752	0.00470	0.01128	0.01128	0.01503	0.02443	0.05074	0.02819	0.72751	0.03946	0.00752	0.00752	0.01128	0.00470	0.00470
65	0.09832	0.02019	0.04153	0.03098	0.06578	0.01932	0.55628	0.02458	0.01774	0.02590	0.01513	0.01997	0.01143	0.00662	0.00863	0.00258	0.01216	0.00853	0.00401	0.01032
66	0.68348	0.01512	0.01350	0.04419	0.01795	0.01717	0.03420	0.02259	0.01363	0.03328	0.01126	0.01345	0.00875	0.00714	0.00515	0.00236	0.00647	0.00454	0.00469	0.04109
67	0.66883	0.01583	0.01328	0.01158	0.01629	0.04811	0.03596	0.02276	0.01434	0.03342	0.05094	0.01573	0.01250	0.00773	0.00535	0.00239	0.00653	0.00504	0.00495	0.00845
68	0.16437	0.01928	0.01987	0.01585	0.02123	0.04475	0.03332	0.39412	0.07068	0.04144	0.01835	0.01909	0.01349	0.00884	0.00702	0.00231	0.00778	0.00661	0.08014	0.01144
69	0.63526	0.01542	0.01304	0.03641	0.01721	0.01775	0.00949	0.09608	0.01612	0.03565	0.01241	0.01426	0.00949	0.00754	0.00528	0.00237	0.00635	0.00474	0.03621	0.00892
70	0.11085	0.02015	0.02120	0.01674	0.02250	0.02239	0.01382	0.52581	0.06279	0.04536	0.01940	0.02161	0.01460	0.00969	0.00757	0.00241	0.00808	0.03527	0.00741	0.01234

[dist]
# distance from previous block
# <min> <max>
3	13

[block]
# block no. 2 follows, 25 sequences, length 76
# corresponding to MSA columns:
# 146-221
name=unknown_C
#
# <colnr> <probs for GDERKNQSTAVLIFYWHMCP>
#	G	D	E	R	K	N	Q	S	T	A	V	L	I	F	Y	W	H	M	C	P
0	0.12362	0.01647	0.02474	0.01923	0.05551	0.01491	0.18719	0.05091	0.01752	0.05249	0.01479	0.01759	0.01154	0.00652	0.00681	0.00188	0.00812	0.00613	0.00473	0.35928
1	0.01784	0.01807	0.03360	0.02784	0.10271	0.01786	0.35428	0.05678	0.08178	0.02601	0.02030	0.10776	0.01787	0.00958	0.00947	0.00261	0.04102	0.01007	0.00491	0.03967
2	0.01967	0.50625	0.22020	0.01605	0.02390	0.05856	0.01764	0.02396	0.01622	0.02004	0.01171	0.01361	0.00992	0.00690	0.00574	0.00190	0.00944	0.00463	0.00334	0.01033
3	0.00958	0.00695	0.00908	0.01073	0.01143	0.00645	0.00736	0.01109	0.01523	0.02006	0.04565	0.63592	0.10326	0.02376	0.00988	0.00313	0.00458	0.05231	0.00719	0.00636
4	0.01845	0.02051	0.04343	0.03511	0.14439	0.01942	0.54897	0.02467	0.01820	0.02492	0.01551	0.02063	0.01185	0.00660	0.00891	0.00256	0.01244	0.00879	0.00391	0.01075
5	0.01249	0.00892	0.01249	0.01428	0.01606	0.00892	0.01249	0.01606	0.01785	0.02320	0.04105	0.08746	0.04462	0.02142	0.01071	0.00357	0.00714	0.62695	0.00714	0.00714
6	0.03192	0.01780	0.02085	0.01598	0.02209	0.01823	0.01320	0.37046	0.02990	0.34095	0.02412	0.02219	0.01595	0.00944	0.00778	0.00236	0.00764	0.00736	0.00860	0.01319
7	0.01607	0.10904	0.62292	0.02122	0.03220	0.01927	0.02712	0.02442	0.01631	0.02393	0.01360	0.01598	0.00983	0.00729	0.00713	0.00238	0.01114	0.00557	0.00328	0.01131
8	0.02896	0.03695	0.02197	0.01998	0.02397	0.69638	0.01498	0.03096	0.02197	0.01898	0.01199	0.01398	0.00999	0.00799	0.00699	0.00200	0.01398	0.00499	0.00400	0.00899
9	0.00957	0.00684	0.00914	0.01094	0.01145	0.00641	0.00742	0.01102	0.01497	0.01994	0.04266	0.69573	0.05100	0.02417	0.00993	0.00317	0.00461	0.04749	0.00720	0.00633
10	0.00916	0.00785	0.00785	0.00785	0.01047	0.00655	0.00589	0.01113	0.01767	0.02095	0.07855	0.07462	0.67599	0.01964	0.00916	0.00262	0.00393	0.01636	0.00720	0.00655
11	0.01108	0.00831	0.01246	0.01246	0.01385	0.00969	0.00969	0.01385	0.01246	0.01800	0.02077	0.03046	0.01938	0.05815	0.69678	0.01246	0.02077	0.00831	0.00415	0.00692
12	0.01210	0.00886	0.01258	0.01233	0.01390	0.01017	0.00954	0.04410	0.01371	0.01981	0.02101	0.03065	0.01947	0.08056	0.60764	0.01132	0.01891	0.00832	0.03786	0.00714
13	0.02947	0.02172	0.02327	0.01784	0.02404	0.02404	0.01474	0.65329	0.03646	0.04887	0.01862	0.01862	0.01319	0.00931	0.00776	0.00233	0.00853	0.00698	0.00776	0.01319
14	0.01464	0.01378	0.02326	0.70887	0.05340	0.01723	0.02153	0.01981	0.01550	0.01981	0.01378	0.02067	0.01034	0.00775	0.00775	0.00258	0.01034	0.00689	0.00345	0.00861
15	0.01555	0.04011	0.68733	0.02210	0.03356	0.01801	0.02865	0.02455	0.01637	0.02455	0.01391	0.01637	0.00982	0.00737	0.00737	0.00246	0.01146	0.00573	0.00327	0.01146
16	0.01580	0.03840	0.63034	0.02304	0.03418	0.01815	0.08393	0.02458	0.01654	0.02458	0.01407	0.01677	0.00999	0.00729	0.00752	0.00247	0.01160	0.00603	0.00333	0.01137
17	0.01191	0.00813	0.01066	0.00991	0.01191	0.00748	0.00748	0.01554	0.02196	0.05682	0.64968	0.05668	0.07104	0.01561	0.00909	0.00244	0.00377	0.01378	0.00858	0.00755
18	0.02898	0.03635	0.02202	0.01989	0.02397	0.66989	0.01497	0.05548	0.02254	0.02015	0.01225	0.01417	0.01011	0.00804	0.00702	0.00201	0.01377	0.00507	0.00414	0.00915
19	0.01555	0.04011	0.68733	0.02210	0.03356	0.01801	0.02865	0.02455	0.01637	0.02455	0.01391	0.01637	0.00982	0.00737	0.00737	0.00246	0.01146	0.00573	0.00327	0.01146
20	0.01126	0.00756	0.00867	0.00867	0.00875	0.00763	0.00497	0.01141	0.01134	0.01519	0.02423	0.04965	0.02771	0.69139	0.07493	0.00778	0.00823	0.01112	0.00467	0.00482
21	0.01329	0.00673	0.01005	0.01013	0.01015	0.00671	0.00675	0.01013	0.01031	0.01375	0.01477	0.05457	0.01515	0.02682	0.02940	0.74020	0.00663	0.00741	0.00354	0.00350
22	0.01097	0.00793	0.01036	0.00975	0.01158	0.00732	0.00732	0.01463	0.02195	0.03109	0.67505	0.05792	0.07316	0.01585	0.00914	0.00244	0.00366	0.01402	0.00854	0.00732
23	0.02522	0.01993	0.02056	0.01679	0.02209	0.04684	0.01352	0.38542	0.26289	0.04108	0.02330	0.02255	0.01710	0.00969	0.00769	0.00241	0.00769	0.00756	0.03519	0.01248
24	0.01098	0.00836	0.01014	0.00962	0.01177	0.00776	0.00724	0.01518	0.05436	0.02876	0.50027	0.06037	0.21343	0.01647	0.00908	0.00249	0.00385	0.01430	0.00819	0.00739
25	0.01830	0.02092	0.04575	0.03268	0.04052	0.01961	0.65098	0.02484	0.01830	0.02484	0.01569	0.02092	0.01176	0.00654	0.00915	0.00261	0.01307	0.00915	0.00392	0.01046
26	0.01489	0.01407	0.02357	0.65899	0.07468	0.01752	0.02144	0.01991	0.01544	0.01997	0.01367	0.02048	0.01040	0.00794	0.00842	0.00260	0.03692	0.00689	0.00346	0.00874
27	0.01975	0.01689	0.01779	0.01587	0.02034	0.01950	0.01239	0.06914	0.63644	0.03318	0.03097	0.02846	0.02319	0.01046	0.00788	0.00262	0.00625	0.00868	0.00788	0.01231
28	0.01623	0.13060	0.60277	0.02094	0.03177	0.01966	0.02664	0.02438	0.01629	0.02373	0.01350	0.01586	0.00984	0.00727	0.00705	0.00235	0.01104	0.00552	0.00328	0.01126
29	0.03479	0.01320	0.01799	0.01380	0.01979	0.01140	0.01140	0.03779	0.02219	0.68451	0.03059	0.02639	0.01919	0.00960	0.00780	0.00240	0.00660	0.00780	0.00960	0.01320
30	0.02972	0.02133	0.02303	0.01766	0.02385	0.02347	0.01458	0.62519	0.03580	0.07788	0.01916	0.01897	0.01346	0.00932	0.00776	0.00233	0.00844	0.00702	0.00784	0.01319
31	0.01625	0.13317	0.60037	0.02091	0.03172	0.01971	0.02658	0.02438	0.01629	0.02371	0.01349	0.01584	0.00984	0.00727	0.00704	0.00235	0.01103	0.00552	0.00328	0.01126
32	0.01464	0.01378	0.02326	0.70887	0.05340	0.01723	0.02153	0.01981	0.01550	0.01981	0.01378	0.02067	0.01034	0.00775	0.00775	0.00258	0.01034	0.00689	0.00345	0.00861
33	0.01445	0.00723	0.00723	0.00723	0.00903	0.00723	0.00542	0.01807	0.01626	0.02891	0.02529	0.02891	0.01987	0.00903	0.00542	0.00181	0.00361	0.00723	0.77055	0.00723
34	0.67657	0.04400	0.01374	0.04224	0.01741	0.01828	0.00953	0.05670	0.01466	0.03421	0.01135	0.01328	0.00881	0.00731	0.00510	0.00237	0.00642	0.00447	0.00484	0.00873
35	0.00958	0.00684	0.00915	0.01095	0.01146	0.00641	0.00743	0.01103	0.01498	0.01994	0.04266	0.69471	0.05099	0.02417	0.00993	0.00317	0.00461	0.04846	0.00719	0.00633
36	0.02307	0.01631	0.02167	0.01732	0.02240	0.01686	0.10252	0.21283	0.14818	0.15094	0.04771	0.11200	0.04905	0.01164	0.00835	0.00255	0.00755	0.01021	0.00750	0.01134
37	0.78228	0.01499	0.01140	0.01020	0.01499	0.01739	0.00840	0.02279	0.01320	0.03479	0.01080	0.01260	0.00840	0.00720	0.00480	0.00240	0.00600	0.00420	0.00480	0.00840
38	0.02769	0.02786	0.02181	0.01849	0.02342	0.32819	0.01447	0.27807	0.12543	0.03282	0.01758	0.01808	0.01333	0.00889	0.00743	0.00222	0.01064	0.00635	0.00607	0.01114
39	0.01108	0.00831	0.01246	0.01246	0.01385	0.00969	0.00969	0.01385	0.01246	0.01800	0.02077	0.03046	0.01938	0.05815	0.69678	0.01246	0.02077	0.00831	0.00415	0.00692
40	0.01338	0.00676	0.00991	0.00998	0.01009	0.00674	0.00668	0.01054	0.01059	0.01449	0.01510	0.04813	0.01511	0.02591	0.02830	0.70746	0.00649	0.00729	0.04337	0.00367
41	0.00945	0.00675	0.00900	0.01080	0.01125	0.00630	0.00720	0.01080	0.01484	0.01979	0.04274	0.72245	0.05128	0.02429	0.00990	0.00315	0.00450	0.02204	0.00720	0.00630
42	0.01881	0.01803	0.03078	0.10346	0.62627	0.01832	0.02360	0.02346	0.01747	0.02486	0.01452	0.01932	0.01212	0.00698	0.00768	0.00233	0.00931	0.00691	0.00380	0.01197
43	0.03479	0.01320	0.01799	0.01380	0.01979	0.01140	0.01140	0.03779	0.02219	0.68451	0.03059	0.02639	0.01919	0.00960	0.00780	0.00240	0.00660	0.00780	0.00960	0.01320
44	0.01868	0.30599	0.38242	0.01852	0.02750	0.08020	0.02158	0.02458	0.01661	0.02166	0.01255	0.01466	0.00989	0.00714	0.00642	0.00211	0.01045	0.00506	0.00335	0.01067
45	0.13608	0.02487	0.02051	0.01852	0.05515	0.26038	0.01397	0.25511	0.02558	0.03316	0.04227	0.02076	0.01511	0.00921	0.00724	0.00228	0.00988	0.03365	0.00580	0.01045
46	0.01971	0.42101	0.26653	0.01703	0.02510	0.09083	0.01885	0.02444	0.01657	0.02054	0.01200	0.01397	0.00991	0.00702	0.00601	0.00197	0.00996	0.00479	0.00337	0.01039
47	0.02143	0.01699	0.01677	0.01409	0.01823	0.09688	0.01114	0.24156	0.05454	0.08215	0.20518	0.03776	0.12540	0.01248	0.00825	0.00238	0.00696	0.01013	0.00757	0.01010
48	0.00945	0.00675	0.00900	0.01080	0.01125	0.00630	0.00720	0.01080	0.01484	0.01979	0.04274	0.72245	0.05128	0.02429	0.00990	0.00315	0.00450	0.02204	0.00720	0.00630
49	0.00942	0.00785	0.00810	0.00805	0.01048	0.00666	0.00596	0.01144	0.01777	0.02158	0.12871	0.07211	0.59462	0.05022	0.01049	0.00282	0.00406	0.01594	0.00721	0.00653
50	0.00944	0.00679	0.00896	0.01069	0.01122	0.00631	0.00715	0.01081	0.01494	0.01983	0.04399	0.69967	0.07325	0.02413	0.00987	0.00313	0.00448	0.02184	0.00720	0.00631
51	0.01902	0.01825	0.03116	0.07230	0.65576	0.01838	0.02371	0.02365	0.01757	0.02512	0.01455	0.01925	0.01221	0.00694	0.00768	0.00231	0.00925	0.00691	0.00382	0.01214
52	0.01747	0.26959	0.43774	0.01883	0.02833	0.02230	0.02269	0.02495	0.04913	0.02285	0.01377	0.01570	0.01057	0.00728	0.00660	0.00220	0.01013	0.00536	0.00352	0.01100
53	0.01792	0.01487	0.01707	0.01236	0.01915	0.01222	0.00995	0.10659	0.01888	0.02851	0.01445	0.01643	0.01172	0.00623	0.00602	0.00131	0.00613	0.00492	0.00503	0.67026
54	0.01972	0.01942	0.03096	0.04610	0.64379	0.05501	0.02332	0.02418	0.01789	0.02499	0.01444	0.01891	0.01216	0.00697	0.00764	0.00229	0.00947	0.00681	0.00385	0.01210
55	0.01952	0.01724	0.01741	0.01570	0.01997	0.05297	0.01227	0.06300	0.55630	0.03159	0.03227	0.03186	0.04906	0.01113	0.00800	0.00262	0.00658	0.03316	0.00763	0.01171
56	0.01970	0.01939	0.03098	0.04616	0.64509	0.05366	0.02334	0.02417	0.01788	0.02500	0.01445	0.01892	0.01216	0.00696	0.00764	0.00229	0.00946	0.00681	0.00385	0.01211
57	0.01759	0.01538	0.02520	0.46293	0.21875	0.01757	0.02131	0.05169	0.01741	0.05645	0.01508	0.02047	0.01144	0.00769	0.00773	0.00249	0.00976	0.00695	0.00407	0.01005
58	0.02615	0.09295	0.02376	0.02005	0.05050	0.45842	0.01518	0.09003	0.02175	0.02235	0.01409	0.01870	0.01228	0.00907	0.00841	0.00220	0.06131	0.03888	0.00443	0.00949
59	0.01060	0.00834	0.01086	0.01094	0.01277	0.00774	0.03051	0.01381	0.04487	0.02363	0.20027	0.31500	0.21544	0.01974	0.00945	0.00282	0.00464	0.04410	0.00742	0.00704
60	0.00975	0.00694	0.00923	0.01095	0.01147	0.00654	0.00747	0.01120	0.01490	0.01983	0.04179	0.64577	0.04975	0.05579	0.01129	0.00338	0.00483	0.06575	0.00708	0.00629
61	0.01190	0.00824	0.01054	0.01008	0.01220	0.00753	0.00778	0.01527	0.02096	0.05743	0.50171	0.06171	0.15464	0.01664	0.00924	0.00257	0.00415	0.07169	0.00826	0.00745
62	0.01347	0.00673	0.01010	0.01010	0.01010	0.00673	0.00673	0.01010	0.01010	0.01347	0.01347	0.02357	0.01347	0.02694	0.03030	0.77441	0.00673	0.00673	0.00337	0.00337
63	0.01608	0.01378	0.01608	0.01148	0.01837	0.01034	0.00919	0.01952	0.01608	0.02527	0.01378	0.01608	0.01148	0.00574	0.00574	0.00115	0.00574	0.00459	0.00459	0.77491
64	0.01108	0.00831	0.01246	0.01246	0.01385	0.00969	0.00969	0.01385	0.01246	0.01800	0.02077	0.03046	0.01938	0.05815	0.69678	0.01246	0.02077	0.00831	0.00415	0.00692
65	0.01919	0.01842	0.03147	0.04759	0.67914	0.01842	0.02380	0.02380	0.01765	0.02533	0.01458	0.01919	0.01228	0.00691	0.00768	0.00230	0.00921	0.00691	0.00384	0.01228
66	0.00945	0.00675	0.00900	0.01080	0.01125	0.00630	0.00720	0.01080	0.01484	0.01979	0.04274	0.72245	0.05128	0.02429	0.00990	0.00315	0.00450	0.02204	0.00720	0.00630
67	0.00945	0.00675	0.00900	0.01080	0.01125	0.00630	0.00720	0.01080	0.01484	0.01979	0.04274	0.72245	0.05128	0.02429	0.00990	0.00315	0.00450	0.02204	0.00720	0.00630
68	0.01464	0.01378	0.02326	0.70887	0.05340	0.01723	0.02153	0.01981	0.01550	0.01981	0.01378	0.02067	0.01034	0.00775	0.00775	0.00258	0.01034	0.00689	0.00345	0.00861
69	0.01464	0.01378	0.02326	0.70887	0.05340	0.01723	0.02153	0.01981	0.01550	0.01981	0.01378	0.02067	0.01034	0.00775	0.00775	0.00258	0.01034	0.00689	0.00345	0.00861
70	0.01108	0.00831	0.01246	0.01246	0.01385	0.00969	0.00969	0.01385	0.01246	0.01800	0.02077	0.03046	0.01938	0.05815	0.69678	0.01246	0.02077	0.00831	0.00415	0.00692
71	0.78228	0.01499	0.01140	0.01020	0.01499	0.01739	0.00840	0.02279	0.01320	0.03479	0.01080	0.01260	0.00840	0.00720	0.00480	0.00240	0.00600	0.00420	0.00480	0.00840
72	0.01464	0.01378	0.02326	0.70887	0.05340	0.01723	0.02153	0.01981	0.01550	0.01981	0.01378	0.02067	0.01034	0.00775	0.00775	0.00258	0.01034	0.00689	0.00345	0.00861
73	0.02073	0.73217	0.04063	0.01327	0.01990	0.03068	0.01327	0.02322	0.01575	0.01824	0.01078	0.01244	0.00995	0.00663	0.00498	0.00166	0.00829	0.00415	0.00332	0.00995
74	0.01573	0.01490	0.02523	0.55015	0.20360	0.01751	0.02208	0.02077	0.01602	0.02114	0.01397	0.02032	0.01080	0.00755	0.00773	0.00252	0.01007	0.00689	0.00354	0.00949
75	0.01092	0.00788	0.01031	0.00979	0.01157	0.00728	0.00731	0.01448	0.02168	0.03066	0.65082	0.08338	0.07232	0.01617	0.00917	0.00247	0.00369	0.01433	0.00848	0.00728

[dist]
# distance from previous block
# <min> <max>
0	13

[block]
# block no. 3 follows, 25 sequences, length 37
# corresponding to MSA columns:
# 235-271
name=unknown_D
#
# <colnr> <probs for GDERKNQSTAVLIFYWHMCP>
#	G	D	E	R	K	N	Q	S	T	A	V	L	I	F	Y	W	H	M	C	P
0	0.05077	0.01384	0.01587	0.01143	0.01822	0.01066	0.00915	0.01967	0.01595	0.02570	0.01365	0.01592	0.01134	0.00581	0.00570	0.00121	0.00575	0.00458	0.00460	0.74020
1	0.78228	0.01499	0.01140	0.01020	0.01499	0.01739	0.00840	0.02279	0.01320	0.03479	0.01080	0.01260	0.00840	0.00720	0.00480	0.00240	0.00600	0.00420	0.00480	0.00840
2	0.02816	0.03461	0.02165	0.01953	0.02365	0.61176	0.01474	0.05664	0.07747	0.02132	0.01392	0.01544	0.01128	0.00826	0.00710	0.00206	0.01310	0.00540	0.00448	0.00944
3	0.01128	0.00752	0.00846	0.00846	0.00846	0.00752	0.00470	0.01128	0.01128	0.01503	0.02443	0.05074	0.02819	0.72751	0.03946	0.00752	0.00752	0.01128	0.00470	0.00470
4	0.01995	0.01806	0.01784	0.01607	0.02042	0.06598	0.01246	0.04049	0.62078	0.03151	0.03021	0.02790	0.02273	0.01034	0.00783	0.00259	0.00668	0.00851	0.00762	0.01205
5	0.01128	0.00752	0.00846	0.00846	0.00846	0.00752	0.00470	0.01128	0.01128	0.01503	0.02443	0.05074	0.02819	0.72751	0.03946	0.00752	0.00752	0.01128	0.00470	0.00470
6	0.01619	0.12533	0.60770	0.02101	0.03188	0.01957	0.02675	0.02439	0.01629	0.02378	0.01353	0.01589	0.00984	0.00728	0.00707	0.00236	0.01107	0.00553	0.00328	0.01127
7	0.01929	0.01666	0.01753	0.01578	0.02016	0.01929	0.01227	0.04120	0.66513	0.03243	0.03156	0.02893	0.02367	0.01052	0.00789	0.00263	0.00614	0.00877	0.00789	0.01227
8	0.01919	0.01842	0.03147	0.04759	0.67914	0.01842	0.02380	0.02380	0.01765	0.02533	0.01458	0.01919	0.01228	0.00691	0.00768	0.00230	0.00921	0.00691	0.00384	0.01228
9	0.01826	0.02056	0.04375	0.03264	0.06933	0.01980	0.58317	0.02441	0.01788	0.02449	0.01530	0.02060	0.01169	0.00698	0.01007	0.00265	0.05522	0.00890	0.00389	0.01042
10	0.78228	0.01499	0.01140	0.01020	0.01499	0.01739	0.00840	0.02279	0.01320	0.03479	0.01080	0.01260	0.00840	0.00720	0.00480	0.00240	0.00600	0.00420	0.00480	0.00840
11	0.02896	0.03695	0.02197	0.01998	0.02397	0.69638	0.01498	0.03096	0.02197	0.01898	0.01199	0.01398	0.00999	0.00799	0.00699	0.00200	0.01398	0.00499	0.00400	0.00899
12	0.01630	0.14074	0.59329	0.02082	0.03157	0.01985	0.02641	0.02436	0.01628	0.02364	0.01346	0.01580	0.00984	0.00726	0.00702	0.00234	0.01100	0.00550	0.00328	0.01124
13	0.00916	0.00785	0.00785	0.00785	0.01047	0.00655	0.00589	0.01113	0.01767	0.02095	0.07855	0.07462	0.67599	0.01964	0.00916	0.00262	0.00393	0.01636	0.00720	0.00655
14	0.01128	0.00752	0.00846	0.00846	0.00846	0.00752	0.00470	0.01128	0.01128	0.01503	0.02443	0.05074	0.02819	0.72751	0.03946	0.00752	0.00752	0.01128	0.00470	0.00470
15	0.06408	0.01490	0.02151	0.01865	0.04033	0.01588	0.13292	0.06035	0.17798	0.05281	0.05556	0.10515	0.05161	0.01292	0.00986	0.00280	0.05873	0.08773	0.00640	0.00982
16	0.00939	0.00728	0.00856	0.00947	0.01093	0.00645	0.00664	0.01112	0.01640	0.02081	0.08736	0.41080	0.32334	0.02188	0.00954	0.00289	0.00421	0.01921	0.00726	0.00645
17	0.01097	0.00793	0.01036	0.00975	0.01158	0.00732	0.00732	0.01463	0.02195	0.03109	0.67505	0.05792	0.07316	0.01585	0.00914	0.00244	0.00366	0.01402	0.00854	0.00732
18	0.01848	0.43190	0.32122	0.01710	0.02583	0.02518	0.01994	0.02380	0.01602	0.02098	0.01214	0.01414	0.00989	0.00695	0.00601	0.00200	0.00967	0.00483	0.00330	0.01060
19	0.01979	0.01997	0.08126	0.02624	0.06776	0.03808	0.35663	0.06514	0.01937	0.08843	0.01983	0.07986	0.01619	0.00877	0.00849	0.00252	0.01057	0.00934	0.05128	0.01048
20	0.03440	0.01381	0.01838	0.01409	0.02010	0.01231	0.01164	0.08242	0.02323	0.63841	0.02972	0.02583	0.01876	0.00958	0.00779	0.00239	0.00674	0.00774	0.00946	0.01319
21	0.00916	0.00785	0.00785	0.00785	0.01047	0.00655	0.00589	0.01113	0.01767	0.02095	0.07855	0.07462	0.67599	0.01964	0.00916	0.00262	0.00393	0.01636	0.00720	0.00655
22	0.01716	0.01850	0.03786	0.25182	0.07251	0.01879	0.42027	0.02317	0.01737	0.02323	0.01502	0.02076	0.01133	0.00695	0.00863	0.00259	0.01202	0.00832	0.00376	0.00994
23	0.02386	0.02682	0.23705	0.01882	0.02640	0.02110	0.01881	0.41428	0.02876	0.03939	0.01844	0.05716	0.01422	0.00952	0.00775	0.00241	0.00925	0.00742	0.00628	0.01224
24	0.01830	0.02092	0.04575	0.03268	0.04052	0.01961	0.65098	0.02484	0.01830	0.02484	0.01569	0.02092	0.01176	0.00654	0.00915	0.00261	0.01307	0.00915	0.00392	0.01046
25	0.01919	0.01842	0.03147	0.04759	0.67914	0.01842	0.02380	0.02380	0.01765	0.02533	0.01458	0.01919	0.01228	0.00691	0.00768	0.00230	0.00921	0.00691	0.00384	0.01228
26	0.03144	0.05275	0.01844	0.01333	0.01892	0.01203	0.01106	0.03448	0.02181	0.57702	0.09883	0.02900	0.02448	0.01010	0.00778	0.00236	0.00638	0.00826	0.00913	0.01238
27	0.01334	0.01290	0.02454	0.02008	0.02353	0.01237	0.27024	0.01681	0.01615	0.02181	0.03050	0.41030	0.03365	0.01665	0.01016	0.00294	0.03402	0.01622	0.00572	0.00808
28	0.03090	0.01481	0.05495	0.01421	0.02013	0.01236	0.01223	0.06000	0.05543	0.53922	0.07820	0.02805	0.02276	0.00998	0.00788	0.00241	0.00670	0.00817	0.00900	0.01260
29	0.01569	0.03912	0.65439	0.02264	0.03392	0.01809	0.06060	0.02457	0.01647	0.02457	0.01401	0.01660	0.00992	0.00732	0.00746	0.00246	0.01154	0.00591	0.00331	0.01141
30	0.01687	0.21668	0.52233	0.01985	0.03007	0.02124	0.02472	0.02421	0.01621	0.02294	0.01311	0.01537	0.00985	0.00718	0.00676	0.00225	0.01065	0.00533	0.00328	0.01107
31	0.01549	0.01457	0.02495	0.48406	0.08678	0.01691	0.09026	0.02045	0.01587	0.02152	0.01468	0.02083	0.01132	0.00784	0.00847	0.00250	0.04176	0.00708	0.05647	0.03822
32	0.01774	0.01832	0.02460	0.04781	0.02304	0.06904	0.05500	0.01996	0.01329	0.01939	0.01093	0.01710	0.01032	0.01219	0.02163	0.00312	0.56424	0.00671	0.00352	0.04204
33	0.01266	0.01181	0.02157	0.01832	0.02113	0.01142	0.21568	0.01570	0.01582	0.02137	0.03246	0.46260	0.03658	0.01805	0.01039	0.00299	0.04059	0.01716	0.00596	0.00774
34	0.08077	0.02095	0.02210	0.01719	0.02319	0.02330	0.01415	0.57280	0.07286	0.04690	0.01886	0.01882	0.01349	0.00924	0.00756	0.00235	0.00821	0.00690	0.00756	0.01280
35	0.14846	0.01158	0.01114	0.03649	0.01421	0.04001	0.00817	0.08262	0.01770	0.03040	0.02082	0.02424	0.01642	0.01204	0.05338	0.00273	0.00639	0.00665	0.44843	0.00813
36	0.01773	0.01519	0.01865	0.01369	0.02007	0.01318	0.03717	0.09054	0.01816	0.02743	0.01415	0.01662	0.01160	0.00671	0.00747	0.00150	0.05516	0.00520	0.00484	0.60494

[dist]
# distance from previous block
# <min> <max>
23	38

[block]
# block no. 4 follows, 25 sequences, length 21
# corresponding to MSA columns:
# 314-334
name=unknown_E
#
# <colnr> <probs for GDERKNQSTAVLIFYWHMCP>
#	G	D	E	R	K	N	Q	S	T	A	V	L	I	F	Y	W	H	M	C	P
0	0.02036	0.68260	0.08695	0.01390	0.02088	0.02977	0.01437	0.02331	0.01580	0.01869	0.01100	0.01272	0.00994	0.00669	0.00515	0.00172	0.00852	0.00426	0.00331	0.01006
1	0.63806	0.01628	0.01367	0.01166	0.01673	0.01867	0.00961	0.14358	0.01765	0.03748	0.01229	0.01375	0.00931	0.00760	0.00537	0.00239	0.00648	0.00473	0.00537	0.00931
2	0.02178	0.64696	0.03855	0.01382	0.02040	0.02988	0.01344	0.09879	0.01824	0.02192	0.01172	0.01318	0.01034	0.00695	0.00531	0.00174	0.00832	0.00449	0.00385	0.01034
3	0.02947	0.02172	0.02327	0.01784	0.02404	0.02404	0.01474	0.65329	0.03646	0.04887	0.01862	0.01862	0.01319	0.00931	0.00776	0.00233	0.00853	0.00698	0.00776	0.01319
4	0.78228	0.01499	0.01140	0.01020	0.01499	0.01739	0.00840	0.02279	0.01320	0.03479	0.01080	0.01260	0.00840	0.00720	0.00480	0.00240	0.00600	0.00420	0.00480	0.00840
