[name]
unknown

[dist]
# distance from previous block
# <min> <max>
0	29

[block]
# block no. 0 follows, 26 sequences, length 8
# corresponding to MSA columns:
# 29-36
name=unknown_A
#
# <colnr> <probs for GDERKNQSTAVLIFYWHMCP>
#	G	D	E	R	K	N	Q	S	T	A	V	L	I	F	Y	W	H	M	C	P
0	0.01222	0.00873	0.01222	0.01397	0.01572	0.00873	0.01222	0.01572	0.01746	0.02270	0.04016	0.08556	0.04365	0.02095	0.01048	0.00349	0.00698	0.63506	0.00698	0.00698
1	0.01790	0.02046	0.04476	0.03197	0.03964	0.01918	0.65857	0.02430	0.01790	0.02430	0.01535	0.02046	0.01151	0.00639	0.00895	0.00256	0.01279	0.00895	0.00384	0.01023
2	0.64768	0.01381	0.01129	0.01001	0.01457	0.01546	0.00819	0.02224	0.01405	0.08353	0.01896	0.01968	0.07930	0.00849	0.00537	0.00237	0.00570	0.00562	0.00530	0.00839
3	0.02761	0.01420	0.01738	0.01406	0.01919	0.01406	0.01136	0.10189	0.18791	0.39861	0.08577	0.02833	0.02386	0.01012	0.00776	0.00240	0.00629	0.00831	0.00868	0.01218
4	0.00953	0.00758	0.00833	0.00835	0.01036	0.00662	0.00605	0.01157	0.01737	0.02192	0.19298	0.12026	0.45025	0.08108	0.01160	0.00298	0.00414	0.01555	0.00710	0.00638
5	0.02624	0.01181	0.01548	0.01278	0.01729	0.01083	0.01019	0.03107	0.08987	0.44932	0.13209	0.10401	0.03067	0.01193	0.00805	0.00245	0.00575	0.01012	0.00881	0.01122
6	0.01432	0.01348	0.02275	0.71520	0.05224	0.01685	0.02107	0.01938	0.01517	0.01938	0.01348	0.02022	0.01011	0.00758	0.00758	0.00253	0.01011	0.00674	0.00337	0.00843
7	0.01123	0.00836	0.01049	0.01046	0.01223	0.00808	0.00788	0.01564	0.07159	0.02675	0.39873	0.15438	0.10243	0.04710	0.01036	0.00284	0.00444	0.08207	0.00772	0.00723

[dist]
# distance from previous block
# <min> <max>
0	2

[block]
# block no. 1 follows, 26 sequences, length 8
# corresponding to MSA columns:
# 39-46
name=unknown_B
#
# <colnr> <probs for GDERKNQSTAVLIFYWHMCP>
#	G	D	E	R	K	N	Q	S	T	A	V	L	I	F	Y	W	H	M	C	P
0	0.01067	0.00776	0.01009	0.00982	0.01157	0.00718	0.00744	0.01403	0.02058	0.02873	0.56851	0.09573	0.10124	0.01655	0.00910	0.00251	0.00388	0.05946	0.00811	0.00705
1	0.01095	0.00789	0.01044	0.01018	0.01197	0.00738	0.00789	0.01452	0.02089	0.02930	0.58916	0.06084	0.06753	0.01630	0.00917	0.00255	0.00407	0.10369	0.00815	0.00713
2	0.03056	0.01257	0.01677	0.01319	0.01852	0.01121	0.01077	0.03474	0.06307	0.57838	0.10007	0.02929	0.02473	0.01010	0.00778	0.00237	0.00612	0.00834	0.00917	0.01223
3	0.03403	0.01291	0.01760	0.01350	0.01936	0.01115	0.01115	0.03697	0.02171	0.69137	0.02992	0.02582	0.01878	0.00939	0.00763	0.00235	0.00645	0.00763	0.00939	0.01291
4	0.03129	0.01286	0.01709	0.01340	0.01888	0.01153	0.01096	0.03580	0.07556	0.59462	0.07159	0.02799	0.02250	0.00985	0.00772	0.00237	0.00623	0.00809	0.00918	0.01247
5	0.00896	0.00768	0.00768	0.00768	0.01025	0.00640	0.00576	0.01089	0.01729	0.02049	0.07684	0.07300	0.68304	0.01921	0.00896	0.00256	0.00384	0.01601	0.00704	0.00640
6	0.00979	0.00691	0.00903	0.01052	0.01101	0.00658	0.00714	0.01111	0.01425	0.01895	0.03887	0.56355	0.04605	0.13387	0.01425	0.00378	0.00510	0.07657	0.00666	0.00599
7	0.02833	0.03615	0.02149	0.01954	0.02345	0.70298	0.01466	0.03029	0.02149	0.01856	0.01172	0.01368	0.00977	0.00782	0.00684	0.00195	0.01368	0.00489	0.00391	0.00879

[dist]
# distance from previous block
# <min> <max>
8	11

[block]
# block no. 2 follows, 26 sequences, length 29
# corresponding to MSA columns:
# 58-86
name=unknown_C
#
# <colnr> <probs for GDERKNQSTAVLIFYWHMCP>
#	G	D	E	R	K	N	Q	S	T	A	V	L	I	F	Y	W	H	M	C	P
0	0.01936	0.01645	0.01745	0.01529	0.01988	0.01860	0.01197	0.08326	0.58149	0.03240	0.02876	0.02671	0.02160	0.00988	0.00756	0.00245	0.00614	0.00817	0.00749	0.06508
1	0.01037	0.05804	0.01095	0.00942	0.01166	0.00822	0.00701	0.01235	0.01651	0.02108	0.11423	0.29330	0.32162	0.01885	0.00875	0.00259	0.00440	0.01630	0.00677	0.04758
2	0.01812	0.01430	0.01740	0.01304	0.01903	0.01234	0.03020	0.10513	0.01858	0.06432	0.01701	0.06782	0.01463	0.00784	0.00695	0.00159	0.02711	0.00640	0.00531	0.53288
3	0.01687	0.08701	0.56319	0.02226	0.07622	0.01818	0.02567	0.02460	0.01637	0.06077	0.01434	0.01647	0.01029	0.00724	0.00708	0.00233	0.01057	0.00568	0.00359	0.01125
4	0.01906	0.02144	0.08067	0.05561	0.03756	0.01957	0.50976	0.10890	0.02005	0.02722	0.01555	0.01988	0.01152	0.00685	0.00861	0.00251	0.01200	0.00838	0.00428	0.01058
5	0.01946	0.62495	0.14561	0.01438	0.02163	0.02801	0.01541	0.02292	0.01551	0.01884	0.01104	0.01279	0.00971	0.00661	0.00525	0.00175	0.00861	0.00431	0.00324	0.00997
6	0.01928	0.28349	0.34304	0.01746	0.02595	0.06859	0.01988	0.02474	0.01658	0.06926	0.01356	0.01518	0.01038	0.00709	0.00633	0.00204	0.00974	0.00511	0.00376	0.03855
7	0.01803	0.22064	0.42508	0.01959	0.02892	0.02058	0.07187	0.02457	0.01639	0.06749	0.01404	0.01601	0.01041	0.00710	0.00675	0.00220	0.01019	0.00559	0.00368	0.01086
8	0.01106	0.00744	0.00950	0.01034	0.01173	0.00678	0.00742	0.01296	0.01636	0.06197	0.11162	0.45518	0.16535	0.02104	0.00941	0.00290	0.00452	0.06034	0.00731	0.00677
9	0.00995	0.00733	0.00945	0.01072	0.01190	0.00683	0.00794	0.01202	0.01617	0.02116	0.09962	0.42820	0.15563	0.02174	0.00967	0.00302	0.00479	0.15027	0.00714	0.00646
10	0.02620	0.01336	0.01653	0.01363	0.01848	0.01316	0.01093	0.03522	0.23295	0.39476	0.11157	0.03047	0.02678	0.01044	0.00782	0.00243	0.00595	0.00869	0.00872	0.01190
11	0.01619	0.01650	0.02258	0.62251	0.04840	0.10827	0.02021	0.02083	0.01601	0.01927	0.01325	0.01935	0.01007	0.00761	0.00748	0.00245	0.01059	0.00649	0.00344	0.00847
12	0.01222	0.00873	0.01222	0.01397	0.01572	0.00873	0.01222	0.01572	0.01746	0.02270	0.04016	0.08556	0.04365	0.02095	0.01048	0.00349	0.00698	0.63506	0.00698	0.00698
13	0.01593	0.01512	0.02566	0.47354	0.28133	0.01727	0.02187	0.02079	0.01593	0.02133	0.01377	0.01970	0.01080	0.00729	0.00756	0.00243	0.00971	0.00675	0.00351	0.00972
14	0.01599	0.13166	0.58337	0.02084	0.03130	0.01932	0.04891	0.02386	0.01600	0.02321	0.01327	0.01566	0.00969	0.00708	0.00696	0.00230	0.01085	0.00552	0.00323	0.01098
15	0.01526	0.01475	0.02063	0.01820	0.01834	0.02012	0.01489	0.01694	0.01204	0.01836	0.01483	0.11226	0.01586	0.01734	0.06433	0.00383	0.58153	0.00872	0.00386	0.00792
16	0.01666	0.03496	0.55934	0.02271	0.03310	0.01749	0.12140	0.02478	0.01661	0.06121	0.01478	0.01722	0.01040	0.00721	0.00749	0.00242	0.01118	0.00622	0.00364	0.01116
17	0.01591	0.03776	0.65251	0.02215	0.05282	0.01743	0.02736	0.02440	0.01623	0.04466	0.01414	0.01640	0.00997	0.00726	0.00723	0.00240	0.01099	0.00570	0.00341	0.01129
18	0.01509	0.01409	0.02291	0.38757	0.17831	0.01670	0.01941	0.01921	0.01523	0.02058	0.01679	0.07401	0.01536	0.01012	0.01020	0.00267	0.10381	0.04509	0.00392	0.00893
19	0.00936	0.00669	0.00894	0.01070	0.01120	0.00627	0.00725	0.01077	0.01464	0.01950	0.04174	0.70210	0.04990	0.02365	0.00971	0.00310	0.00451	0.04674	0.00704	0.00619
20	0.01606	0.02621	0.33380	0.07131	0.05403	0.04038	0.11174	0.02242	0.01705	0.04969	0.04650	0.05560	0.01900	0.01002	0.00810	0.00258	0.01004	0.09107	0.00446	0.00996
21	0.01986	0.01215	0.04339	0.06854	0.06322	0.01085	0.01239	0.02383	0.03878	0.24975	0.13288	0.13588	0.03389	0.01374	0.00853	0.00265	0.00643	0.10620	0.00740	0.00967
22	0.01723	0.12939	0.51911	0.02071	0.03071	0.01898	0.07013	0.02466	0.01642	0.06400	0.01432	0.01642	0.01032	0.00719	0.00705	0.00231	0.01062	0.00576	0.00363	0.01105
23	0.01747	0.01914	0.03966	0.12549	0.10899	0.01887	0.48609	0.02334	0.01728	0.02350	0.01482	0.02013	0.01133	0.00680	0.00909	0.00254	0.03324	0.00835	0.00375	0.01012
24	0.02448	0.01620	0.09284	0.10946	0.05713	0.01366	0.01470	0.08306	0.04098	0.33161	0.06449	0.07524	0.02135	0.01018	0.00780	0.00243	0.00742	0.00857	0.00719	0.01122
25	0.01733	0.01572	0.02542	0.34583	0.21407	0.01745	0.06378	0.10560	0.01860	0.02495	0.01648	0.07029	0.01396	0.00864	0.00781	0.00246	0.00936	0.00797	0.00433	0.00994
26	0.01185	0.00855	0.01066	0.01148	0.01267	0.00847	0.00802	0.09720	0.01734	0.02315	0.03866	0.63384	0.04520	0.02181	0.00940	0.00297	0.00493	0.01960	0.00711	0.00706
27	0.01462	0.06235	0.57710	0.01981	0.02940	0.01658	0.02464	0.02218	0.01579	0.02316	0.01725	0.11079	0.01502	0.00938	0.00744	0.00246	0.01018	0.00767	0.00372	0.01048
28	0.01700	0.01648	0.04051	0.13828	0.16887	0.05078	0.18954	0.02140	0.01741	0.06009	0.06735	0.13522	0.02212	0.01034	0.00832	0.00251	0.00923	0.01013	0.00488	0.00954

[dist]
# distance from previous block
# <min> <max>
8	61

[block]
# block no. 3 follows, 26 sequences, length 33
# corresponding to MSA columns:
# 150-182
name=unknown_D
#
# <colnr> <probs for GDERKNQSTAVLIFYWHMCP>
#	G	D	E	R	K	N	Q	S	T	A	V	L	I	F	Y	W	H	M	C	P
0	0.18319	0.12341	0.02448	0.03307	0.02277	0.02078	0.08832	0.21624	0.05059	0.06192	0.01543	0.01695	0.01169	0.00795	0.00740	0.00222	0.03992	0.00605	0.00549	0.06215
1	0.06109	0.05818	0.05097	0.01409	0.01878	0.01689	0.01186	0.27655	0.06429	0.03466	0.14689	0.08082	0.02702	0.01170	0.00849	0.03512	0.00672	0.00888	0.00670	0.06031
2	0.01508	0.07650	0.47945	0.05119	0.03067	0.01722	0.07787	0.02218	0.01570	0.02264	0.01566	0.05597	0.01289	0.02868	0.04340	0.00303	0.01110	0.00696	0.00355	0.01025
3	0.01818	0.34724	0.23983	0.01875	0.06785	0.02304	0.04338	0.02466	0.07567	0.02205	0.01391	0.01575	0.01120	0.00703	0.00622	0.00201	0.00901	0.00534	0.00375	0.04514
4	0.36017	0.05145	0.06534	0.01377	0.01926	0.05356	0.01209	0.21080	0.02081	0.06425	0.01459	0.01590	0.01091	0.00933	0.02708	0.00256	0.00788	0.00540	0.02481	0.01004
5	0.01198	0.00896	0.01199	0.01159	0.01328	0.00992	0.00884	0.06127	0.01441	0.01986	0.02723	0.03635	0.09764	0.12846	0.49154	0.00975	0.01596	0.00930	0.00474	0.00693
6	0.12077	0.01903	0.02021	0.03334	0.02234	0.02117	0.01341	0.46481	0.09041	0.05820	0.01957	0.02163	0.01470	0.00945	0.00737	0.00237	0.00776	0.03442	0.00715	0.01186
7	0.06841	0.00716	0.00997	0.00989	0.01022	0.00733	0.00670	0.01077	0.01010	0.01466	0.01299	0.02229	0.01282	0.02497	0.02786	0.72386	0.00654	0.00641	0.00339	0.00365
8	0.01271	0.06348	0.01494	0.01259	0.01464	0.01193	0.01006	0.05645	0.01396	0.01960	0.01945	0.02773	0.01788	0.05001	0.60583	0.01075	0.01862	0.00774	0.00423	0.00739
9	0.01039	0.00728	0.00826	0.00855	0.00905	0.00700	0.00520	0.01093	0.01265	0.01644	0.03567	0.16600	0.14035	0.49704	0.02888	0.00585	0.00628	0.01360	0.00541	0.00516
10	0.01322	0.00661	0.00976	0.00976	0.00984	0.00661	0.00653	0.01021	0.01014	0.01382	0.01367	0.02328	0.01344	0.02561	0.02861	0.74638	0.00646	0.00661	0.03601	0.00345
11	0.05901	0.02295	0.10110	0.01757	0.02414	0.02243	0.01569	0.54201	0.04974	0.04399	0.01769	0.01798	0.01259	0.00883	0.00742	0.00230	0.00851	0.00662	0.00695	0.01248
12	0.02398	0.01436	0.01691	0.01424	0.01887	0.01492	0.01143	0.10670	0.26894	0.26002	0.10611	0.03219	0.02708	0.01094	0.00794	0.00248	0.00619	0.03678	0.00832	0.01162
13	0.01007	0.00721	0.00944	0.00994	0.01103	0.00671	0.00697	0.01244	0.01778	0.02459	0.35740	0.36202	0.05960	0.05562	0.01078	0.00295	0.00414	0.01715	0.00756	0.00657
14	0.02435	0.01787	0.01918	0.01514	0.02024	0.01939	0.01235	0.50092	0.03134	0.04222	0.07287	0.02798	0.09630	0.01074	0.00771	0.00229	0.00720	0.00841	0.05212	0.01139
15	0.01035	0.00713	0.00879	0.00968	0.01000	0.00695	0.00621	0.01118	0.01301	0.01730	0.03279	0.34334	0.03846	0.37599	0.02411	0.00523	0.00606	0.06214	0.00582	0.00545
16	0.01018	0.00761	0.00946	0.00926	0.01106	0.00688	0.00684	0.01315	0.01978	0.02703	0.47913	0.13658	0.20062	0.01724	0.00903	0.00250	0.00373	0.01510	0.00792	0.00688
17	0.01076	0.00796	0.00896	0.00857	0.01104	0.00688	0.00648	0.01326	0.01886	0.05638	0.27035	0.06541	0.45288	0.01753	0.00889	0.00249	0.00388	0.01486	0.00758	0.00696
18	0.01082	0.00727	0.00833	0.00854	0.00859	0.00721	0.00488	0.01098	0.01144	0.01525	0.02601	0.12949	0.03023	0.64995	0.03520	0.00685	0.00701	0.01227	0.00488	0.00478
19	0.01093	0.00817	0.01028	0.01055	0.01085	0.00873	0.00706	0.01180	0.01294	0.01757	0.05087	0.30889	0.05379	0.33263	0.02408	0.00494	0.08978	0.01480	0.00557	0.00576
20	0.10908	0.01268	0.01398	0.01254	0.01635	0.01338	0.00991	0.02845	0.25974	0.14567	0.10937	0.03937	0.10434	0.03440	0.00879	0.00270	0.00565	0.05620	0.00750	0.00991
21	0.00908	0.00769	0.00784	0.00781	0.01032	0.00645	0.00585	0.01111	0.01756	0.02114	0.11632	0.07193	0.64316	0.01897	0.00896	0.00255	0.00382	0.01586	0.00713	0.00645
22	0.01563	0.03674	0.61610	0.02455	0.10968	0.01766	0.02747	0.02393	0.01616	0.02411	0.01369	0.01634	0.00989	0.00715	0.00724	0.00238	0.01095	0.00574	0.00327	0.01130
23	0.01116	0.00810	0.01080	0.01157	0.01327	0.00774	0.00941	0.01436	0.01863	0.02503	0.27676	0.13428	0.10217	0.01910	0.00973	0.00298	0.00527	0.30521	0.00749	0.00693
24	0.06956	0.00757	0.00792	0.00804	0.00953	0.00769	0.00574	0.01584	0.01452	0.02498	0.02476	0.11152	0.02269	0.09418	0.01138	0.06066	0.00447	0.00897	0.48351	0.00648
25	0.01439	0.01287	0.02159	0.60269	0.07526	0.01570	0.01946	0.01843	0.01464	0.01889	0.01348	0.02049	0.01056	0.00975	0.01018	0.09389	0.00965	0.00672	0.00338	0.00798
26	0.05003	0.01438	0.02685	0.02085	0.02548	0.01385	0.30606	0.02016	0.01826	0.05173	0.18650	0.08280	0.03276	0.01181	0.00941	0.00266	0.03007	0.08178	0.00577	0.00878
27	0.07099	0.44204	0.09839	0.01533	0.02124	0.15005	0.01473	0.02388	0.01615	0.01967	0.01102	0.01315	0.00964	0.00732	0.00688	0.00193	0.06007	0.00455	0.00346	0.00951
28	0.06690	0.00835	0.01039	0.01090	0.01247	0.00836	0.00792	0.01498	0.04324	0.05611	0.11218	0.38978	0.06732	0.03709	0.09517	0.00408	0.00665	0.03426	0.00676	0.00709
29	0.02305	0.01459	0.01822	0.01763	0.09642	0.03502	0.01242	0.10030	0.09103	0.24483	0.08052	0.04705	0.07729	0.04163	0.01046	0.00266	0.05994	0.00903	0.00719	0.01073
30	0.01850	0.34711	0.14868	0.01809	0.02514	0.02324	0.12407	0.04059	0.01627	0.02161	0.01237	0.01510	0.01028	0.00706	0.00754	0.00200	0.05995	0.00546	0.00360	0.09333
31	0.10217	0.06352	0.01797	0.01384	0.01856	0.01700	0.01129	0.17485	0.18055	0.09451	0.05844	0.05962	0.04145	0.01075	0.00737	0.00236	0.00649	0.04520	0.00693	0.06715
32	0.14647	0.06027	0.42538	0.01905	0.04322	0.01816	0.02152	0.02510	0.06452	0.05192	0.01474	0.01663	0.01083	0.00775	0.00761	0.00241	0.04405	0.00567	0.00405	0.01065

[dist]
# distance from previous block
# <min> <max>
18	27

[block]
# block no. 4 follows, 26 sequences, length 14
# corresponding to MSA columns:
# 210-223
name=unknown_E
#
# <colnr> <probs for GDERKNQSTAVLIFYWHMCP>
#	G	D	E	R	K	N	Q	S	T	A	V	L	I	F	Y	W	H	M	C	P
0	0.02152	0.57905	0.06707	0.01441	0.02081	0.10218	0.01396	0.06815	0.01752	0.02030	0.01135	0.01293	0.00995	0.00685	0.00538	0.00174	0.00888	0.00441	0.00362	0.00992
1	0.01840	0.01749	0.02897	0.10154	0.57640	0.01799	0.02216	0.02435	0.07130	0.02489	0.01557	0.01969	0.01277	0.00712	0.00753	0.00230	0.00886	0.00691	0.00405	0.01171
2	0.38020	0.13547	0.07180	0.01382	0.01893	0.09086	0.02931	0.02358	0.01529	0.06245	0.03748	0.01564	0.01190	0.00791	0.00698	0.00227	0.05742	0.00515	0.00453	0.00902
3	0.01319	0.00884	0.01076	0.01017	0.01258	0.00826	0.00765	0.01756	0.07564	0.09384	0.33482	0.14629	0.19840	0.01640	0.00881	0.00253	0.00425	0.01425	0.00793	0.00785
4	0.00924	0.00660	0.00880	0.01056	0.01100	0.00616	0.00704	0.01056	0.01452	0.01936	0.04181	0.72848	0.05017	0.02376	0.00968	0.00308	0.00440	0.02156	0.00704	0.00616
5	0.08159	0.02069	0.02317	0.25404	0.03366	0.14016	0.06120	0.23927	0.02324	0.03034	0.01468	0.01779	0.01095	0.00802	0.00733	0.00233	0.01000	0.00639	0.00503	0.01012
6	0.08565	0.02951	0.02015	0.07563	0.02419	0.49634	0.01427	0.05030	0.02001	0.02141	0.01262	0.01520	0.01031	0.00811	0.00759	0.00210	0.04759	0.00525	0.04502	0.00875
7	0.01090	0.00730	0.00831	0.00844	0.00847	0.00727	0.00477	0.01100	0.01129	0.01505	0.02521	0.09923	0.02923	0.68158	0.03649	0.00704	0.00714	0.01180	0.00477	0.00471
8	0.01335	0.00732	0.00830	0.00830	0.00997	0.00765	0.00630	0.01668	0.01502	0.02572	0.02368	0.02864	0.01933	0.02035	0.17260	0.00427	0.00756	0.00732	0.59065	0.00700
9	0.01756	0.29939	0.36580	0.02146	0.10880	0.02233	0.02178	0.02344	0.01594	0.02179	0.01254	0.01491	0.00995	0.00688	0.00636	0.00209	0.00977	0.00517	0.00329	0.01075
10	0.01712	0.01587	0.02434	0.29145	0.28011	0.01779	0.01963	0.02606	0.18014	0.02448	0.01812	0.02170	0.01408	0.00795	0.00759	0.00244	0.00868	0.00721	0.00460	0.01066
11	0.04111	0.01389	0.01295	0.09798	0.01806	0.11848	0.00969	0.07791	0.01808	0.02685	0.01971	0.02335	0.01553	0.00937	0.00724	0.04112	0.00659	0.00655	0.42767	0.00788
12	0.01540	0.01231	0.01265	0.01160	0.01425	0.03818	0.00846	0.05296	0.23225	0.04574	0.07163	0.04416	0.16072	0.22656	0.01715	0.00393	0.00625	0.01084	0.00659	0.00836
13	0.01281	0.01117	0.01739	0.08968	0.02025	0.01339	0.05901	0.01550	0.01287	0.01829	0.01890	0.07587	0.01854	0.09491	0.33330	0.00758	0.16027	0.00892	0.00407	0.00728

[dist]
# distance from previous block
# <min> <max>
0	2

[block]
# block no. 5 follows, 26 sequences, length 28
# corresponding to MSA columns:
# 226-253
name=unknown_F
#
# <colnr> <probs for GDERKNQSTAVLIFYWHMCP>
#	G	D	E	R	K	N	Q	S	T	A	V	L	I	F	Y	W	H	M	C	P
0	0.05122	0.01575	0.01750	0.01408	0.01923	0.05176	0.01140	0.17846	0.08164	0.33481	0.05232	0.02909	0.08734	0.01046	0.00767	0.00235	0.00686	0.00834	0.00810	0.01159
1	0.01815	0.01869	0.02297	0.08423	0.02344	0.09976	0.01671	0.04225	0.01391	0.01943	0.01077	0.01666	0.01005	0.01198	0.02063	0.00305	0.54878	0.00646	0.00354	0.00853
2	0.01626	0.12255	0.59350	0.02052	0.03092	0.04203	0.02578	0.02407	0.01613	0.02310	0.01318	0.01548	0.00963	0.00714	0.00691	0.00229	0.01092	0.00540	0.00323	0.01095
3	0.02607	0.02654	0.02039	0.05530	0.02365	0.36322	0.01396	0.17180	0.08478	0.07133	0.02001	0.02062	0.05091	0.00908	0.00730	0.00218	0.01053	0.00659	0.00561	0.01013
4	0.16457	0.01000	0.01223	0.06787	0.01552	0.01090	0.00879	0.07004	0.01346	0.02117	0.01504	0.06730	0.01440	0.01940	0.01975	0.44578	0.00674	0.00714	0.00420	0.00570
5	0.01541	0.01459	0.02471	0.55231	0.20666	0.01714	0.02160	0.02033	0.01568	0.02070	0.01367	0.01987	0.01057	0.00738	0.00757	0.00246	0.00984	0.00675	0.00346	0.00930
6	0.01061	0.00765	0.01007	0.00990	0.01151	0.00710	0.00740	0.01389	0.02035	0.02856	0.56481	0.14729	0.06732	0.01688	0.00912	0.00253	0.00386	0.04603	0.00811	0.00702
7	0.01516	0.01475	0.02621	0.57118	0.10611	0.01725	0.10107	0.02034	0.01569	0.02047	0.01378	0.02013	0.01045	0.00736	0.00775	0.00251	0.01035	0.00702	0.00346	0.00897
8	0.01577	0.11573	0.62250	0.02067	0.03137	0.01897	0.02638	0.02388	0.01595	0.02335	0.01328	0.01559	0.00962	0.00713	0.00695	0.00232	0.01087	0.00544	0.00321	0.01105
9	0.01103	0.00735	0.00827	0.00827	0.00827	0.00735	0.00460	0.01103	0.01103	0.01471	0.02390	0.04964	0.02758	0.73343	0.03861	0.00735	0.00735	0.01103	0.00460	0.00460
10	0.01060	0.00775	0.00995	0.00940	0.01125	0.00710	0.00705	0.01404	0.02114	0.02963	0.63435	0.05795	0.11982	0.01580	0.00895	0.00240	0.00360	0.01390	0.00825	0.00710
11	0.01521	0.03923	0.69413	0.02162	0.03283	0.01762	0.02802	0.02402	0.01601	0.02402	0.01361	0.01601	0.00961	0.00721	0.00721	0.00240	0.01121	0.00560	0.00320	0.01121
12	0.78701	0.01467	0.01115	0.00997	0.01467	0.01702	0.00821	0.02230	0.01291	0.03403	0.01056	0.01232	0.00821	0.00704	0.00469	0.00235	0.00587	0.00411	0.00469	0.00821
13	0.01085	0.00728	0.00833	0.00851	0.00855	0.00723	0.00485	0.01098	0.01139	0.01518	0.02573	0.11890	0.02988	0.66102	0.03566	0.00692	0.00705	0.01211	0.00485	0.00476
14	0.03104	0.01393	0.01777	0.01404	0.01963	0.01314	0.01146	0.06809	0.13967	0.54099	0.02952	0.02589	0.01928	0.00954	0.00764	0.00238	0.00647	0.00776	0.00900	0.01275
15	0.02028	0.73799	0.03975	0.01298	0.01947	0.03001	0.01298	0.02271	0.01541	0.01785	0.01055	0.01217	0.00973	0.00649	0.00487	0.00162	0.00811	0.00406	0.00324	0.00973
16	0.02028	0.73799	0.03975	0.01298	0.01947	0.03001	0.01298	0.02271	0.01541	0.01785	0.01055	0.01217	0.00973	0.00649	0.00487	0.00162	0.00811	0.00406	0.00324	0.00973
17	0.00924	0.00660	0.00880	0.01056	0.01100	0.00616	0.00704	0.01056	0.01452	0.01936	0.04181	0.72848	0.05017	0.02376	0.00968	0.00308	0.00440	0.02156	0.00704	0.00616
18	0.00924	0.00660	0.00880	0.01056	0.01100	0.00616	0.00704	0.01056	0.01452	0.01936	0.04181	0.72848	0.05017	0.02376	0.00968	0.00308	0.00440	0.02156	0.00704	0.00616
19	0.01580	0.08607	0.60477	0.02268	0.07542	0.01850	0.02667	0.02388	0.01606	0.02365	0.01344	0.01593	0.00978	0.00713	0.00706	0.00234	0.01085	0.00557	0.00324	0.01116
20	0.03128	0.01732	0.02033	0.01559	0.02156	0.01770	0.01288	0.36711	0.02909	0.35079	0.02373	0.02179	0.01567	0.00924	0.00761	0.00231	0.00746	0.00721	0.00844	0.01290
21	0.01008	0.00747	0.01012	0.01135	0.01173	0.00767	0.00785	0.01120	0.01404	0.01896	0.03762	0.63170	0.04484	0.02297	0.01199	0.04107	0.06706	0.01953	0.00653	0.00621
22	0.01432	0.01348	0.02275	0.71520	0.05224	0.01685	0.02107	0.01938	0.01517	0.01938	0.01348	0.02022	0.01011	0.00758	0.00758	0.00253	0.01011	0.00674	0.00337	0.00843
23	0.09324	0.01947	0.02040	0.01601	0.02163	0.02152	0.01315	0.52647	0.06691	0.04384	0.02228	0.02203	0.05932	0.00969	0.00744	0.00232	0.00769	0.00732	0.00730	0.01199
24	0.01039	0.00777	0.00960	0.00944	0.01132	0.00708	0.00715	0.01336	0.01955	0.02646	0.43684	0.08257	0.21957	0.04032	0.01006	0.00270	0.00408	0.06713	0.00775	0.00684
25	0.05128	0.00988	0.01029	0.00933	0.01172	0.01066	0.00730	0.10654	0.01826	0.03069	0.02240	0.02554	0.01752	0.00903	0.00665	0.00195	0.04310	0.00688	0.59297	0.00799
26	0.02094	0.58043	0.09448	0.01464	0.02118	0.12141	0.01453	0.02387	0.01630	0.01848	0.01098	0.01271	0.00973	0.00673	0.00534	0.00174	0.00915	0.00431	0.00333	0.00973
27	0.03831	0.01373	0.02107	0.47200	0.08620	0.01626	0.01850	0.05519	0.06030	0.02284	0.01841	0.05648	0.01586	0.00964	0.00784	0.00260	0.00902	0.06239	0.00443	0.00892

[dist]
# distance from previous block
# <min> <max>
6	7

[block]
# block no. 6 follows, 26 sequences, length 38
# corresponding to MSA columns:
# 261-298
name=unknown_G
#
# <colnr> <probs for GDERKNQSTAVLIFYWHMCP>
#	G	D	E	R	K	N	Q	S	T	A	V	L	I	F	Y	W	H	M	C	P
0	0.01963	0.64830	0.12375	0.01409	0.02118	0.02842	0.01491	0.02288	0.01549	0.01864	0.01094	0.01266	0.00972	0.00658	0.00517	0.00172	0.00851	0.00425	0.00324	0.00992
1	0.01180	0.00813	0.00917	0.00859	0.00955	0.00769	0.00520	0.01242	0.01189	0.01671	0.02261	0.04416	0.02505	0.60181	0.03262	0.00626	0.00693	0.00998	0.04522	0.10423
2	0.01123	0.00798	0.00990	0.00946	0.01161	0.00720	0.00724	0.01435	0.02015	0.05201	0.46195	0.06148	0.22767	0.01657	0.00899	0.00250	0.00395	0.05064	0.00797	0.00716
3	0.78701	0.01467	0.01115	0.00997	0.01467	0.01702	0.00821	0.02230	0.01291	0.03403	0.01056	0.01232	0.00821	0.00704	0.00469	0.00235	0.00587	0.00411	0.00469	0.00821
4	0.00983	0.00772	0.00889	0.00859	0.01078	0.00677	0.00645	0.01256	0.01934	0.02535	0.37301	0.06500	0.38383	0.01740	0.00896	0.00248	0.00371	0.01489	0.00768	0.00677
5	0.78701	0.01467	0.01115	0.00997	0.01467	0.01702	0.00821	0.02230	0.01291	0.03403	0.01056	0.01232	0.00821	0.00704	0.00469	0.00235	0.00587	0.00411	0.00469	0.00821
6	0.02883	0.02125	0.02276	0.01745	0.02352	0.02352	0.01442	0.66082	0.03566	0.04780	0.01821	0.01821	0.01290	0.00911	0.00759	0.00228	0.00835	0.00683	0.00759	0.01290
7	0.01203	0.00860	0.01195	0.01339	0.01514	0.00853	0.01156	0.01553	0.01798	0.02370	0.12367	0.08180	0.04728	0.02024	0.01028	0.00335	0.00654	0.55424	0.00716	0.00701
8	0.01100	0.00749	0.00898	0.00898	0.00923	0.00774	0.00548	0.01149	0.01124	0.01523	0.02325	0.04604	0.02602	0.61093	0.15898	0.00823	0.00970	0.01050	0.00450	0.00499
9	0.01521	0.03923	0.69413	0.02162	0.03283	0.01762	0.02802	0.02402	0.01601	0.02402	0.01361	0.01601	0.00961	0.00721	0.00721	0.00240	0.01121	0.00560	0.00320	0.01121
10	0.07205	0.02063	0.02104	0.01664	0.02213	0.05775	0.01355	0.54481	0.03211	0.04347	0.01906	0.06702	0.01505	0.00994	0.00752	0.00232	0.00821	0.00759	0.00719	0.01194
11	0.01318	0.00659	0.00988	0.00988	0.00988	0.00659	0.00659	0.00988	0.00988	0.01318	0.01318	0.02306	0.01318	0.02635	0.02964	0.77931	0.00659	0.00659	0.00329	0.00329
12	0.06472	0.01625	0.02789	0.31434	0.31290	0.01762	0.09395	0.02175	0.01622	0.02311	0.01384	0.01915	0.01095	0.00707	0.00753	0.00241	0.00969	0.00684	0.00367	0.01012
13	0.01331	0.00899	0.01138	0.01027	0.01262	0.00851	0.00786	0.06050	0.02235	0.07021	0.57964	0.05266	0.08251	0.01481	0.00877	0.00238	0.00409	0.01295	0.00832	0.00787
14	0.01868	0.01213	0.01336	0.06229	0.01671	0.01311	0.00935	0.22470	0.02190	0.03302	0.02176	0.02586	0.01719	0.05701	0.00842	0.00236	0.00582	0.00723	0.42022	0.00888
15	0.05912	0.01758	0.02923	0.08492	0.57264	0.01795	0.03993	0.02353	0.03681	0.02513	0.01456	0.01886	0.01202	0.00692	0.00741	0.00229	0.00893	0.00673	0.00390	0.01154
16	0.01596	0.01369	0.01583	0.01154	0.01810	0.01075	0.00921	0.02065	0.06376	0.02523	0.01475	0.01665	0.01211	0.00596	0.00577	0.00123	0.00565	0.00479	0.00473	0.72364
17	0.01120	0.00791	0.01017	0.01075	0.01228	0.00706	0.00751	0.01287	0.01483	0.04206	0.03626	0.53683	0.04200	0.06484	0.01088	0.00307	0.00493	0.04320	0.00661	0.11476
18	0.01499	0.01228	0.01393	0.01361	0.01672	0.01335	0.01097	0.02715	0.34171	0.02728	0.07451	0.05399	0.12180	0.01515	0.00883	0.00285	0.00589	0.20816	0.00743	0.00940
19	0.01414	0.00707	0.00707	0.00707	0.00884	0.00707	0.00530	0.01767	0.01591	0.02828	0.02474	0.02828	0.01944	0.00884	0.00530	0.00177	0.00353	0.00707	0.77554	0.00707
20	0.02028	0.73799	0.03975	0.01298	0.01947	0.03001	0.01298	0.02271	0.01541	0.01785	0.01055	0.01217	0.00973	0.00649	0.00487	0.00162	0.00811	0.00406	0.00324	0.00973
21	0.00932	0.00666	0.00887	0.01051	0.01102	0.00622	0.00705	0.01077	0.01490	0.01997	0.07699	0.69157	0.05134	0.02331	0.00964	0.00304	0.00436	0.02113	0.00711	0.00622
22	0.00943	0.00751	0.00849	0.00891	0.01086	0.00657	0.00659	0.01150	0.01718	0.02154	0.13863	0.21795	0.43207	0.01989	0.00921	0.00271	0.00412	0.05316	0.00719	0.00647
23	0.01061	0.00775	0.00997	0.00941	0.01126	0.00710	0.00706	0.01408	0.02118	0.02973	0.64002	0.05780	0.11409	0.01576	0.00895	0.00240	0.00360	0.01388	0.00826	0.00710
24	0.01695	0.01344	0.01585	0.01138	0.01807	0.01018	0.00913	0.02029	0.01613	0.06904	0.01457	0.01640	0.01174	0.00587	0.00575	0.00120	0.00567	0.00470	0.00482	0.72881
25	0.01067	0.00727	0.00831	0.00856	0.00876	0.00713	0.00500	0.01096	0.01186	0.01568	0.02931	0.14571	0.06674	0.59509	0.03294	0.00649	0.00675	0.01277	0.00507	0.00491
26	0.02836	0.01736	0.01984	0.01565	0.02117	0.01827	0.01276	0.36969	0.09430	0.24363	0.02440	0.06060	0.01780	0.01012	0.00773	0.00237	0.00731	0.00806	0.00813	0.01244
27	0.01658	0.01329	0.01553	0.01171	0.01778	0.01074	0.00926	0.02150	0.07749	0.06018	0.01774	0.06184	0.01517	0.00738	0.00617	0.00145	0.00562	0.00610	0.00521	0.61925
28	0.01695	0.01344	0.01585	0.01138	0.01807	0.01018	0.00913	0.02029	0.01613	0.06904	0.01457	0.01640	0.01174	0.00587	0.00575	0.00120	0.00567	0.00470	0.00482	0.72881
29	0.01781	0.40558	0.22981	0.03744	0.02483	0.02408	0.04172	0.02232	0.01530	0.01996	0.01222	0.01505	0.01029	0.00986	0.04523	0.00258	0.04757	0.00513	0.00331	0.00991
30	0.01687	0.01323	0.01566	0.01138	0.01787	0.01007	0.00909	0.02015	0.01613	0.07332	0.01553	0.03778	0.01295	0.00644	0.00589	0.00127	0.00564	0.00523	0.00493	0.70057
31	0.01211	0.01003	0.01457	0.06011	0.01682	0.01234	0.01114	0.01442	0.01245	0.01786	0.02031	0.10487	0.02051	0.08575	0.39460	0.00837	0.16314	0.00940	0.00423	0.00699
32	0.07013	0.06859	0.02081	0.10460	0.06937	0.01827	0.01363	0.24900	0.02275	0.10034	0.01818	0.02141	0.01405	0.04886	0.03774	0.00294	0.03167	0.00681	0.07044	0.01042
33	0.01095	0.00737	0.00854	0.00860	0.00870	0.00744	0.00499	0.01117	0.01123	0.01506	0.02433	0.07327	0.02787	0.66529	0.07896	0.00750	0.00805	0.01124	0.00465	0.00479
34	0.01760	0.01878	0.03724	0.12695	0.10231	0.01871	0.43540	0.02530	0.09046	0.02449	0.01671	0.02114	0.01266	0.00703	0.00848	0.00253	0.01129	0.00839	0.00420	0.01035
35	0.01113	0.00752	0.00913	0.00909	0.00959	0.00775	0.00580	0.01213	0.01229	0.01716	0.07137	0.04503	0.02863	0.50654	0.16835	0.00767	0.00948	0.01043	0.04555	0.00535
36	0.01889	0.10719	0.08044	0.02526	0.06992	0.09941	0.25320	0.02309	0.01616	0.02127	0.01273	0.01725	0.01058	0.00849	0.01228	0.00255	0.20109	0.00692	0.00359	0.00967
37	0.00947	0.00674	0.00896	0.01065	0.01114	0.00635	0.00721	0.01085	0.01453	0.01935	0.04099	0.66664	0.04890	0.05270	0.01091	0.00328	0.00466	0.05359	0.00694	0.00614

[dist]
# distance from previous block
# <min> <max>
0	5

[block]
# block no. 7 follows, 26 sequences, length 6
# corresponding to MSA columns:
# 304-309
name=unknown_H
#
# <colnr> <probs for GDERKNQSTAVLIFYWHMCP>
#	G	D	E	R	K	N	Q	S	T	A	V	L	I	F	Y	W	H	M	C	P
0	0.05650	0.01955	0.02036	0.09715	0.02503	0.08147	0.01400	0.34729	0.11632	0.08327	0.01960	0.02014	0.01420	0.00890	0.00732	0.00230	0.00827	0.00684	0.04005	0.01145
1	0.07389	0.53460	0.09246	0.01609	0.06308	0.07191	0.01471	0.02334	0.01581	0.02000	0.01113	0.01303	0.00976	0.00669	0.00536	0.00180	0.00865	0.00442	0.00342	0.00984
2	0.01013	0.00780	0.00938	0.00976	0.01172	0.00705	0.00757	0.01274	0.01815	0.02348	0.22852	0.14156	0.32198	0.01905	0.00934	0.00276	0.00446	0.14047	0.00738	0.00670
3	0.01779	0.01373	0.01606	0.01190	0.01829	0.01115	0.00952	0.02306	0.08686	0.08838	0.01690	0.01803	0.01323	0.00648	0.00603	0.00139	0.00574	0.00523	0.00530	0.62493
4	0.01402	0.01167	0.01390	0.01106	0.01614	0.00907	0.00847	0.01685	0.01541	0.02330	0.02095	0.20376	0.02151	0.01040	0.00669	0.00164	0.00530	0.00900	0.00517	0.57570
5	0.02102	0.58583	0.03598	0.01442	0.02002	0.11694	0.01350	0.02332	0.01588	0.01797	0.01065	0.01274	0.00976	0.00723	0.00681	0.00181	0.06890	0.00438	0.00334	0.00949

[dist]
# distance from previous block
# <min> <max>
0	1

[block]
# block no. 8 follows, 26 sequences, length 11
# corresponding to MSA columns:
# 311-321
name=unknown_I
#
# <colnr> <probs for GDERKNQSTAVLIFYWHMCP>
#	G	D	E	R	K	N	Q	S	T	A	V	L	I	F	Y	W	H	M	C	P
0	0.01200	0.00871	0.01264	0.09749	0.01871	0.00903	0.01181	0.01467	0.01596	0.02082	0.03485	0.19309	0.03812	0.02035	0.01169	0.07247	0.00684	0.38785	0.00623	0.00667
1	0.01790	0.02046	0.04476	0.03197	0.03964	0.01918	0.65857	0.02430	0.01790	0.02430	0.01535	0.02046	0.01151	0.00639	0.00895	0.00256	0.01279	0.00895	0.00384	0.01023
2	0.73212	0.01413	0.01086	0.00977	0.01425	0.01631	0.00801	0.02197	0.01312	0.03362	0.01157	0.01346	0.00901	0.00717	0.00474	0.00231	0.00570	0.00432	0.05944	0.00813
3	0.01542	0.00856	0.00897	0.00843	0.01061	0.00888	0.00648	0.08233	0.01767	0.02960	0.02381	0.02735	0.01875	0.01179	0.04802	0.00245	0.00504	0.00711	0.65108	0.00764
4	0.74046	0.01456	0.01155	0.01019	0.01496	0.01665	0.00840	0.02320	0.01345	0.07467	0.01176	0.01316	0.00887	0.00719	0.00488	0.00235	0.00590	0.00432	0.00498	0.00850
5	0.01648	0.01542	0.02445	0.28855	0.18977	0.01713	0.07539	0.02518	0.16693	0.02467	0.06361	0.02425	0.01788	0.00845	0.00781	0.00247	0.00870	0.00784	0.00484	0.01016
6	0.00920	0.00769	0.00800	0.00793	0.01039	0.00650	0.00595	0.01133	0.01784	0.02179	0.15596	0.07086	0.60311	0.01873	0.00896	0.00254	0.00381	0.01571	0.00721	0.00650
7	0.01865	0.01795	0.03067	0.10099	0.47301	0.01834	0.10594	0.04877	0.06274	0.02560	0.01563	0.01976	0.01258	0.00712	0.00772	0.00234	0.00938	0.00717	0.00415	0.01149
8	0.01206	0.00786	0.01037	0.01005	0.01183	0.00722	0.00741	0.01509	0.01995	0.07492	0.49388	0.20336	0.06308	0.01690	0.00902	0.00254	0.00396	0.01502	0.00813	0.00734
9	0.02017	0.04791	0.03923	0.01433	0.01895	0.01698	0.01180	0.14926	0.30737	0.09160	0.11425	0.03240	0.08043	0.01112	0.00780	0.00242	0.00625	0.00914	0.00752	0.01104
10	0.05019	0.01492	0.02453	0.34642	0.25210	0.01660	0.04590	0.02130	0.03741	0.02272	0.01687	0.02610	0.01443	0.00865	0.00778	0.00253	0.00923	0.06861	0.00407	0.00963

[dist]
# distance from previous block
# <min> <max>
2	4

[block]
# block no. 9 follows, 26 sequences, length 24
# corresponding to MSA columns:
# 326-349
name=unknown_J
#
# <colnr> <probs for GDERKNQSTAVLIFYWHMCP>
#	G	D	E	R	K	N	Q	S	T	A	V	L	I	F	Y	W	H	M	C	P
0	0.13311	0.10720	0.31169	0.01696	0.04724	0.04117	0.01798	0.06010	0.01685	0.02680	0.01496	0.01729	0.01140	0.00750	0.00625	0.00217	0.00857	0.00555	0.13729	0.00992
1	0.10445	0.10855	0.24928	0.01549	0.02299	0.01690	0.01635	0.02541	0.09837	0.07492	0.03385	0.01842	0.01380	0.00755	0.00646	0.00206	0.00790	0.00576	0.00480	0.16670
2	0.44798	0.21495	0.02069	0.01182	0.01723	0.02095	0.01038	0.09229	0.01659	0.07072	0.01255	0.01373	0.00978	0.00725	0.00523	0.00214	0.00679	0.00460	0.00489	0.00942
3	0.01414	0.00707	0.00707	0.00707	0.00884	0.00707	0.00530	0.01767	0.01591	0.02828	0.02474	0.02828	0.01944	0.00884	0.00530	0.00177	0.00353	0.00707	0.77554	0.00707
4	0.01102	0.00752	0.00979	0.01060	0.01192	0.00677	0.00735	0.01273	0.01547	0.05362	0.07910	0.57978	0.06701	0.02107	0.00921	0.00284	0.00452	0.01896	0.00705	0.06364
5	0.01553	0.00841	0.00855	0.00805	0.01023	0.00863	0.00616	0.07848	0.01777	0.03012	0.02413	0.02733	0.01882	0.00886	0.00552	0.00182	0.00399	0.00705	0.70293	0.00762
6	0.64172	0.06785	0.01356	0.01037	0.01507	0.01764	0.00868	0.05352	0.01441	0.03313	0.01188	0.01366	0.00930	0.00722	0.00489	0.00225	0.00600	0.00443	0.05591	0.00848
7	0.02599	0.01898	0.02291	0.02239	0.15675	0.02038	0.01536	0.42754	0.05032	0.08894	0.01907	0.01980	0.01387	0.00867	0.00744	0.00226	0.00798	0.00694	0.05204	0.01235
8	0.02752	0.01357	0.01681	0.01373	0.01883	0.01322	0.01106	0.03618	0.22342	0.43693	0.05583	0.02952	0.04745	0.01027	0.00776	0.00243	0.00611	0.00846	0.00874	0.01217
9	0.02556	0.19980	0.02550	0.01746	0.02216	0.43352	0.01399	0.07130	0.08254	0.02158	0.01369	0.01500	0.01123	0.00782	0.00650	0.00196	0.01128	0.00517	0.00436	0.00959
10	0.01053	0.07593	0.01201	0.01107	0.01219	0.00863	0.00802	0.01213	0.01485	0.01949	0.03872	0.60837	0.04581	0.02190	0.00929	0.00298	0.00496	0.06989	0.00668	0.00657
11	0.71452	0.08306	0.01385	0.01026	0.01512	0.01824	0.00866	0.02234	0.01315	0.03250	0.01056	0.01231	0.00836	0.00699	0.00471	0.00228	0.00608	0.00410	0.00456	0.00836
12	0.01595	0.14127	0.59857	0.02036	0.03088	0.01943	0.02583	0.02383	0.01593	0.02312	0.01316	0.01545	0.00963	0.00710	0.00686	0.00229	0.01076	0.00538	0.00321	0.01099
13	0.02028	0.73799	0.03975	0.01298	0.01947	0.03001	0.01298	0.02271	0.01541	0.01785	0.01055	0.01217	0.00973	0.00649	0.00487	0.00162	0.00811	0.00406	0.00324	0.00973
14	0.01170	0.00836	0.01159	0.01315	0.01472	0.00825	0.01111	0.01490	0.01738	0.02286	0.09184	0.17084	0.04678	0.02090	0.01025	0.00335	0.00636	0.50167	0.00710	0.00689
15	0.00920	0.00675	0.00864	0.01016	0.01090	0.00619	0.00686	0.01061	0.01491	0.01952	0.04672	0.63660	0.13888	0.02313	0.00958	0.00301	0.00432	0.02078	0.00704	0.00619
16	0.01414	0.00707	0.00707	0.00707	0.00884	0.00707	0.00530	0.01767	0.01591	0.02828	0.02474	0.02828	0.01944	0.00884	0.00530	0.00177	0.00353	0.00707	0.77554	0.00707
17	0.00924	0.00660	0.00880	0.01056	0.01100	0.00616	0.00704	0.01056	0.01452	0.01936	0.04181	0.72848	0.05017	0.02376	0.00968	0.00308	0.00440	0.02156	0.00704	0.00616
18	0.00932	0.00672	0.00883	0.01037	0.01099	0.00623	0.00699	0.01080	0.01506	0.02006	0.08102	0.65884	0.08058	0.02307	0.00961	0.00302	0.00433	0.02085	0.00712	0.00623
19	0.01659	0.01659	0.02323	0.01991	0.01991	0.02323	0.01659	0.01825	0.01162	0.01825	0.00996	0.01659	0.00996	0.01328	0.02489	0.00332	0.71955	0.00664	0.00332	0.00830
20	0.19322	0.07607	0.01953	0.01506	0.01995	0.25075	0.01205	0.15021	0.02130	0.06799	0.01445	0.01569	0.01112	0.00779	0.00626	0.00204	0.00908	0.00527	0.04129	0.06089
21	0.07261	0.01641	0.02311	0.38692	0.16011	0.04199	0.01898	0.11158	0.04931	0.02595	0.01484	0.01926	0.01132	0.00774	0.00735	0.00241	0.00929	0.00659	0.00435	0.00988
22	0.02634	0.08125	0.04672	0.01864	0.02313	0.52893	0.01474	0.05964	0.09014	0.02145	0.01403	0.01541	0.01132	0.00802	0.00685	0.00203	0.01216	0.00533	0.00441	0.00947
23	0.03780	0.30160	0.27506	0.01812	0.04477	0.06812	0.01900	0.02315	0.01568	0.02106	0.01191	0.01443	0.00979	0.00747	0.00785	0.00211	0.07677	0.00502	0.00338	0.03691

[dist]
# distance from previous block
# <min> <max>
0	3

[block]
# block no. 10 follows, 26 sequences, length 10
# corresponding to MSA columns:
# 353-362
name=unknown_K
#
# <colnr> <probs for GDERKNQSTAVLIFYWHMCP>
#	G	D	E	R	K	N	Q	S	T	A	V	L	I	F	Y	W	H	M	C	P
0	0.01958	0.04556	0.02321	0.07982	0.17647	0.03922	0.06553	0.12609	0.06184	0.08135	0.11433	0.08797	0.02488	0.01038	0.00793	0.00239	0.00784	0.00925	0.00597	0.01038
1	0.01718	0.11727	0.07752	0.01279	0.01713	0.01400	0.01140	0.07360	0.05659	0.09673	0.26895	0.03846	0.03785	0.04473	0.00920	0.00252	0.00620	0.04844	0.00675	0.04269
2	0.08122	0.33341	0.11868	0.01475	0.02113	0.05218	0.01441	0.13913	0.02003	0.05722	0.06864	0.01815	0.01568	0.00804	0.00621	0.00201	0.00819	0.00577	0.00487	0.01028
3	0.01684	0.13493	0.02393	0.14422	0.06766	0.06244	0.01542	0.01961	0.01445	0.01958	0.01428	0.06512	0.01348	0.01205	0.03759	0.00287	0.24736	0.00708	0.02955	0.05155
4	0.15294	0.05678	0.01877	0.01414	0.01945	0.05538	0.01162	0.18611	0.09254	0.25303	0.02167	0.02067	0.01509	0.00876	0.00685	0.00227	0.00715	0.00658	0.03882	0.01139
5	0.01509	0.01112	0.01342	0.01132	0.01542	0.00935	0.00857	0.04490	0.01632	0.06637	0.02479	0.22650	0.02559	0.07181	0.00991	0.00242	0.00564	0.03515	0.00578	0.38054
6	0.06877	0.45311	0.15588	0.01457	0.02145	0.06703	0.01513	0.02286	0.01603	0.02095	0.04194	0.01517	0.01250	0.00711	0.00563	0.00185	0.00858	0.00486	0.00366	0.04291
7	0.01685	0.16718	0.47691	0.01876	0.02797	0.01893	0.02272	0.02363	0.01590	0.05925	0.01449	0.01697	0.01091	0.01129	0.06416	0.00306	0.01111	0.00563	0.00362	0.01066
8	0.01009	0.00776	0.01120	0.01179	0.01299	0.00711	0.04349	0.01181	0.01478	0.01994	0.03874	0.64900	0.04583	0.02178	0.00941	0.00294	0.00494	0.01990	0.00672	0.04979
9	0.00924	0.00660	0.00880	0.01056	0.01100	0.00616	0.00704	0.01056	0.01452	0.01936	0.04181	0.72848	0.05017	0.02376	0.00968	0.00308	0.00440	0.02156	0.00704	0.00616

[dist]
# distance from previous block
# <min> <max>
0	2

[block]
# block no. 11 follows, 26 sequences, length 84
# corresponding to MSA columns:
# 365-448
name=unknown_L
#
# <colnr> <probs for GDERKNQSTAVLIFYWHMCP>
#	G	D	E	R	K	N	Q	S	T	A	V	L	I	F	Y	W	H	M	C	P
0	0.01397	0.00710	0.00722	0.00719	0.00896	0.00707	0.00539	0.01751	0.01618	0.02838	0.05655	0.02965	0.02196	0.00916	0.00548	0.00180	0.00354	0.00739	0.73841	0.00707
1	0.02595	0.02215	0.10650	0.01721	0.02360	0.02114	0.01542	0.47385	0.08375	0.07318	0.01948	0.01952	0.01386	0.00896	0.00746	0.00230	0.00823	0.00686	0.03819	0.01238
2	0.01664	0.01578	0.02678	0.32173	0.39922	0.01722	0.02185	0.02131	0.01621	0.02228	0.01417	0.01978	0.01148	0.00895	0.03324	0.00273	0.00988	0.00680	0.00361	0.01034
3	0.12030	0.15460	0.02344	0.04706	0.02290	0.47152	0.01384	0.02751	0.01910	0.02039	0.01145	0.01353	0.00959	0.00748	0.00626	0.00197	0.01159	0.00472	0.00387	0.00887
4	0.02024	0.01706	0.01859	0.01722	0.05250	0.01947	0.01288	0.12532	0.55262	0.03362	0.02832	0.02644	0.02120	0.00996	0.00769	0.00252	0.00647	0.00825	0.00751	0.01213
5	0.02170	0.07436	0.02170	0.01598	0.02066	0.08412	0.01313	0.19356	0.07152	0.04755	0.01543	0.01735	0.01229	0.00886	0.01038	0.00214	0.15403	0.00596	0.00531	0.20396
6	0.01128	0.00845	0.01031	0.01045	0.01132	0.02874	0.00728	0.01279	0.01258	0.01717	0.02589	0.11901	0.04744	0.30181	0.30988	0.00839	0.01238	0.01090	0.02799	0.00594
7	0.00924	0.00660	0.00880	0.01056	0.01100	0.00616	0.00704	0.01056	0.01452	0.01936	0.04181	0.72848	0.05017	0.02376	0.00968	0.00308	0.00440	0.02156	0.00704	0.00616
8	0.06088	0.01689	0.01953	0.01524	0.02100	0.01743	0.01252	0.30626	0.08592	0.32734	0.02416	0.02221	0.01620	0.00925	0.00750	0.00234	0.00721	0.00723	0.00827	0.01263
9	0.01877	0.01802	0.03079	0.04656	0.68612	0.01802	0.02328	0.02328	0.01727	0.02478	0.01427	0.01877	0.01201	0.00676	0.00751	0.00225	0.00901	0.00676	0.00375	0.01201
10	0.05645	0.65756	0.03871	0.01406	0.02054	0.02870	0.05429	0.02279	0.01545	0.01903	0.01085	0.01271	0.00978	0.00651	0.00512	0.00172	0.00831	0.00437	0.00335	0.00969
11	0.01717	0.01879	0.03951	0.06428	0.09562	0.01809	0.51260	0.02300	0.01720	0.02350	0.01561	0.02114	0.01216	0.01105	0.07149	0.00340	0.01300	0.00857	0.00383	0.00999
12	0.01059	0.00775	0.00993	0.00939	0.01124	0.00709	0.00704	0.01403	0.02112	0.02959	0.63142	0.05803	0.12278	0.01582	0.00895	0.00240	0.00360	0.01391	0.00824	0.00709
13	0.01195	0.00854	0.01191	0.01366	0.01529	0.00850	0.01175	0.01525	0.01720	0.02240	0.04031	0.14364	0.04424	0.02121	0.01040	0.00346	0.00675	0.57964	0.00699	0.00691
14	0.01858	0.01749	0.02918	0.14678	0.55797	0.01811	0.02252	0.05329	0.01783	0.02506	0.01434	0.01897	0.01177	0.00700	0.00752	0.00230	0.00915	0.00676	0.00388	0.01151
15	0.01318	0.00659	0.00988	0.00988	0.00988	0.00659	0.00659	0.00988	0.00988	0.01318	0.01318	0.02306	0.01318	0.02635	0.02964	0.77931	0.00659	0.00659	0.00329	0.00329
16	0.01103	0.00735	0.00827	0.00827	0.00827	0.00735	0.00460	0.01103	0.01103	0.01471	0.02390	0.04964	0.02758	0.73343	0.03861	0.00735	0.00735	0.01103	0.00460	0.00460
17	0.01747	0.01976	0.04294	0.03089	0.03819	0.01852	0.62564	0.02360	0.01773	0.02405	0.01668	0.05624	0.01346	0.00727	0.00899	0.00258	0.01236	0.00959	0.00400	0.01002
