[name]
unknown

[dist]
# distance from previous block
# <min> <max>
0	75

[block]
# block no. 0 follows, 25 sequences, length 167
# corresponding to MSA columns:
# 75-241
name=unknown_A
#
# <colnr> <probs for GDERKNQSTAVLIFYWHMCP>
#	G	D	E	R	K	N	Q	S	T	A	V	L	I	F	Y	W	H	M	C	P
0	0.05095	0.00936	0.01258	0.01386	0.01598	0.00937	0.01202	0.01725	0.01798	0.05210	0.06665	0.07994	0.04302	0.01998	0.01023	0.00341	0.00691	0.54376	0.00719	0.00746
1	0.03122	0.01264	0.01697	0.01356	0.01886	0.01121	0.01097	0.03494	0.05226	0.57902	0.03199	0.10418	0.02299	0.01128	0.00804	0.00249	0.00634	0.00943	0.00925	0.01238
2	0.02126	0.01544	0.01699	0.01479	0.01919	0.01688	0.01161	0.12970	0.37810	0.11881	0.03405	0.09000	0.07445	0.01210	0.00813	0.00260	0.00625	0.01009	0.00798	0.01158
3	0.05278	0.01405	0.01666	0.01458	0.01882	0.01485	0.03810	0.06107	0.29183	0.13111	0.06665	0.04095	0.10876	0.01268	0.00834	0.00267	0.00633	0.08140	0.00770	0.01066
4	0.01544	0.08335	0.55266	0.02032	0.03004	0.01816	0.02513	0.02301	0.01610	0.02348	0.01754	0.04854	0.04051	0.00887	0.00827	0.00248	0.04488	0.00682	0.00362	0.01078
5	0.01456	0.01055	0.01218	0.01129	0.01382	0.04232	0.00872	0.01944	0.07243	0.08544	0.46474	0.05360	0.08856	0.01507	0.00893	0.00251	0.00486	0.05454	0.00819	0.00824
6	0.01555	0.04011	0.68733	0.02210	0.03356	0.01801	0.02865	0.02455	0.01637	0.02455	0.01391	0.01637	0.00982	0.00737	0.00737	0.00246	0.01146	0.00573	0.00327	0.01146
7	0.01651	0.01574	0.02635	0.41196	0.28358	0.01815	0.02204	0.02121	0.01603	0.02178	0.01381	0.01985	0.01105	0.00787	0.00904	0.00254	0.06206	0.00689	0.00359	0.00997
8	0.01533	0.01514	0.02722	0.42245	0.04330	0.01747	0.16626	0.02008	0.01558	0.02064	0.01562	0.05135	0.01325	0.04385	0.01140	0.00293	0.07738	0.00826	0.00377	0.00874
9	0.01464	0.01378	0.02326	0.70887	0.05340	0.01723	0.02153	0.01981	0.01550	0.01981	0.01378	0.02067	0.01034	0.00775	0.00775	0.00258	0.01034	0.00689	0.00345	0.00861
10	0.74569	0.01491	0.01172	0.01037	0.01523	0.01710	0.00854	0.02353	0.01364	0.06659	0.01176	0.01327	0.00893	0.00731	0.00495	0.00240	0.00603	0.00437	0.00503	0.00863
11	0.01661	0.01744	0.03450	0.35285	0.07418	0.01843	0.32646	0.02242	0.01695	0.02248	0.01474	0.02073	0.01111	0.00713	0.00843	0.00259	0.01161	0.00799	0.00369	0.00966
12	0.01212	0.01070	0.01134	0.01217	0.01336	0.08738	0.00869	0.01393	0.01518	0.01929	0.03500	0.43704	0.06363	0.03086	0.18506	0.00537	0.00974	0.01632	0.00605	0.00678
13	0.03453	0.01360	0.01825	0.01399	0.02000	0.01200	0.01156	0.06735	0.02288	0.65398	0.03001	0.02602	0.01890	0.00958	0.00780	0.00240	0.00669	0.00776	0.00951	0.01319
14	0.03350	0.01422	0.01850	0.01430	0.02024	0.01305	0.01177	0.09962	0.05509	0.58892	0.02944	0.02574	0.01881	0.00961	0.00780	0.00240	0.00677	0.00776	0.00933	0.01315
15	0.00960	0.00685	0.00917	0.01097	0.01148	0.00643	0.00746	0.01105	0.01499	0.01996	0.04265	0.69137	0.05096	0.02415	0.00994	0.00317	0.00463	0.05165	0.00719	0.00634
16	0.03147	0.01851	0.02129	0.01632	0.02245	0.01929	0.01348	0.42191	0.03109	0.28782	0.02312	0.02154	0.01544	0.00942	0.00777	0.00235	0.00780	0.00729	0.00845	0.01319
17	0.00925	0.00786	0.00798	0.00795	0.01053	0.00658	0.00596	0.01130	0.01788	0.02144	0.10766	0.07380	0.64657	0.01945	0.00916	0.00261	0.00391	0.01625	0.00727	0.00658
18	0.03479	0.01320	0.01799	0.01380	0.01979	0.01140	0.01140	0.03779	0.02219	0.68451	0.03059	0.02639	0.01919	0.00960	0.00780	0.00240	0.00660	0.00780	0.00960	0.01320
19	0.03264	0.01272	0.01731	0.01343	0.01905	0.01103	0.01103	0.03570	0.02217	0.62556	0.08873	0.02923	0.02406	0.01016	0.00792	0.00240	0.00633	0.00836	0.00950	0.01266
20	0.01085	0.00792	0.01019	0.00963	0.01151	0.00726	0.00722	0.01439	0.02166	0.03040	0.63438	0.05906	0.11426	0.01611	0.00915	0.00245	0.00368	0.01418	0.00844	0.00726
21	0.01097	0.00793	0.01036	0.00975	0.01158	0.00732	0.00732	0.01463	0.02195	0.03109	0.67505	0.05792	0.07316	0.01585	0.00914	0.00244	0.00366	0.01402	0.00854	0.00732
22	0.00929	0.00786	0.00803	0.00798	0.01055	0.00660	0.00599	0.01137	0.01796	0.02164	0.11922	0.07348	0.63489	0.01938	0.00916	0.00261	0.00391	0.01620	0.00729	0.00660
23	0.01313	0.00834	0.01008	0.01001	0.01237	0.00735	0.00749	0.01534	0.01802	0.11287	0.13032	0.24490	0.31252	0.01918	0.00925	0.00276	0.00458	0.04628	0.00768	0.00751
24	0.01072	0.00777	0.01010	0.00982	0.01150	0.00716	0.00725	0.01402	0.02090	0.02930	0.57392	0.14291	0.09141	0.01706	0.00924	0.00254	0.00377	0.01512	0.00832	0.00716
25	0.78228	0.01499	0.01140	0.01020	0.01499	0.01739	0.00840	0.02279	0.01320	0.03479	0.01080	0.01260	0.00840	0.00720	0.00480	0.00240	0.00600	0.00420	0.00480	0.00840
26	0.01023	0.00784	0.00936	0.00910	0.01115	0.00698	0.00678	0.01314	0.02001	0.02677	0.42238	0.09606	0.29677	0.01767	0.00919	0.00254	0.00380	0.01528	0.00797	0.00698
27	0.01608	0.01378	0.01608	0.01148	0.01837	0.01034	0.00919	0.01952	0.01608	0.02527	0.01378	0.01608	0.01148	0.00574	0.00574	0.00115	0.00574	0.00459	0.00459	0.77491
28	0.00945	0.00675	0.00900	0.01080	0.01125	0.00630	0.00720	0.01080	0.01484	0.01979	0.04274	0.72245	0.05128	0.02429	0.00990	0.00315	0.00450	0.02204	0.00720	0.00630
29	0.01347	0.00673	0.01010	0.01010	0.01010	0.00673	0.00673	0.01010	0.01010	0.01347	0.01347	0.02357	0.01347	0.02694	0.03030	0.77441	0.00673	0.00673	0.00337	0.00337
30	0.01347	0.00673	0.01010	0.01010	0.01010	0.00673	0.00673	0.01010	0.01010	0.01347	0.01347	0.02357	0.01347	0.02694	0.03030	0.77441	0.00673	0.00673	0.00337	0.00337
31	0.01676	0.01594	0.02708	0.40113	0.34460	0.01778	0.02259	0.02167	0.01650	0.02238	0.01416	0.01998	0.01124	0.00736	0.00772	0.00245	0.00981	0.00690	0.00363	0.01032
32	0.01929	0.01666	0.01753	0.01578	0.02016	0.01929	0.01227	0.04120	0.66513	0.03243	0.03156	0.02893	0.02367	0.01052	0.00789	0.00263	0.00614	0.00877	0.00789	0.01227
33	0.01929	0.01666	0.01753	0.01578	0.02016	0.01929	0.01227	0.04120	0.66513	0.03243	0.03156	0.02893	0.02367	0.01052	0.00789	0.00263	0.00614	0.00877	0.00789	0.01227
34	0.01573	0.03896	0.65455	0.02179	0.03290	0.01807	0.02785	0.02537	0.04812	0.02494	0.01478	0.01698	0.01050	0.00752	0.00739	0.00246	0.01120	0.00588	0.00350	0.01150
35	0.01929	0.01666	0.01753	0.01578	0.02016	0.01929	0.01227	0.04120	0.66513	0.03243	0.03156	0.02893	0.02367	0.01052	0.00789	0.00263	0.00614	0.00877	0.00789	0.01227
36	0.01108	0.00831	0.01246	0.01246	0.01385	0.00969	0.00969	0.01385	0.01246	0.01800	0.02077	0.03046	0.01938	0.05815	0.69678	0.01246	0.02077	0.00831	0.00415	0.00692
37	0.01464	0.01378	0.02326	0.70887	0.05340	0.01723	0.02153	0.01981	0.01550	0.01981	0.01378	0.02067	0.01034	0.00775	0.00775	0.00258	0.01034	0.00689	0.00345	0.00861
38	0.03479	0.01320	0.01799	0.01380	0.01979	0.01140	0.01140	0.03779	0.02219	0.68451	0.03059	0.02639	0.01919	0.00960	0.00780	0.00240	0.00660	0.00780	0.00960	0.01320
39	0.01347	0.00673	0.01010	0.01010	0.01010	0.00673	0.00673	0.01010	0.01010	0.01347	0.01347	0.02357	0.01347	0.02694	0.03030	0.77441	0.00673	0.00673	0.00337	0.00337
40	0.00945	0.00675	0.00900	0.01080	0.01125	0.00630	0.00720	0.01080	0.01484	0.01979	0.04274	0.72245	0.05128	0.02429	0.00990	0.00315	0.00450	0.02204	0.00720	0.00630
41	0.01608	0.01378	0.01608	0.01148	0.01837	0.01034	0.00919	0.01952	0.01608	0.02527	0.01378	0.01608	0.01148	0.00574	0.00574	0.00115	0.00574	0.00459	0.00459	0.77491
42	0.01116	0.00795	0.01034	0.01012	0.01145	0.00780	0.00737	0.01381	0.01777	0.02485	0.38349	0.05438	0.05286	0.19434	0.11210	0.00514	0.00721	0.05435	0.00690	0.00662
43	0.02874	0.02083	0.02247	0.01745	0.02347	0.02299	0.01434	0.56502	0.09659	0.07730	0.02043	0.01998	0.01448	0.00944	0.00777	0.00236	0.00821	0.00719	0.00786	0.01310
44	0.01823	0.05243	0.07175	0.03087	0.03849	0.02019	0.57032	0.02449	0.01784	0.02428	0.01517	0.02019	0.01154	0.00687	0.00958	0.00260	0.04224	0.00869	0.00385	0.01039
45	0.00916	0.00785	0.00785	0.00785	0.01047	0.00655	0.00589	0.01113	0.01767	0.02095	0.07855	0.07462	0.67599	0.01964	0.00916	0.00262	0.00393	0.01636	0.00720	0.00655
46	0.02309	0.02479	0.02677	0.14736	0.14403	0.25736	0.09628	0.11053	0.04886	0.02551	0.01492	0.01817	0.01167	0.00786	0.00765	0.00230	0.01134	0.00660	0.00453	0.01037
47	0.01702	0.08608	0.54001	0.02236	0.03283	0.01883	0.09880	0.02503	0.01679	0.05086	0.01457	0.01702	0.01044	0.00731	0.00742	0.00241	0.01122	0.00610	0.00361	0.01131
48	0.00952	0.00678	0.00897	0.01070	0.01113	0.00635	0.00709	0.01082	0.01470	0.01960	0.04198	0.69477	0.05033	0.05327	0.01111	0.00333	0.00462	0.02160	0.00709	0.00623
49	0.06065	0.27613	0.02641	0.01379	0.01998	0.01973	0.01223	0.08289	0.02065	0.36155	0.02154	0.02008	0.01487	0.00839	0.00664	0.00212	0.00735	0.00625	0.00695	0.01181
50	0.02335	0.04622	0.02802	0.02919	0.25345	0.06983	0.07790	0.25869	0.05163	0.03346	0.01879	0.02086	0.03595	0.00843	0.00776	0.00232	0.00933	0.00732	0.00558	0.01192
51	0.00945	0.00675	0.00900	0.01080	0.01125	0.00630	0.00720	0.01080	0.01484	0.01979	0.04274	0.72245	0.05128	0.02429	0.00990	0.00315	0.00450	0.02204	0.00720	0.00630
52	0.01810	0.02140	0.06945	0.03142	0.03887	0.01983	0.58331	0.02440	0.01779	0.02440	0.01524	0.02047	0.01158	0.00705	0.01019	0.00266	0.06075	0.00885	0.00386	0.01036
53	0.00945	0.00675	0.00900	0.01080	0.01125	0.00630	0.00720	0.01080	0.01484	0.01979	0.04274	0.72245	0.05128	0.02429	0.00990	0.00315	0.00450	0.02204	0.00720	0.00630
54	0.01712	0.01866	0.03772	0.05795	0.03501	0.01901	0.45772	0.02230	0.01677	0.02311	0.01710	0.08347	0.01499	0.00939	0.01193	0.00279	0.13136	0.00981	0.00411	0.00967
55	0.00945	0.00675	0.00900	0.01080	0.01125	0.00630	0.00720	0.01080	0.01484	0.01979	0.04274	0.72245	0.05128	0.02429	0.00990	0.00315	0.00450	0.02204	0.00720	0.00630
56	0.02878	0.02137	0.02288	0.01770	0.02378	0.02372	0.01457	0.61155	0.07932	0.04775	0.01950	0.01932	0.01390	0.00939	0.00777	0.00235	0.00837	0.00710	0.00777	0.01312
57	0.04586	0.01066	0.01411	0.01204	0.01588	0.00965	0.00970	0.02569	0.02142	0.33185	0.29975	0.04467	0.04368	0.01321	0.00853	0.00252	0.00540	0.06654	0.00878	0.01004
58	0.01901	0.50170	0.25600	0.01621	0.02445	0.02646	0.01839	0.02366	0.01596	0.02034	0.01182	0.01375	0.00991	0.00688	0.00577	0.00192	0.00935	0.00467	0.00330	0.01045
59	0.01074	0.00792	0.01004	0.00951	0.01144	0.00722	0.00713	0.01418	0.02140	0.02979	0.59817	0.06007	0.15085	0.01634	0.00915	0.00246	0.00369	0.01432	0.00836	0.00722
60	0.01555	0.04011	0.68733	0.02210	0.03356	0.01801	0.02865	0.02455	0.01637	0.02455	0.01391	0.01637	0.00982	0.00737	0.00737	0.00246	0.01146	0.00573	0.00327	0.01146
61	0.01097	0.00793	0.01036	0.00975	0.01158	0.00732	0.00732	0.01463	0.02195	0.03109	0.67505	0.05792	0.07316	0.01585	0.00914	0.00244	0.00366	0.01402	0.00854	0.00732
62	0.01097	0.00793	0.01036	0.00975	0.01158	0.00732	0.00732	0.01463	0.02195	0.03109	0.67505	0.05792	0.07316	0.01585	0.00914	0.00244	0.00366	0.01402	0.00854	0.00732
63	0.01121	0.00749	0.00848	0.00854	0.00856	0.00747	0.00479	0.01126	0.01140	0.01520	0.02509	0.07479	0.02902	0.70233	0.03841	0.00736	0.00741	0.01166	0.00479	0.00476
64	0.03245	0.01694	0.02031	0.01557	0.02166	0.01696	0.01287	0.30848	0.02847	0.40496	0.02532	0.02297	0.01655	0.00947	0.00778	0.00237	0.00745	0.00744	0.00879	0.01319
65	0.01511	0.01449	0.02518	0.63154	0.08208	0.01745	0.06456	0.02034	0.01580	0.02041	0.01395	0.02062	0.01053	0.00763	0.00784	0.00257	0.01047	0.00705	0.00350	0.00891
66	0.78228	0.01499	0.01140	0.01020	0.01499	0.01739	0.00840	0.02279	0.01320	0.03479	0.01080	0.01260	0.00840	0.00720	0.00480	0.00240	0.00600	0.00420	0.00480	0.00840
67	0.01929	0.01666	0.01753	0.01578	0.02016	0.01929	0.01227	0.04120	0.66513	0.03243	0.03156	0.02893	0.02367	0.01052	0.00789	0.00263	0.00614	0.00877	0.00789	0.01227
68	0.01012	0.00727	0.00960	0.01034	0.01140	0.00675	0.00725	0.01249	0.01798	0.02479	0.32213	0.42882	0.06095	0.02056	0.00956	0.00284	0.00413	0.01850	0.00779	0.00675
69	0.02124	0.01757	0.01864	0.01603	0.02088	0.01990	0.01265	0.16513	0.51148	0.03550	0.02822	0.02632	0.02105	0.01008	0.00778	0.00251	0.00661	0.00824	0.00773	0.04241
70	0.01786	0.01373	0.01626	0.01170	0.01851	0.01044	0.00940	0.02126	0.01666	0.08790	0.01538	0.01706	0.01222	0.00611	0.00594	0.00127	0.00582	0.00490	0.00507	0.70254
71	0.01590	0.08729	0.64324	0.02150	0.03263	0.01887	0.02760	0.02446	0.01633	0.02412	0.01370	0.01610	0.00983	0.00732	0.00720	0.00240	0.01124	0.00562	0.00328	0.01136
72	0.01779	0.01993	0.04207	0.03056	0.03734	0.01943	0.56295	0.02364	0.01754	0.02403	0.01633	0.05083	0.01332	0.00797	0.01073	0.00271	0.07923	0.00948	0.00401	0.01009
73	0.01830	0.02092	0.04575	0.03268	0.04052	0.01961	0.65098	0.02484	0.01830	0.02484	0.01569	0.02092	0.01176	0.00654	0.00915	0.00261	0.01307	0.00915	0.00392	0.01046
74	0.01963	0.01856	0.03112	0.04631	0.65086	0.01867	0.02340	0.05097	0.01847	0.02635	0.01476	0.01917	0.01232	0.00701	0.00768	0.00230	0.00918	0.00691	0.00401	0.01232
75	0.01900	0.01823	0.03112	0.07565	0.65259	0.01837	0.02370	0.02363	0.01756	0.02510	0.01455	0.01925	0.01220	0.00694	0.00768	0.00231	0.00926	0.00691	0.00382	0.01213
76	0.01063	0.00784	0.00977	0.00957	0.01131	0.00719	0.00707	0.01356	0.01976	0.02704	0.45424	0.10678	0.17283	0.07012	0.01151	0.00294	0.00419	0.03885	0.00787	0.00691
77	0.01646	0.04825	0.01732	0.01178	0.01854	0.01175	0.00953	0.02076	0.04783	0.02528	0.01451	0.01653	0.01201	0.00602	0.00581	0.00125	0.00588	0.00478	0.00469	0.70103
78	0.01034	0.00761	0.00994	0.01091	0.01215	0.00688	0.00762	0.01219	0.01572	0.02146	0.09647	0.56974	0.04918	0.02166	0.00947	0.00291	0.00465	0.04459	0.00707	0.07945
79	0.02313	0.01856	0.01969	0.01656	0.02163	0.02108	0.01320	0.27193	0.42815	0.03863	0.02668	0.02504	0.01972	0.01006	0.00784	0.00252	0.00704	0.00809	0.00784	0.01262
80	0.01770	0.02011	0.05699	0.02786	0.05345	0.05097	0.39978	0.02271	0.01697	0.02304	0.01712	0.06917	0.01515	0.00964	0.01202	0.00278	0.13990	0.03076	0.00414	0.00972
81	0.01882	0.01450	0.01600	0.01432	0.01832	0.01599	0.01121	0.05385	0.44139	0.08328	0.13273	0.03714	0.06317	0.01205	0.00823	0.00260	0.00579	0.03138	0.00806	0.01115
82	0.01788	0.01913	0.03358	0.25711	0.09560	0.07620	0.30827	0.02300	0.01730	0.02224	0.01455	0.02020	0.01125	0.00792	0.00923	0.03378	0.01166	0.00776	0.00374	0.00958
83	0.01745	0.31348	0.36683	0.01854	0.02738	0.02257	0.05088	0.02338	0.01614	0.02182	0.01413	0.04875	0.01195	0.00784	0.00662	0.00218	0.00994	0.00604	0.00351	0.01056
84	0.01670	0.05784	0.45634	0.02649	0.09007	0.01886	0.17534	0.02451	0.01692	0.02447	0.01428	0.01755	0.01050	0.00710	0.00773	0.00245	0.01154	0.00659	0.00348	0.01124
85	0.01655	0.11757	0.52765	0.02307	0.05876	0.01964	0.08321	0.02439	0.01653	0.02388	0.01374	0.01644	0.01011	0.00719	0.00726	0.00237	0.01115	0.00590	0.00336	0.01123
86	0.01720	0.01742	0.02326	0.04197	0.02134	0.05209	0.01677	0.01906	0.01245	0.01869	0.01074	0.01742	0.01050	0.01470	0.04751	0.00362	0.63660	0.00676	0.00345	0.00845
87	0.02064	0.05022	0.02581	0.06857	0.02626	0.01575	0.17921	0.02512	0.03885	0.18613	0.05629	0.02850	0.08434	0.01000	0.01000	0.00247	0.08605	0.00874	0.00593	0.07111
88	0.01232	0.00827	0.01050	0.00974	0.01197	0.00748	0.00738	0.01568	0.02131	0.07410	0.54032	0.05831	0.16123	0.01600	0.00906	0.00246	0.00390	0.01395	0.00840	0.00760
89	0.02187	0.63606	0.03805	0.01419	0.02046	0.12271	0.01350	0.02429	0.01661	0.01834	0.01095	0.01265	0.00996	0.00682	0.00525	0.00171	0.00908	0.00426	0.00341	0.00982
90	0.11724	0.03073	0.44162	0.01874	0.02793	0.01689	0.02201	0.02771	0.06118	0.13830	0.01755	0.01844	0.01217	0.00794	0.00715	0.00245	0.00957	0.00609	0.00486	0.01142
91	0.02165	0.23784	0.10742	0.02449	0.18361	0.16427	0.01796	0.04930	0.08003	0.02331	0.01458	0.01666	0.01193	0.00754	0.00671	0.00210	0.00988	0.00572	0.00417	0.01083
92	0.01975	0.01763	0.01775	0.01598	0.02035	0.05181	0.01240	0.04071	0.63424	0.03179	0.03062	0.02821	0.02301	0.01040	0.00785	0.00260	0.00651	0.00858	0.00770	0.01211
93	0.15680	0.06326	0.01842	0.08029	0.02166	0.01622	0.01220	0.14580	0.04005	0.18511	0.07372	0.06178	0.02257	0.01090	0.00751	0.00249	0.00704	0.05685	0.00694	0.01039
94	0.00945	0.00675	0.00900	0.01080	0.01125	0.00630	0.00720	0.01080	0.01484	0.01979	0.04274	0.72245	0.05128	0.02429	0.00990	0.00315	0.00450	0.02204	0.00720	0.00630
95	0.01734	0.01626	0.02470	0.41536	0.21490	0.04514	0.02063	0.05233	0.04896	0.02306	0.01501	0.02040	0.01173	0.00835	0.00842	0.02688	0.00978	0.00691	0.00399	0.00984
96	0.01108	0.00831	0.01246	0.01246	0.01385	0.00969	0.00969	0.01385	0.01246	0.01800	0.02077	0.03046	0.01938	0.05815	0.69678	0.01246	0.02077	0.00831	0.00415	0.00692
97	0.01519	0.01441	0.02434	0.62214	0.07791	0.01747	0.04855	0.02110	0.04328	0.02080	0.01465	0.02097	0.01105	0.00778	0.00782	0.00258	0.01023	0.00707	0.00367	0.00900
98	0.01133	0.00865	0.01280	0.01265	0.01393	0.01021	0.00982	0.01396	0.01239	0.01792	0.02045	0.03062	0.01931	0.08031	0.64468	0.01190	0.04968	0.00835	0.00414	0.00691
99	0.01555	0.04011	0.68733	0.02210	0.03356	0.01801	0.02865	0.02455	0.01637	0.02455	0.01391	0.01637	0.00982	0.00737	0.00737	0.00246	0.01146	0.00573	0.00327	0.01146
100	0.01782	0.01524	0.01622	0.01481	0.01883	0.01730	0.01155	0.03655	0.55772	0.03103	0.06195	0.03638	0.08111	0.01196	0.00817	0.00266	0.00589	0.03561	0.00783	0.01138
101	0.01688	0.01607	0.02730	0.38342	0.36136	0.01782	0.02265	0.02177	0.01656	0.02253	0.01418	0.01994	0.01129	0.00734	0.00771	0.00245	0.00978	0.00690	0.00364	0.01042
102	0.01108	0.00831	0.01246	0.01246	0.01385	0.00969	0.00969	0.01385	0.01246	0.01800	0.02077	0.03046	0.01938	0.05815	0.69678	0.01246	0.02077	0.00831	0.00415	0.00692
103	0.01464	0.01378	0.02326	0.70887	0.05340	0.01723	0.02153	0.01981	0.01550	0.01981	0.01378	0.02067	0.01034	0.00775	0.00775	0.00258	0.01034	0.00689	0.00345	0.00861
104	0.01929	0.01666	0.01753	0.01578	0.02016	0.01929	0.01227	0.04120	0.66513	0.03243	0.03156	0.02893	0.02367	0.01052	0.00789	0.00263	0.00614	0.00877	0.00789	0.01227
105	0.03479	0.01320	0.01799	0.01380	0.01979	0.01140	0.01140	0.03779	0.02219	0.68451	0.03059	0.02639	0.01919	0.00960	0.00780	0.00240	0.00660	0.00780	0.00960	0.01320
106	0.01960	0.01731	0.01767	0.01591	0.02028	0.04095	0.01236	0.04087	0.64455	0.03200	0.03093	0.02845	0.02323	0.01044	0.00786	0.00261	0.00639	0.00865	0.00776	0.01217
107	0.00962	0.00787	0.00848	0.00833	0.01075	0.00674	0.00625	0.01201	0.01875	0.02349	0.22817	0.07043	0.52478	0.01869	0.00916	0.00257	0.00386	0.01578	0.00754	0.00674
108	0.01249	0.00892	0.01249	0.01428	0.01606	0.00892	0.01249	0.01606	0.01785	0.02320	0.04105	0.08746	0.04462	0.02142	0.01071	0.00357	0.00714	0.62695	0.00714	0.00714
109	0.01555	0.04011	0.68733	0.02210	0.03356	0.01801	0.02865	0.02455	0.01637	0.02455	0.01391	0.01637	0.00982	0.00737	0.00737	0.00246	0.01146	0.00573	0.00327	0.01146
110	0.01555	0.04011	0.68733	0.02210	0.03356	0.01801	0.02865	0.02455	0.01637	0.02455	0.01391	0.01637	0.00982	0.00737	0.00737	0.00246	0.01146	0.00573	0.00327	0.01146
111	0.02073	0.73217	0.04063	0.01327	0.01990	0.03068	0.01327	0.02322	0.01575	0.01824	0.01078	0.01244	0.00995	0.00663	0.00498	0.00166	0.00829	0.00415	0.00332	0.00995
112	0.03462	0.01346	0.01816	0.01392	0.01992	0.01179	0.01150	0.05675	0.02263	0.66493	0.03022	0.02615	0.01901	0.00959	0.00780	0.00240	0.00666	0.00777	0.00954	0.01320
113	0.00945	0.00675	0.00900	0.01080	0.01125	0.00630	0.00720	0.01080	0.01484	0.01979	0.04274	0.72245	0.05128	0.02429	0.00990	0.00315	0.00450	0.02204	0.00720	0.00630
114	0.06418	0.03163	0.02260	0.05108	0.09159	0.50411	0.01581	0.08623	0.02216	0.02316	0.01287	0.01515	0.01045	0.00795	0.00706	0.00210	0.01245	0.00541	0.00434	0.00966
115	0.01848	0.02040	0.04281	0.03575	0.17196	0.01936	0.52190	0.02462	0.01817	0.02494	0.01546	0.02056	0.01187	0.00661	0.00885	0.00255	0.01228	0.00869	0.00390	0.01083
116	0.01731	0.01414	0.01648	0.01186	0.01869	0.01102	0.00952	0.05004	0.01723	0.04735	0.01454	0.01653	0.01181	0.00603	0.00590	0.00124	0.00590	0.00481	0.00490	0.71470
117	0.02234	0.01965	0.01915	0.01661	0.02134	0.08506	0.01305	0.16798	0.47237	0.03458	0.02698	0.02535	0.02017	0.01002	0.00778	0.00251	0.00739	0.00803	0.00749	0.01215
118	0.03314	0.01339	0.01788	0.01378	0.01974	0.01173	0.01133	0.03708	0.05328	0.62118	0.02983	0.02602	0.01904	0.00946	0.00770	0.00235	0.00653	0.00769	0.00927	0.04954
119	0.02944	0.01754	0.10987	0.01646	0.02315	0.01329	0.06727	0.05916	0.02166	0.48258	0.05815	0.02581	0.01971	0.00934	0.00792	0.00242	0.00773	0.00790	0.00815	0.01244
120	0.04545	0.12124	0.52427	0.01985	0.02999	0.01894	0.02450	0.02551	0.01670	0.08318	0.01491	0.01665	0.01062	0.00747	0.00702	0.00235	0.01044	0.00567	0.00390	0.01132
121	0.03329	0.01353	0.01795	0.01399	0.01983	0.01216	0.01148	0.03812	0.08438	0.62144	0.03068	0.02664	0.01963	0.00969	0.00781	0.00242	0.00655	0.00789	0.00943	0.01311
122	0.02073	0.73217	0.04063	0.01327	0.01990	0.03068	0.01327	0.02322	0.01575	0.01824	0.01078	0.01244	0.00995	0.00663	0.00498	0.00166	0.00829	0.00415	0.00332	0.00995
123	0.01082	0.00950	0.03658	0.01452	0.05883	0.00824	0.03969	0.01288	0.01524	0.02044	0.03941	0.55677	0.07378	0.05100	0.01083	0.00320	0.00558	0.01909	0.00657	0.00703
124	0.02968	0.02138	0.02306	0.01768	0.02388	0.02355	0.01461	0.62911	0.03590	0.07383	0.01909	0.01892	0.01342	0.00932	0.00776	0.00233	0.00846	0.00701	0.00783	0.01319
125	0.00945	0.00675	0.00900	0.01080	0.01125	0.00630	0.00720	0.01080	0.01484	0.01979	0.04274	0.72245	0.05128	0.02429	0.00990	0.00315	0.00450	0.02204	0.00720	0.00630
126	0.01672	0.01660	0.02327	0.02002	0.02008	0.02316	0.01666	0.01846	0.01190	0.01863	0.01062	0.01753	0.01057	0.01545	0.05367	0.00377	0.68420	0.00685	0.00342	0.00842
127	0.01601	0.01256	0.01540	0.04921	0.04660	0.01354	0.01218	0.02676	0.27531	0.05432	0.08493	0.08278	0.07774	0.01492	0.00893	0.00288	0.00635	0.18258	0.00733	0.00965
128	0.00945	0.00675	0.00900	0.01080	0.01125	0.00630	0.00720	0.01080	0.01484	0.01979	0.04274	0.72245	0.05128	0.02429	0.00990	0.00315	0.00450	0.02204	0.00720	0.00630
129	0.02903	0.02150	0.02302	0.01775	0.02388	0.02384	0.01463	0.62672	0.06374	0.04815	0.01918	0.01906	0.01364	0.00936	0.00776	0.00234	0.00843	0.00706	0.00776	0.01315
130	0.01555	0.04011	0.68733	0.02210	0.03356	0.01801	0.02865	0.02455	0.01637	0.02455	0.01391	0.01637	0.00982	0.00737	0.00737	0.00246	0.01146	0.00573	0.00327	0.01146
131	0.02945	0.02235	0.02322	0.01793	0.02404	0.05175	0.01475	0.62764	0.03586	0.04763	0.01834	0.01842	0.01305	0.00925	0.00772	0.00231	0.00876	0.00690	0.00760	0.01301
132	0.01950	0.01410	0.01670	0.01227	0.01871	0.01150	0.00984	0.07578	0.01836	0.11055	0.01632	0.01791	0.01269	0.00740	0.00717	0.03272	0.00613	0.00529	0.00545	0.58162
133	0.01516	0.00791	0.00798	0.00773	0.00974	0.00802	0.00586	0.04807	0.01721	0.02985	0.02498	0.02842	0.01956	0.00905	0.00553	0.00183	0.00385	0.00722	0.73453	0.00751
134	0.78228	0.01499	0.01140	0.01020	0.01499	0.01739	0.00840	0.02279	0.01320	0.03479	0.01080	0.01260	0.00840	0.00720	0.00480	0.00240	0.00600	0.00420	0.00480	0.00840
135	0.02947	0.02172	0.02327	0.01784	0.02404	0.02404	0.01474	0.65329	0.03646	0.04887	0.01862	0.01862	0.01319	0.00931	0.00776	0.00233	0.00853	0.00698	0.00776	0.01319
136	0.01106	0.00797	0.01028	0.01058	0.01196	0.00756	0.00758	0.03997	0.01930	0.02666	0.35697	0.36126	0.06057	0.01945	0.00943	0.00276	0.00425	0.01740	0.00789	0.00710
137	0.04221	0.00821	0.01041	0.00977	0.01172	0.00772	0.00736	0.01496	0.02159	0.03124	0.64815	0.05608	0.07054	0.01550	0.00897	0.00244	0.00375	0.01362	0.00838	0.00736
138	0.01072	0.00791	0.00995	0.00965	0.01150	0.00724	0.00724	0.01389	0.02045	0.02813	0.50405	0.08300	0.16698	0.04258	0.01034	0.00273	0.00404	0.04448	0.00807	0.00706
139	0.01108	0.00831	0.01246	0.01246	0.01385	0.00969	0.00969	0.01385	0.01246	0.01800	0.02077	0.03046	0.01938	0.05815	0.69678	0.01246	0.02077	0.00831	0.00415	0.00692
140	0.01077	0.00792	0.01008	0.00954	0.01146	0.00723	0.00715	0.01423	0.02146	0.02993	0.60668	0.05983	0.14226	0.01629	0.00915	0.00246	0.00369	0.01429	0.00838	0.00723
141	0.00936	0.00779	0.00817	0.00824	0.01063	0.00660	0.00612	0.01144	0.01789	0.02183	0.13278	0.11720	0.57613	0.01959	0.00921	0.00264	0.00394	0.01653	0.00733	0.00660
142	0.01608	0.01378	0.01608	0.01148	0.01837	0.01034	0.00919	0.01952	0.01608	0.02527	0.01378	0.01608	0.01148	0.00574	0.00574	0.00115	0.00574	0.00459	0.00459	0.77491
143	0.01587	0.06383	0.63297	0.02230	0.03341	0.01854	0.05848	0.02452	0.01644	0.02434	0.01389	0.01645	0.00992	0.00730	0.00737	0.00243	0.01142	0.00584	0.00331	0.01136
144	0.02639	0.01981	0.02132	0.01692	0.02245	0.02196	0.01377	0.50819	0.13255	0.04452	0.04934	0.04717	0.01873	0.01031	0.00791	0.00241	0.00781	0.00810	0.00779	0.01255
145	0.02970	0.02136	0.02305	0.01767	0.02387	0.02351	0.01460	0.62724	0.03585	0.07576	0.01912	0.01894	0.01344	0.00932	0.00776	0.00233	0.00845	0.00702	0.00783	0.01319
146	0.02245	0.01711	0.01947	0.01605	0.02091	0.01862	0.03270	0.27910	0.24498	0.06508	0.08108	0.07617	0.02475	0.01116	0.00806	0.00247	0.00699	0.00929	0.00768	0.03588
147	0.00985	0.00744	0.01043	0.01141	0.01236	0.00689	0.03240	0.01155	0.01551	0.02060	0.07398	0.61934	0.09336	0.02288	0.00978	0.00306	0.00476	0.02077	0.00713	0.00653
148	0.00945	0.00675	0.00900	0.01080	0.01125	0.00630	0.00720	0.01080	0.01484	0.01979	0.04274	0.72245	0.05128	0.02429	0.00990	0.00315	0.00450	0.02204	0.00720	0.00630
149	0.01685	0.01414	0.01638	0.01193	0.01856	0.01121	0.00953	0.06552	0.01753	0.02682	0.01505	0.03860	0.01287	0.00659	0.00602	0.00130	0.00591	0.00532	0.00491	0.69498
150	0.01819	0.03246	0.48065	0.02270	0.05491	0.01690	0.09475	0.02570	0.01731	0.10825	0.01739	0.04598	0.01295	0.00821	0.00773	0.00249	0.01067	0.00706	0.00432	0.01139
151	0.18308	0.47379	0.03193	0.01462	0.04283	0.10490	0.01281	0.02405	0.01600	0.02209	0.01106	0.01289	0.00971	0.00692	0.00527	0.00188	0.00850	0.00435	0.00373	0.00959
152	0.01208	0.00848	0.01074	0.01012	0.01229	0.00789	0.00772	0.01617	0.04442	0.05535	0.53388	0.05874	0.13409	0.01607	0.00912	0.00251	0.00404	0.04031	0.00835	0.00763
153	0.07417	0.23955	0.05341	0.02626	0.23889	0.13601	0.01738	0.08458	0.01924	0.02496	0.01309	0.01566	0.01092	0.00727	0.00654	0.00207	0.00952	0.00553	0.00412	0.01081
154	0.01097	0.00793	0.01036	0.00975	0.01158	0.00732	0.00732	0.01463	0.02195	0.03109	0.67505	0.05792	0.07316	0.01585	0.00914	0.00244	0.00366	0.01402	0.00854	0.00732
155	0.01109	0.00827	0.01227	0.01227	0.01359	0.00959	0.00945	0.01372	0.01240	0.01786	0.02094	0.03143	0.01981	0.09031	0.66520	0.01222	0.02013	0.00845	0.00418	0.00682
156	0.01016	0.00789	0.00923	0.00890	0.01108	0.00697	0.00667	0.01305	0.02001	0.02650	0.40520	0.06547	0.34588	0.01756	0.00915	0.00252	0.00378	0.01508	0.00793	0.00697
157	0.78228	0.01499	0.01140	0.01020	0.01499	0.01739	0.00840	0.02279	0.01320	0.03479	0.01080	0.01260	0.00840	0.00720	0.00480	0.00240	0.00600	0.00420	0.00480	0.00840
158	0.01777	0.01975	0.04212	0.03236	0.08886	0.01861	0.55766	0.02380	0.01801	0.02453	0.01744	0.06861	0.01450	0.00778	0.00909	0.00263	0.01218	0.00985	0.00414	0.01032
159	0.01508	0.01395	0.02352	0.60297	0.11977	0.01685	0.02107	0.01978	0.01548	0.02011	0.01385	0.02065	0.01070	0.00858	0.00883	0.03963	0.01004	0.00689	0.00348	0.00876
160	0.01464	0.01378	0.02326	0.70887	0.05340	0.01723	0.02153	0.01981	0.01550	0.01981	0.01378	0.02067	0.01034	0.00775	0.00775	0.00258	0.01034	0.00689	0.00345	0.00861
161	0.01929	0.01666	0.01753	0.01578	0.02016	0.01929	0.01227	0.04120	0.66513	0.03243	0.03156	0.02893	0.02367	0.01052	0.00789	0.00263	0.00614	0.00877	0.00789	0.01227
162	0.03453	0.01360	0.01825	0.01399	0.02000	0.01200	0.01156	0.06720	0.02287	0.65414	0.03002	0.02602	0.01891	0.00958	0.00780	0.00240	0.00669	0.00776	0.00951	0.01319
163	0.00968	0.00695	0.00913	0.01071	0.01134	0.00649	0.00729	0.01119	0.01523	0.02024	0.06610	0.62389	0.07679	0.04591	0.01081	0.00326	0.00465	0.04685	0.00716	0.00633
164	0.00969	0.00693	0.00924	0.01081	0.01143	0.00648	0.00738	0.01134	0.01563	0.02100	0.10399	0.63782	0.05319	0.02338	0.00985	0.00309	0.00450	0.04051	0.00733	0.00642
165	0.03944	0.01414	0.02344	0.64150	0.09484	0.01731	0.02127	0.02018	0.01558	0.02066	0.01374	0.02031	0.01041	0.00768	0.00765	0.00256	0.01012	0.00681	0.00352	0.00886
166	0.08822	0.01180	0.01311	0.01154	0.01496	0.03253	0.00900	0.07487	0.02054	0.17405	0.19733	0.07296	0.14350	0.06260	0.01043	0.00286	0.00576	0.03740	0.00762	0.00892

[dist]
# distance from previous block
# <min> <max>
2	4

[block]
# block no. 1 follows, 25 sequences, length 201
# corresponding to MSA columns:
# 246-446
name=unknown_B
#
# <colnr> <probs for GDERKNQSTAVLIFYWHMCP>
#	G	D	E	R	K	N	Q	S	T	A	V	L	I	F	Y	W	H	M	C	P
0	0.08031	0.01710	0.07145	0.31865	0.23138	0.01688	0.02028	0.02298	0.01657	0.07536	0.01510	0.01950	0.01147	0.00748	0.00737	0.00239	0.00922	0.00656	0.00420	0.04576
1	0.10683	0.01175	0.01464	0.01248	0.01610	0.01153	0.03682	0.07517	0.04400	0.12734	0.30654	0.10089	0.04325	0.01307	0.00819	0.00244	0.00545	0.01126	0.00766	0.04459
2	0.49593	0.01517	0.01435	0.01199	0.01721	0.01649	0.00986	0.08158	0.04195	0.20367	0.01736	0.01729	0.01217	0.00812	0.00594	0.00240	0.00638	0.00554	0.00641	0.01019
3	0.12294	0.01433	0.02154	0.17900	0.25283	0.01516	0.01675	0.02238	0.01684	0.10187	0.07682	0.02342	0.01786	0.01000	0.00940	0.06881	0.00799	0.00728	0.00495	0.00981
4	0.11053	0.01783	0.04665	0.01549	0.02062	0.01890	0.01278	0.11903	0.41817	0.09534	0.02658	0.02489	0.01949	0.00975	0.00748	0.00253	0.00671	0.00778	0.00747	0.01199
5	0.00951	0.00688	0.00899	0.01054	0.01121	0.00637	0.00712	0.01102	0.01541	0.02046	0.07817	0.64425	0.09436	0.02354	0.00981	0.00308	0.00442	0.02124	0.00727	0.00637
6	0.01785	0.07200	0.36583	0.03141	0.28349	0.04802	0.02527	0.02446	0.01707	0.02425	0.01391	0.01713	0.01079	0.00717	0.00733	0.00233	0.01051	0.00606	0.00353	0.01158
7	0.01822	0.05925	0.26358	0.02677	0.03560	0.01919	0.35866	0.02579	0.04005	0.05329	0.01605	0.01949	0.01175	0.00710	0.00825	0.00251	0.01178	0.00768	0.00405	0.01096
8	0.01020	0.00733	0.00967	0.01029	0.01141	0.00680	0.00726	0.01268	0.01833	0.02533	0.35282	0.39657	0.06201	0.02015	0.00953	0.00280	0.00409	0.01811	0.00785	0.00680
9	0.00943	0.00680	0.00895	0.01067	0.01121	0.00631	0.00714	0.01081	0.01497	0.01984	0.04427	0.69465	0.07809	0.02409	0.00987	0.00313	0.00447	0.02180	0.00720	0.00631
10	0.03081	0.01621	0.01991	0.01559	0.02110	0.01656	0.01284	0.21667	0.07317	0.40280	0.02570	0.02363	0.01712	0.00986	0.00905	0.00247	0.05765	0.00756	0.00849	0.01279
11	0.02210	0.01784	0.02315	0.01890	0.02206	0.07701	0.07970	0.07648	0.04289	0.15235	0.08224	0.02358	0.01906	0.01136	0.01504	0.00279	0.28978	0.00788	0.00573	0.01005
12	0.00952	0.00687	0.00903	0.01060	0.01123	0.00637	0.00715	0.01104	0.01539	0.02051	0.08133	0.65424	0.08086	0.02359	0.00982	0.00308	0.00442	0.02132	0.00728	0.00637
13	0.01734	0.12780	0.46808	0.02392	0.09055	0.04894	0.07009	0.02460	0.01678	0.02357	0.01361	0.01633	0.01021	0.00720	0.00719	0.00233	0.01106	0.00584	0.00341	0.01116
14	0.01616	0.01380	0.01597	0.01181	0.01825	0.01103	0.00939	0.02132	0.07644	0.02618	0.04393	0.01907	0.01527	0.00662	0.00609	0.00134	0.00569	0.00539	0.00507	0.67120
15	0.01629	0.01871	0.09013	0.31294	0.07062	0.01795	0.25279	0.02174	0.01631	0.02197	0.01438	0.02032	0.01104	0.00836	0.00994	0.03959	0.03622	0.00761	0.00362	0.00945
16	0.00991	0.00780	0.00894	0.00883	0.01097	0.00683	0.00656	0.01250	0.01917	0.02491	0.31399	0.11560	0.38944	0.01847	0.00921	0.00259	0.00386	0.01585	0.00773	0.00683
17	0.01815	0.02326	0.17762	0.06374	0.46332	0.01838	0.07493	0.02391	0.01735	0.02493	0.01450	0.01875	0.01163	0.00701	0.00773	0.00237	0.01006	0.00683	0.00371	0.01183
18	0.01818	0.02193	0.08267	0.03268	0.06661	0.01947	0.58857	0.02478	0.01816	0.02484	0.01554	0.02058	0.01167	0.00660	0.00898	0.00259	0.01282	0.00886	0.00388	0.01059
19	0.01082	0.00792	0.01015	0.00959	0.01149	0.00725	0.00720	0.01434	0.02159	0.03024	0.62471	0.05933	0.12404	0.01617	0.00915	0.00245	0.00368	0.01422	0.00842	0.00725
20	0.01164	0.00749	0.00987	0.01071	0.01192	0.00687	0.00748	0.01354	0.01674	0.07287	0.15045	0.52646	0.08146	0.02152	0.00957	0.00295	0.00449	0.01933	0.00761	0.00701
21	0.01886	0.10302	0.03682	0.16043	0.08906	0.02091	0.32341	0.07739	0.01870	0.02494	0.01468	0.01937	0.01137	0.00734	0.00883	0.00248	0.04033	0.00766	0.00406	0.01034
22	0.01380	0.01089	0.01284	0.01202	0.01467	0.01141	0.00921	0.02357	0.23977	0.03083	0.40836	0.07247	0.05442	0.01457	0.00881	0.00258	0.00467	0.03795	0.00821	0.00896
23	0.01249	0.00892	0.01249	0.01428	0.01606	0.00892	0.01249	0.01606	0.01785	0.02320	0.04105	0.08746	0.04462	0.02142	0.01071	0.00357	0.00714	0.62695	0.00714	0.00714
24	0.02947	0.02172	0.02327	0.01784	0.02404	0.02404	0.01474	0.65329	0.03646	0.04887	0.01862	0.01862	0.01319	0.00931	0.00776	0.00233	0.00853	0.00698	0.00776	0.01319
25	0.01128	0.00752	0.00846	0.00846	0.00846	0.00752	0.00470	0.01128	0.01128	0.01503	0.02443	0.05074	0.02819	0.72751	0.03946	0.00752	0.00752	0.01128	0.00470	0.00470
26	0.02947	0.02172	0.02327	0.01784	0.02404	0.02404	0.01474	0.65329	0.03646	0.04887	0.01862	0.01862	0.01319	0.00931	0.00776	0.00233	0.00853	0.00698	0.00776	0.01319
27	0.01671	0.01661	0.02369	0.09622	0.02400	0.02303	0.01747	0.01879	0.01227	0.01879	0.01058	0.01737	0.01020	0.01293	0.02350	0.00330	0.63586	0.00680	0.00340	0.00850
28	0.05844	0.01864	0.05425	0.02017	0.02588	0.01880	0.17228	0.08976	0.25785	0.12335	0.02327	0.02360	0.01699	0.00917	0.00903	0.00259	0.04972	0.00809	0.00652	0.01159
29	0.02049	0.70011	0.07059	0.01368	0.02053	0.03009	0.01398	0.02328	0.01578	0.01853	0.01092	0.01262	0.00994	0.00667	0.00509	0.00170	0.00844	0.00422	0.00331	0.01002
30	0.00923	0.00786	0.00795	0.00793	0.01052	0.00658	0.00595	0.01126	0.01784	0.02133	0.10134	0.07398	0.65296	0.01949	0.00916	0.00261	0.00392	0.01627	0.00725	0.00658
31	0.01748	0.01463	0.01584	0.01454	0.01829	0.01644	0.01128	0.05759	0.47974	0.03112	0.09195	0.08529	0.06013	0.01282	0.00832	0.00268	0.00583	0.03725	0.00783	0.01096
32	0.06786	0.01293	0.01719	0.01336	0.01903	0.01141	0.01099	0.03557	0.02176	0.61151	0.07198	0.02782	0.02224	0.00990	0.00775	0.00240	0.00638	0.00804	0.00930	0.01259
33	0.03388	0.01299	0.01770	0.01364	0.01948	0.01124	0.01124	0.03690	0.02218	0.65954	0.05522	0.02760	0.02126	0.00984	0.00785	0.00240	0.00649	0.00804	0.00956	0.01297
34	0.00945	0.00675	0.00900	0.01080	0.01125	0.00630	0.00720	0.01080	0.01484	0.01979	0.04274	0.72245	0.05128	0.02429	0.00990	0.00315	0.00450	0.02204	0.00720	0.00630
35	0.10878	0.02101	0.02202	0.01703	0.02309	0.02334	0.01407	0.58686	0.03400	0.04738	0.01779	0.01798	0.01268	0.00909	0.00744	0.00233	0.00827	0.00669	0.00744	0.01268
36	0.04793	0.64578	0.03796	0.01375	0.02009	0.08907	0.01325	0.02389	0.01622	0.01888	0.01089	0.01258	0.00990	0.00677	0.00515	0.00171	0.00872	0.00422	0.00343	0.00981
37	0.01464	0.01378	0.02326	0.70887	0.05340	0.01723	0.02153	0.01981	0.01550	0.01981	0.01378	0.02067	0.01034	0.00775	0.00775	0.00258	0.01034	0.00689	0.00345	0.00861
38	0.01052	0.00791	0.00973	0.00927	0.01130	0.00712	0.00696	0.01374	0.02087	0.02852	0.52395	0.06215	0.22586	0.01681	0.00915	0.00248	0.00373	0.01462	0.00820	0.00712
39	0.01464	0.01378	0.02326	0.70887	0.05340	0.01723	0.02153	0.01981	0.01550	0.01981	0.01378	0.02067	0.01034	0.00775	0.00775	0.00258	0.01034	0.00689	0.00345	0.00861
40	0.04696	0.00813	0.00977	0.01033	0.01163	0.00776	0.00729	0.01290	0.01506	0.02092	0.08593	0.29651	0.09236	0.20340	0.01711	0.00411	0.00564	0.09475	0.00641	0.04302
41	0.14967	0.05181	0.02052	0.03887	0.02190	0.10253	0.01321	0.25161	0.05200	0.11932	0.01962	0.02015	0.03589	0.00939	0.00838	0.00239	0.05871	0.00665	0.00639	0.01099
42	0.01662	0.04942	0.02326	0.08177	0.11078	0.01406	0.08803	0.02066	0.01632	0.02407	0.01428	0.01794	0.01180	0.00855	0.03742	0.00213	0.00827	0.00579	0.00423	0.44462
43	0.37255	0.06356	0.01446	0.04442	0.01668	0.01532	0.00948	0.06758	0.01759	0.03170	0.17988	0.08876	0.02897	0.01104	0.00672	0.00243	0.00584	0.00859	0.00600	0.00842
44	0.02800	0.06272	0.02331	0.01803	0.02347	0.21501	0.01452	0.39091	0.08533	0.03736	0.01744	0.01786	0.01301	0.00890	0.00741	0.00222	0.00986	0.00642	0.00647	0.01175
45	0.01790	0.01733	0.03001	0.19376	0.44085	0.01779	0.07946	0.02274	0.01713	0.02403	0.01446	0.01950	0.01175	0.00700	0.00771	0.00233	0.00961	0.00697	0.00380	0.05588
46	0.04283	0.09143	0.57644	0.02162	0.03227	0.01906	0.06314	0.02441	0.01632	0.02444	0.01367	0.01620	0.00990	0.00726	0.00720	0.00240	0.01112	0.00575	0.00337	0.01118
47	0.15247	0.02034	0.02106	0.08048	0.02513	0.05005	0.01425	0.44464	0.05041	0.04208	0.01702	0.01795	0.01234	0.00880	0.00724	0.00236	0.00843	0.00649	0.00672	0.01177
48	0.01037	0.00824	0.01036	0.01215	0.05065	0.00751	0.00835	0.01256	0.01687	0.02148	0.07867	0.29665	0.31215	0.02061	0.00954	0.00291	0.00487	0.10210	0.00704	0.00691
49	0.02974	0.01244	0.01661	0.01318	0.01835	0.01108	0.01072	0.03385	0.05573	0.53427	0.14523	0.03213	0.02902	0.01076	0.00804	0.00242	0.00605	0.00895	0.00932	0.01210
50	0.02053	0.69481	0.03975	0.01364	0.01992	0.03032	0.01346	0.02298	0.01555	0.01826	0.01075	0.01267	0.00996	0.00700	0.00604	0.00175	0.04512	0.00428	0.00332	0.00987
51	0.02947	0.02172	0.02327	0.01784	0.02404	0.02404	0.01474	0.65329	0.03646	0.04887	0.01862	0.01862	0.01319	0.00931	0.00776	0.00233	0.00853	0.00698	0.00776	0.01319
52	0.01249	0.00892	0.01249	0.01428	0.01606	0.00892	0.01249	0.01606	0.01785	0.02320	0.04105	0.08746	0.04462	0.02142	0.01071	0.00357	0.00714	0.62695	0.00714	0.00714
53	0.01464	0.01378	0.02326	0.70887	0.05340	0.01723	0.02153	0.01981	0.01550	0.01981	0.01378	0.02067	0.01034	0.00775	0.00775	0.00258	0.01034	0.00689	0.00345	0.00861
54	0.03370	0.01419	0.01851	0.01428	0.02024	0.01296	0.01177	0.10057	0.04631	0.59681	0.02940	0.02569	0.01874	0.00960	0.00780	0.00240	0.00678	0.00775	0.00935	0.01316
55	0.01085	0.00759	0.00833	0.00833	0.00887	0.00732	0.00494	0.01125	0.01258	0.01624	0.03546	0.05561	0.16021	0.58325	0.03329	0.00652	0.00679	0.01231	0.00521	0.00507
56	0.01920	0.01833	0.03074	0.04593	0.64472	0.01847	0.02319	0.02470	0.05147	0.02570	0.01547	0.01970	0.01288	0.00710	0.00769	0.00232	0.00905	0.00701	0.00405	0.01228
57	0.02947	0.02172	0.02327	0.01784	0.02404	0.02404	0.01474	0.65329	0.03646	0.04887	0.01862	0.01862	0.01319	0.00931	0.00776	0.00233	0.00853	0.00698	0.00776	0.01319
58	0.02947	0.02172	0.02327	0.01784	0.02404	0.02404	0.01474	0.65329	0.03646	0.04887	0.01862	0.01862	0.01319	0.00931	0.00776	0.00233	0.00853	0.00698	0.00776	0.01319
59	0.01608	0.01378	0.01608	0.01148	0.01837	0.01034	0.00919	0.01952	0.01608	0.02527	0.01378	0.01608	0.01148	0.00574	0.00574	0.00115	0.00574	0.00459	0.00459	0.77491
60	0.78228	0.01499	0.01140	0.01020	0.01499	0.01739	0.00840	0.02279	0.01320	0.03479	0.01080	0.01260	0.00840	0.00720	0.00480	0.00240	0.00600	0.00420	0.00480	0.00840
61	0.01108	0.00831	0.01246	0.01246	0.01385	0.00969	0.00969	0.01385	0.01246	0.01800	0.02077	0.03046	0.01938	0.05815	0.69678	0.01246	0.02077	0.00831	0.00415	0.00692
62	0.01555	0.04011	0.68733	0.02210	0.03356	0.01801	0.02865	0.02455	0.01637	0.02455	0.01391	0.01637	0.00982	0.00737	0.00737	0.00246	0.01146	0.00573	0.00327	0.01146
63	0.00916	0.00785	0.00785	0.00785	0.01047	0.00655	0.00589	0.01113	0.01767	0.02095	0.07855	0.07462	0.67599	0.01964	0.00916	0.00262	0.00393	0.01636	0.00720	0.00655
64	0.01929	0.01666	0.01753	0.01578	0.02016	0.01929	0.01227	0.04120	0.66513	0.03243	0.03156	0.02893	0.02367	0.01052	0.00789	0.00263	0.00614	0.00877	0.00789	0.01227
65	0.01128	0.00752	0.00846	0.00846	0.00846	0.00752	0.00470	0.01128	0.01128	0.01503	0.02443	0.05074	0.02819	0.72751	0.03946	0.00752	0.00752	0.01128	0.00470	0.00470
66	0.02946	0.02226	0.02322	0.01792	0.02404	0.04775	0.01475	0.63134	0.03594	0.04781	0.01838	0.01845	0.01307	0.00926	0.00773	0.00232	0.00872	0.00691	0.00762	0.01304
67	0.00945	0.00675	0.00900	0.01080	0.01125	0.00630	0.00720	0.01080	0.01484	0.01979	0.04274	0.72245	0.05128	0.02429	0.00990	0.00315	0.00450	0.02204	0.00720	0.00630
68	0.00945	0.00675	0.00900	0.01080	0.01125	0.00630	0.00720	0.01080	0.01484	0.01979	0.04274	0.72245	0.05128	0.02429	0.00990	0.00315	0.00450	0.02204	0.00720	0.00630
69	0.02896	0.03695	0.02197	0.01998	0.02397	0.69638	0.01498	0.03096	0.02197	0.01898	0.01199	0.01398	0.00999	0.00799	0.00699	0.00200	0.01398	0.00499	0.00400	0.00899
70	0.01608	0.01378	0.01608	0.01148	0.01837	0.01034	0.00919	0.01952	0.01608	0.02527	0.01378	0.01608	0.01148	0.00574	0.00574	0.00115	0.00574	0.00459	0.00459	0.77491
71	0.02113	0.69998	0.03984	0.01347	0.02009	0.03038	0.01333	0.05176	0.01669	0.01963	0.01113	0.01272	0.01010	0.00675	0.00510	0.00169	0.00830	0.00427	0.00352	0.01010
72	0.01608	0.01378	0.01608	0.01148	0.01837	0.01034	0.00919	0.01952	0.01608	0.02527	0.01378	0.01608	0.01148	0.00574	0.00574	0.00115	0.00574	0.00459	0.00459	0.77491
73	0.01888	0.01841	0.03185	0.07133	0.50886	0.01861	0.10770	0.02526	0.07342	0.02564	0.01616	0.02033	0.01311	0.00721	0.00790	0.00239	0.00952	0.00737	0.00418	0.01188
