[name]
unknown

[dist]
# distance from previous block
# <min> <max>
0	40

[block]
# block no. 0 follows, 24 sequences, length 11
# corresponding to MSA columns:
# 40-50
name=unknown_A
#
# <colnr> <probs for GDERKNQSTAVLIFYWHMCP>
#	G	D	E	R	K	N	Q	S	T	A	V	L	I	F	Y	W	H	M	C	P
0	0.06729	0.01726	0.01926	0.01653	0.02121	0.01881	0.01390	0.39037	0.02928	0.04000	0.02657	0.04321	0.02440	0.01371	0.00881	0.00283	0.00808	0.21990	0.00754	0.01105
1	0.44241	0.01842	0.01710	0.01393	0.01948	0.02084	0.01149	0.30216	0.02416	0.04203	0.01463	0.01564	0.01078	0.00833	0.00626	0.00242	0.00730	0.00557	0.00626	0.01078
2	0.61186	0.01497	0.01258	0.01099	0.01576	0.01692	0.00899	0.06661	0.01622	0.06888	0.04630	0.01717	0.01339	0.00817	0.00553	0.00242	0.00611	0.00533	0.04274	0.00906
3	0.69188	0.01612	0.01304	0.01132	0.01639	0.01857	0.00933	0.09445	0.01622	0.03722	0.01196	0.01359	0.00915	0.00761	0.00525	0.00245	0.00643	0.00462	0.00525	0.00915
4	0.01881	0.41689	0.32981	0.01765	0.02666	0.02553	0.02067	0.02436	0.01640	0.02157	0.01247	0.01454	0.01012	0.00712	0.00619	0.00206	0.00994	0.00497	0.00337	0.01087
5	0.01374	0.00857	0.01108	0.01043	0.01269	0.00775	0.00782	0.01688	0.02099	0.10658	0.44231	0.15167	0.12475	0.01708	0.00930	0.00261	0.00425	0.01500	0.00853	0.00797
6	0.13030	0.01455	0.02199	0.54209	0.04592	0.01819	0.01961	0.02063	0.01520	0.02248	0.01333	0.01958	0.01026	0.00833	0.00895	0.00268	0.06679	0.00662	0.00373	0.00876
7	0.01116	0.00809	0.01079	0.01036	0.01211	0.00772	0.00777	0.01468	0.02093	0.02964	0.56005	0.08747	0.06714	0.02182	0.09108	0.00376	0.00588	0.01403	0.00813	0.00738
8	0.01303	0.00789	0.01054	0.01123	0.01261	0.00724	0.00790	0.01500	0.01728	0.10102	0.14488	0.52533	0.05219	0.02162	0.00974	0.00301	0.00472	0.01944	0.00788	0.00746
9	0.01486	0.01321	0.02134	0.55827	0.04587	0.01635	0.01929	0.01962	0.01572	0.02126	0.01645	0.05029	0.01339	0.00909	0.00871	0.00262	0.04662	0.00771	0.09080	0.00854
10	0.01808	0.01944	0.03934	0.13822	0.11760	0.01887	0.42780	0.02409	0.01803	0.02469	0.01547	0.02080	0.01185	0.00687	0.00871	0.00253	0.01194	0.00840	0.00397	0.06331

[dist]
# distance from previous block
# <min> <max>
3	10

[block]
# block no. 1 follows, 24 sequences, length 22
# corresponding to MSA columns:
# 63-84
name=unknown_B
#
# <colnr> <probs for GDERKNQSTAVLIFYWHMCP>
#	G	D	E	R	K	N	Q	S	T	A	V	L	I	F	Y	W	H	M	C	P
0	0.02071	0.01486	0.01751	0.01278	0.01962	0.01220	0.01033	0.08842	0.01956	0.12462	0.01715	0.01827	0.01309	0.00684	0.00640	0.00149	0.00630	0.00544	0.00579	0.57863
1	0.01486	0.01383	0.02320	0.66561	0.05258	0.01717	0.02153	0.02006	0.01598	0.02045	0.01558	0.02478	0.01244	0.00867	0.00809	0.00270	0.01040	0.03963	0.00372	0.00873
2	0.01278	0.00913	0.01278	0.01460	0.01643	0.00913	0.01278	0.01643	0.01825	0.02373	0.04199	0.08945	0.04564	0.02191	0.01095	0.00365	0.00730	0.61847	0.00730	0.00730
3	0.01644	0.01409	0.01644	0.01175	0.01879	0.01057	0.00940	0.01997	0.01644	0.02584	0.01409	0.01644	0.01175	0.00587	0.00587	0.00117	0.00587	0.00470	0.00470	0.76979
4	0.03558	0.01350	0.01840	0.01411	0.02024	0.01166	0.01166	0.03865	0.02270	0.67734	0.03128	0.02699	0.01963	0.00981	0.00797	0.00245	0.00675	0.00797	0.00981	0.01350
5	0.01377	0.00689	0.01033	0.01033	0.01033	0.00689	0.00689	0.01033	0.01033	0.01377	0.01377	0.02410	0.01377	0.02755	0.03099	0.76928	0.00689	0.00689	0.00344	0.00344
6	0.01963	0.01884	0.03219	0.04867	0.67185	0.01884	0.02434	0.02434	0.01806	0.02591	0.01492	0.01963	0.01256	0.00707	0.00785	0.00236	0.00942	0.00707	0.00393	0.01256
7	0.05863	0.01417	0.02309	0.66264	0.05237	0.01763	0.02125	0.02044	0.01572	0.02114	0.01392	0.02067	0.01046	0.00790	0.00776	0.00263	0.01032	0.00689	0.00360	0.00880
8	0.01590	0.04102	0.68023	0.02260	0.03432	0.01842	0.02930	0.02511	0.01674	0.02511	0.01423	0.01674	0.01005	0.00753	0.00753	0.00251	0.01172	0.00586	0.00335	0.01172
9	0.00942	0.00786	0.00821	0.00850	0.01083	0.00666	0.00623	0.01133	0.01763	0.02124	0.07465	0.17552	0.57309	0.02082	0.00949	0.00276	0.00411	0.01764	0.00736	0.00666
10	0.00966	0.00690	0.00920	0.01104	0.01150	0.00644	0.00736	0.01104	0.01518	0.02024	0.04371	0.71614	0.05245	0.02484	0.01012	0.00322	0.00460	0.02254	0.00736	0.00644
11	0.01590	0.04102	0.68023	0.02260	0.03432	0.01842	0.02930	0.02511	0.01674	0.02511	0.01423	0.01674	0.01005	0.00753	0.00753	0.00251	0.01172	0.00586	0.00335	0.01172
12	0.01498	0.01409	0.02378	0.70226	0.05462	0.01762	0.02202	0.02026	0.01586	0.02026	0.01409	0.02114	0.01057	0.00793	0.00793	0.00264	0.01057	0.00705	0.00352	0.00881
13	0.01498	0.01409	0.02378	0.70226	0.05462	0.01762	0.02202	0.02026	0.01586	0.02026	0.01409	0.02114	0.01057	0.00793	0.00793	0.00264	0.01057	0.00705	0.00352	0.00881
14	0.01936	0.01857	0.03171	0.08598	0.63662	0.01877	0.02420	0.02410	0.01793	0.02558	0.01487	0.01971	0.01245	0.00711	0.00785	0.00237	0.00949	0.00706	0.00390	0.01235
15	0.03558	0.01350	0.01840	0.01411	0.02024	0.01166	0.01166	0.03865	0.02270	0.67734	0.03128	0.02699	0.01963	0.00981	0.00797	0.00245	0.00675	0.00797	0.00981	0.01350
16	0.01963	0.01884	0.03219	0.04867	0.67185	0.01884	0.02434	0.02434	0.01806	0.02591	0.01492	0.01963	0.01256	0.00707	0.00785	0.00236	0.00942	0.00707	0.00393	0.01256
17	0.69949	0.01605	0.01292	0.01124	0.01630	0.01850	0.00926	0.08812	0.01597	0.03708	0.01187	0.01352	0.00910	0.00759	0.00522	0.00245	0.00640	0.00459	0.00522	0.00910
18	0.73751	0.01570	0.01230	0.01084	0.01583	0.01815	0.00893	0.05646	0.01476	0.03635	0.01147	0.01321	0.00885	0.00748	0.00507	0.00245	0.00627	0.00445	0.00507	0.00885
19	0.46045	0.01685	0.08635	0.01233	0.01778	0.01538	0.01124	0.02495	0.01667	0.14300	0.10642	0.02217	0.01986	0.00903	0.00634	0.00247	0.00652	0.00649	0.00610	0.00961
20	0.02818	0.01849	0.02056	0.01622	0.02184	0.01985	0.01324	0.39915	0.10309	0.16139	0.05247	0.02415	0.01901	0.01000	0.00788	0.00240	0.00756	0.00784	0.05393	0.01274
21	0.57242	0.01479	0.01280	0.01131	0.01602	0.01667	0.00918	0.02592	0.08594	0.08587	0.06865	0.01963	0.01660	0.00865	0.00586	0.00248	0.00600	0.00592	0.00596	0.00932

[dist]
# distance from previous block
# <min> <max>
4	91

[block]
# block no. 2 follows, 24 sequences, length 22
# corresponding to MSA columns:
# 205-226
name=unknown_C
#
# <colnr> <probs for GDERKNQSTAVLIFYWHMCP>
#	G	D	E	R	K	N	Q	S	T	A	V	L	I	F	Y	W	H	M	C	P
0	0.30795	0.14369	0.10928	0.01434	0.02038	0.02009	0.01357	0.02820	0.11559	0.10564	0.01713	0.01780	0.01286	0.00835	0.00695	0.00240	0.03410	0.00576	0.00545	0.01049
1	0.11535	0.01663	0.10466	0.21991	0.02974	0.01458	0.01552	0.02257	0.06105	0.07989	0.05561	0.06032	0.09862	0.01066	0.00770	0.00251	0.00781	0.00881	0.00549	0.06260
2	0.04447	0.01820	0.05021	0.09110	0.02986	0.01875	0.18784	0.02611	0.12650	0.04939	0.01756	0.02100	0.01371	0.00899	0.01151	0.00259	0.14767	0.00754	0.00487	0.12211
3	0.01674	0.12510	0.56999	0.02272	0.06295	0.02005	0.02711	0.02491	0.01673	0.02435	0.01386	0.01638	0.01018	0.00742	0.00725	0.00240	0.01121	0.00572	0.00338	0.01157
4	0.02934	0.02375	0.02363	0.05201	0.02605	0.10688	0.01544	0.53852	0.03439	0.04472	0.01795	0.01855	0.01294	0.00927	0.00784	0.00235	0.00951	0.00688	0.00724	0.01272
5	0.10506	0.00795	0.00951	0.01097	0.01198	0.00785	0.00751	0.01257	0.01497	0.02215	0.03965	0.62874	0.04700	0.02267	0.00947	0.00313	0.00479	0.02028	0.00706	0.00671
6	0.01122	0.00811	0.01060	0.00998	0.01185	0.00748	0.00748	0.01496	0.02245	0.03180	0.66766	0.05923	0.07482	0.01621	0.00935	0.00249	0.00374	0.01434	0.00873	0.00748
7	0.00966	0.00690	0.00920	0.01104	0.01150	0.00644	0.00736	0.01104	0.01518	0.02024	0.04371	0.71614	0.05245	0.02484	0.01012	0.00322	0.00460	0.02254	0.00736	0.00644
8	0.01901	0.02094	0.04383	0.06256	0.04047	0.02031	0.56194	0.05303	0.01917	0.02603	0.01587	0.02111	0.01197	0.00715	0.00988	0.00269	0.04017	0.00906	0.00415	0.01066
9	0.01684	0.16191	0.56752	0.02101	0.03186	0.02070	0.02652	0.02487	0.01663	0.02397	0.01366	0.01603	0.01007	0.00740	0.00710	0.00237	0.01115	0.00557	0.00336	0.01145
10	0.03014	0.02221	0.02380	0.01825	0.02459	0.02459	0.01507	0.64541	0.03728	0.04998	0.01904	0.01904	0.01349	0.00952	0.00793	0.00238	0.00873	0.00714	0.00793	0.01349
11	0.00966	0.00690	0.00920	0.01104	0.01150	0.00644	0.00736	0.01104	0.01518	0.02024	0.04371	0.71614	0.05245	0.02484	0.01012	0.00322	0.00460	0.02254	0.00736	0.00644
12	0.77733	0.01534	0.01166	0.01043	0.01534	0.01779	0.00859	0.02331	0.01350	0.03558	0.01104	0.01288	0.00859	0.00736	0.00491	0.00245	0.00613	0.00429	0.00491	0.00859
13	0.01644	0.01409	0.01644	0.01175	0.01879	0.01057	0.00940	0.01997	0.01644	0.02584	0.01409	0.01644	0.01175	0.00587	0.00587	0.00117	0.00587	0.00470	0.00470	0.76979
14	0.00963	0.00704	0.00906	0.01067	0.01140	0.00647	0.00720	0.01108	0.01554	0.02039	0.04826	0.63662	0.12902	0.02425	0.01003	0.00315	0.00453	0.02182	0.00736	0.00647
15	0.01744	0.03077	0.35791	0.02997	0.11627	0.01909	0.26295	0.02513	0.01766	0.02532	0.01501	0.01887	0.01112	0.00715	0.00827	0.00255	0.01206	0.00734	0.00367	0.01143
16	0.01605	0.04001	0.64783	0.02316	0.03469	0.01850	0.06069	0.02513	0.01684	0.02513	0.01432	0.01698	0.01015	0.00749	0.00763	0.00252	0.01180	0.00604	0.00338	0.01167
17	0.02962	0.03779	0.02247	0.02043	0.02451	0.68948	0.01532	0.03166	0.02247	0.01941	0.01226	0.01430	0.01021	0.00817	0.00715	0.00204	0.01430	0.00511	0.00409	0.00919
18	0.01644	0.01409	0.01644	0.01175	0.01879	0.01057	0.00940	0.01997	0.01644	0.02584	0.01409	0.01644	0.01175	0.00587	0.00587	0.00117	0.00587	0.00470	0.00470	0.76979
19	0.01153	0.00769	0.00865	0.00865	0.00865	0.00769	0.00480	0.01153	0.01153	0.01538	0.02499	0.05189	0.02883	0.72131	0.04036	0.00769	0.00769	0.01153	0.00480	0.00480
20	0.00956	0.00809	0.00830	0.00840	0.01103	0.00683	0.00641	0.01167	0.01808	0.02155	0.07817	0.07706	0.63351	0.02019	0.00946	0.00273	0.00420	0.05066	0.00736	0.00673
21	0.02016	0.01985	0.03167	0.04718	0.63756	0.05436	0.02386	0.02472	0.01829	0.02556	0.01478	0.01934	0.01244	0.00712	0.00781	0.00234	0.00968	0.00696	0.00393	0.01238

[dist]
# distance from previous block
# <min> <max>
0	21

[block]
# block no. 3 follows, 24 sequences, length 34
# corresponding to MSA columns:
# 248-281
name=unknown_D
#
# <colnr> <probs for GDERKNQSTAVLIFYWHMCP>
#	G	D	E	R	K	N	Q	S	T	A	V	L	I	F	Y	W	H	M	C	P
0	0.01855	0.02087	0.04436	0.03184	0.03945	0.01981	0.58499	0.02486	0.01831	0.02513	0.01569	0.02098	0.01194	0.00698	0.00997	0.00264	0.04507	0.00903	0.00402	0.04551
1	0.01735	0.01735	0.02429	0.02082	0.02082	0.02429	0.01735	0.01908	0.01214	0.01908	0.01041	0.01735	0.01041	0.01388	0.02602	0.00347	0.70680	0.00694	0.00347	0.00867
2	0.00955	0.00795	0.00834	0.00843	0.01087	0.00674	0.00625	0.01165	0.01821	0.02219	0.12629	0.12446	0.57157	0.02013	0.00943	0.00270	0.00404	0.01699	0.00748	0.00674
3	0.00966	0.00690	0.00920	0.01104	0.01150	0.00644	0.00736	0.01104	0.01518	0.02024	0.04371	0.71614	0.05245	0.02484	0.01012	0.00322	0.00460	0.02254	0.00736	0.00644
4	0.01590	0.04102	0.68023	0.02260	0.03432	0.01842	0.02930	0.02511	0.01674	0.02511	0.01423	0.01674	0.01005	0.00753	0.00753	0.00251	0.01172	0.00586	0.00335	0.01172
5	0.00985	0.00703	0.00942	0.01125	0.01180	0.00660	0.00769	0.01136	0.01537	0.02045	0.04360	0.67863	0.05204	0.02467	0.01017	0.00325	0.00476	0.05821	0.00736	0.00649
6	0.01133	0.00850	0.01274	0.01274	0.01416	0.00991	0.00991	0.01416	0.01274	0.01841	0.02124	0.03115	0.01982	0.05947	0.68989	0.01274	0.02124	0.00850	0.00425	0.00708
7	0.77733	0.01534	0.01166	0.01043	0.01534	0.01779	0.00859	0.02331	0.01350	0.03558	0.01104	0.01288	0.00859	0.00736	0.00491	0.00245	0.00613	0.00429	0.00491	0.00859
8	0.06703	0.02467	0.02296	0.01825	0.02412	0.14385	0.01480	0.50422	0.03344	0.04377	0.01742	0.01788	0.01265	0.00917	0.00764	0.00232	0.00960	0.00663	0.00709	0.01247
9	0.01122	0.00811	0.01060	0.00998	0.01185	0.00748	0.00748	0.01496	0.02245	0.03180	0.66766	0.05923	0.07482	0.01621	0.00935	0.00249	0.00374	0.01434	0.00873	0.00748
10	0.01644	0.01409	0.01644	0.01175	0.01879	0.01057	0.00940	0.01997	0.01644	0.02584	0.01409	0.01644	0.01175	0.00587	0.00587	0.00117	0.00587	0.00470	0.00470	0.76979
11	0.77733	0.01534	0.01166	0.01043	0.01534	0.01779	0.00859	0.02331	0.01350	0.03558	0.01104	0.01288	0.00859	0.00736	0.00491	0.00245	0.00613	0.00429	0.00491	0.00859
12	0.00952	0.00804	0.00823	0.00818	0.01080	0.00676	0.00614	0.01166	0.01841	0.02223	0.12583	0.07499	0.62263	0.01978	0.00937	0.00266	0.00400	0.01655	0.00747	0.00676
13	0.01534	0.01446	0.02444	0.65163	0.10243	0.01771	0.02220	0.02058	0.01603	0.02070	0.01416	0.02102	0.01072	0.00786	0.00792	0.00262	0.01048	0.00705	0.00355	0.00910
14	0.01972	0.01703	0.01793	0.01614	0.02062	0.01972	0.01255	0.04214	0.65752	0.03317	0.03228	0.02959	0.02421	0.01076	0.00807	0.00269	0.00628	0.00897	0.00807	0.01255
15	0.00937	0.00803	0.00803	0.00803	0.01071	0.00669	0.00602	0.01138	0.01807	0.02142	0.08033	0.07632	0.66863	0.02008	0.00937	0.00268	0.00402	0.01674	0.00736	0.00669
16	0.01498	0.01409	0.02378	0.70226	0.05462	0.01762	0.02202	0.02026	0.01586	0.02026	0.01409	0.02114	0.01057	0.00793	0.00793	0.00264	0.01057	0.00705	0.00352	0.00881
17	0.03558	0.01350	0.01840	0.01411	0.02024	0.01166	0.01166	0.03865	0.02270	0.67734	0.03128	0.02699	0.01963	0.00981	0.00797	0.00245	0.00675	0.00797	0.00981	0.01350
18	0.01690	0.16921	0.56072	0.02091	0.03171	0.02084	0.02636	0.02486	0.01662	0.02390	0.01363	0.01599	0.01007	0.00739	0.00708	0.00236	0.01111	0.00556	0.00336	0.01143
19	0.02962	0.03779	0.02247	0.02043	0.02451	0.68948	0.01532	0.03166	0.02247	0.01941	0.01226	0.01430	0.01021	0.00817	0.00715	0.00204	0.01430	0.00511	0.00409	0.00919
20	0.00937	0.00803	0.00803	0.00803	0.01071	0.00669	0.00602	0.01138	0.01807	0.02142	0.08033	0.07632	0.66863	0.02008	0.00937	0.00268	0.00402	0.01674	0.00736	0.00669
21	0.00939	0.00796	0.00811	0.00824	0.01076	0.00668	0.00612	0.01136	0.01788	0.02134	0.07786	0.11952	0.62702	0.02040	0.00942	0.00271	0.00406	0.01713	0.00736	0.00668
22	0.00937	0.00803	0.00803	0.00803	0.01071	0.00669	0.00602	0.01138	0.01807	0.02142	0.08033	0.07632	0.66863	0.02008	0.00937	0.00268	0.00402	0.01674	0.00736	0.00669
23	0.00937	0.00803	0.00803	0.00803	0.01071	0.00669	0.00602	0.01138	0.01807	0.02142	0.08033	0.07632	0.66863	0.02008	0.00937	0.00268	0.00402	0.01674	0.00736	0.00669
24	0.01590	0.04102	0.68023	0.02260	0.03432	0.01842	0.02930	0.02511	0.01674	0.02511	0.01423	0.01674	0.01005	0.00753	0.00753	0.00251	0.01172	0.00586	0.00335	0.01172
25	0.03014	0.02221	0.02380	0.01825	0.02459	0.02459	0.01507	0.64541	0.03728	0.04998	0.01904	0.01904	0.01349	0.00952	0.00793	0.00238	0.00873	0.00714	0.00793	0.01349
26	0.02120	0.72609	0.04155	0.01357	0.02035	0.03138	0.01357	0.02374	0.01611	0.01866	0.01102	0.01272	0.01018	0.00678	0.00509	0.00170	0.00848	0.00424	0.00339	0.01018
27	0.01656	0.01447	0.01801	0.01287	0.01996	0.01106	0.04219	0.02025	0.01656	0.02582	0.01420	0.01670	0.01176	0.00591	0.00605	0.00125	0.00626	0.00494	0.00466	0.73050
28	0.01978	0.54204	0.21314	0.01600	0.02411	0.02790	0.01779	0.02411	0.01628	0.02039	0.01189	0.01380	0.01014	0.00699	0.00575	0.00192	0.00935	0.00468	0.00338	0.01059
29	0.01133	0.00850	0.01274	0.01274	0.01416	0.00991	0.00991	0.01416	0.01274	0.01841	0.02124	0.03115	0.01982	0.05947	0.68989	0.01274	0.02124	0.00850	0.00425	0.00708
30	0.01321	0.00815	0.00950	0.00930	0.00980	0.00802	0.00564	0.01359	0.01260	0.06047	0.02621	0.05199	0.02900	0.64022	0.03678	0.00714	0.00761	0.03998	0.00526	0.00551
31	0.01802	0.01507	0.01898	0.01389	0.02044	0.01272	0.04310	0.05185	0.01754	0.05111	0.01484	0.01729	0.01205	0.00678	0.00759	0.00151	0.05377	0.00534	0.00493	0.61317
32	0.05090	0.11689	0.53815	0.02053	0.03105	0.01947	0.02553	0.02569	0.01688	0.06386	0.01474	0.01673	0.01057	0.00758	0.00716	0.00241	0.01081	0.00573	0.00381	0.01151
33	0.26596	0.04835	0.04622	0.01338	0.01925	0.01539	0.01159	0.06792	0.02010	0.35376	0.04769	0.02225	0.01712	0.00904	0.00691	0.00242	0.00685	0.00676	0.00754	0.01148

[dist]
# distance from previous block
# <min> <max>
0	9

[block]
# block no. 4 follows, 24 sequences, length 6
# corresponding to MSA columns:
# 292-297
name=unknown_E
#
# <colnr> <probs for GDERKNQSTAVLIFYWHMCP>
#	G	D	E	R	K	N	Q	S	T	A	V	L	I	F	Y	W	H	M	C	P
0	0.09078	0.01698	0.02611	0.09779	0.28525	0.01880	0.05903	0.06189	0.01735	0.02597	0.01732	0.02208	0.04020	0.01269	0.05907	0.00335	0.12309	0.00745	0.00434	0.01048
1	0.01342	0.00815	0.01108	0.01092	0.01194	0.00793	0.00756	0.01350	0.05340	0.01826	0.06191	0.15534	0.02536	0.02362	0.02237	0.47101	0.00615	0.01025	0.00490	0.06292
2	0.01872	0.02139	0.04679	0.03342	0.04144	0.02005	0.64305	0.02540	0.01872	0.02540	0.01604	0.02139	0.01203	0.00668	0.00936	0.00267	0.01337	0.00936	0.00401	0.01070
3	0.01818	0.02383	0.14573	0.02920	0.03754	0.01917	0.46354	0.02607	0.05869	0.02587	0.01665	0.02084	0.01246	0.00703	0.00876	0.00255	0.01218	0.00847	0.00420	0.05903
4	0.02962	0.03779	0.02247	0.02043	0.02451	0.68948	0.01532	0.03166	0.02247	0.01941	0.01226	0.01430	0.01021	0.00817	0.00715	0.00204	0.01430	0.00511	0.00409	0.00919
5	0.65621	0.01645	0.01362	0.01170	0.01684	0.01889	0.00964	0.12415	0.01735	0.03791	0.01234	0.01388	0.00938	0.00771	0.00540	0.00244	0.00655	0.00476	0.00540	0.00938

[dist]
# distance from previous block
# <min> <max>
0	4

[block]
# block no. 5 follows, 24 sequences, length 43
# corresponding to MSA columns:
# 302-344
name=unknown_F
#
# <colnr> <probs for GDERKNQSTAVLIFYWHMCP>
#	G	D	E	R	K	N	Q	S	T	A	V	L	I	F	Y	W	H	M	C	P
0	0.01151	0.00844	0.01246	0.01246	0.01390	0.00978	0.00968	0.01439	0.01295	0.01900	0.02148	0.03107	0.01985	0.05682	0.65379	0.01217	0.02031	0.00844	0.04440	0.00710
1	0.03014	0.02221	0.02380	0.01825	0.02459	0.02459	0.01507	0.64541	0.03728	0.04998	0.01904	0.01904	0.01349	0.00952	0.00793	0.00238	0.00873	0.00714	0.00793	0.01349
2	0.03014	0.02221	0.02380	0.01825	0.02459	0.02459	0.01507	0.64541	0.03728	0.04998	0.01904	0.01904	0.01349	0.00952	0.00793	0.00238	0.00873	0.00714	0.00793	0.01349
3	0.00975	0.00697	0.00928	0.01098	0.01152	0.00650	0.00737	0.01128	0.01562	0.02093	0.08098	0.67689	0.05378	0.02433	0.01008	0.00318	0.00455	0.02205	0.00744	0.00650
4	0.02922	0.07279	0.02359	0.01988	0.02430	0.59868	0.01521	0.08301	0.02339	0.02195	0.01276	0.01462	0.01049	0.00821	0.00711	0.00205	0.01352	0.00523	0.00437	0.00961
5	0.02120	0.72609	0.04155	0.01357	0.02035	0.03138	0.01357	0.02374	0.01611	0.01866	0.01102	0.01272	0.01018	0.00678	0.00509	0.00170	0.00848	0.00424	0.00339	0.01018
6	0.00966	0.00690	0.00920	0.01104	0.01150	0.00644	0.00736	0.01104	0.01518	0.02024	0.04371	0.71614	0.05245	0.02484	0.01012	0.00322	0.00460	0.02254	0.00736	0.00644
7	0.00965	0.00696	0.00914	0.01088	0.01146	0.00645	0.00729	0.01106	0.01534	0.02031	0.04567	0.68186	0.08546	0.02459	0.01008	0.00319	0.00457	0.02223	0.00736	0.00645
8	0.02079	0.67278	0.09125	0.01427	0.02144	0.03037	0.01479	0.02385	0.01616	0.01916	0.01127	0.01303	0.01017	0.00684	0.00528	0.00176	0.00873	0.00437	0.00339	0.01030
9	0.01455	0.01323	0.02190	0.61684	0.04920	0.01628	0.02013	0.01946	0.01584	0.02068	0.01693	0.07560	0.01427	0.00930	0.00799	0.00265	0.00979	0.00827	0.03851	0.00856
10	0.01498	0.01409	0.02378	0.70226	0.05462	0.01762	0.02202	0.02026	0.01586	0.02026	0.01409	0.02114	0.01057	0.00793	0.00793	0.00264	0.01057	0.00705	0.00352	0.00881
11	0.74053	0.01567	0.01225	0.01081	0.01579	0.01812	0.00891	0.05395	0.01467	0.03629	0.01144	0.01319	0.00883	0.00747	0.00506	0.00245	0.00626	0.00443	0.00506	0.00883
12	0.03011	0.02314	0.02372	0.01838	0.02459	0.06431	0.01509	0.60874	0.03640	0.04815	0.01863	0.01876	0.01329	0.00944	0.00789	0.00236	0.00906	0.00702	0.00770	0.01323
13	0.11520	0.01421	0.01725	0.01314	0.01941	0.01253	0.01076	0.05404	0.02034	0.38758	0.02342	0.02195	0.01580	0.00836	0.00700	0.00207	0.00649	0.00655	0.00767	0.23623
14	0.01114	0.00810	0.01049	0.00989	0.01180	0.00745	0.00742	0.01481	0.02226	0.03135	0.64235	0.05997	0.10041	0.01638	0.00935	0.00250	0.00375	0.01444	0.00867	0.00745
15	0.01972	0.01703	0.01793	0.01614	0.02062	0.01972	0.01255	0.04214	0.65752	0.03317	0.03228	0.02959	0.02421	0.01076	0.00807	0.00269	0.00628	0.00897	0.00807	0.01255
16	0.01590	0.04102	0.68023	0.02260	0.03432	0.01842	0.02930	0.02511	0.01674	0.02511	0.01423	0.01674	0.01005	0.00753	0.00753	0.00251	0.01172	0.00586	0.00335	0.01172
17	0.00937	0.00803	0.00803	0.00803	0.01071	0.00669	0.00602	0.01138	0.01807	0.02142	0.08033	0.07632	0.66863	0.02008	0.00937	0.00268	0.00402	0.01674	0.00736	0.00669
18	0.01498	0.01409	0.02378	0.70226	0.05462	0.01762	0.02202	0.02026	0.01586	0.02026	0.01409	0.02114	0.01057	0.00793	0.00793	0.00264	0.01057	0.00705	0.00352	0.00881
19	0.03558	0.01350	0.01840	0.01411	0.02024	0.01166	0.01166	0.03865	0.02270	0.67734	0.03128	0.02699	0.01963	0.00981	0.00797	0.00245	0.00675	0.00797	0.00981	0.01350
20	0.01935	0.01924	0.02953	0.19455	0.48164	0.07075	0.02311	0.02398	0.01790	0.02412	0.01452	0.01956	0.01193	0.00735	0.00781	0.00240	0.01006	0.00691	0.00385	0.01145
21	0.01590	0.04102	0.68023	0.02260	0.03432	0.01842	0.02930	0.02511	0.01674	0.02511	0.01423	0.01674	0.01005	0.00753	0.00753	0.00251	0.01172	0.00586	0.00335	0.01172
22	0.01122	0.00811	0.01060	0.00998	0.01185	0.00748	0.00748	0.01496	0.02245	0.03180	0.66766	0.05923	0.07482	0.01621	0.00935	0.00249	0.00374	0.01434	0.00873	0.00748
23	0.01122	0.00811	0.01060	0.00998	0.01185	0.00748	0.00748	0.01496	0.02245	0.03180	0.66766	0.05923	0.07482	0.01621	0.00935	0.00249	0.00374	0.01434	0.00873	0.00748
24	0.00963	0.00804	0.00839	0.00831	0.01087	0.00681	0.00623	0.01188	0.01869	0.02288	0.16297	0.07391	0.58508	0.01954	0.00937	0.00265	0.00398	0.01640	0.00756	0.00681
25	0.01133	0.00850	0.01274	0.01274	0.01416	0.00991	0.00991	0.01416	0.01274	0.01841	0.02124	0.03115	0.01982	0.05947	0.68989	0.01274	0.02124	0.00850	0.00425	0.00708
26	0.02120	0.72609	0.04155	0.01357	0.02035	0.03138	0.01357	0.02374	0.01611	0.01866	0.01102	0.01272	0.01018	0.00678	0.00509	0.00170	0.00848	0.00424	0.00339	0.01018
27	0.02157	0.01795	0.01897	0.01651	0.02132	0.02059	0.01300	0.14910	0.54755	0.03615	0.02993	0.02772	0.02231	0.01054	0.00804	0.00263	0.00671	0.00864	0.00804	0.01272
28	0.02763	0.01567	0.01846	0.01531	0.02066	0.01625	0.01227	0.07284	0.33021	0.33248	0.03111	0.02782	0.02151	0.01025	0.00802	0.00256	0.00663	0.00841	0.00887	0.01304
29	0.00965	0.00695	0.00915	0.01091	0.01147	0.00645	0.00730	0.01106	0.01531	0.02029	0.04528	0.68856	0.07900	0.02464	0.01009	0.00320	0.00458	0.02229	0.00736	0.00645
30	0.03014	0.02221	0.02380	0.01825	0.02459	0.02459	0.01507	0.64541	0.03728	0.04998	0.01904	0.01904	0.01349	0.00952	0.00793	0.00238	0.00873	0.00714	0.00793	0.01349
31	0.01825	0.01744	0.02970	0.24195	0.48932	0.01848	0.02365	0.02313	0.01741	0.02424	0.01467	0.02007	0.01197	0.00732	0.00787	0.00244	0.00976	0.00706	0.00381	0.01145
32	0.03014	0.02221	0.02380	0.01825	0.02459	0.02459	0.01507	0.64541	0.03728	0.04998	0.01904	0.01904	0.01349	0.00952	0.00793	0.00238	0.00873	0.00714	0.00793	0.01349
33	0.01590	0.04102	0.68023	0.02260	0.03432	0.01842	0.02930	0.02511	0.01674	0.02511	0.01423	0.01674	0.01005	0.00753	0.00753	0.00251	0.01172	0.00586	0.00335	0.01172
34	0.01590	0.04102	0.68023	0.02260	0.03432	0.01842	0.02930	0.02511	0.01674	0.02511	0.01423	0.01674	0.01005	0.00753	0.00753	0.00251	0.01172	0.00586	0.00335	0.01172
35	0.02962	0.03779	0.02247	0.02043	0.02451	0.68948	0.01532	0.03166	0.02247	0.01941	0.01226	0.01430	0.01021	0.00817	0.00715	0.00204	0.01430	0.00511	0.00409	0.00919
36	0.00966	0.00690	0.00920	0.01104	0.01150	0.00644	0.00736	0.01104	0.01518	0.02024	0.04371	0.71614	0.05245	0.02484	0.01012	0.00322	0.00460	0.02254	0.00736	0.00644
37	0.03014	0.02221	0.02380	0.01825	0.02459	0.02459	0.01507	0.64541	0.03728	0.04998	0.01904	0.01904	0.01349	0.00952	0.00793	0.00238	0.00873	0.00714	0.00793	0.01349
38	0.01972	0.01703	0.01793	0.01614	0.02062	0.01972	0.01255	0.04214	0.65752	0.03317	0.03228	0.02959	0.02421	0.01076	0.00807	0.00269	0.00628	0.00897	0.00807	0.01255
39	0.00978	0.00699	0.00931	0.01096	0.01153	0.00652	0.00737	0.01135	0.01575	0.02114	0.09226	0.66503	0.05419	0.02417	0.01006	0.00316	0.00453	0.02191	0.00747	0.00652
40	0.73783	0.01496	0.01160	0.01040	0.01516	0.01726	0.00853	0.02288	0.01396	0.03538	0.04489	0.01527	0.01200	0.00782	0.00514	0.00246	0.00601	0.00481	0.00510	0.00853
41	0.01546	0.01404	0.02249	0.54370	0.04620	0.01745	0.01993	0.05169	0.01637	0.02150	0.01498	0.02201	0.01182	0.01454	0.09068	0.00389	0.05335	0.00722	0.00383	0.00884
42	0.01975	0.01430	0.01805	0.01305	0.01999	0.01115	0.03636	0.02333	0.01759	0.13512	0.01706	0.01842	0.01308	0.00657	0.00637	0.00145	0.00633	0.00544	0.00553	0.61106

[dist]
# distance from previous block
# <min> <max>
1	11

[block]
# block no. 6 follows, 24 sequences, length 39
# corresponding to MSA columns:
# 356-394
name=unknown_G
#
# <colnr> <probs for GDERKNQSTAVLIFYWHMCP>
#	G	D	E	R	K	N	Q	S	T	A	V	L	I	F	Y	W	H	M	C	P
0	0.52024	0.09754	0.01583	0.01151	0.01620	0.01847	0.00955	0.05823	0.04209	0.03284	0.03871	0.07782	0.01594	0.00942	0.00585	0.00244	0.00634	0.00662	0.00539	0.00899
1	0.04311	0.06915	0.39861	0.01940	0.02769	0.01634	0.06712	0.02186	0.01677	0.02472	0.05512	0.13766	0.02097	0.01078	0.00791	0.00255	0.00960	0.00922	0.00448	0.03694
2	0.56695	0.01580	0.01417	0.01194	0.01722	0.01752	0.00984	0.09634	0.01775	0.14605	0.01538	0.01597	0.01101	0.00802	0.00577	0.00245	0.00653	0.00524	0.00608	0.00997
3	0.01906	0.01997	0.04045	0.02931	0.03629	0.01932	0.49211	0.02477	0.01796	0.05149	0.01588	0.02074	0.01214	0.00752	0.01080	0.00262	0.08785	0.00862	0.00425	0.07886
4	0.77733	0.01534	0.01166	0.01043	0.01534	0.01779	0.00859	0.02331	0.01350	0.03558	0.01104	0.01288	0.00859	0.00736	0.00491	0.00245	0.00613	0.00429	0.00491	0.00859
5	0.01525	0.01410	0.02281	0.61583	0.05014	0.01739	0.02084	0.02183	0.06708	0.02145	0.01683	0.02497	0.01328	0.00880	0.00808	0.00269	0.01008	0.03545	0.00406	0.00904
6	0.01122	0.00811	0.01060	0.00998	0.01185	0.00748	0.00748	0.01496	0.02245	0.03180	0.66766	0.05923	0.07482	0.01621	0.00935	0.00249	0.00374	0.01434	0.00873	0.00748
7	0.03014	0.02221	0.02380	0.01825	0.02459	0.02459	0.01507	0.64541	0.03728	0.04998	0.01904	0.01904	0.01349	0.00952	0.00793	0.00238	0.00873	0.00714	0.00793	0.01349
8	0.01498	0.01409	0.02378	0.70226	0.05462	0.01762	0.02202	0.02026	0.01586	0.02026	0.01409	0.02114	0.01057	0.00793	0.00793	0.00264	0.01057	0.00705	0.00352	0.00881
9	0.01194	0.00886	0.01161	0.01298	0.01502	0.00853	0.01111	0.01518	0.01821	0.02316	0.05145	0.08621	0.19936	0.02146	0.01056	0.00341	0.00649	0.47000	0.00732	0.00715
10	0.00966	0.00690	0.00920	0.01104	0.01150	0.00644	0.00736	0.01104	0.01518	0.02024	0.04371	0.71614	0.05245	0.02484	0.01012	0.00322	0.00460	0.02254	0.00736	0.00644
11	0.01872	0.02139	0.04679	0.03342	0.04144	0.02005	0.64305	0.02540	0.01872	0.02540	0.01604	0.02139	0.01203	0.00668	0.00936	0.00267	0.01337	0.00936	0.00401	0.01070
12	0.01963	0.01884	0.03219	0.04867	0.67185	0.01884	0.02434	0.02434	0.01806	0.02591	0.01492	0.01963	0.01256	0.00707	0.00785	0.00236	0.00942	0.00707	0.00393	0.01256
13	0.01153	0.00769	0.00865	0.00865	0.00865	0.00769	0.00480	0.01153	0.01153	0.01538	0.02499	0.05189	0.02883	0.72131	0.04036	0.00769	0.00769	0.01153	0.00480	0.00480
14	0.02120	0.72609	0.04155	0.01357	0.02035	0.03138	0.01357	0.02374	0.01611	0.01866	0.01102	0.01272	0.01018	0.00678	0.00509	0.00170	0.00848	0.00424	0.00339	0.01018
15	0.02138	0.01688	0.02196	0.32751	0.03656	0.01956	0.01720	0.27866	0.04714	0.03389	0.01793	0.02140	0.01321	0.00881	0.00770	0.00246	0.00898	0.00719	0.08087	0.01073
16	0.02883	0.03628	0.02325	0.02268	0.07608	0.63606	0.01604	0.03108	0.02212	0.01993	0.01247	0.01472	0.01040	0.00808	0.00721	0.00207	0.01391	0.00526	0.00407	0.00946
17	0.01134	0.00845	0.01252	0.01252	0.01386	0.00979	0.00963	0.01402	0.01268	0.01824	0.02145	0.03230	0.02032	0.09600	0.65405	0.01247	0.02049	0.00866	0.00428	0.00695
18	0.77733	0.01534	0.01166	0.01043	0.01534	0.01779	0.00859	0.02331	0.01350	0.03558	0.01104	0.01288	0.00859	0.00736	0.00491	0.00245	0.00613	0.00429	0.00491	0.00859
19	0.01936	0.01857	0.03171	0.08595	0.63665	0.01877	0.02420	0.02410	0.01793	0.02558	0.01487	0.01971	0.01245	0.00711	0.00785	0.00237	0.00949	0.00706	0.00390	0.01235
20	0.00966	0.00690	0.00920	0.01104	0.01150	0.00644	0.00736	0.01104	0.01518	0.02024	0.04371	0.71614	0.05245	0.02484	0.01012	0.00322	0.00460	0.02254	0.00736	0.00644
21	0.01861	0.02107	0.04500	0.03242	0.03980	0.02039	0.59321	0.02490	0.01819	0.02490	0.01559	0.02107	0.01190	0.00726	0.01069	0.00274	0.06861	0.00917	0.00397	0.01053
22	0.08182	0.01614	0.02359	0.02967	0.32881	0.01568	0.01682	0.02257	0.01743	0.05104	0.06672	0.02151	0.01711	0.00799	0.00824	0.00213	0.04742	0.00681	0.00479	0.21371
23	0.01939	0.01860	0.03176	0.08219	0.64019	0.01878	0.02422	0.02413	0.01794	0.02562	0.01487	0.01970	0.01246	0.00711	0.00785	0.00237	0.00948	0.00706	0.00390	0.01237
24	0.03014	0.02221	0.02380	0.01825	0.02459	0.02459	0.01507	0.64541	0.03728	0.04998	0.01904	0.01904	0.01349	0.00952	0.00793	0.00238	0.00873	0.00714	0.00793	0.01349
25	0.01616	0.01572	0.02404	0.36140	0.03771	0.02095	0.01968	0.01967	0.01400	0.01967	0.01225	0.01924	0.01049	0.01090	0.01698	0.00306	0.35882	0.00699	0.00350	0.00874
26	0.03014	0.02221	0.02380	0.01825	0.02459	0.02459	0.01507	0.64541	0.03728	0.04998	0.01904	0.01904	0.01349	0.00952	0.00793	0.00238	0.00873	0.00714	0.00793	0.01349
27	0.02142	0.01788	0.01889	0.01648	0.02127	0.02052	0.01296	0.14055	0.55635	0.03591	0.03012	0.02787	0.02246	0.01056	0.00805	0.00264	0.00668	0.00867	0.00805	0.01270
28	0.01590	0.04102	0.68023	0.02260	0.03432	0.01842	0.02930	0.02511	0.01674	0.02511	0.01423	0.01674	0.01005	0.00753	0.00753	0.00251	0.01172	0.00586	0.00335	0.01172
29	0.02962	0.03779	0.02247	0.02043	0.02451	0.68948	0.01532	0.03166	0.02247	0.01941	0.01226	0.01430	0.01021	0.00817	0.00715	0.00204	0.01430	0.00511	0.00409	0.00919
30	0.00966	0.00690	0.00920	0.01104	0.01150	0.00644	0.00736	0.01104	0.01518	0.02024	0.04371	0.71614	0.05245	0.02484	0.01012	0.00322	0.00460	0.02254	0.00736	0.00644
31	0.00966	0.00690	0.00920	0.01104	0.01150	0.00644	0.00736	0.01104	0.01518	0.02024	0.04371	0.71614	0.05245	0.02484	0.01012	0.00322	0.00460	0.02254	0.00736	0.00644
32	0.02016	0.66141	0.03864	0.01334	0.01956	0.02913	0.01301	0.02260	0.01603	0.01880	0.01396	0.07598	0.01398	0.00841	0.00554	0.00183	0.00813	0.00589	0.00375	0.00984
33	0.01070	0.07158	0.01211	0.01127	0.01230	0.00868	0.00792	0.01218	0.01527	0.02010	0.04077	0.65288	0.04865	0.02322	0.00967	0.00308	0.00495	0.02090	0.00700	0.00678
34	0.02011	0.57598	0.11954	0.01454	0.02197	0.02788	0.01517	0.02358	0.01622	0.02011	0.01170	0.01356	0.01030	0.00680	0.00547	0.00175	0.00865	0.00448	0.00350	0.07869
35	0.05414	0.01546	0.07348	0.01273	0.01721	0.01419	0.01105	0.11311	0.15463	0.05600	0.02412	0.02540	0.01825	0.00921	0.00666	0.00217	0.00600	0.00729	0.32979	0.04909
36	0.16486	0.01937	0.01927	0.01538	0.02115	0.04745	0.01249	0.32805	0.09579	0.03980	0.02000	0.02034	0.03478	0.00901	0.00710	0.00225	0.00764	0.00669	0.00674	0.12183
37	0.02792	0.01657	0.02027	0.07687	0.02447	0.01626	0.01325	0.23454	0.02562	0.27360	0.02208	0.02162	0.01512	0.00872	0.00752	0.00218	0.00757	0.00693	0.00755	0.17135
38	0.05975	0.01715	0.01891	0.01509	0.02014	0.01827	0.01226	0.38512	0.03047	0.10006	0.16924	0.03168	0.06378	0.01154	0.00820	0.00243	0.00705	0.00923	0.00811	0.01153

[dist]
# distance from previous block
# <min> <max>
1	15

[block]
# block no. 7 follows, 24 sequences, length 8
# corresponding to MSA columns:
# 410-417
name=unknown_H
#
# <colnr> <probs for GDERKNQSTAVLIFYWHMCP>
#	G	D	E	R	K	N	Q	S	T	A	V	L	I	F	Y	W	H	M	C	P
0	0.01679	0.01435	0.01756	0.01324	0.01953	0.01192	0.03735	0.04836	0.06518	0.02693	0.01835	0.07923	0.01634	0.00810	0.00665	0.00159	0.00624	0.00689	0.00529	0.58010
1	0.02059	0.63134	0.07834	0.01466	0.02122	0.03007	0.01479	0.02347	0.01585	0.01907	0.01117	0.01331	0.01019	0.00737	0.00683	0.00188	0.06176	0.00454	0.00340	0.01015
2	0.01113	0.00826	0.01062	0.01115	0.01278	0.00741	0.00793	0.01320	0.01631	0.02248	0.11676	0.45615	0.04790	0.05634	0.01104	0.00310	0.00503	0.06295	0.00703	0.11245
3	0.01122	0.00809	0.01066	0.01048	0.01222	0.00753	0.00794	0.01473	0.02141	0.03003	0.55557	0.12202	0.07021	0.01750	0.00956	0.00266	0.00413	0.06817	0.00848	0.00737
4	0.01644	0.01409	0.01644	0.01175	0.01879	0.01057	0.00940	0.01997	0.01644	0.02584	0.01409	0.01644	0.01175	0.00587	0.00587	0.00117	0.00587	0.00470	0.00470	0.76979
5	0.01963	0.01884	0.03219	0.04867	0.67185	0.01884	0.02434	0.02434	0.01806	0.02591	0.01492	0.01963	0.01256	0.00707	0.00785	0.00236	0.00942	0.00707	0.00393	0.01256
6	0.01627	0.01315	0.01628	0.01296	0.01804	0.01194	0.03266	0.05379	0.07588	0.02702	0.04233	0.02350	0.01760	0.01692	0.12977	0.00363	0.00881	0.00669	0.08191	0.39084
7	0.05553	0.01638	0.05656	0.26922	0.12605	0.01594	0.01773	0.02578	0.06607	0.12845	0.01819	0.02113	0.01340	0.00795	0.00745	0.00233	0.00858	0.00678	0.00517	0.13133

[dist]
# distance from previous block
# <min> <max>
3	18

[block]
# block no. 8 follows, 24 sequences, length 8
# corresponding to MSA columns:
# 436-443
name=unknown_I
#
# <colnr> <probs for GDERKNQSTAVLIFYWHMCP>
#	G	D	E	R	K	N	Q	S	T	A	V	L	I	F	Y	W	H	M	C	P
0	0.02513	0.01808	0.02082	0.01670	0.02159	0.01979	0.01357	0.33666	0.07157	0.10776	0.02192	0.08362	0.01787	0.01125	0.01031	0.00251	0.09908	0.00849	0.00719	0.08609
1	0.02631	0.02008	0.05455	0.01726	0.02284	0.02063	0.01460	0.40813	0.05354	0.10370	0.02196	0.08334	0.01759	0.01105	0.00928	0.00251	0.05569	0.00852	0.00741	0.04103
2	0.02055	0.01631	0.02068	0.01970	0.13828	0.01455	0.01322	0.12940	0.02070	0.06994	0.01615	0.01811	0.01268	0.00696	0.00671	0.00167	0.00706	0.00575	0.00543	0.45616
3	0.01202	0.00902	0.01149	0.01025	0.01291	0.00795	0.00778	0.01573	0.02153	0.03089	0.56766	0.05269	0.06517	0.01463	0.00882	0.00229	0.00407	0.01287	0.00811	0.12413
4	0.01115	0.00764	0.00865	0.00882	0.00911	0.00748	0.00516	0.01147	0.01248	0.01640	0.03183	0.11821	0.08935	0.59028	0.03462	0.00680	0.00706	0.01307	0.00528	0.00513
5	0.01896	0.02004	0.04017	0.02938	0.03611	0.01975	0.49039	0.08004	0.01956	0.02669	0.01737	0.05241	0.01417	0.01030	0.03690	0.00312	0.06012	0.00955	0.00449	0.01048
6	0.11168	0.02440	0.02383	0.01908	0.02479	0.16787	0.07110	0.34412	0.07293	0.03832	0.01732	0.01827	0.01284	0.00881	0.00756	0.00236	0.00990	0.00671	0.00641	0.01169
7	0.02306	0.01770	0.01949	0.01491	0.02095	0.01770	0.01212	0.35765	0.02822	0.03901	0.06389	0.02457	0.05982	0.00945	0.00744	0.00201	0.00716	0.00744	0.00689	0.26052

[dist]
# distance from previous block
# <min> <max>
2	4

[block]
# block no. 9 follows, 24 sequences, length 6
# corresponding to MSA columns:
# 448-453
name=unknown_J
#
# <colnr> <probs for GDERKNQSTAVLIFYWHMCP>
#	G	D	E	R	K	N	Q	S	T	A	V	L	I	F	Y	W	H	M	C	P
0	0.02144	0.01597	0.01879	0.07418	0.02341	0.01567	0.01239	0.12277	0.17608	0.10721	0.02128	0.02168	0.01586	0.00826	0.00715	0.00200	0.00692	0.00670	0.00651	0.31572
1	0.02038	0.02378	0.11152	0.03916	0.45691	0.10017	0.02286	0.02686	0.07347	0.02564	0.01600	0.01947	0.01296	0.00758	0.00774	0.00237	0.01003	0.00684	0.00423	0.01205
2	0.11471	0.01455	0.01734	0.01410	0.01850	0.01502	0.01139	0.07477	0.01726	0.08918	0.01760	0.06325	0.01530	0.01412	0.06969	0.00313	0.13794	0.00706	0.00539	0.27969
3	0.11367	0.02020	0.07358	0.02474	0.03019	0.02029	0.30002	0.02292	0.01586	0.02484	0.01352	0.01852	0.01098	0.00888	0.01334	0.00277	0.21506	0.00749	0.00397	0.05915
4	0.11714	0.06311	0.07636	0.01414	0.02069	0.01637	0.01257	0.12040	0.07358	0.11242	0.02070	0.02108	0.04065	0.00831	0.00675	0.00202	0.00708	0.00636	0.00605	0.25421
5	0.02741	0.05738	0.09696	0.01642	0.02345	0.01870	0.01485	0.28740	0.02683	0.20733	0.02055	0.02015	0.01428	0.00868	0.00744	0.00220	0.00810	0.00669	0.00718	0.12801

[dist]
# distance from previous block
# <min> <max>
4	17

[block]
# block no. 10 follows, 24 sequences, length 7
# corresponding to MSA columns:
# 471-477
name=unknown_K
#
# <colnr> <probs for GDERKNQSTAVLIFYWHMCP>
#	G	D	E	R	K	N	Q	S	T	A	V	L	I	F	Y	W	H	M	C	P
0	0.06199	0.01746	0.01926	0.04660	0.02256	0.01788	0.01249	0.22930	0.16469	0.03560	0.01956	0.02022	0.01484	0.00832	0.00707	0.00204	0.00712	0.00652	0.00646	0.28001
1	0.02045	0.01727	0.01900	0.01526	0.02054	0.06503	0.03194	0.15127	0.09087	0.05115	0.02119	0.10776	0.01873	0.01022	0.00817	0.00209	0.03579	0.00831	0.00612	0.29885
2	0.01821	0.01947	0.03014	0.02328	0.02807	0.08906	0.26331	0.02219	0.01687	0.02283	0.01705	0.09453	0.01582	0.01033	0.01246	0.00261	0.16995	0.00905	0.00437	0.13040
3	0.02254	0.01657	0.02147	0.01616	0.02249	0.01543	0.07839	0.20207	0.02338	0.11515	0.02018	0.07278	0.01640	0.00897	0.00743	0.00200	0.00750	0.00768	0.00641	0.31701
4	0.01591	0.01004	0.01269	0.01137	0.01420	0.00966	0.00874	0.02192	0.10324	0.12744	0.49276	0.05070	0.06022	0.01457	0.00899	0.00251	0.00451	0.01272	0.00881	0.00902
5	0.02459	0.01875	0.02081	0.01617	0.02151	0.02008	0.01306	0.41148	0.02868	0.03938	0.01808	0.02190	0.01455	0.08466	0.01231	0.00279	0.05969	0.00712	0.00665	0.15774
6	0.02910	0.02061	0.02255	0.01720	0.02360	0.02200	0.01417	0.52722	0.03381	0.09918	0.01951	0.01941	0.01380	0.00915	0.00771	0.00225	0.00825	0.00694	0.00774	0.09578

[dist]
# distance from previous block
# <min> <max>
22	45

[block]
# block no. 11 follows, 24 sequences, length 10
# corresponding to MSA columns:
# 524-533
name=unknown_L
#
# <colnr> <probs for GDERKNQSTAVLIFYWHMCP>
#	G	D	E	R	K	N	Q	S	T	A	V	L	I	F	Y	W	H	M	C	P
0	0.02143	0.01523	0.01786	0.01309	0.01989	0.01286	0.01060	0.11770	0.02056	0.12856	0.01746	0.01844	0.01321	0.00703	0.00650	0.00155	0.00644	0.00557	0.00597	0.54004
1	0.01964	0.01854	0.02980	0.04323	0.56291	0.01899	0.02237	0.02731	0.12503	0.02712	0.01782	0.02129	0.01451	0.00768	0.00789	0.00241	0.00889	0.00738	0.00462	0.01256
2	0.01122	0.00811	0.01060	0.00998	0.01185	0.00748	0.00748	0.01496	0.02245	0.03180	0.66766	0.05923	0.07482	0.01621	0.00935	0.00249	0.00374	0.01434	0.00873	0.00748
3	0.01644	0.01409	0.01644	0.01175	0.01879	0.01057	0.00940	0.01997	0.01644	0.02584	0.01409	0.01644	0.01175	0.00587	0.00587	0.00117	0.00587	0.00470	0.00470	0.76979
4	0.01941	0.01214	0.01273	0.01096	0.01409	0.01290	0.00852	0.21788	0.02279	0.03487	0.02361	0.02810	0.01886	0.06965	0.00925	0.00251	0.00564	0.00766	0.45930	0.00912
5	0.03105	0.02075	0.02290	0.01755	0.02386	0.02243	0.01450	0.54391	0.03484	0.15492	0.02109	0.02037	0.01451	0.00957	0.00794	0.00239	0.00840	0.00728	0.00825	0.01349
6	0.01694	0.01454	0.01667	0.01241	0.01907	0.01196	0.00988	0.02333	0.11371	0.02695	0.01685	0.01844	0.01364	0.00661	0.00621	0.00140	0.00593	0.00535	0.00521	0.65490
7	0.01698	0.12189	0.50595	0.02314	0.03369	0.02025	0.12050	0.02499	0.01696	0.02437	0.01411	0.01696	0.01036	0.00731	0.00751	0.00244	0.01157	0.00619	0.00345	0.01138
8	0.02204	0.02260	0.13156	0.04870	0.06238	0.02084	0.01719	0.22062	0.29864	0.03597	0.02349	0.02331	0.01735	0.00951	0.00792	0.00254	0.00829	0.00770	0.00681	0.01254
9	0.14438	0.01569	0.02065	0.21288	0.02923	0.01949	0.01599	0.07276	0.01599	0.02525	0.01448	0.05908	0.01297	0.01091	0.01370	0.00283	0.24998	0.00734	0.00440	0.05201

[dist]
# distance from previous block
# <min> <max>
7	16

[block]
# block no. 12 follows, 24 sequences, length 50
# corresponding to MSA columns:
# 550-599
name=unknown_M
#
# <colnr> <probs for GDERKNQSTAVLIFYWHMCP>
#	G	D	E	R	K	N	Q	S	T	A	V	L	I	F	Y	W	H	M	C	P
0	0.05452	0.01427	0.01617	0.01348	0.01792	0.01420	0.01056	0.20587	0.05075	0.06027	0.12664	0.16626	0.03121	0.01287	0.00803	0.00233	0.00619	0.01086	0.00720	0.17037
1	0.01683	0.01412	0.02054	0.28085	0.03302	0.01499	0.04084	0.04535	0.01709	0.05399	0.01932	0.05252	0.04027	0.00925	0.00901	0.00228	0.06724	0.00761	0.03706	0.21783
2	0.06211	0.01723	0.01895	0.01521	0.02068	0.01789	0.01221	0.29985	0.10660	0.08939	0.02323	0.10128	0.01929	0.01070	0.00767	0.00230	0.00712	0.00863	0.00728	0.15236
3	0.02762	0.02084	0.02241	0.01741	0.02358	0.02274	0.01425	0.51372	0.11457	0.04572	0.02029	0.02016	0.01470	0.00936	0.00777	0.00231	0.00816	0.00716	0.00767	0.07956
4	0.01980	0.01571	0.01822	0.01343	0.02001	0.01379	0.01088	0.13630	0.02037	0.05669	0.01556	0.01739	0.01233	0.00705	0.00720	0.00155	0.03625	0.00538	0.00545	0.56666
5	0.16780	0.21085	0.15670	0.04565	0.02410	0.02246	0.01611	0.12296	0.08105	0.02963	0.01554	0.01731	0.01213	0.01007	0.03441	0.00270	0.00911	0.00579	0.00489	0.01074
6	0.01153	0.00769	0.00865	0.00865	0.00865	0.00769	0.00480	0.01153	0.01153	0.01538	0.02499	0.05189	0.02883	0.72131	0.04036	0.00769	0.00769	0.01153	0.00480	0.00480
7	0.01590	0.04102	0.68023	0.02260	0.03432	0.01842	0.02930	0.02511	0.01674	0.02511	0.01423	0.01674	0.01005	0.00753	0.00753	0.00251	0.01172	0.00586	0.00335	0.01172
8	0.00950	0.00801	0.00807	0.00807	0.01059	0.00675	0.00595	0.01139	0.01769	0.02106	0.07705	0.07487	0.63067	0.06169	0.01121	0.00298	0.00423	0.01643	0.00721	0.00658
