[name]
unknown

[dist]
# distance from previous block
# <min> <max>
0	21

[block]
# block no. 0 follows, 25 sequences, length 20
# corresponding to MSA columns:
# 21-40
name=unknown_A
#
# <colnr> <probs for GDERKNQSTAVLIFYWHMCP>
#	G	D	E	R	K	N	Q	S	T	A	V	L	I	F	Y	W	H	M	C	P
0	0.07568	0.01404	0.01737	0.01387	0.01946	0.01324	0.01137	0.06677	0.10517	0.43847	0.02798	0.02763	0.01941	0.00982	0.00759	0.00238	0.00656	0.03813	0.00844	0.07661
1	0.02028	0.07105	0.13548	0.01477	0.02046	0.03934	0.01384	0.12462	0.05193	0.13038	0.16642	0.05279	0.05978	0.01102	0.00779	0.00231	0.00724	0.00902	0.00674	0.05473
2	0.05688	0.02789	0.02287	0.01944	0.02405	0.37329	0.07600	0.15201	0.06755	0.02707	0.01718	0.06811	0.01467	0.00944	0.00754	0.00227	0.01126	0.00726	0.00526	0.00996
3	0.01347	0.00673	0.01010	0.01010	0.01010	0.00673	0.00673	0.01010	0.01010	0.01347	0.01347	0.02357	0.01347	0.02694	0.03030	0.77441	0.00673	0.00673	0.00337	0.00337
4	0.02239	0.11188	0.02137	0.01633	0.06554	0.05020	0.01238	0.07111	0.12916	0.16635	0.04795	0.02308	0.01823	0.01242	0.06068	0.00287	0.00826	0.00694	0.00630	0.14653
5	0.07544	0.05242	0.38522	0.07210	0.03194	0.01745	0.11990	0.02313	0.01671	0.02533	0.06018	0.01987	0.01457	0.00775	0.00744	0.00240	0.01027	0.00670	0.00394	0.04724
6	0.01559	0.01475	0.02496	0.57150	0.18339	0.01747	0.02200	0.02064	0.01595	0.02096	0.01395	0.02036	0.01074	0.00758	0.00774	0.00253	0.01010	0.00689	0.00353	0.00938
7	0.00975	0.00795	0.00866	0.00869	0.01111	0.00687	0.00666	0.01214	0.01845	0.02293	0.18208	0.07264	0.51929	0.01910	0.00928	0.00266	0.00413	0.06346	0.00743	0.00673
8	0.14125	0.01815	0.02007	0.10140	0.02514	0.01986	0.01368	0.37419	0.02723	0.07103	0.01719	0.01843	0.01246	0.00849	0.00706	0.00226	0.00788	0.00639	0.03083	0.07700
9	0.02762	0.06335	0.01869	0.06719	0.02084	0.01358	0.01150	0.08500	0.02107	0.40871	0.04575	0.02777	0.01990	0.07947	0.01059	0.00282	0.00701	0.00790	0.04995	0.01127
10	0.01128	0.00752	0.00846	0.00846	0.00846	0.00752	0.00470	0.01128	0.01128	0.01503	0.02443	0.05074	0.02819	0.72751	0.03946	0.00752	0.00752	0.01128	0.00470	0.00470
11	0.01824	0.01251	0.01377	0.01232	0.01525	0.01329	0.00936	0.23722	0.04727	0.03247	0.02801	0.21997	0.02702	0.06381	0.00996	0.00279	0.00594	0.01161	0.21013	0.00905
12	0.14328	0.01250	0.01595	0.25098	0.02767	0.01426	0.01303	0.09627	0.01770	0.02684	0.04316	0.17405	0.02270	0.03738	0.00871	0.00275	0.00726	0.01015	0.06700	0.00835
13	0.08627	0.02140	0.02133	0.05882	0.02429	0.08782	0.01417	0.47000	0.03085	0.04199	0.01743	0.01839	0.01270	0.00891	0.00732	0.00229	0.00871	0.00658	0.04895	0.01180
14	0.01608	0.01378	0.01608	0.01148	0.01837	0.01034	0.00919	0.01952	0.01608	0.02527	0.01378	0.01608	0.01148	0.00574	0.00574	0.00115	0.00574	0.00459	0.00459	0.77491
15	0.02637	0.01973	0.02128	0.01679	0.02233	0.02181	0.01370	0.51292	0.11517	0.04504	0.08435	0.02377	0.02038	0.01010	0.00791	0.00238	0.00775	0.00790	0.00785	0.01250
16	0.09228	0.05659	0.03153	0.25794	0.03860	0.01974	0.25471	0.02202	0.01586	0.02293	0.01356	0.01902	0.01064	0.00795	0.01016	0.00263	0.10346	0.00731	0.00374	0.00934
17	0.01128	0.00752	0.00846	0.00846	0.00846	0.00752	0.00470	0.01128	0.01128	0.01503	0.02443	0.05074	0.02819	0.72751	0.03946	0.00752	0.00752	0.01128	0.00470	0.00470
18	0.00973	0.00691	0.00904	0.01049	0.01100	0.00649	0.00696	0.01111	0.01499	0.02012	0.08528	0.61028	0.05056	0.09235	0.01273	0.00353	0.00473	0.02043	0.00705	0.00621
19	0.02753	0.01907	0.02063	0.01613	0.02170	0.02082	0.01323	0.50139	0.06206	0.09190	0.02091	0.02093	0.01494	0.00935	0.00748	0.00228	0.00767	0.00715	0.10241	0.01241

[dist]
# distance from previous block
# <min> <max>
0	2

[block]
# block no. 1 follows, 25 sequences, length 111
# corresponding to MSA columns:
# 43-153
name=unknown_B
#
# <colnr> <probs for GDERKNQSTAVLIFYWHMCP>
#	G	D	E	R	K	N	Q	S	T	A	V	L	I	F	Y	W	H	M	C	P
0	0.39081	0.01774	0.06567	0.04510	0.02003	0.01812	0.01197	0.16311	0.07155	0.03571	0.01590	0.01740	0.01194	0.00814	0.00609	0.00236	0.00696	0.00570	0.07581	0.00990
1	0.01955	0.01730	0.01824	0.01744	0.05755	0.04477	0.01281	0.06280	0.54615	0.03160	0.03166	0.02966	0.05457	0.01062	0.00790	0.00257	0.00660	0.00882	0.00747	0.01190
2	0.02271	0.02085	0.01930	0.01683	0.02149	0.12890	0.01316	0.15193	0.44642	0.03329	0.02604	0.02463	0.01955	0.00989	0.00772	0.00247	0.00784	0.00783	0.00724	0.01191
3	0.02811	0.01604	0.01911	0.01454	0.02064	0.01535	0.01192	0.24403	0.02578	0.30257	0.04766	0.02276	0.01758	0.00892	0.00740	0.00211	0.00697	0.00708	0.00787	0.17355
4	0.01670	0.19408	0.54345	0.02013	0.03052	0.02083	0.02523	0.02426	0.01623	0.02315	0.01322	0.01550	0.00985	0.00720	0.00683	0.00228	0.01075	0.00538	0.00328	0.01112
5	0.02448	0.01486	0.01720	0.01413	0.01897	0.01526	0.01135	0.17871	0.17582	0.23663	0.10850	0.03379	0.09245	0.01151	0.00811	0.00246	0.00633	0.00944	0.00839	0.01161
6	0.01126	0.00754	0.00855	0.00852	0.00861	0.00751	0.00483	0.01144	0.01180	0.01582	0.05627	0.05109	0.03039	0.69268	0.03798	0.00727	0.00733	0.01141	0.00489	0.00483
7	0.00945	0.00675	0.00900	0.01080	0.01125	0.00630	0.00720	0.01080	0.01484	0.01979	0.04274	0.72245	0.05128	0.02429	0.00990	0.00315	0.00450	0.02204	0.00720	0.00630
8	0.06868	0.05104	0.05410	0.01490	0.02101	0.01594	0.01287	0.13796	0.09476	0.40769	0.02589	0.02349	0.01722	0.00927	0.00749	0.00238	0.00717	0.00730	0.00823	0.01260
9	0.01588	0.06574	0.63167	0.02227	0.03337	0.01857	0.05798	0.02452	0.01644	0.02433	0.01388	0.01644	0.00992	0.00730	0.00736	0.00243	0.01142	0.00583	0.00331	0.01135
10	0.00956	0.00688	0.00907	0.01062	0.01125	0.00639	0.00717	0.01111	0.01549	0.02072	0.09356	0.64951	0.07298	0.02348	0.00981	0.00308	0.00441	0.02123	0.00730	0.00639
11	0.00950	0.00679	0.00904	0.01076	0.01126	0.00633	0.00720	0.01092	0.01508	0.02017	0.06359	0.70053	0.05200	0.02401	0.00987	0.00313	0.00447	0.02178	0.00724	0.00633
12	0.01609	0.11359	0.02578	0.43358	0.04017	0.02078	0.01920	0.01998	0.01459	0.01929	0.01243	0.01857	0.01024	0.00911	0.01198	0.00267	0.19328	0.00649	0.00341	0.00876
13	0.01598	0.07445	0.62452	0.02281	0.06219	0.01867	0.02764	0.02445	0.01640	0.02427	0.01378	0.01630	0.00994	0.00731	0.00726	0.00241	0.01120	0.00570	0.00330	0.01142
14	0.00945	0.00675	0.00900	0.01080	0.01125	0.00630	0.00720	0.01080	0.01484	0.01979	0.04274	0.72245	0.05128	0.02429	0.00990	0.00315	0.00450	0.02204	0.00720	0.00630
15	0.01464	0.01378	0.02326	0.70887	0.05340	0.01723	0.02153	0.01981	0.01550	0.01981	0.01378	0.02067	0.01034	0.00775	0.00775	0.00258	0.01034	0.00689	0.00345	0.00861
16	0.02139	0.67610	0.03913	0.01381	0.02023	0.08438	0.01341	0.02384	0.01626	0.01830	0.01088	0.01256	0.00995	0.00674	0.00514	0.00169	0.00875	0.00421	0.00337	0.00987
17	0.02049	0.70009	0.07061	0.01368	0.02053	0.03009	0.01398	0.02328	0.01578	0.01853	0.01092	0.01262	0.00994	0.00667	0.00509	0.00170	0.00844	0.00422	0.00331	0.01002
18	0.01586	0.01503	0.02546	0.53148	0.22126	0.01755	0.02214	0.02088	0.01608	0.02129	0.01400	0.02027	0.01086	0.00753	0.00773	0.00251	0.01003	0.00690	0.00355	0.00960
19	0.02676	0.01212	0.01568	0.01282	0.01758	0.01103	0.01029	0.03164	0.08747	0.44568	0.12213	0.06185	0.08600	0.01198	0.00819	0.00248	0.00584	0.01004	0.00898	0.01146
20	0.02741	0.02590	0.02178	0.01801	0.02327	0.25170	0.01425	0.33592	0.10701	0.03554	0.01770	0.01817	0.01329	0.00883	0.00741	0.00219	0.00996	0.00640	0.00634	0.04892
21	0.01757	0.28731	0.12544	0.01456	0.01976	0.05800	0.01409	0.02104	0.01526	0.05164	0.01610	0.02119	0.01419	0.05155	0.23430	0.00561	0.01308	0.00625	0.00398	0.00909
22	0.08144	0.02413	0.02329	0.01903	0.02392	0.23058	0.08453	0.23261	0.02456	0.06455	0.01674	0.04036	0.01335	0.01137	0.04004	0.00281	0.04356	0.00697	0.00565	0.01050
23	0.01426	0.03922	0.01591	0.01670	0.10597	0.01261	0.01098	0.02224	0.18537	0.02771	0.25469	0.15043	0.08377	0.01448	0.00858	0.00256	0.00539	0.01274	0.00722	0.00917
24	0.01919	0.01842	0.03147	0.04759	0.67914	0.01842	0.02380	0.02380	0.01765	0.02533	0.01458	0.01919	0.01228	0.00691	0.00768	0.00230	0.00921	0.00691	0.00384	0.01228
25	0.01060	0.00791	0.00985	0.00937	0.01136	0.00716	0.00703	0.01392	0.02108	0.02902	0.55339	0.06132	0.19611	0.01662	0.00915	0.00248	0.00371	0.01450	0.00826	0.00716
26	0.00970	0.00692	0.00922	0.01073	0.01126	0.00660	0.00722	0.01115	0.01481	0.01990	0.06615	0.62142	0.04916	0.06216	0.05056	0.00388	0.00555	0.02038	0.00695	0.00629
27	0.00959	0.00685	0.00916	0.01095	0.01147	0.00642	0.00744	0.01104	0.01498	0.01995	0.04266	0.69353	0.05098	0.02416	0.00993	0.00317	0.00462	0.04959	0.00719	0.00634
28	0.00963	0.00689	0.00916	0.01067	0.01129	0.00642	0.00721	0.01125	0.01569	0.02114	0.11800	0.64335	0.05389	0.02329	0.00981	0.00306	0.00440	0.02109	0.00736	0.00642
29	0.02767	0.01998	0.02168	0.01701	0.02266	0.02197	0.01394	0.54519	0.06424	0.06989	0.02087	0.02366	0.01588	0.04258	0.00933	0.00263	0.00824	0.03241	0.00767	0.01251
30	0.01811	0.01320	0.01584	0.01164	0.01798	0.01022	0.00932	0.02152	0.01739	0.11301	0.07294	0.02105	0.01781	0.00712	0.00631	0.00143	0.00568	0.00583	0.00560	0.60801
31	0.00971	0.00689	0.00888	0.01036	0.01081	0.00648	0.00679	0.01088	0.01441	0.01913	0.04112	0.60441	0.06660	0.12741	0.01422	0.00377	0.00492	0.02029	0.00683	0.00607
32	0.01249	0.00772	0.00996	0.01006	0.01159	0.00746	0.03914	0.01528	0.01576	0.02478	0.03231	0.32700	0.03298	0.01547	0.00754	0.00243	0.00448	0.01370	0.40286	0.00699
33	0.01581	0.07458	0.65512	0.02166	0.03288	0.01864	0.02788	0.02449	0.01634	0.02424	0.01376	0.01617	0.00983	0.00733	0.00725	0.00242	0.01130	0.00565	0.00328	0.01138
34	0.01548	0.01454	0.02215	0.01884	0.02036	0.01845	0.08155	0.03858	0.01357	0.02008	0.01471	0.02211	0.01364	0.02814	0.25582	0.00642	0.37584	0.00757	0.00386	0.00831
35	0.01900	0.01443	0.01689	0.01226	0.01901	0.01164	0.00988	0.07704	0.01844	0.08879	0.01577	0.01726	0.01235	0.00642	0.00611	0.00137	0.00607	0.00510	0.00534	0.63683
36	0.04857	0.04244	0.01736	0.01450	0.01887	0.01690	0.01143	0.06315	0.39920	0.13495	0.03193	0.09768	0.04567	0.01173	0.00789	0.00259	0.00616	0.00977	0.00778	0.01145
37	0.00984	0.00729	0.00919	0.00997	0.01121	0.00664	0.00700	0.01197	0.01741	0.02327	0.23210	0.41448	0.16916	0.02102	0.00955	0.00285	0.00415	0.01871	0.00759	0.00664
38	0.00945	0.00675	0.00900	0.01080	0.01125	0.00630	0.00720	0.01080	0.01484	0.01979	0.04274	0.72245	0.05128	0.02429	0.00990	0.00315	0.00450	0.02204	0.00720	0.00630
39	0.01445	0.00723	0.00723	0.00723	0.00903	0.00723	0.00542	0.01807	0.01626	0.02891	0.02529	0.02891	0.01987	0.00903	0.00542	0.00181	0.00361	0.00723	0.77055	0.00723
40	0.01745	0.01390	0.01617	0.01191	0.01832	0.01116	0.00951	0.06761	0.01779	0.05078	0.01623	0.04559	0.01372	0.00699	0.00613	0.00138	0.00588	0.00567	0.02524	0.63857
41	0.02521	0.01935	0.02065	0.01670	0.02200	0.02167	0.01344	0.41896	0.24421	0.04178	0.02320	0.02359	0.01739	0.04425	0.00933	0.00268	0.00769	0.00778	0.00765	0.01247
42	0.04774	0.23020	0.07542	0.01390	0.01942	0.01893	0.01276	0.05053	0.07793	0.11608	0.12870	0.02471	0.02341	0.00939	0.00771	0.00213	0.04150	0.00716	0.00584	0.08653
43	0.02846	0.01960	0.02145	0.01670	0.02244	0.02129	0.01369	0.53694	0.03323	0.11005	0.02125	0.05482	0.01592	0.01007	0.00778	0.00236	0.00796	0.00782	0.03552	0.01263
44	0.01926	0.00982	0.01289	0.01117	0.01455	0.00874	0.00882	0.02250	0.02143	0.26037	0.36061	0.04970	0.11478	0.01426	0.00873	0.00249	0.00486	0.03699	0.00872	0.00931
45	0.74371	0.01490	0.01174	0.01038	0.01524	0.01708	0.00855	0.02357	0.01366	0.06831	0.01182	0.01331	0.00895	0.00732	0.00495	0.00240	0.00603	0.00438	0.00505	0.00864
46	0.01566	0.03937	0.66272	0.02251	0.03383	0.01807	0.05252	0.02457	0.01644	0.02457	0.01398	0.01654	0.00990	0.00733	0.00743	0.00246	0.01152	0.00586	0.00330	0.01142
47	0.08636	0.03779	0.62491	0.02100	0.03184	0.01795	0.02678	0.02439	0.01608	0.02550	0.01363	0.01602	0.00969	0.00735	0.00713	0.00245	0.01095	0.00559	0.00341	0.01118
48	0.01929	0.01666	0.01753	0.01578	0.02016	0.01929	0.01227	0.04120	0.66513	0.03243	0.03156	0.02893	0.02367	0.01052	0.00789	0.00263	0.00614	0.00877	0.00789	0.01227
49	0.03190	0.01324	0.01751	0.01376	0.01936	0.01194	0.01125	0.03680	0.08567	0.58286	0.06743	0.02844	0.02271	0.01004	0.00788	0.00242	0.00638	0.00825	0.00937	0.01277
50	0.01117	0.01054	0.04889	0.01447	0.01662	0.00888	0.09720	0.01382	0.01586	0.02141	0.06788	0.53342	0.04452	0.02047	0.00966	0.00302	0.00610	0.04226	0.00661	0.00722
51	0.01732	0.14403	0.55477	0.02033	0.03078	0.01960	0.02543	0.02503	0.01657	0.05728	0.01429	0.01628	0.01032	0.00737	0.00702	0.00233	0.01073	0.00559	0.00360	0.01132
52	0.00945	0.00675	0.00900	0.01080	0.01125	0.00630	0.00720	0.01080	0.01484	0.01979	0.04274	0.72245	0.05128	0.02429	0.00990	0.00315	0.00450	0.02204	0.00720	0.00630
53	0.01139	0.00826	0.01114	0.01265	0.01420	0.00801	0.01039	0.01429	0.01731	0.02254	0.07372	0.23565	0.10581	0.02168	0.01030	0.00333	0.00606	0.39914	0.00722	0.00689
54	0.03028	0.02043	0.02247	0.01723	0.02340	0.02214	0.01423	0.56051	0.03431	0.14467	0.02042	0.01979	0.01409	0.00935	0.00776	0.00234	0.00824	0.00710	0.00803	0.01319
55	0.01025	0.00784	0.00941	0.00913	0.01117	0.00699	0.00681	0.01319	0.02007	0.02692	0.43145	0.09776	0.28561	0.01762	0.00919	0.00254	0.00380	0.01526	0.00799	0.00699
56	0.01092	0.00741	0.00875	0.00909	0.00924	0.00739	0.00541	0.01131	0.01200	0.01607	0.02768	0.17576	0.03209	0.56283	0.06609	0.00694	0.00760	0.01315	0.00514	0.00511
57	0.02888	0.01604	0.01770	0.01442	0.01945	0.07951	0.01156	0.11380	0.07703	0.38754	0.06095	0.05784	0.02218	0.01045	0.00777	0.00238	0.00714	0.00844	0.04510	0.01180
58	0.01705	0.01845	0.03737	0.02762	0.03323	0.01850	0.46775	0.02203	0.01654	0.02279	0.01691	0.05533	0.01485	0.07457	0.01439	0.00320	0.11632	0.00959	0.00406	0.00944
59	0.01702	0.01069	0.01147	0.01052	0.01340	0.01133	0.00811	0.04936	0.19197	0.06431	0.09175	0.03128	0.02591	0.01015	0.00666	0.00214	0.00464	0.00834	0.42183	0.00912
60	0.01757	0.01467	0.01688	0.01219	0.01901	0.01186	0.00981	0.09013	0.01835	0.02789	0.01432	0.01636	0.01167	0.00614	0.00597	0.00128	0.00605	0.00486	0.00495	0.69004
61	0.01804	0.01668	0.02561	0.04558	0.02617	0.01612	0.18323	0.09273	0.04235	0.02753	0.05282	0.02078	0.01553	0.00796	0.00920	0.00208	0.07862	0.00708	0.00495	0.30693
62	0.01868	0.01775	0.02943	0.09270	0.56892	0.01791	0.02233	0.02397	0.04363	0.02521	0.01517	0.01952	0.01255	0.00705	0.00758	0.00227	0.00897	0.00685	0.00402	0.05550
63	0.02572	0.01685	0.01901	0.01515	0.01977	0.01805	0.01204	0.40378	0.02795	0.12727	0.02062	0.02480	0.01623	0.10867	0.03475	0.07530	0.00833	0.00768	0.00708	0.01095
64	0.01296	0.00910	0.01087	0.01056	0.01272	0.00870	0.00775	0.03987	0.06992	0.06487	0.23574	0.22575	0.18758	0.05452	0.01067	0.00293	0.00468	0.01540	0.00769	0.00771
65	0.02106	0.04482	0.06925	0.02313	0.02953	0.05434	0.26661	0.16690	0.02174	0.04589	0.01819	0.02108	0.03886	0.00847	0.00965	0.00243	0.07377	0.00777	0.00502	0.07150
66	0.01032	0.00711	0.00874	0.00968	0.00992	0.00688	0.00601	0.01102	0.01315	0.01753	0.03403	0.40295	0.04030	0.35878	0.02396	0.00523	0.00593	0.01692	0.00601	0.00554
67	0.01610	0.01527	0.02588	0.49736	0.25354	0.01761	0.02226	0.02109	0.01619	0.02158	0.01404	0.02020	0.01096	0.00748	0.00773	0.00249	0.00998	0.00690	0.00357	0.00979
68	0.05608	0.00957	0.00959	0.00880	0.01135	0.01000	0.00682	0.10332	0.01880	0.03188	0.02365	0.02669	0.01839	0.00898	0.00570	0.00191	0.00439	0.00704	0.62896	0.00808
69	0.01991	0.02052	0.02809	0.02262	0.02536	0.09768	0.14875	0.08911	0.01696	0.02321	0.01243	0.01763	0.01081	0.01103	0.01811	0.00296	0.41424	0.00710	0.00404	0.00945
70	0.00959	0.00698	0.00904	0.01041	0.01121	0.00643	0.00709	0.01125	0.01590	0.02116	0.11632	0.58876	0.11141	0.02292	0.00975	0.00302	0.00435	0.02063	0.00735	0.00643
71	0.01044	0.00745	0.01013	0.01193	0.01281	0.00715	0.00892	0.01251	0.01582	0.02090	0.04219	0.51614	0.04912	0.02336	0.01016	0.00329	0.00536	0.21858	0.00718	0.00657
72	0.01002	0.00725	0.00949	0.01049	0.01152	0.00673	0.00740	0.01217	0.01721	0.02330	0.22824	0.46318	0.09294	0.02144	0.00967	0.00293	0.00434	0.04743	0.00758	0.00665
73	0.03390	0.01339	0.01797	0.01391	0.01981	0.01185	0.01145	0.03798	0.05885	0.64733	0.03064	0.02654	0.01945	0.00965	0.00780	0.00241	0.00657	0.00785	0.00950	0.01314
74	0.00947	0.00732	0.00864	0.00946	0.01095	0.00650	0.00666	0.01129	0.01669	0.02132	0.11621	0.38827	0.31638	0.02155	0.00952	0.00286	0.00418	0.01891	0.00732	0.00650
75	0.02074	0.01687	0.01797	0.01584	0.02043	0.01928	0.01241	0.08587	0.58989	0.06326	0.03057	0.02806	0.02270	0.01039	0.00788	0.00260	0.00633	0.00859	0.00796	0.01238
76	0.08225	0.02260	0.01995	0.01640	0.02141	0.16822	0.01311	0.36613	0.06053	0.03815	0.01802	0.01888	0.01344	0.00889	0.00711	0.00221	0.00884	0.00646	0.09621	0.01117
77	0.01169	0.00808	0.01059	0.00988	0.01183	0.00744	0.00744	0.01533	0.02196	0.05066	0.65575	0.05697	0.07154	0.01566	0.00910	0.00244	0.00375	0.01384	0.00857	0.00749
78	0.00949	0.00695	0.00892	0.01037	0.01117	0.00638	0.00704	0.01103	0.01555	0.02049	0.07820	0.60817	0.13119	0.02329	0.00977	0.00305	0.00439	0.02093	0.00726	0.00638
79	0.01010	0.00805	0.00909	0.00912	0.01127	0.00721	0.00672	0.01321	0.04334	0.02404	0.23708	0.16349	0.39168	0.01892	0.00922	0.00265	0.00402	0.01626	0.00760	0.00694
80	0.01514	0.00789	0.00796	0.00771	0.00972	0.00800	0.00585	0.04728	0.01719	0.02982	0.02499	0.02843	0.01957	0.00905	0.00553	0.00183	0.00384	0.00722	0.73547	0.00750
81	0.02211	0.01806	0.01913	0.01635	0.02124	0.02061	0.01296	0.21114	0.49059	0.03700	0.02796	0.02607	0.02076	0.01018	0.00785	0.00255	0.00680	0.00827	0.00785	0.01253
82	0.02687	0.05494	0.02250	0.01659	0.02237	0.02246	0.01366	0.52359	0.06439	0.04373	0.01912	0.02028	0.01426	0.03665	0.00869	0.00245	0.00810	0.00701	0.03056	0.04176
83	0.01469	0.03510	0.00851	0.00746	0.00945	0.00813	0.00572	0.01826	0.01624	0.02850	0.02474	0.02827	0.01949	0.00894	0.00540	0.00180	0.00379	0.00711	0.74105	0.00733
84	0.01391	0.00874	0.01151	0.01129	0.01339	0.00824	0.00865	0.01767	0.04455	0.10285	0.35283	0.20231	0.05643	0.01752	0.00932	0.00275	0.00474	0.09722	0.00815	0.00794
85	0.02761	0.02108	0.05553	0.07409	0.07643	0.07948	0.01588	0.31412	0.04806	0.17922	0.02013	0.02033	0.01409	0.00889	0.00768	0.00235	0.00886	0.00697	0.00696	0.01227
86	0.10067	0.02217	0.02197	0.12209	0.05392	0.13831	0.01544	0.33846	0.05289	0.03634	0.01633	0.01796	0.01212	0.00859	0.00733	0.00233	0.00943	0.00642	0.00601	0.01123
87	0.01650	0.08208	0.09338	0.25814	0.07233	0.01966	0.09896	0.02108	0.01534	0.02143	0.01377	0.01917	0.01113	0.00878	0.01138	0.00260	0.16480	0.00681	0.05332	0.00934
88	0.02122	0.01654	0.01857	0.01635	0.04984	0.01778	0.01239	0.29132	0.17825	0.03736	0.12452	0.05712	0.06382	0.01146	0.00806	0.00240	0.00671	0.00945	0.00751	0.04934
89	0.01812	0.01886	0.09127	0.23170	0.24174	0.01842	0.02068	0.09195	0.01832	0.02572	0.01463	0.01925	0.01158	0.00812	0.00921	0.00244	0.07651	0.00669	0.02938	0.04542
90	0.04061	0.01037	0.01373	0.01181	0.01544	0.00939	0.00945	0.02456	0.02150	0.30148	0.33978	0.04607	0.04683	0.01349	0.00860	0.00251	0.00522	0.06063	0.00877	0.00977
91	0.03081	0.01571	0.01892	0.01468	0.02028	0.01558	0.01200	0.25794	0.02659	0.39182	0.02573	0.02466	0.01741	0.03706	0.00886	0.00254	0.00716	0.00760	0.05213	0.01252
92	0.09748	0.02073	0.20099	0.02048	0.05894	0.01449	0.15773	0.02028	0.01670	0.02537	0.08215	0.17407	0.02521	0.01154	0.00816	0.00258	0.00865	0.01066	0.00501	0.03879
93	0.05801	0.59293	0.06719	0.01399	0.02072	0.02878	0.01389	0.08793	0.01778	0.02247	0.01173	0.01326	0.01020	0.00697	0.00536	0.00180	0.00835	0.00451	0.00384	0.01028
94	0.01142	0.00760	0.00934	0.00934	0.00960	0.00786	0.00580	0.01166	0.01140	0.01546	0.02286	0.04474	0.02535	0.54543	0.16203	0.07030	0.00994	0.01035	0.00449	0.00501
95	0.00943	0.00680	0.00894	0.01066	0.01121	0.00631	0.00714	0.01081	0.01497	0.01985	0.04437	0.69294	0.07973	0.02408	0.00986	0.00312	0.00447	0.02178	0.00720	0.00631
96	0.02041	0.60808	0.12623	0.01475	0.02191	0.05923	0.01540	0.02375	0.01612	0.01912	0.01125	0.01303	0.00993	0.00679	0.00539	0.00178	0.00897	0.00440	0.00334	0.01011
97	0.01030	0.00770	0.01104	0.01179	0.01272	0.00727	0.03932	0.01203	0.01526	0.02044	0.07646	0.55437	0.04813	0.08731	0.01257	0.00350	0.00529	0.05115	0.00688	0.00646
98	0.00951	0.00685	0.00902	0.01062	0.01123	0.00636	0.00715	0.01101	0.01533	0.02042	0.07681	0.66192	0.07772	0.02367	0.00983	0.00309	0.00443	0.02140	0.00727	0.00636
99	0.01039	0.00721	0.00900	0.00982	0.01019	0.00704	0.00625	0.01135	0.01356	0.01823	0.06607	0.36595	0.04092	0.32836	0.05562	0.00544	0.00654	0.01634	0.00604	0.00569
100	0.01729	0.02077	0.10093	0.05532	0.09569	0.01804	0.41634	0.02412	0.04714	0.02468	0.01869	0.05974	0.01574	0.00851	0.00885	0.00264	0.01141	0.03940	0.00434	0.01036
101	0.01379	0.01108	0.01254	0.01222	0.01507	0.01144	0.00962	0.05006	0.20091	0.02689	0.11732	0.11428	0.22321	0.01692	0.00910	0.00282	0.00539	0.13115	0.00755	0.00864
102	0.02006	0.01096	0.01309	0.01112	0.01511	0.00995	0.00881	0.06613	0.04181	0.25593	0.13458	0.05029	0.30120	0.01463	0.00855	0.00250	0.00521	0.01218	0.00827	0.00961
103	0.01803	0.02161	0.07687	0.05723	0.04065	0.01944	0.59664	0.02464	0.01810	0.02464	0.01553	0.02068	0.01161	0.00662	0.00901	0.00261	0.01289	0.00890	0.00387	0.01044
104	0.02110	0.70051	0.03978	0.01357	0.02009	0.06100	0.01335	0.02357	0.01604	0.01828	0.01083	0.01251	0.00995	0.00670	0.00507	0.00167	0.00855	0.00418	0.00335	0.00991
105	0.01987	0.01635	0.01688	0.01509	0.01931	0.04818	0.01173	0.03740	0.51665	0.07912	0.08290	0.03186	0.04814	0.01106	0.00798	0.00257	0.00626	0.00919	0.00787	0.01161
106	0.10459	0.02838	0.02146	0.01810	0.02310	0.34708	0.01422	0.29054	0.02715	0.03307	0.01464	0.01578	0.01117	0.00846	0.00709	0.00218	0.01090	0.00575	0.00565	0.01069
107	0.02095	0.65866	0.07122	0.01408	0.02080	0.06802	0.01412	0.02372	0.01614	0.01859	0.01100	0.01272	0.00995	0.00675	0.00521	0.00172	0.00877	0.00427	0.00335	0.00997
108	0.01489	0.01375	0.01456	0.01385	0.01551	0.10557	0.01051	0.01690	0.01619	0.04084	0.08538	0.25974	0.09648	0.02032	0.06766	0.00358	0.14924	0.01321	0.00584	0.03598
109	0.01876	0.01661	0.02446	0.11335	0.12498	0.04570	0.07518	0.02291	0.04561	0.08196	0.01605	0.02161	0.01342	0.04483	0.04854	0.00342	0.23275	0.00735	0.00446	0.03806
110	0.36082	0.05449	0.01570	0.01260	0.01718	0.13734	0.01016	0.04246	0.03435	0.12799	0.01655	0.01754	0.01235	0.00804	0.00588	0.00222	0.00740	0.00545	0.10210	0.00938

[dist]
# distance from previous block
# <min> <max>
1	3

[block]
# block no. 2 follows, 25 sequences, length 80
# corresponding to MSA columns:
# 157-236
name=unknown_C
#
# <colnr> <probs for GDERKNQSTAVLIFYWHMCP>
#	G	D	E	R	K	N	Q	S	T	A	V	L	I	F	Y	W	H	M	C	P
0	0.01464	0.01184	0.01868	0.04214	0.01999	0.01145	0.13473	0.06960	0.01797	0.04638	0.09802	0.28252	0.03510	0.10783	0.01297	0.00332	0.00718	0.01408	0.00623	0.04531
1	0.01500	0.01473	0.02604	0.33675	0.03851	0.01707	0.15720	0.01935	0.01536	0.02067	0.01763	0.11062	0.01623	0.01246	0.03771	0.00317	0.11945	0.00937	0.00405	0.00864
2	0.02114	0.01499	0.01727	0.01383	0.01889	0.01470	0.01102	0.25121	0.02361	0.08723	0.02210	0.12406	0.01948	0.01395	0.05635	0.00280	0.00765	0.00867	0.03130	0.23976
3	0.01092	0.00741	0.00940	0.01032	0.01160	0.00672	0.00720	0.01269	0.01642	0.05740	0.10660	0.50424	0.16651	0.02186	0.00958	0.00295	0.00443	0.01948	0.00745	0.00681
4	0.01474	0.01371	0.02324	0.65899	0.05114	0.01687	0.03956	0.01989	0.01562	0.02035	0.01433	0.02103	0.01078	0.00777	0.00769	0.00255	0.01013	0.00697	0.03603	0.00861
5	0.06641	0.01344	0.01686	0.01357	0.01861	0.01272	0.01092	0.10698	0.04324	0.44733	0.05193	0.09178	0.02329	0.03515	0.00895	0.00264	0.00652	0.00922	0.00866	0.01179
6	0.01775	0.01470	0.01565	0.01426	0.01829	0.01640	0.01112	0.03485	0.50616	0.05118	0.04019	0.03906	0.13976	0.01250	0.00821	0.00265	0.00580	0.03255	0.00780	0.01110
7	0.03479	0.01320	0.01799	0.01380	0.01979	0.01140	0.01140	0.03779	0.02219	0.68451	0.03059	0.02639	0.01919	0.00960	0.00780	0.00240	0.00660	0.00780	0.00960	0.01320
8	0.01445	0.00723	0.00723	0.00723	0.00903	0.00723	0.00542	0.01807	0.01626	0.02891	0.02529	0.02891	0.01987	0.00903	0.00542	0.00181	0.00361	0.00723	0.77055	0.00723
9	0.01945	0.56095	0.20063	0.01545	0.02328	0.02754	0.01707	0.02355	0.01591	0.01980	0.01156	0.01341	0.00992	0.00681	0.00557	0.00186	0.00908	0.00454	0.00331	0.01032
10	0.01518	0.00793	0.00801	0.00774	0.00976	0.00805	0.00587	0.04897	0.01724	0.02988	0.02497	0.02841	0.01955	0.00905	0.00553	0.00183	0.00385	0.00721	0.73344	0.00752
11	0.00945	0.00675	0.00900	0.01080	0.01125	0.00630	0.00720	0.01080	0.01484	0.01979	0.04274	0.72245	0.05128	0.02429	0.00990	0.00315	0.00450	0.02204	0.00720	0.00630
12	0.01477	0.01418	0.02489	0.60442	0.04999	0.01694	0.08611	0.01989	0.01576	0.02033	0.01540	0.05521	0.01250	0.00844	0.00800	0.00261	0.01033	0.00787	0.00368	0.00869
13	0.01555	0.04011	0.68733	0.02210	0.03356	0.01801	0.02865	0.02455	0.01637	0.02455	0.01391	0.01637	0.00982	0.00737	0.00737	0.00246	0.01146	0.00573	0.00327	0.01146
14	0.01054	0.00773	0.01012	0.01163	0.01292	0.00731	0.00896	0.01281	0.01640	0.02124	0.04770	0.38525	0.14634	0.02250	0.01008	0.00322	0.00539	0.24603	0.00718	0.00665
15	0.01555	0.04011	0.68733	0.02210	0.03356	0.01801	0.02865	0.02455	0.01637	0.02455	0.01391	0.01637	0.00982	0.00737	0.00737	0.00246	0.01146	0.00573	0.00327	0.01146
16	0.02639	0.01454	0.01731	0.01428	0.01935	0.01469	0.01146	0.08431	0.24905	0.33883	0.05798	0.03093	0.06361	0.01077	0.00796	0.00249	0.00630	0.00885	0.00866	0.01223
17	0.01626	0.00914	0.00944	0.00878	0.01112	0.00943	0.00673	0.10253	0.01890	0.03122	0.02508	0.05441	0.02020	0.00966	0.00591	0.00193	0.00430	0.00777	0.63921	0.00799
18	0.01798	0.01364	0.01498	0.01303	0.01586	0.06577	0.04078	0.14671	0.01972	0.02855	0.02177	0.04955	0.01873	0.08184	0.10703	0.00408	0.03263	0.00808	0.29081	0.00847
19	0.01608	0.01378	0.01608	0.01148	0.01837	0.01034	0.00919	0.01952	0.01608	0.02527	0.01378	0.01608	0.01148	0.00574	0.00574	0.00115	0.00574	0.00459	0.00459	0.77491
20	0.78228	0.01499	0.01140	0.01020	0.01499	0.01739	0.00840	0.02279	0.01320	0.03479	0.01080	0.01260	0.00840	0.00720	0.00480	0.00240	0.00600	0.00420	0.00480	0.00840
21	0.00962	0.00689	0.00901	0.01052	0.01109	0.00643	0.00703	0.01104	0.01512	0.02018	0.07685	0.63066	0.06976	0.06217	0.01145	0.00333	0.00460	0.02085	0.00713	0.00627
22	0.00945	0.00675	0.00900	0.01080	0.01125	0.00630	0.00720	0.01080	0.01484	0.01979	0.04274	0.72245	0.05128	0.02429	0.00990	0.00315	0.00450	0.02204	0.00720	0.00630
23	0.02859	0.02103	0.02255	0.01738	0.02329	0.02324	0.01425	0.62205	0.03523	0.04722	0.01890	0.02018	0.01392	0.04425	0.00930	0.00258	0.00848	0.00719	0.00761	0.01277
24	0.01830	0.02092	0.04575	0.03268	0.04052	0.01961	0.65098	0.02484	0.01830	0.02484	0.01569	0.02092	0.01176	0.00654	0.00915	0.00261	0.01307	0.00915	0.00392	0.01046
25	0.01652	0.01583	0.02602	0.37629	0.25156	0.01873	0.02149	0.02091	0.01559	0.02141	0.01343	0.01956	0.01094	0.00847	0.01074	0.00263	0.12966	0.00688	0.00356	0.00979
26	0.00949	0.00684	0.00899	0.01062	0.01122	0.00635	0.00714	0.01095	0.01523	0.02025	0.06684	0.66742	0.08245	0.02377	0.00983	0.00310	0.00444	0.02148	0.00724	0.00635
27	0.01555	0.04011	0.68733	0.02210	0.03356	0.01801	0.02865	0.02455	0.01637	0.02455	0.01391	0.01637	0.00982	0.00737	0.00737	0.00246	0.01146	0.00573	0.00327	0.01146
28	0.01529	0.00928	0.01198	0.03426	0.01506	0.00898	0.00888	0.01933	0.08348	0.14260	0.07150	0.43379	0.07654	0.01900	0.00916	0.00288	0.00516	0.01689	0.00765	0.00830
29	0.00943	0.00683	0.00891	0.01058	0.01119	0.00632	0.00710	0.01082	0.01505	0.01988	0.04537	0.67473	0.09730	0.02395	0.00984	0.00311	0.00446	0.02162	0.00720	0.00632
30	0.27487	0.01404	0.01511	0.01304	0.01714	0.01561	0.01056	0.16011	0.01908	0.10576	0.01808	0.02144	0.01434	0.02494	0.23672	0.00574	0.01155	0.00659	0.00578	0.00950
31	0.31681	0.01446	0.03664	0.01333	0.01739	0.03682	0.05001	0.04202	0.01587	0.10794	0.02087	0.13406	0.01926	0.04298	0.09565	0.00398	0.00873	0.00879	0.00565	0.00873
32	0.00967	0.00705	0.00960	0.04043	0.01304	0.00676	0.00781	0.01118	0.01487	0.01979	0.04151	0.69265	0.04954	0.02359	0.00981	0.00312	0.00475	0.02140	0.00704	0.00640
33	0.01632	0.01506	0.02548	0.40053	0.29327	0.01692	0.02132	0.02064	0.01594	0.02149	0.01407	0.02031	0.01132	0.00884	0.00938	0.05933	0.00963	0.00689	0.00359	0.00965
34	0.01832	0.02045	0.04282	0.03096	0.03824	0.01974	0.57936	0.02580	0.06570	0.02516	0.01664	0.02135	0.01258	0.00710	0.00969	0.00265	0.03970	0.00903	0.00419	0.01051
35	0.01722	0.01852	0.03802	0.12141	0.12128	0.01807	0.43655	0.02291	0.01757	0.02383	0.01748	0.07731	0.01483	0.00818	0.00884	0.00261	0.01153	0.00961	0.00411	0.01011
36	0.01555	0.04011	0.68733	0.02210	0.03356	0.01801	0.02865	0.02455	0.01637	0.02455	0.01391	0.01637	0.00982	0.00737	0.00737	0.00246	0.01146	0.00573	0.00327	0.01146
37	0.04557	0.01872	0.01788	0.01566	0.02022	0.08919	0.01224	0.11567	0.43381	0.03226	0.02954	0.02795	0.06093	0.01040	0.00769	0.00247	0.00710	0.00833	0.00721	0.03715
38	0.02424	0.01871	0.01992	0.01633	0.02144	0.02100	0.01309	0.36344	0.28819	0.04040	0.02425	0.02424	0.01816	0.03519	0.00886	0.00262	0.00737	0.00786	0.03238	0.01233
39	0.03887	0.01219	0.01793	0.30876	0.07937	0.01329	0.01481	0.01897	0.04075	0.02449	0.16345	0.06490	0.05364	0.01068	0.00786	0.00240	0.00730	0.00935	0.03097	0.08003
40	0.00954	0.00682	0.00908	0.01073	0.01127	0.00636	0.00720	0.01104	0.01529	0.02050	0.08242	0.68074	0.05266	0.02376	0.00985	0.00310	0.00445	0.02154	0.00728	0.00636
41	0.01696	0.01696	0.02375	0.02036	0.02036	0.02375	0.01696	0.01866	0.01187	0.01866	0.01018	0.01696	0.01018	0.01357	0.02545	0.00339	0.71332	0.00679	0.00339	0.00848
42	0.01830	0.02092	0.04575	0.03268	0.04052	0.01961	0.65098	0.02484	0.01830	0.02484	0.01569	0.02092	0.01176	0.00654	0.00915	0.00261	0.01307	0.00915	0.00392	0.01046
43	0.02886	0.01636	0.05512	0.01466	0.02084	0.01428	0.01260	0.17475	0.02442	0.38518	0.06522	0.02483	0.01978	0.00935	0.00761	0.00224	0.00702	0.00751	0.00818	0.10118
44	0.01110	0.00822	0.01200	0.01200	0.01322	0.00944	0.00911	0.01355	0.01232	0.01765	0.02119	0.03282	0.02041	0.13588	0.62045	0.01189	0.01923	0.00865	0.00422	0.00666
45	0.05557	0.01414	0.01638	0.01326	0.01808	0.01431	0.01074	0.17442	0.08798	0.28811	0.04689	0.02588	0.01973	0.00961	0.00722	0.00228	0.00625	0.00765	0.17004	0.01146
46	0.28120	0.01405	0.03135	0.06449	0.02003	0.01467	0.04525	0.06142	0.07484	0.05730	0.05091	0.11960	0.06679	0.01216	0.00745	0.00264	0.00668	0.05418	0.00607	0.00892
47	0.00945	0.00675	0.00900	0.01080	0.01125	0.00630	0.00720	0.01080	0.01484	0.01979	0.04274	0.72245	0.05128	0.02429	0.00990	0.00315	0.00450	0.02204	0.00720	0.00630
48	0.01485	0.01437	0.02121	0.01812	0.02052	0.06488	0.12178	0.01799	0.01404	0.01938	0.01707	0.02482	0.01549	0.03640	0.38944	0.00813	0.16168	0.00789	0.00395	0.00800
49	0.01980	0.01566	0.01692	0.01497	0.01928	0.01756	0.01170	0.07063	0.51184	0.07592	0.08472	0.03230	0.05180	0.01117	0.00803	0.00258	0.00601	0.00932	0.00802	0.01176
50	0.01114	0.00938	0.01573	0.01469	0.01656	0.00877	0.12362	0.01357	0.01591	0.02141	0.07733	0.55409	0.04550	0.02055	0.00971	0.00301	0.00600	0.01921	0.00669	0.00711
51	0.11489	0.01144	0.01377	0.01164	0.01542	0.01108	0.00924	0.07222	0.02207	0.22734	0.35008	0.03987	0.04443	0.01241	0.00810	0.00241	0.00520	0.01041	0.00833	0.00966
52	0.00961	0.00686	0.00919	0.01098	0.01151	0.00644	0.00748	0.01108	0.01501	0.01998	0.04264	0.68826	0.05092	0.02414	0.00994	0.00317	0.00464	0.05461	0.00719	0.00634
53	0.01666	0.01584	0.02690	0.41595	0.33058	0.01776	0.02254	0.02158	0.01646	0.02226	0.01414	0.02002	0.01120	0.00738	0.00772	0.00246	0.00984	0.00690	0.00362	0.01024
54	0.02896	0.03695	0.02197	0.01998	0.02397	0.69638	0.01498	0.03096	0.02197	0.01898	0.01199	0.01398	0.00999	0.00799	0.00699	0.00200	0.01398	0.00499	0.00400	0.00899
55	0.09666	0.01298	0.01651	0.01298	0.01841	0.01186	0.01065	0.05408	0.02143	0.53427	0.05308	0.02636	0.02021	0.00958	0.00741	0.00235	0.00627	0.00766	0.06514	0.01211
56	0.01041	0.00790	0.00958	0.00916	0.01124	0.00707	0.00687	0.01353	0.02061	0.02791	0.48820	0.06315	0.26199	0.01704	0.00915	0.00249	0.00374	0.01476	0.00812	0.00707
57	0.01264	0.01068	0.01688	0.14306	0.02275	0.01272	0.04377	0.01577	0.01318	0.01855	0.01849	0.02822	0.01705	0.08422	0.43281	0.00901	0.08069	0.00813	0.00398	0.00741
58	0.01487	0.01550	0.03060	0.02343	0.02832	0.01486	0.37415	0.01926	0.01698	0.02274	0.02978	0.20786	0.10034	0.01305	0.01024	0.00280	0.04809	0.01320	0.00512	0.00882
59	0.00945	0.00675	0.00900	0.01080	0.01125	0.00630	0.00720	0.01080	0.01484	0.01979	0.04274	0.72245	0.05128	0.02429	0.00990	0.00315	0.00450	0.02204	0.00720	0.00630
60	0.02179	0.01565	0.01700	0.01474	0.01922	0.01737	0.01162	0.10379	0.43941	0.11693	0.02931	0.02749	0.02153	0.01010	0.00757	0.00247	0.00616	0.00827	0.09768	0.01190
61	0.04720	0.01849	0.03491	0.07262	0.05917	0.04060	0.40954	0.04447	0.01829	0.02495	0.01970	0.09059	0.01766	0.00956	0.00890	0.00268	0.01111	0.05522	0.00460	0.00974
62	0.01741	0.12023	0.33766	0.02630	0.07479	0.02021	0.24565	0.02444	0.01705	0.02390	0.01418	0.01765	0.01068	0.00695	0.00771	0.00240	0.01148	0.00681	0.00354	0.01097
63	0.02063	0.01811	0.06601	0.03035	0.33179	0.01653	0.01820	0.02854	0.14507	0.11418	0.01989	0.02146	0.01517	0.00784	0.00745	0.00223	0.00793	0.00700	0.00547	0.11615
64	0.49269	0.13499	0.09995	0.01482	0.06003	0.04246	0.01284	0.02341	0.01457	0.02974	0.01145	0.01349	0.00912	0.00714	0.00539	0.00227	0.00750	0.00457	0.00429	0.00928
65	0.05500	0.01243	0.01571	0.01279	0.01737	0.01171	0.01029	0.07547	0.05744	0.37266	0.23098	0.03530	0.03549	0.01149	0.00811	0.00242	0.00577	0.00960	0.00885	0.01112
66	0.51540	0.10609	0.01654	0.01164	0.01674	0.01871	0.00980	0.02664	0.09506	0.09829	0.01537	0.01599	0.01158	0.00778	0.00551	0.00233	0.00637	0.00512	0.00548	0.00956
67	0.02794	0.25637	0.02580	0.01411	0.02013	0.07775	0.01225	0.03146	0.04536	0.34176	0.02146	0.02018	0.01506	0.00829	0.00667	0.00206	0.00774	0.00620	0.00667	0.05272
68	0.07445	0.14172	0.24965	0.01602	0.02336	0.01731	0.01701	0.05164	0.01844	0.20655	0.04494	0.04562	0.01698	0.03349	0.00818	0.00250	0.00842	0.00706	0.00569	0.01097
69	0.01810	0.16645	0.11009	0.02242	0.10598	0.05881	0.04030	0.02150	0.01477	0.02034	0.01239	0.01722	0.01108	0.01328	0.06466	0.00335	0.27988	0.00623	0.00353	0.00961
70	0.00965	0.00691	0.00886	0.01034	0.01087	0.00646	0.00682	0.01087	0.01460	0.01930	0.04282	0.60243	0.08776	0.10708	0.01334	0.00363	0.00482	0.02041	0.00690	0.00612
71	0.01878	0.01801	0.03074	0.10651	0.62338	0.01832	0.02359	0.02344	0.01746	0.02484	0.01451	0.01932	0.01211	0.00698	0.00768	0.00233	0.00931	0.00691	0.00380	0.01195
72	0.02822	0.01479	0.01870	0.07934	0.02299	0.01487	0.01268	0.17673	0.06451	0.36520	0.02703	0.07556	0.01964	0.01048	0.00787	0.00245	0.00712	0.00862	0.03117	0.01202
73	0.01221	0.00832	0.01048	0.01112	0.01263	0.00798	0.00787	0.01591	0.07665	0.06647	0.12415	0.48259	0.09248	0.02064	0.00943	0.00292	0.00464	0.01845	0.00759	0.00745
74	0.00956	0.00683	0.00910	0.01072	0.01127	0.00637	0.00721	0.01108	0.01537	0.02063	0.08931	0.67350	0.05289	0.02367	0.00984	0.00310	0.00444	0.02145	0.00730	0.00637
75	0.52988	0.01607	0.04923	0.01173	0.01691	0.01648	0.01017	0.05964	0.04065	0.11524	0.01555	0.01648	0.01138	0.00786	0.00563	0.00237	0.00636	0.00524	0.05365	0.00949
76	0.59270	0.01709	0.06271	0.01198	0.01750	0.01721	0.01064	0.06631	0.01597	0.10736	0.01375	0.01481	0.01002	0.00762	0.00552	0.00240	0.00663	0.00490	0.00542	0.00947
77	0.02770	0.07264	0.02242	0.01903	0.02318	0.60855	0.01449	0.05071	0.02194	0.02003	0.01497	0.01663	0.03837	0.00846	0.00700	0.00202	0.01307	0.00550	0.00422	0.00908
78	0.04770	0.06585	0.31239	0.01810	0.02581	0.01889	0.01932	0.03204	0.28878	0.06002	0.02184	0.02177	0.01604	0.00875	0.00738	0.00248	0.00861	0.00696	0.00558	0.01169
79	0.30058	0.04364	0.01813	0.01412	0.01935	0.02022	0.01162	0.30082	0.08093	0.03989	0.06497	0.02000	0.01666	0.00903	0.00669	0.00236	0.00703	0.00654	0.00659	0.01082

[dist]
# distance from previous block
# <min> <max>
0	1

[block]
# block no. 3 follows, 25 sequences, length 7
# corresponding to MSA columns:
# 238-244
name=unknown_D
#
# <colnr> <probs for GDERKNQSTAVLIFYWHMCP>
#	G	D	E	R	K	N	Q	S	T	A	V	L	I	F	Y	W	H	M	C	P
0	0.08734	0.05146	0.01655	0.01279	0.01725	0.04325	0.01030	0.02884	0.06196	0.33629	0.17025	0.07584	0.03167	0.01155	0.00780	0.00241	0.00616	0.00953	0.00811	0.01064
1	0.01356	0.00678	0.00983	0.00983	0.01000	0.00678	0.00661	0.01085	0.01068	0.01493	0.01458	0.02407	0.01407	0.02525	0.02795	0.70148	0.00644	0.00678	0.07578	0.00373
2	0.07407	0.02759	0.29158	0.06206	0.18761	0.05767	0.09041	0.02537	0.01736	0.07248	0.01512	0.01806	0.01123	0.00737	0.00748	0.00241	0.01044	0.00643	0.00410	0.01117
3	0.02619	0.01588	0.06608	0.06466	0.02268	0.01421	0.01333	0.08805	0.12641	0.35097	0.10254	0.02866	0.02437	0.01016	0.00793	0.00245	0.00697	0.00839	0.00813	0.01190
4	0.12856	0.20981	0.06430	0.01340	0.01834	0.07654	0.01184	0.02531	0.14305	0.04189	0.05033	0.02787	0.09566	0.05207	0.00861	0.00254	0.00744	0.00759	0.00539	0.00946
5	0.05668	0.02311	0.17488	0.07013	0.06918	0.01800	0.28502	0.06075	0.01899	0.12130	0.01720	0.02010	0.01227	0.00744	0.00812	0.00250	0.01082	0.00760	0.00482	0.01110
6	0.01894	0.27346	0.05954	0.04937	0.09227	0.07309	0.01429	0.06361	0.08083	0.02281	0.01934	0.11501	0.01857	0.05622	0.00902	0.00255	0.00832	0.00824	0.00478	0.00974

[dist]
# distance from previous block
# <min> <max>
2	19

[block]
# block no. 4 follows, 25 sequences, length 136
# corresponding to MSA columns:
# 264-399
name=unknown_E
#
# <colnr> <probs for GDERKNQSTAVLIFYWHMCP>
#	G	D	E	R	K	N	Q	S	T	A	V	L	I	F	Y	W	H	M	C	P
0	0.01214	0.01032	0.01177	0.04774	0.01569	0.00908	0.00822	0.01619	0.06416	0.02347	0.09275	0.08340	0.34820	0.01467	0.00813	0.00225	0.00492	0.01234	0.00645	0.20811
1	0.01157	0.00877	0.01184	0.03869	0.01461	0.00854	0.02908	0.04405	0.01773	0.02376	0.17572	0.34609	0.10160	0.07247	0.01173	0.00323	0.00539	0.06103	0.00707	0.00704
2	0.44016	0.01986	0.01573	0.01357	0.01835	0.13644	0.01087	0.14910	0.04085	0.03456	0.04547	0.01676	0.01326	0.00828	0.00608	0.00232	0.00778	0.00551	0.00553	0.00952
3	0.01812	0.01509	0.01880	0.01495	0.02007	0.01462	0.04698	0.12729	0.07829	0.02860	0.01994	0.02853	0.01772	0.04663	0.01024	0.00235	0.05806	0.08225	0.00562	0.34585
4	0.01265	0.00924	0.01248	0.01393	0.01589	0.00930	0.01203	0.01709	0.05099	0.02384	0.06291	0.08296	0.07156	0.02060	0.01045	0.00344	0.00684	0.54920	0.00723	0.00738
5	0.49993	0.01850	0.12153	0.01268	0.01833	0.01649	0.01202	0.02449	0.06358	0.06418	0.06973	0.01891	0.01574	0.00832	0.00596	0.00243	0.00672	0.00579	0.00533	0.00932
6	0.01902	0.01933	0.06487	0.11506	0.05406	0.05287	0.21441	0.06681	0.15447	0.04962	0.04189	0.02646	0.01795	0.03686	0.00954	0.00275	0.00985	0.02835	0.00538	0.01047
7	0.01058	0.00794	0.00982	0.00944	0.01146	0.00718	0.00713	0.01382	0.02077	0.02835	0.50820	0.06297	0.22011	0.01696	0.00920	0.00252	0.00384	0.03445	0.00816	0.00712
8	0.01652	0.01393	0.01619	0.01178	0.01841	0.01089	0.00940	0.05153	0.01707	0.02627	0.01507	0.04161	0.01300	0.00659	0.00599	0.00128	0.00584	0.00534	0.00485	0.70842
9	0.01760	0.01587	0.02271	0.04702	0.02451	0.01688	0.15364	0.07118	0.30481	0.02985	0.09645	0.03558	0.07315	0.01124	0.00853	0.00263	0.00765	0.04334	0.00679	0.01058
10	0.00961	0.00687	0.00914	0.01068	0.01128	0.00641	0.00721	0.01121	0.01560	0.02100	0.11030	0.65144	0.05362	0.02339	0.00982	0.00307	0.00441	0.02119	0.00734	0.00641
11	0.01775	0.01809	0.03227	0.08753	0.05763	0.01889	0.29223	0.04600	0.01687	0.02398	0.01401	0.01902	0.01130	0.00823	0.01205	0.00252	0.17071	0.00747	0.00401	0.13943
12	0.01948	0.01690	0.01889	0.01640	0.02110	0.01910	0.03963	0.06198	0.58760	0.03241	0.02967	0.02768	0.02227	0.01011	0.00785	0.00256	0.00651	0.00855	0.00758	0.04372
13	0.56938	0.01564	0.01347	0.01174	0.01654	0.01781	0.00965	0.12203	0.04884	0.03594	0.01666	0.01946	0.03568	0.00869	0.00580	0.00245	0.00637	0.02905	0.00559	0.00922
14	0.01636	0.01242	0.01517	0.06267	0.01937	0.01162	0.01032	0.04265	0.11911	0.07276	0.06187	0.19250	0.02700	0.01208	0.00763	0.00217	0.00587	0.01047	0.00634	0.29161
15	0.02045	0.69456	0.07578	0.01375	0.02064	0.02999	0.01410	0.02329	0.01579	0.01859	0.01095	0.01265	0.00994	0.00667	0.00511	0.00170	0.00846	0.00423	0.00331	0.01003
16	0.01700	0.01184	0.01054	0.00985	0.01218	0.07988	0.00737	0.06495	0.05312	0.02833	0.02372	0.02848	0.01929	0.06928	0.00874	0.00239	0.00549	0.00740	0.53226	0.00789
17	0.01894	0.01816	0.03101	0.08453	0.64419	0.01836	0.02367	0.02357	0.01753	0.02502	0.01454	0.01927	0.01217	0.00696	0.00768	0.00232	0.00927	0.00691	0.00382	0.01208
18	0.01593	0.09013	0.64059	0.02146	0.03257	0.01892	0.02754	0.02446	0.01633	0.02410	0.01369	0.01609	0.00983	0.00731	0.00719	0.00240	0.01123	0.00562	0.00328	0.01135
