[name]
unknown

[dist]
# distance from previous block
# <min> <max>
0	10

[block]
# block no. 0 follows, 24 sequences, length 15
# corresponding to MSA columns:
# 10-24
name=unknown_A
#
# <colnr> <probs for GDERKNQSTAVLIFYWHMCP>
#	G	D	E	R	K	N	Q	S	T	A	V	L	I	F	Y	W	H	M	C	P
0	0.01160	0.00869	0.01239	0.01548	0.08977	0.00836	0.00964	0.01350	0.01608	0.02180	0.10397	0.43026	0.04607	0.07246	0.01299	0.03792	0.00564	0.06957	0.00673	0.00710
1	0.01932	0.01853	0.03163	0.09216	0.63078	0.01876	0.02418	0.02407	0.01791	0.02553	0.01486	0.01973	0.01243	0.00712	0.00786	0.00237	0.00950	0.00706	0.00390	0.01231
2	0.01693	0.01389	0.02241	0.02764	0.28469	0.01329	0.06088	0.02104	0.01991	0.07898	0.23695	0.03961	0.10665	0.01170	0.00863	0.00247	0.00704	0.01076	0.00635	0.01018
3	0.00966	0.00690	0.00920	0.01104	0.01150	0.00644	0.00736	0.01104	0.01518	0.02024	0.04371	0.71614	0.05245	0.02484	0.01012	0.00322	0.00460	0.02254	0.00736	0.00644
4	0.01849	0.01765	0.02972	0.10065	0.57177	0.01785	0.02281	0.02305	0.01787	0.02511	0.01962	0.02389	0.06022	0.00809	0.00797	0.00240	0.00912	0.00777	0.00414	0.01182
5	0.01963	0.01884	0.03219	0.04867	0.67185	0.01884	0.02434	0.02434	0.01806	0.02591	0.01492	0.01963	0.01256	0.00707	0.00785	0.00236	0.00942	0.00707	0.00393	0.01256
6	0.01604	0.01466	0.02379	0.65441	0.05252	0.01811	0.02154	0.06399	0.01736	0.02234	0.01444	0.02099	0.01077	0.00804	0.00793	0.00262	0.01044	0.00705	0.00383	0.00914
7	0.01498	0.01409	0.02378	0.70226	0.05462	0.01762	0.02202	0.02026	0.01586	0.02026	0.01409	0.02114	0.01057	0.00793	0.00793	0.00264	0.01057	0.00705	0.00352	0.00881
8	0.03014	0.02221	0.02380	0.01825	0.02459	0.02459	0.01507	0.64541	0.03728	0.04998	0.01904	0.01904	0.01349	0.00952	0.00793	0.00238	0.00873	0.00714	0.00793	0.01349
9	0.02891	0.02160	0.02310	0.01800	0.02412	0.02402	0.01477	0.57408	0.11061	0.04799	0.02060	0.02029	0.01475	0.00967	0.00795	0.00242	0.00844	0.00736	0.00795	0.01338
10	0.00966	0.00690	0.00920	0.01104	0.01150	0.00644	0.00736	0.01104	0.01518	0.02024	0.04371	0.71614	0.05245	0.02484	0.01012	0.00322	0.00460	0.02254	0.00736	0.00644
11	0.01153	0.00769	0.00865	0.00865	0.00865	0.00769	0.00480	0.01153	0.01153	0.01538	0.02499	0.05189	0.02883	0.72131	0.04036	0.00769	0.00769	0.01153	0.00480	0.00480
12	0.03558	0.01350	0.01840	0.01411	0.02024	0.01166	0.01166	0.03865	0.02270	0.67734	0.03128	0.02699	0.01963	0.00981	0.00797	0.00245	0.00675	0.00797	0.00981	0.01350
13	0.02697	0.02141	0.02253	0.06373	0.02578	0.05757	0.01503	0.44818	0.16213	0.04296	0.02107	0.02109	0.01532	0.00960	0.00792	0.00244	0.00864	0.00740	0.00747	0.01276
14	0.01152	0.00805	0.01004	0.00996	0.01188	0.00725	0.00731	0.01429	0.01977	0.05552	0.35974	0.21447	0.20308	0.01882	0.00947	0.00270	0.00414	0.01651	0.00815	0.00733

[dist]
# distance from previous block
# <min> <max>
0	2

[block]
# block no. 1 follows, 24 sequences, length 7
# corresponding to MSA columns:
# 27-33
name=unknown_B
#
# <colnr> <probs for GDERKNQSTAVLIFYWHMCP>
#	G	D	E	R	K	N	Q	S	T	A	V	L	I	F	Y	W	H	M	C	P
0	0.09327	0.16024	0.17812	0.01850	0.02521	0.27106	0.01761	0.10255	0.02096	0.02579	0.01320	0.01503	0.01042	0.00786	0.00675	0.00217	0.01121	0.00530	0.00433	0.01043
1	0.01965	0.20609	0.02249	0.01457	0.03875	0.01822	0.01165	0.02761	0.19265	0.11062	0.05998	0.07863	0.05637	0.06168	0.00994	0.00281	0.00685	0.04460	0.00658	0.01025
2	0.12030	0.02103	0.02193	0.01715	0.02320	0.02344	0.01412	0.52973	0.07556	0.04711	0.01894	0.01899	0.01360	0.00934	0.00757	0.00241	0.00825	0.00691	0.00757	0.01283
3	0.01113	0.00752	0.00877	0.00917	0.00927	0.00742	0.00536	0.01143	0.01232	0.01643	0.02903	0.19543	0.03393	0.57081	0.03383	0.00672	0.00702	0.01391	0.00536	0.00516
4	0.02914	0.01898	0.02126	0.01667	0.02252	0.02032	0.01364	0.41110	0.10454	0.18350	0.05729	0.02409	0.01927	0.01008	0.00803	0.00244	0.00775	0.00791	0.00840	0.01307
5	0.01970	0.02077	0.03635	0.11338	0.12032	0.06181	0.33110	0.06787	0.01905	0.02546	0.01498	0.02006	0.01172	0.00802	0.01070	0.00266	0.09323	0.00808	0.00416	0.01058
6	0.03008	0.02424	0.02363	0.01853	0.02458	0.11099	0.01510	0.56566	0.03536	0.04600	0.01816	0.01842	0.01306	0.00934	0.00783	0.00234	0.00945	0.00688	0.00743	0.01293

[dist]
# distance from previous block
# <min> <max>
0	1

[block]
# block no. 2 follows, 24 sequences, length 30
# corresponding to MSA columns:
# 35-64
name=unknown_C
#
# <colnr> <probs for GDERKNQSTAVLIFYWHMCP>
#	G	D	E	R	K	N	Q	S	T	A	V	L	I	F	Y	W	H	M	C	P
0	0.06203	0.22209	0.47075	0.01948	0.02948	0.02183	0.02389	0.02464	0.01638	0.02401	0.01319	0.01544	0.00999	0.00732	0.00673	0.00229	0.01053	0.00534	0.00345	0.01112
1	0.09633	0.16975	0.48799	0.01960	0.02966	0.02084	0.02412	0.02466	0.01628	0.02497	0.01328	0.01557	0.00992	0.00737	0.00679	0.00235	0.01052	0.00539	0.00352	0.01110
2	0.01767	0.11698	0.30326	0.02493	0.06522	0.01973	0.21231	0.02444	0.01730	0.02451	0.01440	0.01777	0.01098	0.00698	0.00762	0.00231	0.01108	0.00666	0.00373	0.09213
3	0.01749	0.20235	0.46720	0.02050	0.03050	0.02164	0.04794	0.02574	0.05210	0.02403	0.01453	0.01667	0.01093	0.00750	0.00705	0.00233	0.01071	0.00578	0.00364	0.01136
4	0.05019	0.01758	0.02153	0.06440	0.02433	0.01894	0.04967	0.32519	0.02684	0.10661	0.01974	0.02148	0.01451	0.01215	0.04933	0.00297	0.03517	0.00722	0.07862	0.05351
5	0.02364	0.02531	0.30445	0.01751	0.02577	0.01469	0.01896	0.03044	0.05277	0.28418	0.06127	0.02401	0.01858	0.00903	0.00775	0.00242	0.00864	0.00730	0.00656	0.05673
6	0.01153	0.00769	0.00865	0.00865	0.00865	0.00769	0.00480	0.01153	0.01153	0.01538	0.02499	0.05189	0.02883	0.72131	0.04036	0.00769	0.00769	0.01153	0.00480	0.00480
7	0.01644	0.01409	0.01644	0.01175	0.01879	0.01057	0.00940	0.01997	0.01644	0.02584	0.01409	0.01644	0.01175	0.00587	0.00587	0.00117	0.00587	0.00470	0.00470	0.76979
8	0.01153	0.00769	0.00865	0.00865	0.00865	0.00769	0.00480	0.01153	0.01153	0.01538	0.02499	0.05189	0.02883	0.72131	0.04036	0.00769	0.00769	0.01153	0.00480	0.00480
9	0.03120	0.02052	0.02275	0.01744	0.02375	0.02208	0.01441	0.52761	0.03445	0.17177	0.02142	0.02058	0.01468	0.00958	0.00794	0.00239	0.00834	0.00730	0.00830	0.01349
10	0.01820	0.02032	0.04382	0.03178	0.03926	0.01910	0.58793	0.02462	0.01868	0.02526	0.01831	0.02734	0.01497	0.00802	0.00950	0.00276	0.01284	0.06262	0.00430	0.01040
11	0.02034	0.61512	0.14500	0.01503	0.02262	0.02928	0.01612	0.02397	0.01621	0.01970	0.01154	0.01337	0.01016	0.00691	0.00548	0.00183	0.00900	0.00450	0.00339	0.01043
12	0.03014	0.02221	0.02380	0.01825	0.02459	0.02459	0.01507	0.64541	0.03728	0.04998	0.01904	0.01904	0.01349	0.00952	0.00793	0.00238	0.00873	0.00714	0.00793	0.01349
13	0.02911	0.02144	0.02306	0.01788	0.02393	0.02368	0.01468	0.61343	0.03617	0.04848	0.02028	0.05417	0.01545	0.01029	0.00804	0.00242	0.00852	0.00792	0.00790	0.01313
14	0.01122	0.00811	0.01060	0.00998	0.01185	0.00748	0.00748	0.01496	0.02245	0.03180	0.66766	0.05923	0.07482	0.01621	0.00935	0.00249	0.00374	0.01434	0.00873	0.00748
15	0.01936	0.01857	0.03170	0.08628	0.63633	0.01877	0.02420	0.02410	0.01793	0.02558	0.01487	0.01971	0.01245	0.00712	0.00785	0.00237	0.00949	0.00706	0.00390	0.01234
16	0.02055	0.01366	0.01660	0.01226	0.01883	0.01065	0.00983	0.02388	0.01783	0.17499	0.01925	0.04757	0.01522	0.00756	0.00653	0.00155	0.00602	0.00618	0.00598	0.56506
17	0.01377	0.00689	0.01033	0.01033	0.01033	0.00689	0.00689	0.01033	0.01033	0.01377	0.01377	0.02410	0.01377	0.02755	0.03099	0.76928	0.00689	0.00689	0.00344	0.00344
18	0.02073	0.01915	0.01839	0.01657	0.02102	0.08786	0.01283	0.04107	0.59291	0.03177	0.03024	0.02803	0.02278	0.01050	0.00798	0.00262	0.00709	0.00857	0.00766	0.01221
19	0.03014	0.02221	0.02380	0.01825	0.02459	0.02459	0.01507	0.64541	0.03728	0.04998	0.01904	0.01904	0.01349	0.00952	0.00793	0.00238	0.00873	0.00714	0.00793	0.01349
20	0.01251	0.00893	0.01247	0.01429	0.01600	0.00889	0.01230	0.01596	0.01799	0.02343	0.04214	0.14425	0.04623	0.02216	0.01088	0.00361	0.00707	0.56636	0.00731	0.00723
21	0.02064	0.56855	0.10430	0.01538	0.02197	0.05417	0.01557	0.02377	0.01607	0.01938	0.01134	0.01359	0.01018	0.00753	0.00725	0.00195	0.07009	0.00467	0.00342	0.01017
22	0.02849	0.07433	0.02357	0.05112	0.02566	0.62290	0.01553	0.03071	0.02182	0.01941	0.01227	0.01453	0.01023	0.00808	0.00707	0.00205	0.01381	0.00515	0.00402	0.00923
23	0.00966	0.00690	0.00920	0.01104	0.01150	0.00644	0.00736	0.01104	0.01518	0.02024	0.04371	0.71614	0.05245	0.02484	0.01012	0.00322	0.00460	0.02254	0.00736	0.00644
24	0.02120	0.72609	0.04155	0.01357	0.02035	0.03138	0.01357	0.02374	0.01611	0.01866	0.01102	0.01272	0.01018	0.00678	0.00509	0.00170	0.00848	0.00424	0.00339	0.01018
25	0.10592	0.02024	0.02146	0.02020	0.10043	0.09122	0.01449	0.22918	0.11813	0.16703	0.02139	0.02111	0.01532	0.00909	0.00755	0.00241	0.00838	0.00705	0.00712	0.01227
26	0.01915	0.01460	0.01708	0.01254	0.01932	0.01189	0.01007	0.05374	0.05496	0.09020	0.01704	0.01834	0.01331	0.00671	0.00630	0.00144	0.00612	0.00538	0.00554	0.61624
27	0.06827	0.14335	0.11779	0.01446	0.02008	0.01730	0.01348	0.07761	0.08552	0.12351	0.07016	0.08679	0.04187	0.05176	0.00934	0.00269	0.00741	0.00889	0.00627	0.03346
28	0.11901	0.10767	0.16812	0.01543	0.02238	0.08481	0.01501	0.02461	0.07024	0.02580	0.01614	0.05082	0.01364	0.00812	0.00654	0.00202	0.00835	0.00612	0.00462	0.23052
29	0.02008	0.02158	0.10669	0.05520	0.25814	0.01897	0.20345	0.08000	0.05130	0.05583	0.01910	0.02239	0.03353	0.00796	0.00833	0.00251	0.01037	0.00804	0.00479	0.01174

[dist]
# distance from previous block
# <min> <max>
0	18

[block]
# block no. 3 follows, 24 sequences, length 142
# corresponding to MSA columns:
# 83-224
name=unknown_D
#
# <colnr> <probs for GDERKNQSTAVLIFYWHMCP>
#	G	D	E	R	K	N	Q	S	T	A	V	L	I	F	Y	W	H	M	C	P
0	0.08247	0.18667	0.13453	0.02123	0.14041	0.01990	0.01687	0.05131	0.05613	0.14138	0.01836	0.01950	0.01374	0.00804	0.00680	0.00224	0.00826	0.00628	0.05446	0.01141
1	0.02145	0.01495	0.02355	0.07873	0.25546	0.01449	0.04827	0.02547	0.03834	0.17917	0.02145	0.06820	0.01763	0.03652	0.01065	0.05218	0.00815	0.00842	0.00572	0.07118
2	0.01872	0.01702	0.06220	0.04775	0.02290	0.01451	0.03601	0.15984	0.02153	0.03075	0.04359	0.05179	0.01884	0.00942	0.00740	0.00200	0.00739	0.05989	0.00573	0.36270
3	0.01938	0.01997	0.01910	0.06252	0.06904	0.18839	0.01319	0.02408	0.07403	0.02385	0.04926	0.09128	0.01953	0.00992	0.00822	0.00209	0.04121	0.00789	0.00511	0.25195
4	0.01795	0.01396	0.01745	0.01393	0.01827	0.01375	0.01122	0.05219	0.01784	0.08526	0.09541	0.05347	0.04455	0.01068	0.01133	0.00215	0.16081	0.00790	0.00573	0.34612
5	0.06423	0.01394	0.02256	0.63514	0.05064	0.01728	0.02066	0.02014	0.01552	0.02104	0.01389	0.02070	0.01055	0.00853	0.00848	0.02743	0.01016	0.00686	0.00361	0.00862
6	0.01702	0.01697	0.02943	0.12092	0.14015	0.01818	0.18635	0.02126	0.01619	0.02299	0.01647	0.07879	0.01497	0.00996	0.01225	0.00266	0.16411	0.00870	0.00418	0.09844
7	0.02775	0.01998	0.02191	0.01717	0.02301	0.02165	0.01418	0.52368	0.03390	0.07205	0.05399	0.02587	0.01888	0.01053	0.00812	0.00242	0.00819	0.04698	0.00789	0.04185
8	0.07222	0.03142	0.02172	0.01918	0.02346	0.46398	0.01476	0.11752	0.07858	0.02582	0.01478	0.01637	0.01180	0.00883	0.00819	0.00224	0.04834	0.00577	0.00499	0.01002
9	0.01156	0.01062	0.04168	0.01108	0.01406	0.00902	0.00931	0.01629	0.07594	0.02441	0.13650	0.07004	0.37509	0.01857	0.00950	0.00286	0.00524	0.14314	0.00739	0.00768
10	0.01062	0.00808	0.00981	0.00970	0.01175	0.00727	0.00734	0.01365	0.02030	0.02716	0.39607	0.10553	0.26763	0.01837	0.00951	0.00267	0.00412	0.05517	0.00810	0.00715
11	0.02920	0.03529	0.02238	0.02001	0.02434	0.59288	0.01517	0.09189	0.05416	0.02304	0.01387	0.01549	0.01120	0.00843	0.00727	0.00211	0.01338	0.00549	0.00465	0.00977
12	0.00988	0.00735	0.00921	0.01023	0.01140	0.00668	0.00710	0.01181	0.01707	0.02254	0.16187	0.46685	0.18440	0.02233	0.00983	0.00298	0.00433	0.01988	0.00760	0.00668
13	0.02962	0.03779	0.02247	0.02043	0.02451	0.68948	0.01532	0.03166	0.02247	0.01941	0.01226	0.01430	0.01021	0.00817	0.00715	0.00204	0.01430	0.00511	0.00409	0.00919
14	0.01104	0.00810	0.01034	0.00978	0.01173	0.00740	0.00733	0.01460	0.02200	0.03075	0.60806	0.06097	0.13508	0.01660	0.00935	0.00251	0.00377	0.01458	0.00859	0.00740
15	0.77733	0.01534	0.01166	0.01043	0.01534	0.01779	0.00859	0.02331	0.01350	0.03558	0.01104	0.01288	0.00859	0.00736	0.00491	0.00245	0.00613	0.00429	0.00491	0.00859
16	0.77733	0.01534	0.01166	0.01043	0.01534	0.01779	0.00859	0.02331	0.01350	0.03558	0.01104	0.01288	0.00859	0.00736	0.00491	0.00245	0.00613	0.00429	0.00491	0.00859
17	0.01916	0.01837	0.03135	0.11378	0.61036	0.01872	0.02411	0.02393	0.01784	0.02534	0.01483	0.01978	0.01236	0.00715	0.00786	0.00238	0.00954	0.00706	0.00389	0.01219
18	0.01084	0.00797	0.01014	0.00986	0.01167	0.00728	0.00729	0.01412	0.02115	0.02933	0.53127	0.13085	0.14355	0.01759	0.00944	0.00259	0.00387	0.01550	0.00842	0.00728
19	0.01153	0.00769	0.00865	0.00865	0.00865	0.00769	0.00480	0.01153	0.01153	0.01538	0.02499	0.05189	0.02883	0.72131	0.04036	0.00769	0.00769	0.01153	0.00480	0.00480
20	0.01905	0.01998	0.02493	0.06579	0.02482	0.10806	0.05744	0.02317	0.07012	0.02083	0.01315	0.01853	0.01170	0.01203	0.01980	0.00311	0.46724	0.00705	0.00399	0.00922
21	0.00940	0.00792	0.00815	0.00832	0.01079	0.00667	0.00615	0.01135	0.01779	0.02131	0.07679	0.13823	0.60900	0.02054	0.00944	0.00273	0.00407	0.01730	0.00736	0.00667
22	0.02072	0.01446	0.01723	0.01256	0.01940	0.01159	0.01014	0.06017	0.01880	0.14535	0.01750	0.01851	0.01328	0.00680	0.00637	0.00148	0.00620	0.00544	0.00582	0.58819
23	0.01877	0.01786	0.03010	0.04505	0.61165	0.01777	0.02273	0.02331	0.01825	0.02595	0.04642	0.02405	0.04652	0.00808	0.00799	0.00238	0.00892	0.00784	0.00430	0.01206
24	0.01897	0.01869	0.02375	0.02033	0.02124	0.05802	0.01679	0.06222	0.05605	0.02203	0.01248	0.01810	0.01149	0.01310	0.02271	0.00328	0.58040	0.00699	0.00409	0.00927
25	0.01144	0.00747	0.00983	0.01102	0.01206	0.00686	0.00758	0.01312	0.01629	0.06407	0.08511	0.59584	0.08324	0.02306	0.00989	0.00310	0.00466	0.02076	0.00761	0.00698
26	0.02491	0.01114	0.01499	0.01230	0.01657	0.00983	0.00983	0.02827	0.02259	0.39463	0.30998	0.04111	0.04380	0.01262	0.00858	0.00247	0.00543	0.01076	0.00934	0.01086
27	0.01042	0.00778	0.00974	0.01066	0.01190	0.00732	0.00745	0.01336	0.04729	0.02341	0.17756	0.46150	0.13863	0.02175	0.00976	0.00297	0.00442	0.01942	0.00768	0.00698
28	0.01619	0.01572	0.02779	0.51618	0.15797	0.01810	0.09212	0.02153	0.01655	0.02180	0.01445	0.02091	0.01107	0.00764	0.00808	0.00260	0.01069	0.00731	0.00365	0.00966
29	0.01297	0.01091	0.01589	0.01495	0.01598	0.01383	0.01194	0.01550	0.01258	0.01859	0.01829	0.02739	0.01726	0.04704	0.50890	0.01022	0.20814	0.00807	0.00404	0.00751
30	0.01644	0.01409	0.01644	0.01175	0.01879	0.01057	0.00940	0.01997	0.01644	0.02584	0.01409	0.01644	0.01175	0.00587	0.00587	0.00117	0.00587	0.00470	0.00470	0.76979
31	0.01950	0.01915	0.03370	0.06439	0.47854	0.01955	0.13207	0.04383	0.01833	0.02596	0.01493	0.01982	0.01229	0.00755	0.00930	0.00249	0.05522	0.00746	0.00403	0.01189
32	0.02271	0.01852	0.01961	0.01674	0.02176	0.02112	0.01327	0.21493	0.47987	0.03799	0.02848	0.02656	0.02114	0.01040	0.00803	0.00260	0.00698	0.00844	0.00803	0.01282
33	0.01498	0.01409	0.02378	0.70226	0.05462	0.01762	0.02202	0.02026	0.01586	0.02026	0.01409	0.02114	0.01057	0.00793	0.00793	0.00264	0.01057	0.00705	0.00352	0.00881
34	0.00939	0.00798	0.00809	0.00817	0.01075	0.00668	0.00609	0.01136	0.01794	0.02137	0.07862	0.10624	0.63981	0.02031	0.00941	0.00270	0.00404	0.01701	0.00736	0.00668
35	0.77733	0.01534	0.01166	0.01043	0.01534	0.01779	0.00859	0.02331	0.01350	0.03558	0.01104	0.01288	0.00859	0.00736	0.00491	0.00245	0.00613	0.00429	0.00491	0.00859
36	0.02158	0.01449	0.01642	0.01358	0.01783	0.01505	0.01085	0.25270	0.07112	0.10913	0.22017	0.03831	0.09101	0.01254	0.00834	0.00244	0.00612	0.01036	0.05732	0.01065
37	0.00966	0.00690	0.00920	0.01104	0.01150	0.00644	0.00736	0.01104	0.01518	0.02024	0.04371	0.71614	0.05245	0.02484	0.01012	0.00322	0.00460	0.02254	0.00736	0.00644
38	0.03558	0.01350	0.01840	0.01411	0.02024	0.01166	0.01166	0.03865	0.02270	0.67734	0.03128	0.02699	0.01963	0.00981	0.00797	0.00245	0.00675	0.00797	0.00981	0.01350
39	0.01003	0.00717	0.00960	0.01129	0.01195	0.00674	0.00784	0.01174	0.01588	0.02123	0.08029	0.62273	0.05317	0.02408	0.01015	0.00322	0.00479	0.07411	0.00744	0.00658
40	0.01478	0.00739	0.00739	0.00739	0.00924	0.00739	0.00554	0.01848	0.01663	0.02956	0.02587	0.02956	0.02033	0.00924	0.00554	0.00185	0.00370	0.00739	0.76534	0.00739
41	0.02254	0.16562	0.07552	0.05070	0.05026	0.14111	0.01575	0.10808	0.23504	0.02838	0.01990	0.02041	0.01540	0.00882	0.00723	0.00231	0.00919	0.00670	0.00567	0.01136
42	0.02152	0.69963	0.04082	0.01383	0.02051	0.05667	0.01364	0.02405	0.01636	0.01869	0.01107	0.01278	0.01018	0.00684	0.00517	0.00171	0.00870	0.00427	0.00342	0.01014
43	0.01620	0.01409	0.01768	0.12815	0.02483	0.01176	0.01152	0.02002	0.01634	0.02490	0.01409	0.01724	0.01155	0.00622	0.00622	0.00142	0.00666	0.00509	0.00450	0.64151
44	0.01206	0.00832	0.01070	0.00998	0.01209	0.00758	0.00753	0.01562	0.02208	0.05727	0.59086	0.05939	0.12393	0.01629	0.00930	0.00251	0.00389	0.01429	0.00866	0.00766
45	0.01963	0.01884	0.03219	0.04867	0.67185	0.01884	0.02434	0.02434	0.01806	0.02591	0.01492	0.01963	0.01256	0.00707	0.00785	0.00236	0.00942	0.00707	0.00393	0.01256
46	0.01651	0.01659	0.03139	0.41509	0.08863	0.01816	0.22714	0.02217	0.01697	0.02264	0.01519	0.02141	0.01151	0.00751	0.00832	0.00261	0.01119	0.00782	0.02953	0.00963
47	0.00992	0.00709	0.00950	0.01134	0.01192	0.00667	0.00782	0.01150	0.01544	0.02054	0.04356	0.66325	0.05187	0.02460	0.01019	0.00326	0.00483	0.07283	0.00736	0.00651
48	0.02291	0.01941	0.06201	0.01781	0.04587	0.04550	0.01426	0.08903	0.42870	0.12222	0.02845	0.02656	0.02079	0.01008	0.00797	0.00258	0.00733	0.00825	0.00768	0.01257
49	0.00976	0.00694	0.00917	0.01092	0.01135	0.00651	0.00723	0.01107	0.01499	0.01999	0.04273	0.68161	0.05122	0.06105	0.01169	0.00345	0.00476	0.02197	0.00723	0.00636
50	0.01478	0.00739	0.00739	0.00739	0.00924	0.00739	0.00554	0.01848	0.01663	0.02956	0.02587	0.02956	0.02033	0.00924	0.00554	0.00185	0.00370	0.00739	0.76534	0.00739
51	0.02120	0.72609	0.04155	0.01357	0.02035	0.03138	0.01357	0.02374	0.01611	0.01866	0.01102	0.01272	0.01018	0.00678	0.00509	0.00170	0.00848	0.00424	0.00339	0.01018
52	0.02120	0.72609	0.04155	0.01357	0.02035	0.03138	0.01357	0.02374	0.01611	0.01866	0.01102	0.01272	0.01018	0.00678	0.00509	0.00170	0.00848	0.00424	0.00339	0.01018
53	0.01133	0.00850	0.01274	0.01274	0.01416	0.00991	0.00991	0.01416	0.01274	0.01841	0.02124	0.03115	0.01982	0.05947	0.68989	0.01274	0.02124	0.00850	0.00425	0.00708
54	0.02620	0.05131	0.02027	0.01658	0.02101	0.29872	0.01301	0.22753	0.02575	0.03154	0.01742	0.01916	0.01351	0.00879	0.00697	0.00210	0.00993	0.00624	0.17373	0.01022
55	0.01123	0.00809	0.01053	0.00993	0.01173	0.00749	0.00738	0.01484	0.02205	0.03120	0.64403	0.05896	0.07313	0.04214	0.01049	0.00269	0.00389	0.01424	0.00858	0.00738
56	0.01322	0.01236	0.02109	0.11619	0.04893	0.01247	0.15172	0.01675	0.01703	0.02255	0.08018	0.24780	0.14213	0.01580	0.01012	0.00285	0.04027	0.01452	0.00585	0.00817
57	0.02490	0.02643	0.02257	0.02301	0.12033	0.29682	0.01573	0.09903	0.23354	0.02818	0.02000	0.02066	0.01554	0.00900	0.00764	0.00234	0.01032	0.00689	0.00579	0.01126
58	0.02962	0.03779	0.02247	0.02043	0.02451	0.68948	0.01532	0.03166	0.02247	0.01941	0.01226	0.01430	0.01021	0.00817	0.00715	0.00204	0.01430	0.00511	0.00409	0.00919
59	0.01590	0.04102	0.68023	0.02260	0.03432	0.01842	0.02930	0.02511	0.01674	0.02511	0.01423	0.01674	0.01005	0.00753	0.00753	0.00251	0.01172	0.00586	0.00335	0.01172
60	0.01152	0.00774	0.00891	0.00891	0.00901	0.00783	0.00514	0.01170	0.01161	0.01557	0.02474	0.05055	0.02825	0.67852	0.08236	0.00801	0.00856	0.01134	0.00477	0.00495
61	0.01153	0.00769	0.00865	0.00865	0.00865	0.00769	0.00480	0.01153	0.01153	0.01538	0.02499	0.05189	0.02883	0.72131	0.04036	0.00769	0.00769	0.01153	0.00480	0.00480
62	0.01153	0.00769	0.00865	0.00865	0.00865	0.00769	0.00480	0.01153	0.01153	0.01538	0.02499	0.05189	0.02883	0.72131	0.04036	0.00769	0.00769	0.01153	0.00480	0.00480
63	0.02120	0.72609	0.04155	0.01357	0.02035	0.03138	0.01357	0.02374	0.01611	0.01866	0.01102	0.01272	0.01018	0.00678	0.00509	0.00170	0.00848	0.00424	0.00339	0.01018
64	0.01498	0.01409	0.02378	0.70226	0.05462	0.01762	0.02202	0.02026	0.01586	0.02026	0.01409	0.02114	0.01057	0.00793	0.00793	0.00264	0.01057	0.00705	0.00352	0.00881
65	0.02120	0.72609	0.04155	0.01357	0.02035	0.03138	0.01357	0.02374	0.01611	0.01866	0.01102	0.01272	0.01018	0.00678	0.00509	0.00170	0.00848	0.00424	0.00339	0.01018
66	0.01644	0.01409	0.01644	0.01175	0.01879	0.01057	0.00940	0.01997	0.01644	0.02584	0.01409	0.01644	0.01175	0.00587	0.00587	0.00117	0.00587	0.00470	0.00470	0.76979
67	0.01870	0.01335	0.01586	0.01527	0.01884	0.01440	0.01254	0.03110	0.31915	0.10437	0.03618	0.05404	0.03254	0.01526	0.00925	0.00306	0.00676	0.26091	0.00796	0.01049
68	0.01153	0.00769	0.00865	0.00865	0.00865	0.00769	0.00480	0.01153	0.01153	0.01538	0.02499	0.05189	0.02883	0.72131	0.04036	0.00769	0.00769	0.01153	0.00480	0.00480
69	0.01153	0.00769	0.00865	0.00865	0.00865	0.00769	0.00480	0.01153	0.01153	0.01538	0.02499	0.05189	0.02883	0.72131	0.04036	0.00769	0.00769	0.01153	0.00480	0.00480
70	0.01704	0.01690	0.02370	0.02041	0.02048	0.02355	0.01697	0.01883	0.01218	0.01905	0.01096	0.01805	0.01089	0.01621	0.05996	0.00394	0.67176	0.00702	0.00351	0.00859
71	0.01159	0.00888	0.01325	0.01310	0.01445	0.01054	0.01024	0.01437	0.01272	0.01844	0.02077	0.03055	0.01941	0.05749	0.66102	0.01234	0.05106	0.00843	0.00421	0.00715
72	0.00937	0.00803	0.00803	0.00803	0.01071	0.00669	0.00602	0.01138	0.01807	0.02142	0.08033	0.07632	0.66863	0.02008	0.00937	0.00268	0.00402	0.01674	0.00736	0.00669
73	0.01153	0.00769	0.00865	0.00865	0.00865	0.00769	0.00480	0.01153	0.01153	0.01538	0.02499	0.05189	0.02883	0.72131	0.04036	0.00769	0.00769	0.01153	0.00480	0.00480
74	0.01735	0.01735	0.02429	0.02082	0.02082	0.02429	0.01735	0.01908	0.01214	0.01908	0.01041	0.01735	0.01041	0.01388	0.02602	0.00347	0.70680	0.00694	0.00347	0.00867
75	0.01141	0.00767	0.00885	0.00896	0.00904	0.00771	0.00516	0.01161	0.01180	0.01579	0.02593	0.09015	0.02985	0.65327	0.06512	0.00763	0.00806	0.01206	0.00493	0.00499
76	0.01133	0.00850	0.01274	0.01274	0.01416	0.00991	0.00991	0.01416	0.01274	0.01841	0.02124	0.03115	0.01982	0.05947	0.68989	0.01274	0.02124	0.00850	0.00425	0.00708
77	0.01435	0.00875	0.01108	0.13405	0.01813	0.00958	0.00912	0.01822	0.01597	0.02638	0.02311	0.02825	0.01849	0.01576	0.09801	0.00346	0.00730	0.00748	0.52490	0.00761
78	0.03011	0.02323	0.02371	0.01839	0.02459	0.06812	0.01509	0.60523	0.03631	0.04797	0.01859	0.01873	0.01327	0.00943	0.00788	0.00236	0.00909	0.00701	0.00768	0.01320
79	0.11517	0.07937	0.02292	0.02014	0.05346	0.53726	0.01485	0.02984	0.02081	0.02153	0.01216	0.01428	0.01013	0.00794	0.00679	0.00208	0.01275	0.00505	0.00413	0.00934
80	0.01125	0.00820	0.01064	0.01030	0.01222	0.00759	0.00790	0.01487	0.02176	0.03034	0.56878	0.06327	0.11088	0.01701	0.00951	0.00262	0.00410	0.07285	0.00850	0.00741
81	0.01009	0.00721	0.00969	0.01153	0.01218	0.00681	0.00811	0.01178	0.01561	0.02072	0.04347	0.62972	0.05151	0.02444	0.01024	0.00328	0.00497	0.10472	0.00735	0.00656
82	0.01377	0.00689	0.01033	0.01033	0.01033	0.00689	0.00689	0.01033	0.01033	0.01377	0.01377	0.02410	0.01377	0.02755	0.03099	0.76928	0.00689	0.00689	0.00344	0.00344
83	0.01122	0.00811	0.01060	0.00998	0.01185	0.00748	0.00748	0.01496	0.02245	0.03180	0.66766	0.05923	0.07482	0.01621	0.00935	0.00249	0.00374	0.01434	0.00873	0.00748
84	0.01278	0.00913	0.01278	0.01460	0.01643	0.00913	0.01278	0.01643	0.01825	0.02373	0.04199	0.08945	0.04564	0.02191	0.01095	0.00365	0.00730	0.61847	0.00730	0.00730
85	0.01843	0.34928	0.30608	0.06369	0.02976	0.02436	0.06136	0.02419	0.01653	0.02188	0.01288	0.01550	0.01027	0.00716	0.00657	0.00216	0.01028	0.00543	0.00342	0.01076
86	0.02754	0.02635	0.14271	0.01914	0.02635	0.05457	0.01766	0.50427	0.03287	0.04404	0.01785	0.01840	0.01271	0.00910	0.00782	0.00239	0.00953	0.00681	0.00692	0.01296
87	0.00974	0.00702	0.00923	0.01084	0.01148	0.00651	0.00731	0.01129	0.01575	0.02098	0.08215	0.64754	0.08259	0.02411	0.01004	0.00315	0.00452	0.02179	0.00744	0.00651
88	0.01478	0.00739	0.00739	0.00739	0.00924	0.00739	0.00554	0.01848	0.01663	0.02956	0.02587	0.02956	0.02033	0.00924	0.00554	0.00185	0.00370	0.00739	0.76534	0.00739
89	0.01644	0.01409	0.01644	0.01175	0.01879	0.01057	0.00940	0.01997	0.01644	0.02584	0.01409	0.01644	0.01175	0.00587	0.00587	0.00117	0.00587	0.00470	0.00470	0.76979
90	0.01115	0.00811	0.00966	0.00949	0.01165	0.00717	0.00703	0.01384	0.01969	0.04974	0.32066	0.15554	0.30990	0.01873	0.00942	0.00267	0.00408	0.01621	0.00803	0.00724
91	0.02826	0.03553	0.02267	0.02047	0.02411	0.61574	0.01555	0.03027	0.02133	0.01937	0.01205	0.01464	0.01024	0.00880	0.00924	0.00220	0.09107	0.00531	0.00402	0.00914
92	0.01153	0.00769	0.00865	0.00865	0.00865	0.00769	0.00480	0.01153	0.01153	0.01538	0.02499	0.05189	0.02883	0.72131	0.04036	0.00769	0.00769	0.01153	0.00480	0.00480
93	0.01590	0.04102	0.68023	0.02260	0.03432	0.01842	0.02930	0.02511	0.01674	0.02511	0.01423	0.01674	0.01005	0.00753	0.00753	0.00251	0.01172	0.00586	0.00335	0.01172
94	0.01590	0.04102	0.68023	0.02260	0.03432	0.01842	0.02930	0.02511	0.01674	0.02511	0.01423	0.01674	0.01005	0.00753	0.00753	0.00251	0.01172	0.00586	0.00335	0.01172
95	0.01590	0.04102	0.68023	0.02260	0.03432	0.01842	0.02930	0.02511	0.01674	0.02511	0.01423	0.01674	0.01005	0.00753	0.00753	0.00251	0.01172	0.00586	0.00335	0.01172
96	0.01237	0.00896	0.01223	0.01389	0.01575	0.00882	0.01199	0.01579	0.01814	0.02341	0.04554	0.10851	0.10268	0.02183	0.01078	0.00355	0.00691	0.54432	0.00731	0.00722
97	0.02467	0.02675	0.17379	0.02346	0.10640	0.08205	0.04410	0.28381	0.06819	0.06216	0.01807	0.01927	0.01319	0.00863	0.00783	0.00241	0.00994	0.00690	0.00598	0.01241
98	0.01148	0.00788	0.00960	0.00960	0.00993	0.00821	0.00600	0.01214	0.01181	0.01608	0.02411	0.04706	0.02673	0.56695	0.19185	0.00887	0.01085	0.01082	0.00468	0.00534
99	0.01377	0.00689	0.01033	0.01033	0.01033	0.00689	0.00689	0.01033	0.01033	0.01377	0.01377	0.02410	0.01377	0.02755	0.03099	0.76928	0.00689	0.00689	0.00344	0.00344
100	0.77733	0.01534	0.01166	0.01043	0.01534	0.01779	0.00859	0.02331	0.01350	0.03558	0.01104	0.01288	0.00859	0.00736	0.00491	0.00245	0.00613	0.00429	0.00491	0.00859
101	0.00979	0.00699	0.00935	0.01119	0.01170	0.00655	0.00758	0.01126	0.01531	0.02039	0.04364	0.69054	0.05217	0.02472	0.01016	0.00324	0.00471	0.04689	0.00736	0.00648
102	0.02082	0.01984	0.02655	0.19534	0.24734	0.08563	0.02025	0.12466	0.02013	0.02673	0.01440	0.01901	0.01165	0.00889	0.01077	0.00258	0.12330	0.00686	0.00442	0.01084
103	0.01051	0.00751	0.01018	0.01201	0.01284	0.00717	0.00884	0.01251	0.01602	0.02119	0.04324	0.54544	0.05059	0.02404	0.01035	0.00334	0.00534	0.18486	0.00734	0.00668
104	0.05160	0.01820	0.02789	0.26573	0.39706	0.05787	0.02234	0.02335	0.01738	0.02404	0.01431	0.01953	0.01158	0.00743	0.00771	0.00244	0.00995	0.00682	0.00384	0.01092
105	0.02057	0.62913	0.08210	0.01469	0.02130	0.03001	0.01488	0.02349	0.01586	0.01911	0.01119	0.01332	0.01018	0.00736	0.00679	0.00188	0.06004	0.00454	0.00339	0.01017
106	0.02108	0.01753	0.01850	0.01613	0.02086	0.01997	0.01269	0.14743	0.51771	0.03559	0.03219	0.02992	0.05262	0.01098	0.00811	0.00263	0.00660	0.00901	0.00801	0.01244
107	0.01686	0.01542	0.02194	0.01567	0.02290	0.01229	0.12425	0.02095	0.01686	0.02576	0.01445	0.01734	0.01180	0.00602	0.00650	0.00145	0.00723	0.00554	0.00457	0.63221
108	0.01495	0.01326	0.02175	0.61586	0.04897	0.01635	0.01997	0.02004	0.01595	0.02142	0.01556	0.02219	0.01178	0.00809	0.00763	0.00254	0.00972	0.00709	0.09825	0.00863
109	0.01478	0.00739	0.00739	0.00739	0.00924	0.00739	0.00554	0.01848	0.01663	0.02956	0.02587	0.02956	0.02033	0.00924	0.00554	0.00185	0.00370	0.00739	0.76534	0.00739
110	0.01478	0.00739	0.00739	0.00739	0.00924	0.00739	0.00554	0.01848	0.01663	0.02956	0.02587	0.02956	0.02033	0.00924	0.00554	0.00185	0.00370	0.00739	0.76534	0.00739
111	0.01498	0.01409	0.02378	0.70226	0.05462	0.01762	0.02202	0.02026	0.01586	0.02026	0.01409	0.02114	0.01057	0.00793	0.00793	0.00264	0.01057	0.00705	0.00352	0.00881
112	0.00953	0.00809	0.00826	0.00835	0.01098	0.00681	0.00635	0.01162	0.01808	0.02153	0.07851	0.07694	0.63896	0.02017	0.00945	0.00272	0.00417	0.04540	0.00736	0.00672
113	0.01000	0.00731	0.00998	0.01232	0.03389	0.00686	0.00794	0.01149	0.01528	0.02043	0.04273	0.69253	0.05110	0.02424	0.01004	0.00319	0.00476	0.02202	0.00724	0.00665
114	0.01147	0.00794	0.00993	0.00993	0.01037	0.00838	0.00640	0.01235	0.01191	0.01632	0.02382	0.04543	0.02602	0.51504	0.24280	0.00926	0.01191	0.01059	0.00463	0.00551
115	0.05172	0.03981	0.64878	0.02203	0.03343	0.01839	0.02832	0.02503	0.01659	0.02561	0.01408	0.01656	0.00998	0.00753	0.00741	0.00251	0.01146	0.00579	0.00342	0.01157
116	0.01590	0.04102	0.68023	0.02260	0.03432	0.01842	0.02930	0.02511	0.01674	0.02511	0.01423	0.01674	0.01005	0.00753	0.00753	0.00251	0.01172	0.00586	0.00335	0.01172
117	0.01963	0.01884	0.03219	0.04867	0.67185	0.01884	0.02434	0.02434	0.01806	0.02591	0.01492	0.01963	0.01256	0.00707	0.00785	0.00236	0.00942	0.00707	0.00393	0.01256
118	0.01251	0.00818	0.01063	0.01044	0.01231	0.00746	0.00766	0.01544	0.02018	0.07673	0.40838	0.23579	0.10738	0.01834	0.00946	0.00270	0.00422	0.01625	0.00834	0.00760
119	0.02120	0.72609	0.04155	0.01357	0.02035	0.03138	0.01357	0.02374	0.01611	0.01866	0.01102	0.01272	0.01018	0.00678	0.00509	0.00170	0.00848	0.00424	0.00339	0.01018
120	0.01893	0.43277	0.31500	0.01744	0.02633	0.02583	0.02030	0.02433	0.01638	0.02142	0.01240	0.01444	0.01012	0.00711	0.00614	0.00205	0.00987	0.00493	0.00337	0.01084
121	0.00939	0.00796	0.00811	0.00823	0.01076	0.00668	0.00611	0.01136	0.01789	0.02135	0.07796	0.11769	0.62879	0.02039	0.00942	0.00271	0.00405	0.01711	0.00736	0.00668
122	0.01624	0.01539	0.02607	0.52424	0.22273	0.01795	0.02265	0.02137	0.01646	0.02180	0.01432	0.02073	0.01111	0.00769	0.00791	0.00256	0.01026	0.00705	0.00363	0.00983
123	0.02032	0.61187	0.14803	0.01507	0.02268	0.02922	0.01619	0.02397	0.01622	0.01973	0.01156	0.01339	0.01015	0.00691	0.00550	0.00183	0.00902	0.00451	0.00338	0.01043
124	0.05340	0.01824	0.03601	0.02776	0.05533	0.01852	0.40890	0.02255	0.01666	0.02396	0.01610	0.02226	0.01312	0.01707	0.13423	0.00456	0.08889	0.00862	0.00404	0.00979
125	0.00966	0.00690	0.00920	0.01104	0.01150	0.00644	0.00736	0.01104	0.01518	0.02024	0.04371	0.71614	0.05245	0.02484	0.01012	0.00322	0.00460	0.02254	0.00736	0.00644
126	0.01963	0.01884	0.03219	0.04867	0.67185	0.01884	0.02434	0.02434	0.01806	0.02591	0.01492	0.01963	0.01256	0.00707	0.00785	0.00236	0.00942	0.00707	0.00393	0.01256
127	0.04725	0.00845	0.01065	0.01000	0.01201	0.00797	0.00753	0.01536	0.02203	0.03198	0.63678	0.05705	0.07171	0.01580	0.00914	0.00249	0.00385	0.01387	0.00855	0.00753
128	0.02732	0.03711	0.10073	0.02152	0.02675	0.56796	0.05754	0.03050	0.02156	0.02046	0.01273	0.01504	0.01031	0.00800	0.00734	0.00214	0.01394	0.00547	0.00399	0.00958
129	0.01746	0.01809	0.03508	0.29339	0.17027	0.01888	0.28297	0.02322	0.01749	0.02353	0.01507	0.02095	0.01157	0.00724	0.00851	0.00260	0.01152	0.00802	0.00381	0.01034
130	0.01590	0.04102	0.68023	0.02260	0.03432	0.01842	0.02930	0.02511	0.01674	0.02511	0.01423	0.01674	0.01005	0.00753	0.00753	0.00251	0.01172	0.00586	0.00335	0.01172
131	0.00966	0.00690	0.00920	0.01104	0.01150	0.00644	0.00736	0.01104	0.01518	0.02024	0.04371	0.71614	0.05245	0.02484	0.01012	0.00322	0.00460	0.02254	0.00736	0.00644
132	0.01118	0.00893	0.01129	0.01320	0.05543	0.00823	0.00958	0.01381	0.01774	0.02230	0.05869	0.16378	0.34048	0.02048	0.00989	0.00305	0.00551	0.21207	0.00712	0.00724
133	0.02696	0.37884	0.07354	0.01439	0.02122	0.02216	0.01379	0.03016	0.01895	0.29860	0.01983	0.01904	0.01418	0.00812	0.00647	0.00207	0.00796	0.00593	0.00611	0.01169
134	0.01590	0.04102	0.68023	0.02260	0.03432	0.01842	0.02930	0.02511	0.01674	0.02511	0.01423	0.01674	0.01005	0.00753	0.00753	0.00251	0.01172	0.00586	0.00335	0.01172
135	0.00937	0.00803	0.00803	0.00803	0.01071	0.00669	0.00602	0.01138	0.01807	0.02142	0.08033	0.07632	0.66863	0.02008	0.00937	0.00268	0.00402	0.01674	0.00736	0.00669
136	0.01827	0.02661	0.25231	0.03810	0.38294	0.01884	0.09868	0.02472	0.01769	0.02558	0.01482	0.01886	0.01165	0.00718	0.00792	0.00245	0.01066	0.00693	0.00374	0.01206
137	0.01744	0.01406	0.01655	0.01187	0.01887	0.01063	0.00951	0.02094	0.01677	0.05971	0.01499	0.01699	0.01216	0.00608	0.00598	0.00124	0.00592	0.00487	0.00496	0.73047
138	0.01892	0.01843	0.06628	0.04974	0.09901	0.04449	0.04658	0.02219	0.01589	0.08175	0.05371	0.04745	0.01700	0.01165	0.01622	0.00287	0.32593	0.00793	0.00466	0.04930
139	0.01802	0.01932	0.03526	0.02696	0.03087	0.02222	0.32239	0.02216	0.01535	0.02216	0.01316	0.01932	0.01120	0.01037	0.01790	0.00308	0.36874	0.00812	0.00373	0.00966
140	0.05468	0.45785	0.03409	0.09225	0.02473	0.11711	0.01479	0.04886	0.01746	0.02094	0.01182	0.01438	0.01030	0.00760	0.00688	0.00200	0.04571	0.00493	0.00375	0.00987
141	0.04365	0.41475	0.28101	0.01718	0.02565	0.05467	0.01943	0.02459	0.01654	0.02167	0.01229	0.01431	0.01008	0.00715	0.00610	0.00204	0.00988	0.00489	0.00345	0.01067

[dist]
# distance from previous block
# <min> <max>
0	2

[block]
# block no. 4 follows, 24 sequences, length 118
# corresponding to MSA columns:
# 227-344
name=unknown_E
#
# <colnr> <probs for GDERKNQSTAVLIFYWHMCP>
#	G	D	E	R	K	N	Q	S	T	A	V	L	I	F	Y	W	H	M	C	P
0	0.01889	0.08388	0.53496	0.02099	0.03153	0.01924	0.02576	0.07339	0.01873	0.07772	0.01572	0.01745	0.01107	0.00781	0.00743	0.00244	0.01088	0.00601	0.00421	0.01189
1	0.51047	0.01427	0.01314	0.01181	0.01584	0.01634	0.00972	0.04555	0.01590	0.05863	0.07107	0.02458	0.01833	0.00998	0.00757	0.00260	0.05756	0.05387	0.03404	0.00873
2	0.01143	0.00808	0.01064	0.01064	0.01133	0.00877	0.00729	0.01281	0.01212	0.01685	0.02316	0.04180	0.02445	0.39909	0.35659	0.01015	0.01429	0.01005	0.00453	0.00591
3	0.01932	0.05076	0.08134	0.04229	0.50090	0.01951	0.09399	0.02517	0.04236	0.02576	0.01549	0.01970	0.01266	0.00719	0.00789	0.00239	0.00988	0.00719	0.00403	0.01219
4	0.10901	0.01861	0.01827	0.04491	0.02205	0.06679	0.01290	0.08947	0.45857	0.03337	0.02652	0.02532	0.01993	0.00996	0.00762	0.00259	0.00721	0.00792	0.00722	0.01178
5	0.01278	0.00913	0.01278	0.01460	0.01643	0.00913	0.01278	0.01643	0.01825	0.02373	0.04199	0.08945	0.04564	0.02191	0.01095	0.00365	0.00730	0.61847	0.00730	0.00730
6	0.01144	0.00770	0.00862	0.00862	0.00874	0.00765	0.00486	0.01153	0.01181	0.01563	0.02735	0.05294	0.05617	0.69135	0.03904	0.00747	0.00753	0.01175	0.00491	0.00489
7	0.01021	0.00705	0.00919	0.01083	0.01141	0.00666	0.00734	0.01177	0.01524	0.02080	0.04163	0.61727	0.04900	0.05343	0.01113	0.00333	0.00477	0.04380	0.05865	0.00647
8	0.77733	0.01534	0.01166	0.01043	0.01534	0.01779	0.00859	0.02331	0.01350	0.03558	0.01104	0.01288	0.00859	0.00736	0.00491	0.00245	0.00613	0.00429	0.00491	0.00859
9	0.39718	0.18310	0.02160	0.05988	0.02075	0.08014	0.01200	0.05066	0.03797	0.02907	0.01239	0.01453	0.01004	0.00780	0.00641	0.00230	0.03532	0.00492	0.00457	0.00937
10	0.01067	0.00751	0.00909	0.00962	0.01028	0.00715	0.00619	0.01188	0.01499	0.02005	0.13405	0.28251	0.09659	0.31746	0.02272	0.00495	0.00573	0.01616	0.00649	0.00593
11	0.01498	0.01409	0.02378	0.70226	0.05462	0.01762	0.02202	0.02026	0.01586	0.02026	0.01409	0.02114	0.01057	0.00793	0.00793	0.00264	0.01057	0.00705	0.00352	0.00881
12	0.01928	0.01849	0.03157	0.09672	0.62647	0.01875	0.02417	0.02404	0.01789	0.02549	0.01486	0.01974	0.01241	0.00713	0.00786	0.00238	0.00951	0.00706	0.00390	0.01229
13	0.02397	0.01199	0.01508	0.01283	0.01726	0.01114	0.01035	0.02957	0.10659	0.34273	0.11893	0.04507	0.14496	0.01352	0.00864	0.00263	0.00587	0.05913	0.00881	0.01092
14	0.00966	0.00690	0.00920	0.01104	0.01150	0.00644	0.00736	0.01104	0.01518	0.02024	0.04371	0.71614	0.05245	0.02484	0.01012	0.00322	0.00460	0.02254	0.00736	0.00644
15	0.01377	0.00689	0.01033	0.01033	0.01033	0.00689	0.00689	0.01033	0.01033	0.01377	0.01377	0.02410	0.01377	0.02755	0.03099	0.76928	0.00689	0.00689	0.00344	0.00344
16	0.02223	0.64226	0.03923	0.01440	0.02086	0.11153	0.01378	0.02471	0.01689	0.01875	0.01117	0.01291	0.01018	0.00695	0.00534	0.00174	0.00919	0.00435	0.00348	0.01006
17	0.00966	0.00690	0.00920	0.01104	0.01150	0.00644	0.00736	0.01104	0.01518	0.02024	0.04371	0.71614	0.05245	0.02484	0.01012	0.00322	0.00460	0.02254	0.00736	0.00644
18	0.01251	0.00904	0.01240	0.01409	0.01598	0.00894	0.01225	0.01603	0.01824	0.02355	0.04501	0.08841	0.09470	0.02176	0.01083	0.00357	0.00704	0.57109	0.00731	0.00725
19	0.01590	0.04102	0.68023	0.02260	0.03432	0.01842	0.02930	0.02511	0.01674	0.02511	0.01423	0.01674	0.01005	0.00753	0.00753	0.00251	0.01172	0.00586	0.00335	0.01172
20	0.02832	0.08294	0.02343	0.01965	0.02395	0.59561	0.01500	0.03190	0.06873	0.02037	0.01365	0.01532	0.01124	0.00827	0.00708	0.00207	0.01332	0.00533	0.00433	0.00951
21	0.01644	0.01409	0.01644	0.01175	0.01879	0.01057	0.00940	0.01997	0.01644	0.02584	0.01409	0.01644	0.01175	0.00587	0.00587	0.00117	0.00587	0.00470	0.00470	0.76979
22	0.01133	0.00850	0.01274	0.01274	0.01416	0.00991	0.00991	0.01416	0.01274	0.01841	0.02124	0.03115	0.01982	0.05947	0.68989	0.01274	0.02124	0.00850	0.00425	0.00708
23	0.03014	0.02221	0.02380	0.01825	0.02459	0.02459	0.01507	0.64541	0.03728	0.04998	0.01904	0.01904	0.01349	0.00952	0.00793	0.00238	0.00873	0.00714	0.00793	0.01349
24	0.03014	0.02221	0.02380	0.01825	0.02459	0.02459	0.01507	0.64541	0.03728	0.04998	0.01904	0.01904	0.01349	0.00952	0.00793	0.00238	0.00873	0.00714	0.00793	0.01349
25	0.01059	0.00764	0.01016	0.01142	0.01253	0.00720	0.00842	0.01294	0.01739	0.02334	0.17161	0.43160	0.07960	0.02231	0.01010	0.00314	0.00495	0.14058	0.00763	0.00684
26	0.06804	0.01618	0.01894	0.01463	0.02048	0.01584	0.01191	0.23888	0.02516	0.26658	0.02174	0.02147	0.01514	0.01019	0.00912	0.05858	0.00724	0.00684	0.00755	0.14549
27	0.03558	0.01350	0.01840	0.01411	0.02024	0.01166	0.01166	0.03865	0.02270	0.67734	0.03128	0.02699	0.01963	0.00981	0.00797	0.00245	0.00675	0.00797	0.00981	0.01350
28	0.01963	0.01884	0.03219	0.04867	0.67185	0.01884	0.02434	0.02434	0.01806	0.02591	0.01492	0.01963	0.01256	0.00707	0.00785	0.00236	0.00942	0.00707	0.00393	0.01256
29	0.11578	0.01464	0.01768	0.01402	0.01959	0.01421	0.01140	0.10252	0.07390	0.44918	0.02741	0.02606	0.01857	0.04726	0.00935	0.00274	0.00691	0.00774	0.00865	0.01241
30	0.01153	0.00769	0.00865	0.00865	0.00865	0.00769	0.00480	0.01153	0.01153	0.01538	0.02499	0.05189	0.02883	0.72131	0.04036	0.00769	0.00769	0.01153	0.00480	0.00480
31	0.03558	0.01350	0.01840	0.01411	0.02024	0.01166	0.01166	0.03865	0.02270	0.67734	0.03128	0.02699	0.01963	0.00981	0.00797	0.00245	0.00675	0.00797	0.00981	0.01350
32	0.01109	0.00810	0.01041	0.00983	0.01176	0.00742	0.00738	0.01470	0.02213	0.03104	0.62449	0.06049	0.11848	0.01650	0.00935	0.00251	0.00376	0.01452	0.00863	0.00742
33	0.01127	0.00767	0.00863	0.00873	0.00895	0.00755	0.00503	0.01149	0.01221	0.01608	0.03005	0.08886	0.07711	0.63289	0.03648	0.00708	0.00725	0.01250	0.00513	0.00503
34	0.03014	0.02221	0.02380	0.01825	0.02459	0.02459	0.01507	0.64541	0.03728	0.04998	0.01904	0.01904	0.01349	0.00952	0.00793	0.00238	0.00873	0.00714	0.00793	0.01349
35	0.02959	0.02194	0.02349	0.01813	0.02438	0.02433	0.01494	0.61346	0.07013	0.04909	0.01974	0.01960	0.01405	0.00958	0.00794	0.00240	0.00860	0.00724	0.00794	0.01344
36	0.01024	0.00757	0.00964	0.01104	0.01194	0.00721	0.00754	0.01288	0.04972	0.02151	0.07232	0.60482	0.09720	0.02338	0.00992	0.00312	0.00461	0.02105	0.00746	0.00683
37	0.01153	0.00769	0.00865	0.00865	0.00865	0.00769	0.00480	0.01153	0.01153	0.01538	0.02499	0.05189	0.02883	0.72131	0.04036	0.00769	0.00769	0.01153	0.00480	0.00480
38	0.01122	0.00811	0.01060	0.00998	0.01185	0.00748	0.00748	0.01496	0.02245	0.03180	0.66766	0.05923	0.07482	0.01621	0.00935	0.00249	0.00374	0.01434	0.00873	0.00748
39	0.00969	0.00707	0.00913	0.01067	0.01143	0.00651	0.00722	0.01124	0.01580	0.02084	0.07301	0.61895	0.12134	0.02397	0.01001	0.00313	0.00450	0.02157	0.00742	0.00651
40	0.00950	0.00804	0.00821	0.00816	0.01079	0.00675	0.00612	0.01162	0.01837	0.02213	0.12016	0.07516	0.62836	0.01982	0.00937	0.00267	0.00400	0.01657	0.00746	0.00675
41	0.03014	0.02221	0.02380	0.01825	0.02459	0.02459	0.01507	0.64541	0.03728	0.04998	0.01904	0.01904	0.01349	0.00952	0.00793	0.00238	0.00873	0.00714	0.00793	0.01349
42	0.00937	0.00803	0.00803	0.00803	0.01071	0.00669	0.00602	0.01138	0.01807	0.02142	0.08033	0.07632	0.66863	0.02008	0.00937	0.00268	0.00402	0.01674	0.00736	0.00669
