[name]
unknown

[dist]
# distance from previous block
# <min> <max>
0	42

[block]
# block no. 0 follows, 21 sequences, length 11
# corresponding to MSA columns:
# 42-52
name=unknown_A
#
# <colnr> <probs for GDERKNQSTAVLIFYWHMCP>
#	G	D	E	R	K	N	Q	S	T	A	V	L	I	F	Y	W	H	M	C	P
0	0.01371	0.00980	0.01371	0.01567	0.01763	0.00980	0.01371	0.01763	0.01959	0.02547	0.04506	0.09599	0.04898	0.02351	0.01175	0.00392	0.00784	0.59056	0.00784	0.00784
1	0.03207	0.03230	0.02482	0.02077	0.02635	0.35043	0.01631	0.32320	0.03197	0.03703	0.01675	0.01786	0.01270	0.00948	0.00809	0.00237	0.01239	0.00656	0.00642	0.01214
2	0.70472	0.01854	0.06128	0.01218	0.01800	0.01914	0.01090	0.02516	0.01475	0.03733	0.01211	0.01414	0.00933	0.00791	0.00548	0.00264	0.00704	0.00474	0.00514	0.00947
3	0.01970	0.01924	0.03398	0.20843	0.43410	0.02003	0.08970	0.02514	0.01886	0.02622	0.01592	0.02168	0.01288	0.00777	0.00862	0.00264	0.01088	0.00784	0.00411	0.01225
4	0.39265	0.01783	0.01620	0.01400	0.01923	0.05059	0.01126	0.07365	0.13709	0.11932	0.05547	0.02263	0.01848	0.00969	0.00697	0.00266	0.00719	0.00696	0.00704	0.01107
5	0.01586	0.00793	0.00793	0.00793	0.00991	0.00793	0.00595	0.01983	0.01785	0.03173	0.02776	0.03173	0.02181	0.00991	0.00595	0.00198	0.00397	0.00793	0.74817	0.00793
6	0.02533	0.02718	0.03517	0.02715	0.03308	0.19397	0.25848	0.14159	0.02398	0.02966	0.01591	0.01985	0.01245	0.00927	0.01164	0.00275	0.10818	0.00801	0.00505	0.01132
7	0.01029	0.00770	0.00957	0.01106	0.01214	0.00698	0.00755	0.01194	0.01705	0.02203	0.05651	0.54550	0.19996	0.02541	0.01067	0.00331	0.00478	0.02267	0.00790	0.00698
8	0.01483	0.01403	0.01296	0.01383	0.01532	0.13365	0.00983	0.01686	0.01886	0.02317	0.10973	0.46276	0.05004	0.02200	0.01020	0.00315	0.00696	0.04677	0.00739	0.00765
9	0.01197	0.00861	0.01078	0.01029	0.01197	0.00801	0.00737	0.01509	0.02152	0.02998	0.48691	0.06332	0.10959	0.14869	0.01642	0.00376	0.00485	0.01499	0.00846	0.00742
10	0.02953	0.02217	0.02403	0.01824	0.02520	0.02351	0.01501	0.50484	0.03573	0.04867	0.01941	0.01990	0.01411	0.00947	0.00809	0.00231	0.00878	0.00716	0.00785	0.15601

[dist]
# distance from previous block
# <min> <max>
0	5

[block]
# block no. 1 follows, 21 sequences, length 19
# corresponding to MSA columns:
# 58-76
name=unknown_B
#
# <colnr> <probs for GDERKNQSTAVLIFYWHMCP>
#	G	D	E	R	K	N	Q	S	T	A	V	L	I	F	Y	W	H	M	C	P
0	0.01861	0.01707	0.02459	0.09567	0.05402	0.01627	0.08739	0.04590	0.01824	0.02709	0.01513	0.01925	0.01243	0.00795	0.00992	0.00205	0.09384	0.00645	0.00474	0.42338
1	0.12326	0.02228	0.02333	0.01802	0.02469	0.02439	0.01486	0.50144	0.03518	0.04982	0.01897	0.01940	0.01367	0.00964	0.00794	0.00247	0.00879	0.00709	0.00785	0.06691
2	0.01165	0.00874	0.01121	0.01216	0.01388	0.00782	0.00875	0.01375	0.01706	0.02300	0.04546	0.49727	0.09151	0.02337	0.01033	0.00319	0.00540	0.08671	0.00753	0.10119
3	0.37631	0.02148	0.01990	0.01815	0.06637	0.07579	0.01362	0.24677	0.02512	0.04173	0.01545	0.01693	0.01162	0.00881	0.00690	0.00256	0.00860	0.00603	0.00632	0.01153
4	0.02119	0.01296	0.01795	0.10074	0.05624	0.01314	0.01428	0.02740	0.09296	0.19005	0.07751	0.09763	0.05047	0.01576	0.00975	0.00311	0.00756	0.17261	0.00805	0.01066
5	0.01170	0.00951	0.01055	0.01064	0.01340	0.00872	0.00833	0.01594	0.06410	0.02570	0.14619	0.07825	0.43289	0.02062	0.01023	0.00302	0.00501	0.10920	0.00813	0.00785
6	0.02218	0.01722	0.02408	0.32650	0.08374	0.01971	0.01930	0.10505	0.15953	0.10227	0.02238	0.02505	0.01631	0.00958	0.00854	0.00277	0.00950	0.00816	0.00629	0.01186
7	0.67504	0.01630	0.01401	0.08844	0.02132	0.01907	0.01088	0.02464	0.01478	0.03628	0.01223	0.01485	0.00946	0.00797	0.00564	0.00266	0.00713	0.00495	0.00510	0.00924
8	0.01913	0.02014	0.03455	0.02710	0.03012	0.02447	0.22887	0.02286	0.01551	0.02286	0.01330	0.02014	0.01178	0.01218	0.02164	0.00342	0.44956	0.00836	0.00393	0.01007
9	0.01981	0.02214	0.04566	0.03332	0.04030	0.02238	0.50414	0.02598	0.01876	0.02598	0.01608	0.02214	0.01258	0.00863	0.01341	0.00303	0.14084	0.00955	0.00419	0.01107
10	0.02474	0.01901	0.01973	0.01603	0.02146	0.05863	0.01283	0.26886	0.09959	0.08193	0.10338	0.03454	0.10307	0.01218	0.00863	0.00250	0.00771	0.00975	0.00808	0.08735
11	0.02123	0.01862	0.03219	0.02492	0.06706	0.01676	0.25177	0.02628	0.01926	0.09945	0.01794	0.02130	0.01368	0.00764	0.00924	0.00225	0.04348	0.00769	0.00527	0.29397
12	0.02137	0.01748	0.02029	0.01623	0.02157	0.01820	0.01310	0.17701	0.11751	0.03447	0.05218	0.02416	0.01911	0.01383	0.05748	0.00310	0.08791	0.00753	0.00652	0.27096
13	0.01039	0.00863	0.00908	0.00897	0.01170	0.00733	0.00673	0.01286	0.02018	0.02485	0.17944	0.07883	0.54999	0.02086	0.01005	0.00284	0.00426	0.01753	0.00815	0.00733
14	0.07965	0.01627	0.02523	0.47633	0.13235	0.01922	0.02182	0.05968	0.01879	0.02632	0.03519	0.02288	0.01384	0.00872	0.00828	0.00275	0.01042	0.00757	0.00444	0.01025
15	0.01208	0.00894	0.01125	0.01145	0.01349	0.00832	0.00897	0.01539	0.02109	0.02826	0.32562	0.07534	0.18904	0.06820	0.01284	0.00343	0.00537	0.16498	0.00836	0.00760
16	0.01823	0.01709	0.02410	0.01825	0.02384	0.01673	0.08905	0.02190	0.01667	0.02565	0.01429	0.01859	0.01224	0.00880	0.01279	0.00215	0.19630	0.00634	0.00458	0.45241
17	0.02505	0.01363	0.04762	0.01405	0.01888	0.01131	0.01189	0.02958	0.04701	0.32711	0.18940	0.06829	0.08300	0.01454	0.00935	0.00281	0.00645	0.05927	0.00933	0.01143
18	0.26954	0.04698	0.02049	0.05683	0.02378	0.02117	0.01340	0.21884	0.08312	0.11701	0.01975	0.02018	0.01426	0.00928	0.00728	0.00257	0.00796	0.00675	0.00711	0.03368

[dist]
# distance from previous block
# <min> <max>
9	35

[block]
# block no. 2 follows, 21 sequences, length 8
# corresponding to MSA columns:
# 112-119
name=unknown_C
#
# <colnr> <probs for GDERKNQSTAVLIFYWHMCP>
#	G	D	E	R	K	N	Q	S	T	A	V	L	I	F	Y	W	H	M	C	P
0	0.02482	0.04248	0.02328	0.01935	0.05175	0.02187	0.01515	0.28579	0.15515	0.03970	0.02364	0.02835	0.01909	0.01115	0.00965	0.00261	0.05142	0.05577	0.00736	0.11162
1	0.15026	0.07002	0.01607	0.01257	0.01614	0.01488	0.00962	0.06155	0.08217	0.02951	0.10597	0.15854	0.03326	0.11992	0.01350	0.00349	0.00658	0.01168	0.00670	0.07759
2	0.11397	0.01897	0.01944	0.01642	0.02139	0.06755	0.01311	0.08266	0.22201	0.10936	0.02634	0.02612	0.04458	0.01080	0.00992	0.00263	0.07795	0.00798	0.00716	0.10164
3	0.25496	0.01976	0.02199	0.01725	0.02329	0.02143	0.06358	0.30133	0.02717	0.06572	0.01824	0.02120	0.01401	0.05568	0.00991	0.00295	0.00866	0.00717	0.00688	0.03883
4	0.35152	0.01474	0.03758	0.01281	0.01758	0.01453	0.01066	0.02610	0.01814	0.18344	0.08775	0.09495	0.02529	0.01528	0.05216	0.00347	0.00762	0.00909	0.00714	0.01014
5	0.12753	0.02078	0.02424	0.02781	0.22301	0.08776	0.01718	0.13139	0.06977	0.09906	0.07096	0.02448	0.02004	0.00962	0.00809	0.00256	0.00899	0.00786	0.00654	0.01233
6	0.02364	0.01975	0.03129	0.02410	0.03048	0.04642	0.24583	0.09226	0.11708	0.12219	0.02505	0.03118	0.01969	0.01314	0.04486	0.00340	0.01133	0.05807	0.00666	0.03358
7	0.11912	0.02167	0.02144	0.11774	0.02807	0.11703	0.01496	0.23165	0.02639	0.03662	0.06350	0.02200	0.01747	0.00941	0.00776	0.00237	0.00936	0.00713	0.00631	0.11999

[dist]
# distance from previous block
# <min> <max>
0	1

[block]
# block no. 3 follows, 21 sequences, length 7
# corresponding to MSA columns:
# 121-127
name=unknown_D
#
# <colnr> <probs for GDERKNQSTAVLIFYWHMCP>
#	G	D	E	R	K	N	Q	S	T	A	V	L	I	F	Y	W	H	M	C	P
0	0.17781	0.02849	0.12749	0.01904	0.02609	0.13090	0.01734	0.30233	0.02850	0.04058	0.01661	0.01783	0.01220	0.00915	0.00764	0.00253	0.01033	0.00645	0.00635	0.01232
1	0.02045	0.13205	0.02597	0.01796	0.02137	0.02359	0.01500	0.08850	0.08338	0.02621	0.01653	0.02222	0.01482	0.06621	0.01855	0.00324	0.28862	0.00731	0.00504	0.10299
2	0.07466	0.01119	0.01321	0.01220	0.01513	0.01130	0.00931	0.02297	0.12356	0.07396	0.41462	0.09273	0.06028	0.01583	0.00939	0.00276	0.00494	0.01370	0.00891	0.00937
3	0.01407	0.01103	0.01316	0.01221	0.01493	0.01067	0.00911	0.05555	0.05148	0.02832	0.19894	0.20834	0.14736	0.05305	0.01210	0.00306	0.03501	0.01542	0.00769	0.09851
4	0.01065	0.00762	0.01012	0.01166	0.01240	0.00710	0.00792	0.01255	0.01759	0.02378	0.14596	0.59044	0.06027	0.02512	0.01073	0.00333	0.00478	0.02273	0.00814	0.00710
5	0.01943	0.01618	0.01860	0.01345	0.02092	0.01317	0.01082	0.09392	0.02036	0.03087	0.01577	0.01798	0.01283	0.00678	0.00657	0.00142	0.00667	0.00536	0.00546	0.66343
6	0.03127	0.02359	0.02193	0.01824	0.02393	0.17122	0.01448	0.16869	0.17505	0.22253	0.02613	0.02455	0.01842	0.01029	0.00836	0.00257	0.00949	0.00789	0.00819	0.01315

[dist]
# distance from previous block
# <min> <max>
0	1

[block]
# block no. 4 follows, 21 sequences, length 15
# corresponding to MSA columns:
# 129-143
name=unknown_E
#
# <colnr> <probs for GDERKNQSTAVLIFYWHMCP>
#	G	D	E	R	K	N	Q	S	T	A	V	L	I	F	Y	W	H	M	C	P
0	0.03235	0.02384	0.02554	0.01958	0.02639	0.02639	0.01618	0.61946	0.04001	0.05363	0.02043	0.02043	0.01447	0.01022	0.00851	0.00255	0.00936	0.00766	0.00851	0.01447
1	0.01154	0.00847	0.01074	0.01158	0.01287	0.00764	0.00778	0.01309	0.01591	0.02172	0.04021	0.52292	0.04740	0.11874	0.01486	0.00386	0.00557	0.02020	0.00717	0.09774
2	0.10736	0.01577	0.02401	0.50757	0.04844	0.01992	0.02118	0.02197	0.01616	0.02357	0.01418	0.02104	0.01106	0.00932	0.01080	0.00293	0.10417	0.00719	0.00395	0.00940
3	0.12079	0.01556	0.02413	0.55667	0.08078	0.01900	0.02173	0.02241	0.01677	0.02434	0.01471	0.02137	0.01115	0.00838	0.00805	0.00279	0.01062	0.00715	0.00401	0.00961
4	0.01984	0.02198	0.04599	0.08007	0.10014	0.02143	0.49490	0.02647	0.01949	0.02663	0.01669	0.02256	0.01278	0.00766	0.01061	0.00287	0.04469	0.00953	0.00423	0.01143
5	0.01543	0.00945	0.01246	0.01128	0.01388	0.00861	0.00861	0.01935	0.02412	0.11439	0.56436	0.05909	0.07262	0.01651	0.00985	0.00267	0.00443	0.01451	0.00952	0.00887
6	0.01124	0.00863	0.01283	0.01336	0.01459	0.00805	0.04971	0.01342	0.01751	0.02362	0.11768	0.57210	0.05624	0.02419	0.01071	0.00332	0.00547	0.02215	0.00783	0.00736
7	0.02219	0.02100	0.01948	0.01760	0.02227	0.11113	0.01359	0.04226	0.52145	0.03300	0.03379	0.03155	0.04979	0.01158	0.00858	0.00279	0.00784	0.00939	0.00803	0.01270
8	0.07523	0.03486	0.02310	0.02053	0.02531	0.48556	0.01568	0.10601	0.08538	0.02734	0.01608	0.01749	0.01276	0.00917	0.00773	0.00233	0.01323	0.00610	0.00536	0.01074
9	0.65655	0.01627	0.01433	0.10506	0.02237	0.01907	0.01124	0.02456	0.01484	0.03588	0.01231	0.01507	0.00951	0.00799	0.00572	0.00266	0.00725	0.00502	0.00506	0.00925
10	0.02060	0.02027	0.03615	0.09103	0.52468	0.02032	0.10882	0.02599	0.01932	0.02733	0.01612	0.02143	0.01326	0.00759	0.00866	0.00260	0.01078	0.00793	0.00420	0.01294
11	0.02065	0.02077	0.03000	0.06505	0.02968	0.06478	0.14567	0.07234	0.01830	0.02565	0.01409	0.01962	0.01199	0.01101	0.01732	0.00299	0.31702	0.00761	0.00445	0.10102
12	0.01684	0.05671	0.02140	0.01631	0.02044	0.01392	0.08904	0.02013	0.01842	0.06641	0.10397	0.20185	0.06009	0.01490	0.01090	0.00266	0.07668	0.01290	0.00647	0.16998
13	0.07898	0.02314	0.02077	0.01839	0.04054	0.20364	0.03942	0.13383	0.07044	0.07141	0.06321	0.03079	0.05879	0.09500	0.01255	0.00322	0.01000	0.00881	0.00653	0.01054
14	0.25295	0.02103	0.13536	0.01774	0.06054	0.04470	0.01546	0.02636	0.06550	0.07695	0.09906	0.05668	0.02586	0.01158	0.00792	0.00278	0.00808	0.05463	0.00631	0.01050

[dist]
# distance from previous block
# <min> <max>
21	46

[block]
# block no. 5 follows, 21 sequences, length 20
# corresponding to MSA columns:
# 194-213
name=unknown_F
#
# <colnr> <probs for GDERKNQSTAVLIFYWHMCP>
#	G	D	E	R	K	N	Q	S	T	A	V	L	I	F	Y	W	H	M	C	P
0	0.08620	0.01361	0.01555	0.09850	0.02216	0.05330	0.01309	0.05813	0.01973	0.02695	0.06722	0.06143	0.06786	0.10311	0.01405	0.00388	0.00838	0.25182	0.00666	0.00837
1	0.08856	0.15939	0.20690	0.09212	0.11094	0.02179	0.10483	0.02490	0.01778	0.02594	0.01669	0.06255	0.01433	0.00898	0.00785	0.00259	0.01065	0.00778	0.00424	0.01121
2	0.01501	0.00976	0.01260	0.01190	0.01434	0.00925	0.00902	0.01994	0.06269	0.09199	0.44615	0.13932	0.06679	0.01776	0.00998	0.00283	0.00477	0.03786	0.00919	0.00886
3	0.01408	0.00947	0.01092	0.01086	0.01240	0.00932	0.00747	0.03667	0.04049	0.02395	0.03188	0.18962	0.03389	0.27859	0.02190	0.00483	0.00651	0.04928	0.15212	0.05575
4	0.65175	0.01708	0.01445	0.04857	0.01970	0.01977	0.01066	0.08076	0.01702	0.03874	0.01284	0.01493	0.00983	0.00815	0.00575	0.00264	0.00711	0.00506	0.00549	0.00972
5	0.01968	0.02300	0.11724	0.07500	0.10632	0.02030	0.19536	0.06336	0.01931	0.02764	0.01559	0.02034	0.01236	0.00869	0.01155	0.00265	0.11604	0.00770	0.00447	0.13341
6	0.02212	0.01315	0.01694	0.03939	0.01995	0.01193	0.01117	0.02547	0.01932	0.20661	0.05769	0.09638	0.02415	0.01346	0.03545	0.00273	0.04916	0.00926	0.07126	0.25442
7	0.17168	0.01634	0.01813	0.04070	0.02175	0.05477	0.01217	0.03443	0.05503	0.36100	0.06980	0.02699	0.02181	0.01016	0.00786	0.00256	0.00747	0.00793	0.00840	0.05101
8	0.31259	0.05421	0.01961	0.09825	0.02485	0.01873	0.01316	0.09011	0.04282	0.21853	0.02037	0.02073	0.01422	0.00909	0.00711	0.00262	0.00780	0.00664	0.00700	0.01158
9	0.02920	0.01663	0.01898	0.01542	0.02067	0.05515	0.01238	0.13971	0.06683	0.31329	0.17962	0.03525	0.03410	0.01212	0.00886	0.00262	0.00730	0.00995	0.00938	0.01254
10	0.02903	0.08234	0.02420	0.01975	0.02451	0.46912	0.01527	0.11003	0.02530	0.02541	0.02140	0.02262	0.07525	0.01015	0.00787	0.00228	0.01299	0.00697	0.00524	0.01029
11	0.01243	0.01044	0.01701	0.01582	0.01809	0.00960	0.10856	0.01506	0.01725	0.02338	0.05994	0.52647	0.04753	0.02203	0.01045	0.00321	0.00653	0.02052	0.00720	0.04849
12	0.01980	0.01674	0.02256	0.09135	0.02737	0.01834	0.08994	0.03531	0.35535	0.06378	0.13181	0.03481	0.03154	0.01158	0.00904	0.00283	0.00778	0.01036	0.00778	0.01192
13	0.01460	0.00921	0.01219	0.01149	0.01381	0.00846	0.00873	0.01830	0.02318	0.09499	0.49835	0.12101	0.07063	0.01786	0.01004	0.00280	0.00460	0.04192	0.00928	0.00857
14	0.02252	0.01758	0.01894	0.01681	0.02174	0.01983	0.01314	0.04376	0.55103	0.09746	0.03623	0.03312	0.04583	0.01177	0.00870	0.00286	0.00671	0.00979	0.00882	0.01337
15	0.02873	0.02210	0.02269	0.01780	0.02400	0.05788	0.01448	0.44199	0.06452	0.04626	0.02090	0.02150	0.01536	0.00978	0.00801	0.00237	0.00874	0.00740	0.07753	0.08796
16	0.05721	0.02388	0.02417	0.01874	0.02540	0.07008	0.01533	0.49612	0.03571	0.04813	0.01907	0.01955	0.01384	0.00963	0.00811	0.00240	0.00938	0.00713	0.00775	0.08836
17	0.01985	0.01432	0.01735	0.01359	0.01903	0.01258	0.01063	0.05329	0.01870	0.10607	0.02176	0.09115	0.01980	0.07505	0.01218	0.00256	0.05484	0.00841	0.00612	0.42271
18	0.01339	0.00985	0.01271	0.01410	0.01608	0.00933	0.01153	0.01630	0.01978	0.02564	0.08348	0.18093	0.16333	0.02368	0.01154	0.00374	0.00684	0.36148	0.00820	0.00807
19	0.06276	0.01764	0.01934	0.01601	0.02099	0.01915	0.01282	0.26815	0.16349	0.07613	0.19207	0.03468	0.03486	0.01234	0.00879	0.00267	0.00708	0.01007	0.00872	0.01224

[dist]
# distance from previous block
# <min> <max>
7	29

[block]
# block no. 6 follows, 21 sequences, length 55
# corresponding to MSA columns:
# 243-253,255-298
name=unknown_G
#
# <colnr> <probs for GDERKNQSTAVLIFYWHMCP>
#	G	D	E	R	K	N	Q	S	T	A	V	L	I	F	Y	W	H	M	C	P
0	0.02336	0.07005	0.02638	0.02026	0.02415	0.10821	0.05433	0.17708	0.02272	0.02992	0.01752	0.06683	0.01581	0.01451	0.04500	0.00335	0.21806	0.00834	0.00548	0.04863
1	0.02187	0.01685	0.01898	0.01500	0.02078	0.01651	0.01198	0.23519	0.05719	0.03726	0.06528	0.07219	0.02257	0.01270	0.03479	0.00260	0.00774	0.00859	0.03830	0.28362
2	0.01767	0.01483	0.01959	0.01728	0.01914	0.01787	0.01379	0.02220	0.07841	0.06175	0.09569	0.14892	0.02967	0.01597	0.01773	0.00319	0.31316	0.01150	0.00616	0.07547
3	0.37229	0.02005	0.01870	0.01525	0.02120	0.05127	0.01250	0.24522	0.02548	0.11767	0.01769	0.01815	0.01266	0.00911	0.00697	0.00258	0.00809	0.00625	0.00705	0.01181
4	0.01409	0.00960	0.01234	0.01238	0.01433	0.00923	0.00922	0.05806	0.02182	0.05679	0.29182	0.30713	0.06118	0.02070	0.01033	0.00307	0.00521	0.06573	0.00866	0.00831
5	0.01796	0.01347	0.01908	0.01512	0.02014	0.01179	0.07855	0.02223	0.03914	0.09304	0.11725	0.08286	0.02976	0.07423	0.05760	0.00350	0.00821	0.01008	0.00651	0.27947
6	0.01577	0.01191	0.01344	0.01190	0.01506	0.03760	0.00915	0.01870	0.02067	0.08554	0.24792	0.05563	0.23279	0.04745	0.01218	0.00289	0.05320	0.01334	0.00777	0.08708
7	0.01889	0.01586	0.01831	0.01319	0.02069	0.01261	0.01060	0.07179	0.01953	0.02991	0.01557	0.01788	0.01276	0.00663	0.00649	0.00137	0.00656	0.00526	0.00533	0.69075
8	0.01704	0.01610	0.02139	0.01846	0.01998	0.04524	0.04229	0.01936	0.01480	0.02159	0.02006	0.05710	0.04409	0.07883	0.09373	0.00480	0.35585	0.00916	0.03925	0.06089
9	0.02429	0.01960	0.02026	0.01755	0.02258	0.05029	0.01378	0.17238	0.39613	0.06955	0.03125	0.07493	0.02456	0.01213	0.00873	0.00281	0.00762	0.00996	0.00847	0.01312
10	0.02203	0.62243	0.12192	0.01579	0.02374	0.03192	0.01669	0.02567	0.01738	0.02090	0.01227	0.01420	0.01090	0.00738	0.00579	0.00193	0.00954	0.00477	0.00363	0.01113
11	0.06826	0.01541	0.01930	0.01544	0.02157	0.01472	0.01257	0.04153	0.15787	0.48875	0.03279	0.02887	0.02159	0.01063	0.00843	0.00269	0.00710	0.00861	0.00987	0.01401
12	0.01607	0.01513	0.02552	0.68047	0.05861	0.01891	0.02363	0.02174	0.01702	0.02174	0.01513	0.02269	0.01134	0.00851	0.00851	0.00284	0.01134	0.00756	0.00378	0.00945
13	0.03235	0.02384	0.02554	0.01958	0.02639	0.02639	0.01618	0.61946	0.04001	0.05363	0.02043	0.02043	0.01447	0.01022	0.00851	0.00255	0.00936	0.00766	0.00851	0.01447
14	0.01272	0.00821	0.01092	0.01181	0.01309	0.00757	0.00825	0.01491	0.01868	0.06907	0.18497	0.50124	0.05940	0.02337	0.01051	0.00322	0.00488	0.02104	0.00843	0.00771
15	0.01213	0.00935	0.01361	0.01363	0.01532	0.00871	0.05123	0.01451	0.01740	0.02358	0.10125	0.42762	0.05032	0.08510	0.01357	0.00371	0.00619	0.08006	0.00739	0.04531
16	0.03235	0.02384	0.02554	0.01958	0.02639	0.02639	0.01618	0.61946	0.04001	0.05363	0.02043	0.02043	0.01447	0.01022	0.00851	0.00255	0.00936	0.00766	0.00851	0.01447
17	0.01607	0.01513	0.02552	0.68047	0.05861	0.01891	0.02363	0.02174	0.01702	0.02174	0.01513	0.02269	0.01134	0.00851	0.00851	0.00284	0.01134	0.00756	0.00378	0.00945
18	0.09237	0.08022	0.55586	0.02237	0.03390	0.02051	0.02821	0.02667	0.01758	0.02767	0.01472	0.01730	0.01063	0.00802	0.00765	0.00264	0.01177	0.00602	0.00376	0.01214
19	0.03235	0.02384	0.02554	0.01958	0.02639	0.02639	0.01618	0.61946	0.04001	0.05363	0.02043	0.02043	0.01447	0.01022	0.00851	0.00255	0.00936	0.00766	0.00851	0.01447
20	0.01037	0.00741	0.00987	0.01185	0.01234	0.00691	0.00790	0.01185	0.01629	0.02172	0.04690	0.69537	0.05629	0.02666	0.01086	0.00346	0.00494	0.02419	0.00790	0.00691
21	0.03818	0.01448	0.01975	0.01514	0.02172	0.01251	0.01251	0.04147	0.02436	0.65373	0.03357	0.02897	0.02107	0.01053	0.00856	0.00263	0.00724	0.00856	0.01053	0.01448
22	0.03235	0.02384	0.02554	0.01958	0.02639	0.02639	0.01618	0.61946	0.04001	0.05363	0.02043	0.02043	0.01447	0.01022	0.00851	0.00255	0.00936	0.00766	0.00851	0.01447
23	0.02117	0.01828	0.01924	0.01732	0.02213	0.02117	0.01347	0.04522	0.63246	0.03560	0.03464	0.03175	0.02598	0.01155	0.00866	0.00289	0.00673	0.00962	0.00866	0.01347
24	0.02117	0.01828	0.01924	0.01732	0.02213	0.02117	0.01347	0.04522	0.63246	0.03560	0.03464	0.03175	0.02598	0.01155	0.00866	0.00289	0.00673	0.00962	0.00866	0.01347
25	0.01037	0.00741	0.00987	0.01185	0.01234	0.00691	0.00790	0.01185	0.01629	0.02172	0.04690	0.69537	0.05629	0.02666	0.01086	0.00346	0.00494	0.02419	0.00790	0.00691
26	0.03235	0.02384	0.02554	0.01958	0.02639	0.02639	0.01618	0.61946	0.04001	0.05363	0.02043	0.02043	0.01447	0.01022	0.00851	0.00255	0.00936	0.00766	0.00851	0.01447
27	0.01101	0.00827	0.01164	0.01257	0.01349	0.00774	0.03594	0.01264	0.01621	0.02151	0.04524	0.57230	0.07785	0.09347	0.01406	0.00389	0.00568	0.02207	0.00746	0.00696
28	0.01912	0.01077	0.01301	0.01115	0.01387	0.00972	0.00762	0.02048	0.01596	0.16408	0.02649	0.04350	0.02575	0.43209	0.02945	0.00585	0.00771	0.01033	0.00637	0.12667
29	0.01769	0.11590	0.59035	0.02320	0.03520	0.02127	0.02961	0.02679	0.01789	0.02620	0.01490	0.01750	0.01080	0.00800	0.00780	0.00260	0.01220	0.00610	0.00360	0.01240
30	0.02409	0.01967	0.02181	0.08484	0.02711	0.02254	0.01532	0.21912	0.38859	0.03974	0.02831	0.02736	0.02097	0.01083	0.00860	0.00278	0.00801	0.00881	0.00812	0.01337
31	0.02009	0.02296	0.05022	0.03587	0.04448	0.02152	0.61693	0.02726	0.02009	0.02726	0.01722	0.02296	0.01291	0.00717	0.01004	0.00287	0.01435	0.01004	0.00430	0.01148
32	0.03235	0.02384	0.02554	0.01958	0.02639	0.02639	0.01618	0.61946	0.04001	0.05363	0.02043	0.02043	0.01447	0.01022	0.00851	0.00255	0.00936	0.00766	0.00851	0.01447
33	0.01402	0.01090	0.01314	0.01286	0.01555	0.01101	0.01017	0.02191	0.14806	0.03111	0.31633	0.06636	0.13630	0.01805	0.01012	0.00301	0.00543	0.13795	0.00870	0.00900
34	0.01515	0.00965	0.01256	0.09824	0.01748	0.00987	0.00875	0.01645	0.01480	0.08222	0.02911	0.14884	0.03134	0.43503	0.03017	0.00622	0.00804	0.01321	0.00595	0.00693
35	0.10578	0.02309	0.02423	0.01873	0.02539	0.02566	0.01547	0.55956	0.03744	0.05208	0.01957	0.01977	0.01394	0.00998	0.00819	0.00256	0.00908	0.00735	0.00819	0.01394
36	0.44597	0.01810	0.01668	0.01390	0.01935	0.02038	0.01138	0.21957	0.02384	0.04285	0.07830	0.02101	0.01811	0.00962	0.00681	0.00261	0.00724	0.00670	0.00675	0.01082
37	0.01849	0.01759	0.02989	0.37634	0.34386	0.01954	0.02484	0.02386	0.01816	0.02468	0.01555	0.02190	0.01238	0.00806	0.00847	0.00269	0.01075	0.00757	0.00399	0.01140
38	0.01890	0.01997	0.03096	0.02494	0.02786	0.06724	0.19419	0.02231	0.01633	0.02267	0.01778	0.10837	0.01758	0.01372	0.01897	0.00333	0.35043	0.01027	0.00449	0.00968
39	0.02118	0.52284	0.21402	0.01724	0.02599	0.02982	0.01923	0.02589	0.01748	0.02194	0.01278	0.01485	0.01088	0.00750	0.00619	0.00206	0.01006	0.00503	0.00363	0.01138
40	0.01460	0.00751	0.01127	0.01127	0.01138	0.00762	0.00762	0.01138	0.01127	0.01513	0.01535	0.02640	0.01524	0.03197	0.07785	0.70044	0.00847	0.00751	0.00376	0.00397
41	0.02041	0.01568	0.01838	0.01331	0.02074	0.01250	0.01072	0.06519	0.01979	0.08227	0.01705	0.01880	0.01345	0.00693	0.00665	0.00147	0.00660	0.00552	0.00575	0.63880
42	0.01219	0.00901	0.01311	0.01311	0.01443	0.01033	0.00993	0.01483	0.01351	0.01934	0.02331	0.03631	0.02252	0.14611	0.58662	0.01298	0.02092	0.00954	0.00464	0.00728
43	0.76103	0.01646	0.01251	0.01119	0.01646	0.01909	0.00922	0.02502	0.01448	0.03818	0.01185	0.01382	0.00922	0.00790	0.00527	0.00263	0.00658	0.00461	0.00527	0.00922
44	0.01217	0.00906	0.01337	0.01337	0.01478	0.01047	0.01025	0.01500	0.01359	0.01953	0.02308	0.03500	0.02195	0.10864	0.62331	0.01330	0.02177	0.00935	0.00460	0.00743
45	0.01607	0.01513	0.02552	0.68047	0.05861	0.01891	0.02363	0.02174	0.01702	0.02174	0.01513	0.02269	0.01134	0.00851	0.00851	0.00284	0.01134	0.00756	0.00378	0.00945
46	0.01184	0.00869	0.01110	0.01050	0.01259	0.00794	0.00787	0.01567	0.02362	0.03300	0.58721	0.06542	0.13714	0.01782	0.01004	0.00270	0.00404	0.01565	0.00922	0.00794
47	0.01105	0.00850	0.01271	0.01354	0.01460	0.00794	0.05070	0.01293	0.01656	0.02211	0.04482	0.64811	0.05324	0.02529	0.01080	0.00341	0.00560	0.02320	0.00765	0.00723
48	0.01765	0.01513	0.01765	0.01260	0.02017	0.01134	0.01008	0.02143	0.01765	0.02773	0.01513	0.01765	0.01260	0.00630	0.00630	0.00126	0.00630	0.00504	0.00504	0.75295
49	0.01913	0.01600	0.01844	0.01331	0.02079	0.01286	0.01070	0.08169	0.01990	0.03034	0.01566	0.01793	0.01279	0.00670	0.00653	0.00139	0.00661	0.00531	0.00539	0.67853
50	0.01065	0.00763	0.01013	0.01166	0.01241	0.00710	0.00792	0.01256	0.01762	0.02383	0.14812	0.58815	0.06036	0.02509	0.01072	0.00332	0.00478	0.02270	0.00815	0.00710
51	0.53895	0.01567	0.01366	0.01179	0.01705	0.01710	0.00957	0.05048	0.01674	0.07294	0.01628	0.04816	0.01333	0.00897	0.00600	0.00250	0.00650	0.00610	0.04369	0.08452
52	0.02016	0.01724	0.07268	0.01854	0.02359	0.01498	0.10916	0.13990	0.02297	0.09690	0.05586	0.27210	0.03265	0.01577	0.00955	0.00290	0.00820	0.01432	0.00731	0.04521
53	0.02088	0.01749	0.02602	0.01979	0.02541	0.01746	0.12313	0.02556	0.04282	0.09930	0.01746	0.02076	0.01383	0.00935	0.01282	0.00240	0.17981	0.00716	0.00536	0.31318
54	0.02126	0.01994	0.03318	0.02437	0.03162	0.04458	0.29475	0.07850	0.02132	0.05864	0.01929	0.05006	0.01551	0.00839	0.00859	0.00236	0.01060	0.00874	0.04013	0.20818

[dist]
# distance from previous block
# <min> <max>
1	8

[block]
# block no. 7 follows, 21 sequences, length 15
# corresponding to MSA columns:
# 307-321
name=unknown_H
#
# <colnr> <probs for GDERKNQSTAVLIFYWHMCP>
#	G	D	E	R	K	N	Q	S	T	A	V	L	I	F	Y	W	H	M	C	P
0	0.17924	0.02261	0.02192	0.01755	0.02372	0.07843	0.01431	0.36546	0.06022	0.10539	0.02003	0.02003	0.01430	0.00972	0.00780	0.00256	0.00899	0.00704	0.00771	0.01297
1	0.01777	0.12534	0.58163	0.02306	0.03499	0.02147	0.02937	0.02677	0.01788	0.02610	0.01485	0.01744	0.01080	0.00799	0.00776	0.00259	0.01215	0.00607	0.00360	0.01237
2	0.49583	0.02034	0.09518	0.03640	0.02248	0.01928	0.04552	0.07761	0.01814	0.03682	0.05162	0.01870	0.01444	0.00868	0.00655	0.00266	0.00798	0.00612	0.00550	0.01015
3	0.36684	0.01776	0.01569	0.01336	0.01855	0.06408	0.01080	0.11113	0.02046	0.03649	0.05959	0.02353	0.01799	0.00953	0.00672	0.00241	0.00730	0.03165	0.05097	0.11515
4	0.01771	0.11859	0.58787	0.02316	0.03514	0.02133	0.02954	0.02679	0.01789	0.02617	0.01488	0.01748	0.01080	0.00799	0.00779	0.00260	0.01219	0.00609	0.00360	0.01239
5	0.01794	0.01803	0.03449	0.02594	0.03223	0.01676	0.35313	0.05430	0.01988	0.02730	0.02479	0.19558	0.02414	0.01226	0.00971	0.00281	0.01067	0.01295	0.00555	0.10154
6	0.01423	0.01063	0.01262	0.01216	0.01456	0.01008	0.00872	0.08804	0.01997	0.02702	0.09673	0.34363	0.10714	0.09511	0.01347	0.00349	0.00585	0.01725	0.00749	0.09181
7	0.09561	0.02655	0.02276	0.01865	0.02436	0.19606	0.01491	0.36623	0.03195	0.04154	0.02056	0.02128	0.03825	0.01006	0.00798	0.00246	0.01035	0.00722	0.03095	0.01227
8	0.01286	0.00881	0.01162	0.01256	0.01364	0.00871	0.00887	0.01455	0.01688	0.06540	0.04675	0.54811	0.10069	0.02426	0.01187	0.00337	0.05427	0.02137	0.00778	0.00763
9	0.02460	0.01743	0.02001	0.01520	0.02191	0.01623	0.01227	0.22375	0.02588	0.11289	0.02137	0.06679	0.01729	0.00954	0.00764	0.00201	0.00735	0.00768	0.00708	0.36309
10	0.01685	0.01397	0.01644	0.01277	0.01887	0.01114	0.00992	0.04676	0.01839	0.02770	0.02177	0.15440	0.02150	0.01059	0.00732	0.00176	0.00617	0.00902	0.00578	0.56888
11	0.61635	0.06756	0.09587	0.01307	0.01940	0.02018	0.01238	0.02529	0.01512	0.03551	0.01228	0.01433	0.00953	0.00788	0.00563	0.00258	0.00751	0.00482	0.00494	0.00976
12	0.02300	0.01840	0.02054	0.07643	0.02583	0.02103	0.01462	0.10759	0.47420	0.07378	0.03124	0.02950	0.02308	0.01106	0.00862	0.00283	0.00747	0.00915	0.00832	0.01329
13	0.03405	0.01614	0.02017	0.01601	0.02224	0.01561	0.01305	0.09500	0.15458	0.46806	0.03260	0.02878	0.02150	0.01072	0.00858	0.00268	0.00733	0.00870	0.00995	0.01427
14	0.01587	0.00992	0.01362	0.01428	0.01667	0.00952	0.01195	0.01957	0.02084	0.09780	0.17061	0.12494	0.05299	0.02098	0.01097	0.00348	0.00675	0.36221	0.00847	0.00856

[dist]
# distance from previous block
# <min> <max>
0	8

[block]
# block no. 8 follows, 21 sequences, length 16
# corresponding to MSA columns:
# 330-345
name=unknown_I
#
# <colnr> <probs for GDERKNQSTAVLIFYWHMCP>
#	G	D	E	R	K	N	Q	S	T	A	V	L	I	F	Y	W	H	M	C	P
0	0.02023	0.01594	0.01718	0.01544	0.01981	0.01750	0.01197	0.08086	0.39592	0.06960	0.04312	0.09688	0.13019	0.01436	0.00907	0.00289	0.00641	0.01206	0.00856	0.01199
1	0.03235	0.02384	0.02554	0.01958	0.02639	0.02639	0.01618	0.61946	0.04001	0.05363	0.02043	0.02043	0.01447	0.01022	0.00851	0.00255	0.00936	0.00766	0.00851	0.01447
2	0.02608	0.02536	0.02094	0.01850	0.02326	0.23602	0.01429	0.08939	0.30239	0.06806	0.06597	0.02720	0.02322	0.01083	0.00840	0.00260	0.00969	0.00838	0.00737	0.01206
3	0.02992	0.02128	0.02346	0.01780	0.02474	0.02218	0.01464	0.44967	0.03418	0.10076	0.02052	0.02062	0.01467	0.00946	0.00808	0.00230	0.00857	0.00722	0.00800	0.16194
4	0.03331	0.02020	0.02046	0.01689	0.02267	0.13739	0.01346	0.04087	0.15545	0.40143	0.02996	0.02701	0.02023	0.01042	0.00841	0.00260	0.00866	0.00821	0.00897	0.01340
5	0.03235	0.02384	0.02554	0.01958	0.02639	0.02639	0.01618	0.61946	0.04001	0.05363	0.02043	0.02043	0.01447	0.01022	0.00851	0.00255	0.00936	0.00766	0.00851	0.01447
6	0.01037	0.00741	0.00987	0.01185	0.01234	0.00691	0.00790	0.01185	0.01629	0.02172	0.04690	0.69537	0.05629	0.02666	0.01086	0.00346	0.00494	0.02419	0.00790	0.00691
7	0.01765	0.01513	0.01765	0.01260	0.02017	0.01134	0.01008	0.02143	0.01765	0.02773	0.01513	0.01765	0.01260	0.00630	0.00630	0.00126	0.00630	0.00504	0.00504	0.75295
8	0.03381	0.02149	0.02409	0.01847	0.02522	0.02290	0.01525	0.47432	0.03608	0.20433	0.02373	0.02257	0.01613	0.01030	0.00852	0.00257	0.00883	0.00789	0.00902	0.01447
9	0.01216	0.00912	0.01368	0.01368	0.01520	0.01064	0.01064	0.01520	0.01368	0.01976	0.02279	0.03343	0.02127	0.06382	0.66720	0.01368	0.02279	0.00912	0.00456	0.00760
10	0.01037	0.00741	0.00987	0.01185	0.01234	0.00691	0.00790	0.01185	0.01629	0.02172	0.04690	0.69537	0.05629	0.02666	0.01086	0.00346	0.00494	0.02419	0.00790	0.00691
11	0.01238	0.00825	0.00928	0.00928	0.00928	0.00825	0.00516	0.01238	0.01238	0.01650	0.02681	0.05569	0.03094	0.70092	0.04331	0.00825	0.00825	0.01238	0.00516	0.00516
12	0.09125	0.01802	0.02504	0.02804	0.23380	0.01778	0.01740	0.12328	0.02425	0.29938	0.02383	0.02374	0.01651	0.00927	0.00823	0.00259	0.00848	0.00776	0.00765	0.01371
13	0.40792	0.02062	0.14193	0.01419	0.02069	0.01680	0.01389	0.02686	0.01759	0.12655	0.06853	0.02185	0.01774	0.00921	0.00674	0.00262	0.00754	0.00658	0.04164	0.01051
14	0.02100	0.50246	0.23287	0.01754	0.02645	0.02940	0.01975	0.02593	0.01750	0.02215	0.01289	0.01498	0.01088	0.00753	0.00627	0.00209	0.01017	0.00508	0.00363	0.01143
15	0.03102	0.01692	0.01910	0.01545	0.02094	0.05734	0.01232	0.11689	0.08641	0.36774	0.03418	0.03344	0.07026	0.06455	0.01130	0.00307	0.00786	0.00938	0.00904	0.01278

[dist]
# distance from previous block
# <min> <max>
6	17

[block]
# block no. 9 follows, 21 sequences, length 36
# corresponding to MSA columns:
# 363-398
name=unknown_J
#
# <colnr> <probs for GDERKNQSTAVLIFYWHMCP>
#	G	D	E	R	K	N	Q	S	T	A	V	L	I	F	Y	W	H	M	C	P
0	0.01725	0.01599	0.02307	0.46786	0.04550	0.05475	0.02015	0.02201	0.01703	0.02292	0.01628	0.02302	0.01275	0.00952	0.01053	0.00279	0.09466	0.00748	0.10718	0.00925
1	0.03240	0.01595	0.01945	0.01525	0.02108	0.01554	0.01247	0.19714	0.02788	0.37769	0.06357	0.02889	0.02267	0.01076	0.00831	0.00254	0.00725	0.00862	0.09924	0.01332
2	0.02106	0.02022	0.03454	0.05223	0.64784	0.02022	0.02612	0.02612	0.01938	0.02780	0.01601	0.02106	0.01348	0.00758	0.00842	0.00253	0.01011	0.00758	0.00421	0.01348
3	0.02106	0.02022	0.03454	0.05223	0.64784	0.02022	0.02612	0.02612	0.01938	0.02780	0.01601	0.02106	0.01348	0.00758	0.00842	0.00253	0.01011	0.00758	0.00421	0.01348
4	0.01607	0.01513	0.02552	0.68047	0.05861	0.01891	0.02363	0.02174	0.01702	0.02174	0.01513	0.02269	0.01134	0.00851	0.00851	0.00284	0.01134	0.00756	0.00378	0.00945
5	0.03615	0.01471	0.01960	0.01510	0.02165	0.01287	0.01242	0.04051	0.05431	0.58692	0.03257	0.02845	0.02082	0.01034	0.00843	0.00257	0.00716	0.00841	0.01012	0.05687
6	0.01037	0.00741	0.00987	0.01185	0.01234	0.00691	0.00790	0.01185	0.01629	0.02172	0.04690	0.69537	0.05629	0.02666	0.01086	0.00346	0.00494	0.02419	0.00790	0.00691
7	0.03235	0.02384	0.02554	0.01958	0.02639	0.02639	0.01618	0.61946	0.04001	0.05363	0.02043	0.02043	0.01447	0.01022	0.00851	0.00255	0.00936	0.00766	0.00851	0.01447
8	0.01343	0.01049	0.01268	0.01347	0.01604	0.01042	0.01108	0.01950	0.10575	0.02591	0.05663	0.11598	0.23329	0.02138	0.01073	0.00342	0.00641	0.29704	0.00798	0.00837
9	0.03235	0.02384	0.02554	0.01958	0.02639	0.02639	0.01618	0.61946	0.04001	0.05363	0.02043	0.02043	0.01447	0.01022	0.00851	0.00255	0.00936	0.00766	0.00851	0.01447
10	0.01765	0.01513	0.01765	0.01260	0.02017	0.01134	0.01008	0.02143	0.01765	0.02773	0.01513	0.01765	0.01260	0.00630	0.00630	0.00126	0.00630	0.00504	0.00504	0.75295
11	0.01037	0.00741	0.00987	0.01185	0.01234	0.00691	0.00790	0.01185	0.01629	0.02172	0.04690	0.69537	0.05629	0.02666	0.01086	0.00346	0.00494	0.02419	0.00790	0.00691
12	0.03235	0.02384	0.02554	0.01958	0.02639	0.02639	0.01618	0.61946	0.04001	0.05363	0.02043	0.02043	0.01447	0.01022	0.00851	0.00255	0.00936	0.00766	0.00851	0.01447
13	0.02275	0.70604	0.04459	0.01456	0.02184	0.03367	0.01456	0.02548	0.01729	0.02002	0.01183	0.01365	0.01092	0.00728	0.00546	0.00182	0.00910	0.00455	0.00364	0.01092
14	0.27872	0.01139	0.01169	0.01094	0.01403	0.01191	0.00844	0.01901	0.02022	0.03486	0.38414	0.08216	0.05360	0.01455	0.00839	0.00271	0.00498	0.01206	0.00782	0.00839
15	0.01265	0.00936	0.01239	0.01386	0.01589	0.00909	0.01167	0.01600	0.01905	0.02443	0.05265	0.13202	0.17094	0.02518	0.04149	0.00412	0.00760	0.40628	0.00770	0.00763
16	0.76103	0.01646	0.01251	0.01119	0.01646	0.01909	0.00922	0.02502	0.01448	0.03818	0.01185	0.01382	0.00922	0.00790	0.00527	0.00263	0.00658	0.00461	0.00527	0.00922
17	0.01380	0.01065	0.01128	0.01075	0.01396	0.01008	0.00809	0.01991	0.13166	0.06047	0.06943	0.09523	0.44289	0.04967	0.01124	0.00313	0.00512	0.01592	0.00807	0.00865
18	0.02275	0.70604	0.04459	0.01456	0.02184	0.03367	0.01456	0.02548	0.01729	0.02002	0.01183	0.01365	0.01092	0.00728	0.00546	0.00182	0.00910	0.00455	0.00364	0.01092
19	0.01203	0.00811	0.00938	0.00972	0.00980	0.00802	0.00562	0.01229	0.01304	0.01739	0.03023	0.16452	0.03525	0.58621	0.03779	0.00743	0.00769	0.01439	0.00562	0.00546
20	0.03123	0.03938	0.02386	0.02168	0.02609	0.63251	0.01629	0.03458	0.05638	0.02161	0.01429	0.01622	0.01176	0.00892	0.00773	0.00223	0.01489	0.00570	0.00461	0.01006
21	0.03231	0.02259	0.02461	0.01901	0.02569	0.02471	0.01566	0.52973	0.07154	0.11250	0.02254	0.02192	0.01577	0.01032	0.00853	0.00258	0.00901	0.00786	0.00872	0.01442
22	0.01020	0.00863	0.00881	0.00877	0.01158	0.00724	0.00657	0.01248	0.01972	0.02377	0.12507	0.08062	0.60504	0.02126	0.01006	0.00286	0.00429	0.01778	0.00800	0.00724
23	0.01006	0.00862	0.00862	0.00862	0.01149	0.00718	0.00647	0.01221	0.01940	0.02299	0.08621	0.08190	0.64438	0.02155	0.01006	0.00287	0.00431	0.01796	0.00790	0.00718
24	0.01607	0.01513	0.02552	0.68047	0.05861	0.01891	0.02363	0.02174	0.01702	0.02174	0.01513	0.02269	0.01134	0.00851	0.00851	0.00284	0.01134	0.00756	0.00378	0.00945
25	0.02117	0.01828	0.01924	0.01732	0.02213	0.02117	0.01347	0.04522	0.63246	0.03560	0.03464	0.03175	0.02598	0.01155	0.00866	0.00289	0.00673	0.00962	0.00866	0.01347
26	0.03235	0.02384	0.02554	0.01958	0.02639	0.02639	0.01618	0.61946	0.04001	0.05363	0.02043	0.02043	0.01447	0.01022	0.00851	0.00255	0.00936	0.00766	0.00851	0.01447
27	0.01765	0.01513	0.01765	0.01260	0.02017	0.01134	0.01008	0.02143	0.01765	0.02773	0.01513	0.01765	0.01260	0.00630	0.00630	0.00126	0.00630	0.00504	0.00504	0.75295
28	0.02117	0.01828	0.01924	0.01732	0.02213	0.02117	0.01347	0.04522	0.63246	0.03560	0.03464	0.03175	0.02598	0.01155	0.00866	0.00289	0.00673	0.00962	0.00866	0.01347
29	0.03235	0.02384	0.02554	0.01958	0.02639	0.02639	0.01618	0.61946	0.04001	0.05363	0.02043	0.02043	0.01447	0.01022	0.00851	0.00255	0.00936	0.00766	0.00851	0.01447
30	0.01037	0.00741	0.00987	0.01185	0.01234	0.00691	0.00790	0.01185	0.01629	0.02172	0.04690	0.69537	0.05629	0.02666	0.01086	0.00346	0.00494	0.02419	0.00790	0.00691
31	0.01204	0.00870	0.01138	0.01071	0.01271	0.00803	0.00803	0.01606	0.02409	0.03413	0.64335	0.06357	0.08030	0.01740	0.01004	0.00268	0.00401	0.01539	0.00937	0.00803
32	0.03818	0.01448	0.01975	0.01514	0.02172	0.01251	0.01251	0.04147	0.02436	0.65373	0.03357	0.02897	0.02107	0.01053	0.00856	0.00263	0.00724	0.00856	0.01053	0.01448
33	0.01216	0.00912	0.01368	0.01368	0.01520	0.01064	0.01064	0.01520	0.01368	0.01976	0.02279	0.03343	0.02127	0.06382	0.66720	0.01368	0.02279	0.00912	0.00456	0.00760
34	0.01017	0.00863	0.00878	0.00874	0.01156	0.00723	0.00656	0.01243	0.01967	0.02363	0.11815	0.08085	0.61205	0.02131	0.01006	0.00286	0.00429	0.01781	0.00799	0.00723
35	0.02809	0.03513	0.02148	0.01966	0.02379	0.55454	0.01475	0.03028	0.02331	0.02120	0.02558	0.02667	0.11873	0.01094	0.00808	0.00231	0.01347	0.00760	0.00498	0.00941

[dist]
# distance from previous block
# <min> <max>
0	3

[block]
# block no. 10 follows, 21 sequences, length 6
# corresponding to MSA columns:
# 402-407
name=unknown_K
#
# <colnr> <probs for GDERKNQSTAVLIFYWHMCP>
#	G	D	E	R	K	N	Q	S	T	A	V	L	I	F	Y	W	H	M	C	P
0	0.19289	0.02316	0.02214	0.01776	0.02391	0.07464	0.01448	0.40534	0.07092	0.04649	0.01887	0.01929	0.01377	0.00967	0.00774	0.00256	0.00905	0.00694	0.00748	0.01288
1	0.03235	0.02384	0.02554	0.01958	0.02639	0.02639	0.01618	0.61946	0.04001	0.05363	0.02043	0.02043	0.01447	0.01022	0.00851	0.00255	0.00936	0.00766	0.00851	0.01447
2	0.01801	0.01545	0.01781	0.01309	0.02037	0.01237	0.01044	0.02390	0.08153	0.02855	0.01715	0.01911	0.01399	0.00685	0.00655	0.00143	0.00635	0.00552	0.00542	0.67611
3	0.03323	0.01648	0.02036	0.01596	0.02205	0.01605	0.01305	0.18178	0.06627	0.40895	0.08764	0.03028	0.02531	0.01116	0.00869	0.00263	0.00743	0.00905	0.00981	0.01381
4	0.03227	0.02629	0.02533	0.01992	0.02638	0.12017	0.01621	0.53372	0.03768	0.04883	0.01937	0.01969	0.01396	0.01000	0.00839	0.00250	0.01024	0.00734	0.00791	0.01380
5	0.01713	0.01634	0.02486	0.02127	0.02266	0.02061	0.08747	0.01981	0.01481	0.02160	0.01897	0.03478	0.01934	0.08238	0.06067	0.00463	0.40552	0.09371	0.00458	0.00887

[dist]
# distance from previous block
# <min> <max>
0	4

[block]
# block no. 11 follows, 21 sequences, length 11
# corresponding to MSA columns:
# 412-422
name=unknown_L
#
# <colnr> <probs for GDERKNQSTAVLIFYWHMCP>
#	G	D	E	R	K	N	Q	S	T	A	V	L	I	F	Y	W	H	M	C	P
0	0.01907	0.01597	0.01841	0.01328	0.02077	0.01280	0.01067	0.07924	0.01981	0.03023	0.01564	0.01792	0.01279	0.00668	0.00652	0.00139	0.00660	0.00530	0.00538	0.68156
1	0.01528	0.00991	0.01264	0.01164	0.01461	0.00866	0.00870	0.01840	0.02090	0.10110	0.29469	0.21919	0.09437	0.01776	0.00957	0.00269	0.00496	0.01564	0.00843	0.11087
2	0.01869	0.02045	0.04192	0.03105	0.03747	0.02037	0.45919	0.02443	0.01864	0.02564	0.02001	0.10459	0.01797	0.01063	0.01263	0.00306	0.10656	0.01141	0.00466	0.01062
3	0.02955	0.02218	0.02404	0.01825	0.02521	0.02352	0.01501	0.50551	0.03575	0.04870	0.01942	0.01990	0.01412	0.00947	0.00809	0.00231	0.00878	0.00716	0.00785	0.15518
4	0.01929	0.30262	0.41768	0.02047	0.03098	0.02520	0.02485	0.02638	0.01770	0.02424	0.01393	0.01628	0.01084	0.00777	0.00706	0.00235	0.01122	0.00561	0.00361	0.01193
5	0.35774	0.01418	0.01354	0.01192	0.01604	0.01548	0.00951	0.09913	0.02140	0.03838	0.23620	0.03327	0.03568	0.01167	0.00741	0.00260	0.00589	0.00900	0.05156	0.00941
6	0.01282	0.00891	0.01265	0.01265	0.01425	0.01015	0.00980	0.01603	0.01442	0.02190	0.02368	0.03313	0.02137	0.05417	0.54879	0.01158	0.01942	0.00891	0.13772	0.00766
7	0.76103	0.01646	0.01251	0.01119	0.01646	0.01909	0.00922	0.02502	0.01448	0.03818	0.01185	0.01382	0.00922	0.00790	0.00527	0.00263	0.00658	0.00461	0.00527	0.00922
8	0.01862	0.01862	0.02607	0.02234	0.02234	0.02607	0.01862	0.02048	0.01303	0.02048	0.01117	0.01862	0.01117	0.01489	0.02793	0.00372	0.68535	0.00745	0.00372	0.00931
9	0.01200	0.00809	0.00939	0.00976	0.00985	0.00800	0.00567	0.01228	0.01310	0.01747	0.03054	0.17427	0.03564	0.57593	0.03730	0.00736	0.00764	0.01457	0.00567	0.00548
10	0.01037	0.00741	0.00987	0.01185	0.01234	0.00691	0.00790	0.01185	0.01629	0.02172	0.04690	0.69537	0.05629	0.02666	0.01086	0.00346	0.00494	0.02419	0.00790	0.00691

[dist]
# distance from previous block
# <min> <max>
0	2

[block]
# block no. 12 follows, 21 sequences, length 13
# corresponding to MSA columns:
# 425-437
name=unknown_M
#
# <colnr> <probs for GDERKNQSTAVLIFYWHMCP>
#	G	D	E	R	K	N	Q	S	T	A	V	L	I	F	Y	W	H	M	C	P
0	0.01683	0.01609	0.02778	0.57819	0.12298	0.01919	0.05417	0.02251	0.01743	0.02269	0.01533	0.02252	0.01166	0.00834	0.00858	0.00280	0.01136	0.00769	0.00386	0.01000
1	0.76103	0.01646	0.01251	0.01119	0.01646	0.01909	0.00922	0.02502	0.01448	0.03818	0.01185	0.01382	0.00922	0.00790	0.00527	0.00263	0.00658	0.00461	0.00527	0.00922
2	0.05281	0.01962	0.02187	0.19941	0.03201	0.06794	0.01620	0.28468	0.02768	0.03803	0.01938	0.02239	0.01443	0.00950	0.00788	0.00251	0.00930	0.00740	0.13553	0.01141
3	0.01688	0.00923	0.00966	0.00921	0.01153	0.00953	0.00705	0.06546	0.01927	0.03260	0.02687	0.03098	0.02121	0.01354	0.05036	0.00281	0.00564	0.00799	0.64178	0.00841
4	0.01006	0.00862	0.00862	0.00862	0.01149	0.00718	0.00647	0.01221	0.01940	0.02299	0.08621	0.08190	0.64438	0.02155	0.01006	0.00287	0.00431	0.01796	0.00790	0.00718
5	0.01765	0.01513	0.01765	0.01260	0.02017	0.01134	0.01008	0.02143	0.01765	0.02773	0.01513	0.01765	0.01260	0.00630	0.00630	0.00126	0.00630	0.00504	0.00504	0.75295
