[name]
unknown

[dist]
# distance from previous block
# <min> <max>
0	64

[block]
# block no. 0 follows, 22 sequences, length 425
# corresponding to MSA columns:
# 69-493
name=unknown_A
#
# <colnr> <probs for GDERKNQSTAVLIFYWHMCP>
#	G	D	E	R	K	N	Q	S	T	A	V	L	I	F	Y	W	H	M	C	P
0	0.02193	0.01203	0.01524	0.01326	0.01713	0.01144	0.01056	0.07644	0.05528	0.23244	0.25716	0.08291	0.07780	0.01517	0.00934	0.00275	0.00588	0.06359	0.00912	0.01052
1	0.03156	0.01310	0.01764	0.01390	0.01952	0.01132	0.01129	0.03484	0.02314	0.51484	0.12399	0.05511	0.02985	0.01158	0.00853	0.00253	0.00648	0.00967	0.00975	0.05134
2	0.02144	0.01051	0.01385	0.01218	0.01574	0.00931	0.00941	0.02448	0.02187	0.28028	0.24731	0.16150	0.10499	0.01627	0.00937	0.00275	0.00536	0.01410	0.00921	0.01008
3	0.01290	0.00868	0.01130	0.01194	0.01333	0.00829	0.00852	0.04511	0.01900	0.04991	0.17648	0.45171	0.05493	0.02260	0.01107	0.03139	0.00513	0.04213	0.00800	0.00756
4	0.01012	0.00723	0.00964	0.01157	0.01205	0.00675	0.00771	0.01157	0.01591	0.02121	0.04579	0.70262	0.05495	0.02603	0.01060	0.00337	0.00482	0.02362	0.00771	0.00675
5	0.01047	0.00748	0.01002	0.01184	0.01251	0.00703	0.00820	0.01222	0.01649	0.02202	0.07064	0.62408	0.05530	0.02539	0.01064	0.00338	0.00502	0.07262	0.00777	0.00687
6	0.01012	0.00723	0.00964	0.01157	0.01205	0.00675	0.00771	0.01157	0.01591	0.02121	0.04579	0.70262	0.05495	0.02603	0.01060	0.00337	0.00482	0.02362	0.00771	0.00675
7	0.01842	0.01164	0.01300	0.04835	0.01624	0.01253	0.00928	0.13538	0.05241	0.03262	0.02454	0.02936	0.01967	0.04732	0.04328	0.03748	0.00669	0.00800	0.42481	0.00897
8	0.02073	0.01048	0.01398	0.01197	0.01550	0.00938	0.00938	0.02440	0.02361	0.25429	0.43424	0.05018	0.05806	0.01463	0.00929	0.00260	0.00503	0.01268	0.00954	0.01005
9	0.02057	0.02132	0.03803	0.02829	0.03437	0.05675	0.37046	0.02565	0.01825	0.05578	0.01585	0.02087	0.01248	0.00889	0.01326	0.00281	0.16749	0.00849	0.00444	0.07597
10	0.04751	0.01207	0.01463	0.06432	0.01864	0.01253	0.01048	0.09810	0.02000	0.11326	0.02858	0.18753	0.02666	0.04970	0.01056	0.00288	0.03459	0.01149	0.19373	0.04275
11	0.01032	0.00737	0.00985	0.01168	0.01227	0.00691	0.00795	0.01196	0.01633	0.02183	0.06924	0.65280	0.05556	0.02555	0.01061	0.00336	0.00490	0.04692	0.00776	0.00683
12	0.01774	0.05319	0.02591	0.02104	0.02177	0.02403	0.04059	0.01977	0.01348	0.02033	0.01421	0.07777	0.01480	0.01487	0.02400	0.00348	0.57133	0.00865	0.00401	0.00905
13	0.40164	0.01485	0.01510	0.01273	0.01800	0.01548	0.01034	0.05227	0.01882	0.26864	0.02275	0.07932	0.01750	0.01035	0.00693	0.00264	0.00663	0.00771	0.00740	0.01091
14	0.03033	0.02253	0.02426	0.01852	0.02523	0.02448	0.01527	0.57554	0.03716	0.05015	0.01949	0.01971	0.01397	0.00964	0.00812	0.00238	0.00888	0.00726	0.00802	0.07906
15	0.03582	0.01439	0.01923	0.01483	0.02107	0.01276	0.01221	0.07179	0.02461	0.60034	0.05968	0.02932	0.02279	0.01056	0.00842	0.00257	0.00704	0.00860	0.01012	0.01386
16	0.01022	0.00727	0.00961	0.01144	0.01190	0.00681	0.00758	0.01159	0.01571	0.02095	0.04480	0.66995	0.05370	0.06040	0.01220	0.00361	0.00498	0.02304	0.00758	0.00666
17	0.01802	0.01527	0.01772	0.01335	0.01968	0.01321	0.01059	0.05328	0.07223	0.02806	0.01712	0.02066	0.01445	0.04590	0.00952	0.00193	0.04106	0.00595	0.00534	0.57664
18	0.03595	0.01467	0.01949	0.01489	0.02138	0.01290	0.01229	0.07191	0.02429	0.59637	0.03116	0.02726	0.01979	0.01006	0.00824	0.00250	0.00714	0.00813	0.00990	0.05167
19	0.01815	0.00997	0.01331	0.01194	0.01499	0.00906	0.00940	0.02189	0.02319	0.18655	0.44614	0.05660	0.06150	0.01587	0.00959	0.00271	0.00502	0.06545	0.00929	0.00936
20	0.03054	0.02319	0.02703	0.02050	0.02730	0.02535	0.06900	0.57604	0.03736	0.05011	0.01967	0.02016	0.01400	0.00971	0.00844	0.00252	0.00957	0.00768	0.00795	0.01387
21	0.09568	0.02264	0.02382	0.01840	0.02492	0.02514	0.01520	0.57585	0.03689	0.05104	0.01921	0.01938	0.01368	0.00978	0.00803	0.00250	0.00890	0.00722	0.00803	0.01368
22	0.01274	0.01018	0.01502	0.01452	0.01579	0.01246	0.01146	0.01554	0.01326	0.01938	0.02069	0.03065	0.01941	0.05573	0.58598	0.01201	0.11452	0.00868	0.00434	0.00765
23	0.01689	0.07043	0.63953	0.02329	0.03536	0.01985	0.03002	0.02625	0.01751	0.02603	0.01477	0.01737	0.01053	0.00786	0.00779	0.00260	0.01214	0.00607	0.00351	0.01221
24	0.01208	0.00805	0.00906	0.00906	0.00906	0.00805	0.00503	0.01208	0.01208	0.01611	0.02618	0.05436	0.03020	0.70804	0.04228	0.00805	0.00805	0.01208	0.00503	0.00503
25	0.02105	0.01905	0.02004	0.04420	0.05541	0.05728	0.01431	0.04172	0.55134	0.03304	0.03099	0.02923	0.02338	0.01081	0.00838	0.00276	0.00738	0.00899	0.00782	0.01280
26	0.07196	0.01363	0.01808	0.01430	0.02015	0.01206	0.01165	0.03715	0.02260	0.57437	0.03283	0.08632	0.02297	0.01152	0.00839	0.00264	0.00684	0.00949	0.00980	0.01323
27	0.01202	0.00881	0.01292	0.01292	0.01434	0.01017	0.00994	0.01487	0.01344	0.01957	0.02264	0.03368	0.02127	0.09310	0.61749	0.01265	0.02083	0.00902	0.03302	0.00731
28	0.01569	0.01477	0.02492	0.68808	0.05722	0.01846	0.02307	0.02123	0.01661	0.02123	0.01477	0.02215	0.01107	0.00831	0.00831	0.00277	0.01107	0.00738	0.00369	0.00923
29	0.01339	0.00956	0.01339	0.01530	0.01721	0.00956	0.01339	0.01721	0.01912	0.02486	0.04399	0.09371	0.04781	0.02295	0.01147	0.00382	0.00765	0.60031	0.00765	0.00765
30	0.01961	0.02241	0.04902	0.03501	0.04342	0.02101	0.62605	0.02661	0.01961	0.02661	0.01681	0.02241	0.01261	0.00700	0.00980	0.00280	0.01401	0.00980	0.00420	0.01120
31	0.01953	0.02217	0.04770	0.03427	0.04220	0.02126	0.59190	0.02624	0.01922	0.02624	0.01648	0.02217	0.01251	0.00743	0.01078	0.00285	0.05215	0.00966	0.00417	0.01109
32	0.01187	0.00890	0.01335	0.01335	0.01483	0.01038	0.01038	0.01483	0.01335	0.01928	0.02225	0.03264	0.02077	0.06231	0.67512	0.01335	0.02225	0.00890	0.00445	0.00742
33	0.02999	0.05742	0.02333	0.02029	0.02466	0.56652	0.01539	0.05459	0.02354	0.05018	0.01563	0.05064	0.01352	0.00953	0.00765	0.00222	0.01370	0.00646	0.00485	0.00989
34	0.01018	0.00734	0.00965	0.01136	0.01203	0.00681	0.00765	0.01177	0.01639	0.02181	0.07469	0.64369	0.08514	0.02538	0.01053	0.00331	0.00475	0.02294	0.00778	0.00681
35	0.15237	0.01724	0.02785	0.02112	0.02710	0.01723	0.20959	0.03000	0.01969	0.25587	0.05306	0.02458	0.01799	0.00955	0.01023	0.00275	0.07716	0.00839	0.00673	0.01150
36	0.01960	0.02210	0.04726	0.03538	0.07635	0.02111	0.56935	0.02629	0.01930	0.02638	0.01651	0.02214	0.01257	0.00732	0.01039	0.00282	0.04013	0.00957	0.00417	0.01123
37	0.01957	0.11518	0.10297	0.03100	0.09835	0.02288	0.34618	0.02536	0.01806	0.02481	0.01502	0.01998	0.01198	0.00815	0.01120	0.00273	0.10330	0.00816	0.00396	0.01115
38	0.02081	0.02009	0.03117	0.11020	0.51322	0.05556	0.02390	0.04863	0.01973	0.02707	0.01662	0.02315	0.01416	0.00824	0.00832	0.00253	0.01016	0.02965	0.00438	0.01240
39	0.01680	0.01619	0.02338	0.10945	0.02539	0.02203	0.01754	0.01931	0.01335	0.02004	0.01329	0.02109	0.01255	0.02159	0.13160	0.00512	0.49112	0.00755	0.00378	0.00883
40	0.76672	0.01607	0.01221	0.01092	0.01607	0.01864	0.00900	0.02442	0.01414	0.03727	0.01157	0.01350	0.00900	0.00771	0.00514	0.00257	0.00643	0.00450	0.00514	0.00900
41	0.01620	0.00844	0.00851	0.00825	0.01040	0.00855	0.00625	0.04653	0.01839	0.03193	0.02678	0.03048	0.02097	0.00969	0.00592	0.00196	0.00411	0.00773	0.72090	0.00803
42	0.01553	0.01455	0.02416	0.61872	0.05306	0.01822	0.02203	0.02066	0.01637	0.02116	0.01616	0.05701	0.01333	0.00954	0.00941	0.00284	0.04605	0.00821	0.00390	0.00909
43	0.76672	0.01607	0.01221	0.01092	0.01607	0.01864	0.00900	0.02442	0.01414	0.03727	0.01157	0.01350	0.00900	0.00771	0.00514	0.00257	0.00643	0.00450	0.00514	0.00900
44	0.03727	0.01414	0.01928	0.01478	0.02121	0.01221	0.01221	0.04049	0.02378	0.66198	0.03277	0.02828	0.02056	0.01028	0.00835	0.00257	0.00707	0.00835	0.01028	0.01414
45	0.01032	0.00868	0.00958	0.04219	0.01385	0.00768	0.00762	0.01262	0.01857	0.02240	0.07535	0.13214	0.53810	0.02095	0.00990	0.00291	0.00477	0.04774	0.00751	0.00713
46	0.01168	0.00843	0.01103	0.01051	0.01239	0.00778	0.00783	0.01547	0.02313	0.03270	0.62129	0.09434	0.07720	0.01744	0.00984	0.00265	0.00396	0.01546	0.00907	0.00778
47	0.05063	0.01023	0.01482	0.01301	0.01573	0.00970	0.06590	0.01722	0.02246	0.03246	0.52940	0.05751	0.06719	0.01589	0.00965	0.00269	0.00518	0.04374	0.00841	0.00820
48	0.03727	0.01414	0.01928	0.01478	0.02121	0.01221	0.01221	0.04049	0.02378	0.66198	0.03277	0.02828	0.02056	0.01028	0.00835	0.00257	0.00707	0.00835	0.01028	0.01414
49	0.01666	0.04297	0.66500	0.02368	0.03596	0.01929	0.03069	0.02631	0.01754	0.02631	0.01491	0.01754	0.01052	0.00789	0.00789	0.00263	0.01228	0.00614	0.00351	0.01228
50	0.03727	0.01414	0.01928	0.01478	0.02121	0.01221	0.01221	0.04049	0.02378	0.66198	0.03277	0.02828	0.02056	0.01028	0.00835	0.00257	0.00707	0.00835	0.01028	0.01414
51	0.01796	0.01628	0.02606	0.66333	0.05725	0.01947	0.02350	0.02263	0.01794	0.02329	0.01703	0.02513	0.01329	0.00982	0.00923	0.00317	0.01166	0.00807	0.00451	0.01038
52	0.03284	0.02308	0.02498	0.01976	0.02620	0.02472	0.01592	0.49757	0.09052	0.11158	0.02448	0.02480	0.01783	0.01157	0.00925	0.00295	0.00938	0.00841	0.00915	0.01500
53	0.03516	0.01568	0.02011	0.01593	0.02202	0.01372	0.01274	0.06784	0.02524	0.52047	0.08673	0.03297	0.02670	0.01208	0.00929	0.00291	0.00760	0.00936	0.01036	0.05310
54	0.02367	0.47797	0.20041	0.01811	0.02646	0.02872	0.01906	0.02738	0.01875	0.05949	0.01598	0.01856	0.01341	0.00905	0.00719	0.00248	0.01032	0.00589	0.00474	0.01236
55	0.01982	0.13335	0.48986	0.02327	0.03334	0.02278	0.02726	0.02667	0.01825	0.02659	0.01629	0.02019	0.01282	0.01000	0.01047	0.00303	0.08215	0.00675	0.00435	0.01276
56	0.02100	0.01738	0.02022	0.07384	0.02521	0.01532	0.01282	0.08224	0.07976	0.03152	0.01933	0.02240	0.01577	0.00879	0.00777	0.00210	0.00769	0.00658	0.00624	0.52401
57	0.02249	0.01590	0.01799	0.01540	0.01937	0.01606	0.01184	0.22943	0.05290	0.07183	0.28535	0.07147	0.07300	0.04203	0.01130	0.00323	0.00705	0.01259	0.00922	0.01154
58	0.01261	0.00904	0.01138	0.01313	0.01384	0.00822	0.00874	0.01335	0.01726	0.02327	0.04685	0.67915	0.05545	0.02686	0.01144	0.00376	0.00565	0.02367	0.00837	0.00799
59	0.02331	0.01952	0.02049	0.01837	0.02323	0.02186	0.01410	0.07477	0.58722	0.03719	0.03462	0.03307	0.02644	0.01261	0.00937	0.00321	0.00747	0.00990	0.00907	0.01420
60	0.01796	0.01628	0.02606	0.66333	0.05725	0.01947	0.02350	0.02263	0.01794	0.02329	0.01703	0.02513	0.01329	0.00982	0.00923	0.00317	0.01166	0.00807	0.00451	0.01038
61	0.01796	0.01628	0.02606	0.66333	0.05725	0.01947	0.02350	0.02263	0.01794	0.02329	0.01703	0.02513	0.01329	0.00982	0.00923	0.00317	0.01166	0.00807	0.00451	0.01038
62	0.01777	0.00953	0.00956	0.00945	0.01156	0.00917	0.00691	0.02084	0.01872	0.03265	0.02889	0.03361	0.02311	0.01114	0.00683	0.00237	0.00474	0.00841	0.72579	0.00895
63	0.01411	0.01025	0.01268	0.01197	0.01413	0.00923	0.00879	0.01714	0.02439	0.03445	0.60591	0.06423	0.10168	0.01833	0.01067	0.00303	0.00480	0.01551	0.00969	0.00901
64	0.01259	0.01019	0.01058	0.01038	0.01320	0.00859	0.00760	0.01421	0.02081	0.02596	0.16248	0.07821	0.55041	0.02150	0.01068	0.00318	0.00502	0.01747	0.00857	0.00836
65	0.01575	0.01128	0.01498	0.01671	0.01880	0.01092	0.01419	0.01877	0.02035	0.02678	0.04511	0.09391	0.04859	0.02390	0.01228	0.00419	0.00837	0.57793	0.00831	0.00886
66	0.02195	0.02035	0.03327	0.14168	0.54771	0.02052	0.02548	0.02613	0.01983	0.02813	0.01773	0.02383	0.01499	0.00908	0.00917	0.00293	0.01068	0.00808	0.00485	0.01359
67	0.01342	0.00971	0.01206	0.01244	0.01398	0.00877	0.00874	0.01541	0.02118	0.02936	0.35081	0.33401	0.09165	0.02214	0.01101	0.00335	0.00518	0.01913	0.00908	0.00855
68	0.06480	0.02066	0.07677	0.02063	0.02734	0.01774	0.13004	0.13643	0.02351	0.08880	0.02409	0.06791	0.02078	0.01180	0.00924	0.00288	0.00960	0.06097	0.00694	0.17907
69	0.02423	0.68740	0.04395	0.01567	0.02275	0.03333	0.01499	0.02614	0.01820	0.02167	0.01394	0.01666	0.01289	0.00867	0.00637	0.00222	0.00956	0.00524	0.00437	0.01175
70	0.01450	0.00983	0.01082	0.01072	0.01096	0.00947	0.00616	0.01384	0.01359	0.01837	0.02800	0.05610	0.03167	0.68235	0.04189	0.00825	0.00876	0.01258	0.00580	0.00634
71	0.02434	0.02003	0.02107	0.01858	0.02363	0.02234	0.01435	0.13010	0.53021	0.03886	0.03331	0.03202	0.02537	0.01248	0.00935	0.00317	0.00771	0.00972	0.00906	0.01429
72	0.02015	0.01498	0.01677	0.01553	0.01916	0.01554	0.01165	0.03210	0.31764	0.08366	0.17404	0.13525	0.07287	0.01635	0.01002	0.00323	0.00644	0.01350	0.00924	0.01188
73	0.02123	0.16777	0.45525	0.02402	0.06746	0.02251	0.02646	0.02793	0.01910	0.05969	0.01749	0.02062	0.01345	0.00937	0.00839	0.00287	0.01178	0.00673	0.00472	0.01314
74	0.02045	0.01862	0.02910	0.33615	0.30080	0.02021	0.02354	0.02659	0.07891	0.02702	0.01922	0.02533	0.01552	0.00974	0.00921	0.00306	0.01073	0.00827	0.00514	0.01237
75	0.01432	0.01052	0.01432	0.01422	0.01567	0.01137	0.01052	0.01609	0.01462	0.02096	0.02480	0.03838	0.02398	0.15578	0.55794	0.01257	0.02034	0.00999	0.00532	0.00829
76	0.01686	0.01399	0.05070	0.01691	0.01989	0.01197	0.08499	0.04165	0.01906	0.06046	0.03937	0.35558	0.06604	0.09668	0.01451	0.00410	0.00797	0.06227	0.00760	0.00939
77	0.01952	0.10088	0.55899	0.02446	0.03588	0.02154	0.05653	0.02741	0.01887	0.02760	0.01696	0.02056	0.01287	0.00932	0.00870	0.00298	0.01260	0.00689	0.00436	0.01312
78	0.03841	0.01615	0.02094	0.01644	0.02287	0.01417	0.01324	0.07158	0.02562	0.60756	0.03367	0.03059	0.02208	0.01171	0.00928	0.00298	0.00792	0.00895	0.01074	0.01509
79	0.01924	0.01897	0.03575	0.06012	0.12633	0.01794	0.32881	0.02352	0.01963	0.02691	0.02623	0.20124	0.02574	0.01361	0.01058	0.00330	0.01137	0.01351	0.00587	0.01132
80	0.01887	0.01721	0.02770	0.54450	0.16897	0.01971	0.02395	0.02343	0.01837	0.02439	0.01719	0.02484	0.01368	0.00966	0.00922	0.00312	0.01144	0.00807	0.00458	0.01111
81	0.02161	0.02326	0.04717	0.03451	0.04210	0.02231	0.55003	0.02723	0.02022	0.02788	0.01848	0.02502	0.01461	0.00923	0.01219	0.00328	0.07367	0.01017	0.00495	0.01209
82	0.03070	0.03558	0.02558	0.02496	0.08368	0.50043	0.01755	0.05991	0.05450	0.02516	0.01668	0.01990	0.01403	0.01043	0.00950	0.00272	0.04518	0.00668	0.00541	0.01143
83	0.03871	0.01568	0.02064	0.01621	0.02264	0.01347	0.01306	0.04114	0.02483	0.63912	0.03434	0.03102	0.02241	0.01172	0.00928	0.00298	0.00781	0.00900	0.01084	0.01510
84	0.03871	0.01568	0.02064	0.01621	0.02264	0.01347	0.01306	0.04114	0.02483	0.63912	0.03434	0.03102	0.02241	0.01172	0.00928	0.00298	0.00781	0.00900	0.01084	0.01510
85	0.03821	0.01647	0.02114	0.01659	0.02303	0.01465	0.01337	0.09242	0.02616	0.58596	0.03322	0.03030	0.02185	0.01170	0.00928	0.00298	0.00799	0.00892	0.01067	0.01509
86	0.01120	0.00845	0.01024	0.00980	0.01193	0.00760	0.00728	0.01444	0.02174	0.02947	0.46156	0.06701	0.24500	0.04448	0.01104	0.00288	0.00416	0.01565	0.00857	0.00749
87	0.01012	0.00723	0.00964	0.01157	0.01205	0.00675	0.00771	0.01157	0.01591	0.02121	0.04579	0.70262	0.05495	0.02603	0.01060	0.00337	0.00482	0.02362	0.00771	0.00675
88	0.00994	0.00832	0.00866	0.00878	0.01135	0.00703	0.00651	0.01209	0.01892	0.02290	0.11025	0.13028	0.57404	0.02124	0.00988	0.00284	0.00424	0.01790	0.00779	0.00703
89	0.01012	0.00723	0.00964	0.01157	0.01205	0.00675	0.00771	0.01157	0.01591	0.02121	0.04579	0.70262	0.05495	0.02603	0.01060	0.00337	0.00482	0.02362	0.00771	0.00675
90	0.01033	0.00747	0.00978	0.01125	0.01206	0.00691	0.00766	0.01216	0.01712	0.02295	0.13185	0.58152	0.08915	0.02451	0.01045	0.00324	0.00466	0.02211	0.00791	0.00691
91	0.01723	0.01477	0.01723	0.01230	0.01969	0.01107	0.00984	0.02092	0.01723	0.02707	0.01477	0.01723	0.01230	0.00615	0.00615	0.00123	0.00615	0.00492	0.00492	0.75883
92	0.02005	0.02066	0.03929	0.09993	0.18710	0.02088	0.33700	0.05700	0.05117	0.02765	0.01709	0.02207	0.01323	0.00792	0.00989	0.00274	0.04142	0.00875	0.00453	0.01163
93	0.03103	0.03959	0.02354	0.02140	0.02568	0.67469	0.01605	0.03317	0.02354	0.02033	0.01284	0.01498	0.01070	0.00856	0.00749	0.00214	0.01498	0.00535	0.00428	0.00963
94	0.01073	0.00876	0.00963	0.01006	0.01254	0.00780	0.00775	0.01370	0.03825	0.02306	0.07239	0.14711	0.47759	0.02155	0.01011	0.00302	0.00487	0.10607	0.00773	0.00727
95	0.03158	0.02327	0.02493	0.01911	0.02576	0.02576	0.01579	0.62852	0.03906	0.05236	0.01995	0.01995	0.01413	0.00997	0.00831	0.00249	0.00914	0.00748	0.00831	0.01413
96	0.09093	0.02042	0.02225	0.01741	0.02372	0.02209	0.01431	0.41257	0.08856	0.16816	0.02302	0.02205	0.01598	0.00997	0.00808	0.00254	0.00829	0.00758	0.00845	0.01363
97	0.01089	0.00836	0.00997	0.00976	0.01193	0.00744	0.00725	0.01392	0.02117	0.02822	0.38809	0.11926	0.29519	0.01924	0.00987	0.00275	0.00410	0.01665	0.00849	0.00744
98	0.01894	0.01609	0.02003	0.01492	0.02152	0.01406	0.04555	0.10210	0.01999	0.02976	0.01710	0.05570	0.01485	0.00822	0.00792	0.00172	0.04040	0.00668	0.00543	0.53901
99	0.01740	0.02260	0.15124	0.02404	0.02929	0.02009	0.19076	0.02229	0.01586	0.02321	0.01526	0.02214	0.01315	0.04656	0.07602	0.00414	0.24268	0.00801	0.00398	0.05128
100	0.02107	0.41618	0.23256	0.01883	0.02737	0.07914	0.05313	0.02607	0.01776	0.02207	0.01297	0.01525	0.01073	0.00746	0.00653	0.00212	0.01069	0.00533	0.00363	0.01110
101	0.01861	0.01622	0.05249	0.01617	0.04391	0.01592	0.01271	0.08305	0.28008	0.05804	0.20338	0.04178	0.09588	0.01325	0.00889	0.00270	0.00632	0.01122	0.00819	0.01121
102	0.01034	0.00839	0.00917	0.00907	0.01156	0.00722	0.00677	0.01289	0.02002	0.02524	0.23111	0.09948	0.47938	0.02017	0.00984	0.00278	0.00416	0.01711	0.00809	0.00722
103	0.01961	0.02287	0.07073	0.03656	0.11910	0.02079	0.52878	0.02646	0.01944	0.02666	0.01659	0.02199	0.01259	0.00709	0.00953	0.00275	0.01343	0.00937	0.00416	0.01149
104	0.16804	0.02087	0.02133	0.07542	0.02567	0.05225	0.01451	0.36034	0.08235	0.04244	0.01900	0.02093	0.01430	0.03577	0.00896	0.00275	0.00880	0.00715	0.00701	0.01209
105	0.01208	0.00805	0.00906	0.00906	0.00906	0.00805	0.00503	0.01208	0.01208	0.01611	0.02618	0.05436	0.03020	0.70804	0.04228	0.00805	0.00805	0.01208	0.00503	0.00503
106	0.01339	0.00956	0.01339	0.01530	0.01721	0.00956	0.01339	0.01721	0.01912	0.02486	0.04399	0.09371	0.04781	0.02295	0.01147	0.00382	0.00765	0.60031	0.00765	0.00765
107	0.01327	0.01199	0.07301	0.01238	0.01540	0.00920	0.01068	0.01758	0.02219	0.05522	0.48222	0.08884	0.06579	0.01686	0.00976	0.00276	0.00523	0.07074	0.00845	0.00843
108	0.09516	0.02157	0.02287	0.01793	0.02423	0.02385	0.01472	0.48264	0.09778	0.08348	0.02135	0.02098	0.01519	0.00993	0.00805	0.00254	0.00852	0.00746	0.00816	0.01358
109	0.01666	0.04297	0.66500	0.02368	0.03596	0.01929	0.03069	0.02631	0.01754	0.02631	0.01491	0.01754	0.01052	0.00789	0.00789	0.00263	0.01228	0.00614	0.00351	0.01228
110	0.03110	0.02195	0.02372	0.08342	0.02793	0.07329	0.01582	0.40869	0.03270	0.16520	0.02138	0.02139	0.01481	0.00976	0.00825	0.00251	0.00938	0.00747	0.00793	0.01330
111	0.01891	0.06906	0.48616	0.02512	0.05915	0.05363	0.09455	0.02713	0.01834	0.04973	0.01556	0.01828	0.01125	0.00786	0.00800	0.00258	0.01216	0.00656	0.00391	0.01205
112	0.02696	0.01317	0.01674	0.01372	0.01859	0.01233	0.01100	0.06299	0.08785	0.36340	0.19915	0.03998	0.07158	0.01275	0.00883	0.00262	0.00613	0.01070	0.00955	0.01197
113	0.01026	0.00734	0.00977	0.01147	0.01208	0.00684	0.00772	0.01193	0.01657	0.02226	0.09863	0.64677	0.05699	0.02524	0.01053	0.00331	0.00474	0.02287	0.00784	0.00684
114	0.01552	0.01490	0.02809	0.02612	0.11058	0.01421	0.24177	0.01985	0.01815	0.02454	0.03068	0.27085	0.03254	0.01600	0.01011	0.00310	0.00933	0.09836	0.00591	0.00940
115	0.02022	0.02159	0.06529	0.10622	0.43839	0.07609	0.02305	0.02611	0.05331	0.02609	0.01981	0.02371	0.04638	0.00854	0.00824	0.00251	0.01010	0.00778	0.00448	0.01209
116	0.01823	0.23268	0.48905	0.02100	0.03181	0.02314	0.02603	0.02590	0.01735	0.02439	0.01396	0.01635	0.01056	0.00767	0.00717	0.00239	0.01132	0.00566	0.00352	0.01182
117	0.02138	0.01739	0.01853	0.01646	0.02122	0.01974	0.01286	0.06502	0.55511	0.06668	0.03576	0.03290	0.05631	0.01166	0.00851	0.00279	0.00658	0.00968	0.00850	0.01293
118	0.01037	0.00761	0.00979	0.01143	0.01238	0.00704	0.00801	0.01212	0.01664	0.02172	0.05137	0.55539	0.14373	0.02501	0.01056	0.00333	0.00498	0.07396	0.00771	0.00687
119	0.01255	0.00944	0.01209	0.01337	0.01554	0.00916	0.01123	0.01654	0.04217	0.02440	0.05408	0.12202	0.20365	0.02219	0.01088	0.00350	0.00656	0.39527	0.00770	0.00764
120	0.01723	0.01477	0.01723	0.01230	0.01969	0.01107	0.00984	0.02092	0.01723	0.02707	0.01477	0.01723	0.01230	0.00615	0.00615	0.00123	0.00615	0.00492	0.00492	0.75883
121	0.01196	0.00883	0.01123	0.01078	0.01278	0.00833	0.00802	0.01654	0.05276	0.03184	0.54334	0.11824	0.09851	0.01768	0.00981	0.00270	0.00414	0.01562	0.00892	0.00796
122	0.01429	0.01064	0.01494	0.01484	0.01651	0.01171	0.01130	0.01649	0.01480	0.02142	0.02422	0.03521	0.02260	0.06173	0.65016	0.01335	0.02241	0.00952	0.00523	0.00863
123	0.01538	0.00933	0.01236	0.01130	0.01388	0.00853	0.00873	0.01920	0.02332	0.12009	0.53449	0.05901	0.06878	0.01636	0.00968	0.00267	0.00455	0.04440	0.00923	0.00870
124	0.02417	0.01157	0.01530	0.01278	0.01696	0.01047	0.01013	0.02863	0.05119	0.32933	0.33284	0.04477	0.04880	0.01357	0.00906	0.00260	0.00552	0.01163	0.00965	0.01104
125	0.01625	0.01372	0.01648	0.01286	0.01882	0.01108	0.01027	0.01966	0.01709	0.02604	0.02015	0.08982	0.01945	0.00985	0.00786	0.00176	0.03273	0.05872	0.00538	0.59201
126	0.01666	0.04297	0.66500	0.02368	0.03596	0.01929	0.03069	0.02631	0.01754	0.02631	0.01491	0.01754	0.01052	0.00789	0.00789	0.00263	0.01228	0.00614	0.00351	0.01228
127	0.02208	0.62835	0.09701	0.01523	0.02277	0.03142	0.01571	0.04798	0.01778	0.02138	0.01216	0.01395	0.01078	0.00728	0.00567	0.00188	0.00919	0.00471	0.00373	0.01093
128	0.01666	0.04297	0.66500	0.02368	0.03596	0.01929	0.03069	0.02631	0.01754	0.02631	0.01491	0.01754	0.01052	0.00789	0.00789	0.00263	0.01228	0.00614	0.00351	0.01228
129	0.01934	0.02391	0.10106	0.03433	0.07283	0.02096	0.52073	0.02628	0.01913	0.02636	0.01636	0.02173	0.01239	0.00739	0.01022	0.00280	0.03949	0.00927	0.00412	0.01132
130	0.01027	0.00734	0.00981	0.01174	0.01228	0.00688	0.00797	0.01182	0.01605	0.02137	0.04571	0.67487	0.05462	0.02589	0.01064	0.00339	0.00495	0.04990	0.00771	0.00679
131	0.01012	0.00723	0.00964	0.01157	0.01205	0.00675	0.00771	0.01157	0.01591	0.02121	0.04579	0.70262	0.05495	0.02603	0.01060	0.00337	0.00482	0.02362	0.00771	0.00675
132	0.01494	0.01082	0.01398	0.01309	0.01496	0.01247	0.01024	0.06958	0.01662	0.02475	0.02520	0.03309	0.05158	0.07084	0.34085	0.00814	0.08660	0.00895	0.16521	0.00811
133	0.01330	0.00951	0.01327	0.01505	0.01697	0.00947	0.01311	0.01713	0.01935	0.02529	0.07486	0.09210	0.04936	0.02265	0.01139	0.00376	0.00746	0.57057	0.00773	0.00766
134	0.01187	0.00890	0.01335	0.01335	0.01483	0.01038	0.01038	0.01483	0.01335	0.01928	0.02225	0.03264	0.02077	0.06231	0.67512	0.01335	0.02225	0.00890	0.00445	0.00742
135	0.01961	0.09303	0.52932	0.02192	0.03301	0.02002	0.02706	0.05347	0.01898	0.08440	0.01647	0.01828	0.01160	0.00814	0.00775	0.00255	0.01140	0.00626	0.00433	0.01240
136	0.01666	0.04297	0.66500	0.02368	0.03596	0.01929	0.03069	0.02631	0.01754	0.02631	0.01491	0.01754	0.01052	0.00789	0.00789	0.00263	0.01228	0.00614	0.00351	0.01228
137	0.01190	0.00859	0.01130	0.01087	0.01283	0.00799	0.00832	0.01581	0.02313	0.03258	0.59884	0.06481	0.07572	0.01750	0.00994	0.00272	0.00424	0.06606	0.00901	0.00782
138	0.02072	0.02041	0.03237	0.10599	0.56752	0.05643	0.02475	0.02555	0.01897	0.02623	0.01539	0.02039	0.01284	0.00755	0.00819	0.00248	0.01026	0.00728	0.00408	0.01261
139	0.02022	0.01968	0.03894	0.03029	0.06955	0.01965	0.40059	0.02557	0.01863	0.08064	0.01965	0.07789	0.01655	0.00996	0.01219	0.00293	0.11094	0.01031	0.00493	0.01090
140	0.03651	0.04964	0.02051	0.01475	0.02121	0.01326	0.01231	0.03969	0.02343	0.62934	0.03170	0.02752	0.02006	0.01012	0.00820	0.00253	0.00716	0.00816	0.00994	0.01396
141	0.03448	0.01481	0.01929	0.01503	0.02113	0.01358	0.01233	0.09055	0.05706	0.54103	0.06649	0.02959	0.02350	0.01068	0.00844	0.00258	0.00705	0.00871	0.00995	0.01373
142	0.03459	0.01404	0.01875	0.01474	0.02066	0.01248	0.01202	0.07037	0.02393	0.57250	0.03320	0.08662	0.02321	0.01164	0.00855	0.00264	0.00699	0.00964	0.00995	0.01349
143	0.02563	0.01840	0.02026	0.01712	0.02246	0.02032	0.01374	0.19947	0.36314	0.12829	0.03040	0.03050	0.02268	0.01131	0.00854	0.00274	0.00738	0.03567	0.00864	0.01330
144	0.01624	0.01521	0.02528	0.47779	0.16537	0.01800	0.02197	0.02114	0.01681	0.02229	0.01746	0.08100	0.01529	0.00996	0.00935	0.00280	0.04138	0.00880	0.00412	0.00975
145	0.02505	0.01873	0.02266	0.01860	0.02424	0.02043	0.06696	0.15301	0.38309	0.12842	0.02955	0.02775	0.02142	0.01051	0.00853	0.00272	0.00778	0.00891	0.00832	0.01331
146	0.03075	0.02010	0.02249	0.01762	0.02367	0.02149	0.01439	0.46185	0.03409	0.16530	0.02469	0.08244	0.01899	0.01146	0.00852	0.00259	0.00836	0.00909	0.00863	0.01347
147	0.03082	0.02268	0.02431	0.01872	0.02511	0.02507	0.01537	0.60455	0.03801	0.05095	0.02019	0.02128	0.01475	0.03712	0.00963	0.00271	0.00910	0.00766	0.00818	0.01377
148	0.01203	0.00976	0.01029	0.00980	0.01282	0.00882	0.00755	0.06624	0.02113	0.02616	0.13036	0.07355	0.52059	0.01976	0.00975	0.00280	0.00474	0.03822	0.00790	0.00773
149	0.01160	0.00836	0.00994	0.01023	0.01129	0.00774	0.00657	0.01265	0.01454	0.01951	0.03745	0.29637	0.09068	0.33289	0.02450	0.00526	0.00635	0.01624	0.00626	0.07157
150	0.01143	0.00872	0.01054	0.01024	0.01241	0.00802	0.00761	0.01539	0.04561	0.02933	0.41890	0.12162	0.23221	0.01866	0.00982	0.00274	0.00418	0.01624	0.00860	0.00772
151	0.01603	0.01543	0.02702	0.63113	0.05601	0.01868	0.07565	0.02170	0.01687	0.02170	0.01494	0.02217	0.01121	0.00819	0.00844	0.00277	0.01133	0.00759	0.00374	0.00940
152	0.01176	0.00849	0.01110	0.01045	0.01241	0.00784	0.00784	0.01568	0.02352	0.03331	0.65184	0.06206	0.07839	0.01698	0.00980	0.00261	0.00392	0.01502	0.00914	0.00784
153	0.01032	0.00731	0.00958	0.01132	0.01175	0.00688	0.00744	0.01162	0.01552	0.02070	0.04383	0.63798	0.05248	0.09403	0.01376	0.00384	0.00514	0.02247	0.00744	0.00658
154	0.01720	0.01568	0.02495	0.59526	0.05264	0.01946	0.02218	0.07411	0.01837	0.02388	0.01502	0.02175	0.01133	0.00877	0.00929	0.00279	0.04620	0.00739	0.00409	0.00965
155	0.03158	0.02327	0.02493	0.01911	0.02576	0.02576	0.01579	0.62852	0.03906	0.05236	0.01995	0.01995	0.01413	0.00997	0.00831	0.00249	0.00914	0.00748	0.00831	0.01413
156	0.01324	0.00951	0.01318	0.01502	0.01696	0.00946	0.01309	0.01699	0.01912	0.02476	0.04564	0.09314	0.07278	0.02287	0.01141	0.00378	0.00751	0.57626	0.00765	0.00762
157	0.01155	0.00848	0.01081	0.01023	0.01228	0.00775	0.00767	0.01527	0.02302	0.03214	0.59069	0.06398	0.14027	0.01742	0.00980	0.00263	0.00395	0.01529	0.00899	0.00775
158	0.02013	0.01739	0.01828	0.01649	0.02110	0.02000	0.01282	0.04257	0.61087	0.03415	0.03627	0.03338	0.05596	0.01175	0.00852	0.00282	0.00646	0.00979	0.00842	0.01285
159	0.03609	0.01484	0.01957	0.01513	0.02148	0.01341	0.01246	0.07372	0.05660	0.59525	0.03211	0.02795	0.02045	0.01032	0.00836	0.00258	0.00716	0.00836	0.01008	0.01409
160	0.02210	0.02001	0.01950	0.01741	0.02216	0.07794	0.01353	0.07168	0.55799	0.03435	0.03131	0.02906	0.02353	0.01097	0.00836	0.00274	0.00743	0.00895	0.00808	0.01289
161	0.09974	0.01405	0.01830	0.01425	0.02037	0.01258	0.01173	0.03798	0.02293	0.57947	0.05854	0.02849	0.02213	0.01036	0.00814	0.00257	0.00687	0.00832	0.00978	0.01341
162	0.01208	0.00805	0.00906	0.00906	0.00906	0.00805	0.00503	0.01208	0.01208	0.01611	0.02618	0.05436	0.03020	0.70804	0.04228	0.00805	0.00805	0.01208	0.00503	0.00503
163	0.01961	0.02241	0.04902	0.03501	0.04342	0.02101	0.62605	0.02661	0.01961	0.02661	0.01681	0.02241	0.01261	0.00700	0.00980	0.00280	0.01401	0.00980	0.00420	0.01120
164	0.01016	0.00842	0.00896	0.00928	0.01182	0.00722	0.00705	0.01237	0.01871	0.02256	0.07751	0.13091	0.55111	0.02161	0.01003	0.00294	0.00456	0.07001	0.00771	0.00705
165	0.01147	0.00815	0.01033	0.01160	0.01233	0.00789	0.00775	0.04274	0.01654	0.02207	0.04176	0.57828	0.04946	0.11983	0.01488	0.00398	0.00549	0.02120	0.00737	0.00688
166	0.01168	0.00843	0.01103	0.01051	0.01239	0.00778	0.00783	0.01547	0.02313	0.03270	0.62129	0.09434	0.07720	0.01744	0.00984	0.00265	0.00396	0.01546	0.00907	0.00778
167	0.09368	0.02235	0.02248	0.01788	0.02392	0.05749	0.01457	0.46069	0.09786	0.04641	0.02275	0.02257	0.03915	0.01026	0.00806	0.00253	0.00875	0.00769	0.00782	0.01307
168	0.03276	0.03872	0.02486	0.02238	0.02694	0.59365	0.01673	0.08602	0.02595	0.02521	0.01580	0.01867	0.01322	0.01019	0.00852	0.00260	0.01491	0.00630	0.00542	0.01115
169	0.02880	0.09436	0.02467	0.02001	0.02472	0.49174	0.01546	0.06427	0.11255	0.02396	0.01610	0.01739	0.01298	0.00890	0.00748	0.00222	0.01294	0.00596	0.00502	0.01045
170	0.03031	0.01901	0.02111	0.01801	0.05277	0.06905	0.01367	0.24107	0.05110	0.26730	0.04592	0.02745	0.02013	0.07100	0.01128	0.00299	0.00851	0.00835	0.00826	0.01269
171	0.02130	0.01464	0.01764	0.01281	0.02000	0.01131	0.01032	0.02490	0.01856	0.15612	0.01843	0.01947	0.01398	0.00699	0.00660	0.00150	0.00634	0.00562	0.00601	0.60746
172	0.00989	0.00842	0.00852	0.00849	0.01127	0.00705	0.00637	0.01207	0.01911	0.02286	0.10619	0.07925	0.63055	0.02088	0.00982	0.00280	0.00420	0.01744	0.00777	0.00705
173	0.02038	0.01945	0.03262	0.07349	0.60071	0.01974	0.02477	0.02629	0.05090	0.02731	0.01653	0.02116	0.01371	0.00764	0.00824	0.00250	0.00975	0.00750	0.00432	0.01301
174	0.06718	0.01493	0.01844	0.01389	0.02061	0.01281	0.01135	0.06208	0.02164	0.36492	0.02439	0.02302	0.01660	0.00861	0.00737	0.00207	0.00680	0.00685	0.00794	0.28849
175	0.01263	0.01037	0.01079	0.01022	0.01318	0.00988	0.00764	0.04741	0.10115	0.02550	0.09506	0.06743	0.45709	0.07982	0.01244	0.00325	0.00509	0.01536	0.00767	0.00804
176	0.02243	0.01935	0.01974	0.01735	0.02228	0.04597	0.01359	0.11737	0.54205	0.03643	0.03127	0.02900	0.02339	0.01101	0.00840	0.00275	0.00722	0.00900	0.00828	0.01314
177	0.02259	0.68398	0.04267	0.01452	0.02151	0.06057	0.01429	0.02523	0.01717	0.01958	0.01161	0.01340	0.01066	0.00717	0.00542	0.00179	0.00915	0.00448	0.00359	0.01062
178	0.02712	0.03139	0.02175	0.01971	0.02414	0.42791	0.01496	0.03731	0.25660	0.02577	0.02075	0.02102	0.01623	0.00958	0.00785	0.00240	0.01181	0.00688	0.00585	0.01096
179	0.02862	0.01843	0.02077	0.01697	0.02274	0.01981	0.01368	0.21842	0.28671	0.21665	0.02936	0.02691	0.02064	0.01060	0.00838	0.00265	0.00748	0.00853	0.00893	0.01372
180	0.01046	0.00829	0.00905	0.00928	0.01134	0.00730	0.00669	0.01242	0.01806	0.02244	0.11781	0.14188	0.43208	0.11584	0.01443	0.00361	0.00491	0.03984	0.00746	0.00681
181	0.01218	0.00974	0.01105	0.01050	0.01318	0.00925	0.00794	0.01802	0.10599	0.02904	0.33426	0.06516	0.30710	0.01787	0.00962	0.00272	0.00440	0.01529	0.00846	0.00822
182	0.02134	0.01769	0.01880	0.01682	0.02159	0.02032	0.01311	0.04399	0.61591	0.06046	0.03377	0.03088	0.02516	0.01123	0.00845	0.00281	0.00659	0.00935	0.00853	0.01319
183	0.01012	0.00723	0.00964	0.01157	0.01205	0.00675	0.00771	0.01157	0.01591	0.02121	0.04579	0.70262	0.05495	0.02603	0.01060	0.00337	0.00482	0.02362	0.00771	0.00675
184	0.01666	0.04297	0.66500	0.02368	0.03596	0.01929	0.03069	0.02631	0.01754	0.02631	0.01491	0.01754	0.01052	0.00789	0.00789	0.00263	0.01228	0.00614	0.00351	0.01228
185	0.76672	0.01607	0.01221	0.01092	0.01607	0.01864	0.00900	0.02442	0.01414	0.03727	0.01157	0.01350	0.00900	0.00771	0.00514	0.00257	0.00643	0.00450	0.00514	0.00900
186	0.01280	0.00872	0.01144	0.01063	0.01277	0.00802	0.00802	0.01669	0.02353	0.05908	0.62647	0.06067	0.07602	0.01671	0.00974	0.00261	0.00405	0.01475	0.00919	0.00810
187	0.01012	0.00723	0.00964	0.01157	0.01205	0.00675	0.00771	0.01157	0.01591	0.02121	0.04579	0.70262	0.05495	0.02603	0.01060	0.00337	0.00482	0.02362	0.00771	0.00675
188	0.01697	0.01356	0.01599	0.01206	0.01821	0.01051	0.00934	0.02014	0.01692	0.04959	0.01890	0.07524	0.01756	0.06909	0.00974	0.00205	0.00625	0.00716	0.00535	0.60538
189	0.76672	0.01607	0.01221	0.01092	0.01607	0.01864	0.00900	0.02442	0.01414	0.03727	0.01157	0.01350	0.00900	0.00771	0.00514	0.00257	0.00643	0.00450	0.00514	0.00900
190	0.02804	0.01357	0.01718	0.01411	0.01921	0.01283	0.01132	0.03533	0.14521	0.39325	0.14950	0.03740	0.06100	0.01220	0.00871	0.00264	0.00626	0.01021	0.00959	0.01246
191	0.67143	0.01816	0.06992	0.01203	0.01769	0.01828	0.01087	0.02425	0.01480	0.03615	0.03640	0.01571	0.01179	0.00808	0.00556	0.00258	0.00685	0.00505	0.00515	0.00924
192	0.01695	0.07750	0.63297	0.02319	0.03520	0.01999	0.02984	0.02624	0.01751	0.02596	0.01474	0.01732	0.01053	0.00785	0.00776	0.00259	0.01210	0.00605	0.00351	0.01219
193	0.02221	0.71304	0.04353	0.01421	0.02132	0.03287	0.01421	0.02488	0.01688	0.01955	0.01155	0.01333	0.01066	0.00711	0.00533	0.00178	0.00888	0.00444	0.00355	0.01066
194	0.02148	0.01196	0.01513	0.01240	0.01724	0.00999	0.00972	0.02460	0.02042	0.24062	0.13455	0.12685	0.08711	0.01329	0.00841	0.00233	0.00575	0.01135	0.00803	0.21876
195	0.01735	0.01515	0.01884	0.01346	0.02089	0.01158	0.04115	0.02121	0.01735	0.02705	0.01487	0.01749	0.01232	0.00620	0.00634	0.00131	0.00655	0.00517	0.00489	0.72085
196	0.02066	0.01785	0.01878	0.01691	0.02160	0.02066	0.01315	0.04414	0.64121	0.03475	0.03381	0.03099	0.02536	0.01127	0.00845	0.00282	0.00657	0.00939	0.00845	0.01315
197	0.01009	0.00843	0.00879	0.00870	0.01138	0.00713	0.00652	0.01244	0.01957	0.02394	0.16227	0.07749	0.57381	0.02048	0.00982	0.00278	0.00417	0.01719	0.00791	0.00713
198	0.01269	0.00873	0.01123	0.01046	0.01269	0.00796	0.00790	0.01642	0.02313	0.05951	0.57620	0.06214	0.12539	0.01704	0.00974	0.00263	0.00408	0.01495	0.00907	0.00804
199	0.00983	0.00836	0.00847	0.00856	0.01126	0.00700	0.00638	0.01191	0.01880	0.02239	0.08241	0.10833	0.62560	0.02127	0.00985	0.00283	0.00424	0.01781	0.00771	0.00700
200	0.02130	0.01770	0.01880	0.01682	0.02159	0.02034	0.01311	0.04400	0.61755	0.05879	0.03377	0.03089	0.02518	0.01123	0.00845	0.00281	0.00659	0.00935	0.00852	0.01319
201	0.03727	0.01414	0.01928	0.01478	0.02121	0.01221	0.01221	0.04049	0.02378	0.66198	0.03277	0.02828	0.02056	0.01028	0.00835	0.00257	0.00707	0.00835	0.01028	0.01414
202	0.01785	0.01770	0.02482	0.02137	0.02145	0.02467	0.01777	0.01973	0.01276	0.01996	0.01149	0.01892	0.01142	0.01701	0.06080	0.00414	0.65812	0.00735	0.00368	0.00900
203	0.01188	0.00885	0.01311	0.01311	0.01451	0.01025	0.01008	0.01468	0.01328	0.01911	0.02247	0.03386	0.02130	0.09859	0.63956	0.01305	0.02145	0.00908	0.00448	0.00728
204	0.02221	0.71304	0.04353	0.01421	0.02132	0.03287	0.01421	0.02488	0.01688	0.01955	0.01155	0.01333	0.01066	0.00711	0.00533	0.00178	0.00888	0.00444	0.00355	0.01066
205	0.03097	0.02296	0.02459	0.01899	0.02553	0.02548	0.01564	0.59569	0.07289	0.05137	0.02072	0.02057	0.01476	0.01005	0.00832	0.00251	0.00900	0.00759	0.00832	0.01407
206	0.01270	0.00917	0.01236	0.01214	0.01333	0.01020	0.00880	0.03767	0.01392	0.01950	0.02348	0.03942	0.02367	0.27640	0.43751	0.01116	0.01699	0.00991	0.00480	0.00688
207	0.76672	0.01607	0.01221	0.01092	0.01607	0.01864	0.00900	0.02442	0.01414	0.03727	0.01157	0.01350	0.00900	0.00771	0.00514	0.00257	0.00643	0.00450	0.00514	0.00900
208	0.01010	0.00733	0.00953	0.01129	0.01198	0.00677	0.00759	0.01160	0.01617	0.02131	0.04913	0.64833	0.10708	0.02559	0.01053	0.00332	0.00477	0.02309	0.00771	0.00677
209	0.03509	0.01449	0.01916	0.01489	0.02105	0.01305	0.01223	0.06819	0.05205	0.57562	0.06041	0.02953	0.02310	0.01062	0.00842	0.00258	0.00700	0.00866	0.01005	0.01381
210	0.01723	0.01477	0.01723	0.01230	0.01969	0.01107	0.00984	0.02092	0.01723	0.02707	0.01477	0.01723	0.01230	0.00615	0.00615	0.00123	0.00615	0.00492	0.00492	0.75883
211	0.01443	0.00722	0.01082	0.01082	0.01082	0.00722	0.00722	0.01082	0.01082	0.01443	0.01443	0.02525	0.01443	0.02886	0.03247	0.75830	0.00722	0.00722	0.00361	0.00361
212	0.01012	0.00723	0.00964	0.01157	0.01205	0.00675	0.00771	0.01157	0.01591	0.02121	0.04579	0.70262	0.05495	0.02603	0.01060	0.00337	0.00482	0.02362	0.00771	0.00675
213	0.03237	0.02201	0.02415	0.01852	0.02513	0.02389	0.01530	0.54734	0.03695	0.13652	0.02172	0.02110	0.01502	0.01002	0.00832	0.00250	0.00886	0.00760	0.00858	0.01413
214	0.01188	0.00883	0.01301	0.01301	0.01438	0.01020	0.00996	0.01462	0.01325	0.01903	0.02256	0.03436	0.02152	0.11353	0.62492	0.01293	0.02113	0.00915	0.00450	0.00723
215	0.76672	0.01607	0.01221	0.01092	0.01607	0.01864	0.00900	0.02442	0.01414	0.03727	0.01157	0.01350	0.00900	0.00771	0.00514	0.00257	0.00643	0.00450	0.00514	0.00900
216	0.03727	0.01414	0.01928	0.01478	0.02121	0.01221	0.01221	0.04049	0.02378	0.66198	0.03277	0.02828	0.02056	0.01028	0.00835	0.00257	0.00707	0.00835	0.01028	0.01414
217	0.02221	0.71304	0.04353	0.01421	0.02132	0.03287	0.01421	0.02488	0.01688	0.01955	0.01155	0.01333	0.01066	0.00711	0.00533	0.00178	0.00888	0.00444	0.00355	0.01066
218	0.03158	0.02327	0.02493	0.01911	0.02576	0.02576	0.01579	0.62852	0.03906	0.05236	0.01995	0.01995	0.01413	0.00997	0.00831	0.00249	0.00914	0.00748	0.00831	0.01413
219	0.03103	0.03959	0.02354	0.02140	0.02568	0.67469	0.01605	0.03317	0.02354	0.02033	0.01284	0.01498	0.01070	0.00856	0.00749	0.00214	0.01498	0.00535	0.00428	0.00963
220	0.67516	0.01582	0.01310	0.01141	0.01671	0.01783	0.00940	0.02644	0.01535	0.11569	0.01423	0.01535	0.01045	0.00803	0.00554	0.00257	0.00651	0.00498	0.00579	0.00964
221	0.05975	0.02299	0.02444	0.01880	0.02539	0.02549	0.01553	0.60537	0.03810	0.05178	0.01962	0.01970	0.01393	0.00989	0.00819	0.00250	0.00904	0.00737	0.00819	0.01393
222	0.76672	0.01607	0.01221	0.01092	0.01607	0.01864	0.00900	0.02442	0.01414	0.03727	0.01157	0.01350	0.00900	0.00771	0.00514	0.00257	0.00643	0.00450	0.00514	0.00900
223	0.01176	0.00849	0.01110	0.01045	0.01241	0.00784	0.00784	0.01568	0.02352	0.03331	0.65184	0.06206	0.07839	0.01698	0.00980	0.00261	0.00392	0.01502	0.00914	0.00784
224	0.02330	0.01577	0.01769	0.01540	0.02023	0.01695	0.01212	0.03932	0.41545	0.18249	0.06326	0.03586	0.08076	0.01212	0.00860	0.00275	0.00638	0.01008	0.00885	0.01263
225	0.01006	0.00843	0.00875	0.00867	0.01137	0.00712	0.00650	0.01240	0.01951	0.02381	0.15563	0.07770	0.58053	0.02053	0.00982	0.00278	0.00417	0.01722	0.00789	0.00712
226	0.01012	0.00723	0.00964	0.01157	0.01205	0.00675	0.00771	0.01157	0.01591	0.02121	0.04579	0.70262	0.05495	0.02603	0.01060	0.00337	0.00482	0.02362	0.00771	0.00675
227	0.01011	0.00728	0.00959	0.01145	0.01202	0.00676	0.00766	0.01158	0.01602	0.02125	0.04726	0.67876	0.07786	0.02584	0.01057	0.00335	0.00480	0.02338	0.00771	0.00676
228	0.01666	0.04297	0.66500	0.02368	0.03596	0.01929	0.03069	0.02631	0.01754	0.02631	0.01491	0.01754	0.01052	0.00789	0.00789	0.00263	0.01228	0.00614	0.00351	0.01228
229	0.01012	0.00723	0.00964	0.01157	0.01205	0.00675	0.00771	0.01157	0.01591	0.02121	0.04579	0.70262	0.05495	0.02603	0.01060	0.00337	0.00482	0.02362	0.00771	0.00675
230	0.02881	0.01228	0.01646	0.01326	0.01826	0.01074	0.01070	0.03216	0.02346	0.45545	0.20634	0.04026	0.06911	0.01269	0.00883	0.00259	0.00605	0.01067	0.00984	0.01203
231	0.01569	0.01477	0.02492	0.68808	0.05722	0.01846	0.02307	0.02123	0.01661	0.02123	0.01477	0.02215	0.01107	0.00831	0.00831	0.00277	0.01107	0.00738	0.00369	0.00923
232	0.01012	0.00723	0.00964	0.01157	0.01205	0.00675	0.00771	0.01157	0.01591	0.02121	0.04579	0.70262	0.05495	0.02603	0.01060	0.00337	0.00482	0.02362	0.00771	0.00675
233	0.01208	0.00805	0.00906	0.00906	0.00906	0.00805	0.00503	0.01208	0.01208	0.01611	0.02618	0.05436	0.03020	0.70804	0.04228	0.00805	0.00805	0.01208	0.00503	0.00503
234	0.01921	0.02143	0.04446	0.06496	0.04099	0.02152	0.50949	0.02540	0.01847	0.02540	0.01586	0.02179	0.01229	0.00815	0.01223	0.00292	0.11120	0.00932	0.00410	0.01080
235	0.01857	0.01755	0.02971	0.25787	0.42464	0.01876	0.02403	0.02364	0.01817	0.02508	0.01691	0.02511	0.01439	0.00856	0.00843	0.00264	0.01014	0.04007	0.00417	0.01157
236	0.01012	0.00723	0.00964	0.01157	0.01205	0.00675	0.00771	0.01157	0.01591	0.02121	0.04579	0.70262	0.05495	0.02603	0.01060	0.00337	0.00482	0.02362	0.00771	0.00675
237	0.01328	0.01106	0.01433	0.01403	0.01551	0.04837	0.01084	0.01599	0.01383	0.01922	0.02133	0.03199	0.02017	0.08936	0.57217	0.01195	0.05584	0.00878	0.00443	0.00751
238	0.05793	0.02240	0.02414	0.04392	0.02637	0.02496	0.01568	0.55334	0.06787	0.04972	0.02014	0.02035	0.01439	0.00989	0.00820	0.00252	0.00898	0.00746	0.00802	0.01370
239	0.02857	0.21207	0.02961	0.01793	0.02439	0.09291	0.01529	0.38269	0.05400	0.03956	0.01747	0.01806	0.01326	0.00910	0.00742	0.00228	0.00956	0.00651	0.00662	0.01270
240	0.02212	0.01703	0.02089	0.01555	0.02240	0.01549	0.04340	0.14344	0.05250	0.08753	0.01827	0.01969	0.01399	0.00782	0.00773	0.00183	0.02889	0.00627	0.00615	0.44901
241	0.08752	0.01850	0.02393	0.25384	0.03506	0.02250	0.01829	0.22468	0.02303	0.03278	0.01535	0.01975	0.01188	0.01022	0.01232	0.00285	0.16419	0.00714	0.00535	0.01082
