[name]
unknown

[dist]
# distance from previous block
# <min> <max>
0	4

[block]
# block no. 0 follows, 20 sequences, length 10
# corresponding to MSA columns:
# 4-13
name=unknown_A
#
# <colnr> <probs for GDERKNQSTAVLIFYWHMCP>
#	G	D	E	R	K	N	Q	S	T	A	V	L	I	F	Y	W	H	M	C	P
0	0.01292	0.00931	0.01206	0.01320	0.01484	0.00902	0.01053	0.01581	0.01890	0.02471	0.10642	0.13187	0.11975	0.14588	0.01751	0.00454	0.00706	0.31058	0.00770	0.00740
1	0.02943	0.06235	0.02429	0.02018	0.02499	0.37224	0.01565	0.18588	0.02754	0.03035	0.01883	0.07424	0.01664	0.01380	0.04230	0.00305	0.01330	0.00797	0.00591	0.01105
2	0.09002	0.05782	0.02402	0.06573	0.02682	0.04243	0.01522	0.29221	0.09683	0.11391	0.02189	0.02212	0.01581	0.00981	0.00810	0.00254	0.00888	0.00746	0.00767	0.07073
3	0.05967	0.27048	0.36604	0.02054	0.03036	0.02559	0.02416	0.02659	0.01768	0.02537	0.01398	0.01668	0.01104	0.00841	0.00840	0.00251	0.05098	0.00580	0.00380	0.01191
4	0.28863	0.05563	0.25575	0.10575	0.05465	0.02015	0.02100	0.02680	0.01731	0.05983	0.01511	0.01797	0.01115	0.00834	0.00721	0.00271	0.00998	0.00607	0.00470	0.01126
5	0.01823	0.01720	0.02161	0.11270	0.02616	0.07130	0.03588	0.02139	0.01686	0.02402	0.02015	0.11519	0.01952	0.01340	0.01519	0.00293	0.23592	0.00971	0.09189	0.11075
6	0.01520	0.01174	0.01582	0.03653	0.01779	0.01212	0.05571	0.04911	0.08936	0.02598	0.08253	0.19761	0.03768	0.22490	0.04369	0.00508	0.00804	0.01453	0.04822	0.00836
7	0.03116	0.02251	0.02405	0.01866	0.02506	0.02482	0.01534	0.54029	0.03833	0.05232	0.02183	0.02231	0.01572	0.01043	0.00842	0.00255	0.00894	0.00789	0.09535	0.01404
8	0.27222	0.11875	0.02760	0.07529	0.13822	0.05127	0.05166	0.11453	0.02111	0.03411	0.01490	0.01787	0.01179	0.00835	0.00718	0.00256	0.00947	0.00636	0.00524	0.01150
9	0.44093	0.01758	0.05274	0.09670	0.02510	0.01793	0.04319	0.02576	0.01741	0.08227	0.06200	0.02468	0.01809	0.00978	0.00714	0.00280	0.00802	0.03190	0.00591	0.01006

[dist]
# distance from previous block
# <min> <max>
2	16

[block]
# block no. 1 follows, 20 sequences, length 12
# corresponding to MSA columns:
# 30-41
name=unknown_B
#
# <colnr> <probs for GDERKNQSTAVLIFYWHMCP>
#	G	D	E	R	K	N	Q	S	T	A	V	L	I	F	Y	W	H	M	C	P
0	0.01813	0.01872	0.02603	0.02150	0.02513	0.10438	0.16966	0.02167	0.01912	0.02489	0.09149	0.20033	0.03248	0.04122	0.01404	0.00325	0.10906	0.01351	0.00592	0.03948
1	0.10021	0.20388	0.10423	0.05241	0.06624	0.02223	0.01672	0.07556	0.02064	0.06623	0.07563	0.02262	0.01919	0.00930	0.00798	0.00236	0.02911	0.00699	0.00553	0.09294
2	0.13408	0.02566	0.02388	0.15531	0.03244	0.17831	0.01721	0.26269	0.02834	0.03767	0.01672	0.01917	0.01251	0.00940	0.00803	0.00260	0.01110	0.00683	0.00620	0.01183
3	0.02251	0.02078	0.03962	0.02902	0.03651	0.01985	0.39028	0.06598	0.07058	0.08232	0.02044	0.02453	0.01527	0.00988	0.01150	0.05845	0.01210	0.00947	0.00559	0.05531
4	0.02013	0.15651	0.49645	0.02243	0.03392	0.02218	0.02777	0.02848	0.01879	0.07262	0.01644	0.01849	0.01186	0.00833	0.00786	0.00260	0.01186	0.00631	0.00422	0.01274
5	0.03069	0.02311	0.02618	0.11653	0.03193	0.02592	0.01771	0.52306	0.03753	0.05014	0.02014	0.02128	0.01436	0.01021	0.00873	0.00266	0.00990	0.00784	0.00801	0.01407
6	0.03152	0.02346	0.02530	0.01929	0.02636	0.02537	0.01590	0.54605	0.03852	0.05209	0.02035	0.02063	0.01463	0.01004	0.00848	0.00247	0.00926	0.00756	0.00834	0.09437
7	0.01515	0.00758	0.01136	0.01136	0.01136	0.00758	0.00758	0.01136	0.01136	0.01515	0.01515	0.02652	0.01515	0.03030	0.03409	0.74621	0.00758	0.00758	0.00379	0.00379
8	0.01145	0.00894	0.01032	0.01080	0.01306	0.00803	0.00828	0.01401	0.01970	0.02478	0.13437	0.13551	0.36957	0.06742	0.01300	0.00355	0.00541	0.12632	0.00807	0.00743
9	0.43781	0.07599	0.02012	0.06191	0.02330	0.07701	0.01300	0.14161	0.02128	0.03801	0.01424	0.01628	0.01096	0.00864	0.00652	0.00259	0.00864	0.00563	0.00573	0.01073
10	0.01226	0.00909	0.01287	0.01346	0.01493	0.00864	0.03261	0.01504	0.01917	0.02594	0.18439	0.35109	0.05853	0.06824	0.01331	0.00376	0.00605	0.13491	0.00811	0.00761
11	0.01103	0.00776	0.01000	0.01163	0.01204	0.00735	0.00754	0.01225	0.01591	0.02122	0.04403	0.56388	0.05259	0.15817	0.01767	0.00451	0.00573	0.02242	0.00754	0.00673

[dist]
# distance from previous block
# <min> <max>
0	3

[block]
# block no. 2 follows, 20 sequences, length 14
# corresponding to MSA columns:
# 45-58
name=unknown_C
#
# <colnr> <probs for GDERKNQSTAVLIFYWHMCP>
#	G	D	E	R	K	N	Q	S	T	A	V	L	I	F	Y	W	H	M	C	P
0	0.03140	0.02306	0.02474	0.01916	0.02554	0.02545	0.01561	0.55851	0.03857	0.05170	0.02151	0.02405	0.01629	0.06929	0.01180	0.00312	0.00950	0.00827	0.00843	0.01401
1	0.01647	0.01550	0.02616	0.67248	0.06008	0.01938	0.02422	0.02229	0.01744	0.02229	0.01550	0.02326	0.01163	0.00872	0.00872	0.00291	0.01163	0.00775	0.00388	0.00969
2	0.01809	0.01550	0.01809	0.01292	0.02067	0.01163	0.01034	0.02196	0.01809	0.02842	0.01550	0.01809	0.01292	0.00646	0.00646	0.00129	0.00646	0.00517	0.00517	0.74677
3	0.03737	0.01490	0.02006	0.01530	0.02213	0.01272	0.01261	0.04078	0.02439	0.59322	0.03282	0.02871	0.02086	0.01043	0.00858	0.00258	0.00734	0.00847	0.01032	0.07639
4	0.01205	0.00792	0.01085	0.01214	0.01282	0.00754	0.00845	0.01290	0.01670	0.02244	0.10607	0.43227	0.05073	0.02667	0.01604	0.16306	0.00572	0.06173	0.00733	0.00657
5	0.03113	0.02219	0.02419	0.01903	0.02536	0.02428	0.01552	0.49976	0.06456	0.08771	0.02469	0.07732	0.01934	0.01195	0.00894	0.00272	0.00897	0.00941	0.00881	0.01415
6	0.01149	0.00795	0.00987	0.01104	0.01134	0.00766	0.00692	0.01237	0.01502	0.02002	0.03944	0.42325	0.04680	0.30670	0.02508	0.00560	0.00648	0.01972	0.00692	0.00633
7	0.01376	0.00901	0.01254	0.06743	0.01772	0.00876	0.01018	0.01593	0.01766	0.07612	0.04409	0.54284	0.05034	0.02418	0.01078	0.00344	0.00598	0.05323	0.00798	0.00802
8	0.01950	0.02039	0.03838	0.18188	0.13212	0.02218	0.27101	0.02509	0.01832	0.02535	0.01574	0.02229	0.01260	0.00930	0.01334	0.00306	0.14534	0.00881	0.00416	0.01115
9	0.02007	0.01917	0.03266	0.23760	0.46687	0.02033	0.02601	0.02544	0.01914	0.02665	0.01614	0.02208	0.01317	0.00805	0.00866	0.00268	0.01074	0.00777	0.00419	0.01259
10	0.01257	0.00881	0.01197	0.01223	0.01382	0.00939	0.00921	0.01561	0.01652	0.02406	0.09398	0.14677	0.07161	0.04367	0.35253	0.00874	0.01445	0.01290	0.11343	0.00774
11	0.01257	0.00978	0.01394	0.16249	0.02318	0.01023	0.01144	0.01519	0.01782	0.02365	0.13386	0.31303	0.08937	0.07743	0.01411	0.03330	0.00675	0.01729	0.00696	0.00760
12	0.01766	0.01551	0.02041	0.04950	0.02396	0.01353	0.06070	0.02418	0.09289	0.02824	0.02250	0.10990	0.02054	0.01010	0.00782	0.00202	0.00728	0.00892	0.00589	0.45844
13	0.40793	0.01531	0.05193	0.01243	0.01662	0.01504	0.01042	0.02200	0.01560	0.06263	0.07331	0.02331	0.01858	0.01501	0.01376	0.19830	0.00713	0.00683	0.00554	0.00833

[dist]
# distance from previous block
# <min> <max>
6	22

[block]
# block no. 3 follows, 20 sequences, length 6
# corresponding to MSA columns:
# 82-87
name=unknown_D
#
# <colnr> <probs for GDERKNQSTAVLIFYWHMCP>
#	G	D	E	R	K	N	Q	S	T	A	V	L	I	F	Y	W	H	M	C	P
0	0.06908	0.02408	0.02936	0.11368	0.03406	0.07860	0.11198	0.35283	0.03159	0.04232	0.01853	0.02086	0.01352	0.00947	0.00872	0.00268	0.01106	0.00787	0.00681	0.01292
1	0.02117	0.01812	0.02115	0.02110	0.10307	0.08393	0.05426	0.14935	0.02227	0.02938	0.02350	0.06828	0.02283	0.25054	0.02121	0.00466	0.00970	0.01036	0.05532	0.00978
2	0.01593	0.01086	0.03688	0.01316	0.01580	0.00923	0.01062	0.01887	0.02047	0.10640	0.20021	0.20975	0.10087	0.02114	0.01214	0.05306	0.00608	0.12156	0.00837	0.00859
3	0.16744	0.36893	0.09841	0.01705	0.02466	0.02846	0.04414	0.11023	0.02072	0.03021	0.01402	0.01594	0.01146	0.00810	0.00651	0.00228	0.00948	0.00559	0.00480	0.01158
4	0.12494	0.02435	0.22751	0.01910	0.05497	0.01634	0.01847	0.02724	0.06912	0.10507	0.02733	0.03592	0.05402	0.09377	0.01281	0.00356	0.00927	0.05902	0.00610	0.01111
5	0.18271	0.09545	0.39828	0.02352	0.08490	0.02143	0.02511	0.02697	0.01769	0.02963	0.01462	0.01735	0.01095	0.00813	0.00743	0.00265	0.01098	0.00602	0.00413	0.01205

[dist]
# distance from previous block
# <min> <max>
6	23

[block]
# block no. 4 follows, 20 sequences, length 11
# corresponding to MSA columns:
# 111-121
name=unknown_E
#
# <colnr> <probs for GDERKNQSTAVLIFYWHMCP>
#	G	D	E	R	K	N	Q	S	T	A	V	L	I	F	Y	W	H	M	C	P
0	0.02092	0.02071	0.02666	0.05645	0.02713	0.08703	0.08578	0.07651	0.01909	0.02619	0.01725	0.07806	0.01621	0.01271	0.01677	0.00301	0.28069	0.00892	0.00498	0.11494
1	0.01186	0.00888	0.01131	0.01178	0.01362	0.00788	0.00830	0.01426	0.01878	0.02582	0.17360	0.43815	0.09239	0.02251	0.01035	0.00307	0.00498	0.02016	0.00808	0.09421
2	0.02922	0.01887	0.02486	0.01904	0.02594	0.01855	0.08329	0.17026	0.12950	0.23265	0.02648	0.02557	0.01852	0.00980	0.00859	0.00253	0.00854	0.00835	0.00834	0.13113
3	0.01492	0.01169	0.01706	0.01556	0.01769	0.01283	0.05398	0.06783	0.01694	0.02357	0.02590	0.11226	0.02604	0.15272	0.35635	0.00972	0.03961	0.01158	0.00548	0.00826
4	0.01276	0.00979	0.01253	0.03776	0.01613	0.00945	0.00945	0.01714	0.07335	0.02594	0.12766	0.45390	0.05274	0.02200	0.01030	0.00315	0.00547	0.01976	0.00797	0.07273
5	0.01877	0.01932	0.03353	0.21042	0.03979	0.02333	0.18611	0.02331	0.01655	0.02331	0.01434	0.02151	0.01200	0.01119	0.01784	0.00331	0.30272	0.00842	0.00400	0.01021
6	0.01685	0.00951	0.01041	0.00997	0.01228	0.00995	0.00765	0.06202	0.01922	0.03210	0.02707	0.03198	0.02172	0.01936	0.11468	0.00406	0.00767	0.00831	0.56663	0.00856
7	0.01926	0.06085	0.11451	0.06467	0.03986	0.02098	0.38551	0.02584	0.01937	0.02657	0.01891	0.07049	0.01595	0.00923	0.01023	0.00286	0.03545	0.01013	0.00454	0.04479
8	0.01939	0.01967	0.02705	0.02257	0.02400	0.05683	0.06899	0.02176	0.01479	0.02173	0.01349	0.02202	0.01316	0.06328	0.02589	0.00386	0.49971	0.00800	0.00408	0.04974
9	0.10964	0.17065	0.24020	0.02027	0.02849	0.08642	0.04511	0.09527	0.02098	0.02968	0.01635	0.04787	0.01359	0.00947	0.00824	0.00258	0.03172	0.00699	0.00481	0.01167
10	0.40047	0.10135	0.02046	0.01467	0.02053	0.12615	0.01211	0.07136	0.01959	0.07074	0.01459	0.01612	0.01132	0.00839	0.00635	0.00242	0.00876	0.00537	0.00561	0.06362

[dist]
# distance from previous block
# <min> <max>
19	49

[block]
# block no. 5 follows, 20 sequences, length 7
# corresponding to MSA columns:
# 175-181
name=unknown_F
#
# <colnr> <probs for GDERKNQSTAVLIFYWHMCP>
#	G	D	E	R	K	N	Q	S	T	A	V	L	I	F	Y	W	H	M	C	P
0	0.02359	0.01225	0.01561	0.01342	0.01738	0.01140	0.01053	0.07223	0.02413	0.25373	0.22112	0.07941	0.08459	0.07248	0.01262	0.00332	0.00640	0.04568	0.00934	0.01078
1	0.07882	0.01619	0.02605	0.54966	0.11962	0.01954	0.02327	0.02306	0.01749	0.02437	0.01532	0.02231	0.01168	0.00857	0.00843	0.00286	0.01108	0.00750	0.00405	0.01012
2	0.13468	0.02223	0.02127	0.02008	0.05828	0.13113	0.01492	0.03703	0.27692	0.08319	0.02437	0.02454	0.01857	0.01083	0.01031	0.00285	0.08180	0.00790	0.00694	0.01214
3	0.01195	0.00832	0.00996	0.01046	0.01097	0.00812	0.00655	0.01287	0.01494	0.01990	0.06895	0.22690	0.08103	0.40542	0.06028	0.00673	0.00775	0.01631	0.00642	0.00618
4	0.01121	0.00807	0.01010	0.01148	0.01228	0.00758	0.00775	0.01268	0.01654	0.02164	0.04899	0.45197	0.12425	0.15571	0.01754	0.00445	0.00583	0.05755	0.00755	0.00683
5	0.11281	0.02650	0.02321	0.01924	0.02512	0.16919	0.01535	0.31502	0.13521	0.04231	0.02077	0.02100	0.01545	0.01010	0.00818	0.00260	0.01021	0.00734	0.00741	0.01297
6	0.02087	0.02185	0.04126	0.08235	0.03958	0.02341	0.36702	0.07119	0.02011	0.02786	0.01618	0.02219	0.01278	0.00970	0.01466	0.00313	0.18080	0.00923	0.00456	0.01128

[dist]
# distance from previous block
# <min> <max>
3	19

[block]
# block no. 6 follows, 20 sequences, length 7
# corresponding to MSA columns:
# 201-207
name=unknown_G
#
# <colnr> <probs for GDERKNQSTAVLIFYWHMCP>
#	G	D	E	R	K	N	Q	S	T	A	V	L	I	F	Y	W	H	M	C	P
0	0.02164	0.01763	0.10392	0.07180	0.02492	0.01407	0.01551	0.02694	0.05348	0.18806	0.03275	0.15705	0.05444	0.01461	0.01035	0.00291	0.04699	0.04739	0.00733	0.08822
1	0.33904	0.01858	0.05372	0.01786	0.06072	0.01813	0.04777	0.09467	0.02062	0.09593	0.05527	0.06680	0.01959	0.01038	0.00750	0.00269	0.00790	0.00814	0.00651	0.04819
2	0.40956	0.01714	0.04356	0.05196	0.02125	0.01729	0.01196	0.06741	0.01824	0.06873	0.01939	0.10395	0.01734	0.01078	0.00701	0.00266	0.00731	0.00808	0.00610	0.09028
3	0.06795	0.21349	0.03105	0.06768	0.16348	0.04465	0.05390	0.04895	0.01964	0.02769	0.01891	0.02605	0.01642	0.00942	0.00752	0.00244	0.00926	0.04799	0.11246	0.01105
4	0.22864	0.13770	0.09387	0.01452	0.02059	0.01897	0.01356	0.02773	0.05944	0.12002	0.15277	0.02916	0.02867	0.01076	0.00755	0.00259	0.00745	0.00824	0.00682	0.01095
5	0.06973	0.00879	0.01168	0.01142	0.01249	0.00881	0.00797	0.01539	0.01359	0.06193	0.02003	0.07800	0.01916	0.02531	0.02595	0.51617	0.00699	0.00885	0.07214	0.00560
6	0.02011	0.01297	0.01604	0.01390	0.01790	0.01282	0.01107	0.09817	0.05109	0.11549	0.18899	0.04220	0.03808	0.02241	0.12110	0.00454	0.00922	0.04616	0.06532	0.09244

[dist]
# distance from previous block
# <min> <max>
30	77

[block]
# block no. 7 follows, 20 sequences, length 14
# corresponding to MSA columns:
# 303-316
name=unknown_H
#
# <colnr> <probs for GDERKNQSTAVLIFYWHMCP>
#	G	D	E	R	K	N	Q	S	T	A	V	L	I	F	Y	W	H	M	C	P
0	0.13614	0.14260	0.19582	0.13148	0.03305	0.04976	0.02059	0.10985	0.02136	0.06023	0.01604	0.01862	0.01197	0.00865	0.00752	0.00258	0.01051	0.00638	0.00508	0.01177
1	0.02498	0.01783	0.02030	0.01619	0.02125	0.01853	0.01280	0.32825	0.02872	0.03926	0.04776	0.02401	0.01781	0.01529	0.01499	0.19504	0.00829	0.00771	0.00689	0.13410
2	0.01726	0.01291	0.01641	0.01710	0.05529	0.01292	0.01284	0.02552	0.15157	0.06421	0.11412	0.11251	0.06805	0.01761	0.01013	0.00315	0.00687	0.20068	0.00811	0.07274
3	0.01746	0.09405	0.07464	0.01854	0.04935	0.07009	0.01493	0.02042	0.01718	0.02331	0.02636	0.25502	0.02849	0.01652	0.01327	0.00302	0.15615	0.01302	0.04758	0.04059
4	0.36601	0.02019	0.01883	0.10260	0.02593	0.09575	0.01370	0.09739	0.02112	0.13797	0.01751	0.01896	0.01261	0.00902	0.00709	0.00266	0.00892	0.00628	0.00638	0.01109
5	0.01781	0.04322	0.60053	0.02709	0.08457	0.02029	0.03180	0.02756	0.01853	0.02769	0.01571	0.01866	0.01127	0.00825	0.00831	0.00275	0.01269	0.00655	0.00373	0.01296
6	0.07112	0.02610	0.02454	0.02110	0.05225	0.15739	0.01628	0.35270	0.03181	0.04202	0.01840	0.02002	0.01391	0.01025	0.00971	0.00260	0.06095	0.00720	0.04894	0.01271
7	0.03339	0.01766	0.02121	0.01696	0.02327	0.01782	0.01378	0.14881	0.18717	0.37364	0.03220	0.02883	0.02168	0.01101	0.00879	0.00275	0.00769	0.00889	0.00990	0.01457
8	0.75506	0.01687	0.01282	0.01147	0.01687	0.01957	0.00945	0.02564	0.01484	0.03914	0.01215	0.01417	0.00945	0.00810	0.00540	0.00270	0.00675	0.00472	0.00540	0.00945
9	0.01876	0.01456	0.01783	0.01375	0.01990	0.01222	0.01093	0.02224	0.01790	0.07486	0.01984	0.07102	0.01762	0.01375	0.06199	0.00277	0.04792	0.00742	0.00571	0.52900
10	0.06291	0.01755	0.01911	0.06906	0.02378	0.03846	0.01276	0.15674	0.09993	0.03439	0.02214	0.05402	0.01870	0.06150	0.01050	0.00273	0.00792	0.00818	0.05049	0.22914
11	0.07944	0.07298	0.02470	0.14128	0.02873	0.01913	0.09370	0.04825	0.01829	0.02860	0.01875	0.02381	0.01500	0.00996	0.01083	0.00268	0.11738	0.00768	0.22900	0.00980
12	0.01953	0.01973	0.02475	0.05300	0.02493	0.09874	0.06635	0.04751	0.01733	0.02314	0.02071	0.05460	0.05126	0.04786	0.08779	0.00466	0.31455	0.00936	0.00475	0.00945
13	0.02337	0.01987	0.03086	0.04381	0.47982	0.04888	0.02297	0.02787	0.02046	0.10448	0.02121	0.07896	0.01839	0.00987	0.00883	0.00267	0.00980	0.00924	0.00546	0.01320

[dist]
# distance from previous block
# <min> <max>
7	47

[block]
# block no. 8 follows, 20 sequences, length 25
# corresponding to MSA columns:
# 366-390
name=unknown_I
#
# <colnr> <probs for GDERKNQSTAVLIFYWHMCP>
#	G	D	E	R	K	N	Q	S	T	A	V	L	I	F	Y	W	H	M	C	P
0	0.06407	0.08849	0.03150	0.04850	0.03057	0.08728	0.11612	0.34959	0.03160	0.04185	0.01820	0.01999	0.01349	0.00933	0.00845	0.00258	0.01097	0.00760	0.00676	0.01305
1	0.06479	0.08224	0.35633	0.13305	0.03837	0.02055	0.08081	0.02583	0.01830	0.02685	0.01753	0.02488	0.01409	0.00934	0.00844	0.00282	0.01184	0.04819	0.00421	0.01155
2	0.05488	0.00970	0.01191	0.01125	0.01380	0.00918	0.00846	0.02005	0.02187	0.10611	0.33505	0.15081	0.05719	0.01668	0.00928	0.00274	0.00479	0.01449	0.13287	0.00889
3	0.11457	0.01499	0.01763	0.01432	0.01998	0.01444	0.01162	0.08795	0.06513	0.34848	0.06391	0.03785	0.12594	0.01271	0.00870	0.00275	0.00687	0.01020	0.00934	0.01262
4	0.01552	0.01342	0.01981	0.09969	0.12621	0.01444	0.01498	0.01932	0.01982	0.02814	0.24417	0.12907	0.04407	0.01525	0.01238	0.00291	0.10483	0.01284	0.00669	0.05643
5	0.01439	0.01145	0.01382	0.01278	0.01625	0.01012	0.00931	0.01900	0.07448	0.02634	0.07247	0.33754	0.04022	0.03976	0.01035	0.00283	0.00576	0.01573	0.00717	0.26023
6	0.07341	0.01746	0.02074	0.01758	0.02232	0.01914	0.06774	0.06581	0.36018	0.03316	0.02906	0.03321	0.02371	0.12585	0.01463	0.00377	0.00801	0.00968	0.00741	0.04713
7	0.08667	0.01513	0.01764	0.05760	0.02248	0.01261	0.01105	0.02171	0.01765	0.02862	0.01726	0.06073	0.01536	0.00810	0.00681	0.00168	0.00675	0.00655	0.00529	0.58031
8	0.09192	0.34022	0.20833	0.01867	0.02696	0.13440	0.01960	0.02797	0.01883	0.02440	0.01335	0.01555	0.01100	0.00801	0.00672	0.00226	0.01117	0.00533	0.00400	0.01132
9	0.01949	0.02153	0.04552	0.14305	0.04669	0.02100	0.48455	0.02634	0.01990	0.02676	0.01852	0.05052	0.01477	0.00840	0.01006	0.00296	0.01379	0.01046	0.00447	0.01122
10	0.02147	0.58228	0.03996	0.01426	0.02081	0.03008	0.01380	0.02449	0.01890	0.02296	0.11715	0.02263	0.02320	0.00921	0.00639	0.00201	0.00845	0.00654	0.00472	0.01069
11	0.02874	0.03555	0.02542	0.02256	0.02669	0.50842	0.05878	0.03126	0.02290	0.02189	0.01689	0.07959	0.01575	0.01102	0.00976	0.00253	0.05967	0.00789	0.00478	0.00991
12	0.75506	0.01687	0.01282	0.01147	0.01687	0.01957	0.00945	0.02564	0.01484	0.03914	0.01215	0.01417	0.00945	0.00810	0.00540	0.00270	0.00675	0.00472	0.00540	0.00945
13	0.01250	0.00920	0.01326	0.01326	0.01455	0.01049	0.00996	0.01509	0.01379	0.01969	0.02406	0.03812	0.02348	0.17141	0.55517	0.01308	0.02085	0.00991	0.00478	0.00737
14	0.02868	0.02144	0.02411	0.06729	0.02713	0.02420	0.01602	0.45247	0.03424	0.04658	0.02071	0.02366	0.01575	0.04646	0.01185	0.00299	0.05750	0.00810	0.05771	0.01311
15	0.15499	0.02316	0.02392	0.01862	0.02533	0.02579	0.01538	0.51134	0.03660	0.05230	0.01946	0.01980	0.01392	0.01007	0.00816	0.00263	0.00912	0.00733	0.00816	0.01392
16	0.01092	0.00781	0.01038	0.01195	0.01272	0.00728	0.00812	0.01287	0.01805	0.02441	0.14703	0.58268	0.06185	0.02573	0.01099	0.00341	0.00490	0.02327	0.00835	0.00728
17	0.01793	0.09359	0.60356	0.02412	0.03661	0.02132	0.03095	0.02751	0.01836	0.02710	0.01539	0.01809	0.01106	0.00823	0.00809	0.00270	0.01263	0.00631	0.00369	0.01277
18	0.01780	0.04331	0.60280	0.02699	0.08235	0.02029	0.03182	0.02756	0.01852	0.02769	0.01571	0.01865	0.01125	0.00825	0.00831	0.00275	0.01270	0.00654	0.00373	0.01296
19	0.01750	0.04512	0.64825	0.02486	0.03775	0.02026	0.03223	0.02762	0.01842	0.02762	0.01565	0.01842	0.01105	0.00829	0.00829	0.00276	0.01289	0.00645	0.00368	0.01289
20	0.01669	0.01575	0.02205	0.01950	0.02133	0.05082	0.07810	0.03729	0.01675	0.02310	0.02577	0.22710	0.02767	0.02609	0.12592	0.00524	0.23301	0.01338	0.00553	0.00893
21	0.02733	0.01906	0.02099	0.01700	0.02219	0.02054	0.01347	0.36756	0.07520	0.09447	0.04538	0.07582	0.04291	0.10111	0.01364	0.00349	0.00844	0.01042	0.00843	0.01257
22	0.02303	0.02427	0.03675	0.02975	0.07580	0.13253	0.30609	0.07018	0.04177	0.04453	0.02148	0.02573	0.03956	0.01417	0.07042	0.00381	0.01417	0.00931	0.00522	0.01143
23	0.04817	0.01910	0.02408	0.14591	0.03170	0.03595	0.05878	0.22174	0.08805	0.09769	0.02945	0.03315	0.07363	0.01175	0.00905	0.00284	0.00938	0.04002	0.00739	0.01218
24	0.18079	0.01632	0.02115	0.21381	0.10407	0.01748	0.01637	0.06174	0.01921	0.06062	0.01724	0.02116	0.01323	0.00843	0.00738	0.00245	0.00856	0.00674	0.06831	0.13496

[dist]
# distance from previous block
# <min> <max>
0	1

[block]
# block no. 9 follows, 20 sequences, length 9
# corresponding to MSA columns:
# 392-400
name=unknown_J
#
# <colnr> <probs for GDERKNQSTAVLIFYWHMCP>
#	G	D	E	R	K	N	Q	S	T	A	V	L	I	F	Y	W	H	M	C	P
0	0.01647	0.01529	0.02070	0.06878	0.02371	0.05952	0.07976	0.01963	0.01762	0.02414	0.02881	0.26190	0.03080	0.01686	0.01272	0.00306	0.11824	0.04106	0.05326	0.08767
1	0.02028	0.01871	0.06443	0.06166	0.06708	0.04565	0.01609	0.15856	0.02366	0.03255	0.08517	0.03517	0.04603	0.02137	0.11735	0.00467	0.06681	0.04582	0.05826	0.01066
2	0.01727	0.01494	0.02028	0.01852	0.02221	0.05415	0.09200	0.06157	0.02160	0.02827	0.06805	0.14055	0.04003	0.01862	0.01067	0.00332	0.00883	0.28538	0.00724	0.06649
3	0.01639	0.01597	0.06163	0.12934	0.05235	0.05447	0.01496	0.06035	0.02090	0.02765	0.15105	0.20875	0.04098	0.01758	0.01102	0.03858	0.00812	0.05398	0.00680	0.00912
4	0.04918	0.01682	0.02147	0.07257	0.12202	0.03941	0.01552	0.08321	0.06901	0.15660	0.02798	0.12320	0.02454	0.01277	0.00889	0.00274	0.00826	0.04621	0.00729	0.09229
5	0.17149	0.01915	0.10054	0.01512	0.02142	0.01560	0.01367	0.09933	0.02162	0.12178	0.05645	0.10799	0.05135	0.01205	0.00806	0.00257	0.00753	0.00969	0.00700	0.13759
6	0.10155	0.01718	0.10399	0.01617	0.05890	0.01311	0.01355	0.02184	0.01770	0.02943	0.02276	0.06519	0.02026	0.01442	0.05335	0.00313	0.00831	0.04797	0.17837	0.19282
7	0.10227	0.07462	0.24108	0.01976	0.02750	0.01959	0.06508	0.10842	0.04263	0.03163	0.02572	0.12672	0.05412	0.01231	0.00857	0.00282	0.00971	0.01027	0.00578	0.01140
8	0.07362	0.02985	0.21205	0.02642	0.09435	0.12762	0.12483	0.02801	0.02043	0.06651	0.05302	0.06523	0.01925	0.01009	0.00873	0.00273	0.01167	0.00884	0.00520	0.01156

[dist]
# distance from previous block
# <min> <max>
4	71

[block]
# block no. 10 follows, 20 sequences, length 37
# corresponding to MSA columns:
# 493-529
name=unknown_K
#
# <colnr> <probs for GDERKNQSTAVLIFYWHMCP>
#	G	D	E	R	K	N	Q	S	T	A	V	L	I	F	Y	W	H	M	C	P
0	0.07781	0.06497	0.34255	0.02145	0.03144	0.04389	0.06005	0.06040	0.02023	0.07966	0.01706	0.01911	0.01239	0.00829	0.00788	0.00250	0.01101	0.00654	0.00494	0.10782
1	0.07929	0.06018	0.14551	0.01921	0.02666	0.05306	0.08730	0.02832	0.08910	0.06736	0.05190	0.05701	0.02006	0.00978	0.00808	0.00244	0.00931	0.00830	0.00584	0.17127
2	0.01844	0.03043	0.33423	0.02254	0.03185	0.01752	0.10735	0.02705	0.05244	0.05766	0.09545	0.02956	0.02332	0.01014	0.00886	0.00271	0.01068	0.03270	0.00545	0.08162
3	0.10732	0.06023	0.18980	0.01611	0.02343	0.01621	0.01640	0.05045	0.02008	0.08985	0.09006	0.02865	0.05298	0.01274	0.03792	0.00295	0.00896	0.00807	0.03744	0.13035
4	0.10843	0.02189	0.12571	0.02051	0.02726	0.05145	0.14545	0.02843	0.02101	0.16268	0.10670	0.06290	0.02629	0.01101	0.00880	0.00276	0.00957	0.00985	0.03796	0.01137
5	0.05893	0.01887	0.05086	0.05783	0.02566	0.01830	0.04632	0.17842	0.05371	0.10427	0.05991	0.02558	0.01987	0.01009	0.00914	0.00248	0.04226	0.00803	0.07431	0.13516
6	0.14983	0.02780	0.26931	0.01940	0.02815	0.01797	0.04794	0.03097	0.07705	0.14314	0.04606	0.02324	0.01735	0.00928	0.00799	0.00267	0.00958	0.00738	0.00614	0.05875
7	0.15389	0.02063	0.10206	0.04377	0.02417	0.05890	0.01491	0.03187	0.04764	0.24592	0.09208	0.02750	0.02335	0.01029	0.00806	0.00259	0.00831	0.00806	0.00754	0.06846
8	0.02223	0.01767	0.09891	0.01666	0.02229	0.01387	0.05107	0.05298	0.07851	0.18342	0.12669	0.13158	0.03450	0.01364	0.00912	0.00275	0.00750	0.01190	0.04767	0.05702
9	0.01979	0.05778	0.13916	0.04065	0.02529	0.01677	0.01645	0.07428	0.09483	0.05857	0.02507	0.08948	0.02236	0.01174	0.00840	0.00251	0.00840	0.06389	0.00632	0.21827
10	0.08566	0.01548	0.06898	0.01448	0.01847	0.01374	0.01232	0.07979	0.02134	0.08573	0.17923	0.08242	0.03844	0.09610	0.05496	0.00420	0.03664	0.04279	0.00730	0.04194
11	0.01439	0.01142	0.01534	0.01426	0.01687	0.01085	0.03980	0.05226	0.01862	0.02584	0.06350	0.39956	0.04255	0.06268	0.01294	0.00335	0.03492	0.01770	0.00715	0.13601
12	0.02949	0.02086	0.02307	0.01793	0.02470	0.02186	0.01462	0.35262	0.12668	0.11807	0.02391	0.02332	0.01717	0.01004	0.00837	0.00245	0.00838	0.00782	0.00839	0.14026
13	0.02667	0.01719	0.02071	0.02017	0.09197	0.04272	0.01416	0.06311	0.18792	0.23465	0.07031	0.06780	0.05001	0.01223	0.00893	0.00274	0.00758	0.01030	0.00862	0.04220
14	0.02004	0.01666	0.01914	0.01385	0.02150	0.01363	0.01115	0.09830	0.02106	0.03187	0.01621	0.01846	0.01317	0.00698	0.00675	0.00146	0.00687	0.00552	0.00563	0.65175
15	0.02061	0.02006	0.03691	0.06507	0.13538	0.01992	0.28804	0.07952	0.02085	0.02875	0.01847	0.05410	0.01555	0.01080	0.01227	0.05983	0.04253	0.00956	0.00492	0.05684
16	0.01626	0.00813	0.00813	0.00813	0.01016	0.00813	0.00610	0.02033	0.01829	0.03252	0.02846	0.03252	0.02236	0.01016	0.00610	0.00203	0.00407	0.00813	0.74187	0.00813
17	0.05952	0.02237	0.04227	0.08067	0.04134	0.02205	0.41629	0.11621	0.02307	0.03224	0.01762	0.02240	0.01315	0.00793	0.00952	0.00281	0.01293	0.00922	0.00511	0.04330
18	0.03258	0.04157	0.02472	0.02247	0.02697	0.65843	0.01685	0.03483	0.02472	0.02135	0.01348	0.01573	0.01124	0.00899	0.00787	0.00225	0.01573	0.00562	0.00449	0.01011
19	0.02151	0.02094	0.03664	0.05225	0.59351	0.02083	0.07130	0.02686	0.01992	0.02845	0.01650	0.02174	0.01377	0.00774	0.00876	0.00262	0.01070	0.00797	0.00432	0.01366
20	0.03308	0.06845	0.02217	0.01595	0.02221	0.01690	0.01320	0.10033	0.10815	0.40953	0.07218	0.03036	0.02489	0.01113	0.00864	0.00267	0.00750	0.00898	0.00969	0.01397
21	0.01031	0.00884	0.00884	0.00884	0.01178	0.00736	0.00663	0.01252	0.01988	0.02356	0.08837	0.08395	0.63549	0.02209	0.01031	0.00295	0.00442	0.01841	0.00810	0.00736
22	0.03914	0.01484	0.02024	0.01552	0.02227	0.01282	0.01282	0.04251	0.02497	0.64507	0.03441	0.02969	0.02159	0.01080	0.00877	0.00270	0.00742	0.00877	0.01080	0.01484
23	0.01257	0.00892	0.01187	0.01187	0.01268	0.00974	0.00822	0.01420	0.01338	0.01866	0.02533	0.04515	0.02653	0.36509	0.36567	0.01136	0.01625	0.01094	0.00497	0.00659
24	0.01031	0.00884	0.00884	0.00884	0.01178	0.00736	0.00663	0.01252	0.01988	0.02356	0.08837	0.08395	0.63549	0.02209	0.01031	0.00295	0.00442	0.01841	0.00810	0.00736
25	0.01348	0.00979	0.01330	0.01509	0.01712	0.00960	0.01296	0.01718	0.01988	0.02564	0.05076	0.12729	0.11277	0.02405	0.01182	0.00388	0.00749	0.49194	0.00804	0.00791
26	0.75506	0.01687	0.01282	0.01147	0.01687	0.01957	0.00945	0.02564	0.01484	0.03914	0.01215	0.01417	0.00945	0.00810	0.00540	0.00270	0.00675	0.00472	0.00540	0.00945
27	0.02481	0.01663	0.01767	0.01458	0.01912	0.01797	0.01168	0.32818	0.03009	0.04374	0.02553	0.05985	0.02022	0.01120	0.00773	0.00242	0.00701	0.00883	0.32117	0.01158
28	0.01825	0.01601	0.02019	0.01442	0.02224	0.01229	0.04797	0.02234	0.01825	0.02839	0.01564	0.01843	0.01294	0.00652	0.00670	0.00140	0.00698	0.00549	0.00512	0.70044
29	0.01626	0.00813	0.00813	0.00813	0.01016	0.00813	0.00610	0.02033	0.01829	0.03252	0.02846	0.03252	0.02236	0.01016	0.00610	0.00203	0.00407	0.00813	0.74187	0.00813
30	0.03316	0.02443	0.02618	0.02007	0.02705	0.02705	0.01658	0.60995	0.04101	0.05497	0.02094	0.02094	0.01483	0.01047	0.00873	0.00262	0.00960	0.00785	0.00873	0.01483
31	0.07164	0.49625	0.18741	0.01706	0.02568	0.03009	0.01869	0.02645	0.01769	0.02348	0.01297	0.01506	0.01104	0.00770	0.00623	0.00214	0.01000	0.00509	0.00383	0.01148
32	0.07220	0.55981	0.12881	0.01610	0.02419	0.03148	0.01700	0.02630	0.01763	0.02279	0.01263	0.01463	0.01105	0.00762	0.00596	0.00205	0.00966	0.00492	0.00384	0.01132
33	0.02867	0.20665	0.10548	0.01927	0.02708	0.02823	0.01800	0.38494	0.03211	0.04253	0.01796	0.01879	0.01341	0.00941	0.00784	0.00243	0.00992	0.00684	0.00679	0.01363
34	0.16756	0.22259	0.12246	0.01971	0.02761	0.02615	0.09215	0.16704	0.02323	0.03443	0.01547	0.01755	0.01197	0.00842	0.00730	0.00248	0.01009	0.00642	0.00534	0.01205
35	0.06909	0.07469	0.02743	0.01982	0.02651	0.02582	0.04851	0.44457	0.06329	0.04763	0.02159	0.02468	0.01654	0.01070	0.00857	0.00267	0.00950	0.03680	0.00790	0.01370
36	0.06827	0.14543	0.28425	0.02268	0.03227	0.02447	0.09519	0.16752	0.02379	0.03377	0.01636	0.01865	0.01216	0.00855	0.00801	0.00260	0.01134	0.00685	0.00510	0.01272

[dist]
# distance from previous block
# <min> <max>
4	30

[block]
# block no. 11 follows, 20 sequences, length 18
# corresponding to MSA columns:
# 560-577
name=unknown_L
#
# <colnr> <probs for GDERKNQSTAVLIFYWHMCP>
#	G	D	E	R	K	N	Q	S	T	A	V	L	I	F	Y	W	H	M	C	P
0	0.06821	0.65687	0.04369	0.01471	0.02205	0.03360	0.01459	0.02609	0.01755	0.02166	0.01213	0.01400	0.01109	0.00750	0.00558	0.00192	0.00917	0.00467	0.00383	0.01109
1	0.02332	0.69869	0.04571	0.01493	0.02239	0.03451	0.01493	0.02612	0.01772	0.02052	0.01213	0.01399	0.01119	0.00746	0.00560	0.00187	0.00933	0.00466	0.00373	0.01119
2	0.02332	0.69869	0.04571	0.01493	0.02239	0.03451	0.01493	0.02612	0.01772	0.02052	0.01213	0.01399	0.01119	0.00746	0.00560	0.00187	0.00933	0.00466	0.00373	0.01119
3	0.75506	0.01687	0.01282	0.01147	0.01687	0.01957	0.00945	0.02564	0.01484	0.03914	0.01215	0.01417	0.00945	0.00810	0.00540	0.00270	0.00675	0.00472	0.00540	0.00945
4	0.01268	0.00846	0.00951	0.00951	0.00951	0.00846	0.00529	0.01268	0.01268	0.01691	0.02748	0.05708	0.03171	0.69345	0.04440	0.00846	0.00846	0.01268	0.00529	0.00529
5	0.02518	0.56716	0.04151	0.01644	0.02330	0.15940	0.01531	0.02786	0.01912	0.02069	0.01240	0.01434	0.01120	0.00777	0.00605	0.00194	0.01061	0.00486	0.00388	0.01098
6	0.03316	0.02443	0.02618	0.02007	0.02705	0.02705	0.01658	0.60995	0.04101	0.05497	0.02094	0.02094	0.01483	0.01047	0.00873	0.00262	0.00960	0.00785	0.00873	0.01483
7	0.01825	0.13009	0.56991	0.02357	0.03576	0.02211	0.02998	0.02743	0.01833	0.02670	0.01520	0.01784	0.01107	0.00818	0.00794	0.00265	0.01243	0.00621	0.00369	0.01267
8	0.55033	0.01697	0.01467	0.01269	0.01790	0.01922	0.01036	0.11200	0.02005	0.04097	0.09437	0.02181	0.01973	0.00972	0.00653	0.00269	0.00683	0.00663	0.00644	0.01010
9	0.03068	0.02152	0.02364	0.01870	0.02482	0.02338	0.01519	0.48933	0.03664	0.09533	0.02549	0.10830	0.02092	0.01269	0.00904	0.00274	0.00884	0.01013	0.00880	0.01383
10	0.03188	0.11210	0.02872	0.01940	0.02644	0.02802	0.01636	0.53404	0.03798	0.05049	0.01980	0.02004	0.01436	0.01008	0.00832	0.00252	0.00956	0.00744	0.00808	0.01436
11	0.02422	0.36346	0.11527	0.01813	0.02546	0.02823	0.03897	0.13165	0.02213	0.05228	0.01599	0.01802	0.01288	0.00888	0.00833	0.00232	0.05352	0.00620	0.04207	0.01196
12	0.01287	0.01118	0.06511	0.01187	0.01347	0.00881	0.00904	0.01467	0.01549	0.02198	0.03434	0.30998	0.03843	0.22727	0.02185	0.05163	0.00681	0.01625	0.10198	0.00697
13	0.03153	0.08254	0.02743	0.01947	0.02635	0.02733	0.01625	0.52096	0.07860	0.05073	0.02117	0.02113	0.01532	0.01030	0.00846	0.00258	0.00939	0.00771	0.00830	0.01445
14	0.02402	0.50454	0.12509	0.01731	0.02522	0.08779	0.01758	0.06682	0.02003	0.02391	0.01333	0.01523	0.01143	0.00792	0.00638	0.00207	0.01041	0.00521	0.00413	0.01158
15	0.03066	0.12831	0.02865	0.01908	0.02596	0.02775	0.01609	0.47136	0.08722	0.04806	0.02082	0.02086	0.01528	0.01012	0.00825	0.00253	0.00933	0.00753	0.00797	0.01418
16	0.02182	0.13708	0.37242	0.02170	0.03181	0.02386	0.02469	0.14093	0.08583	0.03272	0.01821	0.01971	0.01342	0.00895	0.00803	0.00262	0.01110	0.00680	0.00520	0.01310
17	0.06020	0.47511	0.10287	0.01633	0.02386	0.02999	0.01635	0.10167	0.02064	0.02678	0.01536	0.04754	0.01379	0.00892	0.00654	0.00218	0.00940	0.00623	0.00467	0.01156

[dist]
# distance from previous block
# <min> <max>
1	17

[block]
# block no. 12 follows, 20 sequences, length 35
# corresponding to MSA columns:
# 595-629
name=unknown_M
#
# <colnr> <probs for GDERKNQSTAVLIFYWHMCP>
#	G	D	E	R	K	N	Q	S	T	A	V	L	I	F	Y	W	H	M	C	P
0	0.02628	0.08755	0.26890	0.02151	0.03082	0.02503	0.02251	0.33652	0.03035	0.04156	0.01817	0.01940	0.01307	0.00938	0.00830	0.00261	0.01085	0.00705	0.00636	0.01378
1	0.06134	0.15750	0.48143	0.02282	0.03416	0.02280	0.05112	0.02726	0.01818	0.02706	0.01491	0.01760	0.01107	0.00809	0.00773	0.00261	0.01198	0.00619	0.00382	0.01235
2	0.04660	0.07247	0.01847	0.01321	0.01826	0.01343	0.01055	0.02652	0.04869	0.18932	0.16490	0.06611	0.03489	0.06234	0.01096	0.00280	0.00654	0.01016	0.00785	0.17593
3	0.02420	0.54526	0.09419	0.01690	0.02438	0.12583	0.01669	0.02754	0.01882	0.02125	0.01263	0.01463	0.01119	0.00776	0.00616	0.00200	0.01058	0.00496	0.00384	0.01118
4	0.02843	0.01938	0.05366	0.06762	0.02622	0.01904	0.01546	0.28959	0.02944	0.18214	0.02693	0.11700	0.02201	0.01364	0.01029	0.03916	0.00868	0.01036	0.00825	0.01271
5	0.01906	0.22081	0.48628	0.02219	0.03362	0.02409	0.02758	0.02722	0.01823	0.02572	0.01471	0.01723	0.01109	0.00807	0.00756	0.00252	0.01193	0.00597	0.00370	0.01244
6	0.02666	0.01905	0.02079	0.01710	0.02269	0.04408	0.01383	0.24102	0.13867	0.12472	0.10125	0.03482	0.02839	0.01225	0.00896	0.00268	0.00800	0.05057	0.00862	0.07584
7	0.01872	0.11280	0.56005	0.02373	0.03571	0.04801	0.02980	0.02776	0.01860	0.02663	0.01520	0.01785	0.01107	0.00823	0.00799	0.00265	0.01264	0.00623	0.00372	0.01260
8	0.01708	0.01621	0.02691	0.57001	0.10071	0.02011	0.02398	0.02252	0.01728	0.02265	0.01523	0.02277	0.01178	0.00921	0.01042	0.00296	0.06855	0.00774	0.00390	0.00999
9	0.01063	0.00759	0.01012	0.01215	0.01265	0.00709	0.00810	0.01215	0.01670	0.02227	0.04808	0.68775	0.05769	0.02733	0.01113	0.00354	0.00506	0.02480	0.00810	0.00709
10	0.01515	0.00758	0.01136	0.01136	0.01136	0.00758	0.00758	0.01136	0.01136	0.01515	0.01515	0.02652	0.01515	0.03030	0.03409	0.74621	0.00758	0.00758	0.00379	0.00379
11	0.09203	0.02960	0.02290	0.01979	0.02511	0.28915	0.01543	0.18607	0.16974	0.03518	0.02052	0.02093	0.01566	0.00997	0.00812	0.00255	0.01128	0.00713	0.00671	0.01216
12	0.03206	0.02389	0.02556	0.01985	0.02663	0.02654	0.01631	0.55615	0.09659	0.05321	0.02233	0.02205	0.01596	0.01060	0.00874	0.00265	0.00934	0.00805	0.00874	0.01474
13	0.01107	0.00783	0.01023	0.01198	0.01249	0.00741	0.00801	0.01251	0.01633	0.02174	0.04522	0.57424	0.05384	0.11668	0.01565	0.00423	0.00566	0.05028	0.00772	0.00689
14	0.01755	0.00938	0.00951	0.00904	0.01145	0.00958	0.00690	0.06543	0.02003	0.03424	0.02788	0.03163	0.02178	0.01019	0.00630	0.00208	0.00449	0.00811	0.68579	0.00864
15	0.01990	0.02176	0.04369	0.07931	0.04152	0.02202	0.43507	0.02606	0.01904	0.02643	0.01636	0.02247	0.01281	0.00868	0.01293	0.00299	0.12146	0.00938	0.00432	0.05380
16	0.05886	0.02858	0.02372	0.01968	0.02545	0.24472	0.01559	0.30350	0.05527	0.07456	0.02266	0.02291	0.04452	0.01051	0.00839	0.00253	0.01114	0.00760	0.00722	0.01258
17	0.07643	0.01381	0.02089	0.21352	0.08465	0.01467	0.04833	0.02211	0.01956	0.08038	0.11039	0.10609	0.07758	0.01410	0.00939	0.00299	0.00842	0.06035	0.00652	0.00981
18	0.02332	0.69869	0.04571	0.01493	0.02239	0.03451	0.01493	0.02612	0.01772	0.02052	0.01213	0.01399	0.01119	0.00746	0.00560	0.00187	0.00933	0.00466	0.00373	0.01119
19	0.01797	0.01550	0.01870	0.06284	0.02365	0.01221	0.01139	0.02199	0.01804	0.02796	0.01550	0.01848	0.01282	0.00663	0.00663	0.00141	0.00685	0.00536	0.00507	0.69098
20	0.01246	0.00935	0.01402	0.01402	0.01558	0.01090	0.01090	0.01558	0.01402	0.02025	0.02336	0.03427	0.02181	0.06542	0.65888	0.01402	0.02336	0.00935	0.00467	0.00779
21	0.03191	0.08930	0.02624	0.02192	0.02663	0.61311	0.01671	0.03420	0.02421	0.02129	0.01338	0.01560	0.01123	0.00888	0.00770	0.00222	0.01527	0.00555	0.00444	0.01019
22	0.01714	0.01450	0.01708	0.01282	0.01965	0.01105	0.01005	0.02072	0.01791	0.02764	0.01964	0.10306	0.01860	0.00911	0.00705	0.00158	0.00628	0.00766	0.00554	0.65292
23	0.01774	0.01663	0.03039	0.32017	0.04442	0.01801	0.19455	0.04497	0.01881	0.02517	0.01971	0.08083	0.01694	0.01167	0.01120	0.05918	0.01125	0.00998	0.03861	0.00977
24	0.03263	0.04026	0.02483	0.02229	0.02697	0.61013	0.01683	0.07883	0.02597	0.02392	0.01405	0.01613	0.01151	0.00910	0.00793	0.00228	0.01526	0.00579	0.00482	0.01047
25	0.01268	0.00846	0.00951	0.00951	0.00951	0.00846	0.00529	0.01268	0.01268	0.01691	0.02748	0.05708	0.03171	0.69345	0.04440	0.00846	0.00846	0.01268	0.00529	0.00529
26	0.02077	0.01797	0.02071	0.05373	0.06897	0.02051	0.01530	0.04128	0.49678	0.03429	0.03401	0.03691	0.02695	0.01243	0.00912	0.00302	0.00749	0.05845	0.00822	0.01310
27	0.03914	0.01484	0.02024	0.01552	0.02227	0.01282	0.01282	0.04251	0.02497	0.64507	0.03441	0.02969	0.02159	0.01080	0.00877	0.00270	0.00742	0.00877	0.01080	0.01484
28	0.02191	0.01768	0.02553	0.07595	0.02865	0.01751	0.11673	0.11990	0.05021	0.07656	0.02195	0.07367	0.01825	0.01032	0.00959	0.00247	0.04755	0.00899	0.04218	0.21440
29	0.01053	0.00797	0.00973	0.01113	0.01238	0.00717	0.00765	0.01226	0.01768	0.02267	0.06044	0.50251	0.23495	0.02572	0.01088	0.00336	0.00486	0.02284	0.00810	0.00717
30	0.02105	0.02118	0.03491	0.08138	0.08025	0.04576	0.22244	0.07104	0.01950	0.02730	0.01590	0.02179	0.01302	0.01060	0.01582	0.00312	0.23686	0.00854	0.03851	0.01102
31	0.02233	0.01905	0.02008	0.01788	0.02292	0.02199	0.01396	0.07728	0.59132	0.03750	0.03470	0.03191	0.02598	0.01176	0.00887	0.00294	0.00705	0.00975	0.00887	0.01386
32	0.29745	0.01655	0.01774	0.09512	0.02449	0.01827	0.01293	0.07838	0.11085	0.16004	0.02246	0.02306	0.01612	0.00962	0.00733	0.00271	0.00754	0.00719	0.06058	0.01156
33	0.02579	0.01806	0.02328	0.21814	0.03494	0.01924	0.01703	0.18610	0.07714	0.14677	0.02213	0.02379	0.01579	0.00948	0.00839	0.00254	0.00910	0.00774	0.00707	0.12746
34	0.06103	0.10771	0.02469	0.13950	0.10111	0.02065	0.01625	0.11079	0.11984	0.03153	0.02412	0.10698	0.02125	0.01162	0.00824	0.00270	0.00843	0.00971	0.06249	0.01134

[dist]
# distance from previous block
# <min> <max>
26	57

[block]
# block no. 13 follows, 20 sequences, length 18
# corresponding to MSA columns:
# 692-709
name=unknown_N
#
# <colnr> <probs for GDERKNQSTAVLIFYWHMCP>
#	G	D	E	R	K	N	Q	S	T	A	V	L	I	F	Y	W	H	M	C	P
0	0.05900	0.10443	0.19675	0.02009	0.02865	0.02464	0.02007	0.31828	0.02993	0.08761	0.01916	0.01985	0.01368	0.00946	0.00812	0.00258	0.01018	0.00705	0.00681	0.01367
1	0.09894	0.01601	0.01857	0.01498	0.02077	0.01591	0.01218	0.13270	0.08644	0.32578	0.03451	0.03208	0.07437	0.01155	0.00839	0.00268	0.00715	0.00916	0.06477	0.01306
2	0.12185	0.02058	0.05314	0.01663	0.02241	0.02108	0.01411	0.36046	0.03082	0.04528	0.02281	0.07225	0.01842	0.01127	0.00802	0.00261	0.00814	0.00870	0.12909	0.01234
3	0.02423	0.10350	0.34185	0.02219	0.03198	0.08101	0.02433	0.20645	0.02583	0.03473	0.01673	0.01851	0.01224	0.00894	0.00812	0.00258	0.01178	0.00663	0.00531	0.01307
4	0.01989	0.01133	0.01483	0.01358	0.01699	0.01074	0.01090	0.02541	0.07054	0.18101	0.32916	0.06044	0.05708	0.01687	0.01015	0.00299	0.00589	0.12244	0.00953	0.01023
5	0.02193	0.60736	0.07021	0.01513	0.02223	0.03143	0.01511	0.02495	0.01766	0.02100	0.01548	0.07399	0.01531	0.00926	0.00621	0.00206	0.00911	0.00653	0.00412	0.01091
6	0.01838	0.10093	0.53980	0.02655	0.09034	0.02156	0.03020	0.02741	0.01848	0.02707	0.01541	0.01831	0.01131	0.00817	0.00808	0.00267	0.01235	0.00641	0.00374	0.01282
7	0.03531	0.01619	0.05922	0.01547	0.02222	0.01282	0.01346	0.03908	0.02401	0.54825	0.03583	0.03195	0.05342	0.01121	0.00872	0.00269	0.00748	0.00911	0.03952	0.01406
8	0.01802	0.10376	0.59419	0.02397	0.03637	0.02154	0.03068	0.02749	0.01835	0.02699	0.01534	0.01802	0.01106	0.00821	0.00805	0.00268	0.01257	0.00629	0.00369	0.01274
9	0.03303	0.02824	0.02585	0.02060	0.02703	0.16728	0.01664	0.48221	0.03739	0.04751	0.01929	0.01978	0.01404	0.01014	0.00853	0.00254	0.01096	0.00736	0.00779	0.01379
10	0.01156	0.00889	0.01210	0.05465	0.01623	0.00906	0.00968	0.01355	0.01715	0.02294	0.07736	0.54167	0.08445	0.02467	0.01189	0.00344	0.04366	0.02191	0.00766	0.00747
11	0.01698	0.01641	0.02844	0.58120	0.05680	0.02001	0.07570	0.02272	0.01750	0.02272	0.01548	0.02306	0.01176	0.00895	0.00993	0.00296	0.04764	0.00797	0.00392	0.00987
12	0.01063	0.00759	0.01012	0.01215	0.01265	0.00709	0.00810	0.01215	0.01670	0.02227	0.04808	0.68775	0.05769	0.02733	0.01113	0.00354	0.00506	0.02480	0.00810	0.00709
13	0.01405	0.00758	0.01106	0.01155	0.01168	0.00746	0.00770	0.01155	0.01266	0.01688	0.02317	0.18752	0.02551	0.02958	0.02850	0.56538	0.00696	0.01177	0.00484	0.00459
14	0.03063	0.05679	0.02577	0.06868	0.02900	0.35145	0.01706	0.21766	0.06319	0.03297	0.01721	0.01884	0.01329	0.00955	0.00818	0.00244	0.01274	0.00669	0.00602	0.01184
15	0.03316	0.02443	0.02618	0.02007	0.02705	0.02705	0.01658	0.60995	0.04101	0.05497	0.02094	0.02094	0.01483	0.01047	0.00873	0.00262	0.00960	0.00785	0.00873	0.01483
16	0.01258	0.00841	0.00955	0.00965	0.00968	0.00838	0.00544	0.01266	0.01290	0.01720	0.02858	0.09073	0.03310	0.65791	0.04262	0.00819	0.00828	0.01333	0.00544	0.00538
17	0.03256	0.02358	0.02543	0.01969	0.02651	0.02601	0.01620	0.54208	0.08431	0.07985	0.02264	0.02221	0.01603	0.01059	0.00874	0.00265	0.00930	0.00805	0.00883	0.01476

[dist]
# distance from previous block
# <min> <max>
0	1

[block]
# block no. 14 follows, 20 sequences, length 22
# corresponding to MSA columns:
# 711-732
