[name]
unknown

[dist]
# distance from previous block
# <min> <max>
2	9

[block]
# block no. 0 follows, 25 sequences, length 15
# corresponding to MSA columns:
# 9-23
name=unknown_A
#
# <colnr> <probs for GDERKNQSTAVLIFYWHMCP>
#	G	D	E	R	K	N	Q	S	T	A	V	L	I	F	Y	W	H	M	C	P
0	0.11790	0.02015	0.02337	0.01788	0.02405	0.02182	0.06875	0.47322	0.03095	0.09800	0.01843	0.01875	0.01300	0.00884	0.00753	0.00237	0.00846	0.00691	0.00723	0.01238
1	0.05213	0.01097	0.01409	0.01182	0.01568	0.01013	0.00932	0.02646	0.05284	0.32241	0.30517	0.04038	0.04241	0.03947	0.00946	0.00262	0.00533	0.01050	0.00869	0.01013
2	0.73302	0.01543	0.01217	0.01070	0.01559	0.01783	0.00881	0.06404	0.01472	0.03571	0.01131	0.01299	0.00871	0.00734	0.00499	0.00239	0.00616	0.00438	0.00499	0.00871
3	0.01919	0.01842	0.03147	0.04759	0.67914	0.01842	0.02380	0.02380	0.01765	0.02533	0.01458	0.01919	0.01228	0.00691	0.00768	0.00230	0.00921	0.00691	0.00384	0.01228
4	0.01347	0.00673	0.01010	0.01010	0.01010	0.00673	0.00673	0.01010	0.01010	0.01347	0.01347	0.02357	0.01347	0.02694	0.03030	0.77441	0.00673	0.00673	0.00337	0.00337
5	0.01555	0.04011	0.68733	0.02210	0.03356	0.01801	0.02865	0.02455	0.01637	0.02455	0.01391	0.01637	0.00982	0.00737	0.00737	0.00246	0.01146	0.00573	0.00327	0.01146
6	0.01089	0.00786	0.01029	0.00981	0.01156	0.00726	0.00731	0.01441	0.02154	0.03044	0.63852	0.09631	0.07190	0.01634	0.00919	0.00248	0.00371	0.01449	0.00846	0.00726
7	0.01097	0.00793	0.01036	0.00975	0.01158	0.00732	0.00732	0.01463	0.02195	0.03109	0.67505	0.05792	0.07316	0.01585	0.00914	0.00244	0.00366	0.01402	0.00854	0.00732
8	0.01843	0.01764	0.03009	0.15873	0.57397	0.01822	0.02342	0.02313	0.01729	0.02440	0.01445	0.01944	0.01195	0.00705	0.00769	0.00235	0.00940	0.00691	0.00377	0.01167
9	0.01885	0.01808	0.03086	0.09647	0.63289	0.01833	0.02363	0.02350	0.01750	0.02492	0.01453	0.01930	0.01214	0.00697	0.00768	0.00232	0.00929	0.00691	0.00381	0.01201
10	0.62007	0.01728	0.01388	0.01196	0.01694	0.05581	0.00978	0.12438	0.01741	0.03618	0.01212	0.01364	0.00925	0.00758	0.00539	0.00237	0.00684	0.00469	0.00523	0.00920
11	0.01882	0.01804	0.03080	0.10188	0.62777	0.01832	0.02361	0.02347	0.01748	0.02488	0.01452	0.01931	0.01212	0.00698	0.00768	0.00233	0.00930	0.00691	0.00381	0.01198
12	0.01919	0.01842	0.03147	0.04759	0.67914	0.01842	0.02380	0.02380	0.01765	0.02533	0.01458	0.01919	0.01228	0.00691	0.00768	0.00230	0.00921	0.00691	0.00384	0.01228
13	0.02332	0.02108	0.02213	0.05529	0.02465	0.14850	0.05736	0.19138	0.04422	0.06460	0.01612	0.01795	0.01234	0.00808	0.00812	0.00204	0.04781	0.00617	0.00551	0.22333
14	0.12960	0.02743	0.01992	0.01739	0.02187	0.36218	0.01346	0.18535	0.05794	0.02937	0.01621	0.05462	0.01356	0.00924	0.00709	0.00223	0.01060	0.00652	0.00543	0.00999

[dist]
# distance from previous block
# <min> <max>
4	16

[block]
# block no. 1 follows, 25 sequences, length 14
# corresponding to MSA columns:
# 40-53
name=unknown_B
#
# <colnr> <probs for GDERKNQSTAVLIFYWHMCP>
#	G	D	E	R	K	N	Q	S	T	A	V	L	I	F	Y	W	H	M	C	P
0	0.16830	0.07591	0.11738	0.02121	0.14580	0.04661	0.01608	0.07645	0.05214	0.09838	0.01697	0.01926	0.01310	0.01344	0.08366	0.00344	0.00983	0.00627	0.00509	0.01066
1	0.25938	0.07687	0.02378	0.02636	0.26791	0.07678	0.01597	0.09468	0.01873	0.05252	0.01388	0.01633	0.01103	0.00743	0.00652	0.00226	0.00837	0.00572	0.00474	0.01074
2	0.21749	0.01979	0.02242	0.02497	0.22010	0.06368	0.01579	0.23782	0.04882	0.03558	0.01549	0.01737	0.01190	0.00801	0.00694	0.00233	0.00835	0.00619	0.00558	0.01139
3	0.41358	0.01509	0.01555	0.01477	0.07034	0.01627	0.01085	0.10812	0.01908	0.14066	0.08937	0.02121	0.01831	0.00881	0.00639	0.00239	0.00643	0.00646	0.00631	0.01000
4	0.51032	0.01647	0.01460	0.01227	0.01743	0.04894	0.01005	0.10079	0.01814	0.16381	0.01568	0.01609	0.01117	0.00796	0.00584	0.00237	0.00679	0.00527	0.00606	0.00994
5	0.01464	0.01378	0.02326	0.70887	0.05340	0.01723	0.02153	0.01981	0.01550	0.01981	0.01378	0.02067	0.01034	0.00775	0.00775	0.00258	0.01034	0.00689	0.00345	0.00861
6	0.01919	0.01842	0.03147	0.04759	0.67914	0.01842	0.02380	0.02380	0.01765	0.02533	0.01458	0.01919	0.01228	0.00691	0.00768	0.00230	0.00921	0.00691	0.00384	0.01228
7	0.03479	0.01320	0.01799	0.01380	0.01979	0.01140	0.01140	0.03779	0.02219	0.68451	0.03059	0.02639	0.01919	0.00960	0.00780	0.00240	0.00660	0.00780	0.00960	0.01320
8	0.01019	0.00753	0.00979	0.01087	0.01204	0.00675	0.00742	0.01177	0.01498	0.02040	0.03951	0.64373	0.04685	0.02222	0.00943	0.00293	0.00464	0.02010	0.00691	0.09196
9	0.37313	0.01688	0.01656	0.06750	0.02107	0.01904	0.01163	0.26166	0.02259	0.03786	0.01949	0.02054	0.06440	0.00905	0.00651	0.00240	0.00713	0.00645	0.00601	0.01009
10	0.01555	0.04011	0.68733	0.02210	0.03356	0.01801	0.02865	0.02455	0.01637	0.02455	0.01391	0.01637	0.00982	0.00737	0.00737	0.00246	0.01146	0.00573	0.00327	0.01146
11	0.03018	0.02059	0.02257	0.01730	0.02348	0.02237	0.01429	0.57155	0.03456	0.13328	0.02021	0.01965	0.01398	0.00935	0.00776	0.00234	0.00828	0.00709	0.00800	0.01319
12	0.02905	0.03440	0.02219	0.01962	0.02398	0.58366	0.01494	0.13530	0.02440	0.02399	0.01310	0.01476	0.01052	0.00821	0.00712	0.00205	0.01307	0.00533	0.00463	0.00969
13	0.01909	0.01777	0.02664	0.02113	0.02614	0.05509	0.23195	0.14503	0.10752	0.02954	0.05220	0.12838	0.02468	0.01193	0.00884	0.00268	0.00918	0.06595	0.00614	0.01012

[dist]
# distance from previous block
# <min> <max>
1	7

[block]
# block no. 2 follows, 25 sequences, length 18
# corresponding to MSA columns:
# 61-78
name=unknown_C
#
# <colnr> <probs for GDERKNQSTAVLIFYWHMCP>
#	G	D	E	R	K	N	Q	S	T	A	V	L	I	F	Y	W	H	M	C	P
0	0.01890	0.01478	0.01964	0.01584	0.05080	0.01289	0.06630	0.07891	0.04715	0.08773	0.05241	0.05186	0.01790	0.00809	0.00695	0.00177	0.00672	0.00705	0.00570	0.42862
1	0.01861	0.01625	0.01705	0.01266	0.01922	0.07253	0.01008	0.05419	0.01789	0.04994	0.01448	0.01640	0.01172	0.00627	0.00603	0.00133	0.00666	0.00487	0.00489	0.63894
2	0.01173	0.00915	0.01134	0.01121	0.01280	0.00931	0.00831	0.05335	0.01840	0.02473	0.21119	0.30487	0.18197	0.01920	0.01080	0.00282	0.06790	0.01643	0.00724	0.00725
3	0.01710	0.01575	0.02611	0.03798	0.50948	0.01560	0.01961	0.02147	0.01875	0.02680	0.18244	0.02903	0.02775	0.00918	0.00805	0.00234	0.00780	0.00872	0.00503	0.01102
4	0.01318	0.00971	0.01300	0.01443	0.01648	0.00997	0.01247	0.01861	0.08330	0.02414	0.04009	0.08154	0.04250	0.02032	0.01042	0.00347	0.00704	0.56444	0.00722	0.00766
5	0.03013	0.02067	0.02262	0.01734	0.02352	0.02249	0.01433	0.57757	0.03470	0.12707	0.02009	0.01957	0.01393	0.00934	0.00776	0.00234	0.00829	0.00708	0.00798	0.01319
6	0.05956	0.11337	0.57924	0.02047	0.03103	0.01934	0.02584	0.02431	0.01612	0.02445	0.01340	0.01573	0.00976	0.00728	0.00696	0.00237	0.01081	0.00547	0.00336	0.01112
7	0.02002	0.01702	0.01795	0.01593	0.02044	0.01963	0.01245	0.08530	0.61983	0.03362	0.03063	0.02819	0.02291	0.01043	0.00788	0.00261	0.00631	0.00864	0.00788	0.01234
8	0.00946	0.00725	0.00868	0.00963	0.01099	0.00647	0.00673	0.01122	0.01644	0.02110	0.10507	0.43226	0.28301	0.02192	0.00957	0.00290	0.00422	0.01933	0.00730	0.00647
9	0.01119	0.00786	0.01017	0.01017	0.01077	0.00845	0.00684	0.01238	0.01178	0.01631	0.02286	0.04204	0.02441	0.44042	0.32139	0.00964	0.01320	0.01000	0.00446	0.00565
10	0.05935	0.31535	0.39206	0.01792	0.02709	0.02304	0.02140	0.02392	0.01595	0.02259	0.01249	0.01459	0.00980	0.00706	0.00627	0.00213	0.00990	0.00501	0.00337	0.01069
11	0.41880	0.01860	0.01594	0.01346	0.01856	0.09942	0.01089	0.13395	0.05196	0.12815	0.01613	0.01657	0.01171	0.00816	0.00615	0.00235	0.00748	0.00551	0.00604	0.01016
12	0.01108	0.00747	0.00864	0.00877	0.00894	0.00739	0.00512	0.01147	0.01238	0.01663	0.07302	0.11387	0.03358	0.61068	0.03452	0.00674	0.00696	0.01248	0.00521	0.00504
13	0.01602	0.10268	0.62886	0.02130	0.03232	0.01915	0.02726	0.02443	0.01631	0.02398	0.01363	0.01601	0.00983	0.00730	0.00715	0.00238	0.01117	0.00559	0.00328	0.01132
14	0.01896	0.01819	0.03105	0.08135	0.64720	0.01836	0.02368	0.02359	0.01755	0.02505	0.01454	0.01927	0.01218	0.00695	0.00768	0.00232	0.00927	0.00691	0.00382	0.01209
15	0.01256	0.00955	0.01188	0.01258	0.01464	0.00966	0.01018	0.01823	0.11316	0.02428	0.10519	0.13292	0.12732	0.05605	0.01136	0.00336	0.00600	0.30618	0.00727	0.00763
16	0.60061	0.01483	0.01293	0.01111	0.01600	0.01654	0.00912	0.06428	0.01626	0.11743	0.04792	0.01705	0.01339	0.00808	0.00559	0.00240	0.00611	0.00533	0.00578	0.00925
17	0.01919	0.01834	0.03082	0.04609	0.64811	0.01846	0.02325	0.02462	0.04814	0.02567	0.01538	0.01965	0.01282	0.00708	0.00769	0.00232	0.00907	0.00700	0.00403	0.01228

[dist]
# distance from previous block
# <min> <max>
0	1

[block]
# block no. 3 follows, 25 sequences, length 9
# corresponding to MSA columns:
# 80-88
name=unknown_D
#
# <colnr> <probs for GDERKNQSTAVLIFYWHMCP>
#	G	D	E	R	K	N	Q	S	T	A	V	L	I	F	Y	W	H	M	C	P
0	0.01912	0.01863	0.03267	0.04634	0.62547	0.01852	0.07651	0.02388	0.01771	0.02529	0.01468	0.01934	0.01224	0.00688	0.00780	0.00233	0.00954	0.00710	0.00385	0.01213
1	0.01749	0.01895	0.03840	0.03109	0.10930	0.01880	0.45016	0.02280	0.01719	0.02375	0.01725	0.08067	0.01504	0.00892	0.01092	0.00271	0.09261	0.00973	0.00413	0.01008
2	0.02732	0.03421	0.02222	0.02003	0.02347	0.60404	0.01525	0.02927	0.02059	0.01893	0.01174	0.01439	0.01001	0.00876	0.00952	0.00219	0.10999	0.00524	0.00391	0.00892
3	0.01919	0.01842	0.03147	0.04759	0.67914	0.01842	0.02380	0.02380	0.01765	0.02533	0.01458	0.01919	0.01228	0.00691	0.00768	0.00230	0.00921	0.00691	0.00384	0.01228
4	0.01555	0.04011	0.68733	0.02210	0.03356	0.01801	0.02865	0.02455	0.01637	0.02455	0.01391	0.01637	0.00982	0.00737	0.00737	0.00246	0.01146	0.00573	0.00327	0.01146
5	0.01830	0.02092	0.04575	0.03268	0.04052	0.01961	0.65098	0.02484	0.01830	0.02484	0.01569	0.02092	0.01176	0.00654	0.00915	0.00261	0.01307	0.00915	0.00392	0.01046
6	0.01097	0.00793	0.01036	0.00975	0.01158	0.00732	0.00732	0.01463	0.02195	0.03109	0.67505	0.05792	0.07316	0.01585	0.00914	0.00244	0.00366	0.01402	0.00854	0.00732
7	0.01620	0.01422	0.01713	0.01270	0.01865	0.01218	0.01025	0.01940	0.01550	0.02436	0.01329	0.01620	0.01131	0.00682	0.00845	0.00146	0.10288	0.00489	0.00443	0.66969
8	0.01608	0.01378	0.01608	0.01148	0.01837	0.01034	0.00919	0.01952	0.01608	0.02527	0.01378	0.01608	0.01148	0.00574	0.00574	0.00115	0.00574	0.00459	0.00459	0.77491

[dist]
# distance from previous block
# <min> <max>
1	4

[block]
# block no. 4 follows, 25 sequences, length 17
# corresponding to MSA columns:
# 93-109
name=unknown_E
#
# <colnr> <probs for GDERKNQSTAVLIFYWHMCP>
#	G	D	E	R	K	N	Q	S	T	A	V	L	I	F	Y	W	H	M	C	P
0	0.01645	0.13230	0.51337	0.02068	0.03094	0.01927	0.05936	0.02401	0.01637	0.02375	0.01357	0.01606	0.01007	0.00710	0.00702	0.00226	0.01069	0.00562	0.00341	0.06768
1	0.01725	0.01680	0.06774	0.01431	0.02102	0.01339	0.04479	0.06144	0.11012	0.02783	0.03876	0.01973	0.01527	0.00714	0.00658	0.00165	0.00670	0.00597	0.00525	0.49824
2	0.01933	0.02162	0.07010	0.02992	0.03731	0.02025	0.51946	0.09331	0.01985	0.02712	0.01563	0.02025	0.01175	0.00726	0.00981	0.00262	0.05080	0.00863	0.00428	0.01069
3	0.02363	0.02515	0.03191	0.02638	0.08117	0.21085	0.26132	0.15145	0.05958	0.02840	0.01604	0.01883	0.01226	0.00775	0.00808	0.00236	0.01174	0.00736	0.00492	0.01083
4	0.01912	0.01861	0.03253	0.04649	0.63189	0.01851	0.07020	0.02387	0.01770	0.02529	0.01467	0.01932	0.01224	0.00688	0.00779	0.00233	0.00950	0.00707	0.00384	0.01215
5	0.01919	0.01842	0.03147	0.04759	0.67914	0.01842	0.02380	0.02380	0.01765	0.02533	0.01458	0.01919	0.01228	0.00691	0.00768	0.00230	0.00921	0.00691	0.00384	0.01228
6	0.01977	0.01588	0.01980	0.01471	0.02112	0.01424	0.05970	0.17635	0.02140	0.05116	0.01722	0.05602	0.01434	0.00782	0.00679	0.00170	0.00695	0.00659	0.00562	0.46282
7	0.06544	0.02191	0.02102	0.01831	0.05697	0.13924	0.01390	0.38784	0.02946	0.03881	0.09067	0.04183	0.02009	0.00999	0.00768	0.00231	0.00874	0.00769	0.00680	0.01130
8	0.02889	0.01846	0.05588	0.01594	0.02219	0.01761	0.01363	0.28277	0.09682	0.28668	0.02405	0.02243	0.01633	0.00924	0.00765	0.00233	0.00753	0.00728	0.00805	0.05624
9	0.27265	0.02104	0.01742	0.01489	0.01968	0.16843	0.01183	0.16860	0.09430	0.07271	0.05425	0.01949	0.01587	0.00886	0.00672	0.00232	0.00825	0.00629	0.00613	0.01026
10	0.01919	0.01842	0.03147	0.04759	0.67914	0.01842	0.02380	0.02380	0.01765	0.02533	0.01458	0.01919	0.01228	0.00691	0.00768	0.00230	0.00921	0.00691	0.00384	0.01228
11	0.02016	0.01901	0.03168	0.02310	0.03012	0.05183	0.32795	0.05982	0.04139	0.07759	0.01682	0.01975	0.01266	0.00691	0.00784	0.00213	0.01004	0.00740	0.00491	0.22890
12	0.02472	0.02012	0.02165	0.01963	0.09398	0.08041	0.01422	0.29387	0.11704	0.07111	0.01916	0.01967	0.01429	0.00846	0.00733	0.00213	0.00815	0.00665	0.00653	0.15087
13	0.01875	0.01779	0.02939	0.08162	0.57112	0.01791	0.02222	0.02416	0.04918	0.02536	0.01532	0.01956	0.01268	0.00706	0.00757	0.00227	0.00891	0.00686	0.00406	0.05821
14	0.01920	0.01829	0.03039	0.04512	0.62784	0.01849	0.02290	0.02515	0.06806	0.02588	0.01591	0.01995	0.01317	0.00719	0.00769	0.00233	0.00897	0.00705	0.00415	0.01228
15	0.02576	0.01787	0.01994	0.01568	0.02128	0.01865	0.01270	0.40187	0.05723	0.11647	0.02244	0.09290	0.01808	0.01047	0.00772	0.00227	0.00740	0.00840	0.00749	0.11536
16	0.02035	0.01749	0.02165	0.01703	0.02217	0.07716	0.08993	0.10615	0.01963	0.07943	0.01853	0.05974	0.01610	0.00963	0.00951	0.00217	0.09030	0.04250	0.00542	0.27511

[dist]
# distance from previous block
# <min> <max>
1	3

[block]
# block no. 5 follows, 25 sequences, length 67
# corresponding to MSA columns:
# 113-179
name=unknown_F
#
# <colnr> <probs for GDERKNQSTAVLIFYWHMCP>
#	G	D	E	R	K	N	Q	S	T	A	V	L	I	F	Y	W	H	M	C	P
0	0.07060	0.05675	0.02189	0.01702	0.02233	0.21745	0.01370	0.32555	0.02786	0.09681	0.01729	0.01780	0.01268	0.00870	0.00715	0.00219	0.00958	0.00621	0.03712	0.01131
1	0.09770	0.01697	0.01824	0.01522	0.02025	0.01869	0.01221	0.20957	0.30050	0.12958	0.05960	0.02561	0.02121	0.01001	0.00761	0.00248	0.00673	0.00796	0.00783	0.01202
2	0.04504	0.01588	0.02155	0.01665	0.02202	0.04116	0.13083	0.09950	0.07305	0.07782	0.16913	0.02849	0.02729	0.00945	0.00775	0.00215	0.00741	0.00848	0.00637	0.19000
3	0.02053	0.01754	0.02347	0.02801	0.27756	0.01849	0.01675	0.09713	0.27471	0.05038	0.02211	0.02293	0.01701	0.00857	0.00762	0.00234	0.00757	0.00749	0.00608	0.07370
4	0.01687	0.01573	0.04537	0.05054	0.02193	0.01365	0.03533	0.05632	0.06212	0.02648	0.04443	0.01947	0.01494	0.00754	0.00801	0.00173	0.06251	0.00594	0.00494	0.48616
5	0.09620	0.05509	0.05287	0.01449	0.01955	0.07327	0.01218	0.03264	0.22894	0.21011	0.07511	0.02786	0.04824	0.01012	0.00746	0.00242	0.00703	0.00803	0.00727	0.01112
6	0.02068	0.01661	0.02235	0.10236	0.08375	0.01928	0.04177	0.06909	0.24781	0.10651	0.02179	0.02325	0.01651	0.01017	0.01164	0.00271	0.15877	0.00774	0.00607	0.01112
7	0.01354	0.01151	0.01604	0.01472	0.01537	0.01473	0.01160	0.01551	0.01221	0.01826	0.01738	0.02817	0.01714	0.13871	0.30905	0.00776	0.28742	0.00811	0.03556	0.00721
8	0.01807	0.01728	0.02945	0.21029	0.52519	0.01813	0.02324	0.02282	0.01713	0.02397	0.01439	0.01955	0.01180	0.00712	0.00769	0.00237	0.00949	0.00690	0.00374	0.01138
9	0.02300	0.02123	0.01945	0.01692	0.02160	0.13962	0.01324	0.15997	0.42788	0.03330	0.02556	0.02426	0.01919	0.00983	0.00770	0.00246	0.00799	0.00775	0.00718	0.01187
10	0.00945	0.00675	0.00900	0.01080	0.01125	0.00630	0.00720	0.01080	0.01484	0.01979	0.04274	0.72245	0.05128	0.02429	0.00990	0.00315	0.00450	0.02204	0.00720	0.00630
11	0.01675	0.03737	0.60784	0.02240	0.03332	0.01777	0.07081	0.02527	0.01681	0.05918	0.01491	0.01721	0.01045	0.00743	0.00751	0.00246	0.01132	0.00607	0.00365	0.01148
12	0.01653	0.15561	0.55336	0.02103	0.03154	0.02020	0.05063	0.02434	0.01634	0.02351	0.01346	0.01589	0.00992	0.00721	0.00704	0.00233	0.01099	0.00560	0.00331	0.01117
13	0.03479	0.01320	0.01799	0.01380	0.01979	0.01140	0.01140	0.03779	0.02219	0.68451	0.03059	0.02639	0.01919	0.00960	0.00780	0.00240	0.00660	0.00780	0.00960	0.01320
14	0.01094	0.00763	0.00906	0.00921	0.00992	0.00736	0.00598	0.01215	0.01461	0.01959	0.16012	0.11916	0.09354	0.42338	0.02661	0.00548	0.00615	0.04742	0.00603	0.00565
15	0.01922	0.01880	0.03044	0.09903	0.60314	0.04552	0.02326	0.02377	0.01766	0.02464	0.01442	0.01910	0.01204	0.00702	0.00765	0.00231	0.00949	0.00683	0.00381	0.01186
16	0.06846	0.01431	0.01802	0.01397	0.01986	0.03212	0.01150	0.06116	0.02234	0.61049	0.02867	0.02509	0.01820	0.00943	0.00764	0.00238	0.00686	0.00752	0.00914	0.01285
17	0.00964	0.00683	0.00894	0.01054	0.01094	0.00643	0.00693	0.01085	0.01446	0.01928	0.04076	0.64986	0.04879	0.10028	0.01309	0.00362	0.00482	0.02088	0.00693	0.00612
18	0.02139	0.67644	0.03913	0.01380	0.02023	0.08405	0.01340	0.02384	0.01625	0.01830	0.01088	0.01256	0.00995	0.00674	0.00514	0.00169	0.00875	0.00421	0.00337	0.00987
19	0.01051	0.00783	0.00977	0.00945	0.01134	0.00709	0.00702	0.01367	0.02060	0.02829	0.51240	0.10723	0.19180	0.01719	0.00920	0.00252	0.00377	0.01504	0.00818	0.00709
20	0.18701	0.01419	0.03589	0.04457	0.01936	0.01362	0.01124	0.09749	0.02025	0.23718	0.10275	0.05108	0.02360	0.01097	0.00811	0.02787	0.00655	0.03070	0.00711	0.05043
21	0.01849	0.43292	0.32027	0.01709	0.02581	0.02520	0.01992	0.02380	0.01602	0.02097	0.01214	0.01414	0.00989	0.00695	0.00601	0.00200	0.00966	0.00483	0.00330	0.01060
22	0.00945	0.00675	0.00900	0.01080	0.01125	0.00630	0.00720	0.01080	0.01484	0.01979	0.04274	0.72245	0.05128	0.02429	0.00990	0.00315	0.00450	0.02204	0.00720	0.00630
23	0.01867	0.01840	0.03291	0.10129	0.53089	0.01850	0.11723	0.02361	0.01757	0.02479	0.01468	0.01957	0.01204	0.00692	0.00790	0.00237	0.00988	0.00724	0.00382	0.01170
24	0.01811	0.02224	0.09015	0.03195	0.04004	0.01950	0.60791	0.02482	0.01817	0.02482	0.01556	0.02060	0.01163	0.00659	0.00903	0.00260	0.01296	0.00891	0.00388	0.01053
25	0.01815	0.02198	0.08136	0.03209	0.04014	0.01952	0.61644	0.02482	0.01819	0.02482	0.01559	0.02066	0.01166	0.00658	0.00905	0.00261	0.01298	0.00896	0.00389	0.01051
26	0.00966	0.00690	0.00924	0.01104	0.01158	0.00648	0.00756	0.01116	0.01505	0.02003	0.04262	0.67851	0.05082	0.02409	0.00995	0.00318	0.00468	0.06390	0.00719	0.00636
27	0.02679	0.08270	0.25153	0.01676	0.02470	0.01571	0.01763	0.05254	0.02012	0.37954	0.02277	0.02150	0.01498	0.00857	0.00741	0.00235	0.00848	0.00675	0.00683	0.01232
28	0.01681	0.01617	0.02761	0.36907	0.31350	0.01816	0.04687	0.02162	0.01632	0.02226	0.01400	0.01987	0.01120	0.00766	0.00870	0.00251	0.04684	0.00698	0.00363	0.01022
29	0.02947	0.02172	0.02327	0.01784	0.02404	0.02404	0.01474	0.65329	0.03646	0.04887	0.01862	0.01862	0.01319	0.00931	0.00776	0.00233	0.00853	0.00698	0.00776	0.01319
30	0.01816	0.02192	0.07947	0.03212	0.04016	0.01952	0.61827	0.02482	0.01820	0.02482	0.01559	0.02068	0.01166	0.00658	0.00906	0.00261	0.01299	0.00897	0.00389	0.01051
31	0.02458	0.01944	0.01942	0.01645	0.02143	0.08498	0.01303	0.18921	0.37184	0.11387	0.02639	0.02466	0.01925	0.00987	0.00776	0.00247	0.00754	0.00785	0.00769	0.01229
32	0.00958	0.00684	0.00915	0.01095	0.01146	0.00641	0.00743	0.01103	0.01498	0.01994	0.04266	0.69426	0.05099	0.02416	0.00993	0.00317	0.00462	0.04890	0.00719	0.00634
33	0.01128	0.00752	0.00846	0.00846	0.00846	0.00752	0.00470	0.01128	0.01128	0.01503	0.02443	0.05074	0.02819	0.72751	0.03946	0.00752	0.00752	0.01128	0.00470	0.00470
34	0.01608	0.01378	0.01608	0.01148	0.01837	0.01034	0.00919	0.01952	0.01608	0.02527	0.01378	0.01608	0.01148	0.00574	0.00574	0.00115	0.00574	0.00459	0.00459	0.77491
35	0.01663	0.14894	0.53884	0.02246	0.07606	0.02006	0.02586	0.02429	0.01636	0.02360	0.01346	0.01594	0.01001	0.00722	0.00701	0.00232	0.01080	0.00556	0.00332	0.01128
36	0.02896	0.03695	0.02197	0.01998	0.02397	0.69638	0.01498	0.03096	0.02197	0.01898	0.01199	0.01398	0.00999	0.00799	0.00699	0.00200	0.01398	0.00499	0.00400	0.00899
37	0.01608	0.01378	0.01608	0.01148	0.01837	0.01034	0.00919	0.01952	0.01608	0.02527	0.01378	0.01608	0.01148	0.00574	0.00574	0.00115	0.00574	0.00459	0.00459	0.77491
38	0.02765	0.01996	0.02132	0.01655	0.02222	0.02200	0.01361	0.57615	0.03400	0.04644	0.01943	0.01987	0.01400	0.00927	0.00747	0.00226	0.00793	0.00701	0.10038	0.01246
39	0.01090	0.00792	0.01026	0.00968	0.01154	0.00729	0.00726	0.01449	0.02178	0.03069	0.65116	0.05859	0.09731	0.01600	0.00915	0.00245	0.00367	0.01412	0.00848	0.00729
40	0.01347	0.00673	0.01010	0.01010	0.01010	0.00673	0.00673	0.01010	0.01010	0.01347	0.01347	0.02357	0.01347	0.02694	0.03030	0.77441	0.00673	0.00673	0.00337	0.00337
41	0.01220	0.00886	0.01106	0.01017	0.01224	0.00845	0.00764	0.05851	0.02222	0.03108	0.57216	0.05548	0.09024	0.05287	0.01064	0.00270	0.00421	0.01348	0.00823	0.00755
42	0.01919	0.01842	0.03147	0.04759	0.67914	0.01842	0.02380	0.02380	0.01765	0.02533	0.01458	0.01919	0.01228	0.00691	0.00768	0.00230	0.00921	0.00691	0.00384	0.01228
43	0.02073	0.73217	0.04063	0.01327	0.01990	0.03068	0.01327	0.02322	0.01575	0.01824	0.01078	0.01244	0.00995	0.00663	0.00498	0.00166	0.00829	0.00415	0.00332	0.00995
44	0.00945	0.00675	0.00900	0.01080	0.01125	0.00630	0.00720	0.01080	0.01484	0.01979	0.04274	0.72245	0.05128	0.02429	0.00990	0.00315	0.00450	0.02204	0.00720	0.00630
45	0.03479	0.01320	0.01799	0.01380	0.01979	0.01140	0.01140	0.03779	0.02219	0.68451	0.03059	0.02639	0.01919	0.00960	0.00780	0.00240	0.00660	0.00780	0.00960	0.01320
46	0.78228	0.01499	0.01140	0.01020	0.01499	0.01739	0.00840	0.02279	0.01320	0.03479	0.01080	0.01260	0.00840	0.00720	0.00480	0.00240	0.00600	0.00420	0.00480	0.00840
47	0.01108	0.00831	0.01246	0.01246	0.01385	0.00969	0.00969	0.01385	0.01246	0.01800	0.02077	0.03046	0.01938	0.05815	0.69678	0.01246	0.02077	0.00831	0.00415	0.00692
48	0.00945	0.00675	0.00900	0.01080	0.01125	0.00630	0.00720	0.01080	0.01484	0.01979	0.04274	0.72245	0.05128	0.02429	0.00990	0.00315	0.00450	0.02204	0.00720	0.00630
49	0.02896	0.03695	0.02197	0.01998	0.02397	0.69638	0.01498	0.03096	0.02197	0.01898	0.01199	0.01398	0.00999	0.00799	0.00699	0.00200	0.01398	0.00499	0.00400	0.00899
50	0.01419	0.01088	0.01389	0.01333	0.01487	0.01220	0.01002	0.11974	0.01732	0.02378	0.02862	0.31908	0.03126	0.07672	0.16679	0.00542	0.09429	0.01388	0.00598	0.00774
51	0.02110	0.02111	0.02816	0.03745	0.44211	0.13278	0.02078	0.02475	0.01767	0.04891	0.01409	0.01825	0.01184	0.00822	0.01030	0.00242	0.11825	0.00660	0.00402	0.01118
52	0.00945	0.00675	0.00900	0.01080	0.01125	0.00630	0.00720	0.01080	0.01484	0.01979	0.04274	0.72245	0.05128	0.02429	0.00990	0.00315	0.00450	0.02204	0.00720	0.00630
53	0.01889	0.01600	0.02040	0.01696	0.02163	0.04300	0.10650	0.03140	0.33062	0.08096	0.06343	0.08783	0.04906	0.01118	0.00816	0.00251	0.00714	0.00996	0.00698	0.06737
54	0.03479	0.01320	0.01799	0.01380	0.01979	0.01140	0.01140	0.03779	0.02219	0.68451	0.03059	0.02639	0.01919	0.00960	0.00780	0.00240	0.00660	0.00780	0.00960	0.01320
55	0.01617	0.01406	0.01724	0.01231	0.01924	0.01070	0.03430	0.01973	0.01617	0.02525	0.01386	0.01627	0.01150	0.00577	0.00588	0.00121	0.00603	0.00477	0.00457	0.74499
56	0.01790	0.39378	0.30791	0.01670	0.02501	0.02378	0.01926	0.02318	0.01644	0.02176	0.05805	0.01722	0.01427	0.00758	0.00626	0.00204	0.00929	0.00549	0.00366	0.01040
57	0.02196	0.01853	0.01802	0.01595	0.02005	0.11899	0.01260	0.09362	0.31811	0.09538	0.07975	0.03209	0.02542	0.01134	0.00864	0.00257	0.03079	0.05785	0.00731	0.01102
58	0.08711	0.21950	0.45566	0.01869	0.02827	0.02128	0.02276	0.02404	0.01592	0.02383	0.01281	0.01499	0.00973	0.00716	0.00650	0.00224	0.01013	0.00517	0.00342	0.01078
59	0.01581	0.01355	0.01575	0.01134	0.01806	0.01019	0.00906	0.01919	0.01614	0.02510	0.01633	0.01838	0.03767	0.00629	0.00588	0.00121	0.00567	0.00506	0.00470	0.74463
60	0.01929	0.01666	0.01753	0.01578	0.02016	0.01929	0.01227	0.04120	0.66513	0.03243	0.03156	0.02893	0.02367	0.01052	0.00789	0.00263	0.00614	0.00877	0.00789	0.01227
61	0.00945	0.00675	0.00900	0.01080	0.01125	0.00630	0.00720	0.01080	0.01484	0.01979	0.04274	0.72245	0.05128	0.02429	0.00990	0.00315	0.00450	0.02204	0.00720	0.00630
62	0.02835	0.02088	0.02234	0.01731	0.02325	0.02313	0.01424	0.59611	0.06863	0.04722	0.01956	0.01956	0.01400	0.00936	0.00767	0.00232	0.00821	0.00708	0.03788	0.01290
63	0.02891	0.02456	0.02275	0.01818	0.02385	0.15945	0.01467	0.49987	0.06217	0.04209	0.01787	0.01815	0.01302	0.00910	0.00761	0.00227	0.00952	0.00666	0.00700	0.01230
64	0.01293	0.01099	0.01584	0.01477	0.01567	0.01402	0.01177	0.01525	0.01223	0.01808	0.01759	0.02706	0.01686	0.07177	0.45886	0.00941	0.23768	0.00795	0.00394	0.00732
65	0.02849	0.01461	0.01806	0.01403	0.01998	0.01354	0.01142	0.09257	0.11672	0.40507	0.02644	0.02409	0.01783	0.00898	0.00742	0.00219	0.00655	0.00726	0.00823	0.15651
66	0.01556	0.01434	0.01998	0.01760	0.01824	0.01917	0.01438	0.04186	0.01299	0.01954	0.01403	0.02199	0.01353	0.04803	0.22091	0.00612	0.46244	0.00737	0.00382	0.00810

[dist]
# distance from previous block
# <min> <max>
0	9

[block]
# block no. 6 follows, 25 sequences, length 276
# corresponding to MSA columns:
# 189-464
name=unknown_G
#
# <colnr> <probs for GDERKNQSTAVLIFYWHMCP>
#	G	D	E	R	K	N	Q	S	T	A	V	L	I	F	Y	W	H	M	C	P
0	0.01580	0.07308	0.65652	0.02168	0.03291	0.01861	0.02791	0.02449	0.01634	0.02425	0.01377	0.01618	0.00983	0.00733	0.00725	0.00242	0.01131	0.00565	0.00328	0.01139
1	0.00945	0.00675	0.00900	0.01080	0.01125	0.00630	0.00720	0.01080	0.01484	0.01979	0.04274	0.72245	0.05128	0.02429	0.00990	0.00315	0.00450	0.02204	0.00720	0.00630
2	0.01623	0.01540	0.02612	0.47848	0.27141	0.01764	0.02232	0.02120	0.01625	0.02173	0.01406	0.02016	0.01101	0.00746	0.00773	0.00249	0.00994	0.00690	0.00358	0.00989
3	0.38321	0.01632	0.01625	0.01347	0.01848	0.01821	0.01105	0.15827	0.07743	0.15310	0.01778	0.01800	0.01278	0.00870	0.00732	0.00246	0.04413	0.00597	0.00647	0.01060
4	0.01074	0.00825	0.00987	0.00940	0.01158	0.00755	0.00707	0.01460	0.04629	0.02798	0.46303	0.06198	0.25949	0.01682	0.00910	0.00250	0.00384	0.01454	0.00809	0.00727
5	0.00957	0.00790	0.00842	0.00838	0.01084	0.00675	0.00635	0.01187	0.01838	0.02268	0.17470	0.07233	0.55624	0.01908	0.00921	0.00262	0.00399	0.03658	0.00742	0.00669
6	0.01899	0.01822	0.03112	0.07599	0.65226	0.01837	0.02370	0.02362	0.01756	0.02509	0.01455	0.01925	0.01220	0.00694	0.00768	0.00231	0.00926	0.00691	0.00382	0.01212
7	0.37250	0.02158	0.01629	0.04864	0.02032	0.23002	0.01157	0.05123	0.01823	0.08494	0.04852	0.01725	0.01354	0.00822	0.00624	0.00228	0.00875	0.00552	0.00520	0.00914
8	0.00950	0.00691	0.00897	0.01048	0.01120	0.00637	0.00709	0.01103	0.01547	0.02049	0.07928	0.63048	0.10728	0.02344	0.00979	0.00306	0.00440	0.02112	0.00727	0.00637
9	0.00956	0.00737	0.00864	0.00950	0.01096	0.00658	0.00670	0.01126	0.01625	0.02057	0.07828	0.36772	0.32208	0.05356	0.01091	0.00311	0.00445	0.03899	0.00713	0.00640
10	0.70764	0.01454	0.01164	0.01034	0.01503	0.01659	0.00848	0.02304	0.01407	0.06406	0.04678	0.01562	0.01231	0.00776	0.00516	0.00240	0.00590	0.00488	0.00521	0.00856
11	0.01677	0.01634	0.02587	0.46231	0.25581	0.04842	0.02197	0.02161	0.01650	0.02157	0.01396	0.01989	0.01095	0.00749	0.00769	0.00247	0.01014	0.00681	0.00360	0.00982
12	0.05754	0.01008	0.01016	0.00918	0.01188	0.01060	0.00715	0.12557	0.01951	0.03259	0.02340	0.02631	0.01814	0.00898	0.00578	0.00193	0.00457	0.00703	0.60131	0.00829
13	0.08904	0.02079	0.02128	0.01687	0.02262	0.05063	0.01377	0.46973	0.11688	0.07036	0.01992	0.01962	0.01430	0.00925	0.00751	0.00236	0.00816	0.00694	0.00745	0.01250
14	0.02259	0.44074	0.12447	0.01597	0.02275	0.14573	0.01570	0.06381	0.01847	0.04843	0.01272	0.01420	0.01052	0.00726	0.00595	0.00190	0.00968	0.00484	0.00396	0.01032
15	0.02187	0.01499	0.01603	0.01349	0.01785	0.04281	0.01066	0.17302	0.14325	0.16110	0.08256	0.03905	0.17916	0.03715	0.00928	0.00264	0.00646	0.01026	0.00780	0.01056
16	0.00945	0.00675	0.00900	0.01080	0.01125	0.00630	0.00720	0.01080	0.01484	0.01979	0.04274	0.72245	0.05128	0.02429	0.00990	0.00315	0.00450	0.02204	0.00720	0.00630
17	0.01695	0.01636	0.02663	0.02009	0.05381	0.01377	0.22397	0.02148	0.01689	0.02513	0.01445	0.01782	0.01161	0.00606	0.00696	0.00169	0.00834	0.00621	0.00434	0.48746
18	0.01986	0.61606	0.14913	0.01475	0.02219	0.02855	0.01585	0.02344	0.01586	0.01930	0.01131	0.01310	0.00993	0.00676	0.00538	0.00179	0.00882	0.00441	0.00331	0.01020
19	0.01120	0.00749	0.00848	0.00855	0.00857	0.00747	0.00480	0.01126	0.01142	0.01523	0.02518	0.07829	0.02914	0.69867	0.03825	0.00734	0.00739	0.01172	0.00480	0.00476
20	0.01111	0.00748	0.00867	0.00883	0.00892	0.00750	0.00512	0.01134	0.01163	0.01557	0.02586	0.10790	0.02981	0.63863	0.06455	0.00735	0.00781	0.01208	0.00489	0.00493
21	0.02073	0.73217	0.04063	0.01327	0.01990	0.03068	0.01327	0.02322	0.01575	0.01824	0.01078	0.01244	0.00995	0.00663	0.00498	0.00166	0.00829	0.00415	0.00332	0.00995
22	0.01595	0.01543	0.02165	0.01885	0.01904	0.02123	0.01553	0.01774	0.01194	0.01845	0.01214	0.01999	0.01207	0.04390	0.11990	0.00480	0.59255	0.00715	0.00354	0.00814
23	0.01445	0.00723	0.00723	0.00723	0.00903	0.00723	0.00542	0.01807	0.01626	0.02891	0.02529	0.02891	0.01987	0.00903	0.00542	0.00181	0.00361	0.00723	0.77055	0.00723
24	0.01041	0.00784	0.00963	0.00931	0.01127	0.00706	0.00693	0.01350	0.02044	0.02781	0.48385	0.09744	0.23148	0.01730	0.00919	0.00252	0.00377	0.01507	0.00811	0.00706
25	0.01173	0.00857	0.01192	0.01174	0.01297	0.00968	0.00874	0.03438	0.01299	0.01835	0.02152	0.03463	0.02116	0.20712	0.52616	0.01101	0.01738	0.00893	0.00440	0.00663
26	0.02017	0.01710	0.01803	0.01596	0.02050	0.01970	0.01249	0.09449	0.61040	0.03387	0.03043	0.02803	0.02276	0.01041	0.00788	0.00260	0.00634	0.00861	0.00788	0.01235
27	0.01249	0.00892	0.01249	0.01428	0.01606	0.00892	0.01249	0.01606	0.01785	0.02320	0.04105	0.08746	0.04462	0.02142	0.01071	0.00357	0.00714	0.62695	0.00714	0.00714
28	0.00945	0.00675	0.00900	0.01080	0.01125	0.00630	0.00720	0.01080	0.01484	0.01979	0.04274	0.72245	0.05128	0.02429	0.00990	0.00315	0.00450	0.02204	0.00720	0.00630
29	0.01464	0.01378	0.02326	0.70887	0.05340	0.01723	0.02153	0.01981	0.01550	0.01981	0.01378	0.02067	0.01034	0.00775	0.00775	0.00258	0.01034	0.00689	0.00345	0.00861
30	0.01555	0.04011	0.68733	0.02210	0.03356	0.01801	0.02865	0.02455	0.01637	0.02455	0.01391	0.01637	0.00982	0.00737	0.00737	0.00246	0.01146	0.00573	0.00327	0.01146
31	0.01083	0.00881	0.01424	0.01399	0.01553	0.00827	0.09600	0.01301	0.01548	0.02067	0.03893	0.59233	0.04550	0.02170	0.00984	0.00310	0.00582	0.05233	0.00674	0.00691
32	0.02026	0.66963	0.09908	0.01407	0.02113	0.02953	0.01466	0.02334	0.01581	0.01881	0.01106	0.01279	0.00994	0.00670	0.00519	0.00173	0.00858	0.00429	0.00331	0.01009
33	0.01639	0.01556	0.02641	0.45503	0.29360	0.01769	0.02240	0.02134	0.01633	0.02193	0.01409	0.02010	0.01108	0.00743	0.00772	0.00248	0.00990	0.00690	0.00360	0.01002
34	0.01868	0.01980	0.03635	0.05546	0.03464	0.04411	0.42176	0.05692	0.01859	0.02547	0.01503	0.01946	0.01159	0.00697	0.00906	0.00234	0.04318	0.00785	0.00421	0.14853
35	0.02447	0.01785	0.01968	0.01531	0.02124	0.01839	0.01244	0.34054	0.11934	0.09219	0.02292	0.02257	0.04353	0.00913	0.00737	0.00212	0.00718	0.00716	0.00717	0.18942
36	0.68871	0.01495	0.01217	0.01067	0.01548	0.01704	0.00877	0.04954	0.01490	0.06621	0.03491	0.01506	0.01134	0.00770	0.00521	0.00240	0.00605	0.00482	0.00528	0.00879
37	0.01599	0.09901	0.63229	0.02135	0.03240	0.01909	0.02734	0.02444	0.01632	0.02402	0.01365	0.01604	0.00983	0.00730	0.00716	0.00239	0.01119	0.00559	0.00328	0.01133
38	0.01877	0.01476	0.01709	0.01242	0.01917	0.01214	0.01001	0.10112	0.01899	0.06320	0.01529	0.01695	0.01211	0.00640	0.00611	0.00136	0.00614	0.00507	0.00526	0.63763
39	0.00945	0.00675	0.00900	0.01080	0.01125	0.00630	0.00720	0.01080	0.01484	0.01979	0.04274	0.72245	0.05128	0.02429	0.00990	0.00315	0.00450	0.02204	0.00720	0.00630
40	0.01674	0.01663	0.02331	0.02005	0.02010	0.02321	0.01668	0.01847	0.01190	0.01863	0.01059	0.01749	0.01053	0.01529	0.05140	0.00374	0.68655	0.00684	0.00342	0.00842
41	0.78228	0.01499	0.01140	0.01020	0.01499	0.01739	0.00840	0.02279	0.01320	0.03479	0.01080	0.01260	0.00840	0.00720	0.00480	0.00240	0.00600	0.00420	0.00480	0.00840
42	0.01108	0.00827	0.01229	0.01229	0.01362	0.00960	0.00948	0.01374	0.01241	0.01788	0.02092	0.03131	0.01975	0.08607	0.66937	0.01225	0.02022	0.00843	0.00418	0.00683
43	0.01464	0.01378	0.02326	0.70887	0.05340	0.01723	0.02153	0.01981	0.01550	0.01981	0.01378	0.02067	0.01034	0.00775	0.00775	0.00258	0.01034	0.00689	0.00345	0.00861
44	0.01100	0.00809	0.01043	0.01052	0.01240	0.00752	0.00825	0.01431	0.02019	0.02751	0.42828	0.09034	0.15203	0.01791	0.00952	0.00274	0.00449	0.14936	0.00799	0.00713
45	0.01445	0.00723	0.00723	0.00723	0.00903	0.00723	0.00542	0.01807	0.01626	0.02891	0.02529	0.02891	0.01987	0.00903	0.00542	0.00181	0.00361	0.00723	0.77055	0.00723
46	0.00916	0.00785	0.00785	0.00785	0.01047	0.00655	0.00589	0.01113	0.01767	0.02095	0.07855	0.07462	0.67599	0.01964	0.00916	0.00262	0.00393	0.01636	0.00720	0.00655
47	0.01830	0.02092	0.04575	0.03268	0.04052	0.01961	0.65098	0.02484	0.01830	0.02484	0.01569	0.02092	0.01176	0.00654	0.00915	0.00261	0.01307	0.00915	0.00392	0.01046
48	0.03479	0.01320	0.01799	0.01380	0.01979	0.01140	0.01140	0.03779	0.02219	0.68451	0.03059	0.02639	0.01919	0.00960	0.00780	0.00240	0.00660	0.00780	0.00960	0.01320
49	0.00968	0.00774	0.00866	0.00872	0.01086	0.00672	0.00643	0.01201	0.01845	0.02348	0.23159	0.14982	0.44011	0.01921	0.00925	0.00264	0.00393	0.01644	0.00755	0.00672
50	0.01059	0.00769	0.01019	0.01182	0.01276	0.00749	0.00864	0.01338	0.04481	0.02115	0.04185	0.54524	0.04851	0.02301	0.00999	0.00322	0.00518	0.16051	0.00722	0.00676
51	0.01640	0.01738	0.03619	0.02724	0.03328	0.01640	0.47312	0.02191	0.01790	0.02407	0.02289	0.09840	0.02151	0.01094	0.00951	0.00284	0.01118	0.12457	0.00482	0.00946
52	0.02184	0.63825	0.03811	0.01417	0.02045	0.12062	0.01350	0.02426	0.01659	0.01834	0.01094	0.01265	0.00996	0.00682	0.00525	0.00170	0.00906	0.00426	0.00341	0.00982
53	0.01899	0.01822	0.03112	0.07627	0.65200	0.01837	0.02370	0.02362	0.01756	0.02509	0.01455	0.01925	0.01220	0.00695	0.00768	0.00232	0.00926	0.00691	0.00382	0.01212
54	0.01608	0.01378	0.01608	0.01148	0.01837	0.01034	0.00919	0.01952	0.01608	0.02527	0.01378	0.01608	0.01148	0.00574	0.00574	0.00115	0.00574	0.00459	0.00459	0.77491
55	0.01777	0.01712	0.02960	0.24731	0.46212	0.01811	0.05005	0.02263	0.01703	0.02364	0.01439	0.01971	0.01167	0.00715	0.00776	0.00240	0.00972	0.00700	0.00372	0.01109
56	0.00995	0.00827	0.00877	0.00880	0.01130	0.00731	0.00665	0.01305	0.04876	0.02239	0.12330	0.10096	0.53931	0.01917	0.00920	0.00267	0.00417	0.04174	0.00734	0.00690
57	0.03376	0.01297	0.01767	0.01362	0.01944	0.01122	0.01122	0.03679	0.02218	0.65644	0.05827	0.02774	0.02151	0.00987	0.00786	0.00240	0.00647	0.00806	0.00955	0.01294
58	0.01963	0.01682	0.01772	0.01585	0.02029	0.01944	0.01235	0.06161	0.64417	0.03298	0.03113	0.02858	0.02332	0.01048	0.00789	0.00262	0.00622	0.00871	0.00789	0.01230
59	0.01478	0.01514	0.03066	0.02376	0.02860	0.01421	0.38388	0.01927	0.01701	0.02291	0.02684	0.28066	0.02784	0.01377	0.00950	0.00286	0.00964	0.04462	0.00528	0.00877
60	0.02864	0.03557	0.02237	0.02085	0.04720	0.64032	0.01528	0.06036	0.02251	0.02063	0.01239	0.01439	0.01022	0.00801	0.00705	0.00202	0.01355	0.00516	0.00417	0.00931
61	0.00945	0.00675	0.00900	0.01080	0.01125	0.00630	0.00720	0.01080	0.01484	0.01979	0.04274	0.72245	0.05128	0.02429	0.00990	0.00315	0.00450	0.02204	0.00720	0.00630
62	0.02193	0.01450	0.01722	0.01296	0.01923	0.01251	0.01044	0.10029	0.05081	0.18020	0.02004	0.04269	0.01536	0.00790	0.00670	0.00171	0.00625	0.00639	0.00637	0.44652
63	0.01787	0.20285	0.48048	0.01985	0.02956	0.07660	0.02390	0.02477	0.01668	0.02261	0.01302	0.01525	0.00987	0.00724	0.00677	0.00223	0.01092	0.00530	0.00334	0.01090
64	0.01329	0.01156	0.01670	0.01542	0.01629	0.01497	0.01242	0.01565	0.01224	0.01825	0.01679	0.02539	0.01593	0.04142	0.44477	0.00906	0.28074	0.00774	0.00387	0.00751
65	0.00945	0.00675	0.00900	0.01080	0.01125	0.00630	0.00720	0.01080	0.01484	0.01979	0.04274	0.72245	0.05128	0.02429	0.00990	0.00315	0.00450	0.02204	0.00720	0.00630
66	0.01555	0.04011	0.68733	0.02210	0.03356	0.01801	0.02865	0.02455	0.01637	0.02455	0.01391	0.01637	0.00982	0.00737	0.00737	0.00246	0.01146	0.00573	0.00327	0.01146
67	0.00954	0.00682	0.00911	0.01091	0.01140	0.00638	0.00737	0.01096	0.01494	0.01990	0.04268	0.70227	0.05107	0.02420	0.00992	0.00316	0.00458	0.04127	0.00720	0.00632
68	0.00945	0.00675	0.00900	0.01080	0.01125	0.00630	0.00720	0.01080	0.01484	0.01979	0.04274	0.72245	0.05128	0.02429	0.00990	0.00315	0.00450	0.02204	0.00720	0.00630
69	0.01464	0.01378	0.02326	0.70887	0.05340	0.01723	0.02153	0.01981	0.01550	0.01981	0.01378	0.02067	0.01034	0.00775	0.00775	0.00258	0.01034	0.00689	0.00345	0.00861
70	0.02906	0.02151	0.02303	0.01776	0.02389	0.02385	0.01464	0.62819	0.06224	0.04819	0.01915	0.01904	0.01362	0.00936	0.00776	0.00234	0.00843	0.00705	0.00776	0.01315
71	0.01407	0.01278	0.01694	0.01475	0.01639	0.04422	0.04279	0.01717	0.01854	0.02625	0.39928	0.04097	0.04707	0.01430	0.01427	0.00273	0.23204	0.01105	0.00645	0.00792
72	0.01824	0.02075	0.04483	0.03217	0.03968	0.01978	0.62454	0.02458	0.01803	0.02458	0.01546	0.02075	0.01170	0.00683	0.00983	0.00265	0.04228	0.00905	0.00390	0.01038
73	0.02896	0.03695	0.02197	0.01998	0.02397	0.69638	0.01498	0.03096	0.02197	0.01898	0.01199	0.01398	0.00999	0.00799	0.00699	0.00200	0.01398	0.00499	0.00400	0.00899
74	0.01475	0.01393	0.02328	0.67765	0.05190	0.01752	0.02133	0.01976	0.01534	0.01976	0.01362	0.02050	0.01033	0.00802	0.00855	0.00262	0.04222	0.00689	0.00344	0.00861
75	0.01608	0.01378	0.01608	0.01148	0.01837	0.01034	0.00919	0.01952	0.01608	0.02527	0.01378	0.01608	0.01148	0.00574	0.00574	0.00115	0.00574	0.00459	0.00459	0.77491
76	0.01498	0.00957	0.01222	0.01114	0.01372	0.00915	0.00861	0.04725	0.05277	0.10694	0.48208	0.08031	0.05950	0.01521	0.00898	0.00252	0.00455	0.04358	0.00847	0.00845
77	0.01898	0.01821	0.03110	0.07758	0.65076	0.01837	0.02369	0.02362	0.01756	0.02508	0.01455	0.01926	0.01219	0.00695	0.00768	0.00232	0.00926	0.00691	0.00382	0.01212
78	0.04594	0.00755	0.00740	0.00735	0.00928	0.00764	0.00554	0.01826	0.01613	0.02915	0.02470	0.02824	0.01940	0.00896	0.00539	0.00183	0.00371	0.00710	0.73915	0.00727
79	0.00945	0.00675	0.00900	0.01080	0.01125	0.00630	0.00720	0.01080	0.01484	0.01979	0.04274	0.72245	0.05128	0.02429	0.00990	0.00315	0.00450	0.02204	0.00720	0.00630
80	0.02100	0.01692	0.01806	0.01585	0.02048	0.01928	0.01244	0.09455	0.57608	0.06843	0.03037	0.02789	0.02251	0.01036	0.00787	0.00259	0.00637	0.00856	0.00797	0.01240
81	0.00924	0.00786	0.00796	0.00793	0.01052	0.00658	0.00595	0.01127	0.01785	0.02136	0.10301	0.07393	0.65127	0.01948	0.00916	0.00261	0.00392	0.01627	0.00725	0.00658
82	0.01249	0.00892	0.01249	0.01428	0.01606	0.00892	0.01249	0.01606	0.01785	0.02320	0.04105	0.08746	0.04462	0.02142	0.01071	0.00357	0.00714	0.62695	0.00714	0.00714
83	0.01347	0.00673	0.01010	0.01010	0.01010	0.00673	0.00673	0.01010	0.01010	0.01347	0.01347	0.02357	0.01347	0.02694	0.03030	0.77441	0.00673	0.00673	0.00337	0.00337
84	0.03384	0.01403	0.01843	0.01420	0.02017	0.01273	0.01171	0.09048	0.04395	0.60937	0.02960	0.02581	0.01882	0.00960	0.00780	0.00240	0.00675	0.00776	0.00938	0.01317
85	0.00945	0.00675	0.00900	0.01080	0.01125	0.00630	0.00720	0.01080	0.01484	0.01979	0.04274	0.72245	0.05128	0.02429	0.00990	0.00315	0.00450	0.02204	0.00720	0.00630
86	0.78228	0.01499	0.01140	0.01020	0.01499	0.01739	0.00840	0.02279	0.01320	0.03479	0.01080	0.01260	0.00840	0.00720	0.00480	0.00240	0.00600	0.00420	0.00480	0.00840
87	0.01830	0.02092	0.04575	0.03268	0.04052	0.01961	0.65098	0.02484	0.01830	0.02484	0.01569	0.02092	0.01176	0.00654	0.00915	0.00261	0.01307	0.00915	0.00392	0.01046
88	0.03348	0.01325	0.01765	0.01362	0.01941	0.01172	0.01122	0.06344	0.02250	0.62220	0.02979	0.02619	0.01897	0.00955	0.00767	0.00236	0.00652	0.00773	0.04984	0.01288
89	0.78228	0.01499	0.01140	0.01020	0.01499	0.01739	0.00840	0.02279	0.01320	0.03479	0.01080	0.01260	0.00840	0.00720	0.00480	0.00240	0.00600	0.00420	0.00480	0.00840
90	0.01127	0.00755	0.00863	0.00863	0.00868	0.00761	0.00491	0.01138	0.01133	0.01516	0.02428	0.04989	0.02782	0.69936	0.06711	0.00772	0.00807	0.01115	0.00468	0.00479
91	0.01312	0.01038	0.01430	0.01364	0.01541	0.01236	0.01073	0.04256	0.08045	0.02077	0.02096	0.02877	0.01885	0.04780	0.54560	0.01033	0.07332	0.00818	0.00462	0.00785
92	0.02073	0.73217	0.04063	0.01327	0.01990	0.03068	0.01327	0.02322	0.01575	0.01824	0.01078	0.01244	0.00995	0.00663	0.00498	0.00166	0.00829	0.00415	0.00332	0.00995
93	0.00945	0.00675	0.00900	0.01080	0.01125	0.00630	0.00720	0.01080	0.01484	0.01979	0.04274	0.72245	0.05128	0.02429	0.00990	0.00315	0.00450	0.02204	0.00720	0.00630
