[name]
unknown

[dist]
# distance from previous block
# <min> <max>
0	6

[block]
# block no. 0 follows, 25 sequences, length 56
# corresponding to MSA columns:
# 6-61
name=unknown_A
#
# <colnr> <probs for GDERKNQSTAVLIFYWHMCP>
#	G	D	E	R	K	N	Q	S	T	A	V	L	I	F	Y	W	H	M	C	P
0	0.01249	0.00892	0.01249	0.01428	0.01606	0.00892	0.01249	0.01606	0.01785	0.02320	0.04105	0.08746	0.04462	0.02142	0.01071	0.00357	0.00714	0.62695	0.00714	0.00714
1	0.02170	0.03151	0.47341	0.01945	0.02916	0.01589	0.02313	0.02878	0.01823	0.23548	0.01924	0.01957	0.01282	0.00808	0.00750	0.00244	0.00991	0.00639	0.00529	0.01201
2	0.05480	0.02069	0.05599	0.06296	0.35416	0.06344	0.19690	0.02508	0.04367	0.02526	0.01517	0.01937	0.01210	0.00708	0.00791	0.00240	0.01045	0.00731	0.00404	0.01121
3	0.08192	0.01491	0.01732	0.01664	0.07354	0.01580	0.01198	0.13588	0.20583	0.13252	0.06977	0.09441	0.07237	0.01188	0.00795	0.00253	0.00640	0.00991	0.00747	0.01098
4	0.21086	0.01738	0.09364	0.01586	0.04946	0.01565	0.03390	0.02898	0.18148	0.13887	0.08805	0.02695	0.04755	0.00977	0.00725	0.00248	0.00683	0.00786	0.00659	0.01059
5	0.01648	0.13735	0.56158	0.02216	0.06492	0.01983	0.02621	0.02433	0.01635	0.02370	0.01350	0.01596	0.00997	0.00724	0.00704	0.00233	0.01089	0.00557	0.00331	0.01129
6	0.01982	0.35133	0.10423	0.01556	0.02217	0.02249	0.06448	0.09402	0.01909	0.05399	0.04306	0.02315	0.08345	0.00879	0.00663	0.00204	0.00824	0.00685	0.00479	0.04582
7	0.00943	0.00682	0.00892	0.01061	0.01120	0.00631	0.00711	0.01082	0.01503	0.01987	0.04504	0.68071	0.09153	0.02399	0.00985	0.00311	0.00446	0.02168	0.00720	0.00631
8	0.02844	0.08144	0.02317	0.01955	0.02371	0.65378	0.01487	0.03047	0.02157	0.01893	0.01191	0.01388	0.00999	0.00790	0.00686	0.00198	0.01362	0.00494	0.00395	0.00905
9	0.00966	0.00687	0.00905	0.01058	0.01109	0.00644	0.00705	0.01107	0.01507	0.02022	0.08230	0.63665	0.05121	0.06875	0.01174	0.00338	0.00464	0.02084	0.00712	0.00626
10	0.02981	0.02117	0.02293	0.01758	0.02377	0.02324	0.01452	0.61390	0.03554	0.08954	0.01938	0.01911	0.01357	0.00933	0.00776	0.00233	0.00841	0.00703	0.00787	0.01319
11	0.01149	0.00795	0.00935	0.00921	0.00931	0.00832	0.00554	0.01175	0.01138	0.01539	0.02360	0.04797	0.02685	0.65203	0.08499	0.00770	0.03667	0.01089	0.00461	0.00501
12	0.00945	0.00675	0.00900	0.01080	0.01125	0.00630	0.00720	0.01080	0.01484	0.01979	0.04274	0.72245	0.05128	0.02429	0.00990	0.00315	0.00450	0.02204	0.00720	0.00630
13	0.00993	0.00742	0.01065	0.01184	0.01264	0.00695	0.03396	0.01158	0.01511	0.02014	0.04155	0.66852	0.04939	0.02345	0.00990	0.00314	0.00496	0.04532	0.00706	0.00650
14	0.01647	0.12965	0.56010	0.02258	0.07336	0.01970	0.02631	0.02433	0.01637	0.02378	0.01355	0.01603	0.01000	0.00724	0.00707	0.00234	0.01090	0.00560	0.00332	0.01131
15	0.01736	0.09147	0.02551	0.01962	0.02031	0.02447	0.01658	0.01913	0.01228	0.01862	0.01024	0.01649	0.01015	0.01285	0.02331	0.00321	0.63988	0.00651	0.00338	0.00863
16	0.01555	0.04011	0.68733	0.02210	0.03356	0.01801	0.02865	0.02455	0.01637	0.02455	0.01391	0.01637	0.00982	0.00737	0.00737	0.00246	0.01146	0.00573	0.00327	0.01146
17	0.01464	0.01378	0.02326	0.70887	0.05340	0.01723	0.02153	0.01981	0.01550	0.01981	0.01378	0.02067	0.01034	0.00775	0.00775	0.00258	0.01034	0.00689	0.00345	0.00861
18	0.01697	0.20114	0.48743	0.02082	0.03087	0.02110	0.07167	0.02426	0.01637	0.02309	0.01331	0.01579	0.01000	0.00713	0.00694	0.00228	0.01084	0.00561	0.00333	0.01103
19	0.01341	0.00963	0.01294	0.01397	0.01605	0.00971	0.01203	0.05695	0.01953	0.02579	0.11444	0.07954	0.04597	0.01998	0.01033	0.00336	0.00682	0.51466	0.00734	0.00755
20	0.00916	0.00785	0.00785	0.00785	0.01047	0.00655	0.00589	0.01113	0.01767	0.02095	0.07855	0.07462	0.67599	0.01964	0.00916	0.00262	0.00393	0.01636	0.00720	0.00655
21	0.00945	0.00675	0.00900	0.01080	0.01125	0.00630	0.00720	0.01080	0.01484	0.01979	0.04274	0.72245	0.05128	0.02429	0.00990	0.00315	0.00450	0.02204	0.00720	0.00630
22	0.05296	0.01984	0.02747	0.06150	0.40197	0.04637	0.01997	0.21708	0.02333	0.03247	0.01554	0.01861	0.01224	0.00773	0.00756	0.00231	0.00910	0.00675	0.00507	0.01213
23	0.01097	0.00793	0.01036	0.00975	0.01158	0.00732	0.00732	0.01463	0.02195	0.03109	0.67505	0.05792	0.07316	0.01585	0.00914	0.00244	0.00366	0.01402	0.00854	0.00732
24	0.00945	0.00675	0.00900	0.01080	0.01125	0.00630	0.00720	0.01080	0.01484	0.01979	0.04274	0.72245	0.05128	0.02429	0.00990	0.00315	0.00450	0.02204	0.00720	0.00630
25	0.01830	0.02092	0.04575	0.03268	0.04052	0.01961	0.65098	0.02484	0.01830	0.02484	0.01569	0.02092	0.01176	0.00654	0.00915	0.00261	0.01307	0.00915	0.00392	0.01046
26	0.01919	0.01842	0.03147	0.04759	0.67914	0.01842	0.02380	0.02380	0.01765	0.02533	0.01458	0.01919	0.01228	0.00691	0.00768	0.00230	0.00921	0.00691	0.00384	0.01228
27	0.02073	0.73217	0.04063	0.01327	0.01990	0.03068	0.01327	0.02322	0.01575	0.01824	0.01078	0.01244	0.00995	0.00663	0.00498	0.00166	0.00829	0.00415	0.00332	0.00995
28	0.01555	0.04011	0.68733	0.02210	0.03356	0.01801	0.02865	0.02455	0.01637	0.02455	0.01391	0.01637	0.00982	0.00737	0.00737	0.00246	0.01146	0.00573	0.00327	0.01146
29	0.01919	0.01842	0.03147	0.04759	0.67914	0.01842	0.02380	0.02380	0.01765	0.02533	0.01458	0.01919	0.01228	0.00691	0.00768	0.00230	0.00921	0.00691	0.00384	0.01228
30	0.00945	0.00675	0.00900	0.01080	0.01125	0.00630	0.00720	0.01080	0.01484	0.01979	0.04274	0.72245	0.05128	0.02429	0.00990	0.00315	0.00450	0.02204	0.00720	0.00630
31	0.01464	0.01378	0.02326	0.70887	0.05340	0.01723	0.02153	0.01981	0.01550	0.01981	0.01378	0.02067	0.01034	0.00775	0.00775	0.00258	0.01034	0.00689	0.00345	0.00861
32	0.01919	0.01842	0.03147	0.04759	0.67914	0.01842	0.02380	0.02380	0.01765	0.02533	0.01458	0.01919	0.01228	0.00691	0.00768	0.00230	0.00921	0.00691	0.00384	0.01228
33	0.04992	0.01334	0.02206	0.56282	0.04605	0.01606	0.04829	0.01912	0.01545	0.02074	0.01714	0.10306	0.01514	0.00962	0.00793	0.00264	0.00957	0.00866	0.00397	0.00842
34	0.01555	0.04011	0.68733	0.02210	0.03356	0.01801	0.02865	0.02455	0.01637	0.02455	0.01391	0.01637	0.00982	0.00737	0.00737	0.00246	0.01146	0.00573	0.00327	0.01146
35	0.01555	0.04011	0.68733	0.02210	0.03356	0.01801	0.02865	0.02455	0.01637	0.02455	0.01391	0.01637	0.00982	0.00737	0.00737	0.00246	0.01146	0.00573	0.00327	0.01146
36	0.01919	0.01842	0.03147	0.04759	0.67914	0.01842	0.02380	0.02380	0.01765	0.02533	0.01458	0.01919	0.01228	0.00691	0.00768	0.00230	0.00921	0.00691	0.00384	0.01228
37	0.01464	0.01378	0.02326	0.70887	0.05340	0.01723	0.02153	0.01981	0.01550	0.01981	0.01378	0.02067	0.01034	0.00775	0.00775	0.00258	0.01034	0.00689	0.00345	0.00861
38	0.00916	0.00785	0.00785	0.00785	0.01047	0.00655	0.00589	0.01113	0.01767	0.02095	0.07855	0.07462	0.67599	0.01964	0.00916	0.00262	0.00393	0.01636	0.00720	0.00655
39	0.01464	0.01378	0.02326	0.70887	0.05340	0.01723	0.02153	0.01981	0.01550	0.01981	0.01378	0.02067	0.01034	0.00775	0.00775	0.00258	0.01034	0.00689	0.00345	0.00861
40	0.01851	0.01773	0.03025	0.14585	0.58616	0.01824	0.02346	0.02320	0.01734	0.02451	0.01447	0.01941	0.01199	0.00703	0.00769	0.00234	0.00938	0.00691	0.00378	0.01174
41	0.00959	0.00685	0.00916	0.01096	0.01147	0.00642	0.00744	0.01104	0.01498	0.01995	0.04266	0.69313	0.05097	0.02416	0.00993	0.00317	0.00462	0.04997	0.00719	0.00634
42	0.01919	0.01842	0.03147	0.04759	0.67914	0.01842	0.02380	0.02380	0.01765	0.02533	0.01458	0.01919	0.01228	0.00691	0.00768	0.00230	0.00921	0.00691	0.00384	0.01228
43	0.02896	0.03695	0.02197	0.01998	0.02397	0.69638	0.01498	0.03096	0.02197	0.01898	0.01199	0.01398	0.00999	0.00799	0.00699	0.00200	0.01398	0.00499	0.00400	0.00899
44	0.01590	0.08640	0.64408	0.02151	0.03264	0.01885	0.02762	0.02447	0.01633	0.02413	0.01370	0.01611	0.00983	0.00732	0.00721	0.00240	0.01125	0.00562	0.00328	0.01136
45	0.00945	0.00675	0.00900	0.01080	0.01125	0.00630	0.00720	0.01080	0.01484	0.01979	0.04274	0.72245	0.05128	0.02429	0.00990	0.00315	0.00450	0.02204	0.00720	0.00630
46	0.00957	0.00684	0.00911	0.01071	0.01127	0.00638	0.00721	0.01110	0.01541	0.02069	0.09307	0.66955	0.05302	0.02362	0.00984	0.00309	0.00443	0.02140	0.00730	0.00638
47	0.01599	0.09874	0.63254	0.02135	0.03240	0.01908	0.02734	0.02444	0.01632	0.02402	0.01365	0.01604	0.00983	0.00730	0.00716	0.00239	0.01119	0.00560	0.00328	0.01133
48	0.00979	0.00779	0.00887	0.00944	0.01148	0.00687	0.00716	0.01194	0.01737	0.02157	0.09701	0.20192	0.43338	0.02060	0.00953	0.00285	0.00448	0.10409	0.00726	0.00662
49	0.01853	0.01775	0.03029	0.14300	0.58886	0.01825	0.02347	0.02322	0.01734	0.02453	0.01447	0.01940	0.01200	0.00703	0.00769	0.00234	0.00937	0.00691	0.00378	0.01175
50	0.01509	0.01450	0.02447	0.59814	0.04910	0.01807	0.05350	0.01994	0.01525	0.01994	0.01348	0.02028	0.01039	0.00833	0.00977	0.00267	0.08791	0.00700	0.00346	0.00869
51	0.08011	0.01735	0.02816	0.10016	0.52245	0.01771	0.02145	0.02442	0.01745	0.07499	0.01541	0.01934	0.01232	0.00721	0.00746	0.00234	0.00886	0.00676	0.00431	0.01172
52	0.74838	0.01530	0.01193	0.01054	0.01540	0.01769	0.00868	0.05118	0.01424	0.03542	0.01115	0.01287	0.00861	0.00729	0.00493	0.00240	0.00611	0.00432	0.00493	0.00861
53	0.01992	0.01571	0.01947	0.20940	0.02873	0.01710	0.01414	0.27080	0.02351	0.03158	0.02068	0.05280	0.04193	0.09244	0.01131	0.00290	0.00823	0.00813	0.00575	0.10548
54	0.01450	0.01345	0.02193	0.60407	0.04752	0.01674	0.01987	0.01923	0.01541	0.02011	0.01730	0.02351	0.04500	0.00878	0.00888	0.00261	0.05475	0.00738	0.03050	0.00845
55	0.04971	0.01601	0.02420	0.47201	0.08574	0.01877	0.04494	0.14728	0.01986	0.02680	0.01475	0.01984	0.01101	0.00794	0.00768	0.00251	0.00983	0.00689	0.00441	0.00983

[dist]
# distance from previous block
# <min> <max>
0	3

[block]
# block no. 1 follows, 25 sequences, length 39
# corresponding to MSA columns:
# 65-103
name=unknown_B
#
# <colnr> <probs for GDERKNQSTAVLIFYWHMCP>
#	G	D	E	R	K	N	Q	S	T	A	V	L	I	F	Y	W	H	M	C	P
0	0.02112	0.28494	0.28294	0.01799	0.02605	0.11347	0.01946	0.08513	0.01899	0.04439	0.01350	0.01517	0.01050	0.00744	0.00651	0.00209	0.01023	0.00525	0.00401	0.01081
1	0.01992	0.01441	0.05324	0.01445	0.01905	0.01260	0.04688	0.13831	0.02174	0.15629	0.12172	0.19562	0.03185	0.01324	0.00829	0.00243	0.00654	0.01157	0.00724	0.10463
2	0.41529	0.08925	0.18010	0.03906	0.02170	0.01863	0.01457	0.05787	0.01568	0.03024	0.01366	0.04868	0.01132	0.00816	0.00596	0.00238	0.00777	0.00569	0.00452	0.00947
3	0.01763	0.10326	0.41701	0.02380	0.03354	0.01945	0.19865	0.02505	0.01708	0.05133	0.01478	0.01765	0.01076	0.00716	0.00764	0.00242	0.01139	0.00660	0.00372	0.01110
4	0.01464	0.01378	0.02326	0.70887	0.05340	0.01723	0.02153	0.01981	0.01550	0.01981	0.01378	0.02067	0.01034	0.00775	0.00775	0.00258	0.01034	0.00689	0.00345	0.00861
5	0.01666	0.02541	0.23781	0.02719	0.03547	0.01784	0.39646	0.02355	0.01776	0.02488	0.05327	0.05285	0.01637	0.00810	0.00864	0.00258	0.01167	0.00895	0.00413	0.01040
6	0.01445	0.00723	0.00723	0.00723	0.00903	0.00723	0.00542	0.01807	0.01626	0.02891	0.02529	0.02891	0.01987	0.00903	0.00542	0.00181	0.00361	0.00723	0.77055	0.00723
7	0.15530	0.01353	0.01642	0.01328	0.01856	0.01298	0.01093	0.06350	0.04778	0.44583	0.06340	0.02889	0.02169	0.01021	0.00753	0.00247	0.00644	0.04107	0.00845	0.01170
8	0.04373	0.01220	0.01909	0.48778	0.04026	0.01445	0.01701	0.01832	0.01698	0.02301	0.16670	0.03150	0.05797	0.01016	0.00802	0.00255	0.00833	0.00888	0.00484	0.00821
9	0.01445	0.00723	0.00723	0.00723	0.00903	0.00723	0.00542	0.01807	0.01626	0.02891	0.02529	0.02891	0.01987	0.00903	0.00542	0.00181	0.00361	0.00723	0.77055	0.00723
10	0.01175	0.00968	0.01550	0.01461	0.01649	0.00921	0.11038	0.04166	0.01636	0.02189	0.03734	0.57903	0.04327	0.02079	0.00968	0.00303	0.00605	0.01931	0.00670	0.00727
11	0.01708	0.01627	0.02766	0.35420	0.38901	0.01787	0.02275	0.02195	0.01666	0.02277	0.01421	0.01988	0.01138	0.00730	0.00771	0.00243	0.00973	0.00690	0.00366	0.01058
12	0.05565	0.01688	0.01864	0.01516	0.02059	0.05894	0.01222	0.12430	0.19453	0.35713	0.02729	0.02470	0.01858	0.00962	0.00766	0.00242	0.00719	0.00764	0.00836	0.01251
13	0.00945	0.00675	0.00900	0.01080	0.01125	0.00630	0.00720	0.01080	0.01484	0.01979	0.04274	0.72245	0.05128	0.02429	0.00990	0.00315	0.00450	0.02204	0.00720	0.00630
14	0.78228	0.01499	0.01140	0.01020	0.01499	0.01739	0.00840	0.02279	0.01320	0.03479	0.01080	0.01260	0.00840	0.00720	0.00480	0.00240	0.00600	0.00420	0.00480	0.00840
15	0.00945	0.00675	0.00900	0.01080	0.01125	0.00630	0.00720	0.01080	0.01484	0.01979	0.04274	0.72245	0.05128	0.02429	0.00990	0.00315	0.00450	0.02204	0.00720	0.00630
16	0.00928	0.00781	0.00805	0.00810	0.01057	0.00658	0.00603	0.01130	0.01777	0.02144	0.10912	0.10495	0.61324	0.01966	0.00920	0.00263	0.00394	0.01651	0.00727	0.00658
17	0.01093	0.00739	0.00864	0.00894	0.00911	0.00728	0.00527	0.01134	0.01242	0.01664	0.05746	0.17397	0.03447	0.56638	0.03267	0.00649	0.00679	0.01337	0.00533	0.00511
18	0.05104	0.36011	0.10609	0.02015	0.02705	0.05776	0.19147	0.02391	0.01650	0.02146	0.01249	0.01553	0.01039	0.00716	0.00762	0.00215	0.04960	0.00589	0.00358	0.01005
19	0.01464	0.01378	0.02326	0.70887	0.05340	0.01723	0.02153	0.01981	0.01550	0.01981	0.01378	0.02067	0.01034	0.00775	0.00775	0.00258	0.01034	0.00689	0.00345	0.00861
20	0.78228	0.01499	0.01140	0.01020	0.01499	0.01739	0.00840	0.02279	0.01320	0.03479	0.01080	0.01260	0.00840	0.00720	0.00480	0.00240	0.00600	0.00420	0.00480	0.00840
21	0.02084	0.26649	0.25463	0.01767	0.02529	0.11799	0.01866	0.11009	0.01996	0.02529	0.04541	0.01705	0.01343	0.00789	0.00666	0.00211	0.00998	0.00567	0.00426	0.01064
22	0.01017	0.00873	0.04303	0.01107	0.01245	0.00716	0.00829	0.01254	0.01689	0.02316	0.21633	0.50348	0.05528	0.02112	0.00956	0.00292	0.00461	0.01901	0.00737	0.00684
23	0.01445	0.00723	0.00723	0.00723	0.00903	0.00723	0.00542	0.01807	0.01626	0.02891	0.02529	0.02891	0.01987	0.00903	0.00542	0.00181	0.00361	0.00723	0.77055	0.00723
24	0.01878	0.13932	0.41075	0.01868	0.02755	0.01933	0.02166	0.05790	0.07330	0.08012	0.01706	0.01936	0.01282	0.04052	0.00856	0.00257	0.00979	0.00624	0.00449	0.01122
25	0.01843	0.22185	0.39914	0.02043	0.02960	0.08601	0.07499	0.02483	0.01690	0.02237	0.01305	0.01548	0.01003	0.00716	0.00684	0.00221	0.01099	0.00552	0.00341	0.01074
26	0.01445	0.00723	0.00723	0.00723	0.00903	0.00723	0.00542	0.01807	0.01626	0.02891	0.02529	0.02891	0.01987	0.00903	0.00542	0.00181	0.00361	0.00723	0.77055	0.00723
27	0.01665	0.01697	0.03247	0.10720	0.14982	0.01732	0.30271	0.02147	0.01677	0.02332	0.01859	0.10954	0.01689	0.00973	0.01015	0.00266	0.07379	0.00984	0.03438	0.00974
28	0.01412	0.01526	0.08404	0.17630	0.02946	0.01399	0.13138	0.04387	0.01662	0.02242	0.02584	0.28435	0.02703	0.01444	0.00972	0.00285	0.04248	0.03214	0.00521	0.00849
29	0.01464	0.01378	0.02326	0.70887	0.05340	0.01723	0.02153	0.01981	0.01550	0.01981	0.01378	0.02067	0.01034	0.00775	0.00775	0.00258	0.01034	0.00689	0.00345	0.00861
30	0.01175	0.00817	0.01021	0.00955	0.01175	0.00735	0.00722	0.01503	0.02107	0.06077	0.51916	0.05987	0.19638	0.01634	0.00908	0.00247	0.00386	0.01421	0.00831	0.00744
31	0.01445	0.00723	0.00723	0.00723	0.00903	0.00723	0.00542	0.01807	0.01626	0.02891	0.02529	0.02891	0.01987	0.00903	0.00542	0.00181	0.00361	0.00723	0.77055	0.00723
32	0.05546	0.02632	0.02156	0.01790	0.02301	0.26884	0.01417	0.35189	0.06085	0.03596	0.01677	0.01755	0.01258	0.00880	0.00730	0.00221	0.01015	0.00625	0.03119	0.01124
33	0.04565	0.21315	0.18568	0.01472	0.02054	0.01896	0.01474	0.08180	0.04142	0.04930	0.01747	0.02485	0.01570	0.17649	0.04544	0.00386	0.00925	0.00696	0.00456	0.00944
34	0.01445	0.00723	0.00723	0.00723	0.00903	0.00723	0.00542	0.01807	0.01626	0.02891	0.02529	0.02891	0.01987	0.00903	0.00542	0.00181	0.00361	0.00723	0.77055	0.00723
35	0.01618	0.01428	0.02076	0.46180	0.04095	0.01719	0.01787	0.05060	0.16890	0.02479	0.04666	0.02442	0.01661	0.00886	0.00776	0.00255	0.00874	0.00765	0.03390	0.00955
36	0.04372	0.01034	0.01333	0.01155	0.01506	0.00951	0.00917	0.02384	0.04217	0.26070	0.34749	0.04674	0.07377	0.01366	0.00858	0.00250	0.00505	0.04463	0.00864	0.00954
37	0.01675	0.01355	0.01679	0.01753	0.09709	0.01402	0.01206	0.04451	0.25790	0.04754	0.14832	0.09431	0.03379	0.01255	0.00826	0.00251	0.00603	0.05978	0.00710	0.08962
38	0.01955	0.01472	0.01713	0.01449	0.01850	0.06759	0.04624	0.07828	0.06649	0.13588	0.05220	0.18034	0.08781	0.01336	0.00901	0.00245	0.04083	0.01128	0.00675	0.11710

[dist]
# distance from previous block
# <min> <max>
2	3

[block]
# block no. 2 follows, 25 sequences, length 33
# corresponding to MSA columns:
# 107-139
name=unknown_C
#
# <colnr> <probs for GDERKNQSTAVLIFYWHMCP>
#	G	D	E	R	K	N	Q	S	T	A	V	L	I	F	Y	W	H	M	C	P
0	0.11749	0.01686	0.02168	0.39458	0.06908	0.05957	0.01789	0.13853	0.01949	0.02729	0.01445	0.01910	0.01098	0.00961	0.03010	0.00279	0.00995	0.00649	0.00450	0.00957
1	0.02012	0.02103	0.03144	0.08143	0.10279	0.11044	0.24051	0.08788	0.01936	0.02533	0.04287	0.02044	0.01400	0.00882	0.01137	0.00260	0.13737	0.00774	0.00438	0.01010
2	0.01475	0.00844	0.01107	0.01065	0.01152	0.00880	0.00741	0.04383	0.07313	0.01841	0.01700	0.02558	0.01568	0.05488	0.02525	0.55910	0.00651	0.00719	0.07574	0.00508
3	0.01657	0.01552	0.02614	0.34193	0.34077	0.01707	0.02181	0.02134	0.01670	0.02267	0.01650	0.02574	0.01419	0.00854	0.00797	0.00254	0.00954	0.06033	0.00395	0.01019
4	0.01445	0.00723	0.00723	0.00723	0.00903	0.00723	0.00542	0.01807	0.01626	0.02891	0.02529	0.02891	0.01987	0.00903	0.00542	0.00181	0.00361	0.00723	0.77055	0.00723
5	0.02359	0.02407	0.01967	0.01729	0.02153	0.25756	0.01342	0.13167	0.27362	0.02904	0.02461	0.02433	0.05627	0.01012	0.00834	0.00239	0.03790	0.00754	0.00627	0.01076
6	0.01085	0.00789	0.01003	0.00952	0.01128	0.00727	0.00702	0.01412	0.02087	0.02918	0.58295	0.05873	0.11724	0.06578	0.01126	0.00281	0.00395	0.01401	0.00816	0.00707
7	0.01445	0.00723	0.00723	0.00723	0.00903	0.00723	0.00542	0.01807	0.01626	0.02891	0.02529	0.02891	0.01987	0.00903	0.00542	0.00181	0.00361	0.00723	0.77055	0.00723
8	0.03235	0.06398	0.01977	0.01409	0.02001	0.01391	0.01174	0.06377	0.07327	0.55881	0.02876	0.02528	0.01864	0.00945	0.00761	0.00236	0.00676	0.00758	0.00894	0.01290
9	0.01919	0.01842	0.03147	0.04759	0.67914	0.01842	0.02380	0.02380	0.01765	0.02533	0.01458	0.01919	0.01228	0.00691	0.00768	0.00230	0.00921	0.00691	0.00384	0.01228
10	0.01235	0.01015	0.01089	0.01042	0.01330	0.00992	0.00797	0.04926	0.13906	0.02536	0.11499	0.10752	0.40316	0.01749	0.00896	0.00266	0.00470	0.03636	0.00747	0.00801
11	0.02516	0.01573	0.01816	0.01503	0.01967	0.01643	0.01195	0.30969	0.07170	0.19050	0.02819	0.19187	0.02457	0.01309	0.00829	0.00256	0.00693	0.01095	0.00806	0.01145
12	0.01564	0.03870	0.64703	0.02199	0.03276	0.01836	0.02794	0.02420	0.01610	0.02420	0.01369	0.01641	0.00984	0.00774	0.00846	0.00251	0.05409	0.00579	0.00328	0.01128
13	0.00945	0.00675	0.00900	0.01080	0.01125	0.00630	0.00720	0.01080	0.01484	0.01979	0.04274	0.72245	0.05128	0.02429	0.00990	0.00315	0.00450	0.02204	0.00720	0.00630
14	0.01885	0.01807	0.03085	0.09744	0.63197	0.01833	0.02363	0.02350	0.01749	0.02491	0.01452	0.01930	0.01214	0.00697	0.00768	0.00232	0.00930	0.00691	0.00381	0.01201
15	0.01097	0.00793	0.01036	0.00975	0.01158	0.00732	0.00732	0.01463	0.02195	0.03109	0.67505	0.05792	0.07316	0.01585	0.00914	0.00244	0.00366	0.01402	0.00854	0.00732
16	0.01492	0.00941	0.01205	0.01087	0.01338	0.00888	0.00830	0.06157	0.02245	0.10749	0.50602	0.10224	0.06103	0.01531	0.00895	0.00248	0.00440	0.01342	0.00850	0.00833
17	0.02041	0.01721	0.01817	0.01601	0.02059	0.01981	0.01254	0.10878	0.59572	0.03425	0.03013	0.02779	0.02251	0.01039	0.00787	0.00260	0.00640	0.00857	0.00787	0.01237
18	0.78228	0.01499	0.01140	0.01020	0.01499	0.01739	0.00840	0.02279	0.01320	0.03479	0.01080	0.01260	0.00840	0.00720	0.00480	0.00240	0.00600	0.00420	0.00480	0.00840
19	0.01555	0.04011	0.68733	0.02210	0.03356	0.01801	0.02865	0.02455	0.01637	0.02455	0.01391	0.01637	0.00982	0.00737	0.00737	0.00246	0.01146	0.00573	0.00327	0.01146
20	0.01347	0.00673	0.01010	0.01010	0.01010	0.00673	0.00673	0.01010	0.01010	0.01347	0.01347	0.02357	0.01347	0.02694	0.03030	0.77441	0.00673	0.00673	0.00337	0.00337
21	0.01128	0.00752	0.00846	0.00846	0.00846	0.00752	0.00470	0.01128	0.01128	0.01503	0.02443	0.05074	0.02819	0.72751	0.03946	0.00752	0.00752	0.01128	0.00470	0.00470
22	0.00965	0.00683	0.00894	0.01054	0.01094	0.00643	0.00692	0.01085	0.01445	0.01927	0.04071	0.64809	0.04873	0.10214	0.01317	0.00363	0.00483	0.02085	0.00692	0.00612
23	0.01555	0.04011	0.68733	0.02210	0.03356	0.01801	0.02865	0.02455	0.01637	0.02455	0.01391	0.01637	0.00982	0.00737	0.00737	0.00246	0.01146	0.00573	0.00327	0.01146
24	0.01555	0.04011	0.68733	0.02210	0.03356	0.01801	0.02865	0.02455	0.01637	0.02455	0.01391	0.01637	0.00982	0.00737	0.00737	0.00246	0.01146	0.00573	0.00327	0.01146
25	0.01464	0.01378	0.02326	0.70887	0.05340	0.01723	0.02153	0.01981	0.01550	0.01981	0.01378	0.02067	0.01034	0.00775	0.00775	0.00258	0.01034	0.00689	0.00345	0.00861
26	0.03044	0.02017	0.02231	0.01710	0.02327	0.02174	0.01413	0.54118	0.03386	0.16464	0.02080	0.02003	0.01428	0.00936	0.00776	0.00234	0.00818	0.00713	0.00809	0.01319
27	0.01888	0.01810	0.03091	0.09320	0.63599	0.01834	0.02364	0.02352	0.01751	0.02495	0.01453	0.01929	0.01215	0.00697	0.00768	0.00232	0.00929	0.00691	0.00381	0.01203
28	0.01464	0.01378	0.02326	0.70887	0.05340	0.01723	0.02153	0.01981	0.01550	0.01981	0.01378	0.02067	0.01034	0.00775	0.00775	0.00258	0.01034	0.00689	0.00345	0.00861
29	0.01127	0.00756	0.00866	0.00866	0.00874	0.00763	0.00496	0.01141	0.01134	0.01519	0.02424	0.04969	0.02773	0.69278	0.07357	0.00777	0.00820	0.01112	0.00467	0.00481
30	0.01939	0.09940	0.41832	0.02140	0.03080	0.04794	0.08225	0.13999	0.02040	0.02822	0.01457	0.01674	0.01064	0.00760	0.00737	0.00235	0.01088	0.00610	0.00419	0.01144
31	0.01747	0.01882	0.05688	0.17280	0.06749	0.01952	0.29962	0.04836	0.01717	0.02359	0.01526	0.02236	0.01245	0.00881	0.01169	0.00275	0.13953	0.03162	0.00398	0.00981
32	0.40445	0.01530	0.03767	0.01854	0.14261	0.01554	0.01271	0.02399	0.01618	0.11701	0.04813	0.02506	0.01709	0.00923	0.00659	0.00250	0.00686	0.06523	0.00560	0.00970

[dist]
# distance from previous block
# <min> <max>
0	1

[block]
# block no. 3 follows, 25 sequences, length 22
# corresponding to MSA columns:
# 141-162
name=unknown_D
#
# <colnr> <probs for GDERKNQSTAVLIFYWHMCP>
#	G	D	E	R	K	N	Q	S	T	A	V	L	I	F	Y	W	H	M	C	P
0	0.01478	0.01102	0.05099	0.01198	0.01521	0.00894	0.03810	0.01847	0.02065	0.12434	0.41855	0.09544	0.11058	0.01494	0.00890	0.00251	0.00503	0.01317	0.00798	0.00842
1	0.01637	0.01128	0.01378	0.01271	0.01599	0.00974	0.00937	0.04069	0.01809	0.08771	0.06317	0.35655	0.03683	0.01721	0.00904	0.00274	0.00584	0.04093	0.00723	0.22472
2	0.08769	0.01985	0.02085	0.01626	0.02195	0.02197	0.01338	0.54494	0.03276	0.04592	0.01861	0.01909	0.01342	0.00912	0.00731	0.00228	0.00788	0.00678	0.07769	0.01226
3	0.05668	0.01983	0.02101	0.01635	0.02201	0.02190	0.01345	0.55759	0.03329	0.04608	0.01907	0.01954	0.01375	0.00920	0.00738	0.00227	0.00788	0.00690	0.09350	0.01233
4	0.02073	0.73217	0.04063	0.01327	0.01990	0.03068	0.01327	0.02322	0.01575	0.01824	0.01078	0.01244	0.00995	0.00663	0.00498	0.00166	0.00829	0.00415	0.00332	0.00995
5	0.01221	0.00820	0.01086	0.01049	0.01242	0.00760	0.00803	0.01565	0.02099	0.06264	0.52920	0.11186	0.06585	0.01675	0.00929	0.00261	0.00422	0.07527	0.00834	0.00752
6	0.00995	0.00789	0.00894	0.00868	0.01095	0.00688	0.00651	0.01264	0.01952	0.02533	0.33654	0.06740	0.41526	0.01800	0.00916	0.00254	0.00381	0.01535	0.00778	0.00688
7	0.01919	0.01842	0.03147	0.04759	0.67914	0.01842	0.02380	0.02380	0.01765	0.02533	0.01458	0.01919	0.01228	0.00691	0.00768	0.00230	0.00921	0.00691	0.00384	0.01228
8	0.01837	0.02214	0.08433	0.03073	0.06911	0.04393	0.47571	0.02421	0.01746	0.02386	0.01469	0.01978	0.01140	0.00754	0.01092	0.00266	0.10066	0.00836	0.00381	0.01032
9	0.02447	0.01944	0.02011	0.01659	0.02176	0.04293	0.01331	0.34485	0.30450	0.04004	0.02422	0.02331	0.01785	0.00977	0.00769	0.00242	0.00748	0.00769	0.03914	0.01241
10	0.00916	0.00785	0.00785	0.00785	0.01047	0.00655	0.00589	0.01113	0.01767	0.02095	0.07855	0.07462	0.67599	0.01964	0.00916	0.00262	0.00393	0.01636	0.00720	0.00655
11	0.00992	0.00721	0.00946	0.01108	0.01196	0.00675	0.00794	0.01169	0.01560	0.02046	0.04587	0.55723	0.10960	0.02338	0.00996	0.00317	0.00488	0.12021	0.00719	0.00646
12	0.02773	0.02309	0.02275	0.01819	0.02348	0.11561	0.01478	0.47706	0.07456	0.04129	0.01791	0.01854	0.01321	0.00955	0.00906	0.00239	0.06491	0.00681	0.00691	0.01218
13	0.02784	0.01990	0.02155	0.01684	0.02267	0.02178	0.01381	0.51666	0.09534	0.09202	0.02379	0.02303	0.04834	0.00997	0.00784	0.00238	0.00793	0.00769	0.00787	0.01276
14	0.01580	0.01346	0.01577	0.01139	0.01801	0.01017	0.00909	0.01926	0.01640	0.02558	0.04958	0.01834	0.01482	0.00629	0.00593	0.00122	0.00563	0.00510	0.00481	0.73335
15	0.07010	0.01346	0.01571	0.03703	0.01887	0.01254	0.01025	0.07313	0.07902	0.12300	0.04245	0.05723	0.06882	0.01205	0.04209	0.00251	0.00682	0.00783	0.00625	0.30085
16	0.10821	0.14184	0.09265	0.01383	0.01915	0.01797	0.01262	0.12802	0.09801	0.06039	0.06525	0.07544	0.11339	0.01138	0.00732	0.00238	0.00693	0.00902	0.00618	0.01003
17	0.15675	0.12820	0.02110	0.01396	0.01970	0.01920	0.01172	0.14950	0.13899	0.15253	0.02005	0.01963	0.01467	0.00840	0.00661	0.00217	0.00695	0.00626	0.00655	0.09707
18	0.08320	0.10751	0.26522	0.05525	0.02707	0.07233	0.03751	0.07707	0.04278	0.04907	0.01611	0.04834	0.01292	0.00831	0.00698	0.00226	0.00948	0.00646	0.00453	0.06758
19	0.02025	0.01873	0.02549	0.08341	0.25203	0.07100	0.05870	0.15551	0.02161	0.02873	0.05022	0.02638	0.06454	0.00977	0.00932	0.00247	0.06158	0.02436	0.00517	0.01074
20	0.06080	0.01754	0.06929	0.13096	0.29786	0.01658	0.04624	0.02560	0.06917	0.10501	0.06845	0.02356	0.01802	0.00836	0.00772	0.00242	0.00853	0.00758	0.00517	0.01112
21	0.02429	0.13251	0.02811	0.07819	0.07656	0.09037	0.07312	0.25648	0.04607	0.05997	0.01628	0.01820	0.01238	0.00846	0.00826	0.00230	0.04499	0.00661	0.00555	0.01130

[dist]
# distance from previous block
# <min> <max>
0	15

[block]
# block no. 4 follows, 25 sequences, length 7
# corresponding to MSA columns:
# 179-185
name=unknown_E
#
# <colnr> <probs for GDERKNQSTAVLIFYWHMCP>
#	G	D	E	R	K	N	Q	S	T	A	V	L	I	F	Y	W	H	M	C	P
0	0.06387	0.28661	0.08871	0.01473	0.02156	0.02206	0.01395	0.15749	0.02099	0.12178	0.01592	0.01656	0.01205	0.00760	0.00627	0.00195	0.00795	0.00547	0.00538	0.10909
1	0.11833	0.10767	0.02001	0.01414	0.01949	0.01883	0.01160	0.07866	0.29809	0.10547	0.02296	0.02208	0.01716	0.00881	0.00683	0.00224	0.00657	0.00683	0.00668	0.10753
2	0.01676	0.01504	0.01999	0.01469	0.02139	0.01264	0.09026	0.02294	0.09865	0.02612	0.01627	0.01832	0.01306	0.00645	0.00644	0.00152	0.00671	0.00570	0.00493	0.58211
3	0.02304	0.10944	0.02917	0.09815	0.19337	0.02016	0.09119	0.17577	0.02235	0.11294	0.01797	0.02162	0.01384	0.00829	0.00764	0.00234	0.00910	0.02655	0.00551	0.01156
4	0.02183	0.01836	0.02549	0.02508	0.18236	0.01870	0.09530	0.28470	0.02545	0.03453	0.02444	0.02592	0.09668	0.00937	0.00791	0.00229	0.00844	0.00822	0.00598	0.07895
5	0.08117	0.02478	0.19758	0.19683	0.06377	0.08870	0.09233	0.05086	0.06271	0.02506	0.01497	0.01853	0.01130	0.00789	0.00804	0.00248	0.03213	0.00656	0.00413	0.01019
6	0.01584	0.10908	0.10167	0.49547	0.09052	0.01912	0.02144	0.02106	0.01578	0.02054	0.01347	0.01902	0.01036	0.00751	0.00735	0.00243	0.01012	0.00641	0.00344	0.00936

[dist]
# distance from previous block
# <min> <max>
19	107

[block]
# block no. 5 follows, 25 sequences, length 7
# corresponding to MSA columns:
# 305-311
name=unknown_F
#
# <colnr> <probs for GDERKNQSTAVLIFYWHMCP>
#	G	D	E	R	K	N	Q	S	T	A	V	L	I	F	Y	W	H	M	C	P
0	0.01956	0.01389	0.01775	0.12287	0.10845	0.07108	0.01312	0.02312	0.01999	0.17434	0.25559	0.03591	0.03593	0.04303	0.00960	0.00262	0.00714	0.00969	0.00682	0.00952
1	0.07280	0.01517	0.02468	0.47196	0.22575	0.01757	0.02119	0.02115	0.01594	0.02247	0.01378	0.01966	0.01074	0.00747	0.00751	0.00249	0.00970	0.00670	0.00366	0.00962
2	0.01539	0.01336	0.01729	0.16877	0.02579	0.01167	0.01184	0.01923	0.01637	0.02446	0.06153	0.02014	0.01568	0.00693	0.00644	0.00157	0.00663	0.00579	0.00462	0.54651
3	0.02003	0.52404	0.08251	0.02161	0.16963	0.02705	0.01669	0.02344	0.01623	0.02027	0.01185	0.01423	0.01047	0.00675	0.00575	0.00186	0.00871	0.00488	0.00343	0.01058
4	0.78228	0.01499	0.01140	0.01020	0.01499	0.01739	0.00840	0.02279	0.01320	0.03479	0.01080	0.01260	0.00840	0.00720	0.00480	0.00240	0.00600	0.00420	0.00480	0.00840
5	0.03359	0.01512	0.01918	0.01471	0.02075	0.01425	0.01215	0.17671	0.02541	0.54104	0.02789	0.02464	0.01784	0.00953	0.00779	0.00238	0.00703	0.00761	0.00918	0.01319
6	0.01555	0.04011	0.68733	0.02210	0.03356	0.01801	0.02865	0.02455	0.01637	0.02455	0.01391	0.01637	0.00982	0.00737	0.00737	0.00246	0.01146	0.00573	0.00327	0.01146

[dist]
# distance from previous block
# <min> <max>
5	22

[block]
# block no. 6 follows, 25 sequences, length 18
# corresponding to MSA columns:
# 335-352
name=unknown_G
#
# <colnr> <probs for GDERKNQSTAVLIFYWHMCP>
#	G	D	E	R	K	N	Q	S	T	A	V	L	I	F	Y	W	H	M	C	P
0	0.55632	0.01495	0.01441	0.11672	0.02172	0.01709	0.01098	0.05368	0.01554	0.09756	0.01358	0.01547	0.00999	0.00762	0.00568	0.00242	0.00683	0.00509	0.00521	0.00913
1	0.04321	0.01738	0.02198	0.18446	0.02835	0.09832	0.03604	0.02146	0.01510	0.06819	0.01509	0.05397	0.01336	0.01361	0.05003	0.00336	0.29558	0.00750	0.00422	0.00879
2	0.01801	0.01782	0.02313	0.08227	0.06120	0.08046	0.06278	0.04234	0.07142	0.02246	0.01483	0.01969	0.01268	0.01452	0.07841	0.00357	0.26632	0.00688	0.00425	0.09696
3	0.05226	0.01710	0.09789	0.36828	0.03974	0.01629	0.09627	0.02279	0.04705	0.06742	0.01786	0.05594	0.01409	0.00867	0.00775	0.00255	0.00953	0.00783	0.04125	0.00945
4	0.02091	0.01671	0.02260	0.08057	0.20959	0.01826	0.01671	0.09964	0.23017	0.08962	0.02337	0.02717	0.01845	0.00987	0.00880	0.00257	0.04120	0.04583	0.00627	0.01167
5	0.07651	0.22049	0.12040	0.01919	0.07075	0.22218	0.01636	0.05849	0.05349	0.02358	0.01465	0.01834	0.01237	0.00817	0.00663	0.00214	0.01018	0.03168	0.00429	0.01011
6	0.02590	0.01931	0.02102	0.01637	0.02209	0.02081	0.01332	0.48074	0.08629	0.04222	0.01880	0.01953	0.01390	0.01017	0.00904	0.05416	0.00787	0.00683	0.00709	0.10454
7	0.28987	0.12105	0.05567	0.01379	0.01959	0.01973	0.01221	0.17055	0.04786	0.13159	0.03843	0.01838	0.01417	0.00839	0.00636	0.00229	0.00722	0.00596	0.00615	0.01073
8	0.07744	0.01555	0.01701	0.01450	0.01951	0.01662	0.01147	0.03674	0.42094	0.15634	0.02784	0.02579	0.02031	0.00956	0.00740	0.00240	0.00617	0.00777	0.00762	0.09901
9	0.01608	0.01378	0.01608	0.01148	0.01837	0.01034	0.00919	0.01952	0.01608	0.02527	0.01378	0.01608	0.01148	0.00574	0.00574	0.00115	0.00574	0.00459	0.00459	0.77491
10	0.02367	0.01722	0.01879	0.01568	0.02062	0.01892	0.01251	0.26707	0.29597	0.10456	0.02957	0.06416	0.05355	0.01116	0.00800	0.00252	0.00688	0.00909	0.00794	0.01210
11	0.00916	0.00785	0.00785	0.00785	0.01047	0.00655	0.00589	0.01113	0.01767	0.02095	0.07855	0.07462	0.67599	0.01964	0.00916	0.00262	0.00393	0.01636	0.00720	0.00655
12	0.03167	0.01819	0.02109	0.01617	0.02229	0.01881	0.01336	0.39874	0.03056	0.31174	0.02357	0.02183	0.01567	0.00943	0.00777	0.00236	0.00773	0.00732	0.00852	0.01319
13	0.01086	0.00792	0.01021	0.00964	0.01152	0.00727	0.00723	0.01442	0.02168	0.03047	0.63826	0.05895	0.11034	0.01608	0.00915	0.00245	0.00367	0.01417	0.00845	0.00727
14	0.02947	0.02172	0.02327	0.01784	0.02404	0.02404	0.01474	0.65329	0.03646	0.04887	0.01862	0.01862	0.01319	0.00931	0.00776	0.00233	0.00853	0.00698	0.00776	0.01319
15	0.01529	0.01430	0.02445	0.57090	0.11589	0.01697	0.05261	0.02039	0.01591	0.02109	0.01453	0.02094	0.01109	0.00767	0.00770	0.00252	0.01002	0.00702	0.04168	0.00902
16	0.03134	0.01343	0.01766	0.01361	0.01938	0.01187	0.01116	0.07620	0.02269	0.54644	0.07521	0.02740	0.02213	0.00975	0.00774	0.00231	0.00645	0.00796	0.00903	0.06823
17	0.02947	0.02172	0.02327	0.01784	0.02404	0.02404	0.01474	0.65329	0.03646	0.04887	0.01862	0.01862	0.01319	0.00931	0.00776	0.00233	0.00853	0.00698	0.00776	0.01319

[dist]
# distance from previous block
# <min> <max>
0	1

[block]
# block no. 7 follows, 25 sequences, length 19
# corresponding to MSA columns:
# 354-372
name=unknown_H
#
# <colnr> <probs for GDERKNQSTAVLIFYWHMCP>
#	G	D	E	R	K	N	Q	S	T	A	V	L	I	F	Y	W	H	M	C	P
0	0.04780	0.00785	0.00963	0.00990	0.01150	0.00736	0.00715	0.01326	0.01853	0.02609	0.34937	0.28857	0.13690	0.01883	0.00920	0.00271	0.00410	0.01662	0.00772	0.00692
1	0.02947	0.02172	0.02327	0.01784	0.02404	0.02404	0.01474	0.65329	0.03646	0.04887	0.01862	0.01862	0.01319	0.00931	0.00776	0.00233	0.00853	0.00698	0.00776	0.01319
2	0.02947	0.02172	0.02327	0.01784	0.02404	0.02404	0.01474	0.65329	0.03646	0.04887	0.01862	0.01862	0.01319	0.00931	0.00776	0.00233	0.00853	0.00698	0.00776	0.01319
3	0.02073	0.73217	0.04063	0.01327	0.01990	0.03068	0.01327	0.02322	0.01575	0.01824	0.01078	0.01244	0.00995	0.00663	0.00498	0.00166	0.00829	0.00415	0.00332	0.00995
4	0.01552	0.01499	0.02289	0.35510	0.03606	0.01984	0.01878	0.01889	0.01377	0.01927	0.01329	0.04825	0.01197	0.01119	0.01618	0.00299	0.34151	0.00747	0.00358	0.00845
5	0.02871	0.02098	0.02245	0.01730	0.02328	0.02319	0.01426	0.62094	0.03543	0.04785	0.01896	0.01914	0.01353	0.00929	0.00764	0.00230	0.00828	0.00699	0.04660	0.01288
6	0.01464	0.01378	0.02326	0.70887	0.05340	0.01723	0.02153	0.01981	0.01550	0.01981	0.01378	0.02067	0.01034	0.00775	0.00775	0.00258	0.01034	0.00689	0.00345	0.00861
7	0.02947	0.02172	0.02327	0.01784	0.02404	0.02404	0.01474	0.65329	0.03646	0.04887	0.01862	0.01862	0.01319	0.00931	0.00776	0.00233	0.00853	0.00698	0.00776	0.01319
8	0.01586	0.08072	0.64939	0.02158	0.03276	0.01875	0.02774	0.02448	0.01633	0.02418	0.01373	0.01614	0.00983	0.00732	0.00723	0.00241	0.01127	0.00564	0.00328	0.01137
9	0.01172	0.00824	0.01104	0.01172	0.01342	0.00795	0.00952	0.01515	0.01925	0.02656	0.30690	0.12198	0.05582	0.01864	0.00970	0.00297	0.00528	0.28820	0.04879	0.00715
10	0.02073	0.73217	0.04063	0.01327	0.01990	0.03068	0.01327	0.02322	0.01575	0.01824	0.01078	0.01244	0.00995	0.00663	0.00498	0.00166	0.00829	0.00415	0.00332	0.00995
11	0.00945	0.00675	0.00900	0.01080	0.01125	0.00630	0.00720	0.01080	0.01484	0.01979	0.04274	0.72245	0.05128	0.02429	0.00990	0.00315	0.00450	0.02204	0.00720	0.00630
12	0.02683	0.01989	0.02147	0.01700	0.02251	0.02195	0.01382	0.55204	0.07059	0.04494	0.02184	0.09135	0.01770	0.01091	0.00798	0.00243	0.00798	0.00863	0.00771	0.01243
13	0.16946	0.01677	0.01694	0.01407	0.01863	0.10684	0.01132	0.06282	0.02054	0.30757	0.10824	0.02528	0.02220	0.01000	0.00845	0.00241	0.05306	0.00746	0.00729	0.01063
14	0.01717	0.01369	0.01596	0.01190	0.01804	0.01106	0.00940	0.06793	0.01761	0.04989	0.01702	0.06373	0.01508	0.03345	0.00746	0.00164	0.00597	0.00627	0.00519	0.61156
15	0.62188	0.04029	0.01303	0.01064	0.01539	0.01721	0.00881	0.05944	0.01521	0.05852	0.01315	0.01477	0.01006	0.00754	0.00514	0.00232	0.00606	0.00474	0.06701	0.00881
16	0.02794	0.06884	0.11400	0.01742	0.02433	0.02144	0.01595	0.41908	0.02988	0.15470	0.01956	0.01927	0.01357	0.00892	0.00753	0.00231	0.00858	0.00677	0.00718	0.01274
17	0.17515	0.07731	0.45680	0.01846	0.02783	0.01820	0.02221	0.02509	0.01611	0.07546	0.01431	0.01609	0.01024	0.00745	0.00672	0.00239	0.00977	0.00547	0.00406	0.01086
18	0.01519	0.01266	0.01607	0.01331	0.01678	0.01236	0.03109	0.06375	0.01601	0.02327	0.02109	0.15936	0.02196	0.13226	0.01535	0.00307	0.10902	0.00975	0.00516	0.30251

[dist]
# distance from previous block
# <min> <max>
15	26

[block]
# block no. 8 follows, 25 sequences, length 12
# corresponding to MSA columns:
# 400-411
name=unknown_I
#
# <colnr> <probs for GDERKNQSTAVLIFYWHMCP>
#	G	D	E	R	K	N	Q	S	T	A	V	L	I	F	Y	W	H	M	C	P
0	0.01732	0.27676	0.46619	0.01908	0.02889	0.02234	0.02339	0.02410	0.01616	0.02240	0.01284	0.01503	0.00987	0.00712	0.00655	0.00218	0.01038	0.00519	0.00329	0.01094
1	0.01555	0.04011	0.68733	0.02210	0.03356	0.01801	0.02865	0.02455	0.01637	0.02455	0.01391	0.01637	0.00982	0.00737	0.00737	0.00246	0.01146	0.00573	0.00327	0.01146
2	0.02073	0.73217	0.04063	0.01327	0.01990	0.03068	0.01327	0.02322	0.01575	0.01824	0.01078	0.01244	0.00995	0.00663	0.00498	0.00166	0.00829	0.00415	0.00332	0.00995
3	0.00916	0.00785	0.00785	0.00785	0.01047	0.00655	0.00589	0.01113	0.01767	0.02095	0.07855	0.07462	0.67599	0.01964	0.00916	0.00262	0.00393	0.01636	0.00720	0.00655
4	0.02073	0.73217	0.04063	0.01327	0.01990	0.03068	0.01327	0.02322	0.01575	0.01824	0.01078	0.01244	0.00995	0.00663	0.00498	0.00166	0.00829	0.00415	0.00332	0.00995
5	0.03229	0.01500	0.05480	0.01444	0.02059	0.01249	0.01243	0.03738	0.08173	0.58747	0.02976	0.02608	0.01909	0.00956	0.00778	0.00242	0.00682	0.00777	0.00909	0.01301
6	0.00961	0.00687	0.00914	0.01069	0.01128	0.00640	0.00721	0.01120	0.01559	0.02098	0.10895	0.65286	0.05357	0.02341	0.00982	0.00307	0.00441	0.02120	0.00734	0.00640
7	0.01137	0.00831	0.01106	0.01236	0.01403	0.00799	0.01017	0.01436	0.01774	0.02314	0.11231	0.19151	0.13237	0.02110	0.01020	0.00325	0.00590	0.37858	0.00730	0.00694
8	0.02679	0.01993	0.02160	0.01673	0.02263	0.02148	0.01368	0.54603	0.03295	0.04454	0.01966	0.06357	0.01546	0.00990	0.00768	0.00226	0.00798	0.00770	0.00739	0.09204
9	0.03204	0.01703	0.11346	0.01498	0.02176	0.01234	0.01386	0.03590	0.02136	0.59038	0.02821	0.02496	0.01786	0.00928	0.00774	0.00241	0.00729	0.00750	0.00869	0.01295
10	0.01580	0.01526	0.02152	0.01880	0.01907	0.02098	0.01553	0.01771	0.01199	0.01853	0.01227	0.01963	0.01199	0.02236	0.15783	0.00518	0.57675	0.00709	0.00354	0.00817
11	0.05142	0.01963	0.01835	0.08218	0.02259	0.17399	0.01307	0.21024	0.02255	0.02941	0.01750	0.02130	0.01411	0.01998	0.16576	0.00456	0.01217	0.00673	0.08493	0.00952

[dist]
# distance from previous block
# <min> <max>
1	3

[block]
# block no. 9 follows, 25 sequences, length 9
# corresponding to MSA columns:
# 415-423
name=unknown_J
#
# <colnr> <probs for GDERKNQSTAVLIFYWHMCP>
#	G	D	E	R	K	N	Q	S	T	A	V	L	I	F	Y	W	H	M	C	P
0	0.14906	0.04896	0.04512	0.02328	0.13371	0.07884	0.07578	0.18701	0.05306	0.03170	0.01505	0.01755	0.01178	0.00854	0.00915	0.00244	0.08647	0.00646	0.00514	0.01088
1	0.10886	0.01602	0.02780	0.40537	0.10485	0.01791	0.16582	0.02171	0.01607	0.02331	0.01394	0.01961	0.01062	0.00732	0.00771	0.00254	0.01034	0.00709	0.00376	0.00936
2	0.01869	0.01599	0.02222	0.37642	0.03806	0.01930	0.01799	0.17390	0.08138	0.02780	0.01663	0.02110	0.01272	0.01149	0.04426	0.00310	0.07689	0.00715	0.00493	0.00996
3	0.01120	0.00838	0.01077	0.01088	0.01289	0.00754	0.00821	0.01397	0.01805	0.02491	0.25839	0.27624	0.08931	0.01850	0.00923	0.00270	0.00473	0.10962	0.00734	0.09713
4	0.05626	0.02047	0.02092	0.01659	0.02216	0.05915	0.01352	0.46403	0.09209	0.07817	0.02024	0.02017	0.01456	0.00927	0.00747	0.00231	0.00810	0.00699	0.05521	0.01231
5	0.02623	0.02317	0.02036	0.01668	0.02170	0.18817	0.01331	0.39236	0.02967	0.03719	0.02434	0.02455	0.09062	0.01018	0.00762	0.00225	0.00911	0.00760	0.04383	0.01107
6	0.03215	0.09792	0.02063	0.01386	0.01983	0.01416	0.01167	0.03629	0.06217	0.56489	0.02832	0.02491	0.01839	0.00931	0.00747	0.00233	0.00677	0.00743	0.00875	0.01276
7	0.01376	0.01047	0.01657	0.01479	0.01737	0.01016	0.10120	0.01707	0.01842	0.06907	0.22665	0.21215	0.06676	0.01707	0.01030	0.00288	0.04066	0.11966	0.00709	0.00792
8	0.02947	0.02172	0.02327	0.01784	0.02404	0.02404	0.01474	0.65329	0.03646	0.04887	0.01862	0.01862	0.01319	0.00931	0.00776	0.00233	0.00853	0.00698	0.00776	0.01319

[dist]
# distance from previous block
# <min> <max>
1	24

[block]
# block no. 10 follows, 25 sequences, length 28
# corresponding to MSA columns:
# 448-475
name=unknown_K
#
# <colnr> <probs for GDERKNQSTAVLIFYWHMCP>
#	G	D	E	R	K	N	Q	S	T	A	V	L	I	F	Y	W	H	M	C	P
0	0.02783	0.02090	0.02234	0.01751	0.02342	0.02328	0.01434	0.55452	0.13790	0.04621	0.02070	0.02028	0.01488	0.00950	0.00778	0.00238	0.00815	0.00727	0.00778	0.01304
1	0.02947	0.02172	0.02327	0.01784	0.02404	0.02404	0.01474	0.65329	0.03646	0.04887	0.01862	0.01862	0.01319	0.00931	0.00776	0.00233	0.00853	0.00698	0.00776	0.01319
2	0.00929	0.00735	0.00838	0.00920	0.01083	0.00643	0.00649	0.01098	0.01638	0.02042	0.06218	0.37076	0.39042	0.02176	0.00950	0.00286	0.00419	0.01896	0.00720	0.00643
3	0.02896	0.03695	0.02197	0.01998	0.02397	0.69638	0.01498	0.03096	0.02197	0.01898	0.01199	0.01398	0.00999	0.00799	0.00699	0.00200	0.01398	0.00499	0.00400	0.00899
4	0.02947	0.02172	0.02327	0.01784	0.02404	0.02404	0.01474	0.65329	0.03646	0.04887	0.01862	0.01862	0.01319	0.00931	0.00776	0.00233	0.00853	0.00698	0.00776	0.01319
5	0.01206	0.00893	0.01177	0.01314	0.01508	0.00881	0.01115	0.01597	0.04293	0.02301	0.04655	0.12121	0.14136	0.02089	0.01031	0.00336	0.00645	0.47264	0.00718	0.00720
