[name]
unknown

[dist]
# distance from previous block
# <min> <max>
0	26

[block]
# block no. 0 follows, 25 sequences, length 7
# corresponding to MSA columns:
# 26-32
name=unknown_A
#
# <colnr> <probs for GDERKNQSTAVLIFYWHMCP>
#	G	D	E	R	K	N	Q	S	T	A	V	L	I	F	Y	W	H	M	C	P
0	0.01249	0.00892	0.01249	0.01428	0.01606	0.00892	0.01249	0.01606	0.01785	0.02320	0.04105	0.08746	0.04462	0.02142	0.01071	0.00357	0.00714	0.62695	0.00714	0.00714
1	0.64216	0.01371	0.01121	0.01012	0.01438	0.01556	0.00820	0.02131	0.01479	0.03412	0.13147	0.02083	0.02016	0.00877	0.00559	0.00241	0.00557	0.00598	0.00548	0.00820
2	0.01919	0.01842	0.03147	0.04759	0.67914	0.01842	0.02380	0.02380	0.01765	0.02533	0.01458	0.01919	0.01228	0.00691	0.00768	0.00230	0.00921	0.00691	0.00384	0.01228
3	0.01806	0.01727	0.02942	0.21247	0.52312	0.01812	0.02323	0.02280	0.01712	0.02395	0.01438	0.01956	0.01180	0.00712	0.00769	0.00237	0.00949	0.00690	0.00374	0.01137
4	0.01552	0.01468	0.02485	0.58082	0.17457	0.01746	0.02197	0.02058	0.01592	0.02088	0.01394	0.02038	0.01071	0.00759	0.00774	0.00253	0.01012	0.00689	0.00352	0.00932
5	0.34578	0.01635	0.02298	0.01996	0.08345	0.01692	0.17056	0.05390	0.01762	0.09935	0.06848	0.02066	0.01618	0.00805	0.00695	0.00244	0.00805	0.00698	0.00543	0.00991
6	0.01803	0.01959	0.09065	0.16537	0.50574	0.01817	0.02383	0.02314	0.01715	0.02426	0.01438	0.01920	0.01170	0.00710	0.00766	0.00237	0.00962	0.00680	0.00371	0.01154

[dist]
# distance from previous block
# <min> <max>
5	10

[block]
# block no. 1 follows, 25 sequences, length 40
# corresponding to MSA columns:
# 44-83
name=unknown_B
#
# <colnr> <probs for GDERKNQSTAVLIFYWHMCP>
#	G	D	E	R	K	N	Q	S	T	A	V	L	I	F	Y	W	H	M	C	P
0	0.02159	0.23535	0.12489	0.01544	0.02166	0.08445	0.01473	0.16182	0.02187	0.05159	0.08094	0.02073	0.01795	0.00860	0.00671	0.00205	0.00843	0.00641	0.05357	0.04122
1	0.01202	0.00911	0.01012	0.00967	0.01155	0.00887	0.00681	0.04835	0.06609	0.02336	0.16693	0.08938	0.24689	0.23575	0.01835	0.00410	0.00542	0.01356	0.00677	0.00690
2	0.01955	0.50135	0.22893	0.01612	0.02406	0.05426	0.01783	0.02393	0.01619	0.02012	0.01175	0.01365	0.00991	0.00690	0.00576	0.00191	0.00945	0.00464	0.00333	0.01035
3	0.01138	0.00871	0.01099	0.01164	0.01271	0.00902	0.00833	0.01509	0.08085	0.02203	0.10808	0.42140	0.06639	0.08426	0.01322	0.00343	0.04734	0.05111	0.00696	0.00705
4	0.02247	0.01603	0.01759	0.01505	0.01981	0.01753	0.01192	0.12617	0.40963	0.14347	0.03365	0.03102	0.07862	0.01099	0.00797	0.00255	0.00637	0.00901	0.00810	0.01206
5	0.65125	0.01400	0.01153	0.01029	0.01475	0.01584	0.00838	0.02234	0.01470	0.06094	0.09806	0.01906	0.01727	0.00842	0.00549	0.00240	0.00572	0.00562	0.00548	0.00845
6	0.01603	0.01328	0.01556	0.01158	0.01758	0.01065	0.00921	0.05659	0.01827	0.02765	0.12414	0.02319	0.02185	0.00764	0.00643	0.00143	0.00556	0.00631	0.00544	0.60161
7	0.02686	0.02079	0.02162	0.01716	0.02276	0.04941	0.01396	0.49868	0.13202	0.04415	0.05653	0.02219	0.01798	0.00980	0.00782	0.00237	0.00811	0.00756	0.00767	0.01255
8	0.01445	0.00723	0.00723	0.00723	0.00903	0.00723	0.00542	0.01807	0.01626	0.02891	0.02529	0.02891	0.01987	0.00903	0.00542	0.00181	0.00361	0.00723	0.77055	0.00723
9	0.01732	0.01582	0.02052	0.37863	0.03742	0.04631	0.01703	0.06648	0.22094	0.02563	0.02330	0.02595	0.05290	0.00941	0.00784	0.00256	0.00869	0.00795	0.00535	0.00995
10	0.01696	0.01696	0.02375	0.02036	0.02036	0.02375	0.01696	0.01866	0.01187	0.01866	0.01018	0.01696	0.01018	0.01357	0.02545	0.00339	0.71332	0.00679	0.00339	0.00848
11	0.00916	0.00785	0.00785	0.00785	0.01047	0.00655	0.00589	0.01113	0.01767	0.02095	0.07855	0.07462	0.67599	0.01964	0.00916	0.00262	0.00393	0.01636	0.00720	0.00655
12	0.01630	0.01547	0.02625	0.46821	0.28113	0.01766	0.02236	0.02126	0.01629	0.02182	0.01407	0.02013	0.01104	0.00744	0.00772	0.00248	0.00993	0.00690	0.00359	0.00995
13	0.01919	0.01835	0.03092	0.04634	0.65318	0.01846	0.02334	0.02448	0.04316	0.02561	0.01525	0.01957	0.01273	0.00705	0.00768	0.00232	0.00909	0.00698	0.00400	0.01228
14	0.78228	0.01499	0.01140	0.01020	0.01499	0.01739	0.00840	0.02279	0.01320	0.03479	0.01080	0.01260	0.00840	0.00720	0.00480	0.00240	0.00600	0.00420	0.00480	0.00840
15	0.01656	0.01326	0.01422	0.01293	0.01663	0.01422	0.00999	0.06392	0.34814	0.05487	0.07245	0.08281	0.21967	0.01413	0.00842	0.00262	0.00544	0.01186	0.00773	0.01011
16	0.02021	0.66250	0.10574	0.01416	0.02128	0.02940	0.01482	0.02335	0.01582	0.01888	0.01110	0.01283	0.00994	0.00671	0.00522	0.00174	0.00861	0.00431	0.00331	0.01010
17	0.01949	0.02044	0.03550	0.02863	0.09320	0.05606	0.35336	0.07538	0.01867	0.02551	0.01455	0.01919	0.01154	0.00803	0.01136	0.00256	0.13244	0.00782	0.00419	0.06205
18	0.06962	0.01966	0.02001	0.01642	0.02176	0.06099	0.01321	0.30771	0.25211	0.10122	0.02343	0.02233	0.01695	0.00956	0.00759	0.00242	0.00769	0.00740	0.00758	0.01234
19	0.01042	0.00748	0.01023	0.01086	0.01161	0.00707	0.02822	0.01153	0.01448	0.01930	0.07175	0.46302	0.07152	0.15410	0.01668	0.05596	0.00543	0.01790	0.00644	0.00601
20	0.00961	0.00692	0.00895	0.01041	0.01103	0.00644	0.00696	0.01102	0.01511	0.02006	0.07147	0.60928	0.09107	0.06801	0.01168	0.00336	0.00462	0.02065	0.00710	0.00626
21	0.01863	0.01785	0.03046	0.12870	0.60239	0.01828	0.02352	0.02331	0.01739	0.02465	0.01449	0.01937	0.01204	0.00701	0.00769	0.00234	0.00935	0.00691	0.00379	0.01183
22	0.01890	0.01813	0.03095	0.08933	0.63964	0.01835	0.02365	0.02354	0.01752	0.02498	0.01453	0.01928	0.01216	0.00696	0.00768	0.00232	0.00928	0.00691	0.00381	0.01205
23	0.01608	0.01101	0.01290	0.01253	0.01526	0.01130	0.00930	0.02451	0.23084	0.11361	0.04123	0.33058	0.10453	0.01727	0.00887	0.00282	0.00526	0.01513	0.00775	0.00923
24	0.13712	0.01769	0.01884	0.01499	0.02026	0.01926	0.01227	0.39726	0.02816	0.08225	0.04494	0.02105	0.01598	0.01241	0.05329	0.00296	0.00830	0.00692	0.04782	0.03822
25	0.26783	0.05236	0.01662	0.01311	0.01726	0.01385	0.07281	0.04169	0.01629	0.06949	0.02787	0.20108	0.08722	0.01281	0.00733	0.00251	0.00636	0.01079	0.00588	0.05683
26	0.02019	0.30797	0.02601	0.01423	0.01882	0.18322	0.01203	0.04425	0.06447	0.02225	0.09920	0.06668	0.07066	0.01045	0.00686	0.00208	0.00841	0.00793	0.00509	0.00920
27	0.04531	0.01983	0.11652	0.01860	0.06648	0.01738	0.04767	0.27598	0.02509	0.03504	0.12196	0.06820	0.02489	0.05007	0.00971	0.00268	0.00801	0.00900	0.00639	0.03118
28	0.02227	0.38986	0.03235	0.01799	0.07850	0.07560	0.01458	0.10253	0.01887	0.05122	0.01311	0.01515	0.01105	0.00787	0.00793	0.00200	0.07960	0.00525	0.00431	0.04996
29	0.05595	0.00724	0.00989	0.00982	0.01026	0.00737	0.00669	0.01159	0.01088	0.01618	0.01450	0.02350	0.01383	0.02407	0.02642	0.65494	0.00638	0.00664	0.07982	0.00403
30	0.02303	0.07121	0.02047	0.01663	0.02090	0.23340	0.01292	0.11710	0.27352	0.02803	0.02218	0.04619	0.01818	0.05092	0.00927	0.00262	0.00911	0.00761	0.00613	0.01057
31	0.04661	0.01974	0.02148	0.10180	0.05450	0.08502	0.01484	0.31790	0.06594	0.12930	0.05053	0.02186	0.01668	0.00925	0.00768	0.00236	0.00859	0.00726	0.00693	0.01173
32	0.01445	0.00723	0.00723	0.00723	0.00903	0.00723	0.00542	0.01807	0.01626	0.02891	0.02529	0.02891	0.01987	0.00903	0.00542	0.00181	0.00361	0.00723	0.77055	0.00723
33	0.01812	0.02221	0.08907	0.03197	0.04005	0.01950	0.60896	0.02482	0.01817	0.02482	0.01557	0.02061	0.01163	0.00659	0.00903	0.00260	0.01296	0.00892	0.00388	0.01053
34	0.02018	0.59712	0.08442	0.01420	0.02091	0.02841	0.01426	0.02546	0.09317	0.02039	0.01348	0.01469	0.01158	0.00715	0.00549	0.00183	0.00826	0.00481	0.00386	0.01034
35	0.01445	0.00723	0.00723	0.00723	0.00903	0.00723	0.00542	0.01807	0.01626	0.02891	0.02529	0.02891	0.01987	0.00903	0.00542	0.00181	0.00361	0.00723	0.77055	0.00723
36	0.10101	0.02211	0.12620	0.03455	0.35729	0.03584	0.09378	0.06001	0.01800	0.02707	0.01418	0.01801	0.01135	0.00742	0.00825	0.00241	0.04043	0.00665	0.00408	0.01134
37	0.12953	0.08117	0.04694	0.01800	0.02245	0.05700	0.10507	0.04994	0.04964	0.02499	0.01715	0.02021	0.04931	0.00962	0.01182	0.00249	0.19715	0.00680	0.00447	0.09627
38	0.06515	0.13558	0.47821	0.01915	0.02866	0.01949	0.02321	0.05613	0.01744	0.02592	0.05146	0.01807	0.01356	0.00784	0.00698	0.00233	0.01006	0.00595	0.00391	0.01090
39	0.04391	0.14501	0.31306	0.02296	0.13625	0.03696	0.02106	0.06077	0.01761	0.02504	0.01545	0.06070	0.01312	0.00828	0.00703	0.00225	0.00953	0.00664	0.00403	0.05036

[dist]
# distance from previous block
# <min> <max>
9	19

[block]
# block no. 2 follows, 25 sequences, length 19
# corresponding to MSA columns:
# 104-122
name=unknown_C
#
# <colnr> <probs for GDERKNQSTAVLIFYWHMCP>
#	G	D	E	R	K	N	Q	S	T	A	V	L	I	F	Y	W	H	M	C	P
0	0.14680	0.08012	0.10420	0.06651	0.13304	0.06423	0.09471	0.07917	0.06391	0.07219	0.01608	0.01829	0.01216	0.00770	0.00711	0.00235	0.00928	0.00644	0.00488	0.01082
1	0.06886	0.08485	0.48690	0.02121	0.03114	0.01950	0.07750	0.07604	0.01793	0.02681	0.01402	0.01640	0.01018	0.00739	0.00720	0.00240	0.01076	0.00590	0.00380	0.01120
2	0.09497	0.01598	0.04905	0.01415	0.01923	0.01554	0.01184	0.09048	0.24434	0.12257	0.08017	0.03028	0.04591	0.01046	0.00756	0.00239	0.00640	0.03357	0.00721	0.09790
3	0.10018	0.01541	0.06707	0.01362	0.01964	0.01232	0.04383	0.02432	0.04972	0.15250	0.11613	0.02480	0.02229	0.00853	0.00694	0.00196	0.00645	0.00709	0.00618	0.30102
4	0.22528	0.01589	0.07021	0.01338	0.01887	0.01418	0.01176	0.02854	0.11097	0.21269	0.05605	0.02685	0.01983	0.00960	0.00702	0.00238	0.00656	0.04841	0.00678	0.09475
5	0.01000	0.00784	0.00912	0.00941	0.01145	0.00695	0.00713	0.01246	0.01834	0.02348	0.21344	0.15992	0.37760	0.01955	0.00943	0.00275	0.00429	0.08258	0.00752	0.00676
6	0.01347	0.00673	0.01010	0.01010	0.01010	0.00673	0.00673	0.01010	0.01010	0.01347	0.01347	0.02357	0.01347	0.02694	0.03030	0.77441	0.00673	0.00673	0.00337	0.00337
7	0.01218	0.00869	0.01194	0.01324	0.01494	0.00859	0.01125	0.01559	0.01821	0.02412	0.14630	0.08072	0.04859	0.05499	0.01185	0.00357	0.00658	0.49433	0.00725	0.00705
8	0.01445	0.00723	0.00723	0.00723	0.00903	0.00723	0.00542	0.01807	0.01626	0.02891	0.02529	0.02891	0.01987	0.00903	0.00542	0.00181	0.00361	0.00723	0.77055	0.00723
9	0.00970	0.00693	0.00928	0.01108	0.01164	0.00651	0.00763	0.01123	0.01509	0.02007	0.04260	0.67025	0.05073	0.02406	0.00996	0.00318	0.00472	0.07176	0.00719	0.00637
10	0.01866	0.01788	0.03052	0.12425	0.60661	0.01828	0.02353	0.02333	0.01741	0.02469	0.01449	0.01936	0.01206	0.00701	0.00768	0.00234	0.00934	0.00691	0.00379	0.01186
11	0.01445	0.00723	0.00723	0.00723	0.00903	0.00723	0.00542	0.01807	0.01626	0.02891	0.02529	0.02891	0.01987	0.00903	0.00542	0.00181	0.00361	0.00723	0.77055	0.00723
12	0.78228	0.01499	0.01140	0.01020	0.01499	0.01739	0.00840	0.02279	0.01320	0.03479	0.01080	0.01260	0.00840	0.00720	0.00480	0.00240	0.00600	0.00420	0.00480	0.00840
13	0.01696	0.01696	0.02375	0.02036	0.02036	0.02375	0.01696	0.01866	0.01187	0.01866	0.01018	0.01696	0.01018	0.01357	0.02545	0.00339	0.71332	0.00679	0.00339	0.00848
14	0.01544	0.01421	0.02326	0.67154	0.05182	0.01759	0.02117	0.05403	0.01664	0.02138	0.01404	0.02056	0.01049	0.00784	0.00775	0.00257	0.01024	0.00690	0.00368	0.00886
15	0.78228	0.01499	0.01140	0.01020	0.01499	0.01739	0.00840	0.02279	0.01320	0.03479	0.01080	0.01260	0.00840	0.00720	0.00480	0.00240	0.00600	0.00420	0.00480	0.00840
16	0.01445	0.00723	0.00723	0.00723	0.00903	0.00723	0.00542	0.01807	0.01626	0.02891	0.02529	0.02891	0.01987	0.00903	0.00542	0.00181	0.00361	0.00723	0.77055	0.00723
17	0.78228	0.01499	0.01140	0.01020	0.01499	0.01739	0.00840	0.02279	0.01320	0.03479	0.01080	0.01260	0.00840	0.00720	0.00480	0.00240	0.00600	0.00420	0.00480	0.00840
18	0.01464	0.01378	0.02326	0.70887	0.05340	0.01723	0.02153	0.01981	0.01550	0.01981	0.01378	0.02067	0.01034	0.00775	0.00775	0.00258	0.01034	0.00689	0.00345	0.00861

[dist]
# distance from previous block
# <min> <max>
0	1

[block]
# block no. 3 follows, 25 sequences, length 69
# corresponding to MSA columns:
# 124-192
name=unknown_D
#
# <colnr> <probs for GDERKNQSTAVLIFYWHMCP>
#	G	D	E	R	K	N	Q	S	T	A	V	L	I	F	Y	W	H	M	C	P
0	0.02947	0.02172	0.02327	0.01784	0.02404	0.02404	0.01474	0.65329	0.03646	0.04887	0.01862	0.01862	0.01319	0.00931	0.00776	0.00233	0.00853	0.00698	0.00776	0.01319
1	0.04728	0.07611	0.62500	0.02114	0.03207	0.01866	0.02699	0.02441	0.01621	0.02464	0.01362	0.01600	0.00977	0.00732	0.00713	0.00241	0.01107	0.00558	0.00334	0.01125
2	0.02714	0.11959	0.02471	0.02040	0.05236	0.56387	0.01523	0.02931	0.02070	0.01916	0.01190	0.01412	0.01009	0.00796	0.00738	0.00202	0.03592	0.00503	0.00389	0.00923
3	0.01851	0.02033	0.04238	0.03620	0.19145	0.01933	0.50275	0.02459	0.01815	0.02495	0.01543	0.02051	0.01189	0.00662	0.00880	0.00254	0.01216	0.00862	0.00390	0.01089
4	0.01696	0.01696	0.02375	0.02036	0.02036	0.02375	0.01696	0.01866	0.01187	0.01866	0.01018	0.01696	0.01018	0.01357	0.02545	0.00339	0.71332	0.00679	0.00339	0.00848
5	0.03479	0.01320	0.01799	0.01380	0.01979	0.01140	0.01140	0.03779	0.02219	0.68451	0.03059	0.02639	0.01919	0.00960	0.00780	0.00240	0.00660	0.00780	0.00960	0.01320
6	0.00944	0.00777	0.00817	0.00823	0.01052	0.00664	0.00603	0.01141	0.01754	0.02143	0.12346	0.11267	0.55484	0.05420	0.01069	0.00288	0.00412	0.01628	0.00719	0.00650
7	0.01899	0.01822	0.03111	0.07686	0.65144	0.01837	0.02370	0.02362	0.01756	0.02509	0.01455	0.01926	0.01220	0.00695	0.00768	0.00232	0.00926	0.00691	0.00382	0.01212
8	0.01696	0.01696	0.02375	0.02036	0.02036	0.02375	0.01696	0.01866	0.01187	0.01866	0.01018	0.01696	0.01018	0.01357	0.02545	0.00339	0.71332	0.00679	0.00339	0.00848
9	0.01109	0.00827	0.01226	0.01226	0.01357	0.00958	0.00944	0.01372	0.01240	0.01785	0.02095	0.03148	0.01983	0.09181	0.66373	0.01221	0.02010	0.00846	0.00418	0.00681
10	0.01573	0.06413	0.66488	0.02179	0.03308	0.01845	0.02811	0.02451	0.01635	0.02434	0.01381	0.01623	0.00983	0.00734	0.00728	0.00243	0.01135	0.00567	0.00328	0.01141
11	0.01894	0.01677	0.02029	0.02251	0.16456	0.01869	0.01460	0.03643	0.50246	0.03051	0.02932	0.02824	0.04182	0.01002	0.00788	0.00256	0.00674	0.00860	0.00698	0.01209
12	0.01608	0.01378	0.01608	0.01148	0.01837	0.01034	0.00919	0.01952	0.01608	0.02527	0.01378	0.01608	0.01148	0.00574	0.00574	0.00115	0.00574	0.00459	0.00459	0.77491
13	0.01514	0.01446	0.02336	0.56097	0.04630	0.01863	0.02055	0.01956	0.01472	0.01956	0.01301	0.01988	0.01030	0.00900	0.01155	0.00276	0.16134	0.00687	0.00343	0.00859
14	0.02947	0.02172	0.02327	0.01784	0.02404	0.02404	0.01474	0.65329	0.03646	0.04887	0.01862	0.01862	0.01319	0.00931	0.00776	0.00233	0.00853	0.00698	0.00776	0.01319
15	0.02025	0.60443	0.13673	0.01474	0.02208	0.02856	0.01562	0.04494	0.01655	0.02023	0.01152	0.01324	0.01004	0.00683	0.00543	0.00180	0.00877	0.00448	0.00346	0.01029
16	0.01693	0.01454	0.01646	0.01262	0.01885	0.01270	0.01000	0.02526	0.18770	0.02716	0.01848	0.01948	0.01471	0.00701	0.00631	0.00154	0.00585	0.00570	0.00547	0.57325
17	0.01696	0.01696	0.02375	0.02036	0.02036	0.02375	0.01696	0.01866	0.01187	0.01866	0.01018	0.01696	0.01018	0.01357	0.02545	0.00339	0.71332	0.00679	0.00339	0.00848
18	0.01445	0.00723	0.00723	0.00723	0.00903	0.00723	0.00542	0.01807	0.01626	0.02891	0.02529	0.02891	0.01987	0.00903	0.00542	0.00181	0.00361	0.00723	0.77055	0.00723
19	0.00945	0.00675	0.00900	0.01080	0.01125	0.00630	0.00720	0.01080	0.01484	0.01979	0.04274	0.72245	0.05128	0.02429	0.00990	0.00315	0.00450	0.02204	0.00720	0.00630
20	0.01247	0.00826	0.01084	0.01001	0.01210	0.00757	0.00757	0.01608	0.02196	0.07205	0.63465	0.05594	0.06978	0.01546	0.00906	0.00244	0.00384	0.01363	0.00860	0.00768
21	0.00979	0.00737	0.00906	0.00972	0.01113	0.00664	0.00688	0.01194	0.01756	0.02321	0.22604	0.36493	0.22609	0.02072	0.00949	0.00281	0.00411	0.01831	0.00757	0.00664
22	0.10086	0.02142	0.02182	0.01702	0.02297	0.05660	0.01398	0.53179	0.03282	0.07765	0.01814	0.01820	0.01287	0.00906	0.00744	0.00232	0.00847	0.00666	0.00738	0.01252
23	0.00994	0.00721	0.00952	0.01090	0.01177	0.00663	0.00747	0.01156	0.01532	0.02067	0.06926	0.63778	0.05009	0.02292	0.00969	0.00303	0.00461	0.04059	0.00713	0.04393
24	0.02024	0.65291	0.07174	0.01415	0.02061	0.02962	0.01426	0.02300	0.01554	0.01858	0.01090	0.01292	0.00996	0.00710	0.00638	0.00181	0.05265	0.00439	0.00332	0.00993
25	0.02628	0.03053	0.02055	0.01837	0.02244	0.49062	0.01396	0.09071	0.09990	0.02452	0.07308	0.02006	0.01746	0.00911	0.00736	0.00214	0.01162	0.00643	0.00522	0.00964
26	0.01340	0.00676	0.01005	0.01005	0.01005	0.00676	0.00667	0.01014	0.01014	0.01352	0.01382	0.02443	0.01393	0.04914	0.03059	0.75011	0.00676	0.00688	0.00341	0.00341
27	0.02965	0.02280	0.02292	0.01787	0.02386	0.08728	0.01462	0.56834	0.03448	0.07280	0.01849	0.01850	0.01314	0.00919	0.00769	0.00230	0.00897	0.00683	0.00748	0.01279
28	0.01097	0.00793	0.01036	0.00975	0.01158	0.00732	0.00732	0.01463	0.02195	0.03109	0.67505	0.05792	0.07316	0.01585	0.00914	0.00244	0.00366	0.01402	0.00854	0.00732
29	0.01347	0.00673	0.01010	0.01010	0.01010	0.00673	0.00673	0.01010	0.01010	0.01347	0.01347	0.02357	0.01347	0.02694	0.03030	0.77441	0.00673	0.00673	0.00337	0.00337
30	0.01445	0.00723	0.00723	0.00723	0.00903	0.00723	0.00542	0.01807	0.01626	0.02891	0.02529	0.02891	0.01987	0.00903	0.00542	0.00181	0.00361	0.00723	0.77055	0.00723
31	0.01108	0.00831	0.01246	0.01246	0.01385	0.00969	0.00969	0.01385	0.01246	0.01800	0.02077	0.03046	0.01938	0.05815	0.69678	0.01246	0.02077	0.00831	0.00415	0.00692
32	0.00975	0.00977	0.05003	0.00938	0.01225	0.00734	0.00776	0.01216	0.01728	0.02115	0.06871	0.14450	0.53390	0.01949	0.00921	0.00271	0.00461	0.04619	0.00696	0.00685
33	0.01445	0.00723	0.00723	0.00723	0.00903	0.00723	0.00542	0.01807	0.01626	0.02891	0.02529	0.02891	0.01987	0.00903	0.00542	0.00181	0.00361	0.00723	0.77055	0.00723
34	0.02085	0.65158	0.08017	0.01418	0.02097	0.06551	0.01432	0.02372	0.01613	0.01868	0.01104	0.01277	0.00994	0.00675	0.00523	0.00173	0.00879	0.00429	0.00335	0.00999
35	0.02134	0.63846	0.06305	0.01425	0.02081	0.09510	0.01401	0.02402	0.01638	0.01855	0.01101	0.01274	0.00995	0.00679	0.00526	0.00172	0.00897	0.00429	0.00338	0.00991
36	0.01706	0.21758	0.49029	0.01954	0.02943	0.02133	0.02394	0.02496	0.04548	0.02328	0.01390	0.01592	0.01048	0.00732	0.00677	0.00226	0.01040	0.00546	0.00349	0.01111
37	0.01089	0.00792	0.01025	0.00967	0.01153	0.00728	0.00725	0.01447	0.02176	0.03064	0.64814	0.05867	0.10035	0.01602	0.00915	0.00245	0.00367	0.01413	0.00848	0.00728
38	0.01718	0.01870	0.03812	0.07065	0.03597	0.01904	0.46369	0.02261	0.01669	0.02302	0.01533	0.02131	0.01221	0.01265	0.07908	0.00369	0.10787	0.00861	0.00384	0.00973
39	0.01110	0.00822	0.01201	0.01201	0.01323	0.00945	0.00913	0.01355	0.01233	0.01766	0.02118	0.03276	0.02038	0.13413	0.62217	0.01190	0.01926	0.00864	0.00422	0.00667
40	0.02877	0.02104	0.02252	0.01734	0.02334	0.02326	0.01430	0.62365	0.03551	0.04793	0.01893	0.01910	0.01350	0.00929	0.00765	0.00230	0.00830	0.00699	0.04334	0.01291
41	0.08667	0.01708	0.02309	0.27730	0.08072	0.01927	0.04380	0.21597	0.06309	0.07225	0.01729	0.02013	0.01262	0.00835	0.00757	0.00246	0.00896	0.00696	0.00558	0.01084
42	0.01991	0.01697	0.01789	0.01591	0.02040	0.01958	0.01242	0.07888	0.62644	0.03345	0.03076	0.02829	0.02302	0.01044	0.00788	0.00261	0.00628	0.00866	0.00788	0.01233
43	0.73594	0.01541	0.01213	0.01067	0.01555	0.01780	0.00879	0.06160	0.01463	0.03565	0.01128	0.01297	0.00869	0.00733	0.00498	0.00239	0.00615	0.00437	0.00498	0.00869
44	0.01754	0.01877	0.03553	0.02869	0.08238	0.02038	0.35702	0.02204	0.01590	0.02254	0.01485	0.04897	0.01292	0.00973	0.01466	0.00288	0.25289	0.00871	0.00387	0.00975
45	0.00945	0.00675	0.00900	0.01080	0.01125	0.00630	0.00720	0.01080	0.01484	0.01979	0.04274	0.72245	0.05128	0.02429	0.00990	0.00315	0.00450	0.02204	0.00720	0.00630
46	0.03479	0.01320	0.01799	0.01380	0.01979	0.01140	0.01140	0.03779	0.02219	0.68451	0.03059	0.02639	0.01919	0.00960	0.00780	0.00240	0.00660	0.00780	0.00960	0.01320
47	0.01830	0.02092	0.04575	0.03268	0.04052	0.01961	0.65098	0.02484	0.01830	0.02484	0.01569	0.02092	0.01176	0.00654	0.00915	0.00261	0.01307	0.00915	0.00392	0.01046
48	0.00945	0.00675	0.00900	0.01080	0.01125	0.00630	0.00720	0.01080	0.01484	0.01979	0.04274	0.72245	0.05128	0.02429	0.00990	0.00315	0.00450	0.02204	0.00720	0.00630
49	0.01054	0.00770	0.00992	0.00996	0.01156	0.00709	0.00734	0.01356	0.01993	0.02754	0.46709	0.20176	0.12040	0.01816	0.00936	0.00264	0.00398	0.03635	0.00809	0.00703
50	0.02480	0.05934	0.02127	0.01681	0.02192	0.11957	0.01346	0.23382	0.30390	0.06775	0.02342	0.02245	0.01737	0.00951	0.00756	0.00238	0.00818	0.00735	0.00712	0.01201
51	0.02872	0.03403	0.02132	0.01913	0.02328	0.60909	0.01446	0.05149	0.02233	0.06176	0.01549	0.01684	0.03186	0.00851	0.00714	0.00205	0.01302	0.00560	0.00457	0.00931
52	0.00949	0.00744	0.00861	0.00939	0.01104	0.00656	0.00673	0.01134	0.01672	0.02105	0.09208	0.34263	0.36523	0.02144	0.00952	0.00286	0.00426	0.03984	0.00726	0.00650
53	0.01841	0.01763	0.03006	0.16084	0.57198	0.01822	0.02341	0.02311	0.01729	0.02439	0.01445	0.01944	0.01195	0.00705	0.00769	0.00235	0.00940	0.00691	0.00377	0.01165
54	0.01919	0.01842	0.03147	0.04759	0.67914	0.01842	0.02380	0.02380	0.01765	0.02533	0.01458	0.01919	0.01228	0.00691	0.00768	0.00230	0.00921	0.00691	0.00384	0.01228
55	0.01696	0.01943	0.06778	0.02900	0.07363	0.01821	0.43370	0.02231	0.01704	0.02355	0.01838	0.10935	0.01656	0.00961	0.01081	0.00274	0.08656	0.01024	0.00425	0.00988
56	0.02390	0.01326	0.01614	0.01384	0.01834	0.01325	0.01118	0.05379	0.21310	0.29894	0.09113	0.03922	0.06945	0.01231	0.00834	0.00261	0.00616	0.07519	0.00852	0.01134
57	0.04606	0.01532	0.01846	0.01530	0.01959	0.01588	0.05044	0.30158	0.02517	0.03473	0.05798	0.24200	0.02777	0.01379	0.00830	0.00251	0.00696	0.01190	0.00700	0.07928
58	0.02397	0.01662	0.04749	0.01524	0.02015	0.01644	0.01259	0.23664	0.15276	0.17956	0.05395	0.13985	0.02513	0.01226	0.00818	0.00255	0.00690	0.01022	0.00793	0.01156
59	0.04445	0.28313	0.34142	0.01728	0.02561	0.02148	0.01995	0.02355	0.01591	0.04911	0.01401	0.01656	0.01110	0.01195	0.07101	0.00310	0.01081	0.00544	0.00368	0.01046
60	0.02076	0.01648	0.01850	0.01407	0.02034	0.01554	0.01146	0.24231	0.05803	0.03381	0.01776	0.02114	0.01435	0.00801	0.00680	0.00176	0.00681	0.03607	0.00600	0.43000
61	0.05058	0.04475	0.09172	0.09466	0.04810	0.01371	0.01327	0.07675	0.05069	0.02640	0.09868	0.04283	0.21244	0.01286	0.00808	0.00247	0.00681	0.04929	0.00598	0.04992
62	0.01841	0.01838	0.02936	0.12968	0.41782	0.05413	0.08095	0.02286	0.01733	0.02373	0.01661	0.02113	0.03660	0.00778	0.00857	0.00237	0.04141	0.00727	0.00394	0.04167
63	0.01714	0.01714	0.05341	0.38448	0.21647	0.01820	0.06609	0.05408	0.05212	0.02396	0.01533	0.02046	0.01179	0.00765	0.00782	0.00250	0.00996	0.00711	0.00403	0.01027
64	0.02138	0.01783	0.01750	0.01419	0.01966	0.11602	0.01115	0.04947	0.17007	0.11259	0.05325	0.02229	0.01826	0.00832	0.00694	0.00189	0.00717	0.00660	0.00622	0.31922
65	0.02005	0.02009	0.11295	0.05866	0.06134	0.04436	0.18538	0.07871	0.01956	0.11541	0.02263	0.05789	0.05625	0.01035	0.02523	0.00263	0.00977	0.00854	0.00535	0.08486
66	0.02033	0.01974	0.03081	0.03621	0.37597	0.05086	0.13571	0.07812	0.12021	0.02796	0.01763	0.02073	0.01392	0.00765	0.00795	0.00240	0.00961	0.00752	0.00481	0.01187
67	0.01702	0.05538	0.05283	0.35352	0.24992	0.03617	0.02117	0.02272	0.04917	0.02243	0.01564	0.02204	0.01273	0.00800	0.00765	0.00246	0.00969	0.02740	0.00392	0.01013
68	0.01602	0.01475	0.02060	0.02723	0.30621	0.05517	0.01522	0.02082	0.05131	0.02745	0.28730	0.03747	0.06547	0.01133	0.00831	0.00237	0.00687	0.01018	0.00610	0.00981

[dist]
# distance from previous block
# <min> <max>
18	38

[block]
# block no. 4 follows, 25 sequences, length 10
# corresponding to MSA columns:
# 231-240
name=unknown_E
#
# <colnr> <probs for GDERKNQSTAVLIFYWHMCP>
#	G	D	E	R	K	N	Q	S	T	A	V	L	I	F	Y	W	H	M	C	P
0	0.08553	0.02476	0.10476	0.02116	0.12228	0.22074	0.01584	0.06768	0.01982	0.07968	0.02008	0.04759	0.05523	0.00908	0.00722	0.00220	0.00960	0.00702	0.00504	0.07469
1	0.03965	0.11936	0.12477	0.13591	0.27593	0.02042	0.02070	0.08283	0.06024	0.02628	0.01520	0.01848	0.01201	0.00753	0.00721	0.00231	0.00924	0.00641	0.00427	0.01125
2	0.11508	0.14825	0.10110	0.02058	0.07882	0.14088	0.08596	0.11688	0.02011	0.02743	0.01358	0.01584	0.01074	0.00736	0.00673	0.00212	0.00982	0.00571	0.00447	0.06857
3	0.04098	0.07866	0.02404	0.08361	0.18329	0.12999	0.01636	0.02628	0.12485	0.02402	0.01648	0.01943	0.01344	0.00863	0.00931	0.00233	0.09723	0.00648	0.04544	0.04915
4	0.01757	0.02445	0.19336	0.06236	0.15481	0.01859	0.33934	0.02418	0.01752	0.02465	0.01492	0.01935	0.01132	0.00683	0.00828	0.00247	0.01162	0.00768	0.00375	0.03696
5	0.02045	0.02146	0.02933	0.11974	0.45516	0.14568	0.04852	0.02472	0.01824	0.02347	0.01405	0.01846	0.01160	0.00720	0.00762	0.00229	0.01040	0.00664	0.00382	0.01115
6	0.01864	0.01715	0.02707	0.12168	0.45717	0.01780	0.02067	0.07430	0.05464	0.02659	0.02104	0.02445	0.06762	0.00846	0.00783	0.00238	0.00869	0.00780	0.00461	0.01143
7	0.07288	0.09121	0.05693	0.06113	0.07431	0.28272	0.01574	0.10520	0.09132	0.02604	0.01626	0.01969	0.01328	0.00864	0.00712	0.00224	0.01045	0.02974	0.00491	0.01019
8	0.08618	0.01279	0.01457	0.01365	0.05233	0.01283	0.01000	0.07500	0.13148	0.10637	0.12600	0.03730	0.14636	0.01175	0.00763	0.00233	0.00556	0.00969	0.06518	0.07302
9	0.01756	0.01624	0.02715	0.11650	0.41058	0.01660	0.06019	0.05188	0.01852	0.02579	0.06787	0.06768	0.02058	0.00952	0.00817	0.00248	0.00875	0.03845	0.00470	0.01079

[dist]
# distance from previous block
# <min> <max>
5	27

[block]
# block no. 5 follows, 25 sequences, length 44
# corresponding to MSA columns:
# 269-312
name=unknown_F
#
# <colnr> <probs for GDERKNQSTAVLIFYWHMCP>
#	G	D	E	R	K	N	Q	S	T	A	V	L	I	F	Y	W	H	M	C	P
0	0.12671	0.01903	0.10557	0.01583	0.02189	0.01673	0.04103	0.12789	0.15817	0.11348	0.05219	0.02483	0.01878	0.00930	0.00734	0.00236	0.00742	0.02977	0.00652	0.09516
1	0.15333	0.10521	0.26918	0.01659	0.02400	0.01902	0.01767	0.06114	0.13617	0.06388	0.04914	0.02021	0.01584	0.00846	0.00687	0.00238	0.00838	0.00641	0.00522	0.01089
2	0.04980	0.15577	0.18113	0.01852	0.04379	0.08116	0.04752	0.14793	0.02175	0.11462	0.05290	0.01965	0.01536	0.00837	0.00713	0.00224	0.00929	0.00649	0.00544	0.01116
3	0.09455	0.02247	0.05833	0.04035	0.09773	0.11898	0.01538	0.32280	0.02660	0.03627	0.01857	0.01994	0.03598	0.00885	0.00727	0.00228	0.00896	0.00670	0.04675	0.01125
4	0.22386	0.01737	0.01728	0.06551	0.02138	0.07100	0.01192	0.20388	0.02237	0.10994	0.04028	0.01995	0.01476	0.01012	0.02842	0.00257	0.00797	0.00635	0.05234	0.05272
5	0.35910	0.01464	0.01478	0.01223	0.01717	0.01551	0.00999	0.12906	0.02039	0.20079	0.08989	0.02415	0.04321	0.00952	0.00666	0.00240	0.00624	0.00705	0.00698	0.01022
6	0.01143	0.00796	0.01010	0.00977	0.01169	0.00722	0.00725	0.01449	0.02033	0.05394	0.47167	0.15092	0.15948	0.01734	0.00920	0.00256	0.00393	0.01524	0.00819	0.00729
7	0.02549	0.01824	0.02035	0.01532	0.02173	0.01823	0.01255	0.38150	0.02825	0.10213	0.01815	0.01851	0.01319	0.00814	0.00708	0.00194	0.00741	0.00626	0.00687	0.26865
8	0.01097	0.00793	0.01036	0.00975	0.01158	0.00732	0.00732	0.01463	0.02195	0.03109	0.67505	0.05792	0.07316	0.01585	0.00914	0.00244	0.00366	0.01402	0.00854	0.00732
9	0.01717	0.01636	0.02782	0.34152	0.40101	0.01789	0.02279	0.02202	0.01670	0.02288	0.01423	0.01985	0.01142	0.00728	0.00771	0.00243	0.00971	0.00690	0.00366	0.01065
10	0.78228	0.01499	0.01140	0.01020	0.01499	0.01739	0.00840	0.02279	0.01320	0.03479	0.01080	0.01260	0.00840	0.00720	0.00480	0.00240	0.00600	0.00420	0.00480	0.00840
11	0.00954	0.00679	0.00897	0.01067	0.01110	0.00636	0.00706	0.01082	0.01465	0.01954	0.04176	0.68665	0.05005	0.06177	0.01147	0.00338	0.00466	0.02147	0.00706	0.00621
12	0.06676	0.02139	0.02268	0.01746	0.02360	0.02372	0.01442	0.62206	0.03530	0.04817	0.01823	0.01832	0.01295	0.00920	0.00761	0.00233	0.00841	0.00684	0.00761	0.01295
13	0.02896	0.03695	0.02197	0.01998	0.02397	0.69638	0.01498	0.03096	0.02197	0.01898	0.01199	0.01398	0.00999	0.00799	0.00699	0.00200	0.01398	0.00499	0.00400	0.00899
14	0.00945	0.00675	0.00900	0.01080	0.01125	0.00630	0.00720	0.01080	0.01484	0.01979	0.04274	0.72245	0.05128	0.02429	0.00990	0.00315	0.00450	0.02204	0.00720	0.00630
15	0.78228	0.01499	0.01140	0.01020	0.01499	0.01739	0.00840	0.02279	0.01320	0.03479	0.01080	0.01260	0.00840	0.00720	0.00480	0.00240	0.00600	0.00420	0.00480	0.00840
16	0.02896	0.03695	0.02197	0.01998	0.02397	0.69638	0.01498	0.03096	0.02197	0.01898	0.01199	0.01398	0.00999	0.00799	0.00699	0.00200	0.01398	0.00499	0.00400	0.00899
17	0.01929	0.01666	0.01753	0.01578	0.02016	0.01929	0.01227	0.04120	0.66513	0.03243	0.03156	0.02893	0.02367	0.01052	0.00789	0.00263	0.00614	0.00877	0.00789	0.01227
18	0.01445	0.00723	0.00723	0.00723	0.00903	0.00723	0.00542	0.01807	0.01626	0.02891	0.02529	0.02891	0.01987	0.00903	0.00542	0.00181	0.00361	0.00723	0.77055	0.00723
19	0.01128	0.00752	0.00846	0.00846	0.00846	0.00752	0.00470	0.01128	0.01128	0.01503	0.02443	0.05074	0.02819	0.72751	0.03946	0.00752	0.00752	0.01128	0.00470	0.00470
20	0.01128	0.00752	0.00846	0.00846	0.00846	0.00752	0.00470	0.01128	0.01128	0.01503	0.02443	0.05074	0.02819	0.72751	0.03946	0.00752	0.00752	0.01128	0.00470	0.00470
21	0.02896	0.03695	0.02197	0.01998	0.02397	0.69638	0.01498	0.03096	0.02197	0.01898	0.01199	0.01398	0.00999	0.00799	0.00699	0.00200	0.01398	0.00499	0.00400	0.00899
22	0.03413	0.01426	0.01865	0.01430	0.02032	0.01297	0.01181	0.11435	0.02397	0.60544	0.02910	0.02542	0.01845	0.00956	0.00779	0.00239	0.00684	0.00770	0.00937	0.01319
23	0.01097	0.00793	0.01036	0.00975	0.01158	0.00732	0.00732	0.01463	0.02195	0.03109	0.67505	0.05792	0.07316	0.01585	0.00914	0.00244	0.00366	0.01402	0.00854	0.00732
24	0.00990	0.00770	0.00903	0.00932	0.01122	0.00683	0.00689	0.01230	0.01831	0.02370	0.23850	0.20457	0.34444	0.01961	0.00939	0.00272	0.00413	0.04711	0.00758	0.00674
25	0.01830	0.02092	0.04575	0.03268	0.04052	0.01961	0.65098	0.02484	0.01830	0.02484	0.01569	0.02092	0.01176	0.00654	0.00915	0.00261	0.01307	0.00915	0.00392	0.01046
26	0.02854	0.03469	0.02187	0.01959	0.02379	0.60720	0.01483	0.08389	0.05409	0.02214	0.01348	0.01509	0.01091	0.00822	0.00710	0.00206	0.01315	0.00534	0.00450	0.00950
27	0.00945	0.00675	0.00900	0.01080	0.01125	0.00630	0.00720	0.01080	0.01484	0.01979	0.04274	0.72245	0.05128	0.02429	0.00990	0.00315	0.00450	0.02204	0.00720	0.00630
28	0.02947	0.02172	0.02327	0.01784	0.02404	0.02404	0.01474	0.65329	0.03646	0.04887	0.01862	0.01862	0.01319	0.00931	0.00776	0.00233	0.00853	0.00698	0.00776	0.01319
29	0.01830	0.02092	0.04575	0.03268	0.04052	0.01961	0.65098	0.02484	0.01830	0.02484	0.01569	0.02092	0.01176	0.00654	0.00915	0.00261	0.01307	0.00915	0.00392	0.01046
30	0.01929	0.01666	0.01753	0.01578	0.02016	0.01929	0.01227	0.04120	0.66513	0.03243	0.03156	0.02893	0.02367	0.01052	0.00789	0.00263	0.00614	0.00877	0.00789	0.01227
31	0.01746	0.01808	0.03536	0.06341	0.03347	0.01845	0.40843	0.05144	0.01778	0.02443	0.05109	0.05081	0.01649	0.00990	0.01230	0.03983	0.10811	0.00927	0.00436	0.00954
32	0.01004	0.00719	0.00947	0.01095	0.01164	0.00688	0.00766	0.01161	0.01488	0.01973	0.04126	0.53022	0.07072	0.09026	0.04229	0.00398	0.00577	0.09233	0.00683	0.00629
33	0.00965	0.00683	0.00894	0.01054	0.01094	0.00643	0.00692	0.01085	0.01446	0.01927	0.04074	0.64913	0.04876	0.10105	0.01312	0.00363	0.00483	0.02087	0.00692	0.00612
34	0.01483	0.01397	0.02359	0.68164	0.07917	0.01728	0.02163	0.01997	0.01559	0.02004	0.01381	0.02061	0.01042	0.00772	0.00775	0.00257	0.01029	0.00689	0.00346	0.00876
35	0.01821	0.05089	0.14244	0.03070	0.10675	0.04668	0.41441	0.02442	0.01787	0.02420	0.01581	0.04175	0.01263	0.00734	0.00849	0.00251	0.01198	0.00842	0.00390	0.01060
36	0.01302	0.01051	0.01238	0.03975	0.01563	0.01098	0.00916	0.02147	0.21369	0.02696	0.22135	0.20743	0.13423	0.01644	0.00889	0.00270	0.00491	0.01437	0.00763	0.00852
37	0.00940	0.00693	0.00881	0.01031	0.01112	0.00634	0.00698	0.01085	0.01531	0.01998	0.04862	0.61590	0.15403	0.02353	0.00978	0.00306	0.00440	0.02111	0.00720	0.00634
38	0.06253	0.03162	0.02337	0.02474	0.14987	0.50142	0.01636	0.05912	0.02142	0.02238	0.01275	0.01514	0.01051	0.00781	0.00706	0.00209	0.01243	0.00542	0.00418	0.00980
39	0.05494	0.09580	0.17714	0.03344	0.32972	0.01940	0.10348	0.02456	0.01724	0.05140	0.01466	0.01808	0.01153	0.00706	0.00739	0.00232	0.00985	0.00657	0.00395	0.01148
40	0.01225	0.00867	0.01077	0.01026	0.01243	0.00817	0.00783	0.01646	0.05615	0.05423	0.44531	0.05948	0.15207	0.05052	0.01061	0.00281	0.00441	0.06195	0.00805	0.00757
41	0.01798	0.01435	0.01716	0.05058	0.08309	0.01566	0.01249	0.03152	0.37970	0.07683	0.03553	0.10827	0.09837	0.01250	0.00822	0.00263	0.00624	0.01073	0.00726	0.01087
42	0.08905	0.20311	0.26194	0.02108	0.07726	0.05262	0.08442	0.02545	0.01698	0.07947	0.01441	0.01647	0.01091	0.00727	0.00677	0.00223	0.00988	0.00578	0.00410	0.01080
43	0.05769	0.06178	0.59175	0.02092	0.03156	0.01875	0.02625	0.05927	0.01729	0.02623	0.01390	0.01616	0.00994	0.00744	0.00717	0.00242	0.01089	0.00566	0.00361	0.01134

[dist]
# distance from previous block
# <min> <max>
0	2

[block]
# block no. 6 follows, 25 sequences, length 8
# corresponding to MSA columns:
# 315-322
name=unknown_G
#
# <colnr> <probs for GDERKNQSTAVLIFYWHMCP>
#	G	D	E	R	K	N	Q	S	T	A	V	L	I	F	Y	W	H	M	C	P
0	0.01654	0.01343	0.01588	0.04017	0.05832	0.01415	0.01183	0.11910	0.18986	0.02885	0.03897	0.11207	0.15447	0.01464	0.00864	0.00269	0.00638	0.10565	0.00701	0.04135
1	0.02576	0.02165	0.04880	0.06424	0.02466	0.10528	0.01466	0.33413	0.12297	0.08222	0.02039	0.02076	0.01481	0.00914	0.00752	0.00233	0.00868	0.00701	0.05319	0.01178
2	0.01000	0.00711	0.00927	0.01031	0.01104	0.00667	0.00697	0.01176	0.01617	0.02200	0.19161	0.49504	0.05413	0.09449	0.01275	0.00343	0.00461	0.01902	0.00726	0.00638
3	0.01913	0.07263	0.06436	0.01790	0.04922	0.13684	0.04180	0.10060	0.08517	0.02520	0.02748	0.13246	0.09693	0.01260	0.00976	0.00254	0.08030	0.01001	0.00555	0.00953
4	0.00941	0.00766	0.00834	0.00860	0.01074	0.00658	0.00629	0.01145	0.01762	0.02184	0.13693	0.19140	0.49600	0.02008	0.00930	0.00270	0.00400	0.01715	0.00735	0.00658
5	0.02027	0.02009	0.06171	0.02399	0.15780	0.08474	0.06101	0.03299	0.32447	0.06059	0.02442	0.05417	0.01930	0.00961	0.00790	0.00250	0.00830	0.00839	0.00618	0.01156
6	0.01645	0.01411	0.01625	0.01198	0.01858	0.01136	0.00954	0.02201	0.09058	0.02609	0.01582	0.01755	0.01288	0.00629	0.00599	0.00132	0.00579	0.00507	0.00497	0.68737
7	0.20465	0.12906	0.04693	0.01314	0.01852	0.01742	0.01152	0.09105	0.01911	0.14288	0.09751	0.02193	0.01950	0.00894	0.00732	0.00218	0.03782	0.00654	0.00602	0.09796

[dist]
# distance from previous block
# <min> <max>
0	1

[block]
# block no. 7 follows, 25 sequences, length 95
# corresponding to MSA columns:
# 324-418
name=unknown_H
#
# <colnr> <probs for GDERKNQSTAVLIFYWHMCP>
#	G	D	E	R	K	N	Q	S	T	A	V	L	I	F	Y	W	H	M	C	P
0	0.06386	0.01968	0.02101	0.01635	0.02196	0.02163	0.01336	0.53783	0.03258	0.06935	0.01930	0.02078	0.01428	0.04717	0.00919	0.00258	0.00807	0.00712	0.04167	0.01224
1	0.02209	0.01672	0.01843	0.01527	0.01994	0.01786	0.01208	0.36023	0.10883	0.03753	0.02555	0.18809	0.02346	0.01270	0.00809	0.00245	0.00699	0.01058	0.00733	0.08579
2	0.02007	0.27990	0.20210	0.02250	0.11145	0.08097	0.07737	0.02577	0.04784	0.04340	0.01425	0.01646	0.01134	0.00724	0.00673	0.00213	0.01000	0.00578	0.00390	0.01082
3	0.00945	0.00675	0.00900	0.01080	0.01125	0.00630	0.00720	0.01080	0.01484	0.01979	0.04274	0.72245	0.05128	0.02429	0.00990	0.00315	0.00450	0.02204	0.00720	0.00630
4	0.04364	0.15310	0.55690	0.02022	0.03065	0.02007	0.02540	0.02427	0.01616	0.02388	0.01329	0.01559	0.00979	0.00724	0.00688	0.00232	0.01074	0.00541	0.00334	0.01110
5	0.01696	0.01375	0.01617	0.01159	0.01844	0.01039	0.00929	0.02039	0.01637	0.05644	0.01458	0.01657	0.01185	0.00592	0.00584	0.00121	0.00578	0.00475	0.00483	0.73889
6	0.00973	0.00752	0.00888	0.00929	0.01101	0.00667	0.00668	0.01194	0.01789	0.02324	0.22341	0.27719	0.31847	0.02013	0.00939	0.00274	0.00404	0.01756	0.00755	0.00667
7	0.01608	0.01874	0.14314	0.01819	0.02356	0.01473	0.13836	0.10413	0.07725	0.02885	0.15327	0.14689	0.05740	0.01271	0.00865	0.00260	0.00794	0.01159	0.00624	0.00970
8	0.01254	0.00834	0.01055	0.00998	0.01224	0.00754	0.00763	0.01573	0.02068	0.08009	0.45308	0.08270	0.18389	0.01667	0.00915	0.00255	0.00416	0.04666	0.00824	0.00759
9	0.01816	0.02321	0.12366	0.05511	0.03606	0.05054	0.41229	0.02478	0.04336	0.02388	0.01517	0.01983	0.01166	0.00779	0.01072	0.00266	0.09881	0.00812	0.00392	0.01028
10	0.00945	0.00675	0.00900	0.01080	0.01125	0.00630	0.00720	0.01080	0.01484	0.01979	0.04274	0.72245	0.05128	0.02429	0.00990	0.00315	0.00450	0.02204	0.00720	0.00630
11	0.05197	0.46497	0.16800	0.01481	0.02234	0.02487	0.01576	0.02385	0.01611	0.05253	0.01262	0.01422	0.01043	0.00687	0.00566	0.00184	0.00854	0.00468	0.00378	0.07615
12	0.01700	0.01772	0.03442	0.25141	0.10447	0.01789	0.32878	0.02263	0.01713	0.02329	0.01479	0.02024	0.01133	0.00689	0.00825	0.00244	0.01115	0.00779	0.00382	0.07855
13	0.01677	0.01419	0.01645	0.01181	0.01867	0.01105	0.00948	0.05244	0.01714	0.02649	0.01403	0.01621	0.01157	0.00593	0.00585	0.00121	0.00589	0.00472	0.00476	0.73535
14	0.78228	0.01499	0.01140	0.01020	0.01499	0.01739	0.00840	0.02279	0.01320	0.03479	0.01080	0.01260	0.00840	0.00720	0.00480	0.00240	0.00600	0.00420	0.00480	0.00840
15	0.02702	0.02026	0.02195	0.01667	0.02301	0.02153	0.01372	0.53707	0.03272	0.04454	0.01773	0.01815	0.01287	0.00865	0.00739	0.00211	0.00802	0.00654	0.00718	0.15286
16	0.00945	0.00675	0.00900	0.01080	0.01125	0.00630	0.00720	0.01080	0.01484	0.01979	0.04274	0.72245	0.05128	0.02429	0.00990	0.00315	0.00450	0.02204	0.00720	0.00630
17	0.01972	0.01687	0.01778	0.01587	0.02033	0.01949	0.01238	0.06756	0.63806	0.03314	0.03100	0.02848	0.02322	0.01047	0.00788	0.00262	0.00624	0.00869	0.00788	0.01231
18	0.01001	0.00716	0.00959	0.01107	0.01186	0.00674	0.00784	0.01193	0.01614	0.02169	0.12596	0.55947	0.05338	0.02284	0.00989	0.00311	0.00470	0.09272	0.00737	0.00653
19	0.03379	0.01368	0.01816	0.01404	0.01996	0.01226	0.01156	0.05993	0.05609	0.62796	0.03021	0.02625	0.01921	0.00963	0.00780	0.00241	0.00664	0.00782	0.00944	0.01315
20	0.01237	0.00884	0.01235	0.01414	0.01587	0.00882	0.01228	0.01585	0.01773	0.02307	0.04112	0.11295	0.04489	0.02153	0.01068	0.00355	0.00703	0.60267	0.00714	0.00711
21	0.01639	0.01004	0.00977	0.00916	0.01141	0.04150	0.00699	0.07867	0.01807	0.02932	0.02342	0.02710	0.01852	0.01173	0.03586	0.02989	0.00541	0.00713	0.60190	0.00773
22	0.01912	0.02131	0.03887	0.03247	0.13676	0.07394	0.42293	0.02439	0.01769	0.02368	0.01453	0.01960	0.01151	0.00759	0.01078	0.00261	0.09982	0.00817	0.00385	0.01038
23	0.00997	0.00732	0.00942	0.01086	0.01165	0.00697	0.00739	0.01243	0.04623	0.02096	0.07243	0.63203	0.07723	0.02306	0.00974	0.00307	0.00451	0.02081	0.00729	0.00664
24	0.00968	0.00698	0.00922	0.01094	0.01160	0.00652	0.00756	0.01124	0.01522	0.02012	0.04430	0.64052	0.08047	0.02384	0.00993	0.00316	0.00468	0.07045	0.00719	0.00638
25	0.05246	0.03362	0.02113	0.01893	0.02306	0.58477	0.01434	0.08639	0.02276	0.02260	0.01311	0.01499	0.01064	0.00813	0.00692	0.00203	0.01280	0.00524	0.03680	0.00927
26	0.01555	0.04011	0.68733	0.02210	0.03356	0.01801	0.02865	0.02455	0.01637	0.02455	0.01391	0.01637	0.00982	0.00737	0.00737	0.00246	0.01146	0.00573	0.00327	0.01146
27	0.00925	0.00786	0.00797	0.00794	0.01052	0.00658	0.00596	0.01129	0.01787	0.02142	0.10641	0.07384	0.64783	0.01946	0.00916	0.00261	0.00391	0.01625	0.00726	0.00658
28	0.01786	0.02008	0.04331	0.03204	0.06129	0.01886	0.59503	0.02406	0.01810	0.02459	0.01708	0.05794	0.01387	0.00749	0.00914	0.00263	0.01248	0.00975	0.00409	0.01030
29	0.01604	0.09487	0.53511	0.02206	0.03228	0.01878	0.09488	0.02392	0.01647	0.02386	0.01501	0.04497	0.01172	0.00790	0.00746	0.00243	0.01109	0.00663	0.00351	0.01101
30	0.02421	0.01883	0.02001	0.01648	0.02167	0.02120	0.01324	0.34752	0.32404	0.04054	0.02482	0.02375	0.01826	0.00985	0.00773	0.00245	0.00724	0.00781	0.03783	0.01253
31	0.01893	0.02003	0.05692	0.03988	0.50290	0.07628	0.05094	0.02330	0.01786	0.02425	0.01844	0.05810	0.04066	0.00843	0.00785	0.00235	0.00944	0.00798	0.00414	0.01133
32	0.01886	0.01808	0.03087	0.09619	0.63315	0.01833	0.02363	0.02350	0.01750	0.02493	0.01453	0.01930	0.01214	0.00697	0.00768	0.00232	0.00929	0.00691	0.00381	0.01201
33	0.53454	0.01776	0.01496	0.01272	0.01778	0.05427	0.01038	0.16895	0.04945	0.03709	0.01362	0.01481	0.01029	0.00788	0.00574	0.00237	0.00700	0.00509	0.00558	0.00971
34	0.01097	0.00793	0.01036	0.00975	0.01158	0.00732	0.00732	0.01463	0.02195	0.03109	0.67505	0.05792	0.07316	0.01585	0.00914	0.00244	0.00366	0.01402	0.00854	0.00732
35	0.01202	0.00819	0.01068	0.01002	0.01206	0.00752	0.00762	0.01557	0.02163	0.05964	0.59844	0.05826	0.09523	0.01593	0.00914	0.00248	0.00392	0.03562	0.00848	0.00754
