[name]
unknown

[dist]
# distance from previous block
# <min> <max>
6	24

[block]
# block no. 0 follows, 23 sequences, length 9
# corresponding to MSA columns:
# 42-50
name=unknown_A
#
# <colnr> <probs for GDERKNQSTAVLIFYWHMCP>
#	G	D	E	R	K	N	Q	S	T	A	V	L	I	F	Y	W	H	M	C	P
0	0.06600	0.01392	0.01431	0.01285	0.01596	0.07665	0.03872	0.03912	0.04960	0.02447	0.04348	0.12167	0.24281	0.07115	0.01194	0.00302	0.03979	0.01252	0.04958	0.05243
1	0.01413	0.00910	0.01098	0.01102	0.01276	0.00928	0.00801	0.01818	0.07330	0.06048	0.03469	0.17277	0.07457	0.15723	0.12020	0.00532	0.00818	0.04258	0.14960	0.00761
2	0.01608	0.01144	0.01361	0.03221	0.01640	0.01111	0.00959	0.09187	0.05105	0.05973	0.16114	0.13037	0.11216	0.05626	0.01063	0.00286	0.00580	0.05356	0.05810	0.09602
3	0.13288	0.06855	0.01860	0.01495	0.01866	0.18472	0.01173	0.10927	0.02124	0.02851	0.11939	0.06075	0.04769	0.04962	0.04967	0.00332	0.03675	0.00869	0.00586	0.00913
4	0.01507	0.01260	0.01624	0.03358	0.01804	0.03609	0.03348	0.04652	0.01607	0.02301	0.02240	0.12562	0.02204	0.06309	0.22428	0.00605	0.08046	0.00984	0.05697	0.13856
5	0.01351	0.00921	0.01125	0.01065	0.01313	0.00855	0.00800	0.01789	0.06331	0.08140	0.36407	0.13377	0.19912	0.01758	0.00946	0.00269	0.00442	0.01528	0.00850	0.00821
6	0.06949	0.01923	0.02186	0.02016	0.09589	0.02076	0.01462	0.36091	0.10113	0.07784	0.02761	0.02726	0.08549	0.01066	0.00811	0.00251	0.00793	0.00846	0.00753	0.01253
7	0.68832	0.01548	0.01271	0.01110	0.01626	0.01749	0.00915	0.02564	0.01488	0.10858	0.01366	0.01483	0.01007	0.00782	0.00538	0.00251	0.00635	0.00482	0.00559	0.00936
8	0.01562	0.01720	0.12322	0.01700	0.04200	0.03212	0.04334	0.05175	0.08178	0.04555	0.10061	0.24841	0.06009	0.01646	0.00930	0.00291	0.00737	0.06909	0.00680	0.00937

[dist]
# distance from previous block
# <min> <max>
0	3

[block]
# block no. 1 follows, 23 sequences, length 39
# corresponding to MSA columns:
# 54-92
name=unknown_B
#
# <colnr> <probs for GDERKNQSTAVLIFYWHMCP>
#	G	D	E	R	K	N	Q	S	T	A	V	L	I	F	Y	W	H	M	C	P
0	0.01845	0.01653	0.02043	0.04534	0.02340	0.06042	0.07509	0.02444	0.08867	0.04825	0.02064	0.04916	0.01795	0.00910	0.00747	0.00199	0.00777	0.05805	0.00552	0.40132
1	0.05009	0.02162	0.07361	0.11090	0.11798	0.09444	0.14686	0.07486	0.02004	0.04795	0.01790	0.05186	0.01501	0.00891	0.00814	0.00245	0.01041	0.02822	0.00489	0.09386
2	0.01729	0.01597	0.04644	0.01525	0.05231	0.01309	0.01192	0.06352	0.01817	0.02719	0.01966	0.05608	0.04778	0.00869	0.00807	0.00175	0.05107	0.00688	0.00514	0.51374
3	0.01658	0.17785	0.18657	0.08294	0.04674	0.01781	0.04371	0.02107	0.01683	0.04763	0.04401	0.17934	0.02410	0.04837	0.00969	0.00283	0.00877	0.01053	0.00497	0.00966
4	0.02723	0.06117	0.02657	0.02881	0.21368	0.42329	0.01813	0.03020	0.02139	0.05546	0.01430	0.01685	0.01166	0.00805	0.00748	0.00219	0.01250	0.00593	0.00441	0.01070
5	0.01070	0.00777	0.01016	0.01106	0.01231	0.00723	0.00800	0.01319	0.01854	0.02510	0.25367	0.38872	0.10364	0.02183	0.01012	0.00305	0.00463	0.07525	0.00800	0.00705
6	0.02047	0.04467	0.10740	0.01671	0.02220	0.04975	0.01494	0.10659	0.28581	0.05953	0.05410	0.03568	0.07250	0.01200	0.00841	0.00269	0.00779	0.06004	0.00721	0.01154
7	0.01190	0.00874	0.01109	0.01065	0.01250	0.00837	0.00784	0.01652	0.06192	0.03061	0.52686	0.12230	0.06859	0.05244	0.01117	0.00291	0.00429	0.01500	0.00855	0.00775
8	0.02462	0.15339	0.06077	0.02090	0.06705	0.19200	0.01676	0.09978	0.04949	0.06650	0.01521	0.01763	0.01231	0.00963	0.01132	0.00248	0.15820	0.00626	0.00489	0.01081
9	0.01091	0.00973	0.00939	0.00932	0.01201	0.03916	0.00708	0.01322	0.01914	0.02294	0.13187	0.07403	0.54640	0.01968	0.00955	0.00274	0.00474	0.04351	0.00751	0.00708
10	0.01606	0.00999	0.01297	0.01233	0.01376	0.01035	0.00894	0.12095	0.01721	0.02311	0.05230	0.14604	0.02520	0.02479	0.04340	0.41173	0.00732	0.03179	0.00544	0.00631
11	0.01961	0.45908	0.28490	0.01744	0.02632	0.02701	0.02007	0.02484	0.01673	0.02163	0.01254	0.01460	0.01036	0.00724	0.00617	0.00206	0.00995	0.00498	0.00345	0.01102
12	0.70100	0.05111	0.04374	0.01140	0.01683	0.01891	0.01001	0.02396	0.01409	0.03507	0.01145	0.01335	0.00894	0.00751	0.00515	0.00248	0.00666	0.00446	0.00487	0.00901
13	0.02021	0.06754	0.41166	0.02582	0.11712	0.17003	0.02535	0.02705	0.01862	0.02420	0.01406	0.01678	0.01067	0.00776	0.00756	0.00240	0.01213	0.00592	0.00368	0.01145
14	0.01286	0.00860	0.01129	0.01044	0.01260	0.00789	0.00789	0.01665	0.02298	0.06764	0.62535	0.05879	0.07345	0.01623	0.00949	0.00255	0.00400	0.01432	0.00899	0.00800
15	0.01635	0.01392	0.01510	0.01407	0.01762	0.01537	0.01092	0.03082	0.38961	0.02954	0.07734	0.07804	0.17725	0.01488	0.00942	0.00284	0.02570	0.04281	0.00791	0.01050
16	0.01224	0.00824	0.01066	0.01059	0.01240	0.00752	0.00773	0.01519	0.02048	0.06337	0.40102	0.24627	0.11541	0.01909	0.00972	0.00278	0.00427	0.01693	0.00848	0.00762
17	0.01488	0.01293	0.01725	0.09216	0.02103	0.01579	0.01307	0.02044	0.12025	0.02208	0.02634	0.19427	0.02721	0.09483	0.04979	0.00419	0.20598	0.03342	0.00563	0.00844
18	0.01409	0.00705	0.01057	0.01057	0.01057	0.00705	0.00705	0.01057	0.01057	0.01409	0.01409	0.02467	0.01409	0.02819	0.03171	0.76392	0.00705	0.00705	0.00352	0.00352
19	0.01974	0.22871	0.21463	0.02632	0.17783	0.07997	0.05271	0.02493	0.01795	0.02328	0.01743	0.02003	0.04688	0.00809	0.00723	0.00227	0.01036	0.00654	0.00391	0.01118
20	0.02184	0.06710	0.02551	0.04279	0.04237	0.05007	0.09206	0.05942	0.04363	0.11279	0.01720	0.01962	0.01333	0.00858	0.01020	0.00222	0.11275	0.00666	0.00537	0.24651
21	0.01683	0.01442	0.01683	0.01202	0.01923	0.01082	0.00961	0.02043	0.01683	0.02644	0.01442	0.01683	0.01202	0.00601	0.00601	0.00120	0.00601	0.00481	0.00481	0.76444
22	0.06585	0.02515	0.23892	0.05906	0.12432	0.05000	0.07631	0.02504	0.01912	0.08569	0.12715	0.02630	0.02309	0.00934	0.00812	0.00253	0.00964	0.00812	0.00527	0.01096
23	0.14708	0.14982	0.11002	0.02076	0.10879	0.18702	0.01618	0.02468	0.01724	0.02338	0.01295	0.01653	0.01096	0.01041	0.01000	0.10502	0.01013	0.00555	0.00398	0.00950
24	0.03019	0.01624	0.01776	0.01466	0.01974	0.10048	0.01166	0.03410	0.05492	0.43720	0.07655	0.07794	0.04801	0.01178	0.00836	0.00253	0.00744	0.00964	0.00883	0.01199
25	0.01896	0.01555	0.01946	0.01421	0.02126	0.01287	0.05041	0.06129	0.05139	0.05906	0.01667	0.01853	0.01319	0.00675	0.00659	0.00152	0.00675	0.00566	0.00540	0.59450
26	0.05755	0.01705	0.02094	0.01640	0.02188	0.01719	0.06722	0.27842	0.02655	0.03749	0.10746	0.09526	0.02569	0.01115	0.00810	0.00232	0.00750	0.00948	0.00699	0.16536
27	0.08526	0.25371	0.04791	0.01559	0.02090	0.12408	0.01362	0.06788	0.04839	0.02468	0.01543	0.04053	0.01362	0.01283	0.06038	0.00298	0.05442	0.00617	0.00461	0.08703
28	0.02399	0.01476	0.01721	0.01397	0.01857	0.01498	0.01109	0.22935	0.02444	0.16935	0.02650	0.03012	0.05161	0.09335	0.09331	0.00420	0.00900	0.00847	0.07130	0.07444
29	0.01608	0.06414	0.02583	0.17789	0.17382	0.01610	0.09755	0.02005	0.01729	0.02345	0.10480	0.05938	0.02444	0.07763	0.03873	0.02962	0.00959	0.00950	0.00480	0.00931
30	0.01159	0.00869	0.01304	0.01304	0.01449	0.01014	0.01014	0.01449	0.01304	0.01884	0.02173	0.03188	0.02029	0.06086	0.68268	0.01304	0.02173	0.00869	0.00435	0.00724
31	0.02476	0.08046	0.07179	0.05911	0.05570	0.36078	0.15184	0.02957	0.04786	0.02243	0.01451	0.01751	0.01157	0.00795	0.00779	0.00231	0.01309	0.00651	0.00421	0.01024
32	0.01137	0.00827	0.01056	0.01000	0.01188	0.00761	0.00742	0.01488	0.02211	0.03097	0.58825	0.06148	0.11560	0.05080	0.01111	0.00282	0.00404	0.01471	0.00864	0.00747
33	0.01854	0.02666	0.20551	0.03349	0.12510	0.01992	0.39731	0.02577	0.01854	0.02599	0.01579	0.02043	0.01187	0.00712	0.00889	0.00265	0.01270	0.00834	0.00392	0.01147
34	0.01261	0.00923	0.01214	0.01345	0.01526	0.00915	0.01114	0.01656	0.04559	0.02395	0.07178	0.14463	0.10213	0.06627	0.01271	0.00377	0.00672	0.40809	0.00742	0.00741
35	0.18430	0.01653	0.05102	0.01457	0.02043	0.01547	0.01241	0.07973	0.10628	0.34589	0.02654	0.05233	0.01880	0.01015	0.00759	0.00257	0.00703	0.00796	0.00817	0.01224
36	0.01725	0.01715	0.05250	0.14602	0.33395	0.01688	0.02010	0.02244	0.04462	0.02469	0.02204	0.08845	0.05229	0.01026	0.00909	0.00255	0.04174	0.00912	0.00466	0.06421
37	0.01287	0.04619	0.01424	0.01314	0.01479	0.05351	0.01001	0.01531	0.01450	0.01940	0.02654	0.20448	0.02776	0.04562	0.43172	0.00925	0.01623	0.01196	0.00511	0.00738
38	0.14781	0.01877	0.01790	0.06349	0.02227	0.11776	0.01299	0.08432	0.15555	0.08763	0.04827	0.03156	0.06517	0.01143	0.00862	0.00265	0.03527	0.05150	0.00665	0.01040

[dist]
# distance from previous block
# <min> <max>
0	3

[block]
# block no. 2 follows, 23 sequences, length 12
# corresponding to MSA columns:
# 96-107
name=unknown_C
#
# <colnr> <probs for GDERKNQSTAVLIFYWHMCP>
#	G	D	E	R	K	N	Q	S	T	A	V	L	I	F	Y	W	H	M	C	P
0	0.16980	0.12722	0.05214	0.03972	0.05061	0.07182	0.01307	0.05132	0.07435	0.14095	0.02215	0.02488	0.04343	0.07377	0.01010	0.00288	0.00819	0.00720	0.00594	0.01044
1	0.05067	0.05437	0.23394	0.02415	0.11820	0.10911	0.07641	0.02408	0.01832	0.02522	0.06651	0.05691	0.01875	0.01166	0.03986	0.00293	0.01098	0.00789	0.00450	0.04558
2	0.01409	0.00705	0.01057	0.01057	0.01057	0.00705	0.00705	0.01057	0.01057	0.01409	0.01409	0.02467	0.01409	0.02819	0.03171	0.76392	0.00705	0.00705	0.00352	0.00352
3	0.02464	0.09160	0.08048	0.01992	0.10590	0.04894	0.01531	0.03094	0.09623	0.24586	0.09844	0.03080	0.02518	0.01054	0.00808	0.00250	0.00790	0.03773	0.00721	0.01181
4	0.02365	0.02420	0.07399	0.02081	0.09667	0.23742	0.01564	0.04950	0.02145	0.11537	0.05742	0.03390	0.07509	0.01139	0.00827	0.00247	0.00994	0.07542	0.00599	0.04139
5	0.01122	0.00821	0.01052	0.01009	0.01199	0.00752	0.00751	0.01474	0.02212	0.03086	0.57035	0.10084	0.12877	0.01748	0.00962	0.00261	0.00391	0.01540	0.00872	0.00752
6	0.04938	0.01894	0.05634	0.04094	0.06845	0.01882	0.10220	0.10425	0.21152	0.08518	0.05214	0.02514	0.01954	0.00960	0.00905	0.00256	0.04233	0.00822	0.00657	0.06883
7	0.06342	0.05266	0.07933	0.04904	0.02621	0.13691	0.01675	0.31850	0.05356	0.03666	0.01667	0.01827	0.01258	0.00950	0.00939	0.00249	0.07355	0.00663	0.00609	0.01181
8	0.01513	0.00756	0.00756	0.00756	0.00945	0.00756	0.00567	0.01891	0.01702	0.03025	0.02647	0.03025	0.02080	0.00945	0.00567	0.00189	0.00378	0.00756	0.75988	0.00756
9	0.05759	0.08587	0.02146	0.01675	0.02147	0.12887	0.01348	0.14841	0.26683	0.03205	0.02405	0.02779	0.01952	0.01142	0.00888	0.03511	0.00855	0.05395	0.00671	0.01124
10	0.26823	0.01593	0.04655	0.04810	0.09797	0.04511	0.04989	0.02087	0.01692	0.02854	0.08042	0.14773	0.02700	0.01275	0.00789	0.00275	0.00756	0.06111	0.00568	0.00899
11	0.01394	0.01166	0.01240	0.01140	0.01498	0.01137	0.00870	0.05215	0.17231	0.02664	0.05745	0.11482	0.35899	0.01679	0.00893	0.00264	0.00515	0.01410	0.00749	0.07809

[dist]
# distance from previous block
# <min> <max>
0	1

[block]
# block no. 3 follows, 23 sequences, length 10
# corresponding to MSA columns:
# 109-118
name=unknown_D
#
# <colnr> <probs for GDERKNQSTAVLIFYWHMCP>
#	G	D	E	R	K	N	Q	S	T	A	V	L	I	F	Y	W	H	M	C	P
0	0.06265	0.05025	0.11939	0.08789	0.23095	0.08461	0.01964	0.02536	0.01824	0.09702	0.01932	0.09291	0.01683	0.00996	0.00844	0.00254	0.02961	0.00836	0.00498	0.01104
1	0.02043	0.01912	0.01846	0.01647	0.02075	0.09952	0.01278	0.03744	0.46455	0.03118	0.08086	0.02973	0.02614	0.01101	0.00883	0.00261	0.03337	0.00885	0.00746	0.05043
2	0.01519	0.01408	0.04518	0.05724	0.04171	0.05089	0.01244	0.06847	0.01753	0.02371	0.09447	0.03532	0.06077	0.09940	0.28567	0.00734	0.04754	0.00948	0.00526	0.00831
3	0.01513	0.00756	0.00756	0.00756	0.00945	0.00756	0.00567	0.01891	0.01702	0.03025	0.02647	0.03025	0.02080	0.00945	0.00567	0.00189	0.00378	0.00756	0.75988	0.00756
4	0.02125	0.36272	0.07020	0.01557	0.02110	0.15850	0.01419	0.04838	0.01871	0.02137	0.02154	0.07563	0.07664	0.01041	0.00745	0.00217	0.03238	0.00755	0.00452	0.00974
5	0.00988	0.00751	0.00911	0.01024	0.01153	0.00674	0.00710	0.01164	0.01691	0.02178	0.09185	0.46859	0.25117	0.02334	0.01006	0.00307	0.00446	0.02067	0.00761	0.00674
6	0.22446	0.07606	0.02123	0.01586	0.02150	0.05830	0.01304	0.27511	0.15080	0.03958	0.01898	0.01918	0.01420	0.00911	0.00705	0.00244	0.00801	0.00656	0.00674	0.01177
7	0.06298	0.08054	0.05360	0.05268	0.05820	0.12040	0.04998	0.16915	0.09809	0.03106	0.01786	0.02011	0.01400	0.01267	0.06148	0.00315	0.01065	0.00679	0.00556	0.07108
8	0.01287	0.01019	0.01442	0.01352	0.01507	0.01044	0.05801	0.04735	0.01669	0.02260	0.08659	0.31985	0.06785	0.16686	0.05045	0.00456	0.05289	0.01608	0.00644	0.00726
9	0.01149	0.00930	0.00994	0.00941	0.01226	0.00821	0.00702	0.04776	0.01933	0.02429	0.11745	0.10748	0.46686	0.05765	0.01111	0.00294	0.00471	0.01575	0.00739	0.04964

[dist]
# distance from previous block
# <min> <max>
4	9

[block]
# block no. 4 follows, 23 sequences, length 12
# corresponding to MSA columns:
# 128-139
name=unknown_E
#
# <colnr> <probs for GDERKNQSTAVLIFYWHMCP>
#	G	D	E	R	K	N	Q	S	T	A	V	L	I	F	Y	W	H	M	C	P
0	0.01231	0.00940	0.01390	0.09721	0.01924	0.01070	0.01145	0.01527	0.01414	0.01951	0.02458	0.04249	0.02435	0.13258	0.41374	0.00967	0.01641	0.10105	0.00481	0.00720
1	0.01800	0.01649	0.02732	0.10403	0.46204	0.01688	0.02101	0.02261	0.04014	0.02475	0.01940	0.10618	0.01821	0.01096	0.00976	0.04841	0.00887	0.00925	0.00453	0.01114
2	0.01242	0.00855	0.01086	0.01013	0.01237	0.00775	0.00765	0.01597	0.02236	0.06169	0.54920	0.06146	0.15533	0.01683	0.00951	0.00258	0.00402	0.01470	0.00879	0.00784
3	0.01726	0.01656	0.02859	0.42676	0.27970	0.01860	0.05157	0.02251	0.01719	0.02311	0.01482	0.02107	0.01164	0.00773	0.00815	0.00260	0.01051	0.00733	0.00378	0.01052
4	0.01119	0.00828	0.01044	0.00990	0.01194	0.00753	0.00743	0.01475	0.02228	0.03091	0.57135	0.06329	0.16617	0.01720	0.00957	0.00258	0.00387	0.01505	0.00872	0.00753
5	0.19851	0.01933	0.07832	0.10722	0.03367	0.01825	0.28616	0.02338	0.01660	0.02693	0.01546	0.02065	0.01211	0.01391	0.09144	0.00394	0.01242	0.00766	0.00424	0.00981
6	0.01495	0.01214	0.01248	0.01294	0.01470	0.09140	0.00936	0.01794	0.04520	0.06452	0.12852	0.42430	0.04790	0.02028	0.00968	0.00299	0.00617	0.04915	0.00751	0.00787
7	0.01507	0.01058	0.01342	0.01226	0.01431	0.01098	0.00933	0.05407	0.02028	0.07998	0.29889	0.13490	0.11564	0.07222	0.01410	0.00320	0.09098	0.01388	0.00766	0.00824
8	0.02350	0.01580	0.02087	0.02267	0.15489	0.01630	0.01508	0.09077	0.19042	0.18285	0.02974	0.07806	0.02469	0.01221	0.00867	0.00275	0.00747	0.08353	0.00764	0.01210
9	0.48368	0.01693	0.05280	0.04153	0.01985	0.01687	0.01134	0.02667	0.05616	0.11236	0.01587	0.01700	0.01169	0.00795	0.00600	0.00241	0.00687	0.00542	0.00568	0.08293
10	0.04261	0.14510	0.06439	0.02251	0.02769	0.19077	0.18096	0.02536	0.01784	0.02184	0.01378	0.01896	0.01193	0.04609	0.01273	0.00280	0.13399	0.00693	0.00395	0.00977
11	0.18914	0.09414	0.05776	0.01870	0.04071	0.22569	0.04937	0.06971	0.01912	0.02641	0.01385	0.01712	0.01149	0.01362	0.07598	0.00343	0.05358	0.00591	0.00451	0.00976

[dist]
# distance from previous block
# <min> <max>
6	9

[block]
# block no. 5 follows, 23 sequences, length 31
# corresponding to MSA columns:
# 149-179
name=unknown_F
#
# <colnr> <probs for GDERKNQSTAVLIFYWHMCP>
#	G	D	E	R	K	N	Q	S	T	A	V	L	I	F	Y	W	H	M	C	P
0	0.01715	0.01589	0.02564	0.18327	0.36310	0.01653	0.02015	0.02237	0.04400	0.02526	0.06083	0.06938	0.05798	0.01003	0.00833	0.00253	0.00866	0.00925	0.00485	0.03479
1	0.01683	0.01589	0.02629	0.32507	0.29411	0.01782	0.02163	0.02149	0.01691	0.02297	0.01898	0.02470	0.05094	0.01149	0.04330	0.00316	0.04616	0.00788	0.00404	0.01033
2	0.01081	0.00806	0.00876	0.00870	0.01007	0.00740	0.00571	0.01205	0.01574	0.01997	0.10814	0.06470	0.30970	0.34781	0.02455	0.00514	0.00586	0.01439	0.00643	0.00601
3	0.01966	0.02050	0.01846	0.14336	0.02596	0.23111	0.01391	0.05969	0.03838	0.02258	0.02258	0.17636	0.02252	0.03853	0.07690	0.00375	0.01125	0.01039	0.00526	0.03886
4	0.01220	0.00969	0.01174	0.01098	0.01406	0.00807	0.00801	0.01463	0.01706	0.02380	0.09703	0.33660	0.13127	0.01770	0.00879	0.00248	0.00495	0.01560	0.00679	0.24853
5	0.02261	0.07537	0.02507	0.16624	0.14255	0.29336	0.01769	0.02643	0.03739	0.02129	0.01505	0.02035	0.01287	0.05159	0.03644	0.00305	0.01217	0.00657	0.00415	0.00975
6	0.01944	0.14506	0.20375	0.02302	0.08479	0.05487	0.08063	0.02665	0.08624	0.04484	0.01683	0.01994	0.01340	0.01242	0.05797	0.00328	0.08456	0.00687	0.00441	0.01105
7	0.16665	0.02000	0.02045	0.01628	0.02209	0.02220	0.01334	0.43572	0.07578	0.04507	0.02342	0.02328	0.06006	0.01019	0.00766	0.00249	0.00791	0.00760	0.00751	0.01230
8	0.04298	0.05212	0.12516	0.03313	0.26730	0.07149	0.14730	0.02506	0.01832	0.04429	0.01726	0.05738	0.01469	0.01052	0.03510	0.00293	0.01120	0.00812	0.00435	0.01130
9	0.00989	0.00706	0.00942	0.01130	0.01177	0.00659	0.00753	0.01130	0.01554	0.02071	0.04472	0.70954	0.05367	0.02542	0.01036	0.00330	0.00471	0.02307	0.00753	0.00659
10	0.01349	0.01154	0.01910	0.04892	0.02098	0.01128	0.14041	0.05363	0.01754	0.02345	0.03478	0.45565	0.03922	0.05540	0.01155	0.00333	0.00731	0.01792	0.00653	0.00798
11	0.02014	0.01462	0.01734	0.01292	0.01936	0.01226	0.01042	0.06672	0.01922	0.11933	0.02198	0.02296	0.05949	0.00820	0.00751	0.00168	0.03262	0.00643	0.00594	0.52088
12	0.01683	0.01442	0.01683	0.01202	0.01923	0.01082	0.00961	0.02043	0.01683	0.02644	0.01442	0.01683	0.01202	0.00601	0.00601	0.00120	0.00601	0.00481	0.00481	0.76444
13	0.02647	0.07213	0.06190	0.01774	0.02401	0.02345	0.01529	0.42513	0.13233	0.04349	0.05903	0.02306	0.01886	0.01003	0.00799	0.00245	0.00838	0.00776	0.00758	0.01293
14	0.01388	0.00949	0.01054	0.00992	0.01063	0.00976	0.00607	0.08016	0.01468	0.01960	0.02490	0.04942	0.02778	0.63776	0.03767	0.00727	0.00798	0.01131	0.00527	0.00589
15	0.02416	0.11263	0.02351	0.01719	0.02252	0.09609	0.01394	0.18776	0.34524	0.03474	0.02455	0.02360	0.01858	0.00987	0.00772	0.00247	0.00825	0.00764	0.00715	0.01239
16	0.01027	0.00735	0.00981	0.01139	0.01212	0.00689	0.00789	0.01212	0.01661	0.02234	0.11767	0.59420	0.05595	0.02419	0.01032	0.00323	0.00477	0.05840	0.00769	0.00677
17	0.01691	0.01212	0.01632	0.04243	0.01839	0.01276	0.04443	0.15749	0.01955	0.02620	0.02562	0.18484	0.02636	0.07280	0.07051	0.18207	0.00872	0.04867	0.00594	0.00786
18	0.12070	0.01615	0.01882	0.01486	0.02068	0.01605	0.01213	0.20642	0.02553	0.33891	0.02599	0.07162	0.01893	0.01056	0.00782	0.00248	0.00721	0.00836	0.00846	0.04833
19	0.07596	0.02018	0.01880	0.01675	0.02143	0.10016	0.01305	0.07527	0.49257	0.03343	0.02820	0.02653	0.02125	0.01037	0.00790	0.00264	0.00755	0.00825	0.00752	0.01219
20	0.02754	0.02077	0.02258	0.01710	0.02377	0.02178	0.01405	0.49190	0.03313	0.04532	0.01829	0.01886	0.01338	0.00886	0.00762	0.00214	0.00824	0.00672	0.00734	0.19060
21	0.02698	0.02282	0.02171	0.01780	0.02290	0.13421	0.01419	0.39400	0.07514	0.03936	0.01981	0.02245	0.01550	0.05075	0.08137	0.00380	0.01103	0.00746	0.00689	0.01184
22	0.02411	0.01938	0.02056	0.01731	0.02260	0.02202	0.01379	0.26170	0.42458	0.04027	0.02804	0.02630	0.02073	0.01054	0.00821	0.00264	0.00734	0.00849	0.00821	0.01320
23	0.01068	0.00780	0.01009	0.01079	0.01213	0.00720	0.00778	0.01325	0.01895	0.02573	0.29218	0.35516	0.12013	0.02128	0.01002	0.00297	0.00447	0.05421	0.00808	0.00709
24	0.02227	0.02115	0.02605	0.06216	0.18888	0.11991	0.08200	0.08802	0.16567	0.05535	0.02485	0.02624	0.06162	0.00958	0.00827	0.00252	0.00958	0.00837	0.00589	0.01163
25	0.01127	0.00826	0.01040	0.00988	0.01178	0.00757	0.00730	0.01464	0.02173	0.03019	0.54962	0.06230	0.14548	0.06032	0.01154	0.00290	0.00411	0.01480	0.00851	0.00739
26	0.01794	0.01589	0.02378	0.15612	0.21121	0.01812	0.01829	0.09731	0.01861	0.02575	0.02031	0.02576	0.05379	0.01957	0.13681	0.00464	0.11311	0.00810	0.00466	0.01023
27	0.01094	0.00833	0.01009	0.00980	0.01199	0.00748	0.00745	0.01417	0.02124	0.02854	0.43309	0.06814	0.27035	0.01823	0.00967	0.00268	0.00412	0.04794	0.00839	0.00738
28	0.01721	0.01701	0.02570	0.02302	0.06126	0.02225	0.06772	0.01973	0.01343	0.02039	0.01284	0.02007	0.01217	0.01923	0.10931	0.00465	0.51369	0.00752	0.00373	0.00908
29	0.01719	0.02187	0.15456	0.29257	0.08890	0.01877	0.13470	0.02566	0.09349	0.02486	0.01712	0.02158	0.01286	0.00802	0.00825	0.00262	0.01080	0.00757	0.00429	0.03432
30	0.02008	0.01928	0.03294	0.04981	0.66422	0.01928	0.02490	0.02490	0.01848	0.02651	0.01526	0.02008	0.01285	0.00723	0.00803	0.00241	0.00964	0.00723	0.00402	0.01285

[dist]
# distance from previous block
# <min> <max>
0	1

[block]
# block no. 6 follows, 23 sequences, length 22
# corresponding to MSA columns:
# 181-202
name=unknown_G
#
# <colnr> <probs for GDERKNQSTAVLIFYWHMCP>
#	G	D	E	R	K	N	Q	S	T	A	V	L	I	F	Y	W	H	M	C	P
0	0.01107	0.01075	0.04700	0.01136	0.01429	0.00856	0.04455	0.01367	0.01761	0.02214	0.08930	0.13039	0.39577	0.10005	0.01333	0.00342	0.00575	0.04693	0.00687	0.00719
1	0.00989	0.00706	0.00942	0.01130	0.01177	0.00659	0.00753	0.01130	0.01554	0.02071	0.04472	0.70954	0.05367	0.02542	0.01036	0.00330	0.00471	0.02307	0.00753	0.00659
2	0.02011	0.06239	0.06429	0.16791	0.35674	0.06873	0.02203	0.05328	0.01901	0.02555	0.01477	0.01919	0.01198	0.00754	0.00770	0.00234	0.01007	0.00670	0.00412	0.05555
3	0.06295	0.07671	0.18565	0.06936	0.29039	0.05527	0.02221	0.02553	0.05225	0.02584	0.01850	0.02152	0.04280	0.00829	0.00762	0.00244	0.00985	0.00701	0.00427	0.01154
4	0.00992	0.00777	0.00899	0.00967	0.01141	0.00684	0.00688	0.01193	0.01784	0.02266	0.13373	0.32609	0.35337	0.02202	0.00989	0.00294	0.00431	0.01920	0.00769	0.00684
5	0.01177	0.00798	0.00942	0.00942	0.00962	0.00818	0.00563	0.01217	0.01197	0.01616	0.02505	0.05021	0.02825	0.62585	0.12857	0.00857	0.00975	0.01138	0.00484	0.00523
6	0.01792	0.01713	0.06701	0.01664	0.07488	0.01323	0.01283	0.08195	0.01901	0.02841	0.01737	0.07147	0.01539	0.00813	0.00686	0.00169	0.00695	0.00677	0.00518	0.51118
7	0.01380	0.01086	0.01247	0.01205	0.01332	0.04982	0.00857	0.04700	0.01443	0.01929	0.02267	0.03906	0.02321	0.32781	0.33986	0.00968	0.01486	0.00971	0.00477	0.00674
8	0.77215	0.01569	0.01193	0.01067	0.01569	0.01820	0.00879	0.02385	0.01381	0.03641	0.01130	0.01318	0.00879	0.00753	0.00502	0.00251	0.00628	0.00439	0.00502	0.00879
9	0.01221	0.00882	0.01121	0.01132	0.01293	0.00848	0.00818	0.05965	0.02079	0.02865	0.33856	0.34645	0.06171	0.02001	0.00981	0.00287	0.00460	0.01786	0.00825	0.00764
10	0.01914	0.05761	0.01941	0.07150	0.05682	0.07298	0.01345	0.05487	0.25177	0.05018	0.06193	0.07526	0.09137	0.01292	0.00850	0.00269	0.00752	0.05457	0.00694	0.01057
11	0.01160	0.00865	0.01280	0.01280	0.01417	0.01001	0.00985	0.01434	0.01297	0.01866	0.02195	0.03308	0.02081	0.09782	0.64643	0.01275	0.02095	0.00887	0.00438	0.00711
12	0.02050	0.01745	0.01970	0.01703	0.02179	0.01971	0.04165	0.10858	0.49268	0.03438	0.03278	0.03115	0.05544	0.01305	0.03393	0.00310	0.00751	0.00937	0.00786	0.01235
13	0.01497	0.00961	0.01138	0.01071	0.01370	0.00871	0.00825	0.01885	0.05737	0.12491	0.18997	0.11482	0.31744	0.01801	0.00944	0.00276	0.00485	0.04752	0.00826	0.00846
14	0.01336	0.01149	0.01450	0.01392	0.01566	0.04360	0.01090	0.01705	0.04738	0.02011	0.02772	0.03482	0.09339	0.04607	0.46671	0.00977	0.09161	0.00936	0.00483	0.00777
15	0.00987	0.00712	0.00935	0.01113	0.01173	0.00660	0.00746	0.01132	0.01570	0.02078	0.04677	0.67512	0.08677	0.02516	0.01032	0.00327	0.00468	0.02274	0.00753	0.00660
16	0.01608	0.02741	0.34197	0.02362	0.08419	0.01607	0.10549	0.02177	0.01592	0.02302	0.01563	0.02104	0.01260	0.01724	0.09047	0.13448	0.01230	0.00708	0.00369	0.00992
17	0.04822	0.03244	0.42883	0.02125	0.03146	0.01716	0.08884	0.02445	0.01714	0.02634	0.01459	0.01740	0.01083	0.00722	0.00741	0.00227	0.01057	0.00604	0.00388	0.18366
18	0.01800	0.05708	0.02537	0.17272	0.22332	0.01681	0.05347	0.02349	0.06191	0.05936	0.05727	0.03023	0.07523	0.04941	0.01001	0.00278	0.00866	0.00881	0.00517	0.04091
19	0.64908	0.05065	0.05832	0.01218	0.01771	0.05300	0.01080	0.02444	0.01463	0.03405	0.01158	0.01351	0.00905	0.00756	0.00533	0.00246	0.00720	0.00454	0.00480	0.00911
20	0.01902	0.05891	0.08193	0.10101	0.05645	0.07523	0.32468	0.02536	0.04397	0.02458	0.01759	0.05917	0.01458	0.00836	0.00860	0.00255	0.01170	0.00882	0.00437	0.05313
21	0.04993	0.19045	0.41524	0.02099	0.03057	0.05616	0.05844	0.02547	0.01712	0.02419	0.01357	0.01621	0.01038	0.00772	0.00772	0.00240	0.03289	0.00576	0.00358	0.01122

[dist]
# distance from previous block
# <min> <max>
13	18

[block]
# block no. 7 follows, 23 sequences, length 24
# corresponding to MSA columns:
# 223-246
name=unknown_H
#
# <colnr> <probs for GDERKNQSTAVLIFYWHMCP>
#	G	D	E	R	K	N	Q	S	T	A	V	L	I	F	Y	W	H	M	C	P
0	0.02006	0.07295	0.30120	0.04834	0.06147	0.05475	0.02154	0.11456	0.14107	0.02980	0.01960	0.04523	0.01530	0.00925	0.00782	0.00253	0.01000	0.00738	0.00524	0.01190
1	0.01685	0.01363	0.02071	0.02723	0.27725	0.01339	0.01570	0.02191	0.05286	0.06323	0.22242	0.04567	0.07728	0.01311	0.00900	0.00266	0.00694	0.08318	0.00671	0.01029
2	0.01978	0.02155	0.10955	0.04530	0.10120	0.05989	0.01678	0.06905	0.32592	0.03100	0.06590	0.05316	0.02372	0.01067	0.00825	0.00263	0.00815	0.00896	0.00668	0.01187
3	0.01172	0.00783	0.00887	0.00895	0.00897	0.00781	0.00502	0.01178	0.01195	0.01594	0.02635	0.08004	0.03049	0.68654	0.04003	0.00768	0.00774	0.01226	0.00502	0.00499
4	0.06290	0.06251	0.02097	0.04322	0.04520	0.05982	0.01370	0.14394	0.34280	0.03391	0.02856	0.02768	0.05871	0.01053	0.00788	0.00257	0.00763	0.00839	0.00715	0.01192
5	0.14416	0.07177	0.02140	0.01575	0.02107	0.02177	0.01287	0.39663	0.02892	0.04135	0.02031	0.08469	0.01746	0.05441	0.00968	0.00281	0.00803	0.00838	0.00702	0.01153
6	0.00989	0.00706	0.00942	0.01130	0.01177	0.00659	0.00753	0.01130	0.01554	0.02071	0.04472	0.70954	0.05367	0.02542	0.01036	0.00330	0.00471	0.02307	0.00753	0.00659
7	0.01948	0.08746	0.03640	0.08620	0.03407	0.02215	0.29622	0.06963	0.01841	0.02532	0.01456	0.01959	0.01172	0.00878	0.01252	0.00270	0.16611	0.00784	0.00422	0.05662
8	0.01540	0.01042	0.01624	0.05561	0.01811	0.01053	0.06755	0.05244	0.01429	0.01940	0.01714	0.06592	0.01648	0.02480	0.07298	0.45070	0.00892	0.00828	0.00425	0.05054
9	0.45082	0.01446	0.04604	0.01345	0.05043	0.01471	0.01021	0.01981	0.01351	0.02862	0.01447	0.05993	0.01323	0.01394	0.01251	0.19821	0.00685	0.00647	0.00466	0.00768
10	0.01912	0.01937	0.05906	0.17461	0.14435	0.01877	0.27640	0.02633	0.06629	0.06083	0.04060	0.02367	0.01564	0.00804	0.00876	0.00265	0.01107	0.00862	0.00476	0.01107
11	0.01624	0.02913	0.37031	0.02424	0.11995	0.01677	0.04754	0.02477	0.06628	0.02786	0.14900	0.02769	0.02547	0.00968	0.00825	0.00256	0.00962	0.00834	0.00504	0.01125
12	0.01159	0.00869	0.01304	0.01304	0.01449	0.01014	0.01014	0.01449	0.01304	0.01884	0.02173	0.03188	0.02029	0.06086	0.68268	0.01304	0.02173	0.00869	0.00435	0.00724
13	0.01513	0.00756	0.00756	0.00756	0.00945	0.00756	0.00567	0.01891	0.01702	0.03025	0.02647	0.03025	0.02080	0.00945	0.00567	0.00189	0.00378	0.00756	0.75988	0.00756
14	0.01130	0.00829	0.01059	0.01001	0.01201	0.00758	0.00751	0.01495	0.02253	0.03150	0.60343	0.06232	0.13372	0.01698	0.00957	0.00257	0.00386	0.01491	0.00880	0.00758
15	0.02388	0.01842	0.02237	0.19195	0.03086	0.02114	0.01614	0.36326	0.02798	0.03787	0.01845	0.02269	0.01425	0.05334	0.01116	0.00288	0.05135	0.00756	0.05314	0.01133
16	0.01325	0.00934	0.01152	0.01101	0.01337	0.00877	0.00842	0.05385	0.02196	0.05464	0.37551	0.13258	0.17398	0.01804	0.00964	0.00275	0.00469	0.06027	0.00840	0.00800
17	0.06237	0.01815	0.06037	0.17556	0.33106	0.01789	0.05916	0.02386	0.04311	0.02615	0.04059	0.02712	0.01728	0.00905	0.00825	0.00262	0.00956	0.05225	0.00457	0.01106
18	0.01128	0.00814	0.01066	0.01035	0.01208	0.00752	0.00764	0.01480	0.02202	0.03103	0.58167	0.14317	0.07365	0.01771	0.00967	0.00265	0.00394	0.01574	0.00875	0.00752
19	0.01836	0.03609	0.51693	0.02707	0.14166	0.01843	0.02783	0.02654	0.01779	0.07159	0.01592	0.01838	0.01142	0.00779	0.00780	0.00254	0.01123	0.00636	0.00400	0.01227
20	0.27657	0.12360	0.02120	0.01492	0.02029	0.02026	0.01228	0.11786	0.05424	0.12235	0.02629	0.03016	0.06606	0.01182	0.00794	0.00293	0.00785	0.04445	0.00725	0.01168
21	0.02280	0.02433	0.06050	0.08729	0.10169	0.19325	0.01679	0.12129	0.16447	0.02909	0.02400	0.04278	0.05601	0.01018	0.00805	0.00249	0.00990	0.00811	0.00587	0.01113
22	0.37750	0.01714	0.01696	0.01386	0.01951	0.01867	0.01139	0.18188	0.06099	0.18040	0.01927	0.01901	0.01353	0.00885	0.00669	0.00251	0.00709	0.00625	0.00711	0.01140
23	0.25864	0.01734	0.01749	0.04862	0.02137	0.05177	0.01202	0.15362	0.06151	0.19241	0.02498	0.02448	0.06293	0.00987	0.00725	0.00252	0.00748	0.00736	0.00716	0.01120

[dist]
# distance from previous block
# <min> <max>
0	4

[block]
# block no. 8 follows, 23 sequences, length 23
# corresponding to MSA columns:
# 251-255,347-364
name=unknown_I
#
# <colnr> <probs for GDERKNQSTAVLIFYWHMCP>
#	G	D	E	R	K	N	Q	S	T	A	V	L	I	F	Y	W	H	M	C	P
0	0.02206	0.01492	0.01895	0.06115	0.03866	0.01499	0.02912	0.12139	0.12195	0.15789	0.13398	0.03182	0.04528	0.01287	0.03648	0.00283	0.00755	0.00908	0.00753	0.11151
1	0.03085	0.02273	0.02435	0.01867	0.02516	0.02516	0.01542	0.63716	0.03815	0.05114	0.01948	0.01948	0.01380	0.00974	0.00812	0.00244	0.00893	0.00731	0.00812	0.01380
2	0.02618	0.05698	0.07631	0.08754	0.06029	0.27712	0.01712	0.09855	0.04873	0.09765	0.01683	0.01857	0.01272	0.00867	0.00805	0.00230	0.02936	0.00631	0.00531	0.04542
3	0.01645	0.01161	0.01427	0.01419	0.04262	0.01175	0.01025	0.06592	0.12828	0.08185	0.20467	0.16934	0.08843	0.05202	0.01093	0.00306	0.00575	0.05132	0.00799	0.00930
4	0.03036	0.02249	0.02408	0.01857	0.02498	0.02494	0.01530	0.61001	0.06609	0.05035	0.02010	0.01997	0.01430	0.00980	0.00812	0.00245	0.00881	0.00739	0.00812	0.01376
5	0.02021	0.05749	0.07435	0.01546	0.02167	0.03254	0.03872	0.13452	0.02121	0.07277	0.02158	0.13619	0.01973	0.01057	0.00756	0.00210	0.00757	0.00889	0.00600	0.29087
6	0.02100	0.02176	0.14997	0.02669	0.20195	0.01662	0.05359	0.07723	0.03811	0.10685	0.06411	0.02311	0.01804	0.00842	0.00785	0.00229	0.00880	0.00742	0.00559	0.14062
7	0.01813	0.02218	0.10017	0.14504	0.04252	0.02025	0.43001	0.02460	0.01798	0.02460	0.01549	0.02111	0.01175	0.00767	0.01037	0.00277	0.06221	0.00866	0.00392	0.01056
8	0.01513	0.00756	0.00756	0.00756	0.00945	0.00756	0.00567	0.01891	0.01702	0.03025	0.02647	0.03025	0.02080	0.00945	0.00567	0.00189	0.00378	0.00756	0.75988	0.00756
9	0.01135	0.00881	0.01035	0.01108	0.01268	0.00857	0.00778	0.01581	0.10067	0.02301	0.07736	0.40532	0.19667	0.05705	0.01143	0.00329	0.00491	0.01885	0.00756	0.00744
10	0.01475	0.01400	0.02248	0.08553	0.02510	0.04170	0.15534	0.01825	0.01672	0.02240	0.07160	0.20409	0.03061	0.05540	0.07930	0.00425	0.07816	0.04658	0.00547	0.00828
11	0.01105	0.00840	0.01060	0.01121	0.01299	0.00733	0.00779	0.01288	0.01596	0.02178	0.04218	0.54711	0.08912	0.02177	0.00956	0.00290	0.00489	0.01954	0.00707	0.13590
12	0.01821	0.01524	0.01757	0.01267	0.01981	0.01223	0.01019	0.08125	0.01893	0.02888	0.01492	0.01709	0.01219	0.00638	0.00622	0.00132	0.00630	0.00505	0.00513	0.69041
13	0.01787	0.06962	0.31804	0.01822	0.02557	0.01711	0.01982	0.02587	0.09378	0.08852	0.02673	0.11151	0.06514	0.01186	0.00932	0.00270	0.05238	0.00952	0.00549	0.01093
14	0.07340	0.23205	0.03901	0.06318	0.03230	0.02270	0.29927	0.02443	0.01754	0.02438	0.01416	0.01802	0.01136	0.00691	0.00746	0.00225	0.01065	0.00697	0.00402	0.08993
15	0.01446	0.02931	0.42446	0.01866	0.02676	0.01468	0.02194	0.02161	0.01852	0.02689	0.17363	0.08210	0.03162	0.01204	0.00857	0.00269	0.00922	0.04726	0.00530	0.01028
16	0.01962	0.01220	0.01493	0.01313	0.01553	0.01293	0.00972	0.16688	0.05865	0.07083	0.01991	0.02824	0.01759	0.11441	0.07082	0.32451	0.00862	0.00807	0.00563	0.00777
17	0.01123	0.00805	0.01084	0.01119	0.01212	0.00840	0.00788	0.01319	0.01472	0.02045	0.11871	0.19922	0.03835	0.20879	0.27095	0.00799	0.01178	0.01367	0.00588	0.00657
18	0.01148	0.00933	0.01011	0.00952	0.01252	0.00819	0.00731	0.04357	0.02013	0.02550	0.17250	0.06925	0.47160	0.01859	0.00937	0.00264	0.00452	0.03610	0.00765	0.05010
19	0.01055	0.00857	0.00915	0.00934	0.01165	0.00768	0.00692	0.01334	0.04400	0.02187	0.06875	0.11641	0.48147	0.09379	0.01305	0.00339	0.00489	0.06095	0.00728	0.00693
20	0.02614	0.01377	0.01737	0.01552	0.04598	0.01365	0.01187	0.11046	0.08454	0.29875	0.02955	0.06876	0.02272	0.01493	0.05537	0.00328	0.00776	0.03836	0.10956	0.01165
21	0.01270	0.00858	0.01054	0.01022	0.01226	0.00785	0.00765	0.01519	0.01937	0.06175	0.29932	0.06390	0.21601	0.11117	0.01482	0.03571	0.00511	0.07292	0.00772	0.00723
22	0.07633	0.01554	0.01719	0.01422	0.01892	0.01619	0.01135	0.23563	0.08836	0.10054	0.16036	0.06730	0.07644	0.01250	0.00831	0.00250	0.00651	0.01023	0.00801	0.05358

[dist]
# distance from previous block
# <min> <max>
0	3

[block]
# block no. 9 follows, 23 sequences, length 15
# corresponding to MSA columns:
# 368-382
name=unknown_J
#
# <colnr> <probs for GDERKNQSTAVLIFYWHMCP>
#	G	D	E	R	K	N	Q	S	T	A	V	L	I	F	Y	W	H	M	C	P
0	0.01200	0.00913	0.01031	0.01002	0.01213	0.00854	0.00724	0.06065	0.01958	0.02542	0.18933	0.16375	0.30058	0.11794	0.01408	0.00349	0.00504	0.01600	0.00751	0.00725
1	0.01188	0.00826	0.01029	0.01111	0.01256	0.00768	0.00780	0.03815	0.01778	0.04960	0.09005	0.49874	0.16027	0.02271	0.00999	0.00308	0.00481	0.02021	0.00775	0.00730
2	0.54429	0.01559	0.01367	0.01170	0.01673	0.01743	0.00959	0.09630	0.01787	0.10071	0.01568	0.01689	0.01158	0.00821	0.00575	0.00245	0.00642	0.00539	0.07398	0.00976
3	0.06702	0.00914	0.01121	0.01095	0.01319	0.00868	0.00832	0.01684	0.01988	0.07762	0.33038	0.15392	0.11301	0.05094	0.01093	0.00304	0.00495	0.07407	0.00807	0.00783
4	0.01112	0.00814	0.01043	0.01151	0.01257	0.00790	0.00806	0.01447	0.05961	0.02371	0.15564	0.48376	0.05444	0.05513	0.01157	0.00336	0.00495	0.04875	0.00771	0.00717
5	0.23299	0.01226	0.01341	0.01169	0.01575	0.01230	0.00930	0.02502	0.04519	0.20390	0.19006	0.03919	0.08219	0.04123	0.00921	0.00281	0.00577	0.03029	0.00778	0.00967
6	0.01156	0.00813	0.00968	0.00934	0.01105	0.00754	0.00669	0.01437	0.01953	0.02733	0.37702	0.05937	0.16789	0.14373	0.01496	0.00349	0.00461	0.01388	0.08281	0.00700
7	0.01342	0.00873	0.01100	0.01075	0.01307	0.00788	0.00820	0.01638	0.02042	0.09102	0.31191	0.16428	0.20182	0.01875	0.00970	0.00281	0.00466	0.06892	0.00837	0.00790
8	0.02393	0.01351	0.01635	0.01374	0.01791	0.01348	0.01072	0.12272	0.11115	0.24589	0.15914	0.08200	0.03455	0.08291	0.01191	0.00313	0.00647	0.01087	0.00859	0.01104
9	0.01041	0.00803	0.00904	0.00914	0.01095	0.00716	0.00644	0.01242	0.01795	0.02300	0.19226	0.14922	0.35125	0.13873	0.01509	0.00364	0.00476	0.01643	0.00739	0.00666
10	0.04823	0.00972	0.01134	0.01167	0.01362	0.00976	0.00865	0.03783	0.08088	0.02551	0.12429	0.27394	0.13670	0.08238	0.01249	0.00346	0.00552	0.08885	0.00745	0.00770
11	0.06221	0.01308	0.01647	0.01402	0.01878	0.01240	0.01160	0.07613	0.04797	0.35190	0.07480	0.04482	0.07735	0.01357	0.00880	0.00277	0.00671	0.12641	0.00882	0.01138
12	0.05166	0.01255	0.01459	0.04844	0.01820	0.04255	0.01044	0.06478	0.01984	0.21095	0.03464	0.21349	0.06787	0.05360	0.01042	0.00302	0.00667	0.04104	0.06570	0.00955
13	0.08872	0.01053	0.01090	0.01004	0.01279	0.01035	0.00738	0.07736	0.01848	0.06098	0.04719	0.07598	0.27651	0.17694	0.01593	0.00381	0.00582	0.01259	0.06998	0.00772
14	0.01153	0.00875	0.01062	0.01091	0.01264	0.00816	0.00764	0.01489	0.05955	0.02360	0.14321	0.36292	0.12445	0.08966	0.01274	0.00337	0.00502	0.01752	0.00734	0.06549

[dist]
# distance from previous block
# <min> <max>
0	1

[block]
# block no. 10 follows, 23 sequences, length 48
# corresponding to MSA columns:
# 384-419,423-434
name=unknown_K
#
# <colnr> <probs for GDERKNQSTAVLIFYWHMCP>
#	G	D	E	R	K	N	Q	S	T	A	V	L	I	F	Y	W	H	M	C	P
0	0.01437	0.00768	0.00809	0.00807	0.00967	0.00772	0.00582	0.01756	0.01626	0.02769	0.04560	0.03461	0.02377	0.11542	0.04087	0.00328	0.00517	0.00845	0.59273	0.00716
1	0.01215	0.00873	0.01156	0.01138	0.01216	0.00976	0.00806	0.01380	0.01267	0.01809	0.02306	0.04020	0.02379	0.33611	0.34346	0.00983	0.04795	0.00989	0.04101	0.00634
2	0.00997	0.00719	0.00945	0.01110	0.01176	0.00667	0.00748	0.01156	0.01611	0.02149	0.08384	0.64317	0.08083	0.02468	0.01028	0.00323	0.00463	0.02230	0.00762	0.00667
3	0.01634	0.01490	0.02494	0.48831	0.18984	0.01736	0.02165	0.02114	0.01651	0.02215	0.01512	0.02179	0.01186	0.00888	0.00905	0.03695	0.01008	0.00722	0.03634	0.00957
4	0.04321	0.01557	0.05778	0.59215	0.05061	0.01745	0.02152	0.02078	0.01660	0.02230	0.05369	0.02346	0.01472	0.00859	0.00807	0.00268	0.01028	0.00750	0.00397	0.00908
5	0.01775	0.01519	0.01843	0.01324	0.02044	0.01203	0.03315	0.05744	0.01818	0.02790	0.01480	0.01717	0.01214	0.00626	0.00627	0.00133	0.00647	0.00513	0.00498	0.69170
6	0.09837	0.02442	0.26565	0.13582	0.03127	0.01599	0.02002	0.02799	0.01873	0.21096	0.05772	0.02312	0.01699	0.00896	0.00775	0.00257	0.00926	0.00718	0.00584	0.01141
7	0.02008	0.01928	0.03294	0.04981	0.66422	0.01928	0.02490	0.02490	0.01848	0.02651	0.01526	0.02008	0.01285	0.00723	0.00803	0.00241	0.00964	0.00723	0.00402	0.01285
8	0.01567	0.01265	0.01535	0.01619	0.04435	0.01361	0.01244	0.02678	0.26856	0.02813	0.06672	0.12220	0.06151	0.01723	0.00969	0.00316	0.00659	0.24172	0.00771	0.00972
9	0.01683	0.01442	0.01683	0.01202	0.01923	0.01082	0.00961	0.02043	0.01683	0.02644	0.01442	0.01683	0.01202	0.00601	0.00601	0.00120	0.00601	0.00481	0.00481	0.76444
10	0.06211	0.01368	0.01720	0.01543	0.05673	0.01305	0.01152	0.07944	0.06831	0.32730	0.12551	0.03745	0.11249	0.01214	0.00840	0.00255	0.00635	0.01005	0.00866	0.01163
11	0.06341	0.01372	0.01692	0.01372	0.01862	0.01324	0.01107	0.11312	0.05826	0.33721	0.21040	0.03547	0.03522	0.01182	0.00841	0.00253	0.00624	0.00979	0.00912	0.01174
12	0.00989	0.00706	0.00942	0.01130	0.01177	0.00659	0.00753	0.01130	0.01554	0.02071	0.04472	0.70954	0.05367	0.02542	0.01036	0.00330	0.00471	0.02307	0.00753	0.00659
13	0.02008	0.01928	0.03294	0.04981	0.66422	0.01928	0.02490	0.02490	0.01848	0.02651	0.01526	0.02008	0.01285	0.00723	0.00803	0.00241	0.00964	0.00723	0.00402	0.01285
14	0.02550	0.01964	0.02089	0.01672	0.02227	0.04494	0.01349	0.42478	0.03096	0.04158	0.02265	0.11394	0.01982	0.01168	0.00819	0.00241	0.00812	0.02797	0.00741	0.11705
15	0.01871	0.01308	0.01587	0.01262	0.01820	0.01084	0.01003	0.02326	0.05687	0.12311	0.07485	0.08715	0.02491	0.01043	0.00744	0.00193	0.00597	0.04404	0.00653	0.43415
16	0.12227	0.01225	0.01382	0.01374	0.05401	0.04118	0.00976	0.04249	0.02166	0.07536	0.39997	0.06282	0.07150	0.01402	0.00861	0.00253	0.00544	0.01192	0.00783	0.00880
17	0.02770	0.02467	0.02312	0.07259	0.02661	0.17534	0.01566	0.36401	0.06362	0.03828	0.01803	0.01942	0.01348	0.00957	0.00875	0.00243	0.04371	0.00692	0.03421	0.01189
18	0.52842	0.01617	0.01466	0.04526	0.01898	0.03864	0.01070	0.06101	0.01633	0.08554	0.01441	0.01671	0.01106	0.01208	0.05649	0.00331	0.02995	0.00544	0.00542	0.00941
19	0.07556	0.00775	0.01068	0.01058	0.01099	0.00795	0.00719	0.01165	0.01083	0.01590	0.01387	0.02373	0.01366	0.02651	0.02955	0.70218	0.00698	0.00683	0.00365	0.00395
20	0.01725	0.01766	0.02590	0.06038	0.09690	0.07841	0.13234	0.02045	0.01635	0.02193	0.02147	0.19818	0.02236	0.01408	0.01435	0.00302	0.21342	0.01156	0.00480	0.00917
21	0.01683	0.01442	0.01683	0.01202	0.01923	0.01082	0.00961	0.02043	0.01683	0.02644	0.01442	0.01683	0.01202	0.00601	0.00601	0.00120	0.00601	0.00481	0.00481	0.76444
22	0.01061	0.00759	0.01024	0.01202	0.01284	0.00721	0.00870	0.01260	0.01647	0.02191	0.06754	0.55566	0.05307	0.02446	0.01051	0.00336	0.00525	0.14558	0.00757	0.00682
23	0.02462	0.02004	0.01954	0.01616	0.02112	0.08692	0.01292	0.33924	0.12015	0.03899	0.02951	0.02941	0.09978	0.01275	0.02899	0.00277	0.00850	0.00870	0.06827	0.01161
24	0.01135	0.00827	0.01054	0.00998	0.01187	0.00760	0.00740	0.01484	0.02206	0.03086	0.58221	0.06166	0.12165	0.05090	0.01112	0.00283	0.00405	0.01473	0.00862	0.00746
25	0.37287	0.01931	0.08678	0.05461	0.09811	0.01837	0.01470	0.07136	0.06781	0.07238	0.01600	0.01772	0.01199	0.00807	0.00654	0.00247	0.00775	0.00589	0.00544	0.04183
26	0.01884	0.08448	0.38671	0.02218	0.03173	0.01998	0.10580	0.11075	0.02022	0.02862	0.01671	0.05119	0.01323	0.00859	0.00787	0.00248	0.01090	0.00730	0.00445	0.04797
27	0.38069	0.14524	0.04472	0.01179	0.01677	0.01831	0.01041	0.02265	0.05009	0.03069	0.11142	0.02721	0.08250	0.01016	0.00642	0.00241	0.00641	0.00739	0.00564	0.00909
28	0.01970	0.01960	0.08898	0.01924	0.04475	0.01730	0.09465	0.09754	0.14988	0.05380	0.02484	0.02592	0.06556	0.00956	0.00900	0.00235	0.04944	0.00803	0.00597	0.19388
29	0.01238	0.00918	0.01182	0.01196	0.01408	0.00890	0.00959	0.01721	0.05948	0.02919	0.38128	0.06995	0.10768	0.01841	0.01001	0.00296	0.00517	0.20458	0.00832	0.00785
30	0.01627	0.04197	0.67279	0.02313	0.03512	0.01884	0.02998	0.02570	0.01713	0.02570	0.01456	0.01713	0.01028	0.00771	0.00771	0.00257	0.01199	0.00600	0.00343	0.01199
