[name]
unknown

[dist]
# distance from previous block
# <min> <max>
0	259

[block]
# block no. 0 follows, 22 sequences, length 60
# corresponding to MSA columns:
# 259-318
name=unknown_A
#
# <colnr> <probs for GDERKNQSTAVLIFYWHMCP>
#	G	D	E	R	K	N	Q	S	T	A	V	L	I	F	Y	W	H	M	C	P
0	0.01339	0.00956	0.01339	0.01530	0.01721	0.00956	0.01339	0.01721	0.01912	0.02486	0.04399	0.09371	0.04781	0.02295	0.01147	0.00382	0.00765	0.60031	0.00765	0.00765
1	0.03727	0.01414	0.01928	0.01478	0.02121	0.01221	0.01221	0.04049	0.02378	0.66198	0.03277	0.02828	0.02056	0.01028	0.00835	0.00257	0.00707	0.00835	0.01028	0.01414
2	0.01666	0.04297	0.66500	0.02368	0.03596	0.01929	0.03069	0.02631	0.01754	0.02631	0.01491	0.01754	0.01052	0.00789	0.00789	0.00263	0.01228	0.00614	0.00351	0.01228
3	0.01549	0.00774	0.00774	0.00774	0.00968	0.00774	0.00581	0.01936	0.01742	0.03097	0.02710	0.03097	0.02129	0.00968	0.00581	0.00194	0.00387	0.00774	0.75416	0.00774
4	0.72144	0.01769	0.05162	0.01169	0.01727	0.01868	0.01031	0.02453	0.01434	0.03661	0.01177	0.01374	0.00909	0.00772	0.00531	0.00257	0.00678	0.00460	0.00504	0.00919
5	0.01579	0.01493	0.02566	0.62060	0.05455	0.01817	0.05512	0.02132	0.01689	0.02169	0.01628	0.02559	0.01292	0.00894	0.00854	0.00282	0.01107	0.03594	0.00391	0.00926
6	0.02046	0.02007	0.03214	0.12875	0.55169	0.05084	0.02474	0.02533	0.01885	0.02608	0.01539	0.02049	0.01278	0.00757	0.00820	0.00249	0.01026	0.00730	0.00407	0.01250
7	0.15857	0.01468	0.01806	0.01426	0.02037	0.01380	0.01173	0.03801	0.05944	0.51937	0.02928	0.02596	0.01891	0.00991	0.00782	0.00259	0.00693	0.00777	0.00931	0.01322
8	0.01012	0.00723	0.00964	0.01157	0.01205	0.00675	0.00771	0.01157	0.01591	0.02121	0.04579	0.70262	0.05495	0.02603	0.01060	0.00337	0.00482	0.02362	0.00771	0.00675
9	0.03158	0.02327	0.02493	0.01911	0.02576	0.02576	0.01579	0.62852	0.03906	0.05236	0.01995	0.01995	0.01413	0.00997	0.00831	0.00249	0.00914	0.00748	0.00831	0.01413
10	0.01071	0.00781	0.01024	0.01151	0.01255	0.00711	0.00785	0.01253	0.01671	0.02272	0.10190	0.59995	0.05461	0.02396	0.01026	0.00317	0.00481	0.02167	0.00768	0.05226
11	0.01012	0.00723	0.00964	0.01157	0.01205	0.00675	0.00771	0.01157	0.01591	0.02121	0.04579	0.70262	0.05495	0.02603	0.01060	0.00337	0.00482	0.02362	0.00771	0.00675
12	0.01666	0.04297	0.66500	0.02368	0.03596	0.01929	0.03069	0.02631	0.01754	0.02631	0.01491	0.01754	0.01052	0.00789	0.00789	0.00263	0.01228	0.00614	0.00351	0.01228
13	0.03596	0.01597	0.06038	0.01535	0.02215	0.01266	0.01339	0.03958	0.02338	0.62152	0.03164	0.02759	0.01993	0.01013	0.00832	0.00257	0.00740	0.00821	0.00985	0.01402
14	0.03727	0.01414	0.01928	0.01478	0.02121	0.01221	0.01221	0.04049	0.02378	0.66198	0.03277	0.02828	0.02056	0.01028	0.00835	0.00257	0.00707	0.00835	0.01028	0.01414
15	0.01569	0.01477	0.02492	0.68808	0.05722	0.01846	0.02307	0.02123	0.01661	0.02123	0.01477	0.02215	0.01107	0.00831	0.00831	0.00277	0.01107	0.00738	0.00369	0.00923
16	0.03158	0.02327	0.02493	0.01911	0.02576	0.02576	0.01579	0.62852	0.03906	0.05236	0.01995	0.01995	0.01413	0.00997	0.00831	0.00249	0.00914	0.00748	0.00831	0.01413
17	0.01569	0.01477	0.02492	0.68808	0.05722	0.01846	0.02307	0.02123	0.01661	0.02123	0.01477	0.02215	0.01107	0.00831	0.00831	0.00277	0.01107	0.00738	0.00369	0.00923
18	0.01187	0.00890	0.01335	0.01335	0.01483	0.01038	0.01038	0.01483	0.01335	0.01928	0.02225	0.03264	0.02077	0.06231	0.67512	0.01335	0.02225	0.00890	0.00445	0.00742
19	0.01666	0.04297	0.66500	0.02368	0.03596	0.01929	0.03069	0.02631	0.01754	0.02631	0.01491	0.01754	0.01052	0.00789	0.00789	0.00263	0.01228	0.00614	0.00351	0.01228
20	0.03158	0.02327	0.02493	0.01911	0.02576	0.02576	0.01579	0.62852	0.03906	0.05236	0.01995	0.01995	0.01413	0.00997	0.00831	0.00249	0.00914	0.00748	0.00831	0.01413
21	0.01012	0.00723	0.00964	0.01157	0.01205	0.00675	0.00771	0.01157	0.01591	0.02121	0.04579	0.70262	0.05495	0.02603	0.01060	0.00337	0.00482	0.02362	0.00771	0.00675
22	0.01961	0.02241	0.04902	0.03501	0.04342	0.02101	0.62605	0.02661	0.01961	0.02661	0.01681	0.02241	0.01261	0.00700	0.00980	0.00280	0.01401	0.00980	0.00420	0.01120
23	0.00982	0.00842	0.00842	0.00842	0.01122	0.00701	0.00631	0.01192	0.01894	0.02244	0.08416	0.07995	0.65285	0.02104	0.00982	0.00281	0.00421	0.01753	0.00771	0.00701
24	0.03158	0.02327	0.02493	0.01911	0.02576	0.02576	0.01579	0.62852	0.03906	0.05236	0.01995	0.01995	0.01413	0.00997	0.00831	0.00249	0.00914	0.00748	0.00831	0.01413
25	0.02221	0.71304	0.04353	0.01421	0.02132	0.03287	0.01421	0.02488	0.01688	0.01955	0.01155	0.01333	0.01066	0.00711	0.00533	0.00178	0.00888	0.00444	0.00355	0.01066
26	0.02221	0.71304	0.04353	0.01421	0.02132	0.03287	0.01421	0.02488	0.01688	0.01955	0.01155	0.01333	0.01066	0.00711	0.00533	0.00178	0.00888	0.00444	0.00355	0.01066
27	0.01176	0.00849	0.01110	0.01045	0.01241	0.00784	0.00784	0.01568	0.02352	0.03331	0.65184	0.06206	0.07839	0.01698	0.00980	0.00261	0.00392	0.01502	0.00914	0.00784
28	0.01208	0.00805	0.00906	0.00906	0.00906	0.00805	0.00503	0.01208	0.01208	0.01611	0.02618	0.05436	0.03020	0.70804	0.04228	0.00805	0.00805	0.01208	0.00503	0.00503
29	0.76672	0.01607	0.01221	0.01092	0.01607	0.01864	0.00900	0.02442	0.01414	0.03727	0.01157	0.01350	0.00900	0.00771	0.00514	0.00257	0.00643	0.00450	0.00514	0.00900
30	0.01666	0.04297	0.66500	0.02368	0.03596	0.01929	0.03069	0.02631	0.01754	0.02631	0.01491	0.01754	0.01052	0.00789	0.00789	0.00263	0.01228	0.00614	0.00351	0.01228
31	0.03158	0.02327	0.02493	0.01911	0.02576	0.02576	0.01579	0.62852	0.03906	0.05236	0.01995	0.01995	0.01413	0.00997	0.00831	0.00249	0.00914	0.00748	0.00831	0.01413
32	0.76672	0.01607	0.01221	0.01092	0.01607	0.01864	0.00900	0.02442	0.01414	0.03727	0.01157	0.01350	0.00900	0.00771	0.00514	0.00257	0.00643	0.00450	0.00514	0.00900
33	0.02221	0.71304	0.04353	0.01421	0.02132	0.03287	0.01421	0.02488	0.01688	0.01955	0.01155	0.01333	0.01066	0.00711	0.00533	0.00178	0.00888	0.00444	0.00355	0.01066
34	0.02221	0.71304	0.04353	0.01421	0.02132	0.03287	0.01421	0.02488	0.01688	0.01955	0.01155	0.01333	0.01066	0.00711	0.00533	0.00178	0.00888	0.00444	0.00355	0.01066
35	0.03158	0.02327	0.02493	0.01911	0.02576	0.02576	0.01579	0.62852	0.03906	0.05236	0.01995	0.01995	0.01413	0.00997	0.00831	0.00249	0.00914	0.00748	0.00831	0.01413
36	0.03158	0.02327	0.02493	0.01911	0.02576	0.02576	0.01579	0.62852	0.03906	0.05236	0.01995	0.01995	0.01413	0.00997	0.00831	0.00249	0.00914	0.00748	0.00831	0.01413
37	0.02031	0.48349	0.25643	0.01746	0.02634	0.02822	0.01986	0.02537	0.01711	0.02186	0.01270	0.01477	0.01061	0.00738	0.00621	0.00207	0.01005	0.00502	0.00354	0.01121
38	0.03103	0.03959	0.02354	0.02140	0.02568	0.67469	0.01605	0.03317	0.02354	0.02033	0.01284	0.01498	0.01070	0.00856	0.00749	0.00214	0.01498	0.00535	0.00428	0.00963
39	0.01682	0.01433	0.01679	0.01226	0.01925	0.01083	0.00972	0.02038	0.01715	0.02673	0.01654	0.05646	0.01475	0.00729	0.00641	0.00135	0.00608	0.00599	0.00508	0.71578
40	0.01208	0.00805	0.00906	0.00906	0.00906	0.00805	0.00503	0.01208	0.01208	0.01611	0.02618	0.05436	0.03020	0.70804	0.04228	0.00805	0.00805	0.01208	0.00503	0.00503
41	0.01187	0.00890	0.01335	0.01335	0.01483	0.01038	0.01038	0.01483	0.01335	0.01928	0.02225	0.03264	0.02077	0.06231	0.67512	0.01335	0.02225	0.00890	0.00445	0.00742
42	0.03158	0.02327	0.02493	0.01911	0.02576	0.02576	0.01579	0.62852	0.03906	0.05236	0.01995	0.01995	0.01413	0.00997	0.00831	0.00249	0.00914	0.00748	0.00831	0.01413
43	0.02066	0.01785	0.01878	0.01691	0.02160	0.02066	0.01315	0.04414	0.64121	0.03475	0.03381	0.03099	0.02536	0.01127	0.00845	0.00282	0.00657	0.00939	0.00845	0.01315
44	0.02909	0.02203	0.02353	0.01861	0.02481	0.02460	0.01519	0.49512	0.17652	0.04834	0.02311	0.02247	0.01669	0.01027	0.00834	0.00257	0.00856	0.00792	0.00834	0.01390
45	0.72916	0.01597	0.01257	0.01112	0.01633	0.01831	0.00916	0.02525	0.01463	0.06944	0.01266	0.01426	0.00959	0.00784	0.00531	0.00257	0.00646	0.00470	0.00541	0.00926
46	0.02189	0.67469	0.07910	0.01476	0.02216	0.03209	0.01516	0.02496	0.01692	0.01993	0.01174	0.01357	0.01065	0.00715	0.00548	0.00183	0.00908	0.00454	0.00355	0.01075
47	0.03158	0.02327	0.02493	0.01911	0.02576	0.02576	0.01579	0.62852	0.03906	0.05236	0.01995	0.01995	0.01413	0.00997	0.00831	0.00249	0.00914	0.00748	0.00831	0.01413
48	0.02656	0.38234	0.03382	0.01761	0.02346	0.31221	0.01510	0.06104	0.02098	0.02166	0.01257	0.01440	0.01087	0.00790	0.00643	0.00197	0.01156	0.00500	0.00413	0.01040
49	0.03158	0.02327	0.02493	0.01911	0.02576	0.02576	0.01579	0.62852	0.03906	0.05236	0.01995	0.01995	0.01413	0.00997	0.00831	0.00249	0.00914	0.00748	0.00831	0.01413
50	0.02197	0.68342	0.07100	0.01463	0.02197	0.03227	0.01494	0.02494	0.01691	0.01984	0.01170	0.01351	0.01065	0.00714	0.00544	0.00181	0.00903	0.00452	0.00355	0.01073
51	0.03033	0.03738	0.02374	0.02129	0.02547	0.59819	0.01616	0.06851	0.02386	0.02225	0.01316	0.01546	0.01092	0.00899	0.00867	0.00225	0.05342	0.00559	0.00449	0.00987
52	0.09123	0.00937	0.01191	0.01178	0.01375	0.01062	0.00916	0.01690	0.01439	0.02391	0.02228	0.03025	0.01967	0.04422	0.44766	0.00954	0.01627	0.00817	0.18125	0.00766
53	0.09317	0.01151	0.01190	0.01095	0.01470	0.01124	0.00856	0.02180	0.12165	0.06601	0.05357	0.05369	0.31666	0.01543	0.00847	0.00263	0.00524	0.03726	0.07896	0.05662
54	0.02962	0.05731	0.13282	0.01649	0.02343	0.01559	0.01552	0.10162	0.02331	0.38552	0.02829	0.08916	0.02083	0.01117	0.00832	0.00261	0.00810	0.00912	0.00827	0.01292
55	0.02060	0.07113	0.48556	0.02129	0.03186	0.01891	0.02569	0.02970	0.05823	0.13115	0.01888	0.01995	0.01313	0.00846	0.00787	0.00259	0.01088	0.00662	0.00494	0.01256
56	0.02500	0.01852	0.08470	0.01538	0.02094	0.05612	0.01347	0.09875	0.08233	0.24458	0.15090	0.03706	0.09115	0.01230	0.00867	0.00259	0.00743	0.01009	0.00833	0.01167
57	0.47542	0.09397	0.05737	0.01402	0.01974	0.12852	0.01223	0.02706	0.01680	0.07172	0.01333	0.01491	0.01028	0.00796	0.00592	0.00242	0.00850	0.00498	0.00506	0.00980
58	0.06169	0.16504	0.32985	0.05961	0.03014	0.02079	0.02189	0.02888	0.05188	0.12860	0.01797	0.01924	0.01293	0.00832	0.00737	0.00247	0.01007	0.00633	0.00498	0.01195
59	0.05149	0.24655	0.31286	0.08917	0.03213	0.02307	0.04568	0.02612	0.01755	0.06267	0.01485	0.01736	0.01125	0.00779	0.00712	0.00238	0.01059	0.00594	0.00405	0.01139

[dist]
# distance from previous block
# <min> <max>
6	38

[block]
# block no. 1 follows, 22 sequences, length 10
# corresponding to MSA columns:
# 363-372
name=unknown_B
#
# <colnr> <probs for GDERKNQSTAVLIFYWHMCP>
#	G	D	E	R	K	N	Q	S	T	A	V	L	I	F	Y	W	H	M	C	P
0	0.25556	0.02056	0.02362	0.01877	0.02444	0.06230	0.10208	0.19181	0.06726	0.08128	0.01771	0.01924	0.01313	0.00919	0.00884	0.00265	0.05692	0.00694	0.00630	0.01141
1	0.33699	0.02026	0.01936	0.06314	0.02365	0.06439	0.01345	0.25412	0.02464	0.06048	0.01572	0.01729	0.01164	0.00899	0.00759	0.00256	0.03214	0.00611	0.00630	0.01117
2	0.26273	0.01591	0.01669	0.01355	0.01896	0.01659	0.01106	0.16428	0.02337	0.20352	0.06546	0.02387	0.01924	0.00965	0.00713	0.00245	0.00681	0.00722	0.07042	0.04110
3	0.45674	0.01555	0.01542	0.01308	0.01773	0.01742	0.01075	0.02570	0.01620	0.13431	0.04842	0.01929	0.01495	0.00941	0.00894	0.00262	0.09860	0.00607	0.00596	0.06284
4	0.01706	0.01454	0.01685	0.01270	0.01934	0.01171	0.01002	0.02253	0.07811	0.02741	0.01880	0.06656	0.01657	0.00804	0.00669	0.00154	0.00610	0.00667	0.00546	0.63330
5	0.23824	0.01515	0.01575	0.01190	0.01862	0.01330	0.00959	0.02195	0.01632	0.03008	0.01382	0.01613	0.01133	0.00661	0.00585	0.00163	0.00623	0.00480	0.00499	0.53772
6	0.66873	0.01581	0.01316	0.01144	0.01676	0.01777	0.00943	0.02658	0.01543	0.12120	0.01442	0.01548	0.01055	0.00806	0.00557	0.00257	0.00651	0.00502	0.00583	0.00969
7	0.03098	0.02159	0.02347	0.01817	0.02452	0.02360	0.01495	0.52700	0.06155	0.10516	0.02195	0.02160	0.01546	0.01004	0.00822	0.00249	0.00863	0.00765	0.03914	0.01383
8	0.11662	0.01110	0.01518	0.01381	0.01689	0.01062	0.06880	0.01920	0.01806	0.11520	0.08879	0.33293	0.10377	0.01825	0.00933	0.00298	0.00611	0.01623	0.00750	0.00864
9	0.02597	0.02059	0.02620	0.01983	0.02641	0.02147	0.11211	0.37385	0.06610	0.04231	0.02005	0.02139	0.01479	0.00904	0.00809	0.00235	0.00900	0.00764	0.05962	0.11320

[dist]
# distance from previous block
# <min> <max>
0	9

[block]
# block no. 2 follows, 22 sequences, length 82
# corresponding to MSA columns:
# 382-463
name=unknown_C
#
# <colnr> <probs for GDERKNQSTAVLIFYWHMCP>
#	G	D	E	R	K	N	Q	S	T	A	V	L	I	F	Y	W	H	M	C	P
0	0.07040	0.02635	0.09256	0.01878	0.02513	0.14850	0.01627	0.25120	0.13928	0.09708	0.02125	0.02113	0.01541	0.00960	0.00795	0.00251	0.00981	0.00718	0.00703	0.01258
1	0.06474	0.02167	0.07232	0.06726	0.03939	0.01998	0.45993	0.02664	0.05484	0.02774	0.04802	0.02402	0.01611	0.00789	0.00926	0.00277	0.01238	0.00939	0.00468	0.01096
2	0.03263	0.01709	0.08959	0.01568	0.02232	0.01309	0.01403	0.03745	0.05319	0.52441	0.03161	0.06590	0.02167	0.01097	0.00844	0.00264	0.00749	0.00904	0.00930	0.01346
3	0.01683	0.04180	0.62982	0.02433	0.03638	0.01939	0.06470	0.02633	0.01766	0.02633	0.01502	0.01782	0.01064	0.00784	0.00800	0.00264	0.01238	0.00635	0.00355	0.01222
4	0.01690	0.07200	0.63808	0.02327	0.03532	0.01988	0.02998	0.02625	0.01751	0.02602	0.01476	0.01736	0.01053	0.00786	0.00778	0.00259	0.01213	0.00607	0.00351	0.01221
5	0.01751	0.14557	0.56984	0.02223	0.03371	0.02137	0.02817	0.02609	0.01744	0.02527	0.01439	0.01689	0.01054	0.00777	0.00750	0.00250	0.01176	0.00588	0.00351	0.01203
6	0.76672	0.01607	0.01221	0.01092	0.01607	0.01864	0.00900	0.02442	0.01414	0.03727	0.01157	0.01350	0.00900	0.00771	0.00514	0.00257	0.00643	0.00450	0.00514	0.00900
7	0.01443	0.00722	0.01082	0.01082	0.01082	0.00722	0.00722	0.01082	0.01082	0.01443	0.01443	0.02525	0.01443	0.02886	0.03247	0.75830	0.00722	0.00722	0.00361	0.00361
8	0.06578	0.01974	0.02057	0.08304	0.02585	0.06121	0.01472	0.18226	0.33144	0.03657	0.02643	0.02818	0.02035	0.01080	0.00829	0.00272	0.00820	0.03404	0.00747	0.01231
9	0.01919	0.34798	0.38211	0.01937	0.02929	0.02547	0.02319	0.02566	0.01724	0.02323	0.01338	0.01562	0.01059	0.00754	0.00673	0.00224	0.01073	0.00537	0.00353	0.01154
10	0.02156	0.01747	0.04363	0.01612	0.02100	0.01821	0.01313	0.09583	0.39881	0.09155	0.13544	0.03435	0.03215	0.01188	0.00863	0.00272	0.00665	0.00993	0.00852	0.01241
11	0.01012	0.00723	0.00964	0.01157	0.01205	0.00675	0.00771	0.01157	0.01591	0.02121	0.04579	0.70262	0.05495	0.02603	0.01060	0.00337	0.00482	0.02362	0.00771	0.00675
12	0.01877	0.02048	0.04212	0.17187	0.07498	0.02062	0.44209	0.02512	0.01862	0.02520	0.01604	0.02207	0.01223	0.00765	0.01024	0.00282	0.04517	0.00906	0.00406	0.01079
13	0.02221	0.71304	0.04353	0.01421	0.02132	0.03287	0.01421	0.02488	0.01688	0.01955	0.01155	0.01333	0.01066	0.00711	0.00533	0.00178	0.00888	0.00444	0.00355	0.01066
14	0.01193	0.00937	0.01090	0.01049	0.01294	0.00883	0.00786	0.01712	0.08596	0.02904	0.35791	0.10154	0.26868	0.01830	0.00971	0.00274	0.00435	0.01579	0.00850	0.00805
15	0.02207	0.06110	0.02150	0.05112	0.02399	0.02203	0.01410	0.12569	0.48478	0.03566	0.02949	0.02788	0.02212	0.01068	0.00823	0.00270	0.00731	0.00871	0.00789	0.01294
16	0.01197	0.00881	0.01127	0.01108	0.01290	0.00840	0.00814	0.01658	0.05983	0.03091	0.48921	0.19198	0.07031	0.01849	0.00988	0.00278	0.00427	0.01645	0.00881	0.00794
17	0.02013	0.01467	0.01752	0.01266	0.01991	0.01124	0.01019	0.02376	0.01818	0.11915	0.01738	0.01883	0.01350	0.00675	0.00647	0.00142	0.00629	0.00542	0.00570	0.65082
18	0.01869	0.01593	0.02091	0.01601	0.02197	0.01450	0.07127	0.11292	0.02035	0.02965	0.01996	0.11587	0.01861	0.01013	0.00868	0.00202	0.04641	0.00859	0.00569	0.42185
19	0.01189	0.00882	0.01295	0.01295	0.01430	0.01017	0.00989	0.01458	0.01323	0.01899	0.02262	0.03465	0.02164	0.12208	0.61654	0.01286	0.02094	0.00920	0.00450	0.00720
20	0.02221	0.02312	0.03294	0.04527	0.51871	0.12629	0.05826	0.02681	0.01971	0.02600	0.01524	0.01976	0.01273	0.00757	0.00820	0.00243	0.01094	0.00721	0.00414	0.01247
21	0.09956	0.42524	0.23843	0.01688	0.02543	0.02703	0.01892	0.02528	0.01680	0.02359	0.01262	0.01469	0.01044	0.00742	0.00613	0.00213	0.00971	0.00499	0.00371	0.01100
22	0.02120	0.01811	0.01909	0.01701	0.02181	0.02091	0.01328	0.07273	0.61175	0.03561	0.03313	0.03045	0.02481	0.01121	0.00845	0.00280	0.00670	0.00930	0.00845	0.01320
23	0.01451	0.01213	0.01714	0.01583	0.01682	0.01554	0.01272	0.01716	0.01354	0.02074	0.01866	0.02725	0.01727	0.03967	0.37271	0.00867	0.26220	0.00819	0.08118	0.00805
24	0.76672	0.01607	0.01221	0.01092	0.01607	0.01864	0.00900	0.02442	0.01414	0.03727	0.01157	0.01350	0.00900	0.00771	0.00514	0.00257	0.00643	0.00450	0.00514	0.00900
25	0.01723	0.01477	0.01723	0.01230	0.01969	0.01107	0.00984	0.02092	0.01723	0.02707	0.01477	0.01723	0.01230	0.00615	0.00615	0.00123	0.00615	0.00492	0.00492	0.75883
26	0.02718	0.01666	0.01912	0.01599	0.02141	0.01756	0.01277	0.10260	0.33020	0.25805	0.03436	0.03118	0.05204	0.01124	0.00847	0.00270	0.00691	0.00921	0.00905	0.01331
27	0.01961	0.02241	0.04902	0.03501	0.04342	0.02101	0.62605	0.02661	0.01961	0.02661	0.01681	0.02241	0.01261	0.00700	0.00980	0.00280	0.01401	0.00980	0.00420	0.01120
28	0.01959	0.01874	0.03196	0.17834	0.53649	0.01948	0.02501	0.02464	0.01846	0.02596	0.01545	0.02088	0.01274	0.00758	0.00824	0.00253	0.01011	0.00740	0.00403	0.01237
29	0.01299	0.00943	0.01283	0.01453	0.01654	0.00928	0.01259	0.01662	0.01910	0.02459	0.04849	0.09217	0.11563	0.02273	0.01129	0.00371	0.00726	0.53499	0.00766	0.00758
30	0.01964	0.01624	0.01851	0.01358	0.02073	0.01381	0.01093	0.11780	0.04790	0.03140	0.01641	0.01826	0.01316	0.00698	0.00659	0.00150	0.00664	0.00552	0.00561	0.60878
31	0.05881	0.08244	0.04943	0.01507	0.02150	0.01553	0.01310	0.06252	0.05336	0.46474	0.05680	0.02715	0.02135	0.01012	0.00800	0.00251	0.00737	0.00806	0.00893	0.01321
32	0.02377	0.01971	0.02009	0.01742	0.02250	0.05436	0.01370	0.14277	0.48050	0.06444	0.03035	0.02818	0.02250	0.01087	0.00838	0.00272	0.00746	0.00882	0.00830	0.01318
33	0.03727	0.01414	0.01928	0.01478	0.02121	0.01221	0.01221	0.04049	0.02378	0.66198	0.03277	0.02828	0.02056	0.01028	0.00835	0.00257	0.00707	0.00835	0.01028	0.01414
34	0.02212	0.01857	0.01961	0.01720	0.02216	0.02135	0.01350	0.12231	0.56067	0.03711	0.03196	0.02952	0.02386	0.01110	0.00843	0.00277	0.00692	0.00914	0.00843	0.01328
35	0.03344	0.01351	0.01787	0.01407	0.01982	0.01205	0.01150	0.03775	0.05373	0.54823	0.05672	0.02999	0.02315	0.01054	0.00818	0.00253	0.00663	0.00861	0.07843	0.01325
36	0.01158	0.00835	0.01127	0.01308	0.01434	0.00804	0.01020	0.01415	0.01754	0.02293	0.04717	0.39093	0.08600	0.02435	0.01095	0.00355	0.00607	0.28464	0.00768	0.00717
37	0.02221	0.71304	0.04353	0.01421	0.02132	0.03287	0.01421	0.02488	0.01688	0.01955	0.01155	0.01333	0.01066	0.00711	0.00533	0.00178	0.00888	0.00444	0.00355	0.01066
38	0.01208	0.00805	0.00906	0.00906	0.00906	0.00805	0.00503	0.01208	0.01208	0.01611	0.02618	0.05436	0.03020	0.70804	0.04228	0.00805	0.00805	0.01208	0.00503	0.00503
39	0.01208	0.00805	0.00906	0.00906	0.00906	0.00805	0.00503	0.01208	0.01208	0.01611	0.02618	0.05436	0.03020	0.70804	0.04228	0.00805	0.00805	0.01208	0.00503	0.00503
40	0.01961	0.02241	0.04902	0.03501	0.04342	0.02101	0.62605	0.02661	0.01961	0.02661	0.01681	0.02241	0.01261	0.00700	0.00980	0.00280	0.01401	0.00980	0.00420	0.01120
41	0.01012	0.00723	0.00964	0.01157	0.01205	0.00675	0.00771	0.01157	0.01591	0.02121	0.04579	0.70262	0.05495	0.02603	0.01060	0.00337	0.00482	0.02362	0.00771	0.00675
42	0.01208	0.00805	0.00906	0.00906	0.00906	0.00805	0.00503	0.01208	0.01208	0.01611	0.02618	0.05436	0.03020	0.70804	0.04228	0.00805	0.00805	0.01208	0.00503	0.00503
43	0.01176	0.00849	0.01110	0.01045	0.01241	0.00784	0.00784	0.01568	0.02352	0.03331	0.65184	0.06206	0.07839	0.01698	0.00980	0.00261	0.00392	0.01502	0.00914	0.00784
44	0.01723	0.01477	0.01723	0.01230	0.01969	0.01107	0.00984	0.02092	0.01723	0.02707	0.01477	0.01723	0.01230	0.00615	0.00615	0.00123	0.00615	0.00492	0.00492	0.75883
45	0.02221	0.71304	0.04353	0.01421	0.02132	0.03287	0.01421	0.02488	0.01688	0.01955	0.01155	0.01333	0.01066	0.00711	0.00533	0.00178	0.00888	0.00444	0.00355	0.01066
46	0.03103	0.03959	0.02354	0.02140	0.02568	0.67469	0.01605	0.03317	0.02354	0.02033	0.01284	0.01498	0.01070	0.00856	0.00749	0.00214	0.01498	0.00535	0.00428	0.00963
47	0.02123	0.00974	0.01169	0.01026	0.01351	0.00907	0.00802	0.02491	0.02031	0.21591	0.13447	0.03544	0.03074	0.01109	0.00723	0.00224	0.00481	0.00915	0.41055	0.00963
48	0.00982	0.00842	0.00842	0.00842	0.01122	0.00701	0.00631	0.01192	0.01894	0.02244	0.08416	0.07995	0.65285	0.02104	0.00982	0.00281	0.00421	0.01753	0.00771	0.00701
49	0.01949	0.02206	0.04710	0.03394	0.04166	0.02137	0.57662	0.02607	0.01905	0.02607	0.01633	0.02206	0.01247	0.00762	0.01122	0.00287	0.06920	0.00960	0.00416	0.01103
50	0.03059	0.03866	0.02334	0.02121	0.02551	0.64657	0.01593	0.03364	0.05010	0.02095	0.01374	0.01567	0.01133	0.00868	0.00753	0.00217	0.01462	0.00552	0.00446	0.00978
51	0.01339	0.00956	0.01339	0.01530	0.01721	0.00956	0.01339	0.01721	0.01912	0.02486	0.04399	0.09371	0.04781	0.02295	0.01147	0.00382	0.00765	0.60031	0.00765	0.00765
52	0.01176	0.00849	0.01110	0.01045	0.01241	0.00784	0.00784	0.01568	0.02352	0.03331	0.65184	0.06206	0.07839	0.01698	0.00980	0.00261	0.00392	0.01502	0.00914	0.00784
53	0.02113	0.01780	0.01890	0.01674	0.02146	0.02040	0.01309	0.09422	0.55344	0.03623	0.06714	0.03175	0.02733	0.01148	0.00852	0.00278	0.00665	0.00954	0.00848	0.01294
54	0.01961	0.02241	0.04902	0.03501	0.04342	0.02101	0.62605	0.02661	0.01961	0.02661	0.01681	0.02241	0.01261	0.00700	0.00980	0.00280	0.01401	0.00980	0.00420	0.01120
55	0.02066	0.01785	0.01878	0.01691	0.02160	0.02066	0.01315	0.04414	0.64121	0.03475	0.03381	0.03099	0.02536	0.01127	0.00845	0.00282	0.00657	0.00939	0.00845	0.01315
56	0.03103	0.03959	0.02354	0.02140	0.02568	0.67469	0.01605	0.03317	0.02354	0.02033	0.01284	0.01498	0.01070	0.00856	0.00749	0.00214	0.01498	0.00535	0.00428	0.00963
57	0.01339	0.00956	0.01339	0.01530	0.01721	0.00956	0.01339	0.01721	0.01912	0.02486	0.04399	0.09371	0.04781	0.02295	0.01147	0.00382	0.00765	0.60031	0.00765	0.00765
58	0.01187	0.00890	0.01335	0.01335	0.01483	0.01038	0.01038	0.01483	0.01335	0.01928	0.02225	0.03264	0.02077	0.06231	0.67512	0.01335	0.02225	0.00890	0.00445	0.00742
59	0.03727	0.01414	0.01928	0.01478	0.02121	0.01221	0.01221	0.04049	0.02378	0.66198	0.03277	0.02828	0.02056	0.01028	0.00835	0.00257	0.00707	0.00835	0.01028	0.01414
60	0.02056	0.01974	0.03372	0.05099	0.65622	0.01974	0.02550	0.02550	0.01892	0.02714	0.01563	0.02056	0.01316	0.00740	0.00822	0.00247	0.00987	0.00740	0.00411	0.01316
61	0.02056	0.01974	0.03372	0.05099	0.65622	0.01974	0.02550	0.02550	0.01892	0.02714	0.01563	0.02056	0.01316	0.00740	0.00822	0.00247	0.00987	0.00740	0.00411	0.01316
62	0.01201	0.00835	0.01058	0.01058	0.01111	0.00888	0.00693	0.01306	0.01253	0.01724	0.02478	0.04665	0.02685	0.47876	0.26699	0.00993	0.01310	0.01095	0.00483	0.00588
63	0.01961	0.02241	0.04902	0.03501	0.04342	0.02101	0.62605	0.02661	0.01961	0.02661	0.01681	0.02241	0.01261	0.00700	0.00980	0.00280	0.01401	0.00980	0.00420	0.01120
64	0.01700	0.08407	0.62689	0.02310	0.03506	0.02013	0.02968	0.02622	0.01750	0.02589	0.01470	0.01728	0.01053	0.00784	0.00774	0.00258	0.01207	0.00603	0.00351	0.01218
65	0.01569	0.01477	0.02492	0.68808	0.05722	0.01846	0.02307	0.02123	0.01661	0.02123	0.01477	0.02215	0.01107	0.00831	0.00831	0.00277	0.01107	0.00738	0.00369	0.00923
66	0.01207	0.00810	0.00930	0.00930	0.00938	0.00818	0.00533	0.01223	0.01215	0.01629	0.02596	0.05315	0.02967	0.67194	0.07767	0.00835	0.00885	0.01190	0.00500	0.00517
67	0.76672	0.01607	0.01221	0.01092	0.01607	0.01864	0.00900	0.02442	0.01414	0.03727	0.01157	0.01350	0.00900	0.00771	0.00514	0.00257	0.00643	0.00450	0.00514	0.00900
68	0.03158	0.02327	0.02493	0.01911	0.02576	0.02576	0.01579	0.62852	0.03906	0.05236	0.01995	0.01995	0.01413	0.00997	0.00831	0.00249	0.00914	0.00748	0.00831	0.01413
69	0.02105	0.57340	0.17304	0.01619	0.02437	0.03004	0.01765	0.02517	0.01702	0.02095	0.01225	0.01420	0.01063	0.00727	0.00586	0.00195	0.00959	0.00480	0.00354	0.01100
70	0.01722	0.11021	0.60263	0.02273	0.03449	0.02066	0.02904	0.02617	0.01747	0.02563	0.01457	0.01712	0.01054	0.00781	0.00764	0.00255	0.01194	0.00597	0.00351	0.01212
71	0.69372	0.01615	0.01287	0.01136	0.01645	0.01858	0.00933	0.05783	0.01593	0.03795	0.03909	0.01591	0.01222	0.00823	0.00552	0.00257	0.00647	0.00511	0.00549	0.00923
72	0.01443	0.00722	0.01082	0.01082	0.01082	0.00722	0.00722	0.01082	0.01082	0.01443	0.01443	0.02525	0.01443	0.02886	0.03247	0.75830	0.00722	0.00722	0.00361	0.00361
73	0.01710	0.01369	0.01821	0.26961	0.03161	0.01626	0.01502	0.02672	0.18348	0.02766	0.02330	0.02691	0.01791	0.00985	0.00866	0.00258	0.04586	0.00802	0.22769	0.00983
74	0.06020	0.02201	0.01934	0.01523	0.02163	0.18254	0.01197	0.08373	0.02082	0.02834	0.01462	0.01673	0.01191	0.00722	0.00665	0.00165	0.00872	0.00526	0.00510	0.45633
75	0.01176	0.00849	0.01110	0.01045	0.01241	0.00784	0.00784	0.01568	0.02352	0.03331	0.65184	0.06206	0.07839	0.01698	0.00980	0.00261	0.00392	0.01502	0.00914	0.00784
76	0.02066	0.01785	0.01878	0.01691	0.02160	0.02066	0.01315	0.04414	0.64121	0.03475	0.03381	0.03099	0.02536	0.01127	0.00845	0.00282	0.00657	0.00939	0.00845	0.01315
77	0.02811	0.01499	0.05449	0.01451	0.02043	0.01197	0.01226	0.03238	0.04815	0.40187	0.03101	0.12943	0.02419	0.01196	0.00834	0.00250	0.00686	0.01008	0.00859	0.12789
78	0.02842	0.02168	0.07087	0.02648	0.03386	0.01909	0.29480	0.05982	0.02280	0.25739	0.02453	0.02696	0.01752	0.01029	0.01075	0.00314	0.04137	0.00946	0.00731	0.01344
79	0.01893	0.04339	0.64091	0.02478	0.03682	0.02029	0.03083	0.02753	0.01885	0.02820	0.01720	0.02075	0.01279	0.00945	0.00885	0.00305	0.01283	0.00688	0.00434	0.01332
80	0.01563	0.01125	0.01479	0.01644	0.01857	0.01083	0.01390	0.01857	0.02036	0.02671	0.04683	0.09333	0.07417	0.02383	0.01222	0.00415	0.00824	0.55299	0.00832	0.00885
81	0.02257	0.02132	0.03325	0.11491	0.54780	0.04521	0.02523	0.02661	0.02011	0.02814	0.01770	0.02360	0.01502	0.00911	0.00915	0.00291	0.01083	0.00801	0.00488	0.01363

[dist]
# distance from previous block
# <min> <max>
0	13

[block]
# block no. 3 follows, 22 sequences, length 57
# corresponding to MSA columns:
# 477-533
name=unknown_D
#
# <colnr> <probs for GDERKNQSTAVLIFYWHMCP>
#	G	D	E	R	K	N	Q	S	T	A	V	L	I	F	Y	W	H	M	C	P
0	0.03854	0.01550	0.02048	0.01605	0.02247	0.01332	0.01296	0.04107	0.02470	0.64179	0.03416	0.03070	0.02219	0.01156	0.00917	0.00294	0.00773	0.00892	0.01077	0.01498
1	0.01421	0.00962	0.01062	0.01052	0.01074	0.00931	0.00603	0.01364	0.01341	0.01810	0.02778	0.05589	0.03150	0.68536	0.04194	0.00823	0.00868	0.01252	0.00571	0.00619
2	0.01232	0.00882	0.01118	0.01294	0.01363	0.00805	0.00862	0.01314	0.01710	0.02303	0.04672	0.68189	0.05539	0.02676	0.01134	0.00371	0.00555	0.02366	0.00829	0.00785
3	0.74295	0.01736	0.01366	0.01232	0.01750	0.01953	0.00986	0.02555	0.01540	0.03854	0.01368	0.01643	0.01102	0.00907	0.00607	0.00294	0.00711	0.00520	0.00581	0.01002
4	0.01419	0.00972	0.01114	0.01105	0.01145	0.00959	0.00668	0.01397	0.01356	0.01849	0.02730	0.05324	0.03035	0.60645	0.11926	0.00888	0.01041	0.01213	0.00564	0.00648
5	0.01401	0.01011	0.01274	0.01218	0.01429	0.00921	0.00910	0.01721	0.02417	0.03417	0.59275	0.06536	0.07606	0.01841	0.01067	0.00306	0.00493	0.05312	0.00958	0.00889
6	0.01606	0.01343	0.01393	0.01292	0.01668	0.01439	0.00994	0.02977	0.35285	0.02968	0.05289	0.05003	0.26910	0.01495	0.00879	0.00275	0.00545	0.01244	0.06357	0.01036
7	0.03158	0.02327	0.02493	0.01911	0.02576	0.02576	0.01579	0.62852	0.03906	0.05236	0.01995	0.01995	0.01413	0.00997	0.00831	0.00249	0.00914	0.00748	0.00831	0.01413
8	0.02066	0.01785	0.01878	0.01691	0.02160	0.02066	0.01315	0.04414	0.64121	0.03475	0.03381	0.03099	0.02536	0.01127	0.00845	0.00282	0.00657	0.00939	0.00845	0.01315
9	0.08620	0.02273	0.02399	0.01851	0.02504	0.02523	0.01529	0.58364	0.03721	0.05124	0.01932	0.01947	0.01375	0.00980	0.00807	0.00250	0.00894	0.00726	0.00807	0.01375
10	0.01154	0.00848	0.01080	0.01022	0.01228	0.00774	0.00766	0.01525	0.02299	0.03207	0.58713	0.06409	0.14387	0.01745	0.00980	0.00263	0.00395	0.01531	0.00898	0.00774
11	0.01981	0.01994	0.02726	0.02271	0.02404	0.05800	0.06807	0.06047	0.01554	0.02264	0.01207	0.01848	0.01124	0.01332	0.02360	0.00342	0.55837	0.00740	0.00402	0.00961
12	0.01584	0.01497	0.02495	0.64876	0.05513	0.01887	0.02278	0.02115	0.01638	0.02115	0.01454	0.02191	0.01106	0.00867	0.00942	0.00282	0.05131	0.00738	0.00369	0.00922
13	0.01549	0.00774	0.00774	0.00774	0.00968	0.00774	0.00581	0.01936	0.01742	0.03097	0.02710	0.03097	0.02129	0.00968	0.00581	0.00194	0.00387	0.00774	0.75416	0.00774
14	0.01666	0.04297	0.66500	0.02368	0.03596	0.01929	0.03069	0.02631	0.01754	0.02631	0.01491	0.01754	0.01052	0.00789	0.00789	0.00263	0.01228	0.00614	0.00351	0.01228
15	0.03158	0.02327	0.02493	0.01911	0.02576	0.02576	0.01579	0.62852	0.03906	0.05236	0.01995	0.01995	0.01413	0.00997	0.00831	0.00249	0.00914	0.00748	0.00831	0.01413
16	0.01176	0.00849	0.01110	0.01045	0.01241	0.00784	0.00784	0.01568	0.02352	0.03331	0.65184	0.06206	0.07839	0.01698	0.00980	0.00261	0.00392	0.01502	0.00914	0.00784
17	0.01012	0.00723	0.00964	0.01157	0.01205	0.00675	0.00771	0.01157	0.01591	0.02121	0.04579	0.70262	0.05495	0.02603	0.01060	0.00337	0.00482	0.02362	0.00771	0.00675
18	0.03158	0.02327	0.02493	0.01911	0.02576	0.02576	0.01579	0.62852	0.03906	0.05236	0.01995	0.01995	0.01413	0.00997	0.00831	0.00249	0.00914	0.00748	0.00831	0.01413
19	0.00982	0.00842	0.00842	0.00842	0.01122	0.00701	0.00631	0.01192	0.01894	0.02244	0.08416	0.07995	0.65285	0.02104	0.00982	0.00281	0.00421	0.01753	0.00771	0.00701
20	0.01443	0.00722	0.01082	0.01082	0.01082	0.00722	0.00722	0.01082	0.01082	0.01443	0.01443	0.02525	0.01443	0.02886	0.03247	0.75830	0.00722	0.00722	0.00361	0.00361
21	0.03158	0.02327	0.02493	0.01911	0.02576	0.02576	0.01579	0.62852	0.03906	0.05236	0.01995	0.01995	0.01413	0.00997	0.00831	0.00249	0.00914	0.00748	0.00831	0.01413
22	0.06519	0.02258	0.02394	0.01859	0.02504	0.02510	0.01530	0.56262	0.07674	0.05052	0.02045	0.02036	0.01461	0.00995	0.00817	0.00252	0.00885	0.00746	0.00817	0.01383
23	0.76672	0.01607	0.01221	0.01092	0.01607	0.01864	0.00900	0.02442	0.01414	0.03727	0.01157	0.01350	0.00900	0.00771	0.00514	0.00257	0.00643	0.00450	0.00514	0.00900
24	0.01208	0.00805	0.00906	0.00906	0.00906	0.00805	0.00503	0.01208	0.01208	0.01611	0.02618	0.05436	0.03020	0.70804	0.04228	0.00805	0.00805	0.01208	0.00503	0.00503
25	0.01208	0.00805	0.00906	0.00906	0.00906	0.00805	0.00503	0.01208	0.01208	0.01611	0.02618	0.05436	0.03020	0.70804	0.04228	0.00805	0.00805	0.01208	0.00503	0.00503
26	0.12959	0.02231	0.02324	0.01802	0.02447	0.02481	0.01488	0.54799	0.03574	0.05035	0.01883	0.01909	0.01344	0.00967	0.00789	0.00250	0.00878	0.00708	0.00789	0.01344
27	0.03103	0.03959	0.02354	0.02140	0.02568	0.67469	0.01605	0.03317	0.02354	0.02033	0.01284	0.01498	0.01070	0.00856	0.00749	0.00214	0.01498	0.00535	0.00428	0.00963
28	0.01652	0.01606	0.02850	0.56262	0.09837	0.01886	0.09701	0.02219	0.01714	0.02231	0.01508	0.02207	0.01141	0.00808	0.00848	0.00275	0.01135	0.00768	0.00378	0.00975
29	0.03158	0.02327	0.02493	0.01911	0.02576	0.02576	0.01579	0.62852	0.03906	0.05236	0.01995	0.01995	0.01413	0.00997	0.00831	0.00249	0.00914	0.00748	0.00831	0.01413
30	0.00982	0.00842	0.00842	0.00842	0.01122	0.00701	0.00631	0.01192	0.01894	0.02244	0.08416	0.07995	0.65285	0.02104	0.00982	0.00281	0.00421	0.01753	0.00771	0.00701
31	0.03629	0.01436	0.01925	0.01491	0.02123	0.01271	0.01227	0.04070	0.06022	0.62496	0.03284	0.02844	0.02085	0.01034	0.00836	0.00259	0.00704	0.00842	0.01017	0.01408
32	0.01065	0.00779	0.01020	0.01162	0.01262	0.00707	0.00787	0.01226	0.01600	0.02164	0.04348	0.65170	0.05178	0.02455	0.01027	0.00321	0.00492	0.02223	0.00750	0.06263
33	0.01943	0.01856	0.03126	0.09528	0.56559	0.01873	0.02394	0.02421	0.01875	0.02636	0.02046	0.02493	0.05876	0.00844	0.00834	0.00251	0.00955	0.00813	0.00434	0.01243
34	0.01339	0.00956	0.01339	0.01530	0.01721	0.00956	0.01339	0.01721	0.01912	0.02486	0.04399	0.09371	0.04781	0.02295	0.01147	0.00382	0.00765	0.60031	0.00765	0.00765
35	0.06308	0.02257	0.02393	0.01860	0.02504	0.02508	0.01530	0.56020	0.08103	0.05043	0.02057	0.02045	0.01471	0.00997	0.00818	0.00252	0.00884	0.00749	0.00818	0.01383
36	0.01961	0.02241	0.04902	0.03501	0.04342	0.02101	0.62605	0.02661	0.01961	0.02661	0.01681	0.02241	0.01261	0.00700	0.00980	0.00280	0.01401	0.00980	0.00420	0.01120
37	0.08213	0.01780	0.02101	0.01621	0.02264	0.01788	0.01339	0.26743	0.02908	0.38532	0.02643	0.02409	0.01732	0.01000	0.00813	0.00254	0.00783	0.00777	0.00919	0.01380
38	0.01569	0.01477	0.02492	0.68808	0.05722	0.01846	0.02307	0.02123	0.01661	0.02123	0.01477	0.02215	0.01107	0.00831	0.00831	0.00277	0.01107	0.00738	0.00369	0.00923
39	0.01208	0.00805	0.00906	0.00906	0.00906	0.00805	0.00503	0.01208	0.01208	0.01611	0.02618	0.05436	0.03020	0.70804	0.04228	0.00805	0.00805	0.01208	0.00503	0.00503
40	0.01666	0.04297	0.66500	0.02368	0.03596	0.01929	0.03069	0.02631	0.01754	0.02631	0.01491	0.01754	0.01052	0.00789	0.00789	0.00263	0.01228	0.00614	0.00351	0.01228
41	0.02056	0.01974	0.03372	0.05099	0.65622	0.01974	0.02550	0.02550	0.01892	0.02714	0.01563	0.02056	0.01316	0.00740	0.00822	0.00247	0.00987	0.00740	0.00411	0.01316
42	0.00982	0.00842	0.00842	0.00842	0.01122	0.00701	0.00631	0.01192	0.01894	0.02244	0.08416	0.07995	0.65285	0.02104	0.00982	0.00281	0.00421	0.01753	0.00771	0.00701
43	0.01012	0.00723	0.00964	0.01157	0.01205	0.00675	0.00771	0.01157	0.01591	0.02121	0.04579	0.70262	0.05495	0.02603	0.01060	0.00337	0.00482	0.02362	0.00771	0.00675
44	0.02056	0.01974	0.03372	0.05099	0.65622	0.01974	0.02550	0.02550	0.01892	0.02714	0.01563	0.02056	0.01316	0.00740	0.00822	0.00247	0.00987	0.00740	0.00411	0.01316
45	0.01187	0.00890	0.01335	0.01335	0.01483	0.01038	0.01038	0.01483	0.01335	0.01928	0.02225	0.03264	0.02077	0.06231	0.67512	0.01335	0.02225	0.00890	0.00445	0.00742
46	0.01208	0.00805	0.00906	0.00906	0.00906	0.00805	0.00503	0.01208	0.01208	0.01611	0.02618	0.05436	0.03020	0.70804	0.04228	0.00805	0.00805	0.01208	0.00503	0.00503
47	0.01818	0.01818	0.02545	0.02181	0.02181	0.02545	0.01818	0.01999	0.01272	0.01999	0.01091	0.01818	0.01091	0.01454	0.02726	0.00364	0.69284	0.00727	0.00364	0.00909
48	0.01006	0.00843	0.00875	0.00867	0.01137	0.00712	0.00650	0.01239	0.01951	0.02380	0.15510	0.07771	0.58106	0.02053	0.00982	0.00278	0.00417	0.01722	0.00789	0.00712
49	0.01176	0.00849	0.01110	0.01045	0.01241	0.00784	0.00784	0.01568	0.02352	0.03331	0.65184	0.06206	0.07839	0.01698	0.00980	0.00261	0.00392	0.01502	0.00914	0.00784
50	0.03727	0.01414	0.01928	0.01478	0.02121	0.01221	0.01221	0.04049	0.02378	0.66198	0.03277	0.02828	0.02056	0.01028	0.00835	0.00257	0.00707	0.00835	0.01028	0.01414
51	0.01208	0.00805	0.00906	0.00906	0.00906	0.00805	0.00503	0.01208	0.01208	0.01611	0.02618	0.05436	0.03020	0.70804	0.04228	0.00805	0.00805	0.01208	0.00503	0.00503
52	0.01569	0.01477	0.02492	0.68808	0.05722	0.01846	0.02307	0.02123	0.01661	0.02123	0.01477	0.02215	0.01107	0.00831	0.00831	0.00277	0.01107	0.00738	0.00369	0.00923
53	0.02390	0.01872	0.02081	0.01547	0.02251	0.01790	0.01261	0.30342	0.02738	0.03883	0.01717	0.01849	0.01315	0.00793	0.00716	0.00182	0.00754	0.00611	0.00650	0.41258
54	0.03158	0.02327	0.02493	0.01911	0.02576	0.02576	0.01579	0.62852	0.03906	0.05236	0.01995	0.01995	0.01413	0.00997	0.00831	0.00249	0.00914	0.00748	0.00831	0.01413
55	0.01939	0.02176	0.04543	0.03300	0.04013	0.02168	0.53346	0.02560	0.01856	0.02560	0.01591	0.02176	0.01235	0.00815	0.01246	0.00293	0.11740	0.00942	0.00412	0.01088
56	0.71455	0.01593	0.01272	0.01120	0.01643	0.01818	0.00923	0.02557	0.01483	0.08195	0.01308	0.01455	0.00982	0.00790	0.00537	0.00257	0.00647	0.00477	0.00551	0.00936

[dist]
# distance from previous block
# <min> <max>
0	1

[block]
# block no. 4 follows, 22 sequences, length 20
# corresponding to MSA columns:
# 535-554
name=unknown_E
#
# <colnr> <probs for GDERKNQSTAVLIFYWHMCP>
#	G	D	E	R	K	N	Q	S	T	A	V	L	I	F	Y	W	H	M	C	P
0	0.03124	0.03332	0.02408	0.02052	0.02571	0.42515	0.01595	0.26211	0.02951	0.03265	0.01557	0.01689	0.01202	0.00910	0.00781	0.00228	0.01274	0.00617	0.00583	0.01136
1	0.01949	0.02207	0.04716	0.03397	0.04171	0.02136	0.57802	0.02609	0.01906	0.02609	0.01634	0.02207	0.01247	0.00760	0.01118	0.00287	0.06765	0.00960	0.00416	0.01104
2	0.76672	0.01607	0.01221	0.01092	0.01607	0.01864	0.00900	0.02442	0.01414	0.03727	0.01157	0.01350	0.00900	0.00771	0.00514	0.00257	0.00643	0.00450	0.00514	0.00900
3	0.01012	0.00723	0.00964	0.01157	0.01205	0.00675	0.00771	0.01157	0.01591	0.02121	0.04579	0.70262	0.05495	0.02603	0.01060	0.00337	0.00482	0.02362	0.00771	0.00675
4	0.01187	0.00890	0.01335	0.01335	0.01483	0.01038	0.01038	0.01483	0.01335	0.01928	0.02225	0.03264	0.02077	0.06231	0.67512	0.01335	0.02225	0.00890	0.00445	0.00742
5	0.02056	0.01974	0.03372	0.05099	0.65622	0.01974	0.02550	0.02550	0.01892	0.02714	0.01563	0.02056	0.01316	0.00740	0.00822	0.00247	0.00987	0.00740	0.00411	0.01316
6	0.00982	0.00842	0.00842	0.00842	0.01122	0.00701	0.00631	0.01192	0.01894	0.02244	0.08416	0.07995	0.65285	0.02104	0.00982	0.00281	0.00421	0.01753	0.00771	0.00701
7	0.01961	0.02241	0.04902	0.03501	0.04342	0.02101	0.62605	0.02661	0.01961	0.02661	0.01681	0.02241	0.01261	0.00700	0.00980	0.00280	0.01401	0.00980	0.00420	0.01120
8	0.01723	0.01477	0.01723	0.01230	0.01969	0.01107	0.00984	0.02092	0.01723	0.02707	0.01477	0.01723	0.01230	0.00615	0.00615	0.00123	0.00615	0.00492	0.00492	0.75883
9	0.01208	0.00805	0.00906	0.00906	0.00906	0.00805	0.00503	0.01208	0.01208	0.01611	0.02618	0.05436	0.03020	0.70804	0.04228	0.00805	0.00805	0.01208	0.00503	0.00503
10	0.01012	0.00723	0.00964	0.01157	0.01205	0.00675	0.00771	0.01157	0.01591	0.02121	0.04579	0.70262	0.05495	0.02603	0.01060	0.00337	0.00482	0.02362	0.00771	0.00675
11	0.02189	0.67396	0.07978	0.01477	0.02218	0.03208	0.01518	0.02496	0.01692	0.01994	0.01175	0.01357	0.01065	0.00715	0.00548	0.00183	0.00908	0.00454	0.00355	0.01076
12	0.02900	0.02102	0.02256	0.01768	0.02357	0.02313	0.01445	0.54073	0.03588	0.04880	0.02191	0.05535	0.01685	0.01075	0.00819	0.00249	0.00843	0.00832	0.07773	0.01316
13	0.01012	0.00723	0.00964	0.01157	0.01205	0.00675	0.00771	0.01157	0.01591	0.02121	0.04579	0.70262	0.05495	0.02603	0.01060	0.00337	0.00482	0.02362	0.00771	0.00675
14	0.01968	0.02221	0.04791	0.03617	0.08794	0.02092	0.58242	0.02653	0.01956	0.02665	0.01672	0.02227	0.01265	0.00703	0.00969	0.00278	0.01371	0.00963	0.00420	0.01135
15	0.01961	0.02241	0.04902	0.03501	0.04342	0.02101	0.62605	0.02661	0.01961	0.02661	0.01681	0.02241	0.01261	0.00700	0.00980	0.00280	0.01401	0.00980	0.00420	0.01120
16	0.03086	0.02044	0.02275	0.01777	0.02390	0.02194	0.01454	0.47897	0.03461	0.15440	0.02419	0.07532	0.01846	0.01129	0.00850	0.00258	0.00844	0.00890	0.00860	0.01355
17	0.01190	0.00798	0.00911	0.00929	0.00934	0.00793	0.00528	0.01203	0.01244	0.01658	0.02800	0.11473	0.03251	0.64454	0.03933	0.00762	0.00775	0.01316	0.00528	0.00519
18	0.18141	0.02271	0.06823	0.01755	0.02411	0.02334	0.01522	0.40550	0.08842	0.04571	0.01914	0.01947	0.01385	0.00948	0.00764	0.00255	0.00857	0.00694	0.00732	0.01284
19	0.01621	0.00905	0.00969	0.00924	0.01129	0.00958	0.00710	0.04898	0.01805	0.03091	0.02575	0.02992	0.02043	0.01262	0.04127	0.00263	0.03702	0.00777	0.64437	0.00810

[dist]
# distance from previous block
# <min> <max>
0	1

[block]
# block no. 5 follows, 22 sequences, length 53
# corresponding to MSA columns:
# 556-608
name=unknown_F
#
# <colnr> <probs for GDERKNQSTAVLIFYWHMCP>
#	G	D	E	R	K	N	Q	S	T	A	V	L	I	F	Y	W	H	M	C	P
0	0.02339	0.01795	0.01940	0.01689	0.02194	0.02025	0.01329	0.09702	0.52190	0.10181	0.03244	0.02970	0.02384	0.01105	0.00843	0.00276	0.00686	0.00911	0.00863	0.01334
1	0.01208	0.00805	0.00906	0.00906	0.00906	0.00805	0.00503	0.01208	0.01208	0.01611	0.02618	0.05436	0.03020	0.70804	0.04228	0.00805	0.00805	0.01208	0.00503	0.00503
2	0.01601	0.01509	0.02550	0.64600	0.09678	0.01854	0.02323	0.02151	0.01676	0.02162	0.01482	0.02204	0.01121	0.00825	0.00830	0.00275	0.01099	0.00738	0.00372	0.00949
3	0.01723	0.01477	0.01723	0.01230	0.01969	0.01107	0.00984	0.02092	0.01723	0.02707	0.01477	0.01723	0.01230	0.00615	0.00615	0.00123	0.00615	0.00492	0.00492	0.75883
4	0.03158	0.02327	0.02493	0.01911	0.02576	0.02576	0.01579	0.62852	0.03906	0.05236	0.01995	0.01995	0.01413	0.00997	0.00831	0.00249	0.00914	0.00748	0.00831	0.01413
5	0.01961	0.02241	0.04902	0.03501	0.04342	0.02101	0.62605	0.02661	0.01961	0.02661	0.01681	0.02241	0.01261	0.00700	0.00980	0.00280	0.01401	0.00980	0.00420	0.01120
6	0.02066	0.01785	0.01878	0.01691	0.02160	0.02066	0.01315	0.04414	0.64121	0.03475	0.03381	0.03099	0.02536	0.01127	0.00845	0.00282	0.00657	0.00939	0.00845	0.01315
